{
  "X": [
    [0, 27, 42, 3],
    [0, 10, 19, 2],
    [1, 23, 21, 1],
    [0, 11, 17, 2],
    [4, 25, 33, 1],
    [0, 15, 27, 2],
    [0, 18, 36, 2],
    [1, 26, 33, 1],
    [3, 16, 22, 1],
    [0, 8, 10, 0],
    [1, 21, 23, 0],
    [0, 6, 5, 1],
    [0, 5, 11, 1],
    [0, 9, 7, 0],
    [1, 9, 6, 0],
    [1, 12, 12, 1],
    [0, 26, 32, 1],
    [0, 19, 18, 2],
    [0, 6, 2, 1],
    [0, 10, 12, 1],
    [0, 3, 6, 0],
    [0, 7, 1, 1],
    [1, 8, 8, 2],
    [1, 9, 7, 0],
    [1, 22, 26, 1],
    [6, 8, 8, 1],
    [1, 6, 8, 4],
    [0, 3, 5, 1],
    [2, 19, 15, 0],
    [0, 5, 8, 0],
    [1, 10, 15, 2],
    [0, 4, 4, 1],
    [0, 2, 4, 1],
    [0, 3, 10, 0],
    [0, 5, 7, 2],
    [3, 6, 6, 0],
    [0, 6, 4, 0],
    [0, 11, 10, 0],
    [1, 5, 17, 1],
    [0, 17, 15, 2],
    [0, 14, 21, 3],
    [0, 9, 15, 2],
    [0, 9, 10, 1],
    [0, 10, 8, 3],
    [0, 5, 4, 0],
    [0, 6, 5, 1],
    [0, 3, 4, 0],
    [0, 4, 3, 0],
    [0, 5, 4, 2],
    [0, 2, 4, 0],
    [0, 23, 42, 2],
    [4, 43, 59, 4],
    [0, 15, 30, 3],
    [9, 63, 106, 11],
    [7, 47, 60, 7],
    [3, 31, 39, 3],
    [2, 47, 53, 8],
    [3, 39, 49, 9],
    [3, 46, 69, 4],
    [6, 44, 42, 5],
    [5, 51, 82, 15],
    [5, 48, 65, 5],
    [0, 3, 7, 1],
    [0, 37, 57, 9],
    [3, 19, 39, 2],
    [1, 54, 64, 5],
    [2, 35, 32, 6],
    [4, 26, 53, 5],
    [5, 49, 71, 4],
    [5, 64, 72, 4],
    [6, 37, 53, 0],
    [4, 42, 63, 5],
    [0, 25, 37, 4],
    [1, 14, 17, 0],
    [1, 33, 55, 7],
    [3, 22, 51, 0],
    [7, 53, 70, 4],
    [8, 16, 10, 2],
    [1, 2, 3, 4],
    [9, 19, 18, 4],
    [12, 47, 61, 1],
    [8, 46, 43, 5],
    [1, 5, 4, 0],
    [7, 45, 63, 3],
    [12, 47, 60, 2],
    [9, 60, 61, 5],
    [11, 55, 68, 3],
    [1, 48, 66, 4],
    [7, 67, 75, 12],
    [6, 43, 73, 6],
    [5, 29, 27, 1],
    [4, 29, 55, 5],
    [4, 27, 44, 3],
    [5, 47, 50, 4],
    [1, 18, 30, 1],
    [1, 40, 42, 4],
    [2, 11, 16, 1],
    [2, 22, 22, 4],
    [5, 38, 70, 12],
    [4, 17, 18, 5],
    [1, 12, 12, 1],
    [0, 7, 17, 4],
    [7, 58, 70, 5],
    [5, 42, 80, 5],
    [1, 8, 19, 1],
    [3, 69, 97, 6],
    [6, 81, 78, 5],
    [1, 28, 43, 3],
    [10, 102, 98, 10],
    [1, 78, 119, 4],
    [2, 58, 57, 8],
    [0, 11, 9, 0],
    [9, 118, 165, 13],
    [0, 22, 25, 7],
    [4, 26, 33, 2],
    [4, 57, 96, 5],
    [7, 56, 84, 15],
    [12, 87, 123, 22],
    [4, 85, 125, 6],
    [4, 36, 75, 14],
    [6, 32, 48, 6],
    [7, 50, 70, 6],
    [1, 48, 82, 12],
    [8, 57, 120, 9],
    [2, 62, 59, 3],
    [8, 87, 107, 12],
    [4, 61, 66, 6],
    [0, 15, 20, 3],
    [2, 9, 12, 4],
    [2, 17, 12, 1],
    [0, 4, 10, 0],
    [3, 44, 42, 4],
    [5, 77, 88, 6],
    [12, 38, 48, 2],
    [3, 7, 9, 1],
    [3, 49, 32, 1],
    [4, 13, 19, 2],
    [0, 23, 32, 1],
    [1, 8, 12, 1],
    [0, 24, 23, 4],
    [6, 24, 32, 4],
    [3, 30, 25, 3],
    [1, 40, 45, 7],
    [1, 34, 34, 2],
    [4, 82, 23, 1],
    [5, 40, 54, 6],
    [1, 13, 23, 3],
    [3, 23, 44, 5],
    [0, 30, 33, 1],
    [1, 28, 31, 0],
    [6, 57, 57, 3],
    [0, 5, 10, 3],
    [1, 13, 4, 1],
    [1, 6, 5, 0],
    [0, 22, 37, 0],
    [0, 8, 24, 1],
    [0, 6, 12, 2],
    [0, 14, 22, 0],
    [0, 9, 12, 1],
    [3, 18, 33, 3],
    [1, 13, 14, 1],
    [0, 5, 3, 0],
    [2, 9, 22, 1],
    [0, 10, 9, 1],
    [1, 8, 8, 0],
    [3, 16, 12, 3],
    [1, 3, 9, 0],
    [4, 33, 23, 2],
    [0, 14, 7, 0],
    [0, 26, 35, 3],
    [1, 14, 14, 1],
    [2, 14, 25, 3],
    [1, 18, 19, 1],
    [0, 17, 19, 1],
    [0, 12, 9, 1],
    [0, 3, 7, 0],
    [0, 5, 7, 0],
    [1, 9, 15, 4],
    [1, 1, 5, 2],
    [0, 14, 9, 0],
    [0, 15, 18, 2],
    [2, 4, 8, 1],
    [0, 7, 11, 0],
    [2, 17, 37, 1],
    [1, 9, 9, 3],
    [1, 10, 19, 2],
    [0, 10, 13, 1],
    [0, 26, 39, 1],
    [0, 23, 17, 1],
    [0, 8, 6, 0],
    [1, 18, 22, 3],
    [5, 36, 44, 8],
    [1, 12, 7, 2],
    [1, 17, 7, 1],
    [2, 16, 17, 4],
    [0, 5, 4, 0],
    [1, 12, 23, 2],
    [1, 13, 8, 1],
    [2, 6, 4, 0],
    [0, 13, 4, 1],
    [0, 17, 15, 0],
    [0, 10, 10, 3],
    [3, 23, 22, 2],
    [0, 21, 11, 4],
    [2, 31, 17, 5],
    [1, 16, 8, 5],
    [0, 4, 4, 0],
    [1, 11, 4, 3],
    [1, 3, 3, 0],
    [0, 11, 6, 2],
    [0, 23, 25, 0],
    [1, 38, 19, 4],
    [0, 2, 9, 0],
    [0, 32, 23, 1],
    [4, 18, 21, 1],
    [0, 14, 13, 0],
    [0, 9, 6, 1],
    [3, 18, 24, 2],
    [0, 5, 10, 3],
    [0, 3, 4, 0],
    [1, 8, 16, 2],
    [0, 6, 4, 0],
    [0, 5, 2, 2],
    [2, 5, 4, 3],
    [2, 6, 4, 0],
    [0, 2, 8, 1],
    [0, 9, 10, 2],
    [0, 12, 13, 1],
    [1, 13, 10, 0],
    [1, 5, 5, 0],
    [0, 4, 4, 0],
    [2, 11, 22, 0],
    [2, 8, 11, 2],
    [0, 21, 21, 0],
    [1, 20, 28, 0],
    [1, 10, 6, 2],
    [0, 18, 23, 1],
    [3, 13, 13, 0],
    [4, 29, 24, 1],
    [0, 5, 6, 3],
    [6, 13, 18, 2],
    [3, 43, 38, 0],
    [8, 52, 37, 5],
    [1, 28, 28, 4],
    [1, 10, 12, 2],
    [2, 57, 63, 1],
    [0, 4, 1, 1],
    [2, 21, 17, 3],
    [0, 4, 5, 1],
    [1, 5, 8, 3],
    [1, 12, 15, 1],
    [0, 12, 10, 1],
    [0, 5, 3, 0],
    [1, 9, 13, 2],
    [1, 14, 23, 1],
    [0, 8, 8, 1],
    [1, 65, 115, 6],
    [0, 7, 23, 0],
    [0, 35, 30, 5],
    [11, 53, 47, 7],
    [1, 20, 21, 0],
    [0, 11, 10, 0],
    [6, 26, 23, 3],
    [3, 58, 58, 2],
    [9, 60, 74, 7],
    [0, 5, 1, 0],
    [0, 4, 4, 0],
    [0, 7, 14, 2],
    [0, 34, 30, 2],
    [0, 8, 21, 3],
    [2, 27, 25, 1],
    [0, 4, 8, 0],
    [1, 29, 27, 4],
    [2, 32, 29, 6],
    [3, 24, 22, 3],
    [2, 38, 42, 5],
    [1, 7, 60, 0],
    [1, 10, 7, 3],
    [0, 11, 11, 3],
    [0, 5, 8, 1],
    [2, 32, 15, 2],
    [3, 15, 9, 2],
    [1, 8, 3, 1],
    [0, 4, 4, 0],
    [3, 35, 42, 1],
    [0, 21, 13, 2],
    [26, 345, 451, 47],
    [9, 80, 101, 7],
    [45, 793, 1298, 101],
    [11, 63, 41, 3]
  ],
  "W": [
    [9, 37, 21, 2, 2, 1],
    [6, 11, 9, 3, 1, 1],
    [3, 31, 8, 1, 1, 2],
    [4, 13, 8, 3, 0, 2],
    [3, 36, 15, 3, 2, 4],
    [3, 23, 8, 8, 0, 2],
    [6, 30, 17, 3, 0, 0],
    [4, 39, 13, 3, 1, 1],
    [7, 17, 12, 0, 4, 2],
    [3, 11, 0, 2, 1, 1],
    [11, 25, 5, 2, 0, 2],
    [1, 7, 2, 1, 0, 1],
    [3, 5, 4, 4, 1, 0],
    [0, 9, 5, 2, 0, 0],
    [0, 12, 2, 1, 0, 1],
    [2, 10, 9, 2, 3, 0],
    [4, 35, 11, 5, 2, 2],
    [2, 23, 5, 4, 4, 1],
    [0, 6, 1, 1, 1, 0],
    [2, 14, 5, 0, 1, 1],
    [2, 4, 2, 1, 0, 0],
    [0, 4, 1, 3, 1, 0],
    [0, 16, 2, 0, 0, 1],
    [1, 10, 4, 1, 1, 0],
    [3, 34, 10, 1, 0, 2],
    [2, 6, 5, 1, 4, 5],
    [1, 4, 4, 7, 2, 1],
    [1, 4, 1, 1, 2, 0],
    [1, 19, 7, 3, 5, 1],
    [2, 5, 3, 3, 0, 0],
    [1, 9, 11, 3, 1, 3],
    [0, 5, 0, 3, 1, 0],
    [1, 0, 2, 3, 1, 0],
    [3, 3, 5, 1, 1, 0],
    [0, 7, 6, 1, 0, 0],
    [0, 6, 2, 4, 1, 2],
    [0, 8, 2, 0, 0, 0],
    [1, 15, 2, 3, 0, 0],
    [7, 10, 3, 0, 2, 2],
    [0, 21, 7, 3, 3, 0],
    [6, 14, 13, 3, 0, 2],
    [3, 15, 3, 5, 0, 0],
    [1, 11, 2, 3, 2, 1],
    [3, 11, 0, 7, 0, 0],
    [0, 6, 1, 1, 1, 0],
    [0, 7, 1, 2, 2, 0],
    [0, 3, 2, 0, 1, 1],
    [0, 6, 0, 0, 1, 0],
    [0, 4, 2, 3, 1, 1],
    [0, 3, 1, 1, 0, 1],
    [1, 35, 28, 0, 1, 2],
    [2, 61, 33, 2, 2, 10],
    [1, 34, 9, 0, 1, 3],
    [2, 86, 67, 5, 17, 12],
    [2, 63, 29, 9, 9, 9],
    [3, 46, 17, 0, 7, 3],
    [1, 66, 31, 2, 3, 7],
    [1, 57, 31, 1, 3, 7],
    [5, 67, 37, 1, 7, 5],
    [1, 53, 34, 1, 2, 6],
    [2, 71, 65, 4, 5, 6],
    [1, 67, 39, 0, 7, 9],
    [0, 5, 5, 1, 0, 0],
    [2, 53, 42, 2, 2, 2],
    [0, 28, 27, 0, 3, 5],
    [0, 77, 37, 1, 5, 4],
    [1, 40, 20, 3, 7, 4],
    [1, 51, 21, 1, 8, 6],
    [1, 68, 48, 0, 5, 7],
    [0, 91, 41, 0, 6, 7],
    [0, 49, 36, 4, 3, 4],
    [5, 64, 30, 1, 8, 6],
    [3, 42, 17, 0, 3, 1],
    [1, 13, 11, 4, 1, 2],
    [1, 47, 33, 1, 12, 2],
    [1, 42, 17, 6, 6, 4],
    [2, 76, 32, 3, 12, 9],
    [2, 17, 2, 3, 1, 11],
    [0, 2, 1, 3, 2, 2],
    [1, 17, 6, 12, 2, 12],
    [0, 68, 30, 3, 5, 15],
    [0, 60, 27, 2, 2, 11],
    [0, 3, 2, 1, 1, 3],
    [0, 58, 44, 0, 6, 10],
    [0, 68, 30, 3, 5, 15],
    [3, 77, 35, 0, 7, 13],
    [0, 77, 45, 0, 4, 11],
    [2, 60, 48, 1, 3, 5],
    [3, 100, 37, 0, 9, 12],
    [1, 60, 51, 1, 5, 10],
    [0, 34, 25, 1, 1, 1],
    [1, 53, 32, 0, 0, 7],
    [0, 38, 28, 3, 6, 3],
    [7, 52, 27, 4, 8, 8],
    [1, 23, 19, 1, 3, 3],
    [2, 42, 25, 2, 9, 7],
    [0, 16, 9, 1, 1, 3],
    [2, 28, 14, 2, 1, 3],
    [5, 73, 30, 2, 7, 8],
    [2, 25, 7, 2, 3, 5],
    [1, 13, 10, 1, 1, 0],
    [0, 10, 10, 1, 5, 2],
    [8, 74, 35, 7, 4, 12],
    [4, 62, 41, 9, 7, 9],
    [0, 18, 7, 0, 2, 2],
    [2, 86, 59, 5, 14, 9],
    [1, 113, 38, 3, 8, 7],
    [0, 39, 21, 5, 5, 5],
    [3, 128, 52, 4, 12, 21],
    [0, 119, 72, 3, 3, 5],
    [4, 79, 28, 2, 6, 6],
    [1, 13, 3, 1, 2, 0],
    [7, 178, 96, 4, 8, 12],
    [0, 34, 16, 0, 3, 1],
    [1, 37, 14, 4, 4, 5],
    [2, 87, 62, 3, 1, 7],
    [7, 77, 47, 6, 18, 7],
    [4, 140, 66, 3, 10, 21],
    [0, 122, 71, 2, 14, 11],
    [2, 77, 38, 1, 5, 6],
    [1, 53, 21, 1, 3, 13],
    [1, 64, 47, 5, 5, 11],
    [1, 70, 55, 1, 11, 5],
    [2, 108, 64, 3, 10, 7],
    [1, 70, 39, 1, 9, 6],
    [9, 127, 48, 5, 13, 12],
    [1, 86, 38, 0, 5, 7],
    [1, 23, 3, 9, 1, 1],
    [0, 15, 3, 2, 5, 2],
    [3, 17, 6, 3, 2, 1],
    [0, 6, 2, 5, 1, 0],
    [7, 52, 15, 6, 6, 7],
    [1, 98, 56, 1, 9, 11],
    [2, 45, 28, 2, 8, 15],
    [0, 10, 5, 2, 0, 3],
    [1, 61, 12, 2, 2, 7],
    [2, 17, 10, 1, 4, 4],
    [3, 33, 15, 2, 2, 1],
    [2, 9, 6, 3, 0, 2],
    [0, 32, 11, 0, 4, 4],
    [1, 34, 15, 4, 2, 10],
    [2, 34, 16, 0, 3, 6],
    [1, 54, 22, 2, 3, 11],
    [3, 48, 13, 0, 4, 3],
    [2, 55, 43, 2, 6, 2],
    [0, 65, 28, 1, 5, 6],
    [2, 22, 11, 2, 0, 3],
    [2, 45, 16, 4, 2, 6],
    [3, 34, 21, 3, 2, 1],
    [2, 29, 20, 1, 7, 1],
    [2, 75, 34, 3, 3, 6],
    [2, 9, 1, 6, 0, 0],
    [3, 14, 0, 2, 0, 0],
    [2, 6, 2, 1, 1, 0],
    [15, 28, 10, 3, 3, 0],
    [7, 18, 7, 0, 1, 0],
    [1, 11, 4, 0, 2, 2],
    [4, 19, 7, 1, 3, 2],
    [2, 14, 4, 1, 1, 0],
    [10, 28, 13, 1, 2, 3],
    [2, 18, 6, 1, 0, 2],
    [1, 3, 1, 2, 1, 0],
    [3, 13, 9, 2, 4, 3],
    [0, 14, 3, 2, 0, 1],
    [4, 5, 4, 1, 1, 2],
    [1, 18, 4, 7, 1, 3],
    [2, 7, 4, 0, 0, 0],
    [2, 41, 12, 1, 3, 3],
    [1, 16, 2, 1, 0, 1],
    [3, 31, 22, 1, 3, 4],
    [1, 19, 5, 3, 2, 0],
    [4, 21, 10, 2, 3, 4],
    [2, 23, 8, 1, 3, 2],
    [1, 24, 3, 4, 4, 1],
    [4, 9, 3, 4, 1, 1],
    [1, 3, 5, 0, 1, 0],
    [0, 8, 4, 0, 0, 0],
    [1, 12, 6, 9, 1, 0],
    [0, 5, 3, 0, 0, 1],
    [2, 14, 5, 0, 2, 0],
    [2, 20, 8, 0, 1, 4],
    [0, 10, 3, 1, 0, 1],
    [0, 7, 7, 1, 3, 0],
    [1, 31, 15, 1, 8, 1],
    [0, 15, 3, 1, 1, 2],
    [1, 19, 9, 1, 2, 0],
    [2, 13, 6, 2, 1, 0],
    [4, 41, 17, 2, 2, 0],
    [2, 24, 9, 2, 2, 2],
    [0, 9, 4, 1, 0, 0],
    [1, 24, 13, 1, 4, 1],
    [1, 59, 20, 1, 3, 9],
    [2, 13, 3, 0, 3, 1],
    [3, 16, 1, 4, 1, 1],
    [1, 19, 7, 4, 3, 5],
    [0, 4, 2, 1, 2, 0],
    [0, 20, 11, 3, 3, 1],
    [5, 12, 1, 1, 3, 1],
    [0, 6, 3, 1, 0, 2],
    [0, 13, 2, 0, 2, 1],
    [1, 15, 13, 0, 2, 1],
    [0, 14, 6, 2, 1, 0],
    [1, 36, 9, 0, 3, 1],
    [3, 23, 4, 2, 2, 2],
    [4, 31, 9, 3, 4, 4],
    [1, 16, 4, 4, 3, 2],
    [0, 4, 3, 1, 0, 0],
    [4, 6, 3, 5, 0, 1],
    [0, 4, 1, 0, 0, 2],
    [1, 12, 1, 3, 1, 1],
    [3, 30, 8, 4, 2, 1],
    [4, 40, 11, 2, 4, 1],
    [1, 5, 5, 0, 0, 0],
    [2, 38, 13, 1, 2, 0],
    [0, 22, 15, 1, 4, 2],
    [1, 13, 9, 0, 2, 2],
    [0, 11, 3, 0, 1, 1],
    [1, 24, 14, 2, 4, 2],
    [1, 10, 3, 3, 1, 0],
    [1, 3, 0, 2, 1, 0],
    [4, 14, 4, 5, 0, 0],
    [0, 5, 1, 1, 3, 0],
    [0, 4, 1, 3, 1, 0],
    [2, 4, 2, 4, 2, 0],
    [0, 7, 2, 1, 1, 1],
    [0, 3, 2, 3, 3, 0],
    [1, 8, 4, 2, 5, 1],
    [0, 11, 5, 3, 3, 4],
    [0, 12, 6, 4, 0, 2],
    [1, 5, 2, 3, 0, 0],
    [0, 1, 1, 5, 1, 0],
    [1, 24, 7, 0, 1, 2],
    [1, 9, 3, 2, 4, 4],
    [0, 20, 13, 3, 6, 0],
    [0, 27, 9, 6, 5, 2],
    [0, 10, 4, 3, 1, 1],
    [0, 21, 9, 3, 8, 1],
    [1, 15, 7, 2, 1, 3],
    [1, 36, 10, 1, 6, 4],
    [1, 6, 2, 4, 1, 0],
    [0, 23, 5, 3, 2, 6],
    [2, 52, 20, 1, 3, 6],
    [0, 60, 23, 2, 5, 12],
    [2, 38, 14, 2, 3, 2],
    [0, 13, 6, 3, 0, 3],
    [0, 78, 37, 3, 2, 3],
    [1, 3, 0, 2, 0, 0],
    [1, 26, 7, 3, 3, 3],
    [0, 6, 2, 1, 1, 0],
    [0, 8, 3, 4, 0, 2],
    [6, 9, 5, 5, 2, 2],
    [2, 13, 4, 2, 1, 1],
    [1, 5, 0, 0, 2, 0],
    [1, 16, 3, 3, 1, 1],
    [2, 20, 12, 0, 5, 0],
    [1, 6, 3, 4, 2, 1],
    [2, 103, 68, 4, 4, 6],
    [1, 12, 13, 3, 0, 1],
    [1, 42, 19, 1, 4, 3],
    [3, 73, 18, 4, 4, 16],
    [2, 28, 9, 0, 2, 1],
    [0, 12, 5, 1, 3, 0],
    [0, 33, 16, 0, 3, 6],
    [1, 82, 24, 2, 5, 7],
    [4, 92, 34, 1, 10, 9],
    [0, 4, 1, 0, 1, 0],
    [0, 4, 2, 1, 1, 0],
    [3, 10, 5, 5, 0, 0],
    [2, 42, 14, 2, 5, 1],
    [0, 12, 15, 1, 4, 0],
    [2, 30, 11, 1, 8, 3],
    [3, 4, 4, 1, 0, 0],
    [0, 41, 15, 0, 2, 3],
    [4, 39, 15, 4, 3, 4],
    [1, 31, 14, 0, 3, 3],
    [5, 49, 21, 3, 6, 3],
    [1, 19, 46, 0, 2, 0],
    [1, 12, 2, 4, 1, 1],
    [4, 8, 3, 5, 3, 2],
    [1, 9, 2, 2, 0, 0],
    [5, 34, 3, 1, 4, 4],
    [1, 16, 5, 3, 0, 4],
    [2, 7, 0, 2, 0, 2],
    [2, 2, 2, 1, 1, 0],
    [4, 34, 12, 17, 10, 4],
    [0, 24, 6, 1, 1, 4],
    [29, 418, 264, 56, 52, 50],
    [7, 104, 62, 4, 7, 13],
    [86, 1195, 684, 72, 115, 85],
    [7, 62, 21, 4, 8, 16]
  ],
  "method": "mvn_pdf",
  "cond_prob": [
    [
      [0.0025584306116, 0.28806069828, 0.70935705414, 2.3816966481e-05],
      [0.0016231557095, 0.52461310285, 0.43709968592, 0.036664055521],
      [0.0036884845778, 0.13092022777, 0.8404340247, 0.024957262949],
      [0.0063680565408, 0.39768316351, 0.42784572714, 0.16810305281],
      [0.005270832853, 0.46604109991, 0.44750438261, 0.081183684625],
      [0.13695124325, 0.53414215971, 0.13680925562, 0.19209734142]
    ],
    [
      [0.0017182255486, 0.25869351862, 0.73956221378, 2.6042058642e-05],
      [0.0011357944333, 0.49242849825, 0.46432667057, 0.042109036741],
      [0.002396817746, 0.1136419947, 0.85713736404, 0.026823823506],
      [0.0042469002155, 0.35814824244, 0.43858383776, 0.19902101959],
      [0.0036018068256, 0.43155266542, 0.47059750931, 0.094248018439],
      [0.083143868689, 0.52117962167, 0.14872673442, 0.24694977522]
    ],
    [
      [0.00534202344, 0.34975813972, 0.64488728076, 1.2556074262e-05],
      [0.0032026815477, 0.60497044408, 0.37371621039, 0.018110663979],
      [0.0081619804415, 0.16734213562, 0.8106751507, 0.013820733232],
      [0.013926648097, 0.49876686793, 0.39884509648, 0.08846138749],
      [0.010844639516, 0.55356203166, 0.39462771351, 0.040965615318],
      [0.2985711437, 0.52272211898, 0.099245976886, 0.079460760427]
    ],
    [
      [0.0017360282257, 0.27361075322, 0.72463018554, 2.3033014379e-05],
      [0.0011344497908, 0.51424221039, 0.44806154867, 0.036561791146],
      [0.0024553756203, 0.12165337539, 0.85195702216, 0.023934226831],
      [0.004410379804, 0.38522008276, 0.43588196039, 0.17448757705],
      [0.0036562518344, 0.45536145371, 0.45889194635, 0.082090348096],
      [0.089360688018, 0.55113203549, 0.14456801453, 0.21493926197]
    ],
    [
      [0.021098686305, 0.28041794083, 0.698471826, 1.1546871222e-05],
      [0.013710863706, 0.52598359347, 0.44221598549, 0.018089557343],
      [0.030668344146, 0.12762468055, 0.82968287007, 0.012024105228],
      [0.057404899777, 0.41224418765, 0.44746268384, 0.082888228738],
      [0.045380863649, 0.46484072559, 0.45039468092, 0.03938372984],
      [0.68417928812, 0.22085429778, 0.057152929305, 0.037813484795]
    ],
    [
      [0.0016816811628, 0.20406061694, 0.79424465451, 1.3047385146e-05],
      [0.0012179990355, 0.4238108086, 0.55230989801, 0.022661294364],
      [0.002295431677, 0.088162061274, 0.89663151785, 0.012910989197],
      [0.0049138337939, 0.33165032586, 0.55831073108, 0.10512510926],
      [0.0039545398153, 0.37797103761, 0.56807751419, 0.049996908384],
      [0.12293168804, 0.52641139839, 0.20695329154, 0.14370362202]
    ],
    [
      [0.0022130509599, 0.23382074936, 0.76394815031, 1.8049362752e-05],
      [0.0015178879472, 0.46109381084, 0.50738896336, 0.029999337858],
      [0.0030753590617, 0.10275899895, 0.87590218753, 0.018263454453],
      [0.0059552615447, 0.35302032887, 0.50186813505, 0.13915627454],
      [0.0048912370463, 0.4093429635, 0.51936341424, 0.066402385217],
      [0.14488754335, 0.51155526308, 0.1729488362, 0.17060835737]
    ],
    [
      [0.0060935003272, 0.28777352767, 0.70612172412, 1.1247874537e-05],
      [0.0039298656649, 0.53527958323, 0.44332168661, 0.017468864492],
      [0.0089220272057, 0.13221478092, 0.84703947335, 0.011823718527],
      [0.016856878002, 0.43487549776, 0.46520855737, 0.083059066864],
      [0.013205835187, 0.48489173005, 0.46293527117, 0.03896716359],
      [0.38111077167, 0.43658474202, 0.11154077685, 0.07076370945]
    ],
    [
      [0.037442782944, 0.3186809523, 0.6438613643, 1.4900452091e-05],
      [0.022961087453, 0.57026779184, 0.38448498546, 0.022286135248],
      [0.055863774535, 0.14700380518, 0.7812254093, 0.015907010982],
      [0.095284500692, 0.42871022374, 0.37459918222, 0.10140609335],
      [0.075970706847, 0.4925247163, 0.38349225937, 0.048012317483],
      [0.84501572773, 0.11022829862, 0.023203972297, 0.021552001359]
    ],
    [
      [0.00070421812917, 0.22348308952, 0.77580856467, 4.1276837507e-06],
      [0.00051654666997, 0.46873837317, 0.52389749557, 0.0068475845885],
      [0.00094802955297, 0.096894706626, 0.89816074519, 0.0039965186321],
      [0.0020988401177, 0.39367807132, 0.57339294544, 0.030830143115],
      [0.001629760836, 0.42840714387, 0.55509879419, 0.01486430111],
      [0.028879637028, 0.69389525001, 0.22551031288, 0.051714800082]
    ],
    [
      [0.0047959733279, 0.32273896129, 0.6724583462, 6.7191839206e-06],
      [0.0029916585371, 0.58131604583, 0.40573817841, 0.0099541172225],
      [0.0072102027569, 0.15225426624, 0.83332319444, 0.0072123365591],
      [0.013335208144, 0.49307951286, 0.44546719682, 0.048118082184],
      [0.010182503093, 0.53586709667, 0.43160416708, 0.022346233156],
      [0.30364192843, 0.53600981502, 0.11460169315, 0.045746563392]
    ],
    [
      [0.0008809245424, 0.36389017562, 0.63520867212, 2.0227721162e-05],
      [0.00053412769021, 0.63298609275, 0.33712669255, 0.029353087008],
      [0.0012895562312, 0.16690622389, 0.80928683187, 0.022517388009],
      [0.0020761637984, 0.48804298738, 0.34373991883, 0.16614092999],
      [0.0016787069394, 0.57210735742, 0.35626521782, 0.069948717821],
      [0.0059591457896, 0.6812415295, 0.1083578119, 0.20444151281]
    ],
    [
      [0.0007372199281, 0.21115340857, 0.78809597544, 1.3396059846e-05],
      [0.00054099384869, 0.4458726497, 0.53030044109, 0.02328591536],
      [0.00097112465615, 0.089925439216, 0.89584076248, 0.013262673646],
      [0.0019414562688, 0.34620593337, 0.53771966663, 0.11413294373],
      [0.0016092281138, 0.39735277432, 0.54864891868, 0.052389078883],
      [0.00048537105513, 0.60800783059, 0.23766034708, 0.15384645127]
    ],
    [
      [0.00039811414184, 0.4686772489, 0.53091947246, 5.1644999791e-06],
      [0.00021617976152, 0.73317126499, 0.26041271166, 0.0061998435875],
      [0.00063583020455, 0.23955448122, 0.7537012194, 0.0061084691789],
      [0.00080015557228, 0.65894166817, 0.31033381323, 0.029924363027],
      [0.00061960547906, 0.69657193655, 0.28880888591, 0.013999572061],
      [0.23764438785, 0.58277882764, 0.073273768929, 0.10630301558]
    ],
    [
      [0.010192970425, 0.38628435007, 0.60351688094, 5.7985733874e-06],
      [0.0058585528288, 0.65954916693, 0.32684600871, 0.0077462715297],
      [0.016019056062, 0.18567891221, 0.7919263929, 0.0063756388224],
      [0.028054754954, 0.56674768919, 0.36894211806, 0.036255437792],
      [0.020785410868, 0.61035197374, 0.35167271264, 0.017189902743],
      [0.86105631844, 0.11484488966, 0.017946866113, 0.0061519257856]
    ],
    [
      [0.016748210203, 0.42086172262, 0.56237453389, 1.5533295876e-05],
      [0.0089515654532, 0.67593010898, 0.29452302027, 0.020595305303],
      [0.027508535848, 0.20807107688, 0.74635940526, 0.018060982006],
      [0.041135359145, 0.54514328552, 0.31141221732, 0.10230913801],
      [0.031730232263, 0.61179315175, 0.30974177049, 0.046734845496],
      [0.93468415412, 0.050821869634, 0.0077820049737, 0.0067119712771]
    ],
    [
      [0.0020149262819, 0.28469818214, 0.71327687211, 1.0019460694e-05],
      [0.0013147538747, 0.53291264442, 0.45014014784, 0.015632453871],
      [0.0029303317144, 0.13072542052, 0.85583082248, 0.010513425279],
      [0.005599895592, 0.43962197265, 0.47969929062, 0.075078841136],
      [0.0043777058751, 0.48665931463, 0.47388857485, 0.035074404644],
      [0.12617406953, 0.62174667311, 0.16040264156, 0.091676615803]
    ],
    [
      [0.0018953589921, 0.32567185471, 0.67241420082, 1.8585470584e-05],
      [0.0011655701053, 0.57517992672, 0.39612071471, 0.027533788464],
      [0.0028041389729, 0.15187435289, 0.82527321792, 0.020048290221],
      [0.004735796859, 0.45615363185, 0.40695945402, 0.13215111727],
      [0.0038154091732, 0.52034717427, 0.41377520698, 0.062062209577],
      [0.092971298584, 0.62202685597, 0.13072143661, 0.15428040884]
    ],
    [
      [5.3778837255e-05, 0.55097390052, 0.44894244608, 2.987455765e-05],
      [2.9416341627e-05, 0.7782103516, 0.18615241258, 0.035607819474],
      [7.4861681894e-05, 0.28410252662, 0.67576852308, 0.040054088622],
      [3.9621619463e-05, 0.57750007331, 0.18720826599, 0.23525203908],
      [4.5228684913e-05, 0.70880051623, 0.20039762265, 0.090756632427],
      [0.33284970351, 0.47873559821, 0.048366507527, 0.14004819075]
    ],
    [
      [0.0011557209256, 0.29882962613, 0.69999917146, 1.548148719e-05],
      [0.00074688063575, 0.553574165, 0.42169292427, 0.0239860301],
      [0.0016574007074, 0.1355176602, 0.84640502916, 0.016419909933],
      [0.0029752753144, 0.43904523274, 0.4356663526, 0.12231313934],
      [0.0023903930686, 0.50071914038, 0.44190247507, 0.054987991484],
      [0.037830136362, 0.65226635683, 0.14944405057, 0.16045945624]
    ],
    [
      [4.5336992161e-05, 0.20641852377, 0.79353406378, 2.0754528686e-06],
      [4.0035259403e-05, 0.46708764823, 0.52982638494, 0.0030459315729],
      [4.7600378634e-05, 0.085888969602, 0.91231032809, 0.0017531019257],
      [6.9078742624e-05, 0.39615949329, 0.59623130544, 0.0075401225228],
      [6.5391891589e-05, 0.42696288771, 0.56746948274, 0.0055022376587],
      [0.35267304707, 0.3855925521, 0.12037544264, 0.1413589582]
    ],
    [
      [0.00017680129068, 0.71364249478, 0.28616211411, 1.85898195e-05],
      [7.5402730705e-05, 0.87992242774, 0.10181559492, 0.018186574614],
      [0.00034234717076, 0.43637538246, 0.53393586164, 0.029346408732],
      [0.00021555839414, 0.76494277365, 0.12251353766, 0.11232813029],
      [0.00018217827276, 0.83880117109, 0.11558626921, 0.045430381421],
      [0.25339538557, 0.59610063782, 0.035673504346, 0.11483047226]
    ],
    [
      [0.013148397888, 0.27805575589, 0.70872647534, 6.9370884214e-05],
      [0.0079030575565, 0.48398185371, 0.39882112181, 0.10929396692],
      [0.018141518993, 0.11723357711, 0.79246444661, 0.072160457293],
      [0.023479135536, 0.24693305535, 0.26323164531, 0.4663561638],
      [0.024243067984, 0.37775332987, 0.35982046682, 0.23818313532],
      [0.80809488033, 0.074187419992, 0.019103978742, 0.098613720936]
    ],
    [
      [0.050200390651, 0.40329184293, 0.54650252105, 5.2453725493e-06],
      [0.026490439104, 0.67540066745, 0.29131818405, 0.0067907093971],
      [0.085088026973, 0.19351296179, 0.71564528436, 0.0057537268742],
      [0.14623500134, 0.52608004065, 0.30011007431, 0.027574883707],
      [0.10506693429, 0.58581295657, 0.29519132006, 0.013928789084],
      [0.56227011087, 0.30423762685, 0.044452450136, 0.089039812147]
    ],
    [
      [0.0049682409863, 0.29312724471, 0.70189271444, 1.1799861486e-05],
      [0.0031908896397, 0.54234815515, 0.43623842285, 0.018222532359],
      [0.0072789298186, 0.1348453866, 0.84542834247, 0.012447341111],
      [0.013647957953, 0.44067506375, 0.45824481717, 0.08743216113],
      [0.010703082796, 0.49202193882, 0.45645169553, 0.040823282849],
      [0.3089724534, 0.4877093216, 0.12024721228, 0.083071012728]
    ],
    [
      [0.10759577362, 0.34850078806, 0.54388206101, 2.1377310638e-05],
      [0.063567747979, 0.6027246717, 0.30282737414, 0.030880206182],
      [0.15844122845, 0.15750412901, 0.66127257011, 0.022782072427],
      [0.22975651017, 0.38938940846, 0.25450559316, 0.12634848821],
      [0.19183235341, 0.47215759381, 0.27452748826, 0.061482564527],
      [0.92399710513, 0.053248289598, 0.0082268618245, 0.014527743448]
    ],
    [
      [0.010281727595, 0.30008814579, 0.68954125037, 8.8876247974e-05],
      [0.0058320537948, 0.49954114165, 0.36760747678, 0.12701932778],
      [0.013971211238, 0.12537969292, 0.77126316238, 0.089385933458],
      [0.016923154355, 0.26327509023, 0.25318594662, 0.46661580879],
      [0.017302115051, 0.38943528416, 0.33277731043, 0.26048529035],
      [0.42630623423, 0.21547960506, 0.049488708334, 0.30872545238]
    ],
    [
      [9.6536853808e-05, 0.20294457332, 0.79693561023, 2.3279591312e-05],
      [7.9887438268e-05, 0.44008292563, 0.51663226026, 0.043204926665],
      [0.00010666243477, 0.083712751192, 0.89289594239, 0.023284643988],
      [0.0001379478157, 0.29522648935, 0.45586516303, 0.2487703998],
      [0.00015028692026, 0.37809303997, 0.51887489019, 0.10288178292],
      [0.42163426237, 0.31172792238, 0.10034411679, 0.16629369847]
    ],
    [
      [0.02666373641, 0.39193145646, 0.58139687, 7.9371303452e-06],
      [0.015111330209, 0.652501441, 0.3215417125, 0.010845516283],
      [0.042572827509, 0.19247700621, 0.75599792339, 0.0089522428913],
      [0.068948276621, 0.53639686494, 0.34335821184, 0.051296646596],
      [0.052425326554, 0.58843838629, 0.33519328856, 0.0239429986],
      [0.83425896816, 0.13422588684, 0.02079652329, 0.010718621709]
    ],
    [
      [0.0003232952285, 0.25889492148, 0.74077756168, 4.2216089021e-06],
      [0.00023129755175, 0.52688889036, 0.46636024041, 0.0065195716723],
      [0.00042379773016, 0.11282413558, 0.88261394974, 0.004138116954],
      [0.00078377573867, 0.44793721771, 0.52249068961, 0.028788316947],
      [0.00062865879045, 0.48488447081, 0.50037932968, 0.014107540716],
      [0.30041016822, 0.45383279926, 0.11955457056, 0.12620246196]
    ],
    [
      [0.0047829532419, 0.3134220387, 0.68177171822, 2.3289831792e-05],
      [0.0029600563785, 0.56290400193, 0.39912066371, 0.035015277978],
      [0.0069839642707, 0.14246077837, 0.82572555912, 0.024829698243],
      [0.011945322465, 0.42656046842, 0.3941038909, 0.16739031822],
      [0.0097680077108, 0.50042470059, 0.41105031081, 0.078756980892],
      [0.24796874305, 0.48556731712, 0.10444837294, 0.16201556689]
    ],
    [
      [0.00013054236427, 0.24896343126, 0.75088878464, 1.7241731632e-05],
      [0.00010041445531, 0.51038229687, 0.46068692449, 0.028830364185],
      [0.00015359707813, 0.10554851505, 0.87691676328, 0.01738112459],
      [0.00022460554654, 0.38769108112, 0.46234487948, 0.14973943385],
      [0.0002122262385, 0.45395932797, 0.47940192899, 0.0664265168],
      [0.38091841102, 0.36732243178, 0.096756648083, 0.15500250912]
    ],
    [
      [0.00018532694923, 0.24210052068, 0.75769311782, 2.103454871e-05],
      [0.00013713575826, 0.51959271288, 0.444680772, 0.035589379364],
      [0.00022007302663, 0.098528240333, 0.8802842144, 0.020967472235],
      [0.00032350695452, 0.37143247612, 0.43340895697, 0.19483505995],
      [0.00030790504748, 0.45391007694, 0.46215464488, 0.083627373137],
      [0.39012995964, 0.35927340663, 0.090441713731, 0.16015492001]
    ],
    [
      [0.00032733067801, 0.17726373993, 0.82240600769, 2.9217042973e-06],
      [0.00026386897089, 0.40948217611, 0.58539393703, 0.0048600178868],
      [0.00040593571026, 0.07384525932, 0.92314160111, 0.002607203864],
      [0.00088576738477, 0.34120283367, 0.64018689556, 0.017724503379],
      [0.00071503687674, 0.37129974118, 0.61818995312, 0.0097952688181],
      [0.34681879467, 0.37009956226, 0.14339844299, 0.13968320009]
    ],
    [
      [0.00035277917328, 0.33895277097, 0.66056405924, 0.00013039061917],
      [0.00018585119968, 0.50714483313, 0.30740186424, 0.18526745142],
      [0.00042902706296, 0.13579924921, 0.72445078717, 0.13932093655],
      [0.00021643127389, 0.16255364536, 0.13202819918, 0.70520172418],
      [0.00036537769428, 0.35098640276, 0.24979094074, 0.3988572788],
      [0.42657321263, 0.32729978061, 0.064092744082, 0.18203426268]
    ],
    [
      [0.080908761479, 0.28832624365, 0.63075757102, 7.4238539252e-06],
      [0.051961245683, 0.55536016721, 0.38127498857, 0.011403598536],
      [0.11645292804, 0.12603736086, 0.75000566891, 0.0075040421882],
      [0.2123039214, 0.39038377059, 0.3509289945, 0.046383313507],
      [0.16772763553, 0.45044732546, 0.3590657232, 0.022759315815],
      [0.97487298893, 0.019139780482, 0.0040211292708, 0.0019661013145]
    ],
    [
      [1.5056513941e-05, 0.4292979098, 0.57068422089, 2.8128031489e-06],
      [1.0809105974e-05, 0.71340509271, 0.28348075288, 0.0031033452978],
      [1.662145003e-05, 0.20761806519, 0.78943172255, 0.0029335908144],
      [9.8660367284e-06, 0.64584329646, 0.34495833189, 0.0091885056221],
      [1.1046894584e-05, 0.67742416302, 0.31656343873, 0.0060013513609],
      [0.29367902149, 0.50929053129, 0.073067629226, 0.123962818]
    ],
    [
      [0.00055223288563, 0.31984124616, 0.6796007372, 5.7837597005e-06],
      [0.00035895618709, 0.58655763583, 0.40458810659, 0.0084953013908],
      [0.00078594772327, 0.14840091299, 0.84470043434, 0.0061127049458],
      [0.0013553715112, 0.50408567919, 0.45377373486, 0.040785214436],
      [0.0010636154438, 0.54452849873, 0.43536890749, 0.019038978336],
      [4.8141844746e-16, 0.75508679619, 0.21869592, 0.026217283811]
    ],
    [
      [0.0037758172048, 0.13515867399, 0.86105394069, 1.1568112961e-05],
      [0.003068325448, 0.31554505047, 0.65858683656, 0.022799787516],
      [0.0049377108627, 0.055793652622, 0.92834370962, 0.010924926893],
      [0.01242247209, 0.23782958295, 0.63987182624, 0.10987611871],
      [0.0099901219272, 0.27565952389, 0.66385573752, 0.050494616661],
      [0.38728281671, 0.30267836681, 0.18552322276, 0.12451559373]
    ],
    [
      [0.0015731829605, 0.36741487751, 0.63098834141, 2.3598110558e-05],
      [0.00091495423392, 0.61534170973, 0.35048105901, 0.033262277024],
      [0.0023784783749, 0.17522952841, 0.79610786358, 0.026284129631],
      [0.00354371881, 0.47997244938, 0.35508937695, 0.16139445486],
      [0.002920797382, 0.55563730575, 0.36587452311, 0.075567373756],
      [0.043281702155, 0.65639093299, 0.11549154518, 0.18483581967]
    ],
    [
      [0.0022432357363, 0.32713274236, 0.67058226272, 4.1759188413e-05],
      [0.0013301194447, 0.55809028981, 0.37960588586, 0.060973704882],
      [0.0032533273536, 0.14852504292, 0.80347653535, 0.044745094376],
      [0.0047674159889, 0.38276157214, 0.33818965915, 0.27428135272],
      [0.004203708752, 0.48184250489, 0.37893740245, 0.13501638391],
      [0.090100848376, 0.5019605819, 0.10428817938, 0.30365039035]
    ],
    [
      [0.0010423006122, 0.21696533882, 0.78196880117, 2.3559402316e-05],
      [0.00073956937709, 0.43865103946, 0.52025091913, 0.040358472032],
      [0.0013890144805, 0.092995684541, 0.88207862065, 0.023536680332],
      [0.0025820305342, 0.3190455326, 0.49037630392, 0.18799613295],
      [0.0022277544035, 0.3830627481, 0.52510758889, 0.089601908613],
      [0.018019491627, 0.53128395859, 0.19329248877, 0.25740406101]
    ],
    [
      [0.0011024108469, 0.26766460619, 0.73122078626, 1.219669661e-05],
      [0.0007461529878, 0.52039254642, 0.45930914327, 0.019552157323],
      [0.0015427740402, 0.1188527897, 0.86706867404, 0.012535762218],
      [0.003005610196, 0.41916120172, 0.48198561641, 0.095847571669],
      [0.0023903184341, 0.47133624447, 0.48215113876, 0.044122298334],
      [0.046474513192, 0.65192974544, 0.17069504938, 0.13090069198]
    ],
    [
      [0.0011356089491, 0.34419717139, 0.65461556796, 5.1651699769e-05],
      [0.00065966914247, 0.57224520177, 0.35358973675, 0.073505392332],
      [0.00160971407, 0.15510249024, 0.78776791538, 0.055519880318],
      [0.0020459275692, 0.37344508003, 0.3007020905, 0.3238069019],
      [0.0019191997019, 0.48707974519, 0.3487888713, 0.16221218381],
      [0.0030286178359, 0.52529751893, 0.10082564616, 0.37084821707]
    ],
    [
      [4.22163077e-05, 0.33903895847, 0.66091531813, 3.5070963826e-06],
      [3.1236916821e-05, 0.63102746215, 0.36430805913, 0.0046332418015],
      [4.8312969148e-05, 0.15252385644, 0.84393098273, 0.0034968478637],
      [5.1642545426e-05, 0.55375509209, 0.42827666196, 0.0179166034],
      [4.9054928429e-05, 0.58997704743, 0.40033638028, 0.0096375173628],
      [0.3038833458, 0.47875695213, 0.090287298542, 0.12707240353]
    ],
    [
      [0.00025941992183, 0.32325745478, 0.67646469504, 1.8430264909e-05],
      [0.00017145460545, 0.59006645509, 0.38200437436, 0.027757715949],
      [0.00034393648163, 0.1452842019, 0.83458382222, 0.019788039406],
      [0.00047596735382, 0.46012217346, 0.39291535027, 0.14648650891],
      [0.00042386004045, 0.53258163515, 0.40234866031, 0.064645844497],
      [0.3521837242, 0.41455113695, 0.085120105581, 0.14814503327]
    ],
    [
      [0.00037522052314, 0.22197852307, 0.77764459266, 1.6637444996e-06],
      [0.00028939269981, 0.51243221773, 0.48492094134, 0.00235744823],
      [0.00046063426485, 0.089467962024, 0.90873223078, 0.0013391729279],
      [0.0010767895448, 0.43471142518, 0.5590455684, 0.0051662168745],
      [0.00085151794703, 0.46841458469, 0.52665230222, 0.0040815951356],
      [0.00095380495828, 0.79163373114, 0.19233900835, 0.015073455556]
    ],
    [
      [9.475281509e-07, 0.29246493162, 0.70753208817, 2.0326795187e-06],
      [1.1869122512e-06, 0.58880823045, 0.40866497078, 0.0025256118634],
      [5.3237772453e-07, 0.12597749612, 0.87227036132, 0.0017516101831],
      [1.0542925594e-07, 0.51492998366, 0.48020310804, 0.0048668028698],
      [2.4962298565e-07, 0.54756610384, 0.4481101251, 0.0043235214321],
      [0.34068428396, 0.42976143652, 0.092487918073, 0.13706636144]
    ],
    [
      [0.0012627175916, 0.37011865532, 0.62856576962, 5.2857470373e-05],
      [0.00071873115341, 0.61280712291, 0.31188117051, 0.074592975419],
      [0.0017993616584, 0.16326056818, 0.77677655494, 0.058163515219],
      [0.0022906680049, 0.37908046264, 0.25664202885, 0.36198684051],
      [0.0021592334556, 0.51742069506, 0.30887525407, 0.17154481742],
      [0.013378628242, 0.51156400162, 0.078398399276, 0.39665897086]
    ],
    [
      [0.00018929641589, 0.094380478019, 0.9054290278, 1.1977668103e-06],
      [0.00019228163166, 0.28130446747, 0.71624548587, 0.0022577650261],
      [0.00021338123812, 0.03690375571, 0.96198876101, 0.00089410204669],
      [0.0006466511586, 0.22723046221, 0.7668741004, 0.0052487862328],
      [0.00053048575823, 0.24861713167, 0.74696435942, 0.0038880231444],
      [0.00037629919659, 0.63342021525, 0.34434212225, 0.021861363308]
    ],
    [
      [0.0022831153168, 0.26667409928, 0.73102661932, 1.6166082936e-05],
      [0.0015061348394, 0.50530855907, 0.46746789451, 0.025717411581],
      [0.003263957073, 0.12018585948, 0.85980637882, 0.016743804633],
      [0.0061450780678, 0.39769517256, 0.47533518303, 0.12082456634],
      [0.0049471043402, 0.45380033277, 0.48397666053, 0.057275902356],
      [0.13773629731, 0.55848400428, 0.15818554204, 0.14559415637]
    ],
    [
      [0.0069436967644, 0.28525778635, 0.70778072959, 1.7787300952e-05],
      [0.0044593934762, 0.52488195072, 0.44314074287, 0.027517912937],
      [0.010076430629, 0.13043512726, 0.84088907643, 0.018599365681],
      [0.018238034475, 0.4098993511, 0.44602645806, 0.12583615637],
      [0.014703971622, 0.4689046701, 0.45579657094, 0.060594787331],
      [0.32759367743, 0.44198571093, 0.1148588871, 0.11556172454]
    ],
    [
      [0.0015648660323, 0.17396620636, 0.82444527239, 2.365521705e-05],
      [0.0011631266949, 0.36886418269, 0.58727203338, 0.042700657241],
      [0.0020758958868, 0.073108274685, 0.90188885396, 0.022926975468],
      [0.0043150381977, 0.26403677231, 0.54199493325, 0.18965325624],
      [0.0036680208812, 0.31873788419, 0.58480488994, 0.09278920499],
      [0.10643553953, 0.42570161842, 0.20440905953, 0.26345378253]
    ],
    [
      [0.014897671406, 0.26813760735, 0.71693363505, 3.1086198363e-05],
      [0.0095537146188, 0.49219183373, 0.45015119179, 0.048103259855],
      [0.021065227183, 0.11953703729, 0.82774190962, 0.031655825902],
      [0.035681793724, 0.35087413856, 0.41314788802, 0.20029617969],
      [0.03032874218, 0.42286130919, 0.44499413716, 0.10181581148],
      [0.48970179095, 0.28898223623, 0.081727791626, 0.1395881812]
    ],
    [
      [0.01714076921, 0.28777079912, 0.69506214177, 2.6289899416e-05],
      [0.010816431074, 0.52057952551, 0.42853966111, 0.040064382309],
      [0.024682703736, 0.13042616497, 0.81762781935, 0.027263311946],
      [0.041707169236, 0.3815019438, 0.40458480465, 0.17220608232],
      [0.034767316054, 0.45158198427, 0.42789777768, 0.085752921997],
      [0.5387807462, 0.28186726859, 0.071629051435, 0.10772293377]
    ],
    [
      [0.01545011085, 0.28633676886, 0.69819185872, 2.1261571055e-05],
      [0.0098228622702, 0.52419253666, 0.43317182832, 0.032812772753],
      [0.022381880045, 0.13001560373, 0.82542349469, 0.022179021529],
      [0.039296206348, 0.39390555904, 0.41991494877, 0.14688328584],
      [0.032151758882, 0.45929628478, 0.43723133954, 0.071320616802],
      [0.57397305018, 0.27144905551, 0.069253789955, 0.08532410435]
    ],
    [
      [0.0057403356957, 0.3290548013, 0.66516086023, 4.4002776284e-05],
      [0.0033714149865, 0.55329990438, 0.38066758045, 0.062661100186],
      [0.0083751778111, 0.15113617687, 0.79399983003, 0.04648881529],
      [0.012299655239, 0.38524073179, 0.34168318811, 0.26077642487],
      [0.010727461857, 0.47709737675, 0.37795843549, 0.1342167259],
      [0.22646318569, 0.43343289759, 0.092027608061, 0.24807630866]
    ],
    [
      [0.0086818723508, 0.31505114021, 0.67619828539, 6.8702050078e-05],
      [0.0049991407628, 0.51953363214, 0.37904032495, 0.09642690215],
      [0.012224909001, 0.1394500289, 0.77808366698, 0.070241395121],
      [0.016248247659, 0.32056725416, 0.30156318449, 0.3616213137],
      [0.015226566294, 0.42737600518, 0.35908626994, 0.19831115859],
      [0.28209609239, 0.3302412132, 0.074387420711, 0.3132752737]
    ],
    [
      [0.0080145076828, 0.27712604873, 0.71484086907, 1.8574519149e-05],
      [0.0051836136378, 0.51395778763, 0.45187184611, 0.028986752621],
      [0.011564275614, 0.12594204328, 0.8431928378, 0.019300843306],
      [0.021024215116, 0.3974153016, 0.45023871975, 0.13132176354],
      [0.017036090054, 0.45694284678, 0.46248304733, 0.063538015843],
      [0.37289614041, 0.40410350112, 0.10965152668, 0.1133488318]
    ],
    [
      [0.029410502777, 0.40475734465, 0.56579888362, 3.3268955764e-05],
      [0.016092585473, 0.63720740671, 0.30246835685, 0.044231650969],
      [0.045831832543, 0.1974339785, 0.71932032542, 0.037413863534],
      [0.06212067952, 0.46255351813, 0.28343147614, 0.19189432621],
      [0.051960682747, 0.55139041193, 0.3015503442, 0.095098561129],
      [0.63192836042, 0.24602141127, 0.036277924464, 0.085772303848]
    ],
    [
      [0.014893442309, 0.30984359077, 0.67516383878, 9.9128145654e-05],
      [0.0082518416338, 0.49196919835, 0.3660496894, 0.13372927062],
      [0.020266676962, 0.13262387926, 0.74944121555, 0.097668228224],
      [0.023991168548, 0.27184725423, 0.26069892118, 0.44346265605],
      [0.023944864039, 0.38530948181, 0.33005582674, 0.26068982741],
      [0.36713388404, 0.24347947859, 0.056165588144, 0.33322104923]
    ],
    [
      [0.010158712296, 0.29680359712, 0.69301586743, 2.1823160963e-05],
      [0.0063886435084, 0.53490860881, 0.42558568222, 0.033117065461],
      [0.014808996373, 0.13624837794, 0.82601779759, 0.0229248281],
      [0.025569128688, 0.40795221281, 0.4182560289, 0.1482226296],
