{
  "X": [
    [19, 24, 83, 435, 30],
    [20, 11, 34, 323, 12],
    [35, 32, 56, 332, 16],
    [81, 72, 155, 970, 73],
    [0, 0, 3, 5, 0],
    [12, 7, 42, 449, 30],
    [29, 27, 48, 503, 14],
    [50, 27, 657, 538, 117],
    [95, 118, 585, 1421, 127],
    [24, 18, 93, 319, 29],
    [2, 0, 18, 2, 0],
    [7, 6, 38, 60, 8],
    [2, 4, 50, 9, 4],
    [2, 3, 10, 34, 2],
    [3, 6, 57, 24, 5],
    [14, 15, 135, 127, 32],
    [2, 1, 4, 2, 0],
    [1, 2, 26, 22, 6],
    [41, 28, 204, 907, 57],
    [4, 6, 88, 9, 11],
    [59, 114, 342, 606, 76],
    [35, 55, 309, 232, 36],
    [25, 36, 127, 156, 23],
    [63, 67, 238, 695, 55],
    [39, 57, 182, 411, 41],
    [74, 88, 312, 937, 72],
    [48, 54, 230, 372, 52],
    [47, 76, 323, 377, 37],
    [62, 64, 373, 658, 59],
    [28, 33, 145, 545, 46],
    [40, 45, 186, 343, 34],
    [31, 59, 259, 328, 33],
    [9, 2, 8, 62, 8],
    [1, 0, 7, 50, 5],
    [61, 80, 281, 1190, 82],
    [22, 49, 180, 204, 28],
    [36, 48, 306, 255, 30],
    [42, 24, 75, 538, 43],
    [3, 3, 7, 48, 2],
    [47, 51, 343, 529, 34],
    [113, 183, 625, 1553, 149],
    [23, 24, 167, 233, 10],
    [158, 98, 767, 1166, 112],
    [10, 1, 28, 117, 5]
  ],
  "W": [
    [15, 20, 81, 417, 40, 18],
    [8, 29, 42, 287, 22, 12],
    [22, 28, 55, 302, 47, 17],
    [37, 86, 158, 906, 106, 58],
    [0, 0, 4, 3, 1, 0],
    [29, 19, 37, 415, 19, 21],
    [15, 31, 42, 476, 34, 23],
    [53, 54, 674, 498, 54, 56],
    [86, 123, 552, 1313, 224, 48],
    [17, 26, 89, 296, 44, 11],
    [0, 0, 17, 4, 0, 1],
    [1, 7, 42, 55, 10, 4],
    [0, 0, 51, 10, 6, 2],
    [2, 4, 11, 31, 2, 1],
    [1, 3, 56, 25, 7, 3],
    [13, 10, 138, 123, 21, 18],
    [0, 1, 4, 3, 0, 1],
    [0, 5, 24, 17, 9, 2],
    [32, 53, 220, 836, 49, 47],
    [2, 4, 88, 7, 8, 9],
    [35, 55, 364, 535, 151, 57],
    [21, 23, 310, 195, 81, 37],
    [8, 20, 144, 131, 50, 14],
    [42, 77, 223, 633, 99, 44],
    [27, 51, 184, 350, 94, 24],
    [56, 103, 305, 838, 129, 52],
    [15, 50, 226, 348, 91, 26],
    [25, 48, 333, 322, 99, 33],
    [36, 63, 392, 612, 91, 22],
    [29, 38, 138, 518, 49, 25],
    [30, 40, 197, 294, 60, 27],
    [23, 44, 259, 260, 86, 38],
    [4, 8, 11, 59, 3, 4],
    [6, 5, 4, 48, 0, 0],
    [68, 94, 297, 1051, 122, 62],
    [13, 20, 184, 175, 73, 18],
    [15, 31, 318, 224, 61, 26],
    [35, 45, 75, 492, 46, 29],
    [1, 4, 6, 46, 2, 4],
    [13, 52, 325, 487, 86, 41],
    [70, 122, 631, 1403, 289, 108],
    [2, 30, 154, 213, 40, 18],
    [48, 144, 761, 1102, 133, 113],
    [5, 19, 24, 103, 6, 4]
  ],
  "method": "mvn_pdf",
  "cond_prob": [
    [
      [0.00039905343367, 1.6970606415e-05, 0.004365489429, 0.55002932668, 0.44518915985],
      [0.32215309639, 0.0020486000078, 0.14460229943, 0.52524602033, 0.005949983848],
      [0.015293390352, 0.010559590679, 0.90906963863, 0.011893198986, 0.05318418135],
      [0.014299515077, 0, 0.0016581543077, 0.96244803158, 0.021594299035],
      [0.028789203737, 0.53786092729, 0.10297859248, 0.22544856282, 0.10492271367],
      [0.23320676198, 0.088278305792, 0.088735383053, 0.27347327187, 0.31630627731]
    ],
    [
      [0.00043146753904, 8.500026474e-06, 0.0012150903746, 0.74476338079, 0.25358156127],
      [0.31640972787, 0.00092642663121, 0.036044773787, 0.64354925522, 0.0030698164863],
      [0.050771939519, 0.03535891402, 0.75492305967, 0.065843791169, 0.093102295618],
      [0.014708599217, 0.0008443399562, 0, 0.97888655851, 0.0055605023208],
      [0.044550252099, 0.39266809995, 0.040917907416, 0.43592869374, 0.085935046798],
      [0.29056426418, 0.0505806227, 0.028168197308, 0.42355431412, 0.20713260168]
    ],
    [
      [0.0010789685648, 2.6652825266e-05, 0.0041736838056, 0.69228757345, 0.30243312136],
      [0.52230392848, 0.0019103913847, 0.081961935815, 0.39141347178, 0.0024102725381],
      [0.042205225404, 0.017130413546, 0.88859764039, 0.01523376842, 0.036832952235],
      [0.025614708193, 0.0015445510675, 0.0012069794321, 0.96420146729, 0.007432294013],
      [0.056578803537, 0.61437646469, 0.07147723282, 0.20566218094, 0.051905318009],
      [0.44915409744, 0.097741274768, 0.059790400039, 0.24219254611, 0.15112168164]
    ],
    [
      [0.00057501913435, 2.1094038579e-05, 0.0031333758657, 0.55797715761, 0.43829335335],
      [0.41641738656, 0.0023039157726, 0.093419070766, 0.48250278425, 0.0053568426457],
      [0.03017160403, 0.018116035373, 0.86297504566, 0.016652681643, 0.072084633297],
      [0.020688536832, 0.00037913162066, 9.6419805953e-05, 0.95852066902, 0.020315242724],
      [0.037663303255, 0.59264464579, 0.066626314429, 0.20854918431, 0.094516552209],
      [0.30454467407, 0.099567646084, 0.057762450338, 0.25349210959, 0.28463311992]
    ],
    [
      [9.173876727e-05, 2.8871960402e-06, 0.00062727753589, 0.88291482947, 0.11636326703],
      [0.07355410115, 0.00038918353384, 0.021564372599, 0.90271018473, 0.0017821579846],
      [0, 0, 0.7499952419, 0.2500047581, 0],
      [0, 0, 2.1963999755e-06, 0.9999978036, 0],
      [0, 0, 1.2443189369e-05, 0.99998755681, 0],
      [0.11680528282, 0.029936608507, 0.025893234483, 0.65396994713, 0.17339492706]
    ],
    [
      [0.00028118157332, 0, 0.0037269685502, 0.60972609984, 0.38626575004],
      [0.24099985636, 0.00089342915113, 0.13227761569, 0.62031452519, 0.0055145736165],
      [0.012301907522, 0, 0.91522164758, 0.015018540637, 0.057457904257],
      [0.0056611240832, 0, 0.00235891792, 0.9745729517, 0.0174070063],
      [0.030248277089, 0.32943426401, 0.13196905866, 0.37242927046, 0.13591912977],
      [0.19207591076, 0.034465420474, 0.096622819142, 0.35487381093, 0.32196203869]
    ],
    [
      [0.00061465655699, 3.2763479738e-05, 0.0050280680345, 0.70766628558, 0.28665822635],
      [0.36851166419, 0.0029432892463, 0.12406394816, 0.50161470615, 0.0028663922528],
      [0.020459780333, 0.01798094341, 0.91850941258, 0.013289844378, 0.029760019297],
      [0.018476511949, 0.00010027266029, 0.0020168809972, 0.97318953715, 0.0062167972457],
      [0.028072873171, 0.67024993499, 0.075279360211, 0.18344018995, 0.042957641682],
      [0.30253523532, 0.14421040792, 0.086159463315, 0.29572131395, 0.17137357949]
    ],
    [
      [0.00038815231698, 1.0815663844e-05, 0.0063082087562, 0.38542232695, 0.60787049632],
      [0.3465848465, 0.0014569002891, 0.23176123059, 0.41104127545, 0.0091557471727],
      [0.011106091282, 0.0024960959985, 0.92848804633, 0.011659780119, 0.046249986265],
      [0.019497527938, 4.42495334e-06, 0.0032899786222, 0.93689849325, 0.040309575237],
      [0.034462110344, 0.41122289953, 0.18156040405, 0.19521747029, 0.17753711579],
      [0.21799317537, 0.054109736602, 0.12333828717, 0.1857232672, 0.41883553365]
    ],
    [
      [0.00050195840849, 1.6706948677e-05, 0.0069805239972, 0.53593189807, 0.45656891258],
      [0.34808575267, 0.001752626873, 0.19981443116, 0.44497201378, 0.0053751755135],
      [0.012941289598, 0.0070410243584, 0.93514400024, 0.007872694123, 0.037000991684],
      [0.018761909866, 1.8715029198e-06, 0.0018191019918, 0.95717729407, 0.022239822571],
      [0.034786745679, 0.49180417406, 0.1568746556, 0.21213337813, 0.10440104652],
      [0.26191819695, 0.077703174543, 0.12697100006, 0.24043558546, 0.29297204299]
    ],
    [
      [0.00054745654406, 9.8705351939e-06, 0.0047665213019, 0.52745775321, 0.46721839841],
      [0.39950373473, 0.0010693575761, 0.14170753211, 0.45213254402, 0.005586831557],
      [0.021089167856, 0.0019886651516, 0.91465666822, 0.010528377799, 0.051737120975],
      [0.020899329194, 0, 0.0018451731879, 0.95450486556, 0.022750632063],
      [0.050257819406, 0.39241879562, 0.14277451276, 0.27487107721, 0.13967779502],
      [0.30264679103, 0.048055518033, 0.09108000059, 0.24663443866, 0.31158325169]
    ],
    [
      [0.0023732350326, 4.5083430371e-06, 0.029898471729, 0.0015199384684, 0.96620384643],
      [0.98610125706, 7.7469695858e-06, 0.013849322992, 2.1853587825e-06, 3.9487617573e-05],
      [0, 0, 0.9799006742, 0.020099325803, 0],
      [0.27061229641, 0, 0.31484108133, 0.41454662226, 0],
      [7.1541011496e-12, 0.99999999928, 7.146581701e-10, 6.9601119904e-20, 2.2303286829e-12],
      [0.91755081438, 0, 0.082324213316, 0.00012497230853, 0]
    ],
    [
      [0.0004858774161, 1.2693660857e-05, 0.0027516713017, 0.48263371665, 0.51411604098],
      [0.42803959121, 0.0015463577372, 0.091824669893, 0.47212575561, 0.0064636255546],
      [0.026323289712, 0.011326279088, 0.8655924301, 0.014123799708, 0.082634201387],
      [0.023889791673, 0.0010068969724, 0.00030114359875, 0.95273668152, 0.022065486232],
      [0.041181653903, 0.51957055098, 0.076169826824, 0.22818344183, 0.13489452646],
      [0.2929759338, 0.065593559294, 0.055333102221, 0.23423362606, 0.35186377862]
    ],
    [
      [0.00059089310267, 1.8574115066e-05, 0.01044782038, 0.21341296969, 0.77552974271],
      [0.532666298, 0.0018591917704, 0.29202689803, 0.16620554178, 0.0072420704222],
      [0.0095660615951, 0.0047602527643, 0.94964290514, 0, 0.036030780505],
      [0.068776711555, 0.016551087542, 0.0067770472323, 0.84311204075, 0.064783112915],
      [0.034833895106, 0.57399346824, 0.19596514631, 0.069388626129, 0.12581886421],
      [0.30768018623, 0.073877712077, 0.16232524395, 0.076273917837, 0.3798429399]
    ],
    [
      [0.00033819329816, 9.2020556743e-05, 0.0028408691478, 0.6446428262, 0.35208609079],
      [0.29927987454, 0.010787321, 0.092857821259, 0.59310181927, 0.0039731639379],
      [0.012912549757, 0.048781647906, 0.87040997045, 0.012156237575, 0.05573959431],
      [0.016768597241, 0, 0, 0.9670285848, 0.016202817956],
      [0.0011872127393, 0.97989062879, 0.0037278021628, 0.011578441782, 0.0036159145252],
      [0.13796512796, 0.46028729034, 0.04092169737, 0.20354544476, 0.15728043957]
    ],
    [
      [0.00045639985858, 3.4189333608e-05, 0.012722564635, 0.28648506211, 0.70030178406],
      [0.36725131674, 0.0036534494983, 0.37833893073, 0.24337461578, 0.0073816872561],
      [0.0060201596207, 0.0073634892602, 0.960013277, 0, 0.026603074121],
      [0.032372555899, 0.012923187359, 0.016539258656, 0.89041712725, 0.047747870832],
      [0.017025518263, 0.69133885586, 0.15580672585, 0.058735415964, 0.077093484059],
      [0.21072272861, 0.13806612954, 0.19579619463, 0.10393833249, 0.35147661473]
    ],
    [
      [0.00043113240221, 1.8234169768e-05, 0.0062891625062, 0.31699622215, 0.67626524877],
      [0.40412961562, 0.0025116097468, 0.23761164295, 0.3455990207, 0.010148110991],
      [0.015066431762, 0.01222481753, 0.92073628202, 0.0089309768385, 0.043041491852],
      [0.025520846304, 8.7535640861e-06, 0.0038279364681, 0.91926038517, 0.051382078492],
      [0.029470505829, 0.55928532923, 0.13996051185, 0.12259598318, 0.1486876699],
      [0.22866593454, 0.085641857606, 0.11502836695, 0.14150228213, 0.42916155878]
    ],
    [
      [0.0041591976607, 0.0020234046668, 0.030463341365, 0.031913950687, 0.93144010562],
      [0.96488227316, 0.00084533213398, 0.031413078522, 0.0028593161819, 0],
      [0.012268522072, 0, 0.98773147793, 0, 0],
      [0.32843709553, 0, 0.0058514249327, 0.66571147954, 0],
      [0.023043846875, 0.86506097831, 0.041425704789, 0.026808072659, 0.043661397366],
      [0.00073235195668, 0.99915466787, 0.00010673496764, 6.2452096585e-06, 0]
    ],
    [
      [9.6083433334e-05, 3.1453210645e-06, 0.0040634287894, 0.23620802332, 0.75962931913],
      [0.17188222027, 0.00079981188621, 0.2881212409, 0.52230708815, 0.016889638787],
      [0, 0, 0.92033192272, 0.050807246043, 0.028860831234],
      [0, 0, 0.0099160471859, 0.9353954156, 0.054688537212],
      [0, 0.21725551511, 0.23230066267, 0.21853016627, 0.33191365596],
      [0.070294449321, 0.020350652311, 0.10607444199, 0.15029854629, 0.65298191009]
    ],
    [
      [0.0003544837247, 1.1063504063e-05, 0.0025686677551, 0.64617837102, 0.350887414],
      [0.28584660499, 0.0013467806186, 0.085306642994, 0.62271762281, 0.0047823485821],
      [0.022815932962, 0.011678606677, 0.87097844826, 0.023608331077, 0.070918681026],
      [0.0099347184729, 0.00079388091735, 0.0014886862111, 0.974128431, 0.013654283403],
      [0.032803613399, 0.44202726444, 0.077232699674, 0.3409309359, 0.10700548659],
      [0.23205275542, 0.064594738757, 0.058560595316, 0.36271151299, 0.28208039752]
    ],
    [
      [0.00034389070761, 1.7499352638e-05, 0.0091210383172, 0.24496641281, 0.74555115881],
      [0.34802491215, 0.0024999812696, 0.35823172055, 0.28027722384, 0.010966162192],
      [0.0064863770583, 0.0053890012127, 0.94604090554, 0, 0.042083716193],
      [0.024193091184, 9.9796519507e-06, 0.0064630943268, 0.90644159066, 0.062892244175],
      [0.022262286754, 0.54841397547, 0.19208878071, 0.089087889127, 0.14814706794],
      [0.18766238406, 0.12537236758, 0.19058660534, 0.036796003484, 0.45958263955]
    ],
    [
      [0.00051571098904, 2.8553797542e-05, 0.0038042673244, 0.56080886179, 0.4348426061],
      [0.3811685386, 0.003181150503, 0.11562203797, 0.49460307652, 0.0054251964049],
      [0.023655055929, 0.019549264925, 0.88157138572, 0.014554786724, 0.060669506701],
      [0.018457800104, 0, 0.0012214848134, 0.95995309587, 0.020367619215],
      [0.027758311758, 0.65658237434, 0.066395367253, 0.17217459349, 0.07708935316],
      [0.26913705269, 0.13270467335, 0.069060689863, 0.25082997115, 0.27826761294]
    ],
    [
      [0.0007124317881, 2.5838921965e-05, 0.0073543842267, 0.57697820262, 0.41492914245],
      [0.41770518331, 0.0022661728185, 0.17630464151, 0.39966116832, 0.0040628340317],
      [0.017859099184, 0.010794029527, 0.93458587755, 0.0071632965769, 0.029597697161],
      [0.024330036655, 7.1883502669e-06, 0.002606332684, 0.95439580023, 0.018660642079],
      [0.037806487083, 0.58931054288, 0.12665870201, 0.1739429722, 0.072281295832],
      [0.32526530723, 0.10447650143, 0.1162524162, 0.22362343627, 0.23038233887]
    ],
    [
      [0.00072920134592, 2.4007026354e-05, 0.0027488838349, 0.59630189724, 0.40019601055],
      [0.47219140548, 0.0022877951144, 0.071509820703, 0.44979405609, 0.0042169226055],
      [0.035755177039, 0.022594346362, 0.84801610707, 0.022557687139, 0.071076682386],
      [0.02413108159, 6.4552835674e-06, 0.00094051245405, 0.95768690617, 0.017235044505],
      [0.04343429691, 0.62467737807, 0.053115001322, 0.20106842236, 0.077704901341],
      [0.36205044658, 0.10469654428, 0.046752564214, 0.2482136376, 0.23828680733]
    ],
    [
      [0.00060876235796, 2.5743891895e-05, 0.0065073987564, 0.58195135203, 0.41090674296],
      [0.38490800838, 0.0024537032877, 0.16952039911, 0.43873687407, 0.0043810151486],
      [0.016541886968, 0.011448238963, 0.92802947879, 0.0089839128799, 0.034996482402],
      [0.021199019779, 6.8306136041e-05, 0.0024535245326, 0.95790806935, 0.018371080201],
      [0.032993593769, 0.59928578956, 0.11459883115, 0.17982420391, 0.073297581613],
      [0.29459839179, 0.11101125828, 0.10965180541, 0.24121561937, 0.24352292515]
    ],
    [
      [0.0005154121427, 1.9084087419e-05, 0.0040479011496, 0.60441093874, 0.39100666389],
      [0.36581019708, 0.0020332736004, 0.11783791182, 0.50967010476, 0.0046485127477],
      [0.021725426893, 0.013159587098, 0.89911239259, 0.014428937155, 0.051573656268],
      [0.017847604498, 4.2215286543e-05, 0.00060418652745, 0.96370167222, 0.017804321464],
      [0.034937462526, 0.55556057474, 0.08912806587, 0.23329793679, 0.087075960065],
      [0.28339592587, 0.093206432244, 0.077282893923, 0.28363389742, 0.26248085054]
    ],
    [
      [0.0005135638994, 2.4343981109e-05, 0.0050267080667, 0.60592333342, 0.38851205063],
      [0.3528299022, 0.0025268048884, 0.14242896387, 0.49769419005, 0.0045201389922],
      [0.018080471269, 0.013566760261, 0.91379788604, 0.012006185469, 0.042548696956],
      [0.017008596229, 0, 0.001656013982, 0.96437579399, 0.016959595802],
      [0.029687099421, 0.60207605956, 0.094312752303, 0.19988062216, 0.074043466551],
      [0.26985340949, 0.11409042828, 0.092036174275, 0.27331518393, 0.25070480403]
    ],
    [
      [0.00061129193191, 1.8498657466e-05, 0.0057531614938, 0.42067546839, 0.57294157953],
      [0.45015322905, 0.0020392571188, 0.17337768914, 0.36741450777, 0.0070153169115],
      [0.018437323943, 0.0091185358723, 0.91140259659, 0.0071966974235, 0.053844846169],
      [0.02788601635, 0.0016076818706, 0.0032881138439, 0.93748303277, 0.02973515517],
      [0.041621955503, 0.54040555657, 0.12713056489, 0.16321967524, 0.1276222478],
      [0.30093855064, 0.080791985314, 0.098257164164, 0.17675396611, 0.34325833377]
    ],
    [
      [0.00066852268417, 3.3098108436e-05, 0.0054586039929, 0.63596163291, 0.3578781423],
      [0.40303664254, 0.0029973950705, 0.13498174818, 0.45535832286, 0.0036258913481],
      [0.022418309025, 0.017029974992, 0.91504624701, 0.012717210281, 0.032788258697],
      [0.020933482727, 8.442355766e-06, 0.0017752409999, 0.96248990632, 0.014792927597],
      [0.031138204978, 0.66289863077, 0.082518311246, 0.16858631998, 0.054858533022],
      [0.31360507438, 0.13801918262, 0.088880918776, 0.25445858008, 0.20503624414]
    ],
    [
      [0.00068942114211, 2.5482400382e-05, 0.0049109709246, 0.56887175295, 0.42550237258],
      [0.43668151621, 0.0024270147674, 0.1276468175, 0.4287123081, 0.0045323434193],
      [0.024258743312, 0.014530396347, 0.9027460567, 0.01136210949, 0.047102694149],
      [0.023205467042, 0, 0.0016418593303, 0.95498631916, 0.020166354471],
      [0.038544641508, 0.61282930757, 0.089093426712, 0.18125500641, 0.078277617804],
      [0.32934135148, 0.10830901575, 0.081485526208, 0.23236189344, 0.24850221312]
    ],
    [
      [0.00039927029275, 2.2014351247e-05, 0.0059501853151, 0.50960031866, 0.48402821139],
      [0.31647449876, 0.0026228879938, 0.19425950299, 0.48023067719, 0.0064124330692],
      [0.011655393775, 0.010544703341, 0.92531353961, 0.0084251852447, 0.044061178032],
      [0.014884446137, 0.00019442934087, 0.0021962360164, 0.95794375675, 0.024781131753],
      [0.024283252152, 0.58485768026, 0.11798716205, 0.17641515077, 0.09645675476],
      [0.21815693654, 0.1074312819, 0.11333175397, 0.23803764305, 0.32304238454]
    ],
    [
      [0.00068242269591, 2.72064395e-05, 0.0040444033291, 0.63627619646, 0.35896977107],
      [0.42375720006, 0.0025280651843, 0.10266445847, 0.46732812324, 0.0037221530422],
      [0.028466815, 0.018234623456, 0.89108719178, 0.015340934834, 0.046870434932],
      [0.021076697257, 0, 0.00047374705872, 0.96391125927, 0.014538296417],
      [0.036657636241, 0.63517775745, 0.070599588615, 0.19424207411, 0.063322943582],
      [0.33426924421, 0.11833981228, 0.06861688255, 0.26488853122, 0.21388552974]
    ],
    [
      [0.00042712047357, 2.3434423412e-05, 0.0051286480335, 0.67033059423, 0.32409020283],
      [0.29552193208, 0.002441530401, 0.14598381724, 0.55227516381, 0.0037775564756],
      [0.014646205269, 0.013144532331, 0.92432076714, 0.013001568295, 0.034886926967],
      [0.011306378645, 0.00081247864479, 0.0032938892425, 0.97494441171, 0.0096428417622],
      [0.025043756332, 0.59105316034, 0.097696623669, 0.22363550218, 0.06257095748],
      [0.23948480424, 0.11699430422, 0.10003562129, 0.32096533435, 0.22251993589]
    ],
    [
      [0.00064891063945, 7.4744156657e-06, 0.00088103243757, 0.38342013878, 0.61504244373],
      [0.59279774389, 0.00089359767557, 0.028461764381, 0.37061025357, 0.0072366404857],
      [0.076510501258, 0.014773230615, 0.68484896478, 0.024195552027, 0.19967175132],
      [0.028513119872, 0.0037145935181, 0.001339775977, 0.94676787844, 0.019664632193],
      [0.068188790586, 0.4887708148, 0.030160777553, 0.22233854693, 0.19054107013],
      [0.38164161206, 0.036210580549, 0.01647850682, 0.17724146883, 0.38842783174]
    ],
    [
      [0.00018244218244, 0, 0, 0.4136620852, 0.58615547261],
      [0.094234528467, 0, 0.60451088217, 0.29742380026, 0.0038307891041],
      [0.0006033724619, 0, 0.99436139729, 0.00063315014321, 0.0044020801059],
      [0.010944150307, 0, 0, 0.95892449764, 0.030131352049],
      [0.012708994867, 0.57127068593, 0.22329084515, 0.10901822942, 0.083711244641],
      [0.14420472232, 0.079448244212, 0.26279870456, 0.18386903117, 0.32967929773]
    ],
    [
      [0.00036524408149, 1.7708609616e-05, 0.0028136641107, 0.65769034292, 0.33911304028],
      [0.28595156833, 0.002097196446, 0.090883683862, 0.61656050305, 0.0045070483091],
      [0.021748504202, 0.017257243167, 0.87522579129, 0.022283036867, 0.063485424475],
      [0.0097714615569, 0.0011871292089, 0.00039671863581, 0.97571978935, 0.012924901252],
      [0.026611308449, 0.55179043614, 0.066516757424, 0.27353569988, 0.081545798106],
      [0.22774233071, 0.098550840652, 0.061154013748, 0.35241053962, 0.26014227527]
    ],
    [
      [0.00055090019669, 2.5010928006e-05, 0.005248238333, 0.56750938176, 0.42666646878],
      [0.3817740933, 0.0025786853192, 0.14801972637, 0.46274257004, 0.0048849249776],
      [0.019757783582, 0.012441390684, 0.91263092768, 0.0094278791434, 0.045742018913],
      [0.019208494591, 7.0955941175e-06, 0.0018955111089, 0.95942003052, 0.019468868181],
      [0.031172651962, 0.61119191001, 0.096462077921, 0.18222486285, 0.078948497253],
      [0.28249078365, 0.11336856143, 0.092991197189, 0.24621536356, 0.26493409417]
    ],
    [
      [0.00072610143118, 3.2086801711e-05, 0.0061397358095, 0.59945066863, 0.39365140733],
      [0.42807927881, 0.0028278468238, 0.14781445148, 0.41740879759, 0.0038696252923],
      [0.021197667764, 0.014981875492, 0.92030257086, 0.0094582601647, 0.034059625724],
      [0.023933821641, 8.6094654378e-06, 0.0020984543172, 0.95689825014, 0.017060864433],
      [0.034035756812, 0.65240965954, 0.093438336753, 0.15954723961, 0.060569007288],
      [0.32847827974, 0.12879620338, 0.096140235611, 0.23012503325, 0.21646024801]
    ],
    [
      [0.00056513443733, 1.2193120876e-05, 0.0029535440599, 0.58148981428, 0.4149793141],
      [0.40818712312, 0.0013198949023, 0.087440402577, 0.49805050888, 0.0050020705149],
      [0.031026621967, 0.010983030724, 0.86889697852, 0.018068847223, 0.071024521568],
      [0.019918652129, 0.00031750783006, 0.00055291455216, 0.96045536212, 0.018755563373],
      [0.049173789116, 0.46074483378, 0.083696559308, 0.28797760443, 0.11840721337],
      [0.31802868827, 0.060895671027, 0.057670991903, 0.27894524463, 0.28445940417]
    ],
    [
      [0.00044876671864, 6.2666951608e-05, 0.0056698314904, 0.63792793672, 0.35589079812],
      [0.32574013021, 0, 0.16848448535, 0.49589346314, 0.0098819212977],
      [0.0085183561042, 0, 0.94537476888, 0.0062090713818, 0.039897803635],
      [0.016677506361, 0, 0.0051216828423, 0.96448952715, 0.013711283644],
      [0.0050295803452, 0.92342530522, 0.022489384882, 0.037179104721, 0.011876624832],
      [0.21706403063, 0.28827168065, 0.09189185833, 0.225091831, 0.17768059939]
    ],
    [
      [0.00060107177534, 2.0801236561e-05, 0.0089089203436, 0.61325799959, 0.37721120705],
      [0.35199314495, 0.0018348589663, 0.21477985546, 0.4276704347, 0.003721705917],
      [0.012221273193, 0.0069207101676, 0.94971337741, 0.0070708573803, 0.024073781851],
      [0.020259708569, 0.00055498579934, 0.0050164458311, 0.96233458414, 0.011834275661],
      [0.035037941165, 0.52023132659, 0.1687378641, 0.20360784042, 0.072385027719],
      [0.28870457874, 0.088900340047, 0.14888581613, 0.25179360976, 0.22171565533]
    ],
    [
      [0.00046398630126, 2.0160631849e-05, 0.0043876541967, 0.57196738241, 0.42316081646],
      [0.3460108541, 0.0022763645386, 0.1350842376, 0.51126101643, 0.0053675273309],
      [0.018403164119, 0.013069164251, 0.90278159632, 0.012931762579, 0.052814312727],
      [0.01609296787, 5.5145880123e-05, 0.0015859298124, 0.96261123584, 0.019654720602],
      [0.030714589791, 0.56632449695, 0.094132750436, 0.21632365886, 0.092504503966],
      [0.25635972064, 0.099343336601, 0.084518291991, 0.27192033103, 0.28785831974]
    ],
    [
      [0.00062937302523, 2.2419354488e-05, 0.010601711361, 0.65004446083, 0.33870203543],
      [0.34226164975, 0.0018209877022, 0.23635466513, 0.41650808468, 0.003054612734],
      [0.010641546793, 0.0062172776836, 0.95905369819, 0.0061758100513, 0.017911667284],
      [0.021086446271, 0.0015394052534, 0.0080696761105, 0.96614680942, 0.0031576629486],
      [0.033654218025, 0.52499374666, 0.18510730256, 0.19690317624, 0.059341556515],
      [0.29191732103, 0.092234532304, 0.17059744382, 0.25489979637, 0.19035090648]
    ],
    [
      [0.00082244556957, 2.5968165379e-05, 0.0075556330895, 0.52828063366, 0.46331531951],
      [0.46252143756, 0.0022088351214, 0.17527327538, 0.3555731529, 0.0044232990323],
      [0.0194888315, 0.010060267726, 0.92878950861, 0.0071327144712, 0.034528677693],
      [0.028160125859, 0.0008017769462, 0.0042074279112, 0.94451503909, 0.022315630192],
      [0.043538218752, 0.58617575348, 0.12965908598, 0.15969392073, 0.080933021051],
      [0.35135746055, 0.098937027639, 0.11245945054, 0.19395694971, 0.24328911157]
    ],
    [
      [0.00051703932649, 4.318429814e-06, 0.0059176967526, 0.68637486561, 0.30718607989],
      [0.33315662956, 0, 0.15555029385, 0.50778340386, 0.0035096727339],
      [0.013826224747, 0, 0.94940615238, 0.010050591253, 0.02671703162],
      [0.015095365775, 0, 0.0031826210622, 0.96947192786, 0.012250085305],
      [0.092042657797, 0.15217218637, 0.23607915703, 0.41358816906, 0.10611782975],
      [0.30713270654, 0.021736322406, 0.12123084111, 0.33547230623, 0.21442782371]
    ]
  ],
  "expected_outcome": [
    [
      [0.0059858015051, 0.0034517403123, 0.023737308425, 0.021275707971, 0, 0.0081542656263, 0.0092198483548, 0.0205720728, 0.04316842313, 0.009306761249, 0, 0.0004858774161, 0, 0.00067638659632, 0.00045639985858, 0.0056047212287, 0, 0, 0.01134347919, 0.00068778141523, 0.018049884616, 0.01496106755, 0.0058336107674, 0.025568019034, 0.013916127853, 0.028759578367, 0.0091693789786, 0.016713067104, 0.024819161116, 0.01157883849, 0.020472680877, 0.0098237708921, 0.0025956425578, 0.0010946530946, 0.024836597542, 0.007161702557, 0.010891521468, 0.019779705306, 0.00044876671864, 0.0078139330794, 0.032479041088, 0.0012587460505, 0.039477387339, 0.0025851966324],
      [0.00025455909623, 6.8000211792e-05, 0.00058636215586, 0.00078047942742, 0, 0, 0.00049145219607, 0.00057323018373, 0.0014367975862, 0.0001677990983, 0, 1.2693660857e-05, 0, 0.00018404111349, 3.4189333608e-05, 0.00023704420698, 0, 0, 0.00035403213001, 3.4998705276e-05, 0.00099938291399, 0.00054261736126, 0.00019205621083, 0.0010812434596, 0.00051527036031, 0.0013632629421, 0.00027747986199, 0.00082745271089, 0.00091736641374, 0.00063841618618, 0.00081619318501, 0.00053899173847, 2.9897662663e-05, 0, 0.0012041854539, 0.00032514206408, 0.00048130202566, 0.00042675923067, 6.2666951608e-05, 0.00027041607529, 0.0014112442294, 4.4838708976e-05, 0.0012464719382, 2.159214907e-05],
      [0.065482341435, 0.0097207229972, 0.091821043722, 0.11593490703, 0, 0.10808208795, 0.075421020517, 0.33433506408, 0.60032506376, 0.081030862133, 0, 0.0027516713017, 0, 0.0056817382957, 0.012722564635, 0.08175911258, 0, 0, 0.082197368162, 0.018242076634, 0.13314935635, 0.15444206876, 0.021991070679, 0.27331074777, 0.10929333104, 0.28149565174, 0.086297422408, 0.13646509982, 0.17679495329, 0.17255537414, 0.12133209987, 0.11795890477, 0.0035241297503, 0, 0.19132915953, 0.068227098329, 0.092096037142, 0.1033740421, 0.0056698314904, 0.11581596447, 0.30713579377, 0.021203422722, 0.3626703883, 0.029588483763],
      [8.2504399002, 5.9581070464, 15.2303266158, 20.6451548317, 0, 17.6820568953, 10.6149942837, 20.4273833282, 46.090143234, 8.9667818046, 0, 0.48263371665, 0, 1.2892856524, 0.28648506211, 4.120950888, 0, 0, 20.6777078726, 0.48993282563, 19.6283101625, 12.1165422549, 4.7704151779, 24.4419567853, 16.3190953459, 33.9317066715, 6.3101320259, 15.8990408228, 20.4793831063, 14.778409241, 19.0882858938, 15.4176036674, 1.5336805551, 2.4819725112, 44.7229433187, 7.3776219629, 8.9917600295, 20.3521434999, 0.63792793672, 7.9723539947, 40.0377167684, 1.3000889217, 25.3574704158, 3.431874328],
      [6.6778373977, 2.0286524901, 6.6535286698, 16.2168540739, 0, 11.2017067511, 4.2998733953, 32.2171363048, 39.2649264815, 7.9427127729, 0, 0.51411604098, 0, 0.70417218159, 0.70030178406, 8.791448234, 0, 0, 11.2283972479, 1.4911023176, 15.2194912136, 8.7135119914, 3.2015680844, 17.2580832045, 10.5571799249, 21.7566748355, 8.5941236929, 8.9469535575, 15.3180854129, 14.0368181302, 10.7690931322, 7.4540746652, 2.4601697749, 3.5169328357, 23.0596867388, 5.5466640942, 5.9047711099, 14.5242759935, 0.35589079812, 4.9037456917, 29.6212571525, 0.67740407085, 22.2391353366, 1.5359303994]
    ],
    [
      [6.4430619277, 9.1758821083, 14.6245099974, 35.8118952443, 0, 4.5789972709, 11.4238615898, 18.7155817108, 42.8145475787, 10.387097103, 0, 2.9962771384, 0, 1.1971194981, 1.1017539502, 4.0412961562, 0.96488227316, 0.85941110136, 15.1498700647, 1.3920996486, 20.9642696233, 9.6072192162, 9.4438281097, 29.6379166454, 18.656320051, 36.3414799262, 22.5076614527, 19.3457588419, 27.5109355212, 12.0260309528, 16.9502880025, 13.0029650113, 4.7423819511, 0.47117264234, 26.8794474235, 7.6354818659, 13.2704576432, 18.3684205405, 1.3029605208, 18.3036435375, 42.2133241998, 10.2678494926, 66.6030870088, 6.3299759616],
      [0.040972000156, 0.026866372305, 0.053490958773, 0.19813675644, 0, 0.016975153871, 0.091241966636, 0.078672615612, 0.21557310537, 0.02780329698, 0, 0.010824504161, 0, 0.043149284001, 0.010960348495, 0.025116097468, 0.00084533213398, 0.003999059431, 0.071379372786, 0.0099999250784, 0.17496327767, 0.052121974824, 0.045755902288, 0.18893515315, 0.10369695362, 0.26026090351, 0.10196285594, 0.14387496338, 0.15290193035, 0.099669743764, 0.10112260737, 0.10742733764, 0.0071487814046, 0, 0.19713646593, 0.051573706383, 0.087663251538, 0.059395270603, 0, 0.095412666247, 0.27771647371, 0.054629631067, 0.31807225748, 0],
      [2.8920459886, 1.0452984398, 2.2949342028, 8.0340400859, 0, 2.513274698, 3.8459823929, 12.5151064521, 24.5771750331, 3.684395835, 0, 0.64277268925, 0, 0.37143128504, 1.1350167922, 2.3761164295, 0.031413078522, 1.4406062045, 4.5212520787, 1.4329268822, 6.3592120883, 4.0550067548, 1.4301964141, 13.0530707312, 6.0097335027, 14.6701832787, 8.6688844571, 6.4791239126, 8.0417495024, 7.3818611135, 4.1065783388, 6.4232879586, 0.22769411505, 3.0225544108, 8.5430662831, 2.9603945274, 4.582247996, 3.934818116, 0.67393794141, 11.1685524841, 16.4802769875, 7.0906399538, 25.2393516552, 2.9554555831],
      [10.5049204065, 18.6629284014, 10.9595772099, 41.4952394458, 0, 11.7859759785, 15.5500558908, 22.1962288741, 54.7315576946, 11.7554461445, 0, 3.3048802893, 0, 2.3724072771, 0.73012384734, 3.455990207, 0.0028593161819, 2.6115354408, 33.004034009, 1.1211088954, 27.2031692085, 9.1922068715, 8.9958811218, 33.7827393037, 25.9931753425, 51.2625015754, 18.3707253887, 21.8571994975, 27.0088754106, 18.2487657333, 18.6931249296, 24.3001072075, 2.9648820285, 1.4871190013, 57.9566872865, 9.2548514007, 12.9396727252, 22.4122728998, 1.9835738526, 22.2388626044, 62.3738440046, 12.4952425405, 51.2025340178, 9.6478846733],
      [0.11899967696, 0.089024678102, 0.067487631068, 0.46068846753, 0, 0.10477689871, 0.088858159836, 0.49441034733, 0.66114658816, 0.14525762048, 0, 0.045245378882, 0, 0.015892655752, 0.022145061768, 0.10148110991, 0, 0.084448193936, 0.25346447485, 0.04386464877, 0.29838580227, 0.093445182729, 0.08433845211, 0.33733816645, 0.23707415013, 0.46557431619, 0.35076584557, 0.17404278471, 0.28553763541, 0.24367245663, 0.14888612169, 0.16621248493, 0.057893123886, 0.019153945521, 0.42366254106, 0.097698499552, 0.11995838406, 0.22509317317, 0.039527685191, 0.19352870768, 0.65483833437, 0.09163838202, 0.63695506065, 0.066683781943]
    ],
    [
      [1.2387646185, 2.1324214598, 2.3212873972, 4.7671134367, 0, 0.45517057831, 0.85931077397, 7.4855055242, 7.1435918583, 1.8769359392, 0, 1.1055781679, 0.48786914135, 0.14203804733, 0.33712893876, 2.0791675832, 0.049074088287, 0, 5.0195052517, 0.57080118113, 8.610440358, 5.5363207472, 5.1487454935, 3.6888407938, 3.9974785484, 5.5145437371, 4.1668352112, 7.4652969054, 9.5094273784, 1.608444341, 5.607962555, 3.7933671646, 0.84161551383, 0.0024134898476, 6.4593057479, 3.6354321791, 6.7408583489, 2.3269966475, 0.051110136625, 3.9719137877, 11.6123965589, 1.6387982061, 14.8310007717, 0.33182939394],
      [0.85532684502, 1.4850743888, 0.942172745, 2.8623335889, 0, 0, 0.75519962321, 1.682368703, 3.8866454458, 0.17699119849, 0, 0.47570372168, 0.24277289098, 0.53659812697, 0.41235539857, 1.6870248191, 0, 0, 2.5692934689, 0.47423210672, 7.1159324326, 3.3461491532, 3.2535858762, 2.5529572887, 2.421364026, 4.1378618797, 2.0607891071, 5.6709816723, 5.6959153681, 1.4551690611, 3.5922208209, 3.4044338737, 0.16250553676, 0, 5.1254012205, 2.2892158859, 4.7642364066, 0.82372730428, 0, 2.2492308045, 8.2466426422, 0.95746076328, 7.6558637393, 0],
      [73.6346407293, 31.7067685063, 48.8728702217, 136.3500572138, 2.9999809676, 33.8632009606, 38.5773953285, 625.8009432296, 516.1994881301, 81.4044434715, 16.6583114613, 36.3548820644, 48.4317881619, 9.574509675, 53.7607435119, 127.0616069184, 3.9509259117, 22.0879661453, 191.6152586168, 83.2515996872, 320.8919844028, 289.721622041, 122.1143194187, 206.9505737696, 165.4366802357, 278.7083552433, 205.9769868297, 304.7104002527, 353.8764542268, 127.6932684658, 175.5441767803, 239.3990786888, 7.5333386126, 3.9774455892, 259.942060013, 167.9240906926, 292.656217532, 65.1672733889, 5.6722486133, 308.6568476578, 569.6551872809, 147.6942695209, 706.8088160523, 22.7857476571],
      [0.96334911784, 2.7654392291, 0.83785726312, 2.6311236996, 1.0000190324, 0.55568600357, 0.55817346387, 7.8586918003, 4.3457271559, 0.9370256241, 0.34168853865, 0.59319958775, 0, 0.13371861333, 0, 1.2324748037, 0, 1.219373905, 5.1938328369, 0, 5.2979423675, 2.2206219388, 3.248306948, 2.0034125722, 2.6549244365, 3.6618865682, 1.6264536177, 4.2348310237, 4.4539469203, 1.1626755638, 3.0221641622, 3.3674061885, 0.2661510723, 0.0025326005728, 6.6180619495, 1.7347297624, 3.0077267324, 1.3551635417, 0.037254428291, 2.2980286486, 8.1599421876, 0.95107474791, 5.4279957126, 0.24121419006],
      [4.3079186893, 3.9102964159, 2.0258123729, 11.3893720609, 0, 2.1259424575, 1.2499208105, 31.1724907429, 20.4245474097, 4.6046037668, 0, 3.4706364583, 1.8375698058, 0.6131355374, 1.4897721508, 5.9397258756, 0, 0.69265994963, 15.6021098257, 3.703367025, 22.083700439, 9.1752861198, 10.2350422636, 7.8042155756, 9.4895527534, 12.9773525717, 12.1689352343, 10.9184901459, 18.4642561065, 6.0804425684, 9.2334756816, 9.0357140845, 2.1963892645, 0.017608320423, 18.855171069, 8.41653148, 10.8309609802, 5.3268391176, 0.23938682181, 7.8239791015, 33.3258313304, 2.7583967618, 26.2763237241, 0.64120875888]
    ],
    [
      [5.9628977871, 4.2213679752, 7.7356418742, 18.7438143701, 0, 2.3493664945, 8.7948196876, 9.7097689129, 24.634387654, 6.1862014414, 1.0824491856, 1.313938542, 0.68776711555, 0.51982651449, 0.80931389749, 3.1390640954, 0.98531128659, 0, 8.3054246434, 0.16935163829, 9.8749230555, 4.7443571478, 3.1611716883, 13.4189795198, 6.2466615743, 14.2532036398, 9.7043336896, 6.7405814381, 14.2017458295, 7.7101430988, 6.1965489935, 2.9396584476, 1.6822740725, 0.52531921472, 10.2698060963, 3.3614865535, 5.3611760476, 9.7999768477, 0.76716529261, 9.8664780731, 22.5784339212, 4.4914130558, 31.0324586964, 1.5548226749],
      [0, 0.24232556743, 0.4664544224, 0.34349324831, 0, 0, 0.0477297863, 0.0022036267633, 0.0024572833337, 0, 0, 0.05537933348, 0.16551087542, 0, 0.32307968396, 0.0010766883826, 0, 0, 0.66368444691, 6.9857563655e-05, 0, 0.001401728302, 0.00084564214733, 0.043237784114, 0.01477535029, 0, 0.55947329098, 0.0027184385567, 0, 0.10071439857, 0, 0.21124444764, 0.21916101757, 0, 1.2476727986, 0.0012417289706, 0.0019285202581, 0.15621385239, 0, 0.27027808428, 0.077369669812, 0.32789331897, 0.88355819472, 0],
      [0.6914503463, 0, 0.3645077885, 0.087356344193, 6.5891999264e-06, 0.97895093682, 0.96003535466, 1.6384093539, 2.3884809152, 0.54617126363, 1.2593643253, 0.016562897931, 0.067770472323, 0, 0.41348146641, 0.47083618557, 0.017554274798, 0.16857280216, 1.2445416725, 0.045241660288, 0.65349437515, 0.50823487337, 0.12320713148, 1.5530810292, 0.21146528461, 1.3877397169, 1.1442636177, 0.57162760198, 1.0048179101, 1.1376502565, 0.13928163526, 0.85641120306, 0.079046782644, 0, 0.41695128624, 0.33171444406, 0.47005376706, 0.27203395966, 0.23559741074, 2.4430091197, 2.2250595269, 1.7188410115, 4.6365855581, 0.32780996941],
      [401.340829169, 280.9404422913, 291.188843123, 868.4197261294, 2.9999934108, 404.4477749542, 463.2382196825, 466.5754496384, 1256.7737871116, 282.5334402044, 1.658186489, 52.4005174838, 8.4311204075, 29.9778861289, 22.2604281813, 113.0690273761, 1.9971344386, 15.9017220652, 814.371368312, 6.3450911346, 513.5749062892, 186.1071810451, 125.4569847078, 606.3558078998, 337.2955852783, 808.1469153611, 326.2440954025, 309.9217498352, 584.451627324, 496.214865998, 283.3899102247, 253.4855470435, 55.859304828, 46.0283758869, 1025.4814986032, 167.8985053418, 214.3452080321, 472.5440381606, 44.366518249, 468.6569424759, 1350.5435638774, 205.7892704057, 1040.8555730794, 99.8556085693],
      [9.0048226976, 1.5958641661, 2.2445527919, 18.405609908, 0, 7.2239076144, 2.9591954889, 20.0741684681, 29.2008870358, 6.7341870906, 0, 1.2136017428, 0.64783112915, 0.50228735663, 1.1936967708, 6.3199956546, 0, 0.92970513261, 11.4149809252, 0.44024570923, 10.8966762802, 3.6388252054, 2.2577908302, 11.6288937671, 6.2315125125, 14.2121412822, 10.3478339992, 4.7633226861, 12.3418089364, 12.8366262482, 4.2742591465, 2.5071388582, 1.1602132994, 1.4463048984, 13.5840712156, 3.4070519317, 3.821633633, 9.2277371796, 0.63071904764, 5.763292247, 27.5755730048, 0.67258220805, 24.5918244714, 1.2617587864]
    ],
    [
      [1.1515681495, 0.98010554617, 2.6592037662, 3.992310145, 0, 0.57471726469, 0.9544776878, 1.8609539586, 7.7922310322, 2.2113440539, 0, 0.41181653903, 0.20900337064, 0.0023744254787, 0.11917862784, 0.61888062241, 0, 0, 1.6073770565, 0.17809829403, 4.1915050754, 3.0623254537, 2.1717148455, 3.2663657832, 3.2841214775, 3.8296358252, 3.7875979508, 3.0826822928, 3.5075623772, 1.1898793555, 2.1994581744, 2.1537630446, 0.20456637176, 0, 3.2465796307, 2.2756035932, 2.0761811655, 2.2619942993, 0.01005916069, 3.0132629402, 8.8765164496, 1.346168721, 5.790583094, 0.55225594678],
      [21.5144370915, 8.6386981988, 28.8756938406, 62.820332454, 0, 6.2592510162, 22.7884977895, 22.2060365747, 110.1641349898, 17.2664270071, 0, 5.1957055098, 3.4439608094, 1.9597812576, 4.839371991, 11.7449919139, 0, 1.9552996359, 21.6593359577, 4.3873118037, 99.1439385258, 47.7341539734, 31.2338689033, 59.3292931662, 52.2226940259, 77.6678116834, 49.1769056479, 65.6269644466, 55.7674669887, 28.6580263329, 38.1106654469, 50.8305717889, 1.4663124444, 0, 67.3184332092, 44.6170094309, 39.7969892316, 21.1942623537, 1.8468506104, 44.739894087, 163.6677796171, 20.9997498665, 77.9613752135, 0.91303311823],
      [4.1191436993, 0.90019396316, 3.3594299426, 7.0623893294, 1.2443189369e-05, 2.5074121146, 2.5594982472, 9.8042618187, 35.139922855, 6.2820785613, 0, 0.76169826824, 1.1757908779, 0.0074556043256, 1.090647081, 2.9391707489, 0, 2.090705964, 3.784402284, 1.5367102457, 10.0257004552, 10.2593548627, 2.6557500661, 11.3452842842, 8.3780381918, 12.166345047, 11.5688814049, 8.1693128133, 8.1075018308, 5.7813709407, 4.2359753169, 8.4019096356, 0.09048233266, 0, 8.1150444058, 7.0417316882, 5.6997385419, 3.8500417282, 0.044978769765, 14.5114563126, 27.204364876, 7.4042921023, 17.2446584354, 1.4164749422],
