{
  "X": [
    [6, 21, 127, 11],
    [15, 62, 306, 19],
    [32, 155, 288, 20],
    [26, 143, 695, 42],
    [27, 100, 430, 40],
    [26, 119, 379, 32],
    [75, 313, 986, 80],
    [5, 15, 83, 2],
    [30, 195, 432, 37],
    [15, 113, 285, 26],
    [24, 140, 371, 38],
    [26, 89, 152, 40],
    [28, 116, 634, 47],
    [26, 86, 560, 28],
    [5, 24, 142, 23],
    [8, 42, 180, 18],
    [14, 44, 172, 27],
    [6, 65, 245, 19],
    [7, 25, 56, 7],
    [8, 35, 52, 10],
    [2, 13, 62, 9],
    [10, 33, 94, 1],
    [18, 80, 264, 30],
    [13, 44, 172, 20],
    [14, 72, 152, 10],
    [9, 36, 133, 10],
    [40, 168, 559, 44],
    [33, 119, 349, 39],
    [12, 95, 86, 19],
    [17, 110, 400, 26],
    [10, 79, 333, 30],
    [68, 387, 1041, 86],
    [117, 646, 1260, 148],
    [29, 266, 209, 76],
    [42, 245, 782, 73],
    [45, 346, 765, 78],
    [10, 69, 169, 31],
    [13, 116, 367, 17],
    [37, 540, 347, 126],
    [28, 123, 461, 21],
    [4, 20, 91, 9],
    [5, 26, 132, 8],
    [2, 7, 84, 2],
    [37, 223, 475, 52],
    [3, 30, 83, 9],
    [5, 44, 95, 21],
    [26, 207, 291, 33],
    [46, 187, 334, 49],
    [9, 21, 172, 14],
    [26, 151, 504, 34],
    [1, 11, 49, 5],
    [5, 10, 68, 3],
    [12, 81, 216, 19],
    [3, 22, 86, 6],
    [83, 362, 680, 67],
    [51, 225, 404, 72],
    [115, 506, 856, 104],
    [13, 106, 215, 34],
    [20, 60, 126, 20],
    [97, 505, 1352, 136],
    [10, 25, 56, 9],
    [145, 724, 1464, 229],
    [9, 76, 203, 23]
  ],
  "W": [
    [2, 22, 122, 16, 3],
    [18, 55, 284, 26, 19],
    [30, 135, 239, 53, 38],
    [21, 164, 623, 47, 51],
    [16, 109, 394, 46, 32],
    [18, 123, 317, 58, 40],
    [50, 310, 861, 120, 113],
    [0, 14, 72, 12, 7],
    [31, 191, 359, 68, 45],
    [12, 113, 257, 28, 29],
    [39, 125, 330, 45, 34],
    [25, 80, 137, 36, 29],
    [13, 124, 588, 50, 50],
    [16, 97, 501, 39, 47],
    [7, 22, 138, 11, 16],
    [11, 46, 154, 20, 17],
    [3, 46, 156, 33, 19],
    [9, 72, 209, 17, 28],
    [2, 20, 48, 11, 14],
    [2, 36, 40, 14, 13],
    [4, 13, 51, 8, 10],
    [2, 32, 80, 19, 5],
    [12, 81, 226, 32, 41],
    [9, 37, 159, 23, 21],
    [11, 59, 135, 22, 21],
    [9, 30, 115, 18, 16],
    [19, 181, 514, 55, 42],
    [12, 123, 318, 53, 34],
    [15, 94, 68, 23, 12],
    [22, 108, 347, 39, 37],
    [13, 88, 286, 23, 42],
    [19, 440, 860, 147, 116],
    [57, 697, 1066, 214, 137],
    [20, 279, 170, 43, 68],
    [31, 271, 682, 81, 77],
    [26, 351, 637, 110, 110],
    [20, 62, 160, 21, 16],
    [13, 127, 317, 29, 27],
    [157, 471, 274, 68, 80],
    [13, 120, 414, 42, 44],
    [1, 24, 82, 7, 10],
    [5, 23, 116, 11, 16],
    [2, 8, 77, 4, 4],
    [20, 215, 423, 71, 58],
    [6, 23, 72, 9, 15],
    [19, 38, 81, 10, 17],
    [25, 217, 229, 56, 30],
    [17, 190, 289, 82, 38],
    [4, 23, 154, 12, 23],
    [22, 150, 448, 50, 45],
    [5, 7, 41, 6, 7],
    [1, 9, 63, 8, 5],
    [15, 76, 183, 28, 26],
    [3, 17, 79, 9, 9],
    [26, 386, 575, 135, 70],
    [25, 223, 351, 75, 78],
    [59, 520, 692, 177, 133],
    [12, 101, 203, 14, 38],
    [1, 68, 115, 27, 15],
    [66, 505, 1147, 180, 192],
    [3, 27, 49, 12, 9],
    [150, 717, 1327, 178, 190],
    [27, 71, 180, 13, 20]
  ],
  "method": "mvn_cdf",
  "mvncdf_method": "genz",
  "mvncdf_samples": 5000,
  "mvncdf_error": 1e-06,
  "cond_prob": [
    [
      [4.3393270251e-08, 0.52565254093, 3.0398163833e-09, 0.47434741264],
      [0.013380241564, 0.79084650299, 0.082839107202, 0.11293414824],
      [0.0037227502599, 2.6283014437e-12, 0.95557994868, 0.040697301056],
      [0.32532865917, 0.13354839793, 0.42893888617, 0.11218405672],
      [0.022373155482, 0.1097206722, 0.38300750232, 0.48489867]
    ],
    [
      [1.0099186925e-07, 0.70263309396, 5.2681461638e-09, 0.29736679978],
      [0.024328722653, 0.80499098802, 0.11339384479, 0.057286444539],
      [0.0052072287117, 2.1985939075e-12, 0.97886591156, 0.01592685973],
      [0.42676529363, 0.10616126112, 0.42526286583, 0.041810579423],
      [0.044776803953, 0.12954199646, 0.56614644748, 0.2595347521]
    ],
    [
      [1.2192735789e-07, 0.79879652973, 5.0819572889e-09, 0.20120334326],
      [0.021974964624, 0.84000324645, 0.10431204757, 0.033709741359],
      [0.0070803921289, 3.2030082118e-12, 0.97882687292, 0.014092734951],
      [0.47267574428, 0.13434071507, 0.35685503206, 0.036128508592],
      [0.057342780198, 0.20434490564, 0.56456536096, 0.1737469532]
    ],
    [
      [9.6468810714e-08, 0.61647164232, 8.3100060377e-09, 0.3835282529],
      [0.023010332857, 0.73698662932, 0.16512721696, 0.074875820867],
      [0.003766697048, 1.2413125067e-12, 0.98270747511, 0.013525827845],
      [0.36959986114, 0.082421837867, 0.50637432632, 0.041603974668],
      [0.031564280617, 0.081945139943, 0.62490394068, 0.26158663876]
    ],
    [
      [9.6325774972e-08, 0.5833613767, 4.9322859274e-09, 0.41663852204],
      [0.028054047872, 0.76687246707, 0.11299587339, 0.092077611665],
      [0.0056915671936, 2.0154259727e-12, 0.97013366063, 0.024174772179],
      [0.4379483927, 0.093455639088, 0.40745128555, 0.061144682662],
      [0.043034822308, 0.10507603056, 0.50198307248, 0.34990607465]
    ],
    [
      [8.5677344233e-08, 0.65855381208, 6.2838315018e-09, 0.34144609595],
      [0.020315742963, 0.78755808106, 0.12928350724, 0.062842668735],
      [0.0036862408801, 1.9601597735e-12, 0.98127726912, 0.015036489995],
      [0.34427830847, 0.092090187145, 0.50992816336, 0.053703341022],
      [0.035439662394, 0.11543924429, 0.57760919212, 0.2715119012]
    ],
    [
      [1.1153768625e-07, 0.72878878415, 4.3810634757e-09, 0.27121109993],
      [0.028880096692, 0.8004977797, 0.11620201867, 0.054420104947],
      [0.0073993915529, 2.8052157652e-12, 0.97329946411, 0.019301144337],
      [0.4667490641, 0.096843411674, 0.39833471868, 0.038072805544],
      [0.05879106631, 0.13752787196, 0.53403396727, 0.26964709446]
    ],
    [
      [6.544752972e-08, 0.83017705167, 4.9202940633e-09, 0.16982287796],
      [0.01412163938, 0.86077377, 0.095616841233, 0.029487749388],
      [0.0034821028773, 2.3561186344e-12, 0.98709316832, 0.0094247288019],
      [0.34851226557, 0.13757402524, 0.48995571141, 0.023957997778],
      [0.034055427234, 0.16161678999, 0.62983066641, 0.17449711637]
    ],
    [
      [6.5950773687e-08, 0.74193817541, 4.8968970945e-09, 0.25806175375],
      [0.014972048059, 0.82529317918, 0.10657110177, 0.053163670991],
      [0.0042256435785, 2.3813287158e-12, 0.98202632195, 0.013748034468],
      [0.3696949243, 0.12152972453, 0.47066509296, 0.038110258211],
      [0.034327269582, 0.17475830442, 0.55882056066, 0.23209386534]
    ],
    [
      [6.6196195417e-08, 0.71805252698, 3.7001408134e-09, 0.28194740312],
      [0.016660167971, 0.84355067383, 0.083084142957, 0.056705015246],
      [0.0049115584309, 3.2330346954e-12, 0.97348400148, 0.021604440089],
      [0.38688016429, 0.15171340842, 0.40634588878, 0.05506053851],
      [0.036471766345, 0.1660996104, 0.4924646281, 0.30496399516]
    ],
    [
      [8.3713001854e-08, 0.69696784022, 4.504623109e-09, 0.30303207156],
      [0.020624003133, 0.82017100128, 0.099136214826, 0.060068780763],
      [0.0050780858711, 2.6522388617e-12, 0.97557679176, 0.019345122364],
      [0.40344326169, 0.12564685411, 0.420886541, 0.050023343197],
      [0.040570680951, 0.1452359482, 0.52512958286, 0.28906378798]
    ],
    [
      [1.0685584141e-07, 0.50334654329, 1.589812593e-09, 0.49665334826],
      [0.025331685653, 0.85249738083, 0.042659821631, 0.079511111887],
      [0.009699487759, 3.2277406761e-12, 0.94749609117, 0.042804421072],
      [0.53286979734, 0.13984829587, 0.2587856938, 0.068496212995],
      [0.056274312398, 0.16039396777, 0.32692410123, 0.4564076186]
    ],
    [
      [8.8517597425e-08, 0.62312172481, 4.9888098041e-09, 0.37687818168],
      [0.022734643439, 0.78532054279, 0.11306760335, 0.078877210427],
      [0.0049568119483, 2.1623396989e-12, 0.97336144721, 0.021681740835],
      [0.40480716597, 0.10431707399, 0.43261037206, 0.058265387975],
      [0.038479571526, 0.11613420865, 0.51889774846, 0.32648847137]
    ],
    [
      [1.6877434059e-07, 0.67136949234, 8.8569784106e-09, 0.32863033003],
      [0.036066961824, 0.70358671124, 0.18768181823, 0.072664508713],
      [0.0051095511263, 1.3658802033e-12, 0.97963636226, 0.015254086611],
      [0.45418979084, 0.056596939292, 0.4587698446, 0.030443425259],
      [0.05991419333, 0.10699623461, 0.61343295255, 0.2196566195]
    ],
    [
      [4.749321722e-08, 0.55305830419, 1.9789782661e-09, 0.44694164634],
      [0.013217853829, 0.63541012318, 0.14182728811, 0.20954473488],
      [0.0025549734188, 2.0732689257e-12, 0.95405814273, 0.043386883846],
      [0.38980667578, 0.14663750318, 0.30702637305, 0.15652944799],
      [0.022618024115, 0.067362142708, 0.43932607437, 0.47069375881]
    ],
    [
      [7.7316775668e-08, 0.55910992148, 7.2629402098e-09, 0.44088999394],
      [0.02074623729, 0.70230277024, 0.17571081784, 0.10124017463],
      [0.002685536343, 1.2028279859e-12, 0.98163164519, 0.015682818469],
      [0.31540416281, 0.081779045141, 0.55005233403, 0.052764458017],
      [0.025591530048, 0.074127540363, 0.60857350867, 0.29170742092]
    ],
    [
      [7.0530108254e-08, 0.32877971894, 2.5192181754e-09, 0.67122020801],
      [0.012756041246, 0.73465106857, 0.10465232935, 0.14794056083],
      [0.0050505649215, 4.3397671201e-12, 0.9205142329, 0.074435202179],
      [0.32896024124, 0.11961146478, 0.45370197736, 0.097726316624],
      [0.028842515325, 0.13691250932, 0.33974556696, 0.49449940839]
    ],
    [
      [5.5365439836e-08, 0.66548515702, 7.0446320629e-09, 0.33451478057],
      [0.015757066006, 0.73412852577, 0.18275051645, 0.067363891778],
      [0.0025213416955, 1.4327577454e-12, 0.98365391925, 0.013824739057],
      [0.25485016359, 0.097601380099, 0.60057175908, 0.046976697233],
      [0.023610107507, 0.097218252246, 0.64388348525, 0.23528815499]
    ],
    [
      [6.7691742408e-08, 0.80439369052, 2.2420677941e-09, 0.19560623955],
      [0.015849559437, 0.90115159948, 0.046739743783, 0.0362590973],
      [0.0079072893292, 5.2990287557e-12, 0.96866612674, 0.023426583925],
      [0.48534956428, 0.18243834854, 0.28925339671, 0.042958690479],
      [0.051559395321, 0.24053501061, 0.41352012997, 0.29438546411]
    ],
    [
      [7.7261787877e-08, 0.66830498734, 3.2927963144e-09, 0.3316949321],
      [0.020186270656, 0.83511045458, 0.076806781559, 0.067896493202],
      [0.006169806244, 3.1617122723e-12, 0.96702814586, 0.026802047893],
      [0.45276596633, 0.13174771228, 0.35497501535, 0.060511306045],
      [0.043002081886, 0.15128863318, 0.44385009885, 0.36185918608]
    ],
    [
      [4.2401343262e-08, 0.50936161004, 5.8123432239e-09, 0.49063834175],
      [0.012454303273, 0.72458585818, 0.1527321955, 0.11022764305],
      [0.0018994589933, 1.2839968461e-12, 0.97680905358, 0.02129148743],
      [0.22786524983, 0.090362665244, 0.60073448867, 0.08103759626],
      [0.016142647437, 0.076026113189, 0.5494790437, 0.35835219567]
    ],
    [
      [9.970720476e-08, 0.8557245781, 5.0795155911e-09, 0.14427531711],
      [0.021020426173, 0.85994401311, 0.095092111268, 0.023943449454],
      [0.0052313169809, 2.6105624679e-12, 0.98688085658, 0.007887826436],
      [0.43791190186, 0.12518378516, 0.41668421164, 0.020220101342],
      [0.050828263193, 0.17383946144, 0.62994113281, 0.14539114256]
    ],
    [
      [8.9448215783e-08, 0.64272374358, 4.844322138e-09, 0.35727616212],
      [0.022922721792, 0.79117587081, 0.11189233362, 0.074009073779],
      [0.005051410203, 2.2424407499e-12, 0.97363868437, 0.021309905429],
      [0.41106244887, 0.1079882145, 0.42589697489, 0.055052361741],
      [0.039949058089, 0.12091289654, 0.5266778926, 0.31246015277]
    ],
    [
      [7.1558914296e-08, 0.6705151192, 2.9388568613e-09, 0.3294848063],
      [0.018740946242, 0.84402026208, 0.068637035127, 0.068601756548],
      [0.0065290855871, 3.6668596458e-12, 0.96258768268, 0.030883231732],
      [0.44433434282, 0.14600573718, 0.34301675793, 0.066643162078],
      [0.040786477164, 0.16332059043, 0.41469712794, 0.38119580447]
    ],
    [
      [8.1953793543e-08, 0.82837018692, 2.9936626186e-09, 0.17162972813],
      [0.018666824245, 0.89058854639, 0.055476392725, 0.035268236636],
      [0.0080944241215, 4.8559768748e-12, 0.97412030318, 0.017785272691],
      [0.46099924023, 0.15880509491, 0.35087198545, 0.029323679411],
      [0.04744615977, 0.23414048723, 0.47497970244, 0.24343365056]
    ],
    [
      [8.2054816958e-08, 0.74070638268, 4.8978784066e-09, 0.25929353037],
      [0.019353861923, 0.82865086866, 0.10332475532, 0.048670514094],
      [0.0045154892213, 2.4028697931e-12, 0.98080242343, 0.014682087349],
      [0.39416777356, 0.12190133682, 0.44364843576, 0.040282453858],
      [0.039535714665, 0.14491086963, 0.57149313128, 0.24406028442]
    ],
    [
      [1.3138531028e-07, 0.67070286429, 4.6369488737e-09, 0.32929699969],
      [0.031956544489, 0.79967159897, 0.10285794554, 0.065513911],
      [0.0077635169782, 2.464560311e-12, 0.9721433417, 0.020093141319],
      [0.51080384502, 0.098332139216, 0.34757065556, 0.043293360207],
      [0.060064175901, 0.13130352603, 0.50592529732, 0.30270700075]
    ],
    [
      [9.6373122247e-08, 0.63966204596, 3.4518241847e-09, 0.36033785421],
      [0.025274905697, 0.81313882545, 0.084903229062, 0.076683039792],
      [0.0076053923979, 3.1018403802e-12, 0.96262684504, 0.029767762559],
      [0.45744953945, 0.11594831644, 0.36193429526, 0.064667848846],
      [0.050920881422, 0.14029484116, 0.43497351929, 0.37381075813]
    ],
    [
      [6.5112973028e-08, 0.6823875577, 3.1057014716e-09, 0.31761237408],
      [0.016983631519, 0.84487121111, 0.072459469855, 0.065685687518],
      [0.0056091278515, 3.574398756e-12, 0.96648695556, 0.027903916586],
      [0.41533921315, 0.15602443285, 0.36335473633, 0.065281617672],
      [0.03788382092, 0.16558518403, 0.43511089895, 0.36142009609]
    ],
    [
      [8.0639259725e-08, 0.69165046395, 8.0267823147e-09, 0.30834944739],
      [0.016898291168, 0.78675897096, 0.13920541965, 0.057137318217],
      [0.0035590351734, 2.0473442449e-12, 0.98094076225, 0.015500202578],
      [0.35742378743, 0.098807586688, 0.49937182529, 0.04439680059],
      [0.027832382726, 0.10663853551, 0.64781819243, 0.21771088934]
    ],
    [
      [6.791202571e-08, 0.61745974253, 6.9186466469e-09, 0.38254018264],
      [0.019361215184, 0.72916026643, 0.16686104167, 0.084617476721],
      [0.0029674066518, 1.4478513907e-12, 0.98208270987, 0.014949883476],
      [0.28870391467, 0.095617792479, 0.56333527884, 0.052343014014],
      [0.02774649506, 0.08889905483, 0.61058426347, 0.27277018664]
    ],
    [
      [7.9782906721e-08, 0.64295820722, 5.7372512412e-09, 0.35704170726],
      [0.021307469082, 0.78004831262, 0.13206780053, 0.066576417765],
      [0.0038175198641, 1.7956724704e-12, 0.98117627731, 0.015006202822],
      [0.32992052148, 0.10411192484, 0.51561091664, 0.050356637027],
      [0.033522521566, 0.12547750418, 0.57325088877, 0.26774908549]
    ],
    [
      [8.7619999244e-08, 0.664850374, 4.3374394566e-09, 0.33514953404],
      [0.022224339836, 0.81080238513, 0.098245473349, 0.068727801689],
      [0.0054438977996, 2.6378527456e-12, 0.97237167195, 0.022184430243],
      [0.41973991737, 0.11890488234, 0.40588373722, 0.055471463062],
      [0.042785728482, 0.13714447383, 0.49641075477, 0.32365904292]
    ],
    [
      [3.7773102719e-08, 0.65779599615, 1.460038669e-09, 0.34220396462],
      [0.01265935563, 0.85635619591, 0.043976815869, 0.087007632596],
      [0.0078412357881, 3.8546394486e-12, 0.95645819888, 0.035700565327],
      [0.36544829733, 0.15065351901, 0.39142281408, 0.092475369579],
      [0.02602825841, 0.10892642713, 0.32407434728, 0.54097096718]
    ],
    [
      [8.9712965727e-08, 0.62977310598, 5.691252339e-09, 0.37022679861],
      [0.022587059386, 0.76802218903, 0.13225609177, 0.077134659808],
      [0.0041773613714, 1.868965839e-12, 0.97724217021, 0.018580468416],
      [0.36274007195, 0.099763453862, 0.48374074519, 0.053755728993],
      [0.036517193077, 0.11144471143, 0.55775895958, 0.29427913591]
    ],
    [
      [5.841313413e-08, 0.70544060222, 4.1203398571e-09, 0.29455933525],
      [0.013734205119, 0.83765569526, 0.094152225368, 0.05445787425],
      [0.0035376745554, 2.7820860721e-12, 0.97729001264, 0.019172312806],
      [0.32366295612, 0.14810375654, 0.46943612693, 0.058797160407],
      [0.029518822274, 0.15350833642, 0.52480256682, 0.29217027449]
    ],
    [
      [4.3715696917e-08, 0.5746423252, 2.2145714182e-09, 0.42535762887],
      [0.01399903451, 0.82755747092, 0.060312720165, 0.098130774409],
      [0.0061061698334, 5.534985051e-12, 0.92730456334, 0.066589266819],
      [0.3813475307, 0.13615524719, 0.37520351376, 0.10729370834],
      [0.028508872913, 0.16817669624, 0.32158870789, 0.48172572295]
    ],
    [
      [8.6435599424e-08, 0.72328532962, 8.6018585894e-09, 0.27671457534],
      [0.023458038681, 0.76083471297, 0.15155531741, 0.064151930947],
      [0.0032728526655, 1.3290299255e-12, 0.98671301554, 0.010014131791],
      [0.35079015515, 0.11256216134, 0.50684054622, 0.029807137287],
      [0.025892698532, 0.097439557414, 0.73207291786, 0.14459482619]
    ],
    [
      [5.1183907956e-08, 0.66261861014, 2.6231294425e-09, 0.33738133605],
      [0.014173242481, 0.85663223483, 0.066309562139, 0.062884960553],
      [0.0059743745582, 4.543384219e-12, 0.95932671835, 0.034698907083],
      [0.40464002955, 0.15429207025, 0.36621227275, 0.07485562745],
      [0.033117000471, 0.17292786694, 0.40248846335, 0.39146666924]
    ],
    [
      [9.8560299955e-08, 0.82331511121, 3.4358257186e-09, 0.17668478679],
      [0.025971186774, 0.82032018695, 0.11769173423, 0.036016892042],
      [0.0057162368661, 2.189054928e-12, 0.98332863626, 0.01095512687],
      [0.45736321496, 0.12789191747, 0.38656337277, 0.0281814948],
      [0.060482694908, 0.14453491743, 0.59550703065, 0.19947535701]
    ],
    [
      [7.5422636049e-08, 0.55348796879, 5.0524338406e-09, 0.44651195074],
      [0.021295876477, 0.75465210741, 0.12711834486, 0.09693367125],
      [0.0039129283574, 1.6647345505e-12, 0.97299778212, 0.023089289516],
      [0.38092271371, 0.089625093197, 0.4622071585, 0.06724503459],
      [0.031410455832, 0.09194351793, 0.51587647192, 0.36076955431]
    ],
    [
      [6.8007463016e-08, 0.73590617961, 5.4945246888e-09, 0.26409374688],
      [0.015910629464, 0.82069022643, 0.11458137889, 0.048817765215],
      [0.0033161881721, 2.0801152769e-12, 0.98345254084, 0.013231270985],
      [0.33335487876, 0.11976815744, 0.50561892271, 0.041258041082],
      [0.030623286818, 0.13199651998, 0.60509425894, 0.23228593426]
    ],
    [
      [1.1322280851e-07, 0.63787159228, 1.2824406051e-08, 0.36212828167],
      [0.024824715774, 0.66248264643, 0.25292015945, 0.059772478353],
      [0.0022654366692, 6.3075203765e-13, 0.99072234558, 0.0070122177482],
      [0.3066470241, 0.045180566546, 0.62140397043, 0.026768438916],
      [0.026465597656, 0.050478714312, 0.76781278404, 0.155242904]
    ],
    [
      [6.5764678267e-08, 0.7363373833, 3.0616542459e-09, 0.26366254787],
      [0.016369997761, 0.85167220399, 0.072977916562, 0.058979881684],
      [0.0059554476494, 4.35366278e-12, 0.96691080912, 0.027133743226],
      [0.40837980028, 0.16607720191, 0.36751971467, 0.058023283132],
      [0.038495735159, 0.18991676477, 0.43624619615, 0.33534130392]
    ],
    [
      [3.3457789397e-08, 0.77564571901, 2.9408284552e-09, 0.22435424459],
      [0.0080498834422, 0.88692138698, 0.062490554049, 0.04253817553],
      [0.0030200927971, 4.0146885878e-12, 0.97635303522, 0.020626871976],
      [0.27416721883, 0.21304791895, 0.45390314407, 0.058881718149],
      [0.022203960061, 0.20661545894, 0.47703993957, 0.29414064143]
    ],
    [
      [5.8208225242e-08, 0.58598650589, 4.0477244231e-09, 0.41401343185],
      [0.016708262099, 0.78638234092, 0.10330452285, 0.093604874132],
      [0.003816908906, 2.2637302166e-12, 0.96872731059, 0.027455780505],
      [0.35043116618, 0.11848995889, 0.4525962817, 0.078482593235],
      [0.027978942201, 0.11400770047, 0.47130416721, 0.38670919012]
    ],
    [
      [7.5819920281e-08, 0.72473759755, 4.9664808436e-09, 0.27526232166],
      [0.017369966847, 0.80909662167, 0.11977886106, 0.053754550418],
      [0.0040761176695, 2.4750305115e-12, 0.97860822804, 0.017315654293],
      [0.34362164443, 0.13230022976, 0.47648410473, 0.047594021075],
      [0.034660565762, 0.14059620976, 0.56315989349, 0.26158333099]
    ],
    [
      [8.1445276341e-08, 0.61117115692, 3.4281847334e-09, 0.38882875821],
      [0.02000639708, 0.84338867925, 0.064636617991, 0.071968305675],
      [0.0062039672499, 3.4786381083e-12, 0.96544962305, 0.028346409693],
      [0.42106122993, 0.13089514081, 0.3801881584, 0.067855470869],
      [0.05124115841, 0.15972246589, 0.35941886019, 0.42961751551]
    ],
    [
      [1.4803830504e-07, 0.56871509658, 6.816452767e-09, 0.43128474856],
      [0.038886971295, 0.71263542951, 0.15936591454, 0.089111684658],
      [0.0058502367061, 1.3292248227e-12, 0.97610778204, 0.018041981254],
      [0.48937820446, 0.063395101787, 0.40244454772, 0.044782146034],
      [0.051824743288, 0.080266418087, 0.57629186641, 0.29161697222]
    ],
    [
      [8.8500443973e-08, 0.71961235435, 5.1423542489e-09, 0.28038755201],
      [0.020052230553, 0.81786232558, 0.11036050138, 0.051724942485],
      [0.0043008913925, 2.4182271044e-12, 0.97966506899, 0.016034039614],
      [0.36226360622, 0.12801864309, 0.46416265408, 0.045555096606],
      [0.037765794473, 0.13637622359, 0.5729576628, 0.25290031914]
    ],
    [
      [3.0222730658e-08, 0.70381208151, 5.0531489029e-09, 0.29618788321],
      [0.0073353497109, 0.82607065761, 0.11041296513, 0.056181027548],
      [0.0015197182395, 1.8276842473e-12, 0.98409131154, 0.014388970214],
      [0.18747119533, 0.13569722455, 0.62001184557, 0.056819734552],
      [0.014091862647, 0.12132452498, 0.59962763224, 0.26495598013]
    ],
    [
      [1.0085681868e-07, 0.77060916451, 4.1331528078e-09, 0.2293907305],
      [0.023229485944, 0.85102052934, 0.084675778111, 0.041074206608],
      [0.006261147915, 2.4068906395e-12, 0.97957188433, 0.014166967756],
      [0.50381354418, 0.10516233867, 0.35852926592, 0.032494851231],
      [0.054733542827, 0.14853607725, 0.55463398608, 0.24209639385]
    ],
    [
      [6.7615712311e-08, 0.72029076989, 5.0373794619e-09, 0.27970915745],
      [0.015923251874, 0.82460389894, 0.10631595309, 0.053156896096],
      [0.0037048431703, 2.4454466364e-12, 0.98055472754, 0.015740429286],
      [0.33509205172, 0.13304820979, 0.48477633772, 0.047083400783],
      [0.031629354032, 0.13098942895, 0.57608950007, 0.26129171695]
    ],
    [
      [3.068897889e-08, 0.81076458163, 2.5184258769e-09, 0.18923538516],
      [0.007128679217, 0.90571321628, 0.052039049908, 0.03511905459],
      [0.003204977993, 4.6318113596e-12, 0.97669370608, 0.020101315924],
      [0.27859908324, 0.23726732728, 0.42937469356, 0.054758895919],
      [0.022865469205, 0.23485013375, 0.46122889023, 0.28105550681]
    ],
    [
      [1.082990856e-07, 0.69998216016, 4.3046291423e-09, 0.30001772724],
      [0.028361058145, 0.82298112319, 0.094245157053, 0.054412661609],
      [0.0069863610178, 2.8539841493e-12, 0.97290145145, 0.020112187533],
      [0.47457241397, 0.11736316362, 0.36284847464, 0.045215947767],
      [0.0553947512, 0.1515935411, 0.51384680551, 0.27916490218]
    ],
    [
      [7.445695461e-08, 0.64465266256, 2.3788875423e-09, 0.35534726061],
      [0.027819250907, 0.82082932671, 0.068087294539, 0.083264127849],
      [0.0092277836243, 4.4568847425e-12, 0.951332582, 0.039439634369],
      [0.5328168784, 0.11981785015, 0.28585605618, 0.061509215274],
      [0.063650256678, 0.16154934157, 0.37291181286, 0.40188858889]
    ],
    [
      [1.1831194037e-07, 0.71945230142, 4.3496193057e-09, 0.28054757592],
      [0.03023612202, 0.81256859058, 0.09898124219, 0.058214045212],
      [0.007485871498, 2.7356721957e-12, 0.97333970357, 0.019174424933],
      [0.50937199714, 0.10327441533, 0.34594632295, 0.04140726458],
      [0.053957578405, 0.14241343342, 0.51951860111, 0.28411038706]
    ],
    [
      [8.0496698417e-08, 0.6705658598, 2.3170722043e-09, 0.32943405738],
      [0.015474741219, 0.88991307451, 0.041240925653, 0.053371258618],
      [0.0089569589494, 6.1020563791e-12, 0.95001797335, 0.04102506769],
      [0.4591361417, 0.15732137333, 0.31484906604, 0.068693418934],
      [0.055034674785, 0.22157485857, 0.3456004772, 0.37778998945]
    ],
    [
      [1.0249321022e-07, 0.5507748008, 2.3102081071e-09, 0.4492250944],
      [0.03598495145, 0.81332985978, 0.069266923311, 0.081418265455],
      [0.0098026512175, 2.7179047217e-12, 0.95286626778, 0.037331080999],
      [0.61046983593, 0.069764191919, 0.25063032409, 0.069135648063],
      [0.067133041375, 0.1000630252, 0.33510731869, 0.49769661473]
    ],
    [
      [8.7166783834e-08, 0.69020920242, 4.7731116136e-09, 0.30979070564],
      [0.020828261641, 0.80251038721, 0.11147959685, 0.065181754299],
      [0.0050471220908, 2.5161778184e-12, 0.97606123456, 0.018891643343],
      [0.40868066814, 0.12120165927, 0.42168244821, 0.048435224384],
      [0.040085803063, 0.13957707934, 0.54915301081, 0.27118410679]
    ],
    [
      [1.6808886492e-07, 0.60620657552, 3.5346978337e-09, 0.39379325285],
      [0.045707333864, 0.78718291845, 0.084938842541, 0.082170905143],
      [0.012376670545, 2.5886219715e-12, 0.95901097963, 0.028612349822],
      [0.64782991061, 0.07308786272, 0.23554542208, 0.043536804585],
      [0.08319625633, 0.11952583416, 0.42208837368, 0.37518953583]
    ],
    [
      [1.2370455473e-07, 0.59747471462, 3.6428136548e-09, 0.40252515803],
      [0.028620437905, 0.83031651728, 0.078037513757, 0.063025531063],
      [0.01123488451, 3.088067519e-12, 0.95732862336, 0.031436492129],
      [0.54472996057, 0.11216652667, 0.28964231744, 0.053461195317],
      [0.071731373022, 0.13273949521, 0.39981688121, 0.39571225056]
    ],
    [
      [9.7386235645e-08, 0.65833373486, 6.0377541649e-09, 0.34166616172],
      [0.025027990086, 0.77414505637, 0.13311243423, 0.067714519317],
      [0.0045603900136, 1.8261898168e-12, 0.97941196653, 0.016027643453],
      [0.40626806531, 0.093718493277, 0.45532166208, 0.044691779337],
      [0.040546744783, 0.11009843953, 0.58169961356, 0.26765520213]
    ]
  ],
  "expected_outcome": [
    [
      [8.6786540501e-08, 1.8178536464e-06, 3.6578207367e-06, 2.025845025e-06, 1.5412123995e-06, 1.5421921962e-06, 5.5768843127e-06, 0, 2.0444739843e-06, 7.94354345e-07, 3.2648070723e-06, 2.6713960351e-06, 1.1507287665e-06, 2.7003894494e-06, 3.3245252054e-07, 8.5048453235e-07, 2.1159032476e-07, 4.9828895852e-07, 1.3538348482e-07, 1.5452357575e-07, 1.6960537305e-07, 1.9941440952e-07, 1.0733785894e-06, 6.4403022866e-07, 9.0149172897e-07, 7.3849335263e-07, 2.4963208953e-06, 1.156477467e-06, 9.7669459542e-07, 1.774063714e-06, 8.8285633424e-07, 1.5158752277e-06, 4.9943399569e-06, 7.5546205438e-07, 2.7811019375e-06, 1.5187414874e-06, 8.7431393834e-07, 1.1236627925e-06, 8.0358735491e-06, 1.2812838994e-06, 7.5422636049e-08, 3.4003731508e-07, 2.2644561703e-07, 1.3152935653e-06, 2.0074673638e-07, 1.1059562796e-06, 1.895498007e-06, 1.3845696978e-06, 5.9215322015e-07, 1.9470097674e-06, 1.5111365329e-07, 1.0085681868e-07, 1.0142356847e-06, 9.2066936671e-08, 2.8157762256e-06, 1.8614238653e-06, 6.9804044816e-06, 9.6596038101e-07, 1.0249321022e-07, 5.7530077331e-06, 5.0426659477e-07, 1.855568321e-05, 2.6294283624e-06],
      [1.0513050819, 12.6473956913, 23.963895892, 12.9459044887, 9.3337820273, 11.8539686175, 36.4394392075, 0, 23.0000834376, 8.6166303238, 27.1817457686, 12.5836635822, 8.1005824226, 10.7419118774, 3.8714081293, 6.1502091362, 0.98633915682, 5.9893664132, 1.608787381, 1.3366099747, 2.0374464402, 1.7114491562, 7.712684923, 6.0346360728, 9.1120720562, 6.6663574441, 12.7433544216, 7.6759445515, 10.2358133656, 15.2163102068, 8.0269766529, 12.2162059372, 37.8964713181, 13.155919923, 19.5229662854, 18.3414556577, 11.492846504, 9.4027092851, 104.0311217925, 10.7030964457, 0.55348796879, 3.6795308981, 1.2757431846, 14.7267476661, 4.653874314, 11.133743612, 18.1184399389, 10.3899096676, 2.2748603863, 15.8314717956, 3.5190604075, 0.77060916451, 10.8043615484, 2.4322937449, 18.1995361641, 16.1163165639, 42.447685784, 8.0467903177, 0.5507748008, 45.5538073597, 1.8186197266, 89.6212071928, 17.7750108411],
      [6.0796327666e-09, 9.4826630948e-08, 1.5245871867e-07, 1.7451012679e-07, 7.8916574839e-08, 1.1310896703e-07, 2.1905317378e-07, 0, 1.5180380993e-07, 4.4401689761e-08, 1.7568030125e-07, 3.9745314824e-08, 6.4854527453e-08, 1.4171165457e-07, 1.3852847863e-08, 7.9892342308e-08, 7.5576545263e-09, 6.3401688566e-08, 4.4841355881e-09, 6.5855926287e-09, 2.3249372896e-08, 1.0159031182e-08, 5.8131865656e-08, 2.6449711752e-08, 3.2930288805e-08, 4.4080905659e-08, 8.8102028601e-08, 4.1421890216e-08, 4.6585522074e-08, 1.7658921092e-07, 8.994240641e-08, 1.0900777358e-07, 2.4723404903e-07, 2.920077338e-08, 1.7642882251e-07, 1.0712883628e-07, 4.4291428365e-08, 1.1182416166e-07, 4.1183132247e-07, 4.4665734341e-08, 5.0524338406e-09, 2.7472623444e-08, 2.5648812103e-08, 6.1233084918e-08, 1.7644970731e-08, 7.690676404e-08, 1.2416202109e-07, 5.8279140467e-08, 2.7265811068e-08, 1.1313179348e-07, 2.5265744515e-08, 4.1331528078e-09, 7.5560691929e-08, 7.5552776308e-09, 1.119203577e-07, 5.9472188557e-08, 2.5662753903e-07, 2.7804866452e-08, 2.3102081071e-09, 3.150253665e-07, 1.0604093501e-08, 5.4642204822e-07, 1.6301936245e-07],
      [0.94869482528, 5.3526023961, 6.0361002977, 8.054093311, 6.6662163526, 6.1460297272, 13.5605549965, 0, 7.9999143661, 3.3833688375, 11.8182507909, 12.4163337066, 4.8994163618, 5.2580852805, 3.1285915244, 4.8497899334, 2.013660624, 3.0106330251, 0.3912124791, 0.6633898642, 1.962553367, 0.28855063422, 4.2873139455, 2.9653632567, 1.8879270094, 2.3336417733, 6.256642994, 4.3240542506, 4.7641856112, 6.7836878425, 4.9730223743, 6.7837924379, 19.1035234403, 6.8440792923, 11.477030757, 7.6585427164, 8.5071525774, 3.5972894795, 52.9688697598, 2.2969022283, 0.44651195074, 1.3204687344, 0.72425656334, 5.2732509574, 1.3461254676, 7.8662552052, 6.8815580415, 6.6100888895, 1.7251389943, 6.1685261442, 1.4809394161, 0.2293907305, 4.1956373618, 0.56770615548, 7.8004609082, 8.8836815152, 16.552306979, 3.9532086886, 0.4492250944, 20.4461865722, 1.1813797586, 60.3787737051, 9.2249863665]
    ],
    [
      [0.2943653144, 1.3380797459, 2.9666202242, 3.7736945885, 3.0578912181, 2.4988363844, 8.9528299745, 0.19770295132, 2.8596611793, 1.8825989807, 2.5780003916, 2.0265348522, 2.8190957865, 3.4984952969, 0.29079278424, 0.95432691534, 0.58677789731, 1.1345087524, 0.31699118875, 0.72670574362, 0.16190594255, 0.67265363753, 1.8567404652, 0.69341501096, 1.1013426305, 0.5806158577, 5.7841345525, 3.1088134008, 1.5964613628, 1.8250154462, 1.7037869362, 9.3752863959, 15.490364866, 3.5319602207, 6.1210930937, 4.8207059968, 0.86794013962, 2.9791709125, 6.6755972087, 3.1165424129, 0.51110103545, 0.36594447767, 0.1985977262, 3.5195495186, 0.18514731917, 0.63491395975, 3.7692828058, 3.8012154453, 0.89440033979, 3.007834583, 0.051347447976, 0.2090653735, 1.2101671424, 0.12118754669, 10.947368444, 6.2036929522, 15.7227834504, 1.5629488631, 2.4469766986, 10.5182721288, 1.2340980143, 20.5208539778, 1.7769872961],
      [17.3986230658, 44.274504341, 113.4004382702, 120.8658072084, 83.5890989112, 96.8696439707, 248.1543117055, 12.05083278, 157.630997223, 95.3212261423, 102.5213751598, 68.1997904664, 97.3797473057, 68.24791099, 13.97902271, 32.305927431, 33.7939491544, 52.8572538554, 18.0230319896, 30.063976365, 9.4196161563, 27.5182084194, 64.0852455359, 31.228749697, 52.5447242372, 24.8595260598, 144.7405594143, 100.0160755303, 79.4178938442, 84.9699688637, 64.1661034458, 343.2212575536, 565.1292624327, 238.9233786578, 208.1340132284, 294.0171490373, 51.3085631968, 96.6260085468, 403.4737826035, 98.4384224339, 18.111650578, 18.875875208, 5.2998611714, 183.1095238584, 20.3991919005, 29.8825289548, 175.573966903, 160.2438490582, 16.3906148787, 122.6793488367, 5.7824946033, 7.659184764, 62.6698963196, 15.3971246768, 317.6707135526, 183.0449398554, 422.5356671006, 89.8812205255, 55.3064304653, 405.2677455425, 21.2539387982, 595.3369428864, 54.9642990023],
      [1.8224603585, 6.2366614634, 14.0821264223, 27.0808635809, 12.3165501993, 15.9018713905, 36.0226257863, 1.3386357773, 20.3550804384, 9.3885081542, 12.3920268532, 3.4127857304, 14.0203828149, 18.2051363679, 3.1202003385, 8.0826976206, 4.8140071499, 13.1580371842, 0.93479487566, 2.7650441361, 1.9855185415, 3.0429475606, 9.0632790228, 2.5395702997, 3.2731071708, 3.0997426597, 18.6172881422, 10.4430971746, 6.8111901663, 15.0341853227, 14.6837716666, 58.109832234, 68.4770949241, 12.2695316274, 35.8414008699, 33.0474311042, 3.7393886503, 19.2475253105, 31.2318037672, 14.1230081082, 3.0508402766, 2.6353717144, 2.0233612756, 15.6902520609, 1.4372827431, 3.9255718685, 25.9920128505, 12.2809574183, 3.6654160344, 16.5540752075, 0.77289075588, 0.76208200299, 8.0800124347, 0.88466384844, 36.3786306223, 15.1834666821, 51.4702459389, 4.165333491, 4.7101507851, 56.2971964077, 2.2933487486, 55.9528973638, 9.4509828302],
      [2.4845512613, 3.1507544497, 4.5508150834, 12.2796346221, 10.0364596715, 7.7296482544, 16.8702325336, 0.41282849143, 10.1542611593, 6.4076667228, 7.5085975953, 6.360888951, 9.7807740929, 7.0484573451, 4.6099841673, 4.657048033, 6.8052657984, 4.850200208, 0.72518194599, 2.4442737553, 1.4329593597, 0.76619038251, 5.9947349761, 2.5382649923, 2.0808259616, 1.4601154228, 11.858017891, 9.4320138944, 6.1744546267, 6.1708303674, 7.4463379514, 29.2936238165, 47.9032777772, 24.2751294942, 20.903492808, 19.1147138617, 6.0841080134, 8.1472952302, 29.6188164206, 4.322027045, 2.32640811, 1.1228085999, 0.47817982682, 12.6806745621, 0.9783780372, 3.556985217, 11.6647374407, 13.6739780782, 2.0495687471, 7.7587413728, 0.39326719284, 0.36966785947, 4.0399241033, 0.59702392804, 21.0032873811, 18.5679005104, 30.2713035101, 5.3904971204, 5.536442051, 32.916785921, 2.2186144389, 45.189305772, 4.8077308715]
    ],
    [
      [0.45417553171, 1.4788529541, 1.6922137188, 2.3466522609, 2.2424774743, 1.168538359, 6.370876127, 0.25071140716, 1.5170060447, 1.2622705167, 1.6757683375, 1.328829823, 2.9146054256, 2.5598851143, 0.35258633179, 0.41357259682, 0.78788812775, 0.52696041435, 0.3795498878, 0.24679224976, 0.096872408658, 0.41850535847, 1.1416187059, 1.0381246084, 1.0927472564, 0.51928126045, 3.9904477268, 2.4185147825, 0.3814206939, 1.2349852052, 0.84867830242, 3.2830670831, 5.8031950544, 1.333010084, 2.8489604553, 2.2534986918, 0.97698717334, 1.037494295, 1.6369786289, 2.3665220626, 0.32086012531, 0.38467782796, 0.17443862353, 2.5191543557, 0.21744668139, 0.30916962139, 0.93343094632, 1.7929465352, 0.90093645274, 1.9267993439, 0.062308447818, 0.39445231864, 0.67798630016, 0.25319326144, 4.0171575852, 3.2389520521, 5.1802230766, 1.8182626667, 1.12730489, 5.7890490381, 0.60645685671, 14.9086917451, 0.82087020246],
      [3.2065277614e-10, 6.2440066974e-10, 7.6551896263e-10, 7.7333769164e-10, 7.9407783324e-10, 6.2137064819e-10, 2.4152907739e-09, 1.6964054168e-10, 8.5489700896e-10, 8.3088991672e-10, 8.7523882435e-10, 4.4220047263e-10, 1.271455743e-09, 6.8430598185e-10, 2.8611111174e-10, 1.8523550983e-10, 6.7700367074e-10, 2.994463688e-10, 2.5435338027e-10, 1.2646849089e-10, 6.5483839152e-11, 2.0884499743e-10, 5.0679160948e-10, 5.8303068368e-10, 6.5555687809e-10, 2.7633002621e-10, 1.2667839999e-09, 9.8638524089e-10, 2.4305911541e-10, 7.10428453e-10, 4.1408549773e-10, 1.5442783245e-09, 2.8119510268e-09, 6.5528870626e-10, 1.2746347022e-09, 1.772188828e-09, 8.8559760817e-10, 4.2130248638e-10, 1.244887276e-09, 9.0626874017e-10, 1.3650823314e-10, 2.4129337212e-10, 4.8567906899e-11, 1.841599356e-09, 2.8905757832e-10, 1.8336214755e-10, 5.6678198712e-10, 1.0053264133e-09, 2.047006227e-10, 1.0833657428e-09, 7.4935054138e-11, 1.5163411029e-10, 4.4751673446e-10, 3.6591309741e-10, 1.6410408859e-09, 1.5643665446e-09, 1.8930851595e-09, 1.238717445e-09, 3.12559043e-10, 2.8860559577e-09, 1.268424766e-10, 4.0978655977e-09, 3.2871416702e-10],
      [116.5807537391, 277.9979188821, 233.9396226271, 612.2267569908, 382.2326622865, 311.0648943119, 838.0108385968, 71.0707081189, 352.5474495804, 250.1853883796, 321.9403412814, 129.8069644897, 572.336530962, 490.7978174931, 131.6600236972, 151.1712733588, 143.6002203317, 205.5836691225, 46.4959740835, 38.6811258344, 49.8172617324, 78.9504685264, 220.0423426667, 153.0514415457, 131.5062409297, 112.7922786941, 499.6816776338, 306.1153367227, 65.721112978, 340.3864444996, 280.8756550231, 843.8115984886, 1036.5482023037, 162.5978938097, 666.479160084, 622.5337380491, 148.3687301347, 312.7880259268, 262.855520829, 407.0980554123, 79.7858181342, 114.0804947375, 76.2856206098, 409.0032722578, 70.297418536, 78.4669121575, 224.1012842201, 279.0149410626, 150.320598434, 438.889950908, 40.3477437733, 61.7130287126, 179.4415151401, 77.1588027802, 559.4183345816, 333.9177362828, 673.5510748678, 192.8536485909, 109.5796207947, 1119.5422360443, 46.9915380019, 1270.3750831962, 176.2941539757],
      [4.9650707289, 4.5232281632, 3.3681636533, 8.4265907476, 9.5248602384, 4.7665673285, 16.6182852738, 0.67858047374, 4.9355443741, 5.5523411028, 6.3838903803, 5.8642056869, 12.7488636112, 7.6422973919, 5.9873899707, 2.4151540442, 11.6118915399, 2.8893704628, 1.1244760284, 1.0720819157, 1.0858658589, 0.63102611488, 4.8160386269, 4.9104338453, 2.4010118132, 1.6884400452, 10.3278746381, 9.4661484938, 1.8974663279, 5.3785702945, 4.2756666741, 12.9053344268, 23.6486026391, 6.0690961056, 12.6718794594, 12.2127632574, 10.654282691, 3.1744797778, 9.5075005408, 4.5354225242, 1.8933217403, 1.5348274343, 0.53994076661, 11.4775733846, 1.4851347823, 2.2239182209, 3.965284833, 8.1921124011, 2.7784651131, 7.183249747, 0.58994777877, 0.89251896861, 2.8804985593, 1.588003958, 11.5645078316, 13.8433116635, 13.2687020537, 8.3280887411, 4.2930743149, 21.6687149147, 1.4020051413, 41.7162250547, 2.8849758215]
    ],
    [
      [5.2052585467, 11.0958976345, 25.0518144471, 17.3711934736, 20.1456260641, 19.9681418915, 56.0098876922, 4.1821471869, 25.1392548524, 10.8326446001, 18.154946776, 19.1833127041, 20.2403582986, 17.7134018429, 4.2878734335, 6.3080832562, 10.8556879609, 4.3324527809, 5.338845207, 6.3387235286, 1.8229219986, 8.3203261353, 13.1539983638, 10.2196898848, 10.1419832852, 7.095019924, 28.094211476, 24.2448255911, 9.5528019025, 13.9395277098, 6.6401900374, 48.4983166583, 89.8243423176, 15.7142767851, 29.381945828, 35.6029251737, 8.0082981448, 10.1729144993, 27.5155220091, 19.2092550282, 2.666458996, 3.6669036664, 1.2265880964, 28.9949658202, 2.4675049694, 3.5043116618, 19.2428120883, 34.5270208539, 5.8725384535, 18.113180311, 1.124827172, 4.0305083534, 9.382577448, 2.5073917492, 64.0672758864, 39.9612658796, 90.1588434939, 6.4279059837, 16.4826855701, 73.5625202647, 7.7739589274, 96.9619329815, 5.281484849],
      [2.1367743669, 2.7601927891, 7.1200578985, 3.8738263798, 4.2989593981, 5.3412308544, 11.6212094008, 1.6508883029, 8.2640212679, 4.2479754359, 5.6541084349, 5.0345386514, 5.2158536997, 2.2072806324, 1.613012535, 1.6355809028, 3.9471783376, 1.6592234617, 2.0068218339, 1.8444679719, 0.72290132195, 2.3784919181, 3.4556228639, 3.3581319551, 3.493712088, 2.1942240628, 5.4082676569, 6.1452607711, 3.5885619555, 3.8534958808, 2.199209227, 15.3044529521, 25.4456448212, 6.4781013174, 8.0808397629, 16.2914132193, 2.859260191, 3.264302679, 10.4918607772, 5.3714605338, 0.62737565238, 1.3174497319, 0.18072226619, 11.7914813357, 1.9174312706, 1.1848995889, 7.4088128668, 10.7334015462, 0.76074122145, 6.4009321546, 0.8141833473, 0.84129870938, 3.725349874, 2.1354059455, 15.844027089, 8.9863387614, 18.279571514, 2.2024992267, 1.8836331818, 21.8162986679, 0.87705435264, 19.9656417476, 1.2183404126],
