{
  "X": [
    [510, 1022, 1461, 2172, 569],
    [12, 56, 58, 121, 24],
    [35, 55, 42, 133, 39],
    [29, 28, 46, 162, 35],
    [27, 25, 56, 123, 22],
    [54, 28, 85, 225, 38],
    [35, 26, 88, 206, 34],
    [43, 33, 82, 146, 26],
    [18, 23, 30, 116, 15],
    [57, 61, 101, 212, 37],
    [15, 34, 57, 179, 15],
    [22, 31, 55, 164, 19],
    [18, 18, 41, 210, 16],
    [35, 41, 62, 183, 21],
    [23, 43, 47, 180, 24],
    [22, 69, 64, 156, 23],
    [19, 35, 40, 165, 23],
    [16, 43, 29, 119, 32],
    [16, 60, 44, 115, 22],
    [32, 51, 49, 205, 30],
    [22, 59, 65, 154, 27],
    [22, 62, 56, 175, 24],
    [15, 88, 99, 201, 23],
    [33, 58, 112, 116, 26],
    [37, 64, 168, 195, 40],
    [39, 103, 183, 215, 50],
    [43, 53, 151, 158, 57],
    [22, 50, 105, 108, 28],
    [29, 31, 91, 140, 26],
    [36, 42, 105, 146, 22],
    [24, 63, 88, 136, 37],
    [29, 23, 99, 149, 14],
    [31, 41, 62, 123, 16],
    [43, 34, 51, 104, 14],
    [40, 27, 54, 113, 19],
    [39, 44, 91, 105, 20],
    [17, 30, 99, 124, 36],
    [27, 30, 93, 132, 30],
    [44, 42, 91, 172, 26],
    [28, 32, 116, 199, 22],
    [17, 73, 55, 107, 27],
    [39, 46, 149, 183, 43],
    [47, 54, 142, 187, 38],
    [30, 38, 76, 140, 21],
    [33, 58, 111, 159, 38],
    [44, 56, 98, 186, 17],
    [44, 23, 80, 169, 29],
    [36, 52, 106, 144, 26],
    [34, 59, 133, 173, 41],
    [38, 46, 103, 136, 25],
    [34, 69, 155, 184, 47],
    [36, 69, 111, 172, 30],
    [30, 86, 125, 162, 41],
    [32, 69, 123, 135, 45],
    [24, 49, 86, 113, 24],
    [18, 37, 105, 108, 24],
    [31, 31, 109, 124, 25],
    [35, 43, 148, 125, 27],
    [41, 59, 136, 144, 26],
    [35, 40, 96, 119, 16],
    [31, 29, 128, 145, 19],
    [34, 25, 60, 94, 23],
    [28, 27, 125, 121, 31],
    [38, 40, 110, 100, 26],
    [21, 28, 98, 77, 29],
    [12, 50, 76, 78, 17],
    [37, 50, 167, 161, 28],
    [43, 37, 149, 132, 35],
    [34, 33, 133, 158, 38],
    [19, 67, 127, 126, 31],
    [26, 27, 124, 206, 30],
    [44, 27, 145, 158, 24],
    [33, 59, 88, 155, 43],
    [58, 56, 120, 106, 19],
    [27, 63, 169, 124, 29],
    [31, 59, 104, 138, 27],
    [27, 85, 155, 173, 30],
    [47, 49, 121, 157, 22],
    [52, 59, 92, 109, 22],
    [17, 57, 75, 116, 39],
    [17, 20, 89, 134, 23],
    [32, 28, 75, 122, 27],
    [17, 29, 53, 89, 18],
    [30, 46, 98, 131, 33],
    [29, 72, 89, 119, 27],
    [29, 50, 76, 117, 28],
    [18, 46, 49, 96, 26],
    [13, 58, 61, 87, 12],
    [9, 62, 57, 83, 29],
    [16, 43, 51, 97, 32]
  ],
  "W": [
    [412, 1096, 1896, 2175, 155],
    [9, 56, 74, 122, 10],
    [23, 57, 77, 134, 13],
    [22, 31, 60, 169, 18],
    [17, 27, 71, 126, 12],
    [37, 32, 112, 210, 39],
    [29, 24, 100, 205, 31],
    [27, 32, 107, 147, 17],
    [15, 24, 33, 115, 15],
    [36, 61, 132, 211, 28],
    [9, 33, 67, 171, 20],
    [11, 29, 70, 162, 19],
    [11, 13, 50, 214, 15],
    [24, 41, 71, 191, 15],
    [18, 37, 63, 183, 16],
    [7, 62, 91, 152, 22],
    [14, 44, 52, 160, 12],
    [12, 50, 47, 119, 11],
    [12, 50, 67, 116, 12],
    [20, 50, 85, 195, 17],
    [23, 55, 88, 153, 8],
    [14, 69, 77, 169, 10],
    [9, 88, 123, 189, 17],
    [22, 55, 147, 106, 15],
    [28, 65, 204, 194, 13],
    [29, 96, 241, 205, 19],
    [26, 55, 207, 156, 18],
    [8, 56, 135, 103, 11],
    [20, 38, 121, 132, 6],
    [23, 45, 126, 145, 12],
    [17, 65, 122, 133, 11],
    [19, 32, 115, 145, 3],
    [28, 46, 79, 108, 12],
    [32, 32, 71, 101, 10],
    [30, 28, 73, 113, 9],
    [30, 43, 107, 108, 11],
    [13, 39, 117, 125, 12],
    [18, 38, 111, 135, 10],
    [35, 46, 123, 160, 11],
    [20, 30, 138, 201, 8],
    [11, 61, 90, 100, 17],
    [32, 54, 170, 186, 18],
    [31, 51, 181, 182, 23],
    [26, 43, 90, 131, 15],
    [24, 60, 132, 167, 16],
    [34, 60, 116, 177, 14],
    [33, 25, 103, 172, 12],
    [29, 60, 117, 144, 14],
    [18, 62, 169, 176, 15],
    [22, 46, 139, 130, 11],
    [22, 73, 195, 172, 27],
    [25, 69, 148, 169, 7],
    [19, 88, 169, 156, 12],
    [17, 78, 166, 132, 11],
    [18, 39, 121, 105, 13],
    [7, 39, 134, 98, 14],
    [28, 31, 134, 118, 9],
    [24, 45, 177, 121, 11],
    [28, 46, 173, 144, 15],
    [24, 41, 120, 113, 8],
    [16, 31, 164, 130, 11],
    [27, 27, 87, 89, 6],
    [17, 28, 157, 118, 12],
    [32, 36, 130, 100, 16],
    [13, 33, 121, 75, 11],
    [10, 43, 101, 75, 4],
    [24, 44, 211, 153, 11],
    [27, 42, 192, 124, 11],
    [22, 31, 173, 156, 14],
    [13, 67, 155, 130, 5],
    [19, 24, 164, 184, 22],
    [27, 29, 174, 156, 12],
    [21, 58, 132, 159, 8],
    [29, 53, 164, 107, 6],
    [17, 63, 209, 109, 14],
    [20, 64, 137, 130, 8],
    [17, 81, 192, 168, 12],
    [39, 52, 151, 148, 6],
    [34, 59, 119, 111, 11],
    [9, 60, 92, 126, 17],
    [15, 18, 102, 128, 20],
    [21, 29, 93, 115, 26],
    [8, 29, 67, 90, 12],
    [23, 55, 115, 134, 11],
    [21, 68, 114, 116, 17],
    [23, 51, 92, 119, 15],
    [11, 59, 64, 91, 10],
    [10, 54, 78, 84, 5],
    [12, 66, 72, 83, 7],
    [18, 53, 72, 91, 5]
  ],
  "method": "mult",
  "cond_prob": [
    [
      [0.9095339142, 0.0042835785741, 0.013843806556, 0.037244007685, 0.035094692989],
      [0, 0.80791298105, 0.0035725634603, 0.015049776024, 0.17346467946],
      [0.046116679964, 0.041770915189, 0.7438761508, 0.072953554158, 0.09528269989],
      [0.017098879143, 0.024388679028, 0.0173655947, 0.87545818538, 0.065688661753],
      [0.068675741957, 0.016254879403, 0.020783688774, 0.63044788668, 0.26383780318]
    ],
    [
      [0.90007826953, 0.0053234651767, 0.01589086154, 0.043599824272, 0.035107579477],
      [0, 0.84304626853, 0.0010894433234, 0.012953609314, 0.14291067883],
      [0.034648389008, 0.051012664841, 0.75784622592, 0.072761910664, 0.083730809565],
      [0.0062615511155, 0.03912681753, 0.01232097757, 0.8841004952, 0.058190158583],
      [0.057140555152, 0.019308883889, 0.02121934383, 0.66375576563, 0.2385754515]
    ],
    [
      [0.92801916649, 0.0062131152873, 0, 0.030610478175, 0.03515724005],
      [0, 0.77753537731, 0, 0.017803018847, 0.20466160385],
      [0.14658164228, 0.065479283123, 0.54395046389, 0.09516367606, 0.14882493464],
      [0.0097780860889, 0.039351887407, 0, 0.86877957192, 0.082090454587],
      [0.081423783012, 0.017117240683, 0.008908790801, 0.57977855648, 0.31277162902]
    ],
    [
      [0.91226015647, 0.0023409373005, 0.01151216109, 0.03356333907, 0.040323406068],
      [0.0013110010225, 0.75418960108, 0.0032235004471, 0.016151683411, 0.22512421404],
      [0.054525627625, 0.03231571365, 0.71826665199, 0.07381761423, 0.1210743925],
      [0.025806602369, 0.014165890441, 0.013165385556, 0.86297809114, 0.083884030489],
      [0.069821226003, 0.013091302349, 0.018103036872, 0.58269722764, 0.31628720714]
    ],
    [
      [0.93247503163, 0.0013079315367, 0.011328740093, 0.028780515211, 0.026107781527],
      [0.0039954359821, 0.80186323101, 0.0045361961645, 0.01535818013, 0.17424695671],
      [0.068274489859, 0.028665512567, 0.7468631121, 0.068873842199, 0.087323043273],
      [0.040882987703, 0.0089505496367, 0.019087362814, 0.87042647908, 0.060652620771],
      [0.086775205016, 0.013703106673, 0.021053787349, 0.62769010152, 0.25077779944]
    ],
    [
      [0.92999146663, 0, 0.009438781523, 0.034270243524, 0.02629950832],
      [0.0033368373481, 0.78265891407, 0.0031874244371, 0.021274673774, 0.18954215037],
      [0.069116926268, 0.02270107077, 0.73543844737, 0.084868586562, 0.08787496903],
      [0.040151772341, 0.00011602481055, 0.00704628344, 0.8967631686, 0.05592275081],
      [0.084886384762, 0.0099494772611, 0.017947227536, 0.64681190585, 0.24040500459]
    ],
    [
      [0.90794620854, 0.0027325802653, 0.01872888313, 0.036814381454, 0.033777946613],
      [0, 0.8076355287, 0.0070376992512, 0.015247731194, 0.17007904086],
      [0.039939825495, 0.030701212602, 0.78302915192, 0.063582292642, 0.082747517338],
      [0.012841741848, 0.014680210131, 0.039814140605, 0.87038141905, 0.062282488362],
      [0.06590388142, 0.014772198273, 0.026553019059, 0.63806507158, 0.25470582967]
    ],
    [
      [0.93935189789, 0.0021171135474, 0.0097828870799, 0.026016592265, 0.022731509213],
      [0.0055604136768, 0.82872795039, 0.0030543694484, 0.01294320702, 0.14971405947],
      [0.079992474689, 0.035149174665, 0.74124771347, 0.063597147004, 0.080013490167],
      [0.049601012675, 0.016276991143, 0.013431071496, 0.86559593826, 0.055094986424],
      [0.094648344949, 0.015874360864, 0.020602904402, 0.63740421943, 0.23147017035]
    ],
    [
      [0.91728204846, 0.0025258410803, 0.016237183613, 0.037473077185, 0.026481849663],
      [0, 0.83771147904, 0.0065353761582, 0.016769494109, 0.1389836507],
      [0.04396542031, 0.032281804708, 0.78456234905, 0.070770169611, 0.068420256326],
      [0.015094492263, 0.013542284337, 0.028986105193, 0.89216454351, 0.050212574693],
      [0.070269586179, 0.015624975522, 0.025042240152, 0.67340652549, 0.21565667266]
    ],
    [
      [0.93850103937, 0.0027742968192, 0.0095335412648, 0.027037717132, 0.022153405418],
      [0.0065227095112, 0.83798361721, 0.0019331909985, 0.01217725497, 0.14138322731],
      [0.076838933508, 0.038828506635, 0.73994671229, 0.066875258756, 0.07751058881],
      [0.047530345802, 0.019830882623, 0.010907724257, 0.86907049844, 0.052660548879],
      [0.094444111263, 0.016908769824, 0.020156143671, 0.64580072514, 0.2226902501]
    ],
    [
      [0.92019746359, 0.0031221894622, 0.015567086822, 0.042253591091, 0.018859669036],
      [0, 0.88136582623, 0.0045570790492, 0.019810770552, 0.094266324167],
      [0.043200726541, 0.03504072381, 0.79113817075, 0.082447511185, 0.048172867714],
      [0.014276372416, 0.012844458486, 0.01882056304, 0.9220677257, 0.031990880361],
      [0.069125723312, 0.017134856643, 0.02424694449, 0.73841989543, 0.15107258013]
    ],
    [
      [0.93683059308, 0.0026481292571, 0.010585076364, 0.030810861047, 0.019125340249],
      [0.0021583135619, 0.85929909359, 0.0027624787359, 0.016415828464, 0.11936428565],
      [0.064973691818, 0.038730179572, 0.75276433036, 0.077734900549, 0.065796897699],
      [0.033184809029, 0.018594105208, 0.010592153655, 0.89390029599, 0.043728636114],
      [0.089903941726, 0.017254697387, 0.020737908379, 0.68061739545, 0.19148605706]
    ],
    [
      [0.92472514099, 0.0033257092825, 0.012860918493, 0.037920922599, 0.021167308637],
      [0.00062885141591, 0.87371900124, 0.0034748965184, 0.016394274876, 0.10578297595],
      [0.051303456067, 0.040854176095, 0.76447438236, 0.081748559501, 0.061619425981],
      [0.019320784359, 0.020038453516, 0.010599475077, 0.90982540229, 0.040215884762],
      [0.074668514974, 0.018275488309, 0.021423297173, 0.70531201423, 0.18032068531]
    ],
    [
      [0.93423373268, 0.0024354262119, 0.013974994213, 0.029543700549, 0.019812146342],
      [0.0030740820929, 0.85719332612, 0.00652524378, 0.012797217667, 0.12041013034],
      [0.059603312801, 0.034537334238, 0.78091353575, 0.064465380918, 0.060480436297],
      [0.036081725128, 0.016167907924, 0.029197219008, 0.87454853218, 0.044004615759],
      [0.088593889428, 0.017093483719, 0.025035685033, 0.6766969047, 0.19258003712]
    ],
    [
      [0.91480713565, 0.0057236315093, 0.011535256985, 0.038839082535, 0.029094893325],
      [0, 0.85853495166, 0.00019749025726, 0.01463891211, 0.12662864597],
      [0.048350582951, 0.052613469023, 0.73472228369, 0.08120484985, 0.083108814488],
      [0.013107270015, 0.040883412787, 0.0011019910746, 0.89055405173, 0.054353274391],
      [0.06804715123, 0.020929270807, 0.018493124736, 0.66699748492, 0.22553296831]
    ],
    [
      [0.94701587297, 0.0038889404212, 0.007658371417, 0.025741073891, 0.015695741301],
      [0, 0.88779607127, 0, 0.010310874221, 0.10189305451],
      [0.094217195805, 0.06572224421, 0.69874656284, 0.074760318617, 0.066553678525],
      [0.029542475797, 0.048827856786, 0, 0.87877550068, 0.042854166733],
      [0.10484853408, 0.02394829743, 0.016384280974, 0.67288514468, 0.18193374283]
    ],
    [
      [0.91591497752, 0.0005738421676, 0.011911568784, 0.042791693992, 0.028807917539],
      [0.0029201985034, 0.79215897787, 0.0014854312709, 0.030941484044, 0.17249390831],
      [0.075282369778, 0, 0.74401846575, 0.096839318767, 0.0838598457],
      [0.0082685397327, 0, 0.0053450195035, 0.93674750778, 0.049638932986],
      [0.067587666245, 0.011414265267, 0.018642976775, 0.67702043048, 0.22533466123]
    ],
    [
      [0.90591398519, 0.0036038998704, 0.0073848890343, 0.039155222032, 0.043942003875],
      [0, 0.74945081831, 0, 0.025903952504, 0.22464522918],
      [0.092549079784, 0.053648060294, 0.61234975247, 0.097370392653, 0.1440827148],
      [0.00082612203262, 0.023579503964, 0, 0.89182252452, 0.083771849481],
      [0.06190153691, 0.014253861844, 0.011903905936, 0.59378643978, 0.31815425553]
    ],
    [
      [0.9143890541, 0.010064816721, 0.0083240615248, 0.036963670827, 0.030258396828],
      [0, 0.87323427429, 0, 0.0069422160026, 0.11982350971],
      [0.06312811825, 0.11603766385, 0.65262659638, 0.076380470604, 0.091827150915],
      [0, 0.069961403329, 0, 0.87228490641, 0.05775369026],
      [0.066478952341, 0.027288518392, 0.014510775347, 0.65889870631, 0.23282304761]
    ],
    [
      [0.92981331972, 0.003392789949, 0.0037434237659, 0.037965731897, 0.025084734665],
      [0, 0.82874131149, 0, 0.026416933981, 0.14484175453],
      [0.14171082401, 0.067401752909, 0.57346143119, 0.11668266751, 0.10074332438],
      [0, 0.017855555493, 0, 0.93136858249, 0.050775862017],
      [0.0799007979, 0.016711547536, 0.010641757279, 0.66970225523, 0.22304364206]
    ],
    [
      [0.89040731153, 0.0080651842421, 0.013597398296, 0.050100913914, 0.037829192018],
      [0, 0.84154398097, 0, 0.019743389158, 0.13871262987],
      [0.01242834701, 0.076126135121, 0.73335289473, 0.089423890605, 0.088668732537],
      [0, 0.037086717863, 0, 0.90532472361, 0.057588558523],
      [0.053367162244, 0.019526760673, 0.019025637901, 0.67222593626, 0.23585450292]
    ],
    [
      [0.92607386345, 0.0020006010304, 0.010039452174, 0.039405895541, 0.022480187808],
      [0, 0.83823385917, 0, 0.03082184562, 0.13094429521],
      [0.066972028781, 0.036996049588, 0.72307445435, 0.1008192551, 0.072138212181],
      [0.018466501935, 0.0067080007571, 0, 0.93240581261, 0.042419684697],
      [0.075728086867, 0.015150735636, 0.018271468454, 0.69819451407, 0.19265519497]
    ],
    [
      [0.90592046521, 0.004379167013, 0.01745137626, 0.050040909074, 0.022208082441],
      [0, 0.88615707543, 0.00060541185317, 0.022552135411, 0.09068537731],
      [0.034867525296, 0.042612378483, 0.78385493878, 0.088817758683, 0.049847398762],
      [0.0082760220902, 0.023343590345, 0.010500125513, 0.92551184212, 0.032368419936],
      [0.058461295683, 0.019147278284, 0.02299883408, 0.74816008377, 0.15123250818]
    ],
    [
      [0.92774473882, 0.0046288823808, 0.011296185717, 0.033175834537, 0.023154358546],
      [0.0017014196991, 0.86036320658, 0.00080316816765, 0.013581410331, 0.12355079522],
      [0.058080708583, 0.050643978892, 0.74886945658, 0.071058360898, 0.071347495047],
      [0.025905694071, 0.026846670091, 0.012333143751, 0.88666753524, 0.048246956843],
      [0.080811328618, 0.019185086593, 0.021079087346, 0.67272108561, 0.20620341183]
    ],
    [
      [0.90992957122, 0.0030727189038, 0.017639446047, 0.038585254588, 0.030773009238],
      [0, 0.82615552395, 0.0087052512459, 0.014557804724, 0.15058142008],
      [0.038143487936, 0.033514070073, 0.7860956028, 0.065625675059, 0.076621164133],
      [0.014787630151, 0.016325054051, 0.032272994957, 0.88145788611, 0.055156434734],
      [0.067069247495, 0.016148002536, 0.024291552838, 0.66022214983, 0.2322690473]
    ],
    [
      [0.90711069835, 0.0057881559613, 0.014070820883, 0.040941368444, 0.032088956365],
      [0, 0.84747135029, 0.00047357051081, 0.014404728756, 0.13765035045],
      [0.036694898733, 0.058870162428, 0.74638970243, 0.07509306207, 0.082952174336],
      [0.012833725648, 0.033739043576, 0.011080217739, 0.88646043536, 0.055886577673],
      [0.064179231339, 0.019509514275, 0.020795815935, 0.66358048137, 0.23193495708]
    ],
    [
      [0.91765103561, 0.0029159348121, 0.011161621006, 0.030074392372, 0.038197016198],
      [0.0024159258677, 0.76289343128, 0.0030452566855, 0.013288646585, 0.21835673959],
      [0.062806770019, 0.03728512568, 0.7139920016, 0.064575038767, 0.12134106394],
      [0.029793049197, 0.019159455882, 0.015450328294, 0.85128035547, 0.084316811155],
      [0.075526671259, 0.014341713403, 0.018650732892, 0.57335676432, 0.31812411813]
    ],
    [
      [0.93746900193, 0.0016523588177, 0.010975754238, 0.027643413312, 0.022259471708],
      [0.0042107840399, 0.81370581266, 0.0066979151753, 0.015787221519, 0.15959826661],
      [0.07174088127, 0.024255347509, 0.75510987384, 0.069895194032, 0.078998703346],
      [0.034540446802, 0.0095959285801, 0.022866777986, 0.87789506294, 0.055101783686],
      [0.092887189655, 0.014218460292, 0.021999964992, 0.63961141916, 0.2312829659]
    ],
    [
      [0.92038326618, 0, 0.011140007968, 0.040582658895, 0.027894066955],
      [0.001604363823, 0.78294844531, 0.0024093703322, 0.027976296273, 0.18506152426],
      [0.061183483511, 0.009740365011, 0.7391827676, 0.1058500975, 0.08404328638],
      [0.020383466702, 0, 0.0085452816116, 0.91916358862, 0.051907663067],
      [0.07292495694, 0.01156248532, 0.019425285906, 0.66463201149, 0.23145526035]
    ],
    [
      [0.93515874895, 0.00071336511469, 0.014601633202, 0.030300048308, 0.019226204426],
      [0.0038129152795, 0.84571777131, 0.0085779477695, 0.015022213157, 0.12686915248],
      [0.064619978832, 0.023203097405, 0.78855327386, 0.064418669042, 0.059204980863],
      [0.035232947037, 0.005674549738, 0.031848602818, 0.88501567748, 0.042228222925],
      [0.089072744454, 0.014991075698, 0.025199572662, 0.68192281356, 0.18881379363]
    ],
    [
      [0.90934114275, 0.0047108063543, 0.011244709186, 0.038185158727, 0.036518182984],
      [0, 0.80661138799, 0, 0.017599106195, 0.17578950581],
      [0.046580314962, 0.049804553355, 0.71630979615, 0.082336260342, 0.10496907519],
      [0.016063509316, 0.031791805119, 0.0016673863007, 0.88169714907, 0.06878015019],
      [0.065632309897, 0.016882771115, 0.017934766876, 0.62692416457, 0.27262598755]
    ],
    [
      [0.93147316941, 0, 0.015680376564, 0.037645728942, 0.015200725079],
      [0.11267571834, 0.71771984308, 0.010075105811, 0.028950678586, 0.13057865418],
      [0.055410083938, 0, 0.81122539118, 0.089975629493, 0.043388895386],
      [0.0073880356018, 0, 0.034570185234, 0.92974292618, 0.028298852987],
      [0.084320659704, 0.010988340479, 0.025357538136, 0.73279591597, 0.14653754571]
    ],
    [
      [0.91627644427, 0, 0.011821090872, 0.051373016258, 0.020529448599],
      [0, 0.8495749086, 0.00080889888038, 0.035042987524, 0.11457320499],
      [0.044084504841, 0.02224686068, 0.76579573968, 0.11120790843, 0.056664986378],
      [0.0095709384624, 0, 0.0082107196945, 0.9477856978, 0.034432644047],
      [0.068993527001, 0.01350435088, 0.020598245478, 0.73360816593, 0.16329571071]
    ],
    [
      [0.94703105852, 0.0041255671532, 0.0024748261847, 0.029316235252, 0.017052312892],
      [0.0050147815421, 0.87626515697, 0, 0.01432317866, 0.10439688283],
      [0.098729083991, 0.045871574867, 0.71465406592, 0.078465311387, 0.062279963837],
      [0.045265273122, 0.023588804434, 0, 0.89219977951, 0.038946142934],
      [0.09529755694, 0.018814576478, 0.01803668819, 0.69203239158, 0.17581878681]
    ],
    [
      [0.93704118344, 0.0011116084503, 0.006972133833, 0.031088512964, 0.023786561313],
      [0.0061748551416, 0.82451296751, 0.00043875301357, 0.016695707457, 0.15217771688],
      [0.076500010722, 0.033086020116, 0.73030440579, 0.078095281487, 0.082014281887],
      [0.047311893355, 0.011772473947, 0.0026247528751, 0.88528406814, 0.053006811688],
      [0.087235980117, 0.014968847981, 0.018859133692, 0.65131217271, 0.2276238655]
    ],
    [
      [0.93234456132, 0.0037898545228, 0.018419563008, 0.023848773476, 0.02159724767],
      [0.0035035411737, 0.86019662354, 0.011298944301, 0.0042129268035, 0.12078796418],
      [0.059553686477, 0.039350491555, 0.79898282756, 0.039600348097, 0.062512646309],
      [0.032837891878, 0.022971239903, 0.03861267724, 0.85738256775, 0.048195623227],
      [0.087297646723, 0.018768458747, 0.027293346707, 0.66080239815, 0.20583814968]
    ],
    [
      [0.8885074406, 0.0013331864269, 0.020364030159, 0.041551609983, 0.048243732827],
      [0, 0.72534306532, 0.013356931792, 0.016912613659, 0.24438738923],
      [0.030514054677, 0.012953295814, 0.78740803055, 0.063887551076, 0.10523706789],
      [0.009827703937, 0.00043148922203, 0.046328534341, 0.86511415096, 0.078298121539],
      [0.05423299023, 0.010401438823, 0.024711741806, 0.59884373262, 0.31181009652]
    ],
    [
      [0.91918503002, 0, 0.016416162802, 0.032503319684, 0.031895487499],
      [0.0019685445308, 0.75902598908, 0.011086955592, 0.017097008371, 0.21082150243],
      [0.05698609655, 0.0094268321764, 0.77976290382, 0.064453772578, 0.089370394871],
      [0.024479819425, 0, 0.04066212465, 0.86978304358, 0.065075012344],
      [0.074963242822, 0.011063404342, 0.024013560478, 0.61901742878, 0.27094236357]
    ],
    [
      [0.92320687532, 0.0001437016875, 0.0086927511113, 0.04385113387, 0.02410553801],
      [0.00088903217129, 0.82641766755, 0, 0.02726017702, 0.14543312326],
      [0.057651688723, 0.026206715919, 0.73568347466, 0.10648572207, 0.073972398632],
      [0.023336632687, 0.0037843745835, 0, 0.92820788459, 0.044671108138],
      [0.074713176451, 0.013711976558, 0.018789666208, 0.69093062023, 0.20185456055]
    ],
    [
      [0.91809775624, 0.0024764565744, 0.016513601493, 0.039913360402, 0.022998825294],
      [8.3062481645e-05, 0.85314490562, 0.006286479217, 0.01821640912, 0.12226914356],
      [0.042751615072, 0.029488650351, 0.79307924067, 0.075804462553, 0.058876031353],
      [0.015754180409, 0.010743484695, 0.02904650728, 0.90329741801, 0.041158409606],
      [0.071154982347, 0.015906190984, 0.0247313022, 0.70393045825, 0.18427706622]
    ],
    [
      [0.91684061094, 0.010371996113, 0.0059571380731, 0.036342158646, 0.030488096227],
      [0, 0.86653918481, 0, 0.0083361766895, 0.1251246385],
      [0.063992037522, 0.14584073507, 0.6086443991, 0.081283709006, 0.1002391193],
      [0, 0.063765654221, 0, 0.87689846588, 0.059335879904],
      [0.067968817803, 0.030869775928, 0.009204444844, 0.6521381811, 0.23981878032]
    ],
    [
      [0.90562081577, 0.00080980239088, 0.022059730026, 0.035707874166, 0.035801777643],
      [0, 0.7767699545, 0.014469356656, 0.013819027975, 0.19494166087],
      [0.036534145295, 0.017660602899, 0.80688838085, 0.054209768979, 0.084707101974],
      [0.014120123495, 0.004307341704, 0.052952638838, 0.86356130742, 0.065058588542],
      [0.065721456942, 0.012502262812, 0.027362656173, 0.62628092273, 0.26813270134]
    ],
    [
      [0.92665495995, 0.0032626393603, 0.012919119922, 0.031190027065, 0.025973253707],
      [0.0021491662598, 0.83446838737, 0.0046555529794, 0.013144633332, 0.14558226006],
      [0.060176290485, 0.039461273871, 0.757327455, 0.063948001324, 0.079086979323],
      [0.029630067191, 0.020904938382, 0.020728834469, 0.87311378769, 0.05562237227],
      [0.081717737215, 0.017120915979, 0.022311167499, 0.64701892445, 0.23183125486]
    ],
    [
      [0.91465608384, 0, 0.017402127972, 0.042972248015, 0.024969540169],
      [0, 0.83020313106, 0.0083194598207, 0.023413541575, 0.13806386754],
      [0.04064082038, 0.021660480982, 0.78855058519, 0.085179546332, 0.063968567118],
      [0.011693747291, 0.0011673534996, 0.029395007387, 0.91417747854, 0.043566413285],
      [0.068625806051, 0.013259917828, 0.024633951052, 0.69683536037, 0.1966449647]
    ],
    [
      [0.91558620836, 0.0036651077632, 0.017275619252, 0.030721007947, 0.032752056681],
      [0.00027206570175, 0.81325895564, 0.011118759333, 0.006708299751, 0.16864191958],
      [0.046745067939, 0.037877194663, 0.77970673103, 0.048021972436, 0.087649033933],
      [0.021971303027, 0.023042188332, 0.039480918378, 0.84817105397, 0.067334536295],
      [0.073128155241, 0.016791558035, 0.025228607073, 0.61729571562, 0.26755596403]
    ],
    [
      [0.93243673766, 0, 0.014908744269, 0.038552142512, 0.014102375555],
      [0.0018965301698, 0.88248877928, 0.006728878951, 0.022275102567, 0.086610709029],
      [0.055052179352, 0.023963892498, 0.79652872286, 0.083872480967, 0.040582724322],
      [0.026130551374, 0.0002908826565, 0.02450596841, 0.92206247741, 0.027010120149],
      [0.08372847937, 0.015669677363, 0.025320121233, 0.7441753362, 0.13110638583]
    ],
    [
      [0.925087897, 0.00039999231708, 0.01158773596, 0.033500445772, 0.029423928952],
      [0.0024858056645, 0.77977327551, 0.0043305873186, 0.018810358227, 0.19459997328],
      [0.062970969815, 0.024378854067, 0.7435708403, 0.077116813225, 0.091962522597],
      [0.034747550437, 0.004854381355, 0.015570629174, 0.88318486293, 0.061642576106],
      [0.078947140948, 0.012207733642, 0.020282938499, 0.63111651234, 0.25744567457]
    ],
    [
      [0.92019759341, 0, 0.022313664313, 0.033220289011, 0.024268453268],
      [9.1539397937e-05, 0.82790738167, 0.018757379325, 0.012180088524, 0.14106361108],
      [0.044565809482, 0.017355323634, 0.82075652945, 0.05603700749, 0.061285329939],
      [0.02104316904, 0.00068761767123, 0.054078749432, 0.87730376841, 0.046886695446],
      [0.076025812574, 0.013997663548, 0.029400507929, 0.67269526999, 0.20788074596]
    ],
    [
      [0.92692453831, 0.002481025808, 0.012735911734, 0.029757421138, 0.028101103005],
      [0.0026682919031, 0.80837544942, 0.0064048156921, 0.012316635499, 0.17023480749],
      [0.061762036313, 0.033614075548, 0.75514296408, 0.061037055223, 0.08844386884],
      [0.031091132629, 0.016615337719, 0.025123895435, 0.86385364396, 0.063315990253],
      [0.082673382185, 0.015399031019, 0.022179232708, 0.62314875654, 0.25659959755]
    ],
    [
      [0.93850239616, 0.0021326566461, 0.0086108260935, 0.030441200708, 0.020312920393],
      [0.0052752869538, 0.8436708138, 0, 0.017537475694, 0.13351642355],
      [0.078622613172, 0.035574913214, 0.73268455925, 0.080897851075, 0.07222006329],
      [0.039759290141, 0.015552627472, 0.0057710783572, 0.89181299822, 0.047104005806],
      [0.092093921399, 0.016133600972, 0.019742536712, 0.66755260309, 0.20447733783]
    ],
    [
      [0.91259997334, 0.0029028945418, 0.015232855905, 0.036920418408, 0.032343857806],
      [0, 0.81118094463, 0.00687249209, 0.015240086598, 0.16670647668],
      [0.044993596728, 0.033442484633, 0.76536786356, 0.069655220687, 0.086540834387],
      [0.019124353808, 0.01618198816, 0.024985104106, 0.87884735038, 0.060861203543],
      [0.068876309982, 0.01538299611, 0.022926442448, 0.64187822864, 0.25093602282]
    ],
    [
      [0.92463046808, 0.0036319334349, 0.010758217384, 0.03686118658, 0.024118194518],
      [0.00014641024319, 0.85027878304, 0, 0.019386104519, 0.1301887022],
      [0.055945803013, 0.04300244858, 0.74138101144, 0.086071790827, 0.073598946139],
      [0.023990316412, 0.02221857215, 0.005108999892, 0.9008738793, 0.047808232246],
      [0.077113381663, 0.017237793034, 0.02046198435, 0.67921692564, 0.20596991531]
    ],
    [
      [0.91718302172, 0.0042247216563, 0.011673087577, 0.036817178704, 0.030101990342],
      [0, 0.83003669802, 0, 0.01712442266, 0.15283887932],
      [0.050516428797, 0.049943150142, 0.73038852791, 0.080539367024, 0.088612526131],
      [0.020376939703, 0.027103180831, 0.0071051712838, 0.88699219944, 0.058422508742],
      [0.071453627239, 0.017334356566, 0.019511949966, 0.65096568924, 0.24073437699]
    ],
    [
      [0.92543099915, 0.0023076762102, 0.010837382207, 0.030341682093, 0.031082260341],
      [0.0038890027776, 0.78509689195, 0.0023600758358, 0.015464460363, 0.19318956908],
      [0.06605134175, 0.033134419095, 0.72559008861, 0.072314657434, 0.10290949311],
      [0.031144198187, 0.01564567569, 0.014925106632, 0.86817241467, 0.070112604824],
      [0.080797627883, 0.014333561064, 0.019419072895, 0.60681560236, 0.2786341358]
    ],
    [
      [0.91413518698, 0.008420084576, 0.0094840219791, 0.038770942671, 0.029189763794],
      [0, 0.86636540786, 0, 0.01372899669, 0.11990559545],
      [0.046652069131, 0.080480372624, 0.70747733034, 0.081081314689, 0.084308913213],
      [0.0097086115191, 0.047760353, 0, 0.8884799643, 0.054051071178],
      [0.067789389226, 0.023632724494, 0.017271587153, 0.66657360244, 0.22473269668]
    ],
    [
      [0.92855667815, 0.0021431465191, 0.0125079084, 0.032912175734, 0.0238800912],
      [0.0016109250385, 0.82560510314, 0.0054718395022, 0.018167629922, 0.1491445024],
      [0.057878924381, 0.026254355112, 0.76364181937, 0.077769056236, 0.074455844905],
      [0.026062513427, 0.010879172417, 0.021006980545, 0.89122278657, 0.050828547041],
      [0.080526785257, 0.014439747862, 0.022311072291, 0.66429932739, 0.2184230672]
    ],
    [
      [0.90452017896, 0.0023380541638, 0.018260735903, 0.042580300277, 0.032300730692],
      [0, 0.81646455097, 0.0071248042605, 0.018484260568, 0.1579263842],
      [0.0306498103, 0.02967449957, 0.78117157454, 0.079329221926, 0.079174893666],
      [0.008462745219, 0.01282832787, 0.028650334809, 0.89503056987, 0.055028022237],
      [0.063084052558, 0.014889752475, 0.023344440761, 0.66566850361, 0.2330132506]
    ],
    [
      [0.92414289027, 0.0014692282289, 0.017561274782, 0.032576416579, 0.024250190141],
      [0.0010808225093, 0.83277553451, 0.010812861285, 0.013615462213, 0.14171531948],
      [0.050661636504, 0.022837917119, 0.80442305582, 0.055711341656, 0.066366048895],
      [0.024281884557, 0.010577518171, 0.036543094062, 0.87939905607, 0.049198447137],
      [0.078792357088, 0.015240767327, 0.026123216815, 0.66702517677, 0.212818482]
    ],
    [
      [0.92988465024, 0.0071210147151, 0.012938469664, 0.028691663307, 0.021364202069],
      [0.0012322841419, 0.88740895802, 0.0034532805957, 0.0067997513213, 0.10110572592],
      [0.056465194772, 0.067279080739, 0.76507559897, 0.046987680814, 0.064192444701],
      [0.026855657428, 0.041561458842, 0.01920195453, 0.86595946519, 0.046421464009],
      [0.084723423826, 0.023711231884, 0.023714124474, 0.67045420655, 0.19739701327]
    ],
    [
      [0.93669890837, 0.00085756393442, 0.012411466635, 0.033680623374, 0.016351437684],
      [0.0037915323273, 0.86929752321, 0.0045226949057, 0.018510093517, 0.10387815603],
      [0.066124537168, 0.026780545198, 0.77691999359, 0.078824297495, 0.05135062655],
      [0.032951139966, 0.0088033604472, 0.018568149488, 0.90506419955, 0.034613150546],
      [0.088168762155, 0.016221857428, 0.023511773376, 0.71269761949, 0.15939998755]
    ],
    [
      [0.93646139885, 0.00060523170767, 0.011309695556, 0.035159247968, 0.016464425916],
      [0.0024331221256, 0.84706496271, 0.0040996166347, 0.024195101726, 0.1222071968],
      [0.067198231319, 0.014745924467, 0.76646246688, 0.098297330908, 0.053296046425],
      [0.030430442672, 0.0013178967235, 0.01346626418, 0.92061147461, 0.034173921811],
      [0.087702122614, 0.012876751089, 0.021954349417, 0.71701362821, 0.16045314867]
    ],
    [
      [0.92160584728, 0.0013257893655, 0.0045772561008, 0.039766037419, 0.032725069831],
      [0.00069301772844, 0.7819602283, 0, 0.022658037089, 0.19468871689],
      [0.073238793972, 0.031582738934, 0.68712261238, 0.10019434972, 0.107861505],
      [0.025663650047, 0.011503930511, 0, 0.89708884717, 0.065743572272],
      [0.073681785806, 0.013288236734, 0.016124468101, 0.62612236078, 0.27078314858]
    ],
    [
      [0.9195137654, 0.0016897909851, 0.014749824616, 0.032551203334, 0.031495415667],
      [0.0012912636393, 0.78495671634, 0.0071002835404, 0.01581499067, 0.19083674581],
      [0.053734741444, 0.023191809466, 0.76951145412, 0.062836575601, 0.090725419372],
      [0.025380711499, 0.010115045904, 0.029337790655, 0.87001531486, 0.065151137078],
      [0.075069353566, 0.013149666069, 0.02294062073, 0.62305502345, 0.26578533619]
    ],
    [
      [0.91753870365, 0.0059109881618, 0.021503367973, 0.025626168385, 0.029420771826],
      [0, 0.84399434764, 0.011428962268, 0.0047226288423, 0.13985406125],
      [0.041791709558, 0.047808537848, 0.80202011936, 0.03144922048, 0.07693041275],
      [0.019970859003, 0.028917158979, 0.041847743522, 0.84859118253, 0.060673055965],
      [0.075547083763, 0.020014127863, 0.028316232102, 0.62890194112, 0.24722061515]
    ],
    [
      [0.91659981713, 0.0012352985732, 0.016344544534, 0.029871668251, 0.035948671512],
      [0.0014915611857, 0.75755201811, 0.011878937583, 0.011642890906, 0.21743459221],
      [0.052061590895, 0.018045250246, 0.78002337836, 0.048460883453, 0.10140889705],
      [0.02568008758, 0.0088899217668, 0.036573940582, 0.8519400459, 0.076916004176],
      [0.073592890123, 0.012227737142, 0.024512877795, 0.58801659753, 0.30164989741]
    ],
    [
      [0.8993264922, 0.0081480987934, 0.01522690548, 0.046082041975, 0.031216461554],
      [0, 0.87747591828, 0, 0.011688483739, 0.11083559798],
      [0.022915491913, 0.084658075118, 0.74631503688, 0.072534987697, 0.073576408388],
      [0.0062227422562, 0.047307795966, 0.0051232013301, 0.89253814029, 0.048808120157],
      [0.0563911814, 0.022126060366, 0.021418030026, 0.69254512509, 0.20751960312]
    ],
    [
      [0.92394129833, 0.003464705167, 0.014076645452, 0.036004211634, 0.022513139415],
      [0.00056324580772, 0.86241610531, 0.0045997622587, 0.015441528082, 0.11697935854],
      [0.050238760669, 0.040846683334, 0.77298903732, 0.072095215537, 0.063830303145],
      [0.021909815009, 0.020610700981, 0.020278603755, 0.89321634114, 0.043984539113],
      [0.077095075189, 0.018041000807, 0.023314338334, 0.68929827382, 0.19225131185]
    ],
    [
      [0.92762775265, 0.00030181554145, 0.012889872876, 0.031868134405, 0.027312424524],
      [0.0032148462295, 0.78537078439, 0.0060790048683, 0.018429612361, 0.18690575215],
      [0.067459640008, 0.016320150896, 0.75725707449, 0.07372417621, 0.0852389584],
      [0.031974764336, 0.0059387904056, 0.022301654095, 0.88076818878, 0.059016602379],
      [0.08199140704, 0.012399913978, 0.02162652899, 0.6359290373, 0.24805311269]
    ],
    [
      [0.91603774709, 0.0026217229884, 0.013380967968, 0.034111032363, 0.03384852959],
      [0.00096104974881, 0.79266076971, 0.0046831106937, 0.015657265623, 0.18603780423],
      [0.052625445472, 0.032922033348, 0.74591037861, 0.070288262473, 0.098253880096],
      [0.023722660172, 0.015834799498, 0.020675036423, 0.87145611894, 0.068311384966],
      [0.072317140583, 0.014578410174, 0.020902935117, 0.61836843507, 0.27383307905]
    ],
    [
      [0.90496566998, 0.0044559504577, 0.017920834675, 0.039489564012, 0.033167980874],
      [0, 0.8381147798, 0.0095023326346, 0.0083664814068, 0.14401640616],
      [0.033212311318, 0.046694408514, 0.7873444762, 0.054086183081, 0.07866262089],
      [0.013637577089, 0.026620069517, 0.030541263913, 0.87128115101, 0.057919938468],
      [0.062930602894, 0.018028008171, 0.024322948666, 0.65523468088, 0.23948375939]
    ],
    [
      [0.90332606338, 0.0027350225575, 0.014092309164, 0.049058296811, 0.03078830809],
      [0, 0.8251748337, 0.0026565579454, 0.022687641546, 0.1494809668],
      [0.036291357574, 0.030091022892, 0.74799684058, 0.10923449887, 0.07638628009],
      [0.0086605938131, 0.010342833564, 0.0031521091825, 0.93063830756, 0.047206155881],
      [0.058703313275, 0.013901337837, 0.018955399582, 0.69870375267, 0.20973619664]
    ],
    [
      [0.93630290436, 0, 0.015070315329, 0.029440590596, 0.019186189711],
      [0.0029483844055, 0.82588226819, 0.0081712567373, 0.017981691896, 0.14501639877],
      [0.068221506485, 0.014558407836, 0.79724972302, 0.060748943517, 0.059221419146],
      [0.036369247673, 0.0023257014299, 0.034153809676, 0.88440440921, 0.042746832014],
      [0.090847805745, 0.012786819655, 0.025557410542, 0.67885258172, 0.19195538233]
    ],
    [
      [0.91925070078, 0.0049262184758, 0.0072906123007, 0.032407253837, 0.036125214603],
      [0, 0.79257998321, 0, 0.015472278717, 0.19194773807],
      [0.074723682962, 0.055802875421, 0.66454960773, 0.081700273855, 0.12322356003],
      [0.020347739602, 0.034145755512, 0, 0.86723601328, 0.078270491603],
      [0.074614816978, 0.016469462956, 0.015793615158, 0.59338665538, 0.29973544952]
    ],
    [
      [0.96233927884, 0.00227817201, 0.0049458320596, 0.018397180842, 0.012039536248],
      [0.013595432017, 0.88321595153, 0, 0.0071671623303, 0.096021454128],
      [0.13045220236, 0.041468606104, 0.72665059136, 0.048688884298, 0.052739715872],
      [0.067524188834, 0.020643560426, 0.0051977545862, 0.86989367034, 0.036740825818],
      [0.12539227068, 0.018962535709, 0.021619024314, 0.67050373356, 0.16352243574]
    ],
    [
      [0.91632491408, 0.003129658404, 0.016352673689, 0.039424308449, 0.024768445375],
      [0, 0.85322498327, 0.0076127586447, 0.015957522789, 0.1232047353],
      [0.040607215552, 0.034095134108, 0.79033871023, 0.071507296863, 0.063451643248],
      [0.017968464156, 0.016782839572, 0.024930617188, 0.8960616187, 0.044256460379],
      [0.069786129797, 0.017029237103, 0.024583788654, 0.69348009555, 0.1951207489]
    ],
    [
      [0.92727029247, 0.001762989644, 0.011102585574, 0.036604130877, 0.023260001435],
      [0.002396191626, 0.83455350939, 0.00064906559225, 0.02324039922, 0.13916083417],
      [0.059920657768, 0.029669194355, 0.74639674465, 0.091622091321, 0.072391311903],
      [0.026611632111, 0.010512461946, 0.010120456631, 0.90606360723, 0.046691842083],
      [0.079074449731, 0.015251990832, 0.020549338892, 0.68000454771, 0.20511967284]
    ],
    [
      [0.9172884903, 0.0043968878179, 0.015776333223, 0.039215847255, 0.023322441405],
      [0, 0.87369092171, 0.0053080691249, 0.012789923716, 0.10821108544],
      [0.040623488687, 0.048728644787, 0.78304796871, 0.067462481013, 0.0601374168],
      [0.016431889683, 0.027179645491, 0.021816230312, 0.89245254526, 0.042119689258],
      [0.070485697519, 0.01951733389, 0.02429267089, 0.70104356818, 0.18466072952]
    ],
    [
      [0.92380900396, 0.00011981863696, 0.013997805288, 0.041843182939, 0.020230189178],
      [0.00028439851491, 0.8544653204, 0.00474498012, 0.023348671807, 0.11715662916],
      [0.049792212565, 0.023906493955, 0.77710155792, 0.092430606634, 0.056769128926],
      [0.020151809288, 0.0058157761393, 0.018427293237, 0.91831324061, 0.037291880726],
      [0.07592804181, 0.015419159448, 0.022961997074, 0.71443395325, 0.17125684842]
    ],
    [
      [0.95040899368, 0.0034568905382, 0.00913514801, 0.019645673663, 0.017353294108],
      [0.01482358302, 0.86578624354, 0.0015244431515, 0.0025967134259, 0.11526901686],
      [0.095143926914, 0.042324522892, 0.75392533882, 0.045842679719, 0.062763531656],
      [0.057069296697, 0.023043531111, 0.014715528468, 0.86018584006, 0.044985803667],
      [0.1049712346, 0.01878428865, 0.022629440223, 0.65844853367, 0.19516650286]
    ],
    [
      [0.91392756048, 0.0042081045682, 0.014520798617, 0.028444530596, 0.038899005738],
      [0, 0.79061668304, 0.010595463488, 0, 0.19878785347],
      [0.048623540697, 0.047950935206, 0.75519033228, 0.037634355739, 0.11060083608],
      [0.024431169846, 0.038085075123, 0.034538523295, 0.8149539062, 0.087991325537],
      [0.071938753588, 0.018524739522, 0.02377767639, 0.56455566562, 0.32120316488]
    ],
    [
      [0.89120674759, 0.0033715662275, 0.022386356957, 0.046052148701, 0.036983180522],
      [0, 0.82041622955, 0.0081867747432, 0.015826003934, 0.15557099178],
      [0.023337471804, 0.029842256906, 0.80669765565, 0.06453250042, 0.075590115222],
      [0.0015178673899, 0.014341290113, 0.044280187546, 0.88378465066, 0.056076004294],
      [0.052859481808, 0.015116951794, 0.028290890914, 0.66587996859, 0.2378527069]
    ],
    [
      [0.92913943379, 0.0016611309453, 0.013618368783, 0.028331192028, 0.02724987445],
