{
  "X": [
    [17, 88, 171, 39, 13],
    [6, 72, 258, 32, 7],
    [53, 289, 263, 51, 32],
    [172, 1321, 1646, 275, 136],
    [14, 171, 76, 23, 11],
    [3, 50, 109, 18, 8],
    [32, 101, 85, 14, 8],
    [12, 108, 42, 14, 5],
    [25, 575, 362, 214, 64],
    [5, 53, 30, 15, 9],
    [14, 70, 178, 29, 4],
    [63, 405, 509, 137, 51],
    [14, 143, 387, 57, 36],
    [6, 96, 82, 19, 9],
    [149, 1053, 1380, 254, 114],
    [8, 63, 50, 11, 12],
    [110, 734, 1330, 231, 108],
    [2, 12, 25, 5, 4],
    [13, 154, 174, 73, 18],
    [0, 15, 158, 15, 8],
    [8, 120, 110, 22, 9],
    [15, 228, 139, 59, 17],
    [32, 239, 175, 72, 28],
    [55, 258, 425, 54, 41],
    [11, 143, 136, 48, 11],
    [8, 80, 108, 18, 18],
    [39, 322, 215, 60, 28],
    [19, 254, 101, 36, 19],
    [10, 97, 196, 35, 13],
    [5, 53, 193, 27, 12],
    [25, 341, 333, 84, 38],
    [4, 50, 166, 28, 7],
    [17, 271, 296, 71, 21],
    [24, 130, 135, 18, 22],
    [19, 247, 275, 64, 24],
    [49, 164, 237, 30, 37],
    [2, 11, 11, 2, 2],
    [18, 261, 157, 81, 31],
    [5, 133, 87, 59, 14],
    [12, 34, 46, 15, 8],
    [7, 68, 60, 24, 14],
    [0, 12, 31, 10, 6],
    [4, 37, 70, 8, 9],
    [12, 113, 181, 42, 15],
    [0, 19, 7, 5, 2],
    [2, 40, 17, 19, 6],
    [36, 201, 373, 71, 43],
    [3, 26, 18, 15, 3],
    [2, 13, 15, 6, 0],
    [10, 101, 95, 32, 14],
    [19, 158, 196, 46, 9],
    [4, 36, 92, 18, 8],
    [5, 44, 130, 30, 10],
    [0, 13, 77, 17, 7],
    [7, 76, 375, 49, 20],
    [0, 43, 49, 6, 6],
    [11, 35, 178, 21, 15],
    [9, 63, 154, 31, 13],
    [1, 5, 30, 3, 2],
    [0, 20, 2, 1, 1],
    [3, 29, 16, 8, 12],
    [5, 33, 69, 7, 2],
    [1, 29, 7, 9, 2],
    [4, 59, 86, 29, 9],
    [3, 41, 77, 16, 11],
    [1, 52, 36, 11, 9],
    [3, 17, 110, 10, 3],
    [4, 18, 9, 5, 0],
    [2, 34, 26, 13, 5],
    [6, 69, 48, 39, 4],
    [1, 4, 6, 2, 1],
    [1, 21, 42, 14, 9],
    [1, 14, 24, 4, 6],
    [2, 6, 13, 5, 2],
    [19, 195, 148, 44, 24],
    [7, 72, 271, 46, 20],
    [13, 162, 203, 67, 31],
    [13, 150, 150, 43, 10],
    [27, 146, 146, 37, 23],
    [2, 52, 107, 12, 9],
    [27, 188, 335, 68, 37],
    [16, 171, 189, 43, 15],
    [3, 6, 31, 9, 1],
    [1, 12, 7, 4, 1],
    [85, 222, 267, 19, 49],
    [167, 1116, 843, 184, 176],
    [99, 653, 618, 148, 95],
    [0, 8, 0, 2, 1]
  ],
  "W": [
    [11, 18, 26, 87, 177, 9],
    [2, 12, 25, 71, 256, 9],
    [12, 79, 48, 269, 266, 14],
    [58, 276, 267, 1245, 1619, 85],
    [2, 28, 20, 154, 80, 11],
    [1, 6, 25, 50, 99, 7],
    [3, 30, 13, 107, 81, 6],
    [6, 19, 12, 88, 45, 11],
    [39, 35, 156, 582, 397, 31],
    [3, 6, 14, 45, 38, 6],
    [7, 9, 24, 68, 185, 2],
    [28, 50, 107, 415, 547, 18],
    [12, 29, 51, 133, 399, 13],
    [2, 4, 20, 93, 89, 4],
    [98, 164, 189, 992, 1469, 38],
    [8, 9, 6, 64, 52, 5],
    [97, 111, 139, 732, 1384, 50],
    [0, 5, 2, 9, 31, 1],
    [22, 20, 47, 137, 195, 11],
    [4, 0, 13, 15, 162, 2],
    [6, 32, 23, 97, 104, 7],
    [6, 27, 63, 201, 136, 25],
    [17, 46, 63, 221, 180, 19],
    [11, 115, 52, 210, 432, 13],
    [0, 40, 37, 128, 135, 9],
    [6, 17, 14, 79, 111, 5],
    [11, 80, 54, 297, 210, 12],
    [6, 43, 29, 226, 110, 15],
    [5, 26, 28, 87, 202, 3],
    [6, 13, 20, 49, 197, 5],
    [20, 82, 65, 302, 332, 20],
    [5, 21, 28, 37, 163, 1],
    [9, 41, 55, 240, 310, 21],
    [3, 63, 21, 110, 125, 7],
    [14, 43, 59, 229, 271, 13],
    [17, 94, 21, 148, 230, 7],
    [0, 2, 1, 11, 12, 2],
    [18, 21, 68, 241, 184, 16],
    [8, 12, 39, 143, 89, 7],
    [6, 6, 10, 37, 51, 5],
    [7, 17, 25, 60, 55, 9],
    [4, 1, 6, 12, 32, 4],
    [2, 9, 6, 40, 69, 2],
    [18, 17, 29, 101, 184, 14],
    [0, 1, 2, 16, 8, 6],
    [2, 4, 15, 31, 25, 7],
    [46, 39, 36, 195, 399, 9],
    [3, 4, 8, 25, 20, 5],
    [1, 1, 4, 14, 16, 0],
    [7, 19, 26, 94, 99, 7],
    [6, 18, 39, 152, 201, 12],
    [9, 5, 8, 33, 102, 1],
    [9, 8, 11, 42, 146, 3],
    [4, 3, 7, 11, 88, 1],
    [9, 16, 45, 73, 376, 8],
    [1, 6, 5, 38, 53, 1],
    [7, 17, 15, 30, 186, 5],
    [11, 25, 24, 46, 158, 6],
    [1, 1, 2, 8, 29, 0],
    [1, 0, 1, 19, 1, 2],
    [3, 6, 5, 28, 21, 5],
    [2, 7, 9, 27, 67, 4],
    [0, 4, 5, 28, 7, 4],
    [2, 9, 21, 57, 90, 8],
    [7, 18, 12, 25, 83, 3],
    [9, 3, 7, 45, 37, 8],
    [1, 3, 6, 12, 119, 2],
    [0, 5, 1, 17, 12, 1],
    [3, 5, 11, 34, 24, 3],
    [3, 3, 33, 68, 56, 3],
    [0, 0, 1, 5, 7, 1],
    [4, 2, 11, 21, 47, 2],
    [1, 4, 5, 10, 25, 4],
    [1, 3, 3, 5, 15, 1],
    [23, 24, 29, 186, 159, 9],
    [14, 11, 27, 68, 287, 9],
    [23, 22, 40, 149, 230, 12],
    [9, 25, 29, 129, 163, 11],
    [23, 21, 22, 146, 157, 10],
    [9, 6, 10, 47, 106, 4],
    [43, 28, 38, 183, 352, 11],
    [28, 28, 32, 144, 195, 7],
    [1, 3, 3, 7, 36, 0],
    [0, 2, 2, 11, 8, 2],
    [26, 95, 20, 208, 279, 14],
    [97, 260, 153, 981, 895, 100],
    [73, 162, 111, 572, 638, 57],
    [0, 1, 2, 8, 0, 0]
  ],
  "method": "mvn_pdf",
  "cond_prob": [
    [
      [0.20871169458, 0.10842572385, 0.04529206977, 0.3104137193, 0.3271567925],
      [0.42007954641, 0.32463867177, 0.14843154811, 0.00020809513893, 0.10664213857],
      [0.00019870760315, 0.10900688594, 0.13936430257, 0.74346282812, 0.0079672757802],
      [0.067530217931, 0.82026560818, 0.026397105996, 0.064603745011, 0.021203322882],
      [0.0069722406933, 0.0086371889617, 0.91385268236, 0.05413081459, 0.016407073399],
      [0.0031508404349, 0.58197239483, 0.017563833475, 0.11666553843, 0.28064739284]
    ],
    [
      [0.11680702678, 0.11526727178, 0.084718885967, 0.34557706926, 0.33762974621],
      [0.24270632008, 0.35720092616, 0.28687226674, 0.00016983978444, 0.11305064723],
      [1.0084928586e-05, 0.095660487707, 0.21598371837, 0.68211981263, 0.0062258963595],
      [0.035772977241, 0.8288433948, 0.048790549593, 0.067573764072, 0.01901931429],
      [0.0011686096377, 0.0040721361975, 0.95799591134, 0.032693380039, 0.0040699627856],
      [0.0016236145446, 0.57791047246, 0.030824415976, 0.12072999211, 0.2689115049]
    ],
    [
      [0.23094031408, 0.14381502562, 0.036091165927, 0.18159662144, 0.40755687293],
      [0.40167423671, 0.37675041108, 0.10408720689, 0, 0.11748814533],
      [0.00016789208384, 0.20817163133, 0.15887321727, 0.61832837068, 0.01445888864],
      [0.059583846583, 0.87095968162, 0.01743964085, 0.029662670742, 0.0223541602],
      [0.0090980766556, 0.016190272347, 0.90925965731, 0.038955331071, 0.026496662621],
      [0.0028749707169, 0.63742372233, 0.01169785744, 0.057121589679, 0.29088185984]
    ],
    [
      [0.18492782806, 0.14689472229, 0.053715597569, 0.2161595687, 0.39830228338],
      [0.32880777463, 0.39387937196, 0.15898355992, 0, 0.11832929348],
      [0.00032953774687, 0.17852390468, 0.19789821741, 0.61146110132, 0.011787238846],
      [0.048338571847, 0.87041068253, 0.026184302043, 0.03458702711, 0.020479416473],
      [0.0062108967881, 0.011406023483, 0.93398002729, 0.031180025433, 0.017223027006],
      [0.0023328205495, 0.63501017799, 0.017095159155, 0.066603776902, 0.2789580654]
    ],
    [
      [0.16273819413, 0.20196912129, 0.02868111402, 0.22535423748, 0.38125733309],
      [0.28306666757, 0.52726137354, 0.081676811468, 0.0001379093924, 0.10785723803],
      [0.00032051387733, 0.24115870114, 0.10442934845, 0.64315267716, 0.01093875937],
      [0.032479441711, 0.91608760331, 0.0076442471835, 0.028390052669, 0.015398655131],
      [0.0090218911458, 0.025289434585, 0.87887859521, 0.058626971796, 0.02818310726],
      [0.001696484288, 0.71899305452, 0.0072362180426, 0.056377333107, 0.21569691005]
    ],
    [
      [0.088724749908, 0.093690602426, 0.090619792885, 0.19345994445, 0.53350491033],
      [0.19457277883, 0.30340832134, 0.32146645408, 0, 0.18055244575],
      [0, 0.11075626439, 0.32834656118, 0.54677603876, 0.014121135667],
      [0.032977681103, 0.82511280772, 0.060264084776, 0.044627231767, 0.037018194639],
      [0.00087273510966, 0.0074710917635, 0.96493310887, 0.014437230317, 0.012285833942],
      [0.001221963731, 0.47452491276, 0.032905062341, 0.06807024241, 0.42327781875]
    ],
    [
      [0.45459087461, 0.098793188179, 0.03929090859, 0.13850477357, 0.26882025505],
      [0.63292556815, 0.21305585741, 0.092366979377, 0, 0.061651595062],
      [0, 0.17458987718, 0.21551171276, 0.59818978849, 0.011708621581],
      [0.10851790408, 0.80934666513, 0.03202783203, 0.029880805822, 0.020226792941],
      [0, 0.020200000933, 0.9354346725, 0.027569290844, 0.016796035719],
      [0.0061740991694, 0.63433051097, 0.018713187833, 0.062943274612, 0.27783892742]
    ],
    [
      [0.22939219285, 0.25257267862, 0.02613987027, 0.22252816845, 0.2693670898],
      [0.33122005886, 0.54620042542, 0.06131556423, 0.00025596331546, 0.061007988173],
      [0.0010174822654, 0.28817382246, 0.091836571099, 0.61283387192, 0.0061382522599],
      [0.040310916779, 0.93348853187, 0.0031338253955, 0.023066725956, 0],
      [0.016473464766, 0.035998180848, 0.87198780371, 0.060704056926, 0.014836493749],
      [0.0026899405765, 0.80743282118, 0.0055362184577, 0.04949152523, 0.13484949455]
    ],
    [
      [0.085896996564, 0.12373274079, 0.025344679139, 0.34147976921, 0.4235458143],
      [0.22423921274, 0.48385647491, 0.10863296219, 0, 0.18327135016],
      [0, 0.12295525381, 0.076474790589, 0.79021754458, 0.010352411019],
      [0.022034035795, 0.8727616416, 0.0173980846, 0.061314120218, 0.026492117784],
      [0.0023913515895, 0.021604117766, 0.84354304861, 0.096413972625, 0.036047509413],
      [0.00091836369544, 0.56562312021, 0.0086148700257, 0.11119957896, 0.31364406711]
    ],
    [
      [0.1396269601, 0.14472525771, 0.0095655868295, 0.14657539069, 0.55950680466],
      [0.31089033753, 0.47188767867, 0.03261963589, 0.00040483162843, 0.18419751628],
      [0.0017018176089, 0.26256656209, 0.053019086218, 0.66438714073, 0.018325393355],
      [0.040911549962, 0.90684319926, 0.011328027723, 0.027133488151, 0.013783734904],
      [0.022046853513, 0.04361702817, 0.75004658703, 0.099506407087, 0.084783124201],
      [0.0021919110312, 0.59886254142, 0.0036311104118, 0.042362405301, 0.35295203184]
    ],
    [
      [0.33971496338, 0.14487208813, 0.045712073841, 0.24648544407, 0.22321543058],
      [0.51228852779, 0.32291981584, 0.11095518802, 0.00020412894638, 0.053632339403],
      [0, 0.16531087234, 0.15952631985, 0.66983038214, 0.0053324256735],
      [0.081922149704, 0.84764011302, 0.021717254857, 0.040003459318, 0.0087170231046],
      [0.0077376211561, 0.016405700759, 0.92618123043, 0.04489978257, 0.00477566508],
      [0.004616206226, 0.71878688945, 0.016243076904, 0.085070275286, 0.17528355213]
    ],
    [
      [0.23277388276, 0.11639903705, 0.029624089965, 0.23045640665, 0.39074658358],
      [0.4465792408, 0.33519164416, 0.093909024591, 0.00014941106619, 0.12417067937],
      [0, 0.15407304406, 0.11910095475, 0.71411564308, 0.012710358108],
      [0.070553809073, 0.84029053806, 0.017290220234, 0.046829846913, 0.02503558572],
      [0.0088023171708, 0.016883773589, 0.88365492811, 0.060711063974, 0.029947917156],
      [0.0032594991623, 0.58552397735, 0.01092138996, 0.082557654877, 0.31773747865]
    ],
    [
      [0.097791904598, 0.10103421089, 0.042871278716, 0.19497846201, 0.56332414379],
      [0.23724613447, 0.3679049248, 0.17125703672, 0.00010892365511, 0.22348298036],
      [7.3943961873e-05, 0.14375488683, 0.18527718227, 0.65200319784, 0.018890789099],
      [0.035549886281, 0.85066548704, 0.028611477272, 0.045523334067, 0.039649815336],
      [0.0030005713972, 0.010904446363, 0.92247978181, 0.036315473881, 0.02729972655],
      [0.0013250184873, 0.48442027279, 0.01501499043, 0.066189159286, 0.433050559]
    ],
    [
      [0.15129498396, 0.16288006698, 0.024820179272, 0.15878681607, 0.50221795372],
      [0.29636362794, 0.47317407404, 0.078249002795, 7.2446451618e-05, 0.15214084877],
      [0.00071275720443, 0.25676885258, 0.11994279197, 0.60434274212, 0.018232856127],
      [0.037787377288, 0.90532460615, 0.010022788018, 0.023814738452, 0.023050490091],
      [0.01097131557, 0.021222582394, 0.87953256155, 0.047255352846, 0.041018187644],
      [0.0017568006843, 0.64054207831, 0.0069976318943, 0.043696165078, 0.30700732403]
    ],
    [
      [0.21975635426, 0.16405192308, 0.035089404018, 0.22185297619, 0.35924934245],
      [0.3755190525, 0.42231250853, 0.099600436998, 0.00010597331903, 0.10246202864],
      [0.00029271717759, 0.20602666399, 0.13357587989, 0.64908759516, 0.011017143787],
      [0.051610920699, 0.88298672509, 0.014930958154, 0.03362244826, 0.016848947794],
      [0.0098879966082, 0.018354413778, 0.89840991366, 0.050181972206, 0.023165703745],
      [0.0026297046002, 0.67997777665, 0.010664520565, 0.065597036278, 0.2411309619]
    ],
    [
      [0.14420459376, 0.10663388851, 0.029720451731, 0.18276817368, 0.53667289232],
      [0.33151226553, 0.36477879777, 0.11098966162, 0.00051214204344, 0.19220713303],
      [0.00058493129577, 0.16153500628, 0.13958633645, 0.67981719033, 0.018476535651],
      [0.052148701468, 0.8560684932, 0.017086138908, 0.042284930408, 0.032411736015],
      [0.0098199971075, 0.0099035255738, 0.89963199603, 0.04692617905, 0.033718302234],
      [0.0022173057706, 0.51826855591, 0.010286945792, 0.061589066704, 0.40763812582]
    ],
    [
      [0.18877537654, 0.12359143031, 0.045887263632, 0.26832996472, 0.37341596479],
      [0.36770059912, 0.3624835875, 0.1483436403, 0.00016008756321, 0.12131208551],
      [0.00025086358042, 0.13768710699, 0.15500491882, 0.69689211331, 0.010164997298],
      [0.056532921715, 0.84466647422, 0.024777992682, 0.051687734753, 0.02233487663],
      [0.0067379387156, 0.010477007924, 0.91660953733, 0.047422509834, 0.018753006192],
      [0.0026349211617, 0.59682814161, 0.016240346475, 0.092360890047, 0.29193570071]
    ],
    [
      [0.072786316481, 0.098374989717, 0.0099323144836, 0.15735007612, 0.6615563032],
      [0.23830115566, 0.46067130034, 0.047050649247, 0.00011084328611, 0.25386605147],
      [0.0007274220174, 0.15406761086, 0.050646563298, 0.77735537503, 0.017203028793],
      [0.028477874757, 0.90150845626, 0.0096176542786, 0.03298539864, 0.02741061606],
      [0.017724088514, 0.025169195694, 0.79268230655, 0.099914059145, 0.064510350097],
      [0.0012917609228, 0.49468710369, 0.0037432356137, 0.050530612258, 0.44974728752]
    ],
    [
      [0.11879294926, 0.1594337425, 0.027880415162, 0.39305442496, 0.30083846812],
      [0.26218065949, 0.52882491491, 0.099617054118, 0, 0.10937737149],
      [3.8988342099e-05, 0.13578250771, 0.07169286888, 0.78614048347, 0.0063451515931],
      [0.028405553825, 0.8870308117, 0.015721183081, 0.053959036597, 0.014883414793],
      [0.0063280470472, 0.023754162314, 0.85013219189, 0.096064946457, 0.023720652288],
      [0.0014163114806, 0.67080896817, 0.0086495859474, 0.11628612316, 0.20283901125]
    ],
    [
      [0, 0.076649656065, 0.11121041802, 0.21762518129, 0.59451474463],
      [0.14742671136, 0.3261091184, 0.27047120292, 0.00017661373337, 0.25581635359],
      [0, 0.095970557371, 0.22951699584, 0.65768384536, 0.016828601427],
      [0, 0.84134781222, 0.052036898857, 0.059469593466, 0.047145695461],
      [0, 0, 0.94904776477, 0.027956538665, 0.022995696561],
      [0, 0.41278347333, 0.022573002965, 0.07930305966, 0.48534046404]
    ],
    [
      [0.1164790913, 0.21596534512, 0.060761761106, 0.2558698712, 0.35092393127],
      [0.19275728339, 0.54416146015, 0.16793477783, 0, 0.095146478625],
      [0, 0.21150144275, 0.1827266462, 0.59780187353, 0.0079700375204],
      [0.011628539593, 0.92478879654, 0.022708709351, 0.029356269261, 0.011517685255],
      [0, 0.015192501184, 0.9399088436, 0.033099179869, 0.011799475343],
      [0.00070343471465, 0.73456780481, 0.015077019759, 0.060780693851, 0.18887104687]
    ],
    [
      [0.14710532279, 0.18392013129, 0.041187822012, 0.26178460319, 0.36600212072],
      [0.26674036065, 0.50076114799, 0.12331651199, 0.00020517462692, 0.10897680474],
      [0, 0.19670391276, 0.13429518001, 0.65963721133, 0.0093636958931],
      [0.030633951697, 0.90202919141, 0.01581733958, 0.036281290889, 0.015238226428],
      [0.0052966110233, 0.016850245672, 0.90808677943, 0.050168820344, 0.019597543534],
      [0.0015045974105, 0.69536323315, 0.011345745833, 0.070044372655, 0.22174205095]
    ],
    [
      [0.18059897318, 0.14127644681, 0.031636793651, 0.25898122985, 0.38750655651],
      [0.35490920959, 0.41670619545, 0.10264819412, 0.00017853165284, 0.12555786919],
      [0.00040808684049, 0.1646611971, 0.11235300516, 0.71142107, 0.011156640893],
      [0.048979248068, 0.87017604476, 0.01468616131, 0.044724984868, 0.021433560996],
      [0.0094953504666, 0.015578913337, 0.88456737846, 0.062970620515, 0.027387737225],
      [0.0023530229854, 0.62858156336, 0.010228867471, 0.081612940931, 0.27722360525]
    ],
    [
      [0.18786152874, 0.14816305246, 0.040783706381, 0.179387481, 0.44380423142],
      [0.33983816745, 0.40417235994, 0.12265922781, 0, 0.1333302448],
      [0.00038243596834, 0.21021780737, 0.17596445545, 0.59805131392, 0.015383987293],
      [0.048884758771, 0.87967349381, 0.019507042937, 0.028647890303, 0.023286814179],
      [0.0081861829935, 0.014031572282, 0.91906119834, 0.032895287989, 0.025825758395],
      [0.0023089893672, 0.62815277854, 0.01265381909, 0.05394215464, 0.30294225836]
    ],
    [
      [0.091865492955, 0.1395464035, 0.045476242409, 0.41797113667, 0.30514072446],
      [0.2137168016, 0.49284361793, 0.17612562577, 0, 0.11731395469],
      [0, 0.10971128859, 0.10910776213, 0.7754000335, 0.0057809157832],
      [0.019087851762, 0.87160688491, 0.023716028486, 0.069215853992, 0.016373380851],
      [0, 0.014665468261, 0.90183028485, 0.068600823124, 0.01490342377],
      [0.00089810116725, 0.63126868017, 0.015027518868, 0.13216203642, 0.22064366338]
    ],
    [
      [0.087300403691, 0.089243377454, 0.032354714335, 0.1568734709, 0.63422803362],
      [0.23380431358, 0.35700122395, 0.1412735708, 0.00034404069782, 0.26757685097],
      [0.00032879619749, 0.15367133655, 0.17025429913, 0.65174824035, 0.023997327763],
      [0.036625639007, 0.85359668241, 0.025424740564, 0.042012038068, 0.042340899954],
      [0.0053792311979, 0.014543401622, 0.90949674036, 0.039080769908, 0.031499856914],
      [0.0012801911441, 0.43913294525, 0.011593627632, 0.054303730114, 0.49368950586]
    ],
    [
      [0.16245146582, 0.16121990453, 0.04120859736, 0.24209429652, 0.39302573577],
      [0.30172415592, 0.45046300994, 0.12679460691, 0.00019462372487, 0.1208236035],
      [0.00026905184184, 0.18611898938, 0.14480821485, 0.65771605151, 0.011087692419],
      [0.039216448, 0.88640827586, 0.017620100927, 0.037513249203, 0.019241926011],
      [0.0066202376928, 0.014203498547, 0.91049094064, 0.046775088793, 0.021910234324],
      [0.0019198026132, 0.65776018366, 0.012268813651, 0.070043533219, 0.25800766685]
    ],
    [
      [0.14156732769, 0.20037392901, 0.023761947384, 0.23227166548, 0.40202513043],
      [0.25802026831, 0.55008101137, 0.0712587256, 0.00012140619297, 0.12051858853],
      [5.6832952679e-05, 0.24085311904, 0.086775229723, 0.6606093271, 0.011705491181],
      [0.027003419868, 0.9210342649, 0.0057155551301, 0.029629914189, 0.016616845914],
      [0.0084633215862, 0.030830343173, 0.85359937093, 0.071618275116, 0.035488689194],
      [0.0013558717568, 0.7076300579, 0.0059450127432, 0.0579405457, 0.2271285119]
    ],
    [
      [0.11521346392, 0.1420576824, 0.047573914276, 0.28240896779, 0.41274597161],
      [0.24312649708, 0.45049990017, 0.16462925849, 0.00029990354236, 0.14144444071],
      [0, 0.14662764397, 0.14985748584, 0.69316059128, 0.010354278915],
      [0.030048579878, 0.87747925243, 0.022138193949, 0.048271978047, 0.0220619957],
      [0.0023970561773, 0.011316176164, 0.91740187609, 0.048096053576, 0.020788837996],
      [0.0014039863712, 0.61485920214, 0.014852753698, 0.085532066903, 0.28335199089]
    ],
    [
      [0.092601878649, 0.10733373091, 0.058824585047, 0.28650177656, 0.45473802883],
      [0.21963624929, 0.38079495056, 0.22679164333, 0.00024462686636, 0.17253252996],
      [0, 0.10911809689, 0.18318776015, 0.69666393355, 0.011030209401],
      [0.030593097865, 0.84352881897, 0.035197330882, 0.06102972049, 0.029651031789],
      [0.00042563891729, 0.0063559900393, 0.9350589287, 0.039923972569, 0.018235469778],
      [0.0012409650617, 0.52765183038, 0.020745551381, 0.097810324055, 0.35255132912]
    ],
    [
      [0.10269402048, 0.15787910149, 0.046417653254, 0.29592710214, 0.39708212264],
      [0.21175419479, 0.49219813714, 0.15924601647, 0.00032120879796, 0.13648044279],
      [0, 0.15703567047, 0.14077007289, 0.69235197218, 0.0098422844663],
      [0.018425743569, 0.89301951261, 0.020936803538, 0.047159315258, 0.020458625021],
      [0, 0.014381476679, 0.9134482345, 0.051522716616, 0.020647572209],
      [0.00088505297187, 0.64041545386, 0.013784516271, 0.085229275992, 0.25968570091]
    ],
    [
      [0.088116464901, 0.15753218625, 0.071652377232, 0.31935635363, 0.36334261798],
      [0.16944861736, 0.47965682542, 0.23407778846, 0.00021787459391, 0.11659889417],
      [0, 0.13694644525, 0.19162382999, 0.66411851231, 0.0073112124406],
      [0, 0.90379934534, 0.03122126143, 0.048417372141, 0.016562021089],
      [0, 0.0074422767067, 0.94591595361, 0.036322632303, 0.010319137385],
      [0.00099671102096, 0.651378387, 0.021150205827, 0.091292686048, 0.2351820101]
    ],
    [
      [0.12309086983, 0.18663300564, 0.041401165347, 0.3075853787, 0.34128958048],
      [0.23253351732, 0.53121696766, 0.12944487239, 0.00025864662608, 0.10654599601],
      [0, 0.17887226639, 0.12073504108, 0.69258695926, 0.0078057332728],
      [0.023825778732, 0.90434261019, 0.016064800829, 0.042022353234, 0.013744457014],
      [0.0019875751507, 0.01920994706, 0.90188965378, 0.059123764229, 0.017789059781],
      [0.0011415604301, 0.70024393284, 0.011351314962, 0.081672030158, 0.20559116161]
    ],
    [
      [0.14268256703, 0.12668683563, 0.047862309098, 0.15235511826, 0.53041316998],
      [0.28455640504, 0.38269651626, 0.15951377258, 0, 0.17323330612],
      [0.00043149770636, 0.19483481768, 0.22518746433, 0.56019426423, 0.019351956053],
      [0.043402106984, 0.87310277314, 0.026989369069, 0.025765616208, 0.0307401346],
      [0.0067884475278, 0.011626547832, 0.93600768213, 0.020901437318, 0.024675885188],
      [0.0018642314671, 0.56055775335, 0.015473969261, 0.047422521254, 0.37468152467]
    ],
    [
      [0.12425424575, 0.15939804688, 0.053352580998, 0.26774130456, 0.39525382181],
      [0.23989470282, 0.46337005371, 0.17055517354, 0.0001810415918, 0.12599902834],
      [0, 0.16586446988, 0.16909019934, 0.6550258903, 0.010019440476],
      [0.028313506, 0.88720770543, 0.023524654008, 0.041711522376, 0.019242612187],
      [0.0016368899183, 0.012787347412, 0.92749112422, 0.0407516762, 0.017332962246],
      [0.0013521766586, 0.64781350914, 0.015817631532, 0.077051272771, 0.2579654099]
    ],
    [
      [0.18277162308, 0.10480047555, 0.045191885314, 0.18389604492, 0.48333997113],
      [0.36914870161, 0.31844663158, 0.15139645071, 0, 0.1610082161],
      [0.00039359086014, 0.15181957562, 0.19935092381, 0.63151219221, 0.0169237175],
      [0.06375296709, 0.83430020257, 0.028739052072, 0.039998378882, 0.03320939939],
      [0.0075243137935, 0.0084351406683, 0.92802191476, 0.031457407108, 0.024561223671],
      [0.0026582495277, 0.5256693036, 0.016526011704, 0.065292498643, 0.38985393653]
    ],
    [
      [0.20517370374, 0.10016045144, 0.021705460886, 0.14466201031, 0.52829837362],
      [0.51597822699, 0.28951286542, 0.061804536869, 0.0025274440581, 0.13017692667],
      [0.00085936568277, 0.12954198328, 0.09935530773, 0.75668899782, 0.013554345481],
      [0.070608932569, 0.8390647345, 0.0077601502882, 0.043862938588, 0.038703244059],
      [0.01524790834, 0, 0.89013244665, 0.054013713691, 0.040605931321],
      [0.0037555110045, 0.53086010322, 0.0050423027899, 0.05379961265, 0.40654247034]
    ],
    [
      [0.13118095456, 0.15992301221, 0.01709641872, 0.23933107404, 0.45246854047],
      [0.27723406012, 0.50699971326, 0.059068574865, 4.9215109085e-05, 0.15664843664],
      [0.00017114803649, 0.20385594289, 0.066117316351, 0.71672948965, 0.013126103075],
      [0.032069451138, 0.90225720148, 0.0098245524413, 0.036532958186, 0.019315836756],
      [0.011155025018, 0.032485723444, 0.80710288722, 0.098199404638, 0.051056959684],
      [0.001495447583, 0.63692681347, 0.0050749058039, 0.067516779834, 0.28898605331]
    ],
    [
      [0.059747108247, 0.093272299651, 0.033907841662, 0.46031223566, 0.35276051478],
      [0.19200210585, 0.44608635937, 0.17771123563, 0, 0.18420029915],
      [0, 0.073782950527, 0.080396219922, 0.8382258154, 0.0075950141519],
      [0.015479718225, 0.83175493571, 0.028308075184, 0.093958628316, 0.030498642569],
      [0, 0.017471217045, 0.86874276269, 0.089506063002, 0.024279957259],
      [0.00062830823753, 0.50390801385, 0.013512747276, 0.17493883683, 0.3070120938]
    ],
    [
      [0.44111706846, 0.065796623348, 0.017866674753, 0.16554807644, 0.309671557],
      [0.7312408727, 0.14753011757, 0.04355490146, 0.0008909023333, 0.076783205941],
      [0, 0.11192489456, 0.099981510101, 0.7727705949, 0.015323000444],
      [0.13366258032, 0.75628987142, 0.019824121793, 0.054852675584, 0.035370750879],
      [0, 0.021850597288, 0.85972526368, 0.074203195488, 0.04422094354],
      [0.0040673762107, 0.50073698094, 0.010434897491, 0.091949642388, 0.39281110297]
    ],
    [
      [0.10235386403, 0.11257663614, 0.04449375761, 0.22125849625, 0.51931724597],
      [0.24012436807, 0.39437379552, 0.17126266594, 0.00052450099059, 0.19371466948],
      [5.0530238353e-05, 0.14157545685, 0.17250162191, 0.67092284763, 0.014949543371],
      [0.03336820383, 0.86174303111, 0.025266327077, 0.047547868137, 0.032074569849],
      [0.0033839402945, 0.0094546844162, 0.92389574045, 0.039339060314, 0.023926574528],
      [0.0013262769624, 0.52707034364, 0.014921386514, 0.07252026813, 0.38416172475]
    ],
    [
      [0, 0.059198557607, 0.067995385351, 0.3314081994, 0.54139785765],
      [0, 0.35710270029, 0.34190433648, 0.0005561741842, 0.30043678905],
      [0, 0.053273226597, 0.12198027267, 0.81310537876, 0.01164112198],
      [0, 0.80449464162, 0.03686583748, 0.10769770306, 0.050941817845],
      [0, 0, 0.91075895425, 0.061837214661, 0.027403831087],
      [0, 0.35813200257, 0.016888975067, 0.13100386247, 0.49397515989]
    ],
    [
      [0.070997742683, 0.06357038206, 0.04527804176, 0.15011803947, 0.67003579402],
      [0.2110686661, 0.27870565946, 0.21532295257, 0.00010626191934, 0.29479645995],
      [0.00039643503433, 0.10675446892, 0.23584102631, 0.63348827213, 0.023519797603],
      [0.039726165394, 0.80895763753, 0.043047650578, 0.050311775673, 0.057956770821],
      [0.005283613101, 0.0096250863296, 0.93911458055, 0.025662866932, 0.02031385309],
      [0.0011959949047, 0.35077251458, 0.017839552273, 0.057334542886, 0.57285739536]
    ],
    [
      [0.14319195217, 0.14832352494, 0.053687803995, 0.3248620779, 0.32993464099],
      [0.28192255127, 0.43806315308, 0.17357318313, 0.00023524555897, 0.10620586696],
      [0.0002535762403, 0.13619597463, 0.15052898902, 0.70596772677, 0.007053733341],
      [0.036538251028, 0.87042732908, 0.024625044547, 0.052780106642, 0.015629268704],
      [0.0049266298642, 0.01040548748, 0.92386817057, 0.048623092922, 0.012176619166],
      [0.0018317521142, 0.65040355366, 0.017047274963, 0.099855677027, 0.23086174224]
    ],
    [
      [0.025955639037, 0.12737848813, 0.017312085786, 0.55857401734, 0.27077976971],
      [0, 0.76594319345, 0.092440670142, 7.393498708e-05, 0.14154220142],
      [0, 0.067020697919, 0.028896269059, 0.89930266022, 0.0047803728026],
      [0, 0.88752424923, 0.0085237938324, 0.07701864891, 0.02693330803],
      [0, 0.012475424922, 0.83481864892, 0.12858571629, 0.024120209872],
      [0, 0.63330400395, 0.0058061498501, 0.15672277195, 0.20416707425]
    ],
    [
      [0.084475556703, 0.16665904658, 0.0075651965246, 0.29953502176, 0.44176517843],
      [0.2092045994, 0.60081952127, 0.028036780538, 0, 0.16193909879],
      [0.00074564410338, 0.17689228168, 0.025603751953, 0.78747258938, 0.009285732885],
      [0.020958972781, 0.92149853785, 0.0078736616613, 0.032906043616, 0.016762784091],
      [0.012989446183, 0.058302923193, 0.648908341, 0.20102812993, 0.078771159688],
      [0.0012259309517, 0.65514169191, 0.0031248812717, 0.077578645057, 0.26292885081]
    ],
    [
      [0.17496894418, 0.12025266544, 0.035973744001, 0.25829590801, 0.41050873837],
      [0.36210079448, 0.37420319513, 0.1231411468, 0.00018630875397, 0.14036855483],
      [0.00029276426074, 0.14205675273, 0.1293957916, 0.71642472214, 0.011829969277],
      [0.053959893109, 0.8500818164, 0.019529592436, 0.051037922368, 0.025390775685],
      [0.0082077844448, 0.01198648718, 0.8971491637, 0.056579459028, 0.026077105648],
      [0.0024303244279, 0.57909412205, 0.012629745833, 0.088025908793, 0.3178198989]
    ],
    [
      [0.095571761639, 0.089650865145, 0.023294964634, 0.59162940548, 0.1998530031],
      [0.33108299023, 0.44413268101, 0.11825749608, 0, 0.10652683269],
      [0.0027093557167, 0.055299429164, 0.043712892753, 0.89326229471, 0.0050160276582],
      [0.044580748597, 0.8133583123, 0.025835246564, 0.094690874757, 0.021534817784],
      [0.011820196852, 0.020056312821, 0.82013605267, 0.12729629052, 0.020691147144],
      [0.0032710512968, 0.55540743667, 0.011755952462, 0.23316314933, 0.19640241024]
    ],
    [
      [0.35854382994, 0.14239345765, 0.03472321349, 0.46433949893, 0],
      [0.5553474206, 0.35757203242, 0.086608139029, 0.00047240795709, 0],
      [0.002245463861, 0.087430705173, 0.071917225801, 0.83840660516, 0],
      [0.060640618046, 0.86191473874, 0.012588511838, 0.064856131374, 0],
      [0.014259890086, 0.005219084178, 0.90092253616, 0.079598489577, 0],
      [0.0030996338431, 0.76843218361, 0.011575292374, 0.14344580232, 0.073447087854]
    ],
    [
      [0.12285735755, 0.13331079705, 0.032761734393, 0.26723750125, 0.44383260977],
      [0.2745779633, 0.44564232777, 0.11973698212, 0.00028639207245, 0.15975633474],
      [0.00025839561838, 0.15055984809, 0.11339385178, 0.72358564715, 0.012202257358],
      [0.03506983114, 0.87486324861, 0.015756128126, 0.04870960696, 0.025601185162],
      [0.0061482654418, 0.013152457947, 0.88881900452, 0.062125822802, 0.029754449286],
      [0.0015795003571, 0.59226077663, 0.010466794416, 0.083072814922, 0.31262011368]
    ],
    [
      [0.23790558429, 0.1595826899, 0.04623568192, 0.28205483153, 0.27422121236],
      [0.39864037248, 0.39948099579, 0.12693381752, 0.00023854848557, 0.074706265721],
      [0.00040785650754, 0.16391204763, 0.1449526709, 0.68464644727, 0.006080977697],
      [0.056307734063, 0.86990365364, 0.020342731533, 0.043435854685, 0.01001002608],
      [0.0088869639891, 0.013986555455, 0.91798465699, 0.049508699006, 0.009633124559],
      [0.0030065038764, 0.70188525659, 0.014800981665, 0.087388940186, 0.19291831768]
    ],
    [
      [0.11517373751, 0.14110352429, 0.032610420961, 0.32030203039, 0.39081028685],
      [0.26161801142, 0.48062977196, 0.11894004045, 0.00016182849855, 0.13865034768],
      [0.00023246192922, 0.13680806732, 0.097590320314, 0.7562928616, 0.0090762888362],
      [0.030127278092, 0.8836504334, 0.014214791714, 0.051770045441, 0.020237451355],
      [0.0064496125372, 0.014166986295, 0.88090015943, 0.071194162706, 0.027289079032],
      [0.0014259540279, 0.62695797886, 0.010179058152, 0.09591359563, 0.26552341333]
    ],
    [
      [0.091972760922, 0.10256479969, 0.031620905236, 0.43710438489, 0.33673714926],
      [0.26393218396, 0.43897333468, 0.14339589157, 0, 0.15369858979],
      [0.00012580775744, 0.081180603776, 0.075986862588, 0.83608123055, 0.0066254953314],
      [0.03173893753, 0.83379053498, 0.021535979135, 0.089444751505, 0.023489796849],
      [0.0049465276067, 0.013798089271, 0.86843879116, 0.086540898529, 0.026275693437],
      [0.0013917959574, 0.5461399937, 0.011938199762, 0.15917208386, 0.28135792672]
    ],
    [
      [0, 0.10741791631, 0.026202708288, 0.38730790696, 0.47907146845],
      [0, 0.57182689006, 0.1542250429, 0, 0.27394806704],
      [0, 0.067467007024, 0.070431910041, 0.85252945084, 0.0095716320959],
      [0, 0.84473381742, 0.020336893344, 0.098512094238, 0.036417194999],
      [0, 0.007390463652, 0.86029141873, 0.093811317203, 0.038506800416],
      [0, 0.44014582243, 0.010139992849, 0.14403326586, 0.40568091886]
    ],
    [
      [0.093732387304, 0.094119384764, 0.066898943947, 0.25806367352, 0.48718561047],
      [0.22140688639, 0.33285945459, 0.25868437945, 0.00013482091077, 0.18691445865],
      [0, 0.10229447855, 0.22215894759, 0.66287126166, 0.012675312196],
      [0.034936605291, 0.82148327003, 0.04582097595, 0.061879219773, 0.035879928962],
      [0.00014065683293, 0.0037153681767, 0.9487173117, 0.030810066029, 0.016616597261],
      [0.0013298970694, 0.4823331978, 0.024895793503, 0.093036894869, 0.39840421676]
    ],
    [
      [0, 0.2016605601, 0.02455471825, 0.13206146007, 0.64172326158],
      [0, 0.6811200592, 0.094872176344, 0.00021444932311, 0.22379331513],
      [0, 0.2703946599, 0.13037098061, 0.57639524236, 0.022839117126],
      [0, 0.93961945906, 0.011873782759, 0.021196849952, 0.027309908233],
      [0, 0.0198241555, 0.89238777727, 0.040467611623, 0.04732045561],
      [0, 0.60342609949, 0.0066013806446, 0.034411918015, 0.35556060185]
    ],
    [
      [0.16527270817, 0.085898599789, 0.042561822457, 0.20658960584, 0.49967726374],
      [0.37511381223, 0.28914292709, 0.1558849602, 0.00018902729267, 0.1796692732],
      [0.00041647550312, 0.11818000788, 0.17973523591, 0.68542118378, 0.016247096931],
      [0.066170720866, 0.81215503918, 0.030226821139, 0.052743509136, 0.038703909682],
      [0.0078595684891, 0.0053490907248, 0.92132112351, 0.039214360299, 0.026255856978],
      [0.0025815474919, 0.47019957453, 0.016692154785, 0.078633049749, 0.43189367345]
    ],
    [
      [0.11657556864, 0.14953222303, 0.048344255832, 0.30415967474, 0.38138827775],
      [0.241363933, 0.46581185423, 0.16411949331, 0.00035095892733, 0.12835376053],
      [0, 0.14477129406, 0.14336020868, 0.70284627907, 0.009022218193],
      [0.028981753959, 0.88125532593, 0.021481836593, 0.049055099796, 0.019225983726],
      [0.0021665603565, 0.011871736623, 0.91675798871, 0.050507407741, 0.018696306567],
      [0.0013488669186, 0.63697645905, 0.014775690816, 0.090075648893, 0.25682333432]
    ],
    [
      [0.047739230089, 0.02141520244, 0.073304869337, 0.1931828143, 0.66435788383],
      [0.21919852029, 0.11365957631, 0.39575485475, 0.00018019122556, 0.27120685742],
      [0.00069720883698, 0.024550430876, 0.27758076655, 0.68498584921, 0.012185744524],
      [0.091458478993, 0.60197804494, 0.11676371176, 0.11048001937, 0.079319744938],
      [0, 0, 0.96695410513, 0.0190629359, 0.013982958972],
      [0.00097705482246, 0.15267461124, 0.035017830505, 0.089205482527, 0.72212502091]
    ],
    [
      [0, 0.33731214786, 0.069506782038, 0.18432507092, 0.40885599919],
      [0.089113215444, 0.6339988689, 0.19952156492, 7.672607809e-05, 0.077289624651],
      [0, 0.25251923646, 0.251669363, 0.48851921102, 0.0072921895144],
      [0, 0.9367161288, 0.034661348747, 0.013493914826, 0.015128607631],
      [0, 0.0023377656148, 0.99069772552, 0.0044621543997, 0.0025023544696],
      [0, 0.80511220147, 0.014780251625, 0.033154590986, 0.14695295592]
    ],
    [
      [0.039491540466, 0.045401874664, 0.009093543644, 0.077456251135, 0.82855679009],
      [0.17785404051, 0.27627819767, 0.037006144131, 0.0031830370049, 0.50567858068],
      [0.0029489916053, 0.15415762122, 0.051092648446, 0.75434463656, 0.037456102175],
      [0.033544369168, 0.8559221973, 0.055573795156, 0.054959638375, 0],
      [0.040162755854, 0.060604146359, 0.66127149653, 0.10819733426, 0.129764267],
      [0.0033991935721, 0.23936569718, 0.010490314115, 0.033159189567, 0.71358560556]
    ],
    [
      [0.2521541492, 0.1927903706, 0.072338982777, 0.19983487692, 0.2828816205],
      [0.3622758597, 0.40952152308, 0.16630181544, 0, 0.061900801787],
      [0.0008686035433, 0.20931307361, 0.24615747883, 0.53744919257, 0.0062116514526],
      [0.048705401577, 0.8940109022, 0.028350453484, 0.021441624519, 0.0074916182179],
      [0.0093350205481, 0.010447547508, 0.96462074952, 0.01454807904, 0.0010486033797],
      [0.002862758122, 0.75641772309, 0.020184888689, 0.05241058883, 0.16812404127]
    ],
    [
      [0.045665022816, 0.10207932862, 0.020901405248, 0.62414840553, 0.20720583778],
      [0.17595564881, 0.57564898054, 0.1260960528, 0, 0.12229931785],
      [0, 0.057104551005, 0.035274538527, 0.90347033517, 0.004150575295],
      [0.010342353752, 0.85509746274, 0.017838179995, 0.094039907063, 0.022682096453],
      [0.00094164281133, 0.016152652309, 0.82625712039, 0.14042181193, 0.016226772556],
      [0, 0.58902095001, 0.0089935533918, 0.21664456071, 0.18534093589]
    ],
    [
      [0.081961348664, 0.10384573683, 0.039244778528, 0.37065869034, 0.40428944564],
      [0.22628560706, 0.42395065656, 0.17403417962, 0, 0.17572955676],
      [0, 0.091767997526, 0.10669894475, 0.79251959631, 0.009013461415],
      [0.027888863365, 0.84052925169, 0.024342473339, 0.078643455135, 0.028595956468],
      [0.002233475492, 0.01007446627, 0.89569051995, 0.067687695176, 0.024313843117],
      [0.0011036041343, 0.52909441981, 0.014357151407, 0.13015019853, 0.32529462612]
    ],
    [
      [0.072890165883, 0.17617921756, 0.029643192124, 0.23739069456, 0.48389672988],
      [0.13825873821, 0.59183235657, 0.10362333686, 0.00085489944291, 0.16543066892],
      [0, 0.20437032944, 0.1062941074, 0.67562295867, 0.01371260449],
      [0, 0.93317363874, 0.011588707521, 0.033742904189, 0.021494749546],
      [0, 0.016473741652, 0.88359768253, 0.062542899784, 0.03738567603],
      [0.00037051700977, 0.65488585997, 0.0078076547962, 0.060256052433, 0.27667991579]
    ],
    [
      [0.060718921499, 0.18592234268, 0.037354336967, 0.24876744781, 0.46723695104],
      [0.15117656884, 0.56302745104, 0.12986593844, 0.00043623715753, 0.15549380453],
      [0, 0.19234496022, 0.12785535342, 0.66727534122, 0.01252434514],
      [0, 0.92422986822, 0.013638840034, 0.038281474883, 0.02384981686],
      [0, 0.01177539535, 0.91047508841, 0.050174032886, 0.027575483359],
      [0, 0.6581460179, 0.0097374506896, 0.063718910391, 0.26839762101]
    ],
    [
      [0.21339786339, 0.18836573115, 0.043099161644, 0.24152872448, 0.31360851934],
      [0.3551314405, 0.45802322854, 0.10964806715, 0.00015700328843, 0.077040260522],
      [0.00043248675656, 0.20323661002, 0.14346488159, 0.64496957315, 0.0078964484842],
      [0.039169227356, 0.90656434078, 0.013889327889, 0.029035259341, 0.011341844631],
      [0.010455775189, 0.015549325201, 0.91241889545, 0.045513682376, 0.016062321779],
      [0.0021724594116, 0.74450156739, 0.011323426785, 0.061815755957, 0.18018679046]
    ],
    [
      [0.16320615122, 0.096100603994, 0.007258269329, 0.68326679339, 0.050168182065],
      [0.5326771491, 0.42401076936, 0.043312081538, 0, 0],
      [0.00055232056438, 0.041846973233, 0.0120500249, 0.9455506813, 0],
      [0.058481573254, 0.85835917397, 0.050527223852, 0.03263202892, 0],
      [0.023442969434, 0.046348819998, 0.65886703608, 0.27134117449, 0],
      [0.060559555406, 0.68980738242, 0.0060223289735, 0.2436107332, 0]
    ],
    [
      [0.073317124969, 0.10505131588, 0.04872456762, 0.321758776, 0.45114821552],
      [0.19637430337, 0.41406061742, 0.20889848897, 0.00037901550476, 0.18028757473],
      [0, 0.096045361004, 0.14186768557, 0.75132582914, 0.010761124294],
      [0.022866096393, 0.84871959499, 0.027815767712, 0.068223301005, 0.0323752399],
      [0.00075563906546, 0.004976954344, 0.92716286968, 0.046796010186, 0.020308526726],
      [0.00086483110035, 0.52737695344, 0.017048112183, 0.10851599844, 0.34619410484]
    ],
    [
