{
  "X": [
    [3, 7, 4, 19, 1],
    [1, 2, 4, 4, 0],
    [2, 3, 8, 5, 0],
    [3, 7, 4, 10, 0],
    [10, 9, 18, 16, 3],
    [3, 9, 8, 13, 0],
    [5, 4, 10, 8, 1],
    [3, 5, 11, 10, 0],
    [1, 7, 4, 10, 1],
    [3, 8, 10, 7, 1],
    [1, 4, 2, 6, 1],
    [1, 4, 7, 1, 0],
    [0, 3, 2, 5, 0],
    [4, 8, 10, 14, 5],
    [0, 3, 5, 1, 0],
    [1, 1, 4, 1, 0],
    [2, 1, 1, 2, 0],
    [1, 1, 0, 4, 0],
    [0, 2, 4, 9, 1],
    [0, 2, 3, 2, 1],
    [0, 3, 5, 4, 0],
    [3, 6, 7, 9, 0],
    [2, 2, 7, 3, 2],
    [3, 8, 8, 12, 0],
    [0, 0, 2, 4, 0],
    [8, 8, 17, 29, 4],
    [1, 2, 2, 3, 0],
    [2, 3, 2, 1, 0],
    [10, 13, 16, 37, 3],
    [7, 10, 21, 56, 1],
    [0, 2, 4, 11, 3],
    [1, 1, 5, 9, 2],
    [1, 4, 6, 6, 0],
    [0, 1, 3, 3, 2],
    [0, 3, 2, 1, 0],
    [0, 2, 3, 6, 1],
    [1, 5, 4, 4, 0],
    [2, 1, 3, 4, 0],
    [0, 4, 3, 3, 0],
    [0, 4, 7, 4, 1],
    [0, 3, 2, 3, 0],
    [0, 1, 4, 3, 0],
    [3, 5, 16, 4, 0],
    [0, 12, 4, 3, 1],
    [0, 5, 4, 6, 2],
    [2, 7, 8, 9, 0],
    [2, 3, 19, 8, 1],
    [1, 4, 4, 2, 0],
    [1, 1, 4, 1, 0],
    [1, 6, 3, 4, 2],
    [1, 4, 4, 6, 0],
    [0, 0, 9, 4, 1],
    [0, 7, 6, 6, 1],
    [0, 4, 10, 5, 0],
    [2, 5, 6, 15, 3],
    [1, 5, 6, 4, 2],
    [3, 12, 5, 1, 1],
    [2, 8, 6, 6, 1],
    [1, 3, 3, 2, 1],
    [5, 9, 12, 15, 1],
    [14, 12, 27, 51, 6],
    [4, 9, 3, 31, 2],
    [5, 5, 21, 11, 1],
    [6, 11, 5, 18, 5],
    [6, 11, 5, 21, 2],
    [4, 19, 18, 33, 8],
    [5, 3, 30, 6, 0],
    [12, 6, 12, 18, 1],
    [11, 4, 11, 24, 0],
    [13, 6, 14, 22, 1],
    [1, 5, 9, 16, 1],
    [3, 14, 12, 19, 1],
    [14, 9, 29, 42, 2],
    [9, 8, 13, 30, 2],
    [16, 13, 18, 27, 0],
    [9, 4, 18, 15, 2],
    [2, 11, 19, 11, 2],
    [15, 9, 14, 9, 2],
    [12, 9, 7, 23, 0],
    [23, 15, 24, 34, 10],
    [14, 12, 32, 33, 3],
    [2, 1, 4, 5, 0],
    [9, 5, 13, 29, 1],
    [21, 3, 29, 21, 1],
    [15, 7, 31, 40, 2],
    [12, 8, 21, 26, 33],
    [9, 20, 33, 37, 4],
    [1, 13, 15, 21, 0],
    [6, 4, 16, 25, 0],
    [19, 9, 27, 36, 1],
    [20, 8, 16, 44, 3],
    [11, 14, 14, 29, 1],
    [13, 12, 25, 30, 0],
    [8, 11, 25, 23, 0],
    [2, 6, 10, 17, 2],
    [10, 3, 14, 26, 0],
    [3, 0, 13, 11, 1],
    [10, 12, 20, 20, 0],
    [7, 13, 12, 22, 1],
    [4, 15, 18, 30, 1],
    [11, 8, 23, 29, 2],
    [9, 5, 16, 23, 4],
    [12, 7, 22, 23, 2],
    [13, 8, 17, 36, 1],
    [24, 12, 21, 30, 1],
    [13, 8, 17, 39, 2],
    [14, 4, 26, 36, 2],
    [0, 4, 15, 15, 0],
    [4, 3, 11, 16, 0],
    [5, 4, 5, 10, 1],
    [5, 6, 28, 23, 0],
    [0, 2, 6, 9, 2],
    [1, 6, 14, 5, 1],
    [6, 4, 12, 10, 2],
    [4, 9, 28, 26, 3],
    [7, 13, 12, 15, 0],
    [3, 9, 19, 19, 1],
    [17, 6, 25, 17, 2],
    [10, 8, 27, 43, 3],
    [3, 10, 14, 11, 2],
    [4, 2, 14, 18, 1],
    [1, 3, 8, 2, 0],
    [8, 10, 40, 37, 5],
    [12, 5, 22, 34, 1],
    [15, 14, 42, 43, 3],
    [12, 14, 42, 49, 2],
    [79, 20, 90, 32, 9],
    [7, 9, 13, 42, 1],
    [4, 16, 39, 24, 1],
    [7, 8, 24, 29, 2],
    [14, 15, 63, 44, 3],
    [6, 7, 13, 14, 2],
    [4, 3, 10, 11, 1],
    [10, 17, 39, 34, 6],
    [13, 13, 32, 30, 0],
    [10, 9, 32, 32, 3],
    [25, 21, 79, 74, 5],
    [33, 23, 70, 80, 2],
    [8, 6, 21, 14, 2],
    [13, 19, 52, 54, 5],
    [16, 5, 43, 31, 2],
    [8, 9, 32, 36, 2],
    [6, 8, 16, 15, 4],
    [19, 29, 82, 58, 6],
    [0, 5, 21, 5, 4],
    [1, 2, 6, 7, 2],
    [2, 6, 7, 7, 2],
    [0, 0, 4, 3, 1],
    [1, 14, 21, 33, 3],
    [4, 9, 12, 14, 2],
    [2, 3, 2, 3, 0],
    [10, 6, 17, 18, 3],
    [2, 7, 24, 21, 3],
    [5, 7, 7, 13, 1],
    [1, 3, 7, 3, 0],
    [1, 8, 5, 6, 0],
    [0, 1, 3, 3, 1],
    [2, 5, 12, 11, 1],
    [11, 4, 12, 18, 1],
    [9, 4, 7, 18, 2],
    [11, 7, 18, 34, 3],
    [16, 17, 24, 51, 7],
    [2, 10, 16, 27, 4],
    [7, 3, 21, 22, 3],
    [2, 4, 8, 17, 0],
    [2, 0, 1, 7, 1],
    [4, 5, 9, 8, 2],
    [15, 2, 20, 32, 2],
    [5, 7, 6, 9, 1],
    [7, 14, 25, 45, 2],
    [3, 25, 15, 14, 0],
    [2, 5, 10, 11, 0],
    [0, 2, 4, 0, 0],
    [3, 3, 5, 6, 0],
    [0, 9, 5, 11, 1],
    [2, 15, 20, 22, 0],
    [2, 4, 4, 9, 0],
    [1, 11, 10, 9, 1],
    [0, 7, 5, 6, 0],
    [0, 2, 13, 10, 0],
    [2, 3, 3, 3, 1],
    [4, 5, 2, 1, 0],
    [1, 4, 3, 4, 0],
    [1, 6, 4, 8, 1],
    [6, 10, 9, 24, 1],
    [2, 10, 5, 9, 1],
    [1, 4, 4, 15, 1],
    [0, 3, 3, 4, 1],
    [1, 2, 2, 2, 0],
    [1, 7, 6, 5, 0],
    [2, 0, 4, 4, 2],
    [1, 9, 11, 7, 0],
    [2, 9, 7, 9, 1],
    [1, 9, 2, 8, 2],
    [7, 15, 9, 15, 1],
    [1, 6, 9, 11, 0],
    [0, 12, 11, 12, 1],
    [0, 5, 5, 8, 0],
    [1, 6, 3, 4, 1],
    [0, 2, 3, 3, 1],
    [0, 3, 11, 6, 0],
    [2, 3, 8, 9, 0],
    [0, 2, 3, 8, 0],
    [3, 2, 2, 3, 0],
    [0, 2, 4, 12, 0],
    [3, 5, 6, 7, 0],
    [2, 1, 0, 3, 2],
    [1, 6, 9, 8, 0],
    [0, 5, 14, 8, 2],
    [4, 2, 10, 12, 0],
    [0, 2, 2, 2, 1],
    [2, 3, 4, 9, 0],
    [1, 3, 2, 7, 0],
    [4, 0, 3, 7, 0],
    [0, 1, 3, 2, 0],
    [0, 3, 8, 13, 0],
    [6, 1, 6, 11, 3],
    [3, 7, 9, 7, 1],
    [0, 6, 8, 10, 3],
    [2, 3, 1, 3, 0],
    [6, 7, 9, 17, 1],
    [3, 4, 9, 14, 1],
    [3, 10, 8, 7, 0],
    [4, 17, 15, 8, 20],
    [1, 3, 4, 3, 0],
    [2, 2, 8, 10, 0],
    [0, 9, 12, 11, 1],
    [1, 6, 5, 14, 0],
    [2, 7, 7, 32, 2],
    [2, 2, 5, 7, 0],
    [2, 14, 8, 9, 1],
    [3, 9, 9, 15, 2],
    [0, 2, 0, 5, 1],
    [5, 1, 2, 4, 2],
    [0, 9, 21, 16, 3],
    [5, 8, 10, 7, 0],
    [6, 13, 15, 20, 2],
    [5, 7, 6, 15, 0],
    [3, 6, 5, 16, 1],
    [3, 2, 3, 6, 1],
    [6, 11, 11, 23, 2],
    [1, 6, 2, 10, 1],
    [1, 5, 5, 8, 2],
    [0, 1, 2, 3, 1],
    [0, 4, 2, 3, 2],
    [2, 2, 2, 1, 3],
    [2, 0, 4, 0, 1],
    [0, 1, 5, 1, 0],
    [0, 4, 4, 6, 1],
    [2, 7, 10, 3, 1],
    [0, 2, 2, 1, 2],
    [4, 0, 7, 17, 0],
    [0, 5, 5, 6, 0],
    [1, 4, 12, 12, 1],
    [2, 5, 5, 5, 2],
    [9, 6, 17, 9, 3],
    [5, 4, 13, 7, 1],
    [4, 3, 9, 12, 1],
    [6, 6, 10, 22, 0],
    [5, 7, 12, 12, 1],
    [1, 5, 4, 7, 0],
    [2, 4, 8, 5, 0],
    [0, 3, 1, 6, 0],
    [4, 0, 4, 5, 2],
    [6, 14, 74, 55, 5],
    [0, 5, 17, 13, 3],
    [2, 4, 8, 14, 5],
    [12, 6, 7, 30, 1],
    [3, 6, 14, 33, 2],
    [4, 4, 6, 1, 1],
    [8, 7, 24, 24, 1],
    [0, 3, 1, 1, 1],
    [3, 4, 13, 13, 2],
    [0, 2, 6, 2, 1],
    [0, 2, 5, 4, 1],
    [2, 4, 7, 5, 2],
    [0, 5, 11, 7, 1],
    [0, 2, 11, 6, 1],
    [4, 0, 2, 8, 2],
    [3, 1, 6, 4, 1],
    [8, 20, 27, 42, 4],
    [2, 8, 8, 12, 2],
    [0, 4, 4, 1, 0],
    [0, 1, 4, 1, 2],
    [0, 7, 6, 3, 3],
    [2, 6, 8, 8, 3],
    [5, 19, 27, 19, 6],
    [772, 746, 1671, 2166, 194],
    [146, 99, 177, 246, 20],
    [312, 362, 572, 774, 66],
    [30, 83, 60, 64, 7]
  ],
  "W": [
    [12, 3, 10, 4, 1, 3, 1],
    [5, 1, 2, 1, 0, 2, 0],
    [6, 1, 5, 3, 0, 3, 0],
    [5, 2, 10, 1, 3, 3, 0],
    [10, 8, 22, 5, 4, 6, 1],
    [6, 3, 8, 6, 5, 5, 0],
    [4, 5, 7, 3, 2, 7, 0],
    [8, 3, 7, 1, 6, 3, 1],
    [9, 1, 7, 1, 4, 1, 0],
    [3, 3, 7, 6, 8, 2, 0],
    [5, 1, 4, 0, 1, 3, 0],
    [4, 1, 3, 2, 2, 1, 0],
    [4, 0, 3, 0, 1, 1, 1],
    [10, 4, 12, 3, 8, 4, 0],
    [3, 0, 1, 2, 3, 0, 0],
    [1, 0, 1, 2, 2, 1, 0],
    [1, 2, 1, 1, 0, 1, 0],
    [4, 1, 0, 0, 0, 1, 0],
    [6, 2, 5, 0, 2, 1, 0],
    [2, 1, 1, 0, 3, 1, 0],
    [3, 0, 1, 1, 5, 2, 0],
    [0, 0, 4, 1, 10, 8, 2],
    [1, 0, 3, 2, 3, 6, 1],
    [3, 2, 13, 5, 3, 5, 0],
    [0, 0, 1, 0, 4, 1, 0],
    [3, 5, 30, 3, 8, 15, 2],
    [0, 1, 3, 1, 1, 2, 0],
    [1, 2, 1, 1, 3, 0, 0],
    [7, 8, 42, 8, 0, 9, 5],
    [5, 4, 58, 11, 2, 11, 4],
    [1, 0, 8, 0, 6, 5, 0],
    [0, 1, 5, 2, 6, 4, 0],
    [1, 0, 6, 1, 6, 3, 0],
    [1, 0, 1, 0, 3, 2, 2],
    [0, 0, 0, 0, 5, 1, 0],
    [2, 0, 2, 0, 7, 1, 0],
    [4, 1, 4, 2, 1, 2, 0],
    [2, 0, 1, 3, 4, 0, 0],
    [5, 0, 1, 0, 2, 1, 1],
    [7, 0, 5, 2, 1, 1, 0],
    [3, 0, 1, 0, 3, 1, 0],
    [2, 0, 3, 1, 1, 1, 0],
    [4, 1, 10, 3, 7, 3, 0],
    [4, 2, 5, 1, 5, 2, 1],
    [7, 0, 4, 2, 2, 1, 1],
    [5, 2, 9, 2, 5, 2, 1],
    [8, 1, 3, 3, 15, 3, 0],
    [3, 0, 3, 0, 4, 1, 0],
    [0, 0, 2, 1, 2, 1, 1],
    [3, 0, 3, 1, 9, 0, 0],
    [3, 1, 3, 4, 2, 2, 0],
    [5, 0, 2, 2, 4, 1, 0],
    [4, 1, 4, 3, 5, 3, 0],
    [4, 1, 5, 2, 1, 4, 2],
    [6, 1, 12, 1, 7, 4, 0],
    [2, 0, 6, 1, 8, 1, 0],
    [12, 1, 2, 1, 3, 3, 0],
    [6, 0, 7, 1, 5, 4, 0],
    [2, 1, 1, 4, 1, 1, 0],
    [12, 1, 18, 2, 3, 5, 1],
    [11, 11, 42, 12, 11, 20, 3],
    [7, 3, 21, 7, 2, 4, 5],
    [5, 5, 8, 6, 10, 8, 1],
    [8, 5, 19, 5, 1, 4, 3],
    [8, 2, 19, 4, 3, 6, 3],
    [7, 5, 36, 6, 17, 9, 2],
    [6, 2, 12, 19, 4, 1, 0],
    [7, 10, 20, 4, 5, 1, 2],
    [4, 6, 24, 8, 2, 5, 1],
    [2, 8, 23, 6, 3, 12, 2],
    [9, 0, 9, 4, 4, 6, 0],
    [11, 6, 15, 6, 4, 3, 4],
    [5, 7, 51, 18, 3, 11, 1],
    [4, 9, 32, 5, 4, 7, 1],
    [10, 5, 44, 7, 1, 6, 1],
    [2, 6, 17, 12, 3, 8, 0],
    [4, 6, 15, 8, 1, 9, 2],
    [3, 7, 22, 2, 1, 12, 2],
    [3, 7, 24, 4, 3, 10, 0],
    [7, 12, 47, 9, 2, 18, 11],
    [9, 12, 44, 10, 1, 17, 1],
    [1, 1, 5, 2, 0, 3, 0],
    [7, 6, 27, 8, 2, 5, 2],
    [3, 15, 33, 14, 0, 6, 4],
    [7, 8, 50, 15, 2, 9, 4],
    [11, 13, 40, 9, 5, 19, 3],
    [18, 7, 42, 12, 7, 17, 0],
    [10, 2, 21, 3, 5, 9, 0],
    [0, 5, 24, 6, 9, 7, 0],
    [9, 17, 41, 9, 1, 12, 3],
    [2, 14, 46, 8, 1, 17, 3],
    [9, 9, 29, 7, 1, 12, 2],
    [6, 7, 36, 14, 2, 14, 1],
    [3, 6, 32, 10, 3, 12, 1],
    [1, 2, 18, 7, 3, 5, 1],
    [7, 8, 18, 9, 1, 10, 0],
    [2, 4, 11, 3, 3, 2, 3],
    [6, 12, 27, 5, 3, 9, 0],
    [4, 10, 19, 4, 1, 16, 1],
    [12, 2, 27, 9, 2, 14, 2],
    [6, 6, 35, 7, 0, 16, 3],
    [2, 6, 28, 6, 0, 11, 4],
    [0, 8, 30, 7, 0, 18, 3],
    [4, 11, 41, 8, 0, 9, 2],
    [6, 14, 37, 5, 2, 19, 5],
    [6, 9, 39, 6, 1, 14, 4],
    [3, 21, 33, 12, 1, 11, 1],
    [1, 2, 16, 9, 1, 5, 0],
    [3, 1, 14, 11, 1, 3, 1],
    [4, 5, 10, 1, 1, 4, 0],
    [2, 6, 27, 9, 7, 6, 5],
    [3, 1, 5, 4, 2, 3, 1],
    [3, 0, 6, 8, 3, 4, 3],
    [0, 6, 13, 2, 1, 11, 1],
    [6, 4, 31, 17, 1, 9, 2],
    [4, 7, 18, 8, 2, 8, 0],
    [7, 4, 19, 8, 7, 5, 1],
    [3, 7, 30, 2, 4, 20, 1],
    [6, 8, 49, 6, 6, 14, 2],
    [4, 5, 13, 12, 2, 4, 0],
    [0, 3, 20, 3, 2, 9, 2],
    [2, 2, 6, 2, 0, 2, 0],
    [6, 3, 43, 9, 15, 21, 3],
    [6, 4, 36, 8, 4, 12, 4],
    [6, 4, 67, 9, 1, 27, 3],
    [9, 11, 58, 23, 6, 10, 2],
    [21, 20, 111, 36, 6, 31, 5],
    [2, 4, 41, 6, 2, 13, 4],
    [8, 7, 18, 20, 13, 16, 2],
    [6, 2, 40, 10, 0, 9, 3],
    [13, 11, 66, 18, 3, 27, 1],
    [8, 2, 16, 6, 6, 3, 1],
    [1, 3, 17, 3, 1, 2, 2],
    [11, 8, 37, 17, 10, 19, 4],
    [11, 11, 38, 11, 2, 12, 3],
    [4, 14, 39, 14, 4, 10, 1],
    [16, 19, 96, 23, 4, 36, 10],
    [11, 28, 96, 26, 7, 33, 7],
    [2, 6, 26, 7, 1, 6, 3],
    [14, 13, 63, 23, 2, 22, 6],
    [4, 5, 46, 15, 5, 19, 3],
    [11, 9, 36, 16, 3, 10, 2],
    [5, 6, 15, 3, 5, 12, 3],
    [21, 21, 86, 23, 13, 27, 3],
    [1, 0, 9, 8, 11, 6, 0],
    [1, 1, 4, 6, 4, 2, 0],
    [8, 1, 3, 3, 6, 3, 0],
    [0, 0, 2, 0, 3, 3, 0],
    [6, 1, 28, 11, 11, 13, 2],
    [2, 1, 21, 8, 4, 4, 1],
    [0, 2, 4, 1, 0, 3, 0],
    [9, 6, 16, 7, 9, 6, 1],
    [6, 1, 20, 7, 8, 13, 2],
    [6, 3, 12, 2, 1, 6, 3],
    [2, 1, 3, 1, 4, 3, 0],
    [2, 1, 7, 3, 1, 6, 0],
    [0, 0, 2, 0, 2, 3, 1],
    [5, 3, 8, 5, 3, 7, 0],
    [4, 6, 20, 6, 0, 9, 1],
    [1, 6, 17, 5, 2, 8, 1],
    [4, 9, 41, 6, 2, 5, 6],
    [11, 15, 48, 13, 6, 17, 5],
    [3, 3, 27, 13, 2, 9, 2],
    [2, 7, 21, 9, 3, 11, 3],
    [3, 2, 18, 6, 0, 2, 0],
    [1, 0, 6, 2, 0, 1, 1],
    [2, 1, 10, 4, 0, 8, 3],
    [0, 8, 38, 6, 4, 15, 0],
    [5, 4, 11, 2, 2, 3, 1],
    [9, 3, 52, 11, 2, 13, 3],
    [20, 3, 19, 7, 4, 3, 1],
    [8, 2, 10, 4, 2, 2, 0],
    [2, 0, 1, 3, 0, 0, 0],
    [4, 1, 5, 2, 3, 2, 0],
    [9, 1, 8, 2, 3, 3, 0],
    [15, 9, 13, 5, 9, 7, 1],
    [3, 1, 10, 2, 1, 1, 1],
    [7, 2, 8, 5, 6, 3, 1],
    [5, 0, 6, 1, 3, 3, 0],
    [3, 1, 8, 5, 8, 0, 0],
    [2, 2, 1, 2, 2, 3, 0],
    [3, 0, 4, 2, 1, 2, 0],
    [3, 0, 5, 2, 2, 0, 0],
    [4, 2, 10, 0, 2, 2, 0],
    [3, 3, 20, 5, 3, 15, 1],
    [8, 0, 8, 2, 7, 2, 0],
    [7, 0, 10, 3, 3, 2, 0],
    [1, 1, 6, 0, 2, 1, 0],
    [4, 0, 0, 2, 1, 0, 0],
    [6, 3, 7, 0, 2, 1, 0],
    [0, 0, 5, 2, 3, 2, 0],
    [10, 1, 5, 3, 6, 3, 0],
    [10, 1, 7, 2, 4, 3, 1],
    [4, 2, 8, 3, 2, 3, 0],
    [14, 3, 17, 6, 3, 1, 3],
    [4, 3, 8, 1, 6, 5, 0],
    [10, 1, 11, 7, 3, 4, 0],
    [3, 0, 8, 0, 4, 3, 0],
    [4, 0, 2, 3, 3, 2, 1],
    [4, 0, 2, 0, 2, 1, 0],
    [6, 0, 3, 4, 2, 4, 1],
    [4, 1, 4, 4, 1, 7, 1],
    [1, 0, 7, 1, 2, 2, 0],
    [1, 1, 5, 0, 1, 1, 1],
    [4, 0, 11, 1, 2, 0, 0],
    [8, 5, 3, 1, 2, 2, 0],
    [0, 2, 2, 1, 1, 2, 0],
    [4, 1, 9, 2, 2, 6, 0],
    [4, 6, 7, 5, 1, 4, 2],
    [1, 5, 13, 6, 3, 0, 0],
    [1, 0, 1, 2, 1, 2, 0],
    [4, 0, 9, 3, 2, 0, 0],
    [1, 2, 7, 1, 0, 2, 0],
    [3, 4, 4, 2, 0, 1, 0],
    [0, 0, 2, 0, 2, 1, 1],
    [4, 1, 13, 2, 2, 2, 0],
    [3, 3, 12, 4, 0, 4, 1],
    [5, 3, 12, 3, 1, 2, 1],
    [4, 2, 9, 0, 6, 5, 1],
    [2, 0, 3, 1, 1, 2, 0],
    [9, 6, 16, 1, 5, 3, 0],
    [3, 4, 14, 2, 4, 3, 1],
    [9, 0, 9, 5, 2, 2, 1],
    [12, 4, 23, 5, 4, 10, 6],
    [2, 0, 3, 2, 2, 0, 2],
    [3, 2, 6, 3, 1, 4, 3],
    [6, 3, 8, 5, 3, 7, 1],
    [4, 0, 13, 2, 3, 4, 0],
    [1, 2, 32, 3, 3, 8, 1],
    [2, 2, 5, 2, 3, 2, 0],
    [7, 0, 14, 4, 1, 6, 2],
    [6, 2, 17, 4, 4, 5, 0],
    [1, 0, 3, 1, 1, 2, 0],
    [1, 3, 2, 1, 2, 4, 1],
    [5, 0, 21, 6, 9, 7, 1],
    [2, 4, 7, 3, 4, 7, 3],
    [12, 4, 21, 8, 6, 4, 1],
    [5, 3, 12, 5, 3, 3, 2],
    [5, 0, 16, 3, 1, 5, 1],
    [1, 0, 9, 3, 0, 2, 0],
    [9, 8, 14, 3, 4, 13, 2],
    [12, 2, 4, 0, 0, 1, 1],
    [1, 0, 11, 1, 4, 3, 1],
    [1, 0, 2, 0, 3, 1, 0],
    [1, 0, 2, 1, 2, 3, 2],
    [1, 1, 2, 0, 4, 2, 0],
    [0, 0, 1, 0, 3, 3, 0],
    [0, 0, 1, 0, 4, 1, 1],
    [3, 0, 3, 1, 6, 2, 0],
    [3, 2, 3, 3, 5, 6, 1],
    [1, 0, 1, 0, 4, 1, 0],
    [0, 3, 14, 3, 1, 7, 0],
    [3, 0, 6, 1, 4, 2, 0],
    [4, 0, 13, 4, 3, 4, 2],
    [3, 3, 3, 4, 2, 4, 0],
    [1, 3, 13, 7, 9, 6, 5],
    [1, 2, 11, 2, 7, 7, 0],
    [3, 3, 13, 3, 3, 4, 0],
    [1, 4, 18, 8, 2, 10, 1],
    [5, 2, 9, 3, 5, 10, 3],
    [1, 0, 5, 1, 4, 4, 2],
    [4, 1, 10, 1, 0, 3, 0],
    [1, 0, 5, 0, 0, 3, 1],
    [1, 3, 7, 1, 0, 2, 1],
    [16, 6, 61, 21, 16, 29, 5],
    [2, 1, 10, 5, 8, 11, 1],
    [1, 1, 18, 3, 1, 8, 1],
    [5, 7, 29, 6, 0, 8, 1],
    [1, 4, 37, 7, 2, 7, 0],
    [4, 3, 1, 2, 3, 2, 1],
    [8, 8, 32, 9, 2, 4, 1],
    [4, 0, 0, 0, 2, 0, 0],
    [1, 3, 14, 7, 6, 4, 0],
    [2, 2, 0, 4, 2, 1, 0],
    [1, 1, 3, 1, 3, 3, 0],
    [6, 0, 3, 3, 5, 3, 0],
    [3, 0, 7, 7, 5, 1, 1],
    [1, 4, 2, 5, 4, 4, 0],
    [2, 3, 7, 1, 1, 1, 1],
    [1, 6, 1, 2, 3, 2, 0],
    [18, 5, 40, 22, 5, 10, 1],
    [7, 3, 14, 4, 2, 1, 1],
    [1, 0, 1, 2, 5, 0, 0],
    [2, 0, 1, 1, 4, 0, 0],
    [3, 0, 6, 1, 5, 3, 1],
    [5, 0, 7, 4, 5, 6, 0],
    [13, 9, 14, 9, 18, 10, 3],
    [575, 693, 2278, 789, 312, 739, 163],
    [85, 127, 258, 93, 28, 83, 14],
    [282, 271, 814, 247, 158, 259, 55],
    [66, 40, 71, 25, 26, 14, 2]
  ],
  "method": "mult",
  "cond_prob": [
    [
      [0.006373567336, 0.49404204399, 0.039611323341, 0.44682676028, 0.01314630505],
      [0.54245191361, 0.024853984407, 0.061688438233, 0.35328415465, 0.0177215091],
      [0.082642742033, 0.015247777831, 0.072902252061, 0.81729856849, 0.01190865959],
      [0.048961072045, 0.04586212224, 0.41965854608, 0.47694565977, 0.0085725998596],
      [0.0011152442953, 0.27621213011, 0.27014820575, 0.29082871124, 0.16169570861],
      [0.059852107291, 0.1010973896, 0.18602239059, 0.57826153794, 0.074766574579],
      [0.093218176463, 0.081502952679, 0.10372672275, 0.47184476369, 0.24970738442]
    ],
    [
      [0.0063377860618, 0.38694498755, 0.26605661525, 0.34066061114, 0],
      [0.69386464061, 0, 0.12706602484, 0.17906933456, 0],
      [0.079814517877, 0, 0.27253920203, 0.64764628009, 0],
      [0.02077550946, 0, 0.84173218114, 0.1374923094, 0],
      ["NaN", "NaN", "NaN", "NaN", "NaN"],
      [0.047020941935, 0.032637531131, 0.57792015685, 0.34242137009, 0],
      ["NaN", "NaN", "NaN", "NaN", "NaN"]
    ],
    [
      [0.027359046994, 0.45989125674, 0.29316079837, 0.21958889789, 0],
      [0.77911006868, 0.0028198437088, 0.098760960796, 0.11930912681, 0],
      [0.14213925955, 0.010641128033, 0.35432330864, 0.49289630378, 0],
      [0.034645269141, 0.0065433295798, 0.84065624756, 0.11815515372, 0],
      ["NaN", "NaN", "NaN", "NaN", "NaN"],
      [0.080701181397, 0.054998995646, 0.61622965437, 0.24807016859, 0],
      ["NaN", "NaN", "NaN", "NaN", "NaN"]
    ],
    [
      [0.0050140928497, 0.76108788221, 0.04378753652, 0.19011048842, 0],
      [0.67537095678, 0.047970309918, 0.073920959321, 0.20273777398, 0],
      [0.13049900655, 0.086486807573, 0.12164853947, 0.66136564641, 0],
      [0.060341015606, 0.092266707904, 0.55521099409, 0.2921812824, 0],
      [0.0013165743561, 0.49069229408, 0.34436115365, 0.16362997792, 0],
      [0.084968939348, 0.22313610109, 0.27614684967, 0.41574810989, 0],
      ["NaN", "NaN", "NaN", "NaN", "NaN"]
    ],
    [
      [0.01523643238, 0.61436172361, 0.15971568406, 0.18120478811, 0.029481371828],
      [0.64516678203, 0.029841038064, 0.15161228571, 0.1475428341, 0.025837060092],
      [0.17132768977, 0.03831851064, 0.28864169525, 0.47110781477, 0.030604289576],
      [0.051976994566, 0.037074234091, 0.75572582447, 0.14428959672, 0.010933350159],
      [0.0010567392046, 0.21638419627, 0.51747117662, 0.076329320098, 0.18875856781],
      [0.087047392068, 0.10623244373, 0.45729302746, 0.23662635753, 0.11280077921],
      [0.130695963, 0.086344607343, 0.24755558467, 0.19671411193, 0.33868973305]
    ],
    [
      [0.0026325215287, 0.73096265726, 0.049681424393, 0.21672339682, 0],
      [0.56775990066, 0.059562258457, 0.089873465201, 0.28280437568, 0],
      [0.091660402151, 0.073272022826, 0.12373046144, 0.71133711358, 0],
      [0.040334937163, 0.097548404587, 0.53558956238, 0.32652709587, 0],
      [0.0014273606779, 0.44639530821, 0.36065347546, 0.19152385565, 0],
      [0.059699105056, 0.20641882598, 0.28512852298, 0.44875354597, 0],
      ["NaN", "NaN", "NaN", "NaN", "NaN"]
    ],
    [
      [0.01100572929, 0.61690899832, 0.15377783667, 0.20117593751, 0.017131498215],
      [0.63349881534, 0.024566833025, 0.15639571638, 0.17079483389, 0.014743801368],
      [0.15048988826, 0.032723735427, 0.27186931048, 0.52855125299, 0.016365812839],
      [0.048028353573, 0.032585752764, 0.74790226839, 0.16547845526, 0.0060051700178],
      [0.0019797425455, 0.21209423326, 0.56345642379, 0.099390478423, 0.12307912199],
      [0.083858463219, 0.094073995541, 0.47560074933, 0.27803528385, 0.068431508058],
      ["NaN", "NaN", "NaN", "NaN", "NaN"]
    ],
    [
      [0.011770591112, 0.45618193646, 0.22356983585, 0.30847763658, 0],
      [0.59973201976, 0.012005060346, 0.16195563175, 0.22630728814, 0],
      [0.10630991288, 0.0077221256664, 0.26392281765, 0.6220451438, 0],
      [0.032616422823, 0.017925549501, 0.76931789301, 0.18014013466, 0],
      [0.0021176089211, 0.16015062532, 0.69141483882, 0.14631692693, 0],
      [0.062076454558, 0.067074477608, 0.52368565021, 0.34716341762, 0],
      [0.13091838165, 0.080421713379, 0.38925081776, 0.39940908722, 0]
    ],
    [
      [0.0015977830895, 0.60254876686, 0.066727981333, 0.31579487598, 0.013330592741],
      [0.52491850347, 0.019284252933, 0.11547419969, 0.31401020492, 0.026312838982],
      [0.056136670282, 0.025201427106, 0.14021430608, 0.76159449116, 0.016853105377],
      [0.028246239337, 0.035436035466, 0.61837715548, 0.30853932768, 0.0094012420339],
      [0.00024641614112, 0.30467078844, 0.34727476789, 0.18904219282, 0.15876583471],
      [0.038512852849, 0.12724766639, 0.29499759874, 0.44796637417, 0.091275507843],
      ["NaN", "NaN", "NaN", "NaN", "NaN"]
    ],
    [
      [0.001222515276, 0.81661404255, 0.061186731208, 0.11234116395, 0.0086355470193],
      [0.61524362271, 0.07213091215, 0.11826085344, 0.18028762568, 0.014076986025],
      [0.11248554751, 0.11307106381, 0.21621335845, 0.54374670461, 0.014483325622],
      [0.037856840234, 0.11015304036, 0.66458394799, 0.18183902201, 0.0055671494126],
      [0.0012223235444, 0.42769502966, 0.39997129311, 0.085298303374, 0.085813050319],
      [0.063141561865, 0.22989460493, 0.38044485207, 0.2712330699, 0.05528591124],
      ["NaN", "NaN", "NaN", "NaN", "NaN"]
    ],
    [
      [0.0027326205115, 0.63007117919, 0.05982772515, 0.28266750139, 0.024700973763],
      [0.60887010104, 0.019999317806, 0.088985938517, 0.24670368068, 0.035440961964],
      [0.063744934816, 0.039630857494, 0.13213439051, 0.73545302694, 0.029036790239],
      ["NaN", "NaN", "NaN", "NaN", "NaN"],
      [0.0003876049071, 0.28614219264, 0.29453558275, 0.14958395487, 0.26935066483],
      [0.040699817411, 0.12832638788, 0.26293409697, 0.41618758326, 0.15185211448],
      ["NaN", "NaN", "NaN", "NaN", "NaN"]
    ],
    [
      [0.0021138166061, 0.72585382885, 0.23846407341, 0.033568281133, 0],
      [0.68375472737, 0.036894162312, 0.22527994295, 0.054071167369, 0],
      [0.081474949098, 0.11114279946, 0.59421100579, 0.21317124565, 0],
      [0.010490987768, 0.027775875118, 0.93025887797, 0.031474259141, 0],
      [0.00033089058455, 0.25969580387, 0.72274186494, 0.017231440605, 0],
      [0.041721402209, 0.15131876592, 0.73222926022, 0.074730571658, 0],
      ["NaN", "NaN", "NaN", "NaN", "NaN"]
    ],
    [
      [0, 0.59990933585, 0.076394800154, 0.32369586399, 0],
      ["NaN", "NaN", "NaN", "NaN", "NaN"],
      [0, 0.014330416311, 0.16937187126, 0.81629771243, 0],
      ["NaN", "NaN", "NaN", "NaN", "NaN"],
      [0, 0.30654013049, 0.49899505317, 0.19446481635, 0],
      [0, 0.11611393778, 0.39840997183, 0.48547609039, 0],
      [0, 0.13471733939, 0.2889001606, 0.57638250001, 0]
    ],
    [
      [0.0063418926592, 0.55365519624, 0.11652254531, 0.26500842045, 0.05847194535],
      [0.57365712945, 0.026655727632, 0.11730447224, 0.22653532684, 0.055847343836],
      [0.10639827767, 0.028093557618, 0.18755274032, 0.623412457, 0.054542967383],
      [0.042607779284, 0.039324848517, 0.65615044286, 0.23914146647, 0.022775462876],
      [0.0011862995833, 0.18970095017, 0.3581170797, 0.12013687442, 0.33085879613],
      [0.056964872258, 0.096030072198, 0.32038395198, 0.32107640234, 0.20554470122],
      ["NaN", "NaN", "NaN", "NaN", "NaN"]
    ],
    [
      [0, 0.7159059943, 0.20791158043, 0.076182425271, 0],
      ["NaN", "NaN", "NaN", "NaN", "NaN"],
      [0, 0.042376169079, 0.44892475656, 0.50869907436, 0],
      [0, 0.014796954732, 0.91067374199, 0.074529303275, 0],
      [0, 0.26010397952, 0.70199767272, 0.037898347759, 0],
      ["NaN", "NaN", "NaN", "NaN", "NaN"],
      ["NaN", "NaN", "NaN", "NaN", "NaN"]
    ],
    [
      [0.017830743937, 0.6969333367, 0.16064224376, 0.12459367561, 0],
      ["NaN", "NaN", "NaN", "NaN", "NaN"],
      [0.49592697276, 0.00012620603468, 0.13658782269, 0.36735899851, 0],
      [0.10158140676, 0.0070061440754, 0.79816224833, 0.093250200829, 0],
      [0.020678403834, 0.11822459801, 0.78836126326, 0.072735734901, 0],
      [0.24172266211, 0.052478973092, 0.52972291037, 0.17607545442, 0],
      ["NaN", "NaN", "NaN", "NaN", "NaN"]
    ],
    [
      [0.026193550041, 0.82577983884, 0.019624073115, 0.128402538, 0],
      [0.77888486357, 0.0080274470534, 0.021395610678, 0.1916920787, 0],
      [0.17738053851, 0.01861524597, 0.086279076431, 0.71772513909, 0],
      [0.083694836443, 0.027735375032, 0.59464002092, 0.29392976761, 0],
      ["NaN", "NaN", "NaN", "NaN", "NaN"],
      [0.15496134786, 0.11181464605, 0.25666560818, 0.47655839791, 0],
      ["NaN", "NaN", "NaN", "NaN", "NaN"]
    ],
    [
      [0.011207929375, 0.24561202706, 0, 0.74318004356, 0],
      [0.88343442759, 0, 0, 0.11656557241, 0],
      ["NaN", "NaN", "NaN", "NaN", "NaN"],
      ["NaN", "NaN", "NaN", "NaN", "NaN"],
      ["NaN", "NaN", "NaN", "NaN", "NaN"],
      [0.071733854913, 0.017551891757, 0, 0.91071425333, 0],
      ["NaN", "NaN", "NaN", "NaN", "NaN"]
    ],
    [
      [0, 0.29051826717, 0.17093679849, 0.50534367594, 0.0332012584],
      [3.1225022568e-17, 0.018199391526, 0.28415599951, 0.64227730968, 0.055367299276],
      [0, 0.0035531116359, 0.19060073708, 0.78360539095, 0.02224076033],
      ["NaN", "NaN", "NaN", "NaN", "NaN"],
      [1.7105694145e-48, 0.083875507554, 0.52366232447, 0.16060146102, 0.23186070696],
      [9.7144514655e-17, 0.034975040652, 0.40573887568, 0.44415344819, 0.11513263548],
      ["NaN", "NaN", "NaN", "NaN", "NaN"]
    ],
    [
      [0, 0.63419433896, 0.15988532235, 0.17136727198, 0.034553066712],
      [0, 0.06426676103, 0.38440303874, 0.47254307545, 0.078787124778],
      [0, 0.019364560935, 0.24885885889, 0.70025727989, 0.031519300294],
      ["NaN", "NaN", "NaN", "NaN", "NaN"],
      [0, 0.1852497416, 0.52002125684, 0.068815632338, 0.22591336921],
      [0, 0.092230775307, 0.48690368714, 0.27801820369, 0.14284733386],
      ["NaN", "NaN", "NaN", "NaN", "NaN"]
    ],
    [
      [0, 0.54684191102, 0.15066954425, 0.30248854473, 0],
      ["NaN", "NaN", "NaN", "NaN", "NaN"],
      [0, 0.01554920348, 0.094562416037, 0.88988838048, 0],
      [0, 0.022537105765, 0.70875827656, 0.26870461768, 0],
      [0, 0.22917951424, 0.57777863779, 0.19304184797, 0],
      [0, 0.087745193251, 0.42788874284, 0.48436606391, 0],
      ["NaN", "NaN", "NaN", "NaN", "NaN"]
    ],
    [
      ["NaN", "NaN", "NaN", "NaN", "NaN"],
      ["NaN", "NaN", "NaN", "NaN", "NaN"],
      [0.23888425711, 0.034545363659, 0.099590352397, 0.62698002683, 0],
      [0.10604221551, 0.079406101458, 0.51248400187, 0.30206768115, 0],
      [0.010334567465, 0.41434810569, 0.3676615094, 0.20765581745, 0],
      [0.15721473295, 0.16558843574, 0.26124153345, 0.41595529786, 0],
      [0.2886786089, 0.15711195054, 0.16130361349, 0.39290582708, 0]
    ],
    [
      [0.0080398188679, 0.7174172014, 0.10619702087, 0.13452599131, 0.033819967552],
      ["NaN", "NaN", "NaN", "NaN", "NaN"],
      [0.28394829016, 0.035000455777, 0.24508596252, 0.40283760309, 0.033127688454],
      [0.080258236585, 0.032155660414, 0.76080339909, 0.11411720225, 0.012665501657],
      [0.0039924989684, 0.17590191972, 0.53578736627, 0.065911088757, 0.21840712629],
      [0.13067461172, 0.086618717692, 0.46655689817, 0.18235725095, 0.13379252148],
      [0.18357367029, 0.065852045146, 0.23023480556, 0.13685002296, 0.38348945604]
    ],
    [
      [0, 0.87060598821, 0.033756079654, 0.095637932137, 0],
      [0.58508175292, 0.084775958419, 0.10555756508, 0.22458472358, 0],
      [0.10152423802, 0.12653848533, 0.16181722867, 0.61012004798, 0],
      [0.041049497486, 0.12376232734, 0.58296837722, 0.25221979795, 0],
      [0, 0.53353945846, 0.36111811771, 0.10534242383, 0],
      [0.060954782493, 0.27083995942, 0.31715928378, 0.3510459743, 0],
      ["NaN", "NaN", "NaN", "NaN", "NaN"]
    ],
    [
      ["NaN", "NaN", "NaN", "NaN", "NaN"],
      ["NaN", "NaN", "NaN", "NaN", "NaN"],
      [0, 0, 0.019800889213, 0.98019911079, 0],
      ["NaN", "NaN", "NaN", "NaN", "NaN"],
      [0, 0, 0.4471705267, 0.5528294733, 0],
      [0, 0, 0.19151700398, 0.80848299602, 0],
      ["NaN", "NaN", "NaN", "NaN", "NaN"]
    ],
    [
      [0.0031566300819, 0.67709892732, 0.086833312995, 0.2110184074, 0.021892722195],
      [0.58905801836, 0.039750811406, 0.11492639451, 0.2340323778, 0.022232397919],
      [0.11969111125, 0.045708362275, 0.18021396427, 0.63473226822, 0.019654293984],
      [0.050049733862, 0.053416512193, 0.62470180033, 0.26212190564, 0.0097100479762],
      [0.00013068523865, 0.27176634517, 0.42490481023, 0.13721787477, 0.16598028459],
      [0.072170958106, 0.12391350563, 0.33962960019, 0.37465166906, 0.089634267015],
      [0.1103738127, 0.10280770518, 0.19533063731, 0.3254655456, 0.2660222992]
    ],
    [
      ["NaN", "NaN", "NaN", "NaN", "NaN"],
      [0.65886442471, 0.11472500065, 0.075686269405, 0.15072430523, 0],
      [0.076232860229, 0.13429563443, 0.15524311786, 0.63422838748, 0],
      [0.03027720483, 0.1380616759, 0.59895848117, 0.2327026381, 0],
      [0, 0.66701398966, 0.28188795305, 0.051098057295, 0],
      [0.041079894884, 0.33865621525, 0.2888689714, 0.33139491847, 0],
      ["NaN", "NaN", "NaN", "NaN", "NaN"]
    ],
    [
      [0.0054147001007, 0.90752791428, 0.030851512139, 0.056205873479, 0],
      [0.82586762534, 0.054343834034, 0.044273198339, 0.075515342289, 0],
      [0.22690013545, 0.10393074743, 0.18270615635, 0.48646296077, 0],
      [0.071932724079, 0.10770871608, 0.6849756896, 0.13538287024, 0],
      [0.014672396563, 0.59071498471, 0.33764008175, 0.056972536979, 0],
      ["NaN", "NaN", "NaN", "NaN", "NaN"],
      ["NaN", "NaN", "NaN", "NaN", "NaN"]
    ],
    [
      [0.00081353298505, 0.81826829423, 0.053721522113, 0.11185186469, 0.015344785985],
      [0.5280911575, 0.067919278233, 0.11023017495, 0.27349756027, 0.020261829041],
      [0.10280387275, 0.083291824391, 0.15509309423, 0.64144054508, 0.017370663546],
      [0.046464315026, 0.088131058236, 0.58388362188, 0.27249721914, 0.0090237857197],
      ["NaN", "NaN", "NaN", "NaN", "NaN"],
      [0.063524812611, 0.19129620416, 0.2988571035, 0.3670792199, 0.079242659827],
      [0.10167510395, 0.16075935736, 0.17348301628, 0.32097256787, 0.24310995453]
    ],
    [
      [0.0016724862678, 0.71739065592, 0.074871004921, 0.20056224081, 0.0055036120819],
      [0.45194398005, 0.054302416687, 0.13048200495, 0.35636102861, 0.006910569694],
      [0.068229996382, 0.046711430339, 0.14661018715, 0.73456751566, 0.0038808704739],
      [0.03248516822, 0.059873127391, 0.5761201374, 0.32914321318, 0.002378353813],
      [0, 0.35720070955, 0.45353211383, 0.13919676193, 0.050070414682],
      [0.047299291028, 0.14155588309, 0.31787141723, 0.46981388862, 0.023459520028],
      [0.087223201642, 0.1391133899, 0.21483869312, 0.47497678241, 0.083847932927]
    ],
    [
      [0, 0.52705753469, 0.074264122794, 0.35412256163, 0.044555780881],
      ["NaN", "NaN", "NaN", "NaN", "NaN"],
      [0, 0.021003236594, 0.11790295543, 0.83219712822, 0.02889667975],
      ["NaN", "NaN", "NaN", "NaN", "NaN"],
      [0, 0.15693578701, 0.29629396412, 0.23357275777, 0.3131974911],
      [0, 0.072660370096, 0.24094968981, 0.51737277319, 0.1690171669],
      ["NaN", "NaN", "NaN", "NaN", "NaN"]
    ],
    [
      ["NaN", "NaN", "NaN", "NaN", "NaN"],
      [0.52335564036, 0.017628795017, 0.086712479955, 0.34344044782, 0.028862636847],
      [0.054212979704, 0.017428920741, 0.10636654107, 0.80727372994, 0.014717828547],
      [0.027203850079, 0.020739896889, 0.54409834571, 0.39742895508, 0.010528952246],
      [0.00071886094944, 0.11089141407, 0.37146692985, 0.27953648674, 0.23738630839],
      [0.036714648815, 0.047099580771, 0.26611413605, 0.53702851797, 0.1130431164],
      ["NaN", "NaN", "NaN", "NaN", "NaN"]
    ],
    [
      [0.0037144215127, 0.75447363405, 0.079664200784, 0.16214774366, 0],
      ["NaN", "NaN", "NaN", "NaN", "NaN"],
      [0.1236296679, 0.060951981156, 0.19367210552, 0.62174624543, 0],
      [0.042034108533, 0.068280936312, 0.66941985958, 0.22026509558, 0],
      [0.00052507549477, 0.37897492265, 0.48135043764, 0.13914956422, 0],
      [0.069774336534, 0.17922800227, 0.4002602269, 0.3507374343, 0],
      ["NaN", "NaN", "NaN", "NaN", "NaN"]
    ],
    [
      [0, 0.54619854574, 0.13235143809, 0.30305393873, 0.018396077436],
      ["NaN", "NaN", "NaN", "NaN", "NaN"],
      [0, 0.008205201039, 0.15291039496, 0.82486609903, 0.014018304967],
      ["NaN", "NaN", "NaN", "NaN", "NaN"],
      [0, 0.095467584062, 0.48627455165, 0.15474883233, 0.26350903196],
      [0, 0.045700564581, 0.41133495141, 0.39506155502, 0.14790292899],
      [0, 0.033896185937, 0.21662230458, 0.30885517761, 0.44062633187]
    ],
    [
      ["NaN", "NaN", "NaN", "NaN", "NaN"],
      ["NaN", "NaN", "NaN", "NaN", "NaN"],
      ["NaN", "NaN", "NaN", "NaN", "NaN"],
      ["NaN", "NaN", "NaN", "NaN", "NaN"],
      [0, 0.55870294917, 0.33470611449, 0.10659093633, 0],
      [0, 0.20648525413, 0.32646942753, 0.46704531834, 0],
      ["NaN", "NaN", "NaN", "NaN", "NaN"]
    ],
    [
      [0, 0.41627311879, 0.073844308893, 0.49658923798, 0.013293334345],
      ["NaN", "Inf", "NaN", "Inf", "NaN"],
      [0, 0.0064319564845, 0.062807026567, 0.9267468396, 0.0040141773506],
      ["NaN", "NaN", "NaN", "NaN", "NaN"],
      [0, 0.15668962416, 0.35461398802, 0.35968346151, 0.12901292631],
      [0, 0.057762480354, 0.24439941292, 0.63554361431, 0.062294492417],
      ["NaN", "NaN", "NaN", "NaN", "NaN"]
    ],
    [
      [0.0013610461529, 0.81801562312, 0.064426001903, 0.11619732882, 0],
      [0.61397999737, 0.063588793321, 0.13112652349, 0.19130468583, 0],
      [0.064346384841, 0.12984793573, 0.22757021817, 0.57823546125, 0],
      [0.021119030069, 0.093751613702, 0.71106308603, 0.1740662702, 0],
      [0.00057309170528, 0.45715901649, 0.44572878632, 0.096539105489, 0],
      [0.040189563406, 0.25014736368, 0.41651681892, 0.29314625399, 0],
      ["NaN", "NaN", "NaN", "NaN", "NaN"]
    ],
    [
      [0.073326037484, 0.32704286928, 0.038363602281, 0.56126749096, 0],
      ["NaN", "NaN", "NaN", "NaN", "NaN"],
      [0.62152595611, 0, 0.015746674045, 0.36272736985, 0],
      [0.31977194163, 0.0016739929843, 0.35866873974, 0.31988532565, 0],
      [0.06812653601, 0.085223070623, 0.45787997554, 0.38877041783, 0],
      ["NaN", "NaN", "NaN", "NaN", "NaN"],
      ["NaN", "NaN", "NaN", "NaN", "NaN"]
    ],
    [
      [0, 0.63952937168, 0.14355536014, 0.21691526817, 0],
      ["NaN", "NaN", "NaN", "NaN", "NaN"],
      [0, 0.022636336668, 0.15923589028, 0.81812777305, 0],
      ["NaN", "NaN", "NaN", "NaN", "NaN"],
      [0, 0.29285150239, 0.58824111868, 0.11890737893, 0],
      [0, 0.081034102248, 0.53784975661, 0.38111614114, 0],
      [0, 0.11297969791, 0.40865531502, 0.47836498707, 0]
    ],
    [
      [0, 0.52909297882, 0.27527671514, 0.15411151817, 0.041518787875],
      ["NaN", "NaN", "NaN", "NaN", "NaN"],
      [0, 0.014816039263, 0.43255655793, 0.5015239086, 0.05110349421],
      [0, 0.0053203880824, 0.89138947767, 0.090638935087, 0.012651199162],
      [0, 0.14254745314, 0.55561521446, 0.044337178575, 0.25750015382],
      [0, 0.069080722648, 0.57188603458, 0.1879847811, 0.17104846168],
      ["NaN", "NaN", "NaN", "NaN", "NaN"]
    ],
    [
      [0, 0.61307901565, 0.064456985656, 0.32246399869, 0],
      ["NaN", "NaN", "NaN", "NaN", "NaN"],
      [0, 0.020523301235, 0.12231370087, 0.85716299789, 0],
      ["NaN", "NaN", "NaN", "NaN", "NaN"],
      [0, 0.34760789073, 0.43989156496, 0.21250054432, 0],
      [0, 0.097415979644, 0.36464064729, 0.53794337306, 0],
      ["NaN", "NaN", "NaN", "NaN", "NaN"]
    ],
    [
      [0, 0.42572996728, 0.30618037459, 0.26808965813, 0],
      ["NaN", "NaN", "NaN", "NaN", "NaN"],
      [0, 0.0054684678805, 0.35430229178, 0.64022924034, 0],
      [0, 0.0029889166449, 0.86926671035, 0.12774437301, 0],
      [0, 0.091215356148, 0.80135060126, 0.10743404259, 0],
      [0, 0.037930389008, 0.65411506387, 0.30795454712, 0],
      ["NaN", "NaN", "NaN", "NaN", "NaN"]
    ],
    [
      [0.0055411051827, 0.65932492885, 0.24970528399, 0.085428681979, 0],
      [0.78566672786, 0.024020417348, 0.1155980333, 0.074714821492, 0],
      [0.18210625862, 0.049712534876, 0.48762688462, 0.28055432188, 0],
      [0.038656175967, 0.030340381802, 0.87264696432, 0.058356477912, 0],
      [0.00085028995534, 0.20270297818, 0.76260207724, 0.033844654627, 0],
      [0.083061902545, 0.1105375086, 0.68438551698, 0.12201507188, 0],
      ["NaN", "NaN", "NaN", "NaN", "NaN"]
    ],
    [
      [0, 0.97508544116, 0.011315458892, 0.010765848238, 0.0028332517115],
      [3.6207482954e-33, 0.44463254944, 0.25334617082, 0.25896052412, 0.043060755617],
      [4.6837533851e-18, 0.39226812155, 0.21467513321, 0.3723709681, 0.020685777143],
      [0, 0.23668861198, 0.64072302957, 0.11504425525, 0.0075441032052],
      [0, 0.71163687058, 0.1992720566, 0.010574340211, 0.07851673261],
      [3.081487911e-33, 0.50854942217, 0.28355742263, 0.13824829938, 0.06964485582],
      [1.734723476e-17, 0.43708071954, 0.17047199891, 0.13274816323, 0.25969911831]
    ],
    [
      [0, 0.60533492538, 0.096634149803, 0.2492824539, 0.048748470913],
      ["NaN", "Inf", "NaN", "NaN", "NaN"],
      [0, 0.019677408309, 0.18998876364, 0.73888055445, 0.051453273609],
      [0, 0.027976437042, 0.70665326433, 0.24544266348, 0.019927635148],
      [0, 0.22971997559, 0.34114335858, 0.11809560795, 0.31104105787],
      [0, 0.11143272743, 0.33161893482, 0.35161747426, 0.20533086349],
      [0, 0.057120336405, 0.1363937162, 0.22080658776, 0.58567935964]
    ],
    [
      [0.0023487443989, 0.71940435095, 0.098939366695, 0.17930753796, 0],
      [0.5348255983, 0.060568697045, 0.15914526038, 0.24546044427, 0],
      [0.074051223633, 0.08160362717, 0.23061900277, 0.61372614643, 0],
      [0.027330483127, 0.064436749145, 0.70653163564, 0.20170113209, 0],
      [0.00058578119301, 0.37195471546, 0.50218122723, 0.12527827612, 0],
      [0.047137674627, 0.18131441427, 0.4331402159, 0.3384076952, 0],
      [0.10027884723, 0.19613230253, 0.32119178166, 0.38239706858, 0]
    ],
    [
      [0.017939354072, 0.27638308854, 0.32651592499, 0.36768812041, 0.011473511988],
      [0.87612205591, 0.0017011602539, 0.055838438547, 0.059361739609, 0.0069766056785],
      [0.16402899718, 0.0048630110575, 0.20496575191, 0.6188907737, 0.0072514661542],
      [0.044737950907, 0.0048086760559, 0.78331618813, 0.16485667139, 0.0022805135202],
      [0.0063332676193, 0.045272699859, 0.78231477651, 0.11367491917, 0.052404336842],
      [0.086354417657, 0.026376190745, 0.54415556459, 0.31425572476, 0.028858102253],
      ["NaN", "NaN", "NaN", "NaN", "NaN"]
    ],
    [
      [0.0055449219614, 0.75329591017, 0.14167478888, 0.099484378991, 0],
      ["NaN", "NaN", "NaN", "NaN", "NaN"],
      [0.27970403881, 0.049343973869, 0.25575809199, 0.41519389533, 0],
      ["NaN", "NaN", "NaN", "NaN", "NaN"],
      [0.0013064210318, 0.35833650685, 0.57405109242, 0.066305979699, 0],
      [0.13902743356, 0.15873432049, 0.51149698771, 0.19074125824, 0],
      ["NaN", "NaN", "NaN", "NaN", "NaN"]
    ],
    [
      ["NaN", "NaN", "NaN", "NaN", "NaN"],
      ["NaN", "NaN", "NaN", "NaN", "NaN"],
      [0.26656696603, 0.067709602785, 0.36330286318, 0.302420568, 0],
      [0.054374314196, 0.037259847428, 0.84944920677, 0.058916631604, 0],
      [0.0007288769432, 0.27467812191, 0.69097479729, 0.033618203852, 0],
      [0.12347253176, 0.13382421562, 0.61678851168, 0.12591474095, 0],
      [0.28756146811, 0.14414048756, 0.4252069606, 0.14309108374, 0]
    ],
    [
      [0.0040336853872, 0.67964538344, 0.042814298886, 0.25234054042, 0.021166091865],
      ["NaN", "NaN", "NaN", "NaN", "NaN"],
      [0.28369287764, 0.039533137594, 0.093446766806, 0.56604730021, 0.017279917752],
      [0.12553806958, 0.047040607771, 0.53221366461, 0.28525950497, 0.0099481530614],
      [0.0012535823713, 0.42171375879, 0.22877812648, 0.13995299702, 0.20830153534],
      ["NaN", "NaN", "NaN", "NaN", "NaN"],
      ["NaN", "NaN", "NaN", "NaN", "NaN"]
    ],
    [
      [0.0015335956106, 0.72955046382, 0.044592918538, 0.22432302203, 0],
      [0.61067734396, 0.040051014363, 0.074089718196, 0.27518192348, 0],
      [0.070831634884, 0.055564050378, 0.11310614879, 0.76049816595, 0],
      [0.02017172763, 0.095850979057, 0.53606242956, 0.34791486375, 0],
      [0.00096798904278, 0.42176278711, 0.36871659261, 0.20855263124, 0],
      [0.044802037976, 0.1888379763, 0.28556508819, 0.48079489754, 0],
      ["NaN", "NaN", "NaN", "NaN", "NaN"]
    ],
    [
      [0, 0, 0.51818887733, 0.4290568783, 0.052754244372],
      ["NaN", "NaN", "NaN", "NaN", "NaN"],
      [0, 0, 0.39978745794, 0.57829353016, 0.021919011898],
      [0, 0, 0.88020343296, 0.11345374194, 0.0063428251058],
      [0, 0, 0.79839787765, 0.052423785774, 0.14917833657],
      [0, 0, 0.65548232095, 0.26152592121, 0.082991757834],
      ["NaN", "NaN", "NaN", "NaN", "NaN"]
    ],
    [
      [0, 0.79844985725, 0.057014110194, 0.13413164081, 0.01040439175],
      [0, 0.16759665272, 0.26992961969, 0.51936850214, 0.043105225458],
      [0, 0.097666619548, 0.19235068054, 0.69053244006, 0.019450259849],
      [0, 0.11063473576, 0.65227346331, 0.2296644864, 0.0074273145254],
