{
  "X": [
    [14, 19, 134, 193, 11],
    [18, 13, 121, 215, 9],
    [21, 24, 166, 257, 23],
    [71, 64, 411, 974, 64],
    [32, 33, 173, 261, 27],
    [63, 93, 675, 1164, 106],
    [87, 161, 998, 1698, 163],
    [2, 1, 15, 29, 4],
    [1, 2, 13, 9, 3],
    [4, 1, 20, 35, 4],
    [86, 82, 725, 918, 134],
    [1, 0, 3, 6, 2],
    [7, 2, 29, 16, 1],
    [0, 1, 7, 3, 2],
    [157, 150, 1398, 2119, 187],
    [161, 74, 933, 1638, 163],
    [5, 6, 29, 35, 9],
    [24, 17, 204, 287, 47],
    [123, 107, 1090, 1509, 213],
    [1, 5, 28, 30, 6],
    [118, 143, 2190, 1064, 396],
    [45, 62, 522, 413, 63],
    [7, 6, 46, 29, 6],
    [3, 1, 15, 12, 1],
    [20, 20, 110, 216, 20],
    [10, 10, 86, 208, 17],
    [16, 32, 104, 210, 17],
    [30, 21, 151, 347, 23],
    [26, 25, 114, 320, 26],
    [19, 25, 112, 249, 20],
    [0, 1, 5, 8, 1],
    [3, 2, 20, 66, 2],
    [5, 4, 19, 72, 7],
    [0, 2, 4, 30, 1],
    [6, 1, 27, 102, 9],
    [14, 10, 68, 230, 16],
    [7, 5, 23, 77, 8],
    [6, 7, 110, 67, 27],
    [5, 3, 25, 102, 10],
    [1, 0, 2, 6, 5],
    [5, 2, 24, 55, 9],
    [6, 1, 15, 48, 6],
    [1, 1, 13, 77, 9],
    [10, 10, 76, 84, 21],
    [2, 1, 6, 9, 2],
    [21, 10, 98, 165, 22],
    [2, 4, 4, 21, 4],
    [2, 1, 4, 6, 2],
    [0, 0, 3, 11, 0],
    [7, 3, 26, 125, 9],
    [14, 14, 85, 239, 19],
    [17, 17, 83, 200, 24],
    [4, 6, 79, 59, 24],
    [5, 2, 27, 36, 11],
    [9, 8, 92, 196, 21],
    [5, 7, 67, 94, 9],
    [14, 9, 80, 102, 41],
    [31, 14, 143, 175, 59],
    [13, 19, 126, 189, 33],
    [21, 24, 155, 244, 43],
    [12, 10, 87, 127, 21],
    [11, 15, 76, 147, 20],
    [20, 16, 81, 187, 20],
    [8, 1, 8, 57, 1],
    [6, 9, 107, 46, 25],
    [17, 24, 234, 160, 58],
    [4, 6, 155, 27, 37],
    [12, 9, 117, 52, 18],
    [8, 15, 138, 39, 19],
    [5, 12, 85, 95, 17],
    [1, 4, 7, 10, 2],
    [9, 10, 86, 90, 21],
    [2, 0, 15, 27, 1],
    [12, 3, 61, 88, 24],
    [4, 3, 15, 11, 5],
    [4, 1, 15, 59, 2],
    [7, 6, 33, 49, 11],
    [17, 67, 256, 243, 48],
    [161, 240, 1370, 1315, 300],
    [118, 178, 897, 900, 256],
    [2, 1, 9, 14, 0]
  ],
  "W": [
    [50, 17, 167, 121, 16],
    [51, 11, 170, 127, 17],
    [49, 18, 218, 164, 42],
    [213, 53, 543, 679, 96],
    [55, 24, 231, 169, 47],
    [180, 79, 857, 805, 180],
    [267, 139, 1304, 1174, 223],
    [5, 2, 23, 17, 4],
    [3, 1, 16, 3, 5],
    [9, 0, 30, 20, 5],
    [159, 52, 910, 635, 189],
    [2, 0, 4, 4, 2],
    [4, 2, 35, 10, 4],
    [0, 0, 9, 2, 2],
    [449, 166, 1700, 1453, 243],
    [386, 97, 1150, 1113, 223],
    [5, 3, 40, 29, 7],
    [72, 29, 252, 183, 43],
    [331, 118, 1312, 1059, 222],
    [4, 2, 40, 19, 5],
    [226, 71, 2526, 697, 391],
    [96, 40, 584, 284, 101],
    [9, 6, 47, 22, 10],
    [1, 1, 19, 8, 3],
    [31, 21, 162, 148, 24],
    [44, 11, 124, 122, 30],
    [25, 23, 131, 159, 41],
    [51, 32, 210, 232, 47],
    [55, 29, 164, 215, 48],
    [38, 17, 155, 171, 44],
    [2, 0, 6, 6, 1],
    [19, 4, 25, 37, 8],
    [7, 5, 22, 61, 12],
    [4, 3, 7, 20, 3],
    [15, 6, 34, 77, 13],
    [49, 9, 104, 157, 19],
    [18, 4, 31, 59, 8],
    [16, 2, 121, 43, 35],
    [13, 1, 27, 89, 15],
    [1, 0, 5, 4, 4],
    [12, 2, 25, 47, 9],
    [13, 1, 26, 32, 4],
    [19, 0, 16, 47, 19],
    [21, 3, 90, 53, 34],
    [2, 0, 6, 6, 6],
    [37, 11, 130, 105, 33],
    [7, 1, 10, 13, 4],
    [2, 1, 5, 2, 5],
    [2, 1, 5, 6, 0],
    [34, 0, 39, 86, 11],
    [56, 20, 104, 164, 27],
    [48, 16, 114, 134, 29],
    [10, 3, 91, 36, 32],
    [6, 2, 43, 21, 9],
    [43, 3, 112, 129, 39],
    [15, 8, 80, 62, 17],
    [28, 9, 111, 72, 26],
    [54, 20, 171, 116, 61],
    [44, 13, 164, 119, 40],
    [52, 18, 197, 170, 50],
    [34, 8, 112, 84, 19],
    [42, 15, 104, 85, 23],
    [38, 8, 108, 135, 35],
    [17, 0, 13, 43, 2],
    [11, 7, 119, 27, 29],
    [42, 9, 274, 95, 73],
    [3, 4, 177, 20, 25],
    [18, 6, 143, 33, 8],
    [12, 10, 153, 20, 24],
    [28, 5, 113, 53, 15],
    [1, 3, 9, 7, 4],
    [19, 9, 96, 69, 23],
    [7, 0, 16, 22, 0],
    [29, 3, 74, 58, 24],
    [3, 0, 17, 9, 9],
    [8, 2, 17, 50, 4],
    [7, 2, 43, 45, 9],
    [36, 71, 320, 140, 64],
    [255, 185, 1686, 914, 346],
    [196, 82, 1127, 660, 284],
    [3, 0, 13, 8, 2]
  ],
  "method": "mvn_pdf",
  "cond_prob": [
    [
      [0.075129961671, 0.0010362641815, 0.019292938817, 0.89417805189, 0.01036278344],
      [0.0028208783586, 0.47792493578, 0.034674792682, 0.48360381684, 0.00097557633711],
      [0.026160243341, 0.044561770483, 0.77135342864, 0.11840726293, 0.039517294614],
      [0.036984487396, 0.0034501267005, 0.0018217644471, 0.95569061522, 0.0020530062352],
      [0.063290607955, 0.17412267896, 0.18575390696, 0.27704186099, 0.29979094514]
    ],
    [
      [0.075054362943, 0.00049777761752, 0.0093938567619, 0.90959584521, 0.0054581574645],
      [0.0038102187471, 0.30693295313, 0.022791142929, 0.66577157212, 0.00069411307412],
      [0.046393897981, 0.038015358107, 0.66497055094, 0.21371478139, 0.036905411582],
      [0.036490842098, 0.0016368749659, 0.00087652186912, 0.959926878, 0.0010688830639],
      [0.093630923898, 0.12355682399, 0.13350134011, 0.416999716, 0.232311196]
    ],
    [
      [0.076450556522, 0.00077771142795, 0.013821506316, 0.89957224149, 0.0093779842475],
      [0.0033077344904, 0.40651934505, 0.028526762897, 0.56063170477, 0.0010144527865],
      [0.034898374349, 0.04366815493, 0.71846879345, 0.15636216963, 0.046602507645],
      [0.037477782791, 0.0025771923276, 0.00129948492, 0.95679554792, 0.0018499920373],
      [0.073659651138, 0.14847302364, 0.15146672565, 0.31909656458, 0.30730403498]
    ],
    [
      [0.080997401375, 0.00084705173876, 0.014398577044, 0.89261713757, 0.011139832272],
      [0.0034157007588, 0.4245001155, 0.028843773314, 0.54207094757, 0.0011694628628],
      [0.035675147062, 0.045657533238, 0.71519714144, 0.15036017172, 0.053110006543],
      [0.039948227139, 0.0028204851656, 0.0013605320539, 0.95366222155, 0.0022085340924],
      [0.072539917471, 0.14928403667, 0.14612793864, 0.29555218616, 0.33649592106]
    ],
    [
      [0.11995060293, 0.0010470270961, 0.014506571501, 0.85366256393, 0.010833234545],
      [0.004642347702, 0.49081694794, 0.026821531464, 0.47666938241, 0.0010497904797],
      [0.051172796341, 0.054958942501, 0.70458187126, 0.13895765004, 0.050328739861],
      [0.060340812028, 0.003563140963, 0.0014005133561, 0.93250118853, 0.00219434512],
      [0.10203570702, 0.17651287117, 0.14037546098, 0.26773647864, 0.31333948219]
    ],
    [
      [0.060479910648, 0.00077394100038, 0.01579780712, 0.91178661098, 0.011161730248],
      [0.0026161284267, 0.39600347817, 0.032422758984, 0.56775704055, 0.0012005938596],
      [0.025190778581, 0.039379661574, 0.7399637479, 0.14524059793, 0.050225214017],
      [0.029533946375, 0.0025509621596, 0.0014777182266, 0.9642467371, 0.002190636142],
      [0.054794716365, 0.1376834314, 0.16196931866, 0.30543079503, 0.34012173855]
    ],
    [
      [0.059388818193, 0.00094189149288, 0.015752266146, 0.91094029661, 0.012976727559],
      [0.0023684327622, 0.44359348793, 0.029793251024, 0.52295851044, 0.0012863178521],
      [0.024420335244, 0.047280579738, 0.72737001043, 0.14332342311, 0.057605651482],
      [0.029020058203, 0.003106268671, 0.0014743117601, 0.96385106262, 0.0025482987466],
      [0.049683285256, 0.15459688325, 0.14904684549, 0.28189849518, 0.36477449082]
    ],
    [
      [0.048497121607, 0.00020728381553, 0.0066603693423, 0.9354176788, 0.0092175464345],
      [0.0029406871858, 0.15698440656, 0.019672043914, 0.81897860976, 0.0014242525826],
      [0.035490120645, 0.019411535695, 0.62224445454, 0.24338267246, 0.079471216661],
      [0.023048731872, 0.00066992654273, 0.00061118279922, 0.97389798324, 0.0017721755415],
      [0.056017791357, 0.048282638062, 0.091408416234, 0.37382349257, 0.43046766178]
    ],
    [
      [0.049465235206, 0.00076739286653, 0.017383246771, 0.91939499124, 0.012989133921],
      [0.0018879972717, 0.48983203341, 0.03336375838, 0.47360243426, 0.0013137766781],
      [0.016921362037, 0.034194938236, 0.79303441729, 0.10433960365, 0.051509678789],
      [0.023474696232, 0.0024931666778, 0.0015961963522, 0.9699349713, 0.0025009694398],
      [0.039718781359, 0.13544396983, 0.16782668908, 0.24020318778, 0.41680737195]
    ],
    [
      [0.082240969407, 0.00020629499463, 0.0070917076407, 0.90325582237, 0.0072052055827],
      [0.0050544146278, 0.16193117898, 0.021531324468, 0.81033658521, 0.0011464967162],
      [0.057974044092, 0.019270735991, 0.63059880105, 0.23274587365, 0.059410545213],
      [0.039585348855, 0.00067829438504, 0.0006624280737, 0.95766179444, 0.0014121342445],
      [0.10249051115, 0.053364223847, 0.10452240771, 0.39764739683, 0.34197546047]
    ],
    [
      [0.091381014955, 0.00086233256575, 0.019321101638, 0.87259944768, 0.015836103157],
      [0.003835192547, 0.42866344496, 0.038492735021, 0.52735514365, 0.0016534838212],
      [0.031789672339, 0.036662658644, 0.75590811305, 0.11611123891, 0.059528317062],
      [0.045746071873, 0.0029144096803, 0.0018531078358, 0.94629965764, 0.0031867529739],
      [0.068451241198, 0.12688026679, 0.16380742834, 0.24167723773, 0.39918382594]
    ],
    [
      [0.090122958261, 9.0894381168e-05, 0.010303247892, 0.87731490391, 0.02216799556],
      [0.0079244284054, 0.010394425867, 0.060716521918, 0.91413718684, 0.0068274369655],
      [0.026554200223, 0.0045451530589, 0.7768027692, 0.080702167632, 0.11139570988],
      [0.040678543661, 0.00028700022139, 0.0009365527315, 0.95392260362, 0.0041752997674],
      [0.031853289976, 0.0055033397005, 0.060959721029, 0.09322413669, 0.80845951261]
    ],
    [
      [0.52050683573, 0.00032637568673, 0.013903436139, 0.46091048419, 0.0043528682522],
      [0.037565556834, 0.37107762314, 0.05491314848, 0.53554119753, 0.00090247401689],
      [0.19637343686, 0.016864794563, 0.69864873381, 0.068078197429, 0.020034837343],
      [0.32332116369, 0.0014610390199, 0.0017575129987, 0.67230347894, 0.0011568053491],
      [0.47850134958, 0.064060798951, 0.15459224905, 0.15475187282, 0.1480937296]
    ],
    [
      [0.0099748978656, 0.00086254245533, 0.018391365628, 0.94980618123, 0.020965012819],
      [0.00025961632045, 0.84521523018, 0.019903592384, 0.13336669922, 0.0012548619005],
      [0.0036846866088, 0.037172961767, 0.81399525742, 0.068467748647, 0.076679345557],
      [0.0053056960154, 0.0027193383425, 0.0016408591703, 0.98643744532, 0.0038966611532],
      [0.0057593411981, 0.12284219963, 0.12333216537, 0.11664849873, 0.63141779507]
    ],
    [
      [0.081793285093, 0.00077398054649, 0.021468880064, 0.88135488075, 0.014608973548],
      [0.0035628462594, 0.39773313627, 0.044347576166, 0.55277491184, 0.0015815294652],
      [0.026544938482, 0.030658881907, 0.78213419005, 0.10948825493, 0.051173734635],
      [0.040784840969, 0.0026047198924, 0.0020504521247, 0.95163245969, 0.0029275273198],
      [0.063251155356, 0.11737073855, 0.18775216585, 0.25219187228, 0.37943406797]
    ],
    [
      [0.10506762085, 0.00053647995871, 0.018653187476, 0.86132720795, 0.014415503763],
      [0.0053159135693, 0.32044832384, 0.044772273833, 0.62765017772, 0.0018133110356],
      [0.038176519754, 0.023806368715, 0.76165625367, 0.11978926353, 0.056571594329],
      [0.052970898286, 0.0018256881094, 0.0018014882069, 0.94048081823, 0.0029211071711],
      [0.085793463245, 0.085934864924, 0.17232821769, 0.26020901037, 0.39573444378]
    ],
    [
      [0.14326004629, 0.0019004425804, 0.02144121666, 0.79368296228, 0.039715332191],
      [0.0034037135749, 0.69465674896, 0.025797505136, 0.27364372964, 0.0024983026953],
      [0.037473327812, 0.065019844749, 0.69830762558, 0.077928102256, 0.1212710996],
      [0.073912476787, 0.0067378133494, 0.0021490513959, 0.90887948348, 0.0083211749905],
      [0.05361883204, 0.1534632262, 0.09661088629, 0.1074751688, 0.58883188668]
    ],
    [
      [0.087396035429, 0.00058078845464, 0.022095330073, 0.86423796401, 0.025689882031],
      [0.0042372605785, 0.33735566392, 0.051043314103, 0.60425569342, 0.0031080679822],
      [0.026628986651, 0.02171963065, 0.76595650914, 0.10044842442, 0.085246449135],
      [0.044117034739, 0.0019813722342, 0.0021383579814, 0.94654859675, 0.0052146382914],
      [0.052902800113, 0.069321604924, 0.15230687526, 0.19290221041, 0.53256650929]
    ],
    [
      [0.089702539523, 0.0008145780399, 0.025338682621, 0.86052335549, 0.023620844326],
      [0.0038394942612, 0.41181734403, 0.051449287559, 0.53038045964, 0.0025134145099],
      [0.02477894145, 0.027475272706, 0.78630663849, 0.090976414904, 0.070462732448],
      [0.045460701031, 0.0027864449242, 0.0024597913184, 0.94448208022, 0.0048109825032],
      [0.054398712597, 0.096910814507, 0.17385884383, 0.19306609699, 0.48176553207]
    ],
    [
      [0.035685886847, 0.0013460477727, 0.013510242348, 0.93199908392, 0.017458739116],
      [0.0010595536487, 0.59486901602, 0.019602090124, 0.38314218592, 0.0013271542916],
      [0.015051991122, 0.07259394481, 0.68809828591, 0.14065197192, 0.083603806241],
      [0.01713706314, 0.004371532738, 0.0012427329703, 0.97388727116, 0.0033613999877],
      [0.024114533141, 0.19551649998, 0.10750685599, 0.22040285375, 0.45245925713]
    ],
    [
      [0.095604307283, 0.0011010636396, 0.036447172463, 0.83423982283, 0.032607633788],
      [0.0035529470604, 0.4828610985, 0.064231658128, 0.44634261071, 0.0030116855988],
      [0.01916175427, 0.026932229337, 0.81940218202, 0.063994864945, 0.070508969425],
      [0.049539856993, 0.0038509772309, 0.0036177484955, 0.93620056993, 0.0067908473523],
      [0.044946935612, 0.10150030305, 0.19372588429, 0.14510167258, 0.51472520446]
    ],
    [
      [0.10661221692, 0.0014412156698, 0.035765153767, 0.83724225284, 0.018939160802],
      [0.0034262276034, 0.55287963451, 0.054665018901, 0.38751212179, 0.0015169971993],
      [0.022010583247, 0.036428780027, 0.83316331412, 0.066066654654, 0.042330667948],
      [0.054785209448, 0.0050028704176, 0.0035226308321, 0.9327756041, 0.0039136852066],
      [0.061108263155, 0.16271330807, 0.23243723815, 0.17728889172, 0.3664522989]
    ],
    [
      [0.24440492735, 0.0012196607282, 0.051147849133, 0.68086955518, 0.022358007612],
      [0.0081128153812, 0.56898256912, 0.085646717352, 0.33530037891, 0.0019575192384],
      [0.033428171539, 0.02146468194, 0.87437384691, 0.035525533513, 0.035207766097],
      [0.13641203537, 0.004703334911, 0.0055691740691, 0.84821128544, 0.0051041702113],
      [0.1118265709, 0.11587030606, 0.27936799831, 0.1138731295, 0.37906199523]
    ],
    [
      [0.22414138774, 0.00028180391287, 0.012648714062, 0.75818019057, 0.004747903712],
      [0.012795248529, 0.25517426978, 0.040060032063, 0.69117797233, 0.00079247730006],
      [0.093558071324, 0.016338151404, 0.74926129238, 0.1160222467, 0.02482023819],
      [0.11048250149, 0.0010063380716, 0.0012765064133, 0.88622490458, 0.0010097494378],
      [0.25458065715, 0.068298212865, 0.17519413747, 0.2959279526, 0.20599903991]
    ],
    [
      [0.092544652635, 0.00069303402656, 0.0098946165629, 0.88656291641, 0.010304780362],
      [0.0042424468223, 0.38614394919, 0.02169633888, 0.58673327662, 0.0011839884921],
      [0.052549999724, 0.048500891601, 0.64331636896, 0.19157804255, 0.064054697163],
      [0.045606887376, 0.002311402096, 0.00093619655227, 0.94910016211, 0.0020453518663],
      [0.090463601257, 0.13444412154, 0.11028517471, 0.31878591942, 0.34602118306]
    ],
    [
      [0.046976542181, 0.00036582954277, 0.0077253369565, 0.93796281702, 0.0069694743045],
      [0.0025625557079, 0.24011999687, 0.020081844765, 0.73628608438, 0.00094951828011],
      [0.033302495967, 0.031980577516, 0.62868567513, 0.25201553517, 0.054015716217],
      [0.022506213457, 0.0011841042801, 0.00070963289871, 0.97425677376, 0.0013432756081],
      [0.059434401089, 0.091803413633, 0.11137566218, 0.43522986375, 0.30215665935]
    ],
    [
      [0.082766532524, 0.0016026062495, 0.016773934701, 0.88843386663, 0.010423059894],
      [0.0024792161069, 0.58935215951, 0.024060514541, 0.38332432418, 0.00078378565983],
      [0.03110321146, 0.074288302022, 0.72475703566, 0.12703869383, 0.042812757024],
      [0.040763178316, 0.0053401583923, 0.0015851345574, 0.95024475543, 0.0020667733058],
      [0.064822103976, 0.25025342542, 0.15001938833, 0.25603181055, 0.27887327172]
    ],
    [
      [0.087193210713, 0.00042223284937, 0.0092688780756, 0.89631566048, 0.0068000178845],
      [0.0047079167292, 0.27229110495, 0.023841277435, 0.69824299822, 0.00091670266256],
      [0.054165802929, 0.032187746044, 0.65535149655, 0.2123249663, 0.045969988173],
      [0.042763344293, 0.0013998729453, 0.00087199742289, 0.95362240482, 0.001342380522],
      [0.10418990922, 0.099468730136, 0.12582773903, 0.39474372001, 0.27576990161]
    ],
    [
      [0.083688669228, 0.00060211589693, 0.0090530596656, 0.89805671235, 0.0085994428613],
      [0.0040377993866, 0.34919899081, 0.020830435251, 0.62489576064, 0.0010370139064],
      [0.051426633686, 0.045476990262, 0.63512317233, 0.21037456979, 0.057598633935],
      [0.04099789458, 0.001994129848, 0.00085073474707, 0.95446174627, 0.0016954945568],
      [0.090030777884, 0.12807888828, 0.1108034408, 0.35601738384, 0.3150695092]
    ],
    [
      [0.074469788343, 0.00088738631709, 0.010651548744, 0.90589659312, 0.008094683475],
      [0.0030469358486, 0.44149802672, 0.020819521384, 0.53380603133, 0.00082948471297],
      [0.040578719518, 0.059598579411, 0.66388881282, 0.18782207933, 0.048111808925],
      [0.036299174101, 0.0029246766444, 0.00099600339348, 0.95819193187, 0.0015882139865],
      [0.075896833863, 0.17980583354, 0.12362479022, 0.33968704343, 0.28098549895]
    ],
    [
      [0.018038577978, 0.0017786262878, 0.024907665021, 0.93938513123, 0.01588999948],
      [2.3492385244e-08, 0.99998033848, 1.6134971176e-05, 2.8630918713e-06, 6.3996287143e-07],
      [0.0027370815409, 0.057675900924, 0.86163248583, 0.039212182731, 0.038742348972],
      [0.0088915739041, 0.0056225026967, 0.0022102196322, 0.98032516319, 0.0029505405747],
      [0.0054157597149, 0.33058228722, 0.15221275694, 0.081255288538, 0.4305339076]
    ],
    [
      [0.046566244919, 0.00025749844659, 0.0090045169766, 0.94014858808, 0.0040231515788],
      [0.0027015866123, 0.18583181696, 0.025263604874, 0.78561111674, 0.00059187481807],
      [0.028775132386, 0.020231864434, 0.7070521087, 0.21555321671, 0.028387677769],
      [0.022210487469, 0.00083194389214, 0.00082549264542, 0.97535663996, 0.0007754360294],
      [0.067797664989, 0.076412630575, 0.1543922776, 0.4920757692, 0.20932165763]
    ],
    [
      [0.084959351705, 0.00063626120048, 0.017762759657, 0.88094032052, 0.015701306915],
      [0.0038182238833, 0.38127076954, 0.039321234263, 0.57377258572, 0.0018171865905],
      [0.028536253154, 0.027401194369, 0.77200047561, 0.11106332802, 0.060998748853],
      [0.041912088401, 0.0021340926468, 0.0016856226731, 0.95114272256, 0.0031254737221],
      [0.06337960816, 0.0982841235, 0.15913806811, 0.23844747262, 0.44075072761]
    ],
    [
      [0.017440506209, 0.00035116367548, 0.0027245095588, 0.97701158478, 0.0024722357805],
      [0.00095030681349, 0.26386821242, 0.0071494189056, 0.72768633497, 0.00034572689297],
      [0.020767261801, 0.053946229808, 0.49384371005, 0.3949062052, 0.036536593141],
      [0.0082780235425, 0.0011138613362, 0.00024791780536, 0.98988685799, 0.00047333932531],
      [0.031657446446, 0.13779654606, 0.059607412683, 0.59708459227, 0.17385400254]
    ],
    [
      [0.06905381246, 0.00022961225135, 0.012052430685, 0.90598862816, 0.012675516439],
      [0.0041583731398, 0.16819712861, 0.034976524, 0.79074605111, 0.0019219231372],
      [0.03339102003, 0.013954961697, 0.71824801604, 0.16488264179, 0.069523360446],
      [0.033658265383, 0.00075822839319, 0.0011284749012, 0.96196627472, 0.0024887566023],
      [0.065676063077, 0.043624862841, 0.13464515228, 0.3135425055, 0.4425114163]
    ],
    [
      [0.065621181808, 0.00050417219657, 0.0079432000383, 0.91604100232, 0.0098904436317],
      [0.0033058890775, 0.31126139734, 0.019152877841, 0.66503056602, 0.0012492697247],
      [0.043619353501, 0.041617478514, 0.61096461043, 0.23137135188, 0.072427205672],
      [0.031819304954, 0.0016528374042, 0.00073890070591, 0.96385913607, 0.0019298208665],
      [0.069966425335, 0.10752213871, 0.097033468198, 0.35893773525, 0.36654023251]
    ],
    [
      [0.10501226122, 0.0010381522205, 0.016336539652, 0.85298702581, 0.0246260211],
      [0.0037429092416, 0.52472569635, 0.02889760694, 0.4403590291, 0.0022747583737],
      [0.036141292198, 0.046295822817, 0.70827266739, 0.11089816259, 0.098392055004],
      [0.052712551043, 0.0035437360761, 0.001578182344, 0.93718503522, 0.0049804953197],
      [0.058803295726, 0.12284850554, 0.10970582865, 0.17440781435, 0.53423455573]
    ],
    [
      [0.078813313575, 0.00093986507342, 0.036797408446, 0.85321171854, 0.03023769436],
      [0.0030417997745, 0.45279550395, 0.068208710593, 0.47301773274, 0.0029362529441],
      [0.015448734081, 0.022863895028, 0.83359686594, 0.063125148443, 0.064965356505],
      [0.040145408881, 0.0032422187598, 0.0035999283233, 0.9468085573, 0.0062038867374],
      [0.038423721006, 0.091807873767, 0.20576454987, 0.15181207999, 0.51219177537]
    ],
    [
      [0.06743855837, 0.00076746063154, 0.025712124649, 0.88316414525, 0.022917711097],
      [0.0027417421907, 0.42799939194, 0.051447544238, 0.5154124514, 0.0023988702363],
      [0.016721002736, 0.024691797294, 0.81099221142, 0.082420420322, 0.065174568224],
      [0.033539416001, 0.0025811857076, 0.0024482536639, 0.95685368946, 0.0045774551644],
      [0.039292438601, 0.094314353807, 0.17986720459, 0.18743612939, 0.49908987361]
    ],
    [
      [0.070118794566, 0.00014980910307, 0.0041779402344, 0.86608115998, 0.059472296115],
      [0.0048744399149, 0.11608759343, 0.015497986275, 0.85209870693, 0.011441273452],
      [0.038493922543, 0.011830862821, 0.36340421943, 0.14416792423, 0.44210307097],
      [0.03294296376, 0.00049043466777, 0.00039359393638, 0.95469867136, 0.011474336278],
      [0.014984673769, 0.0064340116717, 0.011386465613, 0.054349142377, 0.91284570657]
    ],
    [
      [0.10776884462, 0.00083688647763, 0.044818813538, 0.79572719365, 0.050848261713],
      [0.004105264026, 0.46586839663, 0.085837520354, 0.43911838774, 0.0050704312482],
      [0.015291361807, 0.015633619325, 0.84129031571, 0.042518121418, 0.085266581745],
      [0.056947865412, 0.003006278496, 0.0045468622743, 0.92470062176, 0.010798372057],
      [0.033657877988, 0.05565510782, 0.17321621658, 0.090381635862, 0.64708916175]
    ],
    [
      [0.12490314884, 0.00022212948224, 0.0060242137172, 0.85274383916, 0.0161066688],
      [0.0078290557793, 0.18282036365, 0.018805263592, 0.78792267789, 0.0026226390859],
      [0.086645621919, 0.020525115119, 0.53691664058, 0.22128362876, 0.13462899362],
      [0.061952049055, 0.00075374057381, 0.00058050026744, 0.93346930127, 0.0032444088294],
      [0.1017976983, 0.037354123974, 0.059325907293, 0.25059034138, 0.55093192905]
    ],
    [
      [0.028775763172, 0.00019150880942, 0.0069796373442, 0.95621701188, 0.0078360787932],
      [0.0017602245467, 0.14068197948, 0.020406205251, 0.8359533087, 0.0011982820196],
      [0.020857604068, 0.017788091739, 0.64109721347, 0.25601249648, 0.06424459424],
      [0.013670290458, 0.00061327128148, 0.00063484555866, 0.98358679223, 0.0014948004734],
      [0.037094481969, 0.050347463559, 0.10572977286, 0.44231292417, 0.36451535744]
    ],
    [
      [0.10071612247, 0.0010549167116, 0.023249924541, 0.85531280999, 0.019666226288],
      [0.0037372363118, 0.49574255313, 0.041638219822, 0.45703576315, 0.0018462275792],
      [0.028923488987, 0.037813918039, 0.77814587189, 0.09292476796, 0.062191953125],
      [0.050731099649, 0.0036030820753, 0.0022517368818, 0.93941877039, 0.0039953110007],
      [0.063845866936, 0.13500055371, 0.16950047804, 0.19817964989, 0.43347345142]
    ],
    [
      [0.15569226731, 0.00044593406195, 0.017128661345, 0.81813629308, 0.0085968441975],
      [0.0070500304019, 0.41046589709, 0.045169330815, 0.53611235289, 0.0012023887999],
      [0.041746221958, 0.018208882569, 0.83298512188, 0.076725973868, 0.030333799729],
      [0.073907039559, 0.0015168133983, 0.0016473512221, 0.92118691841, 0.001741877408],
      [0.13926358227, 0.096163709284, 0.20453268814, 0.24133147856, 0.31870854174]
    ],
    [
      [0.12401363979, 0.00048284778968, 0.013221794785, 0.85001422466, 0.012267492974],
      [0.0065373870542, 0.30996419632, 0.033423967044, 0.64844973864, 0.0016247109446],
      [0.05727487408, 0.027587688418, 0.70356626958, 0.14942630133, 0.062144866596],
      [0.062498535457, 0.0016484670869, 0.0012804956041, 0.93208013845, 0.0024923634063],
      [0.11212804481, 0.086723863356, 0.13663860816, 0.28251856095, 0.38199092272]
    ],
    [
      [0.073665858241, 0.0046087478346, 0.0048129457735, 0.89311736702, 0.023795081131],
      [0.00041300384995, 0.92998559945, 0.0015698318052, 0.067615638508, 0.00041592638597],
      [0.035289801951, 0.33593192513, 0.3274359687, 0.1535012474, 0.14784105683],
      [0.035074971451, 0.015154361904, 0.00044792965924, 0.94472317257, 0.0045995644152],
      [0.024668314495, 0.45628519861, 0.020666434417, 0.10490946903, 0.39347058345]
    ],
    [
      [0.23231666813, 0.00029680170245, 0.0079047462625, 0.75230608507, 0.0071756988321],
      [0.012193555201, 0.28898024791, 0.025411903486, 0.67219844992, 0.001215843483],
      [0.11036842616, 0.020798291053, 0.6935098401, 0.12904231476, 0.04628112793],
      [0.10818348472, 0.0010542007408, 0.000792258977, 0.88846154093, 0.001508514633],
      [0.24473829041, 0.068460273757, 0.10668149787, 0.26127280723, 0.31884713073]
    ],
    [
      [0.0067605660152, 3.0409024211e-05, 0.0013564778823, 0.99162619172, 0.00022635536173],
      [0.00057789894628, 0.0028984280749, 0.0040846004166, 0.99239612882, 4.2943737936e-05],
      [0.013368563268, 0.0065028242393, 0.50465282319, 0.46942122725, 0.0060545620558],
      [0.0035255350718, 9.6305775415e-05, 0.00012957611623, 0.99619738629, 5.1196749539e-05],
      [0.024226541206, 0.013242420268, 0.056647075601, 0.90413593721, 0.0017480257154]
    ],
    [
      [0.06296428463, 0.00046489227836, 0.0084616729139, 0.91575398065, 0.012355169524],
      [0.0031728186529, 0.31080552072, 0.020768345779, 0.66366583385, 0.0015874809951],
      [0.038393906169, 0.036698335852, 0.62869338258, 0.21067517339, 0.08553920201],
      [0.030515256589, 0.0015242491485, 0.00078727987483, 0.96476365686, 0.002409557526],
      [0.060122263408, 0.092883951374, 0.094850215274, 0.31924396106, 0.43289960888]
    ],
    [
      [0.070594923384, 0.00067405525193, 0.017822230231, 0.89589945384, 0.015009337292],
      [0.0031971113015, 0.3715842414, 0.038600816152, 0.58491575159, 0.0017020795617],
      [0.025902885035, 0.030541475951, 0.7579238152, 0.12512892835, 0.060502895461],
      [0.034794759608, 0.0022457931041, 0.0016838925188, 0.95830076908, 0.0029747856934],
      [0.056064428571, 0.10643632903, 0.16237678608, 0.26189450435, 0.41322795197]
    ],
    [
      [0.089758734085, 0.00088984677574, 0.013909930062, 0.87775213401, 0.017689355066],
      [0.0036781675275, 0.44829110925, 0.027321205603, 0.51888972993, 0.0018197876925],
      [0.038450418904, 0.047167528235, 0.68801556013, 0.14311637213, 0.083250120594],
      [0.044602646512, 0.0029917957884, 0.0013263820749, 0.94754166011, 0.0035375155175],
      [0.065834712449, 0.13022823817, 0.11689218696, 0.23689400976, 0.45015085266]
    ],
    [
      [0.061199941655, 0.00073024376119, 0.026397059194, 0.88571546415, 0.025957291235],
      [0.0026392137327, 0.3922040328, 0.054617640186, 0.54772583054, 0.0028132827342],
      [0.015973016073, 0.023623730547, 0.79944486336, 0.086669911425, 0.074288478598],
      [0.030436973253, 0.0024589811407, 0.0025206366681, 0.95938541191, 0.005197997031],
      [0.035225591404, 0.084111930989, 0.17428009028, 0.18503723798, 0.52134514935]
    ],
    [
      [0.10133892907, 0.00033100613317, 0.0086405543415, 0.86776943235, 0.02192007811],
      [0.005761700489, 0.24408842051, 0.024151815613, 0.72279460704, 0.0032034563528],
      [0.057643602353, 0.02396297611, 0.59339985256, 0.18268357727, 0.14230999171],
      [0.049932842389, 0.0011157699948, 0.0008261579587, 0.9437392624, 0.0043859672613],
      [0.071700897964, 0.047406225818, 0.071409557706, 0.21924467314, 0.59023864537]
    ],
    [
      [0.05186410163, 0.00050797958252, 0.01526418005, 0.9211835483, 0.011180190439],
      [0.0025621904364, 0.30583186454, 0.036024801555, 0.65419849335, 0.0013826501142],
      [0.022082195834, 0.026810543737, 0.7502828269, 0.14871176748, 0.052112666052],
      [0.025167992248, 0.0016651102101, 0.0014195498841, 0.96956580225, 0.0021815454051],
      [0.049382387155, 0.096565876579, 0.1662969142, 0.32176727728, 0.36598754478]
    ],
    [
      [0.055933133018, 0.00058640795695, 0.018422527064, 0.91473566952, 0.010322262442],
      [0.0026133080383, 0.34024320225, 0.04133875511, 0.61459134405, 0.0012133905536],
      [0.020372217291, 0.026510825857, 0.78637098231, 0.12522579094, 0.041520183602],
      [0.027196412422, 0.0019298450221, 0.001718957382, 0.96713388192, 0.0020209032495],
      [0.051845930272, 0.10891925518, 0.19655030056, 0.30859343165, 0.33409108235]
    ],
    [
      [0.1314122886, 0.00087975748935, 0.021816526885, 0.75934168422, 0.086549742806],
      [0.0056142136472, 0.47033455475, 0.044959034223, 0.46976464423, 0.0093275531504],
      [0.032695442598, 0.027227913099, 0.62975647978, 0.071891152406, 0.23842901212],
      [0.071689552988, 0.0032551283432, 0.0022883794126, 0.90375297513, 0.019013964127],
      [0.033378650914, 0.044708561296, 0.063955322222, 0.070871312668, 0.7870861529]
    ],
    [
      [0.18282597881, 0.00068655978727, 0.026556053389, 0.74773287857, 0.04219852945],
      [0.0088309456316, 0.40176841624, 0.061440481882, 0.52284779223, 0.0051123640095],
      [0.045062172277, 0.020857247718, 0.74996425878, 0.070419179123, 0.1136971421],
      [0.099546529686, 0.0025318229679, 0.0027773331362, 0.88588862525, 0.0092556889618],
      [0.077764813471, 0.057778547422, 0.12904806378, 0.11731598335, 0.61809259197]
    ],
    [
      [0.068459518773, 0.00096528989751, 0.017488921118, 0.89313365026, 0.019952619955],
      [0.0026755611248, 0.46045458565, 0.032658641127, 0.50225911388, 0.0019520982215],
      [0.024931059048, 0.043350183121, 0.72875077029, 0.12362491046, 0.079343077081],
      [0.033808455415, 0.003222492225, 0.0016561573576, 0.9573498768, 0.0039630182056],
      [0.046430568583, 0.13022679612, 0.13537356666, 0.22268367475, 0.46528539388]
    ],
    [
      [0.089209523256, 0.0010531716054, 0.020523297435, 0.86496515243, 0.024248855278],
      [0.0033821469861, 0.48468697463, 0.037160172506, 0.47247053388, 0.0023001720022],
      [0.028272351609, 0.041099945742, 0.7423434403, 0.10448066779, 0.083803594565],
      [0.044885078335, 0.0035823162237, 0.0019802246814, 0.94464491861, 0.0049074621546],
      [0.053037239202, 0.12421609027, 0.13913525393, 0.18947881541, 0.49413260119]
    ],
    [
      [0.094185908391, 0.00088877721802, 0.020654544307, 0.85839191084, 0.025878859243],
      [0.0038182156063, 0.45117907757, 0.040304591656, 0.50205500233, 0.0026431128318],
      [0.029296919557, 0.034406261741, 0.7460095269, 0.1013650421, 0.088922249707],
      [0.047503668859, 0.003035674893, 0.0020002803019, 0.94220645812, 0.0052539178235],
      [0.054219733286, 0.10273211224, 0.13693444519, 0.18134206792, 0.52477164137]
    ],
    [
      [0.073192871777, 0.00087860400381, 0.014032848377, 0.89459361626, 0.017302059586],
      [0.0029833296601, 0.44224700632, 0.027429679817, 0.52556886125, 0.0017711229515],
      [0.031331598451, 0.046545951448, 0.69530453988, 0.14531233658, 0.08150557365],
      [0.036007802295, 0.002924972318, 0.0013248189533, 0.95631703136, 0.003425375077],
      [0.05456094498, 0.13084494264, 0.11998731095, 0.24476869777, 0.44983810367]
    ],
    [
      [0.11246479968, 0.0010120673011, 0.013965823256, 0.85986330499, 0.01269400478],
      [0.0043560098109, 0.48790070369, 0.026007797622, 0.48049636052, 0.0012391283547],
      [0.048449415779, 0.054203466205, 0.69625717598, 0.14100487507, 0.060085066964],
      [0.056324095719, 0.0034319041552, 0.0013432201679, 0.93633947556, 0.0025613044025],
      [0.09145571526, 0.16526835572, 0.13015280327, 0.25717154738, 0.35595157837]
    ],
    [
      [0.1900325575, 0.00025003624503, 0.0050451046095, 0.80085688835, 0.0038154132907],
      [0.011590018915, 0.25245499785, 0.016482943666, 0.71882077468, 0.00065126488929],
      [0.1442946926, 0.02806297527, 0.56061742605, 0.23038871588, 0.036636190192],
      [0.096641458459, 0.00087511628303, 0.00050224153225, 0.90118167491, 0.00079950882096],
      [0.2519028834, 0.077703624719, 0.083902446861, 0.38587618752, 0.2006148575]
    ],
    [
      [0.098153712237, 0.0010466495972, 0.039439676092, 0.82611310404, 0.035246858033],
      [0.0036215508348, 0.48343570498, 0.070097633555, 0.43956460409, 0.0032805065451],
      [0.017874393066, 0.023607947684, 0.83123546323, 0.056793175173, 0.07048902085],
      [0.050800105073, 0.003678265176, 0.003928869995, 0.93423093273, 0.0073618270293],
      [0.042813767434, 0.091231663107, 0.19747232637, 0.13143436369, 0.53704787941]
    ],
    [
      [0.088631413503, 0.0012050798405, 0.030030357981, 0.85170597427, 0.028427174401],
      [0.0031168951756, 0.51303051858, 0.050371830224, 0.43098199426, 0.0024987617585],
      [0.020710641139, 0.034613860506, 0.79673232688, 0.075783791919, 0.072159379559],
      [0.045145567959, 0.0041499399427, 0.0029339531992, 0.9419445637, 0.0058259752017],
      [0.045444816574, 0.12236293775, 0.17510724678, 0.16074587414, 0.49633912476]
    ],
    [
      [0.095387698666, 0.0010231275171, 0.047809501845, 0.78499223715, 0.070787434823],
      [0.0035846345023, 0.47862520582, 0.0862992332, 0.42480331283, 0.0066876136468],
      [0.014087677611, 0.01866643461, 0.80901465636, 0.043757457776, 0.11447377364],
      [0.051402733803, 0.0037425852564, 0.0049595253537, 0.924508175, 0.015386980583],
      [0.026401005716, 0.056353783409, 0.15146883221, 0.079221912836, 0.68655446583]
    ],
    [
      [0.18754542443, 0.0012275965111, 0.034568658605, 0.73678864407, 0.039869676379],
      [0.0065776948797, 0.55537373375, 0.058980144362, 0.37551181691, 0.003556610101],
      [0.0368949016, 0.030225171663, 0.79054710963, 0.055153526, 0.08717929111],
      [0.10221236546, 0.0045578725752, 0.0036373491582, 0.88080468928, 0.008787723533],
      [0.074182472722, 0.097958713472, 0.15806204133, 0.10687214182, 0.56292463066]
    ],
    [
      [0.12977538096, 0.0015783255322, 0.043940583066, 0.79734186493, 0.027363845512],
      [0.0038513131683, 0.58926975466, 0.062923204957, 0.34190316188, 0.0020525653264],
      [0.021652150359, 0.032618583557, 0.84520806163, 0.050417593817, 0.050103610634],
      [0.06814180923, 0.0056361140866, 0.0044472143521, 0.91596747249, 0.0058073898372],
      [0.059258264749, 0.1442216233, 0.2299316603, 0.13319525103, 0.43339320061]
    ],
    [
      [0.054162961263, 0.0013792038349, 0.018608389749, 0.90445110657, 0.021398338585],
      [0.0017140649845, 0.55866332077, 0.028324996536, 0.40959203545, 0.0017055822545],
      [0.018320909242, 0.058167942828, 0.72843387579, 0.11529098526, 0.079786286882],
      [0.026539114235, 0.0045705600099, 0.0017486047152, 0.96292652536, 0.0042151956777],
      [0.033202436917, 0.17152041174, 0.13122277343, 0.20237737201, 0.46167700591]
    ],
    [
      [0.060844846321, 0.0021488537425, 0.015244612155, 0.90951040974, 0.01225127804],
      [0.0010837638536, 0.7595990449, 0.014319256809, 0.22438865327, 0.00060928117137],
      [0.019548738252, 0.0903014893, 0.74356793302, 0.098135642757, 0.048446196671],
      [0.02844588004, 0.007004993497, 0.0013943221825, 0.96080458197, 0.0023502223147],
      [0.038646529993, 0.31508386407, 0.12239192295, 0.19180724965, 0.33207043334]
    ],
    [
      [0.10621576678, 0.0011662852433, 0.038815104606, 0.81728283285, 0.036520010527],
      [0.0037105191392, 0.51524135079, 0.065512169393, 0.41231028819, 0.0032256724894],
      [0.019274634985, 0.02636476834, 0.82472635378, 0.056260915648, 0.073373327243],
      [0.055343475952, 0.004121559649, 0.003886566875, 0.92898253798, 0.0076658595456],
      [0.044583718074, 0.098486759733, 0.18849908084, 0.12574074649, 0.54268969487]
    ],
    [
      [0.081842812012, 0.0002727741975, 0.042164845943, 0.85907658398, 0.016642983871],
      [0.0041980797911, 0.24621060648, 0.12205152911, 0.62510808767, 0.0024316969436],
      [0.010889370764, 0.005496352988, 0.91131059485, 0.041647142304, 0.030656539097],
      [0.040760536954, 0.00092000554428, 0.0040246372296, 0.95097275674, 0.0033220635302],
      [0.040819241902, 0.029018300013, 0.30284264329, 0.15162306544, 0.47569674936]
    ],
    [
      [0.13132336663, 0.00055658488797, 0.024271607557, 0.80596079888, 0.037887642051],
      [0.0065303364502, 0.34916443383, 0.05845938353, 0.58107232572, 0.0047735204659],
      [0.03461030257, 0.018413109214, 0.75516450725, 0.080623095568, 0.1111889854],
      [0.06855975834, 0.0019714423148, 0.00243752898, 0.9190563291, 0.0079749412683],
      [0.060342937, 0.051485222984, 0.12939780491, 0.13567515943, 0.62309887568]
    ],
    [
      [0.32159274875, 0.0018667484055, 0.028240928508, 0.62583922921, 0.022460345122],
      [0.0061755821786, 0.78609131968, 0.030517004943, 0.17593031822, 0.0012857749786],
      [0.062478505098, 0.052601204477, 0.784604442, 0.046101421609, 0.054214426811],
      [0.17686067814, 0.0073263593787, 0.0031298683299, 0.80746293502, 0.0052201591288],
      [0.14157678434, 0.2002096757, 0.15789929973, 0.098110741531, 0.40220349869]
    ],
    [
      [0.084484720148, 0.00031716847823, 0.018170892884, 0.88873803471, 0.0082891837843],
      [0.0046207995328, 0.23668854621, 0.049825158917, 0.70767953644, 0.0011859589023],
      [0.026827186102, 0.013459745138, 0.82224895726, 0.10533614343, 0.032127968078],
      [0.041335236084, 0.0010559731742, 0.001711249314, 0.95425649323, 0.0016410481978],
      [0.081744253472, 0.065003622265, 0.22089774245, 0.31006730747, 0.32228707435]
    ],
    [
      [0.16628861582, 0.0022337389644, 0.02779952097, 0.75379446665, 0.049883657601],
      [0.0035213890781, 0.73290908679, 0.02979927, 0.2309737681, 0.0027964860258],
      [0.034776957469, 0.061390032758, 0.7229346703, 0.059640023879, 0.12125831559],
      [0.088779878436, 0.008160093926, 0.0028723723145, 0.88940858155, 0.010779073774],
      [0.051777461653, 0.15096390889, 0.10430954617, 0.085542734801, 0.60740634849]
    ],
    [
      [0.069859516709, 0.0014104203368, 0.021488346371, 0.88860935295, 0.018632363629],
      [0.0022681215263, 0.54751752147, 0.033197154291, 0.41550891863, 0.0015082840799],
      [0.021731519575, 0.053638099058, 0.7564268471, 0.10535721228, 0.062846321984],
      [0.034610836728, 0.0047226561363, 0.0020411009938, 0.95491265537, 0.003712750776],
      [0.045041687266, 0.17900556818, 0.15721808045, 0.21119781804, 0.40753684607]
    ],
    [
      [0.12075092616, 0.0014818464654, 0.02644458195, 0.82474134214, 0.026581303277],
      [0.0039179452465, 0.56786914006, 0.040704197938, 0.38536443371, 0.0021442830389],
      [0.03117976242, 0.046706747896, 0.76650716021, 0.081521029498, 0.074085299978],
      [0.062473496232, 0.0051754079277, 0.0026210426434, 0.92420237074, 0.0055276824619],
      [0.06326443477, 0.15228383358, 0.15669426038, 0.15988393505, 0.46787353622]
    ],
    [
      [0.12810557687, 0.0022366287452, 0.027564666892, 0.8070656006, 0.035027526896],
      [0.0032300265261, 0.66856395664, 0.032995836194, 0.29301269475, 0.0021974858876],
      [0.030600116612, 0.065279949905, 0.73996035763, 0.073780226119, 0.090379349738],
      [0.067033970077, 0.0079018470748, 0.0027635512761, 0.91493280629, 0.0073678252791],
