{
  "Z_true": {},
  "V_true": [
    [464, 12, 1328, 172, 72],
    [679, 229, 10972, 705, 523],
    [116, 228, 374, 15716, 552],
    [31, 871, 372, 834, 72],
    [1, 23, 184, 778, 290],
    [43, 48, 373, 696, 509]
  ],
  "p_true": [
    [0.2266, 0.0059, 0.6484, 0.084, 0.0352],
    [0.0518, 0.0175, 0.837, 0.0538, 0.0399],
    [0.0068, 0.0134, 0.022, 0.9252, 0.0325],
    [0.0142, 0.3995, 0.1706, 0.3826, 0.033],
    [0.0008, 0.018, 0.1442, 0.6097, 0.2273],
    [0.0258, 0.0288, 0.2235, 0.417, 0.305]
  ],
  "Z_est": [
    [
      [28.1765, 27, 15.9061, 30.6823, 28.1288, 20.4507, 24.0864, 13.6338, 11.3615, 12.9217, 12.2704, 16.0063, 15.4516, 19.5418, 3.1812, 0, 27.7221, 30.4488, 36.3568, 53.6263, 49.5361, 1.3634, 1.3634, 59.0798, 80.4394, 3.1812, 3.6357, 14.9972, 0, 0, 5.908, 4.0901, 1.3634, 10.4526, 2.2723, 9.0892, 9.0892, 50.2294, 16, 8.801, 1.3634, 1.3634, 0, 54.9896, 4.9991, 74.9859, 18.6512],
      [0.503, 1.2169, 0.2839, 1.2352, 0.576, 0.3651, 0.43, 0.2434, 0.2028, 0.2758, 0.219, 2.4966, 0.2758, 0.3489, 0.0568, 0, 0.4949, 0, 0.649, 0.9573, 0.8843, 0, 0.0243, 0, 1.436, 0.0568, 0.0649, 0.2677, 0, 0, 0.1055, 0.073, 0.0243, 0.1866, 0.5764, 0.1623, 0.1623, 0.9086, 0.3407, 0.4505, 0.0243, 0.0243, 0, 0.9816, 0.0892, 1.3386, 0.357],
      [26.6762, 26.2459, 15.0591, 29.688, 34.6864, 19.3617, 22.8038, 12.9078, 10.7565, 17.1588, 11.617, 17.2104, 14.6289, 18.5012, 3.0118, 0, 26.2459, 29.371, 34.4208, 50.7707, 46.8984, 1.2908, 1.2908, 56.9885, 76.1561, 3.0118, 3.4421, 14.1986, 0, 1.7857, 5.5934, 3.8723, 1.2908, 9.896, 2.1513, 8.6052, 8.6052, 48.8592, 18.0709, 8.6052, 1.2908, 1.2908, 0, 52.0615, 4.7329, 70.993, 20.2765],
      [6.6438, 6.5366, 3.7505, 7.3939, 7.6082, 4.8221, 5.6794, 3.2147, 2.6789, 3.6434, 2.8933, 4.2863, 3.6434, 4.6078, 0.7501, 0, 6.5366, 7.1796, 8.5726, 12.6446, 11.6802, 0.3458, 0.3215, 13.9305, 18.9669, 0.7501, 0.8573, 3.5362, 0, 0.2143, 1.3931, 0.9644, 0.3215, 2.4646, 0, 2.1432, 2.1432, 12.0017, 7.5879, 2.1432, 0.3215, 0.3215, 0, 12.9661, 1.1787, 17.681, 4.7149],
      [0.0006, 0.0005, 0.0003, 0.0006, 0.0006, 0.0004, 0.0005, 0.0003, 0.0002, 0.0003, 0.0002, 0.0004, 0.0003, 0.0004, 0.0001, 0, 0.0005, 0.0006, 0.0007, 0.0011, 0.001, 0, 0, 0.0012, 0.0016, 0.0001, 0.0001, 0.0003, 0, 0, 0.0001, 0.0001, 0, 0.0002, 0, 0.0002, 0.0002, 0.001, 0.0004, 0.0002, 0, 0, 0, 0.0011, 0.0001, 0.0015, 0.0004]
    ],
    [
      [4.1258, 0, 1.2925, 0, 0, 6.9152, 3.6352, 3.1242, 7.4194, 0, 3.8841, 0, 0.5173, 5.185, 0.6518, 4.2989, 4.5869, 8.6472, 6.1496, 4.3781, 11.532, 0.1878, 0.2983, 2.0169, 14.3497, 2.5769, 1.6503, 2.132, 2.7876, 0, 0, 0.7733, 0.2872, 2.364, 0.2005, 3.4526, 1.2155, 0, 0, 0, 1.1626, 0.1105, 0.553, 7.3796, 8.4186, 26.3435, 0],
      [9.0401, 10.7583, 0.4034, 4.9572, 8.5657, 16.0365, 3.0648, 2.4546, 1.1937, 0.9291, 11.6817, 5.8863, 0, 5.659, 0, 1.7359, 4.0225, 0, 12.3363, 3.1753, 3.6598, 0, 0.3568, 0, 6.3533, 2.2324, 4.8361, 2.5508, 0.4295, 0, 0, 5.3376, 1.1745, 0, 0.8897, 0.6513, 4.116, 5.1988, 0, 4.5444, 0, 0.2474, 0.3205, 27.6369, 0, 25.5557, 0.2708],
      [596.5524, 495.7167, 99.8451, 292.859, 297.0935, 548.0472, 283.3772, 204.4006, 167.2408, 226.5108, 274.8137, 242.1035, 190.7988, 432.0239, 37.5109, 37.7775, 272.9672, 318.743, 348.2494, 406.2708, 410.1624, 14.8266, 23.5481, 474.9418, 600.7824, 29.2175, 39.4883, 168.3255, 12.0145, 6.176, 82.203, 57.5276, 21.8451, 186.6407, 7.2947, 315.7193, 309.3105, 502.7768, 158.2032, 68.9617, 21.7344, 8.2609, 31.3975, 857.3261, 143.5098, 899.9043, 161.0529],
      [17.0702, 11.2671, 3.2459, 0, 8.4759, 0, 11.4044, 0, 0, 7.7717, 0, 1.4279, 25.8607, 18.9762, 12.5969, 0, 20.529, 0, 0, 9.526, 0, 1.4511, 0.5384, 12.7588, 2.1376, 0.7777, 1.6759, 3.8487, 2.549, 0.1396, 7.6, 2.9404, 0.5185, 11.5818, 0, 16.6037, 6.9995, 14.0997, 13.0267, 1.6352, 0.4985, 0.1994, 0.7179, 19.6027, 3.0716, 0, 3.41],
      [57.2115, 47.258, 12.2132, 27.1838, 17.8649, 55.0011, 27.5184, 22.0206, 12.1461, 7.7884, 22.6205, 12.5824, 19.8233, 42.1558, 8.2404, 0.1877, 22.8944, 13.6097, 39.2647, 33.6498, 34.6458, 0.5345, 2.2583, 41.2826, 88.377, 4.1954, 4.3494, 16.143, 0.2193, 0.6844, 8.197, 3.4212, 2.1747, 13.4135, 0.6151, 25.5731, 29.3585, 44.9247, 12.7701, 6.8587, 1.6044, 1.1818, 3.0111, 71.0547, 0, 168.1965, 6.2663]
    ],
    [
      [0, 0, 1.7111, 0, 0, 7.8211, 2.3841, 1.0042, 1.0894, 0, 1.2937, 0, 0, 0, 2.5604, 1.4426, 1.7619, 1.4662, 4.499, 1.9899, 7.7807, 0.0924, 3.5491, 0, 3.3945, 1.5088, 1.497, 4.7561, 0.0431, 0, 0, 3.2955, 0.0109, 1.9781, 0.4379, 0, 0, 0, 0, 0, 0.3566, 2.1783, 0.742, 0, 1.8244, 55.9742, 0],
      [1.6812, 3.6877, 0, 1.3074, 0.9781, 10.3388, 0, 0.8134, 0.6637, 0.8982, 2.7887, 0.7635, 0, 0, 0, 0.2046, 1.4272, 0, 1.3723, 1.6118, 1.6018, 0, 3.3276, 0, 2.7496, 0.494, 1.2126, 0.9785, 0.0349, 0, 0, 3.8238, 3.7301, 0, 0.01, 0, 0, 2.5949, 0, 6.4838, 0, 0.1447, 0, 22.7855, 0, 5.564, 0],
      [10.1053, 11.2509, 0, 8.024, 2.703, 2.9682, 0, 12.3132, 1.0148, 2.4824, 1.6024, 2.11, 0, 0, 0, 0.3128, 2.1823, 3.0784, 2.0983, 2.4646, 2.4493, 0.1145, 0.9571, 18.5102, 4.2043, 0, 0, 0.2034, 0.0534, 0.0687, 0, 0, 0, 1.1193, 0.0153, 4.8716, 10.9944, 3.9678, 0, 0, 0, 0, 6.8531, 15.9896, 1.1293, 8.5078, 7.3726],
      [1252.4404, 716.4066, 180.3787, 248.9227, 191.1039, 365.4606, 381.9585, 147.8588, 129.4077, 175.5036, 203.0135, 149.1781, 400.7254, 1087.3751, 232.9705, 38.7858, 278.8557, 231.98, 265.3257, 314.9315, 307.1783, 14.7002, 103.2132, 722.4898, 537.236, 96.3835, 239.77, 502.2785, 6.8251, 7.3454, 312.2173, 277.8807, 50.9083, 360.9026, 1.5245, 850.1284, 811.3058, 510.2139, 634, 235.8189, 31.6434, 22.7894, 27.986, 1513.2249, 144.303, 1038.0421, 169.6274],
      [0.7732, 7.6548, 2.9102, 3.7459, 1.215, 2.4114, 2.6574, 1.0104, 0.8245, 1.1158, 1.3018, 0.9484, 1.2746, 16.6249, 1.4691, 0.2542, 1.7729, 1.4753, 1.7047, 2.0023, 1.9899, 0.093, 2.953, 0, 3.4156, 0.6137, 0.5204, 6.7834, 0.0434, 1.586, 0.7827, 0, 3.3507, 0, 0.0124, 0, 11.6997, 3.2234, 0, 3.6973, 0, 3.8876, 3.4189, 0, 0.7434, 6.9118, 0]
    ],
    [
      [0.9831, 0, 0.1311, 0.4401, 0.3932, 0.7771, 0.4962, 0.4401, 0.412, 0, 0.6741, 0.3558, 0.3932, 0.9176, 0.3277, 0.0187, 0.412, 5.6009, 0.4775, 0.4494, 0.515, 0.2765, 0.1498, 0.9082, 0.7022, 0.0936, 0.1779, 0.6367, 0.0094, 0, 0, 0.1217, 0.0187, 0.3277, 0.0094, 0.5805, 0.4588, 0.8146, 0, 0, 0.0375, 0.0281, 0.0655, 1.9194, 0.7188, 1.264, 0.1498],
      [53.8037, 63.6571, 7.1738, 24.0836, 21.5215, 42.5306, 27.1581, 24.0836, 22.5463, 24.596, 36.894, 19.4718, 18.3423, 50.2168, 13.7581, 1.0248, 22.5463, 19.4445, 26.1332, 24.596, 28.1829, 0, 8.1987, 38.1321, 38.4312, 5.1242, 9.7359, 34.8443, 0.5124, 0, 16.7325, 6.6614, 1.0248, 15.8134, 0.5124, 31.7698, 25.1084, 44.5802, 22.6593, 14.3477, 0.9641, 1.5372, 3.5869, 105.0453, 10.7603, 69.1762, 8.1987],
      [15.263, 17.7342, 2.0351, 6.832, 6.1052, 12.0651, 7.7042, 6.832, 6.3959, 7.4268, 10.4661, 5.5238, 6.1052, 14.2455, 5.0877, 0.2907, 6.3959, 6.9774, 7.4135, 6.9774, 7.9949, 0.3748, 2.3258, 25.6724, 10.9022, 1.4536, 2.7619, 9.8846, 0.1454, 0, 5.0877, 1.8897, 0.2907, 5.0877, 0.1454, 9.0124, 7.1227, 12.6465, 7.4135, 4.0701, 0.5814, 0.4361, 1.0175, 29.7992, 3.198, 19.6239, 2.3258],
      [34.1427, 39.6706, 4.5524, 15.2829, 13.6571, 26.989, 17.2339, 15.2829, 14.3074, 15.6081, 23.4121, 12.3564, 16.8363, 31.8665, 15.5574, 0.6503, 14.3074, 15.6081, 16.5836, 15.6081, 17.8843, 0.341, 5.2027, 31.5413, 24.3876, 3.2517, 6.1782, 22.1115, 0.3252, 0, 12.9106, 4.2272, 0.6503, 13.5021, 0.3252, 20.1604, 15.9333, 28.2897, 20.5351, 9.1047, 2.3862, 0.9755, 2.2762, 66.6595, 7.1537, 43.8977, 5.2027],
      [0.8075, 0.9382, 0.1077, 0.3614, 0.323, 0.6383, 0.4076, 0.3614, 0.3384, 0.3691, 0.5537, 0.2922, 0.323, 0.7536, 0.2692, 0.0154, 0.3384, 0.3691, 0.3922, 0.3691, 0.423, 0.0077, 0.123, 0.7459, 0.5768, 0.0769, 0.1461, 0.5229, 0.0077, 0, 0.2692, 0.1, 0.0154, 0.2692, 0.0077, 0.4768, 0.3768, 0.669, 0.3922, 0.4775, 0.0308, 0.0231, 0.0538, 1.5765, 0.1692, 1.0382, 0.123]
    ],
    [
      [0, 0, 0, 0, 0, 0, 0, 0, 0, 0, 0, 0, 0, 0, 0, 0, 0, 0, 0, 0, 0, 0, 0, 0, 0, 0, 0, 0, 0, 0, 0, 0, 0, 0, 0, 0, 0, 0, 0, 0, 0, 0, 0, 0, 0, 0, 0],
      [0, 0, 0, 0, 0, 0, 0, 0, 0, 0, 0, 0, 0, 0, 0, 0, 0, 0, 0, 0, 0, 0, 0, 0, 0, 0, 0, 0, 0, 0, 0, 0, 0, 0, 0, 0, 0, 0, 0, 0, 0, 0, 0, 0, 0, 0, 0],
      [9.3627, 8.3387, 2.3407, 6.4369, 3.2184, 8.7775, 7.3146, 2.7796, 3.2184, 2.1944, 2.3407, 3.0721, 2.487, 6.8757, 4.0962, 0.4389, 1.9018, 3.9499, 3.511, 4.0962, 4.6814, 0, 0.7315, 10.3868, 9.9479, 1.1703, 2.1944, 2.1944, 0, 0, 1.6092, 1.1703, 0, 4.0962, 0, 8.6312, 5.1202, 9.3627, 3.0721, 1.4629, 0, 0.4389, 0.5852, 17.1162, 1.3166, 11.5571, 3.0721],
      [45.0727, 40.1429, 11.2682, 30.9875, 15.4938, 42.2557, 35.2131, 13.381, 15.4938, 10.5639, 11.2682, 14.7895, 11.9724, 33.1003, 19.7193, 2.1128, 9.1554, 19.0151, 16.9023, 19.7193, 22.5364, 0, 3.5213, 50.0026, 47.8898, 5.6341, 10.5639, 10.5639, 0, 0, 7.7469, 5.6341, 0, 19.7193, 0, 41.5514, 24.6492, 45.0727, 14.7895, 7.0426, 0, 2.1128, 2.817, 82.3986, 6.3384, 55.6367, 14.7895],
      [9.5646, 8.5184, 2.3911, 6.5756, 3.2878, 8.9668, 7.4723, 2.8395, 3.2878, 2.2417, 2.3911, 3.1384, 2.5406, 7.024, 4.1845, 0.4483, 1.9428, 4.035, 3.5867, 4.1845, 4.7823, 0, 0.7472, 10.6107, 10.1623, 1.1956, 2.2417, 2.2417, 0, 0, 1.6439, 1.1956, 0, 4.1845, 0, 8.8173, 5.2306, 9.5646, 3.1384, 1.4945, 0, 0.4483, 0.5978, 17.4852, 1.345, 11.8063, 3.1384]
    ],
    [
      [6.7145, 0, 0.9592, 2.8777, 2.478, 5.0359, 2.3981, 2.7977, 2.7178, 2.0783, 2.8777, 2.6379, 2.6379, 5.3557, 1.279, 0.2398, 3.5171, 3.8369, 3.5171, 4.5563, 4.6362, 0.0799, 0.6395, 5.9951, 7.1142, 0.6395, 1.0392, 2.478, 0.1599, 0, 1.092, 0.7194, 0.3197, 2.8777, 0.0799, 2.8777, 4.2366, 4.956, 0, 1.199, 0.0799, 0.3197, 0.6395, 10.7113, 1.0392, 9.4323, 1.199],
      [0.972, 6.68, 0.1389, 0.4166, 0.3587, 0.729, 0.3472, 0.405, 0.3934, 0.3009, 0.4166, 0.3819, 0.3819, 0.7753, 0.1852, 0.0347, 0.5092, 0.5555, 0.5092, 0.6596, 0.6712, 0, 0.0926, 0.8679, 1.0299, 0.0926, 0.1504, 0.3587, 0.0231, 0, 0.162, 0.1041, 0.0463, 0, 0.0116, 0.4166, 0.6133, 0.7175, 0, 0.1736, 0.0116, 0.0463, 0.0926, 1.5506, 0.1504, 1.3655, 0.1736],
      [33.0404, 28.7137, 4.7201, 14.1602, 12.1935, 24.7803, 11.8001, 13.7668, 13.3735, 10.2268, 14.1602, 12.9802, 12.9802, 26.3537, 6.2934, 1.18, 17.3069, 18.8802, 17.3069, 22.4203, 22.8136, 0.3933, 3.1467, 29.5004, 35.0071, 3.1467, 5.1134, 12.1935, 0.7867, 0.9697, 5.5067, 3.54, 1.5734, 14.1602, 0.3933, 14.1602, 20.8469, 24.387, 21.2403, 5.9001, 0.3933, 1.5734, 3.1467, 52.7073, 5.1134, 46.4139, 5.9001],
      [12.6302, 10.9763, 1.8043, 5.4129, 4.6611, 9.4727, 4.5108, 5.2626, 5.1122, 3.9094, 5.4129, 4.9619, 4.9619, 10.0741, 2.4058, 0.4511, 6.6158, 7.2173, 6.6158, 8.5705, 8.7209, 0.1619, 1.2029, 11.277, 13.382, 1.2029, 1.9547, 4.6611, 0.3007, 0.3007, 2.1321, 1.3532, 0.6014, 5.8295, 0.1504, 5.4129, 7.9691, 9.3223, 13.0608, 2.2554, 0.1504, 0.6014, 1.2029, 20.1482, 1.9547, 17.7424, 2.2554],
      [30.6428, 26.63, 4.3775, 13.1326, 11.3086, 22.9821, 10.9438, 12.7678, 12.403, 9.4847, 13.1326, 12.0382, 12.0382, 24.4413, 5.8367, 1.0944, 16.051, 17.5102, 16.051, 20.7933, 21.1581, 0.3648, 2.9184, 27.3596, 32.4668, 2.9184, 4.7423, 11.3086, 0.7296, 0.7296, 5.1071, 3.2832, 1.4592, 13.1326, 0.3648, 13.1326, 19.3341, 22.6173, 19.6989, 5.4719, 0.3648, 1.4592, 2.9184, 48.8825, 4.7423, 43.0458, 5.4719]
    ]
  ],
  "V_est": [
    [914.1969, 19.3698, 892.38, 222.0351, 0.0183],
    [154.6035, 198.2628, 11386.0534, 276.5344, 1092.5459],
    [118.4431, 84.0723, 152.0924, 16522.5192, 108.8729],
    [23.6836, 1085.2224, 329.1405, 724.9269, 17.0267],
    [0, 0, 186.669, 898.6376, 190.6934],
    [123.073, 24.0727, 656.6647, 256.3468, 608.8428]
  ],
  "p_est": [
    [0.4464, 0.0095, 0.4357, 0.1084, 8.9248e-06],
    [0.0118, 0.0151, 0.8686, 0.0211, 0.0833],
    [0.007, 0.0049, 0.009, 0.9727, 0.0064],
    [0.0109, 0.4978, 0.151, 0.3325, 0.0078],
    [0, 0, 0.1463, 0.7043, 0.1494],
    [0.0737, 0.0144, 0.3934, 0.1536, 0.3648]
  ],
  "EI_Z": {},
  "EI_V": 8.3218,
  "MAE_Z": {},
  "MAE_V": 206.7515,
  "MAE_p": 0.0562,
  "runtime": 2.0112
}
