{
  "X": [
    [47, 203, 254, 31, 55],
    [26, 88, 71, 12, 23],
    [20, 172, 321, 19, 20],
    [6, 38, 67, 3, 20],
    [11, 72, 125, 5, 22],
    [28, 292, 440, 44, 86],
    [7, 198, 298, 25, 44],
    [24, 290, 263, 24, 66],
    [15, 157, 156, 13, 22],
    [145, 516, 689, 32, 108],
    [21, 355, 491, 34, 80],
    [9, 411, 125, 18, 36],
    [39, 903, 509, 42, 143],
    [7, 142, 114, 13, 13],
    [17, 495, 352, 60, 69],
    [35, 1218, 472, 53, 140],
    [30, 876, 458, 30, 124],
    [39, 655, 443, 73, 121],
    [19, 328, 92, 16, 56],
    [33, 1085, 131, 26, 80],
    [1, 16, 11, 1, 8],
    [2, 40, 23, 6, 3],
    [0, 48, 18, 3, 6],
    [51, 509, 275, 30, 73],
    [22, 198, 208, 22, 41],
    [55, 398, 225, 16, 54],
    [48, 527, 284, 51, 79],
    [16, 196, 124, 5, 28],
    [10, 142, 21, 5, 7],
    [30, 333, 151, 18, 69],
    [66, 591, 488, 76, 107],
    [34, 332, 471, 44, 93],
    [15, 177, 53, 14, 23],
    [23, 353, 235, 20, 68],
    [106, 804, 864, 65, 174],
    [7, 247, 191, 0, 76],
    [98, 945, 881, 90, 207],
    [23, 211, 132, 21, 36],
    [126, 1488, 770, 83, 231],
    [47, 162, 158, 12, 42]
  ],
  "W": [
    [37, 234, 292, 27],
    [13, 59, 129, 19],
    [25, 277, 235, 15],
    [7, 62, 57, 8],
    [8, 115, 99, 13],
    [36, 405, 387, 62],
    [24, 251, 256, 41],
    [27, 230, 370, 40],
    [16, 128, 200, 19],
    [84, 599, 754, 53],
    [68, 389, 433, 91],
    [16, 104, 455, 24],
    [123, 373, 1045, 95],
    [28, 83, 160, 18],
    [88, 257, 583, 65],
    [138, 343, 1345, 92],
    [187, 255, 997, 79],
    [86, 357, 772, 116],
    [36, 81, 368, 26],
    [57, 99, 1130, 69],
    [6, 7, 22, 2],
    [1, 13, 54, 6],
    [6, 18, 48, 3],
    [26, 248, 592, 72],
    [21, 180, 255, 35],
    [16, 197, 495, 40],
    [40, 265, 633, 51],
    [14, 109, 222, 24],
    [8, 23, 146, 8],
    [33, 121, 388, 59],
    [53, 450, 732, 93],
    [72, 425, 437, 40],
    [14, 33, 214, 21],
    [54, 163, 432, 50],
    [131, 730, 1030, 122],
    [4, 177, 299, 41],
    [118, 771, 1210, 122],
    [13, 130, 257, 23],
    [131, 686, 1705, 176],
    [17, 134, 238, 32]
  ],
  "method": "mvn_cdf",
  "mvncdf_method": "genz",
  "mvncdf_samples": 5000,
  "mvncdf_error": 0.001,
  "cond_prob": [
    [
      [0, 0.18607668352, 0.68330432859, 0.039922418197, 0.090696569688],
      [0.062481078632, 0.0095232656372, 0.83228522305, 0.050045787861, 0.04566464482],
      [0.10955818347, 0.65080383031, 0.096619140443, 0.038939486089, 0.10407935969],
      [0.014386593622, 0.14266667033, 0.21297069033, 0.23858615664, 0.39138988908]
    ],
    [
      [0, 0.19845234421, 0.67643266728, 0.037005476991, 0.088109511526],
      [0.11853076654, 0.025562430073, 0.76524309772, 0.045850212768, 0.044813492897],
      [0.1439700372, 0.62653616568, 0.10093594139, 0.035860418854, 0.092697436883],
      [0.022871051365, 0.16256688305, 0.21243663795, 0.22040906387, 0.38171636376]
    ],
    [
      [0, 0.13692578985, 0.8060070805, 0.021746813917, 0.035320315733],
      [0.021754332648, 0.0092364994235, 0.93157269696, 0.02739223671, 0.010044234259],
      [0.058954064022, 0.69615094904, 0.15726500191, 0.033485084741, 0.054144900293],
      [0.0079896540886, 0.16152479268, 0.38979403206, 0.1999790113, 0.24071250987]
    ],
    [
      [0.00061114766171, 0.14859644718, 0.68155951317, 0.014804355209, 0.15442853678],
      [0.036585325328, 0.013523997257, 0.87622338401, 0.020113658553, 0.053553634851],
      [0.06450621099, 0.61944876769, 0.11245298058, 0.017976044789, 0.18561599595],
      [0.0063222211942, 0.1015946602, 0.18667671326, 0.078086016279, 0.62732038906]
    ],
    [
      [0.00020501047074, 0.16690011574, 0.73762580669, 0.0144110644, 0.080858002702],
      [0.035655059483, 0.001619682175, 0.90494583135, 0.016696661981, 0.041082765007],
      [0.068490377473, 0.69108759219, 0.11453807983, 0.015851034852, 0.11003291566],
      [0.009036977371, 0.1585279998, 0.28391946442, 0.10733406975, 0.44118148866]
    ],
    [
      [0, 0.18607292794, 0.69866765173, 0.030908032348, 0.084351387978],
      [0.024830983116, 0.0028296016678, 0.8879239381, 0.041595675565, 0.042819801552],
      [0.045463499226, 0.70934980859, 0.10442823478, 0.035169803014, 0.1055886544],
      [0.0056302844771, 0.15543564509, 0.23911359274, 0.20048949137, 0.39933098632]
    ],
    [
      [0, 0.16056938789, 0.75822475435, 0.024112951865, 0.057092905896],
      [0.0048600410795, 0.0066342161332, 0.92694245316, 0.032284507493, 0.029278782132],
      [0.022166923187, 0.72557946602, 0.13369943688, 0.033343252706, 0.085210921201],
      [0.0025706671501, 0.16421471073, 0.31495108072, 0.18980500199, 0.32845853941]
    ],
    [
      [2.0804800319e-05, 0.22431193246, 0.6632147809, 0.023836577276, 0.088615904561],
      [0.030638938977, 0.0005338316109, 0.8867841743, 0.034571173256, 0.047471881859],
      [0.04511348598, 0.74675124763, 0.086535750705, 0.024876200213, 0.09672331547],
      [0.0065123123274, 0.18807087323, 0.22786532666, 0.15502121214, 0.42253027564]
    ],
    [
      [0.00013504187262, 0.19532018927, 0.73252904725, 0.022015257774, 0.050000463841],
      [0.030270085586, 0.00071688977249, 0.91424340553, 0.030265865309, 0.024503753803],
      [0.054810649818, 0.74955580184, 0.10667948686, 0.026900790841, 0.062053270639],
      [0.0084809690184, 0.20378709011, 0.31160431394, 0.17860878672, 0.2975188402]
    ],
    [
      [0, 0.16278599558, 0.75600602655, 0.01613700439, 0.065070973477],
      [0.061596436983, 0.022460825687, 0.86412774486, 0.018642109819, 0.033172882654],
      [0.14158256454, 0.63663885395, 0.1211144341, 0.016912978147, 0.083751169262],
      [0.025480765784, 0.16691030006, 0.31250360922, 0.12689589296, 0.36820943197]
    ],
    [
      [0, 0.18354387938, 0.74046932004, 0.018394799641, 0.057592000931],
      [0.015535319585, 0.003560642841, 0.92665336462, 0.024479260501, 0.029771412456],
      [0.033577184577, 0.74752955779, 0.11873525178, 0.022411374275, 0.077746631574],
      [0.0045916457123, 0.19179810562, 0.31612707012, 0.14859995855, 0.33888321999]
    ],
    [
      [0, 0.3746177912, 0.53253630644, 0.025913787974, 0.066932114385],
      [0.027453383714, 0.0034935437117, 0.87873346703, 0.045872235402, 0.044447370138],
      [0.01326112523, 0.8725622927, 0.045408562185, 0.019150550647, 0.049617469234],
      [0.0046265047563, 0.31778931726, 0.18459344714, 0.17088193193, 0.32210879892]
    ],
    [
      [0, 0.27896566368, 0.62395824355, 0.018978020896, 0.078098071872],
      [0.026050027582, 0.0015593599531, 0.8973836885, 0.0290389161, 0.045968007865],
      [0.027539311751, 0.80827111509, 0.072720533307, 0.015705944211, 0.075763095638],
      [0.0053132519124, 0.24697122982, 0.22669539924, 0.1307523792, 0.39026773984]
    ],
    [
      [0, 0.2518991326, 0.67819010545, 0.02854640226, 0.041364359693],
      [0.02282699136, 0.0027498123051, 0.91385475889, 0.041683263647, 0.018885173796],
      [0.031254000142, 0.81360552062, 0.088595542435, 0.029694685266, 0.036850251539],
      [0.0058177607971, 0.25231703149, 0.27696918166, 0.22165778953, 0.24323823652]
    ],
    [
      [0, 0.24082741856, 0.65510225388, 0.044795624198, 0.059274703356],
      [0.017293958239, 0.0047397412553, 0.88301974683, 0.062326983227, 0.032619570446],
      [0.021155223717, 0.78832633441, 0.090801082993, 0.035591541744, 0.064125817137],
      [0.0034147277747, 0.19992031852, 0.22273685134, 0.2967704853, 0.27715761707]
    ],
    [
      [0, 0.34177365959, 0.56212773393, 0.022729778568, 0.073368827913],
      [0.027790681887, 0.0025916532601, 0.8843237463, 0.03829825449, 0.046995664066],
      [0.018599984639, 0.84984139784, 0.054231675227, 0.017007074759, 0.060319867538],
      [0.0049001823237, 0.29249584585, 0.19741004953, 0.15057036648, 0.35462355582]
    ],
    [
      [0, 0.26028582573, 0.65535780584, 0.015307944789, 0.069048423635],
      [0.022212420445, 0.001683884474, 0.91382249292, 0.02292913467, 0.039352067491],
      [0.024013560739, 0.80964956442, 0.082361837266, 0.012092394674, 0.071882642903],
      [0.00499130037, 0.24907018129, 0.25707092227, 0.11689072777, 0.3719768683]
    ],
    [
      [0, 0.26886358649, 0.61696307605, 0.037224626067, 0.076948711387],
      [0.030131187581, 0.0013587726359, 0.86884850635, 0.055157331295, 0.044504202142],
      [0.035745666197, 0.78566984925, 0.072969276111, 0.030078392888, 0.075536815552],
      [0.0055819976655, 0.2142717768, 0.20198256497, 0.23178444462, 0.34637921595]
    ],
    [
      [2.166111083e-05, 0.40425427911, 0.43871876835, 0.028420540751, 0.12858475068],
      [0.058130074702, 0.0028259910797, 0.79076205527, 0.054751452737, 0.093530426207],
      [0.038337356014, 0.83268970747, 0.024862299858, 0.018570194052, 0.085540442606],
      [0.0070206590797, 0.26108185868, 0.11557967363, 0.14262159424, 0.47369621437]
    ],
    [
      [0, 0.4872407613, 0.41815981111, 0.02124213607, 0.073357291521],
      [0.054590768387, 0.0028342676285, 0.83754980053, 0.045538105796, 0.059487057655],
      [0.023987074443, 0.91149832436, 0.013107058638, 0.0098606106658, 0.041546931893],
      [0.0071031856352, 0.39063155919, 0.13676064134, 0.13244109736, 0.33306351647]
    ],
    [
      [0.0022355887333, 0.19969422035, 0.53787843704, 0.018735031542, 0.24145672234],
      [0.024508064872, 0.012833395113, 0.8100049455, 0.027960427795, 0.12469316672],
      [0.036778675338, 0.66095336445, 0.087408000992, 0.026531847426, 0.18832811179],
      [0.0029495780271, 0.085513447075, 0.089859368724, 0.054083086404, 0.76759451977]
    ],
    [
      [3.3780336598e-05, 0.12379334793, 0.80946295617, 0.042344104004, 0.024365811563],
      [0.011646379504, 0.0071010189064, 0.92360570842, 0.048361735172, 0.0092851579975],
      [0.033824325798, 0.72188334602, 0.15188403639, 0.055957526308, 0.036450765491],
      [0.0036749488378, 0.1336987869, 0.33032081158, 0.38454115303, 0.14776429966]
    ],
    [
      [0, 0.49264085325, 0.38752510847, 0.030140929839, 0.089693108441],
      [0, 0.02753658582, 0.82779556949, 0.067774343311, 0.076893501374],
      [0, 0.9061970628, 0.0093203915642, 0.022708325881, 0.061774219759],
      [0, 0.35034577385, 0.10905010106, 0.16973886636, 0.37086525873]
    ],
    [
      [0.00013573916322, 0.3291665272, 0.57584747348, 0.022347951413, 0.072502308742],
      [0.060640989913, 0.00079150711351, 0.85911234572, 0.035664030667, 0.043791126586],
      [0.059303640396, 0.81060350319, 0.054651248452, 0.016620176311, 0.05882143165],
      [0.011802085675, 0.28289031443, 0.2029800676, 0.1490990178, 0.35322851448]
    ],
    [
      [0.00016145752771, 0.2064029307, 0.69739219875, 0.027630167094, 0.068413245934],
      [0.035896533373, 0, 0.88984044954, 0.038166851082, 0.036096166009],
      [0.059737238695, 0.73383839032, 0.094717212621, 0.030335001843, 0.08137215652],
      [0.0086353576436, 0.18676425496, 0.25801696261, 0.19469450933, 0.35188891546]
    ],
    [
      [0, 0.28169521248, 0.63254242172, 0.017161889974, 0.068600475828],
      [0.071621213324, 0.0022303645216, 0.86368972333, 0.024282926746, 0.038175772083],
      [0.081276021902, 0.77299256204, 0.070991465296, 0.012129904839, 0.062610045921],
      [0.016474753343, 0.26055441446, 0.2397917609, 0.1234342574, 0.35974481389]
    ],
    [
      [0.00016111321331, 0.31830918408, 0.55346495449, 0.044275391193, 0.083789357029],
      [0.053055434695, 0.0012024033151, 0.82547997041, 0.069060722701, 0.05120146888],
      [0.052904486157, 0.79332439935, 0.054823096465, 0.028613474301, 0.070334543729],
      [0.0087318733268, 0.23087550924, 0.16482724706, 0.25128556086, 0.34427980951]
    ],
    [
      [0.00019959837557, 0.3257233539, 0.59153381885, 0.012586535162, 0.069956693713],
      [0.047049797371, 0.0012984332742, 0.89078642487, 0.017502615569, 0.043362728913],
      [0.047894407965, 0.82900389663, 0.05962201947, 0.0030640885782, 0.060415587357],
      [0.0098424642087, 0.30247828195, 0.22444657928, 0.093157322765, 0.3700753518]
    ],
    [
      [0.00031451660443, 0.55804252285, 0.3551613994, 0.026065390392, 0.060416170755],
      [0.13277887697, 0.0054402777744, 0.75044433576, 0.06006638197, 0.051270127525],
      [0.04681429047, 0.91716081059, 0, 0.014483938353, 0.021540960591],
      [0.013585411032, 0.43813188536, 0.11231113528, 0.16191188651, 0.27405968183]
    ],
    [
      [0.00019265439268, 0.3220089241, 0.55565123527, 0.020959975075, 0.10118721115],
      [0.059073093655, 0.0006259550872, 0.84405614375, 0.033914372678, 0.062330434835],
      [0.057332653602, 0.79302815169, 0.052112771095, 0.014958652833, 0.082567770782],
      [0.010181838561, 0.24750918787, 0.17479594335, 0.12543600727, 0.44207702294]
    ],
    [
      [0.00015787820711, 0.26186806195, 0.62119230559, 0.042155764652, 0.074625989599],
      [0.04740038252, 0.0010691830212, 0.85056937077, 0.058846844491, 0.042114219199],
      [0.059851112489, 0.76178583524, 0.073460241442, 0.031900837662, 0.073001973165],
      [0.0091445804225, 0.20443687053, 0.19943757228, 0.257346788, 0.32963418876]
    ],
    [
      [0, 0.19817497802, 0.67382402842, 0.032213670678, 0.095787322889],
      [0.029513788793, 0.0029757141586, 0.87525062044, 0.044255181551, 0.048004695059],
      [0.048543992569, 0.71001414977, 0.095774376741, 0.034374875865, 0.11129260505],
      [0.0060728752575, 0.15476349039, 0.21624384081, 0.19625856997, 0.42666122357]
    ],
    [
      [0.00025082716566, 0.29864167572, 0.58977308185, 0.03870059435, 0.072633820913],
      [0.053770434566, 0, 0.84507203842, 0.05906249683, 0.042095030188],
      [0.060785390572, 0.78453241982, 0.060247048604, 0.030186553036, 0.06424858797],
      [0.010190023649, 0.23471803328, 0.18871100881, 0.24043842542, 0.32594250883]
    ],
    [
      [0, 0.22766783191, 0.67705556558, 0.018625724199, 0.076650878309],
      [0.028423179535, 0.00040120571766, 0.90292629722, 0.026493752998, 0.041755564525],
      [0.041757427203, 0.7643877124, 0.089256304621, 0.018602116173, 0.085996439603],
      [0.0065562636784, 0.20850097576, 0.2540657883, 0.13279229936, 0.3980846729]
    ],
    [
      [3.8226640566e-05, 0.21301756662, 0.69058159349, 0.02125097533, 0.075111637926],
      [0.044361909725, 0.0010362907549, 0.88607131919, 0.029137671632, 0.039392808697],
      [0.070204838244, 0.72978812985, 0.092402608702, 0.021977352846, 0.08562707036],
      [0.010654219834, 0.1939051867, 0.25841853509, 0.15007334844, 0.38694870994]
    ],
    [
      [0.00860930674, 0.26491479067, 0.582096074, 0, 0.14437982859],
      [0.019783706614, 0.014369500616, 0.88588515468, 0, 0.079961638088],
      [0.00487390442, 0.78770467806, 0.082971984162, 0, 0.12444943336],
      [0.048940226362, 0.19203025583, 0.17222731855, 0, 0.58680219925]
    ],
    [
      [0.00011535939582, 0.22733373576, 0.65785775418, 0.028202435653, 0.086490715018],
      [0.038402028695, 0.00065182830724, 0.8745513077, 0.040178640131, 0.04621619517],
      [0.055702989121, 0.73956046698, 0.084263502234, 0.027903636827, 0.092569404839],
      [0.0080148084533, 0.18691716813, 0.22241712353, 0.17976213517, 0.40288876472]
    ],
    [
      [0.00017777545228, 0.31545979248, 0.55541177208, 0.039703946493, 0.089246713497],
      [0.058764158401, 1.2406256572e-06, 0.82470067312, 0.062167276381, 0.054366651468],
      [0.058888149742, 0.78453522919, 0.053582301953, 0.027999909007, 0.074994410113],
      [0.009743210577, 0.22927423982, 0.16512642848, 0.22635331092, 0.3695028102]
    ],
    [
      [0.00011439462183, 0.34429963861, 0.54723943557, 0.023257569328, 0.085088961873],
      [0.055851829706, 0.0012547981354, 0.85031989436, 0.03863476318, 0.053938714618],
      [0.05041245864, 0.81717261726, 0.048771772353, 0.016368908155, 0.067274243591],
      [0.0097580519647, 0.2770263829, 0.18088815084, 0.1451183095, 0.38720910479]
    ],
    [
      [0, 0.17871903476, 0.72386606348, 0.018206770777, 0.07920813098],
      [0.087027014641, 0.025664892778, 0.82384760501, 0.02260276443, 0.040857723142],
      [0.14511351025, 0.63062620446, 0.11198794702, 0.019203883293, 0.093068454975],
      [0.02504264372, 0.1698013786, 0.27017395182, 0.12784969498, 0.40713233088]
    ]
  ],
  "expected_outcome": [
    [
      [0, 0, 0, 0.004278033632, 0.0016400837659, 0, 0, 0.00056172960861, 0.0021606699619, 0, 0, 0, 0, 0, 0, 0, 0, 0, 0.0007797999899, 0, 0.0134135324, 3.3780336598e-05, 0, 0.0035292182437, 0.0033906080818, 0, 0.0064445285325, 0.0027943772579, 0.0025161328354, 0.0063575949583, 0.0083675449767, 0, 0.0035115803192, 0, 0.0050076899141, 0.03443722696, 0.013612408706, 0.0023110808796, 0.01498569546, 0],
      [6.8848372903, 2.5798804747, 3.4231447462, 1.0401751303, 1.3352009259, 6.6986254059, 3.8536653093, 6.0564221765, 3.1251230282, 13.6740236288, 12.4809837981, 5.9938846593, 34.3127766327, 7.0531757128, 21.1928128334, 47.1647650231, 48.6734494121, 23.1222684382, 14.5531540479, 27.7727233938, 1.1981653221, 0.12379334793, 2.9558451195, 8.5583297072, 4.3344615446, 4.5071233997, 12.7323673631, 4.5601269546, 4.4643401828, 10.6262944954, 13.8790072835, 14.2685984171, 4.18098346, 12.2940629231, 27.9053012267, 1.0596591627, 26.8253808192, 4.1009773022, 45.103252658, 3.038223591],
      [25.2822601579, 8.7936246746, 20.1501770126, 4.7709165922, 5.9010064535, 25.1520354624, 18.1973941044, 17.9067990843, 11.7204647559, 63.5045062304, 50.351913763, 8.520580903, 76.7468639569, 18.9893229525, 57.6489983418, 77.5736272825, 122.5519096925, 53.0588245407, 15.7938756607, 23.8351092335, 3.2272706222, 0.80946295617, 2.3251506508, 14.9720343106, 14.6452361737, 10.1206787475, 22.1385981795, 8.2814734639, 2.8412911952, 18.336490764, 32.9231921962, 48.5153300461, 8.256823146, 36.5610005414, 90.4661887469, 2.328384296, 77.627214993, 7.220353037, 71.6883660592, 12.3057230792],
      [1.4771294733, 0.48107120088, 0.54367034792, 0.10363048647, 0.1152885152, 1.1126891645, 0.57871084476, 0.64358758644, 0.35224412438, 1.3555083687, 1.2508463756, 0.41462060759, 2.3342965702, 0.79929926327, 3.9420149295, 3.1367094424, 2.8625856755, 3.2013178418, 1.023139467, 1.210801756, 0.11241018925, 0.042344104004, 0.18084557903, 0.58104673674, 0.58023350897, 0.27459023958, 1.7710156477, 0.17621149227, 0.20852312314, 0.69167917749, 2.2342555266, 2.3193842888, 0.5418083209, 1.0057891068, 2.7838777683, 0, 3.327887407, 0.51615130441, 3.046741582, 0.3095151032],
      [3.3557730785, 1.1454236498, 0.88300789331, 1.0809997575, 0.64686402161, 3.0366499672, 1.3702297415, 2.3926294232, 0.80000742146, 5.4659617721, 3.9162560633, 1.0709138302, 9.6060628402, 1.1582020714, 5.2161738953, 10.124898252, 12.9120552198, 6.6175891793, 4.6290510245, 4.1813656167, 1.448740334, 0.024365811563, 0.53815865065, 1.8850600273, 1.4366781646, 1.0976076132, 3.3515742812, 0.97939371198, 0.48332936604, 3.3391779681, 3.9551774488, 6.896687248, 1.0168734928, 4.1391474287, 9.8396245683, 0.57751931435, 10.2059043721, 1.1602072755, 11.1466540053, 1.3465382267]
    ],
    [
      [14.6205723998, 6.9933152259, 6.0259501435, 2.2682901704, 4.1003318406, 10.056548162, 1.219870311, 7.0469559648, 3.874570955, 36.896265753, 6.0432393185, 2.8551519062, 9.7166602882, 1.8946402829, 4.4445472674, 9.5322038873, 5.6641672135, 10.7568339663, 4.7085360508, 5.4044860703, 0.17155645411, 0.15140293355, 0, 15.0389654985, 6.4613760072, 14.1093790248, 14.0596901942, 5.1284279134, 3.0539141702, 7.1478443322, 21.3301721341, 12.5433602372, 1.7744243407, 4.6329782643, 32.3841940996, 3.5017160706, 29.6079641241, 7.6393405921, 38.3143551782, 11.6616199619],
      [2.2284441591, 1.5081833743, 2.5585103403, 0.83848782992, 0.18626345013, 1.1459886755, 1.6651882494, 0.12278127051, 0.091761890879, 13.4540345863, 1.3850900651, 0.36332854602, 0.58164126251, 0.22823442132, 1.2181135026, 0.8889370682, 0.42939054086, 0.48508183101, 0.22890527745, 0.28059249522, 0.089833765794, 0.092313245784, 0.49565854477, 0.19629376415, 0, 0.43938181076, 0.31863687849, 0.14152922689, 0.12512638881, 0.075740565552, 0.48113235952, 1.2646785174, 0, 0.065396531979, 0.7564922511, 2.543401609, 0.50255962488, 0.00016128133544, 0.86079152091, 3.4390956323],
      [194.7547421938, 45.1493427656, 258.0456370577, 54.3258498086, 104.0687706057, 359.60919493, 232.6625557436, 203.9603600883, 117.0231559077, 517.6125191695, 360.468158836, 91.3882805716, 334.7241158103, 75.849944988, 226.9360749362, 303.3230449797, 233.0247356946, 310.1789167657, 64.0517264772, 82.9174302529, 5.6700346185, 12.0068742095, 14.9003202509, 213.0598617386, 160.1712809164, 170.1468754952, 218.7521921584, 97.0957203112, 17.2602197226, 102.1307933932, 382.756216846, 371.9815136859, 27.8873772677, 147.1769864475, 646.8320630094, 156.8016723788, 674.2790582332, 107.2110875061, 583.3194475312, 110.3955790712],
      [11.7107143595, 2.7051625533, 7.5876495685, 1.2470468303, 1.9201161278, 16.846248604, 8.1034113809, 7.9513698488, 3.8740307596, 11.1666237817, 9.5224323347, 4.7707124818, 10.8315157052, 3.4597108827, 16.0180346893, 13.1363012899, 5.8469293408, 19.6911672723, 4.4348676717, 4.5082724738, 0.19572299457, 0.62870255723, 1.2199381796, 8.8446796054, 6.8700331947, 4.783736569, 18.3010915157, 1.907785097, 1.3815267853, 4.103639094, 26.4810800209, 18.8084521592, 1.9490623954, 4.3184817387, 21.2705002911, 0, 30.9777315414, 8.0817459296, 26.5034475417, 3.0287704336],
      [10.6855268878, 2.6439960809, 2.7822528899, 3.3203253608, 4.7245179758, 17.3420196286, 7.3489743152, 10.9185328276, 3.1364804868, 19.8705567095, 11.5810794456, 4.6225264943, 17.1460669337, 1.5674694251, 8.3832296046, 16.1195127748, 10.0347772102, 15.8880001647, 7.5759645228, 5.8892187078, 0.87285216701, 0.12070705397, 1.3840830247, 10.8601993934, 6.4973098817, 7.5206271003, 13.5683892532, 4.7265374515, 1.1792129331, 7.5419826151, 18.9513986395, 20.4019954002, 1.3891359962, 6.8061570176, 28.7567503489, 14.1532099416, 35.6326864764, 7.0676646909, 37.0019582279, 5.4749349011]
    ],
    [
      [31.9909895724, 18.5721347982, 13.8542050452, 3.6768540265, 6.7805473699, 17.5943742004, 5.6747323359, 16.6919898125, 10.9621299637, 106.7532536605, 14.5389209216, 6.0338119796, 28.7785807801, 5.0006400228, 12.3334954273, 25.0169793389, 23.9415200573, 27.5956543045, 14.1081470131, 27.1053941209, 0.80913085744, 1.8265135931, 0, 35.1077551147, 15.2329958672, 40.2316308415, 33.4885397376, 10.6325585683, 6.8348864087, 22.2450695977, 43.8110143416, 21.2137247525, 13.0080735824, 18.0392085518, 72.3109833908, 1.4572974216, 67.4006168359, 15.1342544837, 85.9532419805, 34.5370154391],
      [190.0347184516, 80.823165373, 163.5954730233, 35.3085797582, 68.4176716265, 274.5183759229, 185.7483433015, 276.2979616238, 149.9111603688, 480.0256958818, 323.6802985252, 397.0158431806, 844.6433152723, 130.176883299, 459.5942529602, 1143.0366800909, 807.220615725, 606.5371236224, 306.4298123491, 1029.9931065272, 14.540974018, 38.9817006849, 43.4974590142, 479.8772738894, 187.1287895319, 382.6313182111, 502.1743447873, 184.0388650517, 133.9054783456, 307.6949228545, 557.6272313974, 310.2761834499, 167.8899378411, 330.2154917568, 751.6817737446, 235.5236987392, 894.868165044, 201.6255539006, 1393.2793124308, 150.0890366617],
      [28.2127890093, 13.0207364388, 36.9572754487, 6.4098198931, 11.3392699033, 40.413726858, 34.2270558424, 32.018227761, 21.3358973714, 91.3202833113, 51.4123640203, 20.660895794, 75.9929573054, 14.1752867896, 52.9370313849, 72.9416031808, 82.1147517537, 56.3322811575, 9.1493263476, 14.8109762607, 1.9229760218, 8.2017379649, 0.44737879508, 32.3535390835, 24.1528892184, 35.1407753213, 34.7030200621, 13.2360883223, 0, 20.219755185, 53.7728967357, 41.8534026357, 12.8928684013, 38.5587235963, 95.1746869626, 24.8086232646, 101.9588377036, 13.7706516018, 83.1558718614, 26.6531313914],
      [11.3703299381, 4.6259940322, 7.8689949141, 1.024634553, 1.5692524503, 13.6107137663, 8.5358726929, 9.204194079, 5.3801581682, 12.7523855226, 9.7041250612, 8.7135005444, 16.4127117005, 4.7511496425, 20.7498688369, 22.8745155514, 12.05611749, 23.2205193095, 6.833831411, 11.1424900524, 0.58370064337, 3.0217064206, 1.0899996423, 9.8391443759, 7.7354254699, 6.0043028954, 18.1123292326, 0.68022766435, 2.1146549995, 5.8039572993, 23.3514131684, 15.021820753, 6.4599223498, 8.0361141866, 22.6366734316, 0, 33.7634005611, 7.1959766148, 27.908988404, 4.5705242238],
      [30.3911730287, 11.9579693578, 12.7240515688, 10.5801117692, 10.89325865, 40.8628092524, 21.8139958274, 35.7876267238, 12.4106541279, 63.1483816238, 33.6642914716, 22.5759485014, 79.1724349417, 5.8960402462, 37.3853513908, 81.1302218381, 71.666994974, 58.3144216062, 31.4788828792, 46.9480330388, 4.1432184594, 1.9683413365, 2.9651625484, 34.8222875365, 20.7498999126, 30.9919727307, 44.5217661804, 13.4122603933, 3.1449802463, 32.0362950634, 53.4374443569, 48.6348684089, 13.7491978255, 37.1504619085, 88.1958824704, 37.2103805746, 112.0089798555, 19.2735633991, 114.7025853232, 22.1502922841]
    ],
    [
      [0.38843802778, 0.43454997594, 0.11984481133, 0.050577769553, 0.11748070582, 0.34907763758, 0.10539735315, 0.26049249309, 0.16113841135, 1.3504805865, 0.41783975982, 0.11103611415, 0.50475893167, 0.10471969435, 0.22195730535, 0.45081677378, 0.39431272923, 0.6475117292, 0.18253713607, 0.49011980883, 0.0058991560542, 0.022049693027, 0, 0.84975016859, 0.30223751752, 0.65899013373, 0.44532553967, 0.23621914101, 0.10868328825, 0.60072847512, 0.85044597929, 0.2429150103, 0.21399049663, 0.32781318392, 1.2998148197, 2.0065492808, 0.9778066313, 0.22409384327, 1.7174171458, 0.80136459904],
      [3.852000099, 3.088770778, 2.4228718903, 0.81275728159, 2.0608639975, 9.6370099958, 6.7328031397, 7.5228349292, 3.8719547121, 8.8462459031, 17.4536276115, 7.6269436141, 23.4622668324, 4.5417065669, 12.9948207038, 26.9096178178, 19.676544322, 24.8555261083, 6.7881283256, 26.9535775838, 0.17102689415, 0.80219272142, 1.0510373215, 20.3681026393, 6.5367489235, 10.4221765784, 11.7746509711, 7.2594787668, 3.5050550828, 14.6030420845, 19.0126289596, 6.1905396156, 4.9290786989, 10.4250487881, 23.6564327776, 7.8732404891, 22.803894512, 5.2733075159, 48.7566433903, 5.4336441151],
      [5.750208639, 4.0362961211, 5.8469104809, 1.4934137061, 3.6909530375, 14.8250427497, 12.9129943096, 9.1146130665, 5.9204819649, 16.5626912888, 28.7675633807, 4.4302427314, 21.5360629274, 4.9854452699, 14.4778953372, 18.1617245569, 20.3086028591, 23.4299775361, 3.0050715145, 9.4364842528, 0.17971873745, 1.9819248695, 0.32715030319, 14.6145648674, 9.0305936915, 9.591670436, 8.4061896, 5.3867179026, 0.89848908223, 10.3129606578, 18.5476942222, 8.6497536322, 3.9629311851, 12.7032894149, 31.5270612811, 7.0613200606, 27.1348890702, 3.7979078551, 31.8363145481, 8.6455664583],
      [6.4418262292, 4.1877722136, 2.9996851694, 0.62468813023, 1.3953429067, 12.4303484651, 7.7820050815, 6.2008484857, 3.3935669478, 6.7254823269, 13.5225962285, 4.1011663662, 12.4214760241, 3.9898402115, 19.2900815444, 13.8524737163, 9.2343674936, 26.8869955765, 3.7081614502, 9.1384357179, 0.10816617281, 2.3072469182, 0.50921659908, 10.7351292819, 6.8143078264, 4.9373702961, 12.815563604, 2.2357757464, 1.2952950921, 7.4007244292, 23.9332512841, 7.850342799, 5.0492069339, 6.639614968, 18.3089485091, 0, 21.9309804905, 5.2061261512, 25.5408224723, 4.0911902394],
      [10.5675270051, 7.2526109114, 3.610687648, 5.0185631125, 5.7353593525, 24.7585211518, 13.466800116, 16.9012110255, 5.6528579639, 19.5150998946, 30.8383730195, 7.7306111741, 37.0754352844, 4.3782882574, 18.0152451093, 32.6253671352, 29.386172596, 40.1799890498, 12.3161015736, 22.9813826367, 1.5351890395, 0.88658579795, 1.1125957762, 25.4324530428, 12.3161120411, 14.3897925557, 17.5582702852, 8.8818084432, 2.1924774546, 26.0825443534, 30.6559795548, 17.0664489429, 6.8447926855, 19.9042336451, 47.2077426124, 24.0588901694, 49.152429296, 8.4985646345, 68.1488024435, 13.0282345882]
    ]
  ],
  "prob": [
    [6.914628949e-05, 0.26445663462, 0.63339026252, 0.025315341258, 0.076768615318],
    [0.03995781429, 0.0043604198263, 0.87568205118, 0.037051293769, 0.042948420933],
    [0.049100373081, 0.78150321361, 0.07336005391, 0.021376650342, 0.074659709059],
    [0.0094152519366, 0.22638496137, 0.22253483113, 0.16869299202, 0.37297196354]
  ],
  "iterations": 121,
  "logLik": -980.6161902368,
  "time": 0.099206,
  "message": "Converged",
  "status": 0,
  "miniter": 0,
  "maxiter": 1000,
  "maxtime": 3600,
  "param_threshold": 0.001,
  "ll_threshold": "-Inf",
  "initial_prob": "group_proportional",
  "adjust_prob_cond_method": "project_lp",
  "adjust_prob_cond_every": false,
  "candidates_id": ["Green Party.p", "Labour Party.p", "National Party.p", "New Zealand First Party.p", "Other parties votes.p"],
  "group_id": ["WANG, Kenneth Xiaoxuan.c", "BLUE, Jacqueline Diane.c", "GOFF, Philip Bruce.c", "Other candidates votes.c"]
}
