{
  "Z_true": {},
  "V_true": [
    [18, 20, 1633, 498, 11],
    [1594, 441, 108, 468, 54],
    [563, 2670, 264, 357, 66],
    [554, 179, 2301, 17424, 177],
    [302, 463, 474, 582, 116],
    [175, 142, 143, 628, 132]
  ],
  "p_true": [
    [0.0083, 0.0092, 0.7491, 0.2284, 0.005],
    [0.5981, 0.1655, 0.0405, 0.1756, 0.0203],
    [0.1436, 0.6811, 0.0673, 0.0911, 0.0168],
    [0.0268, 0.0087, 0.1115, 0.8444, 0.0086],
    [0.1559, 0.239, 0.2447, 0.3005, 0.0599],
    [0.1434, 0.1164, 0.1172, 0.5148, 0.1082]
  ],
  "Z_est": [
    [
      [0.3442, 0.5069, 0.169, 0.8761, 0.4631, 0.6758, 0.9449, 1.6749, 0.7134, 0.9199, 0.8323, 0.0313, 0.1658, 0.1126, 0.3379, 0.3755, 0.1439, 0.194, 0.5319, 0.025, 0.0125, 0.5945, 0.4068, 0.108, 0.0438, 0.9011, 1.0388, 1.4594, 3.861, 0.7071, 1.8272, 0],
      [0.2291, 0.5221, 0.1765, 1.0152, 0.5634, 0.5108, 0.5597, 0.1653, 0.4883, 0.7325, 0.4921, 0, 0, 0.0977, 0.2442, 0.1578, 0.0714, 0.0939, 0.5071, 0.0038, 0.0981, 0.3644, 0.1315, 0.0263, 0, 0.7287, 0.7475, 0.8076, 3.4858, 0.3982, 1.1795, 0],
      [25.8106, 49.6126, 11.5648, 105.7081, 59.6555, 55.8133, 80.7667, 53.5736, 87.7578, 83.3477, 71.8396, 2.9687, 3.6185, 12.7897, 71.3942, 29.3853, 15.7847, 11.7121, 55.6472, 1.7874, 3.5465, 39.0412, 30.394, 2.681, 2.9562, 108.5489, 94.4737, 98.712, 602.3504, 47.3032, 104.3484, 11],
      [0.6161, 0.3584, 0.0897, 5.4006, 5.318, 0, 4.7287, 6.5862, 6.0405, 0, 3.836, 0, 0.2157, 0, 5.0237, 1.0814, 0, 0, 0.3138, 0.1839, 0.343, 0, 0.0677, 0.1846, 0, 7.8213, 1.74, 4.021, 42.3028, 6.5916, 5.6449, 0],
      [0, 0, 0, 0, 0, 0, 0, 0, 0, 0, 0, 0, 0, 0, 0, 0, 0, 0, 0, 0, 0, 0, 0, 0, 0, 0, 0, 0, 0, 0, 0, 0]
    ],
    [
      [42.743, 59.5342, 16.6119, 99.2813, 53.3693, 76.657, 110.6158, 36.4667, 81.5295, 103.5249, 94.0771, 0.9233, 1.752, 13.6568, 38.0884, 32.7956, 16.7565, 24.1176, 70.4677, 3.1711, 1.4575, 69.9426, 37.4814, 6.3605, 4.6144, 105.4559, 128.5609, 163.4918, 449.1776, 82.6387, 217.4337, 83.326],
      [0.97, 1.8814, 0.1228, 2.9865, 1.7715, 1.9668, 2.3791, 0.7216, 1.9465, 2.4618, 2.0454, 0.0068, 0, 0.3743, 0.9494, 0.6739, 0.3234, 0.446, 1.977, 0.0102, 0.0749, 1.535, 0.6366, 0.0714, 0.0341, 2.797, 3.0731, 3.4205, 12.936, 1.7222, 11.4316, 2.3444],
      [0.3539, 0.6637, 0.0183, 0.1119, 0.7027, 0.4878, 1.5772, 0.0407, 1.0693, 0.116, 0.6729, 0.001, 0.4054, 0.1767, 0.0527, 0.0366, 0.3241, 0.837, 2.2715, 0.024, 0.0334, 1.6292, 0.0417, 0.0283, 0.0051, 1.2309, 2.4642, 0.6845, 7.2226, 0.5627, 1.4161, 0.6068],
      [6.9143, 5.8957, 1.2403, 7.5797, 4.1344, 5.857, 11.428, 2.7563, 6.4211, 7.8553, 7.1663, 0.0689, 0.8426, 1.7863, 2.8941, 2.4806, 1.589, 2.5891, 13.2512, 1.7947, 3.1661, 6.8637, 2.8252, 0.5398, 0.3445, 10.5162, 18.8453, 12.4031, 39.476, 9.0416, 20.6259, 28.7228],
      [0.0188, 0.0251, 0.0066, 0.0406, 0.0221, 0.0314, 0, 0.0148, 0.0336, 0.0421, 0.0384, 0, 0, 0.0059, 0.0155, 0.0133, 0.007, 0.0103, 0.0325, 0, 0.268, 0.0295, 0.0151, 0, 0.0018, 0, 0.0565, 0, 0.1879, 0.0347, 0.0927, 0]
    ],
    [
      [7.0275, 13.859, 5.0863, 25.8952, 13.7276, 17.3498, 20.6951, 10.488, 18.2344, 24.134, 17.9573, 0.932, 0, 2.912, 8.6036, 19.9364, 3.3317, 4.6301, 6.5739, 0.3996, 0.3424, 13.9473, 12.8326, 1.5441, 1.2341, 22.6576, 25.3218, 31.2432, 103.5338, 15.4602, 38.2265, 5.9346],
      [38.1301, 99.1371, 35.6804, 171.3742, 105.8549, 100.8738, 106.4855, 31.6749, 97.9045, 146.8738, 95.8388, 6.1152, 0, 20.1726, 50.2261, 32.6162, 15.2961, 20.1515, 99.14, 0.7343, 2.4199, 76.0023, 26.3257, 4.9749, 7.6955, 139.8027, 147.8394, 156.2074, 662.859, 80.9147, 203.9839, 44.8863],
      [1.7994, 9.7793, 2.8611, 25.5243, 10.4278, 13.7475, 11.8461, 6.1785, 18.4508, 16.7241, 11.5799, 0.6852, 0, 3.9362, 9.1314, 5.2052, 5.8891, 4.3692, 8.4162, 0.23, 0.1102, 13.0496, 4.7791, 0.2349, 1.4568, 16.1023, 16.8743, 17.2136, 88.5247, 8.0982, 19.6542, 3.2699],
      [1.6388, 8.3537, 3.0749, 12.4797, 8.0835, 13.027, 4.816, 2.2685, 17.3368, 16.9274, 5.7048, 0.2676, 0, 1.8088, 3.9215, 6.83, 1.3279, 7.6023, 3.9799, 0.6361, 0.1003, 6.2891, 2.7654, 0.2341, 0.4976, 9.2922, 14.6602, 9.1301, 34.7525, 9.7538, 9.1304, 1.8729],
      [0.4042, 0.8709, 0.2974, 1.7267, 0.9062, 1.0019, 0.1572, 0.3901, 1.0735, 1.3406, 0.9193, 0, 0, 0.1703, 0.1175, 0.4123, 0.1552, 0.247, 0.89, 0, 0.0272, 0.7116, 0.2974, 0.0121, 0.1159, 0.1451, 1.3043, 0.2056, 6.3301, 0.7731, 2.0049, 0.0363]
    ],
    [
      [1.2411, 0.9409, 3.3625, 2.0166, 0.8596, 4.8415, 7.6583, 3.8393, 6.1996, 7.6058, 11.1847, 0.9894, 0.0232, 0.2091, 3.5756, 3.9395, 1.6511, 0.9686, 0.9873, 0.0465, 0.0232, 5.621, 10.8413, 1.3242, 0.7193, 6.7972, 1.9282, 23.4542, 12.8981, 7.8429, 16.9484, 1.0919],
      [9.7173, 15.5415, 5.9283, 20.7135, 19.8188, 4.5917, 12.6915, 1.4855, 4.3891, 14.4732, 5.2255, 1.3027, 0, 2.0395, 2.4263, 1.418, 0.6415, 0.8441, 11.9169, 0.0338, 0.734, 4.7765, 1.1817, 0.2363, 1.3768, 20.2415, 17.6305, 16.6389, 71.9159, 5.4086, 43.1691, 13.2058],
      [20.3142, 36.3536, 8.1453, 73.6251, 35.7437, 50.6887, 53.4351, 28.9265, 56.5096, 93.9155, 42.5861, 2.786, 1.3006, 14.3365, 52.9587, 24.6665, 16.6076, 14.5419, 45.2274, 0.98, 1.2111, 47.1656, 28.877, 0.8283, 3.3954, 65.4163, 78.4956, 61.401, 411.4919, 18.6597, 50.8269, 9.15],
      [317.1839, 686.8278, 179.5799, 970.6641, 718.7165, 669.8763, 860.2152, 317.3519, 682.4062, 958.3245, 629.1903, 41.9219, 9.6762, 186.3481, 331.0394, 205.558, 100.8596, 236.2291, 568.6984, 25.9398, 17.9498, 490.5429, 262.9539, 32.6112, 28.1767, 842.545, 786.5263, 723.5059, 4818.3103, 472.0859, 1162.4221, 274.5523],
      [3.5436, 2.3362, 0.984, 10.9807, 2.8614, 2.0018, 0, 2.3967, 5.4956, 2.6809, 1.8134, 0, 0, 0.0668, 0, 1.418, 0.2402, 1.4163, 6.17, 0, 0.0819, 2.894, 0.1462, 0, 2.3318, 0, 3.4193, 0, 24.3838, 3.003, 11.6335, 0]
    ],
    [
      [1.6086, 2.7179, 0.6775, 4.0753, 2.551, 4.2126, 5.965, 1.8621, 4.2314, 3.794, 4.6466, 0.8009, 0.059, 0.3989, 1.7504, 1.5055, 0.5068, 0.9273, 2.6777, 0.0916, 0.0853, 2.4717, 1.5343, 1.4186, 0.1391, 4.5623, 4.7102, 10.8347, 25.6929, 3.0551, 8.5836, 0.2373],
      [5.0741, 10.363, 1.2854, 14.4388, 10.3116, 15.9279, 13.5266, 5.9849, 15.3803, 11.5339, 15.964, 1.681, 0, 1.1064, 6.0019, 3.692, 1.1007, 2.7738, 9.7166, 0.1616, 0.365, 6.9524, 3.2643, 1.1312, 0.4221, 16.6819, 14.8534, 26.2293, 102.8332, 8.6881, 28.3525, 2.0771],
      [12.1483, 23.8755, 4.6458, 29.8407, 24.1223, 38.6033, 34.4305, 18.1166, 40.0016, 24.7168, 38.5856, 3.0687, 0.6755, 1.4882, 19.6066, 10.5308, 2.2611, 7.2825, 24.0579, 0.5767, 0.9978, 17.9104, 9.6865, 1.9676, 0.7966, 40.5865, 38.6177, 58.5876, 268.0081, 19.9163, 57.6404, 4.8014],
      [3.2616, 8.5702, 0.5864, 4.4309, 6.661, 23.1277, 13.9174, 5.0989, 18.6766, 3.4535, 23.8691, 1.4494, 0.2655, 0.2606, 2.1503, 1.3032, 0.3258, 2.7938, 3.5383, 0.1701, 0.1789, 2.2806, 1.1729, 1.8177, 0.1955, 14.9208, 7.7048, 27.6068, 123.0418, 7.5383, 28.5853, 0.5864],
      [4.9075, 7.4735, 1.8049, 15.2143, 7.3541, 11.1285, 6.1606, 4.9376, 11.7101, 9.5018, 10.9347, 0, 0, 0.7458, 3.4908, 2.9685, 0.8055, 2.2227, 9.0095, 0, 0.3729, 5.385, 2.342, 0.6649, 1.4467, 7.2485, 10.1139, 11.7416, 73.4239, 6.8021, 21.8383, 1.2978]
    ],
    [
      [2.0356, 3.4411, 1.0929, 7.8555, 3.0294, 4.2632, 5.121, 1.6689, 3.0917, 7.0214, 4.3021, 1.3231, 0, 0.7105, 1.6441, 1.4476, 0.61, 0.1625, 3.7615, 0.2662, 0.0789, 2.4229, 1.9037, 0.2446, 0.2492, 3.6259, 4.4402, 1.5167, 21.8366, 3.296, 8.9806, 3.4103],
      [6.8794, 11.555, 3.8067, 22.4717, 11.6798, 12.1291, 13.3577, 3.9678, 9.8912, 18.9248, 11.4342, 0.8943, 0, 2.2095, 5.1521, 3.4421, 1.567, 0.6908, 11.7423, 0.0564, 0.3082, 7.3696, 3.4603, 0.5599, 0.4715, 13.7482, 14.856, 11.6963, 73.9701, 8.8682, 25.8834, 5.4864],
      [3.5736, 5.7153, 1.7647, 14.19, 5.3481, 11.6594, 7.9445, 3.1641, 3.211, 15.1799, 6.736, 0.4903, 0, 1.2727, 3.8565, 2.1755, 1.1333, 0.2573, 6.3798, 0.402, 0.101, 3.204, 4.2217, 0.2599, 0.3899, 3.1151, 6.0744, 2.4012, 43.4023, 4.46, 12.114, 2.1718],
      [8.3854, 17.9942, 5.4287, 52.445, 13.0866, 18.112, 26.8947, 5.9383, 8.1188, 43.4392, 19.2335, 1.2923, 0, 3.7961, 4.9711, 3.7468, 1.8977, 0.7857, 20.2183, 3.2754, 0.2619, 6.0236, 6.215, 0.6125, 0.7857, 8.9045, 11.5234, 7.3331, 77.1166, 12.9888, 35.5914, 7.2655],
      [4.1259, 6.2944, 1.9071, 16.0378, 5.8561, 7.8363, 6.6822, 3.2608, 6.6873, 11.4346, 7.2942, 0, 0, 1.0112, 2.3762, 2.1879, 0.7921, 1.1037, 7.898, 0, 0.25, 3.9799, 2.1993, 0.323, 1.1037, 4.6063, 7.106, 5.0527, 45.6743, 5.3871, 16.4307, 1.6659]
    ]
  ],
  "V_est": [
    [20.9986, 14.5982, 2035.8937, 108.5096, 0],
    [2326.0806, 64.0911, 25.869, 247.915, 1.0443],
    [494.0517, 2828.1917, 356.149, 218.5638, 23.0438],
    [151.6299, 331.7143, 1450.5673, 18608.7894, 92.2991],
    [108.3853, 357.8749, 878.1518, 339.5401, 253.0479],
    [104.854, 318.5298, 176.3693, 433.682, 186.5648]
  ],
  "p_est": [
    [0.0096, 0.0067, 0.9339, 0.0498, 0],
    [0.8728, 0.024, 0.0097, 0.093, 0.0004],
    [0.126, 0.7215, 0.0909, 0.0558, 0.0059],
    [0.0073, 0.0161, 0.0703, 0.9018, 0.0045],
    [0.056, 0.1848, 0.4534, 0.1753, 0.1306],
    [0.0859, 0.2611, 0.1446, 0.3555, 0.1529]
  ],
  "EI_Z": {},
  "EI_V": 10.8471,
  "MAE_Z": {},
  "MAE_V": 235.4321,
  "MAE_p": 0.0724,
  "runtime": 0.8082
}
