{
  "Z_true": {},
  "V_true": [
    [396, 97, 2334, 11261, 773],
    [215, 2929, 361, 200, 351],
    [60, 73, 96, 494, 89],
    [11, 5, 2526, 69, 26],
    [317, 264, 208, 627, 770]
  ],
  "p_true": [
    [0.0266, 0.0065, 0.1571, 0.7578, 0.052],
    [0.053, 0.7221, 0.089, 0.0493, 0.0865],
    [0.0739, 0.0899, 0.1182, 0.6084, 0.1096],
    [0.0042, 0.0019, 0.9579, 0.0262, 0.0099],
    [0.145, 0.1208, 0.0952, 0.2868, 0.3522]
  ],
  "Z_est": [
    [
      [27.2909, 0.6886, 5.7479, 36.0119, 16.6968, 16.8288, 37.8155, 32.2689, 26.3307, 22.5961, 32.4592, 50.8982, 7.5535, 24.9425, 4.1466, 18.549, 15.371, 26.936, 17.1147, 36.6361, 16.844, 21.0231, 1.3714, 8.0257, 2.2343, 0, 8.2868, 0, 3.0349, 55.2512, 8.4738, 77.2616, 3.8331],
      [0.6452, 0.0804, 0.3605, 0.9238, 0.0508, 0.5189, 0.0259, 0.4804, 0.0524, 0, 0, 1.0652, 0, 0.0242, 0, 0, 0, 0.1655, 0, 0.0113, 0.1325, 0.1042, 0, 0.286, 0.1129, 0, 1.0817, 0.5323, 0.0229, 0.4602, 0, 3.1418, 0],
      [142.0324, 5, 33.2647, 93.4371, 45.3972, 60.4667, 157.5059, 180.2854, 108.9256, 133.8872, 150.1131, 143.2642, 81.7565, 157.854, 39.5215, 142.4428, 54.1138, 71.0126, 135.6946, 191.5367, 86.2027, 99.4306, 9.0249, 26.8415, 4.0366, 0.8202, 20.3856, 6.0663, 8.3573, 193.0638, 48.5897, 296.8983, 21.2156],
      [453.6762, 6.2309, 169.6391, 493.9055, 249.9059, 309.4969, 522.6158, 550.794, 444.2394, 393.7783, 470.4174, 475.8647, 166.7297, 445.4955, 150.8837, 392.4024, 332.9575, 416.2507, 446.2483, 568.0828, 368.3329, 366.4152, 44.3266, 180.9607, 29.2007, 5.8278, 169.0526, 13.5623, 35.4061, 1094.284, 160.1114, 1077.5508, 36.2935],
      [6.3553, 0, 4.9879, 13.7218, 4.9493, 5.6887, 8.0369, 6.1713, 6.4519, 4.7384, 10.0103, 8.9077, 1.9603, 8.6838, 2.4481, 6.6058, 6.5577, 5.6352, 5.9423, 8.7331, 4.4879, 8.0269, 1.277, 2.8861, 1.4156, 0.352, 2.1933, 0.8391, 0.1788, 19.9408, 3.8251, 26.1475, 0.6578]
    ],
    [
      [4.1213, 0.9104, 0.3179, 5.7927, 5.3846, 5.7766, 5.2811, 4.8529, 2.2462, 1.9398, 1.969, 5.3978, 1.2658, 1.481, 0.2713, 1.6357, 1.6491, 4.3278, 2.0157, 3.0603, 2.8527, 1.0696, 0.3921, 0.5791, 0.0451, 0, 0.2736, 0, 0.3082, 5.3313, 0.8082, 7.8604, 1.4822],
      [57.8966, 11.5041, 47.3496, 342.0173, 278.1132, 400.2407, 132.7976, 113.1147, 90.2101, 45.1196, 67.1574, 52.8619, 15.4449, 39.594, 10.9372, 32.5062, 110.0986, 172.127, 45.8495, 53.5536, 103.3782, 30.1713, 10.4403, 58.1951, 6.975, 5.9248, 79.0264, 7.3738, 8.9737, 325.8585, 31.6801, 220.3086, 31.3643],
      [0, 0, 0, 0, 0, 0, 0.0061, 0, 0.0006, 0, 0, 0.042, 0, 0, 0.003, 0, 0, 0, 0.0049, 0, 0.0096, 0.0026, 0.0009, 0, 0, 0.161, 0, 0, 0.0088, 0, 0.0012, 0.045, 0],
      [15.7126, 2.7077, 2.4394, 21.9297, 22.6285, 30.1858, 16.6051, 19.2365, 8.741, 7.7817, 6.2109, 9.2797, 5.5512, 6.1655, 1.8844, 7.4272, 10.0375, 18.0072, 10.3365, 10.9715, 14.2524, 4.3172, 1.1328, 4.2102, 0.1544, 0.0128, 4.5145, 0.4408, 0.8007, 27.8958, 3.4642, 25.2506, 5.3237],
      [22.2695, 0.8778, 6.8931, 61.2603, 45.8737, 58.7969, 26.3101, 23.7958, 13.8022, 10.1588, 13.6626, 14.4186, 6.7381, 12.7594, 2.9041, 13.4309, 19.2149, 26.538, 13.7935, 17.4146, 18.5071, 10.4393, 3.0338, 7.0156, 0.8255, 0.9015, 7.1855, 4.1854, 0.9086, 51.9144, 9.0463, 78.5354, 7.8298]
    ],
    [
      [0.0432, 0.0042, 0.0064, 0.0939, 0.1013, 0.091, 0.0674, 0.0527, 0.061, 0.0445, 0.0536, 0.0672, 0.0202, 0.0349, 0.0031, 0.0397, 0.0251, 0.0546, 0.0388, 0.0551, 0.0467, 0.0314, 0.0021, 0.0067, 0, 0, 0.0031, 0, 0.0025, 0.1131, 0.0138, 0.0652, 0.0081],
      [2.3889, 0.2338, 3.5428, 21.3921, 21.9761, 24.9874, 6.7902, 4.8149, 9.525, 4.0232, 7.5726, 2.8251, 1.0341, 3.5882, 0.4559, 3.2677, 7.8773, 8.7296, 4.0322, 3.7715, 6.7063, 3.404, 0.409, 2.2926, 0, 0, 5.5927, 0.926, 0.2373, 31.0145, 2.0754, 7.3178, 0.5277],
      [0.0057, 0, 0.0003, 0, 0, 0, 0.0076, 0.0067, 0.0066, 0.0049, 0.0058, 0.0061, 0, 0.004, 0.0008, 0.0038, 0, 0, 0.0085, 0.0063, 0.0068, 0.0042, 0.0003, 0, 0, 0, 0, 0, 0.0003, 0, 0.0021, 0.0072, 0],
      [17.8402, 1.7434, 5.0426, 36.5406, 47.1045, 50.0606, 23.0844, 22.3336, 25.2653, 19.2115, 19.1597, 13.4942, 10.5837, 15.4585, 2.437, 20.6244, 19.0236, 24.1656, 24.9672, 21.2022, 25.3007, 13.6256, 1.4909, 4.4818, 0, 0, 7.9991, 1.6463, 0.738, 70.0315, 6.4371, 22.5748, 2.3597],
      [0.7219, 0.0186, 0.4079, 2.9734, 2.8181, 2.861, 1.0504, 0.7921, 1.142, 0.7158, 1.2083, 0.6074, 0.3621, 0.9143, 0.1032, 1.0643, 1.074, 1.0501, 0.9533, 0.9649, 0.9395, 0.9347, 0.0975, 0.2189, 0, 0, 0.4051, 0.4277, 0.022, 3.8409, 0.4716, 2.0351, 0.1045]
    ],
    [
      [0.116, 0, 0.0107, 0.0905, 0.0225, 0.022, 0.1589, 0.1295, 0.1746, 0.109, 0.2089, 0, 0.0201, 0.156, 0, 0.0816, 0.0453, 0.0583, 0.0407, 0.2195, 0.0967, 0.1416, 0.0008, 0.0333, 0.0023, 0, 0.016, 0, 0.0259, 0.401, 0.1644, 0.2825, 0.0065],
      [0.0176, 0, 0.0132, 0.0044, 0.0001, 0.0008, 0.0007, 0.0118, 0.002, 0, 0, 0, 0, 0.0014, 0, 0, 0, 0.0005, 0, 0.0006, 0.0043, 0.0048, 0, 0.0029, 0.0001, 0, 0.0022, 0.0177, 0.0026, 0.0168, 0, 0.0968, 0],
      [101.8866, 0, 39.7326, 42.5629, 11.6028, 14.5333, 119.403, 118.6469, 113.0208, 101.0642, 153.8288, 142.6019, 48.2435, 154.1081, 66.4011, 135.5203, 29.8862, 27.9874, 85.2225, 184.3882, 83.7221, 103.5373, 0.972, 21.1585, 0.9634, 0, 8.6144, 3.9337, 15.6122, 251.9362, 124.3869, 253.9332, 15.7844],
      [1.9621, 0, 1.2119, 1.3267, 0.3718, 0.441, 2.4183, 2.2089, 2.7937, 1.8217, 2.926, 3.2907, 0.7292, 2.7132, 1.548, 2.3858, 1.0588, 0.9498, 1.7219, 3.3615, 2.1678, 2.3083, 0.0268, 0.8004, 0.0335, 0, 0.3664, 0.0486, 0.3593, 8.581, 2.4316, 5.6875, 0.1987],
      [0.0176, 0, 0.0316, 0.0156, 0.0028, 0.0029, 0.0191, 0.0029, 0.0089, 0.0052, 0.0363, 0.1073, 0.0072, 0.0212, 0.0509, 0.0123, 0.0096, 0.0041, 0.0149, 0.0303, 0.0091, 0.008, 0.0003, 0.0049, 0.0007, 0, 0.0011, 0, 0, 0.0649, 0.017, 0, 0.0104]
    ],
    [
      [11.4285, 1.3968, 1.9172, 19.011, 19.7948, 17.2817, 13.6771, 8.696, 8.1874, 6.3106, 9.3093, 18.6368, 3.1404, 5.3855, 1.579, 4.6939, 6.9094, 8.6234, 6.7901, 12.029, 8.1599, 3.7343, 0.2335, 2.3552, 0.7184, 0, 3.4205, 0, 2.6285, 17.9033, 2.5399, 19.5303, 5.6701],
      [2.0516, 0.1816, 2.7338, 12.6624, 11.8598, 13.2522, 4.3856, 2.5781, 4.2105, 1.8572, 4.27, 2.2478, 0.521, 1.7921, 0.6069, 1.2261, 5.0241, 3.9774, 2.1183, 2.6631, 3.7788, 1.3157, 0.1507, 2.2234, 0.9121, 0.0752, 4.297, 0.1502, 0.7635, 12.65, 1.2445, 7.135, 1.108],
      [0.0753, 0, 0.0024, 0, 0, 0, 0.0774, 0.061, 0.0465, 0.0437, 0.0524, 0.0858, 0, 0.0339, 0.0735, 0.0332, 0, 0, 0.0695, 0.0689, 0.0588, 0.0253, 0.0019, 0, 0, 0.0188, 0, 0, 0.0214, 0, 0.02, 0.1164, 0],
      [29.8089, 2.318, 7.667, 42.2976, 49.9893, 51.8157, 29.2765, 23.427, 21.9605, 17.4068, 21.2859, 21.0706, 10.4062, 15.1672, 7.2469, 15.1601, 23.9226, 21.6267, 25.7261, 29.3819, 27.9461, 10.3336, 1.0228, 8.5469, 1.6114, 0.1594, 12.0674, 0.302, 4.696, 56.2077, 7.5556, 42.9363, 9.8243],
      [39.6357, 1.1036, 20.6795, 112.029, 97.3561, 96.6505, 43.5835, 27.2378, 32.595, 21.3817, 44.0825, 30.959, 11.9324, 29.6213, 10.4937, 25.8867, 44.1439, 30.7725, 32.2961, 43.8571, 34.0563, 23.5911, 2.5913, 13.8744, 7.7582, 0.7465, 20.2151, 3.5478, 4.8906, 100.239, 18.6399, 126.282, 14.3976]
    ]
  ],
  "V_est": [
    [662.5228, 10.279, 2948.4449, 11040.9394, 198.8139],
    [80.6993, 3038.1642, 0.2857, 325.6098, 611.241],
    [1.2507, 203.332, 0.0879, 576.0286, 31.3009],
    [2.8352, 0.2012, 2575.1954, 58.2512, 0.517],
    [251.6921, 116.0236, 0.9862, 650.171, 1167.1273]
  ],
  "p_est": [
    [0.0446, 0.0007, 0.1984, 0.7429, 0.0134],
    [0.0199, 0.7491, 0.0001, 0.0803, 0.1507],
    [0.0015, 0.2504, 0.0001, 0.7094, 0.0385],
    [0.0011, 0.0001, 0.9766, 0.0221, 0.0002],
    [0.1151, 0.0531, 0.0005, 0.2974, 0.5339]
  ],
  "EI_Z": {},
  "EI_V": 8.3815,
  "MAE_Z": {},
  "MAE_V": 164.627,
  "MAE_p": 0.0523,
  "runtime": 0.061
}
