{
  "X": [
    [5, 9, 11, 0],
    [3, 5, 4, 0],
    [2, 4, 1, 1],
    [7, 11, 16, 0],
    [1, 4, 2, 0],
    [1, 2, 9, 0],
    [0, 3, 7, 0],
    [1, 8, 13, 1],
    [9, 18, 31, 4],
    [2, 15, 24, 3],
    [8, 7, 11, 3],
    [4, 5, 23, 1],
    [17, 20, 25, 0],
    [1, 5, 13, 0],
    [4, 8, 14, 0],
    [3, 1, 10, 0],
    [3, 8, 21, 0],
    [32, 38, 75, 5],
    [0, 2, 6, 1],
    [1, 1, 5, 0],
    [0, 1, 11, 0],
    [0, 2, 10, 3],
    [2, 2, 6, 0],
    [0, 4, 3, 0],
    [0, 4, 20, 1],
    [3, 5, 10, 2],
    [5, 15, 32, 0],
    [3, 7, 3, 1],
    [1, 2, 2, 1],
    [2, 3, 17, 0],
    [3, 5, 11, 0],
    [2, 1, 14, 1],
    [4, 10, 37, 1],
    [3, 25, 34, 1],
    [1, 11, 10, 0],
    [1, 5, 12, 2],
    [9, 24, 41, 2],
    [6, 13, 14, 1],
    [0, 7, 19, 0],
    [0, 1, 6, 0],
    [1, 4, 6, 0],
    [2, 4, 8, 0],
    [0, 4, 13, 0],
    [5, 20, 22, 2],
    [0, 4, 2, 0],
    [1, 5, 9, 1],
    [4, 0, 15, 3],
    [3, 10, 13, 1],
    [15, 20, 66, 3],
    [13, 15, 35, 2],
    [15, 12, 44, 1],
    [11, 4, 17, 0],
    [9, 20, 41, 3],
    [39, 37, 150, 5],
    [20, 13, 58, 3],
    [11, 8, 39, 1],
    [15, 21, 81, 1],
    [48, 22, 167, 4],
    [13, 23, 77, 4],
    [10, 10, 25, 0],
    [3, 7, 20, 2],
    [6, 9, 24, 0],
    [5, 7, 36, 2],
    [13, 14, 37, 3],
    [7, 16, 31, 2],
    [31, 22, 53, 1],
    [4, 8, 20, 0],
    [6, 21, 29, 0],
    [0, 4, 13, 0],
    [14, 19, 53, 3],
    [7, 2, 17, 0],
    [6, 7, 35, 1],
    [21, 29, 79, 4],
    [19, 28, 81, 1],
    [10, 13, 29, 1],
    [13, 14, 45, 4],
    [11, 15, 64, 4],
    [45, 44, 173, 13],
    [20, 30, 97, 6],
    [9, 8, 20, 1],
    [5, 15, 54, 1],
    [12, 14, 44, 4],
    [4, 20, 28, 1],
    [6, 17, 68, 2],
    [13, 13, 32, 1],
    [23, 31, 127, 11],
    [10, 8, 36, 2],
    [24, 18, 92, 2],
    [21, 29, 101, 4],
    [17, 30, 82, 3],
    [7, 10, 40, 2],
    [4, 10, 15, 0],
    [5, 7, 12, 1],
    [2, 9, 39, 4],
    [17, 13, 51, 1],
    [8, 12, 61, 0],
    [21, 35, 66, 8],
    [8, 8, 27, 4],
    [7, 13, 47, 1],
    [1, 6, 2, 0],
    [0, 4, 6, 0],
    [1, 16, 16, 2],
    [2, 5, 8, 3],
    [0, 2, 5, 0],
    [3, 5, 5, 1],
    [1, 3, 4, 0],
    [2, 8, 4, 0],
    [4, 9, 5, 0],
    [1, 8, 3, 1],
    [2, 6, 3, 0],
    [1, 2, 4, 1],
    [5, 10, 14, 0],
    [1, 1, 7, 0],
    [6, 10, 14, 0],
    [1, 5, 13, 1],
    [4, 17, 21, 4],
    [11, 29, 44, 5],
    [33, 52, 155, 20],
    [9, 15, 25, 0],
    [4, 18, 26, 2],
    [2, 3, 5, 0],
    [2, 10, 11, 0],
    [2, 7, 8, 1],
    [2, 2, 6, 0],
    [6, 14, 29, 3],
    [7, 13, 20, 3],
    [2, 5, 12, 1],
    [4, 17, 44, 7],
    [1, 8, 6, 0],
    [2, 1, 6, 0],
    [7, 11, 15, 1],
    [1, 5, 13, 4],
    [4, 7, 12, 1],
    [4, 16, 36, 2],
    [1, 8, 1, 1],
    [0, 4, 5, 1],
    [3, 8, 7, 0],
    [21, 32, 73, 1],
    [3, 3, 6, 1],
    [2, 15, 10, 0],
    [26, 14, 43, 2],
    [23, 40, 100, 6],
    [35, 52, 146, 4],
    [8, 17, 22, 1],
    [15, 17, 56, 3],
    [12, 15, 39, 5],
    [7, 14, 38, 3],
    [4, 9, 25, 0],
    [17, 17, 60, 3],
    [14, 31, 71, 0],
    [19, 50, 71, 4],
    [12, 8, 53, 1],
    [16, 23, 81, 5],
    [8, 17, 31, 2],
    [14, 15, 25, 5],
    [21, 25, 84, 4],
    [3, 4, 7, 0],
    [8, 7, 26, 0],
    [27, 11, 42, 2],
    [18, 44, 60, 7],
    [0, 1, 6, 0],
    [3, 3, 2, 0],
    [0, 5, 9, 1],
    [4, 6, 12, 2],
    [64, 24, 64, 3],
    [1, 3, 10, 1],
    [1, 4, 5, 2],
    [0, 3, 4, 0],
    [1, 1, 10, 2],
    [5, 22, 34, 5],
    [18, 29, 27, 2],
    [9, 11, 26, 3],
    [4, 19, 16, 1],
    [9, 16, 26, 4],
    [3, 9, 9, 1],
    [0, 3, 5, 0],
    [0, 6, 7, 0],
    [2, 5, 8, 0],
    [0, 0, 5, 1],
    [7, 8, 51, 2],
    [3, 3, 4, 3],
    [1, 5, 20, 2],
    [1, 9, 2, 0],
    [2, 11, 9, 0],
    [0, 7, 16, 3],
    [0, 5, 5, 1],
    [5, 22, 28, 3],
    [3, 11, 15, 1],
    [1, 5, 3, 0],
    [0, 2, 5, 0],
    [3, 4, 16, 2],
    [1, 3, 6, 1],
    [13, 21, 68, 0],
    [4, 7, 28, 0],
    [12, 8, 88, 2],
    [21, 23, 195, 12],
    [1, 7, 23, 0],
    [6, 8, 29, 1],
    [1, 0, 3, 2],
    [1, 7, 6, 1],
    [2, 12, 6, 0],
    [4, 7, 9, 0],
    [2, 8, 18, 4],
    [3, 24, 38, 9],
    [8, 9, 30, 3],
    [1, 2, 6, 1],
    [5, 2, 31, 4],
    [9, 11, 36, 3],
    [11, 9, 42, 5],
    [5, 11, 24, 0],
    [1, 7, 9, 0],
    [0, 2, 4, 1],
    [2, 2, 11, 0],
    [20, 37, 167, 6],
    [38, 29, 209, 7],
    [26, 16, 125, 8],
    [0, 1, 4, 1],
    [2, 5, 3, 1],
    [0, 2, 10, 0],
    [2, 3, 8, 0],
    [0, 7, 23, 3],
    [7, 5, 19, 3],
    [1, 8, 10, 0],
    [1, 2, 10, 0],
    [0, 1, 3, 2],
    [4, 5, 9, 0],
    [1, 2, 4, 0],
    [3, 8, 10, 3],
    [3, 6, 40, 0],
    [4, 10, 16, 1],
    [2, 11, 48, 6],
    [4, 12, 26, 4],
    [3, 4, 4, 1],
    [10, 12, 58, 4],
    [14, 26, 99, 5],
    [3, 4, 1, 0],
    [23, 22, 70, 8],
    [5, 0, 7, 1],
    [3, 2, 2, 1],
    [0, 5, 1, 1],
    [1, 4, 5, 0],
    [11, 52, 68, 11],
    [858, 1061, 3042, 162],
    [161, 171, 510, 31],
    [289, 415, 1028, 82],
    [31, 40, 95, 3]
  ],
  "W": [
    [8, 1, 4, 0, 4, 8, 0],
    [4, 2, 3, 2, 1, 0, 0],
    [1, 2, 1, 1, 2, 0, 1],
    [11, 2, 8, 2, 1, 6, 4],
    [0, 0, 2, 0, 1, 4, 0],
    [1, 1, 5, 0, 1, 3, 1],
    [4, 0, 4, 1, 0, 1, 0],
    [1, 0, 10, 2, 3, 6, 1],
    [8, 7, 19, 9, 7, 9, 3],
    [1, 1, 20, 6, 10, 6, 0],
    [3, 6, 7, 5, 2, 5, 1],
    [1, 2, 18, 4, 0, 6, 2],
    [9, 10, 13, 18, 2, 9, 1],
    [3, 1, 8, 3, 2, 2, 0],
    [2, 2, 9, 3, 4, 6, 0],
    [2, 0, 7, 2, 1, 2, 0],
    [5, 2, 11, 5, 2, 6, 1],
    [14, 17, 66, 14, 10, 21, 8],
    [3, 0, 2, 2, 1, 0, 1],
    [0, 3, 3, 0, 0, 1, 0],
    [1, 0, 8, 0, 2, 0, 1],
    [5, 0, 4, 1, 1, 3, 1],
    [0, 0, 3, 0, 3, 3, 1],
    [1, 0, 1, 3, 1, 1, 0],
    [2, 0, 17, 1, 3, 0, 2],
    [0, 2, 9, 3, 2, 2, 2],
    [4, 1, 28, 8, 4, 5, 2],
    [4, 1, 1, 4, 1, 2, 1],
    [3, 0, 2, 0, 0, 1, 0],
    [4, 2, 10, 1, 2, 2, 1],
    [2, 0, 8, 1, 5, 3, 0],
    [4, 1, 5, 0, 3, 4, 1],
    [6, 4, 23, 4, 6, 9, 0],
    [5, 2, 25, 13, 8, 9, 1],
    [3, 1, 6, 5, 1, 5, 1],
    [1, 0, 8, 1, 3, 6, 1],
    [3, 7, 38, 5, 5, 14, 4],
    [3, 6, 7, 2, 6, 7, 3],
    [1, 2, 9, 4, 4, 6, 0],
    [0, 0, 6, 0, 1, 0, 0],
    [3, 0, 3, 2, 1, 1, 1],
    [0, 0, 8, 1, 1, 3, 1],
    [0, 0, 9, 1, 4, 2, 1],
    [16, 1, 8, 5, 8, 11, 0],
    [0, 0, 1, 1, 3, 1, 0],
    [1, 1, 6, 0, 4, 3, 1],
    [3, 1, 5, 0, 2, 8, 3],
    [1, 1, 5, 2, 8, 9, 1],
    [10, 5, 46, 23, 6, 12, 2],
    [12, 2, 18, 8, 8, 14, 3],
    [9, 9, 34, 8, 4, 4, 4],
    [6, 2, 12, 3, 4, 4, 1],
    [10, 6, 31, 10, 6, 5, 5],
    [21, 20, 128, 30, 6, 16, 10],
    [4, 12, 53, 9, 4, 3, 9],
    [7, 4, 32, 3, 2, 11, 0],
    [6, 6, 90, 8, 3, 4, 1],
    [16, 20, 143, 18, 7, 21, 16],
    [8, 9, 61, 14, 6, 15, 4],
    [11, 4, 17, 3, 3, 5, 2],
    [5, 0, 9, 6, 9, 3, 0],
    [3, 1, 14, 8, 5, 8, 0],
    [8, 3, 29, 3, 3, 1, 3],
    [6, 7, 24, 7, 6, 10, 7],
    [14, 2, 21, 9, 4, 6, 0],
    [17, 12, 46, 15, 7, 8, 2],
    [0, 3, 13, 5, 3, 5, 3],
    [3, 2, 21, 6, 14, 10, 0],
    [4, 1, 4, 1, 2, 4, 1],
    [9, 7, 35, 16, 7, 13, 2],
    [8, 2, 11, 1, 3, 0, 1],
    [1, 3, 25, 8, 2, 7, 3],
    [12, 7, 64, 21, 12, 13, 4],
    [12, 8, 65, 14, 13, 12, 5],
    [7, 3, 23, 7, 5, 4, 4],
    [8, 9, 35, 10, 2, 7, 5],
    [9, 9, 47, 13, 4, 11, 1],
    [18, 23, 152, 21, 14, 34, 13],
    [13, 6, 78, 13, 6, 26, 11],
    [3, 6, 12, 7, 0, 7, 3],
    [7, 2, 40, 10, 4, 10, 2],
    [8, 2, 40, 8, 5, 6, 5],
    [3, 2, 18, 12, 5, 8, 5],
    [11, 3, 47, 8, 3, 15, 6],
    [7, 1, 30, 9, 4, 5, 3],
    [12, 9, 117, 23, 4, 23, 4],
    [10, 6, 27, 2, 3, 4, 4],
    [7, 6, 97, 9, 2, 13, 2],
    [19, 5, 92, 15, 5, 13, 6],
    [9, 11, 69, 15, 12, 11, 5],
    [7, 1, 26, 7, 2, 14, 2],
    [1, 1, 7, 6, 5, 8, 1],
    [5, 0, 9, 4, 7, 0, 0],
    [5, 2, 29, 4, 1, 8, 5],
    [8, 7, 43, 8, 4, 9, 3],
    [12, 4, 39, 7, 7, 10, 2],
    [8, 5, 29, 25, 13, 41, 9],
    [6, 3, 25, 3, 2, 5, 3],
    [7, 5, 32, 14, 5, 4, 1],
    [0, 0, 2, 2, 5, 0, 0],
    [1, 0, 3, 1, 1, 4, 0],
    [5, 1, 7, 4, 11, 4, 3],
    [0, 4, 3, 1, 4, 5, 1],
    [1, 0, 2, 0, 2, 2, 0],
    [4, 0, 5, 1, 1, 3, 0],
    [0, 0, 2, 2, 1, 2, 1],
    [2, 1, 2, 3, 3, 3, 0],
    [1, 3, 1, 7, 3, 2, 1],
    [0, 1, 7, 2, 1, 1, 1],
    [0, 1, 2, 1, 2, 5, 0],
    [1, 0, 4, 1, 0, 2, 0],
    [10, 2, 7, 3, 4, 2, 1],
    [1, 0, 2, 0, 0, 5, 1],
    [3, 2, 14, 3, 2, 4, 2],
    [3, 1, 7, 2, 2, 4, 1],
    [2, 2, 18, 4, 9, 7, 4],
    [9, 6, 28, 12, 13, 16, 5],
    [13, 22, 135, 34, 7, 38, 11],
    [8, 3, 19, 1, 6, 12, 0],
    [5, 1, 22, 2, 8, 9, 3],
    [0, 2, 1, 1, 1, 5, 0],
    [3, 1, 6, 4, 7, 1, 1],
    [1, 1, 3, 2, 5, 3, 3],
    [0, 2, 3, 1, 2, 1, 1],
    [2, 3, 20, 10, 6, 11, 0],
    [2, 2, 20, 4, 3, 12, 0],
    [0, 1, 8, 3, 2, 3, 3],
    [11, 2, 17, 7, 8, 24, 3],
    [1, 1, 3, 0, 8, 2, 0],
    [0, 1, 3, 1, 0, 4, 0],
    [1, 5, 14, 5, 3, 5, 1],
    [0, 1, 12, 3, 2, 3, 2],
    [1, 3, 9, 4, 3, 4, 0],
    [3, 2, 21, 4, 13, 12, 3],
    [0, 0, 0, 5, 5, 1, 0],
    [0, 0, 3, 0, 3, 2, 2],
    [1, 2, 5, 2, 3, 4, 1],
    [9, 6, 68, 13, 11, 14, 6],
    [3, 0, 5, 0, 0, 3, 2],
    [3, 2, 3, 3, 10, 5, 1],
    [5, 18, 42, 6, 0, 11, 3],
    [10, 11, 88, 16, 14, 23, 7],
    [13, 15, 127, 29, 12, 32, 9],
    [5, 6, 19, 9, 5, 4, 0],
    [10, 8, 33, 10, 5, 20, 5],
    [8, 2, 34, 6, 5, 10, 6],
    [6, 4, 28, 6, 4, 13, 1],
    [4, 2, 16, 4, 5, 5, 2],
    [6, 10, 49, 4, 7, 19, 2],
    [14, 7, 54, 7, 10, 21, 3],
    [16, 9, 56, 21, 12, 27, 3],
    [3, 7, 38, 7, 4, 12, 3],
    [2, 10, 72, 10, 7, 21, 3],
    [9, 5, 15, 11, 7, 8, 3],
    [6, 6, 24, 9, 3, 8, 3],
    [5, 11, 75, 8, 9, 18, 8],
    [1, 0, 5, 2, 3, 2, 1],
    [5, 0, 16, 7, 7, 4, 2],
    [9, 11, 26, 16, 4, 13, 3],
    [10, 12, 47, 19, 12, 23, 6],
    [0, 0, 5, 0, 0, 2, 0],
    [2, 1, 1, 0, 4, 0, 0],
    [3, 0, 5, 1, 3, 2, 1],
    [4, 0, 7, 4, 1, 7, 1],
    [40, 15, 52, 17, 10, 14, 7],
    [1, 1, 7, 2, 2, 1, 1],
    [1, 0, 2, 0, 5, 2, 2],
    [0, 0, 4, 2, 1, 0, 0],
    [1, 1, 5, 2, 0, 2, 3],
    [3, 3, 18, 13, 7, 17, 5],
    [6, 12, 21, 19, 6, 10, 2],
    [7, 4, 22, 2, 3, 6, 5],
    [0, 4, 15, 8, 5, 8, 0],
    [7, 3, 18, 11, 7, 4, 5],
    [2, 2, 8, 1, 6, 3, 0],
    [1, 0, 2, 1, 1, 2, 1],
    [2, 0, 5, 3, 0, 3, 0],
    [1, 0, 5, 0, 1, 6, 2],
    [0, 0, 4, 0, 1, 1, 0],
    [3, 3, 39, 5, 4, 10, 4],
    [2, 2, 3, 0, 2, 4, 0],
    [2, 0, 12, 3, 7, 2, 2],
    [3, 0, 2, 0, 6, 1, 0],
    [2, 0, 4, 3, 6, 7, 0],
    [4, 1, 12, 3, 3, 3, 0],
    [1, 1, 4, 1, 3, 0, 1],
    [4, 4, 20, 6, 3, 18, 3],
    [6, 0, 13, 3, 3, 4, 1],
    [1, 0, 4, 0, 2, 2, 0],
    [0, 0, 2, 0, 4, 1, 0],
    [4, 1, 10, 5, 0, 1, 4],
    [3, 0, 3, 1, 1, 2, 1],
    [4, 8, 57, 9, 2, 19, 3],
    [4, 1, 19, 5, 2, 8, 0],
    [6, 4, 78, 6, 2, 9, 5],
    [18, 13, 157, 30, 4, 19, 10],
    [2, 0, 19, 0, 2, 7, 1],
    [2, 2, 20, 8, 1, 10, 1],
    [0, 1, 3, 0, 1, 0, 1],
    [6, 0, 3, 1, 4, 1, 0],
    [2, 0, 2, 4, 6, 5, 1],
    [1, 2, 7, 1, 6, 2, 1],
    [2, 2, 19, 3, 3, 2, 1],
    [3, 2, 33, 11, 10, 11, 4],
    [3, 0, 24, 2, 9, 7, 5],
    [0, 1, 4, 1, 0, 4, 0],
    [0, 7, 21, 7, 1, 4, 2],
    [6, 8, 19, 5, 3, 15, 3],
    [5, 7, 32, 7, 0, 12, 4],
    [5, 4, 15, 2, 3, 9, 2],
    [2, 0, 6, 3, 4, 2, 0],
    [0, 0, 2, 1, 2, 2, 0],
    [3, 2, 9, 0, 0, 0, 1],
    [13, 15, 137, 22, 9, 24, 10],
    [21, 22, 186, 21, 7, 16, 10],
    [8, 13, 100, 11, 9, 27, 7],
    [0, 0, 2, 0, 2, 2, 0],
    [2, 1, 4, 1, 2, 1, 0],
    [0, 0, 6, 0, 0, 5, 1],
    [0, 1, 8, 1, 1, 1, 1],
    [2, 0, 16, 6, 5, 4, 0],
    [2, 4, 13, 4, 2, 6, 3],
    [1, 1, 8, 2, 4, 1, 2],
    [3, 0, 8, 1, 0, 1, 0],
    [0, 0, 0, 0, 3, 2, 1],
    [0, 2, 4, 4, 2, 6, 0],
    [0, 0, 0, 0, 3, 4, 0],
    [1, 1, 4, 5, 9, 3, 1],
    [1, 2, 28, 6, 1, 8, 3],
    [2, 2, 12, 7, 3, 4, 1],
    [5, 3, 22, 6, 10, 18, 3],
    [1, 2, 20, 5, 5, 11, 2],
    [2, 0, 1, 3, 2, 3, 1],
    [4, 3, 45, 12, 2, 11, 7],
    [13, 3, 71, 11, 5, 35, 6],
    [1, 0, 2, 0, 3, 1, 1],
    [3, 13, 75, 20, 3, 6, 3],
    [0, 3, 4, 3, 1, 1, 1],
    [1, 1, 0, 0, 1, 5, 0],
    [0, 0, 1, 1, 1, 4, 0],
    [0, 0, 1, 2, 2, 2, 3],
    [22, 6, 37, 14, 30, 27, 6],
    [511, 500, 2296, 679, 325, 621, 191],
    [88, 100, 443, 101, 37, 69, 35],
    [203, 165, 831, 198, 132, 216, 69],
    [28, 18, 68, 28, 8, 15, 4]
  ],
  "method": "mvn_cdf",
  "mvncdf_method": "genz",
  "mvncdf_samples": 5000,
  "mvncdf_error": 1e-06,
  "cond_prob": [
    [
      [0.34234495574, 0.29801217749, 0.35964286676, 0],
      [0.83871358005, 0.084774637079, 0.076511782871, 0],
      [0.052151765762, 0.064912518287, 0.88293571595, 0],
      [0.15256362112, 0.538727883, 0.30507923943, 0.0036292564532],
      [0.056599670525, 0.77169456522, 0.17170576425, 0],
      [0.12344012861, 0.39808745112, 0.47847242027, 0],
      [0.34608804646, 0.12574520899, 0.47211705123, 0.056049693321]
    ],
    [
      [0.25958519304, 0.49188011368, 0.24853469328, 0],
      [0.78343173303, 0.15181296524, 0.064755301733, 0],
      [0.062849083785, 0.10260930538, 0.83454161084, 0],
      [0.089921446933, 0.75738170502, 0.15269684805, 0],
      [0.026405616557, 0.90626228864, 0.067332094805, 0],
      [0.065562133184, 0.64191222744, 0.2894829277, 0.0030427116784],
      [0.3132072114, 0.26357779433, 0.41790671166, 0.0053082826079]
    ],
    [
      [0.19918760784, 0.69758158713, 0.10323080503, 0],
      [0.68225922022, 0.030728437683, 0, 0.2870123421],
      [0.028619659267, 0.19017206606, 0.78120827467, 0],
      [0.033790875155, 0.8713349688, 0.094874156049, 0],
      [0.016178337433, 0.97347828044, 0.010343382123, 0],
      [0.021941576179, 0.73693419851, 0.24112414637, 7.8946347486e-08],
      [0.34152674243, 0.23249794176, 0, 0.42597531581]
    ],
    [
      [0.26250605635, 0.38985487064, 0.34763907301, 0],
      [0.76788318811, 0.14027359341, 0.091843218478, 0],
      [0.043776603104, 0.083599350322, 0.87262404657, 0],
      [0.10871942554, 0.64059861478, 0.25068195968, 0],
      [0.038528741859, 0.83226241641, 0.12920884173, 0],
      [0.0939106427, 0.49042502162, 0.41566433568, 0],
      [0.35175568248, 0.17656116446, 0.47168315305, 0]
    ],
    [
      [0.48310760309, 0.51604303915, 4.8826874196e-20, 0.00084935775519],
      [0.968830838, 0.02534751786, 0.0055422676171, 0.00027937651851],
      [0.28685627313, 0.58471099967, 0.1284327272, 0],
      [0.089273904856, 0.90988436743, 1.4551717476e-20, 0.00084172771042],
      [0.021331481304, 0.88518423807, 0.093484280628, 0],
      [0.10123899311, 0.48634844065, 0.41241256624, 0],
      [0.58255289915, 0.22756475766, 0.18707424262, 0.0028081005607]
    ],
    [
      [0.10890098979, 0.20191584767, 0.68918316254, 0],
      [0.65817239471, 0.10888587599, 0.23294172931, 0],
      [0, 0.055142523279, 0.94485747672, 0],
      [0.050301324343, 0.3741182317, 0.57328289902, 0.0022975449355],
      [0.021762653076, 0.64674242954, 0.33149491739, 0],
      [0.029730726448, 0.22986095033, 0.74040832322, 0],
      [0.12197178309, 0.077160379428, 0.80086783749, 0]
    ],
    [
      [0, 0.44293114219, 0.55706885781, 0],
      [0.51341591043, 0.23882025735, 0.24730611139, 0.00045772082356],
      [0, 0.039104015875, 0.96089598413, 0],
      [0, 0.64346432169, 0.35653567831, 0],
      [0.008025630179, 0.82656853998, 0.16523043383, 0.00017539601414],
      [0, 0.42839504606, 0.57160495394, 0],
      [0.2489371405, 0.096637473284, 0.42348721915, 0.23093816707]
    ],
    [
      [0.16226904517, 0.4431237368, 0.38297922226, 0.011627995771],
      [0.62697507572, 0.17967771427, 0.11784133846, 0.075505871549],
      [0.025101972089, 0.068435125193, 0.87742096764, 0.029041935083],
      [0.059265143231, 0.66614711164, 0.26020549111, 0.01438225401],
      [0.01650440301, 0.82632707158, 0.12531593051, 0.031852594905],
      [0.044961451177, 0.48244099565, 0.41527250376, 0.057325049412],
      [0.14889903139, 0.16660359933, 0.45481730508, 0.2296800642]
    ],
    [
      [0.22910573636, 0.32249489864, 0.42684275236, 0.021556612636],
      [0.63348346768, 0.11624137625, 0.11409973774, 0.13617541833],
      [0.029406604412, 0.061447083526, 0.89315944802, 0.01598686404],
      [0.098557771644, 0.5377151871, 0.33805564576, 0.02567139549],
      [0.02896111868, 0.71945094308, 0.18328535669, 0.068302581549],
      [0.064697323513, 0.36280418091, 0.47776881811, 0.094729677466],
      [0.16734022146, 0.099341892144, 0.39703754427, 0.33628034213]
    ],
    [
      [0.17971881245, 0.37169867478, 0.40837976395, 0.040202748825],
      [0.48967620023, 0.124996409, 0.10197882443, 0.28334856634],
      [0.02286695619, 0.081320597112, 0.88652046823, 0.0092919784728],
      [0.070943803471, 0.58439657794, 0.3027537243, 0.04190589429],
      [0.018317467249, 0.71346365352, 0.15124907933, 0.11696979989],
      [0.044071395036, 0.37264616185, 0.40503648466, 0.17824595845],
      [0.083299252026, 0.074923103274, 0.24671301095, 0.59506463375]
    ],
    [
      [0.40241260442, 0.25484367761, 0.31385567294, 0.028888045034],
      [0.72734977665, 0.065258019513, 0.052202635467, 0.15518956837],
      [0.073964785659, 0.07013188226, 0.84930221866, 0.0066011134204],
      [0.19505020041, 0.48774032105, 0.28092150178, 0.036287976768],
      [0.057782197049, 0.65109244233, 0.15058320577, 0.14054215485],
      [0.12410944217, 0.31165900053, 0.37930198788, 0.18492956941],
      [0.19954742025, 0.053816181701, 0.1978177779, 0.54881862014]
    ],
    [
      [0.27483090582, 0.2427055066, 0.47432592376, 0.0081376638175],
      [0.76044006244, 0.079215736006, 0.11245593654, 0.047888265012],
      [0.039593594384, 0.045189525783, 0.8989396643, 0.016277215533],
      [0.12783111542, 0.45324374425, 0.40645676791, 0.012468372427],
      [0.040957406803, 0.68542171035, 0.24352289718, 0.030097985665],
      [0.084399643765, 0.29944455628, 0.57424243715, 0.041913362812],
      [0.23694097307, 0.087904621317, 0.52428327562, 0.15087113]
    ],
    [
      [0.35714977744, 0.30781562796, 0.3350345946, 0],
      [0.82983757683, 0.093892402977, 0.076270020197, 0],
      [0.057897038008, 0.076217679169, 0.86588528282, 0],
      [0.1623794448, 0.55016114171, 0.2874594135, 0],
      [0.065347629839, 0.77162170676, 0.1630306634, 0],
      [0.13797216501, 0.4136878879, 0.44833994709, 0],
      [0.4393399896, 0.13057053401, 0.43008947639, 0]
    ],
    [
      [0.07108213307, 0.31805835621, 0.61085951072, 0],
      [0.59439688391, 0.16649157285, 0.23911154324, 0],
      [0, 0.046396628888, 0.95360337111, 0],
      [0.040422614077, 0.4831106053, 0.47646678063, 0],
      [0.010009250583, 0.71999485192, 0.2699958975, 0],
      [0.025535186744, 0.30941940385, 0.66504540941, 0],
      [0.11200746313, 0.10816130558, 0.76007617855, 0.019755052734]
    ],
    [
      [0.31144113407, 0.28257066036, 0.40598820557, 0],
      [0.82862851674, 0.083684303168, 0.087687180094, 0],
      [0.045676400673, 0.056905351448, 0.89741824788, 0],
      [0.14120785157, 0.51575668031, 0.34303546812, 0],
      [0.054270012721, 0.7516592734, 0.19407071388, 0],
      [0.11134491446, 0.36690579589, 0.52174928965, 0],
      [0.3063260718, 0.11699095864, 0.52217254672, 0.054510422834]
    ],
    [
      [0.66565447046, 0, 0.33434552954, 0],
      [0.95930398913, 0.0086940081802, 0.031548318492, 0.00045368419288],
      [0.040654098787, 0, 0.95934590121, 0],
      [0.38155475624, 0.16437656833, 0.45406867544, 0],
      [0.16381528273, 0.44644788978, 0.38973682749, 0],
      [0.22859378618, 0.11239948679, 0.65900672704, 0],
      [0.57105679134, 0.025848209929, 0.40260497202, 0.00049002671067]
    ],
    [
      [0.156498213, 0.27411247254, 0.56938931446, 0],
      [0.66249450393, 0.13797521494, 0.19953028112, 0],
      [0, 0.058836065018, 0.94116393498, 0],
      [0.066894964151, 0.46999363486, 0.46311140099, 0],
      [0.031012255117, 0.69508671412, 0.27390103076, 0],
      [0.048326028597, 0.3100448707, 0.6416291007, 0],
      [0.20606442456, 0.10587966547, 0.68805590997, 0]
    ],
    [
      [0.37736414496, 0.3267871018, 0.28539167356, 0.010457079675],
      [0.79468532559, 0.093128384541, 0.060665365904, 0.051520923969],
      [0.072339722681, 0.088565250347, 0.82775186584, 0.011343161135],
      [0.17376082452, 0.5729614098, 0.24023285386, 0.013044911825],
      [0.053029059721, 0.77749705213, 0.13369450913, 0.03577937902],
      [0.12860395809, 0.43719356595, 0.37947414062, 0.05472833533],
      [0.34615055979, 0.1273745464, 0.33405252575, 0.19242236806]
    ],
    [
      [0, 0.23146391286, 0.74659045943, 0.021945627715],
      [0.35190998202, 0.083375769491, 0.2407195363, 0.32399471218],
      [0, 0.01592866305, 0.97663777999, 0.0074335569585],
      [0, 0.353485844, 0.61822906341, 0.028285092584],
      [0, 0.53809185069, 0.35721652909, 0.10469162022],
      [0.019258398357, 0.15921952565, 0.71469843303, 0.10682364296],
      [0, 0.028687396626, 0.21327840582, 0.75803419756]
    ],
    [
      [0.013493724554, 0.13119350878, 0.85510935307, 0.00020341358979],
      [0.31698357762, 0.22014609088, 0.4628703315, 0],
      [0.013297297185, 0.068314940335, 0.91838776248, 0],
      [0.0093699749022, 0.32657390139, 0.66374365682, 0.00031246689322],
      [0.0033986686528, 0.69803714853, 0.29797696044, 0.00058722237904],
      [0.0091573755827, 0.13461690636, 0.85622571805, 0],
      [0.0098252263688, 0.033794699053, 0.95628843165, 9.1642931239e-05]
    ],
    [
      [0, 0.083498537589, 0.91650146241, 0],
      [0.56697641843, 0.055681602511, 0.36837640805, 0.0089655710149],
      [0, 0, 1, 0],
      [0.031692340905, 0.17765373388, 0.78933609894, 0.0013178262809],
      [0, 0.41806757062, 0.58193242938, 0],
      [0.015997536666, 0.082557016284, 0.89851712361, 0.0029283234419],
      [0, 0.080366321176, 0.91963367882, 0]
    ],
    [
      [0, 0.20201472491, 0.79798527509, 0],
      [0.037880691193, 0.0080587764837, 0.023532333496, 0.93052819883],
      [0, 0, 1, 0],
      [0, 0.2054286872, 0.44180953822, 0.35276177458],
      [0, 0.13856032191, 0.15412677694, 0.70731290115],
      [0, 0.20912499311, 0.44696249935, 0.34391250754],
      [0, 0.018562387024, 0.07324981133, 0.90818780165]
    ],
    [
      [0.73351336653, 0.049570958185, 0.21598552203, 0.00093015326003],
      [0.98254828672, 0.004069191379, 0.01244428668, 0.00093823522231],
      [0.055676703555, 0.020772079733, 0.92355121671, 0],
      [0.43117112392, 0.18961609737, 0.3769224891, 0.0022902896175],
      [0.14581616418, 0.49946648574, 0.35471735008, 0],
      [0.24126258019, 0.13837272973, 0.62036469007, 0],
      [0.67173365622, 0.024166114373, 0.3041002294, 0]
    ],
    [
      [0, 0.53323444689, 0.46676555311, 0],
      [0.54740196054, 0.27274579672, 0.17896181119, 0.00089043155146],
      [0, 0.056189233287, 0.94381076671, 0],
      [0, 0.67583824455, 0.32416175545, 0],
      [0, 0.86570181794, 0.13429818206, 0],
      [0, 0.51735976825, 0.48264023175, 0],
      [0.019993273236, 0.39160993745, 0.58839678931, 1.2496118894e-35]
    ],
    [
      [0, 0.36552557014, 0.62243891073, 0.012035519134],
      [0.49887601855, 0.14349070892, 0.24661549575, 0.11101777679],
      [0, 0.021260157488, 0.95424521522, 0.024494627293],
      [0, 0.50650330625, 0.48087493255, 0.012621761208],
      [0, 0.69356485065, 0.26845789394, 0.037977255412],
      [0.02663130118, 0.28113567682, 0.64928800474, 0.042945017254],
      [0, 0.16016416211, 0.62335245274, 0.21648338515]
    ],
    [
      [0.30733499071, 0.33236258927, 0.33348883477, 0.026813585257],
      [0.71222877816, 0.082473099399, 0.058982633265, 0.14631548918],
      [0.064151349654, 0.071594013141, 0.84762961818, 0.016625019024],
      [0.13007823027, 0.58382775321, 0.25465183087, 0.031442185652],
      [0.037631483326, 0.75133926041, 0.12520584892, 0.085823407351],
      [0.088361778087, 0.39099163511, 0.38207037433, 0.13857621248],
      [0.17797954158, 0.077281316143, 0.23743011537, 0.50730902691]
    ],
    [
      [0.25054371563, 0.39052266518, 0.3589336192, 0],
      [0.75746657201, 0.14349094881, 0.099042479174, 0],
      [0.040419878716, 0.081732772401, 0.87784734888, 0],
      [0.10389139591, 0.62513672363, 0.27097188046, 0],
      [0.038509750616, 0.81915682546, 0.14233342392, 0],
      [0.090527037649, 0.47602562951, 0.43344733285, 0],
      [0.33539830172, 0.17402576241, 0.49057593587, 0]
    ],
    [
      [0.30528009052, 0.4453614091, 0.2022947035, 0.047063796884],
      [0.74657815957, 0.1318466398, 0.045537460195, 0.076037740439],
      [0.06155516936, 0.12348361732, 0.79667859951, 0.018282613807],
      [0.12607209646, 0.69872438949, 0.1278670075, 0.047336506546],
      [0.031924897415, 0.86657839049, 0.065415525979, 0.036081186116],
      [0.093510837069, 0.57063030823, 0.26087205717, 0.074986797527],
      [0.2475113516, 0.16048754159, 0.24997745595, 0.34202365086]
    ],
    [
      [0.25475571872, 0.51869123706, 0.21609558039, 0.010457463831],
      [0.00017187387668, 0.00012833714441, 4.7621500126e-05, 0.99965216748],
      [0.10007200081, 0.1933849732, 0.66205905327, 0.044483972722],
      [0.040037689913, 0.54055162013, 0.073413118242, 0.34599757171],
      [0.0019319702478, 0.099210761012, 0.006547140295, 0.89231012845],
      [0.0355888422, 0.057156342439, 0.0275951523, 0.87965966306],
      [0.2489371405, 0.096637473284, 0.42348721915, 0.23093816707]
    ],
    [
      [0.1178376885, 0.16305340736, 0.71910890414, 0],
      [0.60943148484, 0.10839614289, 0.28217237227, 0],
      [0, 0.031713992898, 0.9682860071, 0],
      [0.059253115381, 0.30383278087, 0.63691410375, 0],
      [0.021348735762, 0.55169468725, 0.42695657699, 0],
      [0.036644717402, 0.17415022064, 0.78920506196, 0],
      [0.1345462546, 0.058331559142, 0.80712218626, 0]
    ],
    [
      [0.54195189544, 0.14588600799, 0.31216209656, 0],
      [0.9357417906, 0.023722319904, 0.037506999824, 0.0030288896765],
      [0.065156281544, 0.040728067554, 0.8941156509, 0],
      [0.28969512986, 0.35668293621, 0.35362193393, 0],
      [0.10193995876, 0.65196899794, 0.2460910433, 0],
      [0.1984836777, 0.25529183923, 0.54622448308, 0],
      [0.52419076484, 0.060277103753, 0.39843762914, 0.017094502261]
    ],
    [
      [0.19354466764, 0, 0.77015591577, 0.03629941659],
      [0.64829554337, 0.025949296019, 0.25273536587, 0.073019794744],
      [0, 0, 0.96100938464, 0.038990615356],
      [0.079666347651, 0.15378531231, 0.75613082434, 0.010417515697],
      [0.049401286787, 0.29498952023, 0.58733954605, 0.068269646932],
      [0.078749039678, 0.01878361076, 0.84105682377, 0.06141052579],
      [0.11432576698, 0.013947700259, 0.7353481146, 0.13637841816]
    ],
    [
      [0.14751779133, 0.21560918242, 0.6288177935, 0.0080552327482],
      [0.59885071509, 0.10877584464, 0.23118459119, 0.061188849075],
      [0, 0.039631274658, 0.95111501832, 0.0092537070212],
      [0.06844154631, 0.38519105364, 0.53703209106, 0.0093353089868],
      [0.020999875355, 0.60982236091, 0.34023870463, 0.028939059112],
      [0.035524994917, 0.24000264775, 0.69301654009, 0.031455817234],
      [0.12781997752, 0.075981900025, 0.67763446789, 0.11856365457]
    ],
    [
      [0.14223421657, 0.4576809816, 0.39305384843, 0.0070309533985],
      [0.56592061905, 0.22716732137, 0.14561810138, 0.061293958204],
      [0.0018835889113, 0.08968329749, 0.90193053972, 0.0065025738772],
      [0.044967760068, 0.66614317679, 0.28075284691, 0.0081362162352],
      [0.009044099193, 0.82928451736, 0.1430568102, 0.018614573254],
      [0.033831660263, 0.5027813844, 0.43278483475, 0.03060212059],
      [0.14847933947, 0.19600811537, 0.5059260579, 0.14958648727]
    ],
    [
      [0.084464533094, 0.59115602719, 0.32437943972, 0],
      [0.50239236922, 0.35963306704, 0.13797456374, 0],
      [0, 0.1042745251, 0.8957254749, 0],
      [0.0088040323878, 0.76858694506, 0.22260902255, 0],
      [0.0046849317948, 0.90689398189, 0.088421086316, 0],
      [0.0094932097598, 0.62952760653, 0.36097918371, 0],
      [0.14804288897, 0.34378496089, 0.50817215015, 0]
    ],
    [
      [0.19346588417, 0.28578213191, 0.48796596385, 0.032786020078],
      [0.56719009482, 0.089623581592, 0.11368376217, 0.22950256142],
      [0.029935615921, 0.050171297435, 0.90938769724, 0.010505389405],
      [0.081018395549, 0.49427923861, 0.38476643323, 0.039935932607],
      [0.025956697658, 0.66009835014, 0.19702446952, 0.11692048268],
      [0.053703233857, 0.29691514641, 0.4950097874, 0.15437183233],
      [0.085941296798, 0.056782321111, 0.29103389202, 0.56624249007]
    ],
    [
      [0.19445760328, 0.51714011756, 0.28134534638, 0.0070569327871],
      [0.63886122409, 0.21317795647, 0.093649020007, 0.05431179943],
      [0.047269272196, 0.10209240929, 0.84109578356, 0.0095425349612],
      [0.071917916933, 0.73086085053, 0.18988736144, 0.0073338710909],
      [0.020066617919, 0.86918992979, 0.093346380883, 0.017397071412],
      [0.059700948314, 0.58173589397, 0.32536397649, 0.033199181227],
      [0.21315758186, 0.23306649551, 0.39187916579, 0.16189675685]
    ],
    [
      [0.1913824008, 0.42554376894, 0.37720917555, 0.005864654702],
      [0.65865273788, 0.17070550238, 0.12494431239, 0.045697447354],
      [0.030046909939, 0.078350007466, 0.88757359768, 0.0040294849123],
      [0.07395372347, 0.65303159342, 0.26682019286, 0.0061944902557],
      [0.021513091623, 0.82129760883, 0.14100269071, 0.01618660884],
      [0.056051976924, 0.48318738689, 0.43386281551, 0.026897820679],
      [0.1980860552, 0.17817502621, 0.49633172557, 0.12740719303]
    ],
    [
      [0, 0.26939803614, 0.73060196386, 0],
      [0, 0.58748883574, 0.41251116426, 0],
      [0, 0.010331510148, 0.98966848985, 0],
      [0, 0.39766271083, 0.60233728917, 0],
      [0, 0.61981749234, 0.38018250766, 0],
      [0, 0.23211998139, 0.76788001861, 0],
      [0.048975007044, 0.079647412563, 0.83209919994, 0.039278380448]
    ],
    [
      [0.0019465515604, 0.20832892384, 0.78969764466, 2.6879932226e-05],
      [0.7256990653, 0.092271596087, 0.10100000186, 0.081029336761],
      [0, 0.027344801667, 0.97265519833, 0],
      [0.0041282577976, 0.52213926273, 0.47370726001, 2.5219463418e-05],
      [0, 0.83593119, 0.16406881, 0],
      [0.0059401822392, 0.23937595354, 0.75468383348, 3.074157716e-08],
      [0.2489371405, 0.096637473284, 0.42348721915, 0.23093816707]
    ],
    [
      [0.17028120519, 0.38307040521, 0.4466483896, 0],
      [0.70461554473, 0.15378532728, 0.13368488377, 0.0079142442144],
      [0.02899782988, 0.054074079905, 0.91692809021, 0],
      [0.067052048245, 0.62573381294, 0.30721413881, 0],
      [0.022254551405, 0.83061108923, 0.14713435937, 0],
      [0.051732950911, 0.44257041376, 0.50569663533, 0],
      [0.19407129598, 0.16391741579, 0.64201128823, 0]
    ],
    [
      [0.46473907103, 0.3246796759, 0.20917261774, 0.001408635326],
      [0.9259921523, 0.046313608305, 0.02469365635, 0.0030005830488],
      [0.097466539872, 0.092165939478, 0.81036752065, 0],
      [0.17159994847, 0.65460425937, 0.17379579216, 0],
      [0.046102083438, 0.87131978371, 0.082578132851, 0],
      [0.15066967914, 0.53120655102, 0.31812376984, 0],
      [0.5505566117, 0.14312878802, 0.30631460027, 0]
    ],
    [
      [0.075238507601, 0.22125094943, 0.70144792511, 0.0020626178604],
      [0.55847932224, 0.12814873614, 0.29169195144, 0.021679990181],
      [0, 0.024143798366, 0.97585620163, 0],
      [0, 0.43545543646, 0.56454456354, 0],
      [0, 0.66238292578, 0.33761707422, 0],
      [0, 0.25821025526, 0.74178974474, 0],
      [0, 0.18129816462, 0.81870183538, 0]
    ],
    [
      [0.19140180789, 0.36175010921, 0.41946092693, 0.027387155968],
      [0.61756730589, 0.14910336619, 0.12495980448, 0.10836952344],
      [0.024473436423, 0.068495940375, 0.89225577051, 0.014774852688],
      [0.079759504826, 0.58554921638, 0.31459451007, 0.020096768732],
      [0.020120751134, 0.76170393877, 0.16722282586, 0.05095248424],
      [0.051313885759, 0.40850452467, 0.4649876403, 0.075193949272],
      [0.16136168722, 0.12770714959, 0.43269788388, 0.27823327931]
    ],
    [
      [0.027525837012, 0.97093661699, 2.2891274056e-19, 0.0015375459959],
      [0.63806730476, 0.23698278549, 0.12333554215, 0.0016143675975],
      [0, 0.88936677923, 0.11063322077, 0],
      [0, 0.88936677923, 0.11063322077, 0],
      [0, 0.58140825845, 0.41859174155, 0],
      [0, 0.47704166617, 0.52295833383, 0],
      [0.015616041325, 0.29427715086, 0.6900437934, 6.3014420585e-05]
    ],
    [
      [0.13193338055, 0.34453636482, 0.50753123339, 0.015999021244],
      [0.60021158724, 0.1442130212, 0.1566109358, 0.098964455763],
      [0.005290937361, 0.042138098388, 0.91400576831, 0.03856519594],
      [0.052415965485, 0.56748283945, 0.36853798542, 0.011563209653],
      [0.0088243622163, 0.75984135171, 0.17693015492, 0.054404131159],
      [0.030871686219, 0.3681919726, 0.53691606664, 0.064020274547],
      [0.10819690053, 0.11448069903, 0.53335440137, 0.24396799907]
    ],
    [
      [0.37894078727, 0, 0.59313303507, 0.027926177658],
      [0.74673372289, 0, 0.11490634516, 0.13835993195],
      [0.0025001039887, 0, 0.98363425043, 0.013865645583],
      [0.18790440968, 0.15515839917, 0.61391375272, 0.04302343843],
      [0.3559878606, 0, 0.46630586348, 0.17770627592],
      [0.11005908894, 0, 0.74720202483, 0.14273888623],
      [0.17049832087, 0, 0.42576512396, 0.40373655517]
    ],
    [
      [0.27895912135, 0.26074245681, 0.45195510972, 0.0083433121162],
      [0.77338642271, 0.081068278083, 0.10280379822, 0.042741500987],
      [0.040418950324, 0.041931548788, 0.90767363049, 0.0099758703933],
      [0.12732668626, 0.47576877905, 0.38521016646, 0.011694368231],
      [0.050153860991, 0.6970985744, 0.21450290633, 0.038244658283],
      [0.093854404003, 0.31369651651, 0.5450813489, 0.04736773059],
      [0.24498580784, 0.096936719267, 0.514697216, 0.14338025689]
    ],
    [
      [0.32156944626, 0.20660352417, 0.4588233764, 0.013003653169],
      [0.75866522925, 0.065334699558, 0.10746126858, 0.068538802612],
      [0.046477873249, 0.03323778373, 0.90744377176, 0.012840571257],
      [0.16338235796, 0.39579502842, 0.4214513608, 0.019371252817],
      [0.056975437094, 0.61997997678, 0.26875954456, 0.054285041558],
      [0.10362265913, 0.25953491456, 0.57428889037, 0.062553535933],
      [0.2549392283, 0.070384359841, 0.46732057081, 0.20735584105]
    ],
    [
      [0.41018044522, 0.18676891242, 0.39141841877, 0.011632223592],
      [0.83483803276, 0.049913632004, 0.076901129528, 0.038347205708],
      [0.056779316623, 0.036934325864, 0.8956509076, 0.010635449915],
      [0.21691905377, 0.38590015385, 0.38311007833, 0.014070714047],
      [0.076635154408, 0.62825332792, 0.2530047087, 0.042106808976],
      [0.14121270103, 0.26245003417, 0.54651383965, 0.049823425156],
      [0.35357313758, 0.068866529642, 0.42911610923, 0.14844422354]
    ],
    [
      [0.33490022954, 0.22878622256, 0.43520505938, 0.0011084885173],
      [0.79442379622, 0.072637942619, 0.10129971704, 0.031638544126],
      [0.048977312086, 0.046333421768, 0.90468926615, 0],
      [0.16399180579, 0.43501362725, 0.39428313413, 0.0067114328383],
      [0.056475240098, 0.67307265237, 0.24615797399, 0.024294133537],
      [0.10907311663, 0.29713370675, 0.56423805122, 0.029555125402],
      [0.29918182102, 0.087727929704, 0.50404319734, 0.10904705194]
    ],
    [
      [0.67093163731, 0.071089150662, 0.25797921203, 0],
      [0.94519422668, 0.011653824592, 0.043151948725, 0],
      [0.05151802164, 0.027103272889, 0.92137870547, 0],
      [0.48631116188, 0.20687186086, 0.30681697726, 0],
      [0.22329680862, 0.48410577467, 0.29259741671, 0],
      [0.35047287013, 0.15960853175, 0.48991859813, 0],
      [0.71179326244, 0.029445363938, 0.25876137362, 0]
    ],
    [
      [0.2103016723, 0.36792206497, 0.40728024847, 0.014496014257],
      [0.64308048382, 0.14643534108, 0.12135224026, 0.089131934836],
      [0.025857613329, 0.069305230231, 0.88895717237, 0.015879984075],
      [0.086490429756, 0.58838805051, 0.30894282517, 0.016178694566],
      [0.024937510394, 0.77218206337, 0.16440852693, 0.038471899306],
      [0.060928132677, 0.42090848119, 0.46158326018, 0.056580125961],
      [0.18354886751, 0.13443797508, 0.45152320325, 0.23048995416]
    ],
    [
      [0.33559631002, 0.24554914962, 0.40977151888, 0.0090830214795],
      [0.77392575197, 0.077743676614, 0.096219538292, 0.052111033128],
      [0.050767836783, 0.051363951026, 0.89222514918, 0.0056430630061],
      [0.16534206932, 0.45575964014, 0.36665670546, 0.012241585073],
      [0.055922320953, 0.68034714205, 0.22512705433, 0.038603482666],
      [0.11123121826, 0.31584072717, 0.52475542079, 0.04817263378],
      [0.29001838443, 0.090568490314, 0.45190380196, 0.16750932329]
    ],
    [
      [0.39286769876, 0.22994978937, 0.36804615823, 0.0091363536439],
      [0.81511406835, 0.063813002066, 0.075051341989, 0.046021587596],
      [0.059178360558, 0.053709631754, 0.87834587299, 0.0087661346945],
      [0.19783131642, 0.44803514962, 0.34120816992, 0.01292536404],
      [0.066930684131, 0.68263221174, 0.21055103622, 0.039886067916],
      [0.13551889783, 0.31419009084, 0.49992471621, 0.050366295126],
      [0.33954955527, 0.084713207643, 0.40689068574, 0.16884655134]
    ],
    [
      [0.43432258215, 0.18198453681, 0.37623287582, 0.0074600052204],
      [0.85405611996, 0.045779247945, 0.070393029241, 0.029771602856],
      [0.062031583311, 0.038276158521, 0.89046740692, 0.0092248512534],
      [0.23193087783, 0.38290581483, 0.37517651341, 0.0099867939366],
      [0.083612783121, 0.63408183011, 0.24901233576, 0.03329305101],
      [0.1541353254, 0.26375209756, 0.54238968357, 0.039722893463],
      [0.38207228588, 0.068500249347, 0.4252121759, 0.12421528887]
    ],
    [
      [0.33746983709, 0.37484214025, 0.28215643865, 0.0055315840085],
      [0.78893135158, 0.11449924601, 0.065437383359, 0.031132019055],
      [0.068449278923, 0.094148276604, 0.83261357478, 0.0047888696965],
      [0.14518111369, 0.62475072708, 0.22348117873, 0.0065869805033],
      [0.042459610038, 0.82042126257, 0.1191656865, 0.01795344089],
      [0.11164343637, 0.49237644834, 0.36629597581, 0.029684139477],
      [0.34575627982, 0.16183139034, 0.36868494551, 0.12372738433]
    ],
    [
      [0.44238333596, 0.15303822136, 0.39828402919, 0.0062944134838],
      [0.84916420615, 0.03920231792, 0.080046017227, 0.031587458707],
      [0.064250751647, 0.02307695134, 0.91258073642, 9.1560592549e-05],
      [0.25034615162, 0.32847389969, 0.41121064925, 0.0099692994409],
      [0.098087859022, 0.57159615593, 0.29203460924, 0.038281375804],
      [0.1641354807, 0.2219104059, 0.57418408409, 0.039770029298],
      [0.3819396362, 0.055844765513, 0.43897438519, 0.1232412131]
    ],
    [
      [0.23293145247, 0.28601764979, 0.46784621969, 0.013204678052],
      [0.66759864301, 0.10982739144, 0.13287876971, 0.08969519584],
      [0.027431912497, 0.053833998697, 0.90655356909, 0.012180519713],
      [0.10495796349, 0.49257557862, 0.38566308156, 0.01680337633],
      [0.033391659978, 0.69648590857, 0.22295885718, 0.04716357427],
      [0.068448096891, 0.33127459088, 0.53875509822, 0.061522214009],
      [0.1895827572, 0.098861485718, 0.48579771053, 0.22575804655]
    ],
    [
      [0.34244156545, 0.26824652467, 0.38931190988, 0],
      [0.83159850722, 0.081141577254, 0.087259915529, 0],
      [0.044837583676, 0.062578649196, 0.89258376713, 0],
      [0.16624774607, 0.49208119828, 0.34167105565, 0],
      [0.064901971575, 0.73218402886, 0.20291399957, 0],
      [0.12951850711, 0.35388489264, 0.51659660025, 0],
      [0.40173407011, 0.10933236931, 0.48893356058, 0]
    ],
    [
      [0.2364669842, 0.13716348442, 0.59939029672, 0.026979234661],
      [0.64223073839, 0.050454090695, 0.15204092416, 0.15527424676],
      [0.038562688334, 0.0084377811293, 0.93484921824, 0.018150312292],
      [0.12547174043, 0.27633747319, 0.56056484475, 0.037625941633],
      [0.057374269516, 0.4573772742, 0.35879379296, 0.12645466332],
      [0.067134005264, 0.15460741359, 0.66562411568, 0.11263446547],
      [0.12606423625, 0.036041398569, 0.44475507165, 0.39313929353]
    ],
    [
      [0.39046732674, 0.17440019849, 0.43513247477, 0],
      [0.8677498984, 0.046751127854, 0.085498973751, 0],
      [0.050405060686, 0.03379840522, 0.91579653409, 0],
      [0.20583047263, 0.36325822816, 0.43091129921, 0],
      [0.088253812109, 0.6193052237, 0.29244096419, 0],
      [0.14590805378, 0.24428483248, 0.60980711374, 0],
      [0.35984183696, 0.0691119385, 0.52090112947, 0.050145095067]
