{
  "X": [
    [9, 27, 169, 341, 106],
    [12, 17, 94, 191, 51],
    [8, 18, 94, 187, 82],
    [16, 21, 69, 147, 65],
    [5, 18, 69, 164, 56],
    [8, 12, 81, 100, 48],
    [17, 43, 158, 252, 104],
    [12, 34, 130, 226, 102],
    [9, 23, 99, 162, 51],
    [15, 35, 90, 170, 90],
    [13, 17, 115, 165, 72],
    [45, 72, 149, 147, 102],
    [28, 35, 87, 159, 89],
    [31, 39, 117, 141, 95],
    [68, 92, 143, 136, 133],
    [58, 108, 163, 137, 83],
    [104, 119, 141, 176, 92],
    [67, 93, 117, 107, 81],
    [75, 123, 116, 89, 87],
    [20, 37, 129, 182, 76],
    [15, 36, 142, 199, 81],
    [27, 47, 144, 165, 123],
    [29, 52, 135, 201, 91],
    [5, 13, 81, 169, 68],
    [5, 23, 91, 181, 75],
    [7, 18, 83, 139, 65],
    [27, 45, 142, 209, 98],
    [65, 81, 177, 116, 92],
    [54, 75, 148, 148, 81],
    [52, 69, 128, 128, 80],
    [37, 44, 130, 162, 76],
    [33, 60, 170, 191, 100],
    [32, 58, 159, 173, 90],
    [72, 103, 149, 104, 71],
    [90, 64, 135, 104, 74],
    [110, 101, 168, 145, 97],
    [4, 14, 100, 121, 61],
    [8, 22, 89, 137, 52],
    [12, 51, 113, 166, 59],
    [16, 30, 114, 127, 46],
    [6, 19, 53, 101, 36],
    [74, 58, 161, 145, 94],
    [52, 49, 179, 139, 88],
    [58, 70, 117, 144, 60],
    [50, 88, 171, 133, 70],
    [380, 410, 990, 1520, 743]
  ],
  "W": [
    [34, 18, 35, 203, 361, 1],
    [3, 15, 17, 112, 216, 2],
    [45, 9, 28, 96, 210, 1],
    [21, 18, 30, 75, 174, 0],
    [17, 12, 24, 72, 186, 1],
    [12, 18, 13, 87, 119, 0],
    [23, 36, 65, 173, 276, 1],
    [22, 19, 47, 149, 266, 1],
    [15, 9, 29, 109, 181, 1],
    [26, 19, 44, 97, 213, 1],
    [29, 15, 31, 127, 180, 0],
    [21, 47, 104, 167, 176, 0],
    [21, 32, 50, 102, 193, 0],
    [44, 35, 65, 120, 159, 0],
    [29, 77, 147, 148, 170, 1],
    [5, 53, 165, 167, 159, 0],
    [9, 84, 197, 142, 200, 0],
    [16, 60, 147, 110, 130, 2],
    [14, 64, 192, 113, 106, 1],
    [17, 23, 54, 133, 217, 0],
    [34, 22, 49, 152, 215, 1],
    [32, 41, 67, 169, 196, 1],
    [36, 36, 64, 129, 243, 0],
    [12, 8, 19, 97, 200, 0],
    [27, 8, 29, 98, 212, 1],
    [24, 14, 22, 95, 156, 1],
    [16, 41, 67, 150, 247, 0],
    [20, 62, 131, 180, 137, 1],
    [25, 51, 104, 164, 162, 0],
    [19, 48, 115, 132, 142, 1],
    [23, 45, 72, 125, 183, 1],
    [37, 37, 82, 171, 227, 0],
    [31, 31, 80, 176, 194, 0],
    [13, 80, 130, 153, 123, 0],
    [11, 97, 104, 127, 128, 0],
    [15, 117, 154, 169, 165, 1],
    [20, 15, 19, 109, 137, 0],
    [32, 9, 29, 88, 148, 2],
    [31, 19, 61, 109, 181, 0],
    [23, 19, 32, 118, 141, 0],
    [5, 7, 28, 62, 112, 1],
    [13, 82, 84, 164, 189, 0],
    [14, 60, 68, 202, 163, 0],
    [27, 60, 103, 108, 151, 0],
    [12, 46, 114, 193, 146, 1],
    [93, 448, 582, 1069, 1845, 6]
  ],
  "method": "mvn_cdf",
  "mvncdf_method": "genz",
  "mvncdf_samples": 5000,
  "mvncdf_error": 0.001,
  "cond_prob": [
    [
      [0, 0.00017750220201, 0.18893181734, 0.4291864313, 0.38170424916],
      [0.3889857025, 0.078056540988, 0.2123776593, 0.00086988389215, 0.31971021333],
      [0.057093067287, 0.66661377525, 0.12095296802, 0.00059544666032, 0.15474474278],
      [0, 0.010807521183, 0.70963308916, 0.10272513005, 0.17683425961],
      [0, 0.00017577812681, 0.028984816841, 0.84383950077, 0.12699990426],
      [0, 8.2349559719e-05, 0.0011304832878, 0.89190161442, 0.10688555274]
    ],
    [
      [7.9890509218e-06, 0.00046961788553, 0.2232307542, 0.39494279531, 0.38134884355],
      [0.65787447739, 0.092016092348, 0.1100976121, 0.00044609426653, 0.1395657239],
      [0.11612316282, 0.75954956792, 0.059762801753, 0.00029789127048, 0.064266576238],
      [0.00056283748282, 0.024156806183, 0.73850932155, 0.082471317353, 0.15429971743],
      [0.0004385030274, 0, 0.036791486543, 0.82777141567, 0.13499859476],
      [5.3260537771e-06, 0.00022240700741, 0.0014354097694, 0.88400136, 0.11433549717]
    ],
    [
      [7.6405598752e-05, 4.0018649627e-05, 0.22007179054, 0.33721027104, 0.44260151417],
      [0.50539944326, 0.056704531746, 0.17532593474, 0.0003763715226, 0.26219371873],
      [0.11990699209, 0.59525696632, 0.12523196109, 0.00013222839573, 0.1594718521],
      [0.00094343002256, 0.0085475685906, 0.73667214937, 0.070221969953, 0.18361488206],
      [0, 0, 0.039477282992, 0.78203865913, 0.17848405787],
      [1.6979134521e-06, 9.6733276748e-05, 0.0015853346954, 0.84902053069, 0.14929570343]
    ],
    [
      [1.1370560519e-05, 0.00012584587204, 0.20476142392, 0.3304146998, 0.46468665984],
      [0.62867428978, 0.058156398818, 0.11650482012, 0.00021566413204, 0.19644882715],
      [0.1554707327, 0.63418584922, 0.086307922054, 5.177418796e-05, 0.12398372184],
      [0.00026002694968, 0.012332887753, 0.71573480381, 0.071405841779, 0.20026643971],
      [0, 0, 0.036399858552, 0.77414033328, 0.18945980817],
      [2.0118984261e-11, 0.00014557374669, 0.0014851705376, 0.8404668649, 0.1579023908]
    ],
    [
      [0, 0.00012068041526, 0.21303443484, 0.37607673414, 0.4107681506],
      [0.34675699727, 0.080829784844, 0.2350938977, 0.00062715873136, 0.33669216145],
      [0.034954834699, 0.67951774468, 0.1306773211, 0.00026700490783, 0.15458309462],
      [0, 0.0099927008838, 0.73490488047, 0.080541761254, 0.17456065739],
      [0, 0, 0.03498103507, 0.81141155578, 0.15360740915],
      [0, 9.0678914256e-05, 0.001408211865, 0.87120531165, 0.12729579757]
    ],
    [
      [0, 0.00024263286131, 0.25549748469, 0.31120905376, 0.43305082869],
      [0.39449103026, 0.10191076123, 0.22257312078, 0.00026200977301, 0.28076307796],
      [0.069166265797, 0.69750750618, 0.11250637372, 5.6881004861e-05, 0.1207629733],
      [0, 0.012280483875, 0.76846123497, 0.057394702477, 0.16186357868],
      [0, 0.00022432795046, 0.047134484948, 0.76694703034, 0.18569415676],
      [9.1078654018e-12, 0.00015245583562, 0.0019597450491, 0.84216067975, 0.15572711936]
    ],
    [
      [0, 0.00038469714513, 0.20494061789, 0.3928012524, 0.40187343257],
      [0.35179140451, 0.062397982257, 0.23779661479, 0.00079374465086, 0.3472202538],
      [0.066700145197, 0.5876858494, 0.15399833593, 0.0005374858599, 0.19107818361],
      [0, 0.0097591751479, 0.72692107915, 0.087877729598, 0.17544201611],
      [0, 0.003104448757, 0.03245339333, 0.82181643751, 0.1426257204],
      [0, 7.923567894e-05, 0.0013125689813, 0.87787583342, 0.12073236192]
    ],
    [
      [0, 0.00021234188672, 0.2058422234, 0.33501292052, 0.4589325142],
      [0.43626162673, 0.073990929593, 0.18398874978, 0.00043164304302, 0.30532705086],
      [0.078958065792, 0.65411884298, 0.11061957417, 0.0001582083453, 0.15614530871],
      [0, 0.01192400485, 0.71690491883, 0.072925356842, 0.19824571948],
      [0, 0.0002598495517, 0.037429491285, 0.77783788266, 0.1844727765],
      [0, 0.00011849260437, 0.0014872664362, 0.84332378152, 0.15507045944]
    ],
    [
      [2.5846345291e-05, 0.00027305109937, 0.2482067338, 0.37220708869, 0.37928728006],
      [0.60747787689, 0.080388457627, 0.14592444751, 0.00039620066244, 0.16581301731],
      [0.11914875803, 0.70885569728, 0.087464294306, 0.00036619476089, 0.084165055626],
      [0.00070638263172, 0.015737798537, 0.7675003677, 0.072405320548, 0.14365013058],
      [0, 0, 0.042916556709, 0.81564758664, 0.14143585665],
      [1.7231064845e-06, 0.00017285330938, 0.0016775868795, 0.8783150946, 0.1198327421]
    ],
    [
      [0, 0.00021033767389, 0.21450602282, 0.28194392485, 0.50333971466],
      [0.555845924, 0.087652043997, 0.12977114066, 0.00043326782211, 0.22629762352],
      [0.10088471464, 0.71499303081, 0.07627247709, 0.00051861372882, 0.10733116374],
      [0, 0.019270324108, 0.71467321461, 0.059532388138, 0.20652407314],
      [0, 0, 0.043549965835, 0.73266920932, 0.22378082484],
      [0, 0.00022759051186, 0.0017582018943, 0.8052236256, 0.19279058199]
    ],
    [
      [0.0001539717219, 0, 0.2206293837, 0.36420163502, 0.41501500956],
      [0.52811876459, 0.040683834949, 0.17948858542, 0.00043863394304, 0.2512701811],
      [0.15239435563, 0.50915607229, 0.15429716819, 0.00028338451315, 0.18386901938],
      [0.0022738476888, 0.0047708994873, 0.74320992251, 0.07656313268, 0.17318219763],
      [0.00033749816803, 0, 0.037436370659, 0.80388483503, 0.15834129615],
      [1.1161546786e-11, 6.7273832667e-05, 0.0015003718258, 0.86626483767, 0.13216751666]
    ],
    [
      [1.7533999433e-05, 0.00021453167433, 0.22361558164, 0.29181275502, 0.48433959767],
      [0.61953033324, 0.062514214788, 0.12158396858, 0.00035650712784, 0.19601497626],
      [0.152234731, 0.64028864604, 0.087381275752, 0.00039252037124, 0.11970282684],
      [0.00029517424986, 0.014774296717, 0.72896090586, 0.060023580424, 0.19594604275],
      [0, 0, 0.044122172192, 0.74312736511, 0.21275046269],
      [2.4319745044e-11, 0.00018583306828, 0.0017892373817, 0.8166288303, 0.18139609923]
    ],
    [
      [5.2402097462e-05, 0.00022086968876, 0.18287251098, 0.30723765348, 0.50961656376],
      [0.62474195099, 0.0586056371, 0.10304608124, 0.00058276073412, 0.21302356994],
      [0.15776302246, 0.63037407086, 0.076741643254, 0.00065507379672, 0.13446618963],
      [0.00035203289783, 0.015698802023, 0.67895451726, 0.072215199203, 0.23277944862],
      [0.0004305629308, 0, 0.035086838066, 0.75197231567, 0.21251028333],
      [2.2007178482e-11, 0.00015791160845, 0.0013908303544, 0.8169061216, 0.18154513641]
    ],
    [
      [0.00022579401894, 1.3578895791e-05, 0.22026509086, 0.30448590458, 0.47500963165],
      [0.57798076034, 0.047227338701, 0.14376791141, 0.00033972174216, 0.23068426781],
      [0.16241579773, 0.55764802337, 0.11841783479, 0.0002668736083, 0.1612514705],
      [0.0010385953205, 0.0091610346259, 0.7314741104, 0.063419668246, 0.19490659141],
      [0.0004973594981, 0, 0.042782431408, 0.75448442115, 0.20223578794],
      [1.8101169151e-11, 0.00011270203781, 0.0017058527609, 0.8256871238, 0.17249432138]
    ],
    [
      [0.00019225373472, 0.00030660318693, 0.20685272075, 0.2527024812, 0.53994594112],
      [0.57919988971, 0.052795149048, 0.12610083022, 0.0015351195176, 0.2403690115],
      [0.15686469653, 0.58413407147, 0.10025587449, 0.0026315744864, 0.15611378302],
      [0.00098192639188, 0.012906755923, 0.70656217391, 0.056508802691, 0.22304034109],
      [0.001127005936, 0.00086950892186, 0.046946238206, 0.7001635126, 0.25089373433],
      [6.6294617986e-06, 0.00015713073491, 0.0018313880452, 0.77548245209, 0.22252239967]
    ],
    [
      [5.7285921043e-06, 0.00025372134168, 0.25470053814, 0.33243369058, 0.41260632135],
      [0.61188913132, 0.059715904637, 0.14856763506, 0.00025880975515, 0.17956851923],
      [0.15459881951, 0.62321810132, 0.10920803271, 6.1129797925e-05, 0.11291391667],
      [0.00036552202342, 0.011992824728, 0.76937886742, 0.062746551038, 0.15551623479],
      [0, 0, 0.04620639243, 0.78512801377, 0.1686655938],
      [2.0717823364e-11, 0.000152574325, 0.001871283285, 0.85604709504, 0.14192904733]
    ],
    [
      [0, 0.00021732412393, 0.22063475995, 0.3696912812, 0.40945663473],
      [0.71782340691, 0.044365325738, 0.099695567909, 0.00027825843465, 0.13783744101],
      [0.22184179604, 0.57577759742, 0.093118735783, 0.00024444811278, 0.10901742264],
      [0, 0.012980070625, 0.73873748076, 0.077543254595, 0.17073919402],
      [0, 0, 0.036973731197, 0.80795053165, 0.15507573715],
      [2.891361426e-11, 0.00013161987112, 0.0014839593485, 0.86945869974, 0.12892572101]
    ],
    [
      [0, 0.00016549220237, 0.25824382902, 0.27558518352, 0.46600549526],
      [0.66416193324, 0.051792043804, 0.12108710997, 0.0001723887953, 0.16278652419],
      [0.18469580956, 0.60181965817, 0.099669513058, 6.9303864643e-05, 0.11374571534],
      [0, 0.012927239098, 0.76459336902, 0.050940293047, 0.17153909883],
      [0, 0, 0.052629469732, 0.73337044089, 0.21400008938],
      [0, 0.00017172229653, 0.0021760301104, 0.81425825874, 0.18339398886]
    ],
    [
      [0, 0.00021900679927, 0.2307402055, 0.28062296801, 0.48841781969],
      [0.64870829702, 0.055166158352, 0.11482173888, 0.00031333724832, 0.18099046851],
      [0.17438890099, 0.61377350973, 0.090273931815, 0.00043720400361, 0.12112645346],
      [0, 0.014350502592, 0.73604371103, 0.056098414, 0.19350737237],
      [0, 0, 0.046354884761, 0.73412896539, 0.21951614984],
      [0, 0.00017910917591, 0.0018937947636, 0.81049058143, 0.18743651463]
    ],
    [
      [7.7315774752e-06, 0.00020417603293, 0.26420392053, 0.32189458682, 0.41368958504],
      [0.56077472851, 0.063520106402, 0.17328867306, 0.00027776897028, 0.20213872305],
      [0.13097245812, 0.63093322665, 0.11928721717, 7.3823664546e-05, 0.1187332744],
      [0.00022208322683, 0.011016333241, 0.77808689829, 0.059044312139, 0.1516303731],
      [0, 0, 0.048828694333, 0.77725586795, 0.17391543772],
      [1.6818156889e-11, 0.00014593567784, 0.0019969926302, 0.85130033167, 0.14655674001]
    ],
    [
      [0, 0.00014521077998, 0.23667359612, 0.36908727442, 0.39409391868],
      [0.48023142035, 0.07592621497, 0.19788293705, 0.00052601038129, 0.24543341725],
      [0.090508341884, 0.66435363967, 0.1196288023, 0.00034994922729, 0.12515926692],
      [0, 0.011652882142, 0.75748930943, 0.074361281706, 0.15649652672],
      [0, 0, 0.039990150378, 0.81044753838, 0.14956231124],
      [0, 0.00011967461214, 0.0016044387143, 0.87317735744, 0.12509852923]
    ],
    [
      [1.4329301604e-05, 0.00048342126327, 0.19181249899, 0.2857494174, 0.52194033305],
      [0.4797716879, 0.065484931228, 0.15044529964, 0.00089502403884, 0.30340305719],
      [0.10893766089, 0.62016711494, 0.10037622937, 0.001085551381, 0.16943344342],
      [7.6189685479e-05, 0.013954927217, 0.69173098465, 0.066767071717, 0.22747082673],
      [8.7767724075e-05, 0.0019894200602, 0.04114511643, 0.73296692562, 0.22381077017],
      [4.4780378227e-07, 0.00014260693726, 0.0015561531371, 0.80143817437, 0.19686261775]
    ],
    [
      [8.418769715e-08, 0.00038742601625, 0.27977857246, 0.29554892663, 0.42428499071],
      [0.59995078534, 0.088450401885, 0.1462252634, 0.0002027069802, 0.16517084239],
      [0.11564838093, 0.72182138015, 0.082838545014, 4.7823362586e-05, 0.079643870542],
      [1.0379107337e-06, 0.019504506576, 0.78167883925, 0.051640073351, 0.14717554292],
      [5.6965738554e-07, 0.00036703093712, 0.055661007264, 0.75591897544, 0.1880524167],
      [2.447796552e-11, 0.00027409665344, 0.0022650799623, 0.83638296823, 0.16107785513]
    ],
    [
      [0, 0.00017145724747, 0.19139470135, 0.34732599436, 0.46110784704],
      [0.41712891151, 0.0617658917, 0.18664719756, 0.00049444746538, 0.33396355176],
      [0.087524668836, 0.60586458217, 0.12152905203, 0.00022030626084, 0.1848613907],
      [0, 0.0094538810775, 0.70264788237, 0.079174156229, 0.20872408032],
      [0, 0.00037680926821, 0.033720947124, 0.78572026757, 0.18018197603],
      [7.2939678858e-12, 8.5714391806e-05, 0.0013350344746, 0.84793079493, 0.1506484562]
    ],
    [
      [0, 7.4168428541e-05, 0.22251718841, 0.33012740174, 0.44728124142],
      [0.43318229073, 0.094010386152, 0.18940345027, 0.00039422544039, 0.28300964741],
      [0.052915230145, 0.71961730955, 0.10498555396, 5.4543633565e-05, 0.12242736271],
      [0, 0.014049620916, 0.73491923949, 0.067674850788, 0.18335628881],
      [0, 0, 0.039662792933, 0.7764374689, 0.18389973817],
      [0, 0.00014953663024, 0.0016296741797, 0.84494580094, 0.15327498825]
    ],
    [
      [0, 0.00011076416531, 0.20219654393, 0.34573169641, 0.4519609955],
      [0.41470764976, 0.087619069719, 0.18684430833, 0.00042369007766, 0.31040528212],
      [0.054276950154, 0.70570328843, 0.10147758059, 0.00010610188895, 0.13843607894],
      [0, 0.013106084087, 0.71375242704, 0.075604416597, 0.19753707228],
      [0, 0, 0.035199073928, 0.78629289179, 0.17850803429],
      [0, 0.00012435020448, 0.0014197550334, 0.85006268817, 0.14839320659]
    ],
    [
      [0, 0.00026478325375, 0.22918008034, 0.33622054792, 0.43433458848],
      [0.47775026825, 0.062189044679, 0.19059623548, 0.00033883855422, 0.26912561303],
      [0.11063043286, 0.6045275649, 0.12924291831, 8.7099339224e-05, 0.15551198459],
      [0, 0.010779575181, 0.74549279475, 0.068239792582, 0.17548783749],
      [0, 0.0013187429573, 0.040629466888, 0.78285333729, 0.17519845287],
      [1.108845755e-11, 0.00010857026924, 0.0016612093945, 0.85081051735, 0.14741970298]
    ],
    [
      [0, 0.00020489453429, 0.27459852688, 0.2761538356, 0.44904274299],
      [0.65257840381, 0.04837647459, 0.13464753358, 5.4249788165e-05, 0.16434333823],
      [0.18732930506, 0.58030396839, 0.11390552451, 0, 0.11846120204],
      [0, 0.010980984777, 0.78065737178, 0.048666488967, 0.15969515448],
      [0, 0, 0.056332892292, 0.73645210954, 0.20721499816],
      [0, 0.00016356611727, 0.0023255052853, 0.8196527796, 0.17785814899]
    ],
    [
      [0.00011584591675, 0.0004171618018, 0.23403180379, 0.34445468963, 0.42098049887],
      [0.69427298811, 0.062490267109, 0.10383034119, 0.00018444200995, 0.13922196158],
      [0.17637259205, 0.65902849961, 0.076803961334, 3.8804957135e-05, 0.087756142046],
      [0.00076110486486, 0.019052145405, 0.74531677873, 0.068589343309, 0.16628062769],
      [0.00075068325358, 0.0008583427564, 0.040952430949, 0.79090455678, 0.16653398626],
      [2.9573946702e-11, 0.00020096246689, 0.0016664012323, 0.85784620306, 0.14028643321]
    ],
    [
      [0, 6.5039905435e-05, 0.23041317065, 0.33916457573, 0.43035721372],
      [0.63915583684, 0.046847597508, 0.13110900957, 0.00019267676314, 0.18269487932],
      [0.18539582462, 0.56902945576, 0.11239172503, 0, 0.13318299458],
      [0, 0.0099362173236, 0.74737666196, 0.06846626068, 0.17422086004],
      [0, 0, 0.040482356469, 0.78630570151, 0.17321194202],
      [0, 0.00011146205218, 0.0016549227993, 0.85366855229, 0.14456506286]
    ],
    [
      [0.00012276532865, 0.00013329076724, 0.26094784209, 0.34147879856, 0.39731730326],
      [0.56838246496, 0.049605043775, 0.17866570224, 0.00040634856526, 0.20294044046],
      [0.15496855906, 0.56532660805, 0.14185856365, 0.00030523703001, 0.13754103222],
      [0.00092506226268, 0.0084887115705, 0.77922524298, 0.063921541476, 0.14743944171],
      [0.00080104427055, 0, 0.045570446406, 0.79372679227, 0.15990171706],
      [5.3376388696e-06, 0.00010261681447, 0.0018793840728, 0.8635292121, 0.13448344938]
    ],
    [
      [2.5098362433e-06, 0.0002472511745, 0.27558141235, 0.29442812671, 0.42974069993],
      [0.59718842383, 0.071601746785, 0.15306528411, 0.00019740981402, 0.17794713546],
      [0.1329065345, 0.66824714887, 0.099818697105, 1.422944635e-05, 0.099013390081],
      [1.2303742229e-05, 0.014870675292, 0.78104204165, 0.052146972555, 0.15192800676],
      [1.5399497196e-05, 1.0728603952e-05, 0.054611233241, 0.75409936576, 0.1912632729],
      [2.3093849082e-11, 0.00021002200844, 0.002235574009, 0.83427253074, 0.16328187322]
    ],
    [
      [5.2077325217e-05, 0.00021776501962, 0.24007727529, 0.33055794329, 0.42909493908],
      [0.63990654572, 0.067128689821, 0.12552260279, 0.00021310995461, 0.16722905171],
      [0.15057331775, 0.66400410057, 0.086737089589, 1.5688680771e-05, 0.098669803415],
      [0.00054513610104, 0.015863249174, 0.75140647398, 0.064608310972, 0.16757682977],
      [0.00010037789645, 0, 0.043710810264, 0.78027721404, 0.1759115978],
      [2.368442735e-11, 0.00018939966024, 0.001767412008, 0.85019975837, 0.14784342994]
    ],
    [
      [0.00017608191174, 0.00057024825106, 0.27908582782, 0.291023589, 0.42914425302],
      [0.66246528554, 0.081505570055, 0.12017938361, 0, 0.1358497608],
      [0.14188788914, 0.7137233993, 0.074641194821, 0, 0.069747516743],
      [0.002288519984, 0.022912430547, 0.77890950122, 0.050197122803, 0.14569242544],
      [0.0016660076922, 0.0014837185869, 0.055943288912, 0.75232954109, 0.18857744372],
      [3.3734475558e-11, 0.00031061842516, 0.0022736216023, 0.83356023236, 0.16385552758]
    ],
    [
      [0, 0.00029373585181, 0.28624983242, 0.27833230231, 0.43512412941],
      [0.69564812537, 0.043035455297, 0.12283159474, 0, 0.1384848246],
      [0.21655895999, 0.56164618021, 0.11334517565, 0, 0.10844968415],
      [0, 0.011111236224, 0.79194375976, 0.047586732459, 0.14935827155],
      [0, 0, 0.059154932781, 0.74136585666, 0.19947921056],
      [3.7003118347e-11, 0.00017087675731, 0.0024112149912, 0.82562384323, 0.17179406498]
    ],
    [
      [0, 0.00031164096465, 0.24625984464, 0.32734800315, 0.42608051124],
      [0.6836309419, 0.050923445698, 0.1158857465, 0.00010523681029, 0.14945462909],
      [0.19490376492, 0.60183152412, 0.096847705593, 0, 0.10641700537],
      [0, 0.013773789303, 0.7594318814, 0.06309475657, 0.16369957272],
      [0, 0.00016541622973, 0.045376408993, 0.77917801586, 0.17528015892],
      [0, 0.00016345423243, 0.0018278874456, 0.85008076847, 0.14792788986]
    ],
    [
      [0, 0.00022635963216, 0.23480613255, 0.33282352377, 0.43214398405],
      [0.25682371419, 0.067496992132, 0.28498173726, 0.00054920485553, 0.39014835156],
      [0.0077707519523, 0.63314497037, 0.1657675754, 0.00020226645017, 0.19311443583],
      [0, 0.0077567676457, 0.75403453908, 0.066150393622, 0.17205829966],
      [0, 0.00078668478078, 0.041531405827, 0.78190551448, 0.17577639491],
      [4.0271236029e-12, 7.9644812832e-05, 0.0017097744946, 0.85087928618, 0.14733129451]
    ],
    [
      [0, 5.1046574349e-05, 0.26545065331, 0.34838937526, 0.38610892485],
      [0.55111595733, 0.080237248367, 0.17682285685, 0.00038759690362, 0.19143634055],
      [0.10482608221, 0.69430264277, 0.1053198432, 0.00027936077578, 0.095272071048],
      [0, 0.012967673867, 0.78270346125, 0.064214345287, 0.14011451959],
      [0, 0, 0.047149962915, 0.80034339651, 0.15250664058],
      [0, 0.00014966679651, 0.0018994140865, 0.86913254416, 0.12881837496]
    ],
    [
      [0, 0, 0.27238342993, 0.36374692187, 0.3638696482],
      [0.46925008145, 0.11562087987, 0.20774783202, 0.00065179663275, 0.20672941003],
      [0.050561450041, 0.77017044292, 0.099729441091, 0.00089306829336, 0.078645597652],
      [0, 0.01672299325, 0.78763629977, 0.066904171545, 0.12873653543],
      [0, 0, 0.047917415922, 0.81416811835, 0.13791446573],
      [1.1134462031e-11, 0.00020805585635, 0.0018791810215, 0.87978747204, 0.11812529107]
    ],
    [
      [0.0002389899102, 0.00058128511655, 0.29791197158, 0.33650576662, 0.36476198678],
      [0.64283592555, 0.10513666468, 0.13198169573, 0.00045695011405, 0.11958876393],
      [0.10716427648, 0.77613208889, 0.066515565992, 0.00047917278192, 0.049708895848],
      [0.0012269727215, 0.025794812704, 0.79972352362, 0.057607763432, 0.11564692753],
      [0.0014651136026, 0.00077318489194, 0.057762400966, 0.79743713264, 0.1425621679],
      [2.6883672437e-11, 0.00034289532631, 0.0021915027404, 0.87090993791, 0.12655566399]
    ],
    [
      [0, 0.00011972210535, 0.1927841555, 0.39985676663, 0.40723935577],
      [0.47590384501, 0.068750682144, 0.17726339056, 0.00056636655898, 0.27751571573],
      [0.095309753034, 0.64042483361, 0.1153366132, 0.00033469199356, 0.14859410817],
      [0, 0.0094544471127, 0.71449164437, 0.091146616687, 0.18490729183],
      [0, 0, 0.029161837828, 0.82550475759, 0.14533340458],
      [0, 7.5552483235e-05, 0.0012025313678, 0.87975714029, 0.11896477586]
    ],
    [
      [0, 0.00036602729006, 0.28353356363, 0.25176078931, 0.46433961977],
      [0.69828050147, 0.051231290754, 0.11298885299, 0.000321271669, 0.13717808312],
      [0.19929760571, 0.60863300382, 0.094393118376, 0.00027360699348, 0.097402665103],
      [0, 0.01515490982, 0.78274569737, 0.043914712521, 0.15818468029],
      [0, 0.00097194853001, 0.062167520714, 0.71151200858, 0.22534852218],
      [4.2639334155e-11, 0.00023459166123, 0.0025719463084, 0.79980391617, 0.19738954582]
    ],
    [
      [0, 0.00029678363735, 0.25366897952, 0.30112479159, 0.44490944525],
      [0.66670385246, 0.056275176766, 0.11991209029, 0.00011389869192, 0.15699498179],
      [0.17643777724, 0.62653925303, 0.093097401998, 1.6685463676e-05, 0.10390888227],
      [0, 0.014693508435, 0.76199619149, 0.056398704192, 0.16691159589],
      [0, 0.00028574548095, 0.049080091123, 0.75695549778, 0.19367866562],
      [2.9623157495e-11, 0.00018923586085, 0.0020054897937, 0.83319732855, 0.16460794577]
    ],
    [
      [9.1209911132e-05, 0.00027961431375, 0.2569215877, 0.38798663184, 0.35472095623],
      [0.66546166592, 0.057986158698, 0.13689762763, 0.0012077313249, 0.13844681643],
      [0.17430401583, 0.63067900585, 0.10539907429, 0.0017270454435, 0.087890858586],
      [0.0003657265928, 0.013890525146, 0.78042507845, 0.075059871555, 0.13025879826],
      [0.00051010115515, 0.0003520965128, 0.044418850003, 0.82892414074, 0.12579481159],
      [2.1936728676e-11, 0.00014417903185, 0.0016780509821, 0.88912509459, 0.10905267537]
    ],
    [
      [0.0001295839877, 0.00051693789551, 0.256808013, 0.34079859883, 0.40174686629],
      [0.68726621759, 0.075019852946, 0.11001357428, 0.00027626489127, 0.1274240903],
      [0.15571534888, 0.70156941047, 0.072613211619, 0.00025149310379, 0.069850535934],
      [0.0020852528358, 0.022640298606, 0.76592130545, 0.063868806278, 0.14548433683],
      [0.0015766069536, 0.0013296955929, 0.046267841198, 0.79233109151, 0.15849476474],
      [1.0798696316e-05, 0.00025752899597, 0.0018565362385, 0.86201944279, 0.13585569328]
    ],
    [
      [1.1515680123e-06, 0.00030104315362, 0.22547012399, 0.31896112137, 0.45526655992],
      [0.63505816651, 0.059842483162, 0.12158399323, 0.00028951027988, 0.18322584682],
      [0.16398032307, 0.628540348, 0.090759067525, 0.00018960391909, 0.11653065748],
      [1.4156307832e-05, 0.015397686422, 0.73339725479, 0.065751817484, 0.185439085],
      [2.2847013597e-05, 0.00048289131286, 0.042128970813, 0.76682257985, 0.19054271101],
      [7.4319071256e-08, 0.00017112256144, 0.0017092808673, 0.8367021531, 0.16141736915]
    ]
  ],
  "expected_outcome": [
    [
      [0, 2.3967152766e-05, 0.0034382519438, 0.0002387817709, 0, 0, 0, 0, 0.00038769517936, 0, 0.0044651799352, 0.0003682139881, 0.0011004440467, 0.0099349368331, 0.0055753583069, 2.8642960521e-05, 0, 0, 0, 0.00013143681708, 0, 0.00045853765134, 3.0307570974e-06, 0, 0, 0, 0, 0, 0.0028961479187, 0, 0.0028236025589, 9.2863941002e-05, 0.0016143970817, 0.0022890648526, 0, 0, 0, 0, 0, 0.0054967679346, 0, 0, 0, 0.0024626676006, 0.0015550078525, 0.00010709582515],
      [0.0060350748684, 0.0014088536566, 0.0018008392332, 0.0026427633127, 0.0020515670595, 0.0029115943357, 0.0088480343379, 0.0046715215077, 0.0040957664906, 0.0054687795211, 0, 0.0045051651608, 0.004638263464, 0.0005974714148, 0.0088914924209, 0.0012686067084, 0.0019559171154, 0.002647875238, 0.0030660951898, 0.0034709925599, 0.0049371665192, 0.015469480425, 0.013947336585, 0.0020574869696, 0.0020025475706, 0.0026583399675, 0.00423653206, 0.0040978906858, 0.010429045045, 0.0012357582033, 0.0030656876465, 0.0091482934564, 0.0067507156081, 0.0074132272638, 0.00323109437, 0.0046746144697, 0.0045271926433, 0.0016334903792, 0, 0.013369557681, 0.00059861052677, 0.0047583547707, 0.0041549709229, 0.0075495864714, 0.0062032547461, 0.027997013286],
      [6.4236817895, 0.6696922626, 9.9032305741, 4.2999899024, 3.6215853924, 3.0659698162, 4.7136342115, 4.5285289147, 3.723101007, 5.5771565932, 6.3982521272, 4.6959272144, 3.8403227306, 9.6916639979, 5.9987289018, 1.2735026907, 1.9857128395, 4.1319012643, 3.2303628769, 4.4914666491, 8.0469022681, 6.1379999675, 10.0720286087, 2.2967364162, 6.0079640871, 4.8527170542, 3.6668812855, 5.4919705375, 5.8507950946, 4.3778502423, 6.001800368, 10.1965122569, 7.4423955339, 3.6281157616, 3.1487481566, 3.6938976696, 4.6961226509, 8.4944209059, 8.4438863278, 6.8519753463, 0.96392077748, 3.6859363272, 3.5513657133, 6.9368828679, 3.081696156, 20.9687215312],
      [14.5923386642, 1.1848283859, 15.1744621969, 6.9387086958, 6.3933044804, 3.7345086451, 9.0344288051, 7.3702842515, 5.5831063304, 7.3305420461, 10.5618474157, 6.1280678554, 6.451990723, 13.3973798014, 7.3283719549, 1.6621684529, 3.3272215308, 4.4093629364, 3.9287215522, 5.4722079759, 12.5489673303, 9.1439813567, 10.6397613585, 4.1679119323, 8.9134398471, 8.2975607139, 5.3795287667, 5.523076712, 8.6113672407, 6.4441269389, 7.8540123668, 10.8938406882, 10.2472962419, 3.783306657, 3.0616553254, 4.9102200473, 6.6564704755, 11.1484600084, 11.2761545778, 7.7396326322, 1.9992838332, 3.2728902611, 4.2157470823, 10.4756390597, 4.0895831859, 29.6633842874],
      [12.9779444715, 1.1440465307, 19.9170681378, 9.7584198567, 6.9830585601, 5.1966099443, 9.243088949, 10.0965153123, 5.689309201, 13.0868325811, 12.0354352772, 10.1711315511, 10.7019478389, 20.9004237925, 15.6584322926, 2.0630316068, 3.6851097126, 7.4560879241, 6.8378494757, 7.0327229457, 13.3991932351, 16.7020906577, 15.2742596654, 5.5332941645, 12.0765935183, 10.8470638919, 6.9493534157, 8.9808548598, 10.5245124717, 8.1767870606, 9.138297975, 15.9004058975, 13.3019431115, 5.5788752893, 4.7863654236, 6.3912076686, 8.642879681, 12.3554855953, 11.2799590943, 8.3895256959, 2.0361967788, 6.036415057, 6.2287322335, 9.5774658183, 4.8209623955, 42.3397900723]
    ],
    [
      [7.001742645, 9.8681171608, 4.5485949894, 11.316137216, 4.1610839672, 7.1008385446, 12.6644905622, 8.2889709078, 5.467300892, 10.561072556, 7.9217814688, 29.1179256625, 19.9917424316, 20.229326612, 44.5983915079, 32.4301239602, 60.2971661801, 39.8497159943, 41.517331009, 12.8978187558, 10.5650912477, 19.6706392041, 21.5982282723, 3.3370312921, 3.4654583258, 5.8059070966, 19.5877609984, 40.4598610365, 35.4079223937, 30.6794801682, 25.5772109234, 22.0959716816, 19.8371029173, 52.9972228432, 67.4778681608, 79.9848202027, 3.8523557129, 4.960043616, 8.9157515475, 12.2138825855, 3.331326915, 57.2590011205, 40.0022311475, 39.9276999552, 31.6142460089, 284.5060585979],
      [1.4050177378, 1.3802413852, 0.51034078571, 1.0468151787, 0.96995741812, 1.8343937021, 2.2463273613, 1.4058276623, 0.72349611864, 1.6653888359, 0.61025752423, 2.9381680951, 1.8753803872, 1.6529568545, 4.0652264767, 3.1649429458, 3.726687362, 3.1075226283, 3.5306341345, 1.4609624473, 1.6703767293, 2.6848821803, 3.1842144679, 0.4941271336, 0.75208308922, 1.2266669761, 2.5497508319, 2.9993414246, 3.1870036226, 2.2486846804, 2.2322269699, 2.6492646311, 2.0809893845, 6.5204456044, 4.1744391638, 5.9580431467, 1.012454882, 0.7221352353, 2.1967967175, 1.9975966289, 0.48125477501, 4.2009658418, 3.376510606, 3.4791695219, 3.4509132355, 26.8094324565],
      [3.8227978673, 1.6514641815, 1.5779334126, 2.0970867622, 2.8211267725, 4.0063161741, 8.5606781324, 3.4957862458, 1.3133200276, 2.4656516726, 2.6923287813, 5.7144465233, 3.2974745996, 5.0318768993, 9.7097639271, 7.8740846581, 8.3744277043, 7.2652265981, 7.3485912883, 3.9856394804, 4.353424615, 6.1682572853, 5.2641094825, 1.4931775805, 1.5152276022, 2.6158203166, 7.8144456548, 8.3481470819, 5.2953474007, 6.2932324593, 8.0399566008, 5.6634155122, 3.8912006865, 9.6143506884, 11.9146646896, 13.5586323406, 4.2747260589, 1.5914057117, 3.9472088084, 2.5076522189, 1.2408437339, 9.265085945, 7.1947254177, 8.2138576576, 5.0606244169, 54.4696289665],
      [0.015657910059, 0.006691413998, 0.0033873437034, 0.0038819543767, 0.0075259047763, 0.0047161759142, 0.028574807431, 0.0082012178174, 0.003565805962, 0.0082320886201, 0.0065795091456, 0.016755835009, 0.018648343492, 0.011890260975, 0.11820420285, 0.013716917023, 0.023373708511, 0.010343327718, 0.020053583893, 0.0063886863164, 0.011572228388, 0.036695985593, 0.007297451287, 0.003955579723, 0.0031538035231, 0.0059316610872, 0.013892380723, 0.0033634868662, 0.0094065425076, 0.0092484846307, 0.018285685437, 0.0073041631188, 0.006606408593, 0, 0, 0.012312706804, 0.008238072833, 0.0034883721326, 0.012384136022, 0.0086820521669, 0.0039645659129, 0.026344276858, 0.0068339215151, 0.072463879493, 0.012708184998, 0.12970060539],
      [5.7547838399, 2.0934858585, 2.3597434686, 3.5360788887, 4.0403059374, 5.0537354032, 12.4999291367, 5.8012139663, 1.4923171558, 4.2996548469, 3.7690527165, 9.2127038841, 6.8167542382, 8.0739493732, 18.5084138854, 9.517131519, 11.5783450451, 9.7671914515, 11.5833899843, 4.6491906303, 5.3995351796, 12.4395253446, 5.9461503261, 2.6717084141, 2.2640771793, 4.3456739497, 11.0341501343, 10.1892869701, 7.1003200405, 8.7693542075, 9.1323198205, 6.5840440121, 5.1841006031, 10.867980864, 13.4330279858, 17.4861916033, 5.8522252733, 1.7229270649, 3.9278587906, 2.2721865146, 1.9426100101, 11.2486028159, 9.4196989074, 8.3068089858, 5.8615081537, 82.0851793738]
    ],
    [
      [1.998257355, 1.9740937679, 3.3573957786, 4.664121981, 0.83891603277, 0.89916145536, 4.3355094378, 3.7110290922, 3.4553139828, 4.438927444, 4.7242250245, 15.8324120238, 7.8881511232, 10.5570268525, 23.0591103892, 25.5088052189, 43.7028338199, 27.1502840057, 33.482668991, 7.0725127382, 4.4349087523, 7.2988232797, 7.4014963797, 1.6629687079, 1.5345416742, 1.1940929034, 7.4122390016, 24.5401389635, 18.3427495734, 21.3205198318, 11.1577362521, 10.8983358287, 12.0458654199, 18.4454255882, 22.5221318392, 30.0151797973, 0.14764428709, 3.039956384, 3.0842484525, 3.4292568475, 2.668673085, 16.7409988795, 11.9977688525, 17.9533136308, 17.751549772, 95.4365480272],
      [23.3314821339, 12.9123426546, 16.6671950571, 19.0255754765, 16.3084258723, 9.0675975803, 38.1995802112, 30.7435856203, 20.5568152211, 31.4596933556, 15.7838382409, 66.590019188, 31.518703543, 36.2471215189, 85.8677085067, 102.8309867179, 113.4281866921, 88.4674897512, 117.8445138682, 34.0703942391, 32.5533283439, 41.5511967009, 46.1965683295, 11.5114270613, 20.8689019768, 15.5254723455, 40.5033468485, 76.0198198589, 68.5389639595, 65.4383874126, 40.7035157793, 54.7962662075, 53.1203280453, 92.7840419085, 58.4112027414, 92.6820547145, 12.029754437, 20.1347766404, 46.9803970182, 24.8362268446, 17.931895341, 51.1251723208, 42.6046692059, 64.9599376024, 79.9789127931, 365.8104825376],
      [4.2333538806, 1.0159676298, 3.5064949106, 2.5892376616, 3.1362557063, 1.4625828584, 10.0098918355, 5.199119986, 2.5364645349, 3.355988992, 4.783212214, 9.0876526782, 3.8370821627, 7.6971592612, 14.73761355, 18.0193253964, 18.3443909493, 14.6514184196, 17.3325949085, 6.4415097271, 5.8618113127, 6.7252073679, 5.3016668809, 2.3090519886, 3.0445810649, 2.232506773, 8.6592755265, 14.9216237107, 7.9876119788, 12.9250483787, 10.2138165825, 8.1851331626, 6.9389671671, 9.7033553267, 11.787898268, 14.9145466614, 3.1495839326, 3.0542754527, 6.0834959066, 2.1284981117, 3.2294251695, 7.9290219436, 6.3306233358, 10.8561046517, 8.2779061246, 52.8217772997],
      [0.020840633111, 0.0050641515981, 0.0037023950805, 0.0015532256388, 0.006408117788, 0.0007394530632, 0.034936580893, 0.0074357922292, 0.010619648066, 0.022819004068, 0.0087849199075, 0.040822118609, 0.032753689836, 0.01734678454, 0.3868414495, 0.010086416658, 0.048156278218, 0.010187668102, 0.083943168694, 0.0039864778855, 0.017147512137, 0.072731942526, 0.0030606952055, 0.0041858189559, 0.0015817653734, 0.0023342415568, 0.005835655728, 0, 0.004035715542, 0, 0.021977066161, 0.0011668146007, 0.0012550944617, 0, 0, 0, 0.0038430625533, 0.0081014624975, 0.054477165895, 0.015333529021, 0.0093713758198, 0.022982987452, 0.00113461153, 0.17788568068, 0.028670213833, 0.11034948091],
      [5.4160659974, 1.092531796, 4.4652118587, 3.7195116552, 3.7099942709, 1.5699186529, 12.4200819346, 7.3388295093, 2.4407866131, 4.7225712044, 5.6999396007, 12.4490939914, 6.7233094813, 10.4813455828, 22.9487261045, 18.6307962501, 21.4764322604, 16.7206201555, 23.2562790636, 6.4115968177, 6.1328040789, 11.352040709, 5.0972077147, 3.5123664232, 3.5503935186, 3.0455937366, 10.4193029676, 15.518417467, 9.1266387727, 15.3160443768, 9.9029543199, 8.1190979867, 7.8935842732, 9.0671771766, 11.2787671514, 16.3882188268, 3.6691742807, 2.7628900604, 4.7973814568, 1.5906846671, 4.1606350287, 8.1818238687, 7.0658039943, 9.0527584344, 7.9629610965, 67.8208426545]
    ],
    [
      [0, 0.063037798076, 0.090569282165, 0.019502021226, 0, 0, 0, 0, 0.076995706858, 0, 0.28877865648, 0.049294099727, 0.035907355579, 0.12463143846, 0.145325106, 0.061042177911, 0, 0, 0, 0.029537069168, 0, 0.012876056846, 0.00013389048465, 0, 0, 0, 0, 0, 0.12482119784, 0, 0.11563278284, 0.0021039399212, 0.095943953783, 0.35014355756, 0, 0, 0, 0, 0, 0.14478278114, 0, 0, 0, 0.039498472023, 0.40245379731, 0.015133093072],
      [2.1939268002, 2.7055622925, 0.8205665847, 0.92496658144, 0.71947446364, 1.0684020971, 1.6883373006, 1.7766767226, 1.7154200405, 1.8692214385, 0.60590423489, 2.4673075517, 1.6012778063, 1.0993241551, 1.9101998767, 2.0028017296, 1.8431700287, 1.4219963007, 1.6216067929, 1.4651723211, 1.7712380857, 2.3583826996, 2.5160813483, 0.91702646452, 1.3768628497, 1.2450779883, 1.6169362771, 1.9765772598, 3.1245518463, 1.3115806867, 1.0610889463, 2.5428854749, 2.7919318547, 3.5056018737, 1.4111270005, 2.3277703923, 0.84548767338, 1.1411553003, 1.8228062643, 3.043787899, 0.58617572099, 2.4854052105, 2.9680887039, 1.5001767158, 4.369577631, 16.460126785],
      [144.0555170996, 82.7130440133, 70.7205263396, 53.6801102857, 52.9131513941, 66.8561274425, 125.7573466925, 106.8188329052, 83.6575400794, 69.3233018175, 94.3876601589, 121.7364712783, 69.2533607604, 87.7768932478, 104.5712017381, 128.4862708584, 104.9007222675, 84.1052705927, 83.1729393469, 103.4855574732, 115.1383750341, 116.9025364059, 100.8365702628, 68.1568445899, 72.0220854698, 67.8064805685, 111.8239192119, 140.5183269207, 122.2319517121, 98.6537193782, 97.4031553724, 133.5581891227, 132.2475394213, 119.173153687, 100.5768574898, 128.3439879571, 82.1897647593, 68.8779045901, 85.8523566752, 94.3673757869, 44.2984819509, 128.3702943693, 153.9232306801, 84.2859084723, 147.8228119514, 784.0016653675],
      [20.8532013996, 9.2367875435, 6.7413091155, 5.3554381335, 5.7990068103, 4.9933391155, 15.2028472204, 10.8658781694, 7.8921799398, 5.7746416494, 9.7235178504, 10.0239379309, 7.3659503187, 7.6103601896, 8.3633027983, 10.4786740234, 11.0111421525, 5.6034322352, 6.339120782, 7.8528935145, 11.3029148192, 11.2836351202, 6.6615694623, 7.6798931542, 6.6321353772, 7.1824195767, 10.2359688872, 8.759968014, 11.2486523027, 9.0375464098, 7.9901926845, 8.9171323068, 11.3710627311, 7.6801597889, 6.0435150223, 10.6630138603, 7.2103929048, 5.6508623853, 7.2925546984, 6.797716085, 5.6510902346, 7.2020128535, 11.3925382467, 8.1064661279, 12.3266796116, 70.2886928904],
      [35.8973547007, 17.2815683526, 17.627028678, 15.0199829781, 12.5683673321, 14.0821313449, 30.3514687865, 29.5386122028, 15.6578642335, 20.0328350946, 21.9941390993, 32.7229891394, 23.743503759, 23.3887909691, 33.009970481, 25.9712112107, 24.2449655513, 18.8693008714, 21.8663330782, 20.166839622, 23.787472061, 38.4425697174, 18.9856450361, 20.2462357914, 17.9689163033, 18.7660218665, 26.3231756238, 28.7451278055, 27.270022941, 22.9971535253, 18.429930214, 25.9796891556, 29.4935220392, 22.2909410929, 18.9685004874, 27.6652277904, 18.7543546624, 12.3300777243, 14.0322823621, 13.646337448, 11.4642520935, 25.9422875668, 33.7161423694, 14.0679502119, 28.0784770086, 198.234381864]
    ],
    [
      [0, 0.094716653918, 0, 0, 0, 0, 0, 0, 0, 0, 0.060749670245, 0, 0.083098645645, 0.079080160198, 0.19159100911, 0, 0, 0, 0, 0, 0, 0.017202473919, 0.00013842674469, 0, 0, 0, 0, 0, 0.12161068708, 0, 0.14659110151, 0.0034956858634, 0.019473311911, 0.20491894614, 0, 0, 0, 0, 0, 0.20658101797, 0, 0, 0, 0.077025274428, 0.23018461522, 0.042152740086],
      [0.063455903778, 0, 0, 0, 0, 0.026695026105, 0.85682785692, 0.069119980753, 0, 0, 0, 0, 0, 0, 0.14781651672, 0, 0, 0, 0, 0, 0, 0.3899263318, 0.089188517721, 0.075361853641, 0, 0, 0.32572951045, 0, 0.13905152654, 0, 0, 0.0024353930972, 0, 0.18249738619, 0, 0.027293677905, 0.10777581497, 0, 0, 0.10901906976, 0, 0.18369827217, 0.046576513394, 0.053166573433, 0.19413555656, 0.89093447223],
