{
  "Z_true": {},
  "V_true": [
    [435, 73, 435, 214, 41],
    [569, 1132, 6393, 1523, 472],
    [93, 788, 86, 16505, 310],
    [28, 2735, 236, 1275, 89],
    [12, 58, 50, 893, 404],
    [44, 117, 157, 531, 521]
  ],
  "p_true": [
    [0.3631, 0.0609, 0.3631, 0.1786, 0.0342],
    [0.0564, 0.1122, 0.6337, 0.151, 0.0468],
    [0.0052, 0.0443, 0.0048, 0.9282, 0.0174],
    [0.0064, 0.6269, 0.0541, 0.2922, 0.0204],
    [0.0085, 0.0409, 0.0353, 0.6302, 0.2851],
    [0.0321, 0.0854, 0.1146, 0.3876, 0.3803]
  ],
  "Z_est": [
    [
      [4.882, 5.394, 10.1154, 10.3237, 11.7615, 1.7377, 4.8111, 8.3703, 10.6321, 14.3921, 16.2754, 6.32, 2.6757, 5.9072, 4.3252, 14.3818, 12.1107, 3.29, 1.0849, 9.2528, 48.4523, 7.9722, 31.9586, 20.7564, 4.8287, 0, 8.8673, 4.3824, 12.8357, 5.4855, 7.5467, 14.4669, 16.1689, 26.8798, 0, 2.069, 1.7411, 1.1542, 31.4029, 7.7958, 35.6289, 1.7597, 1.3938, 1.5671, 3.0076, 1.2312, 28.5014, 6.9342, 74.8202, 9.4313],
      [0.1147, 0.1828, 0.4871, 0.6318, 0.2285, 0.0614, 0.4523, 0.4436, 0.4708, 1.1183, 1.0727, 0.3012, 0.2498, 0.2943, 0.1234, 0.7774, 0.4577, 0.0811, 0.0352, 0.4083, 1.8677, 0.4803, 1.7491, 0.8454, 0.4611, 0, 0.1458, 0.4095, 0.4425, 0.3499, 0.3919, 0.3958, 0.8761, 1.1113, 0.3356, 0.0431, 0.0249, 0.072, 1.8116, 0.7071, 1.5129, 0.0625, 0.0462, 0.0615, 0.1126, 0.1238, 1.5692, 0.3553, 2.3216, 0.2611],
      [0.6165, 1.2337, 2.1871, 1.9695, 0.761, 0.8241, 0.7355, 1.4748, 1.1436, 2.9332, 3.8814, 0.9106, 0.6474, 0.754, 0.2456, 1.9519, 2.0547, 0.5054, 0.1339, 1.6828, 7.2932, 1.4379, 5.7692, 3.3673, 1.2453, 0, 0.4606, 1.313, 1.1252, 0.5655, 1.0677, 0.9239, 3.3967, 3.9501, 0.3491, 0.2989, 0.176, 0.2619, 4.428, 1.9124, 5.2805, 0.5549, 0.3519, 0.4252, 0.4534, 0.4978, 5.098, 1.0544, 6.7714, 1.5817],
      [3.8927, 4.2871, 8.5417, 9.2432, 3.5238, 2.6883, 4.4434, 5.975, 7.7344, 15.6976, 15.688, 3.6814, 1.0021, 3.5408, 1.2432, 12.8296, 9.2051, 1.9235, 1.6328, 10.2802, 35.0789, 8.5277, 31.5581, 14.9622, 9.6007, 0, 2.0705, 6.0203, 5.6169, 2.1402, 5.0602, 5.6813, 25.3213, 20.1388, 2.2358, 1.3137, 0.959, 1.7283, 24.0346, 11.6525, 25.2605, 3.0003, 1.7624, 1.7064, 2.9515, 1.8882, 24.8261, 5.056, 29.166, 7.4126],
      [0.4941, 0.9024, 1.6687, 0.8318, 0.7251, 0.6886, 0.5577, 0.7364, 1.0192, 1.8588, 2.0825, 0.7869, 0.4251, 0.5037, 0.0626, 2.0592, 1.1718, 0.2001, 0.1133, 1.3759, 4.3079, 0.5818, 2.965, 2.0687, 0.8642, 0, 0.4557, 0.8748, 0.9798, 0.4589, 0.9335, 0.5321, 2.237, 2.92, 0.0795, 0.2752, 0.099, 0.7836, 3.3229, 1.9322, 3.3173, 0.6225, 0.4458, 0.2398, 0.4749, 0.259, 3.0054, 0.6001, 6.9208, 1.3134]
    ],
    [
      [5.8125, 5.1286, 6.9483, 2.0231, 10.5415, 0.1588, 3.7633, 4.6489, 12.074, 11.8036, 19.8776, 9.3346, 0.8137, 5.8598, 2.1458, 9.8244, 4.2492, 3.9164, 0.5065, 4.5861, 30.262, 4.9268, 32.4082, 21.57, 1.4714, 1.298, 11.2081, 1.0659, 6.3794, 2.2423, 3.5928, 12.5282, 12.7085, 26.3463, 0, 3.659, 2.1335, 0.6143, 22.5102, 4.5463, 17.7499, 0.9401, 2.0863, 0.2745, 1.4896, 1.2954, 23.3388, 3.8814, 57.2582, 1.7092],
      [6.8554, 8.3192, 16.6124, 6.9437, 10.2473, 0.5163, 16.5786, 12.2148, 26.2063, 45.0712, 68.1685, 30.1342, 4.1054, 15.024, 3.2939, 26.0374, 8.304, 5.1553, 0.8896, 9.9839, 58.2585, 14.9496, 88.1358, 42.9278, 8.7191, 1.9294, 11.5302, 5.8519, 10.9469, 7.2993, 9.4118, 18.8821, 33.9308, 55.1578, 1.6267, 3.7754, 1.6863, 2.0411, 63.3151, 23.1113, 38.2954, 1.7988, 3.3442, 0.828, 3.0037, 11.3174, 64.0041, 10.0739, 88.2735, 2.6942],
      [65.8993, 99.0649, 128.3565, 35.5655, 61.2087, 15.3293, 58.5217, 76.9248, 110.5022, 204.8531, 414.5479, 129.03, 16.0193, 66.1034, 12.6366, 113.2922, 63.8965, 56.8441, 6.1423, 71.7644, 391.4583, 77.1251, 497.8323, 294.9208, 39.2862, 10.7408, 58.3824, 31.8469, 48.8459, 21.2601, 44.6248, 73.1089, 227.85, 332.0132, 8.6442, 53.5958, 21.5308, 12.7874, 267.5517, 105.9177, 226.8868, 35.378, 50.0542, 12.7394, 21.1758, 69.9325, 355.421, 51.7221, 441.3318, 26.8696],
      [33.3226, 25.8936, 37.6915, 12.6317, 21.9125, 3.8319, 21.5904, 21.2674, 55.6676, 81.5013, 126.4298, 40.6671, 2.5244, 23.4039, 4.4648, 55.2912, 21.463, 16.9875, 4.4467, 31.0581, 141.2208, 34.0896, 205.9996, 97.6953, 23.2296, 3.8963, 19.4696, 10.1039, 16.4131, 5.7625, 15.691, 34.2724, 126.7883, 129.729, 2.4072, 17.4962, 10.422, 5.6537, 108.8885, 48.4529, 82.3819, 11.9202, 19.8697, 3.1232, 9.9864, 18.4015, 130.243, 18.528, 143.3495, 9.4755],
      [10.1102, 14.5936, 19.3912, 2.836, 12.0899, 2.1637, 7.5461, 6.9441, 19.5498, 25.7707, 42.9761, 19.8341, 2.5372, 8.6089, 0.4589, 23.5548, 7.0873, 4.0966, 1.0148, 11.6077, 44.8004, 5.9088, 49.6241, 35.8861, 5.2937, 0.1355, 11.4097, 4.1313, 8.4147, 3.4357, 7.6797, 8.2084, 29.7223, 47.7538, 0.322, 8.4735, 2.2274, 6.9035, 39.7345, 20.9717, 27.6859, 6.9629, 11.6457, 1.0349, 4.3446, 6.0532, 40.9931, 5.7945, 88.787, 4.2513]
    ],
    [
      [0.714, 0.4074, 0.4753, 0.3682, 0.2005, 0.011, 0.2703, 0.4349, 0.7577, 0.5135, 0.8642, 0.8419, 0.2538, 0.6271, 0.0761, 1.2254, 0.5626, 0.5592, 0.2159, 0.59, 1.9961, 0.4213, 2.4844, 1.408, 0.0778, 0.0505, 0.3013, 0.0806, 0.7179, 0.39, 0.44, 0.609, 0.3823, 2.3205, 0, 0.3005, 0.4199, 0.0321, 1.7102, 0.1442, 1.468, 0.0365, 0.0864, 0.0164, 0.1613, 0.0647, 2.3588, 0.3446, 2.5263, 0.3136],
      [3.4317, 3.8026, 8.2988, 6.8873, 2.6694, 0.2113, 7.0504, 6.5269, 10.9714, 18.6931, 30.2693, 16.5174, 4.5191, 9.6183, 1.7278, 20.8128, 6.666, 3.4051, 0.9997, 8.7311, 26.2903, 7.094, 48.9231, 18.7791, 6.2802, 1.7542, 3.8112, 6.3676, 11.715, 6.0888, 6.5894, 13.0755, 14.7374, 33.4241, 2.764, 1.1538, 0.7351, 1.4527, 31.8997, 10.1724, 21.759, 0.4522, 0.9469, 0.275, 1.3877, 7.6587, 46.8207, 4.9966, 45.5475, 2.5265],
      [8.5973, 9.2332, 12.3359, 6.8307, 3.4542, 2.2859, 4.9766, 7.8327, 8.5384, 16.6391, 35.469, 14.0489, 3.8556, 8.2171, 1.4007, 16.8839, 9.8477, 7.5969, 1.4494, 12.6723, 34.2514, 7.159, 53.8821, 24.737, 5.6189, 1.7708, 4.8826, 6.7576, 10.1058, 4.0022, 6.009, 10.5274, 20.9391, 38.8724, 3.3399, 4.1318, 3.6759, 2.7071, 26.2168, 9.478, 24.7499, 3.7758, 5.6357, 0.8075, 1.8746, 9.5397, 50.1063, 4.8649, 45.7705, 5.3658],
      [297.4346, 171.7823, 254.2055, 179.1273, 82.3463, 44.6262, 127.3608, 147.7696, 314.4716, 463.9446, 747.0904, 306.2493, 40.1046, 207.2853, 33.7527, 593.0976, 238.6205, 164.5027, 104.6594, 399.7467, 867.7354, 216.8498, 1536.5351, 582.9267, 235.4021, 49.3879, 105.1669, 165.8772, 258.8907, 74.1081, 148.8875, 335.7233, 771.611, 1054.082, 93.8111, 88.1379, 125.4198, 66.9719, 751.1762, 296.6524, 630.9281, 86.35, 135.5498, 15.7151, 66.7033, 175.0415, 1296.3431, 124.6673, 988.9229, 140.9725],
      [2.8223, 2.7745, 3.6846, 0.7866, 1.3297, 0.8657, 1.3418, 1.436, 3.2608, 4.2097, 7.3071, 4.3425, 1.2669, 2.2522, 0.0427, 6.9802, 2.3033, 0.936, 0.6756, 4.2599, 7.7268, 0.4759, 9.1753, 6.1493, 1.621, 0.0366, 1.838, 1.9169, 3.5706, 1.411, 2.0741, 2.0648, 5.3303, 11.301, 0.085, 1.2761, 0.7492, 0.8362, 7.9972, 3.553, 6.095, 1.3855, 1.7812, 0.186, 0.8731, 1.6954, 11.3712, 1.1266, 16.2329, 1.8217]
    ],
    [
      [0.0812, 0.104, 0.0787, 0.0671, 0.1371, 0.005, 0.1068, 0.085, 0.2678, 0.1963, 0.4761, 0.2525, 0.0057, 0.1048, 0.0228, 0.2362, 0.1318, 0.0827, 0.0137, 0.1346, 0.5306, 0.0699, 0.6297, 0.4121, 0.0237, 0.0164, 0.1242, 0.0241, 0.1659, 0.0431, 0.0537, 0.2229, 0.28, 0.7606, 0, 0.0633, 0.0475, 0.0225, 0.436, 0.0563, 0.4553, 0.0196, 0.0282, 0.0038, 0.0238, 0.0162, 0.5466, 0.0741, 0.6884, 0.093],
      [14.6792, 25.2069, 28.6646, 30.5882, 48.5355, 2.132, 61.4634, 30.2105, 82.9092, 116.9112, 268.4458, 109.7398, 5.3791, 38.3117, 17.5421, 88.9094, 36.6489, 15.9044, 3.9401, 43.1543, 146.4077, 30.054, 246.6463, 117.3676, 19.8454, 5.8516, 32.7898, 20.3553, 43.8414, 18.677, 20.4461, 53.4481, 116.5281, 228.0914, 5.843, 10.2198, 5.9294, 11.1619, 174.6492, 50.1385, 140.4137, 6.5129, 7.5321, 1.7068, 7.0706, 59.3621, 216.4316, 26.5112, 169.5244, 21.344],
      [4.6902, 9.9425, 7.4304, 5.2826, 10.026, 1.5601, 7.3691, 6.5191, 12.0057, 18.3224, 56.6007, 16.1233, 0.475, 5.7118, 2.2083, 13.3471, 9.5796, 5.8394, 0.8401, 10.5668, 34.0379, 5.2779, 48.3977, 27.8764, 3.0902, 1.002, 6.0231, 3.7546, 6.6321, 1.7749, 3.2592, 7.2797, 26.9608, 47.5707, 1.0209, 4.4678, 2.4106, 2.4675, 25.4792, 8.0111, 28.7591, 3.6765, 3.4579, 0.7316, 1.5996, 12.8565, 41.6712, 4.5959, 29.1847, 7.0019],
      [6.4376, 7.5171, 5.6639, 6.0093, 9.9798, 1.2656, 7.8883, 5.0922, 17.4729, 21.2064, 48.5721, 14.4866, 0.1291, 5.7518, 2.2207, 19.0817, 9.4699, 5.1118, 2.1841, 13.8739, 35.424, 6.5538, 57.6398, 26.8103, 4.9752, 1.1281, 5.8617, 3.7862, 7.1769, 1.4472, 3.1555, 9.9308, 42.6786, 52.5093, 1.1305, 4.1349, 3.5735, 3.2268, 29.8342, 10.5524, 29.825, 3.6775, 3.8602, 0.5469, 2.2529, 9.582, 44.611, 4.7372, 25.778, 7.3825],
      [0.1118, 0.2295, 0.1624, 0.0528, 0.3216, 0.0373, 0.1724, 0.0933, 0.3444, 0.3637, 0.9053, 0.3979, 0.0111, 0.1199, 0.0061, 0.4256, 0.1697, 0.0619, 0.022, 0.2704, 0.5998, 0.0444, 0.6865, 0.5336, 0.0655, 0.0018, 0.2011, 0.0798, 0.1837, 0.0577, 0.0855, 0.1186, 0.5525, 1.0679, 0.0056, 0.1142, 0.039, 0.1213, 0.6015, 0.2418, 0.547, 0.1135, 0.1216, 0.0109, 0.0531, 0.1832, 0.7396, 0.0815, 0.8244, 0.1786]
    ],
    [
      [0.3323, 0.1828, 0.3227, 0.1004, 0.2786, 0.0052, 0.052, 0.0806, 0.5293, 0.5446, 0.6181, 0.4672, 0.0246, 0.2995, 0.0339, 0.7773, 0.207, 0.2207, 0.0123, 0.253, 1.0265, 0.2195, 0.9333, 0.6988, 0.0635, 0.0312, 0.4042, 0.0836, 0.4731, 0.2252, 0.3273, 1.0726, 0.4953, 1.1864, 0, 0.1255, 0.1606, 0.0151, 1.195, 0.3075, 0.9642, 0.0149, 0.1433, 0.0068, 0.0399, 0.0468, 1.6672, 0.1408, 2.0479, 0.166],
      [1.7578, 1.349, 3.3778, 1.5118, 1.0814, 0.058, 0.9083, 0.9889, 5.0534, 9.0936, 9.1065, 6.6649, 0.6013, 3.4027, 0.2332, 9.0672, 1.7792, 1.3111, 0.1013, 2.4303, 8.6883, 2.9409, 11.1849, 6.1325, 1.3876, 0.3262, 1.5157, 1.808, 3.5707, 3.341, 3.8393, 6.7014, 5.7604, 10.882, 0.353, 0.6259, 0.5783, 0.2109, 14.8054, 6.2648, 9.1175, 0.1269, 1.0835, 0.0839, 0.3601, 1.2835, 20.1009, 1.6159, 13.6259, 1.1375],
      [0.3271, 0.3393, 0.5279, 0.1446, 0.1097, 0.0134, 0.0365, 0.0652, 0.4218, 0.7783, 0.9674, 0.5778, 0.0257, 0.3039, 0.0098, 0.7188, 0.2712, 0.294, 0.0082, 0.3412, 1.1301, 0.3046, 0.9593, 0.8175, 0.116, 0.035, 0.1873, 0.2028, 0.3199, 0.1525, 0.2495, 0.4512, 0.7706, 1.3013, 0.0312, 0.2016, 0.1425, 0.0158, 1.1551, 0.4218, 1.0547, 0.0203, 0.2175, 0.0369, 0.0478, 0.0941, 2.0489, 0.1708, 1.2961, 0.2313],
      [17.6058, 8.6382, 16.064, 6.0342, 4.9487, 0.5166, 2.0044, 2.7266, 22.6721, 34.4877, 35.0091, 18.8042, 0.6231, 11.2119, 0.6241, 39.387, 9.7898, 9.1379, 0.64, 16.4924, 44.1602, 14.1971, 52.4859, 29.3993, 7.7452, 1.4773, 5.8231, 7.3896, 12.3267, 5.1926, 12.3665, 24.893, 45.2011, 53.3184, 1.4568, 5.5197, 7.643, 1.0718, 52.7809, 26.6394, 41.0254, 0.9403, 11.5098, 0.6837, 2.5366, 4.1104, 85.0675, 6.2643, 46.0579, 8.9875],
      [4.9771, 4.4907, 7.7076, 1.2089, 2.5816, 0.4067, 0.9989, 1.1387, 7.3235, 10.0958, 11.2989, 8.4859, 0.7253, 3.782, 0.099, 16.0498, 2.9528, 2.0362, 0.2382, 5.4831, 12.995, 2.338, 12.4365, 9.9518, 1.6877, 0.1302, 3.0695, 2.516, 5.3096, 3.0887, 6.2174, 5.8819, 9.7727, 18.3119, 0.159, 2.5273, 1.4755, 1.6864, 18.0635, 11.3666, 12.8382, 0.8976, 7.0459, 0.1887, 1.0156, 1.4652, 25.1155, 1.8082, 26.9723, 3.4776]
    ],
    [
      [1.1781, 0.7832, 2.0597, 1.1175, 2.0808, 0.0823, 0.9966, 2.3804, 1.7392, 2.5499, 2.8886, 1.7837, 0.2264, 1.2016, 0.3962, 1.5549, 0.7388, 0.931, 0.1667, 1.1835, 6.7325, 1.3902, 7.5857, 4.1547, 0.5349, 0.6039, 2.0948, 0.3633, 2.428, 0.614, 1.0395, 3.1005, 3.965, 10.5065, 0, 1.7827, 0.4974, 0.1617, 4.7458, 1.1499, 3.7338, 0.2292, 0.2621, 0.1314, 0.2779, 0.3457, 6.5872, 1.6249, 15.659, 0.2869],
      [0.1612, 0.1395, 0.5592, 0.4371, 0.2379, 0.0211, 0.547, 0.6153, 0.3888, 1.1126, 0.9371, 0.6426, 0.1453, 0.3489, 0.0797, 0.3958, 0.1442, 0.143, 0.0341, 0.2921, 1.4875, 0.4813, 2.3608, 0.9477, 0.3066, 0.1385, 0.2073, 0.2076, 0.4836, 0.244, 0.3215, 0.4971, 1.1672, 2.3334, 0.0777, 0.182, 0.0459, 0.0614, 1.519, 0.606, 0.9016, 0.0466, 0.047, 0.0448, 0.0653, 0.2544, 2.0735, 0.447, 2.7071, 0.0367],
      [2.8695, 3.1863, 8.1622, 4.2071, 2.4404, 0.9873, 3.3606, 8.1835, 3.3883, 9.4739, 12.5336, 5.3096, 0.977, 2.9098, 0.4989, 3.8061, 2.3503, 2.9202, 0.4261, 3.9726, 18.8291, 4.6955, 25.1593, 12.281, 2.6435, 1.4514, 2.0639, 2.1251, 3.9711, 1.2447, 2.7899, 3.7088, 15.0829, 28.2923, 0.6148, 5.3041, 1.0641, 0.7602, 12.1692, 5.259, 10.269, 1.5945, 1.2828, 1.2594, 0.8487, 3.0793, 21.6546, 4.5919, 25.6455, 0.9497],
      [5.3068, 2.8818, 8.8334, 5.9544, 3.2888, 1.0714, 4.7126, 7.1692, 5.9814, 14.1623, 13.2105, 6.1114, 0.6167, 3.8064, 0.6946, 5.3128, 2.4516, 3.3366, 1.4371, 6.5487, 25.3807, 7.782, 38.7815, 15.2062, 6.0472, 2.1103, 2.6081, 2.8228, 5.5757, 1.3494, 3.8393, 6.4993, 30.3997, 38.2225, 0.9585, 5.3975, 1.9828, 1.3476, 18.2857, 9.0505, 13.5791, 2.1117, 1.4482, 1.2246, 1.5694, 2.9765, 29.9094, 5.7471, 30.7257, 0.7694],
      [5.4845, 6.0092, 15.3855, 4.2839, 5.9521, 1.838, 5.3831, 9.6515, 7.5024, 14.7012, 16.4302, 10.1528, 2.0345, 4.7333, 0.3306, 9.9305, 3.315, 2.6692, 0.936, 8.003, 26.5702, 4.6511, 31.1126, 18.4104, 4.4678, 0.6959, 5.0258, 3.4812, 8.5417, 2.548, 6.0098, 5.1943, 24.3853, 50.6453, 0.349, 11.3337, 1.4098, 5.6691, 22.2804, 12.9347, 15.5165, 4.018, 3.9598, 1.3397, 2.2386, 3.344, 30.7753, 6.5891, 64.2626, 1.9574]
    ]
  ],
  "V_est": [
    [577.0829, 26.9399, 88.0577, 443.7848, 62.1347],
    [435.5116, 1007.7817, 5717.3376, 2147.0075, 781.3617],
    [31.6324, 557.2876, 623.7207, 16404.7243, 164.635],
    [8.521, 3083.9776, 604.7697, 653.1975, 12.5341],
    [19.624, 199.3307, 20.4654, 875.689, 301.8909],
    [108.6282, 27.6825, 302.6489, 416.5969, 514.4435]
  ],
  "p_est": [
    [0.4817, 0.0225, 0.0735, 0.3704, 0.0519],
    [0.0432, 0.0999, 0.5667, 0.2128, 0.0774],
    [0.0018, 0.0313, 0.0351, 0.9225, 0.0093],
    [0.002, 0.7068, 0.1386, 0.1497, 0.0029],
    [0.0138, 0.1407, 0.0144, 0.618, 0.213],
    [0.0793, 0.0202, 0.2209, 0.3041, 0.3755]
  ],
  "EI_Z": {},
  "EI_V": 8.1202,
  "MAE_Z": {},
  "MAE_V": 196.0714,
  "MAE_p": 0.0583,
  "runtime": 0.298
}
