{
  "X": [
    [74, 17, 544, 430, 103],
    [276, 55, 1154, 957, 202],
    [57, 41, 343, 221, 32],
    [4, 0, 10, 15, 0],
    [3, 0, 6, 7, 0],
    [18, 6, 57, 54, 10],
    [238, 148, 1520, 827, 223],
    [40, 33, 174, 89, 30],
    [45, 15, 241, 166, 32],
    [310, 193, 1867, 1224, 321],
    [5, 0, 54, 60, 9],
    [114, 79, 998, 521, 142],
    [265, 254, 1766, 1052, 250],
    [16, 36, 186, 78, 29],
    [91, 76, 447, 360, 81],
    [20, 15, 101, 53, 30],
    [19, 16, 195, 77, 28],
    [27, 9, 172, 143, 39],
    [54, 54, 593, 256, 94],
    [3, 5, 25, 5, 7],
    [59, 21, 310, 220, 52],
    [15, 4, 94, 34, 10],
    [56, 21, 595, 230, 101],
    [66, 30, 666, 231, 116],
    [8, 13, 112, 54, 25],
    [65, 15, 304, 225, 71],
    [41, 12, 179, 184, 38],
    [48, 25, 206, 127, 36],
    [33, 11, 93, 114, 24],
    [62, 23, 254, 220, 67],
    [62, 22, 307, 164, 62],
    [31, 9, 112, 88, 20],
    [75, 16, 260, 305, 64],
    [37, 8, 59, 129, 24],
    [25, 13, 129, 109, 34],
    [6, 0, 14, 15, 3],
    [5, 0, 15, 10, 8],
    [34, 4, 78, 134, 25],
    [3, 9, 124, 27, 22],
    [2, 2, 7, 6, 0],
    [16, 19, 167, 85, 37],
    [41, 20, 215, 132, 51],
    [17, 7, 76, 62, 17],
    [21, 11, 112, 66, 24],
    [22, 21, 149, 92, 29],
    [47, 14, 164, 107, 29],
    [45, 13, 239, 117, 60],
    [23, 19, 122, 95, 33],
    [44, 26, 157, 185, 64],
    [37, 28, 110, 122, 51],
    [30, 15, 87, 120, 23],
    [25, 4, 48, 58, 24],
    [4, 7, 20, 38, 10],
    [12, 4, 39, 55, 6],
    [13, 12, 180, 50, 38],
    [45, 17, 291, 212, 68],
    [27, 22, 146, 149, 36],
    [59, 23, 224, 179, 52],
    [41, 11, 193, 147, 25],
    [41, 16, 230, 101, 38],
    [22, 6, 104, 49, 23],
    [7, 4, 97, 24, 17],
    [1, 1, 15, 2, 2],
    [33, 13, 187, 93, 48],
    [17, 7, 23, 37, 8],
    [38, 13, 227, 126, 51],
    [4, 0, 77, 46, 8],
    [63, 21, 388, 235, 60],
    [35, 85, 412, 164, 87],
    [159, 185, 1479, 648, 352],
    [127, 83, 941, 486, 275],
    [0, 0, 3, 0, 0]
  ],
  "W": [
    [42, 554, 494, 78],
    [102, 1260, 1099, 183],
    [11, 302, 339, 42],
    [1, 17, 9, 2],
    [0, 3, 12, 1],
    [5, 70, 57, 13],
    [70, 1147, 1528, 211],
    [12, 150, 178, 26],
    [14, 216, 236, 33],
    [115, 1672, 1872, 256],
    [3, 67, 48, 10],
    [56, 738, 962, 98],
    [54, 1436, 1874, 223],
    [7, 106, 199, 33],
    [18, 502, 457, 78],
    [11, 75, 106, 27],
    [7, 103, 204, 21],
    [2, 192, 163, 33],
    [33, 350, 587, 81],
    [2, 11, 22, 10],
    [20, 308, 288, 46],
    [4, 45, 94, 14],
    [37, 317, 580, 69],
    [32, 299, 687, 91],
    [8, 65, 127, 12],
    [30, 321, 276, 53],
    [23, 243, 149, 39],
    [19, 206, 187, 30],
    [13, 142, 93, 27],
    [22, 317, 238, 49],
    [22, 286, 268, 41],
    [17, 122, 99, 22],
    [28, 410, 233, 49],
    [8, 168, 61, 20],
    [14, 143, 129, 24],
    [2, 23, 12, 1],
    [3, 16, 14, 5],
    [12, 184, 61, 18],
    [4, 30, 135, 16],
    [1, 9, 7, 0],
    [11, 116, 175, 22],
    [19, 185, 208, 47],
    [7, 88, 74, 10],
    [6, 105, 103, 20],
    [11, 144, 141, 17],
    [6, 178, 150, 27],
    [23, 174, 241, 36],
    [2, 142, 121, 27],
    [13, 250, 168, 45],
    [12, 168, 125, 43],
    [13, 157, 91, 14],
    [2, 101, 47, 9],
    [1, 44, 25, 9],
    [1, 63, 43, 9],
    [14, 70, 189, 20],
    [26, 283, 282, 42],
    [16, 208, 139, 17],
    [22, 264, 212, 39],
    [11, 224, 157, 25],
    [18, 158, 214, 36],
    [6, 74, 102, 22],
    [6, 39, 88, 16],
    [0, 3, 16, 2],
    [17, 147, 181, 29],
    [1, 58, 26, 7],
    [11, 190, 212, 42],
    [5, 49, 67, 14],
    [27, 329, 360, 51],
    [16, 238, 445, 84],
    [85, 931, 1491, 316],
    [55, 670, 950, 237],
    [0, 0, 3, 0]
  ],
  "method": "mult",
  "cond_prob": [
    [
      [0.084344421836, 0, 0.37389355017, 0.15297575001, 0.38878627799],
      [0.12208554908, 0.0033568880068, 0.11977780377, 0.72491854478, 0.029861214361],
      [0.0033231562835, 0.026438870475, 0.89518907713, 0.035659172206, 0.039389723909],
      [0.015134626797, 0.026660026021, 0.25277132695, 0.055827097711, 0.64960692253]
    ],
    [
      [0.14255623839, 0, 0.36383080861, 0.15590230159, 0.33771065142],
      [0.19476178268, 0.0035839720509, 0.090445999864, 0.69243260579, 0.018775639616],
      [0.0099353772563, 0.038883877195, 0.86890714791, 0.051955822271, 0.030317775371],
      [0.028089824594, 0.042354175839, 0.26228602264, 0.063024225519, 0.6042457514]
    ],
    [
      [0.14170520433, 0, 0.42205051517, 0.16752400059, 0.26872027991],
      [0.17496276108, 0.012146043733, 0.12172649519, 0.67948722492, 0.011677475078],
      [0.0043260965968, 0.094938573546, 0.85183804316, 0.03308149523, 0.015815791467],
      [0.027046241924, 0.12256472287, 0.3053082418, 0.065177790079, 0.47990300333]
    ],
    [
      [0.2295650651, 0, 0.50561505974, 0.26481987516, 0],
      [0.20113295512, 0, 0, 0.79886704488, 0],
      [0.020071229345, 0, 0.89752118664, 0.08240758401, 0],
      [0.085266816847, 0, 0.70834713023, 0.20638605292, 0]
    ],
    [
      [0.54434235658, 0, 0.14664696441, 0.30901067901, 0],
      [0.27295250421, 0, 0, 0.72704749579, 0],
      [0.15758852879, 0, 0.4737802925, 0.36863117872, 0],
      [0.29008014195, 0, 0.31463649003, 0.39528336802, 0]
    ],
    [
      [0.1783094198, 0, 0.35892639824, 0.16817527302, 0.29458890894],
      [0.22563881351, 0.0050118838112, 0.068824794882, 0.69447490895, 0.0060495988457],
      [0.014766530219, 0.078384756707, 0.82482838347, 0.063400542519, 0.018619787087],
      [0.03631105636, 0.090864384684, 0.25941650072, 0.071696083456, 0.54171197478]
    ],
    [
      [0.13523064951, 0, 0.37259877595, 0.14465525597, 0.34751531857],
      [0.18823298767, 0.01009884743, 0.11773016038, 0.65964948976, 0.024288514761],
      [0.00488883859, 0.077833204615, 0.85417112226, 0.032084539718, 0.031022294817],
      [0.024457214747, 0.082879077468, 0.25454083848, 0.053227443768, 0.58489542554]
    ],
    [
      [0.16896761634, 0.00021399217071, 0.35272343633, 0.1160055364, 0.36208941875],
      [0.24841411722, 0.023792775745, 0.13224057232, 0.56517176328, 0.030380771439],
      [0, 0.14451621972, 0.80952083611, 0.010411849301, 0.035551094864],
      [0.027318116216, 0.1424857162, 0.2244816957, 0.037648457524, 0.56806601436]
    ],
    [
      [0.14116888023, 0, 0.38403095328, 0.16158324237, 0.31321692412],
      [0.18532692081, 0.0052112039007, 0.10037278344, 0.69364328402, 0.015445807826],
      [0.0087937673003, 0.050546301841, 0.86740194602, 0.049805432135, 0.023452552704],
      [0.027808839348, 0.058953112814, 0.2798844294, 0.065357674991, 0.56799594345]
    ],
    [
      [0.1187210682, 0, 0.35784983738, 0.14526676926, 0.37816232517],
      [0.16909196708, 0.010623237689, 0.11339481079, 0.67739219384, 0.029497790594],
      [0.0044561186412, 0.082415003806, 0.84198462492, 0.032881814009, 0.038262438621],
      [0.020638492589, 0.081863513512, 0.23459346562, 0.051327412518, 0.61157711576]
    ],
    [
      [0.053370129234, 0, 0.4065330107, 0.19759525764, 0.34250160242],
      [0.068212764866, 0, 0.091930233277, 0.83014844566, 0.0097085561945],
      [0.0034470580235, 0, 0.91095262715, 0.062181010259, 0.023419304563],
      [0.010417558115, 0, 0.28953492349, 0.080257987528, 0.61978953087]
    ],
    [
      [0.097848459998, 7.5751334081e-05, 0.38128630553, 0.1376591674, 0.38313031574],
      [0.1448417041, 0.010456498664, 0.14164638781, 0.6709823856, 0.032073023825],
      [0, 0.067196123752, 0.8810584183, 0.014024553724, 0.037720904222],
      [0.016605189921, 0.067716233289, 0.25035443143, 0.047086381344, 0.61823776402]
    ],
    [
      [0.12471767696, 0, 0.36246384673, 0.15071712679, 0.36210134953],
      [0.17085176893, 0.014446307373, 0.11181375494, 0.67645972969, 0.026428439065],
      [0.0043520342338, 0.11096340891, 0.81831937537, 0.032420214566, 0.033944966926],
      [0.021373960101, 0.11349629741, 0.23467215582, 0.05250951219, 0.57794807448]
    ],
    [
      [0.10256591124, 0.00011031105761, 0.38400705976, 0.15239971553, 0.36091700241],
      [0.13918280163, 0.02233124625, 0.12845708805, 0.68444205479, 0.025586809285],
      [0, 0.14417478659, 0.81328010232, 0.014091623217, 0.028453487878],
      [0.016020049958, 0.14973736936, 0.23796239053, 0.047821550414, 0.54845863974]
    ],
    [
      [0.12401992919, 3.9709588444e-06, 0.35714884698, 0.15033359673, 0.36849365614],
      [0.16994637008, 0.016684895485, 0.11093562741, 0.67554895935, 0.02688414767],
      [0.0040226744618, 0.12635674092, 0.80362795558, 0.031039422614, 0.034953206421],
      [0.02072052902, 0.12665487675, 0.22594436017, 0.051069250409, 0.57561098365]
    ],
    [
      [0.15063138143, 0, 0.31581862402, 0.12754799942, 0.40600199514],
      [0.2252016044, 0.013086977516, 0.097812639547, 0.6257721001, 0.03812667844],
      [0.007231473289, 0.10789647253, 0.80063426086, 0.03281132138, 0.051426471945],
      [0.025422159463, 0.095609281418, 0.19714131552, 0.043928312333, 0.63789893127]
    ],
    [
      [0.11238232604, 9.5441987606e-06, 0.35504480556, 0.13828508431, 0.39427823989],
      [0.16627165672, 0.0089884736263, 0.11909874858, 0.67296361294, 0.032677508137],
      [0.0033559056727, 0.067261859098, 0.85979168341, 0.027985643213, 0.041604908605],
      [0.019178015136, 0.064414340527, 0.23095294485, 0.047984812478, 0.63746988701]
    ],
    [
      [0.088188325838, 6.9474542698e-07, 0.34485662697, 0.14152993217, 0.42542442028],
      [0.13430362534, 0.0053337353022, 0.1136218263, 0.70708512322, 0.039655689836],
      [0.0033358972313, 0.041371189315, 0.87249161145, 0.032799066376, 0.050002235623],
      [0.014956849504, 0.037345987094, 0.22056858879, 0.048798444184, 0.67833013043]
    ],
    [
      [0.096344045821, 7.6518951321e-05, 0.38139494043, 0.14120067776, 0.38098381704],
      [0.14105015357, 0.01124132702, 0.13632938843, 0.68058794788, 0.030791183101],
      [0.00024650428128, 0.074837323002, 0.87308722499, 0.015803757367, 0.036025190358],
      [0.016153021289, 0.075722244632, 0.24933925858, 0.047627040778, 0.61115843472]
    ],
    [
      [0.1564441406, 0.00098433871611, 0.40969442346, 0.079812454952, 0.35306464227],
      [0.23142898568, 0.12033520381, 0.18697317927, 0.43209367204, 0.029168959199],
      [0, 0.098146736202, 0.88035972221, 0, 0.021493541589],
      [0.01413928763, 0.15151158842, 0.27559922925, 0.0087344697647, 0.55001542493]
    ],
    [
      [0.12403692474, 0, 0.3771947411, 0.14339210216, 0.355376232],
      [0.17623833466, 0.007344248739, 0.1232587849, 0.66840758272, 0.02475104898],
      [0.0041677149787, 0.055645018114, 0.87684940827, 0.030635460055, 0.032702398577],
      [0.022555489511, 0.058961003728, 0.25999499663, 0.053034999606, 0.60545351052]
    ],
    [
      [0.20873758052, 0, 0.38427464629, 0.14523808079, 0.2617496924],
      [0.26822519273, 0.0035011643573, 0.10275839122, 0.61471435866, 0.010800893034],
      [0.015482875881, 0.034295318508, 0.88810504154, 0.051406664237, 0.01071009983],
      [0.045680405157, 0.044191976011, 0.31120713606, 0.066048221352, 0.53287226142]
    ],
    [
      [0.10064296254, 2.1975014106e-05, 0.361084985, 0.1285220431, 0.40972803435],
      [0.15852743752, 0.00434756376, 0.13323367939, 0.66571534614, 0.038175973184],
      [0.0014244186919, 0.030417999917, 0.90151207807, 0.01919244179, 0.047453061528],
      [0.017345649994, 0.028674916821, 0.23953295514, 0.044656571618, 0.66978990642]
    ],
    [
      [0.12360039503, 0, 0.34373884383, 0.13380219441, 0.39885856674],
      [0.1865891823, 0.0046058828167, 0.11280675671, 0.6611535354, 0.034844642772],
      [0.0061669488491, 0.037038758214, 0.87378081975, 0.035787656247, 0.04722581694],
      [0.022175032883, 0.034914441154, 0.23059025903, 0.048871459927, 0.66344880701]
    ],
    [
      [0.066563887474, 0, 0.29536867569, 0.13950142931, 0.49856600753],
      [0.10656211462, 0.010942407871, 0.097851512058, 0.73389637373, 0.050747591721],
      [0.0033101563105, 0.090348785693, 0.79736005776, 0.036744945986, 0.072236054248],
      [0.010046799853, 0.067870642117, 0.16766458123, 0.042843011093, 0.71157496571]
    ],
    [
      [0.1205228175, 0, 0.35004291443, 0.13114361212, 0.39829065594],
      [0.18394931499, 0.0053120021167, 0.11889734051, 0.65582014677, 0.036021195605],
      [0.0043766162206, 0.04074729812, 0.88018142121, 0.029197492562, 0.045497171885],
      [0.021295080864, 0.038652698857, 0.23401120768, 0.0469606901, 0.65908032249]
    ],
    [
      [0.11255280347, 0, 0.39350692119, 0.16043157097, 0.33350870438],
      [0.15189538886, 0.0064558066333, 0.11731947755, 0.70895266172, 0.015376665235],
      [0.0045509029845, 0.054025154792, 0.87699597237, 0.037804356451, 0.026623613399],
      [0.021092858506, 0.061063869849, 0.27611045859, 0.061582768162, 0.58015004489]
    ],
    [
      [0.14686026964, 0.0002151411328, 0.37931765742, 0.12084877952, 0.35275815229],
      [0.21584562844, 0.017156280815, 0.14878864941, 0.58999110233, 0.028218339006],
      [0, 0.098229681042, 0.85864331796, 0.01033777549, 0.032789225504],
      [0.02484851396, 0.10309227052, 0.25254007568, 0.041084736435, 0.5784344034]
    ],
    [
      [0.15777926475, 0, 0.33252015398, 0.1752752529, 0.33442532838],
      [0.2032899035, 0.0043187042542, 0.053316578994, 0.72907384425, 0.010000969003],
      [0.013328078121, 0.08582169094, 0.80614350625, 0.067037925847, 0.02766879884],
      [0.031192296156, 0.0890861755, 0.2272199148, 0.072533656488, 0.57996795705]
    ],
    [
      [0.11786354658, 1.8975267344e-06, 0.33169923528, 0.13030999778, 0.42012532282],
      [0.18122319042, 0.0092891722407, 0.11131422516, 0.65653250302, 0.041640909162],
      [0.0041599852318, 0.071226749025, 0.84492660951, 0.028754766703, 0.050931889529],
      [0.019779063842, 0.063333150736, 0.2106831507, 0.044260043177, 0.66194459154]
    ],
    [
      [0.12495722641, 0.00017170839842, 0.36312639939, 0.10147777965, 0.41026688615],
      [0.20430695617, 0.018705590941, 0.17015368538, 0.56104682028, 0.04578694723],
      [0, 0.0534455932, 0.8979153502, 0, 0.048639056597],
      [0.019979306194, 0.0566586446, 0.23673052049, 0.031904835329, 0.65472669339]
    ],
    [
      [0.165119581, 0, 0.38855835793, 0.15179198072, 0.29453008035],
      [0.21846786338, 0.0070494259639, 0.10919959969, 0.65557362535, 0.009709485614],
      [0.00828382014, 0.064959262492, 0.86639538944, 0.04121628162, 0.019145246308],
      [0.032717708942, 0.077681956625, 0.28631878173, 0.061779188858, 0.54150236385]
    ],
    [
      [0.11717577242, 0, 0.3448918232, 0.14971298754, 0.38821941683],
      [0.16882717745, 0.0051054535967, 0.094129085851, 0.70310922116, 0.028829061945],
      [0.0062722872373, 0.049640461801, 0.86032366512, 0.042149096022, 0.041614489816],
      [0.021193728385, 0.047766049504, 0.23050387302, 0.055357475545, 0.64517887355]
    ],
    [
      [0.14881396362, 0, 0.2731437069, 0.16288585539, 0.41515647409],
      [0.20606603628, 0.0035710003851, 0.032995044024, 0.73176130751, 0.025606611808],
      [0.010765547388, 0.096066028848, 0.78439633208, 0.058139807168, 0.050632284517],
      [0.026684790297, 0.077002208779, 0.1711753346, 0.06072426293, 0.6644134034]
    ],
    [
      [0.10532526195, 0, 0.32346029824, 0.14501389801, 0.4262005418],
      [0.15635456307, 0.0087508788264, 0.093452169774, 0.70275902276, 0.03868336556],
      [0.0057499445841, 0.078303177567, 0.82391752358, 0.040932439688, 0.051096914579],
      [0.017708373399, 0.068646434238, 0.20093895854, 0.049790852197, 0.66291538163]
    ],
    [
      [0.14400481199, 0, 0.30883986952, 0.1116123963, 0.43554292219],
      [0.24304245989, 0, 0.098192280081, 0.62361942176, 0.035145838274],
      [0.0082245899903, 0, 0.9110838488, 0.033026121194, 0.047665440013],
      [0.023318718692, 0, 0.19089163346, 0.037215052689, 0.74857459516]
    ],
    [
      [0.14813124421, 0, 0.26264811741, 0.094180033902, 0.49504060448],
      [0.26996005493, 0, 0.075560169549, 0.57638796641, 0.078091809116],
      [0.0083068220078, 0, 0.87350642895, 0.024621684775, 0.093565064262],
      [0.023989976078, 0, 0.15480058593, 0.030109769792, 0.7910996682]
    ],
    [
      [0.11833837402, 0, 0.33517225564, 0.14670247924, 0.3997868911],
      [0.17313591122, 0.0041659824272, 0.092032368013, 0.70056998602, 0.030095752318],
      [0.0056073552833, 0.041662452663, 0.86947489427, 0.038855125775, 0.044400172004],
      [0.021160176372, 0.038447201166, 0.22255603706, 0.053585008284, 0.66425157711]
    ],
    [
      [0.053046554661, 1.6097825904e-05, 0.34258386124, 0.14264320589, 0.46171028039],
      [0.083585191108, 0.0080133754731, 0.12046013465, 0.74601027615, 0.041931022618],
      [0.0011050754379, 0.058952374743, 0.85729381959, 0.024674011788, 0.057974718444],
      [0.0081920539995, 0.050060234635, 0.20507467946, 0.044882956281, 0.69179007563]
    ],
    [
      [0.23285492994, 0.0010573015984, 0.55720953001, 0.20887823845, 0],
      [0.19634945223, 0.043221465157, 0.12411658373, 0.63631249888, 0],
      [0, 0.22999278743, 0.76082017377, 0.0091870388023, 0],
      [0.042828373737, 0.47408769718, 0.40114009016, 0.081943838924, 0]
    ],
    [
      [0.078779916327, 7.77859246e-05, 0.32345285976, 0.12915395067, 0.46853548732],
      [0.12733855756, 0.013131433229, 0.12102841631, 0.68866215107, 0.049839441829],
      [0.00057024216591, 0.090611313856, 0.82979471136, 0.016179596724, 0.062844135897],
      [0.011925266538, 0.073587189795, 0.19039308015, 0.039230345094, 0.68486411843]
    ],
    [
      [0.1334275862, 0, 0.34853437551, 0.13537286047, 0.38266517782],
      [0.19587527122, 0.0091736826407, 0.11240718352, 0.65132219837, 0.031221664258],
      [0.0054074660351, 0.0721804927, 0.8497818022, 0.031986846811, 0.04064339225],
      [0.023472292586, 0.069985664467, 0.23038091609, 0.048511591842, 0.62764953501]
    ],
    [
      [0.11517521299, 0, 0.32592572706, 0.13061507302, 0.42828398693],
      [0.17809107554, 0.0094749021125, 0.10840331019, 0.66368551672, 0.040345195441],
      [0.0044924110459, 0.074596739508, 0.83986555809, 0.030332273359, 0.050713018001],
      [0.018932044393, 0.06460498905, 0.20289773156, 0.043678078934, 0.66988715606]
    ],
    [
      [0.12126014378, 0.00011745734045, 0.3588125353, 0.11674166117, 0.40306820241],
      [0.18940122266, 0.014752069071, 0.14823258037, 0.60791981277, 0.039694315127],
      [0, 0.077409121519, 0.87052222057, 0.0071355164603, 0.044933141448],
      [0.019265537899, 0.073859424351, 0.23094575652, 0.036650574824, 0.6392787064]
    ],
    [
      [0.092407990057, 0.00031778481049, 0.35491170736, 0.11839085331, 0.43397166447],
      [0.14410352253, 0.02750837876, 0.15738885854, 0.62573446292, 0.04526477725],
      [0, 0.10856866657, 0.84280500132, 0, 0.04862633211],
      [0.013682639114, 0.10159504936, 0.21155708256, 0.034819879594, 0.63834534937]
    ],
    [
      [0.16640108841, 2.6546154503e-05, 0.36233384731, 0.11574281966, 0.35549569846],
      [0.25132896558, 0.010143428766, 0.13496134907, 0.57480185069, 0.028764405902],
      [0.0030782579563, 0.068667015421, 0.87356486333, 0.019090898075, 0.035598965217],
      [0.029751811206, 0.070157707027, 0.25067212159, 0.04174736847, 0.60767099171]
    ],
    [
      [0.13684129374, 0, 0.30900249455, 0.11246055132, 0.4416956604],
      [0.22704865411, 0.0054813072368, 0.1067815176, 0.6110796378, 0.049608883251],
      [0.0062524158772, 0.044496463573, 0.85559618501, 0.027768815979, 0.065886119563],
      [0.023315338965, 0.036739022768, 0.19761883268, 0.038701824743, 0.70362498085]
    ],
    [
      [0.10006750294, 3.5415798621e-05, 0.32445618017, 0.12527421046, 0.45016669063],
      [0.15757202991, 0.018072586906, 0.12475442238, 0.64841605871, 0.051184902102],
      [0.00020967503906, 0.11449011045, 0.8135977266, 0.013965083182, 0.057737404729],
      [0.014787632144, 0.095567350488, 0.19224573123, 0.036466525097, 0.66093276104]
    ],
    [
      [0.10469236611, 0, 0.27567214805, 0.1369807594, 0.48265472645],
      [0.16354034645, 0.011308496137, 0.069850613339, 0.69740598068, 0.057894563392],
      [0.0060056182075, 0.11511746896, 0.76732469463, 0.040931099384, 0.070621118818],
      [0.016554861522, 0.085180915135, 0.15651244538, 0.044251783588, 0.69749999437]
    ],
    [
      [0.13372669933, 0, 0.26828567916, 0.13886269522, 0.4591249263],
      [0.19903191743, 0.015020505993, 0.06089082841, 0.67252796679, 0.052528781368],
      [0.0082851120772, 0.16155289904, 0.72108864486, 0.043004302213, 0.066069041818],
      [0.021448336497, 0.12284750265, 0.14918214117, 0.04589328975, 0.66062872994]
    ],
    [
      [0.12496627522, 0, 0.30476212964, 0.15853340511, 0.41173819004],
      [0.1742734929, 0.010877702112, 0.06710795885, 0.71748288233, 0.030257963811],
      [0.0079683686221, 0.12880381644, 0.76819612454, 0.049942569193, 0.045089121203],
      [0.020669892332, 0.11221810518, 0.18544967442, 0.053534243665, 0.62812808441]
    ],
    [
      [0.11557251022, 0, 0.21996394488, 0.081593392624, 0.58287015227],
      [0.2419271897, 0.0074509106888, 0.086010629149, 0.56075901714, 0.10385225332],
      [0.0039868123415, 0.062669989201, 0.80428854036, 0.021138250714, 0.10791640738],
      [0.016314293278, 0.033552058667, 0.11904857434, 0.022961633295, 0.80812344042]
    ],
    [
      [0.062309715052, 0, 0.25810437432, 0.1811570623, 0.49842884833],
      [0.085268215054, 0.014367593418, 0.040354800012, 0.81441060662, 0.045598784895],
      [0.0041364234383, 0.20265286721, 0.67278975397, 0.059113734747, 0.06130722064],
      [0.0091642485116, 0.14461157882, 0.12739339733, 0.056325875304, 0.66250490003]
    ],
    [
      [0.14893619949, 0, 0.3533214841, 0.20766054992, 0.29008176649],
      [0.17375573706, 0.00080589108002, 0.027924271807, 0.79643465204, 0.0010794480142],
      [0.014588883017, 0.073763041918, 0.80498322697, 0.088342436487, 0.018322411606],
      [0.030792266209, 0.086379784388, 0.25257451469, 0.090914622535, 0.53933881217]
    ],
    [
      [0.092331205618, 4.9249382339e-05, 0.31957355119, 0.11153918254, 0.47650681127],
      [0.16229403705, 0.0080561667772, 0.12742405567, 0.64978518668, 0.052440553822],
      [0.00031975878778, 0.05582330935, 0.86112247215, 0.011949367508, 0.070785092205],
      [0.014317305844, 0.044238668359, 0.19270695753, 0.034752895869, 0.7139841724]
    ],
    [
      [0.093003382291, 0, 0.33242790241, 0.13723041956, 0.43733829574],
      [0.1442940647, 0.0060111763248, 0.10949848423, 0.69681479839, 0.043381476352],
      [0.003868810425, 0.048019645449, 0.86009945554, 0.032878700942, 0.055133387643],
      [0.015611600232, 0.041840406752, 0.21001802467, 0.046705416256, 0.68582455209]
    ],
    [
      [0.07862545034, 0.00014197033765, 0.32570764358, 0.13468592829, 0.46083900746],
      [0.122016601, 0.018135100038, 0.12322399269, 0.68902489962, 0.047599406643],
      [0.0011655048998, 0.11903664933, 0.80547042195, 0.020388611467, 0.05393881235],
      [0.011796153243, 0.098796082902, 0.18809991596, 0.040813472474, 0.66049437542]
    ],
    [
      [0.13660439221, 0, 0.33963127702, 0.12978585098, 0.39397847979],
      [0.20466259929, 0.010569632862, 0.11248800702, 0.63733647944, 0.034943281384],
      [0.0049465096855, 0.081317343684, 0.84069197771, 0.02888425684, 0.04415991208],
      [0.023464541141, 0.076162565733, 0.22063022509, 0.045241493723, 0.63450117431]
    ],
    [
      [0.12476170885, 5.3816352115e-05, 0.42956113711, 0.13749235652, 0.30813098118],
      [0.17420009621, 0.0082093150375, 0.16542101408, 0.63388530788, 0.018284266789],
      [0.00015871346346, 0.048857214791, 0.91342242554, 0.014041055522, 0.023520590683],
      [0.023275265519, 0.059597549183, 0.31252798111, 0.051713175831, 0.55288602836]
    ],
    [
      [0.15659261896, 6.2906988952e-05, 0.38102015791, 0.12075699882, 0.34156731732],
      [0.23304926015, 0.0085749403504, 0.14005301112, 0.59290674452, 0.025416043859],
      [0.0015619546366, 0.057958696024, 0.8939505856, 0.016593378534, 0.029935385208],
      [0.028480318393, 0.062246281938, 0.26966211343, 0.044336816124, 0.59527447011]
    ],
    [
      [0.1711389673, 0, 0.33694967674, 0.11831186748, 0.37359948848],
      [0.26129709161, 0.0054499981205, 0.10894356744, 0.59326036057, 0.031048982259],
      [0.0091853291725, 0.045441904207, 0.87058352484, 0.033290059153, 0.041499182629],
      [0.031830810971, 0.043710268637, 0.23258901889, 0.045148912693, 0.64672098881]
    ],
    [
      [0.10158548437, 0.00011621585156, 0.40409024078, 0.10757931848, 0.38662874051],
      [0.15731517115, 0.047672753213, 0.17416184671, 0.58537267523, 0.035477553698],
      [0, 0.01768602281, 0.94774736163, 0, 0.034566615561],
      [0.015949713675, 0.036480957643, 0.2738361694, 0.032811859695, 0.64092129958]
    ],
    [
      [0.19425610198, 1.070916534e-06, 0.3138992456, 0.094847597037, 0.39699598447],
      [0.30740157652, 0.0061971157197, 0.10143775362, 0.56014252844, 0.024821025699],
      [0.0016181414473, 0.055841134037, 0.89425826508, 0.016285181208, 0.031997278231],
      [0.025952503634, 0.043975254123, 0.19377724896, 0.029504757677, 0.70679023561]
    ],
    [
      [0.12056862536, 7.7071060405e-05, 0.32103806699, 0.10595505595, 0.45236118065],
      [0.20660619694, 0.0085624497036, 0.12954108248, 0.60055534893, 0.05473492194],
      [0.00013073194083, 0.057331002289, 0.86564684471, 0.010757499837, 0.066133921225],
      [0.019157239226, 0.047003388662, 0.20061154634, 0.033448975353, 0.69977885042]
    ],
    [
      [0.19281322245, 0, 0.26265460269, 0.12791831447, 0.41661386039],
      [0.28088253349, 0.015867317305, 0.056645338927, 0.61281059473, 0.033794215547],
      [0.011549864304, 0.193044029, 0.70750324554, 0.03967136117, 0.048231499985],
      [0.030814766142, 0.15150726319, 0.15097590792, 0.042515971571, 0.62418609118]
    ],
    [
      [0.11784855242, 3.5152452732e-05, 0.35034912244, 0.12012972412, 0.41163744858],
      [0.18759405384, 0.0069747430955, 0.13465664582, 0.62926114199, 0.041513415261],
      [0.001097137453, 0.046582351046, 0.8862660061, 0.016201918046, 0.049852587351],
      [0.01971910844, 0.042832231266, 0.2303096108, 0.040098795982, 0.66704025351]
    ],
    [
      [0.059055759852, 3.0400115787e-34, 0.47978196845, 0.21281232923, 0.24834994247],
      [0.066272554011, 0, 0.12323752877, 0.81048991722, 0],
      [0, 0, 0.94211137806, 0.057888621944, 0],
      [0.032669003873, 0, 0.38864206558, 0.09595676714, 0.48273216341]
    ],
    [
      [0.12190264467, 1.127659834e-05, 0.38485788264, 0.14147261516, 0.35175558094],
      [0.17437764048, 0.0062572500194, 0.12998884821, 0.66453974842, 0.024836512874],
      [0.0033277636173, 0.045650956721, 0.89200833689, 0.027388593229, 0.031624349546],
      [0.022360587734, 0.049151291293, 0.26900989861, 0.052681737211, 0.60679648515]
    ],
    [
      [0.093165446969, 0.00017837158373, 0.35542765428, 0.13334920809, 0.41787931908],
      [0.13609494609, 0.029069002449, 0.13282429509, 0.66287317014, 0.03913858623],
      [0, 0.14928420559, 0.80242100019, 0.002196773676, 0.046098020546],
      [0.013318519995, 0.13865776172, 0.20980512161, 0.037202784425, 0.60101581225]
    ],
    [
      [0.10127760753, 0.00012085676704, 0.35128548648, 0.12803032471, 0.41928572451],
      [0.15621339591, 0.015837464566, 0.13184600225, 0.65442217202, 0.041680965252],
      [0, 0.095596559558, 0.84321440185, 0.010404773707, 0.050784264889],
      [0.015685860026, 0.087691700516, 0.21885896331, 0.039040704578, 0.63872277157]
    ],
    [
      [0.10806351617, 8.6798275624e-06, 0.32675660901, 0.12878966179, 0.4363815332],
      [0.16977735735, 0.0088468283121, 0.11114261114, 0.6630565306, 0.047176672607],
      [0.0032586198811, 0.066780979578, 0.84236194017, 0.025910052386, 0.061688407989],
      [0.01776366371, 0.057511464311, 0.20387761133, 0.042422545717, 0.67842471493]
    ],
    [
      [-0, 0, 1, -0, -0],
      [-0, 0, 1, -0, 0],
      [0, 0, 1, 0, 0],
      [-0, 0, 1, 0, -0]
    ]
  ],
  "expected_outcome": [
    [
      [3.5424657171, 14.5407363154, 1.5587572476, 0.2295650651, 0, 0.89154709899, 9.466145466, 2.0276113961, 1.9763643233, 13.6529228426, 0.1601103877, 5.4795137599, 6.7347545556, 0.71796137868, 2.2323587254, 1.6569451957, 0.78667628227, 0.17637665168, 3.1793535121, 0.3128882812, 2.4807384948, 0.83495032207, 3.7237896138, 3.9552126408, 0.53251109979, 3.615684525, 2.5887144797, 2.7903451231, 2.0511304417, 2.5929980249, 2.7490589811, 2.807032877, 3.2809216279, 1.1905117089, 1.4745536674, 0.28800962399, 0.44439373263, 1.4200604882, 0.21218621864, 0.23285492994, 0.8665790796, 2.5351241378, 0.80622649091, 0.7275608627, 1.0164878906, 0.99840653049, 3.1473497559, 0.20013500588, 1.3610007594, 1.6047203919, 1.6245615778, 0.23114502043, 0.062309715052, 0.14893619949, 1.2926368787, 2.4180879396, 1.2580072054, 3.0052966286, 1.3723787973, 2.8186671414, 1.0268338038, 0.60951290625, 0, 2.0496666311, 0.19281322245, 1.2963340766, 0.29527879926, 3.2913714062, 1.4906471515, 8.6085966399, 5.9434933895, 0],
      [0, 0, 0, 0, 0, 0, 0, 0.0025679060486, 0, 0, 0, 0.0042420747085, 0, 0.00077217740328, 7.1477259199e-05, 0, 6.6809391324e-05, 1.389490854e-06, 0.0025251253936, 0.0019686774322, 0, 0, 0.00081307552193, 0, 0, 0, 0, 0.0040876815232, 0, 4.1745588158e-05, 0.0037775847651, 0, 0, 0, 0, 0, 0, 0, 6.4391303615e-05, 0.0010573015984, 0.0008556451706, 0, 0, 0.00070474404272, 0.0034956329154, 0.00015927692702, 0, 7.0831597242e-05, 0, 0, 0, 0, 0, 0, 0.00068949135274, 0, 0.0022715254024, 0, 0.00059197987326, 0.0011323258011, 0, 0.00069729510937, 0, 0.0013102080269, 0, 0.00038667698006, 1.5200057893e-33, 0.00030446815517, 0.0028539453398, 0.010272825198, 0.00047739051593, 0],
      [15.703529107, 37.1107424777, 4.6425556668, 0.50561505974, 0, 1.7946319912, 26.0819143164, 4.232681236, 5.3764333459, 41.1527312985, 1.2195990321, 21.3520331095, 19.5730477233, 2.6880494183, 6.4286792456, 3.4740048642, 2.4853136389, 0.68971325394, 12.5860330343, 0.81938884693, 7.5438948221, 1.5370985852, 13.360144445, 10.9996430024, 2.3629494055, 10.501287433, 9.0506591874, 7.207035491, 4.3227620017, 7.2973831762, 7.9887807866, 6.6054920848, 9.6569710496, 2.1851496552, 4.5284441753, 0.61767973903, 0.78794435222, 4.0220670677, 1.370335445, 0.55720953001, 3.5579814574, 6.6221531347, 2.2814800894, 2.1528752118, 3.9040287809, 2.1740030839, 7.1070573747, 0.64891236035, 3.5837379246, 3.2194281499, 3.9619076853, 0.43992788977, 0.25810437432, 0.3533214841, 4.4740297166, 8.6431254626, 5.2113222972, 7.4718880944, 4.7251725082, 6.8583628424, 2.0216980604, 2.4245414447, 0, 5.4576471388, 0.26265460269, 3.8538403468, 2.3989098422, 10.3911628312, 5.6868424685, 29.859266351, 17.9716134953, 0],
      [6.4249815005, 15.9020347619, 1.8427640065, 0.26481987516, 0, 0.84087636508, 10.1258679176, 1.3920664368, 2.2621653932, 16.7056784644, 0.59278577293, 7.7089133744, 8.1387248467, 1.0667980087, 2.7060047412, 1.4030279936, 0.96799559015, 0.28305986433, 4.659622366, 0.1596249099, 2.8678420431, 0.58095232316, 4.7553155946, 4.2816702212, 1.1160114345, 3.9343083637, 3.6899261322, 2.2961268108, 2.2785782876, 2.8668199512, 2.2325111523, 2.5804636722, 4.1919636512, 1.3030868432, 2.0301945722, 0.22322479259, 0.28254010171, 1.7604297509, 0.57057282354, 0.20887823845, 1.4206934574, 2.5720843489, 0.91430551117, 0.70044996702, 1.3022993864, 0.69445691795, 2.5865926803, 0.25054842092, 1.7807498722, 1.6663523426, 2.0609342664, 0.16318678525, 0.1811570623, 0.20766054992, 1.5615485556, 3.5679909086, 2.1549748526, 2.8552887216, 1.5124159217, 2.1736259787, 0.70987120487, 0.64547591088, 0, 1.8012359511, 0.12791831447, 1.3214269653, 1.0640616462, 3.8197606092, 2.1335873294, 10.8825776005, 7.0834313987, 0],
      [16.3290236754, 34.446486445, 2.955923079, 0, 0, 1.4729445447, 24.3260723, 4.345073025, 4.3850369377, 43.4886673945, 1.0275048073, 21.4552976815, 19.5534728744, 2.5264190169, 6.6328858106, 4.4660219465, 2.7599476792, 0.85084884056, 12.5724659622, 0.70612928454, 7.10752464, 1.0469987696, 15.1599372711, 12.7634741355, 3.9885280602, 11.9487196783, 7.6707002006, 6.7024048935, 4.3475292689, 9.2427571021, 9.0258714952, 5.0070113659, 10.8701436714, 3.3212517927, 5.9668075852, 0.87108584438, 1.4851218134, 4.7974426932, 1.8468411216, 0, 5.1538903605, 7.2706383786, 2.9979879085, 2.4184092145, 4.7736883092, 2.1329741908, 10.1590001891, 0.90033338126, 6.2745114438, 5.5094991156, 5.3525964705, 1.1657403045, 0.49842884833, 0.29008176649, 6.6710953577, 11.3707956892, 7.3734241193, 8.6675265554, 3.3894407929, 6.1482117117, 2.2415969309, 2.3197724431, 0, 7.690140071, 0.41661386039, 4.5280119343, 1.2417497123, 9.4974006853, 6.6860691053, 35.6392865835, 24.0009843259, 0]
    ],
    [
      [67.6353941887, 245.3998461792, 52.8387538453, 3.4192602371, 0.81885751262, 15.7947169458, 215.9032368569, 37.2621175823, 40.0306148954, 282.7217689584, 4.570255246, 106.8931776278, 245.3431401877, 14.7533769727, 85.313077782, 16.8901203302, 17.1259806426, 25.786296066, 49.3675537504, 2.5457188425, 54.2814070738, 12.0701336729, 50.2531976953, 55.7901655075, 6.9265374505, 59.0477301123, 36.9105794939, 44.4641994581, 28.8671662969, 57.4477513617, 58.4317894649, 26.6530793324, 69.219142755, 34.6190940945, 22.3587025197, 5.5899765774, 4.3193608789, 31.8570076648, 2.5075557332, 1.7671450701, 14.7712726775, 36.2369251754, 15.6720146478, 19.8871283793, 20.7509072444, 44.7365558735, 39.5064658149, 22.3752282465, 40.8850866133, 33.4373621291, 27.3609383849, 24.43464616, 3.7518014624, 10.9466114349, 11.3605825936, 40.8352203108, 25.3794530084, 54.0309262135, 39.020821551, 36.8217831043, 19.3359847792, 6.135291675, 0.92220472957, 30.3711109501, 16.2911869427, 35.6428702289, 3.2473551465, 57.3702437172, 32.3905971689, 145.434671592, 113.750829424, 0],
      [1.8597159558, 4.5158047842, 3.6681052074, 0, 0, 0.35083186679, 11.5833780027, 3.5689163618, 1.1256200426, 17.7620534159, 0, 7.7168960137, 20.7448973882, 2.3671121026, 8.3758175336, 0.98152331373, 0.92581278351, 1.024077178, 3.9344644571, 1.3236872419, 2.2620286116, 0.15755239608, 1.3781777119, 1.3771589622, 0.71125651161, 1.7051526795, 1.5687610119, 3.5341938479, 0.6132560041, 2.9446676003, 5.3497990092, 0.8600299676, 2.0932359746, 0.5999280647, 1.2513756722, 0, 0, 0.7665407666, 0.24040126419, 0.38899318642, 1.5232462546, 1.6971312885, 0.8337913859, 1.5489672525, 3.9612065415, 1.8055303203, 0.95374745919, 2.5663073406, 2.8271240341, 2.5234450068, 1.7077992317, 0.75254197957, 0.63217411041, 0.050771138041, 0.56393167441, 1.7011628999, 3.772100808, 2.7903830755, 1.8388865684, 1.3548405754, 0.40329986091, 1.8592373753, 0.018591347159, 1.2586801064, 0.92030440371, 1.3252011881, 0, 2.0586352564, 6.9184225828, 14.7446795109, 5.9273749691, 0],
      [66.356903291, 113.9619598291, 36.7614015464, 0, 0, 4.8177356418, 135.0364939521, 19.8360858481, 21.6805212235, 189.5961236472, 6.1593256296, 104.5350342039, 160.5645520879, 13.616451333, 55.6896849619, 7.335947966, 12.2671711034, 21.815390649, 47.7152859505, 2.056704972, 37.9637057497, 4.6241276049, 42.2350763675, 33.7292202578, 6.3603482838, 38.1660463053, 28.5086330439, 30.6504617793, 7.5709542171, 35.2866093758, 48.6639540189, 13.3223511626, 38.5929251989, 5.543167396, 13.3636602777, 2.2584224419, 1.2089627128, 16.9339557144, 3.6138040394, 1.1170492536, 14.0392962918, 20.7953289505, 9.5394912966, 15.5644209388, 22.6639956296, 24.0231201336, 18.5799840621, 17.715127978, 17.4626533348, 10.2296591728, 10.5359495394, 8.687073544, 1.7756112005, 1.7592291238, 8.9196838966, 30.9880710385, 25.6305904805, 29.6968338525, 37.0543071542, 22.1283757563, 8.0618239904, 6.7923120215, 0.30431326085, 19.042539125, 3.2854296578, 25.5847627057, 6.0386389098, 42.7663310602, 31.6121822326, 122.7486280926, 74.4655494607, 0],
      [401.6048738083, 872.4650832919, 205.2051419272, 13.5807397629, 2.1811424874, 48.6132436264, 756.6179647577, 84.775764492, 149.8269493482, 1132.599748106, 55.6199458594, 495.1850005717, 971.3961718382, 72.5508578075, 339.1255775921, 46.9329075071, 69.3152521323, 135.7603436584, 238.2057817568, 4.7530303924, 205.8695354791, 27.6621461396, 211.0317647258, 197.6849070838, 47.7032642922, 210.5182671138, 172.2754967982, 121.5381670795, 103.5284858834, 208.1208034578, 160.4593905992, 79.9799822925, 288.2747806738, 122.935899661, 100.4945402554, 14.3432467004, 9.2222074625, 128.9048774277, 22.3803082846, 5.7268124899, 79.8848095239, 120.4946066978, 58.4043254709, 63.8315803411, 90.1057626605, 102.3147294221, 106.3278569781, 92.0750803364, 174.3514951699, 112.9846984215, 112.6448125257, 56.6366607315, 35.8340666913, 50.1753830783, 45.4849630679, 197.1985879431, 143.3171791214, 168.2568305732, 141.9903089656, 93.6792656345, 43.9012666823, 22.829534334, 1.6804275853, 88.2816362932, 35.5430144941, 119.5596169777, 39.7140059437, 218.6335772307, 157.7638144931, 609.267042155, 444.2478754993, 0],
      [16.5431127562, 23.6573059157, 3.5265974736, 0, 0, 0.4234719192, 27.8589264306, 4.5571157159, 3.3362944904, 49.3203058726, 0.65047326503, 23.6698915829, 37.951238498, 2.7122017842, 13.4958421304, 2.859500883, 3.3657833381, 7.6138924486, 10.7769140852, 0.32085855119, 7.6233230858, 0.48604018653, 12.1017834995, 10.4185481887, 3.2985934618, 11.5628037892, 3.7365296521, 5.8129778352, 1.4201375985, 13.2001682043, 13.0950669078, 1.1845572449, 11.8199153976, 4.3019107838, 5.531721275, 0.80835428031, 1.2494689459, 5.5376184265, 1.2579306785, 0, 5.7813752522, 5.7760078878, 3.5503771988, 4.1679030884, 6.5181279239, 5.1200642505, 8.6319456857, 7.2682560985, 14.4736408479, 8.8248352698, 4.7505003184, 10.4890775849, 2.0063465354, 0.068005224893, 3.6708387675, 12.2769578077, 9.9006765818, 9.2250262854, 4.0956757608, 4.0157349297, 2.2976246872, 1.3836245942, 0.074463077096, 8.0460335252, 1.9600645018, 7.8875488996, 0, 8.1712127355, 9.3149835226, 38.8049786494, 31.6083706469, 0]
    ],
    [
      [1.641639204, 10.9189796047, 1.4665467463, 0.18064106411, 1.8910623454, 0.8416922225, 7.4701453655, 0, 2.0753290829, 8.3418540963, 0.16545878513, 0, 8.1557121542, 0, 1.838362229, 0.76653616864, 0.68460475723, 0.5437512487, 0.14469801311, 0, 1.2003019139, 1.4553903328, 0.82616284129, 4.2366938594, 0.42038985143, 1.2079460769, 0.67808454469, 0, 1.2395112652, 0.99007648518, 0, 0.82009819386, 1.4614429263, 0.65669839067, 0.74174285135, 0.098695079884, 0.11629550811, 0.34204867228, 0.14918518412, 0, 0.099792379034, 1.1247529353, 0.3324384174, 0, 0, 0.46173869345, 1.5068322264, 0.025370679726, 1.0089438589, 1.0356390096, 0.72512154461, 0.18738018005, 0.10341058596, 0.62732196972, 0.06043441089, 1.0910045399, 0.16200518107, 1.0486600533, 0.024918013763, 0.33425829222, 0.9369035756, 0, 0.025890263157, 0.023662481291, 0.3002964719, 0.23259314003, 0, 1.1979949022, 0, 0, 3.0956888871, 0],
      [13.0608020146, 42.7333810374, 32.184176432, 0, 0, 4.4679311323, 118.9291366514, 25.723887111, 11.9289272346, 154.2808871251, 0, 64.6426710493, 207.9454282883, 28.6907825312, 57.7450306024, 11.437026088, 13.721419256, 6.7435038584, 43.9295086023, 2.1592281965, 16.0257652169, 3.2237599398, 17.6424399519, 25.4456268928, 11.474295783, 11.2462542811, 8.049748064, 18.3689503549, 7.9814172574, 16.9519662681, 14.3234189775, 6.4309669867, 11.5662275997, 5.8600277597, 10.1011099061, 0, 0, 2.5414096124, 7.9585705903, 1.609949512, 15.8569799247, 15.0135424815, 5.5201587236, 7.9731395165, 15.3081819865, 10.3000523131, 10.7236477212, 13.8533033646, 19.3397347848, 20.1941123794, 11.7211472959, 2.9454894924, 5.0663216802, 3.1718108025, 10.5506054671, 13.5415400165, 16.5460942573, 17.239276861, 7.6705827222, 12.4031609491, 4.6350742291, 1.5563700073, 0.89345814459, 10.3769114144, 5.019144754, 9.8754584217, 0, 16.4343444195, 66.4314714875, 142.5344703009, 63.4419305987, 0],
