{
  "X": [
    [1, 81, 28, 11],
    [19, 185, 132, 12],
    [8, 30, 37, 6],
    [3, 36, 21, 4],
    [7, 29, 34, 7],
    [9, 44, 80, 28],
    [0, 17, 33, 8],
    [22, 161, 99, 22],
    [0, 25, 6, 2],
    [6, 52, 51, 20],
    [3, 73, 127, 6],
    [5, 38, 34, 7],
    [5, 38, 89, 20],
    [16, 123, 272, 50],
    [14, 101, 112, 19],
    [4, 102, 98, 48],
    [13, 86, 90, 9],
    [8, 41, 80, 26],
    [6, 24, 30, 1],
    [5, 58, 30, 5],
    [13, 122, 64, 15],
    [22, 61, 52, 12],
    [3, 33, 36, 5],
    [7, 26, 82, 12],
    [7, 120, 214, 40],
    [8, 46, 55, 16],
    [8, 215, 255, 40],
    [14, 172, 183, 20],
    [12, 150, 190, 52],
    [4, 143, 114, 31],
    [16, 117, 145, 36],
    [6, 30, 17, 7],
    [2, 20, 9, 8],
    [5, 99, 38, 27],
    [10, 139, 157, 42],
    [2, 83, 31, 9],
    [26, 209, 214, 62],
    [10, 138, 153, 40],
    [25, 190, 172, 42],
    [4, 99, 48, 13],
    [4, 38, 17, 12],
    [2, 47, 56, 21],
    [5, 75, 59, 9],
    [15, 100, 53, 20],
    [16, 92, 122, 20],
    [2, 32, 38, 3],
    [0, 51, 19, 4],
    [14, 84, 102, 44],
    [31, 137, 209, 13],
    [105, 523, 462, 58],
    [24, 34, 69, 6],
    [3, 53, 10, 9],
    [3, 97, 54, 19],
    [27, 132, 256, 28],
    [38, 211, 368, 44],
    [51, 328, 441, 69],
    [59, 397, 645, 72],
    [2, 44, 25, 11],
    [28, 84, 142, 25],
    [17, 166, 138, 17],
    [1, 26, 21, 17],
    [6, 54, 40, 21],
    [18, 44, 102, 17],
    [26, 51, 127, 20],
    [15, 38, 106, 17],
    [7, 38, 40, 16],
    [10, 242, 173, 52],
    [24, 97, 136, 10],
    [19, 14, 59, 5],
    [12, 17, 35, 6],
    [5, 42, 55, 8],
    [13, 128, 92, 9],
    [2, 60, 74, 19],
    [4, 120, 125, 34],
    [0, 21, 29, 13],
    [21, 67, 61, 8],
    [21, 88, 106, 15],
    [17, 107, 176, 19],
    [11, 77, 58, 32],
    [5, 34, 10, 3],
    [10, 87, 210, 32],
    [17, 54, 62, 15],
    [4, 36, 24, 4],
    [17, 59, 70, 9],
    [31, 77, 174, 33],
    [69, 135, 272, 39],
    [21, 166, 131, 26],
    [30, 167, 188, 15],
    [3, 26, 40, 15],
    [23, 101, 152, 10],
    [12, 111, 106, 9],
    [52, 202, 240, 25],
    [5, 35, 49, 2],
    [10, 54, 27, 6],
    [71, 631, 419, 76],
    [3, 28, 129, 14],
    [1, 46, 65, 5],
    [14, 160, 379, 40],
    [14, 30, 71, 18],
    [10, 114, 248, 30],
    [12, 136, 338, 33],
    [11, 103, 230, 20],
    [7, 70, 26, 16],
    [56, 319, 227, 34],
    [268, 1774, 2136, 284],
    [68, 190, 243, 29],
    [218, 598, 793, 162],
    [25, 59, 82, 8]
  ],
  "W": [
    [3, 5, 18, 91, 1, 3],
    [14, 51, 56, 201, 16, 10],
    [1, 17, 16, 36, 5, 6],
    [2, 5, 6, 48, 2, 1],
    [3, 16, 19, 32, 4, 3],
    [2, 17, 71, 49, 8, 14],
    [2, 3, 14, 25, 6, 8],
    [13, 45, 52, 166, 8, 20],
    [0, 0, 2, 28, 1, 2],
    [2, 8, 40, 66, 5, 8],
    [4, 9, 71, 110, 11, 4],
    [0, 10, 18, 40, 10, 6],
    [6, 8, 74, 50, 9, 5],
    [10, 31, 205, 172, 28, 15],
    [7, 39, 50, 130, 2, 18],
    [12, 11, 76, 117, 18, 18],
    [6, 48, 33, 98, 7, 6],
    [3, 9, 66, 54, 19, 4],
    [0, 24, 8, 26, 1, 2],
    [3, 16, 7, 68, 0, 4],
    [7, 20, 35, 132, 8, 12],
    [2, 26, 26, 76, 7, 10],
    [3, 17, 7, 45, 3, 2],
    [5, 22, 56, 34, 5, 5],
    [10, 15, 164, 139, 36, 17],
    [3, 15, 35, 58, 11, 3],
    [10, 23, 177, 252, 34, 22],
    [6, 27, 129, 190, 19, 18],
    [16, 27, 138, 165, 28, 30],
    [12, 12, 59, 186, 10, 13],
    [6, 27, 81, 155, 21, 24],
    [1, 9, 9, 35, 0, 6],
    [0, 3, 7, 23, 0, 6],
    [2, 9, 18, 114, 9, 17],
    [15, 27, 91, 166, 24, 25],
    [4, 7, 16, 94, 0, 4],
    [18, 78, 112, 248, 26, 29],
    [6, 28, 97, 164, 25, 21],
    [8, 49, 114, 213, 17, 28],
    [5, 6, 18, 115, 6, 14],
    [1, 7, 7, 45, 6, 5],
    [3, 5, 40, 59, 10, 9],
    [6, 18, 29, 89, 3, 3],
    [3, 26, 29, 119, 5, 6],
    [6, 31, 63, 125, 15, 10],
    [1, 8, 20, 35, 6, 5],
    [0, 3, 8, 58, 2, 3],
    [7, 26, 84, 87, 16, 24],
    [19, 89, 92, 151, 22, 17],
    [36, 211, 235, 574, 45, 47],
    [1, 59, 17, 45, 3, 8],
    [6, 5, 3, 47, 2, 12],
    [7, 7, 33, 109, 9, 8],
    [14, 63, 160, 160, 34, 12],
    [30, 118, 210, 259, 27, 17],
    [43, 109, 263, 384, 54, 36],
    [19, 149, 409, 491, 64, 41],
    [5, 0, 17, 52, 2, 6],
    [6, 75, 80, 89, 14, 15],
    [5, 42, 72, 188, 4, 27],
    [1, 2, 20, 34, 2, 6],
    [6, 4, 30, 66, 9, 6],
    [5, 27, 63, 56, 25, 5],
    [12, 84, 44, 61, 14, 9],
    [4, 88, 29, 48, 3, 4],
    [8, 15, 16, 47, 9, 6],
    [15, 26, 106, 289, 25, 16],
    [9, 65, 62, 111, 14, 6],
    [3, 36, 28, 19, 6, 5],
    [4, 26, 16, 16, 5, 3],
    [7, 26, 24, 43, 1, 9],
    [6, 30, 36, 145, 11, 14],
    [4, 6, 45, 73, 16, 11],
    [6, 13, 80, 147, 21, 16],
    [3, 2, 23, 24, 4, 7],
    [5, 29, 38, 77, 6, 2],
    [10, 43, 62, 99, 8, 8],
    [8, 47, 102, 127, 20, 15],
    [2, 15, 34, 98, 18, 11],
    [2, 4, 8, 35, 2, 1],
    [9, 23, 144, 109, 40, 14],
    [6, 41, 21, 66, 5, 9],
    [2, 11, 10, 37, 2, 6],
    [5, 51, 28, 66, 2, 3],
    [11, 73, 88, 103, 21, 19],
    [8, 145, 153, 160, 21, 28],
    [12, 49, 66, 169, 25, 23],
    [10, 95, 63, 202, 16, 14],
    [3, 5, 30, 31, 12, 3],
    [8, 67, 78, 109, 18, 6],
    [7, 53, 38, 124, 12, 4],
    [19, 122, 105, 238, 22, 13],
    [0, 29, 16, 38, 6, 2],
    [3, 12, 13, 59, 1, 9],
    [40, 138, 253, 659, 68, 39],
    [4, 4, 92, 44, 24, 6],
    [1, 7, 29, 60, 13, 7],
    [8, 34, 232, 237, 53, 29],
    [4, 16, 45, 35, 25, 8],
    [16, 30, 150, 156, 38, 12],
    [12, 33, 214, 193, 51, 16],
    [7, 20, 145, 150, 31, 11],
    [2, 6, 13, 77, 9, 12],
    [9, 103, 108, 359, 35, 22],
    [247, 550, 1351, 1867, 237, 210],
    [9, 120, 142, 211, 27, 21],
    [35, 370, 428, 755, 91, 92],
    [3, 53, 39, 68, 3, 8]
  ],
  "method": "mvn_cdf",
  "mvncdf_method": "genz",
  "mvncdf_samples": 5000,
  "mvncdf_error": 1e-06,
  "cond_prob": [
    [
      [0.0020343764533, 0.76454932837, 0.18739023897, 0.046026056205],
      [0.18914064235, 0.090799627438, 0.69854047228, 0.02151925793],
      [0, 0.0094067376117, 0.83082335113, 0.15976991126],
      [0, 0.84624637903, 0.088832282138, 0.064921338837],
      [0.014157580095, 0.0095796664109, 0.63235615158, 0.34390660192],
      [0.011345359596, 0.35501081433, 0.091404258384, 0.54223956769]
    ],
    [
      [0.0054430217332, 0.71980372386, 0.2554895141, 0.019263740313],
      [0.33542627844, 0.0560631702, 0.60812737869, 0.00038317266595],
      [0.0017434098111, 0.0075214145603, 0.93536039505, 0.055374780578],
      [0.0034940523541, 0.82959706445, 0.14994762632, 0.016961256876],
      [0.036358454234, 0.0087704511803, 0.82022118683, 0.13464990776],
      [0.043538675496, 0.4752989797, 0.17654564869, 0.30461669611]
    ],
    [
      [0.0092206504213, 0.62368967287, 0.33773882165, 0.029350855058],
      [0.413744835, 0.031688354229, 0.55417469374, 0.00039211703437],
      [0.0022051409942, 0.004621482064, 0.93108581068, 0.062087566262],
      [0.0089898934565, 0.74182000834, 0.19950315915, 0.049686939057],
      [0.04537709174, 0.0053028087581, 0.79939003893, 0.14993006057],
      [0.061885545922, 0.33860504139, 0.19414241499, 0.40536699771]
    ],
    [
      [0.010362402254, 0.5945420142, 0.36239400276, 0.03270158078],
      [0.47655315214, 0.025596292664, 0.49748701418, 0.00036354101689],
      [0.0022884644733, 0.0041368628307, 0.92953570305, 0.064038969643],
      [0.008777772078, 0.71554730721, 0.21734622284, 0.058328697874],
      [0.047701223326, 0.0047248254849, 0.79235567972, 0.15521827147],
      [0.066043141556, 0.30239293425, 0.19323264959, 0.4383312746]
    ],
    [
      [0.0067770448243, 0.69511924068, 0.25623177258, 0.041871941912],
      [0.40142839649, 0.04566129036, 0.55218110876, 0.00072920439285],
      [0.0020202936129, 0.0063278714572, 0.88051741374, 0.11113442119],
      [0.0077209254243, 0.7834914932, 0.13994908312, 0.068838498256],
      [0.038581755832, 0.0067595767736, 0.701817793, 0.2528408744],
      [0.03901076871, 0.32168866163, 0.12697808312, 0.51232248655]
    ],
    [
      [0.0077601644423, 0.68297652913, 0.23614750873, 0.073115797699],
      [0.45028043813, 0.045991442334, 0.50244128646, 0.0012868330703],
      [0.0047334965658, 0.017057118534, 0.82752395098, 0.15068543392],
      [0.004344174955, 0.76015956169, 0.13166965758, 0.10382660578],
      [0.038882789568, 0.0060450557114, 0.56845400898, 0.38661814574],
      [0.033550505526, 0.23892557413, 0.088039807148, 0.6394841132]
    ],
    [
      [0, 0.39628474531, 0.56056835515, 0.043146899542],
      [0, 0.01960717405, 0.8935155606, 0.086877265354],
      [0, 0.0018097899536, 0.94505142284, 0.053138787205],
      [0, 0.5772207045, 0.34242169861, 0.080357596885],
      [0, 0.0091453924968, 0.85634742509, 0.13450718242],
      [0, 0.20473524505, 0.28362120903, 0.51164354592]
    ],
    [
      [0.007055337876, 0.74853515553, 0.21544293241, 0.028966574181],
      [0.43434617795, 0.057536986453, 0.50754786201, 0.00056897358467],
      [0.002559929245, 0.0088408260165, 0.89424218526, 0.094357059479],
      [0.0051714877112, 0.84111626961, 0.11127366352, 0.042438579162],
      [0.049595533899, 0.0095716393275, 0.72737237526, 0.21346045151],
      [0.048717752387, 0.42591408828, 0.12842936541, 0.39693879392]
    ],
    [
      [0.0004491294896, 0.77481334056, 0.20425416775, 0.020483362202],
      [0.00011786931101, 0.11368410842, 0.88534626598, 0.00085175628715],
      [0, 0.0086503639634, 0.92419548382, 0.067154152213],
      [0, 0.85642932416, 0.10929746215, 0.034273213693],
      [0, 0.010324561259, 0.81403866365, 0.17563677509],
      [0, 0.49617681718, 0.13862071428, 0.36520246854]
    ],
    [
      [0.01277445269, 0.63901562385, 0.26878014498, 0.079429778479],
      [0.57208947087, 0.03014575458, 0.39679498034, 0.00096979421428],
      [0.0033159936543, 0.0053100574669, 0.80518549089, 0.18618845799],
      [0.0086503648904, 0.73620619264, 0.174335602, 0.080807840467],
      [0.056671077002, 0.0050076491851, 0.56763993739, 0.37068133642],
      [0.051352014216, 0.20671918208, 0.092038851591, 0.64988995211]
    ],
    [
      [0.0057508093004, 0.43780855092, 0.53535373023, 0.021086909543],
      [0.21803658794, 0.020301098927, 0.76141158198, 0.00025073115978],
      [0.00090532430609, 0.0022460277955, 0.96702958506, 0.029819062836],
      [0.0050113069913, 0.63423039173, 0.34567094151, 0.015087359772],
      [0.020074680232, 0.0027796502115, 0.90031002191, 0.076835647646],
      [0.044581048514, 0.27766717257, 0.35489162366, 0.32286015526]
    ],
    [
      [0.0052955939298, 0.77031699874, 0.20103983702, 0.023347570306],
      [0.39910594932, 0.063039487552, 0.53734508997, 0.00050947315145],
      [0.0020672552004, 0.0092125481315, 0.90767513463, 0.081045062041],
      [0.0078780284511, 0.85701002653, 0.098120352742, 0.036991592273],
      [0.041508840301, 0.010282132659, 0.75774678752, 0.19046223952],
      [0.040253395349, 0.4700928117, 0.13101911535, 0.3586346776]
    ],
    [
      [0.011023395695, 0.54443606926, 0.37380634264, 0.070734192406],
      [0.45078266865, 0.02436940963, 0.52402339253, 0.00082452919212],
      [0.0051235563544, 0.0083491758746, 0.87182977956, 0.11469748821],
      [0.0066824407352, 0.65870205116, 0.22570763601, 0.10890787209],
      [0.041567048991, 0.0036342064941, 0.67422765097, 0.28057109354],
      [0.048045925751, 0.1905557752, 0.13922809137, 0.62217020768]
    ],
    [
      [0.010539869253, 0.52300788115, 0.40969131705, 0.056760932545],
      [0.39293037926, 0.024395727875, 0.58199754838, 0.00067634447783],
      [0.0033741633404, 0.010751140278, 0.89144423211, 0.094430464275],
      [0.006591617507, 0.64825738887, 0.25529913995, 0.08985185368],
      [0.03935866996, 0.0035725569269, 0.73454925396, 0.22251951915],
      [0.052417006363, 0.21395782588, 0.17575093773, 0.55787423002]
    ],
    [
      [0.007380227995, 0.55740835923, 0.40072828503, 0.034483127737],
      [0.31395946223, 0.029764752007, 0.65580567356, 0.00047011219903],
      [0.0015001791204, 0.0036900914047, 0.93197545701, 0.062834272466],
      [0.0055358124097, 0.69589427656, 0.24175578568, 0.056814125346],
      [0.03111225378, 0.0042808298509, 0.81236796828, 0.15223894809],
      [0.047057238897, 0.29322188745, 0.22037332278, 0.43934755086]
    ],
    [
      [0.0041306657974, 0.66306860034, 0.23574446325, 0.097056270609],
      [0.29937167972, 0.058509425423, 0.63992320667, 0.0021956881912],
      [0.00067142129042, 0.005978500532, 0.75029727242, 0.24305280576],
      [0, 0.76300468521, 0.17569066353, 0.06130465126],
      [0.018646624105, 0.0054416371454, 0.5119982229, 0.46391351585],
      [0.015037571197, 0.19865052434, 0.07430793433, 0.71200397013]
    ],
    [
      [0.0044983328272, 0.67190488933, 0.29846530255, 0.025131475298],
      [0.26156912153, 0.049676784565, 0.68827677492, 0.00047731898255],
      [0.001227210123, 0.0058994984599, 0.93161709816, 0.061256193258],
      [0, 0.78472244416, 0.17927829969, 0.035999256142],
      [0.025599072208, 0.0068938762966, 0.81765415299, 0.14985289851],
      [0.033000121672, 0.4063908156, 0.18928438471, 0.37132467801]
    ],
    [
      [0.017727039134, 0.59456310254, 0.29694683822, 0.090763020113],
      [0.62560944978, 0.02235603691, 0.35114164429, 0.00089286902224],
      [0.0027997849322, 0.018742509729, 0.84583675078, 0.13262095456],
      [0.010249079477, 0.68531439397, 0.17114370952, 0.13329281704],
      [0.069396112966, 0.0040833951308, 0.55320946689, 0.37331102502],
      [0.06489289773, 0.17338473409, 0.092729737595, 0.66899263059]
    ],
    [
      [0.0036822221568, 0.71704084935, 0.26605932607, 0.013217602425],
      [0.24585192317, 0.055134171185, 0.6987410264, 0.00027287925124],
      [0.0011479561539, 0.0065723825712, 0.95708811748, 0.035191543799],
      [0, 0.83006525088, 0.16499348086, 0.0049412682591],
      [0.025032887039, 0.008043004778, 0.8762675605, 0.090656547679],
      [0.032668653869, 0.51723065171, 0.20370618184, 0.24639451258]
    ],
    [
      [0.0046399014044, 0.68292296789, 0.28565762473, 0.026779505982],
      [0.28799246208, 0.050036247307, 0.66146775809, 0.00050353252552],
      [0.0013081353603, 0.0060991793683, 0.92590220305, 0.066690482216],
      [0.0034934683105, 0.78700484433, 0.16737686863, 0.042124818732],
      [0.027069177985, 0.0070659854246, 0.80263190058, 0.16323293601],
      [0.032872027468, 0.39790686737, 0.17415012708, 0.39507097808]
    ],
    [
      [0.010198921631, 0.74218975505, 0.21955146944, 0.02805985388],
      [0.53355329337, 0.046073536716, 0.41992661631, 0.00044655360191],
      [0.0036361988749, 0.0085760098132, 0.89798411325, 0.089803678064],
      [0.0055261118455, 0.83711777143, 0.11605272851, 0.041303388215],
      [0.069893827448, 0.0091621121056, 0.72016086108, 0.20078319937],
      [0.070139778117, 0.4175164926, 0.12957636435, 0.38276736493]
    ],
    [
      [0.032766788018, 0.61790310811, 0.31403549596, 0.035294607919],
      [0.72551513438, 0.015947201157, 0.25227027169, 0.0062673927752],
      [0.0082442291971, 0.0049882669846, 0.90731624025, 0.079451263568],
      [0, 0.74215252565, 0.19704101846, 0.060806455886],
      [0.14856605894, 0.0049860433135, 0.68002459999, 0.16642329776],
      [0.18167605583, 0.27813773594, 0.14873900946, 0.39144719876]
    ],
    [
      [0.0039866562581, 0.5286093814, 0.43114895802, 0.036255004321],
      [0.16979892867, 0.03006679415, 0.78145452242, 0.018679754763],
      [0.00075326283362, 0.0031407987087, 0.93570786796, 0.060398070496],
      [0, 0.67415836427, 0.26514853818, 0.060693097551],
      [0.015845652051, 0.0037201606259, 0.82872510313, 0.15170908419],
      [0.024324223956, 0.26638194508, 0.22700582087, 0.4822880101]
    ],
    [
      [0.0070353055489, 0.49773115239, 0.44236103916, 0.052872502899],
      [0.28829532806, 0.024381931237, 0.68664468442, 0.00067805628137],
      [0.0029110696114, 0.0079080723071, 0.89957238677, 0.08960847131],
      [0.0044534520147, 0.63172260928, 0.27869890697, 0.085125031743],
      [0.025402953751, 0.0031760398311, 0.76981911901, 0.20160188741],
      [0.036174843874, 0.20752815741, 0.19621993119, 0.56007706753]
    ],
    [
      [0.0054824704298, 0.65685035021, 0.29835853439, 0.039308644973],
      [0.31123310551, 0.046138559614, 0.64191958444, 0.00070875043694],
      [0.0013753518803, 0.0042292767876, 0.89919281139, 0.095202559947],
      [0.0032183543099, 0.76392935891, 0.17447625041, 0.058376036371],
      [0.028649732887, 0.0062447793671, 0.74943574137, 0.21566974637],
      [0.03366937481, 0.33146022147, 0.1581243721, 0.47674603162]
    ],
    [
      [0.0092399326071, 0.63732224702, 0.28396800221, 0.069469818168],
      [0.45722145203, 0.035958454561, 0.50580039284, 0.0010197005707],
      [0.0023584802705, 0.0051558088063, 0.83281644965, 0.15966926128],
      [0.0077321460573, 0.73509100674, 0.17743118603, 0.07974566118],
      [0.041972014132, 0.0051135237554, 0.61827310268, 0.33464135943],
      [0.040418328513, 0.22555866012, 0.10683381469, 0.62718919668]
    ],
    [
      [0.004379867461, 0.67442224734, 0.29100447085, 0.030193414348],
      [0.26626886344, 0.051896675297, 0.68124152246, 0.00059293880097],
      [0.0012080316178, 0.0060991163478, 0.91766402342, 0.075028828612],
      [0.00044501413957, 0.78285606241, 0.17193553732, 0.044763386129],
      [0.024710794384, 0.0069760491364, 0.78952918315, 0.17878397333],
      [0.030267513531, 0.38480440921, 0.17377820444, 0.41114987282]
    ],
    [
      [0.0069970561551, 0.71829542044, 0.25394785617, 0.020759667238],
      [0.39927433755, 0.050858505942, 0.54949088251, 0.00037627400325],
      [0.0022401727065, 0.0075054808319, 0.93045169108, 0.059802655379],
      [0.0054493182366, 0.82592685604, 0.14897994969, 0.019643876031],
      [0.046059894928, 0.0086069672653, 0.8024453929, 0.14288774491],
      [0.054339988979, 0.45884476462, 0.16995210998, 0.31686313642]
    ],
    [
      [0.005858149928, 0.67586997437, 0.26986772995, 0.04840414575],
      [0.34359471904, 0.049686811807, 0.60580850107, 0.00090996808152],
      [0.0016495436233, 0.0062188655016, 0.86932509255, 0.12280649832],
      [0.0033608948147, 0.77305396158, 0.15838102708, 0.065204116519],
      [0.031217882737, 0.0065781853707, 0.6911925618, 0.27101137009],
      [0.032430893536, 0.30827467335, 0.12907209401, 0.5302223391]
    ],
    [
      [0.0047200423946, 0.59120872201, 0.35131069647, 0.052760539131],
      [0.25169290639, 0.039070282218, 0.70834834962, 0.00088846176793],
      [0.0010433935938, 0.0042807477063, 0.88959858262, 0.10507727608],
      [0.0017877825468, 0.70852979812, 0.21171793602, 0.077964483315],
      [0.020478385042, 0.0046990808333, 0.73363125348, 0.24119128065],
      [0.024936383724, 0.25773496744, 0.1601481875, 0.55718046133]
    ],
    [
      [0.011885085263, 0.56125573945, 0.37859505567, 0.048264119619],
      [0.44182960157, 0.0258269602, 0.5317761296, 0.00056730863194],
      [0.0024770583598, 0.0038248008871, 0.90314228669, 0.090555854067],
      [0.0080564532102, 0.68768975636, 0.22873856438, 0.075515226051],
      [0.048476678875, 0.0041760473991, 0.74101578001, 0.20633149371],
      [0.06382866729, 0.24773831394, 0.17500583695, 0.51342718183]
    ],
    [
      [0.012809207705, 0.69070841525, 0.24821619559, 0.048266181456],
      [0.5958509641, 0.031634504447, 0.37193660252, 0.00057792893528],
      [0.0038295747834, 0.0063506199988, 0.86221054779, 0.12760925743],
      [0.0054241420142, 0.77840240346, 0.14252218887, 0.073651265658],
      [0.070075888595, 0.0064256874902, 0.64681326011, 0.27668516381],
      [0.066703495314, 0.28722355729, 0.10936380686, 0.53670914053]
    ],
    [
      [0.0064207305507, 0.725056525, 0.18425607458, 0.084266669871],
      [0.54890635895, 0.046565311625, 0.40307821067, 0.0014501187564],
      [0.0021625409451, 0.0072701441035, 0.73753230525, 0.2530350097],
      [0.0085355361698, 0.80663909991, 0.09932307413, 0.085502289787],
      [0.034511645808, 0.0063780577816, 0.47093987771, 0.4881704187],
      [0.023637634105, 0.20945229307, 0.057268087709, 0.70964198512]
    ],
    [
      [0.005720834875, 0.7220346442, 0.20524646041, 0.066998060517],
      [0.41014020809, 0.060102760816, 0.52832742702, 0.0014296040729],
      [0.0019108111376, 0.0078101045944, 0.78875301891, 0.20152606535],
      [0.004600673616, 0.80873412671, 0.10730460281, 0.079360596864],
      [0.032486862854, 0.0073909252852, 0.55869203085, 0.40143018101],
      [0.026237841119, 0.27130677699, 0.080944288103, 0.62151109379]
    ],
    [
      [0.005630870232, 0.61895497648, 0.32535822359, 0.050055929703],
      [0.29761317495, 0.04115588655, 0.66038099993, 0.00084993857233],
      [0.0013412077641, 0.0048204977941, 0.88648571375, 0.10735258069],
      [0.0022136623366, 0.72958392397, 0.19522705195, 0.072975361742],
      [0.026088024944, 0.0052445308175, 0.72486230846, 0.24380513577],
      [0.030574030796, 0.27716003992, 0.15259014679, 0.53967578249]
    ],
    [
      [0.0030051265222, 0.74124889106, 0.22010414603, 0.035641836387],
      [0.25458379037, 0.072400999783, 0.67212314562, 0.00089206422313],
      [0.0010429136689, 0.0082517910975, 0.87997085836, 0.11073443687],
      [0.0011978555275, 0.82805862105, 0.11542582784, 0.05531769558],
      [0.020269831391, 0.0089740630428, 0.7161234785, 0.25463262706],
      [0.019151980759, 0.38966460023, 0.12128996139, 0.46989345762]
    ],
    [
      [0.0053689490212, 0.64665105982, 0.28594927221, 0.062030718945],
      [0.30928048741, 0.047730844316, 0.64182286682, 0.0011658014624],
      [0.0013943982249, 0.0055079052213, 0.8480296962, 0.14506800036],
      [0.00081976035266, 0.74745971563, 0.17445039234, 0.077270131683],
      [0.025649157898, 0.0056741361387, 0.6567697662, 0.31190693976],
      [0.025969987103, 0.25871905746, 0.11971352737, 0.59559742806]
    ],
    [
      [0.0050046130745, 0.66474272462, 0.28312309194, 0.047129570368],
      [0.29921928201, 0.049876888101, 0.64999924806, 0.00090458183205],
      [0.0013563312924, 0.0058760938989, 0.87778263146, 0.11498494335],
      [0.0013268621217, 0.76474672493, 0.16666185903, 0.067264553911],
      [0.026075039555, 0.0063193393775, 0.70940329634, 0.25820232473],
      [0.028132710145, 0.30802682399, 0.13755904576, 0.52628142011]
    ],
    [
      [0.007959050983, 0.70872877807, 0.24470444109, 0.038607729858],
      [0.43578684193, 0.048876509271, 0.51465704139, 0.00067960741174],
      [0.0025060427156, 0.0072979753755, 0.88079748814, 0.10939849377],
      [0.0052974581259, 0.80274461496, 0.13548720946, 0.056470717454],
      [0.047576048782, 0.0077434264498, 0.70252022387, 0.2421603009],
      [0.048569002068, 0.3566789426, 0.12898701337, 0.46576504197]
    ],
    [
      [0.0067937181971, 0.67528252486, 0.2890381009, 0.028885656047],
      [0.38342802586, 0.043441979956, 0.57265341668, 0.00047657750095],
      [0.0018756853157, 0.0060610283699, 0.92037852469, 0.071684761626],
      [0.0064258663029, 0.78135004555, 0.16910290672, 0.043121181425],
      [0.038456151586, 0.0068837994904, 0.78421603828, 0.17044401064],
      [0.047284955988, 0.38266278217, 0.17142464629, 0.39862761556]
    ],
    [
      [0.006574973533, 0.70954404527, 0.19880021282, 0.085080768381],
      [0.47362772162, 0.052116303428, 0.47262598637, 0.0016299885775],
      [0.0021248734206, 0.007131275682, 0.74382825614, 0.24691559476],
      [0.0074712911782, 0.79467441461, 0.11182394856, 0.086030345654],
      [0.033835225719, 0.0063178272516, 0.48878116711, 0.47106577992],
      [0.024787480767, 0.21549345599, 0.064251080385, 0.69546798286]
    ],
    [
      [0.0044330939935, 0.62233481824, 0.29770183094, 0.075530256833],
      [0.28044485221, 0.044823368585, 0.67331972276, 0.0014120564489],
      [0.0010708443082, 0.0048020000926, 0.82951755813, 0.16460959746],
      [0.0030414256148, 0.7243210254, 0.19187655238, 0.080760996612],
      [0.019319202866, 0.0048425326564, 0.62595128203, 0.34988698245],
      [0.018778504969, 0.21482587485, 0.10881823973, 0.65757738045]
    ],
    [
      [0.0042078952506, 0.66787857683, 0.29546719807, 0.032446329857],
      [0.25981983201, 0.050031566671, 0.6895240498, 0.00062455151474],
      [0.0011360598728, 0.0057853209098, 0.91475780139, 0.07832081783],
      [0.0012581959876, 0.77317034906, 0.17340752605, 0.052163928893],
      [0.023140428943, 0.0065978015698, 0.78249150569, 0.1877702638],
      [0.027883062066, 0.36414385372, 0.16901444634, 0.43895863788]
    ],
    [
      [0.0098928917042, 0.70957559817, 0.21845212532, 0.062079384808],
      [0.52538777086, 0.044969771315, 0.42863611812, 0.0010063397103],
      [0.0031971753907, 0.007405480209, 0.80903150145, 0.18036584295],
      [0.0056034399468, 0.79676992532, 0.1203845802, 0.077242054534],
      [0.05450868436, 0.0070461796332, 0.5766592027, 0.36178593331],
      [0.046361403462, 0.27274136897, 0.088188325673, 0.59270890189]
    ],
    [
      [0.012030565357, 0.54307649871, 0.40542842543, 0.039464510512],
      [0.42909655971, 0.023881745644, 0.54657756534, 0.0004441293056],
      [0.0023943558762, 0.0035187175928, 0.92349993655, 0.070586989979],
      [0.0083431855922, 0.68078931461, 0.24533909175, 0.065528408054],
      [0.048331163474, 0.0039633508868, 0.78165994266, 0.16604554298],
      [0.070711318557, 0.26214130951, 0.20507433109, 0.46207304084]
    ],
    [
      [0.0031255379553, 0.69119951749, 0.2895828529, 0.016092091653],
      [0.2123663236, 0.05352356855, 0.73377760784, 0.00033250000395],
      [0.00088843999943, 0.0060119063997, 0.95270716204, 0.040392491557],
      [0.00085748035443, 0.8089234392, 0.18562949555, 0.0045895848956],
      [0.019350089192, 0.0073233809386, 0.8702829808, 0.10304354907],
      [0.026812545137, 0.48082262969, 0.21346456289, 0.27890026228]
    ],
    [
      [0.0011619913501, 0.75438241493, 0.22191253987, 0.022543053848],
      [0, 0.15164992755, 0.80958163822, 0.03876843423],
      [0, 0.0088419578088, 0.91989085814, 0.07126718405],
      [0, 0.84441298232, 0.12342571663, 0.032161301047],
      [0, 0.018352621781, 0.80474593253, 0.17690144569],
      [0, 0.48721877894, 0.14798159679, 0.36479962427]
    ],
    [
      [0.0070874278387, 0.71893258187, 0.2026609478, 0.071319042488],
      [0.45396274737, 0.055968336162, 0.48863776876, 0.0014311477046],
      [0.002365937136, 0.0077400863502, 0.77551699205, 0.21437698446],
      [0.0065431869017, 0.81036904601, 0.14097234624, 0.042115420845],
      [0.039185630341, 0.0071617448371, 0.53816890355, 0.41548372127],
      [0.031349604505, 0.26022637554, 0.077419477732, 0.63100454222]
    ],
    [
      [0.006858393402, 0.61916666315, 0.35434194082, 0.019633002624],
      [0.31948050963, 0.036808342265, 0.6434126939, 0.00029845421114],
      [0.0016133341501, 0.0047520346108, 0.95217405339, 0.041460577853],
      [0.0040658545653, 0.75876205969, 0.22828978962, 0.00888229612],
      [0.034478809176, 0.0056823109892, 0.85659514678, 0.10324373305],
      [0.053824740329, 0.40144834698, 0.24040641141, 0.30432050127]
    ],
    [
      [0.0092038368293, 0.70475944904, 0.26157772099, 0.024458993142],
      [0.4519758344, 0.044814917005, 0.50281409891, 0.00039514968589],
      [0.0028433382537, 0.0071759485949, 0.92193378727, 0.068046925884],
      [0.0051321927, 0.81233402897, 0.15190334108, 0.030630437252],
      [0.05686686903, 0.008032039372, 0.77660005138, 0.15850104021],
      [0.066567842776, 0.42223808566, 0.16373334204, 0.34746072953]
    ],
    [
      [0.011345386166, 0.50685354081, 0.45566997888, 0.026131094141],
      [0.38763460023, 0.027415415421, 0.5839153105, 0.0010346738493],
      [0.0020707403941, 0.0029375142747, 0.95280508536, 0.042186659976],
      [0.0073360593024, 0.65624252145, 0.29333566888, 0.043085750367],
      [0.043857000184, 0.0034832380514, 0.84795463827, 0.10470512349],
      [0.077664618043, 0.28554200342, 0.26895890452, 0.36783447402]
    ],
    [
      [0.0045372829555, 0.81508072923, 0.14850248333, 0.031879504483],
      [0.44294178438, 0.081361188395, 0.47486737901, 0.00082964821745],
      [0.0022161512287, 0.012506894425, 0.84645208196, 0.13882487239],
      [0.0064248037338, 0.90032356376, 0.040041797512, 0.053209834998],
      [0.041068416621, 0.01279666916, 0.64426048638, 0.30187442784],
      [0.030609693162, 0.44369901371, 0.08540054194, 0.44029075119]
    ],
    [
      [0.0041337493298, 0.72499727944, 0.2242408921, 0.046628079127],
      [0.31663606071, 0.06451340576, 0.61778492825, 0.0010656052772],
      [0.0013657937957, 0.0077448771235, 0.85212342837, 0.13876590071],
      [0.0026964250741, 0.81156480413, 0.12056702183, 0.065171748966],
      [0.02545250541, 0.0080445058673, 0.6634938472, 0.30300914152],
      [0.023319656583, 0.33561000694, 0.10906201463, 0.53200832184]
    ],
    [
      [0.0086928396126, 0.60136128188, 0.35879777923, 0.031148099271],
      [0.3722175258, 0.032651208348, 0.59469845726, 0.00043280859696],
      [0.0031969687596, 0.0056767608937, 0.930076073, 0.061050197346],
      [0.0053110791628, 0.72810326641, 0.21843069909, 0.048154955341],
      [0.040455371353, 0.0051100610427, 0.80242607034, 0.15200849726],
      [0.057652152205, 0.32878079035, 0.20560486313, 0.40796219431]
    ],
    [
      [0.0066671791771, 0.57820733266, 0.37782162026, 0.0373038679],
      [0.30034313684, 0.0335659412, 0.66553943291, 0.00055148904537],
      [0.0014265132141, 0.0040633081925, 0.92264546304, 0.071864715558],
      [0.0021919889886, 0.70910740338, 0.22958345647, 0.059117151164],
      [0.029173542165, 0.0046521536252, 0.79478091476, 0.17139338945],
      [0.041442112687, 0.29736933032, 0.20323242041, 0.45795613658]
    ],
    [
      [0.0090994377859, 0.62234447429, 0.33263659478, 0.035919493148],
      [0.39766827597, 0.035037716576, 0.56677970321, 0.00051430423859],
      [0.0021928879847, 0.0049385383019, 0.91488143905, 0.077987134666],
      [0.0059217389452, 0.74020275352, 0.19867167433, 0.055203833213],
      [0.04379769358, 0.0055184489759, 0.7692756015, 0.18140825595],
      [0.056864704053, 0.32181631474, 0.17980596897, 0.44151301224]
    ],
    [
      [0.0076121768113, 0.61350488285, 0.34935285272, 0.029530087613],
      [0.34459154208, 0.035956364114, 0.61901210285, 0.00043999096012],
      [0.0017786184867, 0.004724362537, 0.93133216484, 0.062164854132],
      [0.0047028583393, 0.74032654737, 0.21386388414, 0.041106710148],
      [0.036663618528, 0.0054503890611, 0.80867191021, 0.1492140822],
      [0.051907289753, 0.34645085453, 0.20615774844, 0.39548410728]
    ],
    [
      [0.027388027326, 0.65805424293, 0.25508297525, 0.059474754499],
      [0.91490009697, 0.0067474727512, 0.078191454757, 0.00016097552554],
      [0.0074702878486, 0.0058920517178, 0.83574688953, 0.1508907709],
      [0.012602275406, 0.75405277197, 0.15040851191, 0.082936440714],
      [0.13809311941, 0.0053664503409, 0.56429077678, 0.29224965347],
      [0.13409340167, 0.23134781053, 0.09451063811, 0.54004814969]
    ],
    [
      [0.0059844041337, 0.69403129706, 0.25961686898, 0.040367429826],
      [0.35296143223, 0.051399959101, 0.59486859574, 0.00077001293611],
      [0.0017812455775, 0.006659377492, 0.88366165239, 0.10789772454],
      [0.0037054724117, 0.78876484526, 0.14711539132, 0.060414291004],
      [0.034269871001, 0.0071771800254, 0.71530073997, 0.243252209],
      [0.035994751558, 0.34316755581, 0.13511611514, 0.4857215775]
    ],
    [
      [0.0065015075179, 0.67183049559, 0.300633622, 0.021034374898],
      [0.34349506869, 0.044731299573, 0.6114160785, 0.00035755323146],
      [0.0017782365693, 0.0060001799055, 0.94059671722, 0.051624866307],
      [0.0048221809714, 0.79114196619, 0.18278074444, 0.021255108404],
      [0.03731628152, 0.0070366561368, 0.82947624572, 0.12617081662],
      [0.050253014655, 0.42841791551, 0.20050770431, 0.32082136553]
    ],
    [
      [0.00376387303, 0.5994189401, 0.20470591716, 0.1921112697],
      [0.36659531235, 0.052087971842, 0.57693174321, 0.0043849726031],
      [0.00090246080567, 0.0044750432435, 0.57415648537, 0.42046601058],
      [0.0052074883667, 0.72434323935, 0.21540938983, 0.055039882453],
      [0.011882041019, 0.0032968654103, 0.31184862143, 0.67297247214],
      [0.0073629332758, 0.095440063791, 0.035114065293, 0.86208293764]
    ],
    [
      [0.030988927688, 0.63426725392, 0.23729946554, 0.097444352847],
      [0.81869867162, 0.014316103103, 0.16641551192, 0.00056971336197],
      [0.0083915276028, 0.005533791736, 0.745818669, 0.24025601166],
      [0.0077738452463, 0.74121634497, 0.1674567746, 0.083553035176],
      [0.12723390921, 0.0045095054017, 0.45366949905, 0.41458708634],
      [0.10489115837, 0.16837566586, 0.066801412296, 0.65993176348]
    ],
    [
      [0.018288071121, 0.57070693411, 0.3670099095, 0.043995085278],
      [0.56139958145, 0.020761841782, 0.41742161127, 0.00041696550063],
      [0, 0.0033629202808, 0.90680482518, 0.089832254535],
      [0.0064117423855, 0.69665413156, 0.22652537512, 0.070408750931],
      [0.075786800392, 0.0042031392043, 0.72894555241, 0.19106450799],
      [0.09940867238, 0.2512643552, 0.17136062893, 0.47796634349]
    ],
    [
      [0.0069968065895, 0.52874607829, 0.40184680273, 0.06241031239],
      [0.29679003541, 0.031148857458, 0.67206110713, 0],
      [0.001351182827, 0.0032946149508, 0.88709173567, 0.10826246655],
      [0.0043256855471, 0.65580398808, 0.24745958663, 0.09241073975],
      [0.026170539344, 0.0035790324367, 0.72334128635, 0.24690914187],
      [0.032885436985, 0.20438113883, 0.16342846727, 0.59930495691]
    ],
    [
      [0.0034526819671, 0.52912990585, 0.33154412282, 0.13587328936],
      [0.16818840577, 0.038564357772, 0.79324723646, 0],
      [0.00068535386673, 0.0033533718144, 0.7525847389, 0.24337653542],
      [0.0019908583706, 0.6649537791, 0.23333394947, 0.099721413064],
      [0.011056328766, 0.0030507509705, 0.51161741883, 0.47427550143],
      [0.009251028596, 0.11640886513, 0.077056860298, 0.79728324598]
    ],
    [
      [0.0084365153469, 0.56699961237, 0.32757481253, 0.096989059753],
      [0.40048000952, 0.031124865779, 0.56702065069, 0.0013744740057],
      [0.0018091139788, 0.0038665573457, 0.80721520918, 0.18710911949],
      [0.0093641101553, 0.6796260466, 0.21574978685, 0.095260056391],
      [0.031191229313, 0.0037294989541, 0.58135416451, 0.38372510723],
      [0.029254611601, 0.15987925268, 0.097703488289, 0.71316264743]
    ],
    [
      [0.0049166704988, 0.68316795955, 0.25919272176, 0.052722648194],
      [0.31268502252, 0.054754080667, 0.63148496266, 0.0010759341465],
      [0.0014188079935, 0.0064707626441, 0.85498879994, 0.13712162942],
      [0.0019658884097, 0.77743243234, 0.15029949954, 0.070302179704],
      [0.026407344352, 0.0067345399077, 0.66896328449, 0.29789483125],
      [0.026107521899, 0.29978982654, 0.11900311686, 0.55509953469]
    ],
    [
      [0.0070004784205, 0.64879405402, 0.32167044779, 0.022535019766],
      [0.34507116892, 0.040222880813, 0.61434704054, 0.00035890973125],
      [0.0017915233226, 0.0053725453242, 0.94114343363, 0.051692497728],
      [0.0050004484955, 0.77221194838, 0.19777697219, 0.025010630932],
      [0.037547699022, 0.0062993263728, 0.82966658855, 0.12648638605],
      [0.052596283232, 0.40159193529, 0.2088232161, 0.33698856537]
    ],
    [
      [0.019505446471, 0.42772786732, 0.52158531494, 0.031181371269],
      [0.48952356848, 0.013670734776, 0.49562620464, 0.0011794921045],
      [0.0030952953353, 0.0021102432598, 0.95084415547, 0.043950305939],
      [0.01313267589, 0.58387771243, 0.3493815351, 0.053608076578],
      [0.064266233315, 0.0024458048509, 0.82664491404, 0.10664304779],
      [0.11936973683, 0.21144635391, 0.27418913678, 0.39499477248]
    ],
    [
      [0.008603186872, 0.6750725895, 0.27271054273, 0.043613680898],
      [0.44139930816, 0.033429375508, 0.51567291078, 0.0094984055518],
      [0.0024153098438, 0.0056054256107, 0.88303697554, 0.10894228901],
      [0.004914262078, 0.77642957013, 0.15505825202, 0.063597915781],
      [0.04578998185, 0.0059634770671, 0.70020155165, 0.24804498944],
      [0.047660726823, 0.29605618723, 0.13037691653, 0.52590616942]
    ],
    [
      [0.003410561166, 0.64809318574, 0.31855144957, 0.029944803524],
      [0.18181264365, 0.047772477549, 0.76026522035, 0.010149658448],
      [0.00086407997776, 0.0051718924616, 0.92666296296, 0.067301064603],
      [0, 0.76295315672, 0.19197461614, 0.045072227147],
      [0.017964030955, 0.0060393003155, 0.81064575473, 0.165350914],
      [0.023366154061, 0.36490142504, 0.18864208492, 0.42309033599]
    ],
    [
      [0.0068648651793, 0.6787345002, 0.29603508787, 0.018365546753],
      [0.36172042427, 0.044323111173, 0.59364941816, 0.00030704640108],
      [0.0019157941801, 0.0061535464298, 0.94603451311, 0.04589614628],
      [0.0056600663461, 0.80011638184, 0.18109016422, 0.013133387593],
      [0.040506968495, 0.0072616312626, 0.83929020517, 0.11294119507],
      [0.055138801194, 0.44854419156, 0.20477131334, 0.2915456939]
    ],
    [
      [0.0039226435757, 0.62499908548, 0.32625430495, 0.044823965995],
      [0.23327417751, 0.044375479951, 0.72152700232, 0.00082334022046],
      [0.00082168839584, 0.0048050428053, 0.89778503952, 0.096588229277],
      [0, 0.73546882557, 0.1941363098, 0.070394864632],
      [0.018686440176, 0.0053553075212, 0.75065625359, 0.22530199871],
      [0.022609576366, 0.2947831514, 0.16209484681, 0.52051242543]
    ],
    [
      [0.0040501946865, 0.64608444126, 0.30037268939, 0.049492674666],
      [0.24856496299, 0.049203987868, 0.70126604641, 0.00096500273435],
      [0, 0.0053822901862, 0.8806495053, 0.11396820451],
      [0, 0.74977236631, 0.17898136262, 0.071246271068],
      [0.018485963338, 0.0073962990609, 0.71602321558, 0.25809452203],
      [0.022259317684, 0.29258738545, 0.14266231276, 0.5424909841]
    ],
    [
      [0, 0.62695742541, 0.28637913496, 0.086663439629],
      [0, 0.054385209486, 0.94361237002, 0.0020024204922],
      [0, 0.0046623094806, 0.80604453702, 0.1892931535],
      [0, 0.72833595231, 0.1960280464, 0.075636001289],
      [0, 0.011804319036, 0.58968672133, 0.39850895963],
      [0, 0.19654915074, 0.09302764352, 0.71042320574]
    ],
    [
      [0.020908934113, 0.69360304852, 0.25831159806, 0.02717641931],
      [0.67164474129, 0.025936904543, 0.30215539079, 0.00026296338063],
      [0.0064343703837, 0.0068109836699, 0.91186534924, 0.074889296702],
      [0.0023436176942, 0.80189733461, 0.1525724927, 0.043186554997],
      [0.12016356008, 0.0070656839758, 0.70985659084, 0.1629141651],
      [0.13590591731, 0.36625413867, 0.14391546133, 0.35392448269]
    ],
    [
      [0.0096967239367, 0.66513579542, 0.29306277484, 0.032104705799],
      [0.44701009885, 0.037811807685, 0.51470892438, 0.00046916907701],
      [0.0026398038842, 0.0058472039184, 0.9130900772, 0.078422914998],
      [0.006007796047, 0.77239639069, 0.17104703535, 0.050548777908],
      [0.052326691385, 0.0064752229347, 0.75954845684, 0.18164962884],
      [0.06306816617, 0.35514540128, 0.16440744528, 0.41737898727]
    ],
    [
      [0.0066629167005, 0.61447076195, 0.35184796926, 0.02701835209],
      [0.31664334578, 0.036794333478, 0.64614741218, 0.00041490856343],
      [0.0015521908888, 0.0046543167208, 0.93724651504, 0.056546977346],
      [0.0043230294141, 0.74324734446, 0.21656546498, 0.035864161149],
      [0.032458521011, 0.0054431020969, 0.82423682542, 0.13786155147],
      [0.047196052545, 0.3585923425, 0.21523951855, 0.37897208641]
    ],
    [
      [0.012589410732, 0.64483908574, 0.24438776163, 0.098183741892],
      [0.56911406462, 0.033730341573, 0.3958353297, 0.0013202641079],
      [0.0033801045737, 0.0055916123363, 0.75320443915, 0.23782384394],
      [0.008873274386, 0.74385493308, 0.16507605925, 0.082195733287],
      [0.053747168922, 0.0049439019527, 0.49872045398, 0.44258847515],
      [0.044196065755, 0.18431620078, 0.073665602028, 0.69782213144]
    ],
    [
      [0.035030024752, 0.80156552616, 0.14112377886, 0.02228067023],
      [0.92357348696, 0.011176748436, 0.065166808883, 8.295572002e-05],
      [0.018207149726, 0.012605836586, 0.86564413225, 0.10354288143],
      [0.0079515309819, 0.90953635523, 0.040388075592, 0.042124038199],
      [0.28798410414, 0.010240108162, 0.52143828121, 0.18033750649],
