{
  "Z_true": {},
  "V_true": [
    [14, 27, 35, 926, 669],
    [536, 824, 2705, 516, 133],
    [297, 2790, 879, 219, 138],
    [33, 77, 271, 19726, 343],
    [144, 606, 412, 895, 478],
    [291, 101, 131, 438, 206]
  ],
  "p_true": [
    [0.0084, 0.0162, 0.0209, 0.5542, 0.4004],
    [0.1137, 0.1748, 0.5738, 0.1095, 0.0282],
    [0.0687, 0.6454, 0.2033, 0.0507, 0.0319],
    [0.0016, 0.0038, 0.0133, 0.9646, 0.0168],
    [0.0568, 0.2391, 0.1625, 0.3531, 0.1886],
    [0.2494, 0.0865, 0.1123, 0.3753, 0.1765]
  ],
  "Z_est": [
    [
      [4, 0.735, 0.2676, 3, 4, 0.1874, 0, 1.1634, 3, 0, 3, 0, 0.1095, 0, 3, 0, 0.2959, 3, 2, 3, 3, 4, 0, 0.1348, 0, 1.8931, 0, 3, 5, 1.0627, 2, 2, 3, 0.9798, 3, 0.285, 0.8127, 3, 3, 0.1011, 2, 0, 3, 3, 3, 4, 3, 2, 3, 3, 0, 1.9972, 3, 3, 0, 15, 5, 8, 3],
      [6, 0.1396, 0.8019, 1, 6, 0.5608, 0, 0.2336, 12, 0.1165, 6, 0, 0.4391, 0, 2, 0, 0.0249, 3, 1, 5, 4, 6, 0, 0.1821, 0, 1.0001, 0, 2.2756e-12, 6, 0.3145, 4, 3, 1, 0.9458, 2, 0.2469, 0.7106, 3, 5, 0.0816, 1, 0, 1, 6, 2, 6, 2, 2, 6, 2, 0, 1.9977, 2.2485e-12, 1, 0, 46, 6, 17, 1],
      [6, 0.1177, 0.7202, 2, 6, 0.2904, 0, 0.1645, 8, 0.3481, 6, 0, 0.0746, 0, 1, 0, 0.0544, 2, 1, 6, 3, 7, 0, 0.4504, 0, 1.0534, 0, 1, 7, 0, 2, 3, 3, 0.2015, 3, 0.2228, 1.1958, 2, 4, 0.0866, 1, 0, 2, 5, 2, 5, 4, 1, 7, 2, 0, 1, 1.5486e-14, 1, 0, 33, 8, 21, 3],
      [57, 3.003, 4.4371, 31, 72, 1.9614, 0, 0.3888, 44, 2.2324, 23, 0, 0.3768, 0, 13, 0, 0.548, 20, 2, 43, 39, 17, 0, 1.0662, 0, 6, 0, 3, 30, 1.4967, 18, 22, 3, 2.3775, 8, 1.2452, 9.0115, 26, 20, 0.7307, 15, 0, 5, 12, 6, 45, 29, 10, 20, 23, 0, 8.0023, 8, 15, 0, 265, 37, 69, 8],
      [4, 0.0046, 0.7731, 1, 6, 0, 0, 0.0496, 4, 0.3029, 2, 0, 0, 0, 1.8187e-12, 0, 0.0767, 1, 1.287e-08, 4, 3, 1, 0, 0.1665, 0, 0.0535, 0, 9.8243e-12, 2, 0.1261, 2, 2, 1.4298e-12, 0.4954, 1, 0, 0.2694, 2, 2, 0, 1, 0, 2.3767e-07, 5.719e-26, 3.0188e-12, 3, 3, 7.4565e-06, 1, 1, 0, 1.0028, 4.4663e-12, 1.2256e-12, 0, 23, 2, 7, 5.5517e-14]
    ],
    [
      [3, 0.0016, 0.1772, 2, 1, 0.1361, 2.0035, 0.2363, 6, 0, 6, 0, 0.0703, 0.3364, 2, 0.1621, 0.5816, 2, 3, 1, 3, 16, 0, 0.1251, 0.1542, 0.0535, 0.8452, 5, 10, 0.1235, 1, 1, 15, 0.5129, 5, 0.5608, 0.0543, 1, 6, 0.0713, 1, 1.5026, 5, 14, 7, 4, 2, 7.9717e-06, 12, 2.0443e-15, 0, 0.0005, 2.2793e-12, 1.9227e-16, 0, 25, 12, 25, 14],
      [9, 0.1371, 1.5325, 5, 10, 1.1836, 2.2935, 2.4398, 30, 0.1636, 20, 0.2063, 0.5064, 2.1647, 7, 0, 0.2283, 8, 21, 10, 6, 43, 1.0103, 0.3268, 0, 4.84, 0.9223, 15, 27, 0.2311, 7, 7, 36, 1.1668, 11, 0.9989, 0.0833, 11, 21, 0.2154, 4, 5.4585, 19, 49, 18, 14, 5, 4, 36, 5, 0, 3.9922, 4, 5, 0.3907, 79, 28, 75, 27],
      [7, 0.0393, 1.5941, 5, 7, 0.6692, 2.7856, 3.2719, 20, 0.8041, 18, 0.2561, 0.0857, 0.7606, 2, 0.7612, 0.3808, 6, 17, 9, 4, 51, 0.715, 0.7754, 0, 2.0535, 0.918, 29, 30, 0, 2, 5, 58, 0.2721, 11, 1.1939, 1.4024, 6, 16, 0.1961, 3, 5.5068, 25, 55, 17, 10, 5, 1, 42, 2, 0.126, 1.0038, 2, 2, 0.8307, 56, 33, 90, 43],
      [69, 3.5514, 6.4602, 65, 78, 3.0112, 4.6899, 3.7669, 110, 2.5521, 65, 0.5376, 0.3376, 4.4882, 26, 3.8381, 1.735, 47, 28, 66, 56, 109, 2.2748, 1.4936, 0.8458, 10.0528, 3.1919, 67, 116, 0.5902, 21, 31, 64, 1.7481, 31, 2.2464, 3.412, 61, 72, 1.5172, 30, 5.7868, 45, 120, 44, 91, 42, 14, 117, 26, 1.7896, 9.0031, 23, 24, 0.7785, 450, 144, 297, 113],
      [5, 0.2707, 1.2361, 2, 6, 0, 0.2276, 0.2851, 12, 0.4803, 5, 0, 0, 0.2502, 1, 0.2386, 0.0744, 3, 3, 6, 5, 7, 0, 0.2791, 0, 0.0001, 0.1226, 8, 8, 0.0551, 2, 2, 7, 0.3, 3, 0, 0.048, 5, 7, 0, 2, 0.7453, 3, 8, 3, 7, 5, 1, 10, 1, 0.0844, 1.0005, 1, 1, 0, 39, 9, 34, 6]
    ],
    [
      [3, 0.0138, 0.0827, 7.7278e-29, 1, 0.1601, 0.5641, 0.3068, 5, 0, 3, 0, 0.4447, 0.1092, 1, 0, 0.2057, 1, 3, 1, 1, 13, 0, 0.2152, 0.1063, 0.0534, 0.1662, 2, 7, 0.4568, 1, 1, 5, 0.3863, 3, 1.0215, 0.0927, 2, 6, 0.1789, 7.2939e-15, 0.4282, 4, 13, 5, 3, 1.2671e-18, 3.1689e-06, 8, 9.8615e-19, 0, 1.9977, 1.3421e-11, 4.0873e-13, 0, 24, 10, 20, 5],
      [11, 0.0238, 0.5355, 3, 7, 2.1876, 0.8543, 2.0274, 42, 0, 19, 1.2062, 3.994, 3.7225, 6, 0, 0.6831, 6, 19, 9, 10, 36, 0.2631, 0.7592, 0, 5.9464, 0.3092, 6, 22, 0.6114, 11, 4, 15, 1.7839, 8, 1.9561, 0.1432, 10, 27, 0.5614, 4, 1.812, 17, 44, 14, 16, 4, 1, 33, 3, 0, 6.0029, 5, 5, 0.4134, 86, 20, 61, 10],
      [11, 0.8696, 0.8282, 4, 8, 1.6183, 1.2734, 5.5011, 27, 0, 16, 1.2244, 0.9007, 1.2791, 5, 0, 1.1486, 6, 18, 10, 5, 46, 0.1668, 1.1329, 0, 3.9999, 0.4891, 14, 24, 0, 8, 8, 25, 0.4719, 9, 2.5524, 0.9107, 9, 20, 0.6635, 4, 1.6864, 24, 52, 15, 11, 4, 4, 35, 5, 0, 5.9999, 3, 5, 0.8368, 60, 29, 75, 15],
      [90, 3.5038, 3.2148, 37, 73, 5.034, 2.175, 5.2224, 147, 0, 57, 4.5694, 2.6607, 7.4481, 32, 0, 4.8758, 35, 27, 64, 68, 94, 0.5701, 2.3852, 0.8937, 15.8934, 1.9948, 28, 90, 1.7049, 52, 32, 25, 2.8189, 21, 4.4701, 2.7543, 72, 90, 3.5963, 31, 1.8067, 40, 112, 35, 100, 23, 14, 99, 30, 0, 28.0005, 30, 34, 0.7498, 479, 116, 245, 39],
      [6, 0.589, 0.3387, 1, 6, 0, 0.1331, 0.9423, 16, 0, 5, 0, 0, 0.4412, 2, 0, 0.0868, 2, 3, 6, 6, 6, 0, 0.5074, 0, 1.1069, 0.0407, 3, 6, 0.2269, 6, 2, 2, 0.539, 2, 0, 0.099, 6, 9, 0, 2, 0.2667, 3, 8, 2, 8, 2, 1, 8, 2, 0, 2.9991, 1, 1, 0, 42, 7, 28, 2]
    ],
    [
      [23, 1.9862, 0.4725, 11, 16, 0.5065, 2.1722, 1.0804, 20, 0, 13, 0, 0.27, 0.5338, 8, 0.7412, 2.5492, 9, 5, 11, 15, 27, 0, 0.4253, 0.5897, 0.9999, 1.6763, 9, 30, 1.8826, 5, 6, 10, 0.7128, 9, 0.8117, 0.9377, 13, 21, 0.6237, 6, 1.0027, 9, 27, 15, 22, 9, 3, 27, 7, 0, 6.0028, 6, 5, 0, 144, 45, 72, 24],
      [70, 5.6912, 3.13, 31, 72, 4.9004, 2.2936, 2.9953, 141, 0.6537, 57, 2.8543, 2.7308, 7.2676, 29, 0, 3.2236, 40, 28, 66, 65, 75, 1.4984, 2.1808, 0, 15.1066, 2.2287, 24, 82, 2.0863, 45, 28, 25, 1.9389, 21, 1.7775, 0.8867, 63, 84, 2.0387, 26, 3.5047, 29, 90, 36, 96, 19, 12, 93, 31, 0, 16.9943, 27, 31, 0.1959, 485, 92, 217, 45],
      [65, 3.9553, 3.8576, 49, 75, 3.3025, 3.4004, 6.8566, 97, 2.5567, 54, 2.8113, 0.6437, 3.4546, 18, 3.6537, 3.9862, 37, 28, 71, 48, 94, 0.9966, 2.9493, 0, 10.8929, 1.9705, 58, 98, 0, 23, 33, 45, 0.6873, 24, 2.0176, 5.0184, 49, 68, 1.9786, 33, 3.55, 44, 105, 40, 72, 34, 12, 111, 30, 0.7868, 9.9936, 26, 25, 0.3325, 349, 124, 265, 76],
      [609, 37.2792, 22.8878, 555, 772, 14.2906, 7.7292, 10.8585, 517, 10.8682, 190, 12.3345, 2.3555, 20.6873, 154, 21.1947, 29.391, 275, 42, 502, 550, 200, 4.5051, 8.0064, 5.4103, 55.1076, 14.6766, 132, 364, 8.1997, 205, 185, 48, 4.763, 65, 5.3932, 40.8764, 456, 292, 16.3589, 271, 5.0753, 74, 230, 98, 651, 235, 101, 304, 296, 15.4327, 80.0033, 237, 253, 0.4716, 2768, 524, 875, 193],
      [44, 3.0882, 4.6521, 21, 64, 0, 0.4047, 1.2092, 56, 1.9214, 16, 0, 0, 1.0568, 11, 1.4105, 0.85, 21, 4, 47, 49, 13, 0, 1.4382, 0, 3.893, 0.4479, 16, 25, 0.8314, 27, 16, 5, 0.898, 8, 0, 1.2809, 42, 29, 0, 18, 0.8673, 5, 17, 8, 55, 27, 8, 27, 19, 0.7804, 9.006, 10, 13, 0, 244, 36, 99, 10]
    ],
    [
      [1, 0.2631, 0, 7.7313e-29, 1, 0.01, 0.1116, 0.1036, 3, 0, 1, 0, 0.0802, 0.0118, 6.0774e-13, 0.0812, 0.3165, 7.8642e-16, 1, 1, 1, 4, 0, 0.0867, 0.0817, 0.0001, 0.175, 1, 3, 0.2812, 1, 1.166e-17, 2, 0.4082, 2, 0.321, 0.0365, 9.6712e-26, 3, 0.025, 1.8247e-15, 0.0665, 1, 4, 1, 1, 3.4524e-19, 7.3452e-07, 4, 4.0939e-16, 0, 0.9995, 2.256e-12, 2.045e-13, 0, 17, 5, 10, 1],
      [6, 0.0066, 0, 1, 6, 0.1675, 0.1883, 1.226, 26, 0.0331, 8, 0.6153, 0.9161, 0.3946, 2, 0, 0.4927, 2, 8, 9, 7, 13, 0.2283, 0.4163, 0, 2.1067, 0.2095, 4, 9, 0.5254, 10, 3, 5, 1.1646, 5, 1.0206, 0.1497, 4, 15, 0.103, 2, 0.2248, 3, 13, 3, 8, 1, 1, 16, 2, 0, 2.0083, 3, 3, 0, 58, 11, 32, 2],
      [5, 0.0097, 0, 2, 7, 0.1196, 0.1431, 2.2004, 18, 0.1545, 7, 0.5878, 0.1933, 0.3088, 1, 0.4816, 0.3569, 2, 7, 9, 5, 16, 0.1217, 0.5625, 0, 0.9469, 0.209, 11, 10, 0, 5, 3, 8, 0.3672, 5, 1.0133, 0.2191, 3, 12, 0.0752, 3, 0.2568, 5, 15, 4, 6, 2, 1, 20, 1, 0.0445, 1.0028, 3, 2, 0, 41, 14, 39, 3],
      [54, 4.6957, 0, 25, 74, 0.7028, 0.5319, 4.5734, 101, 0.6549, 32, 2.797, 0.8104, 1.2457, 14, 3.192, 4.3759, 20, 14, 74, 61, 36, 0.65, 1.6044, 0.9183, 10.9462, 1.3502, 27, 43, 1.8273, 47, 23, 11, 3.2924, 18, 2.6452, 3.9557, 31, 54, 0.7969, 32, 0.3312, 12, 37, 12, 56, 25, 13, 55, 21, 0.9071, 14.9926, 30, 30, 0, 336, 65, 129, 12],
      [3, 0.0248, 0, 1, 6, 0, 0.0251, 0.8965, 11, 0.1575, 2, 0, 0, 0.0391, 1, 0.2452, 0.458, 2, 1, 6, 5, 4, 0, 0.3301, 0, 1.0001, 0.0564, 4, 3, 0.3662, 7, 3, 1, 0.7676, 2, 0, 0.639, 3, 5, 0, 2, 0.1207, 2.3766e-07, 3, 1, 6, 2, 3, 5, 1, 0.0484, 1.9967, 1, 2, 0, 30, 4, 16, 2.7072e-10]
    ],
    [
      [1, 0.0003, 0, 9.9609e-38, 4.0518e-23, 0, 0.1486, 0.1094, 1, 0, 5.2542e-20, 0, 0.0253, 0.0089, 1.5881e-14, 0.0156, 0.0512, 7.6355e-18, 1.3732e-08, 6.823e-41, 3.445e-26, 2, 0, 0.0129, 0.0681, 0, 0.1373, 1.4218e-11, 1, 0.1933, 1.7491e-17, 6.6302e-17, 1, 0, 4.8037e-06, 0, 0.0662, 1.4491e-25, 1, 0, 8.221e-18, 0, 2.3769e-07, 1, 1, 1.1294e-44, 3.7869e-19, 1.0543e-08, 2, 6.6949e-25, 0, 0.0023, 1.9142e-14, 4.0869e-13, 0, 6, 2, 6, 1],
      [5, 0.0018, 0, 1, 2, 0, 0.3703, 1.0779, 7, 0.033, 3, 0.1179, 0.4137, 0.4507, 2, 0, 0.3473, 2, 2, 3, 3, 6, 0, 0.1348, 0, 0.0002, 0.3303, 1, 4, 0.2313, 3, 2, 4, 0, 1, 0, 0.0265, 2, 4, 0, 1, 0, 2, 6, 3, 3, 2.2154e-15, 2.7735e-06, 8, 1, 0, 0.0046, 2.2876e-12, 2.0498e-13, 0, 23, 5, 18, 1],
      [4, 0.0084, 0, 2, 2, 0, 0.3975, 2.0054, 5, 0.1365, 2, 0.1205, 0.102, 0.197, 1, 0.1035, 0.0731, 2, 2, 3, 2, 7, 0, 0.1295, 0, 0.0534, 0.4134, 2, 4, 0, 1, 2, 6, 0, 1, 0, 0.2536, 2, 3, 0, 1, 0, 3, 6, 3, 2, 1, 5.7844e-06, 10, 1, 0.0427, 5.1806e-07, 2.2574e-12, 4.0866e-13, 0, 16, 7, 22, 3],
      [44, 0.9668, 0, 26, 30, 0, 0.8741, 3.1901, 29, 0.6924, 10, 0.7616, 0.4591, 1.1308, 11, 0.7752, 1.0743, 16, 4, 25, 29, 16, 0, 0.4441, 0.9319, 2, 2.7864, 6, 17, 1.1812, 13, 14, 7, 0, 5, 0, 1.9901, 19, 17, 0, 15, 0, 6, 15, 8, 21, 11, 2, 29, 14, 0.8706, 0.9982, 9, 7, 0, 133, 31, 73, 8],
      [5, 0.0227, 0, 3, 4, 0, 0.2095, 1.6172, 5, 0.138, 3, 0, 0, 0.2127, 3, 0.1058, 0.4541, 3, 2, 4, 4, 2, 0, 0.2787, 0, 1.9464, 0.3324, 3, 3, 0.3942, 4, 3, 3, 0, 3, 0, 0.6636, 4, 3, 0, 2, 0, 3, 3, 3, 4, 4, 1, 5, 3, 0.0867, 1.9949, 2, 3, 0, 14, 5, 9, 2]
    ]
  ],
  "V_est": [
    [132.0252, 182.7958, 173.9805, 1100.8778, 81.3207],
    [217.709, 706.4921, 715.4021, 2841.6988, 232.698],
    [157.9901, 629.7966, 647.5535, 2667.3429, 220.3169],
    [707.9771, 2461.1779, 2459.6527, 13677.1563, 1144.0359],
    [72.4593, 313.1973, 304.3746, 1691.7972, 153.1716],
    [26.8392, 131.5403, 132.0366, 741.1271, 135.4569]
  ],
  "p_est": [
    [0.079, 0.1094, 0.1041, 0.6588, 0.0487],
    [0.0462, 0.1499, 0.1518, 0.6028, 0.0494],
    [0.0365, 0.1457, 0.1498, 0.617, 0.051],
    [0.0346, 0.1204, 0.1203, 0.6688, 0.0559],
    [0.0286, 0.1236, 0.1201, 0.6674, 0.0604],
    [0.023, 0.1127, 0.1131, 0.6351, 0.1161]
  ],
  "EI_Z": {},
  "EI_V": 36.5005,
  "MAE_Z": {},
  "MAE_V": 848.272,
  "MAE_p": 0.1566,
  "runtime": 0.4627
}
