{
  "Z_true": {},
  "V_true": [
    [1243, 22, 136, 33, 1187, 15],
    [39, 2027, 284, 533, 376, 43],
    [71, 592, 570, 3200, 253, 52],
    [698, 469, 640, 106, 21695, 213],
    [110, 171, 2215, 304, 682, 41],
    [49, 173, 106, 113, 326, 135]
  ],
  "p_true": [
    [0.4715, 0.0083, 0.0516, 0.0125, 0.4503, 0.0057],
    [0.0118, 0.6139, 0.086, 0.1614, 0.1139, 0.013],
    [0.015, 0.1249, 0.1203, 0.6754, 0.0534, 0.011],
    [0.0293, 0.0197, 0.0269, 0.0044, 0.9108, 0.0089],
    [0.0312, 0.0485, 0.6287, 0.0863, 0.1936, 0.0116],
    [0.0543, 0.1918, 0.1175, 0.1253, 0.3614, 0.1497]
  ],
  "Z_est": [
    [
      [1.0326, 0.8277, 16.3983, 23.1831, 1.2919e-17, 4.0838, 26.3538, 21.0731, 7.8901, 19.6936, 50.236, 19.9093, 6.9612, 2.1836, 11.5067, 51.4793, 23.5164, 36.4003, 26.2274, 51.9895, 18.6551, 44.1542, 20.2695, 2.914, 0.8888, 16.6578, 20.2894, 8.5399, 0.8325, 42.6567, 0, 357.019, 25.5256, 43.4581, 9.629],
      [0.0093, 0.0154, 0.0384, 0.0584, 0, 0.0369, 0.1256, 0.0485, 0.1165, 0.0437, 0.3003, 0.0247, 0.0234, 0.0066, 0.0145, 0.1807, 0.0984, 0.0093, 0.1148, 0.1412, 0, 0.2371, 0.1084, 0, 0, 0.0499, 0.1136, 0.0171, 0.0382, 0.1155, 0, 0.0908, 0.1148, 0.3363, 0],
      [0.5653, 1.5045, 4.1886, 6.2615, 0.224, 2.9849, 9.635, 6.6068, 9.132, 6.9752, 16.3947, 8.5965, 3.1581, 3.7607, 8.0858, 16.9049, 6.9133, 6.9656, 9.3282, 25.5073, 8.282, 12.074, 5.418, 1.0076, 0.3544, 17.2131, 14.3001, 8.48, 0.7298, 14.7862, 0, 186.2139, 7.6546, 15.5259, 3.6945],
      [0.2479, 0.2751, 1.6462, 2.0399, 0.1414, 0.5678, 3.1502, 2.1343, 1.593, 2.3338, 5.4424, 2.7999, 0.784, 0.4622, 1.9121, 5.3589, 2.3466, 2.7242, 2.3243, 5.0893, 1.1992, 4.1888, 2.2035, 0.2388, 0.1667, 2.2656, 2.6226, 1.2735, 0.307, 5.3578, 0, 44.3192, 2.994, 4.4799, 1.7596],
      [2.1431, 3.3774, 12.7118, 20.4345, 0.6346, 4.3155, 24.7089, 18.1226, 17.2317, 20.9315, 41.5567, 23.6521, 8.0711, 5.5786, 18.4721, 48.014, 24.0925, 26.8729, 25.9832, 47.2011, 16.8596, 33.3101, 15.9754, 2.8396, 0.5902, 26.7839, 20.6435, 12.6762, 2.0798, 43.0497, 0, 413.0538, 19.6755, 37.1217, 14.9124],
      [0.0019, 0, 0.0166, 0.0226, 0, 0.0111, 0.0265, 0.0147, 0.0367, 0.0222, 0.0698, 0.0175, 0.0023, 0.0082, 0.0088, 0.0622, 0.0329, 0.0278, 0.0221, 0.0716, 0.0041, 0.0358, 0.0252, 0, 0, 0.0296, 0.0308, 0.0132, 0.0127, 0.0341, 0, 0.3033, 0.0354, 0.0781, 0.0045]
    ],
    [
      [0.1463, 0, 0.0177, 0.0099, 2.8685e-33, 0, 0.009, 0.0263, 0, 0, 0.0471, 0, 0.0003, 0, 0, 0.0147, 0, 0.0284, 0.0012, 0.0404, 0.0245, 0.0842, 0.0236, 0.5911, 0.1112, 0, 0.0231, 0, 0, 0.0037, 0, 0.0853, 0.1097, 0.007, 0.4164],
      [8.0463, 9.7961, 37.2557, 55.5517, 1, 55.009, 59.8163, 63.7863, 90.0224, 42.5759, 101.4222, 53.7867, 15.9196, 28.9395, 68.1088, 63.1017, 53.4274, 34.2734, 52.3242, 58.0057, 28.9648, 125.7021, 57.3288, 7.7233, 1.9219, 86.1129, 46.3699, 48.7963, 5.1839, 89.0504, 0, 666.8059, 112.3829, 189.0414, 77.2994],
      [0, 0.3141, 1.2362, 1.6944, 0.0758, 3.7468, 2.0956, 2.3264, 4.2674, 1.5251, 3.484, 2.242, 0.5714, 2.7845, 3.1869, 2.2012, 1.4043, 1.0655, 1.6372, 3.2495, 1.5193, 3.7934, 1.6637, 0.3302, 0.2472, 6.3049, 3.1563, 3.8379, 0.1057, 3.1038, 0, 36.9381, 4.1728, 6.3838, 2.1634],
      [0.8486, 0.5847, 4.8871, 5.6062, 0.8212, 6.0134, 6.8217, 7.539, 7.3094, 5.1933, 11.4866, 7.3576, 1.4245, 3.3074, 7.5265, 7.0439, 4.9923, 4.2496, 4.1443, 6.2392, 2.2241, 13.3654, 6.933, 0.8551, 0.578, 7.6765, 5.2314, 5.3802, 0.546, 11.3284, 0, 86.6899, 16.1749, 18.4925, 10.9385],
      [0.3428, 0.3051, 1.575, 2.4166, 0.103, 0, 2.1692, 2.7084, 2.6535, 2.03, 3.3855, 2.7227, 0.6243, 1.6826, 3.3713, 2.6718, 2.2343, 1.7821, 1.9712, 2.3046, 1.3155, 4.0946, 1.9157, 0.5648, 0.1417, 3.5245, 1.3178, 2.0587, 0.0565, 3.8874, 0, 34.5532, 3.3443, 5.0599, 4.7795],
      [0.616, 0, 5.0283, 6.7213, 0, 8.2308, 5.0882, 5.6136, 13.7473, 5.6756, 11.1746, 5.8911, 0.4598, 7.2859, 4.8066, 7.9667, 6.9418, 6.601, 3.922, 9.1606, 1.9518, 8.9603, 6.1352, 0.9355, 0, 12.3813, 4.9015, 6.9269, 1.1079, 7.6264, 0, 87.9276, 14.8155, 23.0154, 7.4029]
    ],
    [
      [0.3296, 0.3293, 8.7256, 7.0798, 0, 4.2124, 8.0738, 8.0561, 2.6339, 7.386, 17.4149, 7.4176, 3.022, 1.252, 2.4773, 12.3558, 10.0723, 7.2395, 7.543, 14.0022, 4.2847, 18.6812, 7.9797, 0.0762, 0, 6.525, 5.7104, 3.3771, 0.1284, 12.1764, 0, 99.3552, 11.3793, 20.7404, 2.9143],
      [1.1878, 2.1319, 7.6463, 7.1033, 0, 7.4758, 9.8323, 7.9092, 7.8974, 8.2419, 19.5493, 8.6499, 4.3428, 2.6209, 4.2971, 13.3149, 12.54, 5.0002, 9.8114, 14.3846, 4.1, 19.636, 8.479, 0.0705, 0, 11.4367, 7.4482, 5.1904, 0.7172, 13.812, 0, 107.2547, 11.0443, 26.5737, 4.279],
      [1.08, 4.274, 15.0851, 13.0087, 0, 22.1783, 20.0676, 17.144, 21.1032, 17.8305, 38.3531, 21.8442, 9.4348, 14.9179, 12.0478, 27.4995, 19.9713, 9.4119, 18.2692, 46.2095, 12.8923, 34.3929, 14.4508, 0.1952, 0, 46.5533, 27.4906, 23.1371, 1.0091, 28.6583, 0, 350.9214, 23.0901, 50.2696, 7.7129],
      [5.3446, 6.8241, 50.573, 36.399, 0, 34.7181, 55.6764, 47.2783, 31.4498, 51.3297, 107.3314, 60.8361, 20.195, 15.6473, 24.4767, 74.5953, 58.971, 31.9136, 39.2637, 77.8214, 16.5889, 101.3766, 49.8561, 0.4469, 0, 52.0315, 41.2364, 29.3569, 3.8436, 88.3665, 0, 710.6249, 75.5583, 123.0033, 31.6469],
      [1.8819, 3.4407, 16.3967, 15.268, 0, 8.8423, 18.283, 16.8761, 13.9862, 19.462, 34.083, 21.8628, 8.6904, 7.8918, 9.9398, 28.0591, 25.4167, 13.0179, 18.2878, 29.9208, 9.4365, 33.494, 15.0139, 0.1896, 0, 25.3406, 13.1644, 12.0818, 0.9424, 30.0377, 0, 280.2485, 20.3658, 41.6282, 11.4093],
      [0.1761, 0, 2.5732, 2.1412, 0, 2.573, 2.0671, 1.7363, 2.9295, 2.7498, 5.2683, 2.3894, 0.315, 1.67, 0.7612, 4.1753, 4.0288, 2.4169, 1.8248, 5.6614, 0.6975, 3.4194, 2.2206, 0.0216, 0, 4.113, 1.9501, 1.8568, 0.3593, 2.949, 0, 35.5953, 3.5621, 7.7848, 1.0377]
    ],
    [
      [0.22, 0.6443, 19.0089, 25.3174, 0, 4.1987, 19.582, 21.5274, 5.1618, 12.6502, 33.434, 13.2937, 7.727, 4.0029, 4.3046, 26.2364, 17.5912, 25.7286, 20.7367, 23.3749, 10.2506, 37.3905, 16.4111, 0.3046, 0, 10.4202, 8.4596, 7.5113, 0, 24.8395, 0, 218.154, 21.1238, 40.2905, 5.22],
      [0.9786, 4.0274, 7.9175, 12.0534, 0, 7.3653, 15.2645, 9.0424, 20.1983, 5.8862, 26.2497, 4.2786, 5.2626, 0.2571, 2.5866, 14.5371, 14.4164, 4.1154, 16.5967, 10.1997, 1.5254, 28.2281, 13.0089, 0, 0, 7.1346, 5.9189, 3.1877, 1.8132, 12.9146, 0, 48.6779, 13.6833, 51.1595, 0],
      [0, 1.0132, 3.2756, 3.2852, 0, 7.3367, 7.1318, 5.8349, 9.4448, 2.5038, 10.4711, 4.4444, 2.9659, 13.364, 4.0459, 5.3163, 0, 2.0196, 4.2276, 19.6736, 5.6162, 7.2993, 2.7281, 0.2444, 0.0286, 25.8752, 12.5585, 17.0386, 0.0264, 6.3813, 0, 151.4303, 7.3491, 14.7621, 1.0572],
      [1.7524, 2.8968, 22.8256, 23.5109, 0.9516, 9.0055, 29.3846, 24.8039, 15.4399, 17.4354, 44.7269, 23.2567, 9.7314, 10.0776, 10.0875, 30.6923, 18.3091, 17.5366, 19.1077, 25.4426, 5.4476, 41.3884, 22.7492, 0.8362, 0.1703, 16.945, 14.5254, 14.4606, 1.5167, 38.4443, 0, 314.4245, 33.4245, 52.7538, 13.5694],
      [44.9428, 115.4183, 422.7491, 678.3565, 13.0484, 134.9143, 548.2161, 538.9215, 432.6607, 429.6885, 783.9421, 510.175, 291.1594, 325.1932, 261.7828, 726.274, 597.8647, 516.811, 644.1201, 575.5563, 251.0846, 790.5318, 374.5543, 28.6148, 1.8011, 541.632, 243.7974, 341.2677, 22.2133, 773.1845, 4, 7662.0861, 455.3207, 1019.4802, 334.1534],
      [0.1061, 0, 1.2232, 1.4766, 0, 1.1795, 1.4211, 0.87, 3.0944, 0.8359, 3.1762, 0.5516, 0.1538, 0.1052, 0.1925, 1.944, 1.8186, 0.7889, 1.2113, 1.7529, 0.0756, 2.1618, 1.5484, 0, 0, 0.993, 0.7401, 0.534, 0.4304, 1.2357, 0, 7.2273, 2.0987, 6.5539, 0]
    ],
    [
      [0.2668, 0.1927, 4.7271, 4.3475, 0, 1.4542, 4.9387, 4.2071, 1.2829, 3.2126, 10.7445, 4.271, 1.2699, 0.5398, 1.6896, 7.7464, 4.7328, 3.4931, 4.362, 7.4941, 2.7335, 11.4514, 5.198, 0.1094, 0, 3.2771, 1.4835, 1.5345, 0.0383, 6.1781, 0, 64.2913, 4.7101, 11.2126, 0.7736],
      [0.0891, 0.1446, 0.4245, 0.4377, 0, 0.4712, 0.6757, 0.4101, 0.5331, 0.347, 1.5087, 0.4262, 0.1812, 0.0823, 0.2437, 0.8743, 0.6295, 0.2286, 0.6036, 0.7792, 0.1883, 1.4983, 0.6845, 0.0063, 0, 0.506, 0.2114, 0.1936, 0.0237, 0.6972, 0, 5.3846, 0.5254, 2.02, 0.104],
      [4.1868, 9.2735, 29.6708, 28.9037, 1.5488, 26.7687, 44.2878, 32.3707, 37.119, 28.1289, 85.2983, 45.4779, 14.4167, 23.2581, 29.8361, 62.3318, 34.3983, 16.4992, 38.2025, 88.0029, 29.5633, 76.2401, 34.1715, 1.1363, 1.2974, 83.59, 25.3195, 37.6324, 1.0712, 52.5262, 0, 813.9841, 34.5086, 97.8271, 7.4142],
      [1.3982, 1.3127, 9.1697, 7.4463, 0.7038, 4.0393, 11.392, 8.2464, 5.1104, 7.4302, 22.2417, 11.6875, 2.8137, 2.2432, 5.5704, 15.6123, 9.2579, 5.1387, 7.555, 13.9391, 3.461, 20.8322, 10.884, 0.1943, 0.3524, 8.7162, 3.6033, 4.4619, 0.3178, 14.9837, 0, 153.8325, 10.5216, 22.2846, 2.7779],
      [3.0513, 4.0765, 17.9436, 18.807, 0.7474, 7.1887, 22.6421, 17.7258, 13.8687, 16.8304, 43.0225, 25.0844, 7.3128, 6.8531, 13.641, 35.3143, 23.8939, 12.5921, 21.2284, 32.648, 12.0409, 41.8611, 19.9803, 0.5527, 0.3503, 25.8346, 7.3565, 11.1462, 0.5433, 30.5483, 1, 363.7104, 17.6558, 46.3901, 5.9193],
      [0.0076, 0, 0.0644, 0.0578, 0, 0.0779, 0.0636, 0.0399, 0.086, 0.051, 0.1843, 0.0529, 0.0057, 0.0234, 0.0191, 0.1209, 0.0876, 0.0484, 0.0485, 0.1367, 0.013, 0.117, 0.0817, 0.0009, 0, 0.0762, 0.0258, 0.0315, 0.0057, 0.0665, 0, 0.7971, 0.0786, 0.2655, 0.011]
    ],
    [
      [0.0046, 0.006, 0.1223, 0.0623, 0, 0.0509, 0.0426, 0.1101, 0.0314, 0.0576, 0.1235, 0.1083, 0.0196, 0.0217, 0.0218, 0.1675, 0.0875, 0.1101, 0.1297, 0.0989, 0.0517, 0.2386, 0.1181, 0.0046, 0, 0.1199, 0.0339, 0.0373, 0.0008, 0.1456, 0, 1.0952, 0.1515, 0.2914, 0.0468],
      [0.6889, 1.8846, 4.7176, 2.7955, 0, 3.6417, 2.2856, 4.8035, 4.2323, 2.9053, 5.9697, 5.8339, 1.2704, 2.0935, 1.7494, 7.9914, 4.8883, 3.3731, 7.5493, 4.4895, 2.2216, 10.6984, 5.3905, 0.1998, 0.0781, 9.7598, 1.938, 2.6148, 0.2239, 7.4103, 0, 53.7862, 6.2493, 15.8691, 3.3177],
      [0.1679, 0.6207, 1.5437, 0.8465, 0.1514, 1.9846, 0.7822, 1.7172, 1.9336, 1.0365, 1.9988, 2.3951, 0.4531, 1.9147, 0.7975, 2.7462, 1.3129, 1.0383, 2.3353, 2.3572, 1.1268, 3.2004, 1.5679, 0.0862, 0.0725, 6.4635, 1.1751, 1.8739, 0.0577, 2.5441, 0, 28.5122, 2.2249, 5.2315, 0.9578],
      [1.4084, 2.1067, 10.8984, 4.9976, 2.3819, 6.6559, 4.5752, 9.9981, 6.0975, 6.2777, 11.7709, 14.0622, 2.0515, 4.2622, 3.4267, 15.6972, 8.1231, 7.4374, 10.6051, 8.4684, 3.0792, 19.8486, 11.3742, 0.4287, 0.7327, 15.3653, 3.7809, 5.067, 0.4689, 16.5192, 0, 122.1091, 15.3267, 26.9858, 8.3078],
      [0.638, 1.382, 4.6237, 2.7174, 0.4667, 2.7391, 1.9808, 4.6456, 3.5991, 3.0575, 5.0102, 6.503, 1.142, 2.8006, 1.793, 7.6668, 4.498, 3.9241, 6.4093, 4.3692, 2.2628, 8.7084, 4.5605, 0.2386, 0.1167, 9.8845, 1.7203, 2.7694, 0.1647, 7.2925, 0, 62.348, 5.6379, 12.32, 3.826],
      [0.0922, 0, 1.0942, 0.5806, 0, 0.9277, 0.3336, 0.7255, 1.106, 0.6655, 1.1268, 1.0975, 0.0635, 0.9073, 0.2117, 1.7309, 1.0903, 1.117, 0.9713, 1.2168, 0.2579, 1.3056, 0.9888, 0.042, 0, 2.407, 0.3517, 0.6376, 0.084, 1.0883, 0, 12.1494, 1.4097, 3.3023, 0.5439]
    ]
  ],
  "V_est": [
    [1012.4351, 2.6283, 449.427, 116.7497, 1053.6775, 1.0824],
    [1.821, 2494.8528, 112.8286, 289.8104, 103.6679, 299.0193],
    [322.9513, 373.9786, 970.5042, 2154.5813, 804.9598, 111.0247],
    [685.1162, 368.4855, 358.7501, 927.6307, 21435.5167, 45.5009],
    [183.9644, 21.1336, 1976.2622, 409.5319, 929.3618, 2.7462],
    [3.712, 192.9212, 83.228, 390.696, 191.8164, 39.6265]
  ],
  "p_est": [
    [0.3841, 0.001, 0.1705, 0.0443, 0.3997, 0.0004],
    [0.0006, 0.7556, 0.0342, 0.0878, 0.0314, 0.0906],
    [0.0682, 0.0789, 0.2048, 0.4547, 0.1699, 0.0234],
    [0.0288, 0.0155, 0.0151, 0.0389, 0.8999, 0.0019],
    [0.0522, 0.006, 0.561, 0.1162, 0.2638, 0.0008],
    [0.0041, 0.2139, 0.0923, 0.4331, 0.2127, 0.0439]
  ],
  "EI_Z": {},
  "EI_V": 10.0986,
  "MAE_Z": {},
  "MAE_V": 218.3664,
  "MAE_p": 0.0623,
  "runtime": 0.006
}
