{
  "Z_true": {},
  "V_true": [
    [43, 1022, 123, 225, 2234, 115],
    [830, 31, 48, 465, 168, 61],
    [451, 232, 389, 8329, 728, 487],
    [104, 371, 254, 139, 6681, 248],
    [140, 239, 294, 637, 1244, 573],
    [25, 43, 1676, 384, 810, 85],
    [95, 55, 88, 421, 269, 574]
  ],
  "p_true": [
    [0.0114, 0.2717, 0.0327, 0.0598, 0.5938, 0.0306],
    [0.5178, 0.0193, 0.0299, 0.2901, 0.1048, 0.0381],
    [0.0425, 0.0219, 0.0366, 0.7846, 0.0686, 0.0459],
    [0.0133, 0.0476, 0.0326, 0.0178, 0.8569, 0.0318],
    [0.0448, 0.0764, 0.094, 0.2037, 0.3978, 0.1832],
    [0.0083, 0.0142, 0.5544, 0.127, 0.2679, 0.0281],
    [0.0632, 0.0366, 0.0586, 0.2803, 0.1791, 0.3822]
  ],
  "Z_est": [
    [
      [1.5051, 0.0404, 0.474, 0.0764, 4.6024, 4.2301, 6.6918, 3.8508, 2.8736, 0.1925, 0.8974, 2.8327, 2.0547, 1.7169, 3.8252, 5.3136, 2.5122, 3.5574, 1.2293, 1.1458, 4.8092, 0.3892, 0.2428, 0.0647, 3.8117, 0.0274, 3.6313, 3.1187, 1.0296, 1.8709, 0.2505, 0.2507, 4.8236, 6.2435, 7.3765, 0.7923, 0, 0.0842, 4.2994, 0.7149, 15.6359, 0.676],
      [9.4642, 0.5108, 2.8707, 1.6868, 36.2109, 24.2156, 34.5545, 20.6251, 14.8671, 0, 4.4544, 14.0258, 25.6256, 10.8943, 18.6217, 28.9966, 23.2354, 13.081, 3.6864, 7.8932, 30.2835, 2.6339, 0, 0.6909, 27.6063, 0.1146, 27.7579, 17.6848, 12.9143, 9.1047, 0.8437, 3.1066, 37.7852, 32.5397, 34.0902, 15.4218, 0, 1.2216, 24.1358, 1.9889, 50.7575, 2.2686],
      [4.1546, 0.3437, 1.5531, 1.641, 21.9841, 16.7275, 16.1893, 16.6444, 8.9091, 0.9832, 2.3115, 5.2109, 12.2047, 5.6194, 8.4187, 14.902, 11.3103, 12.4266, 2.6775, 3.4084, 14.4581, 2.5734, 0.9493, 0, 13.6125, 0.0383, 15.7618, 11.9409, 4.8192, 4.2128, 0.3392, 1.8569, 25.9663, 15.7553, 21.3307, 6.7754, 0, 0.5913, 15.2438, 1.4452, 26.8417, 0.9725],
      [0.695, 0.0107, 0.7379, 0.0807, 3.7996, 2.7465, 4.0199, 3.2981, 1.283, 0.0854, 0.6225, 3.7573, 3.8542, 2.3471, 3.0124, 6.142, 3.3215, 2.1629, 0.5656, 0.7332, 2.8965, 0.522, 0.3373, 0.0461, 3.4445, 0.0015, 3.6482, 2.151, 0.8456, 1.4637, 0.1012, 0.4736, 4.355, 5.6064, 6.0254, 2.5684, 0, 0.0712, 3.6168, 0.3068, 5.4667, 0.3848],
      [29.1574, 3.0905, 14.338, 9.5136, 141.3304, 103.9624, 143.4245, 112.4926, 41.9546, 3.7322, 10.6929, 40.8382, 106.1928, 33.3334, 72.0687, 97.413, 92.566, 63.683, 20.8249, 31.8088, 128.4758, 15.8365, 5.4302, 2.1981, 117.4169, 0.8181, 103.1103, 90.0853, 52.388, 32.0639, 2.465, 3.3068, 171.9705, 116.6154, 157.963, 64.3774, 0, 3.0295, 126.6214, 9.5425, 181.6535, 21.6809],
      [0.0237, 0.0038, 0.0262, 0.0015, 0.0962, 0.1178, 0.1198, 0.0892, 0.1126, 0.0066, 0.0214, 0.3437, 0.068, 0.089, 0.0532, 0.2328, 0.0545, 0.0893, 0.0163, 0.0105, 0.0513, 0.0451, 0.0404, 0.0001, 0.1081, 0.0001, 0.0922, 0.0192, 0.0034, 0.2839, 0.0003, 0.0055, 0.0995, 0.231, 0.2141, 0.0647, 0, 0.0023, 0.0741, 0.0017, 0.7059, 0.0172]
    ],
    [
      [11.2707, 0.5189, 4.2269, 0.4058, 33.4561, 24.6985, 27.8013, 27.9519, 16.793, 1.1423, 6.9144, 14.2198, 15.945, 19.8448, 30.9654, 37.2464, 22.7575, 22.2446, 11.6891, 5.7011, 29.1395, 3.3939, 1.8058, 0.9952, 27.7548, 1.4816, 25.7062, 16.1594, 5.8758, 11.3803, 1.6637, 1.4838, 34.5588, 36.0993, 68.0707, 5.9573, 0, 1.7025, 28.0777, 11.0362, 111.8226, 6.3304],
      [1.9563, 0.1653, 0.9534, 0.0873, 7.2953, 4.0712, 4.6213, 3.5911, 3.3777, 0, 1.1104, 2.4212, 3.7484, 4.0985, 5.502, 6.2912, 4.2148, 2.5998, 1.3704, 1.0148, 5.3372, 0.693, 0, 0.2302, 5.6944, 0.1428, 5.2798, 2.7271, 1.8311, 1.8663, 0.2949, 0.6153, 7.0943, 6.3458, 10.5732, 1.7525, 0, 0.1395, 4.6847, 1.064, 16.4366, 0.6939],
      [2.1365, 0.2487, 1.1721, 0.1901, 10.2691, 6.5815, 4.9087, 7.0259, 4.6424, 0.3453, 1.4582, 2.1792, 4.3247, 4.836, 5.7777, 7.8643, 5.147, 6.0186, 2.4619, 0.9987, 5.7934, 1.5639, 0.6066, 0, 6.4852, 0.161, 7.0361, 4.0216, 1.473, 2.0747, 0.2681, 0.8063, 11.2547, 7.0675, 16.2034, 1.8674, 0, 0.2667, 6.7678, 2.1424, 20.2081, 0.7917],
      [2.7216, 0.126, 3.2551, 0.0753, 10.2682, 6.2565, 6.1457, 8.2089, 3.9236, 0.2141, 2.1516, 5.6016, 6.6764, 11.3119, 10.2451, 14.327, 8.2346, 6.0731, 3.3551, 1.1914, 7.3431, 1.8751, 1.6354, 0.351, 10.2338, 0.3155, 9.2791, 4.0289, 1.5326, 3.4888, 0.4097, 0.7683, 10.7953, 12.0192, 24.9345, 3.6601, 0, 0.5275, 8.4089, 3.5597, 26.1169, 1.879],
      [3.423, 0.8479, 2.1491, 0.2312, 12.907, 8.1661, 8.5711, 7.6486, 4.4484, 0.2603, 1.0618, 2.5693, 6.475, 4.5102, 8.2348, 8.2175, 6.4074, 6.0076, 3.6233, 1.951, 11.5871, 1.9508, 0.9012, 0.3952, 12.2863, 1.7845, 9.4577, 6.7046, 4.1693, 2.6027, 0.3372, 0.2768, 14.5562, 10.4817, 23.8492, 3.2936, 0, 0.2159, 10.9337, 2.8366, 28.3755, 2.8275],
      [0.492, 0.0933, 0.2435, 0.0104, 1.6256, 1.2265, 0.9521, 1.5739, 0.8151, 0.0383, 0.3038, 1.0128, 0.8302, 1.3984, 1.2753, 2.0539, 1.2389, 1.0566, 0.5004, 0.1433, 0.9785, 0.5232, 0.0511, 0.0285, 1.5453, 0.1146, 1.231, 0.3584, 0.118, 0.5874, 0.0264, 0.0492, 1.7405, 2.0462, 4.3688, 0.4689, 0, 0.1477, 1.1869, 0.3614, 5.0859, 0.4778]
    ],
    [
      [5.3726, 0.1815, 1.2169, 0.1931, 15.4104, 11.487, 15.6216, 21.9422, 7.6344, 0.6586, 5.4714, 7.4882, 8.6101, 9.3502, 19.99, 20.0763, 18.2254, 9.342, 5.393, 2.9067, 11.8952, 1.0058, 0.3659, 0.5546, 9.0676, 0.7337, 10.1938, 5.8842, 2.0777, 8.5037, 1.4289, 0.5094, 15.7581, 13.153, 26.1968, 2.4525, 0, 2.326, 12.8531, 5.0047, 52.0502, 2.9667],
      [7.0647, 0.4407, 1.6138, 0.8088, 27.67, 13.1903, 17.3418, 22.789, 8.8371, 0, 6.0482, 9.9321, 27.396, 14.718, 24.9801, 26.8675, 36.9801, 5.8505, 3.2335, 4.2086, 15.2016, 1.2893, 0, 1.289, 12.8916, 0.3409, 16.4748, 7.1174, 6.6793, 9.3929, 1.1746, 1.7093, 27.0092, 14.4056, 25.3704, 11.0787, 0, 2.6248, 14.8243, 2.8102, 35.4352, 2.0068],
      [4.0311, 0.3897, 1.2374, 1.3054, 22.9928, 14.0193, 10.9504, 26.2234, 7.7855, 0.9911, 4.0816, 4.373, 15.6549, 9.8036, 12.8255, 18.0136, 22.0775, 10.5105, 3.5478, 2.3419, 9.5668, 2.1857, 0.3958, 0, 8.7819, 0.1751, 13.396, 6.4832, 2.5305, 5.4885, 0.5195, 1.4467, 27.2396, 9.5645, 22.7418, 6.0785, 0, 2.917, 13.7265, 3.0229, 25.6418, 1.2342],
      [99.2458, 4.6129, 41.4301, 12.7326, 385.895, 238.92, 281.1709, 441.9822, 108.9856, 10.5084, 73.5506, 165.6782, 376.3767, 251.6452, 312.6829, 456.8466, 491.0512, 178.8147, 74.5719, 61.9422, 270.079, 37.2837, 12.4021, 13.3876, 269.8506, 6.1373, 302.8062, 147.5009, 71.6947, 133.4106, 9.8456, 17.3584, 439.817, 301.0925, 551.2762, 186.7884, 1, 93.1156, 305.1561, 67.8981, 563.287, 58.9833],
      [5.3359, 1.4293, 2.106, 1.8724, 23.0002, 12.9284, 17.9955, 27.324, 3.9417, 0.4241, 1.8155, 3.4585, 27.1989, 6.129, 17.6236, 13.4395, 36.4592, 5.9609, 3.7092, 5.0325, 19.7911, 1.7254, 0.3653, 1.7406, 15.4309, 2.5845, 14.906, 10.0662, 9.5634, 5.6529, 0.4416, 0.1109, 29.9813, 9.8706, 22.5478, 11.799, 0, 2.5492, 20.6026, 2.611, 22.9588, 8.5392],
      [14.9498, 2.9459, 3.3958, 2.0877, 50.0909, 39.4549, 37.9197, 82.7395, 17.8156, 1.4179, 8.0324, 22.097, 40.7637, 26.3544, 30.8977, 49.7562, 61.2064, 24.5216, 8.5446, 7.568, 33.4153, 10.5102, 0.4709, 1.0282, 35.9774, 2.0285, 34.2251, 11.9481, 5.4545, 16.5515, 0.5897, 0.8654, 66.1948, 40.8946, 73.8672, 24.803, 0, 27.4673, 35.8176, 5.6529, 83.7975, 15.2697]
    ],
    [
      [2.1053, 0.0438, 0.2971, 0.0585, 3.6387, 3.5607, 4.731, 4.4467, 2.2526, 0.1819, 1.1885, 1.6595, 1.4474, 1.4286, 2.6506, 4.168, 2.7712, 2.9625, 1.0149, 0.875, 5.167, 0.1926, 0.2124, 0.1605, 3.5784, 0.0893, 3.2587, 2.579, 0.7419, 1.2032, 0.0906, 0.1687, 3.3435, 4.8293, 5.7638, 0.4647, 0, 0.7513, 2.9307, 1.1262, 15.1109, 0.806],
      [10.2371, 0.4994, 1.6602, 1.4543, 26.6639, 17.9697, 21.8724, 14.578, 10.0965, 0, 3.7192, 6.0171, 18.255, 8.5513, 10.7215, 17.5512, 18.5083, 8.328, 2.2037, 5.7001, 27.3946, 1.2792, 0, 1.474, 22.9086, 0.1644, 22.4568, 12.7573, 10.0462, 4.9539, 0.2895, 2.335, 24.506, 22.3166, 22.1261, 10.6526, 0, 3.4757, 14.8033, 1.7969, 36.4253, 1.9041],
      [6.9836, 0.5443, 1.4801, 2.4265, 25.4395, 19.7377, 15.7859, 21.6903, 9.6111, 1.3653, 3.4373, 3.6987, 13.8507, 7.9454, 8.1155, 15.0312, 14.8885, 14.8228, 2.8951, 3.671, 19.3541, 2.2985, 1.1648, 0, 17.3088, 0.117, 20.2364, 13.6422, 5.193, 3.817, 0.1852, 2.559, 27.9534, 16.9117, 23.5812, 7.3543, 0, 6.089, 15.331, 2.8134, 31.2849, 1.3239],
      [0.9311, 0.0073, 0.3283, 0.049, 1.891, 1.4295, 1.3153, 2.0395, 0.3802, 0.0323, 0.4317, 0.8051, 2.463, 1.7991, 1.0469, 2.8158, 2.5938, 0.9118, 0.2152, 0.305, 2.6008, 0.112, 0.2763, 0.3023, 2.6663, 0.0049, 2.6194, 1.0605, 0.3445, 0.4242, 0.0057, 0.1954, 1.6496, 2.7739, 2.9721, 1.4845, 0, 2.6489, 1.3461, 0.4293, 2.5442, 0.4586],
      [121.3627, 10.7243, 30.0206, 26.901, 366.6091, 270.3866, 301.0113, 318.6032, 103.4763, 10.3241, 35.7946, 71.5829, 275.9347, 106.8422, 160.3632, 237.6921, 287.4706, 165.2378, 51.2929, 74.0729, 386.7485, 29.6123, 13.2854, 14.9796, 335.2487, 7.5684, 299.8348, 212.1779, 117.4578, 69.7488, 3.4236, 9.6786, 399.7743, 283.5324, 402.1843, 156.4794, 0, 77.4148, 274.792, 41.5731, 497.9617, 67.545],
      [1.3802, 0.1809, 0.2135, 0.1107, 2.8065, 2.9157, 2.284, 3.6428, 1.1832, 0.0962, 0.429, 1.2476, 2.0492, 1.4335, 1.1022, 2.7418, 2.7676, 1.7374, 0.3782, 0.3758, 2.6721, 0.5053, 0.0612, 0.0835, 3.2895, 0.0561, 2.5979, 0.7831, 0.2169, 0.8527, 0.0054, 0.0634, 2.7734, 3.6196, 4.3725, 1.5645, 0, 5.6203, 1.7816, 0.261, 5.8011, 0.9624]
    ],
    [
      [1.8061, 0.0179, 0.1849, 0.0435, 3.6263, 4.2036, 5.2793, 4.7933, 1.8785, 0.1638, 0.9804, 1.5547, 1.3909, 1.7765, 3.8676, 4.3536, 3.5979, 3.16, 1.2173, 0.9607, 2.7114, 0.2028, 0.0553, 0.0897, 2.3695, 0.1442, 2.2062, 1.2315, 0.459, 1.0478, 0.2291, 0.1262, 3.3005, 3.7531, 7.7729, 0.4871, 0, 0.5781, 3.3051, 1.4527, 10.4578, 0.2768],
      [1.6815, 0.0303, 0.2454, 0.2126, 5.4682, 3.9742, 4.3111, 3.8129, 1.7621, 0, 0.8217, 1.5758, 3.4926, 1.8392, 3.4534, 4.1702, 5.6176, 1.5636, 0.5336, 1.3206, 3.612, 0.2586, 0, 0.142, 3.5466, 0.0479, 3.3833, 1.7027, 1.3538, 0.9841, 0.1397, 0.3296, 4.8789, 3.99, 5.4945, 1.9834, 0, 0.731, 3.2869, 0.4544, 6.4354, 0.2216],
      [3.4128, 0.0882, 0.4387, 1.2154, 15.9184, 15.3118, 8.38, 18.2598, 4.7414, 0.7654, 1.9822, 2.2724, 7.1149, 4.4025, 7.0074, 9.8842, 14.0361, 8.1348, 2.0562, 2.399, 6.8376, 1.2168, 0.2137, 0, 7.4662, 0.1192, 8.1449, 5.0479, 2.367, 1.8333, 0.2553, 1.0875, 15.6252, 8.0406, 17.7121, 3.7762, 0, 3.2282, 9.9634, 2.1962, 14.0238, 0.3623],
      [20.9883, 0.2345, 4.0507, 2.0975, 67.381, 60.1512, 50.7533, 82.6416, 15.6109, 2.0188, 11.9431, 25.4245, 46.3922, 35.9466, 49.6247, 78.3288, 91.7057, 37.1743, 11.1139, 14.1113, 43.1166, 5.3676, 1.9965, 2.2637, 56.0592, 1.0498, 48.3174, 23.2254, 11.2999, 13.2179, 1.3766, 3.3888, 65.0541, 66.2232, 123.9761, 31.367, 0, 25.7349, 58.3126, 13.2875, 75.9937, 4.4074],
      [12.8867, 0.3054, 1.512, 3.4889, 41.474, 39.4048, 36.2524, 49.1849, 7.5182, 1.0407, 2.4205, 5.1628, 25.7151, 7.906, 21.7781, 17.3125, 50.5161, 15.8785, 6.1625, 12.2121, 34.1367, 1.9492, 0.5277, 1.8787, 33.949, 2.8729, 23.6501, 18.5484, 14.1745, 3.6083, 0.6408, 0.4725, 42.3053, 24.7908, 49.725, 15.2058, 0, 9.3317, 38.5192, 6.6493, 33.5175, 2.8293],
      [10.2247, 0.3237, 1.5684, 0.9421, 28.1503, 29.9542, 22.0239, 41.3075, 9.4887, 1.0113, 4.8519, 12.9489, 18.8941, 15.1292, 19.2688, 30.9506, 40.5266, 16.0889, 4.9164, 4.9963, 16.5707, 4.0051, 0.2069, 0.6258, 24.6095, 0.766, 19.2989, 6.2441, 2.346, 7.3087, 0.3584, 0.5954, 29.8359, 28.1956, 53.3196, 13.1805, 0, 17.3961, 21.6062, 3.9599, 46.0865, 2.9026]
    ],
    [
      [1.9773, 0.039, 0.4316, 0.0728, 4.4758, 3.0287, 5.3494, 4.3947, 3.4017, 0.5377, 1.1907, 2.3389, 1.9721, 2.4071, 3.0044, 5.9992, 2.6515, 5.6342, 1.825, 1.0669, 4.0241, 0.4396, 0.2412, 0.0481, 3.5716, 0.034, 4.3067, 2.7612, 0.7643, 2.734, 0.3371, 0.1847, 5.5633, 5.5402, 8.1419, 0.7863, 0, 0.5254, 4.1002, 1.1619, 16.7008, 0.3646],
      [2.2837, 0.096, 0.5503, 0.3339, 7.2414, 3.4269, 6.0972, 4.0479, 3.857, 0, 1.0696, 2.3815, 4.7758, 2.6433, 2.8684, 6.2324, 4.2698, 3.89, 1.0087, 1.615, 5.2318, 0.5958, 0, 0.0881, 5.1885, 0.0138, 6.6527, 3.4707, 2.3433, 2.7092, 0.2575, 0.4859, 8.9767, 5.9744, 6.9678, 3.0372, 0, 0.6808, 4.7128, 0.4706, 11.0232, 0.2099],
      [18.4592, 1.1527, 5.0489, 4.6027, 72.1178, 44.6058, 47.6227, 64.8352, 32.4817, 5.459, 10.1148, 16.7995, 42.7228, 26.5672, 26.781, 58.5112, 45.8777, 54.5458, 12.2781, 11.0624, 46.6117, 8.8148, 2.6319, 0, 46.9618, 0.2903, 60.1176, 35.5796, 12.9693, 19.189, 1.4327, 3.8495, 93.5425, 51.3683, 81.4409, 23.8776, 0, 11.1017, 49.9385, 7.8722, 98.9682, 2.8983],
      [2.2438, 0.0288, 1.0502, 0.1745, 6.9897, 3.7225, 5.5639, 7.4691, 3.2711, 0.6736, 1.6476, 4.4568, 6.1953, 6.1256, 3.7182, 11.879, 6.41, 7.5479, 1.8325, 1.3015, 5.2518, 1.1037, 0.6305, 0.0908, 6.5795, 0.0088, 8.5622, 3.6957, 1.1249, 4.1291, 0.2612, 0.477, 9.8518, 8.8418, 12.3778, 4.2306, 0, 2.3013, 6.078, 1.1969, 12.1044, 0.3289],
      [20.3128, 1.6323, 6.7544, 4.7691, 66.4142, 32.8174, 59.8478, 61.0767, 21.8252, 5.1528, 5.638, 15.8943, 52.1589, 20.1234, 26.9603, 50.0065, 48.4185, 49.4096, 15.6567, 16.6902, 54.4138, 8.516, 2.4561, 0.7136, 55.7268, 0.6465, 62.512, 41.9364, 22.6874, 24.2402, 1.6918, 0.9634, 100.6838, 48.7249, 83.8505, 34.0887, 0, 11.2134, 62.8686, 7.1371, 91.1109, 7.0532],
      [0.7232, 0.0512, 0.1646, 0.047, 1.7792, 1.3988, 1.519, 2.1764, 1.1633, 0.1767, 0.3393, 1.1344, 1.1751, 1.1335, 0.668, 2.3719, 1.3725, 1.9726, 0.399, 0.2639, 1.4502, 0.5301, 0.0403, 0.0594, 1.9718, 0.0067, 1.8503, 0.5564, 0.1109, 0.9985, 0.0197, 0.0394, 2.382, 2.5444, 3.221, 0.9796, 0, 1.1775, 1.2956, 0.1613, 4.1435, 0.1451]
    ],
    [
      [1.9629, 0.1585, 0.1686, 0.1499, 7.7903, 4.7914, 7.5255, 6.6204, 3.1661, 0.1232, 1.3572, 3.9062, 3.5797, 3.4759, 7.6969, 7.8429, 5.4844, 4.0993, 2.6315, 0.3437, 5.2537, 0.3762, 0.0766, 0.0871, 2.8464, 0.4898, 3.697, 2.2659, 1.0517, 3.2601, 0, 0.2765, 6.6521, 5.3816, 8.6774, 1.0598, 0, 1.0324, 5.4339, 1.5034, 21.2219, 1.5796],
      [1.3125, 0.2575, 0.1061, 0.4163, 7.4503, 3.1521, 5.2015, 3.5559, 2.2023, 0, 0.7765, 2.6465, 4.7067, 2.2556, 4.8529, 4.8908, 5.174, 1.6871, 0.9636, 0.2476, 3.9394, 0.2503, 0, 0.0857, 2.164, 0.1757, 2.9947, 1.5399, 1.8321, 1.9889, 0, 0.4182, 5.7497, 3.4278, 4.3778, 2.0737, 0, 1.1265, 3.5522, 0.415, 9.4869, 0.6951],
      [0.8222, 0.2328, 0.0697, 0.619, 6.2783, 3.0164, 3.1629, 4.3211, 1.8288, 0.0907, 0.6144, 1.4663, 3.1272, 1.826, 3.0742, 3.7936, 3.6628, 2.5409, 1.0834, 0.1186, 2.3782, 0.3468, 0.038, 0, 1.3836, 0.0991, 2.3072, 1.2846, 0.6482, 1.3848, 0, 0.3941, 5.4184, 2.2922, 3.9899, 1.2706, 0, 0.8062, 3.0289, 0.5076, 7.0315, 0.4172],
      [8.1744, 0.9797, 1.1477, 1.7903, 44.7755, 21.7737, 30.031, 35.3605, 10.5456, 0.4673, 5.653, 23.2766, 34.0422, 22.8245, 34.6698, 44.6608, 41.6831, 18.3153, 9.3458, 1.4154, 24.7122, 2.7359, 0.722, 0.5585, 17.1662, 1.4822, 22.7676, 11.3377, 6.1578, 14.8658, 0, 2.3385, 38.4773, 28.4429, 43.4379, 16.901, 0, 11.6006, 28.0816, 5.3217, 60.4871, 8.558],
      [1.5215, 0.9703, 0.1199, 1.2238, 9.2651, 4.3342, 6.8974, 5.67, 1.8356, 0.0658, 0.5766, 2.494, 6.3246, 2.1559, 4.9713, 4.919, 6.1622, 2.8225, 1.7305, 0.2324, 5.8471, 0.4098, 0.0342, 0.0943, 2.9414, 1.7251, 3.529, 2.4813, 2.5595, 2.0831, 0, 0.191, 7.7286, 3.9841, 5.8802, 2.7561, 0, 1.2455, 5.6625, 0.6505, 10.4222, 2.5249],
      [4.2064, 1.4012, 0.3879, 0.8005, 20.4513, 11.9321, 14.1816, 18.4707, 5.4215, 0.253, 2.0223, 8.2157, 14.2196, 7.462, 10.7348, 14.8928, 17.8335, 8.5336, 3.2451, 0.6422, 10.8619, 1.881, 0.1292, 0.1744, 8.4983, 1.0281, 9.7047, 4.0906, 1.7505, 5.4173, 0, 0.3817, 17.9739, 12.4686, 17.6368, 7.9388, 0, 8.1888, 12.2381, 1.6018, 25.3796, 5.2252]
    ]
  ],
  "V_est": [
    [109.7655, 628.4707, 353.1046, 87.6083, 2579.4669, 3.6363],
    [766.289, 131.9871, 175.446, 243.5248, 247.5336, 38.3797],
    [371.5533, 469.097, 356.2927, 7928.8146, 431.0227, 1059.389],
    [94.0512, 448.653, 411.9394, 48.7104, 6726.7245, 67.0193],
    [87.1136, 88.8632, 237.3388, 1382.7285, 717.4147, 612.9853],
    [114.1298, 127.7794, 1261.1024, 171.5283, 1304.7945, 43.7131],
    [145.0976, 98.1495, 76.7762, 737.085, 127.0431, 317.8772]
  ],
  "p_est": [
    [0.0292, 0.1671, 0.0939, 0.0233, 0.6857, 0.001],
    [0.478, 0.0823, 0.1094, 0.1519, 0.1544, 0.0239],
    [0.035, 0.0442, 0.0336, 0.7469, 0.0406, 0.0998],
    [0.0121, 0.0575, 0.0528, 0.0062, 0.8627, 0.0086],
    [0.0279, 0.0284, 0.0759, 0.4423, 0.2295, 0.1961],
    [0.0378, 0.0423, 0.4172, 0.0567, 0.4316, 0.0145],
    [0.0966, 0.0653, 0.0511, 0.4907, 0.0846, 0.2116]
  ],
  "EI_Z": {},
  "EI_V": 12.424,
  "MAE_Z": {},
  "MAE_V": 185.9455,
  "MAE_p": 0.0581,
  "runtime": 349.439
}
