{
  "X": [
    [21, 117, 194, 21],
    [1, 20, 117, 5],
    [13, 110, 195, 17],
    [1, 11, 4, 1],
    [17, 41, 128, 9],
    [3, 29, 59, 6],
    [31, 218, 471, 49],
    [13, 127, 184, 14],
    [55, 268, 638, 64],
    [6, 29, 45, 7],
    [5, 21, 27, 5],
    [14, 52, 118, 7],
    [4, 22, 11, 1],
    [8, 31, 152, 9],
    [43, 155, 211, 15],
    [10, 53, 124, 7],
    [12, 140, 144, 25],
    [17, 175, 180, 42],
    [6, 52, 92, 5],
    [36, 213, 293, 36],
    [41, 359, 505, 60],
    [9, 16, 54, 5],
    [55, 168, 323, 35],
    [2, 12, 16, 1],
    [5, 18, 31, 2],
    [21, 158, 218, 15],
    [141, 568, 1227, 93],
    [56, 243, 670, 50],
    [17, 75, 43, 2],
    [1, 8, 10, 1],
    [131, 359, 877, 78],
    [51, 233, 465, 40],
    [2, 17, 84, 3],
    [1, 22, 47, 9],
    [6, 27, 38, 4],
    [0, 5, 1, 0],
    [30, 207, 409, 69],
    [1, 4, 10, 0],
    [2, 9, 11, 0],
    [13, 112, 45, 16],
    [2, 13, 24, 0],
    [4, 41, 47, 4],
    [12, 39, 99, 12],
    [0, 6, 26, 2],
    [14, 92, 190, 23],
    [0, 1, 14, 6],
    [23, 99, 83, 13],
    [34, 118, 180, 16],
    [8, 17, 37, 12],
    [5, 28, 48, 5],
    [1, 2, 4, 0],
    [47, 246, 633, 55],
    [9, 38, 122, 14],
    [3, 7, 36, 5],
    [11, 58, 116, 9],
    [0, 26, 9, 1],
    [27, 106, 369, 48],
    [0, 6, 2, 1],
    [22, 66, 48, 3],
    [3, 8, 14, 1],
    [14, 54, 186, 21],
    [3, 12, 17, 5],
    [15, 103, 187, 9],
    [2, 17, 39, 3],
    [5, 19, 10, 0],
    [22, 101, 65, 9],
    [1, 15, 6, 2],
    [7, 10, 74, 3],
    [24, 125, 301, 32],
    [104, 169, 335, 24],
    [0, 1, 10, 0],
    [4, 40, 35, 3],
    [42, 201, 301, 19],
    [0, 7, 53, 3],
    [8, 17, 59, 7],
    [12, 38, 99, 10],
    [11, 25, 99, 3],
    [1, 25, 33, 1],
    [1, 12, 13, 6],
    [0, 3, 6, 0],
    [0, 7, 15, 2],
    [2, 20, 8, 1],
    [24, 130, 234, 31],
    [3, 19, 34, 4],
    [8, 30, 60, 4],
    [15, 47, 105, 5],
    [4, 88, 139, 9],
    [14, 32, 74, 5],
    [7, 13, 69, 6],
    [0, 43, 84, 3],
    [2, 12, 59, 1],
    [1, 2, 4, 0],
    [4, 18, 6, 3],
    [19, 59, 68, 10],
    [95, 212, 761, 68],
    [4, 30, 78, 11],
    [9, 21, 43, 5],
    [82, 264, 755, 58],
    [11, 23, 72, 0],
    [1, 18, 53, 7],
    [70, 213, 608, 109],
    [17, 51, 127, 6],
    [7, 20, 38, 2],
    [8, 47, 88, 7],
    [6, 14, 7, 5],
    [3, 72, 97, 9],
    [212, 1027, 2261, 174],
    [39, 154, 245, 25],
    [201, 561, 1037, 111],
    [41, 73, 160, 9]
  ],
  "W": [
    [17, 24, 106, 172, 23, 11],
    [5, 6, 13, 106, 6, 7],
    [9, 13, 84, 182, 28, 19],
    [0, 0, 7, 4, 3, 3],
    [13, 19, 34, 102, 17, 10],
    [4, 4, 19, 49, 11, 10],
    [10, 39, 197, 415, 53, 55],
    [11, 12, 113, 149, 30, 23],
    [44, 49, 250, 540, 78, 64],
    [1, 7, 24, 39, 7, 9],
    [1, 6, 20, 22, 5, 4],
    [11, 14, 40, 100, 16, 10],
    [0, 4, 19, 8, 4, 3],
    [5, 7, 30, 142, 8, 8],
    [14, 45, 130, 184, 25, 26],
    [12, 16, 39, 102, 14, 11],
    [8, 12, 110, 119, 45, 27],
    [13, 16, 159, 155, 39, 32],
    [5, 10, 41, 82, 9, 8],
    [21, 34, 174, 266, 41, 42],
    [26, 38, 308, 447, 87, 59],
    [1, 6, 21, 47, 7, 2],
    [31, 70, 137, 285, 25, 33],
    [1, 1, 5, 17, 5, 2],
    [0, 5, 14, 31, 4, 2],
    [6, 20, 137, 182, 38, 29],
    [102, 171, 503, 1091, 94, 68],
    [62, 76, 224, 584, 42, 31],
    [0, 36, 42, 40, 6, 13],
    [0, 1, 6, 10, 1, 2],
    [84, 111, 308, 798, 86, 58],
    [31, 61, 175, 441, 46, 35],
    [4, 2, 11, 71, 10, 8],
    [4, 1, 12, 44, 16, 2],
    [1, 5, 21, 38, 5, 5],
    [0, 0, 4, 1, 1, 0],
    [35, 41, 181, 363, 40, 55],
    [0, 0, 5, 8, 1, 1],
    [0, 3, 10, 7, 1, 1],
    [2, 3, 102, 41, 23, 15],
    [2, 4, 7, 24, 1, 1],
    [4, 9, 30, 37, 9, 7],
    [9, 7, 37, 90, 10, 9],
    [1, 1, 5, 24, 1, 2],
    [11, 22, 77, 166, 27, 16],
    [9, 0, 0, 8, 0, 4],
    [2, 26, 86, 72, 18, 14],
    [13, 37, 87, 153, 32, 26],
    [7, 7, 13, 37, 5, 5],
    [5, 13, 14, 41, 9, 4],
    [0, 0, 3, 4, 0, 0],
    [32, 50, 229, 576, 56, 38],
    [10, 12, 37, 106, 9, 9],
    [6, 0, 7, 28, 7, 3],
    [6, 18, 38, 101, 14, 17],
    [0, 2, 22, 5, 2, 5],
    [33, 22, 105, 319, 25, 46],
    [0, 4, 2, 1, 2, 0],
    [0, 33, 44, 45, 5, 12],
    [0, 3, 6, 15, 0, 2],
    [20, 15, 35, 169, 22, 14],
    [1, 2, 8, 14, 6, 6],
    [7, 16, 83, 175, 25, 8],
    [2, 5, 12, 37, 1, 4],
    [0, 2, 15, 7, 7, 3],
    [7, 32, 85, 49, 7, 17],
    [0, 3, 10, 5, 2, 4],
    [11, 5, 11, 62, 3, 2],
    [30, 15, 117, 261, 33, 26],
    [13, 74, 167, 296, 50, 32],
    [3, 0, 1, 7, 0, 0],
    [4, 7, 30, 25, 13, 3],
    [19, 35, 149, 286, 38, 36],
    [2, 1, 5, 48, 5, 2],
    [11, 9, 12, 43, 7, 9],
    [7, 13, 32, 84, 7, 16],
    [7, 11, 24, 83, 10, 3],
    [2, 0, 17, 34, 4, 3],
    [0, 4, 9, 15, 0, 4],
    [0, 0, 1, 4, 3, 1],
    [3, 0, 10, 8, 0, 3],
    [1, 0, 19, 7, 1, 3],
    [12, 25, 115, 193, 48, 26],
    [1, 6, 13, 35, 2, 3],
    [2, 5, 24, 58, 8, 5],
    [17, 14, 38, 84, 7, 12],
    [6, 11, 55, 124, 36, 8],
    [5, 9, 32, 70, 6, 3],
    [7, 6, 15, 58, 2, 7],
    [6, 0, 31, 83, 4, 6],
    [3, 4, 10, 52, 4, 1],
    [0, 0, 2, 4, 1, 0],
    [0, 4, 15, 6, 2, 4],
    [2, 22, 50, 52, 11, 19],
    [72, 96, 190, 692, 36, 50],
    [10, 5, 28, 69, 0, 11],
    [4, 5, 19, 43, 2, 5],
    [74, 89, 222, 663, 57, 54],
    [4, 8, 23, 61, 8, 2],
    [4, 1, 13, 48, 8, 5],
    [82, 49, 199, 537, 53, 80],
    [3, 20, 51, 114, 7, 6],
    [3, 6, 17, 32, 7, 2],
    [7, 11, 41, 74, 9, 8],
    [0, 5, 8, 7, 3, 9],
    [2, 6, 67, 87, 9, 10],
    [125, 262, 869, 2028, 230, 160],
    [15, 36, 146, 215, 24, 27],
    [71, 208, 509, 896, 101, 125],
    [6, 55, 61, 146, 3, 12]
  ],
  "method": "mult",
  "cond_prob": [
    [
      [0.0018519724578, 0.000152627477, 0.65619880493, 0.34179659513],
      [0.51620086754, 0.35288806798, 0.12498555968, 0.0059255047949],
      [0.045986530492, 0.79114426117, 0.11614838049, 0.046720827851],
      [0.01899861095, 0.037217920999, 0.92460051291, 0.019182955137],
      [0.0038026164945, 0.59106762388, 0.32489507312, 0.080234686502],
      [0.031809286577, 0.42461475061, 0.093578513511, 0.44999744931]
    ],
    [
      [0.00031690412186, 0.0001478775293, 0.76487393255, 0.2346612858],
      [0.15898642777, 0.58769485802, 0.24660838939, 0.0067103248228],
      [0, 0.73494909321, 0.23263412854, 0.032416778245],
      [0, 0, 0.99565425046, 0.0043457495363],
      [0.00063886931183, 0.57530368206, 0.37117294515, 0.052884503472],
      [0.005809099557, 0.49527588002, 0.12933544426, 0.36957957617]
    ],
    [
      [0.001725458171, 0.00017758198918, 0.70570554488, 0.29239141496],
      [0.46870269245, 0.39661068304, 0.12979029056, 0.0048963339418],
      [0.0379751178, 0.81599531742, 0.11062288783, 0.035406676957],
      [0.016779740919, 0.052923801141, 0.91736002903, 0.012936428914],
      [0.0031923447267, 0.62011054734, 0.31483391371, 0.06186319422],
      [0.029375130514, 0.48966468875, 0.099693624982, 0.38126655575]
    ],
    [
      [0.0049101145244, 0.0002648605487, 0.72177963001, 0.27304539492],
      [0.94917256551, 0.042280190814, 0.008279564308, 0.00026767936561],
      [0.074726044859, 0.92527395514, 0, 0],
      [0.064041208998, 0.14994554922, 0.78011140479, 0.0059018369871],
      [0.0067650196679, 0.73149702786, 0.2241223926, 0.037615559865],
      [0.066819263664, 0.57626967785, 0.069062401005, 0.28784865749]
    ],
    [
      [0.0024445193258, 0.00012858185018, 0.76566843347, 0.23175846536],
      [0.60647801137, 0.26215612678, 0.12786523972, 0.0035006221305],
      [0.067522392843, 0.6629071183, 0.23462785951, 0.034942629352],
      [0.024940627186, 0, 0.97500461463, 5.4758180364e-05],
      [0.005345587298, 0.53386726303, 0.40322319984, 0.057563949839],
      [0.051455871905, 0.44027765337, 0.1334258497, 0.37484062503]
    ],
    [
      [0.001356703466, 0.00016030449903, 0.7471849718, 0.25129802024],
      [0.44476524651, 0.39968158675, 0.15100410436, 0.0045490623708],
      [0.032425059582, 0.81016100252, 0.12529736815, 0.032116569751],
      [0.0064113289595, 0.010708008403, 0.98056337932, 0.0023172833143],
      [0.0026298386428, 0.59518942068, 0.3475216298, 0.054659110874],
      [0.025635272394, 0.49357973479, 0.11562501858, 0.36515997423]
    ],
    [
      [0.0014045544446, 0.00013441460134, 0.67974108336, 0.31871994759],
      [0.46494644067, 0.37263151226, 0.15572218511, 0.0066998619619],
      [0.038992111753, 0.76914315602, 0.13949567536, 0.052369056868],
      [0.0085659357049, 0, 0.97755456719, 0.013879497109],
      [0.0030865547377, 0.55564996796, 0.36057604614, 0.080687431156],
      [0.026420846101, 0.40900685161, 0.10642000133, 0.45815230096]
    ],
    [
      [0.0017457247345, 0.00016935493551, 0.78645638578, 0.21162853455],
      [0.47388144147, 0.3779839621, 0.14458216746, 0.0035524289706],
      [0.039842183058, 0.80572921678, 0.12779605499, 0.026632545179],
      [0.012886221889, 0.0090937506161, 0.9774902447, 0.00052978279179],
      [0.0032639880363, 0.59692290431, 0.35447884916, 0.045334258494],
      [0.033655927924, 0.52835965581, 0.1257664173, 0.31221799897]
    ],
    [
      [0.002029294882, 0.00013273023847, 0.70269625326, 0.29514172162],
      [0.55597025142, 0.30524215892, 0.13362817955, 0.0051594101096],
      [0.055871410765, 0.73523378015, 0.16363632827, 0.045258480822],
      [0.020091734415, 0, 0.96914973476, 0.010758530827],
      [0.004457112834, 0.54809798864, 0.3726394415, 0.074805457024],
      [0.039111322331, 0.41370634268, 0.11277763728, 0.43440469771]
    ],
    [
      [0.0018594563495, 0.00013666178813, 0.66105309896, 0.3369507829],
      [0.55199306156, 0.31795651377, 0.12441220958, 0.0056382150871],
      [0.049973219946, 0.77727648033, 0.12463378282, 0.0481165169],
      [0.015529278901, 0.013533385262, 0.95352913864, 0.017408197201],
      [0.0040496214758, 0.56937798073, 0.34487922967, 0.081693168132],
      [0.033426956283, 0.40067603595, 0.09722884798, 0.46866815979]
    ],
    [
      [0.0017774055782, 0.00011737957376, 0.60200118703, 0.39610402782],
      [0.57951884573, 0.29342260439, 0.12023814851, 0.006820401381],
      [0.053892025922, 0.75798368399, 0.12664463097, 0.061479659122],
      [0.013500548244, 6.9834019882e-05, 0.9576848752, 0.02874474254],
      [0.0042947025768, 0.54595663526, 0.34649987114, 0.10324879103],
      [0.031195856841, 0.33708844741, 0.08552767315, 0.5461880226]
    ],
    [
      [0.0026188426781, 0.00016927603673, 0.79257132472, 0.20464055656],
      [0.57666086789, 0.30400908626, 0.11660922266, 0.0027208231923],
      [0.058292813607, 0.7916275355, 0.12525498562, 0.024824665274],
      [0.02988646526, 0.012732619778, 0.95711012478, 0.00027079018693],
      [0.00486862889, 0.59715405219, 0.35480171436, 0.043175604557],
      [0.049968344757, 0.52491825233, 0.12511469786, 0.29999870506]
    ],
    [
      [0.0029931501432, 0.0002050587111, 0.8253248078, 0.17147698335],
      [0.60343912986, 0.30095009312, 0.093948765328, 0.0016620116895],
      [0.062143007432, 0.85521714541, 0.07686368526, 0.0057761618991],
      [0.028433258343, 0.021909711183, 0.94435620568, 0.0053008247949],
      [0.0049055711601, 0.64914625608, 0.31658965327, 0.02935851949],
      [0.052812662647, 0.59173705034, 0.1141955534, 0.24125473361]
    ],
    [
      [0.0017506318698, 0.00012074059169, 0.68816448239, 0.30996414515],
      [0.54837804577, 0.30412560962, 0.14178695946, 0.0057093851495],
      [0.051803105859, 0.71762225654, 0.18108794321, 0.0494866944],
      [0.016137409332, 0, 0.97306217217, 0.010800418493],
      [0.0040465822924, 0.53200533055, 0.38325858506, 0.080689502103],
      [0.034327820125, 0.38572583616, 0.11164168079, 0.46830466293]
    ],
    [
      [0.0028702030456, 0.00018585164043, 0.78545013875, 0.21149380656],
      [0.57646027397, 0.31210415788, 0.10875856819, 0.0026769999572],
      [0.059290076759, 0.80076932318, 0.11577526947, 0.024165330586],
      [0.042633443433, 0.039974672802, 0.91659876881, 0.00079311495681],
      [0.0050648680972, 0.61783397818, 0.33428036159, 0.042820792134],
      [0.051546906005, 0.54044268109, 0.11721519065, 0.29079522225]
    ],
    [
      [0.0016947929713, 0.00017278774712, 0.80607525326, 0.19205716602],
      [0.46286333602, 0.38631448978, 0.14763969145, 0.0031824827573],
      [0.037837545161, 0.81093676246, 0.12782469492, 0.02340099746],
      [0.0067711173879, 0.0072626243882, 0.98593601051, 3.024771646e-05],
      [0.0031064978559, 0.60109869569, 0.35580416898, 0.039990637476],
      [0.033094536659, 0.54856286793, 0.13026975987, 0.28807283554]
    ],
    [
      [0.0015584793478, 0.00016336293121, 0.66754488689, 0.33073327083],
      [0.46227144332, 0.39781923166, 0.13384616822, 0.0060631568069],
      [0.036956341393, 0.80714400562, 0.11262955549, 0.043270097496],
      [0.012787298366, 0.059216735283, 0.90655604061, 0.021439925743],
      [0.003066533158, 0.6057945059, 0.31653331957, 0.074605641375],
      [0.026496103504, 0.44931397906, 0.094076576635, 0.4301133408]
    ],
    [
      [0.0014878007938, 0.00014327933567, 0.59326505549, 0.40510386438],
      [0.47931094332, 0.38208373296, 0.13044689064, 0.0081584330836],
      [0.033492148621, 0.82053487612, 0.062825591163, 0.083147384091],
      [0.01983473612, 0.02158174431, 0.93872747826, 0.019856041315],
      [0.0032284991614, 0.58537207887, 0.31041289967, 0.1009865223],
      [0.024566759372, 0.38265846542, 0.081321025524, 0.51145374968]
    ],
    [
      [0.0014350523046, 0.00019237390771, 0.78921267658, 0.2091598972],
      [0.40778831246, 0.44085692216, 0.14784683709, 0.0035079282921],
      [0.029524414568, 0.83226718532, 0.11500139313, 0.023207006977],
      [0.0057900218112, 0.039985845292, 0.95090861563, 0.0033155172685],
      [0.002472520865, 0.62983330493, 0.32713950783, 0.04055466637],
      [0.025925767538, 0.56502190653, 0.11770613448, 0.29134619146]
    ],
    [
      [0.0022459944117, 0.00017437563291, 0.69324701695, 0.30433261301],
      [0.53475609828, 0.34681655847, 0.11384371851, 0.0045836247367],
      [0.049682631562, 0.80343881133, 0.1095086253, 0.037369931805],
      [0.027698039146, 0.061014794417, 0.89688634114, 0.014400825299],
      [0.004216038491, 0.61602118365, 0.31400638709, 0.065756390768],
      [0.03775744984, 0.47427185971, 0.096918971384, 0.39105171906]
    ],
    [
      [0.0017405141911, 0.00016154409793, 0.68137434309, 0.31672359862],
      [0.48516402029, 0.37753777049, 0.13167350784, 0.0056247013846],
      [0.041461032926, 0.80049690436, 0.11604242812, 0.041999634586],
      [0.01715979179, 0.043031029061, 0.92277792087, 0.017031258281],
      [0.0034369557716, 0.59959393816, 0.32482366365, 0.07214544242],
      [0.030153790449, 0.45248771899, 0.098274856856, 0.4190836337]
    ],
    [
      [0.0026724620477, 7.8224835791e-05, 0.58380573561, 0.4134435775],
      [0.72875639473, 0.16547109174, 0.099803166871, 0.0059693466592],
      [0.1047598269, 0.54299913017, 0.26992621575, 0.082314827181],
      [0.048262098651, 0, 0.93750005649, 0.014237844861],
      [0.0079244201874, 0.44577495808, 0.41509509376, 0.13120552797],
      [0.050521613353, 0.24184439232, 0.090378210584, 0.61725578374]
    ],
    [
      [0.0022033959383, 0.00015561772523, 0.68999626291, 0.30764472342],
      [0.54973073113, 0.32605109493, 0.1193418754, 0.0048762985433],
      [0.053359015962, 0.78589886078, 0.119391549, 0.041350574263],
      [0.027180568941, 0.028403641588, 0.93046747054, 0.013948318928],
      [0.0044321369113, 0.58944076119, 0.33493380833, 0.071193293567],
      [0.038881599679, 0.44461813323, 0.10130206199, 0.4151982051]
    ],
    [
      [0.0041243339565, 0.00027758875828, 0.75932724806, 0.23627082923],
      [0.70099194053, 0.24577848781, 0.051931253075, 0.0012983185872],
      [0.057719774736, 0.85594204326, 0.071012135625, 0.015326046376],
      [0.05114228227, 0.15299012931, 0.79426773603, 0.0015998523875],
      [0.0053802419494, 0.72903435063, 0.23440931571, 0.031176091711],
      [0.054982421748, 0.61411487783, 0.079541364839, 0.25136133558]
    ],
    [
      [0.0024905114671, 0.00016711037911, 0.66637310529, 0.33096927287],
      [0.59716426569, 0.30267297436, 0.096303044082, 0.0038597158654],
      [0.055654141987, 0.80499209857, 0.10358158811, 0.035772171334],
      [0.036636222965, 0.059163036423, 0.89262218406, 0.011578556555],
      [0.0047842603381, 0.62421520904, 0.30572293631, 0.065277594312],
      [0.040080365224, 0.44291539145, 0.087081547548, 0.42992269578]
    ],
    [
      [0.0020763298415, 0.00017386918583, 0.79456230055, 0.20318750043],
      [0.50963603038, 0.35389384278, 0.13335280274, 0.0031173240942],
      [0.046043898452, 0.80342818455, 0.12562497756, 0.024902939441],
      [0.01753746526, 0.013258793598, 0.96883006572, 0.00037367542536],
      [0.0038133717203, 0.6014513867, 0.35192185661, 0.042813384961],
      [0.039657949061, 0.53735053506, 0.12602916222, 0.29696235366]
    ],
    [
      [0.0020684080884, 0.00015911681106, 0.71561660998, 0.28215586512],
      [0.52636425711, 0.34178433248, 0.12723372958, 0.0046176808232],
      [0.049414947087, 0.79057271791, 0.12238811997, 0.037624215033],
      [0.021079370101, 0.022700576571, 0.94525392775, 0.010966125573],
      [0.004084558143, 0.59022304658, 0.34130354183, 0.064388853444],
      [0.037404040871, 0.46519524566, 0.10785802301, 0.38954269047]
    ],
    [
      [0.0017174388444, 0.00014605642914, 0.71052651879, 0.28760998594],
      [0.49659794768, 0.3552194099, 0.14287211655, 0.0053105258763],
      [0.044245143649, 0.78358493973, 0.13093225845, 0.041237658167],
      [0.01214253769, 0.0046797339987, 0.97147057807, 0.011707150245],
      [0.0035695125014, 0.57093978717, 0.35656523405, 0.068925466275],
      [0.032258098539, 0.44383248816, 0.11115134397, 0.41275806933]
    ],
    [
      [0.0023174599867, 0.00030905187036, 0.88591494526, 0.11145854289],
      [0.42169799902, 0.46786169275, 0.10920401858, 0.0012362896479],
      [0.012673709187, 0.98529472882, 0, 0.0020315619882],
      [0.020740226208, 0.07274657918, 0.90293811207, 0.0035750825417],
      [0.0028488887447, 0.72051550639, 0.26121453617, 0.015421068698],
      [0.033836451434, 0.73397263421, 0.1064495101, 0.12574140426]
    ],
    [
      [0.0018186842452, 0.00018304333679, 0.69108788743, 0.30691038499],
      [0.61390668368, 0.29908895014, 0.084203995982, 0.0028003701958],
      [0.037258884871, 0.84794229326, 0.091846238111, 0.022952583759],
      [0.010202896679, 0.098332414417, 0.8914646889, 0],
      [0.0032075794882, 0.66226521898, 0.28387229116, 0.050654910369],
      [0.028651730406, 0.48383396357, 0.083099697578, 0.40441460844]
    ],
    [
      [0.0028956137485, 0.00015113336666, 0.69421997928, 0.3027332736],
      [0.61967641004, 0.27257959695, 0.10358869087, 0.0041553021511],
      [0.070624278768, 0.76702958111, 0.12117067297, 0.041175467147],
      [0.046021783884, 0.021780418148, 0.92036299445, 0.011834803521],
      [0.0059149053213, 0.58021160134, 0.34245734171, 0.071416151629],
      [0.051488684024, 0.43460150269, 0.10285532454, 0.41105448875]
    ],
    [
      [0.002058442577, 0.00017606713083, 0.68887537169, 0.3088901186],
      [0.51023321329, 0.36642820317, 0.1184672089, 0.0048713746469],
      [0.045358399314, 0.80829633984, 0.10852484302, 0.037820417823],
      [0.023797112225, 0.054577514765, 0.90653745933, 0.015087913678],
      [0.0038459194218, 0.61898865614, 0.31070554122, 0.066459883222],
      [0.034365817282, 0.47566856741, 0.095744049863, 0.39422156545]
    ],
    [
      [0.0012304896398, 0.00013948866161, 0.84465983923, 0.15397018247],
      [0.44416125824, 0.37111928744, 0.18177677827, 0.0029426760466],
      [0.03262310991, 0.59122513548, 0.37615175461, 0],
      [0.0069430890458, 0, 0.99305691095, 0],
      [0.0025070569437, 0.54891702178, 0.4320150708, 0.016560850476],
      [0.028733928034, 0.5330695953, 0.16161830001, 0.27657817666]
    ],
    [
      [0.00066887976897, 0.00012108563964, 0.48371694847, 0.51549308612],
      [0.37987141602, 0.45869381889, 0.14777065434, 0.013664110749],
      [0.020734513102, 0.79316180337, 0.1039801721, 0.082123511429],
      [0.0073059544879, 0.050375411642, 0.88599486685, 0.05632376702],
      [0.0016454851591, 0.57453891325, 0.28521412437, 0.13860147722],
      [0.010424573831, 0.30686973693, 0.061199677668, 0.62150601157]
    ],
    [
      [0.0026976175201, 0.00017901455761, 0.66924114058, 0.32788222735],
      [0.59982878505, 0.30451114776, 0.09175771291, 0.0039023542741],
      [0.057237280675, 0.80737887208, 0.099302778257, 0.036081068991],
      [0.04098062824, 0.07975896364, 0.86519629176, 0.014064116361],
      [0.0049694549549, 0.63394803186, 0.29514975645, 0.065932756738],
      [0.042812883034, 0.46434563108, 0.086680816478, 0.40616066941]
    ],
    [
      [0, 0.00031541636217, 0.99968458364, -0],
      [1.1102230246e-16, 0.86510518314, 0.13489481686, 0],
      [0, 1, 0, 0],
      [0, 0.20527082509, 0.79472917491, 0],
      [0, 0.79472917491, 0.20527082509, 0],
      [0, 0.9151936975, 0.084806302499, -0]
    ],
    [
      [0.0013319067395, 0.00013402392403, 0.61631439782, 0.38221967152],
      [0.45852429354, 0.38634053462, 0.14677543802, 0.0083597338201],
      [0.037228746495, 0.78025152312, 0.12310523527, 0.059414495116],
      [0.0083158178979, 0.017994780929, 0.93905805012, 0.034631351052],
      [0.0029841315723, 0.56500530613, 0.33329774804, 0.098712814257],
      [0.023226853703, 0.37813643338, 0.089439516695, 0.50919719622]
    ],
    [
      [0.0048222842053, 0.00013484560503, 0.99504287019, 0],
      [1, 0, 0, 0],
      [0.11898500287, 0.56043676723, 0.3205782299, 0],
      [0.031796114164, 0, 0.96820388584, 0],
      [0.0093064037735, 0.5488688252, 0.44182477103, 0],
      [0.14139966857, 0.64894733865, 0.20965299277, 0]
    ],
    [
      [0.0018715756051, 0.00014229999235, 0.9979861244, 0],
      [0.56087911814, 0.28814151367, 0.15097936819, 0],
      [0.015206613935, 0.67823163309, 0.30656175297, 0],
      [0.0150408096, 0.012835816463, 0.97212337394, 0],
      [0.0036293949551, 0.5494275332, 0.44694307184, 0],
      [0.056381444084, 0.7139808796, 0.22963767631, 0]
    ],
    [
      [0.0036237546432, 0.00019029317391, 0.57578433119, 0.42040162099],
      [0.65408127165, 0.27365825125, 0.067756198799, 0.0045042782975],
      [0.078029662881, 0.86765121847, 0, 0.054319118651],
      [0.052623553738, 0.02835647591, 0.89887850392, 0.020141466427],
      [0.0066034815381, 0.65428094719, 0.25196120715, 0.087154364113],
      [0.050802485549, 0.43114287189, 0.066402421051, 0.45165222151]
    ],
    [
      [0.0020243871269, 0.00035827018644, 0.99761734269, 0],
      [0.38842173096, 0.50267397106, 0.10890429798, 0],
      [0.022550093294, 0.90087082142, 0.076579085289, 0],
      [0.010567247206, 0.12808248915, 0.86135026364, 0],
      [0.0021041245393, 0.75108443755, 0.24681143791, 0],
      [0.028695591377, 0.85742764825, 0.11387676038, 0]
    ],
    [
      [0.0012211196587, 0.0001927934259, 0.78710284055, 0.21148324637],
      [0.37320655758, 0.46813595227, 0.15494472018, 0.0037127699735],
      [0.015437353568, 0.84767886874, 0.11390392497, 0.022979852728],
      [0, 0.045828347197, 0.9541716528, 0],
      [0.0021012123887, 0.63270786739, 0.32456414721, 0.040626773012],
      [0.022032140663, 0.56651707727, 0.11636284695, 0.29508793512]
    ],
    [
      [0.0028804202072, 0.00012993962056, 0.64511771565, 0.35187192452],
      [0.66080072399, 0.23789519387, 0.096562996632, 0.0047410855065],
      [0.078520494007, 0.74501081878, 0.12451213557, 0.051956551649],
      [0.043540482543, 0.0093670750967, 0.92858073814, 0.018511704217],
      [0.0064721590623, 0.55527147809, 0.34885987345, 0.089396489399],
      [0.051094205827, 0.37471248356, 0.094465044362, 0.47972826625]
    ],
    [
      [3.7568473449e-31, 0.00012518232201, 0.6421852975, 0.35768952018],
      [0, 0.70909063509, 0.27877313668, 0.012136228227],
      [0, 0.78851727313, 0.16442178677, 0.047060940103],
      [0, 0, 0.98880236118, 0.011197638815],
      [0, 0.57908153814, 0.34134904629, 0.079569415568],
      [0, 0.38455813941, 0.092163458624, 0.52327840197]
    ],
    [
      [0.0012896578632, 0.00013412813593, 0.63538871615, 0.36318749785],
      [0.45171550252, 0.38879273009, 0.15160829312, 0.0078834742629],
      [0.035978040163, 0.7820012352, 0.12629548216, 0.055725242483],
      [0.005016353294, 0.010934954004, 0.95927756753, 0.024771125173],
      [0.002870880427, 0.56372641823, 0.34102419123, 0.092378510113],
      [0.022970949821, 0.38719836009, 0.093928760917, 0.49590192917]
    ],
    [
      [0, 0, 0.62556230494, 0.37443769506],
      [0, 0.60912315832, 0.3709368101, 0.019940031578],
      [0, 0.78986152664, 0.14403601064, 0.066102462721],
      [0, 0, 0.97323284661, 0.026767153391],
      [8.3266726847e-17, 0.49125385957, 0.39774564508, 0.11100049535],
      [0, 0.25, 0.14601912067, 0.60398087933]
    ],
    [
      [0.002415767677, 0.00016562927025, 0.66275372249, 0.33466488056],
      [0.56740838527, 0.32203102112, 0.10572244381, 0.0048381498057],
      [0.064353321621, 0.83526226291, 0.055313847275, 0.045070568199],
      [0.028667123963, 0.022207575428, 0.9347229696, 0.014402331008],
      [0.0047126537519, 0.61002185821, 0.31108193811, 0.074183549934],
      [0.039950292535, 0.44392633599, 0.090656389508, 0.42546698196]
    ],
    [
      [0.0027141221807, 0.00017473461484, 0.76148244709, 0.23562869612],
      [0.57645862097, 0.30936549604, 0.11103690349, 0.0031389794986],
      [0.059086002757, 0.7943880937, 0.11818925629, 0.028336647249],
      [0.039616216711, 0.030880923739, 0.92758172425, 0.0019211353021],
      [0.0049995670804, 0.60705431373, 0.33818845566, 0.049757663524],
      [0.048999918944, 0.51111236819, 0.11414857963, 0.32573913324]
    ],
    [
      [0.0023982309297, 0.00011104452006, 0.46292151678, 0.53456920777],
      [0.6693913708, 0.24148116204, 0.080861513136, 0.0082659540223],
      [0.074139188146, 0.73821118273, 0.10027898387, 0.087370645258],
      [0.057315061667, 0.041908484573, 0.81547472743, 0.085301726332],
      [0.0061856359983, 0.55485673735, 0.28600319299, 0.15295443366],
      [0.036415576065, 0.27744231252, 0.057462224105, 0.6286798873]
    ],
    [
      [0.0011732295165, 0.00018247275882, 0.68268233606, 0.31596196167],
      [0.37680320666, 0.47376564766, 0.14307497884, 0.0063561668442],
      [0, 0.85170321315, 0.10298946824, 0.045307318609],
      [0, 0.054283497882, 0.93281713044, 0.012899371679],
      [0.0021296138505, 0.63748831166, 0.29709802466, 0.063284049829],
      [0.01913141031, 0.48831775362, 0.09134411735, 0.40120671872]
    ],
    [
      [0.010278185475, 0.00015330863391, 0.98956850589, 0],
      [1, 0, 0, 0],
      [0.2087541704, 0.66666666667, 0.12457916294, 0],
      [0.093434372202, 0, 0.9065656278, 0],
      [0.017124822631, 0.62533508129, 0.35754009607, 0],
      [0.24311812949, 0.61460695733, 0.14227491317, 0]
    ],
    [
      [0.0017112565539, 0.00013686500484, 0.66395732348, 0.33419455496],
      [0.51201353525, 0.34374618881, 0.13787177386, 0.0063685020782],
      [0.046485953288, 0.77404318653, 0.12898308614, 0.050487774035],
      [0.016156077361, 0.0082577785642, 0.95814738663, 0.017438757444],
      [0.0037369162289, 0.56208663507, 0.35007096313, 0.084105485573],
      [0.031160838314, 0.40313392491, 0.100678463, 0.46502677378]
    ],
    [
      [0.0014611393167, 0.00011374944918, 0.63525220666, 0.36317290457],
      [0.51631141873, 0.32668569791, 0.14931434931, 0.0076885340554],
      [0.045813853268, 0.70860937156, 0.16718135551, 0.078395419661],
      [0.0076906741879, 0, 0.97582143774, 0.016487888073],
      [0.0035481934298, 0.52514810532, 0.37147151202, 0.099832189229],
      [0.027488200715, 0.34819493722, 0.098853286585, 0.52546357548]
    ],
    [
      [0.0046530425275, 8.1769872472e-05, 0.65788124522, 0.33738394238],
      [0.87612692175, 0.07439251572, 0.047361976285, 0.0021185862456],
      [0.16466292694, 0.43464636272, 0.34066445888, 0.060026251452],
      [0.051556129852, 0, 0.9390628338, 0.0093810363475],
      [0.012931806453, 0.44847887988, 0.43624719244, 0.10234212123],
      [0.095115658403, 0.27254422752, 0.10685720766, 0.52548290641]
    ],
    [
      [0.0016781420249, 0.00017659703342, 0.76840883162, 0.22973642932],
      [0.45860918892, 0.39628782972, 0.1412761335, 0.0038268478571],
      [0.036882577195, 0.81555435211, 0.11996812365, 0.027594947044],
      [0.0075839544422, 0.023175399177, 0.96605323714, 0.0031874092425],
      [0.0030633518252, 0.61149965115, 0.33774977938, 0.047687217642],
      [0.030856558213, 0.5278225688, 0.11693612037, 0.32438475262]
    ],
    [
      [0, 0.0002132318912, 0.88116599246, 0.11862077565],
      [3.4260788651e-17, 0.75829909012, 0.23881930582, 0.0028816040639],
      [6.3475109007e-18, 0.89295353225, 0.10611663346, 0.00092983429525],
      [0, 0.021835133525, 0.97453617489, 0.00362869158],
      [0, 0.65498616281, 0.32474780365, 0.020266033537],
      [0, 0.68385522342, 0.1331237941, 0.18302098248]
    ],
    [
      [0.001928653707, 0.00011221537345, 0.66351548007, 0.33444365085],
      [0.57765044157, 0.27961324368, 0.13642841842, 0.0063078963223],
      [0.060399952473, 0.67312503597, 0.20184381847, 0.064631193085],
      [0.018918918442, 0, 0.96624963895, 0.014831442604],
      [0.0046805772301, 0.51326710824, 0.38860126432, 0.093451050207],
      [0.037693484555, 0.35510867497, 0.10783253432, 0.49936530615]
    ],
    [
      [0, 0, 0, 1],
      [0, 0.790197893, 0.13476573194, 0.075036375062],
      [0, 0.82581428937, 0.063260265658, 0.11092544498],
      [8.3266726847e-17, 0.020834627974, 0.9420272491, 0.037138122921],
      [0, 0.58337261065, 0.19619464591, 0.22043274344],
      [0, 0, 0, 1]
    ],
    [
      [0.0029282860206, 0.00025066920193, 0.83655102227, 0.1602700225],
      [0.52416599644, 0.37272308279, 0.10136786027, 0.0017430604963],
      [0.046909936793, 0.84802959276, 0.094778569677, 0.010281900772],
      [0.045767507104, 0.11574537881, 0.83848711409, 0],
      [0.0042005629261, 0.68197877341, 0.28797967148, 0.025840992184],
      [0.046495355351, 0.64736668942, 0.1093987545, 0.19673920073]
    ],
    [
      [0.0027800064241, 0.00018333573624, 0.68270888595, 0.31432777189],
      [0.6304552426, 0.28593854344, 0.080863531953, 0.0027426820047],
      [0.054703331563, 0.8278527195, 0.090646067494, 0.026797881445],
      [0.046418147013, 0.082042988191, 0.87002885684, 0.0015100079534],
      [0.0048884743601, 0.66042699492, 0.28288519838, 0.051799332342],
      [0.042071038815, 0.47221161491, 0.081550073265, 0.40416727301]
    ],
    [
      [0.001898960148, 0.00014094232794, 0.64673877518, 0.35122132234],
      [0.5405644854, 0.32925012967, 0.1240579374, 0.006127447529],
      [0.049926056677, 0.77831491028, 0.12103229785, 0.050726735191],
      [0.021009112573, 0.021063276531, 0.93656195946, 0.02136565144],
      [0.0040817671326, 0.57451509317, 0.33516047534, 0.086242664357],
      [0.033271616473, 0.40131296893, 0.093980243213, 0.47143517138]
    ],
    [
      [0.0026933659429, 0.00012092831451, 0.61202181032, 0.38516389543],
      [0.70873475222, 0.20546009952, 0.081311636129, 0.004493512129],
      [0.077327966864, 0.74766409696, 0.11884576617, 0.056162170006],
      [0.045791457755, 0.013514147352, 0.90926570821, 0.031428686688],
      [0.00632048684, 0.55617787467, 0.33950265835, 0.097998980137],
      [0.04703501085, 0.34689679766, 0.084642153851, 0.52142603764]
    ],
    [
      [0.0020118908186, 0.00019040363299, 0.7604732609, 0.23732444465],
      [0.48941284887, 0.38159087924, 0.12545573299, 0.0035405388909],
      [0.041474773499, 0.82010766757, 0.11165959157, 0.026757967358],
      [0.019111856531, 0.05033116739, 0.92289598279, 0.0076609932875],
      [0.0035179843687, 0.62866504361, 0.32061861294, 0.047198359085],
      [0.035047559965, 0.53746203938, 0.10992337915, 0.31756702151]
    ],
    [
      [0.00096587602713, 0.00018245994846, 0.70357031935, 0.29528134468],
      [0.34549148456, 0.49640098536, 0.15264295176, 0.0054645783223],
      [0.017049745176, 0.84662717902, 0.1043420677, 0.031981008098],
      [0, 0.046186043331, 0.94309438404, 0.01071957263],
      [0.0017310245552, 0.63968515149, 0.3016621944, 0.056921629556],
      [0.016070714615, 0.50238381258, 0.095346346563, 0.38619912625]
    ],
    [
      [0.0074419341731, 0.00024600521771, 0.99231206061, 0],
      [0.78014136616, 0.16765846715, 0.052200166689, 0],
      [0.1706828733, 0.7784948463, 0.050822280405, 0],
      [0.057499383067, 0.021299686936, 0.92120093, 0],
      [0.010396675819, 0.66586547835, 0.32373784583, 0],
      [0.13473391867, 0.72570140475, 0.13956467658, 0]
    ],
    [
      [0.0023187998128, 0.00020075373729, 0.7670767391, 0.23040370735],
      [0.51281485363, 0.36869097146, 0.11533910633, 0.0031550685765],
      [0.043549937475, 0.87262035534, 0.066844621495, 0.016985085691],
      [0.023984669319, 0.023465305182, 0.94388123395, 0.008668791547],
      [0.0039165998188, 0.64038908074, 0.31137091275, 0.044323406695],
      [0.039369612014, 0.55266058319, 0.10753186728, 0.30043793751]
    ],
    [
      [0.00095067061727, 0.00020878553184, 0.67369331488, 0.32514722897],
      [0.33227825152, 0.53784993592, 0.12462465661, 0.0052471559548],
      [0, 0.96904052357, 0.005717320618, 0.025242155809],
      [0, 0.038087281091, 0.94981478574, 0.012097933168],
      [0.0015826227242, 0.68528311265, 0.25699262816, 0.056141636459],
      [0, 0.53376058144, 0.076473409741, 0.38976600882]
    ],
    [
      [0.0033020685462, 0, 0.82355635349, 0.17314157796],
      [0.6996929964, 0.19139452306, 0.10679894375, 0.0021135367845],
      [0.093086540255, 0.60167158581, 0.27803298728, 0.027208886653],
      [0.03657042906, 0, 0.96342957094, 0],
      [0.0073685861191, 0.51109962745, 0.43628492303, 0.045246863393],
      [0.075893980549, 0.44567052921, 0.15351718268, 0.32491830756]
    ],
    [
      [0.0022820591346, 0.00013992911469, 0.68804711652, 0.30953089523],
      [0.58072598456, 0.29477655738, 0.11957265326, 0.0049248047937],
      [0.059928516265, 0.76616086382, 0.12890253565, 0.045008084263],
      [0.026649164359, 0.0056659758231, 0.95413630894, 0.013548550881],
      [0.0048806287703, 0.56398816082, 0.35504530258, 0.076085907834],
      [0.042019977205, 0.41703475778, 0.10528186217, 0.43566340284]
    ],
    [
      [0.0041808068843, 0.00013659320458, 0.74863769439, 0.24704490552],
      [0.71303826554, 0.1957026293, 0.088582371879, 0.0026767332776],
      [0.15008828459, 0.67922680563, 0.13591145108, 0.034773458692],
      [0.077937710757, 0, 0.92206228924, 0],
      [0.0088898390691, 0.54655003149, 0.38416077327, 0.060399356167],
      [0.081313124864, 0.42993286267, 0.1211539326, 0.36760007987]
    ],
    [
      [4.3936219859e-33, 0.00019299165898, 0.99980700834, 0],
      [0, 0.79456842545, 0.20543157455, 0],
      [0, 0.97561374066, 0.024386259336, 0],
      [0, 0.0034010406228, 0.99659895938, 0],
      [8.3266726847e-17, 0.81012949503, 0.18987050497, 0],
      [1.2490009027e-16, 0.88667276495, 0.11332723505, 0]
    ],
    [
      [0.0015575778993, 0.00019454629098, 0.78210642683, 0.21614144898],
      [0.43516848768, 0.42386650739, 0.1376111437, 0.0033538612205],
      [0.014369919777, 0.88394328734, 0.085230598079, 0.016456194808],
      [0.015956583828, 0.022469357637, 0.95384989704, 0.0077241614954],
      [0.0026696084423, 0.63600674078, 0.32045315376, 0.040870497025],
      [0.02762439195, 0.56134535732, 0.11307997319, 0.29795027754]
    ],
    [
      [0.0030682317301, 0.00021546251183, 0.78858187734, 0.20813442842],
      [0.56556802468, 0.33176635111, 0.10024165452, 0.0024239696958],
      [0.056033934321, 0.82003625109, 0.10284829163, 0.02108152296],
      [0.04119646457, 0.075784197159, 0.87995844551, 0.0030608927574],
      [0.0049252575739, 0.65118161833, 0.30546526339, 0.038427860707],
      [0.050789385133, 0.57720835075, 0.10856376511, 0.263438499]
    ],
    [
      [0, 0.00010321038588, 0.6612166917, 0.33868009792],
      [0, 0.65488896446, 0.33108077411, 0.014030261428],
      [0, 0.61305260664, 0.32990871754, 0.057038675826],
      [1.2168937873e-18, 0, 0.98966957667, 0.010330423327],
      [0, 0.51601499843, 0.39512975497, 0.088855246605],
      [0, 0.34978329471, 0.10857689983, 0.54163980546]
    ],
    [
      [0.0024044479888, 0.0001189931753, 0.7517190941, 0.24575746473],
      [0.62554847549, 0.24555332197, 0.12521127509, 0.0036869274525],
      [0.069704384461, 0.6164313085, 0.2968790675, 0.01698523954],
      [0.023456377004, 0, 0.976543623, 0],
      [0.0054654713739, 0.52166224901, 0.40993166305, 0.062940616566],
      [0.051142185378, 0.41554441471, 0.1311935832, 0.40211981671]
    ],
    [
      [0.0022280320039, 0.00013637825938, 0.73695520845, 0.26068038129],
      [0.57989733924, 0.28859531679, 0.12742828263, 0.0040790613452],
      [0.059236552342, 0.72946239392, 0.17353682841, 0.03776422533],
      [0.021565531038, 0, 0.97684705751, 0.0015874114549],
      [0.0047547948061, 0.55367316016, 0.37842594198, 0.063146103054],
      [0.044086282501, 0.43929984422, 0.12046455832, 0.39614931496]
    ],
    [
      [0.0027195439732, 0.00013308960873, 0.83034178942, 0.166805577],
      [0.62540428718, 0.24687884385, 0.12548857011, 0.0022282988697],
      [0.07214294093, 0.64410468015, 0.26123783371, 0.022514545208],
      [0.025643880273, 0, 0.97435611973, 0],
      [0.005719269332, 0.53508411215, 0.42011317469, 0.039083443835],
      [0.061483564985, 0.49134921512, 0.15494516986, 0.29222205004]
    ],
    [
      [0.0015680578641, 0.00029499943276, 0.86026036406, 0.13787657864],
      [0.41219163655, 0.47532162873, 0.11097113584, 0.0015155988764],
      [0.022227809626, 0.88432107963, 0.083666037976, 0.0097850727705],
      [0.015912896701, 0.1453711349, 0.83858855009, 0.00012741831192],
      [0.0019755874919, 0.72038507981, 0.25899386336, 0.018645469339],
      [0.023350094283, 0.71393091392, 0.10305682324, 0.15966216855]
    ],
    [
      [0.00044784582439, 0.00011597860251, 0.38785029155, 0.61158588403],
      [0.24376815296, 0.54783969295, 0.14175424698, 0.066637907109],
      [0, 0.80890776634, 0.083184128544, 0.10790810512],
      [0, 0.096751269285, 0.76753113069, 0.13571760002],
      [0.0011615119604, 0.59739140702, 0.23734290305, 0.16410417797],
      [0.0062318470407, 0.26930057297, 0.042839723692, 0.6816278563]
    ],
    [
      [0, 0.0001546650246, 0.99984533498, 0],
      [0, 0.7032169456, 0.2967830544, 0],
      [0, 0.87235388431, 0.12764611569, 0],
      [0, 0, 1, 0],
      [0, 0.44261098696, 0.55738901304, 0],
      [0, 0.79981315482, 0.20018684518, 0]
    ],
    [
      [0, 9.1544493153e-05, 0.79735132139, 0.20255713412],
      [0, 0.59716405416, 0.39417309646, 0.0086628493843],
      [1.6025289345e-32, 0.56908894684, 0.42506924793, 0.0058418052312],
      [0, 0.010527822902, 0.98266138107, 0.0068107960322],
      [1.3877787808e-17, 0.46876846714, 0.47654362862, 0.054687904239],
      [0, 0.40820443829, 0.16532083602, 0.42647472569]
    ],
    [
      [0.0045796647208, 0.00024978441131, 0.80578906275, 0.18938148812],
      [0.74390067275, 0.20450892697, 0.050566234043, 0.0010241662373],
      [0.077521334344, 0.90954139586, 0.0094503504312, 0.0034869193686],
      [0.043884154211, 0.026633936622, 0.92362238661, 0.0058595225615],
      [0.0065769275994, 0.69592790736, 0.26904165619, 0.028453508851],
      [0.069582991888, 0.61203274354, 0.093418638877, 0.2249656257]
    ],
    [
      [0.0018304336516, 0.0001275775386, 0.65758693834, 0.34045505047],
      [0.54445006801, 0.31522881759, 0.13397972791, 0.0063413864885],
      [0.052296093858, 0.74734417621, 0.13926424006, 0.061095489867],
      [0.016951180252, 0, 0.96790800722, 0.015140812523],
      [0.0041613444612, 0.54644925418, 0.36057207434, 0.08881732702],
      [0.033900383829, 0.38244631402, 0.10116811432, 0.48248518783]
    ],
    [
      [0.0011326585656, 0.00016387083556, 0.56585917314, 0.43284429746],
      [0.40967575529, 0.45647161142, 0.12582265263, 0.0080299806573],
      [0.026494720241, 0.8305136869, 0.092383193486, 0.050608399373],
      [0.0040375759911, 0.085209347195, 0.87808816824, 0.032664908577],
