{
  "Z_true": {},
  "V_true": [
    [21, 820, 173, 286],
    [890, 120, 1602, 40],
    [753, 133, 12684, 291],
    [327, 11618, 1239, 820],
    [44, 219, 837, 140],
    [165, 396, 796, 459]
  ],
  "p_true": [
    [0.0162, 0.6308, 0.1331, 0.22],
    [0.3356, 0.0452, 0.6041, 0.0151],
    [0.0543, 0.0096, 0.9151, 0.021],
    [0.0234, 0.8296, 0.0885, 0.0586],
    [0.0355, 0.1766, 0.675, 0.1129],
    [0.0909, 0.2181, 0.4383, 0.2528]
  ],
  "Z_est": [
    [
      [0.7154, 0.0018, 0.0187, 0.0284, 0.0062, 0.0098, 0.0364, 0.0436, 0.0178, 0.0169, 0.0187, 0.0133, 0.0658, 0.0622, 0.104, 0.0347, 0.0516, 0.0276, 0.0204, 0.0978, 0.146, 0, 0.5822, 0, 0.0009, 0.0818, 0.0498, 0.0676, 0.016, 0.0587, 0.4465, 0.0178, 0.0044, 0.0116, 0.0046, 0.1111, 0.0436, 0.0684, 0.0738, 0.1111, 0.0507, 0.1575, 0.0142, 0.1164, 0.0231, 0.2347, 0.0267],
      [13.4175, 1.2308, 10.9234, 12.307, 0.578, 14.7691, 19.1535, 53.4858, 14.642, 16.3766, 19.9435, 3.6451, 35.3097, 39.0978, 44.8718, 12.5355, 21.5895, 11.9765, 11.7192, 34.0078, 0.7324, 0, 5.8573, 1.7341, 0.7302, 50.2579, 29.2979, 19.9453, 7.4435, 22.9925, 33.2808, 7.9829, 1.9741, 3.7137, 0.7172, 85.4858, 34.4754, 19.1584, 35.2877, 39.9768, 23.6215, 2.1115, 15.8237, 55.6348, 6.031, 63.7446, 7.4329],
      [2.052, 0.1623, 1.897, 1.3799, 0.0812, 2.1094, 2.1916, 11.3456, 1.6234, 2.0999, 2.6668, 0.4772, 4.4383, 5.1844, 6.1093, 2.1333, 2.5557, 1.835, 1.5809, 8.3624, 0.1215, 0, 0.781, 0.2435, 0.096, 8.276, 4.256, 2.5163, 0.8117, 2.9222, 5.0121, 0.9741, 0.2435, 0.5832, 0.1557, 19.1543, 3.8015, 6.2173, 4.2675, 13.331, 3.7719, 0.2987, 1.7046, 5.9255, 0.6494, 6.9808, 0.8117],
      [1.8152, 0.6051, 2.1609, 3.2846, 0.3346, 3.1117, 5.6184, 8.1251, 3.7168, 2.5067, 3.371, 0.8644, 5.1862, 6.6556, 6.9149, 1.2966, 3.8032, 2.1609, 2.6795, 5.532, 0, 0, 0.7796, 1.0224, 0.1729, 8.3844, 6.3963, 8.4708, 1.7287, 10.0267, 7.2607, 3.0253, 0.7779, 0.6915, 0.1226, 9.2487, 2.6795, 1.5559, 3.371, 4.5812, 1.5559, 0.4322, 3.4575, 11.3232, 1.2966, 15.04, 1.7287]
    ],
    [
      [15.1116, 1.8263, 14.1486, 23.4327, 2.7483, 9.4887, 16.4895, 42.016, 15.2061, 7.5577, 15.1873, 10.4524, 54.3582, 47.8544, 87.4842, 29.3922, 32.2841, 20.886, 13.7413, 94.1944, 2.0682, 0, 4.1224, 0, 0.8391, 64.408, 39.4608, 50.1557, 12.4736, 33.6662, 32.9791, 14.1673, 3.3687, 10.8362, 1.3475, 103.2618, 42.016, 63.9971, 74.9374, 96.3367, 44.9821, 3.4344, 11.8186, 105.9192, 18.9023, 189.9868, 25.4061],
      [1.0119, 0.5098, 1.2412, 4.5888, 0.184, 2.2678, 1.1039, 10.2539, 3.1126, 0.506, 1.2311, 1.0856, 7.7578, 3.3117, 11.8392, 3.1851, 2.1618, 1.8344, 0.9199, 10.6276, 0.138, 0, 0.276, 1.4726, 0.4993, 8.1474, 5.2425, 3.3577, 1.4509, 2.2538, 2.2078, 1.9536, 0.295, 1.5022, 0.1185, 15.3669, 6.689, 6.7964, 12.0327, 10.347, 5.1802, 0.23, 2.1023, 21.4648, 2.675, 21.3252, 3.3253],
      [5.8215, 1.6534, 5.5569, 27.8415, 1.0585, 5.1975, 6.3507, 22.5387, 6.6154, 2.9108, 7.5187, 4.4231, 24.6709, 20.6525, 42.332, 15.3083, 12.4369, 8.203, 5.2923, 62.7758, 0.7938, 0, 1.5877, 6.1454, 0.6565, 26.1968, 16.1415, 19.3168, 5.0277, 12.9661, 12.7015, 5.8215, 1.3231, 6.616, 0.5292, 60.9335, 26.1151, 40.9429, 51.6998, 52.9347, 25.6577, 1.3231, 5.0277, 54.1691, 8.3502, 86.9614, 16.1604],
      [0.055, 0.0106, 0.0534, 0.1371, 0.0093, 0.0461, 0.0558, 0.1914, 0.0659, 0.0256, 0.0629, 0.039, 0.2131, 0.1814, 0.3446, 0.1143, 0.1172, 0.0766, 0.0465, 0.4022, 0, 0, 0.0139, 0.3821, 0.005, 0.2478, 0.1552, 0.1697, 0.0478, 0.1139, 0.1116, 0.0575, 0.0133, 0.0456, 0.0048, 0.4379, 0.18, 0.2636, 0.3302, 0.3816, 0.1799, 0.0125, 0.0514, 0.4469, 0.0725, 0.7267, 0.1082]
    ],
    [
      [6.1086, 0.0211, 1.5379, 0.3381, 0.8635, 0.1162, 7.8362, 0.5177, 0.2113, 3.3978, 0.7221, 2.1796, 2.4733, 3.4448, 4.2282, 0.9921, 7.1691, 3.4974, 0.959, 2.8109, 0.8707, 0, 0.4812, 0, 0.0106, 4.5808, 0.8354, 8.0429, 1.6302, 9.0805, 3.6804, 0.2113, 0.2068, 0.5922, 0.2889, 4.4593, 1.5191, 1.9005, 0.877, 3.1403, 1.3899, 0.1961, 0.1691, 6.3654, 1.9114, 30.4547, 1.2695],
      [0.5209, 1.1365, 8.2494, 0.8633, 1.8165, 1.2838, 6.7226, 0.8968, 1.2925, 3.6516, 0.3924, 0.2122, 0.5751, 5.4687, 1.0172, 3.6027, 4.7413, 2.0367, 1.8387, 2.3208, 0.1729, 0.2652, 1.1581, 0.316, 1.3297, 4.4678, 1.7362, 12.5777, 1.6203, 8.1706, 4.9797, 1.6001, 0.7125, 0.0602, 0.0241, 1.0671, 0.3405, 1.3678, 0.5737, 2.432, 0.2678, 0.1476, 6.9926, 9.2334, 2.7713, 6.9134, 1.0859],
      [115.6434, 37.2964, 284.5103, 429.8038, 89.9585, 179.9167, 335.4388, 425.4563, 305.8804, 308.9341, 186.2826, 61.0666, 271.6014, 389.6796, 480.6072, 89.6013, 573.0725, 287.3414, 323.4339, 262.5753, 16.9563, 13.3996, 49.9204, 48.9525, 5.6002, 576.949, 426.4133, 661.4997, 171.2632, 811.6599, 479.159, 257.974, 49.6488, 28.1008, 13.3182, 504.1142, 160.7507, 173.2294, 243.4593, 289.9037, 126.2516, 19.4863, 293.2775, 1048.3365, 208.3115, 1218.0886, 152.3264],
      [4.7271, 0.546, 3.7024, 0.9948, 0.3615, 2.6832, 3.0024, 5.1291, 2.6158, 0.0165, 1.6028, 0.5415, 2.3502, 3.4069, 4.1473, 0.8039, 0.0171, 0.1245, 0.7684, 2.293, 0, 1.3352, 0.4403, 0.7315, 0.0596, 5.0024, 7.0151, 8.8797, 1.4863, 7.0889, 4.1809, 2.2145, 0.4319, 0.2467, 0.3689, 4.3594, 1.3897, 1.5023, 2.0901, 2.5239, 1.0907, 0.17, 2.5609, 9.0647, 0.0058, 14.5433, 1.3183]
    ],
    [
      [1.3895, 0, 1.5552, 0, 1.2966, 0, 9.7524, 0, 0, 3.4035, 0, 1.1425, 8.5275, 9.3307, 12.6796, 6.5839, 8.3218, 2.0906, 1.1314, 7.8069, 0.9151, 0, 1.9112, 0, 0, 9.732, 5.1881, 6.9345, 1.9223, 6.6413, 15.1677, 1.2737, 0.5226, 1.2397, 0.3581, 6.1291, 2.8135, 8.0779, 0, 20.4418, 6.9184, 1.5768, 0, 0, 2.1543, 16.4835, 0.4293],
      [91.4847, 38.083, 102.4092, 153.2916, 49.88, 162.6816, 324.2059, 574.0177, 238.8757, 220.2338, 261.8818, 36.8975, 329.3677, 491.0634, 589.369, 100.167, 274.6146, 137.4924, 123.6699, 311.0415, 7.9566, 8.4631, 56.0327, 39.98, 7.4275, 590.3788, 313.5153, 436.1742, 114.937, 398.7545, 338.0995, 168.5543, 30.3625, 41.8667, 3.9081, 776.3219, 208.6955, 175.1896, 390.0319, 316.7886, 179.9075, 18.9523, 280.3891, 1004.8477, 145.8839, 842.3921, 143.0053],
      [5.0155, 4.562, 5.6136, 24.1655, 6.0422, 11.8254, 21.6617, 51.3287, 30.8287, 25.0993, 26.395, 2.6088, 17.1506, 7.912, 40.3655, 0, 23.2527, 9.592, 9.8686, 33.2919, 1.1283, 0.8095, 0.997, 8.1948, 0.1126, 19.2968, 46.6594, 40.5356, 12.1203, 46.5906, 33.9043, 27.4133, 4.0451, 0.6272, 0.2301, 52.2748, 7.7759, 16.0808, 25.9936, 29.5416, 10.1786, 0.1088, 5.575, 73.2801, 12.4851, 67.7185, 20.8193],
      [11.1104, 5.3551, 12.422, 19.5429, 3.7811, 23.493, 43.38, 59.6536, 26.2956, 18.2635, 24.7232, 6.3512, 36.9542, 49.694, 46.5859, 9.2491, 22.8109, 14.8251, 15.3301, 45.8597, 0, 2.7274, 6.059, 12.8252, 1.4599, 59.5924, 41.6371, 60.3557, 13.0204, 69.0135, 52.8286, 21.7587, 6.0698, 6.2664, 0.5037, 72.2743, 21.7152, 9.6517, 20.9745, 36.228, 8.9955, 2.3621, 26.0359, 76.8721, 8.4768, 96.4059, 11.746]
    ],
    [
      [0.0116, 0, 0.0098, 0.0149, 0.0033, 0.0051, 0.0191, 0.0228, 0.0093, 0.0088, 0.0098, 0.007, 0.0344, 0.0325, 0.0544, 0.0181, 0.027, 0.0144, 0.0107, 0.0511, 0, 0, 0.0037, 0, 0, 0.0428, 0.026, 0.0353, 0.0084, 0.0307, 0.0297, 0.0093, 0.0023, 0.006, 0.0009, 0.0581, 0.0228, 0.0358, 0.0386, 0.0581, 0.0265, 0.0033, 0.0074, 0.0609, 0.0121, 0.1227, 0.0139],
      [1.4204, 0, 2.9508, 7.5364, 1.9414, 5.7427, 6.2895, 16.7488, 9.6677, 5.8737, 7.1408, 2.0842, 7.2692, 20.5857, 19.9373, 3.3426, 11.3015, 5.382, 5.5025, 6.5329, 0, 0.2545, 2.6477, 0.4501, 0, 16.0099, 9.5689, 15.1863, 3.3761, 14.7753, 10.7578, 7.6108, 0.5985, 0.8478, 0.2322, 13.4147, 5.7197, 4.2203, 3.4725, 5.9815, 2.7275, 0.3272, 9.1132, 34.2659, 5.4044, 16.9669, 2.9253],
      [2.568, 0, 8.0394, 24.4487, 6.0554, 17.2522, 14.6915, 47.2285, 30.323, 16.1175, 19.8495, 6.9089, 19.6964, 36.3817, 43.0083, 9.6393, 34.6715, 16.6035, 17.4868, 15.416, 0, 0.7455, 5.3485, 0.5499, 0, 43.9473, 27.4051, 45.7784, 9.6156, 45.194, 31.2125, 18.3799, 1.3992, 2.1462, 0.7669, 37.5272, 15.2576, 10.7439, 13.4889, 12.9604, 9.246, 0.6696, 26.8793, 95.6732, 16.5835, 39.9104, 7.0608],
      [0, 0, 0, 0, 0, 0, 0, 0, 0, 0, 0, 0, 0, 0, 0, 0, 0, 0, 0, 0, 0, 0, 0, 0, 0, 0, 0, 0, 0, 0, 0, 0, 0, 0, 0, 0, 0, 0, 0, 0, 0, 0, 0, 0, 0, 0, 0]
    ],
    [
      [1.6633, 0.1508, 3.7299, 8.1859, 2.0821, 1.3802, 6.8664, 6.4, 4.5555, 4.6152, 5.0621, 1.2052, 8.5409, 9.2753, 12.4497, 1.979, 10.1466, 4.484, 7.1371, 5.0389, 0, 0, 0.8993, 0, 0.1494, 13.1547, 10.4398, 10.7639, 1.9495, 16.5226, 11.6966, 4.3206, 0.8951, 0.3143, 0, 10.9807, 2.5851, 2.9204, 7.0733, 4.912, 3.6324, 1.6319, 3.9907, 18.5381, 2.9968, 26.7176, 2.8544],
      [0.1447, 0.04, 0.2261, 0.4129, 0.6001, 0.255, 0.5246, 2.597, 0.4095, 0.3584, 0.4104, 0.0755, 0.7206, 3.4727, 0.9654, 0.167, 0.5911, 0.278, 0.3498, 0.4694, 0, 0.0172, 0.0282, 0.0473, 0.0133, 2.7382, 0.6393, 0.7588, 0.1722, 4.0532, 0.6745, 0.2983, 0.0575, 0.0094, 0, 0.3436, 0.08, 0.2675, 0.6015, 0.4741, 0.2954, 0.2314, 0.5791, 1.5534, 0.2344, 1.6578, 0.2254],
      [5.8997, 0.3259, 14.3827, 32.3606, 7.8043, 11.6988, 25.6657, 46.1022, 22.7292, 17.8386, 19.2874, 4.5154, 32.4423, 32.1898, 47.5777, 7.3179, 40.0107, 17.425, 28.3376, 17.5785, 0, 1.0455, 3.3653, 0.9139, 0.5347, 48.3341, 40.1247, 40.3531, 7.1615, 60.6672, 40.0107, 16.4372, 3.3403, 0.9266, 0, 40.996, 9.2993, 10.7856, 27.0909, 17.3286, 13.8941, 4.1135, 15.5359, 70.6155, 11.6204, 102.3404, 10.8214],
      [3.2923, 0.4833, 6.6613, 14.0406, 3.5135, 6.666, 12.9434, 20.9009, 10.3059, 8.1878, 9.2401, 2.2039, 15.2962, 17.0621, 22.0072, 3.5362, 17.2516, 7.8129, 12.1754, 9.9131, 0, 0.9373, 1.7071, 1.0388, 0.3026, 23.7731, 18.7962, 20.1241, 3.7168, 29.757, 19.6182, 7.9439, 1.7071, 0.7497, 0, 20.6797, 5.0356, 5.0265, 12.2342, 9.2853, 6.1781, 2.0232, 7.8943, 33.2931, 5.1484, 47.2841, 5.0987]
    ]
  ],
  "V_est": [
    [3.91, 967.0238, 154.1928, 174.8734],
    [1604.7513, 205.1839, 835.2573, 6.8076],
    [133.5895, 121.0238, 13486.4512, 119.9355],
    [191.8428, 11649.5441, 921.0766, 1241.5364],
    [1.0192, 334.1049, 904.8759, 0],
    [264.8873, 29.1195, 1029.1462, 492.847]
  ],
  "p_est": [
    [0.003, 0.7439, 0.1186, 0.1345],
    [0.6051, 0.0774, 0.315, 0.0026],
    [0.0096, 0.0087, 0.973, 0.0087],
    [0.0137, 0.8319, 0.0658, 0.0887],
    [0.0008, 0.2694, 0.7297, 0],
    [0.1459, 0.016, 0.5667, 0.2714]
  ],
  "EI_Z": {},
  "EI_V": 7.8925,
  "MAE_Z": {},
  "MAE_V": 229.3627,
  "MAE_p": 0.0712,
  "runtime": 0.783
}
