{
  "X": [
    [33, 48, 36, 123, 9],
    [31, 75, 52, 131, 15],
    [44, 139, 117, 219, 28],
    [23, 79, 58, 190, 18],
    [31, 71, 66, 151, 20],
    [50, 91, 89, 178, 16],
    [43, 105, 96, 136, 17],
    [35, 68, 81, 152, 10],
    [25, 88, 55, 163, 27],
    [14, 73, 43, 114, 12],
    [18, 81, 44, 112, 17],
    [34, 123, 81, 189, 19],
    [35, 120, 56, 174, 26],
    [30, 105, 125, 195, 23],
    [12, 108, 118, 148, 19],
    [10, 45, 63, 99, 8],
    [28, 94, 110, 149, 7],
    [39, 97, 90, 197, 15],
    [37, 91, 105, 193, 13],
    [24, 95, 101, 179, 6],
    [20, 80, 103, 152, 6],
    [22, 121, 67, 155, 20],
    [38, 98, 51, 163, 13],
    [37, 116, 61, 133, 20],
    [51, 114, 80, 130, 13],
    [29, 67, 87, 140, 11],
    [21, 69, 94, 136, 13],
    [29, 49, 76, 79, 13],
    [42, 43, 64, 94, 8],
    [24, 50, 42, 109, 17],
    [44, 38, 106, 148, 11],
    [35, 37, 163, 227, 21],
    [33, 37, 123, 138, 4],
    [13, 60, 122, 180, 12],
    [27, 23, 75, 111, 9],
    [19, 21, 88, 107, 4],
    [35, 22, 92, 151, 27],
    [29, 26, 99, 132, 9],
    [20, 47, 133, 151, 18],
    [20, 63, 90, 148, 15],
    [21, 79, 105, 194, 18],
    [18, 64, 101, 168, 13],
    [37, 57, 58, 182, 13],
    [30, 69, 70, 171, 16],
    [34, 54, 78, 126, 15],
    [24, 65, 92, 156, 9],
    [26, 60, 67, 124, 19],
    [46, 78, 118, 137, 14],
    [26, 67, 103, 156, 24],
    [15, 44, 83, 114, 11],
    [8, 53, 96, 73, 4],
    [28, 76, 69, 120, 7],
    [40, 81, 74, 137, 13],
    [28, 83, 53, 118, 11],
    [27, 94, 62, 139, 6],
    [10, 49, 97, 89, 7],
    [22, 86, 73, 101, 11],
    [20, 79, 62, 88, 18],
    [19, 65, 49, 109, 13],
    [19, 71, 50, 100, 7],
    [19, 76, 131, 123, 23],
    [15, 50, 76, 93, 11],
    [20, 60, 53, 67, 7],
    [21, 45, 52, 87, 9],
    [24, 54, 71, 116, 9],
    [7, 52, 89, 133, 12],
    [33, 97, 84, 140, 21],
    [19, 59, 92, 167, 20],
    [39, 76, 76, 140, 38],
    [32, 86, 108, 187, 24],
    [28, 101, 92, 184, 17],
    [37, 84, 72, 165, 28],
    [36, 89, 115, 207, 36],
    [19, 78, 51, 149, 34],
    [32, 64, 99, 166, 29],
    [37, 67, 68, 98, 23],
    [28, 66, 85, 167, 20],
    [17, 38, 74, 91, 17],
    [28, 97, 106, 151, 15],
    [37, 105, 99, 197, 10],
    [14, 56, 55, 85, 4],
    [333, 884, 1581, 1816, 179]
  ],
  "W": [
    [18, 42, 31, 51, 87, 20],
    [29, 38, 43, 76, 96, 22],
    [30, 57, 87, 155, 160, 58],
    [21, 34, 43, 86, 144, 40],
    [26, 40, 58, 79, 102, 34],
    [10, 65, 68, 102, 135, 44],
    [12, 59, 74, 110, 104, 38],
    [8, 47, 61, 94, 110, 26],
    [13, 44, 45, 99, 120, 37],
    [17, 26, 38, 83, 80, 12],
    [15, 26, 32, 100, 72, 27],
    [25, 42, 51, 137, 143, 48],
    [14, 45, 49, 131, 125, 47],
    [32, 41, 91, 120, 145, 49],
    [29, 21, 92, 111, 119, 33],
    [19, 19, 47, 50, 69, 21],
    [14, 46, 89, 112, 97, 30],
    [32, 56, 74, 93, 144, 39],
    [42, 51, 74, 111, 128, 33],
    [28, 42, 84, 115, 107, 29],
    [13, 42, 78, 90, 118, 20],
    [24, 35, 52, 123, 105, 46],
    [20, 57, 37, 115, 100, 34],
    [21, 54, 43, 121, 100, 28],
    [10, 64, 59, 127, 94, 34],
    [17, 38, 72, 72, 102, 33],
    [8, 35, 66, 90, 102, 32],
    [7, 30, 64, 54, 61, 30],
    [6, 51, 61, 42, 71, 20],
    [9, 27, 17, 60, 97, 32],
    [35, 48, 83, 46, 113, 22],
    [44, 49, 126, 63, 169, 32],
    [33, 46, 98, 45, 98, 15],
    [24, 26, 87, 76, 142, 32],
    [29, 29, 64, 26, 77, 20],
    [21, 24, 73, 23, 80, 18],
    [47, 39, 82, 33, 100, 26],
    [38, 25, 82, 31, 100, 19],
    [13, 37, 108, 77, 112, 22],
    [19, 28, 67, 81, 112, 29],
    [26, 41, 87, 95, 140, 28],
    [17, 31, 71, 71, 136, 38],
    [30, 52, 36, 79, 134, 16],
    [12, 48, 39, 74, 151, 32],
    [13, 36, 54, 57, 111, 36],
    [19, 43, 64, 84, 109, 27],
    [9, 35, 45, 68, 107, 32],
    [13, 53, 101, 92, 105, 29],
    [13, 41, 89, 81, 119, 33],
    [21, 16, 67, 56, 80, 27],
    [15, 17, 77, 60, 51, 14],
    [10, 26, 50, 91, 88, 35],
    [14, 52, 59, 98, 99, 23],
    [24, 32, 45, 93, 78, 21],
    [12, 39, 46, 97, 100, 34],
    [9, 18, 74, 60, 68, 23],
    [18, 29, 48, 102, 74, 22],
    [13, 32, 47, 95, 55, 25],
    [9, 20, 41, 80, 80, 25],
    [2, 30, 33, 77, 71, 34],
    [15, 28, 114, 95, 96, 24],
    [8, 18, 57, 64, 78, 20],
    [3, 26, 48, 69, 43, 18],
    [6, 32, 35, 55, 68, 18],
    [16, 32, 56, 63, 86, 21],
    [23, 20, 72, 71, 83, 24],
    [17, 59, 75, 98, 97, 29],
    [15, 32, 73, 80, 128, 29],
    [21, 52, 64, 93, 103, 36],
    [17, 46, 94, 101, 141, 38],
    [29, 49, 78, 121, 116, 29],
    [7, 58, 68, 105, 119, 29],
    [33, 42, 90, 106, 156, 56],
    [20, 30, 50, 90, 103, 38],
    [15, 44, 73, 84, 124, 50],
    [14, 43, 53, 88, 72, 23],
    [19, 38, 67, 88, 123, 31],
    [12, 22, 58, 61, 60, 24],
    [20, 44, 77, 112, 113, 31],
    [19, 56, 86, 126, 135, 26],
    [5, 24, 49, 66, 61, 9],
    [225, 389, 1334, 1040, 1360, 445]
  ],
  "method": "mvn_pdf",
  "cond_prob": [
    [
      [0.052986159462, 0.0032205926193, 0.062007446089, 0.83638487263, 0.045400929199],
      [0.61050838697, 0.08015065865, 0.0072040535468, 0.28011238796, 0.022024512875],
      [0.027608670461, 0.0024827861703, 0.87246039683, 0.090934246332, 0.0065139002111],
      [0.0099065920615, 0.73728646258, 0.0048925144989, 0.21654848033, 0.03136595053],
      [0.034324561429, 0.019442142117, 0.055113346081, 0.8669450276, 0.02417492277],
      [0.10287775266, 0.26028296713, 0.12453220357, 0.34466002318, 0.16764705346]
    ],
    [
      [0.05405193172, 0.0046990846218, 0.07899695166, 0.79047335981, 0.071778672191],
      [0.59101425033, 0.11328873657, 0.012502930415, 0.2499980411, 0.033196041593],
      [0.023486712491, 0.002928480373, 0.89572988168, 0.068835113694, 0.0090198117618],
      [0.0080597243975, 0.80078016387, 0.0062655025836, 0.14753610803, 0.037358501117],
      [0.036380504329, 0.0281087901, 0.077499695152, 0.81904629262, 0.038964717798],
      [0.084498016397, 0.31250425439, 0.1273383274, 0.26251130969, 0.21314809212]
    ],
    [
      [0.042831890639, 0.0031216385402, 0.10993951147, 0.78071883047, 0.063388128883],
      [0.54976669551, 0.098553777713, 0.023281944682, 0.29395019038, 0.034447391713],
      [0.014373516843, 0.0011322843548, 0.92706402723, 0.051548143004, 0.0058820285639],
      [0.0082750546267, 0.74624024748, 0.017389217679, 0.18674715532, 0.041348324893],
      [0.028868188967, 0.019395882445, 0.11206438361, 0.80635267459, 0.03331887038],
      [0.072867275337, 0.24861546939, 0.19128522968, 0.28235084108, 0.20488118451]
    ],
    [
      [0.030554129462, 0.0028852024212, 0.075737574984, 0.83687915903, 0.053943934101],
      [0.46771558331, 0.10533479073, 0.017903989947, 0.37421673405, 0.034828901956],
      [0.014134591555, 0.0017089975435, 0.89908989617, 0.078130033254, 0.0069364814795],
      [0.0063167565689, 0.72798208415, 0.009690100105, 0.21782009101, 0.03819096817],
      [0.020536541547, 0.017730270659, 0.0719031454, 0.86055241676, 0.029277625633],
      [0.058693574103, 0.25312306895, 0.14881270463, 0.34226253581, 0.1971081165]
    ],
    [
      [0.043501642396, 0.0030406037178, 0.071379797157, 0.81055488575, 0.071523070984],
      [0.55691310437, 0.088701432942, 0.013021441016, 0.30288191996, 0.038482101711],
      [0.020964191343, 0.002087393419, 0.88823923247, 0.079358117141, 0.0093510656239],
      [0.0089803311558, 0.72499108447, 0.0077498224471, 0.20893763712, 0.049341124802],
      [0.029620263088, 0.018587812707, 0.068897901605, 0.84508477276, 0.037809249845],
      [0.077817559673, 0.23769310582, 0.13134030038, 0.30890603601, 0.24424299812]
    ],
    [
      [0.049671885164, 0.0027058741279, 0.1006796642, 0.80072188663, 0.046220689882],
      [0.59730242512, 0.077875950412, 0.020023964503, 0.28170976058, 0.023087899387],
      [0.017463199575, 0.0012680346744, 0.91948475318, 0.057767324789, 0.0040166877843],
      [0.010061435093, 0.71950582174, 0.0181720871, 0.21894206248, 0.033318593585],
      [0.032455504499, 0.016734592295, 0.10244836109, 0.82519659392, 0.0231649482],
      [0.092803783125, 0.23127305332, 0.19278638224, 0.31863268315, 0.16450409816]
    ],
    [
      [0.048782667974, 0.0037856212248, 0.12837501279, 0.75887865371, 0.060178044303],
      [0.57709826354, 0.10642844573, 0.025195951706, 0.26094796552, 0.030329373508],
      [0.01420366523, 0.0016044432366, 0.93739959013, 0.041672877195, 0.0051194242047],
      [0.0085083308047, 0.77920106315, 0.018407424482, 0.15875357312, 0.03512960844],
      [0.032904535204, 0.02349774768, 0.13095999301, 0.78090049181, 0.031737232288],
      [0.077809241024, 0.27370217742, 0.20949244894, 0.25624181804, 0.18275431458]
    ],
    [
      [0.042326029951, 0.0018253766521, 0.1152051208, 0.80493015858, 0.035713314021],
      [0.57758989576, 0.058015932451, 0.026017979842, 0.31867055372, 0.019705638224],
      [0.013814148043, 0.0010964171627, 0.93285418979, 0.050218019565, 0.002017225437],
      [0.012730808176, 0.63319606886, 0.028160070647, 0.29238696968, 0.03352608264],
      [0.02893881809, 0.011608332435, 0.11741134501, 0.82538670373, 0.016654800731],
      [0.088155295016, 0.1690161413, 0.2457351466, 0.35549349819, 0.14159991889]
    ],
    [
      [0.028182013205, 0.003302155259, 0.07052482067, 0.80204896843, 0.095942042436],
      [0.44041855577, 0.11304201401, 0.01615247494, 0.36926832151, 0.061118633774],
      [0.013873254035, 0.0029593704891, 0.89144231515, 0.081791876339, 0.0099331839834],
      [0.0056161922638, 0.72405103182, 0.00675230662, 0.20473419154, 0.058846277759],
      [0.019297128351, 0.021649047498, 0.067631023357, 0.84715578538, 0.044267015412],
      [0.047547635319, 0.2316517255, 0.12090170524, 0.28966334109, 0.31023559285]
    ],
    [
      [0.026191656427, 0.0035999554379, 0.070787925433, 0.82956761434, 0.069852848364],
      [0.41732783128, 0.13856269179, 0.016901878518, 0.38084993699, 0.046357661414],
      [0.012400522019, 0.002069939924, 0.89485851898, 0.081072575148, 0.009598443925],
      [0.0039195876302, 0.77064666225, 0.0049319369845, 0.17880453242, 0.041697280714],
      [0.017039716504, 0.022275744758, 0.06785433148, 0.85524219725, 0.037588010003],
      [0.045374608091, 0.29264837555, 0.12623628472, 0.30452853062, 0.23121220103]
    ],
    [
      [0.033961123954, 0.0025986814507, 0.091414258974, 0.79990319291, 0.072122742713],
      [0.49992863983, 0.0950634107, 0.021624831897, 0.33936969604, 0.044013421532],
      [0.013264580259, 0.0010521374071, 0.91651744375, 0.061824200071, 0.0073416385081],
      [0.0076534618801, 0.71250591634, 0.015303674437, 0.21267657472, 0.051860372621],
      [0.023147220356, 0.016338446628, 0.093048455213, 0.82997338861, 0.037492489194],
      [0.060593551227, 0.22328677451, 0.16696763211, 0.30273052426, 0.24642151789]
    ],
    [
      [0.043311372884, 0.0032150717961, 0.1168847919, 0.78510357146, 0.051485191962],
      [0.5544364174, 0.099983167656, 0.024672263718, 0.29333314277, 0.027575008464],
      [0.013697001637, 0.0011983774356, 0.93196055009, 0.049027866957, 0.0041162038834],
      [0.0084394493227, 0.75475399686, 0.018742350448, 0.18553997844, 0.032524224933],
      [0.029178835777, 0.019810184404, 0.11884882498, 0.80598071366, 0.026181441181],
      [0.075074187303, 0.25885539531, 0.20726193935, 0.28912038339, 0.16968809464]
    ],
    [
      [0.044139852443, 0.0036581455361, 0.062902650316, 0.81389611431, 0.075403237392],
      [0.54911632626, 0.1042380788, 0.0095541683459, 0.29742092455, 0.03967050205],
      [0.023937410111, 0.0029932906304, 0.8725515108, 0.089635024793, 0.01088276367],
      [0.0077959446845, 0.75861290299, 0, 0.1873756591, 0.046215493233],
      [0.031391821271, 0.023238394208, 0.054839782028, 0.85039827286, 0.040131729636],
      [0.075609103744, 0.27294280018, 0.10807294761, 0.29751917301, 0.24585597546]
    ],
    [
      [0.034948012637, 0.0027492715727, 0.1329057009, 0.77000534009, 0.059391674805],
      [0.50672123409, 0.098985425031, 0.031513226868, 0.32652654836, 0.036253565653],
      [0.0098053521696, 0.00072205052436, 0.94180415811, 0.042758899792, 0.0049095394053],
      [0.0071874988198, 0.72705288318, 0.022407781118, 0.20119107096, 0.042160765922],
      [0.023369399, 0.017143975636, 0.13468258803, 0.79348013791, 0.031323899426],
      [0.060464147701, 0.22562636403, 0.23536505884, 0.28333943349, 0.19520499594]
    ],
    [
      [0.023586778629, 0.0048885407313, 0.14055000165, 0.75829317992, 0.072681499069],
      [0.3865728594, 0.17658108627, 0.036685152438, 0.35180110517, 0.048359796726],
      [0.0042402740796, 0.0023835903775, 0.94799906276, 0.039083697462, 0.006293375319],
      [0.00072586196147, 0.81161845787, 0.01761958196, 0.13396301839, 0.036073079817],
      [0.013233381026, 0.029480018393, 0.14287002979, 0.77592928878, 0.038487282015],
      [0.0349243981, 0.31312024788, 0.21152851014, 0.23698466669, 0.20344217718]
    ],
    [
      [0.02156864759, 0.0027312416354, 0.12948460833, 0.80247218389, 0.043743318557],
      [0.40018084838, 0.11723528134, 0.037561707383, 0.41265992242, 0.032362240481],
      [0.0042480982879, 0.0009067482235, 0.94542996656, 0.045925491392, 0.0034896955387],
      [0.0024121618211, 0.73053658122, 0.023218941888, 0.21258742733, 0.031244887739],
      [0.011706052062, 0.016749721682, 0.13087217274, 0.81816675011, 0.022505303399],
      [0.040893965413, 0.2378790019, 0.24760878855, 0.31767213144, 0.15594611269]
    ],
    [
      [0.030736179381, 0.0028516984595, 0.12714416414, 0.80981880795, 0.029449150072],
      [0.48086619843, 0.097717909504, 0.033016921413, 0.3712847735, 0.017114197148],
      [0.0061812818338, 0.0026714611012, 0.94200675215, 0.049140504914, 0],
      [0.0097482937759, 0.71905577924, 0.024650075484, 0.2327597425, 0.013786109008],
      [0.020563138154, 0.017576394975, 0.12798911444, 0.82444087166, 0.0094304807668],
      [0.060442699121, 0.23293782531, 0.25622832734, 0.33900254866, 0.11138859956]
    ],
    [
      [0.040378818783, 0.0038821157641, 0.086373039171, 0.82206772297, 0.047298303313],
      [0.51886241012, 0.12585855323, 0.017570252597, 0.3122148894, 0.025493894661],
      [0.017175775575, 0.0017177597196, 0.90761293031, 0.068876945498, 0.0046165888964],
      [0.0071445986575, 0.79286811946, 0.0098096138743, 0.16540520762, 0.024772460384],
      [0.027832330404, 0.023991739051, 0.084922901361, 0.83999713051, 0.023255898677],
      [0.06944287658, 0.32074445031, 0.152502048, 0.30181112795, 0.15549949717]
    ],
    [
      [0.038910937515, 0.0025920670137, 0.13170147833, 0.78827519685, 0.038520320285],
      [0.54298160911, 0.081254666431, 0.03022939087, 0.32339338953, 0.022140944068],
      [0.011214428808, 0.0011776505916, 0.94118136937, 0.044978948854, 0.0014476023802],
      [0.0094862696437, 0.70062939385, 0.025460644056, 0.23532367973, 0.029100012725],
      [0.02624029311, 0.015343087928, 0.13278487987, 0.80805195356, 0.017579785533],
      [0.073699314533, 0.20988548733, 0.25626731906, 0.31876842865, 0.14137945042]
    ],
    [
      [0.025892954083, 0.003316048738, 0.098610468967, 0.84768803997, 0.024492488243],
      [0.43678716369, 0.10046171929, 0.027908506007, 0.41921139218, 0.015631218831],
      [0.0056289626449, 0.0037490949823, 0.92583834067, 0.064783601702, 0],
      [0.0089929926983, 0.70845387437, 0.020900534221, 0.25253920553, 0.0091133931798],
      [0.017044104093, 0.018159760605, 0.09969029374, 0.86002672744, 0.0050791141213],
      [0.055144491391, 0.23991532789, 0.21468641844, 0.38452294464, 0.10573081764]
    ],
    [
      [0.022565815805, 0.0031617613747, 0.146434932, 0.79708180418, 0.030755686641],
      [0.40041480574, 0.12499265366, 0.042322733171, 0.41126077303, 0.021009034396],
      [0.0022029102523, 0.0022538265669, 0.9512732352, 0.04427002798, 0],
      [0.0027196779316, 0.74616850101, 0.024970207106, 0.20919517392, 0.016946440031],
      [0.013820368718, 0.01982042569, 0.1464618224, 0.81153329857, 0.0083640846175],
      [0.042091051559, 0.25197159269, 0.2794832531, 0.31617135058, 0.11028275207]
    ],
    [
      [0.030628842078, 0.004158248658, 0.087227299263, 0.81491316545, 0.063072444549],
      [0.44553627753, 0.14928309084, 0.020177943853, 0.34625280627, 0.038749881516],
      [0.012491918611, 0.0019348526921, 0.91136825722, 0.066785528799, 0.0074194426811],
      [0.0046743028048, 0.79712669653, 0.0083895522798, 0.15590655351, 0.03390289488],
      [0.020336775388, 0.025707973194, 0.086197126135, 0.83419379852, 0.033564326765],
      [0.050244731483, 0.32236436206, 0.14622943985, 0.28442463884, 0.19673682778]
    ],
    [
      [0.038684345094, 0.0028155706273, 0.08051714335, 0.8367173775, 0.041265563425],
      [0.53216329223, 0.089313501725, 0.017247584657, 0.33790125351, 0.023374367874],
      [0.016990501215, 0.0017187032597, 0.90353473541, 0.073513256237, 0.004242803881],
      [0.0089501752992, 0.71924165379, 0.012327189513, 0.23042432745, 0.029056653944],
      [0.026130336579, 0.017111063598, 0.079637830366, 0.85713084375, 0.019989925706],
      [0.077119208191, 0.24603913007, 0.16453969903, 0.35510024963, 0.15720171309]
    ],
    [
      [0.04558450359, 0.004825797208, 0.1105316082, 0.7570294671, 0.082028623896],
      [0.54394814337, 0.12993579118, 0.021893464362, 0.26263942139, 0.0415831797],
      [0.01534174908, 0.0025406001973, 0.92709458012, 0.047704954894, 0.0073181157063],
      [0.0080249711084, 0.80444858672, 0.013694083181, 0.13271864205, 0.041113716947],
      [0.031684858724, 0.029526152026, 0.11332637544, 0.78229542637, 0.043167187441],
      [0.066797253421, 0.30292805468, 0.1657821642, 0.23500146612, 0.22949106158]
    ],
    [
      [0.060922926888, 0.0035329480278, 0.12682437573, 0.76068899322, 0.048030756132],
      [0.63907462249, 0.086110074973, 0.022398135531, 0.23190600766, 0.020511159347],
      [0.017079818772, 0.0020134406607, 0.93460908622, 0.043280139727, 0.0030175146181],
      [0.010036659802, 0.76691197968, 0.020397776455, 0.17420699686, 0.028446587203],
      [0.039979765121, 0.022257586997, 0.12975866704, 0.78422489434, 0.023779086503],
      [0.10145681964, 0.26014112132, 0.21672079913, 0.26929907838, 0.15238218153]
    ],
    [
      [0.042173333318, 0.002932074494, 0.10113356892, 0.81103600706, 0.042725016202],
      [0.553871975, 0.092076712593, 0.021747693307, 0.30927410125, 0.023029517847],
      [0.015357126843, 0.0013020756492, 0.92230446471, 0.05799328906, 0.0030430437371],
      [0.0087370130476, 0.73878357883, 0.017043030745, 0.20704584645, 0.02839053093],
      [0.028392265532, 0.017988139332, 0.10226244209, 0.83079943129, 0.020557721764],
      [0.078943306882, 0.2524327976, 0.19365237021, 0.32229128135, 0.15268024395]
    ],
    [
      [0.027388417007, 0.0020524537896, 0.15738213845, 0.76857570673, 0.044601284027],
      [0.46549102997, 0.080533419007, 0.042266260566, 0.37980822935, 0.031901061109],
      [0.0061825433744, 0.0011796567137, 0.951626377, 0.037573605642, 0.0034378172739],
      [0.0068296734395, 0.65831673884, 0.03144007725, 0.26210849634, 0.041305014132],
      [0.017727702105, 0.013074084205, 0.15547575941, 0.78994192512, 0.023780529162],
      [0.051805079001, 0.17203094614, 0.30519213996, 0.30982522857, 0.16114660633]
    ],
    [
      [0.070478735881, 0.0028851493779, 0.12132766201, 0.73764987208, 0.067658580649],
      [0.68523154662, 0.064884727036, 0.019449489745, 0.20276451963, 0.027669716972],
      [0.017876814426, 0.0013667985844, 0.93083355549, 0.042690336286, 0.0072324952147],
      [0.011573886677, 0.72962712797, 0.021579087978, 0.18898081841, 0.048239078967],
      [0.045008382364, 0.018207358405, 0.12657812466, 0.77317364656, 0.037032488012],
      [0.11450283741, 0.2145091087, 0.20357792557, 0.25509257167, 0.21231755665]
    ],
    [
      [0.068859596056, 0.0034013735496, 0.07698991313, 0.80289670264, 0.047852414622],
      [0.66700087152, 0.076364987077, 0.010977142479, 0.22593524344, 0.019721755481],
      [0.027460638281, 0.003205304393, 0.88940601666, 0.073805638751, 0.0061224019108],
      [0.010280751214, 0.7606823908, 0.010759721396, 0.18807102693, 0.030206109661],
      [0.042445458676, 0.021839486277, 0.077002187038, 0.83343591468, 0.025276953333],
      [0.1224639962, 0.26950949553, 0.140269783, 0.30424226658, 0.16351445869]
    ],
    [
      [0.050590332783, 0.0023037554242, 0.14477314513, 0.7261913532, 0.076141413471],
      [0.61494898005, 0.066802240212, 0.027885259393, 0.25234238721, 0.038021133137],
      [0.012757437019, 0.00067627660577, 0.9447851513, 0.036792078087, 0.0049890569857],
      [0.011764782764, 0.68517219338, 0.027266506193, 0.21532296185, 0.060473555813],
      [0.03448769347, 0.014296192233, 0.14867891445, 0.76258396006, 0.039953239787],
      [0.083531090057, 0.17709521137, 0.24452959514, 0.25423581883, 0.2406082846]
    ],
    [
      [0.063883055415, 0.0016715200456, 0.13367694204, 0.75492181178, 0.045846670718],
      [0.67721693666, 0.04983245693, 0.022998277539, 0.22986011368, 0.020092215199],
      [0.015689057884, 0, 0.93745344055, 0.043277121655, 0.0035803799061],
      [0.015585431416, 0.66323166225, 0.029076895341, 0.25138540532, 0.040720605668],
      [0.040873128259, 0.011358113476, 0.13729970316, 0.78642742395, 0.024041631163],
      [0.11908613446, 0.17079161724, 0.25256138629, 0.29647374923, 0.16108711277]
    ],
    [
      [0.032544935782, 0, 0.13965607646, 0.7734787001, 0.054320287661],
      [0.5185638706, 0.040694371669, 0.03678349215, 0.36681944665, 0.037138818932],
      [0.0074198351389, 0, 0.94518029211, 0.042031623629, 0.0053682491227],
      [0.012679728276, 0.50376264074, 0.043084401624, 0.37098167192, 0.069491557444],
      [0.025621303171, 0.00052019739819, 0.14154777834, 0.80242223228, 0.029888488806],
      [0.065458463167, 0.099406751914, 0.29137915228, 0.33486241081, 0.20889322183]
    ],
    [
      [0.04077512057, 0.0024125488059, 0.1644774051, 0.76742493223, 0.024909993294],
      [0.56862983587, 0.065502595843, 0.036682045516, 0.31649131721, 0.01269420557],
      [0.0050093788378, 0.0020027672549, 0.95175845741, 0.041229396495, 0],
      [0.011526495695, 0.66280671349, 0.035922748175, 0.26775630757, 0.021987735073],
      [0.033737245595, 0.013223260604, 0.16368497928, 0.78832766794, 0.0010268465811],
      [0.078772471381, 0.17258757622, 0.33032607161, 0.31805003266, 0.10026384812]
    ],
    [
      [0.018745455344, 0.002317957926, 0.15398006865, 0.78628334476, 0.038673173318],
      [0.38140808076, 0.090702467532, 0.04870426526, 0.44766035953, 0.031524826912],
      [0.0016060659052, 0.0019873398457, 0.95263794863, 0.041620053631, 0.0021485919866],
      [0.0024884429035, 0.6553447137, 0.033255393255, 0.27350637991, 0.035405070231],
      [0.0077776361039, 0.01408358526, 0.15258070313, 0.80639015867, 0.019167916833],
      [0.037507039085, 0.17522309185, 0.31139988102, 0.3304749471, 0.14539504094]
    ],
    [
      [0.056164363593, 0.0015812200471, 0.10120845912, 0.79359160956, 0.047454347676],
      [0.64867106515, 0.051884411938, 0.018806026155, 0.25816366791, 0.022474828856],
      [0.018417561944, 6.6973847969e-05, 0.91976807616, 0.056242687683, 0.0055047003674],
      [0.014098634282, 0.65614129373, 0.02226858017, 0.26501714344, 0.04247434837],
      [0.036111132762, 0.011121926926, 0.10397566294, 0.82318843217, 0.025602845212],
      [0.11169634441, 0.17645741679, 0.20346569612, 0.33118049677, 0.17720004591]
    ],
    [
      [0.038944705502, 0.0021214429297, 0.12766324701, 0.80398791953, 0.027282685033],
      [0.55850264036, 0.063857773069, 0.029798595973, 0.3324908587, 0.015350131896],
      [0.009142564678, 0.0015784578351, 0.94127566878, 0.04800330871, 0],
      [0.010852512574, 0.65614483074, 0.028976453225, 0.2788994965, 0.025126706957],
      [0.030117438804, 0.012382667901, 0.12907511061, 0.82288823712, 0.0055365455658],
      [0.080649316706, 0.17920506577, 0.27212857867, 0.35480467533, 0.11321236353]
    ],
    [
      [0.051338976927, 0.00044366818677, 0.083023495231, 0.747332237, 0.11786162265],
      [0.6167122735, 0.037725528104, 0.017597958715, 0.2710270426, 0.05693719708],
      [0.019133420887, 0, 0.90248036354, 0.078386215576, 0],
      [0.016709593585, 0.52458427332, 0.022520863956, 0.30493311283, 0.13125215631],
      [0.042253870556, 0.0060038374242, 0.090163986034, 0.81865363844, 0.042924667545],
      [0.084213279278, 0.099853355275, 0.14033070809, 0.26728861364, 0.40831404371]
    ],
    [
      [0.069478891005, 0.0016775477293, 0.12033880316, 0.76437760125, 0.044127156863],
      [0.70343010041, 0.044854928207, 0.019335027962, 0.21458652365, 0.017793419775],
      [0.017314243383, 0.00015974524401, 0.9298368884, 0.048829273389, 0.0038598495818],
      [0.016989495767, 0.65920132053, 0.026783381643, 0.25737113691, 0.039654665154],
      [0.042773997714, 0.011452143001, 0.12471204831, 0.79784887975, 0.023212931223],
      [0.13422144916, 0.16954345445, 0.23134922473, 0.30639970655, 0.15848616511]
    ],
    [
      [0.02293757416, 0.0013579965076, 0.14977256577, 0.76192678606, 0.0640050775],
      [0.43172937463, 0.055905766289, 0.045342255427, 0.4167307055, 0.050291898161],
      [0.0049966847751, 0.0013731305477, 0.95041950116, 0.038561136809, 0.0046495467106],
      [0.0073814656531, 0.53738441122, 0.04191028567, 0.33739926475, 0.075924572712],
      [0.014688024803, 0.0087233514846, 0.15158523505, 0.79152611792, 0.033477270739],
      [0.044306867534, 0.10954179834, 0.29660676121, 0.31275655955, 0.23678801337]
    ],
    [
      [0.031855632464, 0.0020305855185, 0.12672420551, 0.78573962483, 0.053649951669],
      [0.49844897039, 0.078479016445, 0.032161918449, 0.35581105654, 0.035099038176],
      [0.0093638181916, 0.0004879646097, 0.94047564445, 0.044720872799, 0.004951699954],
      [0.0081264626729, 0.66674271652, 0.026464614155, 0.25163611798, 0.047030088673],
      [0.02143360018, 0.012555813598, 0.12854421617, 0.80855273549, 0.028913634561],
      [0.060413424031, 0.18341040085, 0.24618111184, 0.31625886676, 0.19373619652]
    ],
    [
      [0.022471118369, 0.0025190995101, 0.097119301285, 0.82141187715, 0.056478603685],
      [0.40267352751, 0.10447353974, 0.028155113156, 0.42277379931, 0.041924020279],
      [0.0069187752754, 0.001330011042, 0.92382521637, 0.061511808305, 0.0064141890123],
      [0.0033322662328, 0.69725544293, 0.018583009348, 0.23654626197, 0.044283019522],
      [0.01257303722, 0.01544985101, 0.098623876254, 0.8431002183, 0.030253017215],
      [0.043836155089, 0.21904039653, 0.19196486214, 0.33757545182, 0.20758313443]
    ],
    [
      [0.024439880988, 0.0025979334632, 0.13573889167, 0.79428587976, 0.042937414124],
      [0.4269092231, 0.10341494564, 0.038290167604, 0.40042061623, 0.03096504742],
      [0.0055291423422, 0.0012968941875, 0.94595257012, 0.044437205478, 0.0027841878694],
      [0.004311599723, 0.70759339864, 0.025428363595, 0.22980859752, 0.032858040514],
      [0.013967027726, 0.016076913568, 0.13637901141, 0.8122538117, 0.021323235592],
      [0.046108622359, 0.21663949421, 0.26289083685, 0.3196350141, 0.15472603248]
    ],
    [
      [0.040690352759, 0.0016505426317, 0.10647568501, 0.80375840196, 0.047425017638],
      [0.56359399989, 0.059304386575, 0.02454317235, 0.32467213771, 0.02788630348],
      [0.013959249967, 0.00060434949063, 0.92685320442, 0.054110605843, 0.0044725902786],
      [0.011734620712, 0.63012583702, 0.025437867295, 0.28679480071, 0.045906874262],
      [0.027795135616, 0.010442299783, 0.10907098108, 0.82722120072, 0.025470382804],
      [0.08239282596, 0.16660560888, 0.22110413422, 0.3469928011, 0.18290462984]
    ],
    [
      [0.033015461008, 0.0028297970539, 0.13511383786, 0.77287837422, 0.056162529854],
      [0.49268597286, 0.10240753176, 0.032847896011, 0.33655594198, 0.035502657385],
      [0.0089495118721, 0.0008779677788, 0.94367358597, 0.04216555458, 0.0043333798009],
      [0.0065482427632, 0.73096981868, 0.02262358014, 0.20027245756, 0.039585900858],
      [0.021733616876, 0.017204812821, 0.13651408342, 0.79438302328, 0.030164463605],
      [0.057484709207, 0.22895458903, 0.24096542368, 0.28607247786, 0.18652280023]
    ],
    [
      [0.062031518032, 0.0028676801347, 0.13366683431, 0.74137597458, 0.060057992947],
      [0.65543898333, 0.070518087518, 0.022914595171, 0.22443731638, 0.026691017601],
      [0.015833098791, 0.0011608753521, 0.93754940968, 0.040225643637, 0.0052309725364],
      [0.011380930063, 0.72951013283, 0.02304821795, 0.1932310057, 0.04282971345],
      [0.039486111646, 0.017996941093, 0.13773414716, 0.77177347222, 0.033009327877],
      [0.10308689235, 0.2161567696, 0.22798607907, 0.26192115119, 0.19084910778]
    ],
    [
      [0.025692833249, 0.0023621625742, 0.1461571411, 0.79299843443, 0.032789428652],
      [0.44982077714, 0.080943478176, 0.041108377864, 0.40494666665, 0.023180700173],
      [0.0062874880872, 0.0021361214296, 0.94955376709, 0.041625297205, 0.00039732618671],
      [0.0066660371036, 0.65474571332, 0.031844514078, 0.27804752635, 0.028696209146],
      [0.016566283405, 0.014252441975, 0.14523975648, 0.81011052691, 0.013830991232],
      [0.051906352068, 0.17724746237, 0.30288297549, 0.34067645971, 0.12728675036]
    ],
    [
      [0.041116125614, 0.0027348668567, 0.12807258824, 0.74669237422, 0.081384045072],
      [0.5509069805, 0.086830237787, 0.028077674105, 0.28924570179, 0.044939405816],
      [0.011996614158, 0.0010437432316, 0.93911371926, 0.042331037518, 0.0055148858367],
      [0.0089342807451, 0.71338391453, 0.022664599175, 0.19786841769, 0.057148787854],
      [0.028464587282, 0.017198978062, 0.13270041932, 0.78046593408, 0.041170081257],
      [0.067347530782, 0.20434258092, 0.21451166045, 0.25894890724, 0.25484932061]
    ],
    [
      [0.06307114204, 0.0026955771925, 0.12060489564, 0.76092298225, 0.052705402874],
      [0.65861163718, 0.067094288247, 0.020888798347, 0.23018260843, 0.023222667796],
      [0.0172740496, 0.00096749697386, 0.9307398246, 0.04616379981, 0.0048548290213],
      [0.01169756442, 0.72039575654, 0.022092099737, 0.20693920947, 0.038875369832],
      [0.040572043766, 0.016755672136, 0.1241360082, 0.79063356274, 0.027902713161],
      [0.11009444315, 0.21639613271, 0.21563978355, 0.28244302914, 0.17542661144]
    ],
    [
      [0.03100281246, 0.002507063082, 0.095511457327, 0.78240062932, 0.088578037809],
      [0.47846076984, 0.088206331998, 0.024282332146, 0.35311468743, 0.055935878584],
      [0.011971320773, 0.0020472546824, 0.91996530992, 0.060784098736, 0.0052320158851],
      [0.0072798262724, 0.67886060582, 0.018432014518, 0.22928776892, 0.066139784475],
      [0.021364761847, 0.016114073329, 0.098966798624, 0.82183302647, 0.041721339726],
      [0.054016719324, 0.18980179103, 0.17017638307, 0.29002622467, 0.29597888191]
    ],
    [
      [0.037620258421, 0.0018550589571, 0.11806024112, 0.79482551466, 0.047638926851],
      [0.5454805572, 0.068870722236, 0.02751613002, 0.32967619555, 0.028456394996],
      [0.012458770136, 0.00026155291544, 0.93532229503, 0.047157306102, 0.00480007582],
      [0.01037801762, 0.6605858271, 0.025470454594, 0.26088462979, 0.042681070899],
      [0.025973844687, 0.011830969298, 0.11982548616, 0.81695597092, 0.025413728934],
      [0.07364709249, 0.18156682591, 0.2370925459, 0.32993661529, 0.17775692041]
    ],
    [
      [0.020289208813, 0.0037848909844, 0.21173988488, 0.73165932928, 0.032526686043],
      [0.38885790399, 0.13657209724, 0.061860296136, 0.38824190775, 0.024467794876],
      [0, 0.0012301864466, 0.96409289844, 0.034676915109, 0],
      [0.00060745266575, 0.76836629968, 0.030131330872, 0.18567430799, 0.015220608784],
      [0.011144814077, 0.021157144735, 0.20883098718, 0.74490186573, 0.013965188274],
      [0.034303201575, 0.23898459023, 0.36277595099, 0.25888725239, 0.10504900482]
    ],
    [
      [0.064593799305, 0.0027630696501, 0.11688595099, 0.7844625204, 0.031294659651],
      [0.67339488404, 0.061661868799, 0.020106091711, 0.23317199409, 0.011665161362],
      [0.0173049658, 0.0022483794584, 0.92945521383, 0.050991440912, 0],
      [0.01248970008, 0.71458563509, 0.024592825849, 0.2310742791, 0.017257559877],
      [0.040466864389, 0.017701253875, 0.12072700678, 0.81135638741, 0.0097484875482],
      [0.12236857024, 0.21919253164, 0.2278199333, 0.31760598325, 0.11301298157]
    ],
    [
      [0.05184926311, 0.0026042602701, 0.10502928325, 0.7887004571, 0.051816736268],
      [0.61003150309, 0.074881062812, 0.020361628258, 0.26894969569, 0.025776110142],
      [0.017262389716, 0.00082674601587, 0.92294465438, 0.053884240631, 0.0050819692621],
      [0.010232819213, 0.71711811036, 0.019175836763, 0.21490856487, 0.038564668784],
      [0.03390497686, 0.01605555839, 0.10737793801, 0.81524707361, 0.02741445313],
      [0.094547050886, 0.22408139038, 0.19597403876, 0.30535389486, 0.18004362512]
    ],
    [
      [0.056725177623, 0.0038531662734, 0.081277905031, 0.80566850488, 0.052475246188],
      [0.61876081228, 0.092713744176, 0.013418946329, 0.25140270838, 0.023703788834],
      [0.023671597024, 0.0024077306893, 0.89855956175, 0.069176607664, 0.0061845028704],
      [0.0086966136029, 0.77420189257, 0.0089715909185, 0.17671755713, 0.031412345775],
      [0.03710190143, 0.023069540545, 0.080936882558, 0.83135158583, 0.02754008964],
      [0.098585452448, 0.28724457825, 0.14463375823, 0.29647454104, 0.17306167003]
    ],
    [
      [0.037984150388, 0.0039174716753, 0.097709452821, 0.82998908629, 0.030399838826],
      [0.51430311447, 0.12033879048, 0.022122036272, 0.32907116228, 0.014164896494],
      [0.013245743145, 0.0026022504418, 0.92114944811, 0.063002558308, 0],
      [0.0080494591903, 0.78444542697, 0.015063691557, 0.18346182062, 0.0089796016635],
      [0.027102776467, 0.024287520118, 0.098614473021, 0.84431316868, 0.0056820617173],
      [0.070176157596, 0.31235634008, 0.18438903399, 0.32591542605, 0.10716304229]
    ],
    [
      [0.022601035909, 0.0025232996162, 0.19532961056, 0.74212672434, 0.03741932957],
      [0.42258160642, 0.098087794458, 0.056476097181, 0.39444562464, 0.028408877301],
      [0.002091319471, 0.0029096998145, 0.95839517939, 0.035372537983, 0.0012312633402],
      [0.003707822565, 0.69427125618, 0.034188806453, 0.23696781052, 0.030864304274],
      [0.012972385088, 0.015825437657, 0.19059920697, 0.7622100353, 0.018392934981],
      [0.040468373065, 0.18539074283, 0.3605280878, 0.28499649542, 0.12861630088]
    ],
    [
      [0.042153908106, 0.0033164568603, 0.18446605001, 0.7185045481, 0.051559036921],
      [0.56035316428, 0.09712847565, 0.03796442439, 0.275941621, 0.028612314677],
      [0.0089459631091, 0.0014329128368, 0.95652103571, 0.029827048767, 0.0032730395772],
      [0.0093058517007, 0.75102775966, 0.023568710219, 0.18066610547, 0.035431572947],
      [0.028735863959, 0.019942191602, 0.18342064669, 0.74073960216, 0.027161695591],
      [0.067542311558, 0.22610202283, 0.30402258095, 0.24501088485, 0.15732219981]
    ],
    [
      [0.033740443528, 0.0030730307366, 0.13154341142, 0.74096216114, 0.090680953172],
      [0.49553208222, 0.10390381133, 0.031692046514, 0.31442156139, 0.054450498538],
      [0.0095204341078, 0.001403887769, 0.94311473741, 0.0409274846, 0.0050334561097],
      [0.0069983891379, 0.72804023358, 0.022732502949, 0.18447692389, 0.057751950445],
      [0.023036947028, 0.019069175811, 0.13624541105, 0.7760957585, 0.045552707606],
      [0.053000325815, 0.21426076213, 0.21185248467, 0.24687342708, 0.27401300031]
    ],
    [
      [0.048760165206, 0.0025320215264, 0.07970117482, 0.80973475288, 0.059271885567],
      [0.59892427981, 0.074321206235, 0.015028861069, 0.28171787639, 0.0300077765],
      [0.021099057513, 0.0011064065424, 0.89938969694, 0.070754731888, 0.0076501071213],
      [0.010382183186, 0.70779650635, 0.012022094488, 0.22411347912, 0.045685736862],
      [0.032556394966, 0.015526102622, 0.079249312009, 0.84024662094, 0.032421569462],
      [0.09130101227, 0.22318465184, 0.15221688444, 0.32113110737, 0.21216634408]
    ],
    [
      [0.031643039954, 0.0030124451407, 0.11757003126, 0.8135057235, 0.034268760145],
      [0.48320833337, 0.10861262533, 0.029805115283, 0.35885007871, 0.019523847301],
      [0.010016652949, 0.0015501528306, 0.93744879679, 0.050754918987, 0.00022947844217],
      [0.0069791229478, 0.7464401858, 0.021441107894, 0.20763307281, 0.017506510556],
      [0.021438684348, 0.019015472363, 0.11943829123, 0.82811588683, 0.011991665226],
      [0.060305156354, 0.26054260183, 0.22952388823, 0.32789997923, 0.12172837436]
    ],
    [
      [0.031725021966, 0.0029665658116, 0.13183990343, 0.72484590656, 0.10862260223],
      [0.48253346401, 0.096976136529, 0.032903536291, 0.32020905856, 0.067377804613],
      [0.00935310726, 0.0032522998732, 0.94343048444, 0.04361977495, 0.00034433347666],
      [0.0069839174361, 0.70067211286, 0.024168794178, 0.19622181027, 0.071953365255],
      [0.022054908557, 0.018824706464, 0.13848243437, 0.76953505639, 0.051102894214],
      [0.048591253028, 0.18743270677, 0.20665325248, 0.2363485845, 0.32097420322]
    ],
    [
      [0.039192265209, 0.0022047631562, 0.15896151465, 0.74071433286, 0.058927124129],
      [0.55653419972, 0.075528887253, 0.035186809755, 0.29829352839, 0.034456574881],
      [0.0097205347728, 9.7062717956e-05, 0.95046255321, 0.034562246249, 0.0051576030513],
      [0.0099948221036, 0.6865920268, 0.028811363319, 0.22503298183, 0.049568805942],
      [0.027095433549, 0.013392645704, 0.15931661048, 0.76778774772, 0.032407562546],
      [0.068083168488, 0.18153966344, 0.28239784524, 0.27226993152, 0.19570939132]
    ],
    [
      [0.04877129813, 0.0031531799362, 0.094347364943, 0.80716099583, 0.046567161156],
      [0.59169744578, 0.089909150058, 0.01810412414, 0.27711400679, 0.023175273232],
      [0.017964122307, 0.0009433471156, 0.91674567186, 0.059608509749, 0.0047383489733],
      [0.0090645109349, 0.75377229148, 0.014416479399, 0.19250382281, 0.030242895375],
      [0.032323786759, 0.019119656083, 0.095244783086, 0.82933575606, 0.023976018007],
      [0.088438919974, 0.26528825406, 0.17512198207, 0.30934128242, 0.16180956148]
    ],
    [
      [0.036574608341, 0.0022495961198, 0.15036707187, 0.75926208523, 0.05154663844],
      [0.53507519576, 0.079775622614, 0.03437963905, 0.31871319184, 0.032056350734],
      [0.0089831055902, 0.00031322815182, 0.94965234601, 0.036674074303, 0.0043772459493],
      [0.0088124680588, 0.69210013289, 0.027714612674, 0.22813377159, 0.043239014788],
      [0.024650688664, 0.013533889199, 0.1507042489, 0.78258081977, 0.028530353466],
      [0.065711378751, 0.19093931888, 0.27709024369, 0.2888421982, 0.17741686048]
    ],
    [
      [0.041825652301, 0.0025336064482, 0.11549201413, 0.7959157699, 0.044232957226],
      [0.56032400611, 0.082999874137, 0.025250964229, 0.30693409702, 0.024491058501],
      [0.013356211783, 0.00074460830833, 0.93307531796, 0.049333057186, 0.0034908047626],
      [0.0093151085706, 0.71720446633, 0.021332573894, 0.21947065349, 0.032677197712],
      [0.028137629616, 0.015645869568, 0.11737285485, 0.81642369751, 0.022419948453],
      [0.07837073909, 0.22534962368, 0.22161244953, 0.3162722009, 0.1583949868]
    ],
    [
      [0.012402570986, 0.002492241575, 0.11499514841, 0.82440151876, 0.045708520273],
      [0.31198767875, 0.090975768651, 0.040676014235, 0.51535620709, 0.041004331278],
      [0, 0.00078871167089, 0.94082052631, 0.052661445777, 0.0057293162425],
      [0, 0.62675725072, 0.029300087463, 0.29829865134, 0.045644010483],
      [0, 0.015100724767, 0.11766523839, 0.842070912, 0.025163124847],
      [0.019791137182, 0.17971878642, 0.24816635049, 0.36953862041, 0.1827851055]
    ],
    [
      [0.03274123184, 0.0041216165063, 0.086201588374, 0.79166875925, 0.085266804033],
      [0.4604534693, 0.14204355682, 0.018972654438, 0.3279429394, 0.050587380042],
      [0.013996149523, 0.0018860163834, 0.9090856309, 0.065974325416, 0.0090578777811],
      [0.0056972299789, 0.78850293741, 0.0090127168994, 0.15301653037, 0.043770585337],
      [0.022638060302, 0.025618703765, 0.086470980379, 0.82138641114, 0.043885844411],
      [0.050783198912, 0.29826238989, 0.13664940399, 0.26120073809, 0.25310426912]
    ],
    [
