{
  "Z_true": {},
  "V_true": [
    [278, 23, 190, 36, 1418, 42],
    [14, 775, 75, 332, 172, 47],
    [76, 957, 430, 5209, 489, 364],
    [841, 345, 2158, 155, 17542, 414],
    [37, 163, 717, 445, 530, 698]
  ],
  "p_true": [
    [0.1399, 0.0116, 0.0956, 0.0181, 0.7136, 0.0211],
    [0.0099, 0.5477, 0.053, 0.2346, 0.1216, 0.0332],
    [0.0101, 0.1272, 0.0571, 0.6922, 0.065, 0.0484],
    [0.0392, 0.0161, 0.1006, 0.0072, 0.8176, 0.0193],
    [0.0143, 0.0629, 0.2768, 0.1718, 0.2046, 0.2695]
  ],
  "Z_est": [
    [
      [4.7319, 2.2633, 0.3587, 16.8717, 6.2468, 18.7428, 20.8516, 17.3162, 17.7796, 12.3133, 12.417, 0.2625, 0, 5.0686, 4.9226, 2.2107, 10.6668, 16.4781, 10.7416, 5.8543, 1.7995, 0.3078, 12.5442, 0.1531, 0.1805, 1.1409, 11.8803, 5.577, 0, 4.7544, 0.9436, 4.4701, 0, 0.1487, 29.4957, 18.8275, 3.9641, 1.7492, 1.2959, 27.2693, 2.108, 16.9987, 1.4918],
      [1.2048, 0.5344, 0.6375, 4.1564, 1.3431, 4.7504, 5.1965, 5.6656, 4.2167, 4.2237, 3.9518, 0.1678, 0.5163, 0.7208, 1.4304, 0.7944, 3.6751, 4.9042, 2.7898, 2.2864, 0.7919, 0.187, 3.3276, 0.161, 0.0873, 0.378, 5.2605, 1.84, 0, 1.1415, 0.2395, 1.0769, 0.0409, 0.1076, 8.9326, 7.7797, 1.5863, 0.2069, 0.2647, 9.7763, 0.7431, 5.7734, 1.4198],
      [5.9565, 3.8555, 0.5994, 35.8314, 10.358, 37.6438, 37.7386, 34.5313, 36.8454, 36.9908, 23.1101, 0.5106, 3.1078, 5.2778, 9.1802, 2.1588, 21.4805, 31.9388, 25.8456, 16.2624, 3.6907, 2.4447, 20.7603, 0.2073, 0.9905, 0.9305, 25.8908, 15.8283, 0, 10.514, 1.0141, 5.1257, 0.5852, 0.9446, 66.8219, 56.7704, 11.698, 0.6508, 1.3852, 62.3346, 4.9243, 36.7955, 5.0088],
      [0.0352, 0.0033, 0.0119, 0.3037, 0.1513, 0.2434, 0.1832, 0.3278, 0.4357, 0.1799, 0.1273, 0.0147, 0.0028, 0.1608, 0.2371, 0.1243, 0.2766, 0.8583, 0.1055, 0, 0.0219, 0.024, 0.2411, 0.0052, 0, 0.0371, 0.3173, 0.1215, 0, 0.0569, 0.0278, 0.1245, 0.0063, 0.0077, 0.3066, 0.5526, 0.1787, 0, 0.0509, 0.8036, 0.0726, 0.2933, 0.0973],
      [7.8215, 4.1724, 2.3515, 37.5778, 15.9558, 38.2202, 38.9558, 36.6642, 41.2278, 34.2588, 24.11, 0.9352, 2.9916, 7.4288, 11.4376, 6.2709, 24.8171, 41.7491, 21.5952, 12.1751, 5.2673, 1.9492, 24.735, 0.4527, 0.7293, 2.4311, 39.9512, 12.8321, 0, 9.8483, 1.6441, 6.7721, 0.3221, 0.7371, 54.4637, 50.854, 15.623, 1.3225, 4.6008, 84.1349, 4.6749, 33.8375, 12.4158],
      [0.2501, 0.1712, 0.0411, 2.2591, 0.9449, 2.3994, 3.0743, 2.4949, 2.4948, 2.0336, 1.2838, 0.1092, 0.3816, 0.3432, 0.7921, 0.4409, 1.0839, 3.0716, 0.9223, 0.4218, 0.4287, 0.0873, 1.3917, 0.0208, 0.0125, 0.0823, 2.7, 0.8011, 0, 0.685, 0.1311, 0.4307, 0.0456, 0.0543, 2.9795, 3.2158, 0.9499, 0.0707, 0.4026, 4.6812, 0.4772, 2.3017, 0.5665]
    ],
    [
      [0.0162, 0.003, 0.0002, 0.1105, 0.0198, 0.0938, 0.0786, 0.0936, 0.1154, 0.0471, 0.0461, 0.0007, 7.9891e-33, 0.0264, 0.0342, 0.008, 0.0506, 0.0844, 0.0392, 0.0278, 0.0062, 0.0061, 0.0834, 0, 0.0008, 0.0027, 0.0359, 0.0346, 0, 0.046, 0.0023, 0.0339, 0, 0.0029, 0.1944, 0.1464, 0.0138, 0.0067, 0.0127, 0.1335, 0.0283, 0.1492, 0.0159],
      [9.4088, 1.8664, 1.9653, 59.72, 9.8759, 51.1146, 42.1822, 66.8483, 61.2682, 35.4669, 31.7538, 1.9213, 0.9547, 9.0815, 23.872, 8.4616, 39.1001, 60.353, 21.8574, 21.477, 6.5739, 8.8627, 48.9842, 0, 2.7713, 3.8348, 39.0574, 24.7082, 0, 23.5389, 1.8983, 19.6703, 1.8513, 5.5459, 119.233, 130.9554, 12.7094, 3.8222, 6.1451, 109.2534, 24.0439, 108.8641, 42.0642],
      [0.2626, 0.0643, 0.008, 2.9885, 0.4305, 2.3627, 1.7956, 2.4164, 3.0682, 1.8158, 1.0962, 0.0229, 0.0206, 0.3618, 0.8694, 0.1233, 1.3382, 2.2526, 1.1723, 0.9197, 0.1688, 0.619, 1.7868, 0, 0.1399, 0.0446, 1.1177, 1.2325, 0, 1.2261, 0.0344, 0.5304, 0.0767, 0.2423, 5.3728, 5.6981, 0.5362, 0.0596, 0.1787, 4.0708, 0.9004, 4.148, 0.8495],
      [0.0348, 0.0078, 0.0023, 0.4026, 0.0906, 0.2859, 0.2008, 0.3471, 0.5055, 0.1856, 0.121, 0.0113, 0.0021, 0.1094, 0.2821, 0.0914, 0.2403, 0.6695, 0.1174, 0.0222, 0.0194, 0.0908, 0.3017, 0, 0, 0.0266, 0.214, 0.1429, 0, 0.1194, 0.0118, 0.1838, 0.0179, 0.0307, 0.4672, 0.7983, 0.109, 0, 0.0907, 0.7576, 0.2205, 0.4868, 0.2314],
      [0.2444, 0.0498, 0.0226, 2.2103, 0.4642, 1.6895, 1.3019, 1.7657, 2.4143, 1.1837, 0.8004, 0.0276, 0.0146, 0.3489, 0.711, 0.2363, 1.0676, 1.9744, 0.6879, 0.4849, 0.172, 0.3542, 1.4822, 0, 0.0835, 0.0789, 1.2201, 0.6936, 0, 0.8285, 0.0389, 0.444, 0.0311, 0.1337, 3.0212, 3.4278, 0.4994, 0.0927, 0.4141, 3.8603, 0.5267, 2.5709, 1.5486],
      [0.0332, 0.0089, 0.0017, 0.5682, 0.119, 0.4535, 0.441, 0.5289, 0.6284, 0.3009, 0.1825, 0.0161, 0.008, 0.0719, 0.2313, 0.0794, 0.2033, 0.666, 0.126, 0.0685, 0.0596, 0.0673, 0.3617, 0, 0.0045, 0.0124, 0.355, 0.1883, 0, 0.2411, 0.0143, 0.1377, 0.023, 0.0445, 0.7113, 0.974, 0.132, 0.0187, 0.1586, 0.9244, 0.2802, 0.781, 0.2903]
    ],
    [
      [4.2747, 1.2983, 0.5406, 9.8086, 2.4605, 7.912, 13.1752, 10.4526, 6.4942, 17.3584, 8.7956, 0.0806, 3.7536e-32, 3.445, 4.4209, 1.1411, 8.714, 10.5199, 6.9428, 10.8408, 3.5444, 0.3624, 6.8459, 0.1573, 0.1148, 0.4758, 2.8914, 2.24, 6.5482e-32, 2.1276, 0.5773, 4.3369, 0, 0.2327, 22.6313, 8.7268, 2.8054, 1.9827, 1.9076, 12.1068, 1.9502, 12.6299, 0.8127],
      [3.4512, 0.8503, 2.9023, 11.5361, 2.6002, 9.845, 10.3316, 18.3114, 7.2762, 12.3593, 8.5957, 0.3124, 0.5456, 2.0301, 6.5254, 2.594, 15.9283, 14.7892, 5.8199, 6.0168, 2.1587, 0.5451, 9.2549, 0.9454, 0.3007, 1.0849, 6.6699, 3.7647, 0.5869, 1.943, 0.8427, 5.8891, 0.0506, 0.9734, 25.2326, 19.2985, 5.5297, 0.6172, 1.5155, 21.6165, 3.8343, 23.6623, 3.9425],
      [0.3654, 0.1483, 0, 2.2506, 0.3726, 1.7732, 1.6665, 2.0312, 1.3183, 2.4338, 1.0388, 0.0066, 0.0265, 0.0825, 0, 0, 1.4787, 0, 1.2919, 1.0435, 0.2, 0.1902, 1.0962, 0.0118, 0.0789, 0, 0.5181, 0.6563, 0, 0.4148, 0.0069, 0.0654, 0.0097, 0.1302, 4.1359, 2.4465, 0.6136, 0.0514, 0.081, 2.463, 0.2267, 2.7125, 0.2202],
      [47.4859, 15.0913, 18.4032, 273.9488, 80.9798, 196.4701, 170.9252, 291.5175, 201.7919, 217.1236, 114.0157, 6.2091, 5.3797, 86.6038, 202.8456, 69.9198, 282.7718, 458.0286, 109.5969, 55.7435, 23.8348, 25.1826, 178.4785, 8.1008, 4.8946, 17.6733, 118.9548, 71.1655, 8.081, 41.2163, 17.4247, 113.9309, 2.5034, 17.9686, 362.8446, 332.514, 155.4304, 5.6416, 96.5885, 481.4766, 72.1172, 334.6723, 79.1633],
      [12.6061, 3.8907, 4.7711, 64.1135, 18.5824, 46.7391, 44.8575, 63.6303, 44.0232, 59.0153, 29.4247, 0.878, 1.2951, 13.6809, 27.6129, 10.2675, 58.369, 73.6298, 26.2778, 17.5881, 8.229, 4.7569, 39.2242, 1.4551, 1.4975, 3.2316, 29.035, 14.905, 2.3321, 10.1176, 2.945, 17.0267, 0.2534, 3.4842, 84.1325, 67.2211, 32.4899, 2.1778, 19.4724, 110.4602, 11.7371, 71.6523, 20.6401],
      [1.8166, 0.721, 0.3827, 17.3423, 5.0045, 13.2606, 16.0438, 20.057, 12.0962, 15.7094, 7.1295, 0.5134, 0.7531, 3.1577, 10.5953, 4.0776, 11.7382, 28.0325, 5.0708, 2.7673, 3.0331, 0.9627, 10.1004, 0.3297, 0.1134, 0.5344, 8.9307, 4.2684, 0, 3.1808, 1.2034, 5.7511, 0.1828, 1.2109, 21.0231, 19.793, 9.131, 0.5293, 8.435, 27.8769, 6.1345, 22.6707, 4.2211]
    ],
    [
      [7.5346, 1.9238, 0.0548, 36.3443, 14.0876, 30.1148, 32.7017, 29.8469, 32.0055, 20.8518, 21.9083, 0.6405, 0, 8.7493, 11.6922, 3.0244, 24.4745, 24.3042, 16.6638, 2.5847, 2.1975, 1.1305, 28.5103, 0.6896, 0, 1.1784, 13.4953, 12.7195, 0, 7.9899, 1.438, 10.8623, 0, 0.4899, 54.6014, 29.6799, 9.7799, 1.9518, 5.6602, 49.3434, 6.1286, 43.2721, 3.3056],
      [6.53, 1.3073, 3.1874, 13.1993, 4.2691, 14.6603, 20.4424, 27.6746, 7.3997, 21.7479, 23.291, 1.5599, 0.786, 1.3121, 6.1748, 2.3396, 22.2006, 12.0961, 10.1069, 13.8573, 5.7499, 0, 17.5626, 1.8937, 0, 1.4461, 15.301, 9.9926, 0.1877, 2.4511, 0.9824, 7.3259, 0.0571, 1.02, 54.9195, 36.0685, 7.1262, 1.2157, 0.3242, 33.4863, 6.3602, 49.3257, 6.2928],
      [21.8359, 8.0194, 1.3128, 142.4079, 43.7972, 111.5002, 125.7966, 110.006, 121.87, 174.0461, 88.335, 2.4275, 3.5211, 16.442, 38.2535, 5.0999, 91.1559, 85.6105, 84.1563, 53.9102, 18.9708, 18.1449, 87.1766, 1.7809, 5.6081, 1.8526, 56.6299, 66.0709, 0, 34.3539, 2.9008, 22.5708, 2.3284, 5.8453, 255.0227, 164.6475, 53.7565, 2.1168, 11.1176, 211.5514, 26.0537, 172.9804, 21.6146],
      [0, 0, 0, 3.7852, 5.1718, 0, 0, 5.8301, 12.7384, 0, 0, 1.5847, 0, 8.9135, 22.9006, 6.8676, 12.121, 40.6927, 0, 0, 0, 2.4353, 7.541, 0.894, 0, 1.159, 3.7845, 2.8128, 0, 0, 1.3528, 10.646, 0.4724, 0.3841, 0, 13.0075, 10.8422, 0, 8.6726, 21.4548, 6.6962, 4.5674, 1.4425],
      [173.4189, 52.7744, 35.1741, 903.5211, 418.8749, 678.9572, 775.3281, 707.3862, 832.7476, 968.0077, 552.2046, 29.8379, 23.0063, 145.1389, 301.4312, 100.7454, 644.1936, 705.519, 416.6518, 235.2289, 166.2089, 90.305, 632.0017, 26.0923, 26.3045, 32.8351, 549.3568, 322.1059, 14.8123, 193.2801, 30.9907, 185.273, 9.3935, 29.1486, 1230.3125, 893.3937, 447.2124, 26.0937, 233.1885, 1764.8909, 152.775, 956.2402, 340.7168],
      [2.6806, 0.975, 0.2709, 27.7422, 12.7995, 21.7675, 31.7313, 25.2563, 26.2388, 28.3466, 14.2612, 1.9495, 1.6866, 3.4441, 11.5478, 3.923, 13.8545, 28.7775, 8.4213, 3.4189, 6.873, 1.9843, 18.2078, 0.6496, 0.0873, 0.5288, 19.4326, 10.2983, 0, 6.925, 1.3353, 6.322, 0.7486, 1.112, 33.1439, 29.2029, 14.2828, 0.622, 12.0368, 50.2732, 8.9861, 33.6141, 7.6277]
    ],
    [
      [0.4426, 0.5116, 0.0456, 3.8649, 1.1853, 5.1366, 3.193, 6.2907, 4.6054, 3.4294, 3.8331, 0.0156, 0, 1.7106, 1.9302, 0.6158, 4.0941, 4.6133, 2.6127, 1.6924, 0.4525, 0.1932, 3.0162, 0, 0.7039, 0.2022, 1.6972, 1.4289, 0, 1.0821, 0.0389, 2.2969, 0, 0.1258, 7.0772, 4.6194, 1.4368, 0.3097, 1.1235, 6.1469, 0.7848, 5.9501, 0.374],
      [0.4052, 0.4416, 0.3076, 3.3882, 0.9117, 4.6297, 2.8473, 7.5, 3.8392, 4.2022, 4.4078, 0.0387, 0.1974, 0.8554, 1.9975, 0.8103, 5.096, 4.8575, 2.4261, 2.3625, 0.7256, 0.4052, 2.8707, 0, 0.8407, 0.2563, 2.7112, 1.6945, 0.2254, 0.9255, 0.0372, 2.0378, 0, 0.3531, 7.6822, 6.8978, 2.0483, 0.138, 0.7505, 7.8675, 1.0185, 7.3745, 1.2807],
      [0.5796, 0.9125, 0.0798, 8.5216, 2.0416, 10.7201, 6.0026, 13.0151, 9.8981, 10.7135, 7.4199, 0.0324, 0.324, 1.8359, 3.697, 0.618, 8.5467, 9.1981, 6.5341, 4.8642, 0.9698, 1.6012, 5.1801, 0, 1.1826, 0.1723, 3.8436, 4.212, 0, 2.4913, 0.0438, 2.7078, 0, 0.8375, 16.6467, 14.4375, 4.3956, 0.1214, 1.2375, 14.5802, 1.8949, 13.3636, 1.3069],
      [1.444, 1.8976, 0.5826, 18.5597, 6.6066, 22.0005, 11.6908, 29.9775, 24.5285, 18.5109, 14.7361, 0.1802, 0.6154, 7.2125, 13.7347, 4.997, 22.5904, 32.751, 11.1802, 6.2343, 2.1239, 3.2673, 13.4377, 0, 0.1054, 1.1039, 11.7294, 7.7573, 0.919, 4.6074, 0.1829, 10.1148, 0, 1.6089, 28.3816, 30.1276, 13.4397, 0.3584, 9.5973, 41.5074, 4.8935, 26.9801, 6.0654],
      [3.909, 5.1127, 1.6808, 45.5774, 16.1227, 55.394, 31.5567, 70.5537, 56.587, 50.5345, 39.4602, 0.3213, 1.6924, 13.4025, 23.8072, 9.4799, 50.5527, 62.1277, 27.7873, 18.523, 7.1227, 6.6347, 31.5569, 0, 4.3851, 2.4234, 30.4368, 17.4634, 2.8556, 11.9255, 0.3813, 18.4842, 0, 3.4964, 69.07, 66.1034, 30.1753, 1.3133, 21.3242, 100.6536, 9.2863, 62.6991, 16.6787],
      [1.2195, 2.1239, 0.3036, 26.0883, 9.1322, 33.1191, 23.7096, 45.6629, 32.5418, 28.6095, 20.143, 0.4118, 2.1706, 5.9831, 15.8335, 6.479, 21.1202, 43.4525, 11.4595, 6.3236, 5.6056, 2.8984, 16.9384, 0, 0.7823, 0.842, 19.5818, 10.4439, 0, 7.9681, 0.316, 11.3584, 0, 2.5783, 36.1422, 39.8143, 17.5043, 0.7592, 17.967, 53.2443, 9.122, 40.6324, 7.2944]
    ]
  ],
  "V_est": [
    [333.198, 104.2883, 714.5393, 7.1296, 780.3149, 47.5298],
    [1.8512, 1302.9368, 52.4229, 8.0499, 39.2225, 10.5167],
    [218.1358, 282.8802, 33.6576, 5474.7105, 1179.7299, 335.886],
    [603.9319, 473.2314, 2572.5991, 218.7705, 17053.08, 533.3872],
    [88.8831, 99.6633, 196.7811, 468.3395, 1098.6526, 637.6804]
  ],
  "p_est": [
    [0.1677, 0.0525, 0.3596, 0.0036, 0.3927, 0.0239],
    [0.0013, 0.9208, 0.037, 0.0057, 0.0277, 0.0074],
    [0.029, 0.0376, 0.0045, 0.7275, 0.1568, 0.0446],
    [0.0281, 0.0221, 0.1199, 0.0102, 0.7948, 0.0249],
    [0.0343, 0.0385, 0.076, 0.1808, 0.4242, 0.2462]
  ],
  "EI_Z": {},
  "EI_V": 10.4739,
  "MAE_Z": {},
  "MAE_V": 244.1954,
  "MAE_p": 0.0758,
  "runtime": 0.002
}
