{
  "Z_true": {},
  "V_true": [
    [600, 73, 64, 1014, 481, 75],
    [25, 41, 2064, 151, 1737, 183],
    [98, 191, 755, 318, 12830, 439],
    [194, 192, 137, 4137, 729, 142],
    [81, 143, 105, 508, 661, 263],
    [39, 894, 50, 339, 650, 50],
    [39, 67, 267, 136, 1008, 694]
  ],
  "p_true": [
    [0.2601, 0.0316, 0.0277, 0.4395, 0.2085, 0.0325],
    [0.006, 0.0098, 0.4913, 0.0359, 0.4135, 0.0436],
    [0.0067, 0.0131, 0.0516, 0.0217, 0.8769, 0.03],
    [0.0351, 0.0347, 0.0248, 0.748, 0.1318, 0.0257],
    [0.046, 0.0812, 0.0596, 0.2885, 0.3754, 0.1493],
    [0.0193, 0.4421, 0.0247, 0.1677, 0.3215, 0.0247],
    [0.0176, 0.0303, 0.1208, 0.0615, 0.4559, 0.3139]
  ],
  "Z_est": [
    [
      [11.2917, 6.6422, 6.3101, 4.6495, 4.6495, 12.288, 0, 0.6642, 4.9816, 23.9119, 6.9743, 20.1581, 40.6233, 6.7509, 31.2183, 21.255, 23.9119, 19.2623, 14.9449, 5.978, 18.3358, 15.9412, 9.6841, 2.989, 20.2587, 29.8898, 7.9706, 11.5562, 12.6202, 13.6165, 3.3211, 12.288, 12.6202, 1.9886, 0.6642, 4.3174, 7.6385, 9.2991, 16.6055, 28.8935, 27.8972, 28.678, 9.6535, 2.6569, 9.9633, 6.6422, 20.5908, 0.6642, 47.0422, 7.6385, 73.7283, 17.6611],
      [0.9091, 0.5348, 0.508, 0.3743, 0.3743, 0, 0.3645, 0.0535, 0.4011, 1.9252, 0.5998, 1.6044, 0, 0.615, 2.5135, 1.7113, 1.9252, 1.6567, 1.2033, 0.4813, 1.4974, 1.2835, 0.7754, 0.2407, 1.6311, 2.4065, 0.6417, 1.0161, 1.0161, 1.0963, 0.2674, 0.9893, 1.0161, 0.3476, 0.0535, 0.3476, 0.615, 0.7487, 1.337, 2.3263, 2.2461, 4.1299, 2.9062, 0.2139, 0.8022, 0.5348, 1.1494, 0.0535, 3.9039, 0.615, 5.9361, 0],
      [0.1312, 0.0772, 0.0733, 0.054, 1.7567, 0.1428, 0, 0.0077, 0.0579, 0.4092, 0.081, 0, 0, 0.9764, 0.3628, 0.247, 0.2779, 0.2238, 0.1737, 0.0695, 0.2161, 0.1853, 0.1119, 0.0347, 0.2354, 0.3473, 0.0926, 0, 0, 0.1582, 0.0386, 0.1428, 0.1467, 2.379, 0.0077, 0.0502, 0.0888, 0.1081, 0.193, 0.3358, 0.3242, 0, 0.1351, 0.0309, 0.1158, 0.0772, 0.8608, 0.0077, 0.5635, 0.0888, 0.8568, 0.2123],
      [18.2635, 10.7433, 10.2061, 7.5203, 2.1182, 19.875, 0.5372, 1.0743, 8.0574, 38.6757, 11.2804, 32.2298, 60.1622, 12.3547, 50.4933, 34.3784, 38.6757, 31.1554, 24.1723, 9.6689, 30.3435, 25.7838, 15.5777, 4.8345, 32.7669, 48.3447, 12.8919, 21.6228, 20.4122, 22.0237, 5.3716, 19.875, 20.4122, 6.9831, 1.0743, 6.9831, 12.3547, 15.0406, 26.8581, 46.7332, 45.1217, 48.3447, 18.8007, 4.2973, 16.1149, 10.7433, 33.3041, 1.0743, 79.8716, 12.3547, 119.2501, 31.6195],
      [3.3424, 1.9661, 1.8678, 1.3763, 5.1011, 4.6266, 0.0983, 0.1966, 1.4746, 7.0779, 2.0644, 5.8983, 11.0101, 2.261, 9.2406, 6.2915, 7.0779, 5.7017, 4.4237, 1.7695, 5.5051, 4.7186, 2.8508, 0.8847, 5.9966, 8.8474, 2.3593, 3.7356, 3.8822, 4.0305, 0.983, 3.6373, 3.7356, 1.278, 0.1966, 1.278, 2.261, 2.7525, 4.9152, 8.5525, 8.2576, 8.8474, 3.4407, 0.7864, 2.9491, 1.9661, 6.0949, 0.1966, 14.3525, 2.261, 21.8236, 5.4068],
      [0.062, 0.0365, 0.0347, 0.0255, 0, 0.0675, 0, 0.0036, 0.0274, 0, 0, 0.1095, 0.2043, 0.042, 0.1715, 0.1168, 0.1314, 0, 0.0821, 0.0328, 0.1022, 0.0876, 0, 0.0164, 0.1113, 0.1642, 0.0438, 0.0693, 0.0693, 0.0748, 0.0182, 0.0675, 0.0693, 0.0237, 0.0036, 0.0237, 0.042, 0.0511, 0.0912, 0.1587, 0.1533, 0, 0.0639, 0.0146, 0.0547, 0.0365, 0, 0.0036, 0.2664, 0.042, 0.405, 0.1003]
    ],
    [
      [1.2069, 0, 0.7409, 0.4302, 0.4063, 0.478, 0, 0.0358, 0.6931, 0.8364, 0.4807, 1.6069, 6.226, 0, 1.9716, 1.5773, 2.5571, 0.944, 1.2188, 0.2031, 0, 1.1352, 0.1673, 0.478, 0.7409, 1.3503, 0.5631, 0.3585, 0.3704, 1.183, 0.7887, 1.8151, 2.4616, 0, 0, 0, 0.4952, 0.519, 0.8603, 0.8484, 0.466, 0.5855, 0.3465, 0.1553, 0.466, 0.5975, 0.5138, 0.0717, 0, 0, 6.608, 0],
      [2.0762, 0, 2.5636, 0.1905, 1.8138, 0, 0, 0.0661, 1.0929, 1.5428, 0.7895, 1.1681, 0, 0, 3.6365, 2.9092, 4.7165, 2.6399, 2.248, 0.3747, 3.1926, 2.0938, 0.3086, 0, 5.038, 2.4905, 6.4401, 0.6612, 0.6832, 0, 1.4546, 6.2185, 2.2646, 0, 1.6601, 1.5428, 0.3512, 1.675, 1.5869, 1.5648, 0.8595, 1.0799, 0.6391, 0.2865, 0.8595, 1.102, 0.9477, 0.1322, 5.3777, 1.7334, 12.1879, 0],
      [57.017, 38.3877, 35.1268, 20.1713, 19.2419, 22.581, 0, 1.6936, 32.7424, 39.5167, 15.8067, 28.9462, 56.618, 44.29, 93.1466, 77.3349, 120.8083, 44.5975, 57.5815, 9.5969, 81.8561, 53.6299, 7.9033, 20.4661, 31.329, 63.7913, 22.324, 16.9357, 17.5003, 60.1831, 37.2586, 87.5014, 116.2921, 23.71, 23.1046, 40.3532, 21.4519, 45.78, 38.8698, 40.0813, 22.0165, 14.838, 16.3712, 7.3388, 22.0165, 29.2935, 24.7638, 3.3871, 131.1311, 28.7908, 312.1823, 54.8867],
      [0, 3.7627, 0, 0, 0, 1.7354, 0, 0.064, 0, 2.2906, 0.5977, 1.1313, 2.2413, 1.5796, 3.522, 0, 4.5679, 1.6863, 2.1772, 0.3629, 4.8309, 2.0278, 0.2988, 2.9176, 1.3234, 2.412, 1.0459, 0.6404, 0.6617, 0, 1.4088, 0, 2.7513, 0.8965, 0.6507, 1.4942, 0.8111, 0, 1.5369, 1.5155, 0.8325, 14.4271, 0.619, 0.2775, 0.8325, 0, 0.9179, 0.1281, 14.7369, 1.0886, 11.804, 2.6682],
      [37.2451, 25.0759, 22.8633, 15.208, 12.538, 14.7505, 0, 1.1063, 22.8117, 25.8135, 10.3254, 19.5445, 38.7202, 27.2885, 60.846, 48.6768, 78.9154, 29.1323, 37.6139, 6.269, 53.4707, 35.0325, 5.1627, 15.6832, 22.8633, 41.6703, 18.0694, 11.0629, 11.4317, 36.5076, 24.3384, 57.7016, 75.9653, 15.4881, 19.5845, 25.8135, 14.4582, 28.026, 28.3269, 26.1822, 14.3818, 18.0694, 10.6941, 4.7939, 14.3818, 18.4382, 15.8568, 2.2126, 89.9783, 18.8069, 203.9263, 66.0229],
      [3.4548, 0.7736, 0.7054, 0, 0, 0.4551, 0, 0.0341, 0.6599, 0, 0, 0.603, 1.1946, 0.8419, 1.8772, 1.5018, 2.4347, 0, 1.1605, 0.1934, 1.6497, 1.0808, 0.1593, 0.4551, 0.7054, 1.2856, 0.5575, 0.3413, 0.3527, 1.1263, 0.7509, 1.7634, 6.2651, 1.9054, 0, 0.7964, 0.4323, 0, 0.8191, 0.8078, 0.4437, 0, 0.3299, 0.1479, 0.4437, 0.5689, 0, 0.0683, 2.776, 0.5802, 6.2915, 1.4221]
    ],
    [
      [3.7121, 0, 2.4298, 1.5706, 0.5962, 0.5078, 0, 0.9981, 1.7176, 1.9896, 0.8437, 8.6448, 10.0498, 0, 12.4031, 4.6451, 4.4129, 3.6668, 13.1925, 1.4511, 0, 3.0929, 3.5416, 0.1172, 4.7594, 9.1955, 0, 0, 3.0822, 5.4415, 0.346, 0, 6.6051, 0, 0, 0, 0.495, 0, 8.1055, 1.4242, 3.3185, 0, 0, 0.6399, 7.8535, 0.9797, 1.6311, 1.3827, 0, 0, 38.4193, 0],
      [0, 0, 1.9526, 0, 0.4791, 0, 0.0271, 0, 0, 1.9616, 0.678, 1.708, 0, 0, 7.9075, 3.5436, 5.5382, 3.3264, 0, 1.7625, 0, 4.081, 0, 0, 13.755, 3.3302, 2.0611, 1.5764, 0, 0, 2.7859, 4.5651, 0, 0, 1.1752, 0.5513, 0, 1.6543, 1.2244, 1.763, 1.3042, 2.0159, 2.0339, 3.2318, 5.5393, 7.518, 0, 0.5242, 4.8093, 1.6814, 25.6977, 0],
      [9.2932, 6.7208, 18.7048, 0, 2.8129, 1.3442, 0, 1.4964, 3.9188, 4.999, 1.7262, 0, 0, 6.8731, 18.1015, 20.5435, 27.8798, 1.5843, 20.0271, 0, 3.5969, 2.0663, 1.81, 0, 0, 12.2425, 0, 0, 0, 6.8534, 8.8203, 9.2106, 5.8155, 1.3349, 0, 16.8158, 0.7753, 14.342, 0, 25.9198, 3.6644, 0, 0, 3.7435, 0, 12.2933, 4.4207, 0, 0, 5.2793, 89.1928, 0],
      [0, 10.4631, 0, 0, 0, 2.8606, 0, 0, 0, 10.4892, 1.2838, 29.1166, 21.6798, 4.3476, 0, 0, 0, 16.1341, 9.8613, 0, 6.7884, 18.6162, 2.4338, 1.4378, 11.5729, 20.6378, 20.9577, 15.7701, 7.8541, 0, 1.4436, 0, 0, 2.3205, 0, 1.0512, 0.5653, 0, 0, 7.0328, 3.3892, 5.146, 7.6471, 0, 11.0157, 0, 11.6215, 0, 19.7785, 6.0405, 2.37, 7.8082],
      [309.1782, 270.3676, 185.0427, 69.4294, 49.1118, 100.4635, 2.9729, 51.3908, 100.0659, 197.5605, 70.4683, 132.7887, 300.2704, 173.048, 588.3713, 345.1233, 522.2053, 214.2883, 531.0944, 125.7864, 342.1054, 456.2247, 157.2146, 78.26, 328.5077, 703.6736, 203.2639, 289.6294, 260.3519, 258.4543, 77.6639, 474.8825, 478.2317, 52.5737, 128.8248, 252.8764, 41.9863, 167.0038, 555.3527, 125.8602, 183.5026, 215.8381, 215.3189, 135.3289, 287.5914, 112.5235, 127.3267, 94.4207, 700.7005, 167.1572, 1186.8369, 256.952],
      [7.8165, 4.4485, 7.8701, 0, 0, 1.824, 0, 1.1146, 0.2977, 0, 0, 0.7419, 0, 3.7313, 8.2167, 18.1445, 6.9638, 0, 9.8247, 0, 5.5093, 2.9188, 0, 4.1849, 15.405, 2.9204, 1.7173, 4.0242, 2.7118, 1.2508, 2.9402, 16.3418, 9.3477, 1.7709, 0, 0.7052, 0.1782, 0, 17.3174, 0, 2.8212, 0, 0, 0.0558, 0, 2.6855, 0, 6.6724, 4.7117, 5.8416, 22.4834, 1.2397]
    ],
    [
      [1.1043, 0, 2.1485, 0.143, 0.0817, 0.388, 0, 0.3696, 2.368, 1.644, 0.5412, 3.9601, 2.0524, 0, 2.5323, 1.3274, 2.226, 1.3377, 2.9024, 0.3472, 0, 1.4398, 1.113, 0.2246, 1.5929, 3.0021, 0, 0, 1.5419, 0.9598, 0.2757, 0.9292, 1.2049, 0, 0.1888, 0.2623, 0.2349, 0.6433, 1.695, 1.3274, 2.1954, 0, 0, 0.2349, 1.9558, 0.3778, 0.9394, 0.725, 0, 0, 4.3908, 0],
      [0.3461, 0.2905, 0.8715, 0.0865, 0.0494, 0, 0.4575, 0.0893, 0.1793, 0.9952, 1.5003, 0.7788, 0, 0.2062, 10.7439, 4.5688, 1.3475, 0.8097, 0.3596, 0.2102, 0.7974, 0.8715, 0, 0, 4.2743, 1.8173, 3.1176, 0.6243, 0, 0.2502, 0.1669, 0.5625, 0.7294, 0.0263, 0.1226, 0.2225, 0.1422, 1.3279, 1.0261, 0.8035, 0, 1.9431, 0.7294, 1.1603, 0.6243, 0.2287, 0, 0.4389, 1.8914, 0.7286, 2.6579, 0],
      [15.641, 1.4772, 0.4456, 0.2971, 0.1697, 0.8063, 0, 0.5941, 0.6153, 3.4161, 1.4604, 0, 0, 1.6367, 5.2621, 12.8381, 15.6399, 2.7796, 4.2224, 0, 2.7371, 2.9918, 2.3128, 0.4668, 0, 6.2382, 0, 0, 0, 1.9945, 0.5729, 1.9309, 2.5037, 0.7318, 0.4031, 0.8692, 0.488, 8.6169, 0, 2.9846, 0, 0, 0, 0.488, 1.617, 6.5658, 1.9521, 0, 0, 1.6975, 9.1238, 2.1218],
      [26.061, 34.4496, 12.7166, 10.2616, 5.8638, 27.8528, 0.9797, 20.5231, 19.1842, 122.5903, 38.8474, 92.3541, 156.0433, 35.9155, 144.9618, 81.4411, 148.773, 99.7474, 145.8609, 17.9124, 94.5531, 103.3487, 79.8937, 16.1253, 114.3432, 215.493, 73.9404, 76.8702, 110.6784, 67.9506, 19.7902, 57.7507, 86.4904, 20.0475, 13.9264, 26.3869, 16.8583, 39.7516, 117.3525, 95.286, 154.4673, 123.1389, 86.4904, 15.8401, 74.0299, 21.3391, 70.6203, 49.2806, 233.906, 58.6376, 315.1768, 74.9362],
      [11.2537, 9.4451, 4.2201, 2.8134, 1.6077, 7.8713, 0.5628, 5.6268, 5.8278, 32.3544, 10.6508, 25.3208, 40.3927, 9.847, 49.8378, 26.1247, 43.809, 26.3256, 39.9908, 15.5303, 25.9237, 28.3352, 25.6805, 4.5571, 31.3496, 59.0819, 20.0959, 20.2968, 34.4821, 20.1694, 5.4259, 27.2368, 23.7131, 5.4259, 3.8182, 7.2345, 4.6221, 12.6604, 41.2018, 26.1247, 52.2182, 42.918, 30.7802, 4.6221, 20.2968, 7.4355, 18.4882, 14.2681, 61.4934, 16.0767, 86.4123, 20.0959],
      [1.5938, 1.3377, 0.5977, 0.3985, 0.2277, 1.0815, 0, 0.7969, 0.8254, 0, 0, 3.5861, 2.5115, 1.3946, 34.662, 3.7, 6.2046, 0, 5.6638, 0, 4.9887, 4.013, 0, 0.6261, 4.44, 8.3676, 2.8461, 3.2086, 4.2977, 2.6754, 0.7685, 2.59, 3.3584, 0.7685, 0.5408, 1.0246, 0.6546, 0, 4.7246, 3.4737, 6.1192, 0, 0, 0.6546, 2.4762, 1.0531, 0, 6.2875, 8.7092, 2.8596, 12.2384, 2.8461]
    ],
    [
      [0.0887, 0.04, 0.0515, 0.0458, 0.0086, 0.0515, 0, 0.8291, 0.0172, 0.1001, 0.0143, 0.0629, 0.0915, 0, 0.2803, 0.1401, 0.226, 0.1001, 0.226, 0.0515, 0, 0.1459, 0.9885, 0.0114, 0.1831, 0.2975, 0.0601, 0, 0.1945, 0.0686, 0.0172, 0.1001, 0.0887, 0.0114, 0.0086, 0.0744, 0.0057, 0.1087, 0.1316, 0.0486, 0.123, 0.1316, 0, 0.0515, 0.0772, 0.0458, 0.0543, 0.0572, 0.2603, 0.0195, 0.3203, 0.0372],
      [0.7179, 0.3242, 0.4169, 0.3705, 0.0695, 0, 0.1509, 0, 0.139, 0.8106, 0.1158, 0.5095, 0.7411, 0.6484, 2.2696, 1.1348, 1.8295, 0.8106, 1.8295, 0.4169, 1.3201, 1.1811, 0.5558, 0.0926, 1.5131, 2.4085, 0.4863, 1.2043, 0, 0.5558, 0.139, 0.8106, 0.7179, 0.0926, 0.0695, 0.6021, 0.0463, 0.88, 1.0653, 0.3937, 0.9958, 1.2315, 0.8569, 0.4169, 0.6253, 0.3705, 0.44, 0.4632, 2.1074, 0.657, 2.5938, 0.3011],
      [0.015, 0.0068, 0.0087, 0.0077, 0.0015, 0.0087, 0, 0.014, 0.0029, 0.0169, 0.0024, 0.0106, 0.0155, 0.0936, 0.0474, 0.0237, 0.0382, 0.0169, 0.0382, 0.0087, 0.0276, 0.0247, 0.0116, 0.0019, 0, 0.0503, 0.0102, 0, 0, 0.0116, 0.0029, 0.0169, 0.015, 0.0019, 0.0015, 0.0126, 0.001, 0.0184, 0.0223, 0.0082, 0.0208, 0.0223, 0, 0.0087, 0.0131, 0.0077, 0.0092, 0.0097, 0.044, 0.0126, 0.0542, 0.0063],
      [14.9773, 6.764, 8.6965, 5.6972, 1.4494, 9.1134, 0.4831, 13.9365, 2.8988, 16.9099, 2.4157, 10.6291, 15.4605, 13.5279, 47.3477, 23.6739, 38.1681, 16.9099, 38.1681, 8.6965, 27.702, 24.6401, 11.5954, 1.9326, 30.921, 50.2466, 10.1459, 25.2972, 34.4612, 11.5954, 2.8988, 16.9099, 14.9773, 1.9326, 1.4494, 12.5616, 0.9663, 18.3593, 22.2244, 8.2134, 20.775, 22.2244, 22.5453, 8.6965, 13.0448, 7.7302, 9.1797, 9.6628, 43.9657, 12.5616, 54.1117, 6.2808],
      [11.3456, 5.1238, 6.5878, 8.3026, 1.098, 6.5878, 0.366, 10.6136, 2.1959, 12.8096, 1.8299, 8.0517, 11.7116, 10.2476, 35.8668, 17.9334, 28.913, 12.8096, 28.913, 6.5878, 20.8613, 18.6654, 8.7837, 1.4639, 23.4232, 38.0627, 7.6857, 19.0313, 24.8871, 8.7837, 2.1959, 12.8096, 11.3456, 1.4639, 1.098, 9.5157, 0.732, 13.9075, 16.8354, 6.2218, 15.7375, 16.8354, 13.5415, 6.5878, 9.8817, 5.8558, 6.9538, 7.3197, 33.3048, 9.5157, 40.9906, 4.7578],
      [3.8555, 1.7412, 2.2387, 1.5762, 0.3731, 2.2387, 0, 3.6067, 0.7462, 4.353, 0.6219, 2.7361, 3.9798, 3.4824, 12.1883, 6.0941, 9.8252, 4.353, 9.8252, 2.2387, 7.0891, 6.3429, 2.0651, 0.4975, 7.9597, 12.9345, 2.6118, 6.4672, 8.4572, 2.9849, 0.7462, 4.353, 3.8555, 0.4975, 0.3731, 3.2336, 0.2487, 4.7261, 5.721, 2.1143, 5.3479, 5.5548, 0.0563, 2.2387, 3.358, 1.9899, 2.363, 2.4874, 11.3177, 3.2336, 13.9294, 1.6168]
    ],
    [
      [0.4567, 0.3178, 0.2491, 0.1384, 0.1245, 0.2491, 0, 0.083, 0.1799, 0.4151, 0.1107, 0.512, 0.8164, 0.2491, 1.3284, 0.8995, 1.3976, 0.5812, 1.3146, 0.3044, 0.6642, 1.107, 0.4705, 0.1245, 1.3146, 1.024, 0.3736, 0, 0.7543, 0.6227, 0.1937, 0.6919, 0.7888, 0, 0.1384, 0.3459, 0.1107, 0.3321, 0.429, 0.4151, 0.9271, 0.5397, 0, 0.2214, 0.6089, 0.3044, 0.4151, 0.0415, 1.4391, 0.2768, 2.0065, 0.2214],
      [17.3946, 13.7049, 9.488, 5.2711, 4.744, 7.8217, 0, 3.1627, 6.8524, 15.8133, 4.2169, 19.5031, 23.8601, 9.488, 50.6026, 34.2622, 53.2381, 22.1386, 50.0755, 11.5964, 25.3013, 42.1688, 17.2605, 4.744, 50.0755, 39.0062, 14.232, 24.2471, 26.3158, 23.72, 7.3795, 26.3555, 30.0453, 8.4338, 5.2711, 13.1778, 4.2169, 12.6506, 16.3404, 15.8133, 35.3164, 20.5573, 19.5031, 8.4338, 23.1929, 11.5964, 15.8133, 1.5813, 54.8195, 10.5422, 76.431, 6.6989],
      [0.0149, 0.0118, 0.0081, 0.0045, 0.0041, 0.0081, 0, 0.0027, 0.0059, 0.0136, 0.0036, 0.0167, 0.0267, 0.0081, 0.0434, 0.0294, 0.0457, 0.019, 0.043, 0.01, 0.0217, 0.0362, 0.0154, 0.0041, 0, 0.0335, 0.0122, 0, 0, 0.0204, 0.0063, 0.0226, 0.0258, 0.0072, 0.0045, 0.0113, 0.0036, 0.0109, 0.014, 0.0136, 0.0303, 0.0176, 0, 0.0072, 0.0199, 0.01, 0.0172, 0.0014, 0.047, 0.009, 0.0656, 0.0072],
      [0.6981, 0.592, 0.3808, 0.2115, 0.1904, 2.047, 0, 0.1269, 0.275, 0.6346, 0.1692, 0.7827, 8.4876, 0.3808, 2.0308, 1.375, 2.1366, 0.8885, 2.0097, 0.4654, 1.0154, 1.6924, 0.7193, 0.1904, 2.0097, 1.5654, 0.5712, 1.6305, 1.0577, 0.952, 0.2962, 1.0577, 1.2058, 0.3385, 0.2115, 0.5289, 0.1692, 0.5077, 0.6558, 0.6346, 1.4174, 0.825, 1.3159, 0.3385, 0.9308, 0.4654, 0.6346, 0.0635, 2.2001, 0.4231, 3.0674, 2.0733],
      [14.4317, 11.3704, 7.8718, 4.3732, 3.9359, 7.8718, 0, 2.6239, 5.6852, 13.1197, 3.4986, 16.181, 25.8021, 7.8718, 41.9831, 28.4261, 44.1697, 18.3676, 41.5458, 9.6211, 20.9916, 34.9859, 15.5344, 3.9359, 41.5458, 32.362, 11.8077, 20.1169, 21.8662, 19.6796, 6.1225, 21.8662, 24.9275, 6.9972, 4.3732, 10.9331, 3.4986, 10.4958, 13.557, 13.1197, 29.3007, 17.0556, 16.181, 6.9972, 19.2423, 9.6211, 13.1197, 1.312, 45.4817, 8.7465, 63.412, 6.9972],
      [0.004, 0.0031, 0.0022, 0.0012, 0.0011, 0.0022, 0, 0.0007, 0.0016, 0.0036, 0.001, 0.0045, 0.0071, 0.0022, 0.0116, 0.0078, 0.0122, 0.0051, 0.0115, 0.0027, 0.0058, 0.0097, 0, 0.0011, 0.0544, 0.0089, 0.0033, 0.0056, 0.006, 0.0054, 0.0017, 0.006, 0.0069, 0.2233, 0.0012, 0.003, 0.001, 0.0029, 0.0037, 0.0036, 0.0081, 0.0047, 0, 0.0019, 0.0053, 0.0027, 0, 0.0004, 0.0126, 0.0024, 0.0175, 0.0019]
    ],
    [
      [2.1396, 0, 0.0702, 0.0226, 0.1332, 0.0376, 0, 0.0201, 0.0427, 0.1029, 0.0351, 0.0552, 0.1405, 0, 0.2659, 0.1555, 0.2684, 0.1079, 0.2007, 1.6647, 0, 0.138, 0.0351, 0.0552, 0.1505, 0.2408, 0.0326, 0.0853, 1.4366, 0.1079, 0.0577, 0.1756, 0.2308, 0, 0, 0, 0.0201, 0.0978, 0.1731, 0.0427, 0.0728, 0.0652, 0, 0.0401, 0.0753, 0.0527, 1.8554, 0.0577, 0.2584, 0.0652, 0.5269, 0.0803],
      [4.5559, 2.1456, 2.1994, 0.707, 1.4698, 1.1783, 0, 0.6284, 1.3354, 4.9513, 1.0997, 1.7281, 4.3988, 2.0423, 8.3264, 4.8702, 8.4049, 9.6181, 6.2841, 4.1581, 5.8913, 4.3203, 1.0997, 0.9227, 4.7131, 7.5409, 1.0212, 2.6707, 2.9849, 3.3777, 1.8067, 5.4986, 7.2267, 1.0997, 1.648, 4.5559, 0.6284, 3.0635, 5.42, 1.3354, 2.278, 2.0423, 6.3313, 1.2568, 2.3565, 1.6496, 1.6496, 1.8067, 8.0907, 2.0423, 16.4957, 0],
      [15.8877, 14.3186, 8.6326, 2.4653, 3.0132, 4.1089, 0, 2.1914, 4.6567, 12.6283, 7.9196, 6.0264, 15.3399, 7.1221, 29.0362, 16.9834, 29.3101, 11.7788, 21.9141, 4.3149, 20.5445, 15.0659, 3.835, 6.0264, 16.4356, 26.2969, 3.561, 7.0643, 3.4997, 11.7788, 6.3003, 19.1748, 25.2012, 3.835, 5.4785, 15.8877, 2.1914, 12.1239, 18.9009, 4.6567, 7.9439, 7.1221, 5.4937, 4.3828, 8.2178, 5.7525, 6.9762, 0.5941, 28.2144, 7.1221, 57.5245, 8.7656],
      [0, 2.2253, 0, 0.3094, 0.3782, 0.5157, 0, 0.275, 0.5845, 1.4096, 2.4058, 0.7564, 1.9253, 0.8939, 3.6444, 2.1316, 3.6787, 1.4784, 2.7505, 0.8939, 2.7667, 1.8909, 0.4813, 1.5618, 2.0628, 3.3005, 0.4469, 1.1689, 6.8747, 1.4784, 0.7908, 2.4066, 3.163, 0.4813, 0.6876, 1.9941, 0.275, 1.3408, 2.3723, 0.5845, 0.997, 0.8939, 2.5815, 0.5501, 1.0314, 0.722, 0.722, 0.7908, 3.5412, 0.8939, 7.2199, 3.6138],
      [3.2033, 2.651, 1.5464, 0.4971, 0.6075, 0.8284, 0, 0.4418, 0.9389, 2.2644, 2.1625, 1.2151, 3.0929, 1.436, 5.8544, 3.4243, 5.9096, 2.3749, 4.4184, 1.436, 4.1422, 3.0376, 0.7732, 1.2151, 3.3138, 5.3021, 0.718, 4.1271, 2.0987, 2.3749, 1.2703, 3.8661, 5.0811, 0.7732, 1.1046, 3.3488, 0.4418, 2.154, 3.8109, 0.9389, 1.6017, 1.436, 2.0435, 0.8837, 1.6569, 1.1598, 1.1598, 1.2703, 5.6887, 1.436, 11.5983, 1.7674],
      [32.2134, 26.6594, 15.5513, 4.9986, 5.3981, 8.3311, 0, 4.4432, 9.4419, 19.6434, 0.3772, 12.2189, 31.1026, 14.5057, 58.8728, 34.435, 59.4282, 17.642, 44.4323, 13.5324, 41.6553, 30.5472, 7.7756, 12.2189, 33.3242, 53.3187, 7.2202, 18.8837, 21.1053, 23.8824, 12.7743, 38.8782, 51.0971, 7.8108, 11.0813, 32.2134, 4.4432, 20.22, 38.3228, 9.4419, 16.1067, 14.4405, 20.5499, 8.8865, 16.6621, 11.6635, 8.637, 18.4805, 57.2066, 14.4405, 116.6347, 17.7729]
    ]
  ],
  "V_est": [
    [759.7801, 59.8998, 13.2674, 1238.8268, 231.6498, 3.5761],
    [45.5583, 92.2605, 2332.5436, 101.2746, 1579.1468, 50.2161],
    [173.2623, 121.763, 374.2227, 299.5351, 13455.4672, 206.7497],
    [52.9286, 51.1754, 126.7099, 3967.0399, 1171.9539, 161.1924],
    [6.1473, 38.4991, 0.8245, 855.7326, 646.9504, 212.846],
    [26.6308, 1054.4756, 0.8151, 54.6476, 884.9346, 0.4963],
    [11.6927, 182.9266, 593.6168, 85.9433, 125.8972, 1210.9233]
  ],
  "p_est": [
    [0.3293, 0.026, 0.0058, 0.537, 0.1004, 0.0016],
    [0.0108, 0.022, 0.5552, 0.0241, 0.3759, 0.012],
    [0.0118, 0.0083, 0.0256, 0.0205, 0.9197, 0.0141],
    [0.0096, 0.0093, 0.0229, 0.7172, 0.2119, 0.0291],
    [0.0035, 0.0219, 0.0005, 0.4859, 0.3674, 0.1209],
    [0.0132, 0.5215, 0.0004, 0.027, 0.4377, 0.0002],
    [0.0053, 0.0827, 0.2685, 0.0389, 0.0569, 0.5477]
  ],
  "EI_Z": {},
  "EI_V": 10.9921,
  "MAE_Z": {},
  "MAE_V": 170.974,
  "MAE_p": 0.0574,
  "runtime": 3.1268
}
