{
  "Z_true": {},
  "V_true": [
    [332, 641, 459, 333],
    [157, 103, 720, 625],
    [822, 222, 12532, 734],
    [1044, 5112, 1085, 313],
    [2524, 360, 833, 100],
    [413, 368, 898, 697],
    [323, 229, 1044, 810]
  ],
  "p_true": [
    [0.1881, 0.3632, 0.2601, 0.1887],
    [0.0978, 0.0642, 0.4486, 0.3894],
    [0.0574, 0.0155, 0.8758, 0.0513],
    [0.1382, 0.6767, 0.1436, 0.0414],
    [0.6613, 0.0943, 0.2182, 0.0262],
    [0.1738, 0.1549, 0.3779, 0.2934],
    [0.1342, 0.0952, 0.4339, 0.3367]
  ],
  "Z_est": [
    [
      [9, 7, 3, 4, 8, 4.9989, 8, 0.5411, 0, 0.2566, 17, 12, 12, 0.4211, 7, 12, 5, 8, 13, 0.1428, 6, 6, 15, 10, 1.9895, 8, 3, 3, 0.3078, 0.1096, 3, 0.1501, 12, 21, 7, 7, 7, 3, 4, 5, 3, 8, 3, 9, 3, 5, 2.0453, 4.9999, 4, 6, 12, 1.9102, 19, 3, 22, 2],
      [14, 5, 5, 5, 16, 2.0009, 12, 0.4227, 0, 0.217, 19, 9, 14, 0.1248, 10, 9, 2, 4, 7, 0.3436, 6, 11, 20, 9, 1.0001, 13, 1, 3, 1.2688, 0.3316, 4, 0.4108, 12, 20, 4, 3, 5, 4, 4, 8, 3, 12, 2, 10, 1.0494e-09, 3, 2.9659, 2, 1, 5, 9, 0.0038, 23, 3, 28, 1.9999],
      [37, 21, 14, 11, 37, 7.0003, 22, 0.6614, 0, 0.3303, 29, 15, 11, 1.1305, 13, 38, 17, 23, 33, 0.3554, 9, 14, 21, 18, 3.0086, 35, 6, 11, 1.027, 1.2558, 11, 0.251, 20, 45, 10, 8, 13, 10, 13, 28, 13, 40, 10, 12, 5, 10, 2.9142, 4, 8, 8, 23, 2.0837, 48, 8, 58, 5],
      [6, 3, 3, 2, 7, 0.9999, 4, 0.3748, 0, 0.1962, 5, 3, 3, 0.3236, 3, 5, 2, 3, 4, 0.1582, 1, 3, 5, 4, 0.0018, 6, 1, 1, 0.3965, 0.3029, 3, 0.1881, 4, 8, 3, 2, 3, 2, 3, 4, 2, 6, 1, 3, 1, 2, 0.0746, 0, 2, 2, 5, 0.0024, 8, 2, 23, 2.0001]
    ],
    [
      [6, 5, 3, 1, 6, 1.0009, 4, 1.1992, 0.2542, 1.3804, 8, 8, 4, 0.6157, 2, 11, 5, 7, 9, 0.4127, 2, 1, 9, 20, 1.9848, 6, 2, 4, 0.1079, 0.0949, 4, 0.3514, 14, 22, 9, 10, 9, 3, 3, 3, 2, 4, 2, 6, 7, 5, 1.8438, 4, 8, 5, 17, 0, 13, 4, 28, 2.9999],
      [10, 4, 4, 4, 12, 0.9999, 8, 1.6523, 0, 1.1752, 7, 7, 5, 0.4292, 4, 7, 3, 3, 7, 1.1351, 2, 5, 15, 21, 1.0006, 7, 2, 3, 0.4724, 0.3831, 3, 0.6261, 17, 21, 8, 10, 6, 2, 3, 5, 3, 8, 2, 6, 3, 2, 2.1138, 4, 5, 4, 13, 0, 20, 3, 36, 5.9999],
      [24, 17, 12, 6, 28, 0.999, 13, 1.6417, 0.6862, 2.1931, 12, 11, 3, 1.5332, 3, 29, 19, 18, 29, 0.9569, 2, 4, 15, 42, 3.9976, 21, 6, 12, 0.3053, 2.8123, 9, 2.6801, 24, 46, 16, 19, 17, 6, 8, 16, 8, 25, 7, 7, 20, 7, 1.9891, 5, 22, 6, 35, 0, 39, 7, 76, 14.0002],
      [4, 3, 2, 1, 5, 0.0002, 2, 1.5067, 0.0596, 1.2514, 2, 2, 1, 0.4218, 3.7384e-07, 3, 2, 2, 4, 0.4953, 4.5786e-06, 1, 4, 11, 0.0171, 3, 1, 2, 0.1145, 0.7096, 2, 0.3425, 4, 8, 4, 5, 4, 1, 2, 2, 1, 4, 6.2236e-12, 2, 4, 1, 0.0533, 0, 7, 1, 7, 0, 7, 1, 30, 6]
    ],
    [
      [66, 77, 31, 17, 50, 12.9976, 47, 2.3655, 3.5229, 0.9256, 44, 36, 28, 2.1512, 16, 141, 59, 84, 147, 1.1396, 15, 13, 22, 78, 10.0059, 56, 9, 18, 0.3133, 0.5873, 20, 2.7611, 105, 202, 54, 71, 70, 25, 22, 35, 21, 61, 19, 23, 27, 21, 2.8316, 17.9999, 23, 16, 98, 15.036, 113, 11, 110, 5.9999],
      [115, 69, 82, 36, 130, 14.9941, 97, 3.1876, 0, 1.0565, 54, 37, 43, 3.6099, 30, 114, 46, 54, 103, 3.9949, 23, 36, 36, 86, 16.9999, 102, 21, 33, 1.2326, 2.5665, 39, 5.5566, 124, 209, 43, 60, 61, 57, 40, 77, 47, 121, 35, 31, 14, 15, 8.9967, 17.9999, 17, 21, 89, 23.0128, 167, 25, 155, 14.9997],
      [305, 289, 219, 69, 298, 37.0037, 179, 4.4184, 10.8414, 1.9479, 79, 57, 31, 13.7653, 39, 471, 278, 295, 462, 3.3976, 30, 46, 38, 171, 52.003, 270, 79, 112, 1.0435, 13.9602, 94, 25.1098, 192, 463, 107, 136, 153, 126, 108, 263, 148, 386, 124, 37, 91, 45, 9.171, 29.0002, 74, 31, 223, 59.9088, 338, 49, 319, 35],
      [52, 50, 45, 14, 59, 9.0046, 37, 3.0284, 1.6357, 1.07, 14, 14, 8, 3.4736, 9, 62, 37, 42, 65, 1.4679, 4, 12, 10, 45, 9.9912, 49, 20, 19, 0.4107, 2.8859, 25, 4.5725, 38, 84, 29, 36, 40, 24, 27, 42, 23, 63, 17, 9, 22, 9, 1.0007, 5, 25, 9, 46, 7.0424, 60, 12, 126, 14.0004]
    ],
    [
      [31, 22, 12, 10, 30, 6.9995, 28, 2.7449, 0.9189, 0.8437, 50, 37, 51, 0.86, 15, 52, 17, 21, 42, 1.4991, 17, 10, 43, 61, 2.0167, 24, 1, 5, 0.7761, 0.0801, 9, 0.9201, 91, 116, 32, 34, 36, 12, 10, 11, 7, 25, 7, 27, 5, 7, 4.8289, 13, 7, 15, 60, 6.1315, 70, 6, 64, 3.0001],
      [54, 22, 34, 21, 79, 8.0038, 57, 3.1962, 0, 0.9233, 59, 39, 74, 1.2076, 26, 42, 14, 14, 29, 4.4897, 24, 30, 69, 67, 3.9914, 45, 6, 11, 3.2541, 0.782, 19, 1.5167, 106, 121, 25, 28, 32, 27, 19, 26, 16, 50, 13, 35, 3, 6, 15.0543, 12.0001, 6, 19, 56, 10.9398, 102, 14, 90, 8.0002],
      [146, 86, 90, 41, 180, 20.9979, 107, 4.5262, 2.6731, 1.4561, 91, 58, 57, 4.6193, 38, 175, 82, 76, 133, 3.4603, 35, 40, 76, 137, 13.982, 120, 17, 33, 2.7786, 3.4131, 43, 5.577, 170, 268, 64, 66, 81, 62, 49, 85, 50, 161, 45, 46, 17, 15, 16.9966, 23.9999, 23, 30, 138, 25.8806, 212, 28, 186, 18.9998],
      [24, 14, 18, 8, 36, 4.9989, 21, 3.5327, 0.408, 0.7769, 16, 14, 15, 1.3131, 8, 23, 11, 10, 18, 1.551, 5, 10, 20, 35, 2.01, 22, 4, 5, 1.1912, 0.7247, 11, 0.9862, 33, 48, 17, 17, 21, 11, 12, 13, 8, 26, 6, 11, 4, 3, 2.1201, 3, 7, 8, 28, 3.0482, 37, 7, 73, 7]
    ],
    [
      [13, 17, 4, 4, 9, 2.9998, 12, 1.471, 1.9279, 0.4209, 18, 11, 17, 0.6563, 6, 32, 11, 16, 36, 0.2022, 7, 4, 12, 34, 1.993, 13, 8.6508e-07, 4, 0.1106, 0.0343, 4, 0.3216, 37, 61, 20, 26, 22, 6, 4, 4, 4, 11, 4, 7, 6, 6, 0.2053, 6, 4, 5, 37, 3.8667, 35, 3, 29, 0.0001],
      [23, 15, 11, 8, 23, 4.0001, 25, 1.6662, 0, 0.4309, 21, 11, 25, 0.4454, 11, 26, 10, 10, 25, 0.7405, 9, 11, 20, 37, 3.9919, 23, 1, 7, 0.3948, 0.1695, 8, 1.2951, 43, 62, 16, 21, 19, 12, 9, 9, 8, 23, 7, 9, 3, 5, 2.009, 5.0001, 3, 6, 34, 5.9998, 51, 7, 41, 1.0002],
      [64, 68, 32, 18, 56, 12.9983, 49, 2.5155, 5.3891, 0.7037, 34, 21, 21, 2.3259, 16, 112, 56, 58, 114, 0.753, 16, 14, 23, 77, 14.9982, 65, 10, 31, 0.3427, 1.5803, 22, 3.6363, 70, 141, 42, 52, 51, 31, 25, 33, 30, 76, 31, 14, 23, 16, 4.7134, 11, 16, 13, 86, 18.1785, 104, 16, 87, 5.9998],
      [11, 11, 6, 3, 11, 2.0017, 9, 1.3474, 0.683, 0.4446, 6, 4, 5, 0.5723, 3, 14, 7, 8, 16, 0.3043, 2, 4, 5, 20, 2.0168, 11, 2, 4, 0.1519, 0.2158, 5, 0.747, 14, 25, 11, 14, 13, 5, 5, 5, 4, 12, 4, 3, 5, 3, 0.0723, 2.9999, 5, 3, 17, 1.955, 20, 3, 34, 1.9999]
    ],
    [
      [7, 11, 4, 3, 12, 3.0008, 11, 0.1705, 0.2022, 0, 9, 4, 5, 0.7385, 3, 17, 6, 7, 12, 0.3562, 5, 1, 9, 26, 0.0095, 10, 1, 2, 0.282, 0.0247, 4, 0.1538, 22, 32, 11, 13, 18, 5, 2, 4, 2, 10, 3, 6, 1, 3, 0.2001, 1, 2, 3, 21, 0.0001, 13, 1, 18, 3.4453e-06],
      [12, 9, 10, 6, 32, 3.0011, 23, 0.2002, 0, 0, 10, 4, 8, 0.5738, 5, 14, 4, 4, 8, 1.6252, 7, 4, 14, 28, 1.0256, 19, 3, 4, 1.026, 0.24, 8, 0.9257, 25, 33, 9, 11, 15, 12, 4, 9, 5, 20, 6, 7, 1.0084e-10, 2, 0.9105, 1, 1, 4, 19, 0.0462, 19, 3, 26, 0.0001],
      [33, 42, 27, 14, 77, 9.9999, 43, 0.3312, 0.6898, 0, 16, 7, 8, 2.8675, 7, 59, 30, 29, 38, 1.327, 11, 5, 15, 57, 2.9836, 52, 16, 15, 1.1267, 2.1419, 23, 2.8979, 40, 76, 23, 26, 40, 29, 14, 35, 17, 64, 25, 10, 6, 10, 1.0555, 2, 8, 6, 51, 0.9534, 39, 9, 55, 2],
      [7, 8, 7, 4, 15, 2.9982, 10, 0.298, 0.1081, 0, 4, 4, 1, 0.8202, 3, 9, 4, 5, 7, 0.6916, 3, 2, 5, 17, 1.9813, 10, 5, 4, 0.5652, 0.5935, 7, 1.0226, 10, 13, 8, 8, 11, 6, 5, 6, 3, 12, 4, 3, 2, 2, 0.8339, 1, 3, 3, 11, 0.0003, 8, 3, 22, 1.9999]
    ],
    [
      [9, 11, 4, 2, 7, 2.0025, 8, 0.5078, 0.174, 0.1729, 10, 7, 4, 0.5571, 2, 23, 8, 13, 23, 0.2474, 1, 2, 5, 17, 0.0007, 7, 1, 2, 0.1024, 0.069, 2, 0.342, 18, 35, 15, 12, 17, 4, 3, 3, 2, 9, 2, 3, 5, 4, 0.0449, 4.0001, 4, 7, 18, 1.0555, 19, 1, 22, 1],
      [16, 9, 10, 4, 18, 2.0001, 17, 0.6748, 0, 0.1972, 12, 6, 5, 0.6093, 5, 18, 6, 8, 16, 0.6711, 2, 5, 8, 18, 0.9905, 13, 3, 3, 0.3512, 0.5273, 3, 0.669, 21, 36, 12, 10, 14, 8, 5, 8, 4, 17, 4, 5, 2, 3, 0.9498, 3.9999, 3, 8, 16, 0.9976, 28, 3, 31, 3.0001],
      [43, 42, 29, 9, 43, 8.001, 33, 0.9056, 0.7204, 0.369, 19, 11, 4, 2.7582, 7, 77, 40, 48, 73, 0.7498, 3, 7, 8, 37, 3.0271, 36, 16, 14, 0.3763, 2.8362, 9, 4.8479, 33, 82, 30, 23, 37, 20, 15, 29, 14, 57, 16, 6, 17, 10, 1.1602, 6.9999, 14, 13, 42, 3.9951, 57, 6, 65, 7.0002],
      [8, 9, 7, 3, 11, 3.9964, 9, 0.9118, 0.1056, 0.261, 5, 4, 3, 1.0754, 3, 12, 7, 9, 12, 0.3317, 2, 3, 4, 11, 1.9818, 9, 6, 4, 0.1701, 0.5675, 4, 2.1412, 7, 17, 9, 7, 11, 6, 5, 6, 4, 11, 4, 3, 5, 4, 0.8451, 2, 7, 5, 11, 1.9517, 11, 3, 27, 3.9998]
    ]
  ],
  "V_est": [
    [361.873, 370.0898, 865.0181, 168.0191],
    [317.2457, 339.9877, 784.7946, 162.972],
    [2279.6373, 2912.2077, 7620.5709, 1497.5841],
    [1274.6197, 1702.3592, 3806.3603, 770.6609],
    [635.2099, 775.1434, 2019.1346, 387.5122],
    [365.1383, 476.5745, 1237.3745, 296.9126],
    [381.2762, 458.6378, 1237.747, 328.3391]
  ],
  "p_est": [
    [0.205, 0.2097, 0.4901, 0.0952],
    [0.1976, 0.2118, 0.489, 0.1016],
    [0.1593, 0.2035, 0.5325, 0.1047],
    [0.1687, 0.2254, 0.5039, 0.102],
    [0.1664, 0.2031, 0.529, 0.1015],
    [0.1537, 0.2006, 0.5208, 0.125],
    [0.1585, 0.1906, 0.5144, 0.1365]
  ],
  "EI_Z": {},
  "EI_V": 35.5788,
  "MAE_Z": {},
  "MAE_V": 859.8135,
  "MAE_p": 0.1581,
  "runtime": 0.4131
}
