{
  "Z_true": {},
  "V_true": [
    [25, 16, 880, 324, 176, 422],
    [633, 7, 70, 1101, 311, 32],
    [299, 159, 304, 3458, 8069, 343],
    [43, 91, 2701, 685, 87, 195],
    [53, 901, 685, 636, 484, 131],
    [22, 32, 484, 397, 251, 661],
    [79, 43, 171, 822, 378, 470]
  ],
  "p_true": [
    [0.0136, 0.0087, 0.4775, 0.1758, 0.0955, 0.229],
    [0.2939, 0.0032, 0.0325, 0.5111, 0.1444, 0.0149],
    [0.0237, 0.0126, 0.0241, 0.2737, 0.6388, 0.0272],
    [0.0113, 0.0239, 0.7104, 0.1802, 0.0229, 0.0513],
    [0.0183, 0.3118, 0.237, 0.2201, 0.1675, 0.0453],
    [0.0119, 0.0173, 0.262, 0.2149, 0.1359, 0.3579],
    [0.0402, 0.0219, 0.0871, 0.4187, 0.1926, 0.2394]
  ],
  "Z_est": [
    [
      [0.4037, 2.0561, 1.2508, 1.8894, 0.7197, 0.3135, 1.5042, 0.5491, 0.0814, 0.6109, 2.7105, 0.4367, 0.717, 3.6367, 1.4289, 0.4337, 0.1328, 1.8349, 0.1438, 0.2089, 3.6931, 0.7998, 0.952, 0.3473, 0.821, 0.0904, 2.4512, 1.2931, 0.6192, 1.9215, 0.1786, 0.0165, 3.5484, 3.7449, 1.8242, 1.2989, 1.0059, 0.8188, 1.8641, 0, 0, 1.7638, 0.3844, 6.5818, 1.2966],
      [0.017, 0.0728, 0.062, 0.105, 0.0305, 0.0306, 0.0181, 0.0256, 0.0187, 0.0083, 0.147, 0.0245, 0.0133, 0.1988, 0.0511, 0.0229, 0.0111, 0.0882, 0.0079, 0.0068, 0.0325, 0.0584, 0.0382, 0.0438, 0.0335, 0.013, 0.1857, 0.0371, 0.0176, 0.1434, 0.0006, 0.0015, 0.2614, 0.1834, 0.0936, 0.0718, 0.0374, 0.0235, 0.112, 0, 0, 0.0696, 0.0287, 0.2389, 0.0227],
      [6.6648, 42.5271, 35.6879, 47.0603, 26.2125, 12.6262, 28.4841, 11.6001, 3.8623, 2.4146, 72.7395, 13.7331, 11.6759, 118.7449, 24.7379, 6.1167, 2.9249, 44.3913, 2.4003, 7.7162, 11.1199, 18.6514, 17.6909, 25.1601, 12.3892, 1.9189, 100.3803, 20.2537, 5.0855, 34.7993, 3.5058, 0.6658, 105.6663, 132.7395, 38.2041, 32.3328, 14.4987, 35.2091, 42.1508, 0, 0, 52.7883, 11.2595, 87.0459, 8.3424],
      [2.8244, 9.5751, 5.6077, 9.9128, 2.8695, 3.0226, 4.5643, 2.8406, 1.316, 1.6857, 17.694, 2.2943, 4.3323, 19.5329, 7.8132, 2.1472, 1.219, 8.5027, 0.6518, 1.2807, 3.0399, 4.0805, 1.9931, 2.5437, 2.902, 0.487, 13.8936, 3.7816, 1.9753, 11.2058, 0.8366, 0.0975, 24.7534, 20.8694, 8.5573, 5.0061, 2.9081, 4.8746, 6.0304, 0, 0, 5.9673, 1.4385, 20.6769, 0.6486],
      [0.042, 0.2614, 0.1652, 0.2465, 0.0835, 0.0671, 0.1326, 0.0664, 0.0179, 0.0363, 0.4324, 0.0646, 0.0966, 0.4459, 0.1579, 0.1045, 0.022, 0.1849, 0.015, 0.0228, 0.1634, 0.138, 0.0621, 0.0569, 0.0851, 0.0146, 0.2806, 0.0781, 0.0583, 0.3081, 0.0223, 0.0023, 0.5672, 0.4664, 0.1424, 0.1253, 0.0729, 0.1545, 0.2535, 0, 0, 0.2543, 0.0687, 0.4851, 0.073],
      [1.0481, 6.5075, 5.2264, 6.786, 2.0843, 1.9399, 3.2966, 1.9181, 0.7036, 2.2442, 11.2766, 2.4469, 2.1649, 14.4407, 3.811, 1.1751, 0.6902, 5.998, 0.7812, 0.7647, 2.9512, 4.2719, 2.2637, 1.8482, 1.7693, 0.4761, 10.8085, 1.5564, 1.244, 6.622, 0.4561, 0.2165, 15.2034, 11.9964, 5.1784, 3.1651, 2.4768, 2.9195, 7.5892, 0, 0, 5.1567, 1.8203, 16.9714, 0.6166]
    ],
    [
      [24.669, 30.7759, 20.833, 39.1079, 24.0489, 6.0743, 18.9215, 19.3864, 0.7228, 1.8163, 5.1337, 6.8393, 3.4228, 24.9706, 11.3222, 3.0323, 5.4156, 35.2246, 3.2693, 6.2156, 6.7182, 8.7681, 4.219, 8.6222, 7.9889, 3.2902, 45.0209, 47.6667, 20.2141, 29.8829, 4.3729, 0.4769, 52.4708, 50.6148, 20.2685, 20.0817, 15.118, 25.7412, 21.1978, 0, 1.615, 29.0518, 10.6655, 153.2531, 23.3721],
      [0.258, 0.0939, 0.0888, 0.1903, 0.0888, 0.0497, 0.0212, 0.0839, 0.0102, 0.0018, 0.0233, 0.0317, 0.0063, 0.1152, 0.0348, 0.0126, 0.0426, 0.1498, 0.0041, 0.0166, 0.0042, 0.0558, 0.0123, 0.0874, 0.0268, 0.0111, 0.2783, 0.1965, 0.0544, 0.194, 0, 0.002, 0.3352, 0.2121, 0.0879, 0.0923, 0.0534, 0.0597, 0.0971, 0, 0.0032, 0.0976, 0.065, 0.4782, 0.0841],
      [4.6478, 7.1905, 6.6844, 11.054, 9.8238, 2.6215, 3.9367, 4.5342, 0.3416, 0.0638, 1.5367, 2.3254, 0.5897, 9.2441, 2.1927, 0.4358, 1.2737, 9.6053, 0.4861, 2.4356, 0.1831, 2.2299, 0.7719, 6.8359, 1.2641, 0.6465, 20.8154, 8.3667, 1.8088, 6.1059, 0.8609, 0.0972, 17.649, 20.3831, 4.7573, 5.5528, 2.2857, 12.2761, 5.3901, 0, 0.1098, 9.8272, 3.3706, 23.0304, 1.716],
      [42.4874, 35.8739, 23.3334, 51.552, 23.9807, 14.2261, 14.0822, 24.9504, 2.9112, 1.1177, 8.2912, 8.7826, 4.9692, 33.6043, 15.4229, 3.5117, 12.2357, 40.9476, 3.2306, 9.3103, 1.0799, 10.9242, 1.9898, 15.4257, 6.7007, 4.0183, 63.7657, 34.5626, 15.8899, 43.7239, 4.7573, 0.4227, 91.334, 70.7125, 23.8307, 19.268, 10.4768, 37.8504, 17.2627, 0, 0.2687, 24.9046, 9.8176, 121.011, 2.5015],
      [0.5478, 0.0123, 0.0194, 0.0258, 0.0243, 0.0053, 0.0117, 0, 0.0025, 0.0004, 0.0046, 0.0063, 0.0043, 0.0164, 0.012, 0.0052, 0.0113, 0, 0.0035, 0.0039, 0.0128, 0.0171, 0.0019, 0.0063, 0.0102, 0.0157, 0.0042, 0.2075, 0.0101, 0.0404, 0.0018, 0.0002, 0.0815, 0.0538, 0.0104, 0, 0, 0.0726, 0.0522, 0, 0.0024, 0.0594, 0.0473, 0.1517, 0.2983],
      [0.39, 0.0534, 0.0411, 0.0701, 0.0334, 0.0232, 0.0268, 0.045, 0.0116, 0, 0.0105, 0.0146, 0.0077, 0.0494, 0.0154, 0.0025, 0.0211, 0.0727, 0.0063, 0.018, 0.0018, 0.005, 0.0051, 0.0225, 0.0093, 0.0183, 0.1155, 0, 0.0227, 0.0528, 0.0072, 0.001, 0.1295, 0.0237, 0.0452, 0.0053, 0.0661, 0, 0, 0, 0.0009, 0.0594, 0.034, 0.0755, 0.028]
    ],
    [
      [1.739, 6.6692, 7.5129, 11.4243, 7.8891, 0.5988, 4.2842, 2.8649, 0.1797, 0.5379, 3.7984, 2.6403, 1.6737, 9.6872, 8.8542, 1.2832, 1.3984, 3.5659, 0.5332, 1.4915, 2.5817, 1.2577, 2.6294, 1.9957, 2.0375, 0.5881, 6.1556, 3.9204, 6.3928, 8.3932, 1.0667, 0.4856, 5.6336, 9.0416, 4.5983, 2.3988, 0.785, 1.3507, 2.6274, 0, 2.2942, 6.6481, 1.8336, 23.0351, 4.1975],
      [1.3717, 5.9467, 9.2695, 16.2938, 7.9388, 2.7595, 1.9251, 3.2843, 0.6192, 0.223, 5.2596, 3.6483, 0.7646, 13.2436, 7.7139, 2.2902, 3.2955, 4.0077, 0.7371, 1.161, 1.391, 2.3513, 2.5976, 7.2275, 2.4762, 1.2794, 10.7211, 2.6025, 6.2007, 16.5965, 0, 0.7216, 12.0382, 11.0695, 5.2537, 2.6656, 0.5367, 1.4392, 3.0288, 0, 2.0739, 6.0482, 3.3984, 22.9456, 1.5741],
      [0.5032, 2.11, 3.3001, 4.1329, 2.9498, 0.7665, 1.2919, 0.7394, 0.2727, 0, 1.6308, 1.3692, 0.5419, 4.4961, 2.6036, 0, 0.1345, 1.125, 0.0187, 0.622, 1.0752, 0.4555, 1.1037, 2.1689, 0.3436, 0.0626, 3.347, 1.3812, 0, 0, 0.5249, 0.2884, 3.1846, 4.7949, 1.5544, 0.8109, 0.1398, 0.747, 1.5429, 0, 1.2608, 2.9063, 1.2616, 4.29, 1.7787],
      [41.2078, 136.723, 147.3331, 270.1631, 132.0715, 48.8016, 58.9375, 63.4653, 12.3481, 9.1349, 113.4527, 60.3805, 37.801, 235.9098, 203.5557, 28.514, 57.3064, 72.8005, 9.4608, 37.8088, 23.4102, 27.3915, 25.0495, 78.9973, 31.2878, 11.6879, 162.2465, 56.1367, 110.6021, 229.85, 24.6194, 8.4092, 197.72, 230.12, 93.3909, 39.8461, 10.0506, 36.7137, 36.8347, 0, 9.1658, 92.5404, 26.9009, 350.8677, 10.0978],
      [40.915, 336.0808, 375.5889, 592.5434, 328.3874, 97.3902, 147.9268, 134.9561, 12.0629, 17.7662, 250.0139, 148.2729, 69.4145, 482.0407, 348.2753, 122.7331, 91.5916, 148.4429, 18.4064, 59.7606, 54.7633, 72.9768, 62.4941, 159.6004, 73.5168, 27.2089, 315.2653, 80.5858, 284.3565, 542.2368, 58.3361, 17.7271, 376.9333, 424.1341, 135.8963, 96.0786, 32.9012, 92.2721, 99.6002, 1, 50.8053, 297.87, 94.111, 692.594, 44.3902],
      [3.2633, 16.4703, 23.9955, 32.4423, 16.7635, 5.6834, 7.6345, 7.69, 1.5175, 1.338, 12.8445, 10.6888, 3.8042, 30.6226, 17.9973, 2.1795, 6.2736, 9.0579, 1.8438, 4.156, 3.7787, 4.5672, 5.1258, 10.0102, 3.3381, 2.1732, 22.2644, 3.3735, 12.4479, 23.9236, 2.4529, 2.3682, 21.4904, 21.8399, 10.3064, 4.2, 1.5867, 3.4773, 7.366, 0, 4.4, 14.987, 6.4945, 48.2676, 1.9617]
    ],
    [
      [0.0919, 0.1989, 0.1632, 0.2108, 0.1284, 0.0061, 0.1319, 0.0768, 0.0053, 0.0129, 0.205, 0.0314, 0.0938, 0.3808, 0.1591, 0.0427, 0.0228, 0.2028, 0.0126, 0.0413, 0, 0.0936, 0.0905, 0.0079, 0.0631, 0.0198, 0.1611, 0.0475, 1.4369, 0.5512, 0.0546, 0, 0.1487, 0.28, 0.147, 0.1151, 0.0536, 0.0425, 0.1773, 0, 0.0388, 0.2199, 0.049, 0.5382, 0.0478],
      [0.1647, 0.6199, 0.6815, 1.0556, 0.4036, 0.1491, 0.2128, 0.2887, 0.0574, 0.0144, 1.079, 0.1453, 0.1275, 1.9436, 0.4751, 0.1808, 0.1729, 0.738, 0.0676, 0.0897, 0.0436, 0.4938, 0.3594, 0.4385, 0.2917, 0.1765, 1.2866, 0.1528, 0.4048, 1.4223, 0, 0, 1.7786, 1.318, 0.5378, 0.3874, 0.1924, 0.2438, 0.6445, 0, 0.1456, 0.5897, 0.2889, 2.1275, 0.0852],
      [14.428, 73.0501, 82.1869, 98.4775, 73.0121, 13.6717, 47.4738, 27.3625, 4.0508, 1.0216, 112.3954, 17.5481, 18.8425, 245.3632, 47.9162, 10.4867, 9.358, 80.6365, 2.8192, 20.6746, 13.8944, 31.1724, 35.7009, 54.664, 15.9687, 4.9989, 159.6958, 21.2686, 22.5864, 71.1085, 14.4646, 0, 147.8763, 203.5213, 50.1739, 42.6954, 19.5516, 57.7495, 60.2149, 0, 8.3585, 95.7799, 21.0628, 160.0621, 9.8008],
      [10.695, 28.9956, 22.7399, 36.5566, 14.0862, 5.7983, 13.4236, 11.84, 2.4903, 1.2341, 48.1791, 5.1859, 12.3372, 71.1165, 26.6632, 6.5468, 6.9344, 27.236, 1.3794, 6.0732, 6.6804, 12.0595, 7.0307, 9.7664, 6.6238, 2.2978, 38.9666, 7.0143, 16.4202, 40.6101, 6.1525, 0, 61.0036, 56.3892, 19.8181, 11.6694, 6.9463, 14.1467, 15.1298, 0, 1.4342, 18.9942, 4.723, 67.0472, 1.3976],
      [1.0333, 6.6798, 5.4398, 7.5348, 3.3009, 1.0798, 3.1638, 2.3421, 0.2206, 0.2295, 9.9243, 1.1908, 2.1025, 13.616, 4.2511, 2.5755, 1.0221, 5.1539, 0.2526, 0.892, 1.6064, 3.0533, 1.6631, 1.8457, 1.4768, 0.5137, 7.0354, 0.9564, 3.9946, 9.0593, 1.3573, 0, 10.9948, 9.8563, 2.692, 2.603, 1.999, 3.3662, 4.0002, 0, 0.6907, 5.7857, 1.5341, 12.5788, 0.5323],
      [3.5871, 17.4558, 18.7887, 22.1647, 9.0687, 3.295, 8.594, 7.09, 1.1758, 1.4875, 27.2173, 4.8985, 5.4965, 46.5799, 11.5352, 3.1675, 3.4898, 17.0328, 1.4685, 3.2293, 5.7752, 11.1274, 7.1554, 6.2776, 3.576, 1.9932, 26.8545, 2.5604, 9.157, 21.2486, 2.971, 0, 33.1981, 28.6353, 10.6311, 6.5297, 5.2571, 7.4513, 16.8333, 0, 3.3323, 14.6306, 5.3423, 48.6462, 1.1363]
    ],
    [
      [0.0657, 0.2305, 0.1666, 0.2662, 0.1535, 0.0072, 0.1229, 0.0841, 0.0091, 0.0105, 0.12, 0.0297, 0.0587, 0.2379, 0.1491, 0.1317, 0.0168, 0.1224, 0.0284, 0.0231, 0, 0.0641, 0.0837, 0.0182, 0.0657, 0.008, 0.1594, 0.0562, 0.1336, 0.1815, 0.0507, 0.0131, 0.161, 0.2426, 0.1157, 0.08, 0.0338, 0.0381, 0.0865, 0, 0.0356, 0.2444, 0.04, 0.4359, 0.0585],
      [5.4724, 33.4119, 31.2299, 59.5307, 22.0217, 8.1616, 11.2599, 14.0367, 3.0814, 0.6317, 26.6857, 6.2288, 5.2542, 51.3522, 20.3021, 7.3681, 5.7248, 20.4441, 6.3681, 2.9506, 6.1575, 17.1741, 14.1141, 23.3623, 15.7598, 4.7533, 46.253, 6.1712, 14.9809, 55.0515, 1.9322, 2.0404, 78.9885, 47.7992, 18.9704, 12.1474, 3.8672, 8.1261, 14.1538, 0, 7.4662, 30.4014, 12.4395, 73.152, 3.4589],
      [5.545, 36.8637, 36.9047, 53.9347, 39.7179, 7.2865, 18.9893, 13.0646, 2.9317, 0.3744, 27.0956, 7.2563, 6.0249, 64.2944, 19.7938, 4.2715, 2.9539, 22.5506, 1.8163, 6.0545, 5.8282, 9.6816, 13.6699, 29.5342, 6.785, 0.7332, 60.2856, 8.8226, 8.6548, 26.5107, 4.0627, 1.6013, 63.0235, 72.8008, 18.0025, 14.1079, 4.3879, 15.3684, 14.4686, 0, 3.3045, 49.0239, 7.52, 52.8451, 4.204],
      [6.441, 22.7799, 15.9025, 31.1592, 11.9546, 4.8498, 8.3821, 8.8387, 2.7962, 0.7342, 18.086, 3.3655, 6.1875, 28.9765, 17.1606, 4.2978, 3.4556, 11.8668, 1.4734, 2.8075, 4.3873, 5.855, 4.2126, 8.2509, 4.444, 0.5541, 22.8823, 4.5554, 9.3325, 23.5155, 2.7296, 0.7591, 40.3938, 31.3471, 11.0931, 6.0264, 2.4484, 5.8411, 5.7141, 0, 0.8557, 15.1159, 2.6254, 34.4279, 0.9527],
      [3.3664, 30.7134, 22.1021, 37.4726, 16.2305, 5.2888, 11.5083, 10.2748, 1.4569, 0.8169, 21.8051, 4.5072, 6.068, 32.4601, 15.8064, 9.8864, 2.9627, 13.2331, 1.5512, 2.4076, 5.7142, 8.5224, 5.7285, 9.1315, 5.7276, 0.7075, 24.3666, 3.5539, 13.247, 30.4662, 3.5551, 0.8746, 42.193, 31.7188, 8.7784, 7.9287, 4.3218, 8.0517, 8.3775, 0, 2.2964, 26.2323, 4.8452, 37.4343, 1.9301],
      [1.1095, 7.0004, 6.6944, 9.6364, 3.9218, 1.4061, 2.7374, 2.7011, 0.7247, 0.4323, 5.2075, 1.6125, 1.4067, 9.679, 3.788, 1.0444, 0.8861, 3.7829, 0.7627, 0.7569, 1.9128, 2.7028, 2.1912, 2.7029, 1.218, 0.244, 8.053, 0.8407, 2.6513, 6.2746, 0.6696, 0.7115, 11.2402, 8.0916, 3.0399, 1.7096, 0.9408, 1.5745, 3.1995, 0, 1.0416, 5.9822, 1.5299, 12.7048, 0.3959]
    ],
    [
      [0.0094, 0.0158, 0.0064, 0.0054, 0.0084, 0, 0.0027, 0.0019, 0.0002, 0.0008, 0.0011, 0.0034, 0.0098, 0.0044, 0.0078, 0.0004, 0.0004, 0.0086, 0.0011, 0.0012, 0, 0.0055, 0.0005, 0, 0.0052, 0.0013, 0, 0, 0.0038, 0.005, 0.0018, 0.0009, 0, 0.002, 0.0056, 0.0044, 0, 0, 0.0105, 0, 0.0003, 0.0216, 0.0024, 0, 0],
      [0.2121, 2.2417, 1.494, 2.492, 0.9857, 0.5306, 0.5558, 0.3726, 0.0537, 0.0189, 1.4064, 0.6455, 0.2717, 3.0382, 1.0608, 0.1143, 0.2394, 1.3039, 0.1349, 0.1118, 0.1736, 0.818, 0.4963, 1.1833, 0.9157, 0.321, 2.1332, 0.2628, 0.6657, 2.9251, 0.0672, 0.039, 4.8386, 2.4252, 0.8459, 0.5427, 0.1821, 0.4926, 1.0733, 0, 0.1843, 1.569, 0.5321, 4.1199, 0],
      [2.1466, 24.9172, 17.6521, 22.5633, 17.7611, 4.8843, 9.6214, 3.4945, 0.5194, 0.1247, 14.3132, 7.589, 3.2408, 37.9662, 10.3611, 0.6894, 1.2718, 14.4015, 0.4393, 2.3401, 2.8733, 4.7373, 4.889, 15.1065, 4.1732, 0.6306, 27.7065, 3.807, 3.8645, 14.1421, 1.5085, 0.3251, 39.0504, 36.8691, 8.0561, 6.3508, 2.1186, 9.5141, 10.9615, 0, 0.8736, 25.2514, 3.3378, 29.8959, 0],
      [7.048, 42.6352, 21.1122, 36.0949, 14.8289, 9.0426, 11.7756, 6.5673, 1.4835, 0.6939, 26.4764, 9.7767, 9.3078, 47.3599, 24.962, 1.8942, 4.1569, 21.0041, 0.969, 3.0317, 5.941, 7.9285, 4.2895, 11.6548, 7.5402, 1.3055, 29.0779, 5.4682, 11.5363, 34.6704, 2.8307, 0.4549, 69.3783, 43.8843, 13.8313, 7.5247, 3.2852, 9.9835, 12.0597, 0, 0.7132, 21.8841, 3.3244, 53.8041, 0],
      [1.0961, 17.4066, 8.8699, 13.1519, 6.0877, 2.979, 4.8935, 2.3095, 0.2192, 0.2309, 9.6586, 3.9617, 2.7438, 16.0736, 6.9482, 1.3083, 1.0733, 7.0849, 0.3146, 0.7839, 2.3724, 3.4924, 1.7207, 3.9207, 2.9497, 0.5031, 9.393, 1.2872, 4.9614, 13.6145, 1.1131, 0.1589, 21.9282, 13.4711, 3.2968, 2.9942, 1.7424, 4.1796, 5.3275, 0, 0.498, 11.3262, 1.7984, 17.7605, 0],
      [2.4879, 27.7833, 18.8655, 23.6925, 10.3282, 5.5635, 8.151, 4.2542, 0.7239, 0.9308, 16.1443, 10.0237, 4.4261, 33.5577, 11.6601, 0.9933, 2.2583, 14.197, 1.1411, 1.7314, 5.6396, 8.0183, 4.6039, 8.1347, 4.416, 1.2384, 21.6893, 2.1748, 6.9684, 19.643, 1.4788, 1.0213, 40.8045, 24.3483, 7.9643, 4.5832, 2.6718, 5.8302, 14.5676, 0, 1.7307, 17.9478, 4.0048, 42.4197, 0]
    ],
    [
      [0.0212, 0.0535, 0.0672, 0.0959, 0.0519, 0, 0.0326, 0.0368, 0.0014, 0.0107, 0.0313, 0.0192, 0.0241, 0.0823, 0.0787, 0.076, 0.0133, 0.0409, 0.0115, 0.0185, 0.007, 0.0113, 0.0248, 0.0088, 0.0186, 0.0021, 0.0516, 0.0161, 0.1996, 0.0647, 0.2746, 0.007, 0.0376, 0.0741, 0.0408, 0.0212, 0.0036, 0.0088, 0.0364, 0, 0.0162, 0.0504, 0.0252, 0.1557, 0.0275],
      [0.5041, 2.613, 4.1743, 7.3325, 2.531, 1.3189, 1.0071, 1.9081, 0.1593, 0.1019, 2.399, 1.2758, 0.5624, 6.1083, 3.3622, 1.011, 1.5138, 2.2684, 0.6804, 0.6636, 0.1976, 1.0486, 1.382, 3.6573, 1.4962, 0.4458, 5.142, 0.577, 2.6759, 6.6672, 0, 0.1956, 5.7594, 4.9926, 2.2106, 1.0928, 0.1306, 0.6152, 1.8905, 0, 1.1268, 2.2245, 2.2473, 9.938, 0.7749],
      [0.0646, 0.3413, 0.5839, 0.7773, 0.5227, 0.1433, 0.2027, 0.2046, 0.0215, 0.001, 0.2888, 0.179, 0.0843, 0.8912, 0.3947, 0, 0.0832, 0.2897, 0.0202, 0.157, 0.0259, 0.0718, 0.1738, 0.5304, 0.0763, 0.0094, 0.7693, 0.1003, 0, 0.3335, 0.0727, 0.0222, 0.5501, 0.8913, 0.2517, 0.1494, 0.0177, 0.1358, 0.2712, 0, 0.0929, 0.423, 0.1878, 0.8306, 0.158],
      [6.2965, 18.4173, 21.9712, 39.5614, 14.2086, 8.259, 7.8347, 12.4978, 1.6547, 1.3996, 16.8207, 7.2145, 7.065, 35.5001, 29.4224, 6.0883, 9.692, 13.6423, 1.835, 6.6878, 1.4612, 3.7608, 4.4348, 13.3611, 4.5016, 0.6493, 26.1674, 4.4813, 17.2437, 29.4244, 4.0739, 0.8566, 30.417, 33.6776, 13.4785, 5.6594, 0.8846, 4.5899, 7.9686, 0, 1.5625, 11.5936, 5.1701, 48.1652, 2.4019],
      [3.9994, 30.8456, 37.8147, 59.025, 23.8858, 11.19, 13.3632, 18.0511, 1.0201, 1.9198, 25.1611, 11.9965, 8.5703, 49.3474, 33.5491, 17.387, 10.3169, 18.9002, 2.4567, 7.1293, 2.3676, 6.8, 7.3296, 18.4385, 7.2339, 1.0366, 34.6549, 4.331, 30.3721, 47.2747, 6.6143, 1.237, 39.302, 42.2995, 13.1837, 9.2701, 1.9627, 7.9032, 14.3889, 0, 4.7072, 24.4721, 11.5953, 64.9957, 5.7762],
      [3.1142, 16.7293, 27.3885, 36.2079, 13.8001, 7.0889, 7.5596, 11.3016, 1.1429, 2.5671, 14.2992, 10.315, 4.6939, 35.0707, 19.1929, 4.4377, 7.3809, 12.8585, 2.9963, 5.3437, 1.9407, 5.3074, 6.655, 13.004, 3.6734, 0.8568, 27.2148, 2.4942, 14.5087, 23.2354, 2.9645, 2.6816, 24.9339, 26.0649, 10.8347, 4.8071, 1.0007, 3.7472, 13.4444, 0, 5.4944, 13.2363, 8.7743, 52.9147, 2.8616]
    ]
  ],
  "V_est": [
    [58.3784, 2.7084, 1334.1787, 258.2539, 6.5985, 182.882],
    [901.8937, 3.9124, 237.3577, 1007.3202, 1.8744, 1.6415],
    [180.5743, 217.9908, 63.6312, 3701.1124, 8010.2236, 458.4676],
    [6.6026, 22.0765, 2323.1452, 791.8328, 161.2004, 497.1425],
    [4.4404, 860.2377, 872.9514, 459.8352, 545.6217, 146.9137],
    [0.16, 44.0906, 452.3396, 662.5914, 237.0053, 450.8131],
    [1.9507, 97.9836, 11.396, 542.054, 793.4761, 516.1395]
  ],
  "p_est": [
    [0.0317, 0.0015, 0.7239, 0.1401, 0.0036, 0.0992],
    [0.4187, 0.0018, 0.1102, 0.4677, 0.0009, 0.0008],
    [0.0143, 0.0173, 0.005, 0.293, 0.6341, 0.0363],
    [0.0017, 0.0058, 0.611, 0.2083, 0.0424, 0.1308],
    [0.0015, 0.2977, 0.3021, 0.1591, 0.1888, 0.0508],
    [0.0001, 0.0239, 0.2449, 0.3587, 0.1283, 0.2441],
    [0.001, 0.0499, 0.0058, 0.2761, 0.4042, 0.2629]
  ],
  "EI_Z": {},
  "EI_V": 10.6311,
  "MAE_Z": {},
  "MAE_V": 137.3487,
  "MAE_p": 0.0539,
  "runtime": 2.549
}
