{
  "Z_true": {},
  "V_true": [
    [510, 255, 13857, 883],
    [73, 4137, 1268, 1000],
    [16, 67, 744, 156],
    [744, 11, 364, 54],
    [63, 339, 1021, 1006]
  ],
  "p_true": [
    [0.0329, 0.0164, 0.8937, 0.0569],
    [0.0113, 0.6386, 0.1957, 0.1544],
    [0.0163, 0.0682, 0.7569, 0.1587],
    [0.6343, 0.0094, 0.3103, 0.046],
    [0.0259, 0.1396, 0.4203, 0.4142]
  ],
  "Z_est": [
    [
      [0, 0, 0, 3.4215, 15.8629, 16.2526, 20.4573, 0.3674, 18.8884, 18.0745, 6.1422, 0, 5.3687, 15.4185, 0.5553, 7.5195, 5.0462, 13.1503, 0, 12.3187, 5.1925, 4.801, 2.5256, 0.3988, 6.1757, 7.038, 3.6852, 0.6215, 10.9094, 5.298, 0, 0, 0, 0, 0.1509, 19.8641, 7.7447, 79.3083, 0],
      [0.4694, 0, 0.0839, 0, 20.6073, 9.1393, 25.5551, 3.143, 14.0311, 30.9893, 14.3691, 0, 0, 0, 0, 0, 0, 0, 0, 10.1793, 15.6025, 20.7612, 17.788, 39.0777, 20.1876, 42.6011, 22.1292, 10.3225, 12.6628, 25.9281, 18.9356, 0.5419, 8.1215, 2.5525, 0, 37.3253, 8.4625, 69.1903, 1.4703],
      [8.7146, 29.1971, 2.6144, 72.1007, 597.4862, 301.3909, 568.7197, 57.2406, 235.4809, 479.9392, 358.7671, 381.1375, 246.7508, 597.3598, 326.311, 534.4618, 234.7253, 451.6004, 202.2291, 171.0714, 432.4299, 395.1897, 284.8372, 449.8005, 240.9327, 554.9633, 370.9216, 327.947, 395.0736, 438.9334, 288.7553, 177.7816, 150.7624, 163.1021, 64.1794, 1152.6758, 205.8337, 1431.7363, 60.2048],
      [0.816, 0.8029, 0.3017, 8.4778, 90.0437, 37.2172, 55.268, 1.249, 43.5997, 49.997, 56.7217, 33.8625, 30.8805, 54.2216, 23.1338, 42.0187, 26.2285, 29.2494, 16.7709, 16.4306, 37.775, 28.2481, 30.8492, 32.7229, 11.704, 45.3976, 14.264, 30.1091, 35.3542, 34.8406, 13.3092, 5.6765, 14.1162, 8.3454, 17.6697, 82.1348, 12.9591, 166.7651, 7.3249]
    ],
    [
      [0, 0, 0, 0.0016, 0.0394, 0.0165, 0.0238, 0.0038, 0.0161, 0.0254, 0.0187, 0, 2.2077, 0.0058, 0.0019, 0.0053, 1.0284, 0.0041, 0.0015, 0.0096, 0.0566, 0.03, 0.0452, 0.0567, 0.0219, 0.0484, 0.0418, 0, 0.033, 0.03, 0, 0, 0, 0, 0.007, 0.0898, 0.0099, 0.0793, 0],
      [8.9797, 3.8484, 3.3662, 7.4702, 181.1521, 75.9469, 109.5628, 17.4304, 74.0794, 117.033, 85.9072, 22.8914, 9, 18, 7, 19, 10, 18.6755, 6.8477, 44.1986, 260.2116, 138.1985, 207.9203, 260.8341, 100.8476, 222.8607, 192.3574, 206.8663, 151.8939, 138.1985, 113.2979, 90.2648, 125.9577, 62.8741, 31.7406, 413.3505, 45.4437, 364.7943, 29.8808],
      [2.3512, 3.0331, 0, 2.8504, 69.1217, 28.9788, 41.8055, 6.6509, 28.2662, 44.6559, 32.7793, 9.0262, 4.2756, 18.982, 5.0407, 14.5418, 4.4549, 7.1259, 2.6128, 16.8647, 99.2882, 52.732, 79.3355, 99.5257, 38.4801, 85.0363, 73.3972, 116.8676, 57.9577, 52.732, 43.2554, 34.4617, 25.0425, 24.0043, 12.3516, 157.7209, 17.3398, 139.1935, 11.408],
      [2.6691, 1.1185, 2.6338, 1.6778, 40.6868, 17.0577, 24.6079, 3.9149, 16.6383, 26.2857, 19.2948, 6.0824, 2.5167, 6.0121, 1.9574, 5.4529, 2.5167, 4.1945, 1.538, 9.927, 58.4437, 31.0395, 46.699, 58.5835, 22.6504, 50.0546, 43.2036, 51.2661, 34.1154, 31.0395, 25.4468, 20.2735, 28.9998, 14.1216, 7.9008, 92.8387, 10.2067, 81.933, 6.7112]
    ],
    [
      [0, 0, 0, 0, 0, 0, 0, 0, 0, 0, 0, 0, 0, 0, 0, 0, 0, 0, 0, 0, 0, 0, 0, 0, 0, 0, 0, 0, 0, 0, 0, 0, 0, 0, 0, 0, 0, 0, 0],
      [0, 0, 0, 0, 0, 0, 0, 0, 0, 0, 0, 0, 0, 0, 0, 0, 0, 0, 0, 0, 0, 0, 0, 0, 0, 0, 0, 0, 0, 0, 0, 0, 0, 0, 0, 0, 0, 0, 0],
      [0, 0, 0, 0, 51, 16, 42, 4, 24, 52, 29, 17, 7, 14, 5, 11, 8, 14, 5, 9, 59, 42, 34, 53, 24, 56, 22, 31, 34, 31, 24, 21, 25, 27, 6, 124, 8, 50, 4],
      [0, 0, 0, 0, 0, 0, 0, 0, 0, 0, 0, 0, 0, 0, 0, 0, 0, 0, 0, 0, 0, 0, 0, 0, 0, 0, 0, 0, 0, 0, 0, 0, 0, 0, 0, 0, 0, 0, 0]
    ],
    [
      [0, 6, 0, 7.573, 52.0643, 22.719, 44.4913, 6.6264, 34.0785, 19.8791, 20.8257, 27.9932, 19.8791, 96.5556, 45.4379, 80.463, 36.9183, 73.8367, 22.9924, 23.6656, 22.719, 15.146, 10.4129, 8.5196, 3.7865, 19.8791, 13.2527, 11.3595, 17.0392, 41.6514, 13, 0, 10, 4, 2.8399, 70.9968, 31.2386, 149.5666, 1],
      [0, 0.0519, 0, 0.0593, 0.408, 0.178, 0.3487, 0.0519, 0.2671, 0.1558, 0.1632, 0.2596, 0, 0, 0, 0, 0, 0, 0, 0.1855, 0.178, 0.1187, 0.0816, 0.0668, 0.0297, 0.1558, 0.1039, 0.089, 0.1335, 0.3264, 2.2647, 0.0074, 1.4485, 0.0371, 0.0223, 0.5564, 0.2448, 1.1721, 0.0371],
      [0, 0.8993, 0, 0.312, 2.1448, 0.9359, 1.8329, 0.273, 1.4039, 0.8189, 0.8579, 3.2967, 0.8189, 4.7344, 2.228, 3.9453, 1.8102, 3.6204, 8.7849, 0.9749, 0.9359, 0.624, 0.429, 0.351, 0.156, 0.8189, 0.546, 0.468, 0.7019, 1.7159, 0.624, 0.9856, 0.468, 0.9281, 0.117, 2.9248, 1.2869, 6.1616, 0.195],
      [0, 0.0487, 0, 0.0557, 0.3828, 0.1671, 0.3271, 0.0487, 0.2506, 0.1462, 0.1531, 3.4505, 0.302, 0.71, 0.3341, 0.5916, 0.2715, 0.5429, 0.2227, 0.174, 0.1671, 0.1114, 0.0766, 0.0626, 0.0278, 0.1462, 0.0974, 0.0835, 0.1253, 0.3063, 0.1114, 0.007, 0.0835, 0.0348, 0.0209, 0.522, 0.2297, 1.0998, 3.7679]
    ],
    [
      [0, 0, 0, 0.0039, 0.0334, 0.012, 0.0276, 0.0024, 0.0171, 0.021, 0.0134, 0.0068, 0.5445, 0.02, 0.0049, 0.0122, 0.0071, 0.009, 0.0061, 0.0061, 0.032, 0.0229, 0.0164, 0.0249, 0.0159, 0.0344, 0.0203, 0.019, 0.0183, 0.0205, 0, 0, 0, 0, 0.0022, 0.0493, 0.0068, 0.0459, 0],
      [0.5508, 1.0997, 0.5499, 0.4705, 18.8326, 6.7357, 15.5335, 1.3746, 9.6225, 11.8219, 7.5605, 3.849, 0, 0, 0, 0, 0, 1.3245, 2.1523, 3.4366, 18.0078, 12.9216, 9.2101, 14.0213, 8.9352, 19.3824, 11.4095, 10.7222, 10.3098, 11.547, 9.5019, 6.1859, 6.4723, 4.5363, 1.2372, 27.7678, 3.849, 25.8433, 2.6118],
      [1.9342, 3.8704, 1.3856, 7.7369, 66.2473, 23.6943, 54.6419, 4.8356, 33.849, 41.5859, 26.5956, 13.5396, 10.1547, 50.9237, 12.4204, 31.0511, 18.0096, 21.6533, 13.3732, 12.0889, 63.346, 45.4544, 32.3983, 49.3228, 31.4312, 68.1815, 40.1352, 37.7174, 36.2668, 40.6188, 33.3654, 21.771, 22.7272, 15.9654, 4.352, 97.6785, 13.5396, 90.9087, 9.1922],
      [1.5149, 3.0299, 2.0645, 7.7887, 51.8867, 18.558, 42.797, 3.7873, 26.5114, 32.5712, 20.8304, 10.6046, 10.3008, 31.0563, 7.5747, 18.9367, 10.9833, 14.0132, 9.4684, 9.4684, 49.6143, 35.6011, 25.3752, 38.6309, 24.6178, 53.4016, 31.435, 29.5413, 28.4051, 31.8137, 26.1327, 17.0431, 17.8005, 12.4982, 3.4086, 76.5044, 10.6046, 71.2021, 7.196]
    ]
  ],
  "V_est": [
    [312.5575, 502.2274, 13443.3586, 1246.8565],
    [3.9593, 3998.1827, 1563.5478, 912.3102],
    [0, 0, 983, 0],
    [1088.4068, 9.2029, 60.1298, 15.2605],
    [1.0764, 299.3871, 1203.9637, 924.5728]
  ],
  "p_est": [
    [0.0202, 0.0324, 0.867, 0.0804],
    [0.0006, 0.6172, 0.2414, 0.1408],
    [0, 0, 1, 0],
    [0.9279, 0.0078, 0.0513, 0.013],
    [0.0004, 0.1233, 0.4957, 0.3806]
  ],
  "EI_Z": {},
  "EI_V": 6.2971,
  "MAE_Z": {},
  "MAE_V": 167.3002,
  "MAE_p": 0.0697,
  "runtime": 1.4067
}
