{
  "Z_true": {},
  "V_true": [
    [637, 13, 464, 158, 50],
    [831, 316, 6557, 705, 268],
    [350, 368, 279, 20561, 376],
    [47, 1252, 303, 686, 49],
    [153, 90, 174, 553, 182]
  ],
  "p_true": [
    [0.4818, 0.0098, 0.351, 0.1195, 0.0378],
    [0.0958, 0.0364, 0.7557, 0.0812, 0.0309],
    [0.016, 0.0168, 0.0127, 0.9374, 0.0171],
    [0.0201, 0.5357, 0.1297, 0.2935, 0.021],
    [0.1328, 0.0781, 0.151, 0.48, 0.158]
  ],
  "Z_est": [
    [
      [8.5141, 21.2065, 10.9017, 0, 15.258, 3.2333, 1.6927, 3.2119, 104.1221, 121.2785, 1.605, 0, 0, 35.0498, 64.6495, 3.8567, 0, 0.7965, 0.884, 3.5713, 2.306, 1.577, 20.1265, 19.903, 28.4174, 16.498, 12.5942, 0, 0, 0.9562, 15.5738, 18.5775, 21.2735, 36.1958, 1.723, 24.1344, 0.9456, 8.1038, 11.0562, 22.9801, 31.9709, 33.5054, 27.0017, 18.0653, 6.2948, 22.3057, 3.3756, 2.561, 63.2747, 89.3979, 64.2327],
      [0.1049, 0.1484, 0, 0, 0.1064, 0.0392, 0.0222, 0.0128, 0.9337, 1.0462, 0.0121, 0, 0, 0.229, 0.6458, 0.027, 0, 0, 0.0074, 0, 0.0619, 0, 0.2024, 0.082, 0.1817, 0.0975, 0.069, 0, 0, 0.0029, 0.1315, 0.1237, 0.132, 0.215, 0.0032, 0.1953, 0.0214, 0.0439, 0.1006, 0.1609, 0.2275, 0.1825, 0.2043, 0.1355, 0.0759, 0.1475, 0.1961, 0.0341, 0.4482, 0.5623, 0.4596],
      [1.7726, 1.3415, 0.9924, 0, 2.3354, 0.8169, 0.1628, 0.4012, 19.4696, 18.3821, 0.184, 0, 0, 5.2107, 12.026, 0.6031, 0, 0.2868, 0.0519, 0.207, 0.7355, 0.2776, 3.3396, 1.9024, 3.0218, 1.7285, 1.062, 0, 0, 0.02, 1.654, 3.0513, 2.1647, 5.5459, 0.1222, 3.7463, 0.013, 0.9919, 2.0557, 4.1667, 3.8872, 3.6284, 3.5393, 3.5489, 0.8485, 2.654, 0.9651, 0.2214, 8.5445, 11.3093, 6.6269],
      [1.6049, 2.3035, 1.106, 0, 2.2974, 0.9073, 0.1223, 0.3739, 18.4302, 19.2719, 0.1987, 0, 0, 5.5, 10.656, 0.5116, 0, 0.9167, 0.0567, 0.2211, 0.8944, 0.1454, 3.3223, 2.1094, 3.3737, 1.674, 1.2726, 0, 0, 0.021, 1.6384, 3.2442, 2.4277, 5.0335, 0.1516, 3.9156, 0.02, 0.857, 1.7843, 3.6765, 3.9046, 3.6796, 3.2493, 3.242, 0.7798, 2.8857, 0.4632, 0.1833, 7.7148, 10.6937, 6.6703],
      [0.0036, 0, 0, 0, 0.0029, 0.0033, 0, 0.0001, 0.0444, 0.0213, 0.0002, 0, 0, 0.0105, 0.0226, 0.0015, 0, 0, 0, 0.0006, 0.0021, 0, 0.0092, 0.0032, 0.0055, 0.0021, 0.0022, 0, 0, 0, 0.0024, 0.0033, 0.0021, 0.0097, 0, 0.0084, 0, 0.0034, 0.0032, 0.0158, 0.0099, 0.0042, 0.0055, 0.0082, 0.001, 0.0071, 0, 0.0002, 0.0178, 0.0367, 0.0105]
    ],
    [
      [4.987, 6.0532, 2.7439, 0.1467, 11.1141, 0.7478, 0.3073, 2.8461, 37.623, 31.7728, 2.2717, 1.2032, 0, 20.5689, 32.0408, 2.0539, 0.5459, 0, 1.1722, 2.6092, 0, 0.0573, 10.0702, 14.0715, 12.0535, 13.4358, 8.4138, 0, 2.4395, 0.0438, 9.1253, 2.9163, 13.7129, 15.4948, 2.5845, 2.7796, 0.0544, 8.9658, 5.5142, 9.7046, 22.1395, 25.0603, 17.2202, 10.221, 4.2076, 11.6008, 0, 0.657, 17.9107, 48.8066, 43.0697],
      [4.1358, 0.7511, 0, 0.7395, 2.3146, 1.9487, 0.203, 0.0449, 21.5526, 14.7949, 0.6366, 0, 0, 3.7876, 15.6464, 0.4501, 0.0721, 0, 0.634, 0, 0.5816, 0, 4.8949, 1.5321, 2.3463, 2.4261, 1.4243, 0, 0, 0.0907, 2.5512, 1.5237, 2.5571, 2.4173, 0, 2.878, 0.0101, 1.0646, 2.519, 2.4555, 4.9591, 3.7946, 4.2902, 3.0616, 2.5135, 2.3229, 0.093, 0.3155, 3.6891, 8.7049, 9.5851],
      [132.4206, 29.3566, 21.5351, 1.9695, 168.0847, 56.2431, 5.2782, 34.2234, 864.7141, 545.9339, 28.5979, 8.6032, 5.6375, 302.2671, 660.6746, 35.1978, 3.08, 3.5482, 8.8195, 14.0928, 10.2516, 5.8619, 185.1947, 127.7003, 123.2618, 131.4183, 69.4232, 6.7255, 6.8285, 1.7716, 90.2454, 82.6258, 130.8852, 228.8829, 18.4794, 70.3502, 0.8839, 102.2136, 123.3771, 199.7216, 256.81, 249.3711, 211.4697, 239.45, 58.6647, 133.6552, 17.907, 7.1626, 218.918, 566.3863, 394.6045],
      [8.5653, 3.0611, 1.6814, 0.3017, 13.4103, 5.3288, 0.2114, 2.4983, 64.6137, 47.0651, 2.491, 0.8547, 0.3625, 27.1375, 40.6701, 1.8817, 0.0584, 0.4518, 0.6392, 0.9524, 0.9603, 0.0808, 14.476, 11.506, 11.0077, 9.3271, 6.626, 0.2745, 0.1682, 0.0939, 6.3095, 7.3798, 12.1556, 15.7556, 2.936, 5.8936, 0.0516, 4.3338, 6.9937, 12.1986, 19.8106, 19.8096, 13.2761, 16.6054, 3.2468, 11.7021, 0, 0.2936, 13.7986, 37.6583, 28.2346],
      [9.8913, 0.778, 2.0397, 0.8426, 8.0763, 8.7316, 0, 0.3873, 69.4966, 28.4333, 1.0028, 1.3389, 0, 24.239, 40.9681, 2.4165, 0.2436, 0, 0.7351, 2.3455, 1.2065, 0, 19.3642, 9.1902, 11.3306, 6.3927, 7.1126, 0, 0.5637, 0, 6.7686, 3.5544, 8.6893, 12.4494, 0, 6.0985, 0, 9.4223, 5.5961, 19.9197, 25.2809, 12.9643, 11.7438, 17.662, 3.3673, 14.719, 0, 0.5714, 14.6837, 60.4438, 34.5061]
    ],
    [
      [0, 0.7613, 1.2131, 0, 0.4976, 0, 0, 0.7875, 0, 0, 0.1416, 0, 0, 0, 0, 0.0118, 0.4536, 0, 0, 2.1238, 0, 0, 0, 8.129, 4.9213, 5.4509, 4.6843, 0, 0.5605, 0, 3.2603, 0, 4.0981, 2.2641, 0, 0, 0, 1.281, 0, 0, 5.9308, 8.4173, 3.2674, 0, 0.1753, 3.1098, 0, 0.3319, 4.7191, 12.1946, 14.7617],
      [8.4168, 0.6843, 0, 0.2296, 4.7153, 0, 0.825, 0, 20.4874, 25.6711, 2.5066, 0, 0, 3.4699, 22.4505, 0.6677, 0.986, 0, 0.7455, 0, 1.5473, 0, 11.2327, 0.0836, 6.8149, 5.4811, 4.9689, 0, 0, 0.4277, 5.9313, 0, 4.9278, 2.6786, 0, 2.6645, 0.0813, 1.0046, 1.7024, 0.0709, 13.8683, 5.8357, 7.275, 0, 4.4743, 6.4678, 0.0866, 1.2506, 5.7642, 13.5859, 17.3479],
      [12.3192, 0, 0.0825, 0, 10.2766, 1.4643, 0.5446, 4.8081, 79.5583, 20.7872, 0.2514, 0.0941, 0.2922, 11.6395, 53.6614, 3.3412, 1.8988, 0, 0, 0.3859, 0, 1.4735, 13.9897, 4.1137, 3.3709, 7.5202, 0.5825, 1.2745, 1.1715, 0.0984, 3.4047, 1.4705, 0, 21.9453, 0, 6.4272, 0.0848, 5.5575, 6.6827, 17.2833, 17.7424, 8.5647, 11.6902, 17.107, 2.0927, 6.7168, 1.8367, 0.4259, 12.9927, 37.7858, 12.5045],
      [387.8606, 47.3949, 37.997, 22.773, 578.2193, 250.0449, 14.6304, 201.8373, 2935.6726, 2218.6502, 128.2245, 19.2895, 23.7078, 1069.1409, 1436.3032, 69.6175, 18.9058, 12, 14.0454, 41.0897, 101.4139, 13.5265, 699.3, 603.1735, 559.043, 373.3664, 404.5069, 21.7255, 17.8318, 13.474, 224.7022, 330.5421, 383.2431, 650.9962, 34, 443.6933, 26.8338, 124.9974, 165.5771, 372.4442, 906.5932, 633.0655, 411.1263, 466.9242, 100.8769, 636.6346, 15.0767, 19.5994, 439.2322, 1258.8572, 858.1872],
      [7.4034, 0.1596, 0.7074, 0.9974, 6.2912, 7.4908, 0, 0.567, 57.2817, 23.8915, 0.8759, 0.6164, 0, 17.7498, 23.5849, 1.3618, 0.7558, 0, 0.2091, 1.4006, 2.0388, 0, 16.4776, 8.5001, 9.85, 4.1815, 7.2574, 0, 0.4363, 0, 3.7015, 2.9873, 4.731, 9.1158, 0, 8.215, 0, 3.1594, 2.0378, 10.2017, 19.8653, 7.1168, 5.641, 8.9687, 1.3807, 14.0711, 0, 0.3922, 7.2919, 32.5764, 16.1987]
    ],
    [
      [0, 0.0076, 0.2092, 0, 0.0015, 0, 0, 0.0044, 0, 0, 0, 0.2266, 0, 0, 0, 0, 0.0005, 0, 0.0032, 0.1152, 0, 0, 0, 0.0877, 0.0249, 0.0494, 0.0449, 0, 0, 0, 0.0211, 0, 0.0338, 0.0163, 0.3209, 0, 0, 0.0313, 0, 0, 0.0432, 0.0906, 0.0527, 0, 0, 0.0149, 0, 0.0087, 0.0208, 0.0497, 0.1677],
      [43.2035, 2.367, 1, 0, 20.7073, 10.9512, 0.9497, 8.911, 234.2522, 179.756, 9.7839, 0.9989, 0, 74.2363, 159.7408, 5.8179, 0.9419, 0.9988, 2.5866, 2, 9.3364, 0, 43.5022, 47.1132, 32.5223, 29.8708, 33.4392, 0, 0, 2.4788, 16.2438, 28.2432, 28.2477, 54.4256, 2.9901, 31.1598, 0.8872, 17.8371, 21.578, 61.1356, 70.6676, 52.9599, 49.077, 43.6273, 15.8362, 37.7713, 1.6088, 3.389, 23.8903, 64.6584, 79.1518],
      [3.7034, 0.12, 0.1706, 0, 2.1487, 1.0465, 0.0143, 1.2282, 23.8315, 15.5697, 0.6747, 0.2804, 0, 7.7687, 15.3583, 0.5706, 0.0212, 0.1204, 0.0762, 0.1866, 0.4817, 0.3203, 3.5425, 4.7522, 2.5948, 2.5896, 2.4284, 0, 0, 0.1101, 1.08, 2.9738, 2.2135, 6.3241, 0.3155, 2.8232, 0.0183, 1.8598, 2.1871, 7.2429, 5.9667, 4.9354, 4.3828, 5.2933, 1.0165, 3.2313, 0.1402, 0.1539, 2.2024, 6.2226, 6.0075],
      [11.0271, 0.5049, 0.6166, 0, 7.1185, 3.9647, 0.0359, 3.8531, 75.4572, 55.4925, 2.5363, 0.4891, 0, 27.8515, 44.6661, 1.6014, 0.0358, 0.8808, 0.3332, 0.6911, 2.1696, 0.6797, 11.8692, 17.9692, 9.8048, 8.4614, 10.034, 0, 0, 0.4112, 3.6372, 10.7529, 8.4736, 19.1499, 1.3735, 9.9599, 0.0945, 5.2272, 6.2095, 20.4227, 20.1871, 16.9563, 13.4304, 15.9814, 3.1352, 11.9011, 0.2511, 0.4459, 6.8517, 19.9123, 20.5582],
      [0.066, 0.0006, 0.0037, 0, 0.024, 0.0376, 0, 0.0033, 0.4591, 0.1818, 0.0052, 0.0051, 0, 0.1435, 0.2347, 0.01, 0.0006, 0, 0.0007, 0.0072, 0.0123, 0, 0.0862, 0.0776, 0.0532, 0.0288, 0.0535, 0, 0, 0, 0.0179, 0.0301, 0.0313, 0.0841, 0, 0.0572, 0, 0.0445, 0.0254, 0.1989, 0.1354, 0.0578, 0.0572, 0.0981, 0.0121, 0.0813, 0, 0.0025, 0.0347, 0.157, 0.1148]
    ],
    [
      [4.4989, 2.9714, 2.9322, 0.8533, 9.1289, 2.0189, 0, 3.1501, 35.2549, 34.9487, 2.9816, 0.5702, 0, 17.3814, 21.3096, 2.0776, 0, 0.2035, 0.9406, 2.5805, 0.694, 0.3657, 6.8034, 19.8089, 8.5828, 8.566, 7.2627, 0, 0, 0, 7.0196, 6.5062, 8.8818, 18.0289, 1.3716, 5.086, 0, 3.6182, 4.4297, 10.3153, 15.9157, 16.9265, 8.4579, 9.7137, 3.3223, 17.9688, 0.6244, 0.4414, 12.0746, 31.5511, 26.7682],
      [0.139, 0.0493, 0, 0.0308, 0.1564, 0.0609, 0, 0.0313, 0.7741, 0.7317, 0.0608, 0.0011, 0, 0.2772, 0.5165, 0.0373, 0, 0.0012, 0.0264, 0, 1.4728, 0, 0.1678, 0.189, 0.1349, 0.1245, 0.0987, 0, 0, 0, 0.1421, 0.1094, 0.1354, 0.2635, 0.0068, 0.1024, 0, 0.0498, 0.0999, 0.1771, 0.2775, 0.2274, 0.1536, 0.1756, 0.1, 0.2905, 0.0156, 0.0108, 0.2082, 0.4885, 0.4556],
      [0.7843, 0.1819, 0.2195, 0.0305, 1.1547, 0.4292, 0, 0.339, 5.4265, 4.327, 0.292, 0.0223, 0.0703, 2.1141, 3.2797, 0.2873, 0, 0.0446, 0.0524, 0.1277, 0.5312, 0.0667, 0.9335, 1.5314, 0.7507, 0.7434, 0.5037, 0, 0, 0, 0.6159, 0.8786, 0.7366, 2.3018, 0.0828, 0.6531, 0, 0.3772, 0.6973, 1.5855, 1.5937, 1.5004, 0.918, 1.6008, 0.3776, 1.7427, 0.1511, 0.0363, 1.3425, 3.2959, 2.2566],
      [9.9421, 3.7355, 3.599, 0.9253, 15.9545, 6.7542, 0, 4.4374, 71.8263, 63.5204, 4.5497, 0.3667, 0.9297, 31.3701, 40.7046, 3.3877, 0, 0.7507, 0.9255, 2.0458, 9.5617, 0.5676, 13.0325, 24.2419, 11.7709, 10.1711, 8.5606, 0, 0, 0, 8.7128, 13.081, 11.6999, 29.0648, 1.5388, 9.5376, 0, 4.5846, 8.4355, 19.258, 22.5045, 21.489, 11.9179, 20.247, 4.9613, 26.8765, 1.209, 0.4777, 17.4027, 43.8784, 32.3497],
      [0.6357, 0.0619, 0.2493, 0.1601, 0.6055, 0.7367, 0, 0.0422, 4.7182, 2.4722, 0.1159, 0.0396, 0, 1.8572, 2.1896, 0.2101, 0, 0, 0.0552, 0.246, 0.7404, 0, 1.0628, 1.2288, 0.7607, 0.3949, 0.5743, 0, 0, 0, 0.5096, 0.4249, 0.5463, 1.341, 0, 0.6209, 0, 0.3703, 0.3376, 1.664, 1.7086, 0.8568, 0.5526, 1.263, 0.2388, 2.1215, 0, 0.0337, 0.972, 3.7861, 2.1699]
    ]
  ],
  "V_est": [
    [1024.7588, 7.8337, 145.6166, 143.506, 0.2849],
    [493.1392, 142.3138, 7000.7794, 515.2004, 525.5672],
    [93.5476, 217.4296, 427.3156, 20837.9689, 357.7382],
    [1.6467, 1662.8516, 156.3002, 513.4667, 2.7349],
    [404.9077, 8.5713, 46.9882, 652.858, 38.6748]
  ],
  "p_est": [
    [0.7752, 0.0059, 0.1101, 0.1086, 0.0002],
    [0.0568, 0.0164, 0.8068, 0.0594, 0.0606],
    [0.0043, 0.0099, 0.0195, 0.95, 0.0163],
    [0.0007, 0.7115, 0.0669, 0.2197, 0.0012],
    [0.3515, 0.0074, 0.0408, 0.5667, 0.0336]
  ],
  "EI_Z": {},
  "EI_V": 6.4282,
  "MAE_Z": {},
  "MAE_V": 182.1606,
  "MAE_p": 0.07,
  "runtime": 0.002
}
