{
  "X": [
    [46, 31, 9, 14],
    [45, 28, 3, 24],
    [37, 38, 8, 17],
    [45, 25, 9, 21],
    [44, 30, 5, 21],
    [39, 41, 6, 14],
    [38, 40, 9, 13],
    [33, 38, 13, 16],
    [51, 29, 4, 16],
    [41, 25, 13, 21],
    [39, 37, 9, 15],
    [41, 30, 6, 23],
    [41, 40, 5, 14],
    [51, 35, 3, 11],
    [41, 37, 6, 16],
    [34, 40, 10, 16],
    [36, 35, 11, 18],
    [51, 29, 12, 8],
    [55, 25, 8, 12],
    [53, 24, 9, 14],
    [54, 31, 8, 7],
    [52, 28, 3, 17],
    [46, 31, 14, 9],
    [42, 35, 13, 10],
    [41, 39, 8, 12],
    [48, 31, 8, 13],
    [48, 33, 12, 7],
    [44, 37, 11, 8],
    [49, 36, 4, 11],
    [48, 26, 11, 15],
    [50, 29, 10, 11],
    [44, 34, 15, 7],
    [40, 35, 11, 14],
    [47, 21, 22, 10],
    [58, 10, 16, 16],
    [59, 16, 12, 13],
    [52, 11, 29, 8],
    [52, 16, 18, 14],
    [48, 18, 21, 13],
    [55, 18, 17, 10],
    [58, 16, 17, 9],
    [54, 13, 20, 13],
    [59, 19, 16, 6],
    [54, 15, 15, 16],
    [61, 11, 14, 14],
    [63, 11, 17, 9],
    [57, 13, 17, 13],
    [52, 18, 16, 14],
    [56, 15, 18, 11],
    [51, 25, 18, 6]
  ],
  "W": [
    [57, 20, 23],
    [65, 26, 9],
    [58, 23, 19],
    [63, 14, 23],
    [65, 20, 15],
    [68, 20, 12],
    [73, 11, 16],
    [65, 23, 12],
    [65, 22, 13],
    [63, 18, 19],
    [69, 14, 17],
    [68, 17, 15],
    [71, 15, 14],
    [64, 15, 21],
    [66, 15, 19],
    [67, 21, 12],
    [55, 32, 13],
    [17, 65, 18],
    [16, 65, 19],
    [16, 65, 19],
    [22, 58, 20],
    [19, 64, 17],
    [13, 68, 19],
    [17, 66, 17],
    [17, 75, 8],
    [14, 70, 16],
    [18, 65, 17],
    [20, 69, 11],
    [17, 67, 16],
    [17, 64, 19],
    [22, 64, 14],
    [14, 73, 13],
    [18, 65, 17],
    [21, 30, 49],
    [13, 22, 65],
    [18, 15, 67],
    [13, 14, 73],
    [21, 12, 67],
    [15, 18, 67],
    [17, 13, 70],
    [12, 22, 66],
    [12, 13, 75],
    [16, 16, 68],
    [23, 15, 62],
    [18, 13, 69],
    [10, 13, 77],
    [20, 20, 60],
    [16, 19, 65],
    [18, 10, 72],
    [25, 13, 62]
  ],
  "method": "mcmc",
  "mcmc_stepsize": 3000,
  "mcmc_samples": 1000,
  "burn_in": 10000,
  "cond_prob": [
    [
      [0.32753248506, 0.43785349859, 0.052134085616, 0.18247993074],
      [0.57037523751, 0.27584603719, 0.046971358217, 0.10680736709],
      [0.69231059138, 0.022844775502, 0.22125782416, 0.063586808964]
    ],
    [
      [0.34603121081, 0.32504823819, 0.029217145499, 0.29970340551],
      [0.59749717593, 0.2576878466, 0.013812936128, 0.13100204134],
      [0.77478274704, 0.019108945151, 0.082416578139, 0.12369172967]
    ],
    [
      [0.25116915055, 0.48734488086, 0.054080269592, 0.207405699],
      [0.48348093703, 0.36424513663, 0.042113456853, 0.11016046949],
      [0.59537514298, 0.071387303551, 0.20498604506, 0.12825150841]
    ],
    [
      [0.34059520258, 0.32424757822, 0.057781531987, 0.27737568721],
      [0.55665871298, 0.28952858697, 0.023170051121, 0.13064264893],
      [0.68475131548, 0.022565319758, 0.21892968561, 0.07375367915]
    ],
    [
      [0.34200199287, 0.36057018449, 0.033251248341, 0.26417657429],
      [0.5593420348, 0.29495726711, 0.032014349146, 0.11368634895],
      [0.70553531782, 0.044252844393, 0.14655879166, 0.10365304613]
    ],
    [
      [0.29705340274, 0.49250802892, 0.041347904255, 0.16909066408],
      [0.54696784299, 0.35065904789, 0.032808673162, 0.069564435954],
      [0.65508431283, 0.041356089617, 0.21101408729, 0.092545510271]
    ],
    [
      [0.31176834774, 0.48396180271, 0.056303969431, 0.14796588012],
      [0.46678822068, 0.39598781539, 0.037023176271, 0.10020078766],
      [0.63164001172, 0.019682652068, 0.28015970578, 0.068517630432]
    ],
    [
      [0.23988324482, 0.46598874259, 0.097687143419, 0.19644086917],
      [0.46975677674, 0.33336696595, 0.086135687891, 0.11074056942],
      [0.55026526849, 0.0036076262186, 0.38910123802, 0.057025867274]
    ],
    [
      [0.40493128524, 0.35687356286, 0.030207256803, 0.20798789509],
      [0.66333912865, 0.24599582706, 0.0089842213275, 0.081680822953],
      [0.77584658682, 0.03010078605, 0.14145195682, 0.052600670309]
    ],
    [
      [0.32431331591, 0.32017106297, 0.089593863279, 0.26592175784],
      [0.58314108919, 0.25371549978, 0.048741465973, 0.11440194505],
      [0.53009060484, 0.013807580886, 0.34096001189, 0.11514180238]
    ],
    [
      [0.30594306925, 0.46341276035, 0.056027584205, 0.17461658619],
      [0.51912310647, 0.3307658996, 0.036258915349, 0.11385207858],
      [0.62483557243, 0.023164525951, 0.27214540441, 0.079854497212]
    ],
    [
      [0.32380147574, 0.35590168536, 0.036435146323, 0.28386169257],
      [0.55236796791, 0.30473459719, 0.029195453097, 0.11370198181],
      [0.63941627968, 0.041213149546, 0.20173915649, 0.11763141428]
    ],
    [
      [0.3136833704, 0.48902225187, 0.032199656558, 0.16509472118],
      [0.54602322698, 0.33074597816, 0.028151331317, 0.095079463549],
      [0.75272373551, 0.022730746081, 0.16368245819, 0.060863060221]
    ],
    [
      [0.3842928553, 0.45143814376, 0.02598546375, 0.13828353719],
      [0.56480963357, 0.3550691079, 0.01042463938, 0.069696619155],
      [0.85395775036, 0.037234389567, 0.056217177586, 0.052590682489]
    ],
    [
      [0.29122344561, 0.47645610046, 0.036479522828, 0.19584093111],
      [0.5362488418, 0.33969972866, 0.012285660593, 0.11176576895],
      [0.72292210332, 0.024126391579, 0.1793719255, 0.073579579603]
    ],
    [
      [0.24427344149, 0.47560555527, 0.081126578908, 0.19899442433],
      [0.48361632993, 0.38447099248, 0.039376595362, 0.092536082227],
      [0.62314470763, 0.0050447462089, 0.31146755921, 0.060342986945]
    ],
    [
      [0.23291870295, 0.43675932537, 0.089728157969, 0.24059381371],
      [0.4949135262, 0.33405015067, 0.048248974227, 0.1227873489],
      [0.56555680764, 0.022202483314, 0.3477680105, 0.064472698548]
    ],
    [
      [0.32021812719, 0.47705599693, 0.065654585418, 0.13707129046],
      [0.53578010637, 0.31253611481, 0.077907212161, 0.073776566657],
      [0.59614360686, 0.031955588313, 0.32332795875, 0.048572846078]
    ],
    [
      [0.35338220721, 0.32691179018, 0.068350193899, 0.25135580871],
      [0.56384824014, 0.29339846203, 0.043178474344, 0.099574823489],
      [0.66819731978, 0.036763753954, 0.21577874028, 0.079260185992]
    ],
    [
      [0.31458771338, 0.3542562066, 0.062481779934, 0.26867430009],
      [0.55099922947, 0.26930921334, 0.052094780846, 0.12759677635],
      [0.63956035107, 0.04351588566, 0.24284898769, 0.074074775583]
    ],
    [
      [0.37083507274, 0.42930477209, 0.071964750014, 0.12789540516],
      [0.53413152305, 0.35827347314, 0.049551362265, 0.058043641538],
      [0.74310000313, 0.038771678585, 0.17713982442, 0.040988493867]
    ],
    [
      [0.32788962627, 0.33848086392, 0.017950697412, 0.31567881239],
      [0.50803932408, 0.32629238412, 0.01867358256, 0.14699470925],
      [0.77974002117, 0.040361823639, 0.08610749796, 0.093790657229]
    ],
    [
      [0.30347639974, 0.45060776638, 0.098570658701, 0.14734517518],
      [0.45698885402, 0.3598753256, 0.096007876069, 0.087127944306],
      [0.57787182788, 0.035293520848, 0.32579188759, 0.061042763678]
    ],
    [
      [0.25173913574, 0.50126815907, 0.075556574742, 0.17143613045],
      [0.42128740913, 0.38906917714, 0.095273934674, 0.094369479057],
      [0.58326268765, 0.047051506143, 0.31926226711, 0.050423539089]
    ],
    [
      [0.23241702696, 0.47804090986, 0.070782832938, 0.21875923025],
      [0.43016285446, 0.40557864585, 0.063018437084, 0.10124006261],
      [0.59833705719, 0.056863261696, 0.25878863234, 0.086011048775]
    ],
    [
      [0.26427464629, 0.38784993875, 0.061437809301, 0.28643760565],
      [0.4883906075, 0.35804500133, 0.048958049999, 0.10460634117],
      [0.6320507767, 0.031684422758, 0.23205044812, 0.10421435242]
    ],
    [
      [0.31241156995, 0.51323460338, 0.063542344987, 0.11081148168],
      [0.49299076313, 0.35435093008, 0.088771015934, 0.063887290853],
      [0.60777600808, 0.042880393168, 0.29918363262, 0.050159966136]
    ],
    [
      [0.26634464417, 0.4922291083, 0.097823500073, 0.14360274745],
      [0.46073863233, 0.38942196088, 0.081816603327, 0.06802280346],
      [0.62564922596, 0.025936593936, 0.30892585172, 0.039488328381]
    ],
    [
      [0.26943518575, 0.46822524141, 0.022230895719, 0.24010867712],
      [0.47393182979, 0.41131901219, 0.023905147212, 0.090844010813],
      [0.79163557791, 0.030112317462, 0.12627686935, 0.051975235277]
    ],
    [
      [0.2796006924, 0.39693707311, 0.077993269946, 0.24546896455],
      [0.50330556388, 0.29021318402, 0.063754314431, 0.14272693766],
      [0.58080169161, 0.03570663051, 0.29441254144, 0.089079136441]
    ],
    [
      [0.30057298044, 0.41569891387, 0.06633028536, 0.21739782033],
      [0.54161115838, 0.30131951622, 0.072496949647, 0.084572375759],
      [0.62316287815, 0.040726775508, 0.27863778176, 0.057472564583]
    ],
    [
      [0.30450767297, 0.47152104888, 0.11881251803, 0.10515876012],
      [0.46485572965, 0.37149651995, 0.099480496909, 0.064167253491],
      [0.44634033185, 0.021496873784, 0.46727295948, 0.064889834881]
    ],
    [
      [0.2585324831, 0.44520607741, 0.076228657146, 0.22003278235],
      [0.40173907297, 0.40171449136, 0.066382282011, 0.13016415367],
      [0.5431397389, 0.051461686387, 0.31253152004, 0.092867054673]
    ],
    [
      [0.29956118102, 0.42847218384, 0.10578011695, 0.16618651819],
      [0.46839259451, 0.31737453575, 0.11651102132, 0.097721848411],
      [0.54402933394, 0.050629552386, 0.33231197764, 0.073029136035]
    ],
    [
      [0.27855531766, 0.27478036627, 0.052793891552, 0.39387042452],
      [0.54482816252, 0.2455979351, 0.071104390791, 0.13846951159],
      [0.65219325069, 0.015764625635, 0.21152896635, 0.12051315733]
    ],
    [
      [0.2080428325, 0.48025456364, 0.02992081318, 0.28178179068],
      [0.54231856675, 0.30048128388, 0.038217397002, 0.11898275237],
      [0.70329030618, 0.04251042681, 0.16250991653, 0.091689350481]
    ],
    [
      [0.28270958607, 0.42487836586, 0.10724794552, 0.18516410256],
      [0.51994604475, 0.28735925385, 0.10658987821, 0.086104823194],
      [0.56226754458, 0.019911666986, 0.35771943032, 0.060101358111]
    ],
    [
      [0.2355708749, 0.44178460389, 0.046137493411, 0.2765070278],
      [0.42759560438, 0.38635891241, 0.050859482151, 0.13518600106],
      [0.62569946828, 0.031137557753, 0.24508655004, 0.098076423932]
    ],
    [
      [0.21267903464, 0.51863798708, 0.025521838821, 0.24316113946],
      [0.4002687249, 0.44723668403, 0.045116326622, 0.10737826445],
      [0.56126831988, 0.032390595244, 0.29559818714, 0.11074289773]
    ],
    [
      [0.26025882897, 0.54196348919, 0.024445782263, 0.17333189958],
      [0.44460828331, 0.42441965413, 0.035809205758, 0.09516285681],
      [0.63993846035, 0.046702359716, 0.23027002895, 0.08308915098]
    ],
    [
      [0.31457176469, 0.46479748967, 0.040304724247, 0.18032602139],
      [0.47833820798, 0.35966836183, 0.061208905613, 0.10078452458],
      [0.66214694316, 0.038026153996, 0.22984465736, 0.069982245492]
    ],
    [
      [0.25072739956, 0.43893152126, 0.042364366559, 0.26797671262],
      [0.43768354397, 0.36825640036, 0.058394504525, 0.13566555115],
      [0.60401846845, 0.039273180537, 0.2497666539, 0.10694169711]
    ],
    [
      [0.2522403485, 0.57521276058, 0.049100137187, 0.12344675374],
      [0.4819556156, 0.3945889368, 0.051444617603, 0.072010829996],
      [0.69489506727, 0.05122313003, 0.21163652828, 0.042245274415]
    ],
    [
      [0.28845614391, 0.378433739, 0.037903995679, 0.29520612141],
      [0.52722107552, 0.2818553593, 0.031412745055, 0.15951082013],
      [0.63640633157, 0.033357961507, 0.22027446651, 0.10996124041]
    ],
    [
      [0.34836795995, 0.28824723233, 0.04408751458, 0.31929729314],
      [0.52264119012, 0.28386094181, 0.050491358713, 0.14300650936],
      [0.69471074274, 0.030744312675, 0.18188459528, 0.092660349302]
    ],
    [
      [0.28422857756, 0.44580618367, 0.05117812365, 0.21878711512],
      [0.54835993809, 0.33038455324, 0.038066432963, 0.083189075707],
      [0.68868876661, 0.0291810256, 0.20770591084, 0.074424296943]
    ],
    [
      [0.34955123366, 0.29640723142, 0.093053148166, 0.26098838676],
      [0.52599319529, 0.29965712405, 0.052561592206, 0.12178808845],
      [0.65815185702, 0.017978548177, 0.23479508654, 0.089074508265]
    ],
    [
      [0.19950928417, 0.47861265697, 0.015265990599, 0.30661206826],
      [0.44250298873, 0.42301064705, 0.021320352209, 0.11316601201],
      [0.62154299488, 0.035461464531, 0.2361639609, 0.10683157969]
    ],
    [
      [0.27597076981, 0.47070888969, 0.038734259031, 0.21458608147],
      [0.43391010169, 0.36965869289, 0.059250492843, 0.13718071258],
      [0.64851979342, 0.039314625788, 0.23208720013, 0.080078380664]
    ],
    [
      [0.24053101174, 0.6133819621, 0.055432774392, 0.090654251777],
      [0.45257925293, 0.40872816758, 0.072614998803, 0.066077580689],
      [0.63069668417, 0.070193302727, 0.25274492993, 0.046365083171]
    ]
  ],
  "expected_outcome": [
    [
      [18.6693516481, 22.4920287024, 14.5678107318, 21.4574977623, 22.2301295368, 20.1996313862, 22.759089385, 15.5924109131, 26.3205335409, 20.4317389025, 21.1100717782, 22.0185003504, 22.2715192982, 24.5947427389, 19.22074741, 16.3663205799, 12.8105286623, 5.4437081622, 5.6541153153, 5.033403414, 8.1583716003, 6.2299028992, 3.9451931966, 4.2795653075, 3.9510894583, 3.6998450481, 5.6234082591, 5.3268928835, 4.5803981577, 4.7532117708, 6.6126055697, 4.2631074216, 4.6535846958, 6.2907848014, 3.6212191295, 3.744770985, 3.675224619, 4.9469883729, 3.1901855196, 4.4244000924, 3.7748611763, 3.0087287947, 4.035845576, 6.6344913099, 6.2706232792, 2.8422857756, 6.9910246732, 3.1921485467, 4.9674738566, 6.0132752934],
      [24.9576494198, 21.1281354821, 28.2660030901, 20.427597428, 23.4370619919, 33.4905459667, 35.3292115976, 30.2892682685, 23.1967815859, 20.1707769671, 31.9754804644, 24.2013146046, 34.7205798825, 28.8920412007, 31.4461026302, 31.8655722034, 24.0217628955, 8.1099519478, 5.230588643, 5.6680993056, 9.4447049859, 6.4311364146, 5.8579009629, 8.5215587041, 8.1266954676, 5.4298991425, 9.2382228609, 9.844582166, 7.959829104, 6.7479302428, 9.1453761051, 6.6012946843, 8.0137093933, 8.9979158606, 3.5721447615, 8.6445821455, 5.5234187561, 9.2774766816, 7.7795698062, 9.2133793162, 5.5775698761, 5.2671782551, 9.2034041692, 8.7039759971, 5.1884501819, 4.4580618367, 5.9281446283, 7.6578025116, 8.4727600144, 15.3345490524],
      [2.9716428801, 1.8991144574, 3.1366556363, 3.6402365152, 2.1613311421, 2.8116574893, 4.1101897685, 6.3496643222, 1.9634716922, 5.6444133866, 3.8659033101, 2.47758995, 2.2861756156, 1.66306968, 2.4076485066, 5.4354807868, 4.9350486883, 1.1161279521, 1.0936031024, 0.99970847894, 1.5832245003, 0.34106325083, 1.2814185631, 1.2844617706, 1.2033081599, 0.86012933021, 1.1437622098, 1.9564700015, 0.37792522722, 1.3258855891, 1.4592662779, 1.6633752524, 1.3721158286, 2.2213824561, 0.68632059017, 0.53857463724, 1.3942232917, 0.96888736164, 0.38282758231, 0.41557829848, 0.48365669097, 0.50837239871, 0.78560219499, 0.87179190062, 0.79357526244, 0.5117812365, 1.8610629633, 0.24425584958, 0.69721666255, 1.3858193598],
      [10.401356052, 19.4807213581, 12.0295305418, 17.4746682945, 17.1714773292, 11.4981651577, 10.8015092489, 12.7686564961, 13.519213181, 16.7530707439, 12.0485444472, 19.302595095, 11.7217252037, 8.8501463804, 12.9255014532, 13.3326264299, 13.232659754, 2.3302119379, 4.0216929393, 4.2987888015, 2.8136989135, 5.9978974354, 1.9154872773, 2.9144142177, 3.7189069142, 4.0101264792, 1.9946066703, 2.8720549491, 4.0818475111, 4.1729723973, 4.7827520473, 1.4722226417, 3.9605900822, 3.489916882, 5.1203155188, 5.0720722322, 2.4071333332, 5.8066475839, 3.6474170919, 2.9466422929, 2.1639122567, 3.2157205515, 1.9751480598, 6.7897407924, 5.7473512765, 2.1878711512, 5.2197677351, 4.9057930922, 3.8625494664, 2.2663562944]
    ],
    [
      [11.4075047501, 15.5349265742, 11.1200615516, 7.7932219817, 11.1868406959, 10.9393568598, 5.1346704275, 10.8044058651, 14.5934608304, 10.4965396055, 7.2677234905, 9.3902554544, 8.1903484047, 8.4721445035, 8.0437326269, 10.1559429285, 15.8372328384, 34.8257069143, 36.6501356089, 35.8149499157, 30.9796283371, 32.5145167409, 31.0752420736, 27.8049690023, 32.2622140842, 34.1873425247, 32.0443996036, 31.790965631, 31.7534325957, 32.2115560886, 34.6631141363, 33.9344682643, 26.1130397428, 14.0517778354, 11.9862195753, 8.1347785012, 7.2792446264, 5.1311472526, 7.2048370483, 5.779907683, 10.5234405755, 5.6898860716, 7.7112898497, 7.9083161328, 6.7943354715, 7.1286791952, 10.5198639058, 8.4075567859, 4.3391010169, 5.8835302881],
      [5.5169207437, 6.6998840116, 8.3776381424, 4.0534002176, 5.8991453422, 7.0131809579, 4.3558659693, 7.6674402169, 5.4119081954, 4.5668789961, 4.6307225944, 5.1804881522, 4.9611896724, 5.3260366184, 5.0954959298, 8.0738908421, 10.6896048215, 20.3148474625, 19.0709000319, 17.5050988669, 20.7798614423, 20.8827125836, 24.4715221409, 25.6785656914, 30.4183984388, 25.0631500934, 23.0328104553, 26.8701153007, 27.5583738166, 18.5736437775, 19.2844490378, 27.1192459565, 26.1114419381, 9.5212360725, 5.4031545723, 4.5072192582, 4.0230295539, 4.6363069489, 8.0502603125, 5.5174555036, 7.9127039602, 4.7873332046, 6.3134229888, 4.2278303894, 3.6901922435, 4.2949991921, 5.993142481, 8.0372022939, 3.6965869289, 5.3134661785],
      [0.93942716434, 0.35913633933, 0.96860950761, 0.32438071569, 0.64028698292, 0.65617346323, 0.40725493898, 1.9811208215, 0.19765286921, 0.87734638751, 0.50762481488, 0.49632270264, 0.42226996976, 0.1563695907, 0.1842849089, 0.8269085026, 1.5439671753, 5.0639687904, 2.8066008323, 3.386160755, 2.8739790114, 1.1951092838, 6.5285355727, 6.2880796885, 4.7263827813, 3.4270634999, 5.7701160357, 5.6453456296, 1.6016448632, 4.0802761236, 4.6398047774, 7.2620762744, 4.3148483307, 3.4953306397, 1.5642965974, 0.57326095503, 1.4922582949, 0.61031378581, 0.81209387919, 0.46551967486, 1.3465959235, 0.75912855882, 0.82311388165, 0.47119117583, 0.65638766327, 0.49486362852, 1.0512318441, 0.40508669197, 0.59250492843, 0.94399498444],
      [2.1361473418, 3.4060530749, 2.5336907983, 1.828997085, 2.2737269789, 1.3912887191, 1.1022086642, 2.5470330966, 1.796978105, 2.0592350109, 1.5939291002, 1.9329336908, 1.4261919532, 1.0454492873, 1.6764865343, 1.9432577268, 3.9291951649, 4.7954768327, 6.4723635268, 8.2937904624, 3.3665312092, 9.4076613917, 5.9247002128, 6.2283856178, 7.5930046956, 7.322443882, 4.1526739054, 4.6935734388, 6.0865487245, 9.1345240103, 5.4126320486, 4.6842095048, 8.4606699883, 2.9316554523, 3.046329255, 1.7847412856, 1.2054675247, 1.6222320127, 1.9328087601, 1.2371171385, 2.2172595408, 1.7636521649, 1.1521732799, 2.3926623019, 1.8590846217, 1.0814579842, 2.435761769, 2.1501542283, 1.3718071258, 0.85900854895]
    ],
    [
      [15.9231436017, 6.9730447234, 11.3121277166, 15.749280256, 10.5830297672, 7.8610117539, 10.1062401875, 6.6031832218, 10.0860056287, 10.071721492, 10.6222047312, 9.5912441952, 10.5381322972, 17.9331127575, 13.7355199631, 7.4777364916, 7.3522384993, 10.7305849235, 12.6957490758, 12.1516466703, 14.8620000626, 13.2555803599, 10.9795647298, 9.9154656901, 4.7866964575, 10.1128124272, 10.3321921373, 6.8821414856, 12.6661692466, 11.0352321406, 8.7242802941, 5.8024243141, 9.2333755613, 26.6574373632, 42.3925612951, 47.1204505138, 41.0455307546, 41.9218643746, 37.6049774321, 44.7956922246, 43.7016982483, 45.3013851337, 47.2528645744, 39.4571925573, 47.9350412493, 53.0290350292, 39.4891114209, 40.4002946674, 46.6934251265, 39.1031944185],
      [0.52542983654, 0.17198050636, 1.3563587675, 0.51900235444, 0.6637926659, 0.4962730754, 0.31492243309, 0.043291514624, 0.39131021866, 0.26234403683, 0.39379694117, 0.61819724319, 0.31823044514, 0.78192218091, 0.45840143999, 0.060536954507, 0.28863228308, 0.57520058964, 0.69851132513, 0.82680182753, 0.7754335717, 0.68615100187, 0.67057689612, 0.79987560443, 0.45490609357, 0.50695076412, 0.72896668385, 0.2853025333, 0.48179707939, 0.6784259797, 0.57017485711, 0.2794593592, 0.87484866858, 2.4808480669, 1.0247006663, 2.8481985963, 1.45355169, 2.0862163695, 2.1701698813, 3.2691651801, 2.5097261637, 2.9454885403, 3.483172842, 2.0681936134, 2.1213575746, 2.2469389712, 1.0787128906, 2.3049951945, 2.8306530567, 4.3519847691],
      [5.0889299556, 0.74174920325, 3.894734856, 5.0353827691, 2.1983818749, 2.5321690474, 4.4825552925, 4.6692148563, 1.8388754386, 6.4782402259, 4.626471875, 3.0260873474, 2.2915544146, 1.1805607293, 3.4080665845, 3.7376107106, 4.5209841365, 5.8199032575, 4.0997960653, 4.6141307661, 3.5427964883, 1.4638274653, 6.1900458642, 5.4274585409, 2.0703090588, 3.7128071699, 5.0861217545, 3.398184369, 2.0204299096, 5.5938382873, 3.9009289447, 6.0745484733, 5.3130358407, 16.2832869042, 13.7493828124, 10.8881644077, 26.1135184134, 16.4207988525, 19.8050785385, 16.1189020267, 15.1697473855, 18.7324990425, 14.3912839234, 13.6570169236, 12.5500370743, 15.993355135, 14.0877051926, 15.3506574584, 16.710278409, 15.6701856558],
      [1.4624966062, 1.113225567, 2.4367786599, 1.6963346205, 1.5547956919, 1.1105461232, 1.0962820869, 0.68431040728, 0.68380871402, 2.1876942452, 1.3575264526, 1.7644712143, 0.85208284309, 1.1044043323, 1.3980120125, 0.72411584334, 0.83814508113, 0.8743112294, 1.5059435338, 1.4074207361, 0.81976987734, 1.5944411729, 1.1598125099, 0.85720016451, 0.6880883902, 1.6674296388, 0.85271942432, 0.43437161219, 0.83160376444, 1.6925035924, 0.80461590416, 0.84356785345, 1.5787399294, 3.5784276657, 7.8333552262, 6.1431864822, 4.3873991421, 6.5711204034, 7.4197741481, 5.8162405686, 4.6188282025, 8.0206272836, 2.8726786602, 6.8175969057, 6.3935641018, 5.7306708646, 5.3444704959, 6.9440526796, 5.7656434078, 2.8746351566]
    ]
  ],
  "prob": [
    [0.3024576862, 0.42994309765, 0.054673330224, 0.21292588593],
    [0.49728013057, 0.34308723214, 0.058863121106, 0.10076951618],
    [0.64215909931, 0.035629315865, 0.23993681611, 0.082274768723]
  ],
  "iterations": 18,
  "time": 0.148125,
  "message": "Converged",
  "status": 0,
  "miniter": 0,
  "maxiter": 1000,
  "maxtime": 3600,
  "param_threshold": 0.001,
  "ll_threshold": "-Inf",
  "initial_prob": "group_proportional",
  "ballotbox_id": ["1", "2", "3", "4", "5", "6", "7", "8", "9", "10", "11", "12", "13", "14", "15", "16", "17", "18", "19", "20", "21", "22", "23", "24", "25", "26", "27", "28", "29", "30", "31", "32", "33", "34", "35", "36", "37", "38", "39", "40", "41", "42", "43", "44", "45", "46", "47", "48", "49", "50"],
  "candidates_id": ["1", "2", "3", "4"],
  "group_id": ["1", "2", "3"]
}
