{
  "X": [
    [5, 22, 47, 26],
    [7, 25, 41, 27],
    [16, 18, 43, 23],
    [11, 21, 46, 22],
    [8, 26, 39, 27],
    [8, 21, 43, 28],
    [8, 23, 45, 24],
    [9, 23, 37, 31],
    [7, 23, 39, 31],
    [15, 20, 36, 29],
    [14, 17, 48, 21],
    [13, 21, 34, 32],
    [8, 19, 38, 35],
    [10, 17, 44, 29],
    [10, 15, 57, 18],
    [12, 20, 44, 24],
    [3, 29, 48, 20],
    [7, 33, 52, 8],
    [6, 34, 49, 11],
    [6, 38, 44, 12],
    [4, 39, 42, 15],
    [3, 40, 42, 15],
    [2, 47, 35, 16],
    [4, 43, 42, 11],
    [2, 40, 46, 12],
    [5, 38, 53, 4],
    [4, 36, 47, 13],
    [2, 35, 52, 11],
    [5, 35, 50, 10],
    [2, 36, 52, 10],
    [4, 38, 38, 20],
    [6, 35, 47, 12],
    [3, 30, 47, 20],
    [9, 40, 29, 22],
    [6, 39, 23, 32],
    [4, 28, 23, 45],
    [6, 34, 20, 40],
    [4, 44, 22, 30],
    [2, 40, 26, 32],
    [5, 41, 17, 37],
    [2, 38, 21, 39],
    [4, 43, 17, 36],
    [4, 36, 24, 36],
    [4, 39, 17, 40],
    [1, 40, 26, 33],
    [3, 35, 24, 38],
    [4, 45, 22, 29],
    [1, 45, 17, 37],
    [2, 44, 23, 31],
    [3, 36, 22, 39]
  ],
  "W": [
    [67, 18, 15],
    [65, 16, 19],
    [66, 12, 22],
    [61, 24, 15],
    [66, 21, 13],
    [67, 21, 12],
    [64, 17, 19],
    [65, 16, 19],
    [60, 19, 21],
    [67, 18, 15],
    [68, 15, 17],
    [68, 20, 12],
    [76, 12, 12],
    [66, 18, 16],
    [77, 14, 9],
    [61, 17, 22],
    [51, 30, 19],
    [19, 69, 12],
    [19, 65, 16],
    [18, 60, 22],
    [16, 65, 19],
    [15, 65, 20],
    [16, 68, 16],
    [15, 71, 14],
    [15, 67, 18],
    [19, 67, 14],
    [12, 73, 15],
    [14, 67, 19],
    [15, 73, 12],
    [13, 74, 13],
    [20, 59, 21],
    [14, 70, 16],
    [27, 51, 22],
    [24, 31, 45],
    [15, 16, 69],
    [23, 14, 63],
    [15, 16, 69],
    [11, 16, 73],
    [14, 21, 65],
    [18, 12, 70],
    [16, 9, 75],
    [13, 23, 64],
    [18, 19, 63],
    [25, 19, 56],
    [20, 19, 61],
    [14, 13, 73],
    [17, 16, 67],
    [14, 16, 70],
    [12, 17, 71],
    [16, 18, 66]
  ],
  "method": "mcmc",
  "mcmc_stepsize": 3000,
  "mcmc_samples": 1000,
  "burn_in": 10000,
  "cond_prob": [
    [
      [0.064932383965, 0.080702940093, 0.55754256264, 0.2968221133],
      [0.036084970383, 0.43321751066, 0.46909298553, 0.061604533428],
      [5.3831317861e-08, 0.58633252147, 0.080064970895, 0.33360245381]
    ],
    [
      [0.096624629883, 0.099914205943, 0.49792805751, 0.30553310666],
      [0.044962277711, 0.46550052475, 0.4071824191, 0.082354778435],
      [1.3759186463e-07, 0.58197727461, 0.11156618716, 0.30645640063]
    ],
    [
      [0.23722674287, 0.043868934225, 0.50531167719, 0.21359264571],
      [0.02858607666, 0.35443499136, 0.56557947225, 0.051399459733],
      [9.3207642928e-08, 0.4932468384, 0.13011252901, 0.37664053938]
    ],
    [
      [0.16544758125, 0.033401291792, 0.57056839228, 0.23058273468],
      [0.037820615267, 0.48457891648, 0.43581340836, 0.041787059895],
      [1.8514265412e-07, 0.48884181368, 0.049053751369, 0.46210424981]
    ],
    [
      [0.10585034831, 0.11655396918, 0.47003748744, 0.30755819507],
      [0.048279104037, 0.53973765529, 0.36503007146, 0.046953169205],
      [1.2174229127e-06, 0.53638055947, 0.023991871391, 0.43962635172]
    ],
    [
      [0.10308450135, 0.077273197571, 0.5037857071, 0.31585659398],
      [0.052063215168, 0.42552237451, 0.43072603323, 0.091688377098],
      [9.0758298797e-07, 0.57389382484, 0.016759243883, 0.40934602369]
    ],
    [
      [0.121075541, 0.058437137598, 0.58025802421, 0.24022929718],
      [0.014774357237, 0.4833075461, 0.39778323765, 0.10413485902],
      [6.8562685137e-08, 0.58125236369, 0.057956390016, 0.36079117773]
    ],
    [
      [0.13761387868, 0.047468003693, 0.46063344316, 0.35428467447],
      [0.0034428997405, 0.50021567328, 0.37443182041, 0.12190960657],
      [6.0473449398e-07, 0.62690152566, 0.056206161486, 0.31689170812]
    ],
    [
      [0.1061935082, 0.052765829758, 0.48520263933, 0.35583802272],
      [0.03307305032, 0.44696831585, 0.44648335305, 0.073475280781],
      [7.3914047451e-08, 0.54007867683, 0.066888472976, 0.39303277628]
    ],
    [
      [0.22208023926, 0.032442418229, 0.41380312077, 0.33167422174],
      [0.0067005081533, 0.59256899959, 0.34575270308, 0.054977789175],
      [9.8818489075e-07, 0.47734106574, 0.13677615019, 0.38588179589]
    ],
    [
      [0.19930156455, 0.03571571101, 0.56782032674, 0.1971623977],
      [0.029832437011, 0.42267642191, 0.46770861871, 0.079782522366],
      [4.1501776907e-07, 0.48418737192, 0.13956402948, 0.37624818358]
    ],
    [
      [0.18914782361, 0.048370073116, 0.39383350874, 0.36864859453],
      [0.006896399237, 0.58906182162, 0.30881790116, 0.095223877992],
      [1.6674673303e-06, 0.49413321632, 0.086913615202, 0.41895150101]
    ],
    [
      [0.10003327985, 0.075034211019, 0.44323838613, 0.381694123],
      [0.033121635366, 0.60145159638, 0.2834676993, 0.081959068957],
      [9.2555587089e-07, 0.50666506717, 0.076022521874, 0.4173114854]
    ],
    [
      [0.1397130212, 0.039376894819, 0.50356642558, 0.3173436584],
      [0.043274296255, 0.36108863884, 0.5394684763, 0.056168588605],
      [2.0425378658e-07, 0.49384559018, 0.065886458647, 0.44026774692]
    ],
    [
      [0.11864509034, 0.057739497992, 0.6245374975, 0.19907791417],
      [0.061734802456, 0.34532255295, 0.53623360479, 0.056709039803],
      [4.5344042863e-06, 0.63550476815, 0.15592691393, 0.20856378352]
    ],
    [
      [0.19492988158, 0.036099970285, 0.53964186654, 0.22932828159],
      [0.0064278398571, 0.45512465883, 0.48165387303, 0.05679362829],
      [1.7936019499e-07, 0.45730830057, 0.13153319543, 0.41115832464]
    ],
    [
      [0.046050371264, 0.077932009485, 0.61555263753, 0.26046498172],
      [0.021714085749, 0.46471833221, 0.49111105405, 0.022456527993],
      [4.4700451645e-07, 0.58336408158, 0.098604413916, 0.3180310575]
    ],
    [
      [0.25622310977, 0.026144908758, 0.55688307701, 0.16074890446],
      [0.030894929548, 0.36569848176, 0.57718725036, 0.026219338333],
      [8.9797027719e-07, 0.60583762432, 0.13277510519, 0.26138637252]
    ],
    [
      [0.20931266953, 0.033140992042, 0.55682584091, 0.20072049753],
      [0.031123857444, 0.37790051636, 0.55865587759, 0.032319748614],
      [5.3407072147e-07, 0.55042422426, 0.13172981123, 0.31784543044]
    ],
    [
      [0.18986242872, 0.059315510156, 0.57309392948, 0.17772813164],
      [0.043041088544, 0.40609739529, 0.51251032496, 0.038351191207],
      [4.9865162106e-07, 0.57120350454, 0.13334953507, 0.29544646173]
    ],
    [
      [0.15783473905, 0.046651521457, 0.53278532302, 0.26272841647],
      [0.022686714646, 0.45186567803, 0.48355383384, 0.041893773479],
      [4.0648617544e-07, 0.46748982024, 0.10760187536, 0.42490789791]
    ],
    [
      [0.12998709855, 0.060585943453, 0.5192836716, 0.2901432864],
      [0.016156737547, 0.44208179782, 0.49679493436, 0.044966530275],
      [2.7905936771e-07, 0.5177946995, 0.095953709628, 0.38625131181]
    ],
    [
      [0.084953834538, 0.070232330358, 0.48305362189, 0.36176021321],
      [0.0094225498153, 0.53310121941, 0.3921996979, 0.065276532875],
      [3.2874698097e-07, 0.60158748715, 0.037597662033, 0.36081452207]
    ],
    [
      [0.15918578469, 0.038939610214, 0.54548923511, 0.25638536998],
      [0.022707158511, 0.48470350862, 0.45900029179, 0.033589041076],
      [3.553789002e-07, 0.57156833819, 0.087760054015, 0.34067125242]
    ],
    [
      [0.091458071868, 0.053350300306, 0.63294511496, 0.22224651287],
      [0.009374833371, 0.43853926471, 0.51899765997, 0.033088241948],
      [8.3811772426e-07, 0.54542304221, 0.096276669875, 0.3582994498]
    ],
    [
      [0.2020141363, 0.092582739852, 0.62620138886, 0.079201734982],
      [0.017339136996, 0.38627574715, 0.58507853977, 0.011306576092],
      [6.5939624998e-07, 0.74003234886, 0.13585081766, 0.12411617408]
    ],
    [
      [0.18734040955, 0.056023293452, 0.49551731497, 0.26111898203],
      [0.023998550779, 0.38755885009, 0.53879195422, 0.049650644907],
      [1.3919059989e-06, 0.46906162812, 0.11479863748, 0.4161383425]
    ],
    [
      [0.077781335969, 0.058956015938, 0.70222837862, 0.16103426947],
      [0.013597541889, 0.35983059693, 0.59667087866, 0.02990098252],
      [1.3678874651e-06, 0.52978767278, 0.11536072783, 0.3548502315]
    ],
    [
      [0.19168268509, 0.049678402236, 0.57259246514, 0.18604644753],
      [0.029105926877, 0.37714508724, 0.55286192762, 0.040887058263],
      [2.2551333785e-06, 0.56026938317, 0.087682692214, 0.35204566948]
    ],
    [
      [0.081500533247, 0.026130134675, 0.65942101404, 0.23294831804],
      [0.012709271813, 0.38524110814, 0.56777032036, 0.034279299694],
      [5.3489241753e-07, 0.55018971131, 0.10865562394, 0.34115412986]
    ],
    [
      [0.13136133679, 0.07936663871, 0.47744914124, 0.31182288327],
      [0.023267301689, 0.45878054469, 0.4575309576, 0.060421196014],
      [1.1736460804e-07, 0.4449816709, 0.069366222698, 0.48565198904]
    ],
    [
      [0.20025611904, 0.069115550999, 0.48704136885, 0.24358696111],
      [0.045662367979, 0.35737428753, 0.55797053493, 0.038992809559],
      [3.0359271641e-06, 0.56351138494, 0.070217711923, 0.36626786721]
    ],
    [
      [0.083442539598, 0.064280807155, 0.59306412013, 0.25921253312],
      [0.014648043014, 0.37329606505, 0.56661225404, 0.045443637899],
      [5.6233307215e-08, 0.41937813132, 0.095001990939, 0.4856198215]
    ],
    [
      [0.23084699478, 0.022980678086, 0.51880016906, 0.22737215807],
      [0.11160228801, 0.36995655389, 0.45986944233, 0.058571715762],
      [2.6597032733e-08, 0.6217735679, 0.050952071782, 0.32727433373]
    ],
    [
      [0.33493677556, 0.027406539003, 0.4272420813, 0.21041460415],
      [0.060991615423, 0.32716905891, 0.59611991731, 0.01571940836],
      [1.1959405375e-06, 0.48339415902, 0.10222391455, 0.41438073049]
    ],
    [
      [0.16573581814, 0.022240532846, 0.45024214708, 0.36178150193],
      [0.013432940811, 0.25806190181, 0.58358021191, 0.14492494547],
      [2.382752362e-07, 0.37897779554, 0.071020756356, 0.55000120983]
    ],
    [
      [0.33861856871, 0.012398837676, 0.40530797121, 0.2436746224],
      [0.057544364901, 0.35175350172, 0.54850879866, 0.04219333472],
      [1.6856340412e-07, 0.40849219431, 0.074554197875, 0.51695343925]
    ],
    [
      [0.30649435593, 0.061015640605, 0.47137458745, 0.16111541601],
      [0.039280721367, 0.36968915717, 0.55783351616, 0.033196605302],
      [9.66341181e-07, 0.51251782793, 0.10807593533, 0.3794052704]
    ],
    [
      [0.11787120835, 0.044176536198, 0.62053290279, 0.21741935265],
      [0.016656237467, 0.36199070479, 0.56274667206, 0.058606385684],
      [3.3994238036e-07, 0.48891882604, 0.084536296116, 0.4265445379]
    ],
    [
      [0.26611037925, 0.030864649849, 0.42398752881, 0.27903744209],
      [0.017499945313, 0.41048145647, 0.48485718237, 0.087161415851],
      [1.9756659872e-07, 0.50740941179, 0.050713404186, 0.44187698646]
    ],
    [
      [0.1126174263, 0.041655415251, 0.57081149157, 0.27491566688],
      [0.022006794062, 0.37535285654, 0.52064212448, 0.081998224916],
      [8.0043451352e-07, 0.4527378353, 0.095749826861, 0.45151153741]
    ],
    [
      [0.24330800662, 0.057005095062, 0.36555678253, 0.33413011579],
      [0.036390983784, 0.49526201299, 0.41290713153, 0.055439871695],
      [5.1357891485e-08, 0.48231105415, 0.042982778153, 0.47470611634]
    ],
    [
      [0.20208216423, 0.029851880023, 0.54085129464, 0.22721466111],
      [0.019079720195, 0.44085358533, 0.50774566782, 0.032321026651],
      [1.0095578347e-07, 0.42994361965, 0.073293793776, 0.49676248561]
    ],
    [
      [0.13668842967, 0.075554894045, 0.37281439802, 0.41494227827],
      [0.030672978947, 0.5485128217, 0.30620533628, 0.11460886307],
      [4.7469805646e-08, 0.47659614351, 0.033245333219, 0.4901584758]
    ],
    [
      [0.042362142033, 0.099591974934, 0.56815136188, 0.28989452115],
      [0.0080390659948, 0.41123351348, 0.5055781754, 0.075149245125],
      [2.4435142853e-07, 0.49499547123, 0.082475203765, 0.42252908065]
    ],
    [
      [0.17269559612, 0.062531343917, 0.54609065397, 0.218682406],
      [0.044785731466, 0.31656968595, 0.59653516504, 0.042109417544],
      [6.458261774e-07, 0.41108431874, 0.11780511916, 0.47110991627]
    ],
    [
      [0.22620120931, 0.068952765235, 0.48404587288, 0.22080015258],
      [0.0096603465559, 0.44283689073, 0.53368395632, 0.013818806394],
      [2.0741468131e-07, 0.54839421999, 0.078093684478, 0.37351188812]
    ],
    [
      [0.064330308511, 0.053644626776, 0.50087444685, 0.38115061786],
      [0.0062100387987, 0.53090700948, 0.38412729968, 0.078755652045],
      [2.1514387723e-07, 0.51077804391, 0.054881727845, 0.4343400131]
    ],
    [
      [0.13702380387, 0.04523975529, 0.61930476629, 0.19843167455],
      [0.020922733681, 0.32541028485, 0.60020918454, 0.053457796933],
      [3.9268939483e-07, 0.53415701541, 0.075560375597, 0.3902822163]
    ],
    [
      [0.14758675205, 0.056189860202, 0.48330168592, 0.31292170183],
      [0.035478215964, 0.39008442235, 0.51611867258, 0.058318689107],
      [6.1815759363e-08, 0.42544610052, 0.075409650286, 0.49914418738]
    ]
  ],
  "expected_outcome": [
    [
      [4.3504697256, 6.2806009424, 15.6569650295, 10.0923024565, 6.9861229887, 6.9066615905, 7.7488346243, 8.9449021142, 6.3716104917, 14.8793760305, 13.5525063895, 12.8620520057, 7.6025292689, 9.2210593994, 9.135671956, 11.8907227765, 2.3485689344, 4.8682390855, 3.976940721, 3.417523717, 2.5253558248, 1.9498064783, 1.3592613526, 2.3877867704, 1.371871078, 3.8382685897, 2.2480849146, 1.0889387036, 2.8752402764, 1.0595069322, 2.6272267357, 2.8035856666, 2.2529485692, 5.5403278747, 5.0240516333, 3.8119238173, 5.0792785307, 3.3714379152, 1.6501969169, 4.7899868266, 1.8018788208, 3.1630040861, 3.6374789561, 3.4172107417, 0.84724284066, 2.4177383456, 3.8454205583, 0.90062431915, 1.6442856465, 2.3613880328],
      [5.4070969862, 6.4944233863, 2.8953496589, 2.0374787993, 7.6925619657, 5.1773042373, 3.7399768062, 3.08542024, 3.1659497855, 2.1736420213, 2.4286683487, 3.2891649719, 5.7026000374, 2.5988750581, 4.4459413454, 2.2020981874, 3.9745324837, 0.4967532664, 0.62967884879, 1.0676791828, 0.74642434331, 0.90878915179, 1.1237172857, 0.58409415321, 0.80025450459, 1.7590720572, 0.67227952142, 0.82538422313, 0.74517603354, 0.33969175078, 1.5873327742, 0.96761771398, 1.7355817932, 0.55153627407, 0.41109808505, 0.51153225547, 0.18598256514, 0.67117204666, 0.61847150678, 0.55556369728, 0.66648664402, 0.7410662358, 0.53733384042, 1.8888723511, 1.9918394987, 0.87543881484, 1.172197009, 0.75102477486, 0.54287706348, 0.89903776323],
      [37.355351697, 32.3653237382, 33.3505706947, 34.8046719289, 31.0224741712, 33.7536423756, 37.1365135497, 29.9411738052, 29.1121583596, 27.7248090917, 38.6117822181, 26.7806785945, 33.6861173459, 33.2353840882, 48.0893873076, 32.9181538591, 31.3931845142, 10.5807784632, 10.5796909772, 10.3156907307, 8.5245651684, 7.789255074, 7.7288579503, 8.1823385266, 9.4941767243, 11.8978263884, 5.9462077796, 9.8311973007, 8.5888869771, 8.5724731825, 9.5489828247, 6.8185791639, 16.0127312435, 12.4512040575, 6.4086312194, 10.3555693829, 6.0796195681, 5.185120462, 8.6874606391, 7.6317755185, 9.1329838651, 4.7522381729, 9.7353233035, 9.3203599505, 11.3630272377, 7.6452691556, 8.2287798389, 7.0122422559, 7.4316571955, 7.7328269747],
      [19.8870815912, 19.8596519331, 14.0971146169, 14.0655468153, 20.2988408744, 21.1623917967, 15.3746750198, 23.0285038405, 21.3502813632, 22.2221728566, 13.4070430436, 25.068104428, 29.0087533477, 20.9446814544, 15.3289993911, 13.9890251771, 13.2837140676, 3.0542291848, 3.813689453, 3.1991063695, 4.2036546635, 4.352149296, 5.7881634114, 3.8457805498, 3.333697693, 1.5048329647, 3.1334277844, 2.2544797726, 2.7906967129, 3.0283281345, 6.2364576654, 3.4102174555, 6.9987383941, 5.4569317937, 3.1562190622, 8.3209745443, 3.655119336, 1.7722695761, 3.0438709372, 5.0226739576, 4.3986506701, 4.3436915052, 4.0898639, 10.3735569567, 5.797890423, 3.061553684, 3.7536025938, 5.33610865, 2.3811800946, 5.0067472292]
    ],
    [
      [0.64952946689, 0.71939644338, 0.34303291992, 0.9076947664, 1.0138611848, 1.0933275185, 0.25116407303, 0.055086395848, 0.62838795608, 0.12060914676, 0.44748655517, 0.13792798474, 0.39745962439, 0.77893733258, 0.86428723438, 0.10927327757, 0.65142257247, 2.1317501388, 2.0230507339, 2.5824653127, 1.474636452, 1.0501879405, 0.64073338744, 1.6122082543, 0.62811383586, 1.1617221787, 1.7518942068, 0.91103530658, 2.124732662, 0.94048611419, 1.3727707996, 3.1963657586, 0.74705019371, 3.4596709284, 0.97586584677, 0.18806117136, 0.92070983842, 0.62849154188, 0.3497809868, 0.20999934376, 0.19806114656, 0.83699262702, 0.36251468371, 0.58278659999, 0.1527422539, 0.58221450905, 0.1545655449, 0.09936062078, 0.35568647257, 0.63860788734],
      [7.7979151918, 7.448008396, 4.2532198963, 11.6298939956, 11.3344907612, 8.9359698646, 8.2162282836, 8.0034507725, 8.4923980012, 10.6662419926, 6.3401463287, 11.7812364323, 7.2174191566, 6.4995954991, 4.8345157413, 7.7371192001, 13.9415499663, 25.2331952417, 24.5635335631, 24.3658437172, 29.3712690721, 28.7353168581, 36.2508829199, 34.4139491122, 29.3821307357, 25.8804750587, 28.2917960568, 24.1086499941, 27.5315913684, 28.5078420022, 27.0680521369, 25.016200127, 19.0380993177, 11.4686531707, 5.2347049425, 3.6128666254, 5.6280560276, 5.9150265147, 7.6018048005, 4.9257774776, 3.3781757088, 11.3910262987, 8.3762181213, 10.4217436124, 7.8134367561, 4.1154059173, 7.0853902517, 8.4945121516, 5.5319748424, 7.0215196024],
      [8.4436737396, 6.5149187057, 6.786953667, 10.4595218005, 7.6656315007, 9.0452466978, 6.76231504, 5.9909091265, 8.4831837079, 6.2235486555, 7.0156292806, 6.1763580231, 3.4016123916, 9.7104325734, 7.5072704671, 8.1881158414, 14.7333316214, 39.8259202745, 36.3126320431, 30.7506194977, 31.4309991998, 32.2916707335, 26.6695794572, 32.5890207172, 34.7728432179, 39.2002621644, 39.3318126582, 39.9769488705, 40.3589207163, 42.0150037063, 26.9943264986, 39.0579374453, 28.8972249558, 14.2559527123, 9.5379186769, 8.1701229667, 8.7761407785, 8.9253362586, 11.8176801133, 5.8182861884, 4.6857791203, 9.4968640253, 9.6471676886, 5.8179013893, 9.6059853327, 7.7549571456, 8.5389433011, 6.1460367949, 10.2035561372, 9.2901361064],
      [1.1088816017, 1.317676455, 0.61679351679, 1.0028894375, 0.9860165533, 1.9254559191, 1.7702926033, 1.9505537051, 1.3960303348, 0.98960020515, 1.1967378355, 1.9044775598, 0.98350882748, 1.0110345949, 0.79392655724, 0.96549168093, 0.6736958398, 1.809134345, 2.1007836599, 2.3010714724, 2.7230952761, 2.9228244679, 4.4388042355, 2.3848219164, 2.2169122105, 0.75754059817, 3.6244970782, 2.0033658288, 2.9847552532, 2.5366681773, 3.5648505648, 2.7294966691, 2.3176255328, 1.8157231886, 0.25151053376, 2.0289492366, 0.67509335552, 0.53114568484, 1.2307340994, 1.0459369902, 0.73798402425, 1.275117049, 0.61409950637, 2.1775683984, 1.4278356574, 0.54742242808, 0.2211009023, 1.2600904327, 0.90878254786, 1.0497364039]
    ],
    [
      [8.0746976792e-07, 2.6142454281e-06, 2.0505681444e-06, 2.7771398118e-06, 1.5826497865e-05, 1.0890995856e-05, 1.3026910176e-06, 1.1489955386e-05, 1.5521949965e-06, 1.4822773361e-05, 7.0553020742e-06, 2.0009607963e-05, 1.1106670451e-05, 3.2680605853e-06, 4.0809638577e-05, 3.9459242899e-06, 8.4930858125e-06, 1.0775643326e-05, 8.5451315436e-06, 1.0970335663e-05, 7.7232373333e-06, 5.5811873543e-06, 5.2599516955e-06, 4.9753046028e-06, 1.5086119037e-05, 9.2315474997e-06, 2.0878589984e-05, 2.5989861837e-05, 2.7061600543e-05, 6.9536014279e-06, 2.4646567689e-06, 4.8574834626e-05, 1.2371327587e-06, 1.196866473e-06, 8.2519897086e-05, 1.5011339881e-05, 1.1630874885e-05, 7.0542906213e-05, 2.2096254724e-05, 1.3829661911e-05, 6.0032588514e-05, 3.286905055e-06, 6.3602143588e-06, 2.6583091162e-06, 1.490543714e-05, 4.714531095e-05, 1.3896783648e-05, 1.5060071406e-05, 2.7880947033e-05, 4.079840118e-06],
      [8.794987822, 11.0575682177, 10.8514304448, 7.3326272051, 6.9729472731, 6.8867258981, 11.0437949101, 11.9111289875, 11.3416522133, 7.1601159861, 8.2311853226, 5.9295985958, 6.079980806, 7.9015294429, 5.7195429133, 10.0607826126, 11.08391755, 7.2700514919, 8.8067875881, 12.5664771, 8.8823065846, 10.3558939901, 9.6253997944, 8.0019567346, 9.8176147597, 10.3604528841, 7.0359244218, 10.0659657828, 6.723232598, 7.152466247, 9.3446150889, 9.016182159, 9.2263188891, 27.9798105553, 33.3541969724, 23.8756011191, 28.1859614073, 37.4138014386, 31.7797236927, 35.5186588251, 33.9553376471, 30.8679074655, 27.0864480383, 26.6893840365, 30.1947237453, 30.0091552679, 36.7424127393, 35.7544630735, 37.9251480941, 28.0794426344],
      [1.2009745634, 2.1197575561, 2.8624756383, 0.73580627054, 0.31189432809, 0.20111092659, 1.1011714103, 1.0679170682, 1.4046579325, 2.0516422528, 2.3725885012, 1.0429633824, 0.91227026249, 1.0541833383, 1.4033422254, 2.8937302995, 1.8734838644, 1.5933012622, 2.1076769797, 2.9336897716, 2.0444356318, 1.9190741926, 0.60156259253, 1.2286407562, 1.7329800578, 1.9019114472, 1.7219795622, 2.1918538287, 1.0521923066, 1.4125231112, 1.4566906767, 1.1234833908, 2.0900438007, 2.2928432302, 7.0534501036, 4.4743076504, 5.1442396534, 7.8895432794, 5.4948592476, 3.549938293, 7.1812370146, 2.7508978018, 4.6175090079, 1.8617386603, 5.0309874297, 8.5997736988, 5.23227686, 3.8417209492, 5.3647866674, 4.9770369189],
      [5.0040368071, 5.8226716119, 8.2860918663, 6.9315637472, 5.7151425723, 4.9121522843, 6.8550323769, 6.0209424543, 8.253688302, 5.7882269383, 6.3962191209, 5.0274180121, 5.0077378248, 7.0442839507, 1.8770740517, 9.045483142, 6.0425900926, 3.1366364702, 5.0855268871, 6.4998221581, 8.0732500604, 7.7250262362, 5.7730323531, 4.7693975338, 6.4493900964, 1.7376264372, 6.2420751374, 6.7421543986, 4.2245480338, 4.4350036881, 10.1986917698, 5.8602858754, 10.6836360731, 14.7273450177, 28.5922704041, 34.6500762191, 35.6697873085, 27.696584739, 27.7253949635, 30.9313890522, 33.8633653057, 30.3811914458, 31.2960365937, 27.448874645, 25.7742739197, 34.391023888, 25.0252965039, 30.4038009172, 27.7100373576, 32.9435163669]
    ]
  ],
  "prob": [
    [0.14901324368, 0.057449007221, 0.51629609272, 0.27724165639],
    [0.026750655355, 0.41970416773, 0.50577691858, 0.047768258335],
    [9.4856950986e-07, 0.49735033454, 0.081755276217, 0.42089344067]
  ],
  "iterations": 28,
  "time": 0.229706,
  "message": "Converged",
  "status": 0,
  "miniter": 0,
  "maxiter": 1000,
  "maxtime": 3600,
  "param_threshold": 0.001,
  "ll_threshold": "-Inf",
  "initial_prob": "group_proportional",
  "ballotbox_id": ["1", "2", "3", "4", "5", "6", "7", "8", "9", "10", "11", "12", "13", "14", "15", "16", "17", "18", "19", "20", "21", "22", "23", "24", "25", "26", "27", "28", "29", "30", "31", "32", "33", "34", "35", "36", "37", "38", "39", "40", "41", "42", "43", "44", "45", "46", "47", "48", "49", "50"],
  "candidates_id": ["1", "2", "3", "4"],
  "group_id": ["1", "2", "3"]
}
