{
  "X": [
    [9, 35, 56],
    [11, 32, 57],
    [13, 27, 60],
    [10, 33, 57],
    [13, 36, 51],
    [13, 23, 64],
    [11, 27, 62],
    [14, 40, 46],
    [9, 28, 63],
    [8, 37, 55],
    [12, 37, 51],
    [11, 35, 54],
    [11, 32, 57],
    [6, 35, 59],
    [12, 40, 48],
    [15, 28, 57],
    [13, 28, 59],
    [11, 16, 73],
    [8, 19, 73],
    [6, 24, 70],
    [10, 19, 71],
    [6, 15, 79],
    [11, 17, 72],
    [16, 16, 68],
    [7, 27, 66],
    [10, 20, 70],
    [10, 20, 70],
    [10, 28, 62],
    [11, 20, 69],
    [7, 19, 74],
    [7, 14, 79],
    [6, 27, 67],
    [8, 18, 74],
    [13, 23, 64],
    [4, 18, 78],
    [10, 16, 74],
    [4, 20, 76],
    [11, 17, 72],
    [8, 24, 68],
    [8, 21, 71],
    [6, 20, 74],
    [8, 24, 68],
    [8, 20, 72],
    [9, 12, 79],
    [8, 21, 71],
    [9, 20, 71],
    [6, 16, 78],
    [8, 23, 69],
    [9, 19, 72],
    [5, 12, 83]
  ],
  "W": [
    [69, 17, 14],
    [74, 11, 15],
    [64, 19, 17],
    [64, 17, 19],
    [70, 15, 15],
    [69, 16, 15],
    [67, 11, 22],
    [72, 8, 20],
    [68, 14, 18],
    [72, 15, 13],
    [69, 16, 15],
    [61, 16, 23],
    [59, 22, 19],
    [65, 15, 20],
    [78, 13, 9],
    [69, 14, 17],
    [44, 35, 21],
    [18, 64, 18],
    [12, 74, 14],
    [23, 67, 10],
    [19, 67, 14],
    [17, 60, 23],
    [19, 69, 12],
    [14, 74, 12],
    [11, 76, 13],
    [15, 63, 22],
    [23, 62, 15],
    [21, 59, 20],
    [20, 65, 15],
    [14, 69, 17],
    [13, 70, 17],
    [11, 68, 21],
    [16, 71, 13],
    [13, 32, 55],
    [18, 14, 68],
    [15, 20, 65],
    [11, 21, 68],
    [14, 13, 73],
    [17, 17, 66],
    [18, 17, 65],
    [13, 16, 71],
    [21, 15, 64],
    [14, 17, 69],
    [14, 19, 67],
    [20, 19, 61],
    [12, 16, 72],
    [13, 24, 63],
    [16, 19, 65],
    [17, 22, 61],
    [21, 14, 65]
  ],
  "method": "mvn_cdf",
  "mvncdf_method": "genz",
  "mvncdf_samples": 5000,
  "mvncdf_error": 0.001,
  "cond_prob": [
    [
      [0.10274355509, 0.4326049141, 0.4646515308],
      [0.071353836863, 0.17398771438, 0.75465844875],
      [0.049834247993, 0.15660498445, 0.79356076755]
    ],
    [
      [0.12483484272, 0.38331414661, 0.49185101067],
      [0.081830007172, 0.14841832411, 0.76975166872],
      [0.057472770671, 0.13347677238, 0.80905045694]
    ],
    [
      [0.15414177805, 0.34989969618, 0.49595852577],
      [0.10133837713, 0.13401888841, 0.76464273445],
      [0.071146884657, 0.12118003322, 0.80767308212]
    ],
    [
      [0.11777823863, 0.42436855679, 0.45785320459],
      [0.081016944262, 0.17106258394, 0.74792047179],
      [0.057100246074, 0.15433412835, 0.78856562558]
    ],
    [
      [0.14689979875, 0.4384785249, 0.41462167635],
      [0.1059879178, 0.1849769283, 0.7090351539],
      [0.075146354694, 0.1687899555, 0.75606368981]
    ],
    [
      [0.15276268773, 0.2885170013, 0.55872031097],
      [0.092853698815, 0.10499906403, 0.80214723716],
      [0.06491435771, 0.094156125734, 0.84092951656]
    ],
    [
      [0.13140941559, 0.34410067428, 0.52448991013],
      [0.082548756137, 0.12874510788, 0.78870613598],
      [0.058524219903, 0.11495721076, 0.82651856934]
    ],
    [
      [0.15702983053, 0.47707693024, 0.36589323923],
      [0.12036643779, 0.21387967336, 0.66575388885],
      [0.086546034961, 0.19697118179, 0.71648278325]
    ],
    [
      [0.10620470406, 0.35406669935, 0.53972859659],
      [0.066992516505, 0.13051177221, 0.80249571128],
      [0.046676938488, 0.11646109074, 0.83686197077]
    ],
    [
      [0.089679530549, 0.4468030937, 0.46351737575],
      [0.064159708387, 0.18100131362, 0.75483897799],
      [0.0446675519, 0.16270442688, 0.79262802122]
    ],
    [
      [0.13599908242, 0.45320992372, 0.41079099386],
      [0.098241717777, 0.19310629348, 0.70865198874],
      [0.069613055233, 0.17592097117, 0.7544659736]
    ],
    [
      [0.13033809619, 0.45641459542, 0.41324730838],
      [0.093933316425, 0.1940967581, 0.71196992547],
      [0.067236655194, 0.1762244152, 0.75653892961]
    ],
    [
      [0.13128963187, 0.42651268501, 0.44219768311],
      [0.09192012694, 0.17429337007, 0.73378650299],
      [0.064824680359, 0.15796302329, 0.77721229635]
    ],
    [
      [0.069448934023, 0.4481087285, 0.48244233747],
      [0.052284459225, 0.17830609486, 0.76940944591],
      [0.035077620007, 0.15991706122, 0.80500531877]
    ],
    [
      [0.13048299011, 0.45934772523, 0.41016928466],
      [0.094188359943, 0.19675633599, 0.70905530407],
      [0.066430899164, 0.17922722934, 0.7543418715]
    ],
    [
      [0.17296186502, 0.34789934134, 0.47913879364],
      [0.11816912389, 0.13557408076, 0.74625679535],
      [0.083015504652, 0.12334754805, 0.7936369473]
    ],
    [
      [0.1619234997, 0.41987883374, 0.41819766657],
      [0.11780836645, 0.17586678183, 0.70632485172],
      [0.083432056553, 0.16047590245, 0.75609204099]
    ],
    [
      [0.15798129743, 0.33535588178, 0.50666282078],
      [0.10687010436, 0.12372937212, 0.76940052351],
      [0.073147220384, 0.11360635067, 0.81324642895]
    ],
    [
      [0.11149108086, 0.40936446147, 0.47914445767],
      [0.079837921612, 0.16294654265, 0.75721553574],
      [0.053864345029, 0.14497016475, 0.80116549022]
    ],
    [
      [0.08249179004, 0.44642858594, 0.47107962402],
      [0.055216180636, 0.18102888495, 0.76375493441],
      [0.040320472643, 0.16032072316, 0.7993588042]
    ],
    [
      [0.13703518081, 0.37951202007, 0.48345279912],
      [0.096741067818, 0.14814014449, 0.7551187877],
      [0.0653342872, 0.13313442414, 0.80153128866]
    ],
    [
      [0.094306598416, 0.33275955145, 0.57293385013],
      [0.05787764469, 0.11569191572, 0.82643043959],
      [0.040179528066, 0.10441620358, 0.85540426836]
    ],
    [
      [0.15336949242, 0.34663936432, 0.49999114326],
      [0.10479635516, 0.13025750661, 0.76494613823],
      [0.071252594846, 0.11884034348, 0.80990706168]
    ],
    [
      [0.24597368457, 0.32346303612, 0.43056327931],
      [0.14988009307, 0.13530547569, 0.71481443123],
      [0.12210346072, 0.12157602442, 0.75632051486]
    ],
    [
      [0.085106253198, 0.54686683662, 0.36802691018],
      [0.071470563582, 0.23747342177, 0.69105601464],
      [0.048620644812, 0.22588344172, 0.72549591347]
    ],
    [
      [0.13859824538, 0.41022867867, 0.45117307595],
      [0.10141033909, 0.16723474993, 0.73135491098],
      [0.069644316221, 0.1504900261, 0.77986565768]
    ],
    [
      [0.13541160005, 0.38132873167, 0.48325966828],
      [0.095446572192, 0.14875610011, 0.7557973277],
      [0.0645230482, 0.133770731, 0.8017062208]
    ],
    [
      [0.12267877346, 0.50873288028, 0.36858834626],
      [0.10214085645, 0.22275124967, 0.67510789389],
      [0.069871761352, 0.20871428919, 0.72141394946]
    ],
    [
      [0.14952462007, 0.38865665079, 0.46181872914],
      [0.10635689525, 0.15575971393, 0.73788339082],
      [0.073087293805, 0.14016570525, 0.78674700095]
    ],
    [
      [0.10055028555, 0.40414583461, 0.49530387984],
      [0.06933783836, 0.15873450546, 0.77192765618],
      [0.047528538561, 0.14054573169, 0.81192572975]
    ],
    [
      [0.10674227261, 0.32881265972, 0.56444506767],
      [0.068886356604, 0.11365347374, 0.81746016966],
      [0.046488558459, 0.10409954482, 0.84941189672]
    ],
    [
      [0.076843117927, 0.55120350291, 0.37195337917],
      [0.062331088863, 0.23845949741, 0.69920941373],
      [0.043629126671, 0.2248340783, 0.73153679503]
    ],
    [
      [0.11266890917, 0.37844401324, 0.50888707759],
      [0.077721109451, 0.14463138561, 0.77764750494],
      [0.052238360174, 0.12892826228, 0.81883337755]
    ],
    [
      [0.19778318432, 0.45000472174, 0.35221209394],
      [0.15100319482, 0.20466617346, 0.64433063172],
      [0.10175847945, 0.19273856485, 0.7055029557]
    ],
    [
      [0.076217975415, 0.3884571724, 0.53532485219],
      [0.04944367779, 0.14495721171, 0.8055991105],
      [0.028468602257, 0.13203485196, 0.83949654579]
    ],
    [
      [0.1665343937, 0.35146618088, 0.48199942543],
      [0.11241442702, 0.13569349784, 0.75189207514],
      [0.080826085449, 0.12329442046, 0.79587949409]
    ],
    [
      [0.074249702886, 0.45190693958, 0.47384335754],
      [0.051012084084, 0.18136164443, 0.76762627148],
      [0.031058816213, 0.16500631076, 0.80393487303]
    ],
    [
      [0.18980196184, 0.36470954135, 0.44548849681],
      [0.13234166844, 0.14639876634, 0.72125956522],
      [0.090716860883, 0.13686140354, 0.77242173557]
    ],
    [
      [0.11771393932, 0.48098484277, 0.40130121791],
      [0.089493792639, 0.20727227816, 0.7032339292],
      [0.067840432678, 0.18635801431, 0.74580155302]
    ],
    [
      [0.12346581961, 0.42854926077, 0.44798491962],
      [0.088043203151, 0.17423099979, 0.73772579706],
      [0.065859704515, 0.15883363553, 0.77530665995]
    ],
    [
      [0.098678771292, 0.43978990856, 0.46153132015],
      [0.06983545201, 0.1772588457, 0.7529057023],
      [0.050701531564, 0.16121957264, 0.78807889579]
    ],
    [
      [0.11797576464, 0.46388014262, 0.41814409274],
      [0.087231124992, 0.19583053542, 0.71693833958],
      [0.065844407308, 0.17689154646, 0.75726404623]
    ],
    [
      [0.12661073925, 0.42862948441, 0.44475977635],
      [0.090781025915, 0.17487153376, 0.73434744033],
      [0.067886553768, 0.15980248035, 0.77231096588]
    ],
    [
      [0.1563213422, 0.29717148599, 0.54650717182],
      [0.09904822296, 0.10517532021, 0.79577645683],
      [0.073575895119, 0.087183106153, 0.83924099873]
    ],
    [
      [0.12221276487, 0.42020551579, 0.45758171933],
      [0.086204315483, 0.16897419281, 0.74482149171],
      [0.064227257514, 0.15385868887, 0.78191405362]
    ],
    [
      [0.14400267191, 0.43227463292, 0.42372269517],
      [0.10525323893, 0.1801428019, 0.71460395917],
      [0.07760994603, 0.16570027187, 0.7566897821]
    ],
    [
      [0.10278971543, 0.37101832807, 0.5261919565],
      [0.067552592311, 0.13867826071, 0.79376914697],
      [0.048293198157, 0.12457910282, 0.82712769902]
    ],
    [
      [0.1192838451, 0.46892896885, 0.41178718605],
      [0.089600879865, 0.19932910657, 0.71107001357],
      [0.0675237194, 0.18015205344, 0.75232422716]
    ],
    [
      [0.14106518829, 0.39611403271, 0.462820779],
      [0.09860341775, 0.15771528282, 0.74368129943],
      [0.072665846042, 0.14420205282, 0.78313210114]
    ],
    [
      [0.090995142932, 0.28308614828, 0.62591870879],
      [0.053676948958, 0.094464681779, 0.85185836926],
      [0.035963457123, 0.072810543712, 0.89122599916]
    ]
  ],
  "expected_outcome": [
    [
      [7.0893053014, 9.237778361, 9.8650737953, 7.5378072721, 10.2829859127, 10.5406254533, 8.8044308446, 11.3061477984, 7.2219198761, 6.4569261995, 9.3839366871, 7.9506238677, 7.7460882805, 4.5141807115, 10.1776732283, 11.9343686865, 7.1246339866, 2.8436633538, 1.3378929703, 1.8973111709, 2.6036684354, 1.6032121731, 2.914020356, 3.443631584, 0.93616878517, 2.0789736807, 3.1144668011, 2.5762542426, 2.9904924015, 1.4077039977, 1.3876495439, 0.84527429719, 1.8027025467, 2.5711813961, 1.3719235575, 2.4980159054, 0.81674673175, 2.6572274658, 2.0011369684, 2.222384753, 1.2828240268, 2.4774910574, 1.7725503495, 2.1884987908, 2.4442552975, 1.7280320629, 1.3362663006, 1.9085415216, 2.398108201, 1.9108980016],
      [29.8497390731, 28.365246849, 22.3935805554, 27.1595876343, 30.6934967431, 19.9076730896, 23.0547451765, 34.3495389773, 24.0765355556, 32.1698227462, 31.2714847368, 27.8412903208, 25.1642484158, 29.1270673527, 35.8291225681, 24.0050545525, 18.4746686844, 6.0364058721, 4.9123735377, 10.2678574766, 7.2107283814, 5.6569123747, 6.586147922, 4.5284825057, 6.0155352029, 6.1534301801, 8.7705608284, 10.683390486, 7.7731330158, 5.6580416846, 4.2745645764, 6.063238532, 6.0551042119, 5.8500613826, 6.9922291031, 5.2719927132, 4.9709763353, 5.1059335788, 8.1767423271, 7.7138866938, 5.7172688113, 9.741482995, 6.0008127817, 4.1604008038, 8.4041103158, 5.1872955951, 4.8232382649, 7.5028635016, 6.7339385561, 5.9448091138],
      [32.0609556255, 36.3969747899, 31.7413456493, 29.3026050935, 29.0235173443, 38.5517014571, 35.1408239788, 26.3443132243, 36.7015445682, 33.3732510543, 28.3445785762, 25.2080858114, 26.0896633037, 31.3587519358, 31.9932042036, 33.060576761, 18.400697329, 9.1199307741, 5.749733492, 10.8348313525, 9.1856031832, 9.7398754523, 9.499831722, 6.0278859103, 4.048296012, 6.7675961392, 11.1149723705, 7.7403552715, 9.2363745827, 6.9342543178, 7.3377858796, 4.0914871708, 8.1421932414, 4.5787572212, 9.6358473394, 7.2299913814, 5.2122769329, 6.2368389554, 6.8221207045, 8.0637285532, 5.9999071619, 8.7810259476, 6.2266368688, 7.6511004054, 9.1516343867, 5.084672342, 6.8404954344, 6.5885949768, 7.867953243, 13.1442928846]
    ],
    [
      [1.2130152267, 0.90013007889, 1.9254291656, 1.3772880524, 1.5898187669, 1.485659181, 0.90803631751, 0.96293150235, 0.93789523107, 0.9623956258, 1.5718674844, 1.5029330628, 2.0222427927, 0.78426688838, 1.2244486793, 1.6543677344, 4.1232928258, 6.8396866793, 5.9080061993, 3.6994841026, 6.4816515438, 3.4726586814, 7.2309485059, 11.0911268874, 5.4317628323, 6.3888513624, 5.9176874759, 6.0263105304, 6.9131981915, 4.7843108468, 4.8220449623, 4.2385140427, 5.518198771, 4.8321022342, 0.69221148907, 2.2482885404, 1.0712537658, 1.7204416898, 1.5213944749, 1.4967344536, 1.1173672322, 1.3084668749, 1.5432774406, 1.8819162362, 1.6378819942, 1.684051823, 1.6212622155, 1.7024167174, 2.1692751905, 0.75147728541],
      [2.9577911445, 1.6326015652, 2.5463588798, 2.908063927, 2.7746539245, 1.6799850244, 1.4161961867, 1.7110373869, 1.827164811, 2.7150197044, 3.0897006957, 3.1055481296, 3.8344541416, 2.6745914229, 2.5578323678, 1.8980371307, 6.1553373641, 7.9186798159, 12.0580441559, 12.1289352919, 9.9253896806, 6.9415149431, 8.9877679563, 10.0126052012, 18.0479800548, 10.5357892458, 9.2228782067, 13.1423237303, 10.1243814054, 10.9526808767, 7.9557431616, 16.2152458238, 10.2688283785, 6.5493175507, 2.0294009639, 2.7138699568, 3.8085945331, 1.9031839624, 3.5236287287, 2.9619269964, 2.8361415311, 2.9374580314, 2.9728160739, 1.9983310839, 3.2105096634, 2.8822848304, 3.3282782571, 3.7872530248, 3.4697362221, 1.3225055449],
      [12.8291936288, 8.4672683559, 14.5282119546, 12.7146480205, 10.6355273086, 12.8343557945, 8.6757674958, 5.3260311108, 11.2349399579, 11.3225846698, 11.3384318199, 11.3915188076, 16.1433030657, 11.5411416887, 9.2177189529, 10.4475951349, 24.7213698101, 49.2416335048, 56.0339496449, 51.1715806055, 50.5929587756, 49.5858263755, 52.7812835379, 52.8962679113, 52.5202571129, 46.0753593918, 46.8594343175, 39.8313657393, 47.9624204031, 53.2630082765, 57.2222118761, 47.5462401335, 55.2129728504, 20.618580215, 11.278387547, 15.0378415028, 16.1201517011, 9.3763743478, 11.9549767965, 12.54133855, 12.0464912367, 10.7540750938, 12.4839064856, 15.1197526798, 14.1516083424, 11.4336633466, 19.0504595274, 13.5103302578, 16.3609885874, 11.9260171697]
    ],
    [
      [0.69767947191, 0.86209156007, 1.2094970392, 1.0849046754, 1.1271953204, 0.97371536565, 1.2875328379, 1.7309206992, 0.84018489278, 0.58067817471, 1.0441958285, 1.5464430695, 1.2316689268, 0.70155240014, 0.59787809247, 1.4112635791, 1.7520731876, 1.3166499669, 0.75410083041, 0.40320472643, 0.9146800208, 0.92412914551, 0.85503113815, 1.4652415286, 0.63206838256, 1.5321749569, 0.967845723, 1.397435227, 1.0963094071, 0.80798515554, 0.7903054938, 0.91621166009, 0.67909868227, 5.5967163696, 1.9358649535, 5.2536955542, 2.1119995025, 6.6223308445, 4.4774685568, 4.2808807935, 3.5998087411, 4.2140420677, 4.68417221, 4.929584973, 3.9178627083, 5.5879161142, 3.0424714839, 4.389041761, 4.4326166085, 2.337624713],
      [2.1924697824, 2.0021515858, 2.0600605648, 2.9323484386, 2.5318493324, 1.412341886, 2.5290586367, 3.9394236358, 2.0962996334, 2.1151575494, 2.6388145676, 4.0531615496, 3.0012974426, 3.1983412244, 1.6130450641, 2.0969083168, 3.3699939515, 2.044914312, 2.0295823065, 1.6032072316, 1.863881938, 2.4015726823, 1.4260841217, 1.4589122931, 2.9364847423, 3.3107805741, 2.0065609649, 4.1742857837, 2.1024855787, 2.3892774387, 1.7696922619, 4.7215156442, 1.6760674096, 10.6006210666, 8.978369933, 8.0141373301, 11.2204291316, 9.9908824588, 12.2996289442, 10.3241863098, 11.4465896576, 11.3210589736, 11.0263711444, 5.8412681123, 9.3853800208, 11.9304195745, 7.8484834779, 11.7098834736, 8.7963252218, 4.7326853413],
      [11.1098507457, 12.1357568542, 13.7304423961, 14.982746886, 11.3409553472, 12.6139427483, 18.1834085254, 14.3296556649, 15.0635154739, 10.3041642759, 11.3169896039, 17.400395381, 14.7670336306, 16.1001063755, 6.7890768435, 13.4918281041, 15.8779328609, 14.6384357211, 11.2163168631, 7.993588042, 11.2214380412, 19.6742981722, 9.7188847401, 9.0758461783, 9.4314468751, 17.157044469, 12.0255933121, 14.4282789892, 11.8012050142, 13.8027374057, 14.4400022443, 15.3622726957, 10.6448339081, 38.8026625638, 57.0857651135, 51.7321671158, 54.667571366, 56.3867866968, 49.222902499, 50.3949328968, 55.9536016014, 48.4648989587, 53.2894566456, 56.2291469148, 47.6967572709, 54.4816643113, 52.1090450382, 48.9010747654, 47.7710581697, 57.9296899457]
    ]
  ],
  "prob": [
    [0.1287004649, 0.40712468668, 0.46417484842],
    [0.089328302273, 0.16326238674, 0.74740931099],
    [0.06335296826, 0.14835819245, 0.78828883929]
  ],
  "iterations": 12,
  "logLik": -257.333008088,
  "time": 0.001975,
  "message": "Converged",
  "status": 0,
  "miniter": 0,
  "maxiter": 1000,
  "maxtime": 3600,
  "param_threshold": 0.001,
  "ll_threshold": "-Inf",
  "initial_prob": "group_proportional",
  "adjust_prob_cond_method": "project_lp",
  "adjust_prob_cond_every": false
}
