{
  "Z_true": {},
  "V_true": [
    [460, 1160, 200, 30],
    [707, 11870, 1489, 420],
    [101, 396, 14229, 300],
    [32, 407, 977, 564],
    [91, 531, 1060, 512]
  ],
  "p_true": [
    [0.2486, 0.627, 0.1081, 0.0162],
    [0.0488, 0.8194, 0.1028, 0.029],
    [0.0067, 0.0264, 0.947, 0.02],
    [0.0162, 0.2056, 0.4934, 0.2848],
    [0.0415, 0.242, 0.4831, 0.2334]
  ],
  "Z_est": [
    [
      [21.8988, 17.9172, 35.5026, 11.613, 1.9908, 21.567, 3.6498, 19.2444, 4.3134, 20.2398, 5.6406, 28.8666, 5.9724, 1.9908, 4.6452, 14.2674, 20.9034, 6.636, 18.9126, 17.2536, 20.5716, 12.9402, 2.9862, 9.2904, 11.2812, 5.9724, 1.3272, 0.3318, 8.295, 9.2904, 5.3088, 3.318, 5.9724, 6.636, 11.2812, 11.613, 11.613, 30.8574, 10.9494, 11.2812, 21.8988, 1.659, 1.9908, 10.6176, 1.659, 39.1524, 7.9632, 44.1294, 10.6176],
      [17.3184, 14.1696, 28.0768, 9.184, 1.5744, 17.056, 2.8864, 15.2192, 3.4112, 16.0064, 4.4608, 22.8288, 4.7232, 1.5744, 3.6736, 11.2832, 16.5312, 5.248, 14.9568, 13.6448, 16.2688, 10.2336, 2.3616, 7.3472, 8.9216, 4.7232, 1.0496, 0.2624, 6.56, 7.3472, 4.1984, 2.624, 4.7232, 5.248, 8.9216, 9.184, 9.184, 24.4032, 8.6592, 8.9216, 17.3184, 1.312, 1.5744, 8.3968, 1.312, 30.9632, 6.2976, 34.8992, 8.3968],
      [20.4864, 16.7616, 33.2128, 10.864, 1.8624, 20.176, 3.4144, 18.0032, 4.0352, 18.9344, 5.2768, 27.0048, 5.5872, 1.8624, 4.3456, 13.3472, 19.5552, 6.208, 17.6928, 16.1408, 19.2448, 12.1056, 2.7936, 8.6912, 10.5536, 5.5872, 1.2416, 0.3104, 7.76, 8.6912, 4.9664, 3.104, 5.5872, 6.208, 10.5536, 10.864, 10.864, 28.8672, 10.2432, 10.5536, 20.4864, 1.552, 1.8624, 9.9328, 1.552, 36.6272, 7.4496, 41.2832, 9.9328],
      [6.2964, 5.1516, 10.2078, 3.339, 0.5724, 6.201, 1.0494, 5.5332, 1.2402, 5.8194, 1.6218, 8.2998, 1.7172, 0.5724, 1.3356, 4.1022, 6.0102, 1.908, 5.4378, 4.9608, 5.9148, 3.7206, 0.8586, 2.6712, 3.2436, 1.7172, 0.3816, 0.0954, 2.385, 2.6712, 1.5264, 0.954, 1.7172, 1.908, 3.2436, 3.339, 3.339, 8.8722, 3.1482, 3.2436, 6.2964, 0.477, 0.5724, 3.0528, 0.477, 11.2572, 2.2896, 12.6882, 3.0528]
    ],
    [
      [5.317, 4.836, 4.862, 1.794, 0.52, 5.096, 0.598, 8.385, 0.923, 7.319, 4.303, 3.575, 1.313, 2.132, 3.653, 4.316, 9.334, 1.365, 3.965, 4.472, 6.578, 3.926, 2.353, 4.043, 5.772, 2.457, 0.546, 0.26, 5.421, 0.858, 1.287, 0.299, 3.51, 5.863, 6.292, 3.952, 5.733, 9.815, 5.33, 3.393, 1.742, 0.338, 0.377, 2.886, 2.184, 9.503, 3.029, 10.972, 1.521],
      [363.6419, 330.7452, 332.5234, 122.6958, 35.564, 348.5272, 40.8986, 573.4695, 63.1261, 500.5633, 294.2921, 244.5025, 89.7991, 145.8124, 249.8371, 295.1812, 638.3738, 93.3555, 271.1755, 305.8504, 449.8846, 268.5082, 160.9271, 276.5101, 394.7604, 168.0399, 37.3422, 17.782, 370.7547, 58.6806, 88.0209, 20.4493, 240.057, 400.9841, 430.3244, 270.2864, 392.0931, 671.2705, 364.531, 232.0551, 119.1394, 23.1166, 25.7839, 197.3802, 149.3688, 649.9321, 207.1603, 750.4004, 104.0247],
      [32.2292, 29.3136, 29.4712, 10.8744, 3.152, 30.8896, 3.6248, 50.826, 5.5948, 44.3644, 26.0828, 21.67, 7.9588, 12.9232, 22.1428, 26.1616, 56.5784, 8.274, 24.034, 27.1072, 39.8728, 23.7976, 14.2628, 24.5068, 34.9872, 14.8932, 3.3096, 1.576, 32.8596, 5.2008, 7.8012, 1.8124, 21.276, 35.5388, 38.1392, 23.9552, 34.7508, 59.494, 32.308, 20.5668, 10.5592, 2.0488, 2.2852, 17.4936, 13.2384, 57.6028, 18.3604, 66.5072, 9.2196],
      [7.8528, 7.1424, 7.1808, 2.6496, 0.768, 7.5264, 0.8832, 12.384, 1.3632, 10.8096, 6.3552, 5.28, 1.9392, 3.1488, 5.3952, 6.3744, 13.7856, 2.016, 5.856, 6.6048, 9.7152, 5.7984, 3.4752, 5.9712, 8.5248, 3.6288, 0.8064, 0.384, 8.0064, 1.2672, 1.9008, 0.4416, 5.184, 8.6592, 9.2928, 5.8368, 8.4672, 14.496, 7.872, 5.0112, 2.5728, 0.4992, 0.5568, 4.2624, 3.2256, 14.0352, 4.4736, 16.2048, 2.2464]
    ],
    [
      [5.8421, 6.5201, 6.9608, 1.9323, 0.3164, 5.0059, 1.1413, 10.17, 1.0509, 8.2151, 2.6668, 2.7685, 2.1357, 0.2034, 0.5311, 3.1414, 2.9945, 2.4521, 2.5199, 2.1809, 4.407, 2.1583, 0.8927, 2.3165, 4.6782, 1.017, 1.7176, 1.4916, 3.164, 2.034, 2.8363, 0.6215, 2.0566, 3.5143, 3.7968, 4.0454, 4.5878, 14.6674, 5.4014, 1.6498, 2.0114, 1.0735, 1.1413, 3.503, 1.4916, 12.9498, 1.9775, 8.1699, 1.6724],
      [10.1332, 11.3092, 12.0736, 3.3516, 0.5488, 8.6828, 1.9796, 17.64, 1.8228, 14.2492, 4.6256, 4.802, 3.7044, 0.3528, 0.9212, 5.4488, 5.194, 4.2532, 4.3708, 3.7828, 7.644, 3.7436, 1.5484, 4.018, 8.1144, 1.764, 2.9792, 2.5872, 5.488, 3.528, 4.9196, 1.078, 3.5672, 6.0956, 6.5856, 7.0168, 7.9576, 25.4408, 9.3688, 2.8616, 3.4888, 1.862, 1.9796, 6.076, 2.5872, 22.4616, 3.43, 14.1708, 2.9008],
      [494.4071, 551.7851, 589.0808, 163.5273, 26.7764, 423.6409, 96.5863, 860.67, 88.9359, 695.2301, 225.6868, 234.2935, 180.7407, 17.2134, 44.9461, 265.8514, 253.4195, 207.5171, 213.2549, 184.5659, 372.957, 182.6533, 75.5477, 196.0415, 395.9082, 86.067, 145.3576, 126.2316, 267.764, 172.134, 240.0313, 52.5965, 174.0466, 297.4093, 321.3168, 342.3554, 388.2578, 1241.2774, 457.1114, 139.6198, 170.2214, 90.8485, 96.5863, 296.453, 126.2316, 1095.9198, 167.3525, 691.4049, 141.5324],
      [6.6693, 7.4433, 7.9464, 2.2059, 0.3612, 5.7147, 1.3029, 11.61, 1.1997, 9.3783, 3.0444, 3.1605, 2.4381, 0.2322, 0.6063, 3.5862, 3.4185, 2.7993, 2.8767, 2.4897, 5.031, 2.4639, 1.0191, 2.6445, 5.3406, 1.161, 1.9608, 1.7028, 3.612, 2.322, 3.2379, 0.7095, 2.3478, 4.0119, 4.3344, 4.6182, 5.2374, 16.7442, 6.1662, 1.8834, 2.2962, 1.2255, 1.3029, 3.999, 1.7028, 14.7834, 2.2575, 9.3267, 1.9092]
    ],
    [
      [6.6708, 7.2594, 3.6297, 1.3734, 0.3924, 5.7879, 1.6677, 8.5347, 0.7848, 7.7499, 4.3164, 2.7468, 2.8449, 1.2753, 1.962, 4.1202, 7.848, 1.6677, 3.5316, 3.7278, 4.8069, 4.3164, 3.6297, 3.4335, 6.9651, 2.1582, 0.981, 0.4905, 6.1803, 1.3734, 1.2753, 0.3924, 2.4525, 6.0822, 7.1613, 3.6297, 5.7879, 12.2625, 6.6708, 2.8449, 2.3544, 1.4715, 1.0791, 3.6297, 3.7278, 11.5758, 2.2563, 6.7689, 0.5886],
      [11.2132, 12.2026, 6.1013, 2.3086, 0.6596, 9.7291, 2.8033, 14.3463, 1.3192, 13.0271, 7.2556, 4.6172, 4.7821, 2.1437, 3.298, 6.9258, 13.192, 2.8033, 5.9364, 6.2662, 8.0801, 7.2556, 6.1013, 5.7715, 11.7079, 3.6278, 1.649, 0.8245, 10.3887, 2.3086, 2.1437, 0.6596, 4.1225, 10.2238, 12.0377, 6.1013, 9.7291, 20.6125, 11.2132, 4.7821, 3.9576, 2.4735, 1.8139, 6.1013, 6.2662, 19.4582, 3.7927, 11.3781, 0.9894],
      [24.8064, 26.9952, 13.4976, 5.1072, 1.4592, 21.5232, 6.2016, 31.7376, 2.9184, 28.8192, 16.0512, 10.2144, 10.5792, 4.7424, 7.296, 15.3216, 29.184, 6.2016, 13.1328, 13.8624, 17.8752, 16.0512, 13.4976, 12.768, 25.9008, 8.0256, 3.648, 1.824, 22.9824, 5.1072, 4.7424, 1.4592, 9.12, 22.6176, 26.6304, 13.4976, 21.5232, 45.6, 24.8064, 10.5792, 8.7552, 5.472, 4.0128, 13.4976, 13.8624, 43.0464, 8.3904, 25.1712, 2.1888],
      [25.3096, 27.5428, 13.7714, 5.2108, 1.4888, 21.9598, 6.3274, 32.3814, 2.9776, 29.4038, 16.3768, 10.4216, 10.7938, 4.8386, 7.444, 15.6324, 29.776, 6.3274, 13.3992, 14.1436, 18.2378, 16.3768, 13.7714, 13.027, 26.4262, 8.1884, 3.722, 1.861, 23.4486, 5.2108, 4.8386, 1.4888, 9.305, 23.0764, 27.1706, 13.7714, 21.9598, 46.525, 25.3096, 10.7938, 8.9328, 5.583, 4.0942, 13.7714, 14.1436, 43.9196, 8.5606, 25.6818, 2.2332]
    ],
    [
      [7.2128, 8.4525, 8.7906, 1.5778, 0.2254, 4.6207, 1.5778, 11.3827, 1.3524, 11.1573, 3.9445, 3.1556, 2.0286, 2.9302, 3.1556, 5.0715, 10.2557, 1.4651, 3.2683, 5.5223, 7.5509, 4.9588, 3.1556, 5.7477, 7.7763, 3.9445, 0.5635, 1.0143, 6.8747, 1.8032, 1.5778, 0.5635, 3.381, 5.8604, 7.6636, 6.6493, 5.8604, 13.0732, 7.7763, 4.7334, 2.3667, 0.9016, 1.9159, 3.381, 3.0429, 20.286, 3.6064, 12.6224, 1.4651],
      [11.968, 14.025, 14.586, 2.618, 0.374, 7.667, 2.618, 18.887, 2.244, 18.513, 6.545, 5.236, 3.366, 4.862, 5.236, 8.415, 17.017, 2.431, 5.423, 9.163, 12.529, 8.228, 5.236, 9.537, 12.903, 6.545, 0.935, 1.683, 11.407, 2.992, 2.618, 0.935, 5.61, 9.724, 12.716, 11.033, 9.724, 21.692, 12.903, 7.854, 3.927, 1.496, 3.179, 5.61, 5.049, 33.66, 5.984, 20.944, 2.431],
      [31.36, 36.75, 38.22, 6.86, 0.98, 20.09, 6.86, 49.49, 5.88, 48.51, 17.15, 13.72, 8.82, 12.74, 13.72, 22.05, 44.59, 6.37, 14.21, 24.01, 32.83, 21.56, 13.72, 24.99, 33.81, 17.15, 2.45, 4.41, 29.89, 7.84, 6.86, 2.45, 14.7, 25.48, 33.32, 28.91, 25.48, 56.84, 33.81, 20.58, 10.29, 3.92, 8.33, 14.7, 13.23, 88.2, 15.68, 54.88, 6.37],
      [13.4528, 15.765, 16.3956, 2.9428, 0.4204, 8.6182, 2.9428, 21.2302, 2.5224, 20.8098, 7.357, 5.8856, 3.7836, 5.4652, 5.8856, 9.459, 19.1282, 2.7326, 6.0958, 10.2998, 14.0834, 9.2488, 5.8856, 10.7202, 14.5038, 7.357, 1.051, 1.8918, 12.8222, 3.3632, 2.9428, 1.051, 6.306, 10.9304, 14.2936, 12.4018, 10.9304, 24.3832, 14.5038, 8.8284, 4.4142, 1.6816, 3.5734, 6.306, 5.6754, 37.836, 6.7264, 23.5424, 2.7326]
    ]
  ],
  "V_est": [
    [613.83, 485.44, 574.24, 176.49],
    [188.318, 12879.5026, 1141.4968, 278.1312],
    [169.7938, 294.5096, 14369.3638, 193.8354],
    [194.238, 326.502, 722.304, 736.956],
    [247.2638, 410.278, 1075.06, 461.1788]
  ],
  "p_est": [
    [0.3318, 0.2624, 0.3104, 0.0954],
    [0.013, 0.8891, 0.0788, 0.0192],
    [0.0113, 0.0196, 0.9563, 0.0129],
    [0.0981, 0.1649, 0.3648, 0.3722],
    [0.1127, 0.187, 0.49, 0.2102]
  ],
  "EI_Z": {},
  "EI_V": 6.7491,
  "MAE_Z": {},
  "MAE_V": 239.8372,
  "MAE_p": 0.0696,
  "runtime": 99.212
}
