{
  "X": [
    [11, 16, 22, 29, 92, 19],
    [5, 12, 30, 41, 87, 15],
    [5, 8, 15, 30, 58, 10],
    [1, 1, 13, 5, 10, 2],
    [16, 23, 79, 71, 185, 48],
    [40, 85, 134, 173, 302, 70],
    [23, 47, 108, 94, 188, 42],
    [15, 33, 78, 53, 86, 33],
    [3, 12, 19, 20, 28, 11],
    [4, 9, 43, 42, 50, 21],
    [8, 11, 8, 14, 23, 5],
    [1, 5, 11, 15, 29, 4],
    [4, 8, 4, 10, 13, 5],
    [5, 7, 29, 20, 30, 16],
    [9, 7, 32, 77, 72, 14],
    [23, 22, 105, 238, 218, 51],
    [16, 12, 39, 81, 109, 28],
    [18, 9, 43, 191, 217, 39],
    [24, 21, 128, 136, 215, 45],
    [29, 22, 97, 116, 240, 59],
    [25, 18, 193, 212, 319, 77],
    [23, 21, 100, 93, 187, 40],
    [24, 6, 91, 100, 159, 32],
    [23, 24, 166, 239, 265, 57],
    [9, 4, 54, 99, 144, 22],
    [8, 16, 71, 149, 163, 35],
    [19, 17, 89, 170, 183, 40],
    [17, 14, 64, 135, 169, 36],
    [14, 4, 57, 122, 120, 30],
    [15, 14, 42, 46, 59, 29],
    [19, 22, 134, 241, 256, 59],
    [27, 29, 170, 118, 156, 60],
    [10, 15, 54, 64, 84, 35],
    [21, 22, 119, 98, 157, 34],
    [6, 10, 53, 32, 60, 23],
    [17, 42, 182, 227, 244, 94],
    [16, 9, 140, 131, 149, 43],
    [32, 22, 190, 145, 147, 52],
    [30, 14, 237, 131, 168, 55],
    [15, 14, 127, 110, 170, 50],
    [25, 39, 186, 253, 331, 88],
    [29, 42, 159, 157, 217, 71],
    [55, 99, 224, 222, 382, 95],
    [45, 31, 121, 133, 274, 74],
    [22, 18, 98, 125, 208, 42],
    [45, 77, 147, 199, 393, 104],
    [35, 25, 102, 190, 324, 76],
    [23, 12, 77, 87, 145, 43],
    [10, 14, 44, 50, 95, 22],
    [34, 27, 150, 165, 284, 82],
    [11, 6, 11, 14, 16, 6],
    [10, 28, 28, 75, 127, 26],
    [35, 67, 116, 190, 310, 75],
    [2, 6, 34, 24, 43, 11],
    [10, 9, 36, 43, 62, 20],
    [43, 16, 113, 108, 127, 67],
    [21, 23, 61, 96, 120, 34],
    [28, 19, 134, 108, 170, 44],
    [37, 12, 160, 132, 150, 49],
    [4, 13, 56, 45, 71, 24],
    [21, 50, 35, 118, 167, 35],
    [10, 10, 231, 272, 224, 86],
    [66, 65, 335, 418, 504, 136],
    [7, 24, 56, 94, 116, 30],
    [112, 225, 444, 547, 662, 249],
    [6, 17, 32, 47, 73, 20]
  ],
  "W": [
    [8, 19, 81, 29, 13, 16, 12, 11],
    [6, 14, 89, 24, 24, 12, 13, 8],
    [2, 6, 69, 12, 8, 12, 13, 4],
    [5, 0, 14, 6, 3, 1, 3, 0],
    [9, 37, 173, 64, 34, 41, 31, 33],
    [36, 105, 354, 119, 37, 62, 53, 38],
    [19, 60, 199, 80, 34, 36, 36, 38],
    [14, 43, 110, 58, 15, 13, 27, 18],
    [0, 10, 38, 17, 2, 8, 14, 4],
    [14, 7, 70, 34, 10, 16, 12, 6],
    [5, 13, 29, 7, 2, 2, 10, 1],
    [4, 7, 27, 11, 3, 3, 6, 4],
    [1, 10, 18, 4, 0, 2, 4, 5],
    [10, 4, 40, 16, 5, 9, 11, 12],
    [3, 12, 113, 24, 17, 16, 14, 12],
    [15, 25, 372, 81, 58, 37, 31, 38],
    [10, 14, 146, 39, 20, 16, 19, 21],
    [8, 20, 325, 37, 18, 52, 34, 23],
    [31, 26, 242, 104, 41, 45, 51, 29],
    [22, 28, 259, 98, 31, 51, 43, 31],
    [33, 22, 380, 149, 74, 51, 79, 56],
    [11, 25, 208, 93, 36, 19, 45, 27],
    [11, 21, 171, 67, 31, 39, 49, 23],
    [29, 25, 363, 148, 70, 64, 37, 38],
    [7, 7, 194, 50, 25, 26, 13, 10],
    [7, 19, 241, 56, 42, 31, 14, 32],
    [12, 22, 272, 75, 52, 27, 28, 30],
    [7, 12, 258, 53, 36, 15, 27, 27],
    [5, 9, 201, 51, 29, 15, 17, 20],
    [16, 29, 61, 50, 13, 6, 15, 15],
    [28, 28, 377, 97, 73, 47, 31, 50],
    [32, 54, 208, 120, 44, 23, 46, 33],
    [14, 26, 107, 42, 26, 13, 16, 18],
    [30, 25, 170, 111, 27, 31, 36, 21],
    [8, 12, 71, 40, 14, 12, 13, 14],
    [31, 61, 343, 155, 51, 61, 41, 63],
    [24, 11, 225, 111, 55, 12, 31, 19],
    [55, 33, 232, 139, 32, 19, 52, 26],
    [24, 21, 226, 168, 68, 33, 68, 27],
    [20, 13, 206, 106, 46, 32, 32, 31],
    [42, 34, 458, 152, 76, 56, 46, 58],
    [32, 49, 288, 125, 48, 32, 61, 40],
    [46, 116, 481, 178, 47, 49, 107, 53],
    [17, 43, 262, 104, 31, 77, 94, 50],
    [19, 39, 230, 72, 41, 42, 45, 25],
    [27, 92, 451, 130, 58, 86, 72, 49],
    [20, 21, 369, 104, 59, 93, 50, 36],
    [12, 17, 174, 62, 26, 30, 44, 22],
    [7, 22, 87, 33, 11, 29, 29, 17],
    [33, 49, 331, 108, 53, 56, 71, 41],
    [2, 3, 27, 7, 3, 3, 16, 3],
    [4, 38, 144, 27, 12, 35, 14, 20],
    [43, 74, 389, 98, 47, 60, 44, 38],
    [4, 4, 40, 32, 14, 9, 10, 7],
    [11, 15, 81, 30, 7, 12, 15, 9],
    [33, 37, 170, 86, 23, 17, 70, 38],
    [11, 28, 168, 52, 25, 23, 20, 28],
    [33, 26, 210, 102, 41, 20, 45, 26],
    [15, 17, 225, 123, 59, 17, 53, 31],
    [11, 15, 87, 48, 17, 4, 17, 14],
    [6, 62, 207, 24, 20, 47, 29, 31],
    [11, 8, 378, 235, 54, 84, 17, 46],
    [56, 79, 699, 260, 123, 104, 110, 93],
    [13, 23, 147, 53, 18, 39, 19, 15],
    [130, 254, 922, 405, 119, 110, 149, 150],
    [9, 30, 93, 27, 6, 9, 13, 8]
  ],
  "method": "mvn_pdf",
  "cond_prob": [
    [
      [0.19148919201, 0.19441587122, 0.29030515812, 0.024933162963, 0.1839467198, 0.11490989589],
      [0.077009057668, 0.66370071448, 0.0011522494274, 0.00053911450014, 0.18418452344, 0.07341434048],
      [0.014756899071, 0.015815362672, 0.0038834654122, 0.28746567601, 0.6628336681, 0.015244928734],
      [0.0045162436414, 0.0018727885936, 0.54128023462, 0.043994907473, 0.1719061416, 0.23642968408],
      [0.0044770000066, 4.5089686473e-05, 0.21354571335, 0.21112946641, 0.55169114954, 0.019111581],
      [0.00052916172974, 0.017394492941, 0.00055892505402, 0.07570558967, 0.84304903694, 0.062762793666],
      [0.48771231746, 0.0081264969659, 0.090141657763, 0.0004167072525, 0.33542032976, 0.078182490792],
      [0.023516799379, 0.0059114688847, 0.015877710141, 0.069756902358, 0.34986075399, 0.53507636525]
    ],
    [
      [0.073759392913, 0.15430162421, 0.46918346866, 0.030258810573, 0.16019576934, 0.11230093431],
      [0.037048481455, 0.67202366619, 0.0022874016881, 0.00081009617199, 0.19875169999, 0.089078654503],
      [0.0059844122623, 0.013039561322, 0.0064651850882, 0.3615351693, 0.59754973796, 0.015425934066],
      [0.0013548033234, 0.0011401144399, 0.66551223286, 0.040867738637, 0.1146640301, 0.17646108064],
      [0.0015959263853, 3.2604304485e-05, 0.31332503232, 0.23229703156, 0.43577430521, 0.016975100228],
      [0.00023006759394, 0.015356075054, 0.00099558521696, 0.10185279473, 0.81352355445, 0.068041922953],
      [0.26060416678, 0.0091252396059, 0.2066380487, 0.00071690662025, 0.41434445905, 0.10857117925],
      [0.0096352937844, 0.0049293745686, 0.026689401821, 0.088610013631, 0.31897583217, 0.55116008403]
    ],
    [
      [0.07308829637, 0.2782007663, 0.40348749145, 0.02340698826, 0.11101332036, 0.11080313727],
      [0.02179220337, 0.84125541359, 0.0011575636649, 0.00037813510517, 0.082933364169, 0.052483320104],
      [0.007837224283, 0.030119624309, 0.0072566576303, 0.37747904927, 0.55716835057, 0.020139093945],
      [0.0015389390905, 0.0022459240668, 0.66800620822, 0.036241089949, 0.091086251842, 0.20088158684],
      [0.0020389105881, 7.2631186825e-05, 0.34895042291, 0.23427325398, 0.3930813194, 0.021583461944],
      [0.00030411143297, 0.035864085384, 0.0011285670571, 0.10693683463, 0.76562090656, 0.090145494934],
      [0.30853736992, 0.018508667974, 0.20794066529, 0.00065307853119, 0.33832397231, 0.12603624597],
      [0.010656054972, 0.0095527943885, 0.025394495599, 0.077138416321, 0.24864782253, 0.62861041619]
    ],
    [
      [0.032282232643, 0.061811379025, 0.79085317263, 0.0078885577278, 0.04196293543, 0.065201722548],
      [0.016940142171, 0.87160668929, 0.0038401927864, 0.00022912894628, 0.055285934956, 0.052097911851],
      [0.0083902762044, 0.015713874031, 0.030501730841, 0.34699234044, 0.5713022042, 0.027099574278],
      [0.00047409055925, 0.00034152233661, 0.8873648369, 0.0082515074679, 0.023321466221, 0.080246576513],
      [0.0010004832429, 1.7423265538e-05, 0.73485907421, 0.086255754624, 0.16426489473, 0.013602369932],
      [0.00031619222349, 0.018146354801, 0.0046137915718, 0.091622305316, 0.76359546976, 0.12170588633],
      [0.19675998875, 0.0054528696448, 0.52291452687, 0.00029835633388, 0.17461838953, 0.099955868866],
      [0.0074804025401, 0.0032122193734, 0.07216256193, 0.040393758868, 0.14710601098, 0.72964504631]
    ],
    [
      [0.089780329498, 0.080334179605, 0.57810459353, 0.021010459866, 0.12061969094, 0.11015074656],
      [0.073612605947, 0.53498688315, 0.0046353063859, 0.00091636560297, 0.24346808682, 0.14238075209],
      [0.010026349269, 0.0094518896602, 0.0109725398, 0.3394187598, 0.60930627259, 0.02082418888],
      [0.0015029427857, 0.00054943544162, 0.73770876037, 0.025699146917, 0.078268104338, 0.15627161014],
      [0.0021927474062, 1.942912094e-05, 0.4343401689, 0.17931292087, 0.36535225799, 0.018782475711],
      [0.00037428657938, 0.010803003155, 0.0016415584008, 0.093230491514, 0.80490520544, 0.089045454909],
      [0.31572297359, 0.0048763872395, 0.25785391222, 0.00050137831307, 0.31351685922, 0.10752848942],
      [0.013429442403, 0.0029722930481, 0.037685642079, 0.069854526755, 0.27263590185, 0.60342219386]
    ],
    [
      [0.12361945173, 0.14972129059, 0.49344854728, 0.026930920706, 0.10945404902, 0.096825740674],
      [0.070863605892, 0.6835063365, 0.0027924288629, 0.00082203015252, 0.15446281575, 0.087552782849],
      [0.013259545801, 0.016882036106, 0.0090390225623, 0.41545709085, 0.52780015723, 0.017562147449],
      [0.0023740970707, 0.0011747496165, 0.72021768498, 0.03771335211, 0.081327622234, 0.15719249399],
      [0.0031799243674, 3.8109171443e-05, 0.39032270219, 0.24122677223, 0.34786220447, 0.017370287576],
      [0.00054556430633, 0.021261853703, 0.0014904451039, 0.12591759976, 0.76810307914, 0.082681457983],
      [0.41495069628, 0.0087288855399, 0.21213038714, 0.00061677544124, 0.27281388373, 0.090759371871],
      [0.020140927198, 0.0060216817081, 0.035186612576, 0.09724988253, 0.26856345306, 0.57283744293]
    ],
    [
      [0.096445915797, 0.11461107994, 0.60275957307, 0.020999378798, 0.095488915822, 0.069695136572],
      [0.070289154842, 0.67328145026, 0.0043066202393, 0.00081397546334, 0.17125422112, 0.080054578073],
      [0.012395029444, 0.015495777169, 0.013180855467, 0.3898709354, 0.55389178538, 0.015165617143],
      [0.0016866097675, 0.00081825607792, 0.80287879666, 0.026809721617, 0.064673987857, 0.10313262802],
      [0.0025196728496, 2.9619628574e-05, 0.48446999045, 0.19143293362, 0.30883220006, 0.012715583379],
      [0.00050086679215, 0.019173107558, 0.0021343633424, 0.11593271719, 0.79211741203, 0.070141533091],
      [0.36359170933, 0.0074663666288, 0.28906466207, 0.0005378204157, 0.26629203395, 0.073047407609],
      [0.019942147847, 0.0058524514063, 0.054360410991, 0.09645127343, 0.2980603758, 0.52533334053]
    ],
    [
      [0.076787931223, 0.098062409795, 0.65540910092, 0.016833284348, 0.064482504781, 0.088424768938],
      [0.064901976188, 0.67715651083, 0.0053763988696, 0.00075597222802, 0.13413159658, 0.11767754531],
      [0.013178404259, 0.01772345494, 0.018996093304, 0.42155196084, 0.50291191035, 0.025638176307],
      [0.0012518823957, 0.00065200322943, 0.81521349631, 0.020041539732, 0.040721852486, 0.12211922585],
      [0.0022093286689, 2.7885851216e-05, 0.58030639186, 0.16954497315, 0.23016644205, 0.017744978422],
      [0.00053867822678, 0.022196834325, 0.0031117223957, 0.12631496867, 0.72761519257, 0.12022260381],
      [0.32921424724, 0.0072264913625, 0.35456286639, 0.00048799081408, 0.20365952333, 0.10484888086],
      [0.015386791128, 0.0048589776727, 0.056969299399, 0.075040275989, 0.19531599016, 0.65242866565]
    ],
    [
      [0.037729802428, 0.3305116732, 0.45592307348, 0.017638797424, 0.056788987497, 0.10140766598],
      [0.010100001305, 0.90786178409, 0.0011359414647, 0.00025365501172, 0.037849906477, 0.042798711648],
      [0.0063045385226, 0.055653639204, 0.012417291633, 0.45190473838, 0.44541411533, 0.028305676932],
      [0.00078847532404, 0.0026199196788, 0.74387153218, 0.026800530206, 0.045691294519, 0.18022824809],
      [0.0013375443587, 0.00010844077153, 0.49751268199, 0.2234716922, 0.25277875473, 0.024790885949],
      [0.00026234237885, 0.071146636776, 0.0020692370543, 0.13517891641, 0.65507591307, 0.13626695431],
      [0.22397511413, 0.031321197949, 0.33382491102, 0.00069955732096, 0.24618268287, 0.16399653672],
      [0.0068497685221, 0.014121512621, 0.035047281799, 0.071916776289, 0.15693716654, 0.71512749423]
    ],
    [
      [0.05027714496, 0.13329077623, 0.57696515615, 0.025144911709, 0.070009662374, 0.14431234858],
      [0.030299823734, 0.7245566922, 0.0033629124458, 0.00080789621727, 0.10414067, 0.1368320054],
      [0.0067163314391, 0.018406334096, 0.012925428704, 0.49895624368, 0.43060686974, 0.032388792337],
      [0.00082415654002, 0.00087138365061, 0.72275413711, 0.030078351052, 0.044413408566, 0.20105856308],
      [0.0013818577084, 3.543082547e-05, 0.48659727178, 0.24418421442, 0.24029034809, 0.027510877168],
      [0.00028915652627, 0.024287283793, 0.0022308094676, 0.15649109929, 0.65592923396, 0.16077241696],
      [0.23366316759, 0.010304485292, 0.3338941964, 0.00078259805698, 0.23780880545, 0.18354674721],
      [0.0067876840657, 0.0043555895239, 0.033693575617, 0.075788866295, 0.14330619008, 0.73606809442]
    ],
    [
      [0.19056413792, 0.19606178962, 0.36259615626, 0.030174068435, 0.11876317762, 0.10184067015],
      [0.077964549805, 0.73091499254, 0.0014149565547, 0.00066809883694, 0.12228536067, 0.066752041593],
      [0.016758625716, 0.018316731267, 0.0053912827586, 0.43002485908, 0.51416320706, 0.015345294113],
      [0.0041535715434, 0.0017308430464, 0.64565749774, 0.049467953027, 0.10284212116, 0.19614801348],
      [0.0048146302986, 4.9066331682e-05, 0.28815202047, 0.29064451419, 0.39812423926, 0.018215529453],
      [0.00070655656961, 0.023754357934, 0.00091181584319, 0.12973231925, 0.77004891387, 0.074846036534],
      [0.55182006245, 0.0089710845058, 0.12191361025, 0.00055797777464, 0.24060799222, 0.076129272804],
      [0.02683848509, 0.0069010352397, 0.022233272888, 0.099026874054, 0.26377049987, 0.58122983286]
    ],
    [
      [0.045557388347, 0.11265107198, 0.44431761766, 0.061099435635, 0.26317427336, 0.073200213022],
      [0.023909743926, 0.56612101331, 0.0021620371318, 0.0017153841278, 0.34566177507, 0.060430046438],
      [0.0020141651372, 0.00515256072, 0.0032033775354, 0.4244696836, 0.55970573815, 0.0054544748589],
      [0.00081550265977, 0.00079350758949, 0.62408689589, 0.080053391702, 0.18207646313, 0.11217423902],
      [0.00064356548656, 1.5396295912e-05, 0.18607835331, 0.3220235434, 0.48406158399, 0.0071775575266],
      [8.4908685814e-05, 0.0066313066906, 0.00053822171522, 0.12794996994, 0.8387319059, 0.026063687067],
      [0.14245816674, 0.0058486517739, 0.16949328005, 0.001298843084, 0.61826433535, 0.062636723005],
      [0.0053085172912, 0.0031876152892, 0.02174054785, 0.16478138335, 0.48102295875, 0.32395897747]
    ],
    [
      [0.1958202586, 0.17815098056, 0.4117662592, 0.030551306459, 0.094646992636, 0.089064202552],
      [0.082871748913, 0.7515404059, 0.0014973405828, 0.00070776088814, 0.10250477748, 0.060877966228],
      [0.017569307675, 0.017789754617, 0.0058798758959, 0.49269290831, 0.45156684843, 0.014501305074],
      [0.003736728048, 0.0013984123484, 0.71989851633, 0.045377432113, 0.074104884201, 0.15548402696],
      [0.0049316138445, 4.5866827097e-05, 0.33148836325, 0.31320377459, 0.33361411245, 0.016716269042],
      [0.00080239517273, 0.025123802614, 0.0010793004792, 0.15805277179, 0.73804311039, 0.076898619551],
      [0.61281508771, 0.0080456190529, 0.12606257274, 0.0005515987456, 0.18760146508, 0.06492365667],
      [0.029570860219, 0.0070119077673, 0.025746121495, 0.11515900331, 0.2400322886, 0.58247981861]
    ],
    [
      [0.057356410184, 0.16843951561, 0.63403224005, 0.012276625294, 0.043786379199, 0.084108829659],
      [0.0279865591, 0.85089955333, 0.0029486338644, 0.00032151455238, 0.053009197334, 0.06483454182],
      [0.013017641697, 0.038902165164, 0.02374858903, 0.42438690833, 0.46740568113, 0.032539014649],
      [0.00097395337463, 0.0011142118595, 0.83205869318, 0.015263062202, 0.028872479672, 0.12171759972],
      [0.0019045401034, 5.2840432287e-05, 0.65137467515, 0.14465695988, 0.18247435775, 0.01953662668],
      [0.00052647932917, 0.04835141402, 0.003852026284, 0.12448587172, 0.67062054859, 0.15216366005],
      [0.3007478941, 0.014020841816, 0.40206959, 0.00042222678406, 0.16437303465, 0.11836641265],
      [0.012544112616, 0.008730659257, 0.05905510219, 0.06074995395, 0.14717184278, 0.71174832921]
    ],
    [
      [0.11546817211, 0.061131424791, 0.59752088409, 0.045850602403, 0.10087540607, 0.079153510538],
      [0.11270663412, 0.51442356852, 0.0055778124556, 0.0023823135428, 0.24294077886, 0.1219688925],
      [0.0097114925241, 0.0054824824487, 0.0084761896213, 0.57319170623, 0.39176211026, 0.011376018921],
      [0.0019048072592, 0.00041479279272, 0.76450577739, 0.055899259623, 0.065216608958, 0.11205875397],
      [0.0023954776692, 1.2686296304e-05, 0.38257272287, 0.33939521865, 0.26404495257, 0.01157894194],
      [0.00049517267064, 0.0085705094908, 0.0017324345862, 0.21415163569, 0.70845657062, 0.066593676946],
      [0.40752070971, 0.003616561037, 0.25680678757, 0.0010659585413, 0.25578955366, 0.075200429478],
      [0.019414535884, 0.0025703069899, 0.043482675462, 0.17415146594, 0.2602212516, 0.50015976412]
    ],
    [
      [0.12119888691, 0.099831180511, 0.55493863995, 0.038188996237, 0.090504679779, 0.095337616616],
      [0.092058926839, 0.6187561912, 0.0041484133004, 0.0015448935691, 0.16926843544, 0.11422313965],
      [0.012026544274, 0.010417363005, 0.0094059029766, 0.54705281798, 0.40506476951, 0.016032602252],
      [0.0021311488149, 0.00071684656829, 0.74406801494, 0.049115644367, 0.061766426412, 0.1422019189],
      [0.0028551800611, 2.3268135266e-05, 0.40279970805, 0.31434041833, 0.26427828787, 0.015703137556],
      [0.00058467163342, 0.01550860088, 0.0018330459337, 0.19591068837, 0.69688797977, 0.089275013409],
      [0.42298527924, 0.0059817656694, 0.24554389138, 0.00090127133944, 0.23248413795, 0.092103654426],
      [0.019904489194, 0.0040451504889, 0.039900007465, 0.13941291372, 0.22449505858, 0.57224238055]
    ],
    [
      [0.18704955601, 0.12374144646, 0.41424807021, 0.037088568093, 0.1258208949, 0.11205146432],
      [0.10815683192, 0.60559175525, 0.0023534160848, 0.0011478738001, 0.18017082363, 0.10257929931],
      [0.015808956107, 0.011018017747, 0.0060127833476, 0.46215093804, 0.48881715865, 0.016192146111],
      [0.003764471923, 0.0010161160324, 0.6466816629, 0.055214343946, 0.09933318124, 0.19399022396],
      [0.0043566355318, 2.8536884235e-05, 0.3001055098, 0.30755047946, 0.36954010146, 0.018418736855],
      [0.00068868079584, 0.014712532653, 0.0010507466015, 0.14795023634, 0.75465058688, 0.080947216728],
      [0.51675723686, 0.0057069979344, 0.14163480275, 0.0006798254994, 0.25131244649, 0.083908690471],
      [0.025473391259, 0.0041611113139, 0.024849686575, 0.1138093642, 0.26228611014, 0.56942033651]
    ],
    [
      [0.11078886975, 0.057802212068, 0.50752991984, 0.05126076915, 0.13993892395, 0.13267930525],
      [0.096837423431, 0.41105745583, 0.0043363140581, 0.0023921804083, 0.3019981136, 0.18337851267],
      [0.0077743835653, 0.004288714473, 0.0060384454444, 0.5215063975, 0.44461135511, 0.015780703909],
      [0.0018684786377, 0.00039933760573, 0.65315203547, 0.063191140936, 0.091535203102, 0.18985380425],
      [0.0021329008172, 1.1065666233e-05, 0.29942863953, 0.34580926166, 0.33477708059, 0.017841051737],
      [0.00036094251995, 0.0060936355754, 0.0011236166488, 0.17821082493, 0.73027626507, 0.08393471526],
      [0.3499070375, 0.0031545949528, 0.20282877123, 0.0010990686204, 0.32668045983, 0.11633006786],
      [0.013063974749, 0.0016912201778, 0.02602367363, 0.1347159868, 0.24986169398, 0.57464345067]
    ],
    [
      [0.091087464654, 0.091103430555, 0.57212626737, 0.034230473595, 0.12335976139, 0.088092602436],
      [0.071060739143, 0.57768091615, 0.0043999286329, 0.0014223537389, 0.23705756399, 0.10837849835],
      [0.0083355781826, 0.0087495131119, 0.0089300318984, 0.45179325625, 0.50856345165, 0.013628168909],
      [0.0015627762236, 0.0006370248388, 0.7453707373, 0.042812390087, 0.081861725475, 0.12775534608],
      [0.0020033612967, 1.9785588778e-05, 0.38641453193, 0.2625097529, 0.33554543905, 0.013507129233],
      [0.0003594717135, 0.011547757888, 0.0015431033932, 0.1433723561, 0.77593293014, 0.067244380763],
      [0.32276863367, 0.0055869542342, 0.2592195022, 0.00082692669368, 0.32451558181, 0.087082401392],
      [0.014718640854, 0.0036254209756, 0.040414593923, 0.12273083765, 0.30052856713, 0.51798193946]
    ],
    [
      [0.1450215252, 0.10498158654, 0.46714100883, 0.027146793044, 0.13263565119, 0.12307343518],
      [0.095100441158, 0.55899954361, 0.0030238202568, 0.00094957965399, 0.21451577694, 0.12741083838],
      [0.013862424266, 0.010550582746, 0.0076374844484, 0.37507864616, 0.57293781394, 0.019933048436],
      [0.0027162454626, 0.00080265175167, 0.66727388621, 0.037183665753, 0.096389859068, 0.19563369176],
      [0.0035063420036, 2.5107305174e-05, 0.34809647807, 0.22957334839, 0.39800006795, 0.020798656287],
      [0.0005397194721, 0.012575322443, 0.0011920666849, 0.10754339928, 0.78927758051, 0.088871911607],
      [0.42830912594, 0.0053371688281, 0.17550055155, 0.00054409804752, 0.28941884238, 0.10089021325],
      [0.019382234727, 0.0034610841795, 0.02738227529, 0.080687962903, 0.26791207647, 0.60117436644]
    ],
    [
      [0.065676484846, 0.074759723677, 0.6099675456, 0.033068586055, 0.11865835515, 0.097869304675],
      [0.058396385677, 0.53782697673, 0.005357672437, 0.0015653676909, 0.25966071348, 0.13719288399],
      [0.0062700776315, 0.0074839178617, 0.0099325916906, 0.45268887873, 0.50785629589, 0.015768238197],
      [0.0010682042858, 0.00049542425436, 0.75064894191, 0.039118008218, 0.074488203971, 0.13418121736],
      [0.0014420184864, 1.6199217172e-05, 0.41059640229, 0.2520357539, 0.32095851264, 0.014951113463],
      [0.00026827131627, 0.0097963965096, 0.0017026612523, 0.14266118981, 0.76840607035, 0.077165410763],
      [0.25109037381, 0.0049757976513, 0.2999826021, 0.00086578600285, 0.33817236474, 0.1049130757],
      [0.01024582174, 0.0028698394704, 0.041586660062, 0.11408230447, 0.27817388864, 0.55304148561]
    ],
    [
      [0.11083485399, 0.12413801603, 0.51797382096, 0.026022490894, 0.12982009628, 0.091210721849],
      [0.069057868353, 0.63786123002, 0.0031774460954, 0.00086424351735, 0.19940799362, 0.089631218393],
      [0.010958989067, 0.012858969852, 0.0087427409092, 0.37204671264, 0.58013247006, 0.015260117475],
      [0.0020405745216, 0.00092844595142, 0.72701499303, 0.035005326141, 0.092641136003, 0.14236952436],
      [0.0026454646163, 2.9176545032e-05, 0.38065020232, 0.21714275754, 0.38433123383, 0.015201165148],
      [0.00043053634999, 0.015465864031, 0.0013765383065, 0.10756398114, 0.80653709603, 0.068625984139],
      [0.36895849499, 0.0070951233266, 0.21941330675, 0.00058825290561, 0.31962238627, 0.08432243576],
      [0.017761976522, 0.0048884446517, 0.036334887938, 0.09269634763, 0.31427167744, 0.53404666582]
    ],
    [
      [0.10203508672, 0.029896381555, 0.64652694112, 0.032336950429, 0.11035665833, 0.078847981838],
      [0.13605557493, 0.32466140907, 0.0084303633392, 0.0022953729521, 0.36264096392, 0.16591631579],
      [0.010141474397, 0.003154639699, 0.010913073658, 0.46619764532, 0.49632411583, 0.013269051097],
      [0.0016304786557, 0.00019669716214, 0.78549969436, 0.037727116142, 0.068309566949, 0.10663644673],
      [0.0022433226158, 6.5640648592e-06, 0.43612490916, 0.24867416548, 0.30084931021, 0.012101728471],
      [0.00044747995941, 0.0042595363267, 0.0019293559724, 0.15118473256, 0.77515715365, 0.067021741527],
      [0.35369120848, 0.0018044399245, 0.28454962732, 0.00076174484745, 0.28321122091, 0.075981758524],
      [0.018018855897, 0.0013156917815, 0.049704204634, 0.12707931288, 0.29466126675, 0.50922066806]
    ],
    [
      [0.10246684062, 0.10701359058, 0.55303886502, 0.041455966942, 0.10891864976, 0.087106087083],
      [0.074021111433, 0.62757991783, 0.0039455541488, 0.0015945058145, 0.19367487776, 0.099184033017],
      [0.0090480334947, 0.0099168687339, 0.008352787911, 0.5269925889, 0.43267267706, 0.0130170439],
      [0.0018039074075, 0.00076830454479, 0.74008466177, 0.053277145231, 0.074277269062, 0.12978871199],
      [0.0022446886774, 2.3156886565e-05, 0.37272593858, 0.31658673121, 0.29509748494, 0.013321999705],
      [0.00043032930052, 0.014437879368, 0.0015921535138, 0.18462629127, 0.7280731383, 0.070840208242],
      [0.36603612056, 0.0065927856985, 0.25207485111, 0.0010061543004, 0.2877487617, 0.086541326623],
      [0.016799426684, 0.00432014077, 0.039742045538, 0.15079934581, 0.26921222579, 0.51912681541]
    ],
    [
      [0.11509306357, 0.054200108161, 0.55985925107, 0.034274885709, 0.13030054362, 0.10627214787],
      [0.10759008722, 0.4284172837, 0.0050944208622, 0.0017090954508, 0.30064063658, 0.15654847619],
      [0.01006430903, 0.0050406111524, 0.0083393383995, 0.43915566203, 0.5215970747, 0.015803004686],
      [0.0019168814711, 0.00037206491788, 0.71893703777, 0.042104917478, 0.084920163733, 0.15174893463],
      [0.0024669181547, 1.1620274715e-05, 0.37111293053, 0.25990505458, 0.35049323216, 0.016010244309],
      [0.00042421287786, 0.0065069694432, 0.0014101903447, 0.13623740985, 0.77897408703, 0.076447130449],
      [0.372946235, 0.0029669899956, 0.22424556655, 0.0007381530233, 0.30571379868, 0.093389256748],
      [0.016238803941, 0.0019058670804, 0.034583570099, 0.10857980792, 0.28057426042, 0.55811769054]
    ],
    [
      [0.075645097118, 0.10175897455, 0.58883600762, 0.038161849541, 0.10535601547, 0.090242055707],
      [0.056884685583, 0.63577422526, 0.0043168074906, 0.0015247426365, 0.19473229545, 0.10676724359],
      [0.0070506273937, 0.0099564375655, 0.0093243646386, 0.51522226569, 0.44419635468, 0.014249950032],
      [0.0012674369811, 0.00069423422876, 0.75424516597, 0.046812547674, 0.06856860117, 0.12841201398],
      [0.001670825567, 2.2181820862e-05, 0.40015940871, 0.29518962212, 0.289020567, 0.013937394786],
      [0.00032796839498, 0.01418432674, 0.0017383614931, 0.17635791067, 0.7314541544, 0.075937278301],
      [0.29821519093, 0.0068333190011, 0.29177717235, 0.001011884458, 0.3042482931, 0.097914140159],
      [0.012376690828, 0.0041005131905, 0.041980880114, 0.13900782039, 0.26080307017, 0.5417310253]
    ],
    [
      [0.12340345595, 0.094912739259, 0.53346764215, 0.040870770078, 0.11156902632, 0.095776366246],
      [0.09234900566, 0.58338987236, 0.0039254596869, 0.0016289361929, 0.2056529186, 0.11305380751],
      [0.010784300307, 0.0087266966138, 0.0079705489316, 0.51730400842, 0.44101739384, 0.014197051878],
      [0.0021881742487, 0.00068734876579, 0.72280222965, 0.053092235258, 0.076894952167, 0.14433505991],
      [0.0027161400776, 2.067763576e-05, 0.36210969667, 0.31522694152, 0.30517201278, 0.014754531313],
      [0.00050499789406, 0.012514105216, 0.0014961312752, 0.17832707016, 0.73101315659, 0.076144538863],
      [0.40980453591, 0.0053946034621, 0.22390916652, 0.0009156809781, 0.27217295161, 0.087803061518],
      [0.019018637663, 0.0036107325198, 0.036025645464, 0.14028142212, 0.26019666383, 0.54086689841]
    ],
    [
      [0.12086342045, 0.14240144714, 0.4980096208, 0.030620099595, 0.10470759657, 0.10339781545],
      [0.068789848436, 0.68732671438, 0.002785517469, 0.00093128253223, 0.14721218875, 0.092954448442],
      [0.012427922642, 0.015309951314, 0.0087404982896, 0.45709607565, 0.48838506683, 0.018040485269],
      [0.002260226619, 0.0010779172595, 0.71387994589, 0.04197762729, 0.076161356786, 0.16464292616],
      [0.0030210024868, 3.4942361791e-05, 0.38442991211, 0.26859257429, 0.32582484071, 0.018096728039],
      [0.0005347841917, 0.020181153397, 0.0015080224419, 0.14480868327, 0.74396175185, 0.089005604846],
      [0.41494257079, 0.0082622288375, 0.21515453573, 0.00070700734838, 0.26326326915, 0.09767038814],
      [0.018723736005, 0.0054026522175, 0.033775591298, 0.10578084514, 0.24581068307, 0.59050649228]
    ],
    [
      [0.15892862098, 0.043886409698, 0.54947858078, 0.037637582545, 0.098834362398, 0.1112344436],
      [0.16656858753, 0.3863493379, 0.0056122082559, 0.0021023845861, 0.25546451559, 0.18390296615],
      [0.015081946404, 0.004451038287, 0.0089119244355, 0.5241264907, 0.42942897297, 0.017999627208],
      [0.0027029460037, 0.0003092925543, 0.72135883823, 0.047308970639, 0.065908251949, 0.16241170062],
      [0.0036334513687, 1.0088626937e-05, 0.38969614005, 0.30491195926, 0.28382981566, 0.017918545032],
      [0.00070708162091, 0.0063939835238, 0.0016765589499, 0.18080662248, 0.71349840192, 0.096917351508],
      [0.48302278394, 0.0022554990481, 0.20592512962, 0.00075733646376, 0.21659957772, 0.091439673207],
      [0.023004210637, 0.0015912036761, 0.034898570446, 0.12242063936, 0.21842217845, 0.59966319743]
    ],
    [
      [0.18100048836, 0.070420034085, 0.40830910892, 0.059020999631, 0.14859901703, 0.13265035197],
      [0.1351235006, 0.42880585184, 0.0029855135477, 0.0023457803483, 0.27428255129, 0.15645680237],
      [0.011143694493, 0.0046130618113, 0.0043250884141, 0.54351356039, 0.42245781665, 0.013946778236],
      [0.003383854312, 0.00054371596876, 0.5916257713, 0.081775311704, 0.10904898278, 0.21362236393],
      [0.003359370929, 1.3095909241e-05, 0.23531328871, 0.39450023549, 0.34945550959, 0.017358499365],
      [0.00053802715672, 0.0068261451194, 0.00083681746141, 0.19112575423, 0.72346652018, 0.077206735862],
      [0.48046429342, 0.0031628332236, 0.13409164053, 0.0010388931721, 0.2858203642, 0.095421975452],
      [0.020253898736, 0.0019694315016, 0.020151770414, 0.14926060113, 0.25486210707, 0.55350219116]
    ],
    [
      [0.088008425999, 0.08172878762, 0.59542940754, 0.039276578044, 0.1036985893, 0.091858211497],
      [0.076075706408, 0.57141521227, 0.0050694428394, 0.0018061476068, 0.22048363175, 0.12514985912],
      [0.0081891089749, 0.0079923972012, 0.0094558102667, 0.52593097848, 0.43397042674, 0.014461278336],
      [0.0014667506165, 0.00055632816426, 0.75384001111, 0.047757312933, 0.066909816999, 0.12946978018],
      [0.0019330375614, 1.7758531333e-05, 0.40191627245, 0.3005262326, 0.28152949774, 0.014077201112],
      [0.00038676176312, 0.011554287891, 0.0017897000717, 0.1829692003, 0.72513221869, 0.078167831281],
      [0.3284688847, 0.0052737909893, 0.28345101725, 0.00099651531084, 0.28638902074, 0.095420771006],
      [0.014322434303, 0.0032808807034, 0.042373910129, 0.14175970747, 0.2543305818, 0.54393248559]
    ],
    [
      [0.078341725491, 0.045340325865, 0.70191214528, 0.021116647982, 0.065793491386, 0.087495663996],
      [0.10456116761, 0.48500072086, 0.0091957669292, 0.0014970629653, 0.21584574964, 0.18389953199],
      [0.012239739905, 0.0074662217992, 0.018660199573, 0.4758002447, 0.46275172365, 0.02308187038],
      [0.0012093019958, 0.00028661176734, 0.82144710647, 0.023749498558, 0.039265822523, 0.11404165869],
      [0.0020772909205, 1.1922844409e-05, 0.57150938508, 0.19487073811, 0.21536822832, 0.016162434732],
      [0.00053613114297, 0.010011882454, 0.0032753783613, 0.1532620793, 0.71713387546, 0.11578065328],
      [0.323637103, 0.0032572798352, 0.3702414701, 0.00059399938942, 0.20150529166, 0.10076485602],
      [0.015546385253, 0.0022271180753, 0.060766103685, 0.09283142953, 0.19653907434, 0.63208988911]
    ],
    [
      [0.087669508411, 0.068947215801, 0.56427062129, 0.03148130041, 0.098250828916, 0.14938052517],
      [0.077073154325, 0.49721597334, 0.0048198957335, 0.0014690090272, 0.21246882677, 0.2069531408],
      [0.0091282942698, 0.0075836178235, 0.0099764539774, 0.48030795968, 0.46667371473, 0.026329959515],
      [0.0014105290254, 0.00045450307222, 0.69483464005, 0.037143387605, 0.061478035926, 0.20467890433],
      [0.002093039216, 1.6344778405e-05, 0.4151929817, 0.26498841427, 0.29279862799, 0.024910592042],
      [0.00039100194818, 0.009952192833, 0.0017125127594, 0.15073969318, 0.70767386327, 0.12953073601],
      [0.32145008041, 0.0043231196629, 0.25916331335, 0.00077526810321, 0.26381257512, 0.15047564335],
      [0.01083287844, 0.0021150831653, 0.030370711159, 0.086811430424, 0.18408692713, 0.68578296968]
    ],
    [
      [0.10849638542, 0.11413607308, 0.53584551802, 0.035381298437, 0.12753707334, 0.078603651703],
      [0.072906257535, 0.62781119965, 0.003548347072, 0.0012664777129, 0.21121100335, 0.083256714681],
      [0.0095561952784, 0.010546990246, 0.0080639788838, 0.45187244444, 0.50823752576, 0.011722865393],
      [0.0019660696893, 0.000842497484, 0.73996010257, 0.046860791521, 0.089602993116, 0.12076754562],
      [0.002390893649, 2.4825854544e-05, 0.36346142641, 0.27310054627, 0.34891948725, 0.012102820567],
      [0.00041513999224, 0.014026969262, 0.0014038545158, 0.14430427995, 0.78157931016, 0.058270446121],
      [0.36790348155, 0.0066508013102, 0.23106420196, 0.00081390163143, 0.31962059508, 0.073947018471],
      [0.018218521557, 0.0047173310722, 0.039416107387, 0.13225001019, 0.32386490357, 0.48153312621]
    ],
    [
      [0.062011081094, 0.08265886173, 0.67443762931, 0.015099358611, 0.067091385203, 0.098701684054],
      [0.055699552999, 0.65066913104, 0.0057969336665, 0.00071895406538, 0.14809541195, 0.13902001628],
      [0.010803458395, 0.01512815862, 0.019703092158, 0.38805148913, 0.53726028915, 0.029053512546],
      [0.00097022295273, 0.0005242298206, 0.80903243816, 0.017303873431, 0.040776548688, 0.13139268694],
      [0.0017600177255, 2.3060682331e-05, 0.59011609486, 0.15085746061, 0.23768108054, 0.019562285584],
      [0.00041916466317, 0.017999433387, 0.0030654399708, 0.11016033113, 0.7386437293, 0.12971190155],
      [0.27881090617, 0.0062438636623, 0.37471795103, 0.00045199352163, 0.21905451683, 0.12072076878],
      [0.011425197928, 0.0037498660482, 0.053661846822, 0.0621708437, 0.18784572184, 0.68114652366]
    ],
    [
      [0.058608888848, 0.077152437784, 0.63386621193, 0.035466859622, 0.086593013419, 0.1083125884],
      [0.054927471163, 0.57825395747, 0.005847052628, 0.0017661512446, 0.19940896148, 0.15979640602],
      [0.0062309229377, 0.0086144026061, 0.011475830759, 0.5413653458, 0.41288279567, 0.019430702228],
      [0.00092829849681, 0.00049880417102, 0.76008105566, 0.040874101117, 0.052957286865, 0.14466045369],
      [0.0013555573303, 1.7639254673e-05, 0.44946442981, 0.28494015386, 0.24678956675, 0.017432652987],
      [0.0002949418329, 0.012479106419, 0.0021764810232, 0.18864370807, 0.69116824838, 0.10523751427],
      [0.24812235861, 0.0056857112958, 0.34422841898, 0.0010259166702, 0.27265153853, 0.12828605591],
      [0.0092074601644, 0.0029891425643, 0.043470611989, 0.12325281698, 0.20446030594, 0.61661966237]
    ],
    [
      [0.083756426009, 0.061493116992, 0.63402996598, 0.028383433335, 0.086460104891, 0.10587695279],
      [0.085438930963, 0.51966600946, 0.0063597773279, 0.0015399754253, 0.2169601074, 0.17003519942],
      [0.0099218772846, 0.0076607150721, 0.012811464416, 0.48602788422, 0.4623961154, 0.021181943611],
      [0.0013358526003, 0.00040064239142, 0.76875066575, 0.03305557532, 0.053428527907, 0.14302873603],
      [0.0020455965832, 1.4860386822e-05, 0.47635807975, 0.2420257839, 0.26152483901, 0.018030840369],
      [0.00043781858462, 0.010348022731, 0.0022660955829, 0.15777234628, 0.72205842931, 0.10711728752],
      [0.32382784685, 0.0040921338597, 0.31132177342, 0.00074328978566, 0.24656703978, 0.11344791631],
      [0.013540698644, 0.0024519364448, 0.044850836561, 0.10185230577, 0.21082508031, 0.62647914227]
    ],
    [
      [0.093037813913, 0.055655853722, 0.67118531013, 0.027974227846, 0.069298237156, 0.08284855723],
      [0.1093883231, 0.52710754181, 0.0077746413909, 0.0017497651307, 0.20049015655, 0.15348957201],
      [0.012295431618, 0.0077412855044, 0.015123633403, 0.53382754287, 0.41251900553, 0.018493101072],
      [0.0014831380507, 0.00036300970394, 0.81137830734, 0.032498268833, 0.042719246951, 0.11155802913],
      [0.0023497055648, 1.3926103306e-05, 0.52068975353, 0.24616029081, 0.21620483691, 0.01458148708],
      [0.00058695594361, 0.011311931268, 0.0028933765249, 0.18738342267, 0.69675071351, 0.10107360008],
      [0.36560022476, 0.0037970505205, 0.33715675984, 0.00074873514043, 0.20193136108, 0.090765868657],
      [0.01831911401, 0.0027075160773, 0.057775447532, 0.12213900258, 0.20552895643, 0.59352996337]
    ],
    [
      [0.072214573175, 0.0446835856, 0.73008431194, 0.018617034314, 0.057610780505, 0.076789714469],
      [0.10194725555, 0.51587097006, 0.010147005425, 0.0013969702, 0.19994829883, 0.17068949994],
      [0.012802479395, 0.0083406865655, 0.022058751569, 0.47487155524, 0.45895543545, 0.022971091781],
      [0.0011034882179, 0.00027924421193, 0.84488826765, 0.020713716699, 0.034015678225, 0.098999604993],
      [0.0019732270053, 1.2092394691e-05, 0.61256476329, 0.17675786524, 0.194081017, 0.014611035074],
      [0.0005635645302, 0.011237770545, 0.0038911761521, 0.15380299593, 0.71472882337, 0.11577566947],
      [0.31297245437, 0.0033671446865, 0.40496116012, 0.00054993931112, 0.18526531856, 0.09288398295],
      [0.016149645653, 0.0024684156903, 0.071332862276, 0.09212681218, 0.19372774045, 0.62419452375]
    ],
    [
      [0.07956483268, 0.10058278743, 0.59729834949, 0.02514915245, 0.095167712232, 0.10223716572],
      [0.060222924761, 0.63504047028, 0.0044486430746, 0.0010135973295, 0.17736916458, 0.12190519998],
      [0.0094857829084, 0.012548661365, 0.012142760922, 0.43312200476, 0.51209384937, 0.020606940677],
      [0.0013321035408, 0.00068373837525, 0.76059882187, 0.030735165315, 0.061710776288, 0.14493939461],
      [0.0020026576035, 2.4903072886e-05, 0.46251937096, 0.22091015926, 0.29659025627, 0.01795265284],
      [0.00039341816501, 0.015933873088, 0.0020185558712, 0.13216939217, 0.75158789144, 0.097896869266],
      [0.31078180073, 0.0067325752158, 0.29657159452, 0.00066597098198, 0.27445205987, 0.11079599868],
      [0.013052954426, 0.0040480037058, 0.04285616645, 0.091593302212, 0.23555723573, 0.61289233747]
    ],
    [
      [0.082013409717, 0.14136812533, 0.54449241384, 0.029416779053, 0.097940489235, 0.10476878282],
      [0.050136785751, 0.69728854192, 0.0032910266376, 0.00095755749339, 0.14734935185, 0.10097673634],
      [0.0089966480412, 0.016243355744, 0.010204232017, 0.46303835315, 0.48209979684, 0.019417614209],
      [0.0014591823914, 0.0010239599369, 0.73461175512, 0.038125968478, 0.067362712092, 0.15741642198],
      [0.0020581825007, 3.4972831267e-05, 0.41983105622, 0.25656582651, 0.30318993226, 0.01832002967],
      [0.000387256183, 0.021400001437, 0.0017602744359, 0.14687525034, 0.73393409819, 0.095643119411],
      [0.31976221591, 0.0095441132002, 0.27221328224, 0.00078262311666, 0.28357076788, 0.11412699765],
      [0.013057482198, 0.0055326214095, 0.037954776016, 0.10367109552, 0.23455344891, 0.60523057595]
    ],
    [
      [0.081964007744, 0.11549182162, 0.58465108858, 0.025989957427, 0.087152517491, 0.10475060714],
      [0.058566240279, 0.66507779591, 0.0041198540303, 0.00098834797163, 0.1532460024, 0.11800175941],
      [0.010075260552, 0.014891039556, 0.012255607583, 0.45958088546, 0.48145642224, 0.021740784609],
      [0.001399464424, 0.00080344173123, 0.75697747078, 0.032316991267, 0.057502527823, 0.15100010397],
      [0.00212544849, 2.9552293774e-05, 0.46562222364, 0.2344261181, 0.27888146976, 0.018915187724],
      [0.00043030557252, 0.019466739859, 0.0020974310032, 0.14447085284, 0.72725026762, 0.10628440311],
      [0.32379072928, 0.0079151540539, 0.29606730297, 0.0007009577449, 0.25586774442, 0.11565811152],
      [0.013525888621, 0.0046929089445, 0.042174132673, 0.094961828724, 0.2163638143, 0.62828142673]
    ],
    [
      [0.090361335659, 0.13825781075, 0.56700155953, 0.02221236016, 0.09250411744, 0.089662816461],
      [0.057722805927, 0.70221168748, 0.0035813469501, 0.00075538310006, 0.14540500803, 0.090323768517],
