{
  "Z_true": {},
  "V_true": [
    [1322, 1039, 393, 67],
    [2468, 8439, 4284, 507],
    [213, 103, 12862, 387],
    [89, 192, 1078, 223],
    [41, 79, 913, 250],
    [136, 221, 769, 614]
  ],
  "p_true": [
    [0.4686, 0.3683, 0.1393, 0.0238],
    [0.1572, 0.5376, 0.2729, 0.0323],
    [0.0157, 0.0076, 0.9482, 0.0285],
    [0.0563, 0.1214, 0.6814, 0.141],
    [0.032, 0.0616, 0.7116, 0.1949],
    [0.0782, 0.127, 0.442, 0.3529]
  ],
  "Z_est": [
    [
      [6, 102.5685, 51, 6.8645, 43.8383, 41.1867, 104, 111, 113.7801, 110.4537, 112.8082, 38, 232.8997, 99.6119, 51.2306, 122, 16, 13, 32.4639, 47, 77, 46.4693, 26, 114, 53, 68, 44, 134.2027, 42.522, 64.1266, 49, 22, 216.3201, 43, 219, 69.6653],
      [0, 0, 0, 0, 0, 0, 0, 0, 0, 0, 0, 0, 0, 0, 0, 0, 0, 0, 0, 0, 0, 0, 0, 0, 0, 0, 0, 0, 0, 0, 0, 0, 0, 0, 0, 0],
      [0, 3.4315, 0, 0.5907, 0.1617, 6.8133, 0, 0, 7.2199, 0.5463, 3.1918, 0, 12.1003, 9.3881, 1.1076, 0, 0, 0, 0.5361, 0, 0, 2.5307, 0, 0, 0, 0, 0, 4.7973, 3.478, 2.8734, 0, 0, 9.6799, 0, 0, 7.3347],
      [0, 0, 0, 0.5448, 0, 0, 0, 0, 0, 0, 0, 0, 0, 0, 0.6618, 0, 0, 0, 0, 0, 0, 0, 0, 0, 0, 0, 0, 0, 0, 0, 0, 0, 0, 0, 0, 0]
    ],
    [
      [3.4784, 40.2303, 27.0161, 0.9452, 20.5354, 5.6714, 64.7308, 72.3577, 39.3145, 51.3537, 47.0874, 36.1126, 86.0666, 28.1818, 18.7456, 94.5506, 12.3101, 6.4135, 14.3942, 25.9276, 41.283, 16.7327, 25.582, 58.4078, 29.7564, 55.6059, 51.4594, 53.8887, 12.3976, 24.4546, 28.8789, 19.2437, 83.3766, 28.7849, 159.3749, 18.116],
      [26.048, 274.8715, 239.7107, 20.2999, 65.7657, 103.0017, 237.07, 266.331, 271.4423, 407.5294, 274.6338, 202.2471, 478.338, 191.3849, 73.8083, 510.9574, 79.4335, 45.805, 191.1122, 406.3051, 508.3759, 297.2997, 203.3545, 639.5424, 339.9436, 610.5849, 270.6555, 421.0684, 36.231, 304.2541, 238.923, 252.9803, 678.3944, 107.5825, 465.7985, 121.9657],
      [7.9112, 84.2142, 135.0766, 6.0683, 4.7304, 38.1253, 72.3275, 72.754, 59.9321, 91.2169, 56.1778, 51.3653, 97.4514, 28.9645, 25.4541, 127.9249, 54.0651, 15.3846, 112.0148, 192.1355, 190.1789, 132.3805, 79.4387, 292.7386, 111.0285, 204.66, 108.1316, 126.1566, 16.5489, 154.2093, 122.2504, 44.3084, 227.3875, 18.8794, 186.7142, 28.1184],
      [3.5624, 28.684, 26.1966, 4.6866, 10.9685, 16.2016, 22.8717, 21.5573, 21.3111, 38.8999, 21.101, 17.2751, 47.144, 15.4688, 9.992, 59.5671, 13.1913, 6.3969, 24.4788, 32.6318, 53.1622, 31.587, 25.6248, 77.3112, 28.2715, 53.1491, 33.7535, 37.8862, 5.8225, 33.0821, 23.9476, 48.4675, 86.8415, 7.7532, 62.1125, 4.7999]
    ],
    [
      [1.4014, 3.5837, 2.0986, 0.1029, 1.6263, 0.6173, 2.3785, 2.5876, 2.1896, 2.3784, 2.3121, 1.0568, 4.4599, 1.7746, 1.0238, 3.0232, 0.3729, 1.0339, 0.6173, 1.2527, 3.3728, 1.0876, 0.8388, 2.7426, 1.3146, 2.0061, 1.3954, 2.7992, 0.7544, 1.4243, 1.0545, 2.7276, 3.9481, 4.3735, 5.3847, 1.2351],
      [0.4068, 9.553, 0, 0.3222, 0.2887, 0.6888, 0.7887, 0.872, 0.875, 1.2499, 1.0416, 0.4077, 1.3065, 0.4613, 0, 0.8631, 0, 0, 0, 1.4791, 2.7528, 1.2916, 0.8065, 2.3273, 1.1368, 1.9136, 0.6934, 1.6279, 0.1756, 1.3035, 0, 0.7589, 2.7671, 0.4345, 2.0267, 0.3988],
      [82.749, 464.8375, 516.9014, 55.4994, 94.7846, 410.415, 261.0122, 288.633, 290.025, 415.071, 345.5624, 135.1112, 431.8741, 152.2841, 184.9429, 285.2157, 179.0696, 98.6317, 538.4675, 492.729, 918.6467, 430.2768, 268.5155, 774.5084, 378.3655, 637.089, 230.1896, 540.8789, 57.8873, 433.9158, 478.9455, 250.7238, 1340.101, 140.7398, 671.4797, 131.9511],
      [2.4428, 1.0258, 0, 1.0755, 0.3004, 1.279, 0.8207, 0.9074, 0.9105, 1.3007, 1.0839, 0.4243, 1.3595, 0.48, 5.0332, 0.8981, 0.5574, 1.3345, 0.9152, 1.5391, 0.2277, 1.344, 0.8392, 2.4217, 1.183, 1.9913, 0.7216, 1.694, 0.1827, 1.3564, 0, 0.7897, 4.1838, 0.4521, 2.1089, 0.415]
    ],
    [
      [0, 0, 0, 0, 0, 0, 0, 0, 0, 0, 0, 0, 0, 0, 0, 0, 0, 0, 0, 0, 0, 0, 0, 0, 0, 0, 0, 0, 0, 0, 0.2209, 1.526, 0, 0, 0, 0],
      [0.1302, 1.3937, 1.1767, 0.1013, 0.3231, 0.5112, 1.1671, 1.3069, 1.331, 2.0014, 1.3503, 0.9935, 2.3438, 0.9404, 0.3617, 1.7823, 0.3906, 0.2267, 0.9452, 1.9966, 2.5078, 1.4661, 1.0031, 3.1444, 1.6686, 2.9997, 1.331, 2.0786, 0.1784, 1.4998, 1.1719, 1.2491, 3.3566, 0.5305, 2.2956, 0.598],
      [4.775, 31.0847, 58.3491, 10.8134, 9.5062, 31.1853, 29.3967, 27.2948, 26.2801, 56.2968, 36.2324, 23.6746, 55.8596, 25.7561, 9.4107, 40.1935, 19.3818, 16.6311, 28.5521, 53.3775, 111.5249, 48.9365, 31.5322, 96.528, 63.8098, 110.0046, 59.081, 67.1343, 2.7267, 39.8837, 53.1709, 50.4189, 95.9649, 16.2988, 59.6233, 12.2882],
      [0.0948, 0.5216, 0.4742, 0.0853, 0.1707, 0.3035, 0.4362, 0.3983, 0.3888, 0.7018, 0.4173, 0.3319, 0.7966, 0.3035, 0.2276, 1.0242, 0.2276, 0.1422, 0.5026, 0.6259, 0.9673, 0.5974, 0.4647, 1.3277, 0.5216, 0.9957, 0.588, 0.7871, 0.0948, 0.6164, 0.4362, 0.8061, 1.6785, 0.1707, 1.0811, 0.1138]
    ],
    [
      [0, 0, 0, 0, 0, 0, 0, 0, 0, 0, 0, 0, 0, 0, 0, 0, 0, 0.3231, 0, 0, 0, 0, 0, 0.9042, 0, 0, 0, 0, 0.1833, 0, 1.9495, 0, 0, 0, 0, 0],
      [0, 0, 0, 0, 0, 0, 0, 0, 0, 0, 0, 0, 0, 0, 0, 0, 0, 0, 0, 0, 0, 0, 0, 0, 0, 0, 0, 0, 0, 0, 0, 0, 0, 0, 0, 0],
      [9, 47, 46, 4, 13.5037, 31, 21, 15, 26, 26, 25, 15, 36, 12, 12, 39, 16, 9.6769, 48, 63, 86, 47, 25, 82.0958, 42, 72, 26, 49, 5.8167, 52, 53.0505, 12, 128, 10, 67, 8],
      [0, 0, 0, 0, 0.4963, 0, 0, 0, 0, 0, 0, 0, 0, 0, 0, 0, 0, 0, 0, 0, 0, 0, 0, 0, 0, 0, 0, 0, 0, 0, 0, 0, 0, 0, 0, 0]
    ],
    [
      [0.1202, 1.6175, 0.8852, 0.0874, 0, 0.5246, 1.8907, 2.0546, 1.7158, 1.8142, 1.7923, 0.8306, 3.5738, 1.4317, 0, 2.4262, 0.3169, 0.2295, 0.5246, 0.8197, 1.3443, 0.7104, 0.5792, 1.9453, 0.929, 1.388, 1.1451, 2.1093, 0.1427, 0.9945, 0.8962, 0.5027, 3.3552, 0.8415, 4.2404, 0.9836],
      [0.415, 3.1817, 3.1126, 0.2767, 0.6225, 1.7984, 2.9742, 2.49, 2.3517, 4.2192, 2.9742, 2.3517, 4.0117, 2.2134, 0.83, 6.3973, 1.1759, 0.9684, 3.9426, 4.2192, 6.3635, 3.9426, 2.8359, 6.986, 3.2509, 6.5018, 3.3201, 6.2251, 0.415, 3.9426, 2.9051, 4.0117, 11.4819, 1.4525, 5.8793, 1.0375],
      [1.5648, 16.4321, 17.6729, 1.0282, 2.3135, 9.4611, 16.2636, 12.3183, 11.5428, 21.8689, 16.8356, 13.8489, 15.7146, 12.6072, 3.0846, 26.6659, 5.4835, 5.6757, 25.4295, 24.7579, 36.6495, 22.8756, 15.5136, 33.1292, 17.7962, 37.2464, 16.5978, 39.0329, 1.5423, 22.1178, 16.5827, 18.5488, 66.8667, 9.082, 26.1828, 6.3076],
      [3.9, 24.7687, 23.3293, 2.6077, 6.064, 14.2159, 21.8714, 19.1371, 18.3896, 33.0977, 21.3978, 16.9688, 34.6999, 15.7477, 8.0854, 46.5107, 10.0237, 7.1264, 27.1033, 31.2031, 47.6428, 29.4715, 22.0713, 58.9395, 25.024, 48.8638, 26.937, 42.6327, 3.9, 29.9451, 21.6161, 34.9367, 84.2962, 9.624, 48.6975, 6.6713]
    ]
  ],
  "V_est": [
    [2744.0121, 0, 75.7813, 1.2066],
    [1402.767, 9863.05, 3376.4242, 1055.7589],
    [72.3509, 41.0193, 13408.0308, 43.599],
    [1.7469, 47.8529, 1512.9784, 19.4218],
    [3.36, 0, 1279.1436, 0.4963],
    [44.7631, 121.0778, 646.6418, 927.5173]
  ],
  "p_est": [
    [0.9727, 0, 0.0269, 0.0004],
    [0.0894, 0.6283, 0.2151, 0.0673],
    [0.0053, 0.003, 0.9884, 0.0032],
    [0.0011, 0.0302, 0.9564, 0.0123],
    [0.0026, 0, 0.997, 0.0004],
    [0.0257, 0.0696, 0.3716, 0.5331]
  ],
  "EI_Z": {},
  "EI_V": 13.7793,
  "MAE_Z": {},
  "MAE_V": 421.2909,
  "MAE_p": 0.1175,
  "runtime": 0.7347
}
