{
  "X": [
    [4, 6, 16, 37, 2],
    [8, 7, 16, 99, 0],
    [54, 63, 217, 882, 21],
    [1, 2, 7, 30, 1],
    [0, 16, 35, 47, 4],
    [5, 6, 35, 31, 3],
    [6, 5, 11, 30, 1],
    [9, 7, 19, 54, 1],
    [13, 18, 55, 113, 2],
    [68, 95, 448, 783, 28],
    [30, 42, 179, 292, 16],
    [52, 63, 216, 551, 10],
    [10, 19, 115, 172, 5],
    [1, 1, 1, 31, 0],
    [2, 1, 11, 13, 0],
    [3, 6, 35, 22, 4],
    [18, 34, 121, 420, 6],
    [43, 41, 381, 242, 11],
    [5, 2, 7, 19, 0],
    [12, 28, 122, 125, 2],
    [88, 73, 420, 604, 18],
    [1, 2, 4, 3, 0],
    [2, 7, 13, 15, 0],
    [29, 19, 92, 218, 8],
    [4, 19, 37, 111, 3],
    [1, 0, 5, 7, 0],
    [80, 113, 427, 1063, 23],
    [79, 63, 356, 706, 19],
    [162, 140, 708, 1195, 60],
    [24, 17, 82, 247, 6],
    [10, 4, 12, 42, 0],
    [0, 3, 13, 14, 1],
    [3, 3, 7, 11, 1],
    [6, 1, 33, 45, 5],
    [2, 12, 16, 31, 1],
    [2, 6, 14, 26, 0],
    [0, 1, 2, 11, 3],
    [4, 6, 15, 63, 1],
    [1, 3, 2, 5, 2],
    [3, 3, 6, 27, 0],
    [71, 87, 273, 503, 21],
    [6, 9, 37, 44, 1],
    [7, 4, 23, 47, 4],
    [17, 26, 79, 131, 11],
    [17, 17, 109, 193, 9],
    [59, 78, 223, 437, 17],
    [45, 65, 236, 437, 20],
    [21, 26, 85, 157, 5],
    [80, 73, 264, 439, 32],
    [10, 16, 30, 57, 2],
    [11, 28, 74, 301, 11],
    [59, 100, 181, 1008, 27],
    [32, 70, 91, 525, 14],
    [17, 18, 61, 228, 10],
    [1, 0, 6, 4, 0],
    [0, 4, 3, 7, 0],
    [24, 71, 152, 479, 8],
    [24, 27, 57, 313, 7],
    [32, 14, 48, 260, 9],
    [2, 2, 15, 7, 0],
    [4, 5, 5, 17, 0],
    [37, 37, 194, 252, 18],
    [31, 25, 186, 144, 14],
    [62, 37, 242, 202, 17],
    [63, 45, 222, 229, 17],
    [54, 53, 314, 326, 13],
    [4, 5, 13, 20, 2],
    [2, 1, 4, 3, 0],
    [5, 6, 18, 25, 2],
    [21, 30, 87, 151, 9],
    [2, 7, 7, 15, 0],
    [42, 30, 121, 190, 7],
    [52, 38, 192, 671, 13],
    [22, 25, 115, 238, 15],
    [29, 23, 94, 229, 9],
    [27, 31, 146, 123, 1],
    [3, 1, 3, 24, 1],
    [17, 75, 194, 355, 11],
    [166, 300, 1113, 1576, 86],
    [169, 221, 672, 1052, 74],
    [0, 1, 1, 1, 2]
  ],
  "W": [
    [6, 16, 36, 3, 4],
    [4, 22, 97, 4, 3],
    [37, 236, 883, 55, 26],
    [2, 9, 25, 2, 3],
    [18, 35, 36, 2, 11],
    [8, 36, 30, 3, 3],
    [2, 14, 31, 4, 2],
    [1, 23, 52, 11, 3],
    [11, 58, 114, 10, 8],
    [54, 508, 749, 75, 36],
    [19, 209, 272, 38, 21],
    [27, 255, 549, 40, 21],
    [3, 128, 164, 16, 10],
    [1, 3, 28, 0, 2],
    [0, 14, 9, 2, 2],
    [4, 37, 21, 3, 5],
    [34, 122, 401, 18, 24],
    [16, 405, 238, 39, 20],
    [0, 6, 21, 5, 1],
    [14, 136, 122, 9, 8],
    [42, 461, 578, 93, 29],
    [1, 5, 3, 1, 0],
    [0, 16, 15, 2, 4],
    [12, 109, 204, 25, 16],
    [13, 46, 104, 5, 6],
    [0, 6, 7, 0, 0],
    [56, 487, 1030, 92, 41],
    [37, 390, 695, 77, 24],
    [74, 779, 1182, 147, 83],
    [7, 93, 235, 24, 17],
    [2, 16, 43, 4, 3],
    [3, 13, 14, 0, 1],
    [0, 13, 9, 3, 0],
    [2, 40, 40, 3, 5],
    [6, 17, 30, 2, 7],
    [4, 15, 27, 1, 1],
    [0, 3, 13, 0, 1],
    [2, 18, 67, 1, 1],
    [2, 2, 8, 1, 0],
    [1, 7, 26, 3, 2],
    [43, 312, 491, 75, 34],
    [3, 44, 42, 4, 4],
    [4, 24, 48, 3, 6],
    [10, 98, 126, 16, 14],
    [8, 119, 185, 20, 13],
    [43, 260, 420, 50, 41],
    [32, 249, 445, 49, 28],
    [11, 92, 155, 24, 12],
    [36, 285, 451, 71, 45],
    [11, 33, 57, 8, 6],
    [17, 94, 280, 20, 14],
    [47, 247, 961, 69, 51],
    [28, 139, 492, 39, 34],
    [14, 62, 229, 20, 9],
    [0, 6, 4, 1, 0],
    [0, 5, 8, 1, 0],
    [50, 186, 444, 23, 31],
    [20, 63, 304, 22, 19],
    [8, 53, 254, 38, 10],
    [0, 16, 7, 2, 1],
    [5, 6, 17, 2, 1],
    [23, 220, 235, 36, 24],
    [13, 203, 146, 23, 15],
    [23, 247, 205, 50, 35],
    [27, 235, 235, 45, 34],
    [30, 330, 313, 64, 23],
    [2, 19, 21, 1, 1],
    [2, 2, 5, 1, 0],
    [4, 16, 28, 3, 5],
    [15, 96, 155, 21, 11],
    [2, 12, 13, 1, 3],
    [17, 142, 179, 35, 17],
    [18, 210, 661, 44, 33],
    [12, 113, 245, 23, 22],
    [14, 112, 219, 26, 13],
    [18, 150, 111, 30, 19],
    [2, 2, 22, 4, 2],
    [63, 196, 348, 17, 28],
    [148, 1230, 1599, 126, 138],
    [102, 759, 1084, 128, 115],
    [1, 1, 2, 0, 1]
  ],
  "method": "mvn_cdf",
  "mvncdf_method": "genz",
  "mvncdf_samples": 5000,
  "mvncdf_error": 0.001,
  "cond_prob": [
    [
      [0.0051481136082, 0.60983624609, 0.19904055862, 0.17636608438, 0.009608997299],
      [0.033022064273, 0.048706908813, 0.85869365801, 0.046133671006, 0.013443697898],
      [0.020021710841, 0.015946833216, 0.010073111271, 0.93423088035, 0.019727464328],
      [0.7047711732, 0.010743726736, 0.075795654194, 0.20167777896, 0.0070116669105],
      [0.15141579503, 0.23883870162, 0.11915978795, 0.24157993207, 0.24900578333]
    ],
    [
      [0.011837664252, 0.57415808806, 0.084070869597, 0.32993337809, 0],
      [0.094149900397, 0.10271677056, 0.68100680129, 0.12212652775, 0],
      [0.017794402743, 0.015769267595, 0.0042798852881, 0.96215644437, 0],
      [0.8141546291, 0.0086281824157, 0.024778135199, 0.15243905329, 0],
      [0.29955865061, 0.29315566967, 0.055768493161, 0.35151718656, 0]
    ],
    [
      [0.0043171228349, 0.57160748657, 0.16590036064, 0.25001175161, 0.0081632783427],
      [0.029954969262, 0.070501414453, 0.82407190355, 0.063029899335, 0.0124418134],
      [0.012489396419, 0.018413925137, 0.0098693943083, 0.94612973048, 0.013097553652],
      [0.58960842201, 0.016276297458, 0.087629928375, 0.29855024457, 0.007935107587],
      [0.12747282542, 0.30990372809, 0.10947677629, 0.2316035953, 0.22154307489]
    ],
    [
      [0.00188688155, 0.38213955647, 0.079428366324, 0.53029354267, 0.0062516529922],
      [0.018085826364, 0.059892971446, 0.72404761154, 0.18362822663, 0.014345364012],
      [0.0016523722838, 0.0044943442739, 0.0035581889646, 0.981233583, 0.0090615114804],
      [0.31474545181, 0.0088607413265, 0.041487512202, 0.62958164938, 0.0053246452759],
      [0.054217862965, 0.18886801818, 0.050928338315, 0.49891866709, 0.20706711345]
    ],
    [
      [0, 0.58201907128, 0.15691643954, 0.25148792175, 0.009576567435],
      [0, 0.049678502083, 0.83414043202, 0.1020110096, 0.014170056295],
      [0, 0.009637230938, 0.033230131211, 0.94374217564, 0.013390462215],
      [0, 0.17090276024, 0.18356863698, 0.63303893385, 0.012489668918],
      [0, 0.2814693918, 0.1288333609, 0.33291235291, 0.25678489439]
    ],
    [
      [0.0071752020394, 0.52843864401, 0.25568083176, 0.1902830406, 0.018422281588],
      [0.036575568159, 0.02684493526, 0.87738050859, 0.039595772849, 0.019603215141],
      [0.02735171423, 0.011179590981, 0.023358572562, 0.90497583609, 0.033134286139],
      [0.7657715486, 0.0066288971378, 0.078386039569, 0.13890319795, 0.010310316741],
      [0.16933728575, 0.15026625256, 0.14431324702, 0.16210105873, 0.37398215594]
    ],
    [
      [0.0084435440829, 0.7279911115, 0.091733020903, 0.16693278677, 0.0048995367423],
      [0.077093667948, 0.12051484556, 0.74209309289, 0.047381854047, 0.012916539553],
      [0.033520272059, 0.03514544424, 0.0058031542264, 0.90950148894, 0.016029640539],
      [0.84813226024, 0.011402875963, 0.029402779926, 0.10741134474, 0.0036507391255],
      [0.23607204288, 0.36084483193, 0.064860878508, 0.1892984669, 0.14892377978]
    ],
    [
      [0.0028989906515, 0.87640699967, 0.041259861518, 0.075739911394, 0.0036942367687],
      [0.033244506847, 0.12754190428, 0.76650056507, 0.064782040543, 0.0079309832564],
      [0.013913167396, 0.030311426902, 0.0074996702834, 0.94026135871, 0.0080143767043],
      [0.65181115928, 0.024520901361, 0.063807770143, 0.25541320681, 0.0044469624053],
      [0.11302329839, 0.44806836267, 0.079119605168, 0.24371240935, 0.11607632442]
    ],
    [
      [0.0051507448788, 0.64464773629, 0.17856926368, 0.16789265414, 0.0037396010016],
      [0.033698010729, 0.072993553022, 0.85113514458, 0.037859161446, 0.0043141302217],
      [0.022682667648, 0.030453142304, 0.014874072057, 0.92495482545, 0.0070352925373],
      [0.70517816403, 0.016848517328, 0.088846965408, 0.18601897089, 0.0031073823436],
      [0.16890642899, 0.37938817869, 0.13572323064, 0.20653870374, 0.10944345793]
    ],
    [
      [0.0037584145465, 0.57851058054, 0.16894755338, 0.23982702258, 0.0089564289512],
      [0.025813055375, 0.07118678999, 0.82615545926, 0.063352885715, 0.013491809659],
      [0.011252227727, 0.019952088782, 0.010629533678, 0.94298796308, 0.015178186735],
      [0.56350640076, 0.018227815306, 0.097963196837, 0.31089085916, 0.0094117279381],
      [0.11091985721, 0.31350940808, 0.10780828681, 0.22920211262, 0.23856033528]
    ],
    [
      [0.0031545536017, 0.60782520426, 0.14526059995, 0.23236308227, 0.01139655992],
      [0.024096180758, 0.083480801652, 0.8046265264, 0.068655358824, 0.019141132363],
      [0.0092699481232, 0.021293289667, 0.0097805436842, 0.94025934004, 0.019396878483],
      [0.54082411835, 0.021031359004, 0.091132346617, 0.33352177381, 0.013490402228],
      [0.087200919833, 0.30537462582, 0.092846072821, 0.22913159745, 0.28544678407]
    ],
    [
      [0.0051659520182, 0.64792659892, 0.13881911362, 0.20302804422, 0.0050602912289],
      [0.042552968219, 0.091225923702, 0.79218159818, 0.065952189063, 0.0080873208409],
      [0.018349138463, 0.024948726488, 0.010008765604, 0.93822477585, 0.0084685935904],
      [0.68464674878, 0.017096573389, 0.067528510052, 0.22640277477, 0.0043253930162],
      [0.16904597297, 0.37441226226, 0.097601127577, 0.21709150765, 0.14184912955]
    ],
    [
      [0.0020689499035, 0.80866030966, 0.079728285292, 0.10278755714, 0.0067548980061],
      [0.012112115498, 0.070199728882, 0.85165903203, 0.05700874267, 0.0090203809188],
      [0.0044312861647, 0.022571511683, 0.013115068292, 0.94850119309, 0.011380940775],
      [0.4398675667, 0.024829232756, 0.13878055373, 0.38766773667, 0.0088549101424],
      [0.067883036841, 0.3489458134, 0.13770989845, 0.2637638814, 0.18169736991]
    ],
    [
      [0.095677300416, 0.31507310369, 0.016954215873, 0.57229538002, 0],
      [0.14377213227, 0.09946066295, 0.31884173657, 0.43792546821, 0],
      [0.0032253016126, 0.0015682380937, 0.00013202556289, 0.99507443473, 0],
      ["NaN", "NaN", "NaN", "NaN", "NaN"],
      [0.19134892881, 0.17131712042, 0.01141192933, 0.62592202145, 0]
    ],
    [
      ["NaN", "NaN", "NaN", "NaN", "NaN"],
      [0.044515807988, 0.046554288109, 0.75074618227, 0.15818372163, 0],
      [0.008374381684, 0.0037685578659, 0.02508321848, 0.96277384197, 0],
      [0.49050450074, 0.0051136589822, 0.050479207726, 0.45390263255, 0],
      [0.16020012577, 0.15204781386, 0.081423033222, 0.60632902715, 0]
    ],
    [
      [0.0031644567289, 0.58426594871, 0.23866675698, 0.15484725673, 0.019055580847],
      [0.015959146155, 0.05202912295, 0.88258971734, 0.028577350545, 0.02084466301],
      [0.012909462221, 0.02544511377, 0.012042445283, 0.90684678842, 0.04275619031],
      [0.5897213512, 0.018249566801, 0.15675761824, 0.21510152333, 0.020169940426],
      [0.071318201021, 0.22975251328, 0.13326984497, 0.12683237524, 0.43882706549]
    ],
    [
      [0.0036009702927, 0.4962083235, 0.21005429501, 0.28493436998, 0.0052020412091],
      [0.021335018251, 0.0482475039, 0.85246210577, 0.072514433449, 0.0054409386342],
      [0.0081849137916, 0.011211337314, 0.011213228769, 0.96495324899, 0.0044372711314],
      [0.51212782667, 0.013476770137, 0.10672541958, 0.36321422852, 0.00445575509],
      [0.11559347804, 0.27101639165, 0.14334228238, 0.3325567325, 0.13749111543]
    ],
    [
      [0.0044732939343, 0.58849848809, 0.2421447108, 0.15766681983, 0.0072166873433],
      [0.023532505391, 0.046094590389, 0.8945041498, 0.028700398337, 0.0071683560836],
      [0.021070082606, 0.025975518201, 0.024682908336, 0.9118977132, 0.016373777656],
      [0.65233863495, 0.015497730407, 0.13659327845, 0.18911278662, 0.0064575695708],
      [0.14709380951, 0.30645651327, 0.18249169574, 0.17233075682, 0.19162722467]
    ],
    [
      ["NaN", "NaN", "NaN", "NaN", "NaN"],
      [0.01967508982, 0.055352954932, 0.92032270684, 0.0046492484113, 0],
      [0.035411650252, 0.055723711082, 0.040533019444, 0.86833161922, 0],
      [0.78668960545, 0.015264575883, 0.091609804302, 0.10643601437, 0],
      [0.20485677856, 0.42136145826, 0.16882132916, 0.20496043402, 0]
    ],
    [
      [0.0034538101407, 0.65944310105, 0.17348054883, 0.16042657618, 0.0031959638093],
      [0.024450521173, 0.081279140155, 0.84962566425, 0.04176823146, 0.0028764429665],
      [0.015923847068, 0.033051931948, 0.015623821832, 0.92929248489, 0.0061079142656],
      [0.63178889754, 0.023470892386, 0.10834326844, 0.232908505, 0.0034884366402],
      [0.12469579479, 0.4337824744, 0.14262328744, 0.20046109424, 0.098437349133]
    ],
    [
      [0.005161455183, 0.56204660693, 0.20028872458, 0.22526156542, 0.0072416478787],
      [0.030615662952, 0.059569611655, 0.8485027568, 0.052143334705, 0.0091686338868],
      [0.016617799983, 0.020098936137, 0.013514486553, 0.93719427283, 0.012574504502],
      [0.64146208792, 0.014737819962, 0.095694972498, 0.24182380181, 0.0062813178164],
      [0.15201157568, 0.30843617903, 0.12817575904, 0.21769081699, 0.19368566926]
    ],
    [
      [0.0074829563765, 0.91738733774, 0.03715832198, 0.037971383902, 0],
      [0.023717351008, 0.17609526757, 0.78355314561, 0.016634235816, 0],
      [0.0053781053651, 0.058453140469, 0, 0.93616875417, 0],
      [0.85779597249, 0.026776902997, 0.045075949991, 0.070351174522, 0],
      ["NaN", "NaN", "NaN", "NaN", "NaN"]
    ],
    [
      ["NaN", "NaN", "NaN", "NaN", "NaN"],
      [0.017643376113, 0.19024606215, 0.75236326243, 0.039747299311, 0],
      [0.014294548741, 0.054404408785, 0.029996296676, 0.9013047458, 0],
      [0.60541434756, 0.06803636249, 0.10812667453, 0.21842261541, 0],
      [0.073114763988, 0.75098103722, 0.073997500484, 0.10190669831, 0]
    ],
    [
      [0.007278807828, 0.50251131894, 0.1557918758, 0.3248878225, 0.009530174933],
      [0.051483868488, 0.06161426618, 0.78735259159, 0.084631002936, 0.014918270805],
      [0.016724144213, 0.01160446885, 0.0075151101624, 0.95147613896, 0.012680137813],
      [0.67767261747, 0.0093691093253, 0.054653132393, 0.25221965193, 0.0060854888816],
      [0.18421073654, 0.22827311129, 0.088103389009, 0.27937144772, 0.22004131544]
    ],
    [
      [0.0017745910986, 0.67192616032, 0.094668029845, 0.22576115061, 0.0058700681274],
      [0.020283998008, 0.12108533922, 0.74612759605, 0.098295870394, 0.014207196329],
      [0.0044518921801, 0.021446376969, 0.0060403972595, 0.95722585636, 0.010835477227],
      [0.43863175668, 0.027863917338, 0.077110623545, 0.44762610365, 0.0087675987823],
      [0.06461847287, 0.38754858673, 0.072281960158, 0.29231257062, 0.18323840962]
    ],
    [
      ["NaN", "NaN", "NaN", "NaN", "NaN"],
      [0.12842807508, 0, 0.83126607609, 0.040305848836, 0],
      [0.032775935649, 0, 0.0017719347824, 0.96545212957, 0],
      ["NaN", "NaN", "NaN", "NaN", "NaN"],
      ["NaN", "NaN", "NaN", "NaN", "NaN"]
    ],
    [
      [0.003487450451, 0.60902305756, 0.1503408348, 0.23100650298, 0.006142154204],
      [0.026544897844, 0.08225382744, 0.81222128907, 0.069332951536, 0.0096470341142],
      [0.010743578628, 0.02160239388, 0.0098202006328, 0.94796534288, 0.0098684839843],
      [0.55647892869, 0.020286347452, 0.092633556541, 0.32393590728, 0.0066652600391],
      [0.11257049022, 0.35903134516, 0.10712321031, 0.24614833666, 0.17512661765]
    ],
    [
      [0.0055879889614, 0.54591945001, 0.20202078226, 0.23853243722, 0.0079393415454],
      [0.033112088506, 0.056753306344, 0.84525830159, 0.054787193651, 0.010089109904],
      [0.017275369277, 0.018105661871, 0.01278915105, 0.93859000867, 0.013239809134],
      [0.64847115673, 0.013232419435, 0.090787214246, 0.24110010998, 0.0064090996073],
      [0.16420288229, 0.29436914911, 0.12480908157, 0.20510540861, 0.21151347842]
    ],
    [
      [0.0056856039427, 0.57420888002, 0.19760760892, 0.21117482843, 0.011323078685],
      [0.034790582475, 0.060928826809, 0.84015365743, 0.049551744529, 0.014575188757],
      [0.019563137222, 0.021365539286, 0.01363566683, 0.92476021718, 0.020675439485],
      [0.67215272681, 0.014037874682, 0.089083730829, 0.21552925236, 0.0091964153229],
      [0.15117256052, 0.27382351542, 0.11668278527, 0.19304670974, 0.26527442906]
    ],
    [
      [0.0050374667359, 0.52707207646, 0.1695208166, 0.29143696245, 0.0069326777504],
      [0.036967011962, 0.059990717458, 0.81106597861, 0.08244236489, 0.0095339270845],
      [0.013449566275, 0.012502600716, 0.0080346929081, 0.95771242512, 0.0083007149814],
      [0.61286717385, 0.011642018115, 0.070729877982, 0.2997371156, 0.0050238144595],
      [0.15631443373, 0.26551994931, 0.10579696285, 0.29627592062, 0.17609273348]
    ],
    [
      [0.036777691397, 0.58167626609, 0.1119362469, 0.26960979561, 0],
      [0.18927790338, 0.075417130884, 0.66579163432, 0.069513331421, 0],
      [0.03342297266, 0.024121439738, 0.021454350792, 0.92100123681, 0],
      [0.9542688652, 0.0034925247733, 0.011579252101, 0.030659357928, 0],
      [0.547911626, 0.19292712194, 0.051535754878, 0.20762549717, 0]
    ],
    [
      [0, 0.62818403456, 0.21877230443, 0.14240039903, 0.010643261982],
      [0, 0.042177548897, 0.91875830124, 0.020838198226, 0.018225951637],
      [0, 0.019742696173, 0.014833131893, 0.93545456936, 0.029969602571],
      ["NaN", "NaN", "NaN", "NaN", "NaN"],
      [0, 0.29074201422, 0.1921613241, 0.2055382549, 0.31155840677]
    ],
    [
      ["NaN", "NaN", "NaN", "NaN", "NaN"],
      [0.074048119865, 0.22226303641, 0.51396978773, 0.12962450597, 0.060094550018],
      [0.010819011407, 0.0068794141794, 0.022103886023, 0.93938610142, 0.02081158697],
      [0.6466677797, 0.016221933001, 0.039819261771, 0.28680216985, 0.010488855677],
      ["NaN", "NaN", "NaN", "NaN", "NaN"]
    ],
    [
      [0.0099230060113, 0.23681919265, 0.20248008705, 0.51848684283, 0.032290871458],
      [0.067418930768, 0.0065466367152, 0.78993548438, 0.096438870149, 0.039660077992],
      [0.0098989096967, 0.00081931799615, 0.01252047012, 0.95155346479, 0.0252078374],
      [0.69802603832, 0.0025308499482, 0.041507213056, 0.24484039516, 0.013095503521],
      [0.15867245089, 0.04482617528, 0.07445600138, 0.26176234628, 0.46028302617]
    ],
    [
      [0.0015065567577, 0.74523006752, 0.11159838867, 0.13933877768, 0.0023262093706],
      [0.014534850282, 0.11933133062, 0.82016929234, 0.041578374656, 0.0043861521106],
      [0.0085272408143, 0.039475367322, 0.015704055619, 0.9296575135, 0.0066358227394],
      [0.51012694535, 0.046856850882, 0.12289586663, 0.3158763027, 0.0042440344413],
      [0.066828155648, 0.60314460757, 0.095802613779, 0.13366527917, 0.10055934383]
    ],
    [
      [0.004478175066, 0.74263750714, 0.1366400882, 0.1162442296, 0],
      [0.026775897555, 0.090203981278, 0.85745360728, 0.025566513889, 0],
      [0.023289133861, 0.042345695822, 0.014130906614, 0.9202342637, 0],
      [0.78490959533, 0.019525598662, 0.0757390172, 0.1198257888, 0],
      [0.16673262683, 0.51353086642, 0.13436204225, 0.1853744645, 0]
    ],
    [
      ["NaN", "NaN", "NaN", "NaN", "NaN"],
      [0, 0.13489062273, 0.65656864322, 0.051521883551, 0.1570188505],
      [0, 0.039850192906, 0.0017185897162, 0.82824189389, 0.13018932349],
      ["NaN", "NaN", "NaN", "NaN", "NaN"],
      [0, 0.077275624025, 0.0079524040402, 0.078289728781, 0.83648224315]
    ],
    [
      [0.063490608149, 0.72914713213, 0.1305866091, 0.072818584196, 0.0039570664246],
      [0.056650936092, 0.10488569645, 0.78161254855, 0.048685577129, 0.0081652417779],
      [0.025857528359, 0.032551870136, 0.0086212220701, 0.92267568013, 0.010293699301],
      [0.89926445752, 0.0080551764015, 0.022310338008, 0.065139467868, 0.0052305602063],
      [0.22158307649, 0.46473272406, 0.069868691243, 0.093612406453, 0.15020310175]
    ],
    [
      [0.0021258223932, 0.82887904563, 0.055833167547, 0.054045134962, 0.059116829469],
      [0.010018241623, 0.089522492708, 0.76971795431, 0.053364050787, 0.07737726057],
      [0.019051508512, 0.1413948694, 0.039828047173, 0.5868367045, 0.21288887041],
      [0.82329980387, 0.03203796809, 0.030273378893, 0.090487992498, 0.023900856652],
      ["NaN", "NaN", "NaN", "NaN", "NaN"]
    ],
    [
      [0.0055839613106, 0.67699939794, 0.087184367264, 0.23023227348, 0],
      [0.037712058541, 0.10831280041, 0.79299420784, 0.060980933204, 0],
      [0.013244193938, 0.025920453382, 0.0030497676424, 0.95778558504, 0],
      [0.68271463365, 0.016278364816, 0.045373399979, 0.25563360155, 0],
      [0.16896934277, 0.4210220584, 0.073221009596, 0.33678758924, 0]
    ],
    [
      [0.0040932997191, 0.6674056113, 0.14266414311, 0.17815623975, 0.0076807061168],
      [0.032440495885, 0.093996425026, 0.80557351644, 0.054496939418, 0.013492623227],
      [0.016541016679, 0.029672090766, 0.011723542546, 0.92471772363, 0.017345626377],
      [0.64448188513, 0.021862034069, 0.085722851979, 0.23930427731, 0.0086289515133],
      [0.12484625947, 0.37547132308, 0.09826563021, 0.1868239262, 0.21459286105]
    ],
    [
      [0.0043338048726, 0.68132561025, 0.13337969874, 0.17734323118, 0.003617654959],
      [0.039754352676, 0.094628247903, 0.80770625082, 0.052227991222, 0.0056831573822],
      [0.019677913363, 0.027992668599, 0.0071035762755, 0.93826024213, 0.0069655996352],
      [0.70014417359, 0.017851947465, 0.07028398385, 0.20854876618, 0.003171128919],
      [0.15268950301, 0.38632009763, 0.12032493221, 0.23220336466, 0.10846210249]
    ],
    [
      [0.012423874574, 0.46887592383, 0.24908657186, 0.25208866877, 0.017524960962],
      [0.055203438618, 0.032031281306, 0.85464480257, 0.039564080766, 0.01855639674],
      [0.032749708939, 0.009343352775, 0.015126263115, 0.91301370985, 0.029766965321],
      [0.86142867978, 0.0045880954628, 0.045269731697, 0.081263857324, 0.007449635741],
      [0.24485831775, 0.14891672229, 0.10505143771, 0.16227629029, 0.33889723196]
    ],
    [
      [0.0036921295577, 0.68264946374, 0.11373744704, 0.1860890297, 0.013831929971],
      [0.036174044976, 0.11062193808, 0.76152658167, 0.065270460049, 0.02640697522],
      [0.015069284208, 0.027742855318, 0.0088820035649, 0.92138617229, 0.026919684618],
      [0.63226916317, 0.022395324402, 0.070713937126, 0.2597703511, 0.0148512242],
      [0.10021327684, 0.31990217644, 0.070176077313, 0.17797294943, 0.33173551997]
    ],
    [
      [0.0037442441849, 0.53242126895, 0.20318233897, 0.2495049296, 0.011147218306],
      [0.022252061495, 0.05304493944, 0.85261252471, 0.057346520105, 0.014743954255],
      [0.010505563199, 0.015450900668, 0.01141464159, 0.94446830111, 0.01816059343],
      [0.55232457824, 0.014973812361, 0.10922483123, 0.31240672157, 0.011070056605],
      [0.102463844, 0.25156839879, 0.12441888689, 0.24653496412, 0.2750139062]
    ],
    [
      [0.0050424970858, 0.64737488129, 0.13795204136, 0.20274990962, 0.0068806706504],
      [0.041722531659, 0.092228059203, 0.79095330165, 0.063110844835, 0.011985262653],
      [0.018403866506, 0.025530500332, 0.0098361200761, 0.93283649917, 0.013393013916],
      [0.6762318996, 0.017669706899, 0.069566514449, 0.23032419083, 0.0062076882165],
      [0.15595354833, 0.35554363969, 0.092944088738, 0.20891207406, 0.18664664919]
    ],
    [
      [0.0034626155179, 0.64669123169, 0.1856760118, 0.15566742965, 0.00850271134],
      [0.022089058699, 0.07398983543, 0.8542819791, 0.037551736364, 0.012087390412],
      [0.015430400453, 0.032767616465, 0.017069925197, 0.9132786443, 0.021453413585],
      [0.60360508276, 0.023493391107, 0.12539320229, 0.23692910476, 0.010579219071],
      [0.10520869395, 0.36248735973, 0.1286346858, 0.16606203749, 0.23760722303]
    ],
    [
      [0.0034381524264, 0.67513723251, 0.15849092501, 0.15766124474, 0.0052724453141],
      [0.02480692918, 0.086314167985, 0.8373307514, 0.04304147274, 0.0085066786933],
      [0.015350428689, 0.033094626078, 0.014115902681, 0.92422174475, 0.013217297803],
      [0.62256699134, 0.024312058662, 0.10706263137, 0.23938938532, 0.0066689333029],
      [0.11325154998, 0.40995254482, 0.12205855227, 0.19218292767, 0.16255442525]
    ],
    [
      [0.0058050948346, 0.63932441521, 0.18517706448, 0.15710377681, 0.012589648667],
      [0.036835627793, 0.072403429358, 0.83676381446, 0.037822296882, 0.016174831505],
      [0.025716183384, 0.032082515687, 0.017032383012, 0.89634171348, 0.028827204432],
      [0.71705264198, 0.016560236675, 0.088221168068, 0.16767637218, 0.010489581092],
      [0.15075836395, 0.30454116237, 0.1091251308, 0.14243942704, 0.29313591583]
    ],
    [
      [0.0047337142587, 0.73903560484, 0.13119518376, 0.12029356652, 0.0047419306198],
      [0.042962195176, 0.098121672368, 0.8082752957, 0.041798205524, 0.0088426312329],
      [0.026594084839, 0.036180254879, 0.012821784283, 0.91096877816, 0.013435097844],
      [0.74986533085, 0.018594399021, 0.066981746593, 0.16017864092, 0.0043798826208],
      [0.16923186996, 0.40359390639, 0.10284542394, 0.18179675064, 0.14253204907]
    ],
    [
      [0.0020437000628, 0.56761991708, 0.097840839378, 0.32140625905, 0.011089284429],
      [0.019955266799, 0.10329641984, 0.72714460727, 0.12456186412, 0.025041841978],
      [0.0022812724695, 0.014999615946, 0.0061700253482, 0.9615883919, 0.014960694333],
      [0.38311870545, 0.021499510136, 0.069774654086, 0.51086949138, 0.01473763895],
      [0.05630940139, 0.28647966264, 0.061572319169, 0.31179562919, 0.28384298761]
    ],
    [
      [0.0031546785887, 0.6326357154, 0.07870219374, 0.27787666533, 0.0076307469449],
      [0.03886206421, 0.13522368659, 0.67513165026, 0.13089979405, 0.019882804892],
      [0.0084878422144, 0.018346788626, 0.0045881592809, 0.95759288442, 0.010984325463],
      [0.52394410631, 0.021562298045, 0.049393707299, 0.39641863371, 0.0086812546296],
      [0.096938049858, 0.34797663439, 0.053452792314, 0.29427254803, 0.20735997541]
    ],
    [
      [0.0024769592965, 0.68716655631, 0.055027981999, 0.24941519284, 0.0059133095536],
      [0.039892741058, 0.18641852902, 0.60452163972, 0.1493386169, 0.019828473293],
      [0.0079464037124, 0.019859037613, 0.0049932582759, 0.95757859442, 0.0096227059766],
      [0.50243635754, 0.027694077348, 0.040822800443, 0.42104167458, 0.0080050900907],
      [0.084732516528, 0.41166015786, 0.040645185098, 0.28555920843, 0.17740293208]
    ],
    [
      [0.0041505613423, 0.55130897596, 0.18980582941, 0.2408420384, 0.01389259489],
      [0.025198294858, 0.058837770127, 0.85015851248, 0.046881325637, 0.018924096899],
      [0.01238038648, 0.017782394736, 0.011592299503, 0.93473926611, 0.02350565317],
      [0.58020390457, 0.015292306355, 0.10026729137, 0.29067165665, 0.013564841052],
      [0.10449014052, 0.2506353408, 0.10810091123, 0.20587157781, 0.33090202964]
    ],
    [
      ["NaN", "NaN", "NaN", "NaN", "NaN"],
      [0.016917052601, 0, 0.97466293849, 0.0084200089088, 0],
      [0.01658040296, 0, 0.015217967625, 0.96820162941, 0],
      [0.83217607255, 0, 0.091150498558, 0.076673428888, 0],
      ["NaN", "NaN", "NaN", "NaN", "NaN"]
    ],
    [
      ["NaN", "NaN", "NaN", "NaN", "NaN"],
      [0, 0.47581255859, 0.38231966903, 0.14186777238, 0],
      [0, 0.13535658237, 0.12397123456, 0.74067218306, 0],
      [0, 0.53808454804, 0.096631778365, 0.36528367359, 0],
      ["NaN", "NaN", "NaN", "NaN", "NaN"]
    ],
    [
      [0.0029026156824, 0.62452393503, 0.10805294884, 0.25998671884, 0.0045337816147],
      [0.029669072101, 0.10534946829, 0.7497019047, 0.10689360632, 0.0083859485897],
      [0.0077526218445, 0.018633741838, 0.0069649886597, 0.96200791351, 0.0046407341452],
      [0.51128941313, 0.020987201307, 0.068145730703, 0.39469937288, 0.004878281981],
      [0.10111616787, 0.36847468192, 0.080419081063, 0.31964045509, 0.13034961405]
    ],
    [
      [0.0053122315138, 0.56598421538, 0.13353711747, 0.2884055034, 0.0067609322464],
      [0.043688920174, 0.08002945207, 0.78389739856, 0.080803699265, 0.011580529936],
      [0.014157401109, 0.015676884258, 0.006586667181, 0.95474535797, 0.0088336894805],
      [0.63102402319, 0.013340040446, 0.05909477484, 0.29128446762, 0.0052566939073],
      [0.15552499745, 0.29364244778, 0.086383666958, 0.28896893511, 0.17547995269]
    ],
    [
      [0.0059299182681, 0.53278329892, 0.14683751206, 0.30192136145, 0.012527909302],
      [0.043529093366, 0.068557933807, 0.79263557255, 0.07430801851, 0.020969381766],
      [0.014529106173, 0.013153737125, 0.0068011081215, 0.94771159775, 0.017804450828],
      [0.64512339126, 0.011434277098, 0.060102134985, 0.27352033885, 0.0098198578075],
      [0.14404368695, 0.23286113575, 0.080425196602, 0.25337854219, 0.2892914385]
    ],
    [
      ["NaN", "NaN", "NaN", "NaN", "NaN"],
      [0.017454323079, 0.078235117403, 0.8945400198, 0.0097705397206, 0],
      [0.020195672242, 0.04077544727, 0.015085073557, 0.92394380693, 0],
      [0.72377521047, 0.019791141874, 0.13761524981, 0.11881839785, 0],
      [0.1318107041, 0.42322770691, 0.30653366873, 0.13842792026, 0]
    ],
    [
      [0.012308549697, 0.76467733463, 0.099431428665, 0.12358268701, 0],
      [0.13146847102, 0.082739746981, 0.71059713816, 0.075194643831, 0],
      [0.046830179979, 0.024846713085, 0.0092990151957, 0.91902409174, 0],
      [0.94566049009, 0.0026937624864, 0.011386048057, 0.04025969937, 0],
      [0.46221238555, 0.25239319756, 0.058404673252, 0.22698974364, 0]
    ],
    [
      [0.0051136403507, 0.55408996818, 0.1821627293, 0.24410586315, 0.014527799021],
      [0.033367426599, 0.06221346638, 0.82603506274, 0.059027858461, 0.019356185822],
      [0.015631938579, 0.01786351149, 0.010959941923, 0.93281259105, 0.022732016962],
      [0.63450521931, 0.013950799101, 0.084808468353, 0.25477902775, 0.01195648548],
      [0.12607745661, 0.24453392335, 0.10224384214, 0.2090180163, 0.31812676159]
    ],
    [
      [0.0068614669743, 0.5679298215, 0.24128177078, 0.16733043995, 0.016596500794],
      [0.036175499612, 0.049994373873, 0.86567888862, 0.032072692555, 0.01607854534],
      [0.029191033585, 0.025135065599, 0.02078022675, 0.88969675419, 0.035196919873],
      [0.73415741325, 0.012009968289, 0.094768670052, 0.14778926246, 0.011274685947],
      [0.16131087333, 0.23480703842, 0.12779533821, 0.13460456956, 0.34148218049]
    ],
    [
      [0.0084889606598, 0.53699560423, 0.28596860174, 0.1578821103, 0.010664723069],
      [0.03648131219, 0.040694052911, 0.88796036018, 0.024497909654, 0.010366365065],
      [0.03625452149, 0.025169975902, 0.027699980869, 0.8855463598, 0.025329161935],
      [0.75775271908, 0.010097390578, 0.10141597742, 0.12403543939, 0.0066984735365],
      [0.21354448385, 0.25522729843, 0.15277766418, 0.1308272014, 0.24762335214]
    ],
    [
      [0.0089935903655, 0.58808964956, 0.23656708588, 0.15617932503, 0.010170349162],
      [0.04485189908, 0.053420782062, 0.86045042998, 0.029688488889, 0.011588399992],
      [0.03815609819, 0.028868129142, 0.022969902812, 0.88541775056, 0.024588119296],
      [0.78696119607, 0.01062225548, 0.079393445535, 0.11687580324, 0.006147299678],
      [0.2305011729, 0.2736965833, 0.13047663019, 0.13158178847, 0.23374382513]
    ],
    [
      [0.0040976061756, 0.58261264718, 0.22699939698, 0.17911110431, 0.007179245354],
      [0.02128626923, 0.056351342237, 0.8764815635, 0.037401138887, 0.0084796861475],
      [0.015479984483, 0.025934409019, 0.019635412448, 0.92333451973, 0.015615674323],
      [0.6127846146, 0.018531127986, 0.12795981556, 0.23289607829, 0.0078283635668],
      [0.12126749962, 0.33140067097, 0.1572082541, 0.19022771099, 0.19989586432]
    ],
    [
      [0.023125731364, 0.70109798316, 0.081791197569, 0.17949733747, 0.014487750435],
      [0.11018247499, 0.13884208481, 0.65765061284, 0.052596400885, 0.04072842648],
      [0.03074772509, 0.032575724458, 0.014779526075, 0.88288461228, 0.039012412102],
      [0.96000227415, 0.0034998678054, 0.0065703540653, 0.022187059636, 0.0077404443424],
      [0.2545770115, 0.27221434095, 0.02411555922, 0.078909790818, 0.37018329751]
    ],
    [
      [0.011792641281, 0.36886519548, 0.61552897535, 0.0038131878846, 0],
      [0.0084175947341, 0.015566701574, 0.97601570369, 0, 0],
      [0.23442856591, 0.043572133802, 0.13683157071, 0.58516772958, 0],
      [0.78743669843, 0.013275536876, 0.13275278836, 0.066534976334, 0],
      ["NaN", "NaN", "NaN", "NaN", "NaN"]
    ],
    [
      [0.0066762269861, 0.61889754882, 0.28737423864, 0.079915848515, 0.0071361370346],
      [0.027631903416, 0.043925600583, 0.91654106481, 0.0036185333936, 0.0082828977977],
      [0.043182092551, 0.042409821531, 0.034514645246, 0.85198143873, 0.027912001945],
      [0.7865594669, 0.012192953491, 0.10692236883, 0.089084965097, 0.0052402456878],
      [0.19248152906, 0.31950926641, 0.17973376702, 0.099940978403, 0.20833445911]
    ],
    [
      [0.0038221616373, 0.69723150377, 0.15101058387, 0.13852436117, 0.0094113895514],
      [0.028756593625, 0.092606615519, 0.82465066748, 0.03807766359, 0.015908459782],
      [0.019590300401, 0.038387422196, 0.015231659118, 0.89980216948, 0.026988448803],
      [0.66208892101, 0.024453716249, 0.09947928679, 0.20253323498, 0.011444840966],
      [0.11287915309, 0.3807012611, 0.10167317977, 0.14037678849, 0.26436961754]
    ],
    [
      [0.0036102236353, 0.80659054922, 0.034846113682, 0.15495311346, 0],
      [0.066739609608, 0.27855519988, 0.54990480099, 0.10480038952, 0],
      [0.013307908472, 0.013455425022, 0.014194704881, 0.95904196162, 0],
      [0.66419822545, 0.038635393796, 0.029692593395, 0.26747378736, 0],
      [0.11823440062, 0.61020019463, 0.039075467965, 0.23248993679, 0]
    ],
    [
      [0.007989881302, 0.59647737801, 0.1562997758, 0.23214487557, 0.0070880893134],
      [0.055754095174, 0.075475899293, 0.79556072994, 0.062119249564, 0.011090026034],
      [0.023263577333, 0.021093078236, 0.0099880959732, 0.93338480894, 0.012270439513],
      [0.74580438468, 0.011415004987, 0.055246702141, 0.18298886358, 0.0045450446079],
      [0.21645627628, 0.29218357032, 0.09716331802, 0.22071250886, 0.17348432651]
    ],
    [
      [0.0057768741581, 0.5200167676, 0.19525045732, 0.27211910631, 0.0068367946082],
      [0.037342033936, 0.053904447347, 0.83081302247, 0.069514781478, 0.0084257147682],
      [0.015398689585, 0.012690905989, 0.010118093139, 0.95363111384, 0.0081611974456],
      [0.64223694733, 0.011034171405, 0.076664880329, 0.26531320539, 0.0047507955417],
      [0.17021908, 0.25592641939, 0.11980129545, 0.28726680879, 0.16678639637]
    ],
    [
      [0.0038772169943, 0.56341140506, 0.24641332882, 0.17408300166, 0.012215047465],
      [0.019316291381, 0.049538310506, 0.88878693555, 0.029435761195, 0.012922701364],
      [0.015513870419, 0.024934932264, 0.020397468822, 0.91287830748, 0.026275421011],
      [0.59377932793, 0.01748668946, 0.14361570503, 0.23239040985, 0.012727867724],
      [0.10513225795, 0.2786355359, 0.15043523907, 0.16293628204, 0.30286068504]
    ],
    [
      [0.0065049807246, 0.55425837579, 0.14629107226, 0.28247295725, 0.010472613982],
      [0.048457625085, 0.072723781516, 0.78339232636, 0.077906312031, 0.01751995501],
      [0.017042454491, 0.01589847044, 0.0073870388642, 0.94371007982, 0.015961956382],
      [0.67691086875, 0.011684235055, 0.057583886331, 0.24620573128, 0.0076152785788],
      [0.16536124148, 0.25459723625, 0.084387836958, 0.24969347358, 0.24596021173]
    ],
    [
      [0.0043919019565, 0.59042296324, 0.22893191164, 0.17413670403, 0.0021165191289],
      [0.019571921125, 0.058682944703, 0.88300669389, 0.038230411233, 0.00050802904592],
      [0.01725523808, 0.028115282268, 0.022089342739, 0.93172443358, 0.00081570333056],
      [0.62893820562, 0.018838332747, 0.12605265947, 0.22564450332, 0.00052629883955],
      [0.16850947371, 0.41494729696, 0.16814340412, 0.20738054817, 0.041019277048]
    ],
    [
      [0.054567447407, 0.36311535639, 0.26886138883, 0.30319168516, 0.010264122207],
      [0.011882326301, 0.019141073079, 0.92424984114, 0.030274286299, 0.014452473185],
      [0.0047686310743, 0.0012331779812, 0.0095289830349, 0.96804107422, 0.016428133693],
      [0.630293822, 0.00075441735351, 0.056333006014, 0.30524492513, 0.0073738294982],
      [0.12050764047, 0.10266977803, 0.08940394462, 0.4075923619, 0.27982627499]
    ],
    [
      [0.0021997761264, 0.65498588218, 0.19464033981, 0.14245971152, 0.0057142903647],
      [0.014743816586, 0.067573286177, 0.86126255062, 0.048901691431, 0.0075186551851],
      [0.008394296163, 0.027890969788, 0.017803854962, 0.93370634854, 0.012204530544],
      [0.51310637055, 0.025236221903, 0.1479745, 0.30551450255, 0.0081684049946],
      [0.083128667467, 0.36987328834, 0.15067466583, 0.22559824348, 0.17072513488]
    ],
    [
      [0.0041182813583, 0.65671196569, 0.17495106057, 0.15538315576, 0.0088355366171],
      [0.028314296142, 0.079119720021, 0.83861515476, 0.041055649971, 0.012895179106],
      [0.018969003413, 0.033266397643, 0.016476179127, 0.90947833797, 0.021810081852],
      [0.65942281481, 0.021600894992, 0.10296325196, 0.20614470136, 0.0098683368718],
      [0.12424057233, 0.35923689023, 0.11805668484, 0.1614112225, 0.2370546301]
    ],
    [
      [0.0052646533056, 0.68616286542, 0.15559029466, 0.1425018026, 0.010480384007],
      [0.039732769916, 0.089809203524, 0.81299243655, 0.041388792594, 0.016076797415],
      [0.0259965417, 0.036877279291, 0.016185173406, 0.89398171124, 0.026959294363],
      [0.72504444886, 0.019400111086, 0.080351939935, 0.16544428228, 0.0097592178382],
      [0.15060775948, 0.35120015027, 0.097728298416, 0.13737112556, 0.26309266627]
    ],
    [
      [0, 0.89018045661, 0.047316989144, 0, 0.062502554245],
      [0, 0.01461592804, 0.90745230571, 0, 0.077931766253],
      [0, 0.039637372385, 0.016102838943, 0.49583288943, 0.44842689924],
      ["NaN", "NaN", "NaN", "NaN", "NaN"],
      [0, 0.01592887058, 0.013025027263, 0.0083342211315, 0.96271188103]
    ]
  ],
  "expected_outcome": [
    [
      [0.030888681649, 0.047350657009, 0.15973354489, 0.0037737631, 0, 0.057401616315, 0.016887088166, 0.0028989906515, 0.056658193667, 0.20295438551, 0.059936518433, 0.13948070449, 0.0062068497106, 0.095677300416, 0, 0.012657826916, 0.12243298995, 0.071572702948, 0, 0.04835334197, 0.21678111768, 0.0074829563765, 0, 0.087345693936, 0.023069684282, 0, 0.19529722526, 0.20675559157, 0.42073469176, 0.035262267151, 0.073555382794, 0, 0, 0.019846012023, 0.0090393405463, 0.017912700264, 0, 0.1269812163, 0.0042516447865, 0.0055839613106, 0.17601188792, 0.013001414618, 0.049695498295, 0.036921295577, 0.029953953479, 0.21682737469, 0.11080369657, 0.037819676691, 0.20898341405, 0.052070856846, 0.034742901067, 0.14826989367, 0.069354860301, 0.058107858792, 0, 0, 0.14513078412, 0.10624463028, 0.047439346145, 0, 0.061542748487, 0.11761372807, 0.089199070666, 0.19524609518, 0.24282693987, 0.12292818527, 0.046251462728, 0.023585282562, 0.026704907944, 0.057332424559, 0.0072204472706, 0.13582798213, 0.10398373485, 0.046526603931, 0.091069730144, 0.079054235217, 0.10913489481, 0.13858589596, 0.60950564103, 0.53699463717, 0],
