{
  "Z_true": {},
  "V_true": [
    [29, 287, 369, 270, 305],
    [195, 3510, 4464, 2068, 658],
    [464, 82, 4336, 11312, 218],
    [22, 30, 4488, 238, 35],
    [569, 30, 301, 704, 23],
    [44, 81, 332, 428, 428]
  ],
  "p_true": [
    [0.023, 0.2278, 0.2929, 0.2143, 0.2421],
    [0.0179, 0.3222, 0.4097, 0.1898, 0.0604],
    [0.0283, 0.005, 0.2642, 0.6893, 0.0133],
    [0.0046, 0.0062, 0.9325, 0.0494, 0.0073],
    [0.3497, 0.0184, 0.185, 0.4327, 0.0141],
    [0.0335, 0.0617, 0.2529, 0.326, 0.326]
  ],
  "Z_est": [
    [
      [0.0269, 0.0294, 0, 0.0117, 0, 0.0209, 0.0555, 0, 0.037, 0, 0.0049, 0.0067, 0.1154, 0.0928, 0.0209, 0.0598, 0.0497, 0.0722, 0.108, 0.03, 0.0481, 0.1011, 0.0318, 0.0338, 0.0393, 0.0197, 0.0112, 0.0434, 0.0037, 0.0057, 0.1081, 0.0338, 0.3615, 0.0237],
      [1.9044, 2.1596, 0.7374, 0.9874, 0.2615, 2.879, 5.7086, 5.5299, 6.5894, 4.3639, 0.8203, 0.9103, 7.1562, 9.6368, 1.8745, 5.1713, 2.3512, 10.6364, 9.7382, 3.4719, 4.5634, 9.181, 5.7174, 5.4974, 3.1911, 1.4979, 3.3338, 2.7523, 0.2101, 0.9473, 10.0461, 2.4977, 18.7765, 4.0287],
      [3.3978, 2.95, 1.4996, 1.2611, 0.3093, 3.4058, 6.4974, 6.9451, 9.2506, 5.0302, 1.676, 0.9576, 9.0235, 14.5436, 2.7091, 5.547, 3.6037, 13.4024, 12.8992, 4.9886, 6.8159, 13.6504, 7.6345, 8.1598, 5.504, 2.622, 5.4131, 3.9415, 0.5507, 0.7196, 12.2082, 2.6848, 22.7293, 2.5897],
      [4.2347, 4.6246, 1.9747, 2.1678, 0.6094, 5.6058, 10.5438, 10.3399, 14.7993, 8.5331, 2.6323, 1.5477, 12.9022, 19.5069, 3.4086, 9.7839, 5.7062, 18.9057, 18.2587, 6.8882, 9.0043, 18.56, 11.7058, 12.5066, 6.3648, 3.3893, 7.3934, 5.5304, 0.7673, 1.2637, 20.0332, 3.9411, 35.177, 6.0725],
      [9.4363, 7.2363, 4.7884, 4.5719, 2.8198, 13.0885, 15.1947, 24.1852, 26.3236, 12.0728, 6.8665, 2.5776, 22.8028, 40.2198, 5.9869, 16.438, 15.2892, 36.9833, 28.9958, 15.6212, 17.5684, 35.5075, 19.9104, 23.8024, 11.9007, 6.4711, 16.8485, 7.7323, 1.4681, 4.0638, 33.6043, 9.8427, 86.9558, 6.2855]
    ],
    [
      [2.6076, 6.8887, 0, 2.5131, 0, 1.2862, 5.073, 0, 1.0861, 0, 0, 0.3993, 11.4521, 6.745, 1.7409, 7.4379, 9.272, 6.1563, 9.277, 2.2247, 4.2365, 9.2708, 0.3137, 0.228, 6.1128, 1.5425, 0.1922, 4.5109, 0.5624, 1.623, 10.258, 1.7646, 14.0232, 0.7636],
      [46.0533, 60.1995, 8.8597, 45.1938, 8.3116, 43.2584, 108.3293, 77.4368, 75.0114, 50.0032, 14.9841, 53.7353, 157.5185, 178.5885, 26.9194, 138.6601, 83.949, 260.0525, 137.8176, 64.5565, 93.8952, 192.0357, 119.1216, 81.9811, 103.0619, 24.6589, 28.7262, 49.0997, 7.9665, 72.5049, 155.2376, 36.0568, 223.4088, 39.3707],
      [139.8412, 143.5061, 30.833, 98.9977, 17.4981, 87.2321, 212.3581, 163.3788, 186.3071, 102.3008, 56.6015, 94.9345, 338.2986, 458.7309, 66.1935, 254.6138, 222.4516, 556.7822, 311.1614, 157.6709, 238.8251, 486.4834, 274.4701, 211.8016, 303.055, 73.4108, 77.8137, 120.2475, 38.2597, 92.233, 328.6153, 65.7056, 460.6396, 49.869],
      [16.5796, 23.5919, 4.1275, 20.5382, 3.5996, 15.1866, 37.2249, 24.4828, 32.5235, 19.3258, 9.2974, 15.9275, 45.3865, 57.9055, 7.5725, 52.7004, 37.9382, 72.7582, 43.6711, 20.5566, 28.8794, 63.7285, 44.7303, 34.8751, 28.4821, 9.0488, 10.6004, 16.7345, 5.6485, 14.1946, 57.6002, 8.5316, 68.6437, 12.4617],
      [8.9183, 5.8138, 2.1798, 8.7571, 4.5906, 8.0367, 8.0148, 13.7015, 10.0719, 3.3702, 5.117, 5.0034, 18.3443, 29.0301, 2.5737, 16.5879, 25.3893, 34.2508, 12.073, 11.9913, 13.1638, 27.4816, 13.3643, 13.1142, 13.2883, 3.3389, 5.6675, 3.4075, 1.563, 14.4445, 17.2889, 5.9414, 46.2847, 0.535]
    ],
    [
      [2.5613, 1.4654, 0, 0.0673, 0, 0, 0, 0, 0, 0, 0, 0, 5.7524, 0.6185, 0.0978, 0.5355, 2.9534, 0, 0.0614, 0.1376, 0.2104, 1.1527, 0, 0, 0.9351, 0, 0, 0.5878, 0, 0.2301, 0, 1.0581, 7.4202, 0],
      [2.6792, 0, 0, 0, 0, 0, 0, 0, 0, 0, 0, 0, 2.9647, 3.4923, 1.8172, 0, 0, 2.8041, 4.12, 0.501, 1.825, 4.3931, 0, 0, 6.2705, 0.2405, 0.1704, 0.4692, 0, 1.8305, 0, 1.1331, 1.5876, 0],
      [134.4464, 135.8127, 15.2817, 19.1512, 4.4135, 43.3401, 98.0455, 98.7199, 93.1224, 46.0195, 53.337, 69.6935, 156.6962, 173.5905, 56.4212, 53.7156, 74.2094, 126.4279, 231.06, 31.1914, 84.2203, 236.3561, 153.0515, 119.3596, 196.7809, 26.7044, 47.4953, 56.5496, 27.9385, 36.7782, 234.2842, 33.142, 182.5624, 23.5943],
      [442.5173, 618.7219, 56.6082, 97.5408, 32.9163, 206.4563, 458.9545, 406.8389, 450.8776, 244.9805, 269.8327, 317.3065, 607.5867, 627.14, 181.6638, 274.7489, 359.1104, 483.768, 881.7586, 118.873, 297.7444, 865.098, 682.9485, 541.6404, 566.0135, 93.0551, 177.7263, 216.3934, 120.0615, 181.7267, 1131.7158, 132.575, 802.4319, 202.4057],
      [0.7958, 0, 0.1101, 0.2407, 1.6702, 1.2036, 0, 2.4412, 0, 0, 0.8303, 0, 0, 0.1586, 0, 0, 4.7268, 0, 0, 0.297, 0, 0, 0, 0, 0, 0, 0.608, 0, 0, 3.4344, 0, 1.0918, 8.9978, 0]
    ],
    [
      [0.3703, 0.5006, 0, 0.2607, 0, 0.1617, 0.534, 0, 0.1995, 0, 0, 0.2234, 2.401, 0.9486, 0.2284, 0.8341, 1.3936, 0.8761, 1.155, 0.2808, 0.4783, 1.2038, 0.3383, 0.3266, 1.0836, 0.1918, 0.111, 0.5337, 0.0835, 0.3703, 1.1913, 0.5084, 1.2388, 0.1382],
      [11.7431, 16.017, 1.7512, 9.7048, 2.113, 9.3497, 25.4335, 16.7466, 12.934, 16.4785, 4.4969, 18.2544, 56.7538, 47.0108, 9.3723, 31.7126, 25.4043, 79.0161, 47.2611, 15.0499, 21.2654, 50.7202, 33.598, 26.6795, 39.6617, 6.7061, 12.7152, 15.1737, 2.3059, 31.641, 50.637, 16.2834, 38.5411, 10.0647],
      [74.6282, 78.2549, 12.8023, 44.6817, 9.234, 39.6767, 103.5565, 74.2964, 65.0323, 68.1359, 33.0338, 68.5864, 254.7641, 252.0075, 48.1422, 122.2213, 140.2838, 352.8143, 222.9761, 76.9903, 112.8365, 268.2941, 160.3542, 141.8026, 241.8859, 41.8767, 73.5603, 77.6984, 21.7681, 84.9256, 220.2587, 62.1756, 167.3131, 23.2871],
      [2.1017, 3.1328, 0.416, 2.1926, 0.4459, 1.6621, 4.4464, 2.7007, 2.7412, 3.3856, 1.369, 2.8478, 7.7938, 7.5551, 1.2228, 6.0626, 5.7943, 10.7732, 7.4771, 2.4107, 3.2797, 8.404, 6.5566, 5.9634, 4.1823, 1.2253, 2.3718, 2.5942, 0.821, 2.7577, 9.6311, 1.6382, 6.0723, 1.51],
      [0.1566, 0.0947, 0.0306, 0.1602, 0.2071, 0.1497, 0.0296, 0.2563, 0.0929, 0, 0.1004, 0.088, 0.2873, 0.4781, 0.0344, 0.1694, 1.1239, 0.5202, 0.1307, 0.2682, 0.1401, 0.3779, 0.1528, 0.2279, 0.1866, 0.0001, 0.2417, 0, 0.0215, 1.3054, 0.282, 0.3945, 0.8347, 0]
    ],
    [
      [29.9322, 48.4314, 2.5717, 6.2403, 2, 9.9843, 19.7162, 22.0606, 13.2708, 7.5886, 7.2916, 23.7089, 39.0633, 68.516, 11.7097, 32.0763, 32.2864, 50.7044, 56.9393, 24.2899, 44.732, 64.4632, 20.7121, 32.4756, 36.2045, 10.3748, 8.5325, 16.3807, 8.2781, 8.8466, 112.8443, 14.295, 72.111, 13.1547],
      [0.229, 0.3393, 0.0237, 0.0478, 0.0227, 0.1029, 0.1892, 1.7061, 0.1474, 0.1311, 0.0815, 0.2943, 0.293, 0.669, 0.1099, 0.275, 0.1714, 0.6135, 0.5336, 0.2368, 0.4382, 0.5926, 0.278, 0.3296, 0.319, 0.0783, 0.0912, 0.1153, 0.0374, 0.1424, 0.9599, 0.1449, 0.5775, 0.1526],
      [10.438, 13.4661, 1.2959, 1.753, 0.9017, 3.3441, 5.8985, 11.2812, 5.7051, 4.7234, 5.8397, 8.2923, 9.6846, 25.5865, 3.9662, 8.6805, 8.0977, 19.6758, 18.5501, 8.6818, 16.1275, 22.8379, 10.0375, 13.6299, 13.4828, 3.5689, 3.902, 4.4633, 2.9734, 2.7989, 34.3583, 3.8669, 19.0675, 3.0515],
      [8.3349, 13.7148, 1.0999, 1.9439, 1.0436, 3.5365, 6.1746, 10.8496, 5.8455, 4.5411, 4.7452, 8.6653, 8.9119, 22.0777, 3.1998, 9.9213, 8.3144, 17.8963, 16.9119, 7.7146, 13.6317, 19.9906, 9.9223, 13.4868, 9.9395, 2.9676, 3.4459, 4.033, 2.7002, 3.1637, 36.6931, 3.6457, 18.9819, 4.6401],
      [0.0659, 0.0484, 0.0089, 0.0149, 0.032, 0.0322, 0.0216, 0.1025, 0.0312, 0.0158, 0.042, 0.0392, 0.0471, 0.1507, 0.0144, 0.0469, 0.1301, 0.11, 0.0651, 0.0769, 0.0707, 0.1157, 0.0501, 0.078, 0.0543, 0.0104, 0.0284, 0.0078, 0.011, 0.0483, 0.1445, 0.0475, 0.262, 0.0012]
    ],
    [
      [5.5017, 6.6846, 0.4283, 2.9068, 0, 1.5468, 7.6213, 2.9394, 3.4066, 1.4114, 0.7035, 2.6616, 10.2158, 11.0791, 1.2023, 9.0564, 10.045, 10.191, 8.4593, 4.0371, 5.2947, 10.8084, 4.6041, 3.936, 6.6247, 2.8711, 2.153, 3.9434, 1.0723, 2.9243, 11.5983, 2.3403, 14.8453, 2.9198],
      [3.391, 4.2845, 0.6281, 2.0661, 0.2911, 1.41, 6.3394, 3.5805, 3.3177, 2.0232, 0.6172, 2.8057, 6.3138, 8.6025, 0.9067, 7.1811, 5.1241, 9.8774, 6.5295, 3.1838, 4.0128, 8.0773, 5.2849, 3.5124, 4.4959, 1.8183, 1.9632, 2.3899, 0.4802, 3.9339, 9.1194, 1.8841, 10.1085, 3.3834],
      [7.2485, 7.0103, 1.2876, 3.1552, 0.6434, 2.0012, 8.6441, 5.3786, 5.5824, 2.7902, 1.512, 3.5356, 9.533, 15.541, 1.5677, 9.2218, 9.3538, 14.8974, 10.3533, 5.4769, 7.1748, 14.3781, 8.4522, 6.2464, 9.2915, 3.8172, 3.8156, 4.0998, 1.5096, 3.5447, 13.2754, 2.4251, 14.6881, 2.6085],
      [4.2318, 5.2139, 0.7737, 2.6166, 0.3852, 1.5526, 6.6558, 3.7881, 4.2129, 2.2339, 1.1234, 2.7052, 6.4188, 9.8148, 0.9326, 7.7829, 7.1365, 9.8986, 6.9227, 3.5569, 4.4606, 9.219, 6.1364, 4.5277, 5.0178, 2.3139, 2.4622, 2.7145, 1.0014, 2.8936, 10.3267, 1.6684, 10.6932, 2.91],
      [19.6271, 16.8067, 3.8823, 11.2553, 3.6803, 7.4893, 19.7394, 18.3134, 15.4804, 6.5412, 6.0439, 9.2918, 23.5186, 41.9626, 3.3906, 26.7578, 39.3407, 40.1356, 22.7353, 16.7453, 18.0571, 36.5173, 21.5223, 17.7775, 19.5701, 9.1795, 11.6059, 7.8524, 3.9364, 19.7036, 35.6803, 8.6821, 54.665, 6.1783]
    ]
  ],
  "V_est": [
    [1.6068, 155.1291, 205.1211, 304.6829, 593.4601],
    [129.5619, 2866.5641, 6521.1213, 965.0536, 412.6991],
    [25.8452, 36.2985, 3173.5129, 13149.7371, 26.6063],
    [18.1656, 812.5966, 3840.1554, 133.5391, 8.5433],
    [971.7869, 10.4741, 330.0285, 312.6848, 2.0257],
    [176.0337, 138.9378, 220.0607, 154.3025, 623.6654]
  ],
  "p_est": [
    [0.0013, 0.1231, 0.1628, 0.2418, 0.471],
    [0.0119, 0.2631, 0.5985, 0.0886, 0.0379],
    [0.0016, 0.0022, 0.1934, 0.8012, 0.0016],
    [0.0038, 0.1688, 0.7979, 0.0277, 0.0018],
    [0.5973, 0.0064, 0.2028, 0.1922, 0.0012],
    [0.1341, 0.1058, 0.1676, 0.1175, 0.475]
  ],
  "EI_Z": {},
  "EI_V": 16.0189,
  "MAE_Z": {},
  "MAE_V": 387.87,
  "MAE_p": 0.0853,
  "runtime": 0.002
}
