{
  "Z_true": {},
  "V_true": [
    [632, 198, 2095, 314, 68],
    [17, 3179, 224, 1303, 139],
    [102, 2047, 755, 10156, 618],
    [261, 211, 3797, 226, 160],
    [145, 177, 640, 447, 363],
    [29, 78, 451, 286, 400],
    [37, 322, 131, 566, 475]
  ],
  "p_true": [
    [0.1911, 0.0599, 0.6335, 0.095, 0.0206],
    [0.0035, 0.6538, 0.0461, 0.268, 0.0286],
    [0.0075, 0.1497, 0.0552, 0.7425, 0.0452],
    [0.0561, 0.0453, 0.8157, 0.0485, 0.0344],
    [0.0818, 0.0999, 0.3612, 0.2523, 0.2049],
    [0.0233, 0.0627, 0.3625, 0.2299, 0.3215],
    [0.0242, 0.2103, 0.0856, 0.3697, 0.3103]
  ],
  "Z_est": [
    [
      [25.6734, 12.5869, 26.7087, 11.6177, 6.198, 33.8319, 20.3756, 4.0473, 0, 0, 1.2966, 13.1184, 15.8499, 1.5129, 12.8498, 29.0334, 7.6118, 56.0767, 4.3338, 31.0624, 5.3973, 2.8345e-33, 2.9273, 6.4822, 11.1382, 33.5626, 2.91, 33.6053, 35.7157, 21.6716, 17.4422, 6.8089, 4.5119, 3.4424, 11.9023, 6.7774, 0.8924, 8.2762, 5.8739, 0.6104, 2.9891, 7.7302, 21.8995, 13.5658, 0.0709, 46.1029, 5.1302, 149.6733, 28.4389],
      [3.1468, 0.8097, 2.7406, 1.7863, 1.0097, 5.2314, 2.9536, 0.1112, 0.0351, 0.0494, 0.2088, 2.8056, 13.9878, 0.3232, 1.4227, 4.1128, 0.6682, 6.332, 0.5652, 2.1928, 2.0901, 0.3113, 0.4655, 1.6845, 1.5558, 2.4814, 0.2164, 2.1553, 5.4921, 2.5598, 1.8804, 0.2374, 0.5189, 0.4969, 1.188, 1.0713, 0, 1.3558, 1.0295, 0.2248, 0.3757, 0.5073, 3.5178, 1.3714, 0.0179, 2.765, 0.3707, 21.121, 2.1987],
      [93.1798, 51.6035, 56.5507, 29.4314, 15.7923, 120.4179, 63.8122, 3.8415, 0.9488, 0.9407, 4.4946, 54.4547, 23.4088, 8.067, 31.3988, 82.1797, 17.3477, 220.5913, 16.8371, 92.7449, 6.5126, 4.5448, 6.6072, 28.8333, 29.3061, 76.9529, 7.7616, 88.4066, 126.3678, 81.4661, 63.6774, 26.4081, 27.9692, 18.8357, 35.4686, 21.9667, 12.1076, 30.9567, 13.0966, 10.03, 11.4779, 12.5507, 69.8261, 39.9557, 0.9021, 151.3356, 23.023, 300.8789, 55.3894],
      [0, 0, 0, 0.1285, 0, 1.5188, 0.8396, 0, 0.0162, 0.0073, 0, 0.6212, 0.725, 0.0969, 0.3141, 0.6741, 0.3713, 0, 0.2446, 0, 0, 0.1271, 0, 0, 0, 0.9031, 0.104, 1.692, 1.4244, 0.2825, 0, 0.3356, 0, 0.2015, 0.441, 0.1846, 0, 0.38, 0, 0.119, 0.1478, 0.2047, 0.723, 0.107, 0.0086, 1.723, 0.4464, 0.3268, 0.9713],
      [0, 0, 0, 0.0361, 0, 0, 0.019, 0, 0, 0.0026, 0, 0, 0.0285, 0.0001, 0.0145, 0, 0.0009, 0, 0.0193, 0, 0, 0.0168, 0, 0, 0, 0.0999, 0.008, 0.1408, 0, 0.02, 0, 0.2099, 0, 0.0234, 0, 0, 0, 0.0313, 0, 0.0157, 0.0094, 0.0071, 0.0336, 0, 0.0005, 0.0736, 0.0296, 0, 0.0017]
    ],
    [
      [0.4399, 0.1108, 0.9038, 0, 0.0428, 0.259, 0, 0.6907, 0, 0, 0, 0, 0, 0.0185, 0.4163, 0.4546, 0, 0.5343, 0.0723, 0.3175, 0, 0, 0.086, 0.1125, 0.023, 0.5592, 0.0504, 0.4744, 0.3076, 0.2633, 0.159, 0.1302, 0.026, 0.1129, 0.5858, 0.0484, 0.3814, 0, 0.0754, 0.0179, 0.1429, 0.2251, 0, 0.2662, 0.0041, 0.696, 0.1031, 0, 0.4965],
      [107.5044, 29.3656, 135.3014, 56.4886, 17.3242, 139.4408, 102.6769, 29.6621, 4.2706, 4.5586, 35.9028, 241.4247, 134.8629, 41.8366, 132.773, 191.7286, 53.5475, 137.6296, 37.6479, 66.4719, 21.7539, 5.2882, 16.1503, 53.0984, 7.2754, 117.9388, 11.5145, 111.6952, 170.5307, 91.8217, 33.7488, 38.7757, 15.7822, 55.9867, 153.7546, 67.3359, 3, 217.5983, 34.985, 37.2835, 61.8012, 42.2451, 133.2625, 62.5191, 3.1267, 160.9949, 41.3789, 703.8169, 118.1367],
      [2.2647, 0.6211, 1.5572, 0, 0.0085, 0.1417, 0, 0.8102, 0, 0, 0.6881, 0, 0, 0, 0.1289, 0.0568, 0, 2.423, 0.0345, 0.9745, 0, 0, 0.2382, 0.511, 0.0335, 0.5486, 0.037, 0.3714, 0.2588, 1.1706, 0.6476, 0.5348, 0.2562, 0.5765, 1.1194, 0, 0.5272, 0, 0, 0.5315, 0.1492, 0, 0, 0.7546, 0.0228, 2.1862, 0.3525, 0, 0],
      [9.8876, 2.6913, 10.9574, 4.8485, 1.5001, 17.1689, 12.4037, 2.7806, 0.7294, 0.3365, 1.4091, 28.1644, 18.6683, 5.9556, 15.2882, 20.2675, 9.1406, 14.4925, 5.7339, 7.6755, 1.2461, 0.6244, 0.5135, 3.1342, 0.6219, 17.3453, 2.2095, 19.9166, 20.7743, 10.8042, 3.3366, 7.1453, 1.8786, 8.5052, 22.4062, 7.149, 0.0892, 29.2402, 1.9397, 6.449, 10.0532, 6.0809, 14.4637, 7.0548, 0.7581, 24.4147, 8.5893, 55.8929, 16.5229],
      [0.9034, 0.2112, 1.2802, 0.6629, 0.1245, 0.9896, 0.9194, 0.0563, 0, 0.1049, 0, 1.4109, 1.4688, 0.1893, 1.3937, 1.4925, 0.312, 0.9207, 0.5114, 0.5606, 0, 0.0874, 0.012, 0.1439, 0.0462, 1.6081, 0.1886, 1.5424, 1.1287, 0.9402, 0.1079, 1.414, 0.0569, 0.8186, 1.134, 0.4667, 0.0022, 3.1614, 0, 0.7181, 0.8536, 0.4488, 1.2738, 0.4053, 0.0881, 1.7081, 0.5761, 6.2903, 0.8439]
    ],
    [
      [7.98, 6.4052, 9.8465, 2.7676, 0.8054, 5.7002, 3.3776, 4.4369, 0, 0, 0.865, 2.7477, 0, 1.1059, 7.5463, 8.92, 1.2758, 14.5599, 1.5079, 5.9609, 0, 0, 1.4523, 2.5352, 1.2958, 16.6208, 2.3604, 10.2768, 5.2323, 3.9767, 6.284, 2.6411, 1.0347, 1.791, 4.7533, 1.9824, 2.6738, 3.4124, 2.5256, 0.3428, 2.2401, 3.7049, 5.9018, 6.5646, 0.5626, 10.2751, 2.3561, 37.3695, 7.0508],
      [41.6136, 17.1765, 49.5001, 29.8629, 7.5339, 64.6821, 34.1355, 6.0143, 0.4341, 0.7594, 7.9786, 89.5873, 55.2747, 17.3442, 56.42, 89.3066, 15.1826, 64.3125, 13.6641, 27.7277, 9.2654, 1.1403, 9.3445, 33.2278, 8.8589, 65.6197, 9.1838, 33.891, 56.2165, 30.3077, 14.8452, 2.1284, 6.9729, 11.6846, 26.2736, 22.6238, 0, 41.6761, 30.1061, 3.7562, 12.6628, 14.2695, 71.8552, 35.4617, 5.9031, 35.1044, 3.4778, 306.5044, 31.8067],
      [24.4867, 15.1299, 14.1445, 1.4452, 0.8536, 8.3927, 2.7913, 3.8187, 0, 0, 1.9635, 0, 0, 1.3665, 7.2593, 9.6667, 0, 41.2242, 1.9841, 15.9905, 0, 0, 2.2323, 7.4783, 2.0922, 19.8796, 0.5763, 9.9617, 8.944, 13.7197, 9.0768, 6.5234, 4.6645, 6.8525, 8.3336, 2.3625, 0.6461, 0.9434, 1.5191, 3.6094, 3.4701, 1.1775, 3.5779, 18.4689, 2.3852, 24.0604, 4.3561, 6.6286, 3.6682],
      [247.8809, 101.4012, 238.1816, 128.1045, 35.0009, 429.2046, 216.5333, 44.4517, 4.4901, 3.7114, 29.2436, 490.1201, 457.0171, 142.5999, 352.4407, 482.1805, 162.9653, 428.3112, 142.3137, 207.0002, 27.8216, 9.6823, 24.8574, 111.5768, 43.7327, 654.6251, 130.1947, 503.8767, 369.4944, 226.1592, 91.5655, 116.4372, 54.6436, 145.7557, 241.7109, 123.5482, 1.6485, 285.2483, 84.6664, 72.9078, 156.9369, 127.9998, 394.677, 243.9931, 101.6161, 428.8527, 126.1444, 1198.8419, 258.5085],
      [21.0388, 7.8873, 24.3272, 14.8199, 2.8061, 24.0204, 15.1623, 2.2784, 0.0758, 0.5292, 0.9493, 25.5449, 33.7082, 4.5835, 29.3337, 33.9262, 5.5762, 26.5921, 11.5302, 14.3207, 0.913, 1.1774, 2.1134, 6.1818, 3.0205, 56.2548, 10.6849, 35.9939, 20.1128, 17.8367, 3.2285, 19.27, 1.6843, 11.9163, 12.9285, 8.4831, 0.0317, 24.7198, 2.1828, 6.3837, 11.6902, 8.8484, 31.9881, 13.5117, 12.5331, 27.7075, 7.6656, 122.6555, 12.9659]
    ],
    [
      [3.7683, 0, 2.1866, 1.9653, 0.8177, 3.7152, 3.1232, 1.7202, 0, 0, 0.2174, 4.4574, 1.3314, 0.1982, 2.1943, 3.4583, 2.7203, 7.278, 0.6958, 5.0724, 0.3354, 0, 0.3445, 0.521, 2.1565, 6.5596, 1.8536, 4.8878, 3.6881, 3.1955, 1.321, 0.1566, 0.2812, 0.3408, 1.9962, 1.2781, 0, 1.7057, 0.713, 0.0002, 0.9695, 1.283, 3.785, 2.8565, 0.2786, 4.1114, 0.1824, 26.3157, 3.4862],
      [0.4734, 0, 0.5185, 1.2171, 0.577, 1.3676, 1.2906, 0.0005, 0.1298, 0.0971, 0.1605, 3.9121, 0.4867, 0.0846, 0.5338, 1.3114, 0.335, 0.0491, 0.0678, 0, 0.2402, 1.2562, 0.2929, 0.4192, 0.7687, 0.3182, 0, 0, 1.3719, 0.0592, 0.0122, 0, 0, 0.0185, 0.1285, 0.6886, 0, 0.5464, 0.4651, 0, 0, 0.1222, 1.8867, 0.3799, 0, 0, 0, 16.32, 0.3988],
      [172.525, 115.87, 54.0534, 61.9989, 26.0974, 162.9609, 122.3552, 19.1247, 7.3244, 3.7478, 9.5833, 130.4069, 45.9318, 13.3343, 65.1375, 118.8412, 36.3469, 331.6031, 33.8876, 166.6426, 7.2675, 5.3053, 11.3348, 26.7952, 56.8619, 179.6566, 66.6876, 176.3703, 160.3585, 143.6221, 107.6667, 51.231, 58.7061, 22.9421, 71.6527, 51.6306, 6, 78.7101, 19.5978, 16.4324, 52.819, 25.5823, 149.4177, 98.3007, 63.0034, 211.5551, 53.3412, 635.8503, 81.2541],
      [0, 0, 0.5842, 0.8152, 0.2559, 3.637, 2.9359, 0.0764, 0.5319, 0.058, 0.0163, 3.107, 1.5, 0.3099, 1.3238, 2.1875, 1.3444, 0, 0.9033, 0.1966, 0.1142, 0.2904, 0, 0.1208, 0, 4.0552, 2.3782, 5.5305, 3.3542, 1.6794, 0, 1.1824, 0, 0.449, 1.6569, 0.9218, 0, 1.927, 0.1622, 0.367, 1.5474, 0.7009, 3.103, 0.8804, 1.2102, 4.3832, 1.904, 6.7706, 2.1789],
      [1.2334, 0.13, 0.6573, 1.0035, 0.2519, 1.3192, 1.2951, 0.0781, 0.0139, 0.0972, 0.0225, 1.1166, 0.7502, 0.0731, 0.8107, 1.2017, 0.2533, 1.0698, 0.4454, 1.0885, 0.0426, 0.1482, 0.0277, 0.1439, 0.2129, 2.4104, 1.0805, 2.2114, 1.2273, 1.4437, 0, 1.4301, 0.0127, 0.2495, 0.5656, 0.4809, 0, 1.1108, 0.0618, 0.2004, 0.6641, 0.3116, 1.8076, 0.5825, 1.5079, 1.9504, 0.5723, 8.7433, 0.682]
    ],
    [
      [0.4847, 0.5345, 0.7519, 0.3741, 0.0791, 0.968, 0.4439, 1.5217, 0, 1.1102e-16, 0.4989, 0.2854, 0.5026, 0.0763, 0.6384, 0.5407, 0.1829, 1.4987, 0.2052, 1.0709, 0.1452, 0, 0.1097, 0.1283, 0.2898, 3.079, 0.4848, 1.5093, 0.532, 0.5331, 0.4928, 0.0823, 0.0698, 0.1446, 1.0352, 0.6543, 0.0524, 1.1911, 0.5487, 0, 0.3094, 0.7609, 0.8542, 1.1883, 0.0472, 1.1161, 0.0522, 4.0682, 0.379],
      [0.0087, 0, 0.058, 0.0861, 0.0112, 0.0837, 0.0399, 0, 0, 0.317, 0.5976, 0.0392, 0.0504, 0.0052, 0.0362, 0.0472, 0.0014, 0, 0, 0, 0.0678, 0.004, 0.0268, 0.027, 0.0281, 0, 0, 0, 0.0391, 0, 0, 0, 0, 0, 0, 0.205, 0, 0.029, 0.2491, 0, 0, 0, 0.1332, 0, 0, 0, 0, 0.8299, 0.0073],
      [7.7799, 9.4074, 7.2552, 4.4951, 0.9572, 16.2318, 6.5682, 6.9716, 0.7268, 0.5995, 8.3803, 5.5726, 6.7024, 1.9472, 7.3165, 7.164, 1.9761, 25.244, 4.3104, 14.4009, 1.1643, 0.1499, 1.1199, 2.5515, 3.4347, 37.1846, 7.2843, 23.6139, 8.8129, 9.7151, 7.331, 2.8132, 2.0245, 10.4931, 16.7198, 10.1672, 0.7191, 21.3774, 5.7574, 3.8203, 9.4362, 5.7366, 12.8677, 16.1629, 5.6961, 20.979, 8.3779, 38.1207, 3.4561],
      [9.5319, 9.9262, 9.6546, 6.6803, 1.412, 25.8451, 10.5867, 8.6688, 1.628, 1.4116, 8.3391, 9.5695, 15.988, 3.4374, 11.8269, 11.1974, 3.9901, 31.5463, 7.3394, 19.2871, 2.1777, 0.2759, 1.2087, 2.9893, 4.7713, 60.6031, 13.4403, 41.5712, 13.8066, 13.5082, 9.1674, 4.0816, 2.7155, 15.1011, 26.7084, 15.7714, 0.2623, 37.2221, 8.1812, 5.6019, 16.1029, 10.9559, 20.5063, 21.4835, 9.1003, 31.5566, 14.2376, 57.623, 6.1588],
      [10.1947, 10.1319, 12.2803, 9.3645, 1.5404, 18.8713, 9.3612, 6.8379, 0.6452, 2.6719, 6.1841, 6.5334, 14.7567, 1.5339, 12.1821, 10.0508, 1.8495, 25.711, 7.1449, 17.2411, 1.445, 0.5702, 1.5349, 2.3039, 4.4761, 61.1333, 12.7906, 35.3056, 9.8093, 13.2435, 5.0087, 7.0229, 1.1901, 14.2612, 18.5366, 14.2021, 0.9661, 38.1804, 4.2637, 5.5778, 14.1515, 9.5465, 20.6387, 16.1654, 12.1563, 25.3483, 10.3323, 73.3582, 3.9988]
    ],
    [
      [0.5744, 0.3338, 0.497, 0.2572, 0.0491, 0.4673, 0.6399, 0.4565, 0, 0, 0.1065, 0.3451, 0.3162, 0.0773, 0.267, 0.4879, 0.1859, 0.9793, 0.1735, 0.4568, 0.1175, 0, 0.0652, 0.2082, 0.0888, 1.481, 0.3173, 1.1499, 0.4516, 0.3281, 0.2709, 0.1614, 0.0699, 0.1468, 0.6597, 0.2372, 0, 0.3668, 0.2202, 0.0261, 0.3204, 0.2378, 0.5037, 0.4883, 0.0294, 0.6077, 0.1643, 3.2081, 0.1105],
      [0.6238, 0.3269, 0.4296, 0.3525, 0.0603, 0.6449, 0.8646, 0.1213, 0, 0.0506, 0.1841, 0.6742, 0.4982, 0.1554, 0.2687, 0.6039, 0.1558, 1.041, 0.2016, 0.391, 0.1944, 0, 0.0779, 0.4458, 0.1017, 0.9561, 0.1879, 0.6528, 0.614, 0.3809, 0.2677, 0.0386, 0.1198, 0.176, 0.5634, 0.3519, 0, 0.5546, 0.3325, 0.0654, 0.2794, 0.1463, 0.7317, 0.45, 0.0638, 0.4834, 0.0982, 3.7325, 0.0836],
      [19.2337, 12.1432, 10.1242, 6.5695, 1.2632, 16.5516, 20.3095, 4.2362, 0, 0.7121, 3.7932, 14.3481, 8.957, 4.2066, 6.4825, 13.6963, 4.2754, 34.4561, 6.882, 12.9542, 2.0498, 0, 1.4134, 8.7478, 2.2421, 33.3418, 8.5911, 29.9426, 15.8641, 12.1019, 8.4324, 6.3042, 4.293, 8.0773, 19.4101, 7.7727, 0, 13.8192, 4.9269, 4.4722, 12.4892, 3.8712, 16.0832, 14.0044, 3.8701, 19.394, 7.459, 63.8018, 2.1387],
      [10.1517, 5.6875, 5.8567, 4.2104, 0.8032, 11.4028, 14.2365, 2.4043, 0, 0.4507, 1.731, 10.6892, 9.1664, 3.2056, 4.5348, 9.279, 3.741, 18.8706, 5.0636, 7.6646, 1.6243, 0, 0.6581, 4.3649, 1.3621, 23.5569, 6.767, 22.7965, 10.7806, 7.3409, 4.6253, 3.9822, 2.4847, 5.0528, 13.4637, 5.1921, 0, 10.2285, 3.0265, 2.7944, 9.2082, 3.1353, 11.0704, 8.1946, 2.6656, 12.7534, 5.4786, 41.6569, 1.6487],
      [10.4163, 5.5086, 7.0925, 5.6103, 0.8242, 7.9333, 11.9495, 1.7816, 0, 0.7866, 1.1853, 6.9433, 8.0622, 1.3551, 4.447, 7.9329, 1.6419, 14.653, 4.6793, 6.5335, 1.014, 0, 0.7855, 3.2333, 1.2053, 22.6643, 6.1367, 18.4582, 7.2897, 6.8482, 2.4037, 6.5136, 1.0326, 4.547, 8.903, 4.4461, 0, 10.0308, 1.4939, 2.6419, 7.7028, 2.6096, 10.611, 5.8627, 3.3711, 9.7615, 3.8, 50.6007, 1.0185]
    ],
    [
      [0.0793, 0.0288, 0.1056, 0.0182, 0.0079, 0.0583, 0.0398, 0.1266, 0, 0, 0.0156, 0.0461, 0, 0.0109, 0.0879, 0.1052, 0.0232, 0.0732, 0.0114, 0.0592, 0.0047, 0, 0.0151, 0.0126, 0.0079, 0.1378, 0.0236, 0.0965, 0.0728, 0.0316, 0.03, 0.0196, 0.0064, 0.0215, 0.0673, 0.0222, 0, 0.0478, 0.0433, 0.0026, 0.0285, 0.058, 0.0559, 0.0703, 0.0071, 0.0909, 0.0116, 0.365, 0.038],
      [3.6293, 1.3213, 3.4517, 1.2066, 0.4836, 4.5495, 3.0389, 1.0905, 0.1305, 0.168, 0.9676, 5.5568, 5.8394, 1.2508, 4.5456, 6.8896, 1.1094, 3.6358, 0.8534, 2.2167, 0.3882, 0, 0.6421, 1.0974, 0.4115, 4.6858, 0.8973, 3.6056, 5.7356, 1.8707, 1.2457, 0.8199, 0.6062, 1.6372, 3.0918, 1.7233, 0, 5.2398, 2.8328, 0.67, 1.8809, 1.7096, 4.6129, 2.8178, 0.8884, 3.6523, 0.6743, 18.6754, 1.3683],
      [0.5301, 0.225, 0.3148, 0.0599, 0.0277, 0.3033, 0.1635, 0.197, 0, 0, 0.097, 0.2176, 0, 0.0784, 0.2765, 0.3953, 0.0539, 0.4583, 0.0643, 0.2924, 0.0058, 0, 0.0541, 0.0828, 0.0296, 0.4359, 0.0621, 0.3335, 0.394, 0.2045, 0.1679, 0.1853, 0.0864, 0.2228, 0.2958, 0.1004, 0, 0.1932, 0.1022, 0.1041, 0.1584, 0.0818, 0.2275, 0.3528, 0.1203, 0.4897, 0.0903, 0.7196, 0.0935],
      [25.5479, 9.2938, 21.7655, 7.2125, 3.0278, 36.2228, 23.4643, 8.6182, 1.6044, 1.0244, 5.261, 40.7286, 48.9352, 11.3947, 34.2716, 48.2141, 11.4473, 27.7793, 8.4015, 18.1761, 2.0161, 0, 2.7622, 5.814, 2.512, 45.9113, 11.9063, 42.6166, 45.3654, 15.2256, 9.3052, 11.8357, 5.2775, 16.9346, 28.6129, 12.233, 0, 42.7539, 13.0239, 7.7609, 20.0036, 15.9225, 32.4566, 22.2867, 15.6411, 37.3165, 9.1998, 105.8879, 12.0108],
      [12.2134, 4.1311, 12.3624, 4.5028, 1.4529, 11.8661, 9.2935, 2.9677, 0.2651, 0.8075, 1.6588, 12.4509, 20.2254, 2.2651, 15.8184, 19.3959, 2.3662, 10.0534, 3.6694, 7.2556, 0.5853, 0, 1.5265, 1.9932, 1.0389, 20.8292, 5.1107, 16.3478, 14.4321, 6.6676, 2.2511, 9.1395, 1.0234, 7.1839, 8.9322, 4.921, 0, 19.7654, 2.9978, 3.4624, 7.9286, 6.2281, 14.6472, 7.4725, 9.343, 13.4506, 3.024, 60.3521, 3.4893]
    ]
  ],
  "V_est": [
    [809.3345, 109.7536, 2370.6586, 16.411, 0.8423],
    [9.6077, 4293.0188, 20.5367, 499.259, 39.5778],
    [233.0257, 1622.6787, 327.7256, 10700.8761, 793.6939],
    [119.5229, 38.3062, 4387.7262, 66.651, 42.7938],
    [30.5158, 3.028, 441.0945, 674.7566, 622.6051],
    [18.7073, 19.799, 536.1088, 355.0631, 314.3218],
    [2.2862, 125.4159, 9.1495, 984.9833, 409.1652]
  ],
  "p_est": [
    [0.2447, 0.0332, 0.7169, 0.005, 0.0003],
    [0.002, 0.883, 0.0042, 0.1027, 0.0081],
    [0.017, 0.1186, 0.024, 0.7823, 0.058],
    [0.0257, 0.0082, 0.9426, 0.0143, 0.0092],
    [0.0172, 0.0017, 0.2489, 0.3808, 0.3514],
    [0.015, 0.0159, 0.431, 0.2854, 0.2527],
    [0.0015, 0.0819, 0.006, 0.6434, 0.2673]
  ],
  "EI_Z": {},
  "EI_V": 13.1078,
  "MAE_Z": {},
  "MAE_V": 232.5629,
  "MAE_p": 0.0702,
  "runtime": 0.007
}
