{
  "Z_true": {},
  "V_true": [
    [632, 198, 2095, 314, 68],
    [17, 3179, 224, 1303, 139],
    [102, 2047, 755, 10156, 618],
    [261, 211, 3797, 226, 160],
    [145, 177, 640, 447, 363],
    [29, 78, 451, 286, 400],
    [37, 322, 131, 566, 475]
  ],
  "p_true": [
    [0.1911, 0.0599, 0.6335, 0.095, 0.0206],
    [0.0035, 0.6538, 0.0461, 0.268, 0.0286],
    [0.0075, 0.1497, 0.0552, 0.7425, 0.0452],
    [0.0561, 0.0453, 0.8157, 0.0485, 0.0344],
    [0.0818, 0.0999, 0.3612, 0.2523, 0.2049],
    [0.0233, 0.0627, 0.3625, 0.2299, 0.3215],
    [0.0242, 0.2103, 0.0856, 0.3697, 0.3103]
  ],
  "Z_est": [
    [
      [25.0313, 12.3809, 26.093, 11.5834, 6.0915, 33.6499, 20.5381, 4.0957, 0, 0, 1.3253, 12.9069, 15.9907, 1.4469, 12.504, 28.5895, 7.4942, 55.4873, 4.3031, 30.9237, 5.4417, 0, 2.8479, 6.2281, 10.9027, 33.3787, 2.8932, 33.6068, 35.6583, 21.5998, 17.3025, 6.795, 4.4805, 3.445, 12.09, 6.8167, 0.7817, 8.3922, 5.7754, 0.6155, 3.0355, 7.6617, 21.7093, 13.3089, 0.0681, 45.9758, 5.1425, 149.6094, 28.0697],
      [3.0036, 0.7441, 2.5429, 1.7243, 0.9905, 4.9454, 2.7892, 0.0736, 0.0315, 0.0469, 0.1912, 2.5665, 17.887, 0.2898, 1.3011, 3.8418, 0.5953, 5.4499, 0.5209, 1.6186, 2.6005, 0.2941, 0.458, 1.6304, 1.6351, 2.3591, 0.2148, 1.9463, 5.067, 2.1548, 1.7175, 0.1479, 0.3736, 0.4375, 1.0188, 0.9963, 0, 1.2032, 1.0044, 0.1886, 0.3437, 0.4625, 3.3507, 1.2853, 0.0184, 2.1703, 0.2862, 20.3408, 1.8879],
      [93.9651, 51.875, 57.3641, 29.6682, 15.918, 121.8007, 64.162, 3.8308, 0.9592, 0.9487, 4.4835, 55.3455, 19.801, 8.2329, 32.1323, 83.5687, 17.6845, 222.0628, 17.0435, 93.4577, 5.9578, 4.5959, 6.6941, 29.1416, 29.4621, 77.8636, 7.8426, 89.2155, 127.7031, 82.2353, 63.9799, 26.6628, 28.1459, 19.0179, 35.6509, 22.1528, 12.2183, 31.2222, 13.2202, 10.1209, 11.5474, 12.7737, 70.7619, 40.4058, 0.9114, 152.8467, 23.2229, 302.0499, 56.4832],
      [0, 0, 0, 0, 0, 0.604, 0.504, 0, 0.0092, 0.0017, 0, 0.1811, 0.3097, 0.0303, 0.0584, 0, 0.226, 0, 0.1186, 0, 0, 0.0939, 0, 0, 0, 0.3281, 0.044, 1.121, 0.5717, 0, 0, 0.1935, 0, 0.0794, 0.2403, 0.0342, 0, 0.1574, 0, 0.0608, 0.0669, 0.0993, 0.1678, 0, 0.0019, 0.9491, 0.3227, 0, 0.5592],
      [0, 0, 0, 0.0241, 0, 0, 0.0068, 0, 0, 0.0026, 0, 0, 0.0116, 0, 0.0042, 0, 0, 0, 0.0139, 0, 0, 0.0161, 0, 0, 0, 0.0706, 0.0054, 0.1103, 0, 0.01, 0, 0.2008, 5.7476e-32, 0.0202, 0, 0, 0, 0.025, 0, 0.0142, 0.0065, 0.0029, 0.0103, 0, 0.0002, 0.0581, 0.0257, 0, 0]
    ],
    [
      [0.1404, 0.0304, 0.4174, 0, 0, 0, 0, 0.4357, 0, 0, 0, 0, 0, 0, 0.0192, 0, 0, 0.1533, 0, 0.0916, 0, 0, 0.0373, 0.0196, 0.0032, 0.0574, 0.0014, 0.0186, 0, 0.0263, 0.0573, 0.0147, 0, 0.0059, 0.1317, 0, 0.4292, 0, 0.0079, 0, 0, 0, 0, 0.0648, 0.0002, 0.1691, 0, 0, 0],
      [112.2316, 30.691, 140.7029, 58.4531, 17.9975, 145.9998, 106.5923, 31.1188, 4.4432, 4.6611, 37.1241, 251.1202, 141.0705, 43.933, 138.9128, 199.9726, 56.3474, 144.2275, 39.6646, 69.8371, 22.4196, 5.4583, 16.6572, 54.961, 7.5647, 125.0694, 12.4126, 119.1015, 178.2867, 96.2367, 35.3349, 41.2677, 16.5989, 59.03, 161.0194, 69.8637, 3, 225.6676, 36.1991, 39.2203, 65.1036, 44.4926, 138.5271, 65.674, 3.446, 170.1983, 44.2024, 731.6909, 123.9361],
      [1.9221, 0.5054, 1.4518, 0, 0, 0, 0, 0.7284, 0, 0, 0.6502, 0, 0, 0, 0.0094, 0, 0, 1.8888, 0, 0.7184, 0, 0, 0.2318, 0.4357, 0.0126, 0.167, 0, 0, 0, 0.8493, 0.5027, 0.384, 0.1848, 0.4412, 0.5276, 0, 0.554, 0, 0, 0.439, 0, 0, 0, 0.5769, 0.0054, 1.5887, 0.1437, 0, 0],
      [5.6212, 1.5231, 5.9077, 2.7921, 0.8527, 10.9081, 8.3326, 1.6151, 0.5502, 0.2163, 0.2257, 18.1862, 12.2413, 3.8398, 9.4341, 12.303, 6.2844, 8.632, 3.7512, 4.6868, 0.5804, 0.4412, 0.0461, 1.3983, 0.3677, 10.8771, 1.3734, 13.1049, 13.4283, 6.7791, 1.9673, 4.7257, 1.1478, 5.5711, 15.902, 4.5665, 0.0078, 20.5839, 0.793, 4.5088, 6.9133, 3.9828, 9.0064, 4.2051, 0.4494, 16.0127, 5.9784, 27.0111, 11.0561],
      [1.0848, 0.25, 1.5202, 0.7548, 0.1498, 1.0921, 1.075, 0.1021, 0.0066, 0.1226, 0, 1.6937, 1.6882, 0.2272, 1.6245, 1.7244, 0.3682, 1.0984, 0.5842, 0.666, 0, 0.1005, 0.0276, 0.1854, 0.0519, 1.8291, 0.2126, 1.775, 1.285, 1.1085, 0.1378, 1.6079, 0.0685, 0.9518, 1.4192, 0.5699, 0.009, 3.7486, 0, 0.832, 0.983, 0.5245, 1.4665, 0.4792, 0.0991, 2.0311, 0.6755, 7.298, 1.0078]
    ],
    [
      [10.6377, 6.934, 11.1375, 2.1915, 0.9408, 6.193, 1.7476, 4.9468, 0, 0, 0.9443, 0, 0, 1.2378, 8.4208, 9.9277, 2.8065, 19.2743, 1.6699, 8.0153, 0, 0, 1.7238, 3.0602, 2.0338, 18.3092, 2.2523, 11.7328, 5.5894, 4.5505, 7.5471, 3.0829, 1.4223, 2.1161, 5.6538, 2.0635, 2.7417, 3.4284, 2.8576, 0.3726, 2.619, 3.8182, 4.0979, 7.363, 0.7221, 12.0079, 2.778, 37.4141, 7.7676],
      [38.5695, 16.3478, 45.4925, 28.3399, 7.085, 60.3491, 31.0918, 4.9433, 0.2767, 0.6055, 7.1509, 79.2812, 47.1971, 15.6657, 51.8324, 83.6083, 9.631, 59.9365, 12.0595, 25.6134, 8.2856, 0.8461, 9.0308, 31.9148, 8.6437, 60.3848, 7.1316, 27.9468, 51.208, 26.9725, 13.8372, 0, 6.4961, 9.2508, 20.4789, 20.9728, 0, 32.7966, 29.6443, 2.1123, 10.0801, 12.6127, 67.9719, 33.4733, 5.7532, 27.6674, 1.0162, 287.2913, 27.0923],
      [19.2583, 13.2095, 10.9204, 0, 0.1958, 1.566, 0, 3.0066, 0, 0, 1.3466, 0, 0, 0, 4.0922, 3.8816, 0, 31.4151, 0.0175, 11.6537, 0, 0, 1.7897, 5.4567, 1.087, 10.1346, 0, 1.567, 2.8364, 9.4637, 6.7576, 4.7875, 3.5827, 4.9449, 4.3255, 0.0292, 0.504, 0, 0.0802, 2.7176, 0.7772, 0, 0, 14.3747, 0.8374, 16.961, 2.3439, 0, 0.8343],
      [253.3411, 103.5697, 243.9874, 131.6658, 35.9187, 439.6492, 224.1531, 45.8149, 4.6212, 3.8628, 30.4702, 503.0084, 464.8895, 145.4575, 358.9172, 492.2722, 166.9951, 437.7355, 145.7769, 211.2968, 28.8235, 9.9705, 25.3097, 114.3391, 44.196, 668.1166, 133.0144, 517.0086, 379.9482, 233.1116, 93.6325, 119.7932, 55.8084, 149.6228, 250.626, 127.4087, 1.7229, 294.7856, 86.1418, 75.3596, 161.8684, 130.6527, 403.7955, 249.1402, 102.9163, 441.4842, 130.2196, 1224.5207, 265.2475],
      [21.1933, 7.9389, 24.4622, 14.8028, 2.8597, 24.2426, 15.0076, 2.2884, 0.102, 0.5318, 1.088, 25.7104, 33.9134, 4.639, 29.7374, 34.3103, 5.5673, 26.6387, 11.4762, 14.4208, 0.8909, 1.1833, 2.1461, 6.2292, 3.0395, 56.0548, 10.6017, 35.7447, 20.4181, 17.9018, 3.2255, 19.3364, 1.6906, 12.0654, 12.9158, 8.5257, 0.0314, 24.9894, 2.2762, 6.4378, 11.6553, 8.9163, 32.1348, 13.6487, 12.771, 27.8795, 7.6422, 122.7739, 13.0583]
    ],
    [
      [2.4358, 0, 2.3708, 2.7655, 0.8712, 4.0529, 5.021, 1.7269, 0, 0, 0.2058, 7.6778, 1.4164, 0.2069, 2.3226, 3.723, 1.4429, 4.2351, 0.7595, 3.7617, 0.3733, 0, 0.2534, 0.472, 1.7586, 6.8539, 2.1865, 4.8355, 4.0363, 3.2086, 0.5053, 0.0151, 0, 0.3094, 1.9745, 1.4133, 0, 1.9087, 0.7407, 0, 0.8562, 1.6956, 6.1791, 2.9279, 0.1706, 3.6275, 0, 28.7053, 3.7537],
      [0.0322, 0, 0.2905, 1.2324, 0.5036, 0.7572, 1.6649, 0, 0.1685, 0.0867, 0.1212, 6.3614, 0.222, 0.0521, 0.2443, 0.8065, 3.5074, 0, 0, 0, 0.198, 1.398, 0.2642, 0.3271, 0.736, 0, 1.4431, 0, 0.6811, 0, 0, 0, 0, 0, 0, 0.4623, 0, 0.0907, 0.3853, 0, 0, 0.0432, 1.9766, 0.1015, 0, 0, 0, 13.8725, 0],
      [174.4921, 115.9391, 54.7777, 62.0587, 26.4333, 165.3784, 121.3774, 19.2214, 7.3278, 3.7924, 9.673, 126.6564, 47.0428, 13.5485, 66.262, 120.7606, 35.0185, 334.9804, 34.3591, 168.3953, 7.3753, 5.2508, 11.4719, 27.1378, 57.3526, 182.1581, 65.7449, 178.6481, 162.6584, 145.4258, 108.4947, 51.9463, 59, 23.2632, 72.5711, 52.3511, 6, 79.9854, 19.874, 16.6066, 53.5473, 25.6416, 149.0617, 99.5307, 63.9556, 214.2886, 54.0369, 630.3, 82.5146],
      [0, 0, 0.0004, 0.0698, 0, 1.679, 1.8006, 0, 0.5037, 0.0244, 0, 1.3537, 0.6807, 0.132, 0.4822, 0.6856, 0.8158, 0, 0.4943, 0, 0.0196, 0.2163, 0, 0, 0, 1.8928, 1.664, 3.576, 1.5563, 0.092, 0, 0.7233, 0, 0.208, 0.9647, 0.356, 0, 1.0255, 0, 0.2137, 1.0049, 0.3509, 1.2207, 0, 0.469, 2.3602, 1.45, 13.5901, 1.1448],
      [1.0399, 0.0609, 0.5606, 0.8736, 0.1919, 1.1326, 1.136, 0.0517, 0, 0.0965, 0, 0.9506, 0.6382, 0.0605, 0.6889, 1.0243, 0.2154, 0.7845, 0.3871, 0.843, 0.0338, 0.1349, 0.0105, 0.0632, 0.1528, 2.0951, 0.9615, 1.9404, 1.068, 1.2736, 0, 1.3154, 0, 0.2194, 0.4898, 0.4172, 0, 0.9896, 0, 0.1797, 0.5916, 0.2686, 1.5619, 0.44, 1.4048, 1.7237, 0.5131, 7.5321, 0.587]
    ],
    [
      [0.4313, 0.4752, 0.6743, 0.3323, 0.0698, 0.8583, 0.3959, 1.4582, 0, 0, 0.4631, 0.2523, 0.4441, 0.067, 0.5628, 0.4788, 0.1617, 1.3331, 0.1813, 0.9517, 0.1299, 1.197e-16, 0.0977, 0.1148, 0.2553, 2.6146, 0.5071, 1.2052, 0.4721, 0.4433, 0.4369, 0.0525, 0.0614, 0.0423, 0.7852, 0.5845, 0.0474, 1.0796, 0.4898, 0, 0.3219, 0.6807, 0.7562, 1.0587, 0.0228, 0.8747, 0, 3.6222, 0.3355],
      [0, 0, 0.0358, 0.0785, 0.0088, 0.0399, 0.0203, 0, 0, 0.4444, 0.5536, 0.0185, 0.0217, 0, 0.0114, 0.0246, 0, 0, 0, 0, 0.0642, 0.0035, 0.0255, 0.0206, 0.0263, 0, 0, 0, 0.0107, 0, 0, 0, 0, 0, 0, 0.1696, 0, 3.1385, 0.2504, 0, 0, 0, 0.1035, 0, 0, 0, 0, 0.7347, 0],
      [7.8854, 9.477, 7.4677, 4.5897, 0.971, 16.5746, 6.6201, 7.0698, 0.713, 0.4516, 8.4432, 5.7473, 7.0631, 2.0531, 7.6503, 7.3961, 2.0355, 25.5199, 4.409, 14.5597, 1.1807, 0.1533, 1.1465, 2.6117, 3.4617, 38.0969, 7.2639, 24.0063, 8.9642, 9.8567, 7.3701, 2.8649, 2.0381, 10.769, 16.9015, 10.3139, 0.7238, 18.4732, 5.917, 3.8652, 9.4155, 5.9042, 13.1744, 16.5063, 5.7974, 21.3119, 8.4198, 38.8174, 3.5555],
      [9.5764, 10.0103, 9.6445, 6.718, 1.4164, 25.7642, 10.7352, 8.6481, 1.6386, 1.4502, 8.432, 9.5258, 15.773, 3.3738, 11.6576, 11.1024, 3.9712, 31.7204, 7.3412, 19.269, 2.2095, 0.2781, 1.2052, 2.9959, 4.7909, 60.4763, 13.4863, 41.7297, 13.7974, 13.5794, 9.2434, 4.096, 2.7225, 15.0453, 27.0455, 15.8628, 0.2693, 37.4605, 8.0967, 5.6279, 16.2406, 10.8808, 20.4463, 21.3443, 8.9628, 31.6373, 14.3596, 58.0381, 6.1404],
      [10.1069, 10.0375, 12.1776, 9.2815, 1.5339, 18.763, 9.2285, 6.8239, 0.6484, 2.6538, 6.1081, 6.456, 14.6981, 1.5061, 12.1178, 9.9982, 1.8315, 25.4265, 7.0685, 17.2196, 1.4158, 0.5652, 1.5251, 2.257, 4.4658, 60.8122, 12.7427, 35.0588, 9.7557, 13.1206, 4.9495, 6.9865, 1.1779, 14.1433, 18.2678, 14.0693, 0.9596, 37.8482, 4.246, 5.5069, 14.0221, 9.5343, 20.5197, 16.0906, 12.217, 25.1762, 10.2207, 72.7876, 3.9687]
    ],
    [
      [0.2767, 0.1626, 0.2401, 0.1193, 0.023, 0.2211, 0.2974, 0.2403, 0, 1.1102e-16, 0.0526, 0.163, 0.1487, 0.0363, 0.1251, 0.2304, 0.0903, 0.4759, 0.0813, 0.2215, 0.0551, 0, 0.0309, 0.0988, 0.0423, 0.713, 0.1493, 0.5538, 0.2142, 0.1553, 0.1331, 0.0308, 0.0328, 0.07, 0.3273, 0.1125, 0, 0.1761, 0.1061, 0.0107, 0.1545, 0.1155, 0.2354, 0.2358, 0.0132, 0.2936, 0.0742, 1.5207, 0.0533],
      [0.3263, 0.1668, 0.2363, 0.2149, 0.0347, 0.3573, 0.4964, 0.0507, 0, 0.0359, 0.1167, 0.3769, 0.2775, 0.0815, 0.1437, 0.3366, 0.0798, 0.5418, 0.0924, 0.1997, 0.1362, 0, 0.0482, 0.2824, 0.0596, 0.4697, 0.0891, 0.231, 0.3334, 0.1905, 0.1438, 0, 0.0623, 0.0583, 0.2105, 0.2027, 0, 0.2693, 0.2163, 0, 0.0725, 0.0749, 0.4221, 0.242, 0.0336, 0.2037, 0, 2.3105, 0.0445],
      [22.1675, 13.8601, 11.8589, 7.6757, 1.4767, 19.6215, 23.8405, 5.013, 0, 0.8073, 4.355, 17.2507, 11.0931, 5.1655, 7.7707, 16.2979, 5.2614, 39.9117, 8.1593, 15.0694, 2.4862, 0, 1.6355, 10.1845, 2.6143, 39.4444, 10.1486, 35.5083, 18.7576, 14.0818, 9.8089, 7.2508, 5.0065, 9.4543, 22.9258, 9.1394, 0, 16.3192, 5.9011, 5.1996, 14.6928, 4.6805, 18.9915, 16.4227, 4.4768, 22.7783, 8.8035, 74.8328, 2.5884],
      [7.1117, 3.953, 4.0913, 2.9775, 0.57, 8.1447, 10.4063, 1.7344, 0, 0.3188, 1.2133, 7.6513, 6.5652, 2.255, 3.1634, 6.5364, 2.7388, 13.3603, 3.6167, 5.4435, 1.2012, 0, 0.4499, 3.0263, 0.9701, 16.7682, 4.8934, 16.528, 7.7284, 5.2141, 3.3071, 2.7966, 1.7763, 3.5509, 9.8516, 3.7246, 0, 7.3573, 2.1374, 1.98, 6.6987, 2.248, 7.852, 5.7638, 1.8382, 9.1264, 3.9857, 29.7057, 1.191],
      [11.1178, 5.8574, 7.5734, 6.0126, 0.8955, 8.6554, 12.9595, 1.9615, 0, 0.838, 1.2624, 7.558, 8.9155, 1.4617, 4.7971, 8.5987, 1.8297, 15.7104, 5.0504, 7.0659, 1.1214, 0, 0.8355, 3.4081, 1.3138, 24.6048, 6.7196, 20.1789, 7.9664, 7.3583, 2.607, 6.9218, 1.1221, 4.8664, 9.6848, 4.8207, 0, 10.8781, 1.6391, 2.8097, 8.3815, 2.8811, 11.499, 6.3356, 3.6381, 10.5981, 4.1367, 54.6304, 1.1227]
    ],
    [
      [0.0467, 0.0169, 0.0668, 0.008, 0.0036, 0.0247, 0, 0.0964, 0, 0, 0.009, 0, 0, 0.0051, 0.0454, 0.0507, 0.0044, 0.041, 0.0049, 0.0345, 0, 0, 0.0091, 0.0066, 0.0042, 0.0732, 0.0103, 0.0473, 0.0297, 0.0161, 0.0177, 0.0089, 0.003, 0.0112, 0.0375, 0.0095, 0, 0.0149, 0.0225, 0.0011, 0.0129, 0.0282, 0.022, 0.041, 0.003, 0.0514, 0.0054, 0.1283, 0.0202],
      [2.8368, 1.0503, 2.6991, 0.957, 0.3798, 3.5514, 2.3451, 0.8137, 0.08, 0.1195, 0.7423, 4.2752, 4.3243, 0.9778, 3.5542, 5.4096, 0.8391, 2.8443, 0.6626, 1.7312, 0.296, 0, 0.5161, 0.8638, 0.3346, 3.7171, 0.7087, 2.7743, 4.4132, 1.4456, 0.9665, 0.5844, 0.4691, 1.2233, 2.2723, 1.3325, 0, 3.834, 2.3002, 0.4789, 1.4, 1.314, 3.6481, 2.2238, 0.7488, 2.7603, 0.4951, 14.7593, 1.0392],
      [0.3095, 0.1338, 0.1593, 0.0077, 0.0052, 0.0588, 0, 0.13, 0, 0, 0.0484, 0, 0, 0, 0.083, 0.0952, 0, 0.2213, 0.0117, 0.1458, 0, 0, 0.0304, 0.0321, 0.0096, 0.1353, 0, 0.0549, 0.0805, 0.0873, 0.0861, 0.1037, 0.042, 0.1094, 0.0976, 0.0136, 0, 0, 0.0075, 0.0512, 0.0198, 0, 0.0106, 0.1829, 0.0161, 0.2249, 0.0293, 0, 0.024],
      [27.3496, 9.9438, 23.3688, 7.7767, 3.2422, 38.2509, 25.0682, 9.1876, 1.677, 1.1258, 5.6588, 43.0936, 51.5407, 11.9116, 36.2871, 51.1005, 11.9686, 29.5519, 8.9011, 19.3039, 2.1658, 0, 2.9892, 6.2404, 2.6754, 48.541, 12.5244, 44.9318, 47.9698, 16.2238, 9.8496, 12.6717, 5.545, 17.9225, 30.3699, 13.0472, 0, 45.6299, 13.8312, 8.2493, 21.2072, 16.7855, 34.5114, 23.5465, 16.3623, 39.4301, 9.6841, 114.1344, 12.6609],
      [11.4573, 3.8552, 11.706, 4.2506, 1.3692, 11.1142, 8.5867, 2.7724, 0.2429, 0.7547, 1.5415, 11.6312, 19.135, 2.1055, 15.0302, 18.344, 2.1879, 9.3415, 3.4198, 6.7846, 0.5382, 0, 1.4552, 1.8571, 0.9762, 19.5334, 4.7566, 15.1917, 13.5069, 6.2272, 2.0802, 8.6313, 0.9409, 6.7335, 8.2228, 4.5973, 0, 18.5212, 2.8386, 3.2196, 7.36, 5.8722, 13.8079, 7.0058, 8.8698, 12.5333, 2.7862, 56.9781, 3.2556]
    ]
  ],
  "V_est": [
    [804.0683, 106.7479, 2388.4103, 7.1342, 0.6393],
    [2.3325, 4487.7413, 14.919, 310.6894, 46.3178],
    [256.1514, 1465.9895, 196.7563, 10961.9879, 797.1149],
    [123.757, 38.0305, 4413.6877, 42.821, 36.7038],
    [26.6835, 5.805, 445.5781, 675.8368, 618.0966],
    [8.9141, 10.5733, 630.7899, 253.5222, 340.2005],
    [1.0932, 97.1125, 2.8586, 1046.0085, 383.9271]
  ],
  "p_est": [
    [0.2431, 0.0323, 0.7222, 0.0022, 0.0002],
    [0.0005, 0.923, 0.0031, 0.0639, 0.0095],
    [0.0187, 0.1072, 0.0144, 0.8014, 0.0583],
    [0.0266, 0.0082, 0.9482, 0.0092, 0.0079],
    [0.0151, 0.0033, 0.2515, 0.3814, 0.3488],
    [0.0072, 0.0085, 0.5071, 0.2038, 0.2735],
    [0.0007, 0.0634, 0.0019, 0.6832, 0.2508]
  ],
  "EI_Z": {},
  "EI_V": 15.0533,
  "MAE_Z": {},
  "MAE_V": 267.0796,
  "MAE_p": 0.0775,
  "runtime": 0.011
}
