{
  "X": [
    [41, 91, 190, 138, 14],
    [34, 90, 92, 63, 6],
    [28, 70, 125, 91, 17],
    [29, 56, 144, 115, 14],
    [34, 88, 158, 113, 4],
    [38, 76, 136, 107, 7],
    [50, 89, 194, 128, 4],
    [13, 85, 83, 26, 3],
    [37, 107, 149, 85, 5],
    [34, 98, 132, 97, 7],
    [39, 87, 149, 80, 6],
    [25, 54, 143, 90, 10],
    [20, 51, 118, 97, 8],
    [35, 19, 183, 192, 13],
    [21, 18, 127, 124, 15],
    [34, 18, 163, 180, 15],
    [37, 15, 135, 173, 11],
    [15, 19, 130, 151, 21],
    [16, 17, 167, 200, 8],
    [19, 16, 108, 125, 4],
    [16, 19, 120, 121, 3],
    [28, 19, 145, 128, 19],
    [23, 49, 114, 144, 5],
    [32, 43, 116, 119, 4],
    [26, 33, 83, 76, 4],
    [14, 17, 175, 123, 20],
    [12, 19, 165, 148, 18],
    [28, 18, 238, 167, 12],
    [21, 18, 109, 160, 21],
    [34, 22, 171, 249, 14],
    [38, 51, 183, 199, 26],
    [23, 23, 108, 123, 6],
    [38, 18, 136, 203, 29],
    [45, 40, 151, 199, 6],
    [25, 30, 115, 177, 18],
    [17, 11, 81, 109, 7],
    [17, 15, 68, 110, 11],
    [33, 18, 119, 174, 10],
    [31, 28, 132, 156, 24],
    [22, 25, 119, 168, 17],
    [28, 19, 139, 171, 12],
    [33, 14, 142, 177, 10],
    [22, 34, 171, 254, 17],
    [33, 26, 177, 149, 12],
    [41, 30, 157, 219, 8],
    [40, 48, 152, 190, 20],
    [53, 36, 167, 178, 5],
    [43, 37, 184, 205, 12],
    [33, 27, 115, 131, 19],
    [35, 35, 118, 181, 11],
    [35, 41, 153, 149, 20],
    [36, 17, 117, 180, 9],
    [18, 28, 94, 107, 14],
    [14, 14, 71, 107, 10],
    [14, 17, 111, 123, 12],
    [30, 29, 109, 180, 23],
    [24, 27, 108, 145, 11],
    [35, 39, 154, 158, 6],
    [41, 26, 139, 176, 11],
    [27, 39, 131, 204, 10],
    [26, 22, 130, 172, 15],
    [49, 17, 168, 236, 20],
    [15, 19, 71, 141, 9],
    [54, 76, 145, 217, 3],
    [65, 70, 139, 243, 6],
    [42, 38, 139, 213, 11],
    [43, 49, 151, 228, 6],
    [43, 52, 126, 197, 11],
    [41, 53, 134, 131, 16],
    [31, 65, 189, 201, 7],
    [39, 52, 144, 179, 4],
    [29, 19, 117, 132, 5],
    [21, 123, 52, 66, 11],
    [36, 57, 117, 166, 3],
    [48, 49, 123, 159, 3],
    [31, 71, 145, 137, 7],
    [41, 70, 109, 132, 6],
    [24, 20, 109, 136, 4],
    [21, 25, 116, 156, 8],
    [23, 16, 95, 126, 5],
    [29, 32, 127, 140, 7],
    [28, 23, 140, 177, 13],
    [26, 32, 119, 123, 3],
    [28, 51, 172, 136, 10],
    [44, 54, 117, 150, 6],
    [37, 61, 199, 158, 8],
    [32, 32, 122, 155, 4],
    [20, 22, 106, 168, 16],
    [19, 33, 143, 154, 6],
    [38, 39, 138, 238, 19],
    [17, 24, 100, 96, 4],
    [295, 485, 1177, 1459, 59]
  ],
  "W": [
    [24, 34, 83, 173, 109, 51],
    [14, 29, 83, 86, 49, 24],
    [12, 26, 67, 111, 82, 33],
    [10, 32, 62, 116, 98, 40],
    [28, 35, 86, 128, 78, 42],
    [26, 38, 74, 111, 89, 26],
    [20, 40, 89, 151, 115, 50],
    [16, 7, 71, 74, 19, 23],
    [22, 36, 104, 119, 66, 36],
    [11, 33, 93, 108, 84, 39],
    [31, 28, 78, 128, 55, 41],
    [14, 16, 46, 108, 94, 44],
    [16, 20, 43, 97, 76, 42],
    [14, 22, 14, 156, 173, 63],
    [11, 14, 12, 112, 114, 42],
    [17, 14, 16, 144, 160, 59],
    [20, 30, 10, 106, 162, 43],
    [12, 13, 16, 104, 141, 50],
    [11, 14, 12, 137, 181, 53],
    [6, 13, 7, 87, 115, 44],
    [9, 6, 8, 101, 111, 44],
    [4, 15, 16, 127, 130, 47],
    [8, 18, 46, 110, 130, 23],
    [10, 20, 38, 110, 102, 34],
    [5, 18, 28, 86, 66, 19],
    [6, 12, 13, 149, 121, 48],
    [5, 6, 18, 150, 130, 53],
    [9, 16, 18, 208, 153, 59],
    [14, 10, 10, 94, 132, 69],
    [8, 27, 12, 158, 224, 61],
    [13, 20, 38, 165, 168, 93],
    [7, 10, 17, 94, 114, 41],
    [9, 22, 13, 126, 174, 80],
    [18, 29, 33, 132, 162, 67],
    [11, 18, 24, 104, 148, 60],
    [8, 13, 10, 74, 90, 30],
    [3, 15, 8, 64, 104, 27],
    [18, 17, 16, 103, 143, 57],
    [11, 23, 20, 110, 128, 79],
    [17, 7, 18, 97, 149, 63],
    [9, 18, 12, 115, 152, 63],
    [11, 23, 9, 119, 166, 48],
    [18, 12, 26, 146, 228, 68],
    [13, 25, 17, 144, 131, 67],
    [19, 26, 28, 139, 188, 55],
    [16, 34, 41, 127, 167, 65],
    [11, 39, 28, 146, 159, 56],
    [18, 35, 31, 155, 157, 85],
    [27, 14, 31, 86, 119, 48],
    [22, 19, 26, 101, 159, 53],
    [22, 18, 28, 135, 126, 69],
    [15, 21, 13, 103, 158, 49],
    [14, 10, 18, 90, 99, 30],
    [3, 10, 12, 70, 87, 34],
    [12, 10, 17, 93, 95, 50],
    [15, 20, 23, 90, 153, 70],
    [16, 15, 24, 89, 129, 42],
    [10, 34, 30, 121, 140, 57],
    [17, 32, 23, 114, 156, 51],
    [16, 20, 28, 131, 158, 58],
    [13, 17, 19, 119, 154, 43],
    [19, 26, 10, 151, 200, 84],
    [4, 17, 12, 67, 126, 29],
    [20, 38, 60, 126, 193, 58],
    [21, 43, 53, 133, 210, 63],
    [8, 30, 40, 127, 190, 48],
    [14, 33, 40, 138, 204, 48],
    [16, 32, 42, 120, 170, 49],
    [14, 29, 44, 114, 107, 67],
    [15, 29, 55, 164, 167, 63],
    [14, 24, 45, 125, 165, 45],
    [10, 16, 19, 104, 119, 34],
    [9, 13, 111, 54, 59, 27],
    [14, 25, 42, 111, 147, 40],
    [11, 41, 34, 114, 139, 43],
    [11, 18, 63, 134, 118, 47],
    [15, 24, 54, 97, 104, 64],
    [10, 15, 14, 91, 122, 41],
    [5, 15, 16, 108, 142, 40],
    [10, 16, 12, 81, 111, 35],
    [6, 19, 22, 112, 118, 58],
    [7, 15, 21, 115, 154, 69],
    [12, 18, 25, 102, 102, 44],
    [5, 28, 43, 150, 114, 57],
    [15, 33, 43, 117, 126, 37],
    [19, 24, 51, 174, 131, 64],
    [16, 21, 15, 98, 136, 59],
    [10, 12, 14, 103, 146, 47],
    [10, 21, 24, 120, 131, 49],
    [17, 21, 28, 123, 211, 72],
    [9, 14, 12, 79, 81, 46],
    [103, 205, 434, 951, 1272, 510]
  ],
  "method": "mvn_pdf",
  "cond_prob": [
    [
      [0.27377718317, 0.16371479839, 0.42504827433, 0.11559971649, 0.02186002762],
      [0.69872148551, 0.067140440549, 0.18663706096, 0.0474748206, 2.6192380238e-05],
      [0.0034913245974, 0.93519064648, 0.061213120135, 9.2019140217e-05, 1.288965201e-05],
      [0.027506843138, 0.024452962981, 0.8235612112, 0.10817184354, 0.016307139137],
      [0.023311408157, 0.0012123407465, 0.078332151814, 0.87522331504, 0.021920784244],
      [0.060534932144, 0.052491377941, 0.34500475441, 0.38402358054, 0.15794535497]
    ],
    [
      [0.33213741063, 0.21223916562, 0.3449604521, 0.094966913384, 0.015696058264],
      [0.75547754863, 0.076531437759, 0.13356451365, 0.034409919205, 1.6580752961e-05],
      [0.0032675617403, 0.95803238257, 0.038634220905, 5.8650888928e-05, 7.1838998841e-06],
      [0.039572161493, 0.037718452517, 0.80224439755, 0.10643973111, 0.014025257326],
      [0.033390990883, 0.0018556349749, 0.075666175129, 0.87022656083, 0.018860638184],
      [0.085453195625, 0.079353418589, 0.32834246763, 0.37218428319, 0.13466663497]
    ],
    [
      [0.25776858458, 0.1508081736, 0.43208422276, 0.098824654746, 0.060514364307],
      [0.69447222243, 0.064640420741, 0.19834722048, 0.042464539442, 7.5596906718e-05],
      [0.0034696399289, 0.93057152687, 0.06583803502, 8.3172800101e-05, 3.7625378237e-05],
      [0.025175878574, 0.021927455775, 0.8185764043, 0.090278537318, 0.044041724036],
      [0.023861308123, 0.0012132401004, 0.086785320775, 0.82174828062, 0.066391850386],
      [0.046095294971, 0.039132028453, 0.28461995683, 0.26703735767, 0.36311536207]
    ],
    [
      [0.22845281175, 0.074490258265, 0.5321893158, 0.12917499529, 0.03569261889],
      [0.64913307555, 0.033938240226, 0.2582210943, 0.058660372004, 4.7217926761e-05],
      [0.0056570229194, 0.84543414241, 0.14866870572, 0.00019935051468, 4.077843548e-05],
      [0.018885839167, 0.0092054526829, 0.85042909909, 0.099553500671, 0.021926108386],
      [0.017116436983, 0.00048801760782, 0.086234129418, 0.86459534405, 0.031566071938],
      [0.042162821088, 0.020012511399, 0.36088423454, 0.35932324745, 0.21761718552]
    ],
    [
      [0.22331021885, 0.12861283443, 0.48843750062, 0.1489574605, 0.010681985598],
      [0.63473244646, 0.05876923604, 0.23847339449, 0.068010674565, 1.4248447832e-05],
      [0.0035237212739, 0.90952606101, 0.086796228594, 0.00014620827354, 7.7808459669e-06],
      [0.01978225451, 0.016937771083, 0.8335606116, 0.1227024884, 0.0070168744079],
      [0.015194031662, 0.00076110822305, 0.071763722046, 0.90372608616, 0.0085550519133],
      [0.046641837256, 0.0389405292, 0.37397043421, 0.46806959168, 0.072377607655]
    ],
    [
      [0.25225614848, 0.12799778955, 0.47329830727, 0.12836670321, 0.018081051486],
      [0.67336108106, 0.054864282773, 0.21675931387, 0.054992733435, 2.2588867633e-05],
      [0.0039788326978, 0.9117408051, 0.084141192268, 0.00012601787188, 1.3152066421e-05],
      [0.02311865244, 0.01745169168, 0.83754238466, 0.10958218863, 0.012305082588],
      [0.019417579377, 0.00085695170379, 0.078771056934, 0.88452157905, 0.016432832939],
      [0.053621269055, 0.039458685649, 0.36932272205, 0.41132659984, 0.1262707234]
    ],
    [
      [0.32120255694, 0.11314071283, 0.47388642851, 0.084046353752, 0.007723947966],
      [0.73932931941, 0.041910020979, 0.1876065926, 0.03114570467, 8.3623356666e-06],
      [0.0056788335863, 0.89945553753, 0.094766330413, 9.2961919565e-05, 6.3365561489e-06],
      [0.030618466094, 0.016098756668, 0.8730608732, 0.074743302084, 0.0054786019503],
      [0.035935634653, 0.0011052304163, 0.11488241553, 0.83787547531, 0.010201244089],
      [0.085835372253, 0.043991502927, 0.46553598796, 0.33766684524, 0.066970291615]
    ],
    [
      [0.20490017601, 0.41012013556, 0.32861281765, 0.049207792312, 0.0071590784672],
      [0.61877171772, 0.19168339606, 0.16618285276, 0.023352114243, 9.9192238107e-06],
      [0.0010591099445, 0.97957284841, 0.019350271845, 1.6039638147e-05, 1.7301660073e-06],
      [0.026375570531, 0.078004979818, 0.82891225983, 0.059776048748, 0.0069311410743],
      [0.036710461729, 0.0063024994293, 0.12845290937, 0.81314287476, 0.015391254712],
      [0.068287109642, 0.19705944744, 0.40556171444, 0.25002707602, 0.079064652455]
    ],
    [
      [0.25540407075, 0.1571062678, 0.47426585424, 0.102055516, 0.011168291208],
      [0.67516692923, 0.066568229907, 0.21496295688, 0.043288052648, 1.3831341269e-05],
      [0.003354452584, 0.92622922197, 0.070325921282, 8.3618111358e-05, 6.7860542605e-06],
      [0.023901938836, 0.021878123125, 0.8574232353, 0.089027631564, 0.0077690711781],
      [0.024164371575, 0.0012925309933, 0.097084127362, 0.86497709164, 0.01248187843],
      [0.061883155625, 0.055222130618, 0.42204672416, 0.3725713191, 0.08827667049]
    ],
    [
      [0.26772187008, 0.18780227848, 0.43878075331, 0.092608240024, 0.013086858114],
      [0.690925294, 0.077282154184, 0.19353013778, 0.038246642431, 1.5771608883e-05],
      [0.0029636073253, 0.94199540467, 0.054970161469, 6.4110505915e-05, 6.716033042e-06],
      [0.026742289543, 0.027899969532, 0.84916951944, 0.086447400101, 0.0097408213813],
      [0.027602881251, 0.0016806903405, 0.098070780661, 0.85666605428, 0.015979593466],
      [0.067254963009, 0.068405005494, 0.4056037936, 0.35101887951, 0.10771735838]
    ],
    [
      [0.30332603934, 0.17523521653, 0.4107342533, 0.099343801485, 0.011360689345],
      [0.72592510409, 0.067198028578, 0.16869510184, 0.038169017861, 1.2747627082e-05],
      [0.0036177666755, 0.9408800986, 0.055421758388, 7.4093063036e-05, 6.2832746905e-06],
      [0.031842857517, 0.027384357661, 0.83448740745, 0.097403872914, 0.0088815044595],
      [0.029583614214, 0.0014877328565, 0.086901590122, 0.86892264153, 0.013104421275],
      [0.077013488091, 0.064593845275, 0.38366746166, 0.38051295099, 0.094212253982]
    ],
    [
      [0.26493047445, 0.19270025577, 0.46905022283, 0.059085645002, 0.01423340194],
      [0.68863734517, 0.079348831242, 0.20749069946, 0.024505906736, 1.7217392436e-05],
      [0.0028048392113, 0.9408747527, 0.0562741278, 3.9272388868e-05, 7.0079006539e-06],
      [0.02565624314, 0.027705389891, 0.88274683333, 0.053598351414, 0.010293182227],
      [0.039144965563, 0.0024650763937, 0.15045175973, 0.78300316031, 0.024935038005],
      [0.072952923149, 0.076885126461, 0.47615079567, 0.24526690385, 0.12874425087]
    ],
    [
      [0.20386278387, 0.19614481672, 0.46426605272, 0.11919309921, 0.016533247478],
      [0.6120895369, 0.093451211339, 0.23738294722, 0.057053214639, 2.3089909869e-05],
      [0.0021354648377, 0.94300161324, 0.05477714142, 7.7780290842e-05, 8.0002097078e-06],
      [0.019039902395, 0.027067922053, 0.83861109174, 0.10380330237, 0.011477781439],
      [0.016852834673, 0.0013987589433, 0.082977111955, 0.88263231466, 0.016138979769],
      [0.04499827313, 0.062457072258, 0.37635589067, 0.39668912334, 0.11949964061]
    ],
    [
      [0.31313022227, 0.10332718575, 0.45664687841, 0.11067652507, 0.016219188507],
      [0.73535032176, 0.038917960965, 0.18397573541, 0.041738127315, 1.7854550879e-05],
      [0.005887879705, 0.89679277534, 0.097174830346, 0.00013035150309, 1.416310309e-05],
      [0.029937744367, 0.014735026485, 0.84494953644, 0.09882960645, 0.011548086259],
      [0.027602501913, 0.00079520774703, 0.087321277883, 0.86741084594, 0.016870166522],
      [0.072195897965, 0.034653256344, 0.38742859799, 0.38381259859, 0.12190964911]
    ],
    [
      [0.26995687079, 0.14226440187, 0.4494983785, 0.10606530164, 0.032215047204],
      [0.6998080792, 0.058382305161, 0.19800990665, 0.043760982313, 3.8726674626e-05],
      [0.0037084723478, 0.92623494678, 0.069944679428, 9.135075384e-05, 2.0550688394e-05],
      [0.025818552471, 0.020203864337, 0.8359098996, 0.095057920006, 0.023009763583],
      [0.024215085896, 0.0011067744195, 0.087625924664, 0.85280304, 0.034249175017],
      [0.056200135066, 0.042919238205, 0.34521679929, 0.33367183901, 0.22199198842]
    ],
    [
      [0.38038211697, 0.079787299902, 0.40872006624, 0.11138524246, 0.019725274415],
      [0.79081534341, 0.026581509914, 0.14547348343, 0.037110483448, 1.9179793456e-05],
      [0.0090104043876, 0.88069605899, 0.11010580006, 0.00016594993957, 2.1786619496e-05],
      [0.039472038679, 0.012430168787, 0.82441902305, 0.10837602478, 0.015302744701],
      [0.033190860592, 0.00061190426806, 0.077678112954, 0.86812683826, 0.020392283925],
      [0.087749792296, 0.026912764423, 0.34815153479, 0.38795318619, 0.1492327223]
    ],
    [
      [0.29029323928, 0.10466132141, 0.46701518179, 0.11910919245, 0.018921065072],
      [0.71447909621, 0.04134191195, 0.19709712888, 0.047060054006, 2.1808957414e-05],
      [0.0053631288382, 0.89722188557, 0.097261505026, 0.0001373115674, 1.6168998708e-05],
      [0.027036476457, 0.014504338494, 0.8418089483, 0.10353714525, 0.0131130915],
      [0.023894734681, 0.00075024675943, 0.083274525209, 0.87368830434, 0.018392189009],
      [0.063491810429, 0.033227908349, 0.37560704209, 0.3922128381, 0.13546040103]
    ],
    [
      [0.19801554393, 0.10836215621, 0.51881961188, 0.12307707896, 0.051725609019],
      [0.61276201649, 0.053352869957, 0.27311798164, 0.060692844417, 7.4287494317e-05],
      [0.0034799224533, 0.89363999393, 0.10270321652, 0.00013489626024, 4.1970834598e-05],
      [0.016613420817, 0.013490133458, 0.84141880988, 0.09624445623, 0.032233179613],
      [0.015366725076, 0.00072938612172, 0.086963184791, 0.84965831829, 0.047282385726],
      [0.034037739136, 0.026958988565, 0.32744255937, 0.31820033429, 0.29336037864]
    ],
    [
      [0.1941615526, 0.11970238858, 0.5395350906, 0.13312050561, 0.013480462614],
      [0.59427898329, 0.058453728029, 0.28206934184, 0.065178679088, 1.9267745663e-05],
      [0.003131834698, 0.89874132061, 0.097982922928, 0.00013386548848, 1.0056278517e-05],
      [0.016027306013, 0.014630071563, 0.85883581197, 0.10225141498, 0.0082553954705],
      [0.014572456943, 0.00077771182976, 0.087378072829, 0.88538193552, 0.011889822879],
      [0.040621069366, 0.036190173692, 0.41385503929, 0.41782899383, 0.091504723822]
    ],
    [
      [0.25482437363, 0.22283825242, 0.42156405177, 0.092486962687, 0.0082863594899],
      [0.67828228403, 0.092741612255, 0.18990722184, 0.039058662786, 1.0219086011e-05],
      [0.0022628439185, 0.95525988606, 0.042422251118, 5.1585950954e-05, 3.4329514511e-06],
      [0.026174741644, 0.033625617055, 0.84462743488, 0.089200484632, 0.0063717217891],
      [0.026538993776, 0.0019859118341, 0.095503347103, 0.86572515714, 0.010246590145],
      [0.067029667872, 0.084262859572, 0.40956525817, 0.36798839722, 0.071153817175]
    ],
    [
      [0.25167342487, 0.26191268203, 0.39698312926, 0.082601201416, 0.006829562423],
      [0.67530248388, 0.10949201755, 0.18007214844, 0.035124866611, 8.4835245426e-06],
      [0.0019295659578, 0.96343741222, 0.034590691418, 3.9881231229e-05, 2.4491768231e-06],
      [0.027328463503, 0.041756429309, 0.84108738034, 0.084272721003, 0.0055550058438],
      [0.029116655805, 0.0025892183297, 0.099983988022, 0.85892790096, 0.0093822368873],
      [0.070561134209, 0.10551007851, 0.41125951641, 0.350256726, 0.062412544867]
    ],
    [
      [0.37045307134, 0.10015828264, 0.41821235259, 0.07678282324, 0.034393470198],
      [0.78883007016, 0.033809489656, 0.15129705747, 0.026029414803, 3.3967914075e-05],
      [0.0069675119097, 0.90304394009, 0.089866965726, 9.1300109034e-05, 3.028216745e-05],
      [0.038262291677, 0.015534045542, 0.84478540975, 0.074734057496, 0.026684195534],
      [0.043033821661, 0.0010207094496, 0.10621690969, 0.80212919417, 0.04759936503],
      [0.084671686725, 0.033489086382, 0.35441119475, 0.26599448541, 0.26143354673]
    ],
    [
      [0.29100793433, 0.14883607839, 0.40923066763, 0.13756266416, 0.013362655486],
      [0.71693180426, 0.058003982083, 0.17116819995, 0.053880742526, 1.5271178914e-05],
      [0.0038837315157, 0.93389363416, 0.062099185725, 0.00011515018923, 8.2984148884e-06],
      [0.029463379658, 0.022456313935, 0.80718204561, 0.13076906801, 0.01012919279],
      [0.021184345617, 0.00094121756224, 0.064858505365, 0.90144806722, 0.011567864233],
      [0.064032104113, 0.04753150034, 0.33262368849, 0.45903701847, 0.096775688582]
    ],
    [
      [0.391175807, 0.14303055268, 0.35211992264, 0.10480560691, 0.0088681107854],
      [0.79755444487, 0.046215179046, 0.12217535155, 0.034046608988, 8.4155448928e-06],
      [0.0054533696421, 0.93837414632, 0.056074532791, 9.2160991574e-05, 5.7902594849e-06],
      [0.045741811333, 0.025037559846, 0.80584839456, 0.11557275927, 0.0077994749925],
      [0.036349796611, 0.0011613243821, 0.071627007908, 0.88101912703, 0.0098427440649],
      [0.10318085982, 0.055020867343, 0.3444710426, 0.42045549955, 0.076871730688]
    ],
    [
      [0.41629775789, 0.1706717122, 0.30973264088, 0.092570917611, 0.01072697141],
      [0.81686658438, 0.052206109682, 0.10228433791, 0.028633286234, 9.6817927963e-06],
      [0.0047479442897, 0.95447618085, 0.040703023674, 6.7079034519e-05, 5.7721545973e-06],
      [0.053519551324, 0.032884021024, 0.78959740171, 0.11350815763, 0.010490868318],
      [0.042498625228, 0.0015195707556, 0.06993517216, 0.87277572017, 0.013270911691],
      [0.11528276228, 0.068998020553, 0.32106417112, 0.39494958298, 0.099705463068]
    ],
    [
      [0.19043171843, 0.11795374306, 0.55849811545, 0.090354452477, 0.04276197058],
      [0.5980262514, 0.058753922526, 0.29799060945, 0.045166958635, 6.2257982939e-05],
      [0.0030769205229, 0.89501614406, 0.10178375079, 9.1228748319e-05, 3.1955880332e-05],
      [0.015461504854, 0.014191581655, 0.87618141423, 0.068377200951, 0.025788298308],
      [0.019149917682, 0.0010270712643, 0.12132878455, 0.80786024122, 0.05063398529],
      [0.036775241763, 0.032950790846, 0.39606181577, 0.26208517659, 0.27212697502]
    ],
    [
      [0.22745095915, 0.093748560364, 0.51856114985, 0.12532231336, 0.034917017275],
      [0.64947598617, 0.04244949377, 0.25117430656, 0.05685403396, 4.6179543716e-05],
      [0.0045074132017, 0.87871389768, 0.11659063065, 0.0001558791038, 3.2179365915e-05],
      [0.019191273118, 0.011811058188, 0.84816727094, 0.098873044272, 0.021957353477],
      [0.017572066061, 0.00063223894218, 0.086864623552, 0.86308086619, 0.031850205251],
      [0.042824350628, 0.025679554848, 0.35954069883, 0.35565006125, 0.21630533445]
    ],
    [
      [0.28594395371, 0.073379527243, 0.52816555052, 0.097431999724, 0.015078968799],
      [0.70811690596, 0.029159327193, 0.22401932068, 0.038686967945, 1.7478230777e-05],
      [0.0071137114128, 0.84380546232, 0.14891134462, 0.00015203812099, 1.7443519516e-05],
      [0.024571554981, 0.0094436635434, 0.87812998706, 0.078203971928, 0.0096508224878],
      [0.027827257698, 0.00062627099728, 0.1114918476, 0.84274392197, 0.017310701743],
      [0.06660536302, 0.024943864905, 0.4527589918, 0.34122492217, 0.1144668581]
    ],
    [
      [0.28805987888, 0.15498750503, 0.38658333959, 0.13487077306, 0.035498503444],
      [0.72001817249, 0.06145484877, 0.16469821478, 0.053787477242, 4.1286711625e-05],
      [0.0037204510327, 0.93952457079, 0.05662433128, 0.00010932093129, 2.1325970916e-05],
      [0.030139376132, 0.024082587693, 0.78589563006, 0.13215811437, 0.027724291749],
      [0.021161462759, 0.00098840873612, 0.061741070988, 0.88525465454, 0.03085440298],
      [0.056013874061, 0.043677938332, 0.27720760321, 0.39599024187, 0.22711034252]
    ],
    [
      [0.27663146641, 0.16333790344, 0.40923854193, 0.13286189248, 0.01793019575],
      [0.70139171102, 0.066226003821, 0.17821690621, 0.054144053896, 2.1325053101e-05],
      [0.0034467216869, 0.93884251976, 0.057596941767, 0.00010346451647, 1.0352268317e-05],
      [0.028242281837, 0.024686660207, 0.80700067904, 0.12646361977, 0.013606759151],
      [0.021007248616, 0.0010736359434, 0.067312204665, 0.89457368324, 0.016033227538],
      [0.060200061113, 0.051378274228, 0.32718874459, 0.43422582351, 0.12700709655]
    ],
    [
      [0.32608133359, 0.181684695, 0.36317665902, 0.10285220483, 0.026205107561],
      [0.75110633437, 0.066987916195, 0.14377911172, 0.038098311058, 2.8326653226e-05],
      [0.0037511668876, 0.9487994646, 0.047361157594, 7.4203886687e-05, 1.4007033219e-05],
      [0.037160581501, 0.030778357907, 0.80039731332, 0.10943612562, 0.022227621649],
      [0.030853643644, 0.0014946628779, 0.074578179631, 0.86384402689, 0.029229486958],
      [0.075371221741, 0.060918060461, 0.308824902, 0.35723582079, 0.19764999501]
    ],
    [
      [0.37545166554, 0.15363099136, 0.37176633905, 0.089002633334, 0.010148370713],
      [0.7879014508, 0.05057228144, 0.13191248219, 0.029603930236, 9.8553389264e-06],
      [0.0047402212307, 0.94137215584, 0.053810346539, 7.1245003734e-05, 6.0313826323e-06],
      [0.042503630987, 0.025999492469, 0.82748712211, 0.095341187285, 0.0086685671534],
      [0.039992626991, 0.0014258669152, 0.086886855012, 0.85875533807, 0.012939313016],
      [0.10224909875, 0.060980271491, 0.37653799739, 0.36909262327, 0.091140009097]
    ],
    [
      [0.37685919835, 0.10346557797, 0.35073812033, 0.12545539918, 0.04348170417],
      [0.79558388325, 0.034959998039, 0.12692965641, 0.042483520605, 4.2941689388e-05],
      [0.0071740714992, 0.91677126903, 0.075866028126, 0.00015009028408, 3.8541058256e-05],
      [0.042617443525, 0.017494120998, 0.77026479508, 0.13290353345, 0.036720106945],
      [0.029331870284, 0.00070483947904, 0.059435585883, 0.87048283392, 0.040044870429],
      [0.073252632321, 0.029309792864, 0.25156177597, 0.36789242377, 0.27798337507]
    ],
    [
      [0.36242634947, 0.12546574729, 0.37258947944, 0.13002891571, 0.0094895080932],
      [0.77520533175, 0.043071435833, 0.13698656742, 0.044727128273, 9.53672567e-06],
      [0.00585099428, 0.9258510884, 0.068159274855, 0.00013152019332, 7.1222736149e-06],
      [0.040033853059, 0.020666407148, 0.79722567178, 0.1342601002, 0.0078139678123],
      [0.028142734905, 0.00085016816213, 0.062851541285, 0.89944965036, 0.0087059052875],
      [0.086620034054, 0.043602643701, 0.3279182163, 0.46816446085, 0.073694645092]
    ],
    [
      [0.28130015718, 0.14317105442, 0.39278700962, 0.15058118019, 0.032160598594],
      [0.7117135526, 0.057659401655, 0.16970208518, 0.060887036811, 3.7923756067e-05],
      [0.0039379717733, 0.93362457607, 0.06228454679, 0.00013200839997, 2.0896969789e-05],
      [0.028820096938, 0.021801033163, 0.78052372613, 0.14429076216, 0.024564381604],
      [0.018797514365, 0.00083114970309, 0.056991596971, 0.89797664492, 0.02540309404],
      [0.05343170479, 0.039419091676, 0.27480751735, 0.43157712506, 0.20076456112]
    ],
    [
      [0.28776309729, 0.084813193584, 0.4401811839, 0.16639078392, 0.020851741303],
      [0.71682984337, 0.033324523947, 0.1844987958, 0.065322965795, 2.3871089067e-05],
      [0.0060698105159, 0.88815103103, 0.10553829964, 0.00022035580559, 2.050300507e-05],
      [0.026717358241, 0.011824446386, 0.80122487295, 0.14567945879, 0.01455386363],
      [0.01732169865, 0.00044810673566, 0.05787158914, 0.90936217853, 0.014996426948],
      [0.054513635134, 0.023472121699, 0.30923418975, 0.4813204647, 0.13145958871]
    ],
    [
      [0.25379182507, 0.2558116759, 0.34591992662, 0.11076420885, 0.033712363563],
      [0.68830817669, 0.10682809011, 0.15754023109, 0.047281656476, 4.184563881e-05],
      [0.0019131331322, 0.96843532045, 0.029587320405, 5.2410007687e-05, 1.1816008864e-05],
      [0.029111966152, 0.042717346757, 0.77920557011, 0.119896919, 0.02906819798],
      [0.022083626119, 0.001881133507, 0.065765627663, 0.87518844353, 0.035081169184],
      [0.053700950871, 0.077160883048, 0.27145179522, 0.35733187772, 0.24035449314]
    ],
    [
      [0.37277193527, 0.082519589451, 0.38505997508, 0.14408574007, 0.015562760127],
      [0.78496777125, 0.027818961008, 0.13864369844, 0.048554256394, 1.531290394e-05],
      [0.0085854042832, 0.89040731182, 0.10078211435, 0.00020846251059, 1.6707030722e-05],
      [0.039409770252, 0.013090838586, 0.79227061101, 0.14291943042, 0.012309349732],
      [0.026051135328, 0.00050662625099, 0.058635810241, 0.90190457455, 0.01290185363],
      [0.080931668472, 0.026179283981, 0.30882436211, 0.4733481541, 0.11071653134]
    ],
    [
      [0.29014659107, 0.14782340569, 0.40617992624, 0.11975696293, 0.036093114074],
      [0.72087646978, 0.058631461703, 0.17277621049, 0.047673951612, 4.1906415777e-05],
      [0.0039692660506, 0.93303676183, 0.062868465615, 0.00010259707844, 2.2909427417e-05],
      [0.029712089898, 0.022491497357, 0.80568855736, 0.11458103143, 0.027526823956],
      [0.023631773203, 0.0010465168042, 0.071785217306, 0.86883149384, 0.034704998848],
      [0.05818200635, 0.042983781218, 0.29979815665, 0.36163376566, 0.23740229012]
    ],
    [
      [0.310195787, 0.14368701547, 0.40332149411, 0.11770441596, 0.025091287449],
      [0.73753789264, 0.054262969202, 0.16348910561, 0.044682246026, 2.778651695e-05],
      [0.0042999648598, 0.93207802009, 0.063503281428, 0.0001025315912, 1.620203478e-05],
      [0.032119138197, 0.022158894808, 0.8120772658, 0.11423321073, 0.019411490466],
      [0.025814252556, 0.0010405610933, 0.073006865643, 0.87541290506, 0.024725415648],
      [0.067310685998, 0.045285990731, 0.32293042754, 0.38564130414, 0.17883159159]
    ],
    [
      [0.302943289, 0.13813521041, 0.43085276568, 0.11205323244, 0.016015502472],
      [0.72743289831, 0.052796891995, 0.17671520615, 0.043037049602, 1.7953940656e-05],
      [0.0043319069453, 0.92573742697, 0.069819483182, 0.00010052598848, 1.0656914948e-05],
      [0.030170522248, 0.020454726881, 0.83301298255, 0.10445825607, 0.011903512249],
      [0.026483782242, 0.0010496492821, 0.081832545655, 0.87407505185, 0.016558970973],
      [0.070382273301, 0.046565707103, 0.36896267859, 0.39249520404, 0.12159413696]
    ],
    [
      [0.32153011836, 0.10994616894, 0.44303706688, 0.11030833297, 0.015178312848],
      [0.74337055791, 0.040605010901, 0.17516632987, 0.040841700446, 1.640086715e-05],
      [0.0056346051006, 0.9063283952, 0.087903494484, 0.00012114208683, 1.2363131519e-05],
      [0.031419657002, 0.016012807338, 0.84058583258, 0.10091021249, 0.011071490598],
      [0.028397816321, 0.00084646470313, 0.085021418613, 0.86986673426, 0.015867566102],
      [0.075211933998, 0.037387486262, 0.38205816498, 0.38917243688, 0.11616997788]
    ],
    [
      [0.23851269195, 0.14846211172, 0.45102572767, 0.14022553213, 0.021773936521],
      [0.65852805376, 0.065598680957, 0.21366708511, 0.062178004687, 2.8175488718e-05],
      [0.0032575202518, 0.92706759868, 0.069541498137, 0.00011961566046, 1.3767272615e-05],
      [0.022451305834, 0.020718881452, 0.81873303658, 0.12288489028, 0.015211885851],
      [0.017170433436, 0.00092647534062, 0.070188222547, 0.89329175424, 0.01842311444],
      [0.048484729806, 0.043657289746, 0.33637042994, 0.42753219784, 0.14395535267]
    ],
    [
      [0.27363790862, 0.14627053852, 0.46978029843, 0.095667092276, 0.014644162152],
      [0.69639487302, 0.059538764908, 0.20497290392, 0.039075997331, 1.7460818984e-05],
      [0.0037608133117, 0.92322652236, 0.072921082607, 8.2247692874e-05, 9.3340271236e-06],
      [0.025873169387, 0.020528978107, 0.8588976641, 0.084399531262, 0.01030065714],
      [0.027403425811, 0.001271967137, 0.10192622463, 0.85210623867, 0.017292143756],
      [0.066300719565, 0.051362026002, 0.41844828801, 0.34835202769, 0.11553693873]
    ],
    [
      [0.34819697579, 0.088652205839, 0.40712129792, 0.14350444655, 0.012525073902],
      [0.76449800629, 0.031296854598, 0.15354946481, 0.050642765658, 1.290864406e-05],
      [0.0076160027834, 0.89131477723, 0.10085997776, 0.000196518216, 1.2724003312e-05],
      [0.035535693872, 0.013528024455, 0.80455803314, 0.13685289977, 0.0095253487624],
      [0.024586798378, 0.00054795293161, 0.062414162222, 0.90200562017, 0.010445466296],
      [0.076600929266, 0.028412703816, 0.32972841287, 0.4755397638, 0.089718190248]
    ],
    [
      [0.28261897288, 0.14200343022, 0.42138310626, 0.1242119817, 0.029782508938],
      [0.71039670456, 0.057294313953, 0.18205961225, 0.050214252018, 3.5117212127e-05],
      [0.0040613808303, 0.92744537794, 0.068361988327, 0.00011145611771, 1.9796783243e-05],
      [0.028235858282, 0.021078203174, 0.81292253535, 0.11565640716, 0.022106996029],
      [0.022450569706, 0.00098044751064, 0.072468471902, 0.87622959009, 0.027870920795],
      [0.057953982798, 0.042206447515, 0.31737153276, 0.38271786865, 0.19975016827]
    ],
    [
      [0.38361082956, 0.13434055772, 0.37804932164, 0.096027864234, 0.0079714268544],
      [0.78995530201, 0.044371192575, 0.1338475743, 0.03181821484, 7.7162704739e-06],
      [0.0057846025892, 0.92952627395, 0.064592762239, 9.0770376125e-05, 5.5908429652e-06],
      [0.043245033907, 0.022560157536, 0.826222962, 0.10126727545, 0.0067045711041],
      [0.038843554715, 0.0011853855479, 0.083214512511, 0.86720804289, 0.0095485043366],
      [0.10430844003, 0.053091397425, 0.3787793401, 0.39335532519, 0.070465497254]
    ],
    [
      [0.28743359059, 0.11355345341, 0.44043261325, 0.1441541303, 0.01442621244],
      [0.71006149608, 0.04517918877, 0.18737637613, 0.057366172345, 1.6766675635e-05],
      [0.0050746353665, 0.90700179404, 0.087752874968, 0.00015890284744, 1.1792774713e-05],
      [0.027642146358, 0.016252711274, 0.81672402417, 0.12908064103, 0.010300477169],
      [0.020247980466, 0.00069732529219, 0.067140722347, 0.89996053026, 0.01195344164],
      [0.061149214485, 0.035072272827, 0.34391774018, 0.46031785063, 0.099542921882]
    ],
    [
      [0.37151090131, 0.056419875808, 0.42062953823, 0.10953624121, 0.041903443443],
      [0.79055954725, 0.019269959731, 0.15285858516, 0.037270360899, 4.1546964654e-05],
      [0.011818469284, 0.8357908131, 0.15210979814, 0.00021891942601, 6.2000050632e-05],
      [0.037184320733, 0.0085159739477, 0.82002099298, 0.10290042956, 0.031378282773],
      [0.031960586891, 0.00042857856389, 0.078824836459, 0.84596470354, 0.042821294542],
      [0.073428690928, 0.016357279863, 0.30723485417, 0.32781104188, 0.27516813315]
    ],
    [
      [0.3448651035, 0.15720718333, 0.35961954235, 0.12234754593, 0.0159606249],
      [0.76430473959, 0.055626895891, 0.13656761046, 0.043484196361, 1.655769603e-05],
      [0.0044783645027, 0.94246105359, 0.052951348468, 9.9598248743e-05, 9.635187286e-06],
      [0.039073218303, 0.026498416734, 0.79114308731, 0.12978632869, 0.013498948961],
      [0.028124242007, 0.0011147823578, 0.063775815191, 0.89157423288, 0.015410927564],
      [0.080803800589, 0.05345207687, 0.31066083897, 0.43267661632, 0.12240666725]
    ],
    [
      [0.32174015175, 0.18725557503, 0.36750917367, 0.097777032902, 0.025718066644],
      [0.74752544425, 0.069495704613, 0.14648314524, 0.036467723076, 2.7982829698e-05],
      [0.0035754162926, 0.95006814365, 0.046275044057, 6.8122597329e-05, 1.3273400424e-05],
      [0.036454649662, 0.031515983154, 0.80674671955, 0.10356825115, 0.021714396481],
      [0.031681049049, 0.0016015354925, 0.078606944527, 0.85819137926, 0.029919091672],
      [0.075494641793, 0.063706002949, 0.31756008484, 0.34546655427, 0.19777271614]
    ],
    [
      [0.38478890872, 0.098663997768, 0.37247627778, 0.12974657005, 0.014324245683],
      [0.79332149701, 0.032510361629, 0.13133168794, 0.042822651442, 1.3801986328e-05],
      [0.0075320173853, 0.90945833348, 0.082837050538, 0.00015953031529, 1.3068278253e-05],
      [0.042231092239, 0.016207064826, 0.7961287167, 0.13366562875, 0.011767497485],
      [0.029594138017, 0.00066444026337, 0.06244837572, 0.89421413309, 0.013078912912],
      [0.08869781778, 0.033167979156, 0.31728972962, 0.45257900002, 0.10826547343]
    ],
    [
      [0.26100804913, 0.25118569684, 0.34821061663, 0.099256788511, 0.040338848883],
      [0.69607337472, 0.10477944274, 0.15714566764, 0.041951916021, 4.959888525e-05],
      [0.0021094740918, 0.9658733442, 0.031951688869, 5.035346884e-05, 1.5139371038e-05],
      [0.030125588194, 0.04269356137, 0.78461644326, 0.10769832922, 0.034866077957],
      [0.024899056707, 0.0020544813327, 0.072400938281, 0.85483187035, 0.04581365333],
      [0.054720801099, 0.075777667089, 0.26994274475, 0.31578933094, 0.28376945612]
    ],
    [
      [0.30073530305, 0.11136885348, 0.39035755262, 0.16689633027, 0.030641960585],
      [0.73445109882, 0.042341398242, 0.15934605007, 0.063827312218, 3.4140654678e-05],
      [0.0049135473021, 0.92185077861, 0.073039826573, 0.00017236166779, 2.3485851488e-05],
      [0.030146773573, 0.016737135639, 0.77139012795, 0.15852953266, 0.023196430178],
      [0.017949232222, 0.00058129238289, 0.051133983379, 0.90839486143, 0.021940630588],
      [0.05463361126, 0.029513052539, 0.26404759053, 0.46483665848, 0.1869690872]
    ],
    [
      [0.22882618083, 0.080563863563, 0.50078513653, 0.16335002311, 0.026474795969],
      [0.64938934621, 0.036329350743, 0.24072023881, 0.073526302099, 3.4762138887e-05],
      [0.0051809881063, 0.86630965078, 0.12825018708, 0.00023135996429, 2.7814069018e-05],
      [0.019392276986, 0.010213554384, 0.8241212526, 0.12953674574, 0.016736170288],
      [0.014059050595, 0.00043332377836, 0.066725868346, 0.89953405671, 0.019247700573],
      [0.041348700966, 0.021208125576, 0.33340819706, 0.44654633023, 0.15748864616]
    ],
    [
      [0.30536100976, 0.1316759197, 0.38416719424, 0.13907111994, 0.039724756366],
      [0.73683788202, 0.050739537491, 0.15863342528, 0.053744389444, 4.4765760926e-05],
      [0.0046495217571, 0.92894765479, 0.066242128166, 0.00013262583201, 2.8069453043e-05],
      [0.031980029981, 0.020527312985, 0.78027750378, 0.13620320147, 0.031011951779],
      [0.021777716679, 0.00081759983212, 0.059495971443, 0.88442574361, 0.033482968432],
      [0.057453694289, 0.035964186845, 0.26623128251, 0.39459068086, 0.2457601555]
    ],
    [
      [0.29782269205, 0.11151983748, 0.43690067134, 0.13169853285, 0.02205826629],
      [0.72470492098, 0.043185429409, 0.18099226322, 0.051092427704, 2.4958687193e-05],
      [0.0051600090915, 0.90886834854, 0.085810891615, 0.00014299347215, 1.7757282616e-05],
      [0.028737719184, 0.016065280974, 0.82016940305, 0.11912205411, 0.01590554268],
      [0.022339077555, 0.00072977641081, 0.071244680808, 0.88606177114, 0.019624694089],
      [0.062154022126, 0.03385462291, 0.33644336522, 0.41585601927, 0.15169197048]
    ],
    [
      [0.24950247144, 0.16996784299, 0.46597218979, 0.10467193625, 0.0098855595285],
      [0.66821773245, 0.072772009843, 0.21399339249, 0.04500445285, 1.2412374585e-05],
      [0.0029923553644, 0.93393142968, 0.062992381219, 7.8344561982e-05, 5.4891785836e-06],
      [0.023641167915, 0.02383773646, 0.85310476678, 0.092453660028, 0.0069626688126],
      [0.023313169684, 0.0013740924062, 0.094204594179, 0.87021918211, 0.01088896162],
      [0.060849153064, 0.059919167232, 0.41737380807, 0.38361412373, 0.078243747905]
    ],
    [
      [0.32323174097, 0.09684647024, 0.43594216372, 0.12663535506, 0.017344270007],
      [0.7448988013, 0.03584742009, 0.17237230582, 0.046862740837, 1.8731949066e-05],
      [0.006470702778, 0.89471949106, 0.098635231192, 0.0001584806937, 1.6094274616e-05],
      [0.031617971734, 0.014136688837, 0.82588633374, 0.11572119709, 0.0126378086],
      [0.025305894493, 0.00066228375983, 0.074039435921, 0.88394687008, 0.016045515749],
      [0.071137221146, 0.031006800711, 0.35311292555, 0.41993700831, 0.12480604428]
    ],
    [
      [0.26065704409, 0.18953059968, 0.3577328496, 0.1760117125, 0.016067794129],
      [0.68517052009, 0.079464951389, 0.16117591291, 0.074168847675, 1.9767935318e-05],
      [0.00285572843, 0.95270458389, 0.04431104909, 0.00012047969191, 8.1589006679e-06],
      [0.028270126866, 0.030432416389, 0.75020287492, 0.17813061506, 0.012963966773],
      [0.015416622635, 0.00097009172907, 0.045870769532, 0.92653654579, 0.011205970315],
      [0.051883376945, 0.054511259253, 0.26176360223, 0.5276478035, 0.10419395807]
    ],
    [
      [0.3007372257, 0.10396060551, 0.42634539838, 0.13849876601, 0.030458004391],
      [0.72956194417, 0.040230021067, 0.17650090306, 0.053672721437, 3.4410269e-05],
      [0.0055708663028, 0.90471525666, 0.089526924301, 0.00016075697917, 2.6195755049e-05],
      [0.029313576944, 0.015128599764, 0.80699528682, 0.12640369969, 0.022158836784],
      [0.021517164939, 0.00064934084516, 0.066294592821, 0.88573867395, 0.025800227439],
      [0.058734022928, 0.029535214356, 0.30702050368, 0.40856048894, 0.19614977009]
    ],
    [
      [0.39535241291, 0.10198359269, 0.35861787618, 0.12357858527, 0.020467532954],
      [0.80127377045, 0.03324774891, 0.12512258525, 0.040336393165, 1.9502226182e-05],
      [0.0077215252512, 0.91272165997, 0.079386894686, 0.00015133908263, 1.858101456e-05],
      [0.044938467227, 0.017311626272, 0.78915316252, 0.13126250661, 0.017334237368],
      [0.031872703444, 0.00071915176344, 0.062816239569, 0.88511742706, 0.019474478162],
      [0.090030632551, 0.033817947213, 0.30071144166, 0.4234107969, 0.15202918168]
    ],
    [
      [0.20370454188, 0.2392556982, 0.37496974626, 0.1566335554, 0.025436458257],
      [0.61921542695, 0.11313347238, 0.19235204047, 0.075263466785, 3.5593414061e-05],
      [0.0016753083434, 0.96347917595, 0.034755583986, 8.0265843784e-05, 9.6658767965e-06],
      [0.021423254266, 0.036618365694, 0.76767582607, 0.15431614696, 0.019966407009],
      [0.013203610081, 0.0013122581903, 0.05271566427, 0.91321175209, 0.019556715364],
      [0.039600599992, 0.066215732868, 0.26859037123, 0.461602975, 0.16399032091]
    ],
    [
      [0.34609205956, 0.22722171662, 0.31831534748, 0.10187526977, 0.0064956065651],
      [0.76268831868, 0.080273576369, 0.1208430538, 0.036188308796, 6.7423593124e-06],
      [0.0032482309135, 0.96286632674, 0.033822766077, 5.9844981562e-05, 2.8312913452e-06],
      [0.044138692388, 0.04298677697, 0.78538313684, 0.12132201422, 0.0061693795797],
      [0.03393795719, 0.001931473938, 0.067740289032, 0.88886923068, 0.0075210491589],
      [0.096438123496, 0.091668822281, 0.32627141569, 0.42697249592, 0.058649142613]
    ],
    [
      [0.40112498357, 0.21022765843, 0.27080902398, 0.10991605973, 0.0079222743],
      [0.80330108058, 0.067597046161, 0.093572307576, 0.035522085811, 7.4798682071e-06],
      [0.0040764170119, 0.96466087412, 0.031189007775, 6.9960469284e-05, 3.7406236844e-06],
      [0.056971908338, 0.044342700228, 0.74444494608, 0.14585646724, 0.0083839781195],
