{
  "X": [
    [15, 53, 117, 161, 22],
    [13, 32, 119, 162, 10],
    [5, 33, 45, 108, 14],
    [8, 93, 102, 132, 13],
    [9, 74, 77, 143, 21],
    [10, 76, 104, 156, 28],
    [14, 235, 189, 94, 38],
    [2, 125, 99, 88, 30],
    [13, 106, 115, 68, 19],
    [10, 90, 99, 89, 21],
    [14, 41, 73, 149, 30],
    [9, 34, 82, 102, 29],
    [8, 64, 87, 121, 12],
    [12, 80, 110, 88, 9],
    [8, 44, 114, 132, 26],
    [7, 59, 159, 111, 18],
    [5, 55, 74, 70, 10],
    [10, 23, 73, 123, 9],
    [6, 60, 156, 161, 14],
    [17, 48, 100, 188, 17],
    [5, 28, 97, 121, 7],
    [15, 60, 177, 177, 16],
    [8, 41, 95, 66, 6],
    [20, 15, 83, 169, 6],
    [30, 68, 147, 225, 16],
    [12, 13, 96, 95, 10],
    [23, 41, 90, 155, 10],
    [17, 62, 127, 81, 17],
    [20, 50, 100, 187, 11],
    [8, 49, 114, 111, 10],
    [21, 47, 136, 159, 10],
    [26, 29, 107, 112, 20],
    [32, 23, 73, 134, 5],
    [25, 41, 98, 180, 14],
    [21, 31, 102, 164, 11],
    [5, 20, 82, 125, 4],
    [21, 21, 126, 146, 13],
    [33, 16, 112, 129, 6],
    [16, 11, 71, 94, 10],
    [9, 23, 84, 117, 11],
    [19, 40, 139, 159, 10],
    [20, 31, 153, 131, 19],
    [15, 39, 136, 157, 21],
    [35, 45, 187, 224, 11],
    [24, 35, 145, 126, 14],
    [10, 38, 134, 115, 6],
    [19, 32, 148, 125, 18],
    [13, 36, 113, 145, 10],
    [27, 29, 112, 158, 9],
    [18, 19, 94, 120, 5],
    [25, 30, 106, 219, 6],
    [13, 27, 76, 141, 8],
    [13, 16, 98, 147, 7],
    [15, 18, 93, 86, 4],
    [26, 22, 136, 95, 8],
    [18, 37, 86, 136, 8],
    [22, 24, 67, 122, 7],
    [19, 17, 69, 94, 5],
    [35, 50, 94, 282, 15],
    [11, 64, 129, 122, 17],
    [14, 57, 121, 87, 17],
    [18, 53, 139, 101, 13],
    [20, 44, 146, 110, 37],
    [16, 70, 156, 78, 27],
    [23, 28, 68, 88, 11],
    [23, 101, 121, 230, 18],
    [14, 42, 86, 111, 2],
    [15, 29, 101, 158, 16],
    [33, 44, 98, 201, 13],
    [25, 18, 126, 166, 13],
    [29, 25, 68, 113, 8],
    [27, 45, 100, 112, 2],
    [19, 223, 142, 107, 39],
    [22, 149, 147, 118, 31],
    [12, 112, 74, 81, 29],
    [7, 195, 82, 27, 25],
    [5, 167, 77, 27, 21],
    [14, 32, 95, 90, 12],
    [20, 67, 107, 146, 13],
    [28, 43, 113, 196, 9],
    [288, 628, 1361, 2943, 121]
  ],
  "W": [
    [11, 18, 72, 111, 124, 32],
    [15, 12, 47, 109, 126, 27],
    [4, 4, 39, 48, 86, 24],
    [7, 5, 113, 98, 97, 28],
    [16, 14, 85, 70, 102, 37],
    [4, 10, 114, 93, 113, 40],
    [9, 11, 263, 167, 66, 54],
    [4, 4, 149, 88, 57, 42],
    [3, 15, 127, 105, 48, 23],
    [5, 9, 108, 89, 62, 36],
    [16, 14, 49, 82, 115, 31],
    [12, 12, 44, 90, 69, 29],
    [8, 7, 81, 75, 90, 31],
    [10, 8, 90, 98, 61, 32],
    [2, 10, 74, 100, 110, 28],
    [9, 11, 74, 150, 86, 24],
    [5, 5, 58, 71, 54, 21],
    [10, 7, 35, 71, 98, 17],
    [13, 10, 73, 147, 118, 36],
    [15, 16, 51, 105, 148, 35],
    [11, 9, 38, 95, 91, 14],
    [22, 12, 86, 157, 131, 37],
    [8, 6, 48, 90, 46, 18],
    [6, 18, 24, 72, 138, 35],
    [29, 32, 90, 125, 155, 55],
    [8, 18, 18, 85, 79, 18],
    [4, 22, 57, 86, 121, 29],
    [13, 13, 73, 120, 56, 29],
    [8, 29, 58, 97, 151, 25],
    [5, 9, 60, 116, 75, 27],
    [14, 22, 57, 134, 115, 31],
    [6, 27, 46, 99, 85, 31],
    [14, 32, 19, 64, 112, 26],
    [17, 26, 57, 81, 145, 32],
    [16, 19, 45, 98, 129, 22],
    [9, 7, 27, 72, 96, 25],
    [24, 24, 32, 105, 123, 19],
    [17, 39, 23, 96, 102, 19],
    [19, 14, 22, 54, 78, 15],
    [14, 10, 30, 74, 90, 26],
    [9, 25, 61, 128, 122, 22],
    [14, 21, 55, 123, 101, 40],
    [9, 21, 65, 124, 120, 29],
    [19, 39, 69, 162, 179, 34],
    [10, 28, 49, 138, 99, 20],
    [18, 6, 48, 110, 94, 27],
    [12, 20, 46, 129, 107, 28],
    [17, 15, 40, 107, 111, 27],
    [14, 36, 40, 105, 113, 27],
    [9, 21, 25, 82, 105, 14],
    [25, 31, 34, 96, 169, 31],
    [19, 15, 29, 67, 111, 24],
    [19, 23, 29, 83, 104, 23],
    [16, 14, 19, 77, 74, 16],
    [11, 16, 24, 130, 76, 30],
    [12, 24, 44, 75, 116, 14],
    [7, 24, 40, 63, 94, 14],
    [5, 18, 20, 71, 79, 11],
    [15, 30, 54, 86, 243, 48],
    [11, 10, 81, 116, 102, 23],
    [7, 16, 71, 103, 63, 36],
    [4, 14, 78, 116, 81, 31],
    [12, 20, 67, 128, 96, 34],
    [9, 13, 84, 137, 68, 36],
    [25, 23, 30, 57, 68, 15],
    [19, 28, 103, 119, 180, 44],
    [14, 16, 41, 82, 93, 9],
    [11, 14, 36, 97, 129, 32],
    [29, 21, 56, 97, 149, 37],
    [15, 21, 28, 115, 128, 41],
    [19, 23, 29, 64, 86, 22],
    [10, 23, 55, 98, 82, 18],
    [9, 18, 267, 124, 68, 44],
    [4, 23, 177, 135, 68, 60],
    [6, 17, 133, 72, 53, 27],
    [7, 3, 219, 67, 11, 29],
    [0, 6, 190, 69, 4, 28],
    [14, 14, 35, 92, 61, 27],
    [12, 27, 83, 103, 99, 29],
    [14, 31, 58, 103, 155, 28],
    [153, 274, 710, 1226, 2541, 437]
  ],
  "method": "mult",
  "cond_prob": [
    [
      [0.12686739756, 0, 0.28739764701, 0.57881306136, 0.0069218940717],
      [0.70802993293, 0, 0.05333177525, 0.2385179559, 0.00012033591881],
      [0.00012676017581, 0.71434966005, 0.097427171403, 0.026786064114, 0.16131034426],
      [0.00099629126764, 0.0015866735436, 0.8803019449, 0.091393443141, 0.025721647145],
      [0.0026049585041, 0, 0.0030486945516, 0.99434634694, 0],
      [0.013037184882, 0.043459491044, 0.24288573684, 0.4677349154, 0.23288267183]
    ],
    [
      [0.13635243573, 0, 0.29280446103, 0.56701294482, 0.00383015841],
      [0.77378608406, 0, 0.032783364013, 0.19343055193, 0],
      [0.013479364717, 0.66108935056, 0.17657820397, 0.037861355291, 0.11099172546],
      [0.0010258401753, 0.00080849835164, 0.89724724329, 0.090841877475, 0.010076540708],
      [0.0027619739963, 0, 0.0036562190734, 0.99358180693, 0],
      [0.021330555963, 0.031136081604, 0.28350829659, 0.52966974769, 0.13435531815]
    ],
    [
      [0.13619366146, 0.000488894559, 0.21790973331, 0.63759473156, 0.0078129791076],
      [0.85861832506, 0.00038803419819, 0.016200056064, 0.12458982493, 0.00020375974519],
      [2.9209131408e-05, 0.78423694137, 0.045399429495, 0.011600010034, 0.15873440997],
      [0.0080464898938, 0.023218126511, 0.78965811821, 0.14340947494, 0.035667790445],
      [0.0021447758518, 2.0872285684e-05, 0.0025417228056, 0.99336652246, 0.0019261065972],
      [0.018705444151, 0.053957770098, 0.17378355236, 0.50773690226, 0.24581633113]
    ],
    [
      [0.16285303422, 0, 0.14062550709, 0.69348133786, 0.0030401208293],
      [0.90038005239, 0, 0.01706736451, 0.082539014658, 1.3568437162e-05],
      [0.011018378344, 0.79913179114, 0.068533950105, 0.052752991402, 0.068562889004],
      [0.0011264093008, 0.0048671090718, 0.88014212553, 0.10057697123, 0.013287384874],
      [0.0031519807139, 0, 0.00031557533124, 0.99653244395, 0],
      [0.024890053746, 0.079326103987, 0.24647889847, 0.50898776033, 0.14031718346]
    ],
    [
      [0.045471093099, 0.040662670826, 0.2633703293, 0.64387991888, 0.0066159878893],
      [0.5710395521, 0.01240823952, 0.063946945045, 0.3518260001, 0.00077926323641],
      [3.34665091e-05, 0.81769523428, 0.042132971096, 0.017861725135, 0.12227660298],
      [0.00066269658193, 0.0070813750715, 0.86581222709, 0.097243456369, 0.029200244884],
      [0.0014274464774, 0.0015533172873, 0.0012905542632, 0.99397656925, 0.0017521127213],
      [0.0022452926035, 0.081552767058, 0.20462223043, 0.4881475311, 0.22343217881]
    ],
    [
      [0.13018472311, 0, 0.1473667272, 0.71637376205, 0.0060747876433],
      [0.79207960123, 0, 0.022182219834, 0.18573817894, 0],
      [0.0043352816787, 0.65104474964, 0.10130676588, 0.094936229089, 0.14837697371],
      [0.00091915084186, 0, 0.88763622488, 0.091183966148, 0.020260658131],
      [0.0023985765858, 0, 0, 0.99760142341, 0],
      [0.017693070035, 0.044522463522, 0.22723926671, 0.48113308372, 0.22941211602]
    ],
    [
      [0.17692082634, 0.00075566044678, 0.33564586492, 0.48192718103, 0.0047504672609],
      [0.89662469966, 0.00078265416303, 0.020882506199, 0.081589319234, 0.00012082074662],
      [5.8818223241e-05, 0.84111117485, 0.059540234188, 0.015412144993, 0.083877627743],
      [0.0027942613324, 0.03504620207, 0.92242095399, 0.0179034594, 0.021835123208],
      [0.011469577229, 0.013256424091, 0.0091052652918, 0.9658293604, 0.00033937298522],
      [0.024180332117, 0.13045761367, 0.28602131908, 0.33291042999, 0.22643030513]
    ],
    [
      [0.018955235154, 0.024480166156, 0.20657946941, 0.7436762061, 0.0063089231834],
      [0.46070945226, 0.031370308677, 0.041035469094, 0.46666413717, 0.00022063280493],
      [8.2199634071e-06, 0.80146908695, 0.057656393607, 0.028534757554, 0.11233154193],
      [0.00016626903536, 0.0066078593711, 0.89967539427, 0.064499566335, 0.02905091099],
      [0.00069686600001, 0.0045377496431, 0.0053281219874, 0.98881070974, 0.00062655263014],
      [0.00061341520718, 0.10756097122, 0.23675237975, 0.40163779664, 0.25343543718]
    ],
    [
      [0.15986874696, 0.00018277246083, 0.18960483256, 0.64575040852, 0.0045932395046],
      [0.77111202221, 0.00038623305587, 0.023757769099, 0.20462615467, 0.00011782096644],
      [0.00019351567289, 0.80857533065, 0.080656345916, 0.017607943008, 0.092966864758],
      [0.00088301195093, 0.0096442305746, 0.92215299709, 0.047288221593, 0.020031538788],
      [0.0074572499022, 0.0023323715225, 0.0099441102957, 0.98011927628, 0.00014699200207],
      [0.020803160235, 0.094782310932, 0.28382961067, 0.38026778973, 0.22031712843]
    ],
    [
      [0.16107301626, 0.0003111490941, 0.16447166299, 0.6689385248, 0.0052056468559],
      [0.84274606442, 0.00037830507106, 0.02049797301, 0.13624444717, 0.00013321032685],
      [0.00047543031409, 0.79675510423, 0.072780002945, 0.026511873818, 0.1034775887],
      [0.003019819355, 0.0068114177476, 0.90300387152, 0.064548422242, 0.022616469135],
      [0.0081514791181, 0.0026112594978, 0.006780449307, 0.98206958706, 0.00038722502183],
      [0.021789395475, 0.088260388441, 0.25958853299, 0.41479725006, 0.21556443304]
    ],
    [
      [0.14554894002, 0.054849485705, 0.29036619616, 0.49471525106, 0.014520127053],
      [0.74514851665, 0.0019290638942, 0.031307076024, 0.2200823448, 0.0015329986327],
      [0, 0.7287168131, 0.010479828451, 0.0048756819807, 0.25592767646],
      [0.0047018745094, 0.035408892228, 0.76032946633, 0.1384014112, 0.061158355736],
      [0.0028387075058, 0.00014842643564, 0.0032585446924, 0.98654929368, 0.0072050276877],
      [0.017004279147, 0.047344493203, 0.15098649434, 0.41814226605, 0.36652246726]
    ],
    [
      [0.078285691026, 0.011556134681, 0.25510679329, 0.64001113659, 0.015040244411],
      [0.64805100288, 0.0043649693546, 0.063282959683, 0.28035751542, 0.0039435526597],
      [0, 0.69786598811, 0.025907670754, 0.0068972702457, 0.2693290709],
      [0.00091878214772, 0.017762147472, 0.80117862287, 0.11961159514, 0.060528852374],
      [0.0018807455869, 0, 0, 0.99228906814, 0.0058301862697],
      [0.002465442563, 0.05187068974, 0.17011411701, 0.39376231105, 0.38178743964]
    ],
    [
      [0.13259995315, 0, 0.28618420666, 0.57765360666, 0.0035622335284],
      [0.80627031974, 0, 0.02243583244, 0.17129384782, 0],
      [0.0047346463992, 0.76570228019, 0.098178488151, 0.050680860686, 0.080703724575],
      [0.00090005560556, 0, 0.90746180698, 0.078859321142, 0.012778816273],
      [0.0025211653571, 0, 0.0032304486402, 0.994248386, 0],
      [0.019915894379, 0.063810171118, 0.26614974446, 0.50573421518, 0.14438997486]
    ],
    [
      [0.19859961098, 0.00037114818105, 0.22876693466, 0.5698138765, 0.0024484296709],
      [0.91144000015, 0.00021654660411, 0.018111484522, 0.070209709621, 2.2259099292e-05],
      [0.002335916523, 0.84464590995, 0.082695148791, 0.020077932984, 0.050245091754],
      [0.0080349021994, 0.0085715886206, 0.91475887463, 0.059212033247, 0.0094226012988],
      [0.012138178038, 0.0016606657294, 0.0086696243499, 0.97753153188, 0],
      [0.030762566439, 0.094847123616, 0.31092683083, 0.4531552152, 0.11030826392]
    ],
    [
      [0.10629894113, 0, 0.3346306261, 0.5506371729, 0.0084332598654],
      [0.71669905751, 0, 0.051207887362, 0.23209305513, 0],
      [0.00013441161315, 0.58281093035, 0.16277030313, 0.041058116745, 0.21322623816],
      [0.00057857175132, 0, 0.91840874882, 0.056653582664, 0.02435909677],
      [0.0020415824426, 0, 0.013662987026, 0.98429543053, 0],
      [0.011715494266, 0.031142541205, 0.26535192815, 0.41434424425, 0.27744579213]
    ],
    [
      [0.077311484688, 0.00013548754629, 0.3574505514, 0.55907101045, 0.0060314659129],
      [0.5515764732, 0.012535738235, 0.14958190733, 0.28613522467, 0.0001706565698],
      [6.5470304743e-06, 0.76872593877, 0.096732508871, 0.0038225001485, 0.13071250518],
      [0.00034088282019, 0.0025915919835, 0.92252871458, 0.054698080212, 0.019840730402],
      [0.0016197450351, 0.00034604027654, 0.015198549546, 0.98251773808, 0.00031792706511],
      [0.0019141856811, 0.064861240039, 0.30387316468, 0.40986545488, 0.21948595473]
    ],
    [
      [0.11870672386, 0.0012864553699, 0.33232989658, 0.54290994663, 0.0047669775579],
      [0.77340350314, 0.0011713998198, 0.034393197218, 0.19085991541, 0.00017198441254],
      [0, 0.86511933341, 0.051593191742, 0, 0.083287474845],
      [0.00066697867637, 0.02827712792, 0.89044142992, 0.061991669231, 0.018622794252],
      [0.0023845796354, 0.01464279091, 0.0047339039021, 0.97716361316, 0.0010751123959],
      [0.017301241841, 0.095828694982, 0.27128605119, 0.43632890781, 0.17925510418]
    ],
    [
      [0.17349522725, 0, 0.24443992104, 0.57714617517, 0.0049186765507],
      [0.89292853813, 0, 0.017029013465, 0.090042448405, 0],
      [0.032023818773, 0.64063231191, 0.11953442081, 0.063914120787, 0.14389532772],
      [0.0015413206928, 0.0010611406867, 0.87245147853, 0.11068178652, 0.014264273573],
      [0.0033838601881, 0, 0.0019967172986, 0.99461942251, 0],
      [0.026627190351, 0.029560476142, 0.24193880566, 0.53118450781, 0.17068902004]
    ],
    [
      [0.029510447926, 0, 0.32778922194, 0.63855300652, 0.004147323618],
      [0.53836825882, 0, 0.10096942219, 0.36057578999, 8.6528994488e-05],
      [1.9155708535e-05, 0.79059392225, 0.10078260719, 0.016456467245, 0.092147847612],
      [0.0003145352051, 0.0024736567635, 0.89748941566, 0.086412853085, 0.013309539285],
      [0.001056756756, 0, 0.0055932192533, 0.99335002399, 0],
      [0.0016763680469, 0.053417114774, 0.29947143317, 0.49927051867, 0.14616456535]
    ],
    [
      [0.15504370065, 0.0086803445393, 0.35340252595, 0.47621896792, 0.0066544609439],
      [0.78208022459, 0.0012324948668, 0.027326705118, 0.18909504407, 0.00026553135251],
      [0.00015890072741, 0.8430347326, 0.018087047785, 0.0052009101771, 0.13351840871],
      [0.0088384591352, 0.025280063231, 0.81442105976, 0.12547124734, 0.025989170542],
      [0.0030669400424, 0.0018517789327, 0.004021511472, 0.98948367855, 0.001576091006],
      [0.022028903552, 0.055052389427, 0.20656858342, 0.51279665605, 0.20355346755]
    ],
    [
      [0.029767871676, 0, 0.27388892697, 0.69241842486, 0.0039247764884],
      [0.50229331318, 0, 0.097866036613, 0.3998344777, 6.1725089827e-06],
      [3.1558522194e-05, 0.71913812425, 0.15070392349, 0.026326791233, 0.1037996025],
      [0.00036237772936, 0.0014836136518, 0.87793099525, 0.10879404783, 0.011428965539],
      [0.00099363551833, 0, 0, 0.99900636448, 0],
      [0.0018476894739, 0.037986284408, 0.28401670234, 0.53853251774, 0.13761680605]
    ],
    [
      [0.13944004559, 0, 0.29932119849, 0.55749260369, 0.0037461522282],
      [0.80224577544, 0, 0.023860540932, 0.17389368363, 0],
      [0.011157554601, 0.67837546907, 0.16987270642, 0.037551847434, 0.10304242247],
      [0.00087573185874, 0.0011364824561, 0.91176934336, 0.075783794843, 0.010434647483],
      [0.0030760930116, 0, 0.0077458661136, 0.98917804087, 0],
      [0.0217665381, 0.040034646325, 0.30694754113, 0.4848270403, 0.14642423414]
    ],
    [
      [0.16710241038, 0, 0.19264580617, 0.63752728589, 0.0027244975466],
      [0.87880778607, 0, 0.019342113165, 0.10185010077, 0],
      [0.0045891996228, 0.81944807108, 0.09654166831, 0.016636737144, 0.062784323845],
      [0.0032684422829, 0.0047433105129, 0.91564602883, 0.066954592667, 0.009387625708],
      [0.0087054252473, 0, 0.009493105031, 0.98180146972, 0],
      [0.026413502876, 0.068866369007, 0.32577529815, 0.46118537656, 0.11775945341]
    ],
    [
      [0.19333993805, 0, 0.25414284434, 0.55007479508, 0.0024424225274],
      [0.84996489057, 0, 0.022764113846, 0.12727099559, 0],
      [0.05926308708, 0.6028664388, 0.19434884143, 0.044250204474, 0.09927142822],
      [0.0035249286775, 0.0003223616846, 0.90987288998, 0.080764329859, 0.0055154897982],
      [0.0044257229082, 9.8257190408e-05, 0.0099584231228, 0.98550118335, 1.6413426187e-05],
      [0.035820960729, 0.014126741009, 0.27188303488, 0.58664209569, 0.091527167694]
    ],
    [
      [0.15166677346, 0, 0.25983760357, 0.58518001151, 0.0033156114527],
      [0.72008057833, 0, 0.051900087509, 0.22801933416, 0],
      [0.0072127750205, 0.72859259894, 0.1236089501, 0.054370956746, 0.086214719197],
      [0.0013336031218, 0.00054020156342, 0.89644388574, 0.091300562357, 0.010381747217],
      [0.0033594771116, 0, 0, 0.99664052289, 0],
      [0.022227563064, 0.04289347091, 0.26588391763, 0.54450770043, 0.12448734797]
    ],
    [
      [0.11188400096, 0.00028424450747, 0.43834474628, 0.44137896867, 0.0081080395842],
      [0.5871281663, 0.00088459400336, 0.16700110704, 0.24390444548, 0.00108168718],
      [0, 0.69105898746, 0.10058492098, 0.00022572889077, 0.20813036266],
      [0.0006541305198, 0.00039118927849, 0.93292008536, 0.043360786691, 0.022673808155],
      [0.0029044519116, 0.00014258123622, 0.03665682531, 0.95915817806, 0.0011379634813],
      [0.013976011318, 0.027679253956, 0.30458872615, 0.42308123203, 0.23067477656]
    ],
    [
      [0.20398287913, 0, 0.24275882843, 0.54964770721, 0.0036105852239],
      [0.84223873566, 0, 0.018731300049, 0.13902996429, 0],
      [0.034815477051, 0.69761018847, 0.10186105104, 0.071565294104, 0.09414798933],
      [0.0022945399549, 0.0012510942177, 0.87946478449, 0.10689678522, 0.010092796123],
      [0.0047908517294, 0, 1.7078701077e-33, 0.99520914827, 0],
      [0.030803814199, 0.038918108772, 0.24747671413, 0.55345164564, 0.12934971727]
    ],
    [
      [0.21070421956, 0.00079179208273, 0.24196918934, 0.54101532156, 0.0055194774502],
      [0.87720422173, 0.00069125179265, 0.018499403898, 0.10343802278, 0.00016709979152],
      [3.2957433465e-05, 0.79676502488, 0.079043812354, 0.011036043259, 0.11312216207],
      [0.010018181495, 0.013273027864, 0.90680384796, 0.049504016682, 0.020400925995],
      [0.014079862211, 0.0030092288932, 0.0085381426723, 0.97395511604, 0.00041765018641],
      [0.029797596801, 0.070882532814, 0.29479697382, 0.39084506433, 0.21367783223]
    ],
    [
      [0.12516958497, 0.0012399949658, 0.28824997327, 0.58086035145, 0.0044800953413],
      [0.62290012964, 0.028878054522, 0.059631441868, 0.28818984976, 0.0004005242121],
      [0, 0.82302541579, 0.072119724879, 0.0074723307136, 0.097382528614],
      [0.0012356596609, 0.0013056940681, 0.87979520112, 0.1013155547, 0.016347890447],
      [0.0025563464447, 0, 0.0027863618556, 0.99448007608, 0.00017721562056],
      [0.017146890418, 0.05161960074, 0.24083476831, 0.54272464279, 0.14767409774]
    ],
    [
      [0.11416125087, 0, 0.14555637737, 0.73676034387, 0.0035220278903],
      [0.73703276069, 0, 0.022237168302, 0.24071030963, 1.9761385886e-05],
      [0.0012190319553, 0.78196607629, 0.080053757637, 0.054926126649, 0.081835007466],
      [0.00074100121676, 0.0048318367605, 0.87026378789, 0.11195324697, 0.012210127165],
      [0.0022665112499, 0, 0, 0.99773348875, 0],
      [0.017289351751, 0.056353420675, 0.27104662019, 0.51991294779, 0.13539765959]
    ],
    [
      [0.15815722389, 0, 0.21991349005, 0.61858444731, 0.0033448387484],
      [0.75925767633, 0, 0.043247462093, 0.19749486158, 0],
      [0.01097170544, 0.79258859028, 0.09499926655, 0.019212858476, 0.082227579249],
      [0.0015241263138, 0.0024565946592, 0.8797826633, 0.10517318991, 0.011063425817],
      [0.0044835343606, 0, 0.0010659091202, 0.99445055652, 0],
      [0.023771077376, 0.048169892562, 0.27552749513, 0.53047665813, 0.1220548768]
    ],
    [
      [0.21040301897, 0, 0.22923551837, 0.5523778449, 0.0079836177584],
      [0.80539928815, 0, 0.044470498674, 0.15013021318, 0],
      [0.030783431547, 0.60895803518, 0.12456759401, 0.024470651391, 0.21122028787],
      [0.0020462643513, 0.00091316776767, 0.90289407352, 0.070440749021, 0.023705745343],
      [0.0061421516342, 0, 0.013328658642, 0.98052918972, 0],
      [0.02745484501, 0.028952476538, 0.26368789802, 0.42541780423, 0.2544869762]
    ],
    [
      [0.21834231837, 0.11692331633, 0.31168771816, 0.34955422676, 0.0034924203823],
      [0.79467110803, 0.0053983886476, 0.03847086143, 0.1611728932, 0.00028674869218],
      [0.00022598871525, 0.90537434235, 0.023298542147, 0, 0.071101126788],
      [0.0076683150953, 0.010173590816, 0.91166943476, 0.059046904265, 0.011441755067],
      [0.018701959072, 0.016192067645, 0.013968164836, 0.95054543122, 0.00059237722691],
      [0.035540258393, 0.058599663139, 0.27120591512, 0.52725454128, 0.10739962207]
    ],
    [
      [0.17029834118, 0, 0.27240247839, 0.55222876309, 0.0050704173424],
      [0.75664230551, 0, 0.044912629075, 0.198238098, 0.0002069674101],
      [0.016685709068, 0.69791377709, 0.12252921034, 0.034218727767, 0.12865257573],
      [0.0012750923512, 0, 0.92429220593, 0.05949205544, 0.014940646282],
      [0.0041179363524, 0.00036629273295, 0.013961220489, 0.98151009251, 4.4457914704e-05],
      [0.024398737133, 0.036431320608, 0.26016308972, 0.51155103413, 0.16745581842]
    ],
    [
      [0.17919004318, 0, 0.25688179584, 0.55925255913, 0.0046756018473],
      [0.80458718489, 0, 0.029050038533, 0.16636277657, 0],
      [0.034494021452, 0.67115100785, 0.12009144199, 0.040739981295, 0.13352354741],
      [0.0018336472891, 0.0010175420868, 0.8793826439, 0.10381618408, 0.013949982647],
      [0.0040508820621, 0, 0.0019291658005, 0.99401995214, 0],
      [0.026877755017, 0.031749341914, 0.25024837068, 0.52978214887, 0.16134238352]
    ],
    [
      [0.056327442323, 0, 0.31330300671, 0.62805286045, 0.002316690519],
      [0.61073678262, 0, 0.06693017893, 0.3222611498, 7.1888649747e-05],
      [5.7555162512e-05, 0.71040495842, 0.1960668919, 0.030121893663, 0.063348700848],
      [0.00048394410342, 0.00056777802783, 0.90579954914, 0.08785138732, 0.0052973414039],
      [0.0012197024639, 3.08842394e-05, 0.004730177824, 0.99401733636, 1.8991088813e-06],
      [0.0025762455753, 0.031008848703, 0.30985163985, 0.58109763602, 0.075465629854]
    ],
    [
      [0.1366414625, 0.00029664479501, 0.37060946748, 0.4850671503, 0.0073852749224],
      [0.69985304906, 0.00084453006987, 0.085301222685, 0.2134346095, 0.00056658867889],
      [0, 0.63819209123, 0.14150144673, 0.018490614199, 0.20181584784],
      [0.00076251681935, 0.00017455011289, 0.94201457115, 0.036424549571, 0.020623812343],
      [0.0038636871941, 0.0002923317791, 0.047868902526, 0.94786051388, 0.00011456461816],
      [0.019412312191, 0.026114753326, 0.30161537678, 0.43330722094, 0.21955033677]
    ],
    [
      [0.18608748758, 0.00025523161734, 0.32928554663, 0.48055530578, 0.0038164283904],
      [0.72407818494, 0.00076633951646, 0.082692760096, 0.19231359701, 0.00014911843817],
      [0.015895988823, 0.67152941441, 0.17433776887, 0.0017742233724, 0.13646260453],
      [0.0010995931145, 0.00027095044386, 0.94340931344, 0.050423208855, 0.0047969341425],
      [0.005971801474, 0, 0.02378257397, 0.97024562456, 0],
      [0.02721952979, 0.026030844599, 0.32496014443, 0.49914950664, 0.12263997455]
    ],
    [
      [0.17955303864, 0, 0.3245431866, 0.48849609257, 0.007407682186],
      [0.77310431413, 0.00027222406565, 0.058855701114, 0.1674028389, 0.00036492179275],
      [0.04285450163, 0.48785526167, 0.17864358194, 0.042346597578, 0.24830005718],
      [0.00068995503504, 0, 0.95739044022, 0.025519569537, 0.016400035208],
      [0.0051869505542, 0.0002426691829, 0.050609235415, 0.94375801695, 0.00020312789694],
      [0.025359541133, 0.016296327343, 0.29552911347, 0.43014181818, 0.23267319988]
    ],
    [
      [0.11266765391, 0.00025880244138, 0.31411063437, 0.56665482033, 0.0063080889486],
      [0.69307487797, 0.00026831501639, 0.059536324353, 0.24673822142, 0.00038226124123],
      [0, 0.73318132149, 0.11406854217, 0.0033289296916, 0.14942120664],
      [0.00079162927877, 0.00073332940964, 0.90307714539, 0.07556867353, 0.019829222392],
      [0.0022248017867, 0.00019948071904, 0.01720405373, 0.9800656998, 0.00030596396558],
      [0.0089650514674, 0.035616704997, 0.27726761598, 0.48852259951, 0.18962802804]
    ],
    [
      [0.12878350157, 0, 0.22530501662, 0.64244188038, 0.0034696014309],
      [0.67685751742, 0, 0.077860168037, 0.24528231454, 0],
      [0.0004130024081, 0.64226855052, 0.21039211488, 0.046533447834, 0.10039288437],
      [0.00096937007361, 0.00072189678428, 0.90315817796, 0.087090839227, 0.0080597159559],
      [0.0029115238669, 0, 0, 0.99708847613, 0],
      [0.018865096469, 0.033146165006, 0.29943567561, 0.52068197208, 0.12787109084]
    ],
    [
      [0.15635009098, 0, 0.36310810603, 0.47471628651, 0.0058255164847],
      [0.75646228434, 8.832532718e-05, 0.070106271213, 0.17305257854, 0.00029054057626],
      [0.0095653149803, 0.5474973887, 0.18913312992, 0.080814038476, 0.17299012793],
      [0.0008137468619, 0, 0.96181250643, 0.024953909277, 0.012419837432],
      [0.0043507433865, 0, 0.040608254164, 0.95504100245, 0],
      [0.021494562126, 0.022144719748, 0.34093901784, 0.41866559087, 0.19675610941]
    ],
    [
      [0.11073215227, 0, 0.26139468212, 0.62109286734, 0.0067802982691],
      [0.64306078739, 0, 0.093007739625, 0.26393147299, 0],
      [0.00025419362844, 0.58642313363, 0.18397179534, 0.042516051909, 0.18683482549],
      [0.00074689852556, 0.00060199064367, 0.89887846693, 0.081494756458, 0.018277887443],
      [0.0023540761556, 0, 0.0013227166469, 0.9963232072, 0],
      [0.003707136301, 0.027856878412, 0.27987802534, 0.46344569733, 0.22511226262]
    ],
    [
      [0.16342354134, 0, 0.31151456937, 0.52207373982, 0.0029881494748],
      [0.74260977591, 0.00038127046571, 0.061896860882, 0.19500684264, 0.00010525010832],
      [0.016300140771, 0.63673598155, 0.21961814746, 0.036694199702, 0.090651530523],
      [0.0011899720406, 0.00025376787792, 0.92714912811, 0.065057519856, 0.0063496121125],
      [0.0043020052295, 0, 0.013510216727, 0.98218777804, 0],
      [0.024871392185, 0.029683450848, 0.32050311426, 0.51742652396, 0.10751551875]
    ],
    [
      [0.16675385518, 0, 0.28655501413, 0.54087301246, 0.0058181182307],
      [0.74377034864, 0, 0.073145682837, 0.18300867694, 7.5291584704e-05],
      [0.0080699615772, 0.69599104519, 0.13799768905, 0.0058293389802, 0.15211196521],
      [0.0014114391879, 0.0011414063091, 0.91328300873, 0.066494402572, 0.017669743204],
      [0.0046853574307, 0, 0.013909863331, 0.98140477924, 0],
      [0.022641728772, 0.036946235763, 0.29571761509, 0.44230443058, 0.2023899898]
    ],
    [
      [0.15635392495, 0, 0.3573893968, 0.48505060205, 0.0012060761997],
      [0.87849876257, 0, 0.023943850236, 0.097555112205, 2.2749906816e-06],
      [0.016199493288, 0.76247984437, 0.14199578097, 0.019883040629, 0.059441840747],
      [0.00082367522449, 0.00032268045165, 0.96165706012, 0.030869763494, 0.0063268207052],
      [0.003665906685, 0.00097644517461, 0.049677484061, 0.94565466777, 2.5496305616e-05],
      [0.025994873876, 0.047173584226, 0.37613222794, 0.46082073276, 0.089878581197]
    ],
    [
      [0.15922870407, 0.00034760855377, 0.37200402889, 0.460819229, 0.0076004294769],
      [0.76949112295, 0.00041695971427, 0.066466488164, 0.16316251881, 0.00046291036424],
      [0.0067695838825, 0.67231951545, 0.13689614019, 0, 0.18401476047],
      [0.00093282783475, 0.00040314849691, 0.9441667065, 0.032825135441, 0.021672181729],
      [0.0061776709459, 0.00056672725973, 0.048913011776, 0.94398067132, 0.00036191869448],
      [0.021667380416, 0.03386235069, 0.31707864439, 0.39166230615, 0.23572931835]
    ],
    [
      [0.11918707508, 0.0013115793098, 0.35537391411, 0.51939215113, 0.0047352803685],
      [0.69170549667, 0.0015679436924, 0.061548924688, 0.24482606899, 0.00035156596546],
      [0, 0.83581873737, 0.057829606975, 0.003344019208, 0.10300763644],
      [0.00093356377415, 0.0044149863922, 0.89037230688, 0.088808649619, 0.015470493335],
      [0.0024708628402, 0.0041353857528, 0.0094666617311, 0.9834593582, 0.00046773147491],
      [0.0082992657223, 0.058889005144, 0.27413292676, 0.50732101327, 0.15135778911]
    ],
    [
      [0.14927272419, 0, 0.21988348937, 0.62702347276, 0.0038203136726],
      [0.66125362812, 0, 0.068588326072, 0.27008587116, 7.217464486e-05],
      [0.00016577952165, 0.70107066395, 0.16421780589, 0.027292243827, 0.10725350681],
      [0.0016145913939, 0.0008673496448, 0.88219106114, 0.10420267222, 0.011124325597],
      [0.0033538372591, 0, 0, 0.99664616274, 0],
      [0.020366828196, 0.032077841824, 0.26865473166, 0.54979975161, 0.12910084671]
    ],
    [
      [0.15769483942, 0.00030955594133, 0.35651996704, 0.48182086352, 0.0036547740778],
      [0.7373136608, 0.00069162696447, 0.06613238499, 0.19575350205, 0.00010882519319],
      [0.0089964997134, 0.73857205965, 0.15258807567, 0.00068146048253, 0.099161904475],
      [0.0010247019247, 0.00023352431935, 0.94229059932, 0.04645489265, 0.0099962817867],
      [0.0043201320217, 0.0003357921379, 0.036185314682, 0.95913434298, 2.441817459e-05],
      [0.023900546817, 0.033141512161, 0.32289650959, 0.5012389259, 0.11882250554]
    ],
    [
      [0.13450723686, 0.00037560629287, 0.29086252279, 0.57149333512, 0.0027612989296],
      [0.65764981815, 0.0010610003657, 0.055378769112, 0.28582296207, 8.7450304202e-05],
      [0, 0.84427593308, 0.079285583003, 0.0056370907809, 0.070801393132],
      [0.0013613258666, 0.00069658879643, 0.89210037265, 0.097177263827, 0.0086644488569],
      [0.0028910627539, 6.5985410544e-05, 0.0039847459755, 0.99305487867, 3.3271941392e-06],
      [0.020351542816, 0.037881066053, 0.25809443294, 0.59694199643, 0.086730961767]
    ],
    [
      [0.12264047356, 0.0018862218689, 0.33827188633, 0.53221104311, 0.0049903751411],
      [0.68018430839, 0.00227438884, 0.055673581302, 0.26145243303, 0.0004152884418],
      [0, 0.84997377362, 0.040064657139, 0.0029499795924, 0.10701158964],
      [0.0010507265944, 0.0036823117847, 0.89827285206, 0.080386210239, 0.016607899322],
      [0.0025153304689, 0.0054037702115, 0.011676590645, 0.9796101192, 0.00079418947269],
      [0.0048944171985, 0.059761380572, 0.25397803056, 0.53158562333, 0.14978054833]
    ],
    [
      [0.080406411482, 1.0098407482e-31, 0.29248483533, 0.62368129873, 0.0034274544507],
      [0.47843598896, 0.00028217672849, 0.11601427691, 0.40507281502, 0.00019474238259],
      [0.0002391872153, 0.53710706565, 0.28290724386, 0.052593348159, 0.12715315512],
      [0.00058990958621, 0.00027021306872, 0.90253446761, 0.090106911844, 0.0064984978946],
      [0.0016078593397, 0, 0, 0.99839214066, 0],
      [0.010658006067, 0.017172928121, 0.28955603811, 0.56506596392, 0.11754706378]
    ],
    [
      [0.17151681868, 0.0013897543011, 0.41463007453, 0.40914379889, 0.0033195535981],
      [0.77359665617, 0.0013712849729, 0.070495921859, 0.15433812345, 0.00019801355233],
      [0, 0.86673035179, 0.056522063257, 0, 0.07674758495],
      [0.0029618231057, 0.0054090093864, 0.96216505902, 0.020266042966, 0.0091980655237],
      [0.010299589314, 0.0044315867812, 0.058503880145, 0.92640894401, 0.00035599974859],
      [0.027196732899, 0.046641132059, 0.36806625153, 0.44863864527, 0.10945723824]
    ],
    [
      [0.4035769186, 0.00032838082974, 0.23123657781, 0.36100094128, 0.0038571814939],
      [0.93288135629, 0.00032435151011, 0.015656879892, 0.051110565874, 2.6846429541e-05],
      [0.0019615765569, 0.83337656928, 0.066673425848, 0, 0.097988428318],
      [0.022814305212, 0.0042154674957, 0.9194089827, 0.041943014979, 0.011618229619],
      [0.028335340237, 0.0016564798424, 0.022237052324, 0.94775909188, 1.2035718746e-05],
      [0.048937627395, 0.04387524272, 0.34641805395, 0.42429792207, 0.13647115387]
    ],
    [
      [0.13711577939, 0.0015784821263, 0.33407335616, 0.52261711093, 0.0046152713919],
      [0.65174258724, 0.019684119913, 0.080387746078, 0.24773130803, 0.00045423874442],
      [0, 0.81182091766, 0.083811870583, 0.0013095892795, 0.10305762248],
      [0.00074101985215, 0, 0.92890994452, 0.054763974766, 0.015585060865],
      [0.0033548172905, 0.00081067186045, 0.024212006384, 0.97117535566, 0.00044714880081],
      [0.019146661352, 0.049605787411, 0.27837520966, 0.49727014167, 0.1556021999]
    ],
    [
      [0.19204677536, 0, 0.20216138024, 0.60207118984, 0.0037206545623],
      [0.76823517363, 0, 0.036784066269, 0.1949807601, 0],
      [0.031915363777, 0.58987384588, 0.14066829655, 0.12075835445, 0.11678413934],
      [0.0021690622305, 0.0005176013129, 0.88291044906, 0.10791989386, 0.0064829935438],
      [0.0043906854907, 0, 0, 0.99560931451, 0],
      [0.028002749827, 0.026602663005, 0.2465687568, 0.56352859814, 0.13529723222]
    ],
    [
      [0.2198236773, 0.00026332516471, 0.37371620169, 0.4016946304, 0.0045021654523],
      [0.84612405173, 0.00012190327659, 0.023050169036, 0.13062483052, 7.9045443057e-05],
      [0.0020825747036, 0.81805356384, 0.06312588363, 0.0028990694752, 0.11383890835],
      [0.012106645478, 0.0021710715083, 0.87570415958, 0.095109254523, 0.01490886891],
      [0.017744637092, 0.00057768067069, 0.0046050870871, 0.97706958882, 3.0063325951e-06],
      [0.033418093555, 0.039603180759, 0.26501827875, 0.51282217468, 0.14913827226]
    ],
    [
      [0.2116707537, 0.00051253609947, 0.32507534949, 0.457808909, 0.0049324517071],
      [0.85667086669, 0.00080286888677, 0.02112934787, 0.12128330758, 0.00011360896969],
      [0.0016522325155, 0.84556586815, 0.041309156708, 0.0022985890289, 0.1091741536],
      [0.019320616788, 0.0033611716715, 0.87025667662, 0.087480644425, 0.019580890491],
      [0.011637695894, 0.0073215605227, 0.0052066178701, 0.97537823823, 0.00045588748284],
      [0.032209562329, 0.046655605024, 0.21150026099, 0.55895825041, 0.15067632126]
    ],
    [
      [0.14172777891, 0, 0.34355194016, 0.50929356168, 0.0054267192476],
      [0.80159947447, 0, 0.024156186229, 0.17414542322, 9.8916074013e-05],
      [6.8495632944e-05, 0.77027946293, 0.099240290623, 0.0090606674925, 0.12135108332],
      [0.0020021942824, 0.0014254743223, 0.9261375805, 0.050929295369, 0.019505455524],
      [0.0069802735557, 0.00088458466814, 0.027531036172, 0.96439595672, 0.000208148886],
      [0.020661265283, 0.058773080233, 0.29133818381, 0.41940072497, 0.2098267457]
    ],
    [
      [0.14922492562, 7.903109352e-05, 0.31358166186, 0.53169935102, 0.0054150304093],
      [0.74788518315, 0, 0.073652784323, 0.1783343769, 0.00012765563377],
      [0.00018844351049, 0.7626601874, 0.11184079784, 0.012777756307, 0.11253281495],
      [0.0008439077401, 0.0036238296951, 0.9405073192, 0.037195816, 0.017829127366],
      [0.0041936850752, 0.0022295423794, 0.018807460492, 0.97461607043, 0.0001532416282],
      [0.017354401225, 0.064912718017, 0.32301842452, 0.39682089805, 0.19789355818]
    ],
    [
      [0.24062387086, 0, 0.21179368539, 0.54452159202, 0.0030608517244],
      [0.91161535367, 0, 0.022903755921, 0.065480890407, 0],
      [0.032517234097, 0.66181795866, 0.16746505591, 0.043315681001, 0.094884070324],
      [0.0012458170224, 0, 0.96107407233, 0.029204362201, 0.0084757484461],
      [0.0068864977458, 0, 0.027720546048, 0.96539295621, 0],
      [0.033426587535, 0.044458039491, 0.35612715142, 0.41748459936, 0.1485036222]
    ],
    [
      [0.17553036952, 0.00088305494949, 0.37378473667, 0.43640108751, 0.013400751346],
      [0.79388538968, 0.00077811546906, 0.062275897796, 0.14140741865, 0.0016531784016],
      [0, 0.62207799852, 0.104272202, 0, 0.27364979948],
      [0.0024713722826, 0.0037431216703, 0.93293263751, 0.018613828228, 0.042239040313],
      [0.010493067549, 0.0062241211669, 0.050167197008, 0.92901653434, 0.0040990799385],
      [0.02036051868, 0.035822938962, 0.26621762225, 0.30490827257, 0.37269064754]
    ],
    [
      [0.20023793005, 0.00082038398771, 0.39815751386, 0.39272397659, 0.0080601955037],
      [0.8863819987, 0.00102942048, 0.023161505932, 0.089075124073, 0.00035195081506],
      [0, 0.75852412936, 0.087504104268, 0.001598813899, 0.15237295247],
      [0.0010180075218, 0.0092565866654, 0.94657976467, 0.015668353514, 0.027477287625],
      [0.023186122072, 0.036941390643, 0.049960044429, 0.88807792508, 0.0018345177747],
      [0.026632480974, 0.068973340969, 0.32462297939, 0.29548177481, 0.28428942385]
    ],
    [
      [0.19341104543, 0.032345523882, 0.33003207644, 0.43463006242, 0.0095812918281],
      [0.73182701725, 0.010595859335, 0.070333828803, 0.1849591428, 0.0022841518124],
      [0, 0.80853442717, 0.028760163899, 0, 0.16270540893],
      [0.0031901706689, 0.012002242185, 0.91311594343, 0.042049480629, 0.029642163087],
      [0.011428757974, 0.017247729098, 0.021179811278, 0.9466542379, 0.0034894637463],
      [0.024913813141, 0.055643395989, 0.25205861115, 0.40739197212, 0.2599922076]
    ],
    [
      [0.13334825787, 0.0044234691137, 0.34431492668, 0.51327716988, 0.0046361764563],
      [0.69491607094, 0.008369833961, 0.045392445572, 0.25074339739, 0.00057825213691],
      [0, 0.8917194782, 0.022252539488, 0.0037712075129, 0.082256774801],
      [0.0013936059298, 0.028376906676, 0.84436565517, 0.10671410611, 0.019149726116],
      [0.0027480411953, 0.0077984501555, 0.0041524917136, 0.98405308023, 0.0012479367079],
      [0.0079146953016, 0.092134535434, 0.21972851991, 0.52295343645, 0.1572688129]
    ],
    [
      [0.14125513998, 0.011588734116, 0.39318296376, 0.45265063541, 0.0013225267385],
      [0.71239472524, 0.0081905418904, 0.062120741335, 0.21718728738, 0.00010670415241],
      [0, 0.9451120016, 0.027834930095, 0.00013796625435, 0.026915102053],
      [0.0012192849573, 0.012191720209, 0.90646106002, 0.075408766084, 0.0047191687315],
      [0.0033934319363, 0.013512968466, 0.013732621285, 0.96911437526, 0.00024660305491],
      [0.023171322212, 0.077854429137, 0.305925979, 0.54123135243, 0.051816917218]
    ],
    [
      [0.15759979493, 0.00031563920381, 0.34505143942, 0.48960734685, 0.007425779589],
      [0.80012932702, 0.00019821975915, 0.029102371033, 0.17033512882, 0.00023495336921],
      [0.0003375821229, 0.75698999146, 0.066369047747, 0.0029549968567, 0.17334838181],
      [0.0035246364201, 0.0028234394464, 0.87873165357, 0.089333238721, 0.025587031844],
      [0.0077640943566, 0.0021100280288, 0.011413406558, 0.97747270718, 0.0012397638752],
      [0.02215565051, 0.03737643617, 0.24057548159, 0.4801232535, 0.21976917823]
    ],
    [
      [0.24990806931, 0, 0.20453905002, 0.54242977355, 0.0031231071137],
      [0.90261720205, 0, 0.010393813957, 0.086988983998, 0],
      [0.018963433924, 0.75543179494, 0.077379813137, 0.040364784183, 0.10786017382],
      [0.03480468969, 0.0019778590139, 0.81835278745, 0.12963473883, 0.015229925011],
      [0.0058715078533, 0, 0.0016931736608, 0.99243531849, 0],
      [0.040130888573, 0.040647761057, 0.21308985574, 0.56040291534, 0.14572857929]
    ],
    [
      [0.2011137515, 0, 0.27829318055, 0.51623392525, 0.004359142709],
      [0.84535017155, 0, 0.021984584469, 0.13266524398, 0],
      [0.055095891508, 0.61713830756, 0.15370823141, 0.0096461174016, 0.16441145212],
      [0.0033817532262, 0.00051288901009, 0.89957352944, 0.082028514667, 0.014503313657],
      [0.0064369077149, 2.0207722676e-05, 0.016147579609, 0.97738310776, 1.2197193539e-05],
      [0.03598608181, 0.016062403993, 0.28151827958, 0.50395396904, 0.16247926558]
    ],
    [
      [0.25898937749, 0.00081880832431, 0.25137631711, 0.48395723602, 0.004858261044],
