{
  "X": [
    [0, 1, 11, 0, 0],
    [1, 2, 26, 1, 0],
    [2, 2, 19, 1, 0],
    [8, 18, 97, 6, 6],
    [13, 20, 158, 7, 4],
    [7, 5, 63, 5, 2],
    [1, 9, 114, 9, 0],
    [22, 39, 326, 16, 21],
    [11, 30, 202, 14, 14],
    [12, 32, 219, 15, 20],
    [3, 0, 6, 0, 0],
    [126, 238, 2871, 149, 129],
    [4, 9, 39, 4, 1],
    [4, 19, 112, 4, 2],
    [0, 2, 32, 0, 0],
    [1, 4, 45, 2, 1],
    [25, 33, 398, 16, 13],
    [2, 6, 31, 1, 0],
    [8, 16, 263, 10, 10],
    [6, 20, 161, 13, 3],
    [205, 505, 1257, 46, 66],
    [26, 74, 179, 7, 9],
    [56, 185, 335, 23, 36],
    [45, 136, 246, 7, 13],
    [9, 13, 189, 8, 8],
    [3, 14, 127, 10, 9],
    [1, 1, 45, 0, 0],
    [167, 235, 2264, 129, 95],
    [23, 39, 336, 13, 7],
    [7, 23, 93, 8, 2],
    [4, 4, 80, 1, 8],
    [14, 20, 105, 6, 2],
    [24, 44, 307, 12, 18],
    [1, 2, 11, 0, 0],
    [15, 26, 88, 2, 4],
    [1, 2, 15, 0, 0],
    [10, 15, 117, 4, 8],
    [0, 1, 8, 1, 0],
    [19, 52, 409, 28, 9],
    [1, 3, 12, 0, 0],
    [36, 48, 373, 29, 13],
    [7, 20, 135, 5, 3],
    [12, 32, 210, 12, 19],
    [23, 31, 239, 14, 22],
    [3, 7, 69, 2, 6],
    [9, 19, 125, 8, 4],
    [2, 10, 77, 3, 1],
    [3, 7, 88, 8, 5],
    [3, 16, 86, 4, 9],
    [6, 1, 7, 1, 0],
    [15, 18, 200, 15, 16],
    [10, 23, 115, 5, 7],
    [14, 8, 127, 4, 7],
    [23, 31, 256, 19, 25],
    [2, 5, 41, 5, 1],
    [18, 41, 229, 6, 13],
    [5, 11, 88, 3, 3],
    [5, 9, 153, 1, 16],
    [5, 7, 67, 4, 4],
    [8, 18, 103, 5, 2],
    [17, 14, 226, 10, 12],
    [7, 17, 37, 4, 2],
    [41, 76, 219, 17, 15],
    [11, 22, 93, 3, 3],
    [44, 134, 154, 14, 14],
    [39, 171, 177, 10, 21],
    [7, 10, 66, 3, 2],
    [5, 34, 110, 10, 7],
    [20, 17, 177, 10, 14],
    [25, 20, 143, 4, 5],
    [4, 6, 62, 1, 5],
    [24, 34, 296, 21, 14],
    [12, 9, 78, 5, 4],
    [21, 54, 218, 10, 23],
    [15, 15, 160, 5, 8],
    [3, 4, 8, 1, 1],
    [0, 1, 16, 0, 0],
    [0, 1, 19, 0, 0],
    [2, 0, 30, 0, 1],
    [4, 7, 67, 0, 2],
    [6, 4, 13, 1, 0],
    [3, 5, 29, 0, 3],
    [25, 36, 174, 8, 19],
    [0, 3, 7, 0, 1],
    [0, 3, 52, 1, 0],
    [10, 28, 78, 2, 8],
    [1, 1, 12, 0, 0],
    [2, 4, 14, 0, 0],
    [46, 57, 296, 5, 41],
    [232, 338, 3318, 207, 159],
    [208, 322, 2547, 172, 157],
    [0, 0, 4, 0, 3]
  ],
  "W": [
    [1, 10, 1, 0],
    [1, 23, 2, 4],
    [1, 20, 2, 1],
    [4, 103, 15, 13],
    [3, 164, 20, 15],
    [1, 64, 5, 12],
    [1, 119, 8, 5],
    [12, 333, 24, 55],
    [8, 221, 24, 18],
    [8, 231, 28, 31],
    [2, 7, 0, 0],
    [83, 2972, 173, 285],
    [1, 46, 6, 4],
    [5, 113, 17, 6],
    [1, 31, 0, 2],
    [2, 48, 2, 1],
    [10, 424, 15, 36],
    [0, 33, 3, 4],
    [6, 262, 12, 27],
    [6, 167, 17, 13],
    [175, 1245, 390, 269],
    [16, 197, 42, 40],
    [49, 330, 144, 112],
    [51, 237, 103, 56],
    [7, 193, 14, 13],
    [0, 140, 12, 11],
    [2, 43, 0, 2],
    [99, 2330, 199, 262],
    [12, 329, 23, 54],
    [5, 97, 21, 10],
    [4, 79, 5, 9],
    [5, 115, 14, 13],
    [10, 319, 42, 34],
    [0, 12, 1, 1],
    [6, 97, 15, 17],
    [0, 14, 0, 4],
    [4, 123, 10, 17],
    [0, 9, 1, 0],
    [8, 433, 41, 35],
    [1, 10, 4, 1],
    [14, 397, 46, 42],
    [8, 130, 14, 18],
    [7, 218, 29, 31],
    [11, 259, 25, 34],
    [2, 71, 5, 9],
    [4, 140, 11, 10],
    [2, 75, 8, 8],
    [3, 90, 5, 13],
    [4, 86, 11, 17],
    [2, 6, 2, 5],
    [8, 216, 12, 28],
    [5, 117, 19, 19],
    [2, 130, 9, 19],
    [9, 266, 24, 55],
    [1, 47, 2, 4],
    [4, 240, 30, 33],
    [6, 84, 9, 11],
    [4, 151, 5, 24],
    [0, 69, 8, 10],
    [9, 102, 15, 10],
    [7, 237, 4, 31],
    [8, 36, 12, 11],
    [22, 234, 63, 49],
    [6, 101, 9, 16],
    [37, 163, 85, 75],
    [33, 171, 124, 90],
    [5, 63, 6, 14],
    [3, 116, 24, 23],
    [10, 186, 18, 24],
    [11, 153, 12, 21],
    [1, 57, 4, 16],
    [14, 318, 30, 27],
    [5, 81, 7, 15],
    [17, 217, 41, 51],
    [9, 157, 13, 24],
    [2, 8, 4, 3],
    [0, 16, 0, 1],
    [0, 18, 0, 2],
    [0, 31, 0, 2],
    [4, 63, 8, 5],
    [3, 15, 2, 4],
    [3, 29, 4, 4],
    [12, 184, 32, 34],
    [0, 10, 1, 0],
    [0, 49, 2, 5],
    [4, 80, 25, 17],
    [0, 12, 1, 1],
    [0, 18, 2, 0],
    [51, 276, 42, 76],
    [155, 3422, 270, 407],
    [100, 2697, 242, 367],
    [0, 7, 0, 0]
  ],
  "method": "mvn_pdf",
  "cond_prob": [
    [
      [0, 0.049066822794, 0.95093317721, 0, 0],
      [0, 0.0044235290367, 0.99557647096, 0, 0],
      [0, 0.90669788684, 0.093302113162, 0, 0],
      [0.11564615382, 0.16052561343, 0.40296434833, 0.02256884933, 0.29829503509]
    ],
    [
      [0.23504279482, 0.10177850503, 0.65421974169, 0.0089589584624, 0],
      [0.0022668465803, 0.010380979846, 0.9541133189, 0.033238854676, 0],
      [0.063428491312, 0.67269251531, 0.25380634256, 0.010072650821, 0],
      [0.1464906878, 0.078518481975, 0.72339030964, 0.051600520584, 0]
    ],
    [
      [0.76411755718, 0.10866084713, 0.12430736656, 0.0029142291248, 0],
      [0.023296816718, 0.0019873608132, 0.92643090863, 0.048284913837, 0],
      [0.11316298163, 0.84617558274, 0.038499531696, 0.002161903934, 0],
      [0.54362014519, 0.15924077113, 0.27007539741, 0.02706368627, 0]
    ],
    [
      [0.44901300048, 0.34656169425, 0.16050039618, 0.00096406366612, 0.042960845427],
      [0.023875137658, 0.0034985502763, 0.90823535003, 0.053968434302, 0.010422527736],
      [0.072259868881, 0.88030318141, 0.039374408656, 0.0037779322469, 0.0042846088052],
      [0.20468544509, 0.2345272941, 0.17070317174, 0.029286617576, 0.36079747149]
    ],
    [
      [0.57211830324, 0.22194581434, 0.18429239388, 0.00081872117706, 0.020824767364],
      [0.023035421739, 0.0033254164559, 0.92988355767, 0.039285352897, 0.0044702512397],
      [0.1307012372, 0.79747879008, 0.064293535917, 0.00455999909, 0.0029664377149],
      [0.3261207454, 0.18928123045, 0.24402324282, 0.030903065309, 0.20967171602]
    ],
    [
      [0.62629524937, 0.12819207957, 0.22854077949, 0.0016667256084, 0.015305165962],
      [0.01907309964, 0.00087981289642, 0.9139415939, 0.064822099921, 0.0012833936413],
      [0.18502140248, 0.69221350185, 0.10720944279, 0.012553795781, 0.0030018571036],
      [0.35232661344, 0.11286936549, 0.31192916641, 0.065579158376, 0.15729569629]
    ],
    [
      [0.26167788429, 0.34794432875, 0.38715995472, 0.0032178322381, 0],
      [0, 0.0017021229651, 0.92780869952, 0.070489177511, 0],
      [0.013557585444, 0.86951647242, 0.10584432405, 0.011081618079, 0],
      [0.12597228643, 0.2986742518, 0.47137004189, 0.10398341987, 0]
    ],
    [
      [0.40083738894, 0.343605018, 0.21345910042, 0.0010483926839, 0.041050099957],
      [0.015924724923, 0.0036111215459, 0.93017902026, 0.042507410112, 0.0077777231586],
      [0.069328669692, 0.86691955366, 0.055134653351, 0.0043190175669, 0.004298105726],
      [0.18587508838, 0.23396667311, 0.22482991578, 0.031432641798, 0.32389568093]
    ],
    [
      [0.36208897033, 0.39503181464, 0.1471620044, 0.0010856994014, 0.094631511221],
      [0.021090115504, 0.0084457612474, 0.89608897435, 0.060994885868, 0.013380263027],
      [0.054943558554, 0.89890121442, 0.033518541978, 0.0039443345915, 0.0086923504612],
      [0.11798485032, 0.18886683896, 0.11014420139, 0.02315447766, 0.55984963168]
    ],
    [
      [0.3743176853, 0.31254516339, 0.21519808467, 0.0015210772085, 0.096417989429],
      [0.014532669859, 0.0044473330437, 0.91226509507, 0.059811013569, 0.0089438884591],
      [0.069092003713, 0.85404595726, 0.059394238808, 0.0066996025255, 0.010768197699],
      [0.11980115084, 0.14706509538, 0.15748837661, 0.031738657331, 0.54390671984]
    ],
    [
      [0.99557890004, 0, 0.0044210999579, 0, 0],
      [0.14412031427, 0, 0.85587968573, 0, 0],
      [0.44521523636, 0.55007119737, 0.0046665984176, 3.2750999624e-05, 1.4216850259e-05],
      [0.51970399867, 0.11702466125, 0.10129878765, 0.014067619155, 0.24790493328]
    ],
    [
      [0.38166941659, 0.3154625317, 0.25233404782, 0.001369126015, 0.049164877876],
      [0.011750984549, 0.0029859156492, 0.93133627391, 0.04611465419, 0.0078121717059],
      [0.072265178987, 0.84506509924, 0.070952898081, 0.0061341018695, 0.0055827218249],
      [0.16454609255, 0.19910949611, 0.2450877776, 0.037797932159, 0.35345870158]
    ],
    [
      [0.38969856985, 0.56145137462, 0.039790763692, 0.00043661391936, 0.0086226779168],
      [0.051736594787, 0.010267483697, 0.84059543577, 0.085058509624, 0.012341976117],
      [0.033913967343, 0.95863953234, 0.0058920347534, 0.0010286677705, 0.00052579779395],
      [0.25673356647, 0.55360179532, 0.064366745544, 0.020174984184, 0.10512290848]
    ],
    [
      [0.31443684361, 0.38496852014, 0.27477519025, 0.0010130383736, 0.024806407624],
      [0.0063673650552, 0.0028243563821, 0.95331390378, 0.033068761012, 0.0044256137694],
      [0.046121269599, 0.88801322088, 0.060102219397, 0.0035409931283, 0.0022222969926],
      [0.15404032459, 0.27663006219, 0.31331919861, 0.032994655106, 0.22301575951]
    ],
    [
      [0, 0.79178654366, 0.20821345634, 0, 0],
      [0, 0, 1, 0, 0],
      [0.0035227422696, 0.98574239095, 0.010366363171, 0.00022754240372, 0.0001409612038],
      [0, 0.60410672817, 0.39589327183, 0, 0]
    ],
    [
      [0.17490176343, 0.68692519693, 0.11721189551, 0.00047090740268, 0.020490236717],
      [0.011112377869, 0.0045912649509, 0.92887209794, 0.041243732837, 0.014180526405],
      [0.011697020219, 0.97508669022, 0.011630030738, 0.00074472912006, 0.00084152970345],
      [0.093408294996, 0.45559550805, 0.15645544642, 0.017869550792, 0.27667119974]
    ],
    [
      [0.41449961865, 0.43335249342, 0.1253498593, 0.00054803675878, 0.026249991864],
      [0.02774368745, 0.0057120500286, 0.92147112155, 0.036002853473, 0.0090702875],
      [0.058943098534, 0.91017655854, 0.026745512888, 0.0018638847368, 0.0022709452982],
      [0.22798705158, 0.34977548543, 0.15671008826, 0.019481985795, 0.24604538894]
    ],
    [
      [0.19088040007, 0.75933858295, 0.046050469044, 0.00013857520582, 0.0035919727269],
      [0.038411217194, 0.0024042733263, 0.9296848707, 0.029499638776, 0],
      [0.011760169489, 0.98336435944, 0.0046529292979, 0.00022254176963, 0],
      [0.17428733104, 0.74264147548, 0.076610119715, 0.0064610737737, 0]
    ],
    [
      [0.34284060338, 0.25619165347, 0.35913869453, 0.0014056153647, 0.040423433252],
      [0.0042724372535, 0.0016972358695, 0.95421497769, 0.033771041478, 0.00604430771],
      [0.071385814909, 0.80492380043, 0.11159443446, 0.0069726085119, 0.0051233416907],
      [0.1469240015, 0.16144772875, 0.3519152024, 0.039254894018, 0.30045817334]
    ],
    [
      [0.33450605785, 0.32666244774, 0.31237354513, 0.0027814500143, 0.023676499263],
      [0.0059235399538, 0.0039292921124, 0.9185087166, 0.069897656525, 0.0017407948074],
      [0.056732007326, 0.85046426911, 0.079096096143, 0.011253414256, 0.0024542131612],
      [0.15686833508, 0.22507238122, 0.33770534018, 0.086084201374, 0.19426974214]
    ],
    [
      [0.44045748968, 0.38224319913, 0.15434423272, 0.00061606363234, 0.022339014842],
      [0.026031550513, 0.0057500850014, 0.93346283944, 0.031267415091, 0.0034881099508],
      [0.072233648783, 0.88557433777, 0.03760297988, 0.0023915683858, 0.0021974651855],
      [0.25033284719, 0.31812116207, 0.19763331604, 0.022422101878, 0.21149057283]
    ],
    [
      [0.33574237357, 0.59549452676, 0.054568562788, 0.00023746804453, 0.013957068839],
      [0.053813739486, 0.012311903553, 0.88638933124, 0.033416896208, 0.014068129514],
      [0.036917986945, 0.95249623175, 0.0090269569412, 0.00062581557316, 0.00093300879123],
      [0.21190649731, 0.55104502096, 0.078226813743, 0.0096696926036, 0.14915197538]
    ],
    [
      [0.38758123199, 0.41390195153, 0.16462368669, 0.0010907371181, 0.032802392664],
      [0.020184621984, 0.0042194984633, 0.91089824012, 0.055833155148, 0.0088644842885],
      [0.059014183699, 0.89675134182, 0.037292777269, 0.0039394818832, 0.003002215333],
      [0.19508528504, 0.30530514876, 0.18720410881, 0.035306493671, 0.27709896372]
    ],
    [
      [0.39663762361, 0.42750070123, 0.15465493481, 0.00051795347702, 0.020688786873],
      [0.025631558096, 0.0047359558382, 0.94277804307, 0.02414576603, 0.0027086769699],
      [0.058648007394, 0.90363375507, 0.034057322946, 0.0018185622201, 0.0018423523748],
      [0.22600102081, 0.35715653449, 0.19939817598, 0.018995105625, 0.19844916309]
    ],
    [
      [0.43150928485, 0.19037237391, 0.31197432307, 0.0013546379888, 0.064789380173],
      [0.011308591896, 0, 0.94142670606, 0.038438994778, 0.0088257072632],
      [0.12390403653, 0.73699886336, 0.1188136395, 0.010250032705, 0.010033427907],
      [0.15863232759, 0.10380071504, 0.26595650118, 0.032945468002, 0.43866498818]
    ],
    [
      [0.29126621214, 0.41816907997, 0.1686081746, 0.0014308735307, 0.12052565975],
      [0.011958309321, 0.0091210790233, 0.89594355275, 0.069029328508, 0.013947730402],
      [0.039351801025, 0.91160026984, 0.03442664025, 0.0046664850701, 0.0099548038179],
      [0.077601371164, 0.16216779079, 0.1049802666, 0.025445108003, 0.62980546345]
    ],
    [
      [0.31284353988, 0.20622474106, 0.48093171906, 0, 0],
      [0.0014069505289, 0.001581916316, 0.99701113316, 0, 0],
      [0.045548709112, 0.84853391701, 0.10258384861, 0.0023874519478, 0.00094607332009],
      [0.15690702375, 0.25976405815, 0.5833289181, 0, 0]
    ],
    [
      [0.47026756997, 0.25131469809, 0.24098300901, 0.0014229884902, 0.036011734452],
      [0.017142611652, 0.0017984610116, 0.92509291308, 0.049712069116, 0.0062539451456],
      [0.10588886688, 0.8010481546, 0.080612916527, 0.0075848729835, 0.0048651890026],
      [0.22682954548, 0.17756048842, 0.26196268799, 0.043971806779, 0.28967547133]
    ],
    [
      [0.39552083451, 0.31768819943, 0.26875455767, 0.0010445550513, 0.016991853336],
      [0.012653878694, 0.0027611306183, 0.95149654501, 0.03308844568, 0],
      [0.072300667691, 0.84796274448, 0.073307386625, 0.0045453445903, 0.0018838566137],
      [0.23014275072, 0.27363308352, 0.33419466866, 0.036978218245, 0.12505127885]
    ],
    [
      [0.40144607872, 0.35202561498, 0.22553399117, 0.0020800659062, 0.018914249234],
      [0.01608773697, 0.0022401218689, 0.90721099963, 0.073168136324, 0.0012930052095],
      [0.063963868461, 0.87196890186, 0.054207880492, 0.007996386367, 0.001862962821],
      [0.20890178826, 0.27112331648, 0.27344975899, 0.072436633338, 0.17408850293]
    ],
    [
      [0.38045171626, 0.14518223014, 0.30204885512, 0.00067525279267, 0.17164194569],
      [0.0095986697435, 0, 0.97172616421, 0.011292245424, 0.0073829206221],
      [0.13163126176, 0.68385421589, 0.14919163597, 0.0047270284625, 0.030595857915],
      [0.11797132405, 0, 0.14216438078, 0.009064050895, 0.73080024428]
    ],
    [
      [0.57274663662, 0.34079620037, 0.075525240113, 0.00042514556538, 0.010506777324],
      [0.04141886972, 0.012163992269, 0.89389348818, 0.049776852017, 0.0027467978147],
      [0.093354622939, 0.88469251049, 0.019147887706, 0.0017186501986, 0.0010863286711],
      [0.38970246753, 0.34703574927, 0.11973478699, 0.019190399035, 0.12433659718]
    ],
    [
      [0.49321363853, 0.26555418819, 0.18609284629, 0.0007784515016, 0.054360875494],
      [0.023215571205, 0.0027491138649, 0.92913063999, 0.034735798808, 0.010168876135],
      [0.104250618, 0.82588282446, 0.058964666898, 0.0039335144921, 0.0069683761481],
      [0.21422266012, 0.17001212258, 0.18440827564, 0.021949648725, 0.40940729293]
    ],
    [
      [0.025448785781, 0.96985313234, 0.0042935850434, 5.1155723344e-06, 0.00039938125904],
      [0.078057293256, 0.0058089702337, 0.91613373651, 0, 0],
      [0.00082153331094, 0.99903166126, 0.000146805427, 0, 0],
      [0.062490947621, 0.93126069593, 0.0062483564461, 0, 0]
    ],
    [
      [0.48315225078, 0.45774838005, 0.046303227437, 0.00014687953283, 0.012649262203],
      [0.058602567207, 0.017089880769, 0.89039233844, 0.019412846103, 0.014502367486],
      [0.062868708802, 0.92626356292, 0.009360461693, 0.00047266425942, 0.0010346023258],
      [0.32197687319, 0.45304928478, 0.071395110694, 0.0064107462918, 0.14716798504]
    ],
    [
      [0.20101172876, 0.63322850923, 0.15900540565, 0.00017054783381, 0.0065838085218],
      [0.0068505608104, 0, 0.99314943919, 0, 0],
      [0.010499621858, 0.97624510779, 0.012782816537, 0.00022040713861, 0.0002520466783],
      [0.22602303716, 0.5, 0.27397696284, 0, 0]
    ],
    [
      [0.47568161873, 0.34341379468, 0.1366946808, 0.0005067145707, 0.043703191217],
      [0.028648669498, 0.0059317575413, 0.92340932167, 0.030167484827, 0.011842766466],
      [0.077351111276, 0.88223951076, 0.033980018098, 0.0020103285012, 0.0044190313664],
      [0.22352800377, 0.23966726683, 0.14906320769, 0.015721718998, 0.37201980272]
    ],
    [
      [0.38723913655, 0.38739241361, 0.17653966497, 0.0014346372965, 0.047394147569],
      [0, 9.3040797906e-09, 0.88888888081, 0.11111110988, 0],
      [0, 0.99999991626, 7.2672164778e-08, 1.1064553337e-08, 0],
      [0.1568858062, 0.24408068997, 0.18704048629, 0.043966252871, 0.36802676466]
    ],
    [
      [0.3746814637, 0.39617884365, 0.20413144732, 0.0014894788631, 0.02351876647],
      [0.01570014891, 0.0041474794151, 0.91679750189, 0.060055236051, 0.0032996337305],
      [0.05745234775, 0.88817467338, 0.046749350571, 0.0054392816516, 0.0021843466434],
      [0.19568107299, 0.3034156873, 0.2421973351, 0.050318754604, 0.20838715002]
    ],
    [
      [0.27263196615, 0.084221840884, 0.64314619297, 0, 0],
      [0.029157723897, 0.010435111013, 0.96040716509, 0, 0],
      [0.076911771618, 0.68786858555, 0.23521964283, 0, 0],
      [0.12814370841, 0.059952706791, 0.8119035848, 0, 0]
    ],
    [
      [0.56601177833, 0.22293679306, 0.18324835423, 0.0015562813145, 0.02624679306],
      [0.022746238823, 0.0033963411832, 0.90168994952, 0.066214120722, 0.0059533497484],
      [0.13619114323, 0.78493019795, 0.066092884179, 0.0089510389439, 0.0038347356953],
      [0.30430442148, 0.17675591289, 0.2243652478, 0.054272817699, 0.24030160012]
    ],
    [
      [0.31842110875, 0.33572362386, 0.32540280377, 0.0011807731226, 0.019271690485],
      [0.0060770661541, 0.0043935330922, 0.95709774609, 0.032431654667, 0],
      [0.053601049187, 0.85814708713, 0.081539273772, 0.0047300192086, 0.0019825707079],
      [0.16178876896, 0.26272180485, 0.37958448587, 0.039345468858, 0.15655947146]
    ],
    [
      [0.38428626157, 0.30036143644, 0.22521490026, 0.0012848105283, 0.088852591193],
      [0.014712829567, 0.0034777266005, 0.92305175203, 0.050245169315, 0.0085125224866],
      [0.073069625399, 0.84680889722, 0.064056764676, 0.0058323809226, 0.010232331785],
      [0.12850258667, 0.14780217828, 0.17227637354, 0.02801356029, 0.52340530122]
    ],
    [
      [0.50789241579, 0.27899599699, 0.13334256821, 0.0008053666027, 0.0789636524],
      [0.032212854499, 0.0062507097395, 0.89813624614, 0.051054514108, 0.012345675511],
      [0.10332414466, 0.84214202636, 0.040831756419, 0.0039327606807, 0.0097693118788],
      [0.19079266161, 0.15466351622, 0.11456323789, 0.019697141074, 0.52028344321]
    ],
    [
      [0.35366161777, 0.34581366446, 0.20679693952, 0.00065045362712, 0.093077324623],
      [0.015016680483, 0.0066194687215, 0.94388059179, 0.026297638676, 0.0081856203241],
      [0.052688667602, 0.88931192235, 0.046976915544, 0.0023643001654, 0.008658194336],
      [0.1070054569, 0.15464786446, 0.14844439175, 0.013305027324, 0.57659725956]
    ],
    [
      [0.33702188757, 0.57776374574, 0.065953118374, 0.00043394551157, 0.01882730281],
      [0.037747495131, 0.0088911292899, 0.8837346976, 0.055843307297, 0.013783370682],
      [0.035063092165, 0.95206910501, 0.01053981681, 0.0011053122723, 0.0012226737471],
      [0.19815691176, 0.49714267614, 0.089739187745, 0.016804276142, 0.19815694821]
    ],
    [
      [0.27248148438, 0.33757747008, 0.37241361421, 0.0013346798204, 0.016192751499],
      [0.00050676882203, 0.0032930550008, 0.96150495028, 0.034695225892, 0],
      [0.041871658909, 0.86827902074, 0.084965494749, 0.0048838255991, 0],
      [0.13525701229, 0.2664542211, 0.43282219278, 0.044514761706, 0.12095181213]
    ],
    [
      [0.32247684178, 0.26318322086, 0.36606838103, 0.0035798896719, 0.04469166665],
      [0.0015019143132, 0.002447185013, 0.912751557, 0.074598384184, 0.0087009594884],
      [0.060920778187, 0.81412648044, 0.10349176761, 0.016229952714, 0.0052310210442],
      [0.12252256119, 0.14765932954, 0.32589968375, 0.09186584545, 0.31205258007]
    ],
    [
      [0.26903354982, 0.41573258379, 0.24272001462, 0.001050299974, 0.071463551797],
      [0, 0.0073524625, 0.94287694905, 0.04114682937, 0.0086237590836],
      [0.037843084585, 0.90169045397, 0.050834137176, 0.0035202455097, 0.0061120787546],
      [0.088681874723, 0.22271546448, 0.19897216556, 0.024614633748, 0.46501586149]
    ],
    [
      [0.92511135333, 0.022687440898, 0.04956446123, 0.0026367445466, 0],
      [0, 0, 0.88865665422, 0.11134334578, 0],
      [0.53358792107, 0.39686727111, 0.061998490005, 0.0075463178071, 0],
      [0.61652029024, 0.032178115195, 0.28898683445, 0.062314760118, 0]
    ],
    [
      [0.46652228141, 0.29132459282, 0.17196415001, 0.001367727463, 0.068821248298],
      [0.023887771431, 0.00405899855, 0.89707689654, 0.064571753085, 0.010404580395],
      [0.08966276464, 0.84613074757, 0.04980400454, 0.0063208652961, 0.0080816179505],
      [0.17971821228, 0.16568180713, 0.15207246761, 0.034489611802, 0.46803790117]
    ],
    [
      [0.43822816594, 0.33283349798, 0.19268632337, 0.00081667818452, 0.035435334522],
      [0.020056568289, 0.0024174419602, 0.93150875319, 0.037910962374, 0.0081062741827],
      [0.074614743594, 0.86874009065, 0.04957700691, 0.0033564964842, 0.0037116623563],
      [0.21287160801, 0.23931210938, 0.21621479622, 0.026134767268, 0.30546671912]
    ],
    [
      [0.69416007841, 0.11672166283, 0.16114291342, 0.00054729091538, 0.027428054422],
      [0.023568358867, 0, 0.9366418982, 0.027433849775, 0.012355893156],
      [0.23945120874, 0.66347741779, 0.086367190444, 0.0046865793221, 0.006017603704],
      [0.38909117431, 0.094487363906, 0.21773487857, 0.020543459661, 0.27814312355]
    ],
    [
      [0.47323210683, 0.25976661871, 0.20965876598, 0.0015791724521, 0.055763336029],
      [0.020411806849, 0.0010295197827, 0.90795557156, 0.061781869911, 0.0088212318946],
      [0.10128471214, 0.8161823654, 0.06721121325, 0.0080776982009, 0.0072440110036],
      [0.19782795137, 0.15999766181, 0.19970581732, 0.042871732634, 0.39959683687]
    ],
    [
      [0.21943219165, 0.69012904842, 0.077500557791, 0.0012060887615, 0.011732113383],
      [0.025900444443, 0.0013281256077, 0.86076502028, 0.10196659568, 0.010039813997],
      [0.015362228987, 0.97336521887, 0.0085876020378, 0.0021356399809, 0.00054931012866],
      [0.13313061539, 0.57517965257, 0.11234207129, 0.050523158615, 0.12882450213]
    ],
    [
      [0.42736125719, 0.4169284938, 0.1220518096, 0.00040491554885, 0.03325352386],
      [0.029445514437, 0.0066643278277, 0.92881482904, 0.022933785543, 0.01214154315],
      [0.06255041719, 0.90614689723, 0.026909383501, 0.0014234089411, 0.002969893134],
      [0.22263996942, 0.31964970997, 0.14511976626, 0.013683925429, 0.29890662892]
    ],
    [
      [0.3455855306, 0.25188197028, 0.37462917778, 0.0012344970798, 0.026668824256],
      [0.0063928989634, 0.0036368328175, 0.95574138084, 0.029979392456, 0.0042494949228],
      [0.069574152697, 0.80877757316, 0.11240355305, 0.0059338076216, 0.0033109134731],
      [0.16030144811, 0.1731105512, 0.4053015423, 0.038265434782, 0.22302102361]
    ],
    [
      [0.32633701425, 0.28815489349, 0.26986045708, 0.00056993875174, 0.11507769643],
      [0.0075690782233, 0.0046841740371, 0.97531887427, 0.0048252616099, 0.0076026118569],
      [0.061917003962, 0.84549225869, 0.076674313368, 0.0025870334386, 0.013329390537],
      [0.093422337978, 0.12135870221, 0.17766819124, 0.010673773946, 0.59687699463]
    ],
    [
      [0.55694280501, 0.16498017026, 0.23876603561, 0.0012730374811, 0.038037951633],
      [0.017593488493, 0, 0.92231171919, 0.051256139857, 0.0088386524633],
      [0.13936121963, 0.75217262162, 0.094194679606, 0.0080547933324, 0.0062166858161],
      [0.26711595369, 0.098261902705, 0.26069339393, 0.039888800321, 0.33403994935]
    ],
    [
      [0.39658419137, 0.30116338197, 0.28171367705, 0.0013035991544, 0.019235150459],
      [0.012660608684, 0.0030158775097, 0.94037819794, 0.04365601409, 0.00028930177586],
      [0.071694737683, 0.84422088613, 0.076299009928, 0.005645397499, 0.0021399687571],
      [0.20639391267, 0.23185967643, 0.34015155676, 0.045067320798, 0.17652753334]
    ],
    [
      [0.48396766587, 0.31533354925, 0.16425381093, 0.0007477454059, 0.035697228541],
      [0.02420783249, 0.0046540430285, 0.92329643687, 0.038918332978, 0.0089233546361],
      [0.086934960623, 0.86133675409, 0.044552786233, 0.0032355665368, 0.0039399325149],
      [0.2428138773, 0.23368741746, 0.18873408519, 0.024457374202, 0.31030724585]
    ],
    [
      [0.40222685115, 0.38150821208, 0.19602851081, 0.0021176014149, 0.01811882454],
      [0.019467968013, 0.00048253735817, 0.89533556085, 0.08471393378, 0],
      [0.061340138595, 0.88705149287, 0.043976875868, 0.0076314926641, 0],
      [0.21320515265, 0.29872227673, 0.24290629205, 0.076525423695, 0.16864085488]
    ],
    [
      [0.54615547347, 0.31376472519, 0.11397911974, 0.00091342822844, 0.025187253371],
      [0.030970123575, 0.0092135265108, 0.88555991053, 0.064390964041, 0.0098654753385],
      [0.10296102664, 0.85780300882, 0.032237595987, 0.004119411041, 0.0028789575107],
      [0.31124542834, 0.26325757728, 0.14776472966, 0.033732573425, 0.2439996913]
    ],
    [
      [0.33031556307, 0.60500607721, 0.053582856723, 0.00019583681241, 0.010899666182],
      [0.052358851189, 0.0054169488911, 0.90419540049, 0.028335052882, 0.009693746552],
      [0.03367553256, 0.95674290271, 0.008397936145, 0.00048889765915, 0.0006947309233],
      [0.21417392865, 0.57576034839, 0.079949124083, 0.008286534945, 0.12183006393]
    ],
    [
      [0.38127747754, 0.51674292555, 0.084903446114, 0.00075207633696, 0.016324074465],
      [0.052253731893, 0.0077398584258, 0.86368878327, 0.071042341581, 0.0052752848351],
      [0.048052904587, 0.93246076603, 0.015986943828, 0.0022576177729, 0.001241767778],
      [0.2305450419, 0.45812999625, 0.11624547462, 0.029338319828, 0.16574116741]
    ],
    [
      [0.34214133395, 0.51286258887, 0.12257462629, 0.00063470932186, 0.021786741572],
      [0.029194674134, 0.0043065400522, 0.91253233233, 0.044870741702, 0.0090957117849],
      [0.043482076037, 0.92972814525, 0.023206618594, 0.0019162124437, 0.0016669476787],
      [0.19250299193, 0.42280918009, 0.15593764221, 0.022983860204, 0.20576632556]
    ],
    [
      [0.43264331089, 0.28215947555, 0.26766063556, 0.0010407016702, 0.016495876332],
      [0.012416579404, 0.0053730175926, 0.9435570037, 0.038653399305, 0],
      [0.079512824123, 0.83935281226, 0.074579098623, 0.0046487622228, 0.0019065027696],
      [0.25553299988, 0.22961326003, 0.34072364268, 0.037981411579, 0.13614868584]
    ],
    [
      [0.2538602067, 0.55369546934, 0.1622963558, 0.0015652235536, 0.028582744609],
      [0.0058159381446, 0.0059848550472, 0.90213383099, 0.075283229319, 0.010782146499],
      [0.028797451986, 0.93747511783, 0.027514907035, 0.0042401158861, 0.0019724072616],
      [0.12489703076, 0.3976203295, 0.18283603343, 0.050464649875, 0.24418195644]
    ],
    [
      [0.59442608755, 0.16710404882, 0.17540013596, 0.0009912492191, 0.062078478444],
      [0.02684696725, 0, 0.91182097562, 0.049568505879, 0.011763551247],
      [0.17149580382, 0.7340019782, 0.076607711911, 0.0069099598775, 0.010984546199],
      [0.24896994781, 0.088205162677, 0.17784826499, 0.026915255691, 0.45806136883]
    ],
    [
      [0.67949001831, 0.23452981901, 0.07214456236, 0.00024541665618, 0.013590183664],
      [0.038114440765, 0.016488519104, 0.91170186478, 0.024494297029, 0.0092008783235],
      [0.15367993742, 0.8179621263, 0.025080053883, 0.0013598347349, 0.0019180476547],
      [0.46904481488, 0.24199443107, 0.11500304078, 0.01111214069, 0.16284557259]
    ],
    [
      [0.37992302655, 0.23093924271, 0.35398559261, 0.00074134871214, 0.034410789413],
      [0.010273591277, 0.0013864005215, 0.96911974594, 0.011011574973, 0.0082086872843],
      [0.078534337916, 0.80239063444, 0.11084852715, 0.0037317392547, 0.0044947612469],
      [0.17002155744, 0.15502958686, 0.37267467375, 0.022291995049, 0.2799821869]
    ],
    [
      [0.5091751329, 0.26350384077, 0.17888826382, 0.0013643406, 0.047068421912],
      [0.023395853785, 0.0027768693946, 0.90192155476, 0.061921500473, 0.0099842215881],
      [0.10743380361, 0.82300638756, 0.056638920628, 0.0068891447361, 0.0060317434648],
      [0.22995009361, 0.17547074574, 0.18464230646, 0.040118064407, 0.36981878979]
    ],
    [
      [0.65190358874, 0.17979330256, 0.14711111226, 0.00087046386392, 0.020321532582],
      [0.022260569725, 0.0041834216639, 0.91087986332, 0.054774828869, 0.0079013164226],
      [0.16811275267, 0.76390418279, 0.059053130106, 0.0055871893568, 0.0033427450794],
      [0.38403910933, 0.16098980353, 0.20465357327, 0.034651747787, 0.21566576609]
    ],
    [
      [0.3861072926, 0.35331935135, 0.20566925107, 0.0009313496402, 0.053972755339],
      [0.015603311377, 0.004525160416, 0.93202055328, 0.039286167341, 0.0085648075916],
      [0.065709752748, 0.87275868509, 0.052212447203, 0.0037723857968, 0.0055467291642],
      [0.16384622734, 0.22016676722, 0.19832259482, 0.025576488736, 0.39208792188]
    ],
    [
      [0.50608027317, 0.19636630207, 0.26495691463, 0.00088246517494, 0.031714044958],
      [0.016898987373, 0, 0.94938182418, 0.026967605363, 0.0067515830804],
      [0.12826673502, 0.76025816154, 0.10115341876, 0.0053814865683, 0.004940198108],
      [0.25519454036, 0.13955613256, 0.30197695532, 0.02867435192, 0.27459801985]
    ],
    [
      [0.68472049092, 0.17752453502, 0.11878843538, 0.00079000877383, 0.018176529915],
      [0, 0, 0.88011879951, 0.091725470474, 0.028155730012],
      [0.12966212724, 0.78762149488, 0.041397948661, 0.038706314175, 0.0026121150419],
      [0.37063683639, 0.16482165015, 0.18529364616, 0.03659698732, 0.24265087997]
    ],
    [
      [0.24120985684, 0.50643978557, 0.21849383984, 0.00055184340743, 0.033304674354],
      [0, 4.9555232021e-05, 0.99995044477, 0, 0],
      [5.0387311292e-07, 0.99999317324, 5.9376140475e-06, 1.0662202982e-07, 2.7865432618e-07],
      [0, 0.99920711629, 0.00079288371234, 0, 0]
    ],
    [
      [0.036705841408, 0.71937097041, 0.23778065155, 0.00026339594271, 0.0058791406911],
      [0, 0.001094286689, 0.99890571331, 0, 0],
      [0.0017828167845, 0.98870623995, 0.0092296620901, 0.00016355877381, 0.00011772239669],
      [0, 0.4901514198, 0.5098485802, 0, 0]
    ],
    [
      [0.88599478014, 0.0053947990956, 0.097318844092, 0.00014362951667, 0.011147947157],
      [0.030604473909, 0, 0.95454889821, 0, 0.014846627881],
      [0.2160544985, 0.70884616154, 0.068903119024, 0.0016428552436, 0.0045533656953],
      [0.52563065442, 0, 0.20449207774, 0, 0.26987726784]
    ],
    [
      [0.40290675049, 0.16103685023, 0.40445942249, 0, 0.031596976792],
      [0.008449494593, 0, 0.9841349701, 0, 0.0074155353073],
      [0.11026043934, 0.72781439444, 0.15691697812, 0, 0.0050081881045],
      [0.1947942648, 0.10666748872, 0.42526467376, 0, 0.27327357273]
    ],
    [
      [0.81726372222, 0.15526246424, 0.024509506887, 0.0029643066529, 0],
      [0.033326918465, 0.056977618933, 0.84566795261, 0.064027509991, 0],
      [0.17552313212, 0.8130711082, 0.010612015988, 0.00079374368852, 0],
      [0.67431469803, 0.26335152673, 0.05505703955, 0.0072767356987, 0]
    ],
    [
      [0.45986824131, 0.28706354308, 0.16761172906, 0, 0.085456486538],
      [0.027760334747, 0.0050478928815, 0.96110188957, 0, 0.0060898828066],
      [0.072740575395, 0.87750925865, 0.041212522969, 0, 0.0085376429879],
      [0.13109581671, 0.12059586065, 0.11508998088, 0, 0.63321834176]
    ],
    [
      [0.55878772605, 0.2524600176, 0.12668632558, 0.00059765221659, 0.061468278549],
      [0.033897857748, 0.0064437137366, 0.90715196743, 0.039810931977, 0.012695529105],
      [0.12293204174, 0.82361037765, 0.042053072161, 0.0031641750729, 0.0082403333739],
      [0.23892694488, 0.15968542283, 0.12406187577, 0.01665773786, 0.46066801865]
    ],
    [
      [0.078127333294, 0.89742881483, 0.011136034478, 0.00012424839289, 0.013183569007],
      [1.2972231419e-29, 0.2, 0.7, 0, 0.1],
      [0, 1, 4.3297942352e-30, 6.6588997134e-32, 1.2556786323e-28],
      [0.056879238976, 0.76225775516, 0.018221568151, 0.0056841333298, 0.15695730439]
    ],
    [
      [0.18546330848, 0.25440458401, 0.54876872183, 0.0011749770524, 0.010188408628],
      [0, 0.00078277862328, 0.98287146904, 0.016345752335, 0],
      [0, 0.8447594366, 0.15103316317, 0.004207400226, 0],
      [0, 0.25442499485, 0.70744633812, 0.03812866703, 0]
    ],
    [
      [0.47097672253, 0.34921604344, 0.13240965757, 0.00040858861786, 0.046988987846],
      [0.031379779874, 0.0060807207641, 0.9280664489, 0.021842667635, 0.012630382828],
      [0.077436883081, 0.88294913971, 0.0332125726, 0.0016361015997, 0.0047653030056],
      [0.21586992017, 0.23782056896, 0.14086653781, 0.012355864397, 0.39308710866]
    ],
    [
      [0.90372338641, 0.0025390472275, 0.092525072003, 8.5450962194e-05, 0.0011270433997],
      [0.02548841158, 0.0010516363418, 0.97345995208, 0, 0],
      [0.050183090063, 0.92768811253, 0.022128797404, 0, 0],
      [0.64395597098, 0.059692251366, 0.29635177766, 0, 0]
    ],
    [
      [8.2225109356e-08, 0.99999991761, 1.6287709693e-10, 2.8726595674e-13, 1.1709492625e-14],
      [0.11111072718, 0.11111149599, 0.77777777683, 0, 0],
      [3.4553770638e-06, 0.99999653609, 8.5280885687e-09, 0, 0],
      [0.21828083778, 0.61051814565, 0.022965887977, 0.0043859232976, 0.14384920529]
    ],
    [
      [0.44545539574, 0.24674355761, 0.23669530788, 0.00062516045834, 0.070480578313],
      [0.021120942391, 0, 0.95936136564, 0.013191553556, 0.0063261384115],
      [0.10130497376, 0.80555511482, 0.080119200433, 0.0033748574842, 0.0096458535114],
      [0.17365244499, 0.13924689131, 0.20762889425, 0.015598737116, 0.46387303233]
    ],
    [
      [0.44523897505, 0.26415498878, 0.24808014345, 0.001620458939, 0.040905433793],
      [0.015665738719, 0.0017722265874, 0.92151909801, 0.054090084304, 0.0069528523831],
      [0.09663231836, 0.80977072958, 0.079952818154, 0.0083211740504, 0.0053229598546],
      [0.20464146195, 0.17777228592, 0.2568107211, 0.047680204871, 0.31309532616]
    ],
    [
      [0.4673820078, 0.30621098217, 0.18071274771, 0.0012938949566, 0.044400367364],
      [0.021965020494, 0.0037655099481, 0.90716028682, 0.057935553587, 0.0091736291484],
      [0.091250189259, 0.84515590155, 0.052414801565, 0.005979590375, 0.0051995172507],
      [0.2178190549, 0.2089798182, 0.18973583022, 0.038614064329, 0.34485123236]
    ],
    [
      [0.47085316485, 0.43445107561, 0.033736969146, 0.00060336444514, 0.060355425946],
      [0, 0, 0.57142857143, 0, 0.42857142857],
      [0.026147397316, 0.96534202771, 0.0043056309851, 0.0011872246876, 0.0030177193022],
      [0.18299809819, 0.28257908076, 0.036272516348, 0.018594698187, 0.47955560651]
    ]
  ],
  "expected_outcome": [
    [
      [0, 0.23504279482, 0.76411755718, 1.7960520019, 1.7163549097, 0.62629524937, 0.26167788429, 4.8100486673, 2.8967117627, 2.9945414824, 1.9911578001, 31.678561577, 0.38969856985, 1.572184218, 0, 0.34980352686, 4.1449961865, 0, 2.0570436203, 2.0070363471, 77.0800606933, 5.3718779771, 18.9914803677, 20.228518804, 3.020564994, 0, 0.62568707975, 46.5564894266, 4.7462500141, 2.0072303936, 1.521806865, 2.8637331831, 4.9321363853, 0, 2.8989135047, 0, 1.9027264749, 0, 2.9974517096, 0.27263196615, 7.9241648967, 2.54736887, 2.690003831, 5.5868165737, 0.70732323554, 1.3480875503, 0.54496296877, 0.96743052535, 1.0761341993, 1.8502227067, 3.7321782513, 2.1911408297, 1.3883201568, 4.2590889615, 0.21943219165, 1.7094450288, 2.0735131836, 1.305348057, 0, 3.5692577223, 3.3877736611, 3.2178148092, 12.0154204164, 1.9818933784, 14.1072666688, 11.2906640204, 2.1632165545, 0.7615806201, 5.9442608755, 7.4743902014, 0.37992302655, 7.1284518606, 3.2595179437, 6.5638239742, 4.5547224585, 1.3694409818, 0, 0, 0, 1.611627002, 2.4517911667, 1.3796047239, 6.7054527126, 0, 0, 1.8839068901, 0, 0, 22.7182251829, 69.0120411321, 46.7382007796, 0],
      [0.049066822794, 0.10177850503, 0.10866084713, 1.386246777, 0.66583744301, 0.12819207957, 0.34794432875, 4.123260216, 3.1602545172, 2.5003613071, 0, 26.1833901309, 0.56145137462, 1.9248426007, 0.79178654366, 1.3738503939, 4.3335249342, 0, 1.5371499208, 1.9599746864, 66.8925598479, 9.5279124281, 20.2811956251, 21.8025357629, 1.3326066174, 0, 0.41244948212, 24.8801551106, 3.8122583932, 1.7601280749, 0.58072892054, 1.7039810019, 2.6555418819, 0, 2.7464902803, 0, 1.3736551787, 0, 3.1694307492, 0.084221840884, 3.1211151029, 2.6857889909, 2.1025300551, 3.0689559669, 0.69162732891, 2.311054983, 0.67515494016, 0.78954966259, 1.6629303352, 0.045374881795, 2.3305967425, 1.6641674899, 0.23344332566, 2.3378995684, 0.69012904842, 1.6677139752, 1.5112918217, 1.1526195739, 0, 2.7104704377, 2.2073348448, 3.0520656966, 6.9028239542, 3.6300364633, 19.1194882453, 16.9244654326, 1.4107973777, 1.661086408, 1.6710404882, 2.5798280091, 0.23093924271, 3.6890537707, 0.89896651279, 6.0064289729, 1.7672967186, 0.35504907003, 0, 0, 0, 0.64414740093, 0.46578739271, 0.86119062925, 3.0295202112, 0, 0, 1.3968641737, 0, 0, 12.583921438, 40.9440232602, 30.6210982169, 0],
      [0.95093317721, 0.65421974169, 0.12430736656, 0.64200158471, 0.55287718164, 0.22854077949, 0.38715995472, 2.561509205, 1.1772960352, 1.7215846774, 0.0088421999157, 20.9437259691, 0.039790763692, 1.3738759513, 0.20821345634, 0.23442379103, 1.253498593, 0, 2.1548321672, 1.8742412708, 27.0102407258, 0.87309700461, 8.0665606479, 7.8874016752, 2.1838202615, 0, 0.96186343813, 23.8573178915, 3.2250546921, 1.1276699558, 1.2081954205, 0.37762620056, 1.8609284629, 0, 0.27781936462, 0, 0.54677872321, 0, 1.6330515786, 0.64314619297, 2.5654769592, 2.6032224302, 1.5765043019, 1.4667682503, 0.41359387905, 0.2638124735, 0.74482722843, 1.0982051431, 0.9708800585, 0.099128922461, 1.3757132001, 0.96343161685, 0.32228582684, 1.8869288938, 0.077500557791, 0.48820723839, 2.2477750667, 1.0794418283, 0, 2.5354230935, 1.1497766765, 1.5682280865, 2.5075406342, 0.32149714034, 3.1414275062, 4.0449626674, 1.3383031778, 0.48688906741, 1.7540013596, 0.79359018596, 0.35398559261, 2.5044356935, 0.73555556129, 3.4963772682, 2.3846122317, 0.23757687076, 0, 0, 0, 1.6178376899, 0.073528520662, 0.50283518719, 1.520235907, 0, 0, 0.52963863026, 0, 0, 12.0714607017, 38.4524222343, 18.0712747714, 0],
