{
  "X": [
    [0, 10, 13, 5],
    [6, 5, 37, 5],
    [0, 4, 4, 5],
    [11, 8, 83, 18],
    [68, 221, 786, 183],
    [39, 92, 371, 73],
    [65, 151, 709, 123],
    [7, 22, 73, 9],
    [53, 98, 323, 87],
    [38, 160, 619, 109],
    [27, 108, 448, 97],
    [28, 27, 424, 54],
    [28, 9, 269, 44],
    [112, 18, 686, 92],
    [46, 7, 351, 33],
    [88, 19, 595, 67],
    [43, 10, 267, 40],
    [87, 20, 498, 48],
    [23, 9, 232, 28],
    [36, 58, 210, 36],
    [28, 294, 655, 146],
    [20, 172, 536, 95],
    [13, 235, 431, 103],
    [9, 314, 652, 130],
    [10, 130, 335, 59],
    [27, 285, 765, 149],
    [17, 226, 507, 89],
    [12, 228, 514, 111],
    [28, 175, 524, 98],
    [47, 176, 565, 98],
    [13, 144, 390, 65],
    [0, 97, 256, 43],
    [10, 142, 224, 61],
    [4, 70, 231, 35],
    [3, 33, 87, 29],
    [91, 479, 1535, 252],
    [39, 58, 246, 34],
    [229, 461, 1718, 321],
    [1, 34, 85, 25]
  ],
  "W": [
    [10, 14, 0, 0, 4],
    [30, 8, 0, 7, 8],
    [3, 6, 0, 0, 4],
    [84, 12, 0, 8, 16],
    [724, 291, 51, 55, 137],
    [364, 122, 16, 24, 49],
    [670, 176, 42, 47, 113],
    [62, 28, 4, 7, 10],
    [312, 119, 24, 36, 70],
    [579, 188, 52, 21, 86],
    [436, 138, 29, 22, 55],
    [415, 38, 17, 35, 28],
    [283, 18, 7, 21, 21],
    [667, 43, 14, 102, 82],
    [350, 14, 5, 48, 20],
    [584, 39, 11, 85, 50],
    [266, 18, 8, 39, 29],
    [494, 30, 14, 78, 37],
    [219, 11, 5, 32, 25],
    [210, 71, 9, 25, 25],
    [491, 418, 59, 24, 131],
    [449, 222, 42, 16, 94],
    [336, 334, 34, 11, 67],
    [522, 419, 53, 9, 102],
    [279, 162, 24, 4, 65],
    [650, 358, 56, 21, 141],
    [411, 309, 22, 14, 83],
    [369, 375, 31, 12, 78],
    [454, 244, 34, 18, 75],
    [505, 222, 31, 44, 84],
    [321, 182, 24, 16, 69],
    [184, 145, 21, 1, 45],
    [173, 180, 25, 12, 47],
    [174, 101, 27, 5, 33],
    [82, 52, 6, 3, 9],
    [1292, 664, 124, 75, 202],
    [235, 73, 8, 33, 28],
    [1747, 586, 50, 158, 188],
    [69, 48, 4, 5, 19]
  ],
  "method": "mvn_cdf",
  "mvncdf_method": "genz",
  "mvncdf_samples": 5000,
  "mvncdf_error": 1e-06,
  "cond_prob": [
    [
      [0.0039848718168, 1.5119163434e-08, 0.87490703706, 0.121108076],
      [3.3196926417e-35, 0.72888029623, 0.16523317768, 0.10588652609],
      [4.2804748742e-28, 0.30190337892, 0.6477078766, 0.050388744478],
      [0.83794667146, 8.0560669462e-30, 0.16205330024, 2.8296207589e-08],
      [1.3650492957e-16, 0.015723442332, 0.50094868876, 0.48332786891]
    ],
    [
      [0.018860949895, 7.1681618374e-09, 0.91959575716, 0.061543285774],
      [2.3378493213e-34, 0.62589998591, 0.28748478676, 0.086615227328],
      [2.0086159261e-27, 0.16667345509, 0.80314986768, 0.030176677228],
      [0.77846878065, 4.8085319577e-30, 0.22153120211, 1.723980898e-08],
      [7.499392223e-16, 0.0095261437072, 0.69253278902, 0.29794106728]
    ],
    [
      [0.0005588644063, 1.2231237175e-08, 0.73380688528, 0.26563423808],
      [8.4193723188e-36, 0.67281186878, 0.11814516588, 0.20904296534],
      [1.2233224729e-28, 0.29599312313, 0.58640008468, 0.11760679219],
      [0.99996425824, 1.4637007794e-33, 3.5741754969e-05, 6.875734228e-12],
      [2.5088217092e-17, 0.0080875788161, 0.24781058871, 0.74410183248]
    ],
    [
      [0.044697442633, 1.0437435732e-08, 0.84556861324, 0.10973393369],
      [4.4831055973e-34, 0.66302935144, 0.21540605518, 0.12156459338],
      [4.5806449477e-27, 0.23377311729, 0.71462150612, 0.051605376588],
      [0.88645756603, 3.8975346032e-30, 0.11354241698, 1.6988524606e-08],
      [1.511013458e-15, 0.011706790995, 0.54242966754, 0.44586354146]
    ],
    [
      [0.028785883553, 1.3758866903e-08, 0.85627150162, 0.11494260107],
      [2.7577953615e-34, 0.69398742397, 0.19649602327, 0.10951655276],
      [2.5802510879e-27, 0.30565194338, 0.64931598304, 0.045032073585],
      [0.80992890188, 9.5080665561e-30, 0.19007106807, 3.0048316995e-08],
      [8.4081221524e-16, 0.017500210484, 0.52203261768, 0.46046717184]
    ],
    [
      [0.053684474235, 1.5186026442e-08, 0.84099781139, 0.10531769919],
      [4.304182736e-34, 0.71057522473, 0.18759317039, 0.10183160488],
      [5.0692913949e-27, 0.31576514281, 0.63698641692, 0.047248440262],
      [0.88361532177, 6.0713030096e-30, 0.11638466118, 1.7053059456e-08],
      [1.7824306161e-15, 0.017094443264, 0.55662221362, 0.42628334311]
    ],
    [
      [0.037933114295, 1.9781014665e-08, 0.86737970112, 0.094687164806],
      [2.8634824689e-34, 0.75811946493, 0.16489354503, 0.076986990038],
      [3.292872103e-27, 0.34732278087, 0.61547015679, 0.037207062343],
      [0.84217227715, 1.0046442748e-29, 0.157827703, 1.98432325e-08],
      [1.3570650489e-15, 0.023112406687, 0.58497100807, 0.39191658524]
    ],
    [
      [0.022195108974, 1.5337607072e-08, 0.91002963071, 0.067775244983],
      [1.9041125101e-34, 0.73863958678, 0.1973120156, 0.064048397627],
      [2.0029802612e-27, 0.292478525, 0.67954007893, 0.027981396067],
      [0.78813158088, 1.0004253207e-29, 0.21186840083, 1.8288303616e-08],
      [8.6090141185e-16, 0.019627900471, 0.66748677464, 0.31288532489]
    ],
    [
      [0.072926056638, 1.9339035585e-08, 0.8080552266, 0.11901869743],
      [5.9950385133e-34, 0.70904456709, 0.18113017602, 0.10982525688],
      [6.3762773722e-27, 0.3316927351, 0.61804588446, 0.050261380442],
      [0.92784944957, 4.9910945676e-30, 0.072150536504, 1.3921539234e-08],
      [2.3984467438e-15, 0.019201022593, 0.53630996496, 0.44448901245]
    ],
    [
      [0.035361562654, 1.87718095e-08, 0.86644472366, 0.098193694918],
      [2.7177455716e-34, 0.74602677326, 0.17168782849, 0.08228539825],
      [3.1059589545e-27, 0.33589514702, 0.62485003936, 0.039254813628],
      [0.83177782187, 1.0317004491e-29, 0.16822215613, 2.1995801841e-08],
      [1.229061809e-15, 0.021956888625, 0.57277562692, 0.40526748446]
    ],
    [
      [0.02176160937, 1.6629394259e-08, 0.8683724028, 0.1098659712],
      [1.8881537499e-34, 0.68403952034, 0.20524285719, 0.11071762247],
      [2.1902398942e-27, 0.32890193611, 0.62135438249, 0.049743681401],
      [0.77891628909, 1.3277103554e-29, 0.22108367461, 3.6307573363e-08],
      [7.1041644725e-16, 0.014704987297, 0.53338113276, 0.45191387994]
    ],
    [
      [0.015281109394, 1.0066285658e-08, 0.89670444694, 0.088014433604],
      [1.7780712303e-34, 0.61278483037, 0.27025609774, 0.1169590719],
      [1.5224795324e-27, 0.20220108417, 0.75524433484, 0.042554580993],
      [0.66807308656, 9.7171487479e-30, 0.3319268761, 3.7345917594e-08],
      [5.35110752e-16, 0.011218237963, 0.60257098432, 0.38621077771]
    ],
    [
      [0.040083072276, 5.4406178823e-09, 0.85103415434, 0.10888276794],
      [6.2327127158e-34, 0.45304749449, 0.35332043316, 0.19363207235],
      [4.2933737565e-27, 0.11426225865, 0.8294719177, 0.05626582365],
      [0.84613254502, 2.6494127803e-30, 0.15386743157, 2.340987904e-08],
      [1.3072457074e-15, 0.0059194795212, 0.54588183454, 0.44819868594]
    ],
    [
      [0.037896361141, 4.071773274e-09, 0.87845254021, 0.08365109458],
      [7.8964112594e-34, 0.37595893595, 0.45765750429, 0.16638355976],
      [4.5455354944e-27, 0.088976789424, 0.86949794036, 0.041525270212],
      [0.83119674006, 1.9773231938e-30, 0.16880324228, 1.7659607269e-08],
      [1.5158874802e-15, 0.0043911470722, 0.62791605623, 0.3676927967]
    ],
    [
      [0.024062395656, 4.4869848776e-09, 0.90275430391, 0.073183295947],
      [4.9061680473e-34, 0.42844719149, 0.41618483748, 0.15536797103],
      [3.6685890884e-27, 0.098780826685, 0.85766201714, 0.043557156177],
      [0.78256316805, 3.3542016193e-30, 0.21743681065, 2.1296180523e-08],
      [1.0388336337e-15, 0.0063635243018, 0.66915830452, 0.32447817118]
    ],
    [
      [0.033783072331, 4.3271864652e-09, 0.8856553879, 0.08056153544],
      [6.0911386348e-34, 0.45289715523, 0.38634648343, 0.16075636134],
      [3.6044044484e-27, 0.10704784055, 0.85429534811, 0.038656811346],
      [0.77947530656, 2.777555437e-30, 0.22052467225, 2.1191772616e-08],
      [1.2115213993e-15, 0.0065402760243, 0.65100812758, 0.3424515964]
    ],
    [
      [0.037445687105, 5.6039068208e-09, 0.86873674353, 0.093817563762],
      [6.0003806641e-34, 0.48960208031, 0.3498540119, 0.16054390779],
      [4.3004393728e-27, 0.13151776184, 0.81939122288, 0.049091015282],
      [0.844969939, 2.8118016941e-30, 0.15503004168, 1.932101993e-08],
      [1.3592699539e-15, 0.0066815151217, 0.59625045647, 0.39706802841]
    ],
    [
      [0.041950427346, 8.5236457537e-09, 0.88914210861, 0.068907455521],
      [5.9995896758e-34, 0.59062121144, 0.30594123644, 0.10343755212],
      [5.3782541365e-27, 0.20265167333, 0.76067609396, 0.036672232713],
      [0.84531355054, 3.8305406983e-30, 0.15468643606, 1.3405223299e-08],
      [1.5102139596e-15, 0.011004996565, 0.63257610005, 0.35641890339]
    ],
    [
      [0.013816538613, 1.1274757964e-08, 0.90589800479, 0.080285445318],
      [1.3496000829e-34, 0.68259293223, 0.22952106998, 0.087885997792],
      [1.1688539681e-27, 0.24094023525, 0.72648880468, 0.032570960072],
      [0.6610153966, 1.2615719946e-29, 0.338984566, 3.7400581779e-08],
      [4.826409182e-16, 0.013952484036, 0.61974670379, 0.36630081217]
    ],
    [
      [0.069515268709, 1.9294569682e-08, 0.83659745052, 0.093887261479],
      [5.3683667149e-34, 0.76101328641, 0.16075244251, 0.078234271073],
      [6.0981886421e-27, 0.35148487361, 0.6105232962, 0.037991830186],
      [0.91432543627, 5.4943288519e-30, 0.085674552628, 1.1102168785e-08],
      [2.6042508946e-15, 0.023703964444, 0.56944056349, 0.40685547207]
    ],
    [
      [0.021488108923, 1.2754696535e-08, 0.88338940365, 0.09512247467],
      [2.2294099934e-34, 0.6615322147, 0.23095980887, 0.10750797643],
      [2.0921515906e-27, 0.25030657108, 0.70712912688, 0.042564302034],
      [0.75030256889, 1.0130532153e-29, 0.2496973996, 3.1507016249e-08],
      [7.6201310923e-16, 0.01480614497, 0.59054852641, 0.39464532862]
    ],
    [
      [0.020825560887, 1.7037587368e-08, 0.88893464299, 0.090239779084],
      [1.9350698635e-34, 0.71121622884, 0.20347531485, 0.08530845631],
      [1.923222318e-27, 0.28543715606, 0.6780515908, 0.036511253138],
      [0.73799287182, 1.239679319e-29, 0.2620070981, 3.0079663573e-08],
      [6.9422806007e-16, 0.017759700411, 0.60032103107, 0.38191926852]
    ],
    [
      [0.017446394754, 1.3986936411e-08, 0.87772539471, 0.10482819655],
      [1.723826359e-34, 0.6748119694, 0.20966499469, 0.11552303591],
      [1.7520868537e-27, 0.27270761265, 0.68015889791, 0.047133489441],
      [0.72082030736, 1.2077532135e-29, 0.27917965457, 3.8069936417e-08],
      [5.9364640735e-16, 0.015376983027, 0.57036858887, 0.41425442811]
    ],
    [
      [0.013442372351, 1.5711470854e-08, 0.89111792623, 0.095439685707],
      [1.1891664096e-34, 0.70895150815, 0.20030671873, 0.090741773116],
      [1.2312509419e-27, 0.28808952359, 0.67234040063, 0.039570075779],
      [0.64974088358, 1.7350717595e-29, 0.35025907312, 4.3298240703e-08],
      [4.6496965327e-16, 0.01774749074, 0.58967321939, 0.39257928987]
    ],
    [
      [0.023797317801, 1.937351263e-08, 0.88843466913, 0.0877679937],
      [2.0472300946e-34, 0.74898642311, 0.18174447533, 0.069269101559],
      [2.1497858896e-27, 0.3289566252, 0.63662229487, 0.034421079925],
      [0.7901897337, 1.2320472459e-29, 0.2098102432, 2.3098232649e-08],
      [8.9880271246e-16, 0.021246240874, 0.61832349769, 0.36043026143]
    ],
    [
      [0.019804448495, 1.8046263556e-08, 0.88580768573, 0.094387847725],
      [1.6174466891e-34, 0.7356436623, 0.18091178008, 0.083444557624],
      [1.7510094378e-27, 0.32005615364, 0.64188471998, 0.038059126381],
      [0.73265372176, 1.5276599506e-29, 0.26734624476, 3.347720887e-08],
      [6.9849058903e-16, 0.020887240929, 0.58772110675, 0.39139165232]
    ],
    [
      [0.020067832929, 1.4887130792e-08, 0.88919177612, 0.090740376067],
      [1.7440368984e-34, 0.71777200242, 0.20137733551, 0.080850662065],
      [1.679972762e-27, 0.2703666757, 0.69826863522, 0.031364689088],
      [0.71459374105, 1.3503566189e-29, 0.28540622769, 3.1261374527e-08],
      [7.3009696989e-16, 0.016485436856, 0.61185718775, 0.37165737539]
    ],
    [
      [0.015045240784, 8.5956115404e-09, 0.89677133878, 0.088183411845],
      [2.0430478527e-34, 0.57116284097, 0.30015560317, 0.12868155586],
      [1.6251038934e-27, 0.19154891431, 0.76539415352, 0.043056932177],
      [0.67087395658, 9.1613912723e-30, 0.32912600536, 3.8060719703e-08],
      [5.5750127942e-16, 0.010708706445, 0.60082825651, 0.38846303705]
    ],
    [
      [0.029127218037, 1.3292116955e-08, 0.87830057154, 0.092572197131],
      [2.9527395875e-34, 0.67721391824, 0.22164188538, 0.10114419638],
      [2.8305878127e-27, 0.25987965813, 0.69810353952, 0.042016802355],
      [0.80235849886, 8.2443859044e-30, 0.19764147711, 2.4028206815e-08],
      [1.0401713577e-15, 0.015636699148, 0.59405558965, 0.3903077112]
    ],
    [
      [0.025430098385, 1.7617248688e-08, 0.88569084246, 0.088879041537],
      [1.9849879488e-34, 0.74054195582, 0.17991252578, 0.0795455184],
      [2.2460695542e-27, 0.32327123706, 0.63888141143, 0.037847351511],
      [0.77797256796, 1.289632983e-29, 0.22202740459, 2.7446352916e-08],
      [9.1050183863e-16, 0.021267000588, 0.59663482434, 0.38209817507]
    ],
    [
      [0.013052954169, 1.7066999981e-08, 0.91118896398, 0.075758064787],
      [1.1705190141e-34, 0.73893088821, 0.19019261888, 0.070876492909],
      [1.2748423873e-27, 0.31408129283, 0.65341688866, 0.032501818508],
      [0.64676163904, 1.8126407137e-29, 0.35323832347, 3.7488435507e-08],
      [4.8252547168e-16, 0.020804204788, 0.61196733233, 0.36722846288]
    ],
    [
      [0.010794223234, 1.150439045e-08, 0.90435738809, 0.084848377173],
      [1.108755209e-34, 0.64248517172, 0.26780008005, 0.089714748229],
      [9.0157301619e-28, 0.19997490782, 0.76782790451, 0.03219718767],
      [0.56859432204, 1.2950052886e-29, 0.43140564059, 3.7363774812e-08],
      [3.7108798126e-16, 0.013846349472, 0.65846447207, 0.32768917846]
    ],
    [
      [0.014455277747, 1.9378134686e-08, 0.86567393667, 0.11987076621],
      [1.0396419409e-34, 0.73527388351, 0.16438308591, 0.10034303058],
      [1.4122611889e-27, 0.33597727195, 0.61408608034, 0.049936647711],
      [0.71289530085, 2.0619283755e-29, 0.28710464802, 5.1134350815e-08],
      [4.1100464626e-16, 0.019877240066, 0.52045581837, 0.45966694157]
    ],
    [
      [0.013347694327, 1.1141309161e-08, 0.90110561542, 0.085546679108],
      [1.535962285e-34, 0.64076389903, 0.26796455467, 0.091271546299],
      [1.1547188771e-27, 0.20841026886, 0.76049913856, 0.031090592582],
      [0.65819344486, 1.140863027e-29, 0.34180652019, 3.495612744e-08],
      [5.0746039849e-16, 0.013541401657, 0.67511355617, 0.31134504217]
    ],
    [
      [0.014035870049, 1.5611910137e-08, 0.71717114327, 0.26879297107],
      [1.5593868396e-34, 0.54111081921, 0.23234112548, 0.22654805531],
      [1.3765660639e-27, 0.21325273704, 0.68722472061, 0.099522542346],
      [0.76447254311, 9.3310291591e-30, 0.23552738965, 6.7240172045e-08],
      [3.3132839942e-16, 0.0084821420119, 0.3078870624, 0.68363079559]
    ],
    [
      [0.02514243835, 1.2418334073e-08, 0.89265562441, 0.082201924823],
      [2.7616837586e-34, 0.66509620811, 0.23660597875, 0.098297813132],
      [2.5271462668e-27, 0.25617292517, 0.7059932054, 0.037833869427],
      [0.76768061888, 9.2959753836e-30, 0.23231935611, 2.5009227483e-08],
      [9.5968932084e-16, 0.014469476648, 0.63477111284, 0.35075941051]
    ],
    [
      [0.044351615813, 1.7694121111e-08, 0.8770492666, 0.078599099896],
      [3.7251918935e-34, 0.74350253158, 0.18451667327, 0.071980795151],
      [3.9823784877e-27, 0.32447651286, 0.64263640432, 0.032887082819],
      [0.8720698794, 7.3435705344e-30, 0.12793010628, 1.4315951089e-08],
      [1.6706530634e-15, 0.021720166442, 0.62477071947, 0.35350911409]
    ],
    [
      [0.050919427213, 1.7654734424e-08, 0.84897997553, 0.10010057961],
      [4.2668391677e-34, 0.75105681151, 0.157005386, 0.091937802492],
      [4.3034910778e-27, 0.34294114091, 0.6150518006, 0.042007058482],
      [0.87925284721, 7.6678525091e-30, 0.12074713498, 1.7814789322e-08],
      [2.064914134e-15, 0.022439302166, 0.52552709837, 0.45203359947]
    ],
    [
      [0.0045489253032, 1.6695817942e-08, 0.85667622332, 0.13877483468],
      [4.5408221571e-35, 0.63790934611, 0.22873883029, 0.13335182359],
      [4.6585486888e-28, 0.28540266841, 0.65856193373, 0.056035397854],
      [0.4223249437, 2.7335489517e-29, 0.57767495311, 1.0319220035e-07],
      [1.5072991481e-16, 0.013593398911, 0.52344340771, 0.46296319338]
    ]
  ],
  "expected_outcome": [
    [
      [0.039848718168, 0.56582849685, 0.0016765932189, 3.7545851812, 20.8409796924, 19.5411486214, 25.4151865776, 1.3760967564, 22.7529296711, 20.4743447766, 9.4880616852, 6.3416603987, 11.343509454, 25.2768728812, 8.4218384797, 19.7293142416, 9.9605527698, 20.7235111089, 3.0258219563, 14.5982064289, 10.5506614812, 9.3506768384, 5.8619886374, 7.0169183672, 6.6394516665, 12.8728915216, 8.2478793337, 5.5516938494, 13.2237569889, 12.8421996842, 4.1899982882, 1.986137075, 2.5007630502, 2.3224988129, 1.150941344, 32.4840303486, 10.4226297161, 88.9562393409, 0.31387584592],
      [1.5119163434e-07, 2.1504485512e-07, 3.6693711524e-08, 8.7674460148e-07, 9.9614196379e-06, 5.5277136248e-06, 1.3253279826e-05, 9.5093163845e-07, 6.0337791024e-06, 1.08688777e-05, 7.2504158967e-06, 4.177508548e-06, 1.5396948607e-06, 2.7158727738e-06, 1.5704447072e-06, 2.5270768957e-06, 1.4906392143e-06, 4.2106810023e-06, 2.4691719941e-06, 4.0518596333e-06, 6.2625559988e-06, 7.6498767283e-06, 4.6996106341e-06, 8.2013877859e-06, 5.4052100238e-06, 1.1730071312e-05, 6.1186107554e-06, 3.1717806584e-06, 6.0346210975e-06, 8.8967105873e-06, 5.4785069938e-06, 2.1168078428e-06, 3.3524173007e-06, 1.9385877939e-06, 1.2801766312e-06, 1.6044487622e-05, 4.1581184611e-06, 3.0842821038e-05, 1.152011438e-06],
      [8.7490703706, 27.5878727149, 2.2014206558, 71.0277635122, 619.9405671697, 306.1232033447, 581.1443997491, 56.4218371038, 252.1132306985, 501.6714949969, 378.6103676217, 372.1323454783, 240.8426656788, 585.9278443178, 315.9640063685, 517.2227465342, 231.0839737788, 439.2362016529, 198.39166305, 175.6854646085, 433.7441971931, 399.1316547029, 294.9157326237, 465.1635574924, 247.8732726859, 575.774995727, 365.4578199842, 330.9086240081, 398.748459479, 447.2738754427, 292.4916574367, 166.4017594083, 149.7615910439, 156.7923770836, 58.8080337477, 1153.3110667359, 206.1065776504, 1483.1680172426, 59.1106594088],
      [1.21108076, 1.8462985732, 0.79690271424, 9.2176504299, 83.2184431765, 38.3356425062, 63.44040042, 4.2020651889, 37.1338335967, 56.8541493576, 47.9015634426, 36.5259899455, 30.8138233274, 55.7952800851, 25.6141535814, 47.0479366972, 24.9554719607, 34.0402830275, 17.5825125245, 19.7163249107, 46.7051350631, 40.5176608088, 35.2222740392, 49.819515939, 24.4872702424, 61.3521010213, 37.2942945635, 32.5396789707, 42.0277774976, 44.8839159764, 24.3183387966, 15.6121013999, 20.7376425535, 14.8851221649, 22.0410236281, 106.204886871, 18.4707884755, 174.8757125736, 9.5754635933]
    ],
    [
      [4.6475696984e-34, 1.8702794571e-33, 5.0516233913e-35, 5.3797267167e-33, 8.0251845021e-32, 5.2511029379e-32, 5.0397291452e-32, 5.3315150283e-33, 7.1340958309e-32, 5.1093616747e-32, 2.6056521749e-32, 6.756670675e-33, 1.1218882889e-32, 3.3954568416e-32, 6.8686352662e-33, 2.3755440676e-32, 1.0800685195e-32, 1.7998769027e-32, 1.4845600912e-33, 3.8115403676e-32, 9.3189337723e-32, 4.295855097e-32, 5.7575800392e-32, 4.9826072562e-32, 3.3165127532e-32, 5.7904591468e-32, 5.389074016e-32, 7.6614294475e-32, 7.2046845936e-32, 4.4066732462e-32, 2.1303446056e-32, 1.607695053e-32, 1.8713554935e-32, 1.5513219079e-32, 8.1088115658e-33, 1.8337580157e-31, 2.7193900823e-32, 2.5003677523e-31, 2.1795946354e-33],
      [10.2043241472, 5.0071998873, 4.0368712127, 7.9563522173, 201.9503403751, 86.6901774168, 133.4290258275, 20.6819084297, 84.376303484, 140.2530333732, 94.3974538068, 23.2858235539, 8.1548549008, 16.1662342457, 5.9982606809, 17.6629890541, 8.8128374456, 17.7186363431, 7.5085222545, 54.0319433353, 276.520465746, 157.8900028033, 225.3871977791, 297.0506819163, 121.3358005438, 263.3604311036, 221.7915487479, 214.1860653651, 165.2401960494, 164.4003141914, 134.4854216534, 93.1603498995, 132.3492990316, 64.7171538023, 28.137762599, 441.6238821871, 54.2756848051, 440.1192915426, 30.6196486135],
      [2.3132644875, 2.2998782941, 0.7088709953, 2.5848726622, 57.1803427727, 22.886366788, 29.0212639258, 5.5247364367, 21.5544909469, 32.2773117557, 28.3235142922, 10.269731714, 6.359767797, 19.6792726846, 5.8265877247, 15.0675128536, 6.2973722142, 9.1782370932, 2.5247317698, 11.4134234185, 96.5412001073, 45.1715198959, 70.0281082277, 83.9285151481, 29.4426050036, 64.7664172669, 62.2255966739, 112.5583511877, 54.0806200334, 39.9405807239, 34.6150566371, 38.8310116074, 29.5889554644, 27.0644200214, 12.0817385248, 157.1063698933, 13.4697171489, 92.0051561968, 10.9794638541],
      [1.4824113653, 0.69292181862, 1.254257792, 1.4587751205, 31.8693168522, 12.4234557952, 13.5497102467, 1.7933551336, 13.0692055691, 15.4696548711, 15.279031901, 4.4444447321, 3.4853773023, 7.1544930697, 2.1751515944, 6.2694980922, 2.8897903402, 3.1031265636, 0.96674597571, 5.5546332462, 44.9383341466, 18.9384773008, 38.5846939932, 38.0208029356, 11.2215944526, 29.8731516295, 24.9828545782, 48.2555834472, 24.6791839172, 17.6591050847, 12.8995217095, 13.0086384932, 18.061745504, 9.2184261762, 11.7804988762, 65.2697479197, 5.254598046, 53.8755522606, 6.4008875324]
    ],
    [
      [0, 0, 0, 0, 1.3159280548e-25, 8.1108662318e-26, 1.3830062833e-25, 8.0119210448e-27, 1.5303065693e-25, 1.6150986563e-25, 6.3516956932e-26, 2.5882152051e-26, 3.0053616296e-26, 6.3637496921e-26, 1.8342945442e-26, 3.9648448932e-26, 3.4403514983e-26, 7.5295557912e-26, 5.8442698404e-27, 5.4883697779e-26, 1.2343694384e-25, 8.0775337355e-26, 5.9570953027e-26, 6.5256299919e-26, 5.1594861349e-26, 9.8056528519e-26, 3.6959400765e-26, 5.0378220695e-26, 9.6239985632e-26, 6.9628156179e-26, 3.0596217294e-26, 1.893303334e-26, 3.5306529724e-26, 3.1177409681e-26, 8.2593963835e-27, 3.1336613709e-25, 3.1859027901e-26, 2.1517455389e-25, 1.8634194755e-27],
      [0, 0, 0, 0, 15.5882491123, 5.052242285, 14.5875567965, 1.1699141, 7.9606256423, 17.4665476448, 9.5381561473, 3.4374184309, 0.79983581052, 1.2456750519, 0.49390413343, 1.177526246, 1.0521420947, 2.8371234266, 1.2047011762, 3.1633638625, 14.768087694, 11.9883605545, 9.2720588302, 15.2687447503, 7.8949590049, 17.9231446037, 5.9480668653, 5.9380163435, 8.8359083763, 10.0214083488, 7.537951028, 4.1994730642, 8.3994317986, 5.6270772592, 1.2795164223, 31.765442721, 2.5958121029, 17.1470570457, 1.1416106737],
      [0, 0, 0, 0, 33.1151151348, 10.1917826708, 25.8497465851, 2.7181603157, 14.8331012271, 32.4922020466, 18.0192770921, 12.8391536922, 5.8063034239, 12.1729711651, 4.2883100857, 9.3972488292, 6.5551297831, 10.6494653154, 3.6324440234, 5.4947096658, 41.720618486, 28.4781668137, 23.1254025288, 35.6340412334, 15.2789350769, 35.9455443189, 15.3619099747, 23.727218759, 23.7355203436, 19.8053237544, 15.6820053278, 16.1243859947, 15.3521520086, 20.5334767411, 4.1233483237, 87.54315747, 5.1410912346, 30.7525900302, 2.6342477349],
      [0, 0, 0, 0, 2.2966357528, 0.75597504419, 1.5626966184, 0.11192558427, 1.2062731306, 2.0412503086, 1.4425667606, 0.72342787688, 0.39386076555, 0.58135378296, 0.21778578088, 0.4252249248, 0.39272812226, 0.51341125798, 0.16285480036, 0.34192647167, 2.51129382, 1.5334726318, 1.602538641, 2.0972140163, 0.8261059182, 2.1313110773, 0.69002315994, 1.3347648975, 1.4285712801, 1.1732678968, 0.7800436442, 0.67614094108, 1.2484161928, 0.83944599971, 0.59713525408, 4.691399809, 0.26309666255, 2.1003529241, 0.22414159142]
    ],
    [
      [0, 5.4492814645, 0, 7.0916605282, 44.5460896034, 21.2067677225, 39.5820970262, 5.5169210662, 33.4025801847, 17.4673342593, 17.1361583599, 23.3825580295, 17.7687834454, 84.782067486, 37.5630320664, 66.2554010577, 32.9538276211, 65.9344569419, 21.1524926911, 22.8581359067, 18.0072616533, 11.8078859492, 7.929023381, 5.8476679522, 3.1607589348, 15.385728157, 10.0043123747, 8.0504874789, 14.4424529795, 34.2307929902, 10.3481862247, 0.56859432204, 8.5547436102, 3.2909672243, 2.2934176293, 57.5760464163, 28.7783060202, 138.9219498591, 2.1116247185],
      [0, 3.3659723704e-29, 0, 3.1180276826e-29, 5.2294366059e-28, 1.4571127223e-28, 4.7218280916e-28, 7.002977245e-29, 1.7967940443e-28, 2.166570943e-28, 2.9209627819e-28, 3.4010020618e-28, 5.5637668386e-29, 2.0168696577e-28, 1.6100167772e-28, 2.3609221215e-28, 1.0966026607e-28, 2.9878217447e-28, 4.0370303828e-28, 1.373582213e-28, 2.4313277168e-28, 1.9834869104e-28, 1.3285285349e-28, 1.5615645835e-28, 4.9281889835e-29, 3.2080858962e-28, 1.8904992664e-28, 1.0993669527e-28, 1.4839894628e-28, 5.6743851251e-28, 2.9002251419e-28, 1.2950052886e-29, 2.4743140506e-28, 5.7043151352e-29, 2.7993087477e-29, 6.9719815377e-28, 2.4233782763e-28, 1.2115206964e-27, 1.3667744758e-28],
      [0, 1.5507184148, 0, 0.90833933588, 10.453908744, 2.7932318682, 7.4179020412, 1.4830788058, 2.5974193141, 3.5326652788, 4.8638408413, 11.6174406634, 3.231216063, 17.2179307127, 10.4369669114, 18.744597141, 6.0461716254, 12.0655420125, 10.8475061121, 2.1418638157, 5.9927375905, 4.1921135696, 3.0709762003, 3.1523316581, 0.83924097282, 5.61427114, 3.9956871876, 3.9495120644, 3.557546588, 9.7692058022, 5.6518131755, 0.43140564059, 3.4452557762, 1.7090326009, 0.70658216894, 17.423951708, 4.2216935073, 19.0780473261, 2.8883747655],
      [0, 1.2067866286e-07, 0, 1.3590819685e-07, 1.6526574347e-06, 4.0927342693e-07, 9.3263192748e-07, 1.2801812531e-07, 5.0117541241e-07, 4.6191183865e-07, 7.9876661398e-07, 1.3071071158e-06, 4.9160745985e-07, 1.8012799414e-06, 1.0222166651e-06, 1.8013006724e-06, 7.5351977726e-07, 1.0456074173e-06, 1.1968186169e-06, 2.7755421961e-07, 7.5616838999e-07, 4.8127461716e-07, 4.1876930058e-07, 3.8968416632e-07, 9.2392930596e-08, 7.0302138628e-07, 4.3765924338e-07, 4.5672863644e-07, 4.3250772267e-07, 1.2076395283e-06, 5.9981496811e-07, 3.7363774812e-08, 6.1361220978e-07, 1.747806372e-07, 2.0172051614e-07, 1.8756920612e-06, 4.7242638592e-07, 2.8147367129e-06, 5.1596100176e-07]
    ],
    [
      [5.4601971829e-16, 5.9995137784e-15, 1.0035286837e-16, 2.4176215328e-14, 1.1519127349e-13, 8.7339100187e-14, 1.5334835053e-13, 8.6090141185e-15, 1.6789127207e-13, 1.0569931557e-13, 3.9072904599e-14, 1.4983101056e-14, 2.7452159856e-14, 1.2430277338e-13, 2.0776672673e-14, 6.0576069963e-14, 3.9418828662e-14, 5.5877916505e-14, 1.2066022955e-14, 6.5106272364e-14, 9.9823717309e-14, 6.5257437647e-14, 3.9774309293e-14, 4.7426904633e-14, 5.842217631e-14, 9.8487173054e-14, 6.0598048501e-14, 4.3485099795e-14, 7.8012851824e-14, 7.6482154445e-14, 3.3294257546e-14, 1.6698959157e-14, 1.9317218374e-14, 1.674619315e-14, 2.9819555948e-15, 1.9385724281e-13, 4.6778285776e-14, 3.8820385719e-13, 2.8638683814e-15],
      [0.062893769329, 0.076209149657, 0.032350315264, 0.18730865591, 2.3975288364, 0.83762771995, 2.6117019556, 0.19627900471, 1.3440715815, 1.8882924217, 0.80877430133, 0.31411066297, 0.12430906995, 0.36007405992, 0.12727048604, 0.32701380122, 0.19376393853, 0.40718487289, 0.34881210091, 0.5925991111, 1.9396049911, 1.6694118386, 1.0302578628, 1.8102440555, 1.3810056568, 2.945100971, 1.3682912591, 0.83527910274, 1.1727524361, 1.7864280494, 1.4354901304, 0.62308572625, 0.93423028308, 0.44686625469, 0.076339278107, 2.922834283, 0.60816466038, 4.2185888073, 0.25827457931],
      [2.003794755, 5.5402623121, 0.99124235482, 8.6788746807, 71.5184686222, 27.2744884674, 66.1017239123, 6.6748677464, 37.5416975469, 49.2587039149, 29.3359623018, 16.8719875611, 11.4635185254, 51.4891166107, 13.3831660905, 32.5504063789, 17.2912632376, 23.4053157017, 15.4936675948, 14.2360140872, 77.3618569599, 56.4301769206, 38.214695454, 60.1466683776, 40.19102735, 82.8686760518, 50.7841465836, 46.8646040075, 44.5541692241, 50.1173252449, 42.2257459306, 29.6309012431, 24.4614234633, 22.2787473537, 2.7709835616, 128.2237647944, 17.4935801452, 98.799094493, 9.9454247464],
      [1.9333114756, 2.3835285382, 2.9764073299, 7.1338166634, 63.0840025414, 20.8878838126, 44.2865741321, 3.1288532489, 31.1142308716, 34.8530036634, 24.8552633969, 10.8139017759, 9.4121724047, 30.1508093294, 6.4895634235, 17.1225798199, 11.5149728238, 13.1874994254, 9.1575203043, 10.1713868017, 51.698538049, 35.9004112408, 27.7550466832, 40.043087567, 23.4279669933, 55.1862229772, 30.8475621574, 30.3001168897, 29.2730783398, 32.0962467057, 25.3387639391, 14.7460130307, 21.6043462536, 10.2743863916, 6.1526771603, 70.8534009226, 9.8982551945, 84.9823166997, 8.7963006743]
    ]
  ],
  "prob": [
    [0.031557691601, 1.4504302707e-08, 0.87269606866, 0.095746225238],
    [3.0205187484e-34, 0.69131304281, 0.21012144899, 0.098565508201],
    [3.0148143594e-27, 0.27738159259, 0.68112437939, 0.041494028025],
    [0.81086462455, 8.7702659487e-30, 0.18913535139, 2.4053290793e-08],
    [1.1266618097e-15, 0.016836503175, 0.58705777215, 0.39610572468]
  ],
  "iterations": 374,
  "time": 36.112586,
  "message": "Converged",
  "status": 0,
  "miniter": 0,
  "maxiter": 1000,
  "maxtime": 3600,
  "param_threshold": 0.001,
  "ll_threshold": "-Inf",
  "initial_prob": "group_proportional",
  "candidates_id": ["LEAVASA, Tevaga Sione.c", "BAKSHI, Kanwaljit Singh.c", "ROBERTSON, Harold Valentine Ross.c", "Other candidates votes.c"],
  "group_id": ["Labour Party.p", "National Party.p", "New Zealand First Party.p", "New Zealand Pacific Party.p", "Other parties votes.p"]
}
