{
  "X": [
    [101, 133, 25],
    [22, 4, 4],
    [70, 19, 10],
    [140, 59, 36],
    [61, 12, 13],
    [21, 22, 9],
    [37, 72, 5],
    [39, 65, 7],
    [108, 81, 18],
    [111, 79, 26],
    [266, 204, 76],
    [247, 84, 44],
    [1850, 1487, 404],
    [401, 346, 113],
    [109, 100, 15],
    [65, 18, 20],
    [1089, 805, 227],
    [48, 89, 10],
    [211, 86, 53],
    [1931, 701, 405],
    [1309, 1499, 264],
    [63, 65, 15],
    [1582, 1798, 314],
    [67, 107, 10],
    [27, 34, 7],
    [431, 456, 87],
    [71, 92, 19],
    [130, 109, 28],
    [75, 106, 29],
    [13, 18, 3],
    [4, 28, 5],
    [65, 96, 27],
    [60, 108, 24],
    [6, 10, 2],
    [44, 35, 10],
    [34, 30, 14],
    [0, 6, 0],
    [1, 44, 1],
    [96, 39, 24],
    [84, 26, 13],
    [4, 78, 2],
    [18, 48, 9],
    [8, 72, 9],
    [2, 8, 2],
    [3, 7, 1],
    [43, 175, 28],
    [6, 82, 5],
    [3, 4, 0],
    [10, 69, 9],
    [16, 63, 7],
    [2, 8, 2],
    [3, 78, 1],
    [116, 111, 29],
    [72, 34, 15],
    [54, 30, 10],
    [93, 119, 27],
    [80, 72, 26],
    [113, 82, 32],
    [189, 91, 42],
    [62, 108, 18],
    [94, 96, 20],
    [137, 167, 35],
    [155, 221, 41],
    [77, 47, 29],
    [72, 160, 15],
    [62, 117, 15],
    [136, 54, 40],
    [85, 91, 15],
    [53, 20, 13],
    [31, 11, 4],
    [70, 135, 26],
    [80, 93, 23],
    [155, 93, 41],
    [316, 146, 70],
    [199, 120, 52],
    [76, 97, 18],
    [184, 371, 65],
    [92, 158, 13],
    [58, 66, 13],
    [186, 269, 49],
    [47, 143, 20],
    [6, 81, 6],
    [84, 218, 29],
    [4, 6, 0],
    [9, 44, 4],
    [21, 100, 13],
    [87, 222, 21],
    [55, 98, 22],
    [114, 82, 33],
    [47, 45, 13],
    [12, 83, 5],
    [13, 53, 10],
    [188, 297, 46],
    [50, 175, 34],
    [131, 268, 46],
    [19, 53, 9],
    [13, 87, 6],
    [4, 4, 5],
    [5, 15, 1],
    [23, 98, 9],
    [60, 80, 14],
    [26, 147, 17],
    [63, 119, 17],
    [26, 105, 18],
    [20, 44, 6],
    [21, 61, 7],
    [110, 172, 31],
    [1, 7, 0],
    [3, 21, 3],
    [6, 10, 2],
    [39, 42, 5],
    [33, 141, 20],
    [85, 201, 35],
    [242, 145, 68],
    [1115, 787, 375],
    [615, 626, 274],
    [4, 6, 2]
  ],
  "W": [
    [5, 0, 112, 124, 4, 14],
    [1, 0, 20, 5, 1, 3],
    [9, 2, 69, 12, 2, 5],
    [18, 8, 143, 34, 14, 18],
    [2, 5, 64, 11, 0, 4],
    [5, 8, 18, 14, 0, 7],
    [15, 0, 39, 51, 0, 9],
    [11, 3, 40, 51, 0, 6],
    [12, 2, 119, 51, 9, 14],
    [21, 6, 120, 46, 9, 14],
    [43, 12, 299, 130, 25, 37],
    [24, 14, 256, 46, 12, 23],
    [338, 139, 2038, 942, 77, 207],
    [70, 68, 407, 213, 18, 84],
    [10, 10, 122, 72, 2, 8],
    [11, 1, 65, 9, 3, 14],
    [181, 133, 1135, 504, 43, 125],
    [15, 6, 63, 47, 2, 14],
    [20, 17, 222, 53, 16, 22],
    [177, 103, 1999, 410, 121, 227],
    [316, 72, 1428, 1036, 79, 141],
    [13, 4, 76, 38, 2, 10],
    [286, 118, 1720, 1264, 97, 209],
    [24, 1, 67, 80, 6, 6],
    [9, 3, 28, 23, 0, 5],
    [125, 31, 473, 286, 17, 42],
    [26, 6, 73, 59, 6, 12],
    [26, 18, 131, 68, 7, 17],
    [24, 9, 80, 84, 6, 7],
    [6, 2, 14, 10, 1, 1],
    [6, 0, 6, 22, 0, 3],
    [16, 10, 59, 77, 6, 20],
    [33, 5, 60, 76, 7, 11],
    [3, 0, 6, 7, 1, 1],
    [5, 0, 44, 27, 2, 11],
    [1, 0, 40, 28, 3, 6],
    [0, 0, 0, 6, 0, 0],
    [11, 0, 1, 29, 0, 5],
    [7, 9, 96, 22, 10, 15],
    [7, 2, 84, 17, 6, 7],
    [16, 0, 9, 56, 2, 1],
    [11, 1, 18, 39, 0, 6],
    [19, 2, 12, 46, 3, 7],
    [2, 1, 2, 6, 0, 1],
    [0, 2, 3, 4, 0, 2],
    [28, 5, 52, 128, 8, 25],
    [18, 0, 7, 61, 1, 6],
    [0, 0, 2, 4, 0, 1],
    [16, 0, 9, 52, 3, 8],
    [17, 0, 19, 43, 3, 4],
    [2, 0, 2, 6, 0, 2],
    [16, 0, 5, 58, 2, 1],
    [25, 3, 129, 68, 12, 19],
    [4, 2, 83, 22, 4, 6],
    [2, 2, 57, 22, 4, 7],
    [42, 6, 103, 63, 10, 15],
    [15, 7, 91, 44, 8, 13],
    [14, 9, 128, 40, 9, 27],
    [19, 4, 198, 57, 22, 22],
    [24, 6, 76, 57, 7, 18],
    [26, 2, 102, 58, 10, 12],
    [33, 11, 165, 101, 10, 19],
    [47, 17, 186, 135, 8, 24],
    [16, 6, 91, 22, 4, 14],
    [22, 5, 84, 120, 5, 11],
    [19, 3, 90, 71, 2, 9],
    [10, 13, 136, 30, 12, 29],
    [12, 7, 87, 58, 7, 20],
    [7, 3, 51, 11, 3, 11],
    [2, 0, 33, 5, 1, 5],
    [26, 10, 86, 86, 5, 18],
    [19, 8, 80, 67, 7, 15],
    [24, 9, 163, 51, 17, 25],
    [35, 15, 339, 85, 20, 38],
    [27, 9, 233, 60, 16, 26],
    [17, 6, 88, 58, 9, 13],
    [82, 16, 213, 252, 27, 30],
    [32, 14, 105, 99, 4, 9],
    [13, 4, 82, 25, 3, 10],
    [54, 15, 210, 163, 24, 38],
    [23, 1, 57, 106, 9, 14],
    [13, 0, 10, 62, 1, 7],
    [51, 2, 97, 146, 15, 20],
    [4, 0, 4, 2, 0, 0],
    [7, 0, 9, 38, 2, 1],
    [37, 2, 28, 63, 3, 1],
    [37, 3, 112, 147, 13, 18],
    [28, 6, 58, 68, 4, 11],
    [23, 22, 109, 52, 8, 15],
    [20, 3, 46, 26, 4, 6],
    [16, 2, 10, 67, 2, 3],
    [7, 1, 15, 45, 6, 2],
    [66, 15, 220, 182, 18, 30],
    [38, 1, 62, 124, 17, 17],
    [57, 9, 134, 192, 17, 36],
    [10, 1, 14, 40, 8, 8],
    [12, 0, 14, 74, 1, 5],
    [3, 0, 5, 5, 0, 0],
    [2, 0, 6, 11, 2, 0],
    [14, 1, 32, 77, 3, 3],
    [20, 5, 67, 51, 8, 3],
    [22, 2, 28, 122, 7, 9],
    [17, 3, 65, 94, 4, 16],
    [27, 0, 30, 75, 6, 11],
    [5, 2, 19, 38, 2, 4],
    [12, 2, 19, 48, 2, 6],
    [46, 7, 128, 103, 12, 17],
    [2, 0, 1, 4, 0, 1],
    [3, 0, 4, 18, 1, 1],
    [3, 0, 6, 7, 1, 1],
    [10, 0, 43, 24, 4, 5],
    [37, 1, 37, 98, 13, 8],
    [52, 4, 88, 142, 5, 30],
    [22, 47, 255, 90, 5, 36],
    [153, 121, 1188, 572, 58, 185],
    [176, 65, 673, 425, 41, 135],
    [1, 0, 3, 7, 1, 0]
  ],
  "method": "mvn_pdf",
  "cond_prob": [
    [
      [0.0024694369565, 0.80978988798, 0.18774067506],
      [0.56447611561, 0.059013594069, 0.37651029032],
      [0.86213435236, 0.062998221543, 0.074867426099],
      [0.00033334532617, 0.95970845349, 0.039958201184],
      [0.32241705071, 0.22200889598, 0.4555740533],
      [0.1954493144, 0.17250422131, 0.63204646429]
    ],
    [
      [0.0080904712505, 0.67272836728, 0.31918116147],
      [0.75108958122, 0.015185098141, 0.23372532064],
      [0.95147753057, 0.012956141277, 0.035566328157],
      [0.0012055454812, 0.92753621053, 0.071258243991],
      [0.53730162206, 0.072836631196, 0.38986174674],
      [0.3345867485, 0.059841418625, 0.60557183288]
    ],
    [
      [0.0050056149119, 0.77780083317, 0.21719355191],
      [0.70318701919, 0.033213926362, 0.26359905445],
      [0.92481657599, 0.030453336398, 0.044730087611],
      [0.00069262836779, 0.95231065759, 0.046996714047],
      [0.47210820241, 0.14768516089, 0.38020663669],
      [0.30574256918, 0.12304098171, 0.57121644911]
    ],
    [
      [0.0029006318104, 0.79532985385, 0.20176951434],
      [0.58804126698, 0.05203699364, 0.35992173938],
      [0.87531961422, 0.054345747889, 0.07033463789],
      [0.00039746237716, 0.95593980029, 0.043662737335],
      [0.34817885836, 0.20199609827, 0.44982504337],
      [0.21328599458, 0.15847564436, 0.62823836107]
    ],
    [
      [0.0035637828112, 0.64560576648, 0.35083045071],
      [0.51823507037, 0.028447783641, 0.45331714598],
      [0.87069276314, 0.033327635515, 0.095979601346],
      [0.00056373416253, 0.91354785674, 0.085888409093],
      [0.30897157244, 0.11141452678, 0.57961390078],
      [0.17160209924, 0.07920447464, 0.74919342612]
    ],
    [
      [0.0016994160283, 0.87820164447, 0.12009893951],
      [0.57350905928, 0.081514662374, 0.34497627835],
      [0.85289680893, 0.082820970159, 0.064282220908],
      [0.00021269395668, 0.97616146379, 0.023625842256],
      [0.30380775976, 0.29951535822, 0.39667688201],
      [0.18829299194, 0.2380503793, 0.57365662875]
    ],
    [
      [0.0018447943315, 0.93870679289, 0.059448412775],
      [0.7068213573, 0.10451468208, 0.18866396062],
      [0.87959438586, 0.090014330586, 0.030391283554],
      [0.00022190480363, 0.98845361391, 0.011324481286],
      [0.38483085837, 0.39147781645, 0.22369132518],
      [0.27298698447, 0.35858680453, 0.368426211]
    ],
    [
      [0.0021980151783, 0.90515009818, 0.092651886644],
      [0.67780886753, 0.081576209063, 0.2406149234],
      [0.88593630289, 0.07367130533, 0.040392391782],
      [0.00027119674213, 0.98169619059, 0.018032612665],
      [0.38614982715, 0.3169356217, 0.29691455115],
      [0.2600952571, 0.27520808265, 0.46469666025]
    ],
    [
      [0.0017156485443, 0.90807373271, 0.090210618747],
      [0.61321011624, 0.10352243654, 0.28326744722],
      [0.84819922889, 0.10040859019, 0.051392180924],
      [0.00021197442855, 0.98215185048, 0.017636175095],
      [0.32338564422, 0.36093284975, 0.31568150603],
      [0.21469897112, 0.30670947996, 0.47859154892]
    ],
    [
      [0.0020038912973, 0.86209405451, 0.13590205419],
      [0.57667144174, 0.079487515861, 0.34384104239],
      [0.851306088, 0.082219870465, 0.06647404153],
      [0.0002578065164, 0.97210962441, 0.027632569076],
      [0.31566925574, 0.28667048992, 0.39766025434],
      [0.19849995115, 0.23079993882, 0.57070011004]
    ],
    [
      [0.0017998086209, 0.83670057489, 0.16149961649],
      [0.51385684127, 0.078631348316, 0.40751181041],
      [0.82472150332, 0.088784303238, 0.086494193446],
      [0.00023760838715, 0.96599198785, 0.033770403764],
      [0.27282965519, 0.27261101276, 0.45455933205],
      [0.16506747944, 0.21100993521, 0.62392258535]
    ],
    [
      [0.0029441844352, 0.82720476511, 0.16985105046],
      [0.62467300696, 0.057357908386, 0.31796908465],
      [0.88349285979, 0.057079032557, 0.059428107654],
      [0.00039186854433, 0.96383954112, 0.035768590335],
      [0.37434872322, 0.22467384179, 0.40097743498],
      [0.23794384928, 0.18276951971, 0.579286631]
    ],
    [
      [0.0018497951788, 0.86881826176, 0.12933194306],
      [0.56328192356, 0.088296594842, 0.3484214816],
      [0.83824495233, 0.092687219096, 0.069067828572],
      [0.000237380117, 0.97342927306, 0.026333346823],
      [0.30165907189, 0.3074057257, 0.39093520241],
      [0.19106217055, 0.24905096902, 0.55988686043]
    ],
    [
      [0.0017373716787, 0.8843918316, 0.11387079672],
      [0.57228842351, 0.096379392006, 0.33133218448],
      [0.83644190027, 0.09923757759, 0.064320522144],
      [0.00021967210717, 0.97694793635, 0.022832391546],
      [0.30182598324, 0.3314889698, 0.36668504696],
      [0.19393577922, 0.27247644593, 0.53358777485]
    ],
    [
      [0.0013929104588, 0.92238130624, 0.076225783304],
      [0.59059777103, 0.12441243812, 0.28498979085],
      [0.82570799423, 0.12204624703, 0.052245758745],
      [0.00016999442424, 0.98510222138, 0.014727784196],
      [0.29293248733, 0.40878530845, 0.29828220422],
      [0.19573129401, 0.34921323841, 0.45505546758]
    ],
    [
      [0.0040396256299, 0.70888917889, 0.28707119548],
      [0.59843154466, 0.032462106243, 0.36910634909],
      [0.89528058678, 0.033750780956, 0.070968632265],
      [0.00060094071453, 0.93250762973, 0.06689142956],
      [0.3736210119, 0.13370849638, 0.49267049172],
      [0.22197273608, 0.10216900973, 0.67585825419]
    ],
    [
      [0.0020219055121, 0.87645987188, 0.12151822261],
      [0.59670192698, 0.086146008242, 0.31715206478],
      [0.85282497492, 0.0868294209, 0.060345604177],
      [0.00025762371158, 0.97517908005, 0.024563296236],
      [0.32752756707, 0.30761066788, 0.36486176504],
      [0.21180491176, 0.25446241487, 0.53373267338]
    ],
    [
      [0.00035568811184, 0.97179855608, 0.027845755804],
      [0.39307039615, 0.33516435315, 0.2717652507],
      [0.59358375191, 0.35309834795, 0.053317900143],
      [4.1798511664e-05, 0.99475379074, 0.0052044107508],
      [0.12143251789, 0.70097310762, 0.17759437449],
      [0.085581848897, 0.62897797872, 0.28544017239]
    ],
    [
      [0.0025646243144, 0.79023329902, 0.20720207667],
      [0.5511492704, 0.055469100413, 0.39338162919],
      [0.85846171044, 0.060749919001, 0.08078837056],
      [0.00035360652957, 0.95447020679, 0.045176186679],
      [0.31649323371, 0.20817097694, 0.47533578934],
      [0.19026477852, 0.16013435794, 0.64960086354]
    ],
    [
      [0.0029297267347, 0.81172476432, 0.18534550894],
      [0.60528517801, 0.055958903588, 0.3387559184],
      [0.87737585102, 0.057218499661, 0.065405649314],
      [0.00039671898282, 0.95978726282, 0.039816018197],
      [0.36054285437, 0.21665967677, 0.42279746886],
      [0.22621323015, 0.17389041291, 0.59989635694]
    ],
    [
      [0.0018816189139, 0.88692325963, 0.11119512146],
      [0.59533912012, 0.093557158027, 0.31110372186],
      [0.84715669034, 0.093890584311, 0.058952725353],
      [0.00023751789762, 0.97749249373, 0.022269988369],
      [0.32079927858, 0.32787658343, 0.35132413799],
      [0.20901539867, 0.2732795279, 0.51770507343]
    ],
    [
      [0.0010150957871, 0.91363948413, 0.085345420079],
      [0.49411997119, 0.13905378921, 0.3668262396],
      [0.7738636451, 0.15188204657, 0.074254308335],
      [0.00012465992475, 0.98330645984, 0.016568880237],
      [0.22458993589, 0.42236857273, 0.35304149138],
      [0.14276679813, 0.34298431887, 0.514248883]
    ],
    [
      [0.0016441475568, 0.90330178866, 0.095054063781],
      [0.59009535387, 0.1081583342, 0.30174631192],
      [0.8351405806, 0.10797162031, 0.056887799091],
      [0.00020453236556, 0.98103254278, 0.018762924852],
      [0.30643893492, 0.3652300604, 0.32833100468],
      [0.20212733896, 0.30815822349, 0.48971443755]
    ],
    [
      [0.002991362281, 0.89850896023, 0.098499677485],
      [0.72840920538, 0.06737501455, 0.20421578007],
      [0.90814866349, 0.058572106481, 0.033279230029],
      [0.00037237277811, 0.98024689626, 0.019380730958],
      [0.45066812237, 0.27862110364, 0.27071077398],
      [0.31459406565, 0.25050739091, 0.43489854344]
    ],
    [
      [0.0019507480391, 0.88221205713, 0.11583719483],
      [0.6145082652, 0.077987819017, 0.30750391578],
      [0.87005628402, 0.07541660501, 0.05452711097],
      [0.00024426306041, 0.97698339509, 0.022772341845],
      [0.33694833454, 0.29510702381, 0.36794464165],
      [0.2132590207, 0.24071950064, 0.54602147866]
    ],
    [
      [0.0018161726641, 0.88637716957, 0.11180665777],
      [0.58649353701, 0.094708322598, 0.31879814039],
      [0.84323219542, 0.095910690053, 0.060857114529],
      [0.00022924714119, 0.97739192589, 0.022378826965],
      [0.31307701751, 0.32971100629, 0.35721197621],
      [0.20275045294, 0.27319950443, 0.52405004262]
    ],
    [
      [0.0020167014988, 0.88173117605, 0.11625212245],
      [0.61054040255, 0.08386686314, 0.30559273431],
      [0.86127246003, 0.082521784738, 0.056205755236],
      [0.00025476088137, 0.97653152411, 0.023213715011],
      [0.33599366726, 0.30655760643, 0.3574487263],
      [0.21709467261, 0.25411892605, 0.52878640134]
    ],
    [
      [0.0020370144382, 0.88663812391, 0.11132486165],
      [0.61728539172, 0.086471314461, 0.29624329382],
      [0.86094666016, 0.084646198899, 0.054407140944],
      [0.00025653364483, 0.97755149634, 0.022191970019],
      [0.34075106223, 0.31420048602, 0.34504845175],
      [0.22288480803, 0.26311425649, 0.51400093548]
    ],
    [
      [0.0022492801234, 0.76054322366, 0.23720749621],
      [0.49227441328, 0.05279660502, 0.4549289817],
      [0.83735407989, 0.062506687663, 0.10013923245],
      [0.00031834818657, 0.94678489926, 0.052896752553],
      [0.27273715738, 0.19280382424, 0.53445901838],
      [0.15640046189, 0.14177536308, 0.70182417503]
    ],
    [
      [0.0011249494488, 0.9253194039, 0.073555646654],
      [0.57569009909, 0.11372049997, 0.31058940093],
      [0.83731006331, 0.10935243815, 0.053337498532],
      [0.00013519056176, 0.98596509315, 0.013899716287],
      [0.27132038162, 0.39856723427, 0.3301123841],
      [0.17187103785, 0.32422746508, 0.50390149708]
    ],
    [
      [0.00041902715564, 0.84715343996, 0.15242753288],
      [0.20739185062, 0.10673028183, 0.68587786755],
      [0.65185295683, 0.16803833768, 0.18010870549],
      [5.3192065195e-05, 0.97006818542, 0.029878622513],
      [0.077770419977, 0.3127108722, 0.60951870782],
      [0.040185134634, 0.2036278308, 0.75618703457]
    ],
    [
      [0.0027253385482, 0.82718232322, 0.17009233824],
      [0.61122856356, 0.058235267352, 0.33053616909],
      [0.87960814751, 0.05839762784, 0.061994224646],
      [0.00036156594608, 0.96400060197, 0.035637832081],
      [0.35967186702, 0.22689235567, 0.41343577731],
      [0.22512426746, 0.18238593241, 0.59248980012]
    ],
    [
      [0.0024826723349, 0.82558728489, 0.17193004278],
      [0.58767789901, 0.061187224482, 0.35113487651],
      [0.86976257635, 0.062868279051, 0.067369144596],
      [0.00033000461775, 0.9635955215, 0.036074473884],
      [0.33733540597, 0.23306159363, 0.4296030004],
      [0.20791588049, 0.18470774546, 0.60737637405]
    ],
    [
      [0.0019917418641, 0.87775957523, 0.1202486829],
      [0.68948506993, 0.048566713814, 0.26194821626],
      [0.92610466452, 0.037878246355, 0.03601708913],
      [0.00024089492603, 0.9774898737, 0.022269231374],
      [0.38266492054, 0.22333807634, 0.39399700311],
      [0.21653006078, 0.17357271758, 0.60989722165]
    ],
    [
      [0.0031258626295, 0.85876946065, 0.13810467673],
      [0.68638900311, 0.055795148582, 0.25781584831],
      [0.9053756626, 0.050968014312, 0.043656323093],
      [0.00040097986757, 0.97176486603, 0.027834154102],
      [0.42397685769, 0.23218976429, 0.34383337802],
      [0.2784287614, 0.19655757225, 0.52501366636]
    ],
    [
      [0.0019121367048, 0.66910178703, 0.32898607626],
      [0.37859201524, 0.039646426877, 0.58176155788],
      [0.79449928197, 0.056906836829, 0.1485938812],
      [0.00029436684537, 0.92141240807, 0.078293225089],
      [0.20013284938, 0.13922393946, 0.66064321116],
      [0.10401326732, 0.092671726679, 0.803315006]
    ],
    [
      [0.00068104063058, 0.91931759959, 0.08000135978],
      [0.58371107391, 0.069172620818, 0.34711630527],
      [0.89463856619, 0.053154789566, 0.052206644248],
      [1.0223373333e-196, 0.99982930335, 0.00017069665068],
      [0.23786955741, 0.32862522528, 0.43350521731],
      [0.1376937194, 0.2525504735, 0.60975580709]
    ],
    [
      [0.00016803369402, 0.97561044194, 0.02422152437],
      [0.32876049983, 0.36759830191, 0.30364119826],
      [0.6050460899, 0.34273084681, 0.052223063297],
      [1.9876516625e-05, 0.99540724223, 0.0045728812508],
      [0.062827222925, 0.75665079176, 0.18052198531],
      [0.045003903672, 0.66301845455, 0.29197764178]
    ],
    [
      [0.0024926899306, 0.8404880671, 0.15701924297],
      [0.60228584515, 0.064446437326, 0.33326771752],
      [0.87161477468, 0.065335241462, 0.063049983856],
      [0.00032663752754, 0.96720034245, 0.032473020025],
      [0.34765229386, 0.24533085432, 0.40701685182],
      [0.21831706966, 0.19727971491, 0.58440321542]
    ],
    [
      [0.0039035802956, 0.81513227141, 0.1809641483],
      [0.68079043031, 0.044158530066, 0.27505103962],
      [0.9108651033, 0.04131137244, 0.047823524261],
      [0.00052256387852, 0.96141295213, 0.038064483987],
      [0.43665302583, 0.18727055479, 0.37607641938],
      [0.28292121083, 0.15572378781, 0.56135500136]
    ],
    [
      [7.7161488346e-05, 0.96755738077, 0.032365457741],
      [0.11334710964, 0.43232124778, 0.45433164257],
      [0.28169133857, 0.60589017797, 0.11241848346],
      [9.1161330637e-06, 0.99390865241, 0.0060822314571],
      [0.024975597492, 0.74318174803, 0.23184265448],
      [0.017345302726, 0.62508038536, 0.35757431192]
    ],
    [
      [0.0026885101495, 0.80753725593, 0.18977423392],
      [0.60924705906, 0.049028265174, 0.34172467577],
      [0.89182281503, 0.047517069423, 0.060660115551],
      [0.00035928964676, 0.96002943086, 0.039611279495],
      [0.3550943607, 0.19905410905, 0.44585153025],
      [0.21165072207, 0.15552734301, 0.63282193492]
    ],
    [
      [0.00027639173823, 0.9393264026, 0.060397205657],
      [0.25560156544, 0.25649459096, 0.4879038436],
      [0.53186578058, 0.34747601002, 0.12065820939],
      [3.3219772214e-05, 0.98847413857, 0.011492641655],
      [0.081073130334, 0.5791819258, 0.33974494386],
      [0.050939983783, 0.46033524246, 0.48872477375]
    ],
    [
      [0.00052650268404, 0.88722031272, 0.11225318459],
      [0.34408065808, 0.072803113232, 0.58311622869],
      [0.84834886011, 0.066113553795, 0.085537586098],
      [6.0190378617e-05, 0.9801197772, 0.019820032419],
      [0.12314466327, 0.25932004834, 0.61753528838],
      [0.058702177958, 0.15289657078, 0.78840125126]
    ],
    [
      [8.505477811e-05, 0.99476277143, 0.0051521737963],
      [0.33761265415, 0.47743468511, 0.18495266074],
      [0.51567889255, 0.45352906426, 0.030792043181],
      [1.1284329273e-05, 0.9987768879, 0.0012118277694],
      [0.045354055013, 0.89658442935, 0.058061515641],
      [0.039398129936, 0.84229570693, 0.11830616314]
    ],
    [
      [0.0006736333241, 0.91759080657, 0.081735560102],
      [0.40063280016, 0.17372026973, 0.42564693011],
      [0.69512272367, 0.20913376556, 0.095743510771],
      [8.2580308471e-05, 0.98404403671, 0.015873382986],
      [0.16278117437, 0.47030730396, 0.36691152166],
      [0.1017430846, 0.37585832645, 0.52239858895]
    ],
    [
      [0.0005401061191, 0.94039800941, 0.059061884473],
      [0.44013433273, 0.19567550415, 0.36419016312],
      [0.72977697296, 0.20121071293, 0.069012314108],
      [6.4829754496e-05, 0.988711364, 0.011223806247],
      [0.15683782563, 0.5344528084, 0.30870936597],
      [0.099740714548, 0.44014739118, 0.46011189428]
    ],
    [
      [0.0045138663765, 0.98133724674, 0.014148886888],
      [0.99965968056, 0.00028195054298, 5.8368898649e-05],
      [0.99907542211, 0.00062284501947, 0.00030173287172],
      [0.00053126792963, 0.99602190415, 0.0034468279252],
      [0.98063335018, 0.014111610113, 0.0052550397073],
      [0.91169346749, 0.049504382094, 0.038802150415]
    ],
    [
      [0.001472106126, 0.89058426575, 0.10794362812],
      [0.57978672992, 0.092691349092, 0.32752192098],
      [0.85263486755, 0.089075133618, 0.058289998827],
      [0.00018356507096, 0.9785938962, 0.021222538727],
      [0.29109602531, 0.33469391819, 0.37421005651],
      [0.18042171729, 0.27172316085, 0.54785512186]
    ],
    [
      [0.00093133961927, 0.91264618584, 0.086422474541],
      [0.48970671874, 0.13488876451, 0.37540451675],
      [0.78377911683, 0.1431931673, 0.073027715872],
      [0.00011416132353, 0.98317820486, 0.016707633815],
      [0.21522646299, 0.41877466969, 0.36599886732],
      [0.1336015194, 0.33540130079, 0.53099717981]
    ],
    [
      [0.00080574730108, 0.88183472968, 0.11735952302],
      [0.54665056299, 0.060011802173, 0.39333763483],
      [0.92165384032, 0.035882160393, 0.042463999284],
      [9.4088294789e-05, 0.97888747891, 0.021018432795],
      [0.2018098543, 0.25003929351, 0.54815085219],
      [0.092784507597, 0.16309894234, 0.74411655006]
    ],
    [
      [0.0001508463694, 0.9666122808, 0.033236872833],
      [0.22515994653, 0.37520705153, 0.39963300194],
      [0.48569388393, 0.43142122042, 0.082884895656],
      [1.7831672227e-05, 0.99373435216, 0.006247816168],
      [0.050175017596, 0.71940208363, 0.23042289877],
      [0.03445603553, 0.60875394139, 0.35679002308]
    ],
    [
      [0.0016600024321, 0.88414172341, 0.11419827415],
      [0.56295276195, 0.096577313398, 0.34046992465],
      [0.83360773211, 0.10023262197, 0.066159645924],
      [0.00020953965547, 0.97698109126, 0.022809369082],
      [0.29355453044, 0.33168634959, 0.37475911997],
      [0.18671849168, 0.27007850498, 0.54320300334]
    ],
    [
      [0.0018357715965, 0.83519821587, 0.16296601253],
      [0.51803833887, 0.073395301468, 0.40856635966],
      [0.83316312961, 0.082470789986, 0.084366080405],
      [0.00024099194077, 0.96615849064, 0.033600517421],
      [0.27684502146, 0.26018334381, 0.46297163473],
      [0.16523971619, 0.19846674863, 0.63629353518]
    ],
    [
      [0.0022945266532, 0.87083638649, 0.12686908686],
      [0.62594358913, 0.071776296896, 0.30228011397],
      [0.87572599059, 0.069935290716, 0.054338718697],
      [0.00029126780381, 0.97439404674, 0.025314685452],
      [0.35710095023, 0.27442267562, 0.36847637415],
      [0.22868330208, 0.22518794058, 0.54612875735]
    ],
    [
      [0.001474850988, 0.89126567582, 0.10725947319],
      [0.54617722188, 0.10582103459, 0.34800174354],
      [0.82039667066, 0.11116125781, 0.068442071533],
      [0.00018498812888, 0.97852182511, 0.02129318676],
      [0.27571553669, 0.35280156058, 0.37148290272],
      [0.1751153671, 0.28697405488, 0.53791057802]
    ],
    [
      [0.0014103455643, 0.86003166379, 0.13855799064],
      [0.48516729919, 0.09415505757, 0.42067764324],
      [0.80106807869, 0.10863681188, 0.090295109422],
      [0.00018160407984, 0.97164272318, 0.028175672741],
      [0.24298420065, 0.31176957134, 0.44524622801],
      [0.14646521632, 0.24034180922, 0.61319297446]
    ],
    [
      [0.0012024832619, 0.90516300685, 0.093634509889],
      [0.51811910295, 0.12572276419, 0.35615813286],
      [0.79333610681, 0.1350556615, 0.071608231685],
      [0.00014900579326, 0.98147929919, 0.018371695021],
      [0.24704377861, 0.39517696927, 0.35777925212],
      [0.15768264045, 0.32247704014, 0.51984031941]
    ],
    [
      [0.0026702553995, 0.82755177486, 0.16977796974],
      [0.60197315195, 0.06074941031, 0.33727743774],
      [0.87352132179, 0.061952184395, 0.064526493814],
      [0.00035519597929, 0.96392535807, 0.035719445956],
      [0.35201429241, 0.23252473852, 0.41546096907],
      [0.2207154598, 0.18664714567, 0.59263739453]
    ],
    [
      [0.00060838599871, 0.94907599408, 0.050315619918],
      [0.44986625695, 0.22282522727, 0.32730851579],
      [0.69404852655, 0.24007336585, 0.065878107599],
      [7.2682716048e-05, 0.99039259052, 0.0095347267611],
      [0.17110830729, 0.56562361562, 0.26326807709],
      [0.11458331852, 0.48371386252, 0.40170281896]
    ],
    [
      [0.0018815595433, 0.8910013026, 0.10711713786],
      [0.60665418416, 0.091439802875, 0.30190601297],
      [0.85426738694, 0.090090003519, 0.055642609536],
      [0.00023594602039, 0.97851953208, 0.021244521897],
      [0.32777006405, 0.32675769014, 0.34547224581],
      [0.21341398732, 0.27263571001, 0.51395030267]
    ],
    [
      [0.00096683081428, 0.91390825171, 0.08512491748],
      [0.47953585518, 0.14732282608, 0.37314131874],
      [0.75872168202, 0.16361496867, 0.077663349308],
      [0.0001189760833, 0.98328370753, 0.016597316391],
      [0.21467878516, 0.43380282569, 0.35151838915],
      [0.13689356991, 0.35363238363, 0.50947404646]
    ],
    [
      [0.00089962872938, 0.92043390381, 0.078666467457],
      [0.47475622981, 0.15854294414, 0.36670082606],
      [0.74828572096, 0.17550603583, 0.07620824321],
      [0.00011011993334, 0.98462562968, 0.015264250383],
      [0.20756300474, 0.45525422568, 0.33718276958],
      [0.13346912119, 0.37427478935, 0.49225608946]
    ],
    [
      [0.0014684554216, 0.80013754157, 0.19839400301],
      [0.42169399107, 0.073106481219, 0.50519952771],
      [0.78386859324, 0.094835612564, 0.12129579419],
      [0.00019977055129, 0.95728270206, 0.04251752739],
      [0.21388749663, 0.24462151888, 0.54149098449],
      [0.12115329525, 0.17714055439, 0.70170615036]
    ],
    [
      [0.00098065835305, 0.93487370234, 0.064145639306],
      [0.53372335649, 0.1610943541, 0.30518228941],
      [0.77796961296, 0.16395391167, 0.058076475377],
      [0.00011849542224, 0.9875985359, 0.012282968674],
      [0.23681177052, 0.47616454013, 0.28702368935],
      [0.15772764467, 0.40586806975, 0.43640428558]
    ],
    [
      [0.00037142650341, 0.95328099989, 0.046347573604],
      [0.34142466868, 0.2784411322, 0.38013419911],
      [0.58383150566, 0.33211680354, 0.084051690792],
      [4.4226440505e-05, 0.99120049465, 0.0087552789116],
      [0.11359128075, 0.61996583708, 0.26644288217],
      [0.075189647233, 0.522666091, 0.40214426177]
    ],
    [
      [0.0025107134771, 0.82401138099, 0.17347790553],
      [0.58332971412, 0.061824137362, 0.35484614852],
      [0.86626688576, 0.064444029749, 0.06928908449],
      [0.00033472540971, 0.9631049854, 0.036560289189],
      [0.3357796332, 0.2334733741, 0.4307469927],
      [0.20781852233, 0.18498570479, 0.60719577287]
    ],
    [
      [0.0014535066644, 0.93741706172, 0.061129431617],
      [0.6366152557, 0.12975625716, 0.23362848714],
      [0.83958047538, 0.11991604572, 0.040503478904],
      [0.00017525468553, 0.98814173619, 0.011683009128],
      [0.31923638287, 0.43268545378, 0.24807816335],
      [0.22175963297, 0.38485040192, 0.39338996512]
    ],
    [
      [0.0035548070261, 0.81634211601, 0.18010307696],
      [0.6641755711, 0.046022619249, 0.28980180965],
      [0.90551708514, 0.043601620719, 0.050881294137],
      [0.00047405858628, 0.96182815422, 0.037697787198],
      [0.41697166234, 0.19267474435, 0.39035359331],
      [0.2658301138, 0.15801729497, 0.57615259123]
    ],
    [
      [0.0021772491136, 0.91324944927, 0.084573301618],
      [0.69100944813, 0.079516067995, 0.22947448388],
      [0.89174243918, 0.070860647306, 0.037396913509],
      [0.00026534632251, 0.9835496107, 0.01618504298],
      [0.39653160241, 0.31658930094, 0.28687909665],
      [0.26757820734, 0.27433175853, 0.45809003413]
    ],
    [
      [0.00070941526368, 0.92322381881, 0.076066765927],
      [0.4233269517, 0.17625205346, 0.40042099483],
      [0.70719127346, 0.20560181625, 0.087206910295],
      [8.6551784031e-05, 0.98521157738, 0.014701870839],
      [0.1735912502, 0.47968779283, 0.34672095697],
      [0.11015099323, 0.38881850575, 0.50103050102]
    ],
    [
      [0.0022744258277, 0.8614646149, 0.13626095927],
      [0.60908292642, 0.072916963685, 0.31800010989],
      [0.86818492394, 0.072607948664, 0.059207127401],
      [0.00029256439164, 0.97201150356, 0.02769593205],
      [0.34486487336, 0.27321509026, 0.38192003638],
      [0.21983846668, 0.22334470323, 0.55681683009]
    ],
    [
      [0.0021443702226, 0.85094793167, 0.14690769811],
      [0.57729250275, 0.074372625243, 0.348334872],
      [0.85474889054, 0.07732620324, 0.06792490622],
      [0.00027902470566, 0.96947569771, 0.030245277583],
      [0.32090339878, 0.27110804295, 0.40798855827],
      [0.20104150784, 0.21740962253, 0.58154886963]
    ],
    [
      [0.0024075718461, 0.82884245553, 0.16874997263],
      [0.57718481725, 0.065405341552, 0.3574098412],
      [0.86076338495, 0.06866642859, 0.070570186463],
      [0.00032020561319, 0.96413576029, 0.035544034097],
      [0.32889042175, 0.24321996592, 0.42788961232],
      [0.20416427187, 0.19318250631, 0.60265322182]
    ],
    [
      [0.0014353964954, 0.8629445824, 0.1356200211],
      [0.49187216748, 0.096765633017, 0.4113621995],
      [0.80091786424, 0.11077982335, 0.088302312412],
      [0.00018482799504, 0.97216933524, 0.027645836767],
      [0.24718001108, 0.31831996422, 0.4345000247],
      [0.15060709123, 0.24801729169, 0.60137561708]
    ],
    [
      [0.00095082838229, 0.93169091575, 0.067358255866],
      [0.51700673477, 0.16080649218, 0.32218677305],
      [0.76983786501, 0.16749198497, 0.062670150025],
      [0.00011517127442, 0.98695871747, 0.012926111253],
      [0.22802155406, 0.47163680996, 0.30034163599],
      [0.15038633099, 0.39762292761, 0.45199074141]
    ],
    [
      [0.001119166547, 0.89519653004, 0.10368430341],
      [0.48079820941, 0.12636117184, 0.39284061876],
      [0.7736365149, 0.14283198199, 0.08353150311],
      [0.00014009758363, 0.97928451717, 0.020575385251],
      [0.2253110224, 0.38760243561, 0.38708654199],
      [0.14089602302, 0.31010851149, 0.54899546549]
    ],
    [
      [0.0007892091313, 0.95526832105, 0.043942469816],
      [0.53331224004, 0.20603354163, 0.26065421832],
      [0.74905596054, 0.20282626133, 0.048117778126],
      [9.3837499348e-05, 0.99161454911, 0.0082916133869],
      [0.21738894692, 0.55821382223, 0.22439723085],
      [0.15076499503, 0.49488418761, 0.35435081735]
    ],
    [
      [0.00035236139019, 0.96343361256, 0.036214026047],
      [0.35976624879, 0.30941100165, 0.33082274955],
      [0.58136131574, 0.34945444555, 0.069184238708],
      [4.1644206212e-05, 0.99315886176, 0.0067994940309],
      [0.11464281437, 0.66363616247, 0.22172102316],
      [0.078260916351, 0.57623866516, 0.34550041849]
    ],
    [
      [0.0010602424436, 0.9254562296, 0.073483527954],
      [0.5270783562, 0.15080285587, 0.32211878793],
      [0.78002746452, 0.15690741821, 0.063065117273],
      [0.00012926142829, 0.98566355971, 0.014207178867],
      [0.24036903821, 0.4507576007, 0.30887336109],
      [0.15838871923, 0.37993538201, 0.46167589876]
    ],
    [
      [0.00087196189595, 0.91163439932, 0.087493638785],
      [0.45338811761, 0.14940404787, 0.39720783452],
      [0.74540434219, 0.17026157689, 0.084334080927],
      [0.00010738870365, 0.98283828557, 0.017054325727],
      [0.19745655079, 0.43470551347, 0.36783793574],
      [0.12383136386, 0.34896640483, 0.52720223131]
    ],
    [
      [0.00022289567264, 0.94896484, 0.050812264328],
      [0.23835193168, 0.29105490708, 0.47059316123],
      [0.50397936053, 0.38363338856, 0.11238725091],
      [2.6607674575e-05, 0.99036288382, 0.0096105085057],
      [0.069013207223, 0.62336400273, 0.30762279004],
      [0.044311945132, 0.50367149689, 0.45201655798]
    ],
    [
      [0.0010734879088, 0.91544679156, 0.083479720533],
      [0.51154006587, 0.14049129242, 0.34796864171],
      [0.78060142902, 0.14980376629, 0.069594804694],
      [0.00013193111165, 0.98361068545, 0.016257383442],
      [0.23508213872, 0.42666109861, 0.33825676267],
      [0.15152636331, 0.3521878385, 0.49628579819]
    ],
    [
      [0.0016112374427, 0.97316282974, 0.025225932816],
      [0.96781205906, 0.018265830637, 0.0139221103],
      [0.98245666425, 0.01401972607, 0.0035236096808],
      [0.00018813680184, 0.99477576226, 0.0050361009332],
      [0.67203574689, 0.24688271095, 0.081081542163],
      [0.46715339254, 0.30927095216, 0.22357565531]
    ],
    [
      [0.0021186215082, 0.86581360037, 0.13206777812],
      [0.6612212952, 0.058755905292, 0.28002279951],
      [0.90644418765, 0.050090989468, 0.043464822886],
      [0.00026715169337, 0.97380402941, 0.025928818895],
      [0.36797013293, 0.25012505371, 0.38190481336],
      [0.2214865035, 0.20355477155, 0.57495872495]
    ],
    [
      [0.0006757721498, 0.87615269346, 0.12317153439],
      [0.33695853793, 0.13267051899, 0.53037094308],
      [0.6879345928, 0.17998122383, 0.13208418337],
      [8.5644261721e-05, 0.97530208993, 0.024612265804],
      [0.14067704202, 0.37914510678, 0.4801778512],
      [0.081122730923, 0.28041801621, 0.63845925287]
    ],
    [
      [0.0005692305236, 0.95159442324, 0.047836346239],
      [0.43869002772, 0.23673180205, 0.32457817023],
      [0.67807041787, 0.25611402711, 0.065815555022],
      [6.7885098522e-05, 0.99088078777, 0.0090513271335],
      [0.16300578843, 0.58248926086, 0.25450495071],
      [0.10969756277, 0.50097566624, 0.389326771]
    ],
    [
      [0.001887299542, 0.84265960466, 0.15545309579],
      [0.53949221961, 0.07524519535, 0.38526258504],
      [0.84108320067, 0.08134520461, 0.077571594717],
      [0.00024676224588, 0.96767352633, 0.032079711425],
      [0.28993511129, 0.26897945279, 0.44108543593],
      [0.17603767581, 0.20967850097, 0.61428382322]
    ],
    [
      [0.0025011294873, 0.83171208533, 0.16578678519],
      [0.59219654617, 0.06315678164, 0.34464667219],
      [0.86867356496, 0.064947422132, 0.066379012911],
      [0.00033084136409, 0.96500475137, 0.034664407262],
      [0.34127101663, 0.23932039615, 0.41940858721],
      [0.21278278495, 0.19109637967, 0.59612083538]
    ],
    [
      [0.0032663616938, 0.8230379561, 0.17369568221],
      [0.65432588332, 0.049646137906, 0.29602797878],
      [0.90045385329, 0.047242202444, 0.052303944262],
      [0.00043358793095, 0.96332160968, 0.036244802389],
      [0.40289209824, 0.20466409322, 0.39244380855],
      [0.25562876713, 0.16751144019, 0.57685979268]
    ],
    [
      [0.0020193170812, 0.9145486722, 0.083432010714],
      [0.71046591103, 0.078905988892, 0.21062810008],
      [0.9007217316, 0.066234086491, 0.033044181908],
      [0.00024684762058, 0.98364339216, 0.016109760224],
      [0.39809633882, 0.32631075648, 0.27559290469],
      [0.26714208038, 0.29050541381, 0.44235250582]
    ],
    [
      [0.0010556393355, 0.81963726266, 0.17930709801],
      [0.37261028927, 0.082307230803, 0.54508247993],
      [0.7597664358, 0.10980231405, 0.13043125016],
      [0.00013953069115, 0.96284566989, 0.037014799417],
      [0.17438737948, 0.2669424501, 0.55867017042],
      [0.095349855762, 0.18764770419, 0.71700244005]
    ],
    [
      [0.00097905108359, 0.92658475984, 0.072436189079],
      [0.50945357133, 0.15806811142, 0.33247831725],
      [0.76663978999, 0.16720318153, 0.066157028476],
      [0.00011924862718, 0.98588949651, 0.013991254865],
      [0.22695796727, 0.46160999446, 0.31143203828],
      [0.14893773655, 0.38745913959, 0.46360312385]
    ],
    [
      [0.00085428919907, 0.87548825393, 0.12365745687],
      [0.38470053188, 0.12641741718, 0.48888205094],
      [0.71818070629, 0.16368357877, 0.11813571494],
      [0.00010865254619, 0.97500672794, 0.024884619515],
      [0.17038266806, 0.3709620993, 0.45865523264],
      [0.10078619512, 0.28083967796, 0.61837412693]
    ],
    [
      [0.0017803580314, 0.88924211119, 0.10897753078],
      [0.58876239723, 0.095584839066, 0.3156527637],
      [0.84417264731, 0.096120129944, 0.059707222748],
      [0.00022395265571, 0.97805331541, 0.021722731933],
      [0.31277280879, 0.3334940313, 0.35373315991],
      [0.20257671043, 0.27671615855, 0.52070713102]
    ],
    [
      [0.0026839455976, 0.88983521374, 0.10748084067],
      [0.70773607548, 0.065123781914, 0.2271401426],
      [0.90609341754, 0.056884132144, 0.037022450316],
      [0.00033504892283, 0.97850482225, 0.021160128828],
      [0.42598211374, 0.27200806276, 0.3020098235],
      [0.28634549654, 0.23813469337, 0.47551981009]
    ],
    [
      [0.0013460718526, 0.91064945518, 0.088004472971],
      [0.59695589854, 0.10516698839, 0.29787711307],
      [0.85063893971, 0.098049514353, 0.051311545933],
      [0.00016515554605, 0.98280457718, 0.01703026727],
      [0.29188133783, 0.37387331051, 0.33424535166],
      [0.18539899406, 0.31116670965, 0.5034342963]
    ],
    [
      [0.00013139995736, 0.0081116048252, 0.99175699522],
      [0.0034626389568, 0.00012314229183, 0.99641421875],
      [0.30762206039, 0.001510931475, 0.69086700814],
      [0.00013289838923, 0.11551969509, 0.88434740652],
      [0.0019278015468, 0.000163416897, 0.99790878156],
      [0.00048787502896, 5.9172772859e-05, 0.9994529522]
    ],
    [
      [0.00048649021659, 0.96525168251, 0.034261827276],
      [0.5278238419, 0.1857087585, 0.2864673996],
      [0.7914184988, 0.16474413546, 0.043837365743],
      [5.7271344729e-05, 0.9934171339, 0.0065255947593],
      [0.17907933694, 0.57606697357, 0.24485368949],
      [0.11693382593, 0.4762416171, 0.40682455697]
    ],
    [
      [0.00050963683459, 0.92248422776, 0.077006135401],
      [0.34813533353, 0.18997284701, 0.46189181947],
      [0.65280075029, 0.24047563636, 0.10672361334],
      [6.2071524589e-05, 0.98512118758, 0.014816740899],
      [0.13130833727, 0.49346799461, 0.37522366812],
      [0.080796021162, 0.3872168417, 0.53198713714]
    ],
    [
      [0.0013904720946, 0.89805246578, 0.10055706212],
      [0.54535819977, 0.10982398679, 0.34481781345],
      [0.81832160939, 0.11473129265, 0.066947097961],
      [0.0001730386852, 0.98005645782, 0.019770503497],
      [0.27113371873, 0.36452843491, 0.36433784636],
      [0.17230278856, 0.29663933314, 0.5310578783]
    ],
    [
      [0.0011875244708, 0.88203227745, 0.11678019808],
      [0.48479795616, 0.10959668352, 0.40560536032],
      [0.79353803875, 0.12229942521, 0.084162536047],
      [0.00014983928241, 0.97656837833, 0.023281782385],
      [0.23063860506, 0.35309970169, 0.41626169325],
      [0.14037170865, 0.27652663111, 0.58310166024]
    ],
    [
