{
  "X": [
    [2, 0, 25, 8, 2],
    [18, 12, 69, 300, 22],
    [5, 9, 33, 199, 20],
    [0, 0, 53, 7, 2],
    [2, 1, 10, 6, 4],
    [1, 0, 9, 1, 0],
    [1, 7, 80, 20, 8],
    [4, 6, 19, 49, 8],
    [2, 3, 76, 22, 7],
    [20, 3, 89, 73, 14],
    [22, 17, 271, 359, 31],
    [5, 16, 120, 216, 22],
    [14, 35, 112, 366, 35],
    [9, 13, 46, 148, 12],
    [10, 19, 134, 235, 27],
    [6, 1, 41, 41, 5],
    [9, 15, 130, 283, 30],
    [5, 11, 55, 142, 23],
    [13, 12, 76, 164, 11],
    [9, 14, 210, 112, 15],
    [19, 28, 241, 357, 29],
    [11, 11, 257, 211, 16],
    [8, 11, 47, 178, 16],
    [7, 19, 78, 275, 27],
    [28, 23, 137, 325, 38],
    [24, 11, 223, 263, 29],
    [16, 11, 109, 215, 34],
    [21, 24, 177, 248, 38],
    [7, 15, 64, 191, 26],
    [16, 53, 306, 591, 51],
    [13, 10, 116, 195, 25],
    [35, 43, 640, 662, 82],
    [8, 22, 310, 205, 37],
    [11, 10, 80, 136, 14],
    [3, 7, 56, 135, 16],
    [4, 13, 142, 154, 19],
    [15, 5, 394, 271, 41],
    [9, 19, 281, 168, 33],
    [27, 26, 83, 315, 27],
    [10, 3, 27, 65, 13],
    [26, 26, 185, 441, 52],
    [30, 46, 198, 563, 76],
    [13, 29, 171, 198, 25],
    [21, 2, 64, 122, 19],
    [9, 8, 35, 83, 11],
    [31, 19, 186, 202, 28],
    [7, 10, 81, 111, 15],
    [20, 17, 173, 307, 30],
    [34, 22, 209, 337, 43],
    [18, 21, 373, 242, 37],
    [27, 54, 512, 522, 58],
    [3, 9, 90, 141, 18],
    [6, 3, 66, 64, 6],
    [2, 0, 78, 26, 8],
    [9, 14, 302, 206, 34],
    [5, 2, 69, 17, 11],
    [4, 9, 216, 104, 22],
    [0, 0, 41, 5, 1],
    [42, 34, 529, 531, 69],
    [1, 1, 33, 7, 0],
    [4, 0, 11, 10, 1],
    [1, 1, 9, 6, 2],
    [0, 5, 81, 30, 10],
    [5, 0, 72, 16, 3],
    [3, 4, 73, 39, 8],
    [0, 0, 25, 1, 0],
    [6, 6, 60, 85, 9],
    [0, 5, 40, 17, 5],
    [3, 3, 129, 42, 17],
    [0, 1, 57, 15, 9],
    [0, 1, 71, 19, 11],
    [4, 13, 182, 141, 30],
    [0, 0, 7, 2, 2],
    [4, 5, 83, 74, 18],
    [5, 1, 27, 57, 7],
    [4, 1, 161, 51, 11],
    [0, 0, 3, 2, 0],
    [5, 15, 239, 306, 31],
    [29, 31, 656, 661, 78],
    [4, 1, 50, 101, 6],
    [127, 26, 627, 674, 119],
    [2, 3, 56, 59, 3]
  ],
  "W": [
    [5, 1, 8, 21, 1, 0, 1],
    [10, 12, 286, 38, 33, 8, 34],
    [4, 11, 194, 24, 13, 7, 13],
    [3, 0, 5, 46, 2, 3, 3],
    [2, 4, 5, 6, 1, 4, 1],
    [0, 1, 1, 6, 0, 1, 2],
    [9, 2, 32, 56, 7, 4, 6],
    [5, 7, 43, 10, 5, 6, 10],
    [6, 8, 17, 57, 5, 6, 11],
    [4, 24, 60, 42, 14, 18, 37],
    [34, 23, 351, 167, 38, 44, 43],
    [14, 16, 180, 83, 32, 27, 27],
    [9, 23, 340, 79, 35, 34, 42],
    [6, 9, 132, 37, 9, 9, 26],
    [15, 13, 229, 89, 28, 20, 31],
    [3, 9, 41, 24, 2, 7, 8],
    [6, 11, 293, 66, 34, 34, 23],
    [2, 11, 131, 27, 24, 21, 20],
    [9, 18, 164, 37, 14, 16, 18],
    [26, 10, 143, 144, 14, 11, 12],
    [18, 26, 350, 159, 48, 31, 42],
    [24, 19, 215, 172, 29, 30, 17],
    [2, 8, 169, 29, 19, 6, 27],
    [11, 15, 256, 44, 23, 15, 42],
    [11, 32, 316, 75, 19, 44, 54],
    [15, 30, 256, 148, 34, 36, 31],
    [12, 16, 207, 77, 27, 24, 22],
    [21, 18, 241, 120, 27, 44, 37],
    [5, 10, 180, 44, 18, 24, 22],
    [17, 24, 594, 188, 80, 55, 59],
    [5, 17, 193, 65, 17, 25, 37],
    [43, 55, 636, 454, 91, 110, 73],
    [23, 21, 213, 210, 31, 42, 42],
    [6, 14, 130, 54, 13, 13, 21],
    [7, 3, 137, 29, 13, 10, 18],
    [12, 4, 150, 94, 13, 40, 19],
    [36, 29, 262, 284, 36, 57, 22],
    [29, 19, 187, 183, 31, 44, 17],
    [7, 33, 277, 48, 39, 23, 51],
    [1, 8, 60, 21, 12, 3, 13],
    [15, 32, 422, 122, 42, 31, 66],
    [25, 37, 528, 126, 44, 59, 94],
    [9, 20, 215, 117, 18, 26, 31],
    [6, 20, 118, 39, 11, 20, 14],
    [2, 10, 65, 28, 7, 15, 19],
    [19, 33, 200, 126, 31, 26, 31],
    [4, 4, 118, 60, 15, 10, 13],
    [18, 23, 293, 109, 27, 43, 34],
    [12, 52, 322, 121, 34, 48, 56],
    [43, 42, 250, 273, 27, 24, 32],
    [48, 28, 526, 348, 90, 69, 64],
    [12, 9, 126, 59, 15, 25, 15],
    [1, 4, 58, 54, 11, 7, 10],
    [5, 3, 25, 61, 8, 9, 3],
    [32, 17, 193, 215, 50, 27, 31],
    [10, 3, 19, 45, 6, 17, 4],
    [19, 10, 97, 155, 32, 21, 21],
    [3, 0, 2, 28, 7, 3, 4],
    [75, 66, 527, 303, 58, 108, 68],
    [1, 2, 6, 23, 3, 5, 2],
    [2, 3, 10, 5, 3, 1, 2],
    [0, 2, 6, 9, 0, 2, 0],
    [11, 3, 30, 53, 14, 8, 7],
    [1, 3, 18, 57, 7, 5, 5],
    [7, 5, 35, 53, 8, 7, 12],
    [0, 0, 1, 25, 0, 0, 0],
    [5, 6, 77, 48, 10, 9, 11],
    [4, 4, 15, 21, 7, 7, 9],
    [13, 2, 47, 92, 12, 9, 19],
    [5, 2, 17, 40, 11, 2, 5],
    [2, 0, 17, 61, 8, 7, 7],
    [14, 9, 137, 121, 25, 25, 39],
    [4, 1, 0, 3, 2, 1, 0],
    [7, 5, 75, 56, 10, 18, 13],
    [2, 5, 50, 25, 6, 3, 6],
    [5, 6, 54, 118, 15, 13, 17],
    [0, 0, 3, 1, 0, 0, 1],
    [7, 3, 295, 218, 27, 6, 40],
    [71, 51, 605, 477, 90, 72, 89],
    [0, 6, 94, 36, 17, 2, 7],
    [69, 145, 594, 465, 79, 100, 121],
    [4, 5, 52, 49, 7, 2, 4]
  ],
  "method": "mcmc",
  "mcmc_stepsize": 3000,
  "mcmc_samples": 1000,
  "burn_in": 10000,
  "cond_prob": [
    [
      [0.17023951159, 0, 0.6024332682, 0.18995951371, 0.037367706496],
      [0.14211387491, 0, 0.55415223319, 0.25042417824, 0.053309713659],
      [0.040308543565, 0, 0.63985551594, 0.2529971431, 0.0668387974],
      [0.030248159793, 0, 0.71833683262, 0.20323321578, 0.048181791803],
      [0.017041375882, 0, 0.67265671101, 0.27052511085, 0.039776802261],
      [0, 0, 0, 0, 0],
      [0.031967487092, 0, 0.5571071022, 0.23737846617, 0.17354694454]
    ],
    [
      [0.2, 3.8299337152e-18, 0.1, 0.7, 5.0099936556e-18],
      [0.083333333333, 0.16666666667, 0.083333333333, 0.66666666667, 6.4274474741e-18],
      [0.041958041958, 0.031468531469, 0.16783216783, 0.70979020979, 0.048951048951],
      [0.026315789474, 0.026315789474, 0.21052631579, 0.71052631579, 0.026315789474],
      [0.030303030303, 4.1189117653e-19, 0.15151515152, 0.78787878788, 0.030303030303],
      [1.8933704695e-19, 5.9186735542e-20, 0.125, 0.625, 0.25],
      [0.029411764706, 6.1567755432e-18, 0.14705882353, 0.70588235294, 0.11764705882]
    ],
    [
      [0.49999999999, 7.4777304729e-12, 1.117896699e-11, 0.49999999999, 1.7424530829e-12],
      [4.0797233205e-13, 0.18181818182, 0.090909090909, 0.72727272727, 1.7875035372e-12],
      [0.015463917525, 0.036082474226, 0.12886597938, 0.74742268041, 0.072164948453],
      [1.6810648795e-12, 1.2687469938e-12, 0.20833333333, 0.75, 0.041666666669],
      [1.232304223e-12, 5.1648177083e-13, 0.076923076929, 0.92307692307, 1.8906373028e-12],
      [8.0705926012e-13, 3.0099952563e-12, 3.0405865334e-12, 0.71428571428, 0.28571428571],
      [3.8465093048e-12, 7.758388337e-13, 0.076923076926, 0.6923076923, 0.23076923077]
    ],
    [
      [0, 0, 0.89549386756, 0.09022781864, 0.014278313802],
      [0, 0, 0, 0, 0],
      [0, 0, 0.83775783142, 0.14525807679, 0.016984091788],
      [0, 0, 0.86958787866, 0.099061826976, 0.031350294363],
      [0, 0, 0.73126986439, 0.2442779082, 0.024452227409],
      [0, 0, 0.79384252495, 0.16229076673, 0.043866708318],
      [0, 0, 0.75987317273, 0.15691800087, 0.083208826401]
    ],
    [
      [0.29000030786, 0.019085116915, 0.40168860023, 0.18004372515, 0.10918224985],
      [0.15164752287, 0.098798632216, 0.39027787639, 0.2547664192, 0.10450954932],
      [0.055671825323, 0.064123134157, 0.40869457915, 0.30108192802, 0.17042853334],
      [0.052029699197, 0.020176319126, 0.51984814124, 0.24071055616, 0.16723528427],
      [0.043427028885, 0.026851037882, 0.50502227287, 0.31237864687, 0.1123210135],
      [0.030313738844, 0.019170219221, 0.40947691744, 0.2796342795, 0.26140484499],
      [0.058189986738, 0.021429737001, 0.3300196081, 0.24025813096, 0.35010253719]
    ],
    [
      [0, 0, 0, 0, 0],
      [0.2720955585, 0, 0.64340527455, 0.084499166946, 0],
      [0.10711846367, 0, 0.77878248438, 0.11409905195, 0],
      [0.070931381245, 0, 0.85154332638, 0.077525292372, 0],
      [0, 0, 0, 0, 0],
      [0.048973068512, 0, 0.85347136295, 0.097555568537, 0],
      [0.073112310922, 0, 0.80754045991, 0.11934722917, 0]
    ],
    [
      [0.093381092042, 0.093697566768, 0.69590604332, 0.11473546757, 0.0022798303055],
      [0.00040098131602, 0.49035829994, 0.50283176807, 0.005433014153, 0.00097593652552],
      [0.0004719870538, 0.067658395481, 0.70459061465, 0.15674757803, 0.07053142478],
      [0.0002355152931, 0.050727782552, 0.71531778822, 0.18033352972, 0.053385384218],
      [0.018499263679, 0.0029236952563, 0.55629303438, 0.42110055577, 0.0011834509151],
      [0.00010882778061, 0.0016700755959, 0.56860183447, 0.005250033799, 0.42436922836],
      [9.0934996877e-05, 0.023839108621, 0.65967128109, 0.14553509609, 0.1708635792]
    ],
    [
      [0.39921732581, 0.0005914698701, 0.20021327103, 0.39967836736, 0.00029956593531],
      [0.00021770572239, 0.42757873219, 0.14306813276, 0.4285784348, 0.00055699452592],
      [0.046481533067, 0.069811570392, 0.23243410649, 0.5583950305, 0.092877759559],
      [0.00015030655894, 0.00010563381872, 0.29992742934, 0.69962542813, 0.00019120215964],
      [1.153271633e-05, 5.5925882324e-05, 0.20034467568, 0.79956822486, 1.9640859925e-05],
      [3.163207587e-05, 2.9992192566e-05, 0.16694074736, 0.66619609092, 0.16680153745],
      [0.00019329874053, 5.780777096e-05, 0.20001479807, 0.49993008572, 0.2998040097]
    ],
    [
      [0.16610724273, 7.8142748283e-05, 0.66596910078, 0.16741843451, 0.00042707922695],
      [0.00014044914788, 0.24885391658, 0.62477750368, 0.12605092449, 0.00017720610772],
      [0.00015902331512, 0.00016839732734, 0.76427967801, 0.1764982036, 0.058894697755],
      [0.01748185415, 0.017554305959, 0.70210563087, 0.21022629843, 0.052631910583],
      [3.6480739798e-06, 0.00031678672413, 0.60035088992, 0.39909545498, 0.00023322030164],
      [0.00017963956587, 0.00042295761408, 0.66606164695, 0.16704259567, 0.1662931602],
      [0.00017888997805, 0.00010181248835, 0.63591504988, 0.18236187965, 0.181442368]
    ],
    [
      [0.49999749654, 6.8129062943e-10, 0.24999768708, 0.25000477266, 4.3035235541e-08],
      [0.12500123721, 0.083332893195, 0.41666659489, 0.33333296921, 0.041666305489],
      [0.099999343036, 0.016666515052, 0.45000047873, 0.36666670505, 0.066666958132],
      [0.095237657224, 9.197315601e-09, 0.50000004479, 0.35714370101, 0.047618587781],
      [0.071429261556, 6.9063728288e-07, 0.42857143722, 0.49999787904, 7.3154807369e-07],
      [0.055555525845, 6.4165150967e-11, 0.44444446572, 0.38888885531, 0.11111115307],
      [0.081081865087, 2.5948926971e-07, 0.43243188825, 0.35135087029, 0.13513511688]
    ],
    [
      [0.088235294118, 5.1646765538e-21, 0.38235294118, 0.5, 0.029411764706],
      [3.8883231091e-21, 0.13043478261, 0.34782608696, 0.47826086957, 0.04347826087],
      [0.031339031339, 0.022792022792, 0.39031339031, 0.51282051282, 0.042735042735],
      [0.02994011976, 0.023952095808, 0.39520958084, 0.50898203593, 0.041916167665],
      [0.026315789474, 6.9474302899e-24, 0.36842105263, 0.57894736842, 0.026315789474],
      [0.022727272727, 0.022727272727, 0.38636363636, 0.5, 0.068181818182],
      [0.023255813953, 0.023255813953, 0.37209302326, 0.51162790698, 0.06976744186]
    ],
    [
      [0.14285714286, 0.071428571426, 0.28571428572, 0.49999999999, 1.0002494239e-11],
      [3.2768209888e-12, 0.125, 0.3125, 0.56249999999, 3.0116070384e-12],
      [0.011111111111, 0.038888888888, 0.32777777777, 0.56666666667, 0.055555555554],
      [0.01204819277, 0.036144578315, 0.31325301206, 0.59036144577, 0.048192771083],
      [1.4086823971e-12, 0.031250000001, 0.31250000001, 0.59374999999, 0.0625],
      [2.8489390122e-12, 0.037037037037, 0.29629629629, 0.55555555556, 0.11111111111],
      [9.5421977002e-13, 0.037037037035, 0.29629629629, 0.55555555555, 0.11111111112]
    ],
    [
      [0.33333333333, 1.4380984736e-18, 0.11111111111, 0.55555555556, 7.6189017669e-25],
      [0.04347826087, 0.13043478261, 0.17391304348, 0.60869565217, 0.04347826087],
      [0.023529411765, 0.064705882353, 0.2, 0.65, 0.061764705882],
      [0.012658227848, 0.050632911392, 0.24050632911, 0.64556962025, 0.050632911392],
      [2.2187800254e-18, 0.057142857143, 0.17142857143, 0.71428571429, 0.057142857143],
      [3.8067295525e-19, 0.058823529412, 0.17647058824, 0.67647058824, 0.088235294118],
      [0.02380952381, 0.047619047619, 0.19047619048, 0.64285714286, 0.095238095238]
    ],
    [
      [0.33333333047, 2.5436271614e-09, 0.16666666642, 0.49999999993, 6.3264498452e-10],
      [5.2968931527e-09, 0.3333333294, 0.11111110966, 0.55555555527, 3.8202506533e-10],
      [0.037878787635, 0.05303030305, 0.21969696921, 0.64393939515, 0.045454544954],
      [0.027027026656, 0.054054053975, 0.2162162189, 0.67567567266, 0.027027027812],
      [3.3947239716e-09, 2.2329652644e-09, 0.11111110949, 0.88888888487, 1.0710616694e-11],
      [1.8584666643e-10, 1.7039333986e-09, 0.11111110922, 0.66666666349, 0.22222222539],
      [0.038461537816, 0.038461537889, 0.19230769275, 0.61538461611, 0.11538461543]
    ],
    [
      [0.2, 3.353667223e-17, 0.26666666667, 0.53333333333, 2.1481961293e-18],
      [2.692973664e-17, 0.15384615385, 0.30769230769, 0.53846153846, 4.9280824369e-17],
      [0.021834061135, 0.052401746725, 0.31441048035, 0.55021834061, 0.061135371179],
      [0.022471910112, 0.033707865169, 0.33707865169, 0.55056179775, 0.056179775281],
      [5.8890883762e-18, 0.035714285714, 0.32142857143, 0.60714285714, 0.035714285714],
      [4.8837051152e-18, 1.2385402607e-17, 0.3, 0.55, 0.15],
      [2.7725434777e-18, 0.032258064516, 0.29032258065, 0.54838709677, 0.12903225806]
    ],
    [
      [0.33074397132, 0.00078369678482, 0.32129307599, 0.34399925452, 0.003180001381],
      [0.21532029673, 0.10463589443, 0.33271048138, 0.34458868536, 0.0027446421067],
      [0.049345392882, 0.00060565930419, 0.48430027292, 0.4166531762, 0.049095498693],
      [0.041455814919, 0.00065903925359, 0.46176670825, 0.45431798144, 0.041800456132],
      [0.0027007065065, 0.00049331320746, 0.032645290457, 0.96360634966, 0.00055434016564],
      [0.0017084374874, 0.0019527536928, 0.4273838885, 0.56441924957, 0.0045356707454],
      [0.0043030342293, 7.7622997907e-05, 0.38075455642, 0.37526810539, 0.23959668097]
    ],
    [
      [0.33333333333, 1.402913979e-15, 0.16666666667, 0.5, 5.9420061704e-14],
      [0.090909090909, 0.090909090909, 0.27272727273, 0.54545454545, 3.12609617e-14],
      [0.017064846416, 0.034129692833, 0.28327645051, 0.60409556314, 0.061433447099],
      [0.015151515152, 0.030303030303, 0.28787878788, 0.60606060606, 0.060606060606],
      [2.0283608513e-14, 0.029411764706, 0.26470588235, 0.64705882353, 0.058823529412],
      [2.1938785389e-16, 0.029411764706, 0.26470588235, 0.64705882353, 0.058823529412],
      [5.1932641576e-16, 2.9701676408e-14, 0.26086956522, 0.5652173913, 0.17391304348]
    ],
    [
      [0.49999995414, 3.1178055734e-08, 3.3759942426e-08, 0.49999997464, 6.2791464742e-09],
      [0.18181816786, 5.4310170433e-09, 0.18181818468, 0.54545455456, 0.090909087462],
      [0.015267175584, 0.068702286798, 0.22900763419, 0.59541985081, 0.091603052615],
      [8.1207902245e-10, 0.037037035361, 0.29629629613, 0.59259259321, 0.07407407448],
      [1.5452365438e-09, 0.04166666659, 0.2916666604, 0.58333333414, 0.083333337326],
      [2.6854802959e-09, 1.341361296e-08, 0.19047618706, 0.71428570114, 0.095238095702],
      [6.418075085e-09, 3.6365438885e-09, 0.20000000244, 0.5999999867, 0.20000000081]
    ],
    [
      [0.22222222184, 5.4234317466e-13, 0.22222222269, 0.55555555547, 4.6979365672e-13],
      [0.16666666667, 0.05555555556, 0.2222222225, 0.55555555504, 2.3573255649e-10],
      [0.042682926803, 0.054878048764, 0.27439024388, 0.59146341476, 0.036585365791],
      [0.027027026982, 0.05405405403, 0.32432432414, 0.56756756784, 0.027027027006],
      [2.4075006163e-10, 2.4545579884e-10, 0.35714285677, 0.64285714262, 1.2574118248e-10],
      [9.1936367485e-13, 8.1567114091e-13, 0.2500000001, 0.74999999926, 6.3850212642e-10],
      [3.325063681e-10, 4.5969890459e-13, 0.2222222225, 0.55555555523, 0.22222222193]
    ],
    [
      [0.038461538462, 0.038461538463, 0.57692307692, 0.30769230769, 0.038461538462],
      [0.2, 1.6333817216e-12, 0.49999999999, 0.3, 3.5108399043e-12],
      [0.020979020979, 0.055944055943, 0.58041958042, 0.30769230769, 0.034965034965],
      [0.020833333333, 0.034722222221, 0.59722222222, 0.30555555556, 0.041666666666],
      [3.0707766208e-12, 2.5191390253e-12, 0.57142857143, 0.42857142856, 2.6621053911e-12],
      [2.9972056202e-14, 7.0586229103e-12, 0.54545454545, 0.36363636363, 0.090909090906],
      [1.79876855e-14, 3.9721948926e-12, 0.58333333333, 0.25, 0.16666666667]
    ],
    [
      [0.16666666667, 9.4321585029e-22, 0.33333333333, 0.5, 3.1278394636e-17],
      [0.038461538462, 0.076923076923, 0.34615384615, 0.5, 0.038461538462],
      [0.025714285714, 0.045714285714, 0.35714285714, 0.52857142857, 0.042857142857],
      [0.025157232704, 0.044025157233, 0.36477987421, 0.52830188679, 0.037735849057],
      [0.020833333333, 0.020833333333, 0.35416666667, 0.5625, 0.041666666667],
      [1.0850419716e-23, 0.032258064516, 0.35483870968, 0.54838709677, 0.064516129032],
      [0.02380952381, 0.02380952381, 0.35714285714, 0.52380952381, 0.071428571429]
    ],
    [
      [0.083333333333, 3.0443371413e-15, 0.5, 0.41666666667, 6.7635601346e-13],
      [0.1052631579, 0.052631578947, 0.47368421053, 0.36842105263, 8.5978094257e-13],
      [0.018604651163, 0.032558139535, 0.50697674419, 0.41395348837, 0.027906976745],
      [0.017441860465, 0.017441860465, 0.52325581395, 0.41279069767, 0.029069767441],
      [1.1152631836e-12, 2.9965151974e-15, 0.48275862069, 0.51724137931, 4.63761156e-15],
      [2.6221663647e-15, 1.616426675e-12, 0.5, 0.4, 0.099999999998],
      [2.7548969501e-15, 9.5452333934e-13, 0.4705882353, 0.41176470588, 0.11764705882]
    ],
    [
      [0.49999999996, 1.8363164362e-12, 4.8700405683e-11, 0.49999999995, 3.9299657992e-11],
      [0.24999999936, 3.3361982408e-10, 0.12499999966, 0.62500000062, 2.2388357569e-11],
      [0.029585798752, 0.053254437851, 0.1775147929, 0.68047337287, 0.059171597629],
      [3.7245929167e-12, 0.034482758624, 0.27586206861, 0.65517241412, 0.034482758638],
      [4.2266921182e-10, 6.5075291214e-13, 0.15789473728, 0.78947368334, 0.052631578953],
      [4.4779036871e-10, 4.478545687e-10, 0.16666666799, 0.8333333311, 1.4330567724e-11],
      [1.9540884651e-10, 0.037037036951, 0.14814814804, 0.66666666667, 0.14814814814]
    ],
    [
      [0.18181818182, 3.7902705167e-18, 0.18181818182, 0.63636363636, 6.1329266212e-18],
      [0.066666666667, 0.13333333333, 0.13333333333, 0.66666666667, 6.0912014534e-14],
      [0.015625, 0.05078125, 0.19140625, 0.67578125, 0.06640625],
      [3.7237495537e-19, 0.045454545455, 0.25, 0.65909090909, 0.045454545455],
      [2.9961203249e-18, 0.04347826087, 0.17391304348, 0.73913043478, 0.04347826087],
      [1.218297622e-14, 3.6550128501e-14, 0.13333333333, 0.73333333333, 0.13333333333],
      [1.7405208152e-14, 0.02380952381, 0.19047619048, 0.66666666667, 0.11904761905]
    ],
    [
      [0.27272727273, 4.7631464458e-18, 0.18181818182, 0.54545454545, 9.5255440474e-18],
      [0.0625, 0.09375, 0.21875, 0.5625, 0.0625],
      [0.050632911392, 0.044303797468, 0.25, 0.58860759494, 0.066455696203],
      [0.04, 0.04, 0.26666666667, 0.58666666667, 0.066666666667],
      [8.2730700315e-18, 2.4890318858e-22, 0.31578947368, 0.63157894737, 0.052631578947],
      [0.045454545455, 0.022727272727, 0.22727272727, 0.63636363636, 0.068181818182],
      [0.037037037037, 0.037037037037, 0.24074074074, 0.57407407407, 0.11111111111]
    ],
    [
      [0.13333333333, 3.8430745055e-19, 0.4, 0.46666666667, 1.1453025e-15],
      [0.066666666667, 0.033333333333, 0.4, 0.46666666667, 0.033333333333],
      [0.04296875, 0.02734375, 0.40234375, 0.4765625, 0.05078125],
      [0.040540540541, 0.02027027027, 0.41891891892, 0.47297297297, 0.047297297297],
      [0.029411764706, 1.5157878478e-15, 0.41176470588, 0.52941176471, 0.029411764706],
      [0.027777777778, 4.771905501e-16, 0.38888888889, 0.5, 0.083333333333],
      [0.032258064516, 6.8194140987e-20, 0.38709677419, 0.45161290323, 0.12903225806]
    ],
    [
      [0.16666666667, 2.0612875344e-16, 0.25, 0.5, 0.083333333333],
      [0.125, 0.0625, 0.25, 0.5, 0.0625],
      [0.038647342995, 0.038647342995, 0.28019323671, 0.55555555556, 0.086956521739],
      [0.038961038961, 0.025974025974, 0.2987012987, 0.55844155844, 0.077922077922],
      [0.037037037037, 1.6407455377e-16, 0.33333333333, 0.55555555556, 0.074074074074],
      [3.7036406172e-16, 1.6432681787e-16, 0.25, 0.66666666667, 0.083333333333],
      [4.9246134091e-19, 6.7184691293e-17, 0.27272727273, 0.54545454545, 0.18181818182]
    ],
    [
      [0.14285714286, 4.5126539635e-18, 0.33333333333, 0.47619047619, 0.047619047619],
      [0.11111111111, 0.055555555556, 0.33333333333, 0.44444444444, 0.055555555556],
      [0.03734439834, 0.058091286307, 0.34439834025, 0.48547717842, 0.07468879668],
      [0.033333333333, 0.041666666667, 0.375, 0.48333333333, 0.066666666667],
      [0.037037037037, 0.037037037037, 0.33333333333, 0.51851851852, 0.074074074074],
      [0.022727272727, 0.045454545455, 0.34090909091, 0.52272727273, 0.068181818182],
      [0.027027027027, 0.027027027027, 0.32432432432, 0.48648648649, 0.13513513514]
    ],
    [
      [0.19999999998, 1.1019499247e-12, 0.20000000002, 0.59999999998, 1.630759186e-11],
      [0.099999999991, 0.099999999991, 0.2, 0.59999999999, 2.5848917161e-11],
      [0.022222222221, 0.055555555555, 0.21111111111, 0.62777777778, 0.083333333333],
      [0.022727272731, 0.045454545453, 0.25000000001, 0.61363636363, 0.068181818182],
      [4.7700452402e-13, 9.5093833314e-13, 0.1666666667, 0.77777777774, 0.055555555551],
      [7.2426648572e-12, 0.041666666663, 0.20833333333, 0.625, 0.125],
      [5.8053554677e-13, 0.04545454547, 0.18181818181, 0.59090909091, 0.18181818181]
    ],
    [
      [0.17647058824, 1.6653967727e-32, 0.29411764706, 0.52941176471, 2.1055187698e-26],
      [0.041666666667, 0.083333333333, 0.29166666667, 0.54166666667, 0.041666666667],
      [0.015151515152, 0.055555555556, 0.29966329966, 0.58080808081, 0.048821548822],
      [0.010638297872, 0.047872340426, 0.31382978723, 0.57978723404, 0.047872340426],
      [0.0125, 0.05, 0.3, 0.5875, 0.05],
      [2.6031851098e-26, 0.036363636364, 0.29090909091, 0.61818181818, 0.054545454545],
      [6.0667465498e-27, 0.050847457627, 0.28813559322, 0.57627118644, 0.084745762712]
    ],
    [
      [0.4, 2.4987234372e-12, 0.2, 0.4, 1.2136119304e-12],
      [0.11764705882, 1.8813478477e-12, 0.29411764706, 0.5294117647, 0.058823529413],
      [0.031088082901, 0.041450777201, 0.32124352332, 0.53886010363, 0.067357512953],
      [0.030769230769, 0.015384615386, 0.35384615385, 0.53846153846, 0.061538461538],
      [1.8105128325e-12, 2.4499675422e-12, 0.35294117647, 0.58823529411, 0.058823529411],
      [1.9060370238e-12, 4.9044763018e-13, 0.32, 0.6, 0.079999999999],
      [0.027027027027, 0.027027027027, 0.2972972973, 0.54054054054, 0.10810810811]
    ],
    [
      [0.06976744186, 0.023255813953, 0.41860465116, 0.44186046512, 0.046511627907],
      [0.036363636364, 0.036363636364, 0.43636363636, 0.43636363636, 0.054545454545],
      [0.02358490566, 0.031446540881, 0.43867924528, 0.45125786164, 0.055031446541],
      [0.022026431718, 0.028634361233, 0.44273127753, 0.45154185022, 0.055066079295],
      [0.021978021978, 0.021978021978, 0.42857142857, 0.47252747253, 0.054945054945],
      [0.018181818182, 0.027272727273, 0.43636363636, 0.46363636364, 0.054545454545],
      [0.013698630137, 0.027397260274, 0.42465753425, 0.45205479452, 0.082191780822]
    ],
    [
      [0.086956521739, 2.2862342941e-19, 0.52173913043, 0.34782608696, 0.04347826087],
      [0.095238095238, 5.5042165551e-19, 0.52380952381, 0.33333333333, 0.047619047619],
      [0.0093896713615, 0.046948356808, 0.53051643192, 0.35211267606, 0.06103286385],
      [0.0095238095238, 0.042857142857, 0.5380952381, 0.34761904762, 0.061904761905],
      [1.2138072529e-19, 0.032258064516, 0.54838709677, 0.38709677419, 0.032258064516],
      [1.7645401853e-19, 0.02380952381, 0.52380952381, 0.38095238095, 0.071428571429],
      [1.99738786e-19, 0.02380952381, 0.52380952381, 0.33333333333, 0.11904761905]
    ],
    [
      [0.33333333317, 3.2662497139e-11, 0.16666666721, 0.49999999959, 1.6668048035e-12],
      [0.14285714284, 0.07142857145, 0.28571428595, 0.49999999964, 1.2154880145e-10],
      [0.038461538466, 0.053846153815, 0.31538461533, 0.53846153855, 0.053846153836],
      [0.037037037018, 0.037037037032, 0.33333333336, 0.53703703703, 0.055555555555],
      [6.5175340483e-11, 1.4557431841e-10, 0.46153846143, 0.53846153834, 2.6510773325e-11],
      [2.2256655328e-11, 7.3444452971e-11, 0.30769230793, 0.69230769186, 1.0865135438e-10],
      [2.3498291403e-11, 4.5107382631e-11, 0.28571428558, 0.52380952397, 0.19047619038]
    ],
    [
      [0.28566823991, 9.4706554546e-08, 0.14288723128, 0.57138728935, 5.7144758289e-05],
      [1.5654200545e-07, 0.66650725843, 1.4776713846e-05, 0.33346184713, 1.5961181018e-05],
      [0.0072995442321, 0.036495177446, 0.2627716587, 0.62044212388, 0.072991495745],
      [4.4222782799e-06, 9.6169466329e-08, 0.3103470841, 0.62068979636, 0.068958601092],
      [1.1958595106e-05, 6.4024602047e-06, 0.30767491501, 0.69228819972, 1.8524212752e-05],
      [4.7693512484e-10, 2.194849328e-07, 0.19999156852, 0.70002055283, 0.099987658688],
      [3.2146796739e-08, 3.0557548118e-05, 0.22223737722, 0.61107645793, 0.16665557515]
    ],
    [
      [0.16666664936, 2.6017095498e-08, 0.41666665765, 0.41666665135, 1.561992088e-08],
      [2.1201814201e-10, 0.49999990853, 0.25000005407, 0.24999999398, 4.3201787912e-08],
      [0.0066666686824, 0.046666665884, 0.433333331, 0.46000000268, 0.05333333175],
      [0.01063829626, 0.031914888272, 0.43617022159, 0.46808510795, 0.053191485924],
      [2.3439365209e-10, 1.1849950486e-08, 0.38461542872, 0.61538454701, 1.2191944413e-08],
      [6.0238612857e-10, 0.025000003772, 0.42499997693, 0.47500000687, 0.075000011822],
      [1.5209793117e-09, 1.9396444851e-08, 0.42105261905, 0.42105264587, 0.15789471416]
    ],
    [
      [0.055555555555, 1.014207708e-12, 0.52777777778, 0.36111111111, 0.055555555555],
      [0.068965517241, 0.03448275862, 0.51724137931, 0.34482758621, 0.034482758621],
      [0.019083969466, 0.011450381679, 0.54580152672, 0.37022900763, 0.053435114504],
      [0.017605633803, 0.0035211267606, 0.54929577465, 0.37323943662, 0.056338028169],
      [1.0142077095e-12, 1.0142077064e-12, 0.55555555555, 0.38888888889, 0.055555555555],
      [0.017543859649, 4.7123306467e-23, 0.52631578948, 0.40350877193, 0.052631578949],
      [2.3174209246e-14, 4.6348411967e-14, 0.5, 0.36363636364, 0.13636363636]
    ],
    [
      [0.10344827586, 0.034482758621, 0.51724137931, 0.31034482759, 0.034482758621],
      [1.5002798314e-17, 0.10526315789, 0.52631578947, 0.31578947368, 0.052631578947],
      [0.016042780749, 0.042780748663, 0.55080213904, 0.32620320856, 0.064171122995],
      [0.016393442623, 0.032786885246, 0.56284153005, 0.32786885246, 0.060109289617],
      [2.2388920483e-17, 0.032258064516, 0.54838709677, 0.35483870968, 0.064516129032],
      [2.9183002225e-17, 0.022727272727, 0.54545454545, 0.36363636364, 0.068181818182],
      [2.2451144698e-17, 2.5774130532e-17, 0.52941176471, 0.29411764706, 0.17647058824]
    ],
    [
      [0.28571428571, 2.4070839216e-23, 0.14285714286, 0.57142857143, 1.6958088706e-23],
      [0.090909090909, 0.090909090909, 0.15151515152, 0.63636363636, 0.030303030303],
      [0.054151624549, 0.057761732852, 0.17689530686, 0.65703971119, 0.054151624549],
      [0.041666666667, 0.041666666667, 0.22916666667, 0.64583333333, 0.041666666667],
      [0.051282051282, 0.051282051282, 0.15384615385, 0.69230769231, 0.051282051282],
      [0.04347826087, 0.04347826087, 0.13043478261, 0.73913043478, 0.04347826087],
      [0.039215686275, 0.039215686275, 0.1568627451, 0.64705882353, 0.11764705882]
    ],
    [
      [0.99812167749, 0.0015405116797, 4.6028375528e-05, 0.00027795936273, 1.3823094172e-05],
      [0.12511256908, 0.24893725688, 0.1250039023, 0.50083025415, 0.00011601759964],
      [0.083259329067, 0.016670800065, 0.24994650088, 0.55015793711, 0.099965432882],
      [0.047768382673, 0.00010658390785, 0.33313235424, 0.5234564262, 0.095536252988],
      [0.083178621684, 0.00034727114075, 0.16678650505, 0.66611731345, 0.083570288673],
      [6.1184781063e-05, 2.0775254934e-05, 0.001097294332, 0.66663898075, 0.33218176488],
      [0.077227305783, 1.8891372085e-05, 0.15404794754, 0.53828416364, 0.23042169167]
    ],
    [
      [0.13333333333, 3.0449145119e-28, 0.2, 0.6, 0.066666666667],
      [0.03125, 0.0625, 0.25, 0.59375, 0.0625],
      [0.035545023697, 0.037914691943, 0.25355450237, 0.6018957346, 0.071090047393],
      [0.032786885246, 0.032786885246, 0.27049180328, 0.59836065574, 0.065573770492],
      [0.02380952381, 0.02380952381, 0.2619047619, 0.64285714286, 0.047619047619],
      [0.032258064516, 0.032258064516, 0.22580645161, 0.64516129032, 0.064516129032],
      [0.030303030303, 0.030303030303, 0.24242424242, 0.59090909091, 0.10606060606]
    ],
    [
      [0.08, 0.04, 0.2, 0.6, 0.08],
      [0.054054054054, 0.054054054054, 0.21621621622, 0.59459459459, 0.081081081081],
      [0.032196969697, 0.054924242424, 0.21590909091, 0.61553030303, 0.081439393939],
      [0.031746031746, 0.047619047619, 0.23015873016, 0.61111111111, 0.079365079365],
      [0.022727272727, 0.045454545455, 0.22727272727, 0.63636363636, 0.068181818182],
      [0.016949152542, 0.033898305085, 0.20338983051, 0.66101694915, 0.084745762712],
      [0.031914893617, 0.042553191489, 0.21276595745, 0.60638297872, 0.10638297872]
    ],
    [
      [0.22222222193, 1.4613372399e-10, 0.33333333392, 0.44444444401, 4.8414177351e-13],
      [0.1, 0.050000000067, 0.34999999993, 0.45000000006, 0.049999999934],
      [0.02790697675, 0.07441860462, 0.39069767436, 0.45116279077, 0.055813953507],
      [0.025641025607, 0.068376068399, 0.40170940187, 0.45299145282, 0.051282051304],
      [1.4637578484e-10, 0.055555555702, 0.44444444393, 0.44444444466, 0.055555555555],
      [1.0150466575e-10, 0.038461538461, 0.38461538457, 0.50000000005, 0.076923076822],
      [3.358500849e-19, 0.06451612899, 0.38709677424, 0.45161290331, 0.096774193463]
    ],
    [
      [0.33333332581, 1.6199417863e-12, 0.16666666695, 0.49999717121, 2.8360285574e-06],
      [0.15000340322, 0.049999148157, 0.24999659952, 0.49999999864, 0.050000850466],
      [0.084745474377, 0.0084745760621, 0.29661060123, 0.53389873858, 0.076270609754],
      [0.076922204593, 4.3678629014e-07, 0.30769361579, 0.53846023145, 0.076923511385],
      [0.090909089756, 2.0736996734e-09, 0.27272573208, 0.63636053449, 4.6415995732e-06],
      [0.050000853326, 1.9893376518e-10, 0.24999829916, 0.55000169335, 0.14999915397],
      [0.071427355089, 5.1571764691e-12, 0.21428692937, 0.50000121963, 0.2142844959]
    ],
    [
      [0.49999308155, 1.8797265029e-08, 1.5031530919e-05, 0.49999173007, 1.3805113038e-07],
      [0.20000057704, 0.10000049496, 0.1999994506, 0.499998689, 7.8840435451e-07],
      [0.061538604145, 0.076922937254, 0.24615387152, 0.55384567967, 0.061538907417],
      [0.035714020598, 0.035714091855, 0.32142817764, 0.53571535234, 0.07142835756],
      [6.9760511003e-07, 1.0661112221e-06, 0.14286152025, 0.85713663155, 8.4481936305e-08],
      [1.8605506739e-07, 7.330037507e-07, 0.19999857898, 0.66666775519, 0.13333274678],
      [0.052631502435, 0.052631108502, 0.21052502537, 0.52631883459, 0.15789352911]
    ],
    [
      [0.15789473685, 4.6984787297e-12, 0.36842105265, 0.42105263155, 0.052631578947],
      [0.060606060609, 0.090909090909, 0.39393939394, 0.42424242423, 0.030303030308],
      [0.065, 0.040000000001, 0.40499999999, 0.43000000001, 0.06],
      [0.063492063491, 0.03968253968, 0.40476190478, 0.4365079365, 0.055555555551],
      [0.064516129032, 0.032258064513, 0.38709677422, 0.48387096772, 0.032258064519],
      [0.038461538462, 0.038461538462, 0.38461538459, 0.42307692311, 0.11538461538],
      [0.064516129026, 0.032258064519, 0.38709677418, 0.41935483872, 0.09677419356]
    ],
    [
      [0.4999996209, 4.5579695102e-09, 0.25000014021, 0.2499998889, 3.4542803075e-07],
      [0.2499998395, 0.24999987905, 0.2500000938, 0.25000009238, 9.5263273702e-08],
      [0.025423735172, 0.059322008741, 0.36440678254, 0.49152546801, 0.059322005535],
      [0.016666661579, 0.033333340289, 0.39999996869, 0.48333335872, 0.066666670724],
      [3.1516752207e-08, 8.5453736532e-08, 0.33333330115, 0.59999991754, 0.06666666433],
      [1.3003418517e-08, 4.2467187982e-08, 0.30000004662, 0.69999972235, 1.7555995258e-07],
      [8.5430934107e-08, 1.007947114e-07, 0.3076923553, 0.46153825692, 0.23076920155]
    ],
    [
      [0.16666666667, 9.5039834239e-23, 0.27777777778, 0.55555555556, 9.2083126955e-17],
      [0.086956521739, 0.04347826087, 0.30434782609, 0.52173913043, 0.04347826087],
      [0.034129692833, 0.037542662116, 0.31399317406, 0.55972696246, 0.054607508532],
      [0.02752293578, 0.02752293578, 0.33944954128, 0.55963302752, 0.045871559633],
      [1.4704705207e-22, 9.2082986794e-17, 0.33333333333, 0.62962962963, 0.037037037037],
      [0.023255813953, 0.023255813953, 0.3023255814, 0.55813953488, 0.093023255814],
      [0.029411764706, 0.029411764706, 0.29411764706, 0.55882352941, 0.088235294118]
    ],
    [
      [0.25, 1.1531045655e-27, 0.25, 0.5, 9.3393561726e-21],
      [0.076923076923, 0.038461538462, 0.30769230769, 0.51923076923, 0.057692307692],
      [0.049689440994, 0.040372670807, 0.32298136646, 0.52173913043, 0.065217391304],
      [0.04958677686, 0.03305785124, 0.3305785124, 0.52066115702, 0.066115702479],
      [0.029411764706, 0.029411764706, 0.38235294118, 0.5, 0.058823529412],
      [0.041666666667, 0.020833333333, 0.3125, 0.5625, 0.0625],
      [0.035714285714, 0.017857142857, 0.32142857143, 0.51785714286, 0.10714285714]
    ],
    [
      [0.046511627907, 0.023255813953, 0.53488372093, 0.3488372093, 0.046511627907],
      [0.071428571429, 0.02380952381, 0.52380952381, 0.33333333333, 0.047619047619],
      [0.024, 0.04, 0.536, 0.348, 0.052],
      [0.025641025641, 0.032967032967, 0.54212454212, 0.34798534799, 0.051282051282],
      [1.7130346076e-25, 2.0604317449e-25, 0.62962962963, 0.33333333333, 0.037037037037],
      [4.2671624868e-24, 5.2586139918e-25, 0.5, 0.45833333333, 0.041666666667],
      [4.6039000038e-25, 8.8249376853e-28, 0.53125, 0.34375, 0.125]
    ],
    [
      [0.0625, 0.041666666667, 0.41666666667, 0.4375, 0.041666666667],
      [4.4087107899e-27, 0.10714285714, 0.42857142857, 0.42857142857, 0.035714285714],
      [0.022813688213, 0.045627376426, 0.43726235741, 0.44486692015, 0.049429657795],
      [0.022988505747, 0.045977011494, 0.43965517241, 0.44252873563, 0.048850574713],
      [0.022222222222, 0.044444444444, 0.44444444444, 0.44444444444, 0.044444444444],
      [0.014492753623, 0.04347826087, 0.4347826087, 0.46376811594, 0.04347826087],
      [0.015625, 0.03125, 0.421875, 0.453125, 0.078125]
    ],
    [
      [0.1666666477, 1.0856085414e-09, 0.33333334406, 0.49999998785, 1.9309373719e-08],
      [8.1472759267e-10, 0.22222219696, 0.33333334614, 0.44444442832, 2.7755019334e-08],
      [0.0079365078226, 0.039682538341, 0.34920635314, 0.53968254037, 0.063492060329],
      [2.3036405498e-09, 0.033898306399, 0.3559322032, 0.54237287537, 0.067796612722],
      [4.5863586889e-10, 8.9866000192e-09, 0.33333331136, 0.60000001585, 0.066666663343],
      [4.1998560352e-10, 3.8678214259e-09, 0.31999998479, 0.56000001969, 0.11999999124],
      [5.4249622963e-09, 4.9553438979e-09, 0.33333333212, 0.53333332181, 0.13333333569]
    ],
    [
      [0.99107321736, 0.00012066079077, 0.0059729681742, 0.0025791797604, 0.00025397391275],
      [0.24923861223, 0.24756004562, 0.25011655755, 0.25301273051, 7.2054081313e-05],
      [0.034530939308, 0.017248031818, 0.4823019246, 0.4314432952, 0.034475809082],
      [0.036934816015, 0.018527395413, 0.46341832992, 0.44405275895, 0.037066699701],
      [0.0010185390842, 0.00025201136394, 0.45412263016, 0.54392920909, 0.00067761030409],
      [0.00028141875463, 0.00082545080878, 0.42768116349, 0.57041042521, 0.0008015417316],
      [0.00015239278586, 2.2367835771e-05, 0.40063422833, 0.40067155168, 0.19851945937]
    ],
    [
      [0.19392829401, 0, 0.58079039951, 0.22073811443, 0.004543192045],
      [0.00050502814849, 0, 0.96325133248, 0.020622526541, 0.015621112828],
      [0.0020220940032, 0, 0.70388853573, 0.24865879322, 0.045430577048],
      [0.015675907278, 0, 0.68498902346, 0.23679800005, 0.062537069207],
      [0.00078027860215, 0, 0.6289907148, 0.25196724193, 0.11826176467],
      [0.0010914475372, 0, 0.6475775643, 0.23126522217, 0.120065766],
      [0.0019984982574, 0, 0.65487546114, 0.025389693232, 0.31773634737]
    ],
    [
      [0.09375, 8.793358785e-14, 0.53125, 0.34375, 0.03125],
      [5.5173813756e-14, 0.058823529412, 0.52941176471, 0.35294117647, 0.058823529412],
      [0.015544041451, 0.031088082902, 0.53367875648, 0.36269430052, 0.056994818653],
      [0.013953488372, 0.027906976744, 0.53953488372, 0.36279069767, 0.055813953488],
      [3.75177321e-14, 0.02, 0.54, 0.38, 0.06],
      [1.1859703412e-17, 3.4743369128e-14, 0.51851851852, 0.40740740741, 0.074074074074],
      [2.2204775045e-18, 3.0256680293e-14, 0.51612903226, 0.35483870968, 0.12903225806]
    ],
    [
      [0.19730151139, 4.7139886053e-05, 0.60247652097, 0.10252074203, 0.097654085719],
      [0.33029246364, 0.32133707002, 0.34415395621, 0.0035187895285, 0.00069772059576],
      [0.00056750996524, 0.050935931112, 0.68393482142, 0.15944235959, 0.10511937791],
      [0.044051784014, 0.00031044874262, 0.71236373268, 0.15408113749, 0.089192897074],
      [0.00069114192939, 0.0042056048576, 0.66528920121, 0.32817105429, 0.0016429977106],
      [0.0020878182513, 0.0016384171858, 0.63927415023, 0.23676922757, 0.12023038677],
      [0.00083869083616, 0.00016944630518, 0.5080618957, 0.0017692494039, 0.48916071776]
    ],
    [
      [0.10526315787, 9.4352492931e-12, 0.57894736842, 0.26315789474, 0.052631578956],
      [1.8009022474e-11, 0.19999999996, 0.59999999991, 0.20000000009, 1.8910590337e-11],
      [0.010309278351, 0.030927835047, 0.60824742268, 0.28865979382, 0.061855670103],
      [0.006451612902, 0.025806451614, 0.61935483872, 0.29032258063, 0.058064516132],
      [2.5430851543e-13, 5.8551376444e-13, 0.62500000002, 0.34374999998, 0.031250000001],
      [3.1987541908e-13, 1.0901128691e-11, 0.57142857141, 0.33333333336, 0.095238095222],
      [1.8445715411e-11, 9.7073299675e-12, 0.57142857138, 0.28571428576, 0.14285714283]
    ],
    [
      [0, 0, 0.92034505899, 0.069051310072, 0.010603630939],
      [0, 0, 0, 0, 0],
      [0, 0, 0.84367658439, 0.13404985487, 0.022273560745],
      [0, 0, 0.88314746086, 0.097745051644, 0.019107487494],
      [0, 0, 0.86043013472, 0.12713891173, 0.012430953549],
      [0, 0, 0.83455509575, 0.1334411949, 0.032003709351],
      [0, 0, 0.82420162995, 0.12439723681, 0.051401133238]
    ],
    [
      [0.053333333333, 0.026666666667, 0.42666666667, 0.44, 0.053333333333],
      [0.045454545455, 0.045454545455, 0.42424242424, 0.43939393939, 0.045454545455],
      [0.034155597723, 0.030360531309, 0.43833017078, 0.44022770398, 0.056925996205],
      [0.03300330033, 0.026402640264, 0.44554455446, 0.43894389439, 0.056105610561],
      [0.034482758621, 0.01724137931, 0.46551724138, 0.43103448276, 0.051724137931],
      [0.027777777778, 0.027777777778, 0.43518518519, 0.4537037037, 0.055555555556],
      [0.029411764706, 0.014705882353, 0.42647058824, 0.44117647059, 0.088235294118]
    ],
    [
      [0.073169450541, 0.01279741, 0.77278080912, 0.14125233034, 0],
      [0.058912580047, 0.078471269854, 0.67481191228, 0.18780423782, 0],
      [0.029216474533, 0.027732363337, 0.76627552246, 0.17677563967, 0],
      [0.019558957319, 0.021261287882, 0.82215451667, 0.13702523813, 0],
