{
  "X": [
    [0, 11, 14, 97, 7],
    [35, 137, 330, 253, 26],
    [32, 195, 408, 310, 38],
    [18, 48, 67, 112, 8],
    [11, 69, 90, 155, 8],
    [37, 160, 315, 240, 11],
    [19, 47, 101, 115, 4],
    [7, 39, 109, 188, 11],
    [19, 86, 183, 300, 24],
    [10, 62, 100, 153, 11],
    [24, 116, 241, 429, 36],
    [22, 95, 264, 294, 20],
    [6, 19, 22, 159, 3],
    [6, 45, 63, 128, 14],
    [15, 67, 111, 209, 12],
    [9, 6, 41, 104, 7],
    [30, 62, 209, 127, 23],
    [59, 142, 435, 217, 43],
    [7, 22, 44, 74, 7],
    [9, 51, 57, 169, 9],
    [51, 188, 502, 558, 43],
    [10, 25, 70, 110, 9],
    [4, 17, 33, 85, 5],
    [6, 18, 55, 108, 11],
    [2, 3, 17, 62, 4],
    [0, 10, 29, 101, 5],
    [1, 29, 57, 113, 5],
    [48, 157, 371, 587, 29],
    [22, 188, 336, 229, 25],
    [33, 181, 303, 286, 29],
    [29, 111, 266, 164, 19],
    [15, 98, 154, 277, 24],
    [13, 54, 89, 31, 9],
    [17, 84, 166, 82, 39],
    [37, 349, 631, 828, 88],
    [19, 118, 197, 179, 11],
    [32, 266, 487, 351, 46],
    [11, 73, 155, 96, 19],
    [13, 128, 168, 240, 16],
    [50, 352, 547, 545, 62],
    [16, 168, 329, 194, 25],
    [7, 38, 32, 67, 5],
    [22, 34, 113, 226, 21],
    [4, 2, 12, 146, 1],
    [10, 69, 75, 236, 10],
    [21, 70, 226, 311, 30],
    [26, 114, 334, 431, 21],
    [7, 42, 66, 101, 4],
    [4, 27, 28, 144, 5],
    [5, 4, 35, 181, 20],
    [3, 42, 29, 101, 3],
    [3, 17, 20, 80, 5],
    [5, 7, 39, 140, 11],
    [2, 9, 14, 109, 2],
    [4, 38, 34, 100, 7],
    [40, 112, 360, 364, 46],
    [6, 56, 154, 137, 29],
    [37, 266, 482, 798, 47],
    [15, 63, 143, 188, 15],
    [108, 195, 492, 648, 77],
    [8, 7, 75, 114, 10]
  ],
  "W": [
    [1, 13, 106, 3, 6],
    [31, 333, 301, 81, 35],
    [52, 434, 347, 83, 67],
    [23, 79, 120, 20, 11],
    [16, 95, 177, 29, 16],
    [32, 341, 268, 79, 43],
    [38, 70, 134, 26, 18],
    [13, 101, 183, 36, 21],
    [15, 187, 319, 61, 30],
    [3, 110, 150, 52, 21],
    [16, 250, 442, 94, 44],
    [15, 256, 293, 86, 45],
    [3, 27, 165, 11, 3],
    [5, 70, 141, 28, 12],
    [12, 114, 211, 47, 30],
    [8, 38, 104, 12, 5],
    [36, 194, 129, 45, 47],
    [66, 424, 238, 90, 78],
    [12, 39, 74, 20, 9],
    [17, 53, 186, 22, 17],
    [105, 476, 596, 107, 58],
    [19, 69, 116, 8, 12],
    [7, 29, 92, 11, 5],
    [6, 50, 120, 11, 11],
    [4, 14, 64, 2, 4],
    [3, 27, 98, 5, 12],
    [3, 51, 105, 35, 11],
    [87, 341, 644, 78, 42],
    [34, 388, 248, 77, 53],
    [39, 351, 317, 73, 52],
    [33, 291, 196, 41, 28],
    [24, 165, 294, 45, 40],
    [11, 106, 37, 29, 13],
    [19, 203, 91, 33, 42],
    [71, 725, 903, 154, 80],
    [17, 223, 205, 54, 25],
    [36, 558, 401, 121, 66],
    [16, 184, 112, 26, 16],
    [15, 188, 268, 61, 33],
    [66, 646, 617, 144, 83],
    [23, 365, 243, 76, 25],
    [4, 43, 77, 13, 12],
    [17, 123, 221, 31, 24],
    [2, 14, 142, 3, 4],
    [22, 83, 255, 18, 22],
    [25, 243, 291, 58, 41],
    [30, 320, 435, 101, 40],
    [5, 61, 119, 23, 12],
    [1, 25, 153, 18, 11],
    [3, 44, 167, 9, 22],
    [3, 36, 112, 19, 8],
    [10, 19, 83, 9, 4],
    [13, 37, 133, 8, 11],
    [4, 16, 108, 5, 3],
    [6, 37, 115, 17, 8],
    [48, 370, 350, 90, 64],
    [3, 162, 166, 35, 16],
    [66, 497, 802, 150, 115],
    [18, 154, 190, 42, 20],
    [115, 543, 656, 105, 101],
    [18, 61, 114, 9, 12]
  ],
  "method": "mvn_cdf",
  "mvncdf_method": "genz",
  "mvncdf_samples": 5000,
  "mvncdf_error": 1e-06,
  "cond_prob": [
    [
      [0.13468927488, 1.9003508666e-05, 0.75588011911, 0.10941142033, 1.8216121904e-07],
      [0.0078558060542, 0.19166193216, 0.69351173622, 1.65928187e-11, 0.10697052555],
      [9.5172504807e-05, 0.067931350942, 0.013965267612, 0.88638305491, 0.031625154035],
      [0.008550746266, 0.3005689717, 0.47355194807, 0.21732833331, 6.5714267347e-10],
      [0.02278357697, 0.12982120305, 0.19846345134, 0.29402177693, 0.35490999171]
    ],
    [
      [0.4488964276, 1.1955890174e-05, 0.52100563495, 0.030085936223, 4.534438514e-08],
      [0.037522401878, 0.20832962429, 0.71843136494, 7.189186174e-12, 0.035716608888],
      [0.00085607309817, 0.15700403174, 0.034911920881, 0.78398573733, 0.023242236954],
      [0.044586176843, 0.32423851001, 0.53846562409, 0.092709688801, 2.6251065831e-10],
      [0.17362757182, 0.16658260936, 0.31167576287, 0.17161706547, 0.17649699048]
    ],
    [
      [0.28756334253, 2.0854718786e-05, 0.66021778861, 0.052197949706, 6.4437758716e-08],
      [0.021238776625, 0.24038582199, 0.68959451259, 1.0128090943e-11, 0.048780888783],
      [0.00039413811925, 0.12736671569, 0.024685586301, 0.82848258527, 0.019070974619],
      [0.021799929434, 0.36148668952, 0.50133722638, 0.11537615444, 2.2991296767e-10],
      [0.097770182566, 0.23086318214, 0.24153715625, 0.23979313697, 0.19003634208]
    ],
    [
      [0.50641273727, 2.2044628143e-05, 0.42367320032, 0.069891959901, 5.7885954059e-08],
      [0.04850663594, 0.31206430096, 0.59058190196, 1.6648347424e-11, 0.048847161126],
      [0.00049676238831, 0.11545860384, 0.011971260293, 0.85681928718, 0.015254086296],
      [0.045638758108, 0.43880984326, 0.34222705224, 0.17332434616, 2.3732510847e-10],
      [0.14607983236, 0.22149390268, 0.16082188402, 0.31359310835, 0.15801127259]
    ],
    [
      [0.34873355103, 2.55044682e-05, 0.59484311261, 0.056397788366, 4.3526127681e-08],
      [0.023875203195, 0.3387195513, 0.60709070415, 1.0049168479e-11, 0.030314541346],
      [0.00036240247327, 0.13545855192, 0.01720680791, 0.83322827248, 0.013743965222],
      [0.026466313971, 0.41172464659, 0.42260565735, 0.13920338185, 2.391486159e-10],
      [0.094915288896, 0.23759056134, 0.2168948815, 0.31166181957, 0.1389374487]
    ],
    [
      [0.39143744566, 1.0749438546e-05, 0.55188802053, 0.056663751381, 3.2995358907e-08],
      [0.024342310267, 0.21079311937, 0.74677371389, 8.5900248499e-12, 0.018090856471],
      [0.00069608976618, 0.17027126533, 0.021236883181, 0.8007993453, 0.0069964164288],
      [0.042390167292, 0.35478216332, 0.46134604562, 0.14148162365, 1.2011168902e-10],
      [0.17783010386, 0.26134203075, 0.27863703697, 0.17470754803, 0.10748328038]
    ],
    [
      [0.30282535477, 1.2318570943e-05, 0.66121797711, 0.035944319792, 2.9752726439e-08],
      [0.023086113349, 0.21338899869, 0.74018223349, 8.4948240681e-12, 0.02334265446],
      [0.00060092536909, 0.17144570558, 0.032246032053, 0.78443752424, 0.011269812758],
      [0.041838460797, 0.28916893465, 0.56934711775, 0.099645486606, 1.9070333445e-10],
      [0.18019313548, 0.19009085683, 0.35239779428, 0.14540957954, 0.13190863386]
    ],
    [
      [0.23911184736, 1.4482761137e-05, 0.66629511772, 0.094578501622, 5.0544088585e-08],
      [0.020551563165, 0.18709096597, 0.75313974772, 2.0965278004e-11, 0.039217723127],
      [0.00020230017358, 0.060834421173, 0.0143783272, 0.90945726658, 0.015127684875],
      [0.016798839313, 0.25299589424, 0.48910024468, 0.24110502149, 2.8097217271e-10],
      [0.076886618185, 0.13746371375, 0.23231142738, 0.39023329087, 0.16310494982]
    ],
    [
      [0.40716502058, 1.477640645e-05, 0.52593392048, 0.066886215831, 6.6694197953e-08],
      [0.034316458021, 0.20117085841, 0.70997383441, 1.512008429e-11, 0.05453884915],
      [0.00044147366336, 0.076983964499, 0.016570470381, 0.88717586085, 0.018828230611],
      [0.038154796671, 0.30677745323, 0.46473425215, 0.19033349762, 3.3881677963e-10],
      [0.12990707297, 0.15375420808, 0.23050440787, 0.27832109581, 0.20751321527]
    ],
    [
      [0.44236599625, 1.6391607494e-05, 0.48367091141, 0.073946652425, 4.8307615343e-08],
      [0.033006817238, 0.21418302602, 0.71105278741, 1.8722824735e-11, 0.041757369313],
      [0.00035622306812, 0.077841669794, 0.011802725975, 0.89744891818, 0.012550462986],
      [0.035536562664, 0.35616904395, 0.3798857385, 0.22840865462, 2.6980821742e-10],
      [0.12085045236, 0.18370256379, 0.18188415751, 0.3431540965, 0.17040872984]
    ],
    [
      [0.4077326876, 1.214650314e-05, 0.52311724434, 0.069137846166, 7.5383585574e-08],
      [0.036949493507, 0.2078304289, 0.68333973917, 1.62091885e-11, 0.07188033841],
      [0.00036992039775, 0.067930274677, 0.014349362569, 0.89989129813, 0.017459144221],
      [0.031887627866, 0.32710270407, 0.41901898095, 0.22199068668, 4.3062648733e-10],
      [0.10801704423, 0.16170837782, 0.20197706208, 0.30764537586, 0.22065214001]
    ],
    [
      [0.34698870782, 1.4862313709e-05, 0.59080396176, 0.062192422618, 4.5492238444e-08],
      [0.028802438637, 0.18751798469, 0.74467260021, 1.593091448e-11, 0.03900697644],
      [0.00048223200559, 0.079690615611, 0.021192815311, 0.88303704693, 0.015597290147],
      [0.032425856311, 0.31444807643, 0.45133340864, 0.2017926584, 2.1556616813e-10],
      [0.11766327979, 0.15851821699, 0.24838442883, 0.33695247889, 0.13848159549]
    ],
    [
      [0.71821718378, 7.0147719695e-06, 0.22540547815, 0.056370296377, 2.6926458231e-08],
      [0.13025928447, 0.22617152466, 0.58143059621, 3.5896923669e-11, 0.062138594626],
      [0.00088674140519, 0.052980741857, 0.010756912518, 0.92851961543, 0.0068559887883],
      [0.10906125897, 0.23765431677, 0.36992416157, 0.28336026249, 1.9144179627e-10],
      [0.28758384585, 0.15394091804, 0.13402774823, 0.32657735429, 0.097870133593]
    ],
    [
      [0.39266606323, 2.0899672461e-05, 0.53771330865, 0.069599601926, 1.2652440346e-07],
      [0.030457071903, 0.24293625686, 0.62581908091, 1.5928513031e-11, 0.10078759031],
      [0.00036352674637, 0.09198110789, 0.015521277553, 0.85949141129, 0.032642676521],
      [0.028285509823, 0.44479538483, 0.33358347838, 0.1933356264, 5.6880955137e-10],
      [0.10128555762, 0.22157602553, 0.11211650702, 0.2129456229, 0.35207628693]
    ],
    [
      [0.41562454004, 1.4998911651e-05, 0.50404386726, 0.080316548307, 4.5476544792e-08],
      [0.034584053568, 0.26871416628, 0.65258216843, 2.1500968282e-11, 0.044119611704],
      [0.00037021516419, 0.094771291627, 0.014595132652, 0.87723844632, 0.013024914232],
      [0.035574428465, 0.37372670056, 0.41642121918, 0.17427765155, 2.3911165801e-10],
      [0.12652812921, 0.17560115939, 0.2042459677, 0.34192675684, 0.15169798686]
    ],
    [
      [0.59734521383, 5.6275366767e-06, 0.34881092149, 0.053838181876, 5.5266669777e-08],
      [0.074333362754, 0.088390546162, 0.7616218702, 1.9502407848e-11, 0.075654220864],
      [0.00088931617329, 0.048827893014, 0.017764316623, 0.90277400056, 0.029744473635],
      [0.079360548372, 0.18876223825, 0.53223810144, 0.19963911145, 4.8905293378e-10],
      [0.21998591698, 0.078111418945, 0.12960058112, 0.31374036192, 0.25856172102]
    ],
    [
      [0.42309218998, 1.1428434735e-05, 0.53414359737, 0.042752727783, 5.6428981868e-08],
      [0.033297081867, 0.16164394936, 0.75582622851, 9.8777416936e-12, 0.049232740255],
      [0.00072800428956, 0.10699219468, 0.028504419519, 0.83936494575, 0.024410435762],
      [0.038850876344, 0.28284912322, 0.55787020777, 0.12042979236, 3.1198553708e-10],
      [0.1579975702, 0.13777904042, 0.29022488302, 0.21374522513, 0.20025328123]
    ],
    [
      [0.40225569193, 1.0745236016e-05, 0.56444221069, 0.033291301656, 5.0489995989e-08],
      [0.033744680878, 0.17219207949, 0.74821782109, 7.7849203983e-12, 0.045845418539],
      [0.00097717742768, 0.13473537493, 0.036595248272, 0.79546696224, 0.032225237132],
      [0.044647885868, 0.31682503543, 0.52835111919, 0.1101759592, 3.240669928e-10],
      [0.15541623192, 0.1782593976, 0.29122404969, 0.17053546363, 0.20456485717]
    ],
    [
      [0.36210867763, 1.668377023e-05, 0.55023104798, 0.087643496107, 9.4505508411e-08],
      [0.027688992914, 0.21908280556, 0.67671070388, 1.8525242336e-11, 0.076517497628],
      [0.00030802700531, 0.079563829814, 0.013731157018, 0.88455681015, 0.021840176009],
      [0.028274343534, 0.33191967763, 0.42380109183, 0.2160048866, 4.1816041937e-10],
      [0.095868435055, 0.15594307604, 0.18462650337, 0.31603888187, 0.24752310367]
    ],
    [
      [0.33764542831, 2.5044820414e-05, 0.57670237451, 0.085627075525, 7.6842634881e-08],
      [0.022438789384, 0.29286022923, 0.63552780983, 1.5290452706e-11, 0.049173171548],
      [0.00028333261065, 0.12083666159, 0.014542968794, 0.84795928866, 0.016377748346],
      [0.020789796229, 0.42839785685, 0.37988949598, 0.17092285067, 2.7428708737e-10],
      [0.086425011603, 0.24476202087, 0.19031153636, 0.30273655818, 0.17576487299]
    ],
    [
      [0.30113641616, 1.7303875971e-05, 0.63352877207, 0.065317442763, 6.5129628475e-08],
      [0.022747014004, 0.19713290819, 0.73433691961, 1.3129035435e-11, 0.04578315819],
      [0.00036495850643, 0.10011303875, 0.020545344147, 0.85914371583, 0.019832942773],
      [0.026199577811, 0.31123541261, 0.49752124252, 0.16504376679, 2.757790951e-10],
      [0.096754883183, 0.16899038851, 0.27242487511, 0.28124247135, 0.18058738185]
    ],
    [
      [0.33478547148, 1.4080315686e-05, 0.59342304524, 0.071777328874, 7.4086911404e-08],
      [0.028225966767, 0.19647653181, 0.7152282203, 1.6748164359e-11, 0.060069281103],
      [0.00033524582107, 0.073159723395, 0.017112599717, 0.8910123256, 0.018380105462],
      [0.028847404777, 0.30086227983, 0.47462037023, 0.19566994484, 3.2160561594e-10],
      [0.099468769051, 0.14929737878, 0.23194280036, 0.30528554508, 0.21400550674]
    ],
    [
      [0.33992426143, 1.4429776308e-05, 0.58785161581, 0.072209621298, 7.1683492832e-08],
      [0.024115052813, 0.1888208739, 0.72956239369, 1.4769774924e-11, 0.057501679575],
      [0.00030765468574, 0.080192521824, 0.018488428638, 0.88173255816, 0.019278836689],
      [0.026306999767, 0.30713194238, 0.48106178349, 0.18549927402, 3.3620367464e-10],
      [0.091661045459, 0.16058806362, 0.22721172408, 0.29841831121, 0.22212085563]
    ],
    [
      [0.30718112718, 9.2659062614e-06, 0.63998128529, 0.05282823031, 9.1319707207e-08],
      [0.041910745655, 0.16127738347, 0.69084341245, 1.4454107305e-11, 0.1059684584],
      [0.0006381993944, 0.081627295728, 0.021636036476, 0.86501117905, 0.031087289351],
      [0.043887563208, 0.27456161932, 0.54400383894, 0.13754697814, 3.9241322187e-10],
      [0.12298286231, 0.12232864114, 0.24564025616, 0.18261086722, 0.32643737318]
    ],
    [
      [0.28756761625, 8.2163920967e-06, 0.61846689969, 0.093957179493, 8.8172658296e-08],
      [0.021980154706, 0.09961840776, 0.80733274787, 1.6326588669e-11, 0.071068689648],
      [0.00020878517579, 0.034893033369, 0.014509278471, 0.9324213693, 0.017967533688],
      [0.024149319028, 0.21643336542, 0.56920869833, 0.19020861678, 4.4020533684e-10],
      [0.057273045354, 0.1184852081, 0.19122175819, 0.3496951204, 0.28332486796]
    ],
    [
      [0.11199708394, 1.6275479409e-05, 0.7515289581, 0.13645759572, 8.6763943779e-08],
      [0.01061694623, 0.15390416028, 0.77365694446, 2.2368504851e-11, 0.061821949007],
      [7.3721109532e-05, 0.041654330894, 0.011002683007, 0.93926480605, 0.0080044589353],
      [0.0090572390925, 0.30410269576, 0.45559796044, 0.2312421044, 3.1436347288e-10],
      [0.036681463669, 0.13190157819, 0.25707298223, 0.42377826159, 0.15056571431]
    ],
    [
      [0.19275582911, 2.8459958921e-05, 0.6767922071, 0.13042345403, 4.9804255789e-08],
      [0.010340411353, 0.17588822952, 0.7647505067, 2.7693100341e-11, 0.049020852395],
      [0.000107440181, 0.057981823242, 0.010124587064, 0.92358993905, 0.0081962104579],
      [0.0097617994782, 0.31880513737, 0.37357038405, 0.29786267888, 2.1997999861e-10],
      [0.042541560385, 0.15983679296, 0.17488985955, 0.49070848412, 0.13202330298]
    ],
    [
      [0.35994565251, 1.6052602999e-05, 0.58247760146, 0.057560654848, 3.858312268e-08],
      [0.03362049735, 0.19014258516, 0.73986393672, 1.1488327028e-11, 0.03637298076],
      [0.00039691732563, 0.097617770805, 0.019847494863, 0.867793176, 0.014344641011],
      [0.031754479731, 0.28038094198, 0.53292366344, 0.15494091459, 2.5194650513e-10],
      [0.12225683244, 0.14551461849, 0.27103993092, 0.2855714689, 0.17561714925]
    ],
    [
      [0.2974058613, 3.0128751957e-05, 0.63726108379, 0.065302866805, 5.9347218333e-08],
      [0.019059099671, 0.26511090085, 0.68240018957, 1.0325953469e-11, 0.033429809902],
      [0.0002594025179, 0.1484536177, 0.016820348281, 0.82030182496, 0.014164806544],
      [0.023786217024, 0.44323898594, 0.40168364971, 0.13129114709, 2.3786054228e-10],
      [0.073944166385, 0.23537016368, 0.27594037824, 0.26731450267, 0.14743078902]
    ],
    [
      [0.36050999781, 2.2316824458e-05, 0.58562669433, 0.053840935757, 5.5273255421e-08],
      [0.027023315283, 0.25775396661, 0.67321756426, 1.0864302309e-11, 0.042005153829],
      [0.00042742931479, 0.14222682823, 0.019611045559, 0.82047138283, 0.017263314069],
      [0.029944125274, 0.40840928649, 0.42343580124, 0.13821078675, 2.4076795709e-10],
      [0.11554743833, 0.25582435559, 0.21843471973, 0.24076347436, 0.169430012]
    ],
    [
      [0.39521774988, 1.5190462057e-05, 0.5746361801, 0.03013084419, 3.5369276607e-08],
      [0.036683805155, 0.22068269661, 0.70839751416, 6.486551925e-12, 0.034235984066],
      [0.00090619488583, 0.18799210229, 0.041160562326, 0.74840896993, 0.021532170568],
      [0.041717574203, 0.37316247774, 0.48698243977, 0.098137508067, 2.1968306691e-10],
      [0.14975225286, 0.20353229818, 0.29450674841, 0.18027387999, 0.17193482056]
    ],
    [
      [0.29877172044, 2.4267070634e-05, 0.61460281192, 0.086601117124, 8.3448184098e-08],
      [0.022285167, 0.27125345438, 0.64343086089, 1.7190551355e-11, 0.063030517712],
      [0.00026115349596, 0.1044012989, 0.013969784718, 0.86342471597, 0.017943046919],
      [0.023809167667, 0.3900371473, 0.39658683225, 0.18956685247, 3.1796282304e-10],
      [0.079096504716, 0.19217910486, 0.20980709074, 0.29817375985, 0.22074353983]
    ],
    [
      [0.48539344575, 1.7674392635e-05, 0.48625241576, 0.028336408367, 5.5728817103e-08],
      [0.03348070731, 0.28210297191, 0.63550001342, 7.3782061396e-12, 0.048916307351],
      [0.00086113120459, 0.21505029319, 0.026632159541, 0.73127163186, 0.026184784209],
      [0.040680184332, 0.46002104495, 0.41981143405, 0.07948733638, 2.8846758403e-10],
      [0.17878232709, 0.27080184549, 0.22655117553, 0.12160469761, 0.20225995427]
    ],
    [
      [0.21777774787, 2.6474990137e-05, 0.72890586744, 0.053289654674, 2.5502051148e-07],
      [0.015465452484, 0.33026797695, 0.5368575109, 1.1016192326e-11, 0.11740905966],
      [0.0012831916472, 0.12374667365, 0.027708517074, 0.75884189268, 0.088419724946],
      [0.030502798722, 0.57391137834, 0.31076922499, 0.084816597079, 8.6201499912e-10],
      [0.064180694059, 0.1235420684, 0.32910537155, 0.087770756319, 0.39540110967]
    ],
    [
      [0.25207588721, 2.0068052991e-05, 0.67900958957, 0.068894363247, 9.1914126277e-08],
      [0.022489952459, 0.24133397757, 0.67325349617, 1.6258440766e-11, 0.062922573787],
      [0.00021700815627, 0.11889985509, 0.017368343879, 0.8445512926, 0.018963500274],
      [0.0183889155, 0.4253153667, 0.39106733297, 0.16522838444, 3.8884223586e-10],
      [0.073119094025, 0.21400597719, 0.22089753291, 0.2650768859, 0.22690050997]
    ],
    [
      [0.46537915992, 1.4175936707e-05, 0.50461109258, 0.029995540753, 3.0815444804e-08],
      [0.02551866434, 0.31369707451, 0.63564957917, 9.9994824762e-12, 0.025134681973],
      [0.00061457589727, 0.20066736944, 0.031635487983, 0.74813776622, 0.018944800465],
      [0.032700786386, 0.43289737336, 0.38665678604, 0.14774505405, 1.5972911149e-10],
      [0.10873281486, 0.28505022566, 0.27739131553, 0.16711626256, 0.16170938138]
    ],
    [
      [0.30993460583, 2.3239794988e-05, 0.63954946112, 0.05049263069, 6.2569230937e-08],
      [0.021532694124, 0.25532965202, 0.67944057302, 8.8590576505e-12, 0.043697080828],
      [0.00040285328382, 0.16195531173, 0.025534589982, 0.79024234018, 0.021864904818],
      [0.024688577641, 0.41735690104, 0.43955801864, 0.11839650242, 2.6609411171e-10],
      [0.099234531678, 0.25413226984, 0.25122620756, 0.21676832919, 0.17863866173]
    ],
    [
      [0.28591324611, 1.9093792452e-05, 0.65442847718, 0.05963907488, 1.0803638056e-07],
      [0.02039841233, 0.17923160018, 0.74523858681, 7.8617409171e-12, 0.055131400673],
      [0.0003032046985, 0.14879064389, 0.022502269256, 0.79965834542, 0.028745536727],
      [0.025287744647, 0.37843377339, 0.48434562346, 0.11193285802, 4.7601598232e-10],
      [0.088516120114, 0.25559946067, 0.21932437539, 0.1813840826, 0.25517596122]
    ],
    [
      [0.31625372374, 3.2122443223e-05, 0.61396475863, 0.069749331773, 6.340883922e-08],
      [0.018489511586, 0.29748216217, 0.6454530579, 1.0416575463e-11, 0.038575268337],
      [0.00029446972371, 0.1479826667, 0.019011926179, 0.81876127286, 0.013949664538],
      [0.021538426751, 0.4804202068, 0.35231783367, 0.14572353254, 2.3849857473e-10],
      [0.076116533301, 0.27552740218, 0.21044720962, 0.28168411345, 0.15622474145]
    ],
    [
      [0.34675058971, 2.5513482661e-05, 0.59519564264, 0.058028183741, 7.0429273777e-08],
      [0.023904950395, 0.28031512453, 0.64663319974, 1.1492750926e-11, 0.04914672533],
      [0.00037301533921, 0.14350874871, 0.018798976233, 0.81690405875, 0.02041520097],
      [0.023879179309, 0.4528335829, 0.3933934483, 0.12989378921, 2.7862476359e-10],
      [0.097883266708, 0.2501123174, 0.22488336595, 0.23880190693, 0.18831914302]
    ],
    [
      [0.23569842181, 2.0645520311e-05, 0.73194591948, 0.032334955793, 5.7394840373e-08],
      [0.015261586884, 0.20798855723, 0.73450057837, 5.5077142525e-12, 0.042249277504],
      [0.00046282888226, 0.21910653284, 0.039428742136, 0.70948240047, 0.031519495669],
      [0.024065679277, 0.36117761441, 0.52694591148, 0.087810794594, 2.3904837741e-10],
      [0.089887389263, 0.25249842486, 0.33150371867, 0.15672608467, 0.16938438253]
    ],
    [
      [0.56119106077, 2.5847754621e-05, 0.38684833416, 0.051934710047, 4.7276485935e-08],
      [0.047936354077, 0.37868632618, 0.5322308182, 1.2588525607e-11, 0.041146501525],
      [0.00063986461532, 0.18047098786, 0.013191564245, 0.79128827113, 0.014409312153],
      [0.040753234427, 0.519313752, 0.30434099997, 0.13559201341, 1.9696651577e-10],
      [0.17031403915, 0.30229334521, 0.16231478754, 0.2249291435, 0.1401486846]
    ],
    [
      [0.57087208064, 7.1138859541e-06, 0.35680449798, 0.072316228214, 7.9285959772e-08],
      [0.063932118888, 0.16388376776, 0.6694998841, 2.6498273682e-11, 0.10268422923],
      [0.0004550502686, 0.050640622255, 0.01254076492, 0.91727234341, 0.019091219149],
      [0.061993410024, 0.26910454693, 0.42498062495, 0.24392141751, 5.8072423587e-10],
      [0.16771592127, 0.1178223321, 0.1101976285, 0.38190685625, 0.22235726187]
    ],
    [
      [0.76410319678, 3.6023634536e-06, 0.15477152519, 0.08112164755, 2.8125524197e-08],
      [0.12310700805, 0.10724527374, 0.71794349747, 3.3233279406e-11, 0.051704220704],
      [0.00043542314791, 0.033355109877, 0.0058699202662, 0.95607202512, 0.0042675215879],
      [0.072557499765, 0.21920926201, 0.30451191118, 0.40372132689, 1.6525401895e-10],
      [0.41185377125, 0.096537390326, 0.10196773705, 0.31771395958, 0.071927141791]
    ],
    [
      [0.31363878695, 3.5735560015e-05, 0.58451713719, 0.1018082593, 8.0997886728e-08],
      [0.020504416844, 0.3553313319, 0.58287664105, 2.0575123302e-11, 0.041287610186],
      [0.00016418726467, 0.088802425974, 0.0073742103762, 0.89312551453, 0.010533661857],
      [0.01536545547, 0.49201254606, 0.29792716162, 0.19469483667, 1.7671934597e-10],
      [0.065057398596, 0.25938968644, 0.15406843651, 0.37679673356, 0.14468774489]
    ],
    [
      [0.38275703724, 1.3689776317e-05, 0.50168070738, 0.11554847744, 8.8160843211e-08],
      [0.026497218879, 0.18942712113, 0.7187183411, 3.0303153196e-11, 0.065357318864],
      [0.0002387104698, 0.051769473319, 0.012528026621, 0.92049109775, 0.01497269184],
      [0.026358666181, 0.23882307207, 0.42886755358, 0.30595070782, 3.4408626001e-10],
      [0.079786397665, 0.10968076235, 0.19218022943, 0.40964222053, 0.20871039003]
    ],
    [
      [0.39100763719, 1.204293474e-05, 0.52659726016, 0.0823830102, 4.9523056342e-08],
      [0.021862975295, 0.16390731867, 0.7842832648, 1.4361142673e-11, 0.029946441217],
      [0.00024895837004, 0.059324473594, 0.019467346, 0.90958389284, 0.011375329197],
      [0.033882945173, 0.2829915685, 0.45377090699, 0.22935457919, 1.4834398483e-10],
      [0.10748332206, 0.14982006012, 0.28282959159, 0.33232638682, 0.1275406394]
    ],
    [
      [0.45269320631, 2.2848845292e-05, 0.50880837856, 0.038475527591, 3.8696934426e-08],
      [0.020675208669, 0.20131345026, 0.76555013124, 5.8858216456e-12, 0.012461209828],
      [0.00078800770669, 0.17375156905, 0.025341856435, 0.78628233685, 0.013836229964],
      [0.035761727192, 0.38000839636, 0.48727817031, 0.096951705975, 1.632997487e-10],
      [0.13930163928, 0.26983201657, 0.23900147233, 0.22604641858, 0.12581845324]
    ],
    [
      [0.46850943546, 1.5752032919e-05, 0.45647997054, 0.074994791744, 5.0222276652e-08],
      [0.045980455909, 0.24511747156, 0.66105519675, 1.8912322704e-11, 0.047846875765],
      [0.00038812222267, 0.078894688981, 0.011773083353, 0.89645897241, 0.012485133031],
      [0.038223512325, 0.3496858594, 0.39543874569, 0.21665188233, 2.5122791289e-10],
      [0.13051300334, 0.17375337413, 0.18038288169, 0.36433977752, 0.15101096332]
    ],
    [
      [0.44999438711, 1.9147409057e-05, 0.34874897081, 0.20123728105, 2.1362290378e-07],
      [0.025660953762, 0.13863119871, 0.59079189856, 6.5134437256e-11, 0.2449159489],
      [0.00014693372105, 0.01877482624, 0.0038785893121, 0.95621151471, 0.020988136021],
      [0.029876924717, 0.1977571096, 0.22889673469, 0.5434692299, 1.0828299902e-09],
      [0.020811581918, 0.052816846141, 0.1104824736, 0.51420872779, 0.30168037055]
    ],
    [
      [0.34122193231, 3.7355877502e-05, 0.54504867352, 0.11369198535, 5.2944958388e-08],
      [0.022376628493, 0.4302706237, 0.50870970701, 1.807936381e-11, 0.038643040781],
      [0.00023999895779, 0.18793632029, 0.011929866205, 0.79160019414, 0.0082936204075],
      [0.015425082292, 0.57305824291, 0.25018781033, 0.16132886434, 1.2542949653e-10],
      [0.082592137635, 0.34982052288, 0.14262532719, 0.30933003747, 0.11563197483]
    ],
    [
      [0.23991761925, 2.8922952799e-05, 0.60262593786, 0.15742736404, 1.5590087602e-07],
      [0.012191555107, 0.29760117014, 0.60138785576, 2.5553779836e-11, 0.088819418968],
      [8.9866200223e-05, 0.088522806751, 0.0071884101588, 0.88233774655, 0.021861170345],
      [0.011499352202, 0.38888671736, 0.25767201705, 0.34194191299, 3.9761008154e-10],
      [0.038363221554, 0.19175002661, 0.1297037551, 0.38101183145, 0.25917116528]
    ],
    [
      [0.27241344259, 1.0829918561e-05, 0.51513187727, 0.21244364175, 2.0847531321e-07],
      [0.020398948367, 0.16513964298, 0.64835993117, 3.9146217821e-11, 0.16610147744],
      [0.00016049942832, 0.048834647332, 0.0054196001171, 0.92306171008, 0.022523543047],
      [0.017021252237, 0.2212773871, 0.40250308003, 0.35919827993, 7.06924514e-10],
      [0.045464420483, 0.074466754178, 0.12659317477, 0.47797450863, 0.27550114194]
    ],
    [
      [0.25574911028, 1.9394685138e-05, 0.52106131524, 0.22317012677, 5.3026409653e-08],
      [0.014167767549, 0.24891383872, 0.68048284401, 4.1044771141e-11, 0.056435549678],
      [8.0377733852e-05, 0.029876172113, 0.0050375307928, 0.95981945034, 0.005186469019],
      [0.016628373029, 0.32530448335, 0.34580543092, 0.31226171248, 2.2595456221e-10],
      [0.036231913625, 0.1516462899, 0.092730516354, 0.56440454467, 0.15498673546]
    ],
    [
      [0.33727377695, 2.7790736291e-05, 0.58384226533, 0.078856076725, 9.0262490184e-08],
      [0.018794832522, 0.2972257912, 0.62569806749, 1.0077079894e-11, 0.058281308778],
      [0.00028692926539, 0.13766839287, 0.014788847481, 0.82547514609, 0.021780684294],
      [0.018975414848, 0.4668136633, 0.36880154231, 0.14540937923, 3.0979787846e-10],
      [0.071127694233, 0.283856402, 0.15668685532, 0.26524078155, 0.22308826689]
    ],
    [
      [0.36783220694, 1.3590910724e-05, 0.55985625956, 0.072297862218, 8.0372636012e-08],
      [0.030260354019, 0.16578575359, 0.73960931906, 1.9592271895e-11, 0.064344573312],
      [0.00032887075418, 0.063535826777, 0.014335490905, 0.90259508591, 0.019204725657],
      [0.035015550826, 0.2613950821, 0.4746704267, 0.22891894, 3.795302283e-10],
      [0.11032110854, 0.12447367246, 0.22272527802, 0.31934640495, 0.22313353604]
    ],
    [
      [0.29774422859, 6.5581988869e-06, 0.65492712694, 0.047321926372, 1.5990289355e-07],
      [0.04965081925, 0.23840585032, 0.52797703761, 8.8661575009e-12, 0.18396629281],
      [0.0011779283923, 0.15387965025, 0.033566446618, 0.74101628637, 0.070359688377],
      [0.017039442954, 0.21312326728, 0.70912604314, 0.060711246073, 5.5698355656e-10],
      [0.060536730621, 0.13251567174, 0.18778841059, 0.12609466785, 0.4930645192]
    ],
    [
      [0.30457810364, 2.2961051247e-05, 0.58111820475, 0.11428064788, 8.2676833483e-08],
      [0.019628450059, 0.2455677505, 0.68010515582, 2.1512896451e-11, 0.054698643601],
      [0.00021890094243, 0.07382866237, 0.01562294657, 0.89294862308, 0.017380867038],
      [0.020432338944, 0.3367685215, 0.4147350376, 0.2280641017, 2.6106222304e-10],
      [0.074094699269, 0.20315456473, 0.23684733863, 0.31068588493, 0.17521751244]
    ],
    [
      [0.36008108941, 1.542523356e-05, 0.54693141216, 0.0929720074, 6.5795560684e-08],
      [0.030879654863, 0.20528459434, 0.71252146458, 1.9580105889e-11, 0.051314286195],
      [0.00031258112649, 0.077705578387, 0.014165941174, 0.89250070625, 0.015315193065],
      [0.030650822547, 0.32825752225, 0.4387887569, 0.20230289802, 2.8325108072e-10],
      [0.1040519705, 0.1599233317, 0.20225982779, 0.35556519763, 0.17819967238]
    ],
    [
      [0.5582659738, 1.3065674225e-05, 0.37727955559, 0.064441331994, 7.2941422316e-08],
      [0.055767321241, 0.21769668348, 0.64529586861, 1.8115250366e-11, 0.081240126655],
      [0.00067293597124, 0.078803698455, 0.013883542321, 0.88505622994, 0.021583593314],
      [0.063790745747, 0.25042393794, 0.49124035727, 0.19454495868, 3.5476969003e-10],
      [0.16623982185, 0.11905681593, 0.16464280123, 0.30941201289, 0.24064854809]
    ],
    [
      [0.2674323849, 7.6275439975e-06, 0.65561342541, 0.076946483254, 7.8893746611e-08],
      [0.022594382836, 0.094944114137, 0.82471893185, 1.5085260258e-11, 0.057742571167],
      [0.00025506098517, 0.041312771627, 0.018026806346, 0.91988026647, 0.020525094576],
      [0.028054970582, 0.1657267146, 0.59911780567, 0.20710050874, 4.1326705595e-10],
      [0.095831163393, 0.080791424337, 0.2629773122, 0.30581781891, 0.25458228116]
    ]
  ],
  "expected_outcome": [
    [
      [0.13468927488, 13.9157892554, 14.9532938114, 11.6474929571, 5.5797368164, 12.5259982611, 11.5073634813, 3.1084540156, 6.1074753088, 1.3270979887, 6.5237230017, 5.2048306172, 2.1546515513, 1.9633303161, 4.9874944805, 4.7787617106, 15.2313188393, 26.5488756674, 4.3453041316, 5.7399722812, 31.6193236973, 6.3609239581, 2.37946983, 1.8430867631, 1.150270465, 0.33599125182, 0.57826748732, 31.3152717681, 10.1117992843, 14.0598899147, 13.042185746, 7.1705212905, 5.3393279033, 4.1377772096, 17.897387992, 7.9114457186, 11.1576458098, 4.5746119377, 4.7438058561, 22.8855389209, 5.4210637016, 2.2447642431, 9.7048253709, 1.5282063936, 6.9000533129, 9.5689259311, 11.7302291156, 2.2634660315, 0.46850943546, 1.3499831613, 1.0236657969, 2.3991761925, 3.5413747537, 1.0229964411, 2.0236426617, 17.6559459331, 0.89323268577, 20.1021548402, 6.4814596094, 64.2005869874, 4.8137829281],
      [1.9003508666e-05, 0.00037063259538, 0.0010844453769, 0.00050702644728, 0.00040807149119, 0.00034398203346, 0.00046810569582, 0.00018827589478, 0.00022164609675, 4.9174822482e-05, 0.00019434405024, 0.00022293470564, 2.1044315908e-05, 0.0001044983623, 0.00017998693981, 4.5020293413e-05, 0.00041142365044, 0.00070918557705, 0.00020020524276, 0.00042576194704, 0.001816906977, 0.00026752599804, 0.00010100843416, 5.5595437568e-05, 3.2865568387e-05, 4.8826438226e-05, 8.5379876762e-05, 0.0013965764609, 0.0010243775665, 0.00087035615387, 0.00050128524787, 0.00058240969521, 0.00019441831899, 0.00050302481261, 0.0014248317624, 0.00024099092403, 0.00083663261956, 0.00030550067923, 0.00048183664835, 0.0016838898557, 0.00047484696714, 0.00010339101848, 0.00012093606122, 7.2047269072e-06, 0.00078618232033, 0.00034224440793, 0.0003612880422, 0.00011424422646, 1.5752032919e-05, 5.7442227172e-05, 0.00011206763251, 0.00028922952799, 0.00014078894129, 7.7578740554e-05, 0.00016674441775, 0.00065236371476, 1.9674596661e-05, 0.0015154293823, 0.00027765420407, 0.0015025525359, 0.00013729579195],
      [0.75588011911, 16.1511746834, 34.3313250078, 9.7444836073, 9.5174898018, 17.6604166569, 25.1262831303, 8.6618365303, 7.8890088073, 1.4510127342, 8.3698759095, 8.8620594264, 0.67621643444, 2.6885665433, 6.0485264071, 2.790487372, 19.2291695054, 37.2531859054, 6.6027725758, 9.8039403666, 66.520521067, 11.2750378596, 4.1149613107, 3.8398877117, 2.4738675988, 2.2545868743, 2.0303766213, 50.6755513269, 21.666876849, 22.839441079, 18.9629939433, 14.7504674861, 5.3487765734, 13.8492114814, 48.2096808598, 8.5783885738, 23.0237806003, 10.470855635, 9.2094713795, 39.282912414, 16.8347561481, 1.5473933366, 6.0656764656, 0.30954305037, 12.8593770182, 12.5420176845, 15.7979178047, 2.5440418928, 0.45647997054, 1.0462469124, 1.6351460206, 6.0262593786, 6.6967144045, 2.084245261, 3.503053592, 26.8731004588, 1.9647813808, 38.3538015137, 9.8447654188, 43.3871488925, 11.8010416574],
      [0.10941142033, 0.93266402291, 2.7142933847, 1.6075150777, 0.90236461386, 1.8132400442, 1.3658841521, 1.2295205211, 1.0032932375, 0.22183995727, 1.1062055387, 0.93288633927, 0.16911088913, 0.34799800963, 0.96379857969, 0.43070545501, 1.5390982002, 2.1972259093, 1.0517219533, 1.4556602839, 6.8583314901, 1.3637692486, 0.50546734909, 0.31696938186, 0.37582871797, 0.40937278716, 0.39127036209, 5.0077769718, 2.2202974714, 2.0997964945, 0.99431785826, 2.078426811, 0.31170049203, 1.0125034388, 4.8914997905, 0.5099241928, 1.8177347048, 0.95422519808, 1.0462399766, 3.8298601269, 0.74370398325, 0.20773884019, 1.2293758796, 0.1622432951, 2.2397817047, 2.888711936, 2.471490306, 0.19237763795, 0.074994791744, 0.60371184315, 0.34107595606, 1.5742736404, 2.7617673427, 0.89268050708, 0.47313646035, 3.4702973864, 0.14196577911, 7.54252276, 1.6734961332, 7.4107531793, 1.3850366986],
      [1.8216121904e-07, 1.4056759393e-06, 3.3507634532e-06, 1.3313769434e-06, 6.9641804289e-07, 1.055851485e-06, 1.1306036047e-06, 6.5707315161e-07, 1.0004129693e-06, 1.4492284603e-07, 1.2061373692e-06, 6.8238357666e-07, 8.0779374692e-08, 6.3262201728e-07, 5.4571853751e-07, 4.4213335821e-07, 2.0314433473e-06, 3.3323397352e-06, 1.1340661009e-06, 1.306324793e-06, 6.8386109899e-06, 1.4076513167e-06, 5.0178444982e-07, 5.4791824324e-07, 3.5269063318e-07, 2.6029183134e-07, 1.4941276737e-07, 3.3567316732e-06, 2.0178054233e-06, 2.1556569614e-06, 1.167186128e-06, 2.0027564184e-06, 6.1301698814e-07, 4.8453897181e-06, 6.5259029656e-06, 5.2386256167e-07, 2.2524923137e-06, 1.7285820889e-06, 9.5113258831e-07, 4.6483320693e-06, 1.3200813286e-06, 1.8910594374e-07, 1.3478613161e-06, 5.6251048395e-08, 1.781953508e-06, 2.2040210803e-06, 1.4856916902e-06, 1.9348467213e-07, 5.0222276652e-08, 6.4086871135e-07, 1.5883487516e-07, 1.5590087602e-06, 2.7101790717e-06, 2.1210563861e-07, 5.4157494111e-07, 3.8578865286e-06, 4.7970868064e-07, 5.4566710099e-06, 1.1843200923e-06, 8.3882635664e-06, 1.420087439e-06]
    ],
    [
      [0.1021254787, 12.4949598255, 9.2176290552, 3.8320242393, 2.2681443035, 8.3007278011, 1.6160279344, 2.0757078797, 6.41717765, 3.6307498962, 9.2373733768, 7.3734242911, 3.5170006807, 2.1319950332, 3.9425821068, 2.8246677846, 6.4596338822, 14.3077446923, 1.0798707236, 1.1892558374, 10.827578666, 1.9475917069, 0.69933653156, 2.0955372827, 0.30772216588, 0.28665754822, 0.52736097901, 11.4645895963, 7.3949306722, 9.4851836644, 10.6749873, 3.677052555, 3.5489549749, 3.1394868543, 16.3052155325, 5.6906621479, 12.0152433211, 3.7533078687, 3.4760281781, 15.4425979553, 5.5704792126, 2.0612632253, 7.8636506233, 1.7234981127, 1.7018665981, 6.4388241876, 6.9961520945, 1.2611877288, 1.1495113977, 1.1290819655, 0.80555862575, 0.23163954704, 0.75476108957, 0.22668428079, 0.69540880332, 11.1963309869, 8.0434327185, 9.7553396791, 4.7554668488, 30.2816554338, 1.378257353],
      [2.4916051181, 69.3737648884, 104.3274467429, 24.6530797754, 32.1783573737, 71.8804537039, 14.9372299085, 18.8961875627, 37.6189505221, 23.5601328617, 51.9576072244, 48.0046040814, 6.1066311658, 17.0055379802, 30.633414956, 3.3588407542, 31.3589261763, 73.0094417028, 8.5442294169, 15.5215921491, 93.8352642965, 13.5568806949, 5.4758053432, 8.0638691736, 1.3946577086, 4.1554123276, 8.9702997056, 64.8386215397, 102.8630295289, 90.4716422811, 64.2186647149, 44.7568199727, 29.9029150221, 67.0443993208, 174.9671337398, 69.9544476147, 142.4739458264, 32.978614433, 55.9266464874, 181.0835704444, 75.9158233895, 16.2835120259, 20.1577034346, 1.5014338323, 29.4925005474, 46.0307904343, 52.4503419747, 12.2801204659, 6.1279367889, 6.0997727432, 15.489742453, 5.6544222327, 6.1101667904, 3.9826214195, 10.9973542744, 61.3407288294, 38.6217477519, 122.0471719965, 31.6138275284, 118.2092991289, 5.7915909623],
      [9.0156525708, 239.2376445241, 299.2840184659, 46.655970255, 57.6736168939, 254.6498364355, 51.8127563443, 76.0671145197, 132.7651070341, 78.2158066156, 170.8349347923, 190.6361856547, 15.6986260976, 43.8073356639, 74.3943672005, 28.9416310676, 146.6302883301, 317.2443561411, 26.3917174512, 33.6829739207, 349.5443737328, 49.3507472009, 21.1573094171, 34.5421706227, 11.3026584702, 20.8887375004, 39.0022758418, 252.2936024211, 264.7712735529, 236.2993650569, 206.14367662, 106.1660920469, 67.363001423, 108.9820747121, 488.1087847204, 141.7498561552, 379.1278397453, 137.1238999732, 121.3451748851, 417.7250470295, 268.0927111068, 22.8859251827, 82.348485744, 10.0512089646, 48.3787612074, 174.6485568868, 250.9706447367, 46.6985580055, 16.5263799188, 25.9948435368, 18.3135494525, 11.4263692594, 23.9893174532, 10.8877255042, 23.1508284971, 273.6554480509, 85.5322800921, 338.012262444, 109.7283055457, 350.3956566539, 50.3078548426],
      [2.157066431e-10, 2.3939989959e-09, 4.3955914691e-09, 1.3152194465e-09, 9.5467100549e-10, 2.9291984738e-09, 5.9463768477e-10, 2.1174930784e-09, 2.8274557622e-09, 2.0595107209e-09, 4.0522971249e-09, 4.0783141069e-09, 9.6921693907e-10, 1.1149959122e-09, 2.4511103841e-09, 7.4109149824e-10, 1.9162818886e-09, 3.3008062489e-09, 7.2248445111e-10, 8.1039399344e-10, 6.249420867e-09, 1.1556233408e-09, 4.283234728e-10, 7.2270536524e-10, 2.2857224137e-10, 6.0394963097e-10, 1.4123481174e-09, 3.9175195166e-09, 4.006469946e-09, 3.8133701106e-09, 1.8875866102e-09, 2.8364409735e-09, 7.820898508e-10, 2.2362870421e-09, 1.1787369555e-08, 2.2298845922e-09, 4.943354169e-09, 1.4465603287e-09, 1.958316187e-09, 7.4243170985e-09, 2.0103157022e-09, 5.4130660112e-10, 3.2592876628e-09, 4.6526591169e-10, 1.7077352341e-09, 7.3636662266e-09, 4.5955656554e-09, 3.5903512038e-10, 4.7280806759e-10, 2.8659152393e-09, 6.5085709715e-10, 4.8552181689e-10, 1.4484100594e-09, 6.5671633826e-10, 3.7285195608e-10, 7.249140601e-09, 1.4363175151e-09, 1.0691909536e-08, 3.0153363069e-09, 9.8365809487e-09, 9.2020087576e-10],
