{
  "X": [
    [35, 61, 56, 150, 233, 8],
    [39, 99, 55, 133, 195, 10],
    [31, 69, 68, 114, 178, 6],
    [18, 58, 74, 121, 196, 9],
    [20, 80, 63, 142, 188, 13],
    [39, 86, 45, 137, 177, 7],
    [24, 42, 43, 115, 173, 6],
    [5, 40, 76, 92, 100, 3],
    [17, 90, 70, 115, 151, 5],
    [13, 58, 83, 94, 133, 7],
    [33, 52, 66, 122, 171, 10],
    [19, 33, 172, 62, 162, 5],
    [17, 26, 212, 47, 198, 3],
    [16, 30, 175, 63, 182, 3],
    [14, 28, 172, 85, 183, 11],
    [13, 30, 160, 61, 172, 6],
    [16, 45, 165, 61, 184, 2],
    [32, 57, 97, 112, 237, 9],
    [22, 49, 103, 130, 223, 6],
    [27, 40, 102, 84, 159, 8],
    [11, 69, 60, 143, 136, 13],
    [17, 60, 83, 81, 126, 4],
    [18, 47, 66, 88, 136, 8],
    [37, 66, 67, 114, 188, 4],
    [17, 44, 94, 121, 189, 17],
    [26, 56, 69, 62, 189, 8],
    [39, 63, 46, 103, 172, 5],
    [34, 73, 35, 92, 143, 6],
    [12, 70, 85, 91, 149, 9],
    [27, 57, 67, 85, 152, 8],
    [33, 86, 35, 113, 118, 4],
    [53, 78, 37, 95, 143, 11],
    [16, 70, 91, 93, 191, 6],
    [11, 44, 45, 65, 108, 4],
    [25, 86, 47, 92, 117, 6],
    [20, 53, 119, 100, 223, 6],
    [28, 60, 108, 113, 211, 4],
    [20, 39, 110, 57, 153, 2],
    [22, 68, 82, 72, 208, 8],
    [12, 84, 81, 94, 181, 5],
    [25, 69, 58, 103, 136, 10],
    [39, 89, 63, 108, 273, 11],
    [60, 155, 28, 184, 78, 10],
    [21, 100, 16, 150, 62, 8],
    [38, 136, 19, 143, 49, 9],
    [11, 73, 131, 102, 128, 9],
    [25, 85, 86, 101, 71, 7],
    [32, 69, 146, 80, 163, 8],
    [28, 45, 149, 74, 158, 16],
    [27, 56, 102, 93, 118, 2],
    [9, 39, 133, 57, 153, 10],
    [62, 136, 13, 114, 85, 6],
    [51, 124, 18, 111, 70, 6],
    [46, 124, 26, 107, 50, 5],
    [19, 41, 185, 76, 204, 4],
    [19, 37, 205, 72, 194, 12],
    [36, 54, 110, 115, 262, 8],
    [18, 57, 115, 75, 234, 9],
    [4, 37, 75, 64, 153, 5],
    [6, 26, 66, 74, 185, 6],
    [43, 91, 84, 123, 243, 14],
    [25, 95, 93, 111, 218, 6],
    [32, 83, 89, 109, 303, 5],
    [40, 76, 29, 103, 196, 6],
    [42, 96, 39, 119, 207, 9],
    [36, 86, 45, 105, 237, 11],
    [142, 918, 1754, 1204, 2619, 134]
  ],
  "W": [
    [29, 33, 56, 75, 158, 148, 44],
    [23, 35, 37, 116, 136, 123, 61],
    [17, 23, 52, 90, 114, 110, 60],
    [25, 26, 65, 80, 117, 114, 49],
    [29, 28, 60, 100, 130, 105, 54],
    [16, 28, 47, 108, 140, 117, 35],
    [16, 27, 33, 55, 115, 111, 46],
    [25, 10, 62, 43, 94, 63, 19],
    [15, 40, 55, 100, 125, 85, 28],
    [13, 30, 53, 66, 101, 84, 41],
    [12, 31, 56, 65, 131, 114, 45],
    [19, 28, 147, 57, 78, 85, 39],
    [26, 26, 198, 44, 66, 113, 30],
    [26, 31, 139, 48, 84, 100, 41],
    [20, 36, 150, 38, 87, 108, 54],
    [34, 24, 132, 45, 66, 104, 37],
    [21, 39, 141, 51, 81, 99, 41],
    [25, 54, 89, 79, 115, 134, 48],
    [25, 48, 88, 61, 134, 143, 34],
    [14, 45, 83, 58, 82, 97, 41],
    [18, 18, 54, 75, 131, 89, 47],
    [16, 21, 65, 68, 98, 61, 42],
    [16, 13, 60, 61, 91, 83, 39],
    [22, 29, 62, 81, 107, 124, 51],
    [28, 40, 78, 60, 114, 123, 39],
    [12, 43, 52, 69, 73, 119, 42],
    [13, 19, 33, 86, 104, 122, 51],
    [11, 20, 29, 99, 97, 92, 35],
    [23, 24, 68, 83, 87, 99, 32],
    [11, 25, 66, 71, 87, 103, 33],
    [8, 17, 25, 91, 119, 84, 45],
    [16, 25, 35, 87, 104, 90, 60],
    [18, 26, 73, 82, 104, 121, 43],
    [12, 16, 35, 36, 74, 73, 31],
    [14, 21, 35, 93, 92, 72, 46],
    [22, 41, 102, 76, 119, 136, 25],
    [21, 34, 98, 72, 127, 132, 40],
    [13, 21, 97, 51, 61, 107, 31],
    [24, 27, 68, 87, 80, 142, 32],
    [15, 34, 67, 92, 98, 120, 31],
    [26, 29, 46, 81, 99, 83, 37],
    [17, 46, 58, 109, 107, 187, 59],
    [23, 15, 19, 157, 170, 47, 84],
    [7, 10, 8, 102, 135, 38, 57],
    [10, 12, 17, 130, 129, 33, 63],
    [29, 44, 109, 73, 107, 63, 29],
    [15, 24, 75, 95, 97, 32, 37],
    [37, 43, 124, 90, 92, 79, 33],
    [40, 43, 136, 63, 76, 77, 35],
    [22, 26, 76, 69, 104, 62, 39],
    [12, 47, 121, 51, 61, 85, 24],
    [11, 30, 14, 153, 105, 53, 50],
    [9, 18, 11, 138, 104, 50, 50],
    [4, 14, 18, 143, 92, 33, 54],
    [24, 38, 169, 56, 88, 120, 34],
    [33, 67, 163, 63, 88, 92, 33],
    [35, 58, 83, 75, 133, 158, 43],
    [25, 45, 110, 74, 82, 137, 35],
    [26, 26, 58, 52, 60, 90, 26],
    [22, 30, 65, 34, 82, 109, 21],
    [46, 48, 66, 107, 115, 157, 59],
    [27, 34, 87, 102, 101, 141, 56],
    [20, 54, 72, 104, 111, 204, 56],
    [17, 21, 20, 87, 106, 144, 55],
    [19, 28, 31, 113, 119, 145, 57],
    [21, 28, 33, 109, 98, 169, 62],
    [256, 566, 1538, 1029, 1185, 1631, 566]
  ],
  "method": "mvn_pdf",
  "cond_prob": [
    [
      [0.25711091615, 0.0039735521883, 0.13457675326, 0.010222238045, 0.53060056256, 0.063515977794],
      [0.0772526727, 0.00044881498502, 0.093152360293, 0.02204332634, 0.73676246195, 0.07034036373],
      [0.0051376265616, 0.0018059881471, 0.83183043743, 0.041569952906, 0.10070122552, 0.018954769433],
      [0.00022892994579, 0.59171120956, 0, 0.29688786419, 0.097714807088, 0.013457189209],
      [0.0013071362516, 0.075254316671, 0, 0.72534457294, 0.19464724312, 0.0034467310208],
      [0.0014030238248, 0.0027365109097, 0, 0.028115179433, 0.96684984603, 0.00089543980138],
      [0.55171348512, 0.093074872497, 0.055471403851, 0.12763929704, 0.14735231035, 0.024748631138]
    ],
    [
      [0.22687460723, 0.0045193795446, 0.25222428793, 0.0080654538588, 0.43340512011, 0.074911151327],
      [0.07229869928, 0.00053991921956, 0.18442471614, 0.018392757612, 0.63652576614, 0.087818141605],
      [0.0026309878954, 0.0011889683183, 0.93526047552, 0.018982696302, 0.036720809116, 0.0052160628484],
      [0, 0.66840277435, 0.0055112854343, 0.23300334679, 0.077077078909, 0.016005514515],
      [0, 0.10335030214, 0.003292919534, 0.69537046227, 0.19064567881, 0.0073406372484],
      [0, 0.0032540345124, 0.0019192994313, 0.027204201373, 0.96542295722, 0.0021995074589],
      [0.51072267224, 0.11217305097, 0.11173965117, 0.10694262979, 0.12752185696, 0.030900138867]
    ],
    [
      [0.1670311154, 0.0033266374835, 0.27846849852, 0.0076910557429, 0.48976131411, 0.053721378739],
      [0.050402021403, 0.00037596758961, 0.19240039142, 0.016592762869, 0.68069510871, 0.059533748012],
      [0.0017614001462, 0.00079403725609, 0.94003403621, 0.016421045961, 0.037589583232, 0.0033998971912],
      [0.000181471674, 0.60109850246, 0.0074055060961, 0.27133257019, 0.10613762954, 0.013844320045],
      [0.0010513377935, 0.076614139703, 0.0046580461785, 0.68861478636, 0.22347718891, 0.0055845010587],
      [0.00067503207109, 0.0021314302158, 0.0018809930723, 0.022985239428, 0.97150396803, 0.00082333718447],
      [0.44498655419, 0.097102924999, 0.14257724314, 0.11972218029, 0.16948648591, 0.02612461147]
    ],
    [
      [0.10068566841, 0.0034683803465, 0.20319297881, 0.0098754520043, 0.6057630418, 0.07701447863],
      [0.027202622672, 0.0003502281523, 0.12551090348, 0.019034196856, 0.75170671549, 0.076195333353],
      [0, 0.0010892992257, 0.90222722567, 0.027744757171, 0.061138713316, 0.0078000046152],
      [0, 0.55395468643, 0.0047937378342, 0.30789128351, 0.11578857113, 0.017571721093],
      [0, 0.06520368368, 0.0033379318385, 0.70487844749, 0.21823762234, 0.0083423146573],
      [0, 0.0018006382182, 0.0014490080452, 0.023908827079, 0.97188767415, 0.00095385251164],
      [0.30154265511, 0.11597758056, 0.12393670208, 0.17606383759, 0.23970307408, 0.04277615058]
    ],
    [
      [0.10726088979, 0.0052328520403, 0.15280602992, 0.012948615793, 0.6057419559, 0.11600965656],
      [0.028540934948, 0.00052043641772, 0.093057143474, 0.024581185323, 0.74021032877, 0.11308997107],
      [0.0018933282081, 0.0020843224641, 0.86011179156, 0.046143489907, 0.077574832534, 0.012192235322],
      [7.4671387328e-05, 0.60308441758, 0.00048823851207, 0.29152498887, 0.085839097823, 0.018988585818],
      [0.0017453250463, 0.082433460418, 0, 0.72821453624, 0.18296804483, 0.0046386334722],
      [0.0011868693224, 0.0026948362316, 0, 0.031096376712, 0.96359953568, 0.0014223820543],
      [0.28921680836, 0.15557159826, 0.079768403149, 0.20522406306, 0.21306291232, 0.057156214846]
    ],
    [
      [0.50776661945, 0.0033360046516, 0.10161691934, 0.0068005946873, 0.32927538814, 0.051204473738],
      [0.20103954099, 0.00050197296336, 0.093711262649, 0.019536970989, 0.60958451652, 0.075625735883],
      [0, 0.0020082376638, 0.84509642533, 0.036639769339, 0.087898218545, 0.028357349119],
      [0, 0.64778437408, 0, 0.25781107221, 0.080263736587, 0.014140817119],
      [0, 0.093474370096, 0, 0.71871887582, 0.1836807649, 0.0041259891848],
      [0, 0.0031471388936, 0, 0.029930764298, 0.96577006829, 0.0011520285185],
      [0.72133219832, 0.069224058503, 0.029448055591, 0.075884237182, 0.090089212249, 0.014022238159]
    ],
    [
      [0.16565067651, 0.0034736209635, 0.21765403095, 0.010653128852, 0.53940278145, 0.063165761268],
      [0.047833826781, 0.00037624047993, 0.14410345098, 0.022032219071, 0.71858390985, 0.067070352843],
      [0.0021522544089, 0.001021925153, 0.9128699554, 0.028030853432, 0.051004903257, 0.0049201083498],
      [0.00015675451841, 0.55013691147, 0.0050531231263, 0.32860290593, 0.10189620119, 0.014154103769],
      [0.0027729908316, 0.060192811268, 0.001206543557, 0.73643705361, 0.19258384751, 0.0068067532319],
      [0.00060366725491, 0.0020105636853, 0.0013298425006, 0.02877286162, 0.966410858, 0.0008722069411],
      [0.42592454234, 0.097775305346, 0.10734232612, 0.15983593978, 0.17959976862, 0.029522117782]
    ],
    [
      [0.028920651809, 0.0222094035, 0.38913762559, 0.021182641865, 0.4866331327, 0.051916544543],
      [0.022252060219, 0.00060560864769, 0.25934152505, 0.026378535351, 0.63989027962, 0.051531991107],
      [0, 0.0015276874787, 0.95075373569, 0.019353160851, 0.026178555629, 0.0021868603499],
      [0, 0.63985078584, 0.0064014756743, 0.28155868093, 0.064466513871, 0.0077225436915],
      [0, 0.088536385606, 0.0034545385593, 0.7610411436, 0.1447890551, 0.0021788771339],
      [0, 0.00389854141, 0.0026262934519, 0.038182888546, 0.95455118116, 0.00074109542899],
      [0.21339279487, 0.17170421345, 0.208735049, 0.20822841424, 0.17332856568, 0.024610962753]
    ],
    [
      [0.17372081332, 0.0056780816764, 0.29980946165, 0.0087341990332, 0.46181177248, 0.050245671838],
      [0.053462841229, 0.0006575506544, 0.21211288661, 0.019307108818, 0.65740697197, 0.057052640723],
      [0.0016960007079, 0.0012616735654, 0.94367057243, 0.017365260316, 0.033042778466, 0.0029637145113],
      [0.00012819235807, 0.70575211955, 0.0054389110565, 0.21130173401, 0.068519906156, 0.0088591368693],
      [0.0022941405171, 0.11769756447, 0.0040977465608, 0.68980418281, 0.18428561524, 0.0018207504053],
      [0.00073491742119, 0.0038365408031, 0.002129713091, 0.027521289633, 0.96496531915, 0.00081221990034],
      [0.42144069039, 0.15020075789, 0.13854736031, 0.12309312403, 0.14462310965, 0.022094957723]
    ],
    [
      [0.079981481296, 0.0030737228376, 0.53084217691, 0.0058580342071, 0.3225428595, 0.057701725241],
      [0.026437705798, 0.00037971741087, 0.39955775105, 0.013813799293, 0.48986073505, 0.069950291396],
      [0.00046299553806, 0.00040159186623, 0.9498076324, 0.0068460393951, 0.024362391208, 0.018119349594],
      [0.00010052368006, 0.6466118746, 0, 0.23937240808, 0.096815111349, 0.017100082286],
      [0.00067884396697, 0.1003738838, 0, 0.69780395028, 0.19596627886, 0.0051770430928],
      [0.0025036671669, 0.0062640039962, 0, 0.026338264821, 0.96357026375, 0.0013238002689],
      [0.26480646244, 0.11187910704, 0.3359149915, 0.11359510566, 0.13896635054, 0.034837982821]
    ],
    [
      [0.27884836527, 0.0030399925676, 0.22772332294, 0.007456826935, 0.38497491626, 0.097956576024],
      [0.09283171217, 0.00038106834976, 0.17467431665, 0.017847405839, 0.59365948276, 0.12060601422],
      [0, 0.00087721995735, 0.93310536496, 0.019255542724, 0.038308347389, 0.0084535249722],
      [0, 0.59294603635, 0.0065169013978, 0.28333833436, 0.09021533414, 0.026983393745],
      [0, 0.075492878861, 0.0033283105476, 0.72123577867, 0.19278106243, 0.007161969493],
      [0, 0.0024565905223, 0.0033499509221, 0.028123034905, 0.96419129988, 0.0018791237675],
      [0.59502303421, 0.07092159643, 0.096822537624, 0.092756297451, 0.10656590002, 0.037910634263]
    ],
    [
      [0.10022217712, 0.0011152619052, 0.41376521167, 0.0030143104464, 0.44302198817, 0.038861050693],
      [0.030860456896, 0.00012841175138, 0.29127094322, 0.0066229959603, 0.62725292738, 0.043864264792],
      [0.011953412274, 9.7619439557e-05, 0.96673769689, 0.018370073078, 0.0013529860701, 0.0014882122525],
      [0.00025585030561, 0.47549828706, 0.025754384549, 0.25006961147, 0.22489647151, 0.023525395111],
      [0.0012700563942, 0.052047360353, 0.010971351091, 0.53142459037, 0.39905399345, 0.0052326483345],
      [0.000454753058, 0.00080030031559, 0.0031281068254, 0.010082964062, 0.98486549865, 0.00066837709109],
      [0.36723672721, 0.044352370273, 0.28930201901, 0.063967836514, 0.20927521937, 0.025865827626]
    ],
    [
      [0.10750830019, 0.0011340633523, 0.31039473606, 0.0028481401166, 0.54697637224, 0.031138388045],
      [0.030974395202, 0.00012227751991, 0.20488561139, 0.0058600881226, 0.72526940633, 0.032888221439],
      [0.0051259874738, 0.0029946250073, 0.96216004544, 0.014260852651, 0.01545848943, 0],
      [0.0022859566243, 0.46817956563, 0.018689246389, 0.22770785911, 0.26698103597, 0.016156336279],
      [0.0052418428796, 0.049899625058, 0.0077942489129, 0.47328884118, 0.46377544196, 0],
      [0.00039700461975, 0.0010996305882, 0.001920349984, 0.0077527070044, 0.9888303078, 0],
      [0.39643663855, 0.045228832928, 0.21804250507, 0.060589067679, 0.25888864387, 0.020814311904]
    ],
    [
      [0.072878410697, 0.0010793798256, 0.4823462977, 0.0028373091651, 0.4134547714, 0.027403831218],
      [0.022843991495, 0.00012625442233, 0.34481167024, 0.0063329916895, 0.59447350732, 0.031411584829],
      [0.0050225912789, 0.0018329959257, 0.96189230432, 0.017969463362, 0.013282645109, 0],
      [0.0072270813614, 0.48364374068, 0.031476636407, 0.24695325976, 0.22029105165, 0.01040823014],
      [0.0049194334824, 0.053577277159, 0.013587860532, 0.53186144574, 0.39605398308, 0],
      [0.00086207097714, 0.00083007975729, 0.0039037416849, 0.010171007575, 0.98423310001, 0],
      [0.28908580444, 0.04670334132, 0.36644319952, 0.065486174229, 0.2124242558, 0.019857224681]
    ],
    [
      [0.069233602838, 0.0020510804693, 0.34871643906, 0.0067295614128, 0.48552381733, 0.087745498891],
      [0.020022900496, 0.00022109703681, 0.23000634767, 0.013844942558, 0.64315253096, 0.092752181274],
      [0, 0, 0.94985785214, 0.011775436747, 0.032264115518, 0.006102595599],
      [0.00010133759734, 0.49891592164, 0.012421877342, 0.31807194876, 0.14041041176, 0.030078502901],
      [0, 0.052906645559, 0.0053259567474, 0.68192321604, 0.253107751, 0.0067364306541],
      [0, 0, 0.002391896038, 0.020351972867, 0.97590000046, 0.0013561306312],
      [0.22019727216, 0.081283994654, 0.24209352841, 0.1664557113, 0.23228231809, 0.057687175392]
    ],
    [
      [0.075392093122, 0.0016969672419, 0.41417236922, 0.004681671569, 0.4564819951, 0.047574903751],
      [0.022696561379, 0.00019061221609, 0.28442793948, 0.010035635382, 0.63027082822, 0.052378423327],
      [0, 0, 0.95804574506, 0.0097519023918, 0.027567740927, 0.0046346116257],
      [0, 0.51864356111, 0.018374540177, 0.27757683253, 0.16494458003, 0.020460486142],
      [0, 0.059371677916, 0.008215264188, 0.62059158324, 0.3070426521, 0.0047788225565],
      [0, 0.0011457931567, 0.0030266989779, 0.0154909155, 0.97954756485, 0.00078902751722],
      [0.26735003678, 0.069218241613, 0.2958376247, 0.11490971979, 0.22037574601, 0.032308631111]
    ],
    [
      [0.088571865149, 0.0025261474535, 0.36960973984, 0.0041076918483, 0.50705813192, 0.028126423781],
      [0.026093852841, 0.00027793546717, 0.24877407152, 0.0086255656356, 0.68590678486, 0.030321789681],
      [0.00072830385733, 0.00071494724204, 0.96236537809, 0.0081221451635, 0.028069225649, 0],
      [0.00013168825641, 0.63926921946, 0.01339320668, 0.19783971309, 0.14936617251, 0],
      [0.0008566531722, 0.092834612473, 0.0074799403542, 0.55147596218, 0.34735283182, 0],
      [0.00035187232306, 0.0020076655865, 0.0024471960807, 0.012001882371, 0.98319138364, 0],
      [0.31484632583, 0.1101027113, 0.25149481079, 0.084989128889, 0.23303543043, 0.0055315927566]
    ],
    [
      [0.18841018143, 0.0029781264504, 0.18897510157, 0.0076494730655, 0.55264287821, 0.059344239262],
      [0.054736260409, 0.00032424087315, 0.12609846086, 0.01589740437, 0.73958478041, 0.063358853074],
      [0.0028366081006, 0.001017706343, 0.90456356883, 0.023391373886, 0.060789751065, 0.0074009917801],
      [0.00021550094482, 0.56775734661, 0.0053326210176, 0.28445894267, 0.12612618127, 0.016109407493],
      [0.0011920857975, 0.068677332192, 0, 0.67502431503, 0.24897502331, 0.0061312436716],
      [0.0029944093704, 0, 0, 0.023866366439, 0.97232678442, 0.00081243977183],
      [0.49012841634, 0.084723716308, 0.094559810173, 0.1160484429, 0.18642035302, 0.028119261259]
    ],
    [
      [0.17104699803, 0.0037297204665, 0.26710476913, 0.010160133075, 0.49790556708, 0.050052812217],
      [0.05122965858, 0.00041913209177, 0.18372972043, 0.021796202628, 0.68767673923, 0.055148547036],
      [0.0018693297633, 0.00092601903007, 0.93152223033, 0.022572905352, 0.039809516798, 0.0032999987307],
      [0.00015911200882, 0.58167638988, 0.0061163715266, 0.30829713298, 0.092679922897, 0.011071070712],
      [0.00088791267699, 0.071707490636, 0.0029276992602, 0.73716948697, 0.18466843089, 0.0026389795667],
      [0.001976048719, 0.0014699968133, 0.0025642125512, 0.028251191005, 0.96573855091, 0],
      [0.43203056824, 0.10305517357, 0.12933250481, 0.14960607636, 0.16297006017, 0.023005616858]
    ],
    [
      [0.198722382, 0.0024346318254, 0.31990227794, 0.0068164852224, 0.40811336625, 0.064010856758],
      [0.064012766475, 0.00029444574466, 0.23677307258, 0.01573840009, 0.60717984751, 0.076001467594],
      [0.0018495910457, 0, 0.95328457469, 0.01292314584, 0.027837808404, 0.0041048800193],
      [0.00026925764058, 0.55531884373, 0.010642914885, 0.30246330109, 0.11070462609, 0.020601056566],
      [0.0014659575392, 0.060457538269, 0.0049714580657, 0.70732768207, 0.21582111122, 0.0099562528286],
      [0.0017008616163, 0, 0.0031380817167, 0.024934114457, 0.96905496504, 0.0011719771673],
      [0.50934114794, 0.067967171264, 0.15645408761, 0.10149681957, 0.1350305023, 0.029710271318]
    ],
    [
      [0.08284653255, 0.006741086469, 0.19468976511, 0.016150442642, 0.49959763264, 0.1999745406],
      [0.02256404906, 0.00068597713996, 0.12106375264, 0.031373509766, 0.62470910211, 0.19960360928],
      [0, 0.0021472510658, 0.8828518193, 0.046023821237, 0.052321774842, 0.016655333553],
      [0, 0.62454271604, 0.012324815637, 0.29149908281, 0.064373630851, 0.0072597546644],
      [0, 0.087645912912, 0.0083465354875, 0.7807565171, 0.1232510345, 0],
      [0, 0.0073218579242, 0.0012579789312, 0.046085336471, 0.94533482667, 0],
      [0.19367254321, 0.20800846059, 0.096015340248, 0.24289686411, 0.16656160693, 0.092845184906]
    ],
    [
      [0.10849215079, 0.0033822286386, 0.35469391882, 0.0055561207664, 0.48545999478, 0.042415586204],
      [0.032388024215, 0.00037789529577, 0.24183518318, 0.01184978986, 0.66710935259, 0.046439754855],
      [0.00091495177952, 0.00064425512567, 0.95711766135, 0.0094667781521, 0.029710200553, 0.0021461530355],
      [0.0001258076404, 0.65673361435, 0.0099971663782, 0.20945277005, 0.11203153172, 0.011659109864],
      [0.00089908748762, 0.10395307976, 0.0020162353334, 0.6170913239, 0.2724995177, 0.0035407558142],
      [0.00044502621432, 0.0021983424645, 0.002416905112, 0.01684282248, 0.97743736195, 0.00065954177974],
      [0.34287364573, 0.11706393988, 0.21449716371, 0.10242299105, 0.19870011124, 0.024442148389]
    ],
    [
      [0.13419303682, 0.0033781077875, 0.22061203046, 0.008100263687, 0.52790248039, 0.10581408086],
      [0.038085311525, 0.00035957629074, 0.14343425643, 0.016460593621, 0.69121900667, 0.11044125546],
      [0.0017264409593, 0.00098283969368, 0.91879134141, 0.021086185741, 0.049322376118, 0.0080908160812],
      [0.00013878218701, 0.58628151535, 0.0055883349593, 0.27336663767, 0.108877659, 0.025747070833],
      [0.0017095872496, 0.074869138734, 0.0031587556552, 0.68750320449, 0.22673905202, 0.0060202618558],
      [0.0005018510109, 0.0020068027268, 0.0013811187968, 0.022452829596, 0.97217281454, 0.0014845833295],
      [0.38585959273, 0.10614042858, 0.12141317019, 0.13562809119, 0.19598041335, 0.054978303956]
    ],
    [
      [0.27127563024, 0.0044972491515, 0.17919828739, 0.010292830152, 0.49198537029, 0.042750632774],
      [0.085008112369, 0.00052958600748, 0.12925448389, 0.023141431207, 0.71269952684, 0.049366859691],
      [0.0019102736321, 0.001598252159, 0.898441855, 0.032731605259, 0.061280773834, 0.0040372401124],
      [0, 0.62634979134, 0, 0.27938721286, 0.087330344712, 0.0069326510877],
      [0, 0.085776897927, 0, 0.73253365609, 0.18168944598, 0],
      [0, 0.0057778108118, 0, 0.030395958841, 0.96382623035, 0],
      [0.55780909629, 0.10113139556, 0.070703188909, 0.12338298756, 0.13097345869, 0.015999872997]
    ],
    [
      [0.10951130183, 0.0032774323815, 0.25767120972, 0.010474632315, 0.44155169249, 0.17751373126],
      [0.031690298802, 0.00035469397742, 0.17064378003, 0.021638536622, 0.5871306616, 0.18854202897],
      [0.0012377518456, 0.00083784696139, 0.92569833283, 0.023961704239, 0.048264364119, 0],
      [0.00010701539082, 0.53439884855, 0.008213532898, 0.33558075709, 0.1074491517, 0.014250694367],
      [0.00057028034368, 0.062954167011, 0.012533120349, 0.7605716134, 0.16337081889, 0],
      [0.00134361388, 0.0043025583164, 0.0020023253562, 0.034283244172, 0.95806825828, 0],
      [0.31622639905, 0.10407106271, 0.1432592629, 0.17731557725, 0.16597660312, 0.093151094976]
    ],
    [
      [0.18213997965, 0.0028729335731, 0.28192335026, 0.0045859131353, 0.46296705282, 0.065510770571],
      [0.056179449239, 0.00033255934592, 0.19962623397, 0.010133450519, 0.65930475292, 0.074423554014],
      [0.0019060300381, 0.00068288979743, 0.9481242786, 0.009753254472, 0.035411435444, 0.0041221116466],
      [0.0002432566995, 0.64603494625, 0.0092334234471, 0.20012959778, 0.12358748254, 0.020771293283],
      [0.0016642411733, 0.097389816565, 0.0054205698533, 0.58696934061, 0.30218436356, 0.0063716682382],
      [0.0018829036389, 0.0053293938097, 0.0043155529313, 0.010808707556, 0.9731449931, 0.004518448964],
      [0.49850358367, 0.085610683619, 0.14724215793, 0.072812407772, 0.16337255557, 0.032458611435]
    ],
    [
      [0.31718594078, 0.0026672674127, 0.25612426779, 0.0061266648583, 0.3700531216, 0.047842737557],
      [0.1115035916, 0.00035321426519, 0.20724624828, 0.015490521577, 0.60321338516, 0.062193039124],
      [0.0036084810492, 0.00069151429415, 0.94732388056, 0.014209535762, 0.03087897646, 0.0032876118767],
      [0, 0.6042728663, 0.0084858788234, 0.27088422867, 0.10050522863, 0.015851797577],
      [0, 0.076291498611, 0.0043504422524, 0.69435827369, 0.21827014254, 0.0067296429071],
      [0, 0, 0.0047832129957, 0.024018045899, 0.97023493294, 0.00096380816758],
      [0.63997911088, 0.059490433802, 0.11186733695, 0.072894373292, 0.097981226917, 0.017787518158]
    ],
    [
      [0.44231872427, 0.0024720275905, 0.16620477261, 0.004773951119, 0.33175119435, 0.052479330058],
      [0.16932917541, 0.0003596123505, 0.14781222436, 0.013258941821, 0.59426985771, 0.074970188354],
      [0.0074299029509, 0.00095568478778, 0.92843099831, 0.016514505544, 0.041302167163, 0.005366741244],
      [0, 0.6296060258, 0.0062277288102, 0.23729173054, 0.10177675016, 0.025097764687],
      [0, 0.090650196861, 0.0034515776379, 0.66114683815, 0.23847095531, 0.0062804320411],
      [0, 0.0023311901819, 0.0016468712536, 0.021006845608, 0.97383751321, 0.0011775797472],
      [0.72949838112, 0.045696155553, 0.062518392135, 0.047075217728, 0.099055563248, 0.016156290214]
    ],
    [
      [0.1024116393, 0.0050124414512, 0.34118524783, 0.0091072317311, 0.4472473512, 0.095036088492],
      [0.030521560343, 0.00055910773628, 0.23236220983, 0.019390093178, 0.61319152443, 0.10397550449],
      [0, 0.00098615396108, 0.94885009006, 0.016033762141, 0.028308892873, 0.0058211009603],
      [0, 0.66850394603, 0.0066077715372, 0.23612961512, 0.070872511861, 0.017886155453],
      [0, 0.10336351113, 0.0039687423886, 0.70936281472, 0.17714829777, 0.0061566339961],
      [0, 0.0031250752051, 0.002114322903, 0.029525976862, 0.96248269634, 0.0027519286916],
      [0.278500464, 0.15676254243, 0.18597489209, 0.15620253011, 0.17161257166, 0.050946999719]
    ],
    [
      [0.32042098697, 0.003680262966, 0.16480970987, 0.0071717633417, 0.41519625939, 0.088721017472],
      [0.10609470117, 0.00046125404825, 0.12646914616, 0.017162764194, 0.64061301781, 0.10919911662],
      [0, 0.0014159935806, 0.90808760257, 0.024703937708, 0.051426901433, 0.014365564711],
      [0, 0.64366233577, 0.00054542931909, 0.24371755076, 0.08982803536, 0.022246648789],
      [0, 0.093863410913, 0, 0.69132698502, 0.20836471216, 0.0064448919052],
      [0, 0.0027647139474, 0, 0.025142430386, 0.97051329508, 0.0015795605892],
      [0.63100004891, 0.081927941032, 0.062207796556, 0.085530832702, 0.10772576804, 0.031607612755]
    ],
    [
      [0.35031133192, 0.0052322029873, 0.25601673465, 0.007935431235, 0.329903827, 0.050600472201],
      [0.12864472716, 0.00072621943977, 0.2168353924, 0.02103176338, 0.56378576678, 0.068976130846],
      [0.0039372818158, 0.0013440730796, 0.94575693409, 0.018237282801, 0.027284980262, 0.003439447956],
      [0, 0.71844565701, 0.0051017031882, 0.21212771501, 0.054200230034, 0.010124694759],
      [0, 0.12475926154, 0.0075987674643, 0.72421343016, 0.13856989494, 0.0048586458926],
      [0, 0.0057262185634, 0.0036668557751, 0.034525860898, 0.95495801907, 0.0011230456951],
      [0.62026926528, 0.11569523439, 0.087671486588, 0.083063376274, 0.076794995768, 0.016505641699]
    ],
    [
      [0.42004297023, 0.0038766741904, 0.12759338074, 0.0059120050099, 0.3430350402, 0.099539929624],
      [0.15458056396, 0.00053729290662, 0.10841976741, 0.015644762859, 0.58525312076, 0.1355644921],
      [0.0090675443365, 0.0019093234354, 0.89565210134, 0.026056680524, 0.054408306106, 0.012906044256],
      [0, 0.69220498689, 0, 0.20557955409, 0.073296272539, 0.028919186485],
      [0, 0.11645283665, 0, 0.6703829058, 0.20345780594, 0.0097064516159],
      [0, 0.0035179245006, 0, 0.025035979072, 0.96930162623, 0.0021444702012],
      [0.70162390543, 0.086802874913, 0.015003136264, 0.062397058409, 0.10337144559, 0.030801579402]
    ],
    [
      [0.10115584059, 0.0037313979908, 0.33107185009, 0.0064277327324, 0.50333045825, 0.054282720344],
      [0.029601294009, 0.00040832187417, 0.22127573187, 0.01342540809, 0.6770707809, 0.058218463252],
      [0, 0.00075890435439, 0.95079591561, 0.011694676199, 0.032912333845, 0.0038381699891],
      [0, 0.65367796953, 0.0084743727102, 0.21906286282, 0.10519031858, 0.013594476353],
      [0, 0.098074033154, 0.0049346306616, 0.63713893128, 0.25502512456, 0.0048272803479],
      [0, 0.0023959242381, 0.00075321357343, 0.019694386215, 0.97488557552, 0.0022709004568],
      [0.31185026105, 0.13431671319, 0.19953946131, 0.11797452329, 0.20521482237, 0.031104218783]
    ],
    [
      [0.11631123898, 0.0078747576458, 0.30173295574, 0.0099208582731, 0.49830126756, 0.065858921804],
      [0.033974506727, 0.00086293065736, 0.20137169019, 0.02076472033, 0.67227658383, 0.07074956827],
      [0, 0.0017007748433, 0.93973874204, 0.019164872658, 0.034529077027, 0.0048665334357],
      [0, 0.75098409718, 0.0040697666976, 0.18101860962, 0.055235483492, 0.0086920430089],
      [0, 0.12997566426, 0.0050417128735, 0.68512081415, 0.17192330677, 0.0079385019545],
      [0, 0.0049008313757, 0.0024126169181, 0.028828657275, 0.96288725044, 0.00097064399259],
      [0.29227977499, 0.22002521143, 0.14744135897, 0.14702714381, 0.16302807624, 0.03019843456]
    ],
    [
      [0.19888825979, 0.006281980076, 0.27145454404, 0.0091241235465, 0.44448832814, 0.069762764407],
      [0.062129444443, 0.00073721659817, 0.19455750768, 0.020441681798, 0.64180442092, 0.080329728564],
      [0.0021219685969, 0.0015207897785, 0.93752558876, 0.019761989197, 0.034605715074, 0.0044639485898],
      [0.00033867330622, 0.71776890554, 0.005214397075, 0.20755034244, 0.053951131247, 0.015176550395],
      [0.0010768715015, 0.12640550865, 0.0030867504176, 0.69326497917, 0.1721446184, 0.0040212718586],
      [0.00087096181113, 0.0043844010939, 0.0019891591221, 0.029709178652, 0.96188708383, 0.0011592154875],
      [0.44876737136, 0.15534459126, 0.11713899331, 0.12021079429, 0.12994435662, 0.028593893151]
    ],
    [
      [0.1837476579, 0.0020880255519, 0.30477130794, 0.0048902033028, 0.45870619001, 0.045796615298],
      [0.057213005392, 0.00024464039186, 0.21841272227, 0.010935571395, 0.66058421263, 0.052609847922],
      [0.0017903842809, 0.00046381843525, 0.95250692544, 0.0097207397797, 0.032815715212, 0.0027024168539],
      [0.00029498446156, 0.56445858477, 0.012072746464, 0.25742800922, 0.14815404994, 0.017591625146],
      [0.0016609353507, 0.070220934474, 0.0058299055218, 0.62012467896, 0.29772342706, 0.0044401186352],
      [0.0031316146415, 0.0005413563465, 0.0040420499821, 0.02304808802, 0.96835400253, 0.00088288848458],
      [0.51132917565, 0.062718223729, 0.16093587727, 0.078345447013, 0.16369472766, 0.022976548678]
    ],
    [
      [0.21419633501, 0.0034711721423, 0.24126848862, 0.0072194304981, 0.49399400472, 0.039850569008],
      [0.065874312527, 0.00040113327622, 0.17068095141, 0.015926850203, 0.70196668231, 0.045150070276],
      [0.0025813967434, 0.00095195143937, 0.93223281735, 0.017717271347, 0.044582757945, 0.0019338051794],
      [0.00022964870769, 0.6243482277, 0.0063812081253, 0.25267828307, 0.10616567311, 0.010196959286],
      [0.0011987414345, 0.085622371909, 0.0034316247267, 0.6729762029, 0.23677105903, 0],
      [0, 0.0023734323849, 0.0029298578722, 0.021448157671, 0.97324855207, 0],
      [0.52100996472, 0.091994222776, 0.11223471816, 0.10196538746, 0.15518716474, 0.017608542131]
    ],
    [
      [0.18721247341, 0.0025808735477, 0.34529165142, 0.0052536024064, 0.42802751849, 0.03163388073],
      [0.059965721404, 0.00031129122104, 0.25445128572, 0.012098005108, 0.63575527695, 0.037418419598],
      [0.0016110871734, 0.000506571662, 0.95998793949, 0.0092303775307, 0.02866402414, 0],
      [0.00026179542545, 0.61506552353, 0.015920641169, 0.24208190607, 0.12027267133, 0.0063974624707],
      [0.0026135351449, 0.083222817772, 0.0082014920846, 0.64100624393, 0.26495591107, 0],
      [0.0031909689303, 0.0012458228364, 0.0026608695803, 0.016873433601, 0.97602890505, 0],
      [0.50440230175, 0.075243143525, 0.17586918189, 0.081589772783, 0.14751811124, 0.015377488805]
    ],
    [
      [0.18123879039, 0.0031158355905, 0.27272999619, 0.005083584268, 0.46852652, 0.069305273562],
      [0.055488851762, 0.00035850178655, 0.19187012388, 0.011164141119, 0.66290090124, 0.078217480211],
      [0.0019511236932, 0.0007624713021, 0.94476585791, 0.011132036991, 0.036900177816, 0.004488332284],
      [0.00022406884566, 0.64899745259, 0.0082928637812, 0.20591866864, 0.11617458448, 0.020392361668],
      [0.0015362142717, 0.098220232439, 0.004876774065, 0.60466138623, 0.28444182096, 0.0062635720416],
      [0.0012304918566, 0.0042996231565, 0.0029247443305, 0.013953505922, 0.97365308477, 0.0039385499645],
      [0.49069602022, 0.091648402837, 0.14071792623, 0.079698460659, 0.16332982911, 0.03390936094]
    ],
    [
      [0.11074762386, 0.0061994062946, 0.30915175228, 0.0089418660823, 0.51142187154, 0.053537479938],
      [0.028485970923, 0.00067593928647, 0.20585053122, 0.018609758732, 0.68847561976, 0.057902180082],
      [0, 0.0013341980089, 0.9419343518, 0.017218953072, 0.036456356888, 0.0030561402324],
      [0, 0.71533554643, 0.005194263607, 0.20047787738, 0.070257875605, 0.0087344369783],
      [0, 0.12371852857, 0.0034894764792, 0.67292533803, 0.19679783685, 0.0030688200652],
      [0, 0.00083042988089, 0.0035419714898, 0.027210095424, 0.96763466285, 0.00078284035912],
      [0.30226653648, 0.18579671116, 0.1615911793, 0.14269713093, 0.18102751081, 0.026620931326]
    ],
    [
      [0.21020285549, 0.0052874334367, 0.23641289281, 0.010299649725, 0.43771000406, 0.10008716447],
      [0.065248617875, 0.00061681408594, 0.16871439661, 0.022938017947, 0.6278915409, 0.11459061259],
      [0.0025513218249, 0.0014590822288, 0.92437700081, 0.025434836633, 0.038891552946, 0.0072862055609],
      [0.00015617037444, 0.66182271538, 0.0043247283168, 0.2508399939, 0.065226931654, 0.017629460371],
      [0.00087167094236, 0.10182876377, 0.0020884681805, 0.73534798468, 0.15304562679, 0.0068174856448],
      [0.00093211200926, 0.0037372418907, 0.0017637399556, 0.033962892756, 0.95792253196, 0.001681481428],
      [0.46888768958, 0.1291525055, 0.1009663105, 0.13407010848, 0.12646500282, 0.040458383125]
    ],
    [
      [0.22987476858, 0.0042183313373, 0.16137869903, 0.007528791938, 0.5184606671, 0.078538742016],
      [0.068912308049, 0.0004742471671, 0.11120047895, 0.016156965092, 0.716633057, 0.086622943737],
      [0.0039762081191, 0.0016565599458, 0.89421286194, 0.02645474845, 0.065536572474, 0.0081630490682],
      [0.00021418169752, 0.6543015515, 0, 0.22792298836, 0.096489529027, 0.021071749418],
      [0.0014485780464, 0.098087778511, 0, 0.66014532446, 0.23333626566, 0.0069820533187],
      [0.00085934298374, 0.0025603850543, 0, 0.021311162563, 0.97412911261, 0.001139996787],
      [0.53139833727, 0.1104633746, 0.055542272745, 0.10389952348, 0.16565158789, 0.033044904017]
    ],
    [
      [0.36877828428, 0.008480920687, 0.18861682338, 0.01269201022, 0.32629779118, 0.09513417025],
      [0.13397271007, 0.001156248508, 0.15745201868, 0.033031479765, 0.54702333231, 0.12736421067],
      [0.0055310713102, 0.0028891726365, 0.90853702639, 0.038682720726, 0.035809211103, 0.0085507978327],
      [0.00019260590997, 0.73594234759, 0, 0.2154695395, 0.034183941383, 0.014211565619],
      [0.0015814341729, 0.15067347097, 0, 0.80120714367, 0.040038246989, 0.0064997041968],
      [0.0021371409128, 0.0078186603137, 0.0018377888722, 0.054583786428, 0.93153366364, 0.002088959836],
      [0.58337964161, 0.15723553745, 0.047041109569, 0.11759844985, 0.067309081319, 0.027436180208]
    ],
    [
      [0.15977098124, 0.0097951390545, 0.230205849, 0.018064358014, 0.43620598498, 0.14595768771],
      [0.047414990412, 0.0010905383139, 0.15619894501, 0.038399550143, 0.59737505742, 0.15952091871],
      [0.0019178793069, 0.0026535124905, 0.90336078411, 0.04376480318, 0.037959962216, 0.010343058695],
      [6.7981662204e-05, 0.69553311362, 0.0023890212597, 0.25029135536, 0.037133787814, 0.01458474029],
      [0.0089627464016, 0.12163120346, 0.001995482902, 0.80991070067, 0.052244972397, 0.0052548941678],
      [0.00069039698987, 0.0067355150056, 0.0016554438612, 0.057980738519, 0.93057581707, 0.002362088559],
      [0.3184029862, 0.2154168582, 0.08813519486, 0.21172815204, 0.1134478799, 0.052868928806]
    ],
    [
      [0.31742681166, 0.012336011551, 0.16112031522, 0.015944747288, 0.34948942024, 0.14368269404],
      [0.10735404607, 0.001569995301, 0.12540080658, 0.038742592122, 0.54727413055, 0.17965842938],
      [0.0052985188407, 0.0046795354813, 0.8789631009, 0.05411723047, 0.042660692017, 0.014280922296],
      [0.00011773086388, 0.76642136549, 0, 0.21900442463, 0, 0.014456479014],
      [0.003496565853, 0.17543942647, 0, 0.78938387599, 0.026551150013, 0.0051289816823],
      [0.0016862776012, 0.010470592179, 0.0014416164502, 0.063155387092, 0.92036771942, 0.0028784072602],
      [0.52262538638, 0.20898817091, 0.014191128743, 0.14397500835, 0.070084942449, 0.040135363169]
    ],
    [
      [0.098716484288, 0.0071656210816, 0.36057288892, 0.010515672952, 0.44833154344, 0.074697789319],
      [0.014309057076, 0.00080343729705, 0.24728345192, 0.026090664099, 0.61766376178, 0.09384962783],
      [0, 0, 0.9489894518, 0.022568165146, 0.024725161184, 0.0037172218652],
      [0, 0.72438517647, 0.0053017686636, 0.20600950107, 0.053697485289, 0.01060606851],
      [0, 0.12654745516, 0.0036550440293, 0.71200448666, 0.15396838983, 0.0038246243206],
      [0, 0.0049478130497, 0.0026270242951, 0.034288200037, 0.95690572525, 0.0012312373655],
      [0.25888356705, 0.20773923934, 0.18204974951, 0.16219986242, 0.15332904567, 0.035798536011]
    ],
    [
      [0.25345127246, 0.0060631632331, 0.29109787407, 0.0097269919393, 0.36285336628, 0.076807332016],
      [0.085521663025, 0.00077115034078, 0.22633895053, 0.023617194759, 0.56782263106, 0.095928410283],
      [0.00073150078847, 0.0013887483705, 0.94471333752, 0.019942909891, 0.026769646754, 0.0064538566729],
      [0, 0.70991813294, 0.0049626356794, 0.22164093189, 0.050629147821, 0.012849151669],
      [0, 0.12585258854, 0.0064886095033, 0.74492349039, 0.1150182072, 0.0077171043605],
      [0.0013365389603, 0.0051235236033, 0.0025844165034, 0.038343514287, 0.95106928808, 0.0015427185648],
      [0.51481295121, 0.13439222546, 0.11254999791, 0.11489472028, 0.095161634965, 0.028188470186]
    ],
    [
      [0.24408569804, 0.0026054401434, 0.29488866371, 0.0044691773036, 0.40355282443, 0.050398196374],
      [0.081194600976, 0.00032568796496, 0.22581270695, 0.010662372786, 0.6201884079, 0.06181622342],
      [0, 0.00060305175769, 0.96059980051, 0.0053335433408, 0.028512058305, 0.004951546091],
      [0.00013479023484, 0.63972071589, 0.01084623754, 0.21356779664, 0.11817607021, 0.017554389478],
      [0, 0.096004127392, 0.0068025610081, 0.61033346339, 0.28160370721, 0.0052561410026],
      [0.0011989716912, 0.0020389390912, 0.0024432535158, 0.016305819819, 0.97706769848, 0.00094531740123],
      [0.58698822563, 0.068075617444, 0.13544799279, 0.062268452737, 0.12524888377, 0.021970827632]
    ],
    [
      [0.18453872798, 0.0025529118845, 0.23705298997, 0.0058653307867, 0.44616261109, 0.12382742829],
      [0.056198041112, 0.00029141893488, 0.16587585968, 0.012779346272, 0.62609705402, 0.13875827998],
      [0.0022839153153, 0.00071834241493, 0.93434990705, 0.018581657215, 0.044066178001, 0],
      [0.0002474032765, 0.57603651745, 0.0078390568031, 0.25713902546, 0.11948321212, 0.03925478489],
      [0.0039791981781, 0.075489597991, 0.0053530146489, 0.65514961335, 0.25348965688, 0.0065389189495],
      [0.0029025812909, 0.001801349681, 0.0017764053268, 0.019299436381, 0.97422022732, 0],
      [0.49570909722, 0.074898399142, 0.12217594782, 0.091759533653, 0.15516309243, 0.060293929743]
    ],
    [
      [0.19418097295, 0.002659414454, 0.42799346852, 0.0053644802752, 0.34176336586, 0.028038297943],
      [0.066970069425, 0.00034467177999, 0.33882867703, 0.013272666417, 0.5449339903, 0.035649925042],
      [0.001376443702, 0.00042912429395, 0.97148437183, 0.0077450425383, 0.018965017636, 0],
      [0.00027338226205, 0.63130287643, 0.014735685652, 0.24757924926, 0.1061088064, 0],
      [0.0098354854248, 0.088998338927, 0.004034803046, 0.67588493355, 0.22124643906, 0],
      [0.0017286579625, 0.002432224521, 0.0040986949961, 0.022885671322, 0.9688547512, 0],
      [0.50598093371, 0.075215239159, 0.21157140806, 0.080880922167, 0.11465253808, 0.011698958825]
    ],
    [
      [0.088150109961, 0.0028981909784, 0.30176904173, 0.0058579210395, 0.50573411711, 0.095590619183],
      [0.015823753874, 0.00030995055686, 0.19913156581, 0.018571648581, 0.6648720546, 0.10129102658],
      [0, 0.0026737190756, 0.9453245313, 0.011677879364, 0.034712919573, 0.0056109506902],
      [0, 0.60377120263, 0.0091866284883, 0.23569478353, 0.12366289248, 0.027684492876],
      [0, 0.083035321158, 0.0048505086593, 0.629364502, 0.2750274658, 0.0077222023843],
