{
  "X": [
    [19, 29, 298, 83, 79, 14, 56],
    [28, 37, 505, 135, 127, 38, 96],
    [14, 24, 440, 86, 104, 31, 57],
    [29, 25, 97, 114, 60, 21, 39],
    [17, 28, 361, 100, 97, 40, 89],
    [6, 29, 334, 91, 91, 72, 70],
    [30, 62, 760, 204, 183, 75, 117],
    [44, 37, 517, 314, 173, 72, 85],
    [41, 87, 737, 228, 173, 70, 143],
    [14, 23, 242, 55, 45, 23, 35],
    [57, 60, 612, 290, 181, 71, 111],
    [2, 20, 267, 30, 48, 21, 37],
    [24, 35, 123, 86, 37, 27, 39],
    [32, 43, 193, 149, 90, 39, 43],
    [17, 8, 37, 78, 15, 11, 7],
    [25, 34, 145, 87, 52, 42, 22],
    [37, 60, 374, 137, 77, 52, 49],
    [21, 53, 519, 151, 122, 51, 75],
    [11, 33, 231, 53, 71, 30, 35],
    [25, 30, 249, 124, 90, 59, 43],
    [68, 65, 614, 243, 112, 123, 89],
    [50, 62, 399, 158, 70, 99, 78],
    [65, 48, 601, 378, 177, 140, 83],
    [76, 58, 551, 245, 110, 107, 82],
    [61, 54, 576, 287, 128, 107, 68],
    [69, 67, 515, 319, 78, 113, 53],
    [11, 4, 46, 56, 20, 5, 6],
    [2, 3, 4, 9, 1, 5, 4],
    [8, 10, 46, 31, 7, 7, 7],
    [20, 34, 279, 127, 82, 31, 66],
    [69, 84, 246, 148, 59, 51, 41],
    [21, 28, 107, 62, 34, 25, 34],
    [108, 52, 445, 323, 144, 135, 73],
    [77, 38, 417, 239, 76, 93, 41],
    [68, 48, 519, 377, 139, 121, 56],
    [88, 81, 458, 374, 130, 129, 93],
    [54, 77, 381, 158, 75, 82, 70],
    [11, 33, 161, 54, 51, 11, 21],
    [1, 0, 1, 1, 0, 0, 0],
    [5, 12, 295, 207, 50, 6, 42],
    [82, 91, 883, 428, 226, 115, 107],
    [18, 36, 233, 119, 44, 23, 38],
    [108, 186, 697, 309, 149, 99, 139],
    [22, 20, 93, 60, 15, 4, 15]
  ],
  "W": [
    [25, 115, 317, 121],
    [29, 196, 552, 189],
    [18, 123, 480, 135],
    [16, 163, 153, 53],
    [17, 145, 458, 112],
    [38, 129, 411, 115],
    [68, 270, 913, 180],
    [29, 364, 698, 151],
    [71, 267, 949, 192],
    [19, 82, 292, 44],
    [41, 345, 818, 178],
    [26, 33, 307, 59],
    [26, 135, 167, 43],
    [36, 187, 287, 79],
    [7, 110, 40, 16],
    [33, 144, 179, 51],
    [57, 198, 451, 80],
    [33, 222, 631, 106],
    [21, 90, 289, 64],
    [22, 199, 327, 72],
    [68, 385, 697, 164],
    [63, 287, 452, 114],
    [51, 592, 710, 139],
    [51, 420, 630, 128],
    [35, 483, 623, 140],
    [60, 497, 553, 104],
    [2, 66, 63, 17],
    [2, 11, 11, 4],
    [13, 49, 37, 17],
    [32, 189, 334, 84],
    [54, 239, 319, 86],
    [21, 113, 123, 54],
    [45, 518, 568, 149],
    [37, 404, 458, 82],
    [33, 565, 600, 130],
    [74, 566, 568, 145],
    [60, 282, 447, 108],
    [29, 75, 200, 38],
    [1, 1, 0, 1],
    [18, 233, 293, 73],
    [59, 598, 1052, 223],
    [30, 176, 246, 59],
    [166, 500, 786, 235],
    [12, 90, 103, 24]
  ],
  "method": "mvn_pdf",
  "cond_prob": [
    [
      [0.027596501445, 0.70151686488, 0.15404686753, 0.0065747020467, 0.0044969847757, 0.056563552167, 0.049204527158],
      [0.14310739717, 0.018864512878, 0.1339326391, 0.57194552665, 0.032245587919, 0.093853208222, 0.0060511280656],
      [0.0033535915632, 0.015768384564, 0.70408276801, 0.041905142494, 0.15807597121, 0.003630083198, 0.073184058954],
      [0.0065260187099, 0.035488276778, 0.45911022608, 0.031222865399, 0.20718388343, 0.005306246914, 0.25516248269]
    ],
    [
      [0.025221062289, 0.67530794056, 0.15791055665, 0.0063213013198, 0.0043613401386, 0.077362569671, 0.053515229367],
      [0.12837632592, 0.017747922831, 0.13507942176, 0.55262945294, 0.031175738746, 0.12880592861, 0.0061852091933],
      [0.0019669556256, 0.01390204175, 0.70260433421, 0.038071561482, 0.15127365938, 0.015260585677, 0.076920861874],
      [0.0054024857597, 0.033140475147, 0.45559489262, 0.029025436755, 0.19714294374, 0.011040635862, 0.26865313012]
    ],
    [
      [0.020577097342, 0.65927823831, 0.17671271284, 0.0061085302147, 0.0046406257821, 0.089787364765, 0.042895430739],
      [0.10501889537, 0.017170112312, 0.15130249286, 0.53802885268, 0.033221029031, 0.15065039495, 0.0046082227923],
      [0.00035417258551, 0.011978147156, 0.72957576624, 0.033305213525, 0.14983135078, 0.018792294437, 0.056163055278],
      [0.0040169279682, 0.031641164899, 0.50379701297, 0.027599963594, 0.20674987994, 0.013581685375, 0.21261336526]
    ],
    [
      [0.028010304069, 0.80241315075, 0.058804299553, 0.0067449651277, 0.0032680459111, 0.053023374574, 0.047735860019],
      [0.16721285509, 0.026080704625, 0.060182667253, 0.61573423078, 0.025117796964, 0.10100510402, 0.0046666412563],
      [0.0053079931493, 0.032367195166, 0.47858558648, 0.073748012242, 0.2665025116, 0.020267720728, 0.12322098064],
      [0.0091323925081, 0.055812337244, 0.24576908894, 0.04233877485, 0.28450237896, 0.011072316594, 0.35137271089]
    ],
    [
      [0.018698015956, 0.70047530338, 0.11933759909, 0.0053795460208, 0.0037090417627, 0.088230731154, 0.064169762633],
      [0.10983575512, 0.021527933574, 0.11889941601, 0.54279415035, 0.030617563103, 0.17090763365, 0.0054175481911],
      [0.00064671629679, 0.019072938407, 0.65353592565, 0.039657651031, 0.1572446285, 0.026218433172, 0.10362370694],
      [0.004104939039, 0.037812175749, 0.37867313879, 0.027144569153, 0.18285142665, 0.015271681235, 0.35414206938]
    ],
    [
      [0.015189337964, 0.51896139443, 0.13966140387, 0.008418776762, 0.0045613001118, 0.25783057605, 0.05537721082],
      [0.040720185318, 0.029181440456, 0.094006414279, 0.48098116016, 0.02422134407, 0.3257321532, 0.0051573025197],
      [0, 0.00603628768, 0.65434323994, 0.059132742833, 0.15748034421, 0.039405003486, 0.083602381854],
      [0.0014774021857, 0.026383886578, 0.41418232693, 0.037651821896, 0.19980604992, 0.034674207957, 0.28582430454]
    ],
    [
      [0.024047484444, 0.63165428597, 0.16717997158, 0.0079585745126, 0.0046932202764, 0.1106144213, 0.053852041918],
      [0.10205827418, 0.014052310155, 0.11979568164, 0.57550268555, 0.028061019492, 0.15539795159, 0.0051320773943],
      [0, 0.010891190742, 0.69439373702, 0.045821249067, 0.15206435397, 0.024713644989, 0.072115824211],
      [0.0044946501672, 0.029498487029, 0.45725247773, 0.034657174647, 0.20149794768, 0.016428969702, 0.25617029305]
    ],
    [
      [0.037254011014, 0.64921811421, 0.12866719491, 0.013300058344, 0.0049203426429, 0.12300367958, 0.043636599296],
      [0.10930781981, 0.0093762010024, 0.065452914282, 0.67329952814, 0.020021349613, 0.11910630933, 0.0034358778199],
      [0.0026807279684, 0.01377855314, 0.61554393612, 0.084070993372, 0.18478567319, 0.031485226113, 0.067654890096],
      [0.0083472791156, 0.034055016102, 0.39598757042, 0.065243156905, 0.24231217828, 0.020539793833, 0.23351500535]
    ],
    [
      [0.026943717323, 0.7283657508, 0.10748569788, 0.0072226592321, 0.0029193549407, 0.08261405319, 0.044448766634],
      [0.13150143313, 0.018861444707, 0.08832132766, 0.60406258018, 0.020054113705, 0.13287597933, 0.0043231212877],
      [0.0026662187917, 0.022143144818, 0.66064717532, 0.06083233858, 0.14069263418, 0.026748882038, 0.086269606268],
      [0.0075305822445, 0.048105112106, 0.41058620617, 0.044128088412, 0.17667170626, 0.017040763997, 0.29593754081]
    ],
    [
      [0.025666236647, 0.71466853807, 0.1268808572, 0.0050636785204, 0.0027210979527, 0.083770178421, 0.041229413185],
      [0.15004974107, 0.021241540786, 0.12280629213, 0.51764659948, 0.022425690541, 0.16034604942, 0.0054840865777],
      [0.0030823324721, 0.019640987407, 0.71513268365, 0.03808680751, 0.12282633115, 0.025752744354, 0.075478113461],
      [0.0070050375974, 0.044189161578, 0.47046373033, 0.030350480861, 0.16463872315, 0.016822481954, 0.26653038453]
    ],
    [
      [0.037436541004, 0.71383798106, 0.10463485962, 0.0093814396455, 0.0035447429538, 0.091934524396, 0.039229911322],
      [0.14570858956, 0.014766761366, 0.068565871097, 0.6303793538, 0.019476466549, 0.11749506015, 0.0036078974732],
      [0.0040722133853, 0.021193669948, 0.62775471387, 0.075790560866, 0.16666919193, 0.028566970987, 0.075952679017],
      [0.010475100397, 0.046638697125, 0.39635611958, 0.056953961376, 0.21235890775, 0.018691609438, 0.25852560433]
    ],
    [
      [0.014403330365, 0.58978667517, 0.19139735541, 0.0066397328507, 0.0039779874468, 0.14032664821, 0.053468270547],
      [0.049257982136, 0.031379078191, 0.1467397347, 0.52994819131, 0.025638721622, 0.21156664206, 0.0054696499771],
      [0, 0.0064168433616, 0.74008768757, 0.034772900305, 0.12089965933, 0.029891816416, 0.067931093017],
      [0, 0.028136711072, 0.50803961745, 0.028199936255, 0.16837795083, 0.020220683368, 0.24702510102]
    ],
    [
      [0.020473648948, 0.82183090268, 0.05656173253, 0.0042871517853, 0.0026222648499, 0.05439270851, 0.039831590701],
      [0.16465399288, 0.031560258304, 0.079467881262, 0.55309386807, 0.025215705177, 0.14600829432, 0],
      [0.0053066313105, 0.037212704933, 0.58467474964, 0.058210472669, 0.15836656117, 0.030997959261, 0.12523092102],
      [0.0082136897714, 0.073424184548, 0.30605925103, 0.034877044863, 0.16466244651, 0.016232805804, 0.39653057748]
    ],
    [
      [0.036120673339, 0.75711654373, 0.072991243539, 0.0086719771181, 0.0030225160222, 0.09093905022, 0.031137996031],
      [0.1504328562, 0.017014581385, 0.051228954651, 0.63287052207, 0.018225269246, 0.1248927611, 0.0053350553584],
      [0.0056195933354, 0.027964077953, 0.54036426199, 0.088421579742, 0.22413438365, 0.036991046944, 0.076505056383],
      [0.012099852709, 0.057422624482, 0.32541718381, 0.062835795077, 0.28046197426, 0.022212878409, 0.23954969125]
    ],
    [
      [0.039800678128, 0.73058195269, 0.10127038764, 0.010849597105, 0.0044186038443, 0.078983126205, 0.034095654392],
      [0.1484001223, 0.013389533345, 0.057784627731, 0.66792852633, 0.022032129032, 0.085152589338, 0.0053124719227],
      [0.0053943686509, 0.018740129302, 0.59724020792, 0.0859946777, 0.20686356378, 0.021224803989, 0.064542248657],
      [0.011350440866, 0.041467030701, 0.37782436996, 0.063257988496, 0.26693706427, 0.014458820617, 0.22470428509]
    ],
    [
      [0.030720282315, 0.72518968657, 0.088776318532, 0.0060842508497, 0.0030710827315, 0.12020468996, 0.025953689039],
      [0.15773564458, 0.019721732094, 0.077349624427, 0.51694185562, 0.023674885617, 0.20176017863, 0.0028160790335],
      [0.0041862149608, 0.024738778517, 0.61778452224, 0.056973967181, 0.19659107898, 0.042038007209, 0.057687430912],
      [0.010254223254, 0.054913128763, 0.39899227626, 0.042377497799, 0.26077779616, 0.028528945451, 0.20415613231]
    ],
    [
      [0.03269367353, 0.72878863363, 0.10746651746, 0.0062730694592, 0.002516659124, 0.091820543667, 0.030440903133],
      [0.16676164754, 0.019449605519, 0.091618666321, 0.54638893238, 0.018298870638, 0.15418313019, 0.0032991474077],
      [0.0028843281611, 0.022845141387, 0.69309650004, 0.055438354093, 0.13083528657, 0.032184264698, 0.062716125051],
      [0.01021027994, 0.053810840313, 0.46434238818, 0.043184109158, 0.17783324752, 0.021535823179, 0.22908331171]
    ],
    [
      [0.013009412242, 0.77301153594, 0.1081669874, 0.0044537847776, 0.0029912361508, 0.063421097545, 0.034945945946],
      [0.090982905563, 0.033800912755, 0.1329065347, 0.55289617222, 0.030656183082, 0.15296525898, 0.0057920327005],
      [0, 0.022453327287, 0.69450539019, 0.039603256813, 0.14963491692, 0.021301568731, 0.072501540065],
      [0.0035140034053, 0.054894029852, 0.44992771229, 0.029437922847, 0.19505645272, 0.014221947341, 0.25294793154]
    ],
    [
      [0.011976817891, 0.80777668429, 0.081330757919, 0.002781150605, 0.0027405272361, 0.067975648846, 0.025418413209],
      [0.11153994882, 0.037291048145, 0.12685773482, 0.47392224402, 0.036826351603, 0.20808508249, 0.0054775901065],
      [0.0014621838851, 0.028619938558, 0.66104812781, 0.030304196979, 0.18170172231, 0.029847206055, 0.0670166244],
      [0.0044893794927, 0.068895828961, 0.41924920332, 0.023916889827, 0.23619186775, 0.019047053129, 0.22820977752]
    ],
    [
      [0.022163393236, 0.70921224069, 0.1000275194, 0.0059384962292, 0.0038829951369, 0.1225000984, 0.036275256901],
      [0.11750439611, 0.019965263723, 0.090492661841, 0.52597294933, 0.028282129757, 0.21266975508, 0.0051128441622],
      [0.002088518112, 0.021712183758, 0.61509621887, 0.050811320549, 0.20047465804, 0.03729354627, 0.072523554392],
      [0.006195626392, 0.046171654653, 0.38409571243, 0.035908810366, 0.26015579312, 0.02484342979, 0.24262897324]
    ],
    [
      [0.039452638227, 0.62191230658, 0.13319272599, 0.0075918179382, 0.0025631457123, 0.15689157313, 0.038395792416],
      [0.15893405231, 0.013309656618, 0.091803053032, 0.51103900545, 0.014556728589, 0.20661291748, 0.0037445865235],
      [0.0034765475411, 0.016147946976, 0.70472728657, 0.055513798199, 0.11459661329, 0.040072471515, 0.065465335901],
      [0.010393029414, 0.038601379952, 0.47807195411, 0.042930621576, 0.16065564706, 0.029602970441, 0.23974439744]
    ],
    [
      [0.030192948255, 0.66442721178, 0.11167209344, 0.0054873279778, 0.0018314696158, 0.14240398822, 0.043984960707],
      [0.15675421024, 0.018890790216, 0.10062211334, 0.46334741244, 0.014715883369, 0.2407782551, 0.0048913352809],
      [0.0045987144942, 0.0211543411, 0.69277364019, 0.046212686178, 0.10902703429, 0.03910691977, 0.087126663977],
      [0.0090418155139, 0.045242690247, 0.43817917734, 0.03320576152, 0.14369245078, 0.028498787643, 0.30213931695]
    ],
    [
      [0.02848440591, 0.60272721949, 0.1605531254, 0.0089293420188, 0.0054443482519, 0.14508660498, 0.048774953944],
      [0.10610039403, 0.010561295843, 0.10357458555, 0.56655491064, 0.028339018957, 0.18058336257, 0.0042864324028],
      [0, 0.010038677828, 0.66310979048, 0.051821097281, 0.17838564557, 0.032002280522, 0.064642508316],
      [0.0052939714414, 0.027922038915, 0.43660204831, 0.038497247379, 0.2395095731, 0.021392901697, 0.23078221915]
    ],
    [
      [0.035656508377, 0.67006219222, 0.12827113936, 0.0061515427713, 0.0028995729962, 0.11621110287, 0.040747941407],
      [0.1701387255, 0.016993184253, 0.10317442794, 0.50269395038, 0.019412766902, 0.18301477637, 0.0045721686626],
      [0.002434568189, 0.018011257956, 0.70120468724, 0.04604171469, 0.12678029049, 0.033803434373, 0.071724047056],
      [0.0092927765981, 0.041739049204, 0.46379655622, 0.03553540552, 0.17052481771, 0.022741125175, 0.25637026957]
    ],
    [
      [0.021464932468, 0.71449902678, 0.1298162055, 0.0054978628909, 0.0032874803511, 0.092781244181, 0.032653247833],
      [0.12129859202, 0.021573261553, 0.12293400871, 0.53067161837, 0.02646308778, 0.17366453384, 0.0033948977354],
      [0.0013656220143, 0.019426088221, 0.71230418843, 0.041540615339, 0.14107132867, 0.02763112021, 0.056661037113],
      [0.0057908921775, 0.046215684082, 0.48795569435, 0.03295271264, 0.19439877878, 0.018989276562, 0.21369696141]
    ],
    [
      [0.028115049853, 0.69842520138, 0.12521022129, 0.0071943818274, 0.0018794330766, 0.11061516868, 0.028560543893],
      [0.13090834525, 0.017580932471, 0.10059436219, 0.56713685774, 0.011593851913, 0.17022319833, 0.0019624520966],
      [0.0024884393108, 0.020262557089, 0.73052853414, 0.057551779352, 0.102073028, 0.034706439889, 0.052389222216],
      [0.0084186776816, 0.049534330852, 0.5145164359, 0.046876777018, 0.15075678008, 0.024706721651, 0.20519027682]
    ],
    [
      [0.052024627585, 0.72459596701, 0.0999596505, 0.015110394184, 0.004848099498, 0.077684684734, 0.025776576488],
      [0.15012008242, 0.01057767116, 0.048729653935, 0.71426023511, 0.016474802972, 0.058249683373, 0.0015878710263],
      [0.01141513631, 0.018657435604, 0.57448106988, 0.11605279875, 0.22002816211, 0.012461544111, 0.046903853242],
      [0.015815983381, 0.0398390192, 0.37597741983, 0.089251610189, 0.29654074069, 0.012651426411, 0.1699238003]
    ],
    [
      [0.020499199312, 0.82406961589, 0.0076082149467, 0.0061698846335, 0.00079636728482, 0.12430632823, 0.016550389703],
      [0.13607334474, 0.022293865755, 0, 0.57944255393, 0.0049885577851, 0.24643157444, 0.010770103355],
      [0.033139449315, 0.065239236452, 0.3104945423, 0.19988874504, 0.064630550661, 0.15774264738, 0.16886482886],
      [0.024415216701, 0.097249160989, 0.14233590121, 0.10375398551, 0.058149268132, 0.076367725888, 0.49772874157]
    ],
    [
      [0.034362746091, 0.64957658135, 0.18315590002, 0.0078480013752, 0.0028964767507, 0.078094077399, 0.044066217021],
      [0.14726585747, 0.012805320983, 0.12295287409, 0.58481946033, 0.017276228518, 0.10693032328, 0.0079499353319],
      [0.005228352189, 0.0115653826, 0.76579360785, 0.043847162315, 0.099080993726, 0.014935304136, 0.059549197189],
      [0.0084593090549, 0.029419091654, 0.54470111642, 0.03643984824, 0.14410669629, 0.011328523544, 0.22554541479]
    ],
    [
      [0.018739494452, 0.6906083937, 0.13884202183, 0.0064667776638, 0.0047708688368, 0.069331730619, 0.0712407129],
      [0.10117361858, 0.020783930672, 0.12962958502, 0.58366353463, 0.036357250813, 0.12317040027, 0.0052216800151],
      [0, 0.015751855353, 0.65295506072, 0.042335813627, 0.17311201496, 0.014084421768, 0.10176083357],
      [0.0033157412638, 0.032276771626, 0.38059611252, 0.027863015684, 0.20424284283, 0.0094997868954, 0.34220572919]
    ],
    [
      [0.030573722906, 0.86994531014, 0.035856593694, 0.0060962150019, 0.0015205735336, 0.044419094546, 0.011588490175],
      [0.27417747391, 0.041725663675, 0.059253448846, 0.47436558072, 0.014124432317, 0.13210262059, 0.0042507799428],
      [0, 0.042965291314, 0.62053256151, 0.09216087878, 0.13164548044, 0.046155069782, 0.066540718182],
      [0.021169798819, 0.15516967098, 0.37153816914, 0.056954770544, 0.15752606333, 0.026806689691, 0.21083483749]
    ],
    [
      [0.020548804404, 0.80450214255, 0.068784128497, 0.0032236901106, 0.0028219659737, 0.060285434611, 0.039833833852],
      [0.17510634287, 0.032586150058, 0.099172480579, 0.49141848173, 0.030169578619, 0.16932930502, 0.0022176611274],
      [0.0030291739978, 0.031752207075, 0.61663293313, 0.040455982351, 0.16666298652, 0.03002692315, 0.11143979378],
      [0.0075716659548, 0.065142566289, 0.3426517078, 0.02640607858, 0.18577831461, 0.016786719603, 0.35566294716]
    ],
    [
      [0.056942452447, 0.63527461542, 0.10228411301, 0.0089870957819, 0.0037283711792, 0.15963367918, 0.033149672983],
      [0.19785626506, 0.012118532166, 0.060903620198, 0.52415693255, 0.018588834807, 0.18339366817, 0.0029821470434],
      [0.0011963798879, 0.018953467631, 0.61520153434, 0.07551228996, 0.17586250299, 0.049078458083, 0.064195367105],
      [0.015224835973, 0.042749483421, 0.39875616206, 0.05497522772, 0.2302906387, 0.033167786138, 0.22483586598]
    ],
    [
      [0.047519894486, 0.62755854233, 0.14619812487, 0.0080030977181, 0.0030580518442, 0.13498383499, 0.032678453758],
      [0.18202677138, 0.012385669597, 0.09639614855, 0.51980022971, 0.016228677566, 0.17185526345, 0.0013072397479],
      [0.0016179064391, 0.014647815079, 0.72243717132, 0.054784184617, 0.12039429465, 0.035987120294, 0.050131507601],
      [0.011731062405, 0.037412489151, 0.50939513295, 0.044066293014, 0.17304730969, 0.025536226555, 0.19881148624]
    ],
    [
      [0.027667420902, 0.68742963603, 0.12454704327, 0.0082255363821, 0.0038145382311, 0.11851052963, 0.029805295555],
      [0.1157476184, 0.015399380969, 0.089596563124, 0.59069479636, 0.022940345315, 0.16501912305, 0.00060217277573],
      [0.0012439921722, 0.018204926735, 0.67387645495, 0.061121704419, 0.16150250758, 0.034587055, 0.049463359146],
      [0.0072551954694, 0.04377858248, 0.46109243413, 0.048561343873, 0.22316400453, 0.02385473074, 0.19229370878]
    ],
    [
      [0.033298896246, 0.70254778553, 0.097020972597, 0.0077488594863, 0.0031781621395, 0.11592021883, 0.040285105178],
      [0.14514793258, 0.016434052266, 0.070123804289, 0.57834194531, 0.019626819273, 0.16650010722, 0.0038253390627],
      [0.0034632950107, 0.022312852126, 0.62469535167, 0.068482617177, 0.15831030528, 0.039694365421, 0.083041213314],
      [0.0097586225578, 0.048524760554, 0.38829941415, 0.04956494343, 0.19817781306, 0.025078921116, 0.28059552514]
    ],
    [
      [0.023961715965, 0.78342598759, 0.075839303888, 0.0038266775079, 0.0015144107986, 0.082900633504, 0.028531270748],
      [0.17787024691, 0.028576342798, 0.096193741384, 0.47287910753, 0.016999373603, 0.20247927841, 0.0050019093638],
      [0.003016726388, 0.031022279454, 0.67890960459, 0.046509172645, 0.11976810387, 0.038539588422, 0.082234524633],
      [0.0097630621993, 0.074712529254, 0.42454086524, 0.033600841233, 0.15350897746, 0.024996383836, 0.27887734077]
    ],
    [
      [0.018053303512, 0.8027304753, 0.099181694647, 0.0050062919021, 0.0031111675177, 0.044275564435, 0.02764150269],
      [0.12814406601, 0.029269991441, 0.11870425477, 0.58081718021, 0.035452228971, 0.10313670507, 0.004475573531],
      [0.0032131478494, 0.02664409823, 0.66476168325, 0.045189601032, 0.19236622846, 0.008174688716, 0.059650552466],
      [0.0058689388804, 0.057809137167, 0.42812039732, 0.033042337183, 0.25730561256, 0.009100473887, 0.208753103]
    ],
    [
      [0.62104776641, 0, 0.20212001323, 0.17683222036, 0, 0, 0],
      [0.37895223359, 0, 0.052142983076, 0.56890478333, 0, 0, 0],
      [0.011739114334, 0.00011000502499, 0.94351034698, 0.043912178355, 7.7840067203e-08, 0.00056855124146, 0.00015972621967],
      [0, 0, 0.74573700369, 0.25426299631, 0, 0, 0]
    ],
    [
      [0.018735832925, 0.54460122613, 0.27142431847, 0.017897358622, 0.0053292590018, 0.065646077292, 0.076365927553],
      [0.020011824066, 0.0045513312549, 0.16735851313, 0.75950644751, 0.020928500672, 0.020679702183, 0.0069636811832],
      [0, 0, 0.72811566232, 0.087496548984, 0.11433562075, 0, 0.070052167948],
      [0, 0.01557147599, 0.51756081711, 0.055840498928, 0.15790953154, 0, 0.25311767643]
    ],
    [
      [0.02530855586, 0.74295418164, 0.11225799029, 0.0069195065775, 0.003293890357, 0.080160021002, 0.029105854268],
      [0.12791751284, 0.020062528391, 0.096112755115, 0.59665333867, 0.023593989723, 0.13343851966, 0.0022213555998],
      [0.0022211759507, 0.022299363981, 0.68128153287, 0.057738772056, 0.15627760934, 0.025237010231, 0.054944535573],
      [0.0075132081807, 0.052508432275, 0.45826537414, 0.045075625044, 0.21207358562, 0.017600848616, 0.20696292613]
    ],
    [
      [0.014976332329, 0.76163912529, 0.12344654228, 0.0058075983397, 0.0026490941197, 0.049963717784, 0.041517589854],
      [0.098468903911, 0.027727280709, 0.13708272382, 0.59911599717, 0.024660785267, 0.10608047424, 0.0068638348858],
      [0, 0.021889809236, 0.72143889109, 0.046506189785, 0.12223988301, 0.0093760648175, 0.078549162063],
      [0.0037319142665, 0.048914097701, 0.46942503615, 0.032895489153, 0.16117318218, 0.0088883568747, 0.27497192368]
    ],
    [
      [0.028770595504, 0.79168850569, 0.082951727035, 0.0049534716203, 0.0018633927385, 0.05826938258, 0.031502924837],
      [0.20092843367, 0.02815716852, 0.097377122682, 0.51717745242, 0.019023013132, 0.13249577252, 0.0048410370526],
      [0.0004974121613, 0.030581841928, 0.68063851548, 0.052129829843, 0.12848114592, 0.024594278257, 0.083076976407],
      [0.010080418517, 0.070058706556, 0.42365778214, 0.03665936699, 0.16252335977, 0.015950185204, 0.28107018083]
    ],
    [
      [0.026581696351, 0.8657674912, 0.060346781929, 0.0057920967966, 0.00088773426599, 0.020592459721, 0.02003173974],
      [0.23736654933, 0.04217005748, 0.095362140722, 0.5657201504, 0.012114615302, 0.040560050696, 0.0067064360705],
      [0, 0.033249259444, 0.70926476201, 0.076600250062, 0.10355469213, 0, 0.077331036347],
      [0.013251258518, 0.099617133735, 0.44329064435, 0.046910647737, 0.13470410509, 0.0042702466966, 0.25795596388]
    ]
  ],
  "expected_outcome": [
    [
      [0.68991253613, 0.73141080638, 0.37038775215, 0.4481648651, 0.31786627125, 0.57719484262, 1.6352289422, 1.0803663194, 1.91300393, 0.48765849629, 1.5348981812, 0.3744865895, 0.53231487265, 1.3003442402, 0.2786047469, 1.0137693164, 1.8635393912, 0.42931060398, 0.2515131757, 0.48759465119, 2.6827793994, 1.9021557401, 1.4527047014, 1.8184819272, 0.75127263637, 1.6869029912, 0.10404925517, 0.040998398623, 0.44671569918, 0.59966382248, 1.6509810369, 0.43152489248, 2.5624103601, 1.758236096, 0.91302488977, 2.4641183222, 1.4377029579, 0.52354580185, 0.62104776641, 0.33724499266, 1.4932047957, 0.44928996986, 4.7759188537, 0.31898035621],
      [17.537921622, 19.5839302762, 11.8670082897, 12.8386104119, 11.9080801575, 19.7205329882, 42.9524914457, 18.8273253122, 51.7139683065, 13.5787022234, 29.2673572233, 15.3344535544, 21.3676034696, 27.2561955743, 5.1140736688, 23.931259657, 41.5409521167, 25.509380686, 16.9633103702, 15.6026692952, 42.2900368477, 41.8589143424, 30.739088194, 34.1731718031, 25.0074659372, 41.905512083, 1.449191934, 1.6481392318, 8.4444955575, 22.0994685985, 46.9770467477, 16.8945449936, 28.5873576939, 23.2196660664, 22.6851779889, 51.9885361291, 47.0055592553, 23.2791837836, 0, 9.8028220704, 43.8342967169, 22.8491737587, 131.4202919437, 10.3892098944],
      [3.8511716882, 4.579406143, 3.1808288312, 0.94086879286, 2.0287391845, 5.307133347, 11.3682380675, 3.7313486525, 7.6314845498, 2.4107362868, 4.2900292445, 4.9763312406, 1.4706050458, 2.6276847674, 0.70889271347, 2.9296185116, 6.1255914952, 3.5695105841, 1.7079459163, 2.2006054269, 9.0571053672, 7.0353418868, 8.1882093956, 6.5418281073, 4.5435671925, 7.5126132772, 0.199919301, 0.015216429893, 2.3810267002, 4.4429446984, 1.9362560595, 1.4444666984, 4.6027850855, 5.4093306201, 4.1100524279, 7.1795519722, 4.5503582333, 2.8762691448, 0.20212001323, 4.8856377325, 6.6232214273, 3.7033962685, 13.7699866878, 0.72416138314],
      [0.16436755117, 0.18331773827, 0.10995354387, 0.10791944204, 0.091452282354, 0.31991351696, 0.54118306686, 0.38570169197, 0.51280880548, 0.096209891889, 0.38463902546, 0.17263305412, 0.11146594642, 0.31219117625, 0.075947179738, 0.20078027804, 0.35756495918, 0.14697489766, 0.058404162705, 0.13064691704, 0.5162436198, 0.3457016626, 0.45539644296, 0.31372868134, 0.19242520118, 0.43166290964, 0.030220788368, 0.012339769267, 0.10202401788, 0.20693688524, 0.3291956101, 0.067697492322, 0.40441931018, 0.29611461557, 0.27144270061, 0.57341560199, 0.22960065047, 0.14518246516, 0.17683222036, 0.3221524552, 0.40825088807, 0.17422795019, 0.82227628898, 0.069505161559],
      [0.11242461939, 0.12647886402, 0.083531264078, 0.052288734578, 0.063053709966, 0.17332940425, 0.31913897879, 0.14268993665, 0.20727420079, 0.051700861101, 0.14533446111, 0.10342767362, 0.068178886097, 0.1088105768, 0.03093022691, 0.10134573014, 0.14344957007, 0.098710792976, 0.057551071958, 0.085425893012, 0.17429390844, 0.1153825858, 0.27766176085, 0.14787822281, 0.11506181229, 0.11276598459, 0.0096961989961, 0.0015927345696, 0.037654197759, 0.15266780278, 0.082110970816, 0.059261285448, 0.16777670306, 0.11314791824, 0.12587976163, 0.23518399832, 0.090864647917, 0.090223858012, 0, 0.095926662033, 0.19433953106, 0.07947282359, 0.30932319459, 0.010652811192],
      [1.4140888042, 2.2435145205, 1.6161725658, 0.84837399318, 1.4999224296, 9.7975618898, 7.5217806485, 3.5671067077, 5.8655977765, 1.59163339, 3.7693155002, 3.6484928535, 1.4142104213, 3.2738058079, 0.55288188344, 3.9667547686, 5.233770989, 2.092896219, 1.4274886258, 2.6950021649, 10.6686269732, 8.9714512578, 7.399416854, 5.9267662465, 3.2473435463, 6.6369101208, 0.15536936947, 0.24861265647, 1.0152230062, 2.2186153798, 2.3986311055, 1.2659941268, 7.1835155631, 4.9944018947, 3.9108474779, 8.5780961931, 4.9740380102, 1.2839913686, 0, 1.1816293912, 4.7294412391, 1.4989115335, 9.6727175083, 0.24710951665],
      [1.230113179, 1.5519416516, 0.77211775331, 0.76377376031, 1.0908859648, 2.1043340112, 3.6619388504, 1.2654613796, 3.155862431, 0.78335885052, 1.6084263642, 1.3901750342, 1.0356213582, 1.1209678571, 0.23866958074, 0.85647173828, 1.7351314786, 1.1532162162, 0.5337866774, 0.79805565182, 2.6109138843, 2.7710525245, 2.4875226512, 2.0781450117, 1.1428636742, 1.7136326336, 0.051553152977, 0.033100779405, 0.57286082128, 2.2797028128, 0.62577846948, 0.83651051089, 1.4917352842, 1.209102789, 0.98357475332, 2.9810977832, 1.7118762449, 0.80160357801, 0, 1.374586696, 1.7172454018, 1.2455276956, 5.2294855229, 0.24038087688]
    ],
    [
      [16.4573506744, 25.1617598797, 12.9173241311, 27.2556953801, 15.9261844925, 5.252903906, 27.5557340277, 39.7880464122, 35.1108826458, 12.3040787676, 50.269463399, 1.6255134105, 22.2282890383, 28.1309441085, 16.3240134532, 22.7139328197, 33.0188062129, 20.1982050351, 10.038595394, 23.383374826, 61.1896101406, 44.9884583399, 62.8114332683, 71.4582647091, 58.5872199439, 65.0614475911, 9.9079254398, 1.4968067921, 7.2160270159, 19.1218139114, 65.5284162647, 19.7870167442, 102.4895453035, 73.5388156377, 65.3974043959, 82.1537298408, 50.1594096292, 9.6108049508, 0.37895223359, 4.6627550073, 76.4946726799, 17.3305270884, 100.464216836, 21.3629894394],
      [2.169418981, 3.4785928748, 2.1119238144, 4.2511548538, 3.1215503683, 3.7644058188, 3.7941237418, 3.4129371649, 5.0360057367, 1.7418063444, 5.0945326713, 1.0355095803, 4.260634871, 3.1817267191, 1.4728486679, 2.8399294215, 3.8510218928, 7.5038026315, 3.356194333, 3.9730874809, 5.1242177979, 5.421656792, 6.252287139, 7.1371373864, 10.4198853299, 8.7377234381, 0.69812629655, 0.2452325233, 0.62746072816, 3.928162897, 9.9724336184, 3.6822349566, 6.2773996619, 5.0038105171, 8.7006502477, 9.3016735828, 8.0585286691, 2.1952493581, 0, 1.0604601824, 11.997391978, 4.8800014048, 14.0785842602, 3.7953051732],
      [15.4022534961, 26.475566665, 18.6102066223, 9.8097747623, 17.2404153219, 12.126827442, 32.3448340421, 23.8248607988, 23.5817944852, 10.0701159543, 23.6552255286, 4.8424112451, 10.7281639704, 9.5798145198, 6.3563090504, 11.1383459175, 18.1404959315, 29.5052507044, 11.4171961335, 18.0080397064, 35.3441754175, 28.8785465291, 61.316154647, 43.3332597331, 59.3771262051, 49.9953980103, 3.2161571597, 0, 6.0246908304, 24.4999915687, 14.1615742741, 11.2064903054, 31.5480752625, 38.9440440142, 50.6220581652, 39.6900732278, 27.1266350703, 8.9028191076, 0.052142983076, 38.9945335586, 57.4754275588, 24.1265593915, 48.6885613411, 8.582592665],
      [65.7737355648, 108.3153727767, 66.1775488791, 100.3646796179, 78.7051518003, 62.0465696607, 155.3857250988, 245.0810282419, 161.2847089069, 42.4470211574, 217.480877061, 17.4882903133, 74.6676721888, 118.3467876268, 73.4721378963, 74.4396272087, 108.1850086122, 122.7429502318, 42.6530019616, 104.6686169169, 196.750017097, 132.9807073715, 335.4005071017, 211.1314591577, 256.3143916733, 281.8670182989, 47.1411755174, 6.3738680932, 28.6561535564, 110.3124080459, 113.3733737923, 55.5302884352, 271.5132910623, 209.9992928028, 333.7425599445, 327.3415410444, 133.3519083238, 43.5612885154, 0.56890478333, 176.9650022707, 356.7986965244, 105.4444155027, 258.5887262115, 50.9148135363],
      [3.7082426107, 6.1104447942, 4.0861865708, 4.0942009052, 4.4395466499, 3.124553385, 7.5764752628, 7.2877712592, 5.3544483592, 1.8389066244, 6.7193809595, 0.84607781352, 3.404120199, 3.408125349, 2.4235341935, 3.4091835289, 3.6231763862, 6.8056726441, 3.3143716442, 5.6281438216, 5.6043405069, 4.2234585268, 16.7766992224, 8.153362099, 12.7816713978, 5.7621444006, 1.0873369962, 0.054874135636, 0.84653519741, 6.8715204036, 3.3757393237, 3.409162384, 9.6290164302, 6.5563857367, 12.9612951029, 11.1087797086, 4.793823356, 2.6589171728, 0, 4.8763406565, 14.1092058541, 4.340298207, 9.5115065658, 1.0903153771],
      [10.7931189455, 25.2459620077, 18.5299985789, 16.4638319559, 24.7816068795, 42.0194477623, 41.9574469304, 43.3546965966, 35.4778864823, 13.1483760526, 40.5357957523, 6.981699188, 19.7111197325, 23.3549463248, 9.3667848271, 29.0534657229, 30.5282597777, 33.9582874936, 18.7276574241, 42.3212812599, 79.5459732286, 69.1033592149, 106.9053506392, 76.8662060763, 83.8799698439, 84.6009295689, 3.8444791026, 2.7107473188, 5.2395858405, 23.2792056505, 31.5725263205, 19.1342114672, 94.997920111, 69.4295264333, 93.2358045256, 94.2390606861, 57.099156511, 7.7352528805, 0, 4.8183706088, 79.7962347562, 18.6701634658, 66.2478862591, 3.6504045626],
      [0.69587972754, 1.2123010019, 0.56681140345, 0.76066252478, 0.78554448771, 0.66529202504, 1.3856608965, 1.2506595264, 1.1542733838, 0.44969509937, 1.2447246283, 0.18049844924, 0, 0.99765535201, 0.58437191149, 0.40551538083, 0.65323118673, 1.2858312595, 0.49298310959, 1.0174559883, 1.4416658116, 1.4038132256, 2.5375679825, 1.9203108383, 1.6397356062, 0.975338692, 0.10479948774, 0.11847113691, 0.38954683126, 0.98689752286, 1.0159364063, 0.2505957074, 1.5447521685, 0.52812485816, 0.34022761829, 2.1651419095, 1.4105384406, 0.33566801482, 0, 1.6225377157, 1.3283706487, 1.2080349399, 2.4205185263, 0.60357924634]
    ],
    [
      [1.0630885255, 1.0857595054, 0.17000284105, 0.81212295184, 0.29619606393, 0, 0, 1.8711481219, 2.5302416333, 0.90004108186, 3.3310705492, 0, 0.88620742886, 1.6128232872, 0.21577474604, 0.74933247798, 1.3008320007, 0, 0.42257114278, 0.68294542263, 2.4231536361, 2.0786189514, 0, 1.5337779591, 0.85078251494, 1.3761069388, 0.7191535875, 0.36453394247, 0.19344903099, 0, 0, 0.37258840173, 0.6795437763, 0.74100114912, 0.74639530335, 1.9671515661, 1.3484766954, 0.64262956989, 0, 0, 2.3366771001, 0, 0.39096595878, 0],
      [4.9985779069, 7.6739270462, 5.7495106347, 4.9521808603, 8.7354057903, 2.4809142365, 9.9436571473, 9.6174300916, 21.0138444325, 5.7351683227, 17.3364220171, 1.969970912, 6.2145217239, 8.0256903725, 0.74960517207, 4.4282413546, 10.3031587655, 14.1680495181, 8.2711622433, 7.0998840889, 11.2551190423, 9.5617621774, 7.1274612578, 11.3470925124, 12.1024529615, 11.2051940702, 1.175418443, 0.71763160097, 0.42791915619, 5.2611196879, 13.7059279292, 3.9055214702, 10.7655696146, 6.7086993062, 10.9229560411, 12.6737000078, 13.8669589161, 5.328819646, 0, 0, 23.4589309077, 5.3848930721, 24.0373277554, 3.4246737228],
      [223.1942374597, 387.837592486, 350.1963677955, 73.2235947308, 299.319453949, 268.9350716144, 633.9814818997, 429.6496674148, 626.9541693803, 208.8187436245, 513.5033559425, 227.2069200847, 97.6406831897, 155.0845431918, 23.8896083168, 110.5834294815, 312.5865215188, 438.232901209, 191.0429089377, 201.1364635718, 491.1949187416, 313.133685367, 470.8079512418, 441.7589529631, 443.7655093935, 403.9822793792, 36.1923074022, 3.4154399653, 28.3343634903, 218.0869902816, 197.9498871206, 75.8458507748, 349.4344715051, 330.8762244635, 404.3258729702, 354.826959749, 303.4725932501, 132.9523366496, 0, 213.3378890597, 716.7081725812, 177.4739672072, 534.9818731693, 73.0542704875],
      [13.2839301707, 21.0155019383, 15.9865024918, 11.283445873, 18.1632041722, 24.3035573043, 41.8348003979, 58.6815533735, 57.7298893125, 11.1213477929, 61.9966787885, 10.6752803935, 9.7211489357, 25.3769933858, 3.439787108, 10.1983401255, 25.002697696, 24.9896550488, 8.7579129268, 16.6153018197, 38.6931173446, 20.8881341526, 36.7929790696, 29.0062802544, 25.879803356, 31.8261339815, 7.311326321, 2.1987761955, 1.6223450057, 14.1401617515, 29.3993203309, 4.9760858292, 42.8909806972, 25.0911565545, 36.6730226514, 38.8981265563, 20.7896001725, 9.0379202064, 0, 25.6364888523, 60.7411882028, 11.4405226871, 40.9740462568, 7.8898257564],
      [50.1100828749, 83.5030599755, 71.9190483739, 40.7748842751, 72.0180398551, 64.7244214699, 138.834755176, 128.9803998845, 133.5173098388, 35.865288696, 136.3353989992, 37.1161954138, 26.4472157151, 64.3265681078, 8.2745425513, 35.1898031367, 59.0067142423, 94.4196325742, 52.5117977481, 65.5552131804, 79.8738394663, 49.280219498, 126.6538083556, 79.871583011, 87.8874377613, 56.4463844862, 13.861774213, 0.71093605727, 3.6659967679, 57.8194129958, 41.9949082589, 20.4995473419, 99.8899016998, 55.1405869507, 96.9015045463, 89.9202533992, 53.5363424302, 38.4732456917, 0, 33.5003368791, 164.4040450217, 30.0710112211, 100.9861806939, 10.6661332896],
      [1.1507363738, 8.423843294, 9.0203013296, 3.1009612714, 12.0080423926, 16.1954564328, 22.5635578746, 21.976687827, 25.3846890538, 7.5198013514, 23.3677822675, 9.1767876398, 5.1766591966, 10.6164304729, 0.84899215955, 7.5248032904, 14.515103379, 13.4412898692, 8.6258425499, 12.1949896303, 27.9305126458, 17.676327736, 22.7216191709, 21.2961636548, 17.2141878911, 19.1926612585, 0.78507727896, 1.7351691212, 0.55260625302, 4.7041968704, 14.7234672606, 3.6933115474, 27.8765641914, 16.4821010945, 20.7522330003, 22.5463995591, 17.2271960245, 1.6349377432, 0, 0, 26.5493347633, 2.3065119451, 19.3311027097, 0],
      [23.1993466885, 42.4603157547, 26.9582665335, 18.8528100375, 47.4596577769, 34.3605789421, 65.8417475046, 47.2231132868, 81.8698563488, 22.0396091306, 62.129291436, 20.8548455562, 20.9135638101, 21.9569511818, 2.5816899463, 10.3260501333, 28.2849723979, 45.7484717807, 19.3678044515, 23.7152022863, 45.6293391232, 39.3812521175, 45.8961809043, 45.1861496451, 35.2998261216, 28.9712398855, 2.9549427542, 1.8575131174, 2.203320296, 33.9881184128, 21.2264891, 13.7070946348, 36.4629685156, 22.9602304815, 29.6780154873, 47.1674091625, 36.758832511, 11.9301104932, 0, 20.5252852089, 57.8016514232, 19.3230938674, 65.2985034562, 7.9650967437]
    ],
    [
      [0.7896482639, 1.0210698086, 0.54228527571, 0.48401680293, 0.45975317237, 0.16990125136, 0.8090370301, 1.2604391465, 1.4458717909, 0.30822165429, 1.8645678706, 0, 0.35318866017, 0.95588836403, 0.18160705386, 0.52296538596, 0.81682239524, 0.37248436096, 0.28732028753, 0.44608510023, 1.7044568239, 1.0307669686, 0.73586203035, 1.1894754046, 0.81072490485, 0.87554247888, 0.26887171748, 0.097660866803, 0.14380825393, 0.27852226616, 1.8206026984, 0.40886996156, 2.26850056, 0.96194711719, 0.94317541103, 1.4150002709, 1.0544107175, 0.22301967746, 0, 0, 1.6754454243, 0.22018294172, 2.3688983515, 0.31803020443],
      [4.2940814901, 6.2635498027, 4.2715572613, 2.9580538739, 4.2349636839, 3.0341469565, 5.3097276652, 5.1423074314, 9.2361815243, 1.9443231095, 8.3016880883, 1.6600659533, 3.1572399356, 4.5363873341, 0.66347249122, 2.8005695669, 4.3048672251, 5.8187671643, 4.4093330535, 3.324359135, 6.3306263121, 5.1576666882, 3.8811634092, 5.3425982981, 6.4701957714, 5.1515704086, 0.67726332641, 0.38899664396, 0.50012455812, 2.7112488166, 13.3445917047, 3.5176985796, 6.3696730297, 3.0678241104, 5.6912157224, 7.0360902803, 8.0689531594, 2.1967472124, 0, 1.1367177472, 11.7093803974, 2.8859317644, 16.4637960407, 2.3908112096],
      [55.552337356, 86.107434706, 68.012596751, 13.025761714, 42.4113915446, 47.6309675966, 82.3054459907, 59.7941231339, 78.8325515847, 20.7004041344, 70.5513892845, 29.9743374296, 13.1605477941, 25.707957521, 6.0451899193, 20.3486060894, 37.1473910545, 47.6923375025, 26.8319490125, 27.6548912949, 78.4038004738, 49.9524262171, 60.6876847156, 59.3659591965, 68.3137972089, 53.5097093333, 6.391616137, 0.56934360483, 9.2599189792, 31.9700734513, 31.9522825459, 18.5031922213, 59.4146681469, 41.7704009021, 59.9420164366, 56.303415051, 45.8504134462, 16.2685750981, 0.74573700369, 37.7819396492, 102.1931784328, 27.6960771328, 99.5595788018, 10.6389754643],
      [3.7779667133, 5.4858075468, 3.7259950853, 2.2439550671, 3.0401917451, 4.329959518, 6.2382914365, 9.8517166926, 8.4725929751, 1.3354211579, 10.137805125, 1.663796239, 1.4997129291, 4.9640278111, 1.0121278159, 2.1612523878, 3.4547287327, 3.1204198218, 1.5306809489, 2.5854343464, 7.0406219385, 3.7854568132, 5.3511173857, 4.5485319065, 4.6133797696, 4.8751848099, 1.5172773732, 0.41501594206, 0.61947742008, 2.3404933174, 4.8981102668, 1.4259282433, 8.1913089303, 3.6134360271, 6.3129747034, 7.1869167973, 3.6288908532, 1.255608813, 0.25426299631, 4.0763564218, 10.0518643847, 1.94083386, 8.6149512427, 1.1258555457],
