{
  "Z_true": {},
  "V_true": [
    [41, 58, 6, 56, 147, 255, 191, 7],
    [75, 51, 1481, 71, 36, 63, 143, 14],
    [115, 29, 25, 251, 1687, 213, 298, 7],
    [131, 51, 31, 1981, 229, 94, 268, 11],
    [117, 218, 77, 152, 360, 5506, 268, 44],
    [83, 427, 59, 161, 208, 120, 5922, 36],
    [182, 325, 264, 171, 304, 417, 785, 373]
  ],
  "p_true": [
    [0.0539, 0.0762, 0.0079, 0.0736, 0.1932, 0.3351, 0.251, 0.0092],
    [0.0388, 0.0264, 0.7658, 0.0367, 0.0186, 0.0326, 0.0739, 0.0072],
    [0.0438, 0.011, 0.0095, 0.0956, 0.6427, 0.0811, 0.1135, 0.0027],
    [0.0469, 0.0182, 0.0111, 0.7085, 0.0819, 0.0336, 0.0959, 0.0039],
    [0.0174, 0.0323, 0.0114, 0.0225, 0.0534, 0.8167, 0.0398, 0.0065],
    [0.0118, 0.0609, 0.0084, 0.0229, 0.0296, 0.0171, 0.8441, 0.0051],
    [0.0645, 0.1152, 0.0936, 0.0606, 0.1078, 0.1478, 0.2783, 0.1322]
  ],
  "Z_est": {},
  "V_est": [
    [0, 20.973, 0, 0, 362.4402, 266.7189, 110.8678, 0],
    [73.2294, 0, 1624.4218, 115.0541, 0, 0, 110.1356, 11.1591],
    [289.4295, 0, 0, 0, 2335.5705, 0, 0, 0],
    [193.6833, 0, 0, 2602.3167, 0, 0, 0, 0],
    [187.6578, 0, 135.148, 0, 272.9893, 5805.5152, 274.1012, 66.5886],
    [0, 26.653, 101.7238, 0, 0, 216.5387, 6597.9248, 73.1597],
    [0, 1111.374, 81.7064, 125.6292, 0, 379.2272, 781.9705, 341.0925]
  ],
  "p_est": [
    [0, 0.0276, 0, 0, 0.4763, 0.3505, 0.1457, 0],
    [0.0379, 0, 0.8399, 0.0595, 0, 0, 0.0569, 0.0058],
    [0.1103, 0, 0, 0, 0.8897, 0, 0, 0],
    [0.0693, 0, 0, 0.9307, 0, 0, 0, 0],
    [0.0278, 0, 0.02, 0, 0.0405, 0.8611, 0.0407, 0.0099],
    [0, 0.0038, 0.0145, 0, 0, 0.0309, 0.9404, 0.0104],
    [0, 0.394, 0.029, 0.0445, 0, 0.1344, 0.2772, 0.1209]
  ],
  "EI_Z": {},
  "EI_V": 16.2679,
  "MAE_Z": {},
  "MAE_V": 143.4774,
  "MAE_p": 0.0508,
  "runtime": 0.0512
}
