{
  "Z_true": {},
  "V_true": [
    [65, 91, 1106, 77],
    [1948, 479, 462, 93],
    [1333, 9392, 3825, 537],
    [149, 88, 6126, 120],
    [161, 394, 1308, 273],
    [111, 407, 919, 159],
    [102, 290, 1436, 419],
    [215, 406, 597, 580]
  ],
  "p_true": [
    [0.0485, 0.068, 0.826, 0.0575],
    [0.6533, 0.1606, 0.1549, 0.0312],
    [0.0884, 0.6225, 0.2535, 0.0356],
    [0.023, 0.0136, 0.9449, 0.0185],
    [0.0754, 0.1845, 0.6124, 0.1278],
    [0.0695, 0.255, 0.5758, 0.0996],
    [0.0454, 0.1291, 0.6391, 0.1865],
    [0.1196, 0.2258, 0.332, 0.3226]
  ],
  "Z_est": [
    [
      [1.094, 18.8699, 8.9237, 2.6889, 2.6277, 8.5315, 10.5778, 10.7522, 19.6333, 14.8625, 12.3475, 13.428, 3.5936, 5.933, 8.6005, 9.9003, 4.2895, 17.4494, 4.6112, 13.6864, 4.4097, 32.185, 14.2495, 7.8504, 10.6073, 22.8057, 2.0065, 15.2661, 12.1795, 3.6332, 24.4526, 3.3784, 19.3603, 4.4386],
      [0.2699, 3.2733, 1.0355, 0.023, 0.1657, 0.3293, 1.4499, 0.481, 0.5892, 2.6726, 2.4457, 0.4348, 0.5385, 0.1635, 0.4556, 1.31, 0.9974, 1.3453, 1.8219, 7.8728, 1.3575, 3.1897, 2.2627, 2.4634, 2.5678, 4.253, 0.3997, 1.7188, 0.5544, 0.0705, 6.315, 0.9038, 3.5574, 0.0873],
      [3.3623, 37.3713, 22.4453, 4.0081, 9.729, 19.1722, 23.0131, 24.083, 41.2196, 25.8767, 23.692, 32.1505, 4.581, 16.5099, 24.2148, 14.9768, 11.1567, 47.914, 17.494, 78.9306, 14.2683, 57.612, 33.3901, 24.2974, 17.4922, 39.6494, 4.3686, 34.0398, 21.3747, 5.4338, 63.4864, 10.2242, 37.7254, 13.2337],
      [0.2739, 4.4855, 1.5956, 0.2803, 0.4777, 0.9669, 0.9616, 0.6838, 1.5579, 1.5881, 1.5148, 0.9868, 0.2876, 0.3936, 0.729, 0.8129, 0.5564, 2.2913, 1.0729, 5.5103, 0.9645, 5.0133, 2.0977, 1.3888, 2.3328, 3.292, 0.2253, 1.9753, 0.8914, 0.8627, 4.746, 0.4936, 2.3569, 0.2404]
    ],
    [
      [7.9934, 95.731, 44.8352, 2.6358, 37.1937, 34.2103, 73.0031, 102.6442, 258.568, 64.8137, 95.2325, 121.2588, 42.5722, 96.0795, 55.8041, 145.0509, 21.4694, 42.6287, 31.3875, 77.3518, 29.4739, 106.3586, 38.6576, 48.6379, 52.2227, 89.1589, 32.4042, 51.6623, 45.5552, 16.816, 163.2522, 30.0935, 256.3778, 41.1388],
      [0.492, 7.8881, 3.0689, 0.0443, 6.1378, 1.3648, 6.6749, 11.4075, 24.154, 4.0505, 8.6894, 9.5229, 4.0124, 12.045, 4.6569, 16.8638, 1.2595, 1.8877, 4.0166, 11.3602, 3.2136, 8.1021, 3.9073, 5.0154, 4.7699, 5.7196, 2.3946, 3.2394, 3.0891, 0.8335, 17.2829, 2.6841, 20.1465, 3.2266],
      [0.4982, 4.2237, 2.6611, 0.0757, 4.4017, 3.0341, 4.2449, 4.9651, 13.8587, 3.2722, 4.6452, 7.9632, 0.8617, 11.0625, 4.9319, 4.6183, 1.2079, 3.8668, 1.2714, 5.9881, 1.4729, 3.2351, 1.2402, 2.2167, 1.0785, 3.6615, 3.0495, 2.8076, 2.3339, 0.35, 10.6541, 2.4758, 17.9874, 6.218],
      [1.0164, 5.1572, 2.4348, 0.2443, 5.2669, 2.3907, 4.0832, 5.9833, 18.4192, 3.8637, 5.4329, 7.255, 2.5572, 7.813, 3.6071, 9.467, 1.0632, 2.6167, 1.3245, 6.2999, 1.8396, 5.3042, 2.1949, 3.13, 2.9292, 4.46, 2.1517, 3.2907, 2.0218, 1.0008, 9.8108, 1.7466, 21.4883, 2.4167]
    ],
    [
      [1.31, 31.0652, 12.4014, 2.447, 4.4185, 7.1005, 18.9205, 49.9235, 106.6036, 22.9862, 28.6499, 38.8657, 20.8141, 17.919, 9.694, 51.6152, 6.2217, 11.9504, 11.445, 18.5336, 9.2542, 53.0332, 22.2797, 13.9052, 28.0492, 37.3674, 6.2222, 18.5936, 16.6239, 8.2118, 39.0892, 6.1087, 74.6587, 10.4476],
      [28.1092, 377.365, 247.7302, 23.4411, 63.1875, 99.6913, 190.3317, 254.1433, 488.016, 165.5295, 352.5743, 242.1072, 218.7315, 128.4356, 107.6379, 460.5671, 106.3957, 219.3417, 354.7834, 686.2148, 249.2759, 891.1782, 540.4443, 338.9956, 398.6245, 385.8314, 39.7582, 270.6581, 246.4612, 203.6787, 562.314, 87.0683, 376.2457, 45.2473],
      [8.6898, 134.852, 124.6841, 12.5929, 21.1202, 56.3397, 71.7236, 93.8675, 176.0484, 77.3454, 147.7969, 111.2075, 64.162, 40.6858, 49.8991, 106.9556, 65.6089, 160.4637, 179.5779, 349.3633, 124.9465, 390.9527, 251.6519, 144.3692, 140.0966, 208.3577, 17.371, 162.3445, 110.5374, 94.4135, 225.7407, 39.698, 146.9691, 30.6609],
      [3.891, 22.7179, 15.1843, 4.5189, 5.2738, 8.8685, 12.0445, 16.0657, 40.332, 14.1389, 24.9788, 17.8195, 21.2888, 7.9595, 6.769, 37.8622, 7.7737, 16.2442, 17.1937, 46.8883, 16.5234, 57.8358, 32.6241, 24.73, 34.2294, 30.4434, 2.6486, 24.4038, 13.3774, 19.6955, 30.856, 5.1251, 36.1265, 2.6442]
    ],
    [
      [0.5548, 5.5536, 2.3675, 0.8539, 0.9212, 2.7793, 2.721, 3.6072, 9.5798, 5.0794, 4.6919, 6.4334, 1.6995, 1.9799, 3.1257, 3.3267, 0.7683, 3.271, 0.8971, 2.6802, 1.0895, 6.5195, 2.1916, 1.7125, 2.1588, 4.9963, 1.5505, 2.6583, 3.4614, 2.4206, 6.691, 1.9464, 11.738, 2.505],
      [1.695, 15.6549, 11.1636, 0.5868, 1.7018, 4.4454, 5.0489, 5.5188, 9.921, 6.4325, 13.9204, 7.3162, 4.5175, 1.9608, 4.1371, 7.1997, 2.7998, 9.4749, 12.0144, 32.1351, 9.7193, 36.1207, 19.2337, 12.9686, 11.0006, 12.2104, 1.0824, 8.7368, 10.9437, 15.7029, 21.2346, 4.7051, 9.3871, 1.4078],
      [32.3037, 232.109, 196.4386, 22.3961, 41.434, 139.3014, 100.8697, 104.6521, 238.5587, 132.2691, 208.7799, 173.2926, 61.1738, 62.2777, 95.5169, 122.4168, 67.5648, 261.8675, 163.1004, 491.1849, 145.855, 472.4319, 244.5563, 190.0179, 134.0141, 228.6164, 35.4427, 186.8575, 183.2212, 179.3559, 339.7763, 82.8664, 265.1122, 51.9851],
      [4.4464, 13.6825, 11.0303, 3.1631, 2.943, 10.4739, 5.3683, 5.222, 14.9405, 9.2191, 12.6077, 9.9579, 4.6084, 2.7816, 5.2202, 7.0568, 3.8671, 15.3866, 6.9881, 29.9998, 8.3362, 27.9279, 13.0184, 12.301, 9.8263, 14.1769, 1.9244, 12.7474, 9.3737, 16.5205, 17.298, 4.4822, 19.7626, 2.102]
    ],
    [
      [0.0028, 0.9481, 0.4276, 0.3289, 0.003, 0.3534, 0.0387, 0.0109, 0.0504, 0.1476, 0.0604, 0.019, 1.243, 0.0273, 0.0155, 0.033, 0.0072, 0.1079, 0.6999, 0.011, 0.1262, 1.6064, 1.2371, 0.0156, 0.5607, 0.1334, 0.0162, 0.445, 0.8654, 0.5691, 0.1295, 0.5128, 0.0673, 0.0012],
      [1.863, 23.5628, 14.5728, 2.0957, 2.6348, 8.3645, 12.4291, 8.7117, 19.2762, 7.1332, 21.0006, 9.4776, 8.1612, 6.7122, 5.4844, 15.0646, 6.3706, 12.0756, 19.3617, 48.332, 12.5358, 52.2639, 32.3886, 23.1582, 25.8843, 21.2087, 1.4881, 12.9616, 14.6461, 14.6927, 31.3655, 4.42, 15.07, 0.979],
      [6.1232, 55.1443, 41.7124, 9.6177, 9.1454, 37.7002, 36.2467, 22.2847, 57.8701, 21.0227, 55.9778, 32.5866, 15.2768, 23.5795, 19.392, 35.1356, 22.422, 46.523, 42.7067, 136.8741, 30.7044, 113.6648, 67.7602, 61.5236, 51.6125, 61.8631, 5.6088, 39.4604, 39.3751, 39.2738, 80.5201, 13.8282, 54.4196, 4.7317],
      [2.011, 11.3448, 8.2872, 2.9576, 1.2168, 7.5819, 3.289, 1.9927, 5.8032, 4.6965, 5.9612, 2.9168, 2.3186, 1.6811, 2.1082, 3.7668, 2.2002, 9.2934, 7.2317, 20.7829, 6.6336, 24.4649, 13.6142, 7.3027, 7.9424, 7.7949, 0.8869, 8.133, 7.1133, 6.4644, 11.9849, 1.2391, 6.4431, 0.2881]
    ],
    [
      [0.209, 2.2401, 1.7071, 0.7838, 0.4556, 1.5508, 1.3146, 0.536, 2.2608, 1.1396, 0.665, 1.3336, 0.7739, 0.1778, 0.8373, 1.4514, 0.6995, 1.7778, 1.265, 4.0027, 1.5606, 3.9681, 2.8427, 1.367, 1.6653, 2.003, 0.5249, 2.3069, 2.6564, 0.4101, 3.8671, 0.6006, 4.8215, 0.2107],
      [0.7408, 7.5346, 11.484, 1.045, 1.5618, 3.4761, 3.4458, 1.5269, 4.4196, 1.8155, 1.6334, 1.984, 2.7436, 0.3645, 1.4187, 5.8365, 3.8723, 4.8931, 10.4526, 13.8587, 5.7503, 14.3541, 11.2039, 4.6316, 6.7319, 4.6774, 0.6385, 5.6263, 9.8085, 0.6004, 15.3036, 1.2868, 7.0703, 0.2065],
      [7.8204, 49.7378, 86.1288, 15.4131, 14.8742, 50.3047, 25.9614, 13.3749, 44.8553, 17.956, 13.9884, 20.604, 13.4763, 6.2205, 14.9059, 33.7504, 35.6046, 59.2783, 54.9594, 100.7057, 36.756, 87.1726, 61.0337, 32.0966, 32.3846, 38.2592, 9.3621, 48.0487, 63.8272, 6.5222, 97.948, 11.5525, 81.7419, 5.4135],
      [1.2298, 3.4875, 4.6802, 2.758, 1.1084, 3.6685, 1.2804, 0.5622, 2.4644, 1.0889, 0.7132, 1.0783, 1.0075, 0.2372, 0.8381, 1.9617, 1.8237, 4.0509, 3.323, 5.4328, 1.9331, 4.5053, 2.9197, 1.9048, 2.2182, 2.0604, 0.4744, 3.0181, 3.7078, 0.4673, 5.8813, 0.5602, 5.3663, 0.1693]
    ],
    [
      [0.4468, 4.2675, 1.7327, 0.6753, 0.3186, 1.9056, 1.5689, 1.8069, 8.7215, 2.2194, 2.5833, 2.6865, 1.6001, 1.5702, 1.0898, 4.2508, 0.7744, 2.5086, 1.0105, 3.1557, 1.0473, 5.5629, 2.7837, 1.6834, 1.6674, 3.2752, 1.8936, 1.9906, 2.9505, 0.4012, 3.6706, 0.8634, 6.8839, 0.2183],
      [1.8653, 17.0557, 7.6872, 0.8801, 1.0952, 4.1345, 4.7052, 4.9266, 14.4614, 4.4503, 9.0602, 5.9331, 8.216, 2.7469, 2.2197, 11.1917, 4.439, 11.8925, 15.6743, 26.5359, 12.4383, 34.3725, 18.3998, 16.7735, 8.0664, 12.4669, 2.0483, 9.646, 11.436, 0.9121, 14.5167, 2.2764, 9.1435, 0.2305],
      [12.5781, 77.8411, 47.558, 11.2106, 8.539, 43.4949, 27.2915, 26.6396, 87.6867, 30.2423, 45.3062, 45.8827, 28.1958, 20.5729, 17.2761, 45.2227, 32.0762, 116.793, 68.2245, 142.1418, 62.0318, 146.1498, 75.9906, 79.5496, 30.9931, 74.5899, 17.8329, 68.0468, 60.9844, 7.1471, 77.0452, 15.0738, 76.3597, 4.406],
      [3.1097, 5.8356, 3.0222, 2.2339, 1.0472, 4.465, 1.4369, 1.6269, 7.1304, 3.0879, 3.0503, 2.4977, 2.9877, 1.11, 1.4145, 3.3348, 1.7104, 6.8059, 3.0907, 11.1666, 3.4827, 10.9148, 4.826, 4.9935, 2.2731, 4.6679, 1.2252, 4.3167, 3.629, 0.5396, 4.7675, 0.7865, 7.6129, 0.1452]
    ],
    [
      [0.3892, 4.3245, 2.6048, 0.5864, 1.0619, 2.5687, 6.8553, 6.7192, 20.5825, 5.7516, 6.7695, 12.975, 5.7035, 5.3133, 2.8332, 19.3717, 1.77, 3.306, 1.6838, 4.5786, 2.0386, 7.7663, 3.7582, 3.828, 5.0687, 6.26, 1.3819, 5.0773, 3.7076, 2.538, 6.8478, 2.4962, 18.0925, 2.0398],
      [0.9649, 13.6656, 12.2579, 0.8839, 2.5153, 5.1941, 10.9145, 10.2842, 24.1625, 6.9159, 17.676, 15.2242, 13.0793, 6.5715, 3.9898, 30.9666, 6.8657, 11.0892, 15.8751, 37.6904, 14.7095, 40.4187, 28.1598, 23.9938, 20.3544, 17.6327, 1.1902, 18.4129, 14.0608, 12.5093, 21.6676, 5.6556, 17.3795, 1.6151],
      [1.6242, 12.7208, 17.3719, 2.6858, 2.7566, 14.6527, 11.6491, 7.1331, 20.9025, 9.0157, 16.8137, 20.3128, 6.2725, 7.0912, 5.8633, 14.9239, 11.359, 27.2938, 15.6657, 48.8116, 16.965, 36.7811, 25.3771, 25.9289, 12.3285, 21.0028, 1.9644, 28.3946, 18.346, 13.5037, 21.8292, 8.2812, 21.6846, 3.3511],
      [3.0217, 15.289, 14.7654, 3.8439, 4.6663, 12.5845, 12.5361, 11.8635, 36.3524, 11.3169, 20.741, 21.488, 14.9444, 9.024, 6.3139, 31.7378, 9.0053, 19.311, 12.7754, 42.9194, 15.2869, 41.0339, 24.7049, 26.2493, 22.2485, 23.1047, 2.4634, 26.1151, 14.8857, 17.4494, 22.6555, 6.5667, 35.8434, 2.994]
    ]
  ],
  "V_est": [
    [369.2236, 57.3758, 858.4969, 53.9077],
    [2452.2733, 223.2217, 146.4337, 160.0816],
    [816.7297, 9450.1154, 4141.0942, 679.0761],
    [114.531, 332.0982, 5687.6166, 348.7608],
    [10.8215, 515.7469, 1391.6876, 217.747],
    [53.9861, 171.9977, 1292.0389, 77.9807],
    [79.7852, 311.8978, 1730.9744, 124.3446],
    [186.6496, 484.5465, 530.6579, 596.1015]
  ],
  "p_est": [
    [0.2757, 0.0428, 0.6411, 0.0403],
    [0.8224, 0.0749, 0.0491, 0.0537],
    [0.0541, 0.6264, 0.2745, 0.045],
    [0.0177, 0.0512, 0.8773, 0.0538],
    [0.0051, 0.2415, 0.6515, 0.1019],
    [0.0338, 0.1078, 0.8095, 0.0489],
    [0.0355, 0.1388, 0.7703, 0.0553],
    [0.1038, 0.2695, 0.2951, 0.3315]
  ],
  "EI_Z": {},
  "EI_V": 8.479,
  "MAE_Z": {},
  "MAE_V": 178.4198,
  "MAE_p": 0.0656,
  "runtime": 147.175
}
