{
  "Z_true": {},
  "V_true": [
    [381, 314, 683, 207, 17103, 547],
    [72, 119, 128, 3720, 510, 223],
    [37, 615, 44, 144, 464, 107],
    [390, 49, 348, 142, 733, 303]
  ],
  "p_true": [
    [0.0198, 0.0163, 0.0355, 0.0108, 0.8892, 0.0284],
    [0.0151, 0.0249, 0.0268, 0.7795, 0.1069, 0.0467],
    [0.0262, 0.4359, 0.0312, 0.1021, 0.3288, 0.0758],
    [0.1985, 0.0249, 0.1771, 0.0723, 0.373, 0.1542]
  ],
  "Z_est": [
    [
      [0.7681, 1.6396, 2.6456, 1.8469, 21.932, 59.2683, 30.403, 57.4812, 92.3364, 9.8047, 0, 0, 2.729, 1.9646, 1.6872, 6.8609, 4.8726, 0, 0.9143, 21.9714, 13.6645, 1.2807, 8.7272, 17.5085, 21.2149, 18.26, 11.5636, 5.0879, 19.73, 26.7436, 17.8704, 8.8835, 14.2569, 5.6799, 14.3854, 10.6695, 31.4058, 16.0846, 18.8281, 0, 0.9753, 0, 2.9342, 8.3751, 6.4082, 0.9168, 10.6434, 113.7655, 67.7585],
      [0.0968, 0.0358, 0.0564, 0.3856, 2.2689, 4.8351, 9.384, 7.8034, 7.5641, 1.7161, 0, 0, 0.5758, 1.8144, 0.3289, 1.4376, 1.1412, 0, 0, 2.3499, 1.6997, 0.1193, 1.9242, 3.9375, 2.2124, 2.6459, 0.4481, 0.0783, 0.7819, 1.6922, 5.1352, 6.5191, 2.7486, 0.9394, 0.7741, 1.8954, 2.6587, 2.0048, 0.5305, 0.1541, 0.5068, 0.9926, 2.2383, 2.8547, 1.2118, 0.1917, 0.3971, 13.879, 10.7323],
      [0.0058, 0.0829, 0.1266, 0.0846, 0.9136, 2.6267, 9.2891, 2.0141, 1.3613, 1.4466, 0.0501, 1.4075, 0.3, 1.4575, 0, 1.2655, 0.3308, 0, 0, 0.7022, 0.7133, 0.0664, 2.0096, 1.0927, 0.3488, 0.1013, 0.2643, 0.0749, 0.23, 0.365, 2.4448, 3.4725, 3.1045, 0.6908, 0.2842, 1.0788, 0.5884, 0.6393, 1.0174, 0, 0.4831, 0.632, 1.2154, 1.9805, 0.6366, 0.2886, 0.5293, 8.9912, 8.0534],
      [0.0003, 0.003, 0.0727, 0.2235, 0.391, 4.03, 14.4699, 6.6182, 1.2371, 5.8368, 0.1185, 0, 0.3602, 1.6092, 0.0086, 2.3717, 4.8603, 0.0121, 0.0447, 0.8751, 2.8579, 0.0065, 1.8525, 1.3961, 0.6336, 0.2503, 0.6634, 0.0021, 0.1858, 0.0686, 4.156, 5.404, 2.0818, 1.3471, 2.361, 2.2019, 0.4274, 1.0477, 0.6986, 0.193, 1.1788, 0.6304, 2.8682, 2.6108, 1.5103, 0.0631, 0.7843, 12.0918, 10.3004],
      [13.1803, 32.2387, 70.6927, 35.8626, 381.2396, 1239.9285, 743.7143, 1258.2271, 1881.5314, 365.8442, 13.5826, 5.5925, 76.1159, 99.0146, 42.6313, 134.7273, 227.5239, 3.924, 18.041, 442.9073, 436.0163, 13.1528, 201.63, 431.0341, 463.1746, 490.0725, 231.286, 87.666, 379.2229, 383.4965, 398.0686, 279.6018, 246.4278, 254.4406, 417.2263, 428.769, 465.1417, 369.1644, 342.358, 28.6529, 35.8517, 20.7893, 107.5927, 243.3634, 147.8246, 6.5396, 172.6535, 2062.1048, 1458.4025],
      [1.9488, 0, 1.4062, 0.5968, 6.2549, 37.3113, 18.5054, 27.856, 44.9697, 8.3517, 0.2488, 0, 1.9191, 2.1397, 0.344, 4.3369, 5.2712, 0.064, 0, 9.194, 14.0484, 0.3743, 5.8566, 9.0311, 14.4157, 10.67, 6.7747, 3.0907, 4.8495, 7.6341, 9.3259, 6.1195, 5.3808, 8.9022, 9.969, 12.3853, 11.7781, 10.0592, 6.5674, 0, 2.0043, 1.9558, 3.1512, 4.8155, 3.4086, 0, 2.9924, 63.1678, 43.7529]
    ],
    [
      [0.0004, 0.0003, 0.0001, 0.0004, 0.0007, 0.0113, 0.1664, 0.0082, 0.0044, 0.001, 0, 0, 0.0005, 4.6472e-06, 0, 0.0008, 0.0003, 0, 0.0466, 0.0044, 0.0024, 0.0982, 0.0015, 0.0001, 0.0132, 0.0043, 0.0021, 0, 0.0007, 0.001, 0.0673, 0.0198, 0.2024, 0.0006, 0.0062, 0.0003, 0.0046, 0.0035, 0.0007, 0, 0.0002, 0, 0.0005, 0.0182, 0.012, 0.0008, 0.0104, 0.0121, 0.0089],
      [0.6789, 0.3236, 0.5658, 1.3441, 5.2903, 23.7152, 45.1812, 30.9072, 19.3664, 6.4686, 0, 0, 1.7106, 1.4206, 0.6411, 3.1994, 4.4157, 0, 0, 10.7644, 8.2959, 0.8498, 5.2888, 5.2743, 9.0874, 11.5551, 2.731, 0.2897, 3.2165, 4.9248, 23.8268, 20.974, 18.3799, 4.0106, 5.5075, 6.3366, 9.9941, 8.756, 2.5046, 0.8492, 1.4512, 1.3982, 5.2522, 11.8294, 5.8923, 0.4537, 2.0072, 43.2335, 32.9955],
      [0.4743, 1.8921, 2.062, 1.5334, 8.6788, 42.3918, 75.3666, 35.0619, 26.6586, 13.9741, 1.0707, 6.6929, 4.3462, 3.0512, 0, 6.4143, 5.7804, 0, 0, 13.1266, 12.1739, 1.7346, 12.1862, 6.8695, 9.1296, 5.4092, 5.5545, 1.152, 5.8345, 6.8952, 42.8206, 42.646, 29.745, 11.095, 10.1911, 10.9845, 11.1192, 12.2734, 9.6901, 0, 2.46, 1.9391, 6.025, 15.6483, 10.4194, 0.922, 11.6294, 77.6561, 66.3325],
      [1.1524, 2.0989, 4.9622, 7.2661, 21.2327, 171.8241, 491.9893, 189.8363, 99.0689, 77.0359, 4.0628, 0, 15.0139, 8.0458, 2.0283, 23.8003, 53.2991, 3.5953, 1.6784, 52.6208, 79.6032, 3.8198, 36.0616, 23.9585, 43.5857, 34.9402, 27.2587, 1.381, 18.5244, 14.4157, 189.2797, 175.2182, 189.2098, 47.06, 84.9464, 47.1956, 36.9461, 54.1742, 23.5623, 5.1063, 12.3679, 4.7522, 32.1808, 84.0858, 52.2104, 1.6228, 42.556, 272.2207, 227.1643],
      [0.0017, 0.685, 0.3734, 0.1316, 0.3228, 6.1643, 27.6095, 5.9592, 1.4804, 4.5291, 0.446, 0.3071, 0.6256, 0.0511, 0.0423, 0.3135, 2.1839, 0.8002, 1.275, 2.43, 6.458, 0.348, 0.9584, 0.1752, 1.1589, 1.8887, 1.2123, 0.0149, 0.7988, 0.213, 11.198, 9.1471, 15.1895, 2.5137, 8.7823, 1.5837, 0.7965, 1.9372, 0.6718, 1.0445, 0.2561, 0.0653, 0.9771, 7.5942, 3.4802, 0.0008, 3.1781, 3.6347, 4.8629],
      [1.6922, 0, 1.0364, 0.7244, 3.4748, 34.8933, 46.1752, 25.2272, 24.4214, 6.9913, 0.4205, 0, 2.3033, 0.4313, 0.2882, 2.2717, 4.3206, 0.6043, 0, 10.0538, 13.4665, 1.1496, 4.5035, 2.7224, 12.0252, 10.2026, 6.2414, 1.1623, 3.6251, 4.5502, 20.807, 12.9946, 20.2731, 8.32, 13.5665, 6.8993, 10.1395, 10.8557, 3.5704, 0, 1.4646, 0.8451, 2.5644, 8.8242, 5.9856, 0, 5.6188, 38.2429, 30.6359]
    ],
    [
      [0.006, 0.0075, 0, 0.009, 0.1735, 0.2083, 0.4171, 0.1476, 1.1451, 0.0073, 0, 0, 0.0401, 0.0006, 0.0111, 0.0131, 0.0057, 0, 0.039, 0.1105, 0.0235, 0.0918, 0.0178, 0.0569, 0.3981, 0.2433, 0.0475, 0.0548, 0.1479, 0.1376, 0.115, 0.1236, 0.1854, 0.0147, 0.0896, 0.0194, 0.285, 0.1382, 0.0338, 0, 0.0004, 0, 0.0044, 0.051, 0.0331, 0.0339, 0.059, 0.6693, 0.148],
      [0.3096, 0.3462, 0, 1.1239, 8.5587, 18.1554, 34.1995, 21.1966, 33.1285, 3.6517, 0, 0, 2.3723, 0.6669, 1.2983, 2.1565, 3.2585, 0, 0, 9.4871, 5.1238, 0.9281, 3.5375, 9.0918, 8.8232, 11.7434, 2.4318, 0.3269, 3.7861, 6.122, 13.5349, 18.5024, 11.6768, 3.4435, 5.0006, 4.034, 11.7148, 10.0508, 1.1849, 0.6805, 0.5356, 0.3899, 2.9508, 6.2562, 3.5559, 1.1307, 2.0064, 26.7719, 22.0188],
      [0.0726, 0.2467, 0, 0.3631, 1.9048, 7.2421, 17.9569, 6.0799, 5.6772, 1.7716, 0.1503, 0, 1.5458, 0.2875, 0, 1.0547, 1.1418, 0, 0, 2.4735, 1.8723, 0.5608, 1.9615, 1.708, 1.8028, 1.1007, 0.9221, 0.1284, 0.7303, 1.0273, 7.0592, 10.9073, 5.8749, 2.0112, 2.1894, 1.504, 2.2629, 3.1284, 0.5697, 0, 0.2486, 0.1433, 1.1025, 2.5998, 1.7536, 0.46, 2.0863, 11.3885, 10.564],
      [0.1914, 0.3874, 0, 1.4205, 5.7585, 27.2359, 72.9938, 27.5813, 25.5318, 7.6961, 0.5062, 0, 5.3798, 0.7249, 0.4936, 3.5555, 7.7965, 0.5677, 0.2769, 9.4925, 9.7464, 1.1747, 5.3729, 7.0339, 8.4835, 7.0344, 4.4547, 0.2364, 3.2199, 3.006, 20.8178, 32.0936, 20.839, 7.5046, 14.9284, 5.9917, 8.2892, 13.1338, 1.7184, 1.0297, 0.7765, 0.3149, 4.3123, 9.8499, 6.2971, 0.9961, 6.9386, 36.3713, 33.2141],
      [0.0556, 1.0122, 0, 0.7729, 7.0192, 18.8928, 32.1833, 16.3813, 38.6523, 3.3963, 0.258, 0, 3.855, 0.1729, 2.0099, 1.3105, 3.3932, 0.2918, 0.684, 9.2905, 5.7509, 0.7189, 2.5682, 4.7399, 8.0078, 17.8769, 3.8221, 0.6551, 6.2883, 5.1435, 9.0495, 14.8744, 8.9869, 4.357, 10.7811, 3.2194, 8.9337, 11.526, 0.797, 1.2898, 0.2461, 0.0372, 1.7894, 5.0665, 2.9474, 0.3794, 4.2705, 12.6217, 15.3574],
      [0.3649, 0, 0, 0.3106, 2.5852, 12.2656, 13.1221, 8.6134, 17.8651, 1.4771, 0.0855, 0, 1.807, 0.1472, 0.1871, 0.9096, 1.4042, 0.1406, 0, 4.1459, 3.4832, 0.5257, 1.5421, 2.3694, 5.4846, 5.0012, 2.3218, 0.5984, 1.8275, 2.5635, 4.4233, 4.4985, 4.4369, 2.669, 5.0109, 2.2315, 5.5145, 6.0229, 0.6962, 0, 0.1928, 0.1147, 0.8406, 2.1766, 1.4129, 0, 1.6393, 14.1774, 10.6976]
    ],
    [
      [0.2255, 0.3525, 0.3543, 0.1436, 0.8938, 2.5121, 5.0135, 2.363, 13.5142, 0.187, 0, 0, 0.2305, 0.0347, 0.3017, 0.1251, 0.1214, 0, 0, 0.9137, 0.3097, 0.5293, 0.2536, 0.4345, 1.3738, 2.4924, 0.3868, 0.8573, 2.1215, 3.1177, 2.9472, 1.9731, 3.3553, 0.3047, 0.5187, 0.3108, 1.3046, 0.7737, 1.1374, 0, 0.0241, 0, 0.0609, 0.5557, 0.5467, 0.0485, 1.2872, 4.5532, 2.0846],
      [0.9147, 0.2945, 0.3779, 1.1464, 3.8821, 13.2943, 21.2353, 18.0929, 17.941, 2.1637, 0, 0, 1.3413, 1.0981, 0.7317, 1.2065, 2.1845, 0, 0, 5.3986, 2.8807, 1.1028, 2.2495, 4.6964, 5.8771, 5.0556, 1.3891, 0.3051, 2.2154, 4.261, 11.5031, 14.0044, 9.1946, 2.6065, 2.7178, 3.7339, 5.6324, 5.1884, 1.78, 0.3162, 0.5064, 0.2193, 1.5586, 3.0597, 2.34, 0.2239, 1.5893, 29.1155, 16.2534],
      [0.4474, 0.7783, 0.8114, 1.019, 4.5027, 19.7394, 28.3874, 17.8441, 15.3029, 4.8077, 0.729, 0.8997, 2.808, 2.2038, 0, 2.2655, 2.747, 0, 0, 5.6977, 4.2405, 1.6382, 4.8426, 4.3298, 4.7187, 2.3888, 2.2591, 0.6447, 2.2053, 3.7124, 20.6754, 23.9742, 12.2756, 6.2029, 4.3353, 5.4326, 5.0296, 5.9589, 4.7228, 0, 0.8083, 0.2856, 1.6571, 3.7715, 4.1904, 0.3294, 7.755, 43.9642, 30.05],
      [0.6559, 0.5107, 0.9651, 2.0899, 4.6179, 28.91, 72.547, 34.9642, 23.1622, 8.4312, 1.3125, 0, 4.2461, 2.6201, 0.4695, 3.2725, 8.0441, 0.8249, 0, 8.0116, 7.7925, 1.999, 5.7131, 6.6115, 8.2972, 4.7751, 3.6232, 0.3804, 3.0699, 3.5098, 33.7465, 40.2842, 30.8694, 10.0884, 9.7642, 8.6108, 6.3374, 9.6443, 5.0206, 0.6709, 1.6767, 0.3026, 3.6388, 7.4535, 6.9822, 0.318, 11.7211, 63.3162, 39.3212],
      [1.7624, 4.0641, 3.934, 2.2329, 12.4184, 43.0144, 32.4929, 44.4324, 94.3359, 5.2305, 1.7134, 0.1003, 4.4035, 1.7614, 3.3166, 1.6486, 4.8991, 0.984, 0, 15.3723, 6.7748, 2.7802, 3.8433, 10.0508, 20.6588, 19.1619, 6.6796, 5.6639, 19.6901, 23.1469, 18.6839, 21.3766, 18.3958, 11.6887, 11.2104, 12.4279, 16.1282, 13.3724, 14.1732, 1.0128, 0.6462, 0.1082, 1.6408, 3.9759, 3.7478, 0.0802, 17.8979, 68.6389, 32.3773],
      [1.9941, 0, 0.5574, 0.3682, 1.685, 10.5298, 10.1973, 8.3034, 15.7438, 1.18, 0.2452, 0, 0.9706, 0.2818, 0.1806, 0.4818, 1.004, 0.1911, 0, 2.6063, 2.0018, 0.9505, 1.0978, 1.8771, 5.0745, 3.1261, 1.6621, 1.1486, 1.6979, 3.2522, 5.4437, 4.3874, 4.9093, 3.1088, 2.4536, 2.4839, 3.568, 3.0623, 2.166, 0, 0.3383, 0.0844, 0.4438, 1.1837, 1.1929, 0, 2.7494, 17.412, 8.9135]
    ]
  ],
  "V_est": [
    [812.7479, 113.6974, 64.8623, 103.0161, 17688.2442, 453.1995],
    [0.7382, 413.1591, 689.1117, 3096.0201, 145.8716, 426.5863],
    [5.5643, 337.2639, 125.6364, 472.7698, 311.7337, 157.9044],
    [60.9497, 232.8796, 323.3896, 541.194, 664.1505, 142.3098]
  ],
  "p_est": [
    [0.0423, 0.0059, 0.0034, 0.0054, 0.9195, 0.0236],
    [0.0002, 0.0866, 0.1444, 0.6489, 0.0306, 0.0894],
    [0.0039, 0.239, 0.089, 0.3351, 0.221, 0.1119],
    [0.031, 0.1185, 0.1646, 0.2754, 0.338, 0.0724]
  ],
  "EI_Z": {},
  "EI_V": 11.3948,
  "MAE_Z": {},
  "MAE_V": 260.0194,
  "MAE_p": 0.0749,
  "runtime": 118.368
}
