{
  "X": [
    [26, 6, 0, 48, 20],
    [24, 8, 3, 39, 26],
    [23, 7, 2, 47, 21],
    [27, 2, 2, 46, 23],
    [31, 5, 1, 43, 20],
    [24, 7, 3, 47, 19],
    [35, 5, 1, 45, 14],
    [35, 6, 5, 41, 13],
    [24, 10, 1, 38, 27],
    [23, 8, 0, 53, 16],
    [23, 11, 1, 47, 18],
    [27, 9, 3, 47, 14],
    [31, 6, 2, 46, 15],
    [28, 9, 1, 46, 16],
    [39, 8, 2, 36, 15],
    [25, 9, 1, 49, 16],
    [42, 5, 5, 30, 18],
    [39, 10, 4, 30, 17],
    [37, 15, 6, 27, 15],
    [41, 11, 1, 32, 15],
    [32, 11, 7, 36, 14],
    [36, 14, 5, 28, 17],
    [35, 9, 4, 36, 16],
    [41, 5, 1, 32, 21],
    [36, 15, 5, 29, 15],
    [30, 16, 2, 38, 14],
    [38, 15, 5, 26, 16],
    [41, 9, 3, 31, 16],
    [32, 13, 2, 38, 15],
    [35, 18, 4, 32, 11],
    [43, 11, 4, 30, 12],
    [39, 14, 7, 31, 9],
    [40, 9, 4, 31, 16],
    [37, 7, 1, 43, 12],
    [32, 9, 1, 46, 12],
    [29, 3, 2, 50, 16],
    [29, 5, 1, 55, 10],
    [34, 4, 2, 49, 11],
    [34, 3, 1, 48, 14],
    [40, 9, 1, 41, 9],
    [32, 10, 2, 47, 9],
    [29, 2, 4, 52, 13],
    [36, 6, 0, 43, 15],
    [32, 11, 0, 40, 17],
    [35, 4, 4, 49, 8],
    [31, 3, 1, 54, 11],
    [34, 6, 4, 45, 11],
    [38, 4, 1, 38, 19],
    [38, 4, 4, 40, 14],
    [28, 6, 3, 48, 15]
  ],
  "W": [
    [66, 18, 16],
    [60, 19, 21],
    [62, 19, 19],
    [64, 19, 17],
    [72, 13, 15],
    [70, 16, 14],
    [70, 12, 18],
    [59, 16, 25],
    [65, 17, 18],
    [66, 19, 15],
    [64, 19, 17],
    [61, 21, 18],
    [61, 14, 25],
    [71, 13, 16],
    [64, 17, 19],
    [66, 15, 19],
    [51, 41, 8],
    [20, 71, 9],
    [21, 68, 11],
    [12, 77, 11],
    [22, 62, 16],
    [22, 67, 11],
    [17, 70, 13],
    [25, 59, 16],
    [19, 67, 14],
    [13, 70, 17],
    [11, 67, 22],
    [19, 68, 13],
    [14, 67, 19],
    [19, 66, 15],
    [15, 76, 9],
    [18, 66, 16],
    [18, 68, 14],
    [11, 33, 56],
    [21, 17, 62],
    [15, 13, 72],
    [18, 11, 71],
    [15, 11, 74],
    [17, 17, 66],
    [17, 18, 65],
    [15, 12, 73],
    [16, 7, 77],
    [16, 15, 69],
    [19, 16, 65],
    [20, 15, 65],
    [16, 20, 64],
    [20, 14, 66],
    [18, 13, 69],
    [22, 19, 59],
    [14, 19, 67]
  ],
  "method": "mvn_pdf",
  "cond_prob": [
    [
      [0.20789192419, 0.046851033657, 0, 0.51285994666, 0.2323970955],
      [0.41979829749, 0.13530033191, 0, 0.28206253113, 0.16283883946],
      [0.29517272805, 0.029526612762, 0, 0.56713237251, 0.10816828667]
    ],
    [
      [0.19170309642, 0.064278237978, 0.0196455886, 0.41338791551, 0.31098516149],
      [0.34103997967, 0.16974665981, 0.070341945304, 0.20919253267, 0.20967888254],
      [0.28657402862, 0.043719961183, 0.023084177298, 0.48676509278, 0.15985674012]
    ],
    [
      [0.18105020288, 0.054571308411, 0.014215534491, 0.50110384431, 0.2490591099],
      [0.35496592645, 0.15503887659, 0.045112708654, 0.27153676188, 0.17334572642],
      [0.26476499047, 0.035307380169, 0.013762915637, 0.56696648299, 0.11919823073]
    ],
    [
      [0.217783396, 0.007349054774, 0.014341421389, 0.49242773268, 0.26809839515],
      [0.41822284341, 0.070020189764, 0.045163730573, 0.27343454651, 0.19315868974],
      [0.30091933123, 0.011722169938, 0.013178714718, 0.54643345439, 0.12774632972]
    ],
    [
      [0.26756772568, 0.04257822509, 0.0074794971217, 0.45316442565, 0.22921012646],
      [0.47848480547, 0.11757893076, 0.026386068946, 0.22961638182, 0.147933813],
      [0.367654752, 0.027056112907, 0.0078971540631, 0.49247655932, 0.10491542171]
    ],
    [
      [0.20219833232, 0.057491935642, 0.019896474841, 0.50178443977, 0.21862881743],
      [0.36680312815, 0.1545148588, 0.080153911571, 0.25632784258, 0.1422002589],
      [0.28409047766, 0.035951911734, 0.023198869716, 0.55527455251, 0.10148418839]
    ],
    [
      [0.30542022305, 0.044845258156, 0.0078748127804, 0.47804251018, 0.16381719583],
      [0.52828321994, 0.11489237445, 0.02564096663, 0.2285790812, 0.10260435778],
      [0.40451031929, 0.026784635312, 0.0078373058781, 0.48855973959, 0.072307999925]
    ],
    [
      [0.31032930193, 0.056442426559, 0.014224420538, 0.45287608451, 0.16612776646],
      [0.43152612781, 0.11474623398, 0.18465518138, 0.18234788918, 0.086724567647],
      [0.39144612564, 0.033358283573, 0.048251051447, 0.45450979148, 0.072434747851]
    ],
    [
      [0.19852398178, 0.079045552835, 0.0067277505668, 0.40090671697, 0.31479599785],
      [0.34094666414, 0.22556863865, 0.024424194576, 0.19926391864, 0.209796584],
      [0.2944359941, 0.057076233813, 0.0081936058533, 0.47519871001, 0.16509545622]
    ],
    [
      [0.18205687015, 0.061855516643, 0, 0.57046581378, 0.18562179942],
      [0.37571472134, 0.1765534113, 0, 0.31711011677, 0.13062175059],
      [0.25637779098, 0.03753473912, 0, 0.62161093811, 0.084476531793]
    ],
    [
      [0.18889718771, 0.081741180953, 0.0063039664353, 0.50882850352, 0.21422916138],
      [0.3342677556, 0.25194620901, 0.024610909049, 0.25338513377, 0.13578999256],
      [0.26820544882, 0.057740379286, 0.0075846397769, 0.56592107253, 0.10054845959]
    ],
    [
      [0.22240122555, 0.069884331169, 0.01949698074, 0.5186220343, 0.16959542823],
      [0.38243078697, 0.18786800752, 0.068422475559, 0.25376028981, 0.10751844014],
      [0.30013770638, 0.043990424489, 0.020767343785, 0.55750499008, 0.077599535268]
    ],
    [
      [0.26015726143, 0.053028059245, 0.015695183313, 0.4863591854, 0.18476031061],
      [0.45552358939, 0.1386767341, 0.046944206581, 0.24118516273, 0.1176703072],
      [0.35012307204, 0.032952564347, 0.015414997031, 0.51821989649, 0.083289470088]
    ],
    [
      [0.24429208457, 0.076742904328, 0.0075812501397, 0.48624146324, 0.18514229772],
      [0.4123362004, 0.2118794743, 0.025633285317, 0.23514534594, 0.11500569405],
      [0.33093071188, 0.049801289178, 0.0080311581851, 0.52624791331, 0.08498892745]
    ],
    [
      [0.33428492469, 0.070358499108, 0.016024519694, 0.39568773593, 0.18364432058],
      [0.52822402287, 0.15895125273, 0.041121181213, 0.17069087901, 0.10101266418],
      [0.45399770691, 0.041836040035, 0.014493192578, 0.40917052406, 0.08050253642]
    ],
    [
      [0.21040683704, 0.074207198695, 0.0070174490057, 0.51904095111, 0.18932756415],
      [0.37494700712, 0.21241007073, 0.025881996258, 0.2638584594, 0.12290246649],
      [0.28889177099, 0.048219675011, 0.0078220221974, 0.56765370187, 0.087412829931]
    ],
    [
      [0.33345765135, 0.028930679672, 0.020801431932, 0.38670494158, 0.23010529547],
      [0.52251318339, 0.081863742671, 0.090520605958, 0.17183481444, 0.13326765354],
      [0.44632740779, 0.021015235902, 0.028472765901, 0.40410257344, 0.10008201697]
    ],
    [
      [0.246858082, 0.043646941914, 0.011225757903, 0.45773551062, 0.24053370756],
      [0.43636254989, 0.12488068265, 0.051387776103, 0.22989106455, 0.15747792681],
      [0.34234414643, 0.028948077068, 0.014105859846, 0.50255824493, 0.11204367173]
    ],
    [
      [0.2564935668, 0.073806338819, 0.018425190021, 0.42624449055, 0.22503041381],
      [0.40765675744, 0.18990505714, 0.078457241505, 0.18982893106, 0.13415201286],
      [0.35390687193, 0.048774818114, 0.025270780658, 0.46731803514, 0.10472949416]
    ],
    [
      [0.24270264264, 0.04403004668, 0.002917829829, 0.49764903856, 0.2127004423],
      [0.44744306301, 0.13187237424, 0.011876618739, 0.2611534185, 0.1476545255],
      [0.33040476697, 0.028860602093, 0.0045896726485, 0.53812711933, 0.098017838964]
    ],
    [
      [0.21198444121, 0.053501272501, 0.019243967582, 0.51488082882, 0.20038948989],
      [0.36661767677, 0.14939577613, 0.098556279646, 0.25458082775, 0.1308494397],
      [0.28787789585, 0.035027117797, 0.029133960948, 0.55553815286, 0.092422872552]
    ],
    [
      [0.24212275405, 0.066658626914, 0.015346163952, 0.42732241253, 0.24855004255],
      [0.40187183109, 0.17971958847, 0.066282829789, 0.19930504946, 0.15282070119],
      [0.34071697527, 0.044754343655, 0.020130436106, 0.47686078277, 0.1175374622]
    ],
    [
      [0.20801731743, 0.037498527609, 0.010495311251, 0.52456734471, 0.219421499],
      [0.39631101009, 0.11487891009, 0.052076763042, 0.28039540877, 0.156337908],
      [0.2863026844, 0.024692409542, 0.013554330448, 0.57343665583, 0.10201391979]
    ],
    [
      [0.26006808059, 0.022596011685, 0.0016949355163, 0.42493492739, 0.29070604482],
      [0.48568997535, 0.07093813628, 0.015032253592, 0.23315426801, 0.19518536676],
      [0.36516183998, 0.015609354209, 0.0044202281363, 0.47628281265, 0.13852576502]
    ],
    [
      [0.24309133541, 0.07277017183, 0.015298113902, 0.44371487851, 0.22512550035],
      [0.39786215618, 0.19315366229, 0.066054523542, 0.20491957768, 0.1380100803],
      [0.33746429735, 0.048290811555, 0.020263054183, 0.48855754311, 0.1054242938]
    ],
    [
      [0.17945109069, 0.067433166282, 0.0052182514284, 0.55182469401, 0.19607279759],
      [0.3349196854, 0.20518200399, 0.025853625807, 0.29296252398, 0.14108216082],
      [0.24839752019, 0.0447428564, 0.0072005249959, 0.60699425288, 0.092664845531]
    ],
    [
      [0.25328221332, 0.074986068581, 0.014813465492, 0.39726493171, 0.25965332091],
      [0.40789692542, 0.1949605128, 0.065193335508, 0.17657174991, 0.15537747636],
      [0.35840007501, 0.050581767643, 0.021322654569, 0.4454444776, 0.12425102519]
    ],
    [
      [0.26149936872, 0.040687731436, 0.0086202814098, 0.46036395269, 0.22882866574],
      [0.46145762997, 0.11589400861, 0.03958608382, 0.23187406002, 0.15118821758],
      [0.35787639663, 0.026626193653, 0.011104688728, 0.49889606289, 0.1054966581]
    ],
    [
      [0.19112951549, 0.055227105705, 0.0052656128807, 0.53752623783, 0.21085152809],
      [0.36260950784, 0.17190429129, 0.026693093445, 0.28716053289, 0.15163257454],
      [0.26470261883, 0.037328052838, 0.0072549557284, 0.59130931404, 0.099405058565]
    ],
    [
      [0.23963595182, 0.091013189946, 0.01279061395, 0.48601715369, 0.17054309059],
      [0.38763516621, 0.23323115314, 0.053240566622, 0.22606853418, 0.099824579849],
      [0.32419972972, 0.058499552246, 0.016206729195, 0.52301005493, 0.078083933911]
    ],
    [
      [0.27511276466, 0.047419500865, 0.010620246545, 0.48750034281, 0.17934714512],
      [0.4682895344, 0.13181679044, 0.048962164455, 0.2379211116, 0.11301039911],
      [0.36481154619, 0.030070157093, 0.013285755917, 0.51172115289, 0.080111387907]
    ],
    [
      [0.27410077008, 0.071702863254, 0.021957106724, 0.4812698157, 0.15096944424],
      [0.42923411272, 0.18155825588, 0.092860484574, 0.21714045543, 0.079206691394],
      [0.35854591869, 0.045406473335, 0.029748756066, 0.50036707868, 0.065931773231]
    ],
    [
      [0.25512263587, 0.040892573107, 0.01148640347, 0.46099974046, 0.23149864709],
      [0.44862054399, 0.11601164124, 0.052735739359, 0.23065647359, 0.15197560182],
      [0.35011396877, 0.026795862819, 0.01480103294, 0.50124031912, 0.10704881635]
    ],
    [
      [0.25438209901, 0.047678138993, 0.0044326558813, 0.49110742252, 0.2023996836],
      [0.45565722216, 0.13851682664, 0.021891916714, 0.24936219378, 0.1345718407],
      [0.34223408178, 0.03400866414, 0.0040858488168, 0.52444403495, 0.095227370311]
    ],
    [
      [0.23745394199, 0.08413988817, 0.00549642541, 0.47637939338, 0.19653035104],
      [0.39642543315, 0.23252184743, 0.023820551001, 0.22661156367, 0.12062060474],
      [0.32700378798, 0.052906305517, 0.007735898377, 0.51844574446, 0.093908263669]
    ],
    [
      [0.2030963163, 0.029981112614, 0.009622682226, 0.4828137111, 0.27448617776],
      [0.39561072575, 0.095752406311, 0.045181886849, 0.26790722076, 0.19554776032],
      [0.28903633084, 0.018131972621, 0.017615211633, 0.54548611755, 0.12973036735]
    ],
    [
      [0.2164729604, 0.048752881668, 0.0056895062174, 0.55676411411, 0.1723205376],
      [0.4080883062, 0.14687177761, 0.027033684578, 0.29879673696, 0.11920949466],
      [0.29034528654, 0.035307867272, 0.0084537796864, 0.58720396957, 0.07868909693]
    ],
    [
      [0.25533426518, 0.041230515465, 0.010548437423, 0.49745236748, 0.19543441445],
      [0.45570741651, 0.11841055923, 0.045989880143, 0.25224639215, 0.12764575197],
      [0.33996222217, 0.028094947521, 0.018052496717, 0.52383113749, 0.090059196101]
    ],
    [
      [0.24308007598, 0.028759661636, 0.0051588386073, 0.49071402584, 0.23228739794],
      [0.45913506521, 0.090353955679, 0.025479168677, 0.26395132364, 0.16108048679],
      [0.33427791818, 0.014773765237, 0.0072599072147, 0.53288922816, 0.11079918121]
    ],
    [
      [0.30675873944, 0.087426711548, 0.0056320931059, 0.43846601246, 0.16171644345],
      [0.47261199742, 0.22066665495, 0.022665292419, 0.19296724367, 0.09108881154],
      [0.40427823809, 0.054488401764, 0.0076350639025, 0.46265642157, 0.070941874673]
    ],
    [
      [0.23764782195, 0.12085563507, 0.010604135719, 0.46873166766, 0.1621607396],
      [0.35842604959, 0.30984272824, 0.038960599494, 0.2027384976, 0.090032125075],
      [0.33060506953, 0.06121990048, 0.018813846168, 0.51419401389, 0.075167169932]
    ],
    [
      [0.21577500886, 0.026737040912, 0.029329789891, 0.50292977707, 0.22522838327],
      [0.37571418954, 0.07776798695, 0.15224884625, 0.25039803664, 0.14387094062],
      [0.29763117573, 0.013348460218, 0.032012745948, 0.54805632871, 0.10895128939]
    ],
    [
      [0.26023087509, 0.054264260987, 0, 0.42972442752, 0.2557804364],
      [0.46762089406, 0.15273224308, 0, 0.21510399805, 0.16454286481],
      [0.35973902301, 0.041170843161, 0, 0.47678042303, 0.1223097108]
    ],
    [
      [0.22504044408, 0.11167795678, 0, 0.38584943609, 0.27743216305],
      [0.36191404849, 0.30224607351, 0, 0.17514539659, 0.16069448141],
      [0.33744010441, 0.062187409924, 0, 0.45948514414, 0.14088734153]
    ],
    [
      [0.27025098601, 0.039198096954, 0.02379969944, 0.52105530021, 0.14569591739],
      [0.44740150865, 0.1045085036, 0.11290460606, 0.24668933831, 0.088496043376],
      [0.35206088692, 0.025360161646, 0.028160568004, 0.53659313725, 0.057825246178]
    ],
    [
      [0.21795744625, 0.026955212673, 0.0048518589694, 0.56964805752, 0.18058742459],
      [0.43180667907, 0.089341384647, 0.025593022565, 0.32110497005, 0.13215394366],
      [0.29494605123, 0.01221701413, 0.0064142157061, 0.60099268248, 0.085430036457]
    ],
    [
      [0.26054226144, 0.058394965304, 0.024470744728, 0.46844132305, 0.18815070548],
      [0.41546093618, 0.14851333974, 0.11318009795, 0.21278445877, 0.11006116735],
      [0.34807123734, 0.041710817236, 0.02918278385, 0.49473016843, 0.086304993142]
    ],
    [
      [0.26633108814, 0.037277942025, 0.0053676228538, 0.36342552536, 0.32759782163],
      [0.47271001694, 0.10589080043, 0.023978147856, 0.18465898981, 0.21276204496],
      [0.39218565498, 0.028295893305, 0.0085748821232, 0.42112715472, 0.14981641487]
    ],
    [
      [0.28704163625, 0.036545330056, 0.021586364747, 0.42652670143, 0.22829996752],
      [0.46949138063, 0.096913990112, 0.098222649142, 0.19834287449, 0.13702910563],
      [0.38584318255, 0.022959947909, 0.028116434608, 0.45504911785, 0.10803131708]
    ],
    [
      [0.19636602151, 0.049589731185, 0.013904384571, 0.48532007775, 0.25481978498],
      [0.36208006163, 0.14706134401, 0.065036136441, 0.25393633729, 0.17188612062],
      [0.27419932131, 0.037486242196, 0.023427642144, 0.5429959478, 0.12189084654]
    ]
  ],
  "expected_outcome": [
    [
      [13.7208669964, 11.5021857853, 11.2251125784, 13.9381373443, 19.2648762488, 14.1538832624, 21.3794156135, 18.3094288139, 12.9040588158, 12.0157534299, 12.0894200136, 13.5664747588, 15.8695929475, 17.3447380048, 21.3942351799, 13.8868512444, 17.0063402187, 4.9371616399, 5.3863649028, 2.9124317116, 4.6636577065, 5.3267005892, 3.5362943963, 6.5017020148, 4.6187353729, 2.3328641789, 2.7861043465, 4.9684880057, 2.6758132169, 4.5530830846, 4.1266914699, 4.9338138615, 4.5922074457, 2.7982030891, 4.9865327819, 3.0464447445, 3.8965132872, 3.8300139777, 4.1323612916, 5.2148985704, 3.5647173292, 3.4524001417, 4.1636940014, 4.2757684376, 5.4050197202, 3.48731914, 5.2108452287, 4.7939595865, 6.3149159975, 2.7491243012],
      [3.0921682213, 3.8566942787, 3.3834211215, 0.47033950554, 3.0656322065, 4.0244354949, 3.139168071, 3.330103167, 5.1379609343, 4.0824640984, 5.231435581, 4.2629442013, 3.234711614, 5.4487462073, 4.5029439429, 4.8976751139, 1.4754646633, 0.87293883828, 1.5499331152, 0.52836056016, 1.177027995, 1.4664897921, 0.63747496935, 0.56490029214, 1.3826332648, 0.87663116166, 0.82484675439, 0.77306689728, 0.77317947987, 1.729250609, 0.71129251298, 1.2906515386, 0.73606631592, 0.52445952892, 1.7669376516, 0.44971668922, 0.87755187003, 0.61845773197, 0.48891424781, 1.4862540963, 1.812834526, 0.42779265459, 0.86822817579, 2.1218811788, 0.78396193907, 0.43128340276, 1.1678993061, 0.67100295644, 0.80399726124, 0.69425623659],
      [0, 1.178735316, 0.88136313847, 0.91785096891, 0.53852379276, 1.3927532388, 0.55123689463, 0.83924081173, 0.43730378684, 0, 0.40345385186, 1.1893158251, 0.9574061821, 0.53826875992, 1.0255692604, 0.46315163438, 1.0608730285, 0.22451515807, 0.38692899044, 0.035013957948, 0.42336728681, 0.33761560695, 0.17842029126, 0.042373387908, 0.29066416414, 0.06783726857, 0.16294812041, 0.16378534679, 0.07371858033, 0.24302166504, 0.15930369817, 0.39522792103, 0.20675526246, 0.048759214694, 0.11542493361, 0.14434023339, 0.10241111191, 0.15822656135, 0.087700256324, 0.095745582801, 0.15906203578, 0.46927663826, 0, 0, 0.47599398879, 0.077629743511, 0.48941489455, 0.096617211368, 0.47490002444, 0.194661384],
      [33.8487564794, 24.8032749308, 31.0684383475, 31.5153748917, 32.6278386466, 35.1249107837, 33.4629757129, 26.719688986, 26.058936603, 37.6507437098, 32.5650242253, 31.6359440925, 29.6679103095, 34.5231438899, 25.3240150998, 34.2567027734, 19.7219520205, 9.1547102125, 8.9511343017, 5.9717884627, 11.327378234, 9.4010930757, 8.91764486, 10.6233731847, 8.4305826916, 7.1737210221, 4.3699142488, 8.7469151011, 7.5253673297, 9.2343259201, 7.3125051422, 8.6628566826, 8.2979953284, 5.4021816477, 10.003967261, 7.2422056664, 10.0217540541, 7.4617855122, 8.3421384393, 7.4539222119, 7.0309750149, 8.0468764331, 6.8755908404, 7.3311392857, 10.4211060041, 9.1143689203, 9.368826461, 6.5416594564, 9.3835874314, 6.7944810885],
      [15.3382083029, 18.6591096892, 15.4416648141, 17.1582972896, 16.5031291054, 15.3040172202, 11.467203708, 9.8015382214, 20.4617398601, 12.2510387619, 13.7106663283, 10.3453211222, 11.270378947, 13.1451031381, 11.753236517, 12.4956192339, 11.735370069, 4.8106741512, 4.7256386899, 2.5524053076, 4.4085687776, 5.4681009361, 3.7301654831, 7.2676511205, 4.2773845066, 2.5489463687, 2.85618653, 4.3477446491, 2.9519213932, 3.2403187213, 2.6902071768, 2.7174499963, 4.1669756476, 2.2263965196, 4.1271373719, 4.1172926665, 3.1017696768, 2.9315162168, 3.9488857649, 2.7491795386, 2.432411094, 3.6036541324, 4.0924869825, 5.2712110979, 2.9139183478, 2.8893987935, 3.7630141097, 5.8967607893, 5.0225992854, 3.5674769897]
    ],
    [
      [7.5563693548, 6.4797596137, 6.7443526026, 7.9462340248, 6.2203024712, 5.8688500504, 6.3393986392, 6.904418045, 5.7960932903, 7.1385797055, 6.3510873565, 8.0310465263, 6.3773302515, 5.3603706051, 8.9798083888, 5.6242051068, 21.423040519, 30.9817410422, 27.720659506, 34.4531158517, 22.7302959599, 26.9254126828, 27.7417707066, 28.6557085456, 26.6567644642, 23.4443779778, 27.3290940034, 31.3791188381, 24.2948370253, 25.5839209696, 35.5900046143, 28.3294514394, 30.5061969915, 15.0366883314, 6.7392323636, 5.1429394348, 4.4889713682, 5.0127815816, 7.8052961086, 8.5070159536, 4.301112595, 2.6299993268, 7.014313411, 5.7906247758, 6.7110226298, 8.6361335814, 5.8164531066, 6.1452302202, 8.920336232, 6.879521171],
      [2.4354059745, 3.2251865365, 2.9457386553, 1.3303836055, 1.5285260999, 2.4722377408, 1.3787084934, 1.8359397437, 3.8346668571, 3.3545148148, 4.7869779712, 3.9452281579, 1.9414742774, 2.7544331659, 2.7021712964, 3.1861510609, 3.3564134495, 8.8665284681, 12.9135438855, 10.1541728168, 9.2625381202, 12.0412124277, 8.0415237066, 4.1853500405, 12.9412953735, 14.3627402795, 13.0623543575, 7.8807925852, 11.5175875162, 15.3932561073, 10.0180760732, 11.9828448881, 7.8887916046, 4.5710552793, 3.9528714064, 1.244781282, 1.6155895537, 1.3025161515, 1.5360172466, 3.971999789, 3.7181127389, 0.54437590865, 2.2909836461, 4.8359371762, 1.567627554, 1.7868276929, 2.0791867564, 1.3765804055, 1.8413658121, 2.7941655363],
      [0, 1.3364969608, 0.85714146443, 0.85811088089, 0.34301889629, 1.2824625851, 0.30769159956, 2.9544829021, 0.4152113078, 0, 0.46760727194, 1.4368719867, 0.65721889213, 0.33323270912, 0.69906008062, 0.38822994387, 3.7113448443, 3.6485321033, 5.3350924223, 0.91449964292, 6.110489338, 4.4409495959, 3.6453734129, 0.88690296191, 4.4256530773, 1.8097538065, 4.3679534791, 2.6918536997, 1.7884372608, 3.513877397, 3.7211244986, 6.1287919819, 3.5860302764, 0.72243325157, 0.40494936702, 0.58736452904, 0.29737053035, 0.50588868157, 0.43314586751, 0.40797526353, 0.46752719393, 1.0657419238, 0, 0, 1.6935690909, 0.5118604513, 1.5845213713, 0.31171592213, 1.8662303337, 1.2356865924],
      [5.0771255604, 3.9746581208, 5.1591984757, 5.1952563837, 2.9850129636, 4.1012454812, 2.7429489744, 2.9175662269, 3.3874866169, 6.0250922186, 4.8143175417, 5.328966086, 3.3765922782, 3.0568894972, 2.9017449431, 3.9578768911, 7.045227392, 16.3222655831, 12.9083673118, 20.1088132247, 15.7840113203, 13.3534383138, 19.6276786142, 13.7561018129, 13.7296117048, 20.5073766789, 11.8303072441, 15.7674360814, 19.2397557036, 14.920523256, 18.0820044818, 14.3312700586, 15.6846402039, 8.2289523948, 3.8523965824, 3.4827938699, 3.2867641065, 2.7747103137, 4.4871725018, 3.4734103861, 2.4328619712, 1.7527862565, 3.2265599708, 2.8023263455, 3.7003400747, 6.4220994011, 2.9789824228, 2.4005668676, 3.7685146153, 4.8247904086],
      [2.9310991103, 3.9838987683, 3.293568802, 3.6700151051, 1.923139569, 2.2752041424, 1.2312522933, 1.3875930823, 3.5665419279, 2.4818132612, 2.5800098587, 2.257887243, 1.6473843008, 1.4950740227, 1.717215291, 1.8435369974, 5.4639737953, 11.1809328032, 9.1223368743, 11.3693984638, 8.1126652616, 10.2389869798, 10.9436535597, 11.5159366391, 9.2466753802, 9.8757512573, 10.4102909159, 10.2807987955, 10.1593824941, 6.58842227, 8.5887903321, 5.227641632, 10.3343409235, 4.440870743, 2.0505502806, 2.5421208842, 1.3113044412, 1.4041032717, 2.7383682755, 1.6395986077, 1.0803855009, 1.0070965843, 2.4681429721, 2.5711117026, 1.3274406506, 2.6430788733, 1.540856343, 2.7659065845, 2.6035530069, 3.2658362918]
    ],
    [
      [4.7227636488, 6.018054601, 5.030534819, 5.1156286309, 5.5148212801, 3.9772666872, 7.2811857473, 9.7861531411, 5.2998478939, 3.8456668647, 4.55949263, 5.4024787148, 8.753076801, 5.2948913901, 8.6259564313, 5.4889436488, 3.5706192623, 3.0810973179, 3.8929755912, 3.6344524366, 4.6060463336, 3.747886728, 3.7219348971, 5.8425894397, 4.7245001629, 4.2227578432, 7.8848016501, 4.6523931562, 5.0293497578, 4.8629959458, 3.2833039157, 5.7367346991, 4.9015955628, 19.1651085796, 20.2742348545, 20.8106158207, 20.6145153445, 25.1572044408, 22.0623425998, 26.2780854759, 24.1341700758, 22.9176005315, 24.8219925877, 21.9336067866, 22.88395765, 18.8765472786, 22.9727016647, 27.0608101933, 22.7647477705, 18.3713545278],
      [0.47242580419, 0.91811918484, 0.67084022321, 0.19927688894, 0.40584169361, 0.50332676427, 0.48212343561, 0.83395708933, 1.0273722086, 0.56302108681, 0.98158644785, 0.7918276408, 0.82381410867, 0.79682062685, 0.79488476067, 0.91617382521, 0.16812188722, 0.26053269361, 0.53652299926, 0.31746662302, 0.56043388475, 0.49229778021, 0.32100132404, 0.24974966735, 0.67607136177, 0.76062855879, 1.1127988881, 0.34614051749, 0.70923300392, 0.87749328368, 0.27063141384, 0.72650357335, 0.37514207947, 1.9044851918, 3.2801909421, 1.3055020287, 2.5068585763, 2.0790261166, 0.97506850564, 3.5417461146, 4.469052735, 1.0278314368, 2.8407881781, 4.0421816451, 1.648410507, 0.78188890429, 2.7529139376, 1.952416638, 1.3546369266, 2.5115782272],
      [0, 0.48476772325, 0.2614953971, 0.22403815021, 0.11845731095, 0.32478417603, 0.14107150581, 1.2062762862, 0.14748490536, 0, 0.12893887621, 0.37381218813, 0.38537492577, 0.12849853096, 0.27537065898, 0.14861842175, 0.2277821272, 0.12695273861, 0.27797858723, 0.050486399134, 0.46614337517, 0.22143479717, 0.17620629582, 0.070723650181, 0.28368275856, 0.12240892493, 0.46909840052, 0.14436095347, 0.13784415884, 0.24310093792, 0.11957180325, 0.47598009705, 0.20721446115, 0.22880753374, 0.47962569937, 1.2682952376, 0.60021835773, 1.3358847571, 0.47915387617, 0.49627915366, 1.3734107703, 2.464981438, 0, 0, 1.8304369203, 0.41050980519, 1.9260637341, 0.5916668665, 1.6588696419, 1.5696520236],
      [9.0741179602, 10.2220669484, 10.7723631768, 9.2893687246, 7.3871483898, 7.7738437351, 8.7940753127, 11.3627447871, 8.5535767802, 9.3241640716, 9.620658233, 10.0350898214, 12.9554974123, 8.4199666129, 7.7742399571, 10.7854203356, 3.2328205875, 4.5230242044, 5.1404983865, 5.9193983126, 8.8886104457, 5.2454686105, 7.4546765258, 7.6205250025, 6.8398056036, 10.318902299, 9.7997785071, 6.4856488176, 11.2348769667, 7.845150824, 4.605490376, 8.0058732588, 7.0173644677, 29.3688659575, 32.1436361566, 39.2750004637, 41.6914818394, 38.7635041741, 35.1706890588, 30.0726674021, 37.5361630139, 42.2003373104, 32.8978491889, 29.8665343688, 34.8785539212, 38.4635316787, 32.6521911162, 29.057773676, 26.8478979533, 36.3807285029],
      [1.7306925868, 3.3569915425, 2.2647663839, 2.1716876053, 1.5737313256, 1.4207786374, 1.3015439987, 1.8108686963, 2.9717182119, 1.2671479769, 1.709323813, 1.3967916348, 2.0822367522, 1.3598228392, 1.529548192, 1.6608437687, 0.80065613576, 1.0083930455, 1.1520244357, 1.0781962286, 1.4787659608, 1.2929120842, 1.3261809572, 2.2164122404, 1.4759401132, 1.575302374, 2.7335225541, 1.3714565553, 1.8886961127, 1.1712590087, 0.72100249116, 1.0549083717, 1.4986834289, 5.3327327374, 5.8223123475, 9.3405864493, 5.586925882, 6.6643805115, 7.3127459596, 4.6112218537, 5.487203405, 8.3892492833, 8.4393700454, 9.1576771995, 3.7586410016, 5.4675223333, 5.6961295474, 10.3373326262, 6.3738477077, 8.1666867185]
    ]
  ],
  "prob": [
    [0.23979977014, 0.056704548274, 0.011371749857, 0.47481313919, 0.21731079254],
    [0.41814120538, 0.15510303544, 0.051085469496, 0.23509108322, 0.14057920646],
    [0.33206026039, 0.035364200445, 0.014936263708, 0.51596018081, 0.10167909464]
  ],
  "iterations": 12,
  "logLik": 909.0877721139,
  "time": 0.001277,
  "message": "Converged",
  "status": 0,
  "miniter": 0,
  "maxiter": 1000,
  "maxtime": 3600,
  "param_threshold": 0.001,
  "ll_threshold": "-Inf",
  "initial_prob": "group_proportional",
  "adjust_prob_cond_method": "project_lp",
  "adjust_prob_cond_every": false
}
