{
  "X": [
    [42, 8, 15, 15, 20],
    [44, 7, 8, 13, 28],
    [34, 4, 18, 15, 29],
    [40, 11, 13, 12, 24],
    [43, 9, 14, 15, 19],
    [42, 10, 23, 9, 16],
    [34, 5, 14, 22, 25],
    [34, 9, 21, 16, 20],
    [35, 5, 14, 20, 26],
    [33, 7, 12, 25, 23],
    [38, 1, 13, 23, 25],
    [40, 9, 12, 15, 24],
    [37, 8, 12, 17, 26],
    [32, 8, 13, 22, 25],
    [35, 7, 15, 15, 28],
    [43, 8, 6, 20, 23],
    [30, 14, 8, 27, 21],
    [24, 27, 10, 23, 16],
    [31, 24, 6, 24, 15],
    [25, 16, 12, 23, 24],
    [29, 19, 12, 22, 18],
    [32, 25, 5, 24, 14],
    [29, 20, 10, 27, 14],
    [34, 18, 6, 27, 15],
    [30, 20, 10, 25, 15],
    [23, 19, 10, 27, 21],
    [29, 17, 11, 26, 17],
    [31, 17, 8, 34, 10],
    [23, 20, 13, 32, 12],
    [20, 22, 15, 33, 10],
    [22, 14, 11, 32, 21],
    [22, 17, 5, 37, 19],
    [29, 22, 7, 26, 16],
    [32, 12, 12, 20, 24],
    [24, 6, 13, 11, 46],
    [24, 8, 9, 11, 48],
    [27, 5, 17, 13, 38],
    [33, 11, 11, 12, 33],
    [23, 12, 13, 7, 45],
    [22, 6, 10, 13, 49],
    [27, 8, 17, 7, 41],
    [25, 11, 16, 7, 41],
    [28, 10, 11, 8, 43],
    [32, 7, 17, 7, 37],
    [29, 6, 14, 7, 44],
    [29, 5, 14, 11, 41],
    [28, 11, 13, 10, 38],
    [26, 9, 16, 16, 33],
    [18, 10, 9, 15, 48],
    [38, 6, 19, 7, 30]
  ],
  "W": [
    [61, 19, 20],
    [61, 19, 20],
    [66, 18, 16],
    [66, 12, 22],
    [63, 21, 16],
    [68, 16, 16],
    [62, 25, 13],
    [76, 15, 9],
    [71, 17, 12],
    [59, 23, 18],
    [72, 12, 16],
    [71, 13, 16],
    [70, 18, 12],
    [66, 17, 17],
    [61, 15, 24],
    [63, 22, 15],
    [51, 33, 16],
    [18, 64, 18],
    [19, 66, 15],
    [16, 63, 21],
    [15, 62, 23],
    [22, 63, 15],
    [22, 68, 10],
    [21, 65, 14],
    [20, 67, 13],
    [20, 57, 23],
    [26, 57, 17],
    [16, 71, 13],
    [17, 64, 19],
    [11, 74, 15],
    [16, 66, 18],
    [20, 66, 14],
    [15, 63, 22],
    [17, 40, 43],
    [20, 19, 61],
    [12, 21, 67],
    [15, 20, 65],
    [14, 25, 61],
    [11, 13, 76],
    [12, 18, 70],
    [17, 21, 62],
    [17, 16, 67],
    [17, 13, 70],
    [12, 13, 75],
    [19, 12, 69],
    [15, 15, 70],
    [21, 14, 65],
    [11, 24, 65],
    [13, 18, 69],
    [23, 14, 63]
  ],
  "method": "mvn_pdf",
  "cond_prob": [
    [
      [0.51006721376, 0.031463315632, 0.16793194905, 0.12979405526, 0.16074346629],
      [0.26443782411, 0.27290055569, 0.070464076698, 0.35177537582, 0.040422167683],
      [0.29307906512, 0.044781359418, 0.17086668253, 0.019941524434, 0.4713313685]
    ],
    [
      [0.5365204223, 0.026456104214, 0.089371419498, 0.10648664842, 0.24116540557],
      [0.31086895054, 0.24944464144, 0.043901573277, 0.32746314887, 0.068321685879],
      [0.26828720898, 0.032336472782, 0.085710675918, 0.014125730887, 0.59953991143]
    ],
    [
      [0.40219678669, 0.0086040396417, 0.20354974816, 0.11864349233, 0.26700593318],
      [0.25237950201, 0.17543941765, 0.10495451693, 0.38513079974, 0.082095763669],
      [0.18201131515, 0.017138991619, 0.1672834573, 0.014823444451, 0.61874279149]
    ],
    [
      [0.48690902968, 0.049199395823, 0.14401355689, 0.12943206349, 0.19044595411],
      [0.18439948675, 0.48235432907, 0.044249864945, 0.25355778446, 0.035438534778],
      [0.25687319092, 0.089299451218, 0.13473213027, 0.018854108909, 0.50024111869]
    ],
    [
      [0.51841436299, 0.033493802989, 0.15947883407, 0.12251862144, 0.1660943785],
      [0.26717119181, 0.2920428342, 0.066557436834, 0.33267031344, 0.041558223716],
      [0.29558125647, 0.047311930846, 0.15969545499, 0.018453141675, 0.47895821602]
    ],
    [
      [0.49585708616, 0.043114875539, 0.24887623913, 0.075903382126, 0.13624841704],
      [0.24692635629, 0.38120263379, 0.10830515728, 0.22930971397, 0.034256138681],
      [0.27068102752, 0.060559145172, 0.2714708264, 0.010600911997, 0.38668808891]
    ],
    [
      [0.41445716451, 0.0090854667683, 0.16601173514, 0.162626094, 0.24781953958],
      [0.22737357646, 0.16678644616, 0.074190278631, 0.46563737144, 0.066012327313],
      [0.20148587607, 0.02054153126, 0.14250118888, 0.021249837408, 0.61422156638]
    ],
    [
      [0.38845925602, 0.041743746291, 0.23166320963, 0.14233799064, 0.19579579742],
      [0.17842204572, 0.35441245307, 0.089521994892, 0.33381668966, 0.043826816661],
      [0.20008509517, 0.056809831757, 0.22786290494, 0.019451374091, 0.49579079404]
    ],
    [
      [0.40802149554, 0.019072320419, 0.15817839618, 0.16761560829, 0.24711217957],
      [0.21365258185, 0.19572175438, 0.06670426785, 0.46107512782, 0.062846268095],
      [0.19986499375, 0.026549618815, 0.13628010984, 0.021751219858, 0.61555405774]
    ],
    [
      [0.41728868251, 0.027410161515, 0.14118271209, 0.21250567412, 0.20161276977],
      [0.18282640435, 0.20393377299, 0.050753484667, 0.51884914732, 0.043637190666],
      [0.23194224622, 0.038462427327, 0.13904943551, 0.02936860215, 0.56117728879]
    ],
    [
      [0.43294065545, 0, 0.1409010169, 0.21544051227, 0.21071781538],
      [0.22906802217, 0.083333333333, 0.055206235567, 0.58232021996, 0.050072188967],
      [0.25496603385, 0, 0.13704074728, 0.031277529821, 0.57671568905]
    ],
    [
      [0.47042648028, 0.043520564402, 0.13243383555, 0.14636476169, 0.20725435808],
      [0.20435943136, 0.3758007715, 0.046820275158, 0.32920477465, 0.043814747339],
      [0.24644045578, 0.064039368625, 0.12428338118, 0.020527490593, 0.54470930383]
    ],
    [
      [0.43628501441, 0.033313528273, 0.13698378527, 0.14311868705, 0.25029898499],
      [0.2192137085, 0.28816881268, 0.055898710423, 0.37569312619, 0.061025642216],
      [0.20951685317, 0.040084532726, 0.11707985361, 0.018267969586, 0.6150507909]
    ],
    [
      [0.38949336936, 0.038591388264, 0.14836155119, 0.20503308211, 0.21852060908],
      [0.16376332766, 0.27062931393, 0.050451302715, 0.47038914987, 0.044766905827],
      [0.2064388854, 0.050133531634, 0.13826267503, 0.027717707829, 0.57744720011]
    ],
    [
      [0.43355830293, 0.031620709229, 0.16890765151, 0.14408712117, 0.22182621516],
      [0.22001930425, 0.27327372631, 0.069286662306, 0.38277822058, 0.05464208655],
      [0.21886058157, 0.040501285099, 0.15238888847, 0.019542179154, 0.56870706571]
    ],
    [
      [0.52500591782, 0.030931693537, 0.066582795913, 0.16566485157, 0.21181474116],
      [0.25592628951, 0.2471275188, 0.027665086001, 0.4179844662, 0.051296639482],
      [0.28628325387, 0.040966526229, 0.079776797699, 0.024497072965, 0.56847634924]
    ],
    [
      [0.41565640006, 0.04756043287, 0.10392187478, 0.22496252855, 0.20789876374],
      [0.15631425527, 0.3177488515, 0.030400241726, 0.45518655179, 0.040350099717],
      [0.22769707333, 0.068044114013, 0.10604852556, 0.031609677188, 0.56660060991]
    ],
    [
      [0.43904076912, 0.046753640335, 0.1704476343, 0.14054056669, 0.20321738956],
      [0.18828343113, 0.38974093613, 0.063920156927, 0.31424481118, 0.043810664639],
      [0.22484036466, 0.067500808984, 0.15783625218, 0.019922326898, 0.52990024728]
    ],
    [
      [0.53198885006, 0.038035744236, 0.10420649949, 0.12952204264, 0.19624686357],
      [0.25169943692, 0.33981560049, 0.037837298486, 0.3221352505, 0.048512413606],
      [0.28533660081, 0.056632748467, 0.10152098731, 0.018543643804, 0.53796601961]
    ],
    [
      [0.38594014517, 0.020976707536, 0.18535842544, 0.10174298151, 0.30598174035],
      [0.24455911717, 0.24053111847, 0.096444928051, 0.33528643263, 0.08317840368],
      [0.16274920455, 0.024329153144, 0.14086832028, 0.01186033524, 0.66019298679]
    ],
    [
      [0.47935674627, 0.028388477798, 0.18567407646, 0.11314756021, 0.19343313927],
      [0.25869100802, 0.28434951687, 0.083148249396, 0.3220424663, 0.051768759426],
      [0.25090462213, 0.041065338579, 0.1765085822, 0.014615377673, 0.51690607942]
    ],
    [
      [0.54883926768, 0.043352884502, 0.090777513455, 0.14172352254, 0.17530681183],
      [0.2424046913, 0.36520126362, 0.025269080553, 0.3261534118, 0.040971552737],
      [0.31026937063, 0.069237128875, 0.094062841943, 0.022294504064, 0.50413615449]
    ],
    [
      [0.46606994844, 0.028768221485, 0.16303619425, 0.1288736055, 0.21325203032],
      [0.24082969492, 0.27890179759, 0.072331852119, 0.35283868896, 0.055097966415],
      [0.23700418796, 0.040177689146, 0.14946377825, 0.017174982976, 0.55617936167]
    ],
    [
      [0.54899147091, 0.027261843667, 0.098261735411, 0.13366148143, 0.19182346858],
      [0.28068585763, 0.25937965005, 0.039351362074, 0.36788551934, 0.052697610898],
      [0.30189988321, 0.040558859249, 0.09847607297, 0.02003929518, 0.53902588939]
    ],
    [
      [0.48363180988, 0.028586755011, 0.15966536634, 0.11941931744, 0.20869675133],
      [0.25530051494, 0.28218990921, 0.072890061723, 0.33442369989, 0.055195814244],
      [0.24786379242, 0.040118537141, 0.14792757983, 0.015786596834, 0.54830349377]
    ],
    [
      [0.40526250012, 0.035634515309, 0.15840173322, 0.16934101449, 0.23136023686],
      [0.18046000506, 0.30120949666, 0.062280606885, 0.4054136836, 0.05063620779],
      [0.20037085691, 0.048624712348, 0.14269438014, 0.021939119348, 0.58637093125]
    ],
    [
      [0.45983297102, 0.029499736204, 0.16604393732, 0.146249984, 0.19837337146],
      [0.22649187456, 0.27204477252, 0.069951984419, 0.38342423472, 0.048087133783],
      [0.24319446491, 0.042732636776, 0.1585643834, 0.020136413946, 0.53537210097]
    ],
    [
      [0.53442235905, 0.025262295564, 0.13143025286, 0.17225228691, 0.13663280562],
      [0.25471285472, 0.22572323461, 0.055651980293, 0.43478194441, 0.029129985963],
      [0.33574073615, 0.043804124112, 0.14967887334, 0.028803488951, 0.44197277744]
    ],
    [
      [0.4111710956, 0.036424359296, 0.21880161431, 0.19550469622, 0.13809823457],
      [0.17677054276, 0.28515204805, 0.074347617159, 0.4388905327, 0.024839259326],
      [0.24719877041, 0.059529200887, 0.23800658203, 0.030917161645, 0.42434828503]
    ],
    [
      [0.36183877975, 0.032427837308, 0.30294299076, 0.16599586093, 0.13679453125],
      [0.1742807258, 0.28214502605, 0.0941039857, 0.41585209879, 0.03361816365],
      [0.20819998088, 0.050970790794, 0.31359547732, 0.026732681267, 0.40050106974]
    ],
    [
      [0.36511491403, 0.019076937001, 0.1785763167, 0.15336749352, 0.28386433875],
      [0.20040072189, 0.20108287838, 0.084042015782, 0.44257775195, 0.071896632002],
      [0.16287298504, 0.023516613054, 0.14422254951, 0.018666026405, 0.65072182599]
    ],
    [
      [0.38877665601, 0.029992712256, 0.095626605523, 0.20938966501, 0.27621436119],
      [0.17652799161, 0.24045772889, 0.029391318012, 0.49179473889, 0.061828222598],
      [0.18382995953, 0.037852546275, 0.081974350053, 0.025268138092, 0.67107500605]
    ],
    [
      [0.52001328229, 0.03779594399, 0.11523644435, 0.15484219434, 0.17211213503],
      [0.23302912142, 0.31945956848, 0.042045218708, 0.3674971035, 0.037968987896],
      [0.29631664165, 0.059414001189, 0.11920929801, 0.023865889283, 0.50119416987]
    ],
    [
      [0.51694883538, 0.026414374119, 0.14777622403, 0.15475340167, 0.1541071648],
      [0.25275796891, 0.2416301783, 0.063046924255, 0.40736379849, 0.035201130048],
      [0.30468723354, 0.043854616461, 0.16199830747, 0.024991633306, 0.46446820922]
    ],
    [
      [0.41103155068, 0.019682313059, 0.16177715287, 0.1268877219, 0.28062126149],
      [0.23589632512, 0.22006805879, 0.076729649891, 0.3899455512, 0.077360414988],
      [0.18520227556, 0.023361649536, 0.13617366549, 0.017266886706, 0.63799552271]
    ],
    [
      [0.44084867288, 0.025776856246, 0.11928910277, 0.13592803031, 0.2781573378],
      [0.23407086531, 0.25640201288, 0.051033197918, 0.38769411778, 0.070799806105],
      [0.20588548886, 0.034421424694, 0.096967665828, 0.01831771885, 0.64440770176]
    ],
    [
      [0.4399348806, 0.015937032845, 0.19570277141, 0.15561714383, 0.19280817132],
      [0.23773438613, 0.17352299987, 0.085738003057, 0.45200632241, 0.050998288544],
      [0.24071213951, 0.019853607846, 0.1899953595, 0.025009482992, 0.52442941014]
    ],
    [
      [0.5445202227, 0.031884430234, 0.12320425103, 0.13323181113, 0.16715928491],
      [0.26532230847, 0.29303342558, 0.05066963244, 0.35089668751, 0.040077946001],
      [0.30727310116, 0.052914464545, 0.13128524057, 0.022333400924, 0.48619379281]
    ],
    [
      [0.42689162055, 0.059300896278, 0.15276217443, 0.13917154664, 0.2218737621],
      [0.16417439182, 0.45754801621, 0.048627913647, 0.28765174702, 0.041997931301],
      [0.21276217211, 0.071046920134, 0.14062438426, 0.022758424681, 0.55280809882]
    ],
    [
      [0.40022094468, 0.022296467966, 0.1237378171, 0.19240931302, 0.26133545724],
      [0.19128941029, 0.20078814625, 0.048385910457, 0.49918944981, 0.060347083202],
      [0.19648770398, 0.030260796457, 0.10920285438, 0.024366830675, 0.63968181451]
    ],
    [
      [0.44924085024, 0.023018143368, 0.21136637425, 0.076774753622, 0.23959987851],
      [0.28522735463, 0.267215296, 0.10888449774, 0.26428268847, 0.074390163169],
      [0.21569566288, 0.032212424948, 0.17935801912, 0.002336979525, 0.57039691353]
    ],
    [
      [0.43516844689, 0.043471621246, 0.1930349368, 0.10681771262, 0.22150728244],
      [0.20514416093, 0.3997225088, 0.074567403779, 0.2697463289, 0.050819597587],
      [0.2137288034, 0.05769287012, 0.17201981513, 0.012957576463, 0.54360093488]
    ],
    [
      [0.47703998752, 0.044287057099, 0.12709237231, 0.13680759418, 0.21477298888],
      [0.20865754849, 0.37908440818, 0.045567613034, 0.32092694339, 0.045763486911],
      [0.24539674402, 0.061700324615, 0.11781501002, 0.021460294784, 0.55362762656]
    ],
    [
      [0.52316547179, 0.025758900417, 0.17805683886, 0.11138080902, 0.1616379799],
      [0.28529459259, 0.26323369202, 0.079733452436, 0.32881267455, 0.042925588406],
      [0.29350912846, 0.043584735983, 0.18435710736, 0.018518206968, 0.46003082123]
    ],
    [
      [0.48264151902, 0.024478261453, 0.15925518939, 0.10808913667, 0.22553589346],
      [0.27373109428, 0.25936179479, 0.074091622715, 0.33062231245, 0.062193175772],
      [0.23978315953, 0.03510973181, 0.14616017288, 0.014186067447, 0.56476086833]
    ],
    [
      [0.47421700634, 0.018822654053, 0.15159680771, 0.16185632871, 0.19350720319],
      [0.24511280659, 0.18781787259, 0.064611028953, 0.45395524106, 0.0485030508],
      [0.26014361151, 0.027148458575, 0.15366974929, 0.025183235049, 0.53385494557]
    ],
    [
      [0.45398267905, 0.048830472245, 0.14431627126, 0.16278415329, 0.19008642416],
      [0.18004295285, 0.3911750213, 0.047270159161, 0.34481524496, 0.036696621728],
      [0.24531942154, 0.069201688996, 0.14319347808, 0.026986451562, 0.51529895982]
    ],
    [
      [0.42747300678, 0.028295921358, 0.17747040827, 0.21051692719, 0.1562437364],
      [0.18576020786, 0.2277314205, 0.062798179459, 0.49179234782, 0.031917844357],
      [0.25907002979, 0.049587550356, 0.19293337234, 0.028943037742, 0.46946600977]
    ],
    [
      [0.33581486107, 0.041549741205, 0.11063390668, 0.26637789179, 0.24562359925],
      [0.12001607144, 0.27961371982, 0.032356799405, 0.5233535476, 0.044659861734],
      [0.16629155826, 0.064156614603, 0.10114980904, 0.030677152898, 0.6377248652]
    ],
    [
      [0.55522841842, 0.021237109166, 0.19491377572, 0.088834639834, 0.13978605686],
      [0.33969869952, 0.22910505798, 0.09755048646, 0.29162251096, 0.042023245078],
      [0.32498356481, 0.036572629802, 0.20875041822, 0.013874414768, 0.4158189724]
    ]
  ],
  "expected_outcome": [
    [
      [31.1141000395, 32.7277457602, 26.5449879216, 32.1359959588, 32.6601048685, 33.7182818591, 25.6963441997, 29.5229034577, 28.9695261835, 24.6200322678, 31.1717271924, 33.4002801, 30.539951009, 25.7065623779, 26.4470564785, 33.0753728227, 21.198476403, 7.9027338441, 10.1077881512, 6.1750423228, 7.190351194, 12.0744638889, 10.2535388657, 11.5288208891, 9.6726361977, 8.1052500024, 11.9556572465, 8.5507577448, 6.9899086252, 3.9802265773, 5.8418386245, 7.7755331203, 7.8001992344, 8.7881302014, 8.2206310137, 5.2901840745, 6.5990232091, 7.6232831177, 4.6958078261, 4.8026513361, 7.6370944541, 7.3978635971, 8.1096797879, 6.2779856615, 9.1701888614, 7.113255095, 9.53363626, 4.7022030746, 4.3655931939, 12.7702536236],
      [1.9192622535, 1.6138223571, 0.56786661635, 3.2471601243, 2.1101095883, 2.9318115367, 0.56329893964, 3.1725247181, 1.3541347498, 1.6171995294, 0, 3.0899600726, 2.3319469791, 2.5470316254, 1.928863263, 1.9486966929, 2.4255820764, 0.84156552603, 0.72267914049, 0.33562732057, 0.42582716697, 0.95376345905, 0.63290087267, 0.57249871702, 0.57173510023, 0.71269030618, 0.76699314129, 0.40419672903, 0.61921410803, 0.35670621038, 0.30523099201, 0.59985424511, 0.56693915985, 0.44904436003, 0.39364626117, 0.30932227495, 0.23905549267, 0.44638202328, 0.65230985906, 0.2675576156, 0.39130843726, 0.73901756119, 0.75287997068, 0.30910680501, 0.4650869676, 0.2823398108, 1.0254399171, 0.31125513493, 0.54014663566, 0.48845351082],
      [10.2438488922, 5.4516565894, 13.4342833784, 9.5048947548, 10.0471665466, 16.9235842611, 10.2927275788, 17.6064039322, 11.2306661285, 8.3297800135, 10.1448732167, 9.4028023241, 9.588864969, 9.7918623784, 10.3033667422, 4.1947161425, 5.300015614, 3.0680574175, 1.9799234903, 2.965734807, 2.7851111469, 1.997105296, 3.5867962734, 2.0634964436, 3.1933073267, 3.1680346644, 4.3171423703, 2.1028840457, 3.7196274433, 3.3323728984, 2.8572210672, 1.9125321105, 1.7285466652, 2.5121958086, 3.2355430574, 1.4314692332, 2.9355415711, 1.7248595144, 1.6803839187, 1.4848538052, 3.5932283623, 3.2815939256, 2.1605703293, 2.1366820664, 3.0258485985, 2.2739521157, 3.0306416964, 1.952174491, 1.4382407869, 4.4830168416],
      [7.9174373708, 6.4956855537, 7.8304704935, 8.5425161905, 7.7186731509, 5.1614299846, 10.0828178277, 10.8176872883, 11.9007081887, 12.5378347729, 15.5117168833, 10.39189808, 10.0183080936, 13.5321834191, 8.7893143916, 10.4368856491, 11.4730889558, 2.5297302004, 2.4609188101, 1.6278877041, 1.6972134032, 3.1179174959, 2.8352193211, 2.8068911101, 2.3883863487, 3.3868202899, 3.802499584, 2.7560365906, 3.3235798358, 1.8259544702, 2.4538798963, 4.1877933002, 2.3226329151, 2.6308078284, 2.5377544381, 1.6311363637, 2.3342571574, 1.8652453558, 1.530887013, 2.3089117562, 1.3051708116, 1.8159011146, 2.3257291011, 1.3365697083, 2.0536935968, 2.4278449307, 3.4184672191, 2.3156861991, 3.4629125932, 2.0431967162],
      [9.805351444, 14.7110897397, 17.6223915902, 12.5694329716, 10.4639458457, 9.2648923586, 15.3648114542, 14.8804806037, 17.5449647495, 11.8951534165, 15.1716827076, 14.7150594233, 17.5209289493, 14.4223601991, 13.5313991248, 13.3443286928, 10.6028369508, 3.657913012, 3.7286904078, 4.8957078455, 2.901497089, 3.8567498602, 4.6915446671, 4.0282928402, 4.1739350266, 4.6272047371, 5.1577076579, 2.1861248899, 2.3476699877, 1.5047398437, 4.54182942, 5.5242872239, 2.5816820255, 2.6198218017, 5.6124252297, 3.3378880536, 2.8921225697, 2.3402299888, 2.4406113831, 3.1360254868, 4.0731979347, 3.7656238016, 3.651140811, 1.9396557588, 4.2851819758, 2.9026080478, 3.9918149074, 1.7186811004, 3.1931067902, 3.2150793077]
    ],
    [
      [5.0243186581, 5.9065100602, 4.5428310361, 2.2127938409, 5.610595028, 3.9508217006, 5.6843394115, 2.6763306857, 3.6320938915, 4.2050073002, 2.748816266, 2.6566726076, 3.9458467529, 2.7839765703, 3.3002895638, 5.6303783693, 5.1583704238, 12.050139592, 16.6121628367, 15.4072243817, 16.038842497, 15.2714955518, 16.3764192547, 18.244580746, 17.1051345008, 10.2862202886, 12.91003685, 18.0846126853, 11.3133147369, 12.8967737096, 13.2264476448, 11.6508474462, 14.6808346493, 10.1103187563, 4.4820301773, 4.9154881716, 4.7546877225, 6.6330577117, 2.1342670937, 3.4432093852, 5.9897744471, 3.2823065749, 2.7125481304, 3.7088297037, 3.2847731313, 3.6766920989, 2.52060134, 4.4582449887, 2.1602892859, 4.7557817933],
      [5.1851105581, 4.7394481873, 3.1579095177, 5.7882519489, 6.1328995182, 6.0992421406, 4.169661154, 5.3161867961, 3.3272698244, 4.6904767787, 1, 4.8854100294, 5.1870386282, 4.6006983368, 4.0991058946, 5.4368054137, 10.4857120994, 24.9434199123, 22.4278296325, 15.1534604634, 17.6296700457, 23.0076796078, 18.9653222359, 16.8596772535, 18.9067239169, 17.1689413098, 15.5065520335, 16.0263496575, 18.2497310751, 20.8787319277, 13.271469973, 15.870210107, 20.125952814, 9.6652071322, 4.1812931171, 5.3844422705, 3.4704599973, 7.3258356395, 5.9481242108, 3.6141866324, 5.611521216, 6.3955601408, 4.9280973063, 3.4220379962, 3.1123415375, 2.8172680889, 5.4764502982, 5.465554092, 5.0330469568, 3.2074708117],
      [1.3388174573, 0.83412989226, 1.8891813048, 0.53099837933, 1.3977061735, 1.7328825165, 1.8547569658, 1.3428299234, 1.1339725535, 1.1673301473, 0.6624748268, 0.60866357705, 1.0061767876, 0.85767214615, 1.0392999346, 0.60863189203, 1.003207977, 4.0908900434, 2.4972617001, 6.0760304672, 5.1551914625, 1.5919520749, 4.9185659441, 2.5578385348, 4.8836341354, 3.5499945924, 3.9872631119, 3.9512906008, 4.7582474982, 6.9636949418, 5.5467730416, 1.9398269888, 2.6488487786, 2.5218769702, 1.4578633479, 1.0716971563, 1.7147600611, 1.266740811, 0.63216287741, 0.87094638823, 2.2865744525, 1.1930784605, 0.59237896944, 1.0365348817, 0.88909947258, 0.9691654343, 0.66178222825, 1.507156307, 0.58242238929, 1.3657068104],
      [6.6837321405, 6.2217998286, 6.9323543953, 3.0426934135, 6.9860765823, 3.6689554235, 11.640934286, 5.0072503449, 7.838277173, 11.9335303884, 6.9878426396, 4.2796620705, 6.7624762713, 7.9966155478, 5.7416733087, 9.1956582564, 15.0211562092, 20.1116679154, 21.2609265328, 21.1230452559, 19.9666329104, 20.5476649432, 23.9930308492, 23.9125587574, 22.4063878924, 23.1085799651, 21.855181379, 30.869518053, 28.0889940929, 30.7730553108, 29.2101316284, 32.4584527665, 23.1523175207, 16.2945519394, 7.4089654729, 8.1415764734, 9.0401264481, 8.7724171878, 3.7394727112, 8.9854100965, 5.5499364579, 4.3159412624, 4.172050264, 4.2745647691, 3.9674677494, 6.8093286159, 4.8274134294, 11.8030163477, 9.4203638568, 4.0827151535],
      [0.76802118597, 1.2981120317, 1.477723746, 0.42526241734, 0.87272269803, 0.5480982189, 1.6503081828, 0.65740224992, 1.0683865576, 1.0036553853, 0.6008662676, 0.5695917154, 1.0984615599, 0.76103739906, 0.81963129826, 1.1285260686, 1.3315532907, 2.8038825369, 3.201819298, 5.2402394318, 3.2096630844, 2.5812078224, 3.7466617162, 3.4253447083, 3.6981195543, 2.8862638441, 2.7409666256, 2.0682290034, 1.5897125968, 2.4877441101, 4.7451777122, 4.0806626915, 2.3920462375, 1.4080452019, 1.4698478848, 1.4867959282, 1.0199657709, 1.00194865, 0.54597310691, 1.0862474976, 1.5621934266, 0.81311356139, 0.59492532984, 0.55803264928, 0.74631810926, 0.727545762, 0.51375270419, 0.76602826457, 0.80387751122, 0.5883254311]
    ],
    [
      [5.8615813024, 5.3657441797, 2.9121810423, 5.6512102002, 4.7293001035, 4.3308964403, 2.6193163889, 1.8007658565, 2.3983799249, 4.174960432, 4.0794565415, 3.9430472924, 2.514202238, 3.5094610519, 5.2526539577, 4.294248808, 3.6431531732, 4.0471265639, 4.2800490121, 3.4177332955, 5.770806309, 4.6540405594, 2.3700418796, 4.2265983649, 3.2222293015, 4.608529709, 4.1343059035, 4.3646295699, 4.6967766378, 3.1229997132, 2.9317137307, 2.5736194335, 6.5189661164, 13.1015510424, 11.297338809, 13.7943277539, 15.6462890684, 18.7436591705, 16.1699250802, 13.7541392787, 13.3731310987, 14.3198298279, 17.1777720817, 22.0131846348, 16.5450380073, 18.210052806, 15.9457624, 16.8395519367, 11.4741175201, 20.473964583],
      [0.89562718836, 0.64672945563, 0.27422386591, 1.9645879268, 0.75699089353, 0.96894632275, 0.26703990638, 0.51128848581, 0.31859542578, 0.69232369189, 0, 1.024629898, 0.48101439272, 0.85227003777, 0.97203084238, 0.61449789344, 1.0887058242, 1.2150145617, 0.84949122701, 0.51091221603, 0.94450278731, 1.0385569331, 0.40177689146, 0.56782402948, 0.52154098283, 1.118368384, 0.72645482518, 0.56945361346, 1.1310548168, 0.76456186191, 0.42329903497, 0.52993564785, 1.3071080262, 1.8857485078, 1.4250606217, 2.3062354545, 1.29048451, 3.2277823373, 5.3995659302, 2.118255752, 1.9971703468, 3.8654222981, 4.319022723, 3.2688551988, 2.4225714949, 1.9003921003, 4.4981097847, 3.2231907731, 4.4268064076, 2.3040756775],
      [3.4173336505, 1.7142135184, 2.6765353168, 2.9641068659, 2.5551272798, 4.3435332224, 1.8525154554, 2.0507661444, 1.6353613181, 2.5028898392, 2.1926519565, 1.9885340989, 1.4049582434, 2.3504654754, 3.6573333232, 1.1966519655, 1.696776409, 2.8410525392, 1.5228148096, 2.9582347258, 4.0596973906, 1.4109426291, 1.4946377825, 1.3786650216, 1.9230585378, 3.2819707431, 2.6955945178, 1.9458253535, 4.5221250585, 4.7039321598, 2.5960058912, 1.1476409007, 2.6226045561, 6.9659272213, 8.3065935947, 6.4968336105, 12.3496983677, 8.0083996746, 10.6874532039, 7.6441998066, 11.1201971852, 11.525327614, 8.2470507013, 13.826783052, 10.085051929, 10.75688245, 9.3075760754, 12.540669202, 6.9793368238, 13.1512763479],
      [0.39883048867, 0.28251461773, 0.23717511121, 0.41479039599, 0.2952502668, 0.16961459195, 0.27624788631, 0.17506236682, 0.2610146383, 0.5286348387, 0.50044047713, 0.32843984949, 0.21921563503, 0.4712010331, 0.46901229971, 0.36745609447, 0.50575483501, 0.35860188416, 0.27815465705, 0.24906704003, 0.33615368648, 0.33441756096, 0.17174982976, 0.28055013253, 0.20522575884, 0.50459974501, 0.34231903708, 0.37444535637, 0.58742607126, 0.40099021901, 0.3359884753, 0.35375393328, 0.52504956424, 1.0746402322, 1.0532800891, 1.2272871629, 1.6256163945, 1.3623374564, 1.7296402758, 1.7056781472, 0.14489273055, 0.86815762299, 1.5022206349, 1.3888655226, 0.97883865387, 1.7628264534, 1.7541193515, 1.8812974532, 2.11672355, 0.87408813036],
      [9.4266273701, 11.9907982286, 9.8998846638, 11.0053046111, 7.6633314563, 6.1870094225, 7.984880363, 4.4621171464, 7.3866486929, 10.1011911982, 9.2274510248, 8.7153488613, 7.3806094908, 9.8166024018, 13.6489695769, 8.5271452386, 9.0656097585, 9.5382044511, 8.0694902942, 13.8640527226, 11.8888398266, 7.5620423174, 5.5617936167, 7.5463624515, 7.127945419, 13.4865314188, 9.1013257164, 5.7456461067, 8.0626174155, 6.0075160462, 11.7129928678, 9.3950500846, 11.0262717371, 19.9721329964, 38.9177268855, 43.1753160182, 34.0879116594, 29.6578213612, 42.01341551, 44.7777270155, 35.3646086387, 36.4212626371, 38.7539338591, 34.5023115919, 38.9684999149, 37.3698461902, 33.4944323884, 30.515290635, 44.0030156985, 26.1965952612]
    ]
  ],
  "prob": [
    [0.45486002389, 0.030485930387, 0.15533905402, 0.14998571654, 0.20932927517],
    [0.22486381527, 0.27855539666, 0.062835023029, 0.38415366064, 0.049592104401],
    [0.24063647067, 0.044914830618, 0.14964214499, 0.020762099783, 0.54404445394]
  ],
  "iterations": 18,
  "logLik": 1061.0165204969,
  "time": 0.001879,
  "message": "Converged",
  "status": 0,
  "miniter": 0,
  "maxiter": 1000,
  "maxtime": 3600,
  "param_threshold": 0.001,
  "ll_threshold": "-Inf",
  "initial_prob": "group_proportional",
  "adjust_prob_cond_method": "project_lp",
  "adjust_prob_cond_every": false
}
