{
  "Z_true": {},
  "V_true": [
    [479, 33, 25, 1244, 191, 82],
    [40, 25, 927, 198, 717, 97],
    [301, 448, 508, 1354, 11306, 854],
    [202, 82, 55, 5276, 271, 164],
    [214, 204, 85, 1247, 775, 508],
    [65, 652, 24, 636, 473, 126],
    [80, 125, 158, 547, 926, 778]
  ],
  "p_true": [
    [0.2332, 0.0161, 0.0122, 0.6056, 0.093, 0.0399],
    [0.02, 0.0125, 0.4626, 0.0988, 0.3578, 0.0484],
    [0.0204, 0.0303, 0.0344, 0.0917, 0.7654, 0.0578],
    [0.0334, 0.0136, 0.0091, 0.8721, 0.0448, 0.0271],
    [0.0706, 0.0673, 0.028, 0.4111, 0.2555, 0.1675],
    [0.0329, 0.33, 0.0121, 0.3219, 0.2394, 0.0638],
    [0.0306, 0.0478, 0.0604, 0.2093, 0.3542, 0.2976]
  ],
  "Z_est": [
    [
      [17.1512, 18.7104, 31.5738, 6.4317, 0.7796, 7.9909, 5.0674, 19.6849, 2.1439, 4.2878, 17.7359, 6.4317, 11.8889, 0.9745, 0, 5.6521, 4.2878, 7.2113, 8.1858, 5.4572, 8.3807, 3.7031, 1.3643, 3.7031, 6.2368, 6.8215, 5.6521, 7.796, 5.6521, 8.1858, 9.1603, 2.7286, 7.9909, 2.3388, 5.2623, 5.2623, 6.4317, 24.9472, 20.2696, 3.7031, 5.4572, 3.5082, 2.5337, 9.1603, 0.7796, 22.2186, 2.7286, 23.9727, 2.7286],
      [4.1976, 4.5792, 7.7274, 1.5741, 0.1908, 1.9557, 1.2402, 4.8177, 0.5247, 1.0494, 4.3407, 1.5741, 2.9097, 0.2385, 0, 1.3833, 1.0494, 1.7649, 2.0034, 1.3356, 2.0511, 0.9063, 0.3339, 0.9063, 1.5264, 1.6695, 1.3833, 1.908, 1.3833, 2.0034, 2.2419, 0.6678, 1.9557, 0.5724, 1.2879, 1.2879, 1.5741, 6.1056, 4.9608, 0.9063, 1.3356, 0.8586, 0.6201, 2.2419, 0.1908, 5.4378, 0.6678, 5.8671, 0.6678],
      [5.764, 6.288, 10.611, 2.1615, 0.262, 2.6855, 1.703, 6.6155, 0.7205, 1.441, 5.9605, 2.1615, 3.9955, 0.3275, 0, 1.8995, 1.441, 2.4235, 2.751, 1.834, 2.8165, 1.2445, 0.4585, 1.2445, 2.096, 2.2925, 1.8995, 2.62, 1.8995, 2.751, 3.0785, 0.917, 2.6855, 0.786, 1.7685, 1.7685, 2.1615, 8.384, 6.812, 1.2445, 1.834, 1.179, 0.8515, 3.0785, 0.262, 7.467, 0.917, 8.0565, 0.917],
      [47.5816, 51.9072, 87.5934, 17.8431, 2.1628, 22.1687, 14.0582, 54.6107, 5.9477, 11.8954, 49.2037, 17.8431, 32.9827, 2.7035, 0, 15.6803, 11.8954, 20.0059, 22.7094, 15.1396, 23.2501, 10.2733, 3.7849, 10.2733, 17.3024, 18.9245, 15.6803, 21.628, 15.6803, 22.7094, 25.4129, 7.5698, 22.1687, 6.4884, 14.5989, 14.5989, 17.8431, 69.2096, 56.2328, 10.2733, 15.1396, 9.7326, 7.0291, 25.4129, 2.1628, 61.6398, 7.5698, 66.5061, 7.5698],
      [6.9344, 7.5648, 12.7656, 2.6004, 0.3152, 3.2308, 2.0488, 7.9588, 0.8668, 1.7336, 7.1708, 2.6004, 4.8068, 0.394, 0, 2.2852, 1.7336, 2.9156, 3.3096, 2.2064, 3.3884, 1.4972, 0.5516, 1.4972, 2.5216, 2.758, 2.2852, 3.152, 2.2852, 3.3096, 3.7036, 1.1032, 3.2308, 0.9456, 2.1276, 2.1276, 2.6004, 10.0864, 8.1952, 1.4972, 2.2064, 1.4184, 1.0244, 3.7036, 0.3152, 8.9832, 1.1032, 9.6924, 1.1032],
      [6.3712, 6.9504, 11.7288, 2.3892, 0.2896, 2.9684, 1.8824, 7.3124, 0.7964, 1.5928, 6.5884, 2.3892, 4.4164, 0.362, 0, 2.0996, 1.5928, 2.6788, 3.0408, 2.0272, 3.1132, 1.3756, 0.5068, 1.3756, 2.3168, 2.534, 2.0996, 2.896, 2.0996, 3.0408, 3.4028, 1.0136, 2.9684, 0.8688, 1.9548, 1.9548, 2.3892, 9.2672, 7.5296, 1.3756, 2.0272, 1.3032, 0.9412, 3.4028, 0.2896, 8.2536, 1.0136, 8.9052, 1.0136]
    ],
    [
      [6.2216, 3.7976, 11.1504, 1.9392, 0.404, 5.4944, 1.1312, 3.232, 0.5656, 2.2624, 3.3936, 6.3024, 2.5856, 1.0504, 0.8888, 3.0704, 6.6256, 1.7776, 6.06, 4.6864, 7.0296, 2.7472, 0.7272, 1.0504, 1.7776, 4.04, 0.808, 0.3232, 2.5856, 2.5856, 2.02, 1.1312, 2.828, 1.616, 4.04, 2.2624, 2.5856, 4.3632, 6.06, 2.828, 6.1408, 0.3232, 0.7272, 2.1008, 0.2424, 7.7568, 1.6968, 15.1096, 1.7776],
      [3.8962, 2.3782, 6.9828, 1.2144, 0.253, 3.4408, 0.7084, 2.024, 0.3542, 1.4168, 2.1252, 3.9468, 1.6192, 0.6578, 0.5566, 1.9228, 4.1492, 1.1132, 3.795, 2.9348, 4.4022, 1.7204, 0.4554, 0.6578, 1.1132, 2.53, 0.506, 0.2024, 1.6192, 1.6192, 1.265, 0.7084, 1.771, 1.012, 2.53, 1.4168, 1.6192, 2.7324, 3.795, 1.771, 3.8456, 0.2024, 0.4554, 1.3156, 0.1518, 4.8576, 1.0626, 9.4622, 1.1132],
      [36.0976, 22.0336, 64.6944, 11.2512, 2.344, 31.8784, 6.5632, 18.752, 3.2816, 13.1264, 19.6896, 36.5664, 15.0016, 6.0944, 5.1568, 17.8144, 38.4416, 10.3136, 35.16, 27.1904, 40.7856, 15.9392, 4.2192, 6.0944, 10.3136, 23.44, 4.688, 1.8752, 15.0016, 15.0016, 11.72, 6.5632, 16.408, 9.376, 23.44, 13.1264, 15.0016, 25.3152, 35.16, 16.408, 35.6288, 1.8752, 4.2192, 12.1888, 1.4064, 45.0048, 9.8448, 87.6656, 10.3136],
      [11.8888, 7.2568, 21.3072, 3.7056, 0.772, 10.4992, 2.1616, 6.176, 1.0808, 4.3232, 6.4848, 12.0432, 4.9408, 2.0072, 1.6984, 5.8672, 12.6608, 3.3968, 11.58, 8.9552, 13.4328, 5.2496, 1.3896, 2.0072, 3.3968, 7.72, 1.544, 0.6176, 4.9408, 4.9408, 3.86, 2.1616, 5.404, 3.088, 7.72, 4.3232, 4.9408, 8.3376, 11.58, 5.404, 11.7344, 0.6176, 1.3896, 4.0144, 0.4632, 14.8224, 3.2424, 28.8728, 3.3968],
      [11.6347, 7.1017, 20.8518, 3.6264, 0.7555, 10.2748, 2.1154, 6.044, 1.0577, 4.2308, 6.3462, 11.7858, 4.8352, 1.9643, 1.6621, 5.7418, 12.3902, 3.3242, 11.3325, 8.7638, 13.1457, 5.1374, 1.3599, 1.9643, 3.3242, 7.555, 1.511, 0.6044, 4.8352, 4.8352, 3.7775, 2.1154, 5.2885, 3.022, 7.555, 4.2308, 4.8352, 8.1594, 11.3325, 5.2885, 11.4836, 0.6044, 1.3599, 3.9286, 0.4533, 14.5056, 3.1731, 28.2557, 3.3242],
      [7.2534, 4.4274, 12.9996, 2.2608, 0.471, 6.4056, 1.3188, 3.768, 0.6594, 2.6376, 3.9564, 7.3476, 3.0144, 1.2246, 1.0362, 3.5796, 7.7244, 2.0724, 7.065, 5.4636, 8.1954, 3.2028, 0.8478, 1.2246, 2.0724, 4.71, 0.942, 0.3768, 3.0144, 3.0144, 2.355, 1.3188, 3.297, 1.884, 4.71, 2.6376, 3.0144, 5.0868, 7.065, 3.297, 7.1592, 0.3768, 0.8478, 2.4492, 0.2826, 9.0432, 1.9782, 17.6154, 2.0724]
    ],
    [
      [4.0188, 4.3146, 4.2942, 1.1628, 0.3876, 3.9066, 0.4692, 7.5174, 0.6324, 3.3048, 6.2628, 2.2542, 0.969, 3.06, 1.1628, 3.5598, 6.681, 1.173, 2.5398, 3.672, 5.0082, 3.264, 2.142, 1.7238, 4.2432, 5.5386, 0.459, 0.2244, 4.3452, 0.8364, 1.0098, 0.3162, 4.6716, 2.142, 5.2836, 2.2746, 3.111, 8.2824, 7.9254, 3.0702, 1.4382, 0.255, 0.4284, 2.6724, 1.479, 7.548, 1.9992, 6.7932, 0.8364],
      [7.683, 8.2485, 8.2095, 2.223, 0.741, 7.4685, 0.897, 14.3715, 1.209, 6.318, 11.973, 4.3095, 1.8525, 5.85, 2.223, 6.8055, 12.7725, 2.2425, 4.8555, 7.02, 9.5745, 6.24, 4.095, 3.2955, 8.112, 10.5885, 0.8775, 0.429, 8.307, 1.599, 1.9305, 0.6045, 8.931, 4.095, 10.101, 4.3485, 5.9475, 15.834, 15.1515, 5.8695, 2.7495, 0.4875, 0.819, 5.109, 2.8275, 14.43, 3.822, 12.987, 1.599],
      [4.6098, 4.9491, 4.9257, 1.3338, 0.4446, 4.4811, 0.5382, 8.6229, 0.7254, 3.7908, 7.1838, 2.5857, 1.1115, 3.51, 1.3338, 4.0833, 7.6635, 1.3455, 2.9133, 4.212, 5.7447, 3.744, 2.457, 1.9773, 4.8672, 6.3531, 0.5265, 0.2574, 4.9842, 0.9594, 1.1583, 0.3627, 5.3586, 2.457, 6.0606, 2.6091, 3.5685, 9.5004, 9.0909, 3.5217, 1.6497, 0.2925, 0.4914, 3.0654, 1.6965, 8.658, 2.2932, 7.7922, 0.9594],
      [23.9946, 25.7607, 25.6389, 6.9426, 2.3142, 23.3247, 2.8014, 44.8833, 3.7758, 19.7316, 37.3926, 13.4589, 5.7855, 18.27, 6.9426, 21.2541, 39.8895, 7.0035, 15.1641, 21.924, 29.9019, 19.488, 12.789, 10.2921, 25.3344, 33.0687, 2.7405, 1.3398, 25.9434, 4.9938, 6.0291, 1.8879, 27.8922, 12.789, 31.5462, 13.5807, 18.5745, 49.4508, 47.3193, 18.3309, 8.5869, 1.5225, 2.5578, 15.9558, 8.8305, 45.066, 11.9364, 40.5594, 4.9938],
      [340.5736, 365.6412, 363.9124, 98.5416, 32.8472, 331.0652, 39.7624, 637.0628, 53.5928, 280.0656, 530.7416, 191.0324, 82.118, 259.32, 98.5416, 301.6756, 566.182, 99.406, 215.2356, 311.184, 424.4204, 276.608, 181.524, 146.0836, 359.5904, 469.3692, 38.898, 19.0168, 368.2344, 70.8808, 85.5756, 26.7964, 395.8952, 181.524, 447.7592, 192.7612, 263.642, 701.8928, 671.6388, 260.1844, 121.8804, 21.61, 36.3048, 226.4728, 125.338, 639.656, 169.4224, 575.6904, 70.8808],
      [13.1202, 14.0859, 14.0193, 3.7962, 1.2654, 12.7539, 1.5318, 24.5421, 2.0646, 10.7892, 20.4462, 7.3593, 3.1635, 9.99, 3.7962, 11.6217, 21.8115, 3.8295, 8.2917, 11.988, 16.3503, 10.656, 6.993, 5.6277, 13.8528, 18.0819, 1.4985, 0.7326, 14.1858, 2.7306, 3.2967, 1.0323, 15.2514, 6.993, 17.2494, 7.4259, 10.1565, 27.0396, 25.8741, 10.0233, 4.6953, 0.8325, 1.3986, 8.7246, 4.8285, 24.642, 6.5268, 22.1778, 2.7306]
    ],
    [
      [5.2008, 5.016, 8.052, 2.5344, 0.3168, 4.0392, 1.1616, 9.768, 0.792, 2.0064, 7.9464, 2.4288, 2.244, 0.5016, 0.264, 3.5376, 2.0064, 2.4552, 2.4552, 2.1912, 3.8808, 1.3992, 0.6336, 1.2672, 3.1944, 3.3, 2.0064, 1.8216, 2.4024, 2.0064, 2.376, 0.6072, 3.2472, 1.4784, 3.5904, 2.1384, 3.1152, 13.596, 9.8472, 1.8216, 1.9272, 0.8448, 1.4256, 4.3032, 2.5608, 8.712, 1.6632, 8.6592, 0.9768],
      [3.2702, 3.154, 5.063, 1.5936, 0.1992, 2.5398, 0.7304, 6.142, 0.498, 1.2616, 4.9966, 1.5272, 1.411, 0.3154, 0.166, 2.2244, 1.2616, 1.5438, 1.5438, 1.3778, 2.4402, 0.8798, 0.3984, 0.7968, 2.0086, 2.075, 1.2616, 1.1454, 1.5106, 1.2616, 1.494, 0.3818, 2.0418, 0.9296, 2.2576, 1.3446, 1.9588, 8.549, 6.1918, 1.1454, 1.2118, 0.5312, 0.8964, 2.7058, 1.6102, 5.478, 1.0458, 5.4448, 0.6142],
      [2.5807, 2.489, 3.9955, 1.2576, 0.1572, 2.0043, 0.5764, 4.847, 0.393, 0.9956, 3.9431, 1.2052, 1.1135, 0.2489, 0.131, 1.7554, 0.9956, 1.2183, 1.2183, 1.0873, 1.9257, 0.6943, 0.3144, 0.6288, 1.5851, 1.6375, 0.9956, 0.9039, 1.1921, 0.9956, 1.179, 0.3013, 1.6113, 0.7336, 1.7816, 1.0611, 1.5458, 6.7465, 4.8863, 0.9039, 0.9563, 0.4192, 0.7074, 2.1353, 1.2707, 4.323, 0.8253, 4.2968, 0.4847],
      [170.011, 163.97, 263.215, 82.848, 10.356, 132.039, 37.972, 319.31, 25.89, 65.588, 259.763, 79.396, 73.355, 16.397, 8.63, 115.642, 65.588, 80.259, 80.259, 71.629, 126.861, 45.739, 20.712, 41.424, 104.423, 107.875, 65.588, 59.547, 78.533, 65.588, 77.67, 19.849, 106.149, 48.328, 117.368, 69.903, 101.834, 444.445, 321.899, 59.547, 62.999, 27.616, 46.602, 140.669, 83.711, 284.79, 54.369, 283.064, 31.931],
      [8.5301, 8.227, 13.2065, 4.1568, 0.5196, 6.6249, 1.9052, 16.021, 1.299, 3.2908, 13.0333, 3.9836, 3.6805, 0.8227, 0.433, 5.8022, 3.2908, 4.0269, 4.0269, 3.5939, 6.3651, 2.2949, 1.0392, 2.0784, 5.2393, 5.4125, 3.2908, 2.9877, 3.9403, 3.2908, 3.897, 0.9959, 5.3259, 2.4248, 5.8888, 3.5073, 5.1094, 22.2995, 16.1509, 2.9877, 3.1609, 1.3856, 2.3382, 7.0579, 4.2001, 14.289, 2.7279, 14.2024, 1.6021],
      [7.4269, 7.163, 11.4985, 3.6192, 0.4524, 5.7681, 1.6588, 13.949, 1.131, 2.8652, 11.3477, 3.4684, 3.2045, 0.7163, 0.377, 5.0518, 2.8652, 3.5061, 3.5061, 3.1291, 5.5419, 1.9981, 0.9048, 1.8096, 4.5617, 4.7125, 2.8652, 2.6013, 3.4307, 2.8652, 3.393, 0.8671, 4.6371, 2.1112, 5.1272, 3.0537, 4.4486, 19.4155, 14.0621, 2.6013, 2.7521, 1.2064, 2.0358, 6.1451, 3.6569, 12.441, 2.3751, 12.3656, 1.3949]
    ],
    [
      [6.336, 9.28, 4.992, 1.536, 0.32, 5.248, 1.152, 10.304, 0.896, 3.072, 6.656, 2.752, 3.392, 1.344, 1.024, 4.288, 6.208, 2.752, 2.816, 4.224, 4.352, 3.328, 1.152, 1.856, 5.248, 5.952, 1.088, 0.704, 4.352, 1.344, 2.048, 0.384, 4.864, 2.048, 6.4, 2.624, 2.688, 14.528, 12.928, 3.904, 2.112, 0.832, 1.088, 4.8, 1.024, 11.712, 2.368, 9.728, 0.064],
      [10.9197, 15.9935, 8.6034, 2.6472, 0.5515, 9.0446, 1.9854, 17.7583, 1.5442, 5.2944, 11.4712, 4.7429, 5.8459, 2.3163, 1.7648, 7.3901, 10.6991, 4.7429, 4.8532, 7.2798, 7.5004, 5.7356, 1.9854, 3.1987, 9.0446, 10.2579, 1.8751, 1.2133, 7.5004, 2.3163, 3.5296, 0.6618, 8.3828, 3.5296, 11.03, 4.5223, 4.6326, 25.0381, 22.2806, 6.7283, 3.6399, 1.4339, 1.8751, 8.2725, 1.7648, 20.1849, 4.0811, 16.7656, 0.1103],
      [5.4153, 7.9315, 4.2666, 1.3128, 0.2735, 4.4854, 0.9846, 8.8067, 0.7658, 2.6256, 5.6888, 2.3521, 2.8991, 1.1487, 0.8752, 3.6649, 5.3059, 2.3521, 2.4068, 3.6102, 3.7196, 2.8444, 0.9846, 1.5863, 4.4854, 5.0871, 0.9299, 0.6017, 3.7196, 1.1487, 1.7504, 0.3282, 4.1572, 1.7504, 5.47, 2.2427, 2.2974, 12.4169, 11.0494, 3.3367, 1.8051, 0.7111, 0.9299, 4.1025, 0.8752, 10.0101, 2.0239, 8.3144, 0.0547],
      [44.1936, 64.728, 34.8192, 10.7136, 2.232, 36.6048, 8.0352, 71.8704, 6.2496, 21.4272, 46.4256, 19.1952, 23.6592, 9.3744, 7.1424, 29.9088, 43.3008, 19.1952, 19.6416, 29.4624, 30.3552, 23.2128, 8.0352, 12.9456, 36.6048, 41.5152, 7.5888, 4.9104, 30.3552, 9.3744, 14.2848, 2.6784, 33.9264, 14.2848, 44.64, 18.3024, 18.7488, 101.3328, 90.1728, 27.2304, 14.7312, 5.8032, 7.5888, 33.48, 7.1424, 81.6912, 16.5168, 67.8528, 0.4464],
      [14.1174, 20.677, 11.1228, 3.4224, 0.713, 11.6932, 2.5668, 22.9586, 1.9964, 6.8448, 14.8304, 6.1318, 7.5578, 2.9946, 2.2816, 9.5542, 13.8322, 6.1318, 6.2744, 9.4116, 9.6968, 7.4152, 2.5668, 4.1354, 11.6932, 13.2618, 2.4242, 1.5686, 9.6968, 2.9946, 4.5632, 0.8556, 10.8376, 4.5632, 14.26, 5.8466, 5.9892, 32.3702, 28.8052, 8.6986, 4.7058, 1.8538, 2.4242, 10.695, 2.2816, 26.0958, 5.2762, 21.6752, 0.1426],
      [18.0081, 26.3755, 14.1882, 4.3656, 0.9095, 14.9158, 3.2742, 29.2859, 2.5466, 8.7312, 18.9176, 7.8217, 9.6407, 3.8199, 2.9104, 12.1873, 17.6443, 7.8217, 8.0036, 12.0054, 12.3692, 9.4588, 3.2742, 5.2751, 14.9158, 16.9167, 3.0923, 2.0009, 12.3692, 3.8199, 5.8208, 1.0914, 13.8244, 5.8208, 18.19, 7.4579, 7.6398, 41.2913, 36.7438, 11.0959, 6.0027, 2.3647, 3.0923, 13.6425, 2.9104, 33.2877, 6.7303, 27.6488, 0.1819]
    ],
    [
      [3.879, 4.9134, 7.327, 1.2068, 0.5172, 4.0514, 0.5172, 7.8442, 0.6896, 3.879, 9.3958, 3.1894, 1.6378, 1.4654, 0.431, 3.6204, 4.6548, 2.155, 1.6378, 2.2412, 3.6204, 2.2412, 1.5516, 2.4136, 4.741, 6.1202, 1.4654, 0.6034, 5.6892, 1.5516, 1.0344, 0.3448, 4.4824, 2.3274, 7.2408, 4.31, 4.6548, 13.1024, 11.0336, 2.0688, 1.724, 0.2586, 0.5172, 3.017, 0.6034, 9.3958, 1.293, 7.327, 0.3448],
      [9.288, 11.7648, 17.544, 2.8896, 1.2384, 9.7008, 1.2384, 18.7824, 1.6512, 9.288, 22.4976, 7.6368, 3.9216, 3.5088, 1.032, 8.6688, 11.1456, 5.16, 3.9216, 5.3664, 8.6688, 5.3664, 3.7152, 5.7792, 11.352, 14.6544, 3.5088, 1.4448, 13.6224, 3.7152, 2.4768, 0.8256, 10.7328, 5.5728, 17.3376, 10.32, 11.1456, 31.3728, 26.4192, 4.9536, 4.128, 0.6192, 1.2384, 7.224, 1.4448, 22.4976, 3.096, 17.544, 0.8256],
      [3.0825, 3.9045, 5.8225, 0.959, 0.411, 3.2195, 0.411, 6.2335, 0.548, 3.0825, 7.4665, 2.5345, 1.3015, 1.1645, 0.3425, 2.877, 3.699, 1.7125, 1.3015, 1.781, 2.877, 1.781, 1.233, 1.918, 3.7675, 4.8635, 1.1645, 0.4795, 4.521, 1.233, 0.822, 0.274, 3.562, 1.8495, 5.754, 3.425, 3.699, 10.412, 8.768, 1.644, 1.37, 0.2055, 0.411, 2.3975, 0.4795, 7.4665, 1.0275, 5.8225, 0.274],
      [13.2345, 16.7637, 24.9985, 4.1174, 1.7646, 13.8227, 1.7646, 26.7631, 2.3528, 13.2345, 32.0569, 10.8817, 5.5879, 4.9997, 1.4705, 12.3522, 15.8814, 7.3525, 5.5879, 7.6466, 12.3522, 7.6466, 5.2938, 8.2348, 16.1755, 20.8811, 4.9997, 2.0587, 19.4106, 5.2938, 3.5292, 1.1764, 15.2932, 7.9407, 24.7044, 14.705, 15.8814, 44.7032, 37.6448, 7.0584, 5.882, 0.8823, 1.7646, 10.2935, 2.0587, 32.0569, 4.4115, 24.9985, 1.1764],
      [6.6285, 8.3961, 12.5205, 2.0622, 0.8838, 6.9231, 0.8838, 13.4043, 1.1784, 6.6285, 16.0557, 5.4501, 2.7987, 2.5041, 0.7365, 6.1866, 7.9542, 3.6825, 2.7987, 3.8298, 6.1866, 3.8298, 2.6514, 4.1244, 8.1015, 10.4583, 2.5041, 1.0311, 9.7218, 2.6514, 1.7676, 0.5892, 7.6596, 3.9771, 12.3732, 7.365, 7.9542, 22.3896, 18.8544, 3.5352, 2.946, 0.4419, 0.8838, 5.1555, 1.0311, 16.0557, 2.2095, 12.5205, 0.5892],
      [8.8875, 11.2575, 16.7875, 2.765, 1.185, 9.2825, 1.185, 17.9725, 1.58, 8.8875, 21.5275, 7.3075, 3.7525, 3.3575, 0.9875, 8.295, 10.665, 4.9375, 3.7525, 5.135, 8.295, 5.135, 3.555, 5.53, 10.8625, 14.0225, 3.3575, 1.3825, 13.035, 3.555, 2.37, 0.79, 10.27, 5.3325, 16.59, 9.875, 10.665, 30.02, 25.28, 4.74, 3.95, 0.5925, 1.185, 6.9125, 1.3825, 21.5275, 2.9625, 16.7875, 0.79]
    ],
    [
      [4.7625, 4.826, 5.2705, 1.0795, 0.381, 5.08, 0.6985, 6.6675, 0.8255, 3.683, 7.1755, 2.7305, 1.651, 2.032, 0.889, 2.921, 6.477, 1.8415, 2.9845, 3.556, 4.699, 2.921, 1.3335, 1.9685, 3.175, 7.5565, 1.0795, 0.889, 4.1275, 1.397, 2.3495, 0.508, 4.699, 1.5875, 6.096, 1.778, 4.6355, 7.5565, 9.7155, 3.683, 2.286, 0.889, 1.3335, 2.032, 1.143, 8.763, 1.27, 10.3505, 0.635],
      [7.4775, 7.5772, 8.2751, 1.6949, 0.5982, 7.976, 1.0967, 10.4685, 1.2961, 5.7826, 11.2661, 4.2871, 2.5922, 3.1904, 1.3958, 4.5862, 10.1694, 2.8913, 4.6859, 5.5832, 7.3778, 4.5862, 2.0937, 3.0907, 4.985, 11.8643, 1.6949, 1.3958, 6.4805, 2.1934, 3.6889, 0.7976, 7.3778, 2.4925, 9.5712, 2.7916, 7.2781, 11.8643, 15.2541, 5.7826, 3.5892, 1.3958, 2.0937, 3.1904, 1.7946, 13.7586, 1.994, 16.2511, 0.997],
      [4.7775, 4.8412, 5.2871, 1.0829, 0.3822, 5.096, 0.7007, 6.6885, 0.8281, 3.6946, 7.1981, 2.7391, 1.6562, 2.0384, 0.8918, 2.9302, 6.4974, 1.8473, 2.9939, 3.5672, 4.7138, 2.9302, 1.3377, 1.9747, 3.185, 7.5803, 1.0829, 0.8918, 4.1405, 1.4014, 2.3569, 0.5096, 4.7138, 1.5925, 6.1152, 1.7836, 4.6501, 7.5803, 9.7461, 3.6946, 2.2932, 0.8918, 1.3377, 2.0384, 1.1466, 8.7906, 1.274, 10.3831, 0.637],
      [27.5775, 27.9452, 30.5191, 6.2509, 2.2062, 29.416, 4.0447, 38.6085, 4.7801, 21.3266, 41.5501, 15.8111, 9.5602, 11.7664, 5.1478, 16.9142, 37.5054, 10.6633, 17.2819, 20.5912, 27.2098, 16.9142, 7.7217, 11.3987, 18.385, 43.7563, 6.2509, 5.1478, 23.9005, 8.0894, 13.6049, 2.9416, 27.2098, 9.1925, 35.2992, 10.2956, 26.8421, 43.7563, 56.2581, 21.3266, 13.2372, 5.1478, 7.7217, 11.7664, 6.6186, 50.7426, 7.354, 59.9351, 3.677],
      [12.5025, 12.6692, 13.8361, 2.8339, 1.0002, 13.336, 1.8337, 17.5035, 2.1671, 9.6686, 18.8371, 7.1681, 4.3342, 5.3344, 2.3338, 7.6682, 17.0034, 4.8343, 7.8349, 9.3352, 12.3358, 7.6682, 3.5007, 5.1677, 8.335, 19.8373, 2.8339, 2.3338, 10.8355, 3.6674, 6.1679, 1.3336, 12.3358, 4.1675, 16.0032, 4.6676, 12.1691, 19.8373, 25.5051, 9.6686, 6.0012, 2.3338, 3.5007, 5.3344, 3.0006, 23.0046, 3.334, 27.1721, 1.667],
      [17.9025, 18.1412, 19.8121, 4.0579, 1.4322, 19.096, 2.6257, 25.0635, 3.1031, 13.8446, 26.9731, 10.2641, 6.2062, 7.6384, 3.3418, 10.9802, 24.3474, 6.9223, 11.2189, 13.3672, 17.6638, 10.9802, 5.0127, 7.3997, 11.935, 28.4053, 4.0579, 3.3418, 15.5155, 5.2514, 8.8319, 1.9096, 17.6638, 5.9675, 22.9152, 6.6836, 17.4251, 28.4053, 36.5211, 13.8446, 8.5932, 3.3418, 5.0127, 7.6384, 4.2966, 32.9406, 4.774, 38.9081, 2.387]
    ]
  ],
  "V_est": [
    [400.3246, 97.9758, 134.537, 1110.5978, 161.8552, 148.7096],
    [161.9232, 101.4024, 939.4752, 309.4176, 302.8044, 188.7768],
    [150.6642, 288.0345, 172.8207, 899.5539, 12768.0524, 491.8743],
    [159.72, 100.43, 79.255, 5221.15, 261.965, 228.085],
    [194.112, 334.5399, 165.9051, 1353.9312, 432.5058, 551.7027],
    [170.3312, 407.8464, 135.356, 581.1416, 291.0648, 390.26],
    [165.989, 260.6158, 166.5118, 961.1678, 435.7538, 623.9618]
  ],
  "p_est": [
    [0.1949, 0.0477, 0.0655, 0.5407, 0.0788, 0.0724],
    [0.0808, 0.0506, 0.4688, 0.1544, 0.1511, 0.0942],
    [0.0102, 0.0195, 0.0117, 0.0609, 0.8644, 0.0333],
    [0.0264, 0.0166, 0.0131, 0.863, 0.0433, 0.0377],
    [0.064, 0.1103, 0.0547, 0.4464, 0.1426, 0.1819],
    [0.0862, 0.2064, 0.0685, 0.2941, 0.1473, 0.1975],
    [0.0635, 0.0997, 0.0637, 0.3677, 0.1667, 0.2387]
  ],
  "EI_Z": {},
  "EI_V": 11.4187,
  "MAE_Z": {},
  "MAE_V": 176.7286,
  "MAE_p": 0.05,
  "runtime": 236.712
}
