{
  "Z_true": {},
  "V_true": [
    [381, 6, 88, 82, 657, 131],
    [148, 158, 477, 8155, 1167, 575],
    [634, 315, 844, 276, 16027, 994],
    [21, 839, 206, 240, 698, 90],
    [32, 80, 192, 824, 610, 872]
  ],
  "p_true": [
    [0.2833, 0.0045, 0.0654, 0.061, 0.4885, 0.0974],
    [0.0139, 0.0148, 0.0447, 0.7636, 0.1093, 0.0538],
    [0.0332, 0.0165, 0.0442, 0.0145, 0.8395, 0.0521],
    [0.01, 0.4007, 0.0984, 0.1146, 0.3333, 0.043],
    [0.0123, 0.0307, 0.0736, 0.3157, 0.2337, 0.3341]
  ],
  "Z_est": [
    [
      [0.9934, 6.5193, 55.3831, 18.7684, 50.1131, 29.0641, 16.9832, 16.72, 6.0298, 15.5955, 34.4568, 24.6063, 18.3919, 0.5935, 20.6686, 4.3536, 13.562, 21.7693, 30.4016, 67.1731, 73.8609, 28.9728, 8.4172, 50.2823, 28.0569, 0.9442, 60.5031, 7.9636, 44.7687, 7.2214],
      [2.166e-06, 0, 0, 0, 0, 0, 0, 0, 0, 0, 0.003, 0.0161, 0.0175, 0.0003, 0, 0.0012, 0, 0.0312, 0, 0, 0, 0.0001, 0.0048, 0, 0, 0.0006, 0, 0.0045, 0.0049, 0],
      [1.6209, 1.9521, 16.6756, 6.9979, 9.1011, 7.7656, 6.1425, 3.5686, 0.8314, 5.0122, 7.9638, 6.6166, 6.1225, 0.1553, 5.3614, 1.8989, 1.8663, 4.1614, 6.1044, 12.2603, 17.2258, 6.9113, 2.7048, 10.18, 9.2753, 0.3231, 15.4627, 1.1495, 6.2671, 0.4901],
      [0.0151, 0.0857, 1.0789, 0.2985, 0.4981, 0.4242, 0.3535, 0.2449, 0.0758, 0.2536, 0.4866, 0.3574, 0.3727, 0.0073, 0.4273, 0.1182, 0.2626, 0.3485, 0.4378, 0.851, 1.2479, 0.7508, 0.2591, 0.3793, 0.4035, 0.0619, 1.268, 0.1679, 0.7646, 0.0842],
      [0.9847, 1.7398, 16.4003, 5.3254, 10.9203, 7.0811, 5.9218, 4.8253, 1.1828, 5.1098, 7.5362, 5.8227, 4.4658, 0.1739, 7.0442, 1.3663, 3.4683, 4.4546, 7.2707, 14.1692, 18.6033, 10.1033, 3.393, 13.1581, 6.473, 0.8623, 19.2051, 2.1345, 11.081, 1.4528],
      [1.3859, 2.7031, 15.4621, 3.6098, 11.3674, 5.665, 4.599, 4.6412, 0.8802, 4.0291, 7.5536, 4.5808, 3.6296, 0.0698, 7.4985, 1.2617, 4.8408, 4.235, 6.7855, 13.5464, 18.0622, 9.2616, 4.2211, 10.0003, 5.7914, 0.8079, 16.5611, 1.5801, 10.1136, 0.7515]
    ],
    [
      [0, 1.7609, 8.9025, 9.2245, 22.337, 12.0711, 3.3918, 11.7711, 5.1134, 14.3421, 13.7734, 10.9062, 7.1159, 0.3707, 4.1823, 1.0507, 6.5851, 11.6662, 16.6059, 21.2307, 21.89, 8.3115, 2.4652, 17.9954, 12.2767, 0.6802, 12.147, 2.2874, 14.0192, 8.2128],
      [0.8828, 0.523, 5.915, 5.0583, 5.4617, 7.6577, 2.2422, 2.3074, 0.0804, 3.419, 11.9666, 15.5746, 11.5278, 2.6602, 1.9687, 6.4047, 2.6081, 18.4787, 12.7356, 16.7926, 18.0231, 14.7369, 8.1585, 0, 9.9196, 5.5137, 16.6781, 3.8915, 15.2146, 1.918],
      [4.405, 1.5913, 8.816, 6.4078, 7.5718, 11.0657, 3.6186, 7.6335, 1.857, 25.238, 11.5487, 11.1671, 8.8685, 1.2219, 2.914, 5.3786, 2.799, 7.8402, 12.1574, 14.1817, 18.3787, 8.9959, 4.0494, 27.2957, 14.4467, 1.0574, 12.9574, 1.3645, 7.4922, 1.1666],
      [10.9693, 45.1157, 321.2674, 163.1547, 273.0897, 358.367, 124.8253, 180.2925, 98.5918, 291.8055, 394.6875, 355.4594, 294.9765, 8.5745, 134.6219, 202.5276, 204.9015, 356.9593, 502.9073, 571.6507, 733.8357, 561.8512, 220.0675, 234.3218, 361.6746, 126.5742, 608.6146, 113.7223, 507.366, 122.7803],
      [1.4563, 1.4653, 12.5109, 7.8404, 13.6708, 15.9855, 5.5528, 9.9079, 3.9793, 19.2774, 12.5284, 13.368, 3.4013, 0.6455, 5.6326, 0, 2.4626, 0.9792, 21.2923, 22.2248, 24.486, 13.2187, 0.9155, 17.415, 13.0391, 1.0225, 23.807, 2.2664, 15.8781, 6.6153],
      [5.2866, 11.5437, 43.5881, 17.3144, 48.869, 41.853, 14.3692, 30.0876, 10.378, 40.918, 57.4954, 40.5247, 29.11, 0.5272, 21.6806, 21.6384, 40.6437, 44.0764, 70.3014, 81.9194, 102.3865, 68.8858, 37.3439, 35.972, 46.6434, 15.152, 74.796, 10.4679, 65.0299, 8.307]
    ],
    [
      [0, 0.5158, 4.9377, 1.3232, 7.0656, 5.9455, 1.2387, 0, 3.4758, 0, 11.3617, 10.2312, 6.6205, 0, 1.6943, 3.2747, 2.2287, 4.8769, 6.8089, 28.7656, 12.6901, 2.9621, 0.8179, 0, 6.7121, 0.3237, 6.9947, 1.398, 10.4564, 0.8224],
      [0, 0, 0, 0.0207, 0, 0, 0, 0, 0, 0, 0.7554, 7.1552, 6.7392, 0, 0, 0.6071, 0, 3.27, 0, 0.1392, 0, 0.3049, 1.0185, 0, 0, 3.7371, 0.3396, 1.3278, 1.2347, 0],
      [3.4824, 7.6077, 57.3515, 56.8565, 52.5742, 36.3302, 34.8725, 32.7979, 14.487, 44.109, 47.2445, 58.1338, 49.2138, 2.7986, 31.7807, 14.7786, 11.974, 19.012, 29.9008, 89.6936, 65.2585, 29.5668, 12.2539, 26.5744, 40.6546, 5.4705, 67.2415, 6.819, 33.6978, 6.3747],
      [0, 0, 8.3926, 0, 0, 0.9023, 0.4473, 0, 2.127, 0, 5.2917, 0.9488, 18.0903, 0, 4.0405, 6.2706, 9.5927, 5.7351, 2.1056, 4.6825, 11.5581, 16.2438, 6.5073, 0, 1.6135, 7.1643, 14.5784, 6.0077, 14.3901, 0],
      [64.3897, 100.2309, 869.3299, 671.0461, 944.7699, 506.7334, 527.2719, 751.4965, 319.4454, 950.0835, 675.4346, 782.2734, 549.3623, 67.2014, 645.4701, 162.2822, 336.3134, 313.0233, 543.5025, 1566.9473, 1076.4509, 676.1142, 236.9971, 931.9381, 430.0666, 225.1077, 1301.1523, 199.6692, 917.7962, 303.8029],
      [0.1278, 3.6456, 7.9882, 1.7534, 9.5903, 3.0886, 2.1697, 4.7055, 1.4648, 1.8075, 7.9121, 4.2575, 4.9739, 0, 7.0145, 1.7868, 8.8911, 3.0827, 4.6823, 14.7718, 11.0424, 5.8083, 4.4053, 0.4875, 3.9532, 2.1968, 8.6935, 0.7783, 7.4247, 0]
    ],
    [
      [0, 0.0003, 0, 0, 0.0133, 0.0135, 0, 0, 0.0042, 0, 0.0428, 0.0093, 0.0023, 0, 0, 0, 0, 0.0208, 0.0117, 0.0623, 0.0152, 0, 0, 2.3761, 0.0441, 0, 0, 0, 0, 0.0021],
      [3.0572, 5.3423, 35.3558, 22.1975, 23.6513, 32.6599, 25.297, 38.2479, 11.7345, 65.5917, 52.1606, 53.6716, 61.5059, 3.1939, 30.5211, 21.444, 31.9353, 43.383, 37.3429, 82.7436, 65.6662, 53.9017, 17.0366, 27, 43.3534, 39.4615, 118.3521, 20.2736, 43.8162, 10.647],
      [0.394, 0.7245, 4.4384, 3.0834, 2.5105, 4.2768, 3.1059, 3.5987, 1.2167, 8.4562, 5.5975, 4.8325, 6.5792, 0.1059, 2.8318, 2.5115, 2.0665, 2.8537, 3.5828, 7.6628, 6.8708, 3.9418, 1.1187, 4.7384, 6.6481, 1.1744, 10.4703, 0.9444, 2.4981, 0.4565],
      [0.2928, 1.4383, 10.6646, 5.3519, 6.3743, 9.308, 7.0225, 10.119, 4.2509, 17.5317, 12.9423, 10.2048, 14.2041, 0.2, 8.6323, 5.6546, 10.048, 8.3872, 10.0281, 20.7653, 18.2677, 15.157, 3.7694, 11.5811, 11.375, 8.9833, 32.0034, 4.9121, 11.017, 3.1272],
      [0.8969, 2.4074, 16.1216, 8.6647, 11.0851, 14.3978, 11.0848, 18.0278, 6.4133, 32.2047, 19.5421, 15.7017, 17.4844, 0.4516, 13.7577, 6.571, 14.0766, 11.2183, 15.759, 32.6794, 27.437, 21.3069, 5.1782, 22.321, 17.119, 11.1721, 48.1405, 6.4786, 16.339, 5.0206],
      [0.3591, 1.0871, 4.4197, 1.7025, 3.3655, 3.344, 2.4898, 5.0066, 1.3805, 7.2157, 5.7148, 3.5801, 4.224, 0.0485, 4.257, 1.8189, 5.8735, 3.137, 4.2755, 9.0867, 7.7431, 5.6925, 1.8971, 4.9834, 4.4606, 3.2087, 12.0337, 1.3912, 4.3297, 0.7466]
    ],
    [
      [0.0066, 0.2037, 0.7767, 0.6839, 1.471, 0.9059, 0.3864, 0.5089, 0.3768, 1.0624, 1.3654, 1.247, 0.8693, 0.0359, 0.4548, 0.321, 0.6242, 0.6668, 1.1718, 1.7682, 1.5437, 0.7536, 0.2998, 1.3461, 0.9103, 0.0519, 1.3552, 0.351, 1.7557, 0.7413],
      [0.06, 0.1347, 0.7292, 0.7236, 0.8869, 0.6824, 0.4607, 0.4448, 0.1851, 0.9894, 1.1144, 1.5824, 1.2096, 0.1456, 0.5102, 0.543, 0.4565, 0.8372, 0.9215, 1.3246, 1.3107, 1.0563, 0.7815, 0, 0.727, 0.2871, 1.6303, 0.5025, 1.7296, 0.435],
      [1.0976, 3.1244, 11.7185, 12.6543, 12.2424, 11.5617, 7.2605, 5.4013, 2.6079, 17.1847, 14.6455, 16.2501, 14.216, 0.7183, 6.1122, 7.4324, 4.2942, 6.1327, 11.2546, 15.2016, 17.2663, 9.5842, 5.8732, 9.2114, 13.9754, 0.9747, 17.868, 2.7226, 12.0447, 2.5121],
      [0.7227, 5.3602, 24.5964, 19.1949, 27.0379, 21.9984, 14.3513, 13.3436, 7.9545, 31.4092, 29.5918, 30.0295, 26.3564, 1.2183, 16.278, 14.429, 18.1952, 15.5698, 27.5213, 36.0505, 40.0907, 31.9972, 17.3968, 19.7178, 20.9335, 6.2162, 47.5356, 12.19, 46.4623, 15.0083],
      [1.2724, 5.1566, 21.6373, 18.1235, 27.5539, 19.8021, 13.1687, 13.7425, 6.9792, 33.3246, 25.9588, 26.8342, 19.2862, 1.5275, 15.0953, 9.7805, 14.679, 12.3247, 25.1754, 32.9793, 35.0228, 26.2569, 13.5162, 22.1678, 18.3024, 4.8355, 41.6951, 9.4513, 39.9056, 14.1083],
      [3.8406, 17.0204, 42.5418, 25.6198, 59.8078, 33.0495, 21.3723, 27.559, 10.8965, 54.0297, 54.3241, 44.0569, 33.0625, 1.3545, 33.5495, 19.4942, 43.7509, 24.4688, 48.9554, 65.6758, 70.7658, 50.3518, 36.1325, 35.5568, 34.1514, 9.6346, 74.9158, 14.7825, 76.1021, 15.1949]
    ]
  ],
  "V_est": [
    [763.1376, 0.0842, 182.1686, 12.3851, 201.7295, 185.495],
    [282.687, 228.3191, 253.4861, 8485.5534, 292.845, 1137.1094],
    [143.5421, 26.6495, 988.911, 146.69, 17645.703, 138.5044],
    [2.618, 1120.5454, 109.2911, 293.6141, 449.0586, 118.8728],
    [24.0153, 22.4017, 273.1433, 638.7574, 569.6639, 1082.0183]
  ],
  "p_est": [
    [0.5674, 0.0001, 0.1354, 0.0092, 0.15, 0.1379],
    [0.0265, 0.0214, 0.0237, 0.7945, 0.0274, 0.1065],
    [0.0075, 0.0014, 0.0518, 0.0077, 0.9243, 0.0073],
    [0.0013, 0.5351, 0.0522, 0.1402, 0.2145, 0.0568],
    [0.0092, 0.0086, 0.1047, 0.2447, 0.2183, 0.4146]
  ],
  "EI_Z": {},
  "EI_V": 11.2992,
  "MAE_Z": {},
  "MAE_V": 269.8185,
  "MAE_p": 0.0583,
  "runtime": 0.002
}
