{
  "X": [
    [16, 31, 40, 13],
    [17, 30, 39, 14],
    [14, 30, 37, 19],
    [10, 30, 42, 18],
    [14, 22, 45, 19],
    [15, 30, 35, 20],
    [15, 28, 42, 15],
    [9, 30, 43, 18],
    [14, 27, 42, 17],
    [12, 24, 39, 25],
    [20, 27, 39, 14],
    [14, 23, 46, 17],
    [9, 31, 35, 25],
    [18, 28, 38, 16],
    [13, 23, 51, 13],
    [21, 27, 33, 19],
    [16, 31, 32, 21],
    [25, 23, 26, 26],
    [24, 22, 24, 30],
    [14, 28, 30, 28],
    [17, 28, 27, 28],
    [10, 29, 35, 26],
    [21, 25, 34, 20],
    [22, 21, 27, 30],
    [13, 26, 35, 26],
    [22, 21, 23, 34],
    [18, 30, 29, 23],
    [17, 33, 26, 24],
    [23, 22, 30, 25],
    [17, 23, 38, 22],
    [24, 21, 32, 23],
    [17, 25, 35, 23],
    [18, 18, 39, 25],
    [30, 22, 31, 17],
    [47, 23, 16, 14],
    [52, 21, 18, 9],
    [36, 32, 18, 14],
    [48, 20, 21, 11],
    [50, 23, 8, 19],
    [47, 20, 15, 18],
    [43, 20, 22, 15],
    [39, 32, 15, 14],
    [52, 25, 11, 12],
    [50, 16, 21, 13],
    [40, 27, 12, 21],
    [46, 22, 17, 15],
    [52, 22, 15, 11],
    [48, 23, 18, 11],
    [47, 18, 19, 16],
    [57, 23, 8, 12]
  ],
  "W": [
    [68, 14, 18],
    [64, 16, 20],
    [64, 19, 17],
    [67, 20, 13],
    [65, 19, 16],
    [59, 19, 22],
    [76, 6, 18],
    [68, 16, 16],
    [73, 14, 13],
    [67, 18, 15],
    [64, 14, 22],
    [67, 20, 13],
    [69, 15, 16],
    [65, 12, 23],
    [72, 21, 7],
    [56, 24, 20],
    [48, 42, 10],
    [14, 73, 13],
    [13, 65, 22],
    [22, 62, 16],
    [16, 70, 14],
    [15, 66, 19],
    [25, 60, 15],
    [17, 67, 16],
    [21, 63, 16],
    [16, 62, 22],
    [17, 74, 9],
    [22, 66, 12],
    [13, 68, 19],
    [24, 58, 18],
    [17, 63, 20],
    [21, 59, 20],
    [17, 66, 17],
    [16, 39, 45],
    [14, 26, 60],
    [16, 16, 68],
    [17, 23, 60],
    [17, 19, 64],
    [14, 18, 68],
    [17, 18, 65],
    [22, 19, 59],
    [13, 19, 68],
    [11, 14, 75],
    [17, 12, 71],
    [17, 22, 61],
    [15, 10, 75],
    [16, 10, 74],
    [17, 19, 64],
    [16, 17, 67],
    [10, 15, 75]
  ],
  "method": "mult",
  "cond_prob": [
    [
      [0.033718662489, 0.33733063819, 0.51053178929, 0.11841891003],
      [0.12479159271, 0.28753996138, 0.31916406829, 0.26850437762],
      [0.66444714738, 0.22421984134, 0.045307853997, 0.066025157289]
    ],
    [
      [0.030298992212, 0.32911433316, 0.51486113454, 0.12572554009],
      [0.11971742099, 0.27859920821, 0.31916559681, 0.28251777399],
      [0.65726928813, 0.22395476732, 0.047111892026, 0.071664052518]
    ],
    [
      [0.022707562574, 0.32866104668, 0.48183102321, 0.16680036754],
      [0.1021969602, 0.26419776582, 0.28307248434, 0.35053278964],
      [0.62382198538, 0.23211385072, 0.046143371312, 0.097920792583]
    ],
    [
      [0.009451673151, 0.31877951737, 0.52120009172, 0.15056871776],
      [0.085678322233, 0.26682053145, 0.31696890207, 0.33053224425],
      [0.58870549648, 0.25425859286, 0.056939677954, 0.10009623271]
    ],
    [
      [0.019779953766, 0.23846974255, 0.57725739955, 0.16449290413],
      [0.10669741047, 0.19534185862, 0.34497447038, 0.35298626053],
      [0.6679407629, 0.17424821377, 0.057734630736, 0.10007639259]
    ],
    [
      [0.0092038506887, 0.32959764465, 0.483205707, 0.17799279766],
      [0.085595976925, 0.26377908762, 0.28127793994, 0.36934699551],
      [0.58321132944, 0.25190619548, 0.052117383095, 0.11276509198]
    ],
    [
      [0.030679390433, 0.30085857045, 0.51704867417, 0.15141336495],
      [0.11747719625, 0.2460508689, 0.31012631549, 0.32634561936],
      [0.66463906387, 0.20324685737, 0.046863492795, 0.085250585964]
    ],
    [
      [0, 0.30489469597, 0.53921807316, 0.15588723086],
      [0.03631128468, 0.2929786867, 0.32682413244, 0.34388589618],
      [0.52618871532, 0.28621885541, 0.068999056617, 0.11859337265]
    ],
    [
      [0.0425277216, 0.2923225139, 0.50988657787, 0.15526318664],
      [0.13188008625, 0.23571208159, 0.30242501282, 0.32998281934],
      [0.69608885505, 0.18157594949, 0.041871510483, 0.080463684976]
    ],
    [
      [0.016471735515, 0.26158800573, 0.4971692405, 0.22477101826],
      [0.089445257394, 0.19798174176, 0.27444064563, 0.43813235521],
      [0.61909193916, 0.1939954843, 0.049981951009, 0.13693062553]
    ],
    [
      [0.044143334072, 0.30081478218, 0.52405431465, 0.1309875691],
      [0.13486199968, 0.25145428749, 0.3224546193, 0.29122909353],
      [0.69485266472, 0.19215881436, 0.043007236009, 0.069981284911]
    ],
    [
      [0.034283897291, 0.24930696963, 0.57259227713, 0.14381685595],
      [0.12784811443, 0.20726643166, 0.3486650931, 0.31622036081],
      [0.70353973791, 0.16546956935, 0.0510011977, 0.079989495038]
    ],
    [
      [0, 0.32906574149, 0.44244753318, 0.22848672532],
      [0.061906466223, 0.25038201509, 0.2424786607, 0.44523285798],
      [0.50446268792, 0.28367085065, 0.052121268737, 0.15974519269]
    ],
    [
      [0.026601914911, 0.30849301325, 0.51120902624, 0.1536960456],
      [0.11198463019, 0.2520135792, 0.30557871197, 0.33042307864],
      [0.64900260733, 0.21407787775, 0.048020380464, 0.088899134462]
    ],
    [
      [0.054657076455, 0.24507128757, 0.59499217866, 0.10527945732],
      [0.17422017053, 0.2100186412, 0.37405095255, 0.24171023573],
      [0.77229527344, 0.13492511855, 0.043641876147, 0.049137731864]
    ],
    [
      [0.059880519254, 0.31212036698, 0.46364057178, 0.16435854199],
      [0.14676107958, 0.24502527327, 0.26661358773, 0.34160005943],
      [0.7062212506, 0.18203264455, 0.031870093754, 0.079876011105]
    ],
    [
      [0.0525987426, 0.35743047115, 0.44017189189, 0.14979889435],
      [0.15432061114, 0.28216149352, 0.25132588529, 0.31219201006],
      [0.69937946875, 0.1992554657, 0.031606200713, 0.069758864836]
    ],
    [
      [0.05473125251, 0.30371448602, 0.48287480633, 0.15867945514],
      [0.19734731046, 0.23013636017, 0.25829125517, 0.31422507419],
      [0.75595452317, 0.14984945408, 0.029576237218, 0.064619785532]
    ],
    [
      [0.037646649141, 0.28929317535, 0.47814732462, 0.19491285089],
      [0.13034629699, 0.22016792918, 0.26084945121, 0.38863632262],
      [0.68354928441, 0.17855787835, 0.03767592961, 0.10021690764]
    ],
    [
      [0.018340821408, 0.32610106019, 0.48715485417, 0.16840326423],
      [0.071752347122, 0.26838657029, 0.29711064226, 0.36275044033],
      [0.57174102547, 0.26161308237, 0.053858336757, 0.1127875554]
    ],
    [
      [0.030388901982, 0.34213193378, 0.46404534944, 0.1634338148],
      [0.10915243628, 0.27541921035, 0.27127254146, 0.34415581191],
      [0.63379335917, 0.23189602394, 0.041871179063, 0.09243943783]
    ],
    [
      [0.0063011302598, 0.30647296694, 0.5498549616, 0.1373709412],
      [0.022422745135, 0.27169941258, 0.3800156731, 0.32586216919],
      [0.44345167722, 0.34056548767, 0.087954797447, 0.12802803766]
    ],
    [
      [0.042414336218, 0.29427352856, 0.54242640697, 0.12088572826],
      [0.15411147622, 0.24862567607, 0.32981708115, 0.26744576655],
      [0.71286353475, 0.18170808144, 0.043354330441, 0.062074053366]
    ],
    [
      [0.04273482743, 0.27201763816, 0.49557798562, 0.18966954879],
      [0.14744271818, 0.20648885829, 0.26844200363, 0.3776264199],
      [0.71217786347, 0.15880916537, 0.036847500073, 0.092165471091]
    ],
    [
      [0.013817349422, 0.28974594823, 0.54820680238, 0.14822989997],
      [0.059174889396, 0.25025648253, 0.35539018712, 0.33517844096],
      [0.56136360189, 0.259323543, 0.068629710101, 0.11068314501]
    ],
    [
      [0.034048016488, 0.27903626891, 0.45597531781, 0.23094039679],
      [0.11126934958, 0.20377733822, 0.23999452245, 0.44495878975],
      [0.66166054829, 0.1773283967, 0.037487932874, 0.12352312213]
    ],
    [
      [0.040253270804, 0.36083105947, 0.47120871883, 0.1277069509],
      [0.15011203616, 0.2967893272, 0.2792151736, 0.27388346304],
      [0.6897115245, 0.21149575292, 0.036392103702, 0.062400618874]
    ],
    [
      [0.035770911478, 0.39830948153, 0.42294736263, 0.14297224436],
      [0.12855558394, 0.32224476394, 0.24668326566, 0.30251638646],
      [0.6440309506, 0.24741974885, 0.034505207401, 0.074044093144]
    ],
    [
      [0.036444718514, 0.27025347185, 0.54553601134, 0.14776579829],
      [0.13614544073, 0.22276348558, 0.32395347383, 0.31713759986],
      [0.69833308892, 0.17572567613, 0.046273454338, 0.079667780617]
    ],
    [
      [0.019780006551, 0.25632562947, 0.59402550733, 0.12986885664],
      [0.087122099149, 0.22607568159, 0.38845842076, 0.2983437985],
      [0.63734433845, 0.2075441867, 0.067377745543, 0.087733729299]
    ],
    [
      [0.038602942871, 0.25473120453, 0.56687416371, 0.13979168888],
      [0.14397031088, 0.21239621017, 0.3399645071, 0.30366897184],
      [0.71368101929, 0.16443041411, 0.047268763463, 0.07461980314]
    ],
    [
      [0.017781591471, 0.28018435254, 0.56635596255, 0.13567809343],
      [0.076261397499, 0.24510017234, 0.36903982281, 0.30959860735],
      [0.60635820633, 0.23276092142, 0.066658762035, 0.094222110216]
    ],
    [
      [0.023999912154, 0.20352431499, 0.63290954662, 0.13956622624],
      [0.093501597082, 0.17807691423, 0.40976626759, 0.3186552211],
      [0.67181741682, 0.1639417827, 0.070350826284, 0.093889974196]
    ],
    [
      [0.013355428482, 0.24032645246, 0.62772406479, 0.11859405426],
      [0.070917614117, 0.21894526956, 0.42784163306, 0.28229548326],
      [0.60045613764, 0.21368691661, 0.094902028314, 0.090954917434]
    ],
    [
      [0.042580562524, 0.32098582898, 0.49358483568, 0.14284877282],
      [0.14573424325, 0.26066655472, 0.28745996118, 0.30613924085],
      [0.71024636334, 0.19548113286, 0.026930888498, 0.067341615308]
    ],
    [
      [0.039046037016, 0.27927544472, 0.58043530136, 0.10124321691],
      [0.14443306098, 0.24705550318, 0.37132311776, 0.23718831807],
      [0.72153432988, 0.18498095344, 0.040762724911, 0.05272199177]
    ],
    [
      [0.020715685692, 0.38311934047, 0.46694240792, 0.12922256591],
      [0.089447025518, 0.32838695113, 0.29184403356, 0.29032198979],
      [0.55984252927, 0.29890118893, 0.055826104891, 0.085430176903]
    ],
    [
      [0.033861722218, 0.25217889079, 0.60173782067, 0.11222156632],
      [0.13118722647, 0.22256773426, 0.38487018494, 0.26137485433],
      [0.70205927218, 0.17944018603, 0.05403005523, 0.064470486567]
    ],
    [
      [0.047272342828, 0.3747788815, 0.32250943325, 0.25543934242],
      [0.1336312634, 0.25325596683, 0.15625718051, 0.45685558926],
      [0.69018859499, 0.194036592, 0.0098858630196, 0.10588894999]
    ],
    [
      [0.037241966612, 0.27755043485, 0.47885485052, 0.20635274802],
      [0.12061947296, 0.20908460621, 0.26071323622, 0.40958268461],
      [0.67993440084, 0.17720184147, 0.033332758295, 0.1095309994]
    ],
    [
      [0.031459983422, 0.25131488783, 0.56439640196, 0.15282872679],
      [0.11889603515, 0.20823324271, 0.33972655945, 0.3331441627],
      [0.67879416435, 0.1782142518, 0.053024991988, 0.089966591854]
    ],
    [
      [0.020976082001, 0.38563555956, 0.45528160535, 0.13810675309],
      [0.086058111841, 0.32652414155, 0.28030491521, 0.30711283139],
      [0.54547362954, 0.30562910347, 0.055228613844, 0.093668653137]
    ],
    [
      [0.036013124655, 0.35774277475, 0.4546874473, 0.1515566533],
      [0.12585915419, 0.28800551365, 0.26390461474, 0.32223071743],
      [0.6645576996, 0.22710336382, 0.030716979645, 0.07762195693]
    ],
    [
      [0.026334048345, 0.19272787539, 0.63818775704, 0.14275031923],
      [0.11263478926, 0.16585499802, 0.39825697749, 0.32325323523],
      [0.6788831508, 0.15117417102, 0.075658090146, 0.094284588034]
    ],
    [
      [0.032335671513, 0.37532456213, 0.36409238145, 0.22824738491],
      [0.10338946058, 0.27167819168, 0.19041510337, 0.43451724436],
      [0.60943812215, 0.24004200372, 0.026578643299, 0.12394123083]
    ],
    [
      [0.021249427083, 0.25903422734, 0.55216751842, 0.16754882715],
      [0.091130794445, 0.21413493771, 0.33053983557, 0.36419443228],
      [0.59693267532, 0.21297516284, 0.072161184907, 0.11793097693]
    ],
    [
      [0.034166121102, 0.29370666102, 0.53386766797, 0.13825954991],
      [0.1246839161, 0.24588760857, 0.32353157853, 0.3058968968],
      [0.67846625542, 0.20056509916, 0.043551371989, 0.077417273425]
    ],
    [
      [0.038180919999, 0.30427749901, 0.5400668344, 0.11747474659],
      [0.13703698346, 0.26116581249, 0.33511954174, 0.26667766231],
      [0.69917533866, 0.20101768874, 0.03830613316, 0.06150083944]
    ],
    [
      [0.02870506821, 0.22691606584, 0.57464772267, 0.16973114327],
      [0.11035113381, 0.18521454785, 0.34037576592, 0.36405855242],
      [0.66663805424, 0.16747306915, 0.059988782337, 0.10590009428]
    ],
    [
      [0.048119745951, 0.38547848706, 0.39213913931, 0.17426262767],
      [0.15405301443, 0.28904435542, 0.21101533153, 0.34588729863],
      [0.72277343099, 0.19746066398, 0.012178381786, 0.067587523251]
    ]
  ],
  "expected_outcome": [
    [
      [2.2928690493, 1.9391355016, 1.4532840047, 0.63326210112, 1.2856969948, 0.54302719063, 2.3316336729, 0, 3.1045236768, 1.1036062795, 2.8251733806, 2.2970211185, 0, 1.7291244692, 3.9353095048, 3.3533090782, 2.5247396448, 0.76623753513, 0.48940643884, 0.40349807097, 0.48622243171, 0.094516953896, 1.0603584054, 0.72649206631, 0.29016433786, 0.54476826382, 0.68430560367, 0.78696005251, 0.47378134068, 0.47472015723, 0.65625002881, 0.37341342089, 0.40799850662, 0.21368685571, 0.59612787534, 0.62473659225, 0.35216665676, 0.57564927771, 0.6618127996, 0.6331134324, 0.69211963529, 0.27268906601, 0.39614437121, 0.44767882186, 0.54970641572, 0.31874140625, 0.54665793763, 0.64907563998, 0.45928109137, 0.48119745951],
      [22.9384833966, 21.0633173221, 21.0343069872, 21.3582276638, 15.5005332659, 19.4462610346, 22.8652513539, 20.7328393262, 21.3395435144, 17.5263963837, 19.2521460592, 16.7035669653, 22.7055361631, 20.0520458615, 17.645132705, 17.4787405507, 17.1566626153, 4.2520028043, 3.7608112795, 7.1742233242, 5.4741109405, 4.5970945042, 7.356838214, 4.6242998488, 6.0846649128, 4.4645803026, 6.1341280109, 8.7628085937, 3.5132951341, 6.1518151074, 4.330430477, 5.8838714034, 3.4599133548, 3.8452232394, 4.4938016057, 4.4684071154, 6.513028788, 4.2870411434, 5.246904341, 4.7183573924, 5.5289275322, 5.0132622742, 3.9351705222, 3.2763738816, 6.3805175562, 3.8855134101, 4.6993065763, 5.1727174832, 3.6306570535, 3.8547848706],
      [34.716161672, 32.9511126105, 30.8371854852, 34.9204061452, 37.5217309709, 28.509136713, 39.2956992367, 36.666828975, 37.2217201843, 33.3103391135, 33.5394761376, 38.3636825679, 30.5288797897, 33.2285867056, 42.8394368635, 25.9638720195, 21.1282508109, 6.7602472886, 6.2159152201, 10.7174067917, 7.424725591, 8.247824424, 13.5606601741, 8.4248257555, 11.51234285, 7.2956050849, 8.0105482201, 9.3048419779, 7.0919681475, 14.2566121759, 9.6368607831, 11.8934752136, 10.7594622925, 10.0435850367, 6.9101876995, 9.2869648218, 7.9380209347, 10.2295429514, 4.5151320655, 8.1405324589, 12.4167208431, 5.9186608696, 5.0015619203, 10.8491918697, 6.1895704846, 8.2825127763, 8.5418826875, 9.1811361848, 9.1943635628, 3.9213913931],
      [8.0524858821, 8.0464345658, 10.6752235229, 10.0881040899, 10.6920387683, 10.5015750618, 11.5074157365, 10.6003316988, 11.3342126245, 15.0596582233, 8.3832044225, 9.6357293483, 15.7655840471, 9.9902429637, 7.5801209267, 9.2040783516, 7.190346929, 2.221512372, 2.5338670615, 3.7048718132, 2.6149410368, 2.060564118, 3.0221432064, 3.2243823294, 3.1128278993, 3.6950463486, 2.1710181653, 3.1453893758, 1.9209553778, 3.1168525595, 2.376458711, 2.8492399621, 2.3726258461, 1.8975048681, 1.9998828195, 1.6198914705, 2.1967836205, 1.9077666275, 3.5761507939, 3.5079967163, 3.3622319893, 1.7953877902, 1.6671231863, 2.4267554268, 3.8802055435, 2.5132324073, 2.2121527985, 1.997070692, 2.7156982923, 1.7426262767]
    ],
    [
      [1.747082298, 1.9154787358, 1.9417422438, 1.7135664447, 2.0272507988, 1.6263235616, 0.70486317749, 0.58098055488, 1.8463212076, 1.6100146331, 1.8880679956, 2.5569622886, 0.92859699334, 1.3438155623, 3.6586235812, 3.5222659099, 6.4814656677, 14.4063536636, 8.4725093042, 4.4486455216, 7.6406705399, 1.4799011789, 9.2466885733, 9.8786621182, 3.728018032, 6.8986996738, 11.1082906758, 8.4846685403, 9.2578899698, 5.0530817506, 9.0701295854, 4.4994224524, 6.1711054074, 2.7657869506, 3.7890903245, 2.3109289757, 2.0572815869, 2.4925573029, 2.4053627412, 2.1711505133, 2.2590246678, 1.635104125, 1.7620281587, 1.3516174711, 2.2745681328, 0.91130794445, 1.246839161, 2.6037026858, 1.8759692748, 2.3107952164],
      [4.0255594593, 4.4575873314, 5.0197575505, 5.336410629, 3.7114953137, 5.0118026649, 1.4763052134, 4.6876589872, 3.2999691422, 3.5636713518, 3.5203600248, 4.1453286332, 3.7557302264, 3.0241629504, 4.4103914652, 5.8806065584, 11.8507827277, 16.7999542927, 14.3109153969, 16.6399673579, 19.2793447244, 17.9321612301, 14.9175405644, 13.8347535054, 15.7661583992, 12.6341949699, 21.9624102128, 21.2681544201, 15.1479170195, 13.112389532, 13.3809612408, 14.4609101683, 11.7530763393, 8.538865513, 6.7773304228, 3.9528880509, 7.552899876, 4.228786951, 4.558607403, 3.7635229118, 3.9564316114, 6.2039586895, 4.032077191, 1.9902599763, 5.976920217, 2.1413493771, 2.4588760857, 4.9621504374, 3.1486473134, 4.3356653313],
      [4.4682969561, 5.106649549, 5.3783772025, 6.3393780414, 6.5545149373, 5.3442808589, 1.860757893, 5.2291861191, 4.2339501794, 4.9399316214, 4.5143646702, 6.973301862, 3.6371799105, 3.6669445437, 7.8550700034, 6.3987261054, 10.555687182, 18.8552616276, 16.9552143285, 18.4208598202, 18.9890779021, 25.0810344245, 19.7890248692, 17.9856142433, 22.3895817883, 14.8796603918, 20.6619228466, 16.2810955332, 22.0288362201, 22.5305884043, 21.4177639476, 21.7733495457, 27.0445736607, 16.6858236892, 7.4739589907, 5.9411698842, 6.7124127718, 7.3125335139, 2.8126292492, 4.6928382519, 6.4548046295, 5.3257933891, 3.6946646063, 4.7790837299, 4.1891322742, 3.3053983557, 3.2353157853, 6.367271293, 5.7863880207, 3.1652299729],
      [3.7590612867, 4.5202843838, 6.6601230032, 6.6106448849, 6.7067389502, 7.0175929147, 1.9580737161, 5.5021743388, 4.6197594708, 7.8863823938, 4.0772073094, 6.3244072162, 6.6784928698, 3.9650769437, 5.0759149502, 8.1984014263, 13.1120644226, 22.9384304161, 25.2613609705, 22.4905273004, 24.0909068336, 21.5069031664, 16.0467459931, 25.3009701332, 21.1162417805, 27.5874449644, 20.2673762648, 19.9660815064, 21.5653567905, 17.3039403132, 19.1311452262, 18.2663178336, 21.0312445926, 11.0095238473, 7.959620262, 3.7950130892, 6.6774057653, 4.9661222322, 8.2234006066, 7.3724883229, 6.3297390912, 5.8351437965, 4.511230044, 3.8790388227, 9.559379376, 3.6419443228, 3.058968968, 5.0668755838, 6.1889953911, 5.1883094794]
    ],
    [
      [11.9600486528, 13.1453857627, 10.6049737515, 7.6531714542, 10.6870522064, 12.8306492478, 11.9635031496, 8.4190194451, 9.0491551156, 9.2863790874, 15.2867586238, 9.1460165929, 8.0714030067, 14.9270599685, 5.4060669141, 14.1244250119, 6.9937946875, 9.8274088012, 15.038084257, 9.1478564075, 8.8731070284, 8.4255818672, 10.6929530213, 11.3948458155, 8.9818176302, 14.5565320623, 6.2074037205, 7.7283714072, 13.2683286895, 11.4721980922, 14.2736203858, 12.1271641267, 11.420896086, 27.0205261937, 42.6147818002, 49.0643344321, 33.5905517563, 44.9317934194, 46.9328244592, 44.1957360543, 40.0488556969, 37.092206809, 49.8418274701, 48.2007037071, 37.1757254514, 44.7699506493, 50.2065029013, 44.7472216742, 44.6647496338, 54.2080073241],
      [4.0359571441, 4.4790953465, 3.9459354623, 3.3053617072, 2.7879714204, 5.5419363006, 3.6584434327, 4.5795016866, 2.3604873434, 2.9099322646, 4.227493916, 2.1511044015, 4.5387336104, 4.9237911882, 0.94447582986, 3.6406528909, 1.992554657, 1.948042903, 3.9282733236, 4.1858093179, 3.2465443351, 6.4707442658, 2.7256212216, 2.5409466459, 4.149176688, 3.9012247275, 1.9034617763, 2.9690369862, 3.3387878464, 3.7357953607, 3.2886082822, 4.6552184283, 2.7870103058, 9.6159112476, 11.7288679715, 12.5787048336, 17.934071336, 11.4841719057, 13.194488256, 11.5181196958, 10.5146408564, 20.7827790363, 17.0327522867, 10.7333661421, 14.6425622268, 15.9731372128, 14.841817338, 12.8651320794, 11.2206956331, 14.8095497981],
      [0.81554137195, 0.94223784052, 0.78443731231, 0.74021581341, 0.92375409177, 1.1465824281, 0.84354287031, 1.1039849059, 0.54432963628, 0.74972926514, 0.94615919221, 0.6630155701, 0.83394029979, 1.1044687507, 0.30549313303, 0.63740187507, 0.31606200713, 0.38449108384, 0.82887045141, 0.86173338811, 0.58619650688, 1.6711411515, 0.65031495661, 0.58956000116, 1.0980753616, 0.82473452322, 0.32752893332, 0.41406248881, 0.87919563242, 1.2127994198, 0.94537526926, 1.3331752407, 1.1959640468, 4.2705912741, 1.6158533099, 2.771865294, 3.3495662935, 3.4579235347, 0.67223868533, 2.1666292892, 3.1284745273, 3.7555457414, 2.3037734734, 5.3717244004, 1.6212972412, 5.412088868, 3.2228015272, 2.4515925223, 4.0192484165, 0.91337863395],
      [1.1884528312, 1.4332810504, 1.6646534739, 1.3012510252, 1.6012222815, 2.4808320236, 1.5345105474, 1.8974939624, 1.0460279047, 2.0539593829, 1.5395882681, 1.0398634355, 2.5559230831, 2.0446800926, 0.34396412305, 1.5975202221, 0.69758864836, 0.84005721191, 2.204771968, 1.8046008865, 1.2941521296, 2.4325327156, 0.9311108005, 1.4746475375, 1.7709303202, 2.7175086869, 0.56160556987, 0.88852911773, 1.5136878317, 1.5792071274, 1.4923960628, 1.8844422043, 1.5961295613, 4.0929712845, 4.0404969185, 3.5850954403, 5.1258106142, 4.1261111403, 7.2004485995, 7.1195149607, 5.3080289194, 6.3694684133, 5.8216467697, 6.6942057504, 7.5604150805, 8.8448232699, 5.7288782335, 3.9360537241, 7.0953063166, 5.0690642438]
    ]
  ],
  "prob": [
    [0.029119012967, 0.29980436363, 0.51542698653, 0.15564963687],
    [0.11527370958, 0.24532551107, 0.3095827868, 0.32981799254],
    [0.65564065517, 0.20844447711, 0.046643882264, 0.089270985454]
  ],
  "iterations": 20,
  "logLik": -397.7619702479,
  "time": 4e-05,
  "message": "Converged",
  "status": 0,
  "miniter": 0,
  "maxiter": 1000,
  "maxtime": 3600,
  "param_threshold": 0.001,
  "ll_threshold": "-Inf",
  "initial_prob": "group_proportional",
  "adjust_prob_cond_method": "project_lp",
  "adjust_prob_cond_every": false
}
