{
  "X": [
    [5, 30, 52, 8],
    [2, 1, 4, 2],
    [0, 0, 6, 0],
    [14, 123, 176, 15],
    [6, 18, 54, 5],
    [9, 12, 101, 7],
    [12, 6, 158, 14],
    [29, 33, 495, 52],
    [4, 1, 38, 12],
    [10, 26, 65, 11],
    [1, 3, 8, 0],
    [3, 44, 83, 19],
    [7, 26, 73, 4],
    [23, 11, 72, 3],
    [2, 0, 4, 1],
    [2, 3, 1, 0],
    [31, 73, 180, 22],
    [16, 40, 64, 10],
    [18, 66, 103, 13],
    [7, 3, 20, 2],
    [3, 0, 8, 0],
    [11, 5, 25, 4],
    [52, 21, 165, 10],
    [12, 73, 132, 12],
    [392, 801, 1998, 175],
    [3, 9, 21, 2],
    [3, 2, 16, 0],
    [22, 45, 102, 9],
    [47, 124, 240, 21],
    [1, 2, 10, 0],
    [26, 71, 137, 7],
    [32, 87, 79, 7],
    [2, 8, 12, 1],
    [3, 3, 6, 0],
    [37, 69, 230, 18],
    [22, 57, 227, 24],
    [684, 2210, 6230, 652],
    [94, 203, 595, 64],
    [16, 17, 86, 8],
    [11, 3, 80, 7],
    [45, 45, 194, 8],
    [65, 154, 318, 31],
    [38, 73, 185, 15],
    [1, 1, 5, 1],
    [9, 6, 45, 7],
    [67, 242, 569, 72],
    [8, 14, 40, 4],
    [16, 30, 132, 11],
    [17, 22, 164, 15],
    [1, 7, 19, 2],
    [7, 1, 124, 12],
    [1, 7, 68, 6],
    [7, 6, 59, 5],
    [4, 5, 48, 1],
    [82, 154, 345, 30],
    [29, 35, 86, 10],
    [16, 22, 29, 4],
    [18, 70, 170, 11],
    [12, 27, 30, 1],
    [35, 124, 253, 26],
    [8, 31, 79, 6],
    [24, 171, 227, 22],
    [18, 133, 133, 9],
    [25, 116, 174, 12],
    [10, 29, 118, 14],
    [13, 23, 152, 13],
    [16, 18, 223, 50],
    [7, 6, 120, 8],
    [8, 2, 116, 12],
    [15, 19, 112, 10],
    [3, 5, 9, 1],
    [2, 6, 7, 2],
    [2, 1, 3, 1],
    [56, 128, 292, 57],
    [2, 4, 11, 2],
    [37, 114, 158, 20],
    [2, 3, 4, 1],
    [0, 0, 4, 2],
    [61, 26, 126, 16],
    [56, 29, 125, 16],
    [29, 119, 153, 24],
    [12, 28, 44, 4],
    [25, 62, 121, 19],
    [3, 15, 21, 0],
    [8, 11, 15, 2],
    [45, 141, 187, 21],
    [15, 196, 102, 25],
    [60, 139, 230, 24],
    [16, 104, 130, 19],
    [50, 134, 416, 56],
    [30, 75, 179, 22],
    [20, 43, 231, 27],
    [3, 7, 53, 12],
    [57, 81, 207, 20],
    [74, 250, 343, 40],
    [79, 104, 236, 25],
    [6, 14, 26, 7],
    [7, 19, 49, 6],
    [0, 6, 16, 4],
    [13, 17, 69, 11],
    [23, 37, 185, 24],
    [20, 41, 148, 15],
    [5, 24, 76, 12],
    [23, 41, 148, 18],
    [5, 0, 158, 16],
    [3, 4, 129, 12],
    [4, 10, 61, 11],
    [27, 165, 254, 39],
    [22, 118, 202, 37],
    [32, 187, 229, 37],
    [40, 259, 271, 44],
    [198, 144, 589, 63],
    [415, 627, 2241, 299],
    [248, 415, 1359, 228],
    [1, 3, 12, 2]
  ],
  "W": [
    [9, 3, 54, 23, 6],
    [0, 0, 6, 1, 2],
    [0, 0, 6, 0, 0],
    [28, 18, 163, 94, 25],
    [2, 14, 41, 17, 9],
    [2, 10, 93, 9, 15],
    [0, 5, 166, 6, 13],
    [5, 19, 501, 31, 53],
    [0, 5, 41, 1, 8],
    [5, 12, 58, 25, 12],
    [0, 0, 8, 4, 0],
    [9, 4, 85, 37, 14],
    [4, 2, 77, 21, 6],
    [2, 44, 46, 10, 7],
    [0, 1, 4, 1, 1],
    [0, 2, 1, 2, 1],
    [21, 30, 174, 55, 26],
    [8, 9, 68, 35, 10],
    [21, 18, 101, 48, 12],
    [1, 8, 19, 2, 2],
    [0, 3, 8, 0, 0],
    [1, 13, 22, 4, 5],
    [8, 89, 127, 13, 11],
    [24, 23, 116, 57, 9],
    [178, 398, 1917, 640, 233],
    [1, 3, 21, 8, 2],
    [0, 1, 18, 2, 0],
    [10, 22, 103, 35, 8],
    [33, 57, 220, 94, 28],
    [0, 0, 11, 2, 0],
    [31, 30, 123, 46, 11],
    [16, 22, 87, 73, 7],
    [3, 2, 13, 4, 1],
    [0, 2, 7, 3, 0],
    [22, 46, 208, 53, 25],
    [17, 21, 214, 44, 34],
    [497, 704, 6030, 1804, 741],
    [47, 117, 545, 169, 78],
    [5, 16, 81, 14, 11],
    [2, 8, 75, 2, 14],
    [16, 64, 162, 33, 17],
    [34, 77, 300, 127, 30],
    [19, 66, 151, 59, 16],
    [0, 0, 6, 1, 1],
    [2, 4, 46, 7, 8],
    [59, 85, 548, 199, 59],
    [2, 4, 43, 12, 5],
    [11, 16, 115, 27, 20],
    [7, 30, 139, 17, 25],
    [1, 0, 21, 5, 2],
    [1, 6, 126, 5, 6],
    [1, 2, 66, 6, 7],
    [3, 4, 60, 6, 4],
    [1, 1, 45, 5, 6],
    [52, 95, 308, 111, 45],
    [8, 36, 75, 26, 15],
    [9, 10, 31, 16, 5],
    [19, 40, 139, 50, 21],
    [8, 10, 26, 18, 8],
    [32, 45, 227, 107, 27],
    [10, 8, 79, 19, 8],
    [35, 25, 231, 135, 18],
    [34, 23, 125, 103, 8],
    [19, 17, 165, 102, 24],
    [7, 10, 109, 24, 21],
    [6, 13, 140, 22, 20],
    [4, 13, 237, 16, 37],
    [1, 7, 109, 6, 18],
    [1, 8, 117, 1, 11],
    [6, 11, 100, 13, 26],
    [1, 1, 9, 3, 4],
    [1, 0, 8, 5, 3],
    [0, 0, 3, 3, 1],
    [34, 44, 291, 111, 53],
    [2, 3, 9, 4, 1],
    [21, 39, 149, 97, 23],
    [1, 0, 4, 1, 4],
    [0, 1, 3, 0, 2],
    [6, 72, 112, 19, 20],
    [11, 74, 97, 24, 20],
    [28, 18, 162, 86, 31],
    [4, 7, 46, 21, 10],
    [12, 20, 120, 46, 29],
    [3, 2, 22, 12, 0],
    [2, 3, 19, 8, 4],
    [37, 43, 166, 110, 38],
    [45, 20, 104, 147, 22],
    [40, 54, 216, 114, 29],
    [29, 23, 112, 81, 24],
    [27, 37, 423, 118, 51],
    [19, 29, 159, 55, 44],
    [15, 23, 207, 27, 49],
    [2, 5, 51, 7, 10],
    [22, 75, 172, 59, 37],
    [74, 70, 321, 175, 67],
    [33, 71, 228, 73, 39],
    [5, 6, 24, 9, 9],
    [2, 6, 51, 17, 5],
    [2, 0, 17, 4, 3],
    [4, 14, 67, 12, 13],
    [12, 20, 165, 43, 29],
    [16, 16, 132, 38, 22],
    [8, 11, 71, 16, 11],
    [9, 38, 119, 44, 20],
    [0, 5, 152, 2, 20],
    [1, 6, 127, 4, 10],
    [3, 2, 62, 8, 11],
    [42, 25, 248, 130, 40],
    [20, 16, 188, 108, 47],
    [52, 29, 224, 144, 36],
    [70, 29, 275, 202, 38],
    [26, 159, 610, 120, 79],
    [144, 347, 2247, 517, 327],
    [89, 189, 1357, 352, 263],
    [2, 3, 8, 3, 2]
  ],
  "method": "mcmc",
  "mcmc_stepsize": 3000,
  "mcmc_samples": 1000,
  "burn_in": 10000,
  "cond_prob": [
    [
      [0.11506199313, 0.36839751608, 0.4912766772, 0.025263813592],
      [0.06268495654, 0.52382259041, 0.3807619354, 0.032730517658],
      [0.044515491214, 0.2928006993, 0.57558363068, 0.087100178812],
      [0.033048364296, 0.33546173831, 0.54756370988, 0.083926187506],
      [0.10207304797, 0.26434947349, 0.46012378584, 0.1734536927]
    ],
    [
      [0, 0, 0, 0],
      [0, 0, 0, 0],
      [0.22965412962, 0.11407323981, 0.45244617734, 0.20382645323],
      [0.21014597558, 0.15767002631, 0.44498976583, 0.18719423228],
      [0.20596462334, 0.07894526741, 0.42016658508, 0.29492352418]
    ],
    [
      [0, 0, 0, 0],
      [0, 0, 0, 0],
      [0, 0, 1, 0],
      [0, 0, 0, 0],
      [0, 0, 0, 0]
    ],
    [
      [0.071424013808, 0.35714207239, 0.53572204611, 0.035711867692],
      [0.055559223762, 0.44442646518, 0.50001177039, 2.5406731698e-06],
      [0.036809761001, 0.37423656454, 0.54600884707, 0.042944827388],
      [0.042552339824, 0.37234379883, 0.53191376813, 0.053190093206],
      [0.040006023962, 0.35997873957, 0.5200093826, 0.080005853873]
    ],
    [
      [0.13012712348, 0.34639481473, 0.50567732645, 0.017800735348],
      [0.086165601539, 0.25252513099, 0.63400762746, 0.027301640013],
      [0.07732028478, 0.19170662313, 0.65660106833, 0.074372023757],
      [0.055022896915, 0.25954493299, 0.63329148859, 0.052140681506],
      [0.047545156438, 0.16662479193, 0.7139932728, 0.071836778829]
    ],
    [
      [0.48312666773, 0.028827379262, 0.47527422786, 0.012771725151],
      [0.097399071638, 0.18621542397, 0.70792452344, 0.0084609809541],
      [0.065075327966, 0.095460785983, 0.78651293337, 0.052950952676],
      [0.005552452891, 0.019673389084, 0.96781773164, 0.0069564263881],
      [0.063851891419, 0.068351826906, 0.74094292809, 0.12685335359]
    ],
    [
      [0, 0, 0, 0],
      [0.21523384335, 0.017420306015, 0.74475538938, 0.022590461257],
      [0.063490854754, 0.030046203525, 0.83430945885, 0.072153482866],
      [0.021235599541, 0.13429051474, 0.83829821004, 0.0061756756837],
      [0.019764253597, 0.0091911997118, 0.82700489409, 0.1440396526]
    ],
    [
      [0.2, 5.9418774293e-12, 0.79999999998, 1.5979900797e-11],
      [0.10526315789, 0.052631578947, 0.78947368421, 0.052631578952],
      [0.045908183632, 0.057884231537, 0.8123752495, 0.083832335329],
      [0.032258064521, 0.032258064517, 0.83870967742, 0.096774193547],
      [0.037735849058, 0.037735849059, 0.81132075471, 0.11320754717]
    ],
    [
      [0, 0, 0, 0],
      [0.099563581251, 0.016447937237, 0.69132276776, 0.19266571375],
      [0.074324689472, 0.01932038271, 0.7037075286, 0.20264739921],
      [0.066657821188, 0.021641260758, 0.67106801387, 0.24063290419],
      [0.048526500525, 0.012997920245, 0.62753868432, 0.31093689491]
    ],
    [
      [0.18734735937, 0.38675548119, 0.40642241852, 0.019474740927],
      [0.077219844364, 0.32610908621, 0.51897039507, 0.077700674353],
      [0.085889167541, 0.22500489991, 0.60191680217, 0.087189130384],
      [0.083523283032, 0.20302649589, 0.62973070576, 0.083719515317],
      [0.088914273135, 0.16891391397, 0.50715008307, 0.23502172983]
    ],
    [
      [0, 0, 0, 0],
      [0, 0, 0, 0],
      [0.086571607789, 0.23745410133, 0.67597429088, 0],
      [0.076856784421, 0.27509179734, 0.64805141824, 0],
      [0, 0, 0, 0]
    ],
    [
      [0.091476252057, 0.26698883347, 0.53579089552, 0.10574401896],
      [0.1719505041, 0.32012476089, 0.47984000237, 0.028084732637],
      [0.012205620871, 0.31126596133, 0.55847665468, 0.11805176312],
      [0.0067231247792, 0.28112593323, 0.58109213194, 0.13105881005],
      [0.014477023157, 0.24695251519, 0.52054267153, 0.21802779013]
    ],
    [
      [0.082010620934, 0.34381536029, 0.56711949317, 0.0070545256052],
      [0.062174081502, 0.11148415208, 0.69408279473, 0.13225897169],
      [0.055185943474, 0.23149799848, 0.67956464853, 0.033751409516],
      [0.078033199003, 0.25590656212, 0.6285332133, 0.037527025583],
      [0.10993242111, 0.20039776117, 0.63628017034, 0.053389647374]
    ],
    [
      [0.43131308385, 0.023288728808, 0.53804975649, 0.0073484308498],
      [0.25355557598, 0.10468257429, 0.62143640221, 0.020325447521],
      [0.17227877963, 0.10661186742, 0.6916926866, 0.029416666345],
      [0.19140291999, 0.10355945285, 0.68966091167, 0.015376715496],
      [0.16315363231, 0.058235549128, 0.69517515563, 0.083435662936]
    ],
    [
      [0, 0, 0, 0],
      [0.344032303, 0, 0.54436485616, 0.11160284084],
      [0.28420982839, 0, 0.57532606549, 0.14046410613],
      [0.27051024297, 0, 0.60360053768, 0.12588921934],
      [0.24861814049, 0, 0.55073034421, 0.2006515153]
    ],
    [
      [0, 0, 0, 0],
      [0.392483766, 0.44944838677, 0.15806784723, 0],
      [0.32408829179, 0.49073992461, 0.18517178361, 0],
      [0.28157237712, 0.55891929595, 0.15950832693, 0],
      [0.32779942197, 0.49252470996, 0.17967586807, 0]
    ],
    [
      [0.14285533712, 0.23809688288, 0.57142811172, 0.047619668283],
      [0.13333372628, 0.23333263941, 0.56666639144, 0.066667242872],
      [0.097701279705, 0.2413799507, 0.59195313613, 0.068965633465],
      [0.090909018871, 0.23636253073, 0.60000145333, 0.072726997073],
      [0.076923362521, 0.23076675637, 0.57692662658, 0.11538325454]
    ],
    [
      [0.24889637789, 0.37383695292, 0.37517482103, 0.002091848156],
      [0.11163189056, 0.43930663335, 0.44772761495, 0.0013338611478],
      [0.11748533712, 0.29427526017, 0.51444734756, 0.073792055139],
      [0.1139688019, 0.28698568625, 0.51421047907, 0.084835032784],
      [0.10262309711, 0.30003279661, 0.39892664952, 0.19841745676]
    ],
    [
      [0.14321510436, 0.33317382912, 0.47586426389, 0.047746802623],
      [0.05574238907, 0.38873215444, 0.4995087225, 0.056016733992],
      [0.089065149, 0.33645152861, 0.5150784801, 0.059404842294],
      [0.083191364792, 0.31297408522, 0.54140746939, 0.0624270806],
      [0.083362853839, 0.25015086071, 0.50043403607, 0.16605224938]
    ],
    [
      [0.29625390658, 0.1039433461, 0.55157797874, 0.048224768582],
      [0.24422311255, 0.10060512867, 0.59901745431, 0.056154304467],
      [0.20557073998, 0.087738521703, 0.64501598882, 0.061674749504],
      [0.21637421158, 0.10373735289, 0.62277046627, 0.057117969254],
      [0.20568435515, 0.10835450319, 0.57771883336, 0.1082423083]
    ],
    [
      [0, 0, 0, 0],
      [0.33038093492, 0, 0.66961906508, 0],
      [0.25110714941, 0, 0.74889285059, 0],
      [0, 0, 0, 0],
      [0, 0, 0, 0]
    ],
    [
      [0.31044746678, 0.10601255302, 0.53098161544, 0.052558364765],
      [0.28503032838, 0.10614340149, 0.52782194531, 0.08100432482],
      [0.22957867923, 0.11214266942, 0.5694130275, 0.08886562385],
      [0.22776338315, 0.14216747403, 0.56262057175, 0.067448571064],
      [0.20447475772, 0.095662920846, 0.56595284071, 0.13390948072]
    ],
    [
      [0.3657454193, 0.0062761787566, 0.62783552325, 0.00014287869367],
      [0.21485065762, 0.089865926132, 0.66130058574, 0.033982830507],
      [0.20432503184, 0.093896289458, 0.66222321562, 0.039555463079],
      [0.15022703213, 0.078851292264, 0.77084384705, 7.7828553727e-05],
      [0.18637251417, 0.00016614396894, 0.63620411703, 0.17725722483]
    ],
    [
      [0.10412415812, 0.33306310603, 0.53147382883, 0.031338907024],
      [0.043729345906, 0.32614524438, 0.57587506717, 0.054250342549],
      [0.051692030409, 0.32109222625, 0.57980122375, 0.047414519592],
      [0.039429865254, 0.32033286288, 0.59199496907, 0.048242302788],
      [0.027940822497, 0.22216371169, 0.55542737458, 0.19446809124]
    ],
    [
      [0.12359550562, 0.23595505618, 0.58988764045, 0.050561797753],
      [0.11557788945, 0.24120603015, 0.59296482412, 0.050251256281],
      [0.1163275952, 0.23787167449, 0.59415753782, 0.051643192488],
      [0.115625, 0.2375, 0.59375, 0.053125],
      [0.11587982833, 0.23605150215, 0.59227467811, 0.055793991416]
    ],
    [
      [0.077118806665, 0.30367840611, 0.57856928342, 0.040633503801],
      [0.094732923874, 0.25635447597, 0.60452640992, 0.044386190238],
      [0.082878179584, 0.2407647538, 0.62016963793, 0.056187428693],
      [0.096030415442, 0.29043470198, 0.55887306477, 0.054661817809],
      [0.064998663458, 0.27386036019, 0.55665228613, 0.10448869023]
    ],
    [
      [0, 0, 0, 0],
      [0.18254715318, 0.10908455504, 0.70836829178, 0],
      [0.14040780276, 0.09273470821, 0.76685748903, 0],
      [0.14505619853, 0.11084534859, 0.74409845288, 0],
      [0, 0, 0, 0]
    ],
    [
      [0.11014473078, 0.26394404486, 0.62338835904, 0.0025228653229],
      [0.16423853146, 0.21574676058, 0.57533781915, 0.044676888807],
      [0.12207402538, 0.26171093512, 0.56741975326, 0.048795286243],
      [0.11536305387, 0.26552449008, 0.57217242315, 0.046940032891],
      [0.084246687598, 0.17056841855, 0.579801874, 0.16538301985]
    ],
    [
      [0.1515151381, 0.27272729558, 0.54545452493, 0.030303041392],
      [0.10526319056, 0.3157894765, 0.5438596213, 0.035087711633],
      [0.10454546923, 0.28636362434, 0.56363635196, 0.045454554473],
      [0.10638293526, 0.27659578107, 0.55319150941, 0.063829774255],
      [0.10714283697, 0.28571422535, 0.535714391, 0.071428546681]
    ],
    [
      [0, 0, 0, 0],
      [0, 0, 0, 0],
      [0.077659979672, 0.1531154317, 0.76922458863, 0],
      [0.072870111806, 0.15786512565, 0.76926476255, 0],
      [0, 0, 0, 0]
    ],
    [
      [0.16131427828, 0.29026976373, 0.54832891315, 8.7044843782e-05],
      [0.10015831555, 0.33320562393, 0.56656217707, 7.3883451176e-05],
      [0.10559836734, 0.29278207423, 0.57722426207, 0.024395296359],
      [0.087068384297, 0.28246356819, 0.56536201933, 0.065106028189],
      [0.090978458803, 0.27272266721, 0.54542738694, 0.090871487044]
    ],
    [
      [0.23401781776, 0.387348794, 0.3785007486, 0.00013263963667],
      [0.14451575382, 0.48458280048, 0.37005604279, 0.00084540291653],
      [0.15151050581, 0.43379617462, 0.38806365763, 0.026629661929],
      [0.14934879546, 0.417404154, 0.39542632291, 0.037820727633],
      [0.14178460825, 0.27583246443, 0.31072789923, 0.27165502809]
    ],
    [
      [0.12266927434, 0.38545798243, 0.45739118417, 0.03448155906],
      [0.096196059746, 0.35432186278, 0.51636084453, 0.033121232948],
      [0.079944388585, 0.33613738765, 0.53730977793, 0.046608445837],
      [0.081143911167, 0.36114982581, 0.5207260076, 0.036980255421],
      [0.075747361219, 0.32059698454, 0.52717361489, 0.076482039355]
    ],
    [
      [0, 0, 0, 0],
      [0.3146503948, 0.21880647233, 0.46654313287, 0],
      [0.24099745936, 0.23986770232, 0.51913483833, 0],
      [0.22790566496, 0.29443771304, 0.477656622, 0],
      [0, 0, 0, 0]
    ],
    [
      [0.13647912263, 0.18170275804, 0.63636352748, 0.045454591854],
      [0.1305451468, 0.19565213962, 0.63043484788, 0.043367865694],
      [0.10093712071, 0.20184984608, 0.64912391767, 0.048089115545],
      [0.094195907175, 0.18911043661, 0.67890988964, 0.03778376657],
      [0.080203134466, 0.15979679103, 0.64000001468, 0.12000005983]
    ],
    [
      [0.17650356518, 0.11764708513, 0.64704229644, 0.058807053248],
      [0.047632402847, 0.23806852805, 0.66668001432, 0.04761905478],
      [0.06542187158, 0.17757533022, 0.68690934195, 0.070093456247],
      [0.045441801369, 0.15910366753, 0.72725996778, 0.068194563318],
      [0.058807033935, 0.14702583603, 0.67652832058, 0.11763880945]
    ],
    [
      [0.072434607646, 0.22535211268, 0.63581488934, 0.066398390342],
      [0.071022727273, 0.22727272727, 0.63636363636, 0.065340909091],
      [0.069817578773, 0.22620232172, 0.63731343284, 0.066666666667],
      [0.069844789357, 0.2256097561, 0.63802660754, 0.066518847007],
      [0.068825910931, 0.22537112011, 0.63697705803, 0.068825910931]
    ],
    [
      [0.12765957447, 0.1914893617, 0.6170212766, 0.063829787234],
      [0.10256410256, 0.22222222222, 0.61538461538, 0.059829059829],
      [0.097247706422, 0.21467889908, 0.62201834862, 0.066055045872],
      [0.094674556213, 0.20710059172, 0.63313609467, 0.065088757396],
      [0.089743589744, 0.20512820513, 0.61538461538, 0.089743589744]
    ],
    [
      [0.38837693133, 0.0099399040163, 0.59639417561, 0.0052889890457],
      [0.13251063112, 0.17870500061, 0.61818036326, 0.070604005006],
      [0.12036956341, 0.14689176774, 0.67322563557, 0.059513033287],
      [0.074735287656, 0.094175599325, 0.80384075288, 0.027248360138],
      [0.10379241657, 0.079484444819, 0.66746329893, 0.14925983968]
    ],
    [
      [0.29549861718, 0.018041371134, 0.66012051653, 0.02633949515],
      [0.13005388654, 0.06757202237, 0.78655617974, 0.015817911352],
      [0.11000661179, 0.026463922085, 0.79601913285, 0.067510333276],
      [0.018370709429, 0.14935946356, 0.74736980317, 0.084900023847],
      [0.077238169284, 0.0099877139477, 0.7993667828, 0.11340733397]
    ],
    [
      [0.25023586884, 0.12503472843, 0.62469359118, 3.5811545506e-05],
      [0.15624005184, 0.17193179612, 0.65618336999, 0.015644782051],
      [0.14812713224, 0.15429242014, 0.67289290319, 0.024687544433],
      [0.15148726141, 0.15146761964, 0.66672726312, 0.03031785582],
      [0.11771692539, 0.11776505192, 0.64697158012, 0.11754644257]
    ],
    [
      [0.14705882356, 0.26470588245, 0.55882352926, 0.029411764738],
      [0.11688311691, 0.27272727275, 0.55844155839, 0.051948051944],
      [0.11333333331, 0.27333333329, 0.56000000006, 0.053333333334],
      [0.1102362205, 0.26771653552, 0.56692913377, 0.055118110217],
      [0.10000000004, 0.26666666654, 0.53333333338, 0.10000000005]
    ],
    [
      [0.20919119803, 0.21104628196, 0.57976180123, 7.1877940513e-07],
      [0.12167690263, 0.24274258264, 0.59019154707, 0.045388967663],
      [0.11931732752, 0.24458499611, 0.58968425486, 0.046413421505],
      [0.11809905403, 0.22103172849, 0.62699095802, 0.033878259469],
      [0.063120688784, 0.18724398717, 0.56231841644, 0.1873169076]
    ],
    [
      [0, 0, 0, 0],
      [0, 0, 0, 0],
      [0.12969073299, 0.12187917493, 0.63233551121, 0.11609458088],
      [0.12175064169, 0.15006516143, 0.61435242846, 0.11383176841],
      [0.10010496037, 0.11865978901, 0.5916345043, 0.18960074632]
    ],
    [
      [0.33013934273, 0.11286599139, 0.45486667544, 0.10212799044],
      [0.2141817317, 0.1645119247, 0.51169338066, 0.10961296294],
      [0.12672957273, 0.093081854479, 0.69285449359, 0.0873340792],
      [0.099050632053, 0.078003119034, 0.7035357179, 0.11941053101],
      [0.12000995225, 0.03605414739, 0.65592954948, 0.18800635089]
    ],
    [
      [0.084745770519, 0.25423729914, 0.59322030775, 0.067796622584],
      [0.070588236961, 0.27058825767, 0.58823528606, 0.070588219313],
      [0.069343067526, 0.25364964094, 0.60218977675, 0.074817514777],
      [0.070351758201, 0.25125627185, 0.59798994363, 0.080402026315],
      [0.06779658494, 0.25423722227, 0.59322044209, 0.084745750696]
    ],
    [
      [0.21964059436, 0.17276370889, 0.55681318116, 0.050782515586],
      [0.239907565, 0.25248998188, 0.45750831896, 0.050094134162],
      [0.11412569368, 0.21026575835, 0.61832018378, 0.057288364189],
      [0.10180473888, 0.22940575879, 0.61032549017, 0.058464012155],
      [0.094405371248, 0.17004318806, 0.62893331546, 0.10661812524]
    ],
    [
      [0.27241570481, 0.091413592884, 0.63588865422, 0.00028204808337],
      [0.062770406235, 0.24961465897, 0.68739136929, 0.00022356549739],
      [0.078185034769, 0.15653445054, 0.71314751407, 0.052133000615],
      [0.07422233747, 0.1480595154, 0.70360472062, 0.074113426501],
      [0.050190931857, 0.15007736031, 0.64988356598, 0.14984814185]
    ],
    [
      [0.28566246314, 0.00011886197807, 0.71402673979, 0.00019193509686],
      [0.099984506636, 0.1000759121, 0.73329282514, 0.066646756126],
      [0.071946314006, 0.11508283782, 0.74823006609, 0.064740782085],
      [0.0588210203, 0.058878920938, 0.82347884228, 0.058821216484],
      [0.040013302682, 0.07997737962, 0.75999634248, 0.12001297522]
    ],
    [
      [0.051785476957, 0.28767948653, 0.59998561104, 0.060549425469],
      [0, 0, 0, 0],
      [0.033424326573, 0.22883778772, 0.66814507181, 0.069592813903],
      [0.033637818001, 0.27981425, 0.63242208476, 0.054125847243],
      [0.039057287501, 0.25382786069, 0.60342872863, 0.10368612318]
    ],
    [
      [0.21790148887, 0.00106634319, 0.42839865739, 0.35263351054],
      [0.07228059526, 0.020110947752, 0.77319975575, 0.13440870124],
      [0.042929354041, 0.0054267151184, 0.874920315, 0.076723615836],
      [0.068297328474, 0.036070603751, 0.83668944888, 0.058942618896],
      [0.099638281328, 0.0023581411033, 0.75149931219, 0.14650426538]
    ],
    [
      [0.01545579944, 0.044987577205, 0.87183094446, 0.06772567889],
      [0.0049955766644, 0.13490884154, 0.80042990395, 0.059665677844],
      [0.013236269495, 0.088822952483, 0.83409010483, 0.063850673196],
      [0.0040970201659, 0.080363310843, 0.81123525915, 0.10430440984],
      [0.010911019939, 0.048671430116, 0.80142153916, 0.13899601078]
    ],
    [
      [0.086949696429, 0.029936580227, 0.86343229359, 0.019681429752],
      [0.081847370213, 0.019733842952, 0.88686604608, 0.011552740756],
      [0.10456221672, 0.084078020347, 0.73997436943, 0.071385393497],
      [0.011860029904, 0.0093320533614, 0.93024060399, 0.048567312739],
      [0.016717061764, 0.18264533663, 0.72058328624, 0.080054315367]
    ],
    [
      [0.076549513329, 0.070260001349, 0.82901952781, 0.024170957512],
      [0.11753377517, 0.060674399955, 0.81097677512, 0.010815049753],
      [0.064917965298, 0.083433556678, 0.83561177876, 0.016036699263],
      [0.071901564378, 0.098536306137, 0.80698898364, 0.02257314585],
      [0.087516741868, 0.10364566958, 0.78708812244, 0.021749466111]
    ],
    [
      [0.15384615391, 0.24999999993, 0.55769230771, 0.038461538457],
      [0.13684210524, 0.26315789469, 0.55789473689, 0.042105263176],
      [0.13311688314, 0.25324675326, 0.56493506488, 0.04870129871],
      [0.12612612606, 0.24324324327, 0.57657657666, 0.054054054018],
      [0.13333333331, 0.24444444445, 0.55555555558, 0.066666666661]
    ],
    [
      [0.3743868467, 0.12616667302, 0.49923645915, 0.00021002113734],
      [0.19491688852, 0.22207771963, 0.52738738954, 0.055618002307],
      [0.17322400815, 0.23980588997, 0.53365476223, 0.053315339649],
      [0.15375347584, 0.19253575626, 0.57675313308, 0.076957634827],
      [0.13323375045, 0.2002998199, 0.53336491175, 0.13310151791]
    ],
    [
      [0.32306728535, 0.2520235918, 0.39846280503, 0.026446317816],
      [0.2578258807, 0.33183121868, 0.36507500544, 0.045267895182],
      [0.21117383715, 0.30758819207, 0.43068657045, 0.050551400331],
      [0.18613039422, 0.3336920096, 0.42021720137, 0.059960394816],
      [0.19793207315, 0.30783387586, 0.33766515888, 0.1565688921]
    ],
    [
      [0.1578895054, 0.21052993172, 0.63157442497, 6.1379153902e-06],
      [0.050001242933, 0.30000756203, 0.62499028205, 0.025000912983],
      [0.064749089875, 0.25898750434, 0.64029207315, 0.035971332633],
      [0.059999467043, 0.2600043774, 0.61999812179, 0.059998033771],
      [0.04761680168, 0.2381022306, 0.61904620888, 0.095234758845]
    ],
    [
      [0.20187183719, 0.37454952368, 0.40490321593, 0.018675423196],
      [0.20176393673, 0.40522728639, 0.39003696851, 0.0029718083657],
      [0.17241834213, 0.37431824878, 0.4491859527, 0.0040774563945],
      [0.16082355194, 0.40088667018, 0.42645890184, 0.01183087604],
      [0.12371063811, 0.3753870519, 0.43816369802, 0.062738611974]
    ],
    [
      [0.12500000131, 0.28125000104, 0.56249999708, 0.031250000572],
      [0.066666666327, 0.31111111019, 0.5777777782, 0.044444445281],
      [0.079295154056, 0.28193832572, 0.58149779819, 0.057268722037],
      [0.074766354825, 0.28037383207, 0.5794392523, 0.06542056081],
      [0.074074075422, 0.25925926071, 0.55555555146, 0.1111111124]
    ],
    [
      [0.16607770612, 0.22440093068, 0.59598590487, 0.013535458324],
      [0.034171330973, 0.36392481609, 0.5938433273, 0.0080605256381],
      [0.062066483344, 0.23895786926, 0.6557636399, 0.043212007501],
      [0.058410111004, 0.25311589771, 0.60851460945, 0.079959381835],
      [0.0066009997124, 0.26971480456, 0.6152861502, 0.10839804553]
    ],
    [
      [0.11428611714, 0.37142858385, 0.48571356048, 0.028571738539],
      [0.040000453939, 0.43999984501, 0.47999968556, 0.040000015492],
      [0.051947923908, 0.3896102517, 0.51082274889, 0.047619075504],
      [0.051851881921, 0.37777795862, 0.52592579072, 0.044444368737],
      [3.8678697737e-09, 0.33333393799, 0.49999980576, 0.16666625238]
    ],
    [
      [0.10983482257, 0.43226718531, 0.43221890188, 0.025679090241],
      [0.05308896156, 0.47969451986, 0.46637544062, 0.00084107796479],
      [0.058883136226, 0.44297895483, 0.46928822605, 0.028849682895],
      [0.05506606958, 0.46554640225, 0.45024863141, 0.029138896757],
      [0.0015465902072, 0.49328661966, 0.31766061379, 0.18750617634]
    ],
    [
      [0.15788957322, 0.31581354287, 0.52629540797, 1.4759385228e-06],
      [0.11764744615, 0.35294082952, 0.52940344529, 8.2790508018e-06],
      [0.072726566155, 0.36363724406, 0.52727282479, 0.036363364991],
      [0.068628670736, 0.35293716089, 0.54902253112, 0.029411637256],
      [0.041670153901, 0.33332553761, 0.50000893392, 0.12499537457]
    ],
    [
      [0.27402375007, 0.15470113691, 0.56979391423, 0.0014811987873],
      [0.0021035558059, 0.28125167405, 0.70778207639, 0.0088626937502],
      [0.054498305462, 0.16654496818, 0.70588080229, 0.073075924075],
      [0.046827462974, 0.16926943782, 0.66474408525, 0.11915901396],
      [0.047458275461, 0.13755748868, 0.66851220673, 0.14647202913]
    ],
    [
      [0.33239030896, 0.0015716524534, 0.66574900057, 0.00028903801695],
      [0.00054412633129, 0.23019271464, 0.76903668453, 0.00022647449751],
      [0.064302051369, 0.11418076508, 0.75729473263, 0.06422245092],
      [0.045458744723, 0.091527462815, 0.77225097564, 0.090762816827],
      [0.049810246418, 0.099957675059, 0.7498622533, 0.10036982522]
    ],
    [
      [0.49579850835, 8.4771088593e-05, 0.49606451558, 0.0080522049845],
      [0.075781285295, 0.076952533197, 0.69335456256, 0.15391161895],
      [0.050563666943, 0.063420016316, 0.72600945105, 0.16000686569],
      [3.7630404994e-05, 3.6587455008e-05, 0.87196468742, 0.12796109472],
      [0.028309678533, 0.053193208593, 0.70233669533, 0.21616041755]
    ],
    [
      [0.68726292456, 0.02842271806, 0.19193259608, 0.092381761299],
      [0.12676412852, 0.12378899979, 0.72805811448, 0.021388757217],
      [0.045470874693, 0.042355478752, 0.8615260283, 0.050647618257],
      [0.026233667493, 0.025619852521, 0.90610945225, 0.042037027739],
      [0.017314490516, 0.018588221353, 0.85381482248, 0.11028246565]
    ],
    [
      [0.27709309979, 0.079580855714, 0.43439204923, 0.20893399526],
      [0.079724740514, 0.065336731823, 0.77440382548, 0.080534702183],
      [0.050957201292, 0.0095999213264, 0.85641409713, 0.083028780255],
      [0.21293137599, 0.064934463416, 0.64057791306, 0.081556247531],
      [0.082744095363, 0.019054548282, 0.77539546091, 0.12280589544]
    ],
    [
      [0.32788038747, 0.010607126936, 0.66047967697, 0.0010328086217],
      [0.091965668892, 0.26934279451, 0.637082362, 0.0016091745992],
      [0.090241566197, 0.11887125457, 0.73132690334, 0.059560275888],
      [0.076240009979, 0.080836684653, 0.76565969324, 0.077263612124],
      [0.077146867996, 0.1167532362, 0.69011344653, 0.11598644928]
    ],
    [
      [0.259073808, 0.25338737148, 0.45442801531, 0.033110805206],
      [0.19103070598, 0.29464946538, 0.48641085592, 0.027908972734],
      [0.17215041952, 0.26371665909, 0.51262234354, 0.051510577857],
      [0.14225539382, 0.34166080659, 0.4729062099, 0.04317758968],
      [0.14344388223, 0.2633827029, 0.5067103518, 0.086463063077]
    ],
    [
      [0.16098668862, 0.36027189688, 0.39281840946, 0.085923005044],
      [0, 0, 0, 0],
      [0.11557607751, 0.34570487822, 0.43262931872, 0.10608972555],
      [0.11184516919, 0.38304604668, 0.39291232663, 0.11219645749],
      [0.11839294845, 0.31961961465, 0.39386180255, 0.16812563435]
    ],
    [
      [0, 0, 0, 0],
      [0, 0, 0, 0],
      [0.29612814852, 0.13772714028, 0.42753825214, 0.13860645906],
      [0.28375129872, 0.15757972712, 0.4310500669, 0.12761890726],
      [0.2603616583, 0.11407939782, 0.42423504286, 0.20132390102]
    ],
    [
      [0.14705882132, 0.23529411545, 0.52941176248, 0.088235300752],
      [0.11363636364, 0.25000000171, 0.54545453862, 0.090909096041],
      [0.10309278635, 0.24398625068, 0.54639175336, 0.10652920962],
      [0.099099093004, 0.23423424033, 0.55855855855, 0.10810810811],
      [0.094339621222, 0.22641510143, 0.54716981416, 0.13207546319]
    ],
    [
      [0.13650467847, 0.20773193236, 0.55845070027, 0.097312688893],
      [0.14204862323, 0.21126837492, 0.55970698967, 0.086976012179],
      [0.090408752254, 0.20340971741, 0.59370266207, 0.11247886827],
      [0.096954466871, 0.2368964267, 0.56714794184, 0.099001164594],
      [0.099348135576, 0.17245784706, 0.59206190446, 0.13613211291]
    ],
    [
      [0.14285671332, 0.33333369823, 0.47619071124, 0.047618877206],
      [0.15384657116, 0.3333321002, 0.46153937871, 0.051281949929],
      [0.10738254751, 0.35570411089, 0.47651039039, 0.060402951206],
      [0.10309251533, 0.35051671885, 0.49484444951, 0.051546316319],
      [0.086957355633, 0.30434809471, 0.47826084884, 0.13043370082]
    ],
    [
      [0.29473670194, 0.28863728768, 0.34714591959, 0.069480090787],
      [0, 0, 0, 0],
      [0.19478775055, 0.30964384092, 0.41454358321, 0.081024825321],
      [0.18367739043, 0.33277893673, 0.4123606955, 0.071182977338],
      [0.18560872636, 0.28500210297, 0.39557976302, 0.13380940765]
    ],
    [
      [0, 0, 0, 0],
      [0, 0, 0.74065023979, 0.25934976021],
      [0, 0, 0.70184446588, 0.29815553412],
      [0, 0, 0, 0],
      [0, 0, 0.57690818128, 0.42309181872]
    ],
    [
      [0.49970437422, 0.00015333193404, 0.5000978295, 4.4464351444e-05],
      [0.26393724365, 0.1249378592, 0.54166911736, 0.069455779785],
      [0.25889909541, 0.11606536238, 0.56252931215, 0.062506230065],
      [0.26316501549, 0.10542695301, 0.52623526858, 0.10517276291],
      [0.25007291158, 0.1000560726, 0.54987417548, 0.099996840335]
    ],
    [
      [0.36291409332, 0.091569907851, 0.54512440583, 0.00039159299481],
      [0.25666731955, 0.13502757118, 0.54092098916, 0.067384120106],
      [0.24734384623, 0.13402474524, 0.55668033259, 0.061951075927],
      [0.20879524947, 0.12494211133, 0.58281957998, 0.083443059221],
      [0.20055621272, 0.10008398928, 0.54949080785, 0.14986899015]
    ],
    [
      [0.10714799002, 0.35713342722, 0.46429377753, 0.071424805239],
      [0.1666638949, 0.33333503293, 0.44444851972, 0.055552552443],
      [0.086419633403, 0.37654479795, 0.46913455668, 0.067901011967],
      [0.081395898608, 0.36046140027, 0.48837168888, 0.069771012246],
      [0.064512202574, 0.35484825011, 0.45161088547, 0.12902866185]
    ],
    [
      [0.24238260819, 0.26818016712, 0.4879380259, 0.0014991987958],
      [0.25471376813, 0.28735985102, 0.44077289933, 0.017153481509],
      [0.12966603898, 0.31756873601, 0.50960629116, 0.043158933847],
      [0.10633952683, 0.35080867318, 0.49603018994, 0.046821610055],
      [0.10497053339, 0.29406163811, 0.51043142189, 0.090536406614]
    ],
    [
      [0.16627235487, 0.25039835191, 0.49960078011, 0.083728513106],
      [0.10071280449, 0.34928723757, 0.50023750375, 0.049762454191],
      [0.1082940924, 0.27499865869, 0.53325477102, 0.083452477888],
      [0.10859127406, 0.26128561857, 0.56521588762, 0.064907219754],
      [0.10344779161, 0.24105163894, 0.51757024864, 0.13793032082]
    ],
    [
      [0.10282691406, 0.4196370434, 0.47753604254, 0],
      [0.088967243527, 0.36713173006, 0.54390102642, 0],
      [0.077050431315, 0.36434965448, 0.55859991421, 0],
      [0.068206273488, 0.41592775093, 0.51586597558, 0],
      [0, 0, 0, 0]
    ],
    [
      [0.31408400304, 0.29608149717, 0.35480653355, 0.035027966243],
      [0.2944516374, 0.25866864252, 0.40210612023, 0.04477359985],
      [0.21400311187, 0.29428201041, 0.43286092783, 0.058853949895],
      [0.1892992857, 0.3553674237, 0.41008238479, 0.045250905808],
      [0.22700591764, 0.29938337269, 0.39476296629, 0.078847743374]
    ],
    [
      [0.16216196282, 0.35135148561, 0.45945932195, 0.027027229622],
      [0.11627965663, 0.37209313669, 0.46511569535, 0.046511511327],
      [0.10843371806, 0.36144563206, 0.48192789326, 0.048192756614],
      [0.10909079659, 0.35454563561, 0.47272722837, 0.06363633943],
      [0.10526308729, 0.34210513989, 0.47368433645, 0.078947436361]
    ],
    [
      [0.066669121089, 0.57776973819, 0.28889053761, 0.066670603115],
      [0.10000041732, 0.54999508863, 0.30000126382, 0.050003230234],
      [0.038461593966, 0.59614618614, 0.29808239514, 0.06730982475],
      [0.040815427999, 0.57823973372, 0.31292110013, 0.068023738154],
      [3.4165226661e-07, 0.54545526334, 0.27272407807, 0.18182031693]
    ],
    [
      [0.15000001201, 0.29999999756, 0.49999997183, 0.050000018598],
      [0.14814812241, 0.31481485822, 0.49999997274, 0.037037046625],
      [0.12962962855, 0.31481481136, 0.50462963371, 0.05092592638],
      [0.13157893481, 0.29824560124, 0.51754389155, 0.052631572394],
      [0.10344836462, 0.27586206752, 0.51724131312, 0.10344825474]
    ],
    [
      [0.068962315178, 0.37933905673, 0.48274693075, 0.068951697345],
      [0.13042132271, 0.34783607587, 0.47824337181, 0.043499229612],
      [0.0535733016, 0.40177737916, 0.4821581133, 0.062491205938],
      [0.049384819371, 0.38271407962, 0.49380972206, 0.074091378951],
      [0.041667595385, 0.37500127893, 0.45835188669, 0.12497923899]
    ],
    [
      [0.11111111012, 0.1851851811, 0.6296296347, 0.074074074081],
      [0.10810810586, 0.18918918544, 0.62162162388, 0.08108108482],
      [0.075650118659, 0.20567375886, 0.6335697395, 0.085106382974],
      [0.067796609936, 0.21186440749, 0.6355932201, 0.08474576248],
      [0.058823528327, 0.19607843463, 0.64705882349, 0.098039213546]
    ],
    [
      [0.15791731442, 0.21068111917, 0.57876988035, 0.05263168607],
      [0.10338886574, 0.27585188929, 0.55175772491, 0.069001520066],
      [0.094343120376, 0.25159446411, 0.58489334804, 0.069169067472],
      [0.090924412923, 0.23629026911, 0.61823986329, 0.054545454676],
      [0.090906706115, 0.22722430346, 0.5682082598, 0.11366073063]
    ],
    [
      [0.13340082946, 0.13333583797, 0.66660635473, 0.066656977832],
      [0.086945032403, 0.17385831011, 0.69568075724, 0.043515900254],
      [0.057969493877, 0.13527384938, 0.72463601241, 0.082120644327],
      [0.037064134885, 0.11110484671, 0.74075640767, 0.11107461073],
      [0.061200713028, 0.1224429309, 0.71428917727, 0.1020671788]
    ],
    [
      [0.084679263196, 0.11140543791, 0.74473194929, 0.059183349606],
      [0.046940855682, 0.12583000244, 0.60597473287, 0.22125440901],
      [0.03522638967, 0.085798293177, 0.73309121791, 0.14588409924],
      [0.040699327635, 0.16408153645, 0.63048124283, 0.16473789309],
      [0.051449602856, 0.062375540482, 0.66796416237, 0.21821069429]
    ],
    [
      [0.22727958105, 0.1818184122, 0.54544645172, 0.045455555033],
      [0.15999851474, 0.22666637255, 0.56000158001, 0.053333532702],
      [0.15116211691, 0.22674378215, 0.56976895154, 0.052325149394],
      [0.15254257866, 0.2203385225, 0.57626963793, 0.050849260911],
      [0.13513687464, 0.21621928736, 0.56756462862, 0.081079209382]
    ],
    [
      [0.12162162162, 0.35135135135, 0.47297297297, 0.054054054054],
      [0.1, 0.38571428571, 0.47142857143, 0.042857142857],
      [0.10280373832, 0.35202492212, 0.48909657321, 0.056074766355],
      [0.10285714286, 0.34857142857, 0.49142857143, 0.057142857143],
      [0.10447761194, 0.34328358209, 0.4776119403, 0.074626865672]
    ],
    [
      [0.24242422092, 0.21212120224, 0.51515154992, 0.030303026921],
      [0.18309860607, 0.25352111385, 0.5211267606, 0.04225351949],
      [0.17543859661, 0.23245614499, 0.53947367601, 0.052631582399],
      [0.16438355895, 0.23287671754, 0.53424658022, 0.06849314329],
      [0.15384614998, 0.23076922581, 0.51282052215, 0.10256410207]
    ],
    [
      [0.2121173215, 0.28536453945, 0.45275641781, 0.049761721246],
      [0.092188071634, 0.32752707965, 0.48843363137, 0.091851217343],
      [0.094979724504, 0.25548661041, 0.52281646463, 0.12671720045],
      [0.11539481934, 0.28285550877, 0.44270594256, 0.15904372932],
      [0.11869091117, 0.21451517734, 0.47485194318, 0.19194196832]
    ],
    [
      [0.23617340932, 0.17362056768, 0.57061178948, 0.019594233523],
      [0.16357457655, 0.25349618595, 0.52711704166, 0.055812195842],
      [0.07544206735, 0.22548894742, 0.63151468782, 0.067554297412],
      [0.086799141739, 0.27028397745, 0.55260363132, 0.090313249483],
      [0.044614975532, 0.20740356281, 0.61891267192, 0.12906878974]
    ],
    [
      [0, 0.30365727222, 0.57370371937, 0.1226390084],
      [0, 0, 0, 0],
      [0, 0.21557452395, 0.63859519683, 0.14583027922],
      [0, 0.2826113619, 0.56936071856, 0.14802791954],
      [0, 0.19915770027, 0.57301044697, 0.22783185276]
    ],
    [
      [0.41431977895, 0.037828888047, 0.53206930387, 0.015782029135],
      [0.14389252162, 0.21681506709, 0.57493730293, 0.064355108365],
      [0.10808813818, 0.15690233597, 0.64366770197, 0.091341823878],
      [0.084722072043, 0.11953284407, 0.63577089783, 0.15997418605],
      [0.08228118916, 0.14357098996, 0.62058567212, 0.15356214877]
    ],
    [
      [0.16666753287, 0.08334424483, 0.66665714767, 0.083331074624],
      [0.10000136796, 0.19999638089, 0.65000281686, 0.049999434297],
      [0.084847895844, 0.14545350659, 0.68485000625, 0.084848591308],
      [0.069768901183, 0.11627960638, 0.74418009686, 0.069771395577],
      [0.068965402804, 0.10345137179, 0.65517457565, 0.17240864976]
    ],
    [
      [0.18723721327, 0.12527307014, 0.62488628594, 0.062603430649],
      [0.12495345154, 0.18770284925, 0.62476934578, 0.062574353427],
      [0.083349460982, 0.19692848202, 0.65912935874, 0.060592698258],
      [0.078998486477, 0.15785307748, 0.71056233177, 0.052586104274],
      [0.04549445578, 0.18179130542, 0.63632117869, 0.1363930601]
    ],
    [
      [0.21649117063, 0.13797206246, 0.62068432313, 0.024852443772],
      [0.013820483352, 0.23378448118, 0.66122687951, 0.091168155962],
