{
  "Z_true": {},
  "V_true": [
    [97, 215, 909, 172, 2160, 101],
    [93, 131, 309, 708, 181, 300],
    [173, 329, 1226, 6330, 368, 444],
    [101, 284, 1403, 67, 5489, 122],
    [44, 1569, 749, 246, 760, 77],
    [639, 90, 782, 212, 613, 66],
    [37, 107, 266, 335, 204, 421]
  ],
  "p_true": [
    [0.0265, 0.0588, 0.2488, 0.0471, 0.5911, 0.0276],
    [0.054, 0.0761, 0.1794, 0.4111, 0.1051, 0.1742],
    [0.0195, 0.0371, 0.1382, 0.7136, 0.0415, 0.0501],
    [0.0135, 0.038, 0.1879, 0.009, 0.7352, 0.0163],
    [0.0128, 0.4554, 0.2174, 0.0714, 0.2206, 0.0224],
    [0.266, 0.0375, 0.3256, 0.0883, 0.2552, 0.0275],
    [0.027, 0.0781, 0.1942, 0.2445, 0.1489, 0.3073]
  ],
  "Z_est": {},
  "V_est": [
    [0, 0, 31.0969, 0, 3622.9031, 0],
    [267.3935, 0, 0, 812.178, 373.9924, 268.4361],
    [356.9799, 0, 1503.0905, 6852.0063, 0, 157.9232],
    [0, 0, 3753.4328, 0, 3712.5672, 0],
    [0, 2725, 0, 0, 720, 0],
    [559.6265, 0, 356.3798, 0, 1345.5373, 140.4563],
    [0, 0, 0, 405.8156, 0, 964.1844]
  ],
  "p_est": [
    [0, 0, 0.0085, 0, 0.9915, 0],
    [0.1553, 0, 0, 0.4716, 0.2172, 0.1559],
    [0.0402, 0, 0.1695, 0.7725, 0, 0.0178],
    [0, 0, 0.5027, 0, 0.4973, 0],
    [0, 0.791, 0, 0, 0.209, 0],
    [0.233, 0, 0.1484, 0, 0.5602, 0.0585],
    [0, 0, 0, 0.2962, 0, 0.7038]
  ],
  "EI_Z": {},
  "EI_V": 27.118,
  "MAE_Z": {},
  "MAE_V": 373.57,
  "MAE_p": 0.1057,
  "runtime": 0.0303
}
