{
  "X": [
    [2, 2, 9, 40, 92, 4],
    [12, 27, 51, 361, 734, 57],
    [13, 58, 83, 571, 712, 58],
    [0, 0, 1, 7, 50, 4],
    [1, 7, 5, 28, 48, 8],
    [5, 36, 35, 211, 384, 30],
    [5, 14, 16, 131, 253, 20],
    [0, 2, 11, 28, 90, 3],
    [2, 0, 0, 18, 20, 1],
    [7, 7, 18, 73, 94, 11],
    [17, 49, 51, 370, 661, 42],
    [0, 1, 7, 28, 40, 7],
    [1, 0, 3, 26, 60, 3],
    [3, 6, 7, 22, 81, 7],
    [1, 5, 8, 54, 125, 8],
    [3, 15, 9, 53, 183, 13],
    [9, 49, 43, 228, 537, 29],
    [6, 44, 58, 358, 668, 58],
    [13, 65, 100, 572, 856, 50],
    [10, 14, 35, 176, 316, 13],
    [12, 37, 54, 334, 498, 32],
    [0, 0, 2, 4, 22, 2],
    [0, 2, 4, 4, 23, 0],
    [1, 0, 1, 11, 30, 0],
    [8, 49, 38, 408, 400, 28],
    [3, 15, 15, 106, 196, 15],
    [1, 4, 6, 12, 40, 0],
    [1, 0, 3, 16, 14, 0],
    [7, 13, 48, 235, 211, 22],
    [8, 37, 68, 325, 479, 15],
    [9, 36, 64, 308, 537, 22],
    [6, 37, 43, 248, 393, 19],
    [20, 59, 112, 773, 954, 76],
    [15, 52, 71, 442, 640, 54],
    [13, 43, 80, 467, 686, 36],
    [11, 50, 55, 455, 612, 39],
    [5, 30, 29, 209, 293, 18],
    [6, 4, 12, 117, 58, 6],
    [3, 3, 13, 88, 107, 7],
    [0, 0, 4, 20, 21, 1],
    [5, 38, 32, 315, 323, 20],
    [0, 0, 4, 26, 18, 0],
    [28, 109, 116, 1129, 1453, 122],
    [1, 8, 7, 48, 108, 7],
    [5, 14, 32, 183, 279, 10],
    [28, 61, 260, 729, 1396, 87],
    [2, 4, 21, 77, 65, 3]
  ],
  "W": [
    [8, 76, 48, 10, 7],
    [55, 612, 422, 80, 73],
    [105, 457, 721, 110, 102],
    [1, 42, 13, 0, 6],
    [8, 41, 40, 2, 6],
    [47, 300, 267, 35, 52],
    [30, 173, 158, 43, 35],
    [9, 78, 34, 6, 7],
    [0, 14, 23, 1, 3],
    [21, 60, 94, 18, 17],
    [56, 515, 465, 74, 80],
    [6, 33, 32, 10, 2],
    [3, 55, 27, 3, 5],
    [6, 72, 33, 7, 8],
    [8, 99, 72, 11, 11],
    [18, 150, 74, 13, 21],
    [56, 436, 273, 54, 76],
    [70, 514, 436, 82, 90],
    [104, 653, 686, 109, 104],
    [31, 244, 210, 35, 44],
    [56, 376, 410, 68, 57],
    [2, 18, 5, 5, 0],
    [1, 23, 6, 1, 2],
    [0, 29, 7, 4, 3],
    [66, 279, 468, 50, 68],
    [14, 139, 140, 31, 26],
    [6, 30, 18, 1, 8],
    [5, 11, 17, 1, 0],
    [56, 130, 284, 27, 39],
    [120, 269, 400, 69, 74],
    [117, 370, 376, 60, 53],
    [65, 265, 287, 53, 76],
    [161, 623, 890, 168, 152],
    [69, 472, 561, 84, 88],
    [105, 465, 554, 85, 116],
    [88, 402, 576, 73, 83],
    [50, 198, 251, 39, 46],
    [9, 36, 131, 9, 18],
    [9, 90, 94, 20, 8],
    [2, 14, 26, 2, 2],
    [43, 213, 370, 46, 61],
    [3, 11, 28, 4, 2],
    [181, 1047, 1298, 261, 170],
    [10, 94, 53, 12, 10],
    [34, 225, 196, 30, 38],
    [244, 1135, 881, 145, 156],
    [24, 45, 92, 5, 6]
  ],
  "method": "mvn_pdf",
  "cond_prob": [
    [
      [0.00027490156178, 0.02087698823, 0.47879495804, 0.099475476634, 0.39976577925, 0.00081189627902],
      [0.00311082736, 0.0059697635721, 0.04995913777, 0.017930353914, 0.89604492592, 0.026984991466],
      [0.019995507166, 0.018661447743, 0.019005746949, 0.69976673782, 0.22319354645, 0.019377013867],
      [0.0054122404021, 0.0048715824571, 0.0029870867087, 0.3334707525, 0.56846811453, 0.084790223402],
      [0.042633419915, 0.10682160715, 0.016594743334, 0.16077777552, 0.66547119988, 0.0077012542024]
    ],
    [
      [0.00028193338997, 0.03408892673, 0.3900091924, 0.12929016165, 0.44459815771, 0.0017316281189],
      [0.0028268526304, 0.0086704708428, 0.038193576644, 0.020753156771, 0.8787156274, 0.050840315707],
      [0.016111897339, 0.024411402409, 0.013282812513, 0.71213987517, 0.20091867986, 0.03313533271],
      [0.0043862006008, 0.006337710129, 0.0020669887631, 0.34155455276, 0.50337746206, 0.14227708569],
      [0.035498274205, 0.14437446178, 0.012065135456, 0.17458455172, 0.61972242469, 0.013755152159]
    ],
    [
      [0.00018980855752, 0.043871827373, 0.44324233899, 0.10859443915, 0.40272659102, 0.0013749949098],
      [0.0020908287374, 0.012260413234, 0.047710704035, 0.019156786291, 0.87443964389, 0.044341623814],
      [0.012555163781, 0.036399729128, 0.017503444743, 0.69211194341, 0.21094128292, 0.030488436017],
      [0.0033964427164, 0.0093841112008, 0.0027041776675, 0.32990566915, 0.52468497808, 0.12992462119],
      [0.02531734711, 0.19718724237, 0.014559181533, 0.15559322845, 0.59575203891, 0.01159096163]
    ],
    [
      [3.1696190504e-05, 0.012476612035, 0.27929142889, 0.05287639289, 0.65217413721, 0.0031497327821],
      [0.00022004588515, 0.0022191030496, 0.017196690974, 0.0058904977268, 0.90803863369, 0.066435028674],
      [0.0026292850075, 0.013201709575, 0.012365196582, 0.46196420425, 0.42045690612, 0.089382698462],
      [0.00041771288224, 0.0019909793509, 0.0011383879963, 0.11947336377, 0.63227995747, 0.24469959852],
      [0.0034642943503, 0.048398547695, 0.0072463635619, 0.066497194877, 0.85092668683, 0.023466912686]
    ],
    [
      [0.00016951558334, 0.12062816857, 0.35983187761, 0.10605195135, 0.40743512661, 0.0058833602726],
      [0.0015825781854, 0.027980512465, 0.030900786355, 0.015766617835, 0.75734201525, 0.16642748991],
      [0.0098049744118, 0.085481896631, 0.011341032159, 0.59838437723, 0.18082566061, 0.11416205896],
      [0.0020391288175, 0.016879733439, 0.0013686785168, 0.21751099897, 0.35428519627, 0.40791626399],
      [0.016140340067, 0.41189234705, 0.007756319371, 0.10706656607, 0.42210854639, 0.03503588106]
    ],
    [
      [0.00018461764433, 0.068682053279, 0.39271903873, 0.11296826895, 0.42379453119, 0.0016514902129],
      [0.0019232070312, 0.018125934709, 0.03979449261, 0.018834836324, 0.87088522417, 0.050436305151],
      [0.011483124451, 0.053480643855, 0.014477313582, 0.67799232192, 0.20816820079, 0.034398395406],
      [0.003081547071, 0.013676864758, 0.00222180528, 0.32032025773, 0.51469796142, 0.14600156375],
      [0.021439738024, 0.26973023868, 0.011154101806, 0.14072730645, 0.54484582692, 0.012102788127]
    ],
    [
      [0.0002926647084, 0.04221395457, 0.32856544668, 0.11965219259, 0.50752481476, 0.0017509266923],
      [0.0026189940756, 0.0095643185406, 0.028470651582, 0.017124216365, 0.8962601413, 0.045961678132],
      [0.017086151423, 0.03075630305, 0.011281368456, 0.6736646627, 0.23305596171, 0.034155552659],
      [0.0043412774358, 0.0074626550101, 0.001643232301, 0.30148009318, 0.54727691799, 0.13779582408],
      [0.033368560276, 0.16185481699, 0.0090767439307, 0.14562287447, 0.63753795662, 0.012539047717]
    ],
    [
      [4.1793137973e-05, 0.018390072172, 0.54666328821, 0.076433650337, 0.35783623826, 0.0006349578825],
      [0.00052365258588, 0.0058467523218, 0.062947015222, 0.015303530447, 0.89192808105, 0.023450968376],
      [0.0037277959284, 0.020603858868, 0.02692906506, 0.68000393864, 0.24978441824, 0.018950923258],
      [0.00097308894183, 0.0051048932996, 0.0040207421036, 0.30568934277, 0.60532963153, 0.078882301356],
      [0.007304491865, 0.11191638864, 0.022236462009, 0.14623013512, 0.70518863387, 0.007123888492]
    ],
    [
      [0.0026972075685, 0.017605701289, 0.17108832349, 0.18252934067, 0.62505030632, 0.0010291206596],
      [0.019877661882, 0.0032505723731, 0.01097499494, 0.020986628403, 0.92265695036, 0.022253192042],
      [0.11089877638, 0.0081237745015, 0.0033548699921, 0.69006255295, 0.17484567334, 0.012714352837],
      [0.032580086902, 0.0024691994507, 0.00062052177944, 0.37107884767, 0.52748647913, 0.065764865069],
      [0.25815214566, 0.044501894419, 0.0029558537581, 0.15266753171, 0.53668169127, 0.0050408831777]
    ],
    [
      [0.0012961505056, 0.030269461908, 0.54899133777, 0.089241400569, 0.32853659995, 0.0016650492988],
      [0.016539003626, 0.0097403089223, 0.065550289075, 0.018152572978, 0.82749496638, 0.062522859021],
      [0.09559585908, 0.027372966233, 0.022555361645, 0.62720393159, 0.18679107667, 0.040480804779],
      [0.026114196211, 0.0072181659248, 0.0035731753475, 0.30457918619, 0.4785871349, 0.17992814142],
      [0.18691958031, 0.14292404027, 0.01788970215, 0.13295476189, 0.50471072382, 0.01460119156]
    ],
    [
      [0.00039154614832, 0.055364802606, 0.39841453664, 0.11475310691, 0.4298027567, 0.0012732509935],
      [0.0040798759684, 0.014628081722, 0.040518876422, 0.019142287131, 0.88279175936, 0.038839119399],
      [0.024172252648, 0.042810151122, 0.014643279086, 0.68231686066, 0.20974846856, 0.026308987931],
      [0.0066736182565, 0.011271374061, 0.0023114927863, 0.33205441339, 0.53312424376, 0.11456485774],
      [0.046512726482, 0.22141103235, 0.011612587494, 0.14609642285, 0.56483174301, 0.0095354878161]
    ],
    [
      [3.4650225469e-05, 0.015619253839, 0.60946110563, 0.088892276547, 0.28353750159, 0.0024552121727],
      [0.00048620752396, 0.0055580436328, 0.073240561786, 0.019949762685, 0.7969204487, 0.10384497568],
      [0.0027645196332, 0.015725973859, 0.024864368309, 0.71264385893, 0.17717811997, 0.066823159295],
      [0.00069148041484, 0.0037109860248, 0.0035345007505, 0.30537001754, 0.41053917084, 0.27615384443],
      [0.006791468341, 0.10901483538, 0.025940256986, 0.19298400481, 0.63388702863, 0.031382405847]
    ],
    [
      [0.00022102422981, 0.015861327966, 0.33698699651, 0.1783746469, 0.46738883854, 0.0011671658617],
      [0.0021430941825, 0.0038996727965, 0.029810823892, 0.027365858334, 0.9032696905, 0.033510860295],
      [0.0099403158732, 0.0087277569388, 0.0080822840281, 0.79678178079, 0.15933936831, 0.017128494063],
      [0.0031161328597, 0.0026522164472, 0.0014780634071, 0.43246181836, 0.47248969114, 0.087802077785],
      [0.028648306358, 0.066313145979, 0.0095629094618, 0.24019317043, 0.64608164847, 0.0092008193028]
    ],
    [
      [0.00096005535142, 0.06411148659, 0.45179534719, 0.071831519204, 0.409536746, 0.0017648456651],
      [0.010227113886, 0.017034716168, 0.043894383219, 0.012149896023, 0.86127278816, 0.055421102548],
      [0.077382798638, 0.06183751656, 0.019226992016, 0.54898264109, 0.24685401238, 0.045716039322],
      [0.018119249053, 0.014113803546, 0.0026685085884, 0.22949386578, 0.55585036931, 0.17975420372],
      [0.11738280524, 0.25724242841, 0.011718158468, 0.087640342376, 0.51337988769, 0.012636377817]
    ],
    [
      [0.0001178084764, 0.033157930042, 0.3892774451, 0.097637081292, 0.47844140162, 0.0013683334751],
      [0.0011222428615, 0.0079867195174, 0.03497700963, 0.014864417143, 0.90267020554, 0.038379405308],
      [0.0081550143085, 0.028613191235, 0.015315014522, 0.65750349678, 0.25881003818, 0.03160324497],
      [0.0019853394733, 0.0066445413071, 0.002142870941, 0.28027549315, 0.58565840445, 0.12329335068],
      [0.015179285964, 0.14554424041, 0.011828508635, 0.13482264552, 0.68151439986, 0.011110919608]
    ],
    [
      [0.00029660995142, 0.087236120927, 0.29632038195, 0.094583618818, 0.51963048996, 0.0019327783897],
      [0.0025749187982, 0.019087555628, 0.024796728145, 0.013112627034, 0.89108720557, 0.049340964826],
      [0.019279300251, 0.070309858684, 0.011198392416, 0.59382885014, 0.26360998379, 0.04177361472],
      [0.0045244672132, 0.015768924634, 0.0015148445057, 0.24516950153, 0.57561685021, 0.1574054119],
      [0.02924795949, 0.29198995733, 0.0070027714373, 0.098977594183, 0.56088122265, 0.011900494908]
    ],
    [
      [0.00027320991509, 0.076950163788, 0.38113962733, 0.11289394382, 0.42757577468, 0.0011672804613],
      [0.0028617115462, 0.020424714207, 0.038932543529, 0.018925163238, 0.8830516692, 0.035804198285],
      [0.016951739493, 0.059764013362, 0.014057064496, 0.67543587264, 0.20955853973, 0.024232770275],
      [0.0047289726888, 0.015895576106, 0.0022429332396, 0.33190170065, 0.53851314468, 0.10671767264],
      [0.030439669646, 0.28928500972, 0.010406762259, 0.13479075469, 0.52688041158, 0.0081973921043]
    ],
    [
      [0.00015125751301, 0.045835579739, 0.40994700848, 0.11357371714, 0.42865174993, 0.0018406872067],
      [0.0015588193742, 0.011981825648, 0.041252772368, 0.018741435228, 0.8709032108, 0.055561936583],
      [0.0094929849221, 0.036075333505, 0.015341411364, 0.68743283178, 0.21293355212, 0.038723886314],
      [0.0024771043694, 0.0089704106267, 0.0022867490477, 0.31587697588, 0.51104798473, 0.15934077535],
      [0.019173383789, 0.19596997663, 0.012786300376, 0.15467324421, 0.60264901395, 0.014748081045]
    ],
    [
      [0.0001854236271, 0.046830879633, 0.47204503331, 0.11138092086, 0.36855890589, 0.00099883668212],
      [0.0022249095629, 0.014256110414, 0.055373881672, 0.021402153892, 0.87166460812, 0.035078336344],
      [0.012327476271, 0.039053026311, 0.018743135308, 0.71359076723, 0.19403202134, 0.022253573542],
      [0.0035713164114, 0.010781711092, 0.0031010546084, 0.36423849594, 0.51680897405, 0.1014984479],
      [0.025657726478, 0.21840799234, 0.016091383453, 0.16555662528, 0.56555251703, 0.0087337554149]
    ],
    [
      [0.00044498635365, 0.0280605416, 0.49920160794, 0.1033324419, 0.36818700839, 0.00077341382212],
      [0.0053929301506, 0.0086193016873, 0.058390253531, 0.020029107789, 0.88012626913, 0.02744213771],
      [0.031355491282, 0.024677967278, 0.020598700372, 0.70113369911, 0.20406081525, 0.018173326705],
      [0.0090193382403, 0.006785260698, 0.0033962408822, 0.35567780033, 0.5423694187, 0.082751941146],
      [0.066401585466, 0.14021056294, 0.017937205537, 0.16425531239, 0.60396633544, 0.0072289982257]
    ],
    [
      [0.00028967071188, 0.047228503522, 0.46026533015, 0.11040030115, 0.38072715378, 0.0010890406876],
      [0.003368575233, 0.013924201021, 0.052102201237, 0.020551848521, 0.87297108071, 0.037082093279],
      [0.01910439059, 0.039005036007, 0.018011874163, 0.70143600992, 0.19840512888, 0.024037560445],
      [0.0054439284586, 0.010598895953, 0.0029346471073, 0.35228593635, 0.52065240633, 0.1080841858],
      [0.038850437156, 0.21337914693, 0.015097208922, 0.15866838056, 0.56479809347, 0.0092067329645]
    ],
    [
      [2.6573707216e-06, 0.005217777255, 0.48486398291, 0.05252886124, 0.45616646192, 0.0012202593051],
      [2.486555392e-05, 0.0013903845277, 0.034962447817, 0.0083510370173, 0.9185868824, 0.036684382686],
      [0.00019343902136, 0.0067865021243, 0.020416021733, 0.58799598909, 0.34317439708, 0.041433650952],
      [4.9039160602e-05, 0.0013372489663, 0.0023849350399, 0.18559946178, 0.66742596905, 0.143203346],
      [0.00018511560697, 0.022760380148, 0.01450094556, 0.095595778489, 0.85395375783, 0.013004022368]
    ],
    [
      [2.730587871e-06, 0.024059400534, 0.83832832898, 0.016420201721, 0.1210991881, 9.0150082126e-05],
      [8.7102498888e-05, 0.019617095119, 0.15916567112, 0.0087492954035, 0.80389696624, 0.0084838696168],
      [0.00070433324785, 0.090176501582, 0.078232233972, 0.55992208876, 0.26259833681, 0.0083665056321],
      [0.00020919188426, 0.022118741725, 0.012215500958, 0.23870964118, 0.69052196921, 0.036224955046],
      [0.00066387862572, 0.4165958867, 0.040805185346, 0.065255540607, 0.47469632387, 0.0019831848534]
    ],
    [
      [0.00061676019033, 0.01274643056, 0.28206164351, 0.29155664821, 0.41261080407, 0.00040771346495],
      [0.0067417211319, 0.0035377042126, 0.025599987124, 0.048568518859, 0.90263304399, 0.012919024678],
      [0.017895205631, 0.0042122253224, 0.003615939137, 0.88768259042, 0.083053954718, 0.0035400847733],
      [0.00738702812, 0.001783516141, 0.00091482345849, 0.6263918164, 0.33960016023, 0.023922655655],
      [0.08528510748, 0.045690939675, 0.0064147826479, 0.35593050744, 0.50384515538, 0.0028335073813]
    ],
    [
      [0.00023302845412, 0.073434371349, 0.35125781122, 0.16276622922, 0.41098626715, 0.0013222926021],
      [0.0025041974436, 0.020003443496, 0.036827689739, 0.028000696574, 0.87103972073, 0.041624252014],
      [0.011231485635, 0.044347421605, 0.010079162455, 0.75633157804, 0.15665645402, 0.021353898237],
      [0.0035432724884, 0.01333132715, 0.001816854578, 0.4203093905, 0.45474821318, 0.1062509421],
      [0.025382067453, 0.26999574609, 0.0093941491641, 0.19026822901, 0.49586641838, 0.009093389904]
    ],
    [
      [0.00017265864647, 0.049810027376, 0.42424717197, 0.093147028284, 0.43127122055, 0.0013518931651],
      [0.0017960114087, 0.013109496715, 0.042160394058, 0.015499941096, 0.88615882982, 0.041275326899],
      [0.012439347804, 0.044813564702, 0.017703447768, 0.64819620572, 0.24429198916, 0.032555444842],
      [0.0031231251999, 0.010728898812, 0.0025470109996, 0.28637242139, 0.56728230277, 0.12994624083],
      [0.022119592989, 0.2163700284, 0.012993417912, 0.1276615673, 0.60995687781, 0.010898515588]
    ],
    [
      [0.00014081119104, 0.043634979293, 0.55476535697, 0.053262040312, 0.34792960238, 0.00026720986018],
      [0.0018267953304, 0.014145485605, 0.061317829499, 0.010974137811, 0.90166880612, 0.010066945632],
      [0.015828747891, 0.05940488376, 0.030649946735, 0.59157586133, 0.29289447769, 0.0096460825921],
      [0.003863000077, 0.013965314215, 0.0043916346821, 0.250656913, 0.68907325351, 0.038049884518],
      [0.023250170345, 0.25049931729, 0.018658208805, 0.091308204522, 0.61361179011, 0.0026723089241]
    ],
    [
      [0.00062163500561, 0.011908045978, 0.43387987445, 0.18753861748, 0.36573449236, 0.00031733472832],
      [0.0075128552265, 0.0036044745751, 0.042978889443, 0.035211844418, 0.89963045656, 0.011061479777],
      [0.029639929053, 0.0062253341976, 0.0087244808173, 0.83566085618, 0.11537310438, 0.0043762953706],
      [0.010495751527, 0.0023051753928, 0.0019358871757, 0.53708889062, 0.42250741172, 0.025666883561],
      [0.10751720532, 0.051596230372, 0.011884761826, 0.27759960155, 0.54868579825, 0.002716402679]
    ],
    [
      [0.00021995095536, 0.024187664262, 0.56138406587, 0.10570473194, 0.30706706471, 0.0014365222582],
      [0.0030231553421, 0.0084279409685, 0.074457899468, 0.023247020345, 0.83290272809, 0.05794125579],
      [0.015776676762, 0.021695279661, 0.023624669605, 0.73074319396, 0.17365712632, 0.034503053688],
      [0.0045251099796, 0.0059389566768, 0.00387613813, 0.36931990427, 0.45934042896, 0.15699946198],
      [0.038058651223, 0.14063390283, 0.023474954787, 0.19559512968, 0.58659327035, 0.015644091125]
    ],
    [
      [0.00019109079419, 0.042318046284, 0.40811688693, 0.10535066617, 0.44328907648, 0.0007342333383],
      [0.0019803310456, 0.011121103515, 0.041300246248, 0.01747929126, 0.90584874768, 0.022270280251],
      [0.01285090003, 0.035658123761, 0.016354795172, 0.68287027121, 0.23572873393, 0.016537175895],
      [0.0034829541628, 0.0092134459041, 0.0025333283245, 0.32604971805, 0.58810395134, 0.070616602217],
      [0.024480625991, 0.1826683597, 0.012852848365, 0.14483759839, 0.6292219384, 0.0059386291519]
    ],
    [
      [0.00024623374285, 0.048620384464, 0.38066830182, 0.11519110564, 0.45433153956, 0.00094243476988],
      [0.0024776399248, 0.012402468656, 0.037435179553, 0.018554323299, 0.90136915574, 0.027761232826],
      [0.015305871302, 0.037844911501, 0.014104992072, 0.68995971993, 0.22317684378, 0.019607661411],
      [0.0042054547975, 0.0099152605844, 0.0022159770447, 0.33404023448, 0.56466658137, 0.084956491726],
      [0.029662978009, 0.19730524402, 0.011273577614, 0.14878976005, 0.60580712593, 0.0071613143791]
    ],
    [
      [0.00019090389053, 0.05399293368, 0.40543954538, 0.12024908464, 0.4191467123, 0.00098082011018],
      [0.0020532668956, 0.014720719994, 0.04245149171, 0.020700144972, 0.88917830514, 0.030896071291],
      [0.011676023167, 0.041359006578, 0.014719205434, 0.70957278826, 0.20258389495, 0.020089081605],
      [0.0033442656266, 0.011291933963, 0.0024098747919, 0.35784727652, 0.53432012756, 0.090786521541],
      [0.023553693079, 0.22476446024, 0.012247755958, 0.15915401064, 0.57264354155, 0.0076365385327]
    ],
    [
      [0.00024007258676, 0.035891203145, 0.4232903426, 0.12977878749, 0.40938059925, 0.001418994932],
      [0.0026037095906, 0.0098780104726, 0.044949234195, 0.022541159357, 0.87498492208, 0.045042964308],
      [0.013985968297, 0.02623223841, 0.014758636571, 0.72838160471, 0.18892922931, 0.027712322703],
      [0.0039918477116, 0.0071361336835, 0.0024053409453, 0.36634220212, 0.4956185052, 0.12450597034],
      [0.031685304922, 0.15944561244, 0.01378891544, 0.18399505328, 0.59924889759, 0.011836216318]
    ],
    [
      [0.00025090015984, 0.046204944162, 0.47526376083, 0.10317186703, 0.37368983084, 0.0014186969691],
      [0.0029335555518, 0.013702578017, 0.054194091936, 0.019315298907, 0.86128511874, 0.048569356853],
      [0.017322039343, 0.039986518856, 0.01953192361, 0.6862258154, 0.20412117472, 0.032812528062],
      [0.0047181974148, 0.010382656337, 0.0030397620687, 0.32939854389, 0.51152980855, 0.14093103174],
      [0.034557738127, 0.21440367949, 0.01606661321, 0.1524831477, 0.57015357818, 0.012335243294]
    ],
    [
      [0.00021751011708, 0.035456030962, 0.44070149188, 0.11587259091, 0.406742803, 0.0010095731207],
      [0.0024058069542, 0.0099498099134, 0.047622239774, 0.020521247613, 0.88681539755, 0.032685498196],
      [0.013898671173, 0.028408078722, 0.016801359418, 0.71356784747, 0.20570905032, 0.021614992896],
      [0.003925914667, 0.0076495945059, 0.0027110195478, 0.35511236348, 0.53442959557, 0.09617151223],
      [0.029651677978, 0.16271368363, 0.014782127247, 0.16958127886, 0.6145789181, 0.008692314189]
    ],
    [
      [0.00021800624984, 0.051421116489, 0.37116756504, 0.12042382812, 0.45549229682, 0.001277187277],
      [0.0021667544639, 0.012962117888, 0.036049507473, 0.0191650129, 0.89249148643, 0.037165120842],
      [0.013037725305, 0.038554520379, 0.013246444562, 0.69399788192, 0.2155681909, 0.025595236937],
      [0.0035559176775, 0.010022042403, 0.0020640532869, 0.33349724249, 0.54084769663, 0.11001304752],
      [0.025752456009, 0.20472987428, 0.01079310057, 0.15274264823, 0.5964511674, 0.0095307535115]
    ],
    [
      [0.00021169242365, 0.065653727829, 0.36726870119, 0.1278692822, 0.43778019929, 0.0012163970657],
      [0.0021725314594, 0.017064312654, 0.036629180268, 0.020998948061, 0.886546288, 0.036588739562],
      [0.012132738344, 0.047072748715, 0.012456548451, 0.70701121711, 0.19799082917, 0.023335918206],
      [0.0034633501746, 0.012808107194, 0.0020340315216, 0.35538014243, 0.52099223917, 0.1053221295],
      [0.024030224497, 0.25187904839, 0.010177273906, 0.1555586563, 0.5496492382, 0.0087055587047]
    ],
    [
      [0.00057107418258, 0.019706500587, 0.61137854368, 0.12854023217, 0.23887034937, 0.00093330001446],
      [0.0097240193004, 0.0084942518144, 0.094174338124, 0.034918767439, 0.80591730142, 0.046771321903],
      [0.036453921155, 0.015575892755, 0.021093875285, 0.78838485788, 0.11869710397, 0.019794348956],
      [0.012655593366, 0.0051926964082, 0.0042092582002, 0.48382683851, 0.38354213162, 0.11057348189],
      [0.10673057274, 0.12202855013, 0.02518512424, 0.25188784786, 0.48340554267, 0.010762362356]
    ],
    [
      [0.0002901725384, 0.021940570721, 0.53402121988, 0.13158286511, 0.31129788034, 0.00086729140634],
      [0.0040265569912, 0.0077039416544, 0.068903992685, 0.029140777472, 0.85488029256, 0.035344438639],
      [0.017839231207, 0.016720471525, 0.01826514449, 0.78064801564, 0.14885986244, 0.017667274697],
      [0.005776271297, 0.0051915920248, 0.0034044516291, 0.44555569659, 0.44859079871, 0.091481189747],
      [0.048657750994, 0.12269509683, 0.020412858417, 0.23246820368, 0.56676606017, 0.0090000299132]
    ],
    [
      [1.4165780832e-05, 0.0047437220019, 0.76606450342, 0.045303660335, 0.18359854512, 0.0002754033446],
      [0.00031989961732, 0.0027908390002, 0.11243739801, 0.016411791476, 0.84957231039, 0.018467761505],
      [0.0021553550897, 0.009364572782, 0.044054554549, 0.71155524614, 0.21860940867, 0.014260862775],
      [0.00061464602741, 0.0025197569767, 0.0070491400679, 0.34157316039, 0.58326410382, 0.064979192723],
      [0.0046655914586, 0.055551951497, 0.041599358048, 0.17063931929, 0.72146834363, 0.0060754360764]
    ],
    [
      [0.00017345560618, 0.062572176335, 0.39766472051, 0.13940540895, 0.39909476255, 0.0010894760546],
      [0.0019318901817, 0.017663712988, 0.04302303136, 0.024853824557, 0.8769784459, 0.035549095018],
      [0.0095506909611, 0.043167638112, 0.012970092164, 0.74048736721, 0.17372389519, 0.020100316363],
      [0.0029133510571, 0.012545540549, 0.0022605361438, 0.39773772636, 0.48780505632, 0.096737789571],
      [0.020716676281, 0.25256335438, 0.011607091102, 0.17873399823, 0.52816163422, 0.0082172457821]
    ],
    [
      [2.2943274973e-05, 0.0071405943531, 0.69861661834, 0.085896241932, 0.20812512075, 0.00019848134177],
      [0.00046145048796, 0.0036993119158, 0.098853962698, 0.027591715543, 0.85766879226, 0.011724767091],
      [0.0021019144077, 0.0083624055865, 0.026277423247, 0.80802384208, 0.14910340552, 0.0061310091559],
      [0.00073162328952, 0.0027485323169, 0.0051384468748, 0.47554708115, 0.48298299735, 0.032851319017],
      [0.0060312902111, 0.066034489983, 0.032348494446, 0.25356843448, 0.638589675, 0.0034276158765]
    ],
    [
      [0.000271337942, 0.054245580765, 0.3601470248, 0.14595956166, 0.43777016758, 0.0016063272554],
      [0.0027553263326, 0.013978626326, 0.035864924609, 0.023739007325, 0.87593061058, 0.047731504832],
      [0.014105833361, 0.035390027454, 0.011229161664, 0.73090618595, 0.18037140176, 0.027997389808],
      [0.0041006014479, 0.0098036731153, 0.0018636760385, 0.37444736423, 0.4817534691, 0.12803121607],
      [0.031136194077, 0.20962099738, 0.010222966217, 0.17999582341, 0.55736991927, 0.011654099649]
    ],
    [
      [0.00015375624873, 0.074226946062, 0.33984068044, 0.14162153387, 0.4427851732, 0.001371910177],
      [0.0015478085953, 0.018786859218, 0.032480987662, 0.022734148735, 0.88373297062, 0.040717225171],
      [0.008088658888, 0.048436293058, 0.010199524665, 0.72769588376, 0.18155324719, 0.024026392438],
      [0.002375046461, 0.013532866455, 0.0017230227061, 0.37347770699, 0.49573297, 0.11315838739],
      [0.016585252616, 0.27707882474, 0.0086626254831, 0.16318812878, 0.52519947371, 0.0092856946691]
    ],
    [
      [0.00022730133541, 0.032929826103, 0.46178766977, 0.13958780895, 0.36471533828, 0.00075205557202],
      [0.0027737936439, 0.010184394962, 0.054471198976, 0.027242545851, 0.8784450921, 0.026882974472],
      [0.012978234142, 0.02350159395, 0.015483504796, 0.76964056637, 0.16405246737, 0.014343633371],
      [0.0041342206281, 0.0071445255133, 0.0028230363524, 0.43156208872, 0.48213624752, 0.072199881265],
      [0.032423266521, 0.1580554348, 0.015936791177, 0.21289985656, 0.57394069531, 0.0067439556291]
    ],
    [
      [0.00022058660156, 0.024256352361, 0.59623559306, 0.082172348208, 0.29620618659, 0.00090893317497],
      [0.0031961641074, 0.0089199751616, 0.084615081435, 0.019068168602, 0.84566405685, 0.038536553844],
      [0.019268701913, 0.026581734771, 0.031177652524, 0.69140563109, 0.20495982884, 0.026606450865],
      [0.0053769415317, 0.0070710142895, 0.0049684208419, 0.34002971915, 0.52570437002, 0.11684953416],
      [0.040789070348, 0.15090261162, 0.027213827143, 0.16318136609, 0.60729465547, 0.010618469337]
    ],
    [
      [0.00016271930989, 0.022745334556, 0.61675060952, 0.09887565375, 0.26090317964, 0.00056250322266],
      [0.0026467280558, 0.0093422816414, 0.093609713114, 0.025668844752, 0.84183056442, 0.026901868012],
      [0.012962649782, 0.022433439506, 0.027410315046, 0.76084370929, 0.16146950632, 0.014880380056],
      [0.0041377778196, 0.0068536068, 0.0050339361742, 0.42761670744, 0.48027673467, 0.076081237094],
      [0.032581266047, 0.15317498631, 0.028346186576, 0.20932684158, 0.56956914289, 0.0070015765964]
    ]
  ],
  "expected_outcome": [
    [
      [0.0021992124942, 0.015506336449, 0.01992989854, 3.1696190504e-05, 0.0013561246667, 0.0086770292836, 0.0087799412519, 0.00037613824175, 0, 0.027219160618, 0.021926584306, 0.00020790135281, 0.00066307268944, 0.0057603321085, 0.00094246781121, 0.0053389791256, 0.015299755245, 0.010588025911, 0.019284057218, 0.013794576963, 0.016221559865, 5.3147414433e-06, 2.730587871e-06, 0, 0.015379877972, 0.0024172210506, 0.00084486714627, 0.003108175028, 0.0123172535, 0.022930895302, 0.028809347913, 0.012408752884, 0.038651686469, 0.017312111029, 0.022838562293, 0.019184549986, 0.010584621182, 0.0051396676432, 0.0026115528456, 2.8331561664e-05, 0.0074585910658, 6.8829824919e-05, 0.049112167502, 0.0015375624873, 0.007728245404, 0.053823130779, 0.0039052634374],
      [0.16701590584, 1.8748909702, 4.6065418741, 0.012476612035, 0.96502534858, 3.2280565041, 1.2664186371, 0.16551064955, 0, 0.63565870007, 3.1004289459, 0.093715523032, 0.047583983897, 0.38466891954, 0.26526344034, 1.5702501767, 4.3092091721, 3.2084905818, 4.8704114818, 0.8698767896, 2.6447961973, 0.01043555451, 0.024059400534, 0, 4.846668509, 0.69734038327, 0.26180987576, 0.059540229892, 1.3545091987, 5.0781655541, 5.6885849823, 3.5095406892, 5.7784837064, 3.1881411472, 3.722883251, 4.525058251, 3.2826863915, 0.17735850529, 0.19746513649, 0.0094874440038, 2.6906035824, 0.021421783059, 9.8184501185, 0.74226946062, 1.1196140875, 5.9185499762, 0.54588802935],
      [3.8303596643, 21.4505055819, 46.5404455936, 0.27929142889, 2.8786550209, 18.4577948204, 9.8569634004, 4.9199695939, 0, 11.5288180932, 22.3112140521, 3.6567666338, 1.0109609895, 2.7107720831, 3.1142195608, 5.3337668751, 21.3438191306, 28.6962905935, 49.092683464, 15.4752498461, 25.7748584881, 0.96972796581, 0.83832832898, 0, 23.1830155407, 5.9394604076, 3.3285921418, 2.1693993723, 31.4375076889, 48.974026432, 44.5381913129, 26.3535704496, 68.1497451581, 32.7931994975, 46.2736566476, 32.6627457236, 18.3634350597, 5.5024068931, 4.8061909789, 1.5321290068, 17.0995829821, 2.095849855, 65.1866114881, 3.3984068044, 15.700780772, 145.4814847074, 14.8020146284],
      [0.79580381307, 7.110958891, 11.4024161107, 0.05287639289, 0.84841561078, 5.3095086405, 3.5895657777, 0.68790285303, 0, 1.8740694119, 6.4261739871, 0.53335365928, 0.53512394069, 0.43098911523, 0.78109665033, 1.7025051387, 6.3220608542, 7.9501601995, 11.5836157697, 3.2033056988, 6.1824168645, 0.10505772248, 0.016420201721, 0, 10.7425711286, 1.304058396, 0.31957224187, 0.93769308739, 5.9194649888, 12.6420799409, 13.4773593603, 7.8161905014, 20.8943847855, 7.1188588254, 12.1666220461, 10.5972968749, 6.3934641099, 1.1568620895, 1.184245786, 0.090607320671, 5.9944325847, 0.25768872579, 26.4186806605, 1.4162153387, 4.7459855042, 20.0500529628, 2.37301569],
      [3.198126234, 24.452898674, 42.2862920574, 0.65217413721, 3.2594810129, 19.9183429657, 15.2257444427, 3.2205261443, 0, 6.8992685989, 24.068954375, 1.7012250095, 1.4021665156, 2.457220476, 3.8275312129, 9.3533488193, 23.9442433821, 30.0056224949, 38.3301262124, 11.4137972601, 21.3207206117, 0.91233292384, 0.1210991881, 0, 27.125093632, 6.0377970878, 2.0875776143, 1.8286724618, 17.1957556236, 53.1946891771, 53.1567901285, 27.2445362998, 65.9102764794, 25.784598328, 42.7079943154, 40.0833221202, 21.8890099644, 2.1498331443, 2.8016809231, 0.36719709024, 17.1610747895, 0.62437536226, 79.2364003321, 4.427851732, 12.4003215014, 72.2743095281, 6.2616763115],
      [0.0064951702322, 0.095239546537, 0.14437446553, 0.0031497327821, 0.047066882181, 0.077620040005, 0.052527800768, 0.0057146209425, 0, 0.034966035276, 0.071302055636, 0.014731273036, 0.0035014975852, 0.010589073991, 0.010946667801, 0.034790011014, 0.065367705832, 0.12884810447, 0.10387901494, 0.023975828486, 0.060986278506, 0.0024405186102, 9.0150082126e-05, 0, 0.087271311741, 0.018926504311, 0.0016032591611, 0.0015866736416, 0.08044524646, 0.088108000596, 0.11026486808, 0.063753307162, 0.22845818406, 0.097890090866, 0.10600517767, 0.11239248038, 0.060819853286, 0.0083997001302, 0.0078056226571, 0.00055080668919, 0.046847470347, 0.0005954440253, 0.29074523323, 0.01371910177, 0.025569889449, 0.22177969469, 0.013500077344]
    ],
    [
      [0.23642287936, 1.7300338098, 0.95550873299, 0.0092419271761, 0.064885705602, 0.57696210935, 0.45308597508, 0.040844901698, 0.27828726635, 0.99234021758, 2.1011361237, 0.016044848291, 0.11787018004, 0.73635219982, 0.11110204329, 0.38623781973, 1.2477062341, 0.80123315834, 1.4528659446, 1.3158749568, 1.2665842876, 0.00044757997057, 0.0020033574744, 0.19550991282, 0.69867108676, 0.24964558581, 0.054803859913, 0.082641407491, 0.39301019447, 0.53270905127, 0.91672677217, 0.54411572734, 1.6221110749, 1.3846382205, 1.1187002337, 0.87103529448, 0.43016122897, 0.35006469481, 0.36239012921, 0.0044785946425, 0.4114926087, 0.0050759553676, 2.8848266703, 0.14549400796, 0.62410356987, 3.6276462619, 0.11910276251],
      [0.45370203148, 5.3063281558, 5.6030088479, 0.093202328084, 1.1472010111, 5.4377804128, 1.6546271075, 0.4560466811, 0.045508013224, 0.58441853534, 7.5334620869, 0.18341543988, 0.21448200381, 1.2264995641, 0.79068523222, 2.8631333441, 8.9051753942, 6.158658383, 9.3092401002, 2.1031096117, 5.2354995837, 0.025026921499, 0.45119318774, 0.10259342216, 5.5809607353, 1.8222200434, 0.42436456814, 0.039649220326, 1.0956323259, 2.9915768456, 4.5889134027, 3.9009907984, 6.1540005244, 6.4676168239, 4.6266616097, 5.2107713909, 3.3787339055, 0.30579306532, 0.69335474889, 0.039071746003, 3.7623708665, 0.040692431074, 14.6356217634, 1.7659647665, 2.2914888665, 10.1241718084, 0.42040267386],
      [3.7968944705, 23.3744689064, 21.8037917442, 0.7222610209, 1.2669322405, 11.9383477829, 4.9254227237, 4.9098671873, 0.15364992915, 3.9330173445, 20.8672213574, 2.4169385389, 1.6395953141, 3.1603955918, 3.4627239534, 3.7195092218, 16.9745889786, 21.2039249974, 36.1591447317, 14.2472218615, 19.5904276651, 0.6293240607, 3.6608104357, 0.74239962659, 10.2749254373, 5.860294774, 1.839534885, 0.47276778387, 9.6795269308, 11.1097662406, 13.8510164348, 11.2496453031, 28.0033729034, 25.5796113938, 22.144341495, 14.4919020041, 7.2525776931, 3.3902761725, 6.2013593416, 1.5741235721, 9.1639056797, 1.0873935897, 37.5505760654, 3.0532128402, 12.2560197695, 96.0381174289, 4.2124370901],
      [1.3627068974, 12.7009319437, 8.7546513351, 0.24740090453, 0.64643133122, 5.6504508972, 2.9624894312, 1.1936753748, 0.29381279764, 1.0891543787, 9.8582778726, 0.65834216861, 1.5051222084, 0.87479251363, 1.4715772972, 1.9668940551, 8.2513711719, 9.6330977073, 13.9756064913, 4.8871023006, 7.7274950438, 0.15031866631, 0.20123379428, 1.4084870469, 7.812194344, 2.1544918124, 0.32922413434, 0.38733028859, 3.0221126449, 4.7019293489, 6.8650996208, 5.4855384175, 14.0431422796, 9.1168210841, 9.54238014, 7.7043351859, 4.1577917162, 1.2570756278, 2.6226699725, 0.22976508067, 5.2938646306, 0.30350887097, 24.8547406692, 2.1370099811, 6.1295728164, 21.6423713637, 1.1550980139],
      [68.0994143698, 537.7739639715, 399.6189172568, 38.137622615, 31.0510226252, 261.2655672524, 155.0530044456, 69.5703903217, 12.917197305, 49.6496979826, 454.6377560689, 26.298374807, 49.6798329775, 62.0116407473, 89.3643503484, 133.6630808354, 385.010527769, 447.6442503504, 569.1969890993, 214.7508096682, 328.2371263468, 16.5345638832, 18.4896302236, 26.1763582758, 243.0200820847, 123.1760773455, 27.0500641837, 9.8959350222, 108.2773546512, 243.673313126, 333.506587624, 235.6322508616, 545.1156064535, 406.5265760433, 412.3691598605, 358.7815775463, 175.536165023, 29.0130228511, 76.9392263303, 11.8940123455, 186.7964089758, 9.4343567149, 917.099349273, 83.0708992381, 197.6501457215, 959.8287045242, 37.8823753991],
      [2.0508593514, 31.1142732128, 20.2641220831, 2.7902712043, 6.8235270864, 15.1308915453, 7.9513703168, 1.8291755334, 0.31154468858, 3.7513715413, 20.0021464905, 3.4268841973, 1.8430973162, 3.9903193834, 3.7995611255, 7.4011447239, 15.6106304522, 28.5588354036, 22.9061536329, 6.6958816013, 13.942867073, 0.66031888835, 0.19512900119, 0.37465171567, 11.6131663119, 5.737270439, 0.30200836895, 0.12167627755, 7.5323632527, 5.9907053876, 10.2716561455, 8.187458892, 28.0617667642, 22.9247364344, 15.198756661, 14.9403785784, 7.2445704332, 1.6837675885, 3.1809994775, 0.25854866106, 7.5719572388, 0.128972438, 49.9748855588, 3.8274191661, 6.0486692562, 43.7389886129, 1.2105840605]
    ],
    [
      [0.95978434398, 6.799220677, 9.052273086, 0.034180705097, 0.39219897647, 3.0659942284, 2.6996119249, 0.12674506157, 2.5506718568, 8.9860107535, 11.2400974815, 0.088464628263, 0.26838852858, 2.553632355, 0.58716103021, 1.4266682186, 4.6278248817, 4.138941426, 8.4566487221, 6.5846531691, 7.8328001417, 0.00096719510681, 0.0042259994871, 0.12526643942, 5.2563352774, 1.7415086926, 0.28491746203, 0.50387879389, 4.4805762005, 5.1403600121, 5.7550076096, 3.3510186489, 12.4475117847, 9.7176640715, 7.6998638301, 7.5097297759, 3.0453173244, 4.7754636713, 1.6768877335, 0.056039232332, 3.5337556556, 0.058853603416, 18.3093717028, 0.42869892107, 2.5437338918, 16.9757263854, 1.19256378],
      [0.89574949168, 10.3016118164, 26.2442047015, 0.17162222448, 3.4192758652, 14.2793319092, 4.8594958818, 0.70053120153, 0.18684681354, 2.5730588259, 19.9067202715, 0.5032311635, 0.23564943735, 2.0406380465, 2.0601497689, 5.2029295426, 16.3155756478, 15.7288454083, 26.7903760492, 5.1823731283, 15.9920647627, 0.033932510622, 0.54105900949, 0.029485577257, 20.7545933111, 6.2738990583, 1.0692879077, 0.10583068136, 6.1614594239, 14.2632495043, 14.2296867244, 11.8700348879, 23.3466921847, 22.4324370782, 15.738075612, 22.2074037382, 11.8152599274, 2.0404419509, 1.5717243233, 0.24347889233, 15.9720261014, 0.23414735642, 45.9362556347, 2.5671235321, 4.6063124142, 23.4185083333, 2.0638764345],
      [0.91227585357, 5.6053468805, 12.6199836598, 0.16074755556, 0.45364128637, 3.8654427264, 1.782456216, 0.91558821203, 0.077162009817, 2.1202039946, 6.8091247751, 0.7956597859, 0.21822166876, 0.63449073652, 1.1026810456, 0.82868103877, 3.8375786074, 6.6888553546, 12.8577908211, 4.3257270781, 7.3848684069, 0.10208010866, 0.46939340383, 0.025311573959, 4.7170480291, 2.4784826875, 0.55169904122, 0.14831617389, 6.7094061678, 6.5419180688, 5.3034770192, 4.2244119597, 13.1351865483, 10.9574091454, 9.3079531178, 7.629952068, 3.1265936612, 2.7632976623, 1.716923582, 1.1454184183, 4.7989341008, 0.73576785093, 14.5754518393, 0.54057480722, 3.0347669401, 27.4675118738, 2.5217489842],
      [33.5888034153, 300.52302732, 499.0127111997, 6.0055346553, 23.9353750893, 181.0239499515, 106.4390167069, 23.1201339138, 15.8714387178, 58.9571695697, 317.2773402053, 22.8046034858, 21.5131080814, 18.1164271558, 47.3402517684, 43.9433349107, 184.3939932311, 299.720714655, 489.5232663196, 147.2380768136, 287.5887640653, 2.9399799454, 3.3595325326, 6.2137781329, 353.9631785244, 90.747468801, 10.6483655039, 14.2062345551, 207.5310670855, 273.1481084853, 259.4248546948, 203.6473902316, 648.2596281884, 384.972682442, 395.3165875002, 399.7427799834, 177.4598154955, 103.2784163824, 73.3809134704, 18.5004363996, 273.980325867, 22.6246675784, 948.7162293668, 38.5678818394, 150.8495510094, 609.1283609865, 69.9976212545],
      [10.7132902298, 84.7876829024, 152.088664985, 5.4659397796, 7.2330264243, 55.580909611, 36.8228419503, 8.4926702203, 4.0214504868, 17.558361207, 97.5330378786, 5.6696998391, 4.3021629442, 8.1461824085, 18.634322749, 19.5071388001, 57.209481347, 92.8390287231, 133.1059666382, 42.8527712029, 81.3461028407, 1.7158719854, 1.5755900208, 0.58137768303, 73.3152204829, 34.2008784828, 5.2721005985, 1.9613427745, 49.3186238751, 94.2914935714, 83.9144932617, 58.1415778512, 168.1470140887, 114.5119790199, 113.9628138753, 124.1672779587, 49.6956981219, 15.5493206199, 13.9928270693, 5.6838446253, 64.2778412209, 4.1748953545, 234.122079486, 9.6223221011, 32.1542836039, 180.5696092091, 14.8551945817],
