{
  "Z_true": {},
  "V_true": [
    [1419, 126, 3421, 516, 83],
    [491, 72, 7177, 780, 138],
    [531, 5541, 952, 11015, 639],
    [160, 181, 835, 385, 205],
    [163, 200, 474, 873, 722]
  ],
  "p_true": [
    [0.255, 0.0226, 0.6147, 0.0927, 0.0149],
    [0.0567, 0.0083, 0.8289, 0.0901, 0.0159],
    [0.0284, 0.2967, 0.051, 0.5897, 0.0342],
    [0.0906, 0.1025, 0.4728, 0.218, 0.1161],
    [0.067, 0.0822, 0.1949, 0.359, 0.2969]
  ],
  "Z_est": [
    [
      [33.9005, 28.5185, 21.6016, 16.9039, 5.7703, 43.4436, 53.597, 64.1574, 35.1027, 0, 34.455, 21.6939, 56.2231, 14.8879, 5.1716, 0.58, 2.0529, 26.41, 37.4329, 13.0386, 6.769, 24.4868, 3.0562, 0, 105.3814, 8.0452, 31.8659, 1.1722, 1.6815, 6.0662, 6.5471, 8.2131, 15.9238, 20.233, 25.5594, 33.0682, 0, 5.3264, 5.0133, 48.2702, 9.0821, 0, 7.3048, 3.2417, 8.0636, 10.1248, 483.2037, 15.7204, 185.1489, 86.2932],
      [0.8055, 1.0651, 0.6136, 0.5175, 0.1372, 1.3793, 1.6106, 1.9409, 1.0417, 0.2873, 1.8811, 0.7192, 1.8581, 0.5547, 0.2328, 0, 0.0476, 0.9996, 1.1365, 0.3922, 0.1625, 0.7159, 0.0639, 0.0382, 3.8403, 0.1302, 1.0699, 0.0947, 0.8957, 0.1849, 0.2016, 0.3451, 0.4652, 0.6984, 0.8364, 1.0026, 0.0264, 0.1346, 0.2114, 1.7852, 4.1433, 0, 0.195, 0.0557, 0.2559, 0.0207, 16.6819, 0.4617, 5.243, 2.7356],
      [63.4024, 59.6481, 37.6759, 40.2437, 5.8239, 84.5235, 108.4838, 126.7618, 55.1197, 1.6618, 85.4544, 50.9231, 121.8066, 39.3068, 15.1485, 3.907, 2.8178, 60.0622, 69.2457, 26.714, 9.6706, 39.9405, 3.8541, 2.8339, 313.4601, 7.6928, 71.2353, 6.4323, 4.8132, 10.372, 10.73, 24.0114, 30.2156, 41.4348, 50.9842, 62.0085, 2.5157, 8.3049, 14.577, 137.5824, 57.7195, 0, 13.2202, 2.5969, 17.9679, 37.6829, 1120.4222, 22.9036, 311.0333, 203.6542],
      [0.5883, 0.5348, 1.0222, 2.2628, 0.264, 2.3957, 3.0298, 3.7802, 0.5467, 0.0469, 3.0196, 4.6363, 9.8621, 3.2253, 0.3992, 1.513, 0.0706, 2.3154, 1.9964, 0.8391, 0.3696, 1.735, 0.0175, 0.1279, 6.7935, 0.0951, 0.6239, 3.3007, 1.5504, 0.3462, 0.4806, 2.4165, 0.2793, 1.4778, 0.4635, 1.7149, 0.4579, 0.2175, 1.0876, 3.3301, 1.0334, 0, 0.2707, 0.1057, 0.6711, 0.1693, 33.0984, 0.8157, 7.7768, 3.9774],
      [0.3033, 0.2335, 0.0867, 0.0721, 0.0046, 0.258, 0.2787, 0.3596, 0.1892, 0.004, 0.1899, 0.0276, 0.2501, 0.0253, 0.0479, 0, 0.0112, 0.2128, 0.1885, 0.0161, 0.0284, 0.1218, 0.0083, 0, 0.5247, 0.0367, 0.2049, 0, 1.0592, 0.0307, 0.0407, 0.0138, 0.1162, 0.156, 0.1565, 0.2058, 0, 0.0166, 0.1107, 0.0322, 0.0218, 0, 0.0092, 0, 0.0415, 0.0023, 2.5937, 0.0987, 0.7979, 0.3395]
    ],
    [
      [14.262, 11.5979, 6.1638, 3.6169, 2.6, 17.5416, 18.4003, 22.0019, 13.2202, 0, 10.6887, 6.4899, 16.1997, 2.3056, 0.3965, 0.2472, 1.4082, 7.8579, 16.2218, 5.0579, 2.7375, 12.3641, 2.0111, 0, 28.8778, 5.8502, 11.7108, 0.4468, 0.2086, 2.386, 2.8715, 0.6231, 5.636, 7.4266, 7.7335, 10.9088, 0, 2.644, 1.2542, 10.2854, 3.3183, 0, 2.0166, 0.8766, 2.1181, 1.9842, 167.6824, 6.8451, 79.4768, 20.0946],
      [23.429, 24.0744, 7.6079, 2.5928, 2.3364, 21.5963, 19.1775, 24.5428, 18.7776, 1.1125, 18.2967, 6.6841, 20.5944, 5.6099, 4.9891, 0, 0.522, 21.3567, 18.259, 4.9007, 2.276, 13.5022, 1.3104, 1.6709, 27.3178, 2.8428, 15.2222, 0.4307, 0.4425, 3.136, 3.7779, 4.0377, 6.1227, 12.016, 12.1554, 14.2812, 0.1626, 1.4888, 1.2068, 16.429, 3.9002, 0.7016, 1.7632, 0.5648, 3.7246, 1.6375, 220.4248, 9.1683, 69.0564, 21.8429],
      [162.4003, 133.6231, 61.9792, 34.6191, 29.2323, 213.9512, 214.6205, 250.7437, 146.9409, 5.4081, 131.0413, 83.2901, 180.0228, 52.3395, 25.1705, 3.4451, 4.0807, 225.3719, 207.2839, 65.1393, 33.767, 164.6059, 6.2819, 6.0497, 330.058, 11.7733, 145.5098, 5.8747, 0.8605, 28.2684, 34.7577, 39.6393, 62.5021, 107.3463, 78.0733, 116.0552, 2.7066, 13.4182, 14.3906, 174.0831, 42.7052, 0, 18.4112, 7.1661, 20.095, 20.1243, 2036.0754, 81.2839, 493.1394, 202.9667],
      [6.773, 17.3551, 3.6443, 2.0356, 1.4136, 11.167, 11.8987, 14.4954, 8.9052, 0.2705, 5.1689, 3.03, 6.9216, 4.448, 1.53, 0.3077, 0.2867, 11.4992, 10.1821, 3.4404, 1.7275, 8.5081, 0.0313, 0.2794, 20.1385, 1.3089, 12.0004, 0.2478, 0.0594, 1.5372, 2.0341, 1.447, 3.3644, 6.209, 3.2677, 6.7766, 0.1308, 0.9233, 0.8372, 10.2791, 2.1481, 0.2984, 0.9737, 0.3925, 1.2266, 1.0452, 156.7228, 4.2409, 29.5123, 11.8552],
      [21.1357, 15.3496, 3.6048, 2.1356, 0.4176, 14.7439, 13.903, 19.2163, 11.1562, 0.2088, 8.8045, 2.5058, 9.2616, 2.297, 2.9139, 0, 0.7025, 13.9143, 10.0532, 1.4617, 1.492, 7.0197, 0.3654, 0, 16.6078, 2.2248, 11.5567, 0, 0.429, 1.6724, 2.5589, 1.2529, 7.3749, 10.0021, 8.7701, 11.9782, 0, 0.5258, 0.3113, 2.9234, 0.9282, 0, 0.8353, 0, 1.8356, 0.2088, 122.0946, 6.4618, 36.8152, 9.2407]
    ],
    [
      [3.1391, 1.7139, 7.6739, 3.4379, 1.6686, 5.1336, 9.2336, 12.2496, 10.6502, 0, 1.8567, 1.1783, 8.774, 0.7498, 0.2499, 0.0529, 0.2058, 1.4996, 4.9324, 1.2652, 2.1135, 2.976, 0.7651, 0, 5.4987, 1.7796, 1.8567, 0.0714, 0.0714, 1.344, 0.6773, 0.3928, 3.0451, 1.214, 5.0688, 7.7764, 0, 1.2376, 0.2499, 2.3923, 0.4999, 0, 1.9916, 1.6281, 1.6931, 0.7347, 27.315, 3.7948, 42.5967, 14.5355],
      [286.0379, 145.9213, 50.8793, 10.8785, 11.6785, 127.028, 100.1071, 140.1044, 129.0217, 4.6715, 137.141, 32.4582, 135.3075, 31.6659, 21.8386, 0, 2.8048, 110.7588, 101.1144, 22.1438, 8.307, 70.4109, 2.2049, 6.2909, 136.0117, 23.5228, 89.5165, 1.4894, 3.6276, 19.9967, 22.2041, 24.7167, 32.2906, 73.225, 86.6253, 86.5531, 0.5566, 9.1034, 6.748, 100.3068, 21.3474, 2.127, 8.8528, 2.5327, 14.3001, 8.2601, 1372.0608, 57.5872, 479.1632, 140.365],
      [32.997, 13.6168, 12.4457, 0.1539, 1.064, 21.9634, 27.8491, 54.5213, 28.3921, 0.9998, 44.9992, 18.0033, 33.6879, 13.3168, 14.4073, 0.0657, 0.5883, 21.9086, 34.4807, 4.1375, 4.2171, 28.6827, 0.1314, 1.1163, 113.2733, 3.0046, 21.1265, 0.2629, 0.3642, 6.11, 15.2239, 7.4895, 7.1465, 18.4763, 11.2485, 12.7365, 0.0876, 0.5276, 1.9774, 54.6214, 9.7299, 0, 1.4077, 3.8158, 1.4355, 5.2461, 328.9212, 8.1608, 38.2813, 14.9109],
      [538.7417, 437.5351, 104.3528, 60.5028, 28.5559, 250.8767, 320.771, 411.7474, 268.6826, 5.3121, 379.0553, 171.1621, 683.1071, 190.0859, 43.2672, 2.8814, 6.3702, 279.4087, 207.3007, 93.3379, 42.1465, 210.1334, 2.7944, 3.5928, 676.1994, 83.1813, 281.2513, 10.1764, 7.7284, 38.5386, 58.2982, 107.302, 112.2503, 172.0463, 237.1716, 177.5007, 3.3558, 21.0907, 27.0055, 351.4484, 50.3733, 5.873, 22.6818, 11.0234, 32.2576, 26.7425, 4098.9467, 89.5983, 742.5224, 351.8684],
      [26.0843, 20.2128, 1.6484, 2.027, 0.033, 11.9982, 10.0392, 19.3773, 10.2534, 0.0165, 8.9478, 0.1981, 3.1235, 0.1816, 3.2369, 0, 1.0309, 13.4243, 5.1718, 0.1156, 0.2159, 2.797, 0.1041, 0, 10.0169, 3.5116, 10.2489, 0, 0.2083, 1.0107, 0.5965, 0.0991, 9.2674, 9.0384, 6.8858, 14.4333, 0, 0.0407, 0.0192, 0.2311, 0.0495, 0, 0.066, 0, 2.3136, 0.0165, 73.7563, 5.859, 25.4364, 6.3201]
    ],
    [
      [0.9232, 0.9809, 0.2116, 0.1346, 0.4231, 0.8848, 0.9617, 1.4041, 0.6924, 0, 0.5193, 0.4039, 0.8078, 0.2308, 0.0769, 0.0192, 0.0192, 0.9809, 1.2117, 0.4231, 0.1154, 0.7309, 0.0192, 0, 1.2694, 0.0577, 1.0194, 0.0192, 0.0385, 0.0962, 0.3847, 0.3077, 0.4424, 0.7694, 0.8078, 0.6732, 0, 0.0962, 0, 0.4616, 0.1346, 0, 0.0385, 0.1612, 0.0385, 0.0577, 11.6365, 0.3077, 2.5773, 0.4424],
      [0.8828, 0.8896, 0.1991, 0.1195, 0.3657, 0.8032, 0.8604, 1.2515, 0.6371, 0.1716, 0.4902, 0.358, 0.7386, 0.21, 0.0744, 0, 0.0175, 0.8792, 1.0721, 0.3703, 0.1023, 0.6506, 0.0175, 0, 1.1371, 0.0492, 0.9039, 0.0172, 0.0342, 0.0894, 0.337, 0.2721, 0.3905, 0.6845, 0.7212, 0.6068, 0, 0.0853, 0, 0.4304, 0.1233, 0.1714, 0.0366, 0.0339, 0.0385, 0.0525, 10.4358, 0.2841, 2.3719, 0.4279],
      [28.1041, 29.2288, 6.068, 3.9989, 18.7133, 28.6225, 31.1724, 46.832, 22.5629, 2.3469, 19.5425, 13.9395, 29.0745, 8.7037, 1.425, 0.7636, 0.4583, 32.7419, 45.7632, 16.2886, 3.7713, 25.8144, 0.7051, 0, 37.6618, 1.6343, 32.6382, 0.6592, 0.9621, 2.8973, 14.8624, 10.9489, 13.3776, 26.7356, 27.8034, 21.5884, 0, 3.6668, 0, 12.8002, 4.7354, 0, 0.9143, 1.4931, 0.6921, 1.9661, 362.8663, 9.3512, 85.5951, 9.8117],
      [6.5564, 10.6237, 2.4903, 1.5038, 2.3171, 7.1715, 8.6035, 11.5293, 5.5591, 0.2697, 1.5366, 3.925, 5.3662, 1.1246, 1.0031, 0.2172, 0.1724, 7.9345, 7.38, 2.9349, 1.1004, 5.9408, 0.1064, 0, 15.7339, 0.1707, 10.6658, 0.3044, 0.6617, 0.9775, 2.1941, 2.9468, 4.3949, 5.3781, 6.5644, 5.1926, 0, 0.664, 0, 7.5692, 1.3058, 0.8286, 0.5263, 0.3118, 0.385, 0.6492, 136.7367, 2.5439, 21.0393, 7.5618],
      [11.5335, 9.277, 2.0311, 1.2432, 0.1808, 8.5181, 8.4021, 11.9832, 6.5485, 0.2118, 4.9114, 2.3737, 6.0128, 1.7309, 1.4206, 0, 0.3326, 8.4635, 7.573, 1.9831, 0.9106, 4.8634, 0.1518, 0, 10.1977, 1.0881, 7.7727, 0, 0.3035, 0.9396, 2.2219, 1.5244, 4.3947, 6.4324, 6.1032, 6.9391, 0, 0.4877, 0, 2.7386, 0.7008, 0, 0.4843, 0, 0.8459, 0.2745, 83.3247, 3.513, 22.4164, 4.7562]
    ],
    [
      [7.7752, 5.1888, 3.3491, 1.9067, 1.538, 7.9964, 8.8073, 10.187, 6.3345, 0, 4.4803, 3.2339, 7.9954, 2.8258, 1.1049, 0.1007, 0.3139, 5.2515, 6.2011, 2.2152, 1.2645, 4.4422, 0.1483, 0, 12.9727, 1.2672, 5.5472, 0.2903, 0, 1.1076, 1.5195, 1.4632, 2.9527, 4.3571, 4.8305, 5.5734, 0, 0.6957, 0.4826, 5.5906, 0.9651, 0, 1.6485, 1.0923, 1.0867, 1.0985, 75.1623, 3.3319, 29.2002, 9.6343],
      [37.8447, 21.0496, 8.7002, 2.8917, 2.4822, 26.1932, 24.2445, 28.1605, 20.5219, 0.7571, 15.1909, 8.7806, 22.5014, 9.9595, 4.8651, 0, 0.6081, 21.0057, 18.418, 6.1929, 3.1523, 13.7204, 0.4034, 0, 29.6931, 1.455, 18.2875, 0.968, 0, 3.593, 5.4794, 5.6283, 8.7309, 16.3761, 16.6617, 16.5563, 0.2544, 1.1879, 0.8339, 15.0487, 1.4858, 0, 3.1523, 0.8129, 2.6808, 2.0292, 240.3967, 11.4987, 78.1655, 19.6286],
      [11.0962, 4.8831, 4.8313, 0.9844, 2.1665, 18.9394, 18.8742, 14.1412, 8.9844, 0.5833, 0.9627, 6.844, 12.4082, 4.3332, 3.8487, 0.8186, 0.055, 11.9154, 10.2265, 8.7207, 3.574, 8.9566, 0.0275, 0, 16.5467, 0.895, 9.4902, 1.771, 0, 2.3522, 5.4261, 2.9109, 5.7583, 13.007, 8.8906, 7.6115, 0.6901, 0.0825, 0.055, 8.9129, 0.11, 0, 4.0466, 0.9282, 0.8094, 2.9806, 131.7149, 8.3005, 36.951, 1.6564],
      [6.3406, 1.9513, 1.4904, 0.695, 0.4494, 4.3892, 4.697, 5.4478, 3.3065, 0.1007, 1.2196, 5.2467, 3.7431, 13.1162, 0.8006, 0.0807, 0.1002, 3.8423, 3.1408, 1.4476, 0.656, 2.6826, 0.0504, 0, 7.1346, 0.2439, 5.4585, 0.9707, 0, 0.6005, 0.993, 5.8877, 1.7111, 2.8887, 5.5328, 2.8152, 0.0555, 0.1045, 0.0697, 3.3732, 0.1394, 0, 0.5474, 0.1666, 0.4598, 0.3939, 46.4954, 1.8013, 12.1492, 3.7372],
      [35.9433, 22.9271, 7.629, 3.5222, 1.364, 27.4818, 26.377, 32.0636, 19.8527, 0.5589, 13.1465, 6.8948, 19.352, 6.7653, 5.3807, 0, 0.9228, 22.9852, 18.0136, 3.4235, 3.3531, 13.1982, 0.3704, 0, 30.6529, 3.1389, 20.2167, 0, 0, 3.3466, 5.5821, 3.1098, 11.8469, 18.3711, 17.0843, 19.4436, 0, 0.9293, 0.5589, 8.0746, 1.2997, 0, 2.6052, 0, 2.9633, 0.4978, 229.2307, 12.0676, 71.5342, 16.3435]
    ]
  ],
  "V_est": [
    [1679.8036, 59.9165, 3698.6008, 117.1522, 9.5269],
    [576.6666, 719.0736, 6528.692, 414.2963, 419.2716],
    [208.9855, 4511.8655, 1099.3321, 12538.1542, 319.6627],
    [34.0129, 30.896, 1102.3024, 330.6729, 268.1158],
    [264.5314, 798.2484, 430.0727, 168.7245, 770.423]
  ],
  "p_est": [
    [0.3019, 0.0108, 0.6646, 0.0211, 0.0017],
    [0.0666, 0.0831, 0.7541, 0.0479, 0.0484],
    [0.0112, 0.2416, 0.0589, 0.6713, 0.0171],
    [0.0193, 0.0175, 0.6242, 0.1872, 0.1518],
    [0.1088, 0.3282, 0.1768, 0.0694, 0.3168]
  ],
  "EI_Z": {},
  "EI_V": 11.5947,
  "MAE_Z": {},
  "MAE_V": 344.1219,
  "MAE_p": 0.0638,
  "runtime": 1.957
}
