{
  "X": [
    [41, 245, 345, 428, 11],
    [20, 240, 290, 228, 14],
    [8, 87, 91, 117, 2],
    [36, 174, 284, 372, 6],
    [15, 23, 76, 94, 6],
    [3, 18, 27, 34, 3],
    [1, 16, 16, 16, 0],
    [2, 76, 76, 42, 3],
    [2, 43, 97, 63, 1],
    [32, 329, 451, 476, 9],
    [17, 289, 359, 462, 9],
    [11, 79, 102, 240, 1],
    [12, 78, 101, 76, 0],
    [1, 13, 28, 13, 0],
    [9, 24, 61, 59, 1],
    [6, 15, 17, 131, 1],
    [7, 17, 18, 150, 1],
    [19, 102, 133, 286, 4],
    [21, 93, 91, 415, 3],
    [7, 6, 98, 21, 3],
    [10, 85, 128, 121, 2],
    [1, 7, 4, 9, 0],
    [5, 17, 57, 10, 3],
    [21, 85, 124, 207, 4],
    [42, 157, 196, 397, 4],
    [22, 94, 97, 276, 6],
    [8, 17, 45, 43, 0],
    [8, 41, 37, 114, 1],
    [13, 60, 62, 195, 4],
    [34, 158, 213, 378, 4],
    [13, 56, 56, 157, 5],
    [4, 32, 74, 20, 2],
    [26, 163, 143, 326, 11],
    [14, 87, 94, 86, 1],
    [16, 115, 180, 91, 3],
    [1, 4, 64, 7, 0],
    [0, 4, 28, 8, 1],
    [17, 51, 84, 159, 6],
    [27, 136, 147, 318, 4],
    [27, 224, 274, 456, 6],
    [31, 163, 215, 265, 4],
    [22, 131, 180, 235, 3],
    [34, 394, 598, 553, 7],
    [28, 130, 204, 269, 13],
    [14, 103, 131, 225, 3],
    [4, 52, 30, 11, 1],
    [7, 2, 20, 8, 5],
    [4, 2, 6, 12, 0],
    [4, 47, 66, 21, 1],
    [3, 8, 55, 12, 3],
    [7, 25, 44, 92, 3],
    [32, 79, 182, 283, 16],
    [15, 135, 211, 162, 6],
    [297, 2310, 3492, 4786, 119],
    [92, 162, 395, 471, 15],
    [150, 265, 614, 654, 23],
    [40, 35, 182, 183, 6]
  ],
  "W": [
    [61, 112, 219, 590, 62, 26],
    [42, 48, 144, 495, 38, 25],
    [25, 26, 55, 160, 32, 7],
    [39, 135, 174, 471, 34, 19],
    [6, 35, 46, 112, 9, 6],
    [5, 11, 22, 35, 9, 3],
    [3, 4, 8, 32, 2, 0],
    [20, 11, 27, 132, 9, 0],
    [18, 10, 28, 127, 20, 3],
    [87, 71, 263, 760, 98, 18],
    [82, 72, 272, 610, 76, 24],
    [17, 30, 142, 176, 49, 19],
    [16, 17, 47, 165, 18, 4],
    [2, 3, 6, 35, 8, 1],
    [8, 12, 37, 75, 17, 5],
    [6, 14, 97, 25, 15, 13],
    [10, 12, 122, 26, 16, 7],
    [32, 68, 152, 230, 45, 17],
    [31, 59, 296, 168, 52, 17],
    [4, 3, 17, 94, 14, 3],
    [25, 18, 74, 195, 27, 7],
    [3, 0, 4, 8, 5, 1],
    [7, 7, 6, 67, 4, 1],
    [20, 55, 114, 201, 34, 17],
    [45, 79, 236, 354, 60, 22],
    [32, 78, 150, 188, 41, 6],
    [3, 14, 18, 54, 15, 9],
    [18, 15, 75, 59, 25, 9],
    [16, 29, 135, 116, 25, 13],
    [49, 58, 204, 390, 66, 20],
    [24, 21, 111, 90, 29, 12],
    [5, 10, 10, 101, 5, 1],
    [63, 43, 205, 276, 53, 29],
    [23, 43, 34, 171, 10, 1],
    [23, 30, 45, 267, 27, 13],
    [1, 1, 3, 65, 6, 0],
    [2, 1, 6, 27, 4, 1],
    [17, 14, 100, 147, 32, 7],
    [37, 55, 209, 263, 53, 15],
    [56, 71, 291, 471, 88, 10],
    [38, 58, 167, 367, 35, 13],
    [45, 52, 152, 275, 35, 12],
    [81, 137, 280, 990, 79, 19],
    [38, 64, 152, 336, 49, 5],
    [26, 37, 137, 220, 42, 14],
    [9, 3, 7, 61, 13, 5],
    [0, 10, 2, 27, 3, 0],
    [1, 5, 9, 8, 1, 0],
    [13, 5, 8, 99, 8, 6],
    [1, 2, 6, 63, 7, 2],
    [9, 23, 51, 56, 25, 7],
    [32, 41, 183, 231, 75, 30],
    [37, 36, 97, 321, 32, 6],
    [811, 828, 3019, 5244, 847, 255],
    [52, 140, 308, 499, 82, 54],
    [64, 224, 418, 850, 94, 56],
    [18, 93, 75, 226, 15, 19]
  ],
  "method": "mvn_pdf",
  "cond_prob": [
    [
      [4.869937822e-05, 0.66740155153, 0.080196924599, 0.25231503887, 3.7785619935e-05],
      [0.23482597085, 0.0067829462997, 0.047440493765, 0.68994940885, 0.021001180226],
      [0.012704741838, 0.0088023145902, 0.0066445837405, 0.9712144882, 0.00063387162953],
      [0.0061146534241, 0.3260109486, 0.53840976368, 0.11750740848, 0.011957225819],
      [0.0057589858566, 0.12715021086, 0.19850735493, 0.64615564691, 0.022427801448],
      [0.3057492114, 0.052743681955, 0.12962584154, 0.50951749272, 0.0023637723859]
    ],
    [
      [0, 0.79441057081, 0.078230231162, 0.12735919803, 0],
      [0.21426484687, 0.014002761152, 0.083149556232, 0.62828176433, 0.060301071421],
      [0.012281508445, 0.018990693003, 0.015340480569, 0.9521142036, 0.0012731143815],
      [0.0027776710457, 0.38899060293, 0.53543774586, 0.054928993625, 0.017864986541],
      [0.0040728118146, 0.2129592921, 0.27091387037, 0.46139810428, 0.050655921436],
      [0.2566814447, 0.10340648594, 0.20710844464, 0.42663855478, 0.0061650699367]
    ],
    [
      [0, 0.73547177728, 0.067956253879, 0.19657196884, 0],
      [0.19290088439, 0.0091746895153, 0.053969920539, 0.72809011289, 0.015864392656],
      [0.0096120320454, 0.01061578467, 0.0078715699117, 0.97168599601, 0.00021461735898],
      [0.0036502283349, 0.38690873275, 0.49982305501, 0.10288942883, 0.0067285550764],
      [0.0041289497345, 0.16725381955, 0.20249853276, 0.61090119705, 0.015217500906],
      [0.24853604545, 0.07618228821, 0.14475678914, 0.52878302078, 0.001741856423]
    ],
    [
      [0, 0.63484600195, 0.085616621784, 0.27953737627, 0],
      [0.20038038674, 0.0063910970207, 0.048681688482, 0.72972269499, 0.014824132769],
      [0.0098186907167, 0.0078377400774, 0.0070636992284, 0.97527986998, 0],
      [0.0042941058021, 0.30201666867, 0.55963579724, 0.12677228175, 0.0072811465331],
      [0.0047390714652, 0.11289089019, 0.19763177314, 0.66893570862, 0.015802556592],
      [0.26613386017, 0.048752623364, 0.13431049213, 0.54911696461, 0.0016860597336]
    ],
    [
      [0.00011544474514, 0.48712641387, 0.11460533686, 0.39815280453, 0],
      [0.29677087377, 0, 0.043510257916, 0.61064738244, 0.049071485875],
      [0.013804476393, 0, 0.014505933391, 0.97168959022, 0],
      [0.013275761465, 0.1733657624, 0.63225843635, 0.14860292616, 0.032497113631],
      [0.0084962882188, 0.059354091677, 0.18619514139, 0.67829514792, 0.067659330793],
      [0.4023281596, 0.021014883759, 0.10558914543, 0.46541992945, 0.0056478817667]
    ],
    [
      [0, 0.78320126088, 0.10286433961, 0.11393439951, 0],
      [0.16626390705, 0.015668841072, 0.10520914631, 0.56873580362, 0.14412230195],
      [0.0032146251261, 0.025015324877, 0.020996107804, 0.95077394219, 0],
      [0.01258309554, 0.32610662168, 0.60370783857, 0.046928096581, 0.010674347626],
      [0.0039359001003, 0.1832655418, 0.32284991354, 0.37879379401, 0.11115485055],
      [0.20818127496, 0.09939255381, 0.27701324967, 0.40185996932, 0.013552952247]
    ],
    [
      [0.00041784326545, 0.76017921944, 0.058974504361, 0.18042843293, 0],
      [0.15824405029, 0.0089114548676, 0.048748069292, 0.78409642555, 0],
      [0.0076635352206, 0.0090015562993, 0.0062575031296, 0.97707740535, 0],
      [0.0090451646477, 0.41450968925, 0.47525892085, 0.10118622526, 0],
      [0.0075083592676, 0.17374700793, 0.18486935883, 0.63387527397, 0],
      [0.20949817146, 0.080961615175, 0.13586926894, 0.57313090397, 0.00054004045974]
    ],
    [
      [0, 0.83300642429, 0.074678756926, 0.091799107323, 0.00051571146479],
      [0.16042694643, 0.020331889236, 0.10739265996, 0.65972259287, 0.052125911493],
      [0.0079219772099, 0.026510848356, 0.019005673266, 0.94463491837, 0.001926582794],
      [0, 0.42470232019, 0.53140850845, 0.028492394755, 0.015396776598],
      [0.002378911617, 0.25996906239, 0.29622547865, 0.40454782535, 0.03687872199],
      [0.18155889187, 0.14080022129, 0.25162063738, 0.4210474199, 0.0049728295568]
    ],
    [
      [0, 0.63123839926, 0.13393142103, 0.23483017971, 0],
      [0.13585205982, 0.0070410777829, 0.091173071242, 0.75053596813, 0.015397823033],
      [0.0029770087159, 0.011030422047, 0.011983748797, 0.97389581993, 0.0001130005073],
      [0, 0.22736527788, 0.68058893613, 0.087524751478, 0.0045210345149],
      [0.0021879395342, 0.11091021915, 0.30927221028, 0.56444217019, 0.013187460843],
      [0.17145478903, 0.054950514882, 0.24057321626, 0.53137576143, 0.0016457184044]
    ],
    [
      [0, 0.68483332799, 0.08199220601, 0.233174466, 0],
      [0.24697006224, 0.0073125700103, 0.051616732918, 0.6771408245, 0.016959810331],
      [0.013575759162, 0.0096025368327, 0.0075398343656, 0.96918878291, 9.3086728817e-05],
      [0.0061070660153, 0.33149215499, 0.54588181411, 0.1086432782, 0.0078756866818],
      [0.0059858716013, 0.13700934848, 0.21294365118, 0.62617791439, 0.01788321435],
      [0.3148175185, 0.056327047844, 0.13779205907, 0.48921366501, 0.0018497095773]
    ],
    [
      [0, 0.70707892238, 0.077981868263, 0.21493920936, 0],
      [0.15336307199, 0.0090578430092, 0.059535176772, 0.75638721859, 0.021656689632],
      [0.0033898379292, 0.012833073559, 0.0083225644633, 0.97501817405, 0.00043634999363],
      [0, 0.3503713857, 0.53413377228, 0.10608191539, 0.0094129266317],
      [0.0027501546995, 0.15015566245, 0.21476614858, 0.61230677637, 0.020021257902],
      [0.20111713094, 0.072433001577, 0.16297450649, 0.56103659839, 0.0024387625966]
    ],
    [
      [0, 0.63826124367, 0.068927336554, 0.29281141978, 0],
      [0.16609814569, 0.0067049404601, 0.039500765297, 0.77839640503, 0.0092997435227],
      [0.0045562212727, 0.0097572819206, 0.0059256873073, 0.9797608095, 0],
      [0.0048245866938, 0.34062159471, 0.50430260603, 0.14886771167, 0.001383500888],
      [0.0035223347636, 0.11502600292, 0.1610172522, 0.71101635291, 0.0094180572088],
      [0.22886055511, 0.051431673606, 0.11340319486, 0.60546106407, 0.00084351235796]
    ],
    [
      [0, 0.77097476239, 0.083928099082, 0.14509713853, 0],
      [0.44858748634, 0.0099343113775, 0.059609875907, 0.48186832638, 0],
      [0.028817946889, 0.016401206875, 0.013900599304, 0.94088024693, 0],
      [0.0039756831465, 0.36935021708, 0.56020901626, 0.066465083514, 0],
      [0.02094130431, 0.1963574137, 0.27805479842, 0.50464648357, 0],
      [0.49665950794, 0.061861130016, 0.13774507576, 0.30373428628, 0]
    ],
    [
      [6.7318716802e-05, 0.74351644028, 0.12865842395, 0.12775781705, 0],
      [0.17628517436, 0.013654299972, 0.13388744587, 0.6761730798, 0],
      [0.0082933172531, 0.018179435287, 0.017932560198, 0.95559468726, 0],
      [0.0046287847665, 0.28317470482, 0.67814627717, 0.034050233242, 0],
      [0.0092014296268, 0.17092091188, 0.39787601495, 0.42200164354, 0],
      [0.18563103212, 0.084445644059, 0.31529763267, 0.41462569114, 0]
    ],
    [
      [0, 0.64179022431, 0.14306642787, 0.21501543436, 0.000127913462],
      [0.41769824219, 0.0048611873194, 0.069408523564, 0.49529325241, 0.012738794521],
      [0.026994705315, 0.0080297403098, 0.013195755084, 0.95078634711, 0.00099345218401],
      [0.0055528606775, 0.21880707637, 0.69348693988, 0.074988171217, 0.0071649518519],
      [0.01014806183, 0.11304459563, 0.3348974101, 0.52629498467, 0.015614947773],
      [0.47996707904, 0.035590942571, 0.16590937863, 0.31722701452, 0.0013055852403]
    ],
    [
      [0, 0.62246253801, 0.06563661482, 0.31172314669, 0.00017770048162],
      [0.16300653717, 0.0056710795257, 0.034319111312, 0.78304741092, 0.01395586107],
      [0.005806175367, 0.0084748948252, 0.0019416814404, 0.98062444196, 0.00315280641],
      [0.0043505179378, 0.32898809196, 0.49673020755, 0.16004977067, 0.0098814118821],
      [0.0036465970877, 0.10295085135, 0.14611854971, 0.73231538306, 0.014968618795],
      [0.23009596648, 0.045753830104, 0.10210278604, 0.62003472957, 0.0020126877988]
    ],
    [
      [0.00020321077171, 0.61301448924, 0.071085136719, 0.31550497386, 0.00019218941722],
      [0.23233016001, 0.0048866287567, 0.033741408225, 0.7157353489, 0.01330645411],
      [0.013893766022, 0.0070554345749, 0.002429065095, 0.97398119564, 0.0026405386702],
      [0.0076165580686, 0.31092683006, 0.5166894946, 0.15489146129, 0.0098756559844],
      [0.0062286194414, 0.099488433189, 0.1549709337, 0.72381593095, 0.01549608272],
      [0.3167540138, 0.039220004536, 0.096349141978, 0.54602675973, 0.0016500799466]
    ],
    [
      [0, 0.6234367122, 0.072077641575, 0.30448564622, 0],
      [0.18214825607, 0.0065684564127, 0.03877190392, 0.75757796767, 0.014933415923],
      [0.0081534906952, 0.0087440308087, 0.0054578518306, 0.97739668259, 0.00024794407652],
      [0.0040188351786, 0.32442249931, 0.51330254858, 0.1487055551, 0.0095505618323],
      [0.0042098872502, 0.10793647161, 0.16176430112, 0.71008292814, 0.016006411879],
      [0.25063594024, 0.047056554518, 0.1110854589, 0.58946190153, 0.0017601448026]
    ],
    [
      [0, 0.65601217169, 0.059404625513, 0.28458320279, 0],
      [0.20290696287, 0.0067365925684, 0.033067813146, 0.74392172951, 0.013366901905],
      [0.010069481805, 0.010092440999, 0.0017996818953, 0.9780383953, 0],
      [0.0064165970807, 0.36944444854, 0.46169869724, 0.15398212412, 0.0084581330244],
      [0.0050822431874, 0.12187645603, 0.14384031451, 0.71450895891, 0.014692027361],
      [0.27680338949, 0.051444594862, 0.095863076524, 0.57433593814, 0.001553000984]
    ],
    [
      [0, 0.51213578255, 0.33361908785, 0.15385383092, 0.00039129868323],
      [0.76743581086, 0, 0.067530431546, 0.1426381335, 0.0223956241],
      [0.11783852482, 0.00039719477913, 0.050617158458, 0.82741229118, 0.0037348307638],
      [0, 0.032941216908, 0.92534073898, 0.018898786051, 0.022819258058],
      [0.025996742234, 0.05886565022, 0.58678063485, 0.27718353961, 0.051173433082],
      [0.77682775138, 0.0080370220469, 0.13516076932, 0.07786862748, 0.002105829778]
    ],
    [
      [9.7817436111e-05, 0.7117266235, 0.096256305415, 0.19191925365, 0],
      [0.27874470583, 0.0084870933725, 0.067505373663, 0.62890806656, 0.016354760576],
      [0.016236541807, 0.012082981541, 0.010273825543, 0.96122204006, 0.00018461104563],
      [0.0063781681213, 0.3160425986, 0.59063685297, 0.080618838738, 0.0063235415676],
      [0.0064209770682, 0.15192640147, 0.26845556338, 0.55663744211, 0.016559615973],
      [0.33736237156, 0.061372361565, 0.17082085823, 0.42876542932, 0.001678979328]
    ],
    [
      [0, 0.77983843973, 0.04007118035, 0.18009037992, 0],
      [0.66367137399, 0.0039630811841, 0.014704679505, 0.31724454417, 0.00041632115188],
      [0.013828287042, 0.0055338853876, 0.0024859702691, 0.9781518573, 0],
      [0.005128414251, 0.47328772259, 0.39737878951, 0.12420507365, 0],
      [0.0062875592998, 0.16802726654, 0.13494104916, 0.690744125, 0],
      [0.87222174132, 0.011911025841, 0.016107016011, 0.099760216825, 0]
    ],
    [
      [0, 0.66911092144, 0.20741602131, 0.12347305725, 0],
      [0.519860562, 0.0053764988968, 0.10020269276, 0.28785124655, 0.086708999802],
      [0.048799637757, 0.014662107445, 0.031988464486, 0.90050898276, 0.0040408075527],
      [0.0068025571444, 0.17460467332, 0.78447812216, 0.0051411366674, 0.028973510708],
      [0.011261473277, 0.1145434269, 0.46912668444, 0.30007047378, 0.1049979416],
      [0.56736101769, 0.033928593188, 0.21819729181, 0.17293792505, 0.0075751722591]
    ],
    [
      [8.7297251192e-05, 0.67011413181, 0.08191275089, 0.24781535144, 7.0468614263e-05],
      [0.23452434291, 0.0068599430553, 0.048898451077, 0.69094083965, 0.018776423309],
      [0.01286051596, 0.0088940759812, 0.0065345454294, 0.9708697729, 0.00084108972651],
      [0.006307789112, 0.32315039545, 0.54583602609, 0.1139687302, 0.010737059153],
      [0.0057576301999, 0.12796561601, 0.20428502004, 0.64212045487, 0.019871278885],
      [0.30409949043, 0.053084435562, 0.13345059229, 0.50723426141, 0.0021312203028]
    ],
    [
      [0, 0.63406760528, 0.069767365563, 0.29616502916, 0],
      [0.31300278699, 0.0057385113917, 0.032466197888, 0.63784921017, 0.010943293566],
      [0.017094754314, 0.0091803054142, 0.004966517084, 0.96875842319, 0],
      [0.010731341049, 0.33401766351, 0.50164476071, 0.147191227, 0.0064150077346],
      [0.0089158240672, 0.11238033572, 0.16013545807, 0.70458410845, 0.013984273691],
      [0.40475334702, 0.039181375443, 0.087871277714, 0.46703442488, 0.0011595749459]
    ],
    [
      [0.00013881903135, 0.63296058543, 0.059770298764, 0.30688607139, 0.00024422538689],
      [0.21544135238, 0.0072867985224, 0.029466996699, 0.72657702517, 0.021227827235],
      [0.011524239158, 0.010245388925, 0.0017823022815, 0.97483689766, 0.0016111719743],
      [0.0077107592166, 0.35546231203, 0.4596600574, 0.1606516697, 0.016515201648],
      [0.005710445096, 0.11076201494, 0.13597153799, 0.72377637322, 0.023779628748],
      [0.29645757506, 0.045320894753, 0.088442584237, 0.56729298284, 0.0024859631119]
    ],
    [
      [0, 0.64729527125, 0.13318122334, 0.21952350541, 0],
      [0.29377315687, 0.0066390696422, 0.078195486036, 0.62139228745, 0],
      [0.015611578182, 0.0092701761936, 0.011633812862, 0.96348443276, 0],
      [0.0059187619648, 0.23417593277, 0.68062835774, 0.079276947535, 0],
      [0.013822520238, 0.1161309044, 0.31815585936, 0.551890716, 0],
      [0.34213516076, 0.045648900503, 0.19667129842, 0.41554464031, 0]
    ],
    [
      [0.00047953628276, 0.72131760049, 0.065215704662, 0.21289406473, 9.3093833264e-05],
      [0.23899816234, 0.0080177036361, 0.045077959736, 0.69516972671, 0.012736447581],
      [0.014262699859, 0.0092404737994, 0.0056867831966, 0.97012498233, 0.00068506081489],
      [0.0068909236819, 0.38533893437, 0.49074119326, 0.11013552505, 0.0068934236417],
      [0.0061977346993, 0.15556481499, 0.18691452195, 0.63787533651, 0.013447591853],
      [0.30835395086, 0.064318288752, 0.12187174773, 0.50401198544, 0.0014440272206]
    ],
    [
      [0.0001300685765, 0.68590804631, 0.061686958538, 0.25203958198, 0.00023534459525],
      [0.22314536963, 0.006998509826, 0.036518918929, 0.70630790854, 0.027029293069],
      [0.012511210924, 0.0092521848842, 0.0025101986493, 0.97312888215, 0.0025975233909],
      [0.0068314058765, 0.37501553677, 0.46817695432, 0.13200659526, 0.017969507778],
      [0.0056484042097, 0.13378708211, 0.15809383232, 0.67306886014, 0.029401821227],
      [0.30031050167, 0.055922322856, 0.10417005289, 0.53635013052, 0.0032469920642]
    ],
    [
      [0, 0.57803898006, 0.06941845477, 0.35254256517, 0],
      [0.30100735969, 0.0049658390952, 0.028286618634, 0.65613382117, 0.0096063614196],
      [0.016211888716, 0.008975757812, 0.006160051299, 0.96865230217, 0],
      [0.012000552781, 0.3099213077, 0.50216332001, 0.16925759514, 0.0066572243637],
      [0.0088371104109, 0.091711096593, 0.14120744413, 0.74573276236, 0.012511586508],
      [0.39854414843, 0.031738716883, 0.076891762701, 0.49178793067, 0.0010374413137]
    ],
    [
      [4.8385363447e-05, 0.71794552846, 0.072066083952, 0.20994000222, 0],
      [0.27841832295, 0.0075392686642, 0.045349967567, 0.61910458131, 0.049587859506],
      [0.017457153408, 0.010668589608, 0.0067107902129, 0.96506318826, 0.00010027850908],
      [0.0075265094913, 0.36021195295, 0.50462023431, 0.10205167369, 0.025589629557],
      [0.0071367231509, 0.14824601753, 0.19592099966, 0.59420010611, 0.05449615355],
      [0.36082992629, 0.059046579536, 0.12296973951, 0.45181467776, 0.0053390768985]
    ],
    [
      [0.00014934033787, 0.73578462578, 0.13839650103, 0.12544402234, 0.00022551052235],
      [0.28928618092, 0.011802533608, 0.12320313088, 0.53813433876, 0.037573815838],
      [0.017798114485, 0.018059334223, 0.021624454381, 0.94100455073, 0.001513546179],
      [0.0058156769556, 0.26859578826, 0.68848795562, 0.022768403071, 0.014332176091],
      [0.0051533338673, 0.16451590053, 0.4083531408, 0.39058018101, 0.031397443793],
      [0.31526030241, 0.071704075963, 0.28069242038, 0.32888137822, 0.0034618230254]
    ],
    [
      [0, 0.70441121084, 0.059845550672, 0.23574323849, 0],
      [0.25108377511, 0.0073650762037, 0.036366212061, 0.66330164208, 0.041883294543],
      [0.014574025627, 0.010305589165, 0.0037872001909, 0.97133318502, 0],
      [0.00784964002, 0.38738511818, 0.45470323965, 0.12615372612, 0.023908276022],
      [0.0065075522214, 0.1430549408, 0.159033186, 0.64488694306, 0.046517377912],
      [0.33463177597, 0.058363626918, 0.10216393614, 0.50018848431, 0.0046521766593]
    ],
    [
      [0, 0.75542514649, 0.070381529077, 0.17419332443, 0],
      [0.27630511141, 0.008989037806, 0.056296203124, 0.64695909106, 0.011450556593],
      [0.015360217985, 0.01281028977, 0.0091122269497, 0.9627172653, 0],
      [0.0069918933205, 0.39121927411, 0.51047585891, 0.089071194352, 0.0022417793043],
      [0.0063837263318, 0.18304176712, 0.22178893186, 0.57648402833, 0.012301546358],
      [0.33718177663, 0.074229608887, 0.14141118763, 0.44591108496, 0.0012663419008]
    ],
    [
      [8.2249309669e-05, 0.76734731371, 0.10120964344, 0.13136079354, 0],
      [0.30383375654, 0.012490944084, 0.093601194067, 0.56795310603, 0.022120999281],
      [0.019077174657, 0.018950979314, 0.016501625655, 0.94492228227, 0.00054793809949],
      [0.0053982469896, 0.33652894519, 0.60804318354, 0.043502549171, 0.0065270751037],
      [0.0062717184302, 0.1932478237, 0.33101778555, 0.44940372921, 0.020058943112],
      [0.33953495126, 0.080966906639, 0.21819684685, 0.35919419598, 0.0021070992605]
    ],
    [
      [6.0756499877e-05, 0.51936551196, 0.30746850711, 0.17310522443, 0],
      [0.39661136439, 0.0037170630789, 0.16314176393, 0.4365298086, 0],
      [0.018058648199, 0.0060047143293, 0.036133470757, 0.93980316672, 0],
      [0.0072728166592, 0.046946952396, 0.92217009904, 0.023610131904, 0],
      [0.012736475277, 0.067891896044, 0.57998881317, 0.33938281551, 0],
      [0.40798747838, 0.026711259445, 0.33007792975, 0.23447182339, 0.00075150903331]
    ],
    [
      [0, 0.58078515511, 0.29691147141, 0.12090286383, 0.0014005096544],
      [0, 0.05470085406, 0.27850647783, 0.60053876466, 0.066253903453],
      [0, 0.009358598423, 0.046825130284, 0.93810588389, 0.0057103873985],
      [0, 0.085204984188, 0.88154982015, 0.0058400422709, 0.027405153388],
      [0, 0.083395995493, 0.61568513131, 0.26316793682, 0.037750936383],
      [0, 0.093458690127, 0.58213412831, 0.31866731573, 0.0057398658372]
    ],
    [
      [0, 0.53992457391, 0.078579394685, 0.38149603141, 0],
      [0.51955119679, 0.0026564284912, 0.019874872846, 0.43489287598, 0.023024625891],
      [0.029638668222, 0.0074947294525, 0.010738667984, 0.95207997785, 4.7956495843e-05],
      [0.011851144208, 0.26183035837, 0.51985637225, 0.17748396821, 0.028978156961],
      [0.017559241184, 0.075957259343, 0.14237269013, 0.72046104351, 0.043649765831],
      [0.63691464375, 0.016417759986, 0.048174638108, 0.29616752843, 0.0023254297272]
    ],
    [
      [5.7999383825e-05, 0.70773643374, 0.067129548971, 0.22507601791, 0],
      [0.28483889633, 0.0072630027723, 0.041808026127, 0.65087576111, 0.01521431366],
      [0.016487794629, 0.0094290260339, 0.0059588412407, 0.96802149895, 0.0001028391425],
      [0.0078580372677, 0.37521602096, 0.49244625907, 0.11608600188, 0.0083936808246],
      [0.0073806988204, 0.14913760728, 0.18464825721, 0.64167446667, 0.017158970026],
      [0.36186165388, 0.057167577385, 0.11144291094, 0.46787746448, 0.0016503933132]
    ],
    [
      [0, 0.70178189405, 0.074309543622, 0.22390856233, 0],
      [0.23792897522, 0.0078128631271, 0.049492504644, 0.68872561971, 0.016040037293],
      [0.012761046117, 0.0098154616225, 0.0073124032352, 0.97011108903, 0],
      [0.0060362053309, 0.3562290891, 0.5204130787, 0.11016059651, 0.0071610303574],
      [0.0057248309371, 0.14651094256, 0.2017715096, 0.62928057194, 0.016712144965],
      [0.30467405056, 0.061233740576, 0.13263354746, 0.49969433171, 0.0017643296946]
    ],
    [
      [0, 0.71348086216, 0.080188121389, 0.20633101645, 0],
      [0.33477942951, 0.0073784494574, 0.049816821484, 0.59322719383, 0.014798105722],
      [0.020087378971, 0.010781276926, 0.008465280767, 0.96066606334, 0],
      [0.0071481371399, 0.34764291922, 0.53996088189, 0.098374929055, 0.0068731326929],
      [0.0086336487849, 0.15310029208, 0.22389129587, 0.59725021658, 0.017124546689],
      [0.40789667403, 0.055064795846, 0.12676421875, 0.40874269325, 0.001531618132]
    ],
    [
      [0, 0.71924675704, 0.092420194222, 0.18833304874, 0],
      [0.26789303554, 0.0089792584986, 0.067543796015, 0.63909391979, 0.01648999016],
      [0.015416154772, 0.012532565125, 0.010613860391, 0.96143741971, 0],
      [0.0058975704787, 0.32718377568, 0.57981818674, 0.081483829365, 0.0056166377364],
      [0.0061283393191, 0.15733303252, 0.26319553037, 0.55683798022, 0.016505117575],
      [0.32416523907, 0.064985845296, 0.17113851418, 0.43802156653, 0.0016888349185]
    ],
    [
      [0, 0.68777474005, 0.086918576961, 0.22530668299, 0],
      [0.18230440334, 0.0083309067933, 0.06148742261, 0.73317593233, 0.01470133492],
      [0.0082934220302, 0.010199745501, 0.0086547984021, 0.97285203407, 0],
      [0.0019609151981, 0.32528744946, 0.56453986563, 0.10433896258, 0.00387280713],
      [0.0038433092925, 0.13975433582, 0.22885547211, 0.61335607876, 0.014190804016],
      [0.23459005754, 0.064095557221, 0.16518029194, 0.53451490699, 0.0016191863149]
    ],
    [
      [0, 0.64009736624, 0.088161053864, 0.2717415799, 0],
      [0.31013359637, 0.0053722071525, 0.042329802686, 0.6012644055, 0.04089998829],
      [0.018548765558, 0.0080757043128, 0.0075436926535, 0.96583183748, 0],
      [0.0086706745581, 0.29308356377, 0.55511952153, 0.11951006439, 0.023616175749],
      [0.0083979271891, 0.11075329122, 0.19806831332, 0.63329864324, 0.049481825032],
      [0.40143847674, 0.04039661479, 0.11372494187, 0.43988871233, 0.0045512542715]
    ],
    [
      [0, 0.6924997408, 0.075686015935, 0.23181424327, 0],
      [0.205636992, 0.00777110136, 0.050554981343, 0.72008949492, 0.015947430376],
      [0.010475524602, 0.0095437341652, 0.006934896255, 0.97293662998, 0.00010921500184],
      [0.004569708695, 0.34833958162, 0.52661582344, 0.11278473303, 0.0076901532117],
      [0.0047050610373, 0.14059654441, 0.20056754472, 0.63797856282, 0.016152287015],
      [0.26809542493, 0.061444399034, 0.13801646093, 0.5306756537, 0.0017680614009]
    ],
    [
      [0.00097930811458, 0.92264812593, 0.045689903238, 0.029774824893, 0.00090783782777],
      [0.40801524707, 0.035693397376, 0.090404205146, 0.44064750831, 0.025239642094],
      [0.027074645243, 0.06322220202, 0.025804224114, 0.8823746034, 0.0015243252273],
      [0, 0.58022016076, 0.40909707061, 0, 0.010682768628],
      [0.050932851258, 0.51522628384, 0.25395363437, 0.16131517791, 0.018572052616],
      [0.38309818054, 0.21103195285, 0.17612602646, 0.22727290288, 0.0024709372685]
    ],
    [
      [0.00023857012911, 0.47910353609, 0.17023027062, 0.35021382014, 0.00021380302308],
      [0.42927817635, 0.014245204529, 0.19132047349, 0.11896531822, 0.24619082741],
      [0.094811347611, 0.0057745684149, 0.044335123278, 0.7943464635, 0.060732497197],
      [0.090997716458, 0.067271511992, 0.65731130681, 0.18441946474, 0],
      [0.020219065644, 0.0098893313654, 0.083573244845, 0.080776114324, 0.80554224382],
      [0.71293632982, 0.004489877353, 0.034440099153, 0.098372994201, 0.14976069947]
    ],
    [
      [0, 0.54290686778, 0.12736447941, 0.32972865281, 0],
      [0.763922639, 0.00058972473604, 0.01252207305, 0.22296556321, 0],
      [0.016168385914, 0.012801595109, 0.0061251032598, 0.96490491572, 0],
      [0, 0.15961207294, 0.69239737486, 0.1479905522, 0],
      [0.034871331759, 0.062033569047, 0.2157202271, 0.68737487209, 0],
      [0.86851894306, 0.0042430125897, 0.023542117442, 0.10364720994, 4.8716965563e-05]
    ],
    [
      [0.00035683843454, 0.78320430693, 0.098838172987, 0.11741313709, 0.00018754456331],
      [0.27800147607, 0.013707474942, 0.10110382141, 0.58616982447, 0.021017403104],
      [0.015933565446, 0.02008268074, 0.016700651844, 0.94660603882, 0.0006770631505],
      [0.0058637030432, 0.34753526061, 0.60557917132, 0.03364019318, 0.0073816718452],
      [0.0051689615493, 0.20523889368, 0.33941891145, 0.43218779237, 0.017985440948],
      [0.30933781713, 0.090207206607, 0.23471502944, 0.36367505354, 0.0020648932828]
    ],
    [
      [0, 0.58116786535, 0.22808808978, 0.19074404486, 0],
      [0.49141767277, 0.0025346389762, 0.083915225636, 0.33269340079, 0.089439061831],
      [0.03712236356, 0.0057131525208, 0.025965696903, 0.92801836596, 0.0031804210591],
      [0.0090897653669, 0.10784046202, 0.81086280025, 0.040829639234, 0.031377333131],
      [0.010469210672, 0.077303490739, 0.42584390522, 0.37072280337, 0.11566059001],
      [0.57424539014, 0.022205199561, 0.19151176272, 0.20421603125, 0.0078216163249]
    ],
    [
      [0, 0.65293968792, 0.10281059498, 0.24368749969, 0.0005622174006],
      [0.19265517359, 0.0065433752866, 0.062209860803, 0.70306509716, 0.035526493165],
      [0.0097237349003, 0.0081898305786, 0.0073707751762, 0.97074914014, 0.003966519209],
      [0.0036193294022, 0.27299735577, 0.6069820612, 0.097298217398, 0.019103036225],
      [0.0041180917959, 0.116069958, 0.2427972009, 0.60196646492, 0.035048284385],
      [0.25248368373, 0.052251849219, 0.17243469467, 0.51860676056, 0.0042230118181]
    ],
    [
      [0, 0.60776417229, 0.12799056573, 0.26424526198, 0],
      [0.31696047414, 0.0040780888838, 0.057316199086, 0.53347377196, 0.088171465931],
      [0.0090185737876, 0.005519496595, 0.019540825316, 0.9659211043, 0],
      [0.018776037775, 0.21817297038, 0.64198480551, 0.10097392195, 0.020092264377],
      [0.0085213400435, 0.092308746225, 0.25497078459, 0.54399007012, 0.10020905902],
      [0.41259521094, 0.035105494662, 0.15190225946, 0.39279778831, 0.0075992466353]
    ],
    [
      [0.00010659303662, 0.72635333239, 0.10103728608, 0.17236827801, 0.00013451049038],
      [0.26840873103, 0.0095977034329, 0.077479188786, 0.61513727762, 0.029377099138],
      [0.01591079574, 0.013898877632, 0.01221572243, 0.95685499098, 0.0011196132197],
      [0.0052377582, 0.31429543904, 0.60070816622, 0.067576689011, 0.01218194753],
      [0.00584695964, 0.1604730168, 0.2905802397, 0.51496396369, 0.028135820175],
      [0.32026191055, 0.067874296598, 0.19359258593, 0.41525559729, 0.0030156096313]
    ],
    [
      [0, 0.6834181158, 0.096511523329, 0.22005814151, 1.2219367127e-05],
      [0.21121310625, 0.0078979795213, 0.065491666803, 0.68615908229, 0.029238165135],
      [0.010905446039, 0.010270966945, 0.0093270932348, 0.96875174546, 0.00074474831839],
      [0.0032447894325, 0.30281081268, 0.58672369457, 0.094312637167, 0.012908066154],
      [0.004558276842, 0.1355810205, 0.24810146351, 0.58339327888, 0.028365960273],
      [0.26790380458, 0.060483552188, 0.17420614146, 0.49420404324, 0.0032024585301]
    ],
    [
      [0, 0.64715857095, 0.13827612166, 0.21444653367, 0.00011877372154],
      [0.40096676521, 0.0048444191881, 0.069732072676, 0.49533153461, 0.02912520831],
      [0.026285770893, 0.0082018033711, 0.014864029689, 0.94901443613, 0.0016339599143],
      [0.0036046725498, 0.22760403278, 0.6772577933, 0.076668956489, 0.014864544885],
      [0.010124176493, 0.1159116728, 0.322508043, 0.51689706114, 0.034559046568],
      [0.46555039557, 0.03822612335, 0.16799503654, 0.32523242171, 0.0029960228381]
    ],
    [
      [0, 0.64856708608, 0.12515629302, 0.22619708477, 7.9536125521e-05],
      [0.46619301263, 0.0042410744681, 0.054851861645, 0.44950726742, 0.025206783838],
      [0.031952914485, 0.0081922103561, 0.013522502453, 0.94492818418, 0.0014041885255],
      [0.00077693738949, 0.24274455138, 0.65101786566, 0.08974366941, 0.015716976161],
      [0.013568318051, 0.1163679445, 0.29140344124, 0.54398482339, 0.034675472825],
      [0.54072550428, 0.032962614745, 0.13024401654, 0.29351938011, 0.0025484843295]
    ],
    [
      [3.2488522481e-05, 0.4626987591, 0.15893339361, 0.37815514985, 0.0001802089175],
      [0.30154225243, 0, 0.063954306235, 0.61282101792, 0.021682423415],
      [0.011997060848, 0, 0.016249553694, 0.97044880512, 0.0013045803397],
      [0.01513825676, 0.11271409289, 0.73126353671, 0.12559353759, 0.015290576046],
      [0.008584396931, 0.05682001753, 0.26121351444, 0.64802945888, 0.025352612218],
      [0.39506285185, 0.018196688438, 0.14678788916, 0.43750583545, 0.0024467350986]
    ]
  ],
  "expected_outcome": [
    [
      [0.0029706620714, 0, 0, 0, 0.00069266847081, 0, 0.0012535297963, 0, 0, 0, 0, 0, 0, 0.0001346374336, 0, 0, 0.0020321077171, 0, 0, 0, 0.0024454359028, 0, 0, 0.0017459450238, 0, 0.0044422090033, 0, 0.0086316530896, 0.002081097224, 0, 0.0011612487227, 0.00074670168933, 0, 0, 0.0018917341224, 6.0756499877e-05, 0, 0, 0.0021459772015, 0, 0, 0, 0, 0, 0, 0.0088137730313, 0, 0, 0.004638899649, 0, 0, 0, 0.0039439423549, 0, 0, 0, 0.00058479340466],
      [40.7114946434, 33.365243974, 18.3867944321, 24.7589940759, 2.9227584832, 3.9160063044, 2.2805376583, 16.6601284857, 11.3622911866, 59.5804995349, 57.9804716351, 10.8504411423, 12.3355961982, 1.4870328806, 5.1343217945, 3.7347752281, 6.1301448924, 19.9499747905, 20.3363773225, 2.0485431302, 17.7931655875, 2.3395153192, 4.6837764501, 13.4022826361, 28.5330422375, 20.2547387338, 1.9418858137, 12.9837168089, 10.9745287409, 28.323910023, 17.2306926831, 3.6789231289, 44.377906283, 17.3747783694, 17.6489882153, 0.51936551196, 1.1615703102, 9.1787177564, 26.1862480483, 39.2997860666, 27.1122727621, 32.3661040667, 55.7097539443, 24.323699917, 18.0049932608, 8.3038331333, 0, 0.54290686778, 10.1816559901, 0.58116786535, 5.8764571913, 19.4484535134, 26.8750732984, 554.2520919103, 33.6522456894, 41.5082935088, 8.3285776638],
      [4.8920124005, 3.2856697088, 1.698906347, 3.3390482496, 0.68763202115, 0.51432169803, 0.17692351308, 1.4935751385, 2.4107655786, 7.1333219229, 6.3945131976, 1.1717647214, 1.3428495853, 0.2573168479, 1.1445314229, 0.39381968892, 0.71085136719, 2.3064845304, 1.8415433909, 1.3344763514, 2.4064076354, 0.12021354105, 1.4519121492, 1.6382550178, 3.1395314503, 1.9126495605, 0.39954367003, 1.1738826839, 0.98699133661, 3.4015042838, 1.7295860149, 0.69198250513, 3.7702696923, 1.6187751688, 2.3278217991, 0.30746850711, 0.59382294281, 1.3358497097, 2.4837933119, 4.1613344428, 3.0471486128, 4.15890874, 7.0404047338, 3.3501200468, 1.9678364143, 0.41120912914, 0, 0.12736447941, 1.2848962488, 0.22808808978, 0.92529535485, 4.0956981032, 3.7383795848, 78.2708454197, 7.1903583263, 8.0100027535, 2.860801085],
      [15.3912173712, 5.3490863172, 4.914299221, 10.9019576745, 2.3889168272, 0.56967199755, 0.5412852988, 1.8359821465, 4.2269432348, 20.2861785422, 17.6250151673, 4.9777941363, 2.3215542165, 0.2555156341, 1.7201234749, 1.8703388801, 3.1550497386, 9.7435406791, 8.8220792866, 0.61541532367, 4.7979813412, 0.54027113977, 0.86431140075, 4.9563070288, 13.3274263121, 9.8203542844, 0.65857051622, 3.8320931651, 4.0326333117, 17.2745856933, 5.0385600534, 0.62722011168, 14.8518240246, 4.0064464619, 3.0212982515, 0.17310522443, 0.24180572766, 6.4854325339, 8.3278126626, 12.5388794905, 7.8405786251, 8.4749871933, 18.2498413218, 10.3261800362, 6.0271703249, 0.26797342404, 0, 0.32972865281, 1.5263707821, 0.19074404486, 2.1931874972, 8.4558483834, 6.3776262863, 178.4671527632, 11.1512197508, 14.4766134256, 6.8067926973],
      [0.002304922816, 0, 0, 0, 0, 0, 0, 0.010314229296, 0, 0, 0, 0, 0, 0, 0.001023307696, 0.0010662028897, 0.0019218941722, 0, 0, 0.0015651947329, 0, 0, 0, 0.0014093722853, 0, 0.0078152123804, 0, 0.0016756889988, 0.003765513524, 0, 0, 0.0011275526118, 0, 0, 0, 0, 0.0028010193088, 0, 0, 0, 0, 0, 0, 0, 0, 0.0081705404499, 0, 0, 0.002438079323, 0, 0.0050599566054, 0, 0.004976888144, 0.0099099067403, 0.00617623352, 0.0050903120334, 0.003243760515]
    ],
    [
      [26.3005087357, 10.2847126497, 5.0154229942, 27.0513522095, 10.3869805818, 1.8289029775, 0.63297620118, 1.7646964108, 1.3585205982, 17.534874419, 11.0421411835, 4.9829443707, 7.6259872677, 0.52885552308, 5.0123789062, 2.2820915204, 2.7879619202, 12.3860814129, 11.9715108091, 2.3023074326, 5.017404705, 0, 3.639023934, 12.8988388599, 24.7272201721, 16.8044254854, 4.1128241962, 3.5849724351, 6.4712157193, 17.4584268618, 5.846784782, 2.8928618092, 10.7966023299, 11.8811197908, 9.1150126961, 0.39661136439, 0, 7.2737167551, 15.6661392982, 16.892957241, 19.4172069116, 13.930437848, 24.9757032581, 19.8485501677, 7.608568704, 1.2240457412, 4.2927817635, 3.819613195, 1.3900073804, 0.98283534554, 4.4310689926, 12.9953794396, 9.6627143169, 174.8844519721, 56.1353471295, 104.4272348281, 28.0434294761],
      [0.75968998557, 0.67213253527, 0.2385419274, 0.86279809779, 0, 0.17235725179, 0.035645819471, 0.2236507816, 0.070410777829, 0.51919247073, 0.65216469666, 0.2011482138, 0.16888329342, 0.040962899915, 0.058334247833, 0.07939511336, 0.05863954508, 0.44665503607, 0.39745896153, 0, 0.15276768071, 0, 0.037635492277, 0.37729686804, 0.45334239995, 0.56837028475, 0.092946974991, 0.12026555454, 0.20295678495, 0.28801866752, 0.15832464195, 0.11802533608, 0.31669827676, 0.38652862566, 0.37472832251, 0.0037170630789, 0.05470085406, 0.037189998877, 0.39946515248, 0.55471328202, 0.42795006853, 0.46692144193, 1.1413342307, 0.34382125776, 0.28753075032, 0.10708019213, 0.14245204529, 0.0029486236802, 0.068537374708, 0.0050692779524, 0.15049763159, 0.16720164424, 0.34551732359, 6.5395270436, 0.67821868634, 0.95000068085, 0],
      [5.3133353017, 3.9911786991, 1.403217934, 6.5720279451, 1.5228590271, 1.1573006095, 0.19499227717, 1.1813192596, 0.91173071242, 3.6647880372, 4.2865327276, 1.1850229589, 1.0133678904, 0.40166233761, 0.83290228276, 0.48046755837, 0.4048968987, 2.6364894666, 1.9510009756, 0.20259129464, 1.2150967259, 0, 0.7014188493, 2.6894148092, 2.5648296331, 2.2984257425, 1.0947368045, 0.67616939605, 1.0590486489, 1.6406238808, 0.95234931891, 1.2320313088, 1.5637471186, 2.4207367343, 2.808035822, 0.16314176393, 0.27850647783, 0.27824821984, 2.299441437, 3.5139678297, 2.889375646, 3.5122773928, 8.4237768976, 2.7091073719, 1.8705343097, 0.27121261544, 1.9132047349, 0.062610365248, 0.50551910705, 0.16783045127, 1.4308267985, 2.3499641625, 2.7892507963, 54.2271001132, 9.7624901746, 12.2868170084, 5.9477504799],
      [77.2743337918, 30.1575246876, 18.9303429353, 98.5125638238, 21.3726583855, 6.2560938398, 3.1363857022, 7.2569485216, 7.5053596813, 48.0769985396, 54.4598797388, 23.3518921509, 8.1917615484, 2.0285192394, 5.9435190289, 10.9626637529, 8.5888241867, 51.5153018017, 43.8913820413, 0.42791440049, 11.320345198, 0, 2.0149587258, 38.0017461808, 50.3900876031, 56.6730079631, 8.6994920243, 10.4275459006, 20.4829293478, 38.0557616276, 13.0011962076, 5.3813433876, 28.5219706094, 27.8192409157, 17.038593181, 0.4365298086, 0.60053876466, 6.0885002637, 35.7981668611, 48.8995189995, 34.407177242, 33.232883829, 100.4451027295, 38.4809219521, 26.643311312, 1.3219425249, 1.1896531822, 1.1148278161, 2.9308491224, 0.66538680157, 16.1704972346, 21.8724246505, 22.1449419942, 568.1397201396, 69.346414846, 100.689627903, 56.9923546665],
      [2.3521321853, 2.8944514282, 0.41247420907, 2.0012579238, 1.7175020056, 1.5853453214, 0, 0.57338502642, 0.15397823033, 1.2041465335, 1.5592816535, 0.27899230568, 0, 0, 0.15286553426, 0.19538205498, 0.15967744932, 1.0154722827, 0.7886472124, 0.067186872301, 0.29438569037, 0, 0.60696299861, 1.032703282, 0.86452019168, 1.6557705243, 0, 0.19104671371, 0.78384949899, 0.55716896234, 1.0413450496, 0.37573815838, 1.8009816654, 0.49237393348, 0.66362997843, 0, 0.066253903453, 0.32234476248, 0.83678725127, 1.1388426478, 0.85829013186, 0.85747948834, 2.0140828841, 2.6175992506, 0.59005492391, 0.075718926283, 2.4619082741, 0, 0.10508701552, 0.17887812366, 0.8171093428, 3.6150301032, 1.057575569, 24.2092007315, 4.0775291635, 5.6463195796, 2.0164653776]
    ],
    [
      [2.7823384626, 1.7685372161, 0.5286617625, 1.7084521847, 0.63500591408, 0.070721752774, 0.061308281765, 0.21389338467, 0.083356244046, 3.5704246595, 0.92203591674, 0.64698342073, 1.3544435038, 0.049759903519, 0.99880409665, 0.5631990106, 1.6950394546, 1.2393305857, 2.9805666142, 2.003254922, 1.2015040937, 0.055313148169, 0.29279782654, 1.4660988195, 4.0343620181, 1.7286358737, 0.28100840727, 1.0697024894, 1.6890134748, 3.307225298, 1.9377440282, 0.17798114485, 2.9876752536, 0.52224741147, 0.85847285957, 0.054175944596, 0, 2.9638668222, 3.4459490774, 3.7134644201, 3.3545922882, 2.3432555253, 2.3221581685, 2.8194123648, 1.4351468704, 0.1895225167, 0.18962269522, 0.14551547323, 0.12746852357, 0.22273418136, 0.49591047992, 1.6503990031, 1.5433471867, 32.923541591, 8.0960174352, 13.3563182546, 0.89977956357],
