{
  "Z_true": {},
  "V_true": [
    [387, 53, 423, 19, 47],
    [354, 72, 16038, 502, 459],
    [136, 2660, 396, 117, 234],
    [79, 111, 707, 50, 493],
    [74, 122, 613, 168, 491]
  ],
  "p_true": [
    [0.4166, 0.0571, 0.4553, 0.0205, 0.0506],
    [0.0203, 0.0041, 0.9204, 0.0288, 0.0263],
    [0.0384, 0.7508, 0.1118, 0.033, 0.066],
    [0.0549, 0.0771, 0.491, 0.0347, 0.3424],
    [0.0504, 0.0831, 0.4176, 0.1144, 0.3345]
  ],
  "Z_est": [
    [
      [15.5036, 9.4981, 1.783, 10.2124, 8.2637, 7.2526, 2.3743, 8.7045, 12.3016, 5.2466, 6.5123, 0, 6.7696, 50.4432, 62.128, 48.6237, 13.6621, 6.9414, 9.6744, 14.6929, 9.0982, 0.552, 3.4368, 13.7651, 6.2149, 1.9412, 53.7034, 8.6588, 0.8891, 4.6537, 40.0187, 2.5984],
      [8.6404, 7.2908, 3.618, 9.661, 6.4683, 6.9663, 2.6269, 6.3526, 4.188, 3.1619, 4.7213, 1.0837, 2.5678, 33.5511, 50.1688, 48.1183, 11.2203, 4.5223, 4.5203, 9.5392, 4.0004, 0.1628, 2.6531, 9.129, 6.6164, 0.6407, 45.9414, 5.3357, 0.0705, 4.2695, 19.9625, 2.8143],
      [1.0061, 0.4601, 0, 1.1687, 0.3656, 0.5269, 0.2298, 0.9611, 1.3039, 0.2706, 0.4519, 0.9444, 0.4795, 2.6736, 2.2273, 3.3544, 0.9678, 0.4065, 0.4732, 0.9726, 0.3913, 0.0403, 0.1706, 0.6535, 0.1703, 0.0733, 4.1984, 0.146, 0.0039, 0.1849, 1.3403, 0.2223],
      [0.0371, 0.0301, 0.0272, 0.0885, 0.0222, 0.0356, 0.0112, 0.0505, 0.0526, 0.0096, 0.032, 0.0071, 0.0238, 0.1707, 0.1128, 0.1984, 0.0636, 0.0229, 0.0223, 0.069, 0.0196, 0.0009, 0.0113, 0.0386, 0.0134, 0.0142, 0.1793, 0.0021, 0, 0.0089, 0.08, 0.0131],
      [4.8127, 2.7208, 0.5718, 3.8694, 1.8801, 2.2187, 0.7579, 3.9313, 5.1539, 1.3114, 2.2824, 0.9649, 2.1594, 10.1615, 14.3631, 17.7051, 3.0862, 2.1068, 2.3098, 4.7263, 1.4906, 0.244, 0.7282, 2.4138, 0.985, 0.3306, 19.9775, 0.8574, 0.0364, 0.883, 8.5986, 0.3518]
    ],
    [
      [2.453, 2.4965, 0.2312, 0, 2.1666, 1.2319, 0.1163, 0.4127, 1.8306, 0.4699, 1.8771, 0, 1.8916, 1.645, 1.7807, 0.4238, 1.3148, 2.1519, 2.8536, 1.7968, 1.9963, 0.1476, 0.5929, 1.6115, 1.2925, 0, 5.0121, 0.7715, 0, 2.3075, 5.4811, 0],
      [0, 0, 0, 0.5463, 0, 0, 0, 0.4885, 2.8763, 0, 0, 0, 0.21, 0.0308, 0.7706, 0.0509, 0, 0, 0, 0, 0, 0, 0, 0.0022, 1.5909, 0, 0.5453, 1.3189, 0, 0.1207, 0.8837, 0],
      [759.1006, 679.4117, 13.424, 714.9983, 520.5936, 580.0917, 304.8302, 694.4763, 713.5795, 193.3519, 740.6386, 232.7356, 637.7403, 438.7925, 332.1366, 256.7477, 437.1618, 697.8166, 792.4232, 561.7976, 548.3331, 59.5573, 204.9543, 375.665, 200.2374, 15.7991, 2518.6201, 171.504, 12.247, 454.6804, 1473.4604, 54.1227],
      [19.8038, 31.9647, 0.611, 37.614, 22.6928, 28.0619, 10.9019, 26.459, 20.211, 4.9235, 37.2882, 6.5607, 22.8924, 18.9628, 12.6089, 9.8979, 20.5554, 28.4303, 26.8845, 28.6028, 19.8342, 0.769, 9.7373, 15.5368, 11.8002, 0.746, 77.1653, 13.8875, 0, 15.7261, 62.9227, 1.8773],
      [15.6426, 17.127, 0.7339, 9.8413, 11.547, 10.6145, 4.1516, 12.1635, 10.5026, 4.2546, 16.1961, 5.7037, 12.2656, 6.5689, 8.7033, 5.8797, 4.968, 15.6012, 16.8388, 11.8028, 8.8364, 1.5261, 3.7155, 5.1845, 4.079, 0.4549, 51.6572, 4.5182, 1.753, 9.1653, 40.2521, 0]
    ],
    [
      [8.2599, 10.6018, 0.2668, 7.7516, 8.3546, 4.1324, 3.0349, 4.9528, 10.5946, 2.261, 4.1738, 0, 4.2158, 33.2063, 36.7395, 30.2724, 10.0113, 6.0971, 6.4379, 13.3989, 4.2884, 0.9454, 5.4659, 13.9718, 5.4142, 0.9422, 37.7635, 5.3941, 0.9456, 3.4366, 34.339, 2.1726],
      [53.2572, 89.5618, 7.3435, 86.6545, 73.3883, 42.8801, 36.3089, 42.0805, 41.8735, 13.8104, 33.1985, 9.5188, 19.168, 251.1879, 336.5624, 348.5098, 92.6757, 43.3774, 34.3802, 99.3209, 21.9362, 3.8363, 45.3089, 106.6899, 67.5476, 4.3593, 366.917, 40.2289, 2.7173, 37.5018, 195.8503, 25.1585],
      [5.6847, 5.2257, 0, 9.6918, 3.8086, 2.9736, 2.8976, 5.8218, 11.9659, 1.0701, 2.903, 1.8925, 3.2035, 18.6039, 13.4567, 22.5691, 7.4146, 3.5783, 3.279, 9.3628, 1.9349, 0.7257, 2.6658, 7.0522, 1.5367, 0.8647, 31.1549, 1.0571, 0.0666, 1.4641, 12.1947, 2.2116],
      [1.0818, 1.6977, 0.0615, 3.6732, 1.1445, 0.9987, 0.6991, 1.5137, 2.4202, 0.1945, 1.0246, 0.2643, 0.7864, 5.606, 3.6959, 6.2412, 2.399, 0.9958, 0.7681, 3.3425, 0.476, 0.0848, 0.8805, 2.0153, 0.6386, 0.1565, 6.6873, 0.4388, 0, 0.3494, 3.573, 0.4573],
      [8.7164, 9.913, 0.3282, 10.2289, 6.304, 4.0152, 3.0595, 7.6312, 15.1457, 1.6639, 4.7001, 2.3243, 4.6263, 22.3959, 28.5455, 38.4074, 7.4993, 5.9513, 5.1348, 14.5749, 2.3645, 1.4078, 3.6789, 8.2708, 2.8628, 0.6773, 47.4773, 1.881, 0.2705, 2.2481, 25.043, 0]
    ],
    [
      [4.21, 4.2687, 0.5848, 3.1679, 3.7435, 3.4034, 1.0892, 2.0796, 2.5786, 0.9687, 2.1641, 0, 3.143, 7.8743, 11.8561, 6.8301, 2.5795, 3.634, 4.788, 4.8573, 2.9133, 0.0941, 0.6505, 6.6425, 3.498, 0.0628, 15.7143, 2.785, 1.6253, 2.309, 11.3907, 0.3126],
      [0.0739, 0.102, 0.0337, 0.1008, 0.0918, 0.1005, 0.0369, 0.0497, 0.0413, 0.0175, 0.0489, 0.0931, 0.0388, 0.1669, 0.3619, 0.221, 0.0662, 0.0735, 0.0703, 0.0991, 0.0404, 0.0009, 0.0156, 0.1398, 0.1367, 0, 0.4295, 0.0608, 0.207, 0.0668, 0.1828, 0.0113],
      [34.5969, 26.3205, 2.1271, 46.0604, 21.2732, 31.7167, 13.9789, 29.5042, 35.0342, 7.0109, 19.4117, 8.8349, 29.0075, 52.1641, 55.1402, 58.9965, 23.3326, 27.4171, 30.156, 40.6761, 16.5604, 1.3014, 4.3515, 40.1476, 12.638, 0.7233, 152.4597, 5.6578, 1.4772, 12.1097, 47.6161, 3.8797],
      [3.2805, 4.2041, 0.2773, 8.7822, 3.1092, 5.2605, 1.6411, 3.7753, 3.497, 0.6298, 3.3868, 0.8275, 3.5075, 7.5933, 7.1791, 7.6978, 3.7284, 3.7485, 3.4809, 7.2554, 2.0047, 0.0758, 0.68, 5.5156, 2.6044, 0.0645, 16.3275, 1.8821, 0, 1.4138, 6.8764, 0.3725],
      [11.8387, 11.1046, 1.9771, 10.8887, 7.7823, 9.5188, 3.2539, 8.5911, 9.8487, 2.3732, 6.9884, 3.2445, 9.3032, 14.2015, 24.4627, 22.2546, 5.2934, 10.1269, 10.5048, 14.1122, 4.4812, 0.5279, 1.3024, 10.5545, 5.1229, 0.1494, 52.0691, 2.6142, 1.6905, 4.1008, 21.934, 0.424]
    ],
    [
      [6.5735, 3.1349, 0.1343, 1.8681, 3.4716, 2.9797, 1.3853, 1.8505, 1.6945, 1.0538, 2.2726, 0, 1.98, 4.8312, 6.4957, 4.85, 2.4323, 2.1755, 3.2461, 3.2541, 2.7038, 0.2609, 1.8539, 3.0091, 3.5804, 0.0538, 9.8066, 3.3906, 0.54, 2.2932, 11.7706, 0.9164],
      [0.0285, 0.0454, 0.0048, 0.0374, 0.0516, 0.0531, 0.0274, 0.0286, 0.0208, 0.0102, 0.0312, 0.3044, 0.0154, 0.0634, 0.1365, 0.1, 0.0378, 0.0268, 0.0292, 0.0407, 0.023, 0, 0.0223, 0.0391, 0.1084, 0, 0.1668, 0.0557, 0.0052, 0.0413, 0.1206, 0.0159],
      [51.6118, 18.5818, 0.4489, 26.0808, 18.959, 26.6911, 17.0635, 25.2366, 22.1165, 7.2965, 19.5947, 9.5925, 17.5692, 30.7659, 29.0392, 40.3323, 21.1232, 15.7814, 19.6686, 26.1909, 14.7803, 3.3754, 11.8578, 17.4817, 12.4176, 0.5397, 91.5669, 6.635, 0.2053, 11.5608, 47.3886, 7.5637],
      [1.7967, 1.1033, 0.0231, 1.8421, 1.0313, 1.6433, 0.7467, 1.2015, 0.8192, 0.2426, 1.2685, 0.3404, 0.79, 1.6672, 1.4033, 1.9646, 1.2536, 0.8025, 0.8441, 1.7304, 0.6655, 0.0695, 0.6909, 0.8937, 0.9433, 0.0188, 3.6407, 0.7895, 0, 0.5018, 2.5479, 0.2799],
      [51.9895, 23.1345, 1.389, 18.1717, 20.4865, 23.6328, 11.7771, 21.6828, 18.349, 7.3969, 20.8329, 10.7627, 16.6454, 24.6723, 37.9254, 44.7531, 14.1531, 17.2137, 20.2119, 26.7838, 11.8274, 4.2942, 10.575, 13.5764, 14.9503, 0.3878, 91.819, 9.1292, 1.2495, 11.6029, 64.1723, 2.2242]
    ]
  ],
  "V_est": [
    [446.1182, 330.5835, 26.839, 1.4687, 123.9905],
    [46.3569, 9.435, 16391.0294, 645.9298, 332.2489],
    [319.843, 2673.1102, 198.3324, 54.3664, 297.3479],
    [121.8188, 3.1794, 891.6821, 120.6795, 302.6402],
    [95.8631, 1.6919, 669.117, 33.5556, 667.7724]
  ],
  "p_est": [
    [0.4802, 0.3558, 0.0289, 0.0016, 0.1335],
    [0.0027, 0.0005, 0.9407, 0.0371, 0.0191],
    [0.0903, 0.7545, 0.056, 0.0153, 0.0839],
    [0.0846, 0.0022, 0.6192, 0.0838, 0.2102],
    [0.0653, 0.0012, 0.4558, 0.0229, 0.4549]
  ],
  "EI_Z": {},
  "EI_V": 6.9497,
  "MAE_Z": {},
  "MAE_V": 137.9108,
  "MAE_p": 0.0742,
  "runtime": 0.07
}
