{
  "X": [
    [2, 52, 58, 11],
    [8, 86, 115, 26],
    [1, 10, 4, 2],
    [4, 69, 86, 14],
    [5, 25, 40, 4],
    [10, 28, 60, 9],
    [314, 1587, 2755, 443],
    [299, 1461, 2776, 418],
    [43, 241, 324, 51],
    [6, 50, 101, 15],
    [20, 153, 624, 100],
    [2, 83, 55, 16],
    [76, 895, 872, 158],
    [73, 1200, 1140, 243],
    [71, 1020, 1023, 215],
    [1, 46, 54, 7],
    [64, 1385, 1467, 250],
    [7, 113, 147, 35],
    [4, 83, 84, 21],
    [138, 2063, 2641, 341],
    [50, 470, 607, 90],
    [13, 143, 210, 28],
    [7, 67, 81, 15],
    [0, 2, 4, 1],
    [3, 31, 14, 3],
    [12, 195, 162, 45],
    [1, 16, 17, 2],
    [13, 172, 147, 36],
    [11, 85, 95, 23],
    [4, 99, 40, 25],
    [0, 94, 27, 10],
    [13, 81, 100, 28],
    [12, 73, 82, 18],
    [13, 83, 109, 38],
    [26, 179, 159, 57],
    [24, 77, 116, 38],
    [9, 89, 72, 20],
    [7, 74, 67, 25],
    [9, 133, 168, 30],
    [25, 121, 276, 57],
    [5, 238, 123, 36],
    [13, 97, 78, 23],
    [9, 133, 99, 33],
    [5, 94, 64, 33],
    [1, 169, 98, 30],
    [14, 220, 161, 46],
    [5, 86, 72, 18],
    [8, 105, 115, 36],
    [23, 244, 177, 46],
    [8, 136, 125, 35],
    [24, 290, 266, 49],
    [10, 89, 99, 29],
    [5, 54, 39, 13],
    [12, 126, 117, 33],
    [5, 33, 33, 19],
    [1, 2, 6, 4],
    [166, 207, 460, 80],
    [224, 1066, 1622, 385],
    [108, 528, 643, 259]
  ],
  "W": [
    [2, 3, 64, 40, 14],
    [23, 21, 122, 45, 24],
    [3, 0, 5, 9, 0],
    [13, 22, 84, 46, 8],
    [6, 13, 34, 16, 5],
    [12, 21, 55, 9, 10],
    [389, 792, 2701, 854, 363],
    [331, 720, 2738, 792, 373],
    [46, 87, 344, 126, 56],
    [18, 22, 104, 13, 15],
    [37, 93, 619, 71, 77],
    [12, 6, 71, 52, 15],
    [171, 131, 1045, 489, 165],
    [261, 106, 1444, 615, 230],
    [215, 101, 1227, 593, 193],
    [11, 6, 64, 21, 6],
    [305, 156, 1694, 771, 240],
    [27, 16, 170, 58, 31],
    [16, 3, 112, 38, 23],
    [370, 296, 3096, 1115, 306],
    [101, 114, 655, 252, 95],
    [31, 35, 232, 75, 21],
    [9, 14, 94, 36, 17],
    [3, 1, 3, 0, 0],
    [3, 1, 20, 24, 3],
    [42, 40, 182, 103, 47],
    [2, 0, 24, 9, 1],
    [31, 28, 182, 88, 39],
    [29, 23, 100, 45, 17],
    [30, 6, 56, 59, 17],
    [12, 3, 39, 61, 16],
    [18, 18, 113, 41, 32],
    [16, 22, 88, 41, 18],
    [18, 41, 109, 44, 31],
    [28, 49, 183, 110, 51],
    [19, 35, 123, 43, 35],
    [22, 20, 84, 52, 12],
    [15, 15, 75, 41, 27],
    [32, 32, 174, 72, 30],
    [23, 32, 327, 45, 52],
    [55, 15, 156, 139, 37],
    [22, 10, 94, 58, 27],
    [28, 9, 124, 78, 35],
    [21, 6, 93, 57, 19],
    [27, 7, 137, 94, 33],
    [51, 21, 211, 109, 49],
    [15, 6, 90, 49, 21],
    [41, 7, 139, 49, 28],
    [57, 26, 235, 125, 47],
    [31, 9, 161, 67, 36],
    [61, 29, 345, 147, 47],
    [20, 11, 111, 55, 30],
    [5, 6, 55, 34, 11],
    [27, 24, 140, 64, 33],
    [7, 12, 35, 16, 20],
    [0, 0, 7, 2, 4],
    [41, 201, 513, 97, 61],
    [229, 339, 1761, 611, 357],
    [133, 132, 775, 298, 200]
  ],
  "method": "mvn_cdf",
  "mvncdf_method": "genz",
  "mvncdf_samples": 5000,
  "mvncdf_error": 0.001,
  "cond_prob": [
    [
      [0.00074143856088, 0.80589922111, 0.11009093624, 0.083268404094],
      [0.21582956658, 5.1062760074e-05, 0.77853803103, 0.0055813396314],
      [0.015404492192, 0.13768618147, 0.82193096182, 0.024978364511],
      [0.0012622650447, 0.94758060979, 0.035128553327, 0.016028571836],
      [0.022475022936, 0.2623505974, 0.10253431033, 0.61264006934]
    ],
    [
      [0.0006547371867, 0.79244965704, 0.088096088613, 0.11879951716],
      [0.25882951189, 7.7696828544e-05, 0.73122175424, 0.0098710370439],
      [0.017055248214, 0.16369347495, 0.77595107537, 0.043300201467],
      [0.00021724164436, 0.94734730691, 0.029295778072, 0.023139673373],
      [0.019125214125, 0.21544972918, 0.068074663085, 0.69735039361]
    ],
    [
      [0, 0.52895374107, 0.084957938367, 0.38608832056],
      [0.34265510624, 5.5865465807e-05, 0.64846515182, 0.0088238764743],
      [0.2, 0.11263718655, 0.62293792646, 0.064424886991],
      [0, 0.87221698267, 0.070048505842, 0.057734511483],
      [0.053231205401, 0.017343740621, 0.0077365058531, 0.92168854812]
    ],
    [
      [0, 0.77502420758, 0.084750489124, 0.1402253033],
      [0.17836958043, 0.001501353281, 0.80622979703, 0.013899269263],
      [0, 0.16864302444, 0.77725050315, 0.05410647241],
      [0, 0.94026195489, 0.030674674517, 0.029063370593],
      [0.0094836538255, 0.18419894392, 0.057638851792, 0.74867855046]
    ],
    [
      [0.0023705885295, 0.79928959475, 0.13061454922, 0.067725267504],
      [0.29012833498, 0, 0.70631131619, 0.0035603488235],
      [0.027785221058, 0.11071882027, 0.84488531848, 0.016610640199],
      [0.0036916353642, 0.94269387233, 0.041063837977, 0.012550654325],
      [0.042068886452, 0.27134411701, 0.13022867167, 0.55635832486]
    ],
    [
      [0.0022260083238, 0.80180791918, 0.1075449116, 0.088421160892],
      [0.36736917002, 0, 0.6267279075, 0.0059029224824],
      [0.032817284117, 0.13459403695, 0.80497192899, 0.027616749941],
      [0.0013128011594, 0.9465604442, 0.035684193774, 0.016442560864],
      [0.044176949292, 0.24565889399, 0.095356116458, 0.61480804026]
    ],
    [
      [0.0010000159852, 0.77465161324, 0.096249413108, 0.12809895767],
      [0.3061982073, 0, 0.68481107278, 0.0089907199233],
      [0.022721679465, 0.1510736732, 0.78494121989, 0.041263427443],
      [0.00046644338255, 0.94105986196, 0.034083786596, 0.024389908057],
      [0.025709131451, 0.20370636093, 0.071500881493, 0.69908362613]
    ],
    [
      [0.0011338560016, 0.7733235612, 0.10460802243, 0.12093456037],
      [0.30890761766, 0, 0.68328568846, 0.0078066938792],
      [0.023688122556, 0.13989228468, 0.79984896572, 0.036570627049],
      [0.00058798470127, 0.93914201671, 0.037240354912, 0.023029643679],
      [0.029188861946, 0.20966313287, 0.080236513843, 0.68091149135]
    ],
    [
      [0.0011370710247, 0.83585058726, 0.078489159384, 0.084523182326],
      [0.3597064698, 0.00019083476222, 0.63356253546, 0.006540159978],
      [0.028005152259, 0.19135667329, 0.74943104567, 0.031207128774],
      [0.00073055812765, 0.9585946116, 0.025658654612, 0.015016175665],
      [0.034418020704, 0.28436881585, 0.075576569465, 0.60563659398]
    ],
    [
      [0, 0.82716736316, 0.084813511906, 0.088019124934],
      [0.21580592159, 0.00052906032171, 0.77538280144, 0.0082822166507],
      [0.0095777128772, 0.17886833891, 0.77747314614, 0.034080802066],
      [0, 0.95588540273, 0.02804776438, 0.016066832892],
      [0.017079172392, 0.27136871023, 0.079540467886, 0.63201164949]
    ],
    [
      [0.00020026124412, 0.68140306422, 0.13515645479, 0.18324021975],
      [0.17880298665, 0, 0.80996602318, 0.011230990173],
      [0.0038461404694, 0.08553075486, 0.86230441747, 0.048318687199],
      [0, 0.90763103248, 0.053973507221, 0.0383954603],
      [0.012768202921, 0.13510059818, 0.078880747918, 0.77325045098]
    ],
    [
      [0, 0.85554385004, 0.050974132313, 0.093482017645],
      [0.21720243703, 0, 0.76918096739, 0.01361659558],
      [0.0077553242054, 0.26144342278, 0.67824094109, 0.052560311924],
      [0, 0.96225386436, 0.017489334843, 0.020256800793],
      [0.0097438239501, 0.27558598902, 0.04724482523, 0.6674253618]
    ],
    [
      [0.00089758413155, 0.84996415291, 0.066891601659, 0.082246661299],
      [0.34232981702, 0, 0.64989109636, 0.0077790866294],
      [0.024947923562, 0.21957066193, 0.72098336924, 0.034498045273],
      [0.00057250303023, 0.96254094321, 0.02247196114, 0.014414592619],
      [0.02818650291, 0.30013495095, 0.066723591781, 0.60495495435]
    ],
    [
      [0.00075618483998, 0.84215156964, 0.063582606556, 0.093509638968],
      [0.32581076652, 0, 0.66458407132, 0.0096051621608],
      [0.022635017009, 0.22526708243, 0.71057142779, 0.041526472766],
      [0.00039617878001, 0.96113150714, 0.021602871848, 0.016869442235],
      [0.02320904346, 0.27746476698, 0.059165740036, 0.64016044953]
    ],
    [
      [0.00099394903884, 0.81417241922, 0.076931063665, 0.10790256808],
      [0.3388132097, 5.3040343139e-05, 0.65220618876, 0.0089275612016],
      [0.025276491798, 0.18963159253, 0.74395320588, 0.041138709799],
      [0.00058363962139, 0.95374900991, 0.025801933211, 0.019865417259],
      [0.02697312459, 0.24195049683, 0.064538167068, 0.66653821152]
    ],
    [
      [0, 0.86326962859, 0.066039387753, 0.070690983661],
      [0.15667994913, 0.0027850928179, 0.83175773676, 0.0087772212892],
      [0, 0.22351675958, 0.74074710241, 0.035736138014],
      [0, 0.96449910074, 0.021470517493, 0.014030381772],
      [0.0099867175381, 0.32129496668, 0.07072081547, 0.59799750032]
    ],
    [
      [0.00012256348817, 0.83004883777, 0.079183254913, 0.090645343825],
      [0.24205500612, 0.00011909128037, 0.7494322031, 0.0083936994928],
      [0.012783969643, 0.19350314449, 0.75974524667, 0.033967639197],
      [0, 0.95649586378, 0.027272488988, 0.016231647229],
      [0.018941635854, 0.27734953543, 0.074592277888, 0.62911655083]
    ],
    [
      [0.00041471707691, 0.79376086152, 0.081391732003, 0.1244326894],
      [0.24840734027, 0.00012222340335, 0.74044720881, 0.011023227523],
      [0.014781450692, 0.17635096245, 0.7614938943, 0.047373692561],
      [0, 0.94866051446, 0.027458631373, 0.023880854167],
      [0.01617543797, 0.21175895838, 0.061571136923, 0.71049446673]
    ],
    [
      [0.00097399095838, 0.85477734947, 0.059943200338, 0.084305459238],
      [0.3141853625, 0, 0.67673694833, 0.0090776891747],
      [0.022387799844, 0.23169162081, 0.70487943057, 0.04104114877],
      [0.0011202290291, 0.96423891274, 0.018869416945, 0.015771441284],
      [0.021385120501, 0.29274009537, 0.058572342667, 0.62730244146]
    ],
    [
      [0.00052107469787, 0.83317755304, 0.078827953512, 0.087473418751],
      [0.26819083504, 0.00010440533186, 0.72390639132, 0.0077983683098],
      [0.01665673311, 0.19377296035, 0.75729883495, 0.032271471586],
      [0, 0.95781787033, 0.026725204513, 0.015456925153],
      [0.022396959096, 0.28367774747, 0.075691403023, 0.61823389041]
    ],
    [
      [0.00082801312525, 0.8287874352, 0.085104033593, 0.085280518087],
      [0.294490078, 0.00019612230734, 0.69866820741, 0.0066455922778],
      [0.02080394556, 0.18086608676, 0.76916533874, 0.029164628945],
      [0.00035202587538, 0.95622656244, 0.028445170088, 0.014976241599],
      [0.027675862314, 0.28246032149, 0.081945655015, 0.60791816118]
    ],
    [
      [0.00049600851771, 0.81215980175, 0.083654724704, 0.10368946503],
      [0.25546360726, 0.0001446421536, 0.73532593069, 0.0090658198945],
      [0.015648513456, 0.17779996628, 0.76758438653, 0.038967133728],
      [0, 0.95257489806, 0.02788536932, 0.019539732616],
      [0.019663921904, 0.24406067322, 0.071395980274, 0.6648794246]
    ],
    [
      [0.00095190223158, 0.85019407274, 0.069373983653, 0.079480041371],
      [0.31026618767, 6.329839229e-05, 0.68192422067, 0.0077462932627],
      [0.023167203695, 0.20897179987, 0.73308649707, 0.034774499368],
      [0.0012393733165, 0.96301202746, 0.020805492663, 0.01494310656],
      [0.025021862695, 0.29621088186, 0.068798035141, 0.60996922031]
    ],
    [
      [0, 0.66666666667, 0.10098864864, 0.2323446847],
      [0, 0, 0.97089675386, 0.029103246141],
      [0, 0, 0.90871243341, 0.091287566591],
      [8.9138147994e-05, 0.93530960501, 0.038905558506, 0.025695698339],
      [0.002213959337, 0.067441510645, 0.03021614264, 0.90012838738]
    ],
    [
      [0.0010350360606, 0.86990989444, 0.057974740959, 0.071080328544],
      [0.89942998924, 0.00036536461639, 0.098744606414, 0.0014600397264],
      [0.084003580923, 0.23766821989, 0.64452677799, 0.033801421194],
      [0, 0.95262618266, 0.028422744181, 0.01895107316],
      [0.13913109471, 0.25783739015, 0.051549916834, 0.55148159831]
    ],
    [
      [0, 0.85483843749, 0.054964431906, 0.090197130606],
      [0.24092119962, 0, 0.74648767444, 0.01259112594],
      [0.0097488516638, 0.25485165665, 0.68822439361, 0.047175098078],
      [0, 0.96229553446, 0.020204610637, 0.017499854898],
      [0.012528957712, 0.28930519287, 0.053065369158, 0.64510048026]
    ],
    [
      [0.0020289939318, 0.87382891439, 0.057053488734, 0.067088602947],
      [0.44554061409, 5.8325863485e-05, 0.54856360187, 0.0058374581756],
      [0.038076271039, 0.21875331435, 0.69843499296, 0.044735421649],
      [0.0064394082904, 0.96926054964, 0.0073996878768, 0.016900354188],
      [0.02415683258, 0.27891767996, 0.056856000633, 0.64006948682]
    ],
    [
      [0.00062259419052, 0.86761044603, 0.051690816273, 0.08007614351],
      [0.30665759235, 0, 0.68265696914, 0.010685438507],
      [0.019874888654, 0.26316610888, 0.6735268268, 0.043432175661],
      [0.0004902291421, 0.96586635247, 0.018421972273, 0.015221446115],
      [0.018818387046, 0.31311808562, 0.053337782606, 0.61472574473]
    ],
    [
      [0.0015304558905, 0.77875625874, 0.081573633059, 0.13813965231],
      [0.33990907831, 8.645614739e-06, 0.6492034749, 0.010878801176],
      [0.02673127296, 0.16682408691, 0.75533327667, 0.051111363463],
      [0.0013383333138, 0.94479113899, 0.026782691647, 0.027087836054],
      [0.023785628411, 0.18928586482, 0.056713878115, 0.73021462865]
    ],
    [
      [0.0013195216602, 0.7971542585, 0.040129538937, 0.16139668091],
      [0.38127850149, 0.00031403030124, 0.59638156355, 0.022025904654],
      [0.024254127239, 0.27865763696, 0.60736567938, 0.089722556422],
      [0.0017760339227, 0.95776872148, 0.013195276498, 0.027259968104],
      [0.012336836141, 0.17472387215, 0.025107358344, 0.78783193336]
    ],
    [
      [0, 0.9278595524, 0.031214430733, 0.040926016865],
      [0, 0.1402857679, 0.84848064075, 0.011233591354],
      [0, 0.40538741604, 0.56170654542, 0.032906038548],
      [0, 0.96438634762, 0.023429158846, 0.012184493538],
      [0, 0.48794697735, 0.046515684255, 0.4655373384]
    ],
    [
      [0.0014410238701, 0.81256318197, 0.082580432881, 0.10341536128],
      [0.42587583849, 0.00018628796033, 0.56687147401, 0.0070663995392],
      [0.03527302493, 0.1741419822, 0.75236809598, 0.038216896883],
      [0.00074221912899, 0.95287548229, 0.026834527912, 0.019547770672],
      [0.040375427378, 0.23826783683, 0.068501724543, 0.65285501125]
    ],
    [
      [0.001437866606, 0.82097076339, 0.076481850735, 0.10110951927],
      [0.38853774245, 0.00019189139208, 0.60303006639, 0.0082402997662],
      [0.031559127444, 0.18501475062, 0.74303678079, 0.040389341142],
      [0.0013194771895, 0.95571377896, 0.023323845498, 0.019642898349],
      [0.033214556698, 0.24414906571, 0.064784141817, 0.65785223578]
    ],
    [
      [0.00017910269253, 0.76291270329, 0.06155852834, 0.17534966568],
      [0.27031067645, 0.0011805453867, 0.71038341036, 0.018125367798],
      [0.014614119333, 0.20836289786, 0.70293952941, 0.074083453404],
      [0, 0.94487071032, 0.022760488447, 0.03236880123],
      [0.010358045474, 0.15913876966, 0.036914724773, 0.79358846009]
    ],
    [
      [0.00097641658963, 0.80078123764, 0.0569395972, 0.14130274857],
      [0.39585052474, 8.5845876951e-05, 0.59028040841, 0.013783220976],
      [0.029549794949, 0.22722598251, 0.67901175971, 0.064212462834],
      [0.00076407459316, 0.95390421684, 0.019876318975, 0.025455389592],
      [0.021261253773, 0.19729608325, 0.039929493197, 0.74151316978]
    ],
    [
      [0.0011830337078, 0.73973081051, 0.092089760574, 0.16699639521],
      [0.49733822962, 0, 0.49336899289, 0.0092927774889],
      [0.041700503384, 0.14238114631, 0.7604089313, 0.055509419007],
      [0, 0.93163156793, 0.034964962246, 0.033403469826],
      [0.041186354474, 0.15348789094, 0.055673939202, 0.74965181538]
    ],
    [
      [0.0010097554885, 0.79853912457, 0.053562990899, 0.14688812904],
      [0.33847211152, 7.626957496e-05, 0.64496508116, 0.016486537746],
      [0.023438527736, 0.23307346651, 0.67347987235, 0.070008133396],
      [0.0011799620017, 0.95413671949, 0.017697120071, 0.026986198433],
      [0.014845732916, 0.18644443892, 0.035812754633, 0.76289707354]
    ],
    [
      [0.0010363785855, 0.82525580141, 0.064139835788, 0.10956798422],
      [0.31359640293, 4.4293137014e-05, 0.67506274237, 0.011296561567],
      [0.022504462912, 0.21193647729, 0.71634783948, 0.049211220317],
      [0.0012761852034, 0.95830962355, 0.019045019542, 0.021369171703],
      [0.020012961687, 0.23831734147, 0.052038057973, 0.68963163887]
    ],
    [
      [0, 0.81744843901, 0.087357498816, 0.09519406217],
      [0.216120078, 0.00027895262722, 0.7751490369, 0.0084519324764],
      [0.0090767992679, 0.17513234023, 0.7810112158, 0.034779644699],
      [0, 0.95229353394, 0.029713107007, 0.017993359055],
      [0.01682648105, 0.25981872745, 0.078816520108, 0.64453827139]
    ],
    [
      [0.0014099132403, 0.77194310679, 0.089857380677, 0.13678959929],
      [0.3943617641, 0, 0.59672556768, 0.0089126682215],
      [0.032424506087, 0.15591622878, 0.76500445584, 0.046654809287],
      [0.00075417239402, 0.94162009001, 0.03151506297, 0.026110674621],
      [0.032908544155, 0.1901499554, 0.062758215092, 0.71418328535]
    ],
    [
      [0, 0.87186186033, 0.050146070575, 0.077992069094],
      [0.2267748178, 0, 0.76136186244, 0.011863319757],
      [0.0075284027627, 0.28167852883, 0.66748669474, 0.043306373668],
      [0, 0.96467442813, 0.019828184772, 0.015497387096],
      [0.011458024379, 0.32475680199, 0.052364759981, 0.61142041365]
    ],
    [
      [0, 0.82325885995, 0.082086152835, 0.094654987216],
      [0.62116899911, 0.00047200749358, 0.37376079119, 0.0045982022012],
      [0.049435645306, 0.1830040227, 0.73106723278, 0.036493099212],
      [0, 0.94891967276, 0.031651271769, 0.019429055469],
      [0.079309605559, 0.24606910564, 0.070385299315, 0.60423598948]
    ],
    [
      [0.00139154434, 0.83109348488, 0.065713763361, 0.10180120742],
      [0.41157035636, 7.0967402365e-06, 0.57979872277, 0.0086238241248],
      [0.03259845147, 0.21067590342, 0.71270777158, 0.044017873532],
      [0.0014307490822, 0.95883392482, 0.020381653381, 0.019353672713],
      [0.031517061158, 0.25189886836, 0.056465528042, 0.66011854244]
    ],
    [
      [0.0010425437434, 0.71502607485, 0.045862687852, 0.23806869355],
      [0.38391682192, 0.00086583791467, 0.58566191091, 0.029555429252],
      [0.025818773673, 0.24844426753, 0.62079067067, 0.10494628813],
      [0.0014802301248, 0.94173566758, 0.024030367148, 0.032753735143],
      [0.0099519253255, 0.11552670886, 0.022086778409, 0.8524345874]
    ],
    [
      [0, 0.88455532471, 0.043156226718, 0.072288448569],
      [0.14285714286, 0.033137180243, 0.81003103071, 0.013974646189],
      [0, 0.31345511298, 0.63811464406, 0.048430242959],
      [0, 0.96105373001, 0.022802505656, 0.016143764334],
      [0, 0.35159529915, 0.048467360465, 0.59993734038]
    ],
    [
      [0.00098711596778, 0.86445150273, 0.051233614193, 0.083327767108],
      [0.35520930561, 0, 0.63452201906, 0.010268675331],
      [0.024971834845, 0.26416296301, 0.66627374052, 0.044591461625],
      [0.0010130219479, 0.965391286, 0.017979118569, 0.015616573487],
      [0.022669084147, 0.30503955085, 0.051400818421, 0.62089054658]
    ],
    [
      [0.0012490210951, 0.85412525444, 0.064849554578, 0.079776169886],
      [0.33778485845, 0, 0.65453038227, 0.0076847592837],
      [0.025589060463, 0.21865558466, 0.71999940117, 0.035755953704],
      [0.0019678295678, 0.96375587072, 0.019193274151, 0.015083025564],
      [0.026434116306, 0.29928956661, 0.064745611848, 0.60953070524]
    ],
    [
      [0.0017702072473, 0.76403957029, 0.082584975344, 0.15160524712],
      [0.38698720907, 3.6531264104e-05, 0.60246530629, 0.010510953375],
      [0.031638483059, 0.16316354301, 0.75173830715, 0.053459666786],
      [0.0013067174647, 0.94092585424, 0.028638148074, 0.029129280225],
      [0.027026169229, 0.17460794871, 0.053638032766, 0.74472784929]
    ],
    [
      [0.0008278386209, 0.8618193306, 0.052962680224, 0.084390150551],
      [0.47749351275, 0, 0.51428602959, 0.0082204576605],
      [0.037459985185, 0.25624946061, 0.66303035473, 0.043260199472],
      [0, 0.96541278224, 0.018917529923, 0.015669687839],
      [0.036912454228, 0.29746972621, 0.051763103318, 0.61385471625]
    ],
    [
      [0.0010812571763, 0.84003935719, 0.062198515423, 0.096680870216],
      [0.33981955531, 0, 0.65043997877, 0.0097404659188],
      [0.024823452335, 0.22347827923, 0.70725875144, 0.044439517],
      [0.0010779367854, 0.96099847797, 0.019874058099, 0.018049527141],
      [0.023314095534, 0.26644108187, 0.056046259412, 0.65419856318]
    ],
    [
      [0.0010592997223, 0.85766887097, 0.059548044257, 0.081723785051],
      [0.40292423224, 0, 0.58913742544, 0.0079383423153],
      [0.030832018789, 0.23676977256, 0.69432861763, 0.03806959102],
      [0.00071644105486, 0.96455354413, 0.020052051849, 0.014677962971],
      [0.032089716267, 0.30228204999, 0.059394877864, 0.60623335588]
    ],
    [
      [0.001758432205, 0.77571607398, 0.098639244756, 0.12388624906],
      [0.42279953336, 0, 0.57013542222, 0.0070650444208],
      [0.036133416345, 0.14214151185, 0.7814331665, 0.040291905304],
      [0.0011289036529, 0.94057780009, 0.033694827353, 0.024598468901],
      [0.041371252457, 0.19920639001, 0.072114282479, 0.68730807506]
    ],
    [
      [0.0010734419693, 0.8380767481, 0.04445328926, 0.11639652067],
      [0.46221885908, 0, 0.52466385058, 0.013117290337],
      [0.034639314327, 0.26678416641, 0.63244267818, 0.066133841084],
      [0.0020633476135, 0.96119607952, 0.013797458349, 0.022943114521],
      [0.022363957166, 0.2232564003, 0.034208142417, 0.72017150012]
    ],
    [
      [0.00091641202689, 0.84185436193, 0.057408933048, 0.099820292995],
      [0.33164276973, 0, 0.65704634055, 0.011310889712],
      [0.02341882047, 0.23618582827, 0.69153793469, 0.048857416568],
      [0.00089441945169, 0.96169849482, 0.018515974084, 0.01889111164],
      [0.020604627, 0.26227916975, 0.050924649569, 0.66619155368]
    ],
    [
      [0.0010190335944, 0.81003726543, 0.052800187981, 0.136143513],
      [0.32298506553, 0.00064946869943, 0.65998887398, 0.01637659179],
      [0.022480190845, 0.22992585838, 0.68007539237, 0.067518558405],
      [0.0012589504703, 0.95758142783, 0.014648050543, 0.026511571155],
      [0.01550480457, 0.19766188145, 0.033676232732, 0.75315708124]
    ],
    [
      [0.00335949902, 0.63681899253, 0.1261634214, 0.23365808704],
      [0.98718017739, 7.6756070374e-07, 0.01225800344, 0.00056105161034],
      [0.096013052599, 0.012583389228, 0.82836227102, 0.06304128715],
      [0.014591922507, 0.89338495589, 0.041673538115, 0.050349583487],
      [0.074681196699, 0.031286590906, 0.029529256652, 0.86450295574]
    ],
    [
      [0.0013375773133, 0.75145083682, 0.091944616872, 0.15526696899],
      [0.65667442339, 0.0012848511808, 0.335041943, 0.0069987824283],
      [0.056040280528, 0.14776169229, 0.74399844029, 0.052199586889],
      [0, 0.93116372732, 0.038041242297, 0.03079503038],
      [0.085326824896, 0.16078083452, 0.057797373663, 0.69609496693]
    ],
    [
      [0.0014258635565, 0.75988950529, 0.096935456015, 0.14174917513],
      [0.43091911033, 0, 0.56091562924, 0.0081652604236],
      [0.035918158081, 0.14438482044, 0.7746058596, 0.045091161873],
      [0, 0.93676167554, 0.035717108487, 0.027521215971],
      [0.040168130144, 0.18308753707, 0.066519076225, 0.71022525656]
    ],
    [
      [0.00082581290681, 0.71023048826, 0.074455522976, 0.21448817586],
      [0.51662253168, 0.00062975797088, 0.47070681388, 0.012040896474],
      [0.043308550874, 0.16968704301, 0.71423251465, 0.072771891466],
      [0, 0.92759293981, 0.031907849766, 0.040499210424],
      [0.030659328872, 0.12763031306, 0.03962688965, 0.80208346842]
    ]
  ],
  "expected_outcome": [
    [
      [0.0014828771218, 0.015058955294, 0, 0, 0.014223531177, 0.026712099885, 0.38900621823, 0.37530633653, 0.052305267137, 0, 0.0074096660326, 0, 0.1534868865, 0.19736424324, 0.21369904335, 0, 0.037381863891, 0.011197361076, 0.015583855334, 0.19279763821, 0.08362932565, 0.015376264049, 0.0085671200843, 0, 0.0031051081818, 0, 0.0040579878636, 0.019300419906, 0.044383220823, 0.039585649806, 0, 0.025938429662, 0.023005865696, 0.0032238484655, 0.02733966451, 0.022477640448, 0.022214620748, 0.015545678782, 0, 0.032428004526, 0, 0, 0.038963241519, 0.021893418611, 0, 0.050342914357, 0.018735316427, 0.072578497139, 0.047186801391, 0.033518972466, 0.064617283063, 0.0351686441, 0.0053672098464, 0.024743124726, 0.0071332351607, 0, 0.054840669847, 0.32652275445, 0.10983311661],
      [1.6117984422, 18.226342112, 1.5868612232, 10.0753146985, 4.7957375685, 9.6216950302, 301.3394775496, 255.9700987573, 38.4491270142, 14.8890125369, 25.2119133763, 10.2665262005, 145.3438701478, 219.801559675, 175.0470701312, 9.4959659144, 253.164895521, 21.4315432609, 13.6764375915, 308.2756946247, 83.7075309548, 25.1769538542, 7.6517466547, 2, 2.6097296833, 35.9032143745, 1.7476578288, 26.8959238268, 22.5839315034, 23.9146277549, 11.1343146288, 14.6261372754, 13.1355322142, 13.7324286592, 22.421874654, 14.0548853996, 17.5678607406, 12.3788370211, 26.1583500484, 17.7546914562, 47.9524023182, 18.1116949189, 23.2706175765, 15.0155475719, 23.8829937672, 44.0870266393, 12.8118788166, 31.3256223819, 49.1237018445, 26.0412200727, 52.3178011291, 15.5143214795, 4.1903837405, 22.7300677721, 5.670260858, 0, 30.8094843097, 174.0146967124, 94.4606549386],
      [0.22018187247, 2.0262100381, 0.2548738151, 1.1017563586, 0.78368729529, 1.2905389392, 37.4410216992, 34.6252554238, 3.6105013317, 1.5266432143, 5.0007888271, 0.61168958775, 11.4384638836, 16.5950603112, 16.5401786879, 0.72643326528, 24.1508927484, 2.1975767641, 0.9590912054, 29.1663427994, 8.5955073928, 2.5932964658, 0.62436585287, 0.30296594591, 0.17392422288, 2.30850614, 0.11410697747, 1.6024153045, 2.3656353587, 1.2038861681, 0.3745731688, 1.4864477919, 1.2237096118, 1.1080535101, 1.5943087216, 1.7497054509, 1.1783857998, 0.96209753681, 2.7954399621, 2.0667197556, 2.7580338816, 1.8058953624, 1.8399853741, 0.96311644488, 1.1652181214, 2.6129143239, 0.97274331868, 3.3859839891, 3.0188727728, 1.9281539781, 3.6324306997, 1.9727848951, 0.2222664463, 1.5500411923, 0.36960131587, 0, 3.7697292918, 22.1982194274, 9.9025845557],
      [0.16653680819, 2.7323888946, 1.1582649617, 1.8229289428, 0.40635160502, 1.0610539307, 49.830494533, 40.0293394824, 3.888066387, 1.5843442488, 6.7798881306, 1.1217842117, 14.0641790821, 24.4060157705, 23.1990521375, 0.77760082027, 27.6468298668, 3.3596826139, 1.3488873478, 32.3651649377, 8.6133323267, 3.2143734159, 0.71532037234, 0.69703405409, 0.21324098563, 3.7882794855, 0.13417720589, 2.4823604488, 4.0060499171, 4.8419004272, 0.49111220238, 1.8614765031, 1.6177523083, 3.1562939822, 3.9564769599, 3.172931509, 3.2315388389, 1.6435197633, 3.0462099894, 3.1461607837, 4.2895638002, 2.0824097188, 2.8504338078, 4.9994425646, 1.9517881114, 4.2497161225, 1.1966425483, 6.2158151318, 4.8102385814, 2.9971069767, 4.9851508881, 2.4777249813, 0.58198260336, 2.6951479109, 0.95300459097, 0, 6.3659457287, 32.4605611058, 28.526927389]
    ],
    [
      [0.64748869973, 5.4354197496, 0, 3.9241307694, 3.7716683548, 7.7147525703, 242.5089801825, 222.4134847149, 31.2944628723, 4.7477302749, 16.6286777584, 1.3032146222, 44.845206029, 34.5359412508, 34.2201341796, 0.94007969477, 37.7605809554, 3.9745174443, 0.9425560875, 79.3844871711, 33.5718688923, 8.9412262541, 4.3437266274, 0, 0.89942998924, 9.6368479847, 0, 8.5864125858, 7.8179088011, 2.2876710089, 0, 7.6657650929, 8.5478303339, 11.0827377345, 19.3966757122, 17.4068380368, 6.7694422303, 4.7039460439, 6.9158424959, 12.6195764512, 3.401622267, 6.2116899911, 3.7041332073, 2.3035009315, 1, 7.4593954177, 2.0267091507, 2.7089104635, 12.4148313315, 3.0583759978, 11.6848027351, 4.6507948669, 2.7733131545, 7.9594264736, 3.8758207863, 0, 131.9915591009, 146.0815784032, 68.1941741817],
      [0.00015318828022, 0.0016316333994, 0, 0.033029772182, 0, 0, 0, 0, 0.016602624313, 0.011639327078, 0, 0, 0, 0, 0.0053570746571, 0.016710556907, 0.018578239738, 0.0019555744536, 0, 0.030903978232, 0.022357943036, 0.005062475376, 0.00088617749206, 0, 0.00036536461639, 0, 0, 0, 0.000198849139, 0.0018841818074, 0.4208573037, 0.0033531832859, 0.0042216106257, 0.048402360855, 0.0042064479706, 0, 0.0015253914992, 0.00066439705521, 0.0089264840709, 0, 0, 0.0047200749358, 6.3870662128e-05, 0.005195027488, 0.2319602617, 0, 0, 0.00025571884873, 0, 0, 0, 0, 0, 0, 0.0077936243932, 0, 0.25825508734, 0, 0.083128052156],
      [2.3356140931, 15.3556568391, 0, 17.7370555346, 9.1820471105, 13.1612860575, 542.3703696382, 491.9656956921, 55.1199405853, 17.0584216317, 75.3268401554, 4.6150858044, 85.1357336226, 70.4459115602, 65.8728250644, 4.9905464206, 116.911423684, 11.8471553409, 2.030210845, 214.276291831, 79.648175645, 25.7364075742, 9.5469390894, 0.97089675386, 0.098744606414, 29.8595069777, 0, 19.114395136, 14.9316799227, 3.5782893813, 2.5454419222, 10.2036865321, 13.2666614606, 29.1257198249, 28.923740012, 17.2679147511, 12.8993016232, 10.1259411355, 24.8047691808, 19.0952181657, 11.4204279367, 3.7376079119, 5.218188505, 3.5139714655, 5.670217215, 13.3249624003, 3.9271822936, 4.217257144, 13.3714367693, 5.8539598089, 17.0849853378, 6.2714896444, 3.1479831035, 15.7691121733, 7.9198664878, 0, 67.3434305437, 190.1503983132, 62.1332994316],
      [0.016744018894, 0.20729177792, 0, 0.30578392379, 0.046284534705, 0.12396137213, 7.1206501793, 5.620819593, 0.56899391809, 0.18220876632, 1.0444820861, 0.08169957348, 1.0190603484, 1.018147189, 0.90168368136, 0.052663327735, 1.3094171209, 0.17637164037, 0.027233067524, 2.3083170197, 0.75759751967, 0.31730369631, 0.10844810568, 0.029103246141, 0.0014600397264, 0.50364503761, 0, 0.29919227821, 0.25021242705, 0.13215542792, 0.033700774061, 0.1271951917, 0.18128659486, 0.7431400797, 0.67537782785, 0.32524721211, 0.32973075491, 0.16944842351, 0.27046183924, 0.28520538309, 0.17794979636, 0.045982022012, 0.077614417123, 0.17733257551, 0.097822523324, 0.21564218195, 0.046108555702, 0.073576673626, 0.21373189917, 0.087664193269, 0.23021192714, 0.077715488629, 0.078703742025, 0.27146135309, 0.19651910148, 0, 1.4067552681, 2.7680232836, 1.5893983346]
    ],
    [
      [0.98588750026, 2.0807402821, 1, 0, 0.94469751597, 1.8049506264, 61.3712562339, 64.8580795592, 9.6337723771, 0.99608213922, 2.3807609506, 0.55062801858, 26.0705801225, 32.6849645605, 31.0142554357, 0, 21.6560445756, 2.5128466176, 2.5074335825, 51.5692457074, 13.6265843415, 3.6304551219, 2.1777171473, 0, 1.6800716185, 1.7742910028, 0.91383050494, 3.6172297351, 2.673127296, 1.3582311254, 0, 3.9858518171, 2.7772032151, 1.5929390073, 5.4076124756, 5.1291619162, 1.9688363298, 1.6878347184, 1.5793630726, 10.6028134905, 1.174430831, 4.6469506588, 4.0422079823, 2.4011459516, 0, 5.2690571524, 2.3030154417, 4.3977491452, 8.8030965184, 3.9965758259, 10.6370464822, 4.0108092143, 1.905162288, 3.2786348657, 0.78680667959, 0.67209136819, 28.7486639106, 63.2518763809, 33.5641269272],
      [8.8119156143, 19.9706039434, 0.56318593273, 14.166014053, 3.7644398891, 7.4026720321, 408.0499913157, 383.0250754515, 65.8266956126, 18.6023072471, 52.943537258, 18.5624830172, 229.4513417146, 325.2856670311, 232.6779640313, 14.3050726131, 327.7943267597, 29.9796636162, 25.9494615309, 599.9210852504, 118.467286826, 41.2495921779, 19.6433491876, 0, 4.7533643978, 46.3830015108, 5.2500795445, 47.8962318168, 16.6824086912, 15.6048276696, 15.8101092254, 19.6780439889, 16.281298055, 22.7115558663, 41.5823547998, 17.5128809966, 19.5781711872, 15.8952357967, 30.4730272005, 50.9846068123, 43.9418504976, 17.2023781337, 26.123812024, 23.1053168799, 42.943350478, 55.7383851955, 19.6790026195, 22.6797324778, 60.218623244, 35.9800029556, 81.6855715349, 15.7777078152, 14.6731291526, 33.0660159574, 8.0474050433, 0.088083724593, 75.8017481471, 254.2616687983, 131.5074583344],
      [52.6035815567, 94.6660311956, 3.1146896323, 65.2890422646, 28.7261008282, 44.2734560947, 2120.1262349273, 2189.9864681304, 257.8042797119, 80.8572071988, 533.7664344151, 48.1551068176, 753.4276208525, 1026.0651417337, 912.8305836093, 47.407814554, 1287.0084478649, 129.4539620308, 78.9464962244, 2344.5971930123, 503.8032968735, 178.0795776752, 68.9101307245, 2.7261373002, 12.8905355599, 125.2568396362, 16.762439831, 122.5818824778, 75.5333276665, 34.0124780454, 21.9065552712, 85.0175948462, 65.3872367095, 76.6204087054, 124.259152026, 93.5302985493, 56.5723092777, 53.7260879611, 135.8959515493, 250.1564570603, 104.1279243792, 68.7203198816, 88.3757636757, 57.7335323725, 87.4217062367, 140.5837592492, 64.7999461055, 104.4916246938, 155.8121333616, 113.8686589815, 239.5433730811, 86.7390814817, 34.7843472998, 96.8153108572, 23.802638733, 5.7985358972, 381.6711998683, 1364.0809187616, 553.5301988523],
      [1.5986153287, 5.282624579, 0.32212443496, 4.5449436824, 0.56476176675, 1.5189212468, 111.4525175231, 100.1303768588, 10.7352522984, 3.5444034149, 29.9092673763, 3.7317821466, 36.0504573103, 59.9642266747, 50.4771969236, 2.2871128329, 57.5411807997, 8.0535277354, 4.5966086623, 99.9124760299, 19.102831959, 9.040375025, 3.2688029406, 0.27386269977, 0.67602842387, 8.5858678502, 1.0736501196, 7.9046559704, 5.1111363463, 5.0244631596, 1.2833355034, 4.3185093478, 3.5542620205, 8.0750964211, 11.7508806986, 6.8276585379, 5.8806832053, 3.6908415237, 6.0516581776, 15.2561226369, 6.7557942922, 3.430351326, 5.458216318, 9.7600047961, 6.6349432854, 9.408798403, 3.2180358333, 7.4308936833, 10.166146876, 7.154762237, 13.1340089018, 4.4724014888, 3.6373612596, 6.8400383196, 2.3631495442, 0.44128901005, 26.7783880739, 79.4055360591, 56.3982158861]
    ],
    [
      [0.050490601788, 0.0097758739964, 0, 0, 0.059066165827, 0.011815210435, 0.3983426487, 0.46568388341, 0.092050324084, 0, 0, 0, 0.27995398178, 0.24364994971, 0.34609829548, 0, 0, 0, 0.042568703105, 0, 0.088710520595, 0, 0.044617439393, 0, 0, 0, 0.057954674614, 0.043140164505, 0.060224999119, 0.10478600144, 0, 0.030430984289, 0.054098564769, 0, 0.084048205247, 0, 0.061358024089, 0.052323593339, 0, 0.033937757731, 0, 0, 0.11159842841, 0.084373117113, 0, 0.11041939233, 0.09642364882, 0.064029155768, 0, 0.07222176462, 0.10531683506, 0.062089700909, 0.070153818858, 0.057242844908, 0.020143207524, 0.029183845014, 0, 0, 0],
      [37.9032243917, 42.630628811, 7.8499528441, 43.2520499249, 15.0831019573, 8.5190439978, 803.6651221171, 743.8004772324, 120.782921061, 12.4265102355, 64.441803306, 50.0372009469, 470.6825212301, 591.0958768892, 565.5731628753, 20.2544811154, 737.458310977, 55.0223098387, 36.6410786842, 1067.9669254215, 240.9690937343, 71.4431173548, 34.6684329886, 0, 22.8630283838, 99.1164400499, 8.7233449468, 84.9962390173, 42.5156012543, 56.508354567, 58.8275672045, 39.0678947738, 39.1842649375, 41.5743112542, 104.9294638523, 40.0601574209, 49.6151094137, 39.2906945656, 68.5651344435, 42.3729040507, 134.0897455105, 55.0373410202, 74.7890461362, 53.6789330523, 90.339050621, 105.2276501736, 47.2240376652, 46.1053668575, 120.6765977798, 64.3868980243, 141.7893709864, 51.7317790051, 32.6806667036, 61.5487036687, 15.3213028453, 1.7867699118, 90.3228815504, 572.3613837565, 276.4226960634],
      [1.4051421331, 1.3183100132, 0.63043655258, 1.4110350278, 0.65702140764, 0.32115774397, 29.1075537533, 29.4943610901, 3.2329904811, 0.36462093694, 3.8321190127, 0.90944541184, 10.9887889974, 13.2857661865, 15.3005463943, 0.45088086734, 21.0270890096, 1.5926006196, 0.71703784392, 29.7986030324, 7.1681828623, 2.091402699, 0.74899773585, 0, 0.68214586034, 2.0810748957, 0.066597190891, 1.6211335601, 1.2052211241, 0.77852131338, 1.4291786896, 1.1002156444, 0.95627766542, 1.0014614917, 2.1863950873, 1.5034933766, 0.92025024368, 0.78084580124, 2.1393437045, 1.4181778336, 2.7561176832, 1.8357737626, 1.5897689638, 1.3697309274, 2.1434355316, 1.959723924, 0.9404704334, 1.4032692556, 2.3646912404, 1.3315618926, 2.9476516219, 1.8532155044, 0.46911358385, 1.1850223414, 0.23436880869, 0.08334707623, 3.6900005028, 21.8231532853, 9.5085392304],
      [0.64114287344, 1.0412853018, 0.51961060335, 1.3369150473, 0.2008104692, 0.14798304777, 20.8289814809, 18.239477794, 1.8920381338, 0.2088688276, 2.7260776813, 1.0533536413, 7.0487357907, 10.3747069746, 11.7801924348, 0.29463801722, 12.5146000134, 1.3850895417, 0.5993147688, 17.2344715461, 3.7740128828, 1.4654799462, 0.53795183618, 0, 0.45482575584, 1.8024850545, 0.15210318769, 1.3394872581, 1.2189526224, 1.6083381181, 0.74325410584, 0.80145859756, 0.80535883231, 1.4242272541, 2.8000928552, 1.4363492025, 1.4032823185, 0.87613603982, 1.295521852, 1.174980358, 2.1541368063, 1.1268852172, 1.5095864716, 1.8669629032, 1.5175138474, 1.7022065101, 0.73906825262, 1.427334731, 1.9587109798, 1.2093183185, 2.1576605567, 1.3529157896, 0.78006589371, 1.209031145, 0.42418513848, 0.10069916697, 2.9871179468, 16.8154629583, 12.0687647062]
    ],
    [
      [0.3146503211, 0.45900513899, 0, 0.075869230604, 0.21034443226, 0.44176949292, 9.3324147167, 10.887445506, 1.9274091594, 0.25618758588, 0.98315162495, 0.14615735925, 4.6507729802, 5.3380799958, 5.2058130459, 0.059920305228, 4.545992605, 0.50143857706, 0.49185777153, 6.8534694833, 2.6292069199, 0.41294235998, 0.42537166582, 0, 0.41739328412, 0.58886101248, 0.02415683258, 0.73391709478, 0.40435568299, 0.2097262144, 0, 1.2920136761, 0.59786202056, 0.3210994097, 1.0843239424, 1.4415224066, 0.17814879499, 0.54034996556, 0.5047944315, 1.711244296, 0.42394690204, 2.1413593501, 1.1030971405, 0.18908658118, 0, 1.1107851232, 0.55511644242, 0.7567327384, 1.7348853487, 0.83930743922, 1.5082166646, 1.2411375737, 0.24600352882, 0.679952691, 0.3100960914, 0.29872478679, 5.2049363187, 14.3400224615, 6.1318657745],
      [3.6729083635, 5.1707935003, 0, 1.4735915514, 1.356720585, 2.4565889399, 73.9454090176, 78.2043485588, 15.9246536879, 4.0705306535, 10.4027460597, 4.1337898354, 49.5222669075, 63.8168964047, 46.6964458874, 1.9277698001, 66.5638885025, 6.5645277097, 6.7330221935, 86.8053907253, 26.8337305419, 5.1252741377, 5.0355849916, 0, 0.77351217044, 13.5973440649, 0.27891767996, 12.2116053391, 3.2178597019, 2.9703058266, 7.8071516376, 7.6245707786, 4.3946831827, 4.9333018595, 10.062100246, 5.3720761829, 2.237333267, 6.4345682196, 7.7945618235, 9.8877976808, 12.0160016737, 6.6438658523, 8.8164603926, 2.1950074684, 11.6026448721, 14.9469379916, 6.2850808987, 4.8890225639, 13.9810771317, 9.5918789474, 14.2072563495, 5.9761917002, 2.4558204033, 8.6552126017, 3.9532376291, 0.12514636362, 9.8076309055, 65.3622507329, 25.5260626115],
      [1.4354803446, 1.633791914, 0, 0.46111081433, 0.65114335837, 0.95356116458, 25.954819982, 29.9282196635, 4.2322878901, 1.1931070183, 6.0738175897, 0.70867237844, 11.0093926438, 13.6081202084, 12.455866244, 0.42432489282, 17.9021466932, 1.9087052446, 1.3471638813, 23.1615693249, 7.7848372265, 1.4993155858, 1.1695665974, 0, 0.1546497505, 2.4940723504, 0.056856000633, 2.0801735216, 0.96413592796, 0.42682509184, 0.74425094809, 2.1920551854, 1.1661145527, 1.144356468, 2.0364041531, 1.9485878721, 0.42975305559, 1.4050275653, 2.3644956033, 3.2634271848, 1.9374961193, 1.9004030815, 1.9762934815, 0.41964878977, 1.5994228953, 2.5186401026, 1.3596578488, 1.5018649174, 2.432865856, 2.0176653388, 2.7915592596, 2.1634284744, 0.37628956658, 1.6805134358, 0.67352465465, 0.11811702661, 3.5256397934, 23.7473102124, 7.92537793],
