{
  "X": [
    [94, 67, 129, 756, 110, 37],
    [100, 28, 64, 550, 84, 20],
    [3, 10, 9, 26, 4, 2],
    [0, 6, 8, 24, 6, 5],
    [12, 23, 48, 130, 33, 11],
    [20, 40, 72, 295, 56, 16],
    [3, 26, 25, 106, 27, 5],
    [23, 89, 51, 432, 52, 18],
    [20, 62, 47, 355, 73, 23],
    [10, 20, 29, 202, 25, 6],
    [0, 2, 3, 13, 1, 0],
    [3, 2, 7, 30, 6, 3],
    [0, 1, 3, 10, 1, 0],
    [37, 47, 111, 625, 110, 30],
    [70, 108, 292, 573, 260, 50],
    [61, 69, 129, 493, 168, 25],
    [33, 62, 152, 447, 128, 22],
    [88, 73, 308, 472, 259, 55],
    [93, 119, 200, 950, 223, 24],
    [29, 33, 55, 287, 77, 13],
    [21, 26, 143, 115, 102, 17],
    [35, 56, 109, 275, 104, 20],
    [113, 161, 281, 986, 286, 33],
    [58, 98, 137, 737, 166, 20],
    [67, 58, 120, 599, 190, 24],
    [19, 24, 57, 169, 35, 16],
    [42, 70, 229, 320, 169, 24],
    [25, 47, 121, 276, 91, 24],
    [66, 92, 158, 575, 99, 24],
    [14, 7, 18, 141, 13, 2],
    [5, 3, 8, 29, 4, 3],
    [6, 4, 7, 24, 5, 3],
    [0, 1, 6, 10, 2, 0],
    [797, 613, 1547, 7713, 1956, 289],
    [57, 104, 141, 478, 111, 26],
    [86, 252, 335, 968, 248, 74],
    [23, 88, 48, 299, 27, 27]
  ],
  "W": [
    [51, 151, 138, 774, 79],
    [28, 88, 70, 611, 49],
    [8, 13, 8, 17, 8],
    [4, 6, 9, 23, 7],
    [14, 60, 47, 119, 17],
    [36, 79, 87, 264, 33],
    [22, 38, 21, 106, 5],
    [66, 72, 70, 428, 29],
    [50, 114, 67, 320, 29],
    [22, 33, 35, 193, 9],
    [2, 1, 3, 13, 0],
    [2, 6, 9, 29, 5],
    [0, 0, 2, 11, 2],
    [40, 137, 123, 605, 55],
    [89, 290, 303, 571, 100],
    [60, 188, 168, 472, 57],
    [43, 152, 168, 439, 42],
    [77, 288, 315, 486, 89],
    [99, 240, 228, 954, 88],
    [28, 86, 65, 291, 24],
    [14, 100, 156, 130, 24],
    [56, 100, 122, 288, 33],
    [111, 326, 342, 977, 104],
    [90, 172, 179, 724, 51],
    [54, 179, 135, 629, 61],
    [21, 53, 61, 167, 18],
    [56, 171, 241, 333, 53],
    [44, 89, 132, 285, 34],
    [76, 121, 196, 562, 59],
    [9, 15, 15, 144, 12],
    [3, 7, 7, 31, 4],
    [4, 4, 9, 26, 6],
    [1, 4, 6, 7, 1],
    [536, 2048, 1743, 7872, 716],
    [81, 118, 165, 498, 55],
    [219, 268, 349, 995, 132],
    [61, 34, 75, 317, 25]
  ],
  "method": "mult",
  "cond_prob": [
    [
      [0.00020632066177, 0.917291003, 0.0041983486581, 0.014767594353, 0, 0.063536733325],
      [0.050888621296, 0.013895491267, 0.12109544538, 0.22011684287, 0.55994523036, 0.034058368823],
      [0.017551877422, 0.062593876485, 0.73060765244, 0.031816482802, 0.10559282934, 0.051837281512],
      [0.083058144188, 0.0092194401228, 0, 0.89681823436, 0.0064752008125, 0.0044289805125],
      [0.24805231829, 0.029697950071, 0.12248880922, 0.29723065051, 0.074236130863, 0.22829414105]
    ],
    [
      [0.00034619592576, 0.90089234447, 0.0058351020754, 0.017530294553, 0.00068217817856, 0.074713884801],
      [0.065457203762, 0, 0.10251828867, 0.18036833797, 0.62470577957, 0.026950390034],
      [0.047066014361, 0.025880692884, 0.70848141105, 0.029713103309, 0.14066262434, 0.048196154059],
      [0.12199242816, 0, 0, 0.84923031107, 0.024251062492, 0.0045261982736],
      [0.33465465248, 0.019660527614, 0.10655732584, 0.2587163411, 0.088632806583, 0.19177834639]
    ],
    [
      [0, 0.93678052062, 0, 0.036478601089, 0, 0.026740878291],
      [0.097481204015, 0.086728523444, 0.12223388741, 0.39185365654, 0.27808586591, 0.023616862682],
      [0.010631627223, 0.081592641807, 0.79354693824, 0.057420388682, 0.028956626719, 0.027851777334],
      [0, 0.018392872499, 0, 0.9816071275, 0, 0],
      [0.20596141625, 0.051608132916, 0.13282299472, 0.43342367242, 0.019153841175, 0.15702994252]
    ],
    [
      [0, 0.9147581519, 0.0039741437168, 0.00083767258014, 0, 0.0804300318],
      [0, 0.024256728784, 0.11065415418, 0.16988518222, 0.63989978181, 0.055304153011],
      [1.1797209398e-34, 0.084343471928, 0.69996770029, 0.0077523244848, 0.11819316972, 0.089743333576],
      [1.4945800022e-20, 0.047775072397, 0.0070153845877, 0.91137711416, 0.019861295787, 0.013971133067],
      [1.231622851e-47, 0.048215586744, 0.12273076456, 0.27798481004, 0.091436139789, 0.45963269886]
    ],
    [
      [0, 0.92681747299, 0.0048118675719, 0.01149566506, 0, 0.056874994381],
      [0.059340411693, 0.0306407725, 0.1555187685, 0.23862496704, 0.47464867506, 0.041226405204],
      [0.01076197668, 0.080266287742, 0.7525104208, 0.02859944936, 0.073564306711, 0.054297558709],
      [0.041651549826, 0.031289437468, 0.0071911019138, 0.91475785388, 0, 0.0051100569091],
      [0.17513105677, 0.040597085033, 0.1398692258, 0.31301199617, 0.062562181222, 0.26882845499]
    ],
    [
      [0.00017721740737, 0.91563368925, 0.0013990801243, 0.023414412339, 0, 0.059375600884],
      [0.023970424452, 0.010756269584, 0.11699343323, 0.25591379052, 0.56348293294, 0.028883149275],
      [0.071079484777, 0.058220942957, 0.67246736102, 0.050513276599, 0.10050718854, 0.047211746109],
      [0.025300447857, 0.00058556844913, 0, 0.97411398369, 0, 0],
      [0.15868858278, 0.029322114614, 0.12734822673, 0.37512560441, 0.083052208917, 0.22646326254]
    ],
    [
      [0, 0.92926198669, 0.0087085936726, 0.0064539048865, 0, 0.055575514749],
      [0.0091679238302, 0.021712982062, 0.15118580979, 0.18842713676, 0.59999490804, 0.029511239519],
      [0.0034123685889, 0.060494613652, 0.77255796048, 0.019030372316, 0.10329564095, 0.041209044009],
      [0.020859364946, 0.0308620637, 0.018438396541, 0.91094258718, 0.014331225045, 0.0045663625835],
      [0.073773293955, 0.037875467096, 0.17703259276, 0.34764616708, 0.10237503596, 0.26129744315]
    ],
    [
      [0, 0.93571410146, 0, 0.013385863254, 0, 0.050900035287],
      [0.12800572179, 0.02480377544, 0, 0.2415073619, 0.57194253568, 0.033740605193],
      [0.010754091394, 0.092977799325, 0.68160936035, 0.037755599271, 0.11954435534, 0.057358794323],
      [0.020956969961, 0.041315187994, 0, 0.93589094149, 0, 0.0018369005516],
      [0.14004201689, 0.043643139918, 0.1133567164, 0.36288924348, 0.084552846813, 0.2555160365]
    ],
    [
      [0, 0.9070410174, 0, 0.020666322833, 0, 0.072292659766],
      [0.12304859302, 0.02276751795, 0.011237352429, 0.2581072161, 0.5430502859, 0.041789034605],
      [0.010884593675, 0.086348422306, 0.6428858326, 0.04964671186, 0.13085599743, 0.079378442132],
      [0.0042930965562, 0.022629119384, 0, 0.97177002732, 0, 0.0013077567344],
      [0.13342764558, 0.035372054691, 0.091227277195, 0.35343871671, 0.080169502757, 0.30636480306]
    ],
    [
      [0.0073443611138, 0.89849316318, 0.0041948934473, 0.024040760184, 0, 0.065926822075],
      [0.028097380802, 0, 0.12044052482, 0.24465362488, 0.57904003982, 0.027768429678],
      [0.11978804809, 0, 0.67776720154, 0.042598902997, 0.11474438592, 0.045101461448],
      [0.017812947005, 0, 0, 0.9766479217, 0.0055391312972, 0],
      [0.14230333711, 0.025905601116, 0.13459144125, 0.37928035137, 0.089619204238, 0.22830006492]
    ],
    [
      [0, 0.98223860697, 0.0066603732468, 0.011101019779, 0, 0],
      [0, 0.0076362555838, 0.12893178792, 0.17258858549, 0.69084337101, 0],
      [0, 0.0092955101563, 0.89963779547, 0.021785682725, 0.069281011649, 0],
      [0, 0, 0.012218006091, 0.97998864052, 0.007793353388, 0],
      [0, 0.044033900371, 0.28084408375, 0.54761195281, 0.12751006306, 0]
    ],
    [
      [0.00035388925472, 0.89228532339, 0.0030997982182, 0.015413202806, 0.00016344896596, 0.088684337362],
      [0.026326581762, 0.0050519547167, 0.094809335439, 0.1934373466, 0.63892059788, 0.041454183596],
      [0.081954717405, 0.011348180202, 0.6590045205, 0.038359022155, 0.13345729533, 0.075876264408],
      [0.042219803708, 0, 0, 0.93213942579, 0.018468161892, 0.0071726086105],
      [0.17587319335, 0.016596800618, 0.098780741293, 0.2862549935, 0.085891432377, 0.33660283887]
    ],
    [
      [0, 1, 0, 0, 0, 0],
      [0, 0.010316379715, 0.043631697215, 0.037740646705, 0.90831127637, 0],
      [0, 0.12225700495, 0.79647606103, 0, 0.081266934014, 0],
      [1.6808115878e-33, 0.036419556051, 0.073608964467, 0.84716643398, 0.042805045501, 0],
      [0, 0.17743543677, 0.2986746344, 0.34058461311, 0.18330531573, 0]
    ],
    [
      [7.2490962361e-05, 0.90302306201, 0.0049449307967, 0.017777076924, 0, 0.074182439309],
      [0.033171219896, 0.010234221217, 0.1055923752, 0.2190495465, 0.59905232153, 0.032900315658],
      [0.0089274253767, 0.054418407204, 0.72418413695, 0.035575320919, 0.12250244214, 0.054392267411],
      [0.039214709421, 0.0020517769625, 0, 0.94374093705, 0.012721232231, 0.0022713443393],
      [0.13872128572, 0.028040001176, 0.13202542765, 0.34436541211, 0.093921564878, 0.26292630846]
    ],
    [
      [0, 0.91852748734, 0.008891187254, 0.0099813611751, 0.0016891686681, 0.060910795559],
      [0.026570345915, 0.011202734465, 0.13149710302, 0.15920271483, 0.64550383372, 0.026023268043],
      [0.011324877613, 0.053711092875, 0.7443098686, 0.011047416223, 0.13706047103, 0.042546273662],
      [0.067152986682, 0.0066278468895, 0.022395083, 0.86407822501, 0.035209272641, 0.0045365857754],
      [0.20518806373, 0.029432989165, 0.1476104188, 0.29206837957, 0.11019734808, 0.21550280066]
    ],
    [
      [0.00030603085416, 0.9257886665, 0.0023525171515, 0.018773686862, 0.00059761705912, 0.052181481569],
      [0.074907432369, 0.0084962247572, 0.046918927659, 0.19743513734, 0.65133725229, 0.020905025578],
      [0.018463868949, 0.060158191505, 0.67738081649, 0.041298759723, 0.1611411121, 0.041557251236],
      [0.062604166373, 0.00034749631641, 0, 0.90969485998, 0.025834596976, 0.0015188803581],
      [0.249963936, 0.027803426687, 0.10944058599, 0.32353697237, 0.1095982972, 0.17965678176]
    ],
    [
      [0, 0.93408272951, 0.0053802278636, 0.012755614798, 0, 0.047781427828],
      [0.021505884703, 0.015906422206, 0.12456559979, 0.19459698095, 0.61948201952, 0.023943092835],
      [0.0091895288811, 0.066845615256, 0.734184665, 0.025880611777, 0.1249173356, 0.038982243483],
      [0.048408781828, 0.015156201292, 0.0075388775874, 0.90719980325, 0.019185267785, 0.002511068255],
      [0.16513832025, 0.036500731557, 0.14719257269, 0.33962169175, 0.10548304987, 0.20606363389]
    ],
    [
      [0.0001285179677, 0.88136972265, 0.012152089952, 0.012878770881, 0.002646941355, 0.090823957196],
      [0.037236475666, 0, 0.1403191689, 0.14566937248, 0.64595260855, 0.030822374405],
      [0.034971334965, 0.011443434193, 0.75871995219, 0.0058186310706, 0.1394016511, 0.049644996475],
      [0.088121944443, 0, 0.031334822772, 0.83326934138, 0.040738197077, 0.0065356943302],
      [0.26317711923, 0.017189321185, 0.1396276362, 0.25004254685, 0.10170281323, 0.22826056329]
    ],
    [
      [0, 0.94684677609, 0.0044931552795, 0.01596116939, 0.00051018496136, 0.03218871428],
      [0.041285763302, 0.011244103216, 0.095503157782, 0.1918725845, 0.6464015533, 0.013692837903],
      [0.013798957156, 0.061504113489, 0.7209577167, 0.032601848256, 0.14630240168, 0.024834962718],
      [0.062417198471, 0.0058695834073, 0, 0.90574577323, 0.025242770947, 0.00072467394643],
      [0.23180962767, 0.033421181241, 0.13927341309, 0.350633351, 0.11789281626, 0.12696961074]
    ],
    [
      [0.00011356315351, 0.92093389761, 0.0040050060773, 0.015056513333, 0.00078955765151, 0.059101462172],
      [0.045090317106, 0.010721898917, 0.082647637646, 0.18466117548, 0.65147107493, 0.025407895924],
      [0.014850797926, 0.060888742495, 0.69173862886, 0.031820552988, 0.15310581615, 0.047595461576],
      [0.065093642629, 0.0056054405552, 0, 0.8974301497, 0.028813814653, 0.0030569524587],
      [0.21714587876, 0.029284004011, 0.11738133817, 0.31154362615, 0.10894507616, 0.21570007674]
    ],
    [
      [0, 0.92525993863, 0.0090094534879, 0.0050286414983, 0.0020444943466, 0.058657472039],
      [0.027024764131, 0.014319920423, 0.14588364733, 0.10044395065, 0.68461857812, 0.027709139343],
      [0, 0.030352635176, 0.76836695225, 0, 0.15563842787, 0.045641984704],
      [0.097448669895, 0.047027244832, 0.036649641836, 0.76359672486, 0.048953234448, 0.0063244841268],
      [0.23454985419, 0.031908995884, 0.15232520536, 0.23406790508, 0.11941683503, 0.22773120445]
    ],
    [
      [0, 0.90781047672, 0.0087292977012, 0.011516470801, 0.0039366721194, 0.068007082659],
      [0.029844649544, 0.0053040793968, 0.11318221161, 0.15541545114, 0.67147770475, 0.024775903564],
      [0.027497915899, 0.031449530745, 0.72192215685, 0.017511901603, 0.15726779813, 0.044350696769],
      [0.07309176386, 0, 0.016417722536, 0.85886465472, 0.047168230208, 0.0044576286714],
      [0.23061700952, 0.024101897366, 0.13303427096, 0.28254727168, 0.11698952164, 0.21271002883]
    ],
    [
      [0, 0.95312258025, 0.0028497505348, 0.013549396655, 0, 0.030478272562],
      [0.032414463824, 0.017672445698, 0.10475697086, 0.19431219362, 0.63547978719, 0.015364138803],
      [0.039513512724, 0.077226535971, 0.68136552755, 0.03262251166, 0.141641164, 0.027630748095],
      [0.064437864712, 0.019418709333, 0, 0.89551337918, 0.01942811252, 0.0012019342599],
      [0.24964874633, 0.039025211295, 0.12986437276, 0.33727664816, 0.10972158996, 0.1344634315]
    ],
    [
      [9.3622754285e-05, 0.93697220003, 0.0028694196235, 0.019467612544, 0.00044586964007, 0.040151275406],
      [0.024759136973, 0.0090378655743, 0.093507229346, 0.19972131692, 0.65701368723, 0.015960763958],
      [0.069831417299, 0.05880040604, 0.6383485454, 0.04009791516, 0.16135525295, 0.031566463152],
      [0.042663583905, 0, 0, 0.93237606835, 0.024646120016, 0.00031422772679],
      [0.20283811665, 0.031229734062, 0.12537488549, 0.36623623646, 0.12210071293, 0.1522203144]
    ],
    [
      [1.3535876327e-05, 0.92169429444, 0.0055309292184, 0.015032881413, 0.0025718879935, 0.055156471062],
      [0.033923676187, 0, 0.09463282698, 0.15686868075, 0.69567749166, 0.018897324424],
      [0.016447458859, 0.049191065796, 0.69280691719, 0.02613800858, 0.17765162236, 0.03776492722],
      [0.070985644832, 0, 0.002525764325, 0.87109790823, 0.052884794053, 0.0025058885601],
      [0.23043530295, 0.026028101935, 0.12531826577, 0.3058936904, 0.13257938629, 0.17974525265]
    ],
    [
      [0, 0.88244529617, 0.0064090720793, 0.015070331549, 0, 0.096075300204],
      [0.037341124502, 0.012571067175, 0.1443806144, 0.22148979266, 0.53388277949, 0.050334621771],
      [0.014737750339, 0.052945554501, 0.74373985416, 0.029020603767, 0.088702623473, 0.07085361376],
      [0.07476625038, 0.0067514981903, 0.0096924918865, 0.89945040466, 0.00081888084201, 0.0085204740367],
      [0.2019974343, 0.024733510994, 0.12369220413, 0.27589386764, 0.06425553081, 0.30942745213]
    ],
    [
      [0, 0.93201013789, 0.011310390031, 0.0065945152576, 0.0025966945446, 0.047488262275],
      [0.025954385333, 0.010418757306, 0.1391491423, 0.14136923377, 0.66366239665, 0.019446084639],
      [0.0047707852793, 0.051876234072, 0.7667432717, 0, 0.144648382, 0.031961326943],
      [0.073974893894, 0.0057310682775, 0.033710428337, 0.84097784855, 0.042294220094, 0.0033115408494],
      [0.2222339847, 0.030475596812, 0.16153610772, 0.29077253969, 0.12120905516, 0.17377271591]
    ],
    [
      [0, 0.89641845549, 0.0095726822868, 0.011114550265, 0.0021315838071, 0.080762728153],
      [0.022157716895, 0.0077885144932, 0.12537802853, 0.16389627246, 0.64915807714, 0.031621390483],
      [0.010000861463, 0.045472084401, 0.73846655454, 0.013121061354, 0.14008923606, 0.052850202187],
      [0.056148962529, 0, 0.024908557921, 0.87474686211, 0.038266703181, 0.0059289142586],
      [0.16780574007, 0.025355736109, 0.142459801, 0.29086340408, 0.10980446709, 0.26371085164]
    ],
    [
      [0.00024108244199, 0.93496250938, 0.0013624203471, 0.018639797905, 0, 0.044794189926],
      [0.038912512821, 0.013546665526, 0.12126914362, 0.22970077724, 0.57389001273, 0.022680888066],
      [0.0530863025, 0.064959362841, 0.69252706125, 0.041454178013, 0.11151199938, 0.036461096015],
      [0.064057516254, 0.0083596627217, 0, 0.92135667728, 0.0049426585847, 0.0012834851573],
      [0.25200041116, 0.031754867661, 0.12690823169, 0.33664592866, 0.083477668759, 0.16921289207]
    ],
    [
      [0.15338475293, 0.77777777778, 0.009394030623, 0.022908876386, 0.00028344980359, 0.036251112482],
      [0.042047476574, 0, 0.1579796084, 0.21835843877, 0.57036629427, 0.011248181982],
      [0.044471159577, 0, 0.81583622613, 0.028600504263, 0.094287638501, 0.01680447153],
      [0.055916037608, 0, 0.0080719875698, 0.92241692649, 0.013595048336, 0],
      [0.27248735549, 0, 0.17882083303, 0.35511654607, 0.08916274999, 0.10441251542]
    ],
    [
      [0.0006872868468, 0.88379806441, 0.0074412797015, 0.010844793016, 0, 0.09722857603],
      [0.073739459686, 0.0020119847414, 0.1733797876, 0.20914131673, 0.48254068145, 0.059186769791],
      [0.017981017819, 0.037623633929, 0.79321499016, 0.019231719454, 0.063103335829, 0.068845302809],
      [0.10719827586, 0, 0.022953350078, 0.85443185784, 0, 0.015416516226],
      [0.25818706134, 0.017789119024, 0.12498971603, 0.22036669366, 0.045122969766, 0.33354444017]
    ],
    [
      [0.0020481169405, 0.90210258889, 0.0028940799968, 0.012010211595, 0.00052297822663, 0.080422024356],
      [0.051443696327, 0.0070130386355, 0.093541171028, 0.15916303406, 0.6532543419, 0.035584718052],
      [0.066588144005, 0.028646635752, 0.67459582566, 0.025520618061, 0.13757049296, 0.067078283566],
      [0.12468400352, 0, 0, 0.83611898216, 0.025311728488, 0.01388528583],
      [0.32415922656, 0.017619628025, 0.090482760829, 0.22442131977, 0.081441890364, 0.26187517445]
    ],
    [
      [0, 0.97095198422, 0.0018996311264, 0.02714838465, 0, 0],
      [3.4211388289e-49, 0, 0.16631511925, 0.3539981413, 0.47968673946, 0],
      [4.108650548e-33, 0, 0.84886290473, 0.15113709527, 0, 0],
      [0, 0, 0, 1, 0, 0],
      [0, 0.029048015777, 0.23966246349, 0.65003647856, 0.081253042172, 0]
    ],
    [
      [8.5634418591e-05, 0.91989483869, 0.0055051177249, 0.016967639697, 0.001084820597, 0.056461948872],
      [0.031940694089, 0.0050509198796, 0.1045480273, 0.18139508695, 0.65617710355, 0.020888168236],
      [0.014519535019, 0.051953370285, 0.71006028726, 0.030736683763, 0.15399232261, 0.038737801067],
      [0.069308463104, 0, 2.6862858595e-07, 0.89548759921, 0.033065448354, 0.0021382207075],
      [0.22435165834, 0.026588489025, 0.12890740455, 0.32060864009, 0.11573743064, 0.18380637736]
    ],
    [
      [0, 0.93702009783, 0.004618674541, 0.010525589096, 0, 0.047835638534],
      [0.033142571141, 0.017141060714, 0.11664704451, 0.18501055062, 0.62375444241, 0.024304330611],
      [0.01475283185, 0.072174794436, 0.71821093484, 0.023767169053, 0.13036185413, 0.040732415692],
      [0.075577838729, 0.024491054801, 0.0023316273197, 0.87290469439, 0.020911464125, 0.0037833206371],
      [0.23667628478, 0.035878918884, 0.13082875376, 0.30341930203, 0.099515649627, 0.19368109091]
    ],
    [
      [0, 0.92144529994, 0.0089787057144, 0.0072195000925, 0.00032427455992, 0.062032219694],
      [0.023128186214, 0.01559205408, 0.13215467771, 0.17836386553, 0.62141191712, 0.029349299351],
      [0.0094198847118, 0.061990169635, 0.74319262699, 0.016163157595, 0.12309734106, 0.046136820004],
      [0.054196760466, 0.020029502266, 0.018632079285, 0.87702917249, 0.02506050959, 0.0050519758982],
      [0.1711237096, 0.033794582291, 0.14926563723, 0.30554882488, 0.10223038645, 0.23803685955]
    ],
    [
      [0, 0.9133583506, 0, 0.0055773283176, 0, 0.081064321082],
      [0.03025110067, 0.025917409195, 0.11178118846, 0.24125042651, 0.52665753024, 0.064142344924],
      [0.10156800727, 0.11158169064, 0.55920068833, 0.028189722872, 0.099090652454, 0.10036923843],
      [0.033042260583, 0.069365862539, 0, 0.88735056661, 0.00058106787016, 0.0096602423999],
      [0.1551786171, 0.041853739109, 0.090375518695, 0.28211638564, 0.059105860922, 0.37136987853]
    ]
  ],
  "expected_outcome": [
    [
      [0.01052235375, 0.0096934859212, 0, 0, 0, 0.0063798266654, 0, 0, 0, 0.1615759445, 0, 0.00070777850944, 0, 0.0028996384944, 0, 0.01836185125, 0, 0.0098958835132, 0, 0.0031797682982, 0, 0, 0, 0.0084260478857, 0.00073093732167, 0, 0, 0, 0.018322265591, 1.3804627764, 0.0020618605404, 0.0081924677619, 0, 0.045900048365, 0, 0, 0],
      [46.7818411531, 25.224985645, 7.494244165, 3.6590326076, 12.9754446218, 32.9628128128, 20.4437637072, 61.7571306963, 45.3520508701, 19.76684959, 1.9644772139, 1.7845706468, 0, 36.1209224803, 81.7489463736, 55.5473199903, 40.1655573689, 67.8654686438, 93.7378308328, 25.7861491332, 12.9536391408, 50.8373866963, 105.7966064076, 84.3274980029, 49.7714918995, 18.5313512195, 52.192567722, 39.4424120415, 71.0571507129, 7, 2.6513941932, 3.6084103555, 0.97095198422, 493.0636335384, 75.8986279241, 201.7965206868, 55.7148593866],
      [0.21411578156, 0.16338285811, 0, 0.015896574867, 0.067366146007, 0.050366884477, 0.1915890608, 0, 0, 0.092287655842, 0.013320746494, 0.0061995964364, 0, 0.19779723187, 0.7913156656, 0.14115102909, 0.23134979813, 0.93571092632, 0.44482237267, 0.11214017016, 0.12613234883, 0.48884067127, 0.31632230936, 0.25824776612, 0.29867017779, 0.13459051366, 0.63338184174, 0.42119802062, 0.10354394638, 0.084546275607, 0.022323839104, 0.011576319987, 0.0018996311264, 2.9507431006, 0.37411263782, 1.9663365514, 0],
      [0.75314731198, 0.49084824749, 0.29182880871, 0.0033506903206, 0.16093931084, 0.84291884421, 0.1419859075, 0.88346697478, 1.0333161416, 0.52889672405, 0.022202039559, 0.030826405613, 0, 0.71108307697, 0.88834114459, 1.1264212117, 0.54849143631, 0.99166535787, 1.5801557696, 0.42158237333, 0.070400980976, 0.64492236483, 1.5039830287, 1.752085129, 0.81177559632, 0.31647696253, 0.36929285443, 0.48904021165, 1.4166246408, 0.20617988747, 0.032534379049, 0.048040846378, 0.02714838465, 9.0946548774, 0.85257271678, 1.5810705203, 0.34021702738],
      [0, 0.019100989, 0, 0, 0, 0, 0, 0, 0, 0, 0, 0.00032689793192, 0, 0, 0.15033601146, 0.035857023547, 0, 0.20381448433, 0.050508311174, 0.022107614242, 0.028622920852, 0.22045363868, 0, 0.040128267606, 0.13888195165, 0, 0.1454148945, 0.093789687511, 0, 0.0025510482323, 0, 0.0020919129065, 0, 0.58146384001, 0, 0.071016128622, 0],
      [3.2403733996, 2.0919887744, 0.21392702633, 0.3217201272, 0.79624992133, 2.1375216318, 1.2226613245, 3.3594023289, 3.6146329883, 1.4503900856, 0, 0.17736867472, 0, 2.9672975724, 5.4210608047, 3.1308888941, 2.0546013966, 6.9934447041, 3.1866827138, 1.6548409408, 0.82120460855, 3.8083966289, 3.3830882543, 3.6136147865, 2.9784494374, 2.0175813043, 2.6593426874, 3.5535600387, 3.4043584344, 0.32626001233, 0.29168572809, 0.32168809742, 0, 30.2636045953, 3.8746867213, 13.5850561129, 4.944923586]
    ],
    [
      [7.6841818158, 5.7602339311, 1.2672556522, 0, 3.5604247016, 1.8936635317, 0.34838110555, 9.2164119692, 14.0275396039, 0.92721356645, 0, 0.15795949057, 0, 4.5444571257, 7.7054003152, 14.0825972854, 3.2688944749, 10.7241049917, 9.9085831924, 3.8777672711, 2.7024764131, 2.9844649544, 10.5671152066, 4.2585715593, 6.0723380376, 1.9790795986, 4.438199892, 1.9720368037, 4.7084140513, 0.63071214861, 0.5161762178, 0.20577478531, 1.3684555316e-48, 65.4145414934, 3.9108233946, 6.1983539053, 1.0285374228],
      [2.0982191813, 0, 1.1274708048, 0.14554037271, 1.83844635, 0.84974529712, 0.82509331836, 1.7858718317, 2.5954970463, 0, 0.0076362555838, 0.0303117283, 0, 1.4020883067, 3.2487929947, 1.5972902543, 2.4177761754, 0, 2.6985847719, 0.92208330684, 1.4319920423, 0.53040793968, 5.7612172974, 1.5545128788, 0, 0.66626656028, 1.7816074993, 0.6931777899, 1.6391465287, 0, 0.01408389319, 0.028052154542, 0, 10.3442839135, 2.0226451642, 4.1786704933, 0.88119191264],
      [18.2854122526, 9.0216094028, 1.5890405363, 0.66392492508, 9.3311261101, 9.242481225, 5.7450607719, 0, 1.2810581769, 3.9745373189, 0.12893178792, 0.56885601263, 0, 14.4661554023, 38.1341598766, 8.8207583999, 18.9339711678, 40.4119206431, 22.9207578677, 7.1076968375, 14.5883647329, 11.3182211609, 34.1507725009, 16.0832434474, 16.9392760295, 7.6521725631, 23.7945033328, 11.1586445388, 14.6735663777, 2.369694126, 1.2136585132, 0.37416468411, 0.66526047699, 214.1143599084, 13.7643512517, 35.4174536256, 3.8005604078],
      [33.2376432735, 15.8724137411, 5.094097535, 1.0193110933, 14.3174980222, 20.2171894509, 7.160231197, 17.3885300565, 29.4242226352, 8.0735696211, 0.17258858549, 1.1606240796, 0, 30.0097878708, 46.1687873009, 37.1178058207, 29.5787411042, 41.952779275, 46.04942028, 15.8808610911, 10.044395065, 15.5415451136, 63.3457751208, 34.3520665104, 28.0794938541, 11.7389590112, 24.1741389751, 14.5867682493, 27.7937940454, 3.2753765816, 1.4639892171, 0.63665213624, 1.4159925652, 371.4971380677, 21.8312449727, 47.8015159624, 8.2025145013],
      [84.5517297845, 54.974108602, 3.6151162568, 3.8393986908, 28.4789205038, 44.5151517026, 22.7998065054, 41.1798625688, 61.9077325926, 19.1083213142, 0.69084337101, 3.8335235873, 0, 82.0701680493, 187.1961117802, 122.4514034309, 94.1612669669, 186.0343512615, 155.1363727914, 56.026512444, 68.4618578124, 67.1477704751, 207.1664106245, 113.0063542033, 124.5262710069, 28.295787313, 113.4862698276, 57.7750688654, 69.4406915409, 8.555494414, 3.3777847701, 2.6130173676, 1.9187469578, 1343.8507080706, 73.6030242047, 166.5383937873, 17.9063560281],
      [5.1428136923, 2.371634323, 0.30701921486, 0.33182491806, 2.4735843123, 2.2817687927, 1.1214271017, 2.4293235739, 4.763949945, 0.91635817937, 0, 0.24872510158, 0, 4.5073432452, 7.5467477323, 3.9301448087, 3.6393501108, 8.8768438287, 3.2862810966, 2.1850790495, 2.7709139343, 2.4775903564, 5.0087092498, 2.7452514007, 3.382621072, 2.6677349539, 3.3252804733, 2.814303753, 2.744387456, 0.16872272973, 0.41430738854, 0.14233887221, 0, 42.7789685464, 2.867911012, 7.8656122261, 2.1808397274]
    ],
    [
      [2.4221590843, 3.2946210053, 0.085053017783, 1.0617488458e-33, 0.50581290397, 6.1839151756, 0.071659740367, 0.7527863976, 0.7292677762, 4.192581683, 0, 0.73759245665, 0, 1.0980733213, 3.4314379167, 3.1019299835, 1.543840852, 11.015970514, 3.1461622315, 0.9653018652, 0, 3.3547457397, 13.5136213516, 12.4998236965, 2.2204069459, 0.89900277069, 1.1497592523, 1.3201137131, 10.4049152899, 0.66706739365, 0.12586712473, 0.59929329604, 2.4651903288e-32, 25.3075495384, 2.4342172553, 3.2875397644, 7.6176005451],
      [8.6379549549, 1.8116485019, 0.65274113446, 0.75909124735, 3.7725155239, 5.0652220372, 1.2703868867, 6.5084459528, 5.7853442945, 0, 0.027886530469, 0.10213362182, 0.24451400991, 6.6934640861, 16.2744611412, 10.1065761729, 11.230063363, 3.6046817707, 14.0229378756, 3.9577682622, 4.7350110875, 3.8368427509, 26.411475302, 10.5252726812, 6.6407938824, 3.2296788245, 12.5021724113, 6.0023151409, 12.7320351169, 0, 0.2633654375, 0.25781972177, 0, 90.5547244066, 11.9088410819, 21.6345692026, 8.3686267981],
      [100.8238560371, 49.5936987732, 6.3483755059, 6.2997093026, 35.3679897775, 58.5046604084, 16.2237171701, 47.7126552244, 43.0733507844, 23.721852054, 2.6989133864, 5.9310406845, 1.5929521221, 89.0746488452, 225.525890185, 113.7999771696, 123.3430237202, 238.9967849413, 164.3783594076, 44.9630108762, 119.865244551, 88.0745031358, 233.0270104227, 114.2643896263, 93.5289338204, 45.3681311038, 184.78512848, 97.477585199, 135.7353040059, 12.2375433919, 5.5525049311, 6.0713624309, 5.0931774284, 1237.6350806873, 118.5048042483, 259.3742268203, 41.9400516248],
      [4.3906746267, 2.0799172316, 0.45936310945, 0.069770920363, 1.3441741199, 4.3946550641, 0.39963781864, 2.642891949, 3.3263296946, 1.4909616049, 0.065357048176, 0.34523119939, 0, 4.375764473, 3.3473671154, 6.9381916335, 4.3479427785, 1.8328687872, 7.4332214024, 2.0683359442, 0, 2.1364519955, 11.1568989876, 7.1775268137, 3.5286311583, 1.7702568298, 0, 1.7319800988, 8.1250188906, 0.42900756395, 0.13462203618, 0.22968556255, 0.90682257161, 53.5740397995, 3.9215828937, 5.6409420007, 2.1142292154],
      [14.5718104484, 9.8463837039, 0.23165301375, 1.0637385275, 3.4575224154, 8.7441254032, 2.16920846, 8.3681048736, 8.7673518275, 4.0160535073, 0.20784303495, 1.201115658, 0.16253386803, 15.0678003827, 41.5293227221, 27.0717068329, 20.9861123811, 43.9115200972, 33.3569475832, 9.9518780498, 24.2795947477, 19.1866713722, 48.4412780878, 28.8825902782, 23.9829690182, 5.4108600318, 34.8602600631, 18.4917791595, 21.8563518778, 1.4143145775, 0.4417233508, 1.2381344366, 0, 268.4086183079, 21.5097059315, 42.9609720307, 7.431798934],
      [7.1535448486, 3.3737307841, 0.22281421867, 0.80769000218, 2.5519852593, 4.1074219115, 0.8653899242, 4.0151156026, 5.3183556228, 1.5785511507, 0, 0.68288637967, 0, 6.6902488916, 12.8915209195, 6.9816182076, 6.5490169052, 15.6381738895, 5.6623714997, 3.0937050024, 7.1201496138, 5.4107850059, 9.4497158484, 5.6503969042, 5.0982651748, 4.3220704394, 7.7026797933, 6.9762266887, 7.1463748189, 0.25206707294, 0.48191711966, 0.60370455209, 0, 67.5199872603, 6.7208485893, 16.1017501812, 7.5276928825]
    ],
    [
      [64.2870036015, 74.5373736064, 0, 3.437534005e-19, 4.9565344293, 6.6793182342, 2.2110926843, 8.9695831435, 1.373790898, 3.437898772, 0, 1.2243743075, 1.8488927466e-32, 23.7248991998, 38.3443553955, 29.5491665279, 21.2514552227, 42.8272649992, 59.5460073409, 18.9422500051, 12.6683270863, 21.0504279918, 62.9557938232, 30.888434747, 44.6499705991, 12.4859638134, 24.6336396666, 16.0024543207, 36.0003241349, 8.0519094155, 3.3231465515, 3.2417840915, 0, 545.5962215513, 37.6377636872, 53.9257766634, 10.4743966047],
      [7.1358466551, 0, 0.31267883248, 1.0988266651, 3.7234430587, 0.15459007057, 3.2713787522, 17.6829004616, 7.241318203, 0, 0, 0, 0.40061511656, 1.2413250623, 3.7845005739, 0.16401826135, 6.6535723673, 0, 5.5995825705, 1.6311832016, 6.1135418281, 0, 18.9720790183, 0, 0, 1.1275001978, 1.9084457364, 0, 4.6981304496, 0, 0, 0, 0, 0, 12.1965452911, 19.9293547549, 21.9889784249],
      [0, 0, 0, 0.16135384552, 0.85574112774, 0, 1.9544700334, 0, 0, 0, 0.15883407918, 0, 0.80969860914, 0, 12.7875923931, 0, 3.3095672609, 15.228723867, 0, 0, 4.7644534386, 4.7283040904, 0, 0, 1.5887057604, 1.618646145, 11.2255726362, 7.0989390074, 0, 1.1623662101, 0.71155385243, 0, 0, 0.0021146442286, 1.1611504052, 18.5389188887, 0],
      [694.1373133979, 518.879720066, 16.6873211675, 20.9616736257, 108.8561846121, 257.1660916953, 96.5599142414, 400.5613229588, 310.966408744, 188.4930488876, 12.7398523268, 27.0320433479, 9.3188307738, 570.963266913, 493.3886664819, 429.3759739093, 398.2607136274, 404.96889991, 864.0814676602, 261.1521735638, 99.2675742321, 247.3530205606, 874.9165714544, 675.0402734872, 547.9205842768, 150.208217579, 280.0456235667, 249.3028557017, 517.8024526325, 132.8280374141, 26.487387593, 21.7390935362, 7, 7049.2783809492, 434.7065378049, 872.6440266321, 281.2901296148],
      [5.0118054289, 14.8173991825, 0, 0.45680980311, 0, 0, 1.5191098548, 0, 0, 1.0690523404, 0.10131359404, 0.53557669487, 0.47085550051, 7.6963454997, 20.1044946778, 12.1939297725, 8.4223325577, 19.7987637793, 24.0816034835, 8.3848200641, 6.3639204783, 13.5844502998, 18.9812659322, 17.8437908917, 33.2645354594, 0.13675310062, 14.0839752913, 10.9060104065, 2.7777741246, 1.9576869603, 0, 0.6581049407, 0, 260.2912094458, 10.4139091343, 24.9352070421, 0.18419851484],
      [3.4280309167, 2.7655071451, 0, 0.32133606054, 0.60809677219, 0, 0.48403443385, 0.78619343609, 0.41848215502, 0, 0, 0.2080056497, 0, 1.3741633253, 2.5903904778, 0.71691152902, 1.102358964, 3.1763474445, 0.69133894489, 0.88957316547, 0.82218293649, 1.2837970574, 1.1742897719, 0.22750087419, 1.5762039043, 1.4229191641, 1.1027431028, 1.6897405637, 0.7213186584, 0, 0.47791200301, 0.36101743159, 0, 16.8320734094, 1.8840936773, 5.0267160187, 3.0622968408]
    ],
    [
      [19.5961331447, 16.3980779714, 1.64769133, 8.6213599571e-47, 2.9772279651, 5.2367232319, 0.36886646977, 4.0612184897, 3.8694017219, 1.280730034, 0, 0.87936596674, 0, 7.6296707147, 20.5188063726, 14.2479443519, 6.9358094503, 23.4227636115, 20.3992472352, 5.2115010903, 5.6291965006, 7.6103613141, 25.9634696186, 10.3447439494, 14.0565534801, 3.6359538173, 11.7784011891, 5.7053951625, 14.8680242583, 3.2698482659, 1.0327482454, 1.9449553594, 0, 160.6357873684, 13.0171956629, 22.5883296668, 3.8794654274],
      [2.3461380556, 0.96336585309, 0.41286506333, 0.33750910721, 0.69015044556, 0.96762978225, 0.18937733548, 1.2656510576, 1.0257895861, 0.23315041004, 0, 0.082984003091, 0.35487087353, 1.5422000647, 2.9432989165, 1.5847953212, 1.5330307254, 1.5298495855, 2.9410639492, 0.70281609626, 0.76581590121, 0.79536261308, 4.0586219747, 1.5927164372, 1.587714218, 0.44520319789, 1.615206631, 0.86209502771, 1.873537192, 0, 0.071156476095, 0.10571776815, 0.029048015777, 19.0373581416, 1.9733405386, 4.4608848624, 1.0463434777],
      [9.6766159287, 5.2213089659, 1.0625839578, 0.85911535195, 2.3777768387, 4.2024914821, 0.88516296381, 3.2873447756, 2.6455910386, 1.2113229712, 0, 0.49390370647, 0.59734926879, 7.2613985206, 14.7610418796, 6.2381134014, 6.182088053, 12.4268596222, 12.256060352, 2.8171521162, 3.6558049287, 4.3901309417, 13.505894767, 6.3941191602, 7.6444142119, 2.2264596744, 8.5614137093, 4.8436332341, 7.48758567, 2.1458499964, 0.49995886412, 0.54289656497, 0.23966246349, 92.2977016596, 7.1955814569, 19.7030641139, 2.2593879674],
      [23.4812213899, 12.6771007137, 3.4673893793, 1.9458936703, 5.321203935, 12.3791449455, 1.7382308354, 10.523788061, 10.2497227846, 3.4135231623, 0, 1.4312749675, 0.68116922621, 18.9400976662, 29.2068379572, 18.4416074248, 14.2641110535, 22.2537866699, 30.8557348878, 7.4770470276, 5.6176297219, 9.3240599655, 35.0767714085, 18.6780480597, 18.6595151145, 4.9660896174, 15.4109446038, 9.8893557386, 19.8621097907, 4.2613985528, 0.88146677464, 1.3465279186, 0.65003647856, 229.5557863062, 16.6880616118, 40.3324448845, 7.0529096411],
      [5.8646543382, 4.3430075226, 0.1532307294, 0.64005297852, 1.0635570808, 2.7407228943, 0.51187517979, 2.4520325576, 2.3249155799, 0.80657283814, 0, 0.42945716189, 0.36661063146, 5.1656860683, 11.0197348084, 6.2471029401, 4.4302880943, 9.0515503777, 10.3745678307, 2.6146818279, 2.8660040408, 3.8606542142, 11.4110453555, 6.2271363592, 8.0873425638, 1.1565995546, 6.4240799235, 3.7333518812, 4.9251824568, 1.0699529999, 0.18049187906, 0.48865134218, 0.081253042172, 82.8680003357, 5.4733607295, 13.4944110113, 1.477646523],
      [18.0352371428, 9.3971389733, 1.2562395401, 3.217428892, 4.5700837349, 7.473287664, 1.3064872157, 7.4099650585, 8.8845792889, 2.0547005843, 0, 1.6830141943, 0, 14.4609469655, 21.5502800657, 10.2404365605, 8.6546726234, 20.3151901331, 11.173325745, 5.1768018418, 5.4655489069, 7.0194309515, 13.9841968757, 7.7632360343, 10.9644604116, 5.5696941383, 9.2099539432, 8.9661689559, 9.9835606323, 1.252950185, 1.3341777607, 1.5712510467, 0, 131.6053661885, 10.6524600002, 31.4208654611, 9.2842469634]
    ]
  ],
  "prob": [
    [0.00077506336, 0.92179784128, 0.0054484512861, 0.014243678542, 0.0008297958761, 0.056905169657],
    [0.037009517332, 0.0094202194606, 0.10813634018, 0.18555417228, 0.63582989395, 0.024049856807],
    [0.021925317704, 0.054546154577, 0.71502972368, 0.026227696872, 0.14031016442, 0.041960942744],
    [0.063997330072, 0.0070991432356, 0.004242513944, 0.89577430616, 0.026123654302, 0.002763052283],
    [0.2177974508, 0.029298656598, 0.13146895536, 0.31536739572, 0.10611133128, 0.19995621025]
  ],
  "iterations": 170,
  "time": 0.000452,
  "message": "Converged",
  "status": 0,
  "miniter": 0,
  "maxiter": 1000,
  "maxtime": 3600,
  "param_threshold": 0.001,
  "ll_threshold": "-Inf",
  "initial_prob": "group_proportional",
  "adjust_prob_cond_method": "project_lp",
  "adjust_prob_cond_every": false,
  "candidates_id": ["Conservative.p", "Green Party.p", "Labour Party.p", "National Party.p", "New Zealand First Party.p", "Other parties votes.p"],
  "group_id": ["McLEAN, Ian Gordon.c", "MITCHELL, Clayton Robert Henry.c", "JONES, Rachel Anne.c", "BRIDGES, Simon Joseph.c", "Other candidates votes.c"]
}
