{
  "Z_true": {},
  "V_true": [
    [1783, 166, 2603, 161],
    [2879, 530, 12103, 799],
    [444, 10312, 502, 980],
    [221, 902, 586, 1306]
  ],
  "p_true": [
    [0.3783, 0.0352, 0.5523, 0.0342],
    [0.1765, 0.0325, 0.742, 0.049],
    [0.0363, 0.8426, 0.041, 0.0801],
    [0.0733, 0.2992, 0.1944, 0.4332]
  ],
  "Z_est": [
    [
      [116.8729, 32.3599, 94.007, 43.9942, 6.1498, 116.28, 69.0729, 18.662, 1.3609, 2.0648, 15.1821, 174.583, 101.7677, 62.6562, 37.7177, 113.7638, 35.0977, 88.9341, 26.0743, 36.4461, 13.6533, 12.1728, 44.7238, 10.7229, 7.1554, 79.5036, 99.5684, 9.7654, 42.5869, 74.7521, 32.0974, 43.1209, 15.5758, 31.8938, 90.0111, 49.9583, 8.159, 133.6929, 37.1882, 25.3444, 39.5187, 20.8568, 67.9461, 85.9293, 2.7423, 197.8921, 38.3829, 377.3678, 110.3338],
      [5.527, 0.04, 2.7634, 1.9286, 0.0067, 4.7813, 3.5274, 1.6426, 0.4378, 0.2027, 3.3212, 3.492, 1.4742, 2.0078, 0.7046, 4.983, 1.163, 2.1194, 1.2139, 3.0696, 0.2947, 0.4191, 1.0093, 0.0108, 0.0075, 4.192, 6.0956, 1.1372, 0.0508, 4.4033, 3.6282, 1.5036, 0.0175, 1.193, 9.8541, 1.2247, 1.9855, 1.8936, 0.9283, 0.6925, 1.1446, 0.8148, 2.8419, 3.3336, 0.5452, 10.5455, 1.9453, 13.8331, 11.6117],
      [46.3229, 13.277, 39.861, 17.2835, 1.5725, 55.5292, 32.1391, 13.2806, 2.0657, 5.421, 7.4525, 84.1909, 49.4247, 32.8044, 23.5885, 66.5039, 10.6909, 44.9208, 9.0858, 19.1089, 2.3864, 8.583, 10.0443, 2.0049, 1.2634, 35.347, 48.0793, 5.7509, 15.8874, 30.5042, 14.4728, 14.02, 4.2273, 13.9444, 44.8933, 32.5606, 3.2817, 91.4014, 27.6791, 12.5051, 19.9533, 4.862, 41.1224, 47.0293, 0.7019, 122.8314, 19.1132, 101.5606, 50.5809],
      [7.2773, 2.3232, 5.3687, 2.7937, 0.2711, 6.4095, 4.2606, 1.4148, 0.1355, 0.3116, 1.0442, 8.7341, 5.3335, 3.5316, 1.9893, 15.7493, 2.0485, 6.0257, 1.626, 2.3754, 0.6656, 0.825, 1.2226, 0.2613, 0.5737, 5.9574, 7.2568, 1.3465, 2.4749, 4.3404, 1.8017, 2.3555, 1.1794, 1.9688, 5.2416, 3.2563, 0.5739, 8.0121, 2.2044, 0.4579, 2.3834, 1.4663, 4.0896, 4.7077, 1.0106, 11.7311, 2.5586, 20.2385, 5.4736]
    ],
    [
      [90.0524, 27.748, 74.2734, 34.3949, 6.1119, 80.5136, 46.7522, 6.3545, 0.611, 0.8884, 7.114, 130.8938, 78.9079, 41.4087, 21.6053, 53.8221, 32.5246, 63.9874, 19.9902, 22.7316, 22.3514, 5.0567, 45.649, 9.9944, 10.1268, 54.1691, 60.936, 3.0979, 34.4056, 54.6038, 20.3106, 38.8129, 13.6493, 23.8686, 54.3686, 25.3924, 4.4238, 66.8874, 14.8934, 15.3536, 26.897, 20.4033, 35.8489, 52.8758, 0.8851, 95.5145, 24.1666, 349.1619, 73.0321],
      [19.7294, 15.9227, 16.2965, 6.0761, 0.843, 5.049, 14.1083, 1.9928, 0.0441, 0.0588, 3.408, 3.6071, 3.8358, 8.6898, 1.12, 2.8165, 5.6902, 12.7636, 1.1304, 9.0313, 0.2682, 1.6417, 3.9836, 1.1958, 0.5882, 20.2931, 17.9816, 2.3476, 7.1269, 13.7412, 2.2042, 4.8767, 3.3204, 7.1671, 14.6542, 2.0371, 2.1629, 1.8106, 1.2292, 3.1954, 1.0442, 0.7568, 7.095, 10.6524, 0.5173, 49.5072, 6.4818, 12.8181, 23.2596],
      [498.6573, 221.3327, 398.7139, 203.6567, 33.7419, 564.4666, 303.6682, 44.2155, 2.1318, 2.5159, 42.1029, 616.8497, 518.234, 388.4911, 177.8988, 510.1402, 164.915, 440.2135, 131.2577, 184.5412, 36.7504, 41.7632, 161.8513, 52.1276, 27.1005, 616.0652, 559.4237, 107.8173, 210.2508, 414.3336, 117.462, 186.6672, 95.0544, 141.4239, 284.8243, 130.5795, 8.7992, 400.4286, 97.1186, 83.7074, 141.184, 156.1339, 327.7676, 401.344, 99.2525, 881.5603, 188.4656, 1444.602, 413.0841],
      [33.5609, 6.9966, 13.7162, 14.8723, 0.3032, 16.9708, 17.4713, 5.4372, 0.2131, 0.5368, 3.3751, 20.6494, 17.0224, 6.4104, 2.3759, 26.2212, 8.8703, 21.0354, 6.6216, 7.6959, 2.6299, 3.5383, 1.5161, 0.6823, 2.1845, 21.4726, 30.6588, 12.7372, 9.2166, 14.3215, 5.0231, 5.6431, 4.9759, 4.5404, 12.1529, 7.991, 2.614, 23.8734, 4.7587, 1.7436, 7.8748, 7.706, 9.2885, 13.1278, 9.3451, 13.4179, 8.886, 105.4179, 4.6242]
    ],
    [
      [9.6279, 0.6749, 5.3526, 3.4447, 0.7204, 8.8553, 5.9332, 0.8988, 0.0221, 0.0332, 0.6397, 8.0839, 2.0491, 3.719, 1.5783, 6.3188, 2.2358, 1.7148, 3.8231, 0.6638, 0.9427, 0.7306, 3.5018, 2.2372, 6.6977, 6.8475, 9.9959, 1.0507, 5.8522, 7.3878, 2.4879, 2.8933, 2.6884, 2.0898, 4.3188, 2.4439, 0.383, 5.0291, 1.8197, 1.1134, 2.4639, 1.6183, 4.9789, 5.975, 0.2537, 16.912, 3.281, 42.8241, 6.34],
      [504.9356, 387.5632, 240.4426, 176.5533, 36.8043, 446.8303, 321.3821, 42.3088, 8.4086, 9.5444, 26.5066, 314.2439, 126.1154, 178.2112, 62.1096, 285.1305, 102.4633, 657.1942, 114.0178, 307.3139, 26.9458, 37.3716, 89.6919, 73.9707, 88.3882, 372.5271, 562.8064, 107.2621, 291.7001, 407.2678, 303.5402, 136.3926, 162.8683, 101.8531, 186.8539, 109.2844, 16.5319, 181.2491, 83.5845, 44.9604, 105.4208, 75.882, 260.598, 303.5892, 51.2892, 952.1107, 177.9616, 1304.0939, 303.0746],
      [14.349, 7.5576, 3.6392, 5.3284, 1.8089, 27.6568, 8.913, 0.6489, 0.2975, 1.0698, 0.4091, 14.2464, 1.9184, 2.6801, 2.2225, 21.9545, 1.5516, 16.41, 11.5601, 7.524, 1.0346, 0.5888, 1.7201, 3.3033, 3.749, 5.614, 20.3713, 4.0842, 3.6007, 17.4824, 12.4511, 3.4533, 4.013, 1.5375, 2.8352, 2.5966, 0.2109, 11.646, 3.8837, 0.6771, 12.647, 5.2644, 11.3285, 11.7307, 6.4529, 24.3979, 5.4516, 81.2129, 4.4997],
      [15.0874, 3.2044, 8.5655, 5.6736, 0.6665, 11.6576, 8.7718, 2.1436, 0.2717, 1.3526, 1.4446, 10.4259, 5.9172, 5.3897, 2.0896, 8.5962, 3.7492, 20.6809, 3.599, 2.4983, 1.0768, 1.309, 1.0862, 0.4888, 3.1651, 13.0114, 16.8264, 4.603, 6.8469, 9.862, 1.5207, 4.2608, 6.4302, 3.5196, 6.9921, 4.6751, 0.8742, 9.0757, 2.7121, 1.2492, 7.4682, 3.2354, 7.0946, 7.7051, 11.0041, 20.5794, 5.3058, 40.8691, 5.0857]
    ],
    [
      [0.4468, 0.2173, 0.367, 0.1662, 0.018, 0.3511, 0.2417, 0.0847, 0.006, 0.0136, 0.0641, 0.4394, 0.2754, 0.2161, 0.0988, 0.0953, 0.1419, 0.3636, 0.1124, 0.1585, 0.0525, 0.0399, 0.1254, 0.0455, 1.0201, 0.4798, 0.4998, 0.086, 0.1553, 0.2563, 0.1041, 0.1729, 0.0864, 0.1479, 0.3015, 0.2054, 0.0342, 0.3906, 0.0987, 1.1886, 0.1204, 0.1216, 0.226, 0.2198, 0.1189, 0.6814, 0.1695, 0.6462, 0.294],
      [6.808, 8.4741, 4.4975, 2.442, 0.3461, 5.3393, 3.9822, 1.0557, 0.1094, 0.1941, 0.7643, 4.657, 2.5746, 3.0912, 1.0658, 1.07, 2.6835, 2.9228, 1.6378, 6.5852, 0.4912, 0.5676, 1.3152, 0.8226, 1.0161, 10.9878, 8.1164, 1.2531, 1.1221, 4.5878, 2.6274, 2.2271, 0.7938, 4.7867, 3.6378, 2.4538, 1.3197, 4.0466, 1.2579, 4.1517, 1.3903, 1.5463, 3.4651, 3.4248, 1.6483, 11.8366, 2.6113, 7.2548, 4.0542],
      [24.6708, 20.8327, 31.786, 7.7314, 0.8767, 19.3475, 12.2797, 7.8551, 0.505, 0.9933, 6.0356, 20.713, 13.423, 18.0245, 7.2902, 5.4015, 8.8425, 24.4556, 8.0964, 10.8259, 2.8285, 2.0649, 9.3844, 4.5642, 2.8871, 45.9737, 41.1258, 4.3475, 9.2611, 13.6798, 6.6141, 14.8595, 5.7053, 12.0942, 24.4472, 20.2633, 1.7082, 25.524, 6.3185, 12.1104, 4.2158, 10.7397, 16.7815, 7.896, 10.5927, 60.2104, 13.9696, 36.6245, 21.8354],
      [98.0744, 46.4759, 71.3495, 37.6604, 2.7592, 66.9621, 52.4964, 20.0044, 1.3796, 3.799, 14.136, 73.1906, 49.727, 40.6683, 16.5453, 34.4333, 29.332, 84.2579, 24.1534, 33.4304, 8.6277, 9.3276, 16.175, 7.5676, 12.0767, 108.5586, 116.258, 27.3133, 32.4615, 52.4761, 19.6545, 32.7405, 21.4145, 29.9712, 58.6134, 43.0775, 7.9379, 79.0388, 19.3248, 19.5494, 26.2735, 27.5923, 45.5273, 41.4594, 37.6402, 131.2716, 37.2496, 233.4745, 45.8165]
    ]
  ],
  "V_est": [
    [2995.6629, 131.5631, 1401.1153, 184.6587],
    [2097.8227, 356.172, 13274.6871, 582.3182],
    [221.5475, 11267.15, 419.5841, 329.7184],
    [11.9669, 155.1149, 698.6135, 2149.3047]
  ],
  "p_est": [
    [0.6356, 0.0279, 0.2973, 0.0392],
    [0.1286, 0.0218, 0.8138, 0.0357],
    [0.0181, 0.9207, 0.0343, 0.0269],
    [0.004, 0.0514, 0.2317, 0.7129]
  ],
  "EI_Z": {},
  "EI_V": 11.9058,
  "MAE_Z": {},
  "MAE_V": 539.8846,
  "MAE_p": 0.0912,
  "runtime": 1.478
}
