{
  "X": [
    [5, 8, 25, 31, 0],
    [0, 1, 6, 8, 0],
    [4, 6, 8, 36, 1],
    [11, 11, 12, 27, 1],
    [1, 1, 2, 6, 1],
    [3, 6, 8, 3, 1],
    [1, 7, 4, 20, 2],
    [18, 20, 45, 47, 1],
    [2, 2, 2, 8, 1],
    [2, 3, 0, 3, 0],
    [0, 6, 9, 12, 0],
    [0, 2, 5, 12, 0],
    [3, 8, 9, 2, 1],
    [1, 22, 3, 5, 0],
    [1, 14, 8, 7, 1],
    [0, 6, 5, 11, 0],
    [2, 7, 10, 9, 1],
    [2, 8, 8, 5, 0],
    [0, 2, 6, 2, 1],
    [1, 8, 14, 11, 1],
    [17, 22, 54, 43, 0],
    [5, 5, 21, 16, 1],
    [5, 14, 19, 37, 6],
    [4, 3, 8, 18, 1],
    [0, 7, 3, 6, 0],
    [5, 19, 19, 12, 0],
    [0, 2, 6, 7, 2],
    [0, 3, 8, 3, 1],
    [5, 5, 19, 17, 0],
    [8, 14, 22, 25, 1],
    [2, 10, 28, 42, 0],
    [10, 12, 23, 36, 1],
    [3, 17, 10, 27, 0],
    [4, 7, 12, 16, 0],
    [6, 5, 7, 17, 0],
    [4, 8, 11, 36, 0],
    [7, 5, 27, 20, 0],
    [3, 2, 12, 5, 0],
    [1, 6, 10, 8, 1],
    [0, 0, 8, 1, 0],
    [0, 2, 10, 6, 0],
    [5, 5, 22, 24, 0],
    [5, 13, 22, 24, 1],
    [0, 6, 6, 18, 1],
    [0, 5, 2, 3, 1],
    [1, 1, 4, 5, 1],
    [1, 2, 2, 0, 1],
    [0, 3, 5, 6, 1],
    [1, 2, 5, 3, 0],
    [0, 4, 4, 3, 0],
    [2, 2, 9, 4, 0],
    [0, 6, 9, 17, 3],
    [3, 3, 15, 18, 1],
    [2, 10, 11, 6, 2],
    [2, 2, 4, 2, 1],
    [2, 2, 5, 9, 1],
    [0, 2, 2, 4, 0],
    [7, 9, 8, 17, 2],
    [0, 5, 4, 4, 1],
    [1, 4, 10, 20, 1],
    [4, 4, 8, 6, 0],
    [5, 10, 11, 29, 0],
    [2, 8, 29, 14, 2],
    [3, 4, 8, 14, 1],
    [1, 5, 6, 10, 2],
    [4, 4, 5, 7, 2],
    [0, 5, 8, 6, 0],
    [2, 3, 7, 4, 0],
    [1, 4, 9, 4, 0],
    [0, 3, 1, 7, 0],
    [1, 0, 5, 2, 0],
    [3, 8, 8, 13, 1],
    [1, 6, 11, 8, 1],
    [9, 15, 26, 32, 4],
    [2, 6, 5, 5, 1],
    [0, 2, 4, 1, 1],
    [0, 6, 5, 2, 0],
    [0, 7, 12, 6, 1],
    [1, 2, 1, 2, 0],
    [2, 4, 21, 32, 2],
    [2, 4, 5, 6, 2],
    [2, 0, 11, 8, 1],
    [11, 15, 16, 31, 4],
    [6, 10, 42, 31, 3],
    [9, 22, 37, 35, 5],
    [6, 11, 27, 47, 1],
    [0, 5, 3, 2, 0],
    [2, 3, 7, 8, 0],
    [2, 3, 3, 12, 2],
    [1, 2, 7, 8, 1],
    [0, 3, 4, 5, 1],
    [0, 2, 10, 7, 1],
    [0, 4, 11, 20, 2],
    [4, 8, 28, 40, 0],
    [1, 2, 5, 5, 2],
    [0, 1, 6, 2, 1],
    [1, 3, 8, 12, 1],
    [5, 10, 30, 29, 3],
    [1, 3, 10, 14, 0],
    [5, 9, 37, 45, 2],
    [4, 7, 13, 23, 1],
    [8, 14, 18, 26, 1],
    [1, 8, 8, 11, 0],
    [2, 8, 21, 32, 2],
    [0, 2, 12, 3, 0],
    [5, 4, 9, 9, 1],
    [21, 18, 61, 40, 0],
    [5, 8, 19, 18, 1],
    [7, 3, 15, 9, 0],
    [10, 8, 10, 14, 0],
    [2, 13, 20, 17, 1],
    [0, 8, 5, 3, 0],
    [4, 4, 9, 7, 2],
    [2, 3, 14, 14, 0],
    [0, 6, 4, 10, 0],
    [1, 4, 8, 6, 0],
    [2, 2, 4, 4, 0],
    [0, 3, 0, 2, 1],
    [0, 3, 8, 4, 1],
    [4, 5, 4, 6, 0],
    [0, 3, 4, 6, 1],
    [2, 2, 10, 9, 2],
    [2, 4, 10, 4, 0],
    [1, 6, 5, 1, 0],
    [1, 2, 5, 15, 0],
    [10, 10, 15, 53, 1],
    [8, 6, 18, 19, 2],
    [8, 8, 12, 43, 0],
    [7, 8, 12, 26, 3],
    [13, 18, 30, 82, 4],
    [2, 9, 4, 12, 0],
    [5, 10, 10, 14, 2],
    [0, 3, 6, 1, 0],
    [2, 2, 10, 8, 0],
    [3, 5, 7, 8, 0],
    [3, 5, 22, 25, 2],
    [6, 12, 16, 23, 0],
    [8, 16, 17, 37, 2],
    [2, 6, 12, 23, 1],
    [9, 5, 34, 35, 3],
    [1, 2, 2, 2, 2],
    [2, 1, 5, 11, 1],
    [2, 3, 2, 3, 0],
    [2, 1, 3, 2, 0],
    [5, 4, 5, 7, 0],
    [2, 3, 7, 15, 2],
    [4, 3, 4, 6, 0],
    [2, 7, 8, 22, 2],
    [2, 5, 7, 7, 3],
    [2, 4, 6, 8, 2],
    [3, 4, 10, 17, 0],
    [7, 9, 8, 34, 1],
    [3, 4, 10, 8, 0],
    [0, 8, 12, 13, 2],
    [5, 8, 16, 22, 0],
    [8, 9, 14, 42, 1],
    [5, 10, 12, 40, 3],
    [5, 4, 8, 9, 0],
    [10, 7, 23, 26, 0],
    [2, 4, 7, 6, 0],
    [2, 6, 16, 19, 1],
    [1, 14, 18, 17, 2],
    [1, 1, 3, 7, 0],
    [2, 1, 10, 8, 1],
    [4, 6, 11, 22, 1],
    [2, 5, 4, 8, 0],
    [0, 2, 2, 2, 1],
    [0, 0, 5, 2, 0],
    [4, 7, 13, 12, 5],
    [13, 8, 21, 42, 0],
    [7, 15, 17, 19, 0],
    [7, 14, 18, 15, 5],
    [3, 4, 8, 14, 0],
    [8, 23, 27, 40, 4],
    [0, 3, 8, 4, 0],
    [0, 0, 6, 7, 0],
    [2, 3, 3, 7, 0],
    [2, 2, 8, 4, 2],
    [0, 0, 2, 8, 0],
    [6, 4, 12, 6, 1],
    [0, 1, 9, 5, 0],
    [0, 0, 4, 2, 0],
    [4, 1, 5, 12, 0],
    [3, 1, 11, 39, 2],
    [1, 3, 5, 12, 0],
    [5, 3, 14, 24, 1],
    [0, 1, 3, 5, 1],
    [0, 3, 4, 2, 0],
    [0, 1, 5, 1, 1],
    [1, 1, 5, 3, 0],
    [1, 1, 3, 0, 1],
    [4, 3, 13, 7, 2],
    [1, 4, 9, 7, 0],
    [2, 1, 2, 3, 3],
    [2, 1, 3, 3, 0],
    [1, 3, 1, 2, 0],
    [0, 3, 1, 3, 0],
    [24, 18, 47, 27, 5],
    [1, 2, 16, 121, 0],
    [0, 1, 2, 3, 0],
    [3, 2, 9, 14, 1],
    [6, 11, 16, 60, 1],
    [0, 2, 3, 4, 0],
    [2, 4, 1, 5, 0],
    [18, 5, 19, 43, 4],
    [1, 3, 5, 2, 0],
    [2, 2, 9, 1, 1],
    [6, 8, 18, 23, 0],
    [3, 1, 8, 15, 0],
    [9, 17, 38, 56, 2],
    [2, 7, 23, 17, 1],
    [2, 8, 21, 20, 1],
    [0, 4, 6, 6, 0],
    [0, 2, 7, 18, 0],
    [2, 4, 15, 10, 2],
    [0, 2, 6, 4, 1],
    [1, 0, 2, 8, 2],
    [3, 6, 4, 5, 1],
    [1, 1, 12, 5, 1],
    [6, 4, 8, 23, 1],
    [8, 3, 19, 9, 0],
    [0, 1, 1, 3, 1],
    [0, 1, 7, 0, 1],
    [0, 2, 6, 2, 0],
    [0, 1, 5, 10, 0],
    [0, 1, 3, 3, 0],
    [0, 2, 5, 5, 0],
    [2, 0, 6, 9, 0],
    [5, 1, 9, 9, 0],
    [5, 7, 11, 32, 2],
    [9, 19, 38, 59, 5],
    [2, 6, 14, 15, 3],
    [1, 0, 5, 1, 0],
    [4, 1, 3, 3, 0],
    [2, 5, 21, 19, 0],
    [2, 0, 5, 0, 0],
    [2, 4, 4, 4, 1],
    [10, 15, 21, 37, 1],
    [14, 10, 31, 49, 3],
    [1, 7, 8, 13, 1],
    [10, 12, 21, 35, 1],
    [1, 1, 7, 3, 0],
    [1, 1, 2, 2, 0],
    [5, 5, 16, 11, 1],
    [5, 4, 5, 4, 0],
    [1, 1, 1, 3, 0],
    [0, 2, 2, 6, 0],
    [0, 4, 2, 2, 0],
    [0, 1, 7, 2, 0],
    [4, 4, 24, 25, 1],
    [1, 1, 3, 3, 0],
    [0, 3, 3, 4, 0],
    [10, 7, 14, 37, 6],
    [1, 1, 2, 6, 0],
    [3, 13, 40, 25, 0],
    [3, 8, 12, 16, 2],
    [0, 2, 12, 0, 0],
    [0, 2, 3, 6, 1],
    [5, 8, 16, 20, 2],
    [5, 8, 46, 36, 0],
    [6, 10, 37, 38, 5],
    [3, 11, 27, 17, 4],
    [3, 5, 29, 27, 0],
    [7, 10, 38, 23, 1],
    [3, 5, 18, 18, 1],
    [0, 0, 5, 6, 2],
    [7, 13, 13, 54, 5],
    [6, 5, 13, 29, 0],
    [5, 7, 10, 11, 1],
    [0, 2, 2, 3, 0],
    [7, 7, 9, 14, 0],
    [9, 15, 53, 85, 1],
    [6, 16, 21, 36, 4],
    [8, 7, 24, 33, 0],
    [4, 5, 6, 11, 3],
    [2, 3, 4, 6, 0],
    [1, 1, 0, 7, 1],
    [5, 13, 22, 55, 1],
    [4, 1, 11, 28, 1],
    [1, 0, 7, 11, 0],
    [7, 4, 11, 6, 1],
    [2, 1, 7, 2, 1],
    [3, 5, 19, 20, 0],
    [6, 12, 33, 31, 2],
    [9, 10, 15, 33, 2],
    [2, 3, 9, 21, 1],
    [1, 2, 10, 8, 1],
    [3, 6, 6, 9, 1],
    [2, 7, 19, 30, 3],
    [0, 2, 4, 0, 0],
    [2, 3, 4, 1, 0],
    [5, 4, 2, 6, 1],
    [4, 12, 26, 16, 6],
    [5, 16, 21, 36, 3],
    [1, 7, 35, 25, 0],
    [0, 2, 4, 1, 0],
    [0, 0, 12, 13, 0],
    [4, 6, 13, 20, 1],
    [2, 4, 6, 7, 0],
    [0, 2, 1, 4, 1],
    [4, 8, 15, 11, 2],
    [0, 2, 3, 3, 0],
    [8, 13, 37, 56, 5],
    [2, 9, 36, 16, 0],
    [2, 4, 7, 6, 0],
    [1, 6, 19, 18, 3],
    [0, 1, 5, 2, 0],
    [6, 8, 28, 32, 1],
    [0, 5, 12, 15, 0],
    [7, 17, 38, 44, 4],
    [2, 4, 4, 13, 0],
    [0, 1, 1, 4, 0],
    [5, 8, 15, 25, 0],
    [3, 4, 24, 13, 2],
    [10, 14, 30, 45, 2],
    [1, 1, 6, 3, 1],
    [7, 8, 31, 38, 3],
    [18, 36, 106, 60, 13],
    [556, 732, 1783, 2105, 140],
    [128, 148, 261, 306, 26],
    [188, 255, 481, 591, 47],
    [25, 40, 61, 48, 1]
  ],
  "W": [
    [6, 5, 31, 12, 6, 9, 0],
    [1, 1, 4, 1, 6, 2, 0],
    [7, 4, 36, 2, 2, 3, 1],
    [4, 3, 39, 7, 2, 6, 1],
    [1, 2, 5, 1, 0, 2, 0],
    [5, 1, 7, 5, 0, 1, 2],
    [4, 1, 19, 2, 1, 5, 2],
    [14, 10, 60, 24, 7, 14, 2],
    [2, 1, 6, 1, 0, 4, 1],
    [1, 0, 4, 0, 0, 2, 1],
    [5, 0, 11, 6, 3, 2, 0],
    [2, 2, 6, 4, 3, 2, 0],
    [7, 1, 6, 1, 4, 3, 1],
    [13, 3, 13, 1, 0, 0, 1],
    [7, 5, 9, 5, 3, 2, 0],
    [6, 0, 11, 0, 4, 1, 0],
    [5, 1, 9, 4, 8, 2, 0],
    [10, 3, 3, 2, 1, 4, 0],
    [3, 0, 1, 1, 5, 1, 0],
    [5, 3, 13, 11, 2, 1, 0],
    [22, 12, 50, 22, 14, 15, 1],
    [3, 4, 17, 15, 2, 6, 1],
    [11, 3, 38, 10, 1, 18, 0],
    [1, 3, 21, 4, 1, 3, 1],
    [2, 2, 8, 0, 1, 2, 1],
    [9, 2, 20, 7, 6, 9, 2],
    [2, 0, 8, 1, 3, 2, 1],
    [4, 0, 5, 2, 2, 1, 1],
    [5, 2, 15, 10, 5, 9, 0],
    [8, 5, 34, 10, 2, 7, 4],
    [7, 2, 44, 15, 2, 9, 3],
    [11, 7, 35, 11, 4, 11, 3],
    [10, 1, 33, 4, 3, 6, 0],
    [7, 4, 19, 2, 3, 3, 1],
    [2, 7, 17, 4, 1, 4, 0],
    [9, 3, 39, 3, 2, 3, 0],
    [8, 4, 24, 16, 0, 5, 2],
    [3, 1, 6, 5, 3, 3, 1],
    [5, 1, 9, 2, 5, 2, 2],
    [0, 0, 2, 3, 2, 2, 0],
    [4, 0, 4, 4, 4, 2, 0],
    [3, 0, 27, 12, 7, 5, 2],
    [7, 4, 22, 8, 9, 13, 2],
    [3, 0, 17, 5, 4, 1, 1],
    [3, 0, 2, 1, 5, 0, 0],
    [0, 0, 4, 1, 5, 1, 1],
    [0, 3, 1, 0, 1, 0, 1],
    [5, 0, 4, 0, 4, 1, 1],
    [1, 0, 3, 3, 3, 1, 0],
    [3, 0, 5, 2, 1, 0, 0],
    [5, 0, 5, 6, 0, 1, 0],
    [4, 1, 16, 2, 11, 1, 0],
    [3, 2, 18, 9, 3, 4, 1],
    [5, 0, 3, 9, 5, 9, 0],
    [1, 1, 2, 2, 4, 0, 1],
    [2, 1, 9, 4, 1, 0, 2],
    [1, 0, 2, 0, 4, 1, 0],
    [6, 6, 20, 6, 3, 2, 0],
    [3, 0, 3, 1, 3, 4, 0],
    [0, 1, 23, 7, 3, 2, 0],
    [6, 1, 6, 4, 0, 4, 1],
    [6, 4, 32, 2, 2, 8, 1],
    [6, 0, 18, 19, 4, 4, 4],
    [3, 0, 15, 5, 2, 4, 1],
    [2, 2, 9, 5, 3, 3, 0],
    [7, 1, 8, 2, 0, 3, 1],
    [4, 0, 8, 3, 2, 1, 1],
    [4, 3, 4, 3, 0, 2, 0],
    [5, 1, 5, 1, 5, 1, 0],
    [3, 1, 7, 0, 0, 0, 0],
    [1, 1, 3, 2, 0, 1, 0],
    [2, 0, 20, 6, 2, 2, 1],
    [5, 0, 9, 4, 3, 3, 3],
    [12, 9, 28, 18, 8, 4, 7],
    [4, 3, 5, 1, 3, 3, 0],
    [2, 0, 2, 1, 2, 0, 1],
    [1, 0, 5, 4, 3, 0, 0],
    [9, 0, 7, 5, 3, 2, 0],
    [0, 1, 2, 1, 0, 2, 0],
    [2, 0, 24, 10, 7, 16, 2],
    [5, 1, 4, 3, 0, 3, 3],
    [1, 0, 13, 3, 2, 3, 0],
    [10, 3, 38, 7, 4, 9, 6],
    [12, 7, 31, 26, 2, 11, 3],
    [16, 4, 38, 14, 10, 19, 7],
    [8, 5, 44, 10, 8, 16, 1],
    [3, 0, 1, 1, 2, 3, 0],
    [1, 2, 9, 4, 1, 1, 2],
    [3, 2, 10, 3, 3, 1, 0],
    [2, 0, 10, 3, 2, 1, 1],
    [1, 0, 5, 1, 1, 3, 2],
    [3, 0, 5, 4, 3, 5, 0],
    [3, 0, 24, 0, 2, 6, 2],
    [10, 3, 40, 18, 2, 5, 2],
    [1, 0, 6, 1, 0, 7, 0],
    [0, 0, 3, 3, 2, 1, 1],
    [1, 2, 8, 3, 5, 5, 1],
    [6, 2, 31, 17, 8, 11, 2],
    [3, 1, 14, 3, 1, 4, 2],
    [9, 4, 45, 17, 9, 10, 4],
    [5, 1, 28, 6, 2, 4, 2],
    [7, 2, 28, 7, 7, 15, 1],
    [2, 4, 14, 3, 4, 1, 0],
    [4, 1, 39, 7, 1, 10, 3],
    [2, 0, 3, 6, 3, 3, 0],
    [3, 6, 8, 5, 2, 2, 2],
    [29, 12, 41, 38, 3, 13, 4],
    [11, 2, 18, 12, 1, 4, 3],
    [5, 5, 9, 8, 2, 3, 2],
    [9, 5, 14, 6, 1, 4, 3],
    [5, 3, 19, 12, 4, 6, 4],
    [7, 0, 6, 1, 2, 0, 0],
    [4, 4, 6, 4, 2, 4, 2],
    [3, 1, 11, 6, 7, 3, 2],
    [1, 0, 8, 2, 5, 3, 1],
    [1, 0, 6, 4, 5, 3, 0],
    [1, 3, 5, 1, 0, 2, 0],
    [3, 0, 2, 0, 1, 0, 0],
    [1, 0, 2, 3, 6, 4, 0],
    [3, 1, 6, 2, 5, 2, 0],
    [5, 0, 4, 1, 2, 1, 1],
    [1, 0, 9, 6, 6, 2, 1],
    [5, 2, 3, 2, 4, 4, 0],
    [4, 0, 1, 3, 1, 3, 1],
    [3, 0, 12, 1, 3, 4, 0],
    [6, 5, 47, 12, 3, 13, 3],
    [10, 3, 21, 6, 4, 5, 4],
    [3, 7, 42, 5, 1, 10, 3],
    [8, 1, 29, 5, 4, 5, 4],
    [17, 11, 82, 14, 2, 14, 7],
    [3, 0, 12, 1, 6, 5, 0],
    [14, 2, 11, 6, 4, 4, 0],
    [0, 0, 1, 4, 4, 1, 0],
    [5, 0, 5, 6, 1, 3, 2],
    [4, 1, 10, 2, 3, 3, 0],
    [5, 4, 23, 7, 8, 6, 4],
    [5, 5, 29, 12, 1, 4, 1],
    [17, 6, 35, 10, 4, 7, 1],
    [5, 0, 19, 4, 7, 8, 1],
    [7, 5, 38, 20, 6, 8, 2],
    [3, 0, 4, 0, 1, 1, 0],
    [3, 1, 7, 3, 2, 3, 1],
    [1, 1, 4, 0, 3, 0, 1],
    [0, 1, 3, 3, 0, 1, 0],
    [2, 2, 6, 5, 0, 5, 1],
    [2, 1, 18, 2, 4, 2, 0],
    [0, 2, 12, 1, 2, 0, 0],
    [5, 2, 14, 7, 2, 9, 2],
    [2, 1, 11, 4, 3, 3, 0],
    [1, 0, 11, 3, 3, 2, 2],
    [4, 0, 16, 7, 5, 2, 0],
    [9, 6, 35, 2, 1, 4, 2],
    [4, 3, 6, 2, 5, 3, 2],
    [6, 0, 10, 7, 7, 4, 1],
    [8, 2, 32, 5, 1, 3, 0],
    [3, 7, 42, 10, 1, 10, 1],
    [8, 3, 42, 4, 6, 5, 2],
    [2, 1, 13, 3, 4, 2, 1],
    [10, 1, 29, 11, 7, 7, 1],
    [2, 0, 8, 1, 5, 3, 0],
    [4, 2, 17, 12, 1, 7, 1],
    [3, 2, 17, 8, 7, 13, 2],
    [0, 0, 9, 1, 0, 2, 0],
    [1, 1, 7, 4, 2, 5, 2],
    [4, 1, 14, 8, 4, 10, 3],
    [0, 0, 9, 2, 2, 5, 1],
    [1, 0, 1, 2, 1, 2, 0],
    [0, 0, 2, 3, 2, 0, 0],
    [3, 3, 15, 6, 4, 8, 2],
    [11, 9, 38, 7, 6, 11, 2],
    [6, 8, 24, 9, 0, 8, 3],
    [8, 6, 18, 9, 6, 7, 5],
    [3, 2, 17, 3, 3, 1, 0],
    [12, 5, 45, 12, 6, 14, 8],
    [2, 0, 3, 5, 1, 2, 2],
    [3, 0, 3, 5, 0, 2, 0],
    [1, 2, 7, 2, 2, 1, 0],
    [4, 0, 4, 3, 5, 2, 0],
    [2, 0, 5, 1, 0, 2, 0],
    [0, 3, 9, 4, 4, 7, 2],
    [1, 0, 5, 8, 1, 0, 0],
    [0, 0, 3, 1, 0, 2, 0],
    [1, 2, 9, 2, 2, 4, 2],
    [3, 1, 31, 5, 1, 14, 1],
    [3, 1, 10, 1, 1, 5, 0],
    [6, 0, 19, 8, 4, 10, 0],
    [0, 0, 4, 1, 5, 0, 0],
    [1, 0, 4, 1, 1, 2, 0],
    [0, 0, 1, 3, 3, 1, 0],
    [0, 1, 4, 2, 1, 2, 0],
    [1, 0, 1, 0, 2, 1, 1],
    [2, 1, 10, 10, 5, 1, 0],
    [7, 0, 6, 6, 0, 1, 1],
    [0, 0, 4, 0, 3, 3, 1],
    [1, 0, 1, 2, 2, 3, 0],
    [3, 0, 3, 0, 1, 0, 0],
    [0, 2, 1, 1, 2, 1, 0],
    [11, 17, 26, 39, 4, 17, 7],
    [7, 1, 101, 20, 3, 3, 5],
    [0, 0, 4, 0, 0, 2, 0],
    [2, 0, 18, 4, 1, 3, 1],
    [7, 2, 60, 7, 4, 14, 0],
    [2, 0, 2, 1, 2, 2, 0],
    [0, 2, 2, 2, 2, 2, 2],
    [10, 6, 21, 21, 10, 16, 5],
    [3, 0, 1, 2, 2, 3, 0],
    [2, 0, 2, 7, 1, 3, 0],
    [5, 5, 21, 13, 1, 8, 2],
    [0, 3, 16, 4, 2, 2, 0],
    [10, 8, 57, 24, 3, 17, 3],
    [4, 3, 22, 14, 3, 2, 2],
    [4, 2, 23, 15, 1, 3, 4],
    [2, 0, 5, 3, 1, 4, 1],
    [3, 2, 13, 4, 2, 2, 1],
    [2, 1, 10, 5, 9, 5, 1],
    [2, 1, 3, 3, 3, 1, 0],
    [0, 1, 9, 2, 0, 1, 0],
    [3, 2, 7, 2, 1, 4, 0],
    [1, 0, 5, 6, 6, 2, 0],
    [2, 4, 23, 3, 3, 6, 1],
    [11, 5, 8, 10, 1, 4, 0],
    [1, 0, 3, 0, 0, 2, 0],
    [0, 0, 2, 5, 0, 2, 0],
    [2, 1, 1, 4, 2, 0, 0],
    [0, 0, 7, 4, 1, 3, 1],
    [0, 0, 2, 3, 0, 2, 0],
    [1, 0, 5, 2, 0, 3, 1],
    [0, 1, 8, 3, 2, 3, 0],
    [1, 0, 13, 6, 1, 2, 1],
    [4, 4, 32, 5, 2, 9, 1],
    [16, 9, 59, 9, 12, 19, 6],
    [3, 3, 14, 7, 4, 4, 5],
    [0, 0, 1, 1, 4, 0, 1],
    [0, 2, 2, 5, 1, 1, 0],
    [1, 2, 14, 16, 2, 11, 1],
    [0, 0, 1, 4, 1, 0, 1],
    [4, 2, 4, 2, 2, 1, 0],
    [5, 4, 44, 15, 5, 9, 2],
    [7, 9, 58, 17, 6, 8, 2],
    [3, 1, 13, 3, 4, 4, 2],
    [6, 7, 31, 16, 9, 9, 1],
    [0, 0, 2, 2, 1, 6, 1],
    [3, 0, 0, 1, 0, 2, 0],
    [3, 2, 17, 3, 4, 9, 0],
    [3, 1, 5, 4, 1, 4, 0],
    [0, 0, 3, 1, 0, 2, 0],
    [1, 0, 4, 1, 0, 4, 0],
    [3, 0, 3, 1, 1, 0, 0],
    [0, 0, 1, 4, 2, 3, 0],
    [3, 2, 21, 17, 4, 4, 7],
    [0, 1, 4, 3, 0, 0, 0],
    [0, 2, 3, 2, 2, 1, 0],
    [2, 6, 41, 6, 2, 11, 6],
    [0, 1, 5, 1, 0, 2, 1],
    [3, 1, 38, 13, 9, 10, 7],
    [1, 3, 16, 9, 1, 6, 5],
    [0, 0, 2, 3, 5, 2, 2],
    [0, 0, 7, 1, 0, 3, 1],
    [5, 3, 24, 8, 0, 9, 2],
    [4, 8, 46, 22, 7, 7, 1],
    [12, 5, 51, 7, 4, 9, 8],
    [4, 3, 37, 8, 3, 3, 4],
    [4, 3, 37, 13, 1, 5, 1],
    [6, 5, 36, 15, 3, 13, 1],
    [3, 4, 19, 8, 4, 4, 3],
    [0, 0, 8, 3, 1, 1, 0],
    [9, 8, 46, 11, 3, 8, 7],
    [3, 5, 26, 14, 2, 2, 1],
    [7, 2, 14, 5, 2, 4, 0],
    [0, 1, 1, 2, 1, 2, 0],
    [4, 9, 13, 7, 0, 2, 2],
    [13, 10, 82, 39, 1, 16, 2],
    [10, 14, 32, 14, 2, 9, 2],
    [9, 5, 28, 25, 1, 4, 0],
    [2, 1, 10, 6, 1, 5, 4],
    [3, 2, 4, 2, 1, 2, 1],
    [1, 0, 4, 0, 0, 3, 2],
    [7, 5, 50, 21, 1, 11, 1],
    [0, 1, 20, 9, 3, 8, 4],
    [1, 1, 8, 2, 2, 3, 2],
    [5, 4, 4, 6, 2, 5, 3],
    [1, 0, 5, 4, 0, 1, 2],
    [6, 3, 18, 8, 4, 7, 1],
    [6, 4, 29, 24, 1, 19, 1],
    [5, 5, 39, 9, 3, 5, 3],
    [5, 0, 25, 2, 2, 2, 0],
    [2, 0, 7, 2, 2, 6, 3],
    [4, 2, 12, 3, 0, 4, 0],
    [1, 0, 28, 6, 6, 17, 3],
    [2, 0, 1, 3, 0, 0, 0],
    [6, 2, 0, 2, 0, 0, 0],
    [1, 2, 8, 1, 2, 4, 0],
    [7, 0, 20, 17, 5, 11, 4],
    [10, 2, 35, 17, 4, 9, 4],
    [7, 0, 26, 25, 5, 4, 1],
    [1, 1, 0, 3, 2, 0, 0],
    [0, 0, 9, 8, 1, 5, 2],
    [5, 3, 14, 12, 4, 4, 2],
    [0, 1, 7, 2, 0, 6, 3],
    [1, 0, 4, 0, 1, 2, 0],
    [3, 3, 13, 6, 13, 1, 1],
    [0, 0, 3, 2, 1, 1, 1],
    [10, 5, 66, 23, 1, 12, 2],
    [9, 2, 16, 31, 1, 2, 2],
    [2, 1, 9, 5, 0, 2, 0],
    [3, 3, 15, 12, 3, 6, 5],
    [0, 0, 1, 3, 3, 1, 0],
    [8, 2, 34, 15, 1, 9, 6],
    [12, 0, 10, 7, 1, 2, 0],
    [16, 6, 43, 27, 2, 10, 6],
    [4, 1, 13, 2, 1, 2, 0],
    [1, 0, 3, 0, 0, 2, 0],
    [6, 4, 26, 10, 1, 4, 2],
    [4, 1, 15, 17, 1, 8, 0],
    [10, 8, 50, 15, 4, 9, 5],
    [2, 1, 2, 4, 1, 2, 0],
    [14, 4, 42, 17, 2, 5, 3],
    [18, 8, 65, 41, 56, 34, 11],
    [633, 435, 2089, 1017, 333, 640, 169],
    [118, 101, 348, 160, 37, 64, 41],
    [217, 106, 680, 234, 109, 162, 54],
    [45, 24, 50, 34, 12, 8, 2]
  ],
  "method": "mult",
  "cond_prob": [
    [
      [0.072893484204, 0.50911130474, 0.29771135281, 0.12028385825, 0],
      [0.64749544737, 0.21858539332, 0.046933191712, 0.0869859676, 0],
      [0.013000436025, 0.040465003851, 0.14217190356, 0.80436265656, 0],
      [0.017308181436, 0.0057229326436, 0.90276643345, 0.074202452468, 0],
      [0.004923591153, 0.20979216713, 0.72528021646, 0.060004025259, 0],
      [0.076100957442, 0.14117354345, 0.37631760156, 0.40640789754, 0],
      [0.13210399949, 0.16071112298, 0.4812143336, 0.22597054393, 0]
    ],
    [
      [9.8607613153e-32, 0.34147681382, 0.37345249322, 0.28507069296, 0],
      [0, 0.33616869449, 0.14514594815, 0.51868535735, 0],
      [0, 0.013993138548, 0.061972925258, 0.92403393619, 0],
      [0, 0.0023136826787, 0.87429027174, 0.12339604558, 0],
      [0, 0.026209213801, 0.62580873993, 0.34798204627, 0],
      [0, 0.053406486007, 0.30218357314, 0.64440994085, 0],
      [0, 0.076573181227, 0.48898903457, 0.4344377842, 0]
    ],
    [
      [0.081304231611, 0.51048210825, 0.24723029695, 0.15831370654, 0.0026696566533],
      [0.66421381908, 0.19666558095, 0.034739361469, 0.10326661351, 0.0011146249893],
      [0.011364472908, 0.021282528911, 0.060371757839, 0.90430956133, 0.0026716790097],
      [0.021376901878, 0.006313508065, 0.86322775514, 0.10835687447, 0.00072496045442],
      [0.0052204126293, 0.19948000199, 0.58585998429, 0.075268350601, 0.13417125049],
      [0.072210695389, 0.11967265692, 0.26677543035, 0.45489715874, 0.086444058598],
      [0.095067362523, 0.10318688675, 0.2585454234, 0.19165146588, 0.35154886143]
    ],
    [
      [0.14212811747, 0.64757168537, 0.14608144678, 0.062958617745, 0.001260132647],
      [0.7908005877, 0.16718037323, 0.013949738122, 0.027714200154, 0.00035510079732],
      [0.15863679309, 0.14152227724, 0.071301556879, 0.62300860349, 0.0055307693116],
      [0.063563136144, 0.013484434563, 0.84899825089, 0.073371401544, 0.00058277685394],
      [0.013129356664, 0.36208577118, 0.49248627947, 0.043123818492, 0.089174774194],
      [0.19272895797, 0.22987625674, 0.24014169517, 0.27595177557, 0.061301314548],
      [0.24467642258, 0.19098320191, 0.22425379402, 0.11212929127, 0.22795729022]
    ],
    [
      [0.054795712746, 0.53040133002, 0.25456930781, 0.14801664487, 0.012217004547],
      [0.43398241351, 0.1670420329, 0.037324900552, 0.35066084188, 0.010989811163],
      [0, 0, 0.076266774254, 0.89319381504, 0.030539410706],
      [0.010780606752, 0.0036206630646, 0.90583960926, 0.07723340951, 0.0025257114105],
      [0.0016198723993, 0.079936128002, 0.33129123461, 0.033093573442, 0.55405919154],
      [0.033229426743, 0.065946970558, 0.19180370527, 0.30372959333, 0.40529030409],
      [0, 0, 0, 0, 1]
    ],
    [
      [0.10176914342, 0.67021896761, 0.19324989027, 0.032496348028, 0.0022656506823],
      [0.78589189076, 0.17847210636, 0.019594693846, 0.015353744664, 0.00068756436763],
      [0.15728173447, 0.26879433521, 0.22550847166, 0.34658886367, 0.0018265949862],
      [0.034932294395, 0.010207466031, 0.92443368645, 0.029605635728, 0.00082091739626],
      [0.0074131989555, 0.29131464079, 0.54244683027, 0.017940246413, 0.14088508358],
      [0.14597280801, 0.23863474265, 0.33718503599, 0.15500600943, 0.12320140392],
      [0.14182798545, 0.14960031815, 0.23812154247, 0.046504140722, 0.42394601321]
    ],
    [
      [0.030062055425, 0.73941604171, 0.11736646093, 0.10988183508, 0.0032736068592],
      [0.43431267438, 0.42763891468, 0.025305559967, 0.11063088852, 0.0021119624607],
      [0.0078443365425, 0.092188206761, 0.019014106922, 0.87566199704, 0.0052913527347],
      [0.015260170919, 0.017073935555, 0.81901288297, 0.14691483654, 0.00173817402],
      [0.0024400600008, 0.3610939758, 0.36162142492, 0.067024991208, 0.20781954807],
      [0.035927137837, 0.22530235176, 0.17065727322, 0.42726235751, 0.14085087968],
      [0.041900309298, 0.17068369215, 0.14551350393, 0.1575486878, 0.48435380682]
    ],
    [
      [0.1135810155, 0.55263518233, 0.25027672692, 0.082811654209, 0.00069542104308],
      [0.73798203623, 0.18536266261, 0.030417798077, 0.045990236333, 0.00024726674562],
      [0.09913553243, 0.094614524546, 0.1553723376, 0.64901697489, 0.0018606305355],
      [0.032521038166, 0.0076723214222, 0.89827764304, 0.061324559889, 0.0002044374842],
      [0.0083937869065, 0.25179812254, 0.657767518, 0.04494555235, 0.0370950202],
      [0.13248874032, 0.17492313058, 0.35308676804, 0.31139754347, 0.028103817582],
      [0.193904843, 0.16848147423, 0.38167838734, 0.14687103611, 0.10906425932]
    ],
    [
      [0.12030156596, 0.5809695034, 0.15405960933, 0.14096839551, 0.0037009258056],
      [0.81532615192, 0.11768255314, 0.012239110854, 0.053843997241, 0.00090818684714],
      [0.047033541731, 0.019750308876, 0.00079077221753, 0.93242537718, 0],
      [0.040888599274, 0.0080187830827, 0.82188488125, 0.12787241246, 0.0013353239323],
      [0.00855243859, 0.23407471757, 0.45127395814, 0.076481222212, 0.22961766349],
      [0.12545715655, 0.12714613499, 0.17927804438, 0.44971845326, 0.11840021081],
      [0.11915224031, 0.085273263751, 0.13589997842, 0.14292072317, 0.51675379435]
    ],
    [
      [0.13400462133, 0.83495067081, 0, 0.031044707865, 0],
      [1, 0, 0, 0, 0],
      [0.16361005719, 0.25933198391, 0, 0.5770579589, 0],
      [0.53492828852, 0.10781320067, 0, 0.35725851081, 0],
      [0.028768114721, 0.91521144953, 0, 0.056020435749, 0],
      [0.34341281862, 0.38542092198, 0, 0.2711662594, 0],
      [0.52472951266, 0.35687954959, 0, 0.11839093775, 0]
    ],
    [
      [0, 0.6968166623, 0.19387857492, 0.10930476278, 0],
      [1.1102230246e-16, 0.72452415187, 0.076304507394, 0.19917134074, 0],
      [6.162975822e-33, 0.088740760675, 0.026712511721, 0.8845467276, 0],
      [0, 0.010703369033, 0.89093280808, 0.098363822887, 0],
      [1.320691596e-50, 0.33963656583, 0.59344010145, 0.066923332722, 0],
      [0, 0.2283192047, 0.30542617182, 0.46625462348, 0],
      [0, 0.28637920082, 0.43120375879, 0.28241704039, 0]
    ],
    [
      [0, 0.41068467108, 0.21441527709, 0.37490005183, 0],
      [1.3684555316e-48, 0.48796174489, 0.07776780458, 0.43427045053, 0],
      [3.081487911e-33, 0, 0, 1, 0],
      [0, 0, 0.53181025592, 0.46818974408, 0],
      [0, 0, 0.6232564448, 0.3767435552, 0],
      [0, 0.10135358403, 0.20931173928, 0.68933467669, 0],
      [0, 0.15212967728, 0.35434263309, 0.49352768963, 0]
    ],
    [
      [0.10647444101, 0.61156982988, 0.28195572911, 0, 0],
      [0.79508444147, 0.1672681061, 0.025704129067, 0.011421594884, 0.00052172847869],
      [0.13290643609, 0.29111693236, 0.30556600955, 0.25792478498, 0.012485837017],
      [0.028161402418, 0.0075623169635, 0.94672827676, 0.017065269835, 0.00048273402464],
      [0.0069530464682, 0.24566971413, 0.64423276939, 0.012023787751, 0.091120682256],
      [0.1478319207, 0.21951634628, 0.43241661745, 0.11253321845, 0.087701897121],
      [0.16268650448, 0.15625127828, 0.34630050319, 0.038269619037, 0.29649209501]
    ],
    [
      [0, 0.9583877148, 0.041612285204, 0, 0],
      [0.24835095066, 0.69186123831, 0.022381172568, 0.03740663846, 0],
      [0.014630538242, 0.52780842216, 0.094561158938, 0.36299988066, 0],
      [0.011435984064, 0.033571957724, 0.8957289157, 0.05926314251, 0],
      [0.0016433920784, 0.62404062748, 0.35008986421, 0.024226116233, 0],
      [0.032579920027, 0.5334817349, 0.22200962617, 0.21192871891, 0],
      [0.053314166817, 0.57029454686, 0.26687279275, 0.10951849358, 0]
    ],
    [
      [0, 0.81081603002, 0.13358262094, 0.052671363746, 0.0029299852952],
      [0.18555127754, 0.69729502466, 0.040649381627, 0.07424548846, 0.0022588277127],
      [0, 0.32599585953, 0.071186480895, 0.58732455004, 0.015493109541],
      [0.0062786611257, 0.018770377022, 0.90406079797, 0.069579146382, 0.0013110175],
      [0.0010034470251, 0.39116605014, 0.40138816059, 0.031587872475, 0.17485446977],
      [0.018919982806, 0.31824994762, 0.24826397282, 0.26574635591, 0.14881974084],
      [0.017359594944, 0.19095314807, 0.16750780068, 0.076750284519, 0.54742917178]
    ],
    [
      [2.2469182685e-33, 0.6601856984, 0.22347507977, 0.11633922183, 0],
      [1.1102230246e-16, 0.6991279213, 0.087052747798, 0.2138193309, 0],
      [0, 0.059803375834, 0.069347723342, 0.87084890082, 0],
      [0, 0.0085091577498, 0.90496571175, 0.086525130499, 0],
      [0, 0.29415357185, 0.6413464998, 0.064499928348, 0],
      [0, 0.20443438801, 0.33093856544, 0.46462704655, 0],
      [0, 0.2552158001, 0.46517965519, 0.27960454471, 0]
    ],
    [
      [0.086302118035, 0.62258672591, 0.19473192285, 0.094625766046, 0.0017534671688],
      [0.74047062755, 0.1879074919, 0.021898912069, 0.049138370498, 0.00058459797583],
      [0.051146716323, 0.11117522816, 0.061008378172, 0.77623597607, 0.00043370127713],
      [0.028801640114, 0.0097049111613, 0.87690790363, 0.083966741971, 0.0006188031271],
      [0.0064298892027, 0.28573831623, 0.54970194127, 0.053582452371, 0.10454740093],
      [0.10052633065, 0.18692782532, 0.27505946274, 0.36354121391, 0.073945167386],
      [0.1331620142, 0.15987544247, 0.26459616843, 0.14959057308, 0.29277580181]
    ],
    [
      [0, 0.59122397241, 0.33074991015, 0.078026117439, 0],
      [0.56355284988, 0.30116535449, 0.05295653154, 0.08232526409, 0],
      [0.025227099637, 0.071364281054, 0.12395927217, 0.77944934714, 0],
      [0.011183912197, 0.006432810603, 0.92459853131, 0.057784745892, 0],
      [0.003157172124, 0.23644639346, 0.71408845118, 0.046307983236, 0],
      [0.052033788736, 0.18021483865, 0.39961699339, 0.36813437922, 0],
      [0.095493369504, 0.20010333177, 0.50778847626, 0.19661482247, 0]
    ],
    [
      [0, 0.4964370539, 0.35371741411, 0.14577290817, 0.0040726238168],
      [2.602085214e-17, 0.55134681654, 0.15204669172, 0.29129437649, 0.0053121152412],
      [0, 0.028196931818, 0.07948638948, 0.88474571478, 0.0075709639262],
      [0, 0.0037678575463, 0.92696292451, 0.068498603942, 0.00077061400375],
      [0, 0.076809751941, 0.71767960151, 0.034491447287, 0.17101919926],
      [9.7144514655e-17, 0.094675289221, 0.3440004361, 0.43697972035, 0.12434455433],
      [1.1102230246e-16, 0.068122416402, 0.27927985691, 0.13629206312, 0.51630566357]
    ],
    [
      [0, 0.71609149404, 0.20239673128, 0.073459013993, 0.0080527606927],
      [0.3246274077, 0.51832795177, 0.061308202149, 0.092527044335, 0.00320939405],
      [0, 0.14477599956, 0.12750488692, 0.70861816953, 0.019100943993],
      [0, 0.019282658573, 0.90792484335, 0.071261642387, 0.001530855695],
      [0.0012680575504, 0.27575350501, 0.44389749959, 0.035302347484, 0.24377859037],
      [0.023581661804, 0.21885442597, 0.27155993128, 0.28860483185, 0.19739914909],
      [0.014993086197, 0.090662767435, 0.12656151953, 0.057887763787, 0.70989486305]
    ],
    [
      [0.10449068213, 0.50076363303, 0.30177924093, 0.092966443917, 0],
      [0.72439504636, 0.18090154511, 0.039345307768, 0.055358100758, 6.1459838061e-18],
      [0.068744950571, 0.065797923832, 0.20098642102, 0.66447070458, 0],
      [0.025206352359, 0.0058965123703, 0.91092969382, 0.057967441449, 0],
      [0.0071557299546, 0.21217885781, 0.73394655687, 0.04671885536, 0],
      [0.11534226507, 0.15078953436, 0.40285303991, 0.33101516066, 0],
      [0.18636296089, 0.16041504351, 0.48089129648, 0.17233069912, 0]
    ],
    [
      [0.091746657454, 0.54382363, 0.26466197676, 0.097812174474, 0.0019555613075],
      [0.71300343071, 0.19140586495, 0.035170774221, 0.059655728214, 0.00076420190576],
      [0.046268432038, 0.06263445957, 0.17155194395, 0.71721318229, 0.0023319821517],
      [0.024274297981, 0.0065220431373, 0.9012403821, 0.067427968776, 0.0005353080084],
      [0.0060401139019, 0.21334382528, 0.6328262629, 0.047716408142, 0.10007338978],
      [0.097495529445, 0.1482252317, 0.34059955292, 0.33840470024, 0.075274985694],
      [0.12501508595, 0.12425014971, 0.32109235091, 0.1380359154, 0.29160649803]
    ],
    [
      [0.065235921357, 0.61595904453, 0.20930387484, 0.10250744526, 0.0069937140152],
      [0.60496969499, 0.27942933982, 0.034554230179, 0.077654473929, 0.0033922610765],
      [0.030068363914, 0.085939135038, 0.080832171146, 0.76588741547, 0.037272914432],
      [0.021455403024, 0.0097273053855, 0.87886341887, 0.087581914484, 0.0023719582319],
      [0.0037605981525, 0.21839502917, 0.43500551828, 0.043642671218, 0.29919618318],
      [0.061476851276, 0.15582262646, 0.23881847087, 0.3120150598, 0.23186699159],
      [0.056887634836, 0.094609810783, 0.16282053889, 0.092641609595, 0.5930404059]
    ],
    [
      [0.10117183509, 0.53567417347, 0.25268429688, 0.10764521472, 0.0028244798514],
      [0.74598133126, 0.16391546269, 0.029832667966, 0.059274584458, 0.00099595363187],
      [0.053776108642, 0.059973566599, 0.10949156515, 0.7709126048, 0.0058461548067],
      [0.026299380988, 0.0059765885409, 0.89370515787, 0.073256120125, 0.00076275247914],
      [0.0064011852995, 0.19596728841, 0.60072653888, 0.050783582605, 0.14612140481],
      [0.10161080253, 0.13196398187, 0.30874714414, 0.35168293336, 0.1059951381],
      [0.11515477282, 0.097368951703, 0.25670622831, 0.12650946788, 0.40426057929]
    ],
    [
      [2.7755575616e-17, 0.82482827088, 0.13199409994, 0.043177629184, 0],
      [1.2143064332e-16, 0.8636484997, 0.052527007922, 0.083824492374, 0],
      [0, 0.2457573908, 0.13063579101, 0.62360681819, 0],
      [0, 0.014706657664, 0.93600453067, 0.049288811667, 0],
      [0, 0.44530282672, 0.52380370656, 0.030893466725, 0],
      [0, 0.38846372884, 0.32530116616, 0.286235105, 0],
      [0, 0.43475704805, 0.41146541735, 0.1537775346, 0]
    ],
    [
      [0.067633414674, 0.71606654793, 0.1756238546, 0.040676182797, 0],
      [0.63359729227, 0.30916136053, 0.027726989618, 0.029514357584, 0],
      [0.077049438654, 0.29970285524, 0.17694243698, 0.44630526912, 0],
      [0.027289761101, 0.01378347388, 0.91609524265, 0.042831522371, 0],
      [0.0060529287005, 0.39409505282, 0.57281616434, 0.027035854143, 0],
      [0.11216453433, 0.31598976796, 0.35280807826, 0.21903761944, 0],
      [0.17314460071, 0.31902934848, 0.4001231004, 0.10770295041, 0]
    ],
    [
      [0, 0.53109040423, 0.34826465993, 0.11454004143, 0.0061048944135],
      [0, 0.59901836249, 0.15371478243, 0.23908202263, 0.0081848324445],
      [0, 0.03140183601, 0.19578918628, 0.73127558427, 0.041533393437],
      [0, 0.0040649840453, 0.93878305676, 0.055965461185, 0.0011864980097],
      [0, 0.13373804201, 0.60547750985, 0.038157096314, 0.22262735183],
      [0, 0.10838230451, 0.36743898801, 0.32820891724, 0.19596979023],
      [0, 0.064560784359, 0.24706362755, 0.093860658363, 0.59451492972]
    ],
    [
      [1.5368155624e-33, 0.55257781959, 0.38214575924, 0.061827331088, 0.0034490900791],
      [1.1102230246e-16, 0.67844466491, 0.17966877937, 0.13696932497, 0.0049172307415],
      [0, 0.051001740159, 0.46334679573, 0.47346204832, 0.012189415791],
      [0, 0.0041294198163, 0.96681944105, 0.028419732436, 0.00063140669331],
      [0, 0.14848437766, 0.69195187301, 0.021423087885, 0.13814066145],
      [0, 0.14232183015, 0.49521353429, 0.22153779516, 0.1409268404],
      [0, 0.087130595744, 0.34192682194, 0.064156998262, 0.50678558405]
    ],
    [
      [0.13516494986, 0.45560400026, 0.28971198847, 0.1195190614, 0],
      [0.80085129873, 0.11826205465, 0.027937024361, 0.052949622253, 0],
      [0.075493004399, 0.026440053777, 0.11649693745, 0.78157000438, 0],
      [0.031969041675, 0.0050266664841, 0.88901901452, 0.073985277326, 0],
      [0.0093851734531, 0.19240101923, 0.73636246273, 0.061851344593, 0],
      [0.1359401448, 0.11962036908, 0.35290105427, 0.39153843185, 0],
      [0.22773114702, 0.13073802023, 0.43353417893, 0.20799665383, 0]
    ],
    [
      [0.080373681907, 0.62633906717, 0.22443168414, 0.06803461956, 0.00082094722627],
      [0.66646151065, 0.25362818588, 0.033249033525, 0.04630342197, 0.00035784797509],
      [0.071441022422, 0.1385466233, 0.16899346378, 0.61939224684, 0.001626643663],
      [0.025406937144, 0.0093997587566, 0.9090929007, 0.055832896925, 0.00026750647759],
      [0.0061275940818, 0.29163787244, 0.61791362793, 0.038271701273, 0.046049204274],
      [0.10467744428, 0.21725314474, 0.35405899842, 0.28660886596, 0.037401546595],
      [0.14916038989, 0.20312899884, 0.37183858477, 0.13093377693, 0.14493824957]
    ],
    [
      [0.031543296741, 0.57766739977, 0.27792078717, 0.11286851632, 0],
      [0.43213908889, 0.37719696557, 0.066628846542, 0.124035099, 0],
      [0.0063204806013, 0.055396333118, 0.13584809309, 0.80243509319, 0],
      [0.0080970374934, 0.0070437680282, 0.90945214249, 0.075407051985, 0],
      [0.0021863250851, 0.24502132909, 0.69487226446, 0.057920081372, 0],
      [0.035603921686, 0.17340670476, 0.37966149301, 0.41132788054, 0],
      [0.063518030278, 0.2027120306, 0.49850019916, 0.23526973995, 0]
    ],
    [
      [0.10246208102, 0.52631556704, 0.25298943616, 0.11823291579, 0],
      [0.71473116907, 0.18425826422, 0.032200488297, 0.068456555457, 0.00035352295657],
      [0.053536591569, 0.05313558272, 0.089177251273, 0.80415057444, 0],
      [0.02810218771, 0.0069251591151, 0.88145071623, 0.083280039527, 0.00024189742208],
      [0.0073341011788, 0.23130422232, 0.65018227101, 0.061794538688, 0.0493848668],
      [0.10646100758, 0.1470846829, 0.31825835718, 0.39396453254, 0.034231419806],
      [0.16216222251, 0.1472167888, 0.35766003271, 0.19270116178, 0.1402597942]
    ],
    [
      [0.052635771878, 0.73594005065, 0.13799670023, 0.073427477241, 0],
      [0.56301305838, 0.35347054187, 0.024161025488, 0.059355374265, 0],
      [0.039725135942, 0.18458266147, 0.063704631965, 0.71198757062, 0],
      [0.025174270994, 0.01680537811, 0.86611992329, 0.091900427604, 0],
      [0.0051525312378, 0.44398338999, 0.4972784795, 0.053585599273, 0],
      [0.080590843176, 0.29945490678, 0.25621733096, 0.36373691909, 0],
      [0.13889897256, 0.33709082367, 0.32404071974, 0.19996948403, 0]
    ],
    [
      [0.07215326595, 0.51289516687, 0.32133223578, 0.093619331393, 0],
      [0.66553454161, 0.21724913469, 0.049764350257, 0.067451973437, 0],
      [0.021877525694, 0.070102689908, 0.18976096468, 0.71825881972, 0],
      [0.015485584484, 0.0051423279589, 0.92699750207, 0.052374585488, 0],
      [0.0045563872438, 0.19658965797, 0.75502131283, 0.043832641959, 0],
      [0.07997675218, 0.14905571935, 0.43309314681, 0.33787438166, 0],
      [0.13254539647, 0.16156539698, 0.52782023654, 0.17806897002, 0]
    ],
    [
      [0.08230061389, 0.60000301835, 0.20765732182, 0.11003904594, 0],
      [0.67186247471, 0.22618467917, 0.029372078957, 0.072580767166, 0],
      [0.037272290848, 0.06904621569, 0.061272098152, 0.83240939531, 0],
      [0.025716458967, 0.0083413504879, 0.87663099296, 0.089311197582, 0],
      [0.0067732950143, 0.29036137527, 0.63603471483, 0.066830614883, 0],
      [0.097273343495, 0.17979719129, 0.2987241121, 0.42420535312, 0],
      [0.17063840279, 0.20644769422, 0.38611838215, 0.23679552085, 0]
    ],
    [
      [0.07771975096, 0.53182334426, 0.26182546854, 0.12863143625, 0],
      [0.66279360848, 0.21247827332, 0.038085705178, 0.086642413019, 0],
      [0.025545123411, 0.042170276507, 0.089284468884, 0.8430001312, 0],
      [0.019978397027, 0.0064831936217, 0.88736363675, 0.0861747726, 0],
      [0.0055836435377, 0.23383502671, 0.69204833471, 0.068532995037, 0],
      [0.081593041577, 0.14813155455, 0.33367726716, 0.43659813671, 0],
      [0.14473764214, 0.17202320593, 0.43542371549, 0.24781543644, 0]
    ],
    [
      [0.12697199208, 0.4030262393, 0.36321381564, 0.10678795298, 0],
      [0.78894054081, 0.11845942879, 0.039423230114, 0.053176800279, 0],
      [0.05845795383, 0.02085565302, 0.2537047677, 0.66698162544, 0],
      [0.025013587144, 0.0037271314919, 0.91653385286, 0.054725428508, 0],
      [0.007693842577, 0.14840353903, 0.79604137649, 0.047861241906, 0],
      [0.12455107339, 0.10422844035, 0.43140714223, 0.33981334403, 0],
      [0.20124912345, 0.11032019616, 0.51305238634, 0.17537829405, 0]
    ],
    [
      [0.17043285812, 0.37530087153, 0.36785495634, 0.086411314011, 0],
      [0.88549789437, 0.063968936341, 0.024192060116, 0.026341109176, 0],
      [0.10661597742, 0.0058470090244, 0.32322436665, 0.56431264691, 0],
      [0.031134917507, 0.0030126938859, 0.92383351027, 0.042018878337, 0],
      [0.0099313558438, 0.12998363149, 0.82178457265, 0.038300440014, 0],
      [0.17092149481, 0.092523893309, 0.44799759, 0.28855702189, 0],
      [0.26527452725, 0.09246035109, 0.50438283171, 0.13788228995, 0]
    ],
    [
      [0.036550331263, 0.59851434139, 0.27696951883, 0.086562184886, 0.0014036236388],
      [0.56340818796, 0.30686472824, 0.052108532656, 0.076759974205, 0.00085857693586],
      [0, 0.096780530412, 0.21125600966, 0.69196345992, 0],
      [0.0099063384143, 0.0068121492697, 0.92633640607, 0.056553247549, 0.00039185869647],
      [0.0025172310274, 0.22882304367, 0.65364379846, 0.041037193753, 0.073978733082],
      [0.046449535981, 0.17726074758, 0.38386371127, 0.33008213236, 0.062343872806],
      [0.064271125899, 0.15863888952, 0.38656027962, 0.14215061673, 0.24837908823]
    ],
    [
      [2.7755575616e-17, 0, 0.91164908322, 0.088350916778, 0],
      [0, 0, 0.68715331597, 0.31284668403, 0],
      [0, 0, 0.73820921103, 0.26179078897, 0],
      [0, 0, 1, 0, 0],
      [0, 0, 0.98212178635, 0.017878213654, 0],
      [0, 0, 0.77966900262, 0.22033099738, 0],
      [0, 0, 0.89811594491, 0.10188405509, 0]
    ],
    [
      [0, 0.29329361342, 0.46924199937, 0.23746438721, 0],
      [2.2204460493e-16, 0.47715994124, 0.1731546453, 0.34968541346, 0],
      [0, 0.028530317221, 0.10419984299, 0.86726983979, 0],
      [8.3266726847e-17, 0.0030954735196, 0.92017148594, 0.076733040541, 0],
      [0, 0.13090660655, 0.80051254267, 0.068580850779, 0],
      [0, 0.088347978572, 0.41174825807, 0.49990376336, 0],
      [0, 0.11212593893, 0.58872774314, 0.29914631794, 0]
    ],
    [
      [0.17345288356, 0.45991722361, 0.26208344433, 0.10454644849, 0],
      [0.85387290358, 0.091148329017, 0.019422772782, 0.035555994618, 0],
      [0.087033407286, 0.044310275057, 0.117805725, 0.75085059265, 0],
      [0.044755206692, 0.0055328562041, 0.87857039367, 0.071141543437, 0],
      [0.012922963552, 0.20936424716, 0.71906413127, 0.058648658014, 0],
      [0.18284781934, 0.12581705404, 0.33431582027, 0.35701930636, 0],
      [0.29398851536, 0.13142081393, 0.39256117384, 0.18202949687, 0]
    ],
    [
      [0.066173078408, 0.61016741409, 0.22716769213, 0.095767448255, 0.00072436712226],
      [0.61640866371, 0.27390601173, 0.037267084215, 0.072068936761, 0.00034930358522],
      [0.027028688499, 0.095469127673, 0.11501946149, 0.76248272233, 0],
      [0.020357125703, 0.0089576044796, 0.89387201747, 0.076583148468, 0.00023010388365],
      [0.0049945074489, 0.28243922771, 0.61928836013, 0.053414130635, 0.039863774082],
      [0.078795766559, 0.19421602683, 0.32752436394, 0.3697502738, 0.029713568868],
      [0.12218505569, 0.19723050585, 0.37397077662, 0.18329315048, 0.12332051136]
    ],
    [
      [0, 0.75941745019, 0.12609148161, 0.11247289675, 0.002018171456],
      [5.0306980803e-17, 0.75254701975, 0.047745876177, 0.19743675259, 0.0022703514898],
      [6.9333477998e-33, 0.087528087793, 0, 0.91247191221, 0],
      [4.3911202732e-33, 0.03741643424, 0.72346193519, 0.23912163057, 0],
      [0, 0.39866871743, 0.40450170365, 0.072251217605, 0.12457836131],
      [0, 0.24183558676, 0.19529414124, 0.46822084738, 0.094649424615],
      [0, 0.21017752926, 0.19111492338, 0.19772493158, 0.40098261579]
    ],
    [
      [9.2081586135e-17, 0.80853027614, 0.077402424867, 0.11118123332, 0.0028860656738],
