{
  "X": [
    [141, 244, 652, 112],
    [150, 133, 565, 98],
    [61, 156, 423, 88],
    [41, 84, 168, 35],
    [122, 310, 719, 144],
    [34, 35, 97, 24],
    [118, 239, 446, 92],
    [9, 11, 15, 11],
    [7, 0, 21, 3],
    [4, 4, 7, 4],
    [156, 182, 280, 52],
    [115, 113, 180, 45],
    [121, 174, 135, 36],
    [6, 7, 29, 8],
    [51, 91, 123, 29],
    [288, 230, 961, 128],
    [111, 85, 522, 70],
    [156, 97, 547, 79],
    [282, 195, 882, 126],
    [4, 13, 11, 5],
    [53, 73, 106, 17],
    [37, 102, 130, 35],
    [115, 182, 196, 53],
    [246, 266, 539, 143],
    [18, 29, 94, 18],
    [124, 222, 599, 110],
    [17, 37, 150, 39],
    [38, 64, 228, 39],
    [2, 8, 7, 3],
    [1, 5, 28, 6],
    [46, 84, 211, 57],
    [5, 11, 45, 10],
    [299, 348, 549, 110],
    [489, 502, 1121, 203],
    [148, 117, 292, 81],
    [173, 143, 330, 89],
    [179, 152, 392, 103],
    [58, 122, 284, 55],
    [48, 84, 232, 59],
    [65, 142, 489, 78],
    [41, 86, 280, 45],
    [128, 251, 809, 134],
    [40, 69, 258, 36],
    [81, 103, 132, 34],
    [54, 25, 179, 43],
    [51, 36, 113, 24],
    [12, 33, 38, 5],
    [51, 46, 82, 14],
    [52, 36, 165, 56],
    [57, 67, 107, 31],
    [263, 236, 598, 125],
    [28, 41, 111, 14],
    [282, 410, 837, 151],
    [29, 58, 123, 31],
    [293, 407, 846, 335],
    [15, 35, 88, 37]
  ],
  "W": [
    [66, 44, 538, 255, 111, 59, 76],
    [36, 29, 485, 144, 111, 70, 71],
    [25, 21, 377, 154, 53, 48, 50],
    [22, 12, 136, 80, 33, 27, 18],
    [68, 51, 537, 325, 99, 136, 79],
    [15, 3, 74, 41, 22, 19, 16],
    [46, 27, 360, 213, 95, 87, 67],
    [2, 6, 13, 14, 7, 1, 3],
    [0, 1, 16, 4, 8, 1, 1],
    [1, 6, 5, 4, 2, 0, 1],
    [70, 29, 191, 216, 79, 39, 46],
    [39, 28, 144, 148, 47, 19, 28],
    [40, 13, 110, 197, 68, 22, 16],
    [2, 3, 23, 8, 4, 5, 5],
    [33, 9, 94, 87, 36, 18, 17],
    [64, 50, 788, 292, 184, 99, 130],
    [26, 29, 420, 124, 84, 44, 61],
    [38, 30, 475, 121, 92, 45, 78],
    [57, 49, 777, 222, 191, 65, 124],
    [1, 3, 10, 11, 2, 4, 2],
    [22, 6, 72, 81, 34, 26, 8],
    [34, 11, 107, 90, 33, 12, 17],
    [61, 43, 106, 208, 60, 43, 25],
    [41, 94, 380, 300, 168, 128, 83],
    [6, 7, 89, 22, 23, 6, 6],
    [62, 37, 477, 211, 112, 91, 65],
    [11, 11, 129, 28, 13, 25, 26],
    [18, 21, 182, 54, 46, 25, 23],
    [3, 1, 3, 8, 1, 3, 1],
    [2, 4, 20, 5, 2, 3, 4],
    [21, 18, 178, 82, 39, 42, 18],
    [1, 4, 38, 9, 6, 5, 8],
    [48, 59, 459, 400, 164, 97, 79],
    [94, 97, 958, 553, 289, 154, 170],
    [24, 37, 233, 138, 89, 51, 66],
    [20, 44, 303, 145, 113, 58, 52],
    [28, 36, 324, 170, 105, 84, 79],
    [19, 12, 232, 112, 54, 52, 38],
    [24, 16, 197, 90, 43, 25, 28],
    [45, 26, 417, 135, 51, 54, 46],
    [21, 14, 239, 81, 46, 27, 24],
    [66, 41, 631, 262, 122, 106, 94],
    [16, 11, 195, 71, 46, 38, 26],
    [34, 21, 100, 119, 33, 26, 17],
    [9, 34, 154, 29, 37, 9, 29],
    [20, 15, 90, 31, 30, 17, 21],
    [8, 6, 22, 39, 7, 3, 3],
    [11, 13, 70, 52, 25, 5, 17],
    [15, 42, 139, 43, 28, 14, 28],
    [21, 16, 77, 72, 27, 16, 33],
    [49, 72, 456, 282, 174, 102, 87],
    [4, 0, 105, 46, 30, 1, 8],
    [98, 79, 678, 421, 210, 79, 115],
    [16, 15, 97, 55, 29, 16, 13],
    [131, 170, 710, 413, 191, 121, 145],
    [11, 29, 70, 37, 9, 4, 15]
  ],
  "method": "mvn_cdf",
  "mvncdf_method": "genz",
  "mvncdf_samples": 5000,
  "mvncdf_error": 1e-06,
  "cond_prob": [
    [
      [0.04559985354, 0.46824879215, 0.34127845671, 0.14487289759],
      [0.24009894243, 5.3296565436e-10, 0.0042276110334, 0.755673446],
      [0.011243860294, 0.00067287259812, 0.92026065789, 0.067822609219],
      [0.18454731031, 0.71851460504, 0.096935216512, 2.8681459326e-06],
      [0.49410876583, 0.1364547482, 0.36148359712, 0.007952888852],
      [0.016694792988, 0.22962037814, 0.54024714975, 0.21343767912],
      [0.28100902542, 8.9730337637e-08, 0.48370094403, 0.23528994082]
    ],
    [
      [0.069667117993, 0.40986200808, 0.34416526732, 0.17630560661],
      [0.30741632628, 4.1350966585e-10, 0.0034170198038, 0.6891666535],
      [0.01598028083, 0.00060592542885, 0.90965568912, 0.073758104617],
      [0.27081686879, 0.6353888448, 0.093791099635, 3.1867738602e-06],
      [0.58475605714, 0.096410893024, 0.31142269388, 0.0074103559548],
      [0.024298951567, 0.21306013644, 0.51908914591, 0.24355176608],
      [0.35623669875, 7.0683125356e-08, 0.40767655817, 0.2360866724]
    ],
    [
      [0.031242084486, 0.50072899972, 0.28530798153, 0.18272093426],
      [0.17923063001, 5.1658349148e-10, 0.0032133458592, 0.81755602362],
      [0.0088665821495, 0.00086678917237, 0.88960695119, 0.10065967749],
      [0.14603443548, 0.7721876371, 0.081774350439, 3.5769787615e-06],
      [0.44832706154, 0.17783483843, 0.36249534214, 0.011342757886],
      [0.014103083304, 0.25918353732, 0.44346735059, 0.28324602879],
      [0.2152455669, 9.7709466343e-08, 0.47104321984, 0.31371111555]
    ],
    [
      [0.045697708063, 0.50753181551, 0.29522584943, 0.151544627],
      [0.24150859768, 5.8139617556e-10, 0.0033769912918, 0.75511441044],
      [0.012372512049, 0.00084853110955, 0.90853516175, 0.078243795087],
      [0.17341636137, 0.75156030326, 0.075020595272, 2.7400987706e-06],
      [0.50226895445, 0.15282377518, 0.33665165982, 0.0082556105521],
      [0.017538094656, 0.27544857853, 0.47082997038, 0.23618335644],
      [0.29016511038, 1.0678114664e-07, 0.4409770128, 0.26885777004]
    ],
    [
      [0.036998085972, 0.41329951413, 0.38654300539, 0.16315939451],
      [0.19506575855, 4.9036988209e-10, 0.0044529854804, 0.80048125548],
      [0.0082659909142, 0.0005725143093, 0.9250027001, 0.066158794672],
      [0.15704731357, 0.73091918053, 0.11202999242, 3.513469575e-06],
      [0.41468821666, 0.12663768502, 0.44939182228, 0.0092822760358],
      [0.012514891228, 0.20276655654, 0.54762764199, 0.23709091024],
      [0.21778923223, 8.451719127e-08, 0.51329468917, 0.26891599408]
    ],
    [
      [0.069105056489, 0.36414951751, 0.3401718787, 0.2265735473],
      [0.27938344348, 3.2342093351e-10, 0.0031199267115, 0.71749662949],
      [0.017314050329, 0.00045091423648, 0.87148781118, 0.11074722426],
      [0.28800714703, 0.61264312471, 0.099345024743, 4.7035201461e-06],
      [0.60251363575, 0.085626833472, 0.30191959488, 0.0099399359008],
      [0.023165798181, 0.16979779204, 0.48080552579, 0.32623088399],
      [0.31778719308, 5.3891851903e-08, 0.37645554876, 0.30575720427]
    ],
    [
      [0.044641398165, 0.5740836021, 0.25688240059, 0.12439259915],
      [0.27060281536, 7.1244860086e-10, 0.0033095752556, 0.72608760867],
      [0.014556991953, 0.0011681041884, 0.90210269084, 0.082172213014],
      [0.14752208206, 0.79306023308, 0.059415496238, 2.188619484e-06],
      [0.50745453913, 0.18179978536, 0.30302128964, 0.0077243858633],
      [0.018483339786, 0.32000008675, 0.44491830958, 0.21659826389],
      [0.32158224432, 1.3557503635e-07, 0.41761444944, 0.26080317067]
    ],
    [
      [0.048299866851, 0.33270698477, 0.21142058871, 0.40757255967],
      [0.094338496222, 1.3509883312e-10, 0.00093034847136, 0.90473115517],
      [0.013847261258, 0.00056039895479, 0.76251531123, 0.22307702856],
      [0.24447520359, 0.68422034528, 0.071295394858, 9.0562647305e-06],
      [0.61168853171, 0.10478321053, 0.26029243321, 0.023235824546],
      [0.01490724515, 0.13848788912, 0.29113712831, 0.55546773743],
      [0.22297968225, 4.6853690556e-08, 0.23193374952, 0.54508652137]
    ],
    [
      [0.054533643722, 0.042744767776, 0.63547046491, 0.26725112359],
      [0.14790218871, 2.501833943e-11, 0.0035303472309, 0.84856746404],
      [0.0070223739065, 4.5785841471e-05, 0.93359676181, 0.059335078442],
      [0.47704278569, 0.21652943073, 0.30641936176, 8.4218310687e-06],
      [0.48601642659, 0.013429791235, 0.49135188546, 0.009201896715],
      [0.013368776151, 0.015751014034, 0.68444821806, 0.28643199176],
      [0.20368125301, 7.5581525581e-09, 0.53118409856, 0.26513464087]
    ],
    [
      [0.039205638263, 0.55848751046, 0.33600624794, 0.066300603338],
      [0.33998835491, 7.0438794657e-10, 0.005196399545, 0.65481524484],
      [0.0072139745924, 0.00049270114897, 0.96743166191, 0.024861662352],
      [0.12378062013, 0.81130619229, 0.064912184723, 1.0028521638e-06],
      [0.4717816239, 0.13498249876, 0.38930997097, 0.003925906365],
      [0.014815741535, 0.25596685936, 0.62034251855, 0.10887488056],
      [0.271709627, 9.3441913779e-08, 0.59368795277, 0.13460232679]
    ],
    [
      [0.083459390769, 0.4744172663, 0.32531579243, 0.1168075505],
      [0.41483134482, 5.0670689853e-10, 0.0032748987347, 0.58189375594],
      [0.022799627911, 0.00070740516255, 0.91669714346, 0.059795823461],
      [0.28159909148, 0.63723013774, 0.081168634243, 2.136533093e-06],
      [0.6068181702, 0.093448093494, 0.294692436, 0.0050413003106],
      [0.031111254638, 0.24296838576, 0.5325915228, 0.1933288368],
      [0.43292370834, 7.2515416013e-08, 0.39406906073, 0.17300715841]
    ],
    [
      [0.10046964708, 0.44290305527, 0.30463480603, 0.15199249162],
      [0.40274324973, 3.7234458478e-10, 0.00268615347, 0.59457059643],
      [0.025128111028, 0.00068128394723, 0.89884995486, 0.075340650164],
      [0.35740511305, 0.57095562015, 0.071636629835, 2.6369607882e-06],
      [0.71335479818, 0.081542779854, 0.19965220343, 0.0054502185275],
      [0.039768798991, 0.23523347007, 0.4830567191, 0.24194101183],
      [0.46043321028, 6.2645111645e-08, 0.33999590776, 0.19957081932]
    ],
    [
      [0.084348289575, 0.53267517109, 0.23860656706, 0.14436997228],
      [0.34964702138, 5.9077044827e-10, 0.0022617992461, 0.64809117878],
      [0.028050830663, 0.0011730440213, 0.87743373752, 0.093342387799],
      [0.28039168253, 0.67757963833, 0.042026515683, 2.1634635999e-06],
      [0.69443037487, 0.12455690213, 0.1746319534, 0.0063807696049],
      [0.039995994699, 0.31580978426, 0.37669352559, 0.26750069545],
      [0.48584529969, 9.5406039783e-08, 0.29272768426, 0.22142692065]
    ],
    [
      [0.048497824601, 0.34936202319, 0.39030866477, 0.21183148744],
      [0.17809179939, 2.6138331208e-10, 0.0031009419031, 0.81880725845],
      [0.0094766039267, 0.00040064395683, 0.91047515668, 0.079647595434],
      [0.22257018589, 0.6619804034, 0.11544497628, 4.4344212957e-06],
      [0.50996000212, 0.089562955384, 0.3901794642, 0.010297578293],
      [0.015458414858, 0.15211869207, 0.54151626709, 0.29090662598],
      [0.24102893558, 5.373949155e-08, 0.4587956859, 0.30017532477]
    ],
    [
      [0.057021157331, 0.51935068859, 0.27822445142, 0.14540370266],
      [0.26629966238, 5.3308434866e-10, 0.0029626422347, 0.73073769485],
      [0.017564975733, 0.00095579151567, 0.8949341538, 0.086545078956],
      [0.2048744627, 0.73177751974, 0.063345393147, 2.6244097304e-06],
      [0.57558128767, 0.14135723644, 0.27534671827, 0.0077147576211],
      [0.02230281956, 0.29089879284, 0.43419201303, 0.25260637458],
      [0.34268715141, 1.0467876014e-07, 0.39608343192, 0.26122931198]
    ],
    [
      [0.083558027227, 0.37638086916, 0.39488008412, 0.1451810195],
      [0.37102076235, 4.0128835351e-10, 0.0041340173266, 0.62484521992],
      [0.015811415665, 0.00046401380386, 0.92516699402, 0.058557576516],
      [0.3001571689, 0.59326115326, 0.1065787786, 2.8992435481e-06],
      [0.59174339079, 0.088768309233, 0.31407719419, 0.0054111057873],
      [0.02790945278, 0.18167897009, 0.60418569016, 0.18622588697],
      [0.39285956212, 6.1616184475e-08, 0.42037802232, 0.18676235395]
    ],
    [
      [0.069690829441, 0.29230761474, 0.48015345387, 0.15784810195],
      [0.29130944777, 3.247588337e-10, 0.0060716293103, 0.70261892259],
      [0.009872698181, 0.00031310679682, 0.93461463127, 0.055199563753],
      [0.29296558865, 0.54341749327, 0.16361296721, 3.9508750505e-06],
      [0.49905641667, 0.067195066532, 0.42707241183, 0.0066761049679],
      [0.017917092274, 0.12879415735, 0.6367894131, 0.21649933728],
      [0.27813104657, 4.1880978467e-08, 0.51458805125, 0.2072808603]
    ],
    [
      [0.090283363106, 0.37199682891, 0.38520918824, 0.15251061974],
      [0.38192117121, 3.6369455855e-10, 0.0038053192251, 0.6142735092],
      [0.019610481, 0.0005088849849, 0.91718206624, 0.062698567772],
      [0.33779892688, 0.5584607771, 0.10373738465, 2.9113663467e-06],
      [0.63509674374, 0.069300244369, 0.29028549855, 0.0053175133346],
      [0.029577589285, 0.17785943509, 0.5752960561, 0.21726691953],
      [0.39332085699, 5.4139027867e-08, 0.41169031079, 0.19498877809]
    ],
    [
      [0.080441187154, 0.42947977991, 0.34512318757, 0.14495584537],
      [0.38041162199, 4.4386244851e-10, 0.003458572767, 0.6161298048],
      [0.021062830276, 0.0006913799852, 0.91170415994, 0.0665416298],
      [0.31228946039, 0.60269133296, 0.085016811205, 2.3954436221e-06],
      [0.64151519572, 0.094890726115, 0.25821379182, 0.0053802863403],
      [0.032883098352, 0.221721991, 0.51905288771, 0.22634202293],
      [0.41868015158, 7.2874101688e-08, 0.38877893701, 0.19254083854]
    ],
    [
      [0.035095505119, 0.74496470903, 0.12664140312, 0.093298382737],
      [0.24297569163, 9.6750401682e-10, 0.0019683428316, 0.75505596457],
      [0.018008644368, 0.0021188907646, 0.88055420172, 0.099318263149],
      [0.10090207189, 0.87443988943, 0.024656771147, 1.2675294881e-06],
      [0.5444483476, 0.26267391573, 0.1861589105, 0.0067188261717],
      [0.017344978413, 0.49413317757, 0.28133918869, 0.20718265533],
      [0.37394033036, 2.2409596241e-07, 0.3284578706, 0.29760157495]
    ],
    [
      [0.078757924828, 0.47579069422, 0.33116168652, 0.11428969443],
      [0.39708691507, 5.2501788402e-10, 0.0036628871441, 0.59925019726],
      [0.019331483569, 0.00073039503235, 0.92143616029, 0.058501961112],
      [0.27456526905, 0.6471981185, 0.078234553176, 2.0592761111e-06],
      [0.63064416499, 0.10104266609, 0.26343192471, 0.0048812442063],
      [0.029920977808, 0.25663372068, 0.53169729962, 0.18174800189],
      [0.41188387958, 8.3133106672e-08, 0.40704599458, 0.18107004271]
    ],
    [
      [0.038408433648, 0.59349468873, 0.20347708615, 0.16461979147],
      [0.199581979, 5.3404376619e-10, 0.0023277716518, 0.79809024881],
      [0.013501664124, 0.0012167337461, 0.86044826496, 0.12483333717],
      [0.15984185169, 0.78380400216, 0.056350724303, 3.4218443665e-06],
      [0.46821621674, 0.17803452681, 0.34288834953, 0.010860906914],
      [0.016898052597, 0.33912838944, 0.37746737276, 0.2665061852],
      [0.26766142687, 1.3939802962e-07, 0.38586982787, 0.34646860586]
    ],
    [
      [0.064740807714, 0.45069705197, 0.37429676388, 0.11026537644],
      [0.3541924923, 5.4727944968e-10, 0.0048377424556, 0.64096976469],
      [0.015405713902, 0.00062295974696, 0.9306310004, 0.053340325954],
      [0.24895804984, 0.6498878135, 0.10115179853, 2.3381268002e-06],
      [0.57648021979, 0.10123116059, 0.31746335665, 0.0048252629669],
      [0.023235563917, 0.22969288481, 0.56637232831, 0.18069922296],
      [0.32701472758, 8.6399380634e-08, 0.49129980063, 0.18168538539]
    ],
    [
      [0.068187145032, 0.4477560684, 0.33730816087, 0.1467486257],
      [0.32249830527, 4.9216349272e-10, 0.0035587815377, 0.6739429127],
      [0.016311584398, 0.00068589462788, 0.91443539588, 0.068567125094],
      [0.24618704171, 0.6705117378, 0.083298552361, 2.6681216441e-06],
      [0.5853492485, 0.1072380921, 0.30100354147, 0.0064091179296],
      [0.024726967421, 0.2369060865, 0.51770965936, 0.22065728671],
      [0.35876181738, 8.0422636634e-08, 0.42002633608, 0.22121176611]
    ],
    [
      [0.035040740659, 0.6056263309, 0.2263865754, 0.13294635305],
      [0.21662908705, 7.7544815725e-10, 0.0030002229057, 0.78037068927],
      [0.013831809901, 0.0013831173905, 0.88480212013, 0.099982952575],
      [0.1194925568, 0.83428451948, 0.046220659557, 2.2641629545e-06],
      [0.47015195032, 0.20434913141, 0.31641425055, 0.009084667729],
      [0.014032282289, 0.35371480526, 0.40078955971, 0.23146335274],
      [0.28471503707, 1.5479523191e-07, 0.41686017987, 0.29842462826]
    ],
    [
      [0.044730351915, 0.46741003205, 0.33427165858, 0.15358795745],
      [0.23552365509, 5.4546456456e-10, 0.0039945603352, 0.76048178403],
      [0.010921738132, 0.00069210198438, 0.9188804175, 0.069505742384],
      [0.17532589539, 0.73317048465, 0.09150067376, 2.9461996497e-06],
      [0.47738249192, 0.1367559708, 0.37765914913, 0.0082023881497],
      [0.016354158526, 0.24162308318, 0.51558651401, 0.22643624428],
      [0.2607513687, 9.4139938976e-08, 0.48140171368, 0.25784682348]
    ],
    [
      [0.030454958704, 0.48030305994, 0.30774554426, 0.1814964371],
      [0.15457356079, 5.1031154207e-10, 0.0031915964183, 0.84223484228],
      [0.010463557453, 0.00081389238655, 0.87874006453, 0.10998248563],
      [0.12673596005, 0.79423179363, 0.079028924444, 3.3218818744e-06],
      [0.44167213057, 0.18622461494, 0.35980588346, 0.01229737103],
      [0.010579003451, 0.24582412322, 0.46738415552, 0.27621271781],
      [0.21454195531, 1.1431700598e-07, 0.45390684747, 0.3315510829]
    ],
    [
      [0.041844563741, 0.47717672711, 0.36025597622, 0.12072273293],
      [0.2055252947, 5.9530911081e-10, 0.004391264277, 0.79008344043],
      [0.0078733699139, 0.00072802253456, 0.94007795077, 0.051320656777],
      [0.15707995939, 0.73908208769, 0.10383516587, 2.787054107e-06],
      [0.39445396638, 0.15594639121, 0.44285455858, 0.0067450838291],
      [0.014042768461, 0.23233106167, 0.53876217313, 0.21486399674],
      [0.2505464134, 9.4292173219e-08, 0.49391891815, 0.25553457416]
    ],
    [
      [0.033046004276, 0.43754178986, 0.35132604304, 0.17808616282],
      [0.11783593954, 3.2394699056e-10, 0.002732762716, 0.87943129742],
      [0.0065383729129, 0.00051217706803, 0.92473286515, 0.068216584866],
      [0.14121781912, 0.76681039224, 0.091968521257, 3.267380104e-06],
      [0.43507320884, 0.13450036298, 0.42047140558, 0.0099550225954],
      [0.010940059772, 0.19924885072, 0.52536230802, 0.26444878148],
      [0.19037321202, 7.8024400367e-08, 0.49824171882, 0.31138499114]
    ],
    [
      [0.018519414766, 0.29149161257, 0.56835585427, 0.12163311839],
      [0.1125789611, 3.8001535899e-10, 0.0078092094293, 0.87961182909],
      [0.0025154153028, 0.00023534894677, 0.96357016836, 0.03367906739],
      [0.098840140264, 0.70922999545, 0.19192766563, 2.1986522864e-06],
      [0.21991524073, 0.087904096439, 0.68504332285, 0.0071373399886],
      [0.005235097317, 0.11609434465, 0.72660658182, 0.15206397621],
      [0.095066520726, 4.60255026e-08, 0.72169371279, 0.18323972046]
    ],
    [
      [0.051433236357, 0.41797716628, 0.29851753833, 0.23207205903],
      [0.2071943801, 4.3059112191e-10, 0.0025353112774, 0.79027030819],
      [0.015081584293, 0.00081166273889, 0.85954075826, 0.12456599471],
      [0.18457413325, 0.74190683305, 0.073515381624, 3.6520819421e-06],
      [0.49482187829, 0.14251693455, 0.3487956683, 0.013865518862],
      [0.015287854848, 0.26494286884, 0.42573920566, 0.29403007064],
      [0.27087367136, 8.6607169017e-08, 0.42102488692, 0.30810135511]
    ],
    [
      [0.026009992609, 0.5592821092, 0.28367633163, 0.13103156656],
      [0.15947041329, 6.6670264012e-10, 0.0038521644166, 0.83667742163],
      [0.0071502402153, 0.00085934487813, 0.92178503268, 0.070205382225],
      [0.09351514346, 0.83892497464, 0.067557657097, 2.2248004708e-06],
      [0.38225132258, 0.19779129392, 0.41064222863, 0.0093151548687],
      [0.010299918974, 0.29310908739, 0.47751313318, 0.21907786045],
      [0.19878196157, 1.2432838331e-07, 0.51510349758, 0.28611441652]
    ],
    [
      [0.093654021077, 0.52686592929, 0.26426133072, 0.11521871891],
      [0.4151211269, 5.6775239528e-10, 0.002777697452, 0.58210117508],
      [0.02491367838, 0.0010812497341, 0.90341061832, 0.070594453568],
      [0.27788109737, 0.66658301721, 0.055533970222, 1.9151945578e-06],
      [0.66935941831, 0.12177701959, 0.20372915595, 0.0051344061504],
      [0.035040650212, 0.29349246593, 0.4671887363, 0.20427814755],
      [0.46099833919, 1.0218847571e-07, 0.34208077586, 0.19692078276]
    ],
    [
      [0.088460357773, 0.49580359874, 0.29249313116, 0.12324291233],
      [0.4069746762, 5.8683473912e-10, 0.0032022758884, 0.58982304733],
      [0.025639616663, 0.00094981770056, 0.90209662316, 0.071313942474],
      [0.26489620416, 0.67087416208, 0.06422776097, 1.8727909756e-06],
      [0.65655837687, 0.11247478944, 0.22584661425, 0.0051202194341],
      [0.033829564264, 0.29842120517, 0.45240005847, 0.21534917209],
      [0.46501613924, 9.945905083e-08, 0.34172496934, 0.19325879196]
    ],
    [
      [0.085879056854, 0.42353897766, 0.29861451966, 0.19196744583],
      [0.29896214272, 3.4156474921e-10, 0.0024060459799, 0.69863181096],
      [0.021641523709, 0.00077287956035, 0.88873138852, 0.088854208208],
      [0.29281463802, 0.63265077977, 0.074531305042, 3.2771649901e-06],
      [0.64743007315, 0.097626965466, 0.2471687102, 0.0077742511796],
      [0.029546230921, 0.22326671296, 0.47917506592, 0.2680119902],
      [0.40494978028, 6.8117108406e-08, 0.33762198083, 0.25742817078]
    ],
    [
      [0.085820377776, 0.54235896645, 0.21594589533, 0.15587476044],
      [0.37347131304, 5.3107299067e-10, 0.0022133336293, 0.6243153528],
      [0.026913786791, 0.0011654642153, 0.87093870674, 0.10098204225],
      [0.26308255123, 0.68858303969, 0.048331916853, 2.4922294719e-06],
      [0.72059745127, 0.10309822893, 0.16996996999, 0.0063343498125],
      [0.038556810819, 0.29675716463, 0.39046060318, 0.27422542138],
      [0.46175935042, 1.0573337699e-07, 0.31128380229, 0.22695674155]
    ],
    [
      [0.080566695618, 0.46853891154, 0.26183849303, 0.18905589981],
      [0.32579369488, 4.0541091102e-10, 0.002659646665, 0.67154665805],
      [0.022785091028, 0.0007986114865, 0.8851155521, 0.091300745384],
      [0.29928215112, 0.62087878073, 0.079835963343, 3.1048075469e-06],
      [0.65321767747, 0.10979280613, 0.22929021804, 0.0076992983658],
      [0.036102450936, 0.26324535416, 0.42005323404, 0.28059896087],
      [0.44670522298, 8.4936544149e-08, 0.29467735906, 0.25861733303]
    ],
    [
      [0.038676265062, 0.53474164175, 0.27745335917, 0.14912873402],
      [0.21461019877, 6.4292489823e-10, 0.0032593287443, 0.78213047184],
      [0.011545305615, 0.00094006285697, 0.90428688281, 0.083227748722],
      [0.15101014048, 0.77566987181, 0.073317273074, 2.7146376778e-06],
      [0.48046068563, 0.17387232633, 0.33666287102, 0.0090041170156],
      [0.015425266742, 0.28386569995, 0.46194416529, 0.23876486802],
      [0.26692511784, 1.1788955188e-07, 0.44805685584, 0.28501790843]
    ],
    [
      [0.04269361588, 0.39934442296, 0.30499858038, 0.25296338078],
      [0.13872547228, 2.4299988566e-10, 0.0029642982246, 0.85831022925],
      [0.010649219085, 0.00068485668722, 0.87646238147, 0.11220354276],
      [0.1866374176, 0.7435936062, 0.069764832982, 4.1432173143e-06],
      [0.38636121322, 0.1085571314, 0.48760269536, 0.017478960013],
      [0.011307367233, 0.1440480896, 0.49804134594, 0.34660319723],
      [0.18148828725, 6.0938606401e-08, 0.45353440663, 0.36497724518]
    ],
    [
      [0.039494446232, 0.46336815185, 0.35488518909, 0.14225221282],
      [0.23196796591, 6.0581015254e-10, 0.004606562363, 0.76342547112],
      [0.0087621833958, 0.00066215734261, 0.92644063496, 0.064135024305],
      [0.16057771417, 0.73946788068, 0.099951487722, 2.9174289774e-06],
      [0.45105356413, 0.1464046071, 0.39444716246, 0.0080946663102],
      [0.014362665663, 0.22476376765, 0.54656758068, 0.214305986],
      [0.24029383218, 9.0609433198e-08, 0.51977009312, 0.23993598409]
    ],
    [
      [0.03661672434, 0.47000521977, 0.34025963961, 0.15311841627],
      [0.19641619494, 5.6310938569e-10, 0.004083959208, 0.79949984529],
      [0.0088354390026, 0.00070080605285, 0.9198438195, 0.070619935449],
      [0.14812915509, 0.75652990748, 0.095338023813, 2.9136159205e-06],
      [0.42885482388, 0.14977689771, 0.41217083351, 0.0091974448993],
      [0.012733579598, 0.23549214782, 0.5203727324, 0.23140154019],
      [0.22428337786, 9.9076580572e-08, 0.50188457101, 0.27383195205]
    ],
    [
      [0.039480587313, 0.40548999868, 0.39797054619, 0.15705886782],
      [0.21734155243, 4.745181724e-10, 0.0048707121344, 0.77778773496],
      [0.0078562061577, 0.00055537537367, 0.92572404812, 0.065864370347],
      [0.17558888294, 0.69582824338, 0.12857936579, 3.5078901872e-06],
      [0.42823278704, 0.11585012068, 0.44716336184, 0.0087537304442],
      [0.012570286588, 0.19794205063, 0.56533409323, 0.22415356956],
      [0.21189191416, 7.7901190255e-08, 0.53436723925, 0.25374076869]
    ],
    [
      [0.037798095531, 0.3897405068, 0.43429961844, 0.13816177923],
      [0.19989705076, 4.1141586589e-10, 0.0048940608921, 0.79520888793],
      [0.0065879367072, 0.0004243443888, 0.94392732158, 0.049060397323],
      [0.17822998909, 0.70144018157, 0.12032622589, 3.603452959e-06],
      [0.42538251409, 0.12062878051, 0.44641438152, 0.0075743238699],
      [0.013093273926, 0.18824368324, 0.59153278139, 0.20713026145],
      [0.2176579067, 7.3902357982e-08, 0.56833557683, 0.21400644257]
    ],
    [
      [0.089451364652, 0.49643380623, 0.27861758393, 0.13549724519],
      [0.41678428053, 4.7666077552e-10, 0.0027120237474, 0.58050369525],
      [0.02527719818, 0.00086001290429, 0.89834375475, 0.075519034169],
      [0.30052062518, 0.6350453836, 0.064431713386, 2.2778291612e-06],
      [0.68213202954, 0.098933238774, 0.21366007727, 0.0052746544158],
      [0.035266087517, 0.26832303082, 0.47323378559, 0.22317709607],
      [0.47306859947, 8.5617227497e-08, 0.33351926192, 0.19341205299]
    ],
    [
      [0.071501113376, 0.36472242582, 0.39888528904, 0.16489117176],
      [0.31419590335, 3.4664905896e-10, 0.0038031832085, 0.6820009131],
      [0.014950847471, 0.00046967039847, 0.92322279426, 0.061356687866],
      [0.29333367879, 0.5962873565, 0.11037574556, 3.2191503675e-06],
      [0.5755834896, 0.078517642408, 0.33918522761, 0.0067136403801],
      [0.024736056546, 0.17929019675, 0.56776867413, 0.22820507258],
      [0.33803139439, 5.6906047744e-08, 0.44856108813, 0.21340746058]
    ],
    [
      [0.090816123431, 0.48063978126, 0.30823913165, 0.12030496366],
      [0.44136789303, 4.5015702044e-10, 0.0030937824691, 0.55553832405],
      [0.027216768238, 0.00082816621383, 0.90602046297, 0.065934602582],
      [0.30546134971, 0.62528767345, 0.06924903599, 1.9408576635e-06],
      [0.68915555219, 0.087774453028, 0.21835096511, 0.0047190296723],
      [0.036170609988, 0.25062281765, 0.50720076515, 0.20600580722],
      [0.45156831358, 8.4866916779e-08, 0.36048687127, 0.18794473029]
    ],
    [
      [0.038311998919, 0.41511753985, 0.47436996312, 0.072200498111],
      [0.41567130518, 9.57657449e-10, 0.011128125249, 0.57320056861],
      [0.006243782219, 0.00045216780813, 0.96743572007, 0.025868329902],
      [0.15796013544, 0.71020349884, 0.13183489859, 1.4671295427e-06],
      [0.38583287582, 0.11599388763, 0.49429233131, 0.0038809052312],
      [0.012511424066, 0.19436563512, 0.68727039599, 0.10585254483],
      [0.19207025791, 8.1795337457e-08, 0.68018625959, 0.1277434007]
    ],
    [
      [0.10497821166, 0.56134108126, 0.23885837977, 0.094822327313],
      [0.53028752138, 5.9571580901e-10, 0.0031795288815, 0.46653294914],
      [0.031310485227, 0.0011985159109, 0.9143991746, 0.053091824265],
      [0.29712718158, 0.65289835864, 0.049973331175, 1.1286115812e-06],
      [0.70507553696, 0.10794214336, 0.18328299539, 0.0036993242827],
      [0.038101626178, 0.32022719295, 0.49027473717, 0.1513964437],
      [0.56629400787, 8.2259814992e-08, 0.29726072048, 0.13644518939]
    ],
    [
      [0.0680100672, 0.36522948568, 0.37264573404, 0.19411471308],
      [0.27153843229, 3.0100544112e-10, 0.0031761893965, 0.72528537801],
      [0.014593480848, 0.00047577695124, 0.90395787538, 0.080972866821],
      [0.29595538749, 0.59043102031, 0.11360950309, 4.0891054257e-06],
      [0.57828780215, 0.083402435089, 0.32985000306, 0.0084597597027],
      [0.021727689777, 0.16387540704, 0.55909865654, 0.25529824664],
      [0.31706201396, 5.4355097842e-08, 0.42582943508, 0.2571084966]
    ],
    [
      [0.072299906684, 0.50094895285, 0.27988970954, 0.14686143092],
      [0.33857938849, 5.1392536052e-10, 0.0030590121046, 0.65836159889],
      [0.019869297302, 0.00085124985846, 0.90278392291, 0.076495529925],
      [0.25018004294, 0.68159500895, 0.068222461405, 2.4867113608e-06],
      [0.62227092321, 0.1171736079, 0.25426061629, 0.0062948526051],
      [0.027259698538, 0.26795750216, 0.47016683383, 0.23461596548],
      [0.39852625077, 9.2135035718e-08, 0.37587146521, 0.22560219188]
    ],
    [
      [0.077492796236, 0.42828774842, 0.34553634754, 0.1486831078],
      [0.37194932518, 4.5250632291e-10, 0.0035933250432, 0.62445734933],
      [0.018438513005, 0.0006301404545, 0.91474517682, 0.066186169722],
      [0.29031720364, 0.62371843185, 0.085961671479, 2.693036946e-06],
      [0.61418930175, 0.094371932722, 0.28556784715, 0.0058709183766],
      [0.027871135606, 0.22122597645, 0.52876337036, 0.22213951759],
      [0.39216611388, 7.2463716124e-08, 0.40042275977, 0.20741105388]
    ],
    [
      [0.047577778049, 0.49388654961, 0.27905031395, 0.17948535839],
      [0.20769170163, 4.6623733003e-10, 0.0027497602964, 0.78955853761],
      [0.013246540332, 0.00084318322348, 0.88941799472, 0.096492281722],
      [0.17995493041, 0.74807727096, 0.071964565133, 3.2335055176e-06],
      [0.53109053039, 0.14574016411, 0.31329062421, 0.0098786812891],
      [0.01760898987, 0.25697537875, 0.44212085457, 0.28329477682],
      [0.28626990817, 9.7888025665e-08, 0.4032432613, 0.31048673265]
    ],
    [
      [0.056908168194, 0.50928746463, 0.3150471774, 0.11875718978],
      [0.35475727937, 7.624651311e-10, 0.0037674968712, 0.64147522299],
      [0.01522712759, 0.00089027402761, 0.92592677843, 0.05795581995],
      [0.18030396658, 0.7440549573, 0.075638877765, 2.1983566824e-06],
      [0.55279784369, 0.13536713614, 0.30522845745, 0.0066065627215],
      [0.020290258191, 0.2826886584, 0.49960986696, 0.19741121645],
      [0.34835767496, 1.1147576348e-07, 0.4283959105, 0.22324630306]
    ],
    [
      [0.039722799302, 0.48454610057, 0.31573281122, 0.1599982889],
      [0.19974899491, 5.3418686922e-10, 0.0035931176083, 0.79665788694],
      [0.010074373722, 0.00077190760736, 0.90867429064, 0.080479428026],
      [0.16516946092, 0.74748312261, 0.087344086094, 3.3303778727e-06],
      [0.46669654919, 0.1490705191, 0.37448977398, 0.0097431577342],
      [0.014711645428, 0.25029958639, 0.47842514669, 0.25656362149],
      [0.23992936351, 9.9515910961e-08, 0.46698505412, 0.29308548286]
    ],
    [
      [0.056727235209, 0.42730641999, 0.27605982127, 0.23990652353],
      [0.20941680952, 3.0622209274e-10, 0.0020860943217, 0.78849709585],
      [0.018143016337, 0.00086924867823, 0.85619118787, 0.12479654712],
      [0.23578614982, 0.68434210538, 0.079867756526, 3.9882644167e-06],
      [0.57604915262, 0.12823343527, 0.28443630223, 0.011281109887],
      [0.017995561523, 0.25390421203, 0.42673263212, 0.30136759433],
      [0.28528451473, 1.0246055046e-07, 0.36811542415, 0.34659995866]
    ],
    [
      [0.032713683701, 0.41814485154, 0.3827008974, 0.16644056736],
      [0.16635519182, 4.7742035845e-10, 0.0044069371733, 0.82923787053],
      [0.0068469324943, 0.0005413804457, 0.92637022515, 0.066241461912],
      [0.13830065401, 0.74624682, 0.11544899917, 3.526812524e-06],
      [0.38475872886, 0.13549628455, 0.46960373473, 0.010141251853],
      [0.010910629775, 0.20007211924, 0.54613867446, 0.24287857653],
      [0.18622938452, 8.0222070023e-08, 0.53650637195, 0.2772641633]
    ]
  ],
  "expected_outcome": [
    [
      [3.0095903336, 2.5080162478, 0.78105211216, 1.0053495774, 2.5158698461, 1.0365758473, 2.0535043156, 0.096599733702, 0, 0.039205638263, 5.8421573538, 3.9183162359, 3.373931583, 0.096995649202, 1.8816981919, 5.3477137426, 1.8119615655, 3.430767798, 4.5851476678, 0.035095505119, 1.7326743462, 1.305886744, 3.9491892706, 2.7956729463, 0.21024444395, 2.7732818187, 0.33500454574, 0.75320214735, 0.099138012828, 0.037038829531, 1.0800979635, 0.026009992609, 4.4953930117, 8.3152736306, 2.0610973645, 1.7164075555, 2.2558674773, 0.73484903617, 1.0246467811, 1.7772500804, 0.76895121113, 2.6057187627, 0.60476952849, 3.0413463982, 0.64351002038, 1.8163224686, 0.30649599136, 1.1547603283, 1.020151008, 1.5182980404, 3.7971470155, 0.1903111122, 5.5770004831, 0.63556478883, 7.4312678124, 0.35985052071],
      [30.9044202821, 14.7550322908, 12.5182249931, 11.1656999412, 28.1043669608, 5.4622427627, 26.4078456965, 0.66541396954, 0, 0.55848751046, 33.2092086409, 17.2732191555, 21.3070068435, 0.69872404638, 17.1385727235, 24.088375626, 7.5999979833, 14.1358794986, 24.4803474547, 0.74496470903, 10.4673952728, 20.1788194169, 27.4925201702, 18.3579988043, 3.6337579854, 28.9794219873, 5.2833336593, 8.5891810879, 1.3126253696, 0.58298322515, 8.777520492, 0.5592821092, 25.289564606, 46.605538282, 10.1649354637, 10.847179329, 13.1190895231, 10.1600911932, 9.5842661511, 20.8515668334, 9.8701096153, 26.7623399126, 6.2358481088, 16.878749412, 3.2825018324, 9.6127956251, 3.3209403188, 6.1747518938, 5.4784422852, 10.51992801, 20.9860996726, 1.9755461984, 49.9101715333, 7.7527376092, 55.9771410188, 4.5995933669],
      [22.5243781432, 12.3899496236, 7.1326995383, 6.4949686874, 26.2849243663, 5.1025781805, 11.816590427, 0.42284117742, 0, 0.33600624794, 22.7721054704, 11.8807574353, 9.5442626823, 0.78061732954, 9.1814068967, 25.2723253836, 12.4839898006, 14.6379491531, 19.6720216913, 0.12664140312, 7.2855571035, 6.9182209291, 22.8321025965, 13.8296345955, 1.3583194524, 20.7248428323, 3.3852009868, 6.484607572, 1.0539781291, 1.1367117085, 6.268868305, 0.28367633163, 12.6845438748, 27.4943543286, 7.1667484718, 4.3189179066, 7.3314778048, 5.2716138242, 7.319965929, 15.9698335091, 7.1454524319, 26.2660560488, 6.948793895, 9.4729978535, 3.5899676014, 6.164782633, 3.794959705, 2.6274421775, 5.5896860106, 5.8776839004, 16.9312810295, 1.1162012558, 30.8746233851, 5.0517249795, 36.1638365867, 4.2097098714],
      [9.5616112411, 6.3470018378, 4.5680233565, 3.3339817941, 11.0948388268, 3.3986032095, 5.7220595609, 0.81514511934, 0, 0.066300603338, 8.1765285349, 5.9277071732, 5.7747988913, 0.42366297488, 4.7983221878, 9.2915852478, 4.1040506507, 5.7954035503, 8.2624831862, 0.093298382737, 2.5143732776, 5.59707291, 6.7261879627, 6.0166936538, 0.79767811829, 9.5224533617, 1.9964608081, 2.1730091927, 0.53425848846, 0.24326623677, 4.8735132395, 0.13103156656, 5.5304985075, 11.5848337588, 4.6072187, 3.1174952088, 5.2935651948, 2.8334459465, 6.0711211388, 6.401349577, 3.2154867417, 10.365885276, 2.2105884677, 4.6069063364, 1.4840205458, 2.4060992732, 0.57760398489, 1.0430456004, 2.9117206962, 3.0840900493, 7.2854722824, 0.71794143358, 11.6382045986, 2.5599726225, 31.4277545822, 1.8308462409]
    ],
    [
      [10.564353467, 8.9150734622, 3.7638432302, 2.8981031722, 9.9483536861, 0.83815033043, 7.3062760148, 0.56603097733, 0.14790218871, 2.0399301295, 12.0301089999, 11.2768109924, 4.545411278, 0.53427539816, 2.3966969614, 18.5510381174, 8.4479739854, 11.4576351364, 18.6401694776, 0.7289270749, 2.3825214904, 2.195401769, 15.2302771691, 30.314840695, 1.5164036093, 8.7143752382, 1.7003091687, 4.3160311886, 0.11783593954, 0.4503158444, 3.7294988419, 0.63788165315, 24.4921464873, 39.4765435913, 11.0615992806, 16.4327377736, 11.7285730157, 2.5753223853, 2.2196075564, 6.0311671137, 2.7498267291, 8.9110036498, 2.1988675584, 8.752469891, 10.6826607137, 6.6205183955, 2.4940278311, 6.893737778, 11.4046141563, 5.4172702159, 26.7803514128, 0, 28.0258250704, 2.9962349237, 35.6008576182, 4.8243005627],
      [2.3450488792e-08, 1.199178031e-08, 1.0848253321e-08, 6.9767541068e-09, 2.5008863987e-08, 9.7026280053e-10, 1.9236112223e-08, 8.1059299871e-10, 2.501833943e-11, 4.2263276794e-09, 1.4694500057e-08, 1.0425648374e-08, 7.6800158275e-09, 7.8414993623e-10, 4.7977591379e-09, 2.0064417676e-08, 9.4180061773e-09, 1.0910836756e-08, 2.1749259977e-08, 2.9025120504e-09, 3.1501073041e-09, 5.8744814281e-09, 2.3533016336e-08, 4.6263368315e-08, 5.4281371008e-09, 2.0182188889e-08, 5.6134269627e-09, 1.2501491327e-08, 3.2394699056e-10, 1.520061436e-09, 7.7506401944e-09, 2.6668105605e-09, 3.3497391322e-08, 5.6922969695e-08, 1.2637895721e-08, 2.3367211589e-08, 1.4594792797e-08, 7.7150987788e-09, 3.8879981705e-09, 1.5751063966e-08, 7.8835313997e-09, 1.9455245068e-08, 4.5255745248e-09, 1.0009876286e-08, 1.1786068005e-08, 6.7523553066e-09, 5.745944694e-09, 7.7443055172e-09, 1.2642228527e-08, 8.2228057683e-09, 3.258045525e-08, 0, 6.0234745357e-08, 8.0128030383e-09, 5.2057755765e-08, 1.3845190395e-08],
      [0.18601488547, 0.099093574311, 0.067480263042, 0.040523895502, 0.2271022595, 0.0093597801346, 0.089358531901, 0.0055820908281, 0.0035303472309, 0.03117839727, 0.094972063306, 0.07521229716, 0.0294033902, 0.0093028257092, 0.026663780112, 0.20670086633, 0.17607725, 0.11415957675, 0.16947006558, 0.0059050284949, 0.021977322865, 0.02560548817, 0.20802292559, 0.33452546454, 0.02100156034, 0.1477987324, 0.035107560601, 0.092216549817, 0.002732762716, 0.031236837717, 0.045635602993, 0.015408657666, 0.16388414967, 0.31062076118, 0.089023701258, 0.097386679691, 0.095747279939, 0.039111944931, 0.047428771593, 0.11977062144, 0.057175428912, 0.19969919751, 0.053834669813, 0.056952498695, 0.12930822909, 0.046406737036, 0.066768751495, 0.041333875459, 0.13339995465, 0.048944193673, 0.25871940311, 0, 0.29763225282, 0.053896764124, 0.35463603469, 0.12780117803],
      [33.2496316241, 19.9858329515, 17.1686764959, 9.0613729253, 40.8245440294, 2.1524898885, 19.6043654341, 5.428386931, 0.84856746404, 3.928891469, 16.8749189221, 16.6479767, 8.4251853241, 2.4564217753, 6.5766392536, 31.2422609962, 20.3759487551, 18.4282052759, 30.1903604351, 2.2651678937, 3.5955011836, 8.7789927369, 27.5616998818, 63.3506337942, 5.4625948249, 28.1378260092, 9.2645832651, 16.5917522491, 0.87943129742, 3.5184473164, 14.2248655474, 3.3467096865, 34.3439693296, 57.2128355906, 25.8493770055, 27.4698755234, 24.1756796897, 9.3855656621, 13.7329636681, 19.8490622491, 11.1929978341, 31.8892971332, 8.7472977673, 12.1905776003, 23.1880310454, 8.3330748608, 3.4392034117, 6.0649283388, 30.4619858764, 10.5337855822, 44.9609291515, 0, 50.6765426165, 11.9498683041, 134.044506295, 24.0478982454]
    ],
    [
      [6.0491968379, 7.7504362024, 3.3427014704, 1.6826616387, 4.4388371209, 1.2812397243, 5.2405171031, 0.18001439635, 0.1123579825, 0.036069872962, 4.3547289311, 3.618447988, 3.0855913729, 0.21796189031, 1.6511077189, 12.4593955438, 4.146533236, 9.3149784752, 16.3658191248, 0.18008644368, 1.391866817, 1.4446780613, 1.6330056737, 6.1984020714, 1.2310310812, 5.2096690891, 1.3497989114, 1.4329533243, 0.019615118739, 0.050308306056, 2.6845220041, 0.27170912818, 11.4353783766, 24.5627527635, 5.0424750242, 8.1548773978, 7.3823694932, 2.6785109026, 2.0978961597, 3.6538304761, 2.1116699216, 4.9572660855, 1.2846476579, 2.527719818, 2.3024305106, 2.4495091414, 0.13736320882, 2.1917339659, 2.0284938379, 1.5299358923, 8.4079619304, 1.3908867349, 10.3239925057, 0.97721425107, 12.8815415991, 0.4792852746],
