{
  "Z_true": {},
  "V_true": [
    [67, 248, 420, 662, 733, 1],
    [110, 3001, 34, 302, 259, 1],
    [154, 141, 643, 1570, 1297, 0],
    [142, 81, 86, 4579, 515, 1],
    [305, 69, 75, 239, 6562, 3],
    [314, 111, 6067, 633, 530, 3],
    [406, 394, 719, 591, 1124, 29]
  ],
  "p_true": [
    [0.0314, 0.1164, 0.1971, 0.3107, 0.344, 0.0005],
    [0.0297, 0.8095, 0.0092, 0.0815, 0.0699, 0.0003],
    [0.0405, 0.0371, 0.169, 0.4126, 0.3409, 0],
    [0.0263, 0.015, 0.0159, 0.8473, 0.0953, 0.0002],
    [0.0421, 0.0095, 0.0103, 0.033, 0.9047, 0.0004],
    [0.041, 0.0145, 0.7922, 0.0827, 0.0692, 0.0004],
    [0.1244, 0.1207, 0.2203, 0.1811, 0.3445, 0.0089]
  ],
  "Z_est": {},
  "V_est": [
    [0, 263.0279, 0, 849.2891, 980.683, 38],
    [0, 3576.2281, 0, 130.7719, 0, 0],
    [0, 0, 438.1555, 2148.4334, 1218.4111, 0],
    [0, 0, 0, 5404, 0, 0],
    [0, 36.3166, 350.9107, 0, 6865.7727, 0],
    [200.5631, 85.8711, 6767.9433, 43.5055, 560.117, 0],
    [1297.4369, 83.5563, 486.9905, 0, 1395.0162, 0]
  ],
  "p_est": [
    [0, 0.1234, 0, 0.3985, 0.4602, 0.0178],
    [0, 0.9647, 0, 0.0353, 0, 0],
    [0, 0, 0.1152, 0.5646, 0.3202, 0],
    [0, 0, 0, 1, 0, 0],
    [0, 0.005, 0.0484, 0, 0.9466, 0],
    [0.0262, 0.0112, 0.8838, 0.0057, 0.0731, 0],
    [0.3976, 0.0256, 0.1492, 0, 0.4275, 0]
  ],
  "EI_Z": {},
  "EI_V": 14.8667,
  "MAE_Z": {},
  "MAE_V": 235.1837,
  "MAE_p": 0.0581,
  "runtime": 0.0529
}
