{
  "X": [
    [8, 17, 60, 8],
    [111, 231, 457, 41],
    [35, 197, 528, 45],
    [82, 311, 558, 42],
    [50, 106, 119, 17],
    [20, 79, 293, 39],
    [39, 108, 361, 32],
    [101, 299, 313, 41],
    [69, 240, 287, 40],
    [101, 269, 426, 44],
    [139, 355, 411, 40],
    [171, 440, 419, 48],
    [40, 128, 130, 18],
    [96, 335, 416, 33],
    [71, 229, 151, 36],
    [131, 766, 297, 81],
    [46, 196, 707, 33],
    [51, 317, 607, 66],
    [122, 443, 1059, 81],
    [45, 180, 350, 40],
    [35, 229, 366, 40],
    [105, 574, 901, 71],
    [39, 211, 528, 42],
    [101, 552, 854, 112],
    [38, 287, 386, 44],
    [61, 279, 340, 46],
    [37, 115, 201, 13],
    [84, 338, 536, 40],
    [27, 52, 108, 14],
    [4, 8, 17, 4],
    [893, 3398, 6183, 586],
    [133, 318, 510, 50],
    [247, 602, 834, 120],
    [117, 186, 287, 16]
  ],
  "W": [
    [7, 6, 16, 57, 2, 5],
    [37, 161, 168, 384, 60, 30],
    [49, 45, 151, 464, 66, 30],
    [54, 107, 250, 470, 82, 30],
    [13, 67, 67, 110, 22, 13],
    [40, 21, 60, 258, 37, 15],
    [42, 56, 89, 306, 31, 16],
    [25, 133, 234, 257, 60, 45],
    [25, 113, 168, 262, 37, 31],
    [46, 164, 191, 346, 55, 38],
    [36, 212, 252, 352, 52, 41],
    [36, 272, 312, 337, 67, 54],
    [12, 75, 88, 100, 28, 13],
    [39, 188, 226, 345, 54, 28],
    [32, 77, 201, 108, 32, 37],
    [59, 207, 602, 248, 90, 69],
    [69, 79, 138, 618, 48, 30],
    [59, 64, 275, 520, 84, 39],
    [114, 152, 368, 895, 123, 53],
    [38, 65, 158, 293, 43, 18],
    [45, 57, 167, 317, 58, 26],
    [81, 136, 455, 770, 139, 70],
    [60, 64, 170, 436, 69, 21],
    [99, 105, 476, 714, 167, 58],
    [42, 63, 253, 296, 80, 21],
    [29, 69, 227, 263, 104, 34],
    [17, 70, 75, 174, 16, 14],
    [45, 146, 254, 406, 100, 47],
    [12, 57, 23, 86, 13, 10],
    [1, 5, 6, 14, 3, 4],
    [691, 1528, 2415, 5226, 863, 337],
    [36, 215, 208, 426, 75, 51],
    [81, 328, 486, 703, 108, 97],
    [9, 216, 88, 250, 24, 19]
  ],
  "method": "mult",
  "cond_prob": [
    [
      [0.0029932299439, 0.062204743625, 0.52772438413, 0.4070776423],
      [0.64483627271, 0.29140380659, 0.05700507211, 0.0067548485844],
      [0.076129106355, 0.86130632608, 0.032649841104, 0.029914726461],
      [0.013322202835, 0, 0.95482478602, 0.031853011143],
      [0.020303338561, 0.15935940047, 0.49494737058, 0.3253898904],
      [0.41839836274, 0.14330478737, 0.0053187752725, 0.43297807461]
    ],
    [
      [0.0012956274381, 0.08012971794, 0.63935229818, 0.27922235644],
      [0.54978357897, 0.36797828586, 0.078292281649, 0.0039458535203],
      [0.043866056849, 0.89824336334, 0.042299524134, 0.015591055673],
      [0.0034542562519, 0, 0.98650534869, 0.01004039506],
      [0.017963674475, 0.18973419261, 0.57511069014, 0.21719144278],
      [0.422105105, 0.21672532717, 0.010263075438, 0.35090649239]
    ],
    [
      [0.00027214179483, 0.093524272746, 0.63007457701, 0.27612900845],
      [0.45904073968, 0.45966907078, 0.07734014909, 0.0039500404534],
      [0.015882721681, 0.93832875999, 0.032425197877, 0.013363320448],
      [0.0011362912361, 0.016717502971, 0.9732466017, 0.0088996040944],
      [0.012654487114, 0.21675521596, 0.5586174023, 0.21197289462],
      [0.35230351698, 0.26605980198, 0.0098220799355, 0.3718146011]
    ],
    [
      [0.0012724895684, 0.094190381145, 0.66773321806, 0.23680391123],
      [0.52896158297, 0.39836353422, 0.070195251294, 0.0024796315137],
      [0.024660434382, 0.93146142339, 0.033508358763, 0.010369783468],
      [0.0094190324361, 0.010942762809, 0.97391531825, 0.0057228865037],
      [0.018180571525, 0.21642290188, 0.58566104612, 0.17973548048],
      [0.44165118266, 0.25112296452, 0.0096673095304, 0.29755854328]
    ],
    [
      [0.0040607115281, 0.10159054659, 0.56987550022, 0.32447324166],
      [0.56167066047, 0.41257835269, 0.021444333818, 0.0043066530202],
      [0.031644062391, 0.95292229493, 0, 0.015433642674],
      [0.038505854266, 0.046389998028, 0.90211736386, 0.012986783847],
      [0.024381578139, 0.23225852885, 0.49632510261, 0.24703479041],
      [0.41716043308, 0.2290916989, 0.00021429611095, 0.35353357191]
    ],
    [
      [0.00097391244988, 0.07794483234, 0.56149706452, 0.35958419069],
      [0.5241571821, 0.39937436272, 0.070347234056, 0.0061212211213],
      [0.021835801962, 0.92369454402, 0.031819697514, 0.022649956502],
      [0.0069706606392, 0.0080869417132, 0.96149336543, 0.023449032215],
      [0.015035357395, 0.18766350128, 0.51286506484, 0.28443607648],
      [0.35259039278, 0.20291279589, 0.0074898648371, 0.4370069465]
    ],
    [
      [0.00018981608588, 0.070767993641, 0.62866411447, 0.30037807581],
      [0.5355543828, 0.37501813883, 0.084592532667, 0.0048349457017],
      [0.026092876107, 0.84576444187, 0.10962783089, 0.018514851125],
      [0, 0, 0.98752015827, 0.012479841734],
      [0.01485285003, 0.17580437109, 0.57237183919, 0.23697093969],
      [0.3886423727, 0.20648485387, 0.011084560585, 0.39378821285]
    ],
    [
      [0.0014808574882, 0.090726137555, 0.63271121382, 0.27508179113],
      [0.53284383994, 0.39778163814, 0.065737704526, 0.0036368173941],
      [0.029430754812, 0.92953898122, 0.027079272702, 0.013950991264],
      [0.012742455855, 0.011908492619, 0.96564287448, 0.0097061770468],
      [0.018792894366, 0.21041009636, 0.5596716438, 0.21112536548],
      [0.41790147575, 0.23621508216, 0.0078230615798, 0.33806038051]
    ],
    [
      [0.00079027597673, 0.094353020326, 0.56389507545, 0.34096162825],
      [0.47156728664, 0.46455092111, 0.057065961335, 0.0068158309116],
      [0.018926290705, 0.9506495364, 0.010741704636, 0.019682468259],
      [0.0066354991928, 0.037333333313, 0.93856417497, 0.017466992526],
      [0.013858903176, 0.21910132015, 0.50275875112, 0.26428102555],
      [0.33104008598, 0.2435392296, 0.0046346926103, 0.42078599181]
    ],
    [
      [0.00025562837212, 0.085558597499, 0.64358692445, 0.27059884968],
      [0.49725707248, 0.41475404146, 0.08427677306, 0.003712113005],
      [0.018389338669, 0.92425683332, 0.043342486897, 0.014011341112],
      [0.0014275665021, 0.0004477131667, 0.98912093251, 0.0090037878198],
      [0.014214536708, 0.20170211552, 0.57495169797, 0.2091316498],
      [0.38552578932, 0.24376477479, 0.011500254175, 0.35920918171]
    ],
    [
      [0.0014310489266, 0.094610621152, 0.6398622155, 0.26409611442],
      [0.52007422099, 0.41370890582, 0.063378996658, 0.002837876525],
      [0.026243568552, 0.93666029265, 0.02491670873, 0.01217943007],
      [0.011854086325, 0.017967984166, 0.96203887532, 0.0081390541884],
      [0.017591506766, 0.21778828892, 0.56316247312, 0.2014577312],
      [0.41443832623, 0.24877108308, 0.0079870642748, 0.32880352642]
    ],
    [
      [0.00097798726466, 0.092504747497, 0.64586834953, 0.26064891571],
      [0.50844900595, 0.41723255661, 0.071575804446, 0.0027426329922],
      [0.023135765826, 0.93274395123, 0.032043257852, 0.012077025092],
      [0.0073679783645, 0.012646287967, 0.97198615763, 0.0079995760376],
      [0.016331205021, 0.21388999587, 0.57041980451, 0.1993589946],
      [0.40502045291, 0.25137096555, 0.0093548543449, 0.3342537272]
    ],
    [
      [0, 0.089114152911, 0.61468857398, 0.29619727311],
      [0.4592137358, 0.45455750612, 0.081259484553, 0.0049692735273],
      [0.0092238263425, 0.93808490705, 0.037011194888, 0.015680071719],
      [0, 0.011480999647, 0.97726060099, 0.011258399364],
      [0.011204249185, 0.20919252141, 0.55054378799, 0.22905944142],
      [0.34104262457, 0.25245037091, 0.010077265997, 0.39642973852]
    ],
    [
      [0, 0.1000588953, 0.66009410929, 0.23984699541],
      [0.44431752727, 0.47497454466, 0.078591184375, 0.0021167436978],
      [0.0068500152275, 0.95072894226, 0.032766632134, 0.0096544103821],
      [0, 0.01862951283, 0.97562083631, 0.005749650862],
      [0.012075533393, 0.22880316918, 0.57757755495, 0.18154374249],
      [0.36671866533, 0.29125695269, 0.010626847134, 0.33139753485]
    ],
    [
      [0.0037896074782, 0.084229984654, 0.60954425031, 0.30243615756],
      [0.56767419583, 0.36544622399, 0.06153158494, 0.0053479952432],
      [0.044072860487, 0.91218093247, 0.02392824585, 0.019817961188],
      [0.015574499502, 0.0058369478537, 0.96560871138, 0.012979841268],
      [0.021484545546, 0.19994600707, 0.54444374952, 0.23412569786],
      [0.43080062488, 0.21049327626, 0.006463073531, 0.35224302533]
    ],
    [
      [0.00070000189833, 0.11406204813, 0.54863329703, 0.33660465295],
      [0.45761478643, 0.49761196074, 0.041053911663, 0.0037193411732],
      [0, 0.98752081444, 0, 0.012479185556],
      [0.046876971065, 0.080448350749, 0.86017983579, 0.012494842396],
      [0.014510811969, 0.2560782018, 0.47503268406, 0.25437830217],
      [0.33769532168, 0.27215802675, 0.00079615826066, 0.38935049331]
    ],
    [
      [0, 0.096679161266, 0.70109673679, 0.20222410195],
      [0.43046638769, 0.48039937347, 0.086789592905, 0.0023446459322],
      [0, 0.95258792056, 0.038821754913, 0.0085903245259],
      [0, 0, 0.99783000473, 0.002169995274],
      [0.012046603166, 0.22326363946, 0.61173025659, 0.15295950079],
      [0.38049728067, 0.30679332124, 0.012951663565, 0.29975773452]
    ],
    [
      [0.00034421437667, 0.084690341977, 0.60857170249, 0.30639374116],
      [0.47785352188, 0.43853758368, 0.078682341051, 0.0049265533866],
      [0.017225798549, 0.92750343753, 0.037732432328, 0.017538331589],
      [0.0020816049442, 0.00524223611, 0.97937470269, 0.013301456253],
      [0.012947691098, 0.20021630333, 0.5478968416, 0.23893916397],
      [0.34589565967, 0.23921248434, 0.0098461728422, 0.40504568315]
    ],
    [
      [0.0010391253853, 0.085951882526, 0.66153376175, 0.25147523034],
      [0.53582328771, 0.38601632367, 0.075063002634, 0.0030973859848],
      [0.029944063154, 0.91625947962, 0.041191565004, 0.012604892222],
      [0.0048087595007, 0, 0.98795223969, 0.0072390008073],
      [0.017392777554, 0.20192439136, 0.58734136605, 0.19334146504],
      [0.43346855362, 0.23597765201, 0.010506345094, 0.32004744928]
    ],
    [
      [0.00046602498984, 0.074009824219, 0.59747851635, 0.32804563444],
      [0.51738923534, 0.39510312602, 0.081419858473, 0.0060877801655],
      [0.026950357077, 0.88591242452, 0.065376387456, 0.021760830942],
      [0, 0, 0.98303249607, 0.016967503932],
      [0.014233498537, 0.18083660383, 0.54566526034, 0.25926463729],
      [0.360099661, 0.20865480271, 0.010107156516, 0.42113837978]
    ],
    [
      [0, 0.10572946876, 0.61202088404, 0.2822496472],
      [0.4201907329, 0.50491347677, 0.071037925441, 0.0038578648891],
      [0.012086562956, 0.95907921166, 0.016704929376, 0.012129296006],
      [0, 0.043760625988, 0.94749439438, 0.0087449796345],
      [0.011194338461, 0.23880841372, 0.53563763106, 0.21435961676],
      [0.32236156079, 0.29126426725, 0.0075949862752, 0.37877918568]
    ],
    [
      [0.00049331523211, 0.10306868952, 0.66815066904, 0.2282873262],
      [0.47629861416, 0.44941809503, 0.071872311678, 0.0024109791311],
      [0.017230751881, 0.94756782727, 0.026703521723, 0.0084978991293],
      [0.0027315368377, 0.027132753956, 0.96580644653, 0.0043292626735],
      [0.0146981146, 0.23365293277, 0.58001095336, 0.17163799928],
      [0.40281595058, 0.28596050882, 0.0094653241233, 0.30175821648]
    ],
    [
      [0, 0.086590809326, 0.65733987189, 0.25606931879],
      [0.45863594767, 0.45136776026, 0.086383099097, 0.0036131929728],
      [0.0077081937591, 0.92462963398, 0.055118346247, 0.012543826009],
      [0, 0, 0.99306454978, 0.0069354502161],
      [0.011693080383, 0.20488967324, 0.58604810993, 0.19736913645],
      [0.35857542206, 0.26631378825, 0.011786056743, 0.36332473294]
    ],
    [
      [0.0014122163762, 0.088377127312, 0.60002127279, 0.31018938352],
      [0.52920142449, 0.39968596371, 0.066485670055, 0.0046269417487],
      [0.025616728091, 0.93042003374, 0.025782705739, 0.018180532435],
      [0.01012928451, 0.015235570626, 0.96014430118, 0.014490843689],
      [0.017741956515, 0.2065082906, 0.53510880413, 0.24064094875],
      [0.39491831997, 0.2248037964, 0.007553954779, 0.37272392885]
    ],
    [
      [0, 0.084440524337, 0.63834253429, 0.27721694137],
      [0.44617115134, 0.46066226762, 0.088771381837, 0.0043951992065],
      [0.0081385028394, 0.92090589896, 0.056250957429, 0.01470464077],
      [0, 0, 0.99029873246, 0.009701267542],
      [0.010262228329, 0.19972373043, 0.57485852453, 0.21515551671],
      [0.33386657053, 0.26022305933, 0.01182940499, 0.39408096515]
    ],
    [
      [0.0012734039908, 0.094045600098, 0.63467388925, 0.27000710666],
      [0.5253933513, 0.40529607286, 0.065978521885, 0.0033320539559],
      [0.026072938996, 0.93661863344, 0.024483824286, 0.012824603276],
      [0.0099040874119, 0.018157531121, 0.96302738259, 0.008910998876],
      [0.018929678145, 0.217764819, 0.55713777658, 0.20616772627],
      [0.41820327576, 0.24328961522, 0.0078111971468, 0.33069591187]
    ],
    [
      [0, 0.097676379235, 0.66883698277, 0.233486638],
      [0.44928923584, 0.46567909927, 0.083062490602, 0.001969174292],
      [0.0018084808931, 0.95162512837, 0.037072134514, 0.0094942562218],
      [0, 0.0099248659008, 0.98559862477, 0.0044765093248],
      [0.012412979477, 0.22468057809, 0.58617514165, 0.17673130078],
      [0.37253641091, 0.28916171859, 0.011573134651, 0.32672873585]
    ],
    [
      [0, 0.091276764783, 0.71176107034, 0.19696216488],
      [0.44199451096, 0.45020320931, 0.10670988477, 0.0010923949688],
      [0, 0.91771577638, 0.075645364897, 0.0066388587239],
      [0, 0, 0.99866487085, 0.0013351291482],
      [0.010052451921, 0.21150588552, 0.62954539363, 0.14889626893],
      [0.39284162145, 0.29601023987, 0.016270405231, 0.29487773345]
    ],
    [
      [0, 0.075291260505, 0.60073972584, 0.32396901365],
      [0.41421587303, 0.43883384821, 0.1387159984, 0.008234280354],
      [0.011225653861, 0.92615621327, 0.043556233143, 0.01906189973],
      [0, 0, 0.98398081576, 0.016019184239],
      [0.0085004508494, 0.18838858817, 0.54823840569, 0.25487255529],
      [0.30209993373, 0.23323309745, 0.013306858934, 0.45136010988]
    ],
    [
      [0, 0.059266697029, 0.55100322075, 0.38973008222],
      [0.53480548535, 0.36498715758, 0.089201848695, 0.011005508381],
      [0.0070386236427, 0.83989626503, 0.12378213563, 0.029282975703],
      [0, 0, 0.97245742392, 0.027542576083],
      [0.010601318415, 0.14819861248, 0.52627616572, 0.31492390338],
      [0.31298421904, 0.15795602187, 0.016765572499, 0.51229418659]
    ],
    [
      [0.00023432546781, 0.094271082013, 0.62915515924, 0.27633943328],
      [0.46680093175, 0.45388110027, 0.075402773658, 0.0039151943219],
      [0.016330099342, 0.93864484791, 0.031448341614, 0.013576711139],
      [0.0013546546029, 0.018339847777, 0.97076788034, 0.0095376172762],
      [0.013217130925, 0.21770810236, 0.55694249091, 0.21213227581],
      [0.36095922414, 0.26342705224, 0.0095438857179, 0.3660698379]
    ],
    [
      [0.00051833584722, 0.089175505254, 0.64326119869, 0.26704496021],
      [0.49668828367, 0.42021940151, 0.079736151503, 0.003356163314],
      [0.019138597037, 0.92944213583, 0.038137863497, 0.013281403633],
      [0.0029444682508, 0.0067117003288, 0.98190072195, 0.0084431094711],
      [0.014657035912, 0.20749832972, 0.57238730317, 0.2054573312],
      [0.3893903837, 0.24896053261, 0.010743007426, 0.35090607626]
    ],
    [
      [0.0018315985995, 0.076245573998, 0.59234726673, 0.32957556067],
      [0.55264043723, 0.36745058252, 0.072483843221, 0.0074251370312],
      [0.041497630519, 0.89740377191, 0.038000039467, 0.023098558104],
      [0.0077784112618, 0, 0.97407412706, 0.01814746168],
      [0.018042756058, 0.18362251335, 0.53841685508, 0.25991787551],
      [0.39176173091, 0.19928714279, 0.0088043295494, 0.40014679675]
    ],
    [
      [0.00056526590061, 0.092166147123, 0.66341996056, 0.24384862641],
      [0.49423680696, 0.42096780234, 0.082659489281, 0.0021359014219],
      [0.018928986571, 0.93263874902, 0.036903476736, 0.011528787676],
      [0.002184031252, 0.0084670976616, 0.98262142094, 0.006727450146],
      [0.01492941261, 0.2129517886, 0.58613064833, 0.18598815046],
      [0.40366830367, 0.26008590084, 0.010777574858, 0.32546822064]
    ]
  ],
  "expected_outcome": [
    [
      [0.020952609607, 0.04793821521, 0.013334947947, 0.068714436696, 0.052789249865, 0.038956497995, 0.007972275607, 0.037021437205, 0.019756899418, 0.011758905118, 0.051517761359, 0.035207541528, 0, 0, 0.1212674393, 0.041300112002, 0, 0.020308648224, 0.11846029392, 0.017708949614, 0, 0.039958533801, 0, 0.13980942124, 0, 0.036928715733, 0, 0, 0, 0, 0.16191889825, 0.0186600905, 0.14835948656, 0.0050873931055],
      [0.43543320537, 2.9647995638, 4.5826893645, 5.0862805818, 1.3206771056, 3.1177932936, 2.9722557329, 2.2681534389, 2.3588255082, 3.935695485, 3.4059823615, 3.3301709099, 1.0693698349, 3.9022969166, 2.6953595089, 6.7296608395, 6.6708621274, 4.9967301767, 9.7985146079, 2.8123733203, 4.7578260942, 8.3485638512, 5.1954485596, 8.7493356039, 3.5465020222, 2.7273224028, 1.660498447, 4.1074544152, 0.90349512606, 0.059266697029, 65.1413176712, 3.2103181891, 6.1758914938, 0.82949532411],
      [3.6940706889, 23.6560350326, 30.8736542734, 36.0575937751, 7.4083815029, 22.4598825809, 26.4038928076, 15.8177803456, 14.0973768861, 29.6049985248, 23.0350397581, 23.2512605829, 7.3762628878, 25.7436702624, 19.5054160099, 32.3693645246, 48.3756748384, 35.9057304469, 75.4148488399, 22.7041836212, 27.5409397816, 54.1202041924, 39.4403923132, 59.4021060062, 26.8103864403, 18.4055427882, 11.370228707, 32.0292481653, 7.2088767101, 0.55100322075, 434.746215035, 23.1574031528, 47.9801286051, 5.9707796451],
      [2.8495434961, 10.3312271884, 13.5303214141, 12.7874112064, 4.2181521416, 14.3833676275, 12.6158791838, 6.8770447783, 8.5240407063, 12.4475470851, 9.5074601191, 9.3833609657, 3.5543672773, 9.354032821, 9.6779570419, 19.8596745239, 13.9534630342, 18.0772307282, 28.6681762582, 12.4657341088, 12.7012341242, 18.4912734226, 15.3641591272, 30.7087489686, 11.6431115375, 7.8302060932, 3.969272846, 8.8632974195, 3.8876281638, 0.38973008222, 190.9505483956, 9.6136185675, 26.6956204145, 2.1946376377]
    ],
    [
      [3.8690176363, 88.5151562149, 20.6568332856, 56.598889378, 37.6319342515, 11.0073008241, 29.9910454367, 70.8682307115, 53.2871033907, 81.5501598862, 110.2557348503, 138.2981296183, 34.4410301853, 83.5316951262, 43.7109130786, 94.7262607906, 34.0068446278, 30.5826254006, 81.4451397314, 33.6303002972, 23.9508717753, 64.7766115254, 29.3527006512, 55.5661495712, 28.1087825341, 36.2521412398, 31.4502465087, 64.5311985996, 23.6103047629, 2.6740274267, 713.2718237126, 106.7879809889, 181.2660634114, 106.7551503033],
      [1.7484228396, 59.2445040229, 20.685108185, 42.6248981616, 27.6427496303, 8.3868616172, 21.0010157746, 52.9049578732, 52.4942540855, 68.0196627991, 87.7062880349, 113.4872553986, 34.0918129587, 89.2952143962, 28.1393592473, 103.0056758723, 37.9515505041, 28.0664053554, 58.6744811986, 25.6817031913, 28.7800681759, 61.1208609245, 28.8875366564, 41.9670261894, 29.0217228602, 27.9654290272, 32.5975369487, 65.7296685586, 25.0135293481, 1.8249357879, 693.5303212145, 90.3471713255, 120.5237910657, 90.9290453048],
      [0.34203043266, 12.6050573454, 3.480306709, 7.5108918884, 1.4367703658, 1.4772919152, 4.7371818293, 8.7431147019, 6.4484536308, 13.8213907818, 13.4363472915, 19.4686188092, 6.0944613414, 14.7751426624, 4.7379320404, 8.4981597142, 6.8563778395, 5.0356698272, 11.4095764003, 5.2922908008, 4.0491617502, 9.7746343883, 5.5285183422, 6.9809953558, 5.5925970557, 4.55251801, 5.8143743421, 15.5796431763, 7.9068119089, 0.44600924348, 115.2154381491, 17.1432725731, 23.7747005766, 17.8544496848],
      [0.040529091507, 0.63528241677, 0.1777518204, 0.26532057197, 0.28854575236, 0.12854564355, 0.27075695929, 0.48369671342, 0.77018889301, 0.60878653283, 0.60162982331, 0.74599617388, 0.37269551455, 0.3979478152, 0.41179563373, 0.76990362285, 0.18522702865, 0.31529941674, 0.47080266968, 0.39570571076, 0.21989829868, 0.32789316182, 0.23124435026, 0.48582888361, 0.27689755001, 0.22991172296, 0.13784220044, 0.15948966545, 0.46935398018, 0.055027541905, 5.9824169239, 0.7215751125, 2.4354449462, 0.46135470713]
    ],
    [
      [1.2180657017, 7.3694975506, 2.3982909739, 6.1651085954, 2.1201521802, 1.3101481177, 2.3222659735, 6.8867966259, 3.1796168384, 3.5123636859, 6.613379275, 7.2183589377, 0.81169671814, 1.5481034414, 8.8586449579, 0, 0, 4.737094601, 11.0194152408, 4.2581564182, 2.0184560136, 7.8399921059, 1.3103929391, 12.1935625711, 2.0590412184, 5.9185571522, 0.13563606698, 0, 0.2581900388, 0.042231741856, 39.4371899101, 3.9808281838, 20.1678484322, 1.6657508183],
      [13.7809012173, 150.9048850419, 141.687642759, 232.8653558468, 63.8457937606, 55.4216726414, 75.2730353269, 217.512121606, 159.7091221153, 176.5330551643, 236.0383937472, 291.0161127837, 82.5514718204, 214.86474095, 183.3483674275, 594.487530295, 131.4571330374, 255.0634453216, 337.1834885, 139.9741630749, 160.1662283476, 431.1433614065, 157.1870377774, 442.8799360583, 232.9891924372, 212.6124297913, 71.3718846278, 233.0998072004, 21.3015929051, 5.0393775902, 2266.827307691, 193.3239642531, 436.1382331485, 82.0722099135],
      [0.52239745767, 7.1063200544, 4.8962048795, 8.3770896908, 0, 1.9091818508, 9.7568769494, 6.3365498122, 1.8046063788, 8.2784149974, 6.2790106001, 9.9974964497, 3.2569851501, 7.4052588622, 4.8095774158, 0, 5.3574021781, 10.3764188903, 15.1584959215, 10.3294692181, 2.7897232057, 12.1501023838, 9.3701188619, 12.2725679317, 14.2314922296, 5.5578281129, 2.7804100886, 19.2139226837, 1.0017933623, 0.74269281377, 75.9477449977, 7.9326756075, 18.4680191809, 3.2475059528],
      [0.47863562337, 2.6192973531, 2.0178613877, 2.592445867, 1.0340540592, 1.3589973901, 1.6478217502, 3.2645319558, 3.3066546675, 2.6761661524, 3.0692163777, 3.7680318288, 1.3798463113, 2.1818967464, 3.9834101988, 7.512469705, 1.1854647846, 4.8230411871, 4.6386003377, 3.4382112888, 2.0255924331, 3.8665441038, 2.1324504216, 8.6539334389, 3.7202741148, 2.9111849437, 0.71206921663, 1.6862701159, 0.43842369379, 0.17569785422, 32.7877574012, 2.7625319556, 11.2258992384, 1.0145333155]
    ],
    [
      [0.75936556159, 1.3264344007, 0.52723913354, 4.426945245, 4.2356439693, 1.7984304449, 0, 3.2748111546, 1.7385007885, 0.49393800971, 4.1726383863, 2.4830087088, 0, 0, 1.6820459463, 11.6254888241, 0, 1.082434571, 4.3038397532, 0, 0, 2.103283365, 0, 7.2323091402, 0, 2.6047749893, 0, 0, 0, 0, 7.0794249549, 1.2543434748, 5.468223117, 0.54600781301],
      [0, 0, 7.7569213786, 5.1430985203, 5.1028997831, 2.086430962, 0, 3.0604826031, 9.781333328, 0.15490875568, 6.3247304265, 4.2617990449, 1.1480999647, 6.4271819264, 0.63039036819, 19.9511909856, 0, 2.7259627772, 0, 0, 13.8721184381, 20.892220546, 0, 10.8781974271, 0, 4.7754306848, 1.7269266667, 0, 0, 0, 95.8440444834, 2.8591843401, 0, 2.1167744154],
      [54.4250128032, 378.818053896, 451.586423188, 457.740199578, 99.2329100245, 248.0652882816, 302.1811684293, 248.1702187412, 245.9038138417, 342.235842649, 338.6376841128, 327.5593351216, 97.7260600989, 336.5891885262, 104.2857408286, 213.324599276, 616.6589429207, 509.2748454004, 884.2172545243, 288.0285213478, 300.3557230177, 743.6709638304, 432.9761437058, 685.543031039, 293.1284248076, 253.2762016215, 171.4941607107, 405.4579375658, 84.6223501554, 13.6144039348, 5073.2329426763, 418.2897075504, 684.7741113221, 245.6553552351],
      [1.8156216352, 3.8555117032, 4.1294162998, 2.6897566568, 1.4285462231, 6.0498503115, 3.8188315707, 2.494487501, 4.5763520418, 3.1153105857, 2.8649470743, 2.6958571247, 1.1258399364, 1.9836295474, 1.4018228569, 3.0987209142, 1.3410570793, 6.9167572514, 6.4789057225, 4.9714786522, 2.7721585441, 3.3335322586, 3.0238562942, 10.3464623938, 2.8715751924, 2.3435927044, 0.77891262252, 0.54206243416, 1.3776498446, 0.38559606517, 49.8435878853, 3.5967646347, 12.7576655609, 1.6818625365]
    ],
    [
      [0.040606677121, 1.0778204685, 0.83519614954, 1.4908068651, 0.53639471907, 0.55630822363, 0.46043835092, 1.127573662, 0.51277941752, 0.78179951895, 0.91475835181, 1.0941907364, 0.31371897719, 0.6520788032, 0.68750545748, 1.3059730772, 0.57823695195, 1.0876060522, 2.1393116391, 0.61204043711, 0.64927163073, 2.0430379294, 0.80682254646, 2.9629067379, 0.82097826634, 1.968686527, 0.19860767164, 1.0052451921, 0.11050586104, 0.031803955246, 11.406383988, 1.0992776934, 1.9486176543, 0.35830590264],
      [0.31871880093, 11.3840515563, 14.3058442534, 17.7466779538, 5.1096876346, 6.9435495475, 5.4499355037, 12.6246057815, 8.1067488456, 11.0936163537, 11.3249910238, 14.3306297234, 5.8573905993, 12.3553711355, 6.3982722263, 23.047038162, 10.7166546939, 16.8181694797, 24.8367001367, 7.7759739647, 13.8508879956, 32.4777576545, 14.1373874533, 34.4868845302, 15.9778984345, 22.6475411764, 3.5948892495, 21.1505885519, 2.4490516462, 0.44459583745, 187.8820923344, 15.5623747289, 19.8312314414, 5.1108429263],
      [0.98989474116, 34.5066414084, 36.868748552, 48.0242057818, 10.9191522574, 18.976007399, 17.7435270149, 33.5802986279, 18.6020737916, 31.6223433884, 29.2844486022, 38.2181269019, 15.4152260638, 31.189187967, 17.4221999846, 42.7529415651, 29.3630523165, 46.0233346944, 72.242988024, 23.4636061948, 31.0669826016, 80.6215225165, 40.4373195853, 89.3631702902, 45.988681962, 57.9423287643, 9.3788022664, 62.954539363, 7.1270992739, 1.5788284972, 480.641369655, 42.9290477375, 58.149020349, 14.06713556],
      [0.65077978079, 13.0314865668, 13.9902110451, 14.7383093993, 5.4347653889, 10.5241348299, 7.3460991304, 12.6675219286, 9.7783979454, 11.502240739, 10.4758020222, 13.3570526383, 6.4136643596, 9.8033620942, 7.4920223316, 22.8940471956, 7.3420560377, 20.0708897737, 23.7810002002, 11.1483794034, 12.4328577721, 23.8576818995, 13.6184704149, 40.1870384417, 17.2124413371, 21.4414435322, 2.8277008125, 14.8896268929, 3.3133432188, 0.94477171013, 183.0701540226, 15.4092998401, 28.0711305553, 4.463715611]
    ],
    [
      [2.0919918137, 12.66315315, 10.5691055095, 13.2495354799, 5.42308563, 5.2888558917, 6.2182779632, 18.8055664088, 10.2622426655, 14.6499799941, 16.9919713752, 21.8711044572, 4.4335541194, 10.2681226292, 15.9396231205, 23.3009771961, 11.4149184202, 13.489930727, 22.9738333416, 6.4817938979, 8.3814005804, 28.1971165405, 7.5300838633, 22.9052625583, 7.0111979812, 14.2189113759, 5.2155097527, 18.4635562083, 3.0209993373, 1.2519368762, 121.6432585362, 19.8589095685, 38.0008878985, 7.6696977697],
      [0.71652393685, 6.5017598151, 7.9817940595, 7.5336889357, 2.9781920857, 3.0436919383, 3.3037576618, 10.6296786973, 7.5497161175, 9.2630614422, 10.1996144062, 13.5740321394, 3.2818548219, 8.1551946752, 7.7882512218, 18.7789038455, 9.2037996373, 9.3292868895, 12.5068155568, 3.7557864488, 7.5728709486, 20.0172356172, 5.5925895533, 13.038620191, 5.4646842459, 8.2718469176, 4.0482640603, 13.9124812738, 2.3323309745, 0.63182408748, 88.7749166055, 12.6969871632, 19.3308528505, 4.9416321159],
      [0.026593876362, 0.30789226314, 0.29466239806, 0.29001928591, 0.0027858494424, 0.11234797256, 0.17735296936, 0.35203777109, 0.14367547092, 0.43700965867, 0.32746963526, 0.50516213463, 0.13100445796, 0.29755171977, 0.23913372065, 0.054934919985, 0.38854990694, 0.38400074085, 0.55683628996, 0.18192881729, 0.19746964315, 0.66257268863, 0.2475071916, 0.43812937718, 0.2484175048, 0.26558070299, 0.16202388512, 0.76470904584, 0.13306858934, 0.067062289995, 3.2162894869, 0.54789337873, 0.85401996629, 0.2047739223],
      [2.1648903731, 10.5271947717, 11.154438033, 8.9267562985, 4.5959364348, 6.5551041974, 6.3006114056, 15.2127171228, 13.0443657461, 13.649948905, 13.4809445833, 18.0497012687, 5.1535866008, 9.2791309758, 13.0329919371, 26.8651840384, 8.9927320355, 15.7967816427, 16.9625148117, 7.580490836, 9.8482588278, 21.1230751537, 7.6298193918, 21.6179878734, 8.2757002681, 11.2436610035, 4.5742023019, 13.8592534721, 4.5136010988, 2.0491767464, 123.3655353714, 17.8962098895, 38.8142392847, 6.1838961921]
    ]
  ],
  "prob": [
    [0.00061347537219, 0.09151908115, 0.63137550693, 0.27649193654],
    [0.48994219186, 0.43179898896, 0.074370549578, 0.003888269607],
    [0.019186106271, 0.93383610126, 0.03300471964, 0.01397307283],
    [0.0041789127056, 0.013538397691, 0.97255346066, 0.0097292289455],
    [0.014670244112, 0.21240480299, 0.56018660844, 0.21273834446],
    [0.37972762075, 0.25190764801, 0.0094900544024, 0.35887467683]
  ],
  "iterations": 225,
  "time": 0.103066,
  "message": "Converged",
  "status": 0,
  "miniter": 0,
  "maxiter": 1000,
  "maxtime": 3600,
  "param_threshold": 0.001,
  "ll_threshold": "-Inf",
  "initial_prob": "random",
  "adjust_prob_cond_method": "project_lp",
  "adjust_prob_cond_every": true,
  "candidates_id": ["ROBERTSON, Colin Donald.c", "STREET, Maryan.c", "SMITH, Nick.c", "Other candidates votes.c"],
  "group_id": ["Conservative.p", "Green Party.p", "Labour Party.p", "National Party.p", "New Zealand First Party.p", "Other parties votes.p"]
}
