{
  "X": [
    [7, 23, 32, 55, 62, 21],
    [24, 32, 25, 42, 121, 62],
    [14, 19, 32, 50, 120, 53],
    [14, 16, 33, 55, 142, 60],
    [5, 29, 41, 55, 83, 34],
    [14, 26, 31, 49, 85, 25],
    [21, 53, 72, 112, 150, 75],
    [19, 30, 22, 49, 86, 39],
    [16, 29, 45, 61, 102, 37],
    [4, 16, 80, 80, 108, 52],
    [4, 11, 76, 81, 102, 47],
    [7, 20, 57, 63, 79, 41],
    [6, 30, 79, 93, 72, 64],
    [6, 27, 98, 106, 109, 57],
    [14, 21, 60, 98, 69, 54],
    [3, 36, 61, 106, 88, 69],
    [7, 19, 65, 62, 80, 41],
    [5, 30, 74, 88, 83, 43],
    [4, 8, 52, 63, 98, 21],
    [9, 8, 64, 58, 99, 30],
    [7, 19, 74, 66, 108, 30],
    [3, 18, 64, 78, 108, 43],
    [5, 18, 56, 70, 84, 41],
    [8, 8, 75, 52, 105, 25],
    [2, 14, 51, 47, 77, 24],
    [10, 5, 48, 33, 82, 34],
    [26, 73, 49, 72, 96, 42],
    [12, 18, 35, 48, 65, 28],
    [5, 33, 44, 49, 75, 31],
    [11, 39, 25, 63, 91, 31],
    [7, 49, 55, 79, 78, 42],
    [12, 43, 64, 85, 97, 37],
    [8, 82, 65, 135, 144, 57],
    [15, 39, 47, 88, 95, 41],
    [10, 37, 74, 50, 72, 54],
    [6, 33, 30, 65, 93, 42],
    [5, 26, 65, 87, 157, 53],
    [4, 24, 38, 46, 74, 40],
    [13, 41, 47, 40, 84, 41],
    [2, 33, 21, 37, 74, 33],
    [6, 43, 26, 86, 92, 38],
    [7, 30, 24, 48, 68, 39],
    [21, 29, 75, 72, 120, 55],
    [8, 21, 80, 79, 139, 54],
    [4, 24, 86, 77, 125, 73],
    [6, 41, 82, 78, 122, 46],
    [14, 36, 85, 83, 105, 36],
    [14, 29, 56, 82, 129, 58],
    [3, 10, 43, 39, 68, 38],
    [13, 80, 47, 88, 110, 42],
    [9, 31, 49, 77, 81, 31],
    [6, 15, 65, 93, 106, 36],
    [8, 13, 48, 68, 88, 39],
    [7, 26, 53, 57, 76, 41],
    [11, 19, 79, 94, 118, 28],
    [4, 34, 63, 76, 125, 38],
    [24, 29, 79, 112, 110, 47],
    [16, 47, 82, 120, 143, 68],
    [16, 42, 56, 67, 125, 51],
    [17, 24, 68, 89, 132, 55],
    [20, 38, 29, 79, 104, 45],
    [21, 38, 34, 39, 79, 26],
    [20, 83, 66, 119, 181, 53],
    [3, 31, 46, 46, 107, 52],
    [5, 22, 41, 49, 88, 39],
    [15, 21, 36, 51, 78, 32],
    [108, 372, 414, 642, 759, 465]
  ],
  "W": [
    [8, 6, 21, 27, 53, 84, 1],
    [13, 12, 43, 21, 121, 95, 1],
    [7, 1, 29, 28, 121, 101, 1],
    [14, 8, 29, 19, 124, 125, 1],
    [6, 7, 28, 31, 84, 91, 0],
    [6, 7, 29, 24, 72, 92, 0],
    [22, 10, 76, 47, 132, 194, 2],
    [4, 7, 36, 28, 80, 88, 2],
    [8, 1, 39, 40, 97, 105, 0],
    [10, 19, 25, 57, 87, 140, 2],
    [9, 16, 14, 59, 76, 144, 3],
    [16, 16, 23, 45, 72, 95, 0],
    [11, 17, 22, 62, 85, 147, 0],
    [6, 16, 23, 87, 98, 173, 0],
    [7, 29, 26, 50, 76, 128, 0],
    [15, 17, 41, 43, 80, 167, 0],
    [5, 11, 26, 52, 78, 101, 1],
    [19, 11, 32, 45, 69, 146, 1],
    [10, 7, 12, 34, 90, 93, 0],
    [10, 10, 7, 52, 93, 95, 1],
    [7, 16, 20, 64, 85, 111, 1],
    [6, 15, 25, 54, 92, 122, 0],
    [9, 8, 16, 43, 79, 119, 0],
    [7, 8, 5, 52, 97, 102, 2],
    [3, 7, 13, 44, 71, 76, 1],
    [11, 10, 8, 33, 70, 79, 1],
    [15, 11, 76, 31, 81, 143, 1],
    [4, 11, 23, 19, 66, 83, 0],
    [3, 7, 36, 37, 72, 82, 0],
    [4, 12, 43, 22, 85, 93, 1],
    [17, 18, 43, 43, 66, 121, 2],
    [16, 19, 41, 48, 77, 137, 0],
    [16, 22, 90, 51, 108, 204, 0],
    [8, 13, 36, 42, 87, 139, 0],
    [10, 15, 29, 67, 68, 106, 2],
    [4, 16, 36, 26, 78, 109, 0],
    [12, 19, 31, 45, 137, 149, 0],
    [19, 18, 35, 33, 52, 67, 2],
    [28, 15, 46, 37, 60, 77, 3],
    [12, 11, 42, 12, 62, 60, 1],
    [6, 17, 42, 26, 80, 120, 0],
    [15, 10, 40, 19, 62, 70, 0],
    [18, 11, 31, 55, 105, 150, 2],
    [26, 7, 31, 56, 128, 132, 1],
    [10, 35, 42, 64, 115, 121, 2],
    [17, 12, 56, 47, 110, 130, 3],
    [4, 14, 41, 73, 93, 132, 2],
    [18, 21, 38, 32, 112, 147, 0],
    [12, 7, 11, 33, 68, 70, 0],
    [6, 20, 69, 37, 99, 149, 0],
    [11, 7, 31, 26, 67, 135, 1],
    [7, 7, 19, 47, 97, 143, 1],
    [16, 11, 10, 47, 82, 97, 1],
    [15, 9, 23, 48, 79, 86, 0],
    [13, 13, 17, 63, 112, 130, 1],
    [9, 8, 36, 48, 123, 115, 1],
    [13, 7, 34, 50, 99, 197, 1],
    [12, 5, 44, 66, 132, 213, 4],
    [7, 7, 56, 38, 107, 140, 2],
    [11, 13, 22, 40, 117, 181, 1],
    [16, 12, 41, 26, 91, 128, 1],
    [14, 6, 39, 24, 72, 82, 0],
    [11, 21, 78, 49, 155, 204, 4],
    [15, 18, 39, 46, 89, 78, 0],
    [14, 13, 25, 29, 80, 83, 0],
    [8, 14, 23, 29, 67, 91, 1],
    [60, 133, 373, 380, 736, 1074, 4]
  ],
  "method": "mvn_pdf",
  "cond_prob": [
    [
      [0.053090653786, 0.0023986318087, 0.21120950289, 0.037943046147, 0.45849954893, 0.23685861643],
      [0.00025998923414, 0.11774792868, 0.045367524344, 0.35840761996, 0.097505522432, 0.38071141534],
      [0.038213375774, 0.78209809146, 0.00040665577606, 0.014188365836, 0.081202145975, 0.083891365182],
      [0.0012899731026, 0.022219273625, 0.73706709816, 0.12290235359, 0.03831709095, 0.078204210569],
      [0.033390811436, 0.0044097196678, 0.031145723631, 0.057967924767, 0.77329167794, 0.099794142559],
      [0.045268986876, 0.059718524009, 0.095905129839, 0.54592119843, 0.16202275865, 0.091163402193],
      [0.16409676553, 0.00027190582233, 0.42201315015, 1.0000569492e-05, 0.41279329545, 0.00081488247028]
    ],
    [
      [0.12160172408, 0.0019400259218, 0.11754079585, 0.01756196446, 0.3926096776, 0.34874581209],
      [0, 0.06830582224, 0.027117592259, 0.17888167266, 0.095755689699, 0.62993922314],
      [0.11779425016, 0.58040921806, 0, 0.011496281478, 0.10873880607, 0.18156144423],
      [0, 0.015190746441, 0.6544386859, 0.08868258862, 0.055665797617, 0.18602218142],
      [0.048148405778, 0.0098081913227, 0.016993027335, 0.03399154184, 0.73002258412, 0.1610362496],
      [0.11714858817, 0.049384419273, 0.074817380935, 0.34900423744, 0.21273206445, 0.19691330973],
      [0.39895185505, 0.00019676338457, 0.23953864657, 6.0805864694e-05, 0.35997670211, 0.0012752270215]
    ],
    [
      [0.057559319494, 0.00093059765225, 0.14128123016, 0.020996189116, 0.41600243666, 0.36323022691],
      [4.2844406296e-05, 0.045367845381, 0.032342098923, 0.20672426943, 0.094265870139, 0.62125707172],
      [0.077438036628, 0.52232832094, 0.00037313164712, 0.015989512195, 0.14060848226, 0.24326251634],
      [0.00071969670365, 0.011426902006, 0.67956814418, 0.093883013109, 0.048930967083, 0.16547127692],
      [0.037751320301, 0.0028961464077, 0.021673336871, 0.037727729413, 0.74505186167, 0.15489960534],
      [0.064850639725, 0.030990924587, 0.088916871377, 0.41573045642, 0.20739233415, 0.19211877374],
      [0.21336298064, 0.00012630911981, 0.33688266461, 5.0828725398e-05, 0.44810299793, 0.0014742189776]
    ],
    [
      [0.046221307206, 0.00045139282448, 0.15396197888, 0.017830118479, 0.46228460782, 0.31925059479],
      [0.00019301774157, 0.035263377374, 0.039532568443, 0.1964994509, 0.11736880589, 0.61114277965],
      [0.07693984095, 0.44629256238, 0.0010784454695, 0.016313647813, 0.19220534406, 0.26717015933],
      [0.00067271022115, 0.0073524421128, 0.71963087214, 0.077176194994, 0.051767591918, 0.14340018862],
      [0.029831867972, 0, 0.024714367335, 0.029190982423, 0.78177179247, 0.1344909898],
      [0.057953882468, 0.021034604467, 0.10724604183, 0.38095381473, 0.24488659785, 0.18792505865],
      [0.16393373847, 6.7214035355e-05, 0.3536734809, 3.0580547332e-05, 0.48099882199, 0.0012961640531]
    ],
    [
      [0.032992941411, 0.0021765341199, 0.24859247619, 0.030835824159, 0.40021900517, 0.28518321895],
      [0, 0.10935100075, 0.053682123773, 0.2907406854, 0.085764601611, 0.46046158847],
      [0.024731745301, 0.77415334893, 0.00067416471606, 0.012898068709, 0.076654921485, 0.11088775085],
      [0, 0.017718184082, 0.77687055418, 0.089630859445, 0.029697182903, 0.086083219388],
      [0.01961948812, 0.0043031669446, 0.041007400709, 0.05306617342, 0.74484958206, 0.13715418875],
      [0.02704963166, 0.061917146044, 0.12732071237, 0.49651141894, 0.15784635597, 0.12935473502],
      [0.10633352786, 0.00025324999883, 0.51737981081, 2.8399804157e-05, 0.37493883256, 0.0010661789632]
    ],
    [
      [0.091207309248, 0.0017074679728, 0.1834191363, 0.02540051749, 0.48514767942, 0.21311788957],
      [0, 0.098288426114, 0.049279200629, 0.2954198509, 0.12902991636, 0.427982606],
      [0.084307817049, 0.68528527017, 0.00064557379337, 0.013862727219, 0.11491798387, 0.10098062789],
      [0, 0.016665465572, 0.75488738903, 0.096872593087, 0.048022275391, 0.083552276924],
      [0.047343359675, 0.0042586178974, 0.026713035809, 0.040316784649, 0.79371975876, 0.08764844321],
      [0.082598995147, 0.051324692522, 0.1032084046, 0.44728139262, 0.21253180148, 0.10305471363],
      [0.26269592962, 0.00016260206871, 0.33550279622, 2.0505199696e-05, 0.40091271597, 0.00070545093427]
    ],
    [
      [0.052600684925, 0.00096286294457, 0.23065522819, 0.0294123409, 0.39426343275, 0.2921054503],
      [8.4203624526e-05, 0.057566635882, 0.053405838234, 0.29539988442, 0.090558331911, 0.50298510592],
      [0.066449181704, 0.60239972528, 0.00098835867658, 0.020146426148, 0.12440122547, 0.18561508273],
      [0.00049492317648, 0.00958452282, 0.77077190788, 0.092333813905, 0.031877583508, 0.094937248712],
      [0.035397967368, 0.0013624309384, 0.038305692308, 0.050792323052, 0.73472927298, 0.13941231335],
      [0.050335041352, 0.030877474248, 0.12420002443, 0.49393541664, 0.16369092962, 0.13696111371],
      [0.16550699084, 0.00011403740971, 0.46948777192, 2.7271789645e-05, 0.36378861009, 0.0010753179537]
    ],
    [
      [0.13666167606, 0.0018233252674, 0.10037868552, 0.024900380363, 0.43292332612, 0.30331260666],
      [0, 0.089950128703, 0.020936879031, 0.25123656036, 0.10227474935, 0.53560168255],
      [0.10371843159, 0.645604611, 0, 0.016833997003, 0.099632740256, 0.13421022015],
      [0, 0.024756192829, 0.59474487907, 0.13907823171, 0.066353664621, 0.17506703177],
      [0.057107117315, 0.0068025398913, 0.0051840577693, 0.050011021834, 0.74523747941, 0.13565778378],
      [0.10574847821, 0.055492649966, 0.045383466181, 0.43909094412, 0.20145370901, 0.15283075251],
      [0.42252714536, 0.00028000717054, 0.19530042266, 0.00032167328336, 0.38038872281, 0.0011820287152]
    ],
    [
      [0.080030610169, 0.0012607426771, 0.19320057247, 0.028994663786, 0.43306202473, 0.26345138617],
      [9.8048203446e-06, 0.06900770587, 0.046770280677, 0.30492909604, 0.10384548065, 0.47543763195],
      [0.088375845141, 0.62309162978, 0.00041851627, 0.017872674278, 0.12117371592, 0.14906761862],
      [0, 0.012025642148, 0.74484669795, 0.1043515498, 0.040233471249, 0.098542638854],
      [0.046103506444, 0.0026130008265, 0.02924137085, 0.047409908752, 0.75545671239, 0.11917550074],
      [0.07086711646, 0.037008057384, 0.1024859249, 0.48565005863, 0.17921184237, 0.12477700025],
      [0.24332359855, 0.00013463439988, 0.37523722739, 2.4990671132e-05, 0.38035468903, 0.00092485995045]
    ],
    [
      [0.021278619236, 0.00023241829923, 0.28295022955, 0.025208240676, 0.41397550787, 0.25635498438],
      [0, 0.03797062657, 0.073806363018, 0.28128500033, 0.10763010689, 0.49930790319],
      [0.037175572268, 0.52410942184, 0.0012174763831, 0.024988084016, 0.18357254398, 0.22893690152],
      [0, 0, 0.82516372909, 0.070429016657, 0.030635082, 0.073772172248],
      [0.0071004450437, 0, 0.046159483897, 0.047117658023, 0.77523925071, 0.12438316233],
      [0.015050060888, 0.01552498833, 0.16831889685, 0.46903470969, 0.19494349463, 0.13712784961],
      [0.066538628882, 0, 0.5614433407, 0.00012546597392, 0.3709277786, 0.00096478584686]
    ],
    [
      [0.022808570894, 0.00038537766339, 0.24372765603, 0.025363028856, 0.44960346854, 0.25811189802],
      [0, 0.041724516735, 0.063243772697, 0.28171130222, 0.11533026955, 0.4979901388],
      [0.037557377248, 0.53861956768, 0.0012301370751, 0.022931876488, 0.18515924867, 0.21450179283],
      [0, 0.0013478220324, 0.79987734396, 0.079213447289, 0.036130999889, 0.083430386829],
      [0.0090542818665, 0, 0.038679244204, 0.043662525681, 0.79093281251, 0.11767113574],
      [0.016379703327, 0.018810721429, 0.14675440375, 0.47188143661, 0.20841248463, 0.13776125026],
      [0.074038959827, 0, 0.50410294004, 0.00014447357607, 0.42067815278, 0.001035473776]
    ],
    [
      [0.038849438453, 0.0011078983573, 0.26511904656, 0.031780907198, 0.38671709751, 0.27642561193],
      [0.00015861349075, 0.064877364143, 0.060383691129, 0.31691950139, 0.087338246272, 0.47032258358],
      [0.045417493969, 0.65798904195, 0.00075305260912, 0.020084943436, 0.11277992119, 0.16297554685],
      [0.00053957581109, 0.0096309064191, 0.79317073805, 0.088812687364, 0.02745406847, 0.08039202389],
      [0.026668877957, 0.0018288912944, 0.044090164697, 0.055588982807, 0.73646447614, 0.1353586071],
      [0.035650828244, 0.034162282875, 0.13586800965, 0.51536696916, 0.15326632578, 0.1256855843],
      [0.11974721976, 0.00013788394835, 0.5301057977, 2.8281599266e-05, 0.34898447437, 0.00099634262054]
    ],
    [
      [0.029950014654, 0.0024619522106, 0.29020824213, 0.033723520172, 0.26694569381, 0.37671057702],
      [0, 0.10039739235, 0.054560841464, 0.27035587537, 0.04906133322, 0.52562455759],
      [0.021590854619, 0.77643093028, 0.00089387349635, 0.01447185573, 0.048172831069, 0.1384396548],
      [0, 0.01672191162, 0.78383189155, 0.087468583491, 0.014921310592, 0.097056302744],
      [0.022857215898, 0.0066314429758, 0.06014186745, 0.075612760399, 0.61445390823, 0.22030280505],
      [0.022127127114, 0.065198987865, 0.14388349527, 0.51608485551, 0.095347271863, 0.15735826237],
      [0.10170318542, 0.0002830774092, 0.63288180787, 3.2039180433e-05, 0.26361590844, 0.0014839816853]
    ],
    [
      [0.028801439916, 0.0015785058783, 0.25723330646, 0.03100073118, 0.39306502364, 0.28832099292],
      [0, 0.079635572007, 0.057225146034, 0.29913880837, 0.086773871213, 0.47722660237],
      [0.028441497303, 0.7083747051, 0.00067039607435, 0.017047616267, 0.0991108309, 0.14635495435],
      [0, 0.011186050572, 0.78374045794, 0.0891493337, 0.029617463486, 0.086306694299],
      [0.016662758014, 0.00353847808, 0.042719998048, 0.054537283566, 0.74239274541, 0.14014873689],
      [0.020462928538, 0.046842684067, 0.13383583275, 0.50598285366, 0.1597830661, 0.13309263489],
      [0.093133108575, 0.00018204477354, 0.53522556003, 2.8683054457e-05, 0.3703431237, 0.0010874798644]
    ],
    [
      [0.072938159068, 0.0010189584274, 0.25793324317, 0.042532051255, 0.31044926242, 0.31512832566],
      [0.0001126604219, 0.051828404649, 0.052064235388, 0.36845364599, 0.06016247822, 0.46737857534],
      [0.086097317528, 0.60610540681, 0.0015513745015, 0.027102290212, 0.09086250872, 0.18828110223],
      [0.00041654275551, 0.008327339011, 0.76219641925, 0.11731725102, 0.020161425342, 0.091581022623],
      [0.053843075364, 0.0011742594235, 0.049330173922, 0.081296053317, 0.64433502096, 0.17002141701],
      [0.055740114165, 0.02519915869, 0.11551058245, 0.58021951374, 0.099548321934, 0.12378230901],
      [0.22173931143, 0.00012478484618, 0.50290702897, 3.6928114937e-05, 0.27408131636, 0.0011106302808]
    ],
    [
      [0.021242846798, 0.0016178083316, 0.23991710324, 0.034534697289, 0.33486328324, 0.36782426111],
      [0, 0.061057829309, 0.047288080237, 0.28976896681, 0.065394017932, 0.53649110571],
      [0.021032323022, 0.66521282752, 0.0016206126157, 0.021437987476, 0.091383376637, 0.19931287273],
      [0, 0.0092690387703, 0.75196355017, 0.1015057193, 0.026347778845, 0.11091391292],
      [0.010122564663, 0.004162531313, 0.044791653595, 0.066997380531, 0.68388169803, 0.19004417187],
      [0.0060432747369, 0.041511692674, 0.12343195225, 0.53863720507, 0.13338409384, 0.15699178143],
      [0.08088236521, 0.00018057605171, 0.56242502871, 3.5410880674e-05, 0.35491644023, 0.0015601789203]
    ],
    [
      [0.035029126434, 0.00080508336968, 0.29070558842, 0.028703487509, 0.36365690653, 0.28109980774],
      [8.4007103165e-05, 0.05085293567, 0.068788577773, 0.29616264545, 0.085663961795, 0.49844787221],
      [0.049677486086, 0.59789887572, 0.00069959845246, 0.022427441564, 0.12869823095, 0.20059836723],
      [0.00043505010111, 0.0058427578576, 0.81630619253, 0.076007284445, 0.024745414858, 0.076663300211],
      [0.025159979812, 1.6069581872e-05, 0.049740045039, 0.054121020066, 0.7269365907, 0.1440262948],
      [0.034070507775, 0.025604611247, 0.15715930223, 0.49348236476, 0.15429241714, 0.13539079685],
      [0.10609333557, 7.8950154806e-05, 0.57087309257, 4.2785315351e-05, 0.32190810451, 0.0010037318744]
    ],
    [
      [0.025765133909, 0.0014864297246, 0.33699838739, 0.032432142484, 0.35221586084, 0.25110204565],
      [0, 0.075130527905, 0.078522946669, 0.3248616091, 0.08223167874, 0.43925323759],
      [0.028436876118, 0.70779641386, 0, 0.020604671519, 0.099938254962, 0.14322378354],
      [0, 0.0075535348174, 0.83424955798, 0.075256993445, 0.021903183177, 0.061036730576],
      [0.016185878511, 0.0032507314178, 0.058590911875, 0.062859820065, 0.72578446516, 0.13332819298],
      [0.016489589622, 0.04062655403, 0.16795710635, 0.516623338, 0.14277632204, 0.11552708996],
      [0.076176717934, 0.00015036170606, 0.62753767039, 6.2466959951e-05, 0.29521166216, 0.00086112085264]
    ],
    [
      [0.027021732206, 8.3181939393e-05, 0.31451323995, 0.034375219249, 0.44566075895, 0.1783458677],
      [0, 0.041681310517, 0.084457387749, 0.39552570933, 0.11909120683, 0.35924438557],
      [0.048168666845, 0.55939496153, 0.0017583070905, 0.033297381001, 0.19799433981, 0.15938634372],
      [0, 0.0016723682529, 0.83827864742, 0.085982327044, 0.031133973037, 0.042932684246],
      [0.0097635732185, 0, 0.051531036735, 0.062280134078, 0.80256549622, 0.073859759744],
      [0.024441258991, 0.010083859657, 0.16240106326, 0.5479504095, 0.18327281873, 0.071850589871],
      [0.075566417605, 6.844339569e-05, 0.56425712995, 2.6741120823e-05, 0.3595002583, 0.00058100962387]
    ],
    [
      [0.049586605025, 0.00083056142511, 0.26465262961, 0.027779158578, 0.43807429415, 0.2190767512],
      [0.00024957002439, 0.059092512094, 0.070255329496, 0.32075362443, 0.11521949628, 0.43442946767],
      [0.067178666731, 0.61239962714, 0.00094438130891, 0.020542609977, 0.14877386537, 0.15016084947],
      [0.0013393248442, 0.0073749535614, 0.81476163868, 0.080041446987, 0.032229306216, 0.064253329716],
      [0.033099870431, 0.00056936629131, 0.041562117481, 0.046266779861, 0.78033206662, 0.098169799313],
      [0.04990944062, 0.028183529205, 0.14653723497, 0.48321976481, 0.18749602836, 0.10465400203],
      [0.14205788153, 8.7950077079e-05, 0.49039028046, 3.0472702177e-05, 0.36671622489, 0.00071719034737]
    ],
    [
      [0.035083733324, 0.0011317252738, 0.24105624714, 0.025520059192, 0.5099497317, 0.18725850337],
      [5.9587150275e-05, 0.07270636333, 0.069157520445, 0.31517790573, 0.14404705132, 0.39885157203],
      [0.045364108417, 0.64908467406, 0.001231721637, 0.018381190317, 0.16455273587, 0.1213855697],
      [0.00029986512176, 0.010378878963, 0.80971635543, 0.08134492796, 0.040754478346, 0.057505494183],
      [0.020309927766, 0.002309982068, 0.03614097397, 0.040468823314, 0.82750027598, 0.073270016903],
      [0.036013717099, 0.035913173366, 0.1426106385, 0.46635056539, 0.22928344956, 0.089828456088],
      [0.10312047816, 0.00012365551706, 0.4578411022, 5.1158598946e-05, 0.43827136569, 0.00059223983137]
    ],
    [
      [0.022107584178, 0.00069007507607, 0.23530243118, 0.029846345363, 0.46113771113, 0.25091585307],
      [0, 0.046064265738, 0.058434282831, 0.31946809834, 0.11320291935, 0.46283043374],
      [0.032563374062, 0.57150957674, 0.0013675994501, 0.025417613593, 0.17592529707, 0.19321653909],
      [0, 0.002622399081, 0.7835333496, 0.09418316295, 0.037774876313, 0.081886212053],
      [0.006672029253, 0, 0.037111236539, 0.050378571438, 0.79372196531, 0.11211619746],
      [0.011798716821, 0.023570054054, 0.13075775856, 0.51371098968, 0.19733388022, 0.12282860067],
      [0.072446015405, 9.7360041065e-05, 0.49136811446, 2.7487663862e-05, 0.43511373971, 0.00094728271622]
    ],
    [
      [0.029683158532, 0.0015647207797, 0.25573654838, 0.029948751353, 0.38530163034, 0.29776519062],
      [0, 0.076459908158, 0.056697492288, 0.28913467008, 0.084785890084, 0.49292203939],
      [0.030000938981, 0.7016246264, 0.00068104895128, 0.016607439575, 0.098190060046, 0.15289588605],
      [0, 0.011656845233, 0.78507069714, 0.085939634063, 0.028639176054, 0.088693647514],
      [0.017914827764, 0.0036199685734, 0.042862030301, 0.052940724366, 0.73655338037, 0.14610906863],
      [0.023845085346, 0.045050608092, 0.13520801658, 0.49810036432, 0.15851895484, 0.13927697082],
      [0.09697653436, 0.00017506021135, 0.53681751237, 2.7869545363e-05, 0.36487703325, 0.0011259902598]
    ],
    [
      [0.038991051761, 0.0010296186123, 0.33570007848, 0.021758284222, 0.42088686559, 0.18163410133],
      [0.00019236685102, 0.071020748667, 0.10169448512, 0.28673343552, 0.12718550359, 0.41317346025],
      [0.053769839078, 0.6564338936, 0.00098486016215, 0.016382780072, 0.14565995535, 0.12676867173],
      [0.001205666517, 0.0072896615959, 0.86690156643, 0.053195776483, 0.028479875968, 0.042927453007],
      [0.027838307785, 0.0023704287043, 0.051265884228, 0.039408701289, 0.79626646739, 0.082850210602],
      [0.044008586189, 0.034639710615, 0.20228955035, 0.42042134497, 0.20531037416, 0.093330433713],
      [0.10239410109, 0.00010637115118, 0.57320645438, 5.4518320035e-05, 0.32377454179, 0.00046401327018]
    ],
    [
      [0.02295079943, 0.0014512464137, 0.26216339183, 0.028619665392, 0.45465905756, 0.23015583937],
      [0, 0.081244163053, 0.065379923671, 0.31136957471, 0.11245235055, 0.42955398802],
      [0.02365467113, 0.7130676643, 0.00081466250848, 0.016914835664, 0.12151598189, 0.12403218451],
      [0, 0.0086116422665, 0.80594624314, 0.08268857913, 0.03464056966, 0.0681129658],
      [0.007927624425, 0.0038305316874, 0.040494621594, 0.047760989794, 0.79707720059, 0.10290903191],
      [0.013025878451, 0.046131598748, 0.14325145914, 0.49322740618, 0.1940229282, 0.11034072929],
      [0.070808780572, 0.00017596915047, 0.52139602017, 5.0490658837e-05, 0.40673975873, 0.00082898072076]
    ],
    [
      [0.057447582103, 0, 0.24644167507, 0.015412786584, 0.42848555406, 0.25221240218],
      [0.00020621475812, 0.035538412009, 0.073118737528, 0.20573458701, 0.12574126156, 0.55966078714],
      [0.10553852463, 0.44845871886, 0.00141194812, 0.015513228625, 0.1960637891, 0.23301379066],
      [0.00080106647573, 0.0026945938154, 0.83058592634, 0.048233081529, 0.034510413258, 0.083174918582],
      [0.034525650103, 0, 0.041342558686, 0.02316590175, 0.78004530006, 0.1209205894],
      [0.074803589055, 0.012253475103, 0.1744080976, 0.34728737766, 0.23232575635, 0.15892170423],
      [0.16899201599, 0, 0.46510422621, 0, 0.3649865839, 0.00091717390514]
    ],
    [
      [0.11986506109, 0.0028784829714, 0.22141256308, 0.026077479542, 0.39047372684, 0.23929268648],
      [0, 0.14813125388, 0.054094109078, 0.26881151166, 0.094671290964, 0.43429183442],
      [0.068332661457, 0.77112538401, 0.0025345892812, 0.01264729269, 0.066854275544, 0.078505797021],
      [0, 0.021862205489, 0.77756371798, 0.08475303178, 0.034414546393, 0.081406498354],
      [0.068379618954, 0.0062455707308, 0.038289308441, 0.047375908884, 0.72603474539, 0.1136748476],
      [0.091935031581, 0.080685032519, 0.1210461002, 0.42815284124, 0.16674773939, 0.11143325507],
      [0.32328316157, 0.00027052860282, 0.37564599937, 6.8032380015e-05, 0.29999290765, 0.00073937042041]
    ],
    [
      [0.080006902639, 0.0010731748544, 0.30613763383, 0.027610123834, 0.35147632381, 0.23369584103],
      [0, 0.064362620263, 0.078775116236, 0.31183742757, 0.090699368492, 0.45432546744],
      [0.099298112932, 0.62201448077, 0.00038768371472, 0.019452547352, 0.11053830049, 0.14830887474],
      [0, 0.0070301139012, 0.83815929555, 0.070106438983, 0.023250654726, 0.061453496844],
      [0.053396281993, 0.0022449802003, 0.052350515554, 0.053603377923, 0.71559646646, 0.12280837787],
      [0.070746520246, 0.032525838104, 0.16288970866, 0.47159149312, 0.14919146402, 0.11305497585],
      [0.21183993648, 0.00010231058621, 0.51962755447, 2.0621591616e-05, 0.26769771245, 0.0007118644312]
    ],
    [
      [0.033513671163, 0.0018671694223, 0.24974879717, 0.028978969381, 0.41563278661, 0.27025860626],
      [0, 0.099433806055, 0.056892825795, 0.28864502528, 0.093952512809, 0.46107583006],
      [0.028529540395, 0.74809727938, 0.0005837599007, 0.013559068849, 0.090076886773, 0.1191534647],
      [0, 0.015377288117, 0.78655188984, 0.084687955412, 0.031061084275, 0.082321782353],
      [0.02030611801, 0.0035706179628, 0.039920470728, 0.048642261698, 0.76002996011, 0.12753057149],
      [0.029394573605, 0.055375800463, 0.13237554457, 0.484984442, 0.17050303513, 0.12736660424],
      [0.10578533997, 0.0002145276195, 0.51065468083, 2.623222595e-05, 0.38232660453, 0.00099261482238]
    ],
    [
      [0.06346503246, 0.0020808848593, 0.16590088055, 0.036682742451, 0.47781719447, 0.25405326521],
      [0.00036227707449, 0.1049896441, 0.035425160742, 0.34651526354, 0.10258470725, 0.41012294728],
      [0.049053934713, 0.74176062683, 0, 0.015518657457, 0.093888921131, 0.099777859872],
      [0.0009435544399, 0.023252104321, 0.6865983536, 0.14101109862, 0.047503014482, 0.10069187453],
      [0.038672939168, 0.003557077435, 0.019967608952, 0.055009414082, 0.77773062201, 0.10506233835],
      [0.055047691867, 0.053999460544, 0.072728007329, 0.54031941851, 0.1744065481, 0.10349887366],
      [0.20507998205, 0.00024607010699, 0.34517932705, 3.3309146589e-05, 0.44851296371, 0.00094834792666]
    ],
    [
      [0.038986145098, 0.0029276655681, 0.24383945519, 0.036458229537, 0.39724582546, 0.28054267914],
      [0, 0.14368420126, 0.048728967141, 0.31339898303, 0.078191940953, 0.41599590762],
      [0.022023776971, 0.82497428294, 0.0010164441303, 0.012264355808, 0.057215269771, 0.082505870383],
      [0, 0.025152455838, 0.75561274336, 0.10566986642, 0.029103649721, 0.08446128466],
      [0.024455705034, 0.0050970287242, 0.040516292798, 0.062992341517, 0.73394884929, 0.13298978264],
      [0.029134928574, 0.078275838125, 0.11374645687, 0.52487782393, 0.14004911481, 0.11391583769],
      [0.12540511695, 0.0003419932799, 0.50257809274, 7.2806052967e-05, 0.37054277324, 0.0010592177368]
    ],
    [
      [0.053510430962, 0.0021673569274, 0.25612465772, 0.032264563588, 0.43790641761, 0.21802657319],
      [0.00034298046722, 0.11720226192, 0.060906775363, 0.33250705424, 0.10316888334, 0.38587204467],
      [0.043059183372, 0.76808434772, 0.00091405372008, 0.014127049987, 0.087665273715, 0.086150091483],
      [0.0010075371835, 0.018005823425, 0.79115148413, 0.093338294639, 0.033083424836, 0.063413435781],
      [0.034467356143, 0.0040107552768, 0.040377766391, 0.052828397652, 0.77295590222, 0.095359822317],
      [0.048682786494, 0.058933674272, 0.12863460797, 0.50393357037, 0.1703168135, 0.089498547398],
      [0.15376052412, 0.0002230967546, 0.476570758, 2.6666329036e-05, 0.36868021644, 0.00073873836122]
    ],
    [
      [0.030875441536, 0.0021374305534, 0.20698723044, 0.037350727563, 0.48162975778, 0.24101941212],
      [0, 0.099347534815, 0.045576173251, 0.35581080997, 0.10538047468, 0.39388500729],
      [0.023826611358, 0.74883717187, 0.00068786345241, 0.017841076394, 0.10516860059, 0.10363867634],
      [0, 0.017966417002, 0.7326486549, 0.12422538439, 0.042367582623, 0.082791961077],
      [0.014629363148, 0.0044863071722, 0.030239738245, 0.057255242644, 0.79257120482, 0.10081814397],
      [0.018537385751, 0.053843144291, 0.098003174804, 0.55122447478, 0.1801565811, 0.098235239274],
      [0.10236794766, 0.00023362635193, 0.43644144444, 3.4995776907e-05, 0.45999790371, 0.00092408205562]
    ],
    [
      [0.074019234175, 0.0023637340736, 0.1933144847, 0.035669539023, 0.42564463214, 0.26898837589],
      [0.00010335735759, 0.11790705432, 0.040780281408, 0.3281739394, 0.089266099109, 0.42376926841],
      [0.051829314708, 0.76481346156, 0, 0.013613419895, 0.074668181687, 0.095075622152],
      [0.00057454498987, 0.024052601188, 0.71671872693, 0.12378550476, 0.038162330564, 0.096706291564],
      [0.04607199635, 0.0039601337296, 0.028681914332, 0.057642994204, 0.74320790449, 0.12043505689],
      [0.061210450212, 0.061584697272, 0.088675017167, 0.52334077456, 0.15456419812, 0.11062486267],
      [0.22965915514, 0.00026965498054, 0.38523913947, 3.16133413e-05, 0.38382990251, 0.00097053455182]
    ],
    [
      [0.049582924657, 0.0023848516288, 0.23407442009, 0.020485819494, 0.33698366138, 0.35648832274],
      [0.00038939199932, 0.14457970243, 0.049117484419, 0.18492424536, 0.069567270791, 0.551421905],
      [0.029447877754, 0.80868938739, 0.0017273210023, 0.0063179659399, 0.049857099827, 0.10396034809],
      [0.0018462450875, 0.022885894765, 0.77227551776, 0.062892655149, 0.028376485976, 0.11172320127],
      [0.037378819168, 0.002023231184, 0.045231882363, 0.038412962731, 0.69226678608, 0.18468631847],
      [0.053279628572, 0.09135886728, 0.14194229641, 0.3774731707, 0.15573706498, 0.18020897206],
      [0.16562133285, 0.00024455580741, 0.50414505715, 5.8286460854e-06, 0.32865176389, 0.0013314616516]
    ],
    [
      [0.033876026788, 0.0016735221796, 0.16012401865, 0.028601148748, 0.48489704764, 0.29082823599],
      [0, 0.086790100485, 0.035436630932, 0.28026747668, 0.10817338611, 0.4893324058],
      [0.030446157069, 0.70382481033, 0, 0.015068547514, 0.11309031216, 0.13757017293],
      [0, 0.019520516504, 0.69337495227, 0.11542251941, 0.050170686854, 0.12151132496],
      [0.018281392392, 0.0032505497179, 0.020722780344, 0.044267617866, 0.79087194354, 0.12260571614],
      [0.030665005796, 0.050512796555, 0.083930203712, 0.48995402174, 0.20427465082, 0.14066332138],
      [0.12149483262, 0.00021518673568, 0.37063988168, 2.9276834628e-05, 0.50640871178, 0.0012121103544]
    ],
    [
      [0.023978956921, 0.0010117675508, 0.23412208447, 0.026235832633, 0.47541075353, 0.23924060489],
      [0, 0.06050139125, 0.060937027874, 0.29358097594, 0.12248213436, 0.46249847057],
      [0.031696174641, 0.62294847841, 0.0011352563539, 0.019730555334, 0.16102381881, 0.16346571645],
      [0, 0.0074107494038, 0.79145269903, 0.08322066252, 0.039031124037, 0.078884765008],
      [0.0083958343567, 0.0017008868174, 0.036256582947, 0.043505028182, 0.80505482497, 0.10508684272],
      [0.017311689908, 0.033291438306, 0.13701352476, 0.47510312467, 0.21427691556, 0.12300330679],
      [0.07757629549, 0.00011799536622, 0.48018830377, 2.3712542125e-05, 0.44120426544, 0.00088942738511]
    ],
    [
      [0.025889598171, 0.00097198151399, 0.1873343586, 0.029027384804, 0.4769734075, 0.2798032694],
      [0, 0.051802962715, 0.04467498443, 0.2946943229, 0.11186017389, 0.49696755606],
      [0.034653419354, 0.58959501641, 0.00094560969212, 0.022170099834, 0.16060782874, 0.19202802597],
      [0, 0.0084553870598, 0.73638542548, 0.10478747249, 0.043958513909, 0.10641320106],
      [0.012909986696, 0.0016419258689, 0.027685067389, 0.045377490728, 0.79247663199, 0.11990889733],
      [0.021448486582, 0.030576112952, 0.10479262719, 0.5007492776, 0.20410422809, 0.13832926759],
      [0.093430024087, 0.00012298111569, 0.42097628042, 0.00010533654278, 0.48417450838, 0.0011908694524]
    ],
    [
      [0.06707265895, 0.0015599414001, 0.19943630246, 0.020601587734, 0.45029414387, 0.26103536558],
      [0.00012868530932, 0.11253662981, 0.050384519145, 0.23388242779, 0.11239325499, 0.49067448296],
      [0.056149036905, 0.72981582312, 0.0010375263799, 0.0084749808247, 0.093763135813, 0.11075949696],
      [0.00055467785135, 0.019500029827, 0.76573099813, 0.075513937216, 0.041326828146, 0.097373528834],
      [0.041086580953, 0.0025553810133, 0.030933550184, 0.032410596882, 0.77684207273, 0.11617181823],
      [0.070587669282, 0.062615488105, 0.12010031366, 0.39982361713, 0.20843351259, 0.13843939923],
      [0.20540369991, 0.0001759271888, 0.39216847896, 0, 0.40125447474, 0.00099741920265]
    ],
    [
      [0.020524679026, 0.0017521760903, 0.19834732876, 0.02758098488, 0.46496587156, 0.28682895968],
      [0, 0.075860842825, 0.045908451997, 0.2757616939, 0.10657057691, 0.49589843437],
      [0.017032348522, 0.68899563496, 0.0015583908766, 0.016677634993, 0.12246146873, 0.15327452191],
      [0, 0.01298891788, 0.74761177265, 0.094937138317, 0.041586224593, 0.10287594656],
      [0.0032290053649, 0.0047418664907, 0.030829395353, 0.044374558102, 0.79015591397, 0.12666926071],
      [0.012678968271, 0.04594361332, 0.11195804308, 0.48407774844, 0.20240114949, 0.14294047739],
      [0.077408784871, 0.00020841113668, 0.44914029734, 5.5710112166e-05, 0.47198117765, 0.0012056188983]
    ],
    [
      [0.03796977869, 0.0025394043453, 0.15140537546, 0.042542529021, 0.4857584709, 0.27978444159],
      [0, 0.1121528249, 0.027990978464, 0.36019258072, 0.094261552152, 0.40540206377],
      [0.022591627512, 0.77737023045, 0, 0.016266326039, 0.085611425933, 0.098160390062],
      [0, 0.028621668729, 0.63899685786, 0.16761322869, 0.050347411533, 0.11442083319],
      [0.019777149917, 0.0049944223971, 0.015655713202, 0.063465970012, 0.77996012859, 0.11614661588],
      [0.027009674825, 0.060707489108, 0.05624454794, 0.57919219761, 0.16817899926, 0.10866709125],
      [0.13701602885, 0.00032337050252, 0.35227135543, 4.3769723993e-05, 0.50917381792, 0.0011716575747]
    ],
    [
      [0.04330620955, 0.0013418073806, 0.17886439499, 0.034606585042, 0.40607166646, 0.33580933658],
      [0.00030967293837, 0.065752804875, 0.036071688118, 0.30780262204, 0.081563439388, 0.50849977264],
      [0.045119989854, 0.65678263088, 0, 0.019031366741, 0.10498195128, 0.17408406124],
      [0.00076462474221, 0.014512346061, 0.69716929019, 0.12522049698, 0.037771133949, 0.12456210807],
      [0.029009747292, 0.0023091856044, 0.027019625725, 0.057068454823, 0.73117981223, 0.15341317433],
      [0.038991119014, 0.037601936036, 0.086212626935, 0.53891695275, 0.15490303793, 0.14337432734],
      [0.15484134972, 0.00018246282875, 0.4176799517, 3.5822356247e-05, 0.42585705116, 0.0014033622389]
    ],
    [
      [0.078657747351, 0.0014977752399, 0.23425528134, 0.021542103761, 0.39626222877, 0.26778486354],
      [0, 0.079771149878, 0.060546281842, 0.24313744272, 0.10159805674, 0.51494706883],
      [0.083860495269, 0.65046631197, 0.0008991201314, 0.012401509445, 0.10697748175, 0.14539508144],
      [0, 0.011001730458, 0.79745655883, 0.068768597212, 0.033459478593, 0.089313634911],
      [0.048202366186, 0.0034841116646, 0.039383663057, 0.036641901662, 0.74241838166, 0.12986957577],
      [0.076423847735, 0.046399041995, 0.1414887145, 0.40615739163, 0.186479125, 0.14305187914],
      [0.22982979225, 0.00015926346135, 0.43541028981, 1.1021593185e-06, 0.33366458829, 0.0009349640233]
    ],
    [
      [0.029368162156, 0.00028516178288, 0.2762428449, 0.028177578364, 0.4052380476, 0.26068820519],
      [0, 0.046322446384, 0.068920937374, 0.30013874955, 0.1003807465, 0.48423712019],
      [0.045841183963, 0.56622835316, 0.0010359848301, 0.02400395022, 0.15812727294, 0.20476325489],
      [0, 0.0044246847904, 0.81357830991, 0.077522982359, 0.029405261786, 0.075068761154],
      [0.016420249378, 0, 0.045300920634, 0.05061912497, 0.76113155267, 0.12652815235],
      [0.027443668008, 0.021722707681, 0.15453213196, 0.48940688859, 0.17746741279, 0.12942719097],
      [0.090994983616, 6.995896007e-05, 0.54597932611, 4.495662298e-05, 0.36196818533, 0.00094258936158]
    ],
    [
      [0.019595536105, 0.00025212337266, 0.2886882789, 0.024857558556, 0.37798310762, 0.28862339545],
      [0, 0.032364597581, 0.071803028492, 0.26515269551, 0.094833751561, 0.53584592685],
      [0.034156727217, 0.5006771202, 0.0012649006642, 0.026237347234, 0.1733777697, 0.26428613499],
      [0, 0, 0.82274885669, 0.068524887221, 0.028772861045, 0.07995339504],
      [0.0043821562639, 0, 0.049779110901, 0.050579610279, 0.74952567301, 0.14573344954],
      [0.014374768961, 0.015175857873, 0.17347155941, 0.46418679042, 0.18088482501, 0.15190619833],
      [0.06308354063, 0, 0.58815105789, 0.00013094138619, 0.34757098124, 0.0010634788539]
    ],
    [
      [0.023233621545, 0.00084061282423, 0.36798151281, 0.028137935719, 0.36719902968, 0.21260728742],
      [0, 0.06011529868, 0.097648655921, 0.31830242297, 0.09834928572, 0.42558433671],
      [0.030973650367, 0.64461752126, 0, 0.025125183996, 0.13935925791, 0.15992438647],
      [0, 0.0058271397984, 0.86001714973, 0.062323483898, 0.023207103591, 0.048625122985],
      [0.01243965231, 0.0012004387513, 0.059313424841, 0.057776354632, 0.75690065462, 0.11236947485],
      [0.017762223627, 0.028919994796, 0.19762367313, 0.48469103857, 0.1658123185, 0.10519075137],
      [0.064351062526, 7.3883599542e-05, 0.64539004468, 0.00019264895106, 0.28929978062, 0.00069257962468]
    ],
    [
      [0.058667941628, 0.0014263489462, 0.27273420644, 0.030944059063, 0.42564570936, 0.21058173456],
      [0.00019616506458, 0.083932797234, 0.069279299512, 0.34146454024, 0.10720297705, 0.39792422091],
      [0.063276012656, 0.69036691778, 0.00097592324111, 0.018248338865, 0.11455451278, 0.11257829468],
      [0.0010729743634, 0.0117098082, 0.8110978006, 0.086613574624, 0.031243997298, 0.058261844916],
      [0.038459161745, 0.0027975003022, 0.043715745994, 0.052107008844, 0.76887019704, 0.094050386074],
      [0.054441383762, 0.040900827983, 0.14124159701, 0.50135395461, 0.17138048909, 0.090681747542],
      [0.16348678816, 0.00014949660708, 0.48977275089, 3.6764191298e-05, 0.34593788617, 0.00061631398388]
    ],
    [
      [0.047248873558, 0.00085038671993, 0.24218750707, 0.025500047134, 0.42073413718, 0.26347904833],
      [0.00026289732772, 0.058673893973, 0.061092888442, 0.27964339567, 0.10513022105, 0.49519670353],
      [0.062867256631, 0.6013861061, 0.00090747108541, 0.018390754065, 0.1396485918, 0.17679982032],
      [0.00056031194618, 0.0087170729426, 0.79533805343, 0.078366022509, 0.033033336977, 0.083985202199],
      [0.031476233794, 0.00088852519054, 0.03887861713, 0.042760963778, 0.76290152147, 0.12309413864],
      [0.049059697367, 0.030757878084, 0.13957801011, 0.46035849337, 0.18646508308, 0.13378083799],
      [0.14397440842, 0.00011223828606, 0.47864347631, 2.2422771262e-05, 0.37630424734, 0.00094320686587]
    ],
    [
      [0.023596816972, 0.0011384221188, 0.2488844891, 0.024052567305, 0.35761224243, 0.34471546207],
      [0, 0.05216871051, 0.055818928928, 0.2317145332, 0.079836782472, 0.58046104489],
      [0.030621144015, 0.61333200255, 0.0010163168535, 0.01691140555, 0.11530456778, 0.22281456325],
      [0, 0.0073000021727, 0.79033464133, 0.070839273924, 0.029053359353, 0.10247272322],
      [0.013541375731, 0.002804558458, 0.04477272745, 0.046075303171, 0.72120205487, 0.17160398032],
      [0.020845600892, 0.034898512659, 0.14979836446, 0.44903607634, 0.16972778254, 0.1756936631],
      [0.083348095391, 0.00012559600593, 0.55642430787, 2.3360545509e-05, 0.35869687759, 0.0013817626024]
    ],
    [
      [0.057402531159, 0.0038983935321, 0.20497319152, 0.032189083238, 0.44845340583, 0.25308339472],
      [0.00019090681091, 0.19771156218, 0.042111236306, 0.28429906996, 0.090935422946, 0.3847518018],
      [0.026595968783, 0.85378639604, 0.001047821154, 0.01132160882, 0.051215632041, 0.056032573165],
      [0.00056836404828, 0.038738809884, 0.72832107166, 0.10783273053, 0.038488048543, 0.086050975341],
      [0.03547300242, 0.00288938296, 0.031952218181, 0.055335294615, 0.7664524169, 0.10789768492],
      [0.048884484037, 0.10330021604, 0.098956290026, 0.48236032145, 0.16546204984, 0.10103663861],
      [0.17881874272, 0.00047403974068, 0.41184517297, 2.8516162831e-05, 0.40791064637, 0.00092288203474]
    ],
    [
      [0.042317348516, 0.0017889472247, 0.29648837124, 0.031535330649, 0.40003886882, 0.22783113355],
      [8.7392956448e-05, 0.096779898734, 0.070913257594, 0.32910873328, 0.095163251727, 0.40794746571],
      [0.039763355081, 0.74272639748, 0.00044048089365, 0.016101109712, 0.093794557882, 0.10717409895],
