{
  "X": [
    [44, 378, 344, 34],
    [34, 215, 218, 24],
    [1, 5, 60, 0],
    [9, 20, 127, 4],
    [15, 67, 213, 8],
    [6, 221, 46, 8],
    [12, 103, 103, 11],
    [67, 353, 587, 33],
    [5, 11, 65, 6],
    [9, 24, 134, 3],
    [21, 384, 147, 22],
    [13, 245, 133, 12],
    [5, 206, 74, 14],
    [5, 102, 13, 2],
    [12, 364, 148, 18],
    [48, 490, 744, 45],
    [28, 193, 238, 30],
    [31, 363, 402, 52],
    [25, 215, 149, 28],
    [87, 273, 312, 23],
    [20, 84, 435, 14],
    [17, 94, 261, 13],
    [40, 219, 754, 25],
    [92, 300, 1218, 31],
    [40, 352, 530, 47],
    [31, 182, 557, 22],
    [50, 259, 834, 20],
    [1, 12, 58, 4],
    [27, 311, 331, 18],
    [98, 765, 936, 64],
    [22, 82, 165, 17],
    [15, 49, 275, 13],
    [27, 216, 271, 40],
    [51, 548, 543, 37],
    [17, 53, 185, 10],
    [2, 5, 40, 1],
    [7, 40, 145, 6],
    [39, 141, 207, 18],
    [4, 46, 112, 6],
    [10, 43, 239, 12],
    [17, 149, 151, 6],
    [25, 239, 280, 19],
    [40, 347, 527, 37],
    [10, 115, 85, 9],
    [7, 21, 87, 0],
    [8, 30, 256, 14],
    [10, 32, 166, 8],
    [8, 25, 52, 1],
    [3, 14, 101, 5],
    [25, 281, 229, 21],
    [46, 499, 621, 53],
    [3, 21, 103, 4],
    [4, 10, 55, 2],
    [54, 109, 228, 10],
    [4, 8, 17, 0],
    [8, 53, 147, 7],
    [8, 48, 261, 6],
    [19, 38, 166, 7],
    [13, 49, 139, 6],
    [8, 29, 126, 3],
    [2, 13, 67, 1],
    [1, 4, 60, 3],
    [9, 245, 344, 42],
    [165, 993, 2070, 96],
    [25, 141, 195, 13],
    [157, 654, 977, 74],
    [26, 92, 240, 12]
  ],
  "W": [
    [27, 50, 347, 307, 29, 40],
    [19, 26, 209, 190, 18, 29],
    [7, 2, 2, 54, 1, 0],
    [12, 10, 18, 110, 4, 6],
    [14, 19, 53, 191, 11, 15],
    [7, 8, 197, 38, 12, 19],
    [14, 10, 91, 85, 12, 17],
    [47, 87, 305, 523, 33, 45],
    [13, 8, 11, 55, 0, 0],
    [13, 12, 21, 116, 3, 5],
    [17, 21, 363, 126, 29, 18],
    [12, 10, 217, 115, 18, 31],
    [8, 8, 190, 65, 7, 21],
    [2, 2, 90, 12, 4, 12],
    [15, 14, 339, 121, 27, 26],
    [45, 54, 447, 679, 45, 57],
    [25, 26, 177, 218, 19, 24],
    [28, 46, 328, 366, 36, 44],
    [9, 29, 197, 121, 16, 45],
    [26, 112, 254, 265, 16, 22],
    [38, 25, 70, 390, 10, 20],
    [13, 21, 82, 240, 17, 12],
    [55, 67, 207, 658, 22, 29],
    [84, 108, 310, 1067, 26, 46],
    [38, 54, 313, 467, 39, 58],
    [44, 61, 152, 488, 26, 21],
    [74, 65, 224, 730, 32, 38],
    [16, 6, 6, 45, 1, 1],
    [18, 31, 291, 289, 29, 29],
    [67, 117, 682, 833, 69, 95],
    [13, 16, 74, 151, 15, 17],
    [27, 22, 48, 241, 1, 13],
    [25, 23, 206, 248, 18, 34],
    [30, 53, 520, 472, 42, 62],
    [27, 16, 44, 155, 9, 14],
    [8, 1, 5, 33, 1, 0],
    [7, 8, 26, 135, 9, 13],
    [22, 42, 125, 172, 22, 22],
    [6, 5, 33, 107, 12, 5],
    [20, 15, 39, 214, 6, 10],
    [7, 14, 130, 146, 14, 12],
    [18, 31, 219, 246, 23, 26],
    [43, 57, 303, 459, 52, 37],
    [11, 15, 109, 64, 5, 15],
    [4, 7, 19, 78, 4, 3],
    [23, 12, 35, 223, 8, 7],
    [20, 8, 30, 148, 2, 8],
    [2, 13, 21, 47, 2, 1],
    [16, 7, 10, 84, 3, 3],
    [14, 31, 256, 215, 9, 31],
    [49, 46, 464, 551, 46, 63],
    [13, 7, 17, 88, 1, 5],
    [1, 3, 12, 49, 4, 2],
    [12, 64, 101, 201, 10, 13],
    [0, 2, 9, 16, 0, 2],
    [11, 10, 50, 124, 9, 11],
    [17, 11, 42, 246, 5, 2],
    [19, 31, 34, 137, 3, 6],
    [12, 15, 50, 119, 5, 6],
    [5, 7, 31, 117, 1, 5],
    [3, 0, 13, 60, 5, 2],
    [19, 0, 4, 42, 1, 2],
    [7, 11, 247, 323, 27, 25],
    [132, 176, 933, 1856, 104, 123],
    [10, 26, 136, 177, 11, 14],
    [63, 172, 617, 876, 23, 111],
    [23, 38, 82, 218, 3, 6]
  ],
  "method": "mvn_pdf",
  "cond_prob": [
    [
      [0.0013469771021, 0.025995930306, 0.84482864198, 0.12782845061],
      [0.64948965461, 0.11947292325, 0.21444770975, 0.016589712389],
      [0.013576662413, 0.9419580288, 0.011063561042, 0.03340174774],
      [0.0059431821398, 0.0071122080482, 0.97274759691, 0.014197012901],
      [0.0074674648053, 0.69328926646, 0.17192188445, 0.12732138428],
      [0.11842334085, 0.55440477814, 0.075223464923, 0.25194841609]
    ],
    [
      [0.0018784183139, 0.018666222562, 0.87536980837, 0.10408555075],
      [0.7633984136, 0.053270985064, 0.17246303614, 0.010867565192],
      [0.029708402899, 0.90684065015, 0.019248133825, 0.044202813131],
      [0.0066672213993, 0.0050947264923, 0.97662452276, 0.011613529348],
      [0.015117141358, 0.58740585124, 0.2496042765, 0.1478727309],
      [0.21958670628, 0.42032058357, 0.096880635527, 0.26321207462]
    ],
    [
      [0.015001018306, 0.13352127801, 0.85147770368, 0],
      [0.40256345346, 0.29713756865, 0.30029897789, 0],
      [0.0022374810638, 0.99678107551, 0.00098144342778, 0],
      [0.0015193436015, 0.0091437170756, 0.98933693932, 0],
      [0.0033464483417, 0.9837530435, 0.012900508156, 0],
      ["NaN", "NaN", "NaN", "NaN"]
    ],
    [
      [0.00098897008086, 0.0056430063988, 0.9444048052, 0.048963218321],
      [0.66113904719, 0.036204725401, 0.29470670604, 0.0079495213671],
      [0.036669239735, 0.88200743966, 0.03674326592, 0.044580054684],
      [0.0034907614069, 0.00070411248675, 0.99018890939, 0.005616216719],
      [0.012517028809, 0.40141719675, 0.47300248827, 0.11306328617],
      [0.21377395031, 0.33516359913, 0.20765108416, 0.2434113664]
    ],
    [
      [0.00093670139442, 0.01408301465, 0.92205267905, 0.062927604909],
      [0.5964964525, 0.089355746032, 0.30370272207, 0.010445079396],
      [0.015096602159, 0.93302005787, 0.024788459403, 0.027094880573],
      [0.0038459694342, 0.0035431597118, 0.9859682941, 0.006642576757],
      [0.0077281214645, 0.62270565173, 0.27333595161, 0.096230275188],
      [0.1355829447, 0.54190065863, 0.11203218569, 0.21048421098]
    ],
    [
      [0.00092222684844, 0.037273874576, 0.82973069024, 0.13207320833],
      [0.52612560648, 0.26395794643, 0.19369362279, 0.016222824303],
      [0.0019265511109, 0.98245890691, 0.0020058054411, 0.01360873654],
      [0.0077713981459, 0.020219706864, 0.95819745499, 0.013811439996],
      [0.0029722491645, 0.84167403746, 0.085786340941, 0.069567372431],
      [0.056527835362, 0.74813564922, 0.042434375423, 0.15290213999]
    ],
    [
      [0.0012323160239, 0.011526264384, 0.88709478921, 0.10014663038],
      [0.69571593871, 0.069174978612, 0.22322870626, 0.01188037642],
      [0.018649449404, 0.93251660232, 0.015548009618, 0.033285938657],
      [0.0062413595282, 0.0073586527054, 0.9753570921, 0.011042895665],
      [0.0098746772087, 0.65661881406, 0.21324879475, 0.12025771399],
      [0.15761627096, 0.51664473251, 0.08642227339, 0.23931672314]
    ],
    [
      [0.0012271312735, 0.022860435722, 0.87694069406, 0.098971738949],
      [0.62870756278, 0.11949742342, 0.23794158301, 0.013853430792],
      [0.012975334624, 0.94687272902, 0.012696998661, 0.027454937699],
      [0.0051708575657, 0.0070178667901, 0.97719908523, 0.010612190416],
      [0.0071789048592, 0.69707791171, 0.19027237508, 0.10547080835],
      [0.1188006098, 0.57909302036, 0.085692780302, 0.21641358954]
    ],
    [
      [0.0022508919769, 0.030645672405, 0.65173315029, 0.31537028533],
      [0.58269479512, 0.080513901624, 0.29720035798, 0.039590945274],
      [0.010461046438, 0.85881228815, 0.038031397679, 0.092695267736],
      [0.0035292460455, 0.0092829068386, 0.97693674196, 0.010251105154],
      ["NaN", "NaN", "NaN", "NaN"],
      ["NaN", "NaN", "NaN", "NaN"]
    ],
    [
      [0.00084082874113, 0.0077057978812, 0.9479798213, 0.04347355208],
      [0.60600021609, 0.055139638257, 0.33125108492, 0.007609060733],
      [0.021621017834, 0.92619821081, 0.022305480552, 0.0298752908],
      [0.0035518170495, 0.0014570876624, 0.99096286016, 0.0040282351315],
      [0.0093738922779, 0.4910069546, 0.4113820081, 0.088237145027],
      [0.16457856085, 0.42918870175, 0.209399282, 0.1968334554]
    ],
    [
      [0.001428971161, 0.034449700599, 0.82525472347, 0.13886660477],
      [0.65949750723, 0.13739989909, 0.18672901918, 0.016373574496],
      [0.011141160456, 0.9550479031, 0.0069132976813, 0.026897638761],
      [0.0064870116464, 0.011297492415, 0.96680038894, 0.015415107],
      [0.0064698606377, 0.75256365335, 0.13115764149, 0.10980884452],
      [0.11539050927, 0.58881879953, 0.051078479468, 0.24471221173]
    ],
    [
      [0.0011981960703, 0.038478663109, 0.88161820105, 0.078704939774],
      [0.64487955342, 0.11384530887, 0.23031107233, 0.010964065375],
      [0.010997407247, 0.96160973039, 0.010663716509, 0.016729145859],
      [0.0050247220266, 0.0096406619489, 0.97797452096, 0.0073600950597],
      [0.0062830179416, 0.75192816724, 0.16709508252, 0.074693732299],
      [0.11159520595, 0.64797123632, 0.075118160819, 0.16531539691]
    ],
    [
      [0.00054967504564, 0.057506917877, 0.78106833633, 0.16087507074],
      [0.46030377052, 0.25596939029, 0.25551930266, 0.028207536536],
      [0.0016562523946, 0.96531417137, 0.0049785690563, 0.028051007175],
      [0.0016987605289, 0.010868997332, 0.96841529412, 0.019016948017],
      [0.0027209761899, 0.7653593888, 0.10576221664, 0.12615741837],
      [0.041381819658, 0.66754744883, 0.051144815852, 0.23992591566]
    ],
    [
      [0.027407999304, 0.11778108374, 0.74939498532, 0.10541593163],
      [0.87669443435, 0.071795612459, 0.045484658037, 0.006025295151],
      [0.0083087105136, 0.98714234147, 0.00093008487625, 0.0036188631397],
      [0.063447566112, 0.024367117675, 0.90070830234, 0.01147701387],
      [0.0080054696857, 0.89324789703, 0.054289024842, 0.044457608445],
      [0.13755154286, 0.74271990625, 0.025073112244, 0.094655438637]
    ],
    [
      [0.00067492918398, 0.027679169875, 0.88593155587, 0.085714345073],
      [0.52545479748, 0.14060176979, 0.31777486459, 0.016168568137],
      [0.0064795010443, 0.95795785964, 0.012841845654, 0.022720793657],
      [0.0025307046573, 0.0090292224642, 0.97963546747, 0.0088046054125],
      [0.0042358091646, 0.71669587668, 0.18710389704, 0.091964417116],
      [0.077552920482, 0.63174417949, 0.089272926826, 0.2014299732]
    ],
    [
      [0.00094340566618, 0.013797817451, 0.89073246714, 0.094526309747],
      [0.60054797488, 0.108762594, 0.2755581855, 0.015131245622],
      [0.01319339703, 0.938293704, 0.016403679252, 0.032109219721],
      [0.0040917212405, 0.0056959643247, 0.98020669601, 0.010005618428],
      [0.0068913422949, 0.65033242604, 0.22720317414, 0.11557305753],
      [0.11477400884, 0.54308971059, 0.10385899845, 0.23827728212]
    ],
    [
      [0.0019136109668, 0.0248271622, 0.76707709683, 0.20618213],
      [0.73952868268, 0.093601457881, 0.14637934896, 0.020490510482],
      [0.018102793796, 0.92470017556, 0.010300434264, 0.04689659638],
      [0.0094649814197, 0.010644739374, 0.95910842206, 0.020781857147],
      [0.0095596395649, 0.66060448738, 0.14427801556, 0.18555785749],
      [0.13646751554, 0.47507139676, 0.056963097382, 0.33149799032]
    ],
    [
      [0.0006911336793, 0.019342044955, 0.78944742637, 0.19051939499],
      [0.53052865746, 0.15770306469, 0.27835410633, 0.033414171521],
      [0.0074748817377, 0.93190521434, 0.012474891825, 0.048145012093],
      [0.0028027394451, 0.010129679073, 0.96802554922, 0.019042032258],
      [0.0042229859189, 0.65192659233, 0.15879954332, 0.18505087843],
      [0.066971333501, 0.50823526355, 0.067847365361, 0.35694603759]
    ],
    [
      [0.00051030280493, 0.0090414637936, 0.88776737878, 0.10268085462],
      [0.5724372603, 0.085593074251, 0.32375051811, 0.018219147342],
      [0.013955785232, 0.91786034233, 0.023932569661, 0.044251302777],
      [0.0033898604169, 0.011152933747, 0.97508594507, 0.010371260768],
      [0.0066983985427, 0.58250404392, 0.26249325757, 0.14830429997],
      [0.11395754552, 0.4655193455, 0.10491824152, 0.31560486747]
    ],
    [
      [0.0022722871783, 0.027495177803, 0.86720185693, 0.10303067809],
      [0.69008016617, 0.088695581293, 0.20760092559, 0.013623326942],
      [0.017489311787, 0.9336212109, 0.016431122909, 0.032458354403],
      [0.0065152249896, 0.0099495420478, 0.97208306475, 0.011452168208],
      [0.0086552482593, 0.67158601491, 0.19724544087, 0.12251329596],
      [0.15202900608, 0.53770126464, 0.057727437306, 0.25254229197]
    ],
    [
      [0.00083794146157, 0.011243747945, 0.92153513077, 0.066383179822],
      [0.58528792625, 0.079372301032, 0.32315835266, 0.012181420056],
      [0.016939993802, 0.92752509888, 0.020518566026, 0.035016341295],
      [0.003453240442, 0.0031491470932, 0.98643859999, 0.006959012478],
      [0.0080340789566, 0.57334439849, 0.30334255948, 0.11527896307],
      [0.13615279701, 0.48500308899, 0.13609635013, 0.24274776388]
    ],
    [
      [0.00086019359124, 0.0095900530978, 0.89523923684, 0.094310516475],
      [0.61579358142, 0.08387787194, 0.28547443818, 0.01485410846],
      [0.016559640745, 0.9180463392, 0.024938838791, 0.040455181262],
      [0.0041549445559, 0.003605758167, 0.98200608624, 0.010233211032],
      [0.0083251018295, 0.60671553075, 0.2420363787, 0.14292298872],
      [0.13004569232, 0.47121235014, 0.12715523348, 0.27158672406]
    ],
    [
      [0.00056303549097, 0.0081598583171, 0.93749134952, 0.05378575667],
      [0.47476805383, 0.074368050491, 0.43799530595, 0.012868589729],
      [0.015080415404, 0.90835496356, 0.037157375406, 0.039407245626],
      [0.0025925787492, 0.0029287521233, 0.98943444936, 0.0050442197679],
      [0.0061304640238, 0.48855604606, 0.39384801923, 0.11146547068],
      [0.11024622162, 0.44357651867, 0.19614446438, 0.25003279532]
    ],
    [
      [0.00088244472114, 0.0051531981073, 0.95647692704, 0.037487430133],
      [0.60968863879, 0.036620014442, 0.34701984625, 0.0066715005205],
      [0.037826545897, 0.86258985657, 0.058791017814, 0.040792579721],
      [0.0035855444339, 0.0022984840829, 0.99181375158, 0.0023022199079],
      [0.013249521458, 0.39836468716, 0.48883645465, 0.099549336731],
      [0.22136975994, 0.33476847567, 0.23864257521, 0.20521918918]
    ],
    [
      [0.00072713543838, 0.015171551932, 0.87504500379, 0.10905630883],
      [0.54204456309, 0.11319648048, 0.32435372754, 0.020405228886],
      [0.011435943448, 0.92686298816, 0.019180034359, 0.042521034034],
      [0.0029289240852, 0.0049594605977, 0.98055306131, 0.011558554004],
      [0.0057536940757, 0.60868756748, 0.23967162502, 0.14588711343],
      [0.095350181563, 0.50254952682, 0.10283387596, 0.29926641566]
    ],
    [
      [0.00046880411417, 0.015228122779, 0.90504897636, 0.079254096751],
      [0.45005642687, 0.13395424644, 0.3970888599, 0.018900466798],
      [0.0078044948888, 0.93772763057, 0.022185570732, 0.032282303806],
      [0.0014816787225, 0.00506860798, 0.98478621702, 0.0086634962794],
      [0.0039618581629, 0.62934502706, 0.2529437319, 0.11374938288],
      [0.072075229909, 0.56131915811, 0.11576223338, 0.2508433786]
    ],
    [
      [0.00087487817783, 0.012139882241, 0.93999086687, 0.046994372712],
      [0.5817357296, 0.085170315002, 0.32510708484, 0.0079868705602],
      [0.016667626976, 0.93668573592, 0.024311647677, 0.022334989431],
      [0.0036606482565, 0.0042432005658, 0.98911222366, 0.0029839275138],
      [0.00812847527, 0.60258201518, 0.31285906991, 0.076430439637],
      [0.14359220297, 0.53599506566, 0.15261823014, 0.16779450123]
    ],
    [
      [0.0017840140683, 0.044147297187, 0.76811757146, 0.18595111729],
      [0.15904041799, 0.59613862659, 0.21938409837, 0.025436857051],
      [0.00040208828931, 0.90482471673, 0.08715281665, 0.0076203783256],
      [0.00022079905252, 0.013162051066, 0.97111065637, 0.015506493514],
      [0.00026935733605, 0.90345581057, 0.056079447633, 0.040195384463],
      [0.0045954225243, 0.79211507653, 0.11483838238, 0.088451118569]
    ],
    [
      [0.00076394226346, 0.0089764310295, 0.93310542456, 0.057154202151],
      [0.57121325182, 0.090014819462, 0.32887555655, 0.0098963721763],
      [0.014853168591, 0.93771478143, 0.022737045654, 0.024695004321],
      [0.0035105302483, 0.0053781682965, 0.98612319586, 0.0049881055918],
      [0.0073835211052, 0.61637054382, 0.28870757466, 0.087538360419],
      [0.12854140755, 0.54289403561, 0.13897781207, 0.18958674477]
    ],
    [
      [0.0011326635115, 0.019960483854, 0.88325323327, 0.095653619367],
      [0.62093488756, 0.11551172324, 0.24985304622, 0.013700342988],
      [0.013473269535, 0.9439765961, 0.014141932502, 0.028408201862],
      [0.0048933183439, 0.0064673292185, 0.97857653608, 0.010062816357],
      [0.0073373060382, 0.68221632574, 0.20345885327, 0.10698751496],
      [0.12109001664, 0.56732132322, 0.092121195447, 0.21946746469]
    ],
    [
      [0.0025714442302, 0.017446017323, 0.83452748705, 0.1454550514],
      [0.83359285725, 0.040623701489, 0.1139901383, 0.011793302957],
      [0.038378228853, 0.88192944319, 0.022030264977, 0.057662062979],
      [0.0085745068969, 0.0073615929982, 0.96897989363, 0.015084006472],
      [0.019031924331, 0.577662347, 0.19783411331, 0.20547161536],
      [0.24758042161, 0.3578769416, 0.083152071117, 0.31139056567]
    ],
    [
      [0.00068753697919, 0.023599839705, 0.89170343718, 0.084009186135],
      [0.53103775678, 0.057224881931, 0.3936693468, 0.018068014483],
      [0.019618161613, 0.87019299368, 0.042485509434, 0.067703335274],
      [0.0033114338317, 0.0021417372044, 0.98605428519, 0.0084925437728],
      [0.01447008288, 0.4031737452, 0.19245672218, 0.38989944974],
      [0.11880065066, 0.3396354475, 0.18403366618, 0.35753023566]
    ],
    [
      [0.0015831564796, 0.021881535379, 0.77046758026, 0.20606772788],
      [0.72011041221, 0.080097804307, 0.17498470599, 0.02480707749],
      [0.019173574111, 0.90480109782, 0.015328754519, 0.060696573547],
      [0.0077010790645, 0.010169705532, 0.96441098981, 0.017718225596],
      [0.009285092729, 0.59162573799, 0.1726911345, 0.22639803478],
      [0.12856253127, 0.41324516792, 0.066869792101, 0.39132250871]
    ],
    [
      [0.00079627585674, 0.0085848895829, 0.92804538112, 0.062573453441],
      [0.59179804857, 0.079143369835, 0.31859878359, 0.010459798007],
      [0.016920640509, 0.93047081254, 0.024010159555, 0.0285983874],
      [0.0037772557815, 0.0056835820104, 0.98466329614, 0.0058758660641],
      [0.0082401131323, 0.59778108793, 0.29604796938, 0.097930829557],
      [0.14005052589, 0.51473509339, 0.13858918667, 0.20662519404]
    ],
    [
      [0.00084918814904, 0.0078158881096, 0.90453028713, 0.086804636611],
      [0.73301424007, 0.051332471431, 0.20636068649, 0.0092926020109],
      [0.028330839739, 0.91069430333, 0.023861322476, 0.037113534459],
      [0.0056845263612, 0.0043501562977, 0.98062278202, 0.009342535317],
      [0.013715510299, 0.56884969626, 0.29447103076, 0.12296376268],
      [0.21412471083, 0.43594147423, 0.11280304172, 0.23713077321]
    ],
    [
      [0.033138840619, 0.0083390668324, 0.89261134184, 0.065910750708],
      [0.99609110724, 0.00010672649064, 0.00054354231346, 0.0032586239586],
      [0.063631965634, 0.89160027665, 0.021504817278, 0.023262940443],
      [0.011854433974, 0.0017722672665, 0.97798508095, 0.0083882178071],
      [0.029442018515, 0.41669453583, 0.47753396513, 0.076329480527],
      ["NaN", "NaN", "NaN", "NaN"]
    ],
    [
      [0.00083240961039, 0.087023160453, 0.84049842076, 0.071646009175],
      [0.57713472937, 0.11249293794, 0.29891643042, 0.011455902264],
      [0.010738838014, 0.91230953894, 0.05405120092, 0.022900422129],
      [0.0037694807779, 0.004589678317, 0.98356925068, 0.0080715902257],
      [0.0062883114891, 0.70076325809, 0.19896601115, 0.093982419271],
      [0.11787775392, 0.60341311272, 0.057485034254, 0.22122409911]
    ],
    [
      [0.0014724443405, 0.013472387016, 0.8911014847, 0.09395368394],
      [0.72069387012, 0.063691933692, 0.20435079468, 0.011263401507],
      [0.025470839886, 0.91203251329, 0.022507026419, 0.0399896204],
      [0.0060542197996, 0.004717969411, 0.9786390888, 0.010588721988],
      [0.012248496256, 0.60902403017, 0.23584993988, 0.14287753369],
      [0.19108254412, 0.44611194119, 0.11295607755, 0.24984943713]
    ],
    [
      [0.00089101990974, 0.26363524781, 0.60777380064, 0.12769993164],
      [0.59159457138, 0.16991807651, 0.21909460993, 0.019392742174],
      [0.0065536495463, 0.90894192638, 0.060184617148, 0.024319806924],
      [0.0040066868979, 0.0098365061538, 0.97085961108, 0.015297195864],
      [0.0049911040156, 0.79159292053, 0.066213225067, 0.13720275039],
      [0.066360368468, 0.60437867104, 0.11905093875, 0.21021002174]
    ],
    [
      [0.00061891712771, 0.0081139672032, 0.89325819951, 0.098008916162],
      [0.51585845252, 0.069755677991, 0.39257197906, 0.021813890428],
      [0.015556145587, 0.89244501287, 0.024133745074, 0.067865096465],
      [0.0028636933855, 0.0027694722562, 0.98429078203, 0.010076052326],
      [0.0062583149945, 0.45839195564, 0.34604796199, 0.18930176738],
      [0.099267491728, 0.36430111873, 0.15905251392, 0.37737887562]
    ],
    [
      [0.0024591764486, 0.024412452974, 0.87624667937, 0.09688169121],
      [0.78543613356, 0.099736018766, 0.10807522543, 0.0067526222395],
      [0.016526551309, 0.96609397669, 0.0046191341351, 0.012760337871],
      [0.01187712138, 0.017803177713, 0.96235138838, 0.0079683125281],
      [0.010024868654, 0.81114121761, 0.11566855984, 0.063165353895],
      [0.16365169519, 0.6571125504, 0.052505842469, 0.12672991194]
    ],
    [
      [0.00087295580108, 0.014623723472, 0.90417971792, 0.080323602804],
      [0.58146496201, 0.1065738401, 0.29845123201, 0.013509965887],
      [0.013215828537, 0.93856238702, 0.017740698489, 0.030481085953],
      [0.0037221819637, 0.0043234288337, 0.98340826549, 0.008546123709],
      [0.0068260037754, 0.63944796463, 0.24593712023, 0.10778891136],
      [0.11507506438, 0.54295978836, 0.11586833997, 0.22609680729]
    ],
    [
      [0.00079705144376, 0.018837559832, 0.8831156596, 0.097249729128],
      [0.54910304943, 0.11992597384, 0.31340201917, 0.017568957559],
      [0.011015144729, 0.93287535162, 0.021279069247, 0.034830434406],
      [0.0031392688049, 0.005355570067, 0.98081218024, 0.010692980887],
      [0.0059194561139, 0.66014435369, 0.20214560489, 0.13179058531],
      [0.096771027516, 0.53803404934, 0.10838355077, 0.25681137238]
    ],
    [
      [0.00044240749126, 0.0082539726969, 0.92663277798, 0.06467084183],
      [0.49737081078, 0.085882788287, 0.4018573876, 0.014889013332],
      [0.0097868186015, 0.93476588203, 0.02326115848, 0.032186140889],
      [0.0020067638164, 0.011491683754, 0.97946078844, 0.0070407639854],
      [0.0049063641492, 0.59390586252, 0.28785035942, 0.11333741391],
      [0.087656228226, 0.53509908412, 0.14126467309, 0.23598001456]
    ],
    [
      [0.0010710778283, 0.0054531774258, 0.99347574475, 0],
      [0.71920840854, 0.03235924949, 0.24843234197, 0],
      [0.038305406673, 0.92193528734, 0.039759305987, 0],
      [0.0027272679285, 0.00061175064038, 0.99666098143, 0],
      [0.016257394326, 0.49265357517, 0.4910890305, 0],
      [0.31856587546, 0.40552374459, 0.27591037995, 0]
    ],
    [
      [0.00058768299836, 0.0028785185309, 0.91009876431, 0.086435034161],
      [0.45360487404, 0.02860760633, 0.49420430166, 0.023583217964],
      [0.02749793048, 0.73862246588, 0.083226111018, 0.15065349263],
      [0.0035899693365, 0.0034492371169, 0.98829126882, 0.0046695247244],
      [0.0064868854662, 0.21653255816, 0.534087929, 0.24289262737],
      [0.10404842714, 0.1767537357, 0.22324379085, 0.49595404632]
    ],
    [
      [0.0014402947972, 0.0093141810102, 0.88931203827, 0.099933485923],
      [0.79864768339, 0.045095754387, 0.14438750611, 0.011869056117],
      [0.032575596884, 0.89634401752, 0.019929258961, 0.051151126631],
      [0.0056983078904, 0.0031471961555, 0.97971505846, 0.011439437491],
      [0.016908171226, 0.59735335944, 0.19372454548, 0.19201392385],
      [0.21594735253, 0.36276725863, 0.13443795918, 0.28684742966]
    ],
    [
      [0.00054193441665, 0.088398756578, 0.85793432963, 0.05312497938],
      [0.58655275405, 0.14260089699, 0.26233870672, 0.0085076422416],
      [0.0068477725892, 0.97297509756, 0.0075331790892, 0.012643950765],
      [0.0025542097957, 0.0085364486541, 0.98349340438, 0.0054159371744],
      [0.0055970651846, 0.72121050849, 0.22296755205, 0.050224874276],
      [0.098685113385, 0.69327967355, 0.045406282789, 0.16262893028]
    ],
    [
      [0.00016129724413, 0.026585980923, 0.85694901781, 0.11630370402],
      [0.38784959972, 0.11770045681, 0.46838560424, 0.026064339229],
      [0.0058743447909, 0.93836655214, 0.0094601258085, 0.046298977259],
      [0.0008984637671, 0.0042981058151, 0.98216516972, 0.012638260698],
      [0.0028007871252, 0.54820323533, 0.29536194775, 0.1536340298],
      [0.046618426787, 0.45380166389, 0.17585170918, 0.32372820015]
    ],
    [
      [0.0012097475461, 0.029428056335, 0.81740400398, 0.15195819214],
      [0.60847634931, 0.17507171102, 0.19780688476, 0.01864505491],
      [0.0085742171916, 0.95812049957, 0.0073528571891, 0.02595242605],
      [0.005686323468, 0.01401442927, 0.96343390707, 0.016865340191],
      [0.0054147258805, 0.79532671338, 0.071693499635, 0.1275650611],
      [0.085613065357, 0.63583527633, 0.05672475998, 0.22182689833]
    ],
    [
      [0.0010243778246, 0.017397406019, 0.878981307, 0.10259690915],
      [0.62006394987, 0.094736809634, 0.26868191367, 0.016517326827],
      [0.015027474249, 0.92827827503, 0.018030941245, 0.038663309473],
      [0.0043597113347, 0.0049072289734, 0.97965241311, 0.011080646584],
      [0.0075671913972, 0.62182435748, 0.23610373797, 0.13450471316],
      [0.1222829205, 0.5041382641, 0.10404666066, 0.26953215475]
    ],
    [
      [0.00016466092421, 0.011579851177, 0.91106668831, 0.077188799586],
      [0.37409117272, 0.12776058823, 0.47882488024, 0.019323358819],
      [0.0032510599226, 0.95540124811, 0.0090924354022, 0.032255256565],
      [0.00077944478985, 0.0036149919605, 0.98592230998, 0.0096832532691],
      [0.0033842944299, 0.71883103005, 0.13420644445, 0.14357823106],
      [0.050395548868, 0.53527325533, 0.15088355314, 0.26344764266]
    ],
    [
      [0.00045418314193, 0.00098137418196, 0.96910114386, 0.029463298819],
      [0.70805145295, 0.0055030337274, 0.28276404701, 0.003681466319],
      [0.084676261855, 0.73846782686, 0.10813357954, 0.068722331741],
      [0.0021625533437, 0.0018541959736, 0.9901862194, 0.0057970312785],
      [0.022419034845, 0.19454595095, 0.66163201015, 0.12140300406],
      [0.33181753126, 0.12592809788, 0.35967548462, 0.18257888623]
    ],
    [
      [0.0010165730723, 0.0098239122374, 0.91862791534, 0.07053159935],
      [0.73142308526, 0.056518945954, 0.20369129199, 0.0083666767947],
      [0.028651722815, 0.91697626003, 0.022045553308, 0.032326463842],
      [0.0062127785512, 0.0043562154803, 0.98188964535, 0.0075413606161],
      [0.014699169541, 0.58114520316, 0.29745662972, 0.10669899757],
      [0.22208765216, 0.45871130041, 0.10609511009, 0.21310593734]
    ],
    [
      ["NaN", "NaN", "NaN", "NaN"],
      [0.87686812568, 0.0086602968655, 0.11447157746, 0],
      [0.088452509313, 0.8508312082, 0.060716282491, 0],
      [0.0046530312028, 0.00046480771504, 0.99488216108, 0],
      ["NaN", "NaN", "NaN", "NaN"],
      [0.68787133279, 0.15888080453, 0.15324786267, 0]
    ],
    [
      [0.00066339905058, 0.0070928659787, 0.95231095251, 0.039932782459],
      [0.48804687014, 0.050441113061, 0.45188582929, 0.0096261875143],
      [0.021342450937, 0.88617864553, 0.048926773821, 0.043552129712],
      [0.0035305857872, 0.0024176962346, 0.98965459525, 0.0043971227325],
      [0.0076575694621, 0.4076687907, 0.47639972903, 0.1082739108],
      [0.13985459995, 0.37634741979, 0.23223774242, 0.25156023783]
    ],
    [
      [0.00082705624984, 0.053314999549, 0.86753737314, 0.078320571061],
      [0.58259056967, 0.11588319686, 0.2873524226, 0.014173810869],
      [0.010737086231, 0.95510563349, 0.0068251288829, 0.027332151399],
      [0.0033138882637, 0.0051921415533, 0.98267915829, 0.0088148118947],
      [0.0061132406888, 0.69296505963, 0.19177885579, 0.10914284389],
      [0.14035171968, 0.48120055773, 0.053182688531, 0.32526503406]
    ],
    [
      [0.00053911653306, 0.0083093200299, 0.91499112545, 0.076160437988],
      [0.55916876513, 0.07430894717, 0.34990372162, 0.016618566076],
      [0.015521972775, 0.91088990822, 0.027141432481, 0.046446686525],
      [0.002996199029, 0.0028860156998, 0.98533437809, 0.0087834071764],
      [0.0066054632275, 0.52383371039, 0.32396877437, 0.14559205201],
      [0.11624705596, 0.43356723261, 0.14710473663, 0.3030809748]
    ],
    [
      [0.0010287265706, 0.0075072769887, 0.93856672052, 0.052897275924],
      [0.64471900153, 0.04085125057, 0.30539687564, 0.0090328722571],
      [0.031950840906, 0.87991932587, 0.040692454413, 0.047437378812],
      [0.0037918308927, 0.00085277495276, 0.98923736705, 0.0061180271095],
      [0.012138660696, 0.42196770479, 0.44431546736, 0.12157816715],
      [0.20123450553, 0.34830981346, 0.19679991389, 0.25365576711]
    ],
    [
      [0.00084112691269, 0.0030613838997, 0.95782802551, 0.038269463682],
      [0.70630637353, 0.026459244595, 0.26163227264, 0.0056021092359],
      [0.044124883409, 0.86087782822, 0.055387145086, 0.039610143287],
      [0.0031499023731, 0.0011301125398, 0.99197861907, 0.0037413660142],
      [0.020510402031, 0.48321636141, 0.36629941897, 0.12997381758],
      [0.25894587707, 0.299365233, 0.24692692316, 0.19476196676]
    ],
    [
      [0.10796526199, 0.0019329234736, 0.87495269099, 0.015149123543],
      ["NaN", "NaN", "NaN", "NaN"],
      [0.059199742624, 0.8171501459, 0.096237433728, 0.027412677748],
      [0.0014662950834, 0.0045063296105, 0.99334608262, 0.00068129269091],
      [0.021017607837, 0.3397538711, 0.56800570015, 0.071222820909],
      [0.35672090787, 0.20105010036, 0.34163091545, 0.10059807632]
    ],
    [
      [0.016849902542, 0.0014711802198, 0.88472811242, 0.096950804819],
      ["NaN", "NaN", "NaN", "NaN"],
      [0.056235203815, 0.8155737648, 0.075140425273, 0.053050606112],
      [0.0027321783496, 0.0015216233486, 0.98742429816, 0.0083219001453],
      [0.0079070647854, 0.25380983004, 0.62017089643, 0.11811220874],
      [0.16612624049, 0.19601725297, 0.39880637197, 0.23905013457]
    ],
    [
      [0.00032004992245, 0.0065241925759, 0.78730322267, 0.20585253483],
      [0.4532639419, 0.052954710829, 0.45163117333, 0.042150173935],
      [0.0085335478607, 0.881709849, 0.031409293353, 0.078347309781],
      [0.0011720868303, 0.013158591478, 0.97687702964, 0.0087922920528],
      [0.0035844042626, 0.48233658606, 0.27619687051, 0.23788213916],
      [0.05714828027, 0.37264733031, 0.11096971996, 0.45923466946]
    ],
    [
      [0.0010752325564, 0.010376892903, 0.91901032884, 0.069537545705],
      [0.64652868595, 0.069605563137, 0.27334461855, 0.010521132364],
      [0.022300404505, 0.91724142083, 0.025692459881, 0.034765714785],
      [0.0044203591271, 0.0038472481049, 0.98477134208, 0.0069610506918],
      [0.010461737228, 0.56887818229, 0.30822074266, 0.11243933782],
      [0.17049216229, 0.46576912155, 0.13675081731, 0.22698789885]
    ],
    [
      [0.0011326354215, 0.0094182706117, 0.89605927778, 0.093389816191],
      [0.70157756724, 0.069054332409, 0.21801057507, 0.011357525278],
      [0.02272643476, 0.92059723851, 0.019155716214, 0.037520610512],
      [0.0058055317433, 0.0038822287492, 0.98009292571, 0.010219313798],
      [0.011490295508, 0.60490047984, 0.25650451198, 0.12710471268],
      [0.17877781436, 0.46915146046, 0.10485409877, 0.2472166264]
    ],
    [
      [0.0013312209688, 0.013726029703, 0.88256831259, 0.10237443673],
      [0.69324473156, 0.077125104302, 0.2168641693, 0.012765994837],
      [0.021657093639, 0.91802364447, 0.0219532692, 0.038365992695],
      [0.0060448972327, 0.0056698993781, 0.97733930621, 0.010945897184],
      [0.010074530098, 0.67914975666, 0.14873611772, 0.16203959553],
      [0.16926638115, 0.47623312878, 0.09893900133, 0.25556148874]
    ],
    [
      [0.0012091643054, 0.072920957893, 0.78827958434, 0.13759029346],
      [0.61277170944, 0.14083577045, 0.22774868075, 0.018643839362],
      [0.010259729922, 0.94539465791, 0.01337019462, 0.030975417547],
      [0.0054125421098, 0.0084157944281, 0.97107096683, 0.015100696627],
      [0.0047649565587, 0.75223805393, 0.070649638325, 0.17234735118],
      [0.10855622649, 0.55955656593, 0.035557341346, 0.29632986624]
    ]
  ],
  "expected_outcome": [
    [
      [0.040889446215, 0.039028168828, 0.16003138257, 0.013296982607, 0.014782557099, 0.0070514751441, 0.022185319502, 0.065435499194, 0.017362289443, 0.012583272475, 0.027424227621, 0.016421414718, 0.0048554114835, 0.025901043781, 0.011608204244, 0.050005675529, 0.055323919613, 0.022008928279, 0.0073408953159, 0.053549218031, 0.037252857316, 0.013772354691, 0.036183706982, 0.085394397484, 0.031377683284, 0.022879298815, 0.075719732065, 0.045624363996, 0.016785764349, 0.087348267583, 0.036311577518, 0.022106264041, 0.045244521759, 0.029959662075, 0.036647660441, 0.13931172776, 0.0069492239627, 0.037119219526, 0.0062521396515, 0.014264630832, 0.020592702588, 0.018174698796, 0.038222284, 0.0062633563458, 0.0050084851479, 0.016933940997, 0.035383032416, 0.0017324283989, 0.0031996694836, 0.019583958766, 0.057667673215, 0.0019695593255, 0.00072595479193, 0.019498374776, 0, 0.0085568941649, 0.017089104383, 0.014967805639, 0.013165076569, 0.005414086169, 0.13204747108, 0.18689318511, 0.0030520278629, 0.16687388246, 0.015033842706, 0.10151068633, 0.03239059716],
      [0.77039483751, 0.3566531643, 0.69317204469, 0.079572714898, 0.22799415242, 0.33848916495, 0.25792603306, 1.235915108, 0.27341841836, 0.12015668258, 0.63092544679, 0.43248508696, 0.39699923874, 0.17712831043, 0.43244727149, 0.87455113647, 0.72249115945, 0.70001181592, 0.13006481362, 0.69261376006, 0.51777984284, 0.18291834314, 0.52398934605, 0.51996667913, 0.687562304, 0.77452421366, 1.0917844112, 0.72497527158, 0.25825858632, 1.6091482982, 0.23808989278, 0.39958673616, 0.58202597928, 0.41165608026, 0.3373033571, 0.056569297479, 0.3411179883, 0.35999661262, 0.77180364015, 0.19057719316, 0.27314171109, 0.3319306229, 0.89332458502, 0.14512234221, 0.027987858046, 0.079031518457, 0.24425570282, 0.10719347423, 0.31124328988, 0.5398277162, 0.96234169578, 0.18447127549, 0.0015686035528, 0.16930869276, 0, 0.077576656317, 0.623570771, 0.20060527599, 0.092973038943, 0.024466191133, 0.0092686072768, 0.011226403903, 0.0729967253, 1.7869430737, 0.150539244, 1.1350511104, 1.1708306047],
      [22.7103352004, 16.5737069955, 6.1467965727, 11.3084304237, 12.8442870238, 5.7780614491, 12.3101633623, 40.9786957436, 8.5243353631, 12.2834352312, 14.0069950588, 10.5532818821, 6.3434116863, 1.5794468639, 13.2382531068, 39.7912478605, 18.9180507952, 21.8099842351, 7.8871534114, 22.4682842576, 34.8230833736, 11.5844312077, 51.4078094245, 80.0676922041, 33.0407475727, 39.6618539227, 69.1374677157, 12.4276618807, 16.6621816831, 58.7961208143, 10.7486391464, 24.2392898542, 18.9229710374, 27.6316036847, 24.3487642739, 7.356432309, 6.1207056749, 19.4856751212, 4.4372591304, 17.7874013446, 6.016495114, 16.1810034422, 37.8003923238, 10.1131567332, 3.9670036568, 20.8242019466, 17.7050192862, 1.781617385, 13.9384216024, 11.3261675061, 42.8499236363, 11.8337444366, 0.97260367194, 10.9473491414, 0, 10.4525817224, 14.9643313272, 17.3128796502, 11.2526580673, 4.7802627104, 2.8069516872, 17.2583379022, 5.6495471613, 120.6891305597, 8.9105820471, 55.1742378041, 18.5102683918],
      [3.4783805159, 2.0306116713, 0, 0.59869987875, 0.91293626671, 0.87639791084, 1.4097252852, 4.7199536492, 4.184883929, 0.5838248138, 2.3346552668, 0.99781161624, 1.2547336635, 0.21752378188, 1.3176914174, 4.2841953276, 5.3041341258, 5.4679950207, 0.9754408797, 2.7855527643, 2.6218839263, 1.2188780945, 3.0320175225, 3.3269467193, 4.24031244, 3.5407425648, 3.695028141, 2.8017384837, 1.0627739662, 6.50738262, 1.9769593833, 2.3390171456, 5.4497584616, 1.926780573, 2.2772847086, 0.44768666579, 0.53122711281, 2.1172090466, 0.7846850898, 2.0077568315, 0.68977047232, 1.4688912361, 4.2680608072, 0.73545756829, 0, 2.0798325939, 2.0153419785, 0.1094567124, 1.7471354383, 2.1144208189, 5.1300669947, 0.97981472858, 0.025101769714, 0.8638437911, 0, 0.46128472716, 1.3950087974, 1.4715472681, 0.64120381718, 0.1898570123, 0.051732234456, 1.5435425088, 1.2744040855, 9.3570524842, 0.92384486622, 6.5892003992, 3.2865104063]
    ],
    [
      [32.3534182105, 19.8670974889, 0.75451242109, 6.6343498142, 11.3652605575, 4.2639659686, 6.9410814335, 54.5923410234, 4.7109035127, 7.2825554278, 13.7081759961, 6.292156461, 3.8513772345, 1.6134577445, 7.3354676001, 32.2979016845, 19.0938694938, 24.5681538762, 16.6037145087, 77.0572977487, 14.6657791464, 12.9455278284, 31.6141023869, 65.909952831, 29.3053282094, 27.5440790964, 37.8409606415, 0.94141480971, 17.6575468784, 72.4885496602, 13.2991473358, 11.6392024012, 16.3692930895, 31.2675801062, 11.7744544779, 0.99749029095, 4.6788921541, 30.2561919958, 2.9416290838, 7.7234402651, 10.8231766094, 17.9898416149, 31.3335581985, 7.3835772165, 5.0751059691, 5.2964421835, 6.3064606063, 7.6443297989, 2.7410372056, 18.81941153, 28.3023377511, 2.6598867981, 2.2147062637, 46.8216045782, 1.8549122331, 4.8485546253, 6.47032641, 17.2648420522, 9.6751377207, 4.9636129777, 0, 0, 4.9027788428, 113.7636799779, 18.2608944119, 119.1229189317, 23.3552474494],
      [6.1490182576, 1.4731233943, 0.74285159637, 0.38032501101, 1.7635559176, 1.987011186, 0.8258330716, 10.6971603829, 0.70267456534, 0.70278702349, 3.0069237074, 1.3277608738, 1.9291390899, 0.22951256483, 2.163593056, 6.1239344549, 2.5631842044, 7.378794075, 2.7998646079, 10.6379203982, 2.0847672731, 1.8237859977, 5.1571403533, 4.1315975277, 6.3053519607, 8.2490337219, 5.7504964771, 3.5636207574, 3.0016748805, 13.9425075157, 0.6822319543, 1.3411477549, 2.0113653465, 4.6376105644, 0.87670413339, 0.0001705889104, 0.94032204777, 2.7880046869, 0.86497994427, 1.1000518732, 1.504417922, 3.4212721212, 7.0255035615, 1.5571168873, 0.23314023781, 0.35777477041, 0.36188652084, 1.910369837, 0.87124077648, 5.5155191211, 4.6450656258, 0.94453727437, 0.021613662815, 3.7833174673, 0.015657450084, 0.53042684454, 1.3608067662, 2.3716014095, 0.63467975413, 0.19431591634, 0, 0, 0.9310561046, 12.7402473278, 1.8778119794, 13.8101966322, 5.678407784],
      [10.7461275312, 4.4066639046, 0.50263598253, 2.9129378827, 5.6869589449, 1.6336066014, 2.1233369152, 20.6249989947, 2.23343216, 3.9297921147, 3.97847908, 2.2801606609, 2.0287283797, 0.14540304301, 4.3023885292, 14.8461207115, 3.8599608255, 12.6500509143, 9.0960083778, 22.9467403807, 7.9731888037, 5.9474365157, 29.4421457585, 37.2854067766, 17.3816155398, 24.194435928, 20.9204875927, 1.3566036428, 10.0557575398, 29.1123595859, 1.8546231781, 8.6477622004, 4.0926815347, 16.5817317517, 3.2136374322, 0.00086878422082, 2.2933303065, 8.520333579, 1.1082921887, 5.8759422015, 1.587983292, 9.2068590375, 17.7299145538, 5.8572614242, 1.6917537931, 6.07476296, 1.2542828738, 3.3465401104, 3.2190815152, 6.1424664191, 12.369766891, 3.2731798502, 0.75399741069, 12.9099927985, 0.1294303168, 4.5290005072, 3.0353640566, 10.9105632615, 4.5673965835, 1.807593146, 0, 0, 4.7492573395, 47.8191548362, 5.5942720985, 37.0577515049, 8.319435551],
