{
  "Z_true": {},
  "V_true": [
    [854, 32, 593, 25],
    [138, 669, 449, 170],
    [266, 5806, 757, 324],
    [1236, 202, 17952, 358],
    [212, 630, 720, 223],
    [347, 210, 573, 216]
  ],
  "p_true": [
    [0.5678, 0.0213, 0.3943, 0.0166],
    [0.0968, 0.4691, 0.3149, 0.1192],
    [0.0372, 0.8117, 0.1058, 0.0453],
    [0.0626, 0.0102, 0.9091, 0.0181],
    [0.1188, 0.3529, 0.4034, 0.1249],
    [0.2578, 0.156, 0.4257, 0.1605]
  ],
  "Z_est": [
    [
      [49.103, 27.2027, 57.269, 71.4, 11.798, 35.6591, 36.5182, 14.5795, 12.6625, 48.7006, 49.9942, 48.3032, 7.5394, 3.6406, 1.5529, 12.9569, 30.5535, 30.412, 15.7157, 3.8206, 0.7234, 58.1759, 24.0446, 0, 2.0682, 0, 0, 2.3739, 3.2192, 0, 17.585, 15.7003, 0, 303.7744, 27.7122, 62.8314, 5.5395],
      [1.7342, 2.1551, 2.1669, 2.5184, 0.5441, 1.5956, 2.7796, 0.5255, 3.4444, 1.7366, 1.9698, 1.7985, 0.2502, 0.1001, 0.05, 0.3754, 1.1236, 1.2922, 0.5879, 0.1463, 0.0391, 1.8988, 0.8577, 0, 0.1174, 0, 0, 0.0963, 0.2976, 0, 0.7443, 0.6102, 0, 13.2592, 1.3465, 2.8838, 3.4559],
      [8.4913, 6.8268, 4.8159, 13.1635, 3.8394, 8.5375, 12.8151, 2.9268, 5.5931, 4.5883, 9.9099, 4.9703, 0.2025, 0.081, 0.0405, 0.3038, 6.9333, 8.7228, 3.065, 0.3289, 0.086, 4.0772, 2.3698, 0, 0.164, 0, 0, 0.0753, 2.4832, 0, 5.1747, 2.8977, 0, 81.0257, 6.4843, 11.3099, 2.516],
      [4.6715, 3.8154, 6.7482, 6.9181, 1.8185, 4.2078, 3.8871, 2.9683, 2.2999, 4.9744, 5.1261, 5.9281, 2.0078, 0.1783, 0.3565, 1.3639, 1.3895, 4.573, 1.6314, 0.7042, 0.1515, 5.8481, 2.7278, 0, 0.6503, 0, 0, 0.4546, 0, 0, 2.496, 1.7919, 0, 37.9407, 4.4571, 9.9748, 1.4886]
    ],
    [
      [7.4106, 4.3146, 12.2974, 10.6792, 1.6405, 5.9526, 4.6882, 2.4051, 1.5248, 10.6025, 9.1037, 2.9929, 1.5879, 0.9972, 1.08, 1.6461, 5.1497, 5.1646, 2.7811, 0.7868, 0.1274, 12.0302, 6.2704, 0, 0.0223, 0.2326, 0, 0.5988, 0, 0, 2.8602, 3.0948, 0.4275, 47.0259, 4.6443, 11.8799, 0.8413],
      [8.1888, 9.7695, 17.5233, 12.6786, 3.8222, 10.6552, 4.4382, 4.0086, 13.9746, 16.3044, 12.6247, 6.1001, 2.9629, 1.22, 1.4879, 1.7429, 8.0967, 21.2024, 4.2329, 1.4144, 0.1743, 11.1104, 9.4618, 0, 0.1743, 0.1743, 1, 1.6491, 0, 0.2682, 15.8187, 8.9403, 0.1918, 75.9609, 11.5369, 28.2713, 21.0615],
      [7.8845, 12.3829, 17.338, 14.8656, 3.6493, 8.5514, 3.8947, 3.7324, 7.8365, 17.3402, 13.3495, 5.6798, 2.7588, 1.136, 0.9737, 1.6228, 12.7195, 16.1761, 6.241, 1.3261, 0.1623, 9.0877, 7.7803, 0, 0.1623, 0.1623, 0, 2.6016, 0, 0.2143, 8.7715, 5.8928, 0.3807, 52.2542, 10.2429, 31.7561, 7.2658],
      [16.5161, 18.5329, 32.8413, 25.7767, 7.8881, 17.8408, 10.9789, 12.8539, 13.6641, 25.7529, 21.9221, 20.2272, 9.6904, 3.6469, 2.4583, 4.9882, 14.034, 26.4569, 7.745, 3.4727, 0.536, 23.7717, 14.4875, 0, 0.6412, 0.4308, 0, 3.1505, 0, 0.5175, 15.5496, 10.072, 0, 146.7591, 21.5759, 53.0926, 10.8314]
    ],
    [
      [5.2886, 2.3342, 12.7528, 36.3958, 0.6523, 9.5876, 2.1471, 0.9784, 0.7882, 21.384, 13.7046, 21.549, 0.6251, 1.7988, 3.1439, 7.6341, 4.6034, 3.555, 3.3442, 0.7524, 0.0544, 35.2647, 3.9461, 0.1816, 0.3988, 2.4192, 0, 0.6178, 0.1903, 0, 1.0872, 3.905, 0.9927, 64.5702, 2.8144, 6.831, 0.4349],
      [95.8525, 107.2882, 297.7317, 116.5281, 71.7018, 276.098, 125.0292, 386.6409, 44.2704, 169.035, 224.145, 214.0889, 474.6665, 236.7626, 52.5115, 88.9583, 89.6279, 107.7309, 36.6479, 15.3628, 11.942, 99.7612, 67.8504, 60.8131, 36.8471, 89.3949, 11, 15.9299, 10.9399, 5.692, 52.9354, 56.0328, 0.6166, 1790.4127, 274.9176, 547.0959, 35.3726],
      [1.8605, 2.017, 7.0733, 5.9427, 9.6514, 22.3152, 10.9211, 1.2295, 1.9417, 3.3906, 5.903, 10.0827, 7.7207, 4.0511, 3.3475, 3.9763, 13.2921, 2.4788, 0.7129, 0.6963, 0.0922, 6.3835, 1.3215, 3.2834, 1.7083, 2.7253, 0, 0.7733, 0.8699, 0.1043, 0.9911, 1.078, 0.3907, 54.5438, 21.7845, 15.6932, 0.6607],
      [3.9985, 4.3607, 11.4423, 6.1334, 2.9946, 6.9992, 4.9026, 13.1512, 1.9997, 1.1904, 4.2474, 20.2794, 13.9877, 14.3874, 0.9971, 3.4314, 0.4766, 5.2353, 0.295, 2.1885, 0.9114, 5.5906, 2.882, 3.7219, 2.0459, 5.4606, 0, 0.679, 0, 0.2036, 1.9864, 0.9842, 0, 67.4734, 10.4835, 20.38, 1.5318]
    ],
    [
      [22.4139, 4.298, 26.2756, 22.4855, 1.6373, 6.5007, 5.3896, 2.456, 1.9784, 25.6292, 20.1457, 22.036, 1.5691, 1.4489, 2.2502, 7.039, 8.5595, 4.7073, 9.0699, 1.76, 0.1364, 45.8145, 25.3463, 0.0682, 0.3411, 0.3339, 0, 0.6264, 0.4776, 0, 2.7289, 8.1161, 0.4717, 85.767, 4.6391, 11.8024, 1.0916],
      [0.6576, 9.1111, 2.1956, 0.8233, 0.4642, 1.7096, 0.7957, 18.8999, 3.1081, 1.1659, 5.3086, 1.3483, 3.7754, 5.7076, 0.4472, 0.5305, 0.6078, 1.9815, 2.7012, 0.105, 0.0323, 0.7294, 8.1482, 0.0593, 0.0648, 0.0377, 0, 0.105, 0.3841, 0.4115, 6.7537, 4.7358, 0.0055, 53.1384, 3.8265, 14.3402, 6.0371],
      [520.4304, 579.702, 1258.5165, 658.1196, 298.6822, 597.7363, 339.0456, 263.0601, 365.655, 1265.1429, 1019.488, 862.8804, 54.498, 33.7342, 159.2954, 197.6346, 288.8024, 660.9998, 170.2102, 105.0961, 5.7649, 845.0379, 464.4617, 10.8362, 7.5735, 6.6053, 0, 64.5203, 36.1384, 10.5357, 333.4814, 399.1251, 15.5228, 5614.7013, 379.3813, 1045.0601, 219.8468],
      [1.4982, 1.8889, 1.0122, 1.5716, 2.2163, 0.0533, 0.7691, 0.5839, 0.2584, 0.0619, 0.0576, 1.7353, 0.1575, 0.1093, 0.0072, 0.7959, 0.0302, 1.3114, 0.0187, 1.0389, 0.0663, 4.4182, 0.0438, 0.0363, 0.0206, 0.0231, 0, 0.7484, 0, 0.0528, 0.036, 0.023, 0, 11.3933, 4.1531, 8.7973, 0.0245]
    ],
    [
      [2.7642, 1.4421, 4.4732, 3.9247, 0.5284, 2.1281, 1.7634, 0.7926, 0.6385, 3.849, 3.3193, 3.6346, 0.5064, 0.374, 0.4017, 1.1519, 1.8098, 1.5719, 1.4, 0.2696, 0.0448, 4.7675, 1.8577, 0.0259, 0.1116, 0.0927, 0, 0.1785, 0.158, 0, 0.9016, 1.0472, 0.1081, 17.1502, 1.5328, 3.8935, 0.3523],
      [9.9968, 24.4091, 23.0216, 13.9592, 6.0757, 15.0699, 8.4957, 10.3942, 7.0967, 18.0465, 14.445, 15.4434, 13.3612, 12.0597, 2.5337, 2.5332, 8.1605, 14.6068, 11.2615, 1.5921, 0.204, 14.8439, 8.632, 1.3896, 0.4312, 2.3493, 0, 0.884, 1.1234, 0.6283, 6.3995, 4.4254, 0.186, 149.4813, 14.9322, 32.9547, 4.1544],
      [25.0714, 36.875, 50.1431, 36.9914, 14.9233, 23.1461, 16.192, 17.8169, 17.141, 48.7637, 25.0914, 30.2178, 13.8598, 11.5058, 3.1241, 3.4516, 19.7887, 42.7421, 14.4397, 3.7997, 0.4888, 42.7576, 23.4553, 2.1734, 0.9326, 2.4817, 0, 1.1505, 3.7186, 1.1456, 15.5026, 7.9227, 0.7059, 356.2902, 21.6484, 53.9098, 7.8524],
      [6.1676, 8.2737, 12.3621, 9.1248, 3.4726, 6.6559, 4.5489, 5.9963, 4.1238, 9.3407, 7.1443, 9.7043, 5.2726, 4.0605, 0.9405, 1.8633, 4.241, 9.0793, 2.8988, 1.3386, 0.2623, 9.6309, 5.055, 1.4111, 0.5246, 1.0763, 0, 0.787, 0, 0.2261, 4.1963, 2.6047, 0, 72.0783, 7.8866, 18.242, 2.6409]
    ],
    [
      [37.0197, 23.4083, 86.932, 31.1149, 7.7435, 35.1719, 28.4935, 14.7884, 11.4075, 61.8347, 52.7324, 64.4844, 11.1721, 7.7406, 9.5712, 21.572, 30.3241, 23.5892, 11.6891, 4.6105, 0.9136, 57.9472, 21.5349, 0.7242, 2.058, 0.9216, 0, 3.6047, 2.955, 0, 14.8372, 15.1367, 0, 239.7123, 26.6571, 75.7618, 7.7406],
      [2.5701, 2.2669, 7.361, 2.4924, 1.3922, 3.8716, 2.4616, 12.5309, 1.1058, 4.7114, 4.5068, 5.2209, 4.9838, 2.15, 0.9696, 1.8598, 2.3834, 2.1862, 0.5686, 0.3795, 1.6082, 3.6562, 1.0498, 0.738, 0.3653, 0.0437, 0, 0.3357, 0.255, 0, 1.3485, 1.2555, 0, 24.7476, 3.4403, 8.4541, 0.9185],
      [1.262, 3.1963, 22.1133, 0.9172, 10.2544, 4.7135, 4.1314, 3.2343, 1.8326, 9.7743, 7.2583, 13.169, 0.9603, 0.4919, 3.2189, 5.0109, 5.464, 1.8805, 0.3312, 0.7529, 0.4058, 1.6561, 0.6115, 0.7071, 0.4594, 0.0255, 0, 0.879, 0.79, 0, 2.0787, 1.0837, 0, 7.1849, 3.4587, 16.2709, 1.8583],
      [1.1482, 1.1284, 2.5938, 1.4755, 0.6099, 1.243, 0.9135, 2.4464, 0.6541, 1.6795, 1.5024, 2.1257, 0.8838, 0.6176, 0.2404, 0.5573, 0.8285, 1.3441, 0.411, 0.2572, 0.0724, 1.7405, 0.8038, 5.8307, 0.1173, 0.0091, 0, 0.1806, 0, 0, 0.7356, 0.5242, 0, 10.3552, 1.4439, 3.5132, 0.4827]
    ]
  ],
  "V_est": [
    [1093.1296, 52.5013, 224.8194, 133.5497],
    [182.8612, 348.2421, 296.1934, 598.7033],
    [276.7275, 6398.2321, 231.0077, 247.0328],
    [385.4113, 160.2538, 19157.3221, 45.0127],
    [68.9658, 475.5817, 997.2206, 243.232],
    [1045.9047, 114.189, 137.4367, 48.4695]
  ],
  "p_est": [
    [0.7268, 0.0349, 0.1495, 0.0888],
    [0.1282, 0.2442, 0.2077, 0.4198],
    [0.0387, 0.8945, 0.0323, 0.0345],
    [0.0195, 0.0081, 0.9701, 0.0023],
    [0.0386, 0.2664, 0.5587, 0.1363],
    [0.777, 0.0848, 0.1021, 0.036]
  ],
  "EI_Z": {},
  "EI_V": 11.0624,
  "MAE_Z": {},
  "MAE_V": 303.8653,
  "MAE_p": 0.1173,
  "runtime": 0.6489
}
