{
  "Z_true": {},
  "V_true": [
    [471, 9, 61, 11, 51, 8],
    [21, 9, 44, 96, 467, 21],
    [36, 223, 56, 164, 170, 21],
    [12, 530, 53, 34, 80, 7],
    [23, 89, 130, 271, 264, 26],
    [36, 78, 380, 3612, 215, 40],
    [27, 68, 718, 111, 5509, 30],
    [320, 176, 546, 394, 818, 300]
  ],
  "p_true": [
    [0.7709, 0.0147, 0.0998, 0.018, 0.0835, 0.0131],
    [0.0319, 0.0137, 0.0669, 0.1459, 0.7097, 0.0319],
    [0.0537, 0.3328, 0.0836, 0.2448, 0.2537, 0.0313],
    [0.0168, 0.7402, 0.074, 0.0475, 0.1117, 0.0098],
    [0.0286, 0.1108, 0.1619, 0.3375, 0.3288, 0.0324],
    [0.0083, 0.0179, 0.0871, 0.8283, 0.0493, 0.0092],
    [0.0042, 0.0105, 0.1111, 0.0172, 0.8524, 0.0046],
    [0.1253, 0.0689, 0.2138, 0.1543, 0.3203, 0.1175]
  ],
  "Z_est": [
    [
      [12.1899, 22.2422, 10.9736, 17.5948, 11.5653, 12.3896, 22.8421, 7.2647, 7.4869, 7.6845, 8.6028, 12.3988, 19.7459, 7.2472, 13.1726, 12.2915, 6.6757, 7.4751, 5.6585, 11.2418, 8.474, 4.7147, 6.5907, 15.3295, 17.5935, 22.9762, 20.8306, 9.5996, 5.6332, 12.3235, 5, 2.7006, 6.4304, 10.2994, 22.9454, 11.1912, 8.5673, 6.4461, 4.7674, 6.5257, 3.6694, 9.4723, 14.7278, 6.532, 2.7964, 3.7902, 12.2858, 71.9833],
      [0.3707, 0.6473, 0.3904, 0.7309, 0.1386, 0.3224, 0.4322, 0.2966, 0.1111, 0.1234, 0.1352, 0.1825, 0.4787, 0.3088, 0.2518, 0, 0.1013, 0.1302, 0.1004, 0.2985, 0.1822, 0.0692, 0.1619, 0.1962, 0.5575, 0.5592, 0.3206, 0.1321, 0.072, 0.174, 0.3249, 0.0893, 0.2569, 0.1945, 0.8048, 0.2005, 0.1436, 0.2522, 0.0993, 0.18, 0.1119, 0.192, 0.5607, 0.1674, 0.0684, 0.0744, 0.2609, 2.0777],
      [0, 0.0505, 0.038, 0, 0.015, 0, 0, 0.002, 0.0034, 0.0006, 0, 0, 0.0364, 0, 0.0101, 0.2201, 0, 0.0287, 0.0013, 0, 0.0036, 1.5573e-07, 0.0072, 0.006, 0.0406, 0, 0.0318, 0.0124, 0.004, 0.0082, 0.8902, 0.0008, 0.0004, 0.0266, 0, 0, 0.0143, 0, 0.0012, 0.0064, 0.0041, 0.02, 0, 0.0087, 0.0005, 0.0013, 0, 0],
      [0.0373, 0.164, 0.0488, 0.1504, 0.0344, 0.1216, 0.0195, 0.0446, 0.0172, 0.0288, 0.0222, 0.0003, 0.0131, 0.0503, 0.0254, 0.0398, 0.0422, 0.0296, 0.0407, 0.0691, 0.0271, 0.0264, 0.0132, 0.0526, 0.0235, 0.1573, 0.0123, 0.0151, 0.0223, 0.021, 0.0642, 0.018, 0.0271, 0.0292, 0, 0.1484, 0.0344, 0.0541, 0.0314, 0.0066, 0.0246, 0.0197, 0.113, 0.023, 0.0206, 0.0172, 0.0842, 0.7093],
      [0.3137, 0.5352, 0.339, 0.2324, 0.1483, 0.0493, 0.4343, 0.2035, 0.2116, 0.1331, 0.1321, 0.2818, 0.4889, 0.2257, 0.2872, 0.2827, 0.1071, 0.252, 0.1561, 0.2113, 0.1775, 0.1151, 0.1488, 0.2834, 0.453, 0.5866, 0.4743, 0.1942, 0.1288, 0.2378, 0.3276, 0.1342, 0.2357, 0.2979, 0.7985, 0.2936, 0.1405, 0.1351, 0.0538, 0.1725, 0.1231, 0.1597, 0.2942, 0.1518, 0.0549, 0.0696, 0.1815, 1.341],
      [0.0884, 0.3607, 0.2101, 0.2915, 0.0983, 0.1171, 0.2719, 0.1885, 0.1697, 0.0297, 0.1077, 0.1366, 0.237, 0.168, 0.2528, 0.166, 0.0737, 0.0844, 0.0431, 0.1792, 0.1356, 0.0745, 0.0781, 0.1322, 0.3319, 0.7207, 0.3305, 0.0465, 0.1395, 0.2354, 0.3931, 0.057, 0.0495, 0.1524, 0.4513, 0.1663, 0.0998, 0.1124, 0.0469, 0.1088, 0.0668, 0.1363, 0.3043, 0.1171, 0.0592, 0.0474, 0.1876, 0.8886]
    ],
    [
      [0, 0, 0, 0, 0.0066, 0.0085, 0.008, 0, 0.0001, 0.0007, 0.0121, 0.013, 0, 0, 0.006, 0.0027, 0.0019, 0, 0, 0.0029, 0.0284, 0, 0, 0, 0, 0, 0, 0.0138, 0.0006, 0.011, 0, 0, 0, 0, 0, 0, 0.0121, 0, 0.0011, 0, 0, 0.0091, 0, 0, 0, 0.0015, 0.0153, 0],
      [0.0466, 0.0081, 0, 0.0142, 0, 0.0165, 0.0029, 0.0086, 0, 0.001, 0.004, 0, 0, 0.0103, 0, 0, 0.0011, 0, 0, 0.0095, 0.0155, 0, 0.0069, 0, 0.0063, 0.002, 0, 0, 0, 0, 0, 0, 0, 0, 0.0104, 0, 0, 0.0042, 0.0045, 0.0031, 0, 0, 0.0654, 0, 0.0073, 0.0014, 0.0208, 0.0799],
      [10.9659, 10.8033, 14.9716, 3.7383, 3.9612, 3.556, 4.6715, 7.6198, 3.2556, 2.123, 5.9601, 5.8642, 14.9595, 7.334, 7.1261, 11.2374, 3.3295, 13.5458, 12.4584, 5.0519, 20.501, 3.8671, 7.4774, 17.7409, 9.4685, 3.6242, 23.3141, 9.7677, 6.5184, 17.6518, 6.1772, 14.8089, 19.9649, 8.5191, 3.6467, 1.0307, 11.0279, 2.1974, 4.0923, 2.9241, 5.3656, 15.1349, 13.9369, 19.014, 12.6833, 5.8585, 8.8262, 35.3196],
      [0.0122, 0.0487, 0, 0.019, 0.0113, 0.0457, 0.0184, 0.039, 0.0079, 0.0095, 0.0258, 0.0144, 0, 0.0568, 0.0141, 0.0189, 0.0272, 0, 0.1108, 0.0403, 0.0068, 0.0268, 0, 0.0657, 0, 0.027, 0, 0, 0.008, 0, 0.0448, 0, 0, 0, 0.0175, 0.0133, 0.0345, 0.0129, 0.0247, 0.0024, 0.0148, 0, 0.1209, 0, 0.2029, 0.0294, 0.0956, 0.3932],
      [4.9726, 3.1319, 4.0163, 1.2255, 1.0185, 2.3695, 2.2942, 3.3212, 1.7307, 0.8652, 2.9892, 4.1013, 5.0298, 4.5881, 2.8427, 3.7308, 1.6368, 3.4502, 5.4272, 2.8881, 8.4214, 2.1014, 2.5106, 7.181, 2.5165, 2.3359, 8.6533, 3.2157, 2.4608, 7.2953, 3.7569, 9.1883, 11.0333, 2.4744, 3.3179, 0.9542, 2.9162, 0.7835, 0.8751, 1.0676, 1.6165, 3.8377, 5.859, 5.962, 4.0931, 2.104, 5.0298, 19.1787],
      [0.0026, 0.0081, 0.0122, 0.003, 0.0025, 0.0038, 0.005, 0.0114, 0.0058, 0.0007, 0.0089, 0.007, 0.0107, 0.0108, 0.0111, 0.0103, 0.0035, 0.0041, 0.0036, 0.0073, 0.0269, 0.0046, 0.005, 0.0125, 0.0087, 0.0109, 0.0325, 0.0028, 0.0121, 0.0419, 0.0211, 0.0028, 0.0018, 0.0065, 0.0075, 0.0018, 0.0093, 0.0019, 0.0023, 0.0028, 0.0032, 0.0182, 0.0178, 0.024, 0.0134, 0.0051, 0.0124, 0.0285]
    ],
    [
      [0.0209, 0, 0, 0, 0.9366, 0.0099, 0.034, 0.0038, 0.0351, 0.0139, 0.0259, 0.0116, 0.0178, 0.0014, 0.046, 1.0862, 0.0168, 0.0037, 0.0132, 0.015, 0.0082, 0.4426, 0.0272, 0.0719, 0.015, 0.0105, 0.0535, 0.0325, 0.0256, 0.0427, 0, 0.0089, 0.0109, 0.026, 0.0093, 0.0077, 0.0578, 0, 0, 0.0265, 0.0061, 0.0926, 0.0066, 0.0154, 0, 0.0598, 0, 0.1102],
      [8.3334, 11.8065, 9.9022, 10.801, 8.9006, 9.3446, 4.8231, 2.0409, 4.5983, 2.3089, 3.6151, 1.7576, 4.4906, 0.6769, 7.6621, 4.3286, 2.6938, 0.9604, 2.85, 3.8033, 1.8273, 3.5237, 6.9341, 8.4575, 5.3215, 2.8956, 7.9077, 4.4304, 3.7977, 5.479, 5.7496, 5.3027, 6.1357, 8.6802, 20.3927, 6.1871, 8.3356, 10.2991, 12.6862, 9.074, 3.4749, 13.962, 6.6302, 4.2999, 22.176, 25.403, 27.0756, 37.3025],
      [0.3093, 0.7322, 0.6722, 0.3641, 0.7949, 0.0854, 0.1895, 0.0604, 1.9997, 0.1155, 0.1343, 0.0605, 0.2434, 0.0148, 0.3956, 0.3987, 0.1136, 0.1193, 0.1915, 0.0956, 0.0829, 0.2103, 0.3696, 0.527, 0.311, 0.0899, 0.5281, 0.3295, 0.3143, 0.3227, 0.2015, 0.7076, 0.1927, 0.7758, 0.3952, 0.1564, 0.6342, 0.3339, 0.7868, 0.4489, 0.2305, 1.0079, 0.1868, 0.2464, 1.0346, 1.3239, 0.5553, 0.9502],
      [4.2462, 7.2112, 5.2156, 5.6302, 7.1456, 5.4163, 2.8407, 0.8484, 4.9893, 1.5411, 2.1212, 1.122, 2.1633, 0.2937, 4.6048, 4.0253, 2.1076, 0.896, 2.9006, 2.0004, 1.0308, 3.6687, 3.5263, 6.7369, 2.2306, 1.869, 5.2111, 3.1438, 3.5984, 3.8913, 3.7106, 3.7967, 2.5971, 6.2221, 9.5758, 5.488, 5.7653, 5.1896, 8.2956, 4.1848, 2.2127, 7.5645, 3.0349, 2.3246, 17.0606, 16.6066, 17.6269, 23.0036],
      [0.0109, 0, 0.0107, 0, 0, 0, 0.0004, 0, 0.0496, 0.0004, 0, 0.0024, 0.0051, 0.0001, 0.0156, 0.0103, 0, 0.0009, 0.0009, 0, 0.0007, 0.0099, 0.0167, 0.0125, 0.0045, 0.0005, 0.022, 0.0112, 0.0114, 0.0077, 0.0362, 0.054, 0.0197, 0.0667, 0.1584, 0, 0, 0, 0, 0.0566, 0.0039, 0, 0, 0.0021, 0, 0, 0, 0],
      [0.0793, 0.2501, 0.1993, 0.2047, 0.2223, 0.1437, 0.1122, 0.0464, 0.328, 0.0201, 0.1035, 0.0459, 0.0798, 0.0132, 0.2759, 0.1509, 0.0682, 0.0197, 0.0439, 0.0858, 0.0501, 0.1448, 0.1262, 0.1942, 0.1173, 0.1345, 0.2776, 0.0526, 0.2526, 0.2566, 0.3021, 0.1301, 0.044, 0.2291, 0.4685, 0.1608, 0.2071, 0.1774, 0.2315, 0.2092, 0.072, 0.3729, 0.1415, 0.1115, 0.7289, 0.6067, 0.7422, 0.6335]
    ],
    [
      [0.8332, 0.7772, 0.268, 0.5838, 1.0756, 0.6743, 0.7528, 0.0988, 0.3122, 0.5609, 0.4495, 0.5929, 0.219, 0.1204, 0.5979, 0.582, 0.3042, 0.0457, 0.9794, 0.2429, 0.6869, 0.2383, 0.6072, 5.3248, 0.3521, 0.6927, 1.6912, 1.7154, 3.8718, 0.4839, 0, 0.1176, 0.3774, 0.981, 1.2474, 0.7835, 0.9581, 0.3335, 0.4729, 0.5476, 0.0597, 0.5313, 0.3629, 0.5813, 0.6925, 1.3758, 1.3476, 3.127],
      [20.049, 18.8794, 8.2248, 31.5016, 11.9486, 15.2693, 11.4996, 3.7304, 4.2905, 7.8542, 6.1507, 7.845, 4.5327, 4.6562, 9.7313, 8.6714, 4.3246, 0.8688, 8.0497, 5.4417, 12.5172, 3.4071, 12.663, 22.3256, 9.2029, 14.2474, 20.742, 9.4227, 11.1288, 6.0279, 9.1016, 3.608, 12.991, 15.1253, 33.9433, 13.6077, 13.9409, 12.9219, 8.8773, 12.7733, 1.8131, 8.9119, 11.0742, 12.6352, 17.7365, 22.9222, 23.8687, 70.8323],
      [0, 0.0404, 0.022, 0, 0.024, 0, 0, 0.0008, 0.0029, 0.0019, 0.0006, 0, 0.0039, 0, 0.0084, 0.0166, 0.0002, 0.0013, 0.8947, 0, 0.0079, 0.0009, 0.0247, 0.0298, 0.0135, 0.0007, 1.8678, 0.0394, 2.2429, 0.0047, 0.1892, 0.0006, 0, 2.4298, 0, 0.7994, 0.0441, 0, 0.0024, 0.021, 0.0015, 0.0217, 0, 0.0296, 0, 0.0139, 0, 0],
      [1.0351, 1.2651, 0.4566, 1.9146, 0.9337, 1.0563, 0.7093, 0.1613, 0.3607, 0.5572, 0.3793, 0.5118, 0.2279, 0.2122, 0.6126, 0.6827, 0.3605, 0.0798, 1.0306, 0.3054, 0.7355, 0.334, 0.6403, 2.1708, 0.3986, 0.999, 1.5229, 0.7582, 1.5927, 0.451, 0.6304, 0.2486, 0.5506, 1.2819, 1.4865, 1.5319, 1.0323, 0.7442, 0.6444, 0.5597, 0.119, 0.5114, 0.5591, 0.7048, 1.5635, 1.6564, 1.7825, 5.0388],
      [0.0826, 0.029, 0.025, 0, 0.0109, 0, 0.0346, 0.0071, 0.0295, 0.025, 0.0167, 0.0479, 0.015, 0.01, 0.0418, 0.042, 0.0088, 0.0041, 0.0437, 0.0083, 0.0455, 0.0178, 0.0606, 0.1387, 0.0281, 0.0451, 0.1561, 0.0623, 0.1359, 0.0262, 0.0663, 0.024, 0.0807, 0.169, 0.3229, 0.2775, 0.0155, 0, 0, 0.0911, 0.0059, 0.0176, 0, 0.0409, 0, 0.0224, 0, 0],
      [0, 0.0089, 0.0037, 0, 0.0073, 0, 0.0037, 0.0015, 0.0042, 0.0009, 0.0032, 0.0025, 0.0015, 0.0013, 0.0081, 0.0053, 0.0017, 0.0003, 0.0019, 0.0017, 0.007, 0.002, 0.0042, 0.0103, 0.0049, 0.015, 0.0201, 0.002, 0.0279, 0.0063, 0.0125, 0.0012, 0.0003, 0.013, 0, 0, 0.009, 0.0003, 0.003, 0.0073, 0.0007, 0.0061, 0.0038, 0.0082, 0.0075, 0.0093, 0.0013, 0.0019]
    ],
    [
      [0.1242, 0.1266, 0.0816, 0.1066, 0.1701, 0.0669, 0.2902, 0.0746, 0.196, 0.2908, 0.1153, 0.1609, 0.0973, 0.095, 0.3129, 0.1872, 0.2319, 0.0441, 0.1702, 0.0506, 0.0825, 0.1021, 0.123, 0.2604, 0.0819, 0.1938, 0.2044, 0.1341, 0.0993, 0.187, 0, 0.0611, 0.0985, 0.1182, 0.1526, 0.0656, 0.185, 0.1246, 0.0675, 0.1169, 0.0351, 0.384, 0.1295, 0.0941, 0.0974, 0.1991, 0.2617, 0.6977],
      [0.094, 0.0832, 0.0814, 0.1875, 0.0122, 0.0294, 0.0649, 0.0679, 0, 0.0596, 0.0269, 0.0265, 0.0359, 0.0786, 0.056, 0, 0.039, 0.012, 0, 0.022, 0.028, 0, 0.0585, 0.0207, 0.0429, 0.074, 0.0297, 0.0148, 0.0015, 0.0275, 0.0274, 0, 0.0845, 0, 0.1422, 0.0046, 0.0252, 0.1868, 0.026, 0.0705, 0.0184, 0.1018, 0.1096, 0.0394, 0.043, 0.0532, 0.103, 0.3962],
      [1.7681, 3.5307, 3.8117, 2.182, 1.9179, 0.3559, 2.1148, 1.3568, 2.3702, 2.7584, 0.8095, 0.972, 1.5702, 1.246, 3.4227, 2.8679, 1.8387, 1.9708, 2.9023, 0.4364, 0.9889, 1.1295, 1.9679, 2.526, 1.8545, 2.018, 2.5542, 1.7374, 1.4263, 1.8337, 0.8457, 1.5929, 1.739, 2.9626, 1.4017, 0.554, 2.7329, 2.3773, 1.079, 2.0118, 1.1256, 5.7117, 1.7821, 1.7181, 1.6624, 2.5154, 1.7687, 7.075],
      [5.2899, 7.9575, 6.9708, 6.0878, 3.935, 2.1003, 6.9967, 4.2344, 7.1143, 8.1911, 2.8244, 3.9874, 3.1291, 5.5393, 8.8617, 6.5102, 7.6464, 3.2459, 9.8624, 1.8999, 2.7342, 4.4407, 4.261, 7.203, 2.9968, 9.372, 5.668, 3.7185, 3.6516, 4.9335, 3.4049, 5.0132, 5.1363, 5.4839, 7.2217, 4.126, 5.7275, 7.5999, 2.4367, 4.2784, 2.4274, 10.1368, 6.0633, 3.6548, 5.3086, 7.0075, 8.1486, 31.6371],
      [7.3585, 9.3046, 9.0935, 6.6033, 4.5262, 2.2173, 9.5262, 5.4246, 11.6015, 10.3123, 3.7228, 6.2583, 4.749, 7.1426, 12.4134, 8.5483, 8.354, 4.4653, 11.5288, 2.2936, 3.683, 5.6894, 6.0333, 9.2368, 4.4543, 11.902, 8.4499, 5.1682, 4.8916, 6.8408, 4.7225, 8.7004, 8.6223, 7.705, 11.7774, 4.7976, 6.5879, 7.7483, 2.1389, 6.7502, 3.1058, 12.8832, 6.8892, 4.858, 5.0209, 8.2866, 9.4077, 35.0021],
      [0.3653, 0.9974, 0.961, 0.8329, 0.4386, 0.2301, 1.0072, 0.8417, 1.7179, 0.3878, 0.501, 0.5949, 0.4185, 0.8986, 1.9333, 0.8863, 0.89, 0.2618, 0.5363, 0.2975, 0.4834, 0.6382, 0.5564, 0.7532, 0.5696, 2.4402, 1.0938, 0.227, 0.9297, 1.1775, 0.9995, 0.6325, 0.3194, 0.7303, 1.3044, 0.4522, 0.7415, 0.9631, 0.2519, 0.7722, 0.2877, 1.7824, 1.0263, 0.6356, 0.8677, 0.9382, 1.3102, 3.1919]
    ],
    [
      [0.2684, 0, 0, 0, 2.2329, 1.3673, 1.9013, 0.0425, 2.3162, 1.4597, 1.4165, 3.9207, 0.5525, 0.117, 2.7998, 1.0669, 1.0936, 0, 0.9318, 0.4594, 0.8962, 0.6813, 1.7187, 2.7997, 2.5543, 0.4931, 7.9144, 3.2141, 0.8236, 4.3572, 0, 0.015, 0.5332, 0.9524, 0.4779, 0, 1.9452, 0, 0.2191, 1.2822, 0, 2.4878, 0.3271, 1.6191, 0.311, 1.0168, 2.1589, 2.1837],
      [2.9413, 2.5099, 2.6759, 5.1901, 0, 3.2117, 1.9386, 2.3034, 0, 1.4889, 1.8833, 0.1447, 2.1788, 3.3773, 1.2021, 0, 0.7523, 0.017, 0, 1.8254, 2.1254, 0, 2.5674, 0, 3.3898, 2.0016, 0, 0, 0, 0.2916, 0.0475, 0, 5.1588, 0, 8.5824, 0, 0.5536, 5.8614, 3.1903, 2.6016, 0.5085, 2.6106, 4.9014, 3.4443, 2.7767, 2.4083, 3.8423, 20.925],
      [1.6815, 4.443, 5.8766, 1.9496, 2.701, 0.185, 1.7288, 1.4133, 4.3442, 2.2162, 1.5204, 0.8955, 3.0882, 1.2975, 2.7265, 1.8957, 1.0691, 5.9293, 2.4781, 0.8319, 2.2707, 1.2098, 3.1602, 3.2122, 7.9303, 1.567, 5.6154, 2.8737, 2.6171, 3.0355, 1.1371, 4.9717, 3.9562, 5.8352, 1.64, 0.5375, 4.5036, 1.8695, 3.1018, 2.5547, 2.3543, 5.5052, 2.0348, 5.9502, 1.9458, 3.2222, 0.7783, 5.8496],
      [60.1256, 90.2169, 78.7935, 68.138, 52.9212, 58.7924, 66.0549, 48.4007, 48.7401, 74.6576, 62.2463, 44.1245, 58.4504, 76.2583, 68.449, 40.6284, 58.2283, 42.1519, 101.0236, 47.7922, 64.0632, 59.9531, 59.7027, 94.3847, 67.8104, 82.8674, 92.8293, 54.8062, 63.0519, 77.4439, 56.0904, 43.8329, 59.9608, 73.8495, 107.6583, 71.6246, 77.3575, 88.0224, 82.9691, 41.5744, 39.0044, 77.528, 89.2814, 96.322, 85.9818, 94.4833, 102.1489, 526.5488],
      [4.7736, 5.0864, 5.8941, 1.2179, 2.7321, 0.232, 4.8178, 3.2352, 5.7902, 4.9878, 4.2363, 4.5252, 5.2226, 5.2703, 5.7792, 3.0458, 2.487, 3.6802, 6.2967, 2.668, 4.9103, 4.6883, 5.3483, 6.9872, 6.3412, 5.6218, 9.3289, 4.8962, 5.3755, 6.4789, 5.5472, 5.8689, 7.18, 7.6429, 12.5989, 3.5876, 3.9306, 0.7396, 0, 4.4657, 2.8459, 4.8397, 3.5508, 7.4343, 0.1999, 5.0937, 3.2465, 16.2977],
      [0.2096, 0.7438, 0.7598, 0.5043, 0.4128, 0.2116, 0.5587, 0.6049, 0.8093, 0.1898, 0.6972, 0.3894, 0.5074, 0.6796, 1.0434, 0.3632, 0.3697, 0.2216, 0.2698, 0.423, 0.7342, 0.4675, 0.5027, 0.6162, 0.974, 1.4492, 1.3119, 0.2098, 1.132, 1.393, 1.1779, 0.3116, 0.211, 0.72, 1.0425, 0.2503, 0.7094, 0.507, 0.5196, 0.5214, 0.2869, 1.0286, 0.9044, 1.2302, 0.7848, 0.7757, 0.8252, 2.1951]
    ],
    [
      [1.0296, 0, 0, 0.768, 3.3088, 3.5439, 5.0026, 0.4382, 0, 3.824, 5.3486, 1.4113, 0, 0.8886, 1.5365, 0.3385, 2.3065, 0, 0, 2.7727, 2.6069, 0.1278, 0.1987, 3.2301, 0, 1.2345, 0, 0.0547, 0, 1.9856, 0, 0, 0, 0, 0, 0, 1.6527, 0.8162, 2.4111, 0, 0, 2.1391, 1.915, 0.78, 0.7424, 0.9054, 1.8395, 9.223],
      [1.8151, 0.5472, 0, 3.0178, 0, 2.2394, 0, 1.2075, 0, 0, 0, 0, 0, 1.3582, 0, 0, 0, 0, 0, 1.1705, 0.124, 0, 0.4666, 0, 1.0273, 0, 0, 0, 0, 0, 0, 0, 0, 0, 0.6306, 0, 0, 2.4011, 0.6901, 0, 0, 0, 3.6883, 0.1109, 0.0318, 0, 0.3988, 6.6767],
      [8.4126, 18.3645, 15.7399, 8.192, 14.181, 3.3626, 9.7955, 9.5637, 6.856, 13.2059, 9.2107, 6.1706, 21.2457, 9.7296, 13.1981, 14.7692, 7.1231, 15.2856, 12.5077, 7.266, 12.03, 4.4974, 9.7365, 21.3499, 30.1816, 8.6921, 24.6021, 14.3791, 15.9378, 14.6018, 2.5632, 2.7979, 9.3641, 13.6555, 6.2338, 1.8228, 14.3155, 8.7193, 10.1038, 8.1035, 13.2087, 20.7433, 13.3251, 16.0127, 5.6729, 4.8468, 4.3181, 38.5889],
      [0, 2.8401, 0, 1.9374, 0.8522, 3.877, 0, 1.6911, 0, 1.8998, 0.3518, 0, 0, 3.9546, 0, 0.0268, 4.3707, 0, 5.8942, 3.4375, 0, 1.3649, 0, 1.6772, 0, 3.0162, 0, 0, 0, 0, 0.9206, 0, 0, 0, 0, 3.8748, 1.16, 3.7743, 2.9162, 0, 0.6087, 0, 5.5108, 0, 2.234, 0.7627, 1.957, 29.7256],
      [96.683, 116.6884, 87.8107, 64.8363, 81.2268, 67.9748, 119.8395, 100.4695, 141.2571, 131.9794, 115.4677, 122.2397, 155.1463, 163.6742, 120.2829, 104.3287, 88.9595, 89.5242, 143.4939, 111.0114, 114.596, 61.8124, 73.3374, 200.134, 184.3165, 136.7032, 212.8831, 103.4142, 151.2925, 135.9524, 54.9376, 113.1642, 169.6343, 100.8273, 151.8335, 67.2672, 81.4078, 76.073, 49.6356, 71.5211, 90.8636, 107.2187, 139.8195, 105.3878, 45.0339, 41.3046, 65.2113, 553.1045],
      [0.0598, 0.5597, 0.4494, 0.2485, 0.4312, 0.0025, 0.3623, 0.6299, 0.8869, 0.091, 0.6212, 0.1784, 0.608, 0.3948, 0.9825, 0.5368, 0.2402, 0.1902, 0.1043, 0.342, 0.6432, 0.1975, 0.2608, 0.6088, 1.4746, 1.3539, 1.5148, 0.152, 1.7697, 1.4603, 0.5786, 0.0379, 0.0016, 0.5172, 0.3021, 0.0353, 0.4641, 0.2161, 0.2431, 0.3754, 0.319, 0.8988, 0.7413, 0.7086, 0.285, 0.1805, 0.2754, 0.6812]
    ],
    [
      [2.5338, 2.8539, 1.6768, 1.9468, 3.7041, 3.9396, 6.1689, 2.0773, 2.6534, 5.1657, 5.0292, 5.4908, 11.3675, 3.5304, 3.5283, 4.445, 3.3693, 0.4314, 3.2469, 4.2147, 3.2169, 2.6932, 1.7345, 7.9837, 4.4032, 4.3991, 7.3059, 4.2358, 2.5457, 6.6091, 0, 2.0969, 2.5497, 2.6229, 3.1674, 1.9521, 3.6218, 3.2795, 4.061, 2.5011, 1.2297, 4.8838, 4.5312, 4.3782, 2.3603, 3.6514, 5.0913, 22.675],
      [0.3499, 0.5184, 0.7252, 0.5569, 0, 0.5666, 0.2387, 0.3447, 0, 0.1639, 0.1849, 0.0437, 0.2834, 0.5338, 0.0967, 0, 0.0878, 0.0116, 0, 0.4291, 0.1805, 0, 0.1416, 0, 0.4519, 0.2203, 0, 0, 0, 0, 0.7491, 0, 0.373, 0, 0.4937, 0, 0.001, 1.0732, 0.4263, 0.2975, 0.0731, 0.2217, 0.9702, 0.3029, 0.1602, 0.1375, 0.43, 2.7097],
      [8.8625, 18.0355, 21.8681, 8.574, 12.4051, 5.4551, 13.5, 8.9832, 8.168, 13.5785, 9.3644, 9.0372, 35.8527, 11.3781, 11.1126, 18.5944, 7.5259, 15.1192, 13.566, 9.3182, 10.1151, 8.085, 7.2565, 21.6083, 26.2, 11.0082, 24.4866, 14.8607, 9.9392, 17.5414, 5.9959, 12.1196, 10.7826, 15.7954, 6.6825, 4.0991, 14.7274, 14.5026, 16.8326, 10.9295, 9.7097, 20.8552, 15.7342, 21.0203, 10.0007, 12.2181, 9.7535, 58.2167],
      [3.2536, 5.2965, 4.5146, 3.1227, 3.1665, 4.5904, 5.3604, 3.5805, 2.7706, 5.115, 4.0291, 4.2396, 4.0161, 6.6349, 3.4323, 5.0678, 4.217, 2.5968, 6.1373, 5.4553, 3.4024, 4.1853, 1.8566, 7.7091, 4.5401, 6.692, 5.7564, 3.5582, 3.0751, 5.2593, 3.1341, 4.0906, 3.7281, 3.1335, 4.0403, 4.193, 3.8884, 6.6025, 5.6818, 2.3937, 2.5884, 4.2396, 7.3166, 4.9707, 4.628, 4.437, 6.1564, 36.9435],
      [15.8052, 20.2245, 21.8108, 10.8847, 12.3373, 14.157, 26.053, 15.3387, 17.3298, 21.6969, 18.4351, 25.5434, 46.3433, 28.0891, 17.3372, 24.0114, 14.4468, 13.623, 23.0526, 20.9192, 16.1655, 17.5656, 9.5442, 34.0264, 26.8859, 27.8048, 35.0323, 19.0381, 14.7035, 28.161, 14.6056, 29.8659, 23.1941, 17.8168, 24.1925, 14.8224, 15.0015, 19.5204, 13.2966, 15.8753, 11.4353, 20.0433, 25.5873, 25.1632, 12.5973, 17.1191, 21.9231, 122.0758],
      [2.195, 6.0712, 6.4045, 3.915, 3.387, 4.2912, 7.6791, 6.6756, 7.0782, 2.2802, 6.9573, 6.6454, 11.137, 9.8337, 7.493, 6.8813, 4.3532, 2.2179, 2.9972, 7.6635, 5.9197, 5.4708, 2.4665, 7.6726, 9.519, 15.8757, 12.4187, 2.3072, 7.7365, 13.4291, 8.5153, 5.8269, 2.3724, 4.6315, 7.4237, 3.9334, 4.7599, 7.0217, 4.7018, 5.003, 2.9637, 7.7565, 10.8605, 9.1647, 6.2535, 5.437, 8.6456, 31.3793]
    ]
  ],
  "V_est": [
    [570.9399, 14.036, 1.4945, 2.7954, 12.7901, 8.9441],
    [0.1554, 0.3504, 462.9923, 1.6613, 192.3699, 0.4707],
    [3.4594, 389.4393, 20.344, 246.4866, 0.6023, 9.6685],
    [39.632, 621.8884, 8.8033, 43.1015, 2.332, 0.2428],
    [7.3501, 2.7064, 98.8955, 286.1762, 366.7975, 41.0742],
    [62.9283, 111.4291, 139.511, 3777.3451, 237.0254, 32.761],
    [64.3804, 27.602, 574.5842, 90.6362, 5681.5809, 24.2163],
    [197.1543, 14.5484, 681.3752, 244.7978, 1080.5019, 335.6225]
  ],
  "p_est": [
    [0.9344, 0.023, 0.0024, 0.0046, 0.0209, 0.0146],
    [0.0002, 0.0005, 0.7036, 0.0025, 0.2924, 0.0007],
    [0.0052, 0.5813, 0.0304, 0.3679, 0.0009, 0.0144],
    [0.0554, 0.8686, 0.0123, 0.0602, 0.0033, 0.0003],
    [0.0092, 0.0034, 0.1232, 0.3564, 0.4568, 0.0512],
    [0.0144, 0.0256, 0.032, 0.8662, 0.0544, 0.0075],
    [0.01, 0.0043, 0.0889, 0.014, 0.8791, 0.0037],
    [0.0772, 0.0057, 0.2668, 0.0958, 0.4231, 0.1314]
  ],
  "EI_Z": {},
  "EI_V": 11.4439,
  "MAE_Z": {},
  "MAE_V": 80.279,
  "MAE_p": 0.0744,
  "runtime": 0.011
}
