{
  "X": [
    [1, 1, 3, 19, 2],
    [21, 31, 37, 368, 6],
    [3, 5, 9, 35, 1],
    [18, 39, 133, 220, 11],
    [55, 155, 236, 1204, 41],
    [40, 48, 87, 611, 15],
    [5, 2, 10, 35, 8],
    [1, 1, 1, 3, 1],
    [8, 2, 19, 69, 6],
    [6, 6, 28, 122, 3],
    [17, 29, 45, 201, 13],
    [0, 2, 15, 12, 1],
    [20, 38, 92, 303, 11],
    [27, 35, 75, 567, 16],
    [1, 1, 6, 14, 0],
    [4, 1, 5, 24, 1],
    [8, 24, 38, 187, 4],
    [1, 1, 6, 41, 0],
    [38, 30, 259, 804, 75],
    [22, 19, 135, 394, 41],
    [21, 59, 88, 378, 20],
    [1, 0, 0, 8, 0],
    [23, 47, 75, 358, 16],
    [7, 6, 15, 106, 3],
    [1, 2, 6, 23, 0],
    [12, 36, 50, 172, 8],
    [33, 78, 154, 693, 19],
    [10, 23, 44, 261, 6],
    [2, 2, 5, 36, 6],
    [2, 17, 40, 66, 4],
    [13, 31, 63, 160, 11],
    [0, 11, 8, 21, 0],
    [10, 6, 15, 129, 6],
    [31, 76, 105, 720, 19],
    [30, 9, 39, 271, 9],
    [41, 127, 264, 891, 42],
    [53, 148, 416, 995, 63],
    [16, 50, 246, 135, 34],
    [44, 104, 228, 556, 34],
    [13, 21, 49, 287, 12],
    [28, 68, 169, 692, 27],
    [1, 27, 33, 120, 6],
    [13, 22, 40, 188, 7],
    [18, 28, 68, 357, 13],
    [0, 0, 1, 24, 1],
    [1, 1, 2, 17, 4],
    [16, 48, 83, 486, 18],
    [11, 25, 44, 164, 8],
    [29, 91, 122, 472, 24],
    [15, 63, 103, 226, 13],
    [37, 42, 83, 261, 14],
    [35, 121, 227, 545, 33],
    [26, 47, 64, 713, 23],
    [0, 0, 2, 0, 1],
    [379, 725, 1322, 5580, 199],
    [46, 77, 181, 591, 44],
    [110, 180, 470, 1415, 106],
    [9, 12, 82, 271, 16]
  ],
  "W": [
    [2, 2, 3, 17, 1, 1],
    [40, 23, 21, 336, 39, 4],
    [3, 6, 6, 31, 7, 0],
    [20, 47, 74, 204, 50, 26],
    [57, 121, 169, 1149, 171, 24],
    [53, 38, 51, 592, 50, 17],
    [5, 6, 8, 34, 3, 4],
    [1, 1, 0, 4, 1, 0],
    [10, 1, 14, 76, 2, 1],
    [10, 15, 15, 116, 7, 2],
    [18, 13, 30, 196, 43, 5],
    [2, 1, 10, 13, 3, 1],
    [28, 19, 55, 295, 59, 8],
    [40, 53, 39, 531, 39, 18],
    [0, 2, 3, 15, 1, 1],
    [3, 0, 4, 27, 1, 0],
    [3, 14, 27, 188, 21, 8],
    [0, 0, 5, 40, 1, 3],
    [36, 27, 248, 786, 33, 76],
    [34, 27, 108, 387, 19, 36],
    [28, 32, 58, 364, 66, 18],
    [0, 0, 0, 8, 1, 0],
    [38, 50, 43, 327, 42, 19],
    [9, 7, 7, 105, 6, 3],
    [2, 1, 4, 21, 4, 0],
    [11, 22, 36, 167, 36, 6],
    [50, 92, 99, 643, 76, 17],
    [13, 19, 25, 252, 28, 7],
    [6, 2, 3, 35, 2, 3],
    [0, 13, 27, 56, 23, 10],
    [14, 17, 52, 162, 31, 2],
    [3, 2, 6, 17, 11, 1],
    [7, 9, 9, 120, 17, 4],
    [41, 53, 70, 687, 84, 16],
    [24, 13, 30, 274, 12, 5],
    [47, 53, 197, 892, 153, 23],
    [75, 104, 308, 953, 182, 53],
    [29, 19, 227, 125, 59, 22],
    [55, 42, 170, 546, 130, 23],
    [25, 14, 40, 275, 19, 9],
    [36, 64, 118, 670, 73, 23],
    [6, 10, 23, 111, 32, 5],
    [14, 10, 31, 175, 27, 13],
    [25, 28, 41, 340, 36, 14],
    [0, 0, 2, 21, 2, 1],
    [0, 1, 2, 18, 1, 3],
    [23, 30, 61, 465, 56, 16],
    [16, 24, 21, 149, 30, 12],
    [40, 32, 108, 431, 100, 27],
    [30, 31, 78, 205, 63, 13],
    [42, 26, 54, 248, 56, 11],
    [43, 60, 169, 531, 127, 31],
    [33, 45, 39, 701, 41, 14],
    [0, 0, 3, 0, 0, 0],
    [492, 407, 925, 5283, 893, 205],
    [47, 67, 133, 577, 84, 31],
    [85, 170, 354, 1394, 187, 91],
    [13, 41, 51, 250, 13, 22]
  ],
  "method": "mvn_cdf",
  "mvncdf_method": "genz",
  "mvncdf_samples": 5000,
  "mvncdf_error": 0.001,
  "cond_prob": [
    [
      [0.32213611385, 0.0072711533527, 0.04586841605, 0.59158168505, 0.033142631703],
      [0.014389648795, 0.081787690326, 0.1911496697, 0.69394993839, 0.018723052789],
      [0.0021211658223, 0.0049086477946, 0.7822302714, 0.0048341468638, 0.20590576812],
      [0.018024882581, 0.0012994286618, 0.0011778413402, 0.94685582316, 0.032642024253],
      [0.01127920243, 0.78462117399, 0.072206124249, 0.13049096986, 0.0014025294759],
      [0.002882770933, 0.00044490801991, 0.087043587281, 0.18739434891, 0.72223438486]
    ],
    [
      [0.34308153032, 0.014137644656, 0.080694380007, 0.54664000861, 0.015446436399],
      [0.016801915906, 0.12724239818, 0.2718170256, 0.57723225383, 0.0069064064867],
      [0.0014903860186, 0.0083619673266, 0.89609316756, 0.011275651715, 0.082778827376],
      [0.017936727112, 0.0035716802751, 0.0067659301061, 0.96554737233, 0.0061782901763],
      [0.020660862861, 0.66990545938, 0.13821438473, 0.17117282328, 4.6469742498e-05],
      [0.0066206634097, 0.0014800633901, 0.25969079294, 0.38040298008, 0.35180550019]
    ],
    [
      [0.50160857161, 0.0076632850441, 0.066133516913, 0.41223912568, 0.012355500752],
      [0.026922075293, 0.096784542939, 0.30581430063, 0.56201422988, 0.0084648512582],
      [0.003262322444, 0.0044833615637, 0.91509939546, 0.0055036356024, 0.071651284927],
      [0.033055354146, 0, 0.010337307546, 0.9415349349, 0.015072403407],
      [0.041335988601, 0.62420038826, 0.16509439125, 0.16722749259, 0.0021417392869],
      [0.008961510765, 0.0010000232641, 0.26554954126, 0.32546511303, 0.39902381168]
    ],
    [
      [0.42814372167, 0.01624197272, 0.19625353522, 0.34476926053, 0.014591509865],
      [0.017692807484, 0.12040823581, 0.55267582603, 0.30474600738, 0.0044771232937],
      [0.0015602981593, 0.0055943857566, 0.95405313753, 0.0049714793565, 0.033820699198],
      [0.035773084574, 0.0091122964668, 0.025604425117, 0.92534935788, 0.0041608359646],
      [0.020248764198, 0.6138878123, 0.27558567435, 0.090277749152, 0],
      [0.0069213110822, 0.0018726854807, 0.51910180207, 0.1972502502, 0.27485395117]
    ],
    [
      [0.38732061204, 0.020176837003, 0.098988781706, 0.47178362766, 0.021730141588],
      [0.018436059468, 0.17416088039, 0.31818978201, 0.47983148789, 0.009381790244],
      [0.0014381953176, 0.0098513111575, 0.88531492679, 0.0080477006558, 0.095347866074],
      [0.023586051174, 0.0052221469929, 0.011190419543, 0.94924517587, 0.010756206417],
      [0.018646592306, 0.73138297212, 0.13268356499, 0.11714953703, 0.00013733355542],
      [0.0066652843944, 0.0018686271153, 0.27882381348, 0.29055766116, 0.42208461385]
    ],
    [
      [0.41527533993, 0.020157741626, 0.10773145607, 0.44087968953, 0.01595577285],
      [0.019722667298, 0.17554906647, 0.34850084851, 0.44934505672, 0.0068823609995],
      [0.0014595874525, 0.0092504477605, 0.91610447708, 0.0069989372618, 0.066186550448],
      [0.027127032091, 0.0053351217167, 0.014317664642, 0.94548172537, 0.0077384561787],
      [0.019453988754, 0.7319067258, 0.14174723237, 0.10686291246, 2.914062277e-05],
      [0.0079178959399, 0.0020749403404, 0.33896783338, 0.30194067392, 0.34909865642]
    ],
    [
      [0.59968844778, 0.003619056643, 0.067904686615, 0.24607855274, 0.082709256218],
      [0.070582710696, 0.043189647179, 0.38736319846, 0.43891649274, 0.059947950927],
      [0.0010827474672, 0, 0.5949508018, 0.01119164623, 0.39277480451],
      [0.041064015211, 0, 0.048093792004, 0.89396102473, 0.016881168053],
      [0.055625322722, 0.57425561124, 0.22290478565, 0.14721428039, 0],
      [0.0015867579588, 0, 0.068196919178, 0.052564356988, 0.87765196588]
    ],
    [
      [0.92058675336, 0, 0.0060388438672, 0, 0.073374402771],
      [0.058808217323, 0.046222419487, 0.828448708, 0.00093389161992, 0.065586763571],
      [0.0012642381908, 0.0080196994045, 0.89953258033, 0.0063030557013, 0.084880426369],
      [0.0051512573289, 0, 0.037245456495, 0.7497665271, 0.20783675908],
      [0, 0.95377758051, 0.016530622152, 0, 0.029691797335],
      [0.006681618723, 0.0017084650665, 0.31879457981, 0.25504089554, 0.41777444086]
    ],
    [
      [0.43025274798, 0.012203184125, 0.25067177495, 0.2346135232, 0.072258769736],
      [0.014449212272, 0.086210102862, 0.6957082501, 0.17808963899, 0.025542795774],
      [0.0014633759653, 0.0023268905713, 0.87371910288, 0.0072489432887, 0.1152416873],
      [0.047719380076, 0.0069080920981, 0.035008505638, 0.87135422111, 0.039009801073],
      [0.0167158014, 0.61687119799, 0.31520225703, 0.051210743585, 0],
      [0.0024315557836, 0.00042419244813, 0.27445561758, 0.048947631036, 0.67374100315]
    ],
    [
      [0.33078419238, 0.012559112866, 0.16981772503, 0.46773028729, 0.019108682441],
      [0.012984458405, 0.094811803355, 0.48087956662, 0.40405527659, 0.0072688950311],
      [0.00080644203968, 0.0035294634141, 0.94196382955, 0.0042870593176, 0.049413205676],
      [0.020299129745, 0.0025135075345, 0.019563746265, 0.94656382065, 0.011059795811],
      [0.017342892043, 0.58653777868, 0.26524299277, 0.13065818535, 0.00021815115325],
      [0.0045976374491, 0.00097927252379, 0.41653814546, 0.24077579814, 0.33710914643]
    ],
    [
      [0.47403607364, 0.010813073867, 0.10020323199, 0.3733729252, 0.041574695306],
      [0.025952529255, 0.11308519051, 0.38827237223, 0.45140824518, 0.021281662819],
      [0.0014527097234, 0.0046152060446, 0.82099156416, 0.0059326290799, 0.16700789099],
      [0.033999323834, 0.0023583384759, 0.018560021155, 0.9255828449, 0.01949947163],
      [0.032432662392, 0.62165335867, 0.20622257596, 0.13969140298, 0],
      [0.0055829096139, 0.00069444969757, 0.20274382952, 0.16240667144, 0.62857213973]
    ],
    [
      [0, 0.065438493999, 0.71832804626, 0.18245277811, 0.033780681626],
      [0, 0.041148792123, 0.90756290955, 0.046101549, 0.0051867493272],
      [0, 0.012346394283, 0.93153045662, 0.033336021367, 0.022787127731],
      [0, 0.027911977634, 0.081095440161, 0.85691838914, 0.034074193062],
      [0, 0.44663641643, 0.52233837394, 0.029508232358, 0.0015169772753],
      [0, 0.0017453185281, 0.71922058781, 0.02716892517, 0.25186516849]
    ],
    [
      [0.37387236101, 0.013400898965, 0.18192335344, 0.40745437105, 0.02334901553],
      [0.015339272589, 0.099990131706, 0.51588318861, 0.35998054511, 0.0088068619802],
      [0.0010283737615, 0.0039957867195, 0.93282680254, 0.0042575203237, 0.057891516655],
      [0.026793944101, 0.0056458429675, 0.018672956313, 0.93537021963, 0.013517036988],
      [0.020987216678, 0.57341271538, 0.28715451486, 0.11816454616, 0.00028100692537],
      [0.0051384827295, 0.001040021798, 0.41853161137, 0.20144507769, 0.37384480641]
    ],
    [
      [0.35948357309, 0.014593367481, 0.10236577284, 0.50449302703, 0.019064259568],
      [0.01707011661, 0.12731148488, 0.33186468445, 0.51548042278, 0.0082732912803],
      [0.0012591347451, 0.0069240701362, 0.90175796681, 0.0083345735623, 0.081724254744],
      [0.020225057863, 0.0031367216467, 0.011878683106, 0.95583907713, 0.0089204602589],
      [0.020891095719, 0.65919240613, 0.16763082296, 0.15216110863, 0.00012456655493],
      [0.0062542323641, 0.0013674907198, 0.29459984892, 0.31610749737, 0.38167093063]
    ],
    [
      [0.65774954545, 0.0059725546791, 0.14237975985, 0.18734670992, 0.0065514300998],
      [0.015942028395, 0.065805517207, 0.72616120815, 0.19209124624, 0],
      [0.0089191714248, 0.0035331109476, 0.98754771763, 0, 0],
      [0.051578975079, 0.013963278622, 0.038433625597, 0.8960241207, 0],
      [0.013032066007, 0.64687975875, 0.29014951969, 0.049938655553, 0],
      [0.15464173675, 0.0014606946714, 0.71838052717, 0.12551704141, 0]
    ],
    [
      [0.76358886746, 0.005260657004, 0.072727410514, 0.14477724542, 0.013645819608],
      [0.040813977083, 0.10070503675, 0.59105873754, 0.25683781596, 0.01058443267],
      [0, 0.00082201948532, 0.94555296073, 0.0010250569328, 0.052599962849],
      [0.062501287753, 0.005214904518, 0.033124886717, 0.87145064196, 0.027708279055],
      [0.021698628304, 0.84012752906, 0.10523398416, 0.032400703177, 0.00053915529698],
      [0.010759530255, 0.00073150099284, 0.33989580375, 0.10659972859, 0.54201343642]
    ],
    [
      [0.4474516154, 0.035104682908, 0.10489926992, 0.40190168561, 0.010642746166],
      [0.018591942513, 0.28760294781, 0.31603842308, 0.37375512706, 0.0040115595375],
      [0.00177346752, 0.016162830987, 0.93118706133, 0.0062754580489, 0.044601182114],
      [0.03202660628, 0.0090449674084, 0.016941643978, 0.93940738165, 0.0025794006845],
      [0.012048095504, 0.8427656742, 0.085986997809, 0.059199232485, 0],
      [0.0094327936564, 0.004164401791, 0.39099469868, 0.3175642706, 0.27784383528]
    ],
    [
      [0.37086055062, 0.0060571052805, 0.041742095961, 0.57739661322, 0.0039436349086],
      [0.016238784773, 0.07281459591, 0.1882245811, 0.72049942789, 0.002222610328],
      [0.031318600438, 0.0051484380901, 0.95131729031, 0.012215671158, 0],
      [0.0093945517753, 0.0032488412323, 0.011144213319, 0.97621239367, 0],
      [0.0095492336612, 0.84080914648, 0.04802118778, 0.10162043208, 0],
      [0.15269189771, 0.0011650045943, 0.24987460929, 0.5962684884, 0]
    ],
    [
      [0.41591020178, 0.013162132359, 0.088223247007, 0.45825972744, 0.024444691415],
      [0.022008156802, 0.12769319644, 0.317566237, 0.52095027746, 0.011782132304],
      [0.0017910725893, 0.0069453026406, 0.86529848311, 0.0085563777757, 0.11740876388],
      [0.026168427028, 0.003153294605, 0.01110280388, 0.94802805738, 0.011547417103],
      [0.026807553248, 0.66022813345, 0.1596841146, 0.1531557076, 0.00012449108942],
      [0.0070499157768, 0.0011841304326, 0.24551672718, 0.27777393654, 0.46847529006]
    ],
    [
      [0.35358269641, 0.017031420551, 0.15883071829, 0.42810117084, 0.042453993908],
      [0.014741729867, 0.13101002995, 0.45390338688, 0.3842493668, 0.016095486499],
      [0.00090704403126, 0.0050995509462, 0.87502924752, 0.0048553082219, 0.11410884928],
      [0.023297747467, 0.0046756958798, 0.021517370605, 0.93135413305, 0.019155052995],
      [0.017150502543, 0.65718484117, 0.21762461661, 0.10799204323, 4.7996444539e-05],
      [0.0038920289549, 0.0010250861887, 0.28830875723, 0.1683209913, 0.53845313633]
    ],
    [
      [0.37719658903, 0.024138444411, 0.12645747841, 0.44505157949, 0.027155908656],
      [0.016144336884, 0.19089765477, 0.37146637109, 0.4108039764, 0.010687660848],
      [0.0011255315724, 0.0091190627375, 0.89090115574, 0.0056435339367, 0.093210716014],
      [0.02407713446, 0.0058849283003, 0.016519908477, 0.93906179714, 0.01445623162],
      [0.015064308948, 0.75015914256, 0.14259783543, 0.091938755413, 0.00023995764829],
      [0.005459697867, 0.0018819808048, 0.30418310406, 0.2321695302, 0.45630568706]
    ],
    [
      [0.4044442118, 0.019416663181, 0.11920116224, 0.43410199553, 0.022835967253],
      [0.018990728274, 0.16385416168, 0.37451816804, 0.43300031888, 0.0096366231199],
      [0.0012642381908, 0.0080196994045, 0.89953258033, 0.0063030557013, 0.084880426369],
      [0.083075748306, 0, 0, 0.91692425169, 0],
      [0.33539401355, 0, 0, 0.66460598645, 0],
      [0.006681618723, 0.0017084650665, 0.31879457981, 0.25504089554, 0.41777444086]
    ],
    [
      [0.37065385594, 0.027003098396, 0.11377104685, 0.46738077263, 0.021191226176],
      [0.015839649314, 0.21317365317, 0.33264071601, 0.42998832683, 0.0083576546751],
      [0.0012014386743, 0.011463583215, 0.89914619834, 0.0068234955328, 0.081365284233],
      [0.022577707382, 0.0063133191138, 0.013800768649, 0.94626573221, 0.011042472646],
      [0.013633366099, 0.77886511256, 0.11811607649, 0.089207821361, 0.00017762349364],
      [0.0061051292401, 0.0023934445479, 0.31092901734, 0.27742531901, 0.40314708986]
    ],
    [
      [0.41454894831, 0.016644534485, 0.13490449612, 0.4157184297, 0.018183591384],
      [0.017737483717, 0.14309830313, 0.43136585117, 0.4002105159, 0.0075878460894],
      [0.0011363649339, 0.005788449643, 0.9321443156, 0.004327964192, 0.056602905633],
      [0.028672845134, 0.0052944633163, 0.01944380398, 0.93449376314, 0.012095124429],
      [0.017836496579, 0.7079312493, 0.17750048864, 0.096510356394, 0.00022140908286],
      [0.0064249353548, 0.0014952587392, 0.37822867258, 0.24195250135, 0.37189863198]
    ],
    [
      [0.27150393473, 0.0054853315987, 0.10563152027, 0.6173792134, 0],
      [0.013389149697, 0.048648999797, 0.36873323161, 0.5692286189, 0],
      [0.023845073715, 0, 0.97184771311, 0.0043072131744, 0],
      [0.010812695153, 0, 0.022537963942, 0.96664934091, 0],
      [0.030289021944, 0.48509508425, 0.26482890815, 0.21978698565, 0],
      [0.0045274608469, 0.00068505958037, 0.42098798616, 0.42363018245, 0.15016931097]
    ],
    [
      [0.46668211469, 0.027169035211, 0.10754130884, 0.37904320837, 0.019564332893],
      [0.021287022232, 0.23813859774, 0.34917712152, 0.38277627912, 0.0086209793877],
      [0.0017243051264, 0.011950978048, 0.90184347753, 0.0052089555242, 0.079272283772],
      [0.034048488531, 0.0073759721893, 0.016084039502, 0.92928080426, 0.013210695523],
      [0.016704101536, 0.79956321382, 0.11207244732, 0.071195915494, 0.00046432182633],
      [0.0081103374636, 0.0026321999274, 0.32469017298, 0.24482948334, 0.41973780629]
    ],
    [
      [0.35029183335, 0.022692660036, 0.11838967336, 0.49099557028, 0.01763026297],
      [0.01502183212, 0.17841910789, 0.34619176901, 0.45352569606, 0.0068415949153],
      [0.0010217661235, 0.0095297034629, 0.91538289199, 0.0072622577849, 0.066803380641],
      [0.019863728591, 0.005470152955, 0.014244953992, 0.95272786589, 0.0076932985686],
      [0.014826785455, 0.73623664373, 0.14091261499, 0.10801569265, 8.2631648969e-06],
      [0.0060606913115, 0.0021220679699, 0.33759430115, 0.30551079512, 0.34871214445]
    ],
    [
      [0.33861784986, 0.017426780229, 0.13093259976, 0.49618681305, 0.016835957108],
      [0.014242648165, 0.13794732073, 0.38582927827, 0.45541120229, 0.0065695505349],
      [0.00091994797371, 0.0065386098866, 0.92898951531, 0.0063095132795, 0.057242413547],
      [0.019098317211, 0.0038771146343, 0.01636842605, 0.95307826967, 0.0075778724336],
      [0.016168510764, 0.67860539779, 0.18076080974, 0.12440454123, 6.0740473079e-05],
      [0.0055520998202, 0.0015719271371, 0.36517657083, 0.29713852046, 0.33056088175]
    ],
    [
      [0.2441499207, 0.01557027555, 0.13211747888, 0.44146072183, 0.16670160304],
      [0.0094569285038, 0.13790396391, 0.40202740626, 0.38610952321, 0.064502178117],
      [0.00041376937405, 0.0032742376314, 0.61232106072, 0.0059644955864, 0.37802643669],
      [0.014358812557, 0.0010857239744, 0.032188997702, 0.92244142427, 0.029925041497],
      [0.0052096678837, 0.79145451797, 0.12881290707, 0.07452290707, 0],
      [0.00065584514353, 1.2776979395e-05, 0.060678799439, 0.042209157421, 0.89644342102]
    ],
    [
      [0.35065393084, 0.015362553153, 0.12620907418, 0.49508768629, 0.012686755533],
      [0.01468233111, 0.12507989607, 0.38904288755, 0.46709039448, 0.0041044907901],
      [0.0030508884796, 0.0048118432242, 0.94418091284, 0.0051417662989, 0.042814589162],
      [0.022967869662, 0.001236543388, 0.019352108767, 0.95593353103, 0.00050994715334],
      [0.016358329057, 0.65928940718, 0.19246937016, 0.1318828936, 0],
      [0.0064313437195, 0.0011138789088, 0.39390442107, 0.32234128913, 0.27620906718]
    ],
    [
      [0.45460515801, 0.029274160296, 0.13834127549, 0.34235019324, 0.035429212961],
      [0.01902999939, 0.23639495001, 0.41359622645, 0.3169860074, 0.013992816753],
      [0.0013619289059, 0.0096747632966, 0.87629618161, 0.0035677413591, 0.10909938483],
      [0.035624981671, 0.0088845485618, 0.023393216593, 0.9104778331, 0.021619420079],
      [0.014803990332, 0.79435713489, 0.13189677425, 0.058942100521, 0],
      [0.0055133820641, 0.0019959327868, 0.29309187988, 0.15409927027, 0.545299535]
    ],
    [
      [0, 0.14751406307, 0.15373042305, 0.69875551388, 0],
      [0, 0.31088927282, 0.25378339372, 0.43532733346, 0],
      [0, 0.033365444128, 0.9545624891, 0.012072066771, 0],
      [0, 0, 0.011470804986, 0.98852919501, 0],
      [0, 0.87094205533, 0.064712970515, 0.064344974159, 0],
      [0, 0.15512399179, 0.39702064839, 0.44785535981, 0]
    ],
    [
      [0.55690005218, 0.0022279723308, 0.041146052229, 0.37934532865, 0.020380594611],
      [0.041937580336, 0.036300553345, 0.23458399458, 0.67176443709, 0.015413434651],
      [0.0033877589164, 0.0021637001694, 0.79553273473, 0.012607821132, 0.18630798505],
      [0.031426691895, 0, 0.010460093976, 0.94313540818, 0.014977805954],
      [0.11058857664, 0.33162269517, 0.21196470997, 0.34505206371, 0.00077195450682],
      [0.010640687779, 0.00016002354513, 0.145578931, 0.28577457784, 0.55784577984]
    ],
    [
      [0.35898136455, 0.020583912692, 0.097235473267, 0.50455974576, 0.018639503728],
      [0.016501977241, 0.1730499367, 0.30436752864, 0.4982777115, 0.0078028459206],
      [0.0013066887624, 0.010283905483, 0.89576188155, 0.0088399492905, 0.083807574918],
      [0.020103910097, 0.00515743921, 0.010070532889, 0.95614894417, 0.0085191736375],
      [0.016687011162, 0.7343988244, 0.12707764373, 0.12174814989, 8.8370822914e-05],
      [0.0064122419914, 0.0019923477552, 0.28659729385, 0.32402287696, 0.38097523944]
    ],
    [
      [0.63814936164, 0.0062314676825, 0.058277905167, 0.28352682192, 0.013814443592],
      [0.051096662591, 0.09708740231, 0.33506819792, 0.50625310779, 0.010494629393],
      [0.0022828297986, 0.0049449693293, 0.88409446755, 0.0089928362826, 0.099684897043],
      [0.047598569265, 0.0016929210118, 0.011565136757, 0.92700061006, 0.012142762904],
      [0.068899505374, 0.58096137555, 0.18581221238, 0.1641133586, 0.00021354810454],
      [0.016574353947, 0.00091252038814, 0.26480313132, 0.27535066486, 0.44235932948]
    ],
    [
      [0.35740202692, 0.023639149234, 0.16317561356, 0.42615675501, 0.029626455283],
      [0.014229894212, 0.17127743245, 0.44059600346, 0.36318398371, 0.010712686167],
      [0.0008209706911, 0.0072027014671, 0.90667388546, 0.0045882227851, 0.080714219597],
      [0.023534261785, 0.0066130008984, 0.020627710731, 0.93355903868, 0.015665987901],
      [0.014285548186, 0.71539178386, 0.18214118453, 0.08805159835, 0.00012988507192],
      [0.0046929882822, 0.0016775715365, 0.352038406, 0.20049758415, 0.44109345003]
    ],
    [
      [0.35240586796, 0.020212540664, 0.16544365107, 0.43391813622, 0.028019804093],
      [0.014247674687, 0.14804412447, 0.45233515916, 0.37508997644, 0.01028306525],
      [0.00078296424673, 0.0062575117438, 0.91221344073, 0.0048547310716, 0.075891352213],
      [0.02280584023, 0.0059177374399, 0.019834894324, 0.93672306234, 0.014718465669],
      [0.015728009419, 0.67825159712, 0.20570904076, 0.10015176229, 0.00015959040484],
      [0.0047204772498, 0.0014860836229, 0.36312132386, 0.20805331925, 0.42261879602]
    ],
    [
      [0.37142665241, 0.027381487361, 0.21232585675, 0.34948864153, 0.039377361946],
      [0.01326576586, 0.17969262718, 0.52444621583, 0.26956317645, 0.013032214676],
      [0.002200523753, 0.008631403389, 0.90567669508, 0.00037729816859, 0.083114079611],
      [0.029029223033, 0.0097650291515, 0.031543921572, 0.90498746708, 0.024674359165],
      [0.012875071669, 0.72156479671, 0.20409319258, 0.061100305811, 0.00036663323345],
      [0.0040352967832, 0.0017953059618, 0.37749880509, 0.13314231504, 0.48352827712]
    ],
    [
      [0.42208820324, 0.020719701492, 0.15553113227, 0.37469877388, 0.026962189124],
      [0.018297175477, 0.16359556088, 0.45909714688, 0.34835617199, 0.010653944779],
      [0.0011511585994, 0.0067553128981, 0.910577336, 0.0041873494595, 0.077328843047],
      [0.031557362521, 0.0068200079889, 0.021540077021, 0.92385923353, 0.01622331894],
      [0.018865853009, 0.70061717977, 0.1939677218, 0.086360736632, 0.00018850879312],
      [0.0060038983672, 0.0016105189897, 0.36473367607, 0.19107484938, 0.43657705719]
    ],
    [
      [0.32300820018, 0.027340136895, 0.10245568208, 0.52285238039, 0.024343600447],
      [0.01333994434, 0.21329252843, 0.29442620956, 0.46961955859, 0.0093217590849],
      [0.00088628591981, 0.012448828677, 0.87810680719, 0.0082062328, 0.10035184542],
      [0.016168843617, 0.0064371631492, 0.01047843284, 0.9549768603, 0.011938700089],
      [0.011164463589, 0.79166489239, 0.10200977464, 0.094984697929, 0.00017617144643],
      [0.0048919483501, 0.0022883567883, 0.26362377525, 0.28915794594, 0.44003797367]
    ],
    [
      [0.34351744904, 0.021774470514, 0.13885601007, 0.47271531216, 0.023136758219],
      [0.014190582646, 0.16504556091, 0.39155080269, 0.42044998421, 0.0087630695372],
      [0.00082001584931, 0.0077494962297, 0.91130919645, 0.0058301654389, 0.074291126028],
      [0.020062566464, 0.0053491039487, 0.016937228297, 0.94609988175, 0.011551219538],
      [0.014636026861, 0.71389461104, 0.16663115315, 0.1046949834, 0.00014322554859],
      [0.0051331818719, 0.0017633198591, 0.34327956282, 0.25460155168, 0.39522238378]
    ],
    [
      [0.16517221963, 0.05685991174, 0.14954271464, 0.59940664437, 0.029018509615],
      [0, 0.18934228252, 0.35811374143, 0.44310852101, 0.009435455045],
      [0, 0.0070303724532, 0.90142529056, 0.007605261754, 0.083939075229],
      [0, 0.0029991000109, 0.016208431621, 0.96628927694, 0.014503191429],
      [0, 0.75816969902, 0.13936148963, 0.10134584291, 0.0011229684382],
      [0.0017933364427, 0.0018777336055, 0.30602420734, 0.25927543803, 0.43102928458]
    ],
    [
      [0.46067950418, 0.014195514081, 0.068139403781, 0.44640918073, 0.010576397225],
      [0.025590168043, 0.15049669913, 0.26922720547, 0.54916247437, 0.0055234529887],
      [0.0026468070422, 0.010028612531, 0.90861595633, 0.010697351915, 0.068011272182],
      [0.030433904583, 0.0043618329979, 0.0073201035096, 0.95410723786, 0.0037769210457],
      [0.027496203129, 0.71099313694, 0.11975203086, 0.14175862907, 0],
      [0.011092573554, 0.0019441039282, 0.28248913067, 0.39467532352, 0.30979886833]
    ],
    [
      [0.36653434309, 0.014167724348, 0.12188072787, 0.47655873492, 0.020858469772],
      [0.016744907238, 0.1200182177, 0.38381871281, 0.47062219258, 0.0087959696743],
      [0.0011237108053, 0.0056319254686, 0.9113030183, 0.0064459753758, 0.075495370054],
      [0.022020906146, 0.0029547546192, 0.015159884785, 0.94907071394, 0.010793740512],
      [0.020897322039, 0.63979673104, 0.19764956032, 0.14145055897, 0.00020582762468],
      [0.0058785852897, 0.0012206402561, 0.32663493541, 0.27629017018, 0.38997566887]
    ],
    [
      [0.13326053604, 0.00019246333996, 0.0030456561576, 0.86027205473, 0.0032292897341],
      [0.0052493658681, 0.00094083575875, 0.0089933716705, 0.98344449194, 0.0013719347593],
      [0, 0, 0.45787342132, 0.3438176054, 0.19830897328],
      [0, 0, 0, 0.97978135803, 0.020218641966],
      [0, 0, 0.034023311392, 0.96405356865, 0.0019231199599],
      [0, 0, 0.016206534568, 0.80884913321, 0.17494433222]
    ],
    [
      [0.75144655033, 0.0043671057105, 0.023897200548, 0.18011432426, 0.040174819149],
      [0.063977212758, 0.10940412283, 0.27763277155, 0.50164524218, 0.047340650678],
      [0.0070848775395, 0, 0.66637256737, 0.0031033039324, 0.32343925116],
      [0.049658296191, 0, 0.0098042678358, 0.90297806172, 0.037559374255],
      [0.013202995493, 0.89059587717, 0.047387521249, 0.048624106859, 0.00018949922771],
      [0.0049335684102, 0, 0.055252583803, 0.063306310723, 0.87650753706]
    ],
    [
      [0.32027240883, 0.019544672362, 0.10369487348, 0.53395157432, 0.022536471015],
      [0.01399646156, 0.15832871777, 0.31242102042, 0.50615473248, 0.0090990677743],
      [0.00088852937011, 0.009024968266, 0.88758311724, 0.0086545471337, 0.093848837989],
      [0.015583214634, 0.0044996227392, 0.010759603305, 0.95872685608, 0.010430703246],
      [0.014873214893, 0.71661983746, 0.13783610039, 0.13047853744, 0.00019230981176],
      [0.0050341012422, 0.0016907791728, 0.27361124918, 0.30573489182, 0.41392897858]
    ],
    [
      [0.38505442195, 0.017538186169, 0.13496932577, 0.44280257943, 0.019635486679],
      [0.016826503028, 0.14372775749, 0.41127461382, 0.42009183431, 0.0080792913485],
      [0.0012226274842, 0.0063270805415, 0.92291267774, 0.005129461885, 0.064408152345],
      [0.025359080192, 0.0041222214733, 0.017609619141, 0.94178975653, 0.011119322668],
      [0.018572954297, 0.68349323394, 0.1866927499, 0.11090580099, 0.00033526086561],
      [0.0061605351144, 0.0015038443652, 0.36367650619, 0.25594902117, 0.37271009317]
    ],
    [
      [0.39559058599, 0.023420353134, 0.072368336387, 0.49298949639, 0.015631228099],
      [0.019465200206, 0.20916321169, 0.24372058667, 0.52064483297, 0.0070061684624],
      [0.002196021182, 0.015723714729, 0.87809218134, 0.011843368216, 0.092144714536],
      [0.023995497763, 0.0079363498436, 0.0020677436317, 0.9586507671, 0.0073496416623],
      [0.017514526722, 0.78176816681, 0.088332872097, 0.11230055833, 8.3876045119e-05],
      [0.008252135492, 0.0027562387638, 0.24991731377, 0.36785797292, 0.37121633905]
    ],
    [
      [0.33374517174, 0.037584154412, 0.14558910794, 0.46189104027, 0.021190525635],
      [0.011986934155, 0.25379875498, 0.36432781968, 0.36275087256, 0.0071356186305],
      [0.00050612699628, 0.012656257829, 0.91660525111, 0.0051472526453, 0.065085111422],
      [0.019279180731, 0.0090656514105, 0.019043626717, 0.94182586256, 0.010785678585],
      [0.008883334915, 0.81141305461, 0.11369031345, 0.065803246016, 0.00021005100844],
      [0.0049761410448, 0.0030803748542, 0.36742473393, 0.25204613178, 0.37247261839]
    ],
    [
      [0.55921111235, 0.012007938471, 0.099224569987, 0.31067499668, 0.018881382517],
      [0.033038429962, 0.13425239033, 0.41486394956, 0.40729646073, 0.010548769424],
      [0.00055770260754, 0.0059256811332, 0.90428138988, 0.0061144568237, 0.083120769553],
      [0.042021789498, 0.0045895392764, 0.01850484603, 0.92026719629, 0.014616628907],
      [0.037223094951, 0.65236650715, 0.19649160957, 0.11346563702, 0.00045315130952],
      [0.010738277156, 0.0013079557653, 0.32928894248, 0.22285646722, 0.43580835738]
    ],
    [
      [0.39643970997, 0.031625133698, 0.15281353907, 0.3954657993, 0.023655817963],
      [0.015706075968, 0.22882324292, 0.41125296918, 0.33566594752, 0.0085517644089],
      [0.0011117706792, 0.010281123087, 0.91510279282, 0.0040369236254, 0.069467389784],
      [0.028241213972, 0.0090214093231, 0.022179926581, 0.92693271739, 0.013624732736],
      [0.012933451207, 0.78191896119, 0.13894625795, 0.066049146526, 0.00015218312675],
      [0.0059421208414, 0.0025528533156, 0.37670167442, 0.2123631982, 0.40244015322]
    ],
    [
      [0.34559083283, 0.02568745145, 0.096642598778, 0.50246188313, 0.029617233813],
      [0.015179332005, 0.20781511829, 0.28998289645, 0.47515277202, 0.011869881236],
      [0.0011832793556, 0.012202652929, 0.85118135961, 0.0083773002246, 0.12705540788],
      [0.018895580068, 0.0062034619843, 0.0099551368047, 0.95131123812, 0.013634583021],
      [0.013419873714, 0.77921448449, 0.10579256466, 0.10145209999, 0.00012097713996],
      [0.0050191593733, 0.0020221142426, 0.23210320174, 0.26296102745, 0.4978944972]
    ],
    [
      [0.27576367965, 4.7271525884e-309, 1.0096362756e-11, 0.69942436626, 0.024811954084],
      [0.018990728274, 0.16385416168, 0.37451816804, 0.43300031888, 0.0096366231199],
      [1.1888745085e-42, 2.3784705183e-23, 0.66666666667, 1.3489194395e-24, 0.33333333333],
      [2.63112003e-309, 1.5480217687e-225, 1.2574473415e-39, 1, 9.9949919112e-36],
      [0.019930498782, 0.70796932691, 0.16217911356, 0.10981568719, 0.00010537356056],
      [3.7386388203e-310, 1.8069806574e-138, 4.7141531084e-67, 0.048618034867, 0.95138196513]
    ],
    [
      [0.41641124595, 0.017412626945, 0.10702955732, 0.44171905022, 0.017427519572],
      [0.020540903433, 0.15460368473, 0.35382975777, 0.4633098484, 0.0077158056561],
      [0.0014767745395, 0.0080999109937, 0.91010156139, 0.0072629131163, 0.073058839957],
      [0.027023856581, 0.0045699467276, 0.014015108059, 0.94594607342, 0.0084450152147],
      [0.022420904083, 0.69598485431, 0.15936993152, 0.12222431008, 0],
      [0.0078565911515, 0.0017530084161, 0.32746164571, 0.2966317541, 0.36629700063]
    ],
    [
      [0.46946977027, 0.018603516661, 0.11573222881, 0.36482927684, 0.03136520741],
      [0.023490149182, 0.17134565371, 0.39642113483, 0.3945077201, 0.014235342183],
      [0.0012609723112, 0.0075935362195, 0.86989201932, 0.0054611945697, 0.11579227758],
      [0.034699620119, 0.0057503820902, 0.018998270445, 0.92335274977, 0.01719897758],
      [0.023358229194, 0.71752701068, 0.16369904244, 0.095415717683, 0],
      [0.0067612717205, 0.0014611689738, 0.27716158163, 0.19049067625, 0.52412530143]
    ],
    [
      [0.51839279846, 0.018259161149, 0.10564474853, 0.33299526374, 0.024708028114],
      [0.027904966719, 0.18094919077, 0.38974836343, 0.38922835959, 0.012169119492],
      [0.000900863929, 0.0083684375847, 0.88310242675, 0.0060760749833, 0.10155219675],
      [0.039480395254, 0.0063130532808, 0.018476230685, 0.91999104257, 0.015739278206],
      [0.026951856372, 0.72603142342, 0.15567543938, 0.091304327861, 3.6952966726e-05],
      [0.008771360783, 0.0017132913471, 0.29975321738, 0.20696954122, 0.48279258927]
    ],
    [
      [0.31042726678, 0.01237611419, 0.15157876372, 0.50140914113, 0.024208714187],
      [0.012611951493, 0.095334761128, 0.43342002262, 0.44922658759, 0.0094066771619],
      [0.00053855244174, 0.0036235587348, 0.91859764557, 0.0059235233776, 0.071316719871],
      [0.016381742929, 0.00078431014065, 0.017616227579, 0.95301119701, 0.012206522346],
      [0.017869795695, 0.57944411496, 0.25056683188, 0.15191964487, 0.0001996125976],
      [0.0041884668139, 0.00076058109797, 0.35224315958, 0.25152439759, 0.39128339492]
    ]
  ],
  "expected_outcome": [
    [
      [0.6442722277, 13.723261213, 1.5048257148, 8.5628744334, 22.0772748864, 22.0095930161, 2.9984422389, 0.92058675336, 4.3025274798, 3.3078419238, 8.5326493255, 0, 10.4684261084, 14.3793429236, 0, 2.2907666024, 1.3423548462, 0, 14.9727672642, 12.0218116779, 10.561504493, 0, 14.0848465258, 3.7309405348, 0.54300786947, 5.1335032616, 17.5145916677, 4.4020320481, 1.4648995242, 0, 6.3644722122, 0, 3.8983003653, 14.7182359467, 15.3155846794, 16.7978952651, 26.4304400966, 10.7713729199, 23.214851178, 8.0752050045, 12.3666281655, 0.99103331779, 6.4495130585, 9.1633585772, 0, 0, 7.366265403, 6.1608707512, 15.8236234395, 10.0123551523, 23.4868667187, 17.0469075286, 11.4044974835, 0, 204.8743330068, 22.0650792029, 44.0633878695, 4.0355544681],
      [0.014542306705, 0.56550578623, 0.022989855132, 0.3248394544, 1.1500797092, 1.0683603062, 0.018095283215, 0, 0.12203184125, 0.12559112866, 0.1946353296, 0.130876988, 0.37522517102, 0.58373469925, 0, 0.015781971012, 0.10531404872, 0, 0.47383676491, 0.57906829872, 0.67587644352, 0, 1.0261177391, 0.14980081036, 0.010970663197, 0.29885938732, 1.1346330018, 0.22654814298, 0.093421653302, 0, 0.40983824415, 0.44254218922, 0.015595806316, 0.84394042035, 0.14955522438, 1.111040014, 1.5159405498, 0.79406313347, 1.139583582, 0.68350342237, 0.78388093851, 0.34115947044, 0.19873719713, 0.35419310869, 0, 0, 0.44952746432, 0.28061097871, 0.93681412535, 1.1275246324, 0.50433341578, 1.359880749, 0.84768589784, 0, 8.5670124571, 0.87436528309, 1.5520286977, 0.16088948447],
      [0.091736832099, 3.2277752003, 0.19840055074, 3.9250707044, 5.6423605572, 5.7097671716, 0.33952343307, 0.0060388438672, 2.5067177495, 1.6981772503, 1.8036581759, 1.4366560925, 5.0938538964, 4.0946309135, 0, 0.21818223154, 0.31469780975, 0, 3.1760368923, 5.4002444219, 3.5408093954, 0, 4.3232997805, 1.2141404651, 0.21126304055, 1.1829543972, 5.919483668, 1.7021237968, 0.79270487327, 0, 1.9367778569, 0.46119126915, 0.28802236561, 3.9866544039, 1.398669724, 7.6692538372, 12.4082738304, 6.1574498456, 8.554212275, 2.5613920521, 4.9988163623, 0.89725628786, 0.95395165294, 3.0470181967, 0, 0, 2.38498209, 2.1595092124, 2.8947334555, 4.3676732381, 4.1674319394, 6.5709821799, 3.1892057597, 0, 52.6585421996, 5.439414754, 8.9798036254, 1.9705239283],
      [1.1831633701, 21.8656003446, 1.236717377, 6.8953852105, 26.8916667767, 23.3666235451, 1.2303927637, 0, 2.346135232, 4.6773028729, 6.7207126535, 0.36490555623, 11.4087223894, 20.179721081, 0, 0.43433173625, 1.2057050568, 0, 16.4973501877, 14.5554398086, 12.4614442257, 0, 17.76046936, 3.7414658673, 1.2347584268, 4.169475292, 24.5497785141, 6.4504285697, 2.648764331, 0, 4.7929027053, 2.0962665416, 2.6554173005, 20.6869495761, 6.804643726, 20.0293674854, 32.5438602161, 10.1351706045, 20.6084325631, 13.0713095098, 17.0177512377, 3.5964398662, 6.2497285302, 11.913968373, 0, 0, 12.2808862094, 7.0848412709, 19.7195798558, 13.8567312082, 13.0483498604, 17.0050293701, 16.5812421432, 0, 217.325772707, 17.1469760117, 28.3045974178, 6.5183188346],
      [0.066285263405, 0.61785745596, 0.037066502256, 0.29183019731, 1.2386180705, 0.84565596103, 0.41354628109, 0.073374402771, 0.72258769736, 0.19108682441, 0.7483445155, 0.067561363253, 0.65377243484, 0.76257038272, 0, 0.040937458825, 0.031928238499, 0, 0.88000889095, 1.4434357929, 0.76036544238, 0, 0.80526659467, 0.16365232245, 0, 0.21520766182, 0.88151314849, 0.21886744241, 1.0002096182, 0, 0.49600898145, 0, 0.14266416228, 0.76421965286, 0.33154664621, 1.3924433983, 2.101485307, 1.1419434964, 1.4829204018, 0.60859001118, 0.83292329588, 0.17411105769, 0.14806956115, 0.52146174431, 0, 0, 0.51833883334, 0.31416778686, 0.62524912396, 0.63571576906, 0.7930180657, 1.0172001724, 0.97736871582, 0, 8.5743396296, 1.4741647483, 2.1001823897, 0.31471328443]
    ],
    [
      [0.02877929759, 0.38644406583, 0.16153245176, 0.83156195176, 2.2307631956, 0.74946135733, 0.42349626417, 0.058808217323, 0.014449212272, 0.19476687608, 0.33738288031, 0, 0.29144617919, 0.90471618033, 0.031884056791, 0, 0.26028719519, 0, 0.59422023365, 0.39802670642, 0.5166187803, 0, 0.79198246572, 0.12416238602, 0.013389149697, 0.46831448911, 1.3820085551, 0.27061031514, 0.018913857008, 0.19087030444, 0.32350998964, 0, 0.37743822302, 0.87460479378, 0.66425661368, 0.75418439321, 1.4817581674, 0.25204955133, 0.76848137005, 0.18675922076, 0.90819728934, 0, 0.25590168043, 0.46885740265, 0, 0.063977212758, 0.4198938468, 0.40383607268, 0.62288640661, 0.37159495881, 0.85899917902, 0.94236455806, 0.6830699402, 0, 8.3601476973, 1.5738399952, 4.7438443422, 0.51709001121],
      [0.16357538065, 2.9265751581, 0.58070725763, 5.6591870831, 21.0734665272, 6.6708645259, 0.25913788307, 0.046222419487, 0.086210102862, 1.4221770503, 1.4701074767, 0.041148792123, 1.8998125024, 6.7475086989, 0.13161103441, 0, 4.0264412693, 0, 3.4477163038, 3.5372708086, 6.1087249528, 0, 10.6586826585, 1.0016881219, 0.048648999797, 5.2390491503, 16.4145579261, 2.6209990939, 0.27580792782, 1.6260386489, 4.0187141502, 0.62177854564, 0.3267049801, 9.171646645, 1.26213623, 9.0777039197, 15.3965889447, 3.4141599164, 6.8710135568, 2.986095398, 10.5629158983, 1.8934228252, 1.5049669913, 3.3605100955, 0, 0.10940412283, 4.749861533, 3.4494661798, 6.6932227741, 7.8677614043, 3.4905621485, 13.7293945753, 9.3516803233, 0, 62.9236996871, 11.4801587984, 30.7613624309, 3.9087252063],
      [0.3822993394, 6.2517915888, 1.8348858038, 25.9757638233, 38.5009636227, 13.2430322434, 2.3241791907, 0.828448708, 0.6957082501, 7.2131934993, 5.047540839, 0.90756290955, 9.8017805836, 17.5888282758, 1.4523224163, 0, 4.4245379231, 0, 8.5742883989, 12.2553914458, 11.886923875, 0, 16.6320358005, 3.0195609582, 0.36873323161, 7.6818966734, 31.849642749, 7.3307562872, 0.80405481252, 5.0575575381, 7.0311358497, 0.50756678743, 2.1112559512, 16.1314790179, 4.355886573, 23.3515881836, 47.0428565523, 9.9644781008, 19.2820801689, 4.1219669338, 25.0592513723, 3.5811374143, 2.6922720547, 10.7469239588, 0, 0.27763277155, 9.3726306125, 9.8705907317, 7.7990587734, 11.29416241, 10.7864626886, 24.6751781508, 13.0492303401, 0, 144.0087114134, 26.5602160336, 66.2572217838, 17.7702209275],
