{
  "Z_true": {},
  "V_true": [
    [292, 19, 15, 42, 1567, 18],
    [110, 519, 427, 7200, 719, 200],
    [571, 171, 141, 112, 15353, 171],
    [11, 22, 803, 398, 347, 33],
    [73, 552, 118, 787, 830, 323]
  ],
  "p_true": [
    [0.1495, 0.0097, 0.0077, 0.0215, 0.8024, 0.0092],
    [0.012, 0.0566, 0.0465, 0.7847, 0.0784, 0.0218],
    [0.0346, 0.0104, 0.0085, 0.0068, 0.9294, 0.0104],
    [0.0068, 0.0136, 0.4975, 0.2466, 0.215, 0.0204],
    [0.0272, 0.2057, 0.044, 0.2933, 0.3094, 0.1204]
  ],
  "Z_est": [
    [
      [5.9635, 5.4063, 2.9704, 12.9625, 4.4957, 5.0204, 5.2209, 13.1943, 1.7365, 0, 0.1702, 0.1447, 0.9955, 7.4141, 2.9591, 1.3597, 2.567, 6.6719, 3.9909, 7.2292, 3.5246, 2.4422, 7.2121, 4.6561, 4.0739, 4.1705, 0.1371, 0.2901, 8.7669, 3.2311, 2.8267, 6.8227, 0.2083, 10.2622, 1.9754, 13.4339, 1.0381],
      [1.4573, 2.7996, 1.5765, 4.3538, 1.7164, 2.5682, 1.3813, 4.6847, 1.461, 0.0432, 0.1302, 0.0274, 0.3734, 2.7843, 2.3195, 0.7773, 0.6766, 4.7029, 1.6455, 3.1028, 1.2248, 1.3479, 2.5055, 2.2157, 2.1313, 1.6004, 1.1341, 9.1231e-49, 3.1931, 0.8696, 1.2295, 3.5037, 0.2156, 5.035, 0.7225, 5.5714, 0.6883],
      [0.0438, 0.0924, 0.0272, 0.105, 0, 0, 0.003, 0, 0.0225, 0, 0.0048, 0.0004, 0.0085, 0.0571, 0.1528, 0.0256, 0.0182, 0.1259, 0.0627, 0.2216, 0, 0.0492, 0.081, 0, 0.122, 0.0195, 0, 0, 0, 0, 0.0005, 0.0374, 0.0064, 0.1176, 0.0234, 0.1115, 0.0127],
      [0, 0, 0.0106, 0.0198, 0, 0, 0.2318, 0.3456, 0.048, 0.0122, 0.0361, 0.0025, 0.0049, 0, 0, 0.022, 0, 0, 0, 0, 0.0402, 0.057, 0.0503, 0.0682, 0.0064, 0.0707, 0, 0, 0, 0.0281, 0.0373, 0, 0.0011, 0, 0.0675, 0.3613, 0],
      [48.5317, 53.7011, 36.4104, 112.5397, 41.7879, 60.4114, 46.1521, 121.7567, 30.7245, 0.9446, 4.6552, 0.8246, 10.6157, 72.7445, 59.564, 18.8123, 16.7383, 91.4993, 43.2981, 96.4464, 27.2081, 28.0954, 55.1446, 42.0553, 41.6488, 38.1316, 8.7288, 8.7099, 104.04, 29.8712, 26.9032, 66.635, 5.5674, 134.5772, 18.2063, 98.4694, 10.2605],
      [0.0038, 0.0006, 0.0049, 0.0191, 0, 0, 0.0109, 0.0187, 0.0076, 0, 0.0035, 0.0005, 0.002, 0, 0.0046, 0.0031, 0, 0, 0.0028, 0, 0.0023, 0.0084, 0.0065, 0.0047, 0.0176, 0.0074, 0, 0, 0, 0, 0.0028, 0.0013, 0.0013, 0.008, 0.0049, 0.0525, 0.0003]
    ],
    [
      [1.3137, 3.9229, 0.4601, 1.2872, 4.6458, 5.0466, 3.9197, 10.7614, 0.3618, 0, 0.0132, 0, 0.6779, 20.0099, 8.203, 1.1747, 5.3784, 14.496, 4.3834, 27.8529, 4.4933, 1.3591, 2.6857, 4.1816, 1.1348, 1.774, 0.8427, 0.4019, 40.124, 2.0134, 2.2316, 4.9003, 2.8548, 10.7197, 0.536, 4.8977, 1.8164],
      [1.3026, 1.3478, 2.2041, 3.9054, 1.5719, 1.6376, 5.752, 13.9654, 2.8793, 0, 0.3307, 0, 2.2054, 5.4596, 8.6865, 6.8894, 3.115, 8.9742, 5.8753, 7.4231, 5.6379, 9.0666, 8.8106, 5.6097, 6.0816, 6.3697, 3.423, 7.1903e-33, 7.1118, 2.5203, 6.1462, 3.0805, 4.5731, 14.5027, 2.1086, 25.1554, 1.9058],
      [2.4899, 1.7128, 2.7278, 5.6332, 0.6624, 1.5675, 4.2317, 5.0983, 3.0796, 0, 1.1142, 0, 3.4454, 7.9074, 19.9544, 13.1647, 4.5599, 10.4779, 10.1823, 19.0455, 0.6179, 15.2073, 13.6647, 0.2476, 9.4514, 7.2811, 0.1472, 0, 5.4226, 2.8728, 4.0541, 3.0042, 8.6814, 21.7573, 3.5371, 24.2684, 1.899],
      [67.8694, 31.4244, 80.8572, 156.8468, 51.0699, 52.0591, 470.3554, 664.8544, 98.5637, 7, 38.9059, 42.0653, 102.8, 174.8671, 332.8554, 301.3662, 98.1341, 219.7442, 237.0452, 313.7532, 208.6823, 325.6939, 326.0188, 174.2342, 171.9731, 259.6646, 6.7334, 2.6664, 288.9899, 167.2716, 224.1101, 81.5969, 166.5974, 601.8113, 102.9566, 737.3262, 40.7406],
      [6.5749, 3.8669, 7.598, 15.0176, 5.8909, 5.8865, 17.7643, 49.594, 8.4036, 0, 0.0683, 0, 9.9722, 23.2389, 36.0612, 21.1702, 15.9817, 27.5054, 25.4695, 42.3444, 18.3086, 17.5076, 26.7581, 15.04, 14.2521, 20.6034, 1.8538, 0.2924, 42.1175, 16.4606, 19.1061, 8.8724, 18.3472, 61.8819, 6.0708, 35.5195, 4.0841],
      [5.4496, 1.7251, 5.1528, 14.3098, 5.1592, 1.8027, 22.977, 33.7266, 6.7119, 0, 3.5678, 4.9347, 9.8992, 14.5171, 24.2394, 16.2348, 5.8311, 16.8023, 17.0443, 10.5808, 9.2599, 21.1655, 12.0622, 8.6869, 15.1069, 15.3071, 0, 0.6393, 15.2342, 9.8613, 9.352, 4.5457, 20.9462, 35.3271, 4.7908, 56.8329, 0.5542]
    ],
    [
      [23.8113, 12.0117, 10.7481, 50.5527, 12.5515, 11.6218, 23.7193, 52.0156, 6.9166, 0, 0.5258, 0.9695, 4.7576, 20.7177, 6.5067, 7.1287, 4.6859, 10.0498, 12.3187, 4.8934, 14.171, 12.7589, 34.5626, 15.443, 11.9568, 13.8511, 0, 0.2823, 5.0688, 8.699, 9.5542, 17.7299, 2.2287, 46.8686, 8.7259, 65.5005, 6.8721],
      [3.178, 4.9785, 3.5922, 10.6668, 3.7182, 4.3367, 3.4199, 12.7123, 3.967, 0, 0.1691, 0.4019, 1.0364, 7.7459, 5.5752, 2.4674, 1.2453, 10.7005, 3.5595, 4.8713, 3.8999, 4.8542, 7.9454, 6.2242, 4.8982, 3.3881, 0, 0, 6.0085, 1.1277, 2.9038, 7.3955, 2.8745, 14.8739, 1.974, 23.3085, 4.4798],
      [0.8708, 1.8954, 0.3316, 2.2175, 0, 0, 0, 0, 0.2925, 0, 0.0898, 0.111, 0.1691, 0.8573, 8.7134, 1.2214, 0.3267, 2.9783, 1.9781, 9.3397, 0, 2.9439, 3.3921, 0, 3.3057, 0, 0, 0, 0, 0, 0, 0.1586, 3.0692, 2.9656, 0.8588, 3.9566, 0.8263],
      [0, 0, 0.4539, 0.6505, 0, 0, 24.0125, 26.4691, 3.0128, 0.2433, 1.7511, 0.9463, 0.2928, 0, 0, 2.1046, 0, 0, 0, 0, 3.1255, 5.9181, 3.749, 3.8581, 0.299, 3.1721, 0, 0, 0, 1.0413, 1.8869, 0, 0, 0, 5.4382, 33.1348, 0],
      [433.7788, 325.9819, 285.5257, 949.4151, 329.7222, 416.0415, 500.7034, 1168.1804, 265.2431, 3.7567, 32.2726, 11.4986, 110.5552, 806.679, 572.7891, 214.7474, 110.7421, 639.159, 348.8818, 833.8956, 277.5923, 318.5971, 571.741, 352.1137, 263.7477, 275.1492, 49, 40.7177, 1043.9227, 191.063, 210.4607, 451.511, 267.3432, 1536.5592, 175.5761, 1029.9926, 176.7702],
      [0.3611, 0.1324, 0.3484, 1.4974, 0.008, 0, 1.1448, 1.6227, 0.568, 0, 0.1916, 0.0728, 0.1888, 0, 0.4155, 0.3306, 0, 0.1123, 0.2619, 0, 0.2113, 0.9279, 0.61, 0.361, 0.7926, 0.4394, 0, 0, 0, 0.069, 0.1945, 0.2051, 0.4845, 0.7327, 0.427, 5.107, 0.0517]
    ],
    [
      [0.0163, 0.0155, 0.0164, 0.044, 0.0073, 0.0118, 0.0361, 0.0976, 0.0072, 0, 0.0001, 0.001, 0.0042, 0.0267, 0.028, 0.0152, 0.0421, 0.0334, 0.0459, 0.0484, 0.0729, 0.0201, 0.0301, 0.042, 0.0167, 0.0292, 0.0002, 0, 0.0423, 0.0325, 0.0305, 0.0125, 0.0181, 0.0877, 0.0107, 0.0643, 0.0035],
      [0.052, 0.0992, 0.1141, 0.1951, 0.0359, 0.0754, 0.1565, 0.4846, 0.0853, 0, 0.0018, 0.0116, 0.0207, 0.1206, 0.2785, 0.1367, 0.0903, 0.2696, 0.2224, 0.2043, 0.3119, 0.2258, 0.1449, 0.2599, 0.1362, 0.1581, 0.009, 0, 0.1737, 0.0981, 0.1763, 0.0818, 0.243, 0.5351, 0.0705, 0.4438, 0.0308],
      [13.688, 17.0136, 19.3194, 37.5875, 4.4177, 12.4511, 29.6673, 68.0502, 12.6418, 0, 0.6797, 3.3538, 4.4489, 23.6404, 72.0845, 29.978, 17.5232, 40.3426, 48.281, 67.8634, 39.0799, 41.7654, 28.5372, 25.7001, 23.7428, 26.4038, 0.7896, 0, 32.4941, 25.4768, 23.8661, 11.0476, 51.8532, 107.6346, 15.3813, 58.1572, 4.3955],
      [2.1947, 2.0201, 3.3329, 6.2606, 0.9886, 2.0729, 9.1159, 18.354, 2.3312, 0, 0.108, 0.9751, 0.7408, 3.3897, 8.96, 4.7178, 2.2887, 5.4833, 7.3281, 7.8182, 9.1864, 6.5231, 4.3067, 6.4556, 3.0479, 5.1498, 0.0498, 0, 6.1868, 5.3128, 5.1643, 1.8147, 7.214, 18.1145, 2.7702, 10.9926, 0.544],
      [3.8657, 4.1684, 5.7796, 11.0593, 1.9146, 3.9346, 12.0259, 27.7626, 3.8675, 0, 0.1424, 0.9078, 1.303, 7.0072, 17.2632, 7.4613, 5.1005, 11.1659, 13.5619, 16.2887, 14.6082, 9.6918, 6.9136, 10.3753, 5.2704, 8.2267, 0.1514, 0, 12.8782, 8.9442, 8.3132, 3.3917, 14.4913, 32.5137, 3.9153, 15.7786, 0.9776],
      [1.1832, 0.6831, 1.4377, 3.8534, 0.636, 0.4542, 2.9983, 6.251, 1.0671, 0, 0.068, 0.7507, 0.4824, 1.8154, 4.3858, 1.6909, 0.9552, 2.7051, 3.5606, 1.777, 2.7407, 2.7738, 1.0675, 2.1671, 1.7859, 2.0324, 0, 0, 2.2248, 2.1356, 1.4496, 0.6517, 6.1804, 7.1144, 0.852, 5.5635, 0.0485]
    ],
    [
      [2.8952, 1.6436, 1.8051, 6.1536, 1.2997, 2.2995, 8.104, 9.931, 0.9779, 0, 0.2907, 0.8848, 1.5649, 4.8316, 4.3031, 3.3217, 3.3267, 4.7488, 3.261, 5.9761, 4.7381, 3.4198, 6.5095, 2.6772, 3.8177, 4.1752, 0.02, 0.0257, 5.998, 4.0239, 4.3569, 2.5346, 0.6903, 8.0618, 1.7521, 17.1036, 1.2699],
      [10.0101, 11.7748, 13.5132, 28.8788, 6.9576, 16.3821, 30.2902, 49.1531, 11.6075, 0.9568, 3.3681, 2.5591, 8.3642, 24.8896, 46.1404, 26.7292, 11.8729, 44.3528, 18.6972, 34.3986, 22.9254, 26.5056, 31.5937, 17.6905, 27.7528, 22.4837, 1.4339, 0, 29.5128, 15.3843, 26.5442, 17.9385, 10.0938, 55.0533, 9.1243, 98.5209, 11.8953],
      [2.9076, 2.2857, 2.594, 6.4567, 0.9199, 2.9813, 6.0981, 7.8515, 1.9636, 0, 1.1115, 0.5348, 1.928, 5.5378, 13.0949, 6.6103, 2.572, 8.0753, 4.496, 11.5298, 3.3022, 6.0342, 7.325, 2.0523, 6.378, 4.2956, 0.0633, 0, 6.0833, 3.6504, 4.0793, 2.7522, 2.3898, 12.525, 2.1993, 16.5063, 1.8665],
      [12.936, 7.5555, 12.3453, 29.2223, 5.9415, 13.868, 52.2845, 57.977, 10.0443, 0.7444, 6.199, 5.0109, 9.1615, 21.7432, 43.1845, 27.7893, 9.5772, 29.7725, 18.6267, 36.4286, 21.9656, 24.8079, 29.8752, 14.384, 21.6736, 22.9428, 0.2168, 0.3336, 31.8233, 21.3462, 24.8015, 12.5884, 9.1875, 57.0741, 10.7674, 84.1851, 6.7154],
      [9.2489, 6.2816, 8.6863, 20.9684, 4.6844, 10.7259, 27.3543, 35.7064, 6.7613, 0.2987, 2.8615, 1.769, 6.5538, 18.3303, 33.3225, 17.8088, 8.4374, 24.6704, 13.7887, 30.0248, 14.2828, 15.1081, 19.4427, 9.4157, 15.081, 14.889, 0.266, 0.28, 27.0416, 14.661, 16.2169, 9.59, 7.2509, 41.468, 6.2316, 47.24, 4.9076],
      [4.0022, 1.4587, 3.0562, 10.3202, 2.1968, 1.7431, 9.8689, 11.381, 2.6454, 0, 2.1692, 2.2414, 3.4276, 6.6674, 11.9547, 5.7406, 2.2137, 8.3802, 5.1304, 4.6421, 3.7858, 6.1245, 4.2538, 2.7803, 7.297, 5.2137, 0, 0.3607, 6.5409, 4.9341, 4.0011, 2.5963, 4.3877, 12.8178, 1.9252, 24.4441, 0.3453]
    ]
  ],
  "V_est": [
    [165.5445, 71.77, 1.5528, 1.5215, 1712.411, 0.2001],
    [200.8754, 195.6288, 239.169, 7429.5041, 649.4844, 460.3384],
    [550.7758, 184.4985, 52.8694, 121.5598, 15591.4266, 17.8698],
    [1.011, 5.7532, 1039.3572, 181.3138, 311.0216, 75.5433],
    [138.7933, 825.3495, 171.0516, 805.1008, 551.6565, 191.0483]
  ],
  "p_est": [
    [0.0848, 0.0367, 0.0008, 0.0008, 0.8768, 0.0001],
    [0.0219, 0.0213, 0.0261, 0.8098, 0.0708, 0.0502],
    [0.0333, 0.0112, 0.0032, 0.0074, 0.9438, 0.0011],
    [0.0006, 0.0036, 0.644, 0.1123, 0.1927, 0.0468],
    [0.0517, 0.3076, 0.0638, 0.3001, 0.2056, 0.0712]
  ],
  "EI_Z": {},
  "EI_V": 5.4144,
  "MAE_Z": {},
  "MAE_V": 115.3053,
  "MAE_p": 0.0338,
  "runtime": 0.003
}
