{
  "Z_true": {},
  "V_true": [
    [43, 1022, 123, 225, 2234, 115],
    [830, 31, 48, 465, 168, 61],
    [451, 232, 389, 8329, 728, 487],
    [104, 371, 254, 139, 6681, 248],
    [140, 239, 294, 637, 1244, 573],
    [25, 43, 1676, 384, 810, 85],
    [95, 55, 88, 421, 269, 574]
  ],
  "p_true": [
    [0.0114, 0.2717, 0.0327, 0.0598, 0.5938, 0.0306],
    [0.5178, 0.0193, 0.0299, 0.2901, 0.1048, 0.0381],
    [0.0425, 0.0219, 0.0366, 0.7846, 0.0686, 0.0459],
    [0.0133, 0.0476, 0.0326, 0.0178, 0.8569, 0.0318],
    [0.0448, 0.0764, 0.094, 0.2037, 0.3978, 0.1832],
    [0.0083, 0.0142, 0.5544, 0.127, 0.2679, 0.0281],
    [0.0632, 0.0366, 0.0586, 0.2803, 0.1791, 0.3822]
  ],
  "Z_est": [
    [
      [0.2187, 0, 0, 0, 0, 0.5157, 1.616, 0.7484, 0.4697, 0.0438, 0.1588, 0.385, 0, 0, 0.4589, 0.5843, 0.3332, 0.564, 0.1113, 0.2099, 0.2396, 0, 0, 0.0008, 0, 0, 0, 0, 0, 0.3796, 0.0604, 0, 0, 0.4438, 0, 0, 0, 0.017, 0, 0.0531, 2.8757, 0],
      [11.7475, 0.579, 3.5453, 2.0664, 47.2795, 31.3394, 44.1339, 26.6105, 19.8496, 0, 5.9042, 17.1286, 32.9247, 13.901, 25.1903, 36.9324, 29.8997, 16.2563, 4.727, 10.4041, 39.0742, 3.1712, 0, 0.9239, 34.9035, 0.0825, 35.3031, 23.3853, 16.6923, 11.6374, 1.2984, 3.99, 49.1238, 41.113, 43.8494, 18.8776, 0, 0.8166, 30.9342, 2.4595, 66.5878, 2.8323],
      [1.718, 0.1675, 0.7143, 0.8572, 11.1426, 9.2866, 7.4305, 8.3316, 4.3466, 0.3271, 1.1157, 2.4741, 5.8891, 2.7007, 4.5636, 7.0681, 5.5248, 5.1796, 1.1854, 1.3093, 7.0076, 1.2285, 0.3427, 2.7733e-32, 6.1692, 0.0156, 6.8482, 5.6117, 1.9486, 1.6754, 0.1133, 1.0265, 12.0994, 7.3303, 10.1414, 2.8925, 0, 0.2328, 7.0871, 0.7056, 13.1456, 0.62],
      [0.944, 0, 0.7759, 0, 4.0809, 2.9777, 3.2919, 3.3913, 1.3043, 0.1128, 0.5676, 2.9546, 3.5817, 2.0411, 2.6489, 5.6988, 3.1288, 2.6722, 0.6662, 0.3938, 3.299, 0.6102, 0.4252, 0.0529, 4.2438, 1.249e-15, 4.2084, 2.0009, 0, 1.3564, 0.035, 0.3925, 4.3144, 6.2791, 7.0807, 2.5743, 0, 0.156, 3.518, 0.3969, 6.1337, 0.4057],
      [30.3658, 3.2535, 14.9449, 10.0764, 145.497, 107.8708, 148.5277, 117.8245, 43.997, 4.5163, 11.2455, 43.881, 107.6045, 35.303, 73.1383, 102.5693, 94.1134, 70.2915, 22.3101, 32.6829, 131.3796, 16.8443, 6.2321, 2.0224, 120.6047, 0.9019, 107.6023, 94.0021, 53.3591, 33.9183, 2.4929, 3.591, 179.4624, 121.5149, 165.6962, 65.5998, 0, 3.7699, 132.4607, 10.3849, 192.1584, 22.129],
      [0.0059, 0, 0.0196, 0, 0, 0.0098, 0, 0.0938, 0.0329, 0, 0.0082, 0.1768, 0, 0.0542, 0, 0.1471, 0.0001, 0.0364, 0, 0, 0, 0.1458, 0, 0, 0.0788, 0, 0.038, 0, 0, 0.0329, 0, 0, 0, 0.3189, 0.2323, 0.0558, 0, 0.0077, 0, 0, 0.0988, 0.013]
    ],
    [
      [19.7487, 1, 6.9039, 0.9091, 65.5795, 45.0302, 48.0917, 50.284, 30.3069, 1.9049, 11.8248, 24.9783, 32.2982, 37.4813, 55.1756, 67.0053, 42.32, 39.2973, 20.564, 9.9555, 52.9873, 5.7922, 2.9397, 1.8653, 50.8075, 2.9988, 49.9182, 29.8749, 10.9978, 19.9646, 2.8401, 2.7813, 69.0416, 64.9011, 126.2542, 12, 0, 2.7256, 52.6303, 18.6948, 187.7833, 11.6197],
      [0.2758, 0.1662, 3.038, 0.0072, 1.0307, 0.5134, 0.4978, 0.4092, 0.4499, 5.4004e-16, 0.1394, 0.2932, 0.5601, 2.3764, 0.7058, 0.8347, 0.5679, 0.3128, 0.1713, 0.1219, 0.6991, 2.5561, 0, 0.0236, 4.895, 0.022, 0.8624, 0.3423, 2.1286, 0.2156, 0.0315, 0.6318, 0.9829, 0.8651, 3.2308, 2.1185, 0, 0.017, 0.583, 0.1572, 2.1355, 0.0746],
      [0.4072, 0.3651, 0.3328, 0.026, 2.3985, 1.535, 0.8739, 1.3199, 1.0191, 0.0282, 0.2883, 0.4521, 1.0269, 1.2934, 1.3052, 1.6675, 1.0703, 1.0722, 0.445, 0.1645, 1.282, 0.4019, 1.3584, 0, 1.5575, 0.0461, 1.5435, 0.8306, 0.3397, 0.3162, 0.0222, 0.2467, 2.3899, 1.6023, 3.7521, 0.4979, 0, 0.05, 1.3708, 0.4929, 4.4159, 0.1699],
      [1.179, 0.0838, 1.33, 0.0391, 5.2216, 2.9514, 2.599, 2.9702, 1.7654, 0.0517, 0.6669, 1.9748, 3.1107, 4.1357, 3.7677, 5.4757, 3.0633, 2.6466, 1.3449, 0.5311, 3.6728, 0.9048, 0.607, 0.0794, 5.0368, 0.0556, 4.3843, 2.1573, 1.0371, 1.1924, 0.0727, 0.3382, 5.5155, 5.3944, 11.5594, 1.8151, 0, 0.1621, 3.9623, 1.3432, 10.8751, 0.744],
      [0.36, 0.3786, 0.3674, 0.0181, 1.6813, 0.8947, 0.8986, 0.9223, 0.4034, 0.0148, 0.0656, 0.2334, 0.947, 0.6083, 1.0051, 0.8881, 0.9146, 0.608, 0.4688, 0.2214, 1.3034, 0.2764, 0.0917, 0.0317, 1.579, 0.8774, 1.2006, 0.7799, 0.4938, 0.2802, 0.0335, 0, 1.9492, 1.0711, 2.8745, 0.5257, 0, 0.0367, 1.4007, 0.309, 2.4834, 0.3604],
      [0.0294, 0.0063, 0.0279, 0.0004, 0.0884, 0.0753, 0.039, 0.0945, 0.0554, 0.0004, 0.0149, 0.0682, 0.0571, 0.1049, 0.0406, 0.1286, 0.0638, 0.063, 0.0061, 0.0054, 0.0553, 0.0686, 0.0032, 0, 0.1243, 0, 0.0909, 0.0149, 0.0029, 0.0311, 0, 0.002, 0.1208, 0.166, 0.3291, 0.0427, 0, 0.0086, 0.0529, 0.003, 0.3069, 0.0313]
    ],
    [
      [2.2866, 0, 0, 0, 0, 3.7204, 9.0074, 11.0214, 2.9513, 0.4077, 3.6599, 3.8, 0, 0, 7.6888, 7.4841, 6.1864, 4.0514, 1.6852, 1.3365, 3.2257, 0, 0, 0.0045, 0, 2.8384e-15, 0, 1.1825, 0, 4.9816, 0.8761, 0, 0, 3.257, 0, 0, 0, 1.5549, 2.1122, 1.5553, 24.2767, 0],
      [8.7044, 0.7994, 0.424, 1.8461, 29.8911, 15.5375, 19.9669, 23.0242, 10.3329, 0, 6.0409, 9.7674, 25.4944, 13.7344, 22.7096, 27.1846, 35.3568, 8.0304, 3.5596, 5.1955, 19.0812, 0.3394, 0, 1.5632, 16.7303, 0.3653, 21.0286, 8.8781, 10.6281, 9.4064, 1.1924, 0.7888, 30.0718, 18.8262, 28.6113, 10.2744, 0, 3.7875, 17.0233, 3.086, 41.8392, 2.6196],
      [2.6634, 0.3349, 0.6775, 1.7176, 19.7414, 13.8887, 6.9343, 21.3857, 7.3153, 0.5948, 3.5489, 1.6336, 10.0619, 7.1964, 9.587, 11.571, 14.9529, 7.7195, 1.9473, 1.1034, 7.6695, 1.9278, 0.0014, 0, 6.3527, 0.1261, 9.6724, 5.0714, 1.5553, 1.4757, 0.0735, 2.2341, 20.2606, 7.2534, 16.243, 2.7045, 0, 1.8068, 8.833, 2.4074, 20.82, 0.7524],
      [101.4896, 5.087, 42.6223, 12.3082, 397.2016, 246.0992, 287.0815, 462.8396, 112.6548, 10.9328, 78.0145, 177.9159, 386.0563, 267.9061, 328.6018, 482.7936, 510.98, 184.3257, 77.4488, 62.4295, 274.1439, 39.4641, 12.9964, 13.891, 272.6725, 6.6767, 307.3331, 147.896, 70.305, 139.9109, 10.3159, 18.3456, 452.1707, 310.579, 575.1163, 191.8242, 1, 101.1657, 311.9547, 70.6841, 586.5581, 63.8214],
      [9.5222, 1.8243, 3.9702, 2.3541, 41.8518, 22.6373, 31.2645, 43.9793, 7.5525, 0.8904, 0.7799, 1.786, 41.5735, 6.0277, 26.5032, 14.5699, 49.9306, 12.329, 8.1711, 8.6247, 31.521, 3.7196, 0.6057, 1.7789, 28.0029, 4.1663, 26.1948, 17.1821, 12.6886, 9.0747, 1.0395, 0, 54.7651, 17.2466, 43.7385, 18.9229, 0, 1.2116, 37.0961, 4.9901, 41.8545, 10.7001],
      [11.3338, 1.9544, 3.3059, 0.7741, 36.3141, 28.1169, 26.7454, 60.7498, 14.1931, 1.1743, 6.9559, 18.0973, 32.8138, 23.1355, 23.9095, 41.3969, 48.5934, 18.5438, 6.1879, 5.3104, 24.3587, 8.549, 0.3965, 0.7625, 28.2417, 0.6654, 27.7712, 8.7898, 2.823, 14.1506, 0.5026, 0.6315, 48.7318, 31.8377, 58.2909, 19.2739, 0, 21.4735, 25.9808, 4.277, 67.6515, 11.1065]
    ],
    [
      [1.1725, 0, 0, 0, 0, 0.9001, 4.074, 1.986, 1.0932, 0.1809, 0.6034, 0.4192, 0, 0, 0.92, 0.9069, 0.419, 1.4336, 0.3097, 0.4787, 0.5215, 0, 0, 0, 0, 0, 0, 0, 0, 0.7389, 0.0622, 0, 0, 0.3851, 0, 0, 0, 0.3098, 0, 0.2843, 9.7848, 0],
      [8.4706, 0, 0.5121, 0, 19.7606, 13.5848, 16.0436, 12.3624, 8.2331, 0, 3.2424, 4.7208, 13.6321, 6.7928, 9.5367, 14.6074, 15.993, 6.4895, 1.8691, 4.4181, 20.8304, 0.3842, 0, 1.0841, 14.1493, 0, 15.9791, 9.1902, 2.7821, 4.1624, 0.283, 2.2393, 17.701, 16.6572, 16.3044, 6.7112, 0, 3.1021, 11.1796, 1.6774, 30.0833, 1.1312],
      [3.1709, 0, 0.6504, 1.0345, 16.6945, 14.2764, 7.0159, 12.6782, 6.3821, 0.5118, 1.9706, 1.8909, 7.4629, 4.2165, 5.0764, 8.1726, 8.5629, 7.1035, 1.3367, 1.1244, 9.9052, 1.2362, 0.0299, 0, 7.8235, 0, 10.0739, 6.9042, 1.6057, 1.5185, 0.0735, 1.7641, 15.5355, 8.2417, 12.5554, 2.8494, 0, 2.2016, 7.4197, 1.5145, 18.0096, 0.6577],
      [2.3602, 0, 1.4996, 0, 6.1057, 4.2488, 3.2688, 5.5043, 1.9902, 0.0968, 1.5885, 4.0092, 6.8076, 6.1465, 4.3756, 12.0665, 6.9136, 5.1262, 1.02, 0, 4.0422, 0.9021, 1.1592, 0.0456, 9.5649, 0, 10.0197, 1.4471, 0, 2.2611, 0.038, 0.9338, 5.0158, 13.8827, 15.3708, 5.3164, 0, 4.4491, 4.4384, 1.2901, 10.7277, 0],
      [126.9406, 11.9446, 31.1179, 29.9655, 383.0344, 281.0164, 315.5567, 329.5132, 108.3014, 11.1716, 37.2728, 73.0598, 284.7861, 109.7613, 163.4193, 242.1051, 295.3842, 172.5426, 53.3054, 78.9788, 407.8186, 30.7701, 13.7789, 15.8703, 350.8474, 8, 312.8806, 225.4585, 129.6122, 71.7406, 3.5388, 10.0185, 419.7056, 291.5728, 413.0599, 161.8825, 0, 82.8458, 287.3165, 43.1145, 516.18, 70.577],
      [0.8852, 0.0554, 0.22, 0, 1.4048, 1.9734, 1.041, 2.9559, 1, 0.039, 0.3223, 0.9002, 1.3112, 1.0828, 0.672, 2.1415, 1.7273, 1.3046, 0.1591, 0, 0.882, 0.7075, 0.032, 0, 2.6148, 0, 2.0467, 0, 0, 0.5785, 0.0044, 0.0444, 2.0421, 3.2605, 3.7095, 1.2405, 0, 3.0917, 0.6459, 0.1191, 4.2146, 0.6342]
    ],
    [
      [0.561, 0, 0, 0, 0.042, 1.2878, 1.7227, 2.1196, 0.4319, 0.0786, 0.3686, 0.4978, 0, 0, 1.1312, 1.2833, 1.5937, 0.8846, 0.2626, 0.4008, 0.829, 0, 0, 0.035, 0, 1.3878e-16, 0, 0.4102, 0, 0.3377, 0.0671, 0, 0, 0.9767, 0, 0, 0, 0.4653, 0.861, 0.3104, 2.5625, 0.0634],
      [0.8168, 0.0086, 0.074, 0.1068, 2.9633, 1.6753, 1.6742, 1.6945, 0.652, 0, 0.3701, 0.6023, 1.8186, 1.1191, 1.4993, 1.7947, 2.7647, 0.6752, 0.2366, 0.582, 1.4348, 0.0383, 0, 0.1177, 1.9464, 0.0264, 1.9199, 0.6585, 0.7399, 0.3764, 0.0688, 0.1421, 2.6221, 1.6654, 3.4953, 0.8921, 0, 0.3637, 1.4246, 0.2612, 2.4431, 0.0621],
      [4.9294, 0.098, 0.711, 1.2848, 20.5061, 20.5549, 12.1559, 22.8654, 5.5225, 0.603, 3.0678, 4.0925, 10.2377, 7.2797, 11.3718, 15.0244, 20.9669, 9.4549, 2.5874, 3.1498, 10.7558, 1.3079, 0.3565, 0, 11.6989, 0.2744, 11.1866, 6.4736, 3.1254, 2.4315, 0.3079, 1.4616, 18.4705, 12.8849, 25.8526, 5.3836, 0, 4.3278, 13.6678, 3.3154, 20.3387, 0.6131],
      [20.1267, 0.2072, 3.6665, 2.7509, 65.3527, 57.7976, 51.5027, 74.1449, 15.2618, 1.8863, 10.0124, 22.4466, 43.9479, 31.0872, 46.336, 66.3726, 85.2219, 33.8823, 11.0438, 14.4984, 44.1171, 4.2186, 1.6345, 2.4075, 52.855, 1.124, 44.8062, 24.6092, 13.8437, 11.8637, 1.3164, 2.9935, 62.2544, 58.4101, 109.6729, 28.0561, 0, 20.931, 56.5404, 12.8451, 73.4285, 3.7784],
      [11.4906, 0.2415, 1.8641, 2.2815, 37.7886, 33.3947, 31.1661, 43.8994, 8.0829, 1.11, 3.9798, 8.8197, 24.8882, 12.3493, 24.2714, 28.1526, 48.1218, 17.4161, 6.4402, 9.7349, 26.6437, 2.4851, 0.6749, 1.472, 29.9979, 2.3508, 23.6265, 14.751, 10.0487, 6.1069, 0.7518, 0.739, 38.4513, 27.4524, 56.1715, 15.4448, 0, 8.5204, 34.297, 6.4371, 39.7096, 2.7495],
      [13.0755, 0.4447, 1.6844, 1.576, 35.3473, 38.2897, 28.7784, 55.2762, 11.0488, 1.3222, 5.2012, 12.5411, 22.1076, 15.1647, 20.3903, 32.3723, 47.3311, 19.6868, 5.4294, 7.6341, 23.2195, 4.95, 0.3341, 0.9677, 31.5018, 1.2244, 23.4608, 9.0975, 4.2424, 6.8838, 0.4879, 0.6638, 39.2017, 33.6106, 62.8076, 16.2234, 0, 22.3918, 28.2092, 4.8307, 48.5176, 3.7335]
    ],
    [
      [0.4807, 0, 0, 0, 0.6021, 0.6025, 1.6443, 1.3275, 0.6992, 0.2668, 0.2702, 0.4562, 0, 0, 0.5795, 1.1403, 0.787, 1.3867, 0.3301, 0.3361, 0.8388, 0, 0, 0.015, 0, 0.0012, 0, 0.5083, 0, 0.7964, 0.0941, 0, 0, 0.8879, 0, 0, 0, 0.246, 0.7553, 0.1589, 3.3362, 0.0819],
      [1.1951, 0.0404, 0.1708, 0.1214, 3.1008, 1.41, 2.6789, 1.9483, 1.4924, 0, 0.4639, 1.0124, 2.7492, 1.4676, 1.4005, 2.7824, 2.3169, 1.5663, 0.4778, 0.8139, 2.4683, 0.0823, 0, 0.0697, 2.865, 0.0096, 3.5751, 1.489, 1.2121, 1.2706, 0.1259, 0.1276, 4.614, 2.6064, 4.1057, 1.5605, 0, 0.3638, 2.1398, 0.2493, 4.8527, 0.1334],
      [26.6654, 1.9375, 7.8629, 6.8283, 101.056, 58.6336, 70.8972, 90.0908, 44.5148, 7.9006, 13.6327, 24.6153, 62.5, 37.1394, 38.1519, 82.2535, 63.7127, 77.231, 18.9671, 17.0765, 66.9212, 12.7351, 3.8688, 0, 67.5199, 0.4296, 86.3548, 52.3274, 21.0369, 29.97, 2.4096, 4.9836, 135.5903, 72.2669, 116.1148, 35.9613, 0, 15.9313, 73.9474, 11.2195, 143.437, 4.9246],
      [3.2592, 0.0413, 1.3015, 0.2761, 9.8215, 5.138, 8.7865, 8.9575, 3.6682, 0.5789, 1.4191, 4.3638, 8.292, 5.3171, 4.8185, 12.0578, 8.0083, 8.874, 2.3884, 2.1342, 8.1875, 1.3131, 0.5955, 0.1645, 9.452, 0.0386, 11.0283, 5.7332, 2.4082, 4.5745, 0.222, 0.3589, 13.4479, 10.674, 15.8998, 5.82, 0, 2.3615, 9.1541, 1.3361, 15.809, 0.8785],
      [14.0877, 0.9543, 4.5779, 2.7742, 43.7138, 22.7089, 41.3442, 40.6214, 15.1994, 3.2206, 4.1063, 12.1554, 34.8822, 14.676, 18.763, 35.8727, 33.535, 33.1763, 10.701, 11.509, 38.0101, 5.545, 1.5233, 0.7419, 39.3194, 0.5177, 42.2062, 27.7219, 15.2878, 16.9837, 1.1435, 0.5218, 66.1559, 35.5806, 58.4593, 23.1562, 0, 7.6031, 42.427, 4.9752, 64.9703, 4.8506],
      [0.312, 0.0265, 0.0868, 0, 0.7058, 0.5071, 0.6488, 1.0544, 0.426, 0.033, 0.1079, 0.3968, 0.5765, 0.4, 0.2866, 0.8933, 0.64, 0.7656, 0.1356, 0.1304, 0.574, 0.3245, 0.0125, 0.0089, 0.8436, 0.0035, 0.8357, 0.2202, 0.0551, 0.4047, 0.005, 0.0081, 1.1919, 0.9842, 1.4203, 0.502, 0, 0.4942, 0.5763, 0.061, 1.5948, 0.1309]
    ],
    [
      [1.5318, 0, 0.0961, 0.0909, 6.7763, 3.9433, 6.8439, 6.513, 2.0478, 0.1173, 1.1143, 3.4635, 2.7018, 2.5187, 6.046, 6.5958, 6.3607, 3.3823, 1.7371, 0.2824, 4.3581, 0.2078, 0.0603, 0.0795, 2.1925, 1.3878e-16, 3.0818, 2.0241, 1.0022, 2.8011, 0, 0.2187, 4.9584, 4.1485, 5.7458, 0, 0, 1.6813, 4.6413, 0.9431, 12.3808, 1.235],
      [2.7898, 0.4065, 0.2357, 0.8521, 13.9741, 5.9395, 9.0046, 6.9509, 3.9901, 0, 1.8392, 5.4754, 10.8208, 5.6088, 9.9578, 10.8638, 11.1011, 3.6694, 1.9585, 0.4645, 7.4118, 0.4284, 0, 0.2179, 4.5106, 0.4942, 6.3318, 3.0566, 2.817, 3.9312, 0, 1.0804, 10.8844, 7.2666, 9.4031, 5.5657, 0, 1.5493, 6.7154, 1.1093, 18.0584, 1.1468],
      [0.4457, 0.0969, 0.051, 0.2517, 3.4609, 1.8248, 1.6923, 2.3284, 0.8996, 0.0345, 0.376, 0.8415, 1.8215, 1.1739, 1.944, 2.2428, 2.2095, 1.2392, 0.5312, 0.072, 1.4585, 0.1625, 0.0425, 0, 0.8783, 0.1082, 1.3207, 0.7811, 0.3883, 0.6127, 0, 0.2833, 2.6538, 1.4205, 2.3407, 0.7107, 0, 0.4498, 1.6743, 0.3447, 3.8333, 0.2624],
      [5.6414, 0.5808, 0.8043, 1.6258, 33.216, 15.7874, 22.4696, 23.1922, 7.3553, 0.3407, 3.731, 15.3351, 24.2039, 15.3664, 24.4515, 30.535, 27.684, 13.4729, 7.088, 1.0131, 18.5375, 1.5872, 0.5822, 0.359, 12.1749, 1.1051, 16.22, 9.1563, 5.406, 9.841, 0, 1.6376, 27.2813, 19.7807, 30.3001, 11.5939, 0, 6.7746, 21.4321, 4.1044, 42.4679, 5.3719],
      [1.2331, 0.4033, 0.1575, 0.5301, 7.4332, 3.4771, 5.2422, 5.24, 1.4633, 0.0763, 0.55, 2.0649, 5.3184, 2.2744, 4.8997, 4.8423, 6.0004, 2.6364, 1.6034, 0.2483, 4.3235, 0.3596, 0.0935, 0.0827, 2.6487, 1.1859, 3.289, 2.1044, 1.5098, 1.8956, 0, 0.1297, 6.5104, 3.5616, 6, 2.4681, 0, 1.0126, 5.0019, 0.7892, 8.6438, 1.6333],
      [6.3582, 2.5125, 0.6554, 1.6495, 31.1396, 18.0279, 21.7475, 29.7755, 9.2438, 0.4311, 3.3895, 14.8196, 21.1337, 13.0579, 18.701, 25.9203, 26.6443, 13.5997, 6.0818, 0.9197, 16.9105, 3.2546, 0.2216, 0.2609, 12.5949, 2.1067, 14.7567, 5.8776, 2.8767, 9.9184, 0, 0.6502, 29.7117, 19.822, 30.2102, 11.6617, 0, 12.5325, 18.5349, 2.7092, 48.6158, 9.3506]
    ]
  ],
  "V_est": [
    [10.4878, 807.4753, 167.5744, 88.7155, 2686.1401, 1.6068],
    [1390.0775, 35.0445, 39.7778, 105.8178, 29.858, 2.4244],
    [108.3135, 513.7411, 261.8166, 8213.6143, 702.6421, 815.8724],
    [26.9839, 335.9006, 219.2517, 164.0327, 7005.7669, 45.0641],
    [19.5844, 41.8271, 330.6985, 1289.2529, 704.3754, 741.2617],
    [18.6293, 61.1298, 1809.6175, 218.9589, 896.28, 18.3846],
    [113.9236, 197.8815, 43.2636, 519.6079, 108.9376, 518.3859]
  ],
  "p_est": [
    [0.0028, 0.2146, 0.0445, 0.0236, 0.714, 0.0004],
    [0.8672, 0.0219, 0.0248, 0.066, 0.0186, 0.0015],
    [0.0102, 0.0484, 0.0247, 0.7737, 0.0662, 0.0769],
    [0.0035, 0.0431, 0.0281, 0.021, 0.8985, 0.0058],
    [0.0063, 0.0134, 0.1058, 0.4123, 0.2253, 0.2371],
    [0.0062, 0.0202, 0.5986, 0.0724, 0.2965, 0.0061],
    [0.0758, 0.1317, 0.0288, 0.3459, 0.0725, 0.3451]
  ],
  "EI_Z": {},
  "EI_V": 10.7442,
  "MAE_Z": {},
  "MAE_V": 160.8049,
  "MAE_p": 0.053,
  "runtime": 0.007
}
