{
  "Z_true": {},
  "V_true": [
    [17, 105, 24, 203, 24],
    [27, 23, 19, 271, 37],
    [52, 25, 74, 473, 20],
    [4, 598, 14, 241, 27],
    [451, 14, 19, 627, 35],
    [17, 51, 1251, 771, 38],
    [11, 24, 26, 3372, 52],
    [91, 132, 195, 573, 61]
  ],
  "p_true": [
    [0.0456, 0.2815, 0.0643, 0.5442, 0.0643],
    [0.0716, 0.061, 0.0504, 0.7188, 0.0981],
    [0.0807, 0.0388, 0.1149, 0.7345, 0.0311],
    [0.0045, 0.6765, 0.0158, 0.2726, 0.0305],
    [0.3935, 0.0122, 0.0166, 0.5471, 0.0305],
    [0.008, 0.024, 0.5879, 0.3623, 0.0179],
    [0.0032, 0.0069, 0.0075, 0.9676, 0.0149],
    [0.0865, 0.1255, 0.1854, 0.5447, 0.058]
  ],
  "Z_est": [
    [
      [0, 0, 0, 0, 0, 0, 0, 0, 0, 0, 0, 0, 0, 0, 0, 0, 0, 0, 0, 0, 0, 0, 0, 0, 0, 0, 0, 0],
      [1.1784, 2.6006, 2.3518, 0, 4.2281, 2.9223, 2.7322, 2.3679, 3.1762, 1.4562, 2.885, 3.3816, 2.1565, 4.572, 5.5288, 10.8225, 2.4732, 2.7797, 2.7746, 2.3097, 6.9083, 3.8215, 1.8339, 4.381, 2.7007, 3.0811, 0.4854, 2.6158],
      [0.9672, 3.42, 2.3027, 0, 4.3973, 2.3027, 2.3518, 2.9458, 2.8021, 0.6318, 1.291, 1.4903, 2.6596, 5.6772, 6.9699, 8.2257, 2.0845, 2.3783, 2.7466, 1.1702, 8.9291, 4.6533, 1.855, 3.5965, 2.8361, 2.8437, 0.2106, 2.0732],
      [1.7406, 8.5527, 5.0611, 0, 10.8055, 4.4905, 4.6315, 7.3164, 6.6519, 0.8267, 1.6534, 1.929, 6.8425, 14.0395, 18.5908, 14.9561, 4.1863, 4.5575, 6.1375, 1.3778, 23.9962, 11.9278, 4.0835, 7.5673, 7.0933, 6.7054, 0.2756, 4.055],
      [0.1138, 0.4267, 0.2845, 0, 0.569, 0.2845, 0.2845, 0.3698, 0.3698, 0.0853, 0.1707, 0.1991, 0.3414, 0.7112, 0.9104, 0.9957, 0.256, 0.2845, 0.3414, 0.1422, 1.1664, 0.5974, 0.2276, 0.4552, 0.3698, 0.3698, 0.0284, 0.256]
    ],
    [
      [0, 0, 0, 0, 0, 0, 0, 0, 0, 0, 0, 0, 0, 0, 0, 0, 0, 0, 0, 0, 0, 0, 0, 0, 0, 0, 0, 0],
      [0.154, 0.1848, 0.2566, 0.5781, 0.4106, 0, 0.3387, 0.1848, 0.3593, 0.3593, 0.4722, 0.5543, 0.1642, 0.3593, 0.3901, 1.4576, 0.3079, 0, 0.2977, 0, 0.3182, 0.2977, 0.195, 0.544, 0.2566, 0.3387, 0.6137, 0.3387],
      [0.1055, 0.2206, 0.1662, 0.2233, 0.1566, 0, 0.2078, 0.1758, 0.0543, 0.1151, 0.5379, 0.5562, 0.1119, 0.3305, 0.195, 0.2691, 0.1598, 0, 0.1854, 0.0307, 0.1662, 0.195, 0.1438, 0.1918, 0.0831, 0.0895, 0.1215, 0.1502],
      [11.4611, 4.5477, 15.0863, 11.9561, 8.6928, 3.9644, 10.9786, 7.5395, 2.3062, 6.357, 18.3514, 18.0874, 5.4864, 4.8454, 9.0298, 4.8454, 9.8929, 2.2025, 6.6712, 2.2025, 4.7597, 3.1004, 7.5294, 10.4344, 4.6133, 3.6833, 9.5936, 6.8927],
      [6.2794, 4.047, 7.4909, 5.2425, 4.74, 5.0356, 8.4749, 4.0999, 1.2802, 4.1687, 10.6385, 13.8021, 4.2375, 5.4648, 7.3851, 4.4279, 5.6393, 2.7975, 5.8457, 2.7668, 4.7559, 3.4069, 3.1318, 5.8298, 4.047, 2.8884, 4.6712, 4.6183]
    ],
    [
      [1.0074, 2.1496, 1.0074, 1.6551, 1.1514, 2.1588, 2.5186, 0.5757, 0.7916, 0.7916, 2.1588, 1.0794, 1.0794, 2.4466, 0.7196, 7.5558, 1.4392, 1.0074, 0.7916, 1.799, 0.6476, 1.727, 2.8784, 1.5831, 0.4318, 0.2058, 1.5831, 1.871],
      [0.0691, 0.0466, 0.095, 0.0757, 0.1382, 0.5405, 0.1612, 0.0639, 0.1144, 0.1144, 0.184, 0.1723, 0.0739, 0.1642, 0.12, 0.5948, 0.1209, 0.1183, 0.0989, 0.824, 0.0997, 0.127, 0.1357, 0.1848, 0.0777, 1.7327, 0.0916, 0.1417],
      [1.1887, 2.4692, 1.3953, 1.7112, 1.4812, 2.3436, 2.7813, 1.0723, 0.8368, 1.0435, 2.659, 1.7809, 1.2697, 3.2006, 1.2561, 9.1345, 1.7292, 1.6129, 1.2828, 1.8189, 1.099, 2.0859, 2.8601, 1.9565, 0.6384, 1.7862, 1.8609, 2.0521],
      [11.6141, 24.2228, 11.3716, 19.4708, 13.1372, 24.8045, 29.3325, 6.212, 9.2289, 8.9622, 24.7855, 11.6658, 12.4757, 28.033, 7.7365, 87.5464, 16.5956, 11.1508, 8.6884, 20.4694, 7.0368, 19.962, 34.0857, 18.159, 4.7575, 21.1965, 18.3779, 21.8257],
      [0.1206, 0.1118, 0.1306, 0.0873, 0.0921, 0.1526, 0.2064, 0.0761, 0.0282, 0.0883, 0.2127, 0.3017, 0.1013, 0.1556, 0.1677, 0.1685, 0.1151, 0.1106, 0.1384, 0.0888, 0.1169, 0.098, 0.0401, 0.1166, 0.0946, 0.0788, 0.0865, 0.1095]
    ],
    [
      [0, 0, 0, 0, 0, 0, 0, 0, 0, 0, 0, 0, 0, 0, 0, 0, 0, 0, 0, 0, 0, 0, 0, 0, 0, 0, 0, 0],
      [11.8867, 12.9836, 16.6811, 6.5017, 25.1532, 24.91, 23.163, 13.4104, 20.6219, 23.3129, 27.7738, 30.4142, 9.9759, 21.9024, 20.0115, 79.0929, 18.6515, 19.1181, 16.294, 22.1853, 13.5144, 17.5745, 11.4996, 37.0201, 17.5348, 20.602, 11.9066, 20.602],
      [0.062, 0.1297, 0.0978, 0.0602, 0.0921, 0.264, 0.1222, 0.1034, 0.032, 0.2038, 0.1523, 0.1542, 0.0658, 0.2049, 0.1147, 0.4249, 0.094, 0.1354, 0.109, 0.0583, 0, 0.1147, 0.0846, 0.1128, 0.0489, 0.0526, 0.0714, 0.0884],
      [8.0355, 7.8738, 9.2039, 3.4281, 12.7432, 13.8073, 13.689, 8.4762, 9.3433, 11.4718, 13.0467, 12.39, 4.9454, 10.8741, 6.8509, 31.4693, 9.2401, 7.7322, 6.5783, 7.7464, 3.4698, 8.2993, 5.41, 21.8528, 10.4034, 10.3367, 7.0119, 10.2967],
      [0.0158, 0.0129, 0.0172, 0.01, 0.0115, 0.0187, 0.0258, 0.01, 0.0029, 0.0115, 0.0273, 0.0416, 0.0129, 0.0187, 0.023, 0.0129, 0.0143, 0.0143, 0.0187, 0.01, 0.0158, 0.0115, 0.0057, 0.0143, 0.0129, 0.0086, 0.01, 0.0129]
    ],
    [
      [13.5156, 14.5337, 22.5027, 9.8647, 14.6577, 13.6881, 9.0724, 12.7061, 8.5942, 13.4454, 29.8046, 7.1266, 13.9018, 23.8367, 14.4635, 67.4377, 18.3602, 13.9018, 15.7624, 15.7273, 13.3752, 21.274, 17.0711, 15.8326, 7.2317, 4.3531, 9.1274, 16.4996],
      [0.1886, 0.2263, 0.6613, 0.2708, 0.7742, 0.7618, 0.661, 0.2263, 1.8136, 0.6483, 1.0263, 2.3812, 0.4283, 0.7997, 0.7049, 2.7886, 0.6107, 0.6804, 0.6107, 0.8192, 0.5601, 0.6801, 0.466, 0.8999, 0.4279, 0.4906, 0.3399, 0.6799],
      [2.0455, 2.5473, 3.6113, 1.5381, 2.8461, 4.4329, 7.0806, 2.4209, 1.7496, 2.1799, 4.6997, 1.8004, 2.3664, 3.9106, 2.4372, 10.6461, 2.4703, 2.4671, 2.6183, 2.6079, 1.8449, 3.3204, 2.3936, 2.4976, 1.2063, 0.8333, 1.3652, 2.7776],
      [15.0528, 16.481, 27.8862, 11.1818, 24.4595, 27.0015, 21.9312, 20.4265, 14.7557, 16.5221, 35.027, 13.5011, 19.0802, 28.1014, 18.1601, 77.1894, 15.3281, 18.7257, 19.7616, 20.6022, 11.0456, 24.4224, 15.9338, 17.5393, 9.0153, 6.2439, 9.0402, 21.7847],
      [0.1974, 0.2117, 0.3384, 0.1446, 0.2624, 1.1157, 0.2548, 0.2202, 0.0869, 0.2043, 0.4424, 0.1907, 0.2233, 0.3516, 0.2343, 0.9382, 0.2307, 0.2249, 0.247, 0.2434, 0.1741, 0.3031, 0.1355, 0.2307, 0.1187, 0.0791, 0.1272, 0.2582]
    ],
    [
      [0.7573, 0.7853, 2.1279, 0.4319, 0, 0, 0, 0, 0, 0.5006, 1.2368, 0, 0.5202, 2.0772, 0.8245, 2.454, 0.5988, 0, 0.6773, 0.5229, 0.5399, 2.3754, 3.2657, 1.0064, 0.3534, 0, 0.5595, 0.5904],
      [0.2538, 0.3046, 2.3294, 1.358, 5.3039, 3.9912, 3.2157, 0.3046, 5.9302, 3.925, 8.3499, 9.9446, 1.6219, 2.5563, 7.3035, 17.4257, 4.1732, 5.8033, 4.637, 11.584, 3.8296, 4.1657, 2.8944, 5.584, 2.0064, 2.5414, 1.7277, 4.7868],
      [20.6014, 46.3703, 31.4009, 21.2293, 28.9574, 30.1079, 40.7501, 36.0276, 7.0984, 22.0761, 57.8784, 62.8123, 21.4786, 75.2119, 38.8379, 141.1541, 30.9759, 45.2214, 35.4336, 17.6174, 29.8247, 40.4396, 27.6235, 38.5305, 15.3558, 15.1036, 25.79, 31.0003],
      [29.4612, 28.7563, 20.9072, 19.6655, 40.6735, 18.1961, 27.0937, 35.6734, 15.8202, 21.9152, 52.211, 49.8153, 25.8668, 47.6822, 32.5131, 87.0156, 22.1299, 31.3015, 24.5927, 31.2095, 17.8407, 32.6622, 19.9141, 29.8234, 14.4381, 13.6213, 27.0645, 27.3433],
      [2.9263, 3.7835, 3.2346, 1.3152, 2.0653, 3.7047, 5.9405, 1.9944, 0.1512, 2.5831, 6.3239, 13.4278, 3.5125, 5.4724, 4.5209, 1.9506, 3.1222, 4.6738, 3.6593, 3.0662, 2.965, 3.357, 0.3024, 3.0557, 3.8464, 1.7337, 1.8583, 3.2793]
    ],
    [
      [2.3054, 1.3786, 1.9105, 0.8541, 0, 0, 0, 0, 0, 1.1472, 5.4032, 0, 0.0017, 1.2796, 0.8647, 9.3405, 7.9486, 0, 1.1995, 0, 6.2218, 2.8538, 2.0146, 2.0216, 0.3057, 0, 1.2327, 0],
      [0.6931, 0.8317, 1.1552, 0.4621, 2.4637, 2.4036, 1.5249, 0.8317, 2.1619, 3.7612, 3.7231, 4.3731, 0.7393, 2.5946, 2.5467, 24.4506, 2.0592, 3.9727, 2.7791, 3.0449, 4.6426, 1.34, 0.8779, 2.7904, 1.1552, 2.1068, 0.7855, 2.6887],
      [0.1546, 3.8987, 1.4191, 0.7454, 0.2296, 1.6933, 1.4702, 1.1099, 0.0796, 0.1687, 0.769, 1.4519, 0.164, 1.7939, 0.2858, 14.5058, 0.4519, 7.32, 3.6101, 0.1452, 1.1585, 1.3535, 0.9738, 1.9033, 0.1218, 0.1312, 0.178, 0.2202],
      [106.7459, 79.6935, 115.3026, 58.9033, 155.2666, 141.5133, 113.5533, 85.0233, 70.7484, 123.2793, 165.3179, 102.6844, 101.7237, 124.8519, 99.8844, 359.658, 140.1835, 127.0694, 100.9691, 144.3061, 55.4148, 103.4126, 88.1136, 125.2346, 84.0998, 75.0807, 85.7686, 152.8365],
      [1.101, 0.1975, 0.2126, 0.0351, 0.0401, 2.3898, 2.4516, 0.0351, 0.01, 0.6436, 0.7867, 0.4906, 0.3713, 0.48, 2.4184, 0.0451, 0.3568, 1.6378, 2.4421, 0.5038, 1.5623, 0.0401, 0.0201, 0.0502, 0.3175, 0.6813, 0.0351, 0.2546]
    ],
    [
      [3.4143, 3.1528, 4.4515, 2.1943, 3.1909, 3.1531, 2.409, 2.7182, 1.6142, 3.1152, 5.3965, 0.794, 2.4968, 5.3599, 3.1277, 14.212, 4.6533, 3.0908, 3.5692, 2.9509, 3.2155, 3.7698, 3.7702, 3.5563, 1.6775, 0.4411, 2.4972, 3.0391],
      [0.5762, 0.8218, 1.4695, 0.7536, 1.528, 1.4706, 1.2035, 0.6103, 0.8226, 1.4228, 1.5857, 2.7787, 0.8399, 2.0516, 1.3945, 5.3674, 1.6033, 1.5275, 1.508, 1.2329, 1.1271, 0.9935, 1.0974, 1.5959, 0.8407, 2.1065, 1.0496, 1.1463],
      [7.875, 9.9443, 11.6067, 6.4925, 10.8396, 10.8555, 10.236, 11.1443, 4.3471, 9.5812, 13.0128, 11.9539, 6.8841, 18.6703, 10.9034, 41.6399, 12.0343, 12.8649, 12.0142, 7.5514, 8.9776, 8.8376, 9.0656, 11.211, 5.7095, 7.1599, 8.4024, 8.638],
      [17.8888, 13.8722, 25.1811, 13.3944, 24.2217, 23.2224, 16.7901, 21.3328, 10.1455, 23.6657, 19.6071, 17.9271, 13.5794, 33.5726, 20.2342, 78.3197, 27.4435, 24.2603, 25.6012, 17.0862, 15.4364, 11.2132, 17.9299, 21.3892, 12.5793, 18.1322, 18.8676, 15.9655],
      [0.2457, 0.2088, 0.2912, 0.1652, 0.2197, 0.2984, 0.3614, 0.1945, 0.0707, 0.2152, 0.3978, 0.5463, 0.1998, 0.3457, 0.3402, 0.4611, 0.2656, 0.2566, 0.3074, 0.1787, 0.2435, 0.1859, 0.1369, 0.2476, 0.1931, 0.1602, 0.1832, 0.2111]
    ]
  ],
  "V_est": [
    [0, 88.5249, 83.8122, 190.0514, 10.6114],
    [0, 9.7319, 4.943, 215.1115, 147.2136],
    [44.8117, 6.4812, 56.4069, 532.9047, 3.3955],
    [0, 594.2983, 3.2539, 286.026, 0.4218],
    [457.6678, 21.6269, 82.7152, 576.2004, 7.7896],
    [22.2053, 127.8517, 1034.9091, 845.2076, 97.8263],
    [48.2836, 82.9599, 47.5068, 3286.6392, 19.6104],
    [97.0315, 40.5251, 308.453, 598.8591, 7.1313]
  ],
  "p_est": [
    [0, 0.2373, 0.2247, 0.5095, 0.0284],
    [0, 0.0258, 0.0131, 0.5706, 0.3905],
    [0.0696, 0.0101, 0.0876, 0.8275, 0.0053],
    [0, 0.6723, 0.0037, 0.3236, 0.0005],
    [0.3994, 0.0189, 0.0722, 0.5028, 0.0068],
    [0.0104, 0.0601, 0.4863, 0.3972, 0.046],
    [0.0139, 0.0238, 0.0136, 0.9431, 0.0056],
    [0.0922, 0.0385, 0.2932, 0.5693, 0.0068]
  ],
  "EI_Z": {},
  "EI_V": 8.2481,
  "MAE_Z": {},
  "MAE_V": 41.6076,
  "MAE_p": 0.0469,
  "runtime": 0.9323
}
