{
  "Z_true": {},
  "V_true": [
    [614, 69, 2153, 571],
    [73, 510, 780, 786],
    [237, 5627, 5800, 616],
    [3122, 72, 4719, 270],
    [260, 189, 998, 198],
    [46, 41, 4247, 46],
    [88, 313, 658, 505]
  ],
  "p_true": [
    [0.1802, 0.0203, 0.6319, 0.1676],
    [0.034, 0.2373, 0.363, 0.3658],
    [0.0193, 0.4582, 0.4723, 0.0502],
    [0.3815, 0.0088, 0.5767, 0.033],
    [0.1581, 0.1149, 0.6067, 0.1204],
    [0.0105, 0.0094, 0.9696, 0.0105],
    [0.0563, 0.2001, 0.4207, 0.3229]
  ],
  "Z_est": [
    [
      [6.5186, 9.2703, 22.9212, 22.2121, 77.8652, 4.3339, 0.4505, 26.8911, 0.3165, 6.675, 45.8945, 9.2722, 68.8568, 33.8879, 31.2137, 26.925, 49.2927, 137.1431, 27.1507, 34.5083, 2.8728, 13.6963, 63.4772, 20.4127, 15.7185, 38.6731, 8.2648, 120.3282, 27.6498, 9.1632, 20.4616, 2.841, 1.2338, 0, 5.8553, 15.2422, 6.0514, 11.0429, 21.2395, 29.8449, 21.6426, 1.81, 86.1991, 11.0725, 96.3465, 24.6618],
      [1.2251, 1.1141, 1.2018, 2.4172, 5.7981, 0.54, 0.1255, 1.8942, 0.071, 0.6912, 4.6527, 0.8483, 6.3892, 4.4062, 3.0608, 2.5336, 4.1749, 11.9, 2.0493, 3.3725, 0.088, 1.2367, 5.7856, 1.5023, 0.9913, 3.4256, 0.7307, 13.073, 3.1479, 0.6236, 1.865, 0.6318, 0.1084, 0, 0.548, 1.4923, 0.8067, 1.4794, 1.8786, 2.5888, 2.0733, 0.0334, 9.0488, 1.3505, 9.9534, 3.1379],
      [12.7043, 14.3189, 25.607, 32.1193, 143.4556, 8.3821, 0.6517, 31.8661, 0.3414, 8.6632, 56.1295, 12.1582, 83.612, 58.0809, 56.3686, 40.4332, 59.0437, 173.6716, 38.2226, 35.3666, 1.8554, 13.8939, 58.7241, 29.3734, 19.9917, 49.0597, 11.9488, 131.656, 33.0244, 7.9787, 39.0785, 6.187, 1.4925, 0, 7.2979, 33.1013, 12.1889, 15.1894, 26.9696, 42.9579, 26.7752, 0.4681, 127.5414, 19.1254, 115.1322, 38.1604],
      [2.552, 2.2967, 3.2701, 4.2514, 6.8811, 0.744, 0.7724, 6.3486, 0.271, 1.9706, 9.3234, 1.7214, 8.142, 4.6249, 5.3569, 4.1083, 6.4886, 19.2853, 2.5774, 6.7526, 0.1837, 2.1731, 10.0131, 2.7116, 1.2985, 4.8416, 1.0557, 16.9428, 5.178, 0.2345, 2.595, 1.3402, 0.1652, 0, 1.2989, 1.1643, 0.9529, 2.2883, 2.9123, 3.6084, 2.5089, 0.6885, 11.2107, 1.4516, 22.568, 6.0399]
    ],
    [
      [0.2803, 2.4905, 4.8235, 2.3922, 6.655, 1.4507, 0, 1.1844, 0.0322, 0.546, 6.6569, 1.3405, 9.0909, 5.7486, 2.7149, 3.7117, 3.6264, 12.3697, 3.0339, 4.3454, 0.5867, 0.975, 5.711, 3.199, 3.866, 6.7209, 2.2118, 19.8204, 3.5677, 1.846, 2.612, 0.3889, 0.3484, 0.156, 0.6383, 1.8059, 0.7118, 1.3028, 3.5476, 3.2636, 4.0835, 0.0227, 8.2674, 2.3744, 14.6749, 2.6675],
      [2.3929, 13.0747, 12.4898, 11.7499, 22.3921, 7.6382, 0, 4.0739, 0.1539, 2.6089, 30.7204, 5.6205, 37.6696, 33.6059, 11.9009, 15.4052, 14.0287, 48.3529, 10.2697, 19.3235, 1.3099, 3.9046, 23.1341, 11.7082, 14.0373, 27.4812, 9.9291, 96.1094, 18.3301, 5.5242, 10.8994, 4.1962, 2.0302, 0.4873, 2.9085, 7.7507, 4.2349, 8.2034, 15.568, 12.5826, 19.874, 0.1362, 38.7048, 12.5379, 66.5417, 16.2754],
      [0.5258, 1.6926, 2.5902, 2.7521, 9.5615, 0.9261, 0, 0.5415, 0.1045, 0.6617, 6.4142, 1.5593, 8.6063, 7.9375, 2.9418, 4.4776, 3.7633, 13.0124, 3.4271, 3.4071, 0.4205, 0.4006, 3.1123, 3.3738, 4.6081, 6.9186, 2.8824, 14.4064, 3.308, 0.9169, 3.6115, 0.5961, 0.4282, 0.076, 0.3254, 3.1916, 1.2583, 1.0587, 3.6244, 3.6987, 4.2798, 0.0109, 9.3088, 2.8283, 13.4434, 3.5791],
      [4.801, 26.7421, 30.0965, 19.1059, 25.3914, 10.9849, 0, 13.2003, 0.7094, 7.1834, 56.2085, 10.4797, 44.6332, 32.7079, 19.4425, 23.4056, 19.5816, 71.2651, 12.2692, 35.9239, 1.6829, 6.7198, 38.0426, 17.719, 13.4886, 34.8793, 11.9767, 116.6638, 27.7942, 2.7129, 13.8771, 8.8188, 2.1933, 1.2807, 6.1278, 6.2517, 4.795, 11.4351, 20.2601, 16.4551, 19.7627, 0.8302, 44.719, 13.2594, 143.3399, 27.4779]
    ],
    [
      [0.4411, 1.6617, 2.9533, 3.8412, 11.3763, 0.8665, 0.1428, 3.7899, 0.1148, 1.0457, 12.5405, 2.4027, 12.7159, 9.7987, 6.4634, 4.6337, 4.6939, 15.4798, 3.5574, 5.3518, 1.5395, 2.9414, 13.431, 9.0549, 8.4116, 13.32, 3.0764, 20.3309, 6.384, 1.2908, 6.4364, 0.2445, 0.5886, 0.1904, 2.3974, 2.2304, 1.2303, 3.8007, 7.7573, 5.4179, 7.591, 3.4449, 15.5708, 2.3438, 20.0716, 3.7381],
      [17.7968, 35.7443, 29.8811, 78.8529, 155.6816, 18.7783, 45.9982, 45.7695, 2.5329, 19.6298, 238.3338, 41.0896, 221.3679, 242.9668, 120.8226, 79.3785, 75.82, 250.3808, 48.2117, 97.862, 15.7732, 49.5261, 231.3163, 136.1009, 123.0016, 227.6705, 56.124, 404.0718, 135.173, 14.3898, 112.6825, 17.2694, 12.4634, 2.4255, 44.4629, 40.6526, 32.2174, 99.4691, 140.8777, 86.3278, 152.2416, 24.8976, 302.5129, 50.8296, 369.6234, 96.9763],
      [18.4057, 45.7051, 59.0412, 100.7228, 371.1604, 29.7103, 29.5499, 75.7432, 2.3976, 23.501, 277.0682, 57.0039, 280.4003, 309.9025, 216.2932, 123.126, 104.0882, 355.8032, 87.817, 98.4485, 25.646, 54.3775, 229.5199, 248.6553, 212.4667, 309.8217, 83.2048, 398.2412, 136.3608, 18.867, 230.3119, 16.2029, 12.5654, 2.8809, 61.3625, 86.5017, 46.9927, 95.1945, 187.43, 138.3138, 176.6668, 30.5921, 414.2734, 71.71, 418.7777, 110.3428],
      [3.3564, 6.8889, 7.1244, 12.5831, 15.7817, 2.645, 3.309, 13.6974, 0.9547, 4.8234, 42.0576, 7.5038, 25.5159, 22.332, 19.4208, 11.8619, 10.3979, 36.3362, 5.4138, 17.3377, 2.0414, 8.155, 36.7328, 20.1888, 10.1201, 28.1879, 6.5948, 48.3561, 20.0822, 0.4523, 13.5692, 3.2832, 1.3826, 0.5032, 8.7772, 2.6153, 3.5596, 13.5357, 17.935, 10.9404, 14.5006, 14.0654, 33.6429, 5.1165, 74.5273, 15.9427]
    ],
    [
      [9.0669, 18.503, 29.4203, 35.4088, 150.09, 4.9905, 1.2393, 53.2208, 2.5113, 8.2141, 96.5919, 22.4478, 120.252, 62.4227, 63.8657, 75.5505, 81.2817, 249.7799, 51.8457, 46.9734, 8.3623, 18.7846, 118.9037, 47.6147, 44.5604, 75.2932, 21.9794, 235.4532, 58.7789, 22.043, 43.4009, 3.325, 3.5211, 1.6301, 23.382, 36.4092, 11.666, 26.5446, 51.4696, 64.5948, 60.9684, 32.7528, 143.3603, 20.5516, 173.6434, 28.0859],
      [1.2392, 1.3978, 0.8811, 2.3683, 6.4596, 0.322, 0.4112, 2.2555, 0.1451, 0.5637, 6.1884, 1.3151, 6.8532, 4.7624, 3.8055, 4.1237, 4.366, 13.352, 2.4149, 2.931, 0.2879, 0.9342, 6.705, 2.2494, 2.2813, 3.9488, 1.3936, 15.3199, 4.0969, 1.0255, 2.4133, 0.4557, 0.2296, 0.0588, 1.5734, 2.5189, 0.9626, 2.3093, 3.0527, 3.4744, 4.1338, 1.9973, 9.4131, 1.5818, 11.362, 2.5983],
      [27.7269, 42.3425, 50.0898, 76.6534, 413.0559, 13.9821, 7.8592, 93.7749, 4.3315, 16.2557, 178.2704, 44.7965, 218.2691, 158.9272, 172.2728, 164.8975, 149.5679, 477.1454, 108.8819, 72.5955, 9.8817, 27.8456, 164.0296, 107.9653, 96.3015, 143.0933, 50.2973, 383.773, 105.0993, 27.7484, 125.7529, 10.9304, 6.8463, 2.1094, 50.7885, 116.6488, 34.8506, 55.6072, 102.7039, 138.5714, 119.1555, 34.4468, 318.0668, 52.6489, 309.411, 67.5846],
      [2.967, 3.7568, 3.6088, 5.5696, 9.3944, 0.7054, 0.4902, 9.7489, 1.0122, 1.9665, 15.9493, 3.4406, 11.6257, 6.8877, 9.056, 9.4282, 8.7844, 28.7227, 3.8575, 7.5001, 0.468, 2.4357, 15.3617, 5.1706, 2.8568, 7.6647, 2.3297, 27.4539, 9.0249, 0.1832, 4.4329, 1.2889, 0.4031, 0.2017, 4.2561, 1.4231, 1.5207, 4.5389, 5.7738, 6.3594, 5.7423, 6.8031, 15.1598, 2.2177, 32.5835, 5.7311]
    ],
    [
      [0.5071, 0.7374, 1.3189, 1.336, 2.9454, 0.1699, 0.1235, 1.4757, 0, 0.3764, 3.5428, 1.1066, 3.902, 2.2756, 1.2105, 1.2155, 0.9682, 4.4606, 0.7069, 1.633, 1.0696, 1.0051, 4.7799, 1.7365, 1.9476, 3.591, 0.633, 3.5207, 2.2019, 0.6304, 1.8889, 0.1408, 0.1691, 0, 0.384, 0.8419, 0.168, 0.7194, 2.3564, 2.5764, 2.1458, 0.5016, 5.7153, 1.24, 4.948, 0.3653],
      [5.1221, 3.8687, 3.3452, 6.6054, 10.0313, 0.9054, 3.6336, 4.6438, 0, 1.8103, 16.4542, 4.7055, 16.2862, 13.425, 5.4155, 5.0816, 4.0851, 17.5082, 2.5026, 7.2796, 2.457, 4.0382, 19.5143, 6.4075, 7.13, 14.7954, 2.8538, 17.978, 11.3974, 1.6643, 7.9423, 1.48, 0.9759, 0, 1.7866, 3.6195, 1.0215, 4.5798, 10.4142, 10.1246, 10.513, 1.0908, 27.1578, 6.6963, 22.6798, 2.3664],
      [10.5804, 12.2847, 16.1674, 21.1142, 58.9155, 3.5884, 5.5986, 18.8477, 0, 5.4897, 47.7481, 15.7785, 51.517, 42.7258, 22.9399, 19.5826, 13.3721, 61.9184, 10.9745, 18.3949, 8.5691, 11.108, 47.9556, 29.2162, 31.074, 50.4667, 10.5737, 42.4552, 28.652, 5.4968, 40.4215, 3.5677, 2.581, 0, 5.8307, 19.7621, 3.4879, 10.9832, 34.5255, 39.6571, 30.4832, 3.5286, 91.4854, 22.1119, 63.9525, 6.1134],
      [2.7904, 2.1091, 2.1685, 2.9443, 3.1078, 0.3363, 0.6443, 4.0329, 0, 1.3236, 8.2548, 2.4094, 5.2948, 3.5736, 2.434, 2.1203, 1.5745, 7.1128, 0.8161, 3.6926, 0.9043, 1.8487, 8.7503, 2.6399, 1.8483, 5.1469, 0.9396, 6.046, 4.7487, 0.2085, 2.7473, 0.8115, 0.274, 0, 0.9987, 0.7765, 0.3226, 1.7176, 3.7039, 3.6419, 2.858, 1.879, 8.6415, 1.9518, 13.4197, 1.1549]
    ],
    [
      [0.0484, 0.0896, 0.0735, 0.2319, 0.6706, 0.0415, 0.0109, 0.0616, 0.0252, 0.0626, 0.9387, 0.2158, 0.7712, 0.6205, 0.4694, 0.3204, 0.4421, 0.9502, 0.1821, 0.3648, 0.1086, 0.1929, 0.7405, 0.5918, 0.42, 0.777, 0.1876, 1.0364, 0.441, 0.0075, 0.4694, 0.0157, 0.0335, 0.0234, 0.2116, 0.15, 0.0651, 0.1964, 0.5626, 0.5121, 0.4498, 0.1618, 0.7676, 0.1242, 1.2734, 0.1047],
      [0.6101, 0.7522, 0.4549, 1.7994, 4.3202, 0.3355, 1.2364, 0.6914, 0.0971, 0.4177, 6.9921, 1.4522, 5.1347, 5.9905, 3.7419, 1.9146, 2.0667, 5.7491, 0.9893, 2.4787, 0.4325, 1.2056, 4.9138, 3.2666, 2.7862, 4.9897, 1.2563, 8.1908, 3.5063, 0.2002, 3.2195, 0.4152, 0.2478, 0.0284, 1.6428, 1.5155, 0.6659, 1.9173, 3.9139, 3.084, 3.3532, 0.4437, 5.8909, 1.0152, 8.8587, 1.19],
      [15.2283, 26.0424, 26.3969, 62.7011, 284.7377, 13.5682, 18.6643, 32.1233, 2.825, 13.4438, 224.0941, 56.075, 176.5821, 203.9937, 185.1884, 79.4921, 75.22, 219.5438, 48.7493, 66.7923, 14.3966, 35.4111, 131.6513, 158.6845, 121.6526, 176.6913, 48.4212, 219.8789, 96.5781, 7.7884, 181.0569, 10.4981, 6.6854, 0.9338, 62.848, 95.2695, 26.1965, 48.6406, 142.0678, 135.0781, 103.9358, 13.2514, 220.8008, 37.7743, 267.5819, 39.546],
      [0.1132, 0.1159, 0.0747, 0.2676, 0.2715, 0.0548, 0.0884, 0.1236, 0.0527, 0.0759, 0.9751, 0.257, 0.512, 0.3953, 0.6003, 0.2729, 0.2713, 0.7568, 0.0792, 0.3641, 0.0623, 0.1903, 0.6943, 0.4571, 0.1412, 0.542, 0.1349, 0.8939, 0.4746, 0.0039, 0.2542, 0.071, 0.0333, 0.0145, 0.2977, 0.0649, 0.0725, 0.2458, 0.4558, 0.3258, 0.2612, 0.1431, 0.5407, 0.0863, 1.286, 0.1593]
    ],
    [
      [0.1376, 0.2474, 0.4893, 0.5778, 1.3975, 0.1471, 0.033, 0.3766, 0, 0.0801, 1.8347, 0.2143, 1.4113, 1.2459, 1.0624, 0.6432, 0.695, 1.8166, 0.5233, 0.8233, 0.4604, 0.4046, 1.9567, 1.3905, 1.0758, 1.6248, 0.6471, 2.5101, 0.9766, 0.019, 0.7308, 0.0441, 0.1055, 0, 0.1315, 0.3204, 0.1072, 0.3932, 1.067, 0.7902, 1.1189, 0.3062, 2.1194, 0.2935, 3.0422, 0.3767],
      [3.6137, 4.0482, 3.7461, 9.2069, 15.3171, 2.4807, 3.5951, 3.6718, 0, 1.2784, 27.6586, 2.9689, 19.2993, 23.8431, 15.2528, 8.563, 8.4585, 23.7571, 5.5625, 11.7527, 3.6516, 5.1545, 25.6309, 16.7651, 12.7723, 21.6889, 9.7124, 39.2571, 16.3485, 0.5725, 9.9779, 1.5517, 1.9448, 0, 2.0779, 4.4505, 2.091, 8.0419, 15.2949, 9.8177, 17.811, 1.4011, 32.2717, 4.9888, 44.981, 7.4556],
      [2.8286, 3.6139, 5.1076, 7.9372, 24.1133, 2.8427, 1.6763, 4.1034, 0, 0.985, 21.2755, 2.6287, 16.013, 20.4324, 17.9953, 8.991, 7.9448, 21.9053, 6.9276, 7.9951, 3.2306, 3.9634, 17.0072, 19.7314, 14.9054, 19.9488, 8.6718, 25.5893, 10.9773, 0.2039, 13.7668, 1.0177, 1.4012, 0, 1.547, 6.525, 2.0251, 5.3264, 13.6789, 10.723, 13.7038, 1.7021, 29.5235, 4.8012, 33.7012, 5.6735],
      [5.4201, 6.0906, 6.657, 11.2781, 13.1721, 2.5294, 1.6957, 8.8483, 0, 2.6565, 38.2313, 4.1881, 17.2764, 17.4786, 18.6894, 9.8028, 8.9017, 26.5211, 4.9867, 16.4289, 3.6574, 6.4774, 31.4052, 19.113, 9.2465, 20.7375, 8.9687, 35.6435, 18.6976, 0.2046, 9.5244, 2.3864, 1.5486, 0, 3.2437, 2.7042, 1.7767, 8.2385, 14.9591, 9.669, 13.3664, 6.5906, 28.0854, 3.9165, 73.2755, 9.4942]
    ]
  ],
  "V_est": [
    [1317.4008, 126.0664, 1760.3683, 203.1645],
    [167.8641, 737.8704, 166.5696, 1076.6959],
    [266.706, 4845.9761, 6483.1683, 684.1496],
    [2560.7556, 152.5332, 5153.8539, 315.8572],
    [75.2887, 333.3935, 1101.5975, 134.7203],
    [16.2158, 115.3745, 4234.7806, 13.6291],
    [35.769, 509.7858, 454.6618, 563.7833]
  ],
  "p_est": [
    [0.3867, 0.037, 0.5167, 0.0596],
    [0.0781, 0.3434, 0.0775, 0.501],
    [0.0217, 0.3946, 0.5279, 0.0557],
    [0.3129, 0.0186, 0.6298, 0.0386],
    [0.0458, 0.2027, 0.6697, 0.0819],
    [0.0037, 0.0263, 0.9668, 0.0031],
    [0.0229, 0.326, 0.2907, 0.3605]
  ],
  "EI_Z": {},
  "EI_V": 9.8015,
  "MAE_Z": {},
  "MAE_V": 235.2929,
  "MAE_p": 0.0694,
  "runtime": 0.235
}
