{
  "Z_true": {},
  "V_true": [
    [26, 490, 30, 1408, 221, 54],
    [16, 16, 585, 173, 595, 53],
    [126, 100, 285, 609, 11675, 457],
    [52, 155, 51, 3967, 178, 87],
    [109, 141, 98, 788, 658, 228],
    [505, 25, 10, 566, 362, 74],
    [33, 22, 55, 159, 584, 570]
  ],
  "p_true": [
    [0.0117, 0.2198, 0.0135, 0.6317, 0.0991, 0.0242],
    [0.0111, 0.0111, 0.4068, 0.1203, 0.4138, 0.0369],
    [0.0095, 0.0075, 0.0215, 0.046, 0.881, 0.0345],
    [0.0116, 0.0345, 0.0114, 0.8835, 0.0396, 0.0194],
    [0.0539, 0.0697, 0.0485, 0.3897, 0.3254, 0.1128],
    [0.3275, 0.0162, 0.0065, 0.3671, 0.2348, 0.048],
    [0.0232, 0.0155, 0.0387, 0.1117, 0.4104, 0.4006]
  ],
  "Z_est": [
    [
      [6.406, 8.9332, 7.8743, 5.7742, 4.1745, 4.214, 6.5523, 2.7952, 8.8377, 0.819, 3.4824, 6.686, 2.9783, 16.59, 6.1656, 2.5785, 2.3872, 1.4928, 1.0843, 2.1457, 2.0133, 1.1615, 4.5447, 4.9347, 8.8042, 0.3874, 4.6093, 0, 19.9465, 2.3541],
      [13.807, 14.8558, 16.0461, 8.1238, 13.3251, 13.5089, 10.1222, 5.2863, 13.5903, 1.2577, 4.9446, 12.4196, 4.3527, 24.9954, 10.1822, 3.28, 4.2538, 0.8245, 1.5862, 2.7882, 1.8386, 2.8877, 3.4683, 10.1979, 9.1554, 0.4977, 8.4931, 0, 45.8074, 5.8297],
      [8.1393, 7.1105, 9.754, 6.6984, 11.7247, 7.812, 8.0635, 3.4331, 10.1204, 1.4017, 2.6238, 9.6592, 3.4738, 15.0254, 7.4189, 2.5722, 4.2, 2.0462, 1.1139, 2.3833, 2.2284, 1.242, 4.7353, 4.6324, 8.1116, 0.2045, 5.0161, 0, 38.8503, 4.9444],
      [104.8046, 74.7838, 135.9974, 61.8493, 78.7949, 89.6742, 57.4682, 12.7146, 54.5218, 6.5068, 15.4223, 62.1386, 20.2326, 174.8709, 52.4083, 17.2503, 19.8327, 6.4432, 3.7114, 10.1778, 5.9145, 4.0828, 21.6787, 39.336, 51.4234, 1.7104, 86.4507, 0, 159.0737, 28.2321],
      [0.0069, 10.8053, 2.789, 0.0153, 0.1081, 5.0786, 3.0678, 1.1879, 7.9344, 0.7998, 1.7381, 4.0114, 1.3622, 20.6391, 7.9928, 0.1046, 2.5508, 0.8563, 0.3302, 1.0879, 0.7261, 0.4133, 3.6382, 7.1751, 7.7549, 0.1238, 6.57, 0, 22.6507, 5.1878],
      [0.8362, 1.5114, 0.5392, 0.539, 0.8727, 0.7123, 1.7259, 0.5619, 1.9953, 0.2149, 0.7267, 2.086, 0.601, 1.8792, 1.8323, 0.2144, 0.7754, 0.3368, 0.1739, 0.4171, 0.279, 0.2127, 0.9348, 1.7239, 1.7507, 0.0763, 0.8608, 0, 6.6714, 0.452]
    ],
    [
      [2.1456, 2.5796, 2.3386, 1.7743, 1.9475, 1.0314, 2.3108, 1.7039, 3.5459, 0.5046, 1.7547, 2.4242, 1.5837, 5.3155, 2.7126, 1.2896, 1.5194, 0.7622, 0.8265, 0.8514, 1.4875, 1.036, 1.4695, 1.1807, 3.4376, 0.1002, 1.2476, 0, 8.2934, 1.2407],
      [7.0673, 6.8073, 7.7527, 3.8801, 8.5587, 5.4515, 5.3486, 4.1679, 7.8097, 0.9566, 3.2179, 6.6559, 3.001, 12.55, 6.2026, 2.177, 3.326, 0.4596, 1.3003, 1.619, 1.3401, 3.4808, 1.7042, 3.9352, 5.117, 0.1977, 4.0109, 0, 27.3142, 4.0914],
      [10.8926, 8.4474, 11.8269, 8.639, 19.3866, 7.8895, 12.4842, 12.2587, 16.4927, 3.7787, 5.5644, 15.2471, 7.6403, 19.3113, 13.2803, 6.4322, 11.0031, 5.8511, 4.8222, 5.6728, 10.1583, 7.2245, 6.3782, 4.7884, 12.5837, 0.4762, 6.2012, 0.2985, 60.4407, 8.6196],
      [33.7759, 25.3935, 36.4854, 18.0977, 40.9108, 19.4411, 22.5515, 13.8585, 28.7613, 7.1214, 12.8315, 27.7736, 16.5732, 66.0574, 34.4931, 9.7288, 20.3509, 5.4048, 5.7288, 6.3537, 6.7948, 6.4141, 8.4574, 10.3474, 28.2512, 0.8809, 24.5167, 0.4335, 82.413, 21.2844],
      [5.6684, 4.7348, 6.8474, 2.7244, 8.4484, 4.4386, 7.6866, 9.0452, 10.4058, 2.3902, 3.6549, 7.3011, 3.6554, 12.9806, 16.7115, 4.859, 11.4862, 13.1575, 3.8327, 3.1177, 13.4188, 5.2894, 4.9656, 4.5805, 8.8749, 0.2767, 7.9647, 0.2504, 25.6129, 11.2349],
      [1.4502, 1.0375, 0.749, 0.8845, 1.7479, 0.7479, 1.6183, 0.9666, 1.9848, 0.2486, 0.98, 1.5987, 0.5472, 2.7851, 2.5999, 0.5134, 1.3145, 1.3649, 0.4896, 0.3854, 0.8005, 0.5552, 1.0252, 1.1677, 1.7356, 0.0683, 1.059, 0.0177, 6.9259, 1.529]
    ],
    [
      [1.5238, 4.0849, 2.0291, 1.8656, 1.0299, 0.8201, 3.1005, 3.2248, 4.5453, 0.3908, 2.0294, 3.2904, 2.6021, 5.6852, 1.4617, 3.0631, 1.1735, 0.5289, 1.4578, 2.6403, 2.4556, 2.6597, 1.0681, 1.2079, 2.8672, 0.5086, 0.7835, 0, 8.1106, 0.684],
      [1.7785, 1.9505, 2.3447, 0.9958, 1.6815, 2.1115, 0.878, 0.3324, 1.8347, 0.0157, 0.1452, 1.0153, 0.6603, 3.2126, 1.3093, 0.2223, 0.1514, 0.0013, 0.0401, 0.087, 0.0288, 0.5428, 0.4203, 1.2478, 1.1701, 0.0053, 0.9789, 0, 2.6599, 0.7407],
      [3.6202, 4.4853, 4.7345, 4.1543, 7.6635, 3.3003, 7.7539, 9.0865, 9.957, 1.9082, 2.6067, 10.6271, 6.1271, 7.9258, 4.084, 5.2434, 5.3811, 1.7248, 2.8658, 6.0955, 5.5415, 6.1392, 2.1528, 1.6772, 4.9463, 0.3826, 1.4033, 0.1174, 39.6351, 3.2464],
      [4.1813, 4.2652, 5.4051, 2.5805, 1.7287, 2.2854, 1.1904, 0.4024, 1.338, 0.173, 0.2831, 2.4766, 1.7711, 8.6665, 0.6472, 0.5631, 0.5032, 0.0081, 0.1065, 0.1916, 0.0296, 0.0489, 0.0564, 0.3442, 1.0845, 0.1369, 1.0223, 0.0204, 2.8162, 0.4523],
      [280.2695, 322.0685, 351.0631, 274.8515, 251.9762, 227.8288, 596.4253, 758.8779, 635.7817, 108.8206, 230.5136, 655.0553, 284.7606, 593.7953, 501.2903, 437.7108, 366.7897, 303.5103, 338.8007, 473.8718, 616.3929, 469.3309, 212.6626, 207.1776, 394.5009, 143.4478, 309.9156, 11.104, 1474.8909, 166.1223],
      [28.6266, 25.1457, 22.4234, 24.5524, 20.9201, 13.654, 53.6518, 44.0912, 50.5431, 5.6916, 27.4543, 55.5418, 17.0855, 48.7146, 42.2076, 23.1972, 23.0009, 25.2265, 21.7292, 27.1138, 26.5515, 27.2786, 15.6397, 21.3454, 38.4311, 16.519, 23.8964, 0.7583, 154.887, 11.7543]
    ],
    [
      [8.7191, 11.9751, 9.8975, 8.5611, 5.5605, 5.7531, 8.5272, 6.2967, 12.2394, 1.3086, 5.4691, 9.5831, 4.8967, 22.9601, 8.9342, 3.5576, 3.6343, 3.3561, 3.7583, 3.8813, 6.2891, 3.7209, 7.0499, 6.2773, 13.7082, 2.3068, 5.613, 0, 26.1961, 3.005],
      [14.6469, 15.9206, 16.4288, 8.7904, 14.1859, 14.5501, 10.4608, 7.8423, 14.723, 1.4278, 5.7563, 13.5873, 5.0629, 26.5155, 11.0741, 3.4377, 4.7828, 1.042, 2.759, 3.4499, 2.8852, 6.4276, 3.7929, 10.754, 10.1176, 0.9596, 8.5023, 0, 48.8421, 6.0904],
      [9.3657, 7.3187, 10.1381, 8.2171, 13.5314, 9.286, 7.9543, 6.2771, 10.7876, 1.7925, 3.1491, 10.8239, 4.5354, 16.5628, 8.4321, 2.5675, 4.9945, 3.6364, 2.9334, 3.2441, 5.2931, 2.606, 5.8024, 4.6002, 10.0306, 0.6828, 4.8022, 0.524, 40.0053, 5.0723],
      [224.6721, 203.5524, 237.5129, 151.6199, 169.8767, 211.3069, 116.2219, 76.752, 148.1366, 22.3655, 53.1142, 162.1269, 72.3444, 445.3073, 145.3176, 34.3262, 61.1338, 31.6538, 38.0055, 40.1398, 43.1523, 28.9931, 61.1415, 91.9789, 171.7144, 25.0735, 138.8274, 4.5646, 410.2171, 65.4975],
      [0.0719, 0.9139, 2.3235, 0.067, 0.0277, 4.4522, 0.0994, 0.5306, 0.2236, 0.0138, 0.0136, 0.1165, 0.0372, 6.5804, 1.8191, 0.0459, 0.1486, 0.5891, 0.31, 0.1331, 1.0114, 0.1435, 2.0223, 2.3911, 0.8182, 0.5884, 5.378, 0.8135, 0.2686, 1.8365],
      [1.5244, 1.3192, 0.6992, 0.7445, 0.8178, 1.6518, 0.7364, 0.303, 0.89, 0.0918, 0.5063, 0.7642, 0.1251, 3.0739, 1.4229, 0.0651, 0.306, 0.7226, 0.2338, 0.152, 0.369, 0.1088, 1.191, 1.9986, 1.6111, 0.3888, 0.8772, 0.0979, 3.471, 0.4983]
    ],
    [
      [3.8376, 6.2892, 5.955, 5.3243, 3.0486, 2.6477, 6.1872, 4.6977, 8.7547, 1.6364, 6.7093, 7.9138, 4.8134, 12.4162, 5.559, 3.806, 2.579, 1.4719, 3.1224, 4.4815, 3.6275, 3.3868, 3.5865, 2.7403, 8.859, 1.3501, 3.1954, 0, 17.7715, 1.2188],
      [2.3103, 3.1312, 3.713, 1.86, 2.7333, 2.714, 2.7011, 2.4827, 3.0383, 0.7597, 3.0075, 4.3387, 1.43, 5.3433, 1.9009, 1.2944, 1.5738, 0.2624, 0.9319, 1.475, 0.7441, 2.5548, 0.4938, 1.7269, 1.972, 0.2523, 1.6539, 0, 15.8988, 0.8196],
      [0.8952, 0.8971, 1.4023, 1.1982, 1.9344, 0.8391, 1.1869, 1.2841, 1.6616, 0.6924, 0.9991, 2.0274, 1.0771, 2.1221, 1.0739, 0.5476, 0.7756, 0.3994, 0.6847, 1.1401, 0.7556, 0.8399, 0.5892, 0.3976, 1.4058, 0.1044, 0.6315, 0.0602, 6.9852, 0.4587],
      [39.4065, 47.0394, 70.2235, 40.6271, 41.7881, 39.095, 34.8177, 19.0375, 42.526, 14.5669, 32.1389, 58.5877, 31.9794, 111.1063, 36.2066, 14.7063, 17.0325, 4.1089, 10.1452, 17.7466, 6.6624, 8.6868, 10.4021, 15.1171, 43.3182, 6.7218, 41.3396, 0.9815, 112.9269, 11.0605],
      [9.1375, 16.6122, 24.1114, 15.5785, 10.0946, 14.9815, 28.6122, 34.7287, 33.5701, 12.8341, 28.3472, 40.0377, 14.8466, 34.6308, 39.9067, 19.7343, 18.0301, 25.9669, 27.7281, 33.912, 35.0459, 18.8268, 15.8549, 15.5934, 30.8846, 10.3077, 39.1779, 1.8321, 62.1089, 8.023],
      [1.4128, 2.0309, 1.5947, 1.412, 1.401, 1.7227, 2.4949, 2.7704, 2.4493, 0.5106, 2.8072, 3.0957, 0.8546, 5.3814, 2.3529, 0.9114, 1.0091, 3.7904, 2.3878, 3.245, 3.1644, 2.705, 1.0734, 1.4246, 2.5605, 1.2636, 2.0017, 0.1262, 7.3086, 0.4194]
    ],
    [
      [6.8813, 10.9897, 6.6148, 7.3635, 4.8092, 4.402, 9.7985, 5.9961, 11.4944, 1.2696, 6.1402, 10.6136, 4.682, 21.4441, 9.9633, 4.4915, 3.5635, 3.3186, 4.6424, 4.7114, 6.9424, 1.7298, 7.0739, 5.354, 12.9385, 0.2872, 5.3605, 0, 24.1225, 2.3165],
      [5.6272, 7.2457, 5.1177, 3.8046, 5.5117, 5.358, 5.0371, 2.8413, 6.0679, 0.5708, 2.8138, 6.504, 2.135, 12.7642, 5.6233, 1.5597, 1.8691, 0.4093, 1.3763, 1.5602, 1.159, 1.0199, 1.8906, 4.4244, 4.8335, 0.0854, 3.8316, 0, 19.2643, 2.021],
      [3.9065, 4.0737, 3.2091, 4.0155, 5.832, 3.4132, 5.381, 3.031, 5.7266, 0.8851, 2.1474, 6.9798, 2.4115, 9.3609, 5.6925, 1.8101, 2.4998, 1.9112, 2.1118, 2.1901, 3.1255, 0.6347, 3.6771, 2.2616, 5.7309, 0.0506, 2.5791, 0, 19.3941, 1.8311],
      [37.6313, 49.0694, 29.1087, 32.0365, 32.0863, 32.1081, 38.6476, 15.2281, 34.6415, 5.2442, 18.1271, 50.7469, 16.9601, 117.5578, 50.8755, 11.4212, 14.1264, 7.3798, 12.3009, 12.3826, 10.4456, 2.7709, 19.2446, 20.7321, 45.1188, 0.4725, 38.7781, 0, 88.109, 10.3971],
      [4.4735, 8.7546, 3.5367, 4.5919, 3.6449, 5.6899, 9.8645, 5.1445, 7.2284, 0.8651, 3.6193, 10.7513, 2.3004, 21.2088, 17.6916, 3.2657, 3.2986, 6.7536, 6.6745, 4.5529, 9.4597, 0.7077, 10.0918, 7.1733, 10.9694, 0.0722, 9.9718, 0, 13.9767, 2.0355],
      [1.4802, 1.867, 0.4129, 1.1879, 1.1158, 1.0288, 2.2712, 0.7596, 1.8413, 0.1653, 1.1565, 2.393, 0.4995, 4.6641, 3.1539, 0.4518, 0.6427, 1.2275, 0.8941, 0.6027, 0.8678, 0.137, 2.0219, 2.0546, 2.409, 0.0321, 1.4788, 0, 5.1333, 0.3988]
    ],
    [
      [0.4866, 1.1483, 0.2906, 0.337, 0.4297, 0.1317, 0.5234, 0.2854, 0.5827, 0.0711, 0.415, 0.489, 0.4438, 1.5888, 0.2036, 0.2137, 0.1431, 0.0695, 0.1083, 0.2885, 0.1846, 0.3053, 0.2074, 0.305, 0.3855, 0.0598, 0.1907, 0, 1.5593, 0.1809],
      [0.7628, 1.0889, 0.5969, 0.5452, 1.0037, 0.306, 0.452, 0.047, 0.936, 0.0116, 0.1148, 0.4792, 0.3581, 1.6191, 0.7076, 0.029, 0.0431, 0.0009, 0.0062, 0.0207, 0.0042, 0.0865, 0.2298, 0.7138, 0.6345, 0.002, 0.5293, 0, 1.2132, 0.4073],
      [1.1804, 1.6674, 0.935, 1.0776, 2.9273, 0.46, 2.1761, 1.6295, 2.2541, 0.5415, 0.9095, 2.6356, 1.7349, 2.6917, 1.0183, 0.8268, 1.1459, 0.4309, 0.4682, 1.2742, 0.8975, 1.3138, 0.665, 0.6426, 1.1912, 0.0989, 0.3666, 0, 10.6893, 0.8276],
      [0.5282, 0.8964, 0.267, 0.189, 0.8143, 0.0893, 0.1027, 0.0069, 0.0749, 0.0222, 0.0828, 0.1498, 0.1392, 1.4337, 0.0518, 0.0041, 0.0206, 0.0014, 0.0018, 0.008, 0.0008, 0.0034, 0.0192, 0.1443, 0.0896, 0.0041, 0.0653, 0, 0.4441, 0.076],
      [24.3725, 33.1106, 22.3289, 20.1714, 32.7002, 11.5305, 54.2442, 51.4852, 45.8559, 10.2765, 23.1133, 50.7266, 26.0376, 54.1651, 36.5881, 23.2797, 27.696, 27.1662, 19.3239, 38.3245, 41.9452, 43.2884, 21.7646, 22.9092, 26.1972, 11.1834, 20.0219, 0, 133.4912, 14.56],
      [10.6696, 11.0883, 7.5816, 8.6797, 11.1248, 3.4826, 22.5015, 18.5472, 19.2963, 3.0772, 11.369, 21.5206, 8.2871, 18.5017, 15.4305, 8.6467, 9.9514, 11.3312, 8.0916, 13.0841, 12.9678, 14.0027, 8.1139, 9.2852, 12.502, 5.6519, 7.8262, 0, 62.6028, 4.9482]
    ]
  ],
  "V_est": [
    [150.7268, 267.7262, 194.7393, 1457.5058, 126.7063, 31.5133],
    [58.4151, 149.5012, 324.0903, 641.4863, 225.615, 38.8978],
    [66.8925, 28.5628, 174.5867, 44.7784, 11999.6069, 937.6327],
    [223.0353, 294.8157, 224.9665, 3686.6467, 33.7886, 26.7617],
    [146.9868, 73.1179, 35.0665, 980.1029, 721.0565, 65.6821],
    [209.3153, 122.3268, 115.8734, 853.749, 198.3686, 42.3491],
    [11.6282, 12.9494, 44.6773, 5.731, 967.858, 380.1633]
  ],
  "p_est": [
    [0.0676, 0.1201, 0.0874, 0.6539, 0.0568, 0.0141],
    [0.0406, 0.104, 0.2254, 0.4461, 0.1569, 0.027],
    [0.005, 0.0022, 0.0132, 0.0034, 0.9055, 0.0708],
    [0.0497, 0.0657, 0.0501, 0.8211, 0.0075, 0.006],
    [0.0727, 0.0362, 0.0173, 0.4847, 0.3566, 0.0325],
    [0.1357, 0.0793, 0.0751, 0.5537, 0.1286, 0.0275],
    [0.0082, 0.0091, 0.0314, 0.004, 0.6801, 0.2672]
  ],
  "EI_Z": {},
  "EI_V": 13.0375,
  "MAE_Z": {},
  "MAE_V": 163.8755,
  "MAE_p": 0.0715,
  "runtime": 264.126
}
