{
  "Z_true": {},
  "V_true": [
    [278, 23, 190, 36, 1418, 42],
    [14, 775, 75, 332, 172, 47],
    [76, 957, 430, 5209, 489, 364],
    [841, 345, 2158, 155, 17542, 414],
    [37, 163, 717, 445, 530, 698]
  ],
  "p_true": [
    [0.1399, 0.0116, 0.0956, 0.0181, 0.7136, 0.0211],
    [0.0099, 0.5477, 0.053, 0.2346, 0.1216, 0.0332],
    [0.0101, 0.1272, 0.0571, 0.6922, 0.065, 0.0484],
    [0.0392, 0.0161, 0.1006, 0.0072, 0.8176, 0.0193],
    [0.0143, 0.0629, 0.2768, 0.1718, 0.2046, 0.2695]
  ],
  "Z_est": [
    [
      [2.9988, 1.99, 0.1146, 5, 3, 6, 7, 6, 5, 5, 5, 0.0872, 0, 4, 4, 2, 4, 5, 5, 5, 2, 0.9964, 4, 0.0298, 0.0459, 1.3538, 4, 4, 0, 2, 0.3972, 3, 0, 0.6214, 9, 6, 2, 1.1834, 1.9936, 8, 3, 6, 2],
      [1.0016, 0.976, 0.8562, 5, 2, 7, 5, 7, 6, 4, 5, 0.2607, 0.5119, 2.9611e-11, 1, 1, 3, 5, 4, 3, 1.1225e-07, 1.9925, 5, 0.0806, 0.1971, 0.1058, 6, 2, 0, 3, 0.2648, 1, 0.1352, 0.2441, 14, 13, 2, 0.1743, 1, 10, 1, 9, 2],
      [0.9996, 1.0093, 0.1561, 10, 2, 11, 12, 9, 11, 11, 7, 0.4457, 0.7956, 1, 1, 0.0014, 5, 7, 8, 5, 1, 0.0044, 5, 0.0408, 0.2728, 0.1474, 7, 5, 0, 3, 0.2715, 1, 0.1435, 0.1014, 21, 16, 2, 0.392, 9.2593e-06, 16, 1, 10, 1],
      [2.9996, 1.0007, 0.4904, 16, 4, 15, 13, 19, 15, 11, 7, 0.1538, 0.8973, 5, 8, 3.0013, 14, 29, 8, 4, 1, 0.0019, 10, 0.1909, 0.2294, 1.2405, 11, 4, 0, 3, 1.0986, 5, 0.1496, 0.2353, 24, 25, 7, 0.174, 0.9968, 31, 2, 16, 3],
      [12.0003, 6.0197, 2.3706, 57, 23, 58, 64, 51, 62, 56, 39, 0.988, 4.1687, 9, 13, 5.9973, 34, 48, 36, 20, 8, 2.0018, 37, 0.6318, 1.2251, 2.1325, 54, 21, 0, 15, 1.67, 8, 0.5251, 0.6896, 90, 72, 20, 1.9689, 4.0064, 117, 6, 51, 13],
      [0, 0.0043, 0.012, 4, 1, 5, 5, 5, 4, 3, 2, 0.0645, 0.6264, 3.7842e-11, 1, 2.6648e-06, 2, 5, 1, 4.2246e-15, 5.7168e-07, 0.0031, 2, 0.0261, 0.0296, 0.02, 4, 1, 0, 1, 0.2979, 6.8563e-16, 0.0465, 0.1082, 5, 6, 1, 0.1072, 0.0032, 7, 1.1905e-10, 4, 6.1867e-16]
    ],
    [
      [0, 0.0249, 0.0062, 2, 4.6615e-16, 2, 2, 2, 2, 1, 1, 0.0156, 0, 1.5048e-10, 6.7907e-21, 0.0014, 2, 2, 1, 2.2059e-15, 6.1174e-08, 0.0001, 2, 0, 0.1279, 0.043, 1, 1.0019e-13, 0, 1, 0.0185, 2.5579e-15, 0, 0.0593, 5, 4, 1.361e-21, 0.1896, 0.0032, 3, 2.5634e-09, 4, 1.4556e-14],
      [2.9995, 0.9917, 0.2625, 5, 1, 4, 4, 7, 5, 2, 3, 0.3388, 0.0915, 2, 3, 1.0014, 4, 5, 2, 4, 3, 0.9981, 5, 0, 0.3654, 0.8762, 4, 4, 0, 2, 0.1874, 3, 0.281, 0.5578, 12, 16, 1, 1.0056, 2.6813e-06, 9, 4, 12, 5],
      [0.0004, 0.0121, 0.0555, 7, 2, 8, 6, 7, 7, 6, 5, 0.0918, 0.2273, 1, 2, 1.9973, 3, 5, 4, 5, 4.8435e-07, 2.9912, 5, 0, 0.3303, 0.0632, 4, 4, 0, 4, 0.0668, 2, 0.3308, 0.514, 18, 16, 3, 0.094, 1.9936, 10, 4, 14, 4],
      [1.0001, 0.0021, 0.2858, 11, 1, 8, 5, 14, 10, 5, 4, 0.2353, 0.1069, 2, 8, 1.9986, 9, 19, 3, 2, 5.1387e-08, 1.0002, 8, 0, 0.3739, 1.18, 5, 3, 0, 3, 0.4646, 5, 0.3068, 1.85, 19, 26, 2, 0.1588, 1.0064, 19, 5, 20, 6],
      [6, 0.9689, 1.3843, 39, 7, 32, 27, 38, 41, 24, 20, 1.2779, 0.5222, 5, 12, 4.0014, 23, 32, 14, 12, 4, 5.0067, 31, 0, 1.6066, 1.823, 26, 15, 0, 15, 1.223, 10, 1.0076, 2.9138, 71, 74, 8, 2.5126, 3.9936, 74, 12, 62, 29],
      [2.4511e-06, 0.0003, 0.0058, 2, 2.257e-15, 2, 2, 4, 3, 1, 1, 0.0405, 0.0522, 1.0413e-11, 1, 5.7394e-06, 1, 3, 8.4517e-22, 5.465e-12, 1.8648e-07, 0.0037, 2, 0, 0.1958, 0.0146, 2, 1, 0, 1, 0.0397, 1, 0.0739, 0.105, 4, 6, 2.3014e-21, 0.0393, 0.0032, 4, 1, 5, 1]
    ],
    [
      [3.0004, 1.0009, 0.0974, 14, 3, 12, 12, 15, 10, 9, 7, 0.0738, 0, 5, 7, 2.0014, 12, 18, 6, 3, 1, 0.0035, 10, 0.2099, 0.1094, 0.2674, 4, 3, 0, 2, 0.8202, 6, 0, 0.0754, 22, 13, 4, 0.694, 1.9968, 18, 2, 17, 1],
      [4.0005, 1.0213, 3.2865, 19, 3, 16, 14, 30, 14, 14, 11, 0.5669, 0.416, 4, 13, 5, 24, 31, 7, 8, 2, 1.004, 16, 0.6168, 0.4152, 2.5314, 11, 6, 0.3682, 4, 1.0633, 11, 0.2934, 2.639, 43, 44, 6, 1.0997, 2.0064, 35, 9, 43, 10],
      [8.998, 3.9732, 0.6325, 43, 10, 32, 31, 42, 30, 42, 19, 0.385, 1.4033, 8, 19, 2.9959, 36, 42, 23, 14, 5, 5.0012, 25, 0.4829, 1.2367, 1.5114, 15, 14, 0, 8, 1.2762, 10, 0.5227, 2.6293, 70, 55, 17, 0.7459, 3.0064, 61, 8, 51, 5],
      [9.9985, 3.0187, 7.8542, 64, 16, 44, 32, 80, 42, 44, 23, 1.5241, 1.1796, 33, 80, 29.0014, 85, 174, 24, 14, 4, 6.999, 40, 2.4462, 0.56, 6.1358, 23, 14, 3.5844, 8, 6.8314, 43, 0.5329, 6.2425, 80, 82, 45, 1.8648, 35.0127, 108, 24, 84, 18],
      [43.0018, 12.975, 14.4094, 224, 74, 159, 155, 216, 165, 202, 103, 4.9836, 4.1627, 55, 121, 44.0014, 210, 287, 91, 53, 27, 17.9908, 145, 6.9311, 4.5148, 12.2259, 106, 56, 7.0474, 35, 12.0728, 70, 1.4685, 11.0264, 287, 236, 125, 6.088, 75.9713, 407, 47, 251, 72],
      [1.0008, 0.011, 0.7201, 15, 4, 13, 13, 23, 12, 13, 6, 0.4664, 0.8384, 4, 12, 5, 12, 33, 4, 2, 2, 1.0015, 9, 0.313, 0.1638, 0.3282, 8, 4, 0, 2, 0.9361, 7, 0.1825, 1.3875, 18, 20, 9, 0.5075, 10.0064, 27, 6, 22, 3]
    ],
    [
      [11.0004, 2.9818, 0.7456, 42, 17, 37, 46, 35, 39, 36, 31, 0.8025, 0, 9, 11, 2.9973, 27, 27, 23, 12, 5, 0.9994, 32, 0.7602, 0.5914, 1.1745, 19, 14, 0, 10, 1.7407, 11, 0, 0.1482, 71, 35, 11, 3.8124, 5, 60, 6, 47, 3],
      [12.9983, 1.9799, 4.436, 58, 13, 51, 54, 69, 53, 53, 47, 2.7803, 1.5261, 7, 20, 7, 49, 48, 27, 28, 11, 6.0027, 52, 2.3026, 2.2795, 3.2185, 44, 28, 0.5102, 19, 2.4564, 18, 1.2904, 4.3202, 134, 113, 18, 3.4341, 4.9936, 116, 20, 117, 35],
      [19.0016, 7.0128, 1.0997, 121, 41, 98, 115, 88, 111, 153, 80, 2.033, 4.1101, 12, 26, 3.0055, 71, 64, 76, 47, 17, 13.9957, 75, 1.4763, 4.9764, 1.1905, 56, 59, 0, 31, 2.3585, 15, 2.003, 3.6649, 217, 138, 44, 1.7111, 7.9968, 189, 19, 138, 18],
      [34.0018, 11.9444, 9.5632, 189, 68, 132, 124, 181, 154, 161, 85, 5.8493, 3.4232, 54, 125, 40.9986, 185, 265, 78, 38, 20, 20.9974, 131, 6.3629, 3.1965, 10.3315, 87, 56, 4.2056, 29, 10.4547, 69, 2.0107, 10.0134, 245, 215, 112, 3.6658, 65.9936, 352, 47, 220, 56],
      [131.9983, 39.0345, 23.9784, 671, 340, 497, 597, 482, 629, 759, 429, 24.1537, 17.3178, 96, 190, 61.0013, 449, 441, 316, 177, 136, 69.0102, 471, 20.4371, 20.6473, 22.0591, 420, 250, 10.2842, 144, 20.3535, 118, 6.9987, 18.0746, 902, 613, 332, 18.3531, 164.0192, 1327, 101, 678, 257],
      [2.9996, 2.0466, 0.1771, 46, 20, 42, 50, 51, 47, 51, 28, 2.3813, 2.6228, 6, 20, 6.9973, 27, 52, 16, 7, 11, 2.9947, 30, 0.6608, 0.3089, 1.026, 32, 17, 0, 12, 1.6362, 12, 0.6971, 1.7786, 59, 52, 26, 1.0234, 22.9968, 87, 14, 60, 12]
    ],
    [
      [0.0004, 0.0024, 0.0362, 4, 1, 5, 3, 6, 5, 3, 3, 0.0209, 0, 1, 1, 0, 3, 4, 2, 1, 3.0133e-07, 0.0006, 3, 0, 0.1255, 0.1614, 2, 1, 0, 1, 0.0235, 2, 0, 0.0957, 7, 4, 1, 0.1205, 1.0064, 6, 9.7408e-10, 5, 1.3174e-17],
      [4.1362e-06, 0.0311, 0.1587, 5, 4.736e-16, 7, 4, 13, 6, 5, 6, 0.0533, 0.4546, 1, 3, 0.9987, 6, 8, 3, 3, 6.509e-08, 0.0027, 4, 0, 0.7426, 0.2681, 4, 2, 0.1216, 2, 0.028, 3, 0, 0.2388, 13, 15, 2, 0.2862, 1, 12, 2, 14, 3],
      [0.0004, 0.9926, 0.0562, 11, 2, 15, 9, 16, 14, 14, 10, 0.0444, 0.4636, 2, 4, 8.6845e-07, 9, 11, 8, 6, 1, 1.0076, 6, 0, 1.1837, 0.0876, 6, 6, 0, 3, 0.0271, 3, 0, 1.0905, 22, 19, 5, 0.0569, 1.0032, 19, 2, 17, 1],
      [1, 1.0342, 0.8065, 17, 4, 20, 9, 34, 19, 15, 10, 0.2374, 0.393, 9, 19, 7, 25, 46, 8, 4, 1, 2.0015, 11, 0, 0.6401, 1.1122, 9, 5, 1.21, 3, 0.1507, 13, 0, 1.6587, 24, 29, 14, 0.1365, 11.9904, 36, 6, 27, 4],
      [4.9996, 7.0019, 1.8574, 62, 26, 75, 49, 93, 80, 72, 55, 0.5968, 2.8287, 15, 29, 11.9986, 63, 77, 36, 22, 12, 9.9906, 45, 0, 5.0061, 2.7595, 44, 26, 2.6684, 17, 0.6806, 22, 0, 4.2956, 91, 86, 41, 2.0773, 31.0095, 139, 13, 85, 21],
      [1.9996, 1.9379, 0.085, 7, 3, 9, 5, 11, 8, 7, 6, 0.0472, 0.8601, 3, 5, 3.0027, 6, 11, 5, 4, 3, 1.9969, 4, 0, 0.3019, 0.6112, 5, 3, 0, 3, 0.09, 4, 0, 1.6206, 8, 9, 6, 0.3225, 5.9904, 12, 4, 9, 4]
    ]
  ],
  "V_est": [
    [137.8121, 133.801, 193.7816, 322.8602, 1128.396, 70.3492],
    [37.4896, 140.9569, 164.7681, 231.9696, 791.2416, 48.5742],
    [246.3505, 474.3287, 769.8007, 1450.786, 4257.8708, 325.8633],
    [748.7544, 1363.5289, 2194.6357, 3721.0128, 12489.721, 937.3472],
    [75.5934, 150.3846, 247.0139, 450.3714, 1483.7706, 182.8662]
  ],
  "p_est": [
    [0.0694, 0.0673, 0.0975, 0.1625, 0.5679, 0.0354],
    [0.0265, 0.0996, 0.1164, 0.1639, 0.5592, 0.0343],
    [0.0327, 0.063, 0.1023, 0.1928, 0.5658, 0.0433],
    [0.0349, 0.0636, 0.1023, 0.1734, 0.5821, 0.0437],
    [0.0292, 0.0581, 0.0954, 0.1739, 0.5729, 0.0706]
  ],
  "EI_Z": {},
  "EI_V": 33.1269,
  "MAE_Z": {},
  "MAE_V": 772.3432,
  "MAE_p": 0.1286,
  "runtime": 0.3613
}
