{
  "X": [
    [25, 9, 3, 39, 24],
    [28, 6, 2, 44, 20],
    [31, 7, 2, 36, 24],
    [31, 14, 2, 40, 13],
    [23, 17, 2, 33, 25],
    [36, 9, 2, 40, 13],
    [27, 6, 3, 43, 21],
    [30, 11, 5, 38, 16],
    [26, 14, 2, 35, 23],
    [32, 9, 5, 39, 15],
    [22, 8, 5, 43, 22],
    [35, 12, 3, 33, 17],
    [30, 15, 4, 40, 11],
    [39, 21, 7, 22, 11],
    [34, 14, 10, 31, 11],
    [41, 14, 11, 23, 11],
    [36, 11, 5, 34, 14],
    [39, 14, 5, 27, 15],
    [31, 13, 5, 38, 13],
    [48, 15, 3, 25, 9],
    [38, 11, 5, 36, 10],
    [39, 12, 5, 26, 18],
    [44, 8, 3, 32, 13],
    [44, 11, 6, 24, 15],
    [44, 12, 4, 29, 11],
    [34, 7, 4, 46, 9],
    [36, 14, 1, 40, 9],
    [36, 7, 2, 43, 12],
    [39, 6, 1, 45, 9],
    [30, 13, 5, 41, 11],
    [33, 4, 0, 46, 17],
    [39, 11, 1, 41, 8],
    [30, 9, 2, 46, 13],
    [32, 7, 0, 54, 7],
    [32, 8, 3, 43, 14],
    [40, 6, 4, 41, 9],
    [32, 8, 3, 49, 8],
    [42, 17, 3, 33, 5],
    [33, 22, 8, 22, 15],
    [39, 23, 5, 26, 7],
    [34, 24, 10, 20, 12],
    [42, 25, 11, 15, 7],
    [40, 21, 12, 19, 8],
    [36, 23, 14, 21, 6],
    [42, 23, 8, 18, 9],
    [43, 17, 15, 17, 8],
    [47, 15, 6, 20, 12],
    [43, 15, 12, 17, 13],
    [37, 23, 7, 23, 10],
    [42, 28, 8, 16, 6]
  ],
  "W": [
    [62, 14, 10, 14],
    [56, 11, 19, 14],
    [54, 18, 15, 13],
    [58, 16, 12, 14],
    [72, 6, 10, 12],
    [67, 10, 13, 10],
    [67, 11, 7, 15],
    [55, 12, 11, 22],
    [61, 15, 12, 12],
    [64, 9, 14, 13],
    [59, 17, 10, 14],
    [54, 20, 13, 13],
    [37, 27, 16, 20],
    [13, 64, 10, 13],
    [12, 59, 17, 12],
    [14, 62, 10, 14],
    [12, 71, 11, 6],
    [14, 69, 10, 7],
    [15, 66, 9, 10],
    [8, 70, 13, 9],
    [19, 58, 13, 10],
    [16, 61, 14, 9],
    [12, 72, 5, 11],
    [19, 58, 10, 13],
    [15, 64, 11, 10],
    [7, 12, 67, 14],
    [8, 12, 59, 21],
    [16, 10, 66, 8],
    [13, 9, 63, 15],
    [15, 15, 55, 15],
    [12, 12, 70, 6],
    [13, 9, 65, 13],
    [14, 16, 58, 12],
    [8, 8, 70, 14],
    [18, 12, 61, 9],
    [12, 8, 65, 15],
    [14, 12, 65, 9],
    [10, 8, 43, 39],
    [12, 12, 17, 59],
    [17, 12, 9, 62],
    [13, 8, 12, 67],
    [11, 11, 3, 75],
    [12, 9, 15, 64],
    [14, 14, 10, 62],
    [13, 11, 17, 59],
    [15, 12, 17, 56],
    [13, 13, 14, 60],
    [11, 14, 11, 64],
    [12, 17, 15, 56],
    [12, 14, 8, 66]
  ],
  "method": "mvn_cdf",
  "mvncdf_method": "genz",
  "mvncdf_samples": 5000,
  "mvncdf_error": 0.001,
  "cond_prob": [
    [
      [0.1656820802, 0.053650664687, 0.0077653793561, 0.45395184893, 0.31895002683],
      [0.40465004201, 0.11036466134, 0.053218889209, 0.2789711192, 0.15279528824],
      [0.29248306887, 0.023304222171, 0.0016711251941, 0.58419679853, 0.098344785236],
      [0.43841283934, 0.27825080778, 0.12548362708, 0.079101550872, 0.07875117493]
    ],
    [
      [0.18370812441, 0.031172038703, 0.0047260940093, 0.49670205459, 0.28369168829],
      [0.43998275334, 0.080883546276, 0.036583093296, 0.30793794202, 0.13461266507],
      [0.29816386216, 0.013329318672, 0.0014743178989, 0.60444969974, 0.082582801529],
      [0.51481581181, 0.22224212635, 0.093208047796, 0.093773091849, 0.075960922196]
    ],
    [
      [0.19940787834, 0.039499276566, 0.0034790126575, 0.41659075226, 0.34102308018],
      [0.46377013107, 0.087874883281, 0.036251259156, 0.2513658522, 0.1607378743],
      [0.34171232689, 0.017933337677, 0.0010088093595, 0.53420373474, 0.10514179133],
      [0.51987902361, 0.2320223924, 0.088036808562, 0.074342924419, 0.085718851009]
    ],
    [
      [0.22801507193, 0.095858166895, 0.0044703031669, 0.48753790632, 0.18411855168],
      [0.46119399176, 0.16843462622, 0.038366900407, 0.25558517491, 0.0764193067],
      [0.34964851797, 0.037149299358, 0.0010804225793, 0.56059789362, 0.051523866476],
      [0.44287426744, 0.37853433631, 0.079563352776, 0.064733136508, 0.034294906975]
    ],
    [
      [0.1896814429, 0.12153425879, 0.0085911970643, 0.36615846872, 0.31403463253],
      [0.37435754549, 0.25806298487, 0.04886056016, 0.19220401454, 0.12651489494],
      [0.33573378889, 0.063817839128, 0.0017790655227, 0.49729458674, 0.10137471972],
      [0.3116210791, 0.5052480889, 0.089206649598, 0.042535024784, 0.051389157613]
    ],
    [
      [0.28596988249, 0.07442745986, 0.0085403052908, 0.4603751449, 0.17068720745],
      [0.55985260917, 0.1109392337, 0.044267277929, 0.21846127825, 0.066479600957],
      [0.43533303394, 0.026200876343, 0.0018432924546, 0.49129295196, 0.045329845298],
      [0.558216234, 0.256335646, 0.096116396431, 0.058344413339, 0.030987310235]
    ],
    [
      [0.18710825132, 0.028277000854, 0.0081794642843, 0.50701684492, 0.26941843862],
      [0.43860127263, 0.07798526652, 0.050211879746, 0.30801406101, 0.12518752009],
      [0.29865652134, 0.01479312652, 0.0013643475209, 0.60910292042, 0.076083084197],
      [0.5032358342, 0.20960340836, 0.12600631887, 0.091866418441, 0.069288020119]
    ],
    [
      [0.20418928641, 0.062563514946, 0.0093132240217, 0.4880020154, 0.23593195923],
      [0.44215274231, 0.11411292501, 0.073154863009, 0.26972456481, 0.10085490486],
      [0.32672696351, 0.024725621541, 0.0022037400694, 0.57979883746, 0.06654483742],
      [0.44862544278, 0.26898498822, 0.16298514463, 0.070245780157, 0.049158644213]
    ],
    [
      [0.18583835111, 0.09471947011, 0.0053562882131, 0.40216939401, 0.31191649655],
      [0.40772496985, 0.18510752224, 0.041954066149, 0.22822071337, 0.1369927284],
      [0.32739719167, 0.042680211645, 0.0013370874065, 0.53065679739, 0.097928711886],
      [0.3849349779, 0.4111114125, 0.085659198157, 0.056372891319, 0.061921520133]
    ],
    [
      [0.260200142, 0.073710810017, 0.0050454221114, 0.45610811125, 0.20493551462],
      [0.47268254073, 0.10797935566, 0.13127555479, 0.21240548654, 0.075657062272],
      [0.39768249518, 0.027396185078, 0.0015366268665, 0.51712022392, 0.056264468958],
      [0.42503793176, 0.22516518207, 0.26723847813, 0.050596028154, 0.031962379898]
    ],
    [
      [0.13983000798, 0.046103134227, 0.0066511962126, 0.5084236544, 0.29899200718],
      [0.35242993072, 0.097922604484, 0.09130221544, 0.31510535671, 0.14323989265],
      [0.2475900268, 0.019956326792, 0.0017678084895, 0.64116718717, 0.089518650743],
      [0.37734431706, 0.2439762526, 0.21698311972, 0.08818153249, 0.073514778132]
    ],
    [
      [0.24869159812, 0.086141947834, 0.008871766009, 0.40586857639, 0.25042611165],
      [0.50128006959, 0.14136456696, 0.053528348521, 0.20554389485, 0.098283120074],
      [0.40758687813, 0.033893848149, 0.0022571949602, 0.48520485265, 0.071057226109],
      [0.48049406877, 0.31387872706, 0.10930877928, 0.051119684128, 0.045198740762]
    ],
    [
      [0.17937211915, 0.082056109361, 0.007770315124, 0.53981753816, 0.19098391821],
      [0.39970292506, 0.15479722907, 0.052992260954, 0.30805858458, 0.084449000327],
      [0.28056440166, 0.032039728487, 0.0028331270445, 0.63168108663, 0.052881656173],
      [0.40411110941, 0.36358815564, 0.1118188631, 0.080113595919, 0.040368275928]
    ],
    [
      [0.22506894596, 0.13537525425, 0.0070537321001, 0.37964150347, 0.25286056422],
      [0.43221930827, 0.20367325693, 0.080412602332, 0.18311132778, 0.10058350468],
      [0.38197574845, 0.055855121004, 0.0027852681261, 0.48249926248, 0.076884599938],
      [0.35325465296, 0.43434477239, 0.13338786555, 0.040041757856, 0.038970951245]
    ],
    [
      [0.18761251557, 0.084124738747, 0.0054209635116, 0.47259432741, 0.25024745477],
      [0.38104604441, 0.14940217607, 0.11478781674, 0.24957980267, 0.10518416011],
      [0.30681942887, 0.036134620115, 0, 0.58263569983, 0.07441025118],
      [0.3375835752, 0.29679051709, 0.26353893751, 0.058237734681, 0.043849235521]
    ],
    [
      [0.24476478251, 0.08657437521, 0.0054314769595, 0.40522919775, 0.25800016757],
      [0.45481854928, 0.14020643859, 0.11668100409, 0.19022511415, 0.0980688939],
      [0.39645745392, 0.035797296634, 0, 0.49273847944, 0.075006770008],
      [0.38642631789, 0.26694189915, 0.2635526478, 0.043246382861, 0.039832752296]
    ],
    [
      [0.17036828551, 0.05801415279, 0.0040717599847, 0.49255395248, 0.27499184924],
      [0.39774718501, 0.11691999691, 0.058725374893, 0.2940948904, 0.13251255279],
      [0.28333715325, 0.024109309225, 0.0016315047547, 0.60975061232, 0.081171420452],
      [0.43313695876, 0.28955133077, 0.12728178508, 0.083559769425, 0.066470155967]
    ],
    [
      [0.19962442396, 0.079542734607, 0.0045063667235, 0.40813734299, 0.30818913172],
      [0.43139501679, 0.14782039766, 0.059374648623, 0.22651781803, 0.1348921189],
      [0.34530491902, 0.034214850998, 0.0016876330043, 0.52474952157, 0.094043075402],
      [0.42656467369, 0.33494939529, 0.11759768298, 0.058407505497, 0.062480742544]
    ],
    [
      [0.14163319237, 0.060880265546, 0.0041672903423, 0.55586157949, 0.23745767226],
      [0.34695221507, 0.13060064949, 0.05601844923, 0.34230715357, 0.12412153264],
      [0.23086149262, 0.024837466092, 0.0015466220712, 0.67390354326, 0.068850875955],
      [0.3898902486, 0.32436159559, 0.1226353397, 0.10046722827, 0.062645587836]
    ],
    [
      [0.26563210365, 0.091122315498, 0.0023245851151, 0.42035914713, 0.22056184861],
      [0.51448274677, 0.15398354288, 0.032994414814, 0.21162090616, 0.086918389379],
      [0.4145849555, 0.035918021996, 0.00012970011327, 0.48815710847, 0.061210213915],
      [0.49683849728, 0.33613768764, 0.074456464514, 0.053068997927, 0.039498352639]
    ],
    [
      [0.20067329994, 0.061715321513, 0.0055383625846, 0.53170052795, 0.20037248801],
      [0.43997044405, 0.11583626596, 0.061626799623, 0.29566450293, 0.086901987441],
      [0.30921828019, 0.023834849742, 0.0022478913683, 0.61002440769, 0.054674571015],
      [0.4649083904, 0.27990524187, 0.12911941449, 0.081883149927, 0.044183803312]
    ],
    [
      [0.19538690732, 0.066288767598, 0.0049322558104, 0.36286694919, 0.37052512008],
      [0.4407109602, 0.12877335406, 0.061690123342, 0.20966850795, 0.15915705444],
      [0.35625540055, 0.030453333513, 0.0022797523665, 0.4931371205, 0.11787439307],
      [0.44476281144, 0.29531760571, 0.12511887223, 0.055603348992, 0.079197361634]
    ],
    [
      [0.20117466089, 0.039130404181, 0.0012952518004, 0.50767781787, 0.25072186526],
      [0.47256942766, 0.070584216537, 0.028724504355, 0.30425380642, 0.12386804503],
      [0.31657336278, 0.015404818334, 0.00023564627702, 0.59744107218, 0.07034510043],
      [0.54345804216, 0.2155770425, 0.083192221224, 0.092216978409, 0.065555715705]
    ],
    [
      [0.24365908765, 0.06244577831, 0.0063878283748, 0.37985809044, 0.30764921522],
      [0.49650917698, 0.10867451569, 0.069686701931, 0.19643962721, 0.12868997818],
      [0.40871154948, 0.025953293809, 0.0022784255547, 0.47215631801, 0.09090041315],
      [0.4989099673, 0.25006733568, 0.13953986872, 0.051356517165, 0.06012631114]
    ],
    [
      [0.23729160796, 0.068567023446, 0.0035117726295, 0.45749535669, 0.23313423928],
      [0.48885940891, 0.12232244674, 0.046144297096, 0.24401591129, 0.098657935967],
      [0.37327530843, 0.026963800585, 0.001141445852, 0.53357597659, 0.065043468547],
      [0.50475953176, 0.28462562507, 0.098153249205, 0.06512155847, 0.047340035495]
    ],
    [
      [0.19891763547, 0.059432257949, 0.0057784967059, 0.48023987033, 0.25563173955],
      [0.42970643744, 0.10972893786, 0.084246470556, 0.26617167093, 0.11014648321],
      [0.31961341695, 0.024756202269, 0.0045884677186, 0.57427916484, 0.076762748224],
      [0.4312143119, 0.25775438486, 0.18865468137, 0.069111200896, 0.053265420973]
    ],
    [
      [0.20502645216, 0.10002257186, 0.00077720736398, 0.4446182066, 0.24955556201],
      [0.43910897617, 0.18360424341, 0.025192071319, 0.24494962326, 0.10714508584],
      [0.33596647035, 0.03898627482, 0, 0.54616942568, 0.078877829144],
      [0.44135518656, 0.4141132519, 0.032927499298, 0.060936321561, 0.05066774068]
    ],
    [
      [0.22091640246, 0.072394769927, 0.0048624540653, 0.41502907652, 0.28679729702],
      [0.46849036128, 0.1300646985, 0.055483990649, 0.22555181796, 0.12040913161],
      [0.36487970095, 0.032245677169, 0.0060165786871, 0.50971048331, 0.087147559887],
      [0.46229671064, 0.30160275038, 0.12128332939, 0.057890587219, 0.056926622376]
    ],
    [
      [0.23445334452, 0.047528307045, 0.0010983385854, 0.48575413745, 0.2311658724],
      [0.51293484982, 0.088619194744, 0.024772954139, 0.27293167019, 0.1007413311],
      [0.35850572007, 0.01763449402, 0, 0.55609424729, 0.067765538621],
      [0.58332216723, 0.23157240883, 0.050851000742, 0.079658240144, 0.054596183051]
    ],
    [
      [0.18122108583, 0.11336983923, 0.0079364638327, 0.43039702913, 0.26707558198],
      [0.36501353112, 0.19670478999, 0.10789786289, 0.22281378631, 0.1075700297],
      [0.3122151596, 0.044406404096, 0.0038277829371, 0.55380929548, 0.085741357886],
      [0.30897646451, 0.39376855577, 0.20346380251, 0.049488434476, 0.044302742738]
    ],
    [
      [0.16714935776, 0.037019461479, 0, 0.37861632363, 0.41721485713],
      [0.44868926178, 0.082516938836, 0, 0.25521782311, 0.21357597627],
      [0.31763177482, 0.016584286213, 0, 0.54155837144, 0.12422556752],
      [0.56261872131, 0.23411052688, 0, 0.080817373035, 0.12245337878]
    ],
    [
      [0.24952220965, 0.10889410406, 0, 0.42818826144, 0.21339542485],
      [0.48691995396, 0.18368529684, 0.029163690613, 0.2166261517, 0.083604906878],
      [0.39228825004, 0.041701795865, 0, 0.50462885808, 0.061381096014],
      [0.45193811049, 0.4015840188, 0.056732829575, 0.05254165082, 0.037203390318]
    ],
    [
      [0.16524058251, 0.067379643581, 0.0030209466254, 0.45984975411, 0.30450907318],
      [0.39568600556, 0.13694316492, 0.040667272405, 0.28195587179, 0.14474768533],
      [0.28173428857, 0.03108389991, 0.0032811999975, 0.58830662574, 0.095593985786],
      [0.41792225157, 0.3385606797, 0.093060065742, 0.077418766772, 0.073038236214]
    ],
    [
      [0.18269668169, 0.051861705659, 0, 0.56955482443, 0.19588678822],
      [0.45125770486, 0.10529037498, 0, 0.3498969015, 0.09355501866],
      [0.27452659826, 0.024055277254, 0, 0.64505502674, 0.056363097752],
      [0.55082164498, 0.28992242479, 0, 0.10646673721, 0.052789193023]
    ],
    [
      [0.1889950551, 0.075510505823, 0.0064133941205, 0.40922253083, 0.31985851413],
      [0.41226820423, 0.13965870955, 0.081075276077, 0.22899097834, 0.13800683181],
      [0.32962085, 0.035195363289, 0.0057793363353, 0.53071608562, 0.098688364751],
      [0.39377763415, 0.31310991333, 0.17323511961, 0.056935720227, 0.062941612689]
    ],
    [
      [0.25359680567, 0.055895737665, 0.0068548924239, 0.43852336705, 0.24512919719],
      [0.50046899139, 0.094084409084, 0.087612808306, 0.22187380034, 0.095959990875],
      [0.39387737809, 0.020747374414, 0.0050815956493, 0.50940550158, 0.07088815027],
      [0.490070455, 0.21519976923, 0.19243567382, 0.056758106013, 0.045535995945]
    ],
    [
      [0.20132936208, 0.080893188617, 0.0063769350135, 0.50327835048, 0.20812216381],
      [0.42019140432, 0.14391945432, 0.079927762947, 0.26956631765, 0.086395060755],
      [0.31589851081, 0.034404174449, 0.0064275021643, 0.58641798621, 0.056851826362],
      [0.40063209736, 0.32268784092, 0.17042245709, 0.06690424195, 0.039353362679]
    ],
    [
      [0.25138728302, 0.088533804407, 0.0018156712143, 0.48759001378, 0.17067322759],
      [0.49971168903, 0.14961361897, 0.034787398159, 0.24877600281, 0.067111291031],
      [0.37675498244, 0.035943087652, 0, 0.54735479004, 0.039947139869],
      [0.49456331828, 0.34287692911, 0.069321643656, 0.066606047897, 0.026632061064]
    ],
    [
      [0.13833032483, 0.059943167419, 0.0039260505291, 0.38765651053, 0.4101439467],
      [0.35584162389, 0.13040293584, 0.051983080289, 0.25595315528, 0.2058192047],
      [0.26880919458, 0.029696583027, 0.0024634953738, 0.56364913322, 0.13538159381],
      [0.38135898826, 0.32561025169, 0.123512051, 0.079570317723, 0.089948391331]
    ],
    [
      [0.1771062159, 0.064070144156, 0.00023132355117, 0.58578945465, 0.17280286174],
      [0.41162116178, 0.12606463185, 0.032627754591, 0.34895671348, 0.080729738304],
      [0.26586802794, 0.024435600244, 0, 0.66313756063, 0.046558811187],
      [0.46220851834, 0.32545341234, 0.074266684589, 0.094933236509, 0.043138148227]
    ],
    [
      [0.15551951129, 0.066313989391, 0.0045504688466, 0.44212354779, 0.33149248268],
      [0.37522086684, 0.13577304774, 0.061325519868, 0.27076472681, 0.15691583874],
      [0.27745968184, 0.02930165227, 0.0019389570142, 0.58796809198, 0.10333161689],
      [0.38279049607, 0.32388229744, 0.14070107854, 0.075084462097, 0.077541665859]
    ],
    [
      [0.21632942089, 0.074009098796, 0.0048353958605, 0.48447225135, 0.2203538331],
      [0.45508437027, 0.13239962778, 0.062463074873, 0.25819875427, 0.091854172805],
      [0.34068020554, 0.029065697483, 0.0013011484862, 0.56787648914, 0.061076459351],
      [0.44789876908, 0.30189742554, 0.13674417835, 0.068359859609, 0.045099767426]
    ],
    [
      [0.22616548823, 0.076302372538, 0.0060371262704, 0.44356925289, 0.24792576007],
      [0.45717943771, 0.13117041023, 0.084242293002, 0.22818432198, 0.099223537089],
      [0.36435040053, 0.030541421048, 0.0016968712363, 0.53253724129, 0.070874065903],
      [0.43290848741, 0.28821432065, 0.17412376217, 0.056803928879, 0.047949500888]
    ],
    [
      [0.20693277807, 0.085098101651, 0.0056009635655, 0.51428593583, 0.18808222088],
      [0.41508286977, 0.14487612425, 0.10198940221, 0.26344702531, 0.074604578471],
      [0.32020757236, 0.033291150425, 0.00067138236211, 0.59454139572, 0.05128849913],
      [0.38854363237, 0.31366853763, 0.20140356541, 0.067198783657, 0.029185480932]
    ],
    [
      [0.24586424873, 0.09119247848, 0.0052457996006, 0.38929417733, 0.26840329586],
      [0.48605536641, 0.15354705184, 0.059364920137, 0.19591212283, 0.10512053878],
      [0.40482872845, 0.036918886812, 0.0024685107741, 0.47706168987, 0.078722184095],
      [0.45042487038, 0.33047218871, 0.12265806442, 0.045323620607, 0.051121255893]
    ],
    [
      [0.29149474375, 0.083210314339, 0.0046225478986, 0.37430145107, 0.24637094295],
      [0.4967585144, 0.12010140529, 0.13518326039, 0.1638364666, 0.084120353322],
      [0.45488432333, 0.034599526671, 0, 0.44100939194, 0.069506758061],
      [0.44524005669, 0.24504350836, 0.23765111887, 0.034326445925, 0.037738870159]
    ],
    [
      [0.22015169832, 0.044949948234, 0.0023707711564, 0.41324394141, 0.31928364087],
      [0.49490059866, 0.087018975933, 0.038548586138, 0.23749970456, 0.14203213471],
      [0.36979122611, 0.017909961279, 0.0005852352181, 0.51700608153, 0.094707495867],
      [0.54212071623, 0.21722774213, 0.090997584369, 0.07170412435, 0.077949832921]
    ],
    [
      [0.19732146507, 0.043878925843, 0.005242637608, 0.37798568907, 0.37557128241],
      [0.4500296361, 0.086502930714, 0.073730777092, 0.22132552462, 0.16841113148],
      [0.35415592394, 0.018644201434, 0.0020589084923, 0.50757736242, 0.11756360371],
      [0.47864584087, 0.20470632141, 0.17011643928, 0.065003892014, 0.081527506438]
    ],
    [
      [0.18240051306, 0.075836111274, 0.0035534096447, 0.4699948961, 0.26821506992],
      [0.41236998494, 0.14607980569, 0.049393623286, 0.27106713425, 0.12108945183],
      [0.30388031323, 0.030923071396, 0.0014307807223, 0.58403350218, 0.079732332478],
      [0.41504820359, 0.34183506959, 0.10886081746, 0.071275311285, 0.062980598082]
    ],
    [
      [0.24877398452, 0.10484706554, 0.0045888776734, 0.44057955061, 0.20121052165],
      [0.47994108099, 0.17272655576, 0.053931685769, 0.21668114032, 0.076719537164],
      [0.38890281531, 0.040629438986, 0.0014708480412, 0.51349890306, 0.055497994604],
      [0.44218658378, 0.36361557456, 0.10875944065, 0.054113912179, 0.031324488834]
    ]
  ],
  "expected_outcome": [
    [
      [10.2722889724, 10.287654967, 10.7680254305, 13.2248741721, 13.657063889, 19.1599821271, 12.5362528386, 11.2304107526, 11.3361394175, 16.6528090881, 8.2499704709, 13.4293462984, 6.6367684084, 2.9258962975, 2.2513501868, 3.4267069551, 2.0444194261, 2.7947419354, 2.1244978856, 2.1250568292, 3.8127926989, 3.1261905171, 2.4140959307, 4.6295226654, 3.5593741194, 1.3924234483, 1.6402116173, 3.5346624394, 3.0478934787, 2.7183162875, 2.0057922931, 3.2437887254, 2.3133681551, 1.4615734535, 3.4019109918, 3.043161668, 2.8186110691, 2.5138728302, 1.659963898, 3.0108056703, 2.0217536468, 2.3796236298, 2.7139858588, 2.897058893, 3.1962352335, 4.3724211562, 2.8619720782, 2.1705361158, 2.1888061568, 2.9852878142],
      [3.3263412106, 1.7456341674, 2.1329609346, 5.5597736799, 8.7504666326, 4.9866398106, 1.8945590572, 3.440993322, 5.7778876767, 4.7174918411, 2.7200849194, 4.6516651831, 3.0360760464, 1.7598783053, 1.009496865, 1.2120412529, 0.69616983348, 1.1135982845, 0.91320398318, 0.72897852399, 1.1725911087, 1.0606202816, 0.46956485017, 1.1864697879, 1.0285053517, 0.41602580564, 0.8001805749, 1.1583163188, 0.61786799159, 1.7005475884, 0.44423353775, 1.4156233528, 0.94331501013, 0.41489364527, 1.3591891048, 0.67074885198, 1.1325046406, 0.88533804407, 0.71931800903, 1.0891924507, 0.86208186208, 0.81410008675, 0.91562847045, 1.1913734231, 1.1855022202, 1.2481547151, 0.58434932704, 0.48266818428, 0.91003333529, 1.2581647865],
      [0.48145352008, 0.26466126452, 0.1878666835, 0.25927758368, 0.61856618863, 0.57220045449, 0.54802410705, 0.51222732119, 0.326733581, 0.32290701513, 0.39242057654, 0.47907536448, 0.28750165959, 0.091698517301, 0.065051562139, 0.076040677433, 0.048861119816, 0.063089134129, 0.062509355135, 0.018596680921, 0.10522888911, 0.078916092967, 0.015543021605, 0.12136873912, 0.052676589442, 0.040449476942, 0.0062176589119, 0.077799265045, 0.01427840161, 0.11904695749, 0, 0, 0.042293252756, 0, 0.11544109417, 0.082258709087, 0.089277090188, 0.018156712143, 0.047112606349, 0.0039325003699, 0.059156095006, 0.053189354466, 0.072445515244, 0.078413489917, 0.068195394808, 0.069338218478, 0.030820025033, 0.057669013688, 0.042640915737, 0.05506653208],
      [28.1450146337, 27.8153150568, 22.4959006219, 28.2771985668, 26.3634097479, 30.8451347086, 33.9701286094, 26.8401108467, 24.5323330349, 29.1909191202, 29.9969956094, 21.9169031248, 19.9732489118, 4.9353395451, 5.6711319289, 5.6732087685, 5.9106474297, 5.7139228019, 8.3379236923, 3.3628731771, 10.1023100311, 5.805871187, 6.0921338144, 7.2173037184, 6.8624303504, 3.3616790923, 3.5569456528, 6.6404652243, 6.3148037869, 6.4559554369, 4.5433958836, 5.5664473988, 6.4378965575, 4.5564385955, 7.3660055549, 5.2622804046, 7.0458969067, 4.8759001378, 4.6518781263, 9.9584207291, 5.7476061213, 5.3291947649, 5.3228310347, 7.2000031016, 5.0608243053, 5.614521766, 5.3721712384, 4.1578425798, 5.6399387532, 5.2869546073],
      [19.7749016632, 15.8867345444, 18.4152463296, 10.6788759975, 22.6104935418, 11.4360428992, 18.0510353878, 12.9762577574, 19.0269062898, 13.1158729355, 17.6405284237, 13.5230100292, 7.0664049739, 3.2871873348, 3.0029694572, 3.612002346, 3.2999021909, 4.3146478441, 3.5618650838, 1.7644947889, 3.8070772721, 5.9284019214, 3.0086623831, 5.8453350892, 3.4970135891, 1.7894221768, 1.9964444961, 4.5887567524, 3.0051563412, 4.0061337297, 5.0065782856, 2.774140523, 4.2631270245, 1.5670943058, 5.7574532543, 2.9415503663, 2.9137102933, 1.7067322759, 4.9217273604, 2.9376486496, 4.3094022748, 2.4238921641, 2.9751091208, 2.6331510923, 3.4892428461, 3.6955641442, 4.1506873314, 4.1312841065, 3.2185808391, 2.4145262598]
    ],
    [
      [5.6651005881, 4.8398102867, 8.3478623592, 7.3791038682, 2.2461452729, 5.5985260917, 4.8246139989, 5.3058329077, 6.1158745477, 4.2541428666, 5.9913088222, 10.0256013918, 10.7919789767, 27.6620357295, 22.48171662, 28.1987500552, 28.2400501357, 29.7662561585, 22.8988461948, 36.0137922737, 25.5182857547, 26.8833685722, 34.0249987916, 28.797532265, 31.2870021703, 5.1564772493, 5.269307714, 4.6849036128, 4.6164136484, 5.4752029668, 5.3842711414, 4.3822795857, 6.3309760889, 3.6100616388, 4.9472184507, 4.0037519311, 5.0422968519, 3.9976935122, 4.2700994867, 4.9394539413, 3.0017669347, 5.0059280729, 4.1146149393, 5.8111601767, 5.3466090305, 5.9611021728, 6.4337077826, 6.3004149054, 7.010289744, 6.7191751338],
      [1.5451052588, 0.88971900904, 1.5817478991, 2.6949540195, 1.5483779092, 1.109392337, 0.85783793172, 1.3693551002, 2.7766128336, 0.97181420097, 1.6646842762, 2.8272913392, 4.179525185, 13.0350884437, 8.814728388, 8.6927991926, 8.3013197804, 10.1996074385, 8.619642866, 10.7788480013, 6.7185034259, 7.8551745979, 5.0820635906, 6.3031219102, 7.8286365912, 1.3167472543, 2.2032509209, 1.300646985, 0.79757275269, 2.9505718498, 0.99020326603, 1.6531676716, 2.1910906387, 0.84232299987, 1.6759045145, 0.75267527267, 1.7270334519, 1.1969089518, 1.56483523, 1.5127755822, 1.0861843819, 1.4563959056, 1.180533692, 2.0282657394, 1.6890175703, 1.4412168634, 1.1312466871, 1.21104103, 2.4833566967, 2.4181717807],
      [0.74506444892, 0.40241402625, 0.6525226648, 0.61387040651, 0.29316336096, 0.44267277929, 0.5523306772, 0.87785835611, 0.62931099224, 1.1814799931, 1.5521376625, 1.0705669704, 1.4307910458, 5.1464065492, 6.7724811877, 7.2342222533, 4.1695016174, 4.096850755, 3.6972176492, 2.309609037, 3.5743543782, 3.7630975238, 2.0681643135, 4.041828712, 2.9532350141, 1.0109576467, 0.30230485582, 0.55483990649, 0.22295658725, 1.6184679433, 0, 0.26247321552, 0.65067635848, 0, 0.97290331292, 0.70090246645, 0.95913315536, 0.27829918527, 0.62379696347, 0.3915330551, 0.49060415895, 0.6870938236, 0.75818063702, 1.4278516309, 0.65301412151, 1.6221991247, 0.5011316198, 1.0322308793, 0.83969159586, 0.75504360077],
      [3.9055956688, 3.3873173622, 4.5245853395, 4.0893627986, 1.1532240873, 2.1846127825, 3.3881546711, 3.2366947777, 3.4233107005, 1.9116493789, 5.356791064, 4.1108778971, 8.3175817837, 11.719124978, 14.7252083578, 11.793957077, 20.8807372182, 15.6297294439, 22.5922721357, 14.8134634314, 17.1485411697, 12.7897789851, 21.9062740622, 11.3934983783, 15.6170183224, 3.1940600512, 2.9393954792, 2.2555181796, 2.4563850317, 3.3422067946, 3.0626138773, 1.9496353653, 4.5112939486, 2.799175212, 2.7478917401, 1.7749904027, 3.2347958118, 1.9902080225, 3.0714378634, 4.1874805617, 2.1661178145, 2.840186297, 2.0536588978, 3.6882583544, 2.1550333511, 1.9660375992, 3.0874961593, 3.0985573447, 4.6081412822, 3.0335359644],
      [2.1391340354, 1.4807393158, 2.8932817374, 1.2227089072, 0.75908936962, 0.66479600957, 1.377062721, 1.2102588583, 2.054890926, 0.68091356045, 2.435078175, 1.9656624015, 2.2801230088, 6.4373442996, 6.2058654465, 6.0802714218, 9.4083912483, 9.3075562041, 8.1920211542, 6.0842872565, 5.0403152716, 9.708580321, 8.918499242, 7.4640187345, 6.3141079019, 1.3217577985, 1.2857410301, 1.2040913161, 0.90667197994, 1.6135504455, 2.5629117153, 0.75244416191, 2.3159629653, 0.74844014928, 1.6560819817, 0.767679927, 1.0367407291, 0.53689032825, 2.4698304564, 0.96875685965, 1.2553267099, 1.0103959009, 0.89301183381, 1.0444640986, 1.1563259266, 1.0094442399, 1.8464177512, 2.3577558407, 2.0585206812, 1.0740735203]
    ],
    [
      [2.9248306887, 5.665113381, 5.1256849034, 4.1957822156, 3.3573378889, 5.6593294412, 2.0905956494, 3.5939965986, 3.9287663, 5.5675549325, 2.475900268, 5.2986294158, 4.4890304266, 3.8197574845, 5.2159302908, 3.9645745392, 3.1167086857, 3.4530491902, 2.0777534336, 5.3896044215, 4.0198376425, 4.9875756077, 1.5828668139, 4.0871154948, 4.1060283927, 21.4140989358, 19.8220217509, 24.0820602627, 22.5858603644, 17.1718337781, 22.2342242377, 25.4987362526, 16.3405887371, 19.2168618779, 20.1068718502, 25.6020295759, 20.5334032028, 16.2004642448, 4.5697563078, 2.3928122515, 3.3295161821, 1.0220406166, 5.4652560079, 3.2020757236, 6.8820883837, 7.7330334966, 5.1770771655, 3.8957151634, 4.5582046984, 3.1112225225],
      [0.23304222171, 0.25325705476, 0.26900006516, 0.4457915923, 0.63817839128, 0.34061139246, 0.10355188564, 0.27198183695, 0.51216253974, 0.38354659109, 0.19956326792, 0.44062002594, 0.51263565579, 0.55855121004, 0.61428854196, 0.35797296634, 0.26520240147, 0.34214850998, 0.22353719483, 0.46693428595, 0.30985304665, 0.42634666918, 0.077024091669, 0.25953293809, 0.29660180644, 1.658665552, 2.3001902144, 2.1282146932, 1.1109731233, 2.4423522253, 1.1609000349, 2.7106167313, 1.8028661948, 1.6838694078, 2.1469171607, 1.3485793369, 2.2362713392, 1.545552769, 0.50484191146, 0.2199204022, 0.35161982724, 0.087197092448, 0.45812131572, 0.33291150425, 0.62762107581, 0.58819195341, 0.2507394579, 0.20508621577, 0.46384607094, 0.32503551189],
      [0.016711251941, 0.028012040079, 0.015132140393, 0.012965070952, 0.017790655227, 0.023962801909, 0.0095504326464, 0.024241140763, 0.016045048878, 0.021512776132, 0.017678084895, 0.029343534482, 0.045330032712, 0.027852681261, 0, 0, 0.017946552302, 0.016876330043, 0.013919598641, 0.0016861014726, 0.029222587788, 0.031916533131, 0.0011782313851, 0.022784255547, 0.012555904373, 0.30742733714, 0, 0.39709419335, 0, 0.21052806154, 0, 0, 0.19030959986, 0, 0.35253951645, 0.33030371721, 0.41778764068, 0, 0.041879421355, 0, 0.023267484171, 0.0039034454586, 0.025453068544, 0.0067138236211, 0.04196468316, 0, 0.0081932930533, 0.022647993415, 0.021461710834, 0.01176678433],
      [5.8419679853, 11.4845442951, 8.0130560211, 6.7271747235, 4.9729458674, 6.3868083755, 4.2637204429, 6.3777872121, 6.3678815687, 7.2396831349, 6.4116718717, 6.3076630844, 10.1068973862, 4.8249926248, 9.9048068971, 4.9273847944, 6.7072567356, 5.2474952157, 6.0651318893, 6.3460424102, 7.9303172999, 6.903919687, 2.9872053609, 4.7215631801, 5.8693357425, 38.476704044, 32.2239961152, 33.6408918983, 35.0339375792, 30.4595112513, 37.9090860009, 32.8008757752, 34.1217842927, 45.1538518717, 32.3736812229, 33.1113576024, 38.1171691039, 23.5362559718, 9.5820352647, 5.9682380456, 7.0556171038, 1.7036294674, 7.9880586193, 5.9454139572, 8.1100487277, 7.4971596629, 7.2380851414, 5.5833509866, 8.7605025327, 4.1079912245],
      [0.98344785236, 1.5690732291, 1.5771268699, 0.61828639771, 1.0137471972, 0.58928798887, 0.53258158938, 0.73199321162, 1.1751445426, 0.78770256542, 0.89518650743, 0.92374393941, 0.84610649876, 0.76884599938, 1.2649742701, 0.75006770008, 0.89288562497, 0.94043075402, 0.61965788359, 0.79573278089, 0.71076942319, 1.650241503, 0.35172550215, 0.9090041315, 0.71547815401, 5.143104131, 4.6537919195, 5.7517389525, 4.2692289331, 4.7157746837, 8.6957897265, 3.9897712409, 5.5444511756, 3.9454168426, 6.0199902498, 4.6077297676, 3.6953687135, 1.7177270144, 2.3014870947, 0.41902930069, 1.2399794027, 0.18322937805, 1.0631109885, 0.5128849913, 1.3382771296, 1.181614887, 1.3259049421, 1.2931996408, 1.1959849872, 0.44398395683]
    ],
    [
      [6.1377797508, 7.2074213654, 6.7584273069, 6.2002397441, 3.7394529492, 5.58216234, 7.5485375131, 9.8697597411, 4.6192197348, 5.5254931128, 5.2828204388, 6.246422894, 8.0822221883, 4.5923104884, 4.0510029024, 5.4099684504, 2.5988217525, 2.9859527158, 3.898902486, 4.4715464756, 4.649083904, 4.0028653029, 5.9780384637, 6.4858295749, 5.0475953176, 6.0370003666, 9.2684589178, 3.6983736851, 8.7498325085, 4.6346469676, 3.3757123278, 5.8751954364, 5.0150670189, 7.7115030297, 3.5439987073, 7.351056825, 3.6056888763, 19.2879694128, 22.5001803075, 28.6569281369, 25.6469632364, 33.5924076807, 27.706143194, 24.0897052067, 26.5750673523, 24.9334431744, 32.5272429737, 30.6333338155, 23.2426994008, 29.1843145295],
      [3.8955113089, 3.1113897688, 3.0162911012, 5.2994807083, 6.0629770668, 2.56335646, 3.1440511254, 5.9176697409, 4.9333369499, 2.9271473669, 3.4156675364, 4.0804234518, 7.2717631128, 5.646482041, 3.5614862051, 3.7371865881, 1.7373079846, 2.3446457671, 3.2436159559, 3.0252391887, 2.7990524187, 2.6578584513, 2.3713474675, 3.2508753638, 2.8462562507, 3.608561388, 8.6963782898, 2.412822003, 3.4735861324, 5.9065283365, 1.4046631613, 5.2205922444, 4.0627281564, 4.0589139471, 2.81798922, 3.2279965384, 2.9041905683, 13.3722002351, 19.2110048495, 20.178111565, 21.7001139287, 22.6423069152, 18.4457165218, 19.4474493332, 19.4978591337, 13.7224364681, 13.0336645279, 13.10120457, 19.142763897, 23.9986279209],
      [1.7567707791, 1.3049126691, 1.1444785113, 1.1138869389, 1.0704797952, 0.96116396431, 1.8900947831, 3.5856731819, 1.0279103779, 3.4741002156, 3.0377636761, 1.4210141306, 2.2363772619, 1.7340422522, 3.1624672501, 3.6897370692, 0.76369071048, 0.82318378084, 1.226353397, 0.67010818063, 1.2911941449, 1.1260698501, 0.91511443346, 1.8140182933, 0.98153249205, 2.6411655392, 0.69147748526, 0.97026663511, 0.76276501114, 3.0519570376, 0, 0.73752678448, 1.1167207889, 0, 1.5591160765, 2.8865351073, 1.5338021138, 2.7035441026, 7.2872110088, 4.6045344445, 9.4269722619, 10.2558133765, 11.1439207792, 12.4870210556, 7.2368258005, 13.3084626568, 5.4598550621, 10.8874521136, 6.0962057776, 7.1781230828],
      [1.1074217122, 1.3128232859, 0.96645801744, 0.90626391111, 0.51042029741, 0.58344413339, 1.3779962766, 1.5454071635, 0.67647469583, 0.65774836601, 1.2345414549, 0.66455589366, 1.6022719184, 0.52054285213, 0.69885281617, 0.60544936005, 0.50135861655, 0.40885253848, 1.0046722827, 0.47762098134, 0.81883149927, 0.50043014093, 1.0143867625, 0.66763472314, 0.6512155847, 0.96755681254, 1.2796627528, 0.46312469775, 1.1948736022, 0.74232651713, 0.48490423821, 0.68304146066, 0.92902520126, 1.4905343209, 0.51242148204, 0.85137159019, 0.60213817755, 2.597635868, 4.6946487456, 5.8858606635, 5.0306589605, 5.1269894707, 3.6354514483, 4.1663245867, 2.6740936158, 1.9222809718, 4.302247461, 4.1602490889, 3.991417432, 3.5715182038],
      [1.102516449, 1.0634529107, 1.1143450631, 0.48012869764, 0.61666989135, 0.30987310235, 1.0393203018, 1.0814901727, 0.74305824159, 0.41551093867, 1.0292068938, 0.5875836299, 0.80736551856, 0.50662236618, 0.52619082625, 0.55765853215, 0.3988209358, 0.43736519781, 0.62645587836, 0.35548517375, 0.44183803312, 0.71277625471, 0.72111287276, 0.78164204482, 0.47340035495, 0.74571589363, 1.0640225543, 0.455412979, 0.81894274576, 0.66454114108, 0.73472027267, 0.48364407414, 0.87645883456, 0.73904870232, 0.5664745142, 0.68303993917, 0.35418026411, 1.0386503815, 5.3069550885, 2.6745651901, 5.1952916125, 3.3824825569, 3.0687680568, 1.8094998178, 3.0161540977, 2.1133767289, 4.6769899753, 5.2177604121, 3.5269134926, 2.067416263]
    ]
  ],
  "prob": [
    [0.20661621511, 0.070648835398, 0.0058365551828, 0.45389920544, 0.26299918887],
    [0.44077897073, 0.13203767137, 0.062069950575, 0.24977077862, 0.1153426287],
    [0.33787296616, 0.029994429844, 0.0022939644489, 0.55154918982, 0.078289449733],
    [0.443531848, 0.30251906339, 0.13299952979, 0.066380826123, 0.054568732696]
  ],
  "iterations": 19,
  "logLik": -488.7734876933,
  "time": 0.011291,
  "message": "Converged",
  "status": 0,
  "miniter": 0,
  "maxiter": 1000,
  "maxtime": 3600,
  "param_threshold": 0.001,
  "ll_threshold": "-Inf",
  "initial_prob": "group_proportional",
  "adjust_prob_cond_method": "project_lp",
  "adjust_prob_cond_every": false
}
