{
  "X": [
    [33, 10, 48, 8, 1],
    [41, 12, 37, 6, 4],
    [37, 10, 44, 5, 4],
    [39, 14, 38, 5, 4],
    [31, 9, 47, 7, 6],
    [38, 10, 38, 9, 5],
    [43, 6, 42, 4, 5],
    [41, 9, 43, 3, 4],
    [46, 9, 35, 6, 4],
    [39, 11, 35, 7, 8],
    [33, 12, 39, 7, 9],
    [38, 13, 38, 9, 2],
    [26, 21, 37, 8, 8],
    [23, 28, 30, 10, 9],
    [21, 18, 35, 15, 11],
    [20, 20, 32, 16, 12],
    [26, 20, 27, 20, 7],
    [24, 18, 41, 11, 6],
    [25, 17, 41, 10, 7],
    [27, 15, 37, 12, 9],
    [25, 20, 35, 11, 9],
    [22, 20, 36, 14, 8],
    [22, 19, 40, 12, 7],
    [28, 19, 32, 13, 8],
    [26, 20, 33, 13, 8],
    [34, 24, 29, 10, 3],
    [37, 28, 20, 5, 10],
    [35, 26, 23, 13, 3],
    [42, 21, 19, 9, 9],
    [31, 31, 26, 5, 7],
    [39, 21, 27, 7, 6],
    [40, 22, 25, 9, 4],
    [36, 26, 24, 10, 4],
    [34, 31, 21, 9, 5],
    [43, 24, 21, 8, 4],
    [33, 27, 15, 16, 9],
    [40, 18, 27, 9, 6],
    [34, 31, 21, 6, 8],
    [40, 30, 15, 11, 4],
    [36, 34, 18, 9, 3],
    [37, 25, 24, 9, 5],
    [40, 32, 21, 3, 4],
    [39, 34, 18, 5, 4],
    [33, 33, 21, 11, 2],
    [46, 28, 17, 8, 1],
    [38, 30, 18, 10, 4],
    [47, 23, 21, 5, 4],
    [43, 22, 21, 8, 6],
    [50, 25, 15, 8, 2],
    [44, 26, 23, 4, 3]
  ],
  "W": [
    [66, 12, 11, 11],
    [62, 16, 12, 10],
    [61, 16, 13, 10],
    [63, 9, 11, 17],
    [63, 12, 13, 12],
    [60, 16, 17, 7],
    [63, 4, 17, 16],
    [69, 4, 13, 14],
    [60, 11, 13, 16],
    [59, 11, 14, 16],
    [58, 18, 11, 13],
    [57, 11, 18, 14],
    [33, 39, 13, 15],
    [15, 54, 13, 18],
    [17, 65, 11, 7],
    [12, 69, 7, 12],
    [10, 61, 14, 15],
    [11, 63, 18, 8],
    [13, 65, 13, 9],
    [9, 65, 13, 13],
    [19, 59, 10, 12],
    [11, 65, 11, 13],
    [9, 70, 9, 12],
    [14, 63, 13, 10],
    [13, 66, 8, 13],
    [19, 10, 57, 14],
    [9, 14, 64, 13],
    [18, 15, 58, 9],
    [16, 8, 57, 19],
    [18, 9, 64, 9],
    [12, 11, 59, 18],
    [15, 10, 59, 16],
    [14, 10, 68, 8],
    [16, 9, 64, 11],
    [12, 13, 65, 10],
    [11, 20, 60, 9],
    [15, 10, 54, 21],
    [7, 14, 39, 40],
    [8, 15, 13, 64],
    [10, 13, 15, 62],
    [14, 14, 10, 62],
    [16, 13, 15, 56],
    [14, 9, 10, 67],
    [16, 17, 17, 50],
    [10, 11, 12, 67],
    [12, 11, 14, 63],
    [8, 16, 15, 61],
    [7, 18, 14, 61],
    [12, 8, 17, 63],
    [14, 8, 14, 64]
  ],
  "method": "mvn_cdf",
  "mvncdf_method": "genz",
  "mvncdf_samples": 5000,
  "mvncdf_error": 0.001,
  "cond_prob": [
    [
      [0.34327664909, 0.016574186987, 0.59600423746, 0.042076745783, 0.0020681806736],
      [0.11498249688, 0.16119217098, 0.44192149317, 0.23820763281, 0.043696206161],
      [0.35924857507, 0.28735873224, 0.19070753518, 0.1359294765, 0.026755681018],
      [0.45565607922, 0.34644105023, 0.11480722931, 0.079019903924, 0.0040757373106]
    ],
    [
      [0.45628305317, 0.016924452896, 0.46540635192, 0.030989805992, 0.030396336024],
      [0.16083816179, 0.21634978844, 0.36484685941, 0.16730162209, 0.09066356827],
      [0.42219370223, 0.32020139948, 0.1305298251, 0.079931850263, 0.047143222925],
      [0.50707156881, 0.36466705117, 0.074089852914, 0.044262387196, 0.0099091399097]
    ],
    [
      [0.39072477477, 0.012378189076, 0.54526173875, 0.022858472923, 0.028776824479],
      [0.14750139537, 0.16399867586, 0.45828750235, 0.13935634695, 0.090856079462],
      [0.42581435343, 0.2676741077, 0.18070086697, 0.073618620015, 0.052192051884],
      [0.52701798185, 0.31411882525, 0.10573226278, 0.041888954026, 0.011241976089]
    ],
    [
      [0.41202341289, 0.016139071511, 0.5043113121, 0.03094013488, 0.036586068612],
      [0.13758057537, 0.23099102982, 0.37355600329, 0.15840354761, 0.099468843911],
      [0.37294929793, 0.35598165296, 0.1384935283, 0.078699811467, 0.053875709344],
      [0.45305044306, 0.41108947317, 0.078997323331, 0.044673038116, 0.012189722321]
    ],
    [
      [0.31075793198, 0.0089619058346, 0.59607786253, 0.036518913614, 0.047683386044],
      [0.10436407051, 0.12859006611, 0.44141302918, 0.19234392616, 0.13328890803],
      [0.34937540035, 0.24351780599, 0.20141793463, 0.11727758661, 0.088411272406],
      [0.46900010288, 0.31054897176, 0.12764209669, 0.072214391873, 0.020594436793]
    ],
    [
      [0.42113550663, 0.013453090105, 0.48743656655, 0.040298011699, 0.037676825019],
      [0.13898701338, 0.1587372785, 0.35780500242, 0.24242934337, 0.10204136232],
      [0.40662288256, 0.26220085038, 0.14290100506, 0.12849787273, 0.059777389268],
      [0.51364119783, 0.31365766873, 0.085658411744, 0.074112281096, 0.012930440595]
    ],
    [
      [0.38379033821, 0, 0.54988702363, 0.022946999976, 0.043375638178],
      [0.15350779171, 0.096390059069, 0.48197736788, 0.13366950746, 0.13445527388],
      [0.49832650027, 0.13916392762, 0.20292147582, 0.076124953933, 0.083463142357],
      [0.60847668882, 0.20304081214, 0.12372143442, 0.045346047175, 0.019415017452]
    ],
    [
      [0.39389183408, 0.011215038288, 0.54087939411, 0.017420771179, 0.036592962343],
      [0.15148102031, 0.15765660094, 0.46033574028, 0.11963993205, 0.11088670644],
      [0.43485189303, 0.25734571787, 0.18092929196, 0.06289076662, 0.063982330528],
      [0.54017605413, 0.30357440158, 0.10613557499, 0.035844792455, 0.014269176838]
    ],
    [
      [0.4681796304, 0.0075837768998, 0.45858390317, 0.032661668458, 0.032991021069],
      [0.18059281747, 0.14479056592, 0.38921962168, 0.18423478295, 0.10116221197],
      [0.48947587269, 0.22074154049, 0.14403253426, 0.09111919905, 0.054630853506],
      [0.59746967743, 0.2551648209, 0.083195439101, 0.051822980774, 0.012347081788]
    ],
    [
      [0.4092950575, 0.013205846017, 0.47684610408, 0.039533325871, 0.061119666539],
      [0.12651738411, 0.14690387395, 0.32642346865, 0.19275554219, 0.2073997311],
      [0.38230756885, 0.25208215167, 0.13614065051, 0.10700582613, 0.12246380284],
      [0.50672465115, 0.31723514676, 0.085590787332, 0.065571327728, 0.024878087026]
    ],
    [
      [0.36823087573, 0.017038840629, 0.51736013381, 0.036922625876, 0.060447523958],
      [0.11096321743, 0.16707240269, 0.34369215431, 0.16916676406, 0.20910546152],
      [0.34045333982, 0.29138860968, 0.14587328604, 0.095296286647, 0.12698847782],
      [0.45386804277, 0.36916686836, 0.092465178088, 0.058863599467, 0.02563631132]
    ],
    [
      [0.40276637026, 0.017234964846, 0.52398831346, 0.043159468402, 0.012850883028],
      [0.13053045267, 0.17489050573, 0.37524030323, 0.26320472886, 0.056134009514],
      [0.38363014029, 0.29201212822, 0.15230621266, 0.14029909264, 0.03175242618],
      [0.47865281361, 0.34554236662, 0.09025078351, 0.079948186862, 0.0056058493931]
    ],
    [
      [0.351352173, 0.015419765745, 0.55945337888, 0.026403761147, 0.047370921226],
      [0.10926489146, 0.22718196048, 0.38885226863, 0.14135268001, 0.13334819942],
      [0.31904824753, 0.37730455709, 0.15409050674, 0.074445530016, 0.075111158623],
      [0.39976135375, 0.44840613532, 0.091308228833, 0.043208631428, 0.017315650672]
    ],
    [
      [0.38086475084, 0.019232196918, 0.52639349898, 0.02758648145, 0.045923071808],
      [0.11663255742, 0.25358678612, 0.35183824452, 0.14618434844, 0.1317580635],
      [0.31286736025, 0.41328097876, 0.13192532529, 0.072505054904, 0.069421280796],
      [0.38453305297, 0.48028765955, 0.077211282343, 0.041649013821, 0.016318991314]
    ],
    [
      [0.37434851033, 0.015266903451, 0.52798656062, 0.035091355627, 0.047306669969],
      [0.11660306987, 0.18105677207, 0.36487099792, 0.19660922332, 0.14085993682],
      [0.35257066821, 0.3058608979, 0.15119617472, 0.10730627565, 0.083065983519],
      [0.45408549039, 0.37247179709, 0.09206509757, 0.063354058047, 0.018023556908]
    ],
    [
      [0.37594809737, 0.016492640397, 0.51681748275, 0.037400433485, 0.053341345995],
      [0.11322138447, 0.18772271318, 0.34429363848, 0.202742632, 0.15201963187],
      [0.34053306425, 0.31564300796, 0.14254373946, 0.11038790047, 0.09089228786],
      [0.44105132109, 0.38664333754, 0.08701024799, 0.065769823885, 0.019525269495]
    ],
    [
      [0.44134321011, 0.015659257264, 0.46342783467, 0.048076196091, 0.031493501873],
      [0.14149506332, 0.17825014766, 0.31920553236, 0.26645628147, 0.094592975196],
      [0.39414371415, 0.28178326389, 0.1261548199, 0.14552606855, 0.052392133508],
      [0.49582380257, 0.33501218172, 0.07520111339, 0.081869327317, 0.012093575012]
    ],
    [
      [0.36151826459, 0.011808149735, 0.58316392959, 0.021496446953, 0.022013209137],
      [0.13786146229, 0.16418169827, 0.47802292372, 0.14292514597, 0.077008769755],
      [0.40513070097, 0.27430599525, 0.19657845651, 0.077908831384, 0.046076015888],
      [0.50570929349, 0.32364443092, 0.11641754539, 0.044611990332, 0.0096167398678]
    ],
    [
      [0.3865509464, 0.01151997199, 0.55758962813, 0.019175760364, 0.02516369311],
      [0.14851791888, 0.16326523734, 0.46683099922, 0.13051346945, 0.090872375117],
      [0.42722596695, 0.26499183632, 0.18648533841, 0.069946468419, 0.051350389894],
      [0.52969282215, 0.31034511831, 0.1092233873, 0.039781723543, 0.010956948703]
    ],
    [
      [0.41029983951, 0.0087279417472, 0.52581628912, 0.022980040022, 0.032175889597],
      [0.15460536105, 0.13138118665, 0.44051207295, 0.15559642871, 0.11790495064],
      [0.45218954668, 0.22459066391, 0.17562465822, 0.081835030921, 0.065760100266],
      [0.56765298994, 0.26630713546, 0.10394216149, 0.047350490124, 0.014747222986]
    ],
    [
      [0.40104984332, 0.015404821104, 0.51802953535, 0.026065858551, 0.039449941674],
      [0.13416558372, 0.20192346431, 0.38338736406, 0.15528173351, 0.1252418544],
      [0.37988882283, 0.32327920464, 0.14908618746, 0.079609244957, 0.068136540118],
      [0.47211627576, 0.38008599651, 0.087226872859, 0.045586163427, 0.014984691444]
    ],
    [
      [0.3658866888, 0.014121525019, 0.55717580114, 0.030314750494, 0.032501234548],
      [0.12176485989, 0.18063831549, 0.41081693565, 0.18210500005, 0.10467488892],
      [0.36669072835, 0.30532763945, 0.16910813444, 0.098514943416, 0.060358554344],
      [0.46361019372, 0.36496682185, 0.10059814549, 0.057388335664, 0.013436503284]
    ],
    [
      [0.36459086536, 0.012767281816, 0.57374993705, 0.023214392809, 0.025677522962],
      [0.13301572959, 0.17387374456, 0.45485527211, 0.15004015133, 0.088215102417],
      [0.39166992144, 0.28950975832, 0.18656972048, 0.080940589867, 0.051310009903],
      [0.49021265396, 0.34236204331, 0.10977116956, 0.046649546919, 0.01100458625]
    ],
    [
      [0.46631415684, 0.013915506197, 0.46114539778, 0.02744844137, 0.031176497809],
      [0.16306512947, 0.18898822398, 0.36570309837, 0.17537780377, 0.10686574441],
      [0.4451855396, 0.28189897656, 0.13369222993, 0.084290796131, 0.054932457783],
      [0.54110866329, 0.32342381072, 0.076667024491, 0.047113983331, 0.011686518178]
    ],
    [
      [0.44454214698, 0.014635550728, 0.48179402739, 0.027464718407, 0.031563556497],
      [0.15366511412, 0.19588311614, 0.37250697886, 0.17200477597, 0.10594001491],
      [0.42224798381, 0.29921968852, 0.13915539093, 0.08414840485, 0.055228531889],
      [0.51546697591, 0.3452072821, 0.079844147037, 0.047496631365, 0.011984963588]
    ],
    [
      [0.32959401817, 0.013205741718, 0.60694962478, 0.032603066409, 0.017647548922],
      [0.11410355276, 0.16934166321, 0.46326239809, 0.19213764374, 0.061154742209],
      [0.35572822366, 0.29894785507, 0.1961435406, 0.11491926969, 0.034261110979],
      [0.45144066989, 0.35826046687, 0.11822509529, 0.064911923482, 0.0071618444707]
    ],
    [
      [0.41215012644, 0.016092355136, 0.49529769457, 0.016725591234, 0.059734232618],
      [0.13871320012, 0.19857188787, 0.36690523052, 0.10471357358, 0.19109610791],
      [0.3905630553, 0.3156868098, 0.14534158001, 0.046722234003, 0.10168632089],
      [0.4886637324, 0.3747081959, 0.084906646195, 0.030250513277, 0.02147091223]
    ],
    [
      [0.41463685357, 0.017836403683, 0.50312642532, 0.045056218599, 0.019344098832],
      [0.12985806542, 0.20479258355, 0.34646646484, 0.25817530638, 0.060707579812],
      [0.37077895216, 0.33009163775, 0.13846647337, 0.13163145588, 0.029031480844],
      [0.45372071439, 0.3846378879, 0.079519101789, 0.075748225379, 0.0063740705437]
    ],
    [
      [0.43778764078, 0.011488397026, 0.45674271284, 0.032826299392, 0.061154949963],
      [0.14286580827, 0.15037087355, 0.32913844559, 0.18301053973, 0.19461433286],
      [0.41502700135, 0.24373134396, 0.13206532093, 0.10314294538, 0.10603338839],
      [0.53662801076, 0.3010806344, 0.080593986152, 0.059555105547, 0.022142263142]
    ],
    [
      [0.33945060265, 0.017075883748, 0.58381426139, 0.017577280312, 0.042081971899],
      [0.1105775341, 0.2386650051, 0.41856600712, 0.10838738139, 0.12380407229],
      [0.31775824977, 0.3814778873, 0.16946483772, 0.053377437659, 0.07792158755],
      [0.39535148444, 0.45889602885, 0.097611068509, 0.032440723526, 0.01570069467]
    ],
    [
      [0.34580671962, 0.0087487068336, 0.59517611572, 0.019770795309, 0.03049766252],
      [0.1307392723, 0.13803834217, 0.49633292866, 0.1299676658, 0.10492179107],
      [0.40756718418, 0.23885282761, 0.20562118216, 0.076862370713, 0.07109643534],
      [0.52031797238, 0.29357094028, 0.12592081382, 0.044345903355, 0.015844370164]
    ],
    [
      [0.38713238295, 0.010595698837, 0.55135748242, 0.028183143023, 0.02273129277],
      [0.14152775297, 0.15811341513, 0.44605305246, 0.17656986489, 0.077735914545],
      [0.41460632469, 0.25952128377, 0.17930223119, 0.100362129, 0.046208031344],
      [0.51974772308, 0.30926091397, 0.10564222493, 0.055636787169, 0.0097123508577]
    ],
    [
      [0.38001806439, 0.014172399912, 0.55111757001, 0.031774186641, 0.022917779047],
      [0.12997679046, 0.18910173309, 0.41655536262, 0.19013293829, 0.074233175541],
      [0.37672472423, 0.30865802475, 0.1667488381, 0.10572473511, 0.042143677816],
      [0.47033724332, 0.36522792344, 0.097484925363, 0.058068752072, 0.0088811558063]
    ],
    [
      [0.39831023095, 0.018035492312, 0.51738788497, 0.03380443588, 0.032461955893],
      [0.12454868166, 0.24345503938, 0.35677269634, 0.18220324725, 0.093020335375],
      [0.34213505881, 0.37011038018, 0.13519270698, 0.097548632857, 0.055013221168],
      [0.41904130963, 0.43938840338, 0.078046029686, 0.052380663434, 0.011143593869]
    ],
    [
      [0.46679222324, 0.013468312392, 0.47335295046, 0.024223007142, 0.022163506766],
      [0.17528203919, 0.18978693778, 0.39607784591, 0.15967562708, 0.079177550044],
      [0.45532066073, 0.28010742637, 0.14408139952, 0.080135520021, 0.040354993354],
      [0.55239838639, 0.31641673461, 0.080546162885, 0.042473196092, 0.0081655200207]
    ],
    [
      [0.45076262305, 0.020682454834, 0.41206636523, 0.059165802868, 0.05732275402],
      [0.12373015983, 0.19542638701, 0.24109770136, 0.29512020812, 0.14462554369],
      [0.35877752982, 0.32349946358, 0.085443654193, 0.14378395391, 0.088495398501],
      [0.4489284623, 0.38377749355, 0.057632967087, 0.0910816413, 0.018579435761]
    ],
    [
      [0.35151418424, 0.0054787942943, 0.58278649499, 0.027266437911, 0.032954088568],
      [0.12936765339, 0.12003959908, 0.47303377776, 0.16868433129, 0.10887463848],
      [0.41186030185, 0.20685221076, 0.20202653718, 0.10426588099, 0.074995069224],
      [0.53300735251, 0.264162034, 0.1246872281, 0.060657264038, 0.017486121361]
    ],
    [
      [0.33227680184, 0.015034148288, 0.57406922378, 0.020409356993, 0.058210469093],
      [0.10734975972, 0.1842644792, 0.410408756, 0.11782418522, 0.18015281986],
      [0.33031001836, 0.31982021173, 0.17539957182, 0.066727789319, 0.10774240876],
      [0.43222687587, 0.39605174989, 0.10988023871, 0.040130303114, 0.021710832416]
    ],
    [
      [0.42179125483, 0.016097691025, 0.47650025358, 0.047432357151, 0.038178443417],
      [0.12723891064, 0.18482855371, 0.31719262297, 0.26182416511, 0.10891574757],
      [0.37014146831, 0.30310311104, 0.12588791563, 0.13802034023, 0.062847164797],
      [0.46726948771, 0.36185077692, 0.074899464432, 0.07654553505, 0.019434735888]
    ],
    [
      [0.37259925942, 0.017395183048, 0.54282161594, 0.038029316411, 0.029154625185],
      [0.11548425339, 0.21706243783, 0.37206021038, 0.21064468022, 0.084748418174],
      [0.33568505298, 0.35581851134, 0.14751186752, 0.11189541046, 0.0490891577],
      [0.4151199406, 0.41398320658, 0.089069727303, 0.067788626388, 0.014038499136]
    ],
    [
      [0.30995448286, 0.010625891627, 0.60119474889, 0.033397963017, 0.044826913605],
      [0.10065900454, 0.13779389423, 0.43147067493, 0.19289081984, 0.13718560646],
      [0.33706849266, 0.25969300253, 0.1957881954, 0.11739625802, 0.090054051384],
      [0.44968913306, 0.32782569311, 0.12233551794, 0.0751289429, 0.025020712988]
    ],
    [
      [0.40674334744, 0.016937697926, 0.528483091, 0.01256161096, 0.035274252677],
      [0.14302137656, 0.24077829207, 0.40866371864, 0.095433859521, 0.11210275321],
      [0.38089679531, 0.36402290861, 0.14974054631, 0.045174491349, 0.060165258421],
      [0.462846011, 0.41318813227, 0.089027392982, 0.015727797869, 0.019210665877]
    ],
    [
      [0.38632518902, 0.01706930376, 0.52890857948, 0.023563762325, 0.044133165411],
      [0.12513520469, 0.22937374699, 0.37723986804, 0.13462607732, 0.13362510296],
      [0.35012156269, 0.36286030578, 0.14406701725, 0.069115619879, 0.073835494396],
      [0.43229872962, 0.41892631294, 0.085961953766, 0.04130323034, 0.021509773338]
    ],
    [
      [0.37829186341, 0.019532577436, 0.53456183995, 0.047542307183, 0.020071412027],
      [0.11135064475, 0.23535798342, 0.34569149947, 0.25043856978, 0.057161302577],
      [0.31767509723, 0.38251737974, 0.13684266403, 0.13091230872, 0.032052550273],
      [0.39307785144, 0.44367195175, 0.084878595625, 0.07512716301, 0.0032444381825]
    ],
    [
      [0.44018720784, 0.013850710723, 0.49887792191, 0.03242314931, 0.014661010209],
      [0.15766403949, 0.18980121637, 0.39556543995, 0.20538682877, 0.05158247542],
      [0.4343242869, 0.29190971659, 0.14733637859, 0.1025977289, 0.023831889024],
      [0.51719301559, 0.33239944647, 0.087939767139, 0.062467770802, 0]
    ],
    [
      [0.37159601395, 0.015274717422, 0.52886385067, 0.044152018546, 0.040113399417],
      [0.11196533719, 0.17921101298, 0.35181354397, 0.24394604243, 0.11306406343],
      [0.34177926423, 0.30805886319, 0.14660143827, 0.13491733222, 0.068643102088],
      [0.43689395912, 0.37353266926, 0.09097245512, 0.077744867613, 0.02085604889]
    ],
    [
      [0.40919993298, 0.0095576052363, 0.53545545782, 0.016726225628, 0.029060778331],
      [0.15993259047, 0.14951094123, 0.46546677874, 0.11818802646, 0.1069016631],
      [0.4569689153, 0.24054271953, 0.18035797775, 0.061485493178, 0.060644894245],
      [0.56250730097, 0.27742989025, 0.1075986592, 0.033654088098, 0.018810061476]
    ],
    [
      [0.36957727732, 0.0086005910663, 0.54904456579, 0.025713232271, 0.047064333556],
      [0.12974983641, 0.12599735202, 0.42658176021, 0.15971183619, 0.15795921518],
      [0.40556166042, 0.22444660506, 0.18139615102, 0.091524473193, 0.097071110315],
      [0.53114096324, 0.27097690255, 0.11374869248, 0.060063142591, 0.024070299139]
    ],
    [
      [0.48693678034, 0.012746794203, 0.44443264113, 0.034503334489, 0.021380449834],
      [0.17539776204, 0.17828476803, 0.35462577412, 0.21894995227, 0.072741743536],
      [0.46306812984, 0.26475325592, 0.12781971904, 0.1063057711, 0.038053124093],
      [0.55367330686, 0.30031674563, 0.073918522059, 0.063923210465, 0.0081682149859]
    ],
    [
      [0.34936542007, 0.010908398531, 0.59779442692, 0.015408060851, 0.026523693627],
      [0.13381617208, 0.1607204376, 0.50497227286, 0.10790841478, 0.092582702691],
      [0.40396345728, 0.27376446349, 0.20667528557, 0.05955477446, 0.056042019195],
      [0.50598228657, 0.32388775673, 0.12027571629, 0.032613327929, 0.017240912484]
    ]
  ],
  "expected_outcome": [
    [
      [22.6562588403, 28.2895492964, 23.8342112609, 25.9574750124, 19.5777497147, 25.2681303975, 24.1787913074, 27.1785365516, 28.090777824, 24.1484083924, 21.3573907924, 22.9576831048, 11.594621709, 5.7129712626, 6.3639246756, 4.5113771684, 4.4134321011, 3.9767009105, 5.0251623032, 3.6926985556, 7.6199470231, 4.0247535768, 3.2813177882, 6.5283981958, 5.7790479107, 6.2622863452, 3.7093511379, 7.4634633642, 7.0046022525, 6.1101108478, 4.1496806354, 5.8069857443, 5.3202529015, 6.3729636952, 5.6015066789, 4.9583888535, 5.2727127636, 2.3259376129, 3.3743300387, 3.7259925942, 4.3393627601, 6.507893559, 5.4085526463, 6.0526698145, 4.4018720784, 4.4591521674, 3.2735994639, 2.5870409412, 5.8432413641, 4.891115881],
      [1.0938963411, 1.0493160796, 0.75506953365, 1.0167615052, 0.56460006758, 0.80718540632, 0, 0.77383764187, 0.45502661399, 0.77914491498, 0.98825275649, 0.98239299622, 0.50885226958, 0.28848295376, 0.25953735866, 0.19791168477, 0.15659257264, 0.12988964709, 0.14975963587, 0.078551475725, 0.29269160097, 0.15533677521, 0.11490553634, 0.19481708676, 0.19026215947, 0.25090909265, 0.14483119623, 0.32105526629, 0.18381435241, 0.30736590746, 0.104984482, 0.15893548256, 0.19841359877, 0.28856787699, 0.16161974871, 0.22750700317, 0.082181914415, 0.10523903802, 0.1287815282, 0.17395183048, 0.14876248278, 0.27100316682, 0.23897025264, 0.31252123897, 0.13850710723, 0.18329660906, 0.07646084189, 0.060204137464, 0.15296153043, 0.15271757943],
      [39.3362796725, 28.855193819, 33.2609660639, 31.7716126624, 37.5529053392, 29.2461939931, 34.6428824889, 37.3206781935, 27.5150341904, 28.1339201405, 30.0068877608, 29.8673338674, 18.4619615032, 7.8959024847, 8.9757715306, 6.201809793, 4.6342783467, 6.4148032254, 7.2486651657, 4.7323466021, 9.8425611716, 6.1289338125, 5.1637494335, 6.4560355689, 6.2633223561, 11.5320428708, 4.4576792512, 9.0562756558, 7.3078834054, 10.508656705, 7.1421133886, 8.2703622363, 7.7156459801, 8.2782061595, 5.6802354055, 4.5327300175, 8.7417974248, 4.0184845665, 3.8120020286, 5.4282161594, 8.4167264844, 8.455729456, 7.4047201127, 8.5529894392, 4.9887792191, 6.346366208, 4.2836436626, 3.8433119605, 5.3331916936, 8.3691219768],
      [2.7770652217, 1.9213679715, 1.3943668483, 1.9492284974, 2.3006915577, 2.4178807019, 1.4456609985, 1.2020332114, 1.9597001075, 2.3324662264, 2.1415123008, 2.4600896989, 0.87132411784, 0.41379722175, 0.59655304565, 0.44880520182, 0.48076196091, 0.23646091648, 0.24928488473, 0.2068203602, 0.49525131246, 0.33346225543, 0.20892953528, 0.38427817918, 0.35704133929, 0.61945826177, 0.15053032111, 0.81101193478, 0.52522079028, 0.31639104561, 0.2372495437, 0.42274714534, 0.44483861297, 0.54087097408, 0.2906760857, 0.65082383154, 0.40899656867, 0.14286549895, 0.37945885721, 0.38029316411, 0.46757148224, 0.20098577536, 0.32989267255, 0.76067691492, 0.3242314931, 0.52982422255, 0.13380980502, 0.17999262589, 0.41404001387, 0.21571285192],
      [0.13649992445, 1.8845728335, 1.7553862932, 2.3049223226, 3.0040533208, 2.2606095011, 2.7326652052, 2.5249144017, 1.9794612641, 3.6060603258, 3.5059563896, 0.73250033259, 1.5632404005, 0.68884607712, 0.80421338948, 0.64009615194, 0.31493501873, 0.2421453005, 0.32712801043, 0.28958300638, 0.7495488918, 0.35751358003, 0.23109770666, 0.43647096933, 0.41032623446, 0.33530342952, 0.53760809356, 0.34819377898, 0.97847919941, 0.75747549418, 0.36597195024, 0.34096939155, 0.32084890666, 0.51939129429, 0.26596208119, 0.63055029422, 0.49431132852, 0.40747328365, 0.30542754733, 0.29154625185, 0.62757679047, 0.56438804283, 0.61786431576, 0.32114259242, 0.14661010209, 0.481360793, 0.23248622665, 0.32945033489, 0.25656539801, 0.37133171078]
    ],
    [
      [1.3797899626, 2.5734105887, 2.360022326, 1.2382251783, 1.2523688462, 2.2237922141, 0.61403116684, 0.60592408123, 1.9865209921, 1.3916912252, 1.9973379137, 1.4358349793, 4.2613307669, 6.2981581006, 7.5791995413, 7.8122755287, 8.6311988624, 8.6852721242, 9.6536647271, 10.0493484683, 7.9157694395, 7.914715893, 9.3111010713, 10.2731031566, 10.1418975321, 1.1410355276, 1.9419848017, 1.9478709813, 1.1429264661, 0.9951978069, 1.4381319953, 1.4152775297, 1.2997679046, 1.1209381349, 2.2786665095, 2.4746031965, 1.2936765339, 1.5028966361, 1.9085836596, 1.5012952941, 1.4092260635, 1.8592778952, 1.1262168422, 1.8929609607, 1.7343044344, 1.2316187091, 2.5589214475, 2.3354970554, 1.4031820963, 1.0705293766],
      [1.9343060517, 3.461596615, 2.6239788137, 2.0789192684, 1.5430807933, 2.5397964561, 0.38556023628, 0.63062640374, 1.5926962252, 1.6159426135, 3.0073032484, 1.9237955631, 8.8600964585, 13.6936864505, 11.7686901848, 12.9528672091, 10.8732590071, 10.3434469911, 10.6122404272, 8.5397771324, 11.9134843945, 11.7414905069, 12.171162119, 11.9062581108, 12.928285665, 1.6934166321, 2.7800064301, 3.0718887532, 1.2029669884, 2.1479850459, 1.5184217638, 1.5811341513, 1.8910173309, 2.1910953544, 2.4672301911, 3.9085277402, 1.2003959908, 2.5797027089, 2.7724283057, 2.8218116918, 1.9291145193, 3.1301177969, 2.0643637229, 4.0010857182, 2.08781338, 1.9713211428, 2.3921750597, 2.2679523363, 1.4262781443, 1.2857635008],
      [5.3030579181, 5.8375497506, 7.3326000377, 3.3620040296, 5.2969563502, 5.7248800387, 1.9279094715, 1.8413429611, 4.2814158385, 3.5906581551, 6.1864587776, 4.1276433355, 15.1652384767, 18.9992652043, 23.7166148645, 23.7562610548, 19.4715374739, 30.1154441942, 30.3440149492, 28.6332847417, 22.6198544795, 26.7031008173, 31.8398690475, 23.0392951971, 24.585460605, 4.6326239809, 5.1366732273, 5.1969969726, 2.6331075647, 3.7670940641, 5.4596622153, 4.4605305246, 4.1655536262, 3.210954267, 5.1490119969, 4.8219540271, 4.7303377776, 5.745722584, 4.7578893446, 4.836782735, 6.040589449, 5.3126283423, 3.3951588124, 5.876755491, 4.3512198395, 3.8699489837, 7.4474684599, 7.6784716837, 2.8370061929, 4.0397781828],
      [2.8584915937, 2.6768259534, 2.2297015513, 1.4256319285, 2.3081271139, 3.878869494, 0.53467802984, 0.47855972819, 2.0265826125, 2.1203109641, 3.045001753, 2.8952520175, 5.5127545205, 7.8939548157, 12.7795995159, 13.9892416083, 16.2538331697, 9.0042841959, 8.4833755139, 10.1137678662, 9.1616222768, 11.8368250034, 10.5028105929, 11.0488016378, 11.3523152142, 1.9213764374, 1.4659900301, 3.8726295957, 1.4640843178, 0.97548643249, 1.4296443238, 1.7656986489, 1.9013293829, 1.6398292253, 2.075783152, 5.9024041623, 1.6868433129, 1.649538593, 3.9273624766, 2.7383808429, 2.7004714778, 1.2406401738, 1.2116346959, 4.2574556863, 2.2592551164, 2.6834064667, 1.8910084233, 2.8748130514, 1.7515996182, 0.86326731821],
      [0.52435447393, 1.4506170923, 1.4536972714, 0.8952195952, 1.5994668964, 1.6326617972, 0.53782109552, 0.44354682574, 1.1127843317, 2.2813970421, 3.7638983073, 0.61747410466, 5.2005797774, 7.1149354289, 9.1558958935, 10.4893545991, 5.770171487, 4.8515524946, 5.9067043826, 7.6638217913, 7.3892694097, 6.8038677795, 6.1750571692, 6.7325418977, 6.9920409838, 0.61154742209, 2.6753455108, 0.91061369718, 1.5569146629, 1.1142366506, 1.1541397018, 0.77735914545, 0.74233175541, 0.83718301837, 1.0293081506, 2.8925108739, 1.0887463848, 2.522139478, 1.6337362135, 1.1017294363, 1.9205984904, 1.4573357918, 1.2026259266, 0.97174214381, 0.56740722962, 1.2437046977, 1.7104266096, 2.8432658732, 0.58193394829, 0.74066162153]
    ],
    [
      [3.9517343257, 5.0663244268, 5.5355865946, 4.1024422772, 4.5418802046, 6.9125890036, 8.4715505046, 5.6530746093, 6.363186345, 5.352305964, 3.744986738, 6.9053425253, 4.1476272179, 4.0672756833, 3.8782773503, 2.3837314497, 5.5180119981, 7.2923526174, 5.5539375704, 5.8784641069, 3.7988882283, 4.0335980119, 3.5250292929, 5.7874120148, 3.3779838705, 20.2765087488, 24.9960355392, 21.505179225, 23.6565390769, 20.3365279854, 24.0464638665, 24.4617731567, 25.6172812473, 21.896643764, 29.5958429477, 21.5266517893, 22.2404562999, 12.8820907162, 4.811839088, 5.0352757946, 3.3706849266, 5.7134519296, 3.5012156269, 5.400476653, 5.2118914428, 4.7849096992, 6.8545337295, 5.6778632458, 7.8721582073, 5.655488402],
      [3.1609460546, 3.8424167937, 3.4797634001, 3.9157981825, 3.1657314779, 4.4574144565, 2.3657867695, 3.3454943322, 2.8696400264, 3.5291501234, 3.2052747065, 5.256218308, 4.9049592421, 5.3726527239, 3.3644698769, 2.2095010557, 3.9449656945, 4.9375079144, 3.4448938722, 2.9196786308, 3.2327920464, 3.3586040339, 2.6055878249, 3.6646866953, 2.3937575082, 17.0400277391, 20.203955827, 19.1453149894, 13.8926866056, 24.4145847869, 14.092316829, 15.3117557426, 20.9887456828, 23.6870643314, 18.2069827141, 19.4099678147, 11.1700193809, 12.4729882575, 3.9403404435, 5.3372776701, 2.5969300253, 5.4603436292, 3.6286030578, 6.5027954556, 3.5029165991, 4.3128240847, 3.6081407929, 3.1422524708, 4.5008053507, 3.8327024889],
      [2.097782887, 1.5663579012, 2.3491112706, 1.5234288113, 2.6184331502, 2.429317086, 3.4496650889, 2.3520807955, 1.8724229454, 1.9059691071, 1.6046061464, 2.7415118279, 2.0031765877, 1.7150292287, 1.6631579219, 0.99780617624, 1.7661674786, 3.5384122172, 2.4243093994, 2.2831205568, 1.4908618746, 1.8601894788, 1.6791274843, 1.7379989891, 1.1132431274, 11.1801818142, 9.301861121, 8.0310554555, 7.527723293, 10.8457496144, 12.1316497474, 10.5788316403, 11.3389209908, 8.652333247, 9.3652909688, 5.1266192516, 10.9094330075, 6.8405833012, 1.6365429032, 2.2126780128, 1.957881954, 2.2461081947, 1.4406701725, 2.3263252885, 1.768036543, 2.0524201358, 2.7053696663, 2.5395461143, 2.1729352237, 2.8934539979],
      [1.4952242414, 0.95918220316, 0.9570420602, 0.86569792613, 1.524608626, 2.1844638364, 1.2941242169, 0.81757996606, 1.1845495876, 1.4980815659, 1.0482591531, 2.5253836675, 0.96779189021, 0.94256571376, 1.1803690321, 0.77271530329, 2.0373649597, 1.4023589649, 0.90930408945, 1.063855402, 0.79609244957, 1.0836643776, 0.7284653088, 1.0957803497, 0.6731872388, 6.5503983721, 2.9902229762, 7.6346244411, 5.8791478865, 3.4161560102, 4.5348798721, 5.9213656111, 7.1892819875, 6.2431125029, 5.2088088014, 8.6270372344, 5.6303575737, 2.6023837834, 1.794264423, 1.6784311569, 1.1739625802, 0.67761737023, 0.69115619879, 2.2255092483, 1.2311727468, 1.8888426511, 0.92228239767, 1.2813426247, 1.8071981087, 0.83376684244],
      [0.2943124912, 0.5657186751, 0.67849667449, 0.59263280279, 1.1493465413, 1.0162156176, 1.4188734201, 0.83177029687, 0.71020109558, 1.7144932397, 1.396873256, 0.57154367125, 0.97644506209, 0.90247665034, 0.91372581871, 0.63624601502, 0.73348986911, 0.82936828598, 0.66755506862, 0.85488130346, 0.68136540118, 0.66394409779, 0.46179008912, 0.71412195117, 0.44182825511, 1.9528833258, 6.5079245367, 1.6838258889, 6.043903138, 4.9869816032, 4.194689685, 2.7262738493, 2.8657700915, 3.5208461548, 2.623074568, 5.3097239101, 4.0497337381, 4.2019539417, 0.81701314236, 0.73633736549, 0.90054051384, 0.90247887631, 0.73835494396, 0.54489335464, 0.28598266829, 0.96100342923, 0.90967341368, 1.3589955444, 0.64690310959, 0.78458826873]
    ],
    [
      [5.0122168715, 5.0707156881, 5.2701798185, 7.701857532, 5.6280012346, 3.5954883848, 9.7356270211, 7.5624647578, 9.5595148389, 8.1075944184, 5.900284556, 6.7011393906, 5.9964203063, 6.9215949535, 3.1785984327, 5.2926158531, 7.4373570385, 4.0456743479, 4.7672353993, 7.3794888692, 5.6653953091, 6.0269325183, 5.8825518475, 5.4110866329, 6.7010706868, 6.3201693784, 6.3526285212, 4.0834864295, 10.1959322044, 3.55816336, 9.3657235028, 8.3159635693, 3.7626979466, 4.6094544059, 5.5239838639, 4.0403561607, 11.1931544026, 17.2890750348, 29.9052472137, 25.7374363171, 27.8807262498, 25.9193766162, 28.9640148846, 19.6538925718, 34.6519320443, 27.5243194243, 34.3129453592, 32.3995987575, 34.8814183323, 32.3828663404],
      [3.8108515525, 3.6466705117, 3.1411882525, 6.9885210439, 3.7265876612, 2.1956036811, 3.2486529942, 4.2500416221, 4.0826371345, 5.0757623482, 4.7991692886, 4.8375931327, 6.7260920297, 8.6451778719, 2.6073025796, 4.6397200504, 5.0251827257, 2.5891554473, 2.7931060648, 3.461992761, 4.5610319582, 4.744568684, 4.1083445198, 3.2342381072, 4.4876946673, 5.0156465361, 4.8712065467, 3.4617409911, 5.7205320536, 4.1300642597, 5.2842769251, 4.9481746235, 2.9218233875, 4.8332724372, 3.1641673461, 3.453997442, 5.5474027139, 15.8420699956, 23.1584497227, 25.6669588077, 20.3251929727, 23.1385354071, 28.0680629667, 22.1835975873, 22.2707629136, 23.5325581635, 16.9232233055, 16.5295910554, 18.9199549746, 20.7288164309],
      [1.2628795224, 0.74089852914, 1.0573226278, 1.3429544966, 1.5317051603, 0.59960888221, 1.9795429507, 1.4858980499, 1.3311270256, 1.3694525973, 1.2020473151, 1.2635109691, 1.3696234325, 1.3898030822, 0.64445568299, 1.0441229759, 1.1280167008, 0.93134036316, 0.98301048569, 1.3512480993, 1.0467224743, 1.3077758913, 1.3172540347, 0.76667024491, 1.0379739115, 1.6551513341, 1.1037864005, 0.7156719161, 1.5312857369, 0.87849961658, 2.2665746488, 1.6902755988, 0.7798794029, 0.85850632655, 0.80546162885, 0.51869670379, 2.61843179, 4.3952095484, 4.7935657236, 5.5223230928, 7.5848021125, 4.985534007, 5.7594509024, 4.2439297813, 5.8919643983, 5.7312646725, 6.5635182112, 6.9386702415, 4.6568668897, 7.6976458424],
      [0.86921894316, 0.44262387196, 0.41888954026, 0.75944164798, 0.86657270247, 0.51878596767, 0.7255367548, 0.50182709437, 0.82916769239, 1.0491412437, 0.76522679307, 1.1192746161, 0.64812947142, 0.74968224878, 0.44347840633, 0.78923788662, 1.2280399098, 0.35689592266, 0.35803551188, 0.61555637161, 0.54703396113, 0.74604836363, 0.55979456302, 0.47113983331, 0.61745620774, 0.90876692875, 0.3932566726, 0.68173402842, 1.1315470054, 0.29196651173, 0.79822626039, 0.8901885947, 0.46455001658, 0.57618729778, 0.42473196092, 0.8197347717, 1.2738025448, 1.6052121246, 4.8989142432, 4.202894836, 4.6579944598, 0.88075668064, 2.7673164328, 3.7563581505, 4.1853406437, 4.8979266596, 2.052899374, 3.663851698, 4.0271622593, 2.0872529874],
      [0.044833110416, 0.099091399097, 0.11241976089, 0.20722527946, 0.24713324151, 0.090513084168, 0.31064027923, 0.19976847573, 0.19755330861, 0.39804939242, 0.33327204717, 0.078481891504, 0.25973476008, 0.29374184365, 0.12616489835, 0.23430323395, 0.18140362517, 0.076933918942, 0.098612538325, 0.19171389882, 0.17981629733, 0.17467454269, 0.13205503501, 0.11686518178, 0.15580452665, 0.10026582259, 0.27912185899, 0.057366634893, 0.4207029997, 0.14130625203, 0.28519866294, 0.15539761372, 0.071049246451, 0.12257953256, 0.081655200207, 0.16721492185, 0.36720854857, 0.86843329662, 1.2438230968, 0.8703869464, 1.5512842052, 1.0757972891, 1.4411548136, 0.16222190913, 0, 1.3139310801, 1.14741375, 1.4682882475, 0.51459754411, 1.103418399]
    ]
  ],
  "prob": [
    [0.39299390545, 0.013245310303, 0.52672555252, 0.031570403333, 0.035464828387],
    [0.13408845804, 0.18242108908, 0.39468451049, 0.17644892131, 0.11235702109],
    [0.38621710083, 0.29548002762, 0.15885239136, 0.094912828425, 0.064537651769],
    [0.48270053568, 0.350453573, 0.095737545626, 0.055467846935, 0.015640498754]
  ],
  "iterations": 20,
  "logLik": -476.5105380821,
  "time": 0.011587,
  "message": "Converged",
  "status": 0,
  "miniter": 0,
  "maxiter": 1000,
  "maxtime": 3600,
  "param_threshold": 0.001,
  "ll_threshold": "-Inf",
  "initial_prob": "group_proportional",
  "adjust_prob_cond_method": "project_lp",
  "adjust_prob_cond_every": false
}
