{
  "X": [
    [27, 6, 23, 18, 26],
    [33, 12, 24, 9, 22],
    [37, 3, 25, 13, 22],
    [34, 16, 20, 8, 22],
    [26, 5, 20, 24, 25],
    [28, 14, 21, 13, 24],
    [32, 3, 21, 16, 28],
    [37, 9, 20, 11, 23],
    [42, 6, 12, 16, 24],
    [31, 11, 14, 17, 27],
    [31, 9, 17, 10, 33],
    [35, 7, 23, 17, 18],
    [23, 10, 20, 16, 31],
    [15, 11, 44, 5, 25],
    [7, 16, 31, 10, 36],
    [13, 8, 38, 16, 25],
    [13, 9, 45, 8, 25],
    [11, 9, 35, 13, 32],
    [11, 11, 31, 13, 34],
    [11, 12, 37, 7, 33],
    [12, 5, 40, 18, 25],
    [11, 11, 39, 14, 25],
    [13, 6, 40, 11, 30],
    [11, 9, 35, 16, 29],
    [9, 12, 31, 13, 35],
    [15, 26, 11, 7, 41],
    [18, 23, 13, 11, 35],
    [18, 26, 8, 9, 39],
    [13, 28, 12, 13, 34],
    [16, 27, 12, 7, 38],
    [17, 23, 10, 8, 42],
    [16, 18, 18, 5, 43],
    [11, 32, 4, 9, 44],
    [21, 36, 14, 3, 26],
    [15, 29, 10, 4, 42],
    [11, 31, 15, 4, 39],
    [18, 30, 15, 6, 31],
    [17, 14, 20, 8, 41],
    [15, 18, 28, 9, 30],
    [11, 12, 29, 12, 36],
    [6, 14, 32, 19, 29],
    [11, 14, 22, 16, 37],
    [8, 15, 31, 13, 33],
    [10, 18, 21, 17, 34],
    [12, 12, 24, 8, 44],
    [11, 13, 29, 16, 31],
    [17, 10, 28, 11, 34],
    [8, 14, 27, 12, 39],
    [8, 17, 24, 16, 35],
    [10, 13, 21, 17, 39]
  ],
  "W": [
    [60, 16, 13, 11],
    [60, 13, 12, 15],
    [69, 14, 6, 11],
    [63, 11, 10, 16],
    [67, 13, 8, 12],
    [65, 7, 14, 14],
    [61, 11, 12, 16],
    [63, 9, 9, 19],
    [70, 13, 12, 5],
    [63, 17, 14, 6],
    [61, 11, 11, 17],
    [59, 24, 4, 13],
    [38, 36, 12, 14],
    [14, 60, 14, 12],
    [8, 59, 22, 11],
    [16, 61, 9, 14],
    [12, 63, 11, 14],
    [16, 56, 7, 21],
    [10, 60, 15, 15],
    [13, 58, 14, 15],
    [7, 72, 10, 11],
    [13, 72, 7, 8],
    [13, 63, 12, 12],
    [9, 62, 12, 17],
    [10, 59, 16, 15],
    [18, 11, 55, 16],
    [12, 15, 57, 16],
    [10, 10, 72, 8],
    [7, 14, 68, 11],
    [12, 8, 71, 9],
    [11, 11, 65, 13],
    [12, 18, 52, 18],
    [8, 11, 72, 9],
    [12, 9, 69, 10],
    [14, 15, 61, 10],
    [8, 11, 67, 14],
    [10, 11, 70, 9],
    [14, 12, 33, 41],
    [20, 10, 10, 60],
    [13, 10, 14, 63],
    [11, 16, 11, 62],
    [7, 19, 16, 58],
    [14, 11, 12, 63],
    [9, 12, 16, 63],
    [16, 6, 19, 59],
    [13, 8, 13, 66],
    [21, 15, 9, 55],
    [17, 17, 11, 55],
    [8, 15, 12, 65],
    [13, 15, 9, 63]
  ],
  "method": "mvn_cdf",
  "mvncdf_method": "genz",
  "mvncdf_samples": 5000,
  "mvncdf_error": 0.001,
  "cond_prob": [
    [
      [0.40582081939, 0.020362168105, 0.17421060648, 0.21200924334, 0.18759716269],
      [0.04093298314, 0.023534668725, 0.53059819533, 0.15883210164, 0.24610205117],
      [0.13291165962, 0.27567266133, 0.031415695111, 0.051661951792, 0.50833803215],
      [0.024361048295, 0.074360965159, 0.33176258634, 0.18786603637, 0.38164936384]
    ],
    [
      [0.5039509789, 0.05351778886, 0.17866920636, 0.10289325947, 0.16096876641],
      [0.053740040231, 0.054387989237, 0.58259409759, 0.084679253942, 0.224598619],
      [0.13201308683, 0.46867856473, 0.025806690329, 0.020226819255, 0.35327483886],
      [0.032010913387, 0.16384973544, 0.35976293774, 0.098856819983, 0.34551959345]
    ],
    [
      [0.50387073472, 0.0089977746796, 0.17830623189, 0.14131104466, 0.16751421406],
      [0.054004717435, 0.018199788957, 0.58706487855, 0.10920519165, 0.23152542341],
      [0.1838379724, 0.2379673873, 0.036112545353, 0.037908410801, 0.50417368415],
      [0.03398412961, 0.063322925267, 0.38738967528, 0.13574679733, 0.37955647251]
    ],
    [
      [0.50667436195, 0.067767190764, 0.15758219473, 0.089847608919, 0.17812864364],
      [0.058249437408, 0.1025133032, 0.50451518365, 0.082043560434, 0.25267851531],
      [0.093031710919, 0.61787777191, 0.016766506697, 0.012233491681, 0.2600905188],
      [0.031778392289, 0.27651518297, 0.27218685282, 0.082174159784, 0.33734541213]
    ],
    [
      [0.36241577396, 0.023411035374, 0.15656413994, 0.2623384502, 0.19527060054],
      [0.038584302996, 0.025271071747, 0.45998719613, 0.2209694416, 0.25518798753],
      [0.11860844175, 0.27716560174, 0.027626259859, 0.068122047965, 0.50847764869],
      [0.022306639339, 0.073800990273, 0.27577991632, 0.25047872601, 0.37763372806]
    ],
    [
      [0.40262133268, 0.061492366516, 0.18790198269, 0.1566135778, 0.19137074031],
      [0.038553223257, 0.061243716037, 0.55425502561, 0.10788552716, 0.23806250794],
      [0.090126390865, 0.50571670988, 0.022894828138, 0.02633497332, 0.3549270978],
      [0.021283667199, 0.178161159, 0.32757559657, 0.12115922329, 0.35182035394]
    ],
    [
      [0.46867130989, 0, 0.15888471153, 0.18160892741, 0.19083505118],
      [0.052399753238, 0.014278467432, 0.51911552844, 0.14494952152, 0.26925672937],
      [0.1686899232, 0.19608584143, 0.031269893921, 0.048059427779, 0.55589491367],
      [0.050648358313, 0.030619172568, 0.32640769106, 0.17191859737, 0.42040618069]
    ],
    [
      [0.54304799229, 0.040869731303, 0.1424918054, 0.11790691131, 0.15568355969],
      [0.066267981416, 0.045371907773, 0.52575720234, 0.10831669637, 0.2542862121],
      [0.16458338327, 0.38545216272, 0.023743499967, 0.02686623546, 0.39935471858],
      [0.037384958085, 0.13409422597, 0.31986894415, 0.12395885267, 0.38469301912]
    ],
    [
      [0.55058460627, 0.023740152099, 0.080891299112, 0.17390468331, 0.17087925921],
      [0.078833538494, 0.03489439249, 0.38856239975, 0.1804211534, 0.31728851587],
      [0.18510938489, 0.28334881026, 0.015142573617, 0.043211868514, 0.47318736272],
      [0.042585788345, 0.096875305514, 0.22091739641, 0.19253095044, 0.44709055928]
    ],
    [
      [0.44991014453, 0.051417226767, 0.097585907802, 0.19696283974, 0.20412388116],
      [0.054914908992, 0.059403870852, 0.37960421627, 0.17725098551, 0.32882601838],
      [0.11104809233, 0.41630301574, 0.012819273525, 0.036184424701, 0.4236451937],
      [0.027905691488, 0.15376778147, 0.20322438376, 0.17858206618, 0.4365200771]
    ],
    [
      [0.47016039385, 0.045286125502, 0.13050644329, 0.11457235265, 0.23947468471],
      [0.052943157296, 0.045425290627, 0.43335962737, 0.097140941729, 0.37113098298],
      [0.11405703262, 0.33440803504, 0.017698933465, 0.020874718649, 0.51296128022],
      [0.028424346231, 0.121139986, 0.23985075237, 0.10075966023, 0.50982525516]
    ],
    [
      [0.54322761157, 0.04071386827, 0.12338687889, 0.17415106005, 0.11852058122],
      [0.071095748619, 0.048654934036, 0.49081743801, 0.16926798949, 0.22016388984],
      [0.17828908308, 0.40714269908, 0.022197592086, 0.04220220559, 0.35016842017],
      [0.040778201386, 0.13858404299, 0.29628963574, 0.19183437594, 0.33251374394]
    ],
    [
      [0.49105279664, 0.043626776446, 0.09059141827, 0.18109829479, 0.19363071386],
      [0.063723649739, 0.054183795665, 0.3757559088, 0.17271314174, 0.33362350406],
      [0.13228163918, 0.37345345095, 0.012359186321, 0.036866693202, 0.44503903034],
      [0.032754476207, 0.13643745998, 0.20585736809, 0.17558509835, 0.44936559738]
    ],
    [
      [0.56852019185, 0.040355707999, 0.17304208501, 0.074926961775, 0.14315505337],
      [0.069185390564, 0.050067341672, 0.6077848957, 0.046934852073, 0.22602751999],
      [0.17222879857, 0.41118708486, 0.030052882685, 0.013519250809, 0.37301198308],
      [0.039865891687, 0.13953003331, 0.39079805921, 0.07880515829, 0.35100085751]
    ],
    [
      [0.38666450856, 0.064555256664, 0.14857529153, 0.15390003141, 0.24630491184],
      [0.034059963148, 0.062934638989, 0.45289241732, 0.11747340379, 0.33263957675],
      [0.076746601923, 0.45065848343, 0.017180195474, 0.024700620273, 0.4307140989],
      [0.018974623952, 0.16872069189, 0.24661643139, 0.11767775265, 0.44801050012]
    ],
    [
      [0.48201698634, 0.034515075157, 0.14504539923, 0.18937424047, 0.1490482988],
      [0.056900776249, 0.041173899047, 0.50926854352, 0.16291940239, 0.22973737879],
      [0.1518395655, 0.36954720394, 0.025492781423, 0.045298441591, 0.40782200754],
      [0.032158912699, 0.11501615144, 0.31317553034, 0.1874459023, 0.35220350322]
    ],
    [
      [0.5462368457, 0.035407635826, 0.1717820355, 0.10168374163, 0.14488974134],
      [0.063995148699, 0.042784368889, 0.59101439623, 0.080354196049, 0.22185189014],
      [0.17161398936, 0.37926279219, 0.030011327878, 0.023709838496, 0.39540205207],
      [0.037550685751, 0.12198588686, 0.38389885751, 0.10404803757, 0.35251653232]
    ],
    [
      [0.44129141379, 0.045090952484, 0.14654714292, 0.16067472473, 0.20639576607],
      [0.046876168658, 0.049986076227, 0.47684822776, 0.13009606795, 0.2961934594],
      [0.11102844227, 0.38630702159, 0.020480830017, 0.030989152811, 0.45119455331],
      [0.025574897077, 0.13215120669, 0.27658948326, 0.13937621568, 0.4263081973]
    ],
    [
      [0.49140841076, 0.040738552854, 0.11785585891, 0.15688058541, 0.19311659206],
      [0.060727094534, 0.050428614186, 0.43153876121, 0.14474415334, 0.31256137673],
      [0.13117790241, 0.37212421643, 0.016513394614, 0.032708226476, 0.44747626007],
      [0.031641445612, 0.13233562492, 0.24542765459, 0.15039476991, 0.44020050497]
    ],
    [
      [0.46806335903, 0.051873890301, 0.16238397434, 0.1037417687, 0.21393700762],
      [0.051107721203, 0.055601957367, 0.51839676655, 0.070877895402, 0.30401565948],
      [0.11015850817, 0.41757712212, 0.022017083691, 0.016155120532, 0.43409216549],
      [0.027247292568, 0.15030974594, 0.30091711345, 0.08761782574, 0.4339080223]
    ],
    [
      [0.55629633793, 0.018105635555, 0.11704774015, 0.18875365416, 0.11979663219],
      [0.074494784752, 0.019782302851, 0.49336034101, 0.18860005126, 0.22376252013],
      [0.22602919346, 0.26149904444, 0.027981258532, 0.058345314803, 0.42614518877],
      [0.043819017977, 0.075813118319, 0.30717351645, 0.22873341658, 0.34446093068]
    ],
    [
      [0.46744087671, 0.063769455732, 0.14003915123, 0.16685702979, 0.16189348654],
      [0.054873187869, 0.067914767996, 0.48412580968, 0.14479397518, 0.24829225927],
      [0.10673821489, 0.52563664419, 0.017967700321, 0.029325627039, 0.32033181356],
      [0.0281539465, 0.2002096588, 0.27458235435, 0.1500516263, 0.34700241405]
    ],
    [
      [0.51772543131, 0.023346539388, 0.15340849589, 0.13287482193, 0.17264471149],
      [0.060387146428, 0.022384741734, 0.53380747038, 0.11529723728, 0.26812340418],
      [0.17063553849, 0.27467104661, 0.028055153863, 0.033757349539, 0.4928809115],
      [0.034796058848, 0.082516974954, 0.33659642278, 0.13365109765, 0.41243944577]
    ],
    [
      [0.50459357203, 0.032385574937, 0.12354631347, 0.18484377114, 0.15463076841],
      [0.063770919199, 0.041330783527, 0.46607725834, 0.17016313644, 0.25865790249],
      [0.15909259302, 0.35072645986, 0.02159515526, 0.04427410705, 0.42431168481],
      [0.035044102655, 0.11395904285, 0.27836184109, 0.19147072445, 0.38116428895]
    ],
    [
      [0.42643622403, 0.047949639952, 0.13231255827, 0.17375274272, 0.21954883502],
      [0.04640065391, 0.053410425191, 0.43625813399, 0.14442844033, 0.31950234659],
      [0.10212037692, 0.39312405208, 0.016860175797, 0.032573887726, 0.45532150748],
      [0.024271543214, 0.1386202454, 0.24452544662, 0.14800082599, 0.44458193878]
    ],
    [
      [0.45942996594, 0.052284427722, 0.11762558526, 0.13646598101, 0.23419404007],
      [0.052020986641, 0.058651173282, 0.41419613791, 0.11568569764, 0.35944600452],
      [0.10423283121, 0.3993150307, 0.014241133739, 0.025308229562, 0.4569027748],
      [0.026576502725, 0.15321191917, 0.22145747454, 0.11744481511, 0.48130928845]
    ],
    [
      [0.53221463996, 0.031859190843, 0.10469931952, 0.18685795953, 0.14436889014],
      [0.070691958052, 0.042326390242, 0.43676483754, 0.18838447363, 0.26183234054],
      [0.17415372473, 0.35200809527, 0.019831076846, 0.045843836545, 0.40816326661],
      [0.039142664997, 0.11989577662, 0.2538602639, 0.20742741864, 0.37967387584]
    ],
    [
      [0.51660753165, 0.031811787406, 0.095796508654, 0.19628551602, 0.15949865627],
      [0.068975487183, 0.042249839355, 0.40302519789, 0.19739333486, 0.28835614071],
      [0.16451978927, 0.33782277494, 0.01665509162, 0.046805184005, 0.43419716017],
      [0.037343123013, 0.11701799213, 0.22657704224, 0.21165478036, 0.40740706226]
    ],
    [
      [0.38559604355, 0.033945110384, 0.12298320416, 0.32267272825, 0.13480291365],
      [0.045349581775, 0.038703418379, 0.43674494805, 0.27170485268, 0.20749719912],
      [0.13796143762, 0.38272732315, 0.032416071944, 0.052628016441, 0.39426715085],
      [0.025868708402, 0.10864349054, 0.25639958236, 0.30533798607, 0.30375023263]
    ],
    [
      [0.45705710938, 0.035226219165, 0.17944907363, 0.15919319465, 0.16907440318],
      [0.045941204831, 0.035079186329, 0.57104001231, 0.11922526503, 0.22871433151],
      [0.13938462571, 0.35656960801, 0.029003438995, 0.040090350704, 0.43495197658],
      [0.027941847041, 0.10891219005, 0.35767187216, 0.14327384933, 0.36220024142]
    ],
    [
      [0.51991681759, 0.032035751765, 0.1059202478, 0.15640845554, 0.18571872731],
      [0.066243096147, 0.040635956504, 0.42259744056, 0.14994226546, 0.32058124132],
      [0.15514570525, 0.31898000858, 0.016813058741, 0.039119717562, 0.46994150988],
      [0.035982315995, 0.1128392809, 0.23795820076, 0.16056618673, 0.45265401562]
    ],
    [
      [0.52144558082, 0.029954507604, 0.14727740638, 0.09582472454, 0.20549778065],
      [0.059828917793, 0.033047133929, 0.51410039188, 0.080094864436, 0.31292869196],
      [0.15454950679, 0.29362673773, 0.027596559603, 0.014829862454, 0.50939733343],
      [0.034953230945, 0.098728174231, 0.30799127612, 0.090957938782, 0.46736937992]
    ],
    [
      [0.42018029798, 0.05377025547, 0.065597970514, 0.22576803292, 0.23468344312],
      [0.10291941003, 0.067574313925, 0.21229931173, 0.21497157854, 0.40223538577],
      [0.087262429198, 0.40813606122, 0, 0.042286665697, 0.46231484388],
      [0.024838800397, 0.16008045501, 0.12665820077, 0.19828093805, 0.49014160578]
    ],
    [
      [0.59560224344, 0.047465244605, 0.16896595289, 0.074712696341, 0.11325386272],
      [0.069683736408, 0.054672792149, 0.62989236773, 0.066000947081, 0.17975015664],
      [0.18531243392, 0.48123327246, 0.032381981764, 0.010007324217, 0.29106498764],
      [0.043906151082, 0.17332661357, 0.40690205141, 0.081893374923, 0.29397180902]
    ],
    [
      [0.50056293404, 0.057604198797, 0.10330859261, 0.095585293043, 0.2429389815],
      [0.060963304494, 0.068822133926, 0.38763262969, 0.086354882625, 0.39622704927],
      [0.11106147481, 0.41685229764, 0.012153119217, 0.0084837112077, 0.45144939712],
      [0.03029193923, 0.17332190519, 0.19978499858, 0.084897627436, 0.51170352956]
    ],
    [
      [0.42480643003, 0.051654776673, 0.20566886275, 0.11087115551, 0.20699877505],
      [0.038280575731, 0.046246444888, 0.58749707753, 0.074847044211, 0.25312885764],
      [0.10245387331, 0.41978541497, 0.0276675632, 0.015891644528, 0.43420150399],
      [0.02257519394, 0.13945914927, 0.35988960791, 0.087498077591, 0.39057797129]
    ],
    [
      [0.51405629231, 0.036499095918, 0.1945837893, 0.12682119858, 0.1280396239],
      [0.05260082675, 0.03694916477, 0.63584113881, 0.097673437959, 0.17693543171],
      [0.1710808423, 0.40203473415, 0.032177173081, 0.036261485288, 0.35844576518],
      [0.033907669056, 0.1206818709, 0.42305638493, 0.12434180295, 0.29801227216]
    ],
    [
      [0.58444769022, 0.024918445795, 0.1174190519, 0.10041671533, 0.17279809675],
      [0.076038281976, 0.033458296432, 0.47923299538, 0.10052963025, 0.31074079597],
      [0.18722010798, 0.28226948324, 0.02382288259, 0.023930909197, 0.48275661699],
      [0.042122180237, 0.095969494016, 0.28827273667, 0.1121485468, 0.46148704227]
    ],
    [
      [0.53763012172, 0.055698087026, 0.15090648974, 0.10341254073, 0.15235276078],
      [0.062290157846, 0.066571390487, 0.53883730539, 0.09166012076, 0.24064102552],
      [0.13336914074, 0.49940054549, 0.021894972318, 0.019127027066, 0.32620831439],
      [0.038180076331, 0.187105315, 0.3229091238, 0.097064628452, 0.35474085642]
    ],
    [
      [0.4889815405, 0.032336138628, 0.16279773592, 0.14121948758, 0.17466509738],
      [0.05194935412, 0.034767042068, 0.54315768539, 0.11440503323, 0.25572088519],
      [0.14726294875, 0.33472059332, 0.027168059437, 0.033053758899, 0.45779463959],
      [0.032731192854, 0.10390272176, 0.33447142456, 0.13583085245, 0.39306380838]
    ],
    [
      [0.33073315998, 0.046790778176, 0.1925660764, 0.26312859188, 0.16678139356],
      [0.029275822704, 0.043150984876, 0.5411649284, 0.17959897567, 0.20680928834],
      [0.090254104426, 0.43092416489, 0.030330358538, 0.053749348213, 0.39474202393],
      [0.014527853682, 0.12991483658, 0.33692742518, 0.20388321045, 0.3147466741]
    ],
    [
      [0.57287995308, 0.031299670831, 0.090869419056, 0.15886282234, 0.14608813469],
      [0.080433965305, 0.045871227707, 0.40889485115, 0.17492612073, 0.2898738351],
      [0.18391757519, 0.34623238704, 0.015632418009, 0.039849767082, 0.41436785269],
      [0.043429548012, 0.12706259974, 0.23008264149, 0.18839254614, 0.41103266461]
    ],
    [
      [0.38170502289, 0.050578571068, 0.20143687034, 0.17406486043, 0.19221467527],
      [0.03398567571, 0.045599579343, 0.56548461885, 0.11851031097, 0.23641981513],
      [0.095051134627, 0.42842244297, 0.02751732814, 0.033724390416, 0.41528470385],
      [0.01812180367, 0.13728944947, 0.34332293762, 0.14055215632, 0.36071365292]
    ],
    [
      [0.5068164777, 0.044937298984, 0.10485729432, 0.19176071458, 0.15162821441],
      [0.064847475232, 0.058238987491, 0.42103335203, 0.18782415797, 0.26805602727],
      [0.1415504193, 0.43279813005, 0.01607142757, 0.040563369469, 0.36901665361],
      [0.03802659189, 0.15828454569, 0.2340752585, 0.19636904383, 0.37324456008]
    ],
    [
      [0.46837828976, 0.032468907717, 0.15846413287, 0.10982142673, 0.23086724293],
      [0.04842919628, 0.033831185304, 0.50412664948, 0.086645704634, 0.3269672643],
      [0.12542578762, 0.29525961755, 0.025555006914, 0.02048972459, 0.53326986332],
      [0.031055630871, 0.096060637817, 0.30430964145, 0.09040132504, 0.47817276482]
    ],
    [
      [0.48464157213, 0.033628109932, 0.15713318981, 0.18058407882, 0.1440130493],
      [0.053077465937, 0.037130845255, 0.54049278765, 0.15096660992, 0.21833229123],
      [0.15575512061, 0.36736337565, 0.028348068058, 0.04467504976, 0.40385838592],
      [0.034094291922, 0.11348581705, 0.33734547495, 0.17975603711, 0.33531837897]
    ],
    [
      [0.57277155982, 0.028814893552, 0.13048734544, 0.11170296224, 0.15622323895],
      [0.071566042081, 0.036565740657, 0.51347030636, 0.1074022579, 0.270995653],
      [0.18635515774, 0.31923910345, 0.024151444581, 0.027915925387, 0.44233836884],
      [0.040383821691, 0.10860453081, 0.31527905726, 0.12349019265, 0.41224239759]
    ],
    [
      [0.3536536618, 0.055352061973, 0.17381083829, 0.16680694982, 0.25037648812],
      [0.030690837669, 0.050797326131, 0.49049004893, 0.11529656184, 0.31272522542],
      [0.076054876259, 0.40389057383, 0.021530331837, 0.027925017253, 0.47059920082],
      [0.011446179458, 0.14095752891, 0.2812736594, 0.12540118386, 0.44092144838]
    ],
    [
      [0.46527595899, 0.050368880126, 0.12297522978, 0.18882186653, 0.17255806458],
      [0.053886784113, 0.058819883827, 0.44481128151, 0.16707168308, 0.27541036746],
      [0.11805238974, 0.44451494281, 0.017431098777, 0.037091167001, 0.38291040168],
      [0.031582490609, 0.15970109827, 0.24822855006, 0.17751162796, 0.3829762331]
    ],
    [
      [0.46491915605, 0.040988018344, 0.10641480513, 0.19289192034, 0.19478610014],
      [0.055769124586, 0.049379181798, 0.39915673669, 0.17545043161, 0.32024452531],
      [0.12374031454, 0.36929184822, 0.015289085387, 0.039452605705, 0.45222614615],
      [0.031838909075, 0.13337843493, 0.21415324944, 0.18262817635, 0.43800123021]
    ]
  ],
  "expected_outcome": [
    [
      [24.3492491635, 30.2370587342, 34.7670806958, 31.9204848027, 24.281856855, 26.1703866243, 28.588949903, 34.2120235142, 38.5409224391, 28.3443391055, 28.679784025, 32.0504290828, 18.6600062723, 7.9592826859, 3.0933160685, 7.7122717815, 6.5548421485, 7.0606626207, 4.9140841076, 6.0848236674, 3.8940743655, 6.0767313972, 6.730430607, 4.5413421483, 4.2643622403, 8.269739387, 6.3865756796, 5.1660753165, 2.6991723048, 5.4846853126, 5.7190849935, 6.2573469699, 3.3614423838, 7.1472269213, 7.0078810766, 3.3984514402, 5.1405629231, 8.1822676631, 10.7526024343, 6.3567600265, 3.6380647597, 4.0101596715, 5.3438703204, 4.5613482993, 7.4940526361, 6.3003404377, 12.0282027562, 6.0121122506, 3.7222076719, 6.0439490286],
      [1.2217300863, 3.2110673316, 0.62084645289, 4.2693330181, 1.5685393701, 3.9970038235, 0, 2.5747930721, 1.6618106469, 3.2392852863, 2.7624536556, 2.4021182279, 1.6578175049, 0.56497991199, 0.51644205331, 0.55224120251, 0.42489162991, 0.72145523975, 0.40738552854, 0.67436057391, 0.12673944888, 0.82900292451, 0.30350501204, 0.29147017443, 0.47949639952, 0.94111969899, 0.38231029012, 0.31811787406, 0.23761577269, 0.42271462998, 0.35239326942, 0.35945409125, 0.43016204376, 0.56958293526, 0.80645878316, 0.41323821339, 0.36499095918, 0.34885824113, 1.1139617405, 0.42036980216, 0.51469855993, 0.21909769582, 0.70809999495, 0.40443569086, 0.51950252347, 0.43716542912, 0.6051127646, 0.94098505354, 0.40295104101, 0.53284423847],
      [10.4526363886, 10.7201523814, 12.3031300001, 9.9276782678, 10.4897973757, 12.2136288748, 9.6919674032, 8.9769837403, 5.6623909379, 6.1479121915, 7.9608930405, 7.2798258547, 3.4424738943, 2.4225891901, 1.1886023322, 2.3207263877, 2.061384426, 2.3447542868, 1.1785585891, 2.1109916665, 0.81933418106, 1.820508966, 1.9943104466, 1.1119168213, 1.3231255827, 2.1172605346, 1.2563918343, 0.95796508654, 0.86088242913, 2.1533888835, 1.1651227258, 1.7673288766, 0.52478376411, 2.0275914347, 1.4463202966, 1.645350902, 1.945837893, 1.6438667266, 3.0181297949, 2.1163705669, 2.1182268404, 0.63608593339, 2.8201161847, 0.94371564892, 2.535426126, 2.0427314676, 2.7402342542, 2.9547842509, 0.98380183825, 1.3833924667],
      [12.7205546004, 6.1735955679, 9.7504620814, 5.6603993619, 17.5766761633, 10.1798825573, 11.078144572, 7.4281354127, 12.1733278314, 12.4086589034, 6.9889135119, 10.2749125427, 6.881735202, 1.0489774648, 1.2312002513, 3.0299878475, 1.2202048996, 2.5707955957, 1.5688058541, 1.3486429931, 1.3212755792, 2.1691413873, 1.727372685, 1.6635939403, 1.7375274272, 2.4563876582, 2.2422955143, 1.9628551602, 2.2587090978, 1.9103183358, 1.7204930109, 1.1498966945, 1.8061442634, 0.8965523561, 1.3381941026, 0.88696924406, 1.2682119858, 1.4058340146, 2.0682508146, 1.8358533385, 2.8944145107, 1.1120397564, 2.4369080461, 1.7258464312, 1.7571428276, 2.3475930247, 2.345762207, 2.8357181469, 1.5105749322, 2.5075949644],
      [11.2558297611, 9.6581259849, 11.5584807698, 11.2221045495, 13.0831302359, 12.4390981201, 11.6409381218, 9.8080642607, 11.9615481447, 12.8598045132, 14.607955767, 6.9927142919, 7.3579671265, 2.0041707472, 1.9704392947, 2.3847727808, 1.738676896, 3.3023322571, 1.9311659206, 2.7811810991, 0.83857642536, 2.104615325, 2.2443812493, 1.3916769157, 2.1954883502, 4.2154927212, 1.7324266817, 1.5949865627, 0.94362039558, 2.0288928381, 2.0429060004, 2.4659733679, 1.8774675449, 1.3590463527, 3.401145741, 1.6559902004, 1.280396239, 2.4191733546, 3.0470552157, 2.2706462659, 1.8345953292, 1.0226169429, 2.6910054538, 1.3646539297, 3.6938758868, 1.872169641, 3.280688018, 4.2564002981, 1.3804645166, 2.5322193018]
    ],
    [
      [0.65492773024, 0.698620523, 0.7560660441, 0.64074381149, 0.50159593894, 0.2698725628, 0.57639728562, 0.59641183275, 1.0248360004, 0.93355345287, 0.58237473026, 1.7062979669, 2.2940513906, 4.1511234339, 2.0095378257, 3.4709473512, 4.031694368, 2.6250654448, 3.643625672, 2.9642478298, 5.3636245021, 3.9508695266, 3.804390225, 3.9537969903, 2.7376385807, 0.57223085305, 1.0603793708, 0.68975487183, 0.63489414485, 0.36752963865, 0.72867405762, 1.0769205203, 1.1321135104, 0.62715362767, 0.91444956742, 0.42108633305, 0.57860909425, 0.91245938371, 0.62290157846, 0.5194935412, 0.46841316327, 1.5282453408, 0.37384243281, 0.77816970279, 0.29057517768, 0.4246197275, 1.0734906312, 0.52174424038, 0.80830176169, 0.83653686879],
      [0.3765546996, 0.70704386008, 0.2547970454, 1.1276463352, 0.32852393271, 0.42870601226, 0.15706314176, 0.40834716996, 0.45362710237, 1.0098658045, 0.4996781969, 1.1677184169, 1.950616644, 3.0040405003, 3.7131437003, 2.5116078419, 2.69541524, 2.7992202687, 3.0257168512, 3.2249135273, 1.4243258053, 4.8898632957, 1.4102387292, 2.5625085787, 3.1512150863, 0.64516290611, 0.63489585364, 0.42249839355, 0.54184785731, 0.28063349063, 0.44699552154, 0.59484841073, 0.74331745318, 0.49205512934, 1.0323320089, 0.50871089377, 0.40644081247, 0.40149955718, 0.66571390487, 0.34767042068, 0.69041575802, 0.87155332644, 0.50159537277, 0.6988678499, 0.20298711183, 0.29704676204, 0.54848610986, 0.86355454423, 0.88229825741, 0.74068772697],
      [8.4895711252, 7.5737232686, 8.2189082997, 5.5496670201, 5.9798335496, 3.8797851792, 5.7102708128, 4.7318148211, 5.0513111967, 6.4532716766, 4.766955901, 11.7796185123, 13.5272127167, 36.4670937418, 26.7206526221, 31.0653811547, 37.2339069622, 26.7035007547, 25.8923256728, 30.06701246, 35.5219445527, 34.8570582969, 33.6298706337, 28.8967900171, 25.7392299052, 4.5561575171, 6.551472563, 4.0302519789, 6.1144292727, 4.5683200984, 4.6485718462, 9.2538070539, 2.335292429, 5.6690313095, 5.8144894453, 6.4624678528, 6.9942525269, 5.7507959445, 5.3883730539, 5.4315768539, 8.6586388544, 7.7690021719, 6.2203308074, 5.0524002244, 3.0247598969, 4.3239423012, 7.7020545954, 8.3383308319, 6.6721692227, 5.9873510504],
      [2.5413136262, 1.1008303012, 1.5288726832, 0.90247916477, 2.8726027408, 0.75519869011, 1.5944447367, 0.97485026734, 2.3454749942, 3.0132667537, 1.068550359, 4.0624317477, 6.2176731027, 2.8160911244, 6.9309308236, 9.938083546, 5.0623143511, 7.2853798054, 8.6846492001, 4.1109179333, 13.5792036905, 10.4251662131, 7.2637259487, 10.5501144595, 8.5212779793, 1.272542674, 2.8257671044, 1.9739333486, 3.8038679375, 0.95380212023, 1.6493649201, 1.4417075599, 2.364687364, 0.59400852373, 1.2953232394, 0.82331748632, 1.0744078176, 1.206355563, 0.9166012076, 1.1440503323, 2.8735836108, 3.323596294, 1.3036134206, 2.2538898957, 0.5198742278, 1.2077328794, 1.6110338685, 1.9600415513, 2.5060752462, 2.6317564741],
      [3.9376328187, 2.9197820471, 3.2413559277, 2.7794636684, 3.3174438379, 1.6664375556, 2.9618240231, 2.2885759089, 4.1247507063, 5.5900423124, 4.0824408128, 5.2839333563, 12.0104461461, 13.5616511997, 19.6257350283, 14.0139801062, 13.9766690787, 16.5868337263, 18.7536826039, 17.6329082496, 16.1109014495, 17.8770426677, 16.8917744634, 16.0367899544, 18.8506384485, 3.9539060497, 3.9274851081, 2.8835614071, 2.9049607876, 1.8297146521, 3.5263936546, 5.6327164552, 4.4245892435, 1.6177514097, 5.943405739, 2.784417434, 1.9462897488, 3.7288895517, 2.4064102552, 2.5572088519, 3.3089486135, 5.5076028669, 2.6006179664, 3.2166723273, 1.9618035858, 1.7466583299, 4.064934795, 5.3163288322, 4.131155512, 4.8036678797]
    ],
    [
      [1.727851575, 1.5841570419, 1.1030278344, 0.93031710919, 0.94886753397, 1.2617694721, 2.0242790784, 1.4812504494, 2.2213126187, 1.5546732927, 1.2546273589, 0.71315633233, 1.5873796702, 2.41120318, 1.6884252423, 1.3665560895, 1.887753883, 0.7771990959, 1.9676685362, 1.5422191143, 2.2602919346, 0.7471675042, 2.0476264619, 1.9091111162, 1.6339260308, 5.7328057164, 9.9267623097, 11.8454248275, 9.3813777579, 9.8963084254, 10.084470841, 8.0365743529, 6.2828949022, 12.7865579402, 6.7747499637, 6.8644095116, 11.9756589612, 6.1782635635, 1.3336914074, 2.0616812825, 0.99279514869, 2.942681203, 1.1406136155, 2.2648067088, 2.3830899648, 2.024816568, 1.6771964196, 0.83660363885, 1.4166286768, 1.1136628309],
      [3.5837445974, 5.6241427768, 1.4278043238, 6.1787777191, 2.2173248139, 7.0800339383, 2.3530300972, 3.4690694645, 3.4001857231, 5.8282422204, 3.6784883854, 1.6285707963, 4.4814414114, 5.756619188, 9.9144866356, 3.3259248355, 4.1718907141, 2.7041491511, 5.5818632465, 5.8460797097, 2.6149904444, 3.6794565093, 3.2960525593, 4.2087175183, 6.2899848332, 21.9623266882, 20.0644614303, 24.3232397954, 26.0254579741, 25.3164421689, 20.7337005574, 15.2685903619, 29.385796408, 33.2050957997, 25.4279901561, 28.125622803, 28.1424313902, 9.314892947, 4.9940054549, 4.6860883065, 4.7401658138, 5.5397181926, 5.1410693157, 6.9247700808, 5.6099327335, 4.7757238834, 2.8731519311, 4.4427963122, 5.3341793137, 3.3236266339],
      [0.40840403644, 0.30968028395, 0.21667527212, 0.16766506697, 0.22101007887, 0.32052759394, 0.37523872706, 0.21369149971, 0.1817108834, 0.17946982934, 0.19468826812, 0.088790368345, 0.14831023585, 0.42074035759, 0.37796430042, 0.22943503281, 0.33012460666, 0.14336581012, 0.24770091921, 0.30823917168, 0.27981258532, 0.12577390224, 0.33666184636, 0.25914186312, 0.26976281276, 0.78326235562, 1.1303713802, 1.1991665966, 2.2042928922, 2.0592441686, 1.0928488182, 1.4350210994, 0, 2.2343567417, 0.74134027224, 1.8537267344, 2.2524021156, 0.78615512548, 0.21894972318, 0.38035283211, 0.33363394391, 0.25011868814, 0.33020793767, 0.25714284112, 0.48554513136, 0.36852488476, 0.21736300123, 0.23683365021, 0.20917318532, 0.13760176849],
      [0.67160537329, 0.24272183106, 0.22745046481, 0.12233491681, 0.54497638372, 0.36868962648, 0.57671313335, 0.24179611914, 0.51854242216, 0.50658194582, 0.22962190514, 0.16880882236, 0.44240031842, 0.18926951132, 0.543413646, 0.40768597432, 0.26080822345, 0.21692406968, 0.49062339715, 0.22617168744, 0.58345314803, 0.20527938928, 0.40508819447, 0.5312892846, 0.52118220361, 1.3919526259, 2.613098683, 3.3699732483, 3.578705118, 2.8464149, 2.5427816415, 0.77115284758, 3.0446399302, 0.69050537094, 0.51750638367, 1.0647401833, 2.5383039701, 0.7897200035, 0.19127027066, 0.46275262458, 0.59124283034, 0.63759627331, 0.40469268499, 0.64901391151, 0.38930476722, 0.58077564688, 0.25124332848, 0.30717518978, 0.44509400401, 0.35507345135],
      [6.6083944179, 4.2392980663, 3.0250421049, 2.600905188, 4.0678211895, 4.9689793692, 6.6707389641, 3.5941924672, 5.6782483526, 5.9310327118, 5.6425740824, 1.4006736807, 5.3404683641, 5.2221677631, 9.4757101757, 3.6703980679, 4.3494225728, 3.1583618732, 6.712143901, 6.0772903169, 4.2614518877, 2.2423226949, 5.914570938, 5.0917402177, 7.2851441196, 25.1296526139, 23.2653061967, 31.2621955321, 26.8101662579, 30.881590337, 30.546198142, 26.4886613383, 33.2866687596, 20.0834841474, 27.5384132243, 29.0915007676, 25.0912035628, 15.9309683605, 3.2620831439, 6.4091249543, 4.3421622632, 6.629885643, 4.9834164461, 5.9042664578, 10.1321274031, 5.250159017, 3.9810453196, 5.176591209, 4.5949248201, 4.0700353153]
    ],
    [
      [0.26797153125, 0.48016370081, 0.37382542571, 0.50845427662, 0.26767967207, 0.29797134079, 0.810373733, 0.71031420362, 0.21292894173, 0.16743414893, 0.48321388593, 0.53011661802, 0.45856266689, 0.47839070024, 0.20872086347, 0.45022477779, 0.52570960051, 0.53707283862, 0.47462168418, 0.40870938852, 0.48200919775, 0.225231572, 0.41755270617, 0.59574974513, 0.3640731482, 0.4252240436, 0.62628263995, 0.29874498411, 0.28455579242, 0.25147662337, 0.46777010793, 0.62915815701, 0.22354920357, 0.43906151082, 0.3029193923, 0.31605271515, 0.3051690215, 1.7270093897, 2.2908045799, 2.0620651498, 0.9007269283, 2.5189137847, 1.1416736312, 2.3956752891, 1.8322822214, 2.2502232669, 2.221110193, 0.62953987016, 2.0528618896, 2.0058512717],
      [0.81797061675, 2.4577460316, 0.69655217794, 4.4242429276, 0.88561188328, 2.4942562259, 0.48990676108, 2.5477902934, 0.48437652757, 0.9226066888, 2.059379762, 1.8015925589, 1.9101244397, 1.6743603997, 1.8559276108, 1.6102261201, 1.707802416, 2.7751753404, 1.9850343739, 2.2546461891, 0.8339443015, 1.6016772704, 0.99020369944, 1.9373037285, 2.079303681, 2.4513907067, 1.9183324259, 0.936143937, 1.1950783959, 0.98020971045, 1.4669106516, 1.7771071362, 1.4407240951, 1.7332661357, 1.7332190519, 1.9524280898, 1.0861368381, 3.9347492547, 11.2263188997, 6.5458714707, 8.0547198682, 7.3696307852, 8.6492353166, 9.9719263785, 5.6675776312, 7.4900639254, 5.9732491945, 7.7526640901, 10.3805713879, 8.4028414006],
      [3.6493884497, 5.3964440661, 4.2612864281, 4.3549896452, 3.3093589958, 4.586058352, 5.2225230569, 6.0775099389, 1.1045869821, 1.2193463026, 4.0774627903, 3.8517652646, 2.8820031532, 4.6895767105, 2.7127807453, 4.3844574248, 5.3745840051, 5.8083791484, 3.6814148189, 4.5137567018, 3.3789086809, 2.1966588348, 4.0391570734, 4.7321512985, 3.6678816993, 3.5433195927, 4.0617642225, 1.8126163379, 2.820395406, 3.2190468494, 3.0934566099, 5.5438429702, 1.1399238069, 4.0690205141, 1.9978499858, 5.0384545108, 3.8075074644, 11.8191822034, 19.3745474281, 21.071699747, 20.8895003613, 13.3447932065, 21.6293450702, 14.7467412856, 17.9542688458, 22.2648013465, 17.3403481492, 15.470051267, 16.1348557537, 13.4916547144],
      [2.0665264, 1.4828522997, 1.4932147706, 1.3147865565, 3.0057447121, 1.6962291261, 2.750697558, 2.3552182008, 0.96265475222, 1.0714923971, 1.7129142239, 2.4938468873, 2.4581913769, 0.94566189948, 1.2944552792, 2.6242426323, 1.4566725259, 2.9269005292, 2.2559215486, 1.3142673861, 2.5160675824, 1.2004130104, 1.6038131718, 3.2550023157, 2.2200123898, 1.8791170418, 3.3188386982, 1.6932382429, 3.3587178467, 1.289464644, 2.0873604275, 1.6372428981, 1.7845284424, 0.81893374923, 0.84897627436, 1.2249730863, 1.1190762265, 4.5980904189, 5.8238777071, 8.5573437046, 12.6407590481, 10.9267676763, 8.8547858483, 12.3712497616, 5.3336781774, 11.8638984491, 6.791960596, 6.897065112, 11.5382558175, 11.5055751101],
      [4.1981430023, 5.1827939018, 4.1751211976, 5.3975265941, 4.5316047368, 4.9254849551, 6.726498891, 7.3091673633, 2.2354527964, 2.6191204626, 8.6670293377, 4.3226786712, 6.2911183633, 4.2120102901, 4.9281155013, 4.9308490451, 4.9352314524, 8.9524721434, 6.6030075745, 6.5086203344, 3.7890702375, 2.7760193124, 4.9492733492, 6.4797929122, 6.6687290817, 7.7009486152, 6.0747820135, 3.2592564981, 3.3412525589, 3.2598021728, 5.884502203, 8.4126488386, 4.411274452, 2.9397180902, 5.1170352956, 5.468091598, 2.6821104494, 18.9209687333, 21.2844513852, 24.7630199279, 19.5142937941, 23.8398945472, 22.7249601336, 23.5144072853, 28.2121931243, 22.1310130122, 22.6733318674, 24.2506796607, 24.8934551513, 27.5940775031]
    ]
  ],
  "prob": [
    [0.48013838218, 0.03827600793, 0.14381710399, 0.15729078774, 0.18047771817],
    [0.057523920128, 0.046195610576, 0.48945998445, 0.13414142313, 0.27267906172],
    [0.13966907528, 0.37921787845, 0.022041776992, 0.032374529505, 0.42669673978],
    [0.03146862242, 0.13071050304, 0.29188113457, 0.14979325963, 0.39614648033]
  ],
  "iterations": 17,
  "logLik": -512.1692218823,
  "time": 0.009473,
  "message": "Converged",
  "status": 0,
  "miniter": 0,
  "maxiter": 1000,
  "maxtime": 3600,
  "param_threshold": 0.001,
  "ll_threshold": "-Inf",
  "initial_prob": "group_proportional",
  "adjust_prob_cond_method": "project_lp",
  "adjust_prob_cond_every": false
}
