{
  "Z_true": {},
  "V_true": [
    [691, 21, 59, 428, 44],
    [39, 1340, 757, 491, 31],
    [89, 495, 4528, 340, 225],
    [527, 600, 295, 18832, 673],
    [214, 222, 672, 401, 137],
    [54, 154, 142, 602, 259]
  ],
  "p_true": [
    [0.5559, 0.0169, 0.0475, 0.3443, 0.0354],
    [0.0147, 0.5041, 0.2848, 0.1847, 0.0117],
    [0.0157, 0.0872, 0.7976, 0.0599, 0.0396],
    [0.0252, 0.0287, 0.0141, 0.8999, 0.0322],
    [0.13, 0.1349, 0.4083, 0.2436, 0.0832],
    [0.0446, 0.1272, 0.1173, 0.4971, 0.2139]
  ],
  "Z_est": [
    [
      [3.6284, 0, 0, 47.1593, 17.1346, 50.0739, 38.685, 48.7828, 37.3451, 34.4404, 37.2326, 0, 0, 6.0832, 8.7629, 7.5355, 37.5602, 38.5676, 35.9465, 13.7899, 12.1633, 3.1149, 26.1762, 0.8912, 0, 0.7128, 25.5063, 17.4721, 0, 9.6578, 1.5585, 49.7315, 55.9908, 58.1619, 34.3867, 0, 89.375, 3.5159, 10.494, 13.5649, 1.7824, 48.5041, 2.6797],
      [0.2156, 0, 0, 0.9257, 0.4195, 1.4041, 1.315, 1.273, 0.9489, 0.9419, 0.9165, 0.0324, 0, 0.1947, 0.5038, 0.1166, 0.7901, 1.0871, 0.7266, 1.3392, 0.9104, 0.1275, 0.8698, 0.0056, 0.111, 1.3118, 0.6968, 0.4297, 0.0398, 0.3734, 0.1527, 1.2452, 1.5763, 1.8004, 0.6184, 0, 2.0129, 0.0714, 0.2462, 0.3212, 0.0113, 1.9492, 0.3506],
      [0.6979, 0, 0, 4.7097, 1.9938, 6.3536, 5.0828, 5.374, 5.56, 4.4238, 4.3419, 0.4816, 0, 0.4415, 1.2922, 1.3884, 3.8855, 6.4207, 3.994, 1.6922, 3.1183, 1.2225, 3.4379, 0.0631, 0.226, 0.3363, 3.11, 2.1333, 0.2995, 1.9864, 0.9009, 6.0403, 7.4172, 7.3236, 4.6382, 0, 11.5446, 0.2523, 1.3243, 2.8458, 0.1261, 7.1617, 0.6422],
      [0.4552, 0, 0, 2.1738, 1.44, 13.1278, 8.8862, 6.5346, 8.1162, 6.1675, 8.4797, 0.4854, 0, 0.2767, 0.4348, 0.9538, 1.739, 1.8971, 6.3059, 4.1667, 3.7964, 1.5316, 1.4977, 0.0395, 2.4289, 0.6373, 1.6691, 3.9512, 0.2689, 1.9743, 0.3879, 5.9469, 13.9704, 8.6704, 8.3292, 0, 24.994, 0.1581, 1.9275, 2.2572, 0.079, 4.3494, 0.3252],
      [0.0029, 0, 0, 0.0315, 0.012, 0.0407, 0.031, 0.0356, 0.0298, 0.0264, 0.0292, 0.0006, 0, 0.004, 0.0063, 0.0057, 0.0252, 0.0275, 0.027, 0.012, 0.0115, 0.0034, 0.0184, 0.0006, 0.2342, 0.0017, 0.0178, 0.0138, 0.3918, 0.008, 0, 0.0361, 0.0453, 0.0436, 0.0275, 0, 0.0734, 0.0023, 0.008, 0.0109, 0.0011, 0.0356, 0.0023]
    ],
    [
      [0.1441, 0.0417, 1.325, 1.0647, 0.3764, 1.0896, 0.9786, 1.0888, 0.8293, 0.7149, 0.7711, 0, 0.183, 0.1902, 0.3052, 0.1541, 0.7918, 0.9209, 0.6971, 0.3285, 0.1313, 0.0328, 0.7119, 0.0196, 0, 0.0082, 0.6468, 0.3802, 0, 0.2243, 0.0164, 1.1621, 1.2791, 1.425, 0.6017, 0, 1.7703, 0.0995, 0.2078, 0.2754, 0.1611, 1.3684, 0.0328],
      [21.7539, 7.0416, 6.6191, 71.2586, 30.2927, 107.4738, 111.2814, 95.0382, 75.7563, 63.92, 66.2596, 3.8221, 2.2487, 17.6708, 45.2702, 5.8828, 53.0743, 85.72, 47.1368, 27.3632, 33.6779, 11.1136, 75.2997, 0.8658, 3.3785, 9.3827, 59.2349, 33.3655, 3.3785, 28.1089, 5.5568, 100.0818, 127.4503, 146.4095, 36.3045, 0.8741, 145.059, 7.4813, 16.447, 23.2234, 20.21, 166.9274, 42.3073],
      [3.4394, 0.3044, 0.8252, 9.889, 2.5755, 9.9375, 9.7797, 8.1009, 9.701, 2.7776, 5.9929, 1.0308, 0.7302, 6.5499, 5.2148, 3.7693, 2.4649, 12.1693, 4.7628, 9.9028, 2.1472, 4.3289, 7.3048, 0.038, 0.2448, 0.7671, 5.9529, 2.8054, 0.3153, 1.2176, 0.7167, 10.3051, 15.3962, 13.451, 4.6494, 0.603, 16.127, 0.676, 0.8909, 4.2051, 2.2297, 16.0658, 7.4746],
      [4.4572, 0.5575, 1.1622, 15.1167, 2.509, 17.5609, 22.9605, 10.9778, 17.0013, 5.0876, 9.408, 3.9365, 1.0191, 4.3905, 3.8331, 5.0911, 4.2513, 7.4572, 4.013, 14.0494, 4.7629, 2.0669, 14.0125, 0.0697, 0.3493, 0.7666, 13.6176, 8.1407, 0.2788, 2.2302, 1.7101, 21.5334, 25.7033, 23.4409, 3.1362, 0.8461, 29.7153, 0.6952, 1.3242, 2.0908, 2.228, 21.221, 11.1853],
      [0.2054, 0.0548, 0.0685, 0.6711, 0.2465, 0.9381, 0.9998, 0.7943, 0.7122, 0.4999, 0.5684, 1.2106, 0.8189, 0.1986, 0.3766, 0.1027, 0.4177, 0.7327, 0.3903, 0.3561, 0.2808, 0.4579, 0.6711, 0.0068, 0.0274, 0.0753, 0.5478, 0.3081, 0.0274, 0.2191, 0, 0.9176, 1.1709, 1.2737, 0.3081, 0.6768, 1.3284, 0.048, 0.1301, 0.2054, 0.1712, 1.4175, 0]
    ],
    [
      [0.7593, 0.8001, 1.053, 5.9741, 1.9308, 4.418, 3.8033, 10.0473, 5.0241, 3.3338, 2.5491, 0, 0.3889, 1.7862, 2.0271, 1.2336, 5.7088, 7.5904, 2.6547, 0.7269, 0.1787, 0.0447, 4.2081, 0.4039, 0, 0.0112, 5.7636, 1.3274, 0, 1.1701, 0.0223, 4.9388, 5.1591, 8.4778, 3.7724, 0, 7.8214, 0.7549, 0.9406, 2.6689, 1.7634, 7.3285, 0.2156],
      [0.5616, 1.1641, 0.0542, 2.2554, 1.1501, 7.6658, 2.6879, 4.8569, 2.9967, 2.1278, 1.6341, 0.0694, 0.0203, 0.1625, 2.1883, 0.061, 3.1774, 4.4779, 1.5155, 0.494, 1.3032, 0.0948, 2.9715, 3.7957, 0.0846, 0.9393, 1.7877, 0.7291, 0.3128, 3.0659, 0.0474, 3.014, 3.3761, 3.7383, 2.0427, 0.0068, 1.3072, 0.2097, 0.5666, 1.4057, 0.712, 5.0336, 0.6531],
      [39.1231, 10.6902, 19.2861, 233.6739, 71.4752, 193.1113, 173.3372, 147.1399, 239.2711, 152.1043, 105.459, 3.9704, 11.5538, 94.2149, 180.7274, 41.0048, 271.5549, 367.3888, 107.7735, 27.6831, 35.9039, 16.6069, 151.4512, 7.7014, 3.2111, 16.524, 122.1036, 44.4778, 27.7079, 123.1642, 10.4967, 216.8081, 240.3959, 252.69, 171.2467, 5.0768, 351.5778, 13.8133, 41.5909, 139.1116, 53.0665, 353.6195, 34.3892],
      [1.1613, 0.6094, 0.7683, 12.5795, 8.6728, 9.8659, 6.1346, 9.2531, 8.2729, 2.1401, 1.4855, 0.1416, 1.7708, 3.9511, 12.4531, 0.5665, 15.4263, 30.3297, 5.8991, 0.4028, 0.7205, 0.2959, 10.4156, 0.9576, 2.2877, 1.2042, 10.792, 0.642, 2.4518, 10.4212, 0.4335, 12.5971, 3.3235, 3.4997, 12.5416, 0.0755, 8.3535, 0.9392, 0.5917, 7.0465, 2.4017, 15.5802, 1.7519],
      [2.3947, 0.7362, 1.8384, 17.5171, 16.7711, 8.9391, 11.037, 10.7028, 20.4352, 10.294, 6.8723, 0.8186, 1.2663, 4.8853, 8.6041, 2.1341, 15.1326, 22.2132, 6.1573, 2.6932, 2.8937, 1.9578, 11.9535, 0.1414, 0.4166, 0.3213, 8.5531, 3.8237, 2.5275, 6.1785, 0, 12.6421, 11.7454, 9.5942, 10.3965, 0.8409, 27.9401, 0.2829, 3.3103, 3.7674, 3.0564, 22.4381, 0.9901]
    ],
    [
      [0.8755, 1.0046, 3.1617, 30.508, 9.9054, 17.1293, 13.4048, 19.8894, 12.3761, 14.2969, 15.6431, 0, 0.8026, 2.3971, 2.2657, 2.8009, 22.5051, 16.523, 18.9191, 3.7167, 2.2657, 0.5664, 13.5028, 0.6041, 0, 0.1416, 12.0048, 7.4815, 0, 2.1241, 0.2832, 26.6081, 19.4194, 23.6558, 12.5507, 0, 26.5841, 1.9782, 4.7461, 3.3101, 3.6768, 22.2175, 0.5664],
      [1.438, 3.1369, 0.0505, 0.5813, 5.3212, 7.1937, 9.8382, 10.3051, 0.6419, 11.961, 6.7402, 0.0253, 0.019, 0.1516, 4.2414, 0.0569, 7.1, 5.1223, 8.1005, 0.2085, 4.86, 0.0885, 6.7591, 0.2693, 0.2391, 0.999, 2.9975, 2.2699, 0.5474, 4.0012, 0.0442, 5.5596, 7.1948, 14.2342, 2.1871, 0.0063, 1.2194, 1.1001, 2.9274, 0.2022, 1.1146, 29.2823, 0.3096],
      [4.1869, 1.1672, 2.3492, 13.3593, 2.8887, 8.0948, 8.5632, 6.3171, 16.9606, 13.1896, 10.6815, 0.4741, 0.4444, 9.4138, 15.1082, 3.8187, 23.5975, 27.1152, 7.9684, 5.6785, 1.492, 3.683, 6.1267, 0.2857, 0.1587, 0.926, 4.9839, 1.8729, 0.9852, 7.1553, 0.6963, 14.5442, 26.0106, 22.4862, 15.5204, 1.0789, 16.8944, 0.7038, 7.6598, 17.3231, 2.744, 23.5083, 5.0506],
      [124.8544, 55.2215, 60.3668, 1052.0763, 441.008, 885.217, 1072.0456, 865.5989, 1102.3873, 672.2359, 608.4934, 36.6453, 16.3495, 126.38, 271.5509, 95.7471, 568.3109, 784.0411, 410.3586, 222.1313, 243.5509, 101.3125, 759.0033, 17.5335, 29.7341, 31.3188, 610.945, 215.5913, 42.0331, 251.5758, 37.9763, 1024.8851, 1075.0101, 910.7951, 523.0158, 18.027, 1925.5115, 66.6032, 225.0086, 223.9405, 193.6796, 1202.285, 207.9222],
      [3.6453, 1.4698, 5.0717, 36.4751, 22.8766, 15.3652, 18.1482, 17.8894, 51.6342, 18.3166, 10.4418, 1.8554, 1.3846, 7.6574, 9.8337, 2.5764, 29.4866, 42.1984, 10.6534, 5.2649, 6.8314, 3.3496, 27.6081, 0.3073, 0.8681, 0.6146, 14.0689, 10.7844, 4.4344, 7.1435, 0, 20.4031, 15.3652, 13.8287, 21.7259, 2.8878, 68.7906, 0.6146, 6.6581, 5.2242, 3.785, 42.707, 2.1511]
    ],
    [
      [0.5875, 0.1523, 0.4568, 7.2324, 2.6321, 7.2341, 6.087, 8.1373, 5.3791, 6.1747, 5.7658, 0, 0.6243, 1.5345, 2.6235, 1.2675, 6.3907, 7.3497, 4.7469, 1.4245, 1.2507, 0.2391, 4.3675, 0, 0, 0.1252, 4.0463, 2.3221, 0, 1.8119, 0.1196, 7.505, 8.0934, 10.2163, 4.6553, 0, 15.3588, 0.6473, 1.5991, 2.1651, 1.7782, 7.5218, 0.5006],
      [3.6751, 0.5049, 1.1745, 15.8099, 7.2446, 24.3562, 23.9584, 24.773, 16.4107, 21.7529, 17.255, 0, 0.6739, 5.5153, 12.9575, 2.7685, 15.8288, 24.0422, 10.6437, 3.1757, 4.6638, 2.3977, 15.791, 0, 1.1231, 1.1892, 12.2918, 6.6466, 0.6572, 7.8914, 1.1989, 21.4091, 27.2546, 36.2123, 10.1863, 0.1001, 40.9487, 1.9976, 4.4951, 6.4409, 6.5836, 32.7701, 4.7568],
      [1.3112, 0.1391, 0.7575, 16.9861, 5.9861, 18.6312, 17.2067, 18.6387, 17.3398, 21.1244, 16.7445, 0, 0.8674, 7.4644, 16.8383, 3.9192, 20.3179, 28.1655, 8.4972, 0.9736, 1.2518, 2.3388, 12.3258, 0, 0.8562, 0.2782, 10.0555, 4.4008, 0.1391, 8.7177, 1.1894, 18.0763, 22.1877, 28.9444, 12.6055, 2.8617, 47.1517, 1.5524, 4.1547, 9.4685, 6.6208, 16.2426, 1.1127],
      [1.335, 0.1907, 0.5721, 12.2813, 5.8506, 23.8015, 22.823, 35.3047, 13.18, 30.8928, 22.4141, 0, 0.7954, 10.16, 17.9164, 6.8495, 18.655, 34.205, 5.7214, 1.335, 1.7164, 2.9201, 10.9425, 0, 2.9556, 0.3814, 9.1374, 4.3962, 0.1907, 9.2142, 1.4922, 17.1627, 24.3831, 48.9857, 12.0319, 0.9861, 105.7791, 2.7115, 5.5427, 7.5869, 12.6527, 13.5406, 1.5257],
      [0.0912, 0.013, 0.0391, 0.6904, 0.2866, 0.977, 0.9249, 1.1463, 0.6904, 1.0551, 0.8207, 0, 0.0391, 0.3257, 0.6644, 0.1954, 0.8076, 1.2375, 0.3908, 0.0912, 0.1172, 0.1042, 0.5732, 0, 0.0651, 0.0261, 0.469, 0.2345, 0.013, 0.3647, 0, 0.8467, 1.0812, 1.6413, 0.5211, 0.0521, 2.7616, 0.0912, 0.2084, 0.3387, 0.3647, 0.9249, 0.1042]
    ],
    [
      [0.0052, 0.0014, 0.0035, 0.0615, 0.0206, 0.0552, 0.0413, 0.0544, 0.0463, 0.0393, 0.0383, 0, 0.0012, 0.0088, 0.0156, 0.0084, 0.0435, 0.0485, 0.0357, 0.0135, 0.0103, 0.002, 0.0334, 0.0812, 0, 0.0011, 0.0323, 0.0167, 0, 0.0117, 0, 0.0545, 0.0582, 0.0631, 0.0333, 0, 0.0904, 0.0042, 0.0125, 0.0157, 0.838, 0.0598, 0.0048],
      [0.3559, 0.1525, 0.1017, 1.1692, 0.5719, 1.9064, 1.9191, 1.7538, 1.2455, 1.2963, 1.1946, 0.0508, 0.0381, 0.305, 0.8388, 0.1144, 1.0294, 1.5505, 0.8769, 0.4194, 0.5846, 0.1779, 1.309, 0.0635, 0.0637, 0.1779, 0.9913, 0.5592, 0.0643, 0.5592, 0, 1.6903, 2.1478, 2.6053, 0.6609, 0.0127, 2.4528, 0.1398, 0.3177, 0.4067, 0.3686, 3.0375, 0.6227],
      [3.2416, 0.6991, 0.782, 20.382, 6.0807, 18.8716, 14.0304, 13.4293, 21.1676, 13.3803, 9.7801, 1.0431, 0.4042, 5.9154, 12.8191, 3.0996, 15.1794, 23.7405, 7.0041, 4.0697, 3.0868, 1.8199, 12.3535, 0.9118, 0.3031, 1.1684, 10.794, 3.3099, 1.553, 7.7587, 0, 15.226, 19.5924, 19.1048, 10.3398, 0.3796, 28.7044, 1.0023, 4.3793, 9.046, 4.2129, 25.4021, 4.3306],
      [3.7369, 0.4208, 0.1305, 27.7724, 6.5197, 29.4269, 15.15, 17.3308, 28.0423, 16.4761, 11.7193, 0.7913, 0.0653, 2.8417, 11.8117, 2.792, 3.6175, 15.0699, 3.7021, 6.9148, 3.4528, 1.873, 14.1284, 0.3997, 0.2445, 0.6915, 14.8389, 2.2786, 0.7767, 5.5843, 0, 11.8748, 20.6097, 16.6082, 3.9453, 0.0653, 29.6465, 0.8927, 6.6054, 6.0782, 3.959, 23.0237, 5.2896],
      [3.6605, 0.7261, 0.9823, 25.6148, 8.8072, 23.7399, 15.8592, 16.4316, 27.4983, 15.808, 11.2676, 1.1148, 0.4912, 4.929, 12.5149, 2.9856, 12.1302, 22.5906, 6.3812, 5.5826, 3.8655, 2.1271, 15.1757, 0.5438, 0.3887, 0.961, 13.3435, 3.8355, 1.606, 7.086, 0, 15.1544, 20.5919, 18.6186, 9.0208, 0.5424, 34.1058, 0.961, 5.6851, 7.4534, 4.6215, 27.477, 3.7522]
    ]
  ],
  "V_est": [
    [928.168, 28.3827, 124.2841, 160.8305, 1.3348],
    [22.5495, 2041.0223, 227.8306, 345.965, 20.6326],
    [118.7806, 76.5184, 4923.278, 241.2086, 317.2143],
    [392.4127, 170.6461, 363.2668, 19408.2783, 592.3962],
    [150.1238, 479.5265, 434.4414, 560.5188, 21.3896],
    [1.9654, 35.904, 379.8992, 377.1989, 416.0326]
  ],
  "p_est": [
    [0.7467, 0.0228, 0.1, 0.1294, 0.0011],
    [0.0085, 0.7679, 0.0857, 0.1302, 0.0078],
    [0.0209, 0.0135, 0.8672, 0.0425, 0.0559],
    [0.0188, 0.0082, 0.0174, 0.9274, 0.0283],
    [0.0912, 0.2913, 0.2639, 0.3405, 0.013],
    [0.0016, 0.0296, 0.3137, 0.3115, 0.3435]
  ],
  "EI_Z": {},
  "EI_V": 8.9463,
  "MAE_Z": {},
  "MAE_V": 198.9768,
  "MAE_p": 0.081,
  "runtime": 1.66
}
