{
  "Z_true": {},
  "V_true": [
    [30, 23, 643, 49, 1351, 292, 71],
    [14, 692, 36, 33, 152, 725, 64],
    [137, 271, 177, 233, 381, 11076, 297],
    [67, 57, 234, 119, 5480, 302, 115],
    [51, 39, 117, 1536, 816, 889, 95],
    [596, 16, 47, 51, 605, 670, 91],
    [37, 105, 50, 70, 255, 660, 463]
  ],
  "p_true": [
    [0.0122, 0.0094, 0.2615, 0.0199, 0.5494, 0.1187, 0.0289],
    [0.0082, 0.4033, 0.021, 0.0192, 0.0886, 0.4225, 0.0373],
    [0.0109, 0.0216, 0.0141, 0.0185, 0.0303, 0.881, 0.0236],
    [0.0105, 0.0089, 0.0367, 0.0187, 0.8597, 0.0474, 0.018],
    [0.0144, 0.011, 0.033, 0.4335, 0.2303, 0.2509, 0.0268],
    [0.2871, 0.0077, 0.0226, 0.0246, 0.2914, 0.3227, 0.0438],
    [0.0226, 0.064, 0.0305, 0.0427, 0.1555, 0.4024, 0.2823]
  ],
  "Z_est": [
    [
      [0.0407, 0.0372, 1.667, 5.8133, 2.7627, 3.4497, 3.6756, 1.2532, 0.7391, 1.2013, 3.0504, 0, 5.3471, 0.7812, 3.441, 1.2033, 1.7677, 3.2651, 0.949, 2.7481, 2.0859, 1.1863, 1.6392, 1.7806, 1.828, 0.7987, 1.8905, 1.0055, 2.4509, 2.0938, 0.3717, 0.2405, 0.9045, 2.2091, 0.068, 1.6187, 0.2021, 8.2331, 0.2615],
      [0.0553, 0.0041, 0.1605, 1.017, 0.2351, 0.4444, 0.6392, 0.2151, 0.307, 0.2353, 0.4235, 0.0156, 0.9324, 0.1038, 0.3795, 0.123, 0.2711, 0.6199, 0.2396, 0.4834, 0.3688, 0.2851, 0.1766, 0.3638, 0.0848, 0.2809, 0.1449, 0.2198, 0.2541, 0.1102, 0.0242, 0.0606, 0.1112, 0.3313, 0.0101, 0.2829, 0.0176, 2.2502, 0.0584],
      [1.6809, 0.6763, 7.7142, 52.2963, 25.4608, 19.9044, 25.8473, 7.8777, 5.7651, 8.4279, 19.7117, 0.8946, 40.7285, 5.5192, 11.3673, 6.4055, 12.3685, 14.0925, 8.6234, 17.3983, 12.3885, 8.2094, 12.0144, 15.2577, 15.8536, 7.1267, 17.803, 12.9376, 25.8106, 11.6875, 2.2191, 2.933, 7.7048, 11.1666, 0.4626, 14.8456, 1.2616, 43.8526, 4.2312],
      [0.0023, 0.0039, 0.0783, 0.4027, 0.1644, 0.0934, 0.2961, 0.0847, 0.0724, 0.0437, 0.1986, 0.0023, 0.1668, 0.0667, 0.1529, 0.0658, 0.1285, 0.2062, 0.0382, 0.1852, 0.1059, 0.0342, 0.0563, 0.1013, 0.129, 0.0193, 0.1401, 0.093, 0.1475, 0.1373, 0.0284, 0.498, 0.0298, 0.0183, 0.0049, 0.1408, 0.0081, 0.4855, 0.0024],
      [1.2038, 1.2768, 38.9809, 157.7076, 65.3599, 70.187, 80.0592, 31.9888, 17.8876, 25.7511, 77.2928, 1.8484, 136.7139, 20.3403, 44.7789, 23.8786, 52.032, 49.6109, 20.8287, 55.9688, 36.6878, 28.8633, 48.7622, 56.0886, 50.408, 28.4759, 62.298, 46.162, 86.4485, 59.663, 6.2359, 12.8871, 25.9854, 51.7696, 1.439, 73.6335, 3.4799, 161.1498, 10.1494],
      [0.0157, 0.0017, 0.3763, 1.6852, 1.0104, 0.8951, 1.4362, 0.5614, 0.2205, 0.3295, 1.2869, 0.2319, 1.0322, 0.1759, 0.8482, 0.3083, 0.406, 1.1549, 0.3115, 1.1849, 0.342, 0.4196, 0.3267, 0.3851, 0.6692, 0.2855, 0.6932, 0.5602, 0.8692, 0.2959, 0.1136, 0.3579, 0.2496, 0.4777, 0.0145, 0.4651, 0.029, 1.9573, 0.29],
      [0.0013, 0.0001, 0.0228, 0.0778, 0.0068, 0.0259, 0.0465, 0.0191, 0.0083, 0.0113, 0.0361, 0.0072, 0.0791, 0.013, 0.0322, 0.0155, 0.0262, 0.0506, 0.0096, 0.0312, 0.021, 0.0021, 0.0246, 0.0229, 0.0275, 0.0129, 0.0303, 0.0218, 0.0193, 0.0123, 0.007, 0.0229, 0.0148, 0.0275, 0.001, 0.0133, 0.0017, 0.0715, 0.0071]
    ],
    [
      [0.0131, 0.4399, 5.7056, 7.5187, 5.3064, 5.6911, 9.0146, 4.3571, 1.5071, 2.4677, 5.9553, 0, 7.7915, 1.1743, 8.1109, 3.1999, 4.4557, 6.2966, 1.2703, 4.6106, 4.6976, 1.2284, 2.1763, 3.0081, 3.7412, 0.8337, 3.0481, 1.9102, 4.4288, 3.1132, 1.1097, 0.3699, 0.961, 5.9916, 0.1338, 4.7561, 0.5561, 14.1673, 1.4945],
      [0.9105, 4.6392, 21.7928, 47.4357, 19.105, 26.3917, 57.7882, 28.2675, 24.1513, 17.7368, 30.2124, 5.6419, 50.5624, 5.7463, 33.6182, 12.1595, 25.2484, 44.578, 12.1348, 29.5277, 30.8019, 11.6127, 9.1769, 22.6396, 8.0003, 12.0312, 10.3923, 14.8132, 18.3779, 8.3094, 3.2778, 2.9818, 4.3917, 33.071, 0.9615, 30.4981, 2.0582, 150.6784, 14.4298],
      [0.0125, 0.6975, 2.6352, 6.5255, 4.8119, 3.1606, 6.2505, 2.7309, 1.1414, 1.6431, 3.7137, 3.155, 5.8206, 0.7677, 2.6714, 1.607, 3.0085, 2.6752, 1.0923, 2.8189, 2.7038, 0.8163, 1.5383, 2.487, 3.1054, 0.7261, 2.7948, 2.2769, 4.5322, 1.7183, 0.5842, 0.3361, 0.7882, 2.9355, 0.0923, 4.2272, 0.3131, 7.4753, 2.3811],
      [0.0001, 0.0646, 0.0023, 0.0105, 0.0117, 0.0012, 0.0123, 0.0062, 0, 0.0001, 0.0111, 0.1018, 0.0023, 0.0062, 0.014, 0.0094, 0.0105, 0.0212, 0.0001, 0.0081, 0.007, 0.0006, 0.001, 0.0038, 0.0111, 0, 0.005, 0.0059, 0.0075, 0.0119, 0.0044, 0.0436, 0.0005, 0.0005, 0.0004, 0.0148, 0.0019, 0.0354, 0],
      [0.0035, 0.7097, 4.6414, 6.7396, 4.3645, 3.8921, 6.7027, 3.7318, 1.2182, 1.7189, 5.0917, 1.6343, 7.0511, 1.0292, 3.5053, 2.1428, 4.437, 3.2339, 0.9048, 3.1013, 3.072, 1.0345, 2.1913, 3.0384, 3.5665, 0.7507, 3.3962, 2.8527, 5.3247, 3.1756, 0.6034, 0.5169, 0.7649, 4.686, 0.2213, 7.2666, 0.4907, 9.7068, 1.8259],
      [0.0214, 0.3404, 20.5413, 22.2808, 16.6757, 11.9747, 27.1271, 10.3593, 4.2111, 5.4679, 17.9889, 3.4113, 23.3002, 1.7304, 17.8326, 9.1401, 15.2622, 22.0592, 4.0147, 16.3917, 11.7934, 3.0276, 5.9245, 7.2303, 6.2559, 2.2542, 9.6127, 7.2688, 13.392, 6.7724, 2.9027, 3.1705, 1.7486, 9.0231, 0.2805, 14.942, 1.3325, 28.8759, 4.083],
      [0.0389, 0.1087, 3.6814, 4.4892, 1.7248, 1.8886, 5.1045, 2.5473, 0.7709, 0.9656, 3.0269, 1.0557, 4.4719, 0.546, 3.2476, 1.7413, 3.5777, 5.1359, 0.583, 2.5418, 2.9244, 0.2799, 0.9917, 1.5928, 1.3197, 0.4041, 1.751, 1.8722, 1.937, 0.8993, 0.5178, 0.5812, 0.3451, 2.2923, 0.3101, 2.2952, 0.2476, 9.0607, 0.7857]
    ],
    [
      [0.1, 1.145, 8.2339, 14.8402, 8.699, 11.5056, 13.1279, 5.477, 5.535, 6.4636, 11.2912, 0, 8.8535, 2.0354, 7.728, 5.0266, 8.5456, 8.8894, 3.7322, 11.6401, 10.5481, 1.5635, 4.5771, 8.1792, 8.3859, 1.9018, 6.308, 3.5615, 8.3189, 3.2353, 1.4318, 0.225, 2.6224, 8.3244, 0.8137, 6.9859, 1.4766, 22.5851, 1.4342],
      [1.1251, 1.269, 4.099, 15.7052, 4.4598, 9.152, 13.7519, 5.5246, 12.4249, 7.5879, 9.3266, 0.0749, 9.4218, 1.5804, 5.4383, 2.957, 7.9005, 10.2669, 5.5337, 12.3216, 11.39, 2.1341, 2.9826, 10.0211, 2.6374, 4.109, 2.839, 4.9407, 5.2792, 1.2525, 0.5257, 0.7285, 1.8771, 7.9446, 0.818, 7.5325, 0.7425, 37.0546, 2.2021],
      [0.1179, 0.6242, 0.9962, 5.0814, 2.623, 2.8283, 3.7213, 1.4115, 1.7943, 1.8917, 2.8888, 0.1129, 2.7416, 0.5941, 0.939, 1.1014, 2.3214, 1.205, 1.2181, 2.9446, 2.5348, 0.4439, 1.3903, 2.8378, 2.7427, 0.7184, 2.3903, 1.9793, 3.4225, 0.6489, 0.3907, 0.3136, 0.9241, 1.7928, 0.1997, 2.3935, 0.4485, 4.7287, 0.8066],
      [0.1067, 0.55, 1.1129, 3.6369, 1.8299, 0.8661, 3.5058, 1.3168, 1.711, 0.7128, 2.4819, 0, 0.9122, 0.4751, 1.4458, 1.01, 2.2365, 2.3344, 0.4237, 3.0505, 2.0439, 0.1521, 0.5082, 1.6812, 2.0169, 0.1982, 1.5918, 1.1967, 1.7005, 0.9191, 0.2694, 2.7678, 0.3328, 0.1436, 0.4891, 2.2113, 0.2822, 4.6455, 0.027],
      [0.8238, 1.6151, 9.1655, 18.7894, 9.7709, 11.0948, 12.7655, 6.2393, 5.9118, 6.351, 13.072, 0.8832, 10.6342, 2.3086, 4.4798, 4.5935, 11.602, 4.4545, 3.6162, 10.028, 8.2231, 1.1972, 5.9212, 11.4044, 10.8517, 3.2798, 9.2602, 7.7025, 13.2012, 4.439, 0.8578, 0.878, 3.3624, 9.2642, 1.9707, 14.4233, 0.8501, 21.0373, 2.7979],
      [22.7087, 18.215, 478.9115, 751.6398, 440.0187, 417.3046, 653.9981, 216.9977, 264.4944, 251.2635, 568.9349, 16.4557, 442.2149, 51.4805, 300.716, 237.0012, 491.4555, 503.7324, 200.1282, 710.3743, 453.3124, 60.7124, 205.1703, 339.6052, 235.3288, 89.4282, 328.2452, 246.7107, 417.7069, 115.1157, 58.7581, 96.8905, 85.4146, 222.697, 76.9204, 374.5685, 59.49, 753.4834, 75.6952],
      [1.0179, 0.5818, 13.4811, 23.3071, 6.5986, 10.2486, 19.1295, 8.0333, 7.1286, 6.7296, 15.0047, 0.4732, 13.2219, 2.526, 8.2532, 7.3103, 17.9384, 18.1174, 4.3478, 16.641, 16.9476, 0.7968, 5.4504, 11.2709, 8.0366, 2.3645, 9.3655, 9.9087, 9.3707, 2.3895, 1.7665, 3.1967, 2.4667, 8.8335, 4.7885, 8.8851, 1.7101, 36.4652, 2.037]
    ],
    [
      [0.1768, 0.0823, 0.6874, 1.598, 0.9542, 1.0895, 1.0634, 0.3841, 0.2933, 0.4529, 0.9341, 0, 1.2938, 0.3519, 0.87, 0.5056, 0.6831, 0.8844, 0.2525, 1.0816, 0.9467, 0.4616, 0.4514, 0.7378, 0.4617, 0.4438, 0.6997, 0.2862, 0.874, 0.6012, 0.2447, 0.0282, 0.3227, 0.9938, 0.0951, 0.5708, 0.1634, 2.5029, 0.162],
      [0.8144, 0.0715, 0.5416, 2.5354, 0.6742, 1.3768, 1.6845, 0.5718, 1.0317, 0.7932, 1.1499, 0.1011, 2.051, 0.3884, 0.9477, 0.439, 0.9498, 1.5423, 0.5614, 1.7289, 1.5419, 0.7939, 0.3965, 1.2897, 0.1636, 1.0513, 0.3235, 0.7251, 0.6954, 0.136, 0.115, 0.1405, 0.3246, 0.9466, 0.144, 0.9769, 0.1143, 5.7969, 0.1742],
      [4.4078, 1.3419, 9.3707, 42.6047, 25.0428, 20.0202, 22.4051, 6.9862, 6.6202, 9.2951, 17.7583, 1.2721, 28.8297, 6.4268, 9.1521, 7.7496, 14.3739, 11.4037, 6.5659, 20.3902, 16.7708, 7.6543, 9.1305, 17.7109, 12.762, 9.7677, 18.8569, 13.8815, 26.4762, 8.3382, 3.6689, 2.7614, 6.981, 10.4958, 2.0302, 16.5675, 2.6379, 39.7237, 3.7278],
      [0.4462, 0.6822, 3.7118, 12.4192, 5.8189, 4.0141, 9.3447, 2.9103, 3.7866, 1.9018, 6.4763, 0.196, 5.92, 2.1597, 4.815, 3.0035, 5.7408, 6.101, 1.161, 8.0536, 5.7077, 1.3761, 1.9806, 4.5527, 3.5269, 1.5903, 5.418, 3.6357, 5.705, 4.7528, 1.1592, 15.9047, 1.1433, 0.7694, 2.3555, 5.6864, 0.8141, 15.9252, 0.0957],
      [14.3263, 9.5647, 148.1969, 399.9999, 200.7451, 219.1898, 215.6246, 88.1883, 64.3006, 88.7232, 216.4627, 9.2975, 302.9872, 72.7475, 112.4774, 90.3925, 188.7191, 125.2015, 49.8264, 204.1219, 156.3378, 82.7496, 115.5014, 202.6735, 127.0851, 120.5813, 205.0223, 154.2586, 275.7394, 134.6867, 32.4699, 38.0019, 73.0391, 151.11, 33.5404, 256.8891, 24.5257, 453.578, 28.2742],
      [0.7104, 0.2505, 4.9507, 9.6764, 5.5661, 4.8371, 6.1575, 1.6959, 1.7887, 2.6105, 5.6442, 1.0623, 8.9674, 0.7217, 4.2877, 3.5563, 4.8811, 6.0384, 1.4983, 7.9181, 5.0076, 1.9232, 2.2728, 3.5597, 1.7316, 2.2937, 4.1631, 2.7725, 5.0946, 2.3099, 1.1787, 1.8302, 1.0328, 2.3122, 1.6079, 3.9823, 0.646, 10.811, 0.5037],
      [0.1182, 0.0069, 0.5409, 1.1664, 0.1988, 0.4724, 0.7201, 0.2635, 0.1788, 0.2234, 0.5745, 0.071, 0.9509, 0.204, 0.45, 0.3535, 0.6522, 0.8287, 0.1345, 0.7056, 0.6874, 0.0413, 0.2668, 0.4757, 0.269, 0.2719, 0.5165, 0.4403, 0.4153, 0.1752, 0.1635, 0.3331, 0.1565, 0.3722, 0.2269, 0.327, 0.0987, 1.6623, 0.0625]
    ],
    [
      [0.0145, 0.0122, 0.8289, 1.9344, 1.0928, 1.4835, 1.7735, 0.7215, 0.4382, 0.661, 1.3232, 0, 0.9202, 0.349, 0.921, 0.6734, 0.967, 1.156, 0.2852, 1.2098, 1.1431, 0.2444, 0.5773, 0.8511, 0.5336, 0.4488, 0.8008, 0.4533, 1.0013, 0.6243, 0.1689, 0.0254, 0.4763, 0.9996, 0.0887, 0.7129, 0.1269, 2.2081, 0.1253],
      [0.0019, 0.0001, 0.0095, 0.0873, 0.0119, 0.0547, 0.0762, 0.0259, 0.023, 0.0305, 0.0359, 0.0161, 0.0312, 0.0185, 0.0346, 0.0087, 0.0265, 0.0696, 0.0171, 0.0542, 0.0529, 0.0112, 0.009, 0.0431, 0.0027, 0.0136, 0.0083, 0.0287, 0.013, 0.0046, 0.0019, 0.0019, 0.0225, 0.0376, 0.0016, 0.0336, 0.0027, 0.051, 0.0024],
      [0.0245, 0.0063, 0.2785, 1.3002, 0.7295, 0.6652, 0.9538, 0.3487, 0.3103, 0.3531, 0.6476, 0.0263, 0.5249, 0.1972, 0.2281, 0.2746, 0.511, 0.3569, 0.1891, 0.5806, 0.5177, 0.1281, 0.3243, 0.5556, 0.346, 0.3079, 0.6161, 0.4646, 0.811, 0.2464, 0.0788, 0.0336, 0.3082, 0.3746, 0.0438, 0.4874, 0.0608, 0.9136, 0.0785],
      [1.2542, 3.7763, 37.7774, 121.2704, 56.0954, 43.1382, 125.1785, 45.4139, 54.7725, 23.0065, 74.4263, 2.0841, 36.3928, 19.3353, 39.342, 33.1145, 65.0895, 63.5843, 11.1555, 72.0555, 55.4566, 7.7775, 22.8239, 44.6412, 31.6448, 17.5865, 55.3612, 37.983, 55.7417, 50.8931, 7.6751, 107.4441, 16.2738, 16.8717, 18.1082, 53.6169, 5.9868, 116.0953, 1.5682],
      [0.4027, 0.1351, 19.551, 51.5702, 25.5434, 29.8463, 37.7969, 17.733, 11.8827, 13.7517, 32.7293, 1.2181, 22.8565, 8.5633, 12.0015, 13.0214, 28.0476, 17.0906, 6.0047, 24.078, 19.8912, 5.4835, 16.7293, 26.11, 14.6647, 14.8911, 27.4232, 21.0711, 35.2311, 18.3124, 2.6346, 2.6989, 12.8509, 22.3102, 3.1562, 32.2855, 2.1334, 43.5319, 2.5527],
      [1.2597, 0.0663, 42.6859, 82.9499, 48.0046, 45.0032, 74.611, 24.0943, 21.1501, 21.7721, 56.7406, 1.6185, 38.4271, 7.2674, 29.8719, 27.2926, 47.0974, 56.2583, 13.138, 62.9435, 41.7942, 8.27, 22.107, 30.0673, 12.4828, 17.4083, 37.9895, 26.2276, 43.4865, 19.6154, 6.3039, 10.9252, 12.7894, 20.8051, 7.2829, 32.3, 4.5955, 63.9168, 2.6187],
      [0.0424, 0.0036, 0.8689, 1.8875, 0.5224, 0.8089, 1.61, 0.6627, 0.4233, 0.4251, 1.0971, 0.0369, 0.8472, 0.2693, 0.6009, 0.6148, 1.2609, 1.4843, 0.2105, 1.0784, 1.1442, 0.0854, 0.4292, 0.7316, 0.3253, 0.3438, 0.8009, 0.7717, 0.7154, 0.3039, 0.1368, 0.871, 0.2789, 0.6012, 0.3186, 0.5638, 0.0939, 2.2833, 0.0542]
    ],
    [
      [0.6511, 1.2727, 12.3894, 29.4968, 13.5139, 17.2548, 19.6247, 7.5354, 5.1769, 14.3909, 23.7285, 0, 20.1284, 2.1489, 14.3161, 16.0305, 14.1243, 14.9398, 4.262, 13.1045, 15.0229, 3.2375, 6.3036, 14.088, 10.8175, 4.4085, 10.8507, 5.6405, 13.5247, 6.9889, 0.5767, 1.0925, 4.4302, 12.9516, 0.7556, 10.8939, 1.3876, 33.9609, 1.4588],
      [0.0156, 0.0065, 0.0216, 0.1459, 0.0252, 0.0645, 0.098, 0.038, 0.0459, 0.067, 0.0838, 0.1266, 0.1018, 0.0048, 0.0511, 0.0255, 0.0583, 0.0868, 0.0304, 0.0622, 0.0773, 0.0187, 0.0181, 0.081, 0.0072, 0.0408, 0.0098, 0.0351, 0.0318, 0.0069, 0.0003, 0.0069, 0.0171, 0.0559, 0.0034, 0.0553, 0.0033, 0.2164, 0.0114],
      [0.7486, 0.6533, 1.9993, 9.1532, 4.3092, 3.4042, 4.7912, 1.6337, 1.3511, 3.3718, 5.2522, 0.5187, 5.3229, 0.4841, 1.6327, 2.8481, 3.3986, 2.2585, 1.2984, 2.8439, 3.0635, 0.743, 1.5877, 4.1329, 3.1825, 1.3409, 3.514, 2.4515, 4.924, 1.3535, 0.0514, 0.6092, 1.2778, 2.2174, 0.17, 3.457, 0.2716, 6.2644, 0.7677],
      [0.0712, 0.4049, 0.8812, 2.9551, 1.1067, 0.7785, 2.2256, 0.7631, 0.8515, 0.7645, 2.1129, 0.0752, 1.2512, 0.1551, 0.9546, 1.185, 1.5089, 1.3353, 0.2592, 1.2338, 1.1609, 0.1577, 0.3932, 1.1794, 0.9663, 0.271, 1.1256, 0.7169, 1.1832, 0.8648, 0.0089, 3.3978, 0.2409, 0.3258, 0.2151, 1.2935, 0.0958, 2.7738, 0.0168],
      [1.177, 2.6061, 18.134, 49.6235, 19.8892, 21.581, 26.6331, 11.9163, 7.568, 18.4453, 36.835, 1.9095, 32.2846, 2.7923, 11.5462, 18.7259, 25.786, 14.2082, 5.6652, 16.3572, 16.5104, 4.5481, 11.6084, 27.4154, 18.3294, 9.7295, 22.183, 15.8539, 29.7096, 12.551, 0.1146, 3.9843, 7.8624, 18.463, 1.5747, 30.9206, 1.444, 41.2421, 3.3023],
      [3.2427, 1.0337, 35.9166, 72.1405, 33.8044, 29.4378, 47.7058, 14.7543, 11.7918, 25.4918, 56.9783, 2.3241, 48.9438, 2.3371, 26.0315, 33.4617, 39.1739, 42.1631, 11.3223, 37.7974, 31.3863, 6.2361, 13.8474, 28.4767, 14.3736, 10.0335, 27.7946, 17.8284, 33.1333, 12.0688, 0.2352, 10.6897, 7.0377, 15.5772, 3.1444, 27.9398, 2.7474, 54.7649, 3.3845],
      [0.0938, 0.0228, 0.658, 1.485, 0.3516, 0.4792, 0.9216, 0.3592, 0.2147, 0.4687, 1.0094, 0.0458, 0.9675, 0.0777, 0.4678, 0.7233, 0.95, 1.0083, 0.1624, 0.6011, 0.7787, 0.0588, 0.2417, 0.6267, 0.3234, 0.1758, 0.5223, 0.4738, 0.4935, 0.1661, 0.0129, 0.2196, 0.134, 0.4091, 0.1369, 0.4398, 0.0504, 1.7775, 0.0585]
    ],
    [
      [0.0037, 0.0108, 0.4879, 0.7985, 0.671, 0.5257, 0.7204, 0.2718, 0.3104, 0.3627, 0.7174, 0, 0.6655, 0.1594, 0.6131, 0.3608, 0.4566, 0.5688, 0.2488, 0.6054, 0.5556, 0.0782, 0.2752, 0.3552, 0.232, 0.1647, 0.4022, 0.1428, 0.4014, 0.3433, 0.0964, 0.0186, 0.2829, 0.53, 0.0451, 0.4617, 0.0874, 1.3426, 0.0637],
      [0.0773, 0.0095, 0.375, 1.0734, 0.4888, 0.5159, 0.9618, 0.3572, 1.0162, 0.5493, 0.7679, 0.0238, 0.8994, 0.1577, 0.5306, 0.2874, 0.5455, 0.8365, 0.4829, 0.8221, 0.7672, 0.1443, 0.2403, 0.5616, 0.1041, 0.4732, 0.2823, 0.2373, 0.3487, 0.1805, 0.0551, 0.0799, 0.2558, 0.6129, 0.0614, 0.6208, 0.0615, 2.9525, 0.1217],
      [0.0079, 0.0006, 0.0061, 0.0387, 0.0229, 0.0171, 0.0308, 0.0114, 0.0175, 0.0175, 0.0277, 0.0204, 0.0319, 0.0109, 0.0093, 0.0137, 0.018, 0.0082, 0.0128, 0.0234, 0.0209, 0.005, 0.0145, 0.0181, 0.0078, 0.0121, 0.0249, 0.0087, 0.0236, 0.0072, 0.0068, 0.0131, 0.016, 0.0174, 0.0015, 0.0218, 0.0065, 0.0416, 0.0071],
      [0.1194, 0.518, 4.4361, 10.3051, 6.973, 3.1085, 10.437, 3.505, 6.806, 2.5707, 8.293, 0.5406, 5.3548, 1.802, 5.2758, 3.6118, 6.2853, 6.4176, 1.9622, 7.4133, 5.5178, 0.5019, 2.2368, 3.8404, 2.705, 1.3346, 5.3583, 2.3688, 4.5146, 5.421, 0.8547, 14.944, 1.979, 1.8709, 1.8269, 7.0362, 0.811, 14.0393, 0.2899],
      [0.0629, 0.0925, 0.3303, 0.5699, 0.327, 0.209, 0.4179, 0.2026, 0.2312, 0.2588, 0.5165, 0.2089, 0.4725, 0.2187, 0.2109, 0.2454, 0.3762, 0.2004, 0.1541, 0.3449, 0.2778, 0.1237, 0.2863, 0.2696, 0.0946, 0.2917, 0.4172, 0.0992, 0.3454, 0.1725, 0.0838, 0.0328, 0.1349, 0.397, 0.0977, 0.5815, 0.0762, 0.754, 0.0977],
      [1.0414, 0.0925, 30.6177, 42.6273, 35.9202, 19.5474, 37.9642, 11.5372, 16.3433, 15.0647, 38.4263, 2.8962, 35.1144, 4.2872, 24.4121, 18.2398, 27.7239, 34.5937, 14.5869, 39.3901, 25.364, 3.4111, 13.3513, 15.6757, 6.158, 8.2967, 22.5016, 9.6318, 21.3175, 12.8219, 4.5077, 8.1361, 9.7274, 14.1077, 4.7493, 25.8023, 4.1596, 47.1906, 3.4249],
      [1.6874, 0.2761, 27.747, 43.587, 19.597, 16.0765, 36.4678, 14.1149, 14.2754, 13.1763, 33.2513, 2.3101, 34.4615, 7.364, 21.9482, 18.2412, 33.5946, 41.3748, 10.5523, 30.4009, 31.4966, 1.7357, 11.5957, 17.2795, 7.6984, 7.4271, 21.0135, 13.5114, 16.0488, 9.0537, 4.3954, 7.7755, 9.6042, 18.4642, 10.218, 20.4757, 3.7977, 76.6794, 2.995]
    ]
  ],
  "V_est": [
    [74.0612, 12.3401, 520.5265, 4.6333, 1824.2827, 22.274, 0.8823],
    [142.6118, 886.152, 98.7716, 0.4489, 120.3386, 390.0217, 77.6554],
    [245.3473, 246.9322, 68.2637, 52.8962, 279.1212, 11333.299, 346.1404],
    [24.6868, 35.8046, 501.96, 170.7619, 5487.157, 137.8531, 15.7766],
    [28.3753, 0.9758, 15.2031, 1651.8129, 697.786, 1123.2385, 25.6084],
    [402.4801, 1.856, 98.6538, 37.2606, 621.0304, 896.552, 18.1671],
    [14.4375, 18.9392, 0.6214, 173.1863, 10.284, 710.7618, 711.7698]
  ],
  "p_est": [
    [0.0301, 0.005, 0.2117, 0.0019, 0.7419, 0.0091, 0.0004],
    [0.0831, 0.5164, 0.0576, 0.0003, 0.0701, 0.2273, 0.0453],
    [0.0195, 0.0196, 0.0054, 0.0042, 0.0222, 0.9015, 0.0275],
    [0.0039, 0.0056, 0.0788, 0.0268, 0.8609, 0.0216, 0.0025],
    [0.008, 0.0003, 0.0043, 0.4662, 0.1969, 0.317, 0.0072],
    [0.1939, 0.0009, 0.0475, 0.0179, 0.2991, 0.4319, 0.0088],
    [0.0088, 0.0115, 0.0004, 0.1056, 0.0063, 0.4334, 0.434]
  ],
  "EI_Z": {},
  "EI_V": 8.9046,
  "MAE_Z": {},
  "MAE_V": 110.4166,
  "MAE_p": 0.0414,
  "runtime": 0.75
}
