{
  "X": [
    [25, 27, 48],
    [43, 17, 40],
    [38, 21, 41],
    [34, 25, 41],
    [36, 21, 43],
    [39, 26, 35],
    [41, 22, 37],
    [37, 23, 40],
    [56, 23, 21],
    [54, 22, 24],
    [38, 34, 28],
    [48, 30, 22],
    [52, 26, 22],
    [56, 26, 18],
    [53, 26, 21],
    [41, 36, 23],
    [34, 27, 39],
    [14, 27, 59],
    [18, 26, 56],
    [14, 36, 50],
    [14, 25, 61],
    [19, 32, 49],
    [18, 25, 57],
    [16, 28, 56],
    [26, 22, 52],
    [32, 39, 29],
    [36, 37, 27],
    [26, 40, 34],
    [30, 41, 29],
    [29, 39, 32],
    [34, 35, 31],
    [27, 44, 29],
    [35, 44, 21],
    [30, 34, 36],
    [30, 29, 41],
    [24, 23, 53],
    [26, 33, 41],
    [24, 30, 46],
    [22, 28, 50],
    [23, 29, 48],
    [28, 24, 48],
    [19, 35, 46],
    [16, 48, 36],
    [31, 43, 26],
    [28, 52, 20],
    [19, 51, 30],
    [24, 59, 17],
    [24, 44, 32],
    [16, 53, 31],
    [27, 46, 27]
  ],
  "W": [
    [58, 6, 10, 9, 11, 6],
    [55, 9, 10, 9, 7, 10],
    [60, 8, 11, 9, 7, 5],
    [56, 9, 10, 10, 6, 9],
    [58, 8, 5, 10, 7, 12],
    [50, 12, 12, 11, 11, 4],
    [65, 9, 7, 7, 5, 7],
    [52, 7, 12, 6, 11, 12],
    [29, 41, 7, 10, 4, 9],
    [4, 56, 9, 10, 12, 9],
    [14, 48, 10, 14, 10, 4],
    [11, 58, 7, 10, 9, 5],
    [10, 56, 5, 11, 9, 9],
    [9, 59, 7, 6, 8, 11],
    [8, 59, 6, 8, 12, 7],
    [7, 57, 13, 6, 4, 13],
    [11, 42, 22, 12, 6, 7],
    [8, 7, 67, 10, 4, 4],
    [6, 12, 59, 4, 8, 11],
    [12, 8, 54, 7, 11, 8],
    [5, 9, 64, 9, 6, 7],
    [11, 7, 53, 8, 9, 12],
    [12, 7, 62, 12, 2, 5],
    [6, 10, 66, 6, 6, 6],
    [12, 14, 44, 7, 12, 11],
    [3, 11, 9, 60, 7, 10],
    [10, 7, 6, 64, 7, 6],
    [9, 6, 14, 56, 6, 9],
    [9, 6, 9, 52, 13, 11],
    [5, 8, 9, 61, 11, 6],
    [11, 10, 11, 54, 6, 8],
    [8, 11, 11, 52, 7, 11],
    [6, 12, 4, 60, 11, 7],
    [10, 5, 6, 35, 37, 7],
    [7, 18, 5, 9, 55, 6],
    [12, 5, 11, 7, 59, 6],
    [7, 9, 9, 6, 64, 5],
    [5, 8, 8, 7, 60, 12],
    [8, 6, 8, 9, 64, 5],
    [10, 9, 6, 6, 62, 7],
    [10, 13, 9, 6, 53, 9],
    [5, 9, 8, 8, 45, 25],
    [9, 8, 6, 7, 8, 62],
    [11, 12, 6, 7, 6, 58],
    [7, 7, 9, 6, 11, 60],
    [10, 9, 9, 4, 12, 56],
    [8, 11, 3, 9, 11, 58],
    [9, 7, 6, 8, 13, 57],
    [8, 5, 11, 10, 5, 61],
    [8, 4, 8, 9, 3, 68]
  ],
  "method": "mcmc",
  "mcmc_stepsize": 3000,
  "mcmc_samples": 1000,
  "burn_in": 10000,
  "cond_prob": [
    [
      [0.31607795313, 0.23299901637, 0.45092303049],
      [0.55161131045, 0.26343726348, 0.18495142607],
      [0.035113705702, 0.12968446657, 0.83520182773],
      [0.19490136733, 0.50744268804, 0.29765594463],
      [0.056980037641, 0.32591553287, 0.61710442949],
      [0.10429684643, 0.40942229163, 0.48628086195]
    ],
    [
      [0.51808951586, 0.11130181313, 0.37060867101],
      [0.75290614996, 0.10785556804, 0.13923828199],
      [0.066345845758, 0.095467625221, 0.83818652902],
      [0.41343278489, 0.24914584862, 0.3374213665],
      [0.19910101775, 0.10581918198, 0.69507980027],
      [0.19508606321, 0.59699770017, 0.20791623662]
    ],
    [
      [0.45089747454, 0.18090341679, 0.36819910867],
      [0.73712830855, 0.13046922568, 0.13240246577],
      [0.0034724816383, 0.17365428721, 0.82287323115],
      [0.42995488617, 0.24382283405, 0.32622227978],
      [0.14818901069, 0.29042951458, 0.56138147474],
      [0.020802142211, 0.59288638382, 0.38631147397]
    ],
    [
      [0.40595486776, 0.20709398665, 0.38695114558],
      [0.70489071936, 0.14619595272, 0.14891332793],
      [0.013000196275, 0.20241473606, 0.78458506766],
      [0.36276374823, 0.23070987982, 0.40652637195],
      [0.059754454301, 0.29562350321, 0.64462204249],
      [0.08959386224, 0.66466511054, 0.24574102722]
    ],
    [
      [0.39985557128, 0.13850717512, 0.46163725361],
      [0.62629158301, 0.1758770236, 0.19783139339],
      [0.06181764677, 0.22832787703, 0.7098544762],
      [0.39416264487, 0.27384202598, 0.33199532916],
      [0.1416001925, 0.17829918038, 0.68010062712],
      [0.21301068099, 0.53595114556, 0.25103817345]
    ],
    [
      [0.49142357109, 0.2121764675, 0.29639996142],
      [0.68371867755, 0.087395677287, 0.22888564516],
      [0.015234980035, 0.30135203703, 0.68341298293],
      [0.38009604173, 0.41879315843, 0.20111079984],
      [0.097964780022, 0.3612524036, 0.54078281638],
      [0.19567712883, 0.53642571774, 0.26789715344]
    ],
    [
      [0.46127001816, 0.18668130458, 0.35204867726],
      [0.74270730173, 0.12622692915, 0.13106576912],
      [0.036087883208, 0.12592857007, 0.83798354672],
      [0.36312073826, 0.21434131985, 0.4225379419],
      [0.14444186733, 0.34552293899, 0.51003519368],
      [0.11663048818, 0.66002413081, 0.22334538101]
    ],
    [
      [0.45938662851, 0.15844613108, 0.38216724042],
      [0.70078451152, 0.060205920168, 0.23900956831],
      [0.044345000132, 0.17462292669, 0.78103207318],
      [0.49072117736, 0.26464659552, 0.24463222712],
      [0.18245928003, 0.29186980693, 0.52567091305],
      [0.22690704924, 0.62045309778, 0.15263985299]
    ],
    [
      [0.59964647244, 0.13433289801, 0.26602062954],
      [0.71759529918, 0.19082683902, 0.091577861797],
      [0.14869396588, 0.2006033639, 0.65070267023],
      [0.5266601607, 0.28043946548, 0.19290037382],
      [0.19845687893, 0.41239244957, 0.38915067151],
      [0.23195090544, 0.60247306193, 0.16557603264]
    ],
    [
      [0.6230717041, 0.15416163514, 0.22276666076],
      [0.73803741014, 0.1460822976, 0.11588029225],
      [0.065974683138, 0.18264716004, 0.75137815682],
      [0.50315888794, 0.29369268248, 0.20314842959],
      [0.22139784127, 0.32025406073, 0.458348098],
      [0.21060923251, 0.53099386663, 0.25839690086]
    ],
    [
      [0.2392649215, 0.38818053006, 0.37255454843],
      [0.59461410775, 0.2580830402, 0.14730285205],
      [0.044697699563, 0.33146986146, 0.62383243898],
      [0.28727746844, 0.45416542447, 0.2585571071],
      [0.094877704887, 0.46033758271, 0.4447847124],
      [0.17279383109, 0.47527406628, 0.35193210263]
    ],
    [
      [0.48280366597, 0.23615784336, 0.28103849067],
      [0.62768467421, 0.24381511529, 0.1285002105],
      [0.13424612588, 0.24250826326, 0.62324561086],
      [0.2887296156, 0.51011681638, 0.20115356802],
      [0.19410996243, 0.34075692524, 0.46513311233],
      [0.14188797417, 0.67908974049, 0.17902228533]
    ],
    [
      [0.44526999272, 0.30780052867, 0.24692947861],
      [0.69311040809, 0.17785962703, 0.12902996488],
      [0.075370387764, 0.19333963382, 0.73128997841],
      [0.40831997921, 0.36844977971, 0.22323024107],
      [0.1363149037, 0.35505533347, 0.50862976283],
      [0.29310126406, 0.52741242804, 0.1794863079]
    ],
    [
      [0.61370336425, 0.23671429566, 0.14958234009],
      [0.72516422766, 0.1802867549, 0.094549017438],
      [0.11075946616, 0.25617476206, 0.63306577179],
      [0.44863912466, 0.37613039961, 0.17523047572],
      [0.20680159264, 0.27827406925, 0.51492433811],
      [0.23367423071, 0.63240495579, 0.13392081351]
    ],
    [
      [0.49649311002, 0.17756527267, 0.32594161731],
      [0.70248302789, 0.19332707546, 0.10418989664],
      [0.11917899745, 0.19138268526, 0.68943831729],
      [0.44022131328, 0.42133224998, 0.13844643673],
      [0.15762569321, 0.32154994404, 0.52082436275],
      [0.20760052352, 0.68508956089, 0.10730991558]
    ],
    [
      [0.27580276119, 0.26981883638, 0.45437840243],
      [0.60330717631, 0.2763106493, 0.12038217439],
      [0.086564386796, 0.29881132422, 0.61462428899],
      [0.27716739028, 0.43319256878, 0.28964004094],
      [0.20214741742, 0.32922053987, 0.4686320427],
      [0.083380044785, 0.81238279602, 0.1042371592]
    ],
    [
      [0.28257902702, 0.31285248453, 0.40456848845],
      [0.568721958, 0.2099293389, 0.2213487031],
      [0.081025670357, 0.20246245043, 0.71651187921],
      [0.29387641413, 0.32023682628, 0.3858867596],
      [0.20531353073, 0.4337782659, 0.36090820337],
      [0.066335080703, 0.54884357372, 0.38482134558]
    ],
    [
      [0.46015996524, 0.16715489449, 0.37268514027],
      [0.55404588022, 0.21235974312, 0.23359437666],
      [0.036127273, 0.24670934622, 0.71716338078],
      [0.27581610966, 0.37809495003, 0.34608894031],
      [0.19386383269, 0.35184644433, 0.45428972298],
      [0.12156384956, 0.61459529197, 0.26384085847]
    ],
    [
      [0.44649576549, 0.17585306372, 0.37765117079],
      [0.62351930421, 0.25750166863, 0.11897902716],
      [0.053763766988, 0.17711860043, 0.76911763258],
      [0.39884602983, 0.49186165137, 0.10929231879],
      [0.20663180053, 0.2649166237, 0.52845157577],
      [0.12893572551, 0.66528041579, 0.2057838587]
    ],
    [
      [0.27524862243, 0.32344173325, 0.40130964433],
      [0.53471376392, 0.26996069124, 0.19532554484],
      [0.034226522625, 0.3074316555, 0.65834182187],
      [0.36092976991, 0.45488802232, 0.18418220777],
      [0.13966711348, 0.35620864102, 0.5041242455],
      [0.06352844502, 0.78189913331, 0.15457242166]
    ],
    [
      [0.36191011819, 0.1578530616, 0.48023682021],
      [0.65346357018, 0.1711468852, 0.17538954462],
      [0.047010941537, 0.17994352216, 0.7730455363],
      [0.22508544604, 0.51667349847, 0.25824105549],
      [0.13680901179, 0.28897237982, 0.57421860839],
      [0.064850562, 0.68144736307, 0.25370207493]
    ],
    [
      [0.53568802772, 0.17535995366, 0.28895201862],
      [0.66974153653, 0.2138289109, 0.11642955257],
      [0.078723625817, 0.26796730399, 0.65330907019],
      [0.34870083695, 0.46615300146, 0.18514616158],
      [0.069514449123, 0.2434665135, 0.68701903737],
      [0.069304336112, 0.70429569904, 0.22639996485]
    ],
    [
      [0.47129276678, 0.21939698262, 0.30931025061],
      [0.55281827728, 0.21743909118, 0.22974263154],
      [0.057506207336, 0.19841110023, 0.74408269243],
      [0.3197651499, 0.45867716071, 0.22155768939],
      [0.11923219911, 0.23880031451, 0.64196748638],
      [0.16674556118, 0.5123895597, 0.32086487912]
    ],
    [
      [0.45733032401, 0.21474164003, 0.32792803597],
      [0.61175693379, 0.23284438685, 0.15539867936],
      [0.049653050753, 0.23931084182, 0.71103610743],
      [0.33167376182, 0.48866154683, 0.17966469136],
      [0.16816420659, 0.32597720795, 0.50585858546],
      [0.14371992632, 0.61679303375, 0.23948703993]
    ],
    [
      [0.44239925527, 0.13108873568, 0.42651200905],
      [0.59946491802, 0.19136305265, 0.20917202932],
      [0.072091350059, 0.15131622619, 0.77659242376],
      [0.62360046289, 0.30774056441, 0.068658972701],
      [0.30308572089, 0.23701117295, 0.45990310616],
      [0.10222261735, 0.55378367785, 0.3439937048]
    ],
    [
      [0.53022569341, 0.083926589137, 0.38584771745],
      [0.67710509735, 0.175255884, 0.14763901865],
      [0.086517319014, 0.20746237501, 0.70602030598],
      [0.33437804815, 0.43033842828, 0.23528352357],
      [0.13370088966, 0.4117739375, 0.45452517285],
      [0.1183921861, 0.62505208743, 0.25655572647]
    ],
    [
      [0.49628849462, 0.1552026775, 0.34850882788],
      [0.74044203691, 0.20963207653, 0.049925886561],
      [0.097992419529, 0.27753739417, 0.6244701863],
      [0.36525240832, 0.40477804706, 0.22996954462],
      [0.18700753126, 0.33917963526, 0.47381283348],
      [0.096809904464, 0.67254531092, 0.23064478462]
    ],
    [
      [0.35778066351, 0.27647101911, 0.36574831738],
      [0.43082142208, 0.35956192354, 0.20961665437],
      [0.04526878664, 0.21496920476, 0.7397620086],
      [0.30814992259, 0.43622292125, 0.25562715616],
      [0.20770950287, 0.32981372858, 0.46247676855],
      [0.1176255334, 0.65971716205, 0.22265730455]
    ],
    [
      [0.34732088887, 0.21570688476, 0.43697222637],
      [0.5515509504, 0.32805378797, 0.12039526163],
      [0.11190367709, 0.26293219649, 0.62516412642],
      [0.34092652207, 0.4413473433, 0.21772613463],
      [0.25361399395, 0.36665687281, 0.37972913325],
      [0.13931928499, 0.63702948571, 0.2236512293]
    ],
    [
      [0.40273522253, 0.3157006271, 0.28156415037],
      [0.56304353295, 0.29382097178, 0.14313549526],
      [0.060470932907, 0.21405731252, 0.72547175457],
      [0.32025558884, 0.41535542686, 0.2643889843],
      [0.16635825989, 0.30723642125, 0.52640531886],
      [0.095367574936, 0.73802193426, 0.16661049081]
    ],
    [
      [0.43803395698, 0.17390529837, 0.38806074465],
      [0.55120979183, 0.30664226408, 0.14214794409],
      [0.10167926034, 0.30490507175, 0.59341566791],
      [0.37011532779, 0.35770622246, 0.27217844975],
      [0.2397594928, 0.30366232674, 0.45657818047],
      [0.1407840042, 0.69106916433, 0.16814683147]
    ],
    [
      [0.42173665564, 0.30570804666, 0.27255529771],
      [0.68547595809, 0.20749074195, 0.10703329995],
      [0.098290974038, 0.32490904773, 0.57679997824],
      [0.23258244487, 0.48882472285, 0.27859283228],
      [0.22548566965, 0.31932204898, 0.45519228137],
      [0.12108942552, 0.73125436445, 0.14765621003]
    ],
    [
      [0.43116722306, 0.40914196068, 0.15969081626],
      [0.66014272365, 0.2388676865, 0.10098958985],
      [0.090267909748, 0.17465429042, 0.73507779983],
      [0.34666811578, 0.48268983668, 0.17064204754],
      [0.22320822166, 0.33189302072, 0.44489875762],
      [0.12497642196, 0.76684362963, 0.10817994841]
    ],
    [
      [0.39938419322, 0.10479295113, 0.49582285565],
      [0.60320863213, 0.39486967824, 0.0019216896338],
      [0.001832135678, 0.17450239828, 0.82366546604],
      [0.40015600485, 0.37177687538, 0.22806711977],
      [0.18810492226, 0.34948377353, 0.46241130421],
      [0.28768282853, 0.56965963557, 0.1426575359]
    ],
    [
      [0.41523285944, 0.27245045279, 0.31231668777],
      [0.68750403472, 0.21938804968, 0.093107915597],
      [0.089411025216, 0.16580844044, 0.74478053435],
      [0.4101611962, 0.28667362375, 0.30316518005],
      [0.1702275515, 0.29071036508, 0.53906208343],
      [0.20287935578, 0.62428117351, 0.17283947071]
    ],
    [
      [0.40532126721, 0.21036953083, 0.38430920196],
      [0.62018053532, 0.1460725601, 0.23374690458],
      [0.10464605227, 0.23005321285, 0.66530073488],
      [0.41030445912, 0.23798857845, 0.35170696243],
      [0.18735439608, 0.20466116732, 0.60798443661],
      [0.15968249324, 0.57894809455, 0.26136941221]
    ],
    [
      [0.55982878268, 0.25881771842, 0.18135349891],
      [0.71814885675, 0.19141066094, 0.090440482312],
      [0.056707631624, 0.2605589035, 0.68273346488],
      [0.51052271419, 0.21824830873, 0.27122897707],
      [0.17984609924, 0.35596783131, 0.46418606945],
      [0.10684069788, 0.60582376699, 0.28733553514]
    ],
    [
      [0.63884860738, 0.12682723222, 0.2343241604],
      [0.72254530115, 0.16305287015, 0.1144018287],
      [0.036472721823, 0.24353297167, 0.7199943065],
      [0.54427205004, 0.21779777852, 0.23793017144],
      [0.1660889516, 0.26979220058, 0.56411884782],
      [0.079864277739, 0.70008838501, 0.22004733725]
    ],
    [
      [0.5091605149, 0.16391870423, 0.32692078087],
      [0.56181730862, 0.25745404759, 0.1807286438],
      [0.055793397689, 0.28431221347, 0.65989438884],
      [0.34420788958, 0.35939425271, 0.29639785771],
      [0.1594008692, 0.2646712458, 0.575927885],
      [0.16198764249, 0.53918407349, 0.29882828401]
    ],
    [
      [0.41230124858, 0.20284687802, 0.3848518734],
      [0.81432256482, 0.10372959391, 0.081947841265],
      [0.14580400532, 0.16267537509, 0.69152061959],
      [0.35057518728, 0.27212040994, 0.37730440278],
      [0.12725439247, 0.30493970468, 0.56780590285],
      [0.097148134578, 0.64613263916, 0.25671922626]
    ],
    [
      [0.43831808585, 0.084742309745, 0.47693960441],
      [0.69157460467, 0.18285846634, 0.12556692899],
      [0.095991077471, 0.2214290451, 0.68257987743],
      [0.5540581311, 0.23593765256, 0.21000421633],
      [0.17478437074, 0.23773160406, 0.5874840252],
      [0.1305010164, 0.52968383374, 0.33981514986]
    ],
    [
      [0.33853964977, 0.30596334225, 0.35549700797],
      [0.50381975256, 0.30852904999, 0.18765119745],
      [0.040904988642, 0.15360044566, 0.8054945657],
      [0.30836301671, 0.33134240859, 0.36029457469],
      [0.13504321468, 0.26270471153, 0.6022520738],
      [0.15607341099, 0.59968667945, 0.24423990956]
    ],
    [
      [0.33261288206, 0.22023445109, 0.44715266685],
      [0.76068053323, 0.15325420952, 0.086065257245],
      [0.031201508027, 0.17886955126, 0.78992894071],
      [0.15629189854, 0.30428799143, 0.53942011003],
      [0.05197355382, 0.3396491276, 0.60837731858],
      [0.084258048824, 0.62695854832, 0.28878340286]
    ],
    [
      [0.46874212511, 0.22716332837, 0.30409454652],
      [0.72652205677, 0.14212443156, 0.13135351167],
      [0.07080626086, 0.031417416386, 0.89777632275],
      [0.52427452121, 0.29054798082, 0.18517749797],
      [0.39205584055, 0.30588336655, 0.30206079291],
      [0.18411168424, 0.59893223527, 0.21695608049]
    ],
    [
      [0.54266059792, 0.24917148146, 0.20816792061],
      [0.7502029923, 0.17018466528, 0.079612342419],
      [0.094615937542, 0.36669074954, 0.53869331292],
      [0.4906665627, 0.36910733939, 0.14022609791],
      [0.33602477234, 0.3771644053, 0.28681082236],
      [0.19096899264, 0.65668062887, 0.15235037849]
    ],
    [
      [0.50034880239, 0.27507546925, 0.22457572837],
      [0.4990682845, 0.33714206184, 0.16378965366],
      [0.020606815562, 0.24174236105, 0.73765082339],
      [0.4099388927, 0.34661215824, 0.24344894906],
      [0.12326427266, 0.32287378411, 0.55386194323],
      [0.11072337916, 0.67461341892, 0.21466320193]
    ],
    [
      [0.56117412734, 0.23630156876, 0.2025243039],
      [0.6375239365, 0.23790658926, 0.12456947425],
      [0.2719765693, 0.2242812251, 0.5037422056],
      [0.34626261076, 0.54207746516, 0.11165992409],
      [0.17174066677, 0.4417476607, 0.38651167253],
      [0.11511039898, 0.76003189377, 0.12485770725]
    ],
    [
      [0.60094218712, 0.057859432737, 0.34119838014],
      [0.71601497297, 0.16103211864, 0.12295290839],
      [0.02468104679, 0.18616074453, 0.78915820868],
      [0.43478870546, 0.1902920051, 0.37491928944],
      [0.14797645775, 0.2801784321, 0.57184511015],
      [0.14086536193, 0.63281438859, 0.22632024948]
    ],
    [
      [0.30211340963, 0.24315985119, 0.45472673918],
      [0.68185940014, 0.2124125535, 0.10572804636],
      [0.036964282601, 0.14767287188, 0.81536284552],
      [0.20074831894, 0.56717705786, 0.23207462319],
      [0.15018568328, 0.37889527722, 0.4709190395],
      [0.11489798374, 0.66888540766, 0.2162166086]
    ],
    [
      [0.48395817084, 0.10187914318, 0.41416268597],
      [0.71390486003, 0.19138716231, 0.094707977659],
      [0.15215937221, 0.25248881513, 0.59535181267],
      [0.39130206557, 0.33073286488, 0.27796506955],
      [0.28466348919, 0.20408808078, 0.51124843003],
      [0.21587839938, 0.5707448185, 0.21337678212]
    ]
  ],
  "expected_outcome": [
    [
      [18.3325212817, 28.4949233724, 27.0538484722, 22.7334725948, 23.191623134, 24.5711785543, 29.9825511803, 23.8881046825, 17.3897477009, 2.4922868164, 3.3497089011, 5.3108403257, 4.4526999272, 5.5233302782, 3.9719448802, 1.9306193283, 3.1083692973, 3.6812797219, 2.6789745929, 3.3029834691, 1.8095505909, 5.8925683049, 5.6555132013, 2.743981944, 5.3087910633, 1.5906770802, 4.9628849462, 3.2200259716, 3.1258879998, 2.0136761126, 4.8183735268, 3.3738932451, 2.5870033384, 3.9938419322, 2.9066300161, 4.8638552065, 3.9188014787, 3.1942430369, 4.0732841192, 4.1230124858, 4.3831808585, 1.6926982489, 2.9935159385, 5.1561633762, 3.7986241855, 5.0034880239, 4.4893930187, 5.4084796841, 2.416907277, 3.8716653667],
      [13.5139429497, 6.1215997222, 10.8542050076, 11.5972632526, 8.0334161569, 10.6088233749, 12.1342847975, 8.2391988159, 3.8956540423, 0.61664654057, 5.4345274209, 2.5977362769, 3.0780052867, 2.130428661, 1.4205221814, 1.8887318547, 3.4413773298, 1.3372391559, 1.0551183823, 3.881300799, 0.78926530799, 1.9289594903, 2.6327637914, 1.2884498402, 1.5730648281, 0.25177976741, 1.552026775, 2.488239172, 1.9413619628, 1.5785031355, 1.912958282, 2.4456643733, 2.4548517641, 1.0479295113, 1.9071531695, 2.52443437, 1.8117240289, 0.63413616111, 1.3113496338, 2.0284687802, 0.84742309745, 1.5298167113, 1.9821100598, 2.498796612, 1.7442003702, 2.7507546925, 1.8904125501, 0.52073489464, 1.9452788095, 0.81503314547],
      [26.1535357686, 20.3834769053, 22.0919465202, 21.6692641526, 26.7749607091, 14.8199980708, 22.8831640221, 19.8726965016, 7.7145982568, 0.89106664304, 5.215763678, 3.0914233973, 2.4692947861, 1.3462410608, 2.6075329385, 3.180648817, 4.4502533729, 2.9814811221, 2.2659070248, 4.8157157319, 2.4011841011, 3.1784722048, 3.7117230073, 1.9675682158, 5.1181441086, 1.1575431524, 3.4850882788, 3.2917348564, 3.9327500374, 1.4078207518, 4.2686681911, 2.1804423817, 0.95814489758, 4.9582285565, 2.1862168144, 4.6117104235, 1.2694744924, 1.171620802, 2.615366247, 3.848518734, 4.7693960441, 1.7774850399, 4.0243740016, 3.3450400118, 1.4571754443, 2.2457572837, 1.6201944312, 3.0707854213, 3.6378139134, 3.3133014878]
    ],
    [
      [3.3096678627, 6.7761553497, 5.8970264684, 6.3440164742, 5.0103326641, 8.2046241306, 6.6843657155, 4.9054915807, 29.4214072664, 41.3300949681, 28.541477172, 36.4057111043, 38.8141828528, 42.7846894318, 41.4464986457, 34.3885090497, 23.886322236, 3.8783211615, 7.4822316506, 4.2777101113, 5.8811721316, 4.6881907557, 3.869727941, 6.1175693379, 8.3925088523, 7.4481560709, 5.1830942584, 2.5849285325, 3.3093057024, 4.5043482636, 5.5120979183, 7.540235539, 7.9217126838, 3.0160431606, 12.375072625, 3.1009026766, 6.4633397107, 5.7803624092, 3.3709038517, 7.3289030834, 8.9904698607, 4.5343777731, 6.0854442659, 8.7182646813, 5.2514209461, 4.4916145605, 7.0127633015, 5.0121048108, 3.4092970007, 2.8556194401],
      [1.5806235809, 0.9707001124, 1.0437538055, 1.3157635745, 1.4070161888, 1.0487481274, 1.1360423624, 0.42144144118, 7.8239004, 8.1806086659, 12.3879859297, 14.1412766869, 9.9601391137, 10.6369185393, 11.4062974524, 15.7497070101, 8.8170322339, 1.4865182019, 3.0900200235, 2.1596855299, 1.5403219668, 1.4968023763, 1.5220736382, 2.3284438685, 2.6790827372, 1.927814724, 1.4674245357, 2.1573715413, 1.9683227278, 2.3505677743, 3.0664226408, 2.2823981615, 2.866412238, 1.9743483912, 3.9489848943, 0.7303628005, 1.7226959485, 1.3044229612, 1.5447242855, 0.93356634519, 2.3771600624, 2.7767614499, 1.2260336762, 1.7054931787, 1.191292657, 3.0342785566, 2.6169724818, 1.1272248305, 1.0620627675, 0.76554864923],
      [1.1097085564, 1.2531445379, 1.0592197262, 1.3402199513, 1.5826511471, 2.7466277419, 1.1795919221, 1.6730669782, 3.7546923337, 6.489296366, 7.0705368983, 7.4530122088, 7.2256780335, 5.5783920289, 6.1472039019, 6.8617839401, 9.2966455301, 1.6351606366, 1.4277483259, 1.5626043588, 1.5785059016, 0.81500686799, 1.6081984208, 1.5539867936, 2.9284084105, 1.6240292051, 0.34948120593, 1.2576999262, 0.72237156978, 1.1450839621, 1.4214794409, 1.1773662995, 1.2118750782, 0.0096084481689, 1.6759424807, 1.1687345229, 0.81396434081, 0.91521462962, 1.0843718628, 0.73753057139, 1.6323700769, 1.6888607771, 0.68852205796, 1.57624214, 0.55728639693, 1.474106883, 1.3702642167, 0.86067035873, 0.5286402318, 0.37883191063]
    ],
    [
      [0.35113705702, 0.66345845758, 0.038197298021, 0.13000196275, 0.30908823385, 0.18281976042, 0.25261518246, 0.53214000158, 1.0408577611, 0.59377214825, 0.44697699563, 0.93972288119, 0.37685193882, 0.77531626309, 0.71507398467, 1.1253370283, 1.7825647478, 2.420527291, 3.1720622523, 1.8482322217, 3.0087002584, 4.1723521683, 3.5653848548, 3.2771013497, 3.1720194026, 0.77865587113, 0.58795451717, 0.63376301297, 1.0071330938, 0.54423839617, 1.1184718638, 1.0812007144, 0.36107163899, 0.010992814068, 0.44705512608, 1.151106575, 0.51036868462, 0.29178177458, 0.44634718151, 0.87482403191, 0.86391969724, 0.32723990913, 0.18720904816, 0.42483756516, 0.85154343787, 0.18546134006, 0.81592970789, 0.14808628074, 0.40660710861, 1.2172749777],
      [1.2968446657, 0.95467625221, 1.9101971593, 2.0241473606, 1.1416393852, 3.6162244444, 0.88149999052, 2.0954751202, 1.4042235473, 1.6438244404, 3.3146986146, 1.6975578428, 0.96669816912, 1.7932233344, 1.1482961116, 3.8845472148, 4.4541739096, 16.5295261967, 10.4499974254, 16.6013093972, 11.5163854185, 14.2022671117, 12.3014882143, 15.7945155602, 6.6579139521, 1.8671613751, 1.665224365, 3.0095688667, 2.3663897684, 1.9265158127, 3.3539557892, 3.573999525, 0.69861716167, 1.0470143897, 0.82904220219, 2.5305853414, 2.3450301315, 1.9482637734, 2.2744977078, 0.97605225053, 1.9928614059, 1.2288035653, 1.0732173076, 0.18850449832, 3.3002167459, 2.1756812494, 0.67284367531, 1.1169644672, 1.6244015907, 2.019910521],
      [8.3520182773, 8.3818652902, 9.0516055426, 7.8458506766, 3.549272381, 8.2009557952, 5.865884827, 9.3723848782, 4.5549186916, 6.7624034114, 6.2383243898, 4.362719276, 3.6564498921, 4.4314604025, 4.1366299038, 7.9901157569, 15.7632613426, 48.0499465123, 45.3779403223, 35.5504583811, 49.4749143231, 34.62538072, 46.1331269309, 46.9283830901, 34.1700666453, 6.3541827538, 3.7468211178, 10.3566681204, 5.6264771378, 6.5292457911, 6.527572347, 6.3447997606, 2.9403111993, 4.9419927963, 3.7239026717, 7.3183080836, 6.1446011839, 5.759954452, 5.2791551107, 4.1491237176, 6.1432188969, 6.4439565256, 4.7395736443, 5.3866579365, 4.8482398162, 6.6388574105, 1.5112266168, 4.7349492521, 8.9689913007, 4.7628145013]
    ],
    [
      [1.754112306, 3.720895064, 3.8695939755, 3.6276374823, 3.9416264487, 4.1810564591, 2.5418451678, 2.9443270642, 5.266601607, 5.0315888794, 4.0218845581, 2.887296156, 4.4915197713, 2.691834748, 3.5217705063, 1.6630043417, 3.5265169695, 2.7581610966, 1.5953841193, 2.5265083894, 2.0257690143, 2.7896066956, 3.8371817988, 1.9900425709, 4.3652032402, 20.0626828892, 23.3761541327, 17.2563956651, 17.7281791478, 19.5355909192, 19.9862277007, 12.0942871333, 20.8000869468, 14.0054601698, 3.6914507658, 2.8721312138, 3.0631362852, 3.8099043503, 3.0978710062, 2.1034511237, 3.3243487866, 2.4669041337, 1.0940432898, 3.6699216485, 2.9439993762, 1.6397555708, 3.1163634968, 3.4783096437, 2.0074831894, 3.5217185902],
      [4.5669841924, 2.2423126375, 2.1944055064, 2.3070987982, 2.7384202598, 4.6067247427, 1.5003892389, 1.5878795731, 2.8043946548, 2.9369268248, 6.3583159426, 5.1011681638, 4.0529475769, 2.2567823977, 3.3706579999, 2.5991554127, 3.8428419153, 3.7809495003, 1.9674466055, 3.1842161562, 4.6500614863, 3.7292240117, 5.5041259285, 2.931969281, 2.1541839509, 25.8203056967, 25.9057950119, 24.4284835901, 22.9500618516, 25.3366810382, 19.3161360128, 25.4188855884, 28.961390201, 13.0121906382, 2.5800626138, 1.6659200492, 1.3094898524, 1.5245844496, 3.2345482744, 1.6327224596, 1.4156259154, 2.6507392687, 2.13001594, 2.0338358657, 2.2146440364, 1.386448633, 4.8786971864, 1.5223360408, 5.6717705786, 2.9765957839],
      [2.6789035016, 3.0367922985, 2.936000518, 4.0652637195, 3.3199532916, 2.2122187982, 2.9577655933, 1.4677933627, 1.9290037382, 2.0314842959, 3.6197994994, 2.0115356802, 2.4555326518, 1.0513828543, 1.1075714938, 1.7378402456, 4.6306411152, 3.4608894031, 0.43716927518, 1.2892754544, 2.3241694994, 1.4811692927, 2.6586922727, 1.0779881481, 0.48061280891, 14.1170114141, 14.7180508554, 14.3151207448, 11.3217590005, 16.1277280426, 14.6976362864, 14.4868272783, 10.2385228522, 7.982349192, 2.7284866205, 2.461948737, 1.6273738624, 1.6655112001, 2.6675807194, 2.2638264167, 1.260025298, 2.8823565976, 3.7759407702, 1.2962424858, 0.84135658746, 0.97379579626, 1.0049393168, 2.9993543155, 2.3207462319, 2.501685626]
    ],
    [
      [0.62678041405, 1.3937071242, 1.0373230748, 0.3585267258, 0.99120134752, 1.0776125802, 0.72220933665, 2.0070520803, 0.79382751571, 2.6567740953, 0.94877704887, 1.7469896619, 1.2268341333, 1.6544127411, 1.8915083185, 0.8085896697, 1.2318811844, 0.77545533077, 1.6530544042, 1.5363382482, 0.82085407072, 0.62563004211, 0.23846439822, 1.0089852395, 3.6370286507, 0.9359062276, 1.3090527188, 1.2462570172, 3.2969819213, 1.8299408587, 1.4385569568, 1.5783996876, 2.4552904383, 6.9598821236, 9.3625153324, 11.0539093686, 11.5101503514, 9.9653370962, 10.2016556289, 7.8897723331, 9.2635716493, 6.0769446605, 0.41578843056, 2.3523350433, 3.6962724957, 1.4791712719, 1.8891473345, 1.9236939507, 0.75092841639, 0.85399046757],
      [3.5850708616, 0.74073427386, 2.033006602, 1.7737410193, 1.2480942626, 3.9737764396, 1.727614695, 3.2105678762, 1.6495697983, 3.8430487288, 4.6033758271, 3.0668123271, 3.1954980012, 2.226192554, 3.8585993285, 1.3168821595, 2.6026695954, 1.4073857773, 2.1193329896, 3.9182950513, 1.7338342789, 2.1911986215, 0.47760062902, 1.9558632477, 2.8441340754, 2.8824175625, 2.3742574468, 1.9788823715, 4.7665393465, 3.3796006338, 1.8219739604, 2.2352543428, 3.6508232279, 12.9308996207, 15.9890700792, 12.0750088717, 22.7819412038, 16.1875320345, 16.9389597311, 18.9062616903, 12.5997750153, 11.8217120187, 2.7171930208, 1.8353001993, 4.1488084583, 3.8744854093, 4.8592242677, 3.6423196173, 1.8944763861, 0.61226424233],
      [6.7881487243, 4.8655586019, 3.9296703232, 3.8677322549, 4.7607043898, 5.9486109801, 2.5501759684, 5.7823800435, 1.556602686, 5.500177176, 4.447847124, 4.186198011, 4.5776678654, 4.1193947049, 6.249892353, 1.8745281708, 2.1654492202, 1.8171588919, 4.2276126062, 5.5453667005, 3.4453116503, 6.1831713364, 1.2839349728, 3.0351515128, 5.5188372739, 3.1816762099, 3.3166898344, 2.7748606113, 4.9364787322, 5.7904585075, 2.7394690828, 3.1863459696, 4.8938863338, 17.1092182557, 29.6484145884, 35.8710817597, 29.7079084448, 33.8471308693, 36.8593846401, 35.2039659766, 31.1366533355, 27.1013433208, 4.8670185486, 1.8123647575, 3.154919046, 6.6463433187, 4.2516283978, 7.433986432, 2.3545951975, 1.5337452901]
    ],
    [
      [0.62578107855, 1.9508606321, 0.10401071105, 0.80634476016, 2.5561281719, 0.78270851531, 0.81641341723, 2.7228845909, 2.0875581489, 1.8954830926, 0.69117532435, 0.70943987086, 2.6379113765, 2.5704165378, 1.4532036647, 1.0839405822, 0.46434556492, 0.48625539826, 1.4182929807, 0.50822756016, 0.453953934, 0.83165203335, 0.83372780591, 0.86231955795, 1.1244487909, 1.183921861, 0.58085942679, 1.0586298006, 1.5325121349, 0.57220544961, 1.1262720336, 1.3319836807, 0.87483495373, 2.0137797997, 1.2172761347, 0.95809495945, 0.53420348938, 0.95837133287, 0.80993821247, 0.68003694204, 1.1745091476, 3.9018352747, 5.2239990271, 10.6784776856, 11.4581395587, 6.2005092329, 6.6764031406, 8.02932563, 7.0087770078, 14.6797311577],
      [2.4565337498, 5.9699770017, 2.9644319191, 5.9819859948, 6.4314137468, 2.1457028709, 4.6201689157, 7.4454371733, 5.4222575573, 4.7789447997, 1.9010962651, 3.3954487025, 4.7467118524, 6.9564545136, 4.7956269262, 10.5609763482, 3.841905016, 2.4583811679, 7.3180845737, 6.2551930665, 4.7701315415, 8.4515483885, 2.5619477985, 3.7007582025, 6.0916204563, 6.2505208743, 4.0352718655, 5.9374544585, 7.0073243428, 4.4281316056, 5.5285533147, 8.043798009, 5.3679054074, 3.987617449, 3.7456870411, 3.4736885673, 3.0291188349, 8.4010606202, 2.6959203675, 4.5229284741, 4.7671545036, 14.9921669862, 38.8714299955, 34.7380696459, 39.4008377322, 37.7783514592, 44.0818498387, 36.0704201495, 40.8020098675, 38.8106476581],
      [2.9176851717, 2.0791623662, 1.9315573698, 2.211669245, 3.0124580814, 1.0715886138, 1.5634176671, 1.8316782358, 1.4901842937, 2.3255721077, 1.4077284105, 0.89511142667, 1.6153767711, 1.4731289486, 0.75116940908, 1.3550830696, 2.693749419, 1.0553634339, 2.2636224457, 1.2365793733, 1.7759145245, 2.7167995782, 1.6043243956, 1.4369222396, 3.7839307528, 2.5655572647, 1.3838687077, 2.0039157409, 2.4601635223, 0.99966294483, 1.3451746517, 1.6242183103, 0.75725963888, 0.99860275132, 1.0370368243, 1.5682164733, 1.4366776757, 2.640568047, 1.4941414201, 1.7970345838, 3.0583363487, 6.1059977391, 17.9045709774, 12.5834526684, 9.1410227091, 12.0211393079, 7.2417470207, 12.9002542204, 13.1892131246, 14.5096211842]
    ]
  ],
  "prob": [
    [0.44210270644, 0.1946058263, 0.36329146726],
    [0.65928904159, 0.20756193303, 0.13314902538],
    [0.060846651134, 0.22033969545, 0.71881365341],
    [0.35085620313, 0.39996243564, 0.24918136123],
    [0.16980616089, 0.29773313551, 0.53246070359],
    [0.14530885056, 0.63969833329, 0.21499281615]
  ],
  "iterations": 19,
  "time": 0.398141,
  "message": "Converged",
  "status": 0,
  "miniter": 0,
  "maxiter": 1000,
  "maxtime": 3600,
  "param_threshold": 0.001,
  "ll_threshold": "-Inf",
  "initial_prob": "group_proportional",
  "ballotbox_id": ["1", "2", "3", "4", "5", "6", "7", "8", "9", "10", "11", "12", "13", "14", "15", "16", "17", "18", "19", "20", "21", "22", "23", "24", "25", "26", "27", "28", "29", "30", "31", "32", "33", "34", "35", "36", "37", "38", "39", "40", "41", "42", "43", "44", "45", "46", "47", "48", "49", "50"],
  "candidates_id": ["1", "2", "3"],
  "group_id": ["1", "2", "3", "4", "5", "6"]
}
