{
  "X": [
    [38, 15, 47],
    [31, 15, 54],
    [35, 19, 46],
    [31, 19, 50],
    [31, 15, 54],
    [28, 21, 51],
    [32, 20, 48],
    [40, 23, 37],
    [35, 20, 45],
    [43, 5, 52],
    [40, 12, 48],
    [34, 12, 54],
    [36, 12, 52],
    [32, 13, 55],
    [35, 11, 54],
    [35, 10, 55],
    [46, 12, 42],
    [75, 5, 20],
    [73, 10, 17],
    [68, 11, 21],
    [71, 7, 22],
    [66, 14, 20],
    [75, 12, 13],
    [74, 12, 14],
    [67, 16, 17],
    [51, 13, 36],
    [55, 15, 30],
    [39, 19, 42],
    [49, 13, 38],
    [51, 13, 36],
    [44, 17, 39],
    [44, 12, 44],
    [41, 26, 33],
    [43, 25, 32],
    [42, 37, 21],
    [50, 31, 19],
    [39, 46, 15],
    [47, 42, 11],
    [54, 30, 16],
    [43, 36, 21],
    [55, 31, 14],
    [51, 27, 22],
    [29, 39, 32],
    [41, 33, 26],
    [44, 32, 24],
    [30, 40, 30],
    [27, 40, 33],
    [49, 32, 19],
    [42, 34, 24],
    [38, 30, 32]
  ],
  "W": [
    [63, 5, 9, 8, 11, 4],
    [58, 7, 7, 9, 9, 10],
    [58, 8, 8, 4, 14, 8],
    [52, 9, 7, 17, 9, 6],
    [58, 8, 8, 13, 8, 5],
    [56, 11, 6, 15, 5, 7],
    [53, 11, 7, 10, 10, 9],
    [59, 6, 8, 8, 10, 9],
    [22, 38, 10, 9, 7, 14],
    [7, 60, 14, 4, 6, 9],
    [13, 55, 6, 9, 6, 11],
    [9, 59, 10, 10, 4, 8],
    [10, 66, 5, 7, 6, 6],
    [8, 58, 5, 13, 8, 8],
    [10, 67, 7, 7, 4, 5],
    [2, 59, 8, 9, 10, 12],
    [9, 42, 25, 5, 8, 11],
    [10, 9, 64, 5, 7, 5],
    [10, 9, 58, 7, 8, 8],
    [10, 8, 52, 8, 8, 14],
    [6, 10, 61, 4, 10, 9],
    [7, 8, 58, 7, 11, 9],
    [8, 8, 60, 8, 7, 9],
    [9, 6, 65, 6, 9, 5],
    [10, 5, 60, 7, 11, 7],
    [9, 10, 9, 58, 6, 8],
    [9, 3, 14, 59, 8, 7],
    [8, 6, 5, 62, 10, 9],
    [6, 9, 9, 64, 6, 6],
    [9, 4, 7, 67, 6, 7],
    [10, 10, 7, 52, 10, 11],
    [7, 7, 4, 66, 10, 6],
    [20, 7, 8, 43, 8, 14],
    [13, 11, 6, 25, 39, 6],
    [8, 7, 7, 9, 59, 10],
    [9, 14, 8, 6, 53, 10],
    [9, 6, 7, 9, 63, 6],
    [4, 7, 9, 7, 59, 14],
    [6, 8, 13, 8, 61, 4],
    [8, 10, 3, 9, 63, 7],
    [8, 8, 4, 5, 61, 14],
    [7, 6, 6, 17, 43, 21],
    [11, 7, 12, 7, 7, 56],
    [12, 13, 13, 6, 7, 49],
    [7, 13, 13, 6, 8, 53],
    [9, 5, 4, 9, 6, 67],
    [6, 11, 8, 8, 8, 59],
    [8, 6, 9, 7, 7, 63],
    [8, 4, 11, 6, 8, 63],
    [6, 10, 9, 9, 11, 55]
  ],
  "method": "mcmc",
  "mcmc_stepsize": 3000,
  "mcmc_samples": 1000,
  "burn_in": 10000,
  "cond_prob": [
    [
      [0.25787813385, 0.15431649231, 0.58780537384],
      [0.29036187871, 0.026794629621, 0.68284349167],
      [0.68445056653, 0.0952280506, 0.22032138287],
      [0.53754222998, 0.075325318648, 0.38713245137],
      [0.67579513955, 0.22926057719, 0.094944283263],
      [0.6019321751, 0.29064162064, 0.10742620426]
    ],
    [
      [0.20301378812, 0.10569217286, 0.69129403902],
      [0.29190519675, 0.014150534195, 0.69394426905],
      [0.76379066507, 0.0039710816872, 0.23223825324],
      [0.39035898391, 0.050190363012, 0.55945065308],
      [0.63494010366, 0.33407567484, 0.0309842215],
      [0.26076374682, 0.52846083226, 0.21077542093]
    ],
    [
      [0.26254908646, 0.13037591508, 0.60707499846],
      [0.37461584122, 0.092939536176, 0.5324446226],
      [0.83517344005, 0.016072707064, 0.14875385289],
      [0.22347066964, 0.15888968041, 0.61763964995],
      [0.46391589294, 0.43743443988, 0.098649667187],
      [0.33814169441, 0.47580726246, 0.18605104312]
    ],
    [
      [0.24331022609, 0.15516010453, 0.60152966938],
      [0.13351846085, 0.12009319209, 0.74638834706],
      [0.93931491256, 0.015311712809, 0.045373374633],
      [0.16256221177, 0.16877279289, 0.66866499534],
      [0.7492603541, 0.23473142899, 0.016008216911],
      [0.17734948679, 0.79365558428, 0.028994928929]
    ],
    [
      [0.24481001158, 0.14893920094, 0.60625078748],
      [0.08620981887, 0.053928033523, 0.85986214761],
      [0.79704357831, 0.014128477494, 0.18882794419],
      [0.20672741465, 0.07867196786, 0.71460061749],
      [0.6604794331, 0.29179995712, 0.047720609779],
      [0.35274005916, 0.49198780358, 0.15527213726]
    ],
    [
      [0.20526695098, 0.18264586831, 0.61208718071],
      [0.15963479788, 0.10273586699, 0.73762933512],
      [0.70569293876, 0.14237651309, 0.15193054815],
      [0.36435683832, 0.20233138814, 0.43331177354],
      [0.47059284422, 0.3863157088, 0.14309144698],
      [0.3852276486, 0.54584691329, 0.068925438106]
    ],
    [
      [0.20039852507, 0.16582510341, 0.63377637152],
      [0.25267339618, 0.088665661307, 0.65866094251],
      [0.87479270507, 0.0003575023337, 0.1248497926],
      [0.34061987932, 0.21455829118, 0.4448218295],
      [0.52653423397, 0.3913862737, 0.082079492329],
      [0.42270897164, 0.46377767554, 0.11351335283]
    ],
    [
      [0.33632572707, 0.23974339095, 0.42393088198],
      [0.24090159044, 0.03559336339, 0.72350504617],
      [0.66501481844, 0.023919670669, 0.31106551089],
      [0.50017369713, 0.023594186633, 0.47623211624],
      [0.62335975572, 0.3333722966, 0.043267947689],
      [0.35069631982, 0.54752732548, 0.10177635469]
    ],
    [
      [0.20741581378, 0.23957322423, 0.553010962],
      [0.24205472505, 0.064335614229, 0.69360966072],
      [0.86851888797, 0.042857325541, 0.088623786488],
      [0.40861504246, 0.22431251632, 0.36707244121],
      [0.60917477231, 0.29619476951, 0.094630458175],
      [0.32941606263, 0.55456331696, 0.11602062041]
    ],
    [
      [0.28711182154, 0.067086547449, 0.64580163101],
      [0.28215890419, 0.020679922959, 0.69716117286],
      [0.80700636904, 0.047230632194, 0.14576299877],
      [0.5277910631, 0.074027624659, 0.39818131224],
      [0.88941637614, 0.053078437559, 0.057505186299],
      [0.5905479247, 0.22375431285, 0.18569776245]
    ],
    [
      [0.35121914485, 0.17804010381, 0.47074075135],
      [0.30581150419, 0.038647227309, 0.6555412685],
      [0.81461645267, 0.054401658067, 0.13098188926],
      [0.59010378645, 0.13045037231, 0.27944584124],
      [0.6720992925, 0.25593588916, 0.071964818339],
      [0.3984808943, 0.41125477404, 0.19026433166]
    ],
    [
      [0.24781321087, 0.090242824958, 0.66194396417],
      [0.22593014216, 0.072718694691, 0.70135116315],
      [0.86236462242, 0.022817422208, 0.11481795537],
      [0.43378231199, 0.21189732172, 0.35432036628],
      [0.5992615886, 0.36983086814, 0.030907543265],
      [0.385160877, 0.38386758459, 0.23097153842]
    ],
    [
      [0.29913654951, 0.11545487774, 0.58540857275],
      [0.30308734614, 0.073655677541, 0.62325697631],
      [0.78701808593, 0.015683398998, 0.19729851508],
      [0.33834461343, 0.13561788755, 0.52603749902],
      [0.78173112599, 0.20495168873, 0.013317185281],
      [0.33516336331, 0.6211206941, 0.04371594259]
    ],
    [
      [0.33896078921, 0.21624956132, 0.44478964947],
      [0.24912729467, 0.041278080531, 0.7095946248],
      [0.63546985876, 0.032165011371, 0.33236512987],
      [0.36230192859, 0.15120847607, 0.48648959534],
      [0.53571526049, 0.35088576347, 0.11339897604],
      [0.33324176825, 0.49278168564, 0.17397654611]
    ],
    [
      [0.33318759127, 0.13247279667, 0.53433961206],
      [0.26789133014, 0.06671881026, 0.6653898596],
      [0.81134608166, 0.057356099613, 0.13129781873],
      [0.46988736516, 0.13082909235, 0.39928354249],
      [0.60821078056, 0.38505121004, 0.0067380093914],
      [0.4635855436, 0.46952211239, 0.066892344011]
    ],
    [
      [0.086587790607, 0.014024786895, 0.8993874225],
      [0.21986697493, 0.019949812111, 0.76018321296],
      [0.94591899903, 0.013060034594, 0.041020966379],
      [0.25453762915, 0.028649586201, 0.71681278465],
      [0.61270218918, 0.36965812626, 0.017639684558],
      [0.48912169598, 0.39466697471, 0.11621132931]
    ],
    [
      [0.31644347426, 0.1690962544, 0.51446027134],
      [0.28410244386, 0.019442109123, 0.69645544702],
      [0.76033480123, 0.081824145222, 0.15784105355],
      [0.32471918049, 0.15111594568, 0.52416487384],
      [0.72675280543, 0.23458405674, 0.038663137831],
      [0.43397433754, 0.45306448313, 0.11296117933]
    ],
    [
      [0.36359555655, 0.088609864074, 0.54779457938],
      [0.35776184279, 0.042168865442, 0.60006929177],
      [0.88855996757, 0.011524802056, 0.099915230375],
      [0.64433614776, 0.032619466376, 0.32304438587],
      [0.73471991346, 0.18438930825, 0.08089077829],
      [0.58232595841, 0.30859434981, 0.10907969178]
    ],
    [
      [0.47550985587, 0.18118411432, 0.34330602981],
      [0.43157538415, 0.0270788107, 0.54134580515],
      [0.90875119983, 0.018198543555, 0.073050256617],
      [0.46312807196, 0.046792446133, 0.49007948191],
      [0.7366215952, 0.24697703852, 0.016401366284],
      [0.31478551609, 0.5731963254, 0.11201815851]
    ],
    [
      [0.30329881037, 0.19574032978, 0.50096085985],
      [0.3670959295, 0.0025789266902, 0.63032514381],
      [0.85020512668, 0.036869434645, 0.11292543867],
      [0.48837673607, 0.013190958424, 0.49843230551],
      [0.74471603598, 0.25121261486, 0.004071349157],
      [0.56820254975, 0.35639472149, 0.075402728765]
    ],
    [
      [0.30690289192, 0.096851722791, 0.59624538529],
      [0.33365739059, 0.028403778148, 0.63793883126],
      [0.86605435899, 0.011596803818, 0.12234883719],
      [0.42191938016, 0.049329252476, 0.52875136737],
      [0.70162179469, 0.17711985739, 0.12125834792],
      [0.47653304184, 0.38432569612, 0.13914126204]
    ],
    [
      [0.3197807293, 0.16291591572, 0.51730335498],
      [0.27722376804, 0.11112745315, 0.61164877881],
      [0.85175483045, 0.035861753937, 0.11238341561],
      [0.30180178709, 0.12863742937, 0.56956078354],
      [0.64339148454, 0.28535502172, 0.071253493737],
      [0.32800508277, 0.65013555465, 0.021859362579]
    ],
    [
      [0.50006924806, 0.20671855074, 0.29321220119],
      [0.36907284215, 0.049573448134, 0.58135370972],
      [0.91850219817, 0.025486703375, 0.056011098455],
      [0.60599033999, 0.1242141246, 0.26979553542],
      [0.61907214533, 0.34236322118, 0.038564633491],
      [0.41725596121, 0.55891180683, 0.023832231959]
    ],
    [
      [0.21547428668, 0.28999225419, 0.49453345913],
      [0.45494360978, 0.030885594237, 0.51417079598],
      [0.896865846, 0.041231977219, 0.061902176779],
      [0.65594998246, 0.045829146559, 0.29822087098],
      [0.57815625483, 0.37219439196, 0.049649353213],
      [0.37913671657, 0.57999064412, 0.040872639307]
    ],
    [
      [0.21577848113, 0.33851505596, 0.44570646291],
      [0.26846164102, 0.024353328904, 0.70718503007],
      [0.85979568847, 0.047627949493, 0.09257636204],
      [0.52282912177, 0.11388211506, 0.36328876317],
      [0.44525401098, 0.48042746857, 0.074318520449],
      [0.47922395748, 0.50764698094, 0.013129061573]
    ],
    [
      [0.42379083451, 0.013552413864, 0.56265675163],
      [0.43844515851, 0.016270387131, 0.54528445436],
      [0.88530141263, 0.0017911474613, 0.11290743991],
      [0.46628865045, 0.13423391356, 0.39947743599],
      [0.55126779245, 0.30042566233, 0.14830654522],
      [0.56017121372, 0.38888538953, 0.050943396751]
    ],
    [
      [0.23388249529, 0.29209945013, 0.47401805458],
      [0.7669800117, 0.026954777992, 0.20606521031],
      [0.86795242516, 0.014907825909, 0.11713974893],
      [0.52410279647, 0.10414255179, 0.37175465174],
      [0.5159923225, 0.34847563364, 0.13553204386],
      [0.48468285472, 0.44990220394, 0.06541494134]
    ],
    [
      [0.32704691736, 0.11892860574, 0.55402447691],
      [0.18305618691, 0.13114619257, 0.68579762052],
      [0.90192565482, 0.0019473218578, 0.096127023325],
      [0.36041422395, 0.11939480296, 0.52019097309],
      [0.60750235647, 0.37225680614, 0.020240837385],
      [0.26166153511, 0.68076794941, 0.057570515477]
    ],
    [
      [0.34767293663, 0.070867184885, 0.58145987848],
      [0.22528200541, 0.074582970676, 0.70013502392],
      [0.89983676839, 0.022411399049, 0.077751832564],
      [0.47454558633, 0.11599392096, 0.40946049271],
      [0.66365217081, 0.27808563718, 0.058262192013],
      [0.40584381103, 0.43495379975, 0.15920238922]
    ],
    [
      [0.3298733472, 0.037053133665, 0.63307351913],
      [0.44407443154, 0.027426982167, 0.52849858629],
      [0.93937436603, 0.008173785578, 0.052451848391],
      [0.50239927438, 0.090275327588, 0.40732539803],
      [0.74887169392, 0.21637015904, 0.034758147045],
      [0.21789143425, 0.73613278096, 0.04597578479]
    ],
    [
      [0.45066733529, 0.012299592217, 0.5370330725],
      [0.19991767299, 0.18893914855, 0.61114317845],
      [0.89508133053, 0.0040727490891, 0.10084592038],
      [0.42480981046, 0.1000185961, 0.47517159344],
      [0.53947697611, 0.45396287573, 0.006560148161],
      [0.34033642713, 0.47440978129, 0.18525379157]
    ],
    [
      [0.36419521096, 0.014956617059, 0.62084817198],
      [0.28863764684, 0.086923393475, 0.62443895969],
      [0.84848925478, 0.014835127138, 0.13667561808],
      [0.40194241394, 0.083043865499, 0.51501372056],
      [0.65776462942, 0.28942673399, 0.052808636589],
      [0.48839456036, 0.47538949248, 0.036215947164]
    ],
    [
      [0.20464085018, 0.39444384517, 0.40091530464],
      [0.14081388201, 0.14082614457, 0.71835997342],
      [0.99363953024, 0.00040534373214, 0.0059551260273],
      [0.42136831923, 0.18597382226, 0.39265785851],
      [0.61539359551, 0.25943458874, 0.12517181575],
      [0.35217022068, 0.50355330481, 0.14427647451]
    ],
    [
      [0.34871906135, 0.17943184144, 0.47184909721],
      [0.13566723024, 0.091490676245, 0.77284209352],
      [0.85267466255, 0.073163038166, 0.074162299288],
      [0.30940636482, 0.11852589662, 0.57206773856],
      [0.5923115287, 0.3627130083, 0.044975463001],
      [0.17049265913, 0.68550927571, 0.14399806515]
    ],
    [
      [0.13024317656, 0.29785092549, 0.57190589795],
      [0.30996251268, 0.022002869749, 0.66803461757],
      [0.72048686803, 0.088396352476, 0.19111677949],
      [0.28646534002, 0.26531366566, 0.44822099432],
      [0.4583992328, 0.46919513411, 0.072405633086],
      [0.41211661272, 0.37740621368, 0.2104771736]
    ],
    [
      [0.41620302931, 0.12147129791, 0.46232567278],
      [0.36414859427, 0.067781730789, 0.56806967494],
      [0.85921098033, 0.013959888274, 0.1268291314],
      [0.47563293752, 0.33795370075, 0.18641336173],
      [0.53497651077, 0.39529340273, 0.069730086499],
      [0.30748518776, 0.58678624325, 0.10572856899]
    ],
    [
      [0.14915303974, 0.32824214711, 0.52260481315],
      [0.43417364287, 0.029625322289, 0.53620103484],
      [0.71372730839, 0.038608155457, 0.24766453615],
      [0.3531239094, 0.22380263071, 0.42307345989],
      [0.39281770965, 0.58502945255, 0.022152837802],
      [0.35514312229, 0.62112207788, 0.023734799839]
    ],
    [
      [0.37371066194, 0.15850317126, 0.4677861668],
      [0.33483079209, 0.11243643376, 0.55273277415],
      [0.84426997951, 0.054116376075, 0.10161364442],
      [0.52053137956, 0.19191097679, 0.28755764364],
      [0.44571023535, 0.52884644851, 0.025443316133],
      [0.40159203209, 0.53904054244, 0.059367425474]
    ],
    [
      [0.36550251255, 0.20561119962, 0.42888628783],
      [0.19684579398, 0.072042724666, 0.73111148135],
      [0.74871577612, 0.059032796198, 0.19225142768],
      [0.5675824321, 0.17822037029, 0.2541971976],
      [0.56109116661, 0.39792892486, 0.040979908528],
      [0.43292321582, 0.43078431885, 0.13629246533]
    ],
    [
      [0.11262322085, 0.25115275354, 0.63622402561],
      [0.22212742614, 0.089919189193, 0.68795338467],
      [0.64125181077, 0.18408703109, 0.17466115814],
      [0.45545526073, 0.13642272535, 0.40812201392],
      [0.49891578567, 0.44340423219, 0.057679982147],
      [0.34617038515, 0.4824362615, 0.17139335335]
    ],
    [
      [0.52877996922, 0.044073286838, 0.42714674394],
      [0.34567119723, 0.057195734866, 0.5971330679],
      [0.96133674327, 0.0037341784323, 0.034929078299],
      [0.65027910644, 0.045944671055, 0.30377622251],
      [0.57566032399, 0.40113742263, 0.023202253377],
      [0.41374059997, 0.39112892692, 0.19513047311]
    ],
    [
      [0.37600613353, 0.063907025099, 0.56008684137],
      [0.25923223019, 0.20338258226, 0.53738518755],
      [0.84133038394, 0.086427549304, 0.072242066753],
      [0.32994785059, 0.1104943846, 0.55955776481],
      [0.59241512092, 0.35840149052, 0.049183388563],
      [0.50864846291, 0.35829149544, 0.13306004165]
    ],
    [
      [0.047752183217, 0.2560838434, 0.69616397338],
      [0.12881311797, 0.024419009828, 0.8467678722],
      [0.63212398812, 0.05990095166, 0.30797506022],
      [0.22196354485, 0.10725324662, 0.67078320853],
      [0.54167073124, 0.45169218444, 0.0066370843234],
      [0.26146618516, 0.56036991458, 0.17816390026]
    ],
    [
      [0.18203852744, 0.27382830791, 0.54413316465],
      [0.35857038123, 0.12950405537, 0.5119255634],
      [0.76379374654, 0.016968984936, 0.21923726852],
      [0.42884931729, 0.19203579674, 0.37911488596],
      [0.46822598796, 0.49464688178, 0.037127130259],
      [0.37498216715, 0.473370772, 0.15164706085]
    ],
    [
      [0.26932893506, 0.24438545142, 0.48628561352],
      [0.3042968678, 0.036225053421, 0.65947807878],
      [0.72833462053, 0.063797323344, 0.20786805612],
      [0.335011862, 0.20774054662, 0.45724759139],
      [0.61282930962, 0.29671328061, 0.090457409772],
      [0.4109015558, 0.4786577626, 0.11044068161]
    ],
    [
      [0.11232254929, 0.13503260388, 0.75264484682],
      [0.20606568659, 0.01997642844, 0.77395788497],
      [0.52266328381, 0.010172150567, 0.46716456563],
      [0.41823513951, 0.020500721827, 0.56126413867],
      [0.628192003, 0.35856478459, 0.01324321241],
      [0.27365443604, 0.54191403905, 0.18443152491]
    ],
    [
      [0.027086053069, 0.30382799109, 0.66908595584],
      [0.21888568453, 0.0088989756228, 0.77221533985],
      [0.70447316472, 0.010050623799, 0.28547621149],
      [0.33134840272, 0.16943000399, 0.4992215933],
      [0.43942289188, 0.47365207185, 0.086925036272],
      [0.21403026233, 0.55684884279, 0.22912089488]
    ],
    [
      [0.38666172488, 0.22445813662, 0.3888801385],
      [0.43514716659, 0.064682754033, 0.50017007938],
      [0.78441687359, 0.045023361526, 0.17055976488],
      [0.66280411689, 0.087632479472, 0.24956340364],
      [0.56683233225, 0.25832554276, 0.17484212499],
      [0.43854946341, 0.42840193609, 0.1330486005]
    ],
    [
      [0.23934489202, 0.14729226494, 0.61336284303],
      [0.17521768365, 0.21157719595, 0.6132051204],
      [0.75312137882, 0.053160118761, 0.19371850242],
      [0.2270747566, 0.176723575, 0.5962016684],
      [0.46966328066, 0.41569989384, 0.1146368255],
      [0.41238539964, 0.42864525698, 0.15896934338]
    ],
    [
      [0.015891271723, 0.16520565917, 0.8189030691],
      [0.1091443026, 0.00049896923566, 0.89035672816],
      [0.55378136474, 0.11111498968, 0.33510364558],
      [0.43275052932, 0.0071356603341, 0.56011381035],
      [0.72348666662, 0.27184883, 0.0046645033774],
      [0.36320125389, 0.45362151586, 0.18317723024]
    ]
  ],
  "expected_outcome": [
    [
      [16.2463224324, 11.7747997109, 15.2278470149, 12.6521317566, 14.1989806715, 11.4949492546, 10.6211218289, 19.8432178972, 4.5631479031, 2.0097827508, 4.565848883, 2.2303188978, 2.9913654951, 2.7116863137, 3.3318759127, 0.17317558121, 2.8479912683, 3.6359555655, 4.7550985587, 3.0329881037, 1.8414173515, 2.2384651051, 4.0005539845, 1.9392685801, 2.1577848113, 3.8141175106, 2.1049424576, 2.6163753389, 2.0860376198, 2.9688601248, 4.5066733529, 2.5493664767, 4.0928170036, 4.5333477976, 1.0419454125, 3.7458272638, 1.3423773577, 1.4948426478, 2.1930150753, 0.90098576682, 4.2302397537, 2.6320429347, 0.52527401539, 2.1844623293, 1.8853025455, 1.0109029436, 0.16251631841, 3.093293799, 1.9147591362, 0.09534763034],
      [9.7219390157, 6.1301460256, 7.5618030745, 8.0683254358, 8.6384736548, 10.2281686254, 8.7887304806, 14.1448600659, 5.270610933, 0.46960583215, 2.3145213495, 0.81218542462, 1.1545487774, 1.7299964905, 1.3247279667, 0.028049573789, 1.5218662896, 0.88609864074, 1.8118411432, 1.9574032978, 0.58111033675, 1.14041141, 1.6537484059, 2.6099302878, 3.3851505596, 0.12197172478, 2.6288950512, 0.95142884588, 0.42520310931, 0.33347820298, 0.12299592217, 0.10469631942, 7.8888769035, 2.3326139387, 2.3828074039, 1.0932416812, 2.954179324, 0.63401268504, 1.2336671977, 2.0092220283, 0.3525862947, 0.44734917569, 2.8169222774, 3.2859396949, 1.7106981599, 1.2152934349, 1.8229679465, 1.7956650929, 1.1783381196, 0.99123395505],
      [37.0317385519, 40.0950542634, 35.2103499106, 31.2795428076, 35.1625456737, 34.27688212, 33.5901476905, 25.0119220368, 12.1662411639, 4.5206114171, 6.1196297675, 5.9574956775, 5.8540857275, 3.5583171958, 5.3433961206, 1.798774845, 4.6301424421, 5.4779457938, 3.4330602981, 5.0096085985, 3.5774723118, 3.6211234849, 2.3456976096, 4.4508011321, 4.4570646291, 5.0639107647, 4.2661624912, 4.4321958152, 3.4887592709, 5.6976616722, 5.370330725, 4.3459372039, 8.0183060929, 6.1340382638, 4.5752471836, 4.160931055, 4.7034433183, 1.8711446672, 2.573317727, 5.0897922049, 3.4171739516, 3.9206078896, 7.6578037072, 6.5295979758, 3.4039992946, 6.7738036214, 4.0145157351, 3.111041108, 4.9069027443, 4.9134184146]
    ],
    [
      [1.4518093935, 2.0433363773, 2.9969267298, 1.2016661477, 0.68967855096, 1.7559827767, 2.779407358, 1.4454095426, 9.198079552, 16.9295342511, 16.8196327306, 13.3298783876, 20.0037648455, 14.4493830909, 17.9487191193, 12.9721515206, 11.9323026421, 3.2198565851, 3.8841784573, 2.936767436, 3.3365739059, 2.2177901443, 2.9525827372, 2.7296616587, 1.3423082051, 4.3844515851, 2.3009400351, 1.0983371215, 2.0275380487, 1.7762977262, 1.9991767299, 2.0204635279, 0.9856971741, 1.4923395326, 2.1697375888, 5.0980803198, 2.6050418572, 2.3438155446, 1.5747663519, 2.2212742614, 2.7653695778, 1.5553933812, 0.90169182581, 4.661414956, 3.9558592814, 1.030328433, 2.4077425298, 2.6108829995, 0.70087073459, 1.091443026],
      [0.13397314811, 0.099053739368, 0.74351628941, 1.0808387288, 0.43142426818, 1.1300945369, 0.97532227438, 0.21356018034, 2.4447533407, 1.2407953775, 2.125597502, 4.2904029868, 4.8612747177, 2.3941286708, 4.4701602874, 1.1770389145, 0.81656858317, 0.37951978898, 0.2437092963, 0.020631413521, 0.28403778148, 0.88901962524, 0.39658758507, 0.18531356542, 0.12176664452, 0.16270387131, 0.080864333975, 0.78687715543, 0.67124673608, 0.10970792867, 1.8893914855, 0.60846375433, 0.98578301197, 1.0063974387, 0.15402008825, 0.94894423105, 0.17775193373, 0.78705503634, 0.57634179733, 0.89919189193, 0.45756587893, 1.2202954935, 0.1709330688, 1.6835527198, 0.47092569447, 0.099882142201, 0.097888731851, 0.3880965242, 0.8463087838, 0.0049896923566],
      [3.4142174583, 4.8576098834, 4.2595569808, 6.7174951235, 6.8788971809, 8.1139226863, 7.2452703676, 4.341030277, 26.3571671073, 41.8296703713, 36.0547697674, 41.3797186256, 41.1349604367, 41.1564882383, 44.5811205933, 44.8508095648, 29.2511287748, 5.4006236259, 4.8721122464, 5.0426011505, 6.3793883126, 4.8931902305, 4.6508296777, 3.0850247759, 3.5359251504, 5.4528445436, 0.61819563093, 4.1147857231, 6.3012152153, 2.1139943452, 6.1114317845, 4.3710727178, 5.0285198139, 8.5012630287, 4.676242323, 7.9529754491, 3.2172062091, 3.869129419, 5.8488918508, 6.8795338467, 4.7770645432, 3.2243111253, 5.9273751054, 6.6550323242, 8.5732150241, 3.8697894248, 8.4943687383, 3.0010204763, 2.4528204816, 8.9035672816]
    ],
    [
      [6.1600550988, 5.3465346555, 6.6813875204, 6.5752043879, 6.3763486265, 4.2341576326, 6.1235489355, 5.3201185475, 8.6851888797, 11.2980891666, 4.887698716, 8.6236462242, 3.9350904296, 3.1773492938, 5.6794225716, 7.5673519922, 19.0083700308, 56.8678379244, 52.70756959, 44.2106665875, 52.8293158985, 49.4017801661, 55.1101318902, 58.2962799901, 51.587741308, 7.9677127137, 12.1513339523, 4.5096282741, 8.0985309155, 6.5756205622, 6.2655693137, 3.3939570191, 7.9491162419, 5.1160479753, 5.0434080762, 6.8736878426, 4.9960911588, 7.5984298156, 9.7333050896, 1.9237554323, 3.8453469731, 5.0479823037, 7.5854878574, 9.9293187051, 9.468350067, 2.0906531352, 5.6357853177, 7.0597518623, 8.284335167, 4.9840322827],
      [0.8570524554, 0.02779757181, 0.12858165651, 0.10718198966, 0.11302781995, 0.85425907856, 0.0025025163359, 0.19135736536, 0.42857325541, 0.66122885072, 0.3264099484, 0.22817422208, 0.078416994992, 0.16082505686, 0.40149269729, 0.10448027675, 2.0456036305, 0.7375873316, 1.0555155262, 1.9172106015, 0.70740503292, 2.0799817283, 1.5292022025, 2.6800785193, 2.8576769696, 0.016120327152, 0.20870956273, 0.0097366092889, 0.20170259144, 0.057216499046, 0.028509243624, 0.059340508551, 0.0032427498571, 0.438978229, 0.61877446733, 0.11167910619, 0.2702570882, 0.48704738468, 0.76742635058, 0.55226109328, 0.014936713729, 0.51856529582, 0.71881141992, 0.22059680417, 0.82936520347, 0.040688602268, 0.080404990388, 0.40521025373, 0.58476130637, 1.0000349071],
      [1.9828924458, 1.6256677727, 1.1900308231, 0.31761362243, 1.5106235536, 0.91158328888, 0.87394854818, 2.4885240871, 0.88623786488, 2.0406819827, 0.78589133557, 1.1481795537, 0.98649257538, 1.6618256494, 0.91908473111, 0.32816773103, 3.9460263387, 6.394574744, 4.2369148838, 5.8721228109, 7.4632790686, 6.5182381055, 3.3606659073, 4.0236414907, 5.5545817224, 1.0161669592, 1.639956485, 0.48063511663, 0.69976649307, 0.36716293873, 0.70592144268, 0.54670247232, 0.047641008219, 0.44497379573, 1.3378174564, 1.0146330512, 1.733651753, 0.91452279976, 2.4992685599, 0.52398347442, 0.13971631319, 0.43345240052, 3.6957007226, 2.8500844907, 2.7022847296, 1.8686582625, 2.2838096919, 1.5350378839, 2.1309035266, 3.0159328102]
    ],
    [
      [4.3003378398, 3.5132308551, 0.89388267856, 2.7635576002, 2.6874563905, 5.4653525747, 3.4061987932, 4.001389577, 3.6775353822, 2.1111642524, 5.3109340781, 4.3378231199, 2.368412294, 4.7099250717, 3.2892115561, 2.2908386623, 1.6235959024, 3.2216807388, 3.2418965037, 3.9070138885, 1.6876775206, 2.1126125096, 4.8479227199, 3.9356998948, 3.6598038524, 27.0447417262, 30.922064992, 22.3456818848, 30.3709175251, 33.6607513835, 22.0901101439, 26.5281993199, 18.1188377268, 7.7351591205, 2.5781880602, 2.8537976251, 3.1781151846, 3.643719657, 4.5406594568, 4.0990973466, 3.2513955322, 5.60911346, 1.553744814, 2.5730959038, 2.010071172, 3.7641162556, 2.6507872217, 4.6396288182, 1.3624485396, 3.8947547639],
      [0.60260254918, 0.45171326711, 0.63555872164, 2.8691374791, 1.0227355822, 3.0349708221, 2.1455829118, 0.18875349306, 2.0188126469, 0.29611049864, 1.1740533507, 2.1189732172, 0.94932521284, 1.9657101889, 0.91580364647, 0.25784627581, 0.75557972838, 0.16309733188, 0.32754712293, 0.10552766739, 0.1973170099, 0.90046200558, 0.99371299677, 0.27497487936, 0.79717480541, 7.7855669865, 6.1444105554, 7.4024777833, 7.4236109416, 6.0484469484, 5.2009669972, 5.4808951229, 7.9968743573, 2.9631474156, 2.387822991, 2.0277222045, 2.0142236764, 1.3433768375, 1.4257629623, 1.2278045281, 0.22972335528, 1.8784045383, 0.75077272632, 1.1522147805, 1.2464432797, 0.18450649645, 1.3554400319, 0.61342735631, 1.06034145, 0.064220943007],
      [3.097059611, 5.0350558777, 2.4705585998, 11.3673049207, 9.2898080273, 6.4996766031, 4.448218295, 3.8098569299, 3.3036519709, 1.592725249, 2.5150125712, 3.5432036628, 3.6822624932, 6.3243647394, 2.7949847974, 6.4513150619, 2.6208243692, 1.6152219293, 3.4305563734, 3.9874584441, 2.1150054695, 3.9869254848, 2.1583642833, 1.7893252259, 2.5430213422, 23.1696912873, 21.9335244526, 32.2518403319, 26.2054715334, 27.2908016681, 24.7089228589, 33.9909055571, 16.8842879159, 14.3016934639, 4.0339889489, 1.1184801704, 3.807661139, 2.0129035055, 2.0335775808, 3.6730981253, 1.5188811125, 9.5124820017, 4.6954824597, 2.2746893158, 2.7434855483, 5.051377248, 3.9937727464, 1.7469438255, 3.5772100104, 5.0410242931]
    ],
    [
      [7.433746535, 5.714460933, 6.4948225011, 6.7433431869, 5.2838354648, 2.3529642211, 5.2653423397, 6.2335975572, 4.2642234062, 5.3364982568, 4.032595755, 2.3970463544, 4.6903867559, 4.2857220839, 2.4328431223, 6.1270218918, 5.8140224435, 5.1430393942, 5.8929727616, 5.9577282878, 7.0162179469, 7.0773063299, 4.3335050173, 5.2034062935, 4.8977941208, 3.3076067547, 4.12793858, 6.0750235647, 3.9819130248, 4.4932301635, 5.3947697611, 6.5776462942, 4.9231487641, 23.1001496192, 27.0455547352, 28.353755071, 24.7475157081, 26.2969038858, 34.2265611632, 31.4316944969, 35.1152797635, 25.4738501994, 3.7916951187, 3.2775819157, 4.902634477, 3.769152018, 3.5153831351, 3.9678263257, 3.7573062453, 7.9583533329],
      [2.5218663491, 3.0066810735, 6.1240821583, 2.1125828609, 2.334399657, 1.931578544, 3.913862737, 3.333722966, 2.0733633866, 0.31847062536, 1.535615335, 1.4793234726, 1.2297101324, 2.8070861078, 1.5402048402, 3.6965812626, 1.8766724539, 1.2907251577, 1.9758163081, 2.0097009189, 1.7711985739, 3.138905239, 2.3965425483, 3.3497495276, 5.2847021543, 1.802553974, 2.7878050691, 3.7225680614, 1.6685138231, 1.2982209542, 4.5396287573, 2.8942673399, 2.0754767099, 14.1458073237, 27.6825129127, 20.9505503445, 36.8568555104, 31.2019404623, 24.2736644166, 27.9344666278, 24.4693827805, 15.4112640924, 3.1618452911, 3.4625281725, 2.3737062449, 2.1513887076, 3.7892165748, 1.8082787993, 3.3255991507, 2.99033713],
      [1.0443871159, 0.2788579935, 1.3810953406, 0.1440739522, 0.38176487823, 0.71545723492, 0.82079492329, 0.43267947689, 0.66241320722, 0.3450311178, 0.43178891003, 0.12363017306, 0.079903111685, 0.9071918083, 0.026952037566, 0.17639684558, 0.30930510265, 0.56623544803, 0.13121093027, 0.032570793256, 1.2125834792, 0.78378843111, 0.26995243444, 0.44684417892, 0.81750372494, 0.88983927134, 1.0842563509, 0.20240837385, 0.34957315208, 0.20854888227, 0.06560148161, 0.52808636589, 1.001374526, 1.754043057, 4.2719323521, 3.6956945844, 1.3956287815, 1.5011556519, 2.4997744202, 3.6338388753, 1.415337456, 2.1148857082, 0.046459590264, 0.25988991181, 0.72365927818, 0.079459274458, 0.69540029018, 1.2238948749, 0.91709460402, 0.051309537152]
    ],
    [
      [2.4077287004, 2.6076374682, 2.7051335553, 1.0640969208, 1.7637002958, 2.6965935402, 3.8043807447, 3.1562668784, 4.6118248768, 5.3149313223, 4.3832898373, 3.081287016, 2.0109801799, 2.665934146, 2.317927718, 5.8694603518, 4.773717713, 2.9116297921, 2.5182841287, 7.9548356964, 4.2887973765, 2.9520457449, 3.7553036509, 1.8956835829, 3.3545677024, 4.4813697097, 3.3927799831, 2.354953816, 2.4350628662, 1.5252400398, 3.7437006985, 2.9303673622, 4.9303830895, 1.0229559548, 4.1211661272, 3.0748518776, 2.1308587337, 5.6222884493, 1.7316928633, 2.423192696, 5.7923683996, 10.6816177211, 14.6421063687, 18.3741261902, 21.7777824572, 18.3348472146, 12.6277854772, 27.6286161951, 25.9802801773, 19.9760689642],
      [1.1625664826, 5.2846083226, 3.8064580997, 4.7619335057, 2.4599390179, 3.820928393, 4.1739990798, 4.9277459294, 7.7638864374, 2.0137888156, 4.5238025144, 3.0709406767, 3.7267241646, 3.9422534851, 2.347610562, 4.7360036965, 4.9837093144, 1.5429717491, 4.5855706032, 4.9895261009, 3.4589312651, 5.8512199919, 5.0302062615, 2.8999532206, 3.5535288666, 3.1110831163, 3.1493154276, 6.1269115447, 2.6097227985, 5.1529294667, 5.2185075942, 2.8523369549, 7.0497462674, 4.1130556543, 3.7740621368, 5.8678624325, 3.7267324673, 7.5465675941, 1.7231372754, 3.3770538305, 5.4758049769, 7.5241214043, 31.3807152165, 23.1951678282, 25.3688614176, 36.3082406166, 32.8540817246, 26.9893219735, 27.0046511896, 24.9491833725],
      [0.42970481704, 2.1077542093, 1.488408345, 0.17396957357, 0.77636068629, 0.48247806674, 1.0216201754, 0.91598719223, 1.6242886857, 1.6712798621, 2.0929076483, 1.8477723073, 0.26229565554, 1.3918123689, 0.33446172006, 1.3945359517, 1.2425729726, 0.54539845888, 0.89614526809, 1.0556382027, 1.2522713584, 0.19673426321, 0.21449008763, 0.20436319654, 0.091903431012, 0.407547174, 0.45790458938, 0.5181346393, 0.95521433533, 0.32183049353, 2.0377917073, 0.21729568299, 2.0198706431, 0.86398839092, 2.104771736, 1.0572856899, 0.14240879903, 0.83114395664, 0.5451698613, 1.1997534735, 2.7318266235, 2.7942608746, 9.9771784148, 7.4307059816, 5.8533561252, 12.3569121688, 13.5181327982, 8.3820618314, 10.0150686331, 10.0747476633]
    ]
  ],
  "prob": [
    [0.26199677483, 0.17123474386, 0.5667684813],
    [0.27163015478, 0.056030967276, 0.67233887794],
    [0.8438774415, 0.033988517187, 0.12213404131],
    [0.42596350638, 0.12102410625, 0.45301238738],
    [0.55190819606, 0.3956485196, 0.052443284341],
    [0.36787287371, 0.48710644029, 0.145020686]
  ],
  "iterations": 25,
  "time": 0.526842,
  "message": "Converged",
  "status": 0,
  "miniter": 0,
  "maxiter": 1000,
  "maxtime": 3600,
  "param_threshold": 0.001,
  "ll_threshold": "-Inf",
  "initial_prob": "group_proportional",
  "ballotbox_id": ["1", "2", "3", "4", "5", "6", "7", "8", "9", "10", "11", "12", "13", "14", "15", "16", "17", "18", "19", "20", "21", "22", "23", "24", "25", "26", "27", "28", "29", "30", "31", "32", "33", "34", "35", "36", "37", "38", "39", "40", "41", "42", "43", "44", "45", "46", "47", "48", "49", "50"],
  "candidates_id": ["1", "2", "3"],
  "group_id": ["1", "2", "3", "4", "5", "6"]
}
