{
  "Z_true": {},
  "V_true": [
    [49, 153, 665, 30, 80],
    [201, 141, 12636, 616, 255],
    [92, 5522, 434, 242, 214],
    [724, 194, 751, 53, 89],
    [56, 341, 475, 167, 574]
  ],
  "p_true": [
    [0.0502, 0.1566, 0.6807, 0.0307, 0.0819],
    [0.0145, 0.0102, 0.9124, 0.0445, 0.0184],
    [0.0141, 0.849, 0.0667, 0.0372, 0.0329],
    [0.3998, 0.1071, 0.4147, 0.0293, 0.0491],
    [0.0347, 0.2114, 0.2945, 0.1035, 0.3559]
  ],
  "Z_est": [
    [
      [0.1306, 0.2929, 0.6952, 0.276, 1.3109, 6.0041, 1.0969, 0.6501, 3.6116, 0.2363, 0.7999, 1.764, 0.2119, 3.2189, 1.5649, 6.5097, 1.2325, 2.5639, 0.391, 5.8153, 2.7666, 2.0963, 2.758, 2.1849, 0.4891, 3.6292, 4.1255, 1.5541, 0.1496, 0.1529, 2.3618, 0.449, 7.1842, 0.0459, 0.8444, 10.1395, 0, 1.3373, 5.8944, 0.784],
      [2.0647, 4.6697, 11.1024, 0.4033, 3.0304, 65.2, 13.4285, 5.2716, 18.9124, 2.8046, 3.7373, 7.2787, 1.2645, 11.1664, 5.1191, 65.5581, 4.2152, 12.8735, 2.3736, 37.508, 11.4839, 8.9035, 10.0539, 7.6182, 5.2083, 18.4316, 11.7863, 6.3414, 2.1212, 2.2004, 13.2538, 0.3273, 33.1926, 0.6892, 2.0684, 50.6813, 0, 8.2255, 42.5823, 7.5372],
      [0.3905, 1.2513, 3.8256, 0.9157, 2.0186, 18.0382, 3.4729, 4.0495, 8.3555, 0.9189, 1.201, 4.0507, 0.2819, 8.3892, 2.5718, 17.1881, 0.9736, 1.9083, 0.401, 11.4363, 5.3744, 3.7995, 10.1564, 2.8644, 2.4066, 4.6562, 6.2008, 4.2415, 0.9275, 2.0792, 3.2622, 1.7177, 9.9918, 0.0884, 0.8591, 11.7152, 0, 5.6551, 15.0746, 4.9585],
      [0.1656, 0.1772, 0.5964, 0.1742, 0.339, 3.1804, 0.9084, 0.7421, 2.0511, 0.2029, 0.237, 0.6867, 0.1346, 1.7214, 0.3843, 2.8968, 0.3167, 2.8584, 0.0731, 4.9138, 1.1274, 0.926, 0.7781, 0.5556, 0.0952, 1.9858, 1.4081, 0.7064, 0.0838, 0.4664, 1.9047, 0.1934, 2.0133, 0.0269, 0.2051, 4.6141, 0, 0.925, 4.4834, 0.2388],
      [0.2487, 0.6089, 2.7804, 0.2309, 1.3012, 10.5774, 3.0933, 2.2867, 4.0694, 0.8373, 1.0247, 3.2199, 0.1071, 2.5041, 2.3599, 14.0084, 1.262, 2.7958, 0.7614, 8.3266, 3.2477, 2.2747, 4.2536, 3.7769, 1.8008, 4.2972, 4.4793, 2.1565, 0.7179, 1.1011, 4.2175, 0.3126, 7.6181, 0.1497, 1.023, 14.8499, 0, 1.8571, 13.9653, 1.4815]
    ],
    [
      [0.0378, 0.201, 1.4689, 1.6289, 3.9529, 5.7346, 1.3389, 2.1515, 5.9815, 0.2797, 0.8751, 5.559, 0.4979, 12.2046, 2.5024, 2.9005, 5.293, 3.5984, 3.1476, 6.7483, 3.0497, 4.1589, 7.2922, 9.9531, 1.2315, 6.3384, 6.6517, 3.875, 0.0783, 0.1249, 4.5322, 0.2483, 8.3524, 0.4619, 1.7561, 25.4301, 0, 2.929, 12.7995, 0.7691],
      [0.0071, 0.1224, 0.9589, 0.0019, 0.0244, 1.8562, 0.395, 0.2983, 0.4948, 0.0427, 0.0265, 0.1726, 0.1516, 0.6131, 0.0285, 0.3079, 0.1274, 0.2524, 0.5656, 0.5048, 0.0509, 0.1024, 0.2168, 0.2539, 0.1752, 0.5924, 0.0948, 0.1685, 0.0059, 0.0117, 0.3732, 2.2935e-09, 0.266, 1.2916, 0.0324, 1.5794, 0.129, 0.2356, 2.4177, 0.205],
      [6.6641, 40.31, 337.9509, 102.8744, 166.5673, 862.7911, 214.2274, 431.7127, 467.8429, 47.7024, 51.0945, 448.0686, 26.2126, 757.7369, 136.3904, 398.6416, 261.8125, 207.0475, 202.4821, 577.5992, 175.9653, 276.9939, 626.1401, 523.6925, 168.6513, 378.2257, 333.6972, 329.9824, 16.4875, 30.2901, 362.4289, 7.2396, 490.1266, 108.7125, 61.8416, 1592.6287, 1.8054, 281.5976, 1379.7752, 66.7429],
      [0.2863, 1.2907, 12.3928, 7.1379, 9.3495, 33.5879, 8.8919, 26.3872, 21.9223, 1.6408, 1.5641, 20.9042, 2.1074, 44.4598, 3.8143, 9.8348, 12.6243, 21.5342, 4.4606, 32.242, 6.8979, 13.5918, 20.2001, 21.2308, 2.1831, 21.6622, 15.4755, 17.4324, 0.3145, 2.2038, 26.9658, 0.4709, 13.4877, 6.7466, 2.6591, 82.8255, 0.5351, 16.1643, 75.7716, 0.93],
      [0.0048, 0.0761, 2.2285, 0.3569, 1.106, 2.0302, 1.1469, 4.4503, 1.7585, 0.3344, 0.4398, 3.2956, 0.0305, 1.9857, 1.2643, 3.1698, 1.1428, 1.5674, 2.3441, 2.9057, 1.0362, 1.153, 4.1508, 6.8696, 1.7589, 2.1813, 2.0808, 1.5418, 0.1138, 0.3695, 2.6998, 0.0412, 3.7673, 0.7874, 0.7109, 11.5362, 0.5303, 1.0736, 11.236, 0.353]
    ],
    [
      [0.6701, 0.736, 1.6881, 1.0517, 1.4255, 21.4176, 3.5534, 0.5614, 7.2598, 0.669, 1.5808, 3.018, 1.0461, 4.653, 2.6107, 15.6974, 5.8953, 5.375, 1.5155, 11.343, 3.4763, 5.8033, 2.0911, 4.0453, 0.6316, 6.4304, 4.6036, 2.9328, 0.2424, 0.1278, 4.0546, 0.0952, 18.786, 0.1678, 0.9878, 20.2286, 0, 3.1808, 9.7627, 0.9529],
      [26.7924, 51.0562, 133.8515, 5.1598, 19.7476, 924.0427, 185.0573, 41.0004, 145.439, 33.611, 27.5362, 68.208, 18.2645, 91.8279, 37.6268, 596.4666, 81.9715, 113.9577, 54.3954, 299.0473, 61.5062, 87.1217, 61.369, 76.4342, 38.0711, 150.8183, 71.953, 56.2837, 13.5728, 8.754, 116.7087, 0.4699, 311.2403, 28.169, 12.3956, 516.5919, 3.6848, 66.2808, 376.9045, 36.141],
      [3.5967, 6.0378, 14.4368, 2.9062, 0.2846, 89.399, 12.7756, 1.337, 12.9014, 6.1236, 1.9036, 3.3422, 1.5039, 4.7506, 3.0434, 57.0102, 3.9566, 1.8755, 1.6468, 18.0944, 3.6381, 7.3804, 2.5418, 2.4677, 2.5392, 5.2443, 2.2803, 5.7087, 3.3843, 0.5931, 3.4391, 0.0879, 24.1634, 0.67, 0.3545, 15.0272, 3.6143e-07, 9.7169, 23.774, 3.6913],
      [1.4884, 2.2062, 5.4317, 2.1735, 1.1763, 52.2236, 9.1605, 2.1851, 9.9728, 1.7614, 1.4078, 4.254, 1.556, 6.2834, 1.8142, 25.4975, 5.4781, 16.9074, 0.7759, 25.7136, 3.5485, 6.758, 1.6766, 3.2058, 0.3621, 10.0789, 4.5732, 4.5946, 0.524, 0.9566, 10.7877, 0.1228, 13.8075, 0.7439, 0.7071, 29.4959, 0.1452, 5.8193, 24.414, 0.6713],
      [1.4524, 2.9635, 18.5918, 1.7088, 3.3659, 72.9171, 22.4532, 7.9161, 17.4271, 6.8349, 3.5716, 14.1778, 0.6295, 7.4852, 10.905, 51.509, 10.6984, 8.8845, 8.6664, 33.8018, 7.831, 12.9366, 10.3215, 20.8469, 6.3959, 17.4281, 12.59, 8.4802, 3.2765, 2.5685, 19.0099, 0.2242, 25.0029, 2.2492, 3.5551, 70.6564, 1.1701, 8.0023, 67.1447, 3.5435]
    ],
    [
      [0, 1.2265, 4.4358, 1.4588, 8.3406, 35.545, 8.0944, 4.2925, 16.2228, 1.3926, 3.9972, 11.0024, 0.92, 18.4773, 7.5852, 31.7948, 15.9521, 15.2195, 7.4122, 29.3473, 11.39, 13.8106, 13.7822, 19.8446, 3.3732, 21.1181, 17.9855, 7.8746, 0.3496, 0.4832, 14.2339, 0.8576, 44.4248, 1.0421, 3.532, 77.2205, 0, 6.2654, 27.7039, 1.7059],
      [0, 1.3981, 4.2714, 0.1012, 1.3191, 39.264, 12.44, 1.646, 5.2118, 1.2965, 1.5745, 2.4008, 0.3827, 4.0212, 1.6934, 40.0641, 4.5142, 7.2948, 3.1693, 16.8172, 3.5669, 4.3477, 3.0059, 3.8557, 2.4213, 8.8162, 3.9946, 2.1117, 0.2194, 0.5007, 6.3467, 0.0778, 20.7889, 1.7158, 0.599, 30.379, 1.6362, 2.1746, 9.6248, 0.8123],
      [0, 1.0434, 13.2105, 3.0271, 13.1528, 63.2796, 22.8089, 19.0226, 30.1456, 2.5941, 4.263, 21.2277, 0.5311, 37.006, 11.6478, 35.0776, 25.4247, 12.1983, 11.2677, 52.0884, 18.8522, 31.3641, 37.492, 30.5127, 11.7552, 30.2001, 30.119, 18.5227, 0.2898, 2.4228, 28.3243, 1.7758, 63.3336, 3.551, 3.0263, 127.4022, 0.1601, 13.5272, 40.0879, 1.1721],
      [0, 0.1436, 0.7395, 0.3127, 1.1715, 5.4277, 1.7783, 1.635, 2.488, 0.2157, 0.4091, 1.5401, 0.1245, 3.2171, 0.6014, 4.1478, 2.2319, 5.1161, 0.4158, 6.3716, 1.4076, 2.5161, 1.5284, 1.9871, 0.1978, 3.6604, 2.3755, 1.4268, 0.0267, 0.2684, 3.9363, 0.1492, 4.1852, 0.3331, 0.2946, 12.5081, 0.2162, 1.227, 4.1793, 0.0687],
      [0, 0.1884, 1.3428, 0.1001, 1.0159, 6.4837, 2.8783, 1.404, 1.9318, 0.5011, 0.7562, 1.8289, 0.0417, 1.2785, 1.4722, 8.791, 1.8772, 2.1713, 1.7351, 5.3755, 1.7833, 1.9615, 2.1916, 3.7999, 1.2525, 3.2052, 2.5254, 1.0642, 0.1146, 0.3249, 3.1589, 0.1396, 6.2675, 0.358, 0.5481, 14.4902, 0.9876, 0.8059, 5.4041, 0.241]
    ],
    [
      [0.1615, 0.5436, 1.7119, 0.5846, 2.97, 12.2986, 2.9164, 1.3445, 4.9243, 0.4223, 1.747, 4.6566, 0.324, 6.4462, 2.7368, 10.0977, 5.6271, 5.2431, 2.5337, 11.7461, 4.3174, 4.1309, 4.0765, 5.972, 1.2747, 5.4839, 5.6337, 2.7635, 0.18, 0.1112, 4.8175, 0.35, 15.2527, 0.2822, 0.8798, 28.9812, 0, 2.2876, 11.8395, 0.7881],
      [1.1358, 4.7535, 12.8158, 0.3337, 2.8785, 68.6372, 18.6792, 4.7837, 10.942, 2.2453, 4.1254, 7.9398, 0.9367, 9.3714, 3.5322, 54.6033, 9.1717, 13.6216, 7.4962, 37.1228, 8.3922, 7.5247, 6.3544, 7.838, 6.1241, 12.3415, 7.1714, 5.0946, 1.0807, 0.5332, 12.3177, 0.125, 35.5122, 4.1345, 0.9046, 70.7683, 1.5499, 6.0836, 37.4707, 3.3045],
      [0.3487, 2.3575, 15.5762, 3.2766, 6.9767, 36.4921, 10.7153, 11.8782, 14.7546, 1.661, 3.5378, 28.3109, 0.4706, 21.1174, 5.3466, 27.0825, 15.8326, 7.9704, 8.2025, 29.7817, 13.1701, 11.462, 21.6698, 13.4627, 12.6476, 8.6736, 13.7026, 15.5448, 0.911, 0.6148, 11.5455, 1.179, 28.3846, 1.9781, 0.9186, 95.2267, 0.0346, 13.5033, 59.2883, 2.4352],
      [0.0598, 0.1823, 0.8395, 0.2017, 0.9637, 3.5804, 1.2608, 1.0506, 1.5658, 0.1792, 0.3819, 1.6149, 0.0776, 2.3184, 0.3858, 2.6231, 1.349, 3.5838, 0.2746, 5.7589, 1.0186, 1.2082, 0.8168, 1.0206, 0.1617, 1.6127, 1.1677, 0.8398, 0.051, 0.1048, 2.4055, 0.0637, 2.5062, 0.1495, 0.1342, 9.5564, 0.1035, 0.8644, 5.1516, 0.0912],
      [0.2942, 1.1631, 7.0566, 0.6033, 3.211, 21.9917, 8.4283, 6.943, 5.8133, 1.4922, 2.2078, 8.4778, 0.1911, 4.7466, 3.9986, 22.5218, 5.0196, 5.581, 5.4931, 17.5904, 5.1017, 4.6742, 7.0825, 11.7067, 4.7919, 6.8883, 6.3246, 3.7573, 0.7773, 0.6361, 8.9139, 0.2823, 15.3442, 1.4557, 1.1629, 43.4673, 1.3121, 3.2612, 28.2499, 1.381]
    ]
  ],
  "V_est": [
    [87.3233, 520.6883, 187.6676, 45.4978, 135.9841],
    [166.1349, 15.1545, 12958.7539, 624.1819, 85.6295],
    [180.3682, 5049.5302, 363.6279, 300.4608, 609.1932],
    [509.7148, 255.8754, 872.9078, 80.5799, 91.7975],
    [178.4588, 509.7517, 578.0428, 57.2796, 289.3956]
  ],
  "p_est": [
    [0.0894, 0.5329, 0.1921, 0.0466, 0.1392],
    [0.012, 0.0011, 0.9357, 0.0451, 0.0062],
    [0.0277, 0.7765, 0.0559, 0.0462, 0.0937],
    [0.2815, 0.1413, 0.482, 0.0445, 0.0507],
    [0.1106, 0.316, 0.3584, 0.0355, 0.1794]
  ],
  "EI_Z": {},
  "EI_V": 7.9133,
  "MAE_Z": {},
  "MAE_V": 156.7092,
  "MAE_p": 0.0767,
  "runtime": 99.027
}
