{
  "Z_true": {},
  "V_true": [
    [319, 186, 18127, 1726],
    [148, 2953, 282, 460],
    [29, 248, 267, 627],
    [396, 226, 957, 1295]
  ],
  "p_true": [
    [0.0157, 0.0091, 0.8904, 0.0848],
    [0.0385, 0.7684, 0.0734, 0.1197],
    [0.0248, 0.2118, 0.228, 0.5354],
    [0.1378, 0.0786, 0.333, 0.4506]
  ],
  "Z_est": [
    [
      [0, 34.5387, 13.8926, 28.7704, 9.4571, 12.2241, 29.4979, 35.0626, 17.3206, 21.4562, 42.7504, 37.4885, 8.139, 26.2434, 8.8768, 16.7892, 17.007, 22.6677, 22.0013, 22.9962, 27.8917, 21.9099, 10.5999, 4.102, 12.8861, 10.5387, 8.6498, 23.0044, 1.0724, 26.9499, 10.8477, 94.2915, 2.2832],
      [0.6603, 0.2549, 0.8265, 3.2356, 3.0627, 2.0876, 0.6649, 0.7721, 1.4762, 0, 0, 0.5674, 0.2875, 0.1156, 0, 0, 0.1075, 0, 0, 0, 0, 0.2427, 0, 0, 4.893, 0, 1.0478, 0.1275, 0, 0, 0, 0, 0],
      [13.506, 717.4375, 280.6809, 729.3977, 401.3168, 446.0241, 797.1224, 799.8002, 616.5038, 631.4312, 806.2602, 759.2977, 221.8512, 850.5439, 224.0721, 717.5237, 508.745, 514.2325, 707.6166, 858.3934, 624.9585, 594.8152, 507.0828, 229.3724, 354.513, 335.7652, 419.3401, 697.8696, 142.8756, 753.0857, 252.041, 2040.4445, 76.8033],
      [6.8337, 55.7689, 3.6, 54.5964, 43.1635, 37.6643, 35.7148, 36.365, 40.6993, 31.1126, 25.9894, 37.6465, 9.7224, 33.0971, 14.051, 24.6871, 32.1405, 28.0998, 26.382, 45.6103, 43.1498, 38.0321, 25.3173, 12.5256, 11.7079, 15.6961, 24.9623, 48.9986, 6.0521, 35.9644, 16.1113, 121.2641, 1.9135]
    ],
    [
      [0, 3.4228, 2.3175, 5.2044, 1.4602, 3.9013, 4.9836, 4.6635, 0.9584, 1.1489, 18.6151, 3.8324, 0.2216, 2.6178, 0.2448, 7.1556, 2.9715, 3.4564, 1.7562, 0.8508, 2.8572, 1.32, 2.0192, 1.0665, 2.8213, 4.5953, 1.6873, 4.3259, 0.5516, 7.2227, 1.9427, 10.1874, 0.7432],
      [5.8782, 86.6895, 22.6568, 341.0149, 326.8931, 400.7083, 74.8882, 56.1692, 88.059, 43.5512, 8.2821, 36.3478, 15.705, 22.674, 4.2737, 5.164, 85.0127, 109.7782, 31.9462, 29.1883, 96.7733, 21.9787, 66.4932, 44.978, 197.9653, 112.8046, 135.6431, 180.9882, 23.8446, 167.6699, 51.768, 243.9635, 22.3168],
      [0.0785, 1.0459, 0.6472, 1.7327, 1.3063, 2.205, 1.9313, 1.5055, 0.4691, 0.487, 3.0021, 1.0732, 0.0863, 1.1989, 0.0915, 1.9707, 1.2746, 1.0883, 0.8106, 0.4355, 0.9165, 0.5211, 1.2173, 0.6605, 1.1073, 1.9641, 1.1477, 1.8913, 0.4456, 2.8642, 0.5378, 3.1394, 0.3612],
      [0.0434, 19.8417, 3.3785, 35.0479, 41.3403, 51.1854, 21.1969, 16.6618, 7.5135, 5.813, 18.1007, 12.7466, 0.9872, 11.5093, 1.39, 15.7097, 19.7412, 14.677, 7.487, 5.5254, 15.453, 8.1802, 14.2703, 8.295, 11.1061, 22.6361, 15.522, 31.7945, 4.1582, 33.2432, 8.7515, 44.7098, 2.5787]
    ],
    [
      [0, 0.3493, 0.4537, 0.6217, 0.2935, 0.4837, 0.5278, 0.459, 0.2392, 0.3353, 1.6236, 0.5993, 0.0085, 0.3469, 0.1149, 0.4353, 0.2542, 0.6145, 0.3615, 0.299, 0.5833, 0.1539, 0.1501, 0.1232, 0.2962, 0.4631, 0.2365, 0.4224, 0.0584, 1.1204, 0.2288, 1.0726, 0.0836],
      [0, 8.7333, 4.2043, 39.5808, 36.8401, 39.3893, 7.8062, 5.4064, 21.5736, 12.3995, 0.7179, 5.5375, 0.5245, 2.8766, 1.6939, 0.836, 7.1669, 19.7277, 6.3557, 9.9715, 19.5779, 2.4169, 4.9296, 5.5734, 20.0881, 11.6904, 17.7782, 17.5451, 2.9375, 26.0905, 6.821, 25.7761, 2.3661],
      [0, 5.2773, 6.2081, 11.1861, 9.0695, 12.4651, 10.3665, 7.4938, 5.8315, 7.2045, 13.2464, 8.4746, 0.1742, 8.021, 2.1754, 10.7051, 5.5424, 10.1813, 8.4096, 7.7318, 9.5276, 3.0746, 4.5825, 4.1549, 5.7833, 10.638, 7.2109, 9.1659, 2.8034, 22.8231, 3.8738, 16.7209, 2.2568],
      [0, 15.6401, 5.1339, 31.6115, 35.797, 38.6618, 17.2995, 12.6408, 14.3556, 13.0607, 12.4122, 15.3886, 0.2929, 11.7555, 5.0159, 13.0236, 13.0365, 20.4764, 11.8732, 14.9977, 24.3112, 7.3545, 8.3378, 8.1485, 9.8325, 18.2086, 15.7743, 23.8665, 4.2008, 39.966, 9.0764, 36.4304, 2.2935]
    ],
    [
      [0, 3.6892, 2.3362, 4.4035, 1.7892, 2.3908, 2.9907, 3.8148, 1.4818, 2.0597, 10.011, 4.0799, 0.631, 2.7919, 0.7635, 2.6199, 1.7672, 3.2614, 2.8809, 1.854, 3.6678, 1.6161, 1.2308, 0.7082, 1.9964, 1.4029, 1.4264, 2.2473, 0.3177, 3.707, 0.9808, 9.4485, 0.8899],
      [0.4615, 1.3223, 0.3124, 4.1687, 3.2041, 2.8148, 0.6407, 0.6523, 1.8912, 1.0493, 0, 0.5473, 0.4831, 0.3338, 0.0323, 0, 0.7129, 1.494, 0.6981, 0.8402, 1.6488, 0.3616, 0.5772, 0.4485, 2.0537, 0.5051, 1.5309, 1.3392, 0.2179, 1.2397, 0.4109, 3.2604, 0.3171],
      [0.4156, 25.2392, 14.4638, 35.6835, 22.3075, 26.3059, 26.5799, 28.2005, 16.1955, 19.8773, 37.4913, 26.1545, 5.8883, 29.2362, 5.661, 28.8005, 17.4381, 24.4978, 30.1632, 21.4392, 26.5974, 14.5891, 17.1174, 10.8122, 17.5964, 14.6328, 19.3012, 22.0731, 6.8755, 34.227, 7.5474, 66.6953, 10.5787],
      [9.1229, 105.7493, 16.8876, 142.7442, 124.6992, 115.4885, 62.7887, 67.3324, 56.4316, 51.0137, 49.4977, 67.2183, 13.9976, 60.6381, 18.5431, 49.5796, 58.0818, 69.7468, 60.2578, 58.8666, 96.086, 49.4332, 44.0746, 30.031, 42.3535, 35.4592, 59.7415, 81.3403, 14.5889, 84.8264, 25.0609, 205.5958, 15.2143]
    ]
  ],
  "V_est": [
    [682.2069, 20.4298, 18630.7236, 1024.6397],
    [111.1231, 3162.0676, 39.2142, 530.5951],
    [13.4134, 394.9325, 252.3798, 510.2743],
    [85.2566, 35.5701, 710.6824, 2042.4908]
  ],
  "p_est": [
    [0.0335, 0.001, 0.9152, 0.0503],
    [0.0289, 0.8228, 0.0102, 0.1381],
    [0.0115, 0.3373, 0.2155, 0.4358],
    [0.0297, 0.0124, 0.2473, 0.7107]
  ],
  "EI_Z": {},
  "EI_V": 7.2259,
  "MAE_Z": {},
  "MAE_V": 255.1271,
  "MAE_p": 0.0626,
  "runtime": 0.033
}
