{
  "X": [
    [0, 17, 104, 3],
    [97, 537, 720, 83],
    [2, 40, 96, 6],
    [8, 57, 182, 13],
    [29, 166, 361, 47],
    [26, 131, 424, 46],
    [23, 140, 258, 26],
    [6, 2, 73, 7],
    [5, 15, 138, 9],
    [14, 58, 228, 9],
    [27, 258, 466, 44],
    [41, 355, 610, 48],
    [62, 500, 1081, 72],
    [43, 320, 570, 50],
    [15, 113, 205, 12],
    [44, 260, 437, 46],
    [53, 306, 574, 54],
    [0, 2, 35, 5],
    [5, 22, 176, 5],
    [14, 90, 236, 11],
    [0, 12, 74, 6],
    [22, 122, 96, 22],
    [7, 50, 128, 5],
    [14, 77, 326, 14],
    [10, 41, 248, 13],
    [8, 41, 156, 10],
    [2, 17, 128, 4],
    [4, 28, 184, 5],
    [16, 100, 255, 10],
    [2, 11, 142, 8],
    [2, 4, 45, 0],
    [10, 33, 129, 15],
    [10, 117, 241, 49],
    [15, 88, 111, 36],
    [28, 146, 314, 50],
    [68, 313, 728, 97],
    [1, 15, 73, 11],
    [1, 5, 31, 9],
    [10, 72, 275, 12],
    [3, 10, 78, 3],
    [4, 10, 69, 2],
    [12, 68, 131, 4],
    [2, 1, 46, 1],
    [6, 41, 62, 9],
    [40, 419, 370, 44],
    [2, 9, 33, 4],
    [2, 12, 24, 1],
    [0, 13, 23, 0],
    [3, 38, 49, 5],
    [34, 483, 463, 77],
    [0, 5, 14, 1],
    [66, 637, 787, 71],
    [1, 15, 17, 2],
    [0, 8, 21, 1],
    [2, 19, 19, 5],
    [6, 25, 45, 1],
    [3, 10, 2, 2],
    [20, 192, 306, 38],
    [2, 16, 31, 1],
    [7, 42, 52, 9],
    [1, 14, 15, 2],
    [14, 238, 342, 25],
    [3, 67, 54, 7],
    [1, 23, 34, 7],
    [5, 46, 117, 12],
    [0, 4, 30, 14],
    [1, 3, 32, 1],
    [3, 11, 69, 5],
    [0, 7, 2, 1],
    [23, 95, 329, 23],
    [21, 80, 237, 17],
    [9, 41, 85, 23],
    [31, 163, 434, 103],
    [7, 92, 56, 11],
    [8, 36, 133, 13],
    [0, 4, 36, 4],
    [8, 58, 120, 17],
    [8, 18, 141, 10],
    [13, 97, 149, 36],
    [4, 18, 129, 6],
    [22, 102, 356, 25],
    [2, 10, 44, 10],
    [0, 1, 4, 0],
    [10, 86, 138, 24],
    [119, 725, 1509, 152],
    [7, 71, 136, 19],
    [53, 533, 960, 111],
    [3, 62, 128, 13]
  ],
  "W": [
    [3, 17, 91, 5, 1, 7],
    [69, 579, 543, 123, 68, 55],
    [9, 42, 75, 7, 7, 4],
    [11, 65, 146, 19, 7, 12],
    [21, 209, 269, 59, 26, 19],
    [12, 170, 353, 52, 15, 25],
    [17, 163, 192, 43, 21, 11],
    [0, 3, 70, 6, 5, 4],
    [5, 26, 115, 13, 2, 6],
    [15, 70, 187, 21, 7, 9],
    [21, 354, 309, 62, 25, 24],
    [31, 458, 411, 76, 31, 47],
    [47, 624, 799, 125, 53, 67],
    [34, 400, 387, 87, 36, 39],
    [15, 137, 142, 28, 10, 13],
    [27, 324, 311, 63, 33, 29],
    [28, 402, 388, 89, 30, 50],
    [2, 4, 33, 0, 3, 0],
    [11, 35, 143, 8, 8, 3],
    [12, 112, 184, 25, 6, 12],
    [1, 12, 64, 5, 4, 6],
    [11, 128, 72, 30, 9, 12],
    [4, 59, 96, 15, 9, 7],
    [12, 86, 264, 39, 2, 28],
    [10, 55, 218, 12, 9, 8],
    [7, 54, 120, 13, 7, 14],
    [3, 21, 115, 2, 4, 6],
    [4, 43, 148, 17, 2, 7],
    [11, 105, 211, 30, 10, 14],
    [0, 16, 127, 6, 5, 9],
    [0, 4, 39, 3, 3, 2],
    [5, 38, 104, 23, 6, 11],
    [11, 173, 157, 45, 9, 22],
    [5, 117, 83, 24, 9, 12],
    [12, 220, 229, 39, 13, 25],
    [39, 398, 545, 120, 41, 63],
    [2, 17, 63, 7, 3, 8],
    [1, 7, 30, 3, 2, 3],
    [8, 80, 234, 22, 10, 15],
    [0, 19, 64, 4, 7, 0],
    [4, 12, 52, 11, 4, 2],
    [5, 72, 106, 27, 2, 3],
    [1, 2, 43, 3, 0, 1],
    [2, 45, 60, 8, 2, 1],
    [21, 445, 289, 58, 24, 36],
    [3, 14, 25, 4, 0, 2],
    [2, 16, 16, 2, 1, 2],
    [2, 13, 19, 1, 1, 0],
    [5, 39, 40, 5, 1, 5],
    [32, 548, 338, 56, 51, 32],
    [0, 6, 9, 4, 0, 1],
    [41, 735, 607, 91, 44, 43],
    [2, 15, 13, 4, 0, 1],
    [4, 6, 16, 1, 0, 3],
    [2, 22, 18, 1, 1, 1],
    [4, 23, 35, 6, 5, 4],
    [0, 14, 0, 1, 1, 1],
    [15, 241, 218, 36, 14, 32],
    [1, 26, 20, 2, 1, 0],
    [6, 46, 43, 5, 4, 6],
    [2, 16, 11, 1, 0, 2],
    [24, 273, 253, 34, 16, 19],
    [6, 73, 40, 4, 4, 4],
    [3, 21, 23, 3, 9, 6],
    [33, 35, 93, 6, 5, 8],
    [0, 12, 29, 1, 0, 6],
    [0, 3, 29, 2, 1, 2],
    [2, 15, 56, 4, 7, 4],
    [0, 6, 0, 1, 0, 3],
    [12, 148, 248, 38, 8, 16],
    [7, 112, 175, 41, 10, 10],
    [10, 47, 61, 24, 8, 8],
    [20, 208, 354, 81, 24, 44],
    [7, 103, 37, 9, 4, 6],
    [6, 48, 102, 14, 5, 15],
    [0, 5, 35, 1, 0, 3],
    [9, 67, 92, 21, 5, 9],
    [4, 27, 130, 6, 3, 7],
    [9, 119, 136, 8, 5, 18],
    [6, 24, 111, 5, 4, 7],
    [27, 129, 280, 28, 19, 22],
    [1, 10, 43, 3, 1, 8],
    [0, 1, 2, 1, 0, 1],
    [5, 101, 121, 17, 3, 11],
    [88, 840, 1165, 199, 101, 112],
    [10, 83, 109, 15, 5, 11],
    [81, 643, 724, 78, 59, 72],
    [18, 69, 106, 5, 4, 4]
  ],
  "method": "mult",
  "cond_prob": [
    [
      [0, 0.48606231721, 0.48747072653, 0.026466956251],
      [0, 0.8263552812, 0.150126979, 0.023517739805],
      [0, 0.0038461176785, 0.99486968659, 0.0012841957303],
      [0, 0.10439916618, 0.79911970564, 0.096481128172],
      [0, 0.19984525447, 0.70009114134, 0.10006360419],
      [0, 0.060276496261, 0.67951400402, 0.26020949972]
    ],
    [
      [0.024870128473, 0.48150064657, 0.443063215, 0.050566009956],
      [0.042727700754, 0.8075402993, 0.10367918641, 0.046052813534],
      [0.0080355110496, 0.026907820749, 0.94999068718, 0.015065981026],
      [0.3980908735, 0.067945635571, 0.42655001432, 0.10741347661],
      [0.24500579929, 0.15041358551, 0.46734122211, 0.13723939309],
      [0.010104874655, 0.054804335181, 0.53288347694, 0.40220731322]
    ],
    [
      [0.0064688637166, 0.4608929739, 0.48905427746, 0.043583884923],
      [0.0058048333814, 0.79959925017, 0.1549053814, 0.039690535048],
      [0, 0.0045993579976, 0.98734349377, 0.0080571482288],
      [0.15785504147, 0.080042969008, 0.63590457562, 0.1261974139],
      [0.083260757148, 0.16633497803, 0.60805274571, 0.14235151911],
      [0.0025416585481, 0.049799312165, 0.58350555041, 0.36415347887]
    ],
    [
      [0.014386269157, 0.43862834722, 0.49760793626, 0.049377447368],
      [0.022558539543, 0.76049987267, 0.17010512882, 0.046836458961],
      [0, 0, 0.98928792291, 0.010712077094],
      [0.27421529757, 0.063415895315, 0.5436639388, 0.11870486831],
      [0.15739574224, 0.14256361132, 0.55653917009, 0.14350147634],
      [0.0052987599525, 0.044979097211, 0.56733779631, 0.38238434653]
    ],
    [
      [0.017176153068, 0.41505938928, 0.49326203389, 0.074502423762],
      [0.033872579165, 0.71869793607, 0.17269410459, 0.074735380181],
      [0, 0, 0.97809354712, 0.021906452881],
      [0.2892852873, 0.053604920095, 0.49372581114, 0.16338398147],
      [0.1687192997, 0.1242265601, 0.50901413995, 0.19804000025],
      [0.0055472630143, 0.035963333632, 0.47774077678, 0.48074862658]
    ],
    [
      [0.018698177155, 0.41230898744, 0.49248246314, 0.076510372269],
      [0.041099470236, 0.70963976486, 0.17250676516, 0.076753999751],
      [0, 0, 0.97631552765, 0.023684472348],
      [0.30640201426, 0.052185193057, 0.47832159161, 0.16309120108],
      [0.18038149221, 0.12138245257, 0.49857337644, 0.19966267878],
      [0.0060033923856, 0.03516661191, 0.47093422777, 0.48789576794]
    ],
    [
      [0.017842969006, 0.44501463508, 0.48086332158, 0.056279074336],
      [0.029523058591, 0.76784819262, 0.14903402999, 0.053594718795],
      [0.0025193637312, 0.0059564687955, 0.97623001831, 0.015294149166],
      [0.31303192484, 0.062575876697, 0.49664417923, 0.12774801923],
      [0.18420631956, 0.14033142417, 0.51868187517, 0.1567803811],
      [0.0065443328414, 0.044921017446, 0.53169036763, 0.41684428208]
    ],
    [
      [0.040402256139, 0.31890086674, 0.53620526857, 0.10449160855],
      [0.072239070477, 0.64351085049, 0.17856901612, 0.10568106291],
      [0.011663177364, 0, 0.95331448564, 0.035022336996],
      [0.50547747498, 0, 0.34394735446, 0.15057517056],
      [0.37682316945, 0, 0.41108653063, 0.21209029992],
      [0.012469918996, 0.017366862133, 0.40329054422, 0.56687267465]
    ],
    [
      [0.01790820751, 0.32068972011, 0.5881334991, 0.07326857328],
      [0.031438009049, 0.48602786675, 0.40057494, 0.081959184204],
      [0, 0, 0.98658523483, 0.013414765168],
      [0.28657501857, 0.034014334563, 0.53355310539, 0.14585754148],
      [0.16839266195, 0.088143574422, 0.56083400218, 0.18262976144],
      [0.0051350269878, 0.023558894286, 0.52153728075, 0.44976879798]
    ],
    [
      [0.024144702864, 0.41917043061, 0.52171053729, 0.034974329234],
      [0.053092570256, 0.7049620468, 0.2079892571, 0.033956125843],
      [0, 0, 0.99324797084, 0.0067520291633],
      [0.38801839289, 0.050678813853, 0.489154558, 0.072148235258],
      [0.24045085406, 0.12598679776, 0.53939761242, 0.094164735762],
      [0.0099785900111, 0.046548621036, 0.64774382138, 0.29572896758]
    ],
    [
      [0.013449117566, 0.39438006925, 0.53887227035, 0.053298542832],
      [0.02246350326, 0.68516534605, 0.23934774726, 0.053023403423],
      [0, 0, 0.988714768, 0.011285232001],
      [0.24418698729, 0.051592902502, 0.57944174577, 0.12477836444],
      [0.14053501502, 0.12365606991, 0.58619091243, 0.14961800264],
      [0.0046883245708, 0.036638514149, 0.57756480966, 0.38110835162]
    ],
    [
      [0.016263616246, 0.41709737671, 0.52601722199, 0.040621785052],
      [0.027814685285, 0.72403194204, 0.20981794989, 0.038335422785],
      [0, 0, 0.9920317857, 0.0079682142962],
      [0.29128251017, 0.056354959138, 0.55825071118, 0.094111819508],
      [0.17170276781, 0.13333719005, 0.57934075103, 0.11561929112],
      [0.0063073502227, 0.043551533672, 0.6273439109, 0.32279720521]
    ],
    [
      [0.01567895896, 0.42813513977, 0.51560306668, 0.040582834584],
      [0.025962712785, 0.74020270865, 0.19563624022, 0.038198338348],
      [0, 0, 0.9921815898, 0.0078184101995],
      [0.28606664053, 0.060222079389, 0.55782511635, 0.095886163736],
      [0.1677690023, 0.13913243855, 0.5760636518, 0.11703490735],
      [0.0061532681092, 0.046110135318, 0.6220453527, 0.32569124387]
    ],
    [
      [0.01611679422, 0.42309983139, 0.5154736857, 0.045309688688],
      [0.02728311988, 0.73509238735, 0.19455669995, 0.043067792819],
      [0, 0, 0.99027937477, 0.0097206252309],
      [0.28943751156, 0.057627657424, 0.54781395724, 0.10512087378],
      [0.16998190921, 0.13498937191, 0.56642410967, 0.1286046092],
      [0.0061120207068, 0.043703261734, 0.59902601134, 0.35115870622]
    ],
    [
      [0.017291048852, 0.43276331512, 0.51772056099, 0.032225075044],
      [0.028659864114, 0.75030611518, 0.19162120113, 0.029412819584],
      [0, 0, 0.99431043263, 0.0056895673712],
      [0.31584668556, 0.059491495048, 0.54956265068, 0.07509916871],
      [0.18760803923, 0.14061213083, 0.57805660189, 0.09372322805],
      [0.0072650227275, 0.049594563414, 0.66320656614, 0.27993384772]
    ],
    [
      [0.021723968637, 0.42804383584, 0.49668781581, 0.053544379714],
      [0.043104902175, 0.73928646595, 0.1656870275, 0.051921604375],
      [0, 0, 0.98596436941, 0.014035630594],
      [0.35194210456, 0.0542462909, 0.4803993206, 0.11341228394],
      [0.21331930624, 0.12894554509, 0.51470629474, 0.14302885393],
      [0.0081232706549, 0.042802832773, 0.55246373286, 0.39661016371]
    ],
    [
      [0.020483859394, 0.41015279911, 0.52256820336, 0.04679513814],
      [0.039772842136, 0.70734337358, 0.20749084256, 0.04539294173],
      [0, 0, 0.98972526622, 0.010274733777],
      [0.33643378336, 0.049701591589, 0.5137571441, 0.10010748095],
      [0.20350060063, 0.12412174376, 0.5461847292, 0.12619292641],
      [0.0078028932045, 0.040331829664, 0.59666881204, 0.35519646509]
    ],
    [
      [0, 0.23625748313, 0.52146476521, 0.24227775165],
      [0, 0.34509809801, 0.37988217764, 0.27501972435],
      [0, 0, 0.94527805557, 0.054721944431],
      [0, 0.026181573378, 0.46786060716, 0.50595781946],
      [0, 0.049030880564, 0.41445530841, 0.53651381102],
      [0, 0.0070850229572, 0.18740150834, 0.8055134687]
    ],
    [
      [0.017861065056, 0.32974771395, 0.61321861597, 0.039172605016],
      [0.026421810351, 0.49151028546, 0.43816529715, 0.043902607041],
      [0, 0, 0.99542669061, 0.0045733093862],
      [0.30226923708, 0.039085413482, 0.57674169613, 0.081903653308],
      [0.18014308252, 0.095255334748, 0.6205904697, 0.10401111303],
      [0.0064887884392, 0.031729723158, 0.66471191325, 0.29706957515]
    ],
    [
      [0.019455262705, 0.42820153293, 0.51858283459, 0.033760369772],
      [0.035240649114, 0.73267304512, 0.20026391752, 0.031822388242],
      [0, 0, 0.99398192174, 0.0060180782628],
      [0.3397915774, 0.056358869819, 0.52840748223, 0.07544207055],
      [0.2045842336, 0.13568075341, 0.56422209545, 0.095512917543],
      [0.0081074425162, 0.048262023751, 0.65493783287, 0.28869270086]
    ],
    [
      [0, 0.47559745081, 0.46526297044, 0.059139578751],
      [0, 0.80621841337, 0.1406384193, 0.053143167329],
      [0, 0.0061148340494, 0.98177906318, 0.01210610277],
      [0, 0.093924757273, 0.70686318364, 0.19921205909],
      [0, 0.1789523297, 0.61594239196, 0.20510527834],
      [0, 0.045499850732, 0.50252174473, 0.45197840454]
    ],
    [
      [0.026845450095, 0.52058353958, 0.38505804451, 0.067512965817],
      [0.045460794931, 0.85297325315, 0.041672379113, 0.059893572807],
      [0.0087206954979, 0.035889508997, 0.9316956647, 0.023694130805],
      [0.42611097381, 0.079405178614, 0.35391086948, 0.1405729781],
      [0.26122400336, 0.15943540806, 0.39930126544, 0.18003932315],
      [0.010290248129, 0.057657165229, 0.42809763767, 0.50395494897]
    ],
    [
      [0.014588379919, 0.44606025308, 0.51404498643, 0.025306380566],
      [0.017980220705, 0.77084462037, 0.18871164444, 0.022463514476],
      [0, 0, 0.99711037167, 0.0028896283342],
      [0.28864310334, 0.066077447649, 0.58247334623, 0.062806102777],
      [0.16741461702, 0.15142431791, 0.60396099925, 0.077200065821],
      [0.0063479079238, 0.054563687091, 0.70206973791, 0.23701866707]
    ],
    [
      [0.015286719808, 0.45015253861, 0.50465749321, 0.02990324837],
      [0.021274264982, 0.78099860667, 0.17036802575, 0.027359102601],
      [0, 0, 0.99716962496, 0.0028303750352],
      [0.29391790667, 0.067024348636, 0.56577499283, 0.073282751862],
      [0.17191144733, 0.1521501744, 0.58560673138, 0.090331646896],
      [0.0064411185366, 0.054072836338, 0.67154431048, 0.26794173465]
    ],
    [
      [0.024014557721, 0.38965895751, 0.52708472674, 0.059241758031],
      [0.058373052269, 0.64161427436, 0.23996225807, 0.060050415301],
      [0, 0, 0.98599794589, 0.014002054108],
      [0.37031064681, 0.045162586618, 0.46862567903, 0.11590108754],
      [0.22666033645, 0.10976060566, 0.51380928202, 0.14976977588],
      [0.0082082197768, 0.035603605625, 0.54198558095, 0.41420259365]
    ],
    [
      [0.019730779253, 0.39994437658, 0.53762656765, 0.042698276514],
      [0.036888089506, 0.67001567487, 0.25131533659, 0.041780899031],
      [0, 0, 0.99365396166, 0.0063460383383],
      [0.33530726289, 0.049038061442, 0.52425439922, 0.09140027645],
      [0.20115075865, 0.12034481794, 0.56234723451, 0.1161571889],
      [0.0073484274168, 0.038545314034, 0.61966947284, 0.33443678571]
    ],
    [
      [0.015357419718, 0.42692216533, 0.52117168509, 0.036548729867],
      [0.028618294956, 0.70383722045, 0.23223248985, 0.035311994744],
      [0, 0, 0.99411049217, 0.0058895078319],
      [0.30816322679, 0.058845235754, 0.54777474358, 0.085216793874],
      [0.17498216661, 0.13656108193, 0.58174123889, 0.10671551257],
      [0.0061147377887, 0.045786179213, 0.63573026932, 0.31236881368]
    ],
    [
      [0.010350885657, 0.37168652812, 0.58766812687, 0.030294459353],
      [0.0047126196837, 0.58437674192, 0.37925822529, 0.031652413105],
      [0, 0, 0.99792574729, 0.0020742527098],
      [0.20564287669, 0.051187878399, 0.66797179019, 0.075197454719],
      [0.11624522248, 0.12286523424, 0.67064294109, 0.090246602189],
      [0.0039334946064, 0.038447083384, 0.70734384152, 0.25027558049]
    ],
    [
      [0.018330416045, 0.4835229859, 0.47163293273, 0.026513665328],
      [0.028775587941, 0.8115462718, 0.13654804263, 0.023130097628],
      [0.0011616383423, 0.022344218933, 0.97182775474, 0.0046663879816],
      [0.34513571702, 0.073850626293, 0.51703459121, 0.063979065474],
      [0.20573656295, 0.16460416982, 0.54953179676, 0.080127470462],
      [0.0085989899531, 0.063764138137, 0.67232009352, 0.25531677839]
    ],
    [
      [0.010506398458, 0.38705175456, 0.54175271546, 0.06068913152],
      [0.0095755339235, 0.61090996603, 0.31751383863, 0.062000661418],
      [0, 0, 0.98826615988, 0.011733840123],
      [0.20791734153, 0.054330243155, 0.59172672671, 0.1460256886],
      [0.11392645378, 0.12025075104, 0.59313184383, 0.17269095135],
      [0.0032950154593, 0.033133925495, 0.54377296646, 0.41979809259]
    ],
    [
      [0.019839152181, 0.49438211939, 0.48577872843, 0],
      [0, 0.79548540211, 0.20451459789, 0],
      [0, 0, 1, 0],
      [0.40743744306, 0.062655759508, 0.52990679743, 0],
      [0.25128545921, 0.15982475916, 0.58888978163, 0],
      [0.011915646593, 0.075308417773, 0.91277593563, 0]
    ],
    [
      [0.01832672408, 0.43093152481, 0.48150021618, 0.069241534927],
      [0.033943862815, 0.74596505622, 0.15272951305, 0.067361567911],
      [0.0022829985785, 0, 0.97570088501, 0.022016116412],
      [0.31357435394, 0.056325326891, 0.47821106923, 0.15188924994],
      [0.18355085432, 0.12958524263, 0.50047544913, 0.18638845391],
      [0.0061411339922, 0.038697842289, 0.48310709956, 0.47205392416]
    ],
    [
      [0.0082791793331, 0.36433718927, 0.52913506655, 0.098248564847],
      [0.013149943919, 0.63327909902, 0.24515421302, 0.10841674404],
      [0, 0, 0.97107139008, 0.028928609915],
      [0.15205843495, 0.043419316893, 0.57294463408, 0.23157761407],
      [0.082928400873, 0.10868765057, 0.5467394951, 0.26164445346],
      [0.0020456158442, 0.022861303325, 0.43665741735, 0.53843566348]
    ],
    [
      [0.021339246792, 0.41726518429, 0.44047106073, 0.12092450819],
      [0.04055019356, 0.71187591177, 0.11497347207, 0.1326004226],
      [0.0076253130012, 0.00083919664746, 0.9432540619, 0.04828142845],
      [0.32275014127, 0.049564609341, 0.38851246291, 0.23917278648],
      [0.18870823821, 0.11283560596, 0.40832310565, 0.29013305018],
      [0.005971050507, 0.02912233347, 0.3380378555, 0.62686876052]
    ],
    [
      [0.023563471572, 0.36910682592, 0.51979473519, 0.087534967317],
      [0.051983710713, 0.62803334082, 0.22526251276, 0.094720435699],
      [0, 0, 0.97323088862, 0.026769111379],
      [0.34351595647, 0.037626732364, 0.45242925093, 0.16642806023],
      [0.20811688058, 0.098769241131, 0.48346269901, 0.20965117929],
      [0.0071272093785, 0.026077616431, 0.45620324007, 0.51059193412]
    ],
    [
      [0.021126392191, 0.41438290354, 0.49429126295, 0.070199441319],
      [0.046244020604, 0.71241213199, 0.17034407164, 0.070999775762],
      [0, 0, 0.97827952804, 0.021720471959],
      [0.33414442925, 0.050358423665, 0.46941923936, 0.14607790772],
      [0.20041720153, 0.12104942446, 0.49705493027, 0.18147844374],
      [0.0072462497019, 0.036396841041, 0.49291740612, 0.46343950313]
    ],
    [
      [0.0049448206331, 0.43679918225, 0.46603363526, 0.092222361854],
      [0.0017292674418, 0.76136056055, 0.14738106497, 0.089529107036],
      [0, 0, 0.96432455304, 0.035675446963],
      [0.11168711537, 0.069777812786, 0.56891797159, 0.24961710025],
      [0.056600031829, 0.14183956441, 0.52878584089, 0.27277456286],
      [0.0011378636395, 0.033663590424, 0.40515305748, 0.56004548845]
    ],
    [
      [0.011135365453, 0.36784615831, 0.43489545095, 0.18612302528],
      [0.02444456505, 0.61271675849, 0.17408559413, 0.18875308234],
      [0, 0, 0.89171376001, 0.10828623999],
      [0.20231301911, 0.040012014483, 0.38390116667, 0.37377379974],
      [0.10253634353, 0.088285387964, 0.37738383991, 0.4317944286],
      [0.0019136449428, 0.015509904305, 0.22954047001, 0.75303598074]
    ],
    [
      [0.014706622395, 0.45995367225, 0.48996538662, 0.035374318737],
      [0.022714558186, 0.7897857723, 0.15497993638, 0.032519733134],
      [0, 0.0052487685747, 0.98838125096, 0.0063699804647],
      [0.28703108455, 0.069923363232, 0.55502598684, 0.088019565374],
      [0.16580329206, 0.15611422728, 0.57123697057, 0.10684551009],
      [0.006164372349, 0.053989381817, 0.63184852373, 0.3079977221]
    ],
    [
      [0.018638333492, 0.32281702125, 0.60475044342, 0.053794201842],
      [0.026400028278, 0.48782598955, 0.42598318663, 0.059790795544],
      [0, 0, 0.99275285563, 0.0072471443724],
      [0.30808451068, 0.034905692645, 0.548969759, 0.10804003768],
      [0.18086591714, 0.084526203999, 0.59632252256, 0.1382853563],
      [0.0059688482224, 0.027716428232, 0.58472771216, 0.38158701138]
    ],
    [
      [0.015428695338, 0.38986371342, 0.56820735252, 0.026500238721],
      [0, 0.61342768343, 0.35982748523, 0.026744831341],
      [0, 0, 0.99791025856, 0.0020897414427],
      [0.29347288218, 0.046463882715, 0.5989971052, 0.061066129904],
      [0.17434220481, 0.12098585067, 0.62710903886, 0.077562905655],
      [0.0063573477398, 0.042183416281, 0.71025150476, 0.24120773122]
    ],
    [
      [0.018416791733, 0.49563087452, 0.46550613703, 0.02044619671],
      [0.026003372, 0.8307093228, 0.12545060457, 0.017836700624],
      [0, 0.028201601555, 0.96711952651, 0.0046788719339],
      [0.35492874965, 0.080474478682, 0.51451115135, 0.050085620316],
      [0.21237043343, 0.17107207889, 0.55340848011, 0.06314900757],
      [0.0092853833123, 0.068816512843, 0.70891264289, 0.21298546095]
    ],
    [
      [0.039351706687, 0.29749510201, 0.61863312193, 0.044520069374],
      [0.133896192, 0.3406937861, 0.47967621361, 0.045733808291],
      [0, 0, 0.99280128461, 0.0071987153892],
      [0.56011825058, 0, 0.37780017353, 0.062081575886],
      [0.34922893131, 0.059509523507, 0.4935563011, 0.097705244082],
      [0.012501157566, 0.021117325784, 0.598158692, 0.36822282465]
    ],
    [
      [0.023540774644, 0.48361934279, 0.39862488303, 0.094214999539],
      [0.040205167959, 0.80272609313, 0.06926024064, 0.087808498268],
      [0.010224891824, 0.051174612431, 0.90123175671, 0.037368739034],
      [0.38380002233, 0.065256207488, 0.35883838318, 0.19210538701],
      [0.22638740242, 0.13895433077, 0.39206921707, 0.24258904974],
      [0.0070173996284, 0.039652056127, 0.357288503, 0.59604204125]
    ],
    [
      [0.019154812588, 0.51562428554, 0.42089568033, 0.044325221544],
      [0.02878562944, 0.86615138975, 0.068252807092, 0.036810173722],
      [0.0031768752452, 0.039372218411, 0.9450232352, 0.012427671145],
      [0.35407589476, 0.082880055436, 0.45665236804, 0.10639168177],
      [0.20992325962, 0.17513617457, 0.48353389799, 0.13140666781],
      [0.0082074100644, 0.065156640026, 0.5440646024, 0.38257134751]
    ],
    [
      [0.020667617373, 0.33862693819, 0.54956799916, 0.091137445278],
      [0.039104078331, 0.55917820462, 0.3041415515, 0.097576165549],
      [0, 0, 0.9762224344, 0.023777565599],
      [0.34501761788, 0.029006420484, 0.45682106951, 0.16915489212],
      [0.19818292576, 0.088945357785, 0.49282678877, 0.22004492768],
      [0.0052347898526, 0.019799319404, 0.43023457173, 0.54473131901]
    ],
    [
      [0.025890981654, 0.39897781008, 0.5522224348, 0.022908773474],
      [0.045409334313, 0.68297921614, 0.25199446464, 0.019616984914],
      [0, 0, 0.99847409318, 0.0015259068188],
      [0.4599614588, 0.039285901988, 0.45761272593, 0.043139913283],
      [0.28004338798, 0.11205307286, 0.54589556103, 0.062007978123],
      [0.010851191054, 0.041876022417, 0.71346859621, 0.23380419032]
    ],
    [
      [0, 0.51797698294, 0.48202301706, 0],
      [0, 0.86837116528, 0.13162883472, 0],
      [0, 0.016823324681, 0.98317667532, 0],
      [0, 0.12231375795, 0.87768624205, 0],
      [0, 0.23326395855, 0.76673604145, 0],
      [0, 0.085596242972, 0.91440375703, 0]
    ],
    [
      [0.016438062343, 0.50572257513, 0.43104276084, 0.046796601685],
      [0.024475600033, 0.84435082782, 0.091450274209, 0.039723297939],
      [0.0015593695008, 0.042101327404, 0.94428284239, 0.012056460706],
      [0.33540423203, 0.07784140931, 0.47278066688, 0.11397369178],
      [0.19109661092, 0.16754213996, 0.49995593502, 0.14140531409],
      [0.006553747184, 0.060180511346, 0.52861050733, 0.40465523414]
    ],
    [
      [0.01340281788, 0.47696507405, 0.44303151885, 0.066600589219],
      [0.0202281063, 0.81471287708, 0.10341747001, 0.061641546617],
      [0.0015424477487, 0.021701192518, 0.95671586722, 0.020040492515],
      [0.25733691123, 0.075630851728, 0.50145785248, 0.16557438456],
      [0.14515815913, 0.16005167767, 0.50061426253, 0.19417590067],
      [0.0047133466354, 0.04817170821, 0.47397773705, 0.47313720811]
    ],
    [
      [9.0205620751e-17, 0.44395903582, 0.51784929506, 0.038191669126],
      [1.5214846561e-32, 0.77590997716, 0.20558607054, 0.018503952302],
      [0, 0, 1, 0],
      [0, 0.0762523369, 0.79659486501, 0.12715279809],
      [2.7755575616e-17, 0.16258908709, 0.69524265697, 0.14216825595],
      [0, 0.039530789454, 0.5801041167, 0.38036509385]
    ],
    [
      [0.019269428142, 0.47134121948, 0.46386002239, 0.045529329987],
      [0.031265930887, 0.80408749484, 0.1231796537, 0.041466920578],
      [0.0032995150873, 0.018698707186, 0.96568667639, 0.012315101334],
      [0.34021193634, 0.06886594843, 0.48608982749, 0.10483228773],
      [0.20295574337, 0.15332939387, 0.51377226629, 0.12994259646],
      [0.0078453411745, 0.053657939411, 0.56820295412, 0.3702937653]
    ],
    [
      [0.0085606793137, 0.51418604633, 0.4243194257, 0.052933848653],
      [0.0023728408744, 0.86945262801, 0.084515058373, 0.043659472738],
      [0, 0.038382723461, 0.9483691232, 0.01324815334],
      [0.23607755997, 0.094553077761, 0.52066299911, 0.14870636316],
      [0.1228053111, 0.17657864398, 0.52463609726, 0.17597994766],
      [0.0029757883592, 0.052650771092, 0.47218467498, 0.47218876557]
    ],
    [
      [5.0074178554e-33, 0.52586537553, 0.45405707697, 0.020077547494],
      [5.0074178554e-33, 0.87528387637, 0.12471612363, 0],
      [0, 0.020267195125, 0.97973280488, 0],
      [0, 0.11502227028, 0.7905980024, 0.094379727322],
      [0, 0.21626218825, 0.68555096851, 0.09818684324],
      [0, 0.068512615782, 0.65638402332, 0.2751033609]
    ],
    [
      [0.028480900395, 0.46572506189, 0.38160361425, 0.12419042346],
      [0.047753037271, 0.78197563818, 0.049259362337, 0.12101196222],
      [0.0090014341747, 0.037227286649, 0.9034154915, 0.050355787677],
      [0.45830614874, 0.047266470503, 0.28633897796, 0.20808840279],
      [0.2653531463, 0.11645296302, 0.33186602781, 0.28632786288],
      [0.0067862690556, 0.031275243164, 0.27340294733, 0.68853554045]
    ],
    [
      [0.02849246981, 0.52403746478, 0.43736239686, 0.010107668551],
      [0.045015660102, 0.85156551828, 0.096383897312, 0.0070349243016],
      [0.0083633780369, 0.047708719437, 0.94391674387, 1.1158661027e-05],
      [0.48932221333, 0.073295709154, 0.41569469663, 0.021687380885],
      [0.31108735745, 0.17270453738, 0.48612766877, 0.030080436402],
      [0.016645409984, 0.086185274553, 0.76795705386, 0.1292122616]
    ],
    [
      [0.069368791753, 0.48846982214, 0.34808070377, 0.094080682338],
      [0.12350534674, 0.70404404332, 0.095703200927, 0.07674740902],
      [0.012971869585, 0.001674623573, 0.95675969528, 0.028593811563],
      [0.73234609317, 0.024672713637, 0.1501799275, 0.092801265693],
      [0.51871253404, 0.086816149157, 0.22692856969, 0.16754274711],
      [0.01986651846, 0.03189453079, 0.28304668983, 0.66519226092]
    ],
    [
      [0.01618973001, 0.4301524409, 0.49590169809, 0.057756131004],
      [0.028448275146, 0.74760187818, 0.16795431862, 0.055995528051],
      [0, 0, 0.98494218066, 0.015057819338],
      [0.28806923963, 0.059645520999, 0.51965640748, 0.13262883189],
      [0.16770390333, 0.13542309436, 0.53585043687, 0.16102256544],
      [0.0057116395707, 0.041640583381, 0.53617348659, 0.41647429046]
    ],
    [
      [0.021672360031, 0.34761053465, 0.60421633798, 0.026500767335],
      [0.037681611832, 0.5955995663, 0.3392428247, 0.027475997173],
      [0, 0, 0.99582009919, 0.0041799008091],
      [0.38484802178, 0.034585383362, 0.52844926374, 0.05211733112],
      [0.22890968877, 0.097629974938, 0.60216970854, 0.07129062775],
      [0.0084750450791, 0.036782770993, 0.70740676304, 0.24733542089]
    ],
    [
      [0.032742651613, 0.48014941141, 0.41609554952, 0.071012387459],
      [0.056977260462, 0.796736791, 0.079333268737, 0.066952679799],
      [0.01289756385, 0.031773094335, 0.92956334022, 0.025766001594],
      [0.47310135206, 0.055604478539, 0.34260464036, 0.12868952905],
      [0.29778473719, 0.13320309355, 0.39503478382, 0.17397738544],
      [0.011891525744, 0.04868888703, 0.43161839573, 0.5078011915]
    ],
    [
      [0.019950270837, 0.46710937158, 0.45973233426, 0.053208023321],
      [0.030350721265, 0.79852145353, 0.12502618044, 0.046101644771],
      [0.0016323172505, 0.013094333444, 0.9725771953, 0.012696154002],
      [0.44297844758, 0.053523916376, 0.39862812434, 0.1048695117],
      [0.24320521348, 0.13580334984, 0.47290522753, 0.14808620916],
      [0.0067769903787, 0.045938208062, 0.49156958591, 0.45571521565]
    ],
    [
      [0.010581593845, 0.46215351386, 0.48721059242, 0.04005429988],
      [0.015053993079, 0.79949373311, 0.14952149426, 0.035930779551],
      [0, 0.0096130344693, 0.98164063552, 0.008746330015],
      [0.22254780302, 0.076516892676, 0.59360160914, 0.10733369517],
      [0.12424431775, 0.16288389434, 0.58775980819, 0.12511197971],
      [0.0043035394954, 0.052984849828, 0.60767818012, 0.33503343056]
    ],
    [
      [0.011958312657, 0.49951404551, 0.43728255631, 0.051245085529],
      [0.017242751538, 0.84617855883, 0.091996291248, 0.044582398388],
      [0.0011619618198, 0.024682021785, 0.95980995824, 0.01434605816],
      [0.25887467537, 0.081367457936, 0.52422749833, 0.13553036837],
      [0.14223904078, 0.17437539914, 0.52372338812, 0.15966217196],
      [0.0046489811021, 0.055407158239, 0.51909338146, 0.4208504792]
    ],
    [
      [0.0045661278021, 0.51158513565, 0.42129138245, 0.062557354099],
      [0.00211143141, 0.85643801839, 0.089014265166, 0.052436285031],
      [0, 0.043581235963, 0.94055138115, 0.015867382885],
      [0.12593223896, 0.097708274567, 0.58401823117, 0.1923412553],
      [0.062053575835, 0.2021971801, 0.52750291437, 0.20824632969],
      [0.00094710959833, 0.060796389168, 0.45576059914, 0.48249590209]
    ],
    [
      [0.018545388627, 0.4694476161, 0.44498258122, 0.067024414055],
      [0.029888314753, 0.77824741574, 0.13014920313, 0.061715066376],
      [0.0036033291919, 0.019407202945, 0.95516381075, 0.021825657114],
      [0.33207513392, 0.063551012899, 0.45683278702, 0.14754106615],
      [0.19256242802, 0.14400013072, 0.48070248407, 0.18273495719],
      [0.0064423250585, 0.045424064113, 0.47320114601, 0.47493246482]
    ],
    [
      [5.5511151231e-17, 0.22837378259, 0.51441153824, 0.25721467918],
      [0, 0.33131045947, 0.32710818143, 0.34158135909],
      [0, 0, 0.8416951613, 0.1583048387],
      [0, 0.024274486317, 0.45883255361, 0.51689296007],
      [0, 0.051262335928, 0.40871905299, 0.54001861108],
      [0, 0, 0.20111826523, 0.79888173477]
    ],
    [
      [0.016176477418, 0.51597109118, 0.44007159806, 0.027780833338],
      [0, 0.8519563315, 0.12704948825, 0.020994180243],
      [0, 0, 0.99746576983, 0.0025342301677],
      [0.38237678675, 0.08646768487, 0.46478016301, 0.066375365369],
      [0.22130841159, 0.15932538509, 0.52877187432, 0.090594329004],
      [0.0069690074515, 0.055935125333, 0.61700600488, 0.32008986233]
    ],
    [
      [0.017745443305, 0.38061840836, 0.54181776078, 0.059818387557],
      [0.028478016675, 0.61214426605, 0.2986141305, 0.060763586777],
      [0, 0, 0.98827479251, 0.011725207488],
      [0.3122269452, 0.045307262631, 0.51621521541, 0.12625057675],
      [0.18084032747, 0.10704694891, 0.55291154425, 0.15920117937],
      [0.0056371975413, 0.031510374929, 0.53963061721, 0.42322181032]
    ],
    [
      [1.6306400674e-16, 0.63083750583, 0.33834533584, 0.03081715833],
      [0, 1, 0, 0],
      [9.7144514655e-17, 0.0020680862799, 0.98842623225, 0.0095056814729],
      [0, 0.18503896597, 0.68073235176, 0.13422868227],
      [0, 0.28733908335, 0.5718720133, 0.14078890335],
      [0, 0.27165367801, 0.43975588275, 0.28859043924]
    ],
    [
      [0.023400659871, 0.3596680073, 0.562206284, 0.054725048829],
      [0.050314720847, 0.59470379355, 0.29767216636, 0.057309319246],
      [0, 0, 0.98935633453, 0.010643665472],
      [0.35282310235, 0.035933170376, 0.50465413337, 0.10658959391],
      [0.21706541287, 0.10084911635, 0.54475838054, 0.13732709023],
      [0.0080507627374, 0.030973066384, 0.58142180599, 0.37955436489]
    ],
    [
      [0.021043915034, 0.39177405301, 0.53746689526, 0.049715136697],
      [0.043211456732, 0.66067723699, 0.24610756322, 0.050003743063],
      [0, 0, 0.98947161885, 0.01052838115],
      [0.33862759467, 0.04243969904, 0.51568916701, 0.10324353927],
      [0.20526594566, 0.11493290666, 0.54865018366, 0.13115096402],
      [0.0076618602616, 0.037237435904, 0.58863936699, 0.36646133684]
    ],
    [
      [0.015383243383, 0.42161145595, 0.44779379772, 0.11521150294],
      [0.026366777285, 0.72620624413, 0.12753521244, 0.11989176615],
      [0.0040515998206, 0.0018202140244, 0.94512905686, 0.048999129297],
      [0.257091266, 0.055448188093, 0.43679202709, 0.25066851882],
      [0.14451918158, 0.1210432268, 0.44366417533, 0.29077341629],
      [0.0041797010042, 0.030257072757, 0.35533906465, 0.61022416159]
    ],
    [
      [0.015165841803, 0.40733944708, 0.4583434847, 0.11915122641],
      [0.031381433829, 0.70480716952, 0.13692511675, 0.1268862799],
      [0.0015842411592, 0, 0.94387440357, 0.05454135527],
      [0.24774331217, 0.052262608605, 0.44317403658, 0.25682004265],
      [0.14001067136, 0.11561820085, 0.44655807094, 0.29781305685],
      [0.0041149808785, 0.028300265462, 0.354697193, 0.61288756066]
    ],
    [
      [0.018445303508, 0.49993755473, 0.42290608493, 0.058711056823],
      [0.027595226083, 0.83719635998, 0.083882395889, 0.051326018046],
      [0.0029954659941, 0.017099801229, 0.96226570377, 0.017639029005],
      [0.34212403204, 0.074024579748, 0.44689890712, 0.13695248109],
      [0.19926223241, 0.16188005197, 0.46996136235, 0.16889635327],
      [0.0069295215211, 0.053796327948, 0.48233399597, 0.45694015456]
    ],
    [
      [0.02064001719, 0.3954859707, 0.52631875114, 0.057555260976],
      [0.042100910513, 0.66462687566, 0.23552640759, 0.057745806238],
      [0, 0, 0.98683073632, 0.013169263678],
      [0.33827970542, 0.046102587452, 0.49663392869, 0.11898377844],
      [0.2026309183, 0.11506809149, 0.5314743049, 0.15082668531],
      [0.0070830483187, 0.033614497499, 0.55132255319, 0.407979901]
    ],
    [
      [1.3877787808e-17, 0.45380884527, 0.44608106363, 0.1001100911],
      [2.2204460493e-17, 0.76757162592, 0.14342613247, 0.089002241609],
      [0, 0, 0.96070499525, 0.039295004746],
      [0, 0.075630098407, 0.61260878052, 0.31176112107],
      [0, 0.1458323539, 0.53207675094, 0.32209089516],
      [0, 0.028837257326, 0.34852857441, 0.62263416826]
    ],
    [
      [0.014154572032, 0.44062323179, 0.47001369874, 0.075208497439],
      [0.022716666101, 0.76079414523, 0.14306903252, 0.073420156154],
      [0.00081518166138, 0.007379345804, 0.96801715463, 0.0237883179],
      [0.26164261499, 0.063746041447, 0.4986265089, 0.17598483466],
      [0.14815051057, 0.13770991177, 0.50535171508, 0.20878786258],
      [0.0044831158215, 0.039451882286, 0.45875089377, 0.49731410813]
    ],
    [
      [0.041539096702, 0.36282756687, 0.51763798941, 0.077995347023],
      [0.13780889148, 0.58913964086, 0.19340744407, 0.079644023587],
      [0, 0, 0.97750142529, 0.022498574711],
      [0.5045026393, 0.031454556112, 0.34818979119, 0.1158530134],
      [0.33217401743, 0.084422169859, 0.41901697864, 0.16438683407],
      [0.012780807877, 0.028560797575, 0.46943886884, 0.48921952571]
    ],
    [
      [0.030665579704, 0.44062434535, 0.4163759132, 0.11233416174],
      [0.05343388696, 0.74192622193, 0.087421657953, 0.11721823316],
      [0.011220364673, 0.023143769583, 0.91357506621, 0.052060799538],
      [0.42193089157, 0.048299977158, 0.33312636317, 0.1966427681],
      [0.26040019629, 0.11416354168, 0.37002310116, 0.25541316086],
      [0.008997751379, 0.035577238518, 0.33822800386, 0.61719700624]
    ],
    [
      [0.021993863327, 0.38487080297, 0.54457389829, 0.048561435413],
      [0.046287818496, 0.61552834851, 0.28878666413, 0.049397168862],
      [0, 0, 0.99129177518, 0.0087082248245],
      [0.36482946164, 0.045058687532, 0.4927733565, 0.097338494322],
      [0.21956339736, 0.11028069869, 0.54339774672, 0.12675815723],
      [0.0078183254926, 0.03595408364, 0.59011883675, 0.36610875411]
    ],
    [
      [0.023505097157, 0.39935246304, 0.52565210324, 0.051490336565],
      [0.05165182861, 0.67334275259, 0.22361625293, 0.051389165872],
      [0, 0, 0.98853195517, 0.011468044826],
      [0.3658479067, 0.04708292289, 0.48311518917, 0.10395398124],
      [0.22470884132, 0.11572338166, 0.52609101103, 0.13347676599],
      [0.008593959694, 0.038145560045, 0.57495430138, 0.37830617888]
    ],
    [
      [0.020762738746, 0.48305553788, 0.39201467006, 0.10416705331],
      [0.03164212913, 0.7754894463, 0.096391678052, 0.096476746515],
      [0.0058491837224, 0.026355878619, 0.89826734671, 0.069527590946],
      [0.38240951745, 0.057603695826, 0.35053900622, 0.2094477805],
      [0.21489523764, 0.13394941488, 0.38449152876, 0.26666381872],
      [0.006147159988, 0.040248339516, 0.32280801167, 0.63079648883]
    ],
    [
      [5.5511151231e-17, 0.58260384404, 0.41739615596, 0],
      [0, 0.88424891988, 0.11575108012, 0],
      [0, 0, 1, 0],
      [0, 0.072419436714, 0.92758056329, 0],
      [0, 0.1912688737, 0.8087311263, 0],
      [0, 0.043331643404, 0.9566683566, 0]
    ],
    [
      [0.018888402107, 0.45901951627, 0.43139550197, 0.090696579652],
      [0.031793418464, 0.77714866677, 0.10150463165, 0.089553283124],
      [0.0053446420433, 0.027077961507, 0.93223616229, 0.035341234157],
      [0.31929261991, 0.063736841189, 0.42043187112, 0.19653866779],
      [0.18497257634, 0.13641697012, 0.44006397309, 0.23854648045],
      [0.0058935245393, 0.040334229301, 0.39299502985, 0.56077721631]
    ],
    [
      [0.019216991006, 0.44663208607, 0.47908518154, 0.055065741385],
      [0.032398834004, 0.76818174022, 0.14706665595, 0.052352769825],
      [0.0037680518416, 0.007515230399, 0.97365014434, 0.015066573417],
      [0.32760762387, 0.06204432567, 0.48746015974, 0.12288789072],
      [0.19507809899, 0.14009185676, 0.5130167886, 0.15181325565],
      [0.0072080239649, 0.046181900742, 0.53734667349, 0.4092634018]
    ],
    [
      [0.01431440207, 0.44370431248, 0.46536979452, 0.076611490928],
      [0.023238547773, 0.76380409035, 0.13792302933, 0.07503433255],
      [0.0015462590447, 0.0098776612484, 0.9635173915, 0.025058688211],
      [0.26419875618, 0.063917679589, 0.493306765, 0.17857679923],
      [0.14927907546, 0.13863067309, 0.49993214482, 0.21215810663],
      [0.0045579598476, 0.039875794625, 0.45236661348, 0.50319963205]
    ],
    [
      [0.016254694223, 0.43149059268, 0.48895073679, 0.063303976314],
      [0.028362205892, 0.75029054754, 0.15944436621, 0.06190288036],
      [0.0013223475657, 0, 0.98099990434, 0.017677748093],
      [0.2855957316, 0.060153196322, 0.50974952545, 0.14450154663],
      [0.1662048422, 0.13500518422, 0.52416249538, 0.1746274782],
      [0.0056463748261, 0.041044232586, 0.51308724847, 0.44022214411]
    ],
    [
      [0.010441303876, 0.43843652792, 0.47255515243, 0.078567015775],
      [0.017252363855, 0.75994124529, 0.14691764855, 0.075888742303],
      [0.00093856968923, 0.005960153359, 0.97004904027, 0.023052236679],
      [0.21042049556, 0.065653048645, 0.53029720059, 0.19362925521],
      [0.11421587319, 0.14029406487, 0.52123701257, 0.22425304937],
      [0.0032972666512, 0.037744703424, 0.44876429601, 0.51019373392]
    ]
  ],
