{
  "Z_true": {},
  "V_true": [
    [32, 27, 592, 337, 300],
    [30, 1677, 59, 1159, 129],
    [111, 331, 223, 9313, 241],
    [95, 43, 5055, 1140, 204],
    [213, 66, 1261, 1335, 470],
    [76, 80, 455, 734, 236],
    [501, 27, 434, 903, 124],
    [47, 129, 219, 1099, 694]
  ],
  "p_true": [
    [0.0248, 0.021, 0.4596, 0.2616, 0.2329],
    [0.0098, 0.5491, 0.0193, 0.3795, 0.0422],
    [0.0109, 0.0324, 0.0218, 0.9113, 0.0236],
    [0.0145, 0.0066, 0.7733, 0.1744, 0.0312],
    [0.0637, 0.0197, 0.377, 0.3991, 0.1405],
    [0.0481, 0.0506, 0.2878, 0.4643, 0.1493],
    [0.2519, 0.0136, 0.2182, 0.454, 0.0623],
    [0.0215, 0.059, 0.1001, 0.5023, 0.3172]
  ],
  "Z_est": {},
  "V_est": [
    [71.3659, 0, 0, 1084.0568, 132.5773],
    [0, 2303.2717, 0, 586.3012, 164.4271],
    [0, 0, 0, 10219, 0],
    [0, 0, 6013.809, 444.1942, 78.9968],
    [76.0996, 0, 2111.9279, 984.8172, 172.1553],
    [93.0039, 70.3273, 172.2632, 766.9371, 478.4685],
    [628.2037, 0, 0, 1096.6406, 264.1557],
    [236.327, 6.401, 0, 838.0527, 1107.2193]
  ],
  "p_est": [
    [0.0554, 0, 0, 0.8417, 0.1029],
    [0, 0.7542, 0, 0.192, 0.0538],
    [0, 0, 0, 1, 0],
    [0, 0, 0.92, 0.068, 0.0121],
    [0.0228, 0, 0.6314, 0.2944, 0.0515],
    [0.0588, 0.0445, 0.109, 0.4851, 0.3026],
    [0.3158, 0, 0, 0.5514, 0.1328],
    [0.108, 0.0029, 0, 0.383, 0.506]
  ],
  "EI_Z": {},
  "EI_V": 18.2769,
  "MAE_Z": {},
  "MAE_V": 275.9907,
  "MAE_p": 0.1005,
  "runtime": 0.0711
}
