{
  "Z_true": {},
  "V_true": [
    [5, 208, 328, 15],
    [83, 4943, 4208, 180],
    [41, 166, 5316, 65],
    [113, 128, 287, 111],
    [54, 235, 523, 50],
    [316, 129, 260, 165]
  ],
  "p_true": [
    [0.009, 0.3741, 0.5899, 0.027],
    [0.0088, 0.5251, 0.447, 0.0191],
    [0.0073, 0.0297, 0.9513, 0.0116],
    [0.1768, 0.2003, 0.4491, 0.1737],
    [0.0626, 0.2726, 0.6067, 0.058],
    [0.3632, 0.1483, 0.2989, 0.1897]
  ],
  "Z_est": {},
  "V_est": [
    [0, 0, 556, 0],
    [4.452, 5083.106, 4132.1872, 194.2549],
    [0, 0, 5588, 0],
    [64.7171, 310.1063, 109.2569, 154.9197],
    [81.3017, 186.1872, 536.5559, 57.9551],
    [461.5292, 229.6005, 0, 178.8703]
  ],
  "p_est": [
    [0, 0, 1, 0],
    [0.0005, 0.54, 0.4389, 0.0206],
    [0, 0, 1, 0],
    [0.1013, 0.4853, 0.171, 0.2424],
    [0.0943, 0.216, 0.6225, 0.0672],
    [0.5305, 0.2639, 0, 0.2056]
  ],
  "EI_Z": {},
  "EI_V": 6.6328,
  "MAE_Z": {},
  "MAE_V": 99.1,
  "MAE_p": 0.0987,
  "runtime": 0.2432
}
