{
  "X": [
    [5, 8, 66, 68, 10],
    [44, 74, 702, 262, 30],
    [0, 0, 6, 4, 0],
    [3, 8, 57, 51, 4],
    [191, 219, 1989, 1813, 85],
    [252, 179, 1678, 3197, 102],
    [3, 7, 42, 109, 9],
    [10, 0, 19, 38, 2],
    [56, 114, 950, 811, 27],
    [15, 7, 74, 69, 1],
    [16, 9, 138, 136, 1],
    [3, 7, 72, 101, 5],
    [28, 6, 65, 30, 3],
    [8, 16, 99, 208, 9],
    [14, 21, 96, 247, 6],
    [6, 0, 16, 15, 0],
    [2, 22, 92, 170, 13],
    [9, 11, 57, 47, 0],
    [39, 59, 385, 225, 23],
    [28, 17, 213, 162, 14],
    [2, 4, 8, 60, 2],
    [5, 4, 19, 86, 1],
    [15, 15, 49, 139, 3],
    [2, 12, 128, 26, 4],
    [4, 9, 59, 55, 4],
    [54, 62, 388, 328, 15],
    [10, 5, 25, 81, 4],
    [9, 47, 233, 108, 11],
    [6, 17, 138, 34, 3],
    [0, 7, 61, 11, 1],
    [16, 31, 181, 68, 13],
    [30, 46, 384, 504, 25],
    [24, 40, 307, 297, 13],
    [55, 33, 266, 191, 10],
    [29, 25, 217, 384, 17],
    [43, 35, 277, 443, 9],
    [84, 34, 357, 685, 27],
    [41, 33, 247, 304, 14],
    [31, 10, 128, 248, 9],
    [8, 5, 17, 47, 1],
    [24, 40, 221, 166, 5],
    [30, 56, 370, 363, 15],
    [2, 4, 48, 84, 3],
    [17, 11, 68, 234, 1],
    [14, 36, 149, 161, 9],
    [39, 63, 468, 246, 20],
    [7, 2, 19, 18, 2],
    [6, 12, 63, 94, 1],
    [1, 1, 3, 21, 0],
    [10, 10, 36, 110, 3],
    [20, 24, 113, 161, 3],
    [2, 6, 49, 85, 5],
    [5, 17, 56, 119, 8],
    [15, 13, 117, 104, 4],
    [10, 22, 73, 86, 11],
    [30, 24, 288, 384, 11],
    [2, 2, 30, 82, 2],
    [7, 9, 42, 117, 2],
    [8, 9, 60, 202, 4],
    [6, 4, 23, 60, 1],
    [1, 4, 17, 49, 0],
    [4, 6, 16, 74, 2],
    [13, 18, 174, 139, 4],
    [26, 57, 368, 359, 13],
    [6, 4, 34, 80, 4],
    [1, 3, 7, 34, 3],
    [1, 0, 5, 28, 1],
    [1, 0, 11, 30, 0],
    [2, 0, 15, 22, 1],
    [27, 14, 141, 147, 6],
    [12, 17, 40, 124, 1],
    [12, 11, 67, 176, 2],
    [14, 6, 59, 131, 3],
    [13, 6, 45, 57, 2],
    [6, 9, 33, 59, 0],
    [0, 0, 10, 27, 2],
    [0, 2, 3, 12, 0],
    [2, 6, 23, 54, 1],
    [0, 4, 10, 51, 0],
    [82, 20, 240, 336, 15],
    [164, 100, 849, 783, 53],
    [135, 116, 696, 749, 43],
    [0, 1, 3, 0, 0]
  ],
  "W": [
    [4, 64, 67, 12, 10],
    [42, 644, 265, 122, 39],
    [0, 6, 1, 1, 2],
    [1, 43, 63, 12, 4],
    [238, 1676, 1895, 344, 144],
    [300, 1221, 3395, 322, 170],
    [5, 33, 117, 8, 7],
    [10, 22, 29, 2, 6],
    [61, 815, 859, 175, 48],
    [12, 58, 74, 13, 9],
    [27, 107, 137, 17, 12],
    [5, 54, 109, 16, 4],
    [19, 62, 34, 8, 9],
    [15, 80, 213, 21, 11],
    [10, 82, 253, 27, 12],
    [7, 18, 10, 1, 1],
    [7, 75, 171, 27, 19],
    [2, 57, 51, 12, 2],
    [28, 342, 244, 73, 44],
    [28, 195, 163, 28, 20],
    [1, 11, 58, 4, 2],
    [4, 14, 83, 5, 9],
    [11, 46, 136, 19, 9],
    [2, 126, 18, 13, 13],
    [7, 49, 55, 14, 6],
    [40, 329, 355, 81, 42],
    [6, 22, 85, 8, 4],
    [9, 223, 100, 54, 22],
    [5, 130, 36, 16, 11],
    [0, 62, 7, 8, 3],
    [10, 178, 66, 41, 14],
    [27, 331, 527, 79, 25],
    [31, 252, 289, 81, 28],
    [59, 202, 222, 40, 32],
    [19, 152, 432, 50, 19],
    [39, 199, 502, 46, 21],
    [94, 247, 728, 61, 57],
    [30, 187, 324, 63, 35],
    [25, 108, 258, 27, 8],
    [8, 6, 53, 7, 4],
    [17, 192, 180, 48, 19],
    [51, 291, 372, 80, 40],
    [4, 29, 90, 13, 5],
    [15, 50, 232, 23, 11],
    [15, 129, 167, 45, 13],
    [33, 393, 281, 93, 36],
    [1, 22, 19, 2, 4],
    [9, 55, 86, 19, 7],
    [1, 2, 23, 0, 0],
    [9, 36, 104, 16, 4],
    [15, 104, 155, 34, 13],
    [0, 39, 85, 14, 9],
    [4, 39, 132, 24, 6],
    [13, 110, 99, 21, 10],
    [5, 59, 100, 25, 13],
    [22, 242, 401, 47, 25],
    [6, 16, 82, 11, 3],
    [10, 21, 120, 15, 11],
    [12, 37, 198, 28, 8],
    [7, 20, 56, 8, 3],
    [4, 10, 51, 4, 2],
    [1, 13, 77, 8, 3],
    [13, 151, 153, 21, 10],
    [28, 302, 386, 77, 30],
    [4, 31, 80, 10, 3],
    [2, 7, 32, 5, 2],
    [5, 3, 24, 3, 0],
    [1, 8, 32, 0, 1],
    [2, 11, 21, 2, 4],
    [27, 112, 156, 26, 14],
    [9, 39, 121, 21, 4],
    [7, 51, 185, 19, 6],
    [14, 50, 131, 12, 6],
    [11, 37, 67, 6, 2],
    [6, 25, 57, 13, 6],
    [0, 8, 26, 1, 4],
    [0, 3, 12, 1, 1],
    [2, 12, 62, 7, 3],
    [0, 1, 51, 10, 3],
    [97, 201, 317, 26, 52],
    [133, 823, 783, 110, 100],
    [108, 658, 759, 117, 97],
    [0, 2, 0, 1, 1]
  ],
  "method": "mvn_pdf",
  "cond_prob": [
    [
      [0.44617360391, 0.0008026464671, 0.17150648849, 0.36517285311, 0.016344408025],
      [0.023118562207, 0.04230210661, 0.85019420901, 0.044398086246, 0.039987035928],
      [0.011473215215, 0.013357411799, 0.082444366776, 0.89272500621, 0],
      [0.0030609333651, 0.33399199535, 0.29994141447, 0.17955136112, 0.1834542957],
      [0.09302809833, 0.038660405636, 0.17784751219, 0.17306393184, 0.51740005201]
    ],
    [
      [0.50077052722, 0.00093859501845, 0.24720711294, 0.24633582437, 0.0047479404457],
      [0.02042914534, 0.037643172005, 0.9123397053, 0.011658369188, 0.017929608165],
      [0.010972991269, 0.0029523606837, 0.13416772162, 0.83780467394, 0.014102252487],
      [0.0037490203855, 0.37958129439, 0.43858952284, 0.12490952972, 0.053170632663],
      [0.1652832073, 0.067361095912, 0.38482469298, 0.17663344612, 0.20589755768]
    ],
    [
      [0.00090597542323, 9.888791702e-06, 0.0076513025558, 0.99140089306, 3.1940171189e-05],
      [0, 0, 0.97769155766, 0.022308442342, 0],
      [0, 0, 0.0010069160496, 0.99899308395, 0],
      [0, 0, 0.071121741865, 0.92887825814, 0],
      [0, 0, 0.030860998068, 0.96913900193, 0]
    ],
    [
      [0.54422251358, 0.0011689349216, 0.27751084094, 0.17140078127, 0.0056969292877],
      [0.017209216858, 0.041707018188, 0.91610047927, 0.0065043934842, 0.0184788922],
      [0.017259464064, 0.0096100977364, 0.16792043606, 0.7809900066, 0.02421999554],
      [0.0029563539611, 0.44001981788, 0.42719860243, 0.074047685321, 0.055777540414],
      [0.14823966949, 0.079938827771, 0.40619946232, 0.11449191489, 0.25113012552]
    ],
    [
      [0.47837897543, 0.00095991843166, 0.23151207726, 0.28535802672, 0.0037910021656],
      [0.02190086218, 0.041004848284, 0.90879058454, 0.013347400671, 0.014956304328],
      [0.008049311866, 0.0026732608519, 0.11272067534, 0.86618015142, 0.010376600523],
      [0.0036586230961, 0.39132768547, 0.41543086821, 0.14668248685, 0.04290033638],
      [0.16616629515, 0.071978198425, 0.37675838538, 0.21419710906, 0.17090001198]
    ],
    [
      [0.5068639588, 0.00076360259294, 0.19726196339, 0.29139516542, 0.0037153098035],
      [0.0270389216, 0.037997484411, 0.90200685417, 0.015882362501, 0.01707437732],
      [0.0099109219643, 0.0016498693575, 0.096341129557, 0.8820691943, 0.010028884819],
      [0.0045033349472, 0.36157263086, 0.41109842781, 0.17399639305, 0.04882921334],
      [0.18722726567, 0.06087233618, 0.34128949085, 0.23257254438, 0.17803836292]
    ],
    [
      [0.37084176564, 0.0014748623054, 0.2147031929, 0.38830940846, 0.024670770698],
      [0.014977736911, 0.060956155971, 0.81429792498, 0.01694789471, 0.09282028743],
      [0.002090131088, 0.0097496355685, 0.09325165621, 0.8934490779, 0.0014594992302],
      [0.0017056459383, 0.43391889383, 0.25042487269, 0.1275803257, 0.18637026184],
      [0.056190764137, 0.0527162899, 0.16297282188, 0.13499824456, 0.59312187952]
    ],
    [
      [0.57101416029, 0, 0.052049983935, 0.37527013959, 0.0016657161804],
      [0.086930725428, 0, 0.77819050217, 0.08711291571, 0.047765856694],
      [0.011104895345, 0, 0, 0.98553424595, 0.0033608587049],
      [0.11764078489, 0, 0.27794681785, 0.55090628444, 0.053506112822],
      [0.30334315048, 0, 0.13390257954, 0.44141812617, 0.12133614381]
    ],
    [
      [0.44907682834, 0.0010769061402, 0.24676894942, 0.30004708277, 0.0030302333356],
      [0.019275847839, 0.043345029556, 0.9129184225, 0.013202670498, 0.011258029609],
      [0.00567501376, 0.0035758337467, 0.11586554777, 0.86849451191, 0.0063890928078],
      [0.0031803760422, 0.40947301752, 0.41205237104, 0.14338414308, 0.031910092316],
      [0.15552280948, 0.080806049631, 0.40168561, 0.22516543175, 0.13682009913]
    ],
    [
      [0.67899900135, 0.00047138770252, 0.15558043379, 0.16391229856, 0.0010368786051],
      [0.041832075186, 0.029817778919, 0.91199184136, 0.014462584599, 0.0018957199399],
      [0.01845128301, 0.0039285784416, 0.13005608561, 0.84756405294, 0],
      [0.0081246982663, 0.34655178796, 0.48215106281, 0.14308333477, 0.020089116197],
      [0.32830395587, 0.052113791347, 0.37171042714, 0.17937769346, 0.068494132185]
    ],
    [
      [0.42325972381, 0.00070218090387, 0.26106317653, 0.31497491875, 0],
      [0.017070261829, 0.027324950353, 0.9369504383, 0.018654349517, 0],
      [0.0059890363231, 0.00054023976807, 0.12053172046, 0.87293900345, 0],
      [0.0033267349064, 0.31165310898, 0.51040606763, 0.16912478149, 0.0054893070015],
      [0.15570141431, 0.057096310586, 0.45898737359, 0.25265808644, 0.075556815081]
    ],
    [
      [0.36130580793, 0.00081929593542, 0.27740233928, 0.35410342721, 0.0063691296421],
      [0.012881140417, 0.029480040627, 0.92303981466, 0.013595297813, 0.021003706484],
      [0.00061668484721, 0.0013674295825, 0.11026842226, 0.87166984245, 0.016077620863],
      [0.0023304974243, 0.31555894511, 0.45293129793, 0.16289725766, 0.066282001872],
      [0.098345692675, 0.051497095048, 0.37566987973, 0.21924195814, 0.25524537441]
    ],
    [
      [0.86797056225, 0.00024842528006, 0.066398689723, 0.064345085404, 0.0010372373467],
      [0.067792248595, 0.03684833517, 0.87243203501, 0, 0.022927381227],
      [0.061457156491, 0.0078592466811, 0.12607987712, 0.79379411822, 0.010809601487],
      [0.021329990124, 0.38889066022, 0.4303924428, 0.11701157311, 0.04237533375],
      [0.56058407364, 0.036927052246, 0.21308704004, 0.094705641442, 0.09469619264]
    ],
    [
      [0.36230632129, 0.0013207746507, 0.21370257125, 0.41619735535, 0.0064729774535],
      [0.016685152133, 0.059021878997, 0.87777303589, 0.020008959826, 0.026510973154],
      [0.00021181235652, 0.0036509991233, 0.074210994566, 0.90917002617, 0.012756167783],
      [0.0021727449362, 0.45488560037, 0.31113684001, 0.17203505872, 0.059769755963],
      [0.10362266677, 0.084379785405, 0.29380027975, 0.2627610069, 0.25543626118]
    ],
    [
      [0.54294262541, 0.0010405496543, 0.13647667621, 0.31689031035, 0.0026498383759],
      [0.03737122597, 0.070677756627, 0.85224713644, 0.023225171493, 0.016478709468],
      [0.010992554695, 0.0022896866992, 0.055644992702, 0.92327548226, 0.0077972836463],
      [0.004467011638, 0.49982123274, 0.27803807379, 0.18360553942, 0.034068142408],
      [0.21703396369, 0.093296203425, 0.26381307532, 0.28171552154, 0.14414123603]
    ],
    [
      [0.56266050926, 0, 0.048531411736, 0.388808079, 0],
      [0.086433753465, 0, 0.83645929395, 0.077106952584, 0],
      [0.0072231508894, 0, 0.016759851892, 0.97601699722, 0],
      [0.095130671527, 0, 0.29389118764, 0.61097814083, 0],
      [0.33820669239, 0, 0.14252312017, 0.51927018743, 0]
    ],
    [
      [0.28159944914, 0.001925435806, 0.23613200681, 0.47013258839, 0.010210519843],
      [0, 0.075879965978, 0.85584726368, 0.031387442024, 0.036885328315],
      [0, 0.0034068585678, 0.074508536243, 0.91067694911, 0.011407656074],
      [0, 0.51086548186, 0.26656953281, 0.14978838779, 0.072776597544],
      [0.0015159924206, 0.10103071978, 0.32737863646, 0.24131415581, 0.32876049553]
    ],
    [
      [0.87750008654, 0.00038480569549, 0.050676816179, 0.071438291583, 0],
      [0.059530389998, 0.065672892506, 0.84551561494, 0.029281102553, 0],
      [0.048446790139, 0.0045658253368, 0.093529645528, 0.853457739, 0],
      [0.01612411589, 0.56900945012, 0.29665926493, 0.11820716906, 0],
      [0.59374595461, 0.097452511042, 0.18716660741, 0.12163492694, 0]
    ],
    [
      [0.57939848532, 0.001205271797, 0.21178224227, 0.20317489115, 0.0044391094607],
      [0.029057108421, 0.055065761851, 0.88714220857, 0.0097177091141, 0.019017212047],
      [0.015059575065, 0.0045307520311, 0.13734071683, 0.82731395992, 0.015754996157],
      [0.0042031661561, 0.47940308401, 0.36723591775, 0.10059034736, 0.048567484729],
      [0.20131690649, 0.091632572916, 0.34882056786, 0.15408965802, 0.20414029471]
    ],
    [
      [0.55553962955, 0.00062330842637, 0.17855315243, 0.26023421207, 0.0050496975237],
      [0.032813099101, 0.032514395496, 0.89623383084, 0.015359044712, 0.023079629854],
      [0.011799251691, 0.0019288949333, 0.095291960576, 0.87621111077, 0.01476878203],
      [0.0053402823242, 0.33379022697, 0.41470072627, 0.17196285533, 0.074205909102],
      [0.19867650586, 0.049085200652, 0.30453524047, 0.20405286693, 0.2436501861]
    ],
    [
      [0.52279972507, 0.0010168719106, 0.073101307755, 0.3990717237, 0.0040103715667],
      [0.043287139813, 0.11579582971, 0.64567033519, 0.11997556847, 0.075271126817],
      [0.011278909145, 0.0019195751166, 0, 0.97872257906, 0.0080789366807],
      [0.0029187826166, 0.60644377822, 0.13665414965, 0.20556416506, 0.048419124452],
      [0.16759493805, 0.094059265836, 0.13895420327, 0.34651538877, 0.25287620408]
    ],
    [
      [0.47439427478, 0.00071347025417, 0.12541565316, 0.39802929963, 0.0014473021733],
      [0.033262413276, 0.053567082284, 0.8722379626, 0.031996346875, 0.0089361949603],
      [0.010061403791, 0.0054784025018, 0.029774797982, 0.95468539573, 0],
      [0.0040870387771, 0.43142292783, 0.28798686705, 0.25578615886, 0.02071700749],
      [0.19791304517, 0.070598324468, 0.26397370479, 0.38245725619, 0.085057669379]
    ],
    [
      [0.6585503256, 0.00079070532991, 0.084835732608, 0.2542504464, 0.0015727900568],
      [0.06642802753, 0.081923127209, 0.80872659633, 0.028105474701, 0.014816774228],
      [0.012315293444, 0.0025772491106, 0.033522005541, 0.94554537821, 0.0060400736971],
      [0.0070928170691, 0.53037196446, 0.23542281148, 0.19961297101, 0.027499435986],
      [0.32117930215, 0.088362798446, 0.20370637092, 0.28039726311, 0.10635426537]
    ],
    [
      [0.2988939793, 0.0011096007059, 0.25457837278, 0.44224269066, 0.0031753565555],
      [0.00073745931355, 0.046108388418, 0.9207004484, 0.018751852107, 0.013701851757],
      [0.0036854845044, 0.002018215816, 0.079509439246, 0.90933360045, 0.0054532599816],
      [0.0018518743313, 0.39510156759, 0.38635141641, 0.18637382454, 0.030321317124],
      [0.09375992927, 0.078113507266, 0.38683449506, 0.30476282508, 0.13652924332]
    ],
    [
      [0.38055492447, 0.001198408487, 0.25608488232, 0.35678816145, 0.0053736232605],
      [0.013454547757, 0.045876856942, 0.90670222055, 0.014342310766, 0.019624063987],
      [0, 0.0059511465511, 0.097117166076, 0.87959176293, 0.017339924444],
      [0.002199517611, 0.42455801295, 0.37655650468, 0.14646900547, 0.050216959295],
      [0.107674907, 0.078753318136, 0.36096030288, 0.2285994341, 0.22401203788]
    ],
    [
      [0.62531208658, 0.0010070011037, 0.17840816501, 0.19289668087, 0.0023760664358],
      [0.035591140912, 0.054434908227, 0.88677310281, 0.011366940118, 0.011833907934],
      [0.01689724698, 0.0040517323332, 0.12533971507, 0.84504804588, 0.0086632597402],
      [0.0054323926101, 0.47900584842, 0.37014907555, 0.11433657615, 0.031076107269],
      [0.25808296899, 0.09078086782, 0.34851544304, 0.17359739311, 0.12902332704]
    ],
    [
      [0.7959740083, 0.0003277204125, 0.058187648238, 0.14258693001, 0.0029236930483],
      [0.10058449657, 0.048146526727, 0.79042330768, 0.022029766262, 0.038815902761],
      [0.015477457486, 0.0059022811494, 0.051174617141, 0.91047536919, 0.016970275031],
      [0.013405224806, 0.40947964188, 0.28722473288, 0.19732436674, 0.092566033684],
      [0.39711783521, 0.040319764188, 0.1534802554, 0.17270556173, 0.23637658347]
    ],
    [
      [0.38991034008, 0.0018587649261, 0.24087055948, 0.36290564834, 0.0044546871744],
      [0.00993743615, 0.067224411641, 0.88683998266, 0.017178694791, 0.018819474754],
      [0.0060031393563, 0.0041672009319, 0.093029279823, 0.88737328323, 0.0094270966567],
      [0.0020161625075, 0.53471988278, 0.29990942001, 0.12834652517, 0.035008009529],
      [0.11661690758, 0.12275607075, 0.3440369167, 0.23795270655, 0.17863739842]
    ],
    [
      [0.46775692376, 0.0016893383963, 0.30570129868, 0.22205155723, 0.002800881944],
      [0.012836406776, 0.056623247585, 0.91575313033, 0.0070531508547, 0.0077340644494],
      [0.010067802481, 0.0054638621885, 0.16990766431, 0.8060056264, 0.0085550446256],
      [0.0023747920885, 0.50787536182, 0.38818850528, 0.079204738152, 0.022356602661],
      [0.14473135796, 0.11889329946, 0.46326314213, 0.15357765837, 0.11953454207]
    ],
    [
      [0.20607396594, 0.0011525498686, 0.2289591641, 0.56181772076, 0.0019965993359],
      [0, 0.051102275027, 0.91611566358, 0.023733482358, 0.0090485790372],
      [0, 0.0034576951479, 0.05365929134, 0.94029772044, 0.0025852930711],
      [0, 0.41934162719, 0.34160579711, 0.2204178452, 0.018634730499],
      [0, 0.15090735493, 0.36412248064, 0.39436576303, 0.090604401402]
    ],
    [
      [0.59658041751, 0.0010721054091, 0.17566918352, 0.22033564266, 0.0063426509075],
      [0.034729901173, 0.058398194416, 0.86911871096, 0.012978926015, 0.024774267435],
      [0.014105450138, 0.0037791644807, 0.1065711707, 0.85443642963, 0.02110778505],
      [0.0045615515482, 0.46937128503, 0.33187233255, 0.1182395792, 0.075955251679],
      [0.19530643525, 0.078625199865, 0.27855105096, 0.16041197427, 0.28710533966]
    ],
    [
      [0.4787479504, 0.00083239321694, 0.19438775283, 0.32085156246, 0.0051803410988],
      [0.025213423677, 0.041536233783, 0.89195472095, 0.017455042119, 0.023840579473],
      [0.008313131197, 0.0024111834899, 0.086758997701, 0.89087913532, 0.011637552287],
      [0.003931104124, 0.37248573474, 0.38022534296, 0.17935031266, 0.06400750552],
      [0.16146338942, 0.061278610304, 0.3101889663, 0.23589639424, 0.23117263973]
    ],
    [
      [0.42484403581, 0.00081341481605, 0.21899271279, 0.35215562055, 0.0031942160322],
      [0.020275940511, 0.036815189975, 0.91224770481, 0.017336278227, 0.013324886472],
      [0.0042925823588, 0.0012605197274, 0.091463764767, 0.89511607177, 0.0078670613718],
      [0.0033777767901, 0.35277159612, 0.41516293445, 0.19048298728, 0.038204705359],
      [0.15021934498, 0.062805956439, 0.36655637791, 0.2713131049, 0.14910521577]
    ],
    [
      [0.61358069258, 0.0011060505068, 0.23189563932, 0.15088639768, 0.002531219914],
      [0.027427130368, 0.047122886375, 0.90854106046, 0.0069887991449, 0.0099201236534],
      [0.025128711273, 0.008205457506, 0.1732900551, 0.78168209145, 0.011693684667],
      [0.0046638309876, 0.46580356384, 0.42219590036, 0.078288107895, 0.029048596915],
      [0.23416661442, 0.092567682885, 0.41983233812, 0.12565676537, 0.1277765992]
    ],
    [
      [0.61753424683, 0.00062357612585, 0.17393071833, 0.20373487451, 0.0041765842046],
      [0.03583537902, 0.0348778518, 0.89536177982, 0.012411065972, 0.021513923384],
      [0.016166898455, 0.0021895324583, 0.11577583911, 0.85132117401, 0.014546555975],
      [0.0062949456038, 0.35467619933, 0.43000717489, 0.14377945056, 0.065242229613],
      [0.23794864665, 0.053001610087, 0.32025287265, 0.1727808241, 0.21601604651]
    ],
    [
      [0.59865944834, 0.00098936299263, 0.19628021439, 0.20195709211, 0.0021138821677],
      [0.031250167057, 0.049289032909, 0.89881150427, 0.010958469741, 0.0096908260197],
      [0.016151950155, 0.0044056438654, 0.12835390843, 0.84434769265, 0.0067408049028],
      [0.0050094603056, 0.45858276862, 0.3939288225, 0.11573591145, 0.026743037119],
      [0.24260876754, 0.087926510355, 0.37748544875, 0.1788830615, 0.11309621185]
    ],
    [
      [0.5680934858, 0.00064000561134, 0.17875821549, 0.24890934551, 0.0035989475964],
      [0.03298757497, 0.035002791165, 0.89899687703, 0.014863959721, 0.018148797114],
      [0.012996286906, 0.0013701564501, 0.10102130848, 0.87308768903, 0.011524559132],
      [0.0056907576897, 0.34758239114, 0.42402382257, 0.16883671752, 0.053866311078],
      [0.22180435493, 0.054283338588, 0.32869356782, 0.21095168577, 0.18426705289]
    ],
    [
      [0.62824946251, 0.00061954951076, 0.16388195502, 0.20466456919, 0.0025844637614],
      [0.039042504176, 0.03682714366, 0.89673697674, 0.013248249496, 0.014145125925],
      [0.015428568677, 0.002154957059, 0.1104251044, 0.86130223932, 0.010689130551],
      [0.0068092576292, 0.3707758007, 0.4275084975, 0.15240013457, 0.04250630961],
      [0.26924938176, 0.058218746263, 0.33379878662, 0.19198589292, 0.14674719243]
    ],
    [
      [0.69449065138, 0.00028932579878, 0.10087142552, 0.20163886126, 0.0027097360361],
      [0.065896078163, 0.022075966866, 0.8637516575, 0.02150784508, 0.02676845239],
      [0.013618941066, 0, 0.074399897169, 0.90146245051, 0.010518711258],
      [0.011489229552, 0.27256701532, 0.41161542552, 0.23424947947, 0.07007885014],
      [0.33713266012, 0.031156627474, 0.23553067416, 0.21676662791, 0.17941341034]
    ],
    [
      [0.69347155024, 0.0009490272374, 0.14952868295, 0.15475786059, 0.0012928789778],
      [0.038068549939, 0.060614881583, 0.8838308999, 0.010211368091, 0.0072743004852],
      [0.018470520189, 0.0043525935072, 0.12996538017, 0.83798524484, 0.0092262612908],
      [0.0050907416415, 0.56842410443, 0.31823421264, 0.091092329584, 0.017158611701],
      [0.30231088423, 0.10476557643, 0.34624512485, 0.16245115576, 0.084227258736]
    ],
    [
      [0.60003596106, 0.0012733935109, 0.19408548086, 0.20270631325, 0.001898851317],
      [0.032474719356, 0.061142939555, 0.8906073772, 0.011636449447, 0.0041385144396],
      [0.015632344196, 0.0048774544117, 0.12816513714, 0.84445922236, 0.0068658418931],
      [0.0043903724106, 0.52556996216, 0.34585558492, 0.10287705187, 0.021307028641],
      [0.2389306692, 0.11229515464, 0.37016513902, 0.17784399295, 0.10076504419]
    ],
    [
      [0.39717355896, 0.0013840424383, 0.27261841554, 0.32533003337, 0.0034939496825],
      [0.015281449965, 0.050238213659, 0.90993294794, 0.012860373756, 0.01168701468],
      [0.0001765153691, 0.0041738153625, 0.11856469631, 0.8687556979, 0.0083292750577],
      [0.0023716761813, 0.44912468915, 0.38585619713, 0.13145977044, 0.03118766709],
      [0.12604621853, 0.095686480352, 0.40828525398, 0.224297457, 0.14568459014]
    ],
    [
      [0.32374043338, 0.00063584259866, 0.3038961898, 0.36772463762, 0.0040028966103],
      [0.0070573449174, 0.015216595127, 0.94302102209, 0.013035860181, 0.021669177686],
      [0, 0, 0.11599753621, 0.87362462517, 0.01037783862],
      [0.0021643762611, 0.25694525133, 0.52080373778, 0.17668026294, 0.043406371692],
      [0.094447674499, 0.043177420714, 0.44531575008, 0.24560036414, 0.17145879058]
    ],
    [
      [0.57492790542, 0.00047015992315, 0.11598847288, 0.30749530627, 0.0011181555068],
      [0.04766625931, 0.038590221896, 0.87811652241, 0.035626996379, 0],
      [0.010687423842, 0.0027606173587, 0.047924586251, 0.93862737255, 0],
      [0.020097445684, 0.3419877776, 0.35923088132, 0.27048148706, 0.0082024083318],
      [0.27736771555, 0.050659490387, 0.27032113685, 0.32941781397, 0.072233843251]
    ],
    [
      [0.48894048819, 0.0016956741473, 0.20702202, 0.29797008122, 0.0043717364473],
      [0.022880525106, 0.074260000049, 0.86698702003, 0.014647458072, 0.021224996744],
      [0.0092765757516, 0, 0.10117207075, 0.877692555, 0.011858798498],
      [0.0027942688574, 0.55151451197, 0.28892822933, 0.11819119234, 0.038571797499],
      [0.15687497611, 0.12129783405, 0.31967984464, 0.21135895006, 0.19078839514]
    ],
    [
      [0.55342827905, 0.0011318843956, 0.25713513214, 0.18446500889, 0.0038396955242],
      [0.023676156469, 0.046334682153, 0.90334937997, 0.011825642275, 0.014814139131],
      [0.015176595696, 0.0044816732515, 0.17564059565, 0.79034500457, 0.014356130824],
      [0.0038966257799, 0.43497546638, 0.43192594678, 0.08850957692, 0.040692384144],
      [0.18903132531, 0.084473588118, 0.41594760779, 0.13741223205, 0.17313524673]
    ],
    [
      [0.96495247703, 5.1822000219e-05, 0.01139011143, 0.023153258533, 0.00045233100456],
      [0.042597475566, 0.052800747365, 0.77688520107, 0.067255508454, 0.060461067549],
      [0.096543197402, 0.0014118684207, 0.054124693523, 0.83646623781, 0.011454002841],
      [0.054612033345, 0.37980270703, 0.3093947813, 0.18062575358, 0.075564724747],
      [0.7885895608, 0.012975205478, 0.0624941814, 0.060778882466, 0.075162169861]
    ],
    [
      [0.37268909776, 0.00092717683427, 0.16884083762, 0.45599699674, 0.0015458910447],
      [0.021282424195, 0.05292827342, 0.8902025951, 0.034164374311, 0.0014223329753],
      [0.0050110633647, 0.0069193991685, 0.049600304395, 0.93846923307, 0],
      [0.0028131930467, 0.41722430571, 0.31919393381, 0.24242041467, 0.018348152767],
      [0.14155181031, 0.079752890496, 0.31271125865, 0.3860920742, 0.079891966341]
    ],
    [
      [0.69533638892, 0.0055721051124, 0.09355815054, 0.20553335542, 0],
      [0.0069482423287, 0.49721394744, 0.48943154531, 0.0064062649193, 0],
      [0.012642048975, 0, 0.083807772124, 0.9035501789, 0],
      [0.0026009502367, 0.70799370524, 0.16297898611, 0.093926883358, 0.032499475054],
      [0.011866661732, 0.93807150363, 0.026551294314, 0.02346545812, 4.5082204917e-05]
    ],
    [
      [0.59888955067, 0.0005823588476, 0.082206989929, 0.31616113843, 0.0021599621196],
      [0.061270872221, 0.062881896805, 0.81854903668, 0.036083026105, 0.021215168192],
      [0.011512735112, 0.0057920926174, 0.0099470217363, 0.96336461033, 0.0093835402042],
      [0.0068827299012, 0.43001435695, 0.25028636892, 0.2710465394, 0.041770004841],
      [0.27419862849, 0.062100785509, 0.18832490175, 0.33222417742, 0.14315150683]
    ],
    [
      [0.60743774794, 0.00076924843931, 0.1155887424, 0.27479660794, 0.0014076532806],
      [0.049445496527, 0.061761296189, 0.85466957039, 0.024079764065, 0.010043872832],
      [0.011820277703, 0.0041252811068, 0.056559292577, 0.92749514861, 0],
      [0.0063686519267, 0.46707066259, 0.30055413009, 0.20296872541, 0.023037829975],
      [0.28441730252, 0.080420413082, 0.26115405932, 0.28546697838, 0.0885412467]
    ],
    [
      [0.37349054607, 0.00064229687321, 0.19662352527, 0.42411792784, 0.0051257039366],
      [0.017904220679, 0.031819822894, 0.90483493961, 0.022296750414, 0.023144266401],
      [0.0026509169894, 0.0012618338597, 0.064427552455, 0.9187324897, 0.012927206998],
      [0.0028673250416, 0.30258284529, 0.39206481606, 0.2378172801, 0.064667733518],
      [0.11514054431, 0.046179021672, 0.30513199685, 0.30096924313, 0.23257919403]
    ],
    [
      [0.49726180845, 0.0017069150358, 0.20837787504, 0.28258653037, 0.010066871105],
      [0.021161123314, 0.075550874643, 0.84919868965, 0.013369309174, 0.040720003213],
      [0.010627657876, 0.0043761559899, 0.10590726933, 0.86280581059, 0.016283106212],
      [0.0024957561962, 0.53678828622, 0.27230059924, 0.10438525749, 0.084030100847],
      [0.12048666144, 0.097686128138, 0.25546094501, 0.15877294042, 0.367593325]
    ],
    [
      [0.55377790183, 0.00060176506088, 0.14521987031, 0.29833660169, 0.002063861103],
      [0.038972579332, 0.041777789553, 0.88440936209, 0.021002812551, 0.013837456478],
      [0.010324840878, 0.0016774832145, 0.069730865521, 0.91283345955, 0.0054333508362],
      [0.0057733647097, 0.36446135342, 0.37683227047, 0.2191531595, 0.033779851904],
      [0.23705036438, 0.057686094337, 0.30102784899, 0.28385859526, 0.12037709703]
    ],
    [
      [0.65001040328, 0.001724172802, 0.17026597028, 0.16856024957, 0.0094392040698],
      [0.032966273245, 0.090419759409, 0.82193280022, 0.0094865649255, 0.045194602205],
      [0.024166678258, 0.0033946723819, 0.14505677598, 0.81508499672, 0.012296876659],
      [0.0036115175155, 0.59579186448, 0.24538363488, 0.068801659501, 0.086411323625],
      [0.17676785372, 0.10941149852, 0.2318743435, 0.10530386632, 0.37664243793]
    ],
    [
      [0.53879909116, 0.00056715423474, 0.17519301288, 0.28297759802, 0.0024631437142],
      [0.031745202383, 0.031325356714, 0.90685551511, 0.017320027159, 0.012753898631],
      [0.011669457034, 0, 0.089204240137, 0.89236306629, 0.0067632365434],
      [0.0055596375649, 0.32200075589, 0.43388036273, 0.20008835252, 0.038470891291],
      [0.22093303126, 0.050910030201, 0.34093766866, 0.25365216489, 0.133567105]
    ],
    [
      [0.28705931112, 0.00040925266519, 0.2458457194, 0.46343600089, 0.0032497159256],
      [0, 0, 0.94193799524, 0.020059629759, 0.038002374998],
      [0, 0, 0.079793516457, 0.91468374788, 0.0055227356637],
      [0.00041376524881, 0.17340109713, 0.52171019705, 0.26260386476, 0.041871075816],
      [0.091030905175, 0.03004413853, 0.39067908092, 0.33524002668, 0.15300584869]
    ],
    [
      [0.4212742658, 0.0010732070346, 0.22243946952, 0.35311381545, 0.002099242195],
      [0.018556329291, 0.047456792977, 0.90890890212, 0.016652165541, 0.008425810075],
      [0.0060098462396, 0.0041421970373, 0.090654547915, 0.89625844192, 0.0029349668918],
      [0.0028061415255, 0.43632253752, 0.37219800766, 0.16662188052, 0.02205143278],
      [0.14857279593, 0.086433960902, 0.38427295415, 0.27898410285, 0.10173618616]
    ],
    [
      [0.40243153774, 0.00050035656856, 0.16892918498, 0.42546002694, 0.002678893769],
      [0.023727547564, 0.026719517961, 0.90636471241, 0.026608571055, 0.016579651014],
      [0.0048908176904, 0, 0.054629279527, 0.93478842637, 0.0056914764081],
      [0.0038306452354, 0.27381640547, 0.3981206652, 0.28434427965, 0.03988800444],
      [0.15215778974, 0.042314275415, 0.30917243113, 0.35752678695, 0.13882871676]
    ],
    [
      [0.53189521896, 0.00045370123299, 0.10855653795, 0.3576935804, 0.0014009614627],
      [0.04182098915, 0.03934328118, 0.87590354594, 0.032020285797, 0.010911897933],
      [0.012153610063, 0.0059361310927, 0.024253705976, 0.95257169491, 0.0050848579579],
      [0.0057935202672, 0.34153310292, 0.32718965793, 0.2989234903, 0.026560228582],
      [0.23778778622, 0.048423434403, 0.24876950581, 0.37344546129, 0.091573812272]
    ],
    [
      [0.2146341645, 0.0025017014413, 0.30167441469, 0.48118971936, 0],
      [0, 0.083796287489, 0.9012468408, 0.014956871707, 0],
      [0, 0.0031364105237, 0.095777414194, 0.90108617528, 0],
      [0.00077255888039, 0.65943192548, 0.2409932684, 0.098802247245, 0],
      [0.069186553231, 0.17717284036, 0.46610636785, 0.28753423855, 0]
    ],
    [
      [0.73700387166, 0.00064627086918, 0.070222604084, 0.19033216577, 0.0017950876151],
      [0.067709872374, 0.080388884407, 0.80757672567, 0.024560564174, 0.019763953371],
      [0.016778889559, 0.0029406651238, 0.039593557775, 0.92745847548, 0.013228412066],
      [0.0069580061079, 0.55986064388, 0.22615670993, 0.17068013267, 0.03634450741],
      [0.34504308085, 0.082993955418, 0.19110744467, 0.23687894234, 0.14397657672]
    ],
    [
      [0.4970010376, 0.0011453705337, 0.24902563854, 0.25037694547, 0.0024510078541],
      [0.020316775729, 0.045704467563, 0.91423130731, 0.010776049291, 0.0089714001044],
      [0.010778315133, 0.0058209329878, 0.12972093103, 0.84772311865, 0.0059567021916],
      [0.0033492387439, 0.44248175319, 0.41131123718, 0.11735180425, 0.025505966647],
      [0.17517371471, 0.090101601696, 0.42289008658, 0.19518912229, 0.11664547472]
    ],
    [
      [0.45839437203, 0.001375094972, 0.25190371074, 0.28517822419, 0.0031485980756],
      [0.018866422208, 0.053671441832, 0.90401669881, 0.012123092613, 0.011322344534],
      [0.0068506279546, 0.0039052122709, 0.12186090456, 0.85949113234, 0.0078921228797],
      [0.0028680592377, 0.47049207643, 0.37561623988, 0.1214177368, 0.029605887657],
      [0.15340383749, 0.10058066954, 0.3990964476, 0.20803643126, 0.13888261412]
    ],
    [
      [0.62198429339, 0.00032803524277, 0.096862813387, 0.27644437587, 0.0043804821113],
      [0.052408604772, 0.031022565308, 0.85121285193, 0.027551841912, 0.037804136077],
      [0.013580513098, 0.0021131196375, 0.040223290429, 0.93165990625, 0.012423170582],
      [0.0077335147225, 0.27754377639, 0.34171557777, 0.27353029032, 0.099476840794],
      [0.24120662782, 0.030833666521, 0.19664377485, 0.25733999791, 0.2739759329]
    ],
    [
      [0.31605896377, 0.00090000361486, 0.12163668546, 0.54058244479, 0.020821902365],
      [0.01715717102, 0.060498095204, 0.76223837853, 0.083542505873, 0.076563849369],
      [0.0051336197786, 0.018316023901, 0.010829479964, 0.96572087636, 0],
      [0.0015639431886, 0.38534977452, 0.18053839253, 0.21708670187, 0.21546118789],
      [0.037843163232, 0.030925844464, 0.085911328911, 0.17276800828, 0.67255165512]
    ],
    [
      [0.1916625431, 0, 0.13553359542, 0.66538785325, 0.0074160082342],
      [0.011994754644, 0, 0.90548451686, 0.043064707345, 0.039456021155],
      [0, 0, 0.021603533708, 0.96329653159, 0.015099934706],
      [0.0019010068617, 0, 0.36246455445, 0.47491661789, 0.16071782081],
      [0.044377218261, 0.0073582450619, 0.1704974666, 0.38099843499, 0.39676863508]
    ],
    [
      [0.41941467149, 0, 0.21088527285, 0.36970005566, 0],
      [0.013724994674, 0, 0.96912405253, 0.017150952799, 0],
      [0.0087971166727, 0, 0.080669434849, 0.91053344848, 0],
      [0.0034622454913, 0.068887233199, 0.62631378297, 0.29022173516, 0.01111500318],
      [0.18927763759, 0, 0.45470039178, 0.35602197063, 0]
    ],
    [
      [0.43391571087, 0, 0.19052801139, 0.37344833382, 0.002107943927],
      [0.018371197884, 0, 0.94499279496, 0.018832291553, 0.017803715598],
      [0.005131174185, 0, 0.070410789273, 0.91098240914, 0.013475627406],
      [0.064316099979, 0, 0.61149964778, 0.29000415269, 0.034180099545],
      [0.17342463592, 0, 0.38059934058, 0.33382730701, 0.11214871649]
    ],
    [
      [0.61790155259, 0.00059023045921, 0.17491047273, 0.20422357259, 0.0023741716278],
      [0.035677574312, 0.033187418031, 0.90646538946, 0.012410776749, 0.012258841449],
      [0.015932120472, 0.0018649942705, 0.1156128721, 0.85596924817, 0.010620764986],
      [0.0065088609027, 0.35380937064, 0.45134304167, 0.1496788366, 0.038659890181],
      [0.26186632714, 0.055506443946, 0.35591189183, 0.19093600557, 0.13577933152]
    ],
    [
      [0.67774587978, 0.00092251242293, 0.076064090779, 0.24427188034, 0.00099563667971],
      [0.071655485429, 0.10361517742, 0.7854715233, 0.029956676384, 0.0093011374643],
      [0.013154755795, 0.00027255630233, 0.030555527186, 0.95601716072, 0],
      [0.0067037103794, 0.5943426088, 0.20062309398, 0.18180897287, 0.016521613967],
      [0.34330494528, 0.1091328428, 0.19293250283, 0.28429445523, 0.070335253868]
    ],
    [
      [0.65468413885, 0.00054670626725, 0.11557404268, 0.2278994268, 0.0012956854058],
      [0.051992162466, 0.044805165007, 0.87343435474, 0.020080280331, 0.0096880374609],
      [0.014591556917, 0.0035193615707, 0.070935140914, 0.90830569413, 0.0026482464719],
      [0.0078543310884, 0.40489041894, 0.36042346733, 0.20142121604, 0.025410566608],
      [0.31949007031, 0.061184965066, 0.27913044357, 0.25284219959, 0.087352321464]
    ],
    [
      [0.59517466978, 0.00042126103662, 0.1196504623, 0.28276270298, 0.0019909038989],
      [0.046859233352, 0.033584469629, 0.88097695276, 0.024088632521, 0.014490711734],
      [0.012246538113, 0.0017760700888, 0.05425067153, 0.92403865306, 0.0076880672103],
      [0.00742963723, 0.31837526219, 0.38030518844, 0.25388642828, 0.040003483863],
      [0.27185680265, 0.043618422692, 0.26759094299, 0.29019830703, 0.12673552464]
    ],
    [
      [0.7723165865, 0.00070710001147, 0.11635769264, 0.10900901641, 0.0016096044328],
      [0.056445960627, 0.057338496687, 0.86519749908, 0.0092583256686, 0.011759717938],
      [0.02405244331, 0.0071643703155, 0.1357794436, 0.81609902004, 0.016904722735],
      [0.0080642961306, 0.53707698079, 0.33721416897, 0.08808871484, 0.029555839276],
      [0.3780587634, 0.084111413306, 0.29362509015, 0.12558806883, 0.11861666432]
    ],
    [
      [0.52409535507, 0.001028451823, 0.15626638288, 0.31860981023, 0],
      [0.02966913913, 0.062645410478, 0.88208721192, 0.025598238472, 0],
      [0.0085044753726, 0.0026681850831, 0.069989592384, 0.91883774716, 0],
      [0.0038225369859, 0.50945944021, 0.31262126369, 0.17409675912, 0],
      [0.26320855238, 0.10877245911, 0.32612303515, 0.30189595336, 0]
    ],
    [
      [0.19427866661, 0.00020080737986, 0.19051591578, 0.60877733481, 0.0062272754245],
      [0, 0, 0.92464119618, 0.029450382379, 0.045908421443],
      [0, 0, 0.042963194154, 0.94736641213, 0.0096703937178],
      [0, 0, 0.43794795674, 0.39251842637, 0.16953361688],
      [0, 0, 0.26196985646, 0.43508794982, 0.30294219373]
    ],
    [
      [0.066506623119, 0.0081976190472, 0.22328428685, 0.70127479757, 0.00073667340488],
      [0, 0.16479990246, 0.73844726648, 0.096752831059, 0],
      [0, 0, 0.046700232328, 0.95329976767, 0],
      [0, 0.99298596752, 0.0040498932117, 0.0029641392685, 0],
      [0, 0.51261432511, 0.22020551939, 0.2671801555, 0]
    ],
    [
      [0.44211262538, 0.0022229981832, 0.281761019, 0.27169688937, 0.0022064680682],
      [0.012837470622, 0.076636458791, 0.89419518929, 0.0096455253818, 0.0066853559105],
      [0.0094326081256, 0.0030324516844, 0.13618568238, 0.84278186587, 0.0085673919398],
      [0.0015124561182, 0.62825749612, 0.28148723963, 0.075047101528, 0.01369570661],
      [0.12210540172, 0.1633673403, 0.43073756857, 0.18768484062, 0.0961048488]
    ],
    [
      [0.20589820756, 0.00087602828034, 0.25827080637, 0.53371801287, 0.0012369449139],
      [0, 0.033413072749, 0.93455004361, 0.032036883639, 0],
      [0, 0.0013610867784, 0.068780297615, 0.92985861561, 0],
      [0, 0.34768379022, 0.41567978135, 0.23663642843, 0],
      [0, 0.14011119979, 0.46695232151, 0.3929364787, 0]
    ],
    [
      [0.58259374352, 0.00056015673392, 0.14245147613, 0.27180913021, 0.0025854933956],
      [0.04161048305, 0.037815738173, 0.88454588134, 0.01995798512, 0.016069912312],
      [0.012030328086, 0.0014952237626, 0.073106405107, 0.90483275052, 0.0085352925216],
      [0.0066696840389, 0.35083779831, 0.38727474983, 0.21087886448, 0.044338903343],
      [0.25264757686, 0.052864091063, 0.29124251443, 0.25592551861, 0.14732029903]
    ],
    [
      [0.64280511644, 0.00071741406099, 0.12744612348, 0.22567724335, 0.0033541026748],
      [0.045157602664, 0.053167885039, 0.85826404868, 0.020898713502, 0.022511750119],
      [0.016446934733, 0.0026226208965, 0.080440035836, 0.88891312445, 0.011577284085],
      [0.0071851642422, 0.4309723524, 0.33586232571, 0.17022275339, 0.055757404254],
      [0.27673894559, 0.066869436168, 0.25768949629, 0.21041806106, 0.1882840609]
    ],
    [
      [0.6321726967, 0.0010302725463, 0.13377307593, 0.22995984868, 0.0030641061457],
      [0.046337822352, 0.070740970687, 0.84600670458, 0.017293631233, 0.019620871147],
      [0.012923460089, 0, 0.085663287334, 0.89017045783, 0.011242794743],
      [0.0058629908349, 0.51494565594, 0.29283426225, 0.14405510428, 0.0423019867],
      [0.26536273725, 0.093737423795, 0.26391806615, 0.20918868345, 0.16779308936]
    ],
    [
      [0.53058935701, 0.0011210056144, 0.2717423845, 0.19233655347, 0.0042106994113],
      [0, 0.017674430707, 0.98232556929, 0, 0],
      [0.00053871277334, 0.0036181177622, 0.12738420997, 0.86799917043, 0.00045978906396],
      [0, 0.83597148508, 0.16402851492, 0, 0],
      [0, 0.1286796535, 0.8713203465, 0, 0]
    ]
  ],
  "expected_outcome": [
    [
