{
  "X": [
    [2, 8, 9, 1],
    [2, 1, 2, 1],
    [36, 104, 182, 30],
    [63, 229, 305, 42],
    [12, 40, 58, 19],
    [41, 110, 239, 48],
    [11, 53, 74, 9],
    [3, 9, 11, 2],
    [4, 17, 8, 7],
    [80, 192, 261, 54],
    [11, 53, 45, 8],
    [62, 256, 214, 33],
    [99, 266, 455, 57],
    [19, 36, 44, 10],
    [7, 30, 60, 7],
    [19, 127, 69, 9],
    [10, 30, 39, 9],
    [19, 227, 112, 21],
    [48, 178, 194, 21],
    [37, 242, 140, 24],
    [9, 32, 45, 9],
    [13, 44, 67, 15],
    [1, 20, 9, 3],
    [13, 15, 18, 4],
    [37, 68, 210, 41],
    [52, 157, 392, 66],
    [29, 49, 183, 31],
    [31, 76, 161, 32],
    [65, 197, 371, 63],
    [20, 39, 118, 23],
    [6, 19, 23, 2],
    [35, 293, 264, 54],
    [30, 137, 124, 26],
    [65, 445, 442, 79],
    [17, 289, 72, 19],
    [7, 121, 27, 9],
    [4, 10, 8, 2],
    [12, 138, 173, 36],
    [17, 145, 209, 39],
    [36, 263, 214, 38],
    [70, 740, 363, 34],
    [28, 245, 252, 41],
    [9, 108, 70, 10],
    [2, 8, 8, 1],
    [55, 192, 319, 85],
    [16, 59, 137, 26],
    [6, 29, 26, 8],
    [49, 222, 315, 57],
    [40, 168, 263, 40],
    [48, 131, 289, 40],
    [21, 253, 296, 59],
    [22, 98, 263, 60],
    [25, 174, 235, 29],
    [86, 416, 563, 86],
    [54, 424, 265, 44],
    [61, 336, 267, 29],
    [35, 344, 173, 34],
    [36, 182, 123, 15],
    [17, 180, 103, 16],
    [119, 567, 618, 98],
    [95, 440, 395, 52],
    [29, 176, 99, 17],
    [9, 33, 50, 13],
    [5, 12, 26, 7],
    [23, 282, 318, 82],
    [173, 1072, 1066, 169],
    [42, 197, 249, 50],
    [382, 1067, 1090, 270],
    [67, 223, 186, 18]
  ],
  "W": [
    [4, 6, 8, 0, 2],
    [1, 4, 1, 0, 0],
    [52, 157, 101, 13, 29],
    [85, 260, 224, 13, 57],
    [19, 49, 43, 7, 11],
    [65, 218, 111, 11, 33],
    [5, 70, 53, 3, 16],
    [5, 10, 7, 0, 3],
    [4, 11, 17, 0, 4],
    [91, 228, 181, 14, 73],
    [14, 42, 50, 3, 8],
    [102, 186, 233, 7, 37],
    [151, 393, 237, 27, 69],
    [20, 48, 32, 2, 7],
    [11, 50, 29, 8, 6],
    [24, 72, 110, 5, 13],
    [14, 36, 29, 0, 9],
    [35, 89, 212, 11, 32],
    [94, 145, 159, 9, 34],
    [45, 123, 218, 13, 44],
    [18, 33, 31, 6, 7],
    [18, 60, 47, 6, 8],
    [2, 7, 19, 2, 3],
    [9, 19, 18, 1, 3],
    [44, 186, 63, 19, 44],
    [73, 352, 146, 27, 69],
    [30, 178, 53, 11, 20],
    [33, 141, 70, 10, 46],
    [61, 368, 187, 23, 57],
    [31, 111, 32, 8, 18],
    [6, 22, 17, 2, 3],
    [52, 239, 261, 19, 75],
    [24, 115, 133, 13, 32],
    [88, 399, 396, 40, 108],
    [41, 63, 252, 5, 36],
    [14, 21, 104, 3, 22],
    [3, 6, 10, 4, 1],
    [10, 168, 129, 18, 34],
    [16, 201, 153, 14, 26],
    [33, 194, 251, 21, 52],
    [96, 318, 683, 32, 78],
    [48, 220, 221, 33, 44],
    [14, 62, 98, 8, 15],
    [3, 7, 7, 1, 1],
    [59, 310, 193, 27, 62],
    [20, 125, 58, 12, 23],
    [9, 25, 22, 0, 13],
    [65, 283, 206, 23, 66],
    [49, 247, 144, 25, 46],
    [75, 249, 117, 18, 49],
    [27, 281, 241, 13, 67],
    [21, 261, 97, 13, 51],
    [35, 207, 174, 14, 33],
    [120, 501, 388, 36, 106],
    [72, 259, 371, 23, 62],
    [82, 217, 326, 15, 53],
    [66, 134, 310, 15, 61],
    [60, 93, 155, 9, 39],
    [20, 95, 155, 13, 33],
    [182, 513, 514, 49, 144],
    [134, 335, 418, 25, 70],
    [48, 82, 162, 14, 15],
    [14, 42, 28, 7, 14],
    [6, 25, 15, 2, 2],
    [28, 301, 268, 32, 76],
    [290, 910, 981, 75, 224],
    [46, 228, 205, 27, 32],
    [384, 1087, 1014, 64, 260],
    [109, 153, 204, 1, 27]
  ],
  "method": "mvn_cdf",
  "mvncdf_method": "genz",
  "mvncdf_samples": 5000,
  "mvncdf_error": 1e-06,
  "cond_prob": [
    [
      [0.37934459535, 0.093474194064, 0.52086318097, 0.0063180296227],
      [0.0012644327584, 0.0043788336304, 0.95099345208, 0.043363281528],
      [0.035221518489, 0.90708707946, 0.021374052738, 0.036317349316],
      [0.016165430199, 0.054448039616, 0.76277622299, 0.16661030719],
      [0.096631437074, 0.17156679315, 0.51979707087, 0.21200469891]
    ],
    [
      [1, 4.4497738827e-13, 1.3305156346e-15, 0],
      [0.14610272997, 0.10507050817, 0.49882680711, 0.24999995474],
      [0.4155890801, 0.5797179673, 0.0046927715722, 1.8102183014e-07],
      [2.2969393647e-13, 1.8829327217e-13, 6.6704050431e-16, 1],
      [0.15989374356, 0.2907650232, 0.29630243518, 0.25303879807]
    ],
    [
      [0.5243360482, 0.10770328884, 0.35791210891, 0.01004855405],
      [0.006212384154, 0.0051834300148, 0.88436918445, 0.10423500138],
      [0.026813212682, 0.8983256483, 0.064005825642, 0.010855313371],
      [0.033803835255, 0.082634832634, 0.59944928448, 0.28411204763],
      [0.15902058076, 0.19932714362, 0.35466135483, 0.28699092079]
    ],
    [
      [0.53395757734, 0.11457990135, 0.34340958301, 0.0080529382972],
      [0.005227583401, 0.008603788624, 0.8998291563, 0.086339471679],
      [0.026406907633, 0.9061510638, 0.05908531812, 0.0083567104466],
      [0.037652791166, 0.095428531375, 0.62182498661, 0.24509369085],
      [0.17280352012, 0.22465463411, 0.36027664425, 0.24226520153]
    ],
    [
      [0.47078963597, 0.085981721202, 0.41651748157, 0.026711161259],
      [0.015490471613, 0.0025451482277, 0.82306884667, 0.15889553349],
      [0.026859590349, 0.85577169581, 0.084412208884, 0.032956504957],
      [0.018500996526, 0.041295704033, 0.44313665633, 0.49706664311],
      [0.091954040621, 0.10494383508, 0.27491934429, 0.52818278]
    ],
    [
      [0.48800253456, 0.09703915833, 0.39952003883, 0.015438268278],
      [0.0080896305169, 0.002738582856, 0.85833071762, 0.13084106901],
      [0.027247341128, 0.87691929817, 0.077707578322, 0.018125782385],
      [0.026101794904, 0.061493070046, 0.5520279337, 0.36037720135],
      [0.12741579368, 0.15396902361, 0.33991674457, 0.37869843814]
    ],
    [
      [0.73070992711, 0.074888757522, 0.1904806656, 0.0039206497639],
      [0, 0.010648773132, 0.9141712419, 0.075179984969],
      [0.038123229206, 0.90799654047, 0.048013197813, 0.0058670325152],
      [0.078665089518, 0.10651148182, 0.60560843955, 0.2092149891],
      [0.31812024675, 0.21479943768, 0.29338030852, 0.17370000705]
    ],
    [
      [0.50985587372, 0.19969046595, 0.28296233735, 0.0074913229873],
      [0.00021522671818, 0.012715735823, 0.86220776178, 0.12486127568],
      [0.0095937289344, 0.96610723425, 0.020822399059, 0.0034766377524],
      [0.029119536916, 0.15842923749, 0.54463221134, 0.26781901425],
      [0.12713742056, 0.37054655742, 0.27245130068, 0.22986472134]
    ],
    [
      [0.7055290585, 0.10772402713, 0.14097714046, 0.045769773916],
      [0.003373936853, 0.040039643526, 0.62066297032, 0.3359234493],
      [0.050216338858, 0.92875710422, 0.02102655692, 0],
      [0.015090661232, 0.035723408978, 0.11056178006, 0.83862414973],
      [0.071773175014, 0.084949260231, 0.062836824236, 0.78044074052]
    ],
    [
      [0.62461235477, 0.10281646939, 0.26391569542, 0.0086554804094],
      [0.0024750309754, 0.0079476715364, 0.87136763297, 0.11820966452],
      [0.034348236944, 0.90506862824, 0.050578711151, 0.010004423662],
      [0.050519492346, 0.098325150338, 0.54848748825, 0.30266786907],
      [0.21468034073, 0.21421449806, 0.29422301159, 0.27688214962]
    ],
    [
      [0.58576836644, 0.15772344348, 0.24889438545, 0.0076138046341],
      [0.0047021637947, 0.016364301076, 0.87064027358, 0.10829326155],
      [0.020269597188, 0.94275135336, 0.02489424896, 0.012084800492],
      [0.044300681348, 0.14981060819, 0.52784825174, 0.27804045873],
      [0.18192126088, 0.3146964567, 0.26504123876, 0.23834104366]
    ],
    [
      [0.50769066309, 0.18788754829, 0.29564288948, 0.0087788991396],
      [0.0038313781506, 0.017299673519, 0.87303028728, 0.10583866105],
      [0.016136728874, 0.9450821678, 0.031507232604, 0.007273870719],
      [0.03600159558, 0.15712165274, 0.53766988996, 0.26920686172],
      [0.14840667655, 0.33280362519, 0.27988965979, 0.23890003847]
    ],
    [
      [0.52583555263, 0.13820374126, 0.3284094848, 0.0075512213003],
      [0.0042934078584, 0.01187948764, 0.90113563548, 0.082691469022],
      [0.02213882204, 0.92326760389, 0.047949019041, 0.0066445550271],
      [0.03818953933, 0.11803231465, 0.608778685, 0.23499946102],
      [0.16860150549, 0.26755509868, 0.34004233397, 0.22380106187]
    ],
    [
      [0.75658430665, 0.10834860288, 0.12929583597, 0.0057712544936],
      [0.0089584967097, 0.033310836973, 0.80392963424, 0.15380103208],
      [0.035485210887, 0.93582145835, 0.02258388824, 0.0061094425187],
      [0.087599806484, 0.1591769633, 0.42421289631, 0.3290103339],
      [0.30393995193, 0.28135245339, 0.17919294581, 0.23551464887]
    ],
    [
      [0.46138399368, 0.11700557653, 0.41375106972, 0.0078593600793],
      [0.0068147563884, 0.0066167365238, 0.91495807581, 0.071610431279],
      [0.01944176803, 0.90989687876, 0.063332573356, 0.0073287798578],
      [0.026605993177, 0.084776805671, 0.67155662854, 0.21706057261],
      [0.13456317197, 0.21947965045, 0.4152894645, 0.23066771307]
    ],
    [
      [0.55793469739, 0.28552735983, 0.15258742707, 0.0039505157039],
      [0.0075258171099, 0.052149131481, 0.85047558974, 0.089849461665],
      [0.023101593581, 0.97677437561, 0, 0.00012403080973],
      [0.056212463793, 0.35069888256, 0.41249669448, 0.18059195916],
      [0.17272852445, 0.55337924366, 0.15701352433, 0.11687870756]
    ],
    [
      [0.55394688007, 0.11412414736, 0.31862505417, 0.013303918398],
      [0.0062527617048, 0.0048513597445, 0.84612485264, 0.14277102591],
      [0.024006492725, 0.91307362213, 0.050130653173, 0.012789231972],
      [0.03162490616, 0.081642413128, 0.51122186139, 0.37551081932],
      [0.14705066318, 0.19427532715, 0.29166284496, 0.36701116471]
    ],
    [
      [0.4016096722, 0.24228118669, 0.34641845536, 0.0096906857478],
      [0.0025703229468, 0.019025861039, 0.87831173071, 0.10009208531],
      [0.00551294849, 0.95678295843, 0.030694568777, 0.0070095243042],
      [0.024361777889, 0.17444252256, 0.54401906202, 0.25717663753],
      [0.10244306544, 0.37718755932, 0.2879422427, 0.23242713254]
    ],
    [
      [0.43414176557, 0.16978908253, 0.38828191977, 0.007787232133],
      [0.0026027087725, 0.012404760309, 0.91052378148, 0.07446874944],
      [0.014340511052, 0.93675309668, 0.046430057167, 0.0024763351059],
      [0.027556314115, 0.12697610744, 0.63196425273, 0.21350332572],
      [0.12603332882, 0.29866496057, 0.36486746657, 0.21043424404]
    ],
    [
      [0.54355004284, 0.2129531724, 0.23712857618, 0.006368208586],
      [0.0050570990893, 0.024375415661, 0.87491715361, 0.095650331644],
      [0.017812387943, 0.95811890619, 0.020505260448, 0.0035634454206],
      [0.045296228882, 0.21108036207, 0.51211505355, 0.2315083555],
      [0.16923348494, 0.40465829227, 0.24060822056, 0.18550000223]
    ],
    [
      [0.41013520092, 0.11896445681, 0.45660720262, 0.014293139649],
      [0.0080185182901, 0.0078661232895, 0.86409549004, 0.12001986839],
      [0.017500248648, 0.90073875482, 0.068623611614, 0.013137384916],
      [0.019511756141, 0.068944814307, 0.58959319401, 0.32195023555],
      [0.099053862142, 0.18035534621, 0.3715754368, 0.34901535485]
    ],
    [
      [0.53760296564, 0.083756256111, 0.36353390293, 0.015106875317],
      [0.0089900594495, 0.0012061371279, 0.85091520698, 0.13888859645],
      [0.031640963643, 0.87202010682, 0.076921336994, 0.019417592538],
      [0.028682409255, 0.055234184036, 0.53302648852, 0.38305691819],
      [0.14056541309, 0.13795862967, 0.32350194485, 0.39797401239]
    ],
    [
      [0.34951566048, 0.24459581966, 0.39102384643, 0.014864673435],
      [0.0014163938066, 0.013822878542, 0.85525438192, 0.12950634573],
      [0.0042126356651, 0.95760585742, 0.021996933339, 0.016184573579],
      [0.01336594333, 0.12967824342, 0.49659437098, 0.36036144227],
      [0.061427319364, 0.32006014437, 0.27334705276, 0.3451654835]
    ],
    [
      [0.93513174535, 0.014502080405, 0.048605596714, 0.0017605775351],
      [0, 0.0070235982857, 0.83685547074, 0.15612093097],
      [0.13493887423, 0.80342293806, 0.045780277776, 0.015857909932],
      [0.22855208323, 0.055082359538, 0.43228862995, 0.28407692728],
      [0.64212082419, 0.073112554741, 0.1353206852, 0.14944593587]
    ],
    [
      [0.56607911494, 0.088702942385, 0.33510012784, 0.01011781484],
      [0.0052610529665, 0, 0.88312558608, 0.11161336095],
      [0.03963065795, 0.87591139766, 0.071432938908, 0.013025005481],
      [0.038288804084, 0.071609953352, 0.58999853156, 0.30010271101],
      [0.17931237188, 0.17168325838, 0.34736336622, 0.30164100353]
    ],
    [
      [0.49046034687, 0.11233977538, 0.38651238572, 0.010687492034],
      [0.005427669567, 0.0053234829474, 0.88720133908, 0.10204750841],
      [0.024479615216, 0.89721722908, 0.067112976191, 0.011190179518],
      [0.030002011725, 0.081153008133, 0.60690653176, 0.28193844838],
      [0.14350401236, 0.19913744544, 0.36673555952, 0.29062298269]
    ],
    [
      [0.66049045245, 0.057812196226, 0.27319039032, 0.0085069610033],
      [0.0043635995425, 0, 0.88002845386, 0.11560794659],
      [0.056889580222, 0.83087584502, 0.096418530613, 0.015816044141],
      [0.052832395684, 0.056318289515, 0.58379221552, 0.30705709928],
      [0.24061308018, 0.13048565711, 0.33136635047, 0.29753491224]
    ],
    [
      [0.57514527708, 0.097665687293, 0.31801073571, 0.0091782999222],
      [0.0056457493833, 0.0027298009019, 0.88426694067, 0.10735750905],
      [0.03201809923, 0.8947560733, 0.062350433006, 0.010875394465],
      [0.040746899199, 0.082922977071, 0.58957769515, 0.28675242858],
      [0.18642215773, 0.19412990197, 0.33834130055, 0.28110663975]
    ],
    [
      [0.67390389584, 0.099450745292, 0.21989315605, 0.0067522028137],
      [0.0017086593447, 0.013723023977, 0.87326702831, 0.11130128837],
      [0.038255429576, 0.90986768718, 0.043776511225, 0.0081003720242],
      [0.064311832, 0.11286356717, 0.54284319109, 0.27998140973],
      [0.25666909207, 0.23056688012, 0.27285350996, 0.23991051785]
    ],
    [
      [0.515983352, 0.12859764088, 0.34329411259, 0.012124894526],
      [0.0044037322275, 0.0088730244072, 0.861998938, 0.12472430537],
      [0.021754976331, 0.9162442547, 0.051080399476, 0.010920369498],
      [0.031070736005, 0.093260344683, 0.54729176056, 0.32837715875],
      [0.14283203778, 0.22014825088, 0.31461630689, 0.32240340445]
    ],
    [
      [0.73531306769, 0.1183072265, 0.14392299242, 0.0024567133845],
      [0.0045319468766, 0.028898813951, 0.9080673369, 0.058501902276],
      [0.024790888012, 0.9521319936, 0.020899382407, 0.0021777359854],
      [0.082408927735, 0.19611863464, 0.55948571127, 0.16198672636],
      [0.30071860363, 0.35863385789, 0.22823990343, 0.11240763505]
    ],
    [
      [0.43888604042, 0.21911695714, 0.33147752422, 0.010519478224],
      [0.0029318606762, 0.017888207876, 0.86699320256, 0.11218672888],
      [0.0089727898296, 0.95089757123, 0.032175295295, 0.0079543436477],
      [0.027310039568, 0.16097331993, 0.52931198516, 0.28240465534],
      [0.11488563066, 0.34783836503, 0.28129484718, 0.25598115714]
    ],
    [
      [0.68344726781, 0.10834187817, 0.20166564247, 0.0065452115452],
      [0.0071850175422, 0.014324041548, 0.86438095423, 0.11410998668],
      [0.027386478247, 0.92467731313, 0.03689747491, 0.011038733715],
      [0.066431435664, 0.12781193194, 0.5207116855, 0.2850449469],
      [0.25828057139, 0.25340288702, 0.25248746154, 0.23582908005]
    ],
    [
      [0.47902598878, 0.20353980492, 0.30866664049, 0.0087675658219],
      [0.0030849625086, 0.01735972549, 0.87718241344, 0.10237289856],
      [0.014097510267, 0.94896753811, 0.031537197455, 0.0053977541703],
      [0.033007151545, 0.16504819872, 0.54308656762, 0.25885808211],
      [0.13622141499, 0.34971197831, 0.28360518311, 0.23046142359]
    ],
    [
      [0.34422903923, 0.40292862152, 0.24233647589, 0.01050586336],
      [0, 0.042348089279, 0.82345559283, 0.13419631789],
      [0, 0.98622211748, 0.0073198146887, 0.0064580678315],
      [0.022277125882, 0.30762550708, 0.40288173801, 0.26721562904],
      [0.07708954895, 0.54849710424, 0.17576389302, 0.19864945379]
    ],
    [
      [0.36272852228, 0.3810908192, 0.24702338294, 0.0091572755778],
      [0.002980356782, 0.038811021454, 0.83314642526, 0.1250621965],
      [0, 0.98263172376, 0.0072181321086, 0.010150144128],
      [0.023163674126, 0.29348278658, 0.41761470377, 0.26573883552],
      [0.081351007874, 0.5352522477, 0.18373035717, 0.19966638725]
    ],
    [
      [0.89334802907, 0.035713243668, 0.069178103849, 0.0017606234175],
      [0.011951164514, 0.011149159045, 0.8897533778, 0.08714629864],
      [0.029568476997, 0.92055707721, 0.013881013867, 0.035993431926],
      [0.12161716498, 0.10853193413, 0.52947302511, 0.24037787577],
      [0.46609549582, 0.1862668061, 0.19724318253, 0.15039451555]
    ],
    [
      [0.47335523222, 0.18097195754, 0.3345134311, 0.01115937914],
      [0.0032949372707, 0.01418933999, 0.86412384477, 0.11839187797],
      [0.014869162755, 0.94032229629, 0.037298583966, 0.0075099569856],
      [0.028738638221, 0.13271757904, 0.53687360589, 0.30167017685],
      [0.12580825685, 0.29752878417, 0.29431816265, 0.28234479633]
    ],
    [
      [0.50089137738, 0.1040787916, 0.38246024188, 0.01256958914],
      [0.0050323521613, 0.0075913617375, 0.87025157587, 0.11712471023],
      [0.025913529881, 0.89004113221, 0.07013423244, 0.013911105467],
      [0.028648735133, 0.071914408069, 0.57870326354, 0.32073359326],
      [0.13878395438, 0.17791464168, 0.35106485105, 0.33223655289]
    ],
    [
      [0.5736210146, 0.15577537236, 0.26332158445, 0.0072820285916],
      [0.004829439212, 0.016194249713, 0.87987560343, 0.099100707642],
      [0.021659640358, 0.93807806772, 0.033846674477, 0.0064156174423],
      [0.046092790464, 0.14919956985, 0.54937022137, 0.25533741831],
      [0.18709763426, 0.31013350582, 0.28042751355, 0.22234134637]
    ],
    [
      [0.48647308896, 0.25633076286, 0.25242310546, 0.0047730427258],
      [0.004444736981, 0.034420568127, 0.90563748893, 0.055497205963],
      [0.013257802157, 0.96587419221, 0.02086800563, 0],
      [0.040566531133, 0.25154273711, 0.53749678075, 0.170393951],
      [0.14784550296, 0.47057775939, 0.24771686625, 0.13385987141]
    ],
    [
      [0.41646087517, 0.21824556894, 0.35598478768, 0.0093087682108],
      [0.0026390400276, 0.016922596356, 0.88597439086, 0.094463972755],
      [0.007756565829, 0.95042337605, 0.035353608529, 0.0064664495873],
      [0.025729809396, 0.1594580973, 0.56598445999, 0.24882763331],
      [0.11059100972, 0.35217177667, 0.30699385312, 0.2302433605]
    ],
    [
      [0.43029532504, 0.26422613059, 0.29854395776, 0.0069345866088],
      [0.0030990306986, 0.023841521212, 0.88928392024, 0.083775527852],
      [0.0084408495777, 0.96391204668, 0.024234504888, 0.0034125988516],
      [0.029095173519, 0.21725239213, 0.54106445421, 0.21258798015],
      [0.11491739329, 0.44141734298, 0.2654189616, 0.17824630213]
    ],
    [
      [0.58432198853, 0.1736022793, 0.23808456349, 0.0039911686734],
      [0, 0.013799760791, 0.89449932814, 0.091700911069],
      [0.008426747589, 0.97180481269, 0.017289181957, 0.0024792577674],
      [0.034021359798, 0.16895372173, 0.61388706057, 0.1831378579],
      [0.15402544149, 0.41100742601, 0.28933967828, 0.14562745423]
    ],
    [
      [0.59361297548, 0.097299740506, 0.2947739003, 0.014313383715],
      [0.0059881305416, 0.0061055692752, 0.83874291855, 0.14916338164],
      [0.033795740803, 0.89035961556, 0.058669953168, 0.017174690468],
      [0.038123011486, 0.074126178821, 0.48843872132, 0.39931208837],
      [0.17046152732, 0.16977058392, 0.27559497896, 0.3841729098]
    ],
    [
      [0.50326181364, 0.10171462113, 0.38332826831, 0.011695296923],
      [0.0063473547914, 0.0029167224342, 0.87859118799, 0.11214473478],
      [0.026101025763, 0.89027449703, 0.070593938815, 0.01303053839],
      [0.029244315144, 0.071665097342, 0.59307417739, 0.30601641013],
      [0.14245883054, 0.17848762075, 0.36079119804, 0.31826235067]
    ],
    [
      [0.46874255935, 0.25453242495, 0.26455254622, 0.012172469487],
      [0.0060843343676, 0.018166448508, 0.81714726676, 0.15860195037],
      [0.0095842057696, 0.96510935737, 0.019740655349, 0.0055657815099],
      [0.027430411346, 0.18695917994, 0.43494179122, 0.35066861749],
      [0.10910431383, 0.38635700774, 0.21200392288, 0.29253475556]
    ],
    [
      [0.50781006229, 0.14288993059, 0.33933469234, 0.0099653147782],
      [0.0040669884895, 0.011112499442, 0.87837086685, 0.10644964522],
      [0.020504420268, 0.92332508235, 0.047719646222, 0.0084508511578],
      [0.033360946361, 0.11096129072, 0.57289164083, 0.28278612209],
      [0.1492450889, 0.25470061391, 0.32359901239, 0.2724552848]
    ],
    [
      [0.54954112843, 0.17206044694, 0.27131621009, 0.0070822145358],
      [0.005121318403, 0.017218118531, 0.88380391665, 0.093856646421],
      [0.01865141402, 0.94401548204, 0.032255520214, 0.0050775837237],
      [0.043275956672, 0.16107109205, 0.55307417427, 0.24257877701],
      [0.17477862012, 0.33372078494, 0.28118019623, 0.21032039871]
    ],
    [
      [0.48566541732, 0.12548932939, 0.37992014437, 0.0089251089216],
      [0.0050714750934, 0.0085946546791, 0.89963000108, 0.086703869148],
      [0.02191496755, 0.909997836, 0.059634116203, 0.0084530802421],
      [0.031137798629, 0.095074700291, 0.62637090163, 0.24741659945],
      [0.14668907804, 0.22994162986, 0.37237247098, 0.25099682111]
    ],
    [
      [0.40756431245, 0.17776465681, 0.40174241008, 0.01292862065],
      [0, 0.013114560612, 0.87171131288, 0.11517412651],
      [0.011973402301, 0.93336368754, 0.045777250673, 0.0088856594866],
      [0.022066518374, 0.11398186019, 0.56061510098, 0.30333652046],
      [0.1018404309, 0.27004104261, 0.32659346692, 0.30152505957]
    ],
    [
      [0.50685493368, 0.10091024174, 0.37745256577, 0.014782258808],
      [0.0057103251135, 0.0030471638294, 0.85923898854, 0.13200352251],
      [0.027130117405, 0.88487787271, 0.071172966488, 0.016819043394],
      [0.028013452902, 0.066819975225, 0.54546335274, 0.35970321914],
      [0.13470304435, 0.16438748692, 0.3297513485, 0.37115812022]
    ],
    [
      [0.45309743768, 0.12905809551, 0.40912950139, 0.0087149654284],
      [0.0044624235406, 0.010421618923, 0.90728924417, 0.077826713363],
      [0.019695845599, 0.9101143797, 0.062192869979, 0.007996904717],
      [0.027590283656, 0.093544129917, 0.64704920345, 0.23181638298],
      [0.13347051221, 0.2320052016, 0.3936771419, 0.24084714429]
    ],
    [
      [0.49626454369, 0.14872762397, 0.34612125736, 0.0088865749714],
      [0.0037615758872, 0.012179336519, 0.8906712146, 0.093387872993],
      [0.019523938867, 0.92594229626, 0.047227909807, 0.007305855067],
      [0.033360795422, 0.11755175713, 0.59345267045, 0.255634777],
      [0.14893800304, 0.2693713521, 0.33538156094, 0.24630908392]
    ],
    [
      [0.50743862188, 0.27295974734, 0.21334349738, 0.0062581333928],
      [0.0052089625572, 0.034246852043, 0.85793207043, 0.10261211497],
      [0.01610238257, 0.96863801524, 0.011801307613, 0.0034582945798],
      [0.042630060668, 0.27082394957, 0.45992403018, 0.22662195958],
      [0.14775520312, 0.48198885514, 0.2012632924, 0.16899264934]
    ],
    [
      [0.5277286625, 0.1472881017, 0.31884472164, 0.0061385141578],
      [0.0038536061353, 0.013153002276, 0.91167214814, 0.071321243445],
      [0.021570818148, 0.93076735592, 0.047661825928, 0],
      [0.040295077014, 0.13279499778, 0.62487756085, 0.20203236435],
      [0.17459442023, 0.29520926734, 0.34171618892, 0.18848012351]
    ],
    [
      [0.40200536313, 0.25575785692, 0.33271393856, 0.0095228413806],
      [0.0027023261194, 0.020963422301, 0.87431516234, 0.10201908924],
      [0.0047219506062, 0.95916569185, 0.029462731279, 0.0066496262676],
      [0.025055038962, 0.18785996042, 0.53110350225, 0.25598149837],
      [0.1027197387, 0.39592817993, 0.27512539461, 0.22622668675]
    ],
    [
      [0.46517388469, 0.23119788826, 0.29762950439, 0.005998722653],
      [0.0035692419081, 0.021694328927, 0.90505682778, 0.06967960138],
      [0.013612737623, 0.95567886721, 0.030708395164, 0],
      [0.034498552331, 0.2029838553, 0.56935281069, 0.19316478168],
      [0.13685041329, 0.41419166663, 0.28430687707, 0.16465104301]
    ],
    [
      [0.47624034265, 0.29251057161, 0.22567594869, 0.0055731370561],
      [0.0045634011069, 0.034773300827, 0.87312891435, 0.087534383713],
      [0.013626455393, 0.9701601899, 0.015585460188, 0.00062789451461],
      [0.038460196913, 0.28378949681, 0.47884073228, 0.19890957399],
      [0.13422990594, 0.50855248775, 0.20904722163, 0.14817038468]
    ],
    [
      [0.478057297, 0.16738005851, 0.34583278613, 0.008729858363],
      [0.0031836379963, 0.013549085025, 0.89144396709, 0.091823309891],
      [0.016685106608, 0.93485192126, 0.042442443638, 0.0060205284929],
      [0.031958959672, 0.13127128696, 0.58786888882, 0.24890086455],
      [0.14040438773, 0.2961108899, 0.32726865434, 0.23621606803]
    ],
    [
      [0.53615781763, 0.15374181234, 0.30299191162, 0.0071084584073],
      [0.0040752888242, 0.014241670654, 0.89592739064, 0.085755649877],
      [0.020726302504, 0.93354469095, 0.041714357994, 0.0040146485527],
      [0.04083811757, 0.13777364122, 0.58927089894, 0.23211734227],
      [0.17292976137, 0.29945165185, 0.31564334088, 0.2119752459]
    ],
    [
      [0.49580693983, 0.22351805921, 0.27255804767, 0.0081169532931],
      [0.0039636543114, 0.0219766106, 0.86849794153, 0.10556179356],
      [0.013967518808, 0.9564530805, 0.023017945401, 0.0065614552935],
      [0.035843861326, 0.19246186916, 0.51272722226, 0.25896704725],
      [0.14077967528, 0.38861239199, 0.25288628268, 0.21772165006]
    ],
    [
      [0.47090361577, 0.15715869948, 0.3584940914, 0.013443593358],
      [0.0034742894411, 0.012425252209, 0.85362506314, 0.1304753952],
      [0.015774185331, 0.9313978377, 0.043000044821, 0.0098279321466],
      [0.025471957858, 0.1045506006, 0.52882386874, 0.3411535728],
      [0.11724630918, 0.24763742533, 0.30164726659, 0.33346899891]
    ],
    [
      [0.60186335165, 0.037578791229, 0.34099692559, 0.019560931534],
      [0.0056501064451, 0, 0.82675098835, 0.1675989052],
      [0.063454404019, 0.77486660264, 0.11946793618, 0.042211057163],
      [0.023526900256, 0.021189970348, 0.4596434197, 0.4956397097],
      [0.1243486841, 0.05457413616, 0.28696892778, 0.53410825196]
    ],
    [
      [0.41648474029, 0.17834856029, 0.38920457749, 0.015962121933],
      [0, 0.013922138617, 0.85099673354, 0.13508112784],
      [0.011976162628, 0.93279389895, 0.044280060369, 0.010949878054],
      [0.021423559703, 0.10852468672, 0.5149243076, 0.35512744598],
      [0.09793765496, 0.25465949599, 0.29746869753, 0.34993415152]
    ],
    [
      [0.44384261541, 0.18800894465, 0.35869994788, 0.0094484920664],
      [0.0028452651565, 0.01462614984, 0.88714788311, 0.095380701893],
      [0.012171566685, 0.94116430433, 0.040276900332, 0.0063872286566],
      [0.028166012, 0.13970993869, 0.57724833949, 0.25487570982],
      [0.12340934116, 0.31431777568, 0.32083561071, 0.24143727245]
    ],
    [
      [0.58944945921, 0.095575250928, 0.304346484, 0.01062880586],
      [0.0037773556482, 0.0077910628758, 0.86576444385, 0.12266713763],
      [0.033927606867, 0.89162038507, 0.061498389287, 0.012953618779],
      [0.041232432165, 0.079730233924, 0.55338955276, 0.32564778115],
      [0.18611414726, 0.18413377709, 0.31428377532, 0.31546830033]
    ],
    [
      [0.70118510258, 0.10766422635, 0.18284268323, 0.0083079878344],
      [0.0020349139818, 0.02242335266, 0.82703718493, 0.14850454843],
      [0.038082263546, 0.91813409692, 0.034379134743, 0.0094045047948],
      [0.069157297992, 0.12445947765, 0.45768701956, 0.3486962048],
      [0.25958264155, 0.23972835344, 0.21787145284, 0.28281755216]
    ],
    [
      [0.53115308928, 0.17211413998, 0.29059108985, 0.0061416808942],
      [0.0042052860973, 0.016626047353, 0.90143598013, 0.07773268642],
      [0.018499127082, 0.94318455836, 0.037193154317, 0.0011231602395],
      [0.041892789127, 0.16014426293, 0.58836919099, 0.20959375695],
      [0.172044066, 0.33799923439, 0.30481828055, 0.18513841905]
    ]
  ],
  "expected_outcome": [
    [
      [1.5173783814, 1, 27.2654745066, 45.3863940741, 8.9450030835, 31.7201647467, 3.6535496356, 2.5492793686, 2.822116234, 56.8397242843, 8.2007571301, 51.7844476349, 79.4011684476, 15.1316861331, 5.0752239304, 13.3904327375, 7.755256321, 14.0563385269, 40.809325964, 24.4597519278, 7.3824336165, 9.6768533816, 0.69903132097, 8.4161857081, 24.9074810572, 35.8036053214, 19.8147135735, 18.9797941435, 41.1081376463, 15.9954839121, 4.4118784062, 22.8220741016, 16.4027344275, 42.1542870123, 14.1133906084, 5.078199312, 2.6800440872, 4.7335523222, 8.014262038, 18.9294934818, 46.7014165403, 19.990122008, 6.0241345506, 1.7529659656, 35.0231655535, 10.0652362728, 4.2186830341, 33.0076540488, 26.9275152933, 36.4249062989, 11.0042364363, 10.6439536073, 15.8584103187, 59.5517452429, 36.5355807756, 43.2737503253, 26.5323539669, 27.9104330817, 9.524806853, 87.0064280537, 71.8451475621, 23.7987331119, 6.5926506207, 3.6111801099, 11.6615727281, 128.7143584687, 27.1146751239, 269.2550793923, 57.8956867311],
      [0.37389677625, 4.4497738827e-13, 5.6005710196, 9.7392916145, 1.6336527028, 6.3075452915, 0.37444378761, 0.99845232973, 0.43089610851, 9.3562987149, 2.2081282087, 19.1645299261, 20.8687649306, 2.1669720576, 1.2870613418, 6.8526566359, 1.5977380631, 8.4798415343, 15.9601737574, 9.5828927578, 2.1413602226, 1.50761261, 0.48919163931, 0.13051872364, 3.9029294649, 8.2008036029, 1.7343658868, 3.2229676807, 6.0664954628, 3.9865268673, 0.70984335902, 11.3940817715, 2.600205076, 17.9115028326, 16.5200734824, 5.3352714688, 0.10713973101, 1.8097195754, 1.6652606657, 5.1405872879, 24.6077532343, 10.4757873092, 3.6991658282, 0.52080683791, 5.7406846899, 2.0342924226, 2.2907918245, 9.2878454885, 8.4309619002, 9.411699704, 4.7996457339, 2.1191150766, 4.5170333427, 17.8473148767, 19.6531018088, 12.0776243391, 16.8800185569, 13.8718732955, 5.8502114321, 30.4631706482, 20.6014028539, 10.7288668421, 2.2002217927, 0.22547274738, 4.9937596881, 54.5225939481, 4.3964615427, 41.3430629199, 18.7604412579],
      [2.0834527239, 1.3305156346e-15, 18.6114296632, 29.1898145562, 7.9138321498, 25.9688025237, 0.95240332801, 1.4148116867, 0.56390856185, 24.0163282836, 3.4845213963, 30.1555747268, 49.5898322055, 2.5859167194, 4.5512617669, 3.6620982497, 4.4607507584, 12.1246459377, 36.4985004581, 10.670785928, 8.2189296472, 6.5436102527, 0.78204769285, 0.43745037043, 14.7444056249, 28.2154041572, 8.1957117096, 10.4943542784, 13.4134825193, 10.6421174903, 0.86353795451, 17.2368312592, 4.8399754194, 27.1626643628, 9.9357955114, 3.4583273611, 0.20753431155, 3.345134311, 6.1193638701, 8.6896122867, 24.2326181238, 17.0872698087, 4.1796154086, 0.71425369047, 17.3916601175, 7.6665653662, 2.380972916, 22.0567550021, 13.2944942943, 28.494010828, 10.8470450722, 7.9265038812, 14.3195325486, 41.5345508838, 15.3607318113, 26.1452671746, 21.9591199451, 17.8577702636, 4.5135189738, 62.9415670761, 40.6009161574, 13.082786288, 5.0189172796, 2.0459815535, 10.8977281696, 104.0229848839, 13.9999382639, 70.2115903594, 31.6744287935],
      [0.025272118491, 0, 0.52252481058, 0.68449975526, 0.50751206391, 1.0034874381, 0.01960324882, 0.037456614937, 0.18307909566, 0.78764871726, 0.10659326488, 0.89544771224, 1.1402344163, 0.11542508987, 0.086452960872, 0.094812376895, 0.18625485757, 0.33917400117, 0.73199982051, 0.28656938637, 0.25727651368, 0.2719237557, 0.029729346871, 0.015845197816, 0.44518385297, 0.78018691847, 0.2552088301, 0.30288389743, 0.41188437164, 0.3758717303, 0.014740280307, 0.54701286765, 0.15708507708, 0.77154579233, 0.43074039777, 0.12820185809, 0.0052818702524, 0.1115937914, 0.20111342624, 0.24030694352, 0.45821210167, 0.44682087412, 0.097084212524, 0.01197350602, 0.84448963916, 0.23390593847, 0.10955222538, 0.64774546059, 0.34702851226, 0.66938316912, 0.34907275754, 0.31042743496, 0.30502378999, 1.0663889966, 0.45058560428, 0.50335816094, 0.62850753112, 0.35992335918, 0.11146274112, 1.5888342221, 0.95253342658, 0.38961375807, 0.18821030701, 0.1173655892, 0.44693941412, 2.7400626993, 0.48892506954, 3.1902673284, 0.66944321747]
    ],
    [
      [0.0075865965502, 0.5844109199, 0.97534431218, 1.3591716843, 0.75903310904, 1.7635394527, 0, 0.0021522671818, 0.037113305383, 0.56430706238, 0.19749087938, 0.71263633601, 1.6873092884, 0.43000784207, 0.34073781942, 0.54185883192, 0.22509942137, 0.22875874226, 0.37739277201, 0.62202318799, 0.26461110357, 0.53940356697, 0.009914756646, 0, 0.97855585177, 1.9105396876, 0.77672071856, 0.79605066304, 0.62878663886, 0.48881427725, 0.099702831286, 0.70071470161, 0.82627701736, 1.2309000409, 0, 0.062587492422, 0.071706987084, 0.55354946147, 1.0115027844, 0.93691120712, 1.4134263599, 0.58058880607, 0.19213990331, 0, 1.8563204679, 0.79341934892, 0.15210835919, 1.1509577425, 1.2649656455, 1.2627972983, 0, 1.4903948546, 0.92372167289, 1.8845495195, 1.3491213023, 0.83623253136, 0.36211169999, 0.33193949745, 0.43352310515, 1.6332062921, 1.3652217561, 0.32501965353, 0.14592015653, 0.14125266113, 0, 2.5891912924, 0.8612370878, 2.2119514982, 0.64340877288],
      [0.026273001783, 0.4202820327, 0.81379851233, 2.2369850422, 0.12471226316, 0.5970110626, 0.74541411927, 0.12715735823, 0.44043607879, 1.8120691103, 0.6873006452, 3.2177392745, 4.6686386426, 1.5989201747, 0.33083682619, 3.7547374666, 0.1746489508, 1.6933016324, 1.7986902448, 2.9981761263, 0.25958206855, 0.072368227674, 0.096760149795, 0.13344836743, 0, 1.8738659975, 0, 0.38490192717, 5.0500728237, 0.9849057092, 0.63577390692, 4.2752816824, 1.647264778, 6.9265304706, 2.6679296246, 0.81503145053, 0.066894954269, 2.3838091183, 1.5258637092, 3.1416844442, 10.9457406643, 3.7229711984, 1.4781743152, 0.096598325539, 1.8927264753, 0.36459030428, 0.4541612127, 3.1448373421, 4.2528752771, 2.1400690151, 3.685191532, 0.79530975949, 2.157275117, 6.1018475958, 8.8699346793, 2.8542014938, 2.8090985883, 2.0175725902, 3.3034635786, 6.9506806176, 4.7709596691, 1.8020820692, 0.52186059279, 0, 4.1905637236, 13.3097963542, 1.7763623357, 24.3741843413, 2.543785245],
      [5.7059607125, 1.9953072284, 138.8459619586, 233.9555806369, 40.3303734867, 187.1160964411, 63.9919869329, 8.6220776178, 6.8272926736, 198.6718203165, 36.5668914904, 162.3836334348, 354.1463047432, 38.5886224436, 45.7479037905, 61.2342424616, 30.460494695, 78.169744033, 132.0259483145, 107.6148098936, 28.5151511712, 51.0549124186, 5.9867806735, 15.9002539441, 164.2613590108, 312.2948713547, 156.6450647879, 124.6816386342, 321.3622664188, 95.6818821179, 19.9774814117, 207.2113754126, 99.4038097369, 349.9957829641, 51.8777023484, 17.4960749304, 5.3385202668, 145.1728059211, 174.9205667497, 170.6958670661, 287.9927214794, 194.9143659894, 55.1356030547, 6.261495297, 260.0103047498, 109.8238984989, 20.4286816689, 248.5789553189, 218.2995674114, 224.0078702688, 244.9508789191, 224.2613760102, 187.8088735439, 446.2262785151, 222.2044062411, 197.8328561473, 117.1582317533, 84.170284984, 82.9472468635, 457.3107551164, 300.1356758659, 71.2168312053, 35.8522526521, 20.6687747088, 256.150016796, 807.3045736303, 197.3942931974, 898.9894200199, 137.9197049598],
      [0.26017968917, 0.99999981898, 16.3648952169, 22.4482626366, 7.7858811411, 28.5233530436, 5.2625989478, 1.2486127568, 3.6951579423, 26.9518035108, 4.548316985, 19.6859909547, 32.4977473258, 7.3824495397, 3.5805215639, 6.4691612399, 5.1397569328, 8.9081955923, 10.7979686688, 11.7649907922, 3.9606556567, 8.3333157867, 0.9065444201, 2.9662976885, 20.7600851374, 35.9207229602, 20.5782144936, 15.1374087756, 40.9588741187, 13.8443978956, 1.2870418501, 26.8126282034, 13.1226484677, 40.8467865244, 8.4543680271, 2.6263061266, 0.52287779184, 19.8898354991, 23.5420667566, 19.2255372826, 17.6481114963, 20.7820740061, 5.1940827268, 0.64190637748, 46.240648307, 14.0180918479, 3.9650487592, 30.1252495964, 23.1825916659, 21.5892634178, 32.363929549, 34.4529193757, 16.1101296661, 46.7873243696, 26.5765377773, 15.4767098275, 13.6705579584, 6.4802029283, 8.3157664528, 47.1053579739, 28.7281427088, 8.656067072, 5.4799665986, 4.18997263, 40.6594194803, 86.796438723, 27.9681073791, 161.4244441405, 11.8931010223]
    ],
    [
      [0.28177214791, 0.4155890801, 2.7081344809, 5.9151473097, 1.154962385, 3.0244548652, 2.0205311479, 0.067156102541, 0.85367776058, 6.2170308868, 1.0134798594, 3.7598578277, 5.2469008236, 1.1355267484, 0.56381127288, 2.5411752939, 0.69618828904, 1.1687450799, 2.2801412572, 3.8831005715, 0.54250770809, 1.4871252912, 0.080040077637, 2.4288997361, 2.4967314509, 3.5740238215, 3.0151477518, 2.2412669461, 7.1537653307, 0.69615924259, 0.42144509621, 2.3418981455, 3.6424016069, 5.5826140659, 0, 0, 0.29568476997, 1.9181219954, 3.9647700719, 5.4365697299, 9.0550788729, 1.7142010482, 0.82720325861, 0.058987233123, 6.5225779749, 1.5138594942, 0.21085252693, 4.2239105751, 2.6858036188, 2.5640512034, 2.8855899545, 2.6316213883, 3.4270771342, 7.5752882804, 5.9739839333, 7.0320867162, 1.4638046879, 2.1099743316, 2.1121005859, 8.5761447965, 8.6635944466, 2.2627380469, 0.44167718926, 0.95181606028, 3.2096115844, 11.9403069182, 6.9551594077, 38.6154152354, 3.7738219248],
      [7.2566966357, 0.5797179673, 90.7308904788, 202.9778382913, 36.7981829198, 97.3380420963, 48.1238166447, 6.7627506398, 15.7888707718, 163.8174217121, 47.137567668, 220.2041450981, 218.8144221224, 29.9462866673, 26.3870094839, 107.4451813171, 26.4791350418, 202.837987187, 148.9437423715, 208.8699215491, 27.9229013995, 40.9849450207, 18.1945112909, 14.4616128852, 55.1824180527, 130.993715445, 44.0364197863, 62.632925131, 170.1452575017, 29.3198161502, 16.1862438911, 248.1842660904, 122.982082646, 375.7911450904, 248.5279736049, 102.1936992714, 9.2055707721, 121.3015762219, 136.1762932285, 235.4575949983, 659.6920732817, 210.043566108, 94.4633805749, 6.8026336888, 171.8394058035, 51.6359208279, 21.2324058622, 190.2049669646, 135.9382294141, 106.4697468125, 224.940648697, 85.8331536531, 158.3599020686, 359.2656109485, 359.3647036533, 303.4301580312, 297.3413644728, 148.130224418, 150.3748294352, 480.513887528, 390.2216808171, 154.9453990406, 26.0791394556, 11.6229990396, 249.9887649182, 923.2821825436, 182.7821789388, 930.9879742736, 192.4096499056],
      [0.1709924219, 0.0046927715722, 6.4645883899, 13.235111259, 3.629724982, 8.6255411937, 2.5446994841, 0.14575679341, 0.35745146764, 9.1547467183, 1.244712448, 7.3411851967, 11.3639175126, 0.72268442369, 1.8366446273, 0, 1.453788942, 6.5072485806, 7.3823790895, 4.4701467777, 2.12733196, 3.6153028387, 0.41794173343, 0.82404499996, 4.5002751512, 9.7984945239, 5.1101821225, 4.3645303104, 8.186207599, 1.6345727832, 0.35528950093, 8.3977520721, 4.907364163, 12.4887301923, 1.8445933015, 0.7506857393, 0.13881013867, 4.8115173316, 10.7305375633, 8.4955152938, 14.2528478454, 7.813147485, 2.3749814791, 0.1210242737, 11.3233009613, 4.0944484513, 0.43429441768, 9.8302471217, 4.6447949108, 6.9771915958, 11.0323174122, 6.9037777493, 10.8215593764, 18.3244290051, 4.3782851244, 15.5377552526, 9.1334466964, 4.7598012504, 2.4157463292, 21.8154160301, 17.4366016413, 3.7289071549, 1.204001255, 1.7920190427, 11.867056179, 39.511639226, 12.6071698038, 34.860442629, 7.5874034808],
