{
  "Z_true": {},
  "V_true": [
    [21, 820, 173, 286],
    [890, 120, 1602, 40],
    [753, 133, 12684, 291],
    [327, 11618, 1239, 820],
    [44, 219, 837, 140],
    [165, 396, 796, 459]
  ],
  "p_true": [
    [0.0162, 0.6308, 0.1331, 0.22],
    [0.3356, 0.0452, 0.6041, 0.0151],
    [0.0543, 0.0096, 0.9151, 0.021],
    [0.0234, 0.8296, 0.0885, 0.0586],
    [0.0355, 0.1766, 0.675, 0.1129],
    [0.0909, 0.2181, 0.4383, 0.2528]
  ],
  "Z_est": [
    [
      [1.9351, 0.0568, 0.9072, 0.9233, 0.1225, 0.7155, 2.4094, 3.1574, 0.9953, 1.3108, 1.3528, 0.5488, 3.4928, 3.3991, 4.4466, 1.4095, 2.588, 1.3224, 1.0954, 3.4637, 0.2618, 0, 0.6516, 0, 0.0104, 4.5193, 3.1335, 2.6603, 0.7547, 2.9657, 4.7096, 0.8129, 0.2094, 0.3143, 0.1049, 6.8717, 2.4169, 2.2597, 2.0291, 6.0616, 2.3146, 0.3449, 0.707, 4.0574, 0.6464, 7.9239, 0.6786],
      [14.4909, 1.5931, 12.346, 13.3541, 0.7755, 16.6285, 21.741, 61.7158, 16.5114, 17.4355, 21.7653, 3.6233, 36.7437, 43.0025, 47.9541, 13.0977, 22.3338, 12.7538, 12.638, 37.7433, 0.6114, 0, 6.5711, 2.1059, 0.8882, 55.9515, 31.2064, 25.2907, 8.0884, 28.0579, 35.0771, 9.7472, 2.2543, 3.8981, 0.6399, 96.1429, 35.1559, 21.8111, 37.0589, 45.3825, 24.2495, 2.2197, 18.6101, 63.0246, 6.837, 68.4368, 8.3119],
      [0.3601, 0.2087, 0.9339, 1.5842, 0.0282, 1.1707, 1.1423, 3.7704, 1.2777, 1.363, 1.4716, 0.4698, 2.0709, 1.9709, 2.863, 0.7322, 1.8408, 1.1332, 1.2953, 3.1903, 0.1268, 0, 0.3776, 0.4331, 0.0508, 2.9952, 2.7533, 0.8573, 0.6118, 2.0692, 2.8347, 0.6164, 0.29, 0.4513, 0.1873, 4.9579, 1.1183, 1.8995, 2.2546, 3.1148, 1.3583, 0.2592, 0.6905, 2.5351, 0.2178, 4.4297, 0.4998],
      [1.2139, 0.1413, 0.8128, 1.1384, 0.0738, 1.4853, 1.7073, 4.3563, 1.2157, 0.8906, 1.4102, 0.3582, 2.6926, 2.6275, 2.7363, 0.7606, 1.2374, 0.7906, 0.9713, 3.6027, 0, 0, 0.3997, 0.461, 0.0505, 3.534, 2.9068, 2.1918, 0.5451, 2.9072, 3.3786, 0.8235, 0.2464, 0.3363, 0.0678, 6.0275, 2.309, 1.0297, 1.6574, 3.441, 1.0776, 0.1761, 0.9924, 3.383, 0.2988, 5.2097, 0.5097]
    ],
    [
      [15.5457, 1.4996, 11.7938, 23.7697, 2.8779, 7.0846, 18.1786, 33.3049, 11.8374, 7.6837, 12.3486, 10.9694, 53.1196, 43.7952, 85.0508, 31.7575, 30.6154, 18.7733, 11.456, 95.6768, 2.5831, 0, 4.2651, 0, 0.8879, 58.3126, 34.7631, 45.2353, 11.2382, 31.5525, 32.8699, 11.7675, 2.9999, 11.5216, 1.4765, 96.2324, 40.563, 67.0514, 70.8887, 102.8848, 46.7971, 3.7701, 8.7962, 92.1739, 17.3893, 189.7482, 23.9618],
      [2.8335, 1.0272, 3.8396, 8.5935, 0.6345, 3.8484, 2.4899, 16.3919, 4.5137, 1.4968, 4.4252, 1.6278, 14.0989, 13.5427, 23.2712, 6.9406, 6.1641, 4.372, 3.0898, 22.9643, 0.1301, 0, 0.7626, 2.6923, 0.7104, 17.9624, 8.5596, 10.4564, 2.8238, 6.6362, 5.3212, 3.2868, 0.6597, 3.0693, 0.1363, 34.098, 14.0951, 14.5755, 27.7831, 18.5683, 11.3789, 0.5192, 4.9863, 37.0538, 4.9992, 41.4842, 7.1829],
      [3.5728, 1.4553, 5.3184, 23.4917, 0.4825, 6.0025, 3.317, 25.0783, 8.5854, 1.8051, 7.1702, 3.3597, 19.576, 14.5019, 33.4265, 9.1967, 10.1599, 7.802, 5.4109, 48.9835, 0.2869, 0, 0.9619, 5.2504, 0.379, 22.5058, 17.528, 17.1481, 4.8995, 10.7188, 9.7313, 6.894, 1.3255, 4.3292, 0.3817, 49.2607, 20.1492, 30.2625, 40.1261, 38.2497, 17.746, 0.6926, 5.1675, 52.4127, 7.5825, 67.1586, 13.7671],
      [0.048, 0.0179, 0.0482, 0.1451, 0.0052, 0.0645, 0.0144, 0.2249, 0.0634, 0.0144, 0.0561, 0.0432, 0.2054, 0.1602, 0.2514, 0.1051, 0.0606, 0.0527, 0.0434, 0.3755, 0, 0, 0.0103, 0.0573, 0.0227, 0.2192, 0.1493, 0.1601, 0.0385, 0.0925, 0.0776, 0.0518, 0.0148, 0.0799, 0.0055, 0.409, 0.1927, 0.1106, 0.2021, 0.2972, 0.078, 0.0181, 0.05, 0.3596, 0.029, 0.6091, 0.0882]
    ],
    [
      [4.2756, 0.277, 4.9849, 3.1181, 1.8378, 1.5506, 9.754, 4.7151, 3.198, 5.1005, 2.6417, 1.6697, 6.4042, 10.035, 10.8164, 2.6263, 12.553, 5.7976, 4.8533, 4.4219, 0.7958, 0, 1.4966, 0, 0.0499, 12.9638, 7.4167, 14.4262, 3.2877, 15.091, 11.6555, 3.4894, 0.8689, 0.5657, 0.306, 8.6698, 2.7408, 3.3464, 3.5951, 6.8721, 2.8423, 0.7553, 3.527, 16.4217, 4.1374, 30.8433, 2.3179],
      [2.9141, 0.799, 5.5955, 5.1107, 1.8109, 3.4073, 8.1373, 8.4182, 4.8723, 5.8534, 3.7177, 0.7665, 5.6032, 10.7604, 9.64, 1.9919, 9.3212, 4.468, 4.6457, 5.8592, 0.219, 0.4187, 1.1207, 1.0586, 0.2481, 13.1677, 6.213, 11.6851, 2.7453, 12.7622, 7.7728, 3.5489, 0.5785, 0.6478, 0.079, 10.95, 3.8866, 3.6085, 7.2416, 5.1711, 2.7724, 0.5167, 8.6074, 21.9312, 3.9287, 22.3999, 2.3897],
      [113.4637, 36.1861, 277.0481, 412.555, 87.0116, 170.7285, 319.1147, 403.038, 292.3214, 297.6202, 176.2645, 58.9373, 253.5874, 363.3555, 454.2548, 87.0323, 549.8657, 274.7798, 307.5113, 249.792, 16.9852, 13.1797, 47.2169, 46.4765, 5.9854, 541.5198, 406.7259, 637.81, 164.4565, 775.5705, 453.4333, 246.7029, 47.2397, 26.3412, 13.1626, 476.9055, 151.4618, 167.9456, 229.7905, 277.2156, 120.495, 17.7148, 279.0407, 1003.2125, 201.0007, 1169.9694, 147.2961],
      [6.3466, 1.7379, 10.3715, 11.2161, 2.3397, 8.3136, 15.994, 15.8287, 9.6083, 7.426, 6.3761, 2.6264, 11.4052, 17.8491, 15.2888, 3.3494, 13.26, 7.9546, 9.9896, 9.927, 0, 1.4016, 2.1658, 2.4649, 0.7167, 23.3488, 15.6445, 27.0787, 5.5105, 32.5763, 19.1383, 8.2588, 2.313, 1.4452, 0.4524, 17.4747, 5.9108, 3.0994, 6.3728, 8.7412, 2.8903, 1.0132, 11.8249, 31.4346, 3.9333, 46.7874, 3.9963]
    ],
    [
      [1.1878, 0.0921, 0.8303, 0.9331, 0.548, 0.4781, 3.5611, 2.4064, 1.3393, 1.8651, 1.7176, 0.6022, 3.3546, 4.2097, 5.8505, 1.1341, 3.3519, 1.5253, 1.1174, 3.2222, 0.3593, 0, 0.6297, 0, 0.0062, 5.1217, 3.4476, 4.8611, 1.2026, 4.5271, 4.7371, 1.4949, 0.3497, 0.3345, 0.0934, 5.7955, 1.5154, 2.1123, 2.3092, 4.656, 1.8713, 0.2651, 0.9265, 6.5761, 1.4299, 10.3073, 1.2643],
      [84.858, 37.5461, 97.0367, 138.4873, 47.3758, 150.7818, 311.4801, 535.2852, 222.5657, 210.0538, 245.7283, 33.7594, 307.3048, 457.7488, 549.8227, 93.2592, 253.3002, 126.0425, 111.7533, 287.9738, 8.0395, 7.9853, 52.6665, 37.7309, 7.9408, 546.2939, 295.4136, 408.531, 108.8574, 373.3593, 320.2619, 159.5258, 29.3497, 38.7673, 3.8449, 720.2164, 191.2413, 159.9712, 357.4197, 297.9154, 166.0312, 17.9899, 259.4813, 929.8971, 135.4743, 782.5557, 134.6937],
      [11.373, 5.4839, 13.544, 38.0199, 8.8341, 24.4247, 43.8324, 84.9769, 45.0302, 37.4517, 38.9659, 6.941, 44.0818, 49.7125, 81.5883, 12.5385, 49.2379, 23.4446, 22.8493, 61.7353, 1.6011, 1.1406, 6.2079, 10.8628, 0.0705, 70.4523, 62.6436, 73.1473, 19.7222, 79.6758, 64.1986, 35.9113, 5.8148, 5.2311, 0.6025, 107.5392, 28.2609, 34.7149, 51.2624, 63.6838, 26.2607, 2.2345, 28.9178, 137.937, 23.091, 131.9403, 26.5593],
      [11.5813, 4.878, 10.589, 19.5597, 4.2421, 22.3154, 40.1264, 62.3315, 27.0649, 17.6294, 26.5881, 5.6974, 37.2588, 46.329, 51.7385, 9.0681, 23.11, 12.9877, 14.2801, 45.0687, 0, 2.8741, 5.496, 12.4063, 0.9825, 57.132, 45.4952, 57.4607, 12.2178, 63.4379, 50.8024, 22.068, 5.4858, 5.6671, 0.4593, 73.4488, 19.9824, 12.2016, 26.0087, 36.7448, 11.8368, 2.5105, 22.6744, 80.5898, 9.0049, 98.1968, 13.4827]
    ],
    [
      [0.0005, 0, 0.0011, 0.0037, 0.0037, 0.0019, 0.0043, 0.006, 0.0028, 0.006, 0.0054, 0.0013, 0.0093, 0.0134, 0.0193, 0.0104, 0.0159, 0.0082, 0.0062, 0.0021, 0, 0, 0.0033, 0, 0, 0.0199, 0.0123, 0.0206, 0.0053, 0.0195, 0.0173, 0.0059, 0.0003, 0.0072, 0.0192, 0.0037, 0.0132, 0.0151, 0.0011, 0.0023, 0.0013, 0.0001, 0.0031, 0.0181, 0.0067, 0.0061, 0.0008],
      [2.2258, 0, 5.5477, 11.2099, 3.5896, 11.0624, 10.976, 31.1638, 17.3991, 10.2069, 13.1281, 3.8471, 13.758, 32.7709, 31.753, 6.8267, 20.1917, 9.7088, 9.5106, 9.1882, 0, 0.4369, 4.4032, 0.3619, 0, 32.1419, 15.294, 28.0212, 5.8559, 24.8425, 18.0247, 10.4738, 0.8434, 1.5518, 0.2999, 25.605, 10.7593, 6.3174, 8.7768, 7.9649, 5.9319, 0.5274, 20.7831, 66.2717, 10.5115, 27.7487, 4.3659],
      [1.653, 0, 5.2214, 20.1907, 4.2859, 11.3176, 9.4803, 31.4621, 21.7892, 11.4648, 13.3354, 4.9024, 12.6076, 22.9607, 30.1035, 5.9162, 25.1003, 11.9075, 13.0268, 12.2609, 0, 0.4974, 3.4221, 0.5893, 0, 26.5793, 20.8096, 31.476, 6.8939, 33.5519, 22.8838, 14.9748, 1.0965, 1.3606, 0.6659, 24.3935, 9.8119, 8.4844, 7.9556, 10.6475, 5.9035, 0.4456, 14.5269, 61.5282, 11.217, 27.9051, 5.4665],
      [0.1207, 0, 0.2299, 0.5958, 0.1208, 0.6181, 0.5394, 1.368, 0.8088, 0.3223, 0.531, 0.2492, 0.6251, 1.255, 1.1242, 0.2466, 0.6921, 0.3754, 0.4565, 0.5487, 0, 0.0656, 0.1714, 0.0487, 0, 1.2589, 0.8841, 1.4822, 0.2449, 1.5861, 1.0742, 0.5455, 0.0598, 0.0804, 0.015, 0.9978, 0.4155, 0.183, 0.2665, 0.3853, 0.1633, 0.0269, 0.6869, 2.182, 0.2647, 1.3402, 0.1667]
    ],
    [
      [2.0554, 0.0745, 2.4827, 3.2522, 1.6101, 1.1693, 7.0925, 5.4103, 2.6273, 3.0339, 2.9339, 1.2086, 7.6194, 8.5476, 10.8164, 2.0621, 8.8758, 3.5732, 4.4717, 3.2133, 0, 0, 0.9537, 0, 0.0455, 11.0627, 7.2268, 8.7965, 1.5116, 11.8443, 10.0106, 2.4294, 0.5719, 0.2567, 0, 7.4269, 1.7508, 2.215, 4.1768, 4.5232, 3.1734, 1.8645, 2.0403, 11.7528, 2.3902, 25.1714, 1.7766],
      [0.6777, 0.0346, 1.6345, 2.2444, 0.8137, 1.2717, 3.1757, 5.025, 2.1378, 1.9536, 2.2353, 0.3759, 3.4913, 5.1747, 5.559, 0.8838, 3.689, 1.655, 2.3627, 1.2712, 0, 0.159, 0.4759, 0.0504, 0.2125, 6.4826, 3.3135, 4.0156, 0.6291, 5.3419, 3.5423, 1.4175, 0.3144, 0.0656, 0, 4.9877, 0.8617, 0.7163, 3.7198, 0.9978, 1.6361, 0.2271, 2.5318, 8.8217, 1.2494, 10.3749, 1.0558],
      [6.5775, 0.666, 17.9341, 44.1585, 10.3577, 14.3559, 29.1133, 55.6742, 28.9961, 23.2952, 24.7923, 5.3898, 38.0764, 39.4985, 57.7639, 8.5839, 49.7953, 21.9329, 35.9064, 24.0381, 0, 1.1823, 3.8136, 1.3879, 0.5143, 58.9475, 50.5396, 49.5614, 9.4161, 78.4139, 48.9182, 21.9007, 4.2336, 1.2867, 0, 51.9432, 12.1979, 14.693, 34.6108, 23.0886, 17.2366, 4.6532, 19.6566, 90.3746, 14.891, 120.597, 14.4112],
      [1.6895, 0.2249, 2.9487, 5.3449, 1.2184, 3.2031, 6.6185, 9.8906, 4.2388, 2.7173, 4.0384, 1.0256, 7.8129, 8.7792, 8.8607, 1.4702, 5.6398, 2.839, 5.2592, 4.4774, 0, 0.6587, 0.7568, 0.5618, 0.2277, 11.5071, 8.9201, 9.6265, 1.4432, 15.4, 9.5289, 3.2524, 0.8801, 0.3911, 0, 8.6422, 2.1896, 1.3758, 4.4926, 3.3904, 1.954, 1.2552, 3.7714, 13.0509, 1.4694, 21.8568, 1.7565]
    ]
  ],
  "V_est": [
    [93.0726, 1065.8763, 66.8675, 74.1835],
    [1536.8683, 426.0974, 683.6114, 5.4229],
    [259.113, 259.3617, 12869.3223, 473.2029],
    [105.5204, 10853.6184, 1803.75, 1241.1111],
    [0.3239, 592.1791, 622.0734, 25.4236],
    [205.1017, 108.867, 1285.3753, 216.656]
  ],
  "p_est": [
    [0.0716, 0.8199, 0.0514, 0.0571],
    [0.5795, 0.1607, 0.2578, 0.002],
    [0.0187, 0.0187, 0.9285, 0.0341],
    [0.0075, 0.775, 0.1288, 0.0886],
    [0.0003, 0.4776, 0.5017, 0.0205],
    [0.1129, 0.0599, 0.7078, 0.1193]
  ],
  "EI_Z": {},
  "EI_V": 10.4761,
  "MAE_Z": {},
  "MAE_V": 304.4432,
  "MAE_p": 0.1085,
  "runtime": 0.251
}
