{
  "Z_true": {},
  "V_true": [
    [17, 33, 2186, 228],
    [945, 468, 331, 42],
    [830, 5021, 634, 192],
    [156, 65, 22520, 588],
    [218, 637, 1100, 410]
  ],
  "p_true": [
    [0.0069, 0.0134, 0.8872, 0.0925],
    [0.5291, 0.262, 0.1853, 0.0235],
    [0.1243, 0.752, 0.095, 0.0288],
    [0.0067, 0.0028, 0.9653, 0.0252],
    [0.0922, 0.2693, 0.4651, 0.1734]
  ],
  "Z_est": [
    [
      [0.3934, 0.4152, 0, 0.407, 0.2185, 0.4852, 0.0175, 0.4226, 0.0656, 0.0568, 0.2666, 0.3779, 0.3673, 0.0315, 0.3846, 0, 0.1311, 0.0746, 0.1293, 0.2295, 0.354, 0.2785, 0, 0.0105, 0.0298, 0.4724, 0.184, 0.174, 0.4177, 0.0945, 0.0348, 0.5551, 0, 0.0481, 0.0099, 4.8924, 0.3232, 0.1492, 0.1224, 0.0437, 0.236, 0.1442, 0.0087, 0.7608, 0.0699, 0.695, 0.0918],
      [0.1323, 0.1417, 0.0268, 0.0679, 0.0746, 0.1656, 0.003, 0.2498, 0.036, 0.0194, 0.091, 0.2627, 1.3475, 0.0052, 0.1313, 0, 0.3249, 0.0892, 0.0638, 0.0632, 0.1208, 0.0791, 0, 0.0012, 0.0134, 0.0626, 0.0537, 0.0671, 0.1065, 0.6312, 0.0045, 0.1894, 0, 0.0164, 0.0015, 0.0447, 0.1712, 0.0833, 0.0418, 0.0149, 0.0342, 0.0418, 0.003, 0.3425, 0.0239, 0.2372, 0.0313],
      [85.3522, 91.7132, 17.3772, 78.1975, 48.2701, 106.176, 3.7856, 72.5449, 14.0255, 12.5502, 58.3831, 147.9629, 76.2667, 0.9148, 84.9554, 0, 28.9621, 54.0904, 54.3521, 45.8828, 76.3187, 84.7026, 0, 1.9308, 8.6981, 40.1071, 34.7278, 43.8859, 69.5089, 40.5469, 5.7733, 123.4048, 0, 10.6194, 0.9886, 24.2008, 159.0138, 38.6522, 27.0313, 9.654, 52.5173, 27.1836, 1.9308, 219.9802, 15.4464, 152.2225, 20.3434],
      [4.1222, 2.7299, 0.5959, 2.3276, 1.4368, 4.1733, 0.194, 3.7827, 0.8729, 0.3736, 2.2593, 4.3966, 1.0184, 0.0485, 2.5287, 0, 0.582, 1.7459, 1.4549, 0.8244, 4.2065, 1.9399, 0, 0.0575, 0.2586, 1.3579, 1.0345, 0.8729, 1.9668, 0.7274, 0.1874, 2.8506, 0, 0.3161, 0, 0.8621, 3.4917, 1.1154, 0.8046, 0.2874, 1.2124, 0.6305, 0.0575, 5.9165, 0.4598, 5.8453, 0.5335]
    ],
    [
      [65.1832, 29.0247, 7.3395, 21.1088, 14.0726, 51.8926, 2.6386, 58.9288, 11.8868, 16.2188, 64.6184, 62.6611, 28.5199, 3.8508, 102.9632, 2.2185, 30.6324, 10.8785, 18.856, 36.2615, 46.6154, 43.1564, 1.9779, 4.6927, 4.378, 70.9327, 21.1088, 25.5487, 50.0153, 13.7794, 4.425, 111.7009, 0, 12.6008, 1.8445, 10.5544, 43.9767, 21.9906, 25.5065, 8.7028, 29.4812, 18.7729, 2.1757, 115.0379, 15.2643, 160.4199, 24.5703],
      [1.454, 0.6313, 2.2862, 0.4591, 0.3061, 1.1287, 0.0274, 1.5621, 4.0505, 0.3444, 1.9324, 1.3774, 0.6122, 0.0765, 2.2001, 0.0765, 3.9437, 0.829, 0.4209, 0.5874, 1.014, 0.9757, 0.0165, 0.011, 0.1339, 1.4922, 0.4591, 0.7079, 0.9827, 0.6031, 0.0933, 2.2797, 0, 1.2135, 0.0536, 0.2296, 0.9566, 0.7741, 0.7051, 0.1913, 0.3184, 0.4018, 0.0574, 3.1841, 4.6037, 2.7394, 0.6505],
      [3.1883, 1.3844, 1.4299, 1.0068, 0.6712, 2.4751, 0.1259, 2.2502, 0.7551, 0.4198, 3.1463, 3.6859, 1.3424, 0, 4.8244, 1.705, 1.5522, 1.6775, 1.4167, 1.9161, 2.0292, 3.8394, 0.0056, 0.0784, 2.0724, 0.9432, 1.0068, 9.4359, 2.169, 4.5278, 0.1847, 8.9514, 0, 2.1762, 0.1019, 0.261, 2.0976, 6.4697, 1.0663, 0.4195, 1.3844, 0.881, 0.1259, 6.9157, 0.9649, 5.2112, 7.9802],
      [6.1746, 1.9596, 0.9443, 1.4252, 0.9501, 3.5036, 0.2081, 4.2589, 1.3076, 1.017, 5.3029, 4.2756, 1.5255, 0.0726, 5.0123, 0, 0.8717, 2.6151, 1.3064, 1.2349, 3.3415, 3.0285, 0, 0.2179, 0.4157, 4.6319, 1.4252, 1.3076, 2.833, 1.0896, 0.2969, 4.068, 0, 1.0095, 0, 0.955, 2.9691, 1.7656, 1.7221, 0.6864, 1.8161, 0.9443, 0.6411, 8.8623, 2.1671, 10.6295, 0.7991]
    ],
    [
      [9.6588, 7.824, 1.3711, 5.6662, 6.8506, 1.4185, 0.6385, 14.689, 1.1136, 8.9852, 4.2894, 8.2437, 5.6345, 0.1999, 21.1293, 0.4226, 3.2444, 2.1129, 3.6624, 7.0431, 5.1636, 6.443, 1.3577, 6.3098, 0.8452, 13.3819, 8.0881, 4.9302, 17.1138, 2.6764, 0.986, 14.5987, 0.9478, 1.9649, 0.101, 3.7166, 12.3193, 4.2259, 7.6378, 1.6903, 10.2579, 3.9182, 0.4226, 17.4742, 2.9581, 60.2537, 4.5076],
      [191.7579, 174.806, 40.7447, 96.6322, 57.0499, 61.1767, 4.2853, 362.5377, 41.5436, 84.6851, 301.5549, 148.6423, 89.8421, 2.4596, 362.9723, 5.1099, 58.591, 129.0312, 92.5628, 91.7058, 88.3935, 112.6471, 2.6215, 1.7141, 19.174, 90.0793, 154.2714, 83.9922, 155.8447, 68.1026, 13.3286, 187.6968, 0, 34.3534, 0.8571, 43.6274, 249.1838, 120.8459, 216.5263, 50.5667, 49.7097, 53.5274, 31.1577, 496.9402, 84.8493, 427.7321, 62.3265],
      [0.4646, 11.5147, 2.1366, 5.1949, 3.3934, 0, 0, 8.4009, 0, 4.4359, 0, 8.0856, 2.6235, 0, 13.0844, 0.4675, 2.9361, 6.5355, 16.2034, 9.4274, 0, 5.9071, 0.0209, 0.4189, 1.3856, 3.5213, 2.7026, 10.7348, 8.4626, 3.4353, 0.5711, 23.638, 0.0522, 2.0103, 0.0419, 1.8704, 23.1258, 11.9902, 10.7668, 9.2469, 13.0563, 2.8069, 1.1912, 25.2622, 2.7355, 24.4243, 9.4565],
      [44.1187, 24.8553, 6.7476, 16.5067, 13.7061, 18.4048, 2.0762, 45.3723, 9.3428, 7.8938, 39.1557, 28.0284, 10.8999, 0.3405, 35.814, 0, 6.2285, 18.3203, 15.5713, 8.8237, 19.4429, 16.0027, 0, 1.5571, 2.5952, 14.0175, 11.938, 9.3428, 20.5789, 7.7857, 3.1143, 29.0664, 0, 4.6714, 0, 7.7857, 37.3711, 11.938, 22.0691, 8.4961, 12.9761, 6.7476, 6.2285, 63.3233, 11.4572, 70.5899, 5.7095]
    ],
    [
      [1.5532, 1.0352, 0.1961, 1.2304, 1.0561, 1.1963, 2.5052, 1.667, 0.2942, 0.5687, 1.189, 1.4905, 1.0834, 0.1177, 1.7954, 0.031, 0.437, 0.2942, 0.5099, 0.9996, 3.9797, 0, 0.2271, 0.0808, 0.091, 1.8631, 0.7256, 0.5208, 10.3456, 0.3726, 0.1373, 2.134, 0.0522, 0.3138, 0.0445, 0.4315, 1.2747, 0.3547, 0.579, 0.2353, 0.996, 0.6846, 0.065, 3.0006, 0.4118, 9.3167, 0.6276],
      [1.1635, 1.3637, 0.3588, 0.5974, 0.3324, 0.9535, 0.026, 7.1357, 7.2174, 0.176, 2.0766, 1.5812, 1.6879, 0.0312, 1.3664, 0.0236, 0.4772, 1.1697, 0, 0.5558, 0.7788, 0, 0.0156, 0.0104, 0, 0.5454, 0.935, 0.3963, 0.9298, 0.4961, 0.0776, 0, 0, 0.2587, 0.0878, 0.2079, 1.5064, 0.7324, 0.6797, 0, 0.3013, 0.5211, 0.3564, 4.5777, 0.5142, 2.592, 0.3688],
      [845.764, 977.5704, 205.7194, 566.2756, 572.112, 683.5045, 58.3604, 696.0502, 125.5314, 125.8327, 645.8376, 1135.0572, 591.1122, 6.8279, 979.5574, 16.9455, 238.4478, 681.2569, 689.895, 546.5407, 552.3383, 815.8733, 1.7573, 20.8389, 49.7426, 283.6031, 346.1781, 284.1312, 672.651, 356.3337, 55.4661, 1166.8885, 4.9478, 179.8252, 22.8677, 148.5631, 1554.0214, 336.7849, 315.6831, 159.9671, 544.3735, 374.1031, 45.144, 2144.9352, 291.9042, 1618.8604, 400.4188],
      [4.5193, 4.0307, 0.7257, 1.8966, 6.4995, 2.3457, 1.1085, 4.1471, 0.957, 0.4226, 3.8968, 2.8711, 1.1165, 0.0233, 3.2809, 0, 0.638, 2.2793, 1.5951, 0.9039, 4.9032, 2.1267, 0, 0.0699, 0.1664, 0.9884, 1.1613, 0.9516, 2.0736, 0.7975, 0.319, 2.9774, 0, 0.6023, 0, 0.7975, 5.1975, 1.128, 1.0581, 0.7975, 1.3292, 0.6912, 2.4345, 6.4865, 1.1697, 7.2309, 0.5849]
    ],
    [
      [9.2115, 4.7009, 1.0932, 5.5875, 1.8022, 6.0075, 0.2002, 9.2925, 1.6399, 3.1704, 8.6366, 3.2268, 4.3949, 1.8001, 23.7275, 0.328, 2.5551, 1.6399, 2.8424, 5.4662, 6.8874, 6.1221, 0.4373, 6.9061, 0.6559, 8.3499, 6.8935, 3.8263, 6.1076, 2.0771, 1.4168, 9.0112, 0, 1.0724, 0, 2.4051, 7.106, 3.2797, 4.1543, 1.3278, 5.0289, 5.4801, 0.328, 16.7265, 2.2958, 28.3148, 2.2027],
      [29.4923, 19.0573, 6.5834, 17.2434, 6.2369, 19.5755, 0.6583, 51.5147, 8.1525, 12.7752, 46.3451, 21.1363, 16.5103, 3.4275, 61.3299, 0.79, 9.6633, 19.881, 14.9525, 14.0878, 13.6929, 20.298, 0.3465, 0.2633, 4.6787, 12.8204, 24.2808, 12.8365, 21.1363, 13.1669, 3.496, 28.834, 0, 4.158, 0, 5.8904, 38.182, 18.5644, 33.0472, 8.227, 7.6364, 15.508, 2.4255, 74.9555, 9.0089, 65.6994, 7.6229],
      [27.231, 19.8173, 7.3369, 19.3252, 6.5533, 21.8444, 0.7281, 24.7539, 4.688, 6.7614, 38.633, 22.2084, 15.6551, 0.2573, 69.5785, 0.8821, 9.1018, 19.4398, 35.1327, 16.2329, 7.3139, 48.6777, 0.2162, 4.7329, 8.1013, 8.8254, 20.3847, 14.8121, 22.2084, 18.1562, 4.0048, 35.1173, 0, 4.3689, 0, 4.1047, 54.7414, 17.103, 26.4525, 10.7125, 17.6685, 16.0254, 1.6081, 73.9068, 7.949, 61.2815, 8.8012],
      [26.0652, 11.4244, 3.9864, 9.8439, 3.4075, 12.5726, 0.4133, 20.4389, 5.5197, 4.2931, 22.3854, 14.4284, 6.4396, 0.5151, 22.3641, 0, 3.6798, 11.0394, 10.0723, 5.213, 14.1059, 16.9021, 0, 1.0976, 1.5641, 7.0043, 7.441, 5.5251, 11.5477, 4.5997, 2.0824, 17.0375, 0, 2.4007, 0, 4.5997, 22.9705, 7.0529, 11.346, 4.7326, 7.6662, 3.9864, 2.6384, 37.4112, 6.7463, 41.7043, 3.3731]
    ]
  ],
  "V_est": [
    [14.675, 5.713, 2371.1518, 72.4603],
    [1528.9847, 49.154, 106.2723, 101.5891],
    [328.4878, 5297.7605, 293.7401, 757.0116],
    [58.1156, 45.1834, 23136.4004, 89.3006],
    [235.7368, 826.1892, 863.4355, 439.6385]
  ],
  "p_est": [
    [0.006, 0.0023, 0.9623, 0.0294],
    [0.8561, 0.0275, 0.0595, 0.0569],
    [0.0492, 0.7934, 0.044, 0.1134],
    [0.0025, 0.0019, 0.9917, 0.0038],
    [0.0997, 0.3493, 0.3651, 0.1859]
  ],
  "EI_Z": {},
  "EI_V": 6.8908,
  "MAE_Z": {},
  "MAE_V": 252.3462,
  "MAE_p": 0.0688,
  "runtime": 3.548
}
