{
  "Z_true": {},
  "V_true": [
    [42, 969, 209, 190],
    [166, 9834, 728, 949],
    [715, 143, 18317, 540],
    [46, 169, 555, 612],
    [289, 331, 1147, 592]
  ],
  "p_true": [
    [0.0298, 0.6872, 0.1482, 0.1348],
    [0.0142, 0.8422, 0.0623, 0.0813],
    [0.0363, 0.0073, 0.9291, 0.0274],
    [0.0333, 0.1223, 0.4016, 0.4428],
    [0.1225, 0.1403, 0.4862, 0.251]
  ],
  "Z_est": [
    [
      [0.6439, 3.1033, 1.9633, 6.2224, 3.0928, 5.1035, 7.9169, 7.5844, 4.7289, 7.6739, 14.3446, 7.5377, 7.3867, 9.178, 16.5777, 8.3336, 0.3325, 11.2259, 3.9635, 2.148, 3.731, 0.8023, 2.1322, 1.2984, 2.7287, 2.0953, 3.5148, 1.3299, 0.1741, 4.3065, 3.5626, 15.8653, 6.2277, 1.3089, 17.0102, 3.4516, 23.1225, 7.273],
      [0.2025, 0.9619, 1.1576, 2.937, 0.9619, 2.2499, 3.7541, 3.2677, 2.0164, 3.0248, 6.1707, 5.8904, 4.6108, 4.2508, 9.9591, 3.4251, 0.1013, 5.1032, 1.7043, 0.6581, 1.1138, 0.2531, 0.6581, 0.405, 1.0715, 0.6581, 1.5073, 1.6209, 0.0992, 1.8784, 1.4955, 6.4673, 2.6351, 0.405, 7.2742, 1.5663, 13.6722, 6.6831],
      [0.6275, 4.0961, 3.1502, 15.9459, 4.9051, 16.5461, 19.2399, 21.9792, 14.8544, 22.2467, 45.5384, 26.0467, 26.7744, 21.9958, 44.3332, 27.3832, 0.3137, 34.1585, 11.551, 3.5884, 5.0554, 1.4085, 3.3761, 1.255, 5.0268, 2.0393, 10.3437, 3.2312, 0.3063, 12.1931, 9.9749, 49.6407, 17.7253, 1.255, 50.8245, 9.0933, 59.6753, 23.1673],
      [2.5261, 10.8386, 5.7289, 12.8946, 10.0402, 7.1005, 18.089, 14.1687, 7.4003, 14.0546, 20.9463, 10.5252, 9.2282, 20.5754, 31.13, 11.858, 1.2525, 18.5123, 6.7812, 6.6055, 12.0998, 2.5361, 6.8336, 5.0417, 8.1729, 8.2072, 5.6342, 1.8179, 0.4204, 7.622, 6.967, 26.0267, 11.4118, 5.0311, 28.8911, 6.8888, 46.53, 7.8766]
    ],
    [
      [0.2593, 2.3341, 2.4143, 5.9853, 2.0747, 7.9031, 3.8901, 3.5011, 3.8753, 6.3305, 30.3131, 3.6307, 3.7604, 9.0491, 12.5711, 7.2378, 0.389, 8.8781, 7.3122, 2.6676, 10.3148, 0.2593, 2.3047, 0.778, 0.9077, 0.9077, 9.6816, 2.1345, 0.6621, 5.4116, 1.945, 8.5582, 9.0391, 1.0374, 15.1586, 3.8319, 11.7999, 4.3063],
      [240.5578, 502.1303, 294.4759, 280.976, 679.8137, 129.5062, 357.1924, 248.5056, 146.1499, 179.4491, 494.4401, 233.8686, 172.0502, 396.8844, 626.5383, 235.4968, 43.3134, 449.7438, 136.9006, 287.5562, 429.4888, 182.1777, 149.3636, 220.2716, 349.9042, 502.3674, 124.2341, 38.5184, 13.7172, 157.302, 106.5579, 420.0195, 198.8118, 136.4984, 541.8739, 141.0096, 993.8885, 205.8823],
      [0.5967, 0.694, 1.7742, 1.8353, 5.0224, 1.2859, 9.0127, 4.0373, 0.9488, 7.9771, 16.4197, 1.5169, 1.1236, 24.3225, 4.0888, 35.6923, 0.1309, 4.5977, 2.7416, 0.6591, 2.2042, 0.1397, 0.4714, 3.4475, 4.4122, 1.549, 11.2864, 0.2559, 0.388, 11.1692, 7.4205, 17.7516, 1.3171, 2.5402, 9.8181, 12.3056, 8.986, 1.3359],
      [4.5861, 9.8417, 8.3356, 5.2035, 11.0892, 2.3048, 8.9048, 4.956, 1.026, 4.2433, 2.8271, 3.9837, 3.0658, 12.7441, 11.8019, 1.5731, 1.1666, 7.7804, 2.0456, 1.1172, 6.9923, 9.4233, 2.8603, 9.5029, 8.7759, 7.1759, 0.798, 0.0912, 0.2327, 1.1172, 1.0766, 3.6706, 1.832, 3.924, 4.1494, 1.8529, 20.3256, 2.4755]
    ],
    [
      [0.2782, 2.504, 1.718, 8.8338, 2.2258, 6.8389, 4.1734, 3.7561, 4.0628, 7.1457, 16.2165, 3.8952, 4.0343, 9.8523, 12.0869, 9.0587, 0.4173, 10.0209, 5.8221, 2.4692, 10.8193, 0.2782, 3.215, 0.8347, 0.9738, 0.9738, 7.1317, 3.4537, 0.9579, 5.5142, 2.0867, 9.1815, 6.2526, 1.1129, 15.7242, 5.0278, 12.6593, 4.0846],
      [3.2356, 7.4153, 0.1123, 5.2344, 5.5084, 0.4566, 0.8223, 0.5736, 1.3823, 0.4168, 1.1405, 12.9027, 13.1188, 0.9142, 6.5884, 0.5445, 0.0481, 2.9343, 0.3159, 1.0849, 3.576, 2.0748, 2.5602, 0.1034, 0.4295, 1.3836, 0.2868, 0.4002, 0.0314, 0.363, 0.2465, 0.9725, 0.5607, 0.6879, 10.4246, 0.3249, 9.6036, 3.1819],
      [21.2777, 135.1517, 56.8386, 414.6386, 103.478, 562.5761, 391.0835, 663.172, 571.2756, 997.6402, 1524.8732, 467.2349, 527.6135, 956.559, 1233.3578, 787.9685, 25.4624, 816.0985, 415.595, 130.969, 97.8483, 27.12, 99.788, 55.3708, 103.6114, 92.2476, 383.3642, 85.1212, 32.8451, 648.8186, 514.3813, 1414.8466, 802.7273, 320.7673, 1778.7214, 305.3617, 1232.6831, 507.5038],
      [0.2085, 0.929, 4.3311, 5.2933, 0.7877, 1.1284, 1.9208, 2.4983, 0.2793, 1.7974, 0.7698, 0.9672, 1.2334, 3.6745, 5.9669, 0.4283, 1.0721, 3.9462, 0.2669, 0.4769, 8.7563, 6.527, 4.4368, 1.6912, 1.9853, 1.395, 0.2173, 0.0248, 1.1657, 0.3042, 0.2856, 0.9994, 0.4594, 4.4319, 1.1298, 0.2856, 29.054, 0.2297]
    ],
    [
      [0, 0, 0, 0, 0, 0, 0, 0, 0, 0, 0, 0, 0, 0, 0, 0, 0, 0, 0, 0, 0, 0, 0, 0, 0, 0, 0, 0, 0, 0, 0, 0, 0, 0, 0, 0, 0, 0],
      [0.1532, 0, 0, 0.8104, 2.2134, 0, 1.0186, 0.7105, 2.6271, 0.5162, 1.4127, 0.7105, 0.0618, 1.1324, 1.8095, 0.6744, 0, 1.2878, 0.3913, 0.8744, 0, 0, 1.176, 0, 1.1116, 1.4293, 0.3552, 0, 0, 0.4496, 0.3053, 1.2045, 0.569, 2.0334, 8.7013, 0.4024, 0, 0],
      [0.3459, 0.338, 0.1502, 7.055, 1.6071, 0.1502, 13.4971, 5.6662, 11.2622, 7.75, 11.0131, 3.9646, 0.2003, 7.9808, 22.7963, 9.3666, 0.0125, 7.1095, 3.6334, 8.2994, 0.8759, 0.3772, 1.4248, 0.1377, 1.49, 4.4155, 4.5732, 0, 0, 9.8612, 7.1467, 24.309, 11.9628, 4.881, 24.8857, 5.9126, 0.8889, 0.1502],
      [7.5009, 26.662, 11.8498, 34.1346, 27.1795, 11.8498, 51.4843, 34.6233, 25.1106, 35.7338, 49.5742, 22.3249, 15.7379, 52.8868, 84.3941, 29.959, 0.9875, 43.6027, 16.9753, 22.8262, 30.1241, 4.6228, 26.3992, 10.8623, 21.3984, 25.1552, 15.0715, 0, 0, 23.6892, 20.548, 71.4865, 33.4682, 48.0857, 84.413, 19.685, 70.1111, 11.8498]
    ],
    [
      [0.8185, 10.0586, 5.9043, 17.9585, 8.6067, 17.1545, 14.0196, 12.1585, 13.333, 22.8499, 47.1258, 12.9364, 13.8186, 30.9207, 39.7643, 24.37, 1.8612, 26.875, 13.9022, 9.7152, 22.1348, 0.6602, 6.3481, 3.0889, 2.3898, 3.0232, 15.672, 5.0818, 1.2059, 20.7677, 7.4057, 32.395, 18.4805, 4.5409, 55.107, 11.6886, 43.4182, 12.336],
      [2.8509, 7.4926, 0.2542, 2.0422, 9.5027, 1.7873, 4.2126, 2.9426, 5.8242, 2.593, 5.8361, 2.6278, 2.1585, 4.8183, 7.1047, 2.8591, 1.5372, 4.9309, 1.6878, 5.8263, 6.8214, 2.4945, 0.2421, 4.22, 7.4832, 9.1615, 1.6165, 0.4605, 0.1522, 2.007, 1.3949, 5.3362, 2.4235, 0.3753, 10.7261, 1.6968, 12.8357, 2.2527],
      [2.1522, 18.7202, 3.0867, 8.5253, 8.9874, 18.4416, 34.1667, 17.1453, 19.659, 26.3861, 31.1556, 6.2369, 12.2882, 31.1419, 24.4239, 17.5894, 4.0804, 17.0358, 10.4791, 7.4841, 12.0162, 2.9547, 2.9397, 9.7891, 6.4596, 10.7486, 15.4324, 2.3916, 0.4606, 15.9579, 14.0766, 47.4521, 12.2674, 4.5566, 51.7503, 10.3269, 25.7667, 7.8428],
      [7.1784, 33.7287, 11.7547, 29.474, 25.9033, 18.6166, 44.6011, 35.7537, 11.1837, 35.171, 49.8826, 20.199, 18.7347, 52.1191, 69.7071, 25.1815, 6.5212, 41.1583, 16.9309, 17.9743, 33.0276, 11.8907, 10.47, 19.902, 19.6674, 22.0668, 13.2791, 2.066, 1.1812, 16.2675, 17.1228, 58.8167, 26.8286, 21.5273, 63.4166, 17.2877, 84.9793, 14.5684]
    ]
  ],
  "V_est": [
    [228.9965, 111.8719, 630.8661, 438.2654],
    [213.4153, 11047.4363, 221.2759, 194.8726],
    [205.6923, 101.9611, 19305.9915, 101.3552],
    [0, 34.1418, 225.4912, 1122.367],
    [609.8959, 150.5889, 572.3754, 1026.1398]
  ],
  "p_est": [
    [0.1624, 0.0793, 0.4474, 0.3108],
    [0.0183, 0.9461, 0.0189, 0.0167],
    [0.0104, 0.0052, 0.9793, 0.0051],
    [0, 0.0247, 0.1632, 0.8121],
    [0.2585, 0.0638, 0.2426, 0.435]
  ],
  "EI_Z": {},
  "EI_V": 11.965,
  "MAE_Z": {},
  "MAE_V": 437.2374,
  "MAE_p": 0.1455,
  "runtime": 0.5594
}
