{
  "Z_true": {},
  "V_true": [
    [10, 19, 690, 151, 199],
    [500, 36, 222, 485, 52],
    [243, 431, 1236, 11676, 440],
    [46, 40, 7388, 381, 147],
    [48, 115, 810, 569, 283],
    [10, 50, 930, 455, 403],
    [106, 315, 480, 831, 328]
  ],
  "p_true": [
    [0.0094, 0.0178, 0.6455, 0.1413, 0.1862],
    [0.3861, 0.0278, 0.1714, 0.3745, 0.0402],
    [0.0173, 0.0307, 0.0881, 0.8325, 0.0314],
    [0.0057, 0.005, 0.9233, 0.0476, 0.0184],
    [0.0263, 0.063, 0.4438, 0.3118, 0.1551],
    [0.0054, 0.0271, 0.5032, 0.2462, 0.2181],
    [0.0515, 0.1529, 0.233, 0.4034, 0.1592]
  ],
  "Z_est": {},
  "V_est": [
    [0, 0, 1012.159, 0, 56.841],
    [817.2927, 0, 0, 160.772, 316.9353],
    [0, 565.7602, 0, 13460.2398, 0],
    [0, 0, 8002, 0, 0],
    [0, 76.0455, 1301.5024, 30.147, 417.3051],
    [0, 35.3114, 1440.3386, 0, 372.35],
    [145.7073, 328.8829, 0, 896.8412, 688.5687]
  ],
  "p_est": [
    [0, 0, 0.9468, 0, 0.0532],
    [0.6311, 0, 0, 0.1241, 0.2447],
    [0, 0.0403, 0, 0.9597, 0],
    [0, 0, 1, 0, 0],
    [0, 0.0417, 0.7132, 0.0165, 0.2287],
    [0, 0.0191, 0.7794, 0, 0.2015],
    [0.0707, 0.1597, 0, 0.4354, 0.3343]
  ],
  "EI_Z": {},
  "EI_V": 16.7752,
  "MAE_Z": {},
  "MAE_V": 288.7733,
  "MAE_p": 0.1038,
  "runtime": 0.0369
}
