{
  "Z_true": {},
  "V_true": [
    [11, 589, 182, 205],
    [318, 65, 826, 21],
    [325, 125, 11949, 436],
    [211, 9848, 1895, 1072],
    [49, 199, 874, 191],
    [89, 335, 733, 729]
  ],
  "p_true": [
    [0.0111, 0.5968, 0.1844, 0.2077],
    [0.2585, 0.0528, 0.6715, 0.0171],
    [0.0253, 0.0097, 0.931, 0.034],
    [0.0162, 0.756, 0.1455, 0.0823],
    [0.0373, 0.1516, 0.6657, 0.1455],
    [0.0472, 0.1776, 0.3887, 0.3865]
  ],
  "Z_est": {},
  "V_est": [
    [217.5231, 234.4806, 459.5441, 75.4523],
    [254.7395, 0, 975.2605, 0],
    [0, 0, 11646.3712, 1188.6288],
    [34.6563, 10926.5194, 2064.8243, 0],
    [0, 0, 1313, 0],
    [496.0811, 0, 0, 1389.9189]
  ],
  "p_est": [
    [0.2204, 0.2376, 0.4656, 0.0764],
    [0.2071, 0, 0.7929, 0],
    [0, 0, 0.9074, 0.0926],
    [0.0027, 0.8388, 0.1585, 0],
    [0, 0, 1, 0],
    [0.263, 0, 0, 0.737]
  ],
  "EI_Z": {},
  "EI_V": 13.2407,
  "MAE_Z": {},
  "MAE_V": 345.1083,
  "MAE_p": 0.1389,
  "runtime": 0.0082
}
