{
  "Z_true": {},
  "V_true": [
    [505, 51, 1236, 34],
    [792, 130, 14484, 545],
    [192, 8711, 957, 979],
    [72, 586, 586, 319],
    [83, 531, 824, 1164]
  ],
  "p_true": [
    [0.2766, 0.0279, 0.6769, 0.0186],
    [0.0497, 0.0081, 0.908, 0.0342],
    [0.0177, 0.8037, 0.0883, 0.0903],
    [0.0461, 0.3749, 0.3749, 0.2041],
    [0.0319, 0.2041, 0.3167, 0.4473]
  ],
  "Z_est": [
    [
      [32.9956, 4.101, 9.053, 12.0936, 8.0707, 14.2554, 9.4145, 14.722, 33.2496, 3.4479, 24.0686, 47.622, 2.6066, 29.107, 4.4013, 9.4857, 0.8159, 77.3194, 10.3575, 15.667, 2.3461, 6.0789, 3.5965, 26.3108, 26.4216, 6.1764, 3.2905, 27.3867, 19.079, 21.305, 4.0747, 33.382, 21.8071, 15.8226, 21.1637, 63.655, 32.4237, 34.934, 20.4044, 65.6787, 3.8639, 52.9665, 15.2837, 108.7607, 15.5226],
      [4.4878, 0.9953, 1.5982, 3.6757, 2.207, 2.777, 1.6438, 3.4832, 9.8206, 0.1685, 5.7009, 8.9098, 0.4599, 1.3102, 1.3682, 0.4875, 0.7994, 9.7733, 3.5395, 3.2613, 0.4229, 1.2095, 0.4858, 5.4336, 4.1074, 0.7592, 0.9037, 3.4381, 5.269, 3.737, 0.6636, 7.0965, 3.411, 1.3635, 2.9789, 19.2037, 4.8448, 4.5851, 2.7245, 12.1293, 1.8469, 10.273, 3.9475, 9.2331, 4.6437],
      [19.5125, 3.9025, 8.3486, 11.2307, 6.7223, 6.9676, 6.9411, 11.7949, 28.9259, 0.3812, 16.2305, 29.4623, 1.9319, 4.5802, 6.2303, 3.0267, 1.3847, 39.9055, 10.1022, 10.0717, 1.231, 4.7116, 0.9168, 16.2556, 15.4709, 3.0644, 3.8052, 16.1744, 15.6506, 16.958, 3.2614, 28.5203, 10.782, 3.8139, 10.8537, 53.1413, 15.7137, 15.4695, 8.8711, 54.192, 5.2892, 35.7576, 11.7677, 35.0062, 15.8336],
      [0.004, 0.0012, 0.0002, 0, 0, 0, 0.0006, 0, 0.0039, 0.0023, 0, 0.0059, 0.0017, 0.0025, 0.0002, 0, 0, 0.0017, 0.0009, 0, 0, 0, 0.0009, 0, 0, 0, 0.0006, 0.0008, 0.0013, 0, 0.0003, 0.0012, 0, 0, 0.0037, 0, 0.0178, 0.0114, 0, 0, 0, 0.0029, 0.0011, 0, 0]
    ],
    [
      [14.653, 2.6608, 6.179, 8.0852, 6.4698, 17.5115, 11.2391, 20.5138, 12.2267, 3.327, 15.0485, 13.9011, 0.821, 11.3533, 1.3706, 8.4155, 0.1841, 14.0149, 7.6155, 11.2908, 10.9126, 5.3161, 4.9048, 22.3929, 17.5454, 7.1531, 2.3874, 41.191, 17.0212, 14.5191, 6.6372, 21.2824, 4.2109, 8.2307, 3.7522, 7.0963, 4.1197, 6.4039, 4.5284, 8.1481, 2.1361, 22.5344, 6.193, 77.3865, 2.9431],
      [2.7144, 0.8663, 1.7512, 4.4316, 3.8328, 5.7237, 2.6839, 7.2294, 5.3364, 0.5381, 5.2853, 3.44, 0.1166, 1.2764, 1.2483, 1.3454, 0.8069, 2.4062, 4.1568, 3.7655, 2.8227, 1.5546, 1.3536, 6.772, 3.6471, 1.2907, 1.1651, 7.8589, 6.7239, 3.9319, 1.6268, 6.8073, 1.2032, 1.5087, 0.6795, 3.1196, 0.8153, 1.1187, 0.8497, 2.3693, 2.7283, 5.865, 2.1933, 11.3792, 1.4341],
      [378.5022, 121.6646, 264.1727, 359.841, 247.929, 379.2466, 364.3375, 735.1691, 486.2654, 30.2095, 445.3995, 376.1913, 29.5604, 95.8051, 142.7117, 140.5716, 39.8197, 319.4825, 353.2827, 318.7128, 252.5369, 184.5679, 67.1395, 602.603, 449.3059, 159.874, 158.0857, 1060.1231, 636.7112, 511.1055, 236.6655, 827.41, 90.8017, 100.388, 87.0277, 264.2006, 90.0308, 128.0043, 90.1029, 294.0597, 212.2076, 664.7687, 214.1603, 1211.2488, 144.9566],
      [25.1304, 6.8083, 12.897, 35.6422, 28.7684, 18.5181, 20.7394, 33.0877, 33.1716, 1.9254, 25.2666, 23.4676, 1.502, 4.5651, 10.6694, 3.6676, 1.1893, 17.0965, 23.9449, 32.231, 23.7278, 15.5613, 5.6021, 30.2321, 24.5016, 13.6822, 11.3618, 67.827, 46.5437, 26.4434, 14.0706, 57.5002, 1.7842, 3.8726, 4.5406, 14.5834, 5.0342, 7.4731, 4.519, 14.423, 10.9279, 46.8319, 17.4533, 93.9855, 5.6662]
    ],
    [
      [2.2597, 0.2292, 0.7375, 1.7632, 1.3946, 3.1618, 2.2817, 2.6415, 3.4452, 0.2136, 4.6825, 4.2933, 0.56, 2.4381, 0.2225, 2.0384, 0, 4.5649, 1.9885, 3.9239, 1.6606, 1.5822, 0.4827, 4.139, 2.9216, 1.6293, 0.3091, 6.2647, 1.802, 3.0109, 1.2291, 4.2377, 0.94, 1.9132, 2.0332, 2.2009, 1.4062, 2.6126, 2.021, 3.092, 0, 6.3002, 1.485, 13.5437, 0.5215],
      [129.4386, 26.9837, 58.2487, 284.9219, 174.3577, 260.6698, 168.0701, 268.6446, 506.5321, 13.1785, 459.972, 332.1742, 39.3891, 79.7433, 79.0292, 52.8554, 11.2139, 245.857, 439.0112, 332.0874, 124.6983, 134.1817, 39.9177, 352.0251, 190.2292, 86.5601, 46.7115, 328.6064, 219.9453, 224.1415, 86.7836, 399.4048, 63.8104, 108.1659, 123.9774, 296.4865, 93.0631, 153.6628, 121.4224, 238.0438, 145.513, 507.8328, 168.0166, 555.5509, 80.4951],
      [25.2285, 4.4525, 13.4362, 40.3097, 25.2057, 29.4515, 31.8175, 41.3932, 67.9113, 1.2127, 59.262, 49.6711, 6.9864, 13.5637, 16.2072, 14.7062, 0.6745, 45.4013, 57.0409, 47.0885, 16.2894, 23.4933, 3.1257, 47.8193, 32.2761, 15.5246, 8.6359, 69.8783, 29.5651, 45.9195, 18.9031, 72.9191, 9.2571, 14.2846, 20.2114, 37.3608, 13.404, 23.2814, 17.7756, 48.0109, 19.2455, 80.2265, 22.5243, 97.4291, 12.3443],
      [9.0732, 1.3347, 3.5776, 21.0052, 15.042, 7.717, 9.8307, 10.3207, 25.1114, 0.3951, 18.0835, 16.8615, 2.0644, 3.2549, 6.5411, 2.4001, 0.1117, 13.1769, 20.9594, 24.9001, 8.3517, 10.7428, 1.474, 13.0167, 9.5731, 7.286, 3.3435, 24.2506, 11.6876, 12.9281, 6.0842, 27.4384, 0.9925, 2.6364, 5.778, 10.9518, 4.1267, 7.4433, 4.781, 12.8533, 5.2415, 30.6405, 9.9741, 40.4763, 2.6391]
    ],
    [
      [0.0729, 0.008, 0.028, 0.0579, 0.0638, 0.0534, 0.0485, 0.1084, 0.0785, 0.0114, 0.1795, 0.1702, 0.0074, 0.1016, 0.0057, 0.0604, 0, 0.0874, 0.0385, 0.091, 0.0632, 0.0166, 0.016, 0.1237, 0.0889, 0.0287, 0.013, 0.1012, 0.0966, 0.1487, 0.0452, 0.0978, 0.0385, 0.0335, 0.046, 0.043, 0.0476, 0.0447, 0.039, 0.071, 0, 0.1607, 0.0338, 0.3091, 0.0127],
      [13.4027, 2.939, 7.0805, 28.975, 26.0677, 14.2374, 11.5301, 35.5428, 34.1251, 1.9212, 56.8751, 42.4028, 1.8998, 12.359, 9.0398, 5.0092, 0, 15.072, 20.3519, 25.199, 15.2511, 4.6024, 3.8905, 34.0775, 18.6438, 4.9601, 6.8229, 17.1159, 38.6349, 35.691, 10.1585, 29.1647, 8.3166, 4.5883, 9.044, 18.1182, 10.0598, 8.2646, 7.4364, 17.5851, 23.0409, 41.8314, 12.1963, 38.5421, 5.8087],
      [13.2994, 2.5429, 8.3804, 20.2819, 18.1925, 8.1612, 11.11, 27.5412, 23.0406, 0.8728, 37.1136, 32.0956, 1.7686, 9.8026, 9.3572, 7.0773, 0, 14.0704, 13.3053, 17.8322, 10.0906, 4.0809, 1.6102, 23.3448, 16.0381, 4.5383, 6.4697, 18.4533, 26.2388, 37.0847, 11.3463, 26.8702, 5.9638, 2.9173, 7.4738, 11.4769, 7.3805, 6.3365, 5.4961, 18.0716, 15.053, 33.3811, 8.2837, 33.5137, 4.4803],
      [3.225, 0.51, 1.5111, 7.6852, 8.676, 1.548, 2.3114, 4.8076, 5.7557, 0.1945, 7.8318, 7.3314, 0.3241, 1.7368, 2.5973, 0.8531, 0, 2.7702, 3.3043, 6.8778, 3.5951, 1.3001, 0.4833, 4.454, 3.2291, 1.4729, 1.6944, 4.3296, 7.0297, 7.0757, 2.45, 6.8673, 0.6811, 0.4608, 1.4362, 2.3619, 1.5121, 1.3542, 1.0286, 3.2723, 2.9061, 8.6269, 2.4862, 9.6351, 0.6982]
    ],
    [
      [0.0188, 0.001, 0.0025, 0, 0.0011, 0.0179, 0.0162, 0.0143, 0, 0, 0.0209, 0.0134, 0.0049, 0, 0, 0, 0, 0.0135, 0, 0.0272, 0.0174, 0.0061, 0, 0.0336, 0.0224, 0.0124, 0, 0.0564, 0.0011, 0.0164, 0.0138, 0, 0.0035, 0, 0.0049, 0.0047, 0.0028, 0.0049, 0.0073, 0.0103, 0, 0.0382, 0.0044, 0, 0],
      [0.9565, 0.2157, 0.3214, 1.9959, 0.5348, 1.5921, 1.0721, 2.1, 2.1858, 0.1936, 2.1667, 1.0733, 0.1345, 0.311, 0.3145, 0.3025, 0.1799, 0.8916, 1.9406, 1.6869, 0.8051, 0.4518, 0.3524, 2.6919, 1.3724, 0.43, 0.3968, 2.9807, 2.4269, 1.4986, 0.7676, 2.5267, 0.2588, 0.3736, 0.3202, 1.072, 0.217, 0.3687, 0.567, 0.8724, 0.8708, 3.1978, 0.6463, 2.2948, 0.6184],
      [26.4574, 5.4376, 10.6621, 38.3367, 9.9505, 25.1731, 28.7938, 45.1016, 40.8568, 3.3237, 38.9944, 22.5798, 3.7528, 7.2484, 9.4936, 11.6182, 2.1211, 23.1402, 35.269, 32.2948, 14.8522, 11.1463, 4.2078, 50.9773, 32.9089, 10.9986, 11.0036, 88.3709, 45.8343, 42.9323, 23.8237, 64.2804, 5.1953, 6.5963, 7.4332, 18.8204, 4.471, 7.9083, 11.7543, 24.6659, 16.2047, 70.8661, 12.264, 55.8022, 13.3851],
      [36.5674, 6.3457, 11.0141, 82.6674, 27.5136, 27.2169, 34.1179, 44.784, 57.9574, 4.4827, 46.8181, 29.3335, 4.1078, 7.4406, 15.192, 8.0793, 1.699, 25.9547, 49.7904, 70.9911, 30.3253, 20.3957, 7.4398, 55.2972, 37.6963, 20.559, 16.5996, 117.592, 69.7377, 46.5527, 29.3949, 93.1929, 3.5423, 6.0302, 8.2416, 22.1029, 5.3091, 9.7181, 12.6714, 25.4514, 17.9245, 103.8979, 21.0853, 90.903, 11.9965]
    ]
  ],
  "V_est": [
    [1014.5892, 181.1783, 630.1653, 0.0672],
    [515.8278, 139.7738, 14366.961, 928.4375],
    [110.1788, 8851.6239, 1390.725, 486.4723],
    [2.9918, 787.8759, 621.8401, 150.2922],
    [0.4123, 48.5481, 1077.3087, 1475.7309]
  ],
  "p_est": [
    [0.5556, 0.0992, 0.3451, 0],
    [0.0323, 0.0088, 0.9007, 0.0582],
    [0.0102, 0.8166, 0.1283, 0.0449],
    [0.0019, 0.5041, 0.3979, 0.0962],
    [0.0002, 0.0187, 0.414, 0.5672]
  ],
  "EI_Z": {},
  "EI_V": 7.3521,
  "MAE_Z": {},
  "MAE_V": 241.0083,
  "MAE_p": 0.0797,
  "runtime": 0.015
}
