{
  "X": [
    [50, 151, 463, 74],
    [7, 32, 138, 15],
    [16, 69, 305, 29],
    [22, 324, 470, 147],
    [16, 207, 308, 80],
    [35, 285, 449, 55],
    [23, 185, 443, 67],
    [38, 317, 861, 93],
    [49, 558, 647, 122],
    [7, 16, 36, 7],
    [44, 530, 597, 98],
    [66, 388, 510, 77],
    [4, 42, 44, 8],
    [43, 95, 131, 17],
    [6, 91, 184, 35],
    [20, 60, 177, 15],
    [1, 13, 44, 3],
    [96, 274, 442, 59],
    [20, 469, 469, 98],
    [31, 366, 426, 135],
    [15, 144, 295, 66],
    [13, 142, 228, 48],
    [9, 46, 77, 15],
    [53, 401, 741, 103],
    [47, 218, 546, 75],
    [15, 94, 194, 43],
    [6, 56, 188, 33],
    [75, 360, 1253, 214],
    [38, 273, 754, 135],
    [39, 269, 654, 93],
    [12, 100, 294, 52],
    [59, 445, 1020, 185],
    [27, 77, 122, 7],
    [26, 116, 128, 13],
    [27, 137, 133, 20],
    [73, 338, 385, 50],
    [38, 109, 131, 16],
    [44, 168, 181, 26],
    [27, 133, 134, 23],
    [77, 271, 439, 56],
    [6, 174, 268, 37],
    [82, 569, 885, 190],
    [23, 187, 269, 51],
    [200, 617, 1433, 235],
    [19, 93, 191, 21]
  ],
  "W": [
    [57, 421, 166, 30, 64],
    [9, 132, 33, 6, 12],
    [19, 285, 76, 17, 22],
    [27, 408, 348, 57, 123],
    [17, 287, 216, 53, 38],
    [24, 421, 301, 24, 54],
    [18, 399, 212, 25, 64],
    [30, 796, 323, 68, 92],
    [72, 537, 603, 63, 101],
    [4, 36, 15, 3, 8],
    [46, 491, 542, 102, 88],
    [86, 417, 403, 82, 53],
    [5, 32, 49, 4, 8],
    [35, 113, 99, 24, 15],
    [12, 156, 102, 21, 25],
    [13, 154, 72, 13, 20],
    [3, 42, 12, 0, 4],
    [127, 353, 309, 32, 50],
    [24, 389, 519, 37, 87],
    [29, 366, 408, 50, 105],
    [4, 290, 151, 29, 46],
    [12, 207, 170, 10, 32],
    [5, 79, 45, 6, 12],
    [48, 662, 417, 62, 109],
    [46, 495, 235, 38, 72],
    [10, 182, 111, 11, 32],
    [8, 173, 59, 15, 28],
    [47, 1177, 429, 40, 209],
    [40, 707, 263, 72, 118],
    [42, 556, 286, 80, 91],
    [8, 259, 113, 24, 54],
    [69, 913, 504, 63, 160],
    [36, 98, 75, 15, 9],
    [21, 114, 127, 8, 13],
    [35, 96, 152, 18, 16],
    [136, 289, 347, 32, 42],
    [53, 100, 112, 19, 10],
    [55, 143, 187, 16, 18],
    [32, 100, 146, 14, 25],
    [132, 319, 302, 39, 51],
    [11, 228, 170, 41, 35],
    [99, 740, 625, 84, 178],
    [31, 240, 202, 23, 34],
    [153, 1394, 707, 82, 149],
    [36, 155, 96, 11, 26]
  ],
  "method": "mvn_pdf",
  "cond_prob": [
    [
      [0.57887076157, 0.078734151481, 0.34232501055, 7.007638956e-05],
      [0.034805143772, 0.006447501303, 0.89905508969, 0.059692265234],
      [0.013612649114, 0.77975059339, 0.15197902475, 0.054657732745],
      [0.0024313893019, 0.44675511882, 0.44331290496, 0.10750058693],
      [0.00029311921994, 0.014945363278, 0.41339650596, 0.57136501155]
    ],
    [
      [0.45566473874, 0.11059154185, 0.43360571218, 0.00013800723381],
      [0.020157825357, 0.0065626793537, 0.92170119836, 0.05157829693],
      [0.0069455286102, 0.81768698307, 0.13492328537, 0.040444202952],
      [0.0013343985145, 0.48983444045, 0.42382317675, 0.085007984288],
      [8.1297411476e-05, 0.017977113722, 0.45313191078, 0.52880967808]
    ],
    [
      [0.47647164578, 0.084116816085, 0.43940053064, 1.1007486546e-05],
      [0.021680831205, 0.006144586543, 0.9269218422, 0.045252740056],
      [0.0097041323337, 0.76643077865, 0.17679151799, 0.04707357103],
      [0.0016479428978, 0.41649790288, 0.49296574557, 0.088888408657],
      [0.0001123977311, 0.014607718327, 0.48464053865, 0.50063934529]
    ],
    [
      [0.44791103021, 0.13613593532, 0.41595303447, 0],
      [0.019816745322, 0.010861774212, 0.88196312269, 0.087358357772],
      [0.0050667416698, 0.81874096284, 0.11583247836, 0.060359817127],
      [0.0010165612588, 0.50833339603, 0.35582245663, 0.13482758608],
      [0, 0.016226562802, 0.31168074401, 0.67209269319]
    ],
    [
      [0.47474753954, 0.12982121574, 0.39543124472, 0],
      [0.022542715735, 0.013354835024, 0.86386397009, 0.10023847915],
      [0.0064562925874, 0.80721171273, 0.11669299777, 0.069638996913],
      [0.00120451999, 0.49184263262, 0.34325536488, 0.16369748251],
      [2.9832987069e-05, 0.014074005301, 0.26185493597, 0.72404122574]
    ],
    [
      [0.59397444101, 0.1157072617, 0.29031829729, 0],
      [0.041595130462, 0.013595501273, 0.90082327099, 0.043986097275],
      [0.010504196397, 0.86601256439, 0.097845392817, 0.0256378464],
      [0.0022249377963, 0.59322523076, 0.34005060034, 0.0644992311],
      [0.00033151608128, 0.02948393083, 0.46616826171, 0.50401629138]
    ],
    [
      [0.52302863936, 0.0913210503, 0.38561944366, 3.0866681853e-05],
      [0.02816817231, 0.0067266771767, 0.91312658, 0.051978570511],
      [0.010762646868, 0.79278328282, 0.15008266419, 0.046371406121],
      [0.0019393566408, 0.46120509698, 0.44440113449, 0.092454411895],
      [0.00025341699236, 0.016751461235, 0.44990299098, 0.5330921308]
    ],
    [
      [0.49073179235, 0.11610565996, 0.3931625477, 0],
      [0.02577111959, 0.0090821632341, 0.92357927194, 0.041567445239],
      [0.0081778929022, 0.83171702806, 0.12815244561, 0.031952633434],
      [0.0015948497006, 0.52268806483, 0.40501731375, 0.070699771723],
      [0.00015571574653, 0.022826519525, 0.49023484611, 0.48678291862]
    ],
    [
      [0.46179960546, 0.13639767803, 0.40174884613, 5.3870375018e-05],
      [0.02276846042, 0.0099374297197, 0.90552212262, 0.061771987244],
      [0.0057134863695, 0.84002001964, 0.11262241615, 0.04164407784],
      [0.0012465536589, 0.54166867463, 0.36572380717, 0.091360964542],
      [0, 0.021641277976, 0.40452263807, 0.57383608395]
    ],
    [
      [0.86198697523, 0.042130293211, 0.095304662141, 0.00057806942297],
      [0.092417103631, 0.014947333361, 0.83915273417, 0.053482828835],
      [0.014243033206, 0.87856718611, 0.080848515907, 0.02634126478],
      [0.0037969567689, 0.6404128399, 0.29094715026, 0.064843053065],
      [0, 0.024203564353, 0.41546421648, 0.56033221917]
    ],
    [
      [0.52323077709, 0.12393222123, 0.35283700168, 0],
      [0.030648774907, 0.010764367086, 0.90712733829, 0.051459519712],
      [0.008639301474, 0.84865688191, 0.10933943452, 0.033364382095],
      [0.0017593573506, 0.55759914352, 0.36385886444, 0.076782634693],
      [0.00023727188603, 0.024621260782, 0.4431181493, 0.53202331803]
    ],
    [
      [0.55374443894, 0.10360207555, 0.34258448065, 6.900486418e-05],
      [0.033335910637, 0.0082493149641, 0.90213746179, 0.056277312605],
      [0.010653377135, 0.82425349439, 0.12325324554, 0.041839882941],
      [0.0020760736077, 0.51710693737, 0.39140948003, 0.089407508991],
      [0.0002519715877, 0.020251510584, 0.42603354306, 0.55346297477]
    ],
    [
      [0.52131834609, 0.091974506734, 0.38637096183, 0.00033618534169],
      [0.025657284445, 0.0036444793572, 0.92376109325, 0.046937142949],
      [0.01142948855, 0.80385952755, 0.14257950889, 0.042131475011],
      [0.0018528507573, 0.47496102896, 0.44215286617, 0.081033254113],
      [0.00061485316676, 0.016817895133, 0.46909785084, 0.51346940086]
    ],
    [
      [0.8316277015, 0.037435330489, 0.13086416537, 7.2802633067e-05],
      [0.10047193009, 0.01129598959, 0.84783265228, 0.040399428036],
      [0.02462774852, 0.80548740188, 0.13700753406, 0.032877315542],
      [0.0042314684863, 0.51495989572, 0.40843997035, 0.072368665442],
      [0, 0.020735088401, 0.48322395623, 0.49604095537]
    ],
    [
      [0.36677331387, 0.11401324371, 0.51919404785, 1.9394569821e-05],
      [0.0087857680115, 0.0080022232381, 0.91481830251, 0.068393706243],
      [0.0021811198213, 0.77479603692, 0.15889438996, 0.064128453295],
      [0.00026981914261, 0.43046787938, 0.44558154915, 0.12368075233],
      [0, 0.0125789207, 0.37974303705, 0.60767804225]
    ],
    [
      [0.72967283355, 0.037502144619, 0.23282502183, 0],
      [0.054646110782, 0.0087360753447, 0.91280251173, 0.023815302146],
      [0.028310497671, 0.73410285806, 0.20425245785, 0.033334186413],
      [0.0046458670026, 0.38532284351, 0.54440700301, 0.065624286474],
      [0, 0.015125688532, 0.58091099528, 0.40396331618]
    ],
    [
      [0.2719687255, 0.26645058007, 0.46158069442, 0],
      [0.0043831862735, 0.019211629258, 0.94808851455, 0.028316669918],
      [0, 0.9344900883, 0.056205249638, 0.0093046620669],
      [0.00041749791926, 0.73255456738, 0.23589976225, 0.031128172453],
      [0, 0.044969692852, 0.53026932749, 0.42476097966]
    ],
    [
      [0.60881437202, 0.076955229668, 0.31421684153, 1.3556777907e-05],
      [0.039702134701, 0.0068163187373, 0.9050495773, 0.048431969265],
      [0.014773005023, 0.79565361787, 0.14692982515, 0.042643551955],
      [0.0027308286314, 0.47099922838, 0.43970111304, 0.086568829949],
      [0.00026952270639, 0.017831641748, 0.46280417502, 0.51909466053]
    ],
    [
      [0.43156043328, 0.14747857166, 0.42092399796, 3.699709112e-05],
      [0.019577239553, 0.010685853588, 0.90818176565, 0.061555141208],
      [0.0038313593646, 0.84587899019, 0.10990535905, 0.040384291394],
      [0.0010412947234, 0.55005167493, 0.35960207447, 0.089304955871],
      [0, 0.022305854647, 0.40539033456, 0.57230381079]
    ],
    [
      [0.54024243931, 0.11245750902, 0.34730005167, 0],
      [0.030849103399, 0.010288194528, 0.87079994598, 0.088062756091],
      [0.0096174994227, 0.8139397436, 0.1154129921, 0.061029764879],
      [0.0018206420443, 0.50397969012, 0.35664361636, 0.13755605147],
      [0.00025929094613, 0.016065268072, 0.30756987311, 0.67610556787]
    ],
    [
      [0.58652337816, 0.10572822874, 0.3077483931, 0],
      [0.037629616257, 0.0097334725251, 0.87081675581, 0.081820155412],
      [0.01099756436, 0.82581635704, 0.1078766707, 0.0553094079],
      [0.0021806882843, 0.52589848526, 0.34795155948, 0.12396926698],
      [0.00037925204687, 0.017501175366, 0.322873364, 0.65924620859]
    ],
    [
      [0.50657600983, 0.10079352048, 0.39263046969, 0],
      [0.025681568158, 0.0075103127802, 0.89163254316, 0.075175575902],
      [0.0093072486527, 0.78930384767, 0.13819602081, 0.063192882867],
      [0.0016634544095, 0.46023774255, 0.40808650697, 0.13001229607],
      [0.00019176432193, 0.01411910873, 0.34832216632, 0.63736696063]
    ],
    [
      [0.71929743182, 0.097168394135, 0.18336236515, 0.00017180888742],
      [0.062086665678, 0.01713389072, 0.84986700787, 0.070912435731],
      [0.010725843678, 0.8870598715, 0.069459096857, 0.032755187968],
      [0.0026672144709, 0.64841571843, 0.26837188566, 0.080545181438],
      [0, 0.029366011204, 0.35065032332, 0.61998366547]
    ],
    [
      [0.54814256158, 0.1131995258, 0.33865791262, 0],
      [0.033826066755, 0.010229592726, 0.91027647001, 0.045667870504],
      [0.0099257334384, 0.844184795, 0.11467447971, 0.031214991844],
      [0.0019953737963, 0.54963704254, 0.37652911096, 0.071838472707],
      [0.00030786085438, 0.024696112138, 0.46768196444, 0.50731406256]
    ],
    [
      [0.57438291976, 0.089292136365, 0.33632494388, 0],
      [0.035445224108, 0.0073679259973, 0.90768875201, 0.049498097888],
      [0.012432551708, 0.80948583533, 0.13734517388, 0.040736439082],
      [0.002339604262, 0.49062754229, 0.42205647936, 0.084976374083],
      [0.00031173811304, 0.019061395137, 0.45706747584, 0.52355939091]
    ],
    [
      [0.61764205065, 0.075916166856, 0.30644178249, 0],
      [0.039302845009, 0.0070916193882, 0.87842874396, 0.075176791645],
      [0.01467870039, 0.77982087517, 0.13986113144, 0.065639292992],
      [0.0026106435274, 0.45091409796, 0.41257711335, 0.13389814516],
      [0.00038777749126, 0.013437230655, 0.3437067793, 0.64246821255]
    ],
    [
      [0.41131547921, 0.11296406393, 0.47564447196, 7.5984898489e-05],
      [0.013799819084, 0.0067347636587, 0.91379026313, 0.065675154126],
      [0.0052394225222, 0.7917197424, 0.14637052954, 0.056670305534],
      [0.00086543573379, 0.45486113879, 0.43131125573, 0.11296216974],
      [0, 0.014171124715, 0.39298566513, 0.59284321016]
    ],
    [
      [0.58269484023, 0.073151030095, 0.34413691264, 1.7217025981e-05],
      [0.034996589708, 0.0066770933725, 0.90069929732, 0.057627019601],
      [0.014603132577, 0.7659821889, 0.16288641872, 0.056528259811],
      [0.0025293398494, 0.42789827919, 0.46133341338, 0.10823896758],
      [0.00027004283879, 0.014261590823, 0.42282718659, 0.56264117975]
    ],
    [
      [0.47697608541, 0.13172507463, 0.39126540283, 3.3437131157e-05],
      [0.024075290616, 0.0095104167407, 0.90058163145, 0.065832661196],
      [0.0068516547915, 0.8362940205, 0.112414687, 0.044439637717],
      [0.0013421556854, 0.53659608695, 0.36442752393, 0.097634233438],
      [9.3703248706e-06, 0.02056683668, 0.38842649196, 0.59099730104]
    ],
    [
      [0.50726152463, 0.088975658732, 0.4037620987, 7.1793295766e-07],
      [0.026113563365, 0.0070718447602, 0.91925446045, 0.047560131424],
      [0.010527468733, 0.78371155606, 0.16055769942, 0.045203275787],
      [0.0018583466738, 0.4461369449, 0.46355845795, 0.088446250484],
      [0.00017968069101, 0.016468307928, 0.47178388104, 0.51156813034]
    ],
    [
      [0.50933362475, 0.082952732407, 0.4076734155, 4.0227344231e-05],
      [0.025626280043, 0.0062809423017, 0.91376622149, 0.054326556162],
      [0.010877217598, 0.76799637756, 0.16728406844, 0.053842336404],
      [0.0018835116266, 0.42326966793, 0.47276454661, 0.10208227383],
      [0.00025545561533, 0.014213914637, 0.44117986031, 0.54435076944]
    ],
    [
      [0.48379701443, 0.10284790567, 0.41333790622, 1.7173680143e-05],
      [0.023310423098, 0.0074559905491, 0.90625415412, 0.062979432237],
      [0.0084082159638, 0.79246977309, 0.14468071666, 0.054441294291],
      [0.0015531566625, 0.46293168576, 0.42651068154, 0.10900447604],
      [0, 0.015791958112, 0.4017524227, 0.58245561919]
    ],
    [
      [0.60575145435, 0.09474863555, 0.2994999101, 0],
      [0.042968851047, 0.012277092389, 0.92654841386, 0.018205642704],
      [0.012533419351, 0.85080540357, 0.12342811529, 0.013233061786],
      [0.0025653877194, 0.55444321553, 0.39758778467, 0.045403612083],
      [0.00039033041249, 0.028760062823, 0.57725925124, 0.39359035553]
    ],
    [
      [0.75345680826, 0.064929478355, 0.18161371339, 0],
      [0.072199216584, 0.013234019754, 0.88059658523, 0.033970178431],
      [0.015064283549, 0.85169988717, 0.11247686667, 0.020758962609],
      [0.0041915406659, 0.57354328435, 0.36465950814, 0.057605666845],
      [0, 0.028736212077, 0.50740485924, 0.46385892868]
    ],
    [
      [0.60467774634, 0.08511093909, 0.31010702175, 0.00010429282582],
      [0.039085464991, 0.0070781510637, 0.90653894981, 0.047297434135],
      [0.013376076367, 0.81564074531, 0.1329699537, 0.038013224626],
      [0.0025544856648, 0.50244596219, 0.41521335049, 0.079786201659],
      [0.00030811807704, 0.020012126443, 0.46457761165, 0.51510214383]
    ],
    [
      [0.46805158802, 0.14120352586, 0.39074488612, 0],
      [0.0245548377, 0.010794601738, 0.91418894029, 0.050461620268],
      [0.0063427614265, 0.85442800798, 0.10766790109, 0.031561329507],
      [0.0013424351206, 0.56619296885, 0.3586546788, 0.073809917228],
      [0.00011285226314, 0.02552349546, 0.44810429389, 0.52625935839]
    ],
    [
      [0.61176806738, 0.091411295236, 0.29648439979, 0.00033623759705],
      [0.041196771609, 0.0081525857047, 0.90030822295, 0.050342419736],
      [0.012555761646, 0.83092021893, 0.11967835648, 0.036845662939],
      [0.0025030705028, 0.5294652683, 0.38844786461, 0.079583796583],
      [0.00028116243059, 0.021703816368, 0.44710191626, 0.53091310494]
    ],
    [
      [0.63516276417, 0.083365760493, 0.28126343997, 0.00020803536559],
      [0.044782827242, 0.0078228877999, 0.89513512601, 0.052259158945],
      [0.013970880472, 0.82172637344, 0.12449923087, 0.03980351522],
      [0.0027918122605, 0.51653964393, 0.39603223448, 0.084636309326],
      [0.0002711128079, 0.020485782266, 0.43935088101, 0.53989222391]
    ],
    [
      [0.63763773125, 0.085139466831, 0.27722280192, 0],
      [0.045283540872, 0.0084973744852, 0.90102937845, 0.045189706194],
      [0.013842428018, 0.83166015275, 0.12175067923, 0.032746740008],
      [0.0027842014224, 0.53117096894, 0.39257649918, 0.073468330461],
      [0.00029060809067, 0.022680949874, 0.47017049352, 0.50685794852]
    ],
    [
      [0.4975657072, 0.091889011442, 0.41054528136, 0],
      [0.02554249008, 0.0074271313846, 0.92181721882, 0.045213159711],
      [0.010238409717, 0.78822456243, 0.15897640836, 0.042560619492],
      [0.0018199718592, 0.45090094343, 0.46337309157, 0.083905993137],
      [0.00020183681087, 0.017106684909, 0.48364517958, 0.4990462987]
    ],
    [
      [0.35126578844, 0.16790002536, 0.4808341862, 0],
      [0.0093687558209, 0.011966432757, 0.93073523692, 0.047929574505],
      [0, 0.85595889798, 0.11320863515, 0.030832466867],
      [0, 0.56197417135, 0.36714615412, 0.070879674528],
      [0, 0.02487998202, 0.46299227542, 0.51212774256]
    ],
    [
      [0.5350154631, 0.10376743792, 0.36118814131, 2.8957678227e-05],
      [0.030451841467, 0.0079257053818, 0.89833613272, 0.063286320427],
      [0.01008038987, 0.81253242833, 0.1283624149, 0.049024766896],
      [0.0019126444841, 0.49799285707, 0.39739350748, 0.10270099096],
      [0.00021461046453, 0.017965359339, 0.39812399917, 0.58369603103]
    ],
    [
      [0.49302372557, 0.1273385124, 0.37960317808, 3.458395588e-05],
      [0.025804281845, 0.0091388426841, 0.8923346186, 0.072722256867],
      [0.007351611527, 0.83176540791, 0.1115062378, 0.049376742758],
      [0.001471401226, 0.53027381687, 0.36016024864, 0.10809453327],
      [0.00012850316891, 0.019008049572, 0.36070727235, 0.62015617491]
    ],
    [
      [0.71085451587, 0.060347010984, 0.22879847315, 0],
      [0.05551396668, 0.0081629940912, 0.86890158126, 0.067421457968],
      [0.019156615243, 0.78578622291, 0.13780637418, 0.057250787671],
      [0.0037690554152, 0.47002522738, 0.40870390094, 0.11750181626],
      [0, 0.015401109491, 0.37451142893, 0.61008746158]
    ],
    [
      [0.43118432956, 0.12899211522, 0.43982355523, 0],
      [0.018987745416, 0.0092520794508, 0.9352041142, 0.036556060936],
      [0.0054326356723, 0.83849098623, 0.1285862615, 0.027490116592],
      [0.0011573247242, 0.52806206862, 0.40730359978, 0.063477006877],
      [0, 0.023784388621, 0.51481129267, 0.46140431871]
    ]
  ],
  "expected_outcome": [
    [
      [32.9956334098, 4.1009826487, 9.0529612699, 12.0935978156, 8.0707081721, 14.2553865843, 9.4145155085, 14.7219537704, 33.2495715932, 3.4479479009, 24.0686157462, 47.6220217491, 2.6065917305, 29.1069695526, 4.4012797664, 9.4857468362, 0.81590617651, 77.3194252466, 10.3574503988, 15.6670307401, 2.3460935126, 6.078912118, 3.5964871591, 26.310842956, 26.421614309, 6.1764205065, 3.2905238337, 27.386657491, 19.0790434163, 21.3049840346, 4.074668998, 33.3819939957, 21.8070523566, 15.8225929734, 21.1637211218, 63.6550159709, 32.4237075709, 34.9339520294, 20.4044073999, 65.6786733498, 3.8639236728, 52.9665308467, 15.2837354927, 108.7607409281, 15.5226358641],
      [4.4878466344, 0.99532387661, 1.5982195056, 3.6756702536, 2.2069606676, 2.7769742807, 1.6437789054, 3.4831697987, 9.820632818, 0.16852117284, 5.7008821766, 8.909778497, 0.45987253367, 1.3102365671, 1.3681589245, 0.48752788005, 0.79935174022, 9.7733141678, 3.5394857199, 3.2612677616, 0.42291291495, 1.2095222458, 0.48584197068, 5.4335772384, 4.1074382728, 0.75916166856, 0.9037125114, 3.4380984145, 5.2690029852, 3.7369776667, 0.66362185926, 7.0965054914, 3.4109508798, 1.3635190454, 2.9788828681, 19.2036795164, 4.8447986475, 4.5851168271, 2.7244629386, 12.1293495103, 1.846900279, 10.2729763539, 3.9474938843, 9.2330926805, 4.6437161478],
      [19.5125256016, 3.9024514096, 8.3486100822, 11.2307319308, 6.7223311603, 6.967639135, 6.9411499858, 11.7948764309, 28.9259169217, 0.38121864856, 16.2305020772, 29.4622653357, 1.9318548091, 4.5802457881, 6.2303285742, 3.0267252838, 1.3847420833, 39.9055388748, 10.1021759511, 10.0717014983, 1.2309935724, 4.7115656362, 0.91681182576, 16.2555798057, 15.4709474183, 3.0644178249, 3.8051557757, 16.1744348943, 15.6506161132, 16.9580081455, 3.261387324, 28.5203155289, 10.7819967636, 3.8138879811, 10.8537457611, 53.1413045127, 15.7136731889, 15.4694891983, 8.8711296615, 54.1919771399, 5.2891760482, 35.7576259893, 11.7676985204, 35.0061663914, 15.8336479881],
      [0.0039943542049, 0.0012420651043, 0.00020914224437, 0, 0, 0, 0.00055560027336, 0, 0.0038786670013, 0.0023122776919, 0, 0.0059344183195, 0.0016809267085, 0.0025480921574, 0.00023273483786, 0, 0, 0.0017217107943, 0.00088793018688, 0, 0, 0, 0.00085904443712, 0, 0, 0, 0.00060787918791, 0.00080920022109, 0.0013374852463, 3.0153184222e-05, 0.00032181875384, 0.0011849839299, 0, 0, 0.0036502489036, 0, 0.017820592644, 0.011441945107, 0, 0, 0, 0.0028668101445, 0.0010721026323, 0, 0]
    ],
    [
      [14.6529655282, 2.6608329472, 6.1790368934, 8.0852320915, 6.469759416, 17.5115499247, 11.2391007519, 20.5138111939, 12.2266632455, 3.3270157307, 15.0485484791, 13.9010747355, 0.82103310223, 11.3533281002, 1.3705798098, 8.4155010605, 0.18409382349, 14.0148535496, 7.6155461862, 11.2907718439, 10.9125887146, 5.3160846086, 4.9048465885, 22.3928561917, 17.5453859335, 7.1531177916, 2.3873687015, 41.1909860861, 17.0212304658, 14.519141231, 6.6372065311, 21.2824162888, 4.2109474026, 8.2307106905, 3.7522046392, 7.0963480952, 4.1196771609, 6.4039442957, 4.5283540872, 8.1480543356, 2.1360763272, 22.5343626854, 6.1930276429, 77.3864695513, 2.9431005394],
      [2.7143980486, 0.86627367469, 1.7512071648, 4.4316038787, 3.8328376519, 5.723706036, 2.6839441935, 7.2294019344, 5.3363997595, 0.538104001, 5.2853042393, 3.43996434, 0.11662333943, 1.2764468237, 1.2483468251, 1.3453556031, 0.80688842883, 2.4061605143, 4.1567970459, 3.7654791973, 2.8227070323, 1.5546347455, 1.3535773669, 6.7719903846, 3.6471233686, 1.2906747286, 1.165114113, 7.8589388995, 6.7238646357, 3.9319456867, 1.6267640561, 6.8073193713, 1.2031550541, 1.5086782519, 0.67950250212, 3.1196399022, 0.81525857047, 1.1186729554, 0.84973744852, 2.3692549117, 2.7283466686, 5.8650219826, 2.1933222442, 11.3792137632, 1.4340723149],
      [378.5021927598, 121.6645581834, 264.172725026, 359.8409540589, 247.9289594166, 379.2465970866, 364.3375054208, 735.1691004613, 486.2653798451, 30.2094984302, 445.3995231028, 376.1913215683, 29.560354984, 95.805089708, 142.7116551911, 140.5715868061, 39.8197176111, 319.4825007857, 353.282706838, 318.7127802295, 252.5368591836, 184.5679364342, 67.1394936218, 602.6030231498, 449.3059322431, 159.8740314004, 158.0857155217, 1060.1230729445, 636.711213433, 511.1054800107, 236.6654513669, 827.4100427075, 90.8017445582, 100.3880107164, 87.0277391818, 264.2006037452, 90.030822295, 128.0043230198, 90.1029378448, 294.059692805, 212.207634017, 664.7687382163, 214.1603084648, 1211.2488042785, 144.9566377006],
      [25.1304436635, 6.8083351948, 12.8970309159, 35.6422099709, 28.7684435155, 18.5181469527, 20.7394496338, 33.0876864104, 33.1715571499, 1.9253818381, 25.2666241788, 23.4676393561, 1.5019885744, 4.565135368, 10.6694181739, 3.6675565304, 1.1893001366, 17.0964851504, 23.9449499299, 32.2309687293, 23.7278450695, 15.5613442116, 5.6020824227, 30.2321302738, 24.5015584548, 13.6821760794, 11.3618016638, 67.8270020699, 46.5436914655, 26.4434330717, 14.0705780459, 57.5002216324, 1.784152985, 3.8726003411, 4.5405536769, 14.5834082574, 5.0342419736, 7.4730597292, 4.5189706194, 14.4229979477, 10.9279429872, 46.8318771157, 17.4533416482, 93.985512407, 5.6661894451]
    ],
    [
      [2.2596997529, 0.22920244414, 0.73751405736, 1.7632261011, 1.3945591989, 3.1617631155, 2.2816811361, 2.6414594074, 3.4452322808, 0.21364549808, 4.6825013989, 4.2933109854, 0.56004493893, 2.4381471035, 0.22247422177, 2.0383558323, 0, 4.5648585523, 1.9884755102, 3.9239397644, 1.6606322183, 1.582232271, 0.4826629655, 4.1390308438, 2.9216496515, 1.6293357433, 0.30912592881, 6.2647438756, 1.8019852102, 3.0108560577, 1.2291255886, 4.2377408458, 0.94000645131, 1.9131640107, 2.0331636078, 2.200938215, 1.4062453043, 2.6125546482, 2.0209944907, 3.0919997347, 0, 6.3002436686, 1.4850255285, 13.5437269766, 0.52153302454],
      [129.4385985027, 26.9836704413, 58.2487391775, 284.9218550694, 174.3577299502, 260.6697818802, 168.0700559576, 268.6446000622, 506.5320718453, 13.1785077916, 459.9720299966, 332.1741582377, 39.38911685, 79.7432527858, 79.0291957658, 52.8554057806, 11.2138810595, 245.8569679225, 439.0111959074, 332.0874153874, 124.6982699134, 134.1816541039, 39.9176942174, 352.0250595166, 190.2291713015, 86.5601171443, 46.7114648017, 328.6063590364, 219.9453273903, 224.1415050335, 86.7835906639, 399.4047656366, 63.8104052677, 108.1658856709, 123.9773932873, 296.4865187687, 93.0630645206, 153.6628318338, 121.4223823009, 238.0438178538, 145.5130126564, 507.8327677071, 168.0166123981, 555.5508595967, 80.4951346784],
      [25.2285181087, 4.4524684171, 13.4361553669, 40.3097024693, 25.2056875177, 29.4514632378, 31.8175248088, 41.3932399312, 67.9113169363, 1.2127277386, 59.2619735087, 49.6710579514, 6.9863959355, 13.5637458721, 16.2072277763, 14.7061769653, 0.67446299565, 45.4013159712, 57.0408813488, 47.0885007774, 16.2893772754, 23.4933235377, 3.1256593586, 47.8192580408, 32.2761158627, 15.5245855902, 8.6358612429, 69.8782736293, 29.5650626799, 45.9195020338, 18.9030997339, 72.9190811952, 9.257108647, 14.2845620671, 20.2114329618, 37.3607616774, 13.4039759259, 23.281356172, 17.7755991673, 48.010875325, 19.2454679762, 80.2265093142, 22.5242600362, 97.4291065431, 12.3442811042],
      [9.0731836356, 1.3346586974, 3.5775913983, 21.0052163602, 15.0420233332, 7.7169917665, 9.8307380976, 10.3207005993, 25.1113789376, 0.3951189717, 18.0834950957, 16.8614728254, 2.0644422755, 3.2548542387, 6.541102236, 2.4000614217, 0.1116559448, 13.176857554, 20.9594472336, 24.9001440708, 8.3517205929, 10.7427900875, 1.4739834586, 13.0166515988, 9.5730631843, 7.2859615221, 3.3435480265, 24.2506234587, 11.6876247196, 12.9281368751, 6.0841840136, 27.4384123224, 0.99247963398, 2.6363882513, 5.7780101431, 10.951781339, 4.1267142492, 7.4432573461, 4.7810240412, 12.8533070865, 5.2415193674, 30.6404793102, 9.9741020372, 40.4763068836, 2.6390511929]
    ],
    [
      [0.072941679058, 0.0080063910872, 0.028015029262, 0.057943991753, 0.063839559473, 0.053398507112, 0.04848391602, 0.10844977964, 0.078532880509, 0.011390870307, 0.17945444976, 0.17023803583, 0.007411403029, 0.10155524367, 0.0056662019948, 0.060396271033, 0, 0.087386516205, 0.038527904767, 0.091032102213, 0.063239960244, 0.016634544095, 0.016003286825, 0.12371317537, 0.088904961956, 0.028717078801, 0.012981536007, 0.10117359397, 0.096635209351, 0.1486677339, 0.045204279039, 0.097848869737, 0.03848081579, 0.033532325327, 0.045980741966, 0.042957923861, 0.047558339553, 0.044668996168, 0.038978819914, 0.070978902508, 0, 0.16066213666, 0.033842228198, 0.30906254404, 0.012730571966],
      [13.4026535645, 2.9390066427, 7.0804643489, 28.9750035737, 26.0676595288, 14.2374055383, 11.5301274244, 35.5427884085, 34.1251265016, 1.9212385197, 56.8751126386, 42.4027688644, 1.8998441158, 12.3590374974, 9.039825467, 5.0091969657, 0, 15.071975308, 20.3519119725, 25.1989845062, 15.2510560726, 4.6023774255, 3.8904943106, 34.0774966374, 18.6438466072, 4.9600550775, 6.8229170819, 17.1159311677, 38.6349182605, 35.6909555917, 10.1584720304, 29.1646962027, 8.316648233, 4.5883462748, 9.0440273194, 18.1181750034, 10.0598400977, 8.2646343029, 7.4363935651, 17.5851367938, 23.0409410254, 41.8313999941, 12.1962977879, 38.5420686454, 5.8086827548],
      [13.2993871487, 2.5429390605, 8.3804176746, 20.2818800279, 18.1925343387, 8.1612144082, 11.1100283622, 27.5411773347, 23.0405998518, 0.87284145078, 37.1136041729, 32.0955773626, 1.7686114647, 9.8025592884, 9.3572125321, 7.0772910391, 0, 14.0704356174, 13.3052767555, 17.8321808181, 10.0905952248, 4.0808650697, 1.610231314, 23.3448048794, 16.0381462157, 4.5383482469, 6.469668836, 18.4533365351, 26.2387817226, 37.0846766357, 11.3463491187, 26.8701729369, 5.96381677, 2.9172760651, 7.4738403088, 11.4769497215, 7.3805094276, 6.3365157517, 5.4960709885, 18.0715505714, 15.052992319, 33.3810546285, 8.2836857187, 33.5137198771, 4.4803395976],
      [3.2250176078, 0.51004790573, 1.5111029472, 7.6851724066, 8.675966573, 1.5479815464, 2.3113602974, 4.8075844772, 5.7557407662, 0.1945291592, 7.8318287387, 7.3314157372, 0.32413301645, 1.7368479706, 2.5972957989, 0.85311572417, 0, 2.7702025584, 3.3042833672, 6.8778025735, 3.5951087424, 1.3001229607, 0.48327108863, 4.4539853078, 3.2291022151, 1.4728795968, 1.6944325461, 4.3295587032, 7.0296648075, 7.0757000387, 2.4499745719, 6.8672819906, 0.68105418124, 0.46084533476, 1.4361516299, 2.3619173513, 1.5120921351, 1.3541809492, 1.0285566265, 3.2723337323, 2.9060666557, 8.6268832407, 2.4861742652, 9.6351489334, 0.69824707565]
    ],
    [
      [0.018759630076, 0.00097556893771, 0.0024727500843, 0, 0.0011336535086, 0.017901868389, 0.016218687511, 0.014325848681, 0, 0, 0.020879925971, 0.013354494148, 0.0049188253341, 0, 0, 0, 0, 0.013476135319, 0, 0.027225549344, 0.017445594156, 0.0061364583017, 0, 0.033556833127, 0.022445144139, 0.01240887972, 0, 0.056438953308, 0.0011056983347, 0.016350942882, 0.013794603228, 0, 0.0035129737124, 0, 0.0049298892326, 0.0047397950518, 0.0028116243059, 0.0048800305421, 0.0072652022667, 0.010293677354, 0, 0.038200662686, 0.004369107743, 0, 0],
      [0.95650324982, 0.21572536467, 0.3213698032, 1.9958672246, 0.53481220145, 1.5921322648, 1.0720935191, 2.1000397963, 2.1857690756, 0.19362851483, 2.1666709489, 1.0733300609, 0.13454316106, 0.31102632602, 0.31447301749, 0.30251377065, 0.17987877141, 0.89158208739, 1.9406093543, 1.6868531475, 0.80505406684, 0.45181147935, 0.35239213445, 2.691876223, 1.3724204499, 0.42999138096, 0.39679149201, 2.980672482, 2.4268867282, 1.4986160214, 0.76755139039, 2.526713298, 0.2588405654, 0.373570757, 0.32019402309, 1.0719868093, 0.21703816368, 0.36874408079, 0.56702374685, 0.87244093037, 0.87079937071, 3.1978339623, 0.64627368545, 2.2947653142, 0.61839410414],
      [26.4573763812, 5.4375829294, 10.6620918502, 38.3367315131, 9.9504875668, 25.1730861325, 28.7937914224, 45.1016058419, 40.8567864451, 3.3237137318, 38.9943971384, 22.579777782, 3.7527828067, 7.2483593435, 9.4935759262, 11.6182199057, 2.1210773099, 23.1402087509, 35.2689591066, 32.2948366767, 14.8521747438, 11.1463093221, 4.2078038799, 50.9773341244, 32.9088582602, 10.9986169376, 11.0035986236, 88.3708819968, 45.8343260513, 42.9323331743, 23.8237124565, 64.2803876314, 5.1953332611, 6.5962631702, 7.4332417864, 18.8203803433, 4.4710191626, 7.9083158582, 11.7542623379, 24.6659041587, 16.2047296396, 70.8660718517, 12.26404726, 55.8022029099, 13.3850936095],
      [36.567360739, 6.345716137, 11.0140655965, 82.6674012622, 27.5135665782, 27.2168797343, 34.117896371, 44.7840285131, 57.9574444793, 4.4826577534, 46.8180519868, 29.3335376629, 4.1077552069, 7.4406143305, 15.1919510563, 8.0792663237, 1.6990439186, 25.9547330264, 49.7904315391, 70.9910846264, 30.3253255952, 20.3957427402, 7.4398039857, 55.2972328195, 37.6962761458, 20.5589828017, 16.5996098844, 117.592006568, 69.7376815222, 46.5526998614, 29.3949415499, 93.1928990706, 3.5423131997, 6.0301660728, 8.2416343012, 22.1028930523, 5.3091310494, 9.7180600304, 12.671448713, 25.4513612335, 17.9244709897, 103.8978935233, 21.0853099468, 90.903031776, 11.9965122864]
    ]
  ],
  "prob": [
    [0.55563484585, 0.099221405641, 0.34510694665, 3.6801853185e-05],
    [0.032338273776, 0.008762696612, 0.90069343341, 0.058205596199],
    [0.010165034428, 0.81664580641, 0.12830750445, 0.044881654713],
    [0.0019141582265, 0.504079296, 0.3978503309, 0.096156214877],
    [0.0001584661827, 0.018657995511, 0.41403099582, 0.56715254249]
  ],
  "iterations": 121,
  "time": 0.013799,
  "message": "Converged",
  "status": 0,
  "miniter": 0,
  "maxiter": 1000,
  "maxtime": 3600,
  "param_threshold": 0.001,
  "ll_threshold": "-Inf",
  "initial_prob": "group_proportional",
  "adjust_prob_cond_method": "project_lp",
  "adjust_prob_cond_every": false,
  "candidates_id": ["GREEN, Richard Arthur.c", "HARRIS, Mita Whare.c", "CUNLIFFE, David Richard.c", "Other candidates votes.c"],
  "group_id": ["Green Party.p", "Labour Party.p", "National Party.p", "New Zealand First Party.p", "Other parties votes.p"]
}
