{
  "Z_true": {},
  "V_true": [
    [111, 444, 470, 118, 11359, 585],
    [479, 140, 62, 6030, 574, 524],
    [18, 28, 18, 108, 562, 427],
    [5, 3, 558, 17, 246, 20],
    [266, 348, 30, 512, 770, 613]
  ],
  "p_true": [
    [0.0085, 0.0339, 0.0359, 0.009, 0.868, 0.0447],
    [0.0613, 0.0179, 0.0079, 0.7722, 0.0735, 0.0671],
    [0.0155, 0.0241, 0.0155, 0.093, 0.4841, 0.3678],
    [0.0059, 0.0035, 0.6572, 0.02, 0.2898, 0.0236],
    [0.1048, 0.1371, 0.0118, 0.2017, 0.3033, 0.2414]
  ],
  "Z_est": [
    [
      [0.4544, 0.5246, 0, 0, 0, 1.0508, 0, 0, 0, 0.0711, 0.0993, 0, 0, 0, 0.1865, 1.4788, 0.5834, 0.8551, 0.2563, 6.7609, 0.3261, 0, 0, 0, 0, 0, 0, 0.4536, 0.0242, 0, 0, 0.0161, 0, 0, 3.3204, 0, 2.3607, 0.0684],
      [0.0847, 0.0182, 0.0908, 0.0182, 0.6888, 3.6296, 0.327, 0.6615, 2.2572, 0.0363, 0.0454, 1.8156, 0.5568, 2.8362, 0.6441, 2.7663, 0.1272, 0.2906, 1.3167, 2.9451, 1.6784, 2.8083, 1.6299, 0.266, 0.0727, 0.2362, 0.218, 1.4297, 0.4783, 0, 0.1544, 0.1313, 17.6652, 0.0545, 0.6449, 0.9974, 12.1672, 0.2442],
      [0, 0, 3.9861, 3.5186, 2.5175, 6.8031, 12.3475, 15.1056, 5.0322, 0.2098, 0.8392, 15.3295, 0.2098, 33.9322, 1.2588, 6.5115, 10.3767, 5.9445, 5.3085, 5.6644, 1.5021, 8.5151, 25.711, 25.4203, 4.2536, 1.049, 18.412, 12.5466, 0, 0.6386, 10.5108, 0, 2.9371, 0.2098, 13.0072, 6.3069, 61.6443, 1.049],
      [0.0574, 0.2941, 2.2066, 0.6495, 2.4884, 13.4818, 7.6907, 0.2201, 1.0622, 0.2281, 0.1435, 0.6564, 2.2718, 0.6076, 0.2536, 2.3138, 1.84, 10.5091, 0.3973, 1.8614, 0.4019, 0.5359, 0.4641, 0.4019, 2.6073, 2.5999, 2.9629, 0.4306, 0.1752, 1.7323, 3.2905, 0.3324, 9.7131, 0.2584, 11.1802, 1.3587, 3.274, 0.2252],
      [12.0979, 17.5519, 239.0655, 107.6899, 68.386, 725.8684, 582.3359, 317.5812, 485.2471, 48.8143, 69.3997, 402.1005, 19.6561, 617.4415, 132.6031, 483.8133, 267.3174, 364.1031, 175.9171, 576.6394, 226.1483, 337.6156, 560.0731, 523.499, 182.2943, 368.8218, 366.8948, 311.3447, 16.7219, 16.5624, 288.9028, 10.0432, 464.7709, 83.5962, 977.4618, 223.1291, 1283.4555, 48.4964],
      [0.3056, 0.6112, 11.651, 4.1239, 2.9193, 32.1663, 43.299, 14.4316, 25.4013, 3.6403, 3.4729, 12.0981, 0.3056, 27.1824, 4.0539, 27.1163, 10.7554, 25.2975, 7.8042, 14.1288, 12.9432, 14.5251, 8.1219, 30.4127, 3.7721, 37.2932, 21.5124, 11.7949, 0.6005, 6.0668, 31.1415, 1.477, 18.9137, 7.8812, 44.3855, 2.2078, 58.0983, 0.9169]
    ],
    [
      [2.598, 2.7293, 4.9145, 0, 0, 49.6934, 18.9915, 0.2715, 11.7552, 2.6392, 4.0863, 2.1719, 0.2715, 5.1609, 7.27, 78.5715, 7.0839, 13.9987, 9.2847, 25.4803, 9.1865, 3.1442, 4.7991, 6.5077, 4.2197, 10.1431, 7.7373, 7.4247, 0.5509, 0.5702, 8.2355, 0.5488, 20.6332, 0.8145, 37.6668, 3.2179, 34.5959, 3.8548],
      [0.7841, 0.1164, 0.5821, 0.1164, 0.5471, 7.9734, 5.2326, 1.2504, 6.2558, 0.5997, 0.2911, 3.5135, 1.9925, 5.1905, 1.8101, 20.2539, 0.815, 2.8747, 1.5379, 7.1539, 3.029, 6.2127, 2.3575, 2.35, 0.4657, 1.5136, 2.3216, 2.1144, 1.3099, 0, 0.9896, 0.1404, 12.279, 0.3493, 5.3074, 2.2821, 11.0223, 0.5101],
      [0, 0, 0.2426, 1.4158, 0.1532, 0.3447, 4.3433, 2.4073, 2.282, 0.0128, 0.0511, 3.6458, 0.0128, 5.9674, 0.0766, 1.532, 1.4281, 1.8902, 1.6073, 2.9695, 0.8335, 1.2845, 9.2242, 11.1874, 0.6483, 0.0638, 2.1059, 1.5965, 0, 0.1411, 2.6622, 0, 2.5586, 0.0128, 3.0838, 0.9693, 6.8425, 0.0638],
      [31.8555, 45.6328, 142.8296, 39.8677, 15.1712, 1102.4607, 403.5633, 44.7152, 219.2514, 36.4041, 29.3902, 117.7157, 26.3033, 124.0679, 51.8685, 706.3102, 110.3288, 188.6316, 65.7174, 357.6341, 82.1919, 110.0604, 94.6628, 81.7336, 55.7588, 158.1663, 107.1339, 88.1627, 19.7898, 14.201, 172.5973, 8.6283, 405.7302, 53.0513, 622.0696, 76.5814, 521.4489, 67.8817],
      [1.6138, 2.231, 5.8483, 4.8062, 0.6333, 59.4446, 31.1689, 2.0887, 32.7583, 3.3567, 10.3461, 10.4297, 0.2747, 13.1393, 8.6128, 41.5875, 4.8664, 8.2323, 8.0567, 26.8168, 4.9782, 22.3666, 10.3922, 9.7007, 2.4213, 6.9285, 4.768, 5.1972, 1.2526, 0.596, 10.9425, 0.5024, 26.1058, 5.384, 34.5134, 5.7628, 36.4246, 5.2539],
      [0.1488, 0.2904, 2.5829, 0.7939, 0.4952, 8.0832, 7.7003, 2.267, 4.6974, 1.9876, 0.8353, 2.5233, 0.1452, 4.4741, 1.362, 6.7449, 2.4778, 5.3724, 1.7961, 5.9454, 2.7809, 2.9316, 2.5641, 4.5206, 1.4862, 9.1847, 3.9334, 2.5045, 0.0968, 0.4917, 4.5728, 0.1802, 6.6932, 4.3883, 11.3589, 1.1865, 11.6658, 0.4356]
    ],
    [
      [0.0017, 0, 7.1716e-07, 0, 0, 5.6656e-06, 2.5818e-06, 1.4343e-06, 3.8727e-06, 1.4343e-07, 6.4545e-07, 2.0798e-06, 7.1716e-08, 2.0798e-06, 1.6495e-06, 6.0959e-06, 3.4424e-06, 2.4383e-06, 1.0757e-06, 5.0918e-06, 2.1515e-06, 1.9363e-06, 1.7212e-06, 2.7252e-06, 9.3231e-07, 3.8727e-06, 2.4383e-06, 1.4343e-06, 1.4343e-07, 2.1515e-07, 2.5818e-06, 0.0008, 7.315e-06, 1.2909e-06, 8.8211e-06, 1.2909e-06, 4.3747e-06, 2.8686e-07],
      [0.9264, 0, 2.807, 0.7403, 1.1789, 22.175, 10.105, 4.4664, 11.7149, 0.9439, 1.7612, 6.9926, 0.3338, 8.9052, 4.7347, 24.8154, 4.8396, 9.1611, 4.0192, 16.8692, 7.2733, 8.1526, 6.5454, 7.9888, 2.6927, 9.8023, 7.6311, 5.4227, 0.7527, 0, 6.4711, 0.2807, 27.2921, 2.7574, 24.5801, 4.2875, 23.2428, 1.5053],
      [0, 0, 0.0689, 0.0447, 0.0017, 0.1525, 0.1481, 0.2046, 0.1155, 0.0049, 0.0127, 0.1836, 0.004, 0.4191, 0.0385, 0.1162, 1.0543, 0.1019, 0.0604, 0.1458, 0.0476, 0.08, 0.3481, 0.3312, 0.0555, 0.0614, 0.1782, 0.1378, 0, 0.018, 0.1099, 0, 0.1305, 0.0032, 0.301, 0.0947, 0.6371, 0.0193],
      [0.013, 0, 0.065, 0.0826, 0.013, 0.5134, 0.712, 0.1935, 0.6576, 0.013, 0.0999, 0.3542, 0.0065, 0.3639, 0.2227, 1.5387, 2.5687, 0.5, 0.19, 0.9642, 0.311, 0.3302, 0.29, 0.363, 0.1729, 1.5272, 0.3757, 0.2543, 0.0147, 0.0416, 0.4785, 0.0189, 1.243, 0.4253, 1.6848, 0.2261, 0.3964, 0.026],
      [0.714, 0, 3.5698, 1.8534, 0.714, 38.453, 12.8514, 10.5922, 32.0333, 0.714, 5.5243, 16.5943, 0.357, 11.1546, 15.0052, 43.1549, 33.7836, 14.6706, 7.5123, 41.9959, 16.7734, 12.9812, 12.0042, 20.4071, 7.2898, 30.9397, 18.184, 9.5578, 0.9719, 1.7851, 19.5945, 0.4008, 59.9504, 10.8818, 75.3471, 11.0446, 21.776, 1.5071],
      [0.3449, 0, 3.4893, 1.2789, 0.0925, 17.7061, 12.1835, 4.5433, 9.4787, 0.3243, 1.6018, 4.8753, 0.2987, 8.1572, 2.999, 15.3749, 5.7538, 9.5665, 3.2181, 11.0249, 5.5947, 5.456, 4.8124, 8.9099, 2.789, 11.6694, 7.631, 4.6274, 0.2608, 1.1552, 9.346, 0.2987, 13.3839, 3.9323, 21.087, 2.347, 14.9478, 0.9423]
    ],
    [
      [0, 0, 0.1056, 0, 0, 0.1104, 0.096, 0, 0.0816, 0.4783, 0.93, 0.1681, 0.0048, 0.4898, 0.0288, 0.024, 0.1585, 0.0816, 0.0384, 0.1008, 0.024, 0.0384, 0.389, 0.3073, 0.0432, 0.024, 0.1297, 0.1297, 0, 0.0048, 0.0528, 0, 0.0384, 0.0096, 0.2737, 0.1056, 0.6291, 0.0879],
      [0, 0, 0.0586, 0.0221, 0.4801, 0.1229, 0.0775, 0.1119, 0.0707, 0.0081, 0.018, 0.0997, 0.0068, 0.2599, 0.0261, 0.0113, 0.0871, 0.0671, 0.0306, 0.0968, 0.0329, 0.0181, 0.2035, 0.166, 0.0275, 0.0347, 0.0825, 0.078, 0, 0, 0.0401, 0, 0.1034, 0.0099, 0.1925, 0.0622, 0.3793, 0.0189],
      [0, 0, 14.7018, 7.9598, 9.2713, 18.525, 19.6381, 37.6654, 14.2528, 0.7725, 3.0969, 30.6344, 0.7577, 83.3228, 4.5465, 4.9176, 26.9251, 14.527, 7.8556, 17.558, 4.3372, 7.8682, 67.4101, 56.7223, 8.1908, 3.7887, 25.9435, 23.4755, 0, 0.9858, 10.8035, 0, 7.7073, 0.7742, 44.5625, 17.493, 113.7982, 3.8677],
      [0, 0, 3.2626, 0.0903, 2.1185, 0.1107, 0.0963, 0.2645, 0.336, 0.052, 0.0632, 0.3059, 0.038, 0.6364, 0.0896, 0.0241, 0.2917, 0.3131, 0.0385, 0.5178, 0.1202, 0.0385, 0.501, 0.4043, 0.1166, 0.2129, 0.2582, 0.233, 0, 0.0048, 0.053, 0, 0.0385, 0.0714, 1.0081, 0.1963, 1.2385, 0.8934],
      [0, 0, 3.7833, 0.8968, 2.0952, 3.8921, 0.0575, 5.831, 2.1378, 0.6701, 1.8649, 3.6815, 0.1874, 17.0185, 1.2713, 0.0144, 5.4307, 1.8686, 0.023, 2.5807, 0.4175, 0.023, 12.3041, 6.1883, 0.5754, 0.8011, 0.4537, 2.9847, 0, 0.0029, 0.0317, 0, 0.023, 0.6286, 10.6466, 4.0833, 14.4951, 1.111],
      [0, 0, 0.088, 0.031, 0.0349, 0.2388, 0.0345, 0.1272, 0.1211, 0.019, 0.027, 0.1105, 0.0053, 0.2726, 0.0378, 0.0086, 0.107, 0.1426, 0.0138, 0.1459, 0.0682, 0.0138, 0.1923, 0.2118, 0.0465, 0.1386, 0.1324, 0.0991, 0, 0.0017, 0.019, 0, 0.0893, 0.5063, 0.3166, 0.0594, 0.4598, 0.0211]
    ],
    [
      [2.946, 2.7461, 7.9798, 0, 0, 47.1454, 19.9125, 0.7285, 12.1632, 2.8113, 3.8844, 5.66, 0.7237, 11.3493, 6.5146, 48.9256, 8.1743, 19.0646, 7.4206, 27.6579, 10.4634, 7.8174, 9.8119, 11.185, 6.737, 13.8329, 12.1331, 8.9921, 0.425, 0.425, 9.7117, 0.4343, 24.3283, 2.1759, 40.739, 4.6764, 40.4143, 3.9889],
      [2.2048, 1.8654, 6.4614, 1.103, 4.1051, 45.0991, 20.2578, 7.5099, 15.7014, 2.412, 2.8843, 10.5786, 2.1102, 15.8082, 6.785, 42.153, 8.1312, 19.6063, 7.0956, 27.9349, 11.9864, 12.8083, 12.2636, 13.2291, 4.7414, 14.4133, 13.7469, 9.9552, 0.4591, 0, 9.3447, 0.4477, 37.6602, 2.8289, 40.2752, 6.3707, 46.1885, 3.7215],
      [0, 0, 0.0007, 0.061, 0.0563, 1.1747, 0.523, 3.6172, 0.3175, 0, 0.0001, 0.2068, 0.0157, 0.3585, 0.0797, 0.9227, 0.2157, 0.5365, 0.1682, 0.6624, 0.2797, 0.2522, 0.3065, 0.3388, 0.8518, 0.0371, 0.3604, 0.2436, 0, 0.2165, 0.9136, 0, 0.6666, 0, 1.0456, 0.136, 1.078, 0.0002],
      [1.0741, 2.0731, 2.6362, 0.3099, 0.2088, 7.4334, 2.9377, 0.6067, 0.6929, 0.3028, 0.3031, 0.9678, 0.3804, 1.3241, 0.5657, 3.8133, 0.9709, 2.0462, 0.6568, 3.0226, 0.975, 1.035, 1.0822, 1.0972, 5.3444, 2.4937, 1.2694, 0.9194, 0.0204, 0.0204, 0.5808, 0.0204, 3.2752, 0.1936, 5.0572, 0.6375, 4.6421, 1.9737],
      [3.5744, 2.217, 9.7331, 4.7537, 2.1715, 42.3418, 6.5862, 5.9068, 1.8235, 1.445, 1.8652, 4.194, 0.5248, 6.2461, 4.5077, 15.4299, 5.6021, 19.1254, 3.491, 21.9673, 7.6827, 5.0135, 13.2264, 5.205, 7.4193, 3.5088, 10.6995, 6.9156, 0.0536, 0.0536, 1.5286, 0.0536, 13.1499, 0.5095, 31.0311, 4.9802, 26.8488, 5.6316],
      [2.2007, 5.0983, 24.1887, 6.7723, 5.4582, 108.8056, 61.7828, 21.6309, 37.3015, 7.0288, 8.0629, 22.3928, 2.2452, 40.9137, 14.5474, 86.7554, 22.9059, 54.621, 17.1677, 60.7551, 28.6129, 27.0735, 28.3094, 40.945, 17.9061, 50.7142, 38.7908, 24.9741, 1.0419, 1.2845, 34.9206, 1.0441, 63.9198, 13.292, 105.852, 12.1992, 110.8283, 6.6841]
    ]
  ],
  "V_est": [
    [18.8908, 62.0328, 328.6085, 91.1777, 12003.4609, 582.8293],
    [410.823, 123.4458, 73.6607, 6599.5689, 469.8026, 131.699],
    [0.0026, 284.1683, 5.431, 17.2515, 622.6441, 231.5025],
    [5.1842, 3.1051, 714.6567, 14.0378, 108.0746, 3.9417],
    [444.0994, 490.248, 15.6431, 62.9641, 307.0178, 1219.0275]
  ],
  "p_est": [
    [0.0014, 0.0047, 0.0251, 0.007, 0.9172, 0.0445],
    [0.0526, 0.0158, 0.0094, 0.8451, 0.0602, 0.0169],
    [2.2485e-06, 0.2448, 0.0047, 0.0149, 0.5363, 0.1994],
    [0.0061, 0.0037, 0.8418, 0.0165, 0.1273, 0.0046],
    [0.1749, 0.1931, 0.0062, 0.0248, 0.1209, 0.4801]
  ],
  "EI_Z": {},
  "EI_V": 10.3196,
  "MAE_Z": {},
  "MAE_V": 175.0549,
  "MAE_p": 0.0631,
  "runtime": 1.354
}
