{
  "Z_true": {},
  "V_true": [
    [1431, 121, 2365, 277, 201],
    [78, 2823, 332, 2221, 471],
    [306, 1153, 992, 10268, 787],
    [687, 198, 5740, 377, 333],
    [91, 78, 310, 245, 416],
    [176, 111, 758, 540, 632],
    [55, 252, 228, 978, 663]
  ],
  "p_true": [
    [0.3256, 0.0275, 0.5381, 0.063, 0.0457],
    [0.0132, 0.4765, 0.056, 0.3749, 0.0795],
    [0.0227, 0.0854, 0.0734, 0.7603, 0.0583],
    [0.0937, 0.027, 0.7825, 0.0514, 0.0454],
    [0.0798, 0.0684, 0.2719, 0.2149, 0.3649],
    [0.0794, 0.0501, 0.3419, 0.2436, 0.2851],
    [0.0253, 0.1158, 0.1048, 0.4494, 0.3047]
  ],
  "Z_est": [
    [
      [40.3022, 33.8905, 10.5138, 32.0271, 18.2428, 21.9491, 34.3426, 31.9258, 8.7648, 14.6058, 66.1218, 19.8525, 14.5775, 0.5985, 0.7672, 26.139, 9.1923, 68.8698, 31.31, 19.1228, 36.6459, 38.0876, 34.8654, 47.5119, 1.5306, 6.051, 73.6008, 10.8468, 0.8068, 5.7492, 9.1506, 2.1843, 8.3643, 26.2937, 18.6013, 6.388, 52.0591, 0, 40.4168, 49.0032, 69.2754, 11.9713, 8.8285, 3.6551, 1.4158, 100.8701, 13.0003, 156.466, 104.1416],
      [2.8986, 2.8492, 0.9032, 6.5219, 2.4256, 1.6921, 1.4091, 2.3177, 0.7747, 1.7345, 7.2076, 2.723, 0.4337, 0.3067, 0.0335, 1.3047, 1.1378, 3.4108, 1.0725, 0.4518, 2.5028, 2.3087, 2.4983, 2.4045, 0.4402, 0.3038, 6.302, 2.247, 0.0628, 0.6527, 0.8597, 0.1493, 0.7014, 1.469, 1.2952, 0.5742, 2.9363, 0.9932, 2.7173, 2.3682, 1.4928, 0.4537, 0.547, 0.1397, 0.1009, 4.8493, 1.5757, 20.599, 7.3932],
      [54.4152, 52.0826, 18.6125, 50.1642, 23.5772, 26.4683, 64.0411, 45.4818, 10.6181, 17.4926, 124.5282, 31.2579, 17.8407, 1.3879, 1.1512, 48.9077, 19.1796, 181.7044, 59.0109, 61.1254, 69.5937, 60.8217, 102.4622, 106.266, 1.2873, 16.4688, 107.3807, 17.1638, 1.1023, 11.8521, 12.098, 3.3299, 10.3441, 41.4408, 29.1092, 10.6512, 69.1843, 2.3835, 74.722, 97.2938, 150.8593, 22.7399, 17.4122, 7.2806, 2.1247, 188.7687, 21.4191, 240.5433, 97.2597],
      [7.5551, 7.3689, 1.7072, 5.3839, 4.1071, 4.1052, 4.885, 6.6053, 1.0437, 2.8796, 11.1167, 3.5405, 2.6243, 0.6104, 0.0374, 4.3005, 3.6193, 13.1585, 6.5019, 3.2767, 7.2708, 7.5334, 7.8268, 6.1917, 0.6814, 1.8724, 9.8742, 2.8038, 0.0074, 0.9666, 2.3839, 0.308, 0.3235, 6.6343, 4.3408, 0.9108, 5.5776, 0.5155, 6.6257, 9.2088, 8.2211, 1.3645, 1.5149, 0.4688, 0.205, 16.815, 1.3976, 24.3566, 17.0778],
      [2.8289, 1.8093, 1.2633, 6.035, 1.6474, 1.7852, 1.3222, 3.6694, 0.7987, 1.2875, 6.0256, 1.6261, 0.5236, 0.0965, 0.0107, 1.348, 0.871, 2.8566, 1.1061, 1.024, 3.9866, 3.2485, 2.3409, 2.6259, 0.0605, 0.304, 4.8424, 0.939, 0.0206, 0.7794, 0.5078, 0.0285, 0.2667, 1.1621, 1.6534, 0.4755, 2.2428, 0.1078, 1.5182, 3.1259, 2.1513, 0.4707, 0.6974, 0.456, 0.1538, 4.6969, 0.611, 11.035, 3.1277]
    ],
    [
      [3.7959, 1.8482, 0.5262, 8.0721, 1.8281, 1.9086, 2.218, 3.3226, 2.1452, 1.8486, 7.6428, 1.483, 0.3695, 0.0215, 0.0538, 1.3264, 0.4831, 2.1884, 1.83, 0.7709, 1.855, 2.1558, 2.9312, 6.3446, 0.0198, 0.342, 8.5362, 0.7333, 0.1233, 0.998, 1.0048, 0.3126, 0.595, 1.4477, 1.3312, 0.4956, 1.8673, 0, 1.889, 1.2989, 5.0492, 1.2835, 0.8273, 0.4618, 0.0949, 7.7566, 1.6161, 16.2339, 7.3594],
      [99.4223, 62.5969, 19.668, 310.0833, 65.8823, 39.6138, 38.8755, 64.2359, 34.2571, 59.1398, 187.3173, 49.3359, 7.2518, 2.409, 1.7051, 31.1284, 29.1389, 69.4762, 32.1584, 17.5982, 63.0977, 54.3809, 71.2489, 96.0644, 0.5916, 7.8896, 200.2688, 42.4103, 5.3757, 38.0111, 29.944, 9.1895, 9.0317, 35.8968, 37.1202, 23.2213, 42.7259, 2.6444, 50.107, 35.1432, 53.231, 19.717, 22.417, 9.4255, 1.653, 145.5456, 53.5448, 483.9403, 141.6205],
      [0.4749, 0.3793, 0.1967, 1.2274, 0.7416, 0.1785, 0.5685, 2.0305, 0.5975, 0.1322, 1.466, 0.175, 0.1229, 0.0027, 0.0092, 0.4468, 0.2018, 0.676, 1.3728, 0.4828, 1.6547, 1.2264, 1.1658, 2.2297, 0, 0.1483, 1.1717, 0.1445, 0.023, 0.2896, 0.2225, 0.1252, 0.0771, 0.1505, 0.1914, 0.1842, 0.2601, 0.0079, 0.3351, 0.191, 1.5525, 0.4253, 0.7818, 0.5018, 0.2447, 1.7219, 0.747, 2.3128, 0.2805],
      [78.4107, 35.7932, 8.9163, 206.8259, 30.2871, 35.4639, 35.4153, 46.3122, 15.1229, 31.7568, 115.4071, 19.9308, 5.5558, 1.7788, 0.7144, 22.2499, 15.7637, 43.3471, 33.8841, 19.0058, 44.6356, 37.9091, 60.6497, 78.5237, 0.2518, 9.7525, 106.2342, 21.8055, 1.769, 31.8378, 22.0881, 4.9788, 2.157, 34.4533, 38.3561, 9.027, 19.8242, 0.8865, 25.7631, 21.4658, 59.0555, 18.9022, 18.376, 8.8827, 1.6627, 139.9296, 17.6393, 211.6869, 85.0334],
      [24.8962, 15.3832, 6.6929, 59.7006, 19.2607, 14.8353, 11.9227, 25.0987, 8.8773, 19.1227, 55.1668, 13.0754, 2.6998, 0.7881, 0.5175, 10.8486, 6.4126, 18.3125, 9.7558, 7.1426, 23.7567, 22.3276, 19.9977, 23.8377, 0.1368, 3.8676, 46.7891, 10.9077, 2.709, 10.8634, 9.7406, 2.3937, 2.1391, 8.0517, 13.0012, 5.0722, 13.3224, 0.4611, 9.9058, 15.9012, 19.1117, 5.6719, 7.5976, 2.728, 1.3447, 45.0463, 9.461, 144.8261, 22.7061]
    ],
    [
      [12.2437, 6.5339, 2.5572, 8.0256, 4.5048, 4.3488, 6.3576, 7.9553, 3.3081, 3.8074, 14.1376, 3.8369, 3.2759, 0.0469, 0.5173, 5.6181, 2.3394, 12.6417, 8.1222, 3.608, 6.9685, 10.1049, 8.6354, 15.2405, 0.283, 1.1622, 20.9423, 1.3005, 0.4597, 1.5657, 2.7472, 1.3965, 1.4626, 6.9096, 4.4697, 2.5593, 6.7666, 0, 8.0017, 7.556, 16.0721, 3.2395, 2.9564, 1.4314, 1.0374, 22.8972, 2.9458, 30.6884, 27.4559],
      [37.4851, 23.3326, 8.8912, 80.4475, 23.1188, 13.183, 11.8778, 20.602, 9.7552, 20.1846, 56.838, 17.3934, 3.5068, 0.8853, 1.866, 11.4478, 13.2491, 27.9135, 11.6359, 6.018, 23.578, 22.9131, 24.0423, 30.8756, 0.8782, 2.6277, 68.5831, 13.0298, 4.1416, 11.4022, 10.7256, 3.8743, 4.6389, 15.1868, 14.0193, 11.4215, 14.1906, 1.2094, 19.3081, 14.4407, 16.706, 6.091, 8.3102, 2.9401, 1.6568, 48.1843, 15.3296, 151.1446, 57.9364],
      [26.4661, 18.5181, 9.5005, 15.6576, 7.2253, 7.0712, 16.7952, 14.976, 4.509, 6.6451, 30.3206, 7.3274, 7.7827, 0.1694, 2.5828, 20.3617, 8.9895, 63.9154, 25.6929, 32.3843, 34.3795, 30.6368, 29.0339, 38.8486, 0.14, 3.9485, 38.2566, 3.6364, 0.8107, 4.8592, 4.0593, 3.0654, 2.1265, 16.1974, 12.6571, 9.147, 14.3667, 0.2136, 20.0813, 23.5015, 55.9062, 9.0617, 13.5175, 6.5422, 6.9539, 58.0264, 8.3981, 61.259, 28.5085],
      [401.9432, 263.8132, 94.1655, 427.4484, 193.4427, 127.8681, 160.9695, 249.0178, 77.7372, 163.9577, 431.9791, 121.8689, 87.2476, 7.0273, 9.8116, 163.2719, 165.8843, 413.9923, 240.1144, 140.2904, 365.7154, 370.0445, 269.1132, 315.6313, 4.2351, 51.0455, 540.6815, 86.4871, 10.0046, 83.6971, 122.4579, 43.8429, 14.1662, 217.7733, 190.7747, 97.7732, 140.7459, 4.0945, 199.2263, 223.4441, 298.5006, 73.323, 125.4292, 49.7484, 59.5972, 608.7118, 100.9553, 1042.2125, 507.3889],
      [37.8619, 24.8043, 15.8859, 45.3316, 30.7087, 16.529, 15, 35.4489, 9.6906, 23.4053, 55.7247, 17.5734, 8.1872, 0.8713, 2.2222, 17.3006, 12.5378, 34.5371, 17.439, 9.701, 43.3589, 47.3009, 26.1599, 28.404, 0.4636, 6.2159, 59.5365, 10.548, 8.5834, 9.4758, 15.0101, 4.8212, 2.6057, 14.933, 20.0794, 12.099, 20.9303, 0.4826, 16.3826, 31.0578, 24.815, 6.2847, 11.7867, 4.3379, 14.7546, 58.1803, 10.385, 156.6955, 35.7102]
    ],
    [
      [22.0987, 18.0658, 7.1821, 14.7647, 8.7207, 11.6933, 18.0628, 17.7144, 5.5343, 8.5242, 28.7705, 9.7424, 8.5486, 0.2475, 0.4983, 12.8575, 4.3587, 35.3493, 15.6512, 12.1232, 24.8315, 24.9683, 16.73, 23.8965, 0, 2.4476, 39.0745, 6.7414, 0.4976, 3.8517, 3.514, 0.612, 3.2142, 12.1212, 10.9204, 5.2371, 29.5844, 0, 18.948, 23.5698, 33.8635, 6.7853, 6.2594, 2.8586, 3.1343, 52.1645, 9.6126, 82.5645, 52.1087],
      [0.2378, 0.4422, 0.2546, 0.2268, 0.3365, 0.1619, 0.0874, 0.1958, 0.075, 0.2514, 0.4196, 0.4591, 0.0468, 0.0164, 0.0011, 0.0695, 0.2575, 0.2787, 0.0282, 0.0249, 0.3933, 0.3275, 0.1008, 0.1255, 0, 0.0032, 0.8152, 0.5877, 0.0029, 0.0895, 0.0498, 0.0013, 0.0295, 0.0818, 0.0902, 0.3, 0.4611, 0.5237, 0.3656, 0.2218, 0.0308, 0.0236, 0.0421, 0.0101, 0.2419, 0.2641, 0.5263, 3.0685, 1.1482],
      [156.7282, 146.9485, 65.4237, 100.4304, 50.9858, 66.6582, 137.7313, 107.6147, 25.8009, 50.7848, 208.7617, 64.5003, 54.6613, 2.7933, 4.2539, 121.5712, 50.4885, 359.9764, 137.4803, 170.442, 281.1744, 198.8244, 165.9118, 202.5523, 0, 22.7042, 253.386, 55.3004, 3.3058, 37.2391, 21.6012, 4.0627, 14.0658, 93.3164, 89.5318, 51.9394, 178.046, 6.3879, 140.9655, 197.4227, 262.9021, 54.4937, 70.4622, 33.6099, 45.5752, 408.3235, 76.1307, 547.9219, 217.8319],
      [19.1936, 19.337, 6.494, 11.2069, 7.3623, 8.885, 11.7516, 14.394, 2.5569, 7.2084, 16.9808, 6.8254, 7.652, 0.8035, 0.1832, 10.3373, 8.7496, 30.5507, 15.0368, 14.5986, 34.0051, 25.4922, 13.3243, 13.3548, 0, 2.319, 23.3044, 8.8213, 0.0404, 3.9777, 3.1166, 0.2721, 0.361, 13.0186, 12.8678, 5.3561, 15.0806, 1.7028, 12.5872, 19.0836, 16.1901, 3.9378, 6.9099, 2.9167, 7.0095, 38.8228, 6.1544, 53.9962, 29.2025],
      [3.7417, 3.2076, 2.6456, 5.3508, 2.5948, 2.6016, 2.3667, 5.081, 1.0328, 2.2313, 7.0674, 2.4727, 1.0915, 0.1393, 0.0635, 2.1645, 1.1457, 4.845, 1.8058, 1.8131, 8.5957, 6.3878, 2.9245, 3.071, 0, 0.526, 6.4199, 2.5503, 0.1533, 1.8421, 0.7185, 0.052, 0.3295, 1.4621, 2.5897, 1.1674, 5.8278, 0.3855, 2.1337, 5.702, 3.0134, 0.7596, 1.3265, 0.6048, 2.0391, 7.4249, 1.5853, 21.4489, 3.7086]
    ],
    [
      [1.0101, 1.5405, 0.3885, 0.6473, 0.5839, 0.1728, 0.764, 0.5428, 0.103, 0.2468, 0.9968, 0.3809, 0.7432, 0.0205, 0.0557, 0.7059, 0.326, 1.0885, 0.9447, 0.2094, 1.1911, 1.6879, 0.4352, 0.4171, 0, 0.3726, 1.5611, 0.2199, 0.0462, 0.1294, 0.4336, 0.0459, 0.1227, 0.2752, 0.5001, 0.4232, 0.3705, 0, 0.3785, 0.7449, 0.8654, 0.2868, 0.5346, 0.022, 0.142, 1.9814, 0.7936, 3.176, 0.247],
      [1.5204, 2.3742, 0.5631, 2.2738, 1.2705, 0.2555, 0.7758, 0.7123, 0.1831, 0.5144, 1.8657, 0.8085, 0.4178, 0.0546, 0.0834, 0.7345, 0.5736, 1.1323, 0.8206, 0.1707, 1.4231, 1.8375, 0.5478, 0.4783, 0, 0.4661, 2.7594, 0.5895, 0.1487, 0.3032, 0.7396, 0.0736, 0.1755, 0.3198, 0.656, 0.9032, 0.4484, 0, 0.4804, 0.7092, 0.6199, 0.3027, 0.7205, 0.0222, 0.1071, 2.2085, 1.872, 6.9431, 0.3375],
      [6.771, 11.9131, 3.2239, 2.7134, 2.0127, 0.9005, 7.909, 2.8564, 0.5498, 0.9928, 6.7906, 2.1551, 5.8332, 0.0803, 0.6382, 8.0316, 2.164, 14.6609, 10.3081, 3.7841, 11.3148, 12.5758, 5.1122, 5.2645, 0, 4.4368, 10.7736, 1.1198, 0.2415, 0.7324, 1.4985, 0.2618, 0.9614, 2.3264, 3.43, 4.5357, 4.4079, 0, 3.9446, 7.0106, 11.7702, 3.342, 6.8539, 0.3134, 2.0144, 18.9144, 7.0935, 17.7943, 1.4627],
      [16.1435, 24.3505, 4.6599, 12.6938, 10.0409, 2.5082, 8.676, 8.0399, 1.5492, 4.3709, 13.4007, 5.1588, 9.6492, 0.4493, 0.5322, 8.1804, 7.3872, 13.2964, 13.3494, 2.5174, 17.7261, 24.2315, 5.5719, 4.5023, 0, 8.3176, 20.7582, 3.8608, 0.3345, 2.2525, 8.4211, 0.8585, 0.5203, 4.7765, 8.3909, 7.1805, 4.5116, 0, 4.6804, 8.315, 7.6219, 3.0545, 8.9605, 0.3211, 2.9352, 24.7322, 10.0436, 43.6705, 3.5344],
      [14.555, 17.822, 7.1646, 11.7113, 11.092, 3.163, 7.8752, 9.8486, 1.6148, 4.8751, 16.9461, 6.4968, 6.3569, 0.3952, 0.6905, 8.3476, 4.5492, 12.8219, 8.5777, 2.3185, 20.3449, 25.6673, 6.3424, 5.3377, 0, 6.4071, 22.1477, 4.2103, 1.229, 2.5824, 6.9072, 0.7602, 1.2202, 3.3021, 8.0231, 6.9573, 7.2616, 0, 4.5161, 11.2204, 8.1225, 3.0141, 6.9304, 0.3214, 3.8013, 24.1634, 9.2002, 56.4161, 3.4184]
    ],
    [
      [2.6023, 2.225, 1.2224, 0.7521, 0.6651, 0.9984, 1.7341, 1.8624, 0.2824, 0.715, 3.007, 0.6543, 0.9601, 0.0249, 0.0673, 2.4253, 0.5745, 4.8067, 2.4459, 1.1573, 3.9875, 3.8473, 1.1826, 1.878, 0.1666, 0.2617, 3.0008, 0.5132, 0.0555, 0.1815, 0.4229, 0.2468, 1.1825, 1.5395, 1.7656, 0.3728, 2.3446, 0, 2.1624, 2.8094, 3.6639, 0.9084, 0.7447, 0.3774, 0.091, 5.4815, 0.8193, 7.248, 2.0953],
      [2.8723, 2.5385, 1.3945, 0.8689, 1.0455, 0.9448, 1.3976, 1.9082, 0.3038, 1.1403, 3.2868, 0.6973, 0.5113, 0.0822, 0.075, 1.9114, 1.2145, 4.358, 1.9812, 1.0187, 4.1856, 3.6588, 1.3613, 1.7326, 0.09, 0.3282, 2.8969, 0.9127, 0.0685, 0.3429, 0.6401, 0.2241, 0.527, 1.5184, 2.3008, 0.5254, 0.3861, 0, 1.7617, 2.2801, 2.6574, 0.7791, 1.1442, 0.1158, 0.1808, 4.8039, 0.9628, 8.8596, 1.3363],
      [36.9173, 33.0607, 21.0922, 16.726, 8.3173, 10.7137, 23.6331, 22.3832, 3.5639, 9.2443, 43.348, 8.4358, 11.1742, 0.5231, 1.3203, 38.6221, 13.4729, 84.1714, 37.187, 26.4206, 87.4023, 58.3798, 23.7401, 31.6402, 0.5726, 4.8907, 40.3264, 7.9355, 1.475, 4.1008, 5.433, 4.7688, 7.347, 21.0096, 27.5272, 7.9663, 23.6953, 0, 28.2627, 38.3229, 50.8299, 13.3317, 18.1819, 10.1263, 2.9461, 76.7493, 13.7677, 94.5063, 17.8633],
      [25.6672, 22.7628, 10.9745, 14.2598, 9.8185, 8.0693, 8.5635, 16.8701, 2.3067, 10.7252, 22.9903, 5.0724, 6.6799, 0.9545, 0.3622, 16.4884, 13.8066, 31.0846, 18.8499, 7.6976, 50.686, 39.7446, 8.2944, 9.1651, 0.8318, 2.5944, 20.67, 8.3712, 0.3987, 2.7002, 6.842, 3.8149, 1.5405, 14.5279, 22.4583, 3.7027, 7.1036, 0, 11.8229, 15.5453, 12.4476, 4.5312, 8.3708, 3.5215, 1.1083, 33.3517, 5.9958, 64.2919, 11.0125],
      [7.941, 6.4079, 6.3163, 8.4473, 7.1536, 4.2738, 2.6717, 7.976, 1.5432, 7.1752, 12.368, 3.1402, 1.6743, 0.4153, 0.1751, 4.5526, 2.9315, 7.5791, 3.5255, 1.701, 18.7385, 14.3693, 2.4201, 2.584, 0.339, 0.9251, 9.1059, 4.2623, 1.0023, 1.6745, 3.662, 1.9454, 1.403, 2.4046, 6.9481, 1.4328, 5.4704, 0, 2.9903, 7.0423, 3.4012, 1.4497, 2.5584, 0.859, 0.6738, 9.6136, 2.4568, 48.0942, 3.6927]
    ],
    [
      [2.947, 1.8961, 0.6097, 2.711, 1.4548, 0.929, 0.521, 2.6765, 0.8621, 1.2522, 4.3235, 1.05, 0.5251, 0.0402, 0.0403, 0.9277, 0.7261, 0.0556, 1.696, 0.0085, 0.5205, 3.1483, 2.2202, 2.7114, 0, 0.3629, 4.2843, 0.6449, 0.0108, 0.5245, 0.7269, 0.2018, 0.0588, 1.4131, 1.4117, 0.524, 0.0075, 0, 0.2035, 0.0178, 0.2103, 0.5252, 0.8491, 0.1938, 0.0845, 4.8486, 1.2123, 10.6232, 2.5921],
      [15.5635, 9.8664, 4.3255, 46.5777, 10.9208, 5.149, 7.5767, 14.0281, 6.6511, 9.0351, 26.0651, 6.5829, 1.8319, 0.2459, 0.2359, 4.4037, 6.4287, 11.4306, 6.3031, 2.7177, 14.8196, 12.5734, 11.2006, 14.319, 0, 1.3815, 26.3747, 4.223, 2.1998, 5.1983, 5.0411, 1.4879, 0.8959, 6.5274, 6.5183, 3.0544, 3.8515, 0.6292, 8.26, 6.8367, 8.2621, 2.633, 5.8189, 2.3466, 1.0595, 23.1443, 8.1888, 65.4449, 16.2279],
      [3.2274, 2.0977, 0.9506, 11.0812, 2.1401, 1.0097, 1.3218, 3.6573, 1.3606, 1.7081, 4.7849, 1.1485, 0.5851, 0.0433, 0.0443, 1.0589, 1.5036, 0.8955, 1.948, 0.3608, 2.4805, 3.5351, 2.5739, 3.1988, 0, 0.4026, 4.7051, 0.6996, 0.0417, 0.9268, 1.0875, 0.3863, 0.078, 1.5589, 1.5535, 0.5761, 0.0397, 0.0071, 0.6888, 0.2576, 1.1798, 0.6057, 1.7905, 0.6259, 0.1409, 5.4957, 1.4439, 11.6623, 2.7933],
      [32.0868, 20.5745, 8.0827, 63.1813, 18.9415, 9.1003, 20.7391, 36.7608, 12.6835, 15.1014, 41.1252, 9.6033, 6.5912, 0.3762, 0.3589, 10.1716, 17.7893, 28.5704, 22.2634, 9.6135, 42.961, 36.0448, 25.2195, 30.6311, 0, 4.0987, 41.4775, 5.8505, 2.4454, 8.568, 10.6905, 2.9248, 0.9314, 17.8162, 15.8114, 5.0497, 6.1565, 0.8007, 17.2942, 17.9375, 24.963, 5.8868, 19.4386, 9.1407, 6.4822, 55.6369, 11.8139, 96.7854, 27.7505],
      [19.1754, 12.5656, 7.0315, 40.4234, 15.5428, 6.812, 12.8415, 23.8773, 8.4426, 11.9029, 30.7013, 7.6153, 3.4668, 0.2943, 0.3206, 6.4381, 7.5523, 20.0479, 9.79, 6.2998, 31.2187, 22.6985, 13.8146, 16.1396, 0, 2.7542, 29.1584, 4.5824, 4.3024, 5.7824, 7.4538, 1.999, 1.0358, 7.6844, 9.7051, 3.7958, 6.9447, 0.563, 11.5533, 15.9505, 16.3848, 3.3493, 9.1029, 4.6929, 6.2328, 30.8745, 8.3008, 78.4843, 14.6362]
    ]
  ],
  "V_est": [
    [1440.8973, 112.5466, 2502.4104, 247.7059, 91.5715],
    [118.6468, 3006.7519, 29.8503, 1935.4788, 834.1857],
    [331.0426, 1019.0172, 865.0303, 10158.672, 1132.159],
    [760.62, 13.7973, 5819.0243, 593.3328, 148.2122],
    [28.8757, 43.2974, 243.7958, 407.0383, 417.0468],
    [78.5331, 76.132, 1173.4257, 629.4499, 259.4881],
    [65.3845, 464.4577, 91.4632, 934.3224, 620.3366]
  ],
  "p_est": [
    [0.3278, 0.0256, 0.5694, 0.0564, 0.0208],
    [0.02, 0.5075, 0.005, 0.3267, 0.1408],
    [0.0245, 0.0754, 0.064, 0.7522, 0.0838],
    [0.1037, 0.0019, 0.7933, 0.0809, 0.0202],
    [0.0253, 0.038, 0.2138, 0.357, 0.3658],
    [0.0354, 0.0343, 0.5293, 0.2839, 0.117],
    [0.03, 0.2134, 0.042, 0.4294, 0.2851]
  ],
  "EI_Z": {},
  "EI_V": 6.4449,
  "MAE_Z": {},
  "MAE_V": 135.1356,
  "MAE_p": 0.0391,
  "runtime": 239.615
}
