{
  "Z_true": {},
  "V_true": [
    [1350, 218, 175],
    [11698, 898, 797],
    [451, 13785, 576],
    [369, 707, 640],
    [603, 1246, 926]
  ],
  "p_true": [
    [0.7745, 0.1251, 0.1004],
    [0.8734, 0.067, 0.0595],
    [0.0304, 0.9307, 0.0389],
    [0.215, 0.412, 0.373],
    [0.2173, 0.449, 0.3337]
  ],
  "Z_est": [
    [
      [122.0192, 25.6342, 55.0061, 79.8829, 37.5602, 66.3338, 50.8617, 31.6267, 98.7863, 14.9666, 39.4293, 17.3754, 4.1157, 0.9602, 39.1904, 39.5741, 22.4549, 67.6573, 65.3229, 64.3737, 53.3664, 82.8589, 2.1231, 4.4099, 2.017, 107.2049, 4.7208, 139.4911, 30.9493],
      [32.8638, 5.3073, 10.91, 16.0202, 5.3896, 30.6172, 17.0692, 9.3384, 33.1286, 5.0021, 9.4951, 0.5892, 0.8761, 0.0327, 10.7423, 1.342, 3.5056, 21.2163, 20.6127, 33.5832, 10.5326, 18.0188, 0.8734, 1.2892, 1.9576, 27.6486, 2.2567, 24.3471, 16.0288],
      [0.1169, 0.0585, 0.0839, 0.0969, 0.0502, 0.049, 0.0691, 0.0348, 0.0851, 0.0313, 0.0756, 0.0354, 0.0083, 0.0071, 0.0673, 0.0839, 0.0396, 0.1264, 0.0644, 0.0431, 0.101, 0.1223, 0.0035, 0.3009, 0.0254, 0.1465, 0.0224, 0.1618, 0.0219]
    ],
    [
      [815.0721, 364.8224, 693.4205, 632.1468, 329.4207, 407.8169, 393.6473, 223.9737, 635.8003, 196.1984, 450.2954, 276.7591, 38.8679, 15.2312, 331.7967, 451.7199, 222.6338, 959.2501, 485.0668, 344.3261, 503.2135, 761.3826, 11.0564, 31.669, 99.9524, 898.229, 128.992, 839.3744, 164.0531],
      [26.4721, 4.0501, 8.2554, 13.0308, 3.7571, 54.908, 39.4014, 7.6189, 13.8627, 4.1018, 7.4453, 16.2098, 0.6721, 0.3782, 31.4876, 24.0396, 34.2999, 56.7867, 30.0617, 29.1328, 25.4726, 78.1044, 0.2586, 1.5317, 1.7235, 20.0084, 1.913, 19.8113, 3.6198],
      [64.4558, 35.1275, 57.3241, 53.8224, 30.8221, 24.2751, 40.9512, 21.4074, 47.3371, 20.6998, 55.2593, 21.0311, 4.46, 5.3906, 40.7157, 48.2406, 24.0664, 80.9632, 42.8715, 18.5411, 56.3139, 67.513, 1.685, 4.7993, 15.3242, 87.7626, 16.095, 126.8144, 14.3271]
    ],
    [
      [8.0842, 23.128, 18.0518, 8.2291, 4.4476, 3.5478, 3.3282, 6.9802, 19.2773, 11.6996, 15.4178, 6.799, 1.5764, 0.5457, 2.7929, 9.9826, 1.8528, 9.7948, 5.59, 3.0743, 4.1928, 6.3544, 3.0433, 0.2676, 12.0254, 41.3757, 12.1702, 17.0479, 11.0933],
      [654.8783, 182.9375, 404.4652, 590.0661, 179.8327, 745.9311, 987.2505, 362.1519, 840.2042, 201.8356, 360.5192, 280.4631, 30.4036, 16.4432, 460.4078, 573.8896, 314.5798, 796.4173, 682.9064, 695.5517, 897.184, 1288.9002, 19.2746, 38.0918, 84.4521, 1210.3491, 92.3107, 878.6735, 216.637],
      [27.0375, 18.9346, 19.4831, 22.7048, 15.7197, 9.5211, 13.4213, 8.8679, 16.5185, 7.4648, 18.063, 8.7379, 4.0199, 3.0111, 21.7992, 21.1278, 9.5674, 29.7879, 12.5036, 8.374, 30.6232, 23.7454, 1.6821, 3.6406, 10.5224, 32.2752, 7.5191, 37.2785, 9.2697]
    ],
    [
      [57.7296, 14.176, 31.0319, 45.574, 18.8237, 18.9509, 18.0717, 7.3584, 29.0553, 9.0217, 16.2502, 11.2736, 0.5544, 0.5544, 17.1993, 26.1132, 12.4305, 28.0801, 16.56, 18.5913, 26.1765, 38.954, 0.9497, 0.5544, 7.1351, 46.3954, 2.2176, 25.0642, 2.3625],
      [8.2832, 2.3855, 4.8623, 7.1565, 2.2129, 8.2693, 3.3547, 0, 9.2066, 2.4159, 4.3852, 2.5311, 0, 0, 5.9379, 17.0168, 7.6879, 10.1713, 0, 12.5772, 9.8449, 19.9533, 0.2335, 0, 1.0151, 21.5833, 0.671, 10.5469, 0],
      [73.9872, 28.4385, 47.1058, 60.2695, 27.9634, 30.7798, 34.5735, 15.6416, 48.738, 16.5624, 36.3646, 19.1954, 2.4456, 2.4456, 34.8628, 50.87, 23.8816, 62.7486, 30.44, 30.8315, 52.9786, 72.0928, 1.8169, 2.4456, 12.8498, 85.0214, 9.1114, 73.3889, 8.6375]
    ],
    [
      [41.0949, 28.2395, 18.4898, 34.1672, 12.7477, 20.3506, 19.091, 11.061, 32.0808, 9.1137, 22.6072, 12.793, 3.8856, 0.7085, 16.0207, 21.6103, 10.628, 56.2178, 23.4603, 17.6346, 24.0508, 36.4501, 0.8275, 2.0992, 3.8701, 44.795, 6.8994, 36.0224, 8.5418],
      [93.5025, 40.3196, 50.5071, 78.7264, 26.8076, 61.2743, 106.9241, 46.8907, 106.5979, 24.6446, 50.1552, 34.2068, 7.0482, 3.1459, 50.4244, 66.712, 26.9269, 117.4084, 78.4192, 49.1551, 107.966, 155.0233, 2.36, 5.0873, 10.8517, 135.4106, 13.8485, 105.6212, 9.7144],
      [32.4026, 16.441, 18.0032, 27.1064, 10.4446, 18.375, 27.9848, 13.0483, 31.3213, 8.2417, 18.2376, 11.0003, 3.0662, 1.1456, 16.5549, 21.6777, 9.4452, 40.3739, 23.1205, 15.2103, 30.9833, 43.5266, 0.8125, 1.8136, 4.2782, 42.7943, 5.252, 36.3564, 4.7438]
    ]
  ],
  "V_est": [
    [1370.273, 370.5945, 2.1325],
    [11706.1884, 558.4153, 1128.3963],
    [271.7709, 14087.008, 453.2211],
    [547.2093, 172.3024, 996.4883],
    [575.5583, 1665.6799, 533.7618]
  ],
  "p_est": [
    [0.7862, 0.2126, 0.0012],
    [0.8741, 0.0417, 0.0843],
    [0.0183, 0.9511, 0.0306],
    [0.3189, 0.1004, 0.5807],
    [0.2074, 0.6002, 0.1923]
  ],
  "EI_Z": {},
  "EI_V": 5.1361,
  "MAE_Z": {},
  "MAE_V": 235.845,
  "MAE_p": 0.081,
  "runtime": 0.4202
}
