{
  "X": [
    [35, 61, 56, 150, 233, 8],
    [39, 99, 55, 133, 195, 10],
    [31, 69, 68, 114, 178, 6],
    [18, 58, 74, 121, 196, 9],
    [20, 80, 63, 142, 188, 13],
    [39, 86, 45, 137, 177, 7],
    [24, 42, 43, 115, 173, 6],
    [5, 40, 76, 92, 100, 3],
    [17, 90, 70, 115, 151, 5],
    [13, 58, 83, 94, 133, 7],
    [33, 52, 66, 122, 171, 10],
    [19, 33, 172, 62, 162, 5],
    [17, 26, 212, 47, 198, 3],
    [16, 30, 175, 63, 182, 3],
    [14, 28, 172, 85, 183, 11],
    [13, 30, 160, 61, 172, 6],
    [16, 45, 165, 61, 184, 2],
    [32, 57, 97, 112, 237, 9],
    [22, 49, 103, 130, 223, 6],
    [27, 40, 102, 84, 159, 8],
    [11, 69, 60, 143, 136, 13],
    [17, 60, 83, 81, 126, 4],
    [18, 47, 66, 88, 136, 8],
    [37, 66, 67, 114, 188, 4],
    [17, 44, 94, 121, 189, 17],
    [26, 56, 69, 62, 189, 8],
    [39, 63, 46, 103, 172, 5],
    [34, 73, 35, 92, 143, 6],
    [12, 70, 85, 91, 149, 9],
    [27, 57, 67, 85, 152, 8],
    [33, 86, 35, 113, 118, 4],
    [53, 78, 37, 95, 143, 11],
    [16, 70, 91, 93, 191, 6],
    [11, 44, 45, 65, 108, 4],
    [25, 86, 47, 92, 117, 6],
    [20, 53, 119, 100, 223, 6],
    [28, 60, 108, 113, 211, 4],
    [20, 39, 110, 57, 153, 2],
    [22, 68, 82, 72, 208, 8],
    [12, 84, 81, 94, 181, 5],
    [25, 69, 58, 103, 136, 10],
    [39, 89, 63, 108, 273, 11],
    [60, 155, 28, 184, 78, 10],
    [21, 100, 16, 150, 62, 8],
    [38, 136, 19, 143, 49, 9],
    [11, 73, 131, 102, 128, 9],
    [25, 85, 86, 101, 71, 7],
    [32, 69, 146, 80, 163, 8],
    [28, 45, 149, 74, 158, 16],
    [27, 56, 102, 93, 118, 2],
    [9, 39, 133, 57, 153, 10],
    [62, 136, 13, 114, 85, 6],
    [51, 124, 18, 111, 70, 6],
    [46, 124, 26, 107, 50, 5],
    [19, 41, 185, 76, 204, 4],
    [19, 37, 205, 72, 194, 12],
    [36, 54, 110, 115, 262, 8],
    [18, 57, 115, 75, 234, 9],
    [4, 37, 75, 64, 153, 5],
    [6, 26, 66, 74, 185, 6],
    [43, 91, 84, 123, 243, 14],
    [25, 95, 93, 111, 218, 6],
    [32, 83, 89, 109, 303, 5],
    [40, 76, 29, 103, 196, 6],
    [42, 96, 39, 119, 207, 9],
    [36, 86, 45, 105, 237, 11],
    [142, 918, 1754, 1204, 2619, 134]
  ],
  "W": [
    [29, 33, 56, 75, 158, 148, 44],
    [23, 35, 37, 116, 136, 123, 61],
    [17, 23, 52, 90, 114, 110, 60],
    [25, 26, 65, 80, 117, 114, 49],
    [29, 28, 60, 100, 130, 105, 54],
    [16, 28, 47, 108, 140, 117, 35],
    [16, 27, 33, 55, 115, 111, 46],
    [25, 10, 62, 43, 94, 63, 19],
    [15, 40, 55, 100, 125, 85, 28],
    [13, 30, 53, 66, 101, 84, 41],
    [12, 31, 56, 65, 131, 114, 45],
    [19, 28, 147, 57, 78, 85, 39],
    [26, 26, 198, 44, 66, 113, 30],
    [26, 31, 139, 48, 84, 100, 41],
    [20, 36, 150, 38, 87, 108, 54],
    [34, 24, 132, 45, 66, 104, 37],
    [21, 39, 141, 51, 81, 99, 41],
    [25, 54, 89, 79, 115, 134, 48],
    [25, 48, 88, 61, 134, 143, 34],
    [14, 45, 83, 58, 82, 97, 41],
    [18, 18, 54, 75, 131, 89, 47],
    [16, 21, 65, 68, 98, 61, 42],
    [16, 13, 60, 61, 91, 83, 39],
    [22, 29, 62, 81, 107, 124, 51],
    [28, 40, 78, 60, 114, 123, 39],
    [12, 43, 52, 69, 73, 119, 42],
    [13, 19, 33, 86, 104, 122, 51],
    [11, 20, 29, 99, 97, 92, 35],
    [23, 24, 68, 83, 87, 99, 32],
    [11, 25, 66, 71, 87, 103, 33],
    [8, 17, 25, 91, 119, 84, 45],
    [16, 25, 35, 87, 104, 90, 60],
    [18, 26, 73, 82, 104, 121, 43],
    [12, 16, 35, 36, 74, 73, 31],
    [14, 21, 35, 93, 92, 72, 46],
    [22, 41, 102, 76, 119, 136, 25],
    [21, 34, 98, 72, 127, 132, 40],
    [13, 21, 97, 51, 61, 107, 31],
    [24, 27, 68, 87, 80, 142, 32],
    [15, 34, 67, 92, 98, 120, 31],
    [26, 29, 46, 81, 99, 83, 37],
    [17, 46, 58, 109, 107, 187, 59],
    [23, 15, 19, 157, 170, 47, 84],
    [7, 10, 8, 102, 135, 38, 57],
    [10, 12, 17, 130, 129, 33, 63],
    [29, 44, 109, 73, 107, 63, 29],
    [15, 24, 75, 95, 97, 32, 37],
    [37, 43, 124, 90, 92, 79, 33],
    [40, 43, 136, 63, 76, 77, 35],
    [22, 26, 76, 69, 104, 62, 39],
    [12, 47, 121, 51, 61, 85, 24],
    [11, 30, 14, 153, 105, 53, 50],
    [9, 18, 11, 138, 104, 50, 50],
    [4, 14, 18, 143, 92, 33, 54],
    [24, 38, 169, 56, 88, 120, 34],
    [33, 67, 163, 63, 88, 92, 33],
    [35, 58, 83, 75, 133, 158, 43],
    [25, 45, 110, 74, 82, 137, 35],
    [26, 26, 58, 52, 60, 90, 26],
    [22, 30, 65, 34, 82, 109, 21],
    [46, 48, 66, 107, 115, 157, 59],
    [27, 34, 87, 102, 101, 141, 56],
    [20, 54, 72, 104, 111, 204, 56],
    [17, 21, 20, 87, 106, 144, 55],
    [19, 28, 31, 113, 119, 145, 57],
    [21, 28, 33, 109, 98, 169, 62],
    [256, 566, 1538, 1029, 1185, 1631, 566]
  ],
  "method": "mult",
  "cond_prob": [
    [
      [0.0014564076359, 0.0015101947417, 0.045722574783, 0.079330209506, 0.85643374042, 0.015546872911],
      [0.0016387381577, 0.0020649550358, 0.050852807839, 0.0047647642334, 0.85974938648, 0.080929348259],
      [0.0023063264517, 0.0022163138295, 0.79075625392, 0.0084402141253, 0.19567043856, 0.0006104531068],
      [0.0029863831287, 0.58266282785, 0, 0.37514557451, 0.034906759378, 0.0042984551343],
      [0.16250396269, 0.064133710911, 0.055149066157, 0.60680551839, 0.10862167056, 0.0027860712925],
      [0, 0, 0, 0, 0.9986942999, 0.0013057000988],
      [0.20170287951, 0.15752520112, 0, 0.5240532891, 0.028344543793, 0.08837408648]
    ],
    [
      [0.00087949155144, 0.0022257294965, 0.065824949911, 0.065469992551, 0.84941628605, 0.016183550444],
      [0.0010239765138, 0.0030482488895, 0.071533179914, 0.002282842131, 0.83900232374, 0.083109428811],
      [0.00091012921315, 0.0028002087821, 0.8400073624, 0.0031664996349, 0.15272211979, 0.00039368018045],
      [0.0023502596273, 0.65461775772, 0.0095604338166, 0.29904243845, 0.030167296889, 0.0042618134923],
      [0.17877900408, 0.078683735432, 0.13660521329, 0.50302077891, 0.10034131983, 0.0025699484673],
      [0, 0.0038348535928, 0, 0.0059443930546, 0.98923619621, 0.00098455713922],
      [0.23481447646, 0.19065863736, 0.0035208707574, 0.45026591923, 0.026651599801, 0.094088496393]
    ],
    [
      [0.0002901934283, 8.0629086935e-32, 0.070081931872, 0.059234683961, 0.85997542866, 0.010417762077],
      [0, 0, 0.077508193673, 0, 0.86775369627, 0.054738110061],
      [2.2161092406e-16, 1.1816788788e-33, 0.83881130614, 0, 0.16118869386, 0],
      [0, 0.60471510093, 0.018782716871, 0.3176673137, 0.056239724638, 0.0025951438653],
      [0.15374639712, 0.03859617631, 0.16898838916, 0.48623632943, 0.15139586498, 0.0010368430055],
      [0, 0, 0, 0, 1, 0],
      [0.22446629067, 0.16959461362, 0.0075434983604, 0.48286684308, 0.045326113221, 0.070202641046]
    ],
    [
      [6.7026462425e-05, 0, 0.061446982041, 0.064013178578, 0.8576632913, 0.016809521618],
      [8.8726693861e-05, 0, 0.065861372112, 0, 0.84717600189, 0.086873899306],
      [0, 0, 0.8198433178, 0, 0.17994254652, 0.00021413568179],
      [0, 0.5696517812, 0.01072606139, 0.35629784547, 0.058611074223, 0.0047132377181],
      [0.096021506399, 0.03908115691, 0.14064755642, 0.55119751518, 0.17073338404, 0.0023188810531],
      [0, 0, 0, 0, 0.99951999018, 0.00048000982324],
      [0.13798982032, 0.16031351318, 0.003015614391, 0.53889252289, 0.045420518243, 0.11436801097]
    ],
    [
      [0.00037522396183, 0.0019085950214, 0.05092808973, 0.07138332547, 0.85249649237, 0.022908273449],
      [0.00040222787345, 0.0024000471064, 0.055451729305, 0.0017639407448, 0.82539602308, 0.11458603189],
      [0.0003916320888, 0.0028236306405, 0.80653643869, 0.003193221891, 0.18597272652, 0.0010823501726],
      [0, 0.60089075168, 0, 0.34506489205, 0.047188128615, 0.0068562276557],
      [0.10135583027, 0.077879271171, 0.089063466585, 0.5922811026, 0.13481464306, 0.0046056863069],
      [0, 0, 0, 0, 0.99803961918, 0.0019603808173],
      [0.12552037526, 0.17582687346, 0, 0.52196050673, 0.036468018704, 0.14022422584]
    ],
    [
      [0.0016896648816, 0.0027178106557, 0.046264436758, 0.077484155066, 0.85484692851, 0.016997004129],
      [0.0023951846958, 0.0040320142545, 0.048840375344, 0.0059016086463, 0.85065440984, 0.08817640722],
      [0.0034386828113, 0.0054174674224, 0.78591486147, 0.01039339948, 0.19413244395, 0.00070314486758],
      [0, 0.62326585165, 0, 0.34883657757, 0.023171852843, 0.0047257179315],
      [0.21458159324, 0.088294746714, 0.042530285808, 0.56488100172, 0.086632631133, 0.0030797413822],
      [0, 0, 0, 0.015710983745, 0.98284145391, 0.0014475623476],
      [0.24865311556, 0.16900060408, 0, 0.47173265669, 0.021609206569, 0.089004417092]
    ],
    [
      [0.00069400020853, 0.00012664094855, 0.057706803651, 0.074174978266, 0.85488376492, 0.012413812003],
      [0.00086828477388, 0, 0.063547590172, 0.0017932907079, 0.86804014031, 0.065750694035],
      [0.00087164477009, 0, 0.82128871258, 0.0029814279059, 0.17462403775, 0.00023417699586],
      [0.0018889250722, 0.55352065804, 0.010771718106, 0.38793891376, 0.042437669192, 0.0034421158307],
      [0.13337812551, 0.041265047266, 0.10957878199, 0.58224999754, 0.1318633553, 0.0016646923887],
      [0, 0, 0, 0, 0.99954741998, 0.0004525800195],
      [0.18465897212, 0.14801863298, 0.0013994405901, 0.55154357399, 0.036392640092, 0.07798674023]
    ],
    [
      [0.00029327515396, 0.005568628407, 0.086776119903, 0.09410071457, 0.79873703216, 0.014524229809],
      [0.00024882446674, 0.0041602227668, 0.096954748592, 0.0039351893678, 0.81590396886, 0.078797045942],
      [0.00015495842815, 0.010824381585, 0.87964265929, 0.013108829207, 0.096269171485, 0],
      [0.00053118890387, 0.61089476827, 0.02130188045, 0.35779010412, 0.0067653421742, 0.0027167160788],
      [0.040346131702, 0.087543628202, 0.17643412947, 0.64483859797, 0.049932790923, 0.00090472172469],
      [0.00086350813372, 0.011728896492, 0.0098005516331, 0.015622339999, 0.961872061, 0.00011264274489],
      [0.058462838879, 0.20587230727, 0.010788466181, 0.62165119602, 0.0169112617, 0.086313929943]
    ],
    [
      [0.00024926813563, 0.0044837492077, 0.071201461601, 0.071350172652, 0.84109599606, 0.011619352343],
      [0, 0.0092693000277, 0.07758947499, 0.0027964067803, 0.84870689013, 0.061637928072],
      [0, 0.011151872558, 0.84706893812, 0.0038977025533, 0.13788148677, 0],
      [0, 0.67879401722, 0.0065570861055, 0.29475435498, 0.017789491129, 0.0021050505671],
      [0.10296868401, 0.10786800569, 0.14731795864, 0.55250137507, 0.0883354398, 0.0010085367859],
      [0, 0.013409562228, 0, 0.0060359471931, 0.98052634126, 2.814931498e-05],
      [0.14732769558, 0.230210841, 0.0060412156993, 0.51972695017, 0.024506592367, 0.072186705188]
    ],
    [
      [3.1155022676e-05, 0.0015218638615, 0.099120625699, 0.067069493666, 0.81657341521, 0.015683446544],
      [0, 0.0017479873692, 0.11305180146, 0, 0.80539679286, 0.079803418312],
      [0, 0, 0.89656825896, 0, 0.10343174104, 0],
      [0, 0.63577052724, 0.042351983211, 0.29970748088, 0.019424619413, 0.0027453892612],
      [0.079057188465, 0.07385741801, 0.24824413466, 0.51450348255, 0.084166177375, 0.0001715989437],
      [0, 0, 0.023575152799, 0, 0.9764248472, 0],
      [0.12231265731, 0.20749566176, 0.023257530972, 0.52152563676, 0.022884477564, 0.10252403563]
    ],
    [
      [0.00123009385, 0.0011852514188, 0.06568851012, 0.075187754527, 0.8357553924, 0.020952997685],
      [0.0021176325372, 0.0011153251175, 0.069058910494, 0.0048497211442, 0.81622337267, 0.10663503803],
      [0.0031026457256, 0.00016658178442, 0.83687304697, 0.0083136503508, 0.15057563196, 0.00096844321091],
      [0.0044890558429, 0.58341715186, 0.010792226394, 0.3665479251, 0.028666247703, 0.0060873930976],
      [0.17308339562, 0.055480792235, 0.11772192209, 0.5586416397, 0.091006033925, 0.0040662164284],
      [0, 0, 0, 0.012090236167, 0.98587873587, 0.0020310279595],
      [0.21733623665, 0.15003943713, 0.0018434336166, 0.49101965144, 0.023566731433, 0.11619450974]
    ],
    [
      [0, 0, 0.096622042835, 0.04020886848, 0.85229716368, 0.010871925001],
      [0, 0, 0.10965163033, 0, 0.84718210809, 0.043166261581],
      [0, 0, 0.84877985431, 0, 0.15122014569, 0],
      [0, 0.48017225135, 0.13894223262, 0.32024160289, 0.057612373832, 0.003031539312],
      [0.12355189255, 0, 0.42549057635, 0.32293014069, 0.12764534807, 0.00038204233712],
      [0, 0, 0, 0, 1, 0],
      [0.24007570208, 0.14436363264, 0.031162172792, 0.45624895282, 0.041426948445, 0.086722591221]
    ],
    [
      [0, 0, 0.093917491542, 0.043173962431, 0.85886223917, 0.0040463068594],
      [0, 0, 0.10377432455, 0, 0.86101174961, 0.035213925843],
      [0, 0, 0.85285936018, 0, 0.14714063982, 0],
      [0, 0.48375348322, 0.15788341646, 0.31108075917, 0.045620378882, 0.001661962266],
      [0.13254922802, 0, 0.46033033979, 0.28579816484, 0.12132226735, 0],
      [0, 0, 0, 0, 1, 0],
      [0.27505836502, 0.15716155795, 0.022172890504, 0.4442414898, 0.037828776396, 0.063536920335]
    ],
    [
      [0, 0, 0.10882936109, 0.035255216729, 0.84996134599, 0.0059540761893],
      [0, 0, 0.12337086832, 0, 0.86111797355, 0.015511158124],
      [0, 0, 0.86590092322, 0, 0.13409907678, 0],
      [0, 0.48697074796, 0.14463226034, 0.31777326062, 0.049135143536, 0.0014885875498],
      [0.08912477081, 0, 0.46996811776, 0.31464408185, 0.12476458416, 0.001498445419],
      [0, 0, 0, 0, 1, 0],
      [0.20764681102, 0.1615952219, 0.038196121408, 0.49756451171, 0.042143029083, 0.05285430487]
    ],
    [
      [0, 0, 0.094457188739, 0.062993377417, 0.82458788065, 0.017961553193],
      [0, 0, 0.10645050629, 0, 0.80297438577, 0.090575107939],
      [0, 0, 0.87590893821, 0, 0.12409106179, 0],
      [0, 0.53725903538, 0.041099017806, 0.38104053023, 0.035257872989, 0.0053435435978],
      [0.078665427597, 0.00089126773139, 0.35299109522, 0.46387627905, 0.1035759304, 0],
      [0, 0, 0.0096151229819, 0, 0.99038487702, 0],
      [0.1325205148, 0.13901141413, 0.029294000446, 0.53524733381, 0.031019136941, 0.13290759988]
    ],
    [
      [0, 0, 0.11417050963, 0.052844724646, 0.82437639768, 0.0086083680492],
      [0, 0, 0.11811231487, 0, 0.81185620207, 0.070031483062],
      [0, 0, 0.89661479193, 0, 0.10338520807, 0],
      [0, 0.53675897227, 0.096138219827, 0.33344646905, 0.030967355698, 0.002688983158],
      [0.097160246562, 0, 0.41530281545, 0.39048933138, 0.097047606616, 0],
      [0, 0, 0.019143012716, 0, 0.98085698728, 0],
      [0.1780384791, 0.15799584454, 0.032520960744, 0.49799709146, 0.027892066024, 0.10555555813]
    ],
    [
      [0, 0, 0.09623783901, 0.043059508915, 0.8569171237, 0.0037855283748],
      [0, 0, 0.1146143182, 0, 0.87838272079, 0.0070029610154],
      [0, 0, 0.86199458435, 0, 0.13800541565, 0],
      [0, 0.66808183212, 0.044256623608, 0.24977757586, 0.0371848135, 0.00069915491343],
      [0.095039243879, 0.018329407609, 0.41262239535, 0.34762924626, 0.12224471137, 0.0041349955232],
      [0, 0, 0.0012701698066, 0, 0.99872983019, 0],
      [0.20248344502, 0.23032059867, 0.028355169263, 0.46827134139, 0.039428058179, 0.031141387477]
    ],
    [
      [0.00096430808053, 0, 0.065867713864, 0.065686872521, 0.85373661506, 0.013744490477],
      [0.0013469573466, 0, 0.068785750162, 0.00066904510201, 0.85780471703, 0.071393530357],
      [0.0015836567846, 0, 0.83095454531, 0.00084679139609, 0.1661486088, 0.00046639770684],
      [0.0026217815695, 0.58280277504, 0.014013467487, 0.35032806065, 0.046158562949, 0.0040753522993],
      [0.17484568604, 0.031887764905, 0.14240021958, 0.51552946025, 0.13317868106, 0.0021581881748],
      [0, 0, 0, 0, 0.99913048884, 0.00086951116481],
      [0.23849659394, 0.15190599599, 0.0041840193477, 0.48509438744, 0.035465487965, 0.084853515314]
    ],
    [
      [0.0010390918312, 0.0016520891527, 0.075360299998, 0.085690621119, 0.82449461435, 0.01176328355],
      [0.001594093726, 0.0023216751644, 0.084935265245, 0.0072224422695, 0.84091406764, 0.063012455959],
      [0.002292986616, 0.0019279464089, 0.85743023646, 0.012201842628, 0.12614698788, 0],
      [0.002412563622, 0.56855268959, 0.018031050034, 0.38724141535, 0.021010564177, 0.0027517172219],
      [0.11443376516, 0.060343922627, 0.14998360767, 0.60002221581, 0.074051521126, 0.0011649676037],
      [0.0046312960321, 0.0024637252451, 0.00089380943054, 0.019855177408, 0.97199953194, 0.0001564599483],
      [0.16329873938, 0.16345546094, 0.0076390214825, 0.57568533726, 0.021245386725, 0.06867605421]
    ],
    [
      [0.0010309011037, 0, 0.091370808587, 0.071409122244, 0.8204482954, 0.015740872663],
      [0, 0, 0.10572661405, 0.0026403998344, 0.80999788326, 0.081635102849],
      [0, 0, 0.89020605032, 0.0037626979487, 0.10592201163, 0.0001092401062],
      [0.0043785820691, 0.56507544471, 0.038083855646, 0.36646271167, 0.021774409724, 0.004224996184],
      [0.19676335821, 0.019257215952, 0.20615242032, 0.50163239351, 0.074376118291, 0.0018184937073],
      [0, 0, 0.022774678262, 0.0058868788865, 0.9708466981, 0.00049174475609],
      [0.25846376222, 0.13772030485, 0.018378121599, 0.47827876999, 0.0180098774, 0.089149163944]
    ],
    [
      [0.00039211973582, 0.0043224247739, 0.059965780609, 0.087157347198, 0.8173976066, 0.030764721087],
      [0.0004035521407, 0.0048560763233, 0.06342020961, 0.0046209306786, 0.77535410525, 0.151345126],
      [0.00069905170485, 0.0096989141307, 0.82775121425, 0.011230320043, 0.14902983822, 0.0015906616557],
      [0.00060116886862, 0.61324105774, 0, 0.36162019444, 0.016398403634, 0.0081391753137],
      [0.058621988516, 0.1013985508, 0.099851042799, 0.65538595777, 0.078260486555, 0.0064819735621],
      [0, 0.0024006573695, 0, 0.017743874372, 0.97695644058, 0.0028990276816],
      [0.068582147944, 0.18768292821, 0, 0.55713348609, 0.018121929796, 0.16847950796]
    ],
    [
      [0, 0, 0.077382438029, 0.047451971895, 0.86648766076, 0.0086779293126],
      [0, 0, 0.086734120061, 0, 0.87283844556, 0.040427434381],
      [0, 0, 0.83483935307, 0, 0.16516064693, 0],
      [0, 0.65469059249, 0.029323587168, 0.25605545999, 0.058463921629, 0.0014664387257],
      [0.10017072476, 0.063531995036, 0.23488840764, 0.43790773575, 0.16305503294, 0.0004461038861],
      [0, 0, 0, 0, 1, 0],
      [0.17103021366, 0.22035486184, 0.015781872501, 0.47414378731, 0.050385907662, 0.068303357019]
    ],
    [
      [0.00031758964062, 0, 0.064778600554, 0.062270516763, 0.8511650249, 0.021468268145],
      [0.0003791082748, 0.00053047296851, 0.070008651652, 0.00039419483344, 0.82033387472, 0.10835369755],
      [0, 0, 0.82693889768, 0, 0.17244751361, 0.00061358871073],
      [0.00060064642133, 0.59662839372, 0.012120746901, 0.33254808165, 0.051850610759, 0.0062515205464],
      [0.12475900317, 0.046788016041, 0.14910959105, 0.52513341009, 0.15071666576, 0.0034933138813],
      [0, 0, 0, 0, 0.99885243413, 0.0011475658673],
      [0.16923798559, 0.16259134294, 0.0033014797883, 0.48528138205, 0.040700321539, 0.13888748809]
    ],
    [
      [0.0019972867864, 0.0017226356269, 0.063883988338, 0.074901905986, 0.84965223391, 0.007841949349],
      [0.0024773863874, 0.0024038618501, 0.072579265812, 0.0052021439291, 0.87524418953, 0.04209315249],
      [0.0039868199185, 0.0020780161794, 0.83228738941, 0.0098914973726, 0.15154072388, 0.00021555324264],
      [0.0060878387072, 0.61526790349, 0.0060658704348, 0.34464866762, 0.025902252314, 0.0020274674286],
      [0.20807352399, 0.067697789787, 0.10647462433, 0.52935801264, 0.08729314257, 0.001102906686],
      [0, 0, 0, 0.016421624705, 0.98312462805, 0.00045374724116],
      [0.27215785586, 0.1702586143, 7.48058137e-05, 0.49007631694, 0.02321846874, 0.044213938354]
    ],
    [
      [0.0011821056374, 0.00094492257297, 0.07922693286, 0.087546149264, 0.7959374629, 0.035162426763],
      [0.0015190523432, 0.0011061521319, 0.081993780882, 0.0067415069204, 0.73969479291, 0.16894471482],
      [0.0024508069818, 7.0111186793e-05, 0.86853580951, 0.012123403468, 0.11445368339, 0.0023661854618],
      [0.0025877284972, 0.54185084788, 0.021418684136, 0.40618938154, 0.017845943138, 0.010107414808],
      [0.097761412201, 0.053452919368, 0.1617642692, 0.61248746233, 0.067578815129, 0.006955121779],
      [0.0044072844835, 0, 0.0057817803095, 0.019573060732, 0.96594777058, 0.0042901038971],
      [0.12494398235, 0.13638830075, 0.0081716612364, 0.53156415399, 0.015698839069, 0.1832330626]
    ],
    [
      [4.3527351626e-05, 0, 0.081981721058, 0.048575924893, 0.85444516675, 0.014953659944],
      [0, 0, 0.081357660186, 0, 0.84231666399, 0.076325675823],
      [0, 0, 0.85649582906, 0, 0.14344661739, 5.7553551929e-05],
      [0, 0.66621456957, 0.029163342091, 0.25178112088, 0.048918761061, 0.0039222063964],
      [0.19408132334, 0.0302305329, 0.23837698504, 0.38361939768, 0.15174722372, 0.0019445373192],
      [0, 0, 0, 0, 0.99981055783, 0.00018944216535],
      [0.28170335876, 0.18629442376, 0.013482531807, 0.38190417929, 0.038986169433, 0.097629336958]
    ],
    [
      [0.0013604405407, 0, 0.067045771327, 0.063922387651, 0.856913809, 0.010757591486],
      [0.0016757332341, 0, 0.074731951531, 0.0016789355416, 0.86526649704, 0.056646882649],
      [0.0019842108649, 0, 0.83909358009, 0.0025110414517, 0.15615612929, 0.00025503830373],
      [0.0052727879997, 0.60189082081, 0.015068521492, 0.33144288985, 0.043188892846, 0.0031360869974],
      [0.22411452241, 0.033075722884, 0.13915110301, 0.48704949596, 0.11498334829, 0.0016258074495],
      [0, 0, 0, 0, 0.9993402762, 0.00065972379666],
      [0.29654169185, 0.15289243588, 0.0049176899875, 0.44896095511, 0.032840746454, 0.063846480718]
    ],
    [
      [0.0013032245682, 0.00047482087881, 0.054066516631, 0.060346246592, 0.86787621271, 0.015932978621],
      [0.0016936315353, 7.7321411463e-05, 0.057879631678, 0.0015602231486, 0.8568591399, 0.081930052329],
      [0.0019809194574, 0, 0.80877993766, 0.0027504110831, 0.18590755004, 0.00058118176291],
      [0.0056422363005, 0.62281480514, 0, 0.30630463339, 0.06008739627, 0.005150928901],
      [0.23640763194, 0.058233967597, 0.10070259853, 0.47845405486, 0.12316805834, 0.0030336887464],
      [0, 0, 0, 0, 0.99858608828, 0.0014139117226],
      [0.29726352981, 0.1624534279, 0.00071158383457, 0.41402922504, 0.033113882865, 0.092428350554]
    ],
    [
      [0.00023191783525, 0.0038741052595, 0.087263097721, 0.071673830254, 0.81229725957, 0.024659789359],
      [0.00024741300875, 0.0045367577278, 0.09273386149, 0.0019442657314, 0.7767952448, 0.12374245724],
      [0, 0.0074132701129, 0.88051963196, 0.0028961074195, 0.10891007918, 0.00026091132722],
      [0.00022907678719, 0.65195197522, 0.026990296469, 0.30418540149, 0.011187254203, 0.0054559958278],
      [0.091330537496, 0.086926290601, 0.19406806433, 0.54612791658, 0.078388384452, 0.0031588065336],
      [0.00044786722693, 0.011005386173, 0.013887258062, 0.0050400739746, 0.96877564073, 0.00084377383252],
      [0.12436309333, 0.20418051778, 0.012282698481, 0.49526311975, 0.019095993493, 0.14481457716]
    ],
    [
      [0.0014180378159, 0.0018445593475, 0.065710984961, 0.069163876803, 0.84015908691, 0.021703454161],
      [0.002217107374, 0.0025159151383, 0.068024857887, 0.00439699064, 0.81324071386, 0.1096044151],
      [0.0042576888033, 0.0026671304455, 0.83132634702, 0.0098365376022, 0.15054670751, 0.0013655886211],
      [0.0056193891002, 0.63180232419, 0.0039722273189, 0.32386905128, 0.028350807015, 0.0063862010912],
      [0.20628565667, 0.073270861704, 0.10809004477, 0.51555058793, 0.092736958882, 0.00406589004],
      [0, 0, 0, 0.010869315592, 0.9867554919, 0.0023751925096],
      [0.25157992976, 0.16691670829, 0.00070172060714, 0.43978538819, 0.023463973195, 0.11755227995]
    ],
    [
      [0.00091720115342, 0.0034757047758, 0.060283821296, 0.072162332271, 0.85280713243, 0.010353808078],
      [0.0011568616752, 0.0057915869879, 0.067086757219, 0.0035910851418, 0.86718457753, 0.055189131446],
      [0.0011718609293, 0.0069036003149, 0.82585820572, 0.0055058999169, 0.16035379455, 0.00020663856837],
      [0.0029478398135, 0.6854574834, 0.0012510827783, 0.29710085737, 0.010983604267, 0.0022591323719],
      [0.1835238233, 0.105428464, 0.10591894937, 0.52942354156, 0.07434574497, 0.0013594767985],
      [0, 0.013048870225, 0, 0.012669294142, 0.9738511195, 0.00043071613179],
      [0.24080246274, 0.21516497935, 0.00027990902182, 0.46938233828, 0.017253657355, 0.057116653259]
    ],
    [
      [0.0028842825646, 0.0020664925674, 0.050478607769, 0.060363499737, 0.86312899956, 0.0210781178],
      [0.0039143812417, 0.0027444756588, 0.052240895006, 0.0040915338797, 0.83242574906, 0.10458296516],
      [0.0050030601522, 0.0030487070218, 0.80101892928, 0.0063804454417, 0.18312026229, 0.0014285958167],
      [0.005557466849, 0.68041942517, 0, 0.27975231703, 0.026733430751, 0.0075373602005],
      [0.30858537462, 0.079280167577, 0.065871705537, 0.44722137632, 0.093410660613, 0.0056307153326],
      [0, 0, 0, 0.011848609648, 0.98481110173, 0.0033402886197],
      [0.33507510443, 0.17249986774, 0, 0.36321217466, 0.021609446091, 0.10760340708]
    ],
    [
      [0, 0.00038522011033, 0.078273858179, 0.055656943381, 0.85316586062, 0.012518117711],
      [0, 0, 0.086665997072, 0, 0.84999977369, 0.063334229238],
      [0, 0, 0.84799343509, 0, 0.15200656491, 0],
      [0, 0.65171200688, 0.024613809791, 0.27298781768, 0.048215435151, 0.0024709304942],
      [0.092049105009, 0.069582811165, 0.21998382354, 0.46681995503, 0.15132110651, 0.00024319874036],
      [0, 0, 0, 0, 1, 0],
      [0.14946262975, 0.21665277006, 0.012501949215, 0.48985810805, 0.040825125454, 0.090699417476]
    ],
    [
      [2.2828582853e-05, 0.0052515387496, 0.074979848034, 0.067091480795, 0.83940259751, 0.013251706325],
      [0, 0.0070506390206, 0.083014752993, 0.0012080088812, 0.83871737797, 0.070009221136],
      [0, 0.011071753839, 0.85552948434, 0.0012530939573, 0.13214566786, 0],
      [0, 0.7045869684, 0.013293464337, 0.2600094822, 0.020107491216, 0.0020025938531],
      [0.092832141143, 0.11799492755, 0.16428921964, 0.5313615074, 0.092516917592, 0.0010052866668],
      [0, 0.018045100903, 0, 0.0015628655721, 0.98039203352, 0],
      [0.13323056814, 0.25879393739, 0.0062098985139, 0.49472689375, 0.023995237883, 0.083043464318]
    ],
    [
      [0.00041474025938, 0.004182683914, 0.070696196747, 0.063134555298, 0.84765335841, 0.013918465373],
      [0.00035195030148, 0.0059551255191, 0.077460323797, 0.0019138523842, 0.84185300325, 0.072465744752],
      [0, 0.0075864869362, 0.84828516299, 0.0028244096133, 0.14115575537, 0.00014818508647],
      [0.00019917596394, 0.70031655142, 0.0060060762217, 0.26897425015, 0.02156989006, 0.0029340561869],
      [0.16143096926, 0.10013786175, 0.15182409884, 0.4910189549, 0.093914100114, 0.0016740151304],
      [0, 0.011978047294, 0, 0.0046511236983, 0.98300645397, 0.00036437504007],
      [0.21992674225, 0.22491990822, 0.0036352947718, 0.4446487167, 0.023715800094, 0.083153537972]
    ],
    [
      [0.00030603947683, 0, 0.078296318408, 0.063369051652, 0.8443905234, 0.013638067059],
      [0, 0, 0.084386264104, 0, 0.84432986918, 0.071283866714],
      [0, 0, 0.85117396457, 0, 0.14881506519, 1.097023856e-05],
      [0.00057132638884, 0.59004965466, 0.026080845591, 0.33794335, 0.041690723971, 0.0036640993927],
      [0.12819329495, 0.033195175227, 0.20789363378, 0.50550393447, 0.12353589907, 0.0016780624997],
      [0, 0, 0, 0, 0.99974264864, 0.00025735136401],
      [0.1877937691, 0.16824001576, 0.011056523817, 0.51068872247, 0.031699198932, 0.090521769931]
    ],
    [
      [0.00064764798907, 0.0011535522093, 0.071911978097, 0.06832281787, 0.84977282094, 0.008191182897],
      [0.0007459727047, 0.0014828158849, 0.081196495688, 0.0018502045557, 0.87074964442, 0.043974866743],
      [0.00066124428189, 0, 0.84646819513, 0.0027309750808, 0.15013958551, 0],
      [0.0015218308718, 0.61796103005, 0.016069523157, 0.32808783117, 0.034394980381, 0.0019648043668],
      [0.15079354573, 0.06358300944, 0.15231095196, 0.52575092835, 0.10670401392, 0.00085755060177],
      [0, 0, 0, 0.0030619360605, 0.99691569316, 2.2370784268e-05],
      [0.21589705627, 0.18392808252, 0.00686969795, 0.51094527518, 0.030372090452, 0.051987797638]
    ],
    [
      [0.00052415473033, 3.0132777831e-05, 0.092159326534, 0.060157219996, 0.84108133598, 0.0060478299771],
      [0.00045933605499, 0, 0.10649408118, 0, 0.86076573039, 0.032280852374],
      [0, 0, 0.88416786672, 0, 0.11583213328, 0],
      [0.00082767357007, 0.62978471233, 0.039613240214, 0.30136367101, 0.027571433024, 0.00083926984973],
      [0.18468432939, 0.021953164119, 0.26487419589, 0.43719848296, 0.091289827642, 0],
      [0, 0, 0.018890643583, 0, 0.98110935642, 0],
      [0.27985756409, 0.17875628819, 0.019431287593, 0.45739682121, 0.025826505109, 0.03873153381]
    ],
    [
      [0.00022066778363, 0, 0.079917542783, 0.053712224262, 0.84616416114, 0.019985404036],
      [0, 9.2824930105e-05, 0.085403450604, 0, 0.81394746853, 0.10055625593],
      [0, 0, 0.85892645109, 0, 0.14072461333, 0.00034893557369],
      [0, 0.6471440759, 0.044563344676, 0.25382897025, 0.049192481144, 0.0052711280343],
      [0.17816871846, 0.070531134988, 0.18941291419, 0.44641797475, 0.11257875018, 0.0028905074319],
      [0, 0, 0, 0, 0.99914152205, 0.00085847795107],
      [0.24191270301, 0.18917088515, 0.010595094086, 0.40357338208, 0.030689461574, 0.1240584741]
    ],
    [
      [3.1091061524e-05, 0.0039447039833, 0.077493650286, 0.065680508876, 0.84091116967, 0.011938876123],
      [0, 0.0070526045101, 0.085851839925, 0, 0.8441943546, 0.06290120096],
      [0, 0.0083920753577, 0.85939546304, 0, 0.1322124616, 0],
      [0, 0.68765932587, 0.015435154468, 0.27223495963, 0.023198654212, 0.0014719058217],
      [0.082559750176, 0.10793701905, 0.17808353178, 0.53107019103, 0.099311204918, 0.0010383030422],
      [0, 0.0142140823, 0.0015541251102, 0, 0.98423179259, 0],
      [0.12608639086, 0.2448579392, 0.0090458492122, 0.5136870116, 0.027448390032, 0.07887441909]
    ],
    [
      [0.0020391835016, 0.0050174762949, 0.072472109531, 0.080869098892, 0.81493867214, 0.024663459637],
      [0.0022378921524, 0.0059695298717, 0.077460129038, 0.0071990663792, 0.78408022394, 0.12305315862],
      [0.0029339840587, 0.0075326338744, 0.85508069377, 0.011140877079, 0.12235323137, 0.00095857984759],
      [0.0055396166906, 0.64430597633, 0.0093549685837, 0.33135244194, 0.0030638986757, 0.0063830977769],
      [0.16520004643, 0.084790956173, 0.13778111944, 0.54881112962, 0.059237968935, 0.0041787794099],
      [0.0033993840475, 0.012371322951, 0, 0.019647670118, 0.96259650795, 0.0019851149306],
      [0.20706639637, 0.18216269035, 0.0037185464044, 0.46955524079, 0.011804716482, 0.12569240961]
    ],
    [
      [0.00089502339849, 0.0012247109752, 0.060161502884, 0.059254321216, 0.86201843052, 0.016446011004],
      [0.0010801297698, 0.00091902804295, 0.062489306099, 0.0010086432022, 0.85050087805, 0.084002014837],
      [0.0010433780234, 0.00044978573011, 0.82280371919, 0.001832776304, 0.17329678305, 0.00057355770768],
      [0.0023630699603, 0.64842662884, 0, 0.28820929563, 0.056261111574, 0.0047398939969],
      [0.21172603102, 0.070959014093, 0.10603166135, 0.47506353689, 0.13345399943, 0.0027657572147],
      [0, 0, 0, 0, 0.99852476698, 0.0014752330193],
      [0.27054784343, 0.18033389831, 0.00058886259677, 0.41683671619, 0.034495972003, 0.097196707477]
    ],
    [
      [0.0020022603986, 0.0082876449694, 0.051422700088, 0.094096038563, 0.82441333339, 0.019778022589],
      [0.0018210813633, 0.0073820829354, 0.058267292108, 0.0043909897026, 0.82577219387, 0.10236636002],
      [0.0019682999656, 0.0085286114694, 0.81015030626, 0.0067971765758, 0.17202742544, 0.00052818029481],
      [0, 0.68948913462, 0, 0.30630205272, 0, 0.0042088126514],
      [0.21751315241, 0.15791774262, 0.062061251162, 0.55947007601, 0, 0.0030377777913],
      [0.049309532888, 0.014885989306, 0, 0.0117068629, 0.92305083703, 0.0010467778729],
      [0.24517202542, 0.22310901696, 0, 0.45108597806, 0, 0.080632979569]
    ],
    [
      [0.00038358969571, 0.0042781367299, 0.040374110906, 0.088663789362, 0.84590418579, 0.020396187511],
      [0.00039592562253, 0.0059212735165, 0.044388806088, 0.0026705821235, 0.84061341173, 0.10601000092],
      [0.00053721115814, 0.0063244662809, 0.76641335251, 0.0052900132909, 0.22087644892, 0.00055850784385],
      [0, 0.67621092123, 0, 0.31955638442, 0, 0.0042326943516],
      [0.10173432695, 0.12935914566, 0.067719898835, 0.6374105764, 0.060746056722, 0.003029995437],
      [0.00098733988426, 0.013492234572, 0, 0.0066505098648, 0.97794966568, 0.00092025000118],
      [0.12662113813, 0.22650071989, 0, 0.53355138856, 0.0095214041671, 0.10380534926]
    ],
    [
      [0.0011211151869, 0.0078003580871, 0.047589997555, 0.099546212342, 0.81857071665, 0.025371600177],
      [0.001228055112, 0.0097890439984, 0.051731967071, 0.0042290087488, 0.80302118132, 0.13000074375],
      [0.0013716174015, 0.012681655374, 0.79728776864, 0.0073275268719, 0.18066806909, 0.00066336262161],
      [0, 0.7050839006, 0, 0.29049684124, 0, 0.0044192581513],
      [0.18461888385, 0.19653951441, 0.03371646785, 0.58189789756, 0, 0.003227236341],
      [0.050807709527, 0.085791938203, 0, 0.010509291159, 0.8517176207, 0.0011734404115],
      [0.1977499089, 0.24989367226, 0, 0.45480947714, 0, 0.097546941706]
    ],
    [
      [0.00027129458761, 0.0083732604695, 0.098912077825, 0.083589625313, 0.78762574536, 0.021227996449],
      [0.00026059314238, 0.012236545017, 0.1089006689, 0.0051753243255, 0.76343983649, 0.10998703212],
      [0.00022758248914, 0.027648252422, 0.90138170091, 0.010211310235, 0.059915020858, 0.00061613309011],
      [0, 0.67741544507, 0.028411013226, 0.29417354171, 0, 0],
      [0.074087252327, 0.11122036341, 0.2023746363, 0.57059291333, 0.040721954357, 0.0010028802781],
      [0.00095578880706, 0.016251910594, 0.015276870289, 0.0092603748784, 0.95825505543, 0],
      [0.10235548874, 0.23549417963, 0.013751104661, 0.52150482386, 0.010670541284, 0.11622386183]
    ],
    [
      [0.0013622012591, 0.0058185236551, 0.089276795624, 0.083367695411, 0.79970507466, 0.020469709395],
      [0.001758494945, 0.0086682741744, 0.096659548587, 0.0064226272541, 0.78108098821, 0.10541006683],
      [0.003315092518, 0.01944429822, 0.87597767463, 0.016296300116, 0.084966634512, 0],
      [0, 0.67727621689, 0.010707398931, 0.30862165611, 0, 0.0033947280763],
      [0.17049197467, 0.11180889757, 0.15755988121, 0.53135183253, 0.026993591978, 0.0017938220379],
      [0.0037793062354, 0.010575370198, 0.0043814779077, 0.010531282488, 0.97006738828, 0.00066517488896],
      [0.21702896813, 0.20868231577, 0.0054587738561, 0.4642144022, 0.0060931818324, 0.098522358211]
    ],
    [
      [0.00065546972749, 0, 0.098958291038, 0.05971317896, 0.82396359639, 0.016709463888],
      [0.00074422634963, 0, 0.10795290092, 0.0011624521065, 0.80354586499, 0.086594555631],
      [0, 0, 0.90066627333, 0.00090441313379, 0.098429313539, 0],
      [0.0037571572952, 0.65484587356, 0.043283093963, 0.27907973999, 0.015030002304, 0.0040041328837],
      [0.233564369, 0.046726431996, 0.2142303961, 0.42818983023, 0.075387449456, 0.0019015232204],
      [0.00048347487318, 0, 0.023451617808, 0.002786744059, 0.97279813517, 0.00048002808524],
      [0.3054389475, 0.17469817078, 0.016866602883, 0.39083896812, 0.01867398861, 0.093483322105]
    ],
    [
      [0.0010288107931, 0, 0.094937148686, 0.06786887163, 0.80162902866, 0.034536140229],
      [0.0013216594634, 0, 0.097285084399, 0.0027919914603, 0.73572953976, 0.16287172492],
      [0, 0, 0.89783984848, 0.0060111264689, 0.092959465107, 0.0031895599447],
      [0.0054250237873, 0.60485941868, 0.034708641111, 0.32763946544, 0.017348497102, 0.010018953876],
      [0.23586647053, 0.027239052924, 0.1944405087, 0.46618204377, 0.070668567515, 0.0056033565584],
      [0.0023081465539, 0, 0.018859964748, 0.0060603118606, 0.96988039928, 0.0028911775575],
      [0.2701903048, 0.13781967431, 0.014191305522, 0.39456887542, 0.014612119891, 0.16861772006]
    ],
    [
      [0.00063030755123, 0, 0.099019037559, 0.06759131889, 0.82800120315, 0.0047581328506],
      [0.00071774460577, 0.00033192857172, 0.11415110811, 0.0011419406814, 0.85712370232, 0.026533575716],
      [0, 0, 0.89857027095, 0.00015950728996, 0.10127022176, 0],
      [0.001296831967, 0.62523235957, 0.043792214668, 0.31292985266, 0.016234994953, 0.00051374617827],
      [0.16526775931, 0.05361600634, 0.22366047525, 0.4855123567, 0.071943402396, 0],
      [0, 0, 0.022998646264, 0.002308445027, 0.97469290871, 0],
      [0.24846521795, 0.18651980481, 0.021898550361, 0.4934002423, 0.019716194255, 0.029999990317]
    ],
    [
      [0.00014319097225, 0.00067198193923, 0.089291750625, 0.062653579956, 0.8234801677, 0.023759328808],
      [0, 0, 0.096946726966, 0, 0.78511557721, 0.11793769583],
      [0, 0, 0.88072289258, 0, 0.11927710742, 0],
      [0, 0.62607610633, 0.036059586693, 0.30430600826, 0.027691907031, 0.0058663916863],
      [0.093125737669, 0.042793372013, 0.28396509587, 0.47822732271, 0.098823309232, 0.0030651625068],
      [0, 0, 0.014657732117, 0, 0.98483355183, 0.00050871605633],
      [0.13823382127, 0.18548579588, 0.016571492649, 0.48152849725, 0.026413118085, 0.15176727486]
    ],
    [
      [0.003466719099, 0.0053013968006, 0.032605661072, 0.078823761995, 0.86515231463, 0.014650146408],
      [0.0064582555856, 0.010820947936, 0.033931957122, 0.008288212914, 0.86344382435, 0.077056802088],
      [0.0049166922315, 0.008675482948, 0.72348912406, 0.0078039471967, 0.25464199768, 0.00047275587911],
      [0, 0.70359102305, 0, 0.29331609769, 0, 0.0030928792571],
      [0.35275821621, 0.16341963828, 0.014233631216, 0.46780119168, 0, 0.0017873226141],
      [0.0965285571, 0.019268883039, 0, 0.015296948674, 0.86820795926, 0.00069765192456],
      [0.39087317005, 0.19331720177, 0, 0.35935621235, 0, 0.056453415835]
    ],
    [
      [0.002419547796, 0.0049013436838, 0.052715233108, 0.079818185532, 0.84320674695, 0.016938942935],
      [0.0034523258604, 0.0080713041109, 0.057573533592, 0.0053772508914, 0.83730622806, 0.088219357487],
      [0.0027626814479, 0.0065079600477, 0.8092999739, 0.0056038103483, 0.17540864069, 0.00041693356021],
      [0, 0.70583675611, 0, 0.29034444523, 0, 0.003818798662],
      [0.2955101166, 0.146832617, 0.072951342158, 0.48237265883, 0, 0.0023332654169],
      [0.058906855458, 0.018173181718, 0, 0.013788049149, 0.9082026425, 0.00092927117857],
      [0.34414595619, 0.2030858655, 0, 0.38399022967, 0, 0.06877794864]
    ],
    [
      [0.0017668960459, 0.0033661310929, 0.069921695988, 0.077640865904, 0.8331859939, 0.014118417069],
      [0.0027375568086, 0.0062542429715, 0.077003393732, 0.0042365305067, 0.83546771274, 0.074300563237],
      [0.0027238606976, 0.0064415712649, 0.84857174785, 0.0057381822111, 0.136209183, 0.00031545497966],
      [0, 0.70668083073, 0, 0.29010253546, 0, 0.003216633808],
      [0.29622763996, 0.12392475746, 0.10142428249, 0.47160166426, 0.0049652897165, 0.0018563661091],
      [0.0071268172768, 0.009811081133, 0.0011194016199, 0.0096731582615, 0.97157988176, 0.00068965994724],
      [0.34106387559, 0.20375603025, 0, 0.39510385043, 0, 0.060076243739]
    ],
    [
      [2.3018328675e-05, 0, 0.0912667919, 0.060282266542, 0.84052549635, 0.0079024268763],
      [0, 0, 0.10506621607, 0, 0.85253263197, 0.042401151955],
      [0, 0, 0.87439002978, 0, 0.12560997022, 0],
      [0.00016082735824, 0.60393097593, 0.037606118922, 0.32408160823, 0.032078160184, 0.0021423093752],
      [0.13254895756, 0.013945714937, 0.30542977941, 0.44712637825, 0.10033717092, 0.00061199892176],
      [0, 0, 0.011903180844, 0, 0.98809681916, 0],
      [0.2154744989, 0.17507771863, 0.018618258868, 0.50169218401, 0.02957049399, 0.059566845605]
    ],
    [
      [0, 0, 0.11655366523, 0.049275633368, 0.81411384591, 0.020056855498],
      [0, 0, 0.12324011493, 0, 0.78009303282, 0.096666852255],
      [0, 0, 0.90941222298, 0, 0.09058777702, 0],
      [0, 0.5133566237, 0.11685490635, 0.33645938885, 0.027871971569, 0.0054571095238],
      [0.13480417078, 0, 0.38841746657, 0.38748858658, 0.087670982224, 0.0016187938556],
      [0, 0, 0.023528361673, 0, 0.97647163833, 0],
