{
  "X": [
    [1, 2, 5, 1],
    [17, 53, 120, 11],
    [3, 4, 3, 0],
    [117, 314, 351, 33],
    [2, 10, 2, 0],
    [5, 10, 8, 0],
    [2, 14, 9, 0],
    [0, 3, 3, 0],
    [3, 30, 28, 3],
    [3, 29, 20, 2],
    [4, 32, 19, 2],
    [11, 64, 40, 3],
    [11, 63, 34, 4],
    [18, 92, 47, 3],
    [5, 18, 8, 1],
    [3, 3, 5, 1],
    [14, 26, 37, 4],
    [25, 161, 104, 11],
    [2, 18, 8, 2],
    [4, 34, 32, 2],
    [7, 43, 56, 3],
    [0, 5, 3, 0],
    [19, 34, 50, 6],
    [0, 3, 4, 1],
    [1, 9, 7, 0],
    [47, 94, 175, 23],
    [4, 10, 0, 0],
    [26, 48, 32, 1],
    [43, 85, 75, 8],
    [4, 25, 4, 0],
    [52, 100, 114, 13],
    [8, 7, 9, 0],
    [5, 15, 17, 3],
    [11, 18, 23, 5],
    [0, 4, 3, 0],
    [4, 12, 14, 2],
    [15, 53, 49, 3],
    [64, 195, 226, 31],
    [18, 60, 79, 7],
    [1, 3, 4, 0],
    [4, 10, 6, 1],
    [8, 21, 16, 4],
    [27, 70, 102, 17],
    [11, 52, 92, 8],
    [11, 72, 51, 5],
    [17, 32, 25, 4],
    [11, 15, 11, 2],
    [10, 43, 55, 5],
    [22, 134, 103, 9],
    [7, 13, 17, 0],
    [1, 5, 0, 1],
    [2, 8, 8, 1],
    [0, 4, 5, 0],
    [6, 23, 15, 0],
    [16, 58, 66, 10],
    [10, 22, 11, 1],
    [38, 119, 182, 15],
    [3, 29, 10, 8],
    [14, 71, 86, 9],
    [0, 4, 2, 1],
    [0, 5, 1, 1],
    [43, 192, 244, 10],
    [0, 2, 6, 1],
    [19, 41, 25, 1],
    [5, 13, 27, 2],
    [9, 12, 16, 2],
    [13, 52, 101, 12],
    [37, 116, 127, 21],
    [26, 24, 52, 4],
    [9, 49, 47, 8],
    [65, 187, 347, 17],
    [39, 100, 164, 14],
    [1, 8, 6, 0],
    [0, 2, 5, 1],
    [3, 3, 3, 2],
    [5, 14, 8, 1],
    [0, 2, 5, 0],
    [9, 20, 30, 1],
    [4, 13, 27, 2],
    [3, 7, 9, 0],
    [3, 10, 9, 0],
    [1, 9, 15, 3],
    [12, 40, 46, 2],
    [0, 4, 2, 0],
    [4, 13, 13, 1],
    [3, 4, 4, 0],
    [10, 4, 1, 1],
    [19, 7, 11, 2],
    [3, 10, 10, 0],
    [4, 6, 4, 3],
    [1, 7, 5, 0],
    [2, 7, 2, 1],
    [10, 2, 9, 2],
    [2, 3, 1, 0],
    [11, 32, 28, 1],
    [7, 20, 28, 2],
    [5, 4, 8, 4],
    [4, 6, 3, 2],
    [10, 11, 11, 0],
    [4, 7, 6, 1],
    [1, 2, 4, 0],
    [5, 21, 36, 2],
    [10, 28, 34, 2],
    [13, 35, 36, 3],
    [7, 15, 30, 3],
    [5, 10, 25, 0],
    [6, 7, 11, 0],
    [6, 11, 26, 3],
    [4, 16, 28, 0],
    [8, 7, 7, 0],
    [5, 5, 10, 1],
    [2, 8, 6, 0],
    [2, 19, 4, 1],
    [2, 26, 16, 1],
    [5, 12, 8, 1],
    [3, 6, 5, 1],
    [0, 2, 2, 2],
    [4, 15, 14, 1],
    [1, 9, 9, 0],
    [1, 5, 1, 0],
    [1, 7, 3, 1],
    [1, 4, 1, 0],
    [0, 8, 1, 0],
    [9, 17, 14, 4],
    [2, 5, 0, 1],
    [0, 7, 2, 1],
    [3, 10, 18, 1],
    [1, 6, 2, 0],
    [5, 13, 15, 0],
    [0, 11, 4, 2],
    [1, 9, 8, 1],
    [1, 5, 2, 0],
    [3, 8, 8, 1],
    [1, 14, 5, 0],
    [1, 10, 2, 0],
    [3, 9, 6, 1],
    [2, 5, 5, 0],
    [1, 11, 8, 0],
    [0, 7, 2, 1],
    [4, 14, 18, 2],
    [5, 9, 10, 0],
    [6, 11, 10, 0],
    [6, 30, 18, 1],
    [2, 17, 7, 0],
    [2, 11, 10, 2],
    [1, 6, 4, 0],
    [0, 3, 4, 0],
    [2, 11, 11, 1],
    [11, 24, 19, 0],
    [6, 56, 18, 1],
    [5, 41, 25, 4],
    [8, 44, 19, 4],
    [0, 5, 3, 1],
    [2, 8, 13, 0],
    [6, 29, 22, 0],
    [3, 3, 7, 0],
    [2, 2, 6, 1],
    [2, 7, 1, 1],
    [0, 6, 6, 2],
    [3, 10, 15, 3],
    [7, 33, 29, 5],
    [0, 6, 11, 2],
    [1, 3, 7, 3],
    [5, 6, 11, 0],
    [7, 27, 37, 4],
    [1, 4, 7, 3],
    [10, 25, 39, 8],
    [4, 23, 23, 1],
    [5, 17, 27, 4],
    [9, 19, 47, 1],
    [2, 8, 4, 1],
    [3, 14, 8, 1],
    [22, 54, 23, 3],
    [6, 16, 12, 0],
    [1, 12, 12, 3],
    [9, 10, 4, 0],
    [2, 7, 8, 3],
    [2, 5, 16, 1],
    [7, 5, 9, 1],
    [0, 7, 13, 0],
    [3, 7, 4, 0],
    [1, 5, 3, 0],
    [2, 5, 3, 0],
    [6, 12, 3, 0],
    [1, 6, 6, 0],
    [2, 11, 6, 2],
    [3, 8, 5, 5],
    [2, 1, 3, 2],
    [10, 44, 64, 6],
    [2, 8, 7, 1],
    [3, 7, 8, 0],
    [4, 3, 7, 0],
    [2, 13, 12, 0],
    [3, 6, 6, 2],
    [3, 23, 19, 1],
    [5, 17, 30, 1],
    [8, 17, 25, 3],
    [4, 17, 17, 0],
    [3, 9, 10, 1],
    [1, 9, 14, 2],
    [10, 17, 28, 6],
    [8, 29, 41, 3],
    [4, 11, 25, 1],
    [5, 20, 31, 1],
    [5, 8, 8, 0],
    [1, 7, 5, 1],
    [9, 11, 14, 1],
    [6, 17, 29, 3],
    [9, 16, 23, 2],
    [4, 6, 15, 1],
    [1, 5, 14, 1],
    [3, 15, 18, 0],
    [8, 18, 25, 1],
    [4, 9, 12, 1],
    [1, 33, 29, 2],
    [3, 14, 29, 0],
    [2, 33, 26, 2],
    [2, 8, 10, 1],
    [9, 13, 14, 3],
    [1, 5, 1, 0],
    [9, 19, 20, 0],
    [1, 4, 5, 0],
    [1, 10, 12, 2],
    [4, 7, 17, 3],
    [1, 4, 5, 2],
    [7, 20, 23, 1],
    [3, 18, 23, 4],
    [5, 14, 25, 2],
    [5, 14, 14, 0],
    [1, 12, 11, 2],
    [6, 25, 27, 3],
    [0, 7, 3, 1],
    [1, 4, 5, 0],
    [3, 2, 1, 1],
    [2, 2, 14, 3],
    [0, 5, 3, 0],
    [3, 15, 11, 0],
    [1, 4, 3, 1],
    [2, 6, 13, 1],
    [1, 12, 15, 2],
    [4, 12, 8, 0],
    [6, 12, 21, 2],
    [0, 3, 6, 0],
    [0, 5, 2, 0],
    [2, 6, 5, 1],
    [2, 9, 2, 0],
    [4, 13, 12, 1],
    [1, 3, 2, 0],
    [4, 9, 3, 0],
    [10, 44, 29, 4],
    [8, 11, 113, 0],
    [2, 7, 7, 0],
    [7, 10, 15, 3],
    [4, 23, 53, 3],
    [2, 3, 6, 0],
    [1, 4, 7, 0],
    [6, 22, 35, 3],
    [1, 3, 3, 3],
    [2, 5, 5, 0],
    [0, 6, 8, 1],
    [2, 21, 22, 4],
    [2, 11, 10, 2],
    [9, 33, 37, 7],
    [3, 25, 18, 2],
    [1, 6, 7, 1],
    [1, 3, 19, 1],
    [5, 14, 14, 0],
    [0, 4, 3, 0],
    [0, 6, 9, 0],
    [1, 6, 1, 1],
    [1, 8, 5, 2],
    [1, 7, 2, 0],
    [4, 9, 10, 2],
    [4, 7, 11, 1],
    [0, 5, 2, 0],
    [0, 5, 4, 0],
    [0, 5, 1, 0],
    [2, 5, 1, 1],
    [1, 2, 3, 1],
    [1, 1, 4, 1],
    [0, 3, 7, 1],
    [0, 8, 8, 1],
    [2, 24, 13, 1],
    [7, 46, 63, 5],
    [4, 20, 13, 1],
    [1, 4, 1, 1],
    [0, 3, 3, 1],
    [4, 16, 21, 1],
    [0, 4, 3, 0],
    [1, 5, 4, 3],
    [6, 23, 50, 2],
    [0, 8, 16, 2],
    [10, 22, 29, 8],
    [7, 22, 30, 4],
    [0, 6, 1, 0],
    [1, 4, 0, 1],
    [3, 17, 15, 3],
    [2, 10, 10, 2],
    [0, 4, 3, 1],
    [1, 2, 1, 2],
    [5, 19, 22, 1],
    [1, 3, 1, 2],
    [1, 11, 30, 3],
    [4, 19, 26, 8],
    [0, 6, 9, 0],
    [5, 11, 13, 1],
    [2, 4, 5, 3],
    [5, 12, 39, 2],
    [8, 52, 69, 3],
    [4, 15, 20, 2],
    [1, 18, 26, 3],
    [6, 22, 33, 1],
    [3, 13, 8, 5],
    [0, 6, 6, 1],
    [2, 6, 7, 1],
    [9, 21, 40, 1],
    [1, 2, 3, 0],
    [6, 11, 23, 3],
    [25, 33, 79, 5],
    [1, 15, 24, 6],
    [3, 17, 14, 5],
    [5, 17, 55, 5],
    [1, 10, 28, 1],
    [3, 7, 8, 1],
    [17, 22, 30, 5],
    [7, 11, 18, 0],
    [5, 8, 8, 1],
    [7, 10, 12, 1],
    [0, 5, 4, 0],
    [2, 8, 13, 0],
    [8, 25, 23, 1],
    [2, 5, 5, 3],
    [12, 22, 14, 2],
    [15, 12, 21, 0],
    [7, 19, 20, 2],
    [1, 18, 13, 3],
    [2, 5, 11, 1],
    [3, 10, 3, 0],
    [0, 15, 17, 4],
    [13, 21, 32, 1],
    [2, 10, 15, 0],
    [0, 8, 7, 1],
    [6, 16, 22, 0],
    [0, 7, 4, 0],
    [10, 21, 44, 8],
    [4, 4, 11, 0],
    [7, 19, 33, 2],
    [7, 31, 52, 2],
    [8, 11, 34, 1],
    [1, 5, 10, 1],
    [7, 12, 20, 1],
    [11, 37, 37, 4],
    [3, 3, 8, 0],
    [3, 24, 28, 0],
    [42, 124, 109, 9],
    [344, 1003, 990, 99],
    [236, 633, 577, 60],
    [27, 98, 76, 15]
  ],
  "W": [
    [0, 6, 1, 1, 1, 0],
    [11, 149, 18, 2, 10, 11],
    [2, 3, 4, 0, 1, 0],
    [58, 496, 111, 47, 47, 56],
    [4, 3, 6, 0, 0, 1],
    [1, 18, 2, 0, 1, 1],
    [4, 10, 7, 0, 1, 3],
    [1, 2, 2, 0, 0, 1],
    [3, 37, 13, 3, 5, 3],
    [0, 28, 4, 15, 2, 5],
    [4, 33, 10, 4, 2, 4],
    [6, 67, 25, 8, 5, 7],
    [9, 58, 18, 10, 8, 9],
    [10, 83, 37, 13, 7, 10],
    [6, 14, 8, 1, 2, 1],
    [0, 10, 1, 1, 0, 0],
    [4, 45, 8, 7, 11, 6],
    [6, 182, 60, 17, 17, 19],
    [1, 18, 8, 1, 1, 1],
    [4, 45, 9, 4, 7, 3],
    [2, 70, 16, 3, 14, 4],
    [1, 4, 3, 0, 0, 0],
    [9, 60, 10, 9, 8, 13],
    [0, 6, 0, 0, 1, 1],
    [2, 7, 7, 0, 1, 0],
    [25, 218, 26, 24, 28, 18],
    [2, 3, 8, 0, 0, 1],
    [20, 41, 29, 3, 8, 6],
    [38, 99, 39, 9, 11, 15],
    [6, 8, 16, 0, 0, 3],
    [29, 157, 27, 31, 26, 9],
    [5, 12, 1, 2, 1, 3],
    [2, 22, 7, 3, 5, 1],
    [6, 38, 4, 4, 4, 1],
    [1, 3, 2, 0, 1, 0],
    [3, 17, 4, 3, 3, 2],
    [5, 79, 11, 14, 7, 4],
    [43, 300, 71, 30, 32, 40],
    [9, 102, 16, 15, 7, 15],
    [1, 5, 0, 1, 0, 1],
    [2, 11, 2, 3, 2, 1],
    [4, 27, 9, 3, 3, 3],
    [18, 131, 32, 8, 20, 7],
    [13, 100, 26, 10, 11, 3],
    [7, 62, 46, 8, 9, 7],
    [16, 35, 9, 9, 3, 6],
    [4, 18, 5, 6, 4, 2],
    [4, 61, 22, 11, 8, 7],
    [8, 133, 61, 16, 30, 20],
    [0, 22, 3, 8, 2, 2],
    [1, 0, 6, 0, 0, 0],
    [2, 12, 4, 0, 0, 1],
    [1, 7, 1, 0, 0, 0],
    [3, 29, 5, 6, 1, 0],
    [4, 89, 25, 10, 10, 12],
    [2, 22, 7, 4, 5, 4],
    [15, 237, 46, 11, 24, 21],
    [3, 16, 20, 2, 6, 3],
    [11, 103, 27, 15, 17, 7],
    [0, 4, 1, 0, 1, 1],
    [0, 1, 3, 2, 1, 0],
    [17, 327, 80, 16, 24, 25],
    [0, 6, 1, 0, 1, 1],
    [15, 33, 16, 12, 4, 6],
    [1, 27, 10, 2, 5, 2],
    [2, 25, 4, 1, 5, 2],
    [9, 115, 24, 5, 12, 13],
    [31, 167, 56, 14, 21, 12],
    [17, 66, 9, 2, 8, 4],
    [5, 61, 17, 13, 14, 3],
    [38, 386, 134, 20, 20, 18],
    [19, 182, 65, 15, 15, 21],
    [0, 9, 4, 0, 1, 1],
    [0, 7, 1, 0, 0, 0],
    [2, 2, 1, 3, 2, 1],
    [2, 16, 4, 1, 3, 2],
    [0, 3, 0, 3, 0, 1],
    [6, 40, 8, 2, 1, 3],
    [2, 37, 3, 1, 2, 1],
    [0, 15, 1, 0, 3, 0],
    [4, 13, 4, 0, 1, 0],
    [0, 22, 3, 1, 1, 1],
    [6, 66, 9, 6, 7, 6],
    [0, 4, 1, 0, 0, 1],
    [0, 20, 2, 5, 3, 1],
    [4, 6, 0, 0, 1, 0],
    [3, 9, 2, 0, 1, 1],
    [9, 20, 2, 3, 1, 4],
    [4, 12, 3, 3, 1, 0],
    [1, 5, 4, 4, 0, 3],
    [1, 7, 3, 0, 2, 0],
    [3, 3, 0, 5, 0, 1],
    [4, 14, 1, 2, 2, 0],
    [0, 1, 0, 3, 2, 0],
    [5, 35, 15, 7, 4, 6],
    [1, 42, 4, 2, 5, 3],
    [2, 15, 1, 1, 2, 0],
    [1, 7, 2, 2, 2, 1],
    [0, 19, 4, 5, 4, 0],
    [1, 10, 2, 3, 2, 0],
    [0, 4, 0, 2, 1, 0],
    [8, 36, 7, 2, 5, 6],
    [5, 40, 8, 6, 6, 9],
    [4, 49, 12, 3, 11, 8],
    [3, 31, 5, 4, 9, 3],
    [2, 27, 4, 4, 1, 2],
    [5, 12, 1, 0, 3, 3],
    [0, 35, 5, 2, 2, 2],
    [5, 32, 5, 0, 4, 2],
    [1, 13, 2, 5, 0, 1],
    [2, 11, 2, 2, 2, 2],
    [3, 10, 0, 2, 1, 0],
    [2, 10, 8, 4, 1, 1],
    [4, 28, 7, 1, 3, 2],
    [0, 22, 1, 1, 1, 1],
    [3, 7, 2, 0, 1, 2],
    [0, 0, 1, 2, 2, 1],
    [3, 18, 4, 4, 4, 1],
    [0, 14, 2, 1, 0, 2],
    [0, 2, 1, 0, 3, 1],
    [0, 5, 2, 3, 2, 0],
    [1, 2, 1, 2, 0, 0],
    [0, 6, 2, 0, 0, 1],
    [2, 24, 7, 6, 4, 1],
    [2, 3, 1, 0, 1, 1],
    [0, 2, 7, 0, 1, 0],
    [1, 22, 5, 0, 1, 3],
    [0, 4, 0, 3, 1, 1],
    [0, 26, 0, 3, 2, 2],
    [1, 6, 5, 3, 0, 2],
    [0, 10, 4, 1, 3, 1],
    [0, 3, 2, 2, 1, 0],
    [1, 11, 1, 5, 0, 2],
    [1, 11, 2, 3, 2, 1],
    [0, 7, 5, 1, 0, 0],
    [1, 10, 1, 2, 4, 1],
    [1, 5, 0, 4, 1, 1],
    [1, 15, 2, 1, 1, 0],
    [2, 5, 0, 2, 1, 0],
    [0, 22, 5, 2, 8, 1],
    [1, 12, 5, 1, 2, 3],
    [2, 16, 2, 0, 2, 5],
    [1, 33, 13, 1, 5, 2],
    [0, 15, 6, 2, 2, 1],
    [2, 15, 4, 3, 0, 1],
    [2, 5, 0, 1, 2, 1],
    [1, 3, 0, 2, 1, 0],
    [2, 17, 3, 1, 0, 2],
    [5, 32, 4, 4, 5, 4],
    [2, 40, 30, 0, 3, 6],
    [8, 47, 9, 4, 3, 4],
    [2, 42, 15, 2, 7, 7],
    [0, 6, 2, 1, 0, 0],
    [0, 15, 2, 2, 3, 1],
    [3, 34, 7, 3, 7, 3],
    [0, 8, 1, 0, 4, 0],
    [2, 5, 1, 1, 1, 1],
    [1, 2, 1, 3, 0, 4],
    [2, 6, 2, 1, 2, 1],
    [1, 17, 1, 7, 3, 2],
    [3, 43, 16, 6, 4, 2],
    [0, 15, 1, 1, 2, 0],
    [1, 6, 0, 4, 2, 1],
    [3, 11, 1, 3, 1, 3],
    [4, 44, 12, 4, 3, 8],
    [2, 9, 1, 0, 3, 0],
    [0, 49, 14, 4, 5, 10],
    [0, 32, 4, 5, 4, 6],
    [2, 32, 4, 5, 6, 4],
    [3, 51, 7, 3, 7, 5],
    [2, 6, 0, 6, 0, 1],
    [0, 16, 3, 4, 1, 2],
    [7, 54, 27, 3, 5, 6],
    [5, 18, 5, 3, 1, 2],
    [0, 15, 6, 0, 2, 5],
    [2, 9, 6, 0, 3, 3],
    [0, 7, 2, 5, 4, 2],
    [0, 17, 1, 2, 2, 2],
    [4, 10, 0, 3, 1, 4],
    [2, 9, 1, 5, 2, 1],
    [1, 4, 3, 4, 1, 1],
    [1, 4, 2, 1, 1, 0],
    [0, 6, 1, 1, 1, 1],
    [1, 11, 2, 3, 2, 2],
    [1, 6, 1, 3, 1, 1],
    [1, 9, 3, 4, 1, 3],
    [1, 4, 2, 7, 4, 3],
    [1, 3, 1, 1, 1, 1],
    [7, 74, 12, 5, 17, 9],
    [1, 8, 3, 5, 0, 1],
    [2, 9, 2, 2, 2, 1],
    [0, 10, 3, 0, 1, 0],
    [2, 14, 5, 2, 3, 1],
    [0, 8, 2, 5, 0, 2],
    [2, 26, 8, 5, 2, 3],
    [1, 36, 5, 4, 4, 3],
    [3, 36, 3, 5, 5, 1],
    [2, 18, 7, 6, 3, 2],
    [2, 14, 3, 1, 1, 2],
    [0, 16, 6, 4, 0, 0],
    [5, 28, 9, 1, 13, 5],
    [4, 44, 10, 10, 7, 6],
    [0, 29, 4, 0, 7, 1],
    [3, 38, 6, 2, 7, 1],
    [1, 12, 3, 1, 2, 2],
    [1, 8, 2, 0, 3, 0],
    [2, 22, 2, 7, 1, 1],
    [4, 37, 4, 0, 7, 3],
    [4, 25, 6, 1, 8, 6],
    [2, 11, 4, 3, 5, 1],
    [0, 14, 1, 3, 3, 0],
    [1, 24, 6, 3, 2, 0],
    [1, 37, 3, 1, 3, 7],
    [0, 17, 2, 5, 0, 2],
    [3, 41, 6, 7, 3, 5],
    [4, 30, 2, 2, 5, 3],
    [4, 39, 8, 5, 4, 3],
    [3, 13, 0, 1, 4, 0],
    [3, 23, 3, 3, 4, 3],
    [0, 4, 1, 2, 0, 0],
    [4, 28, 5, 5, 3, 3],
    [1, 7, 0, 1, 1, 0],
    [2, 11, 1, 5, 6, 0],
    [0, 18, 0, 4, 4, 5],
    [1, 5, 0, 3, 2, 1],
    [3, 36, 7, 2, 2, 1],
    [5, 26, 6, 3, 4, 4],
    [4, 29, 2, 6, 1, 4],
    [1, 25, 3, 0, 4, 0],
    [0, 15, 2, 2, 4, 3],
    [2, 38, 6, 5, 7, 3],
    [1, 3, 2, 3, 0, 2],
    [0, 7, 2, 0, 1, 0],
    [2, 1, 0, 1, 1, 2],
    [0, 13, 1, 1, 3, 3],
    [1, 4, 3, 0, 0, 0],
    [1, 17, 0, 4, 3, 4],
    [0, 7, 1, 1, 0, 0],
    [2, 13, 4, 2, 0, 1],
    [0, 16, 2, 1, 8, 3],
    [0, 11, 6, 2, 4, 1],
    [2, 26, 7, 2, 1, 3],
    [0, 4, 0, 2, 3, 0],
    [0, 1, 4, 1, 1, 0],
    [0, 5, 4, 2, 2, 1],
    [0, 5, 5, 2, 1, 0],
    [2, 11, 8, 1, 5, 3],
    [0, 3, 1, 1, 0, 1],
    [3, 9, 4, 0, 0, 0],
    [1, 44, 20, 2, 12, 8],
    [3, 116, 8, 1, 4, 0],
    [1, 8, 0, 3, 4, 0],
    [2, 22, 0, 4, 3, 4],
    [2, 68, 3, 3, 3, 4],
    [0, 8, 1, 1, 0, 1],
    [0, 7, 0, 2, 1, 2],
    [6, 28, 10, 6, 9, 7],
    [1, 5, 2, 1, 1, 0],
    [0, 7, 5, 0, 0, 0],
    [0, 9, 3, 0, 2, 1],
    [1, 24, 11, 0, 6, 7],
    [1, 14, 2, 3, 3, 2],
    [1, 46, 15, 3, 15, 6],
    [4, 24, 12, 0, 5, 3],
    [0, 7, 2, 3, 2, 1],
    [1, 15, 2, 2, 2, 2],
    [3, 19, 2, 3, 4, 2],
    [0, 3, 0, 2, 1, 1],
    [0, 9, 5, 1, 0, 0],
    [0, 3, 2, 1, 3, 0],
    [0, 8, 3, 1, 3, 1],
    [1, 7, 2, 0, 0, 0],
    [0, 16, 2, 4, 2, 1],
    [0, 16, 5, 0, 2, 0],
    [0, 3, 0, 2, 2, 0],
    [0, 4, 3, 1, 1, 0],
    [0, 2, 1, 3, 0, 0],
    [2, 4, 0, 1, 1, 1],
    [0, 4, 1, 2, 0, 0],
    [0, 3, 1, 0, 1, 2],
    [0, 7, 1, 0, 2, 1],
    [0, 11, 3, 2, 1, 0],
    [2, 24, 11, 1, 1, 1],
    [2, 82, 14, 12, 9, 2],
    [3, 13, 11, 4, 1, 6],
    [0, 1, 1, 4, 1, 0],
    [0, 3, 2, 1, 1, 0],
    [1, 26, 5, 2, 4, 4],
    [0, 6, 1, 0, 0, 0],
    [1, 5, 1, 3, 3, 0],
    [3, 52, 9, 3, 4, 10],
    [1, 19, 0, 2, 4, 0],
    [1, 39, 6, 3, 10, 10],
    [4, 44, 4, 5, 3, 3],
    [0, 2, 0, 2, 3, 0],
    [1, 2, 0, 1, 2, 0],
    [6, 10, 10, 6, 6, 0],
    [0, 15, 3, 1, 2, 3],
    [0, 4, 2, 0, 1, 1],
    [2, 1, 1, 0, 2, 0],
    [1, 24, 13, 2, 5, 2],
    [0, 2, 0, 3, 2, 0],
    [1, 34, 5, 0, 4, 1],
    [1, 35, 6, 2, 10, 3],
    [2, 6, 3, 0, 3, 1],
    [1, 18, 4, 1, 3, 3],
    [0, 5, 1, 4, 3, 1],
    [0, 41, 6, 2, 5, 4],
    [4, 89, 18, 5, 5, 11],
    [3, 27, 4, 0, 4, 3],
    [0, 32, 6, 2, 3, 5],
    [6, 40, 7, 1, 7, 1],
    [1, 14, 6, 0, 5, 3],
    [1, 9, 1, 1, 0, 1],
    [0, 10, 1, 1, 1, 3],
    [10, 43, 10, 3, 2, 3],
    [0, 1, 0, 2, 2, 1],
    [2, 25, 7, 1, 4, 4],
    [15, 89, 19, 1, 10, 8],
    [2, 24, 15, 0, 2, 3],
    [1, 22, 3, 2, 8, 3],
    [3, 54, 12, 2, 6, 5],
    [2, 27, 4, 4, 2, 1],
    [1, 13, 0, 3, 1, 1],
    [8, 39, 9, 6, 7, 5],
    [3, 26, 3, 0, 1, 3],
    [3, 11, 5, 1, 0, 2],
    [3, 19, 1, 4, 1, 2],
    [0, 5, 3, 1, 0, 0],
    [0, 17, 2, 0, 2, 2],
    [4, 29, 11, 4, 5, 4],
    [1, 4, 3, 3, 2, 2],
    [2, 24, 9, 5, 6, 4],
    [9, 28, 1, 1, 6, 3],
    [2, 22, 20, 2, 1, 1],
    [2, 14, 9, 2, 5, 3],
    [0, 13, 3, 0, 1, 2],
    [1, 9, 0, 2, 4, 0],
    [0, 26, 4, 2, 2, 2],
    [9, 42, 7, 2, 4, 3],
    [2, 13, 9, 1, 1, 1],
    [2, 8, 2, 1, 1, 2],
    [2, 26, 7, 1, 5, 3],
    [0, 5, 2, 1, 2, 1],
    [5, 44, 19, 4, 3, 8],
    [1, 14, 2, 1, 0, 1],
    [7, 36, 10, 1, 4, 3],
    [7, 56, 18, 1, 8, 2],
    [2, 34, 4, 5, 4, 5],
    [1, 11, 0, 1, 2, 2],
    [3, 21, 9, 4, 3, 0],
    [11, 46, 14, 4, 9, 5],
    [1, 8, 1, 1, 3, 0],
    [6, 34, 8, 1, 2, 4],
    [34, 130, 51, 28, 11, 30],
    [179, 1455, 413, 115, 110, 164],
    [102, 884, 216, 103, 108, 93],
    [10, 92, 36, 43, 27, 8]
  ],
  "method": "mvn_pdf",
  "cond_prob": [
    [
      ["NaN", "NaN", "NaN", "NaN"],
      [0.12251529093, 0.14002853373, 0.68269357747, 0.054762597869],
      [0.045837361779, 0.59655022187, 0.26589754876, 0.091714867596],
      [0.14647400154, 0.39632613664, 0.25626534111, 0.20093452071],
      [0.072596891121, 0.16695243911, 0.38167564529, 0.37877502448],
      ["NaN", "NaN", "NaN", "NaN"]
    ],
    [
      [0.46052180424, 0.33412575244, 0.17704084998, 0.028311593336],
      [0.05936661068, 0.20052945421, 0.71246439562, 0.027639539494],
      [0.029555325693, 0.67432576468, 0.22209020954, 0.074028700084],
      [0.18757139014, 0.46147403924, 0.067293903235, 0.28366066739],
      [0.064148881328, 0.26793078985, 0.39738426226, 0.27053606657],
      [0.14000070055, 0.33687348224, 0.34448195479, 0.17864386243]
    ],
    [
      [0.86722999015, 0.071537704428, 0.061232305421, 0],
      [0.22039472949, 0.1754520423, 0.60415322821, 0],
      [0.076837387457, 0.74807258461, 0.17509002793, 0],
      ["NaN", "NaN", "NaN", "NaN"],
      [0.29700628139, 0.3382781258, 0.36471559281, 0],
      ["NaN", "NaN", "NaN", "NaN"]
    ],
    [
      [0.57590707077, 0.28582851396, 0.12514404782, 0.01312036745],
      [0.10717291097, 0.28546288756, 0.58804111005, 0.019323091424],
      [0.042392440609, 0.77054142246, 0.1480079314, 0.03905820553],
      [0.16715682224, 0.60761247116, 0.13578451052, 0.08944619608],
      [0.11328159236, 0.37937076675, 0.33391674402, 0.17343089687],
      [0.22416892252, 0.42703649799, 0.24229313023, 0.10650144927]
    ],
    [
      [0.41705132227, 0.48536306463, 0.097585613101, 0],
      [0.045570430091, 0.56349109212, 0.39093847778, 0],
      [0.020656570318, 0.92446641337, 0.054877016317, 0],
      ["NaN", "NaN", "NaN", "NaN"],
      ["NaN", "NaN", "NaN", "NaN"],
      [0.071143998747, 0.82127598491, 0.10758001634, 0]
    ],
    [
      [0.72733593263, 0.25056956504, 0.022094502331, 0],
      [0.19815530029, 0.39111061808, 0.41073408163, 0],
      [0.067120060638, 0.84619273414, 0.086687205223, 0],
      ["NaN", "NaN", "NaN", "NaN"],
      [0.23063825027, 0.52427340547, 0.24508834427, 0],
      [0.34099029068, 0.49278043579, 0.16622927354, 0]
    ],
    [
      [0.35109339656, 0.49245387679, 0.15645272665, 0],
      [0.023399949449, 0.36032642732, 0.61627362323, 0],
      [0.0077936959544, 0.85307347766, 0.13913282638, 0],
      ["NaN", "NaN", "NaN", "NaN"],
      [0.058165299166, 0.56120716499, 0.38062753585, 0],
      [0.082968582803, 0.63139957033, 0.28563184687, 0]
    ],
    [
      [0, 0.62770872981, 0.37229127019, 0],
      [0, 0.14134368651, 0.85865631349, 0],
      [0, 0.79689781973, 0.20310218027, 0],
      ["NaN", "NaN", "NaN", "NaN"],
      ["NaN", "NaN", "NaN", "NaN"],
      [0, 0.49580825771, 0.50419174229, 0]
    ],
    [
      [0.31968637639, 0.46900440183, 0.19304755508, 0.018261666704],
      [0.033215147005, 0.32726909116, 0.61466677002, 0.024848991816],
      [0.011695236543, 0.81662122213, 0.13371028167, 0.037973259651],
      [0.063674734239, 0.70372318697, 0.13785476163, 0.094747317154],
      [0.041295632547, 0.43631428999, 0.34390259458, 0.17848748288],
      [0.087479997052, 0.52507117432, 0.2689586415, 0.11849018712]
    ],
    [
      ["NaN", "NaN", "NaN", "NaN"],
      [0.037781421222, 0.3901248906, 0.55947145484, 0.012622233334],
      [0.014320996664, 0.80548296856, 0.16137866722, 0.018817367557],
      [0.092443689655, 0.7267726292, 0.10576274322, 0.07502093792],
      [0.044636638652, 0.50727046918, 0.35441572091, 0.093677171256],
      [0.081781519397, 0.58768816249, 0.27880240109, 0.051727917024]
    ],
    [
      [0.34274274613, 0.52430850745, 0.11941409675, 0.013534649668],
      [0.052080512284, 0.43816402483, 0.48698333288, 0.022772130001],
      [0.014274342368, 0.87403781551, 0.085484196922, 0.026203645201],
      [0.064797997228, 0.77651550023, 0.094608525182, 0.064077977357],
      [0.054771207996, 0.53999183024, 0.24703190017, 0.1582050616],
      [0.099723570382, 0.62923233356, 0.1811384394, 0.089905656663]
    ],
    [
      [0.44756943116, 0.43267878867, 0.11016056199, 0.009591218186],
      [0.08078720589, 0.40652453782, 0.49908525855, 0.01360299775],
      [0.024450187614, 0.8593848214, 0.095237467927, 0.020927523058],
      [0.1019979502, 0.74485490388, 0.10121029966, 0.051936846264],
      [0.081985492515, 0.52406656009, 0.2720675089, 0.1218804385],
      [0.15209640913, 0.58614152398, 0.19276680937, 0.068995257517]
    ],
    [
      [0.41288220353, 0.47240152527, 0.10296828509, 0.011747986113],
      [0.073515242693, 0.43921874781, 0.46896075114, 0.018305258357],
      [0.020653235382, 0.87246520792, 0.08291281585, 0.023968740847],
      [0.087516144469, 0.76395107141, 0.089384277478, 0.059148506642],
      [0.068654891965, 0.55531950794, 0.24314304655, 0.13288255355],
      [0.13600191942, 0.60969537547, 0.17134933731, 0.082953367802]
    ],
    [
      [0.48240112916, 0.41769830798, 0.092925384115, 0.0069751787391],
      [0.09795804104, 0.43264789695, 0.46134830317, 0.0080457588437],
      [0.029058661932, 0.87155061953, 0.084316582914, 0.015074135629],
      [0.11692296954, 0.7543904351, 0.089590558881, 0.039096036479],
      [0.097081423862, 0.55254773096, 0.25390890942, 0.096461935757],
      [0.17707322396, 0.5990958778, 0.17170837966, 0.05212251858]
    ],
    [
      [0.53073733518, 0.37983244333, 0.076570097871, 0.012860123624],
      [0.08615593287, 0.44602756425, 0.44546478048, 0.022351722404],
      [0.026565728671, 0.8707003269, 0.077002422495, 0.025731521932],
      [0.098682215563, 0.75436406619, 0.080196986824, 0.066756731421],
      [0.077085242745, 0.57236366761, 0.22392782983, 0.12662325981],
      [0.14401439834, 0.6119254239, 0.16000045965, 0.084059718102]
    ],
    [
      ["NaN", "NaN", "NaN", "NaN"],
      [0.25203504477, 0.21193257715, 0.46344291204, 0.072589466035],
      [0.13154721024, 0.5814851318, 0.18360186335, 0.10336579461],
      [0.34810234208, 0.29918909666, 0.18196901622, 0.17073954504],
      ["NaN", "NaN", "NaN", "NaN"],
      ["NaN", "NaN", "NaN", "NaN"]
    ],
    [
      [0.67235397114, 0.20241477493, 0.11579739932, 0.0094338546124],
      [0.13026313719, 0.22429170424, 0.62723090386, 0.018214254715],
      [0.060913206554, 0.71924864131, 0.18307792887, 0.036760223259],
      [0.22464205324, 0.52673008087, 0.17166061104, 0.076967254851],
      [0.15321870489, 0.32306299615, 0.36096331426, 0.1627549847],
      [0.28392286054, 0.35040359252, 0.27909592734, 0.086577619601]
    ],
    [
      [0.54136853944, 0.38333988672, 0.060977601954, 0.014313971886],
      [0.079701612951, 0.41422822732, 0.48646620843, 0.019603951295],
      [0.023800395881, 0.85320079774, 0.094373678624, 0.028625127759],
      [0.10105378944, 0.73316264731, 0.093944796916, 0.071838766335],
      [0.076439721429, 0.5133364933, 0.25545278791, 0.15477099737],
      [0.14740430361, 0.57515210806, 0.18395288388, 0.093490704448]
    ],
    [
      [0.36165254209, 0.52368827312, 0.087767725389, 0.026891459409],
      [0.070361408546, 0.48635436844, 0.39450105708, 0.04878316594],
      [0.018018720175, 0.86778494542, 0.059189650758, 0.055006683643],
      [0.073621160341, 0.7228062772, 0.055799208581, 0.14777335388],
      [0.051814467265, 0.46487333216, 0.15917436228, 0.32413783829],
      [0.10225671508, 0.59197392229, 0.12272247028, 0.18304689235]
    ],
    [
      [0.32565626036, 0.48848215191, 0.17543229903, 0.0104292887],
      [0.037771381751, 0.36015501647, 0.58928520562, 0.012788396164],
      [0.013546127285, 0.84672934871, 0.11914349001, 0.020581033992],
      [0.06472405956, 0.74618806731, 0.13706164205, 0.052026231079],
      [0.047163814616, 0.49997725826, 0.34129084053, 0.1115680866],
      [0.095568231223, 0.5779794786, 0.25695422972, 0.06949806046]
    ],
    [
      [0.48427794543, 0.38660834409, 0.11897666231, 0.010137048176],
      [0.054636677481, 0.28382650243, 0.65247681594, 0.0090600041537],
      [0.022387347021, 0.77723831193, 0.17929209975, 0.021082241302],
      [0.10968495101, 0.70289855996, 0.12747254046, 0.05994394857],
      [0.069846879932, 0.41996049211, 0.39821028344, 0.11198234452],
      [0.13544199027, 0.48374314543, 0.31565859354, 0.065156270768]
    ],
    [
      [0, 0.78633784114, 0.21366215886, 0],
      [0, 0.3731221551, 0.6268778449, 0],
      [0, 0.90705784615, 0.092942153848, 0],
      ["NaN", "NaN", "NaN", "NaN"],
      ["NaN", "NaN", "NaN", "NaN"],
      ["NaN", "NaN", "NaN", "NaN"]
    ],
    [
      [0.61330468372, 0.22352413714, 0.1493049542, 0.013866224939],
      [0.1125479557, 0.21805619835, 0.64716530312, 0.022230542831],
      [0.052038191478, 0.71291753641, 0.18719265912, 0.047851612998],
      [0.19342630874, 0.52546250281, 0.18057694792, 0.10053424052],
      [0.12218167118, 0.30512031493, 0.39049854775, 0.18219946614],
      [0.2683621878, 0.35427772739, 0.24655613236, 0.13080395245]
    ],
    [
      ["NaN", "NaN", "NaN", "NaN"],
      [0, 0.36699157135, 0.57778745164, 0.055220977006],
      ["NaN", "NaN", "NaN", "NaN"],
      ["NaN", "NaN", "NaN", "NaN"],
      [0, 0.31146771918, 0.26853394235, 0.41999833847],
      [0, 0.48658285272, 0.26474134778, 0.24867579949]
    ],
    [
      [0.35328012515, 0.41586755579, 0.23085231906, 0],
      [0.024413860348, 0.27124289671, 0.70434324295, 0],
      [0.010635780328, 0.82729549346, 0.16206872622, 0],
      ["NaN", "NaN", "NaN", "NaN"],
      [0.048092264969, 0.4784961573, 0.47341157773, 0],
      ["NaN", "NaN", "NaN", "NaN"]
    ],
    [
      [0.57870143843, 0.23507074052, 0.16267743472, 0.023550386328],
      [0.096484041577, 0.20527788039, 0.67077600525, 0.02746207278],
      [0.044920567403, 0.69767054986, 0.18010377144, 0.077305111297],
      [0.1637705139, 0.49597723297, 0.18205471866, 0.15819753447],
      [0.095793027865, 0.26645142892, 0.37213096528, 0.26562457793],
      [0.2065728394, 0.32606253693, 0.29067870296, 0.17668592071]
    ],
    [
      [0.81284084088, 0.18715915912, 0, 0],
      [0.48667677649, 0.51332322351, 0, 0],
      [0.055253132906, 0.94474686709, 0, 0],
      ["NaN", "NaN", "NaN", "NaN"],
      ["NaN", "NaN", "NaN", "NaN"],
      [0.47226292553, 0.52773707447, 0, 0]
    ],
    [
      [0.70212879807, 0.21575919438, 0.081335702922, 0.00077630462733],
      [0.15137980291, 0.30478045127, 0.5416058938, 0.0022338520194],
      [0.059110049234, 0.80182219214, 0.1337010179, 0.0053667407293],
      [0.24730955527, 0.60714117243, 0.11527630076, 0.030272971548],
      [0.17949280763, 0.43291521732, 0.32849546874, 0.059096506304],
      [0.30979826074, 0.44187146376, 0.21938702076, 0.028943254738]
    ],
    [
      [0.63410161239, 0.2623016254, 0.090738432403, 0.012858329804],
      [0.11068279915, 0.29192050271, 0.57786807418, 0.01952862396],
      [0.04524792678, 0.76759625278, 0.14985068895, 0.037305131495],
      [0.17098345463, 0.60877327627, 0.13165192787, 0.088591341234],
      [0.11708669357, 0.38414761545, 0.33204380957, 0.1667218814],
      [0.22367118319, 0.43277142343, 0.24409827335, 0.099459120036]
    ],
    [
      [0.43884693123, 0.49021167934, 0.070941389429, 0],
      [0.076304376194, 0.59323744909, 0.33045817472, 0],
      [0.024266239692, 0.93628451719, 0.039449243117, 0],
      ["NaN", "NaN", "NaN", "NaN"],
      ["NaN", "NaN", "NaN", "NaN"],
      [0.12274118933, 0.77742601874, 0.099832791928, 0]
    ],
    [
      [0.63399061946, 0.24145101377, 0.11267483888, 0.011883527887],
      [0.12639839814, 0.26754980278, 0.58599148771, 0.020060311364],
      [0.052126529653, 0.75797175891, 0.1485526468, 0.041349064641],
      [0.20361304833, 0.57370267815, 0.1303744779, 0.092309795617],
      [0.13565174284, 0.35523507568, 0.33662974974, 0.17248343174],
      [0.28037304604, 0.38960767586, 0.21409581449, 0.1159234636]
    ],
    [
      [0.77816788524, 0.15727588038, 0.064556234388, 0],
      [0.16217940082, 0.24391174811, 0.59390885107, 0],
      [0.052244798751, 0.81733615474, 0.13041904651, 0],
      [0.31619339793, 0.51736364897, 0.1664429531, 0],
      [0.2607128162, 0.35490722517, 0.38437995862, 0],
      [0.40588778439, 0.359902981, 0.23420923462, 0]
    ],
    [
      [0.57485423348, 0.26379607647, 0.14261391274, 0.018735777314],
      [0.10701311216, 0.25349906568, 0.60728643387, 0.032201388297],
      [0.042358014154, 0.74507679912, 0.15336950042, 0.059195686305],
      [0.15408905443, 0.56106449942, 0.15809588727, 0.12675055888],
      [0.10115541343, 0.32335598344, 0.31850926715, 0.25697933598],
      [0.23145273607, 0.37991739283, 0.21405012898, 0.17457974213]
    ],
    [
      [0.64846823683, 0.22728410334, 0.094351965521, 0.029895694302],
      [0.14359256734, 0.2759948434, 0.5386573754, 0.041755213858],
      [0.050424838753, 0.72706925673, 0.10860886394, 0.11389704058],
      [0.18168309242, 0.47671788666, 0.12564869112, 0.2159503298],
      [0.10905992256, 0.26452059309, 0.23290377496, 0.39351570939],
      [0.28800160497, 0.27526038492, 0.096262621595, 0.34047538852]
    ],
    [
      [0, 0.77101946682, 0.22898053318, 0],
      [0, 0.2921226912, 0.7078773088, 0],
      [0, 0.88484857093, 0.11515142907, 0],
      ["NaN", "NaN", "NaN", "NaN"],
      [0, 0.58291531773, 0.41708468227, 0],
      ["NaN", "NaN", "NaN", "NaN"]
    ],
    [
      [0.52909075139, 0.30151617185, 0.15152486532, 0.017868211444],
      [0.080069459977, 0.25496141921, 0.63361236087, 0.031356759936],
      [0.031466555769, 0.76345947032, 0.15655641136, 0.048517562548],
      [0.12323073531, 0.60405194404, 0.16157691204, 0.11114040861],
      [0.078482031708, 0.35129745188, 0.36087719024, 0.20934332617],
      [0.16027120104, 0.42061064439, 0.29021365844, 0.12890449612]
    ],
    [
      [0.54868103175, 0.33550429116, 0.10760880338, 0.0082058737103],
      [0.1036758593, 0.34458771191, 0.54015160452, 0.011584824268],
      [0.035200748385, 0.8358113936, 0.10657572843, 0.022412129576],
      [0.14854787736, 0.68600178399, 0.11168512746, 0.053765211199],
      [0.10645462681, 0.46802382367, 0.31550004073, 0.11002150879],
      [0.21353526336, 0.50648305803, 0.21138853597, 0.068593142642]
    ],
    [
      [0.52213659167, 0.31265363802, 0.14321516379, 0.021994606524],
      [0.084589999661, 0.27624210875, 0.61285633639, 0.026311555199],
      [0.033811354831, 0.75165753985, 0.15651846185, 0.058012643475],
      [0.13251028468, 0.5911007305, 0.14345523499, 0.13293374983],
      [0.083925368089, 0.34552084934, 0.3287257133, 0.24182806927],
      [0.17774000369, 0.41314716296, 0.25122890931, 0.15788392404]
    ],
    [
      [0.49551239983, 0.31692835332, 0.17276026031, 0.014798986538],
      [0.07629024372, 0.261949211, 0.64250535831, 0.019255186966],
      [0.03213719131, 0.76480736828, 0.16367322533, 0.039382215084],
      [0.12948318281, 0.61257752881, 0.16748873226, 0.090450556128],
      [0.085795760446, 0.36579022282, 0.37400951812, 0.17440449861],
      [0.18011802772, 0.42951419424, 0.2773627929, 0.11300498514]
    ],
    [
      [0.49601335038, 0.39016811807, 0.11381853155, 0],
      [0.06022265143, 0.27553034353, 0.66424700504, 0],
      ["NaN", "NaN", "NaN", "NaN"],
      [0.079705678238, 0.70871928806, 0.2115750337, 0],
      ["NaN", "NaN", "NaN", "NaN"],
      [0.12316771424, 0.5234608762, 0.35337140957, 0]
    ],
    [
      [0.61793970597, 0.29926274271, 0.072764074163, 0.010033477164],
      [0.14921578446, 0.37671645522, 0.4439788274, 0.030088932918],
      [0.04099516805, 0.85505585695, 0.07413319841, 0.029815776585],
      [0.1773932997, 0.67827116755, 0.071920561963, 0.072414970783],
      [0.134320417, 0.49436766474, 0.22453098767, 0.14678093059],
      [0.23993588978, 0.5239329611, 0.15761469226, 0.078516456865]
    ],
    [
      [0.61062135659, 0.27599451991, 0.089018616893, 0.024365506603],
      [0.13621444935, 0.33028685281, 0.49257610169, 0.040922596151],
      [0.044794784069, 0.77737143507, 0.10100754702, 0.076826233843],
      [0.16447693915, 0.57178688291, 0.094671724668, 0.16906445327],
      [0.10701363806, 0.34387472411, 0.21509873707, 0.33401290076],
      [0.22069988433, 0.41164971924, 0.16866382615, 0.19898657028]
    ],
    [
      [0.54827381655, 0.26702153988, 0.15430118772, 0.030403455852],
      [0.089626420522, 0.23571954908, 0.64361059514, 0.031043435259],
      [0.038590152682, 0.693238047, 0.18118330014, 0.086988500182],
      [0.147752884, 0.52598128311, 0.12299284907, 0.20327298381],
      [0.081184981322, 0.27521491661, 0.32669320622, 0.31690689586],
      [0.19277180421, 0.3455121788, 0.22770259094, 0.23401342605]
    ],
    [
      [0.40119635663, 0.33567396801, 0.24007421301, 0.023055462351],
      [0.035175663312, 0.19937990428, 0.74261774821, 0.022826684197],
      [0.019557720619, 0.68670100848, 0.23993407515, 0.053807195751],
      [0.084574600821, 0.55286185813, 0.23822205857, 0.12434148248],
      [0.047281560837, 0.2857493051, 0.46602709531, 0.20094203876],
      [0.13084570638, 0.39072027649, 0.29015194075, 0.18828207638]
    ],
    [
      [0.44360020918, 0.38255255056, 0.16136263236, 0.012484607901],
      [0.067360152274, 0.31335713933, 0.60324965775, 0.016033050643],
      [0.026009929477, 0.80711904389, 0.13468261905, 0.032188407584],
      [0.10576178115, 0.67195850771, 0.15119869007, 0.071081021063],
      [0.072300512696, 0.43323981085, 0.35534016921, 0.13911950724],
      [0.1464590679, 0.49881244702, 0.26656161047, 0.088166874618]
    ],
    [
      [0.62536098986, 0.27668376231, 0.080396450136, 0.0175587977],
      [0.10668349785, 0.31747170728, 0.54796551475, 0.027879280115],
      [0.042538831944, 0.77864863606, 0.13322969698, 0.045582835017],
      [0.15093397222, 0.61909530968, 0.12507058128, 0.10490013682],
      [0.10225399351, 0.38765133334, 0.29315971021, 0.21693496294],
      [0.20204741991, 0.45315008943, 0.22178035776, 0.1230221329]
    ],
    [
      [0.7654279195, 0.16670625478, 0.059534233624, 0.0083315920998],
      [0.20949653857, 0.29555260306, 0.46743819683, 0.027512661548],
      [0.088714139678, 0.75814656637, 0.11566220504, 0.037477088911],
      [0.32161966844, 0.51545014846, 0.080419301511, 0.082510881585],
      [0.24076034939, 0.35850151901, 0.24398779821, 0.1567503334],
      [0.41551026058, 0.34789416363, 0.15559874775, 0.080996828041]
    ],
    [
      [0.50165707929, 0.2999861343, 0.18414365934, 0.014213127068],
      [0.067945237505, 0.22542843749, 0.68835095853, 0.018275366476],
      [0.031537192556, 0.73258877349, 0.19676728309, 0.039106750866],
      [0.1280499847, 0.59044146835, 0.19039209085, 0.091116456101],
      [0.076825301771, 0.33229132791, 0.43509699002, 0.1557863803],
      [0.16167738756, 0.39696871202, 0.33857824926, 0.10277565116]
    ],
    [
      [0.48457217769, 0.38103855678, 0.12390812798, 0.010481137548],
      [0.070800744717, 0.3402748782, 0.57780193955, 0.011122437535],
      [0.025108290601, 0.82204484851, 0.13003638531, 0.022810475578],
      [0.10735399992, 0.70094633627, 0.13444829645, 0.057251367363],
      [0.079035393486, 0.46041805222, 0.33842959502, 0.12211695927],
      [0.15432960005, 0.52613570195, 0.24623984593, 0.073294852066]
    ],
    [
      ["NaN", "NaN", "NaN", "NaN"],
      [0.13528985378, 0.22182755555, 0.64288259066, 0],
      [0.081638560907, 0.66804130386, 0.25032013524, 0],
      [0.34486171865, 0.59636920233, 0.05876907902, 0],
      [0.20402128614, 0.32893408568, 0.46704462818, 0],
      [0.3058856063, 0.34342403813, 0.35069035557, 0]
    ],
    [
      [0.71958477092, 0.22190119195, 0, 0.058514037133],
      ["NaN", "NaN", "NaN", "NaN"],
      [0.046735871514, 0.79634980134, 0, 0.15691432714],
      ["NaN", "NaN", "NaN", "NaN"],
      ["NaN", "NaN", "NaN", "NaN"],
      ["NaN", "NaN", "NaN", "NaN"]
    ],
    [
      [0.48692187019, 0.35207451139, 0.10158365845, 0.059419959975],
      [0.068016044168, 0.30306727564, 0.58533518154, 0.043581498657],
      [0.023303431249, 0.79649500015, 0.12596646904, 0.054235099567],
      ["NaN", "NaN", "NaN", "NaN"],
      ["NaN", "NaN", "NaN", "NaN"],
      [0.1167500046, 0.47306366902, 0.26894462848, 0.1412416979]
    ],
    [
      [0, 0.75853927543, 0.24146072457, 0],
      [0, 0.34371889865, 0.65628110135, 0],
      [0, 0.83542843401, 0.16457156599, 0],
      ["NaN", "NaN", "NaN", "NaN"],
      ["NaN", "NaN", "NaN", "NaN"],
      ["NaN", "NaN", "NaN", "NaN"]
    ],
    [
      [0.52968896079, 0.38364421406, 0.086666825153, 0],
      [0.10981661184, 0.42412375016, 0.46605963799, 0],
      [0.036066077973, 0.87669741952, 0.087236502506, 0],
      [0.14909859883, 0.76421691589, 0.086684485285, 0],
      [0.15132939139, 0.5806900101, 0.26798059851, 0],
      ["NaN", "NaN", "NaN", "NaN"]
    ],
    [
      [0.59925148688, 0.28734719133, 0.091074663342, 0.022326658446],
      [0.092034487026, 0.27181760051, 0.60779486262, 0.028353049851],
      [0.036470775576, 0.74753501364, 0.15472652293, 0.061267687857],
      [0.13850616108, 0.57715459396, 0.14740058068, 0.13693866427],
      [0.087861534743, 0.33710165773, 0.32317885294, 0.25185795458],
      [0.18637319663, 0.40232557765, 0.24733343035, 0.16396779537]
    ],
    [
      [0.77074320922, 0.18997306093, 0.035825888483, 0.003457841361],
      [0.20075513407, 0.40126265012, 0.38935578884, 0.0086264269643],
      [0.062323361033, 0.84658986489, 0.076375687589, 0.01471108649],
      [0.25963500321, 0.63671345088, 0.072259905808, 0.031391640104],
      [0.22019139647, 0.48946417937, 0.20719870686, 0.083145717294],
      [0.3665350274, 0.46799295522, 0.12571447444, 0.039757542937]
    ],
    [
      [0.54301200596, 0.28688450243, 0.15458970495, 0.015513786659],
      [0.085145170274, 0.24399897639, 0.6508252978, 0.020030555536],
      [0.037251069854, 0.73313870954, 0.18582405069, 0.04378616992],
      [0.160030253, 0.60943777639, 0.11843818457, 0.11209378603],
      [0.092053458663, 0.33784368277, 0.38967479866, 0.1804280599],
      [0.1901071215, 0.39678716633, 0.29679225323, 0.11631345894]
    ],
    [
      [0.34891621095, 0.4736680399, 0.097686843869, 0.079728905277],
      [0.062407684702, 0.44578873868, 0.43190886215, 0.05989471446],
      [0.019618156904, 0.80192027476, 0.077782188378, 0.10067937996],
      [0.064298931215, 0.53865274305, 0.06666958819, 0.33037873755],
      [0.032471459669, 0.33341891323, 0.12653280663, 0.50757682048],
      [0.079646217797, 0.4433838669, 0.11607263007, 0.36089728523]
    ],
    [
      [0.4207703831, 0.36706112885, 0.19424443623, 0.01792405182],
      [0.052027726095, 0.2675868797, 0.65920330609, 0.02118208811],
      [0.022284444989, 0.76174678068, 0.17411067298, 0.041858101351],
      [0.096156615436, 0.6310678748, 0.17254279437, 0.10023271539],
      [0.060808161219, 0.36775977163, 0.3887496873, 0.18268237985],
      [0.13355743017, 0.44511166503, 0.29535655768, 0.12597434712]
    ],
    [
      ["NaN", "NaN", "NaN", "NaN"],
      [0, 0.503790594, 0.4263316344, 0.069877771601],
      [0, 0.88675491177, 0.056162793365, 0.057082294861],
      ["NaN", "NaN", "NaN", "NaN"],
      [0, 0.45572529342, 0.12401677623, 0.42025793035],
      [0, 0.6423574188, 0.11449389282, 0.24314868839]
    ],
    [
      ["NaN", "NaN", "NaN", "NaN"],
      [0, 0.39561908273, 0.54861231514, 0.055768602134],
      [0, 0.86000693558, 0.0617439782, 0.078249086216],
      [0, 0.72555225216, 0.065636434799, 0.20881131304],
      [0, 0.57325560621, 0.13488288066, 0.29186151313],
      ["NaN", "NaN", "NaN", "NaN"]
    ],
    [
      [0.50074328685, 0.34189174701, 0.14802094744, 0.0093440186969],
      [0.072344931672, 0.28036599867, 0.63857109765, 0.0087179720123],
      [0.029701467995, 0.77768711435, 0.17026816409, 0.022343253563],
      [0.13547701601, 0.67666062498, 0.12773098708, 0.060131371925],
      [0.085476304391, 0.40855653825, 0.39744791661, 0.10851924075],
      [0.16941561863, 0.46645050685, 0.29867984171, 0.065454032811]
    ],
    [
      ["NaN", "NaN", "NaN", "NaN"],
      [0, 0.15250339833, 0.79561763711, 0.051878964561],
      [0, 0.61341917369, 0.30595480965, 0.080626016663],
      ["NaN", "NaN", "NaN", "NaN"],
