{
  "Z_true": {},
  "V_true": [
    [672, 58, 74, 112, 91, 1942, 28],
    [32, 20, 1499, 35, 246, 176, 29],
    [165, 369, 1011, 544, 6897, 1065, 378],
    [290, 128, 120, 271, 39, 6456, 102],
    [107, 110, 161, 2652, 340, 1530, 73],
    [51, 1099, 75, 234, 212, 1219, 101],
    [56, 60, 179, 133, 337, 340, 446]
  ],
  "p_true": [
    [0.2257, 0.0195, 0.0249, 0.0376, 0.0306, 0.6523, 0.0094],
    [0.0157, 0.0098, 0.7359, 0.0172, 0.1208, 0.0864, 0.0142],
    [0.0158, 0.0354, 0.0969, 0.0522, 0.6613, 0.1021, 0.0362],
    [0.0392, 0.0173, 0.0162, 0.0366, 0.0053, 0.8717, 0.0138],
    [0.0215, 0.0221, 0.0324, 0.5333, 0.0684, 0.3077, 0.0147],
    [0.0171, 0.3674, 0.0251, 0.0782, 0.0709, 0.4076, 0.0338],
    [0.0361, 0.0387, 0.1154, 0.0858, 0.2173, 0.2192, 0.2876]
  ],
  "Z_est": [
    [
      [17.7237, 2.6023, 0.471, 57.3948, 12.2118, 29.5752, 8.3138, 0.6036, 4.1892, 42.2233, 31.0354, 26.7586, 21.3311, 25.6014, 22.8538, 6.5098, 5.411, 5.7899, 25.2145, 33.769, 56.6644, 10.9168, 18.2099, 34.2786, 7.8299, 5.9808, 12.1738, 55.4672, 10.316, 30.2178, 20.9762, 34.4394, 0, 2.6166, 40.0208, 4.9368, 62.5596, 8.2673],
      [2.4692, 0.1015, 0, 2.5179, 0.9559, 3.645, 0.6073, 0.0323, 0.5214, 3.2937, 2.6994, 1.5846, 2.6527, 2.6055, 2.4505, 0.3229, 0.2804, 0.7697, 3.0374, 3.6166, 3.2512, 0.7377, 1.8755, 5.6499, 0.1185, 1.2157, 0.9485, 3.9371, 0.8548, 1.8556, 1.1425, 4.4421, 0, 0.3454, 2.4148, 0.4955, 3.8054, 0.2577],
      [2.0557, 0.1454, 0.0684, 4.7464, 0.6459, 4.2575, 0.7155, 0.0266, 1.9476, 3.6928, 3.0484, 4.2748, 2.1646, 2.7686, 1.7121, 1.6887, 0.7766, 1.8044, 2.8678, 5.76, 6.3984, 1.2277, 2.4049, 7.2133, 0.1725, 0.7796, 1.0248, 6.3809, 2.2591, 4.4605, 1.2633, 6.1206, 0, 0.2024, 4.5728, 1.2754, 7.1891, 0.9348],
      [0.0105, 0.0118, 0.0145, 0.1256, 0.013, 0.2337, 0.0045, 0.0032, 0.0667, 0.2674, 0.2767, 0.0315, 0.2552, 0.1797, 0.2661, 0.0447, 0.0645, 0.0668, 0.3886, 0.3097, 0.2687, 0.0438, 0.0859, 0.3808, 0.1374, 0.116, 0.0162, 0.1581, 0.033, 0.2851, 0.1194, 0.3743, 0, 0.0314, 0.2903, 0.0605, 0.335, 0.0111],
      [0.2487, 0.0106, 0.0152, 0.5058, 0.1249, 0.3293, 0.0941, 0.0015, 0.0839, 0.7234, 0.5121, 0.3433, 0.491, 0.2947, 0.4826, 0.2078, 0.0804, 0.2194, 0.7929, 0.4433, 0.357, 0.0618, 0.3999, 0.8865, 0.0348, 0.0794, 0.1158, 0.2976, 0.1352, 0.4487, 0.2138, 0.6389, 0, 0.0526, 0.66, 0.1421, 0.5179, 0.1523],
      [38.4734, 1.1285, 1.4308, 123.7095, 25.0164, 103.9593, 21.254, 1.2046, 17.1822, 101.797, 72.4124, 57.9859, 72.1013, 67.5446, 73.2328, 22.2252, 20.3739, 26.3492, 78.6798, 109.0825, 86.0286, 23.0098, 65.0134, 117.5865, 2.7069, 35.8285, 18.6973, 115.7363, 30.3788, 78.7267, 28.2841, 100.9739, 0, 9.7516, 110.0384, 20.0837, 98.5887, 21.3765],
      [0.0189, 0, 0, 0, 0.0322, 0, 0.0108, 0.1282, 0.0089, 0.0022, 0.0157, 0.0213, 0.004, 0.0054, 0.002, 0.0009, 0.0132, 0.0007, 0.019, 0.0189, 0.0318, 0.0024, 0.0105, 0.0043, 0.0001, 0, 0.0235, 0.0229, 0.0231, 0.0057, 0.0006, 0.0108, 0, 0, 0.0028, 0.0059, 0.0043, 0.0003]
    ],
    [
      [0.752, 0, 0, 2.3999, 1.0364, 0.8725, 0.4526, 0.0597, 0.3412, 2.1993, 1.6598, 1.8603, 1.8153, 2.4547, 2.3138, 0.4173, 0.4925, 0.5149, 1.7369, 1.2929, 2.5814, 0.7379, 1.4295, 1.7079, 1.3486, 0.6889, 0.6174, 5.6211, 0.6576, 2.2533, 2.0365, 1.6696, 0, 0.4792, 3.2425, 0.301, 6.7802, 0.822],
      [0.0123, 0, 0, 0.0055, 0.0171, 0.0118, 0.0076, 0.0014, 0.0137, 0.0172, 0.0158, 0.0325, 0.0215, 0.0253, 0.0245, 0.001, 0.001, 0.0185, 0.0235, 0.0134, 0.0217, 0.0109, 0.0162, 0.0216, 0.0095, 0.0315, 0.0049, 0.0389, 0.0279, 0.0063, 0.0139, 0.0163, 0, 0.0061, 0.0092, 0.0009, 0.0665, 0.0014],
      [28.169, 0, 0, 54.8239, 17.9166, 35.0712, 12.2225, 1.8429, 50.6273, 54.1585, 45.7696, 92.1115, 53.0623, 75.6953, 51.1487, 33.9944, 21.7997, 48.6723, 56.1381, 61.2037, 83.8394, 24.4378, 53.7497, 98.9245, 3.4068, 28.6307, 15.9619, 184.1108, 43.2998, 91.0339, 35.1016, 82.535, 0, 12.2436, 102.7745, 23.2586, 220.164, 28.2723],
      [0.003, 0, 0, 0.0041, 0.0046, 0.002, 0, 0.0034, 0.0151, 0, 0.0121, 0.0045, 0.008, 0.001, 0.0085, 0.0026, 0, 0.0011, 0.0152, 0.0035, 0.0117, 0.0008, 0.003, 0.0267, 0.0275, 0.0409, 0.0014, 0.0033, 0.0057, 0.0422, 0.0073, 0.0076, 0, 0.0039, 0.0111, 0.0013, 0.0947, 0.0023],
      [0.0339, 0, 0, 0.0563, 0.0723, 0.0089, 0.0111, 0.0187, 0.0525, 0.0425, 0.0642, 0.1658, 0.0503, 0.0294, 0.0682, 0.0548, 0.0019, 0.0319, 0.0946, 0.029, 0.0344, 0.002, 0.0692, 0.1925, 0.0073, 0.0323, 0.016, 0.0737, 0.0581, 0.0723, 0.0143, 0.0579, 0, 0.0125, 0.0948, 0.0018, 0.1828, 0.1117],
      [0.7575, 0, 0, 1.3612, 0.7745, 0.876, 0.2392, 0.0411, 0.6512, 1.242, 0.994, 1.2456, 1.4719, 1.8421, 1.8194, 0.4245, 0.4496, 0.6463, 1.3496, 1.0056, 0.9778, 0.6572, 1.2731, 1.6153, 0.191, 1.3971, 0.2996, 2.892, 0.7011, 1.4973, 0.6594, 1.1969, 0, 0.6346, 2.1971, 0.2387, 2.9351, 0.7412],
      [0.2721, 0, 0, 0.3492, 0.1785, 0.1576, 0.067, 0.0328, 0.2989, 0.3405, 0.4844, 0.5798, 0.5706, 0.952, 0.6169, 0.1054, 0.2553, 0.1149, 0.6421, 0.4519, 0.5335, 0.1534, 0.4593, 0.5114, 0.0093, 0.1785, 0.0988, 1.2603, 0.2497, 1.0947, 0.167, 0.5167, 0, 0.6202, 0.6707, 0.1976, 1.7767, 0.049]
    ],
    [
      [0.2573, 0.0144, 0.0119, 0.982, 0.2026, 0.5394, 0.3821, 0.1191, 0.0581, 1.3259, 1.1995, 0.9008, 0.5843, 1.3329, 0.885, 0.3706, 0.1331, 0.0491, 0.6851, 0.7378, 0.5657, 0.7945, 0.6269, 0.6139, 0.1753, 0.0213, 0.2037, 2.3473, 0.4967, 0.9464, 0.2055, 1.0924, 0, 0.0549, 1.4299, 0.045, 1.7478, 0.4242],
      [5.5923, 0.5076, 0, 9.1201, 3.0121, 12.038, 2.8289, 0.4806, 4.7205, 16.8904, 18.0421, 7.5104, 19.1016, 26.6264, 19.1334, 2.5303, 1.5108, 4.2911, 18.8849, 18.4272, 13.8859, 9.7194, 15.6837, 36.9698, 0.6125, 3.2375, 4.63, 32.5718, 6.6688, 9.7079, 7.0792, 29.3416, 0.7319, 5.0201, 14.7401, 2.9184, 27.9632, 1.2291],
      [2.7087, 0.6947, 0.0738, 10.1855, 1.2168, 8.4572, 2.0451, 0.0715, 10.2632, 11.0634, 12.0473, 11.9615, 8.1209, 16.2283, 6.5918, 8.6342, 2.5751, 6.0875, 9.9015, 17.5695, 16.222, 9.5065, 11.8576, 28.6133, 0.265, 1.2506, 2.9406, 31.5822, 10.1182, 14.0462, 4.9052, 24.2789, 0, 0.6769, 16.9069, 4.7014, 31.154, 2.5572],
      [6.1788, 1.8455, 0.1859, 36.8618, 5.836, 48.2922, 4.5209, 1.6808, 19.3374, 99.3306, 76.6758, 19.5657, 75.9793, 122.5444, 83.0877, 17.0219, 17.006, 15.4123, 94.3274, 75.4568, 52.7432, 37.1208, 46.5746, 101.2447, 3.8764, 9.7434, 6.9038, 83.2012, 16.0566, 52.0843, 28.4036, 111.2271, 0, 34.2552, 73.7636, 15.1014, 93.5027, 5.4135],
      [48.0246, 16.4175, 1.5339, 187.7792, 40.8055, 171.5671, 34.3802, 10.5296, 120.2599, 280.6602, 268.6524, 116.4787, 363.4305, 485.2349, 313.3559, 106.1147, 40.6017, 89.8728, 336.5263, 275.0806, 212.0266, 140.5025, 312.8074, 471.9175, 8.5206, 29.2716, 33.9354, 360.4267, 72.8361, 202.3528, 113.4972, 378.5869, 0.9118, 141.9739, 357.396, 76.5345, 351.9273, 52.0535],
      [8.8293, 0.5202, 0.1945, 45.7184, 8.1779, 36.6384, 10.2208, 1.5413, 17.0833, 54.3482, 49.7211, 28.6824, 53.709, 72.9423, 59.1459, 20.8769, 11.5428, 15.5538, 50.3389, 57.0928, 38.2043, 32.1146, 56.0957, 81.2439, 4.4627, 9.0438, 9.4065, 98.8321, 24.8003, 42.7745, 18.9338, 68.7407, 0.3564, 19.1877, 70.2099, 12.5788, 75.741, 10.1397],
      [1.4089, 0, 0, 3.353, 0.749, 1.4677, 0.6219, 0.5772, 3.2777, 3.3813, 6.6618, 3.9005, 5.0745, 11.0908, 4.8003, 1.4514, 1.6305, 0.7334, 6.3359, 6.6353, 5.3523, 3.2417, 5.3541, 7.3969, 0.0875, 0.4318, 0.9799, 11.0387, 3.0233, 8.0879, 0.9755, 7.7323, 0, 3.8312, 5.5536, 2.1205, 12.9641, 0.1827]
    ],
    [
      [4.4035, 0.6304, 0.104, 16.29, 3.3892, 7.3179, 2.0503, 0.1214, 1.4228, 15.5479, 11.9049, 7.6771, 9.0643, 13.6428, 9.1161, 2.521, 2.2527, 2.1577, 8.5086, 10.3924, 15.7986, 6.7638, 7.0297, 11.3491, 2.4933, 1.253, 4.3326, 24.5615, 4.0995, 13.4929, 7.6481, 11.724, 0, 2.3235, 15.3383, 1.5405, 25.1035, 2.8153],
      [4.4953, 0.2599, 0, 5.4299, 2.0561, 7.0194, 1.1472, 0.0624, 1.4925, 9.2699, 7.9067, 3.49, 8.734, 10.7752, 7.5544, 0.91, 0.6926, 2.674, 7.9002, 8.6003, 7.1225, 3.7686, 5.6203, 14.3616, 0.7216, 2.5142, 2.6088, 13.4471, 2.6678, 6.0279, 3.6632, 11.553, 0.4115, 2.8504, 6.935, 1.3438, 11.8487, 0.6643],
      [2.4837, 0.1649, 0.0834, 6.4307, 0.8108, 5.0268, 0.8474, 0.0166, 3.1877, 6.133, 5.3701, 5.4725, 3.9272, 6.8189, 2.7181, 2.9848, 1.5131, 3.5337, 4.3286, 8.3468, 8.451, 3.7382, 4.3307, 11.2545, 0.951, 0.8966, 1.8005, 13.2043, 3.7608, 9.1299, 2.348, 9.7098, 0, 0.445, 8.1486, 2.0304, 13.4084, 1.5225],
      [1.925, 0.2853, 0.0815, 10.0352, 1.5912, 12.9186, 0.6326, 0.0991, 2.5748, 24.0185, 15.2404, 3.8649, 15.9287, 22.8813, 15.0174, 2.579, 4.2671, 3.9905, 17.9567, 16.0198, 12.3736, 6.6035, 7.4324, 17.8506, 0.8697, 3.4436, 1.7432, 15.473, 2.7455, 15.3095, 6.1121, 19.8347, 0, 7.9439, 15.9153, 2.9218, 18.2057, 1.2074],
      [5.4063, 0.6833, 0.1098, 14.4476, 3.3993, 12.5771, 1.736, 0.1063, 4.5125, 19.2961, 14.452, 6.8835, 20.3417, 25.1152, 15.4594, 4.5578, 2.728, 6.1953, 17.5106, 15.5901, 13.3558, 6.9245, 13.8155, 22.5785, 0.4138, 2.5801, 2.4305, 18.4521, 3.6407, 15.8508, 6.5261, 18.17, 0.0738, 9.2798, 20.8098, 3.884, 18.4101, 3.7525],
      [76.0779, 2.9762, 2.6213, 286.7843, 56.4277, 214.1966, 41.9339, 2.4346, 49.302, 299.0889, 222.3137, 133.7573, 248.6835, 298.6589, 235.8749, 70.1008, 67.0827, 90.0885, 213.7927, 272.7519, 198.5695, 124.8778, 203.6868, 316.6719, 11.4738, 76.4208, 55.537, 416.6005, 96.9521, 274.1104, 89.1594, 276.809, 2.5147, 88.2993, 337.5539, 54.8696, 322.3025, 56.6053],
      [3.2083, 0, 0, 5.5823, 1.3257, 2.9437, 0.6525, 0.1596, 2.5078, 5.6457, 7.8123, 4.8548, 6.3206, 12.1078, 5.2597, 1.3466, 2.4638, 1.3603, 7.0026, 8.2986, 7.329, 3.3235, 5.0847, 7.9338, 0.0768, 0.8916, 1.5474, 12.2616, 3.1336, 15.0786, 1.5431, 8.1995, 0, 6.8582, 7.2989, 2.4099, 15.721, 0.4326]
    ],
    [
      [0.4301, 0.0706, 0.0848, 2.435, 0.3749, 1.3135, 0.4491, 0.0833, 0.1038, 2.4709, 1.9358, 1.8816, 1.5267, 3.6259, 2.302, 0.7295, 0.3962, 0.3488, 1.9167, 1.9462, 2.8311, 1.6054, 1.5736, 1.8946, 0.2512, 0.2249, 0.5261, 5.6046, 0.9161, 2.4804, 1.175, 2.3904, 0, 0.3759, 3.6696, 0.3649, 3.8052, 0.2314],
      [0.0607, 0.1713, 0, 0.1456, 0.0566, 0.3179, 0.0764, 0.0202, 0.4486, 0.3859, 0.2976, 0.2252, 0.3626, 0.6992, 0.5035, 0.0318, 0.0205, 0.1047, 0.4852, 0.3871, 0.3313, 0.2283, 0.3195, 0.4577, 0.4555, 0.1387, 0.0517, 0.725, 0.1848, 0.1753, 0.1272, 0.5181, 0, 0.1032, 0.2257, 0.0565, 0.4091, 0.0098],
      [0.7346, 0.1719, 0.2016, 2.9569, 0.2973, 2.769, 0.5629, 0.0259, 3.1854, 3.075, 2.742, 4.2945, 2.1553, 5.6665, 2.1676, 2.9474, 1.0336, 1.7366, 3.0541, 4.8927, 4.86, 2.75, 3.0804, 5.8698, 0.5009, 0.5674, 0.6631, 9.6009, 2.8179, 5.3086, 1.1109, 6.2423, 0, 0.27, 6.0992, 1.5421, 6.3278, 0.3333],
      [7.1106, 2.603, 1.558, 42.9742, 5.8633, 62.7836, 5.3336, 2.1659, 23.8798, 111.2333, 69.6372, 29.1521, 74.6547, 170.4749, 106.5904, 23.7685, 27.0836, 17.5876, 114.5274, 83.6772, 62.5137, 42.7062, 49.0212, 83.4774, 6.8347, 17.385, 6.4223, 101.3232, 17.7712, 77.3082, 26.3595, 114.2374, 0, 33.8009, 106.4571, 19.9509, 77.803, 3.8336],
      [6.1679, 2.6968, 0.9884, 25.4315, 4.5754, 26.2169, 4.3681, 1.2966, 17.0984, 36.376, 28.3204, 19.7284, 41.8413, 78.3813, 46.9831, 16.7659, 7.4231, 11.889, 47.8119, 35.6716, 29.4549, 18.9845, 37.7395, 45.1006, 1.7186, 6.0408, 3.5751, 51.1887, 9.3737, 35.4279, 12.1904, 45.3683, 0, 16.9281, 60.1785, 11.664, 34.0305, 3.7715],
      [11.4369, 1.2864, 2.1671, 64.2691, 9.5075, 57.3199, 13.9256, 2.3237, 24.619, 71.8423, 54.4026, 49.7589, 63.6005, 121.0647, 91.0177, 33.7269, 22.1554, 21.2264, 73.6516, 77.185, 54.7841, 44.5417, 69.7671, 79.8641, 7.8854, 21.9493, 10.091, 145.6488, 32.7559, 77.4944, 20.707, 85.7989, 0, 21.1876, 122.0746, 20.0202, 74.6953, 7.3178],
      [3.0591, 0, 0, 7.7877, 1.3249, 5.2791, 1.2844, 1.0844, 7.665, 8.6165, 11.6644, 10.9593, 9.8589, 30.0876, 12.4358, 4.0301, 4.8876, 2.1068, 14.5531, 14.2402, 12.2248, 7.1838, 10.4986, 12.3358, 0.3538, 1.6939, 1.6707, 25.9088, 6.1804, 28.8052, 2.33, 15.4446, 0, 10.3343, 16.2953, 5.4015, 22.9291, 0.5025]
    ],
    [
      [0.2053, 0.0654, 0.0914, 1.8544, 0.2553, 0.6166, 0.1914, 0.0129, 0.0944, 1.5652, 1.7336, 0.7554, 1.0967, 1.384, 0.9089, 0.2579, 0.2057, 0.1804, 1.7235, 1.2681, 1.8848, 1.3856, 1.2189, 1.3405, 0.1174, 0.1338, 0.4328, 3.1004, 0.9636, 1.6281, 1.125, 1.5074, 0, 0.1395, 2.1865, 0.1931, 3.272, 0.1262],
      [13.0621, 1.764, 0, 32.1457, 7.839, 29.6132, 5.1925, 0.4032, 4.6361, 45.4079, 56.5364, 16.8445, 52.1803, 53.0759, 36.507, 5.1062, 4.4022, 9.9285, 78.8201, 52.3175, 42.8464, 37.1909, 47.9853, 86.7152, 1.002, 14.6294, 14.678, 83.057, 29.2388, 37.7235, 25.6217, 74.017, 1.8567, 7.4464, 50.1604, 8.0806, 76.8144, 1.7629],
      [0.8872, 0.1424, 0.1207, 5.5358, 0.5112, 3.2817, 0.5771, 0.0163, 1.3629, 4.848, 6.0295, 4.3326, 4.0194, 5.3636, 2.4213, 2.3632, 1.0594, 2.1361, 6.979, 7.8989, 8.1085, 5.706, 5.8144, 10.4169, 0.0561, 0.9326, 1.3925, 12.8797, 7.1177, 8.3984, 2.6492, 9.6293, 0, 0.4185, 8.7829, 1.9208, 13.8014, 0.4271],
      [0.5198, 0.1482, 0.0959, 5.0672, 0.5945, 4.7185, 0.3356, 0.0477, 0.6217, 10.8149, 9.5465, 1.7652, 8.3207, 9.7335, 6.2813, 1.1265, 1.7643, 1.3706, 15.5273, 8.5553, 6.5341, 5.5222, 5.7358, 9.2901, 0.0677, 1.7458, 0.8142, 8.4765, 2.7549, 7.8946, 3.9594, 11.1257, 0, 1.8088, 9.672, 1.5656, 10.2953, 0.284],
      [0.4374, 0.23, 0.0853, 3.4547, 0.5297, 2.1341, 0.3045, 0.0473, 0.2576, 4.0116, 4.2428, 1.2817, 5.2652, 4.8945, 2.8663, 0.862, 0.5371, 0.9518, 6.4696, 4.0733, 3.4771, 2.2975, 4.7241, 5.8135, 0.0155, 0.6751, 0.5497, 4.8666, 1.4938, 4.0642, 2.0268, 4.9733, 0.0144, 0.6524, 6.1199, 1.0589, 5.1093, 0.1533],
      [6.7099, 0.65, 1.6067, 62.2553, 8.1612, 34.3681, 7.3329, 0.4547, 4.8691, 56.7522, 60.6869, 24.5103, 57.2918, 56.2485, 43.461, 13.1395, 11.7844, 13.3158, 80.9308, 63.7784, 46.1776, 46.1717, 66.5633, 72.4053, 0.737, 17.7716, 10.9539, 98.9602, 40.628, 63.3257, 25.3881, 67.6065, 0.1289, 9.1254, 89.979, 12.8591, 80.534, 4.219],
      [0.1784, 0, 0, 0.6869, 0.1092, 0.2678, 0.0661, 0.0179, 0.1583, 0.6001, 1.2242, 0.5103, 0.8258, 1.3, 0.5542, 0.1448, 0.2468, 0.1168, 1.5497, 1.1084, 0.9715, 0.7261, 0.9582, 1.0185, 0.0043, 0.1117, 0.179, 1.6596, 0.8031, 1.9655, 0.2298, 1.1408, 0, 0.4089, 1.0993, 0.3219, 2.1735, 0.0276]
    ],
    [
      [1.2281, 0.6169, 0.2368, 8.6439, 0.5298, 1.7649, 1.1607, 0, 0.7904, 5.6674, 3.5309, 3.1661, 4.5816, 6.9584, 4.6205, 1.1939, 1.1088, 0.9592, 4.2148, 3.5937, 5.674, 2.7959, 2.9115, 6.8154, 3.7844, 0.6972, 0.7137, 10.2979, 2.5504, 4.9811, 3.8337, 5.1767, 0, 1.0104, 5.1123, 0.6187, 10.7318, 1.3136],
      [0.308, 0.1957, 0, 0.6354, 0.0632, 0.3547, 0.1401, 0, 0.1672, 0.735, 0.5019, 0.3129, 0.9472, 1.1924, 0.8267, 0.0978, 0.0925, 0.2134, 0.8487, 0.638, 0.541, 0.3442, 0.4994, 1.8243, 0.0804, 0.2329, 0.078, 1.2231, 0.3571, 0.5036, 0.3523, 1.112, 0, 0.2284, 0.5146, 0.1043, 1.0926, 0.0749],
      [2.9611, 0.6807, 0.452, 14.3209, 0.6013, 5.1366, 2.0294, 0, 7.426, 10.0293, 6.9931, 10.5526, 9.5503, 15.4589, 7.2404, 6.3875, 3.2425, 6.0294, 9.7309, 12.3283, 13.1207, 6.6339, 7.7622, 28.7077, 0.6477, 1.9427, 1.2165, 24.2412, 11.6264, 14.6224, 4.6218, 18.4841, 0, 1.7437, 11.7151, 3.2714, 24.9552, 2.9527],
      [0.2523, 0.1062, 0.0642, 1.9319, 0.0974, 1.0514, 0.1728, 0, 0.5044, 3.3353, 1.6114, 0.6162, 2.8534, 4.1851, 2.7486, 0.4568, 0.8144, 0.5711, 3.2574, 1.9777, 1.555, 1.0026, 1.1472, 3.7297, 0.1866, 0.5252, 0.0989, 2.3648, 0.6331, 2.0761, 1.0386, 3.1932, 0, 1.156, 1.8906, 0.3984, 2.7635, 0.2481],
      [1.6812, 0.9618, 0.2674, 8.325, 0.4929, 3.1667, 1.1061, 0, 2.7352, 7.8901, 4.7561, 3.1186, 11.5799, 14.0499, 8.7845, 2.437, 1.6278, 2.8397, 9.794, 6.1121, 5.2941, 3.2273, 6.4444, 14.5108, 0.2894, 1.3207, 0.3775, 8.6946, 2.4624, 6.7833, 3.5314, 9.2046, 0, 4.1006, 7.7409, 1.7146, 8.8221, 2.0051],
      [3.7151, 0.4387, 0.9795, 23.9022, 0.935, 7.6416, 4.0936, 0, 4.2933, 17.9293, 10.4695, 9.0597, 20.1418, 24.6989, 19.4483, 5.5062, 5.6112, 5.8201, 17.2567, 15.1037, 11.2581, 8.6271, 13.6008, 29.613, 1.5432, 5.589, 1.0147, 28.3302, 9.7837, 17.0711, 6.8681, 19.8741, 0, 5.8137, 17.9471, 3.35, 22.2034, 4.6005],
      [5.8543, 0, 0, 18.2408, 1.2805, 4.8841, 2.2974, 0, 8.0835, 13.4135, 14.1372, 12.1739, 19.3457, 37.4564, 16.331, 3.9208, 7.5028, 3.5671, 20.8975, 17.2466, 15.5571, 8.369, 12.6346, 28.7992, 0.4682, 2.6923, 1.5007, 30.8481, 11.5867, 39.9624, 4.7541, 21.9553, 0, 17.9472, 15.0794, 5.5426, 41.4313, 1.8052]
    ]
  ],
  "V_est": [
    [795.4551, 67.5118, 99.048, 5.3813, 11.1993, 1997.953, 0.4514],
    [55.6468, 0.5675, 1926.1724, 0.3805, 1.9199, 37.2958, 15.0171],
    [22.5621, 413.9595, 358.0801, 1592.3635, 6624.7848, 1275.7449, 141.5052],
    [286.1823, 188.6001, 165.3292, 327.8931, 372.0564, 5887.9625, 177.9765],
    [54.3459, 9.3182, 102.6154, 1829.8641, 882.7678, 1763.0703, 331.0183],
    [35.2221, 1146.6089, 158.3385, 174.502, 91.0218, 1361.8418, 23.465],
    [123.5856, 17.4341, 309.4165, 50.6154, 178.2501, 404.1317, 467.5666]
  ],
  "p_est": [
    [0.2672, 0.0227, 0.0333, 0.0018, 0.0038, 0.6711, 0.0002],
    [0.0273, 0.0003, 0.9456, 0.0002, 0.0009, 0.0183, 0.0074],
    [0.0022, 0.0397, 0.0343, 0.1527, 0.6352, 0.1223, 0.0136],
    [0.0386, 0.0255, 0.0223, 0.0443, 0.0502, 0.795, 0.024],
    [0.0109, 0.0019, 0.0206, 0.368, 0.1775, 0.3545, 0.0666],
    [0.0118, 0.3834, 0.0529, 0.0583, 0.0304, 0.4553, 0.0078],
    [0.0797, 0.0112, 0.1995, 0.0326, 0.1149, 0.2606, 0.3015]
  ],
  "EI_Z": {},
  "EI_V": 12.7674,
  "MAE_Z": {},
  "MAE_V": 168.6554,
  "MAE_p": 0.0399,
  "runtime": 0.581
}
