{
  "X": [
    [3, 3, 4, 3],
    [5, 14, 45, 3],
    [79, 19, 73, 2],
    [23, 12, 18, 2],
    [64, 43, 60, 5],
    [34, 17, 51, 6],
    [59, 24, 54, 6],
    [3, 4, 20, 1],
    [1, 3, 7, 0],
    [6, 5, 5, 1],
    [4, 4, 8, 1],
    [3, 0, 7, 1],
    [5, 4, 23, 3],
    [45, 25, 59, 4],
    [18, 21, 28, 6],
    [28, 18, 21, 11],
    [27, 16, 27, 2],
    [8, 4, 9, 3],
    [78, 56, 91, 22],
    [9, 7, 34, 4],
    [9, 9, 15, 3],
    [29, 15, 58, 3],
    [21, 37, 46, 11],
    [26, 24, 38, 9],
    [11, 6, 10, 3],
    [59, 32, 71, 6],
    [1, 1, 5, 0],
    [5, 6, 5, 4],
    [10, 13, 16, 7],
    [12, 10, 12, 2],
    [9, 17, 27, 3],
    [4, 14, 22, 3],
    [8, 11, 16, 1],
    [22, 19, 20, 4],
    [17, 22, 45, 6],
    [15, 24, 28, 6],
    [23, 45, 29, 3],
    [7, 9, 14, 1],
    [7, 7, 21, 3],
    [15, 34, 25, 11],
    [8, 21, 21, 4],
    [64, 69, 77, 13],
    [83, 89, 90, 20],
    [5, 3, 7, 0],
    [11, 28, 15, 2],
    [16, 32, 29, 4],
    [25, 67, 53, 10],
    [27, 55, 50, 11],
    [39, 88, 93, 9],
    [4, 34, 11, 4],
    [3, 7, 6, 0],
    [16, 55, 27, 1],
    [63, 74, 68, 13],
    [46, 79, 94, 9],
    [58, 111, 90, 14],
    [33, 37, 36, 13],
    [29, 41, 55, 9],
    [38, 58, 51, 4],
    [3, 1, 9, 0],
    [9, 2, 5, 0],
    [2, 1, 7, 0],
    [2, 1, 16, 3],
    [6, 6, 7, 1],
    [36, 42, 18, 2],
    [96, 200, 147, 25],
    [40, 91, 73, 9],
    [2, 0, 4, 1],
    [2, 2, 11, 0],
    [2, 5, 6, 0],
    [25, 28, 69, 4],
    [3, 2, 19, 0],
    [38, 52, 85, 4],
    [15, 14, 13, 2],
    [5, 39, 9, 5],
    [51, 98, 131, 12],
    [1, 0, 6, 1],
    [21, 89, 59, 9],
    [62, 85, 219, 14],
    [13, 46, 50, 6],
    [2, 6, 2, 1],
    [37, 61, 82, 8],
    [47, 64, 82, 5],
    [14, 9, 30, 5],
    [3, 1, 7, 3],
    [10, 9, 14, 9],
    [13, 12, 8, 3],
    [9, 52, 49, 3],
    [23, 47, 45, 7],
    [55, 61, 68, 8],
    [18, 29, 37, 6],
    [31, 48, 44, 7],
    [45, 63, 61, 8],
    [20, 25, 35, 4],
    [24, 42, 42, 5],
    [30, 41, 58, 6],
    [44, 94, 168, 17],
    [43, 71, 93, 16],
    [20, 21, 40, 4],
    [57, 78, 70, 10],
    [36, 75, 119, 7],
    [10, 14, 23, 2],
    [77, 104, 106, 14],
    [19, 30, 46, 1],
    [9, 15, 19, 1],
    [23, 26, 45, 5],
    [61, 37, 56, 7],
    [64, 103, 91, 12],
    [7, 15, 25, 1],
    [31, 46, 65, 7],
    [67, 56, 79, 12],
    [24, 32, 25, 2],
    [2, 25, 7, 3],
    [2, 0, 4, 0],
    [2, 3, 7, 0],
    [1, 2, 11, 1],
    [0, 8, 3, 0],
    [7, 1, 6, 3],
    [5, 15, 10, 5],
    [3, 1, 3, 0],
    [2, 13, 15, 1],
    [18, 19, 28, 6],
    [3, 6, 10, 0],
    [8, 1, 14, 1],
    [8, 18, 27, 4],
    [35, 25, 40, 7],
    [6, 3, 8, 0],
    [10, 13, 21, 4],
    [11, 22, 38, 1],
    [0, 1, 8, 1],
    [8, 10, 20, 1],
    [2, 4, 8, 1],
    [1, 3, 8, 1],
    [23, 28, 68, 10],
    [44, 41, 90, 8],
    [11, 9, 24, 3],
    [11, 28, 40, 2],
    [19, 21, 52, 8],
    [2, 0, 4, 4],
    [8, 5, 9, 2],
    [10, 8, 20, 4],
    [22, 23, 30, 2],
    [6, 4, 16, 2],
    [9, 7, 15, 3],
    [2, 2, 13, 0],
    [8, 4, 12, 3],
    [45, 39, 79, 12],
    [21, 8, 23, 5],
    [39, 28, 73, 10],
    [6, 14, 16, 4],
    [1, 0, 5, 0],
    [46, 40, 53, 11],
    [23, 17, 34, 1],
    [17, 8, 34, 4],
    [15, 2, 11, 2],
    [11, 4, 7, 1],
    [6, 3, 11, 0],
    [47, 37, 54, 10],
    [20, 8, 20, 2],
    [19, 15, 17, 3],
    [3, 2, 12, 0],
    [4, 3, 14, 1],
    [13, 11, 20, 7],
    [50, 36, 74, 18],
    [14, 9, 26, 5],
    [119, 168, 203, 27],
    [155, 316, 356, 48],
    [78, 78, 220, 18],
    [71, 56, 102, 21],
    [64, 114, 126, 10],
    [364, 574, 612, 62],
    [8, 12, 23, 1]
  ],
  "W": [
    [5, 2, 0, 0, 4, 2, 0],
    [5, 12, 7, 21, 4, 16, 2],
    [14, 60, 12, 43, 3, 34, 7],
    [1, 22, 5, 8, 1, 17, 1],
    [17, 71, 17, 30, 8, 24, 5],
    [6, 38, 11, 25, 10, 12, 6],
    [11, 60, 11, 23, 12, 20, 6],
    [4, 6, 1, 11, 4, 1, 1],
    [3, 0, 0, 3, 3, 2, 0],
    [2, 5, 1, 1, 1, 6, 1],
    [0, 3, 3, 8, 1, 1, 1],
    [3, 3, 0, 0, 3, 0, 2],
    [8, 5, 1, 8, 10, 0, 3],
    [13, 46, 10, 24, 16, 21, 3],
    [5, 23, 12, 11, 9, 10, 3],
    [7, 22, 10, 5, 9, 20, 5],
    [15, 27, 6, 8, 6, 9, 1],
    [4, 4, 2, 3, 6, 5, 0],
    [12, 96, 25, 37, 15, 47, 15],
    [2, 17, 2, 12, 8, 9, 4],
    [6, 10, 1, 4, 4, 9, 2],
    [18, 19, 5, 38, 2, 20, 3],
    [10, 50, 10, 24, 3, 15, 3],
    [11, 26, 15, 21, 5, 12, 7],
    [3, 11, 3, 7, 0, 6, 0],
    [16, 64, 16, 38, 9, 19, 6],
    [1, 2, 0, 3, 1, 0, 0],
    [0, 5, 6, 3, 2, 2, 2],
    [4, 12, 7, 8, 5, 9, 1],
    [3, 17, 5, 7, 2, 2, 0],
    [9, 15, 7, 10, 5, 8, 2],
    [2, 7, 11, 14, 2, 6, 1],
    [8, 8, 3, 10, 2, 3, 2],
    [7, 21, 16, 8, 3, 7, 3],
    [9, 32, 17, 15, 5, 8, 4],
    [9, 21, 15, 15, 3, 6, 4],
    [8, 46, 22, 10, 5, 9, 0],
    [5, 4, 2, 9, 5, 5, 1],
    [2, 15, 5, 3, 8, 4, 1],
    [26, 17, 12, 15, 1, 7, 7],
    [6, 10, 12, 17, 2, 4, 3],
    [26, 89, 46, 38, 4, 16, 4],
    [26, 124, 48, 46, 6, 20, 12],
    [2, 6, 2, 4, 0, 1, 0],
    [8, 15, 19, 8, 2, 2, 2],
    [4, 30, 21, 14, 3, 6, 3],
    [10, 58, 37, 28, 2, 17, 3],
    [24, 42, 23, 33, 4, 12, 5],
    [22, 79, 52, 46, 5, 15, 10],
    [13, 16, 15, 6, 0, 3, 0],
    [3, 3, 4, 6, 0, 0, 0],
    [11, 34, 26, 14, 0, 9, 5],
    [22, 73, 46, 38, 14, 16, 9],
    [31, 88, 28, 38, 15, 23, 5],
    [21, 106, 52, 46, 8, 25, 15],
    [14, 51, 17, 14, 6, 11, 6],
    [14, 53, 26, 28, 1, 3, 9],
    [13, 56, 30, 29, 5, 12, 6],
    [2, 7, 1, 2, 1, 0, 0],
    [2, 5, 0, 3, 4, 1, 1],
    [1, 1, 1, 3, 2, 1, 1],
    [4, 3, 0, 7, 4, 4, 0],
    [1, 11, 1, 1, 2, 3, 1],
    [2, 45, 35, 7, 1, 8, 0],
    [19, 195, 108, 73, 12, 37, 24],
    [18, 76, 52, 31, 8, 16, 12],
    [0, 4, 0, 0, 1, 2, 0],
    [2, 5, 1, 4, 1, 2, 0],
    [2, 3, 4, 2, 0, 2, 0],
    [16, 30, 10, 36, 17, 15, 2],
    [3, 4, 3, 8, 4, 2, 0],
    [17, 53, 25, 43, 7, 27, 7],
    [7, 15, 5, 0, 6, 5, 6],
    [3, 5, 40, 6, 1, 2, 1],
    [9, 94, 69, 68, 9, 35, 8],
    [2, 0, 0, 1, 2, 2, 1],
    [18, 53, 50, 40, 2, 7, 8],
    [29, 114, 36, 124, 21, 46, 10],
    [14, 38, 16, 29, 0, 8, 10],
    [2, 4, 4, 0, 0, 0, 1],
    [8, 63, 38, 41, 11, 17, 10],
    [13, 75, 33, 37, 13, 19, 8],
    [11, 15, 1, 9, 10, 10, 2],
    [2, 3, 1, 4, 3, 1, 0],
    [0, 13, 5, 5, 3, 11, 5],
    [0, 17, 6, 2, 4, 6, 1],
    [8, 24, 33, 33, 3, 9, 3],
    [10, 36, 19, 32, 5, 12, 8],
    [13, 90, 22, 39, 4, 17, 7],
    [9, 31, 14, 21, 5, 8, 2],
    [5, 57, 17, 35, 3, 11, 2],
    [10, 65, 23, 35, 15, 19, 10],
    [2, 38, 16, 18, 4, 5, 1],
    [9, 47, 16, 22, 5, 7, 7],
    [9, 48, 12, 25, 13, 21, 7],
    [15, 120, 42, 90, 9, 37, 10],
    [12, 87, 42, 46, 11, 17, 8],
    [7, 29, 10, 22, 9, 5, 3],
    [11, 81, 43, 42, 7, 19, 12],
    [18, 60, 44, 63, 10, 26, 16],
    [5, 14, 7, 14, 3, 5, 1],
    [11, 115, 58, 60, 14, 35, 8],
    [8, 29, 16, 24, 5, 11, 3],
    [6, 11, 4, 14, 4, 4, 1],
    [8, 38, 12, 25, 3, 9, 4],
    [11, 75, 17, 36, 5, 9, 8],
    [12, 133, 44, 45, 4, 23, 9],
    [5, 13, 6, 12, 4, 8, 0],
    [9, 51, 20, 36, 12, 15, 6],
    [11, 96, 30, 34, 11, 17, 15],
    [8, 30, 18, 18, 1, 2, 6],
    [0, 9, 19, 5, 0, 2, 2],
    [1, 2, 0, 1, 2, 0, 0],
    [1, 2, 3, 4, 1, 1, 0],
    [1, 1, 2, 7, 2, 2, 0],
    [2, 1, 4, 2, 0, 1, 1],
    [2, 7, 1, 1, 5, 0, 1],
    [2, 12, 5, 4, 0, 2, 10],
    [1, 2, 1, 3, 0, 0, 0],
    [2, 10, 6, 5, 4, 3, 1],
    [2, 30, 6, 18, 3, 5, 7],
    [2, 7, 1, 3, 3, 1, 2],
    [1, 8, 1, 4, 6, 3, 1],
    [2, 23, 10, 17, 4, 1, 0],
    [6, 51, 16, 12, 7, 11, 4],
    [2, 3, 2, 4, 3, 2, 1],
    [4, 15, 4, 8, 8, 8, 1],
    [6, 21, 10, 18, 4, 7, 6],
    [1, 1, 1, 6, 0, 1, 0],
    [3, 11, 6, 4, 5, 9, 1],
    [1, 1, 6, 3, 3, 0, 1],
    [0, 3, 2, 6, 1, 1, 0],
    [13, 47, 20, 36, 2, 8, 3],
    [14, 59, 19, 59, 7, 17, 8],
    [1, 15, 8, 14, 1, 2, 6],
    [9, 12, 26, 22, 0, 9, 3],
    [6, 17, 11, 30, 10, 20, 6],
    [2, 2, 0, 1, 5, 0, 0],
    [2, 11, 2, 3, 3, 2, 1],
    [9, 7, 4, 9, 6, 6, 1],
    [6, 24, 12, 17, 2, 13, 3],
    [4, 6, 3, 5, 5, 5, 0],
    [1, 8, 3, 4, 8, 7, 3],
    [1, 4, 0, 4, 7, 1, 0],
    [3, 7, 1, 7, 3, 5, 1],
    [15, 59, 23, 34, 8, 29, 7],
    [3, 21, 3, 14, 2, 12, 2],
    [13, 34, 19, 35, 6, 38, 5],
    [8, 10, 7, 3, 4, 5, 3],
    [0, 3, 0, 1, 1, 1, 0],
    [12, 55, 25, 23, 5, 19, 11],
    [17, 25, 6, 13, 4, 6, 4],
    [6, 18, 3, 14, 10, 9, 3],
    [6, 7, 1, 4, 4, 7, 1],
    [1, 10, 2, 0, 1, 7, 2],
    [2, 6, 1, 8, 2, 1, 0],
    [12, 54, 21, 20, 13, 23, 5],
    [10, 22, 2, 6, 4, 5, 1],
    [5, 17, 6, 9, 7, 7, 3],
    [1, 5, 0, 4, 3, 4, 0],
    [5, 4, 3, 5, 3, 2, 0],
    [10, 13, 2, 11, 10, 4, 1],
    [13, 52, 20, 34, 15, 35, 9],
    [1, 11, 5, 18, 5, 12, 2],
    [55, 143, 104, 107, 29, 59, 20],
    [62, 285, 173, 208, 35, 96, 16],
    [39, 116, 54, 114, 29, 26, 16],
    [30, 66, 23, 52, 24, 50, 5],
    [19, 102, 66, 77, 12, 27, 11],
    [153, 593, 289, 306, 75, 134, 62],
    [3, 14, 8, 16, 2, 1, 0]
  ],
  "method": "mvn_cdf",
  "mvncdf_method": "genz",
  "mvncdf_samples": 5000,
  "mvncdf_error": 1e-06,
  "cond_prob": [
    [
      [1.1657341759e-16, 0.2, 0.8, 0],
      [5.5511151231e-16, 0.5, 4.9067163746e-16, 0.5],
      [5.4174157078e-16, 2.3075937258e-14, 7.6386357026e-16, 1],
      [3.0175630253e-16, 1.25562873e-15, 6.1964162139e-15, 1],
      [0.75, 0.25, 1.2408600529e-17, 0],
      [8.3904658354e-18, 8.4777578731e-19, 7.3890217825e-18, 1],
      [0.081670582072, 0.1608251451, 0.04990293456, 0.70760133827]
    ],
    [
      [0.097841781617, 0.24175049965, 0.62902967055, 0.03137804818],
      [0.16279013348, 0.27105599123, 0.54610103816, 0.020052837131],
      [0.017349557263, 0.89733905931, 0.078886831242, 0.0064245521898],
      [0, 0.061912396626, 0.92009163638, 0.017995966995],
      [0.082929348961, 0.014011538111, 0.84195111549, 0.061107997436],
      [0.11458937687, 0.07880060855, 0.71154747962, 0.09506253496],
      [0.13535758181, 0.32009298674, 0.33747143535, 0.2070779961]
    ],
    [
      [0.50212049469, 0.13000871379, 0.34443466631, 0.023436125217],
      [0.60400035869, 0.070092392346, 0.32590724897, 0],
      [0.14848907064, 0.76966478067, 0.073747345169, 0.0080988035209],
      [0.11350616469, 0.05610342107, 0.83039041424, 0],
      [0.45501817664, 0.0082637783639, 0.48824598383, 0.048472061174],
      [0.69597800058, 0.0088571393792, 0.27871186298, 0.016452997064],
      [0.57705015348, 0.1428537026, 0.15582606949, 0.12427007443]
    ],
    [
      [0.36640503872, 0.26569046468, 0.33434384456, 0.033560652046],
      [0.47712358376, 0.2593906324, 0.24377101381, 0.019714770028],
      [0.058038867635, 0.89743133277, 0.038318618989, 0.0062111806063],
      [0.080669421929, 0.11069198472, 0.80083922254, 0.0077993708125],
      [0.37039536249, 0.018302603304, 0.53290741836, 0.078394615847],
      [0.61341937243, 0.021054853862, 0.29575561457, 0.069770159136],
      [0.40280171122, 0.27878796183, 0.14363411031, 0.17477621665]
    ],
    [
      [0.37058882456, 0.26169417956, 0.33364320993, 0.034073785954],
      [0.48397611265, 0.25418997006, 0.24946163214, 0.012372285154],
      [0.063308629309, 0.88871603131, 0.041198188335, 0.0067771510486],
      [0.083642654971, 0.11216204724, 0.79613925217, 0.0080560456268],
      [0.3747214947, 0.018458638887, 0.52789671199, 0.078923154423],
      [0.61327799692, 0.021196708572, 0.29525905803, 0.070266236486],
      [0.40714315065, 0.27485740143, 0.14447033889, 0.17352910903]
    ],
    [
      [0.33685134036, 0.1605503734, 0.4515667986, 0.051031487646],
      [0.47896375949, 0.11542124105, 0.36578067766, 0.039834321801],
      [0.084485575674, 0.81896060364, 0.081658592234, 0.014895228456],
      [0.061103917924, 0.055555593232, 0.87364502978, 0.0096954590688],
      [0.28698574822, 0.0095712873297, 0.60342134919, 0.10002161526],
      [0.51900876694, 0.012101589355, 0.37070985703, 0.098179786672],
      [0.37056118851, 0.16871703057, 0.19480523705, 0.26591654388]
    ],
    [
      [0.4144947285, 0.18440205998, 0.36086697789, 0.040236233629],
      [0.52705023461, 0.15773756899, 0.29048718433, 0.024725012072],
      [0.093791437814, 0.83658889067, 0.059016239813, 0.0106034317],
      [0.089423840081, 0.075742738908, 0.82573505664, 0.0090983643719],
      [0.38218884046, 0.011886124713, 0.52086355535, 0.08506147947],
      [0.62203644463, 0.013559332723, 0.28918781025, 0.0752164124],
      [0.45034913229, 0.19149037626, 0.1543380623, 0.20382242914]
    ],
    [
      [0.1401105581, 0.19952317857, 0.63145677434, 0.028909488995],
      [0.23104016668, 0.2189400216, 0.53200457378, 0.018015237947],
      [0.026932349301, 0.88201528077, 0.084605194977, 0.0064471749569],
      [0.0096968856292, 0.061745901241, 0.90336287951, 0.025194333618],
      [0.1132916537, 0.010986570208, 0.82160561564, 0.054116160451],
      [0.27116787892, 0.017941578747, 0.64081203039, 0.070078511944],
      [0.19538418262, 0.26515910213, 0.33331409741, 0.20614261784]
    ],
    [
      [0.04223105266, 0.59473441854, 0.3630345288, 0],
      [0.067568619196, 0.75917021649, 0.17061676779, 0.0026443965232],
      [0.002163646184, 0.99052597773, 0.0070588470223, 0.00025152906125],
      [0.013578266356, 0.27013847968, 0.71628325397, 0],
      [0.10454380807, 0.064748571856, 0.83070762007, 0],
      [0.25947030937, 0.10556779489, 0.63496189574, 0],
      [0.050313171278, 0.84284064501, 0.090663775106, 0.016182408607]
    ],
    [
      [0.22629495851, 0.47529553481, 0.27285727329, 0.025552233387],
      [0.32889307646, 0.45444530674, 0.20260328755, 0.014058329259],
      [0.018063021365, 0.96381316542, 0.015699675217, 0.0024241380009],
      [0.05284577965, 0.1941906131, 0.74654906636, 0.006414540887],
      [0.29837642956, 0.03679827042, 0.58577482121, 0.079050478811],
      [0.54734554831, 0.013778242641, 0.3295642464, 0.10931196265],
      [0.24958618024, 0.49971089191, 0.11585997451, 0.13484295334]
    ],
    [
      [0.45056645344, 0.18537274432, 0.31885287156, 0.04520793067],
      [0.61507083173, 0.15572789212, 0.20761955211, 0.021581724052],
      [0.071692447224, 0.878998372, 0.040240892526, 0.009068288247],
      [0.050982498715, 0.088249977769, 0.80508104061, 0.055686482901],
      [0.41325969362, 0.011463263962, 0.47214294007, 0.10313410235],
      [0.68192512453, 0.011824693718, 0.22603130973, 0.080218872025],
      [0.43666535528, 0.16653342781, 0.11759609139, 0.27920512552]
    ],
    [
      [0.24298171099, 0, 0.62824492626, 0.12877336275],
      [0.37882059408, 0, 0.60492685176, 0.01625255416],
      [0.072353392128, 0.72900118424, 0.18617787874, 0.012467544896],
      [0.0197034121, 0.012999177858, 0.96422678839, 0.0030706216541],
      [0.12687833118, 0, 0.83251354462, 0.040608124195],
      [0.31001329562, 0.0051477860303, 0.63140639124, 0.053432527114],
      [0.37697904561, 0, 0.40147201605, 0.22154893834]
    ],
    [
      [0.17161413443, 0.16202153201, 0.60612199429, 0.060242339267],
      [0.27855321139, 0.18295835725, 0.5058588972, 0.032629534159],
      [0.038462196595, 0.85185451281, 0.095853474577, 0.013829816023],
      [0.023906401884, 0.044476834432, 0.92385124404, 0.007765519647],
      [0.13869956916, 0, 0.72966898693, 0.13163144391],
      [0.30272748743, 0.014202937101, 0.56474565922, 0.11832391625],
      [0.2058705881, 0.19378892313, 0.27945875451, 0.32088173426]
    ],
    [
      [0.32909348532, 0.22729772922, 0.41073996991, 0.032868815549],
      [0.45550982605, 0.21559381872, 0.32360180355, 0.0052945516822],
      [0.062822805738, 0.87328778902, 0.056583274325, 0.0073061309219],
      [0.063929971386, 0.083800506779, 0.84557085621, 0.0066986656295],
      [0.30939266229, 0.014883440069, 0.60495817874, 0.070765718897],
      [0.54801614039, 0.018473113043, 0.36536667596, 0.068144070606],
      [0.3823879257, 0.25255113039, 0.18771102689, 0.17734991703]
    ],
    [
      [0.24950342327, 0.27960843815, 0.396812459, 0.074075679576],
      [0.37044486308, 0.28061107576, 0.29885064359, 0.050093417575],
      [0.038915125685, 0.9032283464, 0.044502246071, 0.013354281844],
      [0.048735430474, 0.10317481468, 0.83300236943, 0.015087385415],
      [0.23412029852, 0.018045071985, 0.58597046869, 0.1618641608],
      [0.43966099515, 0.023647982051, 0.37195586327, 0.16473515953],
      [0.24182905037, 0.25845149337, 0.15067567834, 0.34904377791]
    ],
    [
      [0.32632248405, 0.24346994638, 0.31064025827, 0.1195673113],
      [0.49277354409, 0.25171754922, 0.22788340887, 0.02762549781],
      [0.05678462429, 0.88006122037, 0.039068621913, 0.024085533424],
      [0.076813848026, 0.10852676186, 0.7853286269, 0.029330763208],
      [0.29431780082, 0.015126072458, 0.43956719802, 0.2509889287],
      [0.49888373447, 0.017922454002, 0.25267477904, 0.23051903249],
      [0.25925485237, 0.18401890945, 0.097030696043, 0.45969554214]
    ],
    [
      [0.36036115767, 0.23231785387, 0.37636908702, 0.030951901438],
      [0.47394617739, 0.22275502956, 0.29222980878, 0.011068984274],
      [0.06603675746, 0.87749464368, 0.04983592959, 0.0066326692729],
      [0.073735518488, 0.09049531237, 0.82908881602, 0.0066803531232],
      [0.34663138414, 0.015474859257, 0.56943441294, 0.068459343671],
      [0.59116378552, 0.018382171447, 0.32750670128, 0.062947341756],
      [0.41166877829, 0.25362733429, 0.16836596282, 0.16633792459]
    ],
    [
      [0.34489149033, 0.21485992706, 0.34457969602, 0.095668886588],
      [0.49518693522, 0.20218574635, 0.2518474342, 0.050779884239],
      [0.054799414025, 0.88766718265, 0.040047528743, 0.017485874583],
      [0.07183709987, 0.084871126899, 0.82229443832, 0.020997334911],
      [0.28008456897, 0.038064406678, 0.45142572889, 0.23042529546],
      [0.52681375127, 0.014696624061, 0.27175174666, 0.18673787801],
      [0.28656603101, 0.16558458682, 0.11141282457, 0.4364365576]
    ],
    [
      [0.29020456685, 0.24549081796, 0.38301372717, 0.081290888021],
      [0.42189897035, 0.23969378794, 0.2950771497, 0.043330092007],
      [0.052716408881, 0.87997092678, 0.050187458023, 0.017125206316],
      [0.059632047751, 0.095639836312, 0.82730907904, 0.017419036892],
      [0.2656876731, 0.015720500455, 0.54794934933, 0.17064247711],
      [0.47609310429, 0.019818106379, 0.3370529605, 0.16703582883],
      [0.2752838038, 0.22255339482, 0.14337180961, 0.35879099177]
    ],
    [
      [0.15324629216, 0.17700688625, 0.62272970014, 0.047017121456],
      [0.24276933245, 0.19489521955, 0.50390491651, 0.058430531487],
      [0.034657010308, 0.85347779074, 0.099574284545, 0.012290914404],
      [0.021244713087, 0.046137390547, 0.9258231211, 0.0067947752672],
      [0.121720473, 0.0097267579993, 0.78228103428, 0.086271734724],
      [0.2771502252, 0.015444119004, 0.60030790984, 0.10709774595],
      [0.19351559389, 0.213838023, 0.3045278835, 0.28811849961]
    ],
    [
      [0.18836137851, 0.39611396561, 0.36962238675, 0.045902269129],
      [0.27789189475, 0.38184971483, 0.2806175532, 0.059640837225],
      [0.020551075097, 0.94483013738, 0.028814373108, 0.0058044144106],
      [0.037641882124, 0.14564792213, 0.80711363575, 0.0095965599906],
      [0.20730556347, 0.02866994229, 0.64599749794, 0.1180269963],
      [0.40968682435, 0.039290170997, 0.42522521606, 0.12579778859],
      [0.20169525243, 0.40455296202, 0.15390214749, 0.23984963806]
    ],
    [
      [0.31698570987, 0.20299616031, 0.44683653593, 0.033181593887],
      [0.45365572908, 0.19449874037, 0.33362997503, 0.01821555552],
      [0.065668595362, 0.85931788832, 0.066981877459, 0.0080316388641],
      [0.057318996487, 0.060832257553, 0.88184874596, 0],
      [0.28609132881, 0.012755673634, 0.63252113928, 0.068631858275],
      [0.52329524591, 0.016275616648, 0.3941634368, 0.066265700647],
      [0.37674865026, 0.23045137952, 0.20816669311, 0.18463327712]
    ],
    [
      [0.1639879129, 0.36043525687, 0.35080166046, 0.12477516978],
      [0.25572015364, 0.38490636127, 0.3176917299, 0.041681755183],
      [0.021134940277, 0.92792603948, 0.032501504751, 0.01843751549],
      [0.034985081944, 0.14499041417, 0.79253647906, 0.027488024834],
      [0.15917499658, 0.024211171919, 0.53369675054, 0.28291708096],
      [0.31024711746, 0.033126907692, 0.35536452271, 0.30126145214],
      [0.13063002262, 0.27392063388, 0.10998275442, 0.48546658908]
    ],
    [
      [0.30305120751, 0.21638415346, 0.38650336403, 0.094061275002],
      [0.44461150092, 0.20559869315, 0.30390499984, 0.04588480609],
      [0.059408257485, 0.86450580941, 0.054706109606, 0.021379823498],
      [0.06120776759, 0.083212529998, 0.83578402987, 0.019795672545],
      [0.26520700586, 0.013179625092, 0.53057430827, 0.19103906078],
      [0.47522945338, 0.016499005544, 0.32254719581, 0.18572434526],
      [0.27160889169, 0.18503883241, 0.13591983393, 0.40743244196]
    ],
    [
      [0.37973207592, 0.19097157854, 0.28772512601, 0.14157121954],
      [0.53323432848, 0.19718988017, 0.20729941371, 0.062276377634],
      [0.073501537378, 0.85479926308, 0.040952841631, 0.030746357915],
      [0.090717504881, 0.088571220422, 0.7862585265, 0.034452748199],
      [0.31530259876, 0.010803891251, 0.37686732931, 0.29702618068],
      [0.52328316878, 0.012266708383, 0.20497714346, 0.25947297938],
      [0.24529496612, 0.1150294251, 0.072291436634, 0.56738417214]
    ],
    [
      [0.3784342659, 0.19423157699, 0.38760999135, 0.03972416576],
      [0.498196832, 0.16962299158, 0.30973126769, 0.02244890873],
      [0.082684632585, 0.84602072284, 0.0611906971, 0.010103947471],
      [0.077369408931, 0.075573698556, 0.83855229651, 0.0085045960008],
      [0.34731298151, 0.012471731338, 0.5566723837, 0.083542903447],
      [0.58704167131, 0.014782481224, 0.32136542666, 0.07681042081],
      [0.41964237472, 0.20586307847, 0.16923433761, 0.20526020919]
    ],
    [
      [0.14947708335, 0.21168025953, 0.63884265713, 0],
      [0.25851410014, 0.22942688691, 0.51205901295, 0],
      [0.017050056132, 0.93600470591, 0.046459375457, 0.00048586250339],
      [0.072922664676, 0.10645641925, 0.82062091608, 0],
      [0.11472672235, 0.010096708911, 0.87517656874, 0],
      [0.32975270531, 0.017417212318, 0.65034758314, 0.0024824992236],
      [0.26819388911, 0.33698545665, 0.39466002545, 0.00016062878953]
    ],
    [
      [0.27256411492, 0.12695561105, 0.24583992281, 0.35464035123],
      [0.49376365766, 0.18528710646, 0.32094923588, 0],
      [0.15902520322, 0.7978574185, 0.043117378279, 0],
      [0.15904721978, 0.064067631758, 0.77688514846, 0],
      [0.16760263921, 0.0053484808301, 0.2377259944, 0.58932288556],
      [0.30059139936, 0.0065188837721, 0.13666406038, 0.55622565649],
      [0.081750377936, 0.03524116611, 0.028556998002, 0.85445145795]
    ],
    [
      [0.20151852647, 0.28218462102, 0.30784946007, 0.20844739243],
      [0.32315591349, 0.34609165785, 0.33075242866, 0],
      [0.02973670488, 0.9028475444, 0.032721831939, 0.034693918785],
      [0.046791137663, 0.12286683593, 0.78091035361, 0.049431672792],
      [0.16629880998, 0.015673489188, 0.40031285936, 0.41771484147],
      [0.42054326115, 0.020276393262, 0.25016551997, 0.30901482563],
      [0.11718549655, 0.15443913814, 0.070183386876, 0.65819197844]
    ],
    [
      [0.3650274091, 0.24580362394, 0.32098696967, 0.068181997292],
      [0.48189170339, 0.23654795113, 0.22106499927, 0.060495346214],
      [0.060217263415, 0.88835844993, 0.038536765425, 0.012887521231],
      [0.08071144757, 0.10445963164, 0.79915080612, 0.015678114669],
      [0.3453215229, 0.015881223912, 0.48125815807, 0.15753909512],
      [0.57802465961, 0.018250920023, 0.26483915866, 0.1388852617],
      [0.33026059459, 0.21106361636, 0.11327827707, 0.34539751198]
    ],
    [
      [0.15885903573, 0.33084971027, 0.46918460628, 0.041106647726],
      [0.22191397135, 0.35758572506, 0.37317197176, 0.047328331831],
      [0.021341898997, 0.92739096781, 0.044878980604, 0.0063881525933],
      [0.027101910987, 0.10544299267, 0.86013578149, 0.0073193148579],
      [0.15596064906, 0.022088605007, 0.72840492064, 0.093545825295],
      [0.33377730429, 0.032924950813, 0.52446205828, 0.10883568661],
      [0.18556251287, 0.36927869939, 0.21326360929, 0.23189517845]
    ],
    [
      [0.13943938015, 0.25482524417, 0.52783916078, 0.077896214899],
      [0.22800602115, 0.27867170128, 0.44543478938, 0.047887488192],
      [0.016161619237, 0.90304455605, 0.060159967623, 0.020633857087],
      [0, 0.085925103276, 0.88561053001, 0.028464366711],
      [0.11790570019, 0.014601647945, 0.70979021754, 0.15770243432],
      [0.26219160615, 0.022423267877, 0.52418505454, 0.19120007144],
      [0.13834024278, 0.23946313711, 0.20128032647, 0.42091629365]
    ],
    [
      [0.23855659763, 0.37213615292, 0.36400250689, 0.025304742562],
      [0.34951164468, 0.36175315924, 0.27463186793, 0.014103328148],
      [0.027656509314, 0.93837673757, 0.030489692826, 0.0034770602948],
      [0.062182247856, 0.13206032698, 0.79898882215, 0.0067686030143],
      [0.26483608475, 0.027552231546, 0.64275303451, 0.064858649199],
      [0.50095980792, 0.035660622823, 0.39820066581, 0.065178903449],
      [0.27905523088, 0.41553284434, 0.1647298175, 0.14068210727]
    ],
    [
      [0.40121278575, 0.17738363038, 0.36083583225, 0.060567751611],
      [0.50731529645, 0.15210171965, 0.28501999513, 0.055562988771],
      [0.090107729315, 0.83534793021, 0.058676890943, 0.01586744953],
      [0.084505110275, 0.071770946561, 0.83033883887, 0.013385104298],
      [0.35731050371, 0.010995675507, 0.50595959352, 0.12573422727],
      [0.59368567675, 0.012672908311, 0.28152302817, 0.11211838677],
      [0.39746449158, 0.16758221132, 0.13954944426, 0.29540385283]
    ],
    [
      [0.18451155768, 0.16096924347, 0.58889960343, 0.06561959543],
      [0.3151142913, 0.15500946592, 0.47451193727, 0.05536430551],
      [0.046659288086, 0.82802588738, 0.10616520081, 0.019149623716],
      [0.02700188895, 0.04472545624, 0.91830027149, 0.0099723833236],
      [0.14482117538, 0.0088421670288, 0.72713708175, 0.11919957584],
      [0.31280669762, 0.013363232745, 0.53323797311, 0.14059209653],
      [0.20773574245, 0.17313381825, 0.25865497421, 0.36047546509]
    ],
    [
      [0.23724603401, 0.26400995626, 0.40273508147, 0.09600892826],
      [0.36580110472, 0.27029617795, 0.31571683699, 0.048185880335],
      [0.039106272404, 0.89492529555, 0.047731124636, 0.018237307406],
      [0.045785961173, 0.096703701957, 0.83831132582, 0.019199011051],
      [0.21281989031, 0.016379114353, 0.56863619185, 0.20216480349],
      [0.40484863405, 0.021711684887, 0.3649641042, 0.20847557687],
      [0.21050687899, 0.22346206039, 0.1397501831, 0.42628087752]
    ],
    [
      [0.2135670562, 0.42378275608, 0.32642743704, 0.036222750674],
      [0.32154795355, 0.40143726977, 0.25263119916, 0.024383577525],
      [0.023731689667, 0.94549862477, 0.026104095256, 0.0046655903085],
      [0.047146846974, 0.17639012847, 0.7681021233, 0.0083609012549],
      [0.254268177, 0.034743413407, 0.61115180739, 0.099836602198],
      [0.47059457331, 0.045003938368, 0.3840527752, 0.10034871312],
      [0.23256378481, 0.44107403421, 0.13968301086, 0.18667917012]
    ],
    [
      [0.19310501386, 0.51386915392, 0.27243208107, 0.020593751157],
      [0.28311787767, 0.49925065302, 0.20611721454, 0.011514254775],
      [0.015946834703, 0.9656463628, 0.01639072895, 0.0020160735487],
      [0.083051061344, 0.15935776441, 0.74974122414, 0.0078499501125],
      [0.27393441184, 0.045422621979, 0.61304262275, 0.067600343429],
      [0.50700555601, 0.057294488888, 0.36964290457, 0.066057050525],
      [0.21795035926, 0.55455345876, 0.11949062475, 0.10800555723]
    ],
    [
      [0.16072900829, 0.14182542796, 0.63825671734, 0.059188846409],
      [0.27594992702, 0.14813911016, 0.50580681028, 0.070104152537],
      [0.042036961663, 0.82394160104, 0.11638812548, 0.017633311814],
      [0.021627094295, 0.036007565479, 0.93409578451, 0.008269555715],
      [0.1213101909, 0.0074449025259, 0.76654639519, 0.10469851138],
      [0.27597900274, 0.011770740832, 0.58249909345, 0.12975116298],
      [0.18982944873, 0.15988960644, 0.28978889488, 0.36049204995]
    ],
    [
      [0.22303068811, 0.41766109732, 0.28771766492, 0.071590549658],
      [0.28309691049, 0.41006425968, 0.21486924503, 0.091969584797],
      [0.021470328569, 0.93497227979, 0.022511422546, 0.021045969094],
      [0.046525170457, 0.18958457475, 0.72295009048, 0.040940164304],
      [0.18411477048, 0.027337679396, 0.41925039458, 0.36929715555],
      [0.33700580287, 0.034993897537, 0.26061735579, 0.36738294381],
      [0.12712539151, 0.26199830203, 0.072657604829, 0.53821870164]
    ],
    [
      [0.20231327614, 0.38035310652, 0.3325886301, 0.084744987243],
      [0.30642440671, 0.38412550845, 0.26103768589, 0.048412398948],
      [0.023674684048, 0.93680172298, 0.02811239863, 0.011411194341],
      [0.051280387874, 0.14593231276, 0.77786983818, 0.024917461191],
      [0.21185335444, 0.026931316765, 0.5498056657, 0.2114096631],
      [0.40166202068, 0.0352915179, 0.34736499909, 0.21568146234],
      [0.17855289401, 0.31970919286, 0.11462800007, 0.38710991306]
    ],
    [
      [0.31721104322, 0.22250907, 0.37322935763, 0.087050529153],
      [0.45042809413, 0.21297982059, 0.29023576083, 0.046356324452],
      [0.062435577923, 0.86470372573, 0.053027378904, 0.01983331744],
      [0.066550418711, 0.088714103192, 0.8257271699, 0.019008308194],
      [0.28401285858, 0.013952557824, 0.52243067349, 0.17960391011],
      [0.49761205908, 0.017176343534, 0.31359931993, 0.17161227746],
      [0.29140390594, 0.19535527878, 0.13521257218, 0.37802824309]
    ],
    [
      [0.30582814903, 0.25783767014, 0.34036826228, 0.095965918547],
      [0.44003687449, 0.25568970899, 0.25836257779, 0.045910838726],
      [0.053398223561, 0.88428917513, 0.042903375125, 0.019409226186],
      [0.068358364333, 0.10939200916, 0.79991504454, 0.022334581962],
      [0.28416686999, 0.016779596505, 0.49408609453, 0.20496743898],
      [0.49205466173, 0.020439428889, 0.29370647386, 0.19379943551],
      [0.26918347858, 0.21694313972, 0.118280453, 0.3955929287]
    ],
    [
      [0.39125517242, 0.1551776742, 0.45356715338, 0],
      [0.53060871952, 0.12936381526, 0.34002746522, 0],
      [0.079451961714, 0.85259199374, 0.067956044544, 0],
      [0.061318383451, 0.049305616342, 0.88937600021, 0],
      [0.33928607484, 0.0092829409196, 0.63957106008, 0.011859924153],
      [0.62965988081, 0.01105530719, 0.35928481199, 0],
      [0.54002750753, 0.20309618112, 0.22519726421, 0.03167904714]
    ],
    [
      [0.25906883306, 0.37201279443, 0.32785123922, 0.04106713329],
      [0.37432011019, 0.35802955262, 0.24514162169, 0.022508715508],
      [0.037062115855, 0.92379716302, 0.017491415142, 0.021649305983],
      [0.056104851007, 0.15284642943, 0.78170451021, 0.0093442093498],
      [0.2877853308, 0.028143533316, 0.5771905744, 0.10688056149],
      [0.51772355005, 0.034957604365, 0.34451813185, 0.10280071373],
      [0.27430545583, 0.37616727356, 0.13533768954, 0.21418958107]
    ],
    [
      [0.22260426854, 0.30083694005, 0.41942965738, 0.057129134031],
      [0.33266741566, 0.30075975182, 0.32216946581, 0.044403366713],
      [0.033114539632, 0.91232068317, 0.044737000616, 0.0098277765864],
      [0.041537790841, 0.10624718287, 0.8411219348, 0.011093091489],
      [0.21459262484, 0.020034978407, 0.6371345713, 0.12823782545],
      [0.41805518519, 0.027229038976, 0.41911250353, 0.13560327231],
      [0.23350568883, 0.30139520311, 0.17197818702, 0.29312092103]
    ],
    [
      [0.17083801897, 0.38237726152, 0.35946136323, 0.087323356284],
      [0.25509839987, 0.3908052082, 0.30662474848, 0.047471643448],
      [0.021052290966, 0.93469043009, 0.031861572948, 0.012395705992],
      [0.035726111054, 0.15100631373, 0.79433887478, 0.018928700442],
      [0.17736975163, 0.027561073611, 0.58474075044, 0.21032842433],
      [0.34673188186, 0.037835099831, 0.39082535183, 0.22460766648],
      [0.15582174918, 0.33316125566, 0.12909059374, 0.38192640143]
    ],
    [
      [0.20286046569, 0.39295321671, 0.3076784644, 0.096507853193],
      [0.32121377291, 0.38491524905, 0.25147578396, 0.042395194072],
      [0.024293853809, 0.93577999174, 0.026590741247, 0.013335413205],
      [0.047132801222, 0.17264829914, 0.7569484753, 0.023270424342],
      [0.21674966959, 0.029114898674, 0.51474289607, 0.23939253566],
      [0.39886681306, 0.037581110283, 0.32350228307, 0.24004979359],
      [0.17456576962, 0.32298314781, 0.10436964266, 0.39808143991]
    ],
    [
      [0.1933233288, 0.30661708357, 0.45351885084, 0.046540736791],
      [0.28887026399, 0.31798186787, 0.3620183809, 0.031129487242],
      [0.029241980077, 0.91323031976, 0.049361341846, 0.0081663583216],
      [0.034561511038, 0.1038181966, 0.85294523949, 0.008675052879],
      [0.18746868826, 0.020776396955, 0.68828800293, 0.10346691185],
      [0.37913342155, 0.029533590321, 0.47697135675, 0.11436163138],
      [0.2191378675, 0.33233570894, 0.20248520323, 0.24604122033]
    ],
    [
      [0.092194924666, 0.60604622443, 0.19574243495, 0.10601641595],
      [0.11131187575, 0.58446416179, 0.23389749595, 0.070326466507],
      [0.0072776774781, 0.97235573786, 0.011069500471, 0.0092970841907],
      [0.026820956133, 0.32586537871, 0.61638441553, 0.030929249623],
      [0.13054715747, 0.057217282129, 0.43826891999, 0.37396664041],
      [0.25012835612, 0.076481384536, 0.28287980338, 0.39051045596],
      [0.06864302491, 0.43079614094, 0.057409791116, 0.44315104304]
    ],
    [
      [0.32353409628, 0.39488277582, 0.2815831279, 0],
      [0.45859293143, 0.34871264803, 0.19269442054, 0],
      [0.029681562762, 0.95025635511, 0.020062082129, 0],
      [0.089148777637, 0.161364718, 0.74948650436, 0],
      [0.39477993235, 0.029641111258, 0.56535904696, 0.010219909432],
      [0.68702906693, 0.03158673634, 0.27381568282, 0.0075685139128],
      [0.40187506899, 0.45836443369, 0.1312903741, 0.0084701232153]
    ],
    [
      [0.15488961541, 0.54545036403, 0.29966002056, 0],
      [0.24674934622, 0.49426293162, 0.25898772216, 0],
      [0.015669958983, 0.96645330169, 0.017876739324, 0],
      [0.04165694761, 0.2442563415, 0.71408671089, 0],
      [0.2284771061, 0.055058098492, 0.6526381814, 0.063826614009],
      [0.44776738494, 0.073630747865, 0.42285133008, 0.055750537114],
      [0.17724275888, 0.59701099295, 0.12609721497, 0.099649033194]
    ],
    [
      [0.33876240379, 0.27281290553, 0.32059911643, 0.067825574249],
      [0.45868946919, 0.2672402733, 0.23072422434, 0.043346033166],
      [0.056044597763, 0.89259260025, 0.038337483904, 0.013025318084],
      [0.078565528769, 0.12016772117, 0.78484651357, 0.016420236495],
      [0.33374327831, 0.018778737095, 0.49386881809, 0.15360916651],
      [0.55654720374, 0.021991169836, 0.28193110414, 0.13953052228],
      [0.32468812434, 0.24990911942, 0.12124424076, 0.30415851547]
    ],
    [
      [0.18895820906, 0.37408482512, 0.39621074352, 0.040746222298],
      [0.28093174133, 0.37117443311, 0.32298597852, 0.024907847038],
      [0.023971652758, 0.93382930977, 0.036203882313, 0.0059951551559],
      [0.037043902645, 0.13868014308, 0.81593984673, 0.0083361075502],
      [0.20357719605, 0.028104981078, 0.66772673337, 0.1005910895],
      [0.40124061204, 0.038959969682, 0.45145208751, 0.10834733077],
      [0.21184713729, 0.40106003565, 0.17519578947, 0.2118970376]
    ],
    [
      [0.21305061902, 0.3896593604, 0.34447906414, 0.05281095643],
      [0.31913017227, 0.37540747609, 0.27101562753, 0.034446724114],
      [0.026076016364, 0.93602483211, 0.030400999584, 0.0074981519385],
      [0.046068607541, 0.15950526626, 0.78251838208, 0.011907744126],
      [0.23674961329, 0.030233723315, 0.59849423882, 0.13452242457],
      [0.44093016496, 0.039613394022, 0.38256172153, 0.13689471948],
      [0.2203852608, 0.38541485409, 0.14063924214, 0.25356064298]
    ],
    [
      [0.25702494916, 0.27307532158, 0.32415062316, 0.1457491061],
      [0.40891473182, 0.29130720303, 0.26409202154, 0.035686043601],
      [0.041971514053, 0.8924472187, 0.038175568457, 0.027405698787],
      [0.058802468295, 0.1184722835, 0.78818266625, 0.034542581955],
      [0.2287962256, 0.016912605517, 0.45194779452, 0.30234337436],
      [0.40893291843, 0.021201585436, 0.27564437799, 0.29422111815],
      [0.18986827291, 0.19256173056, 0.094313543458, 0.52325645307]
    ],
    [
      [0.23997245041, 0.21875193741, 0.45543985108, 0.085835761097],
      [0.37212163695, 0.21559471118, 0.36416138184, 0.048122270039],
      [0.047732496035, 0.86739732778, 0.065125601033, 0.019744575156],
      [0.043001001818, 0.074509020723, 0.86652236043, 0.015967617031],
      [0.20544817434, 0.013100415284, 0.61130240552, 0.17014900486],
      [0.39832735165, 0.017801970384, 0.40401426938, 0.17985640859],
      [0.23027063989, 0.20065152832, 0.1715613239, 0.39751650789]
    ],
    [
      [0.27230492019, 0.34958850593, 0.34465369706, 0.033452876823],
      [0.39308564772, 0.33521124961, 0.2581853787, 0.013517723971],
      [0.03623236612, 0.92548763961, 0.033097157191, 0.0051828370793],
      [0.058901454202, 0.14331072881, 0.79021137434, 0.0075764426409],
      [0.29806648584, 0.026594383035, 0.59131006279, 0.084029068334],
      [0.52851535282, 0.033046777214, 0.35742058133, 0.081017288641],
      [0.30326832447, 0.37222431318, 0.15107981159, 0.17342755077]
    ],
    [
      [0.15007995459, 0.070977626102, 0.7789424193, 0],
      [0.35764842184, 0.011371288193, 0.63098028997, 0],
      [0.059728479749, 0.74558683905, 0.1946846812, 0],
      [0.015897459797, 0.014654095301, 0.9694484449, 0],
      [0.10477773858, 0.0035507007882, 0.89167156063, 0],
      [0.26206965848, 0.0062819919095, 0.72185218523, 0.0097961643855],
      [0.28635516512, 0.13483748395, 0.53716166401, 0.041645686922]
    ],
    [
      [0.65760141589, 0.15392845695, 0.18847012716, 0],
      [0.56122475324, 0.20727142351, 0.23150382324, 0],
      [0.12628042728, 0.84425198299, 0.027009793954, 0.0024577957818],
      [0.20093583142, 0.09918544341, 0.69987872517, 0],
      [0.67282745317, 0.032650008704, 0.29452253813, 0],
      [0.8651029188, 0.022127390247, 0.11276969096, 0],
      [0.71945317626, 0.20550221325, 0.075044610487, 0]
    ],
    [
      [0.22766294844, 0.048954468431, 0.72338258313, 0],
      [0.42191509051, 0, 0.57808490949, 0],
      [0.055746634904, 0.81566157792, 0.12859178718, 0],
      [0.066596881456, 0, 0.93340311854, 0],
      [0.1484793191, 0, 0.8515206809, 0],
      [0.36951741254, 0.0061243440302, 0.62435824343, 0],
      [0.42840863104, 0.12925960962, 0.44233175933, 0]
    ],
    [
      [0.072750657961, 0.12032015132, 0.67077129627, 0.13615789445],
      [0.21147119092, 0.14198628624, 0.55877613613, 0.087766386707],
      [0.031199207379, 0.81812187065, 0.11224106249, 0.038437859479],
      [0, 0.004892852345, 0.98058089382, 0.014526253839],
      [0.081790809216, 0.0056912013271, 0.6809134215, 0.23160456796],
      [0.18685513963, 0.0089364410739, 0.51321661595, 0.29099180334],
      [0.088875088595, 0.081680530199, 0.17506612685, 0.65437825436]
    ],
    [
      [0.22061544866, 0.37505294562, 0.37499963222, 0.029331973504],
      [0.32468786701, 0.36179454155, 0.27629087456, 0.037226716878],
      [0.023797203615, 0.94396579101, 0.028533049002, 0.0037039563716],
      [0.042087401654, 0.13110532519, 0.82083933994, 0.0059679332169],
      [0.23909595827, 0.026151640257, 0.65992393568, 0.074828465798],
      [0.46985912512, 0.035126201046, 0.41708856455, 0.077926109288],
      [0.25416411712, 0.41245409743, 0.16531479367, 0.16806699179]
    ],
    [
      [0.45960453562, 0.22948371695, 0.2768016626, 0.034110084821],
      [0.56059436665, 0.22609827204, 0.19076661221, 0.022540749104],
      [0.085620075286, 0.8695266801, 0.037424596481, 0.0074286481295],
      [0.11706197982, 0.11176117076, 0.76203995688, 0.0091368925439],
      [0.46451127346, 0.016117285021, 0.43958760993, 0.079783831583],
      [0.6966745828, 0.016841380066, 0.22227136754, 0.064212669594],
      [0.48374651275, 0.23070689758, 0.11436342937, 0.1711831603]
    ],
    [
      [0.21281686674, 0.37152039794, 0.35379503906, 0.061867696255],
      [0.31807287984, 0.36503822467, 0.27918493171, 0.03770396378],
      [0.027319495458, 0.93071218944, 0.032757236669, 0.009211078429],
