{
  "Z_true": {},
  "V_true": [
    [2, 86, 712, 372, 504, 342],
    [2, 71, 558, 546, 512, 1168],
    [0, 72, 2652, 76, 172, 429],
    [0, 388, 219, 169, 6238, 525],
    [0, 288, 250, 6340, 203, 798],
    [0, 205, 69, 43, 45, 8578],
    [29, 385, 354, 688, 728, 1087]
  ],
  "p_true": [
    [0.001, 0.0426, 0.3528, 0.1843, 0.2498, 0.1695],
    [0.0007, 0.0249, 0.1953, 0.1911, 0.1792, 0.4088],
    [0, 0.0212, 0.7798, 0.0223, 0.0506, 0.1261],
    [0, 0.0515, 0.029, 0.0224, 0.8274, 0.0696],
    [0, 0.0366, 0.0317, 0.8047, 0.0258, 0.1013],
    [0, 0.0229, 0.0077, 0.0048, 0.005, 0.9595],
    [0.0089, 0.1177, 0.1082, 0.2103, 0.2226, 0.3323]
  ],
  "Z_est": [
    [
      [1, 0, 0, 0, 2, 1, 0, 0, 0, 0, 0, 1, 1, 0, 0, 0, 1, 0, 1, 2, 0, 2, 1, 1, 0, 0, 0, 0, 0, 0, 0, 0, 1, 0, 0, 0, 0, 2, 0, 0, 1, 0, 0, 1, 0, 1, 0, 1, 2, 2, 0, 1, 0, 1, 0, 0, 0, 0, 0, 1, 0, 0, 0, 0, 0, 0, 0, 0, 1, 3],
      [2, 3, 2, 2, 2, 3, 2, 4, 3, 3, 3, 1, 2.3963e-19, 3, 2, 4, 2, 3, 1, 1, 2, 1, 2, 1, 3, 2, 3, 2, 3, 3, 3, 2, 1, 3, 2, 4, 4, 2, 3, 2, 1, 4, 3, 2, 2, 2, 4, 2, 1, 1, 2, 2, 3, 2, 3, 4, 3, 4, 4, 1, 3, 3, 2, 5, 6, 3, 4, 4, 1, 6],
      [7, 2, 3.513e-14, 5, 4, 1, 1, 4, 2, 2, 2, 3, 1, 6, 1, 3, 2, 2, 3, 7.3608e-10, 7.532e-07, 4.1035e-10, 1.4329e-10, 1, 2.5314e-07, 1, 5.9321e-10, 2, 1.8092e-10, 2.0255e-08, 3.6291e-10, 1, 1, 3, 4, 8, 5, 5, 4, 3, 3, 3, 1, 5, 6, 5, 2, 1, 1, 2, 1, 4, 4, 2, 1, 1, 2, 4, 9, 2, 3, 6, 4, 14, 20, 12, 14, 14, 14, 32],
      [7, 5, 2, 6, 8, 5, 4, 8, 6, 4, 5, 5, 4, 5, 5, 6, 4, 3, 4, 3, 1, 3, 1, 7, 2, 3, 3, 3, 3, 5, 5, 5, 5, 5, 4, 8, 8, 7, 5, 2, 3, 3, 2, 4, 5, 5, 8, 3, 2, 7, 4, 5, 4, 2, 3, 3, 2, 6, 7, 2, 3, 5, 5, 8, 15, 10, 9, 11, 12, 54],
      [7, 5, 2, 8, 6, 4, 3, 6, 5, 3, 4, 5, 4, 5, 3, 4, 3, 3, 4, 2, 1, 3, 1, 5, 3, 4, 2, 4, 3, 3, 2, 6, 5, 5, 5, 9, 10, 7, 4, 4, 3, 3, 2, 3, 4, 5, 9, 3, 4, 8, 5, 4, 2, 1, 3, 4, 3, 5, 8, 3, 4, 6, 4, 12, 16, 13, 13, 14, 14, 62],
      [4, 6, 3, 11, 11, 1, 6, 9, 9, 6, 10, 11, 4, 14, 6, 13, 9, 10, 2, 1, 2.7938e-09, 1, 1.068e-09, 1, 7.8374e-08, 1, 3.8079e-13, 1, 3.8007e-10, 1, 1, 3, 3, 9, 12, 16, 15, 17, 18, 10, 14, 13, 5, 14, 12, 16, 6, 2, 2, 2, 2, 14, 11, 7, 4, 4, 6, 11, 20, 10, 13, 13, 11, 13, 19, 19, 21, 31, 23, 123]
    ],
    [
      [4.3114e-29, 0, 0, 0, 6.3118e-37, 3.6882e-35, 0, 0, 0, 0, 0, 4.3426e-39, 9.1693e-33, 0, 0, 0, 4.6316e-38, 0, 6.3935e-37, 1.0088e-24, 0, 1.7048e-21, 1.5851e-26, 7.0801e-31, 0, 0, 0, 0, 0, 0, 0, 0, 7.1171e-36, 0, 0, 0, 0, 2.3462e-37, 0, 0, 3.3293e-35, 0, 0, 1.2782e-40, 0, 1.1913e-43, 0, 2.2104e-34, 2.5344e-41, 2.0599e-28, 0, 2.0365e-30, 0, 3.9539e-27, 0, 0, 0, 0, 0, 6.0051e-34, 0, 0, 0, 0, 0, 0, 0, 0, 7.2467e-47, 2.2795e-27],
      [1, 3, 5, 3, 3, 2, 1, 1, 3, 3, 3, 2, 2, 1.3325e-16, 2, 2, 5, 2, 2, 3, 4, 4, 2, 2, 2, 2, 1, 1, 2, 2, 1, 2, 3, 1, 2, 2, 1, 4, 1, 2, 2, 2, 1.5135e-13, 1, 3, 2, 3, 2, 2, 2, 4, 3, 2, 3, 2, 2, 3, 3, 2, 2, 1, 3, 2, 1, 2, 2, 2, 3, 3, 16],
      [3, 6, 5, 9, 7, 1, 6, 8, 6, 8, 5, 7, 3, 11, 7, 6, 8, 7, 5, 1.3534e-11, 1, 1, 2, 1, 2, 3, 3, 4, 3, 1, 2, 2, 2, 8, 6, 11, 9, 5, 9, 5, 5, 7, 7, 8, 7, 6, 5, 5, 1, 3, 2, 3, 5, 3, 5, 6, 8, 8, 12, 5, 4, 6, 7, 11, 8, 7, 10, 10, 11, 67],
      [1, 12, 12, 11, 10, 2, 11, 8, 9, 10, 10, 9, 11, 7, 14, 8, 12, 5, 7, 3, 4, 6, 5, 7, 6, 4, 6, 7, 6, 5, 4, 6, 11, 9, 5, 8, 9, 7, 8, 4, 5, 6, 7, 6, 6, 6, 9, 7, 2, 8, 9, 5, 4, 2, 5, 7, 7, 9, 7, 5, 1, 5, 6, 5, 5, 5, 6, 8, 9, 113],
      [1, 11, 12, 13, 9, 2, 7, 7, 8, 9, 8, 10, 11, 7, 8, 6, 10, 6, 6, 2, 6, 5, 4, 5, 7, 6, 6, 8, 6, 3, 2, 7, 12, 8, 6, 9, 11, 7, 7, 6, 5, 6, 7, 4, 5, 7, 11, 8, 3, 9, 12, 4, 2, 2, 5, 8, 9, 8, 8, 6, 2, 6, 5, 8, 6, 6, 9, 10, 11, 129],
      [3.4719e-12, 13, 17, 18, 15, 1, 14, 10, 14, 17, 19, 21, 10, 19, 19, 17, 26, 17, 4, 1, 1, 1, 1.5627e-10, 1, 1, 1, 2, 3, 1, 1, 1, 4, 8, 16, 14, 17, 17, 17, 30, 15, 22, 20, 16, 18, 15, 20, 8, 6, 1, 2, 4, 13, 11, 10, 8, 7, 18, 17, 21, 20, 7, 13, 14, 9, 7, 9, 14, 22, 19, 255]
    ],
    [
      [7.0574e-31, 0, 0, 0, 1.5388e-42, 1.2081e-35, 0, 0, 0, 0, 0, 1.6826e-34, 2.939e-31, 0, 0, 0, 1.6112e-41, 0, 3.209e-34, 4.0795e-21, 0, 3.5012e-27, 1.0704e-25, 7.0754e-26, 0, 0, 0, 0, 0, 0, 0, 0, 1.2211e-43, 0, 0, 0, 0, 2.5528e-37, 0, 0, 1.7445e-32, 0, 0, 4.1989e-35, 0, 1.9229e-37, 0, 3.3243e-31, 9.9224e-28, 7.9964e-25, 0, 7.3648e-30, 0, 3.2358e-27, 0, 0, 0, 0, 0, 5.6112e-32, 0, 0, 0, 0, 0, 0, 0, 0, 3.9465e-41, 6.6294e-40],
      [1, 1, 2, 1, 1, 3, 1.7972e-14, 2, 2, 1, 1, 7.9149e-25, 2, 1.3312e-16, 1.3559e-13, 2, 2, 2, 2, 1, 1, 1, 1, 3, 1, 9.4221e-10, 1, 1, 1, 2.0219e-08, 1, 6.448e-15, 1, 1, 1, 3, 1, 1, 3.9094e-16, 1, 2, 2, 6.1837e-11, 1, 2, 3, 2, 2, 2, 1.9183e-10, 3.8159e-11, 2, 1, 2, 2, 2, 2, 2, 2, 1, 2.0437e-08, 2, 4.0506e-11, 3, 2, 1, 1, 1, 1.0994e-22, 15],
      [20, 4, 5, 10, 8, 4, 3, 6, 5, 9, 7, 9, 3, 10, 5, 8, 6, 8, 16, 2, 2, 2, 2, 2, 2, 3, 3, 2, 2, 3, 2, 2, 4, 8, 9, 16, 9, 8, 8, 9, 10, 8, 4, 15, 15, 11, 4, 4, 3, 3, 3, 6, 8, 7, 5, 3, 7, 7, 13, 7, 4, 12, 8, 27, 20, 16, 18, 19, 17, 67],
      [17, 9, 9, 12, 10, 9, 9, 12, 9, 11, 10, 11, 10, 13, 10, 10, 10, 9, 18, 3, 3, 3, 4, 13, 5, 6, 6, 9, 6, 5, 9, 4, 8, 11, 8, 15, 13, 8, 8, 6, 7, 6, 11, 15, 11, 10, 8, 11, 5, 5, 4, 6, 5, 5, 8, 10, 7, 9, 10, 6, 5, 11, 8, 15, 13, 11, 12, 13, 12, 111],
      [18, 7, 9, 13, 8, 8, 5, 8, 7, 9, 8, 11, 10, 10, 6, 7, 8, 10, 16, 2, 4, 2, 3, 9, 5, 6, 6, 8, 4, 3, 5, 3, 9, 10, 10, 16, 14, 8, 7, 10, 7, 6, 8, 10, 8, 11, 9, 10, 7, 5, 6, 5, 3, 5, 7, 8, 8, 8, 11, 7, 5, 11, 6, 21, 14, 14, 15, 16, 14, 127],
      [10, 8, 12, 18, 15, 3, 10, 12, 13, 17, 18, 23, 10, 26, 13, 21, 19, 26, 10, 1.4229e-08, 6.0663e-08, 5.0721e-10, 5.6033e-10, 1, 1, 1, 2, 3, 1, 1, 2, 2, 6, 19, 22, 28, 22, 18, 27, 23, 34, 21, 17, 40, 28, 33, 6, 8, 4, 1, 2, 16, 13, 21, 10, 7, 16, 16, 27, 22, 15, 24, 17, 23, 17, 21, 25, 35, 23, 251]
    ],
    [
      [3.7241e-15, 0, 0, 0, 8.1383e-19, 1.5882e-17, 0, 0, 0, 0, 0, 1.1512e-21, 7.0188e-15, 0, 0, 0, 2.6637e-27, 0, 3.4411e-23, 6.3806e-09, 0, 1.4368e-10, 1.4017e-10, 1.4308e-21, 0, 0, 0, 0, 0, 0, 0, 0, 4.4288e-20, 0, 0, 0, 0, 1.0183e-29, 0, 0, 7.224e-24, 0, 0, 6.0329e-28, 0, 2.0994e-23, 0, 1.8176e-20, 1, 1.0059e-15, 0, 8.4775e-17, 0, 8.6914e-19, 0, 0, 0, 0, 0, 8.1047e-18, 0, 0, 0, 0, 0, 0, 0, 0, 3.1104e-25, 2.2795e-27],
      [1, 5, 6, 3, 2, 15, 2, 4, 5, 3, 2, 1, 1, 1, 1, 3, 4, 4, 2, 12, 16, 5, 12, 9, 9, 6, 9, 6, 7, 6, 4, 4, 8, 1, 1, 3, 3, 3, 1.9519e-16, 1, 1, 2, 2, 1, 1, 2, 9, 7, 11, 2, 6, 2, 1, 2, 6, 10, 4, 4, 3, 2, 1, 2, 1, 3, 3, 2, 2, 1, 1, 32],
      [19, 9, 11, 16, 12, 12, 7, 13, 10, 16, 10, 12, 13, 14, 8, 7, 9, 11, 22, 4, 5, 4, 7, 11, 6, 11, 8, 11, 5, 6, 7, 9, 12, 11, 10, 17, 17, 10, 7, 12, 9, 10, 11, 11, 11, 15, 12, 12, 12, 10, 10, 8, 5, 6, 9, 12, 11, 12, 15, 6, 9, 12, 9, 26, 23, 17, 24, 16, 19, 159],
      [20, 27, 29, 22, 24, 52, 21, 25, 25, 25, 23, 20, 36, 16, 21, 16, 18, 16, 31, 33, 33, 30, 50, 63, 41, 29, 52, 41, 30, 41, 41, 45, 57, 16, 12, 20, 29, 19, 8, 12, 8, 10, 19, 12, 11, 14, 39, 28, 29, 39, 36, 8, 7, 9, 23, 29, 17, 20, 15, 11, 10, 12, 13, 18, 19, 17, 19, 16, 18, 265],
      [20, 21, 28, 26, 18, 45, 13, 20, 21, 24, 18, 19, 34, 15, 12, 9, 14, 17, 26, 23, 42, 25, 45, 43, 44, 41, 47, 41, 25, 25, 22, 49, 61, 13, 12, 18, 31, 15, 9, 16, 7, 9, 21, 8, 7, 15, 43, 35, 41, 41, 47, 6, 3, 6, 20, 35, 17, 17, 14, 9, 12, 13, 10, 23, 17, 19, 23, 16, 18, 301],
      [11, 25, 37, 35, 31, 18, 26, 28, 36, 40, 39, 40, 33, 37, 26, 28, 34, 45, 16, 9, 6, 7, 7, 9, 7, 11, 15, 19, 7, 10, 9, 29, 40, 26, 28, 33, 47, 34, 28, 38, 33, 31, 41, 32, 23, 43, 31, 25, 24, 12, 17, 22, 12, 24, 29, 29, 34, 34, 35, 30, 35, 26, 25, 25, 21, 27, 37, 35, 31, 593]
    ],
    [
      [7.2854e-23, 0, 0, 0, 1.6115e-39, 4.1089e-32, 0, 0, 0, 0, 0, 2.4428e-32, 1.2738e-33, 0, 0, 0, 1.5702e-36, 0, 1.7355e-32, 1.0943e-20, 0, 2.9487e-24, 6.1243e-22, 3.4012e-29, 0, 0, 0, 0, 0, 0, 0, 0, 1.0149e-43, 0, 0, 0, 0, 4.6456e-41, 0, 0, 9.1695e-34, 0, 0, 3.2291e-41, 0, 3.0271e-36, 0, 6.9037e-33, 7.695e-28, 1.2677e-25, 0, 1.7407e-27, 0, 2.2521e-28, 0, 0, 0, 0, 0, 8.7438e-32, 0, 0, 0, 0, 0, 0, 0, 0, 3.1308e-36, 7.4593e-115],
      [1, 6, 6, 3, 3, 14, 3, 6, 7, 3, 3, 1, 2, 1, 2, 5, 6, 3, 3, 16, 14, 6, 11, 11, 7, 4, 8, 5, 6, 9, 8, 3, 7, 2, 1, 3, 3, 3, 1, 1, 2, 3, 2, 2, 2, 2, 7, 6, 7, 2, 5, 2, 1, 3, 7, 9, 3, 5, 3, 2, 2.1844e-08, 2, 1, 2, 3, 2, 2, 1, 1, 31],
      [16, 10, 10, 16, 17, 11, 11, 16, 13, 16, 12, 12, 12, 15, 16, 14, 13, 10, 26, 4, 4, 5, 6, 13, 5, 8, 7, 9, 5, 8, 9, 6, 10, 14, 11, 17, 14, 10, 12, 9, 10, 11, 12, 19, 17, 13, 10, 12, 7, 10, 7, 7, 6, 6, 11, 10, 9, 14, 17, 7, 5, 12, 10, 17, 25, 17, 18, 15, 19, 153],
      [15, 27, 27, 21, 28, 46, 30, 30, 29, 24, 30, 18, 41, 15, 45, 26, 24, 12, 38, 44, 26, 31, 42, 88, 35, 21, 48, 32, 28, 57, 73, 31, 52, 22, 11, 17, 23, 15, 13, 11, 12, 13, 20, 19, 15, 16, 30, 27, 21, 35, 27, 14, 7, 6, 24, 25, 12, 25, 14, 10, 4, 10, 12, 12, 20, 14, 13, 12, 16, 261],
      [18, 26, 26, 30, 27, 41, 22, 27, 29, 25, 22, 21, 41, 18, 25, 21, 23, 17, 34, 33, 37, 30, 44, 58, 38, 31, 46, 36, 27, 35, 39, 37, 57, 21, 17, 21, 29, 16, 13, 14, 11, 11, 22, 16, 13, 14, 35, 32, 27, 42, 34, 8, 6, 9, 27, 32, 16, 21, 18, 12, 10, 13, 13, 16, 20, 21, 19, 17, 19, 293],
      [9, 27, 35, 36, 42, 16, 39, 37, 46, 40, 49, 39, 39, 38, 56, 55, 50, 39, 20, 12, 5, 8, 7, 12, 6, 8, 14, 16, 7, 14, 16, 21, 36, 37, 32, 34, 40, 32, 49, 32, 44, 37, 44, 55, 37, 42, 25, 26, 15, 12, 12, 28, 16, 25, 34, 26, 28, 42, 40, 35, 20, 27, 27, 16, 24, 26, 28, 33, 31, 578]
    ],
    [
      [1.1335e-28, 0, 0, 0, 2.1243e-45, 7.7879e-33, 0, 0, 0, 0, 0, 5.6674e-28, 7.4968e-25, 0, 0, 0, 2.6956e-38, 0, 4.8431e-34, 1.1806e-23, 0, 2.2413e-26, 2.8367e-25, 7.8893e-35, 0, 0, 0, 0, 0, 0, 0, 0, 7.3261e-40, 0, 0, 0, 0, 2.4378e-43, 0, 0, 4.5773e-30, 0, 0, 1.0041e-34, 0, 9.1e-37, 0, 1.0981e-36, 5.2007e-31, 1.1374e-31, 0, 4.7755e-27, 0, 7.035e-28, 0, 0, 0, 0, 0, 5.4557e-31, 0, 0, 0, 0, 0, 0, 0, 0, 5.8605e-36, 6.6294e-40],
      [3.4703e-12, 6, 5, 3, 3, 3, 3, 4, 7, 4, 4, 2, 1, 1, 2, 7, 8, 6, 1, 2, 1, 1, 1, 1, 1.2609e-07, 1, 2, 1, 1, 1, 1, 1, 4, 2, 2, 4, 3, 6, 3, 3, 5, 7, 3, 4, 4, 5, 4, 4, 4, 5.0574e-16, 1, 5, 3, 7, 6, 6, 6, 6, 6, 5, 2, 4, 2, 3, 2, 3, 3, 3, 1, 51],
      [10, 10, 9, 17, 17, 2, 11, 12, 12, 20, 16, 20, 9, 26, 13, 20, 17, 19, 8, 7.1211e-09, 3.6257e-08, 1, 2.1389e-09, 1, 8.0207e-08, 2, 1, 2, 1, 1, 1, 3, 6, 19, 20, 24, 18, 17, 26, 22, 29, 23, 19, 33, 32, 30, 5, 7, 4, 2, 2, 16, 16, 15, 9, 7, 15, 16, 31, 17, 18, 18, 20, 21, 18, 24, 29, 32, 27, 249],
      [9, 26, 23, 22, 29, 11, 29, 23, 29, 28, 36, 30, 30, 26, 35, 35, 30, 23, 10, 5, 2, 6, 4, 10, 3, 6, 11, 9, 6, 6, 12, 17, 28, 28, 21, 23, 28, 26, 28, 20, 28, 24, 33, 33, 28, 31, 15, 16, 10, 6, 9, 24, 15, 15, 20, 16, 18, 25, 25, 21, 16, 15, 23, 12, 13, 20, 20, 26, 23, 421],
      [11, 24, 27, 29, 26, 12, 21, 19, 27, 27, 33, 33, 32, 28, 23, 27, 27, 30, 10, 7, 5, 5, 5, 10, 6, 10, 13, 11, 5, 6, 10, 21, 31, 27, 26, 26, 35, 27, 27, 35, 29, 26, 34, 27, 22, 36, 19, 18, 16, 7, 16, 19, 12, 15, 20, 22, 22, 26, 28, 26, 26, 18, 20, 20, 16, 27, 30, 31, 29, 483],
      [7, 28, 32, 37, 44, 4, 40, 30, 45, 51, 65, 67, 29, 69, 47, 76, 65, 75, 7, 1, 1, 3, 1, 1, 1, 2, 4, 5, 3, 1, 2, 14, 20, 48, 61, 48, 52, 57, 108, 74, 120, 80, 73, 97, 70, 97, 13, 16, 8, 4, 4, 59, 40, 62, 30, 17, 45, 46, 72, 82, 71, 41, 53, 21, 18, 37, 45, 73, 46, 944]
    ],
    [
      [2.0583e-28, 0, 0, 0, 7.5516e-44, 6.9185e-28, 0, 0, 0, 0, 0, 3.179e-32, 1.3765e-32, 0, 0, 0, 4.3537e-41, 0, 2.6528e-32, 8.188e-26, 0, 1.5404e-22, 8.131e-24, 3.8581e-31, 0, 0, 0, 0, 0, 0, 0, 0, 4.531e-36, 0, 0, 0, 0, 2.2363e-40, 0, 0, 1.1197e-28, 0, 0, 1.6379e-37, 0, 2.9293e-36, 0, 2.4106e-34, 1.0233e-32, 2.0765e-28, 0, 5.2814e-33, 0, 1.209e-25, 0, 0, 0, 0, 0, 7.0339e-33, 0, 0, 0, 0, 0, 0, 0, 0, 7.4648e-42, 3.1027e-54],
      [1.117e-14, 2, 2, 1, 1, 7, 1, 2, 2, 1, 1, 1.5876e-24, 7.0242e-15, 1.0018e-15, 1.7796e-22, 1, 2, 1, 1, 7, 10, 2, 7, 4, 2, 2, 2, 2, 4, 4, 2, 1, 3, 2.5013e-18, 1.3153e-11, 1, 1, 1, 1.9581e-16, 4.6774e-14, 5.5763e-18, 1, 1.139e-17, 1, 3.4301e-12, 8.5617e-20, 2, 3, 6, 1.9183e-10, 2, 2.7375e-16, 3.9011e-12, 1, 2, 4, 1, 1, 1, 1, 6.1403e-08, 1, 1.374e-14, 1, 1, 8.5201e-18, 1.0693e-21, 1.5347e-16, 3.1128e-25, 14],
      [7, 3, 4, 7, 7, 6, 4, 5, 4, 6, 5, 4, 2, 6, 3, 4, 6, 4, 9, 1, 3, 2, 4, 5, 2, 4, 1, 4, 3, 4, 2, 3, 5, 4, 4, 6, 5, 3, 4, 3, 4, 5, 2, 8, 6, 4, 3, 5, 6, 4, 3, 2, 4, 4, 3, 4, 3, 4, 6, 3, 2, 6, 4, 9, 7, 4, 7, 4, 7, 68],
      [6, 9, 11, 10, 12, 24, 10, 10, 11, 9, 11, 6, 9, 6, 10, 8, 11, 5, 13, 18, 19, 13, 27, 33, 12, 12, 10, 16, 18, 28, 20, 16, 26, 7, 4, 6, 8, 4, 4, 3, 4, 5, 4, 8, 5, 4, 10, 12, 15, 13, 12, 3, 3, 4, 7, 11, 4, 7, 5, 4, 1, 5, 5, 5, 5, 3, 4, 3, 6, 115],
      [7, 8, 11, 12, 10, 22, 7, 8, 10, 8, 10, 6, 8, 6, 6, 5, 9, 6, 11, 13, 27, 12, 26, 23, 13, 17, 10, 17, 16, 18, 11, 18, 29, 6, 5, 7, 10, 4, 4, 5, 4, 5, 4, 6, 4, 6, 12, 14, 22, 15, 16, 3, 2, 3, 7, 13, 5, 6, 6, 5, 2, 6, 4, 8, 6, 5, 6, 4, 7, 131],
      [7, 11, 18, 20, 20, 11, 15, 15, 19, 17, 23, 14, 11, 16, 15, 19, 26, 18, 10, 8, 6, 6, 7, 7, 5, 8, 5, 11, 6, 10, 6, 13, 21, 14, 12, 14, 17, 12, 17, 13, 20, 24, 10, 27, 14, 17, 12, 12, 16, 7, 8, 12, 12, 18, 13, 14, 15, 17, 17, 17, 10, 15, 14, 12, 9, 10, 14, 10, 13, 262]
    ]
  ],
  "V_est": [
    [32, 181, 281, 396, 412, 716],
    [1.7058e-21, 169, 450, 584, 605, 1049],
    [4.0805e-21, 103, 597, 731, 714, 1256],
    [1, 316, 942, 1960, 1900, 2420],
    [1.1632e-20, 327, 958, 1992, 2019, 2583],
    [1.2868e-23, 276, 1217, 1784, 1954, 3709],
    [1.6238e-22, 123, 369, 787, 798, 1194]
  ],
  "p_est": [
    [0.0159, 0.0897, 0.1392, 0.1962, 0.2042, 0.3548],
    [3.3121e-17, 0.0592, 0.1575, 0.2044, 0.2118, 0.3672],
    [2.8655e-17, 0.0303, 0.1755, 0.2149, 0.2099, 0.3693],
    [0.0001, 0.0419, 0.125, 0.26, 0.252, 0.321],
    [1.3608e-16, 0.0415, 0.1216, 0.2528, 0.2563, 0.3278],
    [3.8329e-18, 0.0309, 0.1361, 0.1996, 0.2186, 0.4149],
    [5.9697e-18, 0.0376, 0.1128, 0.2406, 0.244, 0.365]
  ],
  "EI_Z": {},
  "EI_V": 46.5813,
  "MAE_Z": {},
  "MAE_V": 796.4286,
  "MAE_p": 0.1292,
  "runtime": 0.707
}
