{
  "Z_true": {},
  "V_true": [
    [38, 29, 139, 585, 461],
    [1256, 75, 895, 268, 57],
    [617, 348, 7048, 248, 220],
    [216, 248, 463, 15582, 308],
    [178, 1695, 1203, 545, 162],
    [192, 131, 296, 298, 244]
  ],
  "p_true": [
    [0.0304, 0.0232, 0.111, 0.4673, 0.3682],
    [0.4924, 0.0294, 0.3508, 0.1051, 0.0223],
    [0.0728, 0.041, 0.831, 0.0292, 0.0259],
    [0.0128, 0.0147, 0.0275, 0.9266, 0.0183],
    [0.0471, 0.4481, 0.318, 0.1441, 0.0428],
    [0.1654, 0.1128, 0.255, 0.2567, 0.2102]
  ],
  "Z_est": [
    [
      [0, 2, 2, 0, 0.7598, 0.9726, 2, 0.0526, 0, 0.0968, 0.1012, 0, 4, 2, 1.9996, 1.9991, 3, 4, 4, 4, 2, 2, 2, 3, 5, 4, 3, 3, 4, 4, 0.9999, 3, 3, 2.9998, 4, 3, 3, 3, 5, 4, 3, 4, 0.9999, 6, 2, 0.999, 2, 0, 0.968, 2, 2.5506, 8, 0, 2, 0.3481, 0.6644, 0.084, 2, 0.2969, 0.9569, 1.9998, 1, 1.4195, 0.8321, 0.986, 3, 0.3421, 0.6247, 2, 4, 21, 4, 8, 3],
      [0, 1, 1, 0.2727, 0.1117, 0.9635, 5.8733e-09, 0, 0, 0.0271, 0.0855, 0.008, 2, 1, 1.0004, 0.0005, 2, 1, 2, 3, 2.2843e-07, 8.0085e-08, 6.9958e-11, 2, 6.483e-11, 1, 1, 2.7445e-07, 1, 3.2132e-14, 0.9999, 1, 2, 0.0001, 1, 1, 3.1809e-08, 1, 3, 2, 1, 6.6744e-19, 7.3306e-08, 2, 1, 0.0011, 1, 0, 0.9696, 1, 0.7213, 4, 0, 1, 0.0268, 0.0007, 0.0135, 4.4685e-06, 0.075, 0.9824, 1.0001, 1, 0.0001, 0.0345, 0.9941, 1, 0.1238, 0.1365, 2, 1, 18, 2.6985e-13, 3, 3.3558e-07],
      [0, 5, 3, 0.7729, 0.1204, 0.0179, 2, 0.0171, 0, 0.1033, 1.7889, 0.1128, 9, 3, 4.0007, 2.0004, 6, 7, 9, 15, 2, 1, 2, 7, 3, 5, 6, 3, 8, 5, 4, 6, 11, 3.9998, 5, 7, 1, 7, 9, 14, 4, 3, 0, 10, 1, 0.0018, 4, 0, 0.0476, 2, 1.0222, 11, 0, 4, 0.079, 0.0013, 0.8456, 0, 0.1272, 0.0854, 3.0001, 2.4332e-07, 0.542, 0.0827, 0.0252, 3, 0.4477, 0.2395, 1, 3, 88, 3, 15, 1],
      [0, 3, 1, 2.8647, 1.0021, 5.0441, 9, 0.9302, 0, 5.7506, 2.0159, 0.8765, 14, 2, 6.9993, 0.9998, 9, 5, 4, 7, 2, 6, 3, 12, 4, 17, 13, 1, 5, 8, 2.0001, 6, 10, 1.0003, 10, 18, 5, 6, 9, 8, 6, 11, 0.0001, 29, 9, 4.9979, 11, 0, 4.0106, 12, 2.4182, 29, 0, 11, 0.546, 2.331, 1.0528, 2, 0.5009, 3.9666, 6, 6, 5.0383, 1.0506, 6.9875, 9, 1.0736, 0.996, 19, 21, 149, 6, 23, 3],
      [0, 1.7728e-14, 4.6402e-09, 0.0897, 0.006, 0.0018, 5.8785e-09, 0, 0, 0.0222, 0.0085, 0.0027, 1, 3.6395e-10, 0, 0.0002, 1, 4.6706e-07, 1, 1, 3.5131e-07, 4.6859e-07, 9.8162e-10, 1, 4.1337e-11, 7.3507e-14, 1.3875e-11, 9.8366e-08, 9.7636e-10, 9.1474e-12, 0.0001, 9.3841e-10, 1, 0.0001, 1, 1, 3.8983e-08, 1, 1, 1, 4.7122e-09, 1.6736e-16, 1.1058e-09, 1, 2.4443e-07, 0.0001, 5.5766e-13, 0, 0.0042, 1.4222e-14, 0.2877, 1, 0, 2.0854e-20, 0.0001, 0.0026, 0.0043, 3.0186e-06, 0, 0.0087, 1.4231e-06, 4.3793e-07, 0, 0, 0.0072, 5.7802e-14, 0.0128, 0.0033, 1.5027e-06, 1, 12, 1.1046e-16, 2, 5.6376e-08]
    ],
    [
      [0, 2, 2, 0, 0.684, 0.006, 1, 0.024, 0.3674, 0.0324, 0.0023, 0, 6, 2, 1.9996, 1.0005, 5, 1, 4, 7, 1, 2, 2, 6, 9, 2, 3, 2, 4, 4, 1.9998, 2, 3, 1, 2, 2, 2, 7, 6, 4, 2, 7, 3.9996, 7, 2, 0.9996, 2, 0, 0.0069, 2, 0.3065, 12, 0, 4, 0.085, 0.6636, 0.046, 6, 0.2229, 0.0212, 1, 5.1133e-08, 0.2536, 2.0665, 0.004, 1, 0.3665, 1.0607, 4.8048e-06, 3.3256e-14, 38, 9, 18, 12],
      [0, 4, 3, 0, 0.0408, 0.8794, 2, 0, 0, 0.0095, 0.0213, 0, 4, 4, 3.0003, 3.9985, 8, 5, 6, 8, 4, 3, 4, 6, 6, 4, 3, 2, 5, 3, 3.0002, 4, 5, 0.9999, 4, 2, 4, 2, 6, 7, 4, 4, 1, 5, 1, 0.0012, 2, 0, 0.9815, 1, 2.3524, 12, 0, 4, 0.4363, 0.0008, 0.0133, 3, 0.1833, 0.963, 3.0003, 1, 0.7335, 0.9064, 0.9859, 3, 0.6967, 0.7941, 2, 3, 37, 7, 16, 2],
      [0.594, 13, 7, 0, 0.2411, 0.0542, 1, 0.0239, 0.7987, 0.0158, 1.0805, 0, 18, 11.0001, 5.9997, 5.0015, 20, 13, 19, 35, 8, 7, 8, 20, 18, 8, 9, 10, 17, 14, 9, 10, 20, 4.9999, 7, 7, 6, 17, 22, 29, 6, 11, 7.0009, 15, 1, 0.0004, 6, 0, 0.0241, 1, 1.9694, 26, 0, 11, 1.0192, 0.0028, 0.1447, 5, 0.1128, 0.0077, 2.9997, 2.3808e-07, 0.3822, 0.6148, 0.0042, 5, 0.9929, 2.1587, 7.3655e-06, 1, 172, 19, 50, 13],
      [1.406, 7, 3, 0, 1.0218, 2.0594, 7, 0.9521, 1.8339, 0.9221, 2.8849, 0, 29, 6.9999, 10, 1.9987, 29, 9, 9, 17, 8, 22, 13, 33, 24, 29, 19, 5, 12, 20, 5, 10, 18, 2, 15, 18, 18, 15, 20, 17, 10, 40, 11.9995, 43, 9, 4.9979, 18, 0, 3.9823, 10, 2.3067, 69, 0, 31, 3.4593, 0.3324, 0.7846, 17, 1.481, 0.0043, 7, 5, 4.6307, 4.4123, 3.0035, 13, 1.8028, 2.9232, 4, 8, 291, 35, 79, 23],
      [0, 1, 9.5594e-07, 0, 0.0123, 0.001, 5.9806e-09, 0, 0, 0.0202, 0.011, 0, 3, 0, 0.0004, 0.0008, 3, 1, 2, 3, 1, 1.5478e-08, 1, 3, 3, 1, 9.2622e-11, 1, 2, 1, 4.6785e-07, 1, 2, 0.0001, 1, 1, 7.1687e-09, 2, 3, 2, 3.7466e-06, 2, 8.9445e-08, 2, 2.5198e-08, 0.0008, 1, 0, 0.0053, 1.2373e-08, 0.0649, 4, 0, 2, 0.0003, 0.0005, 0.0115, 2, 0, 0.0038, 3.8854e-07, 1.6682e-08, 0, 0, 0.0024, 4.001e-11, 0.1411, 0.0633, 2.0954e-06, 8.5846e-13, 24, 1, 7, 2]
    ],
    [
      [0, 11, 7, 0, 0.2913, 0.015, 2, 0, 0.5624, 0.0342, 0.0272, 0, 15, 10.9999, 3.9993, 6.9987, 14, 11, 24, 31, 5, 4, 8, 12, 15, 7, 5, 8, 15, 11, 5.0003, 8, 13, 7.9999, 5, 5, 7, 15, 20, 26, 9, 9, 6.0008, 17, 5.133e-07, 0, 3, 0, 0, 1, 0.3066, 21, 0.4855, 7, 0.0299, 0.3365, 0.0759, 3, 0.3012, 0.0271, 1.0002, 2.7832e-09, 0.0672, 0.96, 0.0025, 4, 0.7215, 2.015, 3.2513e-06, 2, 130, 16, 41, 11],
      [0, 22, 25, 0.2482, 2.7324, 0.0274, 3, 0, 0, 0.0362, 0.0244, 0.1038, 16, 14.0001, 6.9997, 12.9982, 27, 16, 24, 48, 9, 3, 12, 17, 5, 5, 6, 13, 18, 7, 21.9994, 14, 31, 3.9999, 4, 10, 6, 11, 16, 35, 10, 6, 7.0002, 9, 4, 0.9989, 7, 0.0566, 0.9803, 4, 1.5886, 17, 0, 8, 0.4744, 0.9985, 0.0344, 1, 0.5163, 1.0258, 5.9999, 2.8958e-07, 0.2688, 1.0476, 0.9933, 5, 1.3059, 2.4691, 0, 1, 128, 11, 28, 1],
      [1.9471, 85, 67, 1.7563, 1.4673, 1.075, 8, 0, 1.822, 0.0249, 4.9611, 0.8759, 57, 60, 21.0029, 43.0022, 76, 74, 98, 193, 31, 13, 32, 50, 31, 25, 30, 55, 76, 48, 74.0002, 48, 126, 48.0003, 17, 35, 21, 53, 66, 173, 34, 15, 21.0002, 40, 3, 0.0012, 23, 0.2939, 0.0389, 8, 4.3602, 45, 1.5213, 28, 0.5671, 1.331, 0.1571, 4, 0.2029, 4.9397, 12.0003, 2, 2.7448, 0.9668, 0.994, 21, 2.803, 10.8754, 4, 8, 602, 38, 117, 15],
      [3.0529, 48, 29, 3.8027, 6.9758, 2.8752, 35, 0, 3.6155, 0.8964, 11.0825, 5.9779, 91, 41, 35.9978, 19.9994, 108, 53, 51, 96, 33, 43, 54, 81, 38, 81, 60, 27, 53, 67, 41.9997, 46, 117, 18, 30, 83, 54, 48, 64, 101, 54, 54, 36.999, 109, 17, 2.9992, 62, 2.6067, 2.9801, 37, 2.7927, 114, 1.9932, 74, 4.9091, 9.3328, 3.6425, 10, 1.9796, 11.9384, 23.9995, 5, 10.9193, 3.0255, 4.0088, 48, 4.8761, 15.4318, 14, 32, 1016, 69, 178, 25],
      [0, 6, 6, 0.1928, 0.5332, 0.0075, 3, 0, 0, 0.0082, 0.9048, 0.0423, 10, 4, 3.0003, 6.0015, 13, 7, 11, 19, 6, 1, 4, 8, 4, 4, 2, 6, 8, 6, 6.0004, 6, 13, 2.9999, 3, 6, 1, 7, 10, 14, 2, 3, 1.9998, 5, 5.3618e-07, 0.0007, 4, 0.0429, 0.0007, 1, 0.952, 7, 0, 5, 0.0195, 0.0011, 0.0902, 1, 0, 0.0689, 1.0001, 3.4013e-08, 0, 0, 0.0014, 3, 0.2933, 0.2087, 1.9582e-06, 2, 86, 3, 17, 3]
    ],
    [
      [0, 7, 3, 0, 2.7498, 1.8753, 11, 0.8717, 1.8532, 0.8115, 1.8534, 0, 24, 9.0001, 8.0014, 4.0014, 25, 8, 13, 14, 6, 16, 14, 25, 21, 26, 13, 4, 10, 17, 2, 8, 16, 2.0002, 13, 16, 20, 15, 22, 16, 17, 40, 12.9997, 54, 6, 2.9999, 12, 0, 0.0031, 13, 1.0574, 64, 1.2948, 24, 2.5981, 6.001, 0.3603, 14, 1.6807, 1.9665, 3.9999, 2, 3.006, 7.3514, 1.0004, 13, 2.2765, 3.7401, 4, 12, 260, 34, 74, 24],
      [0, 12, 11, 1.9202, 5.9939, 4.0863, 9, 0, 0, 0.8334, 2.8359, 1.7271, 23, 10.9999, 9.9996, 7.0022, 43, 12, 13, 21, 9, 12, 20, 34, 7, 20, 12, 7, 10, 8, 9.9999, 12, 36, 1, 11, 26, 16, 8, 18, 21, 17, 18, 9.9994, 27, 19, 1.9978, 21, 1.7153, 6.0057, 21, 3.9733, 50, 0, 26, 4.5664, 1.9958, 2.7697, 3, 1.7048, 7.9858, 13.9993, 8, 1.9937, 4.1761, 3.9933, 16, 3.2801, 3.2764, 9, 9, 252, 20, 50, 2],
      [3.1705, 54, 35, 7.444, 8.604, 6.6356, 41, 0.8886, 4.66, 1.7872, 14.9873, 5.0428, 98, 49, 38.9953, 26.9945, 133, 60, 54, 93, 37, 51, 56, 108, 41, 93, 68, 35, 52, 72, 41.0002, 51, 156, 16.9998, 39, 102, 55, 55, 73, 112, 59, 71, 41.9991, 120, 23, 5.9943, 79, 4.0876, 13.8576, 51, 6.0594, 139, 2.8144, 98, 7.0622, 10.9846, 5.5908, 16.9999, 2.0985, 14.864, 39, 8, 18.3677, 6.8232, 7.9609, 53, 6.562, 17.448, 14, 31, 1200, 77, 200, 28],
      [8.8295, 30, 15, 35.6642, 35.9358, 79.2904, 175, 42.2398, 14.4867, 59.7521, 51.3291, 79.4863, 151, 36.0001, 68.0046, 13.0018, 188, 43, 30, 45, 40, 175, 96, 172, 53, 305, 142, 16, 35, 97, 23.0001, 48, 146, 7.0001, 79, 244, 150, 50, 75, 64, 97, 235, 72.0017, 344, 126, 81.0074, 215, 55.4254, 92.1574, 267, 12.0744, 354, 5.8908, 265, 103.2042, 69.0205, 82.7746, 46, 14.516, 71.25, 77.0008, 163, 127.6326, 37.6494, 60.0526, 139, 15.6544, 29.3737, 148, 196, 2027, 145, 318, 53],
      [0, 4, 3, 2.9716, 2.7165, 0.1124, 16, 0, 0, 0.8158, 3.9943, 0.7438, 16, 3, 5.999, 3.0002, 23, 5, 6, 9, 7, 5, 7, 16, 6, 16, 6, 3, 5, 8, 2.9998, 6, 16, 1, 9, 18, 5, 7, 11, 9, 4, 12, 4, 18, 4, 3.0006, 14, 0.7717, 2.9762, 7, 2.8355, 22, 0, 18, 0.5691, 4.9981, 2.5046, 5, 0, 3.9336, 4, 7, 0, 0, 1.9929, 10, 1.227, 1.1618, 4, 16, 171, 7, 30, 6]
    ],
    [
      [0, 5, 3, 0, 0.1909, 0.1146, 1, 0, 0.2169, 0.0216, 0.0107, 0, 5, 4, 1, 3.0002, 8, 3, 9, 8, 2, 1, 4, 5, 5, 2, 2, 2, 6, 3, 0.9999, 3, 6, 0.0001, 2, 3, 3, 4, 7, 8, 5, 5, 1.9999, 8, 1, 0.0002, 2, 0, 0.0219, 1, 0.7662, 13, 0.2197, 4, 0.9142, 1.3338, 0.4335, 2, 0.1839, 0.0224, 1.0001, 2.1953e-07, 0.2528, 1.2783, 0.0015, 2, 0.2418, 0.5595, 6.0707e-06, 1, 53, 6, 16, 1],
      [0, 9, 10, 0.1707, 0.6096, 0.0277, 1.1798e-08, 0, 0, 0.0882, 0.014, 0.1239, 5, 5, 2, 4.9993, 14, 5, 9, 12, 3, 1, 6, 7, 2, 1, 2, 4, 7, 2, 6.0004, 4, 14, 0, 2, 5, 2, 2, 5, 10, 5, 2, 1.0002, 4, 4, 0.001, 4, 0.2059, 0.0277, 3, 2.0817, 10, 0, 5, 0.3727, 0.0038, 0.1595, 0, 0.19, 1.0337, 4.0003, 4.4677e-08, 0.0003, 0.4841, 0.0223, 2, 0.4179, 0.3239, 0, 6.968e-11, 52, 4, 11, 1.0532e-06],
      [0.2884, 39, 31, 1.5219, 1.0766, 0.2009, 3, 0, 0.7192, 0.0337, 0.1545, 0.746, 22, 21, 9.0011, 18.002, 44, 26, 37, 53, 13, 4, 17, 24, 10, 9, 12, 20, 32, 15, 21.9996, 17, 61, 4, 6, 19, 9, 15, 23, 56, 17, 9, 8.9996, 17, 4, 0.0022, 14, 0.5109, 1.9893, 7, 3.532, 29, 0.6643, 18, 2.1, 0.6719, 0.2267, 2, 0.1535, 3.0854, 10.0001, 9.9894e-08, 0.1831, 1.2046, 1.0102, 8, 0.9766, 2.2784, 1, 2, 247, 15, 44, 2],
      [0.7116, 23, 16, 4.887, 5.616, 7.6565, 18, 0, 2.0638, 3.7573, 6.9366, 4.1117, 39, 17, 16.9982, 9.9995, 66, 21, 22, 28, 16, 18, 31, 41, 16, 32, 27, 11, 25, 24, 13.0002, 18, 61, 2.9997, 16, 48, 27, 16, 24, 35, 31, 34, 13.9999, 51, 32, 5.9979, 41, 5.1479, 11.9456, 41, 5.5779, 77, 1.116, 50, 12.5099, 13.6601, 5.0134, 8, 1.4725, 17.8545, 24.9994, 7, 6.5638, 8.033, 8.9702, 22, 2.2385, 5.2754, 15, 17, 419, 29, 70, 4],
      [0, 3, 3, 0.4205, 0.5068, 0.0003, 2, 0, 0, 0.0993, 0.8843, 0.0184, 4, 1, 2.0007, 3.999, 7, 3, 4, 6, 2, 1.8047e-07, 2, 4, 2, 1, 2, 2, 4, 2, 2.9999, 2, 6, 0.0001, 1, 3, 1, 3, 4, 5, 1, 2, 0.0003, 3, 1, 0.9987, 3, 0.1352, 0.0154, 1, 2.0422, 5, 0, 5, 0.1031, 1.3304, 0.1668, 1, 0, 1.0041, 1.0001, 1, 0, 0, 0.9958, 3, 0.1252, 0.5628, 1, 3, 35, 2, 7, 1]
    ],
    [
      [0, 1, 9.7712e-07, 0, 0.3241, 0.0166, 1.1733e-08, 0.0517, 0, 0.0035, 0.0051, 0, 1, 0.0001, 8.214e-06, 0.0002, 2, 1, 2, 3, 4.3813e-08, 4.7589e-07, 1, 2, 2, 2.2306e-13, 2.5134e-11, 4.2306e-07, 1, 2.4351e-12, 0.0001, 1.695e-10, 1, 1, 5.6095e-08, 3.4023e-14, 7.0176e-09, 2, 3, 2, 3.7608e-06, 1, 0.0001, 2, 7.3181e-07, 0.0012, 4.8951e-14, 0, 0.0001, 2.4746e-08, 0.0128, 2, 0, 1, 0.0247, 0.0007, 0.0004, 2, 0.3144, 0.0059, 1.2721e-06, 2.2728e-07, 0.0009, 0.5117, 0.0056, 1, 0.0516, 0, 2.6284e-07, 1.4897e-11, 15, 2, 8, 3],
      [0, 2, 2, 0.3882, 0.5116, 0.0156, 3.4607e-12, 0, 0, 0.0056, 0.0189, 0.0372, 1, 1, 2.5566e-07, 0.0014, 3, 1, 2, 4, 1, 1.5709e-07, 2, 3, 1, 2.1352e-13, 4.7994e-11, 1, 1, 3.2313e-12, 1.0002, 1.4594e-10, 2, 0, 2.2079e-09, 1, 1.6897e-10, 1, 2, 2, 2.6049e-09, 2.2037e-17, 0.0001, 1, 1, 0, 1, 0.0222, 0.0351, 3.7118e-08, 0.2826, 1, 0, 1, 0.1234, 0.0005, 0.0096, 4.106e-06, 0.3306, 0.0093, 0.0001, 8.1222e-08, 0.0035, 0.3513, 0.0111, 1, 0.1756, 0, 3.0332e-06, 4.8591e-11, 14, 1, 5, 5.579e-07],
      [0, 9, 8, 0.505, 0.4906, 0.0164, 1, 0.0704, 0, 0.0351, 0.0277, 0.2225, 7, 4, 2.0004, 0.9993, 11, 6, 9, 21, 5, 1, 7, 10, 5, 2, 1, 6, 7, 3, 6, 3, 10, 7.0002, 2, 3, 1, 8, 9, 13, 3, 2, 2.0002, 4, 1, 0.0001, 4, 0.1076, 0.0425, 2, 0.0568, 4, 0, 5, 0.1725, 0.0083, 0.0352, 2, 0.305, 0.0178, 1.9998, 4.4034e-07, 0.7802, 0.3079, 0.0056, 3, 0.2177, 0, 6.5641e-06, 2, 68, 5, 22, 4],
      [0, 5, 3, 2.7815, 3.4485, 3.0744, 6, 2.8779, 0, 0.9216, 3.7511, 3.5476, 11, 3, 3, 0.0008, 15, 5, 5, 10, 6, 6, 12, 16, 6, 9, 4, 4, 5, 5, 2.9999, 4, 9, 2.9999, 5, 10, 4, 7, 9, 7, 6, 6, 4.9997, 13, 7, 1.9997, 12, 0.82, 6.9241, 12, 0.8301, 12, 0, 14, 1.3715, 6.3231, 0.7322, 6, 3.05, 0.9861, 4.0003, 5, 8.2153, 2.8291, 2.9774, 10, 0.3545, 0, 6, 12, 116, 11, 35, 7],
      [0, 2, 3, 1.3254, 2.2251, 0.877, 3, 0, 0, 0.0343, 0.1971, 0.1927, 3, 2.9999, 1.9996, 1.9983, 4, 2, 2, 4, 3, 3, 3, 3, 3, 3, 2, 2, 3, 3, 1.9998, 2, 3, 1.9999, 3, 2, 2, 3, 4, 3, 2, 2, 1.9998, 2, 2, 0.999, 3, 0.0503, 0.9982, 1, 1.8177, 3, 0, 2, 0.3079, 1.6673, 0.2227, 2, 0, 0.9808, 2.9998, 1, 0, 0, 1.0003, 2, 0.2006, 0, 2, 3, 12, 3, 6, 2]
    ]
  ],
  "V_est": [
    [188.0534, 74.5489, 337.4816, 623.4536, 28.4625],
    [233.2185, 249.9988, 761.2439, 1221.1993, 85.3395],
    [626.2582, 731.9283, 2919.733, 3848.7101, 354.3704],
    [1137.3535, 1128.8314, 4529.784, 9362.7066, 658.3244],
    [248.7849, 278.3587, 1169.3327, 1913.1142, 173.4096],
    [63.3316, 62.3339, 326.4247, 556.8162, 152.0936]
  ],
  "p_est": [
    [0.1502, 0.0595, 0.2696, 0.498, 0.0227],
    [0.0914, 0.098, 0.2984, 0.4787, 0.0335],
    [0.0738, 0.0863, 0.3443, 0.4538, 0.0418],
    [0.0676, 0.0671, 0.2694, 0.5567, 0.0391],
    [0.0658, 0.0736, 0.3091, 0.5057, 0.0458],
    [0.0546, 0.0537, 0.2812, 0.4796, 0.131]
  ],
  "EI_Z": {},
  "EI_V": 40.1709,
  "MAE_Z": {},
  "MAE_V": 911.7457,
  "MAE_p": 0.1525,
  "runtime": 0.5852
}
