{
  "Z_true": {},
  "V_true": [
    [9, 555, 42, 1244, 82],
    [133, 864, 134, 16851, 694],
    [348, 135, 7769, 1113, 418],
    [107, 66, 526, 600, 378],
    [503, 21, 272, 324, 49],
    [105, 57, 253, 837, 702]
  ],
  "p_true": [
    [0.0047, 0.2873, 0.0217, 0.6439, 0.0424],
    [0.0071, 0.0463, 0.0072, 0.9023, 0.0372],
    [0.0356, 0.0138, 0.7941, 0.1138, 0.0427],
    [0.0638, 0.0394, 0.3137, 0.3578, 0.2254],
    [0.4303, 0.018, 0.2327, 0.2772, 0.0419],
    [0.0537, 0.0292, 0.1295, 0.4284, 0.3593]
  ],
  "Z_est": [
    [
      [0.0126, 6.8576, 0.012, 0.0237, 0.029, 0.0095, 0.0263, 0.036, 0.0281, 1.511, 0.0151, 0.0082, 0.0038, 0.03, 0.0048, 0, 0.6344, 0.0357, 0.1159, 3.474, 0.0013, 0.0056, 0, 0.0145, 0.0019, 0.0074, 0.0621, 0.0086, 0.0254, 0.0483, 0.0323, 0, 0.5652, 0.0588, 0.0449, 0.0021, 1.6603, 0.004, 0, 0, 0.0141, 0.0123, 0.0333, 0.012, 0.0061, 0.0739, 0.0129, 0.13, 0],
      [21.4485, 16.9584, 13.2049, 25.3129, 16.6308, 12.2578, 28.1525, 22.6185, 17.9001, 38.9898, 14.8461, 10.7122, 9.4294, 30.1021, 6.2296, 3.1863, 4, 25.5222, 12.9406, 22.9153, 9.8463, 9.8333, 12.1, 15.6021, 13.2641, 13.6413, 125.5852, 31.9058, 16.3587, 47.9548, 36.9751, 59.6898, 1, 47.5886, 34.8704, 14.0491, 5.9952, 15.8746, 175.8679, 52.1236, 11.8664, 13.1088, 13.4588, 12.7706, 4.3402, 70.8158, 7.9531, 132.1249, 29.172],
      [0.0656, 0.281, 0.0598, 0.0878, 0.1381, 0.0631, 0.1452, 0.2463, 0.1056, 0.4188, 0.1201, 0.0832, 0.0444, 0.1374, 0.0036, 0, 0, 0.0936, 0.107, 0.2524, 0.107, 0.0439, 0, 0.0511, 0.0527, 0.1288, 0.3861, 0.1375, 0.1481, 0.0307, 0.1043, 0, 0.1308, 0.242, 0.2472, 0.1012, 1.2722, 0.1064, 0.5471, 0, 0.1284, 0.0394, 0.0716, 0.0583, 0.0416, 0.7104, 0.0472, 0.255, 0],
      [7.3126, 20.5062, 6.6126, 7.401, 9.0595, 5.531, 10.3978, 7.8618, 5.8105, 20.6768, 6.8703, 5.0754, 2.4489, 10.475, 0.7527, 0.7948, 5.2147, 8.2086, 5.733, 14.0496, 2.9865, 3.9828, 2.81, 4.2486, 5.5493, 3.0977, 39.2254, 7.7657, 6.3467, 16.522, 12.5766, 23.7561, 1.2538, 17.7035, 12.6196, 5.7082, 6.8771, 3.9285, 60.2037, 14.6554, 3.9034, 4.7096, 5.3284, 3.0827, 2.5269, 31.8347, 3.8899, 32.3638, 7.749],
      [0.1607, 0.3968, 0.1108, 0.1747, 0.1426, 0.1387, 0.2781, 0.2375, 0.1557, 0.4035, 0.1484, 0.1209, 0.0734, 0.2554, 0.0094, 0.0189, 0.1508, 0.1399, 0.1035, 0.3086, 0.0589, 0.1345, 0.09, 0.0838, 0.132, 0.1248, 0.7411, 0.1824, 0.1212, 0.4442, 0.3117, 0.554, 0.0501, 0.4071, 0.2178, 0.1395, 0.1952, 0.0865, 1.3813, 0.221, 0.0877, 0.1299, 0.108, 0.0764, 0.0853, 0.5651, 0.0968, 1.1263, 0.079]
    ],
    [
      [2.7389, 0.5838, 1.9586, 4.6614, 6.2744, 1.3134, 4.5361, 3.2127, 6.7831, 4.3719, 3.1628, 1.2726, 0.786, 6.3221, 1.143, 0, 0, 4.5557, 0.6152, 2.6578, 0.209, 0.6886, 0, 2.6099, 0.2689, 0.673, 6.4577, 1.7546, 2.2328, 4.1235, 3.0717, 1.7623, 0.0201, 11.2959, 7.6048, 0.5214, 0, 0.8263, 2.5606, 0, 1.6287, 1.8068, 4.6954, 2.5456, 2.2297, 9.2495, 0.1583, 13.188, 0.0664],
      [9.8905, 0, 1.6395, 10.2157, 0.1197, 0.5985, 6.3933, 1.2132, 5.5612, 0, 0.9011, 0.1697, 3.5017, 9.6806, 4.9804, 0.1717, 0, 6.6718, 0, 0, 1.9501, 1.0438, 4.5067, 6.8586, 0.6068, 2.0915, 29.0477, 16.1139, 0.5035, 7.8746, 6.3927, 3.9207, 0, 12.5252, 7.6216, 0.8456, 0, 6.861, 18.8083, 13.0151, 0.9883, 2.608, 1.3775, 6.6083, 0.5579, 0.5963, 0, 46.516, 6.0079],
      [1.8069, 11.2309, 0.9716, 7.5917, 13.9777, 3.1508, 13.1018, 13.1463, 15.3418, 31.3898, 13.3007, 7.3811, 5.8406, 13.1206, 0.739, 0, 0, 6.1453, 5.1167, 10.4388, 9.8395, 2.0948, 0, 4.6409, 2.035, 5.2225, 18.9555, 14.3641, 7.0862, 0.1597, 4.6936, 0, 1.2128, 22.8065, 27.888, 6.8507, 1.2294, 13.9666, 18.2967, 0, 7.9964, 1.0892, 5.1013, 7.6699, 9.5502, 46.3932, 2.4213, 16.4225, 0.3897],
      [589.2317, 434.0836, 389.1717, 430.191, 421.6724, 220.6153, 538.3373, 197.3847, 363.2136, 630.735, 319.4524, 209.8171, 153.9114, 643.0797, 37.2993, 24.5, 9.2132, 322.1568, 134.3576, 278.052, 115.1572, 184.8961, 136.2499, 228.3803, 156.2347, 77.5301, 996.0913, 406.7851, 148.3469, 427.4533, 350.8615, 366.6768, 35.8878, 975.0809, 594.5598, 185.3251, 81.6013, 220.7159, 863.1266, 239.1574, 112.5579, 209.2862, 209.5136, 192.331, 247.1782, 888.5809, 157.5889, 1047.3593, 95.6123],
      [52.332, 34.1017, 26.2587, 41.3402, 26.9559, 22.3219, 58.6314, 25.0431, 40.1003, 50.5033, 28.1829, 20.3595, 18.9603, 63.7971, 2.8383, 2.3283, 0.7868, 22.4705, 9.9105, 24.8514, 9.8442, 25.2767, 17.2434, 18.5103, 14.8547, 13.4829, 78.4479, 39.9824, 11.8306, 45.3889, 34.9804, 32.6402, 5.8793, 91.2915, 42.3258, 18.4572, 9.1692, 20.6303, 81.2078, 15.8275, 10.8287, 23.2099, 17.3122, 19.8453, 34.484, 65.1801, 15.8315, 149.5142, 4.9237]
    ],
    [
      [4.0376, 7.2994, 2.7232, 11.8293, 15.724, 2.7524, 6.0436, 6.1612, 17.608, 12.3154, 8.5507, 3.002, 5.1797, 26.0777, 2.614, 0, 0.205, 10.0214, 1.9393, 8.8138, 0.8078, 1.7246, 3.68, 2.7262, 0.7228, 4.6828, 14.6583, 4.6951, 4.7231, 13.0456, 6.4825, 12.7395, 0, 33.4234, 23.9325, 1.6631, 0.9273, 3.2925, 13.3893, 6.4323, 4.9772, 4.4874, 4.7594, 2.5237, 3.9107, 18.1997, 0.2105, 32.8051, 1.982],
      [0.115, 0, 0, 0.8796, 0, 0, 0.0336, 0, 0.123, 0, 0, 0, 0.847, 0.577, 0.6818, 0.6015, 0, 0.5216, 0, 0, 0.0474, 0, 2.1569, 0.1593, 0, 1.0118, 1.8151, 1.0841, 0, 0.6721, 0.2536, 0.0055, 0, 0.0871, 0, 0, 0, 0.894, 2.2887, 1.5191, 0, 0.0233, 0, 0.1838, 0, 0, 0, 6.7138, 1.5946],
      [84.7847, 112.8765, 56.3657, 201.1709, 294.9978, 71.9653, 124.415, 125.6236, 262.1867, 583.4979, 232.9845, 92.2358, 167.9161, 483.5697, 15.1174, 9.5622, 10.9537, 145.4314, 78.4946, 173.0602, 54.8385, 44.6027, 38.0523, 44.2216, 40.4899, 132.5771, 324.9958, 143.9124, 93.018, 213.5686, 118.4817, 166.6505, 75.4446, 551.7075, 436.9191, 105.9658, 55.3499, 133.598, 475.5633, 69.293, 114.4946, 80.0819, 53.7194, 44.396, 97.9837, 506.6075, 51.3238, 520.8911, 54.5084],
      [14.764, 17.4469, 10.2277, 29.3286, 41.7751, 11.1519, 17.5997, 12.5768, 30.6752, 69.9318, 29.9142, 12.5499, 19.6338, 71.6521, 1.4832, 1.6847, 3.5072, 21.5691, 10.8065, 23.959, 4.9384, 6.746, 7.1957, 6.3837, 6.2035, 8.1664, 46.9559, 17.6267, 11.4043, 35.8587, 17.9969, 30.8326, 9.7003, 80.2848, 51.7073, 13.9953, 8.6748, 13.0927, 67.5661, 11.9901, 9.7215, 12.9541, 7.8751, 5.3513, 12.3397, 61.8879, 7.6982, 68.6177, 7.5679],
      [1.2986, 1.3772, 0.6833, 2.7916, 2.5031, 1.1305, 1.9081, 1.6384, 3.4072, 5.255, 2.5506, 1.2122, 2.4234, 7.1235, 0.1035, 0.1516, 0.3341, 1.4564, 0.7595, 2.1671, 0.3679, 0.9267, 0.9151, 0.5092, 0.5838, 1.5619, 3.5749, 1.6817, 0.8546, 3.855, 1.7853, 2.7719, 1.855, 7.4972, 3.4411, 1.3759, 1.0481, 1.1229, 6.1926, 0.7654, 0.8067, 1.4534, 0.646, 0.5452, 1.7659, 4.3049, 0.7674, 9.9724, 0.3472]
    ],
    [
      [2.7044, 3.3289, 1.1539, 3.2648, 4.1202, 1.2824, 2.73, 1.8226, 3.5505, 3.702, 2.6461, 1.1307, 0.7929, 4.1558, 0.8656, 8.8818e-16, 0.1085, 1.8933, 0.6734, 1.8098, 0.4543, 0.7382, 0.9919, 2.1058, 0.5731, 1.1584, 7.2993, 2.1211, 1.822, 3.0651, 2.2328, 3.9366, 0.1061, 7.2655, 3.8925, 0.4068, 0.3266, 0.9214, 3.4856, 1.3333, 1.4433, 1.5574, 2.6699, 2.0002, 1.2343, 5.727, 0.1151, 7.0423, 0.2946],
      [0.32, 0.0416, 0.0858, 0.3269, 0.1811, 0.095, 0.2314, 0.1162, 0.2436, 0, 0.1772, 0.0794, 0.1323, 0.359, 0.0743, 0.0343, 0, 0.1477, 0.0594, 0.0672, 0.109, 0.0646, 0.1469, 0.2239, 0.0922, 0.1696, 0.9719, 0.4332, 0.1045, 0.2702, 0.2057, 0.2738, 0, 0.5165, 0.2883, 0.0661, 0.0048, 0.1973, 0.5936, 0.1709, 0.108, 0.1261, 0.1093, 0.227, 0.0597, 0.3955, 0.0438, 0.8446, 0.0526],
      [0.2939, 0.3049, 0.1329, 0.3263, 0.4958, 0.1737, 0.3489, 0.2949, 0.3983, 0.8828, 0.4716, 0.2062, 0.1666, 0.4704, 0.0272, 0.0065, 0.0019, 0.1715, 0.1439, 0.2122, 0.2583, 0.1009, 0.0425, 0.2016, 0.1511, 0.3092, 0.9406, 0.4208, 0.2623, 0.2396, 0.2299, 0.2161, 0.0582, 0.7516, 0.5105, 0.1343, 0.0572, 0.2703, 0.7173, 0.1009, 0.2903, 0.1355, 0.1876, 0.242, 0.2005, 1.0539, 0.0946, 0.645, 0.0427],
      [32.0169, 23.802, 13.7974, 26.7924, 34.6447, 15.432, 26.1128, 13.7567, 24.0882, 50.4282, 28.5976, 13.7056, 10.3116, 37.0953, 2.1342, 2.5787, 1.2808, 13.7759, 9.4557, 14.3218, 10.3809, 8.9028, 8.3764, 16.4692, 14.1825, 10.6603, 77.0635, 27.1062, 14.6584, 26.2026, 20.0415, 33.3989, 3.6699, 57.7009, 31.587, 8.8239, 4.1926, 13.8045, 55.2806, 11.4034, 12.0273, 14.1541, 14.7327, 14.6488, 12.5688, 60.6431, 7.7188, 51.1704, 3.6095],
      [14.6647, 9.5226, 4.83, 13.2896, 11.5582, 8.0169, 14.5769, 9.0096, 13.7194, 20.9871, 13.1076, 6.8781, 6.5966, 18.9195, 0.8987, 1.3805, 0.6087, 5.0115, 3.6676, 6.589, 4.7975, 6.1935, 5.4423, 6.9995, 7.001, 9.7026, 31.7247, 13.9186, 6.1528, 14.2226, 10.2901, 15.1745, 3.1658, 27.7655, 11.7216, 4.5689, 2.4187, 6.8065, 26.9229, 3.9915, 6.1311, 8.027, 6.3005, 7.882, 8.9367, 23.1806, 4.0276, 37.2976, 1.0006]
    ],
    [
      [8.6967, 10.1498, 4.0177, 13.9596, 18.9238, 3.8063, 9.3383, 6.9344, 26.8966, 19.4078, 9.4038, 8.4499, 3.7689, 35.7909, 0, 1.4572e-16, 0, 12.0551, 6.1066, 19.7545, 1.3459, 6.0068, 3.8481, 6.3061, 1.1769, 3.96, 19.8412, 8.7033, 5.5971, 17.5474, 5.3792, 8.9978, 1.2609, 23.0997, 25.7757, 3.1817, 0.7424, 4.2905, 15.3856, 9.535, 7.4911, 12.5147, 6.295, 4.3541, 2.4032, 29.908, 0.4029, 33.7482, 5.3402],
      [0.0243, 0, 0.0059, 0.04, 0.0031, 0.0048, 0.0172, 0.0062, 0.0405, 0.0102, 0.009, 0.0001, 0.0157, 0.0743, 0, 0.0023, 0, 0.0277, 0, 0, 0.0071, 0.0066, 0.0186, 0.0199, 0.004, 0.0156, 0.0758, 0.055, 0.0034, 0.0434, 0.0118, 0.0132, 0, 0.0365, 0.0394, 0.0083, 0, 0.0256, 0.0704, 0.0711, 0.0072, 0.0201, 0.0039, 0.0136, 0.0024, 0.0127, 0.0031, 0.1514, 0.0868],
      [5.049, 4.071, 2.248, 6.7211, 9.4761, 2.5487, 5.3629, 3.7572, 12.0692, 18.6652, 6.4311, 6.3437, 3.2194, 19.0022, 0, 0.396, 0, 4.9944, 5.2077, 9.6003, 2.2798, 4.058, 1.5407, 2.7992, 1.5779, 2.9419, 12.2974, 7.2697, 2.8573, 8.1326, 2.7278, 3.879, 2.9344, 10.937, 13.5349, 4.324, 0.526, 4.5632, 14.7835, 4.0376, 4.5323, 6.183, 1.9633, 2.0906, 1.5828, 20.7717, 1.5087, 15.3521, 3.6333],
      [7.6192, 5.4009, 3.5138, 8.5395, 11.9056, 3.3377, 6.634, 3.8632, 13.6395, 21.3663, 7.5531, 7.547, 3.597, 23.9902, 0, 0.553, 0, 6.5109, 6.2661, 11.7049, 2.1933, 5.2863, 2.3296, 3.6086, 2.064, 2.6662, 15.6595, 8.2361, 3.3027, 11.2096, 3.5619, 5.6588, 3.3176, 13.7669, 15.6399, 5.0337, 0.6655, 4.7182, 18.2095, 5.9933, 4.5706, 8.4435, 2.5482, 2.325, 1.79, 23.7265, 1.9122, 18.4002, 4.7174],
      [0.6108, 0.3783, 0.2147, 0.7398, 0.6914, 0.3025, 0.6476, 0.439, 1.3542, 1.5505, 0.6029, 0.6593, 0.399, 2.1423, 0, 0.0487, 0, 0.412, 0.4196, 0.9403, 0.1739, 0.6423, 0.263, 0.2662, 0.1773, 0.4163, 1.1261, 0.7359, 0.2395, 1.0669, 0.3193, 0.4512, 0.4872, 1.1598, 1.0101, 0.4523, 0.0661, 0.4026, 1.551, 0.363, 0.3989, 0.8388, 0.1895, 0.2168, 0.2216, 1.581, 0.1731, 2.3482, 0.2223]
    ],
    [
      [1.8098, 2.7805, 1.1347, 2.2612, 1.9286, 0.836, 2.3256, 0.8332, 2.1337, 2.6919, 1.2215, 1.1365, 0.4687, 2.6234, 0.3726, 5.8113e-17, 0.0521, 1.4388, 0.5495, 1.4901, 0.1817, 0.8363, 0.48, 1.2375, 0.2565, 0.5185, 3.6812, 1.7173, 0.5997, 2.1701, 1.8015, 1.5638, 0.0477, 3.8567, 2.7495, 0.2249, 0.3434, 0.6653, 2.179, 0.6994, 0.4456, 1.6215, 1.5471, 1.5644, 1.2161, 3.8419, 0.1001, 5.0864, 0.3169],
      [0.2017, 0, 0.0639, 0.2248, 0.0653, 0.044, 0.172, 0.046, 0.1316, 0, 0.0666, 0.0386, 0.0739, 0.207, 0.0339, 0.0039, 0, 0.109, 0, 0.0174, 0.04, 0.0517, 0.0709, 0.1362, 0.0329, 0.0702, 0.5044, 0.408, 0.0299, 0.185, 0.1611, 0.0968, 0, 0.2461, 0.1802, 0.031, 0, 0.1476, 0.3712, 0.1002, 0.0301, 0.1138, 0.0505, 0.1967, 0.0398, 0.1796, 0, 0.6494, 0.0862],
      [1.9999, 2.2357, 1.222, 2.1023, 1.9145, 1.0984, 2.6261, 0.9317, 1.8984, 5.1455, 1.6919, 1.75, 0.8129, 2.6996, 0.1128, 0.0353, 0.0443, 1.1638, 0.9301, 1.4361, 0.677, 1.0996, 0.3645, 1.0855, 0.6934, 0.8206, 4.4246, 2.8954, 0.6281, 1.8687, 1.7626, 1.2544, 0.2191, 3.5554, 2.9003, 0.6241, 0.5652, 1.4955, 4.0921, 0.5684, 0.5579, 1.471, 0.9568, 1.5433, 1.6411, 5.4633, 0.6044, 4.4342, 0.4259],
      [53.0555, 49.7605, 33.6769, 45.7475, 39.9427, 24.9321, 54.9184, 15.5567, 35.5731, 93.862, 32.6124, 34.305, 15.0972, 57.7079, 2.3306, 0.8889, 1.784, 25.7787, 18.3811, 28.9127, 10.3438, 25.186, 10.0384, 23.9097, 15.7659, 11.8792, 96.0043, 54.4803, 11.9409, 45.7538, 39.9616, 32.6768, 4.1706, 75.4631, 54.8864, 12.1138, 11.9887, 24.7403, 85.6135, 14.8004, 9.2193, 36.4526, 21.002, 28.2612, 30.5964, 100.3268, 13.1919, 91.0886, 9.7438],
      [3.9332, 3.2233, 1.9026, 3.6642, 2.1488, 2.0895, 4.9579, 1.6324, 3.2632, 6.3006, 2.4075, 2.7699, 1.5473, 4.7621, 0.1501, 0.072, 0.1196, 1.5097, 1.1393, 2.1436, 0.7575, 2.8264, 1.0462, 1.6311, 1.2513, 1.7115, 6.3854, 4.4991, 0.8014, 4.0224, 3.3132, 2.4082, 0.5626, 5.8788, 3.2836, 1.0062, 1.1027, 1.9513, 6.7443, 0.8316, 0.747, 3.3411, 1.4437, 2.4343, 3.5066, 6.1883, 1.1035, 10.7413, 0.4272]
    ]
  ],
  "V_est": [
    [15.7053, 1389.0944, 7.642, 507.9983, 11.56],
    [139.1989, 267.5559, 432.1685, 16296.602, 1540.4746],
    [380.502, 24.8902, 8170.4665, 1103.5711, 103.5703],
    [108.0562, 9.642, 14.3963, 1039.3079, 505.5976],
    [491.8991, 1.1082, 290.7831, 355.0968, 30.1129],
    [69.6386, 5.7093, 80.5436, 1666.4239, 131.6847]
  ],
  "p_est": [
    [0.0081, 0.719, 0.004, 0.2629, 0.006],
    [0.0075, 0.0143, 0.0231, 0.8726, 0.0825],
    [0.0389, 0.0025, 0.8352, 0.1128, 0.0106],
    [0.0644, 0.0057, 0.0086, 0.6197, 0.3015],
    [0.4208, 0.0009, 0.2487, 0.3038, 0.0258],
    [0.0356, 0.0029, 0.0412, 0.8528, 0.0674]
  ],
  "EI_Z": {},
  "EI_V": 11.0053,
  "MAE_Z": {},
  "MAE_V": 258.1917,
  "MAE_p": 0.0898,
  "runtime": 0.002
}
