{
  "X": [
    [20, 32, 94, 704, 73],
    [31, 17, 131, 551, 49],
    [11, 15, 61, 457, 34],
    [36, 37, 218, 548, 62],
    [47, 17, 321, 559, 44],
    [10, 13, 79, 281, 34],
    [25, 35, 146, 654, 81],
    [19, 24, 144, 251, 38],
    [57, 24, 292, 473, 62],
    [44, 39, 640, 887, 85],
    [25, 16, 255, 425, 47],
    [15, 11, 108, 283, 32],
    [11, 14, 178, 205, 30],
    [75, 41, 519, 844, 97],
    [5, 12, 16, 44, 4],
    [0, 4, 10, 31, 4],
    [1, 4, 11, 21, 2],
    [30, 33, 158, 398, 31],
    [10, 13, 90, 185, 16],
    [38, 23, 195, 371, 37],
    [3, 12, 68, 146, 16],
    [10, 11, 52, 235, 36],
    [9, 19, 40, 167, 25],
    [15, 23, 53, 283, 28],
    [3, 14, 45, 200, 24],
    [11, 17, 142, 114, 27],
    [52, 158, 362, 1271, 122],
    [19, 50, 169, 522, 61],
    [15, 17, 104, 196, 20],
    [40, 57, 224, 563, 69],
    [19, 44, 128, 445, 51],
    [29, 64, 172, 493, 54],
    [2, 1, 80, 58, 12],
    [79, 61, 590, 1220, 134],
    [64, 43, 482, 761, 62],
    [6, 15, 118, 231, 26],
    [4, 6, 59, 114, 14],
    [10, 24, 154, 281, 31],
    [37, 198, 514, 1150, 124],
    [18, 67, 74, 298, 22],
    [16, 13, 128, 152, 19],
    [22, 16, 89, 286, 37],
    [20, 15, 62, 261, 26],
    [13, 20, 56, 246, 31],
    [11, 5, 111, 307, 49],
    [67, 72, 581, 1167, 101],
    [1, 8, 56, 192, 22],
    [92, 187, 558, 1309, 211],
    [8, 37, 59, 129, 7]
  ],
  "W": [
    [29, 656, 105, 50, 22, 61],
    [45, 480, 139, 37, 20, 58],
    [20, 420, 70, 20, 10, 38],
    [33, 494, 246, 44, 30, 54],
    [26, 469, 355, 51, 41, 46],
    [18, 248, 87, 25, 10, 29],
    [39, 621, 150, 44, 22, 65],
    [31, 240, 146, 25, 15, 19],
    [24, 431, 314, 42, 54, 43],
    [62, 717, 671, 76, 61, 108],
    [22, 365, 274, 45, 24, 38],
    [16, 239, 109, 22, 23, 40],
    [12, 183, 196, 18, 11, 18],
    [41, 736, 589, 61, 81, 68],
    [7, 47, 20, 4, 0, 3],
    [4, 27, 12, 4, 1, 1],
    [10, 10, 15, 2, 0, 2],
    [34, 362, 179, 21, 24, 30],
    [19, 150, 92, 14, 18, 21],
    [41, 316, 208, 23, 42, 34],
    [13, 137, 61, 16, 6, 12],
    [14, 214, 54, 16, 16, 30],
    [15, 158, 52, 15, 8, 12],
    [20, 261, 54, 26, 13, 28],
    [19, 174, 48, 22, 5, 18],
    [17, 99, 148, 22, 10, 15],
    [166, 1129, 392, 118, 49, 111],
    [40, 479, 169, 44, 25, 64],
    [23, 170, 110, 23, 12, 14],
    [65, 485, 267, 44, 38, 54],
    [50, 400, 145, 33, 12, 47],
    [84, 405, 213, 53, 19, 38],
    [3, 43, 87, 7, 8, 5],
    [66, 1113, 673, 94, 49, 89],
    [48, 680, 516, 48, 56, 64],
    [20, 212, 123, 14, 13, 14],
    [16, 92, 66, 7, 2, 14],
    [20, 263, 152, 22, 14, 29],
    [238, 984, 565, 87, 50, 99],
    [67, 268, 90, 17, 20, 17],
    [16, 134, 130, 20, 17, 11],
    [18, 238, 99, 24, 28, 43],
    [19, 238, 67, 24, 11, 25],
    [16, 229, 53, 25, 9, 34],
    [7, 294, 116, 23, 6, 37],
    [104, 1010, 591, 91, 76, 116],
    [12, 176, 60, 12, 4, 15],
    [166, 1273, 639, 97, 70, 112],
    [37, 107, 66, 5, 14, 11]
  ],
  "method": "mult",
  "cond_prob": [
    [
      [0.00030230790481, 0.74241491927, 0.0048071542713, 0.24746592561, 0.0050096929347],
      [0.010470167378, 0.014592820673, 0, 0.89116802479, 0.083768987162],
      [0.035508311387, 0.0011681645136, 0.79815520134, 0.14206582377, 0.023102498993],
      [0.013724162504, 0.012469060676, 0.054792006921, 0.74386144059, 0.17515332931],
      [0.38404451603, 0.001440216287, 0.26876168399, 0.32980597856, 0.015947605135],
      [0.0042498868389, 0.0019554412018, 0.022982606418, 0.86641883352, 0.10439323202]
    ],
    [
      [0.15670674276, 0.37483711679, 0.011504499085, 0.44907599983, 0.0078756415282],
      [0.013165587719, 0, 0.019177675792, 0.89459967553, 0.073057060963],
      [0.044939041973, 0, 0.80986283429, 0.12727103416, 0.017927089571],
      [0.02449242053, 0.0035764795778, 0.064805013571, 0.75479706105, 0.15232902527],
      [0.50450337624, 0, 0.23353615509, 0.25150184924, 0.010458619426],
      [0.0066534577932, 0, 0.028233975691, 0.87475058212, 0.090361984394]
    ],
    [
      [0.00041084965973, 0.66371096386, 0.0062948183235, 0.32473457852, 0.0048487896344],
      [0.010697930321, 0.0036141858413, 0, 0.921832631, 0.063855252843],
      [0.033076192648, 0, 0.80221552256, 0.14713790353, 0.017570381265],
      [0.013605937139, 0.008512166416, 0.056778784139, 0.78492632776, 0.13617678454],
      [0.37541184356, 0.000835488447, 0.27069241871, 0.34092747273, 0.012132776563],
      [0.0041337265388, 0.00076906465016, 0.023066241704, 0.8928460232, 0.079184943904]
    ],
    [
      [0.0005872772199, 0.76903783969, 0.0053997674552, 0.22028606284, 0.004689052801],
      [0.020552390616, 0.020031853583, 0.012027182834, 0.86140586398, 0.085982708985],
      [0.042604066348, 0.0036683892879, 0.81270119964, 0.12024824626, 0.020778098457],
      [0.020772617658, 0.014371698114, 0.064047289056, 0.72017913127, 0.1806292639],
      [0.46883504535, 0.0016126832151, 0.25414819274, 0.26195660456, 0.013447474136],
      [0.0068165190474, 0.0026454933729, 0.02802514335, 0.85311878937, 0.10939405486]
    ],
    [
      [0.00096665423985, 0.6417926318, 0.0095384587301, 0.34275267702, 0.0049495782097],
      [0.025344938084, 0, 0.024989335776, 0.88934791593, 0.060317810206],
      [0.040302546607, 0, 0.82662899944, 0.11899077543, 0.014077678526],
      [0.024172702627, 0.005441777165, 0.070138557127, 0.76943522397, 0.13081173911],
      [0.46871073527, 0.000209954701, 0.25839779415, 0.26351224719, 0.009169268691],
      [0.0071899783185, 0.0005924520667, 0.030594148242, 0.88472465197, 0.0768987694]
    ],
    [
      [0.00041123558324, 0.68347972449, 0.0071315617299, 0.30198472613, 0.00699275207],
      [0.01303132314, 0.0019015422034, 0.0095179963068, 0.88106510428, 0.094484034067],
      [0.027826055545, 0, 0.81954139847, 0.12892831168, 0.023704234303],
      [0.01412200683, 0.0081747240792, 0.061781784711, 0.72260280781, 0.19331867657],
      [0.38576228938, 0.00067800766734, 0.28921431751, 0.30746072153, 0.016884663922],
      [0.0044582663374, 0.00050463152148, 0.026702736027, 0.851851329, 0.11648303712]
    ],
    [
      [0.00049311809331, 0.7242373991, 0.007069445432, 0.26188520815, 0.0063148292233],
      [0.015628182045, 0.009858677206, 0.017840788482, 0.85968533123, 0.096987021039],
      [0.033749882603, 0.0002919961911, 0.82443604115, 0.1183376267, 0.02318445335],
      [0.016557728004, 0.010742031229, 0.065098978441, 0.70794748978, 0.19965377255],
      [0.41524059389, 0.001040712714, 0.2832129496, 0.2840773884, 0.016428355395],
      [0.0053746439427, 0.0014332062706, 0.028995628701, 0.84264384752, 0.12155267357]
    ],
    [
      [0.00094338727916, 0.73102898914, 0.011770695225, 0.24940977557, 0.0068471527901],
      [0.024598032422, 0.0043916856668, 0.050764674802, 0.81152596339, 0.10871964372],
      [0.037104935326, 0, 0.85367822067, 0.087390385143, 0.02182645886],
      [0.021117328694, 0.010106720694, 0.076116028888, 0.66818714402, 0.2244727777],
      [0.46572234763, 0.00060868738492, 0.28206943647, 0.2355268941, 0.016072634417],
      [0.0071651696664, 0.001173602559, 0.035822316229, 0.81607828952, 0.13976062202]
    ],
    [
      [0.0010078560127, 0.74751216997, 0.0076589836943, 0.23808226454, 0.0057387257809],
      [0.028993320636, 0.012265045102, 0.031516002011, 0.83200711967, 0.095218512582],
      [0.050577180572, 0.00046998445094, 0.82912847461, 0.099316935006, 0.02050742536],
      [0.024749930243, 0.011882524181, 0.07001998482, 0.69377758718, 0.19956997358],
      [0.50355015231, 0.00096559125276, 0.25106925773, 0.23094275732, 0.013472241376],
      [0.0085407038833, 0.0017369865273, 0.032275981782, 0.83478771918, 0.12265860862]
    ],
    [
      [0.026537615244, 0.62869882423, 0.011308405167, 0.32774786495, 0.0057072904154],
      [0.012810285203, 0, 0.040524829101, 0.87452417746, 0.072140708235],
      [0.016576749957, 0, 0.8641261221, 0.10365452127, 0.015642606677],
      [0.02014694014, 0, 0.076321037475, 0.74924401826, 0.15428800413],
      [0.32912492267, 0.00033889996735, 0.34114190597, 0.31607657518, 0.01331769621],
      [0.0040639482337, 0, 0.035221234943, 0.86917034157, 0.091544475251]
    ],
    [
      [0.00058482330236, 0.67680741626, 0.0095761433954, 0.30689177263, 0.006139844415],
      [0.018044406367, 0.0019152350389, 0.032663435693, 0.86570364857, 0.081673274334],
      [0.028431604537, 0, 0.84384883418, 0.10936491706, 0.018354644224],
      [0.016564141082, 0.0081971408257, 0.072158135732, 0.73057912116, 0.1725014612],
      [0.40261159068, 0.00054339872519, 0.29884662488, 0.28427208592, 0.013726299792],
      [0.0053316156594, 0.00077008280431, 0.032451451251, 0.85794661807, 0.10350023222]
    ],
    [
      [0.00040895506314, 0.67192676357, 0.0092840367343, 0.3117004704, 0.006679774233],
      [0.01336441283, 0.00030716944476, 0.027100168697, 0.87163933963, 0.087588909394],
      [0.024607582233, 0, 0.8390488604, 0.11601248732, 0.020331070048],
      [0.014304842514, 0.0077570311616, 0.069693746443, 0.7260792829, 0.18216509698],
      [0.37510835037, 0.00018416804605, 0.30962638308, 0.29965690603, 0.015424192472],
      [0.0043734248866, 2.1693374379e-05, 0.031588001927, 0.85449440302, 0.10952247679]
    ],
    [
      [0.00024959696645, 0.7875281906, 0.0066955059569, 0.20026044842, 0.0052662580646],
      [0.011616090804, 0.018437492508, 0.030661300872, 0.83499952305, 0.10428559276],
      [0.023890868162, 0.0043396296652, 0.85113684987, 0.098285409465, 0.022347242839],
      [0.012794478411, 0.014552042082, 0.070919216728, 0.68631648578, 0.215417777],
      [0.35303549019, 0.0017476763718, 0.32920207468, 0.29702083426, 0.018993924501],
      [0.0041643919982, 0.0024373317692, 0.032669142888, 0.82817198471, 0.13255714864]
    ],
    [
      [0.00060252307318, 0.73621416186, 0.0065154125891, 0.25123986049, 0.0054280419916],
      [0.018992810635, 0.012588985645, 0.014766984713, 0.86610457506, 0.087546643947],
      [0.039441050738, 0.0010507632594, 0.81567675792, 0.12253535716, 0.021296070919],
      [0.01921140658, 0.01176929755, 0.064915915508, 0.72145771441, 0.18264566595],
      [0.44650404414, 0.0011594748675, 0.26574217124, 0.27243952522, 0.014154784528],
      [0.0062806715451, 0.0017497316831, 0.02861426768, 0.85288751451, 0.11046781459]
    ],
    [
      [0.00013013083302, 0.89109901779, 0.0013815158399, 0.10631119713, 0.0010781384081],
      [0.052996819968, 0.10456695523, 0.0076680523777, 0.77309119818, 0.061676974245],
      [0.11025354664, 0.034451800547, 0.76413271362, 0.079135420051, 0.012026519147],
      [0.060771324227, 0.032973160016, 0.064780730753, 0.69553297861, 0.1459418064],
      [0.77688086473, 0.0010185761154, 0.11075294775, 0.10685881389, 0.0044887975191],
      [0.020027438659, 0.0089104429117, 0.02938457735, 0.85189833004, 0.089779211036]
    ],
    [
      [0, 0.80019426681, 0, 0.19491687117, 0.0048888620107],
      [0, 0.001880840705, 0, 0.89870070172, 0.099418457574],
      [0, 0.057027995677, 0.77644496758, 0.14038136049, 0.026145676252],
      [0, 0.014757012422, 0.051313012337, 0.72615480991, 0.20777516533],
      [0, 0.0027783625217, 0.45364754955, 0.51426173279, 0.029312355131],
      [0, 0.0022978733674, 0.023760790138, 0.85195627054, 0.12198506596]
    ],
    [
      [0.082006896331, 0.4, 0, 0.50366656908, 0.014326534591],
      [0, 0, 0, 0.91820298037, 0.081797019633],
      [0.0098259484482, 0, 0.72599436425, 0.23103362623, 0.033146061075],
      [0.016270904985, 0, 0.040613739213, 0.77007453513, 0.17304082067],
      [0.66843453986, 0.00031549421686, 0.12885606757, 0.19400258484, 0.0083913134998],
      [0, 0, 0.014428528922, 0.88782552093, 0.097745950146]
    ],
    [
      [0.00083962071274, 0.75233461157, 0.00554205736, 0.23769777956, 0.0035859308005],
      [0.024248200911, 0.01792228815, 0.012658649727, 0.88250824023, 0.062662620983],
      [0.047950063703, 0.0030532273692, 0.81130914527, 0.12262399462, 0.015063569037],
      [0.023801878676, 0.013521646308, 0.066122960925, 0.76044831622, 0.13610519787],
      [0.49496728034, 0.00141902011, 0.24013258418, 0.25419157829, 0.0092895370855],
      [0.0077162860921, 0.0022738714044, 0.028434588215, 0.88101949915, 0.080555755139]
    ],
    [
      [0.010956041658, 0.67776727701, 0.0093352676663, 0.29701678612, 0.0049246275477],
      [0.010787911306, 0, 0.029345047192, 0.89100081543, 0.068866226068],
      [0.018512071981, 0, 0.84673684019, 0.11874516133, 0.016005926497],
      [0.012756837057, 0.0087318032644, 0.072002603296, 0.7594920462, 0.14701671019],
      [0.34496688266, 9.8050654764e-06, 0.32441425645, 0.31800598684, 0.012603068976],
      [0.0039303944597, 0, 0.032075736941, 0.87738130934, 0.086612559258]
    ],
    [
      [0.087858852691, 0.55717018512, 0.010374774229, 0.33801644805, 0.0065797399125],
      [0.019456267531, 0, 0.028607956993, 0.87253729093, 0.07939848455],
      [0.036828785095, 0, 0.82716398593, 0.11727474001, 0.018732488959],
      [0.02204535041, 0.0067835830532, 0.068658705543, 0.73555302259, 0.16695933841],
      [0.47237625617, 0, 0.25845477647, 0.25716581106, 0.012003156306],
      [0.0071286288751, 0, 0.030887056883, 0.861991535, 0.099992779242]
    ],
    [
      [5.5159640757e-05, 0.75849078287, 0.011763072918, 0.22536230405, 0.004328680526],
      [0.0056988132874, 0.013558919338, 0.065853980223, 0.83513236635, 0.079755920801],
      [0.011790126308, 0.00078308282135, 0.89119617262, 0.081573033794, 0.014657584453],
      [0.0073249920495, 0.012681506037, 0.088894867687, 0.71775710705, 0.17334152717],
      [0.22576299853, 0.0014857685119, 0.42469087611, 0.33185576033, 0.016204596523],
      [0.0022974946313, 0.0018717594725, 0.040971257653, 0.85049604343, 0.10436344482]
    ],
    [
      [0.0002512967382, 0.70509544428, 0.0065135990755, 0.27969123941, 0.0084484204922],
      [0.010047265071, 0.0044775084804, 0.0069016112328, 0.85851845017, 0.12005516504],
      [0.027501349342, 0, 0.81622319753, 0.12600973652, 0.030265716611],
      [0.012922735363, 0.0088015654287, 0.058642268639, 0.6819548719, 0.23767855867],
      [0.37732384988, 0.00065651780284, 0.29109744124, 0.30877359553, 0.022148595548],
      [0.0039116297373, 0.00063825445165, 0.025332559478, 0.82350643536, 0.14661112097]
    ],
    [
      [0.00018596210775, 0.80938234023, 0.00073799173918, 0.18434230087, 0.0053514050602],
      [0, 0.034748035642, 0, 0.85171346869, 0.11353849566],
      [0.092307127207, 0.01975962874, 0.71600141561, 0.13994314459, 0.031988683857],
      [0.018347967263, 0.018107691093, 0.04826425238, 0.68459798424, 0.23068210502],
      [0.4812947854, 0.0027074397707, 0.22293313006, 0.27418110946, 0.018883535308],
      [0.0059718467885, 0.0040249738448, 0.020785640502, 0.82705627297, 0.14216126589]
    ],
    [
      [0.00057550381883, 0.78192295616, 0.0049522718577, 0.20868218255, 0.0038670856128],
      [0.021216382996, 0.025549402228, 0.01281137332, 0.86457880546, 0.075844035997],
      [0.04425998428, 0.0030308758261, 0.81380824162, 0.12042145905, 0.018479439219],
      [0.021808893251, 0.015935548986, 0.063697759726, 0.73548165422, 0.16307614381],
      [0.48428271909, 0.0018278829394, 0.24451230277, 0.25772855337, 0.011648541832],
      [0.0070810084929, 0.0032640303138, 0.027740692496, 0.8641262547, 0.097788013993]
    ],
    [
      [5.0497525689e-05, 0.70028797946, 0.0060698643629, 0.28696018207, 0.0066314765872],
      [0.0054911312995, 0.0027793497041, 0.0074729732597, 0.89034454863, 0.093911997108],
      [0.013388838135, 0, 0.83278961636, 0.13024542415, 0.023576121362],
      [0.0069163620713, 0.0087862837378, 0.061438071842, 0.73062008727, 0.19223919508],
      [0.24213563844, 0.0010689357576, 0.3562503395, 0.38005981143, 0.02048527487],
      [0.0021156284799, 0.00068214560084, 0.026532464823, 0.85567131906, 0.11499844203]
    ],
    [
      [0.00039063608046, 0.80372959706, 0.0111041916, 0.1782706403, 0.006504934963],
      [0.017619374234, 0.019983567427, 0.050591804229, 0.76748122481, 0.1443240293],
      [0.030741644048, 0.0065242699203, 0.88670628479, 0.05370657062, 0.02232123062],
      [0.017037529225, 0.015117435013, 0.080835064769, 0.6007687063, 0.2862412647],
      [0.42357109126, 0.0017837526737, 0.31948218811, 0.23289870075, 0.022264267198],
      [0.005916084182, 0.0028140419711, 0.039794444591, 0.76628579071, 0.18518963855]
    ],
    [
      [0.00028698955467, 0.75817275906, 0.0050246660364, 0.23234507014, 0.0041705152029],
      [0.014633322872, 0.024933986269, 0.012165190332, 0.87370491102, 0.074562589511],
      [0.033073929563, 0.0046533305028, 0.82301333794, 0.12124845569, 0.018010946309],
      [0.016506499027, 0.014753634655, 0.065604412073, 0.74343210858, 0.15970334566],
      [0.40690790552, 0.0018335224177, 0.28392708536, 0.29438571671, 0.01294577],
      [0.005226158257, 0.0030448148905, 0.02843629977, 0.86791522756, 0.095377499518]
    ],
    [
      [0.00014519185677, 0.79919326281, 0.0060844745218, 0.19049844572, 0.0040786250961],
      [0.01090158569, 0.032966134384, 0.026236420386, 0.8426523752, 0.087243484339],
      [0.024607251712, 0.0065167900561, 0.84462654204, 0.10493972695, 0.019309689242],
      [0.013077130882, 0.017868933739, 0.071787395757, 0.71163904952, 0.1856274901],
      [0.35109815841, 0.0025790837905, 0.32827519146, 0.30199478933, 0.016052777008],
      [0.0040759300332, 0.004522553422, 0.032530700766, 0.84613707318, 0.1127337426]
    ],
    [
      [0.0010102304699, 0.7128891639, 0.0098853916627, 0.27123187731, 0.0049833366615],
      [0.025530436745, 0.002141109578, 0.036134151164, 0.8605873829, 0.075606919618],
      [0.039187859634, 0, 0.83915971046, 0.10517936388, 0.016473066027],
      [0.022355015567, 0.0095798533784, 0.073506766247, 0.73254288303, 0.16201548178],
      [0.47579705166, 0.00044562642067, 0.26430515203, 0.2482847983, 0.01116737159],
      [0.0072997081983, 0.00099117552734, 0.032853192516, 0.8617269867, 0.097128937059]
    ],
    [
      [0.00061091792252, 0.73968017501, 0.0034021379696, 0.25030001587, 0.0060067532253],
      [0.016876785339, 0.015550313624, 0, 0.87213812562, 0.095434775415],
      [0.04779885584, 0.0025456779088, 0.78911114408, 0.13547346527, 0.025070856903],
      [0.019844027906, 0.012129043149, 0.05768100018, 0.71442647319, 0.19591945558],
      [0.46814333874, 0.0013834274229, 0.24303463789, 0.27208356358, 0.01535503237],
      [0.0064846451172, 0.0020915254543, 0.024313061393, 0.84811393664, 0.1189968314]
    ],
    [
      [0.00050364930122, 0.74148021147, 0.0051306658875, 0.24737965897, 0.0055058143781],
      [0.017604272954, 0.015368054425, 0.0088924026524, 0.86847768332, 0.089657586653],
      [0.0389534939, 0.0018010589739, 0.81209139292, 0.12490542041, 0.0222486338],
      [0.01866070986, 0.012252301048, 0.06213676068, 0.72037180394, 0.18657842447],
      [0.44880026117, 0.001241412524, 0.26017038105, 0.27518322881, 0.014604716444],
      [0.0060307484768, 0.002093430228, 0.026823319067, 0.85221679768, 0.11283570455]
    ],
    [
      [0.00071444372964, 0.71371764963, 0.0011801904923, 0.27828592373, 0.0061017924142],
      [0.012946481271, 0.0084640072928, 0, 0.89268842656, 0.085901084876],
      [0.061352916856, 0, 0.76900236035, 0.14607578917, 0.023568933629],
      [0.021205978631, 0.010419378468, 0.054436413428, 0.73682643498, 0.17711179449],
      [0.48656120863, 0.00088400206633, 0.22836965213, 0.27076734052, 0.013417796657],
      [0.0068397550071, 0.001336088934, 0.023137051127, 0.86249068506, 0.10619641987]
    ],
    [
      [0.15626392812, 0.33333333333, 0.083259287516, 0.41252062724, 0.014622823785],
      [0.0027365131128, 0, 0.027115715425, 0.83126281605, 0.13888495541],
      [0, 0, 0.85778183224, 0.10827699858, 0.033941169186],
      [0.007204109192, 0, 0.066315389465, 0.6520284875, 0.27445201384],
      [0.16953747601, 0, 0.41741744273, 0.38049132857, 0.032553752693],
      [0.0013619158701, 0, 0.030735940308, 0.79798162216, 0.16992052166]
    ],
    [
      [0.00072159749691, 0.72326066234, 0.0069936547794, 0.26357275021, 0.0054513351722],
      [0.02144334398, 0.01070313862, 0.017254773719, 0.86664346019, 0.083955283493],
      [0.043556175891, 0.00018804619945, 0.81589379461, 0.12020668892, 0.02015529438],
      [0.0214575532, 0.011062532558, 0.065702148319, 0.7257676236, 0.17601014232],
      [0.47207767097, 0.00096532917749, 0.25455975489, 0.25948926029, 0.012907984672],
      [0.0070091063218, 0.00155582831, 0.029077549765, 0.85611005935, 0.10624745625]
    ],
    [
      [0.00078330190463, 0.72821910366, 0.0086266082278, 0.2584478837, 0.0039231025066],
      [0.022596273348, 0.010779144199, 0.0367905056, 0.86712104084, 0.062713036015],
      [0.041286979964, 0, 0.84402927796, 0.10139978577, 0.013283956302],
      [0.021979789838, 0.011711019877, 0.074922572566, 0.75438728765, 0.13699933007],
      [0.46034774926, 0.00092393116506, 0.27313653772, 0.25612026508, 0.0094715167799],
      [0.007161720308, 0.0015905604637, 0.033708468355, 0.87619655783, 0.081342693045]
    ],
    [
      [3.5411416192e-05, 0.70409963464, 0.0089431562804, 0.28078012072, 0.0061416769428],
      [0.0065106008398, 0.003575911726, 0.029680299579, 0.87088545877, 0.089347729083],
      [0.011032175538, 0, 0.85477095723, 0.11368113483, 0.020515732401],
      [0.0075111237138, 0.0095007194827, 0.071338112147, 0.72561402127, 0.18603602338],
      [0.24034167971, 0.00090603886527, 0.38055445337, 0.35935815419, 0.018839673864],
      [0.0023206595839, 0.0010803888088, 0.031867440003, 0.8531177457, 0.1116137659]
    ],
    [
      [0.14889575135, 0.37358330951, 0.043703840028, 0.42338561944, 0.010431479678],
      [0, 0, 0.019963932745, 0.88156200307, 0.098474064185],
      [0.01113154732, 0, 0.83336094024, 0.13012690348, 0.025380608956],
      [0.013577103343, 0.0032335953722, 0.065126953288, 0.71936843974, 0.19869390826],
      [0.38357229534, 1.5940150723e-05, 0.29659618483, 0.30275833787, 0.0170572418],
      [0.0014858243658, 0, 0.029510974871, 0.84947531593, 0.11952788483]
    ],
    [
      [0.00013910810076, 0.7950918432, 0.0083084055703, 0.19264314179, 0.003817501341],
      [0.009310169451, 0.025460622761, 0.049720970025, 0.83425703639, 0.081251201376],
      [0.019065730088, 0.0059864537699, 0.87328719739, 0.085933027917, 0.015727590835],
      [0.011191411035, 0.016616367788, 0.08065699985, 0.71578654604, 0.17574867529],
      [0.30732910458, 0.0021935901886, 0.36746362182, 0.30768374226, 0.015329941157],
      [0.0035115100758, 0.003303724923, 0.037883381604, 0.84899448091, 0.10630690248]
    ],
    [
      [0, 0.74028801721, 0.0056208504881, 0.24888237435, 0.0052087579562],
      [0.0085478758265, 0.018407639968, 0.015702948731, 0.87184744744, 0.085494088039],
      [0.020866744939, 0.0040248289997, 0.83482870519, 0.11988420649, 0.020395514373],
      [0.010774724409, 0.012722955232, 0.067204184216, 0.72998084505, 0.1793172911],
      [0.31062212151, 0.0017022669711, 0.33546794299, 0.33532093858, 0.01688672994],
      [0.0033401232022, 0.0023464175511, 0.029415721429, 0.85716312638, 0.10773461144]
    ],
    [
      [0, 0.78078718921, 0, 0.21622493599, 0.0029878748026],
      [0.0042743639269, 0.048434655928, 0, 0.88590340288, 0.061387577261],
      [0.078691544889, 0.013993321998, 0.75471388905, 0.13621496121, 0.016386282849],
      [0.019883551623, 0.017449539893, 0.057285915333, 0.76943698456, 0.13594400859],
      [0.46644991688, 0.0038995691359, 0.23488714053, 0.28455907822, 0.010204295231],
      [0.0061889830778, 0.0042787054989, 0.023773330224, 0.88587414736, 0.079884833838]
    ],
    [
      [0.00080669053703, 0.74275478191, 0.011570346308, 0.23975888249, 0.0051092987543],
      [0.024073118758, 0.0064878267169, 0.0542294196, 0.82804384568, 0.08716578925],
      [0.035370771593, 0, 0.87308904139, 0.075842593321, 0.015697593698],
      [0.020785310392, 0.011028015694, 0.081689468987, 0.7001197799, 0.18637742502],
      [0.45127398703, 0.00060081076084, 0.2942820122, 0.24099033452, 0.012852855494],
      [0.0068846130273, 0.0014346011395, 0.037270296841, 0.8406558312, 0.1137546578]
    ],
    [
      [0.00057547139184, 0.73062936458, 0.0051574264737, 0.25726193156, 0.0063758059941],
      [0.018200224413, 0.010393869622, 0.0013935614418, 0.87049282671, 0.099519517813],
      [0.041252738708, 0.00028755487694, 0.800382065, 0.13228241432, 0.025795227093],
      [0.018894094654, 0.010799108863, 0.05781940451, 0.70941483809, 0.20307255388],
      [0.45913134694, 0.0009427150436, 0.24773298994, 0.27590724795, 0.016285700135],
      [0.0061588601566, 0.0014159976918, 0.023569414847, 0.84522498606, 0.12363074124]
    ],
    [
      [0.0014749820621, 0.71059083593, 0.0069560029961, 0.27578308726, 0.0051950917557],
      [0.035474298331, 0.0051945485197, 0.016348410866, 0.86647206412, 0.076510678166],
      [0.062770787551, 0, 0.79887223063, 0.1199404902, 0.018416491619],
      [0.031392331518, 0.0097051883677, 0.063581423276, 0.7325938424, 0.16272721444],
      [0.57321241909, 0.00051856027743, 0.20241876218, 0.21413128846, 0.009718969988],
      [0.010587880228, 0.00095371543131, 0.027996566496, 0.86264243391, 0.09781940393]
    ],
    [
      [0.000635970439, 0.79988059191, 0.0062451972203, 0.18892524369, 0.0043129967381],
      [0.023706335946, 0.028100320214, 0.028940823105, 0.82807284889, 0.091179671846],
      [0.043268140781, 0.0035551771438, 0.83093250275, 0.10228656557, 0.019957613763],
      [0.022976611939, 0.016989584867, 0.071359012054, 0.69516402243, 0.19351076871],
      [0.49218096011, 0.0017877401538, 0.25858307054, 0.23419977243, 0.01324845677],
      [0.0077593570755, 0.004049515548, 0.032999493288, 0.83648315346, 0.11870848063]
    ],
    [
      [0.00068816577416, 0.62436532935, 0.010936934838, 0.35338305022, 0.010626519822],
      [0.015878395764, 0.0016294456164, 0.031044156307, 0.83312647381, 0.1183215285],
      [0.02908062161, 0, 0.8380560423, 0.10624537664, 0.02661795945],
      [0.015398165052, 0.0058208433088, 0.068658749341, 0.67206369881, 0.23805854349],
      [0.40167378645, 0.00054494899742, 0.30205239581, 0.27575411316, 0.019974755588],
      [0.0051184287406, 0.00035774576383, 0.032175486097, 0.81488329477, 0.14746504463]
    ],
    [
      [0.00059831515961, 0.68260655373, 0.010884290513, 0.30103742609, 0.0048734145057],
      [0.018350682771, 0.00011131640458, 0.041338255179, 0.87300336054, 0.067196385102],
      [0.027247174141, 0, 0.85244715964, 0.10571496268, 0.01459070354],
      [0.016955911985, 0.0088925700618, 0.076349186841, 0.75295099284, 0.14485133827],
      [0.39642922436, 0.00035521950672, 0.30707663528, 0.28493040105, 0.011208519799],
      [0.0054215229787, 0.00051955418392, 0.034780382992, 0.87334413588, 0.085934403961]
    ],
    [
      [0.0075652335211, 0.65876523759, 0.0080092811209, 0.31848904377, 0.0071712039909],
      [0.0018629112438, 0, 0.012212958747, 0.89255889455, 0.093365235461],
      [0.002495857824, 0, 0.8468406085, 0.12771069811, 0.022952835567],
      [0.0023837896326, 0.0075505398958, 0.065313965086, 0.73326362078, 0.19148808461],
      [0.096296647771, 0.0010526675336, 0.43409196837, 0.4448162748, 0.023742441527],
      [0.0011867521822, 0, 0.028255728162, 0.85644637329, 0.11411114636]
    ],
    [
      [0.0005688318981, 0.7974627209, 0.0042420257959, 0.19195032081, 0.0057761005919],
      [0.021313766398, 0.035801162286, 0.010655456858, 0.81387830137, 0.11835131309],
      [0.044160150056, 0.010639564246, 0.80890876881, 0.10851268211, 0.027778834774],
      [0.020983799461, 0.016743418774, 0.062100600783, 0.65905876556, 0.24111341543],
      [0.48177104635, 0.0024908389248, 0.25219567605, 0.24522000067, 0.018322438003],
      [0.0071018893089, 0.0040103289335, 0.028225609514, 0.80924522261, 0.15141694963]
    ],
    [
      [0, 0.79104496415, 0, 0.20705136343, 0.0019036724193],
      [0.0082904373525, 0.054515687425, 0, 0.89115689004, 0.046036985184],
      [0.025859468744, 0.024978938543, 0.82157949083, 0.11703251941, 0.010549582473],
      [0.014699944099, 0.01791202778, 0.068378970631, 0.79399502861, 0.10501402888],
      [0.37764390529, 0.0065822841382, 0.29505425427, 0.31244957832, 0.0082699779755],
      [0.0041530792312, 0.0061668828351, 0.027554472051, 0.90153607257, 0.060589493315]
    ]
  ],
  "expected_outcome": [
    [
      [0.0087669292394, 7.0518034243, 0.0082169931946, 0.019380148257, 0.025133010236, 0.0074022404983, 0.019231605639, 0.029245005654, 0.024188544304, 1.6453321451, 0.012866112652, 0.0065432810103, 0.0029951635974, 0.024703446, 0.00091091583114, 0, 0.82006896331, 0.028547104233, 0.20816479151, 3.6022129603, 0.00071707532984, 0.0035181543347, 0.0027894316162, 0.011510076377, 0.00095945298809, 0.0066408133678, 0.047640266075, 0.0058076742709, 0.023235300808, 0.039709664964, 0.025182465061, 0.06001327329, 0.46879178437, 0.047625434796, 0.037598491422, 0.00070822832384, 2.3823320216, 0.0027821620152, 0, 0, 0.012907048592, 0.010358485053, 0.02802465918, 0.010175527024, 0.0048171604191, 0.062224776599, 0.090782802253, 0.094426095085, 0],
      [21.530032659, 16.8676702556, 13.2742192772, 25.3782487096, 16.6866084268, 12.3026350408, 28.2452585651, 22.6618986632, 17.9402920793, 38.979327102, 14.8897631577, 10.7508282171, 9.4503382872, 30.1847806362, 6.2376931246, 3.2007770673, 4, 25.5793767932, 12.8775782631, 22.8439775898, 9.8603801773, 9.8713362199, 12.1407351034, 15.6384591232, 13.3054716096, 13.66340315, 125.8566780047, 31.9677305123, 16.3964507696, 48.0792113755, 37.0740105734, 59.9522825689, 1, 47.7352037143, 34.9545169755, 14.0819926928, 5.9773329521, 15.901836864, 176.1885480954, 52.312741677, 11.8840765106, 13.1513285625, 13.5012258827, 12.7980894706, 4.3705573054, 70.9910815879, 7.9051828511, 132.3788116702, 29.2686636737],
      [0.13940747387, 0.51770245881, 0.12589636647, 0.17819232602, 0.24799992698, 0.12836811114, 0.27570837185, 0.36489155199, 0.18381560866, 0.70112112034, 0.2106751547, 0.14854458775, 0.080346071483, 0.26713191615, 0.0096706108792, 0, 0, 0.18842995024, 0.17737008566, 0.42536574338, 0.15291994793, 0.091190387057, 0.011069876088, 0.099045437153, 0.11532742289, 0.1887712572, 0.83409456204, 0.24337898087, 0.22736400824, 0.22113896803, 0.25653329437, 0.099136001354, 0.24977786255, 0.46158121544, 0.41407719493, 0.17886312561, 0.69926144045, 0.16616811141, 1.3377624162, 0, 0.18512554093, 0.092833676527, 0.13216405693, 0.099923155525, 0.076558543867, 1.1319662133, 0.096111373451, 0.70417628213, 0],
      [7.1765118428, 20.2084199925, 6.4946915705, 7.2694400737, 8.9115696026, 5.4357250703, 10.2135231178, 7.7317030426, 5.713974349, 20.3203676268, 6.7516189978, 4.9872075264, 2.403125381, 10.30083428, 0.74417837988, 0.7796674847, 5.0366656908, 8.0817245051, 5.6433189363, 13.8586743701, 2.9297099526, 3.9156773518, 2.765134513, 4.1736436511, 5.4522434593, 3.0306008851, 38.5692816435, 7.6199378287, 6.2383331781, 16.2695010318, 12.3689829483, 23.3760175937, 1.2375618817, 17.3958015141, 12.4054984178, 5.6156024145, 6.774169911, 3.8528628358, 59.2340050948, 14.4870707112, 3.8361421198, 4.630714768, 5.2398786579, 3.022803899, 2.4736813515, 31.3078923135, 3.8218685253, 31.8637532543, 7.6609004468],
      [0.14528109511, 0.35440386877, 0.096975792689, 0.15473874243, 0.12868903345, 0.12586953726, 0.24627833971, 0.21226173649, 0.13772941874, 0.35385200575, 0.13507657713, 0.10687638773, 0.063195096775, 0.22254972166, 0.0075469688568, 0.019555448043, 0.14326534591, 0.12192164722, 0.093567923406, 0.26976933641, 0.056272846838, 0.11827788689, 0.080271075903, 0.077341712255, 0.12599805516, 0.11058389437, 0.69230552368, 0.16314500384, 0.11461674321, 0.39043895964, 0.27529071891, 0.51255056279, 0.043868471355, 0.35978812137, 0.18830892031, 0.12283353886, 0.16690367485, 0.076350026819, 1.2396843936, 0.20018761177, 0.081748780069, 0.11476450789, 0.098706743359, 0.069007947809, 0.074385638752, 0.50683510859, 0.086054447891, 0.95883269825, 0.070435879514]
    ],
    [
      [6.8684298001, 6.319482105, 4.4931307346, 10.1528809643, 11.8867759616, 3.2317681388, 9.7051010499, 5.9035277813, 12.496121194, 9.1849744906, 6.5862083241, 3.1940946664, 2.1257446172, 13.9787086273, 2.4908505385, 0, 0, 8.7778487299, 1.6181866959, 6.1481805398, 0.78073742037, 2.1501147252, 0, 5.537475962, 0.95545684612, 1.7443180491, 16.521021523, 5.2218595453, 4.3401742467, 8.1852408895, 7.0417091816, 5.2433249148, 0.11767006385, 23.8664418495, 15.3654658767, 1.380247378, 0, 2.4485745656, 8.4111098133, 1.1455295324, 3.2257979136, 4.3316534102, 8.4428830028, 5.4287509316, 4.6682483545, 18.5341895982, 0.3278723789, 27.1324246243, 0.88707679672],
      [9.5728903617, 0, 1.5179580533, 9.89573567, 0, 0.47158246643, 6.1222385449, 1.05400456, 5.2862344391, 0, 0.6990607892, 0.073413497297, 3.3740611291, 9.2654934348, 4.9146468957, 0.050782699034, 0, 6.4878683104, 0, 0, 1.8575719493, 0.95818681481, 5.4901896314, 6.6683939816, 0.48360684852, 1.9783731752, 28.1504704976, 15.7907783699, 0.36398862827, 7.5419021077, 6.1472217698, 3.4279229536, 0, 11.9125932837, 7.3298180555, 0.75809328591, 0, 6.6961437863, 18.1131177285, 12.9804877887, 0.86936878007, 2.47374097, 1.2363025477, 6.4349733291, 0.47905701121, 0.11242956862, 0, 45.5748795904, 5.8331785545],
      [0, 9.2052843802, 0, 5.9414283202, 11.719998479, 2.3604630841, 11.079129647, 12.1835219525, 13.5833968666, 29.0563024657, 11.9221540281, 6.4769403186, 5.6110180596, 10.8685007485, 0.36039846175, 0, 0, 4.582431201, 4.4017570788, 9.0401144097, 9.0219952906, 1.4769448038, 0, 3.3437684365, 1.3002973472, 5.0085886187, 13.7344998851, 12.5672453649, 6.1428056978, 0, 3.556961061, 0, 1.1659757633, 19.2045631497, 25.0175438083, 6.2922235108, 1.8366818125, 13.0766151165, 15.4517015511, 0, 7.2667422263, 0.33166762314, 3.8909217861, 6.627448491, 9.1269819541, 41.7516377308, 2.1494807395, 13.5643965806, 0],
      [584.6062242596, 429.4078442524, 387.1697050181, 425.5344968068, 417.1041725729, 218.5041458621, 533.8645906931, 194.7662312135, 358.5950685774, 627.0338352394, 315.9818317266, 208.3218021726, 152.8049127184, 637.4529672442, 36.3352863145, 24.2649189465, 9.1820298037, 319.4679829629, 133.650122315, 275.7217839329, 114.41313419, 183.7229483367, 134.5707280536, 225.6550682248, 154.9199514614, 75.9806412566, 986.412844536, 403.6304877215, 146.2998550922, 422.9869909266, 347.3910733263, 361.538812757, 35.7443010901, 964.5741711894, 589.6423077696, 184.6277172597, 81.1037042824, 219.4096005698, 857.8978882763, 237.422111973, 110.9578753205, 207.1772927571, 206.22035126, 189.6286823956, 244.9391833004, 881.7333941494, 157.0903654404, 1036.0670776386, 95.3537872341],
      [54.9524555786, 35.0673892624, 26.819206194, 42.4754582388, 28.2890529865, 23.4320404486, 60.2289400651, 26.0927144926, 41.0391789229, 51.7248878043, 29.810745132, 20.9337493451, 19.0842634757, 64.4343299452, 2.8988177895, 2.6842983545, 0.81797019633, 22.6838687957, 10.3299339102, 25.0899211177, 10.9265611498, 25.6918053194, 17.939082315, 19.7952933951, 16.3406874968, 14.2880789004, 84.1811635583, 41.7896289983, 12.853176335, 46.2858660763, 35.8630346613, 34.7899393746, 5.9720530827, 93.4422305277, 42.64486449, 18.9417185656, 9.059613905, 21.3690659618, 84.1261826308, 16.4518707059, 11.6802157595, 23.6856452395, 18.2095414035, 20.8801448528, 34.7865293798, 67.8683489529, 16.4322814412, 150.6612215661, 4.9259574147]
    ],
    [
      [3.7283726957, 6.2465268342, 2.3153334853, 10.4806003216, 14.3074040453, 2.4208668324, 5.0624823905, 5.4173205577, 15.8812346996, 11.1229992214, 7.7902596432, 2.6822264633, 4.6826101598, 23.2307788847, 2.2050709328, 0, 0.14738922672, 8.5830614028, 1.7031106223, 7.6603872997, 0.71919770477, 1.4850728645, 4.7999706148, 2.3900391511, 0.64266423049, 4.5497633192, 12.9649803887, 4.1586255393, 4.3106645597, 12.7622945093, 5.6482566155, 13.0681712902, 0, 29.313306375, 21.3040816615, 1.3569575912, 0.73468212315, 2.8979909733, 11.7897108904, 7.08223904, 4.5982003071, 4.0840211321, 4.2056427659, 2.2932114614, 3.3733521068, 16.1030799173, 0.14975146944, 28.2183358855, 1.7067249371],
      [0.12265727393, 0, 0, 0.90242376481, 0, 0, 0.043799428665, 0, 0.14757511759, 0, 0, 0, 0.85056741438, 0.6188995598, 0.68903601095, 0.68433594813, 0, 0.54652769909, 0, 0, 0.047768052103, 0, 1.0275006945, 0.16366729461, 0, 0.9655919482, 1.8241055571, 1.1013375195, 0, 0.67969600165, 0.26115355122, 0, 0, 0.12655509223, 0, 0, 0, 0.90994097302, 2.2740283848, 1.2593989798, 0, 0.028467932818, 0, 0.18842438862, 0, 0, 0, 6.798681553, 1.6486099438],
      [83.8062961408, 112.570933967, 56.1550865789, 199.9244951122, 293.4532948013, 71.3001016671, 123.6654061729, 124.6370202179, 260.3463410281, 579.8286279278, 231.2145805647, 91.4563257839, 166.8228225743, 480.4336104164, 15.2826542723, 9.317339611, 10.8899154637, 145.2243370026, 77.8997892974, 172.0501090737, 54.36296653, 44.0760526667, 37.2320736117, 43.9456450476, 39.9739015851, 131.2325301492, 322.6212284714, 142.7418856053, 92.3075681507, 210.6926754689, 117.7532519735, 163.7975027538, 74.6270194045, 549.0965237742, 435.5191074268, 105.1368277397, 55.0018220561, 132.7396540034, 471.6782184349, 67.9242500149, 113.5015753804, 79.2378244354, 53.5244394519, 44.0394226455, 97.2145009067, 503.7962713449, 50.8104365101, 516.8927032721, 54.2242463945],
      [14.9169114954, 17.6906737484, 10.2996532472, 29.581068581, 42.2417252767, 11.2167631161, 17.7506440055, 12.7589962308, 31.1855175918, 69.5521837705, 29.9659872747, 12.6453611175, 19.263940255, 72.1733253675, 1.582708401, 1.6845763259, 3.4655043934, 21.9496950379, 10.9245548425, 24.3931459231, 4.9759550615, 6.8045257719, 7.2770435185, 6.5027587888, 6.251780359, 7.9485724517, 47.5293946298, 17.734813854, 11.5697300266, 36.1714152269, 18.1112859588, 31.114143093, 9.4200988763, 80.8991016411, 52.3222894597, 13.9827795837, 8.5883756296, 13.0618202434, 67.7345766692, 12.2593465089, 9.8595371317, 13.0959590175, 8.0360128437, 5.421187975, 12.3244636902, 62.4775429459, 7.6626418864, 69.3396038687, 7.7241462813],
      [2.4257623943, 2.4918654504, 1.2299266885, 5.1114122205, 4.9975758766, 2.0622683843, 3.4776680025, 3.1866629936, 6.4393315629, 10.4961890804, 5.0291725175, 2.2160866352, 4.3800595965, 12.5433857716, 0.24053038294, 0.31374811503, 0.49719091612, 2.6963788577, 1.4725452378, 3.8963577035, 0.89411265165, 1.634348697, 1.6634115606, 0.99788971784, 1.1316538254, 3.3035421317, 7.060290953, 3.2633374818, 1.812037263, 6.6939187932, 3.2260519011, 5.020182863, 2.9528817192, 13.5645131175, 6.854521452, 2.5234350854, 1.6751201911, 2.3905938069, 11.5234656206, 1.4747654564, 2.0406871808, 2.5537274822, 1.2339049385, 1.0577535295, 3.0876832962, 8.6231057919, 1.377170134, 17.7506754207, 0.69627244323]
    ],
    [
      [0.6862081252, 0.9062195596, 0.27211874278, 0.91399517695, 1.232807834, 0.35305017076, 0.72854003217, 0.52793321734, 1.0394970702, 1.5311674507, 0.7453863487, 0.31470653531, 0.2303006114, 1.1718958014, 0.24308529691, 0, 0.03254180997, 0.4998394522, 0.17859571879, 0.50704305943, 0.11719987279, 0.2067637658, 0.27521950894, 0.56703122451, 0.15215996557, 0.37482564295, 1.9477668852, 0.5753937588, 0.51416535805, 0.87313722786, 0.61580342539, 1.1239168674, 0.050428764344, 2.0170100008, 1.0550299122, 0.10515573199, 0.0950397234, 0.24621104278, 0.93740102357, 0.33802037759, 0.41570620784, 0.4534582717, 0.75341595643, 0.57441529847, 0.35415779619, 1.5429879907, 0.028605475591, 2.0354285477, 0.073499720494],
      [0.62345303378, 0.13232974438, 0.17024332832, 0.632354717, 0.27753063542, 0.20436810198, 0.47264937409, 0.25266801734, 0.49906601562, 0, 0.36887133716, 0.17065468555, 0.26193675747, 0.71792715057, 0.13189264006, 0.05902804969, 0, 0.28395457246, 0.1222452457, 0.15602241022, 0.2029040966, 0.14082504686, 0.27161536639, 0.41432427363, 0.19329824223, 0.33258357028, 1.7409288893, 0.78623308451, 0.2203366277, 0.53367789853, 0.4043259346, 0.5522270588, 0, 1.0398780605, 0.5621289541, 0.13301007276, 0.022635167606, 0.36556009133, 1.1068971052, 0.29664217819, 0.22056031388, 0.25917861272, 0.23292452083, 0.42473962167, 0.1338793961, 0.80922387562, 0.09060647875, 1.6241116211, 0.089560138899],
