{
  "Z_true": {},
  "V_true": [
    [517, 32, 74, 629, 31],
    [34, 2177, 1649, 472, 149],
    [55, 756, 4840, 305, 158],
    [397, 835, 611, 17769, 541],
    [129, 278, 706, 491, 166],
    [40, 123, 203, 315, 369]
  ],
  "p_true": [
    [0.403, 0.0249, 0.0577, 0.4903, 0.0242],
    [0.0076, 0.4858, 0.368, 0.1053, 0.0333],
    [0.009, 0.1237, 0.7916, 0.0499, 0.0258],
    [0.0197, 0.0414, 0.0303, 0.8817, 0.0268],
    [0.0729, 0.1571, 0.3989, 0.2774, 0.0938],
    [0.0381, 0.1171, 0.1933, 0.3, 0.3514]
  ],
  "Z_est": [
    [
      [0, 3, 4, 3, 0, 2, 3, 3, 4, 3, 4, 3, 3, 3, 2, 3, 4, 0, 0.0472, 0, 0, 3, 2, 3, 3, 2, 2, 2, 3, 3, 3, 2, 1.381, 0.2705, 1.7712, 0.7123, 2, 0.6962, 3, 0.83, 2, 1.9416, 0, 0.2836, 0, 0, 0, 0.9803, 0, 3, 0.2159, 15, 3, 4, 2],
      [0, 3, 5, 3, 0, 1, 2, 2, 4, 3, 4, 4, 8, 2, 2, 1, 3, 0, 0.2519, 0.0792, 0, 2, 8.5843e-06, 2, 1, 2, 1.2981e-08, 1, 7, 6, 1, 2, 0.3835, 0.0549, 0.0184, 0.0411, 3, 0.1668, 5, 0.2501, 2.0463e-06, 0.0016, 0, 0.3882, 0, 0, 0, 0.3772, 0, 2, 0.0739, 38, 3, 11, 3],
      [0, 6, 11, 7, 0, 2, 5, 7, 12, 7, 12, 9, 16, 4, 5, 4, 7, 0, 0.485, 0.6062, 0, 3, 0, 3, 1, 2, 2.2246e-06, 1, 11, 12, 1, 3, 2.3045, 0.2335, 0.0795, 0.0321, 4, 0.8165, 6, 0.7061, 1, 1.0018, 0, 0.6177, 0, 0, 0, 1.2902, 0, 3, 0.0662, 84, 6, 17, 5],
      [0, 15, 26, 19, 0, 7, 6, 15, 22, 11, 16, 14, 25, 10, 11, 13, 14, 0, 1.1332, 1.3146, 0, 14, 5, 15, 9, 17, 3, 3, 25, 25, 12, 13, 2.7745, 0.4165, 1.1209, 1.1417, 9, 1.2395, 17, 1.0222, 3, 4.0001, 0, 0.5753, 0, 0, 0, 1.3524, 0, 7, 0.644, 232, 13, 36, 9],
      [0, 1, 1, 1, 0, 1.0303e-06, 1.2893e-09, 1.8235e-21, 1, 1.0966e-16, 1, 2, 2, 1.8155e-11, 1, 1.4338e-14, 1, 0, 0.0827, 0, 0, 2.5088e-21, 7.9943e-07, 2.7942e-22, 1.5066e-11, 3.7322e-18, 6.4785e-09, 5.8842e-12, 2, 2, 8.2929e-19, 4.8751e-27, 0.1565, 0.0246, 0.01, 0.0728, 1.8741e-10, 0.0809, 2.1448e-27, 0.1917, 5.3365e-08, 0.055, 0, 0.1352, 0, 0, 0, 0, 0, 5.5318e-10, 0, 14, 1, 3, 1.2666e-16]
    ],
    [
      [0, 2, 5, 4, 0, 4.1754e-08, 1, 2, 3, 4, 5, 3, 5, 2, 3, 3, 3, 0, 0.4065, 0, 0, 3, 0, 2, 4.9024e-06, 1, 1, 5.4095e-08, 11, 5, 1, 3, 0.0589, 0.0829, 0.1079, 0.0297, 2, 0.1443, 5, 0.1037, 2, 0.055, 0, 0.1094, 0, 0, 0, 0.2313, 0.8142, 1, 0.0696, 40, 5, 11, 3],
      [0.6888, 10, 15, 15, 1.0319, 5, 6, 10, 11, 10, 9, 13, 23, 11, 9, 7, 10, 0.7109, 2.0632, 0.1025, 0.4428, 8, 6, 14, 7, 5, 3, 11, 30, 25, 8, 15, 0.1174, 0.8714, 4.627, 0.161, 8, 0.9514, 25, 0.1662, 6.9998, 2.8309, 0, 0.6462, 0.4769, 0.126, 0.739, 0.4471, 3.2118, 7, 0.0973, 120, 28, 60, 51],
      [0.5527, 17, 28, 30, 0.9517, 8, 12, 23, 24, 22, 24, 25, 46, 17, 16, 12, 18, 0.9568, 1.7929, 0.5877, 1.3878, 10, 1, 20, 6, 4, 2, 15, 47, 42, 7, 17, 0.3926, 0.5398, 4.8673, 0.1213, 12, 1.3531, 31, 0.2638, 12.0001, 2.0011, 0, 1.1008, 0.4743, 0.342, 0.6623, 1.0906, 5.6928, 9, 0.0808, 260, 40, 85, 69],
      [2.7585, 38, 67, 76, 2.837, 22, 14, 48, 44, 35, 31, 37, 72, 36, 36, 39, 34, 1.9992, 4.2802, 1.3098, 2.1694, 43, 18, 82, 33, 32, 9, 37, 107, 89, 43, 75, 0.3943, 2.4042, 9.341, 3.9674, 27, 3.5024, 81, 0.3735, 29.0003, 6.0575, 0, 0.8591, 1.93, 1.3862, 0.5986, 1.231, 5.689, 20, 0.7523, 714, 92, 178, 119],
      [0, 3, 4, 4, 0.1794, 1, 4.1818e-08, 2, 2, 2, 2, 6, 6, 2, 3, 2, 3, 0.3331, 0.4571, 0, 0, 1, 5.4706e-08, 4, 1, 1.9866e-16, 1.4739e-06, 3, 11, 9, 2, 4, 0.0367, 0.1018, 0.0567, 0.7206, 2, 0.0487, 3, 0.0928, 1.9999, 0.0555, 0, 0.2846, 0.1189, 0.1459, 0, 0, 0.5923, 2, 0, 44, 9, 16, 10]
    ],
    [
      [0, 3, 6, 8, 0, 1.7673e-06, 4, 5, 7, 5, 12, 6, 7, 3, 4, 4, 6, 0, 0.0934, 0, 0, 3, 8.1756e-07, 3, 4.9025e-06, 1, 1, 1.7403e-09, 8, 7, 1, 2, 0.71, 0.2629, 0.1366, 0.0097, 3, 0.2655, 5, 0.2964, 1.0001, 0.0007, 0.0672, 0.3342, 0, 0, 0, 0.2561, 0.3599, 2, 0, 52, 6, 14, 1],
      [0.6141, 14, 19, 23, 1.2537, 4, 13, 23, 24, 21, 27, 25, 32, 16, 15, 7, 18, 0.3531, 2.2086, 0.3006, 0.2054, 10, 3, 12, 4, 4, 4, 8, 29, 33, 6, 12, 0.7142, 0.9204, 2.91, 0.2253, 9, 1.6378, 25, 0.4907, 8, 1.9994, 0, 1.6809, 0.3103, 0.1475, 0.3335, 0.38, 1.3399, 7, 0, 158, 27, 77, 25],
      [0.6313, 27, 43, 55, 2.1886, 13, 34, 56, 66, 41, 78, 49, 71, 28, 29, 20, 36, 0.5462, 1.8823, 1.8623, 0.7418, 12, 5, 24, 9, 9, 8, 18, 44, 64, 7, 12, 4.1835, 0.5379, 7.843, 1.1283, 21, 3.4254, 34, 1.3189, 17.0003, 5.9354, 0.3935, 3.6401, 0.3522, 0.6136, 0.3436, 1.1567, 2.5818, 15, 0, 345, 44, 114, 36],
      [2.7546, 58, 98, 135, 5.219, 29, 39, 116, 117, 66, 98, 72, 109, 55, 64, 57, 67, 0.9262, 4.5131, 4.8371, 1.0528, 51, 22, 91, 32, 45, 22, 37, 98, 131, 36, 55, 4.0041, 2.0877, 10.0618, 4.4451, 42, 7.5069, 87, 1.5297, 35.9997, 11.0107, 0.5393, 2.535, 1.266, 1.9667, 0.3229, 1.2072, 2.3981, 30, 0, 945, 96, 236, 59],
      [0, 5, 6, 7, 0.3387, 1, 2, 6, 6, 4, 8, 12, 10, 3, 5, 3, 6, 0.1745, 0.3027, 0, 0, 1, 8.1097e-07, 4, 1, 1.3601e-16, 1, 3, 10, 14, 2, 3, 0.3881, 0.1911, 0.0485, 0.1916, 3, 0.1643, 4, 0.3643, 2, 1.0538, 0, 0.8098, 0.0716, 0.2722, 0, 0, 0.3203, 3, 0, 59, 10, 22, 4]
    ],
    [
      [0, 9, 21, 23, 0, 2, 7, 13, 18, 12, 20, 10, 16, 8, 10, 19, 18, 0, 0.4366, 0, 0, 19, 7, 18, 6, 10, 7, 2, 25, 21, 9, 12, 0.8066, 2.2099, 1.9332, 0.123, 9, 1.8241, 18, 0.446, 5, 1.9457, 0.6892, 0.247, 0, 0, 0, 0.4089, 0.7186, 6, 0.7145, 197, 19, 39, 4],
      [2.697, 34, 60, 68, 4.2583, 18, 20, 54, 53, 41, 41, 39, 67, 39, 37, 32, 47, 0.936, 5.2027, 0.4902, 1.0938, 49, 31, 76, 32, 34, 15, 29, 84, 97, 40, 69, 0.7333, 4.6282, 10.1971, 3.8436, 29, 4.3547, 82, 0.5925, 21, 5.1078, 0, 1.1406, 2.0897, 0.6077, 0.629, 0.585, 2.8582, 21, 0.8288, 590, 84, 209, 81],
      [2.816, 73, 131, 159, 4.9306, 43, 49, 148, 152, 93, 122, 82, 144, 72, 74, 78, 98, 1.497, 5.1953, 3.6819, 3.9076, 69, 21, 139, 46, 51, 33, 54, 135, 181, 45, 86, 3.7719, 4.023, 22.0575, 5.4297, 58, 8.7588, 110, 1.3653, 46.9997, 15.0062, 3.1591, 2.2649, 3.0302, 2.4563, 0.6679, 1.773, 6.4751, 43, 0.853, 1294, 133, 311, 114],
      [13.4869, 158, 310, 395, 15.6752, 119, 62, 298, 275, 143, 156, 117, 227, 146, 167, 251, 182, 3.0746, 14.4606, 9.8279, 6.9986, 288, 206, 553, 239, 340, 105, 130, 300, 381, 268, 356, 4.2961, 17.1389, 37.8557, 33.9245, 125, 28.4012, 286, 2.1479, 111.0002, 40.9935, 5.1517, 1.6948, 12.1824, 8.7928, 0.7032, 2.233, 6.2939, 92, 7.6037, 3544, 300, 648, 196],
      [0, 15, 21, 21, 1.1359, 5, 3, 15, 16, 9, 13, 19, 21, 8, 15, 14, 17, 0.4924, 1.7049, 0, 0, 10, 7, 27, 12, 6, 7, 12, 31, 41, 16, 19, 0.3921, 1, 0.9565, 4.6793, 9, 0.6612, 13, 0.4483, 7.0001, 3.9468, 0, 0.6528, 0.6977, 1.1432, 0, 0, 0.6542, 10, 0, 222, 31, 61, 16]
    ],
    [
      [0, 6.6163e-17, 2, 2, 0, 1.4116e-07, 1, 1, 2, 1, 3, 1, 2, 1, 4.6e-18, 1, 2, 0, 0.0101, 0, 0, 1, 7.0198e-06, 1, 3.7594e-16, 1.9065e-19, 7.1772e-07, 5.1577e-08, 2, 1, 1.1853e-18, 3.279e-20, 0.0434, 0.1322, 0.0326, 0.1251, 1, 0.0532, 1, 0.2266, 5.1699e-07, 0.0015, 0.2436, 0.0259, 0, 0, 0, 0.0635, 0.0654, 3.1679e-10, 0, 15, 1, 4, 3.7328e-18],
      [0, 2, 5, 6, 0.4561, 1, 3, 5, 7, 6, 7, 5, 8, 6, 2, 2, 7, 0, 0.0799, 0.0276, 0.2579, 2, 6.2502e-08, 4, 9.8049e-06, 1, 1, 1, 8, 7, 2, 2, 0.0516, 0.2013, 0.1824, 0.7277, 3, 0.814, 6, 0.3453, 1.0002, 0.0014, 0, 0.1441, 0, 0.0803, 0, 0.0945, 0.3036, 2, 0, 47, 7, 21, 3],
      [0, 6, 13, 14, 0.9291, 2, 8, 15, 22, 14, 22, 10, 17, 11, 4, 5, 14, 0, 0.3631, 0.2618, 0.9628, 4, 1.7943e-08, 8, 1, 1, 4, 3, 14, 14, 2, 3, 0.3474, 0.2908, 1.0394, 0.2681, 6, 1.0554, 8, 0.9058, 3, 2.0534, 1.4474, 0.3766, 0, 0.3697, 0, 0.3858, 1.4513, 4, 0, 104, 11, 31, 4],
      [0, 15, 31, 38, 2.2688, 10, 11, 34, 42, 24, 29, 18, 29, 25, 11, 18, 30, 0, 0.4982, 0.7106, 1.7792, 19, 6, 34, 8, 12, 15, 8, 33, 31, 15, 16, 0.531, 1.3077, 3.7324, 4.7675, 14, 2.0658, 26, 1.2343, 8.9998, 5.9991, 2.309, 0.3358, 0, 1.3632, 0, 0.4562, 1.0097, 11, 0, 286, 28, 67, 9],
      [0, 2, 3, 1, 0.346, 1.7365e-06, 5.4121e-08, 1, 2, 1, 3, 2, 3, 1, 1, 1, 3, 0, 0.0487, 0, 0, 1.4966e-19, 1, 1, 1, 1, 1, 1, 4, 4, 1, 1, 0.0266, 0.068, 0.0132, 0.1115, 1.908e-10, 0.0116, 1, 0.2879, 1.9999, 0.9446, 0, 0.1176, 0, 0.1868, 0, 0, 0.17, 1, 0, 18, 2, 6, 3.0409e-16]
    ],
    [
      [0, 2.0746e-18, 1, 2.9057e-36, 0, 1.2201e-08, 1.814e-08, 2.1384e-26, 2.1396e-28, 8.8629e-16, 2.3529e-24, 1, 1, 1.5631e-12, 1.277e-17, 4.0003e-15, 1, 0, 0.0063, 0, 0, 6.4192e-19, 6.9919e-06, 9.3138e-23, 1.5068e-11, 6.622e-17, 1.4e-06, 5.1604e-08, 2, 1, 1.0506e-19, 1.2478e-19, 0, 0.0417, 0.0185, 0.0001, 7.1031e-12, 0.0166, 1.1857e-27, 0.0974, 5.0381e-07, 0.0554, 0, 0, 0, 0, 0, 0.0598, 0.0419, 1.4278e-10, 0, 9, 1, 2, 6.9437e-17],
      [0, 2, 4, 2, 0, 9.4799e-07, 1, 1, 2, 2, 2, 4, 4, 1, 3, 1, 2, 0, 0.1937, 0, 0, 2, 1.6874e-08, 1, 1.3835e-11, 1.9881e-16, 1.0555e-08, 2, 8, 7, 1, 2, 0, 0.3238, 0.0651, 0.0013, 1.8308e-10, 0.0754, 2, 0.1552, 1, 0.0589, 0, 0, 0.1231, 0.0386, 0.2985, 0.1162, 0.2866, 1, 0, 27, 5, 14, 5],
      [0, 5, 9, 4, 0, 1, 3, 3, 7, 5, 5, 10, 9, 3, 6, 3, 5, 0, 0.2814, 0, 0, 3, 4.7734e-08, 3, 9.8049e-06, 1.2284e-18, 1, 5, 12, 13, 2, 2, 0, 0.3751, 0.1133, 0.0205, 1, 0.5907, 3, 0.4401, 2, 1.0021, 0, 0, 0.1434, 0.2184, 0.3262, 0.3037, 0.7991, 3, 0, 60, 9, 22, 7],
      [0, 13, 21, 12, 0, 3, 3, 7, 14, 8, 7, 14, 15, 6, 14, 12, 10, 0, 1.1147, 0, 0, 14, 2, 13, 4, 6, 4, 12, 29, 27, 12, 10, 0, 1.645, 1.8881, 0.7538, 3, 0.2841, 9, 0.6923, 5, 3.9391, 0, 0, 0.6217, 0.4911, 0.3753, 0.5202, 0.6094, 6, 0, 165, 21, 45, 13],
      [0, 4, 3, 3, 0, 2, 2, 3, 3, 2, 3, 5, 4, 3, 3, 3, 2, 0, 0.4039, 0, 0, 3, 1, 3, 2, 2, 2, 3, 5, 5, 3, 2, 0, 0.6145, 0.915, 0.2242, 2, 0.0332, 3, 0.615, 1.0001, 1.9444, 0, 0, 0.1118, 0.2519, 0, 0, 0.2631, 3, 0, 12, 4, 7, 4]
    ]
  ],
  "V_est": [
    [118.1297, 138.0866, 285.2393, 707.7351, 33.8094],
    [143.2135, 622.5094, 1036.2124, 2510.8409, 168.2239],
    [192.7927, 760.0255, 1525.3064, 3401.1837, 234.6917],
    [651.5032, 2375.8742, 4591.1199, 11746.9372, 787.5654],
    [47.0232, 193.7678, 414.5081, 1042.3683, 72.3325],
    [19.3377, 110.7365, 230.6139, 571.9348, 117.3771]
  ],
  "p_est": [
    [0.0921, 0.1076, 0.2223, 0.5516, 0.0264],
    [0.032, 0.1389, 0.2312, 0.5603, 0.0375],
    [0.0315, 0.1243, 0.2495, 0.5563, 0.0384],
    [0.0323, 0.1179, 0.2278, 0.5829, 0.0391],
    [0.0266, 0.1095, 0.2342, 0.5889, 0.0409],
    [0.0184, 0.1055, 0.2196, 0.5447, 0.1118]
  ],
  "EI_Z": {},
  "EI_V": 36.5522,
  "MAE_Z": {},
  "MAE_V": 849.2548,
  "MAE_p": 0.1479,
  "runtime": 0.4487
}
