{
  "Z_true": {},
  "V_true": [
    [42, 29, 1082, 255],
    [1702, 842, 341, 104],
    [1743, 6861, 815, 603],
    [597, 303, 17552, 930],
    [360, 720, 858, 980]
  ],
  "p_true": [
    [0.0298, 0.0206, 0.7685, 0.1811],
    [0.5694, 0.2817, 0.1141, 0.0348],
    [0.1739, 0.6846, 0.0813, 0.0602],
    [0.0308, 0.0156, 0.9056, 0.048],
    [0.1234, 0.2467, 0.294, 0.3358]
  ],
  "Z_est": [
    [
      [4.4839, 9.5455, 8.3417, 3.6119, 0.8259, 1.2569, 4.9232, 2.6262, 5.0856, 2.9533, 1.563, 3.9975, 7.525, 2.5632, 6.9073, 4.4692, 3.5944, 4.6802, 3.5752, 0.6341, 0.8306, 0, 12.7806, 4.8932, 10.6952, 7.6017, 10.4895, 3.0042, 4.7079, 14.4805, 10.4756, 5.8525, 9.8023, 4.081, 1.4554, 6.689, 3.5659, 5.0674, 0.195, 0, 0.1277, 0, 0.1131, 0.2173, 3.198, 0.4419, 1.3351, 17.9988, 2.4551, 19.3662, 3.9538],
      [0.0475, 0.0119, 0.0489, 0.0417, 0.0048, 0.0209, 0.0046, 0.0095, 0.0701, 0.0447, 0.0294, 0, 0, 0.0343, 0.0574, 0.0787, 0.0333, 0.0628, 0.0203, 0, 0.0234, 0, 0, 0, 0, 0.0879, 0, 0, 0.0379, 0.0809, 0.0793, 0.0002, 0.0046, 0.0398, 0, 0.0505, 0.0705, 0, 0.0008, 0, 0.0036, 0, 0.0264, 0.1452, 0.0036, 0, 0.0118, 0.0813, 0.0089, 0.0766, 0.0243],
      [21.6925, 39.6121, 47.1194, 18.5613, 4.0343, 8.4508, 20.4803, 11.0272, 28.6475, 16.3916, 8.1714, 12.7432, 28.3602, 10.956, 26.0766, 19.643, 15.747, 25.1823, 18.808, 2.2141, 3.0249, 0, 53.1569, 30.0034, 45.8671, 35.7, 47.9456, 14.4332, 19.3441, 53.4683, 44.9441, 31.0862, 40.8051, 16.1698, 6.2989, 27.9344, 16.3488, 19.1422, 0.7891, 0, 0.8211, 0, 0.811, 2.5169, 11.3002, 1.5043, 10.1839, 97.6353, 13.042, 68.5137, 18.3199],
      [0.7761, 1.8305, 1.4899, 0.785, 0.1349, 0.2714, 0.5919, 0.3372, 1.1968, 0.6104, 0.2362, 0.2593, 1.1148, 0.4465, 0.9587, 0.8091, 0.6253, 1.0747, 0.5965, 0.1518, 0.121, 0, 2.0625, 1.1034, 1.4378, 1.6104, 1.5649, 0.5626, 0.9101, 1.9704, 1.501, 1.0611, 1.388, 0.7094, 0.2456, 1.3261, 1.0147, 0.7905, 0.0152, 0, 0.0476, 0, 0.0494, 0.1206, 0.4981, 0.0538, 0.4692, 3.2846, 0.494, 3.0434, 0.7021]
    ],
    [
      [54.5146, 75.413, 86.9532, 31.5717, 18.2158, 12.3345, 44.3597, 35.9956, 44.6642, 41.1935, 18.091, 40.8764, 53.9983, 62.318, 108.7524, 42.9775, 50.3938, 68.1116, 46.9821, 10.3303, 15.0464, 3.9905, 71.9235, 24.9625, 80.2294, 61.7683, 55.9334, 18.2458, 56.1082, 198.6812, 87.3376, 63.1606, 133.9416, 43.3807, 18.4263, 96.4344, 31.7036, 47.5352, 8.4145, 1, 1.8069, 2.8748, 1.8869, 1.7678, 28.9422, 1.9122, 21.5298, 223.9271, 42.3133, 232.5168, 111.1617],
      [0.6672, 0.5153, 0.9789, 0.3917, 0.1781, 0.2027, 0.2968, 0.2754, 0.6179, 0.6328, 0.2959, 0, 0.1635, 1.0758, 1.1967, 0.6309, 0.5773, 0.9759, 0.4929, 0.0203, 0.4401, 0.533, 0.4455, 0.2057, 0.4002, 0.7297, 0.3485, 0.1116, 0.568, 1.7161, 0.8831, 0.5042, 0.7439, 0.474, 0.0611, 0.9757, 0.4419, 0.1238, 0.0472, 0.0275, 0.03, 0, 0.9548, 0.0468, 0.158, 0, 0.3148, 2.2804, 0.3759, 1.6608, 1.1038],
      [4.0339, 4.8545, 7.8055, 2.4616, 1.3672, 1.2467, 2.9235, 2.3607, 3.8373, 3.4584, 1.39, 2.026, 3.2121, 3.6391, 5.7897, 2.7203, 3.2879, 5.5697, 3.8891, 0.4306, 0.3082, 0.2825, 4.6837, 2.3743, 5.5227, 4.3925, 4.0441, 1.3707, 3.3764, 10.3919, 5.7439, 5.4132, 8.8159, 2.4965, 1.2711, 5.9118, 2.0353, 2.7621, 0.4973, 0.9481, 0.1202, 0.1022, 0.0445, 0.1431, 1.5274, 0.0772, 2.5255, 19.4525, 3.6167, 11.7249, 8.0873],
      [0.7842, 1.2171, 1.2624, 0.575, 0.2388, 0.2161, 0.4199, 0.3683, 0.8805, 0.7153, 0.2231, 0.0975, 0.6261, 0.9672, 1.2612, 0.6713, 0.7409, 1.3428, 0.6359, 0.2188, 0.2053, 0.194, 0.9473, 0.4575, 0.8478, 1.1095, 0.674, 0.2719, 0.9474, 2.2108, 1.0355, 0.922, 1.4987, 0.6488, 0.2414, 1.678, 0.8192, 0.5789, 0.041, 0.0244, 0.043, 0.023, 0.1138, 0.0422, 0.3724, 0.0106, 0.63, 3.34, 0.6941, 3.0974, 1.6472]
    ],
    [
      [10.5316, 24.7936, 13.9348, 7.7873, 4.4914, 4.3627, 33.088, 25.9255, 15.2787, 10.1136, 4.4022, 24.0683, 20.0038, 11.2672, 29.7943, 11.6925, 9.7363, 13.8873, 9.7008, 2.563, 1.1203, 0, 12.2221, 7.5231, 31.3838, 6.6613, 16.0526, 6.3022, 11.3174, 44.6326, 23.5461, 10.3334, 22.3968, 15.9748, 9.5563, 16.8598, 3.9897, 11.8303, 1.6067, 0, 0.056, 0.9436, 0, 0, 12.3156, 0.9201, 5.8246, 34.2689, 5.5164, 60.1234, 10.3425],
      [164.092, 243.0425, 251.2572, 128.1746, 63.9957, 126.6535, 289.7642, 276.4895, 303.7076, 229.7363, 93.8038, 116.2392, 100.4341, 166.4046, 307.0681, 177.5548, 127.4198, 279.8526, 154.8696, 15.7484, 13.8231, 6.1893, 97.5316, 31.6974, 161.924, 95.7188, 82.6975, 45.3782, 129.6458, 417.5315, 296.7751, 98.9433, 170.8337, 182.2688, 69.9036, 193.0996, 57.8902, 67.8218, 13.9698, 7.6067, 3.984, 2.8027, 4.3685, 10.2854, 94.6515, 2.9235, 177.5837, 552.1446, 83.2684, 511.2515, 139.084],
      [15.0152, 26.3827, 28.0754, 11.3272, 6.5917, 10.5886, 36.2245, 31.1254, 25.469, 18.2649, 6.3045, 13.0775, 13.2861, 9.1063, 20.4803, 10.3303, 10.7692, 24.1094, 16.7604, 1.3017, 0.3812, 0.2535, 11.1186, 5.0572, 22.2696, 8.6144, 11.2243, 6.1118, 10.9048, 32.0035, 26.529, 12.3123, 19.4167, 12.386, 10.4699, 16.7466, 4.5394, 8.1025, 1.3521, 1.9814, 0.2278, 0.3842, 0, 0.2002, 9.215, 0.4404, 20.6028, 62.5847, 9.9087, 41.4749, 14.0836],
      [23.3612, 51.7813, 33.7326, 21.7108, 8.9212, 15.3952, 36.9233, 35.4596, 50.5446, 32.8852, 9.4896, 11.6149, 21.276, 24.2218, 42.6572, 26.4224, 20.0747, 48.1506, 20.6693, 5.3869, 1.6754, 1.5571, 18.1277, 7.7223, 27.4225, 17.0056, 15.0255, 9.2078, 25.1321, 60.8324, 39.1499, 16.411, 27.3527, 31.3704, 14.0702, 38.294, 14.5807, 14.2454, 1.0715, 0.4119, 0.7322, 0.8695, 0.6315, 1.5144, 18.8179, 0.716, 37.9889, 81.0018, 14.3064, 95.1502, 22.4898]
    ],
    [
      [9.8184, 25.5654, 11.6892, 9.6396, 6.5928, 2.462, 19.2867, 14.7479, 11.9578, 6.0986, 3.4175, 11.0985, 18.4883, 11.4842, 31.1612, 11.7776, 12.2557, 9.374, 10.4119, 2.3248, 1.9752, 0, 23.7899, 4.1969, 23.8809, 16.8301, 18.3602, 3.8702, 16.9566, 57.8679, 37.9394, 7.6525, 35.7184, 14.4532, 3.3378, 22.9621, 4.3413, 13.1743, 2.5534, 0, 0, 0.9208, 0, 0, 12.7019, 0.5384, 2.3672, 36.4587, 4.9234, 85.6389, 13.0706],
      [5.1108, 0, 2.9722, 6.9789, 0.8998, 3.5297, 0, 0, 11.7529, 7.2024, 4.8433, 0, 0, 10.2637, 8.9311, 10.6521, 4.987, 10.029, 1.602, 0, 1.2819, 0.6931, 0, 0, 0, 9.1498, 0, 0, 5.0598, 7.3485, 10.6313, 0, 0, 5.6586, 0, 6.0679, 3.332, 0, 0, 0, 0.6781, 0, 0.6444, 0.7174, 0, 0, 1.5555, 2.5265, 0, 5.8187, 2.857],
      [314.2359, 525.5186, 673.0811, 347.5602, 200.2366, 152.9361, 490.0899, 318.4291, 519.8694, 284.5476, 137.0282, 154.9015, 369.5882, 268.219, 486.2378, 292.7774, 285.4413, 443.3954, 413.5714, 29.5962, 26.1811, 14.327, 498.3788, 475.7136, 777.435, 492.4652, 642.0419, 171.025, 331.4319, 801.2203, 827.4449, 483.1929, 750.549, 272.6596, 109.36, 459.5613, 133.0644, 224.8767, 48.3961, 16, 14.7545, 11.96, 4.1056, 10.9535, 185.8504, 10.4616, 264.3264, 1757.5417, 251.4448, 1100.7635, 371.1403],
      [4.835, 10.916, 7.2575, 7.8212, 2.2707, 2.0722, 2.6234, 2.823, 11.4199, 5.1513, 1.7111, 0, 3.9235, 6.0331, 7.6699, 6.7929, 5.316, 10.2016, 4.4147, 1.0789, 0.5618, 0.9799, 6.8313, 5.0895, 4.6841, 11.5549, 5.5979, 2.1048, 8.5518, 11.5633, 10.9844, 5.1546, 7.7326, 6.2286, 1.3022, 11.4088, 5.2623, 2.9489, 0.0505, 0, 0.5673, 0.1192, 0.2501, 0.3291, 3.4477, 0, 6.7509, 20.4731, 3.6319, 21.7789, 5.9321]
    ],
    [
      [1.6515, 2.6825, 2.0811, 1.3894, 0.874, 0.5838, 4.3424, 2.7048, 2.0136, 1.641, 0.5264, 2.9593, 1.9847, 1.3675, 3.3847, 2.0831, 1.0197, 1.9469, 1.33, 0.1477, 0.0275, 0.0095, 1.2839, 0.4243, 2.8107, 1.1386, 1.1644, 0.5777, 1.91, 5.3377, 2.7013, 1.001, 2.1409, 2.1103, 1.2241, 2.0547, 0.3995, 1.3927, 0.2304, 0, 0.0094, 0.2607, 0, 0.0149, 1.8423, 0.1874, 0.9433, 5.3465, 0.7918, 6.3546, 0.4714],
      [28.0825, 31.4303, 39.7427, 25.4131, 13.9216, 15.5933, 51.9343, 34.2256, 41.8515, 37.3838, 11.0277, 22.7608, 18.4024, 22.2216, 41.7466, 35.0836, 14.9826, 40.0797, 23.0152, 1.2313, 0.4313, 0.5845, 15.0229, 6.0969, 31.6758, 18.3139, 13.9539, 7.5102, 24.6886, 60.3231, 38.6313, 15.5523, 25.4178, 27.5588, 13.0353, 26.8063, 6.2653, 13.0544, 2.9823, 2.3658, 0.3042, 1.1973, 2.006, 0.8051, 17.1869, 1.0765, 30.5343, 93.9673, 13.3468, 65.1925, 6.9309],
      [9.0225, 11.6321, 13.9186, 8.0897, 4.7701, 4.7778, 19.2818, 12.0576, 13.1767, 11.3375, 3.1059, 8.2517, 7.5534, 6.0796, 12.4157, 9.529, 4.7546, 12.7432, 7.9711, 0.4574, 0.1047, 0.137, 5.662, 2.8515, 12.9057, 5.828, 5.7439, 3.0592, 7.9429, 18.916, 12.3381, 5.9954, 9.4133, 8.2881, 5.6001, 8.8459, 2.012, 5.1165, 0.9654, 1.0706, 0.0764, 0.5537, 0.0389, 0.1863, 6.107, 0.5165, 11.3614, 33.7858, 4.9878, 21.523, 2.3689],
      [29.2435, 48.2551, 39.2576, 31.1079, 14.4343, 14.0451, 49.4415, 33.0119, 49.9581, 38.6377, 8.34, 18.0283, 27.0596, 23.3313, 42.453, 37.3043, 17.2431, 49.2303, 22.6837, 3.1636, 0.4365, 1.269, 20.0313, 9.6273, 36.6078, 23.7195, 17.1377, 10.8529, 34.4586, 64.4232, 37.3293, 18.4513, 29.028, 34.0428, 19.1405, 38.2931, 11.3231, 19.4363, 1.8219, 1.5636, 0.6099, 2.9883, 1.9551, 0.9937, 24.8639, 2.2196, 46.1611, 100.9004, 16.8736, 87.93, 8.2288]
    ]
  ],
  "V_est": [
    [249.0377, 1.4784, 1115.0292, 42.4547],
    [2736.9103, 26.8923, 186.3678, 38.8296],
    [671.0436, 7439.9056, 715.4876, 1195.5632],
    [706.1325, 153.7754, 18245.8877, 276.2044],
    [80.8759, 1132.9483, 385.2278, 1318.948]
  ],
  "p_est": [
    [0.1769, 0.0011, 0.7919, 0.0302],
    [0.9157, 0.009, 0.0624, 0.013],
    [0.067, 0.7424, 0.0714, 0.1193],
    [0.0364, 0.0079, 0.9414, 0.0143],
    [0.0277, 0.3883, 0.132, 0.452]
  ],
  "EI_Z": {},
  "EI_V": 10.8973,
  "MAE_Z": {},
  "MAE_V": 400.1363,
  "MAE_p": 0.0933,
  "runtime": 0.002
}
