{
  "X": [
    [81, 198, 364, 59],
    [138, 275, 608, 114],
    [123, 295, 770, 83],
    [54, 161, 388, 62],
    [31, 79, 217, 26],
    [21, 146, 178, 32],
    [106, 342, 569, 90],
    [82, 311, 375, 72],
    [79, 358, 591, 114],
    [62, 275, 334, 78],
    [28, 110, 156, 20],
    [83, 139, 191, 30],
    [102, 119, 422, 54],
    [89, 200, 298, 55],
    [180, 359, 551, 95],
    [73, 224, 335, 72],
    [77, 148, 320, 44],
    [98, 331, 511, 110],
    [72, 180, 461, 49],
    [16, 17, 34, 10],
    [19, 16, 30, 3],
    [4, 8, 15, 4],
    [122, 113, 573, 48],
    [42, 38, 516, 24],
    [149, 194, 864, 71],
    [94, 124, 547, 55],
    [102, 97, 711, 40],
    [32, 53, 196, 23],
    [91, 160, 373, 70],
    [321, 487, 916, 141],
    [162, 347, 917, 90],
    [88, 115, 538, 42],
    [204, 197, 829, 67],
    [80, 216, 312, 73],
    [34, 83, 133, 35],
    [145, 227, 519, 91],
    [44, 68, 158, 33],
    [79, 81, 260, 38],
    [13, 17, 52, 3],
    [1, 10, 20, 2],
    [2, 5, 16, 2],
    [5, 4, 13, 4],
    [2, 8, 5, 3],
    [2, 12, 14, 3],
    [59, 112, 214, 48],
    [4, 4, 13, 3],
    [32, 210, 309, 92],
    [318, 651, 1971, 209],
    [56, 97, 283, 36],
    [404, 584, 1244, 211],
    [139, 150, 414, 39]
  ],
  "W": [
    [27, 60, 213, 334, 68],
    [51, 82, 346, 562, 94],
    [57, 97, 327, 695, 95],
    [23, 35, 169, 372, 66],
    [5, 20, 84, 210, 34],
    [10, 14, 157, 161, 35],
    [26, 48, 396, 512, 125],
    [14, 39, 369, 336, 82],
    [35, 50, 395, 555, 107],
    [20, 46, 291, 303, 89],
    [10, 20, 114, 147, 23],
    [17, 43, 165, 166, 52],
    [37, 58, 155, 392, 55],
    [14, 68, 211, 296, 53],
    [34, 117, 400, 534, 100],
    [25, 47, 226, 322, 84],
    [20, 55, 168, 308, 38],
    [31, 76, 366, 473, 104],
    [23, 52, 202, 430, 55],
    [3, 11, 25, 33, 5],
    [4, 16, 17, 30, 1],
    [0, 5, 8, 16, 2],
    [68, 78, 139, 529, 42],
    [36, 28, 52, 485, 19],
    [58, 87, 243, 806, 84],
    [45, 68, 128, 530, 49],
    [60, 61, 125, 666, 38],
    [18, 20, 67, 177, 22],
    [25, 61, 177, 362, 69],
    [70, 213, 555, 878, 149],
    [57, 95, 386, 887, 91],
    [38, 70, 138, 496, 41],
    [52, 145, 240, 794, 66],
    [21, 47, 242, 299, 72],
    [8, 20, 104, 114, 39],
    [36, 105, 265, 500, 76],
    [21, 35, 81, 146, 20],
    [25, 51, 102, 241, 39],
    [1, 9, 18, 51, 6],
    [0, 2, 10, 16, 5],
    [1, 2, 5, 16, 1],
    [0, 3, 5, 13, 5],
    [1, 3, 5, 5, 4],
    [3, 2, 12, 12, 2],
    [15, 31, 135, 202, 50],
    [2, 2, 5, 11, 4],
    [12, 25, 242, 275, 89],
    [119, 249, 730, 1817, 234],
    [16, 47, 113, 260, 36],
    [91, 249, 708, 1214, 181],
    [23, 122, 186, 393, 18]
  ],
  "method": "mult",
  "cond_prob": [
    [
      [0.1660707846, 0.0017586779685, 0.80342711797, 0.028743419453],
      [0.90857663358, 0.011120529404, 0.067232349836, 0.013070487182],
      [0.049444007712, 0.77038492812, 0.070493848073, 0.10967721609],
      [0.029396346046, 0.015301813215, 0.94082591033, 0.014475930412],
      [0.024287317336, 0.41297777392, 0.13268357553, 0.43005133322]
    ],
    [
      [0.18716668515, 0.00023405654338, 0.77670708453, 0.035892173779],
      [0.91967132571, 0.0062843639093, 0.05920160151, 0.014842708866],
      [0.071657765936, 0.70243483658, 0.076250524953, 0.14965687253],
      [0.045490022036, 0, 0.93508643593, 0.019423542031],
      [0.028536925006, 0.33436480659, 0.12374626316, 0.51335200524]
    ],
    [
      [0.14634629037, 0.00085873676525, 0.82665580189, 0.026139170966],
      [0.89642481972, 0.010091471013, 0.080469390152, 0.013014319119],
      [0.042614032448, 0.76837067728, 0.085857433521, 0.10315785675],
      [0.016819003756, 0.0042765801216, 0.96846203028, 0.010442385845],
      [0.021905870685, 0.41834468065, 0.14651154362, 0.41323790505]
    ],
    [
      [0.1570405199, 0.0018141560186, 0.80701348385, 0.03413184023],
      [0.90204906595, 0.011190662237, 0.070330277716, 0.016429994093],
      [0.046078921731, 0.75842958906, 0.067025022182, 0.12846646703],
      [0.025913033758, 0.018760511789, 0.93430166793, 0.021024786522],
      [0.021050975807, 0.38504682268, 0.12257092322, 0.47133127829]
    ],
    [
      [0.16518361556, 0.00096743277723, 0.8068599238, 0.026989027869],
      [0.91079115074, 0.008907032943, 0.068359666473, 0.011942149848],
      [0.053468925522, 0.76185317268, 0.078473141836, 0.10620475996],
      [0.031394401811, 0.0042847851585, 0.95350777749, 0.010813035537],
      [0.025707199509, 0.40945737614, 0.14029793717, 0.42453748718]
    ],
    [
      [0.12568931032, 0.0020879030708, 0.84508050419, 0.027142282421],
      [0.88103652131, 0.014475462713, 0.089053223809, 0.015434792172],
      [0.027788102525, 0.80670987369, 0.067443541898, 0.098058481889],
      [0.01529203455, 0.021923434368, 0.94991341968, 0.012871111397],
      [0.016681312557, 0.44552403969, 0.13650723364, 0.40128741411]
    ],
    [
      [0.18935387482, 0.00017785229052, 0.78770260868, 0.022765664206],
      [0.92416100169, 0.0061840250738, 0.060906770108, 0.0087482031303],
      [0.083555547826, 0.73172781877, 0.091476073816, 0.093240559587],
      [0.037669275804, 0, 0.9572068857, 0.0051238384961],
      [0.034739240183, 0.41547461123, 0.154254052, 0.39553209659]
    ],
    [
      [0.18758420861, 0.00067556813495, 0.78765771468, 0.024082508577],
      [0.92296424884, 0.0070627432426, 0.060529651269, 0.0094433566493],
      [0.070258722563, 0.74929406179, 0.084350645254, 0.096096570392],
      [0.043892579648, 0, 0.94770566471, 0.0084017556394],
      [0.032985853501, 0.41738519828, 0.14704444089, 0.40258450733]
    ],
    [
      [0.14530233236, 0.0020017055674, 0.81850059437, 0.034195367699],
      [0.89328498243, 0.01235893971, 0.076745870159, 0.017610207704],
      [0.0386803368, 0.76887998066, 0.064478582992, 0.12796109955],
      [0.021545623801, 0.021176326784, 0.93670162895, 0.020576420463],
      [0.018818831779, 0.39113588407, 0.12314711532, 0.46689816884]
    ],
    [
      [0.14766543319, 0.0022344907438, 0.81957887063, 0.030521205436],
      [0.89550996425, 0.01375712593, 0.075182139763, 0.015550770059],
      [0.034754786251, 0.78947168243, 0.062766129468, 0.11300740185],
      [0.020127338671, 0.023770456732, 0.93910107404, 0.017001130557],
      [0.018438276006, 0.42004240915, 0.1273873601, 0.43413195474]
    ],
    [
      [0.15629504634, 0.0029388657191, 0.81714333907, 0.023622748872],
      [0.90454923117, 0.014794602082, 0.069501726001, 0.011154440744],
      [0.038615647944, 0.82284004243, 0.055302354899, 0.083241954723],
      [0.023248113012, 0.032947402015, 0.93216464243, 0.011639842544],
      [0.02288732325, 0.47946462468, 0.13503744321, 0.36261060887]
    ],
    [
      [0.23514550097, 0, 0.74960245495, 0.015252044077],
      [0.95061488312, 0, 0.047117406694, 0.0022677101887],
      [0.14586871916, 0.70448005427, 0.079257857222, 0.070393369349],
      [0.066858390502, 0, 0.9331416095, 0],
      [0.056908750483, 0.4377075201, 0.15868569538, 0.34669803404]
    ],
    [
      [0.20337868821, 0, 0.76649154359, 0.030129768202],
      [0.93100529887, 0.0028190259854, 0.055380321905, 0.010795353242],
      [0.12905646327, 0.64796217946, 0.085717026228, 0.13726433104],
      [0.047163974088, 0, 0.94282701668, 0.010009009229],
      [0.036084573683, 0.33458833957, 0.13733499294, 0.49199209381]
    ],
    [
      [0.18308284804, 0.0024482167061, 0.78257316367, 0.031895771579],
      [0.91644059728, 0.015820810016, 0.053515709339, 0.014222883367],
      [0.053399155793, 0.7886475454, 0.043158006082, 0.11479529273],
      [0.038797933314, 0.034674565432, 0.90614524305, 0.020382258203],
      [0.02580130904, 0.41927559317, 0.1147089858, 0.44021411199]
    ],
    [
      [0.20315570785, 0.0016893980607, 0.76695754843, 0.028197345664],
      [0.92950763731, 0.010228508835, 0.049484287706, 0.010779566154],
      [0.074485868517, 0.76767035799, 0.051200703782, 0.10664306971],
      [0.058354395353, 0.016724885004, 0.910557689, 0.014363030645],
      [0.033847178436, 0.41746593142, 0.12415694254, 0.4245299476]
    ],
    [
      [0.17876765722, 0.0031471474444, 0.78571924949, 0.032365945838],
      [0.91441485196, 0.013423860355, 0.057878447178, 0.014282840503],
      [0.051736887185, 0.78564052317, 0.045709454972, 0.11691313467],
      [0.036576474983, 0.033080917628, 0.90924671701, 0.021095890383],
      [0.024799393793, 0.41766174005, 0.1134399053, 0.44409896085]
    ],
    [
      [0.179719823, 0.0016649622498, 0.78735045749, 0.031264757257],
      [0.91625166116, 0.010496992759, 0.059779716281, 0.013471629798],
      [0.05795442081, 0.75845102281, 0.064102348953, 0.11949220742],
      [0.039791199861, 0.016191576011, 0.92675751719, 0.017259706937],
      [0.026834997972, 0.3942786555, 0.12512096146, 0.45376538507]
    ],
    [
      [0.15097307763, 0.0020255571065, 0.81233320271, 0.034668162555],
      [0.89620515798, 0.012841056358, 0.073285379974, 0.017668405693],
      [0.037943566817, 0.76462463761, 0.065872712361, 0.13155908322],
      [0.019818143919, 0.021202987822, 0.93741101511, 0.021567853148],
      [0.018720337102, 0.3853813158, 0.12253037467, 0.47336797242]
    ],
    [
      [0.15544493226, 0.00088355858891, 0.81773849984, 0.025933009305],
      [0.90350139171, 0.009478868155, 0.074791340748, 0.012228399386],
      [0.048023854863, 0.76668103653, 0.082972084843, 0.10232302377],
      [0.024213765272, 0.0037255613921, 0.96179394469, 0.010266728642],
      [0.024181026174, 0.41845847693, 0.14492922597, 0.41243127093]
    ],
    [
      [0.21137941981, 0, 0.73801792379, 0.050602656406],
      [0.93912166581, 0.0018430551702, 0.039148880913, 0.019886398103],
      [0.10251976716, 0.62993669992, 0.052066276509, 0.21547725641],
      [0.070449799507, 0, 0.8968550524, 0.032695148094],
      [0.029537170802, 0.24626177902, 0.091486979346, 0.63271407083]
    ],
    [
      [0.20766131047, 0.005860324242, 0.75622435682, 0.030254008463],
      [0.94040019186, 0.027508727883, 0.019261920726, 0.012829159534],
      [0.065898408759, 0.8131257374, 0.022422062665, 0.098553791176],
      [0.065838789876, 0.042731067341, 0.87270214679, 0.018727995993],
      [0.027515043225, 0.43134950088, 0.10467237207, 0.43646308383]
    ],
    [
      [0.13330687248, 0.0012153993107, 0.80630536695, 0.059172361259],
      [0.79809378022, 0.10659933757, 0.056499292796, 0.038807589414],
      [0, 0.773668666, 0.031691828578, 0.19463950542],
      [0, 0.043321270012, 0.89543610527, 0.061242624714],
      [0.0047655494408, 0.292256832, 0.068495611508, 0.63448200705]
    ],
    [
      [0.18794978759, 0, 0.78171915434, 0.030331058071],
      [0.92209581909, 0.0057118291861, 0.060047818919, 0.01214453281],
      [0.087928833831, 0.70166629159, 0.079990112995, 0.13041476158],
      [0.044971537034, 0, 0.94211488976, 0.012913573203],
      [0.030568799083, 0.35768720933, 0.13480869615, 0.47693529544]
    ],
    [
      [0.13592138347, 0, 0.83342744275, 0.030651173786],
      [0.8915183077, 0.0073471728999, 0.08479642865, 0.016338090749],
      [0.1446751248, 0.60956593292, 0.097254008435, 0.14850493384],
      [0.0086534597042, 0, 0.98085271425, 0.01049382605],
      [0.022330691222, 0.32088687616, 0.15008090585, 0.50670152676]
    ],
    [
      [0.18439969643, 0, 0.79081128483, 0.024789018737],
      [0.92217653961, 0.0045998202025, 0.063478885022, 0.0097447551664],
      [0.12915160298, 0.6663539306, 0.091644469588, 0.11284999684],
      [0.029628959502, 0, 0.9645595296, 0.0058115109004],
      [0.033460449749, 0.37709298223, 0.15363923235, 0.43580733568]
    ],
    [
      [0.16892581758, 0.0019533928842, 0.79333352643, 0.035787263104],
      [0.90835762429, 0.010730293482, 0.064595663877, 0.016316418354],
      [0.052041299808, 0.74780276849, 0.067299747749, 0.13285618395],
      [0.031754955854, 0.017263765875, 0.92917953947, 0.021801738797],
      [0.023236873046, 0.37375279761, 0.1189380109, 0.48407231845]
    ],
    [
      [0.1748247504, 0, 0.79909358438, 0.026081665216],
      [0.91694035884, 0.0057133821182, 0.066297530975, 0.011048728067],
      [0.12842078058, 0.66158027706, 0.089794761893, 0.12020418047],
      [0.027567823448, 0, 0.96402695151, 0.0084052250387],
      [0.030641713109, 0.36720918573, 0.15115633166, 0.4509927695]
    ],
    [
      [0.16690103635, 0, 0.80184543094, 0.031253532708],
      [0.91228750628, 0.0055815735765, 0.068536978079, 0.013593942063],
      [0.094062267338, 0.67728622509, 0.091221559982, 0.13742994759],
      [0.021865297661, 0, 0.96624308727, 0.011891615065],
      [0.026259164658, 0.34137233851, 0.13905325978, 0.49331523705]
    ],
    [
      [0.1883165677, 0.0015176089779, 0.77376209907, 0.036403724261],
      [0.91980600657, 0.0093109528835, 0.055351320122, 0.015531720421],
      [0.063939983876, 0.73246199025, 0.061608915914, 0.14198910996],
      [0.046841391313, 0.013977210034, 0.91555760417, 0.023623794486],
      [0.027680559498, 0.3578053528, 0.11511429233, 0.49939979537]
    ],
    [
      [0.20686450769, 0.001155106365, 0.7638323437, 0.028148042249],
      [0.93277560549, 0.0080566117033, 0.048788367235, 0.010379415569],
      [0.080419154973, 0.75230898523, 0.057663955606, 0.10960790419],
      [0.065908784998, 0.0083696235021, 0.91255159347, 0.01316999803],
      [0.035823733247, 0.40485280553, 0.12695314961, 0.43237031162]
    ],
    [
      [0.18378212569, 0.0013914210674, 0.78849306327, 0.026333389966],
      [0.91934273485, 0.0092953719982, 0.06046241034, 0.010899482809],
      [0.061000176043, 0.76884736154, 0.068727935258, 0.10142452716],
      [0.042772765532, 0.011985658256, 0.93285778708, 0.012383789135],
      [0.029685143346, 0.42451943112, 0.13558380511, 0.41021162042]
    ],
    [
      [0.15401252979, 5.0156594699e-06, 0.81805782603, 0.02792462852],
      [0.90229391553, 0.0072026621203, 0.077331804494, 0.013171617852],
      [0.074879931869, 0.71698041542, 0.089219215141, 0.11892043757],
      [0.015428472651, 0, 0.97417925326, 0.010392274087],
      [0.024414554817, 0.37932501776, 0.14622963388, 0.45003079355]
    ],
    [
      [0.18850655816, 8.843989663e-05, 0.78471341245, 0.026691589492],
      [0.92373485614, 0.0051303350311, 0.060799261706, 0.010335547125],
      [0.093320159231, 0.71180722772, 0.080902901457, 0.1139697116],
      [0.044985333112, 0, 0.94527583994, 0.0097388269483],
      [0.032438062569, 0.38511769536, 0.14262570217, 0.4398185399]
    ],
    [
      [0.19433301754, 0.0018975056674, 0.76998971727, 0.03377975952],
      [0.92299419373, 0.010084241715, 0.053117264944, 0.013804299615],
      [0.066011556065, 0.75317675814, 0.051181821188, 0.12962986461],
      [0.048338439481, 0.018925128574, 0.91190488117, 0.020831550778],
      [0.029309577139, 0.38276116816, 0.11511311512, 0.47281613959]
    ],
    [
      [0.18192999934, 0, 0.7873669671, 0.030703033559],
      [0.92131492281, 0.00305691859, 0.063556999965, 0.012071158637],
      [0.09188756933, 0.67214976741, 0.10067197328, 0.13529068999],
      [0.029279087802, 0, 0.95929795979, 0.011422952405],
      [0.031388162289, 0.3342380979, 0.14359158017, 0.49078215964]
    ],
    [
      [0.18580570177, 0.0014027528451, 0.7759546071, 0.036836938291],
      [0.91842294091, 0.0092928365273, 0.056302883279, 0.015981339281],
      [0.063621722374, 0.72867789651, 0.063194813358, 0.14450556776],
      [0.045924185077, 0.01213571849, 0.91912259078, 0.022817505656],
      [0.0270360128, 0.35271383214, 0.11639355884, 0.50385659622]
    ],
    [
      [0.16980499329, 0.003359161162, 0.77851650839, 0.048319337158],
      [0.90581648563, 0.012626452003, 0.058151026574, 0.023406035796],
      [0.049255289392, 0.71469375845, 0.056042171985, 0.18000878017],
      [0.029734893999, 0.022822227348, 0.91140004606, 0.036042832592],
      [0.01997725897, 0.3132646084, 0.1006022369, 0.56615589573]
    ],
    [
      [0.20269421402, 0, 0.76568615493, 0.031619631046],
      [0.93206368021, 0.0024270343114, 0.054158050036, 0.011351235446],
      [0.11598361741, 0.66491946001, 0.079436525194, 0.13966039739],
      [0.05466527695, 0, 0.93309850728, 0.012236215766],
      [0.035711185605, 0.33472913664, 0.13119281409, 0.49836686366]
    ],
    [
      [0.19496701229, 0.00075948748448, 0.78911074856, 0.015162751669],
      [0.93494561162, 0.0052438425021, 0.055257601946, 0.0045529439354],
      [0.089259808019, 0.77609767784, 0.075114675888, 0.059527838257],
      [0.050067251078, 0, 0.94894308847, 0.00098966044902],
      [0.038402688977, 0.49704795482, 0.16090152597, 0.30364783023]
    ],
    [
      [0.054446522291, 0.00097232390507, 0.9294602265, 0.015120927302],
      [0.5, 0.013759495247, 0.47402623482, 0.012214269935],
      [0, 0.7606681517, 0.19813754393, 0.041194304378],
      [0, 0, 1, 0],
      [0, 0.47315989851, 0.21411441822, 0.31272568327]
    ],
    [
      [0.12774474107, 0.0035770219469, 0.82109498697, 0.047583250017],
      [0.90343050227, 0.015001597043, 0.060075297764, 0.02149260292],
      [0.011190117268, 0.79680909889, 0.045562431367, 0.14643835248],
      [0, 0.042383451846, 0.92215798073, 0.035458567428],
      [0.0094436680447, 0.30423905998, 0.07641456906, 0.60990270292]
    ],
    [
      [0.22781299652, 0.00062574633482, 0.73595003316, 0.035611223979],
      [0.95828008294, 0, 0.034054605254, 0.0076653118103],
      [0.188728092, 0.5605322144, 0.076838034911, 0.17390165869],
      [0.070833125513, 0, 0.91999756119, 0.0091693132925],
      [0.052137731909, 0.2394677856, 0.11073554283, 0.59765893966]
    ],
    [
      [0.11310502325, 0.026422877598, 0.81102377444, 0.049448324709],
      [0.62896499225, 0.3182526278, 0.014849744836, 0.037932635117],
      [0, 0.87369103062, 0, 0.12630896938],
      [0, 0.1288708939, 0.82111020908, 0.050018897019],
      [0, 0.5015024041, 0.0097189864089, 0.48877860949]
    ],
    [
      [0.072419346436, 0.048397388303, 0.8389824707, 0.040200794558],
      [0.88390352717, 0.023420900947, 0.071571101726, 0.021104470154],
      [0, 0.85711988051, 0.016679749479, 0.12620037001],
      [0, 0.059784848767, 0.91279153431, 0.027423616922],
      [0.0074674531731, 0.40255464091, 0.093127489478, 0.49685041644]
    ],
    [
      [0.21320225997, 0.00024192520724, 0.75334776934, 0.033208045488],
      [0.93361814881, 0.0050968052368, 0.049271287068, 0.012013758888],
      [0.091226581281, 0.70112236548, 0.068259522562, 0.13939153068],
      [0.062880824403, 0, 0.92005140989, 0.017067765703],
      [0.036845769701, 0.3437370164, 0.12213906433, 0.49727814957]
    ],
    [
      [0.22093604411, 0, 0.75215162635, 0.02691232954],
      [0.95609802057, 0, 0.03862489575, 0.0052770836759],
      [0.1840290551, 0.58470535843, 0.088070407398, 0.14319517907],
      [0.048946430575, 0, 0.95105356942, 0],
      [0.046843964699, 0.26911830196, 0.12912641379, 0.55491131955]
    ],
    [
      [0.11125874271, 0.00098375002757, 0.84866142992, 0.039096077342],
      [0.86119035398, 0.012590500298, 0.10101912999, 0.025200015725],
      [0.024068590917, 0.73381679737, 0.08513572778, 0.15697888393],
      [0.0086080781935, 0.0056564223106, 0.96118682652, 0.024548672974],
      [0.010599053176, 0.34308147633, 0.12765574354, 0.51866372695]
    ],
    [
      [0.15125033127, 0.00068344304699, 0.82046461066, 0.027601615025],
      [0.89930550116, 0.0091581974501, 0.078122465073, 0.013413836315],
      [0.046943720453, 0.75636241257, 0.085732469388, 0.11096139759],
      [0.020065325586, 0.0013904531206, 0.96727668802, 0.011267533269],
      [0.022848411409, 0.40156950691, 0.14438364417, 0.43119843751]
    ],
    [
      [0.15344408651, 0.00055490112802, 0.81512621186, 0.0308748005],
      [0.90028384079, 0.0079981375475, 0.07695015117, 0.014767870493],
      [0.048817671921, 0.73688889257, 0.087687837947, 0.12660559756],
      [0.018936087317, 0, 0.96709524978, 0.013968662906],
      [0.02199373526, 0.37074345159, 0.1385509132, 0.46871189996]
    ],
    [
      [0.21281590391, 0.00084192406881, 0.75289785343, 0.033444318591],
      [0.93380260875, 0.00666972137, 0.047088149614, 0.01243952027],
      [0.084920102542, 0.7221065735, 0.058580316252, 0.1343930077],
      [0.070542739745, 0.0047930090201, 0.90672446486, 0.017939786375],
      [0.03510820175, 0.3601793221, 0.11891150186, 0.48580097429]
    ],
    [
      [0.17190335785, 0.0010543740728, 0.79651661243, 0.030525655648],
      [0.91116111455, 0.0090478719301, 0.066289322798, 0.013501690721],
      [0.055605105385, 0.7477636204, 0.075718271291, 0.12091300293],
      [0.033258508045, 0.0072697801302, 0.94437738136, 0.015094330462],
      [0.026190196165, 0.38504733533, 0.13160617762, 0.45715629088]
    ]
  ],
  "expected_outcome": [
    [
      [4.4839111843, 9.5455009427, 8.3417385513, 3.6119319578, 0.82591807779, 1.2568931032, 4.9232007454, 2.6261789205, 5.0855816327, 2.9533086637, 1.5629504634, 3.9974735165, 7.5250114638, 2.5631598726, 6.9072940667, 4.4691914306, 3.59439646, 4.6801654066, 3.5752334421, 0.63413825942, 0.83064524189, 0, 12.7805855561, 4.8931698048, 10.6951823928, 7.6016617912, 10.4894850242, 3.0042186543, 4.7079141924, 14.480515538, 10.4755811645, 5.8524761321, 9.8023410244, 4.0809933683, 1.4554399947, 6.6890052637, 3.5659048591, 5.0673553506, 0.19496701229, 0, 0.12774474107, 0, 0.11310502325, 0.21725803931, 3.1980338995, 0.44187208823, 1.3351049125, 17.9987894206, 2.4551053842, 19.3662472555, 3.9537772305],
      [0.047484305149, 0.011936883712, 0.048947995619, 0.041725588427, 0.0048371638862, 0.020879030708, 0.0046241595535, 0.0094579538892, 0.070059694861, 0.044689814876, 0.029388657191, 0, 0, 0.034275033885, 0.057439534064, 0.07867868611, 0.033299244997, 0.0627922703, 0.020321847545, 0, 0.023441296968, 0, 0, 0, 0, 0.087902679789, 0, 0, 0.037940224447, 0.080857445553, 0.079311000843, 0.00019059505986, 0.0045988746248, 0.039847619015, 0, 0.050499102422, 0.070542384401, 0, 0.00075948748448, 0, 0.0035770219469, 0, 0.026422877598, 0.14519216491, 0.0036288781087, 0, 0.011805000331, 0.081329722592, 0.0088784180483, 0.076615090261, 0.024250603674],
      [21.6925321853, 39.6120613108, 47.119380708, 18.5613101285, 4.034299619, 8.4508050419, 20.4802678256, 11.0272080056, 28.647520803, 16.3915774127, 8.1714333907, 12.7432417342, 28.3601871127, 10.9560242914, 26.0765566466, 19.6429812374, 15.7470091499, 25.1823292839, 18.8079854964, 2.2140537714, 3.0248974273, 0, 53.1569024951, 30.0033879389, 45.8670545204, 35.7000086893, 47.9456150628, 14.4332177569, 19.3440524766, 53.468264059, 44.9441046066, 31.0861973891, 40.8050974474, 16.1697840627, 6.2989357368, 27.9343658554, 16.3488466762, 19.1421538733, 0.78911074856, 0, 0.82109498697, 0, 0.81102377444, 2.5169474121, 11.3002165401, 1.5043032527, 10.1839371591, 97.6352886687, 13.0420193898, 68.5137046625, 18.3198820859],
      [0.77607232522, 1.8305008627, 1.4899327451, 0.78503232529, 0.13494513934, 0.27142282421, 0.59190726937, 0.33715512008, 1.1968378695, 0.61042410872, 0.23622748872, 0.25928474932, 1.1148014235, 0.44654080211, 0.95870975257, 0.80914864594, 0.62529514514, 1.0747130392, 0.596459214, 0.15180796922, 0.12101603385, 0, 2.0625119489, 1.1034422563, 1.4377630868, 1.6104268397, 1.564899913, 0.56256358875, 0.91009310654, 1.9703629574, 1.5010032281, 1.0611358838, 1.3879626536, 0.70937494991, 0.24562426847, 1.3261297785, 1.0147060803, 0.79049077616, 0.015162751669, 0, 0.047583250017, 0, 0.049448324709, 0.12060238367, 0.49812068232, 0.05382465908, 0.46915292811, 3.284592188, 0.493996808, 3.0434329918, 0.7020900799]
    ],
    [
      [54.5145980147, 75.4130487086, 86.9532075125, 31.5717173084, 18.2158230147, 12.3345112983, 44.359728081, 35.9956057047, 44.6642491213, 41.1934583554, 18.0909846234, 40.8764399741, 53.9983073344, 62.3179606149, 108.7523935647, 42.9774980423, 50.3938413639, 68.1115920061, 46.982072369, 10.330338324, 15.0464030697, 3.9904689011, 71.9234738887, 24.9625126156, 80.229358946, 61.7683184515, 55.9333618892, 18.2457501256, 56.108166401, 198.6812039699, 87.337559811, 63.1605740874, 133.9415541399, 43.3807271051, 18.4262984562, 96.4344087958, 31.7035769969, 47.5352476905, 8.4145105046, 1, 1.8068610045, 2.8748402488, 1.8868949767, 1.7678070543, 28.942162613, 1.9121960411, 21.5297588496, 223.9270697893, 42.3133405171, 232.5168495776, 111.1616559753],
      [0.66723176423, 0.51531784056, 0.97887268826, 0.39167317828, 0.17814065886, 0.20265647798, 0.29683320354, 0.27544698646, 0.61794698551, 0.63282779278, 0.29589204164, 0, 0.16350350716, 1.0758150811, 1.1967355337, 0.63092143669, 0.57733460177, 0.97592028318, 0.49290114406, 0.020273606872, 0.44013964613, 0.53299668783, 0.44552267652, 0.2057208412, 0.40018435761, 0.72965995678, 0.34851630921, 0.11163147153, 0.56796812589, 1.7160582928, 0.88306033983, 0.50418634842, 0.74389857951, 0.47395936062, 0.061138371801, 0.97574783536, 0.44192582011, 0.12377874988, 0.047194582519, 0.027518990493, 0.030003194087, 0, 0.95475788339, 0.046841801895, 0.15800096234, 0, 0.31476250744, 2.2803911651, 0.37591246473, 1.6607606211, 1.1038403755],
      [4.0339409901, 4.8545313238, 7.8055308447, 2.4615597201, 1.3671933295, 1.2467451333, 2.9235249652, 2.3606563995, 3.837293508, 3.4583784291, 1.39003452, 2.0260484878, 3.2120586705, 3.6390682351, 5.7896616616, 2.7202870174, 3.2878843955, 5.569688878, 3.8891497189, 0.43063769004, 0.30819073162, 0.28249646398, 4.6837298757, 2.3743000022, 5.5226629969, 4.3925051436, 4.0441493895, 1.3707395616, 3.3764305274, 10.3919222211, 5.7439289823, 5.4132263146, 8.8158929474, 2.4965114523, 1.2711399993, 5.9118027443, 2.0352859301, 2.7620605518, 0.49731841751, 0.94805246964, 0.12015059553, 0.10216381576, 0.044549234509, 0.14314220345, 1.5274098991, 0.0772497915, 2.5254782498, 19.4524938031, 3.616657105, 11.7249492539, 8.0872973813],
      [0.7842292309, 1.217102127, 1.2623889545, 0.57504979326, 0.23884299695, 0.21608709041, 0.41991375026, 0.36829090932, 0.88051038522, 0.71533542269, 0.22308881489, 0.097511538114, 0.62613048802, 0.96715606899, 1.26120924, 0.67129350364, 0.74093963891, 1.3427988327, 0.63587676807, 0.21875037913, 0.20526655255, 0.19403794707, 0.94727355917, 0.45746654096, 0.84779369948, 1.1095164481, 0.67397241208, 0.27187884125, 0.9474349457, 2.2108155162, 1.0354508669, 0.92201324964, 1.4986543331, 0.64880208191, 0.24142317274, 1.6780406245, 0.81921125287, 0.57891300774, 0.040976495418, 0.024428539869, 0.04298520584, 0.022995935431, 0.11379790535, 0.042208940307, 0.37242652553, 0.010554167352, 0.63000039313, 3.3400452425, 0.69408991318, 3.0974405473, 1.6472062679]
    ],
    [
      [10.5315736428, 24.793587014, 13.9347886105, 7.7873377725, 4.4913897438, 4.3627320965, 33.087996939, 25.9254686259, 15.278733036, 10.1136427991, 4.4021838656, 24.068338661, 20.0037518066, 11.2672218724, 29.7943474066, 11.6925365039, 9.7363426961, 13.8873454551, 9.7008186824, 2.5629941789, 1.1202729489, 0, 12.2221079026, 7.5231064898, 31.3838395237, 6.6612863755, 16.0525975723, 6.3021719116, 11.317377146, 44.6326310102, 23.5460679527, 10.333430598, 22.3968382154, 15.9747965677, 9.5563072104, 16.8597564291, 3.9896784408, 11.8303289754, 1.6066765443, 0, 0.05595058634, 0.94364045998, 0, 0, 12.315588473, 0.9201452755, 5.824599002, 34.2689159304, 5.5163969271, 60.1234325999, 10.3425496016],
      [164.0919896901, 243.0424534559, 251.2572114702, 128.1746005509, 63.9956665051, 126.6534501689, 289.7642162333, 276.489508801, 303.7075923592, 229.7362595881, 93.8037648374, 116.2392089547, 100.4341378166, 166.4046320793, 307.0681431975, 177.5547582366, 127.4197718328, 279.8526173637, 154.8695693785, 15.748417498, 13.8231375358, 6.189349328, 97.5316145316, 31.6974285117, 161.9240051352, 95.7187543667, 82.6975346329, 45.3781770813, 129.6457722741, 417.5314868032, 296.7750815542, 98.9432973285, 170.8337346519, 182.2687754696, 69.9035758102, 193.0996425747, 57.8901944347, 67.8217849211, 13.9697582011, 7.606681517, 3.9840454944, 2.802661072, 4.3684551531, 10.2854385662, 94.6515193394, 2.9235267922, 177.5836649632, 552.1445611752, 83.2684448601, 511.2514540386, 139.0840333937],
      [15.0151896395, 26.3826816338, 28.0753807613, 11.3272287487, 6.5917439142, 10.588636078, 36.2245252312, 31.1253880986, 25.4690402819, 18.2649436752, 6.3044684585, 13.0775464416, 13.2861390654, 9.1063392833, 20.4802815129, 10.3303368237, 10.7691946242, 24.109412724, 16.7603611383, 1.3016569127, 0.3811750653, 0.25353462862, 11.1186257063, 5.0572084386, 22.2696061098, 8.6143677118, 11.2243452366, 6.1118445188, 10.9047781168, 32.0034953612, 26.5289830095, 12.3122516894, 19.4166963496, 12.3860007276, 10.4698852208, 16.7466255399, 4.5394159308, 8.1025255698, 1.352064166, 1.9813754393, 0.22781215683, 0.38419017456, 0, 0.20015699375, 9.2150355459, 0.44035203699, 20.6028461228, 62.5847026531, 9.9087256881, 41.4748639065, 14.0835984601],
      [23.3612470276, 51.7812778963, 33.732619158, 21.7108329279, 8.9211998368, 15.3951816566, 36.9232615966, 35.4596344745, 50.544634323, 32.8851539376, 9.4895828385, 11.6149059427, 21.2759713113, 24.221806765, 42.657227883, 26.4223684358, 20.0746908469, 48.1506244572, 20.6692508008, 5.3869314104, 1.67541445, 1.5571160434, 18.1276518595, 7.7222565599, 27.4225492312, 17.005591546, 15.0255225582, 9.2078064883, 25.1320724631, 60.8323868255, 39.1498674836, 16.4110203841, 27.3527307831, 31.3704272352, 14.0702317586, 38.2939754564, 14.5807111938, 14.2453605337, 1.0715010886, 0.41194304378, 0.73219176238, 0.86950829347, 0.63154484688, 1.5144044401, 18.8178566417, 0.71597589535, 37.988889912, 81.0018202414, 14.3064325248, 95.150249455, 22.4898185446]
    ],
    [
      [9.8183795794, 25.5653923841, 11.6892076107, 9.639648558, 6.5928243803, 2.4620175625, 19.2866692116, 14.7479067618, 11.9578212097, 6.0985836172, 3.4174726128, 11.0984928234, 18.4882778426, 11.484188261, 31.1612471183, 11.7776249446, 12.2556895571, 9.3739820736, 10.411919067, 2.3248433837, 1.9751636963, 0, 23.7899430912, 4.1969279565, 23.8809413585, 16.8301266026, 18.3601704161, 3.870157686, 16.9565836553, 57.867913228, 37.9394430273, 7.652522435, 35.7183544907, 14.4531934048, 3.3378160095, 22.9620925387, 4.3412945238, 13.1743317449, 2.553429805, 0, 0, 0.92083063167, 0, 0, 12.7019265295, 0.53841073633, 2.3672215032, 36.45869659, 4.9233827023, 85.6388860502, 13.0705936616],
      [5.1108056139, 0, 2.9722231845, 6.9789103854, 0.89980488329, 3.5296729333, 0, 0, 11.7528613653, 7.2024483897, 4.8432680961, 0, 0, 10.2636713678, 8.9310885923, 10.6520554762, 4.9870054113, 10.0290132397, 1.6019913986, 0, 1.2819320202, 0.69314032019, 0, 0, 0, 9.1497959137, 0, 0, 5.0597500322, 7.3485294348, 10.6312788731, 0, 0, 5.6586134436, 0, 6.0678592449, 3.3320451928, 0, 0, 0, 0.67813522954, 0, 0.64435446949, 0.7174181852, 0, 0, 1.5555161354, 2.5264533201, 0, 5.8187129504, 2.8570235912],
      [314.2358540493, 525.5185769943, 673.0811110424, 347.5602204704, 200.2366332736, 152.9360605692, 490.0899254783, 318.4291033433, 519.8694040683, 284.5476254343, 137.028202437, 154.9015071766, 369.5881905396, 268.218991943, 486.2378059252, 292.777442876, 285.441315295, 443.3954101478, 413.5713962182, 29.5962167292, 26.1810644037, 14.3269776844, 498.3787766846, 475.7135664091, 777.4349808558, 492.4651559214, 642.0419497081, 171.0250264475, 331.4318527087, 801.2202990671, 827.4448571365, 483.1929096179, 750.5490169123, 272.6595594689, 109.3599674164, 459.5612953883, 133.064406725, 224.8767402554, 48.3960975121, 16, 14.7545276916, 11.9599682955, 4.1055510454, 10.9534984117, 185.8503847984, 10.4615892637, 264.3263772935, 1757.5417421398, 251.4447649421, 1100.7635003407, 371.1403108755],
      [4.8349607575, 10.9160306216, 7.2574581624, 7.8212205862, 2.2707374628, 2.0722489349, 2.62340531, 2.8229898949, 11.4199133568, 5.1513425588, 1.711056854, 0, 3.9235316177, 6.0331484282, 7.6698583643, 6.7928767032, 5.3159897366, 10.2015945389, 4.4146933163, 1.0789398871, 0.56183987978, 0.97988199543, 6.8312802242, 5.0895056344, 4.6840777857, 11.5549215624, 5.5978798758, 2.1048158665, 8.5518136038, 11.5632582701, 10.9844209631, 5.1545679471, 7.7326285969, 6.2286336827, 1.3022165741, 11.4087528281, 5.2622535584, 2.9489279997, 0.0504726829, 0, 0.56733707884, 0.1192010728, 0.2500944851, 0.32908340306, 3.4476886721, 0, 6.7508850679, 20.4731079501, 3.6318523556, 21.7789006587, 5.9320718717]
    ],
    [
      [1.6515375789, 2.6824709506, 2.0810577151, 1.3893644033, 0.87404478332, 0.58384593948, 4.3424050229, 2.7048399871, 2.0136150003, 1.6410065645, 0.52640843474, 2.9592550251, 1.9846515526, 1.3674693791, 3.3847178436, 2.0831490786, 1.0197299229, 1.9469150587, 1.3299564395, 0.14768585401, 0.027515043225, 0.0095310988817, 1.2838895615, 0.42428313322, 2.8106777789, 1.1386067792, 1.1643850981, 0.57770162247, 1.9099586053, 5.3377362539, 2.7013480445, 1.0009967475, 2.1409121296, 2.110289554, 1.2241383293, 2.0547369728, 0.39954517941, 1.3927362386, 0.23041613386, 0, 0.0094436680447, 0.26068865954, 0, 0.014934906346, 1.8422884851, 0.1873758588, 0.9433157327, 5.3465282697, 0.79177446935, 6.3545845167, 0.47142353098],
      [28.0824886267, 31.4302918198, 39.7427446614, 25.413090297, 13.9215507889, 15.5933413891, 51.9343264036, 34.2255862587, 41.8515395952, 37.3837744146, 11.0276863676, 22.7607910453, 18.4023586762, 22.221606438, 41.7465931425, 35.0835861644, 14.9825889091, 40.0796568431, 23.0152162313, 1.2313088951, 0.43134950088, 0.584513664, 15.0228627919, 6.0968506471, 31.6758105071, 18.313887083, 13.9539490579, 7.5101914472, 24.6885693433, 60.3230680236, 38.6312682321, 15.552325728, 25.417767894, 27.5588041072, 13.035285818, 26.8062512426, 6.265292168, 13.054436329, 2.9822877289, 2.3657994925, 0.30423905998, 1.197338928, 2.0060096164, 0.80510928182, 17.1868508201, 1.0764732078, 30.5342513937, 93.9672646171, 13.3467642571, 65.1924572996, 6.930852036],
      [9.0224831357, 11.6321487373, 13.9185966436, 8.0896809323, 4.7701298638, 4.7777531776, 19.2817564997, 12.057644153, 13.1767413389, 11.3374750487, 3.1058611937, 8.2516561597, 7.5534246118, 6.0795762472, 12.4156942537, 9.5289520456, 4.7545965355, 12.7431589662, 7.9711074283, 0.45743489673, 0.10467237207, 0.13699122302, 5.6619652384, 2.8515372112, 12.9056955172, 5.8279625339, 5.743940603, 3.0591717152, 7.9428861705, 18.9160192917, 12.3381262651, 5.9954149891, 9.4132963432, 8.2881442885, 5.6000716267, 8.8459104721, 2.0120447379, 5.1165197497, 0.96540915581, 1.0705720911, 0.07641456906, 0.55367771415, 0.038875945636, 0.18625497896, 6.1069532164, 0.51650565514, 11.3613611748, 33.7857727352, 4.9878328751, 21.5229818364, 2.3689111972],
      [29.2434906588, 48.2550884923, 39.25760098, 31.1078643674, 14.434274564, 14.0450594938, 49.4415120738, 33.0119296012, 49.9581040656, 38.6377439722, 8.3400440039, 18.0282977699, 27.0595651595, 23.3313479356, 42.4529947602, 37.3043127114, 17.2430846325, 49.230269132, 22.6837199009, 3.1635703542, 0.43646308383, 1.2689640141, 20.0312824083, 9.6273290084, 36.6078161968, 23.7195436039, 17.137725241, 10.8529352152, 34.4585858809, 64.4231764309, 37.3292574584, 18.4512625354, 29.0280236332, 34.0427620503, 19.140504226, 38.2931013125, 11.3231179146, 19.4363076827, 1.8218869814, 1.5636284164, 0.60990270292, 2.9882946983, 1.955114438, 0.99370083288, 24.8639074784, 2.2196452782, 46.1610716988, 100.900434378, 16.8736283984, 87.9299763472, 8.2288132359]
    ]
  ],
  "prob": [
    [0.17687333702, 0.001050020137, 0.79192413346, 0.030152509387],
    [0.9156608524, 0.0089970970667, 0.062351208422, 0.012990842109],
    [0.066957056683, 0.74235736994, 0.0713916966, 0.11929387678],
    [0.036432387918, 0.0079339272879, 0.941383124, 0.01425056079],
    [0.027716205941, 0.38826192882, 0.13201774001, 0.45200412523]
  ],
  "iterations": 148,
  "time": 0.000821,
  "message": "Converged",
  "status": 0,
  "miniter": 0,
  "maxiter": 1000,
  "maxtime": 3600,
  "param_threshold": 0.001,
  "ll_threshold": "-Inf",
  "initial_prob": "group_proportional",
  "adjust_prob_cond_method": "project_lp",
  "adjust_prob_cond_every": false,
  "candidates_id": ["GRAHAM, Kennedy Gollan Montrose.c", "YAU, Seam Kheon (Sam).c", "BROWNLEE, Gerard Anthony.c", "Other candidates votes.c"],
  "group_id": ["ACT New Zealand.p", "Green Party.p", "Labour Party.p", "National Party.p", "Other parties votes.p"]
}
