{
  "X": [
    [34, 110, 244, 8, 14, 9],
    [2, 11, 11, 0, 0, 3],
    [0, 11, 6, 1, 0, 0],
    [13, 64, 98, 12, 11, 8],
    [23, 205, 145, 24, 8, 15],
    [37, 109, 102, 3, 14, 12],
    [28, 223, 99, 22, 13, 19],
    [52, 589, 324, 79, 34, 37],
    [77, 658, 445, 70, 41, 59],
    [7, 60, 25, 4, 1, 5],
    [129, 490, 566, 46, 49, 38],
    [45, 171, 194, 18, 18, 17],
    [51, 283, 374, 29, 30, 21],
    [85, 554, 723, 70, 38, 55],
    [30, 153, 105, 17, 14, 10],
    [90, 435, 322, 41, 29, 43],
    [1, 28, 19, 3, 3, 5],
    [19, 132, 124, 22, 13, 14],
    [5, 48, 25, 3, 2, 5],
    [30, 250, 150, 31, 13, 24],
    [23, 194, 281, 34, 16, 19],
    [13, 114, 65, 16, 6, 12],
    [56, 402, 318, 32, 49, 32],
    [18, 91, 75, 12, 8, 10],
    [17, 146, 93, 22, 7, 11],
    [42, 384, 125, 35, 15, 19],
    [68, 537, 559, 58, 57, 22],
    [34, 344, 174, 43, 23, 20],
    [6, 101, 72, 11, 14, 10],
    [63, 489, 374, 51, 31, 33],
    [47, 178, 357, 17, 14, 17],
    [14, 284, 148, 30, 22, 24],
    [36, 248, 179, 39, 19, 13],
    [64, 274, 367, 27, 26, 27],
    [22, 161, 87, 15, 11, 15],
    [16, 252, 64, 29, 9, 30],
    [28, 347, 166, 51, 21, 26],
    [4, 26, 15, 1, 0, 0],
    [29, 171, 330, 27, 12, 16],
    [12, 312, 103, 43, 20, 17],
    [67, 563, 337, 78, 42, 59],
    [30, 163, 118, 15, 10, 16],
    [97, 621, 443, 67, 46, 35],
    [20, 389, 139, 57, 18, 36],
    [66, 350, 410, 43, 43, 36],
    [25, 50, 104, 11, 4, 7],
    [0, 2, 2, 0, 0, 0],
    [7, 184, 115, 23, 3, 20],
    [200, 1279, 1180, 156, 119, 107],
    [18, 158, 123, 18, 7, 16],
    [127, 844, 682, 77, 42, 78],
    [69, 208, 147, 23, 9, 8]
  ],
  "W": [
    [13, 233, 166, 7],
    [1, 10, 14, 2],
    [0, 5, 11, 2],
    [6, 101, 84, 15],
    [19, 148, 218, 35],
    [21, 99, 131, 26],
    [12, 116, 248, 28],
    [28, 331, 662, 94],
    [48, 413, 794, 95],
    [2, 31, 65, 4],
    [63, 559, 638, 58],
    [27, 194, 221, 21],
    [37, 348, 363, 40],
    [45, 737, 676, 67],
    [16, 110, 184, 19],
    [43, 322, 546, 49],
    [0, 22, 32, 5],
    [14, 122, 162, 26],
    [6, 25, 50, 7],
    [21, 162, 284, 31],
    [9, 281, 242, 35],
    [10, 60, 133, 23],
    [29, 330, 478, 52],
    [7, 72, 107, 28],
    [12, 89, 169, 26],
    [22, 122, 428, 48],
    [32, 539, 664, 66],
    [19, 164, 384, 71],
    [9, 70, 123, 12],
    [30, 378, 573, 60],
    [11, 346, 246, 27],
    [8, 150, 328, 36],
    [14, 181, 297, 42],
    [19, 361, 367, 38],
    [16, 84, 183, 28],
    [9, 79, 275, 37],
    [21, 177, 386, 55],
    [2, 9, 32, 3],
    [13, 322, 217, 33],
    [9, 96, 362, 40],
    [37, 353, 665, 91],
    [17, 125, 183, 27],
    [51, 427, 742, 89],
    [13, 140, 433, 73],
    [30, 420, 455, 43],
    [4, 107, 83, 7],
    [0, 1, 3, 0],
    [2, 113, 192, 45],
    [104, 1188, 1547, 202],
    [14, 119, 181, 26],
    [117, 639, 966, 128],
    [29, 133, 270, 32]
  ],
  "method": "mvn_cdf",
  "mvncdf_method": "genz",
  "mvncdf_samples": 5000,
  "mvncdf_error": 0.001,
  "cond_prob": [
    [
      [0.6317018315, 0.12518704204, 0.20100593243, 0.00083433417039, 0.018139407525, 0.02313145233],
      [0.036239237301, 0.01963950172, 0.91876489593, 0.00022053400822, 0.020398688861, 0.0047371421833],
      [0.10364797913, 0.59749078282, 0.16269568363, 0.040994523541, 0.053683212413, 0.041487818465],
      [0.019795623336, 0.65901351498, 0.043888377825, 0.16181118915, 0.014268562444, 0.10122273226]
    ],
    [
      [0.5885432642, 0.15848206578, 0.16214477835, 0, 0, 0.090829891671],
      [0.023238889716, 0.018576080668, 0.9321115235, 0, 0, 0.026073506112],
      [0.075248385732, 0.67257311126, 0.10511322489, 0, 0, 0.14706527812],
      [0.062795219199, 0.61986678496, 0.022577419105, 0, 0, 0.29476057673]
    ],
    [
      [0.27574904793, 0.43571622357, 0.25578273428, 0.0020157474402, 0.0068577253415, 0.023878521428],
      [0, 0.014013532866, 0.97224813133, 0.0137383358, 0, 0],
      [0, 0.83923901578, 0.099687000994, 0.061073983222, 0, 0],
      [0, 0.84915158102, 0.021101166199, 0.12974725278, 0, 0]
    ],
    [
      [0.55928783584, 0.18586721187, 0.169935921, 0.0027028538304, 0.038145988718, 0.044060188735],
      [0.039368401679, 0.022813743514, 0.8764145797, 0.0068857274249, 0.041990820739, 0.012526726941],
      [0.065644881297, 0.61982141912, 0.096928424446, 0.085734528872, 0.074783191762, 0.057087554499],
      [0.01025962576, 0.56770729516, 0.021368284713, 0.27244159879, 0.016550871001, 0.11167232457]
    ],
    [
      [0.46971677095, 0.3217056586, 0.14437212614, 0.0031185792599, 0.015278055735, 0.045808809323],
      [0.036937610705, 0.048583646045, 0.87101407297, 0.008911499124, 0.020884188164, 0.013668982993],
      [0.038547401883, 0.76933115445, 0.05917121936, 0.0699356672, 0.020459121948, 0.04255543516],
      [0.0058651816342, 0.6852291772, 0.012786313811, 0.21073913355, 0.0045362430918, 0.080843950719]
    ],
    [
      [0.71704159748, 0.12271920394, 0.11221611426, 0, 0.021945528848, 0.026077555478],
      [0.052048628372, 0.038353638591, 0.85866467352, 0, 0.039337955343, 0.011595104174],
      [0.12374462087, 0.64301255359, 0.10608399557, 0.0036036726396, 0.069832083004, 0.053723074323],
      [0.022260265776, 0.70735546062, 0.028409827022, 0.097227649393, 0.019103209296, 0.1256435879]
    ],
    [
      [0.55545856052, 0.29226895727, 0.080393647138, 0.0024773390332, 0.018482830195, 0.050918665838],
      [0.071272079945, 0.071478132681, 0.77953216173, 0.010894044154, 0.043368100377, 0.023455481114],
      [0.051794950141, 0.77362408395, 0.029870846443, 0.062306357617, 0.030498281774, 0.051905480077],
      [0.0079210130391, 0.69080486795, 0.0071991269942, 0.18766379003, 0.0065690183611, 0.099842183628]
    ],
    [
      [0.47464119205, 0.31973711532, 0.13756197683, 0.0035383839905, 0.022123376458, 0.042397955359],
      [0.038984256645, 0.051464003828, 0.85424039155, 0.0094643735128, 0.033567200269, 0.012279774199],
      [0.038167729727, 0.75669802967, 0.054821409331, 0.079993712288, 0.03266172002, 0.037657398969],
      [0.0057363892963, 0.66041148793, 0.011733213511, 0.24268489448, 0.0068908884824, 0.072543126305]
    ],
    [
      [0.49433376855, 0.25794922852, 0.17509720764, 0.0023240303068, 0.020737102046, 0.049558662936],
      [0.03377033594, 0.032762831594, 0.8904336913, 0.0052975113217, 0.025763553191, 0.011972076652],
      [0.048603630152, 0.71667951349, 0.084444553284, 0.06181585908, 0.036021637609, 0.052434806385],
      [0.0077215581677, 0.66361951443, 0.018918360192, 0.19598718168, 0.0080325407647, 0.10572084476]
    ],
    [
      [0.56293764137, 0.31458429574, 0.063259400378, 0.0018850744011, 0.0081937154041, 0.049139872706],
      [0.082137224929, 0.091055425653, 0.76675687906, 0.01046256528, 0.019913974433, 0.029673930647],
      [0.05073277401, 0.82406027577, 0.016647321096, 0.047760453678, 0.0054824888718, 0.055316686578],
      [0.0075601084606, 0.74604882212, 0.0054855192904, 0.14186520961, 0.0024793962783, 0.096560944247]
    ],
    [
      [0.65105975318, 0.16197146085, 0.14011054823, 0.0013064697708, 0.018835904041, 0.026715863929],
      [0.05159769864, 0.02830120307, 0.87965709468, 0.0034237593591, 0.029085527479, 0.0079347167716],
      [0.091226545946, 0.66612938838, 0.10035252968, 0.052301533767, 0.048388030652, 0.041601971567],
      [0.016165270631, 0.67215302863, 0.024479406841, 0.18336952379, 0.011775252227, 0.092057517885]
    ],
    [
      [0.62501733905, 0.17643293766, 0.14005672673, 0.0016773831584, 0.020908343169, 0.035907270231],
      [0.050436467793, 0.026847241214, 0.87437764295, 0.0049631385041, 0.032090481738, 0.011285027804],
      [0.081685077023, 0.6668959906, 0.091124184566, 0.058431978926, 0.049627133952, 0.052235634934],
      [0.013688336749, 0.64971104597, 0.021464802734, 0.19420925916, 0.011539270183, 0.10938728521]
    ],
    [
      [0.51297965237, 0.20089315221, 0.2261689922, 0.0017632443522, 0.026278388105, 0.031916570764],
      [0.027968652876, 0.022653462925, 0.91472874862, 0.0032482738041, 0.025757432309, 0.0056434294696],
      [0.060254251579, 0.66404984631, 0.12688660302, 0.055467031465, 0.053833293155, 0.03950897447],
      [0.010359208465, 0.66583635152, 0.031157646812, 0.19174570633, 0.013065694531, 0.087835392339]
    ],
    [
      [0.51026846677, 0.24793614862, 0.17134075323, 0.0027121142638, 0.017716535664, 0.050025981452],
      [0.03589777109, 0.03254713756, 0.89115627058, 0.0063094852357, 0.021712065118, 0.012377270419],
      [0.051844723275, 0.70480228817, 0.084727210514, 0.073889611939, 0.030694138418, 0.054042027686],
      [0.0079735637003, 0.63297441983, 0.018386572867, 0.22803711296, 0.0067421840716, 0.10588614656]
    ],
    [
      [0.6198103742, 0.21792836051, 0.10737346146, 0.0021699219428, 0.022841631771, 0.029876250114],
      [0.062626941752, 0.040974243992, 0.83473238032, 0.0078123472977, 0.0430486662, 0.010805420436],
      [0.070531294745, 0.71812065154, 0.060858196402, 0.065877942306, 0.047265603799, 0.037346311211],
      [0.011384851951, 0.67746207948, 0.013871296998, 0.20970429799, 0.010647868985, 0.076929604596]
    ],
    [
      [0.63176819888, 0.19329101765, 0.11672844857, 0.0016021109886, 0.015373581219, 0.041236642693],
      [0.060548117155, 0.036461697125, 0.85600688435, 0.0051600558127, 0.027601996972, 0.014221248588],
      [0.07821211081, 0.70046199581, 0.074210886417, 0.055621190023, 0.034911602708, 0.056582214236],
      [0.012931861675, 0.66317489912, 0.016883999342, 0.181640847, 0.0079460796663, 0.11742231319]
    ],
    [
      [0.34492561505, 0.36126055188, 0.11634960314, 0.0026996889137, 0.037604033802, 0.13716050722],
      [0.022468081763, 0.057130545291, 0.80981669847, 0.012420828087, 0.061228005509, 0.036935840884],
      [0.015464204365, 0.73842575602, 0.035831737039, 0.060167336246, 0.05010363583, 0.1000073305],
      [0.0021695323092, 0.62270076219, 0.0074834096991, 0.16027740445, 0.0099335064477, 0.19743538491]
    ],
    [
      [0.49701729652, 0.24475448698, 0.1747740388, 0.0032351923203, 0.028439508147, 0.051779477229],
      [0.033089943222, 0.029633442799, 0.88254104502, 0.0064554250531, 0.035192082948, 0.013088060958],
      [0.048256138473, 0.67630894848, 0.082884612084, 0.087516952597, 0.049619258097, 0.05541409027],
      [0.0072034747332, 0.59215798105, 0.017532646412, 0.26882304348, 0.010388190557, 0.10389466378]
    ],
    [
      [0.43240504521, 0.34765399895, 0.13455803219, 0.0017737292179, 0.016596829202, 0.067012365226],
      [0.032512467392, 0.048840368598, 0.86666240775, 0.004562173861, 0.025028091183, 0.022394491218],
      [0.031165433376, 0.79116380978, 0.048965048202, 0.039506466402, 0.024746709634, 0.064452532607],
      [0.0049266250167, 0.73355375749, 0.011119886148, 0.12856856544, 0.0053401805022, 0.11649098541]
    ],
    [
      [0.49058867009, 0.31229939078, 0.11411950883, 0.0033797154613, 0.017825326728, 0.061787388117],
      [0.047558635229, 0.058106764961, 0.83118777387, 0.010917502683, 0.031170788442, 0.021058534814],
      [0.041562781259, 0.75370722098, 0.04456032294, 0.077707111568, 0.02607993618, 0.056382627076],
      [0.0061067465648, 0.6443731004, 0.0095464268554, 0.22876035017, 0.0054612431002, 0.10575213291]
    ],
    [
      [0.47698465557, 0.24498701142, 0.20533746432, 0.0035324864678, 0.021478137712, 0.047680244511],
      [0.026741290666, 0.02797363279, 0.90625180821, 0.0048621942951, 0.023369792055, 0.010801281985],
      [0.045280424081, 0.67543631108, 0.098245300891, 0.093437185314, 0.037064075321, 0.050536703315],
      [0.0067135084323, 0.58511253721, 0.020566911396, 0.28543234797, 0.0077222561506, 0.094452438836]
    ],
    [
      [0.4866785193, 0.26998904659, 0.16353778485, 0.003067796203, 0.018692083937, 0.058034769115],
      [0.033928543281, 0.033743677593, 0.88533173462, 0.0075153122369, 0.024427754716, 0.015052977553],
      [0.044688846779, 0.71292301494, 0.074302395562, 0.076876592637, 0.031541336839, 0.059667813243],
      [0.0066906777567, 0.6285533866, 0.015760846284, 0.23016593404, 0.0066267860009, 0.11220236932]
    ],
    [
      [0.52524821746, 0.25309117625, 0.13913465319, 0.0016844924196, 0.039318839308, 0.041522621376],
      [0.043733387025, 0.041516872956, 0.84550529007, 0.00376398933, 0.053025015149, 0.012455445472],
      [0.054116733288, 0.72065041357, 0.071319464959, 0.046657200303, 0.061813590691, 0.045442597185],
      [0.0089997204581, 0.70170942548, 0.016493174704, 0.16167099031, 0.015665429045, 0.095461260003]
    ],
    [
      [0.64714209909, 0.1611806165, 0.1371130557, 0.0015511774914, 0.019048407818, 0.033964643404],
      [0.051141236037, 0.023324913582, 0.87886965522, 0.0050621293486, 0.030384265987, 0.011217799828],
      [0.087704109857, 0.65533851321, 0.094713777963, 0.058153598397, 0.049982530389, 0.054107470185],
      [0.014410591323, 0.64539717833, 0.022400685444, 0.19293690772, 0.011816544378, 0.11303809281]
    ],
    [
      [0.49718512462, 0.27999330831, 0.15927726247, 0.0034059284841, 0.017177637856, 0.042960738254],
      [0.036124924359, 0.03779962728, 0.8837834832, 0.0078663298926, 0.022713856656, 0.011711778613],
      [0.045232359343, 0.72693741155, 0.071260788804, 0.085704851176, 0.0273550309, 0.04350955823],
      [0.0067073656728, 0.63167272773, 0.014956520685, 0.26057329419, 0.0057436492769, 0.080346442441]
    ],
    [
      [0.54706811076, 0.29300766682, 0.10883338812, 0.0023127600495, 0.015889401929, 0.032888672313],
      [0.05658274022, 0.057071521748, 0.8376048095, 0.0079097341777, 0.029372371127, 0.011458823228],
      [0.052946951771, 0.78468816307, 0.046487751173, 0.058782739094, 0.025209524126, 0.031884870764],
      [0.0083356645445, 0.72384524753, 0.010856691679, 0.18385665369, 0.0057776573771, 0.067328085176]
    ],
    [
      [0.50286840807, 0.24027180264, 0.19785404588, 0.0022419965205, 0.031220703307, 0.025543043584],
      [0.030766040991, 0.030406985803, 0.89813652929, 0.0049955127306, 0.033654195355, 0.0020407358325],
      [0.052329149836, 0.70431738658, 0.10091031535, 0.062511292141, 0.055698237943, 0.024233618152],
      [0.0087690811526, 0.68568473147, 0.02376714934, 0.2080026783, 0.013298427331, 0.060477932407]
    ],
    [
      [0.50036528739, 0.28190559581, 0.15452202888, 0.0027478242696, 0.025231583237, 0.035227680418],
      [0.037695338826, 0.03944281883, 0.87221709823, 0.0070888393384, 0.034864781551, 0.0086911232231],
      [0.046336527779, 0.73903595464, 0.070078002436, 0.068910116772, 0.042036927612, 0.033602470762],
      [0.0072929197855, 0.68148401141, 0.015641188817, 0.21582727953, 0.009304162551, 0.070450437902]
    ],
    [
      [0.34888485967, 0.32432360384, 0.19171693565, 0.0032348132034, 0.06541244607, 0.066427341563],
      [0.013914785927, 0.041939438066, 0.85967415587, 0.0077243841227, 0.061487927737, 0.015259308273],
      [0.015031956927, 0.71002238845, 0.08045082113, 0.065272654419, 0.072259777118, 0.056962401957],
      [0.0030892121685, 0.65104776013, 0.016825472408, 0.20013694159, 0.018265038194, 0.11063557551]
    ],
    [
      [0.52879943218, 0.26710973555, 0.14437686663, 0.0023907798937, 0.019327304819, 0.037995880932],
      [0.043346326822, 0.039893158472, 0.8709001254, 0.0066074644889, 0.028470178502, 0.010782746317],
      [0.052793147249, 0.74117474329, 0.069000173554, 0.063498604839, 0.033525053323, 0.040008277741],
      [0.0083438687035, 0.68689943541, 0.015522452568, 0.20076590756, 0.0074766304619, 0.080991705305]
    ],
    [
      [0.64568457507, 0.13082179417, 0.18355978215, 0.0010443628045, 0.012720952195, 0.026168533614],
      [0.039567788262, 0.021151879355, 0.91725703357, 0.0017120395705, 0.013733125295, 0.0065781339519],
      [0.10444039221, 0.61658176546, 0.14870818808, 0.047437664586, 0.035997262472, 0.046834727191],
      [0.019062164877, 0.65049243349, 0.038062759812, 0.17505484554, 0.0093733928022, 0.10795440348]
    ],
    [
      [0.3910230534, 0.35566903883, 0.15267446976, 0.0031886017323, 0.033437543483, 0.064007292792],
      [0.02537865978, 0.051347988965, 0.85230992891, 0.0084159573436, 0.045328019576, 0.017219445428],
      [0.021144865447, 0.75953183159, 0.056384524539, 0.065796427171, 0.044479557455, 0.052662793801],
      [0.003597242757, 0.67572246066, 0.012166412701, 0.19807970757, 0.0095556075155, 0.1008785688]
    ],
    [
      [0.57728149044, 0.23676742669, 0.13347329198, 0.00302247988, 0.02140791924, 0.028047391771],
      [0.050236800276, 0.039305031316, 0.86181338937, 0.0075304617041, 0.034129722975, 0.0069845943562],
      [0.062053732051, 0.71080077252, 0.069088603248, 0.087658871468, 0.040936616216, 0.029461404498],
      [0.0094104729734, 0.63007656952, 0.014853220748, 0.27523778303, 0.0086817680008, 0.061740185731]
    ],
    [
      [0.6440671211, 0.15245105489, 0.15374259525, 0.001270216202, 0.016905877396, 0.031563135156],
      [0.046818103447, 0.024762807382, 0.89178054447, 0.0030731349228, 0.024314249519, 0.0092511602562],
      [0.093295782216, 0.64680963945, 0.11199510815, 0.051737482028, 0.044925295274, 0.051236692887],
      [0.01636413898, 0.65223470564, 0.027471301213, 0.18102127055, 0.010888444405, 0.11202013921]
    ],
    [
      [0.52648104671, 0.26205066391, 0.13721822199, 0.0019722663921, 0.02259619569, 0.049681605314],
      [0.043795341167, 0.038943479783, 0.86218287263, 0.0053640576946, 0.034650146458, 0.015064102267],
      [0.052797101121, 0.73370134619, 0.065385092003, 0.053114159301, 0.040841497419, 0.054160803962],
      [0.0084151817678, 0.68816395437, 0.014845546809, 0.17135613355, 0.0090662335286, 0.10815294998]
    ],
    [
      [0.42821716591, 0.3680267411, 0.077769603001, 0.0036227928397, 0.017186736901, 0.10517696025],
      [0.053756447277, 0.094884900099, 0.75180176393, 0.015768031241, 0.039553053996, 0.044235803454],
      [0.028183656191, 0.79126958183, 0.013710147774, 0.07382780571, 0.020238999532, 0.072769808967],
      [0.0040211005267, 0.63764100594, 0.0037146914741, 0.20051550882, 0.0041865738084, 0.14992111943]
    ],
    [
      [0.44353851135, 0.35117362906, 0.12257513634, 0.0042882910469, 0.024648357653, 0.053776074546],
      [0.038548007201, 0.062617997812, 0.82870464405, 0.01190191597, 0.040665064938, 0.017562370034],
      [0.030113731225, 0.76070528839, 0.042127281454, 0.088704415481, 0.033453603157, 0.044895680293],
      [0.0043417042564, 0.63472230652, 0.0088012636267, 0.26478913429, 0.0067559486658, 0.080589642643]
    ],
    [
      [0.56318485187, 0.16278427932, 0.27367599215, 0.00035487666058, 0, 0],
      [0.017676162024, 0.022165808029, 0.96015802995, 0, 0, 0],
      [0.079343879117, 0.7223174255, 0.17695348678, 0.021385208605, 0, 0],
      [0.058513568767, 0.78692718436, 0.049571389767, 0.10498785711, 0, 0]
    ],
    [
      [0.517996058, 0.19907361487, 0.22701739489, 0.0025030643365, 0.016392839465, 0.037017028433],
      [0.027822148624, 0.02016836292, 0.92551026557, 0.0049157113294, 0.014171533312, 0.0074119782454],
      [0.059877196651, 0.65365834941, 0.12938227037, 0.078644655096, 0.032176457681, 0.046261070784],
      [0.0095141732022, 0.60830207041, 0.029045929764, 0.25208215029, 0.0073141831411, 0.09374149319]
    ],
    [
      [0.38435291298, 0.37699029131, 0.15485510017, 0.0045492377658, 0.032503171006, 0.046749286771],
      [0.025427220908, 0.054407483535, 0.85386374223, 0.010702234417, 0.043639602547, 0.011959716361],
      [0.016537918044, 0.76627569471, 0.053016410558, 0.086985546359, 0.041923427308, 0.035261003021],
      [0.0028271061053, 0.64980418684, 0.011086105559, 0.26107186435, 0.0085447232734, 0.066666013867]
    ],
    [
      [0.50807955354, 0.27832380806, 0.12379649688, 0.0032046529974, 0.024346224226, 0.062249264305],
      [0.046468312981, 0.048580806711, 0.83644968347, 0.0092973469348, 0.040200572811, 0.019003277088],
      [0.046868447041, 0.72047237518, 0.054303428775, 0.079574772266, 0.03934423331, 0.059436743429],
      [0.0069255467545, 0.62020730592, 0.01143968367, 0.23826638257, 0.0081810148326, 0.11498006625]
    ],
    [
      [0.59499176447, 0.23382465798, 0.10826782279, 0.0017504899131, 0.015839323188, 0.045325941659],
      [0.060779978001, 0.04419195921, 0.84186099055, 0.0059637725823, 0.030072895781, 0.017130403877],
      [0.065603019988, 0.73713539868, 0.057771534984, 0.052712392577, 0.031591201601, 0.055186452167],
      [0.010455188746, 0.68908177607, 0.013134529326, 0.16957045397, 0.007052949636, 0.11070510225]
    ],
    [
      [0.56953600587, 0.23012712375, 0.14813109861, 0.0021001948288, 0.02119002596, 0.028915550982],
      [0.045820150655, 0.034323845771, 0.87638353653, 0.005644585007, 0.030801000862, 0.007026881172],
      [0.063962251519, 0.71904978155, 0.080294770042, 0.062470263228, 0.04166847715, 0.032554456513],
      [0.010432233074, 0.68620558019, 0.018548589888, 0.20370468484, 0.0095423737359, 0.071566538276]
    ],
    [
      [0.40821380745, 0.36172356123, 0.13203693162, 0.0043163405026, 0.022339805657, 0.071369553539],
      [0.032486288093, 0.060706143797, 0.83925335844, 0.011730861366, 0.034413461844, 0.021409886456],
      [0.022908890267, 0.76177225345, 0.044172127851, 0.085617213291, 0.028793548367, 0.056735966779],
      [0.0030902833495, 0.62947051823, 0.0090618951687, 0.24971662503, 0.0058094715811, 0.10285120664]
    ],
    [
      [0.56669411988, 0.20598243993, 0.15251936494, 0.0022079569457, 0.028529444737, 0.044066673571],
      [0.044021702951, 0.029533506055, 0.87019798451, 0.0059935672392, 0.038171540353, 0.012081698888],
      [0.066056833105, 0.669098494, 0.085942578708, 0.06818989711, 0.056167133063, 0.054545064012],
      [0.010562839568, 0.62736370902, 0.019474238232, 0.21837348526, 0.012930794558, 0.11129493336]
    ],
    [
      [0.828805986, 0.063935785616, 0.082321435011, 0.0013381530602, 0.0058172681472, 0.017781372169],
      [0.060151696776, 0.033078242321, 0.86929447881, 0.0094721936952, 0.014631080783, 0.013372307618],
      [0.18089913703, 0.51456273812, 0.12606151316, 0.093503565942, 0.028478830646, 0.056494215094],
      [0.033416589599, 0.49945395216, 0.027585633574, 0.31718952702, 0.0067803342954, 0.11557396335]
    ],
    [
      [0.54382911604, 0.2392096696, 0.15158196614, 0.0023142250126, 0.021496186447, 0.041568836757],
      [0, 0, 1, 0, 0, 0],
      [0, 0.66666666667, 0.33333333333, 0, 0, 0],
      [0.0016502414267, 0.90065949481, 0.054192656808, 0.00021000122112, 0.00065824328271, 0.04262936245]
    ],
    [
      [0.37623235316, 0.35464745723, 0.1748601923, 0.0032184943913, 0.012756710759, 0.07828479215],
      [0.020333553215, 0.049753302162, 0.89187281961, 0.0085746337833, 0.010806875697, 0.018658815536],
      [0.02004306248, 0.77003662057, 0.068816830856, 0.06836602868, 0.0087511854568, 0.063986271954],
      [0.0022572396485, 0.66270112869, 0.014573766123, 0.19774115305, 0.0016240448219, 0.12110266766]
    ],
    [
      [0.54479163591, 0.23358792122, 0.1537064977, 0.0023615168965, 0.025335056873, 0.040217371396],
      [0.042321043134, 0.033212315551, 0.87265031355, 0.0060113339377, 0.034896110136, 0.010908883689],
      [0.058932326281, 0.70036434515, 0.079936595468, 0.06780389764, 0.047036849141, 0.045925986316],
      [0.0093859498312, 0.65241080874, 0.018039794798, 0.2164371677, 0.010606780307, 0.09311949862]
    ],
    [
      [0.46858625943, 0.28300550518, 0.17151671806, 0.0027075678456, 0.015970707728, 0.058213241756],
      [0.031447503562, 0.035724776349, 0.89223942111, 0.0068527418345, 0.019028519597, 0.014707037545],
      [0.04160948162, 0.73291690154, 0.077279053298, 0.065956469095, 0.024158951784, 0.058079142665],
      [0.0063932027237, 0.65879674475, 0.016721776454, 0.20032680253, 0.0053556148784, 0.11240585867]
    ],
    [
      [0.49214091093, 0.26044056586, 0.17935764563, 0.0019446235883, 0.01665480324, 0.049461450758],
      [0.033162758386, 0.033748485184, 0.89773729407, 0.00403724096, 0.019493965209, 0.011820256189],
      [0.048883739054, 0.72930055035, 0.0878019842, 0.053623484861, 0.027713510638, 0.052676730902],
      [0.0078657725571, 0.68327218849, 0.019877404786, 0.17494059134, 0.0064335388752, 0.10761050395]
    ],
    [
      [0.78260296667, 0.10689877282, 0.091751195156, 0.0013427293964, 0.0067097151537, 0.010694620803],
      [0.079136681123, 0.038369878152, 0.85968019397, 0.0057210664369, 0.01495546494, 0.0021367153774],
      [0.1294247777, 0.65950620423, 0.1080258957, 0.058295841756, 0.024472070556, 0.020275210056],
      [0.02608266871, 0.67906458287, 0.026086178201, 0.20188380429, 0.0065275741696, 0.060355191762]
    ]
  ],
  "expected_outcome": [
    [
      [8.2121238095, 0.5885432642, 0, 3.3557270151, 8.924618648, 15.057873547, 6.6655027263, 13.2899533773, 23.7280208904, 1.1258752827, 41.0167644502, 16.8754681545, 18.9802471376, 22.9620810048, 9.9169659871, 27.1660325517, 0, 6.9582421513, 2.5944302713, 10.3023620718, 4.2928619001, 4.866785193, 15.2321983062, 4.5299946936, 5.9662214955, 12.0354984368, 16.0917890582, 9.5069404605, 3.139963737, 15.8639829654, 7.1025303257, 3.1281844272, 8.0819408662, 12.237275301, 8.4236967473, 3.8539544932, 9.3143087384, 1.1263697037, 6.733948754, 3.4591762168, 18.7989434808, 10.1148599959, 29.0463362992, 5.3067794969, 17.0008235964, 3.315223944, 0, 0.75246470633, 56.658330135, 6.560207632, 57.5804865783, 22.6954860334],
      [1.6274315466, 0.15848206578, 0, 1.1152032712, 6.1124075133, 2.5771032827, 3.5072274873, 8.9526392288, 12.3815629689, 0.62916859149, 10.2042020336, 4.7636893168, 7.4330466316, 11.1571266879, 3.4868537682, 8.311513759, 0, 3.4265628177, 2.0859239937, 6.5582872063, 2.2048831028, 2.6998904659, 7.3396441113, 1.1282643155, 3.3599196997, 6.4461686701, 7.6886976845, 5.3562063203, 2.9189124346, 8.0132920665, 1.4390397359, 2.8453523107, 3.3147439737, 2.8965700429, 4.1928106225, 3.3122406699, 7.3746462103, 0.32556855864, 2.5879569934, 3.3929126218, 10.2979808982, 3.9750191857, 11.7364833114, 4.702406296, 6.1794731979, 0.25574314246, 0, 0.70929491446, 24.2931438068, 3.9620770726, 30.4715462057, 3.1000644119],
      [2.6130771216, 0.16214477835, 0, 1.019615526, 2.7430703967, 2.3565383994, 0.96472376565, 3.8517353512, 8.4046659669, 0.12651880076, 8.8269645386, 3.7815316217, 8.3682527116, 7.7103338951, 1.7179753834, 5.0193232886, 0, 2.4468365433, 0.80734819313, 2.3965096854, 1.8480371789, 1.6353778485, 4.0349049425, 0.95979138992, 1.9113271497, 2.3943345387, 6.3313294681, 2.9359185487, 1.7254524209, 4.3313059988, 2.0191576037, 1.2213957581, 1.8686260877, 2.9211093098, 2.1954915518, 0.69992642701, 2.5740778631, 0.5473519843, 2.9512261336, 1.3936959015, 4.5804703844, 1.8405529875, 7.5546860291, 1.7164801111, 4.5755809481, 0.32928574004, 0, 0.34972038461, 15.985475761, 2.4012340529, 20.9848445383, 2.6607846595],
      [0.010846344215, 0, 0, 0.016217122983, 0.059253005938, 0, 0.029728068398, 0.099074751734, 0.11155345473, 0.0037701488023, 0.08230759556, 0.045289345276, 0.065240041032, 0.12204514187, 0.034718751084, 0.068890772509, 0, 0.045292692484, 0.010642375308, 0.070974024688, 0.03179237821, 0.03067796203, 0.048850280169, 0.01085824244, 0.040871141809, 0.050880721089, 0.071743888657, 0.052208661122, 0.029113318831, 0.07172339681, 0.01148799085, 0.025508813858, 0.04231471832, 0.024134107837, 0.031556262274, 0.032605135557, 0.090054111985, 0.00070975332115, 0.032539836374, 0.040943139892, 0.1185721609, 0.029758328523, 0.10710993627, 0.056112426533, 0.066238708372, 0.0053526122408, 0, 0.0064369887826, 0.24559775724, 0.037905949839, 0.22752095983, 0.038939152495],
      [0.23581229782, 0, 0, 0.22887593231, 0.29028305897, 0.46085610582, 0.22179396234, 0.61945454082, 0.9953808982, 0.016387430808, 1.1866619546, 0.56452526556, 0.9723003599, 0.7972441049, 0.36546610833, 0.6610639924, 0, 0.39815311405, 0.099580975211, 0.37433186129, 0.19330323941, 0.18692083937, 1.1402463399, 0.13333885472, 0.20613165427, 0.34956684243, 0.99906250581, 0.4794000815, 0.58871201463, 0.57981914458, 0.13993047414, 0.26750034786, 0.29971086936, 0.32121167051, 0.36153913105, 0.15468063211, 0.51761551071, 0, 0.21310691305, 0.29252853905, 0.90081029636, 0.2692684942, 1.0806913239, 0.29041747354, 0.85588334211, 0.023269072589, 0, 0.025513421518, 2.6348459148, 0.22358990819, 1.9486119791, 0.19458173946],
      [0.30070888029, 0.090829891671, 0, 0.26436113241, 0.87036737714, 0.54762866503, 0.61102399006, 1.18714275, 2.3788158209, 0.098279745411, 1.6830994275, 0.96949629623, 1.1809131183, 2.2511691653, 0.47802000182, 1.7731756358, 0, 0.7249126812, 0.40207419135, 1.2975351505, 0.4291222006, 0.58034769115, 1.2041560199, 0.23775250383, 0.51552885905, 0.72355079088, 0.81737739468, 0.66932592794, 0.59784607407, 1.139876428, 0.28785386975, 0.51205834234, 0.3926634848, 0.59969956796, 0.79490568502, 0.94659264226, 1.1292975655, 0, 0.48122136963, 0.42074358094, 2.3032227793, 0.7705410082, 1.4746931001, 0.92780419601, 1.3220002071, 0.071125488675, 0, 0.1565695843, 4.1826066251, 0.81498538459, 5.7869897387, 0.31014400327]
    ],
    [
      [8.4437422911, 0.23238889716, 0, 3.9762085696, 5.4667663844, 5.1528142088, 8.2675612736, 12.9037889496, 13.9471487431, 2.5462539728, 28.8431135398, 9.7846747518, 9.7330912007, 26.4566572934, 6.8889635927, 19.4964937239, 0.49429779878, 4.036973073, 0.81281168481, 7.704498907, 7.5143026772, 2.0357125969, 14.4320177183, 3.6821689947, 3.215118268, 6.9030943069, 16.5828960943, 6.1820355674, 0.97403501491, 16.3849115386, 13.6904547388, 3.806798967, 9.0928608499, 16.9013353444, 3.6788086581, 4.2467593349, 6.8229972745, 0.15908545822, 8.9587318571, 2.4410132072, 16.4033144822, 7.5974972502, 19.5652043297, 4.548080333, 18.4891152396, 6.4362315551, 0, 2.2976915133, 50.2773992429, 3.7422529239, 21.1910026087, 10.5251785894],
      [4.5760039007, 0.18576080668, 0.070067664331, 2.3041880949, 7.1903796146, 3.7970102205, 8.291463391, 17.0345852671, 13.5310494485, 2.8227181952, 15.8203725163, 5.2083647954, 7.8834050979, 23.9872403817, 4.5071668391, 11.7406664742, 1.2568719964, 3.6152800215, 1.2210092149, 9.4132959238, 7.8605908139, 2.0246206556, 13.7005680754, 1.6793937779, 3.364166828, 6.9627256532, 16.3893653476, 6.4686222881, 2.9357606646, 15.0796139024, 7.3185502568, 7.7021983448, 7.1142106683, 8.9393734648, 3.2712523017, 7.4959071078, 11.0833856127, 0.19949227227, 6.4942128603, 5.2231184194, 17.1490247692, 5.5239949012, 14.6562821444, 8.4988601315, 12.404072543, 3.5393719283, 0, 5.6221231443, 39.4562308741, 4.2512483855, 21.5652820327, 5.1031937942],
      [214.072220751, 9.321115235, 4.8612406567, 88.5178725498, 128.9100827995, 85.0078026785, 90.4257307606, 282.7535696018, 367.7491145075, 23.7694632508, 491.7283159264, 169.6292627319, 318.3256045186, 656.7821714151, 91.8205618355, 275.6342167598, 17.8159673663, 107.6700074923, 21.6665601937, 134.6524193671, 254.6567581066, 53.1199040772, 279.0167457224, 63.2786151756, 78.6567300047, 102.1877867589, 484.0955892862, 143.04360411, 60.1771909112, 329.2002474006, 317.3709336136, 127.8464893359, 155.9882234763, 321.9327765548, 72.4233613009, 59.3923393507, 146.6807219962, 8.6414222695, 298.0143055131, 81.9709192543, 295.2667382661, 105.2326238186, 374.2157700996, 117.4954701821, 365.4831534957, 93.0145092324, 1, 100.7816286155, 1036.7085725007, 106.1764911124, 573.6541309122, 114.3374657981],
      [0.051384423916, 0, 0.068691678998, 0.69545846991, 1.3189018703, 0, 1.2637091218, 3.1327076327, 2.1878721759, 0.32433952367, 1.9138814817, 0.96284886979, 1.1303992838, 4.6500906187, 0.85935820274, 1.6615379717, 0.27325821791, 0.78756185648, 0.11405434653, 1.7686354347, 1.3662765969, 0.45091873421, 1.2421164789, 0.3644733131, 0.70010336044, 0.96498756967, 2.6925813618, 1.1625696515, 0.54070688859, 2.4976215768, 0.59236569138, 1.2623936015, 1.3630135684, 1.1094017071, 0.45058084635, 1.245674468, 2.1066391266, 0, 1.5828590481, 1.0274145041, 3.281963468, 0.74547157279, 2.410237798, 1.6423205913, 2.5172982405, 1.0135247254, 0, 0.96893361751, 7.141464718, 0.8154762783, 2.5797969734, 0.76090183611],
      [4.7528945046, 0, 0, 4.2410728947, 3.0908598482, 3.894457579, 5.0306996437, 11.1107432889, 10.6403474678, 0.61733320741, 16.2588098606, 6.2255534571, 8.9635864435, 16.001791992, 4.735353282, 8.8878430251, 1.3470161212, 4.2934341197, 0.62570227957, 5.0496677276, 6.5669115675, 1.465665283, 17.4982549993, 2.1876671511, 2.0215332424, 3.5834292775, 18.1396112964, 5.7178241744, 4.3041549416, 10.7617274737, 4.7516613521, 6.7992029364, 6.1774798585, 8.7774440764, 2.9106123025, 3.1246912657, 7.1977164941, 0, 4.5632337264, 4.1894018445, 14.1908022024, 3.7591119726, 13.1520273679, 4.8178846582, 16.0320469485, 1.5655256437, 0, 1.2211769538, 41.4565788419, 2.2643938321, 12.4566437683, 1.989076837],
      [1.1037541287, 0.26073506112, 0, 1.2651994211, 2.0230094829, 1.1479153133, 2.7208358092, 4.0646052599, 4.9444676572, 0.91989185005, 4.4355066753, 2.189295394, 1.9639134554, 9.122048299, 1.188596248, 4.5792420453, 0.81258849946, 1.5967434369, 0.55986228044, 3.4114826398, 3.0351602379, 0.90317865315, 4.1102970057, 0.80768158765, 1.0423482965, 1.3979764339, 1.0999566137, 1.4253442086, 1.0681515791, 4.075878108, 2.2760343474, 2.5829168143, 1.2642115785, 3.3396688525, 1.2653845905, 3.4946284729, 3.1085394959, 0, 2.386656995, 1.1481327706, 6.7081568122, 2.1413004846, 3.0004782604, 2.9973841038, 5.0743135328, 1.4308369151, 0, 2.1084461556, 12.9597538225, 1.7501374678, 7.5531437047, 0.2841831452]
    ],
    [
      [17.205564536, 1.0534774002, 0, 5.514170029, 8.4033336105, 16.210545334, 12.8451476351, 25.2670370793, 38.5912823406, 3.2976303106, 58.2025363134, 18.052402022, 21.8722933231, 35.0470329338, 12.9777582331, 42.7038125024, 0.49485453968, 7.8174944326, 1.5582716688, 11.8038298776, 10.9578626276, 5.9436166217, 25.8677985117, 9.3843397547, 7.644268729, 22.6612953582, 34.7465554914, 17.7932266673, 1.848930702, 30.2504733739, 25.6923364838, 6.9355158665, 18.429958419, 34.2395520734, 9.6618695051, 7.7505054525, 11.623900253, 2.5390041317, 12.9933516733, 5.9867263318, 31.1675172824, 12.0053526578, 47.4599906274, 9.9195494856, 30.0558590626, 15.0146283737, 0, 3.8482679962, 91.1683087562, 7.5313161733, 47.2216919257, 34.9446899785],
      [99.1834699479, 9.4160235576, 9.2316291736, 52.0649992064, 167.7141916702, 84.2346445208, 191.858772819, 500.9340956386, 569.0435337113, 53.5639179248, 424.9905497896, 147.3840139225, 241.0500942096, 476.4463468016, 132.1341998826, 382.4522497097, 23.6296241927, 109.5620496536, 39.5581904889, 214.0528507576, 163.4555872808, 94.8187609869, 344.4708976881, 70.1212209135, 122.8524225514, 335.846533795, 467.6667446911, 283.7898065814, 87.3327537792, 424.6931279069, 151.6791143031, 249.1264407608, 211.1078294383, 237.3791376779, 134.2673463535, 217.5991350024, 293.6322413184, 23.114157616, 141.8438618227, 277.3918014851, 479.1141294935, 134.8957779591, 533.5349379077, 329.8473857418, 304.4398147713, 42.7087072641, 2, 147.84703115, 1083.4636419535, 132.6579591784, 704.5043316346, 178.0666751421],
      [27.0074834826, 1.4715851484, 1.0965570109, 8.1419876535, 12.8993258204, 13.8970034195, 7.4079699179, 36.2917729769, 67.0489753074, 1.0820758712, 64.0249139383, 20.138444789, 46.0598368973, 57.2755943077, 11.1979081381, 40.5191439838, 1.1466155853, 13.4273071577, 2.4482524101, 12.655131715, 23.7753628157, 9.8822186097, 34.0907042505, 10.1343742421, 12.0430733078, 19.8967575018, 67.0044493892, 26.9099529354, 9.895450999, 39.5370994465, 36.5822142679, 18.4941240487, 20.5193151645, 41.1022046893, 11.9654718366, 3.7702906377, 16.2611306412, 5.6625115769, 28.0759526711, 19.1919406219, 36.1117801356, 10.5721909021, 59.5787193712, 19.1265313595, 39.1038733122, 10.4631055926, 1, 13.2128315244, 123.6619131892, 13.9875086469, 84.8167167369, 29.16699184],
      [6.8050909078, 0, 0.67181381544, 7.2017004252, 15.2459754495, 0.47208111579, 15.4519766891, 52.9558375349, 49.0817921097, 3.1044294891, 33.3683785431, 12.9134673426, 20.1345324219, 49.9493776708, 12.1215413844, 30.3691697526, 1.9253547599, 14.1777463207, 1.9753233201, 22.0688196853, 22.6117988459, 10.2245868208, 22.302141745, 6.2224350284, 14.4841198487, 25.1590123322, 41.5074979815, 26.4614848405, 8.0285364935, 36.384700573, 11.6696654882, 21.5812281122, 26.034684826, 18.9876559042, 9.7198911521, 20.3026465702, 34.2399043755, 0.68432667535, 17.0658901559, 31.488767782, 52.917223557, 9.6463678415, 46.3529353151, 37.072253355, 31.026403185, 7.7607959732, 0, 13.1262775065, 104.8926296487, 11.9381209062, 51.8002863754, 15.7398772742],
      [8.9114132605, 0, 0, 6.281788108, 4.4600885846, 9.1480028735, 7.5635738798, 21.622058653, 28.6011802613, 0.35636177667, 30.8715635557, 10.9675966035, 19.5414854154, 20.7492375703, 8.696871099, 19.0617350788, 1.6033163466, 8.0383198118, 1.2373354817, 7.406701875, 8.9695062278, 4.1949977996, 29.5468963505, 5.3481307516, 4.6230002222, 10.789676326, 36.9836299939, 16.142180203, 8.8879525855, 19.2098555541, 8.8553265681, 14.5892948452, 12.1581750161, 16.4875833657, 7.4739940276, 5.5657248713, 12.9130908186, 0, 6.9822913169, 15.1762806855, 26.1639151515, 5.781189893, 30.9180100457, 12.4676064428, 25.5560455435, 2.3637429436, 0, 1.6802276077, 72.7660056213, 4.3727702729, 26.7712512766, 6.6074590501],
      [6.8869778652, 2.0589138937, 0, 4.7953545779, 9.2770848648, 7.0377227364, 12.8725590591, 24.9291981174, 41.6332362697, 3.5955846276, 26.5420578598, 11.5440753204, 14.3417577327, 36.5324107158, 6.8717212629, 30.8938889727, 3.200234576, 8.9770826237, 3.2226266303, 16.0126660895, 12.2298822023, 7.9358191613, 21.7215614542, 5.7894993098, 7.3531153409, 13.6467246868, 16.0911224528, 12.9033487725, 7.0063754407, 22.9247431458, 11.5213428891, 17.2733963666, 8.750037136, 18.8038662895, 9.911427125, 20.0116974659, 17.3297325933, 0, 10.0386523601, 12.7644830938, 39.5254343801, 10.0991207465, 24.1554067329, 24.5666736152, 24.8180041255, 4.6890198528, 0, 12.2853642152, 71.0475008311, 10.5123248223, 50.8857220509, 5.4743067152]
    ],
    [
      [0.13856936335, 0.1255904384, 0, 0.15389438639, 0.2052813572, 0.57876691017, 0.2217883651, 0.53922059385, 0.73354802593, 0.030240433842, 0.93758569659, 0.28745507173, 0.41436833861, 0.53422876792, 0.21631218706, 0.63366122205, 0.010847661546, 0.18729034306, 0.034486375117, 0.18930914351, 0.23497279513, 0.1538855884, 0.46798546382, 0.40349655703, 0.17439150749, 0.40011189813, 0.57875935607, 0.51779730477, 0.037070546022, 0.50063212221, 0.51467845168, 0.12950073925, 0.39523986488, 0.62183728125, 0.2356250895, 0.14878071949, 0.2387937341, 0.1755407063, 0.31396771567, 0.11308424421, 0.63022475466, 0.28229009615, 0.92846874363, 0.22559068451, 0.45420210143, 0.23391612719, 0, 0.10157578418, 1.8959618659, 0.16622327082, 1.0068188873, 0.83464539871],
      [4.6130946049, 1.2397335699, 1.698303162, 8.5156094274, 23.9830212019, 18.391241976, 19.3425363027, 62.0786798655, 63.0438538713, 2.9841952885, 38.9848756605, 13.6439319653, 26.6334540609, 42.4092861288, 12.8717795101, 32.4955700571, 3.1135038109, 15.3961075072, 5.1348763024, 19.9755661124, 20.4789388025, 14.4567278917, 36.4888901252, 18.0711209932, 16.423490921, 34.7445718817, 45.2551922768, 48.3853648102, 7.8125731216, 41.2139661243, 17.5632957043, 24.3260085838, 26.4632159197, 24.7849188144, 19.2685907222, 23.5927172199, 34.9097268586, 2.3607815531, 20.0739683236, 25.9921674738, 56.4388648391, 18.605207954, 61.0722966366, 45.9513478306, 26.9766394878, 3.4961776651, 0, 29.8215507912, 131.7869833656, 17.1287153636, 87.4588401269, 21.7300666519],
      [0.30721864477, 0.04515483821, 0.042202332398, 0.32052427069, 0.44752098337, 0.73865550258, 0.20157555584, 1.10292207, 1.7972442182, 0.021942077162, 1.4198055968, 0.45076085741, 1.2463058725, 1.2319003821, 0.26355464297, 0.82731596775, 0.037417048495, 0.45584880672, 0.077839203036, 0.29593923252, 0.71984189887, 0.36249946454, 0.85764508459, 0.62721919242, 0.38886953782, 0.52112120058, 1.5686318564, 1.110524406, 0.2019056689, 0.9313471541, 1.0276945149, 0.43799085722, 0.62383527144, 1.0439094461, 0.41567531064, 0.13744358454, 0.48406949947, 0.1487141693, 0.95851568221, 0.44344422237, 1.041011214, 0.3546322918, 1.6508245001, 0.66151834732, 0.83739224397, 0.19309943502, 0, 0.65581947554, 3.6440385491, 0.43476618779, 2.5443078126, 0.83475770243],
