{
  "X": [
    [55, 15, 30],
    [47, 20, 33],
    [42, 18, 40],
    [47, 19, 34],
    [48, 17, 35],
    [37, 19, 44],
    [37, 27, 36],
    [39, 22, 39],
    [33, 35, 32],
    [24, 53, 23],
    [21, 53, 26],
    [33, 35, 32],
    [14, 48, 38],
    [18, 49, 33],
    [24, 54, 22],
    [25, 52, 23],
    [25, 48, 27],
    [44, 22, 34],
    [29, 31, 40],
    [33, 27, 40],
    [30, 30, 40],
    [29, 25, 46],
    [27, 24, 49],
    [27, 35, 38],
    [24, 36, 40],
    [29, 26, 45],
    [30, 34, 36],
    [25, 28, 47],
    [35, 27, 38],
    [20, 27, 53],
    [26, 41, 33],
    [23, 34, 43],
    [16, 34, 50],
    [33, 21, 46],
    [19, 30, 51],
    [29, 23, 48],
    [22, 33, 45],
    [23, 30, 47],
    [18, 25, 57],
    [33, 23, 44],
    [29, 22, 49],
    [23, 36, 41],
    [21, 52, 27],
    [18, 49, 33],
    [19, 58, 23],
    [23, 58, 19],
    [26, 56, 18],
    [24, 54, 22],
    [30, 51, 19],
    [17, 57, 26]
  ],
  "W": [
    [60, 5, 12, 10, 6, 7],
    [58, 12, 8, 4, 7, 11],
    [51, 9, 14, 9, 7, 10],
    [57, 13, 6, 5, 6, 13],
    [63, 9, 7, 6, 8, 7],
    [54, 12, 14, 6, 7, 7],
    [47, 16, 11, 10, 6, 10],
    [58, 12, 8, 8, 6, 8],
    [25, 37, 13, 9, 6, 10],
    [6, 64, 5, 6, 7, 12],
    [5, 51, 12, 7, 13, 12],
    [14, 55, 7, 8, 9, 7],
    [8, 55, 9, 11, 8, 9],
    [8, 62, 10, 4, 10, 6],
    [10, 58, 5, 7, 10, 10],
    [8, 58, 8, 7, 10, 9],
    [6, 48, 26, 8, 8, 4],
    [11, 7, 56, 10, 9, 7],
    [11, 13, 50, 8, 12, 6],
    [9, 4, 59, 13, 5, 10],
    [11, 6, 52, 9, 9, 13],
    [14, 9, 52, 14, 7, 4],
    [5, 8, 59, 10, 10, 8],
    [5, 11, 52, 8, 10, 14],
    [8, 6, 62, 2, 10, 12],
    [8, 12, 7, 60, 7, 6],
    [5, 9, 9, 60, 8, 9],
    [7, 5, 11, 61, 10, 6],
    [13, 3, 12, 60, 4, 8],
    [7, 4, 7, 64, 9, 9],
    [4, 8, 5, 58, 14, 11],
    [12, 6, 10, 55, 5, 12],
    [6, 6, 8, 68, 7, 5],
    [13, 9, 5, 21, 42, 10],
    [6, 13, 9, 8, 56, 8],
    [13, 7, 11, 8, 52, 9],
    [5, 7, 10, 8, 58, 12],
    [8, 8, 13, 7, 52, 12],
    [6, 4, 7, 7, 68, 8],
    [12, 6, 4, 8, 62, 8],
    [12, 9, 6, 8, 60, 5],
    [8, 7, 9, 7, 44, 25],
    [13, 9, 15, 6, 6, 51],
    [7, 10, 9, 8, 13, 53],
    [13, 4, 8, 8, 5, 62],
    [7, 14, 8, 6, 8, 57],
    [8, 9, 9, 8, 9, 57],
    [10, 10, 6, 8, 7, 59],
    [10, 10, 10, 10, 9, 51],
    [9, 5, 8, 12, 12, 54]
  ],
  "method": "mvn_cdf",
  "mvncdf_method": "genz",
  "mvncdf_samples": 5000,
  "mvncdf_error": 1e-06,
  "cond_prob": [
    [
      [0.71181729032, 0.011066251833, 0.27711645785],
      [0.23526693346, 0.59941390694, 0.1653191596],
      [0.41329938719, 0.19735061562, 0.38934999718],
      [0.3134153969, 0.25528043595, 0.43130416715],
      [0.29243516139, 0.15700821031, 0.55055662831],
      [0.1840245202, 0.74497750487, 0.070997974935]
    ],
    [
      [0.6450378336, 0.011968882105, 0.3429932843],
      [0.20076643734, 0.60726406617, 0.19196949649],
      [0.35010115052, 0.1995064718, 0.45039237769],
      [0.25987099964, 0.25219816508, 0.48793083528],
      [0.23829511678, 0.15240778886, 0.60929709436],
      [0.15803342797, 0.75908515771, 0.082881414311]
    ],
    [
      [0.59650531025, 0.010386900374, 0.39310778938],
      [0.20044372345, 0.5622628551, 0.23729342145],
      [0.31974398779, 0.17012512882, 0.51013088339],
      [0.23649076942, 0.21364209715, 0.54986713344],
      [0.20977544953, 0.12532002984, 0.66490452063],
      [0.16395846887, 0.72956672514, 0.10647480599]
    ],
    [
      [0.64029070678, 0.0088865451272, 0.35082274809],
      [0.23681294357, 0.52998338417, 0.23320367227],
      [0.36355186016, 0.15409512502, 0.48235301482],
      [0.27353122381, 0.19688961755, 0.52957915864],
      [0.24304707364, 0.11565091609, 0.64130201028],
      [0.19601262318, 0.6980637866, 0.10592359023]
    ],
    [
      [0.63433540196, 0.014115589961, 0.35154900808],
      [0.17632011543, 0.64795617857, 0.17572370601],
      [0.33031420719, 0.2270611758, 0.44262461701],
      [0.24193494836, 0.28318467072, 0.47488038092],
      [0.2256191836, 0.17366142407, 0.60071939233],
      [0.13534684911, 0.79064104456, 0.074012106332]
    ],
    [
      [0.52680801507, 0.013380393364, 0.45981159157],
      [0.1497910536, 0.6157647383, 0.2344442081],
      [0.25727168333, 0.19988555946, 0.54284275721],
      [0.18536227574, 0.24468767892, 0.56995004534],
      [0.165125361, 0.14375152379, 0.69112311522],
      [0.11939682018, 0.77822246609, 0.10238071372]
    ],
    [
      [0.58442823483, 0.017275437523, 0.39829632764],
      [0.14272993721, 0.68254557293, 0.17472448986],
      [0.28113282957, 0.25532759431, 0.46353957613],
      [0.20211388104, 0.31205190145, 0.48583421751],
      [0.18890018409, 0.19233321611, 0.6187665998],
      [0.1082896001, 0.81892400058, 0.072786399322]
    ],
    [
      [0.55637099391, 0.018436535434, 0.42519247066],
      [0.12794898569, 0.69647070474, 0.17558030958],
      [0.2583652294, 0.26439542392, 0.47723934667],
      [0.18408047226, 0.32047447493, 0.49544505281],
      [0.17203646142, 0.19701308751, 0.63095045107],
      [0.096339336246, 0.83114846513, 0.072512198623]
    ],
    [
      [0.63093557547, 0.011623456543, 0.35744096799],
      [0.20267049958, 0.59045465642, 0.206874844],
      [0.34066499142, 0.19115931625, 0.46817569233],
      [0.25262406532, 0.24059636383, 0.50677957085],
      [0.22890530383, 0.14454450749, 0.62655018868],
      [0.16250710183, 0.74651445444, 0.090978443731]
    ],
    [
      [0.66698627796, 0.013170286034, 0.31984343601],
      [0.20088514759, 0.62470076426, 0.17441408815],
      [0.36075327345, 0.21722692915, 0.4220197974],
      [0.26804508647, 0.27393943666, 0.45801547687],
      [0.24892579129, 0.16956946131, 0.5815047474],
      [0.15720019281, 0.76797881216, 0.074820995034]
    ],
    [
      [0.63445943883, 0.017626516197, 0.34791404498],
      [0.15653312777, 0.68831756819, 0.15514930403],
      [0.31425829159, 0.26675203939, 0.41898966903],
      [0.22789665312, 0.32806066789, 0.44404267899],
      [0.21677336678, 0.20720312266, 0.57602351056],
      [0.11845967255, 0.81719808587, 0.064342241578]
    ],
    [
      [0.6685553951, 0.0076816804781, 0.32376292442],
      [0.27293544799, 0.48870385659, 0.23836069542],
      [0.39612015523, 0.13712701093, 0.46675283383],
      [0.30298669262, 0.1780429651, 0.51897034228],
      [0.26903888165, 0.099158885957, 0.63180223239],
      [0.23206629525, 0.65705495332, 0.11087875143]
    ],
    [
      [0.43291478472, 0.01496796178, 0.5521172535],
      [0.11583837314, 0.62035864328, 0.26380298358],
      [0.19450625318, 0.20277238379, 0.60272136303],
      [0.13733325378, 0.24127387163, 0.62139287458],
      [0.11990276699, 0.140488833, 0.73960840001],
      [0.09846346373, 0.78500458771, 0.11653194856]
    ],
    [
      [0.51647638684, 0.014894952819, 0.46862866034],
      [0.13965318402, 0.6326579359, 0.22768888008],
      [0.24516212868, 0.2151072432, 0.53973062812],
      [0.17529739035, 0.26089219236, 0.56381041729],
      [0.15669971769, 0.1551192307, 0.68818105161],
      [0.11091215601, 0.79006348487, 0.099024359122]
    ],
    [
      [0.67034926651, 0.017271782942, 0.31237895055],
      [0.16915892091, 0.68850210922, 0.14233896987],
      [0.34250141346, 0.26898673612, 0.38851185041],
      [0.25083690704, 0.33496947864, 0.41419361432],
      [0.24120851971, 0.21332334174, 0.54546813855],
      [0.12707567951, 0.81407836613, 0.058845954366]
    ],
    [
      [0.68124324713, 0.015480816148, 0.30327593672],
      [0.18520820129, 0.66550178947, 0.14929000923],
      [0.36022540272, 0.24995077986, 0.38982381742],
      [0.26626976256, 0.31323054693, 0.42049969051],
      [0.2537665849, 0.19823894, 0.54799447511],
      [0.14122312546, 0.7962961202, 0.06248075434]
    ],
    [
      [0.65885947353, 0.017697457951, 0.32344306852],
      [0.16279495714, 0.69285967452, 0.14434536834],
      [0.33157417534, 0.27238163906, 0.39604418559],
      [0.24195738216, 0.33684134099, 0.42120127684],
      [0.23253498049, 0.21487985298, 0.55258516653],
      [0.12249821355, 0.81792243011, 0.059579356335]
    ],
    [
      [0.75347138519, 0.0088024758655, 0.23772613894],
      [0.29244975553, 0.54028872823, 0.16726151624],
      [0.47198395076, 0.16623317266, 0.36178287658],
      [0.36746934389, 0.22065629293, 0.41187436317],
      [0.34254931522, 0.13541526039, 0.52203542439],
      [0.238508457, 0.68650884327, 0.074982699732]
    ],
    [
      [0.6124071822, 0.016500493746, 0.37109232405],
      [0.15691866146, 0.6716049908, 0.17147634774],
      [0.30382498588, 0.24994517653, 0.44622983758],
      [0.22031412572, 0.30777010878, 0.4719157655],
      [0.20638337259, 0.19082045698, 0.60279617044],
      [0.11997110145, 0.80811061739, 0.071918281162]
    ],
    [
      [0.64475279058, 0.012891603776, 0.34235560564],
      [0.19530118883, 0.6178805179, 0.18681829327],
      [0.34476729616, 0.21054544039, 0.44468726345],
      [0.2557892134, 0.26445550497, 0.47975528163],
      [0.23560263695, 0.16150403408, 0.60289332897],
      [0.15362212356, 0.76572037906, 0.080657497386]
    ],
    [
      [0.61523258183, 0.014388362898, 0.37037905528],
      [0.17265112649, 0.64018442438, 0.18716444912],
      [0.31532007501, 0.22483900343, 0.45984092156],
      [0.23062419013, 0.27903738486, 0.49033842501],
      [0.21273049896, 0.1705470003, 0.61672250074],
      [0.13451486333, 0.78546819716, 0.080016939507]
    ],
    [
      [0.57116696844, 0.014022751194, 0.41481028037],
      [0.16142025847, 0.62774526827, 0.21083447326],
      [0.28526478157, 0.21333836479, 0.50139685364],
      [0.20694530268, 0.26260688193, 0.53044781539],
      [0.18708086394, 0.15731064843, 0.65560848763],
      [0.1274521573, 0.78120612648, 0.091341716226]
    ],
    [
      [0.56258527631, 0.011026661641, 0.42638806205],
      [0.18358649998, 0.56638203037, 0.25003146965],
      [0.29142204603, 0.17349977798, 0.53507817598],
      [0.21316159565, 0.21533416555, 0.5715042388],
      [0.18790979366, 0.12595346958, 0.68613673676],
      [0.15125572016, 0.7356613732, 0.11308290664]
    ],
    [
      [0.61794538622, 0.015439635462, 0.36661497832],
      [0.16592643141, 0.65666915238, 0.17740441621],
      [0.31244291415, 0.2381976448, 0.44935944106],
      [0.22778171834, 0.29453976723, 0.47767851443],
      [0.21196252972, 0.18164996629, 0.60638750399],
      [0.12805782717, 0.79685683119, 0.075085341641]
    ],
    [
      [0.56783730247, 0.021839678409, 0.41032301912],
      [0.11875130102, 0.72701378252, 0.15423491646],
      [0.25474969871, 0.29980701249, 0.4454432888],
      [0.18032398204, 0.35982296102, 0.45985305695],
      [0.17258969737, 0.22789505131, 0.59951525132],
      [0.088338732167, 0.84885410349, 0.06280716434]
    ],
    [
      [0.6379066255, 0.010148299483, 0.35194507502],
      [0.22205144077, 0.55673270911, 0.22121585012],
      [0.3541992096, 0.17140412796, 0.47439666244],
      [0.26873297237, 0.2207748159, 0.51049221173],
      [0.23763244863, 0.12947457478, 0.63289297658],
      [0.18211267125, 0.71835918776, 0.09952814099]
    ],
    [
      [0.70317815207, 0.013474825722, 0.28334702221],
      [0.20778864315, 0.63883387118, 0.15337748567],
      [0.39003308768, 0.22834174654, 0.38162516578],
      [0.29207094525, 0.29034249866, 0.41758655608],
      [0.27700492549, 0.18270793265, 0.54028714187],
      [0.16184258958, 0.77323956035, 0.064917850075]
    ],
    [
      [0.59810456525, 0.013683687482, 0.38821174727],
      [0.17275154621, 0.62480973498, 0.20243871881],
      [0.30477348963, 0.21256679339, 0.48265971698],
      [0.22319366099, 0.26404753408, 0.51275880493],
      [0.20341687256, 0.1596830905, 0.63690003694],
      [0.13635564297, 0.77595872423, 0.087685632802]
    ],
    [
      [0.70192141921, 0.011699921201, 0.28637865959],
      [0.22760301692, 0.6035278409, 0.16886914218],
      [0.40004034804, 0.2037094437, 0.39625020826],
      [0.30210057312, 0.2608781812, 0.43702124568],
      [0.28232971776, 0.16158196455, 0.55608831769],
      [0.17982334431, 0.74725843427, 0.072918221429]
    ],
    [
      [0.51400192199, 0.012802308315, 0.47319576969],
      [0.15528654429, 0.59403650608, 0.25067694963],
      [0.25080700888, 0.18999848025, 0.55919451087],
      [0.18059323596, 0.2321297021, 0.58727706195],
      [0.15915904398, 0.13552247391, 0.7053184821],
      [0.12377075051, 0.76388959079, 0.11233965871]
    ],
    [
      [0.69205681936, 0.019309599586, 0.28863358105],
      [0.16118294801, 0.7168187717, 0.12199828029],
      [0.34839641153, 0.29862375733, 0.35297983114],
      [0.25640340966, 0.36511718396, 0.37847940639],
      [0.25091578412, 0.2426136769, 0.50647053899],
      [0.11907256727, 0.83136912116, 0.049558311574]
    ],
    [
      [0.56548170343, 0.016930424468, 0.4175878721],
      [0.14075911872, 0.67119056028, 0.188050321],
      [0.26912935644, 0.2471527109, 0.48371793266],
      [0.19282120449, 0.30040052481, 0.50677827071],
      [0.17840984976, 0.18417868199, 0.63741146824],
      [0.10825063734, 0.81238788796, 0.079361474706]
    ],
    [
      [0.4943602081, 0.019894184245, 0.48574560765],
      [0.11015762763, 0.69470625256, 0.1951361198],
      [0.21629809096, 0.26627312547, 0.51742878357],
      [0.1518970697, 0.31829336805, 0.52980956225],
      [0.14051765184, 0.19492712831, 0.66455521984],
      [0.083475409813, 0.83536375647, 0.081160833717]
    ],
    [
      [0.67869743282, 0.0083901925978, 0.31291237458],
      [0.2633367319, 0.51635534711, 0.22030792099],
      [0.40021195013, 0.15077414362, 0.44901390624],
      [0.30521271272, 0.19476709148, 0.5000201958],
      [0.27367724245, 0.11605633377, 0.61026642379],
      [0.22046644233, 0.68226219073, 0.097271366939]
    ],
    [
      [0.54753971334, 0.016757775572, 0.43570251109],
      [0.13671447989, 0.66701325932, 0.1962722608],
      [0.25878644488, 0.24211477321, 0.4990987819],
      [0.18512523481, 0.29406957758, 0.52080518761],
      [0.16983056957, 0.17869404683, 0.65147538359],
      [0.10561790086, 0.81117529504, 0.083206804107]
    ],
    [
      [0.63493001532, 0.011875455935, 0.35319452875],
      [0.20058030726, 0.5977790721, 0.20164062064],
      [0.34236846433, 0.19560964445, 0.46202189122],
      [0.25383198918, 0.24628469948, 0.49988331135],
      [0.23104886151, 0.14857796175, 0.62037317674],
      [0.15988396807, 0.75189679195, 0.088219239984]
    ],
    [
      [0.61650083561, 0.019145622491, 0.3643535419],
      [0.14214307743, 0.70614359674, 0.15171332583],
      [0.29533034546, 0.28138553772, 0.42328411682],
      [0.21238331486, 0.34363707466, 0.44397961048],
      [0.20321728059, 0.21755911402, 0.57922360539],
      [0.10614773583, 0.83156794127, 0.062284322906]
    ],
    [
      [0.5952024424, 0.016165602107, 0.38863195549],
      [0.15456390497, 0.66324586212, 0.1821902329],
      [0.29274707456, 0.24350777272, 0.46374515273],
      [0.21174214553, 0.29906559302, 0.48919226144],
      [0.19662992511, 0.18388133032, 0.61948874456],
      [0.11801076398, 0.80565412832, 0.076335107698]
    ],
    [
      [0.5283538023, 0.016546886813, 0.45509931089],
      [0.1317922106, 0.66319881677, 0.20500897263],
      [0.24699000549, 0.23706773947, 0.51594225505],
      [0.17590965633, 0.28835584537, 0.5357344983],
      [0.16064473565, 0.17305259207, 0.66630267228],
      [0.10267205114, 0.80972702815, 0.087600920708]
    ],
    [
      [0.70970857239, 0.011529815074, 0.27876161253],
      [0.23228902857, 0.60205638215, 0.16565458928],
      [0.40788414831, 0.20239361883, 0.38972223285],
      [0.30870853045, 0.2605547365, 0.43073673305],
      [0.28913000971, 0.16146521558, 0.54940477471],
      [0.18257699098, 0.74674725483, 0.070675754185]
    ],
    [
      [0.64783997058, 0.012155571705, 0.34000445771],
      [0.20231939166, 0.60558838059, 0.19209222775],
      [0.35174491213, 0.20174216344, 0.44651292443],
      [0.26088198823, 0.25420010455, 0.48491790722],
      [0.23924706084, 0.15447826576, 0.6062746734],
      [0.16030288903, 0.75621497386, 0.08348213711]
    ],
    [
      [0.6099508252, 0.014725129493, 0.3753240453],
      [0.16804871643, 0.64544476598, 0.18650651759],
      [0.30936217653, 0.22834722022, 0.46229060325],
      [0.22631577459, 0.2823776609, 0.49130656451],
      [0.20809263702, 0.1727849772, 0.61912238577],
      [0.13052881924, 0.78996549225, 0.079505688519]
    ],
    [
      [0.55539858338, 0.014795631515, 0.42980578511],
      [0.15158684603, 0.63808658855, 0.21032656542],
      [0.2708718952, 0.21992276403, 0.50920534077],
      [0.19533337627, 0.26899596652, 0.53567065721],
      [0.17658464705, 0.16117852206, 0.66223683088],
      [0.11930614863, 0.79007992628, 0.090613925088]
    ],
    [
      [0.49042549267, 0.010714773482, 0.49885973385],
      [0.15952725784, 0.5495013343, 0.29097140786],
      [0.24156077355, 0.16102195064, 0.59741727581],
      [0.17410340292, 0.19628226937, 0.62961432771],
      [0.14926783955, 0.11254380771, 0.73818835275],
      [0.13510434167, 0.73111771857, 0.13377793976]
    ],
    [
      [0.55582250469, 0.016470759709, 0.4277067356],
      [0.14145063188, 0.66351490094, 0.19503446718],
      [0.26493205684, 0.23956318729, 0.49550475587],
      [0.18995183946, 0.29155054503, 0.51849761551],
      [0.17391648408, 0.17808166288, 0.64800185305],
      [0.1093867795, 0.80803046658, 0.082582753916]
    ],
    [
      [0.67558087586, 0.013709730747, 0.31070939339],
      [0.19825686402, 0.63688925681, 0.16485387917],
      [0.36463127429, 0.22604453444, 0.40932419127],
      [0.27053679993, 0.28520179481, 0.44426140526],
      [0.25373101929, 0.17730346938, 0.56896551132],
      [0.15233682538, 0.77839088521, 0.069272289404]
    ],
    [
      [0.72041671495, 0.013307544331, 0.26627574072],
      [0.21753646096, 0.63724237411, 0.14522116493],
      [0.40555625127, 0.22912565237, 0.36531809636],
      [0.30540388686, 0.29290348614, 0.401692627],
      [0.29071762222, 0.18523238413, 0.52404999366],
      [0.1672080098, 0.77143586931, 0.061356120887]
    ],
    [
      [0.63949372345, 0.011693270575, 0.34881300597],
      [0.20539658435, 0.59246427387, 0.20213914179],
      [0.34615945111, 0.19288697737, 0.46095357152],
      [0.25695819081, 0.24308752658, 0.4999542826],
      [0.23309513523, 0.14640586812, 0.62049899664],
      [0.16449262764, 0.74688001468, 0.088627357679]
    ],
    [
      [0.74517509848, 0.011579116819, 0.2432457847],
      [0.24663275395, 0.60746442625, 0.1459028198],
      [0.4407966852, 0.20882749134, 0.35037582346],
      [0.33672833611, 0.27148360972, 0.39178805417],
      [0.32008029271, 0.17106831442, 0.50885139287],
      [0.19238994969, 0.74513122523, 0.062478825074]
    ],
    [
      [0.55778593318, 0.019120680415, 0.42309338641],
      [0.12890762651, 0.69667814759, 0.1744142259],
      [0.25818238105, 0.26893674147, 0.47288087748],
      [0.18394506682, 0.32493418431, 0.49112074888],
      [0.17162203288, 0.20102401014, 0.62735395698],
      [0.097750042508, 0.82987043724, 0.072379520248]
    ]
  ],
  "expected_outcome": [
    [
      [42.7090374191, 37.4121943485, 30.4217708225, 36.4965702865, 39.9631303235, 28.4476328136, 27.4681270372, 32.2695176467, 15.7733893867, 4.0019176677, 3.1722971941, 9.3597755315, 3.4633182777, 4.1318110947, 6.7034926651, 5.449945977, 3.9531568412, 8.2881852371, 6.7364790042, 5.8027751152, 6.7675584001, 7.9963375582, 2.8129263816, 3.0897269311, 4.5426984198, 5.103253004, 3.5158907604, 4.1867319568, 9.1249784497, 3.5980134539, 2.7682272774, 6.7857804412, 2.9661612486, 8.8230666266, 3.28523828, 8.2540901991, 3.0825041781, 4.7616195392, 3.1701228138, 8.5165028687, 7.774079647, 4.8796066016, 7.2201815839, 3.4329784487, 7.225692561, 4.729066131, 5.7633337196, 6.3949372345, 7.4517509848, 5.0200733986],
      [0.66397510996, 0.69419516209, 0.52973191907, 0.50653307225, 0.88928216756, 0.72254124166, 0.81194556358, 1.0693190552, 0.29058641357, 0.079021716204, 0.088132580986, 0.10754352669, 0.11974369424, 0.11915962255, 0.17271782942, 0.12384652918, 0.10618474771, 0.09682723452, 0.1815054312, 0.11602443399, 0.15827199188, 0.19631851672, 0.055133308204, 0.07719817731, 0.17471742727, 0.081186395868, 0.067374128609, 0.095785812372, 0.15209897562, 0.089616158203, 0.077238398344, 0.20316509362, 0.11936510547, 0.10907250377, 0.10054665343, 0.15438092716, 0.095728112453, 0.12932481686, 0.099281320881, 0.13835778089, 0.14586686046, 0.11780103595, 0.1923432097, 0.075003414371, 0.21411987622, 0.09596811523, 0.10646035465, 0.11693270575, 0.11579116819, 0.17208612373],
      [16.6269874709, 19.8936104894, 20.0484972584, 19.9968966412, 22.147587509, 24.8298259448, 18.7199273992, 24.6611632981, 8.9360241998, 1.9190606161, 1.7395702249, 4.5326809418, 4.416938028, 3.7490292828, 3.1237895055, 2.4262074938, 1.9406584111, 2.6149875284, 4.0820155646, 3.0812004508, 4.074169608, 5.8073439251, 2.1319403102, 1.8330748916, 3.282584153, 2.8155606001, 1.416735111, 2.7174822309, 3.7229225747, 3.3123703878, 1.1545343242, 5.0110544652, 2.9144736459, 4.0678608696, 2.6142150666, 4.5915288737, 1.8217677095, 3.1090556439, 2.7305958653, 3.3451393504, 4.0800534926, 3.0025923624, 5.5874752064, 3.492018137, 5.5601875628, 2.1749657537, 2.1302059257, 3.4881300597, 2.432457847, 3.8078404777]
    ],
    [
      [1.1763346673, 2.4091972481, 1.803993511, 3.0785682664, 1.5868810388, 1.7974926432, 2.2836789954, 1.5353878282, 7.4988084845, 12.8566494456, 7.9831895165, 15.0114496395, 6.3711105227, 8.6584974095, 9.8112174126, 10.7420756749, 7.8141579426, 2.0471482887, 2.039942599, 0.78120475534, 1.035906759, 1.4527823262, 1.4686919999, 1.8251907455, 0.71250780612, 2.6646172893, 1.8700977883, 0.86375773104, 0.68280905076, 0.62114617714, 1.2894635841, 0.84455471234, 0.6609457658, 2.3700305871, 1.7772882385, 1.4040621508, 0.99500154199, 1.2365112398, 0.5271688424, 1.3937341714, 1.8208745249, 1.176341015, 1.3642816142, 1.5952725784, 0.56580252752, 2.7755960962, 1.9578281486, 2.0539658435, 2.4663275395, 0.64453813254],
      [2.9970695347, 7.287168794, 5.0603656959, 6.8897839942, 5.8316056071, 7.3891768596, 10.9207291668, 8.3576484568, 21.8468222874, 39.9808489128, 35.1041959778, 26.8787121125, 34.1197253803, 39.2247920257, 39.9331223347, 38.5991037895, 33.257264377, 3.7820210976, 8.7308648804, 2.4715220716, 3.8411065463, 5.6497074144, 4.531056243, 7.2233606761, 4.3620826951, 6.6807925093, 5.7495048407, 3.1240486749, 1.8105835227, 2.3761460243, 5.7345501736, 4.0271433617, 4.1682375154, 4.647198124, 8.6711723711, 4.1844535047, 4.9430051772, 5.305966897, 2.6527952671, 3.6123382929, 5.4502954253, 4.5181133618, 5.7427792969, 5.495013343, 2.6540596038, 8.9164495953, 5.735181367, 5.9246427387, 6.0746442625, 3.483390738],
      [0.82659579801, 2.3036339579, 2.135640793, 3.0316477395, 1.5815133541, 2.8133304972, 2.7955918377, 2.1069637149, 7.6543692281, 11.1625016415, 7.9126145058, 13.1098382481, 14.509164097, 14.1167105647, 8.2556602527, 8.6588205356, 6.9285776804, 1.1708306137, 2.2291925206, 0.74727317308, 1.1229866947, 1.8975102593, 2.0002517572, 1.9514485783, 0.92540949875, 2.6545902014, 1.380397371, 1.0121935941, 0.50660742654, 1.0027077985, 0.97598624231, 1.128301926, 1.1708167188, 1.9827712889, 2.5515393903, 1.4114843445, 1.0619932808, 1.4575218632, 0.82003589052, 0.9939275357, 1.7288300498, 1.3055456232, 1.8929390888, 2.9097140786, 0.78013786871, 2.3079543084, 1.3069904843, 2.0213914179, 1.459028198, 0.8720711295]
    ],
    [
      [4.9595926463, 2.8008092042, 4.4764158291, 2.1813111609, 2.3121994503, 3.6018035666, 3.0924611252, 2.0669218352, 4.4286448884, 1.8037663673, 3.771099499, 2.7728410866, 1.7505562787, 2.4516212868, 1.7125070673, 2.8818032217, 8.6209285589, 26.4311012424, 15.1912492942, 20.3412704734, 16.3966439004, 14.8337686414, 17.1939007161, 16.2470315357, 15.7944813202, 2.4793944672, 3.5102977891, 3.3525083859, 4.8004841764, 1.7556490621, 1.7419820577, 2.6912935644, 1.7303847277, 2.0010597507, 2.329078004, 3.7660531076, 2.9533034546, 3.8057119692, 1.7289300384, 1.6315365933, 2.1104694728, 2.7842595887, 4.063078428, 2.174046962, 2.1194564547, 2.9170501943, 3.6500062614, 2.0769567066, 4.407966852, 2.0654590484],
      [2.3682073875, 1.5960517744, 2.3817518034, 0.92457075012, 1.5894282306, 2.7983978325, 2.8086035374, 2.1151633914, 2.4850711113, 1.0861346457, 3.2010244727, 0.95988907654, 1.8249514541, 2.151072432, 1.3449336806, 1.9996062389, 7.0819226157, 9.309057669, 12.4972588267, 12.4221809832, 11.6916281786, 11.0935949693, 10.2364869009, 12.3862775294, 18.5880347743, 1.1998288957, 2.0550757189, 2.3382347273, 2.4445133244, 1.3299893617, 1.4931187867, 2.471527109, 2.1301850038, 0.75387071811, 2.1790329589, 2.1517060889, 2.8138553772, 3.1656010453, 1.6594741763, 0.80957447533, 1.2104529806, 2.055124982, 3.2988414604, 1.4491975557, 1.9165054984, 1.8083562755, 2.0621308714, 1.1573218642, 2.0882749134, 2.1514939317],
      [4.6721999662, 3.6031390215, 7.1418323674, 2.8941180889, 3.098372319, 7.599798601, 5.0989353374, 3.8179147734, 6.0862840003, 2.110098987, 5.0278760283, 3.2672698368, 5.4244922673, 5.3973062812, 1.9425592521, 3.1185905393, 10.2971488254, 20.2598410885, 22.3114918792, 26.2365485434, 23.911727921, 26.0726363893, 31.569612383, 23.3666909349, 27.6174839055, 3.320776637, 3.434626492, 5.3092568868, 4.7550024992, 3.9143615761, 1.7648991557, 4.8371793266, 4.1394302686, 2.2450695312, 4.4918890371, 5.0822408034, 4.2328411682, 6.0286869855, 3.6115957853, 1.5588889314, 2.6790775466, 4.1606154293, 7.6380801116, 5.3767554823, 3.9640380469, 3.2745935302, 3.2878628672, 2.7657214291, 3.5037582346, 3.7830470198]
    ],
    [
      [3.134153969, 1.0394839986, 2.1284169247, 1.3676561191, 1.4516096902, 1.1121736544, 2.0211388104, 1.4726437781, 2.2736165879, 1.6082705188, 1.5952765719, 2.4238935409, 1.5106657916, 0.70118956138, 1.7558583493, 1.8638883379, 1.9356590573, 3.6746934389, 1.7625130057, 3.3252597742, 2.0756177112, 2.8972342375, 2.1316159565, 1.8222537467, 0.36064796407, 16.1239783421, 17.5242567152, 13.6148133205, 18.1260343872, 11.5579671013, 14.87139776, 10.6051662468, 10.3290007394, 6.4094669671, 1.4810018785, 2.0306559134, 1.6990665189, 1.4821950187, 1.2313675943, 2.4696682436, 2.0870559059, 1.5842104221, 1.1720002576, 1.3928272234, 1.5196147157, 1.6232207996, 2.4432310949, 2.0556655265, 3.3672833611, 2.2073408018],
      [2.5528043595, 1.0087926603, 1.9227788743, 0.98444808776, 1.6991080243, 1.4681260735, 3.1205190145, 2.5637957994, 2.1653672745, 1.6436366199, 2.2964246752, 1.4243437208, 2.654012588, 1.0435687695, 2.3447863505, 2.1926138285, 2.694730728, 2.2065629293, 2.4621608702, 3.4379215646, 2.5113364637, 3.6764963471, 2.1533416555, 2.3563181378, 0.71964592203, 13.2464889541, 17.4205499199, 16.1068995788, 15.6526908719, 14.8563009341, 21.1767966695, 16.5220288644, 21.6439490274, 4.090108921, 2.3525566206, 1.9702775958, 2.7490965972, 2.0934591512, 2.0184909176, 2.084437892, 2.0336008364, 1.9766436263, 1.6139757991, 1.5702581549, 2.3324043603, 1.7112107689, 2.3432278891, 1.9447002127, 2.7148360972, 3.8992102117],
      [4.3130416715, 1.9517233411, 4.9488042009, 2.6478957932, 2.8492822855, 3.4197002721, 4.8583421751, 3.9635604225, 4.5610161376, 2.7480928612, 3.1082987529, 4.1517627383, 6.8353216204, 2.2552416692, 2.8993553002, 2.9434978336, 3.3696102147, 4.1187436317, 3.775326124, 6.2368186612, 4.4130458251, 7.4262694154, 5.715042388, 3.8214281155, 0.91970611389, 30.6295327038, 25.055193365, 31.2782871007, 26.2212747409, 37.5857319646, 21.9518055705, 27.8728048888, 36.0270502332, 10.5004241119, 4.1664415009, 3.9990664908, 3.5518368839, 3.4243458301, 3.7501414881, 3.4458938644, 3.8793432578, 3.4391459515, 3.2140239432, 5.0369146217, 4.1479809241, 2.6655684316, 3.213541016, 3.9996342608, 3.9178805417, 5.8934489865]
    ],
    [
      [1.7546109683, 1.6680658174, 1.4684281467, 1.4582824418, 1.8049534688, 1.155877527, 1.1334011046, 1.0322187685, 1.373431823, 1.742480539, 2.8180537682, 2.4213499349, 0.95922213592, 1.5669971769, 2.4120851971, 2.537665849, 1.8602798439, 3.082943837, 2.476600471, 1.1780131848, 1.9145744906, 1.3095660476, 1.8790979366, 2.1196252972, 1.7258969737, 1.6634271404, 2.2160394039, 2.0341687256, 1.129318871, 1.4324313959, 3.5128209776, 0.89204924882, 0.98362356291, 11.4944441827, 9.5105118962, 12.0145407983, 11.7866022741, 10.224756106, 10.923842024, 17.9260606022, 14.3548236505, 9.1560760291, 1.0595078823, 1.9404819141, 0.86958242038, 2.0298481543, 2.6164585999, 1.6316659466, 2.8807226344, 2.0594643946],
      [0.94204926185, 1.066854522, 0.87724020887, 0.69390549654, 1.3892913926, 1.0062606665, 1.1539992966, 1.1820785251, 0.86726704496, 1.1869862291, 2.6936405945, 0.89242997361, 1.123910664, 1.551192307, 2.1332334174, 1.9823894, 1.7190388239, 1.2187373435, 2.2898454837, 0.80752017038, 1.5349230027, 1.101174539, 1.2595346958, 1.8164996629, 2.2789505131, 0.90632202348, 1.4616634612, 1.596830905, 0.64632785819, 1.2197022652, 3.3965914766, 0.92089340997, 1.3644898982, 4.8743660183, 10.0068666225, 7.7260540113, 12.6184286133, 9.5618291767, 11.7675762608, 10.0108433659, 9.2686959456, 7.6025389969, 0.96707113239, 1.4630695002, 0.89040831438, 1.4184277551, 1.6670914572, 1.0248410769, 1.5396148298, 2.4122881216],
      [3.3033397698, 4.2650796605, 4.6543316444, 3.8478120617, 4.8057551386, 4.8378618065, 3.7125995988, 3.7857027064, 3.7593011321, 4.0705332318, 7.4883056373, 5.6862200915, 5.9168672, 6.8818105161, 5.4546813855, 5.4799447511, 4.4206813322, 4.6983188195, 7.2335540452, 3.0144666449, 5.5505025067, 4.5892594134, 6.8613673676, 6.0638750399, 5.9951525132, 4.4302508361, 4.3222971349, 6.3690003694, 2.2243532708, 6.3478663389, 7.0905875458, 3.1870573412, 4.6518865389, 25.631189799, 36.4826214813, 32.2594051904, 33.5949691126, 32.2134147173, 45.3085817152, 34.0630960319, 36.376480404, 27.2413849741, 3.9734209853, 9.5964485857, 3.2400092652, 4.5517240906, 4.7164499429, 4.3434929765, 4.5796625358, 7.5282474838]
    ],
    [
      [1.2881716414, 1.7383677077, 1.6395846887, 2.5481641013, 0.94742794377, 0.83577774129, 1.082896001, 0.77071468996, 1.6250710183, 1.8864023137, 1.4215160706, 1.6244640668, 0.88617117357, 0.66547293603, 1.2707567951, 1.2710081292, 0.48999285421, 1.669559199, 0.71982660868, 1.5362212356, 1.7486932233, 0.50980862918, 1.2100457613, 1.7928095804, 1.060064786, 1.0926760275, 1.4565833062, 0.81813385783, 1.4385867544, 1.1139367545, 1.3097982399, 1.2990076481, 0.41737704907, 2.2046644233, 0.84494320686, 1.4389557126, 1.2737728299, 1.4161291677, 0.8213764091, 1.4606159279, 0.80151444517, 3.2632204809, 6.08461358, 7.1605301084, 6.7819803292, 8.6831990467, 9.5308565589, 9.705065031, 9.8118874342, 5.2785022955],
      [5.2148425341, 8.3499367349, 7.2956672514, 9.0748292257, 5.5344873119, 5.4475572627, 8.1892400058, 6.6491877211, 7.4651445444, 9.2157457459, 9.8063770305, 4.5993846732, 7.0650412894, 4.7403809092, 8.1407836613, 7.1666650818, 3.2716897205, 4.8055619029, 4.8486637043, 7.6572037906, 10.2110865631, 3.1248245059, 5.8852909856, 11.1559956366, 10.1862492419, 4.3101551266, 6.9591560431, 4.6557523454, 5.9780674741, 6.8750063171, 9.1450603328, 9.7486546555, 4.1768187823, 6.8226219073, 6.4894023603, 6.7670711275, 9.9788152952, 9.6678495399, 6.4778162252, 5.9739780386, 3.7810748693, 19.7491373061, 40.2940762405, 38.7492390844, 50.097888928, 44.3682804572, 43.9718445505, 44.065920866, 38.001692487, 44.8130036112],
      [0.49698582454, 0.91169555742, 1.0647480599, 1.3770066729, 0.51808474433, 0.71666499606, 0.72786399322, 0.58009758898, 0.90978443731, 0.89785194041, 0.77210689894, 0.77615126, 1.048787537, 0.59414615473, 0.58845954366, 0.56232678906, 0.23831742534, 0.52487889812, 0.43150968697, 0.80657497386, 1.0402202136, 0.36536686491, 0.90466325314, 1.051194783, 0.75368597208, 0.59716884594, 0.58426065067, 0.52611379681, 0.58334577143, 1.0110569284, 0.54514142731, 0.95233769647, 0.40580416859, 0.97271366939, 0.66565443286, 0.79397315986, 0.74741187488, 0.91602129237, 0.70080736567, 0.56540603348, 0.41741068555, 1.987642213, 4.6213101795, 7.0902308073, 5.1201307428, 3.9485204961, 3.4972988906, 5.2290141031, 3.1864200788, 3.9084940934]
    ]
  ],
  "prob": [
    [0.61725632992, 0.014298448058, 0.36844522202],
    [0.17937645015, 0.62981711276, 0.19080643709],
    [0.32045852166, 0.22186382392, 0.45767765443],
    [0.23565187758, 0.27535228133, 0.48899584109],
    [0.21757252703, 0.16921968254, 0.61320779042],
    [0.14147557343, 0.77583039767, 0.082694028892]
  ],
  "iterations": 24,
  "time": 7.367726,
  "message": "Converged",
  "status": 0,
  "miniter": 0,
  "maxiter": 1000,
  "maxtime": 3600,
  "param_threshold": 0.001,
  "ll_threshold": "-Inf",
  "initial_prob": "group_proportional",
  "ballotbox_id": ["1", "2", "3", "4", "5", "6", "7", "8", "9", "10", "11", "12", "13", "14", "15", "16", "17", "18", "19", "20", "21", "22", "23", "24", "25", "26", "27", "28", "29", "30", "31", "32", "33", "34", "35", "36", "37", "38", "39", "40", "41", "42", "43", "44", "45", "46", "47", "48", "49", "50"],
  "candidates_id": ["1", "2", "3"],
  "group_id": ["1", "2", "3", "4", "5", "6"]
}
