{
  "X": [
    [6, 0, 4, 101, 1, 5],
    [27, 0, 17, 188, 4, 4],
    [8, 12, 51, 127, 17, 7],
    [15, 21, 210, 197, 27, 35],
    [6, 2, 6, 101, 1, 1],
    [21, 17, 185, 245, 38, 38],
    [7, 10, 53, 109, 5, 9],
    [29, 13, 144, 243, 19, 26],
    [19, 30, 188, 405, 36, 18],
    [20, 18, 146, 277, 33, 24],
    [26, 16, 199, 353, 45, 38],
    [8, 3, 42, 100, 8, 3],
    [46, 18, 198, 603, 35, 31],
    [9, 12, 40, 94, 3, 10],
    [8, 13, 46, 116, 12, 14],
    [2, 3, 24, 81, 7, 1],
    [0, 3, 8, 29, 0, 0],
    [34, 16, 68, 255, 19, 17],
    [14, 15, 143, 269, 32, 37],
    [7, 0, 16, 34, 0, 1],
    [3, 0, 6, 52, 2, 5],
    [19, 1, 15, 160, 4, 4],
    [4, 3, 22, 96, 7, 3],
    [3, 2, 15, 47, 2, 1],
    [12, 16, 132, 153, 21, 12],
    [3, 3, 5, 24, 1, 1],
    [15, 5, 81, 119, 10, 21],
    [22, 15, 116, 271, 19, 22],
    [4, 0, 6, 78, 4, 3],
    [5, 7, 12, 68, 0, 2],
    [2, 10, 24, 37, 7, 4],
    [0, 10, 17, 42, 2, 0],
    [9, 7, 32, 91, 9, 9],
    [26, 22, 183, 341, 39, 34],
    [4, 1, 84, 35, 8, 14],
    [2, 14, 106, 97, 9, 14],
    [7, 3, 9, 99, 5, 2],
    [3, 7, 20, 73, 9, 5],
    [2, 23, 73, 92, 16, 8],
    [1, 2, 6, 6, 0, 4],
    [11, 6, 36, 121, 5, 5],
    [19, 10, 97, 175, 9, 23],
    [4, 8, 44, 55, 2, 4],
    [2, 2, 6, 102, 0, 5],
    [0, 0, 13, 17, 3, 2],
    [2, 7, 56, 82, 12, 12],
    [3, 0, 31, 93, 11, 7],
    [11, 46, 364, 237, 47, 49],
    [3, 20, 123, 81, 26, 22],
    [11, 27, 279, 151, 50, 46],
    [27, 61, 439, 373, 50, 61],
    [27, 66, 595, 432, 67, 56],
    [13, 35, 371, 152, 53, 51],
    [10, 43, 185, 195, 20, 26],
    [17, 44, 187, 231, 26, 14],
    [12, 67, 262, 334, 38, 44],
    [34, 52, 492, 514, 73, 55],
    [15, 66, 430, 273, 40, 70],
    [43, 97, 331, 838, 54, 45],
    [5, 16, 161, 73, 26, 17],
    [23, 45, 553, 366, 62, 59],
    [1, 2, 78, 8, 5, 11],
    [26, 90, 643, 475, 96, 90],
    [19, 81, 549, 274, 56, 52],
    [13, 29, 155, 163, 31, 19],
    [9, 61, 205, 177, 24, 22],
    [24, 75, 393, 387, 49, 54],
    [10, 5, 12, 99, 0, 7],
    [15, 17, 141, 274, 29, 26],
    [21, 25, 95, 284, 20, 15],
    [7, 3, 14, 82, 2, 3],
    [0, 0, 4, 0, 0, 0],
    [10, 13, 347, 362, 37, 18],
    [83, 130, 894, 1482, 146, 122],
    [11, 16, 130, 135, 17, 10],
    [48, 124, 503, 666, 54, 126],
    [4, 27, 67, 129, 2, 9]
  ],
  "W": [
    [0, 2, 113, 2],
    [0, 16, 219, 5],
    [6, 65, 148, 3],
    [29, 202, 257, 17],
    [2, 4, 110, 1],
    [22, 179, 315, 28],
    [7, 61, 125, 0],
    [14, 113, 330, 17],
    [13, 152, 521, 10],
    [15, 126, 368, 9],
    [10, 171, 476, 20],
    [3, 37, 121, 3],
    [16, 139, 765, 11],
    [10, 48, 108, 2],
    [13, 53, 141, 2],
    [0, 25, 91, 2],
    [2, 7, 31, 0],
    [17, 63, 307, 22],
    [21, 140, 333, 16],
    [1, 15, 40, 2],
    [1, 6, 60, 1],
    [3, 14, 180, 6],
    [4, 25, 104, 2],
    [1, 12, 54, 3],
    [11, 144, 184, 7],
    [1, 7, 29, 0],
    [10, 63, 174, 4],
    [12, 91, 350, 12],
    [1, 5, 84, 5],
    [2, 9, 82, 1],
    [5, 26, 53, 0],
    [7, 18, 43, 3],
    [6, 34, 113, 4],
    [35, 181, 402, 27],
    [6, 73, 64, 3],
    [17, 97, 119, 9],
    [3, 8, 112, 2],
    [7, 26, 82, 2],
    [11, 88, 111, 4],
    [1, 0, 9, 9],
    [13, 33, 134, 4],
    [10, 88, 228, 7],
    [8, 42, 66, 1],
    [4, 4, 107, 2],
    [0, 13, 19, 3],
    [4, 70, 88, 9],
    [7, 35, 99, 4],
    [39, 433, 268, 14],
    [15, 151, 104, 5],
    [21, 319, 202, 22],
    [42, 478, 463, 28],
    [58, 645, 503, 37],
    [47, 406, 197, 25],
    [36, 203, 227, 13],
    [26, 224, 258, 11],
    [56, 289, 399, 13],
    [27, 542, 627, 24],
    [45, 466, 360, 23],
    [43, 443, 909, 13],
    [20, 177, 97, 4],
    [38, 614, 424, 32],
    [4, 80, 19, 2],
    [86, 715, 589, 30],
    [67, 576, 358, 30],
    [24, 184, 189, 13],
    [31, 254, 203, 10],
    [53, 454, 449, 26],
    [8, 8, 110, 7],
    [9, 150, 329, 14],
    [22, 128, 305, 5],
    [1, 9, 100, 1],
    [0, 3, 0, 1],
    [13, 355, 400, 19],
    [111, 909, 1777, 60],
    [12, 128, 164, 15],
    [138, 490, 833, 60],
    [20, 76, 140, 2]
  ],
  "method": "mult",
  "cond_prob": [
    [
      [5.20060366e-05, 0, 0.093563209716, 0.018957064322, 0.0025155867768, 0.88491213315],
      [1.3165890941e-05, 0, 0.78986526215, 0.016119682441, 0.050179468039, 0.14382242148],
      [0.052273215658, 0, 0.017268190982, 0.89220642915, 0.0076375348707, 0.030614629339],
      [0.04655014946, 0, 0.23448194736, 0.07421707053, 0.018299811769, 0.62645102088]
    ],
    [
      [0.00026483616773, 0, 0.28669170592, 0.040061880386, 0.0099021771183, 0.66307940041],
      [0.00027117279506, 0, 0.86830192196, 0.015059627677, 0.073673271634, 0.042694005937],
      [0.11996195265, 0, 0.0044076362385, 0.85514256661, 0.011883847688, 0.0086039968139],
      [0.14479872078, 0, 0.42837938249, 0.096564774131, 0.043733002043, 0.28652412055]
    ],
    [
      [8.0601630853e-05, 0.67186205811, 0.091201291103, 0.010393445761, 0.0079772805174, 0.21848532288],
      [0.00057481767791, 0.098929469416, 0.69435539776, 0.017438188243, 0.15242821514, 0.036273911758],
      [0.052791999304, 0.010358359889, 0.026873193974, 0.84851101765, 0.04522212843, 0.01624330075],
      [0.0496457814, 0.0017916252276, 0.44748623027, 0.074842159005, 0.11714244161, 0.30909176249]
    ],
    [
      [0, 0.4029359557, 0.16543351711, 0.0073980800822, 0.0066889090222, 0.4175435381],
      [0, 0.022379581746, 0.84683674725, 0, 0.083207836732, 0.047575834267],
      [0.055675690164, 0.018613590971, 0.10063207524, 0.76237310442, 0.035102000809, 0.027603538389],
      [0.040667507516, 0.00061699367696, 0.48699774831, 0.050327520038, 0.057460259449, 0.36392997101]
    ],
    [
      [5.845158293e-05, 0.77430410439, 0.091455247586, 0.014788621955, 0.0018320576527, 0.11756151684],
      [3.9859479494e-05, 0.10398618239, 0.82224117535, 0.013775440231, 0.039348138781, 0.020609203769],
      [0.053770172368, 0.00030479114013, 0.01800496781, 0.91618957857, 0.0073354110038, 0.0043950791083],
      [0.085004698432, 0.001920036264, 0.54757834435, 0.13446735247, 0.032048119148, 0.19898144934]
    ],
    [
      [0, 0.39315152633, 0.15451377638, 0.0097556171853, 0.0091947620924, 0.43338431801],
      [0, 0.034598620425, 0.79792568391, 0, 0.11689920552, 0.050576490148],
      [0.062623454567, 0.0068014356322, 0.082880558224, 0.77255056091, 0.046519214973, 0.028624775699],
      [0.045486136121, 0.00053789787491, 0.45230798784, 0.051141062027, 0.079257311775, 0.37126960436]
    ],
    [
      [0.000103972292, 0.55061643936, 0.10370744185, 0.01076337128, 0.0026325113006, 0.33217626392],
      [0.000654857772, 0.081645813861, 0.79345538775, 0.017876611884, 0.050709382359, 0.055657946376],
      [0.055674606959, 0.0093223222319, 0.030986154035, 0.86267346461, 0.015106400776, 0.026237051389],
      [0.045297609081, 0.0012779400007, 0.4449955738, 0.065514318917, 0.033898290926, 0.40901626727]
    ],
    [
      [0, 0.42612186615, 0.16845252785, 0.00831996948, 0.0055637683305, 0.39154186819],
      [0, 0.03444582911, 0.85163902291, 0, 0.069185264133, 0.044729883843],
      [0.084825881092, 0.0094821221543, 0.11169878075, 0.73361922128, 0.031127423548, 0.029246571176],
      [0.059262308209, 0.00075381609171, 0.50269749254, 0.04642220032, 0.048948389731, 0.34191579311]
    ],
    [
      [0, 0.6606192252, 0.13401171923, 0.0074865314474, 0.0059906668857, 0.19189185724],
      [0, 0.074072245397, 0.81044676897, 0, 0.089356764903, 0.026124220727],
      [0.03589296761, 0.019453576195, 0.10981772682, 0.77601518421, 0.041392193314, 0.017428351854],
      [0.029976387534, 0.0017655574552, 0.58549030929, 0.059876411944, 0.077456034858, 0.24543529892]
    ],
    [
      [0, 0.49177560788, 0.14563842477, 0.0077480013434, 0.008151962694, 0.3466860033],
      [0, 0.04630059436, 0.80047579949, 0, 0.11023462333, 0.042988982823],
      [0.053401592834, 0.01299029017, 0.10478111159, 0.75117584715, 0.049624291768, 0.028026866488],
      [0.038690426336, 0.001007134437, 0.48844709183, 0.050118692153, 0.080713183325, 0.34102347192]
    ],
    [
      [0, 0.41494056817, 0.14567174863, 0.0083508309977, 0.0082613273765, 0.42277552483],
      [0, 0.035136051576, 0.80015154588, 0, 0.11187192604, 0.052840476507],
      [0.053120785677, 0.012239244924, 0.10840692985, 0.73952512212, 0.050963010871, 0.035744906557],
      [0.035725300876, 0.00082244575504, 0.45578347803, 0.045126677983, 0.076444709959, 0.38609738739]
    ],
    [
      [5.7224965597e-05, 0.52610112696, 0.21251805334, 0.01574976504, 0.0095846311124, 0.23598919858],
      [0, 0.036882182808, 0.8428656317, 0.0069256326612, 0.094058642246, 0.019267910585],
      [0.064631783157, 0.00045506745661, 0.069306625495, 0.82218096449, 0.035139299287, 0.0082862601182],
      [0.059794187715, 0.00066423099258, 0.5967719274, 0.070868531185, 0.079740376605, 0.1921607461]
    ],
    [
      [1.0340676275e-05, 0.45794253251, 0.17753341578, 0.01092782952, 0.0062172646892, 0.34736861683],
      [0, 0.043442398415, 0.84409822018, 0.0022153000828, 0.073260507055, 0.036983574268],
      [0.059487912055, 0.0060466506063, 0.09401606386, 0.78681069284, 0.031508695645, 0.022129984998],
      [0.04468925701, 0.00079439875045, 0.53704762634, 0.055186181522, 0.055741919645, 0.30654061674]
    ],
    [
      [0.00031566559076, 0.58045668858, 0.087267625948, 0.011931979011, 0.0016825768776, 0.318345464],
      [0.0013246901392, 0.099404484041, 0.77671635898, 0.02217382155, 0.038917890686, 0.061462754604],
      [0.081458162261, 0.013157017851, 0.0093845970669, 0.85816554296, 0.0098650789763, 0.027969600883],
      [0.067888346602, 0.0015299761762, 0.41570101314, 0.067229067845, 0.024843474425, 0.42280812182]
    ],
    [
      [5.3466297257e-05, 0.51940528261, 0.093751752558, 0.0091404107193, 0.0061624434586, 0.37148664435],
      [0.00010404300383, 0.08013483127, 0.72670633255, 0.0084635852906, 0.12032483253, 0.064266375351],
      [0.056093233893, 0.014170802154, 0.038975742162, 0.81785227975, 0.038227801158, 0.03468014088],
      [0.042322340027, 0.0012510825209, 0.38510597327, 0.057716597498, 0.076276073813, 0.43732793287]
    ],
    [
      [1.1804483968e-05, 0.79067777247, 0.10890509644, 0.010363248043, 0.0071734456495, 0.082868632908],
      [7.1829874218e-05, 0.088425282814, 0.76352142502, 0.011944953752, 0.12433473537, 0.011701773175],
      [0.021415760045, 0.0086305825607, 0.040336631465, 0.88474606458, 0.040100609177, 0.0047703521749],
      [0.024685044513, 0.0019924583146, 0.62066545564, 0.094742139806, 0.12123809037, 0.13667681136]
    ],
    [
      [0, 0.89441898905, 0.096746135314, 0.0088348756393, 0, 0],
      [0, 0.11073663298, 0.88038906916, 0.0088742978597, 0, 0],
      [0, 0.014064696485, 0.053025298234, 0.93291000528, 0, 0],
      [0, 0.0031555982383, 0.8789139441, 0.11793045767, 0, 0]
    ],
    [
      [0.00023536718134, 0.60092470169, 0.11728099361, 0.013071313292, 0.0070914867865, 0.26139613744],
      [0.00062241639652, 0.075813045086, 0.758304584, 0.013711438074, 0.11481218653, 0.036736329918],
      [0.10367297269, 0.0032123038344, 0.026832277938, 0.82182670052, 0.032042358169, 0.012413386849],
      [0.096781086731, 0.00099458880166, 0.45434204499, 0.07332590987, 0.082239682516, 0.29231668709]
    ],
    [
      [0, 0.36406593668, 0.13823817243, 0.009939471995, 0.0082181406266, 0.47953827828],
      [0, 0.040969155323, 0.78155526828, 0.0010599989634, 0.11491132207, 0.061504255361],
      [0.040674537021, 0.0048319852844, 0.071967938522, 0.8042242118, 0.043722745511, 0.03457858186],
      [0.028461198243, 0.00061765530876, 0.41962108075, 0.052263043961, 0.073759981339, 0.4252770404]
    ],
    [
      [0.0006046753624, 0, 0.47058775852, 0.038831831861, 0, 0.48997573426],
      [0.0090447864826, 0, 0.95208885996, 0.028268670083, 0, 0.01059768347],
      [0.16355983978, 0, 0.0018544795296, 0.83458568069, 0, 0],
      [0.16066496814, 0, 0.58695008041, 0.076855444596, 0, 0.17552950685]
    ],
    [
      [5.7198813219e-05, 0, 0.095598245262, 0.012443898509, 0.005098770972, 0.88680188644],
      [0.00015176808991, 0, 0.76160087621, 0.011822757535, 0.097099866922, 0.12932473124],
      [0.049492848912, 0, 0.01817366389, 0.86447303385, 0.022902100894, 0.04495835245],
      [0.029461257953, 0, 0.24437666408, 0.048237525006, 0.038175973851, 0.6397485791]
    ],
    [
      [0.034607642777, 0.33333333333, 0.18490883878, 0.027828660273, 0.0076038034193, 0.41171772142],
      [0.029085564543, 0, 0.83176629421, 0.016144218555, 0.084163713524, 0.038840209172],
      [0.098484777522, 0, 0.0010098046057, 0.88371933936, 0.013776369277, 0.0030097092356],
      [0.12695320234, 0, 0.43646342262, 0.10350231244, 0.053191688432, 0.27988937416]
    ],
    [
      [0.00010539262518, 0.55402418654, 0.14835180047, 0.018802295628, 0.010290430728, 0.268425894],
      [0.018781804894, 0.031293814201, 0.7682897197, 0.020950237404, 0.13257968002, 0.028104743782],
      [0.033169548588, 0, 0.011485593291, 0.91555097129, 0.033044885076, 0.0067490017556],
      [0.040200126971, 0.00077894940892, 0.50242405165, 0.091866934163, 0.10383911437, 0.26089082343]
    ],
    [
      [3.320765894e-05, 0.76420194224, 0.12101941633, 0.010029053721, 0.0034931357964, 0.10122324425],
      [6.2146819014e-05, 0.07470641802, 0.84252797418, 0.0098024274931, 0.059472434489, 0.013428598995],
      [0.052485117673, 0.0062007963993, 0.052246170856, 0.86335868614, 0.020680366197, 0.0050288627346],
      [0.055008225399, 0.0014926786517, 0.6491172224, 0.083657588267, 0.055365958564, 0.15535832671]
    ],
    [
      [4.8769768474e-05, 0.57148224235, 0.14682566467, 0.0118701116, 0.0071699955632, 0.26260321605],
      [8.8199338768e-05, 0.060645344312, 0.80222070556, 0.0086817537931, 0.09744839323, 0.030915603766],
      [0.063027135299, 0.0052889982933, 0.060797586457, 0.82143576575, 0.034541917512, 0.014908596693],
      [0.055681418961, 0.0010842953186, 0.52548288284, 0.067867904153, 0.076121228795, 0.27376226993]
    ],
    [
      [0.00010140195749, 0.84053101433, 0.031587095427, 0.0045068500145, 0.0013263753631, 0.12194726291],
      [0.00055382815461, 0.19764495674, 0.67808866921, 0.012345722603, 0.069748294964, 0.041618528329],
      [0.10331109658, 0.026757044432, 0.007648007589, 0.82445079627, 0.017601226203, 0.020231828924],
      [0.095659711821, 0.0030682782505, 0.38091733, 0.069821721492, 0.047938274655, 0.40259468378]
    ],
    [
      [0, 0.24338764665, 0.16233431939, 0.0048090387237, 0.0050819357528, 0.58438705949],
      [0, 0.0074222775329, 0.85750138835, 0, 0.065447590859, 0.06962874326],
      [0.085110689157, 0.012051332069, 0.13592571453, 0.68283487232, 0.032582174072, 0.051495217853],
      [0.047685021651, 0.00039706722537, 0.4257487529, 0.034660457454, 0.039171032457, 0.45233766831]
    ],
    [
      [0, 0.50661198273, 0.1424723788, 0.008338190071, 0.0053119211579, 0.33726552724],
      [0, 0.056596658377, 0.82367037278, 0, 0.07582484364, 0.043908125202],
      [0.061319685457, 0.010735166577, 0.095224974637, 0.77221429443, 0.032496801139, 0.028009077763],
      [0.044842507512, 0.0010876660851, 0.50063220069, 0.052078222456, 0.055192981354, 0.3461664219]
    ],
    [
      [9.7650069837e-05, 0, 0.20259067087, 0.035750679063, 0.020365081368, 0.74119591863],
      [8.531602104e-05, 0, 0.74894066721, 0.015767670124, 0.18138791609, 0.053818430548],
      [0.04449345807, 0, 0.0028805916418, 0.9211519828, 0.030211089191, 0.0012628782951],
      [0.05240505839, 0, 0.36214725903, 0.10172888299, 0.10699276923, 0.37672603037]
    ],
    [
      [0, 0.85512218264, 0.05059516423, 0.0039760219607, 0, 0.090306631173],
      [0, 0.20125810709, 0.76679290807, 0.0049565806235, 0, 0.026992404224],
      [0.060237442406, 0.042365935196, 0.054011229317, 0.82768804549, 0, 0.015697347594],
      [0.060529722682, 0.0044259848488, 0.56875269491, 0.077019000619, 0, 0.28927259694]
    ],
    [
      [0, 0.71254121421, 0.077339040213, 0, 0.0061233143106, 0.20399643126],
      [0, 0.10486687043, 0.71266840051, 0, 0.13875279686, 0.043711932193],
      [0.037735849057, 0.070014250899, 0.095923139352, 0.69811320755, 0.063430390755, 0.03478316239],
      [0.029502117907, 0.0022251541094, 0.45330858056, 0.05025341235, 0.10756298795, 0.35714774713]
    ],
    [
      [0, 0.8953826183, 0.086211528308, 0.015924264518, 0.0024815888688, 0],
      [0, 0.14216920809, 0.7730005118, 0.023905641181, 0.060924638931, 0],
      [0, 0.026949438902, 0.0030168392512, 0.95460658906, 0.015427132785, 0],
      [0, 0.0048166845019, 0.78426200055, 0.13671509248, 0.074206222472, 0]
    ],
    [
      [7.3952029745e-05, 0.53948815735, 0.097346163972, 0.0090446696308, 0.0065068324139, 0.34754022461],
      [0.00019629736891, 0.076673730357, 0.73542943029, 0.0085031482935, 0.1221955875, 0.057001806199],
      [0.077491753118, 0.010188134735, 0.04271931456, 0.80024720319, 0.039743182989, 0.029610411411],
      [0.059078518749, 0.0012262496962, 0.3960099603, 0.057172744982, 0.078832338228, 0.40768018804]
    ],
    [
      [0.00015333684267, 0.44159995424, 0.16394709008, 0.015243043009, 0.0095343264655, 0.36952224936],
      [0.0046729612727, 0.036110430995, 0.79223063214, 0.014641221475, 0.11460969849, 0.037735055628],
      [0.059132086417, 0, 0.051826189787, 0.8358691229, 0.038995811657, 0.01417678924],
      [0.051026980755, 0.00029679968097, 0.48273996798, 0.066557222321, 0.083171365209, 0.31620766405]
    ],
    [
      [0, 0.076369930483, 0.20734403119, 0, 0.0065874229752, 0.70969861535],
      [0, 0, 0.86239113569, 0, 0.070874100978, 0.066734763337],
      [0.060903322978, 0.0084609425845, 0.2885728723, 0.54570375776, 0.041607561511, 0.054751542868],
      [0.034062443129, 9.3363896758e-05, 0.44423969352, 0.024986501182, 0.041260718013, 0.45535728026]
    ],
    [
      [0, 0.50100424946, 0.17057809638, 0.0066037688925, 0.0046398822576, 0.31717400302],
      [0, 0.029536658489, 0.87790329245, 0, 0.057527618137, 0.035032430923],
      [0.015826180053, 0.021934694825, 0.10785574639, 0.80969897904, 0.024693558863, 0.019990840828],
      [0.012964952626, 0.0008492446183, 0.56763546374, 0.059284158087, 0.04471217085, 0.31455401008]
    ],
    [
      [8.384916115e-05, 0.71650849295, 0.091748085589, 0.013500909444, 0.0074785181065, 0.17068014474],
      [0.00011470647927, 0.092568261771, 0.72441596131, 0.012260565626, 0.14355232482, 0.027088179994],
      [0.061134225237, 0.00095326916297, 0.017874305981, 0.88087292291, 0.032198311164, 0.006966965544],
      [0.075898787058, 0.0015811403571, 0.46375289144, 0.1018226903, 0.11146749841, 0.24547699244]
    ],
    [
      [0.0001377854989, 0.62167405884, 0.087811047491, 0.013789349984, 0.0094367950037, 0.26715096318],
      [0.00043718795143, 0.085760581925, 0.67007236827, 0.019768764736, 0.18193376015, 0.042027336975],
      [0.035611041372, 0.0050695021218, 0.014039740117, 0.88088678515, 0.048045053707, 0.016347877534],
      [0.033781611131, 0.0014036420406, 0.40609120151, 0.078385142447, 0.13198513358, 0.34835326929]
    ],
    [
      [0, 0.73224379466, 0.08708823023, 0.0058271027372, 0.0058239018783, 0.16901697049],
      [0, 0.12352254955, 0.72270104137, 0, 0.12094650062, 0.032829908456],
      [0.017415341001, 0.036607298173, 0.057546074505, 0.8256379981, 0.043957326684, 0.018835961535],
      [0.016724287223, 0.0029809503488, 0.51418088909, 0.072521020166, 0.10334544065, 0.29024741251]
    ],
    [
      [0, 0.95555436022, 0.01349324103, 0, 0, 0.030952398748],
      [1.1142869977e-06, 0.16865381788, 0.79300266151, 0.0036737132872, 0, 0.034668693037],
      [0.1085043007, 0.071354409663, 0.099307704408, 0.66666666667, 0, 0.054166918565],
      [0.0026068104143, 0.044695105868, 0.56585971325, 0, 0, 0.38683837046]
    ],
    [
      [0.054969529135, 0.46146170181, 0.1948591119, 0.023649129765, 0.0061591949363, 0.25890133245],
      [0.039763707829, 0, 0.84972079407, 0.021809395208, 0.066721752761, 0.021984350133],
      [0.064555733887, 0, 0.023624456192, 0.89275482343, 0.018702861886, 0.00036212460119],
      [0.080681355502, 0.00024946912554, 0.56509205283, 0.085926232769, 0.052982282982, 0.21506860679]
    ],
    [
      [0, 0.3877179201, 0.1322400708, 0.008036798001, 0.003148935541, 0.46885627556],
      [0, 0.0462555353, 0.83721131416, 0, 0.049253409935, 0.067279740607],
      [0.081693371298, 0.0089781275895, 0.083390320588, 0.76576874159, 0.019401406579, 0.040768032356],
      [0.053415906291, 0.00076008602792, 0.42714436456, 0.046336991076, 0.030098552907, 0.44224409913]
    ],
    [
      [0, 0.61354436462, 0.15412674783, 0.0099717199201, 0.0020957698314, 0.2202613978],
      [0, 0.064423476541, 0.87863499445, 0.0014690618779, 0.029216581745, 0.026255885387],
      [0.059789814475, 0.0058271682066, 0.079751087509, 0.83014485189, 0.011094411548, 0.01339266637],
      [0.053872244668, 0.0012659666765, 0.60074447493, 0.068965416907, 0.023906245905, 0.25124565091]
    ],
    [
      [0.031477141522, 0.42589032046, 0.083576931505, 0.015469641903, 0, 0.44358596461],
      [1.8315061646e-05, 0.073706838281, 0.82420025198, 0.015288429349, 0, 0.086786165325],
      [0.017144623627, 0, 0.015522250797, 0.95033173385, 0, 0.017001391723],
      [0.019771722802, 0.00080568251067, 0.35400521537, 0.095736096341, 0, 0.52968128298]
    ],
    [
      [0, 0, 0.25215817904, 0.02148173664, 0.017229372715, 0.70913071161],
      [0, 0, 0.81197136732, 0.0092596856203, 0.13832155408, 0.040447392976],
      [0, 0, 0.05508929723, 0.87841823809, 0.048221292918, 0.018271171757],
      [0, 0, 0.46589185916, 0.063225854379, 0.095205077157, 0.37567720931]
    ],
    [
      [4.8385820165e-05, 0.4919857335, 0.1017749301, 0.012435114596, 0.0066476674042, 0.38710816858],
      [0.00064320139259, 0.065929730302, 0.71907011031, 0.034842537452, 0.1190140522, 0.060500368338],
      [0.020495848984, 0.0046546329748, 0.019187166845, 0.89621550032, 0.033414406493, 0.026032444384],
      [0.016794183184, 0.00081869367458, 0.39661354171, 0.071590876874, 0.077995322758, 0.4361873818]
    ],
    [
      [0.0001826592303, 0, 0.24544114242, 0.031356698228, 0.021891884162, 0.70112761596],
      [0.019181594182, 0, 0.76021105714, 0.03148091825, 0.16970399533, 0.019422435098],
      [0.022485952528, 0, 0.0096430913406, 0.92291971699, 0.044951239145, 0],
      [0.025314072176, 0, 0.42996474013, 0.077404747998, 0.11423607474, 0.35308036496]
    ],
    [
      [7.0294093346e-05, 0.47934472337, 0.12863287909, 0.012259160874, 0.0057493051112, 0.37394363746],
      [0.0005152642729, 0.059144245544, 0.78276639317, 0.018060614175, 0.087891403482, 0.051622079359],
      [0.038568735452, 0.0062784763081, 0.050923165503, 0.84997627076, 0.029345125734, 0.024908226242],
      [0.031266285655, 0.00096184411865, 0.45700436565, 0.064857587434, 0.061021835459, 0.38488808169]
    ],
    [
      [0, 0.48932971566, 0.10589632306, 0.0059293658278, 0.007690099596, 0.39115449585],
      [0, 0.056256517777, 0.74400089254, 0, 0.13318520126, 0.066557388431],
      [0.027875965399, 0.039989497901, 0.067806929405, 0.77553044071, 0.051341326661, 0.037455839922],
      [0.020179919695, 0.0012824598317, 0.40309994459, 0.051178735698, 0.086837028731, 0.43742191146]
    ],
    [
      [0, 0.41626365665, 0.12930104903, 0.0072958847202, 0.0080637453736, 0.43907566423],
      [0, 0.028849476259, 0.78744798723, 0, 0.12032915324, 0.063373383269],
      [0.050592788728, 0.044730418955, 0.078416650272, 0.7416709665, 0.048243870253, 0.036345305293],
      [0.035466212585, 0.00090616613522, 0.42039121316, 0.046784144913, 0.077290894161, 0.41916136905]
    ],
    [
      [0, 0.52551346664, 0.12663468232, 0.0085100623163, 0.0046882035246, 0.3346535852],
      [0, 0.06499372107, 0.8106857552, 0, 0.074265589859, 0.050054933873],
      [0.055679985429, 0.016900622657, 0.070911929009, 0.80134898302, 0.027732772691, 0.027425707197],
      [0.043577383803, 0.0013016942717, 0.47647604382, 0.057785651638, 0.052281062266, 0.3685781642]
    ],
    [
      [4.7664087454e-05, 0.52642352395, 0.16042115087, 0.013013303591, 0.0061025155305, 0.29399184197],
      [0.00013483026573, 0.051998540151, 0.82739266526, 0.010419435482, 0.078215880025, 0.031838648813],
      [0.050254489477, 0.0037727621034, 0.063879961685, 0.83889913275, 0.027746738898, 0.015446915085],
      [0.044115182556, 0.00082913176581, 0.53772117371, 0.06914672248, 0.06054599507, 0.28764179442]
    ],
    [
      [0, 0.40515516202, 0.16364473691, 0.0089990896551, 0.0085394486703, 0.41366156274],
      [0, 0.023585829849, 0.8274496757, 0, 0.10508979083, 0.043874703616],
      [0.0602023941, 0.032336520501, 0.078678471392, 0.76276979283, 0.041253353259, 0.024759467922],
      [0.045605134493, 0.00046263710823, 0.47457880661, 0.052455743979, 0.072211209713, 0.3546864681]
    ],
    [
      [1.6618486159e-05, 0.61226245486, 0.11869232847, 0.010111960284, 0.004036586157, 0.25488005174],
      [0, 0.087193269433, 0.79730917224, 0.0076771362963, 0.068316876067, 0.039503545964],
      [0.041922297698, 0.014251195712, 0.053527144348, 0.84654824738, 0.023341139158, 0.020409975708],
      [0.037156935156, 0.0017920387433, 0.51712711102, 0.070081431313, 0.052916805231, 0.32092567853]
    ],
    [
      [0.00019241626863, 0.71880388094, 0.11113219632, 0.013234834055, 0.0047614130424, 0.15187525937],
      [0.0013494582865, 0.10049082891, 0.76206037135, 0.029781012934, 0.083471523484, 0.022846805031],
      [0.061917704887, 0.010769910497, 0.028229043181, 0.86449453853, 0.024736580422, 0.0098522224869],
      [0.065268241828, 0.0020469555359, 0.55690423382, 0.085941497975, 0.072413113784, 0.21742595706]
    ],
    [
      [0, 0.59644991926, 0.11214926693, 0.0076630214154, 0.004901983452, 0.27883580894],
      [0, 0.088737817862, 0.77960049849, 0, 0.085481038954, 0.046180644699],
      [0.029266961436, 0.019875574463, 0.060279457583, 0.83388550755, 0.030540888144, 0.026151610828],
      [0.024806337458, 0.0017862268182, 0.48950718567, 0.06542717614, 0.064281099963, 0.35419197395]
    ],
    [
      [1.6637993669e-05, 0.51566038229, 0.13717105879, 0.01048487282, 0.0063608174468, 0.33030623065],
      [0, 0.061087765784, 0.80152053587, 0.0015853474343, 0.092268851618, 0.043537499296],
      [0.052595676755, 0.0078817720507, 0.06730846612, 0.8156039389, 0.033832724726, 0.022777421451],
      [0.042585893697, 0.0010720644792, 0.48624344644, 0.061415851495, 0.066892581199, 0.34179016269]
    ],
    [
      [0, 0.5076949767, 0.11693259555, 0.004501225878, 0.0036786971386, 0.36719250473],
      [0, 0.049638436513, 0.82279350184, 0, 0.063379746731, 0.064188314916],
      [0.039818224966, 0.055517428954, 0.085694578165, 0.75460868934, 0.025903750113, 0.038457328467],
      [0.028932130967, 0.0015626178263, 0.45505274798, 0.049492029331, 0.042354200495, 0.4226062734]
    ],
    [
      [0.00012726642979, 0.7024035587, 0.081783047852, 0.011668660436, 0.0035430594927, 0.20047440709],
      [0.0010775809642, 0.12681805088, 0.72117795889, 0.030809182943, 0.080199043939, 0.039918182392],
      [0.046096351055, 0.011646194398, 0.0020621608563, 0.90507158117, 0.019263261601, 0.015860450922],
      [0.047352005206, 0.0022969023431, 0.4713068413, 0.087670175066, 0.062243629334, 0.32913044675]
    ],
    [
      [0, 0.44314188597, 0.17028449969, 0.0081132864058, 0.009953382539, 0.36850694539],
      [0, 0.015492772841, 0.83133293973, 0, 0.1174764883, 0.035697799125],
      [0.049909478857, 0.045281344927, 0.087130097989, 0.74867179794, 0.04812703687, 0.020880243422],
      [0.039695137725, 0.00066275746359, 0.49919004225, 0.054142468031, 0.084817835792, 0.32149175874]
    ],
    [
      [5.9864449697e-05, 0.44294695869, 0.16143862377, 0.013359103457, 0.0061926009197, 0.37600284871],
      [0.00037631463964, 0.043471277134, 0.82314521037, 0.012972483638, 0.078743185724, 0.041291528495],
      [0.050548113163, 0.003433453014, 0.06019191917, 0.8383110644, 0.027364300005, 0.020151150246],
      [0.041695874409, 0.00065210410895, 0.49789998131, 0.065104931506, 0.056684435267, 0.3379626734]
    ],
    [
      [0, 0.15955946224, 0.16813921613, 0.0019157644584, 0.0040876396033, 0.66629791757],
      [0, 0, 0.87084781545, 0, 0.053596144242, 0.075556040307],
      [0.049459867044, 0.071647461787, 0.35866249618, 0.41842004274, 0.033429379048, 0.068380753199],
      [0.03013126308, 0.00023018855113, 0.42251523601, 0.021178065044, 0.030399850147, 0.49554539717]
    ],
    [
      [0, 0.49414674533, 0.13738458103, 0.0086357364639, 0.0069141223254, 0.35291881485],
      [0, 0.051370807435, 0.80216582523, 0, 0.099299954784, 0.04716341255],
      [0.042438336336, 0.018237400269, 0.073590313839, 0.80222334732, 0.037836314725, 0.025674287508],
      [0.033460663262, 0.0010474609, 0.47638887132, 0.058259169727, 0.07067761453, 0.36016622026]
    ],
    [
      [0, 0.575822472, 0.15063820332, 0.0062312848554, 0.005434124688, 0.26187391513],
      [0, 0.041270918546, 0.85124181277, 0, 0.074506372627, 0.03298089606],
      [0.049513721431, 0.05197634075, 0.08937149184, 0.75928556843, 0.030640079104, 0.019212798444],
      [0.042469590928, 0.001343843487, 0.5532320715, 0.058609013879, 0.058369823121, 0.28597565709]
    ],
    [
      [0.00017356989008, 0.60100536993, 0.12284056405, 0.013142088816, 0.0078538094658, 0.25498459785],
      [0.0010246469775, 0.072535604513, 0.74957532298, 0.022203710998, 0.12089865086, 0.03376206368],
      [0.063773676479, 0.0064195160156, 0.041370199444, 0.83421088106, 0.038922411218, 0.015303315779],
      [0.058005724946, 0.0012331818838, 0.4854614877, 0.071788501826, 0.093063161174, 0.29044794247]
    ],
    [
      [3.0941532075e-05, 0.71269442181, 0.089580906837, 0.0089552608632, 0.0033886988395, 0.18534977012],
      [9.4096755219e-05, 0.13358989132, 0.74447488002, 0.01174551032, 0.072942855247, 0.037152766339],
      [0.042208147046, 0.024365001842, 0.039242667951, 0.8520726667, 0.023466498444, 0.018645018014],
      [0.040688638632, 0.0028545155085, 0.51601107687, 0.07682759514, 0.060376591917, 0.30324158193]
    ],
    [
      [7.141453711e-05, 0.58839622958, 0.11437671332, 0.010797575258, 0.0045671669947, 0.28179090031],
      [0.00037216556246, 0.084635538481, 0.77808102992, 0.014037031636, 0.078416382902, 0.044457851501],
      [0.050547725017, 0.011913295237, 0.047001473177, 0.84249323456, 0.025936060915, 0.022108211097],
      [0.043512435821, 0.0015921461769, 0.4840609675, 0.068286685883, 0.05813888311, 0.34440888151]
    ],
    [
      [0.021775086478, 0.53871312958, 0.097848455862, 0.015511353684, 0, 0.32615197439],
      [0.00021072776068, 0.085641506054, 0.84259072796, 0.013908005985, 0, 0.057649032239],
      [0.083654288761, 0, 0.013739860437, 0.89225066016, 0, 0.010355190638],
      [0.088877388918, 0.00073755927132, 0.42358598304, 0.088153214952, 0, 0.39864585382]
    ],
    [
      [2.6560186492e-05, 0.50153800545, 0.11792693216, 0.0099872726706, 0.0064951805408, 0.36402604898],
      [2.8596455128e-05, 0.065464200091, 0.76875143093, 0.0068495447734, 0.1053709383, 0.05353528945],
      [0.044126361006, 0.008059049296, 0.056183350032, 0.82687724179, 0.036871431575, 0.027882566297],
      [0.034135622793, 0.0010786227756, 0.43868720077, 0.060005019978, 0.071800117254, 0.39429341643]
    ],
    [
      [0.00038170637777, 0.63286917642, 0.10181444799, 0.017417310188, 0.0054433285726, 0.24207403045],
      [0.030467776878, 0.086482009672, 0.70681433686, 0.037178295757, 0.10174552543, 0.037312055394],
      [0.054895496244, 0, 0, 0.91281349753, 0.021247497562, 0.011043508667],
      [0.069720132996, 0.001436176127, 0.45756940513, 0.089976114604, 0.075266551886, 0.30603161926]
    ],
    [
      [2.3615844613e-05, 0.71092745342, 0.082582726569, 0.0064630615729, 0.0018061922862, 0.19819695031],
      [0, 0.10175378889, 0.81062653854, 0.0062682978802, 0.042883328447, 0.03846804625],
      [0.069433209443, 0.013714978209, 0.061194589662, 0.81874888332, 0.015799890071, 0.021108449292],
      [0.056655439857, 0.0017906256735, 0.50231946039, 0.062233925201, 0.032254844613, 0.34474570426]
    ],
    [
      [0, -0, 1, 0, 0, 0],
      [0, 0, 1, 0, 0, 0],
      [-0, 0, 1, -0, 0, 0],
      [0, 0, 1, 0, 0, 0]
    ],
    [
      [3.4700705897e-05, 0.39078253563, 0.26958914359, 0.022060430134, 0.0090129860842, 0.30852020386],
      [0.00060934778057, 0.022289763974, 0.86750482287, 0.017584172309, 0.072503860207, 0.019508032858],
      [0.023350965008, 0, 0.059168902346, 0.8847943509, 0.024913547992, 0.0077722337512],
      [0.023307601335, 0.00036635926171, 0.62439831979, 0.081741730383, 0.062028505827, 0.2081574834]
    ],
    [
      [1.508892169e-05, 0.5411478574, 0.14120668757, 0.010983414531, 0.0064169553864, 0.30022999619],
      [0, 0.062772053316, 0.80317439246, 0.0049859009063, 0.09065130093, 0.038416352392],
      [0.045412168573, 0.0072059645377, 0.066208225496, 0.8285437449, 0.033069184242, 0.019560712253],
      [0.038348359583, 0.001129873009, 0.5098086372, 0.065440372991, 0.068695750142, 0.31657700708]
    ],
    [
      [0, 0.61685043432, 0.16285188262, 0.01151624851, 0.006592826628, 0.20218860792],
      [0, 0.059879126272, 0.83385964297, 0.0015941078009, 0.083406876, 0.021260246961],
      [0.061811479804, 0.0055964620846, 0.076137687562, 0.81472845965, 0.031646005916, 0.010079904982],
      [0.057527820815, 0.0010297895597, 0.58834415659, 0.069486122427, 0.070324065485, 0.21328804512]
    ],
    [
      [0, 0.52364498943, 0.12307527684, 0.0054649097944, 0.0038509123059, 0.34396391163],
      [0, 0.069216525283, 0.81209292785, 0, 0.06345193927, 0.055238607592],
      [0.054606251962, 0.021264673131, 0.07185537151, 0.79460650978, 0.023690047431, 0.033977146185],
      [0.041883201928, 0.0017903558556, 0.470575878, 0.055643663347, 0.044055239161, 0.38605166171]
    ],
    [
      [9.4984262681e-05, 0.71544097324, 0.094574833196, 0.012554016075, 0.00075579425691, 0.17657939897],
      [0.00030871297419, 0.1236642188, 0.80589123185, 0.019495860649, 0.017089475107, 0.033550500622],
      [0.027968406399, 0.023483836623, 0.019432417576, 0.90777178004, 0.0046946315367, 0.016648927824],
      [0.029530616414, 0.0024813897494, 0.57011562736, 0.089592531748, 0.014417795784, 0.29386203895]
    ]
  ],
  "expected_outcome": [
    [
      [0, 0, 0.00048360978512, 0, 0.00011690316586, 0, 0.000727806044, 0, 0, 0, 0, 0.00017167489679, 0.0001654508204, 0.0031566559076, 0.00069506186434, 0, 0, 0.0040012420828, 0, 0.0006046753624, 5.7198813219e-05, 0.10382292833, 0.00042157050074, 3.320765894e-05, 0.00053646745321, 0.00010140195749, 0, 0, 9.7650069837e-05, 0, 0, 0, 0.00044371217847, 0.0053667894936, 0, 0, 0.00025154748345, 0.00096449849229, 0, 0, 0.71460387876, 0, 0, 0.12590856609, 0, 0.00019354328066, 0.0012786146121, 0.0027414696405, 0, 0, 0, 0.0027645170723, 0, 0.00059826550174, 0.0050028229844, 0, 0.00044922582906, 0, 0.005472456481, 0, 0.0022748490885, 0, 0, 0, 0.004165677362, 0.00095918749434, 0.0037849704668, 0.17420069183, 0.00023904167843, 0.0083975403109, 2.3615844613e-05, 0, 0.00045110917666, 0.0016748703076, 0, 0, 0.0018996852536],
      [0, 0, 4.0311723486, 11.6851427152, 1.5486082088, 8.6493335794, 3.8543150755, 5.9657061261, 8.5880499276, 7.3766341183, 4.1494056817, 1.5783033809, 7.3270805202, 5.8045668858, 6.752268674, 0, 1.7888379781, 10.2157199288, 7.6453846702, 0, 0, 1, 2.2160967462, 0.76420194224, 6.2863046658, 0.84053101433, 2.4338764665, 6.0793437928, 0, 1.7102443653, 3.5627060711, 6.2676783281, 3.2369289441, 15.4559983984, 0.4582195829, 8.5170722408, 2.1495254789, 4.3517184119, 8.0546817413, 0.95555436022, 5.9990021235, 3.877179201, 4.908354917, 1.7035612819, 0, 1.967942934, 0, 18.6944442113, 7.3399457349, 8.7415367896, 22.0715655989, 30.5325643891, 19.042292615, 22.0414483748, 18.6889009045, 33.4011954786, 13.9228303218, 22.8462739515, 30.2033530243, 8.8628377194, 16.8319844301, 0.63823784894, 42.4966200987, 38.5801056242, 14.4241288783, 22.093527076, 31.1850001677, 4.3097050367, 4.5138420491, 13.9231218813, 0.71092745342, 0, 5.0801729631, 60.0674121715, 7.4022052119, 72.2630085418, 14.3088194648],
      [0, 0, 0.54720774662, 4.797571996, 0.18291049517, 3.3993030803, 0.72595209293, 2.3583353898, 1.74215235, 2.1845763716, 1.4567174863, 0.63755416001, 2.8405346524, 0.87267625948, 1.2187727833, 0, 0.19349227063, 1.9937768913, 2.9030016209, 0.47058775852, 0.095598245262, 0.55472651634, 0.5934072019, 0.12101941633, 1.6150823113, 0.031587095427, 1.6233431939, 1.7096685457, 0.20259067087, 0.10119032846, 0.38669520107, 0.60348069816, 0.58407698383, 5.7381481529, 1.2440641871, 2.8998276384, 0.27524425677, 0.61467733244, 0.95797053252, 0.01349324103, 2.5331684547, 1.322400708, 1.2330139826, 0.33430772602, 0, 0.40709972039, 1.7180879969, 5.0166822847, 1.588444846, 2.7153220296, 5.3186566574, 9.3044267504, 7.6913026347, 4.2729238251, 2.8894371042, 6.2803589483, 3.7036185875, 5.2619667999, 3.5166710576, 3.4056899938, 6.1346677034, 0.67255686454, 11.8150739686, 10.0927596226, 2.9481735372, 2.777008112, 6.061965806, 0.78278764689, 1.0613423895, 2.2399178558, 0.082582726569, 0, 3.5046588666, 15.6739423204, 1.9542225914, 16.9843882037, 1.8914966639],
      [0, 0, 0.062360674567, 0.21454432238, 0.029577243909, 0.21462357808, 0.075343598962, 0.11647957272, 0.097324908816, 0.11622002015, 0.083508309977, 0.047249295121, 0.17484527231, 0.11931979011, 0.11882533935, 0, 0.017669751279, 0.22221232597, 0.2087289119, 0.038831831861, 0.012443898509, 0.083485980819, 0.07520918251, 0.010029053721, 0.1305712276, 0.0045068500145, 0.048090387237, 0.10005828085, 0.035750679063, 0.0079520439215, 0, 0.11146985163, 0.054268017785, 0.53350650531, 0, 0.11226407117, 0.040502728331, 0.096525449887, 0.064098130109, 0, 0.30743868695, 0.08036798001, 0.079773759361, 0.061878567612, 0, 0.049740458384, 0.2194968876, 0.47810727408, 0.088940487417, 0.15321357912, 0.35742261729, 0.75477160825, 0.42295721379, 0.36403057022, 0.34410568543, 0.42912919926, 0.28309156613, 0.20255516451, 0.50175239876, 0.16226572812, 0.50764593138, 0.0076630578335, 0.74267333589, 0.41749608531, 0.31541013158, 0.27761308676, 0.57227148867, 0.12409082947, 0.089885454035, 0.38318082413, 0.0064630615729, 0, 0.28678559174, 1.219159013, 0.13819498212, 0.75415755163, 0.2510803215],
      [0, 0, 0.047863683104, 0.19397836164, 0.0036641153053, 0.20228476603, 0.018427579104, 0.077892756626, 0.077878669514, 0.12227944041, 0.082613273765, 0.028753893337, 0.099476235027, 0.016825768776, 0.080111764962, 0, 0, 0.12055527537, 0.17258095316, 0, 0.005098770972, 0.022811410258, 0.041161722914, 0.0034931357964, 0.078869951195, 0.0013263753631, 0.050819357528, 0.063743053895, 0.020365081368, 0, 0.030616571553, 0.017371122082, 0.039040994483, 0.33370142629, 0.039524537851, 0.07887799838, 0.022435554319, 0.066057565026, 0.064062920661, 0, 0.080069534173, 0.03148935541, 0.016766158651, 0, 0, 0.026590669617, 0.15324318913, 0.22422289934, 0.11535149394, 0.16933865284, 0.19690454803, 0.35394590077, 0.4013540875, 0.14531710165, 0.1237967391, 0.27451107331, 0.17174207106, 0.16554137124, 0.15235155819, 0.19906765078, 0.23531883495, 0.016350558413, 0.59461451999, 0.3640863541, 0.18849142718, 0.10504966402, 0.24205985072, 0, 0.058456624867, 0.1197532286, 0.0018061922862, 0, 0.11716881909, 0.71228204789, 0.079113919536, 0.53142589822, 0.015115885138],
