{
  "X": [
    [92, 52, 368, 940, 34],
    [120, 99, 604, 1323, 71],
    [4, 0, 9, 45, 1],
    [87, 90, 390, 1256, 81],
    [1, 7, 11, 27, 1],
    [2, 13, 22, 77, 4],
    [0, 1, 3, 13, 1],
    [9, 12, 59, 181, 14],
    [39, 38, 195, 425, 30],
    [1, 4, 7, 14, 0],
    [1, 4, 11, 11, 0],
    [303, 103, 1455, 1675, 95],
    [3, 3, 5, 53, 3],
    [24, 26, 116, 324, 18],
    [27, 24, 119, 311, 20],
    [13, 22, 140, 190, 21],
    [74, 30, 398, 415, 14],
    [1, 0, 13, 43, 2],
    [15, 103, 203, 707, 45],
    [52, 283, 568, 1521, 131],
    [6, 2, 19, 30, 0],
    [38, 14, 154, 250, 42],
    [7, 4, 31, 104, 0],
    [35, 14, 126, 257, 20],
    [20, 15, 86, 165, 12],
    [22, 26, 105, 227, 20],
    [11, 3, 36, 106, 3],
    [8, 18, 47, 122, 14],
    [12, 4, 27, 118, 5],
    [25, 31, 134, 323, 18],
    [82, 78, 295, 1009, 56],
    [3, 0, 9, 15, 1],
    [14, 8, 38, 114, 6],
    [9, 2, 16, 89, 6],
    [14, 21, 114, 481, 20],
    [12, 14, 59, 205, 14],
    [6, 3, 6, 97, 2],
    [22, 49, 180, 432, 24],
    [49, 73, 268, 562, 44],
    [22, 3, 59, 169, 6],
    [22, 9, 78, 80, 15],
    [3, 7, 37, 82, 10],
    [26, 17, 79, 242, 14],
    [19, 62, 107, 214, 22],
    [7, 15, 26, 125, 3],
    [14, 20, 44, 122, 15],
    [14, 2, 38, 86, 2],
    [3, 10, 39, 133, 3],
    [16, 3, 29, 104, 0],
    [7, 4, 37, 70, 5],
    [7, 4, 19, 73, 0],
    [52, 16, 289, 310, 19],
    [77, 38, 401, 436, 35],
    [58, 30, 217, 224, 25],
    [50, 12, 207, 191, 8],
    [56, 10, 265, 196, 23],
    [41, 24, 223, 216, 19],
    [21, 5, 48, 202, 8],
    [20, 9, 40, 125, 8],
    [10, 4, 34, 102, 3],
    [10, 2, 21, 132, 4],
    [10, 10, 84, 41, 10],
    [2, 0, 12, 78, 6],
    [1, 7, 16, 71, 3],
    [7, 6, 17, 75, 3],
    [1, 1, 0, 78, 0],
    [15, 1, 50, 64, 3],
    [24, 11, 110, 397, 23],
    [31, 14, 123, 291, 19],
    [3, 3, 25, 111, 2],
    [18, 8, 74, 143, 11],
    [5, 7, 15, 80, 8],
    [6, 5, 21, 59, 3],
    [7, 6, 19, 59, 2],
    [19, 4, 39, 109, 7],
    [4, 4, 6, 94, 1],
    [18, 38, 152, 280, 20],
    [21, 13, 96, 153, 11],
    [11, 7, 23, 159, 1],
    [25, 13, 118, 138, 10],
    [69, 22, 212, 286, 16],
    [57, 23, 307, 268, 20],
    [21, 88, 138, 460, 37],
    [20, 123, 181, 536, 63],
    [26, 17, 131, 292, 15],
    [11, 9, 39, 124, 5],
    [9, 82, 206, 325, 40],
    [95, 205, 565, 1127, 152],
    [119, 172, 491, 1077, 121],
    [0, 0, 1, 4, 0]
  ],
  "W": [
    [62, 388, 873, 117, 46],
    [104, 649, 1234, 154, 76],
    [1, 9, 48, 1, 0],
    [69, 471, 1177, 113, 74],
    [7, 13, 24, 1, 2],
    [12, 36, 63, 1, 6],
    [0, 6, 12, 0, 0],
    [14, 64, 170, 13, 14],
    [52, 204, 394, 53, 24],
    [4, 9, 10, 2, 1],
    [2, 12, 12, 1, 0],
    [152, 1500, 1621, 267, 91],
    [2, 7, 55, 1, 2],
    [30, 111, 312, 35, 20],
    [27, 127, 298, 35, 14],
    [25, 160, 173, 17, 11],
    [32, 408, 398, 76, 17],
    [2, 11, 38, 3, 5],
    [79, 248, 673, 25, 48],
    [292, 629, 1435, 65, 134],
    [0, 21, 31, 3, 2],
    [14, 182, 242, 39, 21],
    [1, 30, 97, 15, 3],
    [20, 124, 244, 43, 21],
    [17, 91, 157, 25, 8],
    [19, 114, 220, 30, 17],
    [0, 34, 108, 14, 3],
    [12, 61, 112, 11, 13],
    [1, 29, 114, 12, 10],
    [35, 123, 312, 47, 14],
    [53, 372, 923, 111, 61],
    [6, 4, 14, 1, 3],
    [7, 41, 107, 17, 8],
    [3, 18, 86, 11, 4],
    [20, 120, 451, 36, 23],
    [9, 66, 198, 21, 10],
    [4, 7, 93, 7, 3],
    [46, 191, 413, 30, 27],
    [68, 272, 537, 71, 48],
    [2, 59, 159, 32, 7],
    [16, 75, 69, 23, 21],
    [5, 37, 77, 13, 7],
    [14, 90, 229, 28, 17],
    [47, 129, 200, 16, 32],
    [10, 31, 121, 8, 6],
    [14, 59, 117, 17, 8],
    [1, 41, 86, 11, 3],
    [3, 41, 124, 16, 4],
    [0, 37, 96, 17, 2],
    [7, 33, 69, 10, 4],
    [6, 17, 68, 9, 3],
    [17, 302, 291, 53, 23],
    [44, 424, 420, 59, 40],
    [22, 235, 221, 46, 30],
    [11, 215, 175, 51, 16],
    [10, 295, 184, 39, 22],
    [14, 241, 205, 39, 24],
    [3, 52, 196, 19, 14],
    [6, 47, 126, 13, 10],
    [3, 33, 98, 13, 6],
    [1, 24, 132, 7, 5],
    [5, 83, 39, 19, 9],
    [0, 16, 79, 1, 2],
    [9, 12, 68, 3, 6],
    [6, 18, 70, 7, 7],
    [0, 1, 75, 3, 1],
    [1, 52, 60, 17, 3],
    [8, 120, 393, 21, 23],
    [14, 133, 274, 47, 10],
    [2, 27, 101, 8, 6],
    [4, 81, 143, 20, 6],
    [3, 26, 76, 5, 5],
    [6, 23, 49, 9, 7],
    [5, 20, 50, 14, 4],
    [0, 43, 108, 16, 11],
    [4, 8, 89, 7, 1],
    [31, 172, 257, 26, 22],
    [7, 107, 149, 17, 14],
    [7, 21, 156, 15, 2],
    [11, 122, 136, 25, 10],
    [19, 217, 263, 78, 28],
    [41, 278, 248, 81, 27],
    [79, 167, 429, 27, 42],
    [85, 226, 505, 34, 73],
    [10, 137, 287, 33, 14],
    [16, 34, 117, 14, 7],
    [87, 215, 295, 22, 43],
    [157, 678, 1058, 109, 142],
    [111, 599, 1019, 123, 128],
    [0, 0, 4, 1, 0]
  ],
  "method": "mvn_pdf",
  "cond_prob": [
    [
      [2.2573285084e-05, 0.53693238867, 0.24726211047, 0.184119439, 0.031663488568],
      [0.055775192029, 0.01862592584, 0.81365065782, 0.068060590475, 0.043887633837],
      [0.010617702885, 0.0012426542109, 0.010390697666, 0.97669244847, 0.0010564967652],
      [0.48918230249, 1.5384637238e-05, 0.2154821171, 0.29326953113, 0.0020506646324],
      [0.083787868241, 0.22601512061, 0.058495807674, 0.33069658735, 0.30100461613]
    ],
    [
      [1.7502325729e-05, 0.59263767262, 0.22332951927, 0.14847967888, 0.035535626906],
      [0.047911054761, 0.022892094094, 0.81370276259, 0.060873469078, 0.054620619478],
      [0.0097716988646, 0.002384432165, 0.009406203154, 0.97435588592, 0.0040817799003],
      [0.46602714917, 2.1025234135e-05, 0.23986527936, 0.29124836697, 0.0028381792636],
      [0.06680852431, 0.25740902372, 0.054396438977, 0.27426079251, 0.34712522048]
    ],
    [
      [0.00015434675312, 0, 0.62041284836, 0.13770274093, 0.24173006396],
      [0.14732949285, 0, 0.80547603038, 0.017111872348, 0.030082604422],
      [0.036674337996, 0, 0.022309285217, 0.93086833951, 0.010148037274],
      [0.91351199379, 0, 0.059457187818, 0.026610111294, 0.00042070709503],
      [0.31750845613, 0.014983311133, 0.066095877861, 0.12266102705, 0.47875132783]
    ],
    [
      [1.2834189371e-05, 0.68041798295, 0.13977952838, 0.13840215034, 0.041387504136],
      [0.050830415721, 0.037866756327, 0.7372357245, 0.082060217549, 0.092006885907],
      [0.0077912591014, 0.0035678822008, 0.007288890609, 0.9767019751, 0.0046499929912],
      [0.44598585862, 3.1320664042e-05, 0.19567720284, 0.35400132144, 0.0043042964336],
      [0.04717938716, 0.28395919407, 0.032792407242, 0.24620966417, 0.38985934736]
    ],
    [
      [4.8865601159e-06, 0.78329416713, 0.093321254335, 0.11178051016, 0.011599181812],
      [0.029354822543, 0.04842853789, 0.77548802141, 0.10578955042, 0.040939067742],
      [0.0095031660391, 0, 0, 0.98902110814, 0.0014757258176],
      [0.33409965315, 4.1150164593e-05, 0.19881339664, 0.46527408374, 0.0017717163055],
      [0.028088731469, 0.44366434368, 0.033296772357, 0.32024579712, 0.17470435537]
    ],
    [
      [5.8362515855e-06, 0.63101558144, 0.052324575909, 0.3007363892, 0.015917617194],
      [0.04286295887, 0.057145484749, 0.51952929498, 0.31617274819, 0.064289513211],
      [0.001946414353, 0.029512096075, 0.040120738298, 0.91948239663, 0.0089383546438],
      [0.20198126811, 2.3477406314e-05, 0.066492447754, 0.73001922426, 0.0014835824714],
      [0.022043012221, 0.25188167359, 0.012491918209, 0.55858903047, 0.1549943655]
    ],
    [
      [4.0767198688e-06, 0.87628973183, 0.033089562965, 0.070642798939, 0.019973829547],
      [0, 0.16666666667, 0.5, 0.17508601132, 0.15824732202],
      [0, 0, 0, 0.99579032767, 0.0042096723253],
      [0.029882049625, 6.9911958761e-05, 0.061105488625, 0.90657454866, 0.0023680011347],
      [0.026076449832, 0.40089414323, 0.014205761422, 0.23792679916, 0.32089684636]
    ],
    [
      [1.3469476918e-05, 0.55871304768, 0.21860916107, 0.16610850318, 0.056555818598],
      [0.036254732546, 0.020069704212, 0.79287089332, 0.066099933268, 0.084704736651],
      [0.0055152714181, 0.0011467003433, 0.0078998471042, 0.97859804906, 0.0068401320696],
      [0.3961098881, 1.9947128338e-05, 0.24959925628, 0.34953192586, 0.0047389826315],
      [0.042320275575, 0.19273984942, 0.04342644521, 0.25275013208, 0.46876329771]
    ],
    [
      [1.8157199987e-05, 0.55184285922, 0.24204950041, 0.15627719471, 0.049812288462],
      [0.045408422641, 0.01920834498, 0.80725258554, 0.058322158258, 0.069808488577],
      [0.0097550924657, 0.0010365008597, 0.0088943714274, 0.9735122856, 0.0068017496475],
      [0.46112483261, 1.8228323521e-05, 0.24523093927, 0.28988414656, 0.0037418532398],
      [0.06052562696, 0.20734672937, 0.051344850163, 0.25200688736, 0.42877590615]
    ],
    [
      [3.8945468338e-06, 0.73608058668, 0.065404421353, 0.19851109742, 0],
      [0.030715807683, 0.047721645528, 0.7166658809, 0.20489666589, 0],
      [0.025291341059, 0.028117515112, 0.0069753520834, 0.93961579175, 0],
      [0.20085357445, 2.3744675818e-05, 0.099340077383, 0.69978260349, 0],
      [0.06892159318, 0.34496020306, 0.019955710907, 0.56616249285, 0]
    ],
    [
      [2.1727171701e-07, 0.99101752034, 0.0079534431181, 0.001028819272, 0],
      [0.015577507992, 0.12338710556, 0.86103538645, 0, 0],
      [0.02798833231, 0.044753396918, 0.019902719498, 0.90735555127, 0],
      [0.47720948183, 0.00027892962055, 0.41283584237, 0.10967574617, 0],
      [0.0029893370692, 0.97493368922, 0.0069596001294, 0.0074013971035, 0.0077159764745]
    ],
    [
      [3.6245435223e-05, 0.47639205834, 0.36084213618, 0.12524052624, 0.037489033798],
      [0.064409324887, 0.0081837390161, 0.85632009277, 0.033659907045, 0.037426936284],
      [0.020564914723, 0, 0.0266593421, 0.95254710409, 0.0002286390862],
      [0.60235602328, 1.0614483248e-05, 0.24229946059, 0.15346032129, 0.0018735803676],
      [0.13423866355, 0.20120840155, 0.085308864033, 0.22440459262, 0.35483947825]
    ],
    [
      [1.4128806653e-05, 0.85114346584, 0.058085296328, 0.046569962066, 0.044187146958],
      [0.10520419475, 0.044942059346, 0.63669924181, 0.047137785767, 0.16601671832],
      [0.024305341959, 0.0089256357291, 0.0059203562551, 0.9506613241, 0.010187341961],
      [0.81128257398, 1.7890150353e-05, 0.071939502011, 0.11313924575, 0.0036207881101],
      [0.057732998694, 0.24609539882, 0.014687809302, 0.088691752244, 0.59279204094]
    ],
    [
      [1.4856672272e-05, 0.59074732912, 0.25080618017, 0.11781613039, 0.040615503649],
      [0.037244666507, 0.020302346232, 0.84159731305, 0.043979327835, 0.056876346374],
      [0.010186743023, 0.0029579198917, 0.01102856485, 0.96873263251, 0.0070941397292],
      [0.4440430164, 2.2438826167e-05, 0.29685394355, 0.25552934968, 0.0035512515392],
      [0.057281346017, 0.25501816647, 0.061385629434, 0.21978510589, 0.40652975218]
    ],
    [
      [1.6299497808e-05, 0.61750436719, 0.20992817337, 0.12312465591, 0.049426504029],
      [0.046410209022, 0.023965686082, 0.7987247151, 0.052181972884, 0.078717416914],
      [0.01128479268, 0.0031026045461, 0.0087855976079, 0.96933754965, 0.0074894555171],
      [0.48418791318, 2.313230419e-05, 0.24641169374, 0.26509058383, 0.0042866769458],
      [0.056858441993, 0.23988244057, 0.046527366684, 0.20769739319, 0.44903435757]
    ],
    [
      [1.1592323175e-05, 0.60497376984, 0.20650092998, 0.13693018838, 0.05158351948],
      [0.033613294316, 0.023891997733, 0.799666774, 0.059022782524, 0.083805151422],
      [0.0033537673145, 0.003025158648, 0.010118894219, 0.97677226955, 0.0067299102658],
      [0.3885795531, 2.5539291307e-05, 0.27333836156, 0.33300627539, 0.0050502706504],
      [0.039593541203, 0.22992268207, 0.044861096659, 0.22639916113, 0.45922351894]
    ],
    [
      [2.5378235987e-05, 0.55706894492, 0.30955151375, 0.10803102366, 0.025323139438],
      [0.054932761548, 0.015038732757, 0.88138814164, 0.032719641948, 0.015920722107],
      [0.018888364407, 0.0032356077898, 0.016109483575, 0.95757371658, 0.0041928276496],
      [0.55464091387, 1.5879371691e-05, 0.27089514606, 0.17280109291, 0.0016469677916],
      [0.11272604098, 0.27935365089, 0.087552012186, 0.23212770994, 0.28824058599]
    ],
    [
      [1.1836573442e-05, 0, 0.46171371765, 0.33001287383, 0.20826157194],
      [0.0097538377201, 0, 0.90481565605, 0.065777597189, 0.019652909045],
      [0, 0, 0.0094779733222, 0.98918966488, 0.0013323617946],
      [0.23093474101, 0, 0.32724336733, 0.44037938032, 0.0014425113445],
      [0.039975977778, 0, 0.15634145199, 0.54121505535, 0.26246751488]
    ],
    [
      [4.782984958e-06, 0.79864143831, 0.089757862025, 0.08507876562, 0.026517151057],
      [0.023295823077, 0.068243283546, 0.73351857398, 0.080627615173, 0.094314704225],
      [0, 0.0034604142286, 0.0097612729451, 0.98108165725, 0.005696655574],
      [0.32524026467, 7.1066469533e-05, 0.24479887976, 0.42452611971, 0.00536366939],
      [0.022734404257, 0.43025742951, 0.027233622232, 0.19587542978, 0.32389911422]
    ],
    [
      [8.1699206528e-06, 0.71003344704, 0.14582744645, 0.1046913043, 0.039439632291],
      [0.032654961868, 0.040190846596, 0.77591669102, 0.06268761244, 0.088549888071],
      [0.0019618923526, 0.0048714078255, 0.010385945078, 0.9762687275, 0.0065120272478],
      [0.37330480289, 4.3383234552e-05, 0.26883604552, 0.35240820703, 0.0054075613328],
      [0.032668027271, 0.32385746878, 0.037228454001, 0.20259308587, 0.40365296408]
    ],
    [
      [2.6540627926e-05, 0.81616575517, 0.13936543616, 0.037674593179, 0.006767674862],
      [0.11471603385, 0.023548577599, 0.8293010026, 0.032434385951, 0],
      [0.023857056621, 0.0094546209853, 0.035384609839, 0.93130371255, 0],
      [0.81798895687, 0.00042023537711, 0.12119686707, 0.060393940683, 0],
      [0.19871383162, 0.60556295687, 0.062082719617, 0.13364049189, 0]
    ],
    [
      [2.3012914941e-05, 0.5403946114, 0.23071391849, 0.10893606319, 0.11993239401],
      [0.054603189235, 0.01752359373, 0.73827072053, 0.047920164835, 0.14168233167],
      [0.01981184433, 0.0021860850897, 0.028617816262, 0.94938425432, 0],
      [0.56988706716, 1.6942312803e-05, 0.22601251561, 0.19540839436, 0.0086750805577],
      [0.049611211008, 0.12930895427, 0.031654017194, 0.11340515192, 0.67602066561]
    ],
    [
      [6.6388164005e-06, 0.77195586742, 0.12797707774, 0.10006041602, 0],
      [0.031935390069, 0.036748224309, 0.85360219024, 0.077714195381, 0],
      [0.0043997742389, 0.0035682917168, 0.0099984137409, 0.9820335203, 0],
      [0.36579279605, 3.7222768458e-05, 0.27147292111, 0.36269706008, 0],
      [0.042753872417, 0.59297158842, 0.074005755169, 0.29026878399, 0]
    ],
    [
      [2.6856621536e-05, 0.47458937282, 0.32720458229, 0.14416188177, 0.054017306496],
      [0.051423516934, 0.0074798910119, 0.83731134366, 0.041898048616, 0.061887199775],
      [0.015925600507, 0, 0.01307521134, 0.96435551756, 0.0066436705983],
      [0.5330569459, 1.1972464747e-05, 0.25665687498, 0.20714398059, 0.0031302260678],
      [0.086459598602, 0.17048529724, 0.06679545471, 0.22435556606, 0.45190408339]
    ],
    [
      [1.7974263967e-05, 0.61687713377, 0.22495342666, 0.11274583848, 0.04540562683],
      [0.048681115343, 0.022190049222, 0.81528294385, 0.045257882953, 0.068588008633],
      [0.013904677175, 0.0032920420285, 0.0082849862275, 0.96557481004, 0.0089434845304],
      [0.51445130454, 2.13917458e-05, 0.25071274874, 0.23108907063, 0.0037254843473],
      [0.065674501421, 0.24705110683, 0.052060287537, 0.19904768193, 0.43616642229]
    ],
    [
      [9.9244339507e-06, 0.74323534884, 0.14843365388, 0.069926428618, 0.038394644229],
      [0.039628958479, 0.039786704565, 0.79346818718, 0.041547307998, 0.08556884178],
      [0.011602141565, 0.0063433950209, 0.01208833168, 0.96024625553, 0.0097198762024],
      [0.47379560158, 4.380957417e-05, 0.27946330853, 0.24137777286, 0.0053195074675],
      [0.042104175147, 0.34976369763, 0.04006205957, 0.14349972599, 0.42457034166]
    ],
    [
      [1.1794925487e-05, 0.73871519215, 0.18906442401, 0.052369260815, 0.019839328102],
      [0.039850175649, 0.024723443717, 0.87295282151, 0.025954860799, 0.036518698325],
      [0.019668186478, 0.0086117339996, 0.015826978062, 0.94845245089, 0.0074406505748],
      [0.52260527734, 2.8185755104e-05, 0.3145883336, 0.16041742686, 0.0023607764443],
      [0.068152001851, 0.4096470137, 0.068684589207, 0.14627535369, 0.30724104155]
    ],
    [
      [6.849319671e-06, 0.7833776858, 0.087099762011, 0.090821299056, 0.03869440381],
      [0.040469693667, 0.059526554163, 0.69400884357, 0.079152006778, 0.12684290183],
      [0.0060226230844, 0.0038532562277, 0.010039677774, 0.97763699473, 0.0024474481826],
      [0.40828884368, 5.3935244206e-05, 0.20000174753, 0.38518689713, 0.0064685764109],
      [0.028119648346, 0.34893769086, 0.02275386652, 0.18072867073, 0.41946012353]
    ],
    [
      [2.7413511311e-05, 0.60193676205, 0.21884160362, 0.14819581663, 0.030998404184],
      [0.073520218834, 0.019247470811, 0.80448921349, 0.057912363402, 0.044830733466],
      [0.014063395438, 0.003536301846, 0.0069117396918, 0.97123326723, 0.0042552957904],
      [0.59936169584, 1.3717179006e-05, 0.17746060216, 0.22136357785, 0.0018004069721],
      [0.10723188104, 0.24365835678, 0.053350565447, 0.27953902458, 0.31622017215]
    ],
    [
      [1.0377890618e-05, 0.63952379749, 0.23065383186, 0.089823184044, 0.039988808715],
      [0.028556363513, 0.024092715061, 0.8489128876, 0.036854747447, 0.061583286381],
      [0.0073581295797, 0.0049581217614, 0.01351887371, 0.96504528698, 0.009119587973],
      [0.39568111558, 3.1063440616e-05, 0.35005289992, 0.24975104746, 0.0044838735943],
      [0.04246108575, 0.29320494029, 0.060032558319, 0.1779018468, 0.42639956883]
    ],
    [
      [1.23098789e-05, 0.71123862243, 0.11203939305, 0.14558350225, 0.031126172401],
      [0.058409168122, 0.047205733222, 0.70818558153, 0.10335417233, 0.082845344795],
      [0.0084484698585, 0.003357943307, 0.0062381521498, 0.9779250938, 0.004030340889],
      [0.44569458139, 3.3909798327e-05, 0.16320976496, 0.38769552392, 0.0033662199362],
      [0.049198374125, 0.32197827202, 0.02857012288, 0.28159438597, 0.31865884501]
    ],
    [
      [0, 0, 0.82312555091, 0.0825207006, 0.094353748493],
      [0.083767388353, 0, 0.88539530742, 0.014530111164, 0.016307193059],
      [0, 0, 0.0033434512333, 0.99495236301, 0.0017041857583],
      [0.9434649025, 0, 0.04736011774, 0.0091166181555, 5.8361603788e-05],
      [0.57382184803, 0, 0.14183234328, 0.16943521716, 0.11491059153]
    ],
    [
      [2.0634432526e-05, 0.64058923477, 0.19008685629, 0.13621349471, 0.033089779792],
      [0.063773563373, 0.024687055879, 0.79365248352, 0.061752711852, 0.056134185373],
      [0.01274732191, 0.0033825540739, 0.0045663152402, 0.97300735911, 0.0062964496634],
      [0.55115275366, 1.8930827347e-05, 0.19200401996, 0.2543977102, 0.0024265853515],
      [0.081447400503, 0.26768136945, 0.047122013941, 0.25976198158, 0.34398723453]
    ],
    [
      [2.807645655e-05, 0.48812470195, 0.21642647296, 0.18617811412, 0.10924263451],
      [0.067426640119, 0.0093009028563, 0.71214144279, 0.068670399858, 0.14246061438],
      [0.014028720251, 0, 0.0077859017456, 0.9728776234, 0.0053077545997],
      [0.57787027516, 9.7106544086e-06, 0.15960099413, 0.25684615501, 0.0056728650514],
      [0.055798320041, 0.092025706382, 0.026744031348, 0.1781537856, 0.64727815663]
    ],
    [
      [9.2716150406e-06, 0.58297590313, 0.1949094085, 0.1821581036, 0.039947313152],
      [0.019170847596, 0.024345678904, 0.79643941163, 0.087373688771, 0.072670373102],
      [0, 0.0022932605226, 0.0095795842751, 0.9841342173, 0.003992937904],
      [0.30372503623, 2.4439969343e-05, 0.25514646911, 0.43723981191, 0.0038642427777],
      [0.033270067471, 0.23408087541, 0.044496392987, 0.31681869761, 0.37133396652]
    ],
    [
      [7.3292196664e-06, 0.75030023886, 0.12331321292, 0.081940529352, 0.044438689645],
      [0.033314946761, 0.043674334174, 0.75530862842, 0.055228116234, 0.11247397441],
      [0.0053065006325, 0.0059144654812, 0.010890289963, 0.97090280437, 0.0069859395526],
      [0.40294851368, 4.8112377206e-05, 0.26545759108, 0.32456892398, 0.0069768588746],
      [0.028854163823, 0.31927172695, 0.030892478272, 0.15627768954, 0.46470394141]
    ],
    [
      [2.806005389e-05, 0.56423364706, 0.14435873479, 0.25563245883, 0.035747099268],
      [0.09603157715, 0.020590866789, 0.66510428421, 0.12393063988, 0.094342631973],
      [0.011460702032, 0.0010492630092, 0, 0.98507664511, 0.0024133898496],
      [0.57018494853, 9.7480155991e-06, 0.097498029401, 0.33059906039, 0.0017082136629],
      [0.090175596992, 0.16709321609, 0.028116288525, 0.39454475591, 0.32007014249]
    ],
    [
      [9.8400692342e-06, 0.68847700145, 0.17930229163, 0.10249576481, 0.029715102041],
      [0.033841981668, 0.032771559289, 0.82354461855, 0.052600929108, 0.057240911388],
      [0.0056500586136, 0.0042527266865, 0.010541121759, 0.97372081015, 0.0058352827939],
      [0.40071762106, 3.6188874552e-05, 0.29106149249, 0.30461046668, 0.0035742308933],
      [0.043730593293, 0.34493438227, 0.050731273377, 0.22049662104, 0.34010713001]
    ],
    [
      [1.1454536879e-05, 0.68169262914, 0.19330101237, 0.088439083935, 0.036555820018],
      [0.036661691237, 0.030496644446, 0.82492842259, 0.042323254285, 0.065589987442],
      [0.0096735629484, 0.0051294355372, 0.012385677061, 0.96460757659, 0.0082037478669],
      [0.44394834404, 3.4657076342e-05, 0.30051406748, 0.25128760889, 0.004215322525],
      [0.048170944694, 0.32485096653, 0.051820684195, 0.17996933894, 0.39518806564]
    ],
    [
      [2.513140027e-05, 0.49328182717, 0.2910736778, 0.17753743976, 0.03808192387],
      [0.053443798891, 0.012157799119, 0.83269684746, 0.055824931909, 0.045876622617],
      [0.012052617888, 0, 0.0092926262015, 0.97453010164, 0.0041246542665],
      [0.50957740729, 1.153739764e-05, 0.22985833332, 0.258353749, 0.0021989729949],
      [0.089131760752, 0.18510814299, 0.065106344525, 0.30480685836, 0.35584689337]
    ],
    [
      [3.7352059392e-05, 0.40943286665, 0.38855886539, 0.14772130527, 0.054249610641],
      [0.06028026469, 0, 0.8459766239, 0.035777255658, 0.057965855748],
      [0.019870516639, 0, 0.014240485053, 0.95954974707, 0.0063392512408],
      [0.59372111315, 0, 0.23805709868, 0.16577456528, 0.0024472228892],
      [0.11674910784, 0.11662257779, 0.089376410606, 0.23482939964, 0.44242250412]
    ],
    [
      [4.3064069927e-06, 0.69335371389, 0.16312748802, 0.07530381093, 0.068210680749],
      [0, 0.029347054935, 0.78400697018, 0.054084391616, 0.13256158327],
      [0, 0.0047113539481, 0.023594667998, 0.96714541013, 0.0045485679273],
      [0.22343930684, 0.036498290584, 0.3945349832, 0.33388631284, 0.011641106544],
      [0.013609639867, 0.23001976662, 0.032908635118, 0.11594854413, 0.60751341426]
    ],
    [
      [2.1151347075e-05, 0.64938561186, 0.17710454956, 0.13691299224, 0.036575694993],
      [0.068752375505, 0.028192619945, 0.77093941129, 0.066003808011, 0.066111785254],
      [0.012531386856, 0.0034010387689, 0.0057525572149, 0.97230249189, 0.0060125252691],
      [0.55659652577, 2.0901016934e-05, 0.18209170014, 0.25852329395, 0.0027675791253],
      [0.079858810245, 0.27010838425, 0.042358004961, 0.24982073612, 0.35785406442]
    ],
    [
      [8.9759670677e-06, 0.81509138013, 0.095660757547, 0.06661196018, 0.022626926179],
      [0.052646760363, 0.065509744104, 0.74972856973, 0.058078185503, 0.074036740304],
      [0.01289988527, 0.0018615947165, 0.0069287777715, 0.96895808404, 0.0093516582034],
      [0.51063230782, 5.8351233433e-05, 0.21343463013, 0.27214526013, 0.0037294506844],
      [0.04556412699, 0.46458423692, 0.030882789507, 0.16347534287, 0.29549350371]
    ],
    [
      [6.3042151636e-06, 0.86114574967, 0.06688630536, 0.061179311676, 0.010782329075],
      [0.051446753512, 0.083526914271, 0.74394227185, 0.072931370357, 0.048152690007],
      [0.010646752081, 0.0030413888411, 0.0048669913111, 0.97871437984, 0.0027304879277],
      [0.4847935027, 6.7712853421e-05, 0.19005752643, 0.322863862, 0.0022173960216],
      [0.039747095931, 0.57177640138, 0.026593393148, 0.18666392427, 0.17521918527]
    ],
    [
      [7.0390144598e-06, 0.83773510239, 0.064640046067, 0.050899789074, 0.046718023453],
      [0.051065805798, 0.076539775905, 0.63517552042, 0.064785154208, 0.17243374367],
      [0.014684064399, 0.0076774140816, 0.019789905728, 0.95784861579, 0],
      [0.53204734351, 7.0927047057e-05, 0.18665079106, 0.27143603336, 0.0097949050281],
      [0.028022317166, 0.3570498226, 0.016400154039, 0.097797280017, 0.50073042618]
    ],
    [
      [4.7195124243e-05, 0.55256667956, 0.29837220678, 0.12368687667, 0.025327041859],
      [0.096974631612, 0.012668798328, 0.82508997975, 0.037105796673, 0.028160793635],
      [0.018638414996, 0.0030968148988, 0.021728291294, 0.95653647881, 0],
      [0.71307273927, 7.9254461885e-06, 0.16170388375, 0.1242158743, 0.00099957723279],
      [0.19242969572, 0.22053310926, 0.075187616974, 0.24215455487, 0.26969502318]
    ],
    [
      [1.3060726194e-06, 0.91727656983, 0.042211979902, 0.034327822257, 0.0061823219425],
      [0, 0.10664412263, 0.74834520124, 0.094697124209, 0.050313551918],
      [0, 0, 0.019561272094, 0.97739799556, 0.0030407323446],
      [0.18500190708, 0.0001572019611, 0.3551818426, 0.45646889868, 0.0031901496802],
      [0.0099913921371, 0.71831150783, 0.020675897005, 0.12839515305, 0.12262604998]
    ],
    [
      [2.0201764934e-05, 0.77029028212, 0.092527416954, 0.12968918074, 0.0074729184238],
      [0.11525271851, 0.041021295609, 0.72244091626, 0.12128506962, 0],
      [0.010204265205, 0.0048532522079, 0.0044191215778, 0.98052336101, 0],
      [0.61939979442, 0.00063627020979, 0.10475277562, 0.27521115975, 0],
      [0.11312172508, 0.50274162848, 0.032326620752, 0.35181002569, 0]
    ],
    [
      [1.8536425488e-05, 0.44090918854, 0.39919122406, 0.10530852627, 0.054572524708],
      [0.030258761631, 0.0086265816419, 0.88665110136, 0.02509318848, 0.049370366885],
      [0.017230145028, 0, 0.014130196668, 0.95608561953, 0.012554038774],
      [0.45596696754, 1.1791663726e-05, 0.3632269262, 0.17720131831, 0.0035929962838],
      [0.063195357206, 0.15721014235, 0.084730563618, 0.17321104143, 0.5216528954]
    ],
    [
      [2.7605419825e-05, 0.48443643117, 0.28863055368, 0.22690540973, 0],
      [0.058944199847, 0.012132607889, 0.8616467757, 0.067276416566, 0],
      [0.010011144613, 0.0011468607856, 0.0078932673602, 0.98094872724, 0],
      [0.53122019083, 9.1981034808e-06, 0.19618392538, 0.27258668568, 0],
      [0.17868113962, 0.26968592084, 0.10594132738, 0.44569161216, 0]
    ],
    [
      [2.7561117927e-05, 0.48949214179, 0.34124066382, 0.13486258368, 0.034377049599],
      [0.053553250318, 0.0069778083123, 0.8708850183, 0.038430649666, 0.030153273401],
      [0.016460439898, 0.0022724538247, 0.014230184967, 0.96247737425, 0.0045595470634],
      [0.53920562747, 1.2398507912e-05, 0.26631402387, 0.19247677519, 0.0019911749682],
      [0.10689406952, 0.21345192588, 0.084174178131, 0.25300412555, 0.34247570091]
    ],
    [
      [3.3296140246e-05, 0.52516242547, 0.32383433494, 0.11353647731, 0.037433466137],
      [0.061695027807, 0.011019552572, 0.85600379279, 0.032978814218, 0.038302812612],
      [0.023452485661, 0.0029087757873, 0.015960186715, 0.95180940814, 0.0058691436956],
      [0.60928971393, 1.2601778804e-05, 0.23695648233, 0.15170635379, 0.002034848163],
      [0.126042652, 0.22495334132, 0.078049256035, 0.20776878692, 0.36318596372]
    ],
    [
      [3.1253230458e-05, 0.64538923036, 0.24475199385, 0.075557025516, 0.034270497041],
      [0.068459757875, 0.024476957707, 0.83494283287, 0.022891070723, 0.049229380821],
      [0.032363267544, 0.0051576663826, 0.017675724216, 0.93693929388, 0.0078640479771],
      [0.67201261095, 1.7691913591e-05, 0.20832995507, 0.11747981574, 0.0021599263264],
      [0.12821356991, 0.29695645907, 0.06381258083, 0.14968961158, 0.36132777861]
    ],
    [
      [3.3813523522e-05, 0.51043514348, 0.33030595764, 0.13348756558, 0.025737519773],
      [0.064136115661, 0.010299978806, 0.87343490028, 0.03961480122, 0.012514204031],
      [0.020263250689, 0.0023412589769, 0.013782606151, 0.96019863286, 0.0034142513225],
      [0.59670471031, 1.14271338e-05, 0.2310252766, 0.17092421323, 0.0013343727314],
      [0.13952213049, 0.2350259296, 0.086492857655, 0.26640993069, 0.27254915156]
    ],
    [
      [4.6383591362e-05, 0.47313740717, 0.35182555076, 0.13053798934, 0.044452669142],
      [0.072993273382, 0.003271422478, 0.84516759613, 0.034586661666, 0.043981046343],
      [0.028108786427, 0.0022214805578, 0.014881386477, 0.9488108005, 0.0059775460335],
      [0.66362604915, 8.6743799018e-06, 0.19935276283, 0.13514408827, 0.0018684253654],
      [0.15514035896, 0.17702116245, 0.07474412597, 0.21089764453, 0.3821967081]
    ],
    [
      [1.9919811343e-05, 0.65098099207, 0.2351426176, 0.085599429249, 0.02825704127],
      [0.054743303438, 0.025084996738, 0.84947848408, 0.031435813031, 0.039257402716],
      [0.018529280528, 0.0046432158995, 0.015254923724, 0.95574785811, 0.005824721743],
      [0.56031522713, 2.3258546477e-05, 0.26251973741, 0.17480547981, 0.0023362971116],
      [0.089824526164, 0.32866731477, 0.067423315363, 0.18666051775, 0.32742432595]
    ],
    [
      [3.8818315646e-05, 0.51450532709, 0.26725397282, 0.18103402789, 0.037167853876],
      [0.0857087009, 0.014700040598, 0.79556636973, 0.058881783206, 0.045143105564],
      [0.014149935877, 0.0003112199768, 0.0096780424058, 0.97112403285, 0.004736768892],
      [0.62766171942, 9.6970162484e-06, 0.16501837878, 0.20563105334, 0.001679151448],
      [0.13171935697, 0.18792132492, 0.056895810506, 0.29626748128, 0.32719602633]
    ],
    [
      [4.4148674377e-05, 0.6945478755, 0.17975031337, 0.089612975661, 0.03604468679],
      [0.13505083855, 0.026369900382, 0.73826072173, 0.040101192267, 0.060217347073],
      [0.015019623198, 0.0066548526782, 0.018223977356, 0.94906633336, 0.011035213405],
      [0.77664234493, 1.3083132032e-05, 0.11566099668, 0.10599836872, 0.0016852065443],
      [0.16635226892, 0.27546459109, 0.042343009482, 0.16172293123, 0.35411719928]
    ],
    [
      [2.0514934554e-05, 0.56114473579, 0.27534172934, 0.13798989067, 0.025503129268],
      [0.046974697518, 0.015327216913, 0.85978222525, 0.046150613175, 0.031765247143],
      [0.013503037359, 0.00296742874, 0.010601132274, 0.97189602914, 0.0010323724921],
      [0.50696978848, 1.4574931648e-05, 0.25493423745, 0.23637524517, 0.0017061539705],
      [0.08931142095, 0.25329502398, 0.074684221505, 0.29072850846, 0.2919808251]
    ],
    [
      [4.1821611923e-05, 0.55009375375, 0.23843000524, 0.1701625827, 0.041271836695],
      [0.099142948077, 0.014690159587, 0.77520886668, 0.058270790216, 0.052687235439],
      [0.016348257782, 0.0016080897097, 0.0072687513222, 0.96829044872, 0.0064844524654],
      [0.68123791281, 8.439995813e-06, 0.13622093533, 0.18083814967, 0.0016945621949],
      [0.13877840152, 0.1770030989, 0.048707094515, 0.27022643466, 0.3652849704]
    ],
    [
      [7.2884886123e-06, 0.71551008705, 0.20926626697, 0.041639361799, 0.03357699569],
      [0.02037557895, 0.032703387394, 0.87952691145, 0.0029743549903, 0.064419767214],
      [0.013177725676, 0.0090110768817, 0.025986473457, 0.93866682035, 0.01315790364],
      [0.39359247022, 4.3841862947e-05, 0.44010195201, 0.16111914834, 0.0051425875661],
      [0.035178029906, 0.37286704636, 0.064169495735, 0.097295768324, 0.43048965967]
    ],
    [
      [1.5535651665e-05, 0.37995283178, 0.20768266805, 0.16032082386, 0.25202814065],
      [0.032499493665, 0, 0.61900385375, 0.0837501229, 0.26474652968],
      [0.011683908185, 0, 0.023617786604, 0.96469830521, 0],
      [0.47629004347, 0, 0.20515382899, 0.30142241445, 0.017133713085],
      [0.040344655629, 0, 0.012489684637, 0.073704753745, 0.87346090599]
    ],
    [
      [6.5989969216e-06, 0.55600848278, 0.29257293792, 0.12471768918, 0.026694291124],
      [0.0051710997688, 0.014917894959, 0.90112299456, 0.038812233726, 0.03997577699],
      [0, 0.0027286962695, 0.012024591761, 0.98150884901, 0.0037378629568],
      [0.25232060512, 2.284669279e-05, 0.41462378944, 0.33031832545, 0.0027144333033],
      [0.030154266076, 0.27188150485, 0.081970669329, 0.27970621391, 0.33628734584]
    ],
    [
      [2.5029370691e-05, 0.60824296831, 0.19090172208, 0.17500096061, 0.025829319636],
      [0.074866565027, 0.021671163735, 0.78713985632, 0.075053054284, 0.041269360639],
      [0.012745183759, 0.0031296942209, 0.0040123681686, 0.97709004965, 0.0030227041974],
      [0.58011307179, 1.3910314336e-05, 0.15403916106, 0.26433376302, 0.0015000938301],
      [0.099899612522, 0.24875503932, 0.046704622097, 0.33605706319, 0.26858366287]
    ],
    [
      [6.2674897163e-07, 0.97248343007, 0.0026290504494, 0.023529029037, 0.0013578636948],
      [0.053241861157, 0.076647930551, 0, 0.87011020829, 0],
      [0.00039298617241, 0.0017913697975, 0, 0.99781564403, 0],
      [0.29997314049, 0.037099995829, 0, 0.66292686368, 0],
      [0.017364754432, 0.67769934715, 0, 0.30493589842, 0]
    ],
    [
      [3.7306154369e-05, 0.43459423644, 0.3707731511, 0.158476147, 0.036119159308],
      [0.063915933305, 0.001798768143, 0.85920551663, 0.041017703689, 0.034062078236],
      [0.018138272501, 0, 0.015226280734, 0.96459063391, 0.0020448128525],
      [0.59903648678, 7.335109386e-06, 0.22272038955, 0.17665084804, 0.0015849405256],
      [0.13480584556, 0.15724837442, 0.083572172646, 0.27670026992, 0.34767333745]
    ],
    [
      [2.2283195585e-05, 0.53774956777, 0.26492195935, 0.1408684083, 0.05643778139],
      [0.051007196401, 0.016712172092, 0.81222310467, 0.047970130812, 0.072087396028],
      [0.013662128929, 0.00079518635959, 0.010411770271, 0.967331398, 0.0077995164446],
      [0.51779831278, 1.5655286845e-05, 0.24232326916, 0.23605256359, 0.0038101991817],
      [0.071129431691, 0.19042199158, 0.05361901724, 0.21731712123, 0.46751243826]
    ],
    [
      [1.6245257358e-05, 0.5909916481, 0.21717124765, 0.1362633329, 0.055557526092],
      [0.044414348943, 0.021738627435, 0.79332764305, 0.055484576008, 0.085034804568],
      [0.0098919091072, 0.0025816719666, 0.0088022892967, 0.97159849675, 0.0071256328749],
      [0.46493952028, 2.1112337367e-05, 0.24647992031, 0.28390373759, 0.0046557094753],
      [0.053012360829, 0.2126509079, 0.045064248569, 0.21514009528, 0.47413238741]
    ],
    [
      [1.0128127772e-05, 0.50554562121, 0.1985401819, 0.27514828346, 0.020755785295],
      [0.02241613706, 0.017446653877, 0.81694659391, 0.11676573449, 0.026424880656],
      [0, 0.0032964939769, 0.0063652754486, 0.99033823057, 0],
      [0.27046909552, 1.4317412982e-05, 0.20249916545, 0.52548874158, 0.0015286800334],
      [0.038498546496, 0.19746477866, 0.047079242773, 0.51149289684, 0.20546453524]
    ],
    [
      [1.4946215812e-05, 0.70257712356, 0.18650966785, 0.067757224746, 0.043141037632],
      [0.048556928778, 0.028365251706, 0.81248601121, 0.032609272777, 0.07798253553],
      [0.01862495107, 0.0076616324296, 0.012889939094, 0.94925928969, 0.011564187718],
      [0.55211978639, 2.9024928908e-05, 0.26569002615, 0.17766377411, 0.0044973884131],
      [0.060177542213, 0.29931869693, 0.047588767864, 0.13171101639, 0.46120397661]
    ],
    [
      [5.3363053347e-06, 0.85779050731, 0.03394222274, 0.066142595009, 0.042119338639],
      [0.057285571475, 0.094041290602, 0.52768083907, 0.11535828383, 0.20563401502],
      [0.012930088028, 0.0038046822735, 0.0077459477361, 0.97551928196, 0],
      [0.48321065775, 6.4587966269e-05, 0.10881238262, 0.39851068919, 0.0094016824685],
      [0.022363830763, 0.33841522596, 0.0091435149573, 0.13404759208, 0.49602983624]
    ],
    [
      [1.8405924861e-05, 0.50205245523, 0.19287448878, 0.2791042524, 0.025950397652],
      [0.053609731347, 0.017896696057, 0.77075758684, 0.11687848185, 0.040857503902],
      [0.012481380927, 0.0061450203761, 0.0082741301524, 0.96835544231, 0.0047440262301],
      [0.41162159168, 1.1913983349e-05, 0.15755029589, 0.42928241917, 0.0015337792696],
      [0.064383393271, 0.18212114786, 0.041706218485, 0.47488727958, 0.23690196081]
    ],
    [
      [9.4019978537e-06, 0.71939578262, 0.118536703, 0.14503049111, 0.017027621275],
      [0.044686831778, 0.037507315896, 0.77450467881, 0.099789508186, 0.043511665326],
      [0.0090521685798, 0.0048802979981, 0.0039307753666, 0.97928338693, 0.0028533711212],
      [0.39066397531, 2.8514302321e-05, 0.18393677682, 0.42349895397, 0.0018717795916],
      [0.046078067779, 0.35211516722, 0.036392316216, 0.3464756696, 0.21893877919]
    ],
    [
      [3.9696627534e-05, 0.61631209817, 0.23819046224, 0.10877624061, 0.036681502349],
      [0.097931032174, 0.018357707185, 0.795298655, 0.03929819174, 0.049114413903],
      [0.016977889028, 0.0052498120557, 0.015330514337, 0.95399775736, 0.0084440272239],
      [0.70741474448, 1.1640497243e-05, 0.15824491594, 0.13257462423, 0.0017540748546],
      [0.14879251726, 0.24031387646, 0.055867602884, 0.1961114521, 0.3589145513]
    ],
    [
      [8.9731911322e-06, 0.75411444531, 0.068758919517, 0.16154691047, 0.015570751512],
      [0.064819177331, 0.061960477183, 0.6189381626, 0.18258433054, 0.071697852348],
      [0.0065970611438, 0.0018046413745, 0, 0.99003132485, 0.0015669726274],
      [0.40702249101, 2.4871107401e-05, 0.10742466341, 0.48379921122, 0.0017287632587],
      [0.045114809736, 0.32707122122, 0.021486377298, 0.39375532322, 0.21257226852]
    ],
    [
      [8.7640757335e-06, 0.71687577536, 0.14823626962, 0.10761392346, 0.027265267487],
      [0.035348115714, 0.039587817341, 0.79885512226, 0.064668846952, 0.061540097732],
      [0.0037204496936, 0.0037491818831, 0.0088652552529, 0.9779020274, 0.0057630857726],
      [0.38812790499, 4.0408639131e-05, 0.26091764815, 0.34736306948, 0.0035509687368],
      [0.03965324135, 0.36377981875, 0.042698416412, 0.2358484477, 0.31802007579]
    ],
    [
      [2.1308178915e-05, 0.67600082054, 0.20664851279, 0.088072221826, 0.029257136666],
      [0.063424382515, 0.026362952307, 0.82303930927, 0.038828049184, 0.048345306721],
      [0.01830919808, 0.0058865462134, 0.012534991646, 0.9571876073, 0.0060816567598],
      [0.59812108868, 2.2525879687e-05, 0.22427034834, 0.17525086487, 0.0023351722233],
      [0.094093778007, 0.32640571669, 0.057710331498, 0.18776249957, 0.33402767423]
    ],
    [
      [1.5125879313e-05, 0.71091236865, 0.16236754958, 0.11267368834, 0.014031267559],
      [0.056212340394, 0.030294678327, 0.8275210699, 0.062384795032, 0.023587116343],
      [0.01180611747, 0.0039545135503, 0.0080044332301, 0.97623493575, 0],
      [0.52117567658, 2.4507154565e-05, 0.20864520453, 0.26883945173, 0.0013151600136],
      [0.080022748271, 0.38507672672, 0.05355751657, 0.2879808666, 0.19336214184]
    ],
    [
      [2.2060569393e-05, 0.62122970221, 0.26727822802, 0.079677332331, 0.03179267686],
      [0.052917902914, 0.01972294728, 0.85651385304, 0.028370347874, 0.042474948892],
      [0.023238131831, 0.0056604720818, 0.022201257695, 0.94307904832, 0.00582109007],
      [0.5766792448, 1.9617831446e-05, 0.27218661814, 0.14872679823, 0.0023877209971],
      [0.096640612912, 0.29899590586, 0.074121292093, 0.16854463762, 0.36169755152]
    ],
    [
      [3.070365669e-05, 0.55882924421, 0.28409473721, 0.12837703534, 0.028668279574],
      [0.067880240541, 0.017019106965, 0.83937150229, 0.043509383815, 0.032219766388],
      [0.016219480926, 0.0022073828457, 0.019972951751, 0.96160018448, 0],
      [0.59648490187, 1.3967940907e-05, 0.21999844263, 0.18185797218, 0.0016447153799],
      [0.12420923584, 0.25383810574, 0.073064969996, 0.25119748905, 0.29769019937]
    ],
    [
      [2.3627955944e-05, 0.41635351546, 0.43286498237, 0.1144934642, 0.036264410023],
      [0.041760874877, 0.00078076902731, 0.90868600587, 0.024544312132, 0.024228038089],
      [0.016514853061, 0.0022812938582, 0.021121019005, 0.95445312643, 0.0056297076471],
