{
  "Z_true": {},
  "V_true": [
    [465, 37, 49, 2453, 35],
    [35, 924, 713, 293, 55],
    [87, 736, 6309, 423, 423],
    [1030, 380, 184, 21064, 348],
    [66, 139, 588, 630, 754]
  ],
  "p_true": [
    [0.153, 0.0122, 0.0161, 0.8072, 0.0115],
    [0.0173, 0.4574, 0.353, 0.145, 0.0272],
    [0.0109, 0.0923, 0.7908, 0.053, 0.053],
    [0.0448, 0.0165, 0.008, 0.9156, 0.0151],
    [0.0303, 0.0638, 0.2701, 0.2894, 0.3463]
  ],
  "Z_est": [
    [
      [18.6554, 14.4788, 2.0129, 3.0628, 3.6197, 0.8353, 6.4041, 16.7063, 5.5688, 12.828, 18.3591, 22.832, 42.1439, 21.4398, 64.5978, 17.1296, 24.5026, 36.197, 53.4602, 3.3413, 34.8048, 3.6197, 3.0628, 28.9451, 28.2777, 1.3922, 1.3922, 20.0476, 9.7454, 11.4685, 29.2361, 17.5416, 54.574, 25.3379, 1.3922, 90.2476, 9.7454, 54.0171, 13.3651],
      [0.5544, 0.4394, 0.2808, 0.091, 0.1076, 0.0248, 0.1903, 0.4964, 0.1655, 0, 0.6785, 0.693, 3.1567, 0.6371, 1.9195, 1.2314, 0.7281, 1.0756, 1.5886, 0.0993, 1.0342, 0.1076, 0.091, 0.9598, 0.7446, 0.0414, 0.0414, 0.5957, 0.2896, 0, 0, 0, 1.6217, 0.7529, 0.0414, 2.8214, 0.2896, 1.6051, 0.3971],
      [2.3958, 1.8594, 0.2861, 0.3933, 0.4649, 0.1073, 0.8224, 2.1455, 0.7152, 9.5776, 7.405, 2.9322, 5.6498, 2.7534, 8.2959, 2.2885, 3.1467, 4.6486, 6.8656, 0.4291, 4.4698, 0.4649, 0.3933, 4.148, 0, 0.1788, 0.1788, 2.5746, 1.2515, 1.4303, 3.7546, 2.2528, 7.0086, 3.254, 0.1788, 16.9539, 1.2515, 6.9371, 1.7164],
      [45.3826, 35.2223, 5.4188, 7.4509, 8.8056, 2.0321, 15.5791, 40.6411, 13.547, 52.5811, 55.5429, 55.5429, 107.0216, 52.1561, 157.1457, 43.3505, 59.607, 88.0558, 130.0516, 8.1282, 84.669, 8.8056, 7.4509, 81.9266, 60.9617, 3.3868, 3.3868, 48.7694, 23.7073, 27.0941, 72.0093, 43.1944, 132.761, 61.639, 3.3868, 230.9771, 23.7073, 131.4063, 32.5129],
      [0.0119, 0, 0.0014, 0.0019, 0.0023, 0.0005, 0.0041, 0.0106, 0.0035, 0.0133, 0.0145, 0, 0.028, 0.0136, 0.0411, 0, 0.0156, 0.023, 0.034, 0.0021, 0.0221, 0.0023, 0.0019, 0.0205, 0.0159, 0.0009, 0.0009, 0.0127, 0.0062, 0.0071, 0, 0.0112, 0.0347, 0.0161, 0.0009, 0, 0.0062, 0.0344, 0.0085]
    ],
    [
      [6.6278, 5.6407, 0.9871, 1.2692, 2.5383, 0.1647, 1.8332, 7.6149, 2.9614, 7.1919, 9.0251, 13.5377, 8.461, 4.5126, 17.9092, 7.897, 7.756, 10.9994, 17.0631, 0.7051, 7.4739, 1.1281, 3.4245, 13.1146, 3.3844, 0.6078, 0.4231, 5.6407, 3.6665, 3.9735, 8.5781, 3.8075, 15.3709, 9.5892, 1.2692, 23.6909, 4.0895, 31.0238, 12.6916],
      [39.2131, 33.3729, 5.8403, 7.5089, 15.0178, 4.712, 10.8462, 45.0534, 17.5208, 38.2611, 53.3966, 80.1357, 50.0593, 26.6983, 105.9589, 46.7458, 45.8877, 65.0771, 100.953, 4.1716, 44.2191, 6.6746, 7.996, 77.592, 20.0237, 8.3432, 2.503, 33.3729, 21.6924, 9.6813, 43.8265, 22.5267, 90.9411, 56.7339, 7.5089, 140.1661, 24.1953, 183.5509, 75.089],
      [0.842, 0.7166, 0.1254, 0.1612, 0.3225, 0.0896, 0.2329, 0.9674, 0.3762, 5.203, 1.1466, 1.7199, 1.0749, 0.5733, 2.2752, 1.0033, 0.9853, 1.3974, 2.1677, 0.0896, 0.9495, 0.1433, 3.4783, 1.6661, 0.43, 0.1792, 0.0537, 0.7166, 0.4658, 0.2508, 2.2478, 0.4837, 1.9528, 1.2182, 0.1612, 3.0098, 0.5195, 3.9413, 1.6124],
      [0.2971, 0.2528, 0.0442, 0.0569, 0.1138, 0.0316, 0.0822, 0.3413, 0.1327, 0.3223, 0.4045, 0.6068, 0.3792, 0.2023, 0.8027, 0.3539, 0.3476, 0.493, 0.7648, 0.0316, 0.335, 0.0506, 0.0948, 0.5878, 0.1517, 0.7966, 0.019, 0.2528, 0.1643, 0.0885, 0.3476, 0.1707, 0.6889, 0.4298, 0.0569, 1.0618, 0.1833, 1.3905, 0.5688],
      [0.02, 0.017, 0.003, 0.0038, 0.0076, 0.0021, 0.0055, 0.0229, 0.0089, 0.0217, 0.0272, 0, 0.0255, 0.0136, 0.054, 0, 0.0234, 0.0331, 0.0514, 0.0021, 0.0225, 0.0034, 0.0064, 0.0395, 0.0102, 0.0732, 0.0013, 0.017, 0.011, 0.0059, 0, 0.0115, 0.0463, 0.0289, 0.0038, 0.0714, 0.0123, 0.0935, 0.0382]
    ],
    [
      [1.843, 2.1115, 0, 0.4516, 0, 0, 4.101, 0.1733, 2.0405, 0, 0, 0.9042, 0, 4.7677, 2.0274, 0, 4.2293, 3.3442, 5.9806, 0.1709, 10.1222, 0.7079, 1.1035, 0, 7.5199, 0, 0, 9.1419, 1.1407, 0.4882, 1.5379, 0.6774, 8.0566, 6.747, 0, 0, 0.7502, 15.4569, 1.301],
      [0.8887, 3.0977, 1.6038, 0.2178, 0, 3.1026, 0, 0, 0, 0, 0.9254, 2.3673, 1.0359, 7.9758, 2.0953, 4.6371, 0.8358, 1.6127, 2.884, 1.9112, 1.0712, 0.3414, 0, 1.2315, 0.5003, 0.4297, 1.1359, 4.5525, 0.3943, 0, 0, 0, 2.295, 0.8324, 0.7946, 3.4784, 1.5927, 4.3083, 1.1654],
      [136.3155, 161.8054, 31.1651, 31.9749, 298.4292, 199.7424, 328.996, 195.2701, 490.6548, 90.7233, 263.7522, 242.2405, 133.1228, 81.4619, 320.6885, 144.0349, 130.3152, 256.2699, 458.2928, 11.3402, 162.3222, 52.686, 57.0528, 306.711, 73.0173, 68.452, 186.6468, 120.7326, 62.3416, 37.6471, 120.1029, 65.5696, 249.9218, 142.8928, 118.6367, 563.401, 149.3468, 678.1107, 186.3033],
      [5.2242, 5.9853, 4.7743, 1.2801, 0, 0, 0, 7.0924, 1.1972, 5.1107, 9.7564, 13.488, 39.7258, 7.6251, 26.9096, 5.328, 4.9128, 9.4796, 16.9527, 0.4844, 6.2967, 3.7821, 2.1104, 11.1749, 2.9408, 2.5256, 0, 4.8782, 2.318, 1.3839, 4.3593, 6.8634, 9.4451, 7.6045, 4.6706, 24.1206, 7.375, 25.3252, 6.8503],
      [6.7286, 0, 0.4568, 3.0756, 2.5708, 9.155, 2.9031, 2.4642, 12.1075, 1.166, 7.5659, 0, 2.1156, 0.1695, 4.2793, 0, 1.7069, 3.2936, 5.89, 0.0934, 2.1877, 0.4826, 0.7332, 3.8826, 1.0217, 1.5928, 5.2173, 1.6949, 0.8054, 0.4808, 0, 0.8895, 3.2816, 1.9233, 10.8981, 0, 1.9353, 8.7989, 2.38]
    ],
    [
      [11.1344, 1.1399, 0, 0.1127, 0.9922, 0, 3.2733, 0, 1.3787, 0, 0, 0, 0, 12.0924, 0, 0, 20.8698, 12.188, 24.6994, 0.4517, 15.3011, 1.8887, 3.4157, 0, 6.1756, 0, 0, 13.5342, 12.2401, 15.6349, 6.6792, 0, 22.6499, 7.145, 0, 0, 0, 45.0565, 0],
      [10.0688, 8.5597, 1.3688, 0.1679, 0, 3.0159, 1.2539, 0, 0, 0, 0, 9.7031, 18.9515, 5.9211, 10.6504, 11.9058, 7.2008, 5.7135, 12.8943, 0.5136, 11.8063, 1.3549, 0, 0, 3.3838, 0.62, 0.3823, 5.2184, 5.5949, 0, 0, 0, 15.9548, 0, 3.2757, 8.4198, 3.8647, 72.4209, 6.0009],
      [0, 3.2189, 0, 0, 10.7879, 0.1805, 4.3727, 10.9212, 2.3911, 3.2257, 9.4495, 4.8138, 0, 0, 0, 4.9794, 0, 4.7318, 21.7923, 0, 0, 0, 0.6521, 11.6637, 0, 0.9083, 4.4414, 0, 0, 6.0601, 6.495, 0, 0, 0, 0, 16.0702, 0, 0, 12.8152],
      [455.5311, 346.0815, 67.7994, 61.1419, 123.4086, 27.6187, 140.2052, 440.6961, 143.3473, 550.0963, 425.9118, 924.4831, 981.703, 554.9866, 1499.0855, 471.1148, 638.6009, 865.9819, 1202.8534, 39.0347, 780.5623, 107.7565, 106.3807, 809.642, 443.4142, 58.1138, 31.9556, 484.6048, 280.6699, 146.0423, 703.8257, 408.7402, 1505.1923, 746.3335, 306.2838, 2735.51, 368.4536, 1534.9319, 719.5363],
      [12.2657, 0, 0.8318, 1.5775, 0.8113, 0.1849, 0.8948, 3.3827, 0.8829, 0.6781, 5.6387, 0, 9.3455, 0, 0.2641, 0, 6.3285, 37.3849, 9.7607, 0, 7.3303, 0, 1.5514, 4.6943, 2.0265, 0.3579, 0.2207, 1.6427, 0.4952, 2.2627, 0, 2.2598, 0.2029, 13.5215, 7.4405, 0, 1.6817, 4.5906, 3.6475]
    ],
    [
      [5.7394, 5.6291, 0, 1.1037, 5.8498, 0, 8.3884, 7.5054, 9.0506, 2.9801, 7.6158, 7.7262, 7.395, 5.1876, 13.4656, 3.9735, 3.6423, 9.2714, 13.7967, 0.3311, 5.2979, 1.6556, 0.9934, 8.9403, 3.6423, 0, 1.1848, 4.6357, 2.2075, 1.4349, 9.9687, 3.9735, 14.3486, 6.1809, 2.3386, 24.0615, 4.4149, 16.4457, 3.6423],
      [5.275, 7.5302, 1.9063, 1.0144, 3.8746, 3.1447, 7.7096, 0.4502, 3.3138, 2.7389, 6.9995, 7.1009, 6.7966, 4.7678, 12.3759, 4.4799, 3.3476, 8.5211, 12.6802, 0.3043, 4.8692, 1.5216, 0.913, 8.2168, 3.3476, 1.5658, 3.9374, 4.2606, 2.0288, 1.3187, 5.1735, 1.4733, 13.1874, 5.6807, 5.3795, 22.1143, 4.0577, 15.1148, 3.3476],
      [2.4467, 2.3997, 0.4235, 0.4705, 3.9956, 4.8802, 3.576, 6.6958, 8.8628, 1.2704, 3.2466, 3.2937, 3.1525, 2.2115, 5.7404, 1.6939, 1.5527, 3.9524, 5.8816, 0.1412, 2.2585, 0.7058, 0.4235, 3.8113, 1.5527, 1.2818, 3.6794, 1.9762, 0.9411, 0.6117, 2.3997, 1.6939, 6.1168, 2.6349, 2.0233, 19.5651, 1.8821, 7.0108, 1.5527],
      [5.5651, 5.458, 0.9632, 1.0702, 5.6721, 3.3176, 8.1336, 10.229, 8.7757, 2.8896, 7.3844, 16.8792, 7.1704, 5.03, 13.0565, 3.8527, 3.5317, 8.9897, 13.3776, 0.3211, 5.137, 1.6053, 0.9632, 8.6687, 3.5317, 1.1772, 3.6387, 4.4949, 2.1404, 1.3913, 5.458, 6.0313, 13.9127, 5.9931, 4.6019, 23.3305, 4.2808, 15.9461, 3.5317],
      [32.9738, 29.983, 5.707, 6.3411, 33.6079, 19.6575, 48.1925, 43.1196, 51.9971, 17.121, 43.7537, 35, 42.4855, 29.8032, 77.3616, 22, 20.9257, 53.2654, 79.2639, 1.9023, 30.4374, 9.5117, 5.707, 51.363, 20.9257, 6.9752, 21.5598, 26.6327, 12.6822, 8.2435, 28, 22.828, 82.4345, 35.5102, 28.6567, 128.9286, 25.3645, 94.4826, 20.9257]
    ]
  ],
  "V_est": [
    [826.3883, 25.5924, 121.5799, 2065.0153, 0.4241],
    [287.6432, 1673.0669, 44.9501, 13.5008, 0.8391],
    [96.8964, 59.3144, 7408.4905, 299.3512, 113.9475],
    [238.0533, 246.1864, 139.9707, 22237.6312, 144.1583],
    [234.0187, 211.8398, 128.0089, 247.5016, 1355.631]
  ],
  "p_est": [
    [0.2719, 0.0084, 0.04, 0.6795, 0.0001],
    [0.1424, 0.8283, 0.0223, 0.0067, 0.0004],
    [0.0121, 0.0074, 0.9286, 0.0375, 0.0143],
    [0.0103, 0.0107, 0.0061, 0.9666, 0.0063],
    [0.1075, 0.0973, 0.0588, 0.1137, 0.6227]
  ],
  "EI_Z": {},
  "EI_V": 11.934,
  "MAE_Z": {},
  "MAE_V": 364.8949,
  "MAE_p": 0.0973,
  "runtime": 1.0836
}
