{
  "Z_true": {},
  "V_true": [
    [35, 1587, 1455, 778, 128],
    [68, 476, 4833, 286, 285],
    [827, 501, 433, 20317, 827],
    [32, 105, 548, 343, 768],
    [331, 133, 212, 985, 669]
  ],
  "p_true": [
    [0.0088, 0.3984, 0.3653, 0.1953, 0.0321],
    [0.0114, 0.08, 0.8125, 0.0481, 0.0479],
    [0.0361, 0.0219, 0.0189, 0.887, 0.0361],
    [0.0178, 0.0585, 0.3051, 0.191, 0.4276],
    [0.1421, 0.0571, 0.091, 0.4227, 0.2871]
  ],
  "Z_est": [
    [
      [0.7849, 0, 0.0194, 0.3731, 2.8131, 0.3837, 0, 0, 0, 0.4435, 0.0323, 0, 0.0388, 0.2886, 0.5068, 0.4408, 0.3942, 0.3133, 0.0915, 0, 0.1584, 0.4153, 0.5033, 0.0282, 0.0915, 0.4752, 2.2828, 0.4194, 0.2253, 0.454, 0.1267, 0.3379, 0.095, 0.3449, 0.6706, 0.0453, 0.0669, 1.2917, 0.0739, 0.2429, 1.2495, 0.6207],
      [126.48, 43.3728, 1.7015, 46.2444, 32.3729, 61.822, 153.5168, 124.7784, 112.4335, 71.464, 2.8359, 0, 3.403, 46.5083, 64.0964, 39.3659, 59.8012, 50.4785, 14.7465, 0.8493, 25.5229, 64.3306, 81.106, 4.5374, 14.7465, 76.5686, 0, 68.4174, 36.2992, 73.1655, 20.4183, 54.4488, 15.3137, 55.5831, 30.7176, 3.9702, 10.7763, 200.9716, 11.9107, 39.1351, 201.347, 54.4488],
      [86.0333, 29.3208, 1.1574, 38.6268, 37.1945, 42.0521, 103.78, 86.2983, 75.6167, 48.6107, 1.929, 0.3858, 2.3148, 31.6356, 56.3317, 30.9258, 43.2095, 34.3361, 10.0308, 0.5062, 17.361, 45.5243, 55.1693, 3.0864, 10.0308, 52.0829, 1.5432, 46.2959, 24.6912, 49.7681, 13.8888, 37.0367, 10.4166, 37.8083, 21.219, 2.7006, 7.3302, 141.5884, 8.1018, 26.6202, 136.9588, 37.0367],
      [9.0449, 3.0826, 0.1217, 20.4434, 3.3956, 4.7422, 10.9107, 8.9232, 7.9498, 5.1106, 0.2028, 0.0406, 0.2434, 3.3259, 22.6408, 3.0496, 8.2651, 3.6099, 1.0546, 0.6386, 1.8252, 7.3821, 5.8001, 0.3245, 1.0546, 5.4756, 0.1622, 4.8672, 2.5958, 5.2323, 1.4602, 3.8938, 1.0951, 3.9749, 2.2308, 0.2839, 0.7706, 22.0671, 0.8518, 2.7986, 14.3988, 3.8938],
      [0.657, 0.2239, 0, 0.3123, 0.2239, 0, 0.7925, 0, 0, 0.3712, 0, 0.5736, 0, 0.2416, 0.4242, 0.218, 0.33, 0.2622, 0.0766, 0.0059, 0.1326, 0.3476, 0.4213, 0.0236, 0.0766, 0.3977, 0.0118, 0, 0.1885, 0.38, 0.1061, 0.2828, 0.0795, 0.2887, 0.162, 0, 0.056, 1.0812, 0.0619, 0.2033, 1.0458, 0]
    ],
    [
      [5.5436, 0, 0.7974, 2.3562, 2.5621, 2.6536, 0, 0, 0, 9.4249, 3.2043, 0, 0.773, 8.1254, 4.8497, 2.219, 3.2027, 14.909, 1.3268, 0, 2.4706, 4.4151, 6.3595, 0, 6.3778, 0.8062, 0.2059, 1.67, 5.7876, 8.8073, 1.513, 2.8595, 2.1732, 3.5458, 3.0654, 0.7394, 4.9079, 10.0883, 5.5292, 1.3551, 30.7703, 2.3105],
      [8.6269, 5.5415, 0.718, 1.7207, 0, 10.0611, 9.6581, 6.0281, 14.8005, 6.883, 0.2673, 0, 0.3623, 1.5871, 0, 0, 0, 2.6563, 4.5228, 0.0334, 4.4699, 0, 4.6443, 0.9523, 1.5635, 2.7398, 0, 2.0641, 4.2267, 0, 0, 2.0883, 1.5871, 2.5895, 0, 0.1169, 0.5847, 0, 1.1144, 5.9024, 6.7994, 1.628],
      [297.1788, 116.2152, 8.009, 85.5012, 92.9721, 86.1801, 202.5464, 150.6645, 156.0604, 342.0046, 11.7675, 1.7452, 23.6283, 78.8603, 180.5406, 80.5205, 98.7558, 120.7155, 44.5924, 1.6602, 86.8144, 158.1299, 229.0799, 46.8414, 26.8463, 144.4033, 7.6213, 60.5979, 210.0174, 319.5917, 53.957, 103.7635, 78.8603, 112.5664, 113.4732, 5.8108, 25.5363, 366.0778, 43.7045, 65.7443, 316.3944, 92.2586],
      [17.0242, 6.6575, 0.4755, 4.898, 7.1971, 17.1052, 11.6031, 13.5193, 8.9401, 19.5921, 0.7609, 0.3804, 1.2364, 4.5176, 10.0814, 4.6127, 26.4558, 7.561, 2.7581, 0.1409, 5.1358, 14.4832, 14.9102, 4.4893, 1.9021, 7.7988, 0.428, 3.4714, 12.0311, 22.3715, 9.53, 5.9442, 4.5176, 12.2986, 6.3722, 0.3329, 1.6644, 28.3386, 2.6155, 15.0537, 19.3544, 4.8029],
      [29.6265, 11.5858, 0, 8.5238, 9.2686, 0, 20.1924, 5.7881, 8.199, 34.0953, 0, 5.8743, 0, 1.9096, 16.5283, 9.6478, 11.5858, 13.1581, 4.7998, 0.1655, 9.1093, 15.9718, 23.0061, 4.7171, 3.3102, 8.2518, 0.7448, 5.1966, 20.9372, 34.2295, 0, 10.3445, 7.8618, 23.9997, 11.0893, 0, 2.3067, 36.4952, 2.0364, 7.9445, 33.6815, 0]
    ],
    [
      [0, 0, 0.2925, 8.4674, 8.3936, 1.2355, 0, 0, 0, 15.7837, 0.7455, 0, 2.407, 16.5022, 6.305, 3.5667, 7.364, 10.6069, 2.9485, 0, 0.5098, 3.5874, 7.2728, 0, 1.834, 0, 0.6148, 0, 19.1611, 8.6902, 5.1644, 17.8614, 0.9512, 7.5122, 14.63, 1.9364, 6.0511, 3.2565, 1.9416, 0, 21.3557, 22.6027],
      [11.3473, 6.6375, 1.4632, 0, 0, 6.1602, 12.0094, 4.635, 8.0279, 7.3501, 1.5451, 0, 0, 3.6297, 0, 0, 0, 12.3152, 6.4483, 0, 3.4967, 0, 14.8767, 0.5721, 3.9315, 14.5329, 0, 5.5328, 14.5025, 0, 0, 9.0765, 0.4646, 7.6205, 0, 0.2096, 2.1772, 0, 0.9821, 7.4451, 50.8473, 0],
      [36.4997, 5.0606, 0, 0, 6.7622, 0, 8.4613, 18.9705, 37.5592, 18.3494, 0, 0, 0.3898, 7.3281, 22.9083, 2.8735, 0, 0, 0, 0, 0, 0, 0, 0, 0, 28.1898, 1.0724, 1.7188, 6.1222, 9.0375, 0.7654, 14.2215, 4.4512, 0, 16.532, 0.8771, 0, 14.6573, 0, 0, 0, 6.433],
      [772.1713, 344.8109, 24.2443, 790.2685, 723.0182, 820.6043, 599.7588, 599.3945, 405.4129, 1017.4877, 25.7094, 9.6211, 40.2033, 445.54, 741.7867, 306.5537, 863.6303, 804.3982, 238.7302, 25.6812, 441.1152, 1022.6141, 1214.0161, 70.0443, 155.7058, 409.2772, 12.1125, 358.7485, 463.2502, 959.2236, 453.0702, 738.5936, 245.1576, 685.6924, 309.8904, 54.9769, 231.7717, 2203.4909, 129.0763, 331.9279, 1443.031, 362.9643],
      [17.9817, 10.491, 0, 20.264, 7.8259, 0, 0.7705, 0, 0, 53.0291, 0, 0.3789, 0, 0, 0, 4.0061, 6.0057, 3.6798, 19.873, 0.3188, 24.8784, 5.7986, 5.8344, 1.3835, 1.5287, 0, 0.2003, 0, 23.964, 20.0488, 0, 23.247, 2.9754, 7.1749, 1.9476, 0, 0, 3.5953, 0, 5.627, 20.766, 0]
    ],
    [
      [0.0853, 0.0344, 0.5113, 0.0446, 0.0243, 0.0376, 0, 0.0446, 0.0438, 0.072, 0.0023, 0, 0.0227, 0.0149, 0.0626, 0.0149, 0.0391, 0.0329, 0.0125, 0, 0.0337, 0.065, 0.0712, 0, 0.007, 0.029, 0, 0.0141, 0.0329, 0.083, 0.0235, 0.0446, 0.0219, 0.0454, 0.0133, 0.0008, 0.0086, 0.1565, 0.007, 0.0227, 0.0728, 0.0133],
      [0.0058, 0.0023, 0.0001, 0.003, 0.0016, 0.0025, 0.0602, 0.003, 0.003, 0.0049, 0.0002, 0, 0.0002, 0.001, 0.0042, 0.001, 0.0026, 0.0022, 0.0008, 0.0001, 0.0023, 0.0044, 0.0048, 0.0006, 0.0005, 0.002, 0, 0.001, 0.0022, 0.0056, 0.0016, 0.003, 0.0015, 0.0031, 0.0009, 0.0001, 0.0006, 0.0106, 0.0005, 0.0015, 0.0049, 0.0009],
      [43.4989, 17.5592, 0.7981, 22.7471, 12.3712, 19.1555, 28.7332, 22.7471, 22.348, 36.7146, 1.1972, 0.7981, 1.5963, 7.5824, 31.9258, 7.5824, 19.9536, 16.761, 6.3852, 0.7981, 17.1601, 33.123, 36.3156, 4.7889, 3.5916, 14.7657, 0, 7.1833, 16.761, 42.3017, 11.9722, 22.7471, 11.174, 23.1462, 6.7842, 0.3991, 4.3898, 79.8144, 3.5916, 11.5731, 37.1137, 6.7842],
      [5.3976, 2.1789, 0.099, 2.8226, 1.5351, 2.3769, 3.5654, 2.8226, 2.7731, 4.5558, 0.1486, 0.099, 0.1981, 0.9409, 3.9616, 0.9409, 2.476, 2.0798, 0.7923, 0.1006, 2.1293, 4.1101, 4.5063, 0.6036, 0.4457, 1.8322, 0, 0.8914, 2.0798, 5.2491, 1.4856, 2.8226, 1.3865, 2.8721, 0.8418, 0.0495, 0.5447, 9.9039, 0.4457, 1.4361, 4.6053, 0.8418],
      [60.0124, 24.2252, 0.5914, 31.3826, 17.0678, 26.4275, 39.6412, 31.3826, 30.8321, 50.6527, 1.6517, 1.1028, 2.1828, 10.4609, 44.0458, 10.4609, 27.5286, 23.1241, 8.8092, 1.1011, 23.6746, 45.6975, 50.1021, 6.6069, 4.9552, 20.3712, 0, 9.9103, 23.1241, 58.3607, 16.5172, 31.3826, 15.416, 31.9332, 9.3597, 0.5506, 6.0563, 110.1145, 4.9552, 15.9666, 51.2033, 9.3597]
    ],
    [
      [40.5862, 19.9656, 0.3793, 22.7586, 18.2069, 38.6897, 21, 21.9554, 20.9562, 46.2759, 2.0155, 0, 0.7586, 17.069, 35.2759, 11.7586, 33, 34.1379, 10.6207, 0, 17.8276, 34.5172, 36.7931, 1.9718, 5.6897, 16.6897, 1.8966, 12.8966, 25.7931, 51.9655, 15.1724, 23.8966, 11.7586, 26.5517, 10.6207, 2.2782, 7.9655, 84.2069, 6.4483, 11.3793, 48.5517, 26.4528],
      [12.5401, 6.4459, 0.1172, 7.0318, 5.6255, 11.9541, 13.7555, 8.5554, 7.735, 14.2981, 0.3516, 0, 0.2344, 5.2739, 10.8994, 3.6331, 10.1962, 10.5478, 3.2815, 0.1172, 5.5083, 10.665, 11.3681, 0.9376, 1.758, 5.1567, 0, 3.9847, 7.9694, 7.8289, 2.5801, 7.3834, 3.6331, 8.2038, 3.2815, 0.7032, 2.4611, 26.0178, 1.9924, 3.5159, 15.0013, 4.9223],
      [3.7894, 2.8443, 0.0354, 2.1249, 1.6999, 3.6123, 2.479, 8.3196, 6.4157, 4.3206, 0.1062, 0.0708, 0.0708, 1.5937, 3.2936, 1.0979, 3.0811, 3.1873, 0.9916, 0.0354, 1.6645, 3.2228, 3.4353, 0.2833, 0.5312, 1.5583, 0.7631, 1.2041, 2.4082, 11.3011, 1.4166, 2.2311, 1.0979, 2.479, 0.9916, 0.2125, 0.7437, 7.8621, 0.6021, 1.0624, 4.5331, 1.4874],
      [6.3619, 3.2701, 0.0595, 3.5674, 2.8539, 10.1714, 4.162, 4.3404, 3.9242, 7.2538, 0.1784, 0.8589, 0.1189, 2.6756, 5.5295, 1.8432, 5.1728, 5.3511, 1.6648, 0.4388, 2.7945, 5.4106, 5.7673, 1.5383, 0.8919, 2.6161, 0.2973, 2.0215, 4.0431, 9.9236, 8.4541, 3.7458, 1.8432, 4.162, 1.6648, 0.3567, 1.2486, 13.1995, 1.0108, 1.7837, 7.6105, 2.4972],
      [43.7224, 22.4741, 0.4086, 24.5172, 19.6138, 37.5725, 28.6034, 29.8293, 26.9689, 49.8517, 0.3483, 1.0703, 0.8172, 18.3879, 38.0017, 12.6672, 35.55, 36.7758, 11.4414, 0.4086, 19.2052, 37.1844, 39.6362, 3.269, 6.1293, 17.9793, 2.0431, 13.8931, 27.7862, 55.981, 12.3768, 25.7431, 12.6672, 28.6034, 11.4414, 2.4494, 8.581, 90.7137, 6.9465, 12.2586, 52.3034, 6.6403]
    ]
  ],
  "V_est": [
    [17.1435, 2200.0068, 1546.5552, 209.2348, 10.0598],
    [167.7054, 116.5387, 4848.2093, 363.3637, 452.1829],
    [229.5516, 217.837, 269.2407, 21894.7761, 293.5945],
    [1.8662, 0.1513, 716.7337, 88.948, 988.3008],
    [876.7333, 267.4662, 100.2612, 152.6774, 932.8619]
  ],
  "p_est": [
    [0.0043, 0.5523, 0.3883, 0.0525, 0.0025],
    [0.0282, 0.0196, 0.8151, 0.0611, 0.076],
    [0.01, 0.0095, 0.0118, 0.9559, 0.0128],
    [0.001, 0.0001, 0.3991, 0.0495, 0.5503],
    [0.3763, 0.1148, 0.043, 0.0655, 0.4004]
  ],
  "EI_Z": {},
  "EI_V": 10.754,
  "MAE_Z": {},
  "MAE_V": 317.9916,
  "MAE_p": 0.0742,
  "runtime": 1.5286
}
