{
  "X": [
    [4, 31, 6, 1, 5, 4, 2],
    [3, 26, 3, 1, 3, 7, 2],
    [3, 14, 0, 0, 0, 3, 2],
    [9, 49, 1, 6, 3, 6, 7],
    [8, 130, 0, 10, 5, 17, 14],
    [14, 66, 4, 2, 9, 15, 7],
    [6, 100, 1, 3, 6, 16, 19],
    [12, 73, 2, 4, 3, 10, 11],
    [2, 33, 0, 0, 0, 4, 3],
    [20, 159, 7, 10, 6, 30, 34],
    [32, 291, 13, 13, 16, 40, 54],
    [7, 58, 3, 0, 1, 15, 8],
    [7, 46, 2, 2, 5, 8, 10],
    [4, 85, 0, 2, 2, 12, 9],
    [3, 34, 2, 1, 1, 3, 4],
    [12, 66, 0, 4, 4, 15, 10],
    [3, 53, 2, 2, 1, 11, 8],
    [32, 157, 9, 11, 7, 15, 20],
    [6, 51, 0, 2, 2, 7, 5],
    [2, 3, 0, 0, 0, 1, 0],
    [6, 23, 3, 1, 3, 16, 3],
    [2, 25, 2, 5, 3, 5, 4],
    [2, 5, 1, 0, 2, 3, 0],
    [9, 60, 1, 4, 1, 6, 3],
    [0, 13, 0, 0, 0, 2, 1],
    [31, 42, 1, 4, 2, 9, 5],
    [7, 42, 2, 3, 2, 11, 7],
    [12, 45, 2, 1, 5, 11, 4],
    [7, 16, 0, 0, 1, 3, 2],
    [1, 46, 3, 5, 3, 2, 3],
    [0, 37, 0, 4, 3, 10, 13],
    [0, 4, 0, 0, 4, 7, 2],
    [24, 183, 2, 22, 11, 48, 15],
    [4, 80, 0, 4, 10, 21, 17],
    [6, 68, 6, 2, 5, 10, 4],
    [4, 38, 0, 2, 6, 13, 3],
    [4, 97, 3, 4, 7, 23, 11],
    [6, 104, 4, 4, 3, 15, 7],
    [13, 176, 3, 3, 4, 24, 12],
    [5, 34, 7, 3, 2, 7, 13],
    [2, 9, 1, 0, 0, 3, 1],
    [2, 15, 0, 0, 3, 3, 3],
    [12, 99, 3, 2, 2, 10, 10],
    [12, 199, 14, 7, 7, 30, 32],
    [14, 89, 6, 3, 8, 12, 10],
    [4, 51, 1, 3, 1, 14, 8],
    [1, 18, 0, 0, 1, 8, 2],
    [5, 22, 0, 1, 0, 6, 0],
    [5, 31, 1, 1, 0, 3, 0],
    [17, 83, 6, 3, 7, 25, 18],
    [1, 16, 1, 1, 2, 5, 6],
    [7, 43, 1, 0, 2, 4, 9],
    [6, 22, 1, 3, 2, 14, 6],
    [12, 54, 0, 3, 7, 12, 8],
    [10, 58, 4, 3, 5, 13, 7],
    [10, 47, 3, 3, 3, 8, 8],
    [6, 90, 9, 6, 3, 28, 17],
    [10, 24, 0, 2, 1, 2, 6],
    [4, 27, 1, 3, 0, 6, 4],
    [3, 14, 0, 2, 3, 8, 3],
    [2, 1, 0, 1, 0, 1, 1],
    [10, 57, 2, 2, 0, 12, 7],
    [2, 3, 0, 0, 0, 1, 1],
    [0, 12, 0, 1, 0, 3, 2],
    [0, 18, 0, 0, 1, 6, 3],
    [7, 31, 1, 1, 0, 8, 5],
    [12, 26, 1, 0, 0, 3, 3],
    [9, 55, 0, 3, 3, 14, 9],
    [15, 142, 9, 10, 8, 15, 19],
    [19, 103, 1, 2, 1, 12, 10],
    [2, 8, 1, 1, 0, 2, 4],
    [16, 92, 7, 2, 1, 12, 12],
    [1, 2, 0, 0, 0, 2, 2],
    [6, 24, 1, 2, 4, 7, 4],
    [2, 23, 2, 2, 0, 3, 2],
    [4, 28, 0, 0, 2, 4, 6],
    [3, 13, 1, 0, 2, 2, 3],
    [2, 18, 1, 0, 0, 5, 1],
    [1, 27, 1, 0, 2, 6, 5],
    [1, 16, 0, 0, 2, 2, 2],
    [15, 70, 1, 2, 3, 6, 10],
    [3, 3, 0, 0, 0, 2, 3],
    [3, 41, 1, 2, 4, 2, 8],
    [2, 2, 0, 0, 0, 2, 1],
    [3, 37, 2, 1, 3, 4, 6],
    [4, 19, 1, 2, 2, 8, 1],
    [13, 48, 4, 1, 3, 12, 4],
    [3, 9, 0, 0, 1, 1, 2],
    [3, 12, 0, 2, 0, 2, 6],
    [2, 11, 0, 1, 0, 0, 1],
    [18, 93, 3, 5, 3, 20, 13],
    [2, 43, 1, 3, 0, 7, 5],
    [2, 7, 0, 1, 1, 4, 0],
    [1, 4, 1, 0, 0, 0, 4],
    [1, 4, 1, 0, 0, 0, 4],
    [2, 6, 1, 0, 1, 2, 4],
    [0, 19, 1, 0, 2, 6, 9],
    [1, 9, 0, 0, 0, 2, 2],
    [2, 6, 2, 2, 3, 5, 2],
    [1, 2, 0, 0, 2, 1, 3],
    [2, 1, 0, 0, 3, 3, 1],
    [3, 42, 2, 2, 2, 9, 4],
    [5, 13, 0, 0, 1, 2, 3],
    [5, 10, 2, 0, 2, 6, 2],
    [1, 0, 0, 0, 2, 1, 2],
    [14, 81, 8, 4, 2, 13, 11],
    [1, 9, 0, 0, 0, 3, 3],
    [2, 19, 2, 0, 0, 5, 7],
    [3, 15, 0, 0, 2, 6, 3],
    [0, 6, 2, 0, 1, 1, 2],
    [2, 35, 0, 2, 2, 9, 6],
    [3, 10, 1, 1, 1, 5, 5],
    [2, 15, 2, 0, 0, 4, 3],
    [3, 19, 4, 1, 1, 4, 7],
    [4, 69, 0, 2, 6, 16, 11],
    [2, 16, 2, 2, 1, 2, 4],
    [2, 11, 0, 0, 0, 2, 1],
    [0, 7, 2, 1, 1, 2, 3],
    [0, 10, 1, 0, 0, 4, 7],
    [1, 19, 3, 0, 1, 8, 2],
    [1, 12, 1, 0, 3, 1, 3],
    [10, 20, 2, 1, 2, 7, 2],
    [9, 61, 0, 2, 1, 7, 9],
    [3, 15, 1, 1, 1, 3, 2],
    [6, 43, 3, 4, 1, 25, 13],
    [8, 95, 6, 4, 5, 13, 11],
    [4, 24, 0, 1, 2, 8, 8],
    [16, 104, 6, 7, 4, 18, 25],
    [23, 103, 7, 0, 2, 8, 22],
    [10, 96, 9, 4, 4, 10, 4],
    [19, 81, 12, 8, 1, 8, 10],
    [12, 151, 5, 4, 3, 22, 16],
    [5, 38, 4, 2, 1, 8, 6],
    [8, 49, 6, 3, 4, 9, 3],
    [4, 23, 3, 0, 3, 5, 4],
    [6, 25, 0, 1, 0, 12, 4],
    [2, 10, 0, 1, 2, 0, 2],
    [0, 7, 0, 1, 0, 1, 1],
    [3, 50, 1, 3, 1, 15, 10],
    [0, 3, 0, 0, 1, 1, 1],
    [0, 8, 0, 1, 2, 3, 1],
    [2, 7, 0, 1, 1, 2, 1],
    [8, 47, 2, 5, 1, 10, 8],
    [23, 82, 11, 6, 2, 20, 14],
    [16, 94, 5, 4, 5, 14, 15],
    [8, 38, 2, 4, 2, 5, 4],
    [18, 47, 6, 2, 2, 19, 6],
    [2, 24, 1, 2, 2, 7, 3],
    [10, 32, 0, 1, 1, 6, 4],
    [0, 1, 1, 1, 0, 2, 1],
    [3, 21, 2, 2, 1, 1, 3],
    [1, 17, 0, 0, 2, 3, 0],
    [9, 26, 0, 2, 0, 5, 2],
    [0, 4, 0, 0, 0, 0, 2],
    [4, 19, 0, 1, 0, 3, 0],
    [8, 32, 0, 0, 2, 11, 5],
    [8, 49, 4, 5, 4, 11, 9],
    [4, 26, 1, 2, 4, 8, 3],
    [2, 23, 1, 2, 0, 7, 2],
    [0, 5, 0, 0, 0, 0, 2],
    [5, 16, 2, 0, 1, 1, 1],
    [4, 19, 0, 1, 1, 4, 1],
    [8, 21, 2, 2, 0, 11, 3],
    [5, 24, 4, 1, 5, 12, 5],
    [3, 30, 3, 0, 3, 4, 3],
    [7, 34, 1, 0, 2, 2, 4],
    [2, 10, 1, 2, 1, 5, 6],
    [8, 13, 3, 2, 0, 3, 1],
    [0, 11, 1, 0, 5, 3, 1],
    [0, 3, 1, 0, 0, 2, 1],
    [5, 65, 0, 6, 2, 13, 8],
    [6, 4, 1, 0, 3, 2, 2],
    [9, 36, 2, 1, 2, 9, 4],
    [0, 17, 1, 2, 0, 5, 2],
    [1, 12, 0, 0, 0, 3, 0],
    [1, 5, 0, 0, 0, 3, 0],
    [1, 8, 0, 0, 0, 2, 3],
    [3, 17, 2, 1, 2, 4, 2],
    [0, 3, 0, 1, 1, 1, 2],
    [2, 3, 0, 1, 0, 0, 1],
    [3, 24, 0, 1, 2, 9, 3],
    [0, 1, 0, 0, 0, 5, 1],
    [1, 7, 0, 0, 0, 3, 1],
    [6, 31, 3, 1, 2, 10, 10],
    [2, 15, 0, 0, 2, 4, 4],
    [2, 8, 1, 0, 1, 1, 3],
    [1, 3, 0, 0, 0, 1, 1],
    [2, 21, 2, 3, 4, 6, 5],
    [1, 2, 0, 1, 2, 1, 1],
    [2, 25, 1, 3, 0, 7, 8],
    [2, 10, 1, 2, 2, 0, 1],
    [7, 89, 6, 3, 3, 14, 12],
    [4, 43, 1, 0, 2, 12, 4],
    [3, 5, 0, 0, 0, 4, 1],
    [0, 6, 0, 1, 0, 0, 1],
    [2, 10, 0, 0, 1, 1, 7],
    [3, 24, 1, 4, 0, 6, 2],
    [2, 6, 1, 0, 0, 3, 2],
    [0, 5, 0, 1, 1, 1, 0],
    [1, 19, 2, 2, 0, 3, 3],
    [0, 7, 2, 0, 0, 1, 0],
    [0, 5, 0, 0, 1, 1, 1],
    [2, 10, 1, 0, 0, 3, 0],
    [1, 26, 4, 1, 3, 6, 9],
    [1, 8, 0, 0, 2, 5, 1],
    [1, 5, 0, 0, 2, 0, 1],
    [4, 22, 4, 1, 0, 9, 5],
    [1, 1, 0, 1, 0, 2, 1],
    [5, 45, 2, 0, 2, 14, 7],
    [15, 54, 3, 3, 5, 19, 18],
    [0, 6, 0, 0, 0, 2, 3],
    [39, 336, 21, 16, 21, 84, 39],
    [14, 75, 10, 9, 8, 10, 7],
    [150, 630, 42, 76, 44, 138, 112],
    [0, 14, 0, 2, 3, 4, 4]
  ],
  "W": [
    [0, 1, 7, 3, 39, 3],
    [3, 0, 3, 0, 35, 4],
    [2, 0, 1, 2, 14, 3],
    [4, 1, 1, 7, 64, 4],
    [1, 4, 7, 12, 152, 8],
    [5, 11, 4, 7, 87, 3],
    [4, 3, 5, 10, 116, 13],
    [4, 3, 1, 8, 97, 2],
    [0, 5, 0, 0, 32, 5],
    [16, 9, 9, 12, 200, 20],
    [7, 23, 13, 11, 382, 23],
    [2, 6, 3, 1, 75, 5],
    [3, 2, 4, 7, 56, 8],
    [2, 7, 0, 4, 98, 3],
    [0, 2, 3, 2, 40, 1],
    [4, 3, 2, 8, 88, 6],
    [3, 6, 2, 1, 64, 4],
    [5, 7, 11, 11, 209, 8],
    [1, 0, 1, 2, 68, 1],
    [0, 0, 0, 0, 6, 0],
    [2, 0, 4, 3, 45, 1],
    [1, 3, 2, 3, 36, 1],
    [0, 0, 2, 0, 10, 1],
    [3, 2, 1, 4, 72, 2],
    [0, 0, 0, 1, 15, 0],
    [0, 2, 1, 26, 60, 5],
    [4, 0, 4, 2, 62, 2],
    [3, 7, 5, 1, 61, 3],
    [0, 1, 2, 2, 24, 0],
    [3, 1, 0, 8, 51, 0],
    [4, 3, 6, 4, 48, 2],
    [0, 0, 7, 0, 9, 1],
    [5, 7, 8, 23, 252, 10],
    [2, 3, 10, 6, 112, 3],
    [4, 2, 7, 4, 80, 4],
    [2, 6, 7, 2, 49, 0],
    [5, 13, 3, 4, 121, 3],
    [1, 2, 4, 6, 127, 3],
    [1, 0, 1, 1, 228, 4],
    [3, 0, 2, 5, 51, 10],
    [0, 3, 2, 0, 11, 0],
    [0, 0, 2, 0, 22, 2],
    [3, 3, 4, 6, 115, 7],
    [14, 7, 11, 12, 237, 20],
    [4, 6, 6, 8, 106, 12],
    [2, 6, 1, 2, 66, 5],
    [0, 1, 4, 1, 21, 3],
    [0, 1, 0, 6, 27, 0],
    [0, 1, 0, 6, 34, 0],
    [6, 8, 11, 11, 114, 9],
    [5, 3, 1, 5, 15, 3],
    [4, 4, 2, 5, 50, 1],
    [2, 5, 6, 6, 31, 4],
    [0, 8, 7, 4, 72, 5],
    [5, 3, 8, 4, 74, 6],
    [6, 9, 5, 6, 52, 4],
    [5, 12, 2, 11, 119, 10],
    [0, 0, 2, 3, 36, 4],
    [1, 1, 2, 4, 35, 2],
    [2, 2, 2, 1, 23, 3],
    [0, 0, 0, 2, 3, 1],
    [3, 4, 1, 1, 76, 5],
    [0, 0, 0, 2, 5, 0],
    [1, 1, 0, 0, 14, 2],
    [2, 3, 2, 0, 19, 2],
    [4, 1, 0, 2, 45, 1],
    [1, 1, 0, 2, 37, 4],
    [0, 6, 3, 8, 68, 8],
    [6, 10, 8, 9, 166, 19],
    [4, 6, 1, 9, 120, 8],
    [0, 1, 1, 0, 15, 1],
    [4, 4, 1, 7, 119, 7],
    [7, 0, 0, 0, 0, 0],
    [1, 3, 4, 1, 34, 5],
    [1, 1, 2, 3, 25, 2],
    [1, 2, 2, 1, 35, 3],
    [3, 2, 2, 1, 14, 2],
    [2, 0, 0, 0, 22, 3],
    [2, 1, 3, 2, 28, 6],
    [1, 2, 0, 0, 18, 2],
    [5, 4, 4, 2, 83, 9],
    [1, 0, 0, 0, 7, 3],
    [1, 6, 6, 3, 43, 2],
    [2, 0, 0, 0, 4, 1],
    [1, 1, 3, 2, 47, 2],
    [1, 2, 2, 3, 24, 5],
    [2, 5, 6, 2, 66, 4],
    [0, 0, 1, 0, 14, 1],
    [1, 1, 3, 4, 15, 1],
    [0, 0, 0, 0, 14, 1],
    [5, 5, 6, 8, 123, 8],
    [0, 3, 1, 0, 49, 8],
    [1, 1, 0, 2, 9, 2],
    [0, 0, 1, 0, 8, 1],
    [0, 0, 1, 0, 8, 1],
    [1, 2, 1, 2, 9, 1],
    [3, 1, 4, 0, 24, 5],
    [2, 0, 0, 0, 11, 1],
    [1, 0, 3, 2, 16, 0],
    [1, 1, 2, 0, 5, 0],
    [2, 1, 5, 0, 2, 0],
    [0, 0, 4, 5, 50, 5],
    [2, 2, 1, 1, 17, 1],
    [2, 0, 1, 2, 19, 3],
    [1, 0, 1, 0, 3, 1],
    [8, 3, 4, 8, 95, 15],
    [1, 2, 0, 1, 10, 2],
    [1, 2, 3, 0, 27, 2],
    [0, 1, 5, 3, 19, 1],
    [2, 1, 1, 3, 4, 1],
    [2, 5, 3, 4, 37, 5],
    [3, 2, 4, 1, 15, 1],
    [1, 2, 2, 1, 17, 3],
    [1, 2, 3, 2, 24, 7],
    [4, 5, 13, 3, 73, 10],
    [0, 5, 2, 6, 14, 2],
    [1, 0, 1, 0, 12, 2],
    [0, 1, 1, 0, 13, 1],
    [0, 2, 0, 0, 18, 2],
    [1, 2, 2, 2, 24, 3],
    [3, 0, 4, 1, 12, 1],
    [2, 1, 3, 6, 32, 0],
    [3, 3, 2, 4, 66, 11],
    [1, 0, 2, 2, 20, 1],
    [1, 3, 7, 5, 71, 8],
    [4, 2, 8, 10, 110, 8],
    [2, 2, 4, 1, 30, 8],
    [12, 13, 4, 9, 131, 11],
    [12, 8, 2, 7, 124, 12],
    [6, 2, 4, 8, 114, 3],
    [6, 7, 4, 11, 105, 6],
    [13, 5, 4, 8, 173, 10],
    [3, 3, 3, 3, 52, 0],
    [1, 3, 5, 9, 60, 4],
    [3, 4, 2, 1, 29, 3],
    [1, 1, 0, 0, 39, 7],
    [2, 0, 2, 1, 11, 1],
    [0, 0, 2, 0, 7, 1],
    [2, 5, 1, 10, 54, 11],
    [0, 1, 1, 0, 4, 0],
    [1, 0, 1, 1, 11, 1],
    [1, 1, 1, 1, 9, 1],
    [2, 4, 2, 6, 59, 8],
    [9, 4, 3, 19, 114, 9],
    [6, 7, 3, 10, 117, 10],
    [5, 3, 1, 6, 45, 3],
    [6, 1, 3, 8, 75, 7],
    [1, 1, 2, 3, 29, 5],
    [2, 0, 2, 3, 45, 2],
    [1, 1, 0, 1, 3, 0],
    [2, 0, 0, 4, 23, 4],
    [0, 0, 3, 0, 19, 1],
    [2, 1, 4, 1, 32, 4],
    [0, 0, 0, 0, 5, 1],
    [0, 0, 0, 1, 25, 1],
    [4, 1, 3, 5, 43, 2],
    [7, 2, 5, 8, 63, 5],
    [4, 3, 7, 1, 31, 2],
    [0, 2, 0, 2, 31, 2],
    [0, 0, 0, 2, 5, 0],
    [2, 0, 0, 1, 21, 2],
    [0, 0, 2, 2, 25, 1],
    [1, 5, 1, 5, 31, 4],
    [1, 2, 6, 6, 36, 5],
    [0, 1, 5, 0, 33, 7],
    [2, 4, 0, 3, 35, 6],
    [0, 2, 1, 2, 18, 4],
    [0, 0, 0, 5, 22, 3],
    [2, 0, 4, 0, 15, 0],
    [0, 0, 1, 0, 5, 1],
    [2, 0, 2, 3, 86, 6],
    [2, 1, 4, 0, 9, 2],
    [1, 1, 3, 7, 43, 8],
    [1, 0, 0, 1, 23, 2],
    [1, 1, 0, 1, 13, 0],
    [1, 0, 0, 1, 5, 2],
    [2, 1, 1, 0, 9, 1],
    [1, 2, 2, 0, 24, 2],
    [1, 0, 1, 0, 6, 0],
    [0, 1, 0, 1, 4, 1],
    [1, 2, 5, 1, 31, 2],
    [0, 0, 1, 0, 5, 1],
    [0, 1, 0, 0, 10, 1],
    [4, 0, 4, 2, 45, 8],
    [5, 1, 1, 1, 18, 1],
    [9, 0, 1, 0, 4, 2],
    [1, 0, 0, 0, 5, 0],
    [2, 2, 2, 3, 30, 4],
    [0, 0, 2, 0, 4, 2],
    [4, 1, 4, 1, 32, 4],
    [1, 2, 0, 2, 10, 3],
    [7, 3, 3, 4, 110, 7],
    [4, 0, 4, 3, 51, 4],
    [3, 0, 0, 3, 7, 0],
    [0, 0, 0, 0, 7, 1],
    [5, 0, 2, 0, 14, 0],
    [0, 4, 0, 2, 30, 4],
    [2, 1, 0, 0, 10, 1],
    [0, 0, 1, 1, 6, 0],
    [2, 1, 4, 2, 19, 2],
    [0, 0, 0, 1, 9, 0],
    [0, 0, 2, 0, 5, 1],
    [1, 1, 0, 0, 14, 0],
    [4, 1, 4, 0, 36, 5],
    [0, 0, 5, 0, 10, 2],
    [1, 0, 2, 0, 6, 0],
    [3, 0, 4, 1, 36, 1],
    [0, 1, 1, 1, 3, 0],
    [4, 1, 3, 3, 58, 6],
    [8, 3, 16, 7, 70, 13],
    [1, 1, 0, 0, 8, 1],
    [23, 18, 32, 24, 414, 45],
    [4, 6, 7, 15, 89, 12],
    [42, 58, 61, 102, 845, 84],
    [1, 1, 3, 2, 20, 0]
  ],
  "method": "mvn_pdf",
  "cond_prob": [
    [
      [0.10331546839, 0.22299454217, 0.35490193696, 6.8954162659e-06, 0.064518119817, 0.08861109672, 0.16565194052],
      [0.071065651166, 0.44054185633, 0.041468358495, 0.015270516821, 0.15623134725, 0.13808501045, 0.13733725949],
      [0.026201604152, 0.038778809652, 0.2337271369, 0.0019734652736, 0.50724965985, 0.13851111855, 0.053558205625],
      [0.1929950717, 0.10010390792, 0.56938655413, 0.091813660351, 0.0052033470822, 0.030034903836, 0.010462554981],
      [0.07546269766, 0.74843475201, 0.03403121065, 0.016813648592, 0.031879351058, 0.064133649736, 0.029244690293],
      [0.074497565315, 0.26624647465, 0.42902160182, 0.013247316705, 0.01137210043, 0.10034003616, 0.10527490492]
    ],
    [
      [0.11962287331, 0.24653128898, 0.1168834262, 0.0010384127702, 0.10386422597, 0.2137072856, 0.19835248718],
      [0.059400710707, 0.35672429747, 0.011217236607, 0.019355165901, 0.18885728643, 0.24379296247, 0.12065234041],
      [0.017283002192, 0.016196169958, 0.056090676002, 0.0015015875751, 0.64970164172, 0.21814372136, 0.041083201188],
      [0.27428121626, 0.13300716712, 0.23405700734, 0.24637786012, 0.0073886573081, 0.08896410225, 0.015923989592],
      [0.063531040374, 0.68471446596, 0.053062877884, 0.025463595871, 0.019194947538, 0.13298545697, 0.021047615406],
      [0.091423990102, 0.31170282864, 0.15596924186, 0.025288535868, 0.016869808269, 0.26248899634, 0.13625659893]
    ],
    [
      [0.18167389191, 0.3672246721, 0, 0, 0, 0.16893358515, 0.28216785084],
      [0.082429197707, 0.54551746619, 0.0010678781548, 0.0048006054103, 0.0086884386094, 0.1921396921, 0.16535672183],
      [0.14469598077, 0.078226159487, 0, 0, 0, 0.59164256077, 0.18543529897],
      [0.64064165429, 0.24228696055, 0, 0, 0, 0.089014814723, 0.028056570435],
      [0.056008727912, 0.80852132087, 0, 0, 0, 0.090701050401, 0.044768900818],
      [0.14218357868, 0.46115069435, 0, 0, 0, 0.20754864463, 0.18911708234]
    ],
    [
      [0.15895300207, 0.24054669411, 0.021858840169, 0, 0.11634380782, 0.11226092622, 0.35003672961],
      [0.07736513705, 0.33422359658, 0.0020955949229, 0.053273756441, 0.20575999134, 0.12341727207, 0.20386465159],
      [0.021825572496, 0.016336366575, 0.010249199188, 0.0012048658142, 0.77197257397, 0.10781887151, 0.070592550444],
      [0.29640915231, 0.10233209681, 0.033253167573, 0.50105668595, 0.0065553542341, 0.037811869864, 0.022581673252],
      [0.088427587357, 0.71332186779, 0.0084758388561, 0.033493283226, 0.022334303574, 0.069638663695, 0.064308455499],
      [0.13269190629, 0.32958226099, 0.031248496353, 0.073638612398, 0.020402323756, 0.1495406465, 0.26289575371]
    ],
    [
      [0.10703803783, 0.32081185007, 0, 3.0718373182e-05, 0.046154653005, 0.14341153979, 0.38255320092],
      [0.045538419819, 0.44988597025, 0, 0.03961275542, 0.078386832233, 0.15905505274, 0.22752096954],
      [0.043498389822, 0.047732599213, 0, 0.0021555943017, 0.43532854817, 0.30089637699, 0.1703884915],
      [0.25474302251, 0.18561361578, 0, 0.45628933559, 0.0038853873108, 0.065922929769, 0.033545709045],
      [0.023829275049, 0.80304788361, 0, 0.025986026473, 0.0097538961984, 0.078361823574, 0.059021095098],
      [0.090919184565, 0.4068592971, 0, 0.050135131104, 0.0079726638735, 0.17650265873, 0.26761106463]
    ],
    [
      [0.16782909, 0.21041596892, 0.043771265116, 0, 0.19242488752, 0.16110935393, 0.22444943451],
      [0.079552091465, 0.28353870149, 0.0048021240884, 0.011329187643, 0.32004030518, 0.17230442864, 0.12843316149],
      [0.019270317082, 0.012398671258, 0.017125273794, 0.00018601964059, 0.78330664796, 0.12929442035, 0.038418649917],
      [0.48104178881, 0.13931509235, 0.10404914464, 0.15311344656, 0.015258451123, 0.084814330145, 0.02240774637],
      [0.096418490616, 0.6881652531, 0.031371998016, 0.0086171118018, 0.01340960397, 0.12061049026, 0.041407052243],
      [0.1509996901, 0.31127236268, 0.067370458129, 0.017717334903, 0.036920303415, 0.23170462353, 0.18401522725]
    ],
    [
      [0.061730046635, 0.24474512303, 0.01546827283, 0, 0.075574978236, 0.12716962739, 0.47531195188],
      [0.032485950092, 0.36566895456, 0.0014317141849, 0.010672234341, 0.1383960268, 0.15047216639, 0.30087295364],
      [0.013621073906, 0.028319963101, 0.011943457212, 0.00033177583065, 0.58079577312, 0.20395855064, 0.1610294062],
      [0.28138196183, 0.25920916045, 0.059205798266, 0.2066932647, 0.011239089082, 0.10731510329, 0.074955622383],
      [0.017996605992, 0.78150975892, 0, 0.0061812926764, 0.017910221449, 0.091894105185, 0.084508015778],
      [0.052776206179, 0.34886070689, 0.021696653646, 0.014027832334, 0.014504350935, 0.17594192336, 0.37219232666]
    ],
    [
      [0.14115642828, 0.22727952124, 0.024616251272, 0.00013434765104, 0.066201934953, 0.12102871027, 0.41958280634],
      [0.076629054446, 0.35142343014, 0.0026483357388, 0.0212374644, 0.12658975284, 0.14806844085, 0.27340352158],
      [0.032802694919, 0.026113564762, 0.019536514779, 0.00083465192129, 0.57872403854, 0.19788241456, 0.14410612052],
      [0.4141383676, 0.15307191683, 0.059784662425, 0.25944542551, 0.0064256302753, 0.06511724523, 0.042016752134],
      [0.078553964362, 0.71288560346, 0.01365039295, 0.018614392956, 0.017533279375, 0.08271854382, 0.076043823075],
      [0.11992147236, 0.31800959471, 0.035844028684, 0.026878021733, 0.012282910795, 0.16458035472, 0.322483617]
    ],
    [
      [0.11185259287, 0.42279115076, 0.014511691919, 4.4733205328e-06, 0.012859886699, 0.1486740035, 0.28930620094],
      [0.08030951946, 0.5883339913, 0, 0, 0, 0.16417164141, 0.16718484783],
      [0.047693261926, 0.089242526751, 0.021530286819, 0.00054686272018, 0.18829704952, 0.46837979353, 0.18431021873],
      [0.3992377354, 0.32973301108, 0.040662289796, 0.1041759001, 0.001467275873, 0.091814055001, 0.03290973275],
      [0.032901441676, 0.8582000406, 0, 0, 0, 0.071434244639, 0.037464273086],
      [0.10912125382, 0.51918574887, 0, 0, 0, 0.1786491929, 0.19304380442]
    ],
    [
      [0.11261055721, 0.23419910498, 0.034989938011, 0.00011822224577, 0.035045435171, 0.13980830483, 0.44322843756],
      [0.062226813428, 0.36665174583, 0.0038800158269, 0.031696370582, 0.066271817376, 0.17317587304, 0.29609736392],
      [0.036989714189, 0.037884529947, 0.039058979746, 0.0017243377083, 0.34539820858, 0.32099432341, 0.21794990642],
      [0.30462737293, 0.14895218652, 0.079213160478, 0.35035994328, 0.0031768249199, 0.070934987404, 0.042735524463],
      [0.059153066556, 0.71804765459, 0.020687734855, 0.023700624451, 0.0078472027179, 0.094300325269, 0.076263391563],
      [0.090957027491, 0.31075153412, 0.04828025675, 0.037643892994, 0.0063340180531, 0.1802125226, 0.32582074799]
    ],
    [
      [0.10851215766, 0.21453496472, 0.039549102799, 3.7956850572e-05, 0.062942100926, 0.11022907299, 0.46419464406],
      [0.060461497116, 0.33826891495, 0.0044623169474, 0.026528579236, 0.12013364524, 0.1374356451, 0.31270940141],
      [0.029396418298, 0.028763362437, 0.036390514728, 0.0011848404211, 0.50841754532, 0.20767308905, 0.18817422975],
      [0.32114096287, 0.14997294909, 0.098304842771, 0.31344817999, 0.0062506101186, 0.061439448287, 0.049443006875],
      [0.062353512788, 0.71420077503, 0.025518883025, 0.021396759507, 0.015298972452, 0.076616227505, 0.084614869695],
      [0.09200237166, 0.29868469527, 0.057299117957, 0.032725301845, 0.011910398951, 0.1488866807, 0.35849143362]
    ],
    [
      [0.13297633718, 0.24952342981, 0.046912951616, 0, 0.020722234163, 0.22032822539, 0.32953682184],
      [0.080167362195, 0.38757981098, 0.0055178733367, 0, 0.038672329315, 0.27131478396, 0.21674784021],
      [0.042670918479, 0.039270500442, 0.05143578169, 0, 0.20503526203, 0.50451508704, 0.15707245032],
      [0.52672462279, 0.18249674833, 0.1249831692, 0, 0.0021225521032, 0.12767872048, 0.035994187093],
      [0.067193550716, 0.71047772844, 0.030410876101, 0, 0.001229974127, 0.13231271931, 0.05837515131],
      [0.11175789411, 0.31786727842, 0.062592126984, 0, 0.0034090316144, 0.27335538312, 0.23101828576]
    ],
    [
      [0.097092260752, 0.2173763948, 0.024995277652, 0, 0.11346203207, 0.11793214774, 0.42914188699],
      [0.050417672152, 0.32158059079, 0.0026611517767, 0.011350347259, 0.20960806593, 0.13803790775, 0.26634426433],
      [0.015803361195, 0.017152034664, 0.01391132447, 0.00029628710033, 0.71562944772, 0.13497939123, 0.10222815362],
      [0.38043148399, 0.19353688637, 0.080799229178, 0.1921309798, 0.013090642975, 0.08373758488, 0.056273192807],
      [0.056852733246, 0.72705981218, 0.017681781542, 0.0090049158824, 0.019943947844, 0.087320404181, 0.082136405121],
      [0.087237622366, 0.32074922606, 0.038534024379, 0.015865251132, 0.021173050122, 0.16926305601, 0.34717776993]
    ],
    [
      [0.095948475921, 0.31775575732, 0, 1.3690583942e-05, 0.048572645669, 0.16544994559, 0.37225948492],
      [0.04028020595, 0.45171486335, 0, 0.014149145471, 0.084585175042, 0.18617765206, 0.22309295813],
      [0.021606600627, 0.041933960433, 0.014422981161, 0.00067335316491, 0.46269696223, 0.31145648701, 0.14720965538],
      [0.337559668, 0.26530676622, 0, 0.23485264399, 0.0058164378037, 0.11001623009, 0.046448253901],
      [0.019618959652, 0.80511594489, 0, 0.0092565816977, 0.012876465225, 0.094872804176, 0.058259244361],
      [0.084414962872, 0.41329825936, 0, 0.018124339404, 0.0085330466977, 0.20941893824, 0.26621045343]
    ],
    [
      [0.11069623972, 0.32192802148, 0.055144596439, 8.6980438573e-06, 0.018747025903, 0.097394982186, 0.39608043623],
      [0.0606828566, 0.50558748314, 0.0063712641955, 0.015483831264, 0.035109130296, 0.12038020647, 0.25638522804],
      [0.046050702703, 0.064766430606, 0.080419606946, 0.0013868858946, 0.26997512522, 0.29627252029, 0.24112872833],
      [0.34152525411, 0.22046063302, 0.14298544359, 0.20210533771, 0.0018040430291, 0.052627609974, 0.038491678569],
      [0.049260236042, 0.79839356403, 0.034614449911, 0.01357092302, 0.0028238751667, 0.041069783506, 0.06026716833],
      [0.087022228787, 0.41786191486, 0.075449767148, 0.017824083578, 0.0032932710074, 0.12237546601, 0.27617326861]
    ],
    [
      [0.15651361734, 0.22157244323, 0, 0.0001974686642, 0.091089040493, 0.18066155108, 0.34996587919],
      [0.073721751307, 0.32106926448, 0, 0.019841350835, 0.16376288322, 0.20731442602, 0.21429032414],
      [0.034589341017, 0.019940921984, 0, 0.00071839616984, 0.61833356209, 0.23185528657, 0.094562492171],
      [0.45185870628, 0.14924279443, 0, 0.2580265019, 0.0084549365245, 0.096844023001, 0.035573037867],
      [0.075339187853, 0.69405714452, 0, 0.01947885194, 0.019776507677, 0.12450713252, 0.066841175483],
      [0.13981390223, 0.30660825271, 0, 0.026649715763, 0.016619316073, 0.24338668306, 0.26692213017]
    ],
    [
      [0.085179197602, 0.28289781726, 0.037210219619, 0.00030385349334, 0.022919769929, 0.18977863029, 0.38171051181],
      [0.044007516335, 0.42198293277, 0.0043294765767, 0.02483185796, 0.041092606002, 0.22431331384, 0.23944229652],
      [0.028173124351, 0.046060238431, 0.04217498025, 0.0015457801772, 0.24336626272, 0.45110026061, 0.18757935346],
      [0.24545812192, 0.18853450051, 0.089279550603, 0.33705584394, 0.0021434907163, 0.099990181243, 0.03753831107],
      [0.02998095805, 0.74861556899, 0.023330240223, 0.021771872135, 0.002819703301, 0.11173368264, 0.061747974659],
      [0.064957905846, 0.35683938977, 0.048906899074, 0.029137517709, 0.0038370066942, 0.2329094586, 0.26341182231]
    ],
    [
      [0.23501247835, 0.24287403346, 0.054038564132, 1.1116783242e-05, 0.037336089628, 0.094330838177, 0.33639687947],
      [0.13272369782, 0.38990963395, 0.0061484943177, 0.048210938302, 0.072523336542, 0.11985884339, 0.23062505568],
      [0.081951073248, 0.042650598323, 0.064710427211, 0.0026120329822, 0.39870681647, 0.23202749414, 0.17734155763],
      [0.41912660923, 0.10214783317, 0.080582826946, 0.34334651553, 0.002277671184, 0.030934524861, 0.02158401907],
      [0.10954327508, 0.71258424993, 0.031107976842, 0.030710938033, 0.0088120559888, 0.047092802525, 0.0601487016],
      [0.18618409062, 0.31667142659, 0.073371845418, 0.054792220677, 0.0066383912852, 0.11929449608, 0.24304752934]
    ],
    [
      [0.15517014102, 0.26341361643, 0, 9.2410467266e-05, 0.073883167424, 0.14674084132, 0.36069982334],
      [0.071509499785, 0.38294283974, 0.0014722717988, 0.021469896823, 0.13577241411, 0.16877476634, 0.2180583114],
      [0.034156710861, 0.023459817568, 0, 0.00075420735723, 0.65943411711, 0.18752389502, 0.094671252084],
      [0.42950840946, 0.16787582488, 0, 0.28834550219, 0.0064474235076, 0.074327538946, 0.033495301012],
      [0.0708093683, 0.73556460099, 0, 0.020501314894, 0.018246334209, 0.092975106974, 0.061903274631],
      [0.13661928476, 0.3589820488, 0, 0.028372965011, 0.013037142244, 0.19477291156, 0.26821564762]
    ],
    [
      [0.95897056854, 0.019903773736, 1.9236875192e-05, 9.9238147911e-09, 1.0436954722e-19, 0.021073783753, 3.2627167688e-05],
      [0.3991072918, 0.061481655492, 1.486895067e-05, 7.1383659267e-06, 0, 0.53938904539, 3.5756443351e-16],
      [7.312479242e-19, 1.0125834201e-19, 1.6900887997e-24, 2.7008192171e-23, 4.0490528324e-16, 1, 1.6164435059e-115],
      [0.99999999947, 5.2402888065e-10, 1.2517431569e-13, 2.8447106277e-39, 8.1860902429e-78, 2.6109011414e-12, 2.2419757856e-19],
      [0.33333333333, 0.5, 4.3493695471e-22, 2.1875691068e-21, 3.1276445843e-23, 0.16666666667, 1.0849719627e-19],
      [0.89467406699, 0.049647291241, 2.005781888e-05, 6.5476724926e-06, 1.3049730956e-07, 0.055103236102, 0.00054866967699]
    ],
    [
      [0.11138528033, 0.11107558183, 0.052159938244, 0.00027278987513, 0.069546893553, 0.47977451025, 0.17578500591],
      [0.05437996848, 0.15263791617, 0.0049829261215, 0.0080776698764, 0.12277081593, 0.55227947108, 0.10487123235],
      [0.018866539289, 0.014529278229, 0.027646865507, 0.00075456904558, 0.37688655983, 0.52141565456, 0.039900533535],
      [0.36387183321, 0.084073506762, 0.14163157813, 0.11712695173, 0.0075782925774, 0.26585792488, 0.019859912718],
      [0.10062448067, 0.49631566711, 0.050974819897, 0.014114244833, 0.029318425669, 0.25727878883, 0.05137357299],
      [0.082046152327, 0.13330618311, 0.066331031721, 0.0099142714038, 0.01129594071, 0.57966908938, 0.11743733134]
    ],
    [
      [0.085023136382, 0.21442452063, 0.058500194281, 0, 0.12121035379, 0.14926527324, 0.37157652167],
      [0.038083474653, 0.2681927571, 0.0063478981766, 0.15642073378, 0.19157191771, 0.14813788704, 0.19124533153],
      [0.010429232987, 0.015394666873, 0.025990183432, 0, 0.7438030899, 0.13568647472, 0.068696352088],
      [0.055016587991, 0.034367836901, 0.032805650065, 0.84787884508, 0.00228547369, 0.018602586649, 0.0090430196269],
      [0.043166863508, 0.65560806977, 0.047267847669, 0.049314532382, 0.021999978284, 0.10870638774, 0.073936320639],
      [0.060811123411, 0.24521385176, 0.070416278037, 0.21177809767, 0.017612073967, 0.1657103975, 0.22845817765]
    ],
    [
      [0.27017540727, 0.11122158513, 0.066162098478, 4.8210064994e-07, 0.18765923713, 0.29028608853, 0.074495101351],
      [0.10992525207, 0.14492947399, 0.0054022334408, 0.00049525181002, 0.37002748591, 0.32447561175, 0.044744691016],
      [0.0087447851658, 0.001709831238, 0.016216458264, 0, 0.88666443291, 0.086664492424, 0],
      [0.89927194858, 0.0090623873366, 0.066676980775, 2.9443439402e-31, 0.0025046867031, 0.02131761677, 0.0011663798344],
      [0.16989220164, 0.48353601803, 0.08577650051, 0, 0.019750096606, 0.24104518322, 0],
      [0.28358841332, 0.16122015722, 0.10980207837, 0, 0.029170168128, 0.41621918296, 0]
    ],
    [
      [0.21853991038, 0.35504555706, 0.027639480512, 0.00015759144377, 0.029068499461, 0.13710610949, 0.23244285165],
      [0.10738666574, 0.50079123516, 0.0026715052995, 0.048447780535, 0.049548088178, 0.15290330646, 0.13825141864],
      [0.075134653861, 0.060866481602, 0.03294009498, 0.0030183668368, 0.36713651155, 0.33990770591, 0.12099618526],
      [0.36585215127, 0.13655802053, 0.037768933272, 0.40350736832, 0.0016542066461, 0.041670722004, 0.012988597962],
      [0.087112919023, 0.78430121013, 0.0091433542702, 0.03012586396, 0.00597874275, 0.061873028383, 0.021464881481],
      [0.15946675439, 0.42824758258, 0.034700606171, 0.058260809687, 0.0047377545598, 0.16071321057, 0.15387328203]
    ],
    [
      [0.034447498021, 0.36124792187, 0.0055131161639, 1.7076466691e-06, 0.00037414596172, 0.19801903534, 0.400396575],
      [0.018470347935, 0.5378201221, 0.00064299059603, 0.0025731582543, 9.4429813899e-05, 0.23652085728, 0.20387809403],
      [0.045525394063, 0.36014632981, 0.0070476312385, 0.000810276882, 8.3968302082e-16, 0.52506318832, 0.061407179683],
      [0, 0.74780355827, 0, 0, 0, 0.19697390566, 0.055222536066],
      [0, 0.81681309612, 0, 0, 0, 0.12020173962, 0.062985164262],
      [0.027233978898, 0.46512045632, 0.0069801045889, 0.0030700753188, 0.00019484159161, 0.25538309562, 0.24201744766]
    ],
    [
      [0.42225962356, 0.16789837573, 0.018538538675, 9.1877860633e-06, 0.047136932564, 0.12015108647, 0.22400625521],
      [0.25298277992, 0.29323891316, 0.001997429308, 0.017832204978, 0.10299825536, 0.16595325483, 0.16499716244],
      [0.11017053834, 0.023013862134, 0.016702361073, 0.00074435384021, 0.53383762711, 0.226713307, 0.088817950492],
      [0.70813388942, 0.088244324355, 0.023206455418, 0.11156763084, 0.0055196303514, 0.045716478091, 0.017611591529],
      [0.16979927953, 0.63139100653, 0.0040397744829, 0.015995335558, 0.01783088429, 0.10690972933, 0.054033990272],
      [0.35688520102, 0.24253909726, 0.026709694096, 0.020622540207, 0.0093604831238, 0.16763359858, 0.17624938572]
    ],
    [
      [0.15388462298, 0.21100226847, 0.034165056148, 0.00019010316366, 0.032401394522, 0.19347306905, 0.37488348567],
      [0.083201900063, 0.32875167478, 0.0036454952486, 0.04202253788, 0.060638601069, 0.23811375749, 0.24362603346],
      [0.045123721254, 0.029767416293, 0.034492002502, 0.0021486176754, 0.31573852212, 0.4098779031, 0.16285181706],
      [0.31947750306, 0.10089454414, 0.057999012858, 0.42028221194, 0.0022338145819, 0.072864401492, 0.026248511939],
      [0.085883820656, 0.64983039914, 0.024486687151, 0.033091388366, 0.0095424458416, 0.12830815675, 0.06885710209],
      [0.12010736815, 0.27282371285, 0.045599568166, 0.049207307047, 0.0056705310453, 0.24288079491, 0.26371071783]
    ],
    [
      [0.32109446228, 0.21678278612, 0.033856628002, 0.00014213279896, 0.069534533971, 0.16272792318, 0.19586153365],
      [0.17191899591, 0.34147801184, 0.0044316055046, 0.013899650379, 0.13428944223, 0.2035257346, 0.13045655953],
      [0.069624208166, 0.025650345391, 0.026783361163, 0.00072411235299, 0.54449549961, 0.26563921378, 0.067083259536],
      [0.66079087149, 0.099658311267, 0.055211865463, 0.10714573835, 0.0044896585126, 0.059150951611, 0.013552603306],
      [0.13168038804, 0.66958951266, 0.025150855698, 0.012156730035, 0.017804853192, 0.11561815259, 0.027999507788],
      [0.26395601974, 0.29547841603, 0.048026002866, 0.016649738901, 0.012769033728, 0.21569391997, 0.14742686877]
    ],
    [
      [0.52498429235, 0.15232945233, 0.0071552270737, 2.8607504653e-06, 0.01630847583, 0.087821337241, 0.21139835443],
      [0.34285636171, 0.30431750537, 0, 0, 0.039664205959, 0.13966018141, 0.17350174555],
      [0.21452011539, 0.039837848429, 0, 0, 0.30579447598, 0.29979548641, 0.14005207379],
      [0.90864976798, 0.054833500689, 0, 0, 0.0015849851838, 0.023838365822, 0.011093380327],
      [0.18378349465, 0.64609749152, 0, 0, 0.014399036321, 0.092211338089, 0.063508639426],
      [0.45877988096, 0.22530388942, 0.010845626697, 0.0064080252097, 0.0032680022389, 0.12698883312, 0.16840574235]
    ],
    [
      [0.044723748411, 0.26973278702, 0.045111236192, 0.00041464645259, 0.37382241191, 0.06573419135, 0.20046097866],
      [0.01620597947, 0.27488182884, 0.003386087593, 0.020308745551, 0.54645175894, 0.053455882057, 0.085309717549],
      [0.0009834684639, 0.0027860512532, 0.0031027168237, 0.00010440956594, 0.977808424, 0.0092236795552, 0.0059912503353],
      [0.10620284691, 0.23966930777, 0.12305323515, 0.44617919695, 0.025541509468, 0.036615224607, 0.022738679135],
      [0, 0.84310912447, 0.036801065149, 0.027627720382, 0.022112724109, 0.028557249942, 0.041792115949],
      [0.048307166274, 0.45466843659, 0.079451995386, 0.047319108684, 0.073529867609, 0.1103866236, 0.18633680185]
    ],
    [
      [0, 0.18824164354, 0, 0.0004174308919, 0.027215655623, 0.11991881892, 0.66420645103],
      [0, 0.27750890387, 0, 0.031417859849, 0.055663308444, 0.16280357325, 0.47260635459],
      [0, 0.048303704304, 0, 0.002208159941, 0.30653493596, 0.30577873922, 0.33717446058],
      [0, 0.278658107, 0, 0.55239252938, 0.0040910638139, 0.085200769511, 0.079657530296],
      [0, 0.69772573187, 0, 0.033469855333, 0.017861081814, 0.13577782402, 0.11516550696],
      [0, 0.25960846524, 0, 0.037352281867, 0.005620827028, 0.16955146912, 0.52786695675]
    ],
    [
      [0.016347775791, 0.049558063483, 0.0060106802378, 2.2310389991e-07, 0.097861389973, 0.48454023422, 0.3456816332],
      [0.0086025146801, 0.068771209033, 0.00063005233919, 0.00022501142231, 0.17340113095, 0.55928225377, 0.18908782781],
      [0, 0.050268565179, 0, 0, 0.48283365648, 0.38054400377, 0.086353774572],
      [0, 1, 0, 0, 0, 0, 0],
      [0, 0.39469000085, 0, 0, 0.066594189251, 0.41084066031, 0.1278751496],
      [0, 0.095910036141, 0, 0, 0.020816701365, 0.63862603087, 0.24464723163]
    ],
    [
      [0.1280324985, 0.24328793638, 0.021764892291, 0, 0.09885513681, 0.252924392, 0.25513514402],
      [0.059245895871, 0.31798360513, 0.0017904821047, 0.059628964763, 0.15717766845, 0.26174152001, 0.14243186367],
      [0.023228391139, 0.022219669552, 0.013161255985, 0.0017111529267, 0.55252167768, 0.31828711309, 0.068870739631],
      [0.22989636097, 0.10430727773, 0.032103552505, 0.52684149207, 0.005824440135, 0.084690350063, 0.016336526523],
      [0.065496119811, 0.6903547745, 0.0030016902905, 0.034374455415, 0.018599292776, 0.14829154228, 0.039882124923],
      [0.096665061253, 0.30114471635, 0.027854445512, 0.078919094112, 0.016432331272, 0.30395437886, 0.17502997264]
    ],
    [
      [0.059636174704, 0.16262233266, 0, 8.8433219637e-05, 0.10857731215, 0.16342425906, 0.50565148821],
      [0.026508474756, 0.24432855681, 0, 0.014546469646, 0.19984042298, 0.19473153335, 0.32004454246],
      [0.013182888974, 0.017057175428, 0, 0.00083006778159, 0.63210207508, 0.20524302672, 0.13158476602],
      [0.27559359223, 0.18064668151, 0, 0.30226192973, 0.016295089333, 0.14336744286, 0.081835264329],
      [0.016357403229, 0.68711719918, 0, 0.018514349091, 0.024106487678, 0.14698922679, 0.10691533403],
      [0.061260873845, 0.24339717087, 0, 0.020234790066, 0.021535399987, 0.23784285249, 0.41572891275]
    ],
    [
      [0.11762219459, 0.33630466127, 0.11451342815, 0.00014776568187, 0.060543038863, 0.15039922436, 0.22046968709],
      [0.060293731473, 0.49153415907, 0.011345170657, 0.018572718894, 0.10756936615, 0.17389055572, 0.13679429803],
      [0.028744774792, 0.041091777666, 0.095537983505, 0.001020727347, 0.49137212647, 0.26173627489, 0.080496335336],
      [0.28470267711, 0.18876945846, 0.2356762344, 0.2006300083, 0.0049028734768, 0.06703662843, 0.018282119819],
      [0.046515380572, 0.78737729215, 0.041543492011, 0.013319137437, 0.013043249792, 0.077991270029, 0.020210178014],
      [0.08691729523, 0.40970234692, 0.14607644077, 0.021766844977, 0.010003187428, 0.17775498771, 0.14777889696]
    ],
    [
      [0.12676947853, 0.25907295377, 0, 0.00033923989789, 0.097242162872, 0.29157911583, 0.2249970491],
      [0.052058426368, 0.34125147626, 0, 0.022875157031, 0.15658712614, 0.30343197473, 0.12379583947],
      [0.02596407301, 0.02233773936, 0, 0.0018269350502, 0.54814065016, 0.34704185569, 0.054688746732],
      [0.3372530536, 0.16064821993, 0, 0.33195365221, 0.0083814253152, 0.14123775465, 0.020525894293],
      [0.052609303397, 0.71340172693, 0, 0.024191320985, 0.020658071748, 0.1609077841, 0.028231792842],
      [0.086368076124, 0.32935980977, 0.019622869801, 0.029820046648, 0.016374202269, 0.36140716173, 0.15704783365]
    ],
    [
      [0.070811605186, 0.26052231688, 0.032737944572, 0.0001599122094, 0.1085070003, 0.22663428451, 0.30062693634],
      [0.032130815711, 0.35103019344, 0.0032822388036, 0.021366012246, 0.17875324714, 0.241429291, 0.17200820166],
      [0.011649351635, 0.021865251035, 0.01869655458, 0.00074864907833, 0.6040547481, 0.2675270967, 0.075458348874],
      [0.22287354679, 0.19057568623, 0.086016497767, 0.32460383692, 0.010959031929, 0.13164161713, 0.03332978323],
      [0.017614447218, 0.73784396139, 0.018671142257, 0.019291789495, 0.018353522219, 0.13660627939, 0.051618858033],
      [0.056817004773, 0.34232602474, 0.044759101613, 0.028824818665, 0.018965408392, 0.28991341007, 0.21839423175]
    ],
    [
      [0.097908684959, 0.334671714, 0.046627757995, 3.4205911011e-05, 0.044305209525, 0.1779134281, 0.29853899952],
      [0.048448395212, 0.47131385661, 0.0046237969359, 0.023303725264, 0.075820492116, 0.19834980345, 0.17813993041],
      [0.027125875499, 0.046100488864, 0.044516260063, 0.0012405476461, 0.40552475572, 0.35111949454, 0.12437257767],
      [0.26551497898, 0.21184212182, 0.10650611034, 0.29398908853, 0.0040162724085, 0.089701098752, 0.028430329166],
      [0.03057789944, 0.78761148345, 0.02320371961, 0.016523616241, 0.0089424203748, 0.093240850579, 0.039900010305],
      [0.073402639957, 0.41352916273, 0.060050185131, 0.028654119706, 0.0073899204406, 0.21370479027, 0.20326918176]
    ],
    [
      [0.1217203112, 0.29552478623, 0.029217887052, 1.1241378201e-05, 0.071383122195, 0.17318836782, 0.30895428412],
      [0.060520630063, 0.41672095054, 0.002892747118, 0.017633230997, 0.12338038732, 0.19332915738, 0.18552289658],
      [0.027393207857, 0.032831020214, 0.022358512077, 0.00070929751239, 0.5406235897, 0.27236205324, 0.1037223194],
      [0.35697583833, 0.20312173863, 0.071626968041, 0.23427366573, 0.0068583486678, 0.094878885573, 0.032264555028],
      [0.053102926882, 0.7628355513, 0.011922380487, 0.011726871391, 0.014610745662, 0.099038250751, 0.046763273532],
      [0.09661082838, 0.38550418988, 0.039623470466, 0.022819779559, 0.012471232131, 0.21971238055, 0.22325811903]
    ],
    [
      [0.065991129995, 0.12392336471, 0.1321147639, 0.00077966322258, 0.034327497051, 0.083642413743, 0.55922116738],
      [0.04549183077, 0.23992361676, 0.01818116491, 0.021308720653, 0.083200453143, 0.1297386006, 0.46215561316],
      [0.020305210835, 0.019842773789, 0.13831063975, 0.0013408413467, 0.39586139936, 0.17854121411, 0.24579792081],
      [0.2065691507, 0.091797060664, 0.36203500085, 0.23056123314, 0.0042406750143, 0.048936288529, 0.055860591104],
      [0.061756165824, 0.61449059883, 0.051448339063, 0.031427496904, 0.019676179214, 0.097763902812, 0.12343731735],
      [0.057900597781, 0.17905385148, 0.18929941323, 0.023937081982, 0.0080606195125, 0.11613498445, 0.42561345157]
    ],
    [
      [0.27383537597, 0.27791743034, 0.079058646984, 1.2912642056e-06, 0.0085442931664, 0.18022562758, 0.1804173347],
      [0.16221873052, 0.45041919708, 0.016663825023, 0, 0, 0.24180999109, 0.12888825629],
      [0.17895055471, 0.040864081777, 0.11307719482, 0, 0, 0.56038805149, 0.10672011721],
      [0.68360562166, 0.10961892453, 0.14044684458, 4.4306196842e-05, 0.0005134987388, 0.055309463338, 0.010461340958],
      [0.10504024536, 0.68791038593, 0.06580492139, 0, 0, 0.10489035671, 0.03635409061],
      [0.19721491911, 0.34844079584, 0.1093767354, 0.0020081496872, 0.0015200569598, 0.22115212587, 0.12028721714]
    ],
    [
      [0.079137627687, 0.13458706527, 0.0063757671615, 1.3795114503e-06, 0.29403804372, 0.10428804266, 0.38157207399],
      [0.033346665594, 0.16326823394, 0.00057670105328, 0.0017076711948, 0.51512806571, 0.10199232899, 0.18398033351],
      [0.0034021649169, 0.0020145204952, 0, 0, 0.95981680351, 0.020561434311, 0.014205076769],
      [0.54159493754, 0.18030608504, 0.029927652698, 0.031065527484, 0.045017607248, 0.10769667802, 0.064391511973],
      [0.080781828102, 0.65842783062, 0, 0, 0.043617079302, 0.11693889953, 0.10023436244],
      [0.10799772596, 0.25527934267, 0, 0, 0.060395324172, 0.19311067085, 0.38321693635]
    ],
    [
