{
  "Z_true": {},
  "V_true": [
    [10, 489, 186, 541],
    [787, 148, 1605, 89],
    [321, 180, 10450, 288],
    [244, 11155, 1457, 568],
    [189, 593, 1540, 393],
    [67, 298, 438, 546]
  ],
  "p_true": [
    [0.0082, 0.3989, 0.1517, 0.4413],
    [0.2994, 0.0563, 0.6105, 0.0339],
    [0.0286, 0.016, 0.9298, 0.0256],
    [0.0182, 0.831, 0.1085, 0.0423],
    [0.0696, 0.2184, 0.5672, 0.1448],
    [0.0497, 0.2209, 0.3247, 0.4047]
  ],
  "Z_est": [
    [
      [0, 0.0254, 0.0037, 0.0035, 0.0034, 0.0014, 0.0014, 0.008, 0.0025, 0.0063, 0.0127, 0.0011, 0.0047, 0.0007, 0.0022, 0.0031, 0.0058, 0.0007, 0.0007, 0.0081, 0.0039, 0.0064, 0.0068, 0.0027, 0.0062, 0.0085, 0.006, 0.0065, 0.003, 0.0053, 0.0004, 0.0324, 0.0083, 0.0236, 0.0035],
      [0, 0.4533, 1.6191, 2.0354, 1.9152, 0.5644, 0.3777, 11.8266, 1.9019, 3.636, 12.629, 0.6384, 2.6646, 0.4626, 0.9992, 0.9252, 2.6553, 0.185, 0.4163, 3.0439, 2.6276, 2.9421, 2.9884, 2.0725, 6.2266, 4.1264, 3.5343, 4.2467, 1.7579, 2.1666, 0.2035, 25.7761, 2.7293, 7.7439, 1.3786],
      [0, 10.5129, 14.3308, 16.9214, 22.0309, 13.4131, 0.6108, 62.0567, 12.0703, 44.2742, 67.2218, 7.3319, 34.2624, 5.5282, 23.9674, 9.0464, 28.2841, 3.81, 2.5728, 24.9067, 31.3332, 30.0186, 32.9762, 22.8844, 51.6931, 36.7825, 45.383, 33.6853, 25.2113, 33.7725, 0.7894, 264.7684, 26.1865, 56.0277, 9.6036],
      [0, 0.0084, 0.0464, 0.0396, 0.0506, 0.0211, 0.0101, 0.1087, 0.0253, 0.0834, 0.1365, 0.0287, 0.0683, 0.0084, 0.0312, 0.0253, 0.0548, 0.0042, 0.0101, 0.0413, 0.0354, 0.0329, 0.0287, 0.0405, 0.0742, 0.0826, 0.0767, 0.0615, 0.0278, 0.0556, 0.0067, 0.4231, 0.0759, 0.2048, 0.0143]
    ],
    [
      [3.0482, 5.3313, 16.9925, 16.5151, 13.8166, 6.185, 5.816, 35.8006, 10.424, 26.4325, 51.5048, 5.3459, 20.6238, 3.6459, 10.3229, 13.4622, 26.0927, 3.4, 3.6817, 35.7933, 21.0439, 36.7565, 37.9645, 16.3202, 35.5412, 36.0174, 30.8748, 32.4445, 14.5765, 26.6139, 1.0245, 152.1518, 37.2546, 98.3225, 17.3761],
      [0.04, 0.1088, 0.3885, 0.4884, 0.4596, 0.1354, 0.0955, 0, 0, 0.8725, 0, 0.1532, 0.6394, 0.111, 0.2398, 0.222, 0.6372, 0.0444, 0.0999, 3.9799, 0.6305, 0.706, 0.7171, 0.4973, 1.4942, 0.9902, 0.8481, 1.0191, 0.4218, 4.3909, 0, 6.1855, 0.655, 1.8583, 2.2663],
      [5.8201, 5.5515, 29.5726, 31.9568, 15.6732, 8.6585, 6.0784, 61.0906, 12.5507, 34.6115, 58.3586, 11.4722, 31.6685, 7.5644, 20.4062, 19.2904, 44.2153, 6.5514, 7.2083, 54.1855, 55.2901, 105.5046, 105.2897, 51.142, 101.8904, 49.9097, 72.2004, 71.4749, 29.9739, 55.9396, 0.9755, 290.2395, 62.0145, 125.6143, 36.3433],
      [0.0918, 0.0084, 0.0464, 0.0396, 0.0506, 0.0211, 0.0101, 0.1088, 0.0253, 0.0835, 0.1366, 0.0287, 0.0683, 0.6787, 0.0312, 0.0253, 0.0548, 0.0042, 0.0101, 0.0413, 0.0354, 0.0329, 0.0287, 0.0405, 0.0742, 0.0826, 0.0767, 0.0615, 0.0278, 0.0556, 0, 0.4233, 0.0759, 0.2049, 0.0143]
    ],
    [
      [1.881, 4.8427, 8.4486, 7.0881, 7.8192, 4.1238, 4.3333, 18.8184, 7.1367, 15.3437, 34.0117, 0.5238, 10.8314, 1.8366, 4.1785, 9.7479, 16.4509, 2.0149, 2.1311, 20.087, 7.1702, 8.8768, 11.1178, 0.5827, 8.6852, 18.0892, 14.0693, 12.0522, 7.1029, 9.7849, 1.0073, 83.3237, 20.1204, 72.2397, 3.1178],
      [1.8593, 3.0626, 12.8015, 5.1019, 0.1159, 2.0103, 1.3736, 18.4188, 3.3062, 2.1469, 22.1716, 0.1528, 9.8112, 2.4974, 5.0463, 3.8601, 15.1742, 0.578, 1.0506, 4.4831, 4.1465, 5.0666, 6.3085, 4.1579, 10.7847, 10.2296, 8.369, 6.9027, 4.0263, 7.0964, 0.2166, 64.0992, 0.1651, 6.6186, 6.6354],
      [16.7056, 102.6573, 118.9295, 176.3118, 208.3672, 115.5153, 80.5001, 346.7627, 96.0756, 391.9829, 411.4536, 100.1751, 348.6164, 32.8053, 208.854, 262.2321, 340.0902, 18.8184, 39.0494, 143.1801, 138.3592, 173.9636, 229.9125, 144.9826, 377.6429, 348.4111, 282.1606, 229.6123, 138.4753, 252.0926, 23.1907, 1855.9568, 276.1387, 765.4802, 54.8219],
      [0.5541, 7.4373, 39.8205, 32.4982, 41.6978, 19.3506, 7.793, 77.0001, 19.4814, 69.5265, 95.3631, 25.1482, 58.7411, 7.8607, 26.9211, 22.1599, 47.2847, 3.5887, 10.7688, 31.2499, 27.3242, 29.0929, 24.6613, 29.2767, 64.8872, 66.2701, 57.4011, 46.4328, 24.3955, 46.0261, 5.5855, 349.6203, 66.5757, 176.6615, 11.4249]
    ],
    [
      [0.0708, 0.1954, 0.6767, 0.0041, 0.9981, 0.2451, 0.1791, 3.8777, 1.8666, 1.7398, 5.6453, 0.2983, 1.21, 0.2453, 0.4274, 0.4079, 1.137, 0.0875, 0.1865, 6.2954, 0.0045, 2.3508, 2.1603, 0.0031, 0.0072, 6.2546, 0.007, 3.6717, 0.2889, 0.0062, 0.0994, 0.0376, 4.831, 3.6986, 6.4954],
      [15.8692, 43.7318, 152.1602, 207.0574, 195.8951, 54.7082, 39.3322, 852.7662, 196.891, 374.1734, 1300.956, 64.7473, 265.6112, 45.8248, 96.0664, 90.3816, 255.4437, 18.8383, 41.1616, 306.1935, 269.2057, 301.1185, 302.3825, 210.29, 634.3054, 419.6518, 356.8245, 433.8845, 178.681, 515.9584, 21.212, 2595.22, 280.4911, 794.4522, 136.9723],
      [0.7236, 2.1429, 6.9382, 24.2258, 39.3389, 2.8794, 2.6381, 17.4992, 4.551, 35.7776, 25.6792, 5.53, 19.4019, 0, 4.4685, 5.2717, 11.9985, 1.6588, 2.7617, 9.2487, 32.2045, 50.5307, 48.4573, 34.9645, 100.2199, 73.1896, 46.0389, 43.6971, 28.5873, 53.5511, 2.2138, 196.3975, 29.3272, 74.2414, 3.6408],
      [0.3363, 0.9298, 3.2248, 2.7127, 4.7679, 1.1673, 0.8507, 29.8569, 5.6914, 8.3093, 32.7194, 1.4244, 5.7769, 0.9298, 2.0378, 1.9388, 5.4208, 0.4155, 0.8903, 7.2624, 5.5854, 0, 0, 6.7424, 4.4675, 9.904, 18.1296, 11.7467, 1.4428, 2.4843, 0.4748, 56.3449, 6.3507, 17.6078, 1.8916]
    ],
    [
      [0, 0, 0, 0, 0, 0, 0, 0, 0, 0, 0, 0, 0, 0, 0, 0, 0, 0, 0, 0, 0, 0, 0, 0, 0, 0, 0, 0, 0, 0, 0, 0, 0, 0, 0],
      [0.2315, 1.6434, 8.0306, 5.3168, 8.6143, 3.5816, 1.8211, 12.9884, 4.9008, 12.1711, 29.2434, 3.3083, 9.2736, 1.1041, 5.6483, 4.611, 13.0895, 0.3543, 2.2716, 11.2996, 7.3897, 8.1667, 10.6035, 6.9823, 20.189, 11.002, 12.4241, 12.947, 5.1131, 15.3878, 0.3679, 94.7192, 10.9595, 26.3269, 1.7475],
      [0.7507, 10.1428, 41.0786, 29.0597, 56.2099, 24.9017, 11.9295, 85.2302, 26.5291, 73.279, 118.0844, 22.2285, 56.5328, 5.7712, 38.55, 30.7476, 87.0934, 1.6101, 15.4078, 70.2218, 41.7195, 45.8534, 65.0247, 42.127, 120.2635, 60.6975, 75.9726, 75.4497, 29.2634, 89.706, 1.5965, 586.9174, 69.5797, 159.3061, 13.9675],
      [0.0178, 0.2138, 0.8907, 0.6235, 1.1758, 0.5166, 0.2494, 1.7815, 0.5701, 1.5499, 2.6722, 0.4632, 1.1936, 0.1247, 0.8017, 0.6413, 1.8171, 0.0356, 0.3207, 1.4786, 0.8907, 0.9798, 1.3717, 0.8907, 2.5475, 1.3005, 1.6033, 1.6033, 0.6235, 1.9062, 0.0356, 12.3634, 1.4608, 3.367, 0.285]
    ],
    [
      [0, 0.6052, 4.8784, 5.3892, 5.3627, 1.4448, 1.6702, 7.4953, 1.5701, 8.4777, 13.8254, 2.8309, 6.3301, 0.2715, 3.069, 2.3788, 4.3136, 0.4969, 0, 4.8162, 3.7776, 5.0095, 4.7507, 5.0913, 6.7603, 9.6303, 5.0429, 5.8251, 3.0287, 7.5897, 0.8685, 32.4545, 6.7856, 20.7156, 2.0072],
      [0, 0, 0, 0, 0, 0, 0, 0, 0, 0, 0, 0, 0, 0, 0, 0, 0, 0, 0, 0, 0, 0, 0, 0, 0, 0, 0, 0, 0, 0, 0, 0, 0, 0, 0],
      [0, 0.9927, 20.1503, 24.5244, 23.3799, 4.6319, 7.2432, 23.3606, 3.2233, 35.0748, 53.2023, 13.2622, 25.5181, 0.3309, 12.7539, 7.4118, 12.3186, 1.5513, 0, 13.2572, 14.0935, 18.129, 16.3396, 23.8994, 25.2902, 39.0095, 14.2445, 20.0808, 11.4888, 33.9382, 4.2342, 109.7204, 21.7533, 72.3303, 5.6229],
      [0, 1.4022, 10.9713, 11.0864, 12.2574, 3.9233, 3.0866, 20.1441, 4.2066, 19.4475, 30.9722, 6.9068, 15.1518, 0.3977, 7.1771, 5.2094, 10.3678, 0.9518, 0, 8.9266, 8.1289, 8.8615, 7.9097, 11.0093, 15.9495, 20.3602, 13.7126, 13.0941, 6.4825, 15.4721, 1.8973, 82.8251, 15.4611, 44.954, 3.3699]
    ]
  ],
  "V_est": [
    [0.2189, 119.4697, 1104.2684, 2.043],
    [908.5179, 31.3961, 1686.287, 2.799],
    [458.9894, 259.8455, 8850.2837, 1669.8814],
    [55.7101, 12068.4591, 1039.9952, 259.8357],
    [0, 383.8296, 2282.8036, 48.3667],
    [194.5637, 0, 712.3621, 442.0742]
  ],
  "p_est": [
    [0.0002, 0.0974, 0.9007, 0.0017],
    [0.3456, 0.0119, 0.6414, 0.0011],
    [0.0408, 0.0231, 0.7875, 0.1486],
    [0.0042, 0.899, 0.0775, 0.0194],
    [0, 0.1414, 0.8408, 0.0178],
    [0.1442, 0, 0.5281, 0.3277]
  ],
  "EI_Z": {},
  "EI_V": 14.6675,
  "MAE_Z": {},
  "MAE_V": 398.2482,
  "MAE_p": 0.134,
  "runtime": 0.6151
}
