{
  "X": [
    [22, 63, 61, 76, 10],
    [53, 80, 134, 202, 20],
    [40, 134, 108, 201, 9],
    [35, 98, 111, 108, 5],
    [24, 69, 68, 118, 7],
    [46, 163, 135, 185, 9],
    [48, 34, 119, 150, 13],
    [50, 24, 147, 131, 15],
    [44, 58, 76, 151, 6],
    [57, 62, 108, 157, 10],
    [47, 61, 147, 175, 11],
    [47, 98, 126, 171, 9],
    [49, 68, 130, 169, 2],
    [50, 88, 159, 150, 9],
    [60, 78, 152, 162, 9],
    [62, 124, 141, 181, 13],
    [66, 33, 197, 137, 7],
    [67, 52, 172, 161, 2],
    [80, 64, 135, 143, 14],
    [58, 33, 122, 75, 4],
    [40, 132, 107, 111, 16],
    [15, 69, 88, 111, 6],
    [38, 46, 135, 177, 16],
    [35, 35, 173, 155, 8],
    [26, 26, 84, 64, 8],
    [29, 34, 106, 108, 9],
    [35, 35, 85, 107, 11],
    [47, 43, 133, 144, 7],
    [30, 19, 124, 98, 7],
    [26, 17, 102, 92, 7],
    [39, 74, 98, 131, 9],
    [49, 55, 128, 143, 14],
    [33, 55, 111, 159, 9],
    [54, 32, 173, 133, 20],
    [19, 33, 131, 79, 15],
    [27, 24, 113, 92, 9],
    [25, 71, 82, 134, 6],
    [25, 39, 78, 67, 10],
    [24, 46, 96, 45, 9],
    [38, 93, 96, 120, 6],
    [25, 64, 96, 132, 6],
    [43, 95, 156, 100, 9],
    [31, 106, 102, 131, 10],
    [35, 94, 112, 96, 5],
    [56, 148, 196, 140, 13],
    [18, 58, 84, 82, 3],
    [43, 84, 103, 155, 10],
    [35, 119, 134, 193, 6],
    [18, 44, 86, 82, 8],
    [30, 63, 103, 125, 12],
    [27, 44, 80, 106, 22],
    [32, 96, 71, 159, 6],
    [52, 40, 113, 137, 11],
    [67, 39, 118, 147, 6],
    [14, 69, 50, 92, 7],
    [38, 89, 97, 162, 7],
    [27, 104, 73, 191, 11],
    [67, 70, 135, 124, 10],
    [88, 46, 145, 105, 7],
    [78, 39, 121, 124, 23],
    [67, 61, 121, 132, 12],
    [75, 27, 96, 114, 12],
    [104, 46, 166, 165, 14],
    [78, 26, 146, 129, 7],
    [70, 71, 144, 184, 11],
    [79, 25, 146, 80, 9],
    [79, 17, 123, 45, 9],
    [78, 28, 135, 107, 7],
    [68, 35, 104, 94, 18],
    [58, 25, 123, 90, 6],
    [79, 13, 172, 66, 15],
    [73, 18, 204, 79, 16],
    [86, 18, 151, 65, 17],
    [33, 38, 62, 84, 11],
    [61, 26, 55, 75, 11],
    [98, 75, 190, 185, 13],
    [350, 1072, 954, 1106, 48]
  ],
  "W": [
    [32, 21, 69, 36, 62, 12],
    [42, 74, 86, 127, 130, 30],
    [28, 51, 130, 146, 115, 22],
    [29, 43, 98, 63, 104, 20],
    [16, 38, 69, 70, 73, 20],
    [34, 53, 161, 114, 139, 37],
    [27, 51, 42, 112, 101, 31],
    [24, 59, 22, 96, 127, 39],
    [24, 53, 64, 93, 80, 21],
    [20, 63, 60, 97, 116, 38],
    [37, 68, 59, 112, 130, 35],
    [21, 59, 100, 121, 120, 30],
    [26, 61, 72, 110, 108, 41],
    [26, 68, 94, 106, 140, 22],
    [23, 82, 78, 107, 136, 35],
    [33, 69, 123, 118, 149, 29],
    [18, 81, 37, 113, 164, 27],
    [21, 67, 62, 123, 146, 35],
    [14, 76, 68, 116, 126, 36],
    [10, 54, 43, 56, 107, 22],
    [15, 56, 134, 82, 92, 27],
    [19, 20, 71, 71, 99, 9],
    [36, 47, 61, 107, 123, 38],
    [14, 46, 47, 126, 148, 25],
    [8, 34, 28, 50, 70, 18],
    [9, 47, 41, 86, 74, 29],
    [19, 39, 33, 82, 67, 33],
    [17, 60, 45, 114, 101, 37],
    [4, 43, 21, 77, 105, 28],
    [5, 40, 21, 74, 79, 25],
    [12, 46, 71, 94, 105, 23],
    [20, 53, 59, 116, 111, 30],
    [18, 45, 57, 124, 94, 29],
    [6, 84, 32, 96, 149, 45],
    [7, 38, 33, 58, 115, 26],
    [9, 39, 27, 72, 94, 24],
    [26, 27, 63, 94, 84, 24],
    [4, 26, 39, 62, 62, 26],
    [9, 35, 44, 39, 76, 17],
    [19, 64, 84, 86, 77, 23],
    [21, 39, 62, 77, 91, 33],
    [14, 59, 89, 81, 121, 39],
    [8, 52, 91, 102, 96, 31],
    [9, 43, 84, 77, 102, 27],
    [17, 68, 134, 123, 159, 52],
    [16, 34, 57, 50, 77, 11],
    [20, 62, 81, 102, 94, 36],
    [35, 55, 120, 110, 129, 38],
    [15, 23, 42, 59, 78, 21],
    [9, 38, 69, 96, 89, 32],
    [24, 45, 40, 77, 70, 23],
    [17, 44, 93, 102, 78, 30],
    [12, 63, 41, 92, 101, 44],
    [16, 87, 33, 98, 109, 34],
    [20, 19, 79, 56, 45, 13],
    [29, 40, 93, 111, 99, 21],
    [19, 33, 112, 146, 69, 27],
    [18, 83, 66, 70, 135, 34],
    [12, 91, 49, 73, 140, 26],
    [27, 90, 37, 90, 101, 40],
    [27, 83, 61, 76, 111, 35],
    [15, 83, 26, 85, 93, 22],
    [18, 121, 50, 130, 147, 29],
    [16, 91, 24, 90, 139, 26],
    [19, 103, 69, 135, 126, 28],
    [9, 92, 24, 61, 129, 24],
    [5, 81, 9, 40, 117, 21],
    [13, 91, 25, 72, 123, 31],
    [11, 81, 36, 66, 95, 30],
    [9, 65, 28, 67, 110, 23],
    [10, 93, 10, 46, 155, 31],
    [2, 91, 14, 58, 194, 31],
    [4, 93, 12, 51, 137, 40],
    [15, 38, 44, 65, 56, 10],
    [12, 61, 27, 54, 54, 20],
    [28, 126, 72, 132, 169, 34],
    [137, 435, 1056, 807, 838, 257]
  ],
  "method": "mult",
  "cond_prob": [
    [
      [7.20117941e-05, 0.0051958163749, 0.0022866842387, 0.90523796829, 0.087207519305],
      [0.72650821815, 0.00277777897, 0.15618773618, 0.033086237032, 0.081440029672],
      [0.038587758488, 0.89109903324, 0.0065850914589, 0.056372470511, 0.0073556463069],
      [0.0028899200958, 0.0089738814438, 0.026026507106, 0.94062059233, 0.021489099023],
      [0.057473764631, 0.0081125231583, 0.81102843555, 0.091116123493, 0.032269153165],
      [0.034254764602, 0.038627588048, 0.49764958949, 0.24469438262, 0.18477367524]
    ],
    [
      [4.9431616126e-05, 0.0048164005984, 0.0020799232165, 0.92487057363, 0.068183670936],
      [0.66711763562, 0.0035409537639, 0.19502672175, 0.046802990686, 0.087511698182],
      [4.8807445655e-07, 0.91102710798, 0.0010156233039, 0.086578868212, 0.0013779124306],
      [0.0019603988436, 0, 0.023391592023, 0.95797757679, 0.016670432339],
      [0.020025388816, 0, 0.78064142098, 0.17115138105, 0.028181809154],
      [0.025963522086, 0.039578310339, 0.49797350992, 0.27778000469, 0.15870465297]
    ],
    [
      [5.4927465524e-05, 0.0057119626801, 0.0020597511744, 0.95104801673, 0.041125341949],
      [0.71405034338, 0.0040255230488, 0.18518226191, 0.046138306683, 0.050603564985],
      [0, 0.94309611062, 0, 0.056903868467, 2.091029597e-08],
      [0, 0.0095419983852, 0, 0.98306795927, 0.0073900423434],
      [0.025340701594, 0.074375555958, 0.75721224836, 0.12593243094, 0.017139063154],
      [0.030350628885, 0.049361285865, 0.5190283204, 0.30045215358, 0.10080761127]
    ],
    [
      [6.0896987272e-05, 0.005964289209, 0.0025738059874, 0.96167870331, 0.029722304508],
      [0.71358105922, 0.0037773826768, 0.20799315738, 0.041778384887, 0.032870015834],
      [4.9120542247e-07, 0.94491562709, 0.0010267060991, 0.054057161157, 1.4450961348e-08],
      [0.0023304004087, 0.0098233063598, 0.027931641373, 0.95291365645, 0.0070009954085],
      [0.034241068165, 0.03380112941, 0.85028520329, 0.072351624323, 0.0093209748064],
      [0.030315699388, 0.046434547194, 0.58458410561, 0.27295579873, 0.06570984908]
    ],
    [
      [3.9734611699e-05, 0.0048543059802, 0.0017169036671, 0.95262679549, 0.040762260256],
      [0.61868601609, 0.004420768658, 0.19962718156, 0.11243663513, 0.064829398566],
      [0, 0.93442908591, 0.0008287510795, 0.064742139052, 2.3954949136e-08],
      [0, 0.0081443829444, 0.018981204734, 0.96310226774, 0.0097721445819],
      [0, 0.037996629043, 0.67588919798, 0.27284892556, 0.013265247416],
      [0.02446478174, 0.046743712054, 0.48304585167, 0.33415206177, 0.11159359277]
    ],
    [
      [5.9043051521e-05, 0.0056156095207, 0.002094927503, 0.95804869887, 0.034181721054],
      [0.73196573155, 0.0037782562844, 0.17975481634, 0.04435142378, 0.040149772045],
      [0, 0.94171284906, 0, 0.058287150942, 0],
      [0.0022785533602, 0.0093271841423, 0.022925750444, 0.95733780674, 0.0081307053187],
      [0.041228529329, 0.058453480384, 0.74224391325, 0.14606055298, 0.012013524066],
      [0.032791570392, 0.048776222415, 0.53017101911, 0.30412326067, 0.084137927414]
    ],
    [
      [7.0435763223e-05, 0.0044740052754, 0.002559638784, 0.93174357133, 0.061152348847],
      [0.72139411427, 0, 0.18128754879, 0.035564524817, 0.061753812119],
      [0.0163599538, 0.78217524165, 0.12276042345, 0.068099120745, 0.010605260353],
      [0.032119076841, 0, 0.028475245872, 0.92462700844, 0.014778668851],
      [0.058301715389, 0, 0.83364380905, 0.087096518564, 0.020957956996],
      [0.033357112465, 0.033156184132, 0.55296886219, 0.25206440056, 0.12845344065]
    ],
    [
      [6.4899483502e-05, 0.0056904529745, 0.0026410596474, 0.92736930902, 0.064234278876],
      [0.6973391694, 0.0033220516904, 0.19666109353, 0.037205435623, 0.065472249754],
      [5.3363571432e-07, 0.94569295766, 0.0010739547749, 0.053232522042, 3.1889375208e-08],
      [0.0025483180263, 0.0096178922071, 0.029407667846, 0.94288137188, 0.015544750044],
      [0.058626136965, 0.002667833595, 0.87301651305, 0.042141228367, 0.023548288026],
      [0.029878506481, 0.041026935691, 0.55419871217, 0.24380391523, 0.13109193042]
    ],
    [
      [5.5816408841e-05, 0.0045222484002, 0.001773587408, 0.96445073303, 0.029197614758],
      [0.74734810328, 0.0032819771971, 0.16429463753, 0.048074759492, 0.037000522494],
      [5.808832597e-07, 0.88747789919, 0.00091281216625, 0.11160868944, 1.8319606459e-08],
      [0, 0, 0, 0.99405592497, 0.005944075033],
      [0.045802111656, 0, 0.70837002785, 0.23205988631, 0.013767974191],
      [0.034524039201, 0.043758842809, 0.50103790031, 0.34048914778, 0.080190069897]
    ],
    [
      [6.0027863677e-05, 0.0051155031412, 0.0017572054607, 0.95587236175, 0.037194901783],
      [0.75417353129, 0.0034943395856, 0.15310834268, 0.044865538852, 0.044358247588],
      [5.5679779053e-07, 0.93730212581, 0.0008060667091, 0.061891229857, 2.0828710128e-08],
      [0.0023303875009, 0.0085476368998, 0.019345221135, 0.96087792708, 0.0088988273804],
      [0.067922100576, 0.023871813843, 0.67211351561, 0.22053215557, 0.015560414395],
      [0.036337429185, 0.048451784469, 0.484974001, 0.33041213296, 0.099824652389]
    ],
    [
      [5.0128574134e-05, 0.0055724113717, 0.0024099389281, 0.95139530952, 0.040572211609],
      [0.67216293005, 0.0040666949999, 0.22431247182, 0.047765994284, 0.051691908851],
      [4.289486061e-07, 0.94208400006, 0.0010198354341, 0.056895714591, 2.0967839717e-08],
      [0.0019385729816, 0.0092752196938, 0.026428581768, 0.95268529836, 0.0096723271952],
      [0.0013728455623, 0.017984269921, 0.83858371044, 0.1290694932, 0.01298968088],
      [0.025584302697, 0.044501423439, 0.56061515345, 0.27753289267, 0.09176622775]
    ],
    [
      [5.6410600364e-05, 0.0053698044772, 0.0022281230656, 0.95406610124, 0.038279560614],
      [0.71101506448, 0.0036769589086, 0.1946118071, 0.044932773818, 0.045763395695],
      [5.0270891871e-07, 0.93961077797, 0.00098197143861, 0.059406727291, 2.0589464294e-08],
      [0, 0.0089374351437, 0, 0.98297826015, 0.0080843047024],
      [0.034537305901, 0.010676055838, 0.81738458851, 0.12243383405, 0.0149682157],
      [0.030146653145, 0.044888646007, 0.54289216773, 0.29134919748, 0.090723335641]
    ],
    [
      [5.7988575701e-05, 0.0051235963478, 0.0023901101093, 0.98468528588, 0.0077430190917],
      [0.73171199154, 0.0035134202668, 0.20907181504, 0.046433006993, 0.0092697661662],
      [5.3716825987e-07, 0.91460573732, 0.0010949378575, 0.084298783325, 4.3310198293e-09],
      [0, 0, 0.014249060933, 0.98437468351, 0.0013762555523],
      [0.02834462021, 0, 0.84307976215, 0.12569820151, 0.0028774161325],
      [0.031775686696, 0.043923287116, 0.59721048486, 0.30828379981, 0.018806741526]
    ],
    [
      [5.5967378373e-05, 0.0054780094968, 0.0027200565119, 0.95107405058, 0.04067191603],
      [0.67780871765, 0.003610902982, 0.22867076518, 0.043102891107, 0.04680672308],
      [4.8920149648e-07, 0.92251544198, 0.019418969809, 0.058065077554, 2.1457480783e-08],
      [0.0021575322169, 0, 0.038824269851, 0.94935737383, 0.0096608241051],
      [0.022099441875, 0, 0.88916310496, 0.075519221812, 0.013218231355],
      [0.026585717507, 0.040708127469, 0.5889125472, 0.25810855092, 0.085685056908]
    ],
    [
      [5.3429044944e-05, 0.0054166569424, 0.0023376759901, 0.95971792398, 0.032474314045],
      [0.69684096103, 0.0038526954927, 0.21204771771, 0.046934623991, 0.04032400178],
      [4.7096300023e-07, 0.93989017427, 0.001019055846, 0.059090281632, 1.7289007635e-08],
      [0.0020549303053, 0.0089666808902, 0.025496121759, 0.95578245912, 0.0076998079241],
      [0.012143565786, 0.012676487231, 0.82413391386, 0.14026907823, 0.010776954895],
      [0.028182088657, 0.044703575664, 0.56195819805, 0.28924253853, 0.075913599108]
    ],
    [
      [6.3906220817e-05, 0.0055922677628, 0.0021033461212, 0.94325482172, 0.048985658175],
      [0.7345203216, 0.0034995051213, 0.16785040745, 0.040614072986, 0.053515692836],
      [5.4945295925e-07, 0.9424171458, 0.00089433991317, 0.056687939395, 2.5433800239e-08],
      [0.0024936850758, 0.0093919832685, 0.023274193175, 0.95305769909, 0.011782439389],
      [0.067305693678, 0.034825529066, 0.7489842625, 0.12924391509, 0.019640599667],
      [0.034245452565, 0.046876638617, 0.51358268093, 0.2889466021, 0.11634862579]
    ],
    [
      [6.8695509504e-05, 0.0053761932324, 0.0031698599064, 0.96026494756, 0.031120303794],
      [0.70386863361, 0, 0.22823763079, 0.036894352256, 0.03099938334],
      [6.0260961587e-07, 0.86238235233, 0.078780615555, 0.058836413018, 1.6485194439e-08],
      [0.0026164010231, 0, 0.043049233468, 0.94702834911, 0.0073060163944],
      [0.048033488598, 0, 0.93659666653, 0.0063929166347, 0.0089769282412],
      [0.030082830231, 0.036854869835, 0.63238499851, 0.24026664265, 0.060410658779]
    ],
    [
      [7.8745047925e-05, 0.0049933400909, 0.0028473398211, 0.98366215533, 0.0084184197073],
      [0.76257033586, 0, 0.19341648945, 0.035664516106, 0.0083486585823],
      [7.4572686515e-07, 0.81554267673, 0.11935984798, 0.065096724744, 4.8143300505e-09],
      [0.0029577263264, 0, 0.03840016919, 0.95669303211, 0.0019490723716],
      [0.097262471482, 0, 0.85443724507, 0.04564120858, 0.0026590748684],
      [0.038341898339, 0.038042682874, 0.63171234015, 0.27373473778, 0.018168340861]
    ],
    [
      [8.3700137569e-05, 0.0055239798829, 0.002404969797, 0.933553669, 0.058433681179],
      [0.7624963567, 0, 0.15226072718, 0.031860994849, 0.053381921272],
      [0.019924246489, 0.91781315302, 0.0010291820075, 0.056423090868, 0.0048103276181],
      [0.0125880133, 0, 0.026706443811, 0.94660157471, 0.014103968178],
      [0.14103548115, 0, 0.80204273524, 0.036030027854, 0.020891755757],
      [0.040654893322, 0.041982496568, 0.53247774052, 0.2590687964, 0.12581607319]
    ],
    [
      [9.0478159908e-05, 0.0048371009783, 0.0029460284459, 0.9656474012, 0.026478991215],
      [0.77186081646, 0, 0.17393401165, 0.030570693618, 0.023634478264],
      [0.033079342508, 0.74853010608, 0.1516909718, 0.065155707805, 0.0015438718073],
      [0.011355777323, 0, 0.031764379427, 0.95068353878, 0.0061963044729],
      [0.12472972801, 0, 0.84763444958, 0.019625659884, 0.0080101625239],
      [0.041554317019, 0.034765201317, 0.61725908842, 0.25239951445, 0.054021878789]
    ],
    [
      [5.5041817877e-05, 0.0058176725197, 0.0025155268563, 0.90585781652, 0.085753942287],
      [0.65313430217, 0.0037458914125, 0.20667889095, 0.040031591486, 0.096409323984],
      [0, 0.95333636353, 0.016030235047, 0.029568802275, 0.0010645991496],
      [0.0022014263126, 0.010014420588, 0.028532156569, 0.93813289084, 0.02111910569],
      [0.027880614367, 0.021888315983, 0.83430813589, 0.086026180692, 0.029896753069],
      [0.02511555451, 0.041517952652, 0.52385971731, 0.23580883154, 0.17369794399]
    ],
    [
      [4.3339570843e-05, 0.0051309480556, 0.0020937183092, 0.94438890852, 0.048343085548],
      [0.65939223052, 0.0041457983923, 0.21592189213, 0.052309294041, 0.068230784918],
      [4.0189291056e-07, 0.93804888335, 0.00096016690379, 0.06099052091, 2.6939422913e-08],
      [0.0016924957989, 0.008623569887, 0.023186663034, 0.95490439573, 0.011592875552],
      [0.014931514776, 0.012241085489, 0.78014283354, 0.17413983302, 0.018544733173],
      [0.023657359865, 0.043776041735, 0.52146845152, 0.29356025631, 0.11753789057]
    ],
    [
      [5.1983366855e-05, 0.0038090213021, 0.0021964498381, 0.93390173694, 0.060040808549],
      [0.67932975828, 0.0026961724034, 0.19830826753, 0.045467822586, 0.074197979196],
      [6.3507112464e-07, 0.73036333517, 0.0013270378684, 0.2587842534, 0.0095247384903],
      [0.0020473551436, 0, 0.025860005152, 0.9575191907, 0.014573449006],
      [0.039167756166, 0, 0.83625723838, 0.10081187694, 0.023763128509],
      [0.02718132135, 0.031157675921, 0.52349550131, 0.27900779163, 0.13915770979]
    ],
    [
      [5.3960833385e-05, 0.0041963861344, 0.002887010386, 0.9525566085, 0.040306034151],
      [0.66215432657, 0.0027892935644, 0.24473627912, 0.043542114657, 0.046777986079],
      [5.9937605685e-07, 0.72451735598, 0.19884687909, 0.073917975738, 0.0027171898158],
      [0.0020781138752, 0, 0.038484164502, 0.94987697485, 0.0095607467717],
      [0.02468358306, 0, 0.89370474853, 0.068909222745, 0.012702445666],
      [0.025004188564, 0.030425094364, 0.60954408752, 0.25216246198, 0.082864167565]
    ],
    [
      [5.9429454393e-05, 0.0053987944221, 0.002810838376, 0.92295851258, 0.068772425165],
      [0.66888800719, 0, 0.21708770791, 0.038107161522, 0.075917123374],
      [5.1626743368e-07, 0.90298687726, 0.038813173186, 0.055609652124, 0.0025897811643],
      [0.002338801089, 0, 0.040517309323, 0.94051568619, 0.0166282034],
      [0.038098279484, 0, 0.90352825675, 0.036590362338, 0.021783101424],
      [0.026305458108, 0.037398726745, 0.56871771866, 0.23202824862, 0.13554984787]
    ],
    [
      [4.6843353652e-05, 0.0046020594988, 0.0028920614411, 0.94006418346, 0.05239485225],
      [0.60392458116, 0, 0.27619424467, 0.052277754649, 0.067603419525],
      [4.7674850454e-07, 0.80519479215, 0.12813354165, 0.066671157314, 3.2141065869e-08],
      [0, 0, 0.041397231084, 0.94606862154, 0.012534147374],
      [0, 0, 0.90315664152, 0.080390531169, 0.016452827309],
      [0.021210467196, 0.032606723667, 0.5981245998, 0.24269136798, 0.10536684135]
    ],
    [
      [6.9859782714e-05, 0.0060215993161, 0.0025731744439, 0.92690302355, 0.064432342905],
      [0.71734041647, 0.0033331255536, 0.18184095894, 0.035207110995, 0.062278388041],
      [5.5008418311e-07, 0.94811825719, 0.0010020113209, 0.05087915082, 3.0586312717e-08],
      [0.030928045704, 0.017652965048, 0.049013386197, 0.88411735158, 0.018288251469],
      [0.050987242619, 0.0086076760158, 0.83282213727, 0.085710048044, 0.021872896051],
      [0.032428280789, 0.043740539459, 0.54569894084, 0.24535021812, 0.13278202079]
    ],
    [
      [6.1772538795e-05, 0.0054665646853, 0.0028342486204, 0.95959515462, 0.032042259536],
      [0.69929284093, 0, 0.22519852927, 0.040569466607, 0.03493916319],
      [5.3552586164e-07, 0.92047215159, 0.02142961016, 0.058097685958, 1.676731872e-08],
      [0, 0, 0.07397147946, 0.91847692747, 0.0075515930736],
      [0.039291664147, 0, 0.86722321284, 0.083285158935, 0.010199964081],
      [0.028997222526, 0.04015733997, 0.60684541635, 0.25730128982, 0.066698731334]
    ],
    [
      [4.9954304878e-05, 0.0046502393586, 0.0026420972697, 0.95159758072, 0.041060128346],
      [0.65877425975, 0, 0.24031292072, 0.049799160132, 0.051113659399],
      [4.9429038695e-07, 0.90387614488, 0.0012928891871, 0.094830447152, 2.4486211567e-08],
      [0.0019293091926, 0, 0.034832451039, 0.95347822922, 0.0097600105454],
      [0.0080232968045, 0, 0.89059170644, 0.088067632631, 0.013317364122],
      [0.024339059325, 0, 0.62266419431, 0.26413861874, 0.088858127624]
    ],
    [
      [4.7906516567e-05, 0.004239556558, 0.0027598512463, 0.94659000925, 0.046362676428],
      [0.63586902905, 0, 0.25337476515, 0.05252309789, 0.058233107911],
      [5.1642761142e-07, 0.8085143913, 0.1022191702, 0.089265891975, 3.0098853197e-08],
      [0, 0, 0.039253551488, 0.94969671179, 0.011049736721],
      [0, 0, 0.90066197908, 0.084267593625, 0.015070427297],
      [0.022599538418, 0, 0.62590193625, 0.25427382951, 0.097224695819]
    ],
    [
      [5.769406403e-05, 0.0055395392149, 0.0019861378607, 0.9441926447, 0.048223984165],
      [0.72324157615, 0.0037577982177, 0.1719041798, 0.043973545884, 0.057122899954],
      [4.9789130542e-07, 0.9423199794, 0.00084764877852, 0.056831848844, 2.5085563148e-08],
      [0.0022532772166, 0.0093117066478, 0.021997691362, 0.95484424499, 0.011593079785],
      [0.045547516848, 0.046432979687, 0.72746926272, 0.1617661949, 0.01878404584],
      [0.03199402134, 0.048051520952, 0.50244936687, 0.29874062571, 0.11876446513]
    ],
    [
      [7.1036905642e-05, 0.005442859224, 0.0026491711395, 0.92311818051, 0.068718752226],
      [0.71312451116, 0.0029636800458, 0.18402064676, 0.0345602573, 0.065330904737],
      [6.2242518989e-07, 0.90798295348, 0.02648880395, 0.056496206538, 0.0090314136104],
      [0.032469735708, 0, 0.063846843836, 0.88700548984, 0.016677930621],
      [0.058254116778, 0, 0.83535109664, 0.083582556715, 0.022812229868],
      [0.032341571434, 0.038769117266, 0.5500292418, 0.24007886503, 0.13878120447]
    ],
    [
      [5.2913465822e-05, 0.0053156299243, 0.0024931841339, 0.94676947085, 0.045368801627],
      [0.67652252164, 0.0036759002367, 0.21999901216, 0.045022043583, 0.054780522379],
      [4.7314431022e-07, 0.93934404492, 0.0011025153834, 0.059552942085, 2.4468929805e-08],
      [0, 0, 0.027422713799, 0.9620545783, 0.010522707898],
      [0.019088179497, 0, 0.86410683253, 0.10066560797, 0.016139379998],
      [0.026248904893, 0.041251468634, 0.56434017215, 0.26828637951, 0.099873074816]
    ],
    [
      [4.5517318434e-05, 0.0048792713755, 0.0023533583206, 0.92440220872, 0.068319644264],
      [0.63080945214, 0.0034674619733, 0.2269863655, 0.048521457634, 0.090215262753],
      [4.372768466e-07, 0.93692195708, 0.0011180791246, 0.061959486871, 3.9646174108e-08],
      [0, 0, 0.026397635594, 0.95694058251, 0.016661781899],
      [0, 0, 0.85582372108, 0.11945525964, 0.024721019284],
      [0.022482642743, 0.037732331986, 0.52958531464, 0.26066558043, 0.1495341302]
    ],
    [
      [3.4592762272e-05, 0.0054203602711, 0.0026525137988, 0.8997480253, 0.092144507871],
      [0.48947513538, 0.0044891107894, 0.32178931769, 0.050979121545, 0.13326731459],
      [3.0135917794e-07, 0.94437790998, 0.0011427741725, 0.054478966127, 4.8365478573e-08],
      [0, 0.0093753326836, 0.031617283657, 0.93622295721, 0.022784426445],
      [0, 0.00089692103872, 0.89484121062, 0.076094970499, 0.028166897846],
      [0.015372798513, 0.037695577839, 0.53750711963, 0.22749608447, 0.18192841955]
    ],
    [
      [5.0898074026e-05, 0.0048714751096, 0.0027640160295, 0.93359762312, 0.058715987668],
      [0.64289533436, 0, 0.24201664926, 0.043580650944, 0.071507365429],
      [4.8644896114e-07, 0.85619111243, 0.081705031271, 0.062103336044, 3.3803653406e-08],
      [0.0019897855374, 0, 0.038840531284, 0.94504783962, 0.014121843562],
      [0.013014022178, 0, 0.90058283781, 0.067307950833, 0.019095189177],
      [0.023334504149, 0.034958195348, 0.57829723681, 0.24378308755, 0.11962697614]
    ],
    [
      [6.3368970398e-05, 0.0063960610317, 0.0021842871773, 0.95422636852, 0.037129914304],
      [0.74024357498, 0.003997732118, 0.17426171115, 0.040970817987, 0.040526163763],
      [4.7626170879e-07, 0.9491388243, 0.00081185985447, 0.050048822774, 1.6813446455e-08],
      [0, 0.043192186643, 0, 0.95045712038, 0.006350692979],
      [0.049980497862, 0.066503462137, 0.76653138833, 0.10238040116, 0.014604250507],
      [0.033891002392, 0.05348588964, 0.53326493923, 0.29116264521, 0.088195523527]
    ],
    [
      [7.636623639e-05, 0.006243280123, 0.0029040120772, 0.90289303771, 0.087883303857],
      [0.70719971089, 0.0030860415356, 0.18332515739, 0.030514665249, 0.075874424929],
      [5.8379173486e-07, 0.95095533108, 0.0010978820642, 0.047946162654, 4.0410747605e-08],
      [0.043502423011, 0.0041588002832, 0.10770551649, 0.81561959776, 0.029013662459],
      [0.049839510223, 0.0079751563614, 0.84120859018, 0.074355118877, 0.026621624362],
      [0.031741516285, 0.04058563752, 0.55178607098, 0.21333514531, 0.1625516299]
    ],
    [
      [6.4353318e-05, 0.007579481536, 0.0036835836662, 0.89445531746, 0.094217264023],
      [0.62977945454, 0.0039892252715, 0.24753589201, 0.032080293764, 0.086615134414],
      [4.098178604e-07, 0.95940160658, 0.040597947525, 0, 3.6077539406e-08],
      [0.0025562340491, 0.012958273116, 0.12202982883, 0.83946304386, 0.022992620146],
      [0.019286016018, 0.030940048999, 0.92779964371, 0, 0.021974291271],
      [0.023040678464, 0.042451453927, 0.60263797582, 0.18164900887, 0.15022088292]
    ],
    [
      [4.7240111057e-05, 0.0064686925019, 0.0025785205271, 0.95866731718, 0.032238229676],
      [0.5853162967, 0.074640743662, 0.24802761181, 0.049594057226, 0.042421290595],
      [0, 0.94918147426, 0.00095114982585, 0.049867361415, 1.45011559e-08],
      [0, 0.043843369682, 0.0099677321585, 0.94412563818, 0.0020632599823],
      [0, 0.044727385218, 0.85331851417, 0.0907522575, 0.011201843108],
      [0.023428671691, 0.050187171999, 0.58411277441, 0.27129192354, 0.070979458355]
    ],
    [
      [4.1022493092e-05, 0.0051904109566, 0.0020001303328, 0.96437318685, 0.028395249366],
      [0.62071479376, 0.0045667398121, 0.22456395109, 0.10653121601, 0.043623299327],
      [0, 0.93759455727, 0.00090481248035, 0.061500614589, 1.5663456571e-08],
      [0, 0.0085996610615, 0.021835043768, 0.9628348388, 0.0067304563707],
      [0, 0.036856411834, 0.74569941521, 0.20916552987, 0.0082786430831],
      [0.023977623368, 0.047452381455, 0.53345332248, 0.32145641641, 0.073660256282]
    ],
    [
      [6.3809821431e-05, 0.0072313592536, 0.0033084384236, 0.94258671869, 0.046809673814],
      [0.67108362579, 0.0041319009292, 0.24111904242, 0.036968932148, 0.04669649871],
      [4.2857685486e-07, 0.95475286748, 0.045246684968, 0, 1.8977065078e-08],
      [0.0024533972797, 0.011966668591, 0.036305928335, 0.93818413315, 0.011089872647],
      [0.018037320807, 0.057004474127, 0.91371404519, 0, 0.01124415988],
      [0.026253682049, 0.046541848327, 0.62052624961, 0.22127446556, 0.085403754459]
    ],
    [
      [4.3514660142e-05, 0.0065344124182, 0.0022023004699, 0.94051505917, 0.050704713283],
      [0.58258222581, 0.050578193858, 0.22600119962, 0.06963281651, 0.0712055642],
      [0, 0.95062015653, 0.00080617008401, 0.048573650753, 2.2635912129e-08],
      [0, 0.04617454094, 0, 0.95074937627, 0.00307608279],
      [0, 0.1087981695, 0.7694665366, 0.10163207812, 0.020103215782],
      [0.022754069047, 0.053445062204, 0.52542484596, 0.28069854744, 0.11767747535]
    ],
    [
      [6.5022457558e-05, 0.0070959244569, 0.0027211446423, 0.95787892792, 0.032238980521],
      [0.71637291592, 0.0042257528585, 0.20676224791, 0.039114278422, 0.033524804892],
      [4.4414993621e-07, 0.95350032875, 0.00091922317958, 0.045579990652, 1.3272884406e-08],
      [0.0024871542042, 0.011681951474, 0.02951717225, 0.94872373289, 0.0075899891778],
      [0.031082609025, 0.11116104703, 0.83160582995, 0.017830547861, 0.0083199661294],
      [0.03086685594, 0.052683875243, 0.58929264343, 0.25918567212, 0.067970953265]
    ],
    [
      [7.2260514336e-05, 0.0076942558785, 0.0032569755935, 0.93521186983, 0.053764638187],
      [0.69544105042, 0.0040320884755, 0.21762392562, 0.033718413297, 0.049184522193],
      [4.5907022044e-07, 0.9574494373, 0.042550082996, 0, 2.0637240292e-08],
      [0.0027927295833, 0.029658129337, 0.056712825985, 0.89802300622, 0.012813308874],
      [0.0429608859, 0.082346726052, 0.86143317129, 0, 0.013259216758],
      [0.029508308284, 0.049148301639, 0.60578733692, 0.21830223738, 0.097253815776]
    ],
    [
      [3.7413477268e-05, 0.0056262559159, 0.0025010198026, 0.96730728258, 0.02452802822],
      [0.52311480872, 0.0049785604113, 0.28574277517, 0.14825233292, 0.037911522778],
      [0, 0.94208606662, 0.0010472924315, 0.056866628469, 1.2480643137e-08],
      [0, 0.0092472416182, 0.028515456437, 0.95648403506, 0.005753266883],
      [0, 0.039965069331, 0.86021641681, 0.094527907168, 0.0052906066866],
      [0.019408898909, 0.045648239516, 0.5929633402, 0.28529597559, 0.056683545783]
    ],
    [
      [4.8479613466e-05, 0.0054098876326, 0.0020287329305, 0.95199512749, 0.040517772332],
      [0.67773666353, 0.004185534459, 0.20025969824, 0.063087552115, 0.054730551657],
      [0, 0.94040076216, 0.00088628530877, 0.058712930924, 2.1603619182e-08],
      [0, 0.0090400413306, 0, 0.9855779118, 0.0053820468729],
      [0, 0.051362525243, 0.76354482701, 0.1678850905, 0.01720755725],
      [0.027204368579, 0.047490994085, 0.51939781116, 0.30507711956, 0.10082970662]
    ],
    [
      [4.1340148849e-05, 0.0051235899123, 0.0020571483168, 0.97143620617, 0.021341715452],
      [0.61962274388, 0.0045218930151, 0.23155831676, 0.11141406816, 0.032882978193],
      [0, 0.93579999079, 0.00094783196514, 0.06325216524, 1.2006767044e-08],
      [0, 0.008439058662, 0.022324740799, 0.96420200033, 0.0050342002117],
      [0, 0.027640510247, 0.75793270852, 0.20832348031, 0.0061033009246],
      [0.024192162667, 0.046896028105, 0.54867135961, 0.32488816343, 0.055352286189]
    ],
    [
      [5.4443414994e-05, 0.0060689807411, 0.0026000472848, 0.9273051489, 0.063971379656],
      [0.66579933524, 0.0039520173754, 0.21616109695, 0.04132931278, 0.072758237663],
      [4.2766684603e-07, 0.94833861931, 0.0010100509438, 0.050650871846, 3.0229215226e-08],
      [0.0021386954869, 0.010260887277, 0.028965439234, 0.94319126791, 0.015443710092],
      [0.025994009177, 0.031474249124, 0.86710154017, 0.053963373222, 0.021466828309],
      [0.025336425088, 0.044164909383, 0.55257099397, 0.24548019224, 0.13244747932]
    ],
    [
      [5.4177101045e-05, 0.0049550788673, 0.0023490757874, 0.92764767186, 0.064993996387],
      [0.67584780922, 0.0033330506017, 0.20164137445, 0.042838464957, 0.076339300772],
      [5.1948151468e-07, 0.89278142858, 0.0011139202667, 0.10202525931, 0.0040788723598],
      [0, 0, 0.033752973395, 0.95046680353, 0.01578022308],
      [0.038871948226, 0, 0.84302597645, 0.093949287779, 0.024152787544],
      [0.026801763104, 0.038338431097, 0.53031338251, 0.26178958256, 0.14275684073]
    ],
    [
      [4.4313680976e-05, 0.0059405173103, 0.0022983100489, 0.86482716884, 0.12688969012],
      [0.58557492719, 0.0042425077763, 0.20956066531, 0.042376485391, 0.15824541433],
      [3.5616792508e-07, 0.95063582613, 0.00091353838714, 0.048450217856, 6.1462924329e-08],
      [0, 0.022525455555, 0.030496253213, 0.91143145498, 0.035546836248],
      [0.002770387017, 0.042200394019, 0.8195217986, 0.088072548107, 0.047434872261],
      [0.019744496092, 0.04141713176, 0.46797094284, 0.21973465173, 0.25113277758]
    ],
    [
      [4.708903408e-05, 0.0051506773969, 0.0016095302355, 0.96494164743, 0.028251055908],
      [0.70639017259, 0.0043011784661, 0.17154962862, 0.076565711009, 0.041193309313],
      [0, 0.93691791445, 0, 0.063082069778, 1.5768942213e-08],
      [0, 0.0085642377024, 0, 0.99015533668, 0.0012804256156],
      [0, 0.078792741923, 0.62943929038, 0.27725902106, 0.014508946631],
      [0.030601063083, 0.052347815734, 0.47760632256, 0.35794734118, 0.081497457443]
    ],
    [
      [5.702358436e-05, 0.0048265131358, 0.0020378124629, 0.95066427638, 0.042414374437],
      [0.72188918019, 0, 0.17890490607, 0.04824485101, 0.050961062724],
      [5.5520645687e-07, 0.93445047745, 0.000981222938, 0.064567719473, 2.4930800819e-08],
      [0.0022170670733, 0, 0.022468303568, 0.96515207733, 0.010162552027],
      [0.048679297161, 0, 0.76024525599, 0.17395040289, 0.017125043966],
      [0.031811259486, 0.037036642428, 0.51846482374, 0.30778056285, 0.1049067115]
    ],
    [
      [5.5725037116e-05, 0.0058242824494, 0.0020541337804, 0.96986164573, 0.022204213005],
      [0.73238787353, 0.0041758897058, 0.1878719834, 0.047769830105, 0.027794423255],
      [4.5206831118e-07, 0.94426686261, 0.00082411156134, 0.054908562885, 1.0876963212e-08],
      [0.0021318440669, 0.0095907965921, 0.022285197336, 0.96075635665, 0.0052358053518],
      [0.018174108373, 0.042723003192, 0.74369974166, 0.18819646195, 0.0072066848306],
      [0.032101469197, 0.052529329306, 0.53964277771, 0.31902113441, 0.056705289375]
    ],
    [
      [4.7915194816e-05, 0.0045999358887, 0.0021953357318, 0.92916783384, 0.06398897935],
      [0.66367718964, 0.0033582008099, 0.20493318302, 0.046418891875, 0.081612534654],
      [0, 0.85547339265, 0.0011176253808, 0.14010113311, 0.0033078488591],
      [0, 0.0078188453364, 0.024593652441, 0.95208370138, 0.015503800844],
      [0.023735237956, 0.0076071868892, 0.84115240767, 0.1024454304, 0.025059737082],
      [0.024699183451, 0.037047592188, 0.51884365546, 0.27230486284, 0.14710470606]
    ],
    [
      [6.593296959e-05, 0.0053087620956, 0.0021638701066, 0.95535499418, 0.037106440652],
      [0.74781896687, 0.0032501574239, 0.16904626758, 0.040217288728, 0.039667319403],
      [5.9345820917e-07, 0.9389689578, 0.00096321131011, 0.060067217291, 2.0137349992e-08],
      [0.0025482866514, 0, 0, 0.9883826368, 0.0090690765484],
      [0.071238764395, 0.0045235104622, 0.79654486552, 0.11297226989, 0.014720589736],
      [0.035703646868, 0.044957094801, 0.53466079647, 0.2954778575, 0.089200604354]
    ],
    [
      [5.4655242425e-05, 0.0049437593006, 0.0019724914605, 0.93499937888, 0.05802971512],
      [0.70659049533, 0.0034337834149, 0.17490735888, 0.044688640033, 0.070379722342],
      [0, 0.9110127329, 0, 0.088987233335, 3.3760573673e-08],
      [0, 0, 0, 0.98598082249, 0.014019177511],
      [0.041635303988, 0.0089241694626, 0.78055761753, 0.14400686324, 0.024876045777],
      [0.029949601084, 0.042354071942, 0.4937816374, 0.29274232961, 0.14117235996]
    ],
    [
      [5.6365125404e-05, 0.0054546608015, 0.0020067772424, 0.95600251807, 0.036479678759],
      [0.72568204137, 0.0038301624338, 0.17971107631, 0.046056504032, 0.044720215862],
      [4.9282255368e-07, 0.94087019194, 0.00086772776134, 0.058261568212, 1.9259788018e-08],
      [0.0021813210253, 0.0090857639179, 0.022023155932, 0.95800805803, 0.0087017010916],
      [0.040947394576, 0.038554115845, 0.74677229022, 0.15961912498, 0.01410707438],
      [0.031963315546, 0.048402083585, 0.51866789852, 0.30926045303, 0.09170624932]
    ],
    [
      [7.7294917632e-05, 0.0053971992269, 0.002420176966, 0.96168696301, 0.030418365874],
      [0.76690906753, 0, 0.16691699482, 0.035668095504, 0.030505842141],
      [0.025623674308, 0.91444610401, 0.0010517127049, 0.058878492844, 1.6136644709e-08],
      [0.011868728431, 0, 0.026309912124, 0.95463491562, 0.0071864438297],
      [0.10754860026, 0, 0.80777253914, 0.073720466481, 0.010958394121],
      [0.039675617816, 0.043360558192, 0.56619993693, 0.28152690216, 0.069236984899]
    ],
    [
      [7.1756139564e-05, 0.0059467140598, 0.0024507436753, 0.90281970893, 0.088711077198],
      [0.71061912279, 0.0032136444332, 0.16894992284, 0.033523052765, 0.083694257175],
      [5.7435964379e-07, 0.94858775581, 0.00097012166972, 0.050441505268, 4.2890986773e-08],
      [0.0028763183551, 0.010260244652, 0.02785869544, 0.93708127103, 0.02192347052],
      [0.12350126061, 0.0082151714986, 0.81962103873, 0.0098178739656, 0.0388446552],
      [0.032745607706, 0.042482735409, 0.51008587157, 0.23528844379, 0.17939734152]
    ],
    [
      [5.910491421e-05, 0.0052843169294, 0.0021289276692, 0.94808345531, 0.044444195172],
      [0.72094772382, 0.0035148189327, 0.18062848204, 0.04329935556, 0.051609619655],
      [5.3207051942e-07, 0.93951743206, 0.00094778568209, 0.059534226027, 2.4160615242e-08],
      [0.0022985594702, 0.0088451925302, 0.023478728022, 0.95472354974, 0.010653970237],
      [0.052858511803, 0.0091804496021, 0.7725127904, 0.14760053357, 0.017847714622],
      [0.031935008699, 0.044679016506, 0.52454962723, 0.29239038288, 0.10644596469]
    ],
    [
      [7.0826418601e-05, 0.0054724638853, 0.0021340490623, 0.93558973764, 0.056732922995],
      [0.74655928997, 0.0031446793941, 0.15648019986, 0.036892702667, 0.056923128112],
      [6.0631453974e-07, 0.94326298793, 0.00090346179233, 0.055832914664, 2.9303390894e-08],
      [0.0027788922414, 0.0092422627738, 0.023745349312, 0.95052164386, 0.013711851813],
      [0.12887157038, 0.0038972765867, 0.75005108914, 0.091713334259, 0.025466729642],
      [0.036965403923, 0.044728541255, 0.50834257674, 0.27857836448, 0.1313851136]
    ],
    [
      [6.9593138919e-05, 0.0051670105315, 0.0025014225393, 0.94441066117, 0.047851312618],
      [0.72908546535, 0, 0.18283128783, 0.037241154106, 0.050842092711],
      [0.010643419941, 0.89517026753, 0.033369146834, 0.06051264467, 0.00030452102513],
      [0.011339115794, 0, 0.027546210049, 0.94965510369, 0.011459570463],
      [0.086972118657, 0, 0.83263297852, 0.063581880544, 0.016813022276],
      [0.034077535282, 0.039602773583, 0.55813365779, 0.26438263098, 0.10380340237]
    ],
    [
      [6.5564162155e-05, 0.0055235130875, 0.0023378827177, 0.96388235262, 0.028190687411],
      [0.74133801849, 0.003408989232, 0.18402463022, 0.040851472389, 0.030376889673],
      [5.5450193078e-07, 0.94215362441, 0.00097783029978, 0.056867976388, 1.439564594e-08],
      [0.0025121450982, 0.0091099739652, 0.025402293606, 0.95631817886, 0.0066574084657],
      [0.067701436618, 0.0070612891259, 0.80769964811, 0.10697167459, 0.010565951551],
      [0.034637893616, 0.045703920737, 0.56293950336, 0.29068723351, 0.066031448779]
    ],
    [
      [5.0826406595e-05, 0.0054958637087, 0.0023074389222, 0.95379909166, 0.038346779304],
      [0.67234507838, 0.0040335012776, 0.21598426428, 0.058505413701, 0.049131742368],
      [4.414651349e-07, 0.94110244869, 0.00099115421899, 0.057905935509, 2.0118646762e-08],
      [0, 0.0091417675489, 0.0066143581644, 0.97782452181, 0.0064193524815],
      [0, 0.024167840035, 0.83554937647, 0.12563949993, 0.014643283558],
      [0.026695027298, 0.045170447678, 0.55247250039, 0.28640580936, 0.089256215279]
    ],
    [
      [7.5034634997e-05, 0.0061225566026, 0.0028342163522, 0.94613844847, 0.044829743941],
      [0.72912761918, 0.0032474353802, 0.19174525377, 0.034363242909, 0.041516448766],
      [5.7590645765e-07, 0.94840740009, 0.0010757890187, 0.050516214218, 2.0767357313e-08],
      [0.0028950458398, 0.010168367168, 0.031010139994, 0.94526892082, 0.010657526175],
      [0.084687777669, 0.0016926341324, 0.87074459645, 0.027693107591, 0.015181884154],
      [0.034093699447, 0.043572297212, 0.58710159532, 0.24488047606, 0.090351931962]
    ],
    [
      [0.00010279530331, 0.011665133017, 0.0032155050535, 0.92175600238, 0.063260564245],
      [0.76009819896, 0.028416725881, 0.1653443904, 0, 0.046140684759],
      [4.0420213729e-07, 0.97426822916, 0.00062528500799, 0.025106066628, 1.5002382735e-08],
      [0.0039881314065, 0.048856200262, 0.035377668474, 0.89666404567, 0.015113954184],
      [0.14040697886, 0.020628948625, 0.82157213283, 0, 0.017391939677],
      [0.040208880325, 0.071603356027, 0.57363585745, 0.2047001696, 0.1098517366]
    ],
    [
      [6.6911000886e-05, 0.0058292883836, 0.0023593330037, 0.96298453174, 0.028759935877],
      [0.74346619799, 0.0035350980843, 0.18249955783, 0.040048122259, 0.030451023837],
      [5.3848628611e-07, 0.94506982279, 0.00093901011285, 0.053990614635, 1.397457143e-08],
      [0.0025636487085, 0.0096138646286, 0.02563466776, 0.95539643425, 0.0067913846496],
      [0.073767565696, 0.014652242239, 0.80519763466, 0.095837695946, 0.010544861458],
      [0.035022560971, 0.047785667964, 0.56301253269, 0.28743473318, 0.066744505195]
    ],
    [
      [6.4327734978e-05, 0.0051747428011, 0.0021715737905, 0.91174989433, 0.080839461344],
      [0.70837719843, 0, 0.1663047103, 0.037493295742, 0.087824795523],
      [5.8638891254e-07, 0.93712861079, 0.00097896019975, 0.057848106129, 0.0040437364957],
      [0.0086426196288, 0, 0.024623695421, 0.9439848053, 0.022748879646],
      [0.095708208179, 0, 0.77987303374, 0.092745470711, 0.031673287369],
      [0.031934184646, 0.04021492803, 0.49190288278, 0.25791485063, 0.17803315391]
    ],
    [
      [7.0833638237e-05, 0.0050015301115, 0.0026191616611, 0.95895698224, 0.033351492346],
