{
  "Z_true": {},
  "V_true": [
    [38, 88, 885, 536],
    [147, 1855, 460, 233],
    [233, 7690, 266, 204],
    [206, 508, 14751, 379],
    [1553, 1126, 713, 175],
    [92, 331, 307, 333]
  ],
  "p_true": [
    [0.0246, 0.0569, 0.5721, 0.3465],
    [0.0545, 0.6883, 0.1707, 0.0865],
    [0.0278, 0.9162, 0.0317, 0.0243],
    [0.013, 0.0321, 0.931, 0.0239],
    [0.4354, 0.3157, 0.1999, 0.0491],
    [0.0865, 0.3114, 0.2888, 0.3133]
  ],
  "Z_est": [
    [
      [1.3068, 0.1089, 0.1606, 0, 0.0545, 2.1236, 5.3088, 1.2994, 2.653, 0.4455, 2.3414, 5.3831, 1.1435, 0.7425, 7.0933, 0.4356, 0, 0.0545, 0, 2.3958, 0.1089, 0.0742, 0, 1.0346, 0.2723, 1.1979, 1.089, 2.8859, 0.9257, 0.1089, 1.9602, 2.3958, 1.8191, 1.2994, 0.2599, 0.1089, 0, 0.4826, 0.1634, 2.5592, 0.8712, 0.7623, 4.0342, 0.2599, 0, 0.4084, 23.0327, 2.2275, 4.3016, 0.7299],
      [0.4342, 0.0362, 0.0724, 0, 0.0181, 0.7056, 1.4092, 3.5069, 0.7236, 0.1593, 0.7779, 1.3758, 0.3799, 0.3437, 1.3568, 0.1447, 0, 0.0181, 0, 0.8422, 0.0362, 0, 0, 0.3437, 0.0072, 0.398, 0.5719, 0.9942, 0.3075, 0.0362, 0.6513, 0.796, 0.8925, 0.4704, 0.0507, 0.0362, 0, 0.181, 0.0543, 0.8503, 0.2895, 0.2533, 0.5427, 0.1266, 0, 0.3813, 7.6526, 0.5608, 1.4292, 0.8339],
      [15.0548, 1.2546, 3.767, 0, 0.6273, 19.2607, 61.9571, 21.9548, 23.4701, 20.6503, 29.3948, 37.6194, 10.0491, 13.1729, 47.0461, 5.0183, 0, 0.6273, 0, 27.6004, 1.2546, 2.5091, 0, 11.9183, 4.0299, 13.8002, 11.5982, 33.2106, 10.6638, 1.2546, 22.5821, 27.6004, 27.3808, 18.9874, 6.7028, 1.2546, 0, 13.0921, 2.5327, 34.353, 10.0365, 8.7819, 13.7821, 4.391, 0, 8.3081, 265.34, 18.4233, 49.5552, 9.4092],
      [7.2042, 0.6004, 0, 0, 0.3002, 16.9102, 25.3248, 8.2389, 13.1532, 3.7449, 10.4858, 24.6217, 9.4276, 6.7409, 19.5038, 2.4014, 0, 0.3002, 0, 13.1616, 0.6004, 1.4166, 0, 5.7034, 0.6906, 6.6039, 6.7409, 15.9094, 5.103, 0.6004, 10.8064, 13.2078, 12.9076, 5.2429, 2.9866, 0.6004, 0, 4.2443, 0.2497, 9.2375, 4.8028, 4.2025, 11.6409, 2.2225, 0, 3.9023, 126.9747, 9.7884, 23.7139, 4.027]
    ],
    [
      [0.562, 0.0291, 0.0194, 0.0097, 0.0326, 0.5466, 1.3855, 0.2529, 0.6104, 0.1284, 0.5492, 1.4049, 0.4554, 0.1938, 1.1036, 0.7327, 0, 0.1409, 0.0097, 0.8321, 0.6721, 0.0194, 0.0097, 0.0408, 0, 0.6608, 0.2692, 0.5629, 0.2855, 0.1142, 0.4895, 0.416, 0.4748, 0.3391, 0.0408, 0.0653, 0.0082, 0.126, 0.0326, 0.5384, 0.2616, 0.2366, 0.0082, 0.0678, 0, 0.1066, 4.9414, 0.7668, 1.7376, 0.126],
      [64.0864, 3.9077, 3.1397, 1.6774, 3.1262, 54.44, 106.0573, 24.2278, 34.3878, 13.4375, 49.2371, 107.2003, 31.1338, 30.4801, 79.7172, 40.6402, 1.3569, 3.1262, 1.4908, 83.7069, 4.4402, 2.5425, 1.5697, 3.9077, 0, 63.3049, 27.0388, 50.018, 27.354, 10.9416, 46.8925, 39.8586, 51.5817, 34.3878, 3.8137, 3.6103, 0.7815, 12.5047, 2.8615, 51.2048, 28.2115, 22.6647, 0.7815, 8.597, 0, 18.8596, 537.7005, 73.4649, 166.3732, 62.7162],
      [16.4464, 0.9679, 2.8409, 2.3129, 0.5736, 10.3697, 32.2702, 6.0096, 7.9059, 13.0447, 12.2131, 18.8457, 5.4103, 7.6829, 19.7736, 10.2222, 1.0119, 0.6853, 1.8153, 20.7429, 0.7891, 6.2902, 0.3877, 0.9693, 0, 16.272, 5.1494, 10.3997, 6.7851, 2.714, 11.6315, 9.8868, 12.8583, 8.7728, 0.9693, 4.1929, 0.1939, 3.1063, 1.0821, 13.3753, 6.9789, 5.6219, 0.1939, 2.1208, 0, 4.6526, 134.046, 13.0853, 41.292, 12.8244],
      [0.9053, 0.0953, 0, 0, 0.2676, 1.6438, 2.287, 0.5097, 1.0959, 0.3894, 1.0006, 2.5491, 1.0006, 0.6432, 1.4056, 0.405, 0.6311, 0.0476, 1.6842, 1.7181, 0.0987, 0.148, 0.0329, 0.0822, 0, 0.7623, 0.5426, 1.0194, 0.5755, 0.2302, 0.9865, 0.8385, 1.0852, 0.5003, 0.1762, 0.1315, 0.0164, 0.2631, 0.0238, 0.8815, 0.5479, 0.4768, 0.0164, 0.2144, 0, 0.3812, 11.312, 6.683, 3.5973, 0.3335]
    ],
    [
      [0.7666, 0.0664, 0.0179, 0.0132, 0.0572, 0.912, 1.89, 0.418, 0.8327, 0.1465, 0.8194, 1.9164, 1.2095, 0.2643, 1.1366, 0.2537, 0, 0.0529, 0.0132, 0.7005, 0.5492, 0.0264, 0.0132, 0.0793, 0.0661, 0.6608, 0.4097, 1.2077, 0.5217, 0.6254, 1.4801, 0.8062, 0, 0.1875, 0.05, 0.0429, 0.0264, 0.1718, 0.0286, 0.6217, 0.3569, 0.3144, 0.978, 0.0925, 0.0036, 0.1454, 5.6287, 0.8361, 2.2468, 0.1718],
      [208.1813, 16.9381, 4.6856, 3.7485, 14.9095, 303.0073, 396.0413, 109.9004, 124.6295, 38.4218, 210.5205, 418.126, 172.4294, 74.0322, 268.7137, 66.5353, 4.0689, 4.7415, 5.1353, 219.9512, 10.8504, 9.4941, 6.57, 5.6227, 2.406, 205.2612, 176.4491, 320.4945, 137.8237, 137.6034, 322.368, 240.8932, 170.8325, 99.0061, 13.1196, 11.1822, 4.6826, 50.8615, 7.4698, 163.0582, 107.3279, 78.4666, 34.0247, 49.764, 0.9782, 108.1966, 1915.4658, 218.3886, 522.4925, 63.2297],
      [3.9991, 0.3454, 0.2966, 0.2383, 0.1053, 3.0282, 9.5873, 2.1268, 0, 0.7453, 6.8646, 5.5034, 1.5799, 1.4361, 5.1989, 1.2906, 0.5042, 0, 0.1091, 4.2536, 0.1053, 0.3658, 0.1272, 0.0512, 1.1567, 4.1386, 1.7116, 3.0369, 2.4576, 0.8777, 11.7997, 5.7816, 3.2538, 1.9087, 0.2545, 0.2181, 0.1053, 6.4988, 0.316, 3.4526, 2.0541, 3.9334, 0.7636, 0.9634, 0.0182, 2.6884, 37.1556, 2.8965, 10.2341, 0],
      [7.053, 1.6502, 0, 0, 0.928, 14.0526, 17.4814, 4.5548, 8.5379, 1.6864, 7.7954, 18.4542, 8.7812, 3.2674, 10.9507, 2.9204, 0.4269, 0.2057, 0.7424, 9.0947, 0.495, 1.1136, 0.2895, 0.2468, 0.3712, 5.9394, 6.4296, 13.2608, 5.197, 6.8935, 8.3523, 9.5191, 4.9136, 3.8977, 0.5759, 0.5568, 0.1856, 2.468, 0.1856, 6.8674, 3.2612, 5.2856, 10.2336, 2.18, 0, 2.9697, 85.7499, 11.8788, 28.0265, 2.5985]
    ],
    [
      [1.2913, 0.0659, 0.0439, 0.022, 0.0439, 1.515, 4.3945, 0.2656, 1.3833, 0.2635, 1.3613, 1.8986, 1.584, 0, 1.8883, 0.4968, 0, 0.8412, 0.022, 1.1637, 0.0439, 0.0377, 0.022, 1.8353, 0.0314, 0.8804, 0.6807, 1.3547, 0.9222, 0.5648, 2.0201, 0.9559, 1.0759, 0.7685, 0.1537, 0.2075, 0.0659, 0.2854, 0.022, 1.4492, 0.7162, 0.3952, 1.6248, 0.1537, 0.022, 0.2415, 8.8041, 1.9632, 4.256, 0.2854],
      [9.498, 0.4216, 0, 0, 0.258, 13.3736, 14.7748, 3.951, 4.0534, 6.2927, 0, 8.7297, 5.2481, 2.2497, 7.8049, 2.5174, 0, 0.4832, 0, 12.5213, 0.0784, 0, 1.16, 3.7673, 0.064, 4.3727, 5.4229, 6.0026, 7.0907, 4.5224, 0.2716, 4.7475, 8.3655, 6.4479, 0.448, 0.3627, 0.1493, 1.6, 0.1472, 5.5681, 17.8827, 1.0075, 0.8747, 5.7504, 0.2886, 5.2241, 66.1053, 5.4869, 14.2424, 4.5836],
      [565.7776, 26.0015, 33.9561, 14.978, 10.6314, 305.6536, 1011.1737, 248.7834, 256.9248, 394.8053, 390.6387, 543.181, 160.9181, 150.825, 497.6401, 153.6411, 8.8418, 11.5174, 13.6617, 570.4391, 9.7195, 11.6634, 61.2331, 109.4605, 9.8117, 272.8627, 172.7607, 292.8292, 252.7724, 93.1254, 358.3284, 295.4738, 458.7619, 343.1226, 117.2933, 64.7319, 10.7057, 250.7699, 31.7518, 520.9827, 217.5818, 163.0153, 70.5739, 74.2861, 10.6894, 233.2688, 4118.7844, 292.3643, 876.7176, 194.0236],
      [3.4332, 0.511, 0, 0, 2.0666, 5.4578, 9.6571, 0, 3.6385, 3.6385, 0, 5.1907, 9.2497, 1.9253, 4.6668, 1.3447, 0.1582, 0.1582, 0.3164, 3.8758, 0.1582, 0.2988, 0.585, 0.9369, 0.0929, 1.8842, 2.1356, 2.8136, 2.2147, 2.7874, 3.38, 2.8228, 3.7967, 1.6611, 1.105, 0.6979, 0.0791, 1.3447, 0.0791, 0, 1.8193, 1.582, 2.9266, 0.8098, 0, 1.2656, 39.3062, 10.1856, 16.784, 1.1074]
    ],
    [
      [52.6391, 2.67, 1.6984, 0.9551, 1.6923, 61.971, 127.2722, 31.1505, 56.3851, 10.6802, 54.9565, 130.2137, 41.8307, 17.8003, 73.2842, 15.0653, 0, 2.7911, 0.9271, 46.424, 0.5661, 1.78, 0.9271, 2.8307, 4.5292, 45.2853, 27.8343, 56.8533, 38.329, 18.6903, 83.4744, 55.4698, 43.6107, 31.1505, 6.2996, 3.5157, 1.78, 11.5702, 0.6937, 58.7996, 23.7782, 15.6938, 66.9365, 6.2301, 0.9147, 9.7902, 453.9077, 51.9355, 151.3026, 11.3229],
      [28.1652, 1.3887, 0.7946, 0.5742, 0.1524, 48.0114, 51.5627, 25.1057, 20.8471, 5.8273, 22.31, 66.0284, 19.8085, 10.0478, 31.7146, 2.9314, 0.5742, 1.0156, 1.1483, 23.5406, 0.2871, 1.1106, 4.3624, 1.4354, 0.2649, 26.8936, 23.8184, 28.6443, 34.6466, 9.1866, 42.2007, 32.7814, 23.4858, 18.1064, 2.2664, 1.501, 0.7711, 5.8526, 0.1595, 29.8563, 12.0574, 5.5307, 3.62, 4.5311, 1.8779, 13.9502, 286.61, 3.4057, 12.7685, 5.7416],
      [8.6818, 0.3456, 0.5069, 0.4707, 0, 4.8941, 16.101, 4.8299, 4.1707, 3.7843, 6.0833, 15.8994, 1.1068, 3.1315, 7.2159, 1.3826, 0.642, 0, 1.3289, 5.6685, 0.0691, 0.2765, 1.167, 0.3456, 2.9081, 6.0562, 2.7663, 4.9083, 5.8759, 0.8472, 14.2778, 16.8972, 5.7695, 6.6161, 6.0938, 0.5175, 0.3, 2.869, 0.0691, 9.8346, 2.9034, 1.7973, 1.2342, 0.8987, 0.2074, 3.0079, 81.2054, 0, 1.4444, 1.3826],
      [7.5139, 0.5956, 0, 0, 0.1553, 11.1234, 16.0641, 4.9138, 8.5971, 1.7082, 4.6502, 17.8585, 6.254, 4.0204, 8.7853, 0.6208, 0.7838, 0.1933, 0.5956, 6.3669, 0.0776, 0.8329, 0.5435, 0.3882, 0.2978, 4.7649, 4.5811, 7.5941, 6.1485, 3.2759, 7.047, 8.8516, 6.134, 3.127, 1.3401, 0.4659, 0.1489, 1.7082, 0.0776, 5.5095, 3.2611, 2.9781, 7.2094, 1.3401, 0, 2.2517, 73.2769, 4.6587, 22.4845, 1.5529]
    ],
    [
      [1.4343, 0.0598, 0.0598, 0, 0.1195, 1.9318, 2.749, 1.6136, 1.1355, 0.336, 1.9721, 4.1833, 0.7769, 0.9991, 1.494, 1.0159, 0, 0.1195, 0.028, 1.4839, 0.0598, 0.0622, 0.028, 0.1793, 0.101, 1.3147, 0.7171, 1.1355, 1.0159, 0.8964, 2.5758, 0.9562, 2.0195, 1.255, 0.196, 0.0598, 0.1195, 0.364, 0.0598, 2.0319, 1.0159, 0.5976, 0.4183, 0.196, 0.0598, 0.308, 13.6853, 2.2709, 6.1554, 0.364],
      [8.6349, 0.3077, 0.3077, 0, 0.5359, 10.4622, 14.1547, 8.3082, 5.3585, 1.8614, 10.1545, 21.5398, 4.0002, 5.8465, 7.6928, 5.2311, 0, 0.6154, 0.2256, 8.4379, 0.3077, 0.8528, 0.3379, 0.9231, 0.2579, 6.7696, 3.6989, 5.8465, 5.7774, 4.7099, 8.6159, 4.9234, 10.842, 8.5814, 1.3016, 0.3077, 0.6154, 4.0002, 0.3077, 10.4622, 5.2311, 3.0771, 1.1563, 1.2308, 0.8552, 11.3882, 70.4658, 11.693, 31.6942, 9.8951],
      [2.0404, 0.085, 0.6325, 0, 0.0624, 1.7937, 3.9107, 2.2954, 1.5286, 0.9701, 2.8055, 5.9511, 0.9358, 1.7517, 2.1254, 1.4453, 0, 0.17, 0.085, 2.2954, 0.0624, 0.895, 0.085, 0.255, 0.0936, 1.8703, 1.0138, 1.6153, 1.4453, 1.181, 2.3804, 1.3603, 2.9756, 4.5926, 0.6863, 0.085, 0.6951, 1.664, 0.2484, 7.0018, 1.4453, 0.8502, 0.4523, 0.3401, 0.085, 2.0742, 19.4686, 3.2306, 8.7566, 1.3603],
      [11.8904, 0.5475, 0, 0, 1.2822, 19.8123, 25.1855, 14.7828, 10.9774, 3.8326, 18.0679, 38.3258, 7.287, 10.4027, 13.6878, 9.3077, 0, 1.095, 0.6614, 14.7828, 0.5701, 2.19, 0.5491, 1.6425, 0.5475, 12.0453, 6.5701, 10.4027, 8.7614, 8.2127, 14.4279, 8.7602, 19.1629, 6.571, 2.8162, 0.5475, 0.57, 6.9718, 0.3842, 14.5041, 9.3077, 5.4751, 4.973, 2.2331, 0, 5.2296, 125.3802, 20.8055, 56.3937, 4.3807]
    ]
  ],
  "V_est": [
    [88.4241, 31.052, 971.2774, 456.2465],
    [22.4162, 2094.5608, 527.7865, 50.2364],
    [29.8359, 7859.1009, 155.5377, 348.5256],
    [50.3842, 274.2126, 15359.4548, 159.9484],
    [2016.209, 999.2725, 268.7902, 282.7283],
    [61.7305, 339.8012, 99.1534, 562.3149]
  ],
  "p_est": [
    [0.0572, 0.0201, 0.6278, 0.2949],
    [0.0083, 0.7772, 0.1958, 0.0186],
    [0.0036, 0.9364, 0.0185, 0.0415],
    [0.0032, 0.0173, 0.9694, 0.0101],
    [0.5652, 0.2801, 0.0754, 0.0793],
    [0.0581, 0.3197, 0.0933, 0.529]
  ],
  "EI_Z": {},
  "EI_V": 6.5698,
  "MAE_Z": {},
  "MAE_V": 181.2653,
  "MAE_p": 0.0552,
  "runtime": 7.363
}
