{
  "Z_true": {},
  "V_true": [
    [191, 339, 224, 15613, 1369],
    [368, 491, 5387, 819, 805],
    [29, 953, 186, 388, 123],
    [352, 85, 295, 979, 1312]
  ],
  "p_true": [
    [0.0108, 0.0191, 0.0126, 0.8803, 0.0772],
    [0.0468, 0.0624, 0.6845, 0.1041, 0.1023],
    [0.0173, 0.5676, 0.1108, 0.2311, 0.0733],
    [0.1164, 0.0281, 0.0976, 0.3239, 0.434]
  ],
  "Z_est": [
    [
      [0.0521, 0, 1.7133, 0.8942, 2.0787, 0.0133, 1.3751, 0, 0.567, 2.1254, 1.4091, 0.7708, 0.3903, 0.5045, 0, 1.1382, 0.9412, 0.3994, 1.8371, 0.9048, 0, 0.0124, 1.6214, 0.7281, 0.5023, 0.474, 0, 0.4457, 1.3875, 0.2295, 0, 0.8465, 0.7324, 2.3339, 0.0008],
      [0.2986, 0, 4.6621, 0.7549, 6.8478, 0.3892, 3.7509, 4.077, 4.5898, 6.302, 3.6271, 1.823, 0.7224, 2.2268, 1.3244, 3.4452, 2.6427, 4.0687, 4.6128, 3.4395, 2.2406, 1.2568, 4.7514, 2.0451, 1.9114, 0.5226, 1.6003, 0.9645, 3.1514, 2.6519, 0.1903, 4.6696, 1.2192, 8.7354, 0.2777],
      [0.1863, 0.5558, 0.6798, 0.415, 6.4055, 0.2037, 0.4599, 2.7998, 1.3705, 2.704, 0.4723, 0.4883, 0.4707, 1.004, 0.5227, 0.7191, 0.4758, 1.8062, 1.4868, 0.6397, 0.6834, 0.5237, 0.8507, 0.1935, 1.1827, 0.8191, 2.5749, 1.7685, 2.5768, 0.1139, 1.1226, 1.3161, 0.0808, 5.3951, 0.7541],
      [28.4543, 262.0062, 682.3769, 224.8814, 1046.3907, 47.4465, 615.5318, 602.0218, 458.1457, 921.0665, 467.2089, 275.6266, 133.7277, 684.1022, 169.992, 608.7556, 413.1865, 760.3775, 693.1633, 585.3618, 246.4866, 166.9049, 576.2848, 372.817, 384.8421, 66.9465, 374.0175, 171.5703, 623.6636, 371.1753, 57.0744, 636.1518, 175.8746, 1527.3953, 77.8514],
      [7.0088, 31.438, 107.5679, 24.0546, 115.2773, 8.9473, 75.8823, 69.1015, 74.327, 104.8021, 64.2826, 42.2912, 19.6889, 80.1625, 23.1609, 74.9419, 45.7539, 115.3481, 96.8999, 85.6541, 44.5895, 24.3021, 80.4917, 48.2163, 41.5614, 12.2378, 44.8073, 27.251, 74.2208, 36.8294, 12.6127, 75.016, 16.0929, 250.1404, 6.116]
    ],
    [
      [4.35, 8.8819, 26.4104, 1.1881, 56.4555, 3.277, 19.1614, 46.0801, 24.6142, 77.8402, 6.5702, 10.7854, 20.9252, 6.6947, 6.652, 73.5105, 7.0386, 23.8005, 5.7871, 7.6592, 3.5767, 4.0131, 19.1276, 9.2025, 6.105, 6.7331, 13.3775, 7.4814, 44.0305, 1.6237, 1.6104, 34.2679, 6.4832, 39.5773, 2.2558],
      [5.6627, 1.9248, 17.1188, 0.4627, 35.592, 3.3097, 13.3671, 26.1946, 12.5193, 50.1711, 4.4995, 6.6069, 7.8733, 4.5302, 2.4432, 40.1963, 5.048, 18.0138, 3.4132, 6.169, 4.6981, 1.1147, 11.3865, 6.6178, 8.2221, 2.1104, 10.1931, 5.6982, 38.9112, 2.0774, 4.6398, 27.832, 3.8208, 29.759, 1.4982],
      [52.3322, 90.9613, 252.1936, 16.9787, 725.7648, 45.1688, 152.2256, 259.8588, 168.6692, 838.1087, 68.1956, 67.6988, 177.403, 88.1473, 44.9817, 576.4832, 82.2762, 276.3884, 76.1272, 72.0925, 60.8176, 30.2138, 155.7506, 94.8373, 33.9602, 68.3475, 41.9928, 67.9655, 289.6798, 16.5363, 19.5159, 407.5511, 60.6882, 354.1951, 48.9351],
      [3.2816, 7.0077, 11.544, 0.482, 23.5595, 2.8214, 9.7712, 13.7057, 5.9426, 33.3316, 2.6149, 4.9152, 5.4932, 4.9062, 1.4829, 31.6306, 3.6798, 15.3879, 2.2739, 4.889, 2.2094, 0.7669, 6.1405, 5.4182, 5.4736, 0.7384, 3.1551, 6.511, 17.922, 1.381, 1.8018, 17.5374, 2.7371, 25.3198, 1.498],
      [10.3735, 14.2242, 30.7331, 0.8885, 42.6281, 8.4231, 20.4747, 26.1607, 16.2547, 62.5484, 6.1198, 12.9937, 14.3054, 9.7216, 3.4402, 66.1794, 6.9574, 39.4094, 5.3986, 12.1903, 6.6983, 1.8915, 14.5947, 11.9242, 10.2391, 3.0706, 6.2815, 18.344, 35.4564, 2.3817, 6.432, 34.8115, 4.2707, 71.1488, 1.8129]
    ],
    [
      [0.2882, 1.1126, 3.9907, 0.6158, 6.9443, 0.3366, 5.6764, 6.8757, 7.8617, 13.5286, 1.9104, 1.6045, 5.0878, 3.0483, 3.8831, 9.4976, 2.8388, 6.478, 2.0892, 2.5317, 2.1754, 2.5303, 6.1095, 3.2757, 1.3105, 1.3964, 3.0604, 1.1853, 7.6693, 0.5489, 0.1169, 5.5937, 2.1336, 7.5551, 1.1523],
      [4.864, 5.853, 31.9517, 3.2247, 53.8277, 4.2233, 49.0003, 45.048, 48.9885, 106.7835, 16.5229, 12.3978, 24.4374, 25.7036, 16.6497, 63.5097, 25.4144, 60.0421, 15.4515, 25.444, 32.1201, 8.9124, 45.0382, 29.3747, 22.5042, 5.9894, 23.087, 11.3417, 85.8302, 9.1086, 4.7799, 55.5022, 16.0466, 69.6019, 10.0288],
      [0.2169, 0.7394, 2.3483, 0.4846, 5.5045, 0.2782, 2.7664, 2.3237, 3.2938, 9.0299, 1.1998, 0.6156, 2.6446, 2.4361, 1.5349, 4.5885, 2.0135, 4.6211, 1.6606, 1.4487, 2.0991, 1.1064, 3.0475, 2.0563, 0.4475, 0.8707, 0.5376, 0.6753, 3.1539, 0.3231, 0.0894, 4.0887, 1.2095, 4.182, 1.4718],
      [0.833, 4.3853, 8.0653, 1.2016, 13.2484, 1.2464, 13.5137, 8.9896, 8.7179, 26.5487, 3.5838, 3.4345, 6.3889, 10.3963, 3.9747, 18.947, 6.9217, 19.1915, 3.8491, 7.5471, 5.7657, 2.2621, 9.1675, 9.0574, 5.5275, 1.031, 3.0157, 4.768, 14.2152, 2.2049, 0.5309, 13.1514, 4.16, 22.0457, 3.3059],
      [0.7979, 1.9097, 4.6439, 0.4733, 5.4751, 0.9155, 6.0432, 3.7631, 5.138, 11.1092, 1.7831, 1.9476, 3.4413, 4.4157, 1.9576, 8.4572, 2.8117, 10.6673, 1.9497, 4.0287, 3.8397, 1.1888, 4.6373, 4.2358, 2.2104, 0.7124, 1.2993, 3.0297, 6.1314, 0.8145, 0.483, 5.664, 1.4503, 13.6152, 1.0413]
    ],
    [
      [0.3097, 1.0055, 5.8855, 1.302, 9.5215, 0.3731, 4.7872, 8.0442, 7.9571, 12.5058, 3.1103, 2.8392, 2.5967, 2.7525, 4.4649, 9.8538, 4.1814, 5.322, 4.2866, 2.9043, 2.2479, 4.4442, 6.1415, 2.7937, 1.0822, 1.3965, 4.562, 0.8875, 7.9127, 1.598, 0.2728, 6.292, 1.6508, 8.5337, 0.5911],
      [1.1747, 1.2222, 11.2674, 1.5578, 17.7324, 1.0778, 9.8817, 12.6804, 11.9024, 23.7434, 6.3506, 5.1723, 2.967, 5.5395, 4.5827, 15.8488, 8.895, 11.8754, 7.5225, 6.9475, 7.9413, 3.7161, 10.8238, 5.9623, 4.3623, 1.3776, 8.1197, 1.9956, 21.1072, 6.1621, 2.39, 14.9962, 2.9134, 18.9037, 1.1953],
      [0.2646, 0.7434, 3.7783, 1.1216, 8.3252, 0.3494, 2.5481, 3.0178, 3.6665, 9.1573, 2.1323, 1.1973, 1.4817, 2.4126, 1.9607, 5.2091, 3.2346, 4.1844, 3.7255, 1.8191, 2.3999, 2.156, 3.3512, 1.9129, 0.4096, 0.9627, 0.8948, 0.5908, 3.5894, 1.0267, 0.272, 5.044, 1.0215, 5.2278, 0.8391],
      [5.4312, 23.6008, 70.0138, 15.4351, 106.8014, 8.4857, 67.1833, 62.2829, 52.1938, 144.0532, 34.5923, 36.0237, 19.3903, 55.5952, 27.5504, 115.6668, 60.2121, 93.043, 46.7137, 51.2021, 35.5384, 24.0661, 54.4072, 45.7074, 27.1568, 6.2841, 26.8116, 21.1507, 86.1992, 38.2389, 7.5929, 87.1594, 19.2282, 146.2392, 10.3447],
      [4.8198, 9.4281, 37.0551, 5.5835, 40.6194, 5.7141, 27.5998, 23.9747, 28.2802, 55.5403, 15.8144, 18.7675, 9.5644, 21.7002, 12.4413, 47.4215, 22.477, 47.5752, 21.7518, 25.1269, 21.8726, 11.6175, 25.2763, 19.6237, 9.9891, 3.9791, 10.6119, 12.3754, 34.1914, 12.9743, 6.4723, 34.5085, 6.1861, 83.0956, 3.0298]
    ]
  ],
  "V_est": [
    [26.4289, 95.7928, 43.8218, 15508.8802, 2061.0762],
    [637.148, 423.6955, 5883.0425, 287.3312, 638.7829],
    [132.0134, 1068.6035, 75.1079, 271.1932, 132.082],
    [144.4097, 279.9081, 90.0279, 1731.5954, 777.0588]
  ],
  "p_est": [
    [0.0015, 0.0054, 0.0025, 0.8744, 0.1162],
    [0.081, 0.0538, 0.7475, 0.0365, 0.0812],
    [0.0786, 0.6365, 0.0447, 0.1615, 0.0787],
    [0.0478, 0.0926, 0.0298, 0.5728, 0.257]
  ],
  "EI_Z": {},
  "EI_V": 8.6857,
  "MAE_Z": {},
  "MAE_V": 263.2469,
  "MAE_p": 0.0585,
  "runtime": 0.011
}
