{
  "Z_true": {},
  "V_true": [
    [43, 2947, 148, 3368, 92],
    [972, 217, 684, 176, 69],
    [540, 1036, 6187, 1010, 438],
    [81, 1809, 113, 7207, 195],
    [79, 506, 275, 884, 229],
    [24, 421, 223, 752, 421],
    [92, 123, 314, 166, 342]
  ],
  "p_true": [
    [0.0065, 0.4467, 0.0224, 0.5105, 0.0139],
    [0.4589, 0.1025, 0.3229, 0.0831, 0.0326],
    [0.0586, 0.1125, 0.6717, 0.1097, 0.0476],
    [0.0086, 0.1923, 0.012, 0.7663, 0.0207],
    [0.04, 0.2565, 0.1394, 0.448, 0.1161],
    [0.013, 0.2287, 0.1211, 0.4085, 0.2287],
    [0.0887, 0.1186, 0.3028, 0.1601, 0.3298]
  ],
  "Z_est": [
    [
      [5, 2.9466, 2.1598, 15, 11, 10, 10, 12, 10, 4.9973, 9, 9, 7, 9, 20, 18, 0.4454, 21, 28, 5, 10, 9, 17, 16, 8, 7, 7, 15, 2, 14, 9, 67, 15],
      [3, 4.0452, 2.924, 54, 36, 41, 36, 65, 39, 4.9979, 38, 24, 11, 8, 30, 21, 2.1611, 57, 147, 32, 63, 42, 128, 83, 41, 59, 61, 79, 2, 108, 13, 131, 37],
      [11, 5.738, 2.9635, 57, 46, 49, 51, 70, 52, 7.0012, 40, 34, 32, 26, 75, 48, 2.4034, 70, 114, 27, 46, 31, 68, 59, 25, 25, 30, 49, 10, 87, 21, 176, 38],
      [5, 5.1567, 2.2644, 97, 61, 99, 84, 125, 94, 7.0027, 70, 42, 22, 11, 50, 37, 2.5552, 81, 245, 61, 147, 54, 266, 152, 85, 110, 142, 172, 14, 207, 32, 244, 55],
      [1, 1.1134, 1.6883, 11, 12, 12, 11, 13, 12, 2.0008, 11, 7, 3, 6, 11, 10, 0.4349, 11, 26, 6, 12, 6, 17, 14, 6, 7, 6, 11, 5, 18, 3, 47, 3]
    ],
    [
      [5, 1.7235, 1.8876, 6, 3, 3, 1, 5, 4, 3.9989, 4, 5, 5, 11, 16, 16, 0.2117, 8, 7, 2, 2, 2, 2, 2, 1, 2, 2, 5, 1.1166e-15, 4, 2, 35, 6],
      [6, 3.0734, 3.02, 17, 12, 14, 12, 15, 13, 5, 8, 11, 8, 12, 28, 21, 1.2871, 24, 36, 6, 7, 13, 18, 14, 7, 8, 5, 20, 2, 18, 6, 68, 21],
      [19, 3.2183, 4.2963, 18, 14, 14, 12, 17, 17, 6.9998, 9, 16, 23, 33, 66, 47, 0.9716, 28, 28, 4, 5, 8, 9, 9, 4, 3, 2, 12, 2, 14, 6, 92, 20],
      [8, 1.9512, 1.5801, 31, 19, 29, 21, 30, 31, 6, 16, 20, 16, 14, 44, 36, 1.0889, 33, 60, 11, 16, 15, 36, 24, 14, 15, 11, 42, 3, 35, 10, 127, 29],
      [2, 0.0335, 1.216, 3, 4, 3, 2, 3, 4, 2.0013, 2, 3, 2, 7, 9, 10, 0.4407, 4, 6, 1, 1, 1, 2, 2, 1, 1, 5.0354e-19, 2, 1, 3, 1, 24, 1]
    ],
    [
      [13, 3.012, 4.5228, 15, 16, 13, 14, 14, 15, 4.0004, 12, 17, 21, 37, 56, 41, 0.7978, 29, 23, 4, 5, 8, 9, 13, 4, 3, 3, 9, 4, 9, 9, 115, 18],
      [19, 7.9099, 4.3514, 65, 74, 71, 71, 94, 77, 8.9992, 59, 53, 52, 46, 97, 57, 5.6671, 90, 133, 39, 49, 61, 86, 84, 34, 36, 40, 62, 16, 80, 22, 235, 58],
      [61, 10.1037, 5.6841, 67, 91, 88, 100, 99, 99, 8.9991, 60, 71, 134, 135, 240, 127, 7.7258, 110, 102, 30, 34, 48, 45, 59, 20, 14, 18, 36, 74, 62, 36, 316, 62],
      [26, 8.1063, 2.2644, 113, 120, 170, 162, 176, 180, 8.0002, 105, 88, 92, 57, 159, 99, 5.3025, 127, 218, 69, 108, 78, 175, 150, 67, 63, 86, 129, 103, 149, 51, 436, 86],
      [8, 0.8682, 2.1772, 13, 25, 21, 21, 18, 24, 3.001, 16, 14, 14, 30, 35, 27, 1.5068, 17, 23, 7, 9, 9, 11, 14, 5, 4, 3, 8, 37, 12, 5, 84, 5]
    ],
    [
      [3, 1.2664, 0.8457, 16, 13, 15, 13, 14, 12, 1.0005, 10, 13, 9, 9, 22, 18, 0.227, 21, 29, 6, 9, 8, 20, 20, 8, 8, 8, 19, 4, 11, 7, 99, 17],
      [4, 2.9215, 1.0371, 70, 60, 83, 66, 91, 62, 2.0021, 51, 42, 21, 11, 39, 26, 3.8345, 63, 168, 52, 84, 59, 182, 122, 64, 83, 91, 115, 15, 104, 16, 200, 53],
      [19, 7.3806, 1.1838, 75, 78, 101, 95, 102, 87, 6.9967, 56, 58, 60, 37, 98, 57, 4.8798, 82, 133, 47, 61, 46, 99, 89, 42, 36, 48, 73, 78, 83, 27, 272, 57],
      [7, 4.1285, 0.6427, 123, 100, 200, 152, 175, 151, 3.9987, 93, 70, 40, 14, 64, 44, 4.4057, 91, 279, 100, 192, 78, 377, 223, 131, 154, 212, 250, 106, 197, 41, 373, 81],
      [2, 0.303, 0.2906, 14, 20, 25, 20, 18, 20, 1.002, 14, 11, 6, 7, 14, 12, 0.653, 12, 29, 10, 16, 9, 24, 21, 9, 10, 9, 16, 38, 17, 4, 72, 5]
    ],
    [
      [2, 0.0294, 0.1298, 2, 2, 2, 3, 2, 4, 0.0014, 2, 3, 2, 3, 6, 5, 0.1556, 5, 4, 1, 1, 2, 3, 2, 1, 1, 1, 2, 1, 2, 2, 20, 1],
      [3, 1.0159, 0.1331, 10, 12, 14, 19, 16, 21, 0.9994, 13, 10, 6, 4, 11, 8, 0.5664, 15, 27, 11, 15, 16, 32, 17, 12, 16, 12, 17, 4, 20, 5, 41, 5],
      [10, 2.1307, 0.9486, 13, 17, 17, 27, 18, 29, 2.0009, 13, 16, 18, 14, 29, 21, 1.0099, 19, 22, 10, 12, 12, 19, 14, 8, 8, 5, 10, 20, 19, 7, 55, 5],
      [7, 2.6524, 0.6428, 19, 23, 38, 46, 32, 54, 3.9978, 27, 18, 15, 8, 19, 14, 1.1312, 25, 48, 22, 36, 22, 68, 32, 29, 30, 30, 39, 28, 40, 14, 80, 9],
      [1, 0.1715, 0.1457, 2, 4, 4, 5, 3, 7, 0.0004, 3, 3, 1, 3, 4, 3, 0.1369, 3, 4, 2, 3, 2, 4, 3, 1, 2, 1, 2, 9, 3, 1, 14, 2.5642e-17]
    ],
    [
      [1, 0.0141, 0.2573, 2, 3, 3, 3, 3, 3, 1.0012, 3, 2, 3, 5, 6, 7, 0.1424, 3, 5, 1, 1, 1, 2, 3, 1, 1, 1.5075e-18, 3, 9.5187e-16, 2, 1, 19, 1],
      [2, 0.0192, 0.7279, 10, 14, 17, 17, 24, 19, 0.9996, 15, 8, 6, 6, 11, 10, 0.9542, 10, 31, 8, 10, 11, 22, 18, 8, 12, 8, 21, 6.6985e-16, 23, 3, 40, 3],
      [7, 0.2673, 1.2822, 11, 18, 21, 23, 26, 25, 2.0014, 16, 13, 18, 18, 27, 23, 1.5191, 12, 24, 7, 7, 8, 11, 13, 5, 5, 4, 13, 2, 20, 4, 54, 3],
      [3, 0.8573, 0.4319, 20, 26, 41, 41, 49, 49, 2.0007, 28, 16, 12, 9, 19, 21, 1.0808, 15, 54, 18, 25, 16, 47, 36, 18, 26, 20, 47, 5, 48, 7, 76, 5],
      [3, 0.8421, 0.3007, 2, 6, 7, 5, 5, 7, 2.997, 6, 2, 4, 5, 4, 5, 0.3036, 3, 6, 2, 2, 4, 3, 3, 2, 1, 1, 3, 1, 3, 2, 15, 1]
    ],
    [
      [1, 0.008, 0.1971, 2, 2, 1, 1, 1, 1, 0.0001, 1, 1, 2, 6, 6, 6, 0.0201, 2, 2, 1.3671e-17, 3.1764e-33, 6.6911e-25, 1, 1, 2.4913e-20, 1.01e-20, 1.2709e-17, 8.3006e-40, 2.0357e-17, 4.0119e-48, 1.3066e-15, 11, 1],
      [2, 0.0148, 0.8065, 10, 9, 9, 6, 8, 8, 0.0017, 6, 5, 5, 7, 10, 8, 0.5297, 7, 12, 3, 6, 4, 11, 7, 2, 4, 1, 5, 2, 7, 2, 24, 4],
      [8, 0.1612, 0.6414, 11, 12, 11, 9, 8, 10, 1.0008, 6, 7, 15, 22, 26, 19, 0.4904, 8, 9, 3, 4, 3, 6, 5, 1, 2, 1.2711e-17, 3, 14, 6, 3, 32, 4],
      [3, 0.1476, 0.1736, 19, 15, 22, 15, 15, 19, 0.9998, 11, 10, 10, 9, 17, 16, 0.4357, 10, 20, 7, 16, 6, 24, 15, 4, 8, 4, 11, 20, 14, 5, 44, 6],
      [3, 1.6683, 0.1814, 5, 5, 4, 5, 4, 5, 1.9975, 4, 4, 3, 7, 5, 6, 0.524, 3, 4, 2, 3, 3, 4, 3, 2, 3, 3, 3, 9, 4, 2, 11, 3]
    ]
  ],
  "V_est": [
    [405.5491, 1503.1283, 1485.1062, 2880.979, 323.2374],
    [173.8218, 462.3805, 566.486, 806.6202, 108.6915],
    [561.333, 1986.9276, 2470.5128, 3665.6734, 526.5533],
    [464.3396, 2106.7953, 2216.441, 4131.1756, 486.2486],
    [87.3162, 414.7148, 493.0901, 880.4243, 97.4546],
    [89.415, 389.7009, 443.07, 801.3707, 117.4434],
    [49.2253, 195.3527, 269.2939, 396.7568, 126.3713]
  ],
  "p_est": [
    [0.0615, 0.2278, 0.2251, 0.4366, 0.049],
    [0.0821, 0.2183, 0.2675, 0.3808, 0.0513],
    [0.0609, 0.2157, 0.2682, 0.398, 0.0572],
    [0.0494, 0.224, 0.2357, 0.4393, 0.0517],
    [0.0443, 0.2102, 0.2499, 0.4462, 0.0494],
    [0.0486, 0.2117, 0.2407, 0.4353, 0.0638],
    [0.0475, 0.1884, 0.2597, 0.3826, 0.1219]
  ],
  "EI_Z": {},
  "EI_V": 32.6361,
  "MAE_Z": {},
  "MAE_V": 600.1867,
  "MAE_p": 0.1168,
  "runtime": 0.3528
}
