{
  "Z_true": {},
  "V_true": [
    [853, 954, 229, 88],
    [1083, 6818, 635, 610],
    [380, 341, 21835, 840],
    [41, 211, 543, 679],
    [210, 300, 784, 401]
  ],
  "p_true": [
    [0.4016, 0.4492, 0.1078, 0.0414],
    [0.1184, 0.7455, 0.0694, 0.0667],
    [0.0162, 0.0146, 0.9333, 0.0359],
    [0.0278, 0.1431, 0.3684, 0.4607],
    [0.1239, 0.177, 0.4625, 0.2366]
  ],
  "Z_est": {},
  "V_est": [
    [1596.0421, 527.9579, 0, 0],
    [53.3125, 8096.0421, 0, 996.6454],
    [0, 0, 23396, 0],
    [374.0378, 0, 163.1053, 936.8569],
    [543.6076, 0, 466.8947, 684.4977]
  ],
  "p_est": [
    [0.7514, 0.2486, 0, 0],
    [0.0058, 0.8852, 0, 0.109],
    [0, 0, 1, 0],
    [0.2538, 0, 0.1107, 0.6356],
    [0.3207, 0, 0.2755, 0.4038]
  ],
  "EI_Z": {},
  "EI_V": 13.6824,
  "MAE_Z": {},
  "MAE_V": 517.673,
  "MAE_p": 0.1364,
  "runtime": 0.0158
}
