{
  "Z_true": {},
  "V_true": [
    [24, 979, 222, 430],
    [913, 153, 740, 142],
    [378, 585, 13842, 803],
    [43, 6477, 422, 365],
    [125, 1302, 1412, 1053],
    [40, 974, 923, 553],
    [125, 386, 1031, 1012]
  ],
  "p_true": [
    [0.0145, 0.5915, 0.1341, 0.2598],
    [0.4687, 0.0785, 0.3799, 0.0729],
    [0.0242, 0.0375, 0.8869, 0.0514],
    [0.0059, 0.8864, 0.0578, 0.05],
    [0.0321, 0.3345, 0.3628, 0.2706],
    [0.0161, 0.3912, 0.3707, 0.2221],
    [0.0489, 0.1511, 0.4037, 0.3962]
  ],
  "Z_est": [
    [
      [2.3198, 2.695, 1.6705, 1.4765, 1.5802, 3.0041, 6.2952, 2.7058, 6.5795, 1.7628, 3.8219, 1.0014, 2.4155, 3.3437, 0.6574, 3.0621, 5.2849, 3.0594, 1.9453, 2.047, 6.3209, 5.8474, 4.7501, 4.7576, 3.2298, 5.5833, 0.1846, 0.1859, 1.3385, 2.9664, 5.0297, 1.952, 4.2255, 3.4663, 3.0911, 6.8881, 5.5732, 2.6835, 0.495, 1.6644, 5.4998, 2.7805, 15.3913, 1.1074],
      [13.7767, 21.5587, 11.4775, 20.454, 14.0433, 2.6308, 21.3295, 36.5299, 30.621, 10.0217, 41.3301, 0.8769, 16.9161, 22.8863, 14.1726, 17.7808, 25.5996, 16.339, 8.1899, 20.3854, 48.5683, 35.5142, 55.8696, 57.9982, 49.6603, 53.7898, 7.956, 1.3978, 5.8281, 15.5599, 42.2472, 15.3, 71.8843, 52.8934, 56.5715, 65.3881, 41.2516, 7.531, 0.0838, 2.8085, 64.2727, 13.9439, 71.0319, 18.6604],
      [1.3778, 1.4653, 0, 5.1428, 0, 0, 0, 1.6255, 0.7182, 1.2292, 7.8355, 0, 3.0765, 3.5813, 0.7562, 1.4252, 3.6195, 0, 0, 0.8263, 8.4716, 5.2474, 0, 8.2281, 3.9701, 5.11, 1.0769, 0.1484, 0.2946, 0, 17.1482, 2.3051, 24.8624, 15.7037, 3.802, 9.9254, 3.559, 0, 0, 0, 6.5562, 0, 14.2865, 0.8201],
      [1.5257, 2.281, 0.8521, 1.9267, 1.3765, 0.3652, 2.3752, 3.1388, 3.0813, 0.9864, 4.0124, 0.1217, 1.5919, 2.1887, 1.4137, 2.7319, 2.496, 1.6016, 0.8648, 1.7413, 4.6391, 3.391, 4.3803, 5.0162, 4.1399, 4.5169, 1.7825, 0.2679, 0.5388, 1.4736, 4.575, 1.4429, 7.0278, 4.9366, 4.5354, 5.7984, 3.6162, 0.7855, 0.4212, 0.5271, 5.6713, 1.2756, 7.2903, 1.4122]
    ],
    [
      [19.8038, 24.1222, 15.3264, 14.0381, 15.2071, 24.4235, 48.0902, 24.1222, 57.8306, 15.3794, 36.6652, 16.8438, 22.2522, 28.9418, 5.504, 24.6764, 43.0585, 28.8349, 18.3844, 18.9604, 49.1167, 46.1141, 36.5809, 40.0028, 31.3324, 46.6394, 1.7904, 1.7891, 8.4219, 24.2812, 47.6019, 17.8808, 35.5784, 27.626, 29.4671, 56.9631, 50.0613, 22.7534, 0, 10.1063, 52.7621, 24.1752, 129.2525, 10.6882],
      [1.278, 1.9614, 1.2445, 5.0249, 1.5151, 0.506, 1.298, 3.0891, 3.3105, 0.9518, 3.3629, 0.349, 1.517, 2.0057, 0.6918, 1.5599, 2.3761, 5.7968, 3.2937, 1.8594, 3.1978, 3.0085, 1.6628, 3.8315, 5.1629, 4.5055, 0.3844, 0.1262, 0.1745, 1.862, 3.0702, 3.9898, 4.3847, 3.2593, 4.6304, 5.2129, 4.1266, 2.3789, 0, 0.2094, 7.1156, 3.4374, 6.6021, 2.5615],
      [2.1561, 2.8129, 1.9033, 2.0842, 5.8193, 0.9364, 2.0021, 2.5105, 12.2868, 3.2276, 9.588, 0.6458, 6.5145, 5.6897, 0.5922, 2.8107, 6.3437, 10.3384, 6.0072, 4.3744, 2.0989, 3.7011, 1.55, 5.1176, 8.6282, 6.3557, 0.6549, 0.6737, 0.3229, 2.3579, 22.3823, 1.9307, 3.1811, 1.2271, 5.8916, 6.9211, 12.145, 3.4761, 0, 0.3875, 16.4446, 3.2155, 24.9405, 4.0676],
      [5.7621, 8.1036, 5.5258, 3.8529, 5.4585, 3.134, 10.6098, 7.2782, 13.5722, 3.4412, 10.3838, 2.1614, 4.7164, 6.3628, 1.2121, 4.9529, 8.2217, 8.0299, 5.3147, 4.8059, 10.5865, 9.1763, 8.2063, 9.0481, 8.8765, 9.4995, 1.1703, 0.4111, 1.0807, 5.4988, 10.9457, 4.1988, 8.8558, 5.8876, 8.0109, 11.9029, 10.667, 4.3916, 0, 1.2968, 14.6777, 5.1719, 25.2049, 2.6826]
    ],
    [
      [2.1136, 0.784, 0.1501, 0.1334, 0.1417, 2.0554, 7.8266, 0.2418, 4.0564, 1.1558, 0.3418, 3.2813, 0.3719, 1.3048, 0.251, 4.0624, 4.5972, 0.2751, 0.1751, 0.1834, 7.8814, 8.5393, 5.4216, 3.191, 0.2918, 4.192, 0.0167, 0.0167, 2.9154, 3.4812, 0.4502, 0.3902, 1.352, 3.1414, 0.2751, 5.9776, 2.1097, 2.988, 0.2731, 4.9049, 0.4919, 1.9353, 17.5755, 0.1001],
      [12.7593, 16.2416, 8.4575, 2.4396, 8.2502, 5.3156, 17.3326, 14.9992, 11.0021, 3.3789, 14.2162, 3.1441, 11.3391, 7.7056, 7.0667, 8.9674, 8.1589, 19.4993, 6.3572, 14.0738, 15.8645, 20.253, 60.6477, 36.3475, 57.9861, 45.4176, 1.0177, 0.0798, 8.7495, 22.6984, 9.8483, 12.7554, 28.3132, 39.3601, 49.9345, 42.6188, 22.3994, 6.3085, 0.1732, 48.2361, 44.7119, 27.3908, 38.5734, 9.0535],
      [243.2453, 430.2082, 384.5297, 87.3014, 331.0968, 299.7768, 698.2342, 470.7653, 688.681, 231.7802, 562.5525, 244.4441, 108.5207, 170.2148, 27.2358, 121.8167, 349.4537, 483.3842, 211.5038, 223.0217, 551.0018, 348.8022, 514.735, 489.84, 486.3365, 447.1981, 41.9709, 3.4929, 28.609, 239.9651, 221.0191, 82.1831, 385.4526, 361.0848, 441.8465, 388.6317, 338.3133, 146.6973, 0, 220.7958, 788.219, 192.7744, 595.8979, 80.5345],
      [39.8818, 57.7662, 46.8627, 7.1256, 21.5112, 26.8521, 36.6066, 30.9937, 33.2604, 5.6851, 34.8894, 16.1305, 2.7682, 13.7748, 2.4466, 10.1536, 11.7902, 15.8413, 12.9639, 11.721, 39.2523, 21.4055, 20.1956, 21.6216, 31.3856, 18.1922, 2.9948, 0.4106, 5.7261, 12.8554, 14.6823, 11.6713, 29.8822, 13.4137, 26.9439, 20.7719, 18.1776, 5.0062, 0.5537, 21.0632, 49.5772, 10.8995, 44.9532, 3.3119]
    ],
    [
      [0.4797, 0.7749, 0.3651, 0.0074, 0.0078, 6.3731, 4.5166, 0.8444, 1.3189, 0.319, 0.0189, 4.4917, 0.4971, 1.7463, 0.4122, 0.506, 3.1414, 0.0152, 0.0097, 0.0101, 2.7574, 0.9203, 2.1559, 1.4056, 0.0161, 1.8272, 0.0009, 0.0009, 0.1809, 0.7312, 0.0248, 0.3594, 1.8429, 1.3653, 0.0152, 2.1439, 0.9189, 0.318, 0.232, 1.1761, 0.0271, 0.6851, 1.8196, 0.0055],
      [71.2446, 118.5595, 74.9702, 109.1111, 87.7664, 67.7201, 167.9857, 238.7667, 162.5686, 48.7019, 217.9257, 15.7437, 78.9052, 117.2238, 75.6789, 81.467, 117.7031, 134.1217, 49.2342, 115.2774, 221.6909, 147.694, 344.8986, 229.6252, 270.7391, 290.2875, 49.2921, 5.5436, 28.344, 112.9152, 136.475, 57.8465, 298.3483, 224.5213, 340.0955, 335.341, 147.7673, 46.7128, 0.743, 170.8039, 368.8748, 105.4748, 286.7495, 53.8964],
      [8.7398, 11.6345, 7.7934, 3.7, 9.5754, 11.6, 26.672, 68.472, 58.8291, 4.7323, 66.1288, 8.6651, 5.3002, 27.1341, 0.7546, 3.2778, 13.4047, 13.6176, 2.2958, 6.2276, 13.4076, 5.9527, 24.3353, 9.2305, 10.8129, 21.4663, 5.3124, 3.3341, 1.866, 10.6857, 8.5336, 2.3359, 16.7981, 9.0045, 30.072, 29.8853, 5.9527, 5.8075, 0, 31.4375, 50.8271, 10.5764, 13.5726, 5.0256],
      [2.5359, 4.0311, 2.8713, 1.1815, 2.6504, 5.3067, 4.8257, 5.9169, 5.2834, 1.2468, 5.9266, 1.0995, 1.2975, 2.8958, 1.1543, 1.7492, 2.7508, 3.2455, 1.4603, 2.4849, 5.144, 3.433, 6.6102, 4.7387, 5.4319, 5.419, 1.3945, 0.1214, 0.6092, 2.6679, 2.9666, 1.4582, 6.0107, 4.1089, 6.8173, 6.6298, 3.3611, 1.1618, 0.0251, 3.5825, 8.271, 2.2637, 6.8583, 1.0724]
    ],
    [
      [0.0367, 0.0426, 0.0264, 0.0235, 0.025, 0.0558, 0.0999, 0.0426, 0.1043, 0.0279, 0.0602, 0.0382, 0.0382, 0.0529, 0.0103, 0.0485, 0.0837, 0.0485, 0.0309, 0.0323, 0.0999, 0.0926, 0.0749, 0.0749, 0.0514, 0.0882, 0.0029, 0.0029, 0.0191, 0.047, 0.0793, 0.0309, 0.0661, 0.0544, 0.0485, 0.1087, 0.0882, 0.0426, 0, 0.0264, 0.0867, 0.0441, 0.2439, 0.0176],
      [2.361, 4.0239, 2.5252, 3.8735, 3.2009, 2.6484, 5.5431, 7.473, 5.4815, 1.6835, 7.0829, 0.6775, 2.7716, 3.8391, 2.7428, 3.5964, 4.065, 4.5577, 1.8477, 4.0855, 7.9041, 5.8921, 15.9678, 8.6227, 9.9161, 10.2035, 3.8142, 0, 0, 6.265, 4.9067, 2.3199, 11.2357, 8.2942, 11.5995, 11.6201, 5.7895, 1.5398, 0, 4.7835, 12.277, 3.6133, 10.2651, 1.8477],
      [49.3502, 79.9937, 67.9274, 41.5415, 66.0815, 60.5281, 130.0495, 123.7852, 119.2472, 31.697, 127.0716, 33.0164, 23.5832, 64.3445, 8.1728, 34.9359, 52.2736, 88.064, 51.6878, 65.223, 66.5502, 38.7975, 120.7377, 69.7423, 82.7191, 43.2413, 11.4342, 0.3967, 3.5757, 53.9625, 34.35, 19.6169, 94.3115, 46.8616, 92.4793, 81.9624, 44.3343, 38.1525, 0, 28.5069, 155.1017, 26.4881, 86.0211, 7.7985],
      [27.2522, 42.9398, 33.521, 14.5615, 27.6926, 27.7676, 47.3074, 41.6992, 48.167, 11.5916, 46.7852, 14.2679, 10.6071, 21.7634, 4.0742, 13.4193, 20.5777, 29.3298, 17.4336, 20.6592, 37.4458, 25.2178, 40.2196, 31.5601, 35.3134, 24.467, 4.7487, 0.6004, 3.4052, 21.7254, 19.664, 12.0323, 38.3867, 20.7898, 34.8727, 36.3088, 24.788, 11.2652, 0, 16.6831, 58.5346, 13.8545, 52.4699, 5.3362]
    ],
    [
      [0.2073, 0.5361, 0.4335, 0.2963, 0.0116, 2.0289, 1.0655, 0.9981, 0.9997, 0.3255, 0.0281, 0.3031, 0.3846, 0.5545, 0.1542, 0.5932, 0.7455, 0.7155, 0.422, 0.7325, 1.7177, 1.3882, 1.937, 1.4887, 0.024, 1.5763, 0.0014, 0.0014, 0.104, 0.4431, 0.7299, 0.354, 1.865, 1.2889, 0.0515, 1.8033, 1.1552, 0.1693, 0, 0.0938, 0.0404, 0.333, 1.4587, 0.0626],
      [13.2556, 33.1012, 23.9776, 16.9478, 29.8144, 49.8146, 55.7483, 62.1137, 53.262, 17.0305, 60.1074, 12.1156, 23.1696, 32.8111, 9.6473, 30.6285, 39.5379, 41.0583, 20.823, 42.7563, 86.6866, 67.8957, 111.281, 82.3884, 89.0092, 91.392, 3.5357, 3.1424, 5.9039, 29.1654, 42.4526, 20.4692, 102.9715, 74.8035, 102.1686, 104.22, 59.8688, 10.3172, 0, 5.5003, 100.5719, 21.6426, 85.3654, 3.7262],
      [0.3544, 3.4117, 5.8593, 3.3542, 9.3822, 18.9399, 16.7739, 7.5849, 14.3625, 5.2378, 9.5093, 8.1652, 2.9898, 4.9351, 1.0164, 10.1073, 10.8452, 8.3054, 8.2094, 14.5678, 32.5954, 28.1494, 24.6199, 21.4181, 16.2331, 18.3062, 1.2888, 1.7813, 0.8598, 0.7846, 6.9448, 3.7205, 28.0427, 15.4963, 14.1321, 20.9438, 19.6457, 0.2784, 0, 0.1519, 12.3499, 0.5821, 10.318, 0.1012],
      [0.1828, 0.9509, 0.7296, 0.4017, 0.7917, 1.2167, 1.4122, 1.3033, 1.3759, 0.4061, 1.3552, 0.4161, 0.4559, 0.6992, 0.1821, 0.671, 0.8713, 0.9209, 0.5456, 0.9435, 2.0003, 1.5667, 2.1621, 1.7048, 1.7337, 1.7254, 0.1741, 0.0749, 0.1323, 0.6068, 0.8727, 0.4563, 2.1209, 1.4114, 4.6478, 2.0329, 1.3303, 0.235, 0, 0.254, 2.0379, 0.4422, 1.8579, 0.11]
    ],
    [
      [0.039, 0.0452, 0.028, 0.0249, 0.0265, 0.0592, 0.106, 0.0452, 0.1106, 0.0296, 0.0639, 0.0405, 0.0405, 0.0561, 0.0109, 0.0514, 0.0888, 0.0514, 0.0327, 0.0343, 0.106, 0.0982, 0.0795, 0.0795, 0.0545, 0.0935, 0.0031, 0.0031, 0.0203, 0.0499, 0.0841, 0.0327, 0.0701, 0.0577, 0.0514, 0.1153, 0.0935, 0.0452, 0, 0.028, 0.0919, 0.0467, 0.2587, 0.0187],
      [0.3249, 0.5537, 0.3475, 5.1491, 0.4097, 0.3645, 0.7628, 1.0284, 0.7543, 0.2317, 0.9747, 0.0932, 0.3814, 0.5283, 0, 0, 0.5594, 0.6272, 0.2543, 0.5622, 1.0877, 6.7424, 1.6725, 1.1866, 0.5263, 1.4041, 0, 0.7102, 0, 0.534, 0, 0.3193, 0.8624, 0.8683, 0, 1.5991, 0.7967, 0.2119, 0, 0.6583, 0.1762, 0.4972, 1.4126, 0.2543],
      [11.7765, 22.4736, 11.9868, 9.8759, 36.0448, 19.2186, 39.2683, 23.2566, 54.8753, 14.0959, 35.3141, 12.0634, 17.0151, 11.1003, 1.4721, 4.6265, 15.0596, 27.2904, 9.296, 12.7592, 22.8745, 21.3497, 24.022, 26.4235, 14.3, 11.3224, 1.2618, 1.1731, 1.4721, 26.2442, 8.6221, 10.9078, 15.3515, 8.6221, 11.7765, 29.7304, 23.05, 5.5882, 0, 11.7204, 22.5015, 12.3634, 40.9633, 4.6525],
      [43.8596, 72.9275, 44.6376, 23.95, 52.5191, 50.3577, 76.8629, 60.6698, 87.2598, 20.6428, 74.6473, 24.8029, 21.5629, 31.3153, 5.517, 17.3221, 33.2922, 47.0309, 25.417, 29.6443, 64.9319, 49.8097, 57.2259, 54.3105, 53.1191, 40.18, 4.7351, 2.1137, 5.5077, 39.172, 32.2938, 22.7402, 56.716, 31.452, 44.1721, 61.5552, 46.0598, 15.1547, 0, 29.5933, 84.2303, 25.0926, 96.3654, 10.0746]
    ]
  ],
  "V_est": [
    [151.7403, 1222.9301, 164.1951, 116.1344],
    [1303.4501, 117.8863, 226.3155, 300.3481],
    [111.4149, 849.4438, 13763.1684, 883.9728],
    [46.7857, 6425.3559, 684.7871, 150.0713],
    [2.4197, 232.7573, 2565.7163, 1091.1067],
    [29.6229, 1972.199, 442.6558, 45.5224],
    [2.5663, 35.4275, 745.1618, 1770.8444]
  ],
  "p_est": [
    [0.0917, 0.7389, 0.0992, 0.0702],
    [0.6691, 0.0605, 0.1162, 0.1542],
    [0.0071, 0.0544, 0.8818, 0.0566],
    [0.0064, 0.8793, 0.0937, 0.0205],
    [0.0006, 0.0598, 0.6592, 0.2803],
    [0.0119, 0.792, 0.1778, 0.0183],
    [0.001, 0.0139, 0.2918, 0.6934]
  ],
  "EI_Z": {},
  "EI_V": 12.6398,
  "MAE_Z": {},
  "MAE_V": 320.0946,
  "MAE_p": 0.1121,
  "runtime": 1.53
}
