{
  "X": [
    [2, 0, 25, 8, 2],
    [18, 12, 69, 300, 22],
    [5, 9, 33, 199, 20],
    [0, 0, 53, 7, 2],
    [2, 1, 10, 6, 4],
    [1, 0, 9, 1, 0],
    [1, 7, 80, 20, 8],
    [4, 6, 19, 49, 8],
    [2, 3, 76, 22, 7],
    [20, 3, 89, 73, 14],
    [22, 17, 271, 359, 31],
    [5, 16, 120, 216, 22],
    [14, 35, 112, 366, 35],
    [9, 13, 46, 148, 12],
    [10, 19, 134, 235, 27],
    [6, 1, 41, 41, 5],
    [9, 15, 130, 283, 30],
    [5, 11, 55, 142, 23],
    [13, 12, 76, 164, 11],
    [9, 14, 210, 112, 15],
    [19, 28, 241, 357, 29],
    [11, 11, 257, 211, 16],
    [8, 11, 47, 178, 16],
    [7, 19, 78, 275, 27],
    [28, 23, 137, 325, 38],
    [24, 11, 223, 263, 29],
    [16, 11, 109, 215, 34],
    [21, 24, 177, 248, 38],
    [7, 15, 64, 191, 26],
    [16, 53, 306, 591, 51],
    [13, 10, 116, 195, 25],
    [35, 43, 640, 662, 82],
    [8, 22, 310, 205, 37],
    [11, 10, 80, 136, 14],
    [3, 7, 56, 135, 16],
    [4, 13, 142, 154, 19],
    [15, 5, 394, 271, 41],
    [9, 19, 281, 168, 33],
    [27, 26, 83, 315, 27],
    [10, 3, 27, 65, 13],
    [26, 26, 185, 441, 52],
    [30, 46, 198, 563, 76],
    [13, 29, 171, 198, 25],
    [21, 2, 64, 122, 19],
    [9, 8, 35, 83, 11],
    [31, 19, 186, 202, 28],
    [7, 10, 81, 111, 15],
    [20, 17, 173, 307, 30],
    [34, 22, 209, 337, 43],
    [18, 21, 373, 242, 37],
    [27, 54, 512, 522, 58],
    [3, 9, 90, 141, 18],
    [6, 3, 66, 64, 6],
    [2, 0, 78, 26, 8],
    [9, 14, 302, 206, 34],
    [5, 2, 69, 17, 11],
    [4, 9, 216, 104, 22],
    [0, 0, 41, 5, 1],
    [42, 34, 529, 531, 69],
    [1, 1, 33, 7, 0],
    [4, 0, 11, 10, 1],
    [1, 1, 9, 6, 2],
    [0, 5, 81, 30, 10],
    [5, 0, 72, 16, 3],
    [3, 4, 73, 39, 8],
    [0, 0, 25, 1, 0],
    [6, 6, 60, 85, 9],
    [0, 5, 40, 17, 5],
    [3, 3, 129, 42, 17],
    [0, 1, 57, 15, 9],
    [0, 1, 71, 19, 11],
    [4, 13, 182, 141, 30],
    [0, 0, 7, 2, 2],
    [4, 5, 83, 74, 18],
    [5, 1, 27, 57, 7],
    [4, 1, 161, 51, 11],
    [0, 0, 3, 2, 0],
    [5, 15, 239, 306, 31],
    [29, 31, 656, 661, 78],
    [4, 1, 50, 101, 6],
    [127, 26, 627, 674, 119],
    [2, 3, 56, 59, 3]
  ],
  "W": [
    [5, 1, 8, 21, 1, 0, 1],
    [10, 12, 286, 38, 33, 8, 34],
    [4, 11, 194, 24, 13, 7, 13],
    [3, 0, 5, 46, 2, 3, 3],
    [2, 4, 5, 6, 1, 4, 1],
    [0, 1, 1, 6, 0, 1, 2],
    [9, 2, 32, 56, 7, 4, 6],
    [5, 7, 43, 10, 5, 6, 10],
    [6, 8, 17, 57, 5, 6, 11],
    [4, 24, 60, 42, 14, 18, 37],
    [34, 23, 351, 167, 38, 44, 43],
    [14, 16, 180, 83, 32, 27, 27],
    [9, 23, 340, 79, 35, 34, 42],
    [6, 9, 132, 37, 9, 9, 26],
    [15, 13, 229, 89, 28, 20, 31],
    [3, 9, 41, 24, 2, 7, 8],
    [6, 11, 293, 66, 34, 34, 23],
    [2, 11, 131, 27, 24, 21, 20],
    [9, 18, 164, 37, 14, 16, 18],
    [26, 10, 143, 144, 14, 11, 12],
    [18, 26, 350, 159, 48, 31, 42],
    [24, 19, 215, 172, 29, 30, 17],
    [2, 8, 169, 29, 19, 6, 27],
    [11, 15, 256, 44, 23, 15, 42],
    [11, 32, 316, 75, 19, 44, 54],
    [15, 30, 256, 148, 34, 36, 31],
    [12, 16, 207, 77, 27, 24, 22],
    [21, 18, 241, 120, 27, 44, 37],
    [5, 10, 180, 44, 18, 24, 22],
    [17, 24, 594, 188, 80, 55, 59],
    [5, 17, 193, 65, 17, 25, 37],
    [43, 55, 636, 454, 91, 110, 73],
    [23, 21, 213, 210, 31, 42, 42],
    [6, 14, 130, 54, 13, 13, 21],
    [7, 3, 137, 29, 13, 10, 18],
    [12, 4, 150, 94, 13, 40, 19],
    [36, 29, 262, 284, 36, 57, 22],
    [29, 19, 187, 183, 31, 44, 17],
    [7, 33, 277, 48, 39, 23, 51],
    [1, 8, 60, 21, 12, 3, 13],
    [15, 32, 422, 122, 42, 31, 66],
    [25, 37, 528, 126, 44, 59, 94],
    [9, 20, 215, 117, 18, 26, 31],
    [6, 20, 118, 39, 11, 20, 14],
    [2, 10, 65, 28, 7, 15, 19],
    [19, 33, 200, 126, 31, 26, 31],
    [4, 4, 118, 60, 15, 10, 13],
    [18, 23, 293, 109, 27, 43, 34],
    [12, 52, 322, 121, 34, 48, 56],
    [43, 42, 250, 273, 27, 24, 32],
    [48, 28, 526, 348, 90, 69, 64],
    [12, 9, 126, 59, 15, 25, 15],
    [1, 4, 58, 54, 11, 7, 10],
    [5, 3, 25, 61, 8, 9, 3],
    [32, 17, 193, 215, 50, 27, 31],
    [10, 3, 19, 45, 6, 17, 4],
    [19, 10, 97, 155, 32, 21, 21],
    [3, 0, 2, 28, 7, 3, 4],
    [75, 66, 527, 303, 58, 108, 68],
    [1, 2, 6, 23, 3, 5, 2],
    [2, 3, 10, 5, 3, 1, 2],
    [0, 2, 6, 9, 0, 2, 0],
    [11, 3, 30, 53, 14, 8, 7],
    [1, 3, 18, 57, 7, 5, 5],
    [7, 5, 35, 53, 8, 7, 12],
    [0, 0, 1, 25, 0, 0, 0],
    [5, 6, 77, 48, 10, 9, 11],
    [4, 4, 15, 21, 7, 7, 9],
    [13, 2, 47, 92, 12, 9, 19],
    [5, 2, 17, 40, 11, 2, 5],
    [2, 0, 17, 61, 8, 7, 7],
    [14, 9, 137, 121, 25, 25, 39],
    [4, 1, 0, 3, 2, 1, 0],
    [7, 5, 75, 56, 10, 18, 13],
    [2, 5, 50, 25, 6, 3, 6],
    [5, 6, 54, 118, 15, 13, 17],
    [0, 0, 3, 1, 0, 0, 1],
    [7, 3, 295, 218, 27, 6, 40],
    [71, 51, 605, 477, 90, 72, 89],
    [0, 6, 94, 36, 17, 2, 7],
    [69, 145, 594, 465, 79, 100, 121],
    [4, 5, 52, 49, 7, 2, 4]
  ],
  "method": "mvn_cdf",
  "mvncdf_method": "genz",
  "mvncdf_samples": 5000,
  "mvncdf_error": 1e-06,
  "cond_prob": [
    [
      [0.068463754462, 0, 0.80110731591, 0.010868421204, 0.11956050842],
      [0.9988093764, 0, 0.00050609127308, 0.00033986692731, 0.00034466540108],
      [0.0043828517339, 0, 0.028402733698, 0.90708110159, 0.060133312974],
      [0, 0, 0.96056026125, 0.012042748983, 0.027396989771],
      [0.031318645798, 0, 0.49894600608, 0.24680803765, 0.22292731047],
      [0.085748964885, 0.0093773645358, 0.53492861578, 0.088847557899, 0.2810974969],
      [0.59249039162, 0, 0.096023967359, 0.188963448, 0.12252219302]
    ],
    [
      [0.043686087138, 0.012286385876, 0.80401277642, 0.025756992289, 0.11425775827],
      [0.79179034129, 0.005036504205, 0.067402627375, 0.094313955251, 0.041456571874],
      [0, 0.0014228365137, 0.016519761707, 0.94536077676, 0.036696625021],
      [0, 0.0052528809988, 0.95088411944, 0.03579839202, 0.0080646075376],
      [0.013367897226, 0.16861745253, 0.35028505507, 0.34353339272, 0.12419620245],
      [0.043936087115, 0.12585416422, 0.46502510107, 0.16503488546, 0.20014976213],
      [0.21379487434, 0.13643965067, 0.11803484395, 0.41824295649, 0.11348767454]
    ],
    [
      [0.0093254645723, 0.025344888608, 0.71495797392, 0.034237052769, 0.21613462013],
      [0.37329261252, 0.023683240836, 0.13588846513, 0.28747489848, 0.17966078302],
      [0.0011100866812, 0.004432065052, 0, 0.94246860999, 0.051989238279],
      [0.0018819198643, 0.0017041943363, 0.93091470142, 0.048892505786, 0.016606678595],
      [0.0020936151666, 0.26308430701, 0.2259368512, 0.33623998213, 0.17264524449],
      [0.007288497627, 0.20667665175, 0.3187113297, 0.17112752199, 0.29619599894],
      [0.039824617733, 0.22081161222, 0.087329521563, 0.47072961596, 0.18130463253]
    ],
    [
      [0, 0, 0.93526456584, 0.0083783117631, 0.056357122393],
      [0.080316842666, 0.0055704149051, 0.53365837606, 0.23507045942, 0.14538390695],
      [0, 0, 0.053638355739, 0.90614116249, 0.040220481776],
      [0, 0, 0.98392659675, 0.0097119156036, 0.0063614876467],
      [0, 0, 0.66280173372, 0.19752865015, 0.13966961612],
      [0, 0, 0.75642714255, 0.077805634665, 0.16576722279],
      [0, 0, 0.35683539273, 0.45631231007, 0.1868522972]
    ],
    [
      [0.0069627500219, 0.0074389708614, 0.71557753898, 0.011875688253, 0.25814505188],
      [0.44595914822, 0.0083367604282, 0.14968414896, 0.17880587542, 0.21721406697],
      [0.00091377389932, 0.078236508113, 0.050700820339, 0.87014889765, 0],
      [0.019348513727, 0.0004965563354, 0.96336171748, 0.016793212462, 0],
      [0.002488893352, 0.13240732613, 0.33250518736, 0.19750008198, 0.33509851118],
      [0.0067297584695, 0.077196414573, 0.36759940801, 0.075132658519, 0.47334176043],
      [0.052170027974, 0.11642015356, 0.13353110025, 0.31149064276, 0.38638807546]
    ],
    [
      [0.0011610318473, 0.00019488653388, 0.99606751513, 0.00069364401156, 0.0018829224783],
      [0.67120979092, 0, 0.31176224901, 0.017027960066, 0],
      [0.015203763092, 0, 0.19111967921, 0.7936765577, 0],
      [0.013563942247, 0, 0.98643605775, 0, 0],
      [0.00083678700943, 0.0026569457896, 0.97266329221, 0.018285807422, 0.0055571675728],
      [0.0079104325621, 0, 0.98581769077, 0.0062718766709, 0],
      [0.11214617997, 0, 0.79634201724, 0.091511802783, 0]
    ],
    [
      [0.0020054734621, 0.01867492336, 0.91959663576, 0.0016386928246, 0.058084274593],
      [0.27371390178, 0.050646865613, 0.49529884441, 0.039417260319, 0.14092312788],
      [0.0012092996296, 0.0068042214949, 0.22528622475, 0.6000079694, 0.16669228472],
      [0.0043035135305, 0, 0.99375161633, 0.0019448701442, 0],
      [0.00080484186691, 0.37340421044, 0.5153692795, 0.027786197619, 0.082635470568],
      [0.0023862816944, 0.24147525859, 0.62248176721, 0.012273349021, 0.12138334349],
      [0.023274928262, 0.48886106054, 0.29604514297, 0.058942119261, 0.13287674896]
    ],
    [
      [0.010618964485, 0.02693035852, 0.76976285623, 0.027223672584, 0.16546414818],
      [0.45827626367, 0.025394553457, 0.14359755967, 0.23381549885, 0.13891612436],
      [0.0031988237778, 0, 0.0050899370754, 0.9367033365, 0.055007902651],
      [0.0028531015371, 0.00052536166328, 0.94826683047, 0.036523370859, 0.01183133547],
      [0.0025523473947, 0.31025618429, 0.25451702038, 0.29096476447, 0.14170968347],
      [0.008866534038, 0.24047611346, 0.36003068839, 0.14650938963, 0.24411727448],
      [0.050692995285, 0.26881951144, 0.101169797, 0.42498158071, 0.15433611557]
    ],
    [
      [0.0026117324123, 0.0055178201493, 0.90984377899, 0.008354360562, 0.073672307885],
      [0.24470779614, 0.012584807667, 0.41409209088, 0.1728130834, 0.15580222192],
      [0, 0.0017196888, 0.063644152134, 0.87202991308, 0.062606245986],
      [0, 0.00030980142025, 0.97645657088, 0.012029736257, 0.011203891444],
      [0.0012129786455, 0.11631012766, 0.59058025526, 0.17008824968, 0.12180838876],
      [0.0034337238605, 0.074376804162, 0.68125592236, 0.070189169754, 0.17074437986],
      [0, 0.162864524, 0.31343533293, 0.34414449213, 0.17955565094]
    ],
    [
      [0.010883830143, 0.0033873014577, 0.92264908004, 0.0085434897676, 0.054536298589],
      [0.58878508241, 0.0043985579794, 0.24437806328, 0.099480395177, 0.062957901146],
      [0.001964826322, 0, 0.066249891862, 0.87942486518, 0.052360416641],
      [0.0015144732367, 0, 0.98473951912, 0.010072414982, 0.0036735926604],
      [0.0053365861576, 0.073689464488, 0.64356121391, 0.1824537024, 0.094959033038],
      [0.014987510266, 0.04713330456, 0.73196221826, 0.074944077805, 0.13097288911],
      [0.14323345555, 0.027049551831, 0.32229999791, 0.36449778332, 0.14291921139]
    ],
    [
      [0.014444103494, 0.0080872719114, 0.89733879808, 0.014043303168, 0.066086523349],
      [0.61328443508, 0.0082884352218, 0.18977762182, 0.12861507266, 0.060034435222],
      [0.0017060357403, 0.0016027028969, 0.045372857009, 0.91692224154, 0.03439616281],
      [0.0020500294608, 0.00045867370695, 0.9762886863, 0.016889712859, 0.004312897676],
      [0.0057757751578, 0.14397565817, 0.51285366359, 0.24379482658, 0.093600076506],
      [0.017632486669, 0.10012728905, 0.63293002405, 0.1091025107, 0.14020768954],
      [0.12713665442, 0.13996687885, 0.22842213645, 0.3916134491, 0.11286088118]
    ],
    [
      [0.0061154803826, 0.015674864385, 0.81829871218, 0.036205446542, 0.12370549651],
      [0.28775156879, 0.018035034367, 0.1936654561, 0.37414620982, 0.12640173093],
      [0, 0.0038361479253, 0.014706240816, 0.95189595022, 0.029561661037],
      [0, 0.0018590747221, 0.94355739528, 0.04606759243, 0.0085159375674],
      [0, 0.18208723012, 0.29909520276, 0.40611858052, 0.1126989866],
      [0, 0.15317538919, 0.43467778321, 0.21324103239, 0.1989057952],
      [0.011494747188, 0.17350572771, 0.11760877561, 0.57735558253, 0.12003516696]
    ],
    [
      [0.012317742446, 0.037557895569, 0.77520410518, 0.030683743973, 0.14423651283],
      [0.45736274812, 0.0339772032, 0.14454598292, 0.24839637698, 0.11571768878],
      [0.00067209620893, 0, 0.0089238662241, 0.94706115623, 0.043342881336],
      [0.0019537255339, 0, 0.94394192705, 0.043608648915, 0.010495698499],
      [0.0026488160007, 0.36335064457, 0.23741448121, 0.28674821401, 0.1098378442],
      [0.0095516584971, 0.29788796278, 0.34634650908, 0.15158577106, 0.19462809858],
      [0.061177979383, 0.26273904695, 0.095423584328, 0.46130356058, 0.11935582876]
    ],
    [
      [0.023515736419, 0.03566582173, 0.75686941391, 0.037602615646, 0.14634641229],
      [0.61380475287, 0.02102459385, 0.090131719634, 0.19871526513, 0.076323668519],
      [0.0010386886299, 0, 0, 0.96438179036, 0.034579521012],
      [0.018380739353, 0, 0.90986401002, 0.061086912877, 0.010668337747],
      [0.0048003779597, 0.33581686482, 0.21700388092, 0.33628679072, 0.10609208558],
      [0.017793973021, 0.28089582143, 0.32600151252, 0.18184771229, 0.19346098073],
      [0.089004591986, 0.27101421341, 0.080599274155, 0.45246631881, 0.10691560164]
    ],
    [
      [0.011138174908, 0.017808213459, 0.84368099158, 0.017856155715, 0.10951646434],
      [0.5119656912, 0.019402121519, 0.18872429033, 0.17408294258, 0.10582495436],
      [0.0016774689813, 0.0010957061223, 0.03187016841, 0.91478539529, 0.050571261199],
      [0.0016624035607, 0.0010616315214, 0.96719147687, 0.022585300467, 0.0074991875802],
      [0.0035051831426, 0.2522246473, 0.37777056806, 0.24434918106, 0.12215042044],
      [0.01132759605, 0.1851212274, 0.49391492375, 0.11568186689, 0.19395438591],
      [0.074857484779, 0.23775911737, 0.16313499884, 0.38121670132, 0.14303169769]
    ],
    [
      [0.0074501226479, 0.0031338077942, 0.93453367247, 0.0076663459182, 0.04721605117],
      [0.53417622318, 0, 0.28685085066, 0.10805648534, 0.070916440817],
      [0.0023614878207, 0, 0.061206434984, 0.88429336552, 0.052138711679],
      [0.0011952891313, 0, 0.98690973177, 0.0089208104354, 0.002974168659],
      [0.0037967852803, 0.071372098123, 0.6666251754, 0.17196472608, 0.086241215125],
      [0.01059018118, 0.04498453256, 0.75670528441, 0.069669202654, 0.1180507992],
      [0.1203538556, 0.066620331556, 0.34865707351, 0.33784391085, 0.12652482848]
    ],
    [
      [0.009469673163, 0.0095820117483, 0.88915041857, 0.012056192499, 0.079741704019],
      [0.52236277813, 0.012332392592, 0.23540444864, 0.13879899486, 0.091101385777],
      [0.0019297470732, 0.0033078619421, 0.047813244763, 0.894420742, 0.052528404223],
      [0.0013576503911, 0.0005490186573, 0.97819234765, 0.014648670981, 0.0052523123163],
      [0.0037692228274, 0.17051361626, 0.50477718366, 0.20841753855, 0.1125224387],
      [0.011338787976, 0.11665154058, 0.61399034981, 0.091879086179, 0.16614023546],
      [0.088195574612, 0.17555641296, 0.23772072848, 0.35472604219, 0.14380124177]
    ],
    [
      [0.0067516487316, 0.012227332455, 0.81100401052, 0.02083021061, 0.14918679768],
      [0.36361198401, 0.015619164464, 0.2120119392, 0.23923691567, 0.16951999665],
      [0, 0.0044142174854, 0.02573989051, 0.9156241994, 0.0542216926],
      [0, 0.0017916551554, 0.96054377265, 0.027165605275, 0.010498966921],
      [0, 0.17679292129, 0.36561581487, 0.28916572282, 0.16842554101],
      [0.0042468772517, 0.12853729928, 0.46983078403, 0.13419984645, 0.26318519299],
      [0.044879022805, 0.16173919752, 0.15490135539, 0.44441589594, 0.19406452835]
    ],
    [
      [0.01180588828, 0.015474066892, 0.90218390817, 0.013094679835, 0.057441456826],
      [0.57778787081, 0.017748614678, 0.21118664496, 0.13468640569, 0.058590463853],
      [0.0024627825988, 0.0025538081769, 0.049461763431, 0.91642043248, 0.029101213312],
      [0.0016669513096, 0.00087222022392, 0.978063235, 0.015671083725, 0.0037265097451],
      [0.0042603116198, 0.25446546944, 0.4618225896, 0.20587444474, 0.073577184602],
      [0.013520521443, 0.18264977398, 0.5936619246, 0.095602698482, 0.11456508149],
      [0.097334393361, 0.25584714937, 0.21193384842, 0.34295145289, 0.091933155959]
    ],
    [
      [0.0081419811027, 0.017925422374, 0.9343843304, 0.0029099831948, 0.036638282931],
      [0.57850460526, 0.028273401433, 0.30104598796, 0.040896465816, 0.051279539534],
      [0.0035880266291, 0.0061772070631, 0.17273015037, 0.74086304396, 0.076641571973],
      [0.0084203385727, 0, 0.9682955079, 0.023284153528, 0],
      [0.0033507017074, 0.34373666484, 0.54768978106, 0.051760389954, 0.053462462445],
      [0.0099858533888, 0.22927007458, 0.6599951329, 0.022652318687, 0.078096620442],
      [0.093407638759, 0.41946502215, 0.30274829102, 0.10376845162, 0.080610596441]
    ],
    [
      [0.010657703807, 0.014807509634, 0.89136769515, 0.0143871094, 0.068779982013],
      [0.52999345156, 0.017921517993, 0.22260075104, 0.15564514466, 0.073839134743],
      [0.0018541249724, 0.0020344537976, 0.044681031962, 0.91631389899, 0.035116490276],
      [0.0015220586413, 0.00084453485219, 0.97571310201, 0.017405836626, 0.0045144678676],
      [0.0037882815678, 0.2353042748, 0.45241999632, 0.22191459527, 0.086572852032],
      [0.012012709007, 0.16983126929, 0.58019799915, 0.1032081491, 0.13474987346],
      [0.085313072191, 0.23480454642, 0.20687427992, 0.36584553342, 0.10716256806]
    ],
    [
      [0.006232652917, 0.0068194292898, 0.93420002474, 0.0090579152472, 0.043689977808],
      [0.44899944499, 0.011774296832, 0.33218662705, 0.14001742141, 0.067022209709],
      [0.0026868624925, 0.0046727022408, 0.065409602477, 0.89751025922, 0.029720573572],
      [0.00085841711695, 0.00037507592709, 0.98543367374, 0.01056598869, 0.0027668445286],
      [0.0028427629704, 0.13903019057, 0.60810161279, 0.1794142729, 0.070611160768],
      [0.0083252073146, 0.092616945456, 0.72058029414, 0.077012176655, 0.10146537643],
      [0.074229844089, 0.16077024269, 0.32103773421, 0.342755531, 0.10120664801]
    ],
    [
      [0.016109925301, 0.016056278157, 0.8241170008, 0.023176102721, 0.12054069302],
      [0.58842965693, 0.013280029516, 0.13828999614, 0.17158124619, 0.088419071219],
      [0.0024252986159, 0.0036618267989, 0.019477036633, 0.9307753794, 0.043660458556],
      [0.0024301184487, 0.00096839231384, 0.9586099278, 0.029661355835, 0.0083302055981],
      [0.0048129254947, 0.21718324152, 0.34787605022, 0.30215631096, 0.12797147181],
      [0.015941432024, 0.16300371246, 0.4664980345, 0.14626378802, 0.20829303299],
      [0.096033326529, 0.18926708288, 0.13872243595, 0.43708247228, 0.13889468236]
    ],
    [
      [0.0075070900199, 0.0196151452, 0.81623867726, 0.025980198992, 0.13065888853],
      [0.36515130727, 0.023247510474, 0.19851061493, 0.27567469985, 0.13741586747],
      [0, 0.0022435633104, 0.017927037272, 0.93690626668, 0.04292313274],
      [0, 0.0011927326586, 0.9550231997, 0.034662555713, 0.0091215119248],
      [0.0020619291252, 0.2421999649, 0.31825395613, 0.31033667246, 0.12714747739],
      [0.0070124965734, 0.18731406855, 0.43835550526, 0.15467643942, 0.21264149019],
      [0.030655728148, 0.22448519239, 0.13186189114, 0.4701916794, 0.14280550893]
    ],
    [
      [0.017282692112, 0.014335855236, 0.84760204238, 0.017196431055, 0.10358297922],
      [0.6199510745, 0.012539206398, 0.15274169239, 0.13445179774, 0.08031622897],
      [0.0013367145432, 0.0028930816057, 0.033266216317, 0.91346747596, 0.04903651157],
      [0.0025721643954, 0.00085222881685, 0.96781323826, 0.021682998339, 0.0070793701908],
      [0.0057970638728, 0.21498285715, 0.40562922618, 0.25050774595, 0.12308310684],
      [0.018349767808, 0.15486850115, 0.51921824252, 0.11624905471, 0.19131443381],
      [0.11923347926, 0.19563021671, 0.16922163303, 0.37688571982, 0.13902895118]
    ],
    [
      [0.014224677911, 0.0067539488068, 0.89033479458, 0.013498305224, 0.075188273475],
      [0.60904000413, 0.0069896567923, 0.18994006001, 0.1249783214, 0.069051957662],
      [0.0015695798931, 0, 0.045156061982, 0.90845014701, 0.044824211116],
      [0.0020340874415, 0, 0.97628494563, 0.016740915108, 0.004940051822],
      [0.0058310055046, 0.12326131111, 0.52123578856, 0.24043054662, 0.1092413482],
      [0.017483893828, 0.077156953444, 0.63810246509, 0.10647476184, 0.1607819258],
      [0.12854509511, 0.12001503749, 0.23235312601, 0.38708234509, 0.1320043963]
    ],
    [
      [0.026562620179, 0.01163380953, 0.75507861553, 0.022877346095, 0.18384760866],
      [0.68287106536, 0.0069014439109, 0.091966002854, 0.12156547051, 0.096696017356],
      [0.0015492058635, 0.0041851713087, 0.018697689378, 0.91723522727, 0.058332706184],
      [0.004337441635, 0.0007600648515, 0.94945135646, 0.031692198022, 0.01375893903],
      [0.0081117929299, 0.15932727232, 0.32845514495, 0.3047177927, 0.19938799709],
      [0.025388980296, 0.11326975215, 0.41526460657, 0.13943133134, 0.30664532964],
      [0.1487404071, 0.1274911511, 0.12067204309, 0.40448639417, 0.19861000455]
    ],
    [
      [0.026199779713, 0.018031693594, 0.81093484334, 0.017719312849, 0.1271143705],
      [0.70891361163, 0.011510183278, 0.1065792804, 0.10113169747, 0.071865227227],
      [0, 0.002310692021, 0.030152515617, 0.90920413034, 0.058332662024],
      [0.0039458611074, 0.0011137237297, 0.96260258851, 0.023318085585, 0.009019741068],
      [0.0081540061465, 0.2516895693, 0.36016059707, 0.239789288, 0.14020653948],
      [0.025899531586, 0.18166295703, 0.46223602391, 0.11154302918, 0.21865845829],
      [0.15827347914, 0.21445510893, 0.14081495094, 0.33807984146, 0.14837661954]
    ],
    [
      [0.012554702561, 0.02214622703, 0.75191523643, 0.028283783513, 0.18510005047],
      [0.47651853842, 0.019515668681, 0.13558896544, 0.22364537739, 0.14473145007],
      [0.0023188080141, 0.0038641745282, 0.007815495378, 0.93285368119, 0.053147840894],
      [0.0020450720403, 0.0014414179808, 0.94365790135, 0.039061114513, 0.013794494112],
      [0.0031609443349, 0.25238747738, 0.26831421007, 0.31076853938, 0.16536882884],
      [0.010685893004, 0.1935164936, 0.3670504296, 0.15363913134, 0.27510805245],
      [0.061423366389, 0.2158076333, 0.1053605111, 0.44130012708, 0.17610836214]
    ],
    [
      [0.0081296419973, 0.020282206302, 0.88074440605, 0.014285352153, 0.076558393499],
      [0.45370896248, 0.027840242857, 0.25015703949, 0.17512553916, 0.093168216008],
      [0.00083557916833, 0, 0.044586399655, 0.91223825242, 0.042339768759],
      [0.0011749219422, 0, 0.97625427468, 0.017485154522, 0.0050856488595],
      [0.0026554778614, 0.27969718632, 0.42697752445, 0.20218890519, 0.088480906182],
      [0.0085828457245, 0.21749631813, 0.53759054664, 0.095936064278, 0.14039422522],
      [0.060526557484, 0.29913498748, 0.19114862871, 0.33806456164, 0.11112526468]
    ],
    [
      [0.0091919953251, 0.0070547767964, 0.89242125581, 0.011614857148, 0.079717114923],
      [0.51250039206, 0.0094310348874, 0.24453767045, 0.13892401261, 0.094606889986],
      [0.0022963367833, 0.0011531160291, 0.048668397682, 0.89262843313, 0.055253716374],
      [0.0013141016774, 0.00040294223549, 0.9789861415, 0.014066303644, 0.0052305109405],
      [0.0038586527636, 0.13218570983, 0.53333991224, 0.21192933597, 0.1186863892],
      [0.011378694574, 0.088691387765, 0.63646722494, 0.091558242133, 0.17190445059],
      [0.090888088887, 0.1376003817, 0.25338362815, 0.36478014605, 0.15334775522]
    ],
    [
      [0.0092892027669, 0.010104637522, 0.87692253224, 0.01526920317, 0.088414424297],
      [0.47818095304, 0.012966768241, 0.23331707016, 0.17497734083, 0.10055786773],
      [0.00091527005118, 0.0022092800664, 0.039798612794, 0.91061114382, 0.046465693271],
      [0.0013466193795, 0.00058499662035, 0.97343277183, 0.018744299312, 0.0058913128576],
      [0.0034559727291, 0.16681586252, 0.46720551056, 0.24614925804, 0.11637339615],
      [0.01067867041, 0.11761313714, 0.58351595873, 0.11165914379, 0.17653308994],
      [0.076958734928, 0.16525957769, 0.21242519432, 0.40245182005, 0.14290467301]
    ],
    [
      [0.0036311712902, 0.0091911704788, 0.91046244936, 0.0073462706562, 0.069368938216],
      [0.31203336981, 0.019496211297, 0.39852268854, 0.1393268639, 0.13062086646],
      [0, 0.004499042437, 0.070552105682, 0.85316376178, 0.071785090103],
      [0, 0.001031994102, 0.98567500838, 0.008790721881, 0.0045022756417],
      [0.0015943577348, 0.18008533682, 0.57074717409, 0.13976212271, 0.10781100865],
      [0, 0.12274846845, 0.66547633529, 0.059125926035, 0.15264927022],
      [0.031294219157, 0.22538301726, 0.31018734422, 0.274269621, 0.15886579836]
    ],
    [
      [0.014076707065, 0.01439167926, 0.86192608804, 0.01740896742, 0.09219655822],
      [0.58682467494, 0.013898982147, 0.16937172672, 0.15081478198, 0.079089834209],
      [0.001729381739, 0.003504321518, 0.032344068087, 0.91897898984, 0.043443238816],
      [0.0020572787527, 0.00084017507825, 0.96935559258, 0.021571255029, 0.0061756985555],
      [0.0047308427323, 0.21973807523, 0.41001671209, 0.25544649709, 0.11006787286],
      [0.015165909026, 0.15945010812, 0.53232642292, 0.11967841155, 0.17337914838],
      [0.1002582789, 0.20422316854, 0.17413560436, 0.39406661832, 0.12731632989]
    ],
    [
      [0.0073712954838, 0.0097979074331, 0.86739884297, 0.014029874215, 0.1014020799],
      [0.45790933879, 0.013256248832, 0.23717424847, 0.16995043838, 0.12170972553],
      [0.0019694414922, 0.0037656998081, 0.039707513542, 0.8972092646, 0.057348080556],
      [0.0010749718313, 0.00057100503312, 0.97424336214, 0.017341942299, 0.0067687186925],
      [0.0027864638092, 0.16736625934, 0.46259570016, 0.23111991674, 0.13613165996],
      [0.0084701681605, 0.11525556649, 0.56995259701, 0.10274831343, 0.20357335491],
      [0.064042196476, 0.16838160253, 0.21169046802, 0.3855173298, 0.17036840319]
    ],
    [
      [0.0079252466582, 0.01229172531, 0.88258539325, 0.014818739078, 0.082378895704],
      [0.4686020956, 0.016372914574, 0.24083065075, 0.17690846562, 0.097285873466],
      [0.0018229910026, 0.0037676136808, 0.03876132472, 0.91103359586, 0.044614474738],
      [0.0011396825713, 0.00070627214387, 0.97465095611, 0.018064570173, 0.0054385190036],
      [0.0028793223575, 0.20077853626, 0.45587086934, 0.23441772228, 0.10605354976],
      [0.0090154408161, 0.14276444088, 0.57769122254, 0.10739924631, 0.16312964946],
      [0.065887422228, 0.20183038935, 0.20948915226, 0.39042273956, 0.1323702966]
    ],
    [
      [0.0066993251, 0, 0.89219207665, 0.012953884272, 0.088154713976],
      [0.41889769778, 0.0066488713404, 0.28273446655, 0.17770221966, 0.11401674467],
      [0.00082990832365, 0, 0.04696441072, 0.90072021008, 0.051485470874],
      [0.00095821668286, 0, 0.97759864455, 0.015689844529, 0.0057532942336],
      [0.0028704650282, 0.080738439157, 0.54655795866, 0.24102295537, 0.12881018178],
      [0.009222430632, 0, 0.67171454211, 0.12397595676, 0.1950870705],
      [0.067827557047, 0.086390860067, 0.26251271076, 0.41782858997, 0.16544028216]
    ],
    [
      [0.0046569283849, 0.010615620625, 0.90817815368, 0.0062071554455, 0.070342141865],
      [0.378464783, 0.020877133145, 0.36855848791, 0.10922196406, 0.12287763189],
      [0.0016527542813, 0.0085719238288, 0.082728627181, 0.82704149524, 0.080005199469],
      [0.00066052354937, 0.00060091135604, 0.9867060917, 0.0074526945252, 0.0045797788689],
      [0.0020283717321, 0.20733011043, 0.56496197152, 0.11716581614, 0.10851373018],
      [0.0058259755386, 0.13531612073, 0.65633960439, 0.04939605022, 0.15312224912],
      [0.054409111317, 0.24714248251, 0.30764649992, 0.23050623276, 0.1602956735]
    ],
    [
      [0.021236011706, 0.021318175404, 0.8040776558, 0.031292267498, 0.12207588959],
      [0.60247217445, 0.014734585598, 0.11441542958, 0.19355832481, 0.074819485554],
      [0.0036428932202, 0.0038181939283, 0.0056140350205, 0.95515419336, 0.031770684469],
      [0.0032549551728, 0.0013051612372, 0.94621087647, 0.040641813104, 0.0085871940178],
      [0.0054240664803, 0.24385598284, 0.29255035377, 0.34768841503, 0.11048118189],
      [0.019067622176, 0.19509440506, 0.41601757592, 0.17905004154, 0.1907703553],
      [0.10106574486, 0.20091547731, 0.11067979253, 0.47425513092, 0.11308385438]
    ],
    [
      [0.04768378962, 0.0085075987377, 0.67722495959, 0.022252820353, 0.2443308317],
      [0.81070949771, 0.0028753895366, 0.045549237412, 0.067689828049, 0.073176047294],
      [0, 0.0010597348071, 0.0084188040509, 0.91904829901, 0.071473162137],
      [0.00094624518843, 0.0080983022548, 0.9378467274, 0.033531410714, 0.019577314439],
      [0.014689157592, 0.11918148136, 0.29241628574, 0.30355144877, 0.27016162653],
      [0.043604292462, 0.07969872239, 0.35005300988, 0.13046046057, 0.39618351469],
      [0.24151433164, 0.081966685052, 0.092255166466, 0.3503978633, 0.23386595354]
    ],
    [
      [0.014984248778, 0.013851291664, 0.8187297847, 0.020883009613, 0.13155166525],
      [0.55667545408, 0.012635037751, 0.1541428726, 0.17018785257, 0.106358783],
      [0.0018043717534, 0.0030472963776, 0.024657867773, 0.91961242243, 0.050878041665],
      [0.00229193608, 0.00084625628212, 0.96056574156, 0.027057733104, 0.0092383329772],
      [0.0047211671677, 0.19456024417, 0.36834939287, 0.28557461477, 0.14679458102],
      [0.015134077925, 0.14208638016, 0.47740298344, 0.13426416186, 0.23111239661],
      [0.094744169992, 0.17306816726, 0.15032838862, 0.41980204592, 0.16205722821]
    ],
    [
      [0.015420535161, 0.021639398112, 0.77122481504, 0.025428479199, 0.16628677249],
      [0.52850910372, 0.018364811608, 0.13535434493, 0.19274966525, 0.12502207448],
      [0.0024504049552, 0.002209077812, 0.013499187948, 0.92875166814, 0.053089661145],
      [0.0024754720619, 0.0013873277496, 0.94930423619, 0.034574943546, 0.012258020456],
      [0.0040871051423, 0.2555135621, 0.29210308037, 0.29231861125, 0.15597764114],
      [0.013627255837, 0.19417849073, 0.39373163764, 0.14301616109, 0.25544645471],
      [0.079468997516, 0.22062971225, 0.11583682669, 0.41697079087, 0.16709367268]
    ],
    [
      [0.0079515367948, 0.035208096947, 0.87863887038, 0.0082756743137, 0.069925821562],
      [0.48427244212, 0.05162695213, 0.2646115938, 0.10846930546, 0.09101970648],
      [0.0014597458621, 0, 0.068054563954, 0.86171925333, 0.068766436852],
      [0.0011584176803, 0, 0.98190708856, 0.01225729224, 0.0046772015155],
      [0.0022918545379, 0.4625674804, 0.36036191087, 0.10340309394, 0.071375660256],
      [0.0075639083608, 0.34533176027, 0.48131323897, 0.050088752989, 0.11570233941],
      [0.082441680594, 0.33373379583, 0.29949996999, 0.18996215789, 0.094362395696]
    ],
    [
      [0.041591927453, 0.0053310121483, 0.79843003863, 0.018650757833, 0.13599626394],
      [0.80064226776, 0, 0.070901274293, 0.073001609412, 0.055454848535],
      [0, 0, 0.028494666206, 0.91058386206, 0.06092147173],
      [0, 0, 0.95885391995, 0.030810312129, 0.010335767923],
      [0.01531879736, 0.087589716764, 0.41770378657, 0.30102446428, 0.17836323502],
      [0.045655933358, 0.0050695580014, 0.52328869152, 0.16475502942, 0.2612307877],
      [0.26114126014, 0.064509705906, 0.14094323639, 0.36937111948, 0.16403467809]
    ],
    [
      [0.025024039875, 0.020438626894, 0.74013031478, 0.044222243473, 0.17018477497],
      [0.60937584107, 0.011088279863, 0.080872912036, 0.21687109652, 0.081791870515],
      [0.0009299281809, 0.0015374930057, 0, 0.95809581233, 0.039436766483],
      [0.022561998909, 0.028672581975, 0.87591772774, 0.060377650118, 0.012470041259],
      [0.0054927101386, 0.20517562553, 0.22746049418, 0.42909874488, 0.13277242527],
      [0.020198379229, 0.17068114953, 0.33922592054, 0.2290630158, 0.24083153489],
      [0.095925660471, 0.15521178869, 0.079194821371, 0.54402137326, 0.12564635621]
    ],
    [
      [0.023803442172, 0.0139454805, 0.85795755906, 0.013032015743, 0.091261502521],
      [0.7186483006, 0.010109684124, 0.12803655036, 0.08451917014, 0.058686294771],
      [0, 0.0041188597666, 0.046016686043, 0.89344630996, 0.056418144229],
      [0.0033090635748, 0.0010315824088, 0.97314535971, 0.016321293969, 0.0061927003345],
      [0.0086116186447, 0.22651297236, 0.44289007721, 0.20494002042, 0.11704531136],
      [0.026368382556, 0.15754370353, 0.54819470821, 0.091930992356, 0.17596221335],
      [0.17622130787, 0.20418150073, 0.1829449315, 0.30561831031, 0.13103394959]
    ],
    [
      [0.032146308189, 0.018117065224, 0.83373359457, 0.011482827762, 0.10452020426],
      [0.82000922665, 0.0085655077923, 0.079376207333, 0.048415630505, 0.04363342772],
      [0, 0.0034303682461, 0.049248996654, 0.87620671799, 0.071113917109],
      [0.0029854026642, 0.0010936784563, 0.97397488225, 0.014718473808, 0.0072275628218],
      [0.010987565444, 0.28617722656, 0.40387206125, 0.17156351648, 0.12739963026],
      [0.033779978887, 0.19717553246, 0.500387925, 0.07682370355, 0.1918328601],
      [0.22381849464, 0.24295783265, 0.15659431411, 0.24178578714, 0.13484357147]
    ],
    [
      [0.016961353976, 0.011638091811, 0.85797073884, 0.01974861622, 0.093681199158],
      [0.61194945246, 0.010076756877, 0.15306267423, 0.1529857537, 0.071925362731],
      [0.0014890513992, 0.0028417542491, 0.029357502343, 0.92855780672, 0.037753885292],
      [0.0024885913116, 0.00068235701494, 0.96595688768, 0.024557549733, 0.0063146142656],
      [0.005745931338, 0.17614646047, 0.41476278048, 0.29088208172, 0.11246274599],
      [0.018454582243, 0.12876502696, 0.53861651963, 0.13685253538, 0.17731133578],
      [0.11657713313, 0.15761433641, 0.17017443627, 0.43068138401, 0.12495271019]
    ],
    [
      [0.010961928476, 0.0098658775197, 0.87642735575, 0.014500190231, 0.088244648026],
      [0.52596012031, 0.011727312222, 0.21516570419, 0.15409828758, 0.093048575709],
      [0.0013446248571, 0.002577867393, 0.041010436118, 0.90611717825, 0.04894989338],
      [0.0015898895443, 0.00057143966136, 0.97415018496, 0.01781012765, 0.0058783581831],
      [0.0041456851464, 0.16615545993, 0.47354769279, 0.23797149407, 0.11817966806],
      [0.012698972898, 0.11598335766, 0.58661913365, 0.10692595215, 0.17777258364],
      [0.091833585166, 0.16350151659, 0.21354254167, 0.38686881105, 0.14425354552]
    ],
    [
      [0.0051876753354, 0.01310457029, 0.89723556196, 0.0090465048383, 0.075425687577],
      [0.37652186589, 0.023606570715, 0.33361058386, 0.14568754338, 0.12057343616],
      [0.00047691943541, 0.0040070764192, 0.065013617798, 0.8673526303, 0.063149756047],
      [0, 0.00029748662009, 0.97998008524, 0.013598390822, 0.0061240373145],
      [0.0020470547567, 0.23220492205, 0.50558347771, 0.15479066641, 0.10537387907],
      [0.0061320835629, 0.15807400492, 0.61267074357, 0.068052896399, 0.15507027154],
      [0.05129191408, 0.25933548568, 0.25826271402, 0.28528086544, 0.14582902078]
    ],
    [
      [0.012722650389, 0.015893599906, 0.88668704117, 0.011820592055, 0.07287611648],
      [0.58402698351, 0.017887411359, 0.20664167922, 0.11876876126, 0.072675164656],
      [0.0024676474454, 0.00059729407939, 0.054155243282, 0.8950826486, 0.047697166589],
      [0.0018317948438, 0.00091405087549, 0.97801217191, 0.01441726889, 0.0048247134831],
      [0.0046104488073, 0.2563586047, 0.45996120558, 0.18562019581, 0.0934495451],
      [0.014316759079, 0.18142442949, 0.57723737186, 0.084601902405, 0.14241953717],
      [0.1046611455, 0.25802239435, 0.21239490711, 0.30832897871, 0.11659257433]
    ],
    [
      [0.0054428660916, 0.012509313218, 0.82860676398, 0.027382475848, 0.12605858086],
      [0.29707747881, 0.016255185184, 0.22038462366, 0.32061395735, 0.145668755],
      [0, 0.0026231100955, 0.020261950896, 0.93767737041, 0.039437568599],
      [0, 0.0015654802247, 0.95500897233, 0.034778870336, 0.0086466771066],
      [0, 0.16622664423, 0.34645065684, 0.35371658871, 0.13360611022],
      [0, 0.13289151478, 0.47363278765, 0.17427173208, 0.21920396549],
      [0.017399219843, 0.16433525577, 0.14247616634, 0.52826936797, 0.14751999008]
    ],
    [
      [0.032385924334, 0.0071176962874, 0.86317907006, 0.018169054065, 0.079148255252],
      [0.8184615998, 0.0031394809982, 0.075574143118, 0.071953056302, 0.030871719779],
      [0, 0.0010691573549, 0.030826688929, 0.93136520643, 0.036738947284],
      [0, 0.00041323931112, 0.9682374975, 0.025821639844, 0.0055276233482],
      [0.0073603273902, 0.12157043355, 0.46198491955, 0.30244753058, 0.10663678893],
      [0.038063539025, 0.085545323382, 0.57675834391, 0.13655128286, 0.16308151083],
      [0.2346359302, 0.095990629761, 0.16426090124, 0.39976863797, 0.10534390083]
    ],
    [
      [0.0057320561562, 0, 0.87564348401, 0.0089465934697, 0.10967786636],
      [0.47094348529, 0, 0.26144268953, 0.12102444568, 0.14658937949],
      [0.00090666277827, 0, 0.056119444315, 0.86004272741, 0.082931165497],
      [0.00083174473062, 0, 0.98097612789, 0.011002971613, 0.0071891557623],
      [0.0026859236442, 0, 0.58403067704, 0.2173277447, 0.19595565462],
      [0.0083172635421, 0, 0.67442602127, 0.073435277491, 0.2438214377],
      [0.12958783476, 0, 0.28428166472, 0.340134929, 0.24599557152]
    ],
    [
      [0.0059922651758, 0.0073781568058, 0.88415523136, 0.012759849007, 0.089714497647],
      [0.39116132694, 0.011710375347, 0.28953742899, 0.18124028428, 0.12635058444],
      [0.00032267779035, 0.00075854377239, 0.046829020154, 0.89624967358, 0.055840084705],
      [0, 0, 0.97639930394, 0.01668805254, 0.0069126435225],
      [0.0024275128044, 0.13301808756, 0.51137307144, 0.2244713469, 0.12870998129],
      [0.0072299758857, 0.09027960897, 0.61609328871, 0.098016522307, 0.18838060413],
      [0.057407843666, 0.13967644622, 0.24573782903, 0.3895634921, 0.16761438897]
    ],
    [
      [0.033887121195, 0.004772721128, 0.82672332949, 0.0057229576731, 0.12889387051],
      [0.88076937578, 0.0016958589608, 0.058961621446, 0.018187450403, 0.040385693414],
      [0, 0.00014472286146, 0.084776052663, 0.77608267178, 0.1389965527],
      [0, 0, 0.99808690559, 0.00093321377646, 0.00097988062868],
      [0.015781446872, 0.10122611719, 0.54932167643, 0.11745987872, 0.2162108808],
      [0.034790062388, 0.059198019411, 0.58363561724, 0.044437764921, 0.27793853604],
      [0.33317522972, 0.082678111092, 0.2033726342, 0.16011035308, 0.2206636719]
    ],
    [
      [0.0039352290631, 0.0063294683107, 0.89786631632, 0.009812091761, 0.082056894545],
      [0.31788887109, 0.012273959066, 0.35779758353, 0.17061975956, 0.14141982675],
      [0, 0.0016486518073, 0.059440593309, 0.87541007763, 0.063500677258],
      [0, 0, 0.97980179252, 0.012170575745, 0.0080276317348],
      [0, 0.12367663746, 0.56028200835, 0.18861700477, 0.12742434941],
      [0, 0.081185938043, 0.65412298719, 0.083930581768, 0.180760493],
      [0.035540092235, 0.13973924707, 0.28866389356, 0.35751759623, 0.17853917091]
    ],
    [
      [0, 0, 0.96917492997, 0.0078499491609, 0.022975120872],
      [0.094795072879, 0.0057458534533, 0.64724467428, 0.17912807405, 0.073086325339],
      [0, 0, 0.086412078683, 0.88696516173, 0.02662275959],
      [0, 0, 0.9921115059, 0.0075525971822, 0.00033589691427],
      [0, 0, 0.77017176959, 0.18223159699, 0.047596633427],
      [0, 0, 0.85617723813, 0.080788207011, 0.063034554858],
      [0, 0, 0.54519869648, 0.36826532701, 0.08653597651]
    ],
    [
      [0.0087240716419, 0.0082566745765, 0.90242630384, 0.011183779642, 0.069409170304],
      [0.4950085454, 0.011689198699, 0.26478889908, 0.14141216418, 0.087101192646],
      [0.0019338328751, 0.0026068389604, 0.052641218352, 0.89456667922, 0.048251430597],
      [0.0012378264308, 0.00046783833761, 0.98033025631, 0.013436786157, 0.0045272927652],
      [0.0036386840203, 0.15285740234, 0.53896696115, 0.20211536098, 0.10242159152],
      [0.010818800626, 0.10368108898, 0.64778550717, 0.08822163935, 0.14949296388],
      [0.086786252299, 0.16221200293, 0.2623389944, 0.35396175812, 0.13470099225]
    ],
    [
      [0.0020050093281, 0.00287764996, 0.97619076699, 0.01892657372, 0],
      [0.3393196523, 0.0078576845303, 0.49910337814, 0.15371928503, 0],
      [0.0005526606016, 0.011461760785, 0.095626964481, 0.89235861413, 0],
      [0.0002712895894, 0.0017935684047, 0.9926892837, 0.0052458583103, 0],
      [0.0011738478518, 0.10618476182, 0.77323118135, 0.11941020898, 0],
