{
  "X": [
    [15, 22, 42, 43, 80, 129, 142, 5],
    [7, 28, 52, 45, 71, 110, 140, 7],
    [8, 34, 41, 64, 50, 97, 147, 3],
    [10, 21, 42, 41, 62, 136, 166, 5],
    [3, 5, 19, 18, 19, 52, 120, 0],
    [8, 18, 27, 21, 24, 82, 90, 0],
    [19, 9, 13, 8, 12, 56, 112, 0],
    [21, 9, 11, 4, 13, 65, 107, 4],
    [15, 14, 10, 6, 14, 57, 115, 5],
    [20, 13, 13, 11, 17, 83, 160, 3],
    [9, 10, 8, 13, 17, 87, 147, 5],
    [11, 13, 18, 17, 19, 90, 163, 1],
    [6, 13, 8, 6, 25, 96, 148, 1],
    [32, 10, 13, 19, 24, 106, 216, 5],
    [12, 20, 20, 22, 21, 79, 194, 4],
    [9, 11, 29, 34, 26, 71, 154, 5],
    [22, 4, 31, 22, 16, 73, 143, 6],
    [9, 21, 37, 21, 41, 107, 185, 4],
    [17, 18, 15, 22, 14, 74, 170, 2],
    [7, 10, 38, 13, 21, 92, 187, 4],
    [24, 10, 54, 24, 19, 64, 166, 3],
    [26, 16, 25, 22, 17, 90, 159, 5],
    [6, 18, 29, 5, 20, 76, 165, 1],
    [20, 12, 16, 8, 9, 51, 231, 3],
    [11, 9, 8, 6, 14, 70, 199, 2],
    [11, 19, 9, 15, 17, 93, 198, 2],
    [13, 9, 4, 7, 8, 40, 151, 3],
    [11, 11, 15, 2, 18, 63, 147, 4],
    [15, 12, 10, 19, 16, 57, 181, 2],
    [3, 19, 4, 23, 19, 37, 116, 1],
    [26, 14, 15, 29, 25, 107, 131, 5],
    [4, 10, 32, 33, 33, 110, 153, 2],
    [4, 18, 22, 27, 44, 79, 140, 2],
    [15, 23, 17, 31, 28, 81, 165, 0],
    [21, 30, 30, 46, 51, 98, 147, 5],
    [10, 20, 18, 40, 22, 111, 159, 6],
    [10, 32, 29, 42, 40, 102, 170, 5],
    [12, 25, 30, 32, 48, 115, 132, 2],
    [9, 19, 14, 13, 24, 102, 218, 0],
    [24, 13, 16, 15, 20, 92, 182, 3],
    [25, 15, 14, 13, 12, 96, 173, 4],
    [11, 21, 11, 16, 19, 76, 155, 4],
    [18, 42, 28, 25, 31, 109, 173, 5],
    [14, 27, 13, 24, 31, 92, 174, 3],
    [5, 20, 21, 27, 17, 73, 136, 3],
    [4, 22, 21, 30, 25, 75, 167, 1],
    [17, 15, 20, 28, 27, 76, 147, 3],
    [14, 52, 32, 30, 40, 156, 273, 4],
    [10, 40, 18, 17, 32, 91, 165, 3],
    [6, 33, 27, 33, 49, 96, 181, 4],
    [5, 26, 12, 16, 22, 75, 142, 2],
    [8, 32, 22, 12, 22, 78, 176, 1],
    [9, 22, 18, 22, 31, 82, 191, 5],
    [11, 15, 10, 21, 16, 57, 151, 2],
    [2, 12, 18, 20, 26, 74, 109, 5],
    [18, 27, 13, 8, 19, 81, 149, 1],
    [9, 18, 19, 25, 16, 80, 186, 1],
    [7, 26, 9, 10, 14, 63, 125, 1],
    [4, 21, 17, 26, 23, 71, 129, 1],
    [3, 22, 27, 32, 30, 112, 152, 5],
    [14, 27, 22, 17, 23, 112, 166, 0],
    [10, 22, 13, 23, 30, 102, 185, 7],
    [6, 20, 20, 24, 16, 95, 159, 1],
    [21, 18, 25, 19, 22, 88, 201, 3],
    [11, 10, 11, 12, 8, 86, 95, 5],
    [16, 16, 18, 7, 7, 78, 188, 3],
    [14, 14, 6, 13, 5, 57, 166, 0],
    [7, 18, 11, 20, 19, 80, 188, 3],
    [10, 16, 21, 14, 26, 80, 141, 1],
    [14, 18, 21, 14, 27, 102, 158, 3],
    [10, 24, 11, 18, 24, 100, 124, 1],
    [16, 13, 10, 12, 12, 42, 136, 1],
    [29, 125, 127, 185, 191, 521, 1097, 33]
  ],
  "W": [
    [22, 20, 29, 78, 143, 120, 66],
    [25, 21, 40, 73, 111, 122, 68],
    [21, 30, 29, 54, 121, 125, 64],
    [21, 23, 33, 66, 134, 151, 55],
    [10, 5, 15, 17, 57, 96, 36],
    [9, 15, 21, 28, 93, 83, 21],
    [1, 7, 9, 11, 57, 105, 39],
    [5, 9, 12, 11, 55, 102, 40],
    [5, 7, 5, 14, 65, 101, 39],
    [12, 10, 8, 10, 80, 154, 46],
    [8, 7, 8, 12, 84, 130, 47],
    [7, 10, 12, 19, 85, 152, 47],
    [3, 7, 2, 21, 95, 144, 31],
    [7, 5, 9, 21, 105, 207, 71],
    [12, 15, 12, 18, 80, 157, 78],
    [25, 7, 16, 23, 74, 142, 52],
    [12, 2, 18, 18, 76, 131, 60],
    [14, 17, 21, 35, 104, 180, 54],
    [13, 9, 14, 15, 81, 157, 43],
    [8, 10, 12, 23, 90, 167, 62],
    [7, 5, 31, 20, 70, 166, 65],
    [15, 12, 17, 18, 94, 122, 82],
    [3, 17, 16, 21, 77, 153, 33],
    [5, 7, 12, 5, 55, 208, 58],
    [3, 6, 2, 12, 66, 185, 45],
    [4, 11, 9, 15, 89, 173, 63],
    [6, 5, 5, 8, 37, 124, 50],
    [2, 7, 8, 16, 62, 135, 41],
    [14, 10, 10, 15, 61, 159, 43],
    [18, 11, 11, 26, 34, 97, 25],
    [18, 12, 15, 29, 105, 116, 57],
    [17, 4, 24, 34, 117, 144, 37],
    [14, 9, 21, 39, 95, 123, 35],
    [22, 17, 13, 23, 87, 149, 49],
    [28, 24, 30, 52, 108, 121, 65],
    [20, 14, 21, 26, 121, 137, 47],
    [25, 22, 12, 43, 111, 145, 72],
    [22, 22, 20, 49, 114, 115, 54],
    [3, 15, 11, 18, 102, 190, 60],
    [11, 6, 13, 18, 97, 171, 49],
    [4, 16, 7, 11, 89, 164, 61],
    [11, 13, 6, 24, 81, 139, 39],
    [16, 26, 22, 36, 108, 157, 66],
    [14, 17, 11, 30, 98, 157, 51],
    [11, 10, 13, 23, 75, 126, 44],
    [18, 12, 18, 24, 77, 147, 49],
    [13, 11, 12, 24, 79, 146, 48],
    [19, 27, 23, 42, 168, 246, 76],
    [15, 19, 13, 38, 102, 149, 40],
    [16, 22, 22, 61, 101, 159, 48],
    [8, 13, 9, 20, 81, 137, 32],
    [10, 21, 19, 23, 78, 155, 45],
    [7, 20, 12, 28, 93, 175, 45],
    [11, 10, 8, 13, 63, 133, 45],
    [14, 9, 8, 22, 75, 102, 36],
    [4, 20, 11, 18, 86, 131, 46],
    [14, 6, 18, 16, 79, 167, 54],
    [6, 19, 6, 12, 63, 124, 25],
    [24, 14, 11, 22, 74, 108, 39],
    [22, 18, 20, 33, 115, 131, 44],
    [11, 19, 20, 20, 113, 148, 50],
    [12, 16, 11, 31, 111, 169, 42],
    [12, 16, 21, 16, 98, 141, 37],
    [12, 12, 20, 20, 106, 184, 43],
    [10, 6, 8, 6, 81, 85, 42],
    [6, 7, 12, 8, 82, 163, 55],
    [6, 5, 4, 5, 57, 150, 48],
    [16, 13, 8, 16, 77, 164, 52],
    [8, 9, 20, 26, 81, 121, 44],
    [4, 11, 15, 28, 112, 139, 48],
    [13, 15, 6, 27, 97, 107, 47],
    [9, 8, 10, 12, 49, 112, 42],
    [129, 80, 100, 188, 519, 1009, 283]
  ],
  "method": "mvn_pdf",
  "cond_prob": [
    [
      [8.6815673458e-07, 0.061335642515, 0.00092917565562, 0.81202445716, 0.046323390897, 0.0057215061412, 0.011739587195, 0.061925372279],
      [3.0465830171e-05, 0.68073235218, 0.038532880589, 0.082175188871, 0.091231351501, 0.10534280286, 0.0018074589683, 0.00014749920334],
      [0.0017465116513, 0.0014563457706, 0.73178261412, 0.1550903539, 0.020728300682, 0.055629097173, 0.033472283455, 9.4493249212e-05],
      [1.2804578506e-08, 0.02785862871, 0.040007493182, 0.073230728682, 0.85550650546, 0.0025183890733, 0.00028231577757, 0.00059592631142],
      [0.012297756581, 0.021454337424, 0.014867329081, 0.059522300726, 0.056777920831, 0.77093614256, 0.057091790633, 0.0070524221639],
      [0.022454280912, 0.0092606130673, 0.031265183357, 0.0017393407655, 0.0015178462296, 0.062623877519, 0.86712349253, 0.0040153656237],
      [0.1590246795, 0.0097199687069, 0.16649651795, 0.06912016923, 0.023094636338, 0.10907362051, 0.4317260286, 0.031744379167]
    ],
    [
      [4.187589852e-07, 0.080624814125, 0.00090555418369, 0.78018122156, 0.039970789398, 0.0057413264039, 0.0094183183085, 0.083157557261],
      [1.2237710769e-05, 0.7478277383, 0.031251394599, 0.065864089082, 0.065606628662, 0.088065956032, 0.0012076445931, 0.00016431102001],
      [0.00087380915959, 0.0019827374067, 0.73767314622, 0.15496156118, 0.018557311909, 0.057961764268, 0.027858564403, 0.00013110546308],
      [6.9441156542e-09, 0.041178861695, 0.043814102186, 0.07926135862, 0.83175279231, 0.0028419044553, 0.00025466054877, 0.00089631323941],
      [0.0043093779908, 0.038853014017, 0.020059588497, 0.056346661168, 0.049921646356, 0.77876455714, 0.046459002112, 0.0052861527148],
      [0.0023522264651, 0.015115821769, 0.026211156399, 0.003762193762, 0, 0.08299178835, 0.86302271732, 0.0065440959396],
      [0.091168633531, 0.015261998982, 0.19399045804, 0.079622278461, 0.023844735331, 0.13107776685, 0.41412541122, 0.050908717589]
    ],
    [
      [2.0898983435e-07, 0.037149853294, 0.00042125230752, 0.92049929856, 0.015463387729, 0.0017637043845, 0.0045335310187, 0.020168763713],
      [1.24744082e-05, 0.70473058764, 0.029677964857, 0.15726030805, 0.051840885863, 0.055207349037, 0.0011874909396, 8.293920483e-05],
      [0.00077185731911, 0.0016225281459, 0.60792059841, 0.3217132069, 0.012714066231, 0.031467134806, 0.023733188232, 5.7419957186e-05],
      [7.6099899606e-09, 0.04172662845, 0.044707576755, 0.20350976854, 0.70738416472, 0.0019162968354, 0.00026920840002, 0.00048634868838],
      [0.0057073716797, 0.050152304619, 0.031558910532, 0.063297524571, 0.06776933561, 0.68453087435, 0.092855255523, 0.0041284231112],
      [0.011407122742, 0.022414456235, 0.036932608036, 0, 0.0013208411296, 0.050323009443, 0.87414210007, 0.0034598623412],
      [0.091574293591, 0.014178254855, 0.18158912622, 0.18708585179, 0.018553042441, 0.080814106583, 0.40098629657, 0.025219027951]
    ],
    [
      [7.4300180531e-07, 0.05508888035, 0.00091783729868, 0.81672006284, 0.032937444437, 0.0078979259859, 0.013798506549, 0.072638599533],
      [2.7613535814e-05, 0.64715470451, 0.040279449046, 0.087351375588, 0.068675928083, 0.15407840119, 0.0022501673521, 0.00018236069983],
      [0.0014774735713, 0.0012938650093, 0.71368810288, 0.15400474444, 0.014569793378, 0.075958688731, 0.038898265243, 0.00010906674487],
      [1.4560442707e-08, 0.03327513598, 0.052500006539, 0.097767665268, 0.8104716987, 0.0046197414053, 0.00044090785763, 0.00092482969027],
      [0.0058985325528, 0.017007295192, 0.01567163212, 0.045310239091, 0.032141820287, 0.82500450522, 0.052210824564, 0.0067551509689],
      [0.015275127444, 0, 0.024169450471, 0.004854756593, 0.00411485576, 0.075007076635, 0.87241398888, 0.0041647442222],
      [0.12461171074, 0.0080134769691, 0.15069099158, 0.063642441525, 0.015063361583, 0.13822051626, 0.46572676418, 0.034030737167]
    ],
    [
      [6.3333439621e-07, 0.050819449989, 0.00093729271731, 0.85604571135, 0.040873625425, 0.006422466304, 0.044900820882, 0],
      [2.4183847543e-05, 0.64666155815, 0.042098814742, 0.090243853, 0.087821685985, 0.12916791238, 0.0039819918907, 0],
      [0.0011997220582, 0.00112257818, 0.71204706861, 0.14712711579, 0.016980914824, 0.05860687529, 0.06291572525, 0],
      [9.6805155536e-09, 0.023992167108, 0.041804206085, 0.07696707438, 0.85349922731, 0.0029371064563, 0.00080020897595, 0],
      [0, 0.010993801913, 0.017825216341, 0.050612630442, 0.044252996325, 0.76091740537, 0.11539794961, 0],
      [0, 0, 0.01761635483, 0.0082723952457, 0.0035920602767, 0.03965413164, 0.93086505801, 0],
      [0.082829909777, 0.0057540412991, 0.13004300198, 0.049830742818, 0.014463782001, 0.088383697015, 0.62869482511, 0]
    ],
    [
      [1.4165417635e-06, 0.081270138119, 0.001253403532, 0.85174595114, 0.02496796632, 0.0067061800809, 0.034054944267, 0],
      [4.0266370136e-05, 0.75059280985, 0.041885236019, 0.067791644975, 0.037523808012, 0.10013924348, 0.0020269913024, 0],
      [0.0021958086362, 0.0014703042701, 0.78071980317, 0.12182193486, 0.0080711713082, 0.050025867652, 0.035695110107, 0],
      [3.3821549161e-08, 0.059829108814, 0.087422274, 0.12145765756, 0.72587835456, 0.0047801806608, 0.00063239058649, 0],
      [0.013807571288, 0.036304033601, 0.015730190671, 0.055331081873, 0.02676501712, 0.78339944599, 0.068662659456, 0],
      [0.027589783043, 0.0087433809944, 0.030177009181, 0.0012656716245, 0.00054895863683, 0.052750791005, 0.87892440552, 0],
      [0.20853400975, 0.0096004488269, 0.16904294262, 0.052737874398, 0.0087444047077, 0.096128729401, 0.45521159029, 0]
    ],
    [
      [3.6478603368e-06, 0.086990408758, 0.0007969428514, 0.82909619149, 0.034038206299, 0.0078438076657, 0.041230795076, 0],
      [9.3612721091e-05, 0.76131517371, 0.024060358637, 0.057192823867, 0.049208949669, 0.1060264018, 0.0021026795901, 0],
      [0.0077427494865, 0.0021450158268, 0.68225381905, 0.15690832366, 0.015844866477, 0.080085592704, 0.055019632798, 0],
      [6.3022657889e-08, 0.04655845614, 0.04016809995, 0.082474505532, 0.82596196115, 0.0040570083429, 0.00077990586215, 0],
      [0.02762722018, 0.030694417426, 0.012916906574, 0.040898210357, 0.031469093935, 0.78939948134, 0.066994670187, 0],
      [0.02049515009, 0.008188068961, 0.021263175848, 0.0064087491101, 0.0021930180764, 0.058954432172, 0.88249740574, 0],
      [0.38981829012, 0.011359645669, 0.084096152232, 0.037103664634, 0.0094694493008, 0.084579183056, 0.38357361499, 0]
    ],
    [
      [7.1268998268e-06, 0.10525093711, 0.00078099512164, 0.52890631371, 0.052602990606, 0.017450804832, 0.02839574145, 0.26660509027],
      [0.00014250168293, 0.70493594795, 0.018428653528, 0.029591991393, 0.059484620984, 0.18458369016, 0.0024953867401, 0.00033720756622],
      [0.014060323963, 0.002406751941, 0.61843242228, 0.056504894761, 0.022837181134, 0.16648580158, 0.11700715212, 0.0022654722214],
      [8.4550159296e-08, 0.038557211642, 0.02708231866, 0.03737107016, 0.88829836959, 0.0062169280442, 0.00054949220451, 0.00192452515],
      [0.026203965007, 0.017900321479, 0.0061561237268, 0, 0.023609923827, 0.85805606341, 0.062868180287, 0.0052054222676],
      [0.018829438657, 0.0046993313264, 0.0094745398596, 0, 0.00066636760833, 0.093821548835, 0.86616047018, 0.0063483035383],
      [0.43670340536, 0.0053115488742, 0.045153817486, 0, 0.019744497813, 0.11055988671, 0.34048286747, 0.042043976291]
    ],
    [
      [2.6882610594e-06, 0.15409540244, 0.00078101814567, 0.47611642076, 0.029332189262, 0.0070539389234, 0.022862352466, 0.30975598974],
      [4.4783866716e-05, 0.8708463569, 0.015400561223, 0.022183133503, 0.027560333005, 0.061966571772, 0.0016741060778, 0.00032415365456],
      [0.0060879282114, 0.0040109827005, 0.72599128911, 0.098576669036, 0.014601291904, 0.076844521211, 0.073396024843, 0.00049129298731],
      [5.3040915905e-08, 0.093744124107, 0.045286568192, 0.056186440753, 0.79617794978, 0.0041744101323, 0.00073580273303, 0.0036946512649],
      [0.021580643411, 0.05725264514, 0.013512062984, 0.020998130348, 0.028855817013, 0.75225756063, 0.10212371176, 0.0034194287135],
      [0.029526340961, 0.0156136597, 0.017654423384, 0, 0.0025882039596, 0.043237820066, 0.89137955193, 0],
      [0.27139308793, 0.012890366017, 0.075972864737, 0.021019589059, 0.0077918528331, 0.072424068906, 0.45716184932, 0.081346321198]
    ],
    [
      [3.6018969032e-06, 0.12307417915, 0.0009756387807, 0.65688830232, 0.092525069475, 0.012838220866, 0.025716184038, 0.087978803479],
      [6.5328372855e-05, 0.72663364257, 0.020915073104, 0.033473049813, 0.094333936334, 0.1224243751, 0.0020483571864, 0.00010623751424],
      [0.0062518751746, 0.0024789506143, 0.68036473501, 0.1048312171, 0.035292777378, 0.10740234552, 0.063264782149, 0.00011331705378],
      [2.5804093569e-08, 0.026933840535, 0.020381390855, 0.027946973581, 0.92128010017, 0.0027542310555, 0.00030041988359, 0.00040301811532],
      [0.017170125285, 0.027200046846, 0.01001654199, 0.0066670230086, 0.054118190533, 0.80945698384, 0.067589005137, 0.0077820833655],
      [0.029755890236, 0.0090223292278, 0.017306236292, 0, 0.0010876658469, 0.070562308977, 0.86972087303, 0.0025446963934],
      [0.30420154598, 0.0087426296846, 0.079694044928, 0.024589751321, 0.020744799982, 0.11112570075, 0.43081880232, 0.020082725037]
    ],
    [
      [9.241131855e-07, 0.085076368499, 0.00042396612878, 0.6828484361, 0.05220940747, 0.0094185450517, 0.01824673247, 0.15177562017],
      [2.4008562252e-05, 0.72964443177, 0.013006664895, 0.049676366217, 0.076476429739, 0.12883092445, 0.0020827114133, 0.00025846295548],
      [0.0029170883086, 0.0031418640705, 0.53187429959, 0.19984625283, 0.03647809626, 0.14369097092, 0.081700288545, 0.0003511394722],
      [1.1502625648e-08, 0.03259445685, 0.015383632656, 0.050523175958, 0.89642413542, 0.0035137368275, 0.00037048040514, 0.0011903703773],
      [0.0061079047725, 0.026273680171, 0.0060379257416, 0.030651765322, 0.042518997258, 0.82533482283, 0.057546107665, 0.0055287962419],
      [0.016847050006, 0.0084100109031, 0.0011460227304, 0.0025378722134, 0.0036099960124, 0.068145064054, 0.89556480403, 0.0037391800515],
      [0.1334746213, 0.010538703896, 0.059782870443, 0.044250173165, 0.020365533737, 0.14136508754, 0.53030003233, 0.059922977588]
    ],
    [
      [1.0155805477e-06, 0.081331295158, 0.00073568671235, 0.83119156587, 0.030131079914, 0.0088586519767, 0.016604053025, 0.031146651759],
      [2.8077980903e-05, 0.73447786087, 0.023984292756, 0.063991914557, 0.046752811585, 0.12868984145, 0.002016290316, 5.8910485431e-05],
      [0.0022888100594, 0.0021447395473, 0.65880908946, 0.17232873394, 0.014996857078, 0.096321764426, 0.053056301468, 5.3704015045e-05],
      [2.0387593736e-08, 0.05034537569, 0.043111628633, 0.099070342651, 0.80120352973, 0.0053141694465, 0.0005436304666, 0.00041130299288],
      [0.007205287376, 0.026936781633, 0.011219380867, 0.039835768061, 0.026199576982, 0.83114671359, 0.056187001101, 0.0012694903889],
      [0.020537074362, 0.0086655016925, 0.019457929792, 0.0036980570449, 0.00074453062844, 0.067090710712, 0.87952761546, 0.00027858030239],
      [0.15400343134, 0.010570651413, 0.10891328821, 0.056240715311, 0.012310473956, 0.13934046693, 0.50537258479, 0.013248388059]
    ],
    [
      [9.7834482534e-07, 0.15369529856, 0.00079561850623, 0.69658616787, 0.072501896276, 0.012624780595, 0.021324690356, 0.042470569492],
      [1.5264490974e-05, 0.78721171709, 0.014689812849, 0.029971478596, 0.063253800855, 0.10335144726, 0.0014616342633, 4.4844595045e-05],
      [0.0019677550718, 0.0035816284431, 0.65247552511, 0.12703167839, 0.031995483362, 0.12207330973, 0.060809996826, 6.4623070908e-05],
      [9.0147057652e-09, 0.043456124674, 0.021495861506, 0.03783298253, 0.89316430266, 0.0034756021203, 0.00032045465596, 0.00025466284256],
      [0.0048794262468, 0.035592955378, 0.010274233816, 0.015534000399, 0.048324476482, 0.83157530359, 0.051778984519, 0.0020406195681],
      [0.012431345694, 0.015469343109, 0.015079613268, 0, 0.0012970154275, 0.075877410376, 0.87831444011, 0.001530832012],
      [0.12071920131, 0.016121743261, 0.096480767407, 0.03794048769, 0.02392519017, 0.16114613962, 0.52906974329, 0.014596727252]
    ],
    [
      [2.4588193588e-06, 0.068330716233, 0.00045724549058, 0.7859104046, 0.035410153274, 0.0069957166409, 0.014359136718, 0.088534168227],
      [7.9998560554e-05, 0.72386196068, 0.017575344948, 0.071983691995, 0.064750805183, 0.11950249178, 0.0020518171779, 0.00019388967876],
      [0.0077223498879, 0.0025290147299, 0.56424406413, 0.23044312287, 0.024691654658, 0.10622176177, 0.063938465363, 0.00020956659559],
      [4.4603071017e-08, 0.038239351732, 0.024196598424, 0.085425190567, 0.84688121282, 0.0037935517291, 0.00042485763884, 0.0010391924848],
      [0.021216406332, 0.027674788489, 0.0085085445557, 0.046459665832, 0.03764723675, 0.79511555489, 0.059050975976, 0.0043268271751],
      [0.027052540768, 0.0077031573143, 0.010005342768, 0.0044337432959, 0.0025674672335, 0.06636745854, 0.87465564319, 0.0072146468924],
      [0.33947157896, 0.0081152296983, 0.061381609599, 0.048940025711, 0.013200267098, 0.099896618327, 0.39508152311, 0.033913147498]
    ],
    [
      [8.325300042e-07, 0.098799614388, 0.00067163933455, 0.77484781431, 0.036659080345, 0.0065668185025, 0.018810905224, 0.063643295369],
      [2.0478252648e-05, 0.78872662193, 0.019523242652, 0.053970329623, 0.050749101135, 0.084872763398, 0.0020314190944, 0.00010604391434],
      [0.0020524739943, 0.0028518337584, 0.65274009848, 0.1782560866, 0.020015652088, 0.078213819552, 0.0657511947, 0.00011884083094],
      [1.4241064142e-08, 0.052013386972, 0.033517201127, 0.079638369043, 0.83023974741, 0.0033579249657, 0.00052471494908, 0.00070864129569],
      [0.0073792306786, 0.040919068532, 0.012839675511, 0.047213781288, 0.040025991623, 0.76889189066, 0.079519384288, 0.0032109774194],
      [0.010727306771, 0.011117250836, 0.016145314125, 0.0026387643084, 0.0015809063617, 0.045460905366, 0.90671136888, 0.0056181833525],
      [0.12436573429, 0.012744980308, 0.098729647791, 0.052927167981, 0.014923969382, 0.10256903651, 0.56705260241, 0.026686861329]
    ],
    [
      [6.163632604e-07, 0.059669278252, 0.0010155082665, 0.81733945967, 0.037795389497, 0.0050194426894, 0.011585713804, 0.067574591458],
      [2.2296160673e-05, 0.69851032495, 0.043386674239, 0.083895687007, 0.076804094175, 0.095376504913, 0.0018399844233, 0.00016443413257],
      [0.0011600435369, 0.0013124017794, 0.76233635389, 0.14292016037, 0.015698094742, 0.045573274278, 0.030904461278, 9.521012588e-05],
      [1.0327752509e-08, 0.030714964129, 0.04972233946, 0.082404166182, 0.83359656264, 0.0025133906301, 0.00031655519491, 0.00073201143927],
      [0.0069918969754, 0.031532844437, 0.024790900431, 0.063551173316, 0.052565311093, 0.75357801795, 0.062678951943, 0.0043109038577],
      [0.016063678532, 0.0073476628756, 0.024441975426, 0.0025589279945, 0.0012516849093, 0.059200096138, 0.88142292673, 0.0077130473906],
      [0.118900478, 0.0098933567109, 0.19278121079, 0.071751359818, 0.019731228247, 0.10093675088, 0.44991205912, 0.036093556434]
    ],
    [
      [1.994757266e-06, 0.043177425098, 0.0011850911248, 0.77914569882, 0.019160886109, 0.0057790827293, 0.014095476754, 0.13745434461],
      [9.0396755131e-05, 0.64709662933, 0.06338368526, 0.099432722919, 0.04893749862, 0.13784078497, 0.0028057525142, 0.00041252962905],
      [0.0033302467677, 0.00084828752423, 0.78822200151, 0.12040673761, 0.0070851184814, 0.04658047162, 0.033357489611, 0.00016964687588],
      [5.6677993295e-08, 0.037993587699, 0.098451222575, 0.13271699683, 0.7227852403, 0.0049124022146, 0.00065324691655, 0.0024872467927],
      [0.020298508542, 0.015617423094, 0.025928834208, 0.054070583644, 0.023981884022, 0.7789475783, 0.073379927644, 0.0077752605461],
      [0.031620745883, 0, 0.02702363926, 0.0071761823403, 0.0022287404064, 0.058541327537, 0.86839413624, 0.0050152283354],
      [0.27091409079, 0.0050266621835, 0.15647008933, 0.047428578414, 0.0069989955428, 0.080986130836, 0.38127571947, 0.050899733433]
    ],
    [
      [7.6470064011e-07, 0.099167529006, 0.0014330204471, 0.73879987644, 0.066775782681, 0.00868983157, 0.014924034321, 0.070209160836],
      [1.7427630667e-05, 0.72240470365, 0.038568870003, 0.048041615383, 0.085416340231, 0.10395021367, 0.0014929427755, 0.00010788664798],
      [0.0010670289021, 0.0016224385258, 0.7919060968, 0.096646316528, 0.020625259546, 0.058542843589, 0.029516228927, 7.3787183518e-05],
      [7.7873377629e-09, 0.03103838705, 0.042608311266, 0.045555667152, 0.87744345059, 0.0026429339246, 0.00024782344086, 0.00046341878718],
      [0.0053149711644, 0.0322031961, 0.021444542524, 0.034103806051, 0.057023961374, 0.79620528869, 0.049453558083, 0.004250676013],
      [0.013527326435, 0.012165298609, 0.027330774274, 0, 0.00063918060469, 0.077067351507, 0.86361157288, 0.005658495685],
      [0.11091869233, 0.01243469874, 0.20468844824, 0.049431063734, 0.026367880474, 0.13170024125, 0.43599843897, 0.028460536263]
    ],
    [
      [1.8521337603e-06, 0.12396496422, 0.00053587434312, 0.78656435255, 0.021080758443, 0.0060577327357, 0.017874829432, 0.043919636148],
      [3.8580809123e-05, 0.84828959673, 0.013147022256, 0.045957104995, 0.024623205958, 0.066247271186, 0.0016352986733, 6.1919395577e-05],
      [0.0053248539519, 0.0041479927276, 0.61036466668, 0.20976460888, 0.013408697004, 0.0840391352, 0.072854593682, 9.5451868993e-05],
      [4.8336149781e-08, 0.099454054345, 0.040793539591, 0.12268353543, 0.7308361332, 0.0047258322857, 0.0007607119615, 0.00074614484904],
      [0.017572021146, 0.054642586369, 0.010917259537, 0.050691133165, 0.024539431063, 0.75845024295, 0.080825475977, 0.0023618497975],
      [0.028050022069, 0.013703229787, 0.011076081706, 0.0024551515795, 0.0001862238832, 0.044064235838, 0.89726729547, 0.0031977596638],
      [0.25809053109, 0.014569995553, 0.071964166408, 0.048666310041, 0.0078406154588, 0.086628696546, 0.49543501384, 0.016804671065]
    ],
    [
      [9.9737294716e-07, 0.072077455167, 0.0033243573367, 0.74823183704, 0.032327387211, 0.010543052576, 0.025671568171, 0.10782334513],
      [2.7053688554e-05, 0.63308353685, 0.10674924732, 0.057258492307, 0.049284525301, 0.15034418287, 0.0030577020333, 0.00019525962994],
      [0.0006623900657, 0.00056052504979, 0.89047283785, 0.045629776294, 0.0047341315067, 0.033722983465, 0.024163977623, 5.3378149002e-05],
      [1.687025803e-08, 0.037591449115, 0.16487600929, 0.075952432421, 0.71437286661, 0.0053284725391, 0.00070813716384, 0.0011706159865],
      [0.0057703270164, 0.019511012797, 0.041492032617, 0.025419308, 0.022973406533, 0.80625327661, 0.07085289295, 0.007727743474],
      [0.0062286543811, 0.00074630516173, 0.0042248380736, 0, 0.0072649849581, 0.06772719648, 0.90913717814, 0.0046708428087],
      [0.087617059713, 0.0054934071968, 0.29013321784, 0.029989667733, 0.0077466300512, 0.096963651184, 0.45572784571, 0.026328520573]
    ],
    [
      [1.2967042264e-06, 0.05180083139, 0.0015773266594, 0.87410731277, 0.02097863512, 0.0035299064502, 0.0085289479281, 0.039475742974],
      [5.2829783035e-05, 0.69901137765, 0.0756044844, 0.10003622025, 0.048137571652, 0.075521498146, 0.0015262839086, 0.0001097342123],
      [0.0017523561487, 0.00082477559775, 0.84196539881, 0.10976553066, 0.0062859826134, 0.023030059017, 0.016335168902, 4.0728250334e-05],
      [3.3066557597e-08, 0.040905702536, 0.11719999213, 0.13340221026, 0.70478757628, 0.0026896062631, 0.00035474698342, 0.00066013247733],
      [0.019473947577, 0.036605583341, 0.050829751086, 0.089708399612, 0.038814245417, 0.70011376609, 0.061053053941, 0.0034012529363],
      [0.043822957723, 0.013308683101, 0.020903982251, 0.0022454184951, 0.0056336258042, 0.057269554517, 0.84981035959, 0.0070054185228],
      [0.23550178092, 0.008108045678, 0.27904408394, 0.071660994006, 0.010302548408, 0.066388454357, 0.30887611234, 0.020117980346]
    ],
    [
      [2.6682250468e-06, 0.092590621867, 0.00097904662576, 0.74637501113, 0.025418440589, 0.0084964435123, 0.024775509699, 0.10136225835],
      [6.7841424554e-05, 0.76350878598, 0.029416308058, 0.054099446886, 0.036374994711, 0.11359441267, 0.0027648293631, 0.00017338090835],
      [0.0049255834156, 0.0020019972422, 0.71287921597, 0.12905616242, 0.010407194975, 0.075758842445, 0.064830409688, 0.00014059383445],
      [6.0841422008e-08, 0.064992615988, 0.065181120987, 0.10290908785, 0.75870983839, 0.0057920720783, 0.00092111652464, 0.0014940873414],
      [0.01879873618, 0.030472766629, 0.014865066229, 0.035946536765, 0.019113718494, 0.79019602285, 0.083190824415, 0.0074163284356],
      [0.022658121965, 0.0061057960061, 0.018780127065, 0, 0, 0.047386549742, 0.90092291324, 0.0041464919796],
      [0.26078094861, 0.007753500286, 0.093312439355, 0.033291325269, 0.0067296891541, 0.086069238531, 0.48468243207, 0.027380426732]
    ],
    [
      [1.5716097347e-06, 0.13782667071, 0.0027763838421, 0.69855064552, 0.044721775493, 0.013325762035, 0.038758197424, 0.064038993369],
      [2.6302212769e-05, 0.75020711388, 0.054825245673, 0.032727219775, 0.042019259097, 0.11727465074, 0.002848608343, 7.1600280745e-05],
      [0.0011909762193, 0.0012140933076, 0.85144212019, 0.048417692112, 0.0074498180081, 0.048605972013, 0.041643096816, 3.6231330724e-05],
      [2.0620220757e-08, 0.055710295493, 0.10669538212, 0.054745905076, 0.77625299819, 0.005226403718, 0.00082923228214, 0.00053976250352],
      [0.0071692580752, 0.029203102675, 0.027171729394, 0, 0.024908015334, 0.80810038807, 0.10100241167, 0.0024450947854],
      [0.011609430004, 0.0064588930326, 0.024749364434, 0, 0.0023859567012, 0.049967276093, 0.90353833914, 0.0012907405991],
      [0.11067322523, 0.012327509506, 0.19142693341, 0.012837522633, 0.013576626146, 0.09727819689, 0.54948618342, 0.012393802761]
    ],
    [
      [2.6828422836e-06, 0.14344300156, 0.00089759819369, 0.66496887688, 0.053194973187, 0.0077173956312, 0.032082293308, 0.097693178394],
      [4.6187096023e-05, 0.82606858254, 0.018214866013, 0.03178989512, 0.051533971122, 0.069806962458, 0.0024272868004, 0.00011224885597],
      [0.0051911625676, 0.0032242973935, 0.69027563096, 0.11827944348, 0.022719605005, 0.072140821316, 0.088027854026, 0.00014118525267],
      [3.0250145765e-08, 0.049482078686, 0.029449932853, 0.044139359689, 0.873025432, 0.002606876517, 0.00058994660071, 0.00070634340542],
      [0.019118158124, 0.047531598789, 0.013765987865, 0.032009157972, 0.046773923572, 0.72786008681, 0.10903233525, 0.0039087516132],
      [0.026320180519, 0.0083026440093, 0.011130457169, 0, 0.0013702297022, 0.026759951652, 0.92156101365, 0.0045555232994],
      [0.23122884361, 0.015051983879, 0.075261832545, 0.018139181742, 0.015137092097, 0.068890781519, 0.55313524597, 0.023155038638]
    ],
    [
      [1.5997619497e-06, 0.11379882725, 0.00082773984283, 0.71946939383, 0.049363000134, 0.011519670835, 0.02964463684, 0.075375131504],
      [3.2153214519e-05, 0.7607595659, 0.019700191237, 0.039455031452, 0.055647610832, 0.12168513961, 0.0026190791716, 0.00010122857675],
      [0.0031336393496, 0.0025913994707, 0.65532473888, 0.12653766403, 0.021212689718, 0.10873094938, 0.082358543051, 0.00011037612434],
      [2.0142028585e-08, 0.044103354957, 0.030524715114, 0.052854160364, 0.86695868662, 0.0043404031672, 0.00060887649995, 0.00060978313545],
      [0.0085669100411, 0.028350459943, 0.009574878672, 0.02041999049, 0.03231694051, 0.81763868663, 0.07576289249, 0.0073692412257],
      [0.018631409176, 0.0068360691147, 0.010946776229, 0, 0.0019589277703, 0.052911696767, 0.90670809883, 0.0020070221166],
      [0.1551401778, 0.0094182204873, 0.078783866203, 0.030440377889, 0.012817244546, 0.11584369319, 0.57737730718, 0.020179112704]
    ],
    [
      [7.7340161062e-07, 0.13079797573, 0.00036156438873, 0.77263453676, 0.032315303733, 0.0078538771525, 0.016881301311, 0.039154667525],
      [1.5001298782e-05, 0.83318969885, 0.0082730062672, 0.041820918037, 0.035211251144, 0.079999926014, 0.0014382814089, 5.1916977544e-05],
      [0.0027111529437, 0.005361866435, 0.497783623, 0.25191033768, 0.025124612766, 0.13308042033, 0.083922875769, 0.00010511107436],
      [1.4542720996e-08, 0.075735689815, 0.019806274782, 0.086410592263, 0.81263054107, 0.004415461493, 0.0005177272652, 0.00048369877246],
      [0.0060002297519, 0.047415507506, 0.0046942336572, 0.0407598938, 0.030888219355, 0.80466800714, 0.062474394279, 0.0030995145067],
      [0.013493631314, 0.01575969682, 0, 0.0034807572691, 0.0022971363628, 0.06138120534, 0.90129654211, 0.0022910307838],
      [0.12868274019, 0.018746373756, 0.058930430941, 0.058036163106, 0.014625067908, 0.13635283239, 0.5661755402, 0.018450851511]
    ],
    [
      [2.2590073606e-06, 0.15112665899, 0.00053157732545, 0.64972187089, 0.030586645081, 0.010468909468, 0.037059517361, 0.12050256188],
      [3.644251078e-05, 0.84155139656, 0.010121409883, 0.028724095511, 0.027744368686, 0.08906578684, 0.0026288404226, 0.000127659583],
      [0.005853061909, 0.0044928801779, 0.5522387517, 0.15237982813, 0.017395116193, 0.13117642264, 0.13623492477, 0.00022901448195],
      [4.0887453372e-08, 0.084177617998, 0.028130330673, 0.068997160441, 0.81054229435, 0.0056807316418, 0.0010939214176, 0.0013779025894],
      [0.012763210804, 0.039255239303, 0.0064648022085, 0.024249919587, 0.021047485505, 0.79249721443, 0.099971441132, 0.0037506870281],
      [0.019658254914, 0.0074768168245, 0, 0, 0, 0.038525017846, 0.92804263151, 0.0062972789089],
      [0.20121352375, 0.016200571559, 0.014415388021, 0.014938496965, 0.0065537477326, 0.093820609915, 0.6259668614, 0.026890800659]
    ],
    [
      [1.9858389192e-06, 0.14779032634, 0.0012441818724, 0.49398254372, 0.057386695008, 0.011563391229, 0.029776232498, 0.25825464349],
      [3.204301206e-05, 0.80104225017, 0.023736026433, 0.022268101252, 0.052191579547, 0.098353824132, 0.0021118968724, 0.00026427857852],
      [0.0029809947449, 0.002562654327, 0.76037711022, 0.067829658409, 0.018916875435, 0.083675077784, 0.063382714969, 0.00027491411259],
      [2.178731362e-08, 0.049985628851, 0.040046612495, 0.019595058532, 0.8715128992, 0.016598367958, 0.00053287235253, 0.0017285388195],
      [0.010380033312, 0.035817043645, 0.017842072441, 0, 0.044835818703, 0.8096410924, 0.074265039535, 0.0072188999638],
      [0.020828776871, 0.0095930724592, 0.019926715267, 0, 0.00075058463801, 0.05120564606, 0.8934937856, 0.0042014191062],
      [0.18342625556, 0.018564166145, 0.10515321261, 0, 0.013248645773, 0.10348565834, 0.51668251396, 0.059439547606]
    ],
    [
      [2.2907646427e-06, 0.082953235447, 0.00059228091697, 0.790326965, 0.032964921032, 0.0075143402874, 0.029521174754, 0.056124791801],
      [6.3629864189e-05, 0.75433072043, 0.019413660894, 0.061297987092, 0.051427903477, 0.10975973473, 0.0036016752475, 0.00010468826242],
      [0.0057743871819, 0.0024345917479, 0.59356537036, 0.18287978118, 0.01828961999, 0.091421331795, 0.10552898078, 0.00010593696053],
      [4.2408972721e-08, 0.047270224626, 0.032023075253, 0.086986369462, 0.82799665321, 0.0041611159682, 0.00089120668499, 0.00067131238947],
      [0.017533241003, 0.029427823181, 0.0097355311919, 0.04066982, 0.030776794393, 0.76169863855, 0.10774717552, 0.0024109761566],
      [0.026388444823, 0.0029648527903, 0.0023667703424, 0.0015170965688, 0.0010989639933, 0.032045020833, 0.93103708138, 0.0025817692738],
      [0.22503015569, 0.006870683833, 0.056078784621, 0.034110974207, 0.0085871241828, 0.075855734119, 0.57847802901, 0.01498851434]
    ],
    [
      [8.0033003619e-07, 0.15650709921, 0, 0.75238282861, 0.016739833201, 0.0085947500922, 0.030323255952, 0.035451432601],
      [1.3372099936e-05, 0.86601413706, 0, 0.035101492421, 0.015641643402, 0.075671807988, 0.0075176847253, 3.986230498e-05],
      [0.0030068068402, 0.0067344415458, 0.36363636364, 0.25921856413, 0.01374155732, 0.15626235979, 0.19730044463, 9.9462109339e-05],
      [2.4585353927e-08, 0.148346712, 0, 0.13856137376, 0.67864511849, 0.0078913949054, 0.025847762167, 0.0007076140907],
      [0.0054988798895, 0.048794031465, 0, 0.034207897571, 0.013723758283, 0.79383727549, 0.10258658946, 0.0013515678341],
      [0.004726088951, 0.0071412122681, 0, 0.00062834147163, 0.00021980004185, 0.044794828009, 0.94228609728, 0.000203631981],
      [0.09285481768, 0.014957147106, 0, 0.0557190042, 0.0097106531201, 0.11013106807, 0.70557778704, 0.01104952279]
    ],
    [
      [3.3372886967e-06, 0.065031503997, 0.0005089955153, 0.78976096831, 0.02127431399, 0.0090123903376, 0.016791787987, 0.097616702578],
      [0.00011193822251, 0.70254238286, 0.020166067618, 0.075400570703, 0.040106666204, 0.15898094383, 0.0024723346098, 0.00021909595064],
      [0.0095195034198, 0.0021796696809, 0.57121885239, 0.21125338145, 0.013466146334, 0.12425374226, 0.067900666163, 0.00020803830964],
      [9.2511082772e-08, 0.055632164105, 0.041225179406, 0.13247187021, 0.76070320704, 0.0074667693235, 0.00075903715823, 0.001741680242],
      [0.023333688758, 0.021228792501, 0.007652404025, 0.038026660905, 0.014341587571, 0.83174975726, 0.055928553984, 0.0077385549956],
      [0.01555812573, 0.0014411254013, 0.0087695149731, 0.0049969536113, 0, 0.082257990924, 0.88131492581, 0.0056613635517],
      [0.37896529003, 0.0062579433395, 0.055513440724, 0.040290609652, 0.0064479028004, 0.10480722358, 0.37758821349, 0.030129376386]
    ],
    [
      [4.2908246842e-07, 0.060370124558, 0.00089235256794, 0.8583605954, 0.02880242742, 0.0060586483676, 0.011778802494, 0.033736620113],
      [1.5428920186e-05, 0.70041721725, 0.037787286448, 0.087494274799, 0.058050906118, 0.11429309946, 0.0018591813482, 8.2605657773e-05],
      [0.00088123544214, 0.0014573741603, 0.7251176464, 0.16500154124, 0.013117025751, 0.060075672701, 0.034296801435, 5.2702870642e-05],
      [9.1646201147e-09, 0.039711221094, 0.055604649147, 0.11054598308, 0.78939267125, 0.0038633063353, 0.00041022817316, 0.00047193175063],
      [0.0042802452073, 0.028180598202, 0.019112075196, 0.058932175224, 0.035271627135, 0.79627024187, 0.05603193649, 0.001921100672],
      [0.001828079104, 0.007623701274, 0.025923461107, 0.0034457070065, 0.00284374828, 0.069172307623, 0.88587433147, 0.0032886641402],
      [0.086885106689, 0.010592906579, 0.17760021834, 0.079676920387, 0.015884203827, 0.12816841683, 0.48198952269, 0.019202704654]
    ],
    [
      [4.4560516848e-07, 0.10150708475, 0.00056788336325, 0.78911740538, 0.054816803574, 0.0045489385742, 0.013267594141, 0.036173844615],
      [1.0770038361e-05, 0.79623693126, 0.016161837477, 0.054094827723, 0.074347524804, 0.057680956895, 0.001407689518, 5.9462289836e-05],
      [0.0012632111081, 0.0033648921468, 0.63556453275, 0.20976255587, 0.034387971091, 0.062244467719, 0.053334468204, 7.7901112104e-05],
      [5.5365382317e-09, 0.038807033406, 0.020574590081, 0.059159613718, 0.87920789553, 0.0016881130573, 0.00026879267593, 0.00029395598894],
      [0.005240725187, 0.055650577867, 0.014327274486, 0.063818540516, 0.068254468239, 0.70581886921, 0.081800940117, 0.0050886043782],
      [0.0021273918296, 0.015556830178, 0.018980518796, 0.00077547421357, 0, 0.053462977651, 0.90694126523, 0.0021555421051],
      [0.091823745548, 0.017952468145, 0.11433240019, 0.074146273989, 0.030514492149, 0.097585062585, 0.55274893702, 0.020896620371]
    ],
    [
      [1.2771809732e-06, 0.10026355629, 0.00059895902649, 0.82668288654, 0.047199847303, 0.0093815954645, 0.015871878197, 0],
      [3.1052355717e-05, 0.7822839052, 0.017190007891, 0.055739210201, 0.064350684019, 0.07871136037, 0.0016937799659, 0],
      [0.0033839450066, 0.0030988674646, 0.62791872184, 0.19955614435, 0.02759976321, 0.078838326133, 0.059604231995, 0],
      [1.7806914964e-08, 0.042856370508, 0.024353431615, 0.067920254942, 0.86194011337, 0.0025690220938, 0.00036078965977, 0],
      [0.011873650873, 0.043309855977, 0.011975043908, 0.052640524069, 0.053748783722, 0.75612747653, 0.070324664918, 0],
      [0.025160019688, 0.012237045907, 0.016153443369, 0.0020061229887, 0.00016912870039, 0.051267125726, 0.89300711362, 0],
      [0.20762452567, 0.017920740092, 0.092302623965, 0.057762780879, 0.020058731458, 0.10101293539, 0.50331766255, 0]
    ],
    [
      [1.5009622425e-06, 0.081911213384, 0.00055819310845, 0.80188623087, 0.032778638159, 0.0054109009369, 0.014106658085, 0.063346664494],
      [4.4463112638e-05, 0.77135362883, 0.019524311913, 0.068425782479, 0.054541966352, 0.084149101684, 0.001833466833, 0.00012727879553],
      [0.0042912921689, 0.0027554329313, 0.62246539729, 0.21755278043, 0.020825455338, 0.074799999298, 0.057172462625, 0.00013717992079],
      [2.9583690683e-08, 0.049705121007, 0.032089594949, 0.096535751995, 0.81721779169, 0.0031842987829, 0.00045331516517, 0.00081409682211],
      [0.015892537936, 0.040522374839, 0.012708240703, 0.059281401809, 0.042643176401, 0.75398296287, 0.071158955538, 0.003810349909],
      [0.026593918972, 0.011618390603, 0.017013226509, 0.00033353394933, 0.00089733331197, 0.049997674079, 0.88609263439, 0.007453288182],
      [0.24516757326, 0.011452737038, 0.088339628423, 0.060242695943, 0.01444710352, 0.091376219456, 0.46030597142, 0.028668070931]
    ],
    [
      [6.2846088389e-07, 0.059799694374, 0.00033149747407, 0.81772565148, 0.013843838426, 0.0047496585398, 0.011928480327, 0.09162055092],
      [2.4835758502e-05, 0.76078100273, 0.015449639465, 0.092098857779, 0.030753189861, 0.098580864561, 0.0020693161273, 0.00024229372029],
      [0.00250053919, 0.0028041752522, 0.51647222808, 0.30698643235, 0.012266391114, 0.091388829852, 0.067308627124, 0.00027277704547],
      [2.4389694299e-08, 0.071625426249, 0.037518017408, 0.19221577123, 0.69008870662, 0.0055082608887, 0.0007549434202, 0.0022888497977],
      [0.0078320909607, 0.03580027255, 0.0088829762863, 0.058304607817, 0.021829150516, 0.78603837002, 0.074903738195, 0.0064087936586],
      [0.018400169473, 0.0099898512467, 0.011342925597, 0, 0.00046345170489, 0.053034706842, 0.9015877375, 0.0051811576317],
      [0.13784301168, 0.011308100261, 0.070784445071, 0.082062133711, 0.0082522955735, 0.10821482779, 0.5259250619, 0.055610124012]
    ],
    [
      [5.0992982847e-07, 0.090993828174, 0.00077345437215, 0.81483221177, 0.025748353261, 0.0047322461544, 0.010867231279, 0.052052165055],
      [1.4082850076e-05, 0.80038218197, 0.025270544003, 0.064459965985, 0.039898949986, 0.068559496725, 0.0013170397593, 9.7738721296e-05],
      [0.0011921078764, 0.0024954171668, 0.71435007621, 0.17913609541, 0.013347064291, 0.053383669888, 0.036003237545, 9.2331610574e-05],
