{
  "X": [
    [7, 9, 14, 49, 171, 15],
    [3, 5, 9, 11, 69, 5],
    [20, 61, 133, 252, 1182, 64],
    [33, 40, 87, 246, 983, 58],
    [25, 56, 70, 166, 782, 40],
    [29, 55, 95, 292, 697, 63],
    [27, 25, 73, 90, 614, 19],
    [43, 45, 87, 150, 981, 33],
    [0, 8, 12, 12, 48, 3],
    [22, 19, 38, 139, 256, 28],
    [27, 47, 62, 164, 541, 29],
    [42, 40, 69, 308, 700, 47],
    [40, 91, 96, 290, 842, 40],
    [76, 73, 91, 259, 711, 47],
    [0, 3, 3, 7, 25, 1],
    [1, 4, 12, 21, 53, 5],
    [25, 56, 93, 134, 764, 31],
    [1, 4, 3, 0, 24, 1],
    [20, 34, 22, 192, 253, 24],
    [24, 27, 45, 191, 441, 35],
    [37, 29, 31, 309, 330, 41],
    [52, 50, 75, 416, 681, 56],
    [73, 68, 179, 511, 1733, 88],
    [71, 110, 134, 557, 1270, 88],
    [59, 55, 91, 432, 864, 68],
    [59, 50, 72, 448, 630, 66],
    [26, 42, 35, 190, 330, 62],
    [28, 40, 114, 203, 1103, 47],
    [1, 0, 2, 11, 31, 1],
    [44, 14, 9, 144, 291, 13],
    [138, 121, 200, 726, 2236, 126],
    [3, 11, 7, 51, 75, 2],
    [82, 167, 123, 459, 1332, 83],
    [8, 21, 19, 94, 387, 15]
  ],
  "W": [
    [13, 4, 52, 180, 8, 8],
    [6, 3, 15, 69, 2, 7],
    [144, 69, 245, 1167, 26, 61],
    [135, 40, 267, 929, 31, 45],
    [105, 40, 171, 766, 26, 31],
    [86, 34, 312, 691, 36, 72],
    [103, 20, 93, 578, 30, 24],
    [137, 31, 161, 932, 46, 32],
    [4, 7, 12, 56, 2, 2],
    [21, 20, 158, 269, 17, 17],
    [80, 57, 147, 527, 31, 28],
    [74, 51, 296, 671, 49, 65],
    [85, 76, 302, 855, 32, 49],
    [85, 59, 262, 724, 73, 54],
    [4, 0, 7, 25, 1, 2],
    [6, 5, 17, 63, 1, 4],
    [108, 53, 133, 752, 29, 28],
    [3, 1, 1, 23, 3, 2],
    [30, 22, 204, 236, 26, 27],
    [39, 24, 219, 410, 25, 46],
    [34, 28, 315, 327, 36, 37],
    [89, 43, 425, 675, 50, 48],
    [225, 65, 516, 1676, 99, 71],
    [143, 78, 605, 1237, 65, 102],
    [99, 48, 455, 851, 60, 56],
    [91, 32, 434, 636, 56, 76],
    [34, 24, 216, 314, 29, 68],
    [141, 38, 200, 1049, 42, 65],
    [2, 0, 11, 29, 2, 2],
    [11, 15, 151, 283, 43, 12],
    [225, 111, 728, 2207, 180, 96],
    [13, 7, 48, 68, 5, 8],
    [137, 124, 493, 1321, 62, 109],
    [20, 33, 91, 376, 6, 18]
  ],
  "method": "mult",
  "cond_prob": [
    [
      [3.8979929807e-05, 0.0009719680559, 0.16532006771, 0.0013383140363, 0.83182570713, 0.000504963143],
      [0.0017626080702, 0.60763294679, 0.02725346342, 0.016526534222, 0.33776117123, 0.0090632762634],
      [0.02675170065, 0.01256531387, 0.001267731887, 0.79524434529, 0.073411623444, 0.09075928486],
      [0.0048994322542, 0.023763071798, 0.061127404332, 0.033026350957, 0.84924312073, 0.02794061993],
      [0.58587320333, 0.024995560471, 0.011714697547, 0.10021958764, 0.23930863356, 0.037888317455],
      [0.004058870308, 0.17826486243, 0.072406605984, 0.10216124403, 0.029948237956, 0.61316017929]
    ],
    [
      [5.1806438677e-05, 0.00082386200818, 0.2256545476, 0.00085041286258, 0.77235380394, 0.00026556715212],
      [0.0025722294211, 0.5976045085, 0.040303526394, 0.011531856829, 0.34275514216, 0.0052327366929],
      [0.052179451001, 0.015495342462, 0.0024764161073, 0.67993539798, 0.18020622859, 0.069707163866],
      [0.0097244948291, 0.01984987734, 0.093689940219, 0, 0.86984948919, 0.0068861984167],
      [0.74164939725, 0.016037798479, 0.011906814166, 0.048326143289, 0.16699617438, 0.015083672432],
      [0.0078559671987, 0.22401371887, 0.1427994843, 0.09494552801, 0.040130173991, 0.49025512763]
    ],
    [
      [2.5211777382e-05, 0.00064989017406, 0.20133125178, 0.0013010871069, 0.79637395378, 0.00031860537345],
      [0.001497855506, 0.5000622108, 0.043964933887, 0.021108198594, 0.42585601004, 0.0075107911762],
      [0.018795979404, 0.0091427021244, 0.0016985238584, 0.83144028835, 0.076851711031, 0.062070795233],
      [0.0021505945329, 0.011570234775, 0.079168311285, 0.029690826166, 0.86420549539, 0.013214537851],
      [0.482735192, 0.022579514007, 0.019497154996, 0.13173427455, 0.3111475875, 0.032306276952],
      [0.0037236673513, 0.16512508037, 0.12561042066, 0.1406397022, 0.040848628917, 0.5240525005]
    ],
    [
      [4.0493066833e-05, 0.0006312192287, 0.16383121097, 0.0012611441344, 0.83388340358, 0.00035252902603],
      [0.0024053985874, 0.48725050783, 0.035761417579, 0.020457377036, 0.44581575275, 0.0083095462144],
      [0.030325418131, 0.0089212357909, 0.0013880187855, 0.80953033526, 0.080828059257, 0.069006932773],
      [0.0065563627875, 0.011297671957, 0.062683596736, 0.0213803123, 0.88415787688, 0.013924179337],
      [0.5951271363, 0.016850736715, 0.012185153088, 0.098098501254, 0.25027398297, 0.027464489673],
      [0.0058139688142, 0.15610855662, 0.099353948602, 0.13252193956, 0.041574610871, 0.56462697553]
    ],
    [
      [3.9814816371e-05, 0.0010463013594, 0.16718233873, 0.0013041923446, 0.83007620612, 0.00035114662971],
      [0.0017903659451, 0.61241649981, 0.027614230802, 0.016014928281, 0.33589818525, 0.0062657899137],
      [0.028851766777, 0.014305875097, 0.0013695991373, 0.81112587627, 0.077821438236, 0.066525444483],
      [0.0060556996418, 0.027400987631, 0.062601792011, 0.026197314077, 0.8622793257, 0.015464880938],
      [0.58431221409, 0.02775961836, 0.012351884749, 0.10083563513, 0.24754882176, 0.027191825912],
      [0.0051538450199, 0.23342797164, 0.091385873059, 0.1235828624, 0.037302327603, 0.50914712027]
    ],
    [
      [3.2154532777e-05, 0.00086687984021, 0.22701772641, 0.0012937243343, 0.77049510955, 0.00029440533247],
      [0.0016457787064, 0.57673790929, 0.042677702598, 0.018082083216, 0.35487734227, 0.0059791839179],
      [0.024062663048, 0.012243583676, 0.0019209389019, 0.82958346968, 0.074613142538, 0.057576202154],
      [0.0021690197892, 0.021883141119, 0.090926414832, 0.026761260503, 0.84374631398, 0.014513849776],
      [0.54452910246, 0.026699622978, 0.019469992667, 0.11609766317, 0.2667440221, 0.026459596617],
      [0.0046095416701, 0.21408228293, 0.13743094886, 0.13572721465, 0.038344482138, 0.46980552976]
    ],
    [
      [4.2946277869e-05, 0.00070109085058, 0.2036865766, 0.0011280246076, 0.7942200282, 0.00022133346],
      [0.0024504070437, 0.52455973217, 0.042669953618, 0.017577061192, 0.40773122675, 0.0050116192185],
      [0.036079272861, 0.011113902611, 0.0019333056042, 0.81593878246, 0.086293488065, 0.048641248399],
      [0.0079402005524, 0.013417752305, 0.081183705582, 0.013106185114, 0.87853780679, 0.0058143496592],
      [0.6273752004, 0.018495627375, 0.014951993459, 0.086733118859, 0.23540164082, 0.017042419095],
      [0.0075210035514, 0.2121946001, 0.15059768692, 0.14469153796, 0.048271525956, 0.43672364551]
    ],
    [
      [4.5023890233e-05, 0.00084595027731, 0.16521799749, 0.001149770538, 0.83247691333, 0.00026434447468],
      [0.00229953291, 0.56263726309, 0.031007111538, 0.016036347702, 0.38266222515, 0.0053575196128],
      [0.03669674861, 0.013014258007, 0.0015235575451, 0.80459293324, 0.087829527277, 0.05634297532],
      [0.0085851836027, 0.018179880627, 0.063382836089, 0.012471024331, 0.8890354855, 0.0083455898476],
      [0.62573789624, 0.021411383122, 0.011649554764, 0.084804826159, 0.23686919166, 0.019527148051],
      [0.0071573542471, 0.23182755466, 0.11093557399, 0.13380861645, 0.045953896784, 0.47031700388]
    ],
    [
      [1.291408098e-17, 0.001040498333, 0.38177407486, 0.0011276116255, 0.61573501819, 0.00032279699145],
      [6.5171305196e-33, 0.67081187224, 0.06151047358, 0.013900737388, 0.2479889801, 0.0057879366861],
      [0, 0.016117673583, 0.0034207546391, 0.84529075952, 0.064484916329, 0.070685895925],
      [1.1917092681e-18, 0.045264389934, 0.16946955029, 0.019046820301, 0.74894617863, 0.017273060844],
      [0, 0.079146301194, 0.078107758898, 0.25103580425, 0.51965249155, 0.072057644111],
      [0, 0.20682218965, 0.17738549776, 0.093000866079, 0.023513542193, 0.49927790432]
    ],
    [
      [5.1992870029e-05, 0.00069744445495, 0.26199662434, 0.0012564514516, 0.73561099056, 0.00038649632216],
      [0.0030016477861, 0.53123503305, 0.055341408735, 0.019807867204, 0.38175920181, 0.008854841416],
      [0.038716638341, 0.0097954566242, 0.0021937105604, 0.80331924907, 0.070699063901, 0.075275881501],
      [0.016176393734, 0.014663656919, 0.10553186355, 0.030663471412, 0.81033386025, 0.022630754142],
      [0.66814379296, 0.01600102581, 0.016655903193, 0.083972588281, 0.18934768267, 0.025879007088],
      [0.0065736436216, 0.15273115934, 0.13961263516, 0.1162945889, 0.032224356103, 0.55256361688]
    ],
    [
      [4.2104712452e-05, 0.00079630019853, 0.20132886108, 0.0015211222381, 0.79601147826, 0.00030013350363],
      [0.0022359285285, 0.54981935395, 0.039244376254, 0.022059032046, 0.38031651823, 0.0063247909849],
      [0.027207602923, 0.0097087886333, 0.0014695283911, 0.84436984627, 0.066523950811, 0.050720282967],
      [0.007864559453, 0.01530659416, 0.075154727511, 0.057923849891, 0.83041985995, 0.013330409037],
      [0.59861986276, 0.020473298436, 0.01440372031, 0.11398713517, 0.22998973592, 0.022526247397],
      [0.0059938389238, 0.19529119664, 0.12098872376, 0.15853956819, 0.039323979428, 0.47986269306]
    ],
    [
      [4.0195222459e-05, 0.00056400182169, 0.17868675708, 0.0014719248827, 0.81899449976, 0.00024262123502],
      [0.0025303854037, 0.46084546681, 0.041311979811, 0.025303508434, 0.46394806575, 0.0060605937866],
      [0.027088369577, 0.0071743553524, 0.0013616187113, 0.85020759526, 0.071429645805, 0.042738415292],
      [0.0066323740173, 0.0041184223879, 0.065872920765, 0.055581301235, 0.86338087469, 0.0044141069092],
      [0.59084356244, 0.01511767129, 0.013336095702, 0.11496246524, 0.24676181217, 0.018978393159],
      [0.0068947842742, 0.16657397781, 0.12943125146, 0.18478363855, 0.048768996857, 0.46354735105]
    ],
    [
      [4.7604956333e-05, 0.0010425155382, 0.20833403374, 0.0013496918924, 0.78899752036, 0.00022863350503],
      [0.0021757324515, 0.61732338409, 0.03498061136, 0.016844762343, 0.32452915105, 0.004146358704],
      [0.034296406098, 0.014173810009, 0.0016975423726, 0.83321386095, 0.073566716534, 0.043051664036],
      [0.010308721885, 0.029766263896, 0.079614106568, 0.031013394244, 0.84108034011, 0.0082171733018],
      [0.63443751619, 0.02524858744, 0.014055463331, 0.095253324551, 0.21484412142, 0.016160987061],
      [0.0072882763514, 0.27461648851, 0.13470585571, 0.15122305672, 0.041941718778, 0.39022460393]
    ],
    [
      [5.6127030521e-05, 0.00098740622167, 0.22275381134, 0.0013751553594, 0.77455312053, 0.00027437951942],
      [0.0026551427528, 0.60598501282, 0.038705941259, 0.017764713532, 0.32973865972, 0.0051505299114],
      [0.039291964282, 0.013049318801, 0.0017638261266, 0.82548342219, 0.070190666999, 0.050220801604],
      [0.022397623877, 0.026403130652, 0.084401641924, 0.037903142154, 0.81681724278, 0.012077218614],
      [0.66982407548, 0.021557795358, 0.013543868353, 0.087488242268, 0.19010308065, 0.01748293789],
      [0.0079822952144, 0.24174902844, 0.13379003545, 0.14314482366, 0.038245192921, 0.43508862432]
    ],
    [
      [1.0091872909e-32, 0.0024566144072, 0.20759335959, 0.0012976762336, 0.78848218786, 0.00017016191087],
      [3.8055496254e-17, 0.90065882661, 0.0088296381507, 0.0043443244648, 0.085338697411, 0.00082851336448],
      [8.9790870703e-18, 0.03231388122, 0.0015148011279, 0.86608273855, 0.068409416769, 0.031679162335],
      [0, 0.061777427639, 0.078249466336, 0.02007059946, 0.83099452389, 0.0089079826739],
      [0, 0.15625055701, 0.033819308125, 0.23880799587, 0.53979822574, 0.031323913253],
      [0, 0.53164506292, 0.084483493608, 0.095828571429, 0.02627200409, 0.26177086796]
    ],
    [
      [2.4168392336e-05, 0.00062457772636, 0.34442396505, 0.0015715585829, 0.65297784245, 0.00037788780572],
      [0.0014473211256, 0.54068019597, 0.07398174368, 0.025692733749, 0.34921651576, 0.0089814897193],
      [0.015043412106, 0.007222346276, 0.0023170802375, 0.86304763062, 0.051117664178, 0.061251866584],
      [0.0022187790553, 0.010194605766, 0.14034099091, 0.087790471788, 0.73266471932, 0.026790433165],
      [0.58604100538, 0.017832534988, 0.026586779113, 0.1309828562, 0.20701228551, 0.031544538804],
      [0.0027640730873, 0.12749474222, 0.16402198021, 0.1321286701, 0.025540118269, 0.54805041611]
    ],
    [
      [3.7373290367e-05, 0.00088477908259, 0.21369453363, 0.0012306071758, 0.78386177481, 0.00029093201055],
      [0.0018849102484, 0.57999285916, 0.039588170807, 0.016949057219, 0.35576235695, 0.0058226456227],
      [0.028942939046, 0.012928383262, 0.0018709215211, 0.81880347347, 0.078538113954, 0.058916168751],
      [0.0052693469909, 0.021990448466, 0.084341929876, 0.023235730796, 0.85334823577, 0.011814308102],
      [0.58387832081, 0.024999299734, 0.016814816772, 0.10134617981, 0.24896564781, 0.023995735065],
      [0.0054154395607, 0.22084108611, 0.13075799287, 0.13055798743, 0.039431327185, 0.47299616684]
    ],
    [
      [0, 0.002041450616, 0.2185446157, 0, 0.77941393369, 0],
      [0.00037921725764, 0.84508197908, 0.015120917264, 0, 0.13785836899, 0.0015595174074],
      [0.090865790966, 0.18368919529, 0.010862466759, 0, 0.46286806874, 0.25171447825],
      [0, 0.046514681402, 0.082819332469, 0, 0.87066598613, 0],
      [0.30144881422, 0.30520486194, 0.068388932073, 0, 0.32495739177, 0],
      [0.0022042745626, 0.48982610785, 0.10418566294, 0, 0.030420952468, 0.37336300217]
    ],
    [
      [3.725686941e-05, 0.0011786149025, 0.16058012813, 0.0014873677488, 0.8364491857, 0.00026744664914],
      [0.0015425979366, 0.6416083977, 0.024331238842, 0.016816839501, 0.31130666098, 0.0043942650426],
      [0.024586608369, 0.014676010831, 0.0011923745529, 0.84212535926, 0.07126699408, 0.046152652911],
      [0.00085947834873, 0.03520838493, 0.057325148417, 0.053436140595, 0.84233087402, 0.010839973685],
      [0.56174999418, 0.032039605456, 0.012099854951, 0.11778156338, 0.25511363386, 0.021215348179],
      [0.0052200108609, 0.28567192625, 0.094841971768, 0.15254019933, 0.040602605371, 0.42112328642]
    ],
    [
      [3.8236175256e-05, 0.00063307733926, 0.18428154623, 0.0011985462023, 0.81360296082, 0.00024563322935],
      [0.0022850435075, 0.49460782773, 0.040387981652, 0.019559247802, 0.43733505464, 0.0058248446681],
      [0.030600753502, 0.0095596643242, 0.0016639053396, 0.82263221049, 0.084164840382, 0.051378625962],
      [0.0051099715631, 0.0095627935045, 0.073092809189, 0.0022915389818, 0.90659733488, 0.0033455518858],
      [0.59377964401, 0.017745681059, 0.014356194678, 0.097881459343, 0.25614580549, 0.020091215413],
      [0.0065765931936, 0.18797322321, 0.13374687464, 0.1508872432, 0.048538929062, 0.47227713669]
    ],
    [
      [4.9862010515e-05, 0.00077303465297, 0.17514650108, 0.0016131079528, 0.8220906812, 0.00032681310642],
      [0.0026577949539, 0.53865963725, 0.034213511156, 0.023479659788, 0.39407685558, 0.0069125412694],
      [0.030394910621, 0.0088938990412, 0.0012038407807, 0.84264918978, 0.064774710925, 0.052083448849],
      [0.01353521743, 0.01111066344, 0.059728996558, 0.10073793515, 0.79978955613, 0.015097631288],
      [0.62968691744, 0.017732862538, 0.011156866628, 0.10779418174, 0.21175344818, 0.021875723481],
      [0.0068849854004, 0.18427294012, 0.10202166843, 0.16300901991, 0.039362755464, 0.50444863067]
    ],
    [
      [4.6825127581e-05, 0.00082048289804, 0.19814571515, 0.0015042021209, 0.79917758209, 0.00030519260996],
      [0.0024438414484, 0.55647826185, 0.03798085234, 0.02143767209, 0.37533896529, 0.006320406972],
      [0.030483331664, 0.010082849147, 0.0014586972131, 0.83870101051, 0.06733745826, 0.051936653205],
      [0.011185371332, 0.016489664105, 0.072246989725, 0.067732823976, 0.81829710022, 0.014048050641],
      [0.6213505332, 0.019879015107, 0.013367096962, 0.10617837139, 0.21764705666, 0.021577926684],
      [0.0066183148919, 0.19976514268, 0.1182674057, 0.15557920607, 0.039214675888, 0.48055525477]
    ],
    [
      [3.427660446e-05, 0.00062036459669, 0.18925110584, 0.0013483757131, 0.80844518341, 0.00030069383118],
      [0.0020746887576, 0.48578694557, 0.042122033284, 0.02228678982, 0.44050766791, 0.007221874659],
      [0.024729435286, 0.008450451324, 0.0015467260737, 0.83300871077, 0.075558010832, 0.056706665719],
      [0.0029266671193, 0.011016522786, 0.073155853712, 0.034078900963, 0.86737248256, 0.011449572861],
      [0.55371745954, 0.018398918879, 0.015652406637, 0.1165216036, 0.26968444642, 0.026025164921],
      [0.005266504234, 0.16392462622, 0.12286844071, 0.15160003663, 0.043152968531, 0.51318742368]
    ],
    [
      [4.4214706504e-05, 0.00095157826542, 0.19032969226, 0.0013323361538, 0.80708084997, 0.00026132864689],
      [0.0021275434488, 0.59213790984, 0.033667257599, 0.017506608823, 0.34957112933, 0.0049895509589],
      [0.032092900104, 0.013039306763, 0.0015642669226, 0.82786270352, 0.075868724834, 0.049572097853],
      [0.0087745106916, 0.023509941892, 0.072741764686, 0.026836791772, 0.85862247261, 0.0095145183498],
      [0.61351177917, 0.024189828532, 0.013488313301, 0.098684644687, 0.23073938635, 0.019386047956],
      [0.0066587154261, 0.24641421346, 0.12109924652, 0.14681775964, 0.042218167773, 0.43679189717]
    ],
    [
      [4.431427653e-05, 0.00076245364294, 0.19345446666, 0.0014066661477, 0.80401435959, 0.0003177396908],
      [0.002409015824, 0.53784922523, 0.038638685666, 0.020881690535, 0.39336742041, 0.0068539623302],
      [0.030504032892, 0.0099079814882, 0.0015066896343, 0.8292560263, 0.071652544431, 0.057172725256],
      [0.0093222477235, 0.015241531574, 0.072822288492, 0.045973363962, 0.84253017671, 0.014110391542],
      [0.61189733743, 0.019257097622, 0.013610969112, 0.10351125552, 0.22830470474, 0.023418635572],
      [0.0063137875511, 0.18702952633, 0.11641752593, 0.14665926567, 0.039778068613, 0.5038018259]
    ],
    [
      [5.1060866165e-05, 0.00086014225471, 0.19525779006, 0.0016315027846, 0.8019005126, 0.00029899143698],
      [0.0025882801543, 0.56668376689, 0.036351808008, 0.022583390232, 0.36577892254, 0.0060138321701],
      [0.030968987261, 0.0098482640316, 0.0013392825373, 0.8474978688, 0.062948713107, 0.047396884259],
      [0.014710023953, 0.016790927839, 0.067666834789, 0.095253526858, 0.79177587289, 0.013802813674],
      [0.63525065304, 0.019556206205, 0.012361060906, 0.10806904942, 0.20492735056, 0.019835679865],
      [0.0071365292099, 0.20709897726, 0.11524616172, 0.16686420854, 0.038907888905, 0.46474623437]
    ],
    [
      [4.1737512828e-05, 0.00097262737952, 0.17492148563, 0.0012959142813, 0.82239014336, 0.00037809182862],
      [0.0019613542082, 0.59670963421, 0.030131554802, 0.01662975505, 0.34751762059, 0.0070500811473],
      [0.030274142126, 0.013311955489, 0.0014307388627, 0.80624338239, 0.077076172063, 0.071663609071],
      [0.0055225100424, 0.030607001301, 0.06786775675, 0.014075197119, 0.85245702669, 0.029470508101],
      [0.59721846981, 0.025158587802, 0.012568777706, 0.097667543029, 0.23885044938, 0.028536172283],
      [0.0052777933332, 0.21221058247, 0.09331621185, 0.11994534638, 0.036054259625, 0.53319580634]
    ],
    [
      [2.8482129335e-05, 0.00055847134871, 0.18482807259, 0.0012235435523, 0.81312338155, 0.00023804883362],
      [0.0018135042909, 0.46166369734, 0.043251536365, 0.021274274822, 0.46598268915, 0.0060142980323],
      [0.02263776867, 0.0083777501324, 0.0016624314805, 0.83420641004, 0.0836634481, 0.049452191573],
      [0.0011977242023, 0.008353714843, 0.072625249195, 0.018886096054, 0.89407335878, 0.0048638569256],
      [0.51934644136, 0.018542702822, 0.017101442937, 0.11838640504, 0.3035574869, 0.023065520936],
      [0.0050854445735, 0.17170222501, 0.13940077043, 0.15990818669, 0.050418516669, 0.47348485662]
    ],
    [
      [0, 1.5888922041e-33, 0.13718280804, 0.0013091569064, 0.86150803506, 0],
      [0.0025974987404, 0, 0.055740150524, 0.04189600723, 0.89324885766, 0.006517485848],
      [0, 0, 0.0010472656248, 0.87695498207, 0.12199775231, 0],
      [0, 0, 0.04837028419, 0.021191727728, 0.93043798808, 0],
      [0.49429971927, 0, 0.011109733267, 0.11938262588, 0.37520792159, 0],
      [0.0057002807349, 0, 0.144578377, 0.2487757638, 0.10094557847, 0.5]
    ],
    [
      [6.2169907407e-05, 0.00068077708653, 0.074100709027, 0.0015131676287, 0.92341649401, 0.00022668233632],
      [0.0034234102413, 0.49680565703, 0.014925694177, 0.022754592145, 0.45713664954, 0.00495399687],
      [0.03998178632, 0.0082649764875, 0.00053608349915, 0.83632979009, 0.076715260055, 0.038172103548],
      [0.030582289541, 0.0076368909208, 0.024843540729, 0.039622765721, 0.89363051253, 0.0036840005551],
      [0.67724683498, 0.013468283672, 0.0040601654011, 0.087193775942, 0.20494296796, 0.01308797205],
      [0.011192783261, 0.21266990155, 0.056229086749, 0.19947190881, 0.057615157106, 0.46282116253]
    ],
    [
      [3.9794707175e-05, 0.0007555169174, 0.17325007943, 0.0013958240265, 0.82423815378, 0.00032063113492],
      [0.002167474511, 0.53127217995, 0.034705471377, 0.020760632319, 0.40416476011, 0.0069294817253],
      [0.027607169284, 0.0098969105993, 0.001362011301, 0.82890260946, 0.074090884876, 0.058140414483],
      [0.0055757598786, 0.014959759504, 0.065109091138, 0.039005150257, 0.86218106864, 0.013169170577],
      [0.5821988094, 0.020346835139, 0.013015003102, 0.10953222946, 0.24970804626, 0.025199076643],
      [0.0057390576835, 0.18724194012, 0.10558766539, 0.14729418543, 0.041301000128, 0.51283615124]
    ],
    [
      [2.622381712e-05, 0.0012725636891, 0.1620064497, 0.0016462045143, 0.83496615356, 8.240471826e-05],
      [0.00099945139201, 0.67349222354, 0.022314438747, 0.017132389136, 0.28481491398, 0.0012465832095],
      [0.0094376487466, 0.01489253251, 0.0011127687085, 0.89745438631, 0.066343240274, 0.010759423453],
      [0, 0.030006451414, 0.053134693759, 0.077223840284, 0.83963501454, 0],
      [0.50018237319, 0.039629652853, 0.013763545771, 0.14930915356, 0.28962521727, 0.0074900573655],
      [0.0048429906066, 0.4144478233, 0.12529066003, 0.22288689594, 0.05299412468, 0.17953750545]
    ],
    [
      [5.6434987005e-05, 0.0011616141675, 0.17133037697, 0.0013440754038, 0.82584859606, 0.00025890241124],
      [0.0023920855362, 0.63590252392, 0.026697889226, 0.015557149327, 0.31509596955, 0.0043543824453],
      [0.040144459944, 0.015598511961, 0.0013800409567, 0.81866540595, 0.076082022526, 0.048129558658],
      [0.015025849451, 0.03580985064, 0.063208311676, 0.024650950531, 0.85189678592, 0.0094082517773],
      [0.66397483177, 0.02502121931, 0.010289503453, 0.084363246616, 0.20007626106, 0.016274937787],
      [0.008154535347, 0.28846560737, 0.10459367854, 0.14211287225, 0.041449748804, 0.41522355768]
    ],
    [
      [3.6481874209e-05, 0.00059031382363, 0.10717812702, 0.0014148762523, 0.89053526223, 0.00024493880045],
      [0.0021909616001, 0.46428605063, 0.023579364846, 0.023202682918, 0.48090374763, 0.00583719238],
      [0.025252457805, 0.0076947099124, 0.00083434592501, 0.84242558373, 0.079498207536, 0.044294695093],
      [0.0055246300546, 0.0042835921543, 0.038587559165, 0.033402968387, 0.91347676461, 0.0047244856284],
      [0.57251243254, 0.016046157485, 0.008087305884, 0.11211193358, 0.27180289198, 0.019439278535],
      [0.0064810818735, 0.18109043644, 0.080274825496, 0.1840610058, 0.05483629736, 0.49325635303]
    ]
  ],
  "expected_outcome": [
    [
      [0.00050673908749, 0.00031083863206, 0.003630495943, 0.0054665640225, 0.0041805557189, 0.0027652898189, 0.0044234666205, 0.0061682729619, 5.1656323919e-17, 0.0010918502706, 0.0033683769961, 0.002974446462, 0.0040464212883, 0.0047707975943, 4.0367491634e-32, 0.00014501035401, 0.0040363153597, 0, 0.0011177060823, 0.001491210835, 0.0016953083575, 0.0041674363547, 0.0077122360036, 0.00632270303, 0.0043871133765, 0.004646538821, 0.0014190754362, 0.0040159802363, 0, 0.00068386898147, 0.0089538091143, 0.00034090962256, 0.0077315932196, 0.00072963748418],
      [0.012635584727, 0.0049431720491, 0.093584185065, 0.085214595875, 0.10986164274, 0.074551666258, 0.072212357609, 0.11589518799, 0.004161993332, 0.014646333554, 0.063704015882, 0.041736134805, 0.088613820744, 0.083929528842, 0.0098264576287, 0.0037474663582, 0.09555614092, 0.006124351848, 0.035358447076, 0.024690016231, 0.026283178201, 0.073022977925, 0.13958203426, 0.13607569195, 0.075482910651, 0.078272945179, 0.033069330904, 0.078744460169, 3.1777844082e-33, 0.0074885479518, 0.16999130641, 0.016543327959, 0.15914114095, 0.011806276473],
      [2.1491608802, 1.3539272856, 28.9917002569, 22.1172134806, 17.5541455667, 19.5235244716, 20.9797173902, 22.6348656557, 1.5270962994, 5.5019291111, 16.1063088867, 13.2228200238, 17.7083928683, 18.9340739635, 0.83037343836, 2.0665437903, 23.0790096316, 0.65563384709, 4.8174038438, 7.1869803031, 5.9549810366, 17.6349686482, 42.5814988148, 27.2171459925, 19.151992199, 17.7684588954, 5.9473305116, 26.0607582349, 0.27436561607, 0.81510779929, 38.9812678727, 2.1060838461, 23.4722616452, 2.1435625405],
      [0.017398082472, 0.0051024771755, 0.18735654339, 0.17025445815, 0.13694019618, 0.11126029275, 0.11618653458, 0.1575185637, 0.0045104465021, 0.026385480483, 0.12168977905, 0.10892244132, 0.11472381085, 0.11688820555, 0.0051907049344, 0.0094293514973, 0.13290557499, 0, 0.044621032465, 0.046743301888, 0.054845670395, 0.13387398876, 0.30338453545, 0.19052406999, 0.13925994862, 0.1484667534, 0.044061085563, 0.17251964087, 0.0026183138128, 0.016644843916, 0.31406040597, 0.021400658685, 0.18413833032, 0.028297525046],
      [10.8137341926, 4.6341228236, 114.6778493449, 112.5742594829, 87.1580016425, 66.262579421, 81.8046629046, 114.0493371266, 2.4629400728, 15.4478308019, 63.6809182611, 60.6055929823, 67.0647892309, 65.8370152453, 3.1539287514, 3.9178670547, 84.65707168, 2.3382418011, 25.0934755711, 31.730515472, 27.9510831608, 71.1268048064, 181.9001662675, 115.412561546, 79.5974215989, 72.9729466464, 27.9612648744, 114.6503967983, 1.7230160701, 10.1575814342, 185.4535846004, 10.8545599963, 113.14125766, 17.8107052445],
      [0.006564520859, 0.0015934029127, 0.045879173777, 0.047591418515, 0.03687039612, 0.025318858592, 0.02279734638, 0.036215193031, 0.0012911879658, 0.0081164227653, 0.02401068029, 0.017953971391, 0.019433847927, 0.02332225915, 0.0006806476435, 0.0022673268343, 0.031420657139, 0, 0.0080233994742, 0.0095796959446, 0.011111645618, 0.027162142286, 0.067656112016, 0.037369996506, 0.031456229389, 0.027208220765, 0.012855122173, 0.03356488554, 0, 0.0024935056996, 0.072142005356, 0.0010712613374, 0.03546963034, 0.004898776009]
    ],
    [
      [0.0070504322809, 0.0077166882633, 0.10335202991, 0.096215943497, 0.071614637804, 0.055956476018, 0.049008140873, 0.071285520211, 4.5619913637e-32, 0.060032955723, 0.12744792612, 0.12904965559, 0.16535566631, 0.15665342242, 0, 0.0072366056281, 0.099900243165, 0.00037921725764, 0.033937154606, 0.054841044179, 0.07441825871, 0.10508518228, 0.13485476925, 0.16594838901, 0.11563275955, 0.082824964938, 0.047072500998, 0.068913163055, 0, 0.05135115362, 0.24058967072, 0.006996159744, 0.29661860649, 0.072301732805],
      [2.4305317872, 1.7928135255, 34.504292545, 19.4900203134, 24.4966599923, 19.6090889159, 10.4911946435, 17.4417551557, 4.6956831057, 10.624700661, 31.3397031754, 23.5031188075, 46.9165771906, 35.7531157565, 0, 2.7034009798, 30.7396215352, 0.84508197908, 14.1153847493, 11.8705878656, 15.082469843, 23.9285652598, 31.5761514619, 46.1867569675, 25.8167628111, 18.1338805405, 14.3210312209, 17.5432204987, 0, 7.4520848554, 58.9712119748, 4.7144455648, 78.8519129658, 15.3214396706],
      [0.10901385368, 0.12091057918, 3.0335804382, 1.4304567032, 1.1045692321, 1.4510418883, 0.85339907237, 0.96122045767, 0.43057331506, 1.1068281747, 2.2369294465, 2.1069109704, 2.6585264634, 2.2836505343, 0, 0.3699087184, 2.0981730527, 0.015120917264, 0.53528725451, 0.96931155965, 0.95797831237, 1.6331766506, 2.7379321635, 2.6260460927, 1.854656912, 1.1632578563, 0.72315731524, 1.6435583819, 0, 0.22388541266, 3.8523073229, 0.15620107123, 3.310538264, 0.77811903993],
      [0.066106136887, 0.034595570488, 1.456465703, 0.81829508143, 0.64059713123, 0.61479082934, 0.35154122385, 0.49712677876, 0.097305161715, 0.39615734407, 1.2573648266, 1.2904789301, 1.2802019381, 1.0481180984, 0, 0.12846366874, 0.8983000326, 0, 0.36997046902, 0.46942194725, 0.65743047407, 0.92181989989, 1.4486413383, 1.3655154882, 1.0023211457, 0.72266848743, 0.3991141212, 0.80842244325, 0, 0.34131888217, 2.3044301875, 0.11992672395, 1.9290865166, 0.76568853628],
      [1.3510446849, 1.0282654265, 29.3840646927, 17.83263011, 13.4359274101, 12.0658296372, 8.1546245351, 11.8625289797, 1.7359228607, 7.6351840362, 21.6780415393, 23.6613513533, 24.6642154801, 19.4545809237, 0, 1.7460825788, 18.8554049183, 0.13785836899, 6.8487465416, 10.4960413113, 11.0341519563, 16.1395755077, 28.6329984142, 27.2665480878, 18.8816361798, 11.7049255214, 8.3404228941, 17.7073421879, 0, 6.8570497431, 44.8622883726, 1.9937043978, 39.0719002239, 15.8698236718],
      [0.036253105054, 0.015698210079, 0.51824459116, 0.33238184858, 0.25063159655, 0.20329225321, 0.10023238437, 0.166083108, 0.040515556803, 0.17709682832, 0.36051308614, 0.30909028312, 0.3151232615, 0.30388126477, 0, 0.044907448596, 0.30860021801, 0.0015595174074, 0.096673830937, 0.13979627203, 0.19355115554, 0.2717774998, 0.46942185284, 0.3891849748, 0.32899019185, 0.19244262944, 0.16920194754, 0.22854332523, 0, 0.07430995305, 0.76917247151, 0.0087260824666, 0.53994342322, 0.19262734854]
    ],
    [
      [1.3910884338, 0.78269176501, 4.6050149539, 8.096886641, 4.9336521188, 7.507550871, 3.3553723761, 5.9081765262, 0, 6.1172288578, 3.9995176297, 8.0181573948, 10.3575146416, 10.2944946418, 6.2853609492e-17, 0.2557380058, 3.8494108932, 0.090865790966, 5.0156681072, 6.7015650169, 9.5743968457, 12.9554159573, 12.7603886074, 19.4162045628, 13.8793349658, 13.4405404715, 6.5392146993, 4.527553734, 0, 6.0372497343, 20.0980192386, 0.45300713984, 19.7912187523, 2.2979736602],
      [0.65339632124, 0.23243013693, 2.2399620205, 2.3819699562, 2.4463046417, 3.8199981068, 1.0335929428, 2.0952955391, 0.19341208299, 1.5476821466, 1.4271919291, 2.1236091843, 4.2804906226, 3.4189215259, 0.22619716854, 0.12277988669, 1.7194749738, 0.18368919529, 2.9939062095, 2.093566487, 2.801578198, 4.2852108875, 4.3604328832, 7.8887805918, 4.5081315771, 4.2741465897, 2.8753823855, 1.6755500265, 0, 1.2480114496, 7.2049509163, 0.71484156047, 7.6900663968, 0.70021860203],
      [0.065922058126, 0.037146241609, 0.41613834532, 0.37060101574, 0.23420145247, 0.5993329374, 0.17979742119, 0.24529276476, 0.041049055669, 0.34660626854, 0.21602067349, 0.40303913856, 0.51265779652, 0.46212244518, 0.010603607896, 0.039390364037, 0.24883256231, 0.010862466759, 0.2432444088, 0.36439526937, 0.37920984591, 0.61994631557, 0.79811065403, 0.94638148817, 0.68554378359, 0.58124862119, 0.30903959433, 0.33248629611, 0.011519921873, 0.080948608372, 0.9915442271, 0.053412898008, 0.68036019164, 0.075925479176],
      [41.352705955, 10.1990309697, 203.7028706457, 216.1445995151, 138.7025248421, 258.830042541, 75.8823067688, 129.5394622518, 10.1434891143, 126.9244413536, 124.1223674023, 251.6614481975, 251.6305860073, 216.2766566132, 6.0625791698, 14.6718097205, 108.900861971, 0, 171.7935732883, 180.1564540974, 265.4344947816, 356.4479294669, 429.8324947551, 500.8569356317, 377.3114919658, 367.8140750609, 174.1485705961, 166.841282009, 9.6465048027, 126.2857983037, 603.4410996843, 43.0778105428, 403.6020451356, 76.6607281193],
      [3.8174044191, 2.7030934288, 18.8286692025, 21.5810918217, 13.3074659384, 23.2793004717, 8.02529439, 14.1405538917, 0.77381899595, 11.1704520964, 9.7790207692, 21.1431751583, 22.2171483932, 18.3899547537, 0.47886591738, 0.86900029102, 10.4455691558, 0.46286806874, 14.5384667923, 18.4321000436, 20.4040339414, 28.6184197605, 38.9879335893, 45.9005785244, 32.6019077161, 27.3197414882, 16.6484531655, 16.7326896199, 1.3419752754, 11.5840042683, 53.9381641897, 3.1844755331, 37.5084371055, 7.2343368858],
      [4.7194828127, 1.045607458, 15.2073448322, 18.4248510503, 11.3758510066, 17.9637750721, 4.5236361011, 9.0712190265, 0.84823075111, 11.8935892771, 7.4558815962, 12.6505709266, 13.0016025388, 13.1578500203, 0.22175413634, 1.0412817319, 7.8358504439, 0.25171447825, 9.4151411939, 11.2519190858, 16.4062863875, 22.0730776122, 29.260639511, 29.991119201, 26.0135899915, 20.5702477685, 15.4793395593, 9.8904383146, 0, 5.7639876357, 42.3262217439, 0.51645232577, 23.7278724182, 4.0308172535]
    ],
    [
      [0.88189780575, 0.67099014321, 2.5097438198, 6.0908610296, 4.6386659256, 1.4987926743, 4.5894359193, 8.0013911177, 6.6735719012e-17, 4.3514499144, 4.1446228317, 4.4503229656, 8.8139572114, 16.2158796869, 0, 0.13978308048, 3.9625489372, 0, 0.2028368903, 2.0950883409, 4.4260160996, 7.5501256493, 4.905094092, 10.8540697255, 7.9332328127, 9.3555752344, 1.7340681533, 1.2564126882, 0, 8.65478794, 12.3057020521, 0, 19.8491471252, 2.0772609005],
      [4.2773529236, 1.3696415365, 13.5024639828, 10.4955372484, 20.989156525, 15.1212505131, 7.7554608324, 16.9436487446, 2.5348058363, 3.9445237113, 8.0665751222, 2.7634614223, 25.4501556309, 19.1158665918, 1.544435691, 0.64226016326, 16.5368172467, 1.0698376722, 8.3091788435, 3.9207453368, 3.6331869449, 11.1305232709, 18.4636921901, 29.0817981208, 12.9705433691, 10.6790301056, 9.6105984086, 8.7630468704, 0, 2.1612401306, 33.0161892256, 2.0404386962, 47.3048126959, 1.61063065],
      [11.0029327797, 6.4646058751, 92.3894192693, 58.2330613677, 47.9529726804, 62.8301526491, 46.9241818265, 59.0728032352, 9.4902948165, 28.3880712937, 39.6065413984, 44.2007298333, 68.0700611156, 61.1067887531, 1.9562366584, 8.8414824273, 63.4251312667, 1.9048446468, 13.5287350265, 29.9680517676, 19.5313818746, 48.766718064, 122.6092108205, 89.9815629166, 61.9717675064, 43.0361069258, 21.3104756196, 76.1838864055, 1.4027382415, 7.0307220264, 143.6957641413, 3.6131591756, 83.4981797239, 14.5089222462],
      [5.9447431723, 0, 34.6491941352, 19.8623101264, 20.0671425827, 18.4920310078, 7.575374996, 11.6229946761, 1.0666219368, 8.2484738099, 30.5258688924, 37.2950531285, 26.5164520789, 27.4418749198, 0.5017649865, 5.5307997226, 17.4732695586, 0, 12.6109291803, 0.93953098254, 32.9413047946, 45.7196561835, 57.1162380144, 33.1971114224, 39.1233327313, 60.5812430817, 4.4196118952, 19.8115147602, 0.6145601041, 11.213242699, 86.0843666177, 5.2512211393, 32.563905652, 12.5595161134],
      [152.8637617313, 60.0196147544, 1008.5278131209, 821.3826676241, 660.5059634877, 583.0287029604, 507.7948523228, 828.5810724884, 41.9409860031, 217.9798084065, 437.6312661928, 579.3285669142, 719.1236907901, 591.3756837718, 20.7748630973, 46.1578773169, 641.7178732983, 20.025317681, 198.7900862697, 371.704907299, 261.5311848549, 552.35054265, 1453.7162807675, 1062.115998616, 716.9931803783, 503.5694551558, 267.6715063796, 937.8829533608, 26.9827016544, 252.8974350469, 1902.8336184989, 57.0951809889, 1125.3556542051, 343.4672634936],
      [5.0293115874, 0.47514769075, 15.4213656719, 12.9355626038, 11.8460987985, 10.0290701952, 3.360694103, 7.7780897379, 0.96729140727, 6.0876728643, 7.0251255624, 2.9618657361, 7.025683173, 8.7439062766, 0.22269956685, 1.6877972894, 8.8843596925, 0, 2.5582337897, 1.3716762732, 4.9369254313, 9.4824341823, 19.1894841154, 11.7694591987, 12.0079432023, 8.7785894968, 9.2537395436, 5.102185915, 0, 1.0425721571, 29.0643594643, 0, 12.4283005979, 1.7764065963]
    ],
    [
      [4.6869856266, 1.4832987945, 12.551114992, 18.4489412252, 15.1921175665, 19.6030476886, 18.8212560119, 28.783943227, 0, 11.3584444803, 18.5572157456, 28.9513345598, 20.3020005182, 48.8971575098, 0, 0.58604100538, 16.9324713035, 0.90434644265, 14.6054998486, 14.8444911003, 22.6687290278, 31.0675266599, 54.8180284947, 39.8782656462, 36.7138402457, 35.5740365704, 17.3193356244, 21.8125505373, 0.98859943853, 29.1216139039, 104.7957856919, 2.5009118659, 41.1664395699, 3.4350745952],
      [0.19996448377, 0.032075596958, 0.58706736419, 0.52237283815, 0.72175007737, 0.96118642722, 0.55486882124, 0.9849236236, 0.15829260239, 0.27201743877, 0.63467225152, 0.74076589319, 0.80795479809, 1.5737190611, 0.15625055701, 0.017832534988, 0.72497969227, 0.91561458583, 0.83302974186, 0.44364202647, 0.63838305135, 0.99395075535, 1.821492969, 1.5723388546, 1.1554258573, 1.0951475475, 0.72959904625, 0.77879351853, 0, 0.57913619789, 3.662430325, 0.19814826427, 1.5513155972, 0.096276944911],
      [0.093717580373, 0.023813628332, 0.50692602989, 0.37773974574, 0.32114900346, 0.70091973599, 0.44855980376, 0.53587951915, 0.1562155178, 0.28315035429, 0.4465153296, 0.65346868938, 0.44977482658, 0.98870238976, 0.033819308125, 0.026586779113, 0.48762968639, 0.20516679622, 0.31459622873, 0.35890486695, 0.40164719862, 0.66835484809, 1.549588257, 0.87674036457, 0.8166581467, 0.69221941073, 0.36449455346, 0.71826060334, 0.022219466534, 0.17458711225, 2.3427005584, 0.068817728853, 0.63794921406, 0.048523835304],
      [0.80175670112, 0.096652286579, 3.4250911382, 3.0410535389, 2.6217265133, 4.1795158742, 2.6019935658, 3.9010220033, 0.5020716085, 1.4275340008, 3.5336011904, 5.6331607966, 3.0481063856, 6.3866416856, 0.23880799587, 0.1309828562, 2.9390392146, 0, 3.0623206479, 2.4470364836, 3.8805905426, 5.3089185696, 11.5356387563, 6.4145019046, 6.2106753314, 6.0518667675, 2.8323587478, 4.9722290118, 0.23876525175, 3.7493323655, 19.7158013031, 0.74654576778, 5.2305212902, 0.67267160149],
      [1.9144690685, 0.33399234877, 8.0898372749, 7.7584934722, 6.4362693657, 9.6027847958, 7.0620492245, 10.8959828165, 1.0393049831, 3.2189106054, 7.1296818136, 12.0913287962, 6.8750118855, 13.8775248878, 0.53979822574, 0.20701228551, 7.2200037864, 0.9748721753, 6.6329544803, 6.4036451374, 7.6231241344, 10.8823528328, 26.6987601957, 14.9980601129, 13.6982822846, 11.4759316314, 6.9266630319, 12.7494144497, 0.75041584318, 8.8125476223, 44.9474483259, 1.4481260863, 12.4047281858, 1.6308173519],
      [0.30310653964, 0.030167344864, 0.83996320074, 0.85139917985, 0.70698747371, 0.95254547822, 0.51127257285, 0.89824881036, 0.14411528822, 0.4399431205, 0.69831366932, 0.9299412648, 0.51715158597, 1.2762544659, 0.031323913253, 0.031544538804, 0.69587631687, 0, 0.55159905265, 0.50228038533, 0.78752604532, 1.0788963342, 2.5764913272, 1.2600931171, 1.4051181343, 1.1107980725, 0.82754899621, 0.96875187932, 0, 0.56278279815, 4.5358337957, 0.037450286827, 1.0090461428, 0.11663567121]
    ],
    [
      [0.032470962464, 0.054991770391, 0.22714370843, 0.26162859664, 0.15976919562, 0.33188700025, 0.18050408523, 0.22903533591, 0, 0.11175194157, 0.16782748987, 0.44816097782, 0.35712554122, 0.43104394158, 0, 0.011056292349, 0.1516323077, 0.0044085491253, 0.14094029324, 0.30252328691, 0.25474445981, 0.31767911481, 0.37392180061, 0.67918897346, 0.35357210286, 0.54237621995, 0.35888994666, 0.33055389728, 0.01140056147, 0.13431339913, 0.55094953761, 0.038743924852, 0.88884435283, 0.11665947372],
      [1.4261188995, 1.5680960321, 10.0726299025, 7.0248850481, 7.236267121, 15.4139243706, 5.0926704025, 7.418481749, 0.41364437929, 2.5964297087, 5.4681535058, 10.8273085579, 13.456207937, 13.0544475358, 1.0632901258, 0.50997896887, 6.1835504111, 0.97965221571, 7.7131420087, 8.6467682678, 6.8180987846, 9.5887268486, 11.6386484615, 25.1342497734, 10.4736534747, 15.7395222715, 14.4303196078, 11.1606446257, 0, 2.5520388185, 17.9752262518, 3.3155825864, 31.4427512034, 3.2596278559],
      [0.57925284787, 0.99959639012, 7.6622356603, 4.4709276871, 2.8329620648, 9.8950283176, 3.614344486, 3.5499383675, 0.35477099553, 2.3734147977, 3.3876842654, 8.4130313446, 6.6005869296, 7.2246619142, 0.16896698722, 0.65608792086, 3.6612238003, 0.20837132588, 2.5607332377, 6.1523562333, 3.7748017319, 5.6768354734, 8.7236592902, 12.3521231454, 6.5193814523, 8.7587082907, 6.3455024058, 9.0610500782, 0.289156754, 0.67474904098, 10.1364158776, 1.0023252802, 11.4007109612, 1.4449468589],
