{
  "Z_true": {},
  "V_true": [
    [36, 571, 196, 579],
    [1617, 271, 2927, 85],
    [664, 185, 9603, 257],
    [570, 14412, 2065, 493],
    [145, 419, 1528, 790],
    [175, 269, 517, 339]
  ],
  "p_true": [
    [0.026, 0.4132, 0.1418, 0.419],
    [0.33, 0.0553, 0.5973, 0.0173],
    [0.062, 0.0173, 0.8967, 0.024],
    [0.0325, 0.8217, 0.1177, 0.0281],
    [0.0503, 0.1454, 0.5302, 0.2741],
    [0.1346, 0.2069, 0.3977, 0.2608]
  ],
  "Z_est": [
    [
      [0.0591, 0.0657, 0.0126, 0.0532, 0.0462, 0.01, 0.0173, 0.0214, 0.0522, 0.0083, 0.0848, 0.0163, 0.4113, 0.0308, 0.0119, 0.0363, 0.0446, 0.044, 0.0203, 0.0108, 0.0614, 0.0047, 0.5635, 0.0365, 0.0191, 0, 0.0004, 0, 0.028, 0.0529, 0.0048, 0.025, 0.0015, 0, 0.0426, 0.0049, 0.0205, 0.0119, 0.0503, 0.0726, 0.0332, 0.0257, 0.0365, 0.0335, 0.0189, 0.0995, 0, 0, 0.5646, 0.0476, 0.2321, 0.0388],
      [3.9971, 0.9398, 1.3647, 5.4353, 3.27, 0.9192, 4.7158, 2.3107, 4.2218, 0.6658, 6.3576, 3.1152, 5.7131, 6.8849, 0.5384, 2.9791, 5.1221, 4.7343, 4.7951, 2.3634, 8.9934, 1.9097, 4.8304, 7.1531, 2.6189, 0.1805, 0.1481, 0.3044, 3.7293, 4.9136, 0.5734, 2.8357, 0.2497, 0, 6.0114, 1.1819, 4.8266, 1.4288, 3.3937, 7.0426, 2.9821, 1.9946, 3.0987, 3.9671, 1.4838, 10.6257, 0, 0, 63.5598, 3.2988, 11.3436, 3.1377],
      [2.7461, 0.506, 0.9038, 2.673, 1.4526, 0.7546, 2.3069, 1.4017, 3.1749, 0.4039, 4.0782, 2.3377, 2.9793, 3.5792, 0.3233, 1.6888, 2.9067, 2.5647, 2.8163, 1.4317, 5.3485, 1.4676, 2.7246, 4.2095, 1.9705, 0.1425, 0.1036, 0.3833, 2.0854, 3.2893, 0.4234, 2.1496, 0.1507, 0, 4.666, 1.1677, 3.1486, 1.191, 3.519, 6.2525, 2.308, 2.1274, 1.7502, 2.8188, 1.0336, 6.8123, 0, 0, 41.0004, 2.2287, 7.499, 2.0784],
      [18.1977, 5.4885, 3.7189, 20.8385, 11.2312, 2.3162, 13.96, 6.2662, 12.5511, 3.9221, 26.4794, 11.5308, 16.8963, 25.5052, 3.1264, 11.2958, 23.9266, 19.657, 22.3683, 9.1941, 32.5967, 7.618, 9.8815, 32.6009, 13.3916, 0.6769, 0.748, 2.3123, 18.1572, 18.7441, 1.9984, 10.9897, 1.5981, 0, 23.2799, 5.6454, 25.0043, 6.3682, 18.0369, 33.6323, 14.6767, 9.8523, 10.1146, 19.1805, 7.4636, 38.4625, 0, 0, 268.8751, 17.4249, 56.9254, 10.7451]
    ],
    [
      [41.1286, 7.9479, 17.5634, 40.2056, 33.8924, 18.3439, 19.8602, 52.7847, 92.2855, 14.5134, 38.2529, 10.5353, 18.3303, 32.8603, 8.8476, 40.2187, 41.6599, 18.8869, 20.0785, 17.6953, 47.6127, 33.7623, 16.7032, 65.9148, 37.1274, 0, 0.4971, 1, 53.1057, 91.6815, 27.9247, 70.6502, 11.3167, 0, 21.4066, 7.0292, 14.1885, 12.5022, 13.4285, 20.8359, 35.3986, 19.2106, 15.171, 19.9805, 26.9752, 67.7892, 5.5921, 7.881, 620.8261, 69.0242, 203, 109.1762],
      [4.6035, 0.4381, 2.7221, 6.5774, 5.8143, 1.9517, 4.6797, 8.9124, 10.0814, 1.7613, 4.9598, 1.7714, 2.7795, 6.8993, 0.7222, 5.2673, 6.5047, 2.8616, 4.0914, 3.8617, 8.434, 8.2786, 4.1711, 12.3683, 5.0837, 0.2179, 0.0617, 0.1775, 8.661, 12.446, 4.0607, 9.1715, 2.0393, 0, 3.1571, 1.1935, 2.2037, 1.5864, 1.1593, 2.4905, 4.056, 1.4271, 2.1688, 2.7624, 3.0683, 10.4707, 0.1113, 0, 95.0039, 7.6352, 19.6388, 13.5366],
      [33.2297, 2.606, 17.7145, 29.217, 20.2934, 21.7045, 21.46, 48.3028, 90.6331, 10.6848, 31.7874, 13.6933, 13.8902, 34.2404, 4.4185, 28.514, 35.7718, 15.2492, 23.7892, 22.443, 47.9532, 66.8687, 23.1257, 69.5549, 42.6324, 1.7821, 0.4412, 1.8209, 45.0304, 86.8725, 34.0146, 83.1647, 11.6003, 0, 25.4362, 13.7654, 14.5257, 14.9059, 13.3996, 22.6572, 35.4545, 22.3277, 11.6602, 20.1979, 23.8652, 65.7401, 4.2738, 4.119, 607.5228, 56.0672, 143.8169, 96.2872],
      [0.0382, 0.008, 0, 0, 0, 0, 0, 0, 0, 0.0405, 0, 0, 0, 0, 0.0116, 0, 0.0636, 0.0024, 0.0408, 0, 0, 0.0904, 0, 0.162, 0.1565, 0, 0, 0.0016, 0.2029, 0, 0, 0.0135, 0.0437, 0, 0, 0.0119, 0.0822, 0.0055, 0.0126, 0.0164, 0.0909, 0.0345, 0, 0.0591, 0.0914, 0, 0.0229, 0, 0.6472, 0.2734, 0.5444, 0]
    ],
    [
      [0.8074, 0.979, 1.0334, 1.2504, 1.7191, 0.1947, 1.9311, 1.5905, 1.6664, 1.1825, 2.0442, 0.2205, 2.7321, 0.6067, 1.3352, 1.4249, 1.2297, 0.8583, 0.4612, 0.2172, 1.1226, 0, 1.1058, 0.8818, 0, 0, 0.1182, 0, 0.6938, 2.3399, 0, 0, 0.0675, 0.2567, 0, 0, 0, 0, 0, 0, 0, 0, 2.0691, 0, 0, 2.4007, 0, 0.0226, 18.5715, 0.3887, 5.6502, 1.9992],
      [0, 0, 0.5289, 2.1465, 0.8497, 0.2486, 1.5696, 0.5249, 0, 0.1465, 0.33, 0, 0.837, 2.1795, 0, 1.0572, 1.5696, 1.3371, 0.9787, 0.8816, 2.2245, 0, 0.8466, 2.184, 0, 0, 0.0045, 0, 0.9502, 0, 0, 0, 0.1624, 3.3076, 0, 0, 0, 0, 0, 0, 0, 0, 3.4571, 0, 0, 1.9645, 0, 0, 8.342, 0, 0, 0.0296],
      [210.23, 24.3322, 100.2899, 105.443, 40.7113, 26.5127, 78.1189, 68.9658, 170.9465, 97.6156, 190.0824, 90.8761, 60.4308, 134.7296, 57.7276, 126.7622, 165.5021, 102.4472, 121.6499, 82.314, 192.8265, 96.4869, 51.0476, 225.3434, 265.6899, 24.5771, 8.8767, 3.8529, 102.9573, 300.3411, 96.9526, 264.5372, 22.3296, 15.2706, 272.5609, 124.4858, 153.3894, 138.8045, 175.0208, 380.4421, 270.6583, 169.8521, 127.7001, 137.8151, 108.2499, 335.9488, 12.0121, 12.5004, 2909.9907, 320.3945, 608.1075, 170.4063],
      [9.9626, 1.6888, 2.1479, 5.16, 0.7199, 0.044, 1.3804, 0.9188, 3.3871, 7.0554, 8.5434, 1.9035, 0, 6.4843, 3.9372, 5.7557, 9.6986, 5.3574, 6.9102, 3.5872, 7.8264, 3.5131, 0, 12.5909, 14.3101, 0.4229, 0.0006, 0.1471, 6.3987, 11.319, 3.0474, 9.4628, 1.4405, 0.1651, 8.4391, 4.5142, 10.6106, 5.1955, 6.9792, 15.5579, 13.3417, 6.1479, 3.7737, 7.1849, 5.7501, 12.686, 0.9879, 0.4771, 138.0958, 19.2168, 34.2423, 5.5649]
    ],
    [
      [16.4876, 6.3417, 4.8468, 9.5366, 4.2028, 3.6588, 1.8855, 7.0197, 23.777, 5.2141, 12.4188, 2.7238, 5.5209, 7.7582, 6.829, 18.4447, 13.4833, 9.1235, 6.31, 3.3301, 11.8027, 0.8963, 0, 11.5197, 4.8911, 0, 0.0213, 0, 8.1345, 12.0787, 4.1022, 10.8545, 1.0835, 0.0032, 5.3159, 1.0261, 3.6688, 2.7186, 7.2158, 11.7372, 10.6328, 7.7659, 5.4271, 6.2542, 5.2247, 19.9924, 1.2012, 2.7856, 124.8628, 17.0004, 58.9576, 12.7872],
      [297.1228, 45.5735, 169.1054, 298.0444, 122.8648, 87.8236, 297.8306, 258.8733, 492.2219, 121.1776, 297.9885, 118.9739, 235.2904, 478.3998, 85.5241, 428.3356, 452.1145, 288.5701, 362.7001, 235.4543, 475.4915, 225.4788, 125.8334, 593.2308, 150.8863, 5.5841, 10.7528, 3.518, 297.1008, 322.0667, 143.1998, 315.58, 65.4876, 5.9968, 148.377, 70.5487, 114.7034, 71.8674, 104.3452, 235.2076, 210.5498, 127.4918, 155.8153, 168.135, 95.2707, 623.7272, 12.8818, 14.9918, 4030.907, 267.3998, 839.6018, 283.909],
      [31, 1.5816, 15.0478, 7.419, 1.9324, 13.5175, 6.2839, 17.107, 64.3299, 8.76, 25.1984, 15.5192, 9.1886, 16.4746, 5.5346, 22.7529, 24.955, 13.0505, 22.7454, 15.461, 30.7058, 28.9923, 9.1666, 37.0684, 25.4407, 1.4087, 1.2258, 0.461, 16.1265, 30.8528, 19.1093, 46.8494, 4.6309, 0, 24.9701, 25.7353, 10.4615, 16.926, 34.3495, 57.9751, 36.3519, 48.1892, 7.7576, 19.4227, 10.4806, 52.1069, 2.6768, 2.165, 348.427, 26.1886, 76.9166, 26.3038],
      [2.3896, 0.5033, 0, 0, 0, 0, 0, 0, 0.6712, 1.8483, 1.3943, 0.7832, 0, 0.3675, 1.1123, 0.4668, 4.4472, 1.2559, 4.2445, 0.7546, 0, 1.6325, 0, 6.1811, 1.7819, 0.0072, 0, 0.0209, 3.6382, 1.0018, 0.5888, 1.7161, 0.798, 0, 0.337, 0.69, 2.1664, 0.488, 1.0895, 2.0801, 2.4655, 1.5531, 0, 2.1881, 1.0239, 0.1735, 0.2402, 0.0576, 28.8033, 3.4112, 9.5241, 0]
    ],
    [
      [0.1234, 0.1226, 0.0501, 0.123, 0.0539, 0.0215, 0.0149, 0.0419, 0.079, 0.1156, 0.1286, 0.0193, 0.0583, 0.0467, 0.099, 0.0851, 0.0694, 0.0673, 0.0299, 0.0182, 0.102, 0.0033, 0.006, 0.0681, 0, 0, 0, 0, 0.0686, 0.1316, 0.0018, 0, 0.0042, 0.0158, 0, 0, 0, 0, 0, 0, 0, 0, 0.1144, 0, 0.0125, 0.264, 0, 0.0034, 1.4754, 0.1272, 0.5233, 0.0542],
      [0, 0, 0.0608, 0.4534, 0.1157, 0, 0.0397, 0.0601, 0.0034, 0.0459, 0.0681, 0, 0.1233, 0.1973, 0.0043, 0.0853, 0.1065, 0.1398, 0.073, 0.0929, 0.3299, 0.0136, 0.0956, 0.2591, 0, 0, 0, 0, 0.2036, 0.0515, 0, 0, 0.0089, 0.6007, 0, 0, 0, 0, 0, 0, 0, 0, 0.2821, 0, 0, 0.3914, 0, 0, 1.4934, 0, 0, 0.0249],
      [41.7517, 6.2947, 20.1711, 34.3911, 10.4666, 7.6995, 7.4305, 15.0659, 24.3337, 23.6459, 33.2831, 15.5364, 16.4721, 26.8788, 10.2996, 20.838, 24.3352, 21.4743, 18.4894, 17.4841, 51.4966, 13.0758, 12.9815, 48.8219, 37.1372, 3.2521, 0, 1.4819, 31.1853, 41.9201, 18.1447, 44.6857, 2.5761, 5.7507, 63.3105, 24.1129, 50.4273, 23.6263, 46.3438, 94.9784, 64.6632, 57.8523, 26.8259, 29.2906, 19.7564, 98.8863, 0.5419, 0.6917, 612.5036, 49.3347, 104.8654, 15.3441],
      [16.1249, 3.5827, 4.718, 15.0326, 4.3638, 1.279, 2.515, 3.8321, 5.5839, 13.1926, 12.5202, 4.4444, 5.3463, 10.8771, 5.5972, 7.9917, 11.4889, 9.3187, 8.4077, 6.4049, 18.0716, 3.9072, 2.9169, 21.851, 14.8628, 0.7479, 0, 0.5181, 15.5425, 13.8969, 4.8534, 13.3143, 1.4108, 1.6328, 18.6895, 6.8871, 23.5727, 7.3737, 14.6562, 31.0216, 24.3368, 16.1477, 8.7775, 11.7094, 8.2311, 32.4583, 0.4581, 0.3048, 235.5277, 22.5381, 46.6113, 4.5769]
    ],
    [
      [4.3939, 1.5431, 2.4938, 3.8312, 1.0856, 0.7711, 1.291, 3.5418, 7.1398, 2.9661, 4.0707, 1.4848, 2.9471, 3.6973, 4.8773, 3.7903, 6.5131, 4.0201, 3.1001, 2.7285, 5.2986, 2.3333, 1.6215, 7.579, 5.9624, 0, 0.363, 0, 3.9695, 6.7154, 1.9664, 5.4702, 0.5266, 0.7243, 6.2349, 0.9398, 3.1222, 1.7673, 4.3054, 4.3542, 7.9353, 2.9978, 2.1819, 1.7317, 2.7687, 9.4542, 0.2068, 0.3074, 66.6996, 11.4119, 26.6369, 4.9444],
      [0.2766, 0.0486, 0.2181, 0.3431, 0.0855, 0.0569, 0.1646, 0.3185, 0.4716, 0.2029, 0.2961, 0.1396, 0.2566, 0.4392, 0.211, 0.2755, 0.5826, 0.3572, 0.3616, 0.3461, 0.5267, 0.3193, 0.2229, 0.8048, 0.4112, 0.0175, 0.0329, 0, 0.355, 0.5222, 0.1661, 0.4128, 0.0521, 0.0948, 0.4545, 0.0759, 0.2664, 0.1173, 0.1018, 0.2592, 0.4122, 0.0865, 0.178, 0.1355, 0.1771, 0.8205, 0.0069, 0.0082, 5.694, 0.6661, 1.4159, 0.3622],
      [11.0425, 1.6795, 7.8728, 8.8568, 2.1438, 2.8112, 4.3998, 10.1568, 21.5819, 6.8898, 10.5705, 6.0374, 7.039, 12.0974, 7.6964, 8.4442, 17.5292, 10.2141, 11.5098, 10.8663, 16.6694, 14.1087, 6.954, 25.002, 21.1294, 0.8374, 1.3527, 0, 10.615, 19.7243, 7.3554, 19.6134, 1.7124, 0.9788, 23.0563, 5.733, 10.0475, 6.5463, 13.3672, 14.6948, 24.5641, 10.6512, 5.306, 5.4549, 7.6143, 28.5056, 0.4954, 0.5239, 202.5555, 28.7862, 58.7947, 13.5803],
      [3.287, 0.7287, 1.4152, 2.9689, 0.6851, 0.3607, 1.1446, 1.9829, 3.8066, 2.9411, 3.0627, 1.3382, 1.7574, 3.766, 3.2153, 2.4901, 6.3752, 3.4086, 4.0285, 3.0592, 4.5054, 3.2387, 1.2016, 8.6142, 6.4971, 0.1451, 0.2514, 0, 4.0605, 5.0382, 1.512, 4.5035, 0.7089, 0.2021, 5.2544, 1.2513, 3.5639, 1.569, 3.2256, 3.6917, 7.0884, 2.2646, 1.3342, 1.678, 2.4399, 7.2197, 0.2909, 0.1605, 60.0509, 10.1358, 20.1525, 3.1132]
    ]
  ],
  "V_est": [
    [3.1884, 238.2606, 155.0794, 985.4716],
    [2332.6034, 334.1016, 2230.5269, 2.7681],
    [61.1727, 38.6585, 10155.1165, 454.0523],
    [538.8748, 15489.927, 1417.3017, 93.8965],
    [4.3434, 5.4241, 2092.2064, 780.0261],
    [266.8173, 20.6282, 785.7691, 226.7855]
  ],
  "p_est": [
    [0.0023, 0.1724, 0.1122, 0.7131],
    [0.476, 0.0682, 0.4552, 0.0006],
    [0.0057, 0.0036, 0.9483, 0.0424],
    [0.0307, 0.8831, 0.0808, 0.0054],
    [0.0015, 0.0019, 0.726, 0.2707],
    [0.2052, 0.0159, 0.6044, 0.1745]
  ],
  "EI_Z": {},
  "EI_V": 10.1699,
  "MAE_Z": {},
  "MAE_V": 328.0888,
  "MAE_p": 0.0881,
  "runtime": 0.002
}
