{
  "Z_true": {},
  "V_true": [
    [36, 571, 196, 579],
    [1617, 271, 2927, 85],
    [664, 185, 9603, 257],
    [570, 14412, 2065, 493],
    [145, 419, 1528, 790],
    [175, 269, 517, 339]
  ],
  "p_true": [
    [0.026, 0.4132, 0.1418, 0.419],
    [0.33, 0.0553, 0.5973, 0.0173],
    [0.062, 0.0173, 0.8967, 0.024],
    [0.0325, 0.8217, 0.1177, 0.0281],
    [0.0503, 0.1454, 0.5302, 0.2741],
    [0.1346, 0.2069, 0.3977, 0.2608]
  ],
  "Z_est": [
    [
      [0.0348, 0.0556, 0.006, 0.0247, 0.0227, 0.0054, 0.0007, 0.01, 0.0282, 0.0045, 0.0489, 0.0036, 0.9902, 0.0049, 0.0075, 0.019, 0.0197, 0.0209, 0.003, 0.0027, 0.0221, 0, 0.896, 0.007, 0.0066, 6.9592e-18, 0, 0, 0.0092, 0.026, 0.0022, 0.0113, 0.0004, 0, 0.0148, 0.0008, 0, 0.0048, 0.0273, 0.0333, 0.0169, 0.0131, 0.0198, 0.014, 0.0104, 0.0486, 0, 0, 0.2535, 0.0276, 0.1552, 0.0199],
      [3.2815, 0.7863, 1.1165, 4.612, 2.8025, 0.7567, 3.869, 1.9443, 3.4611, 0.5609, 5.2163, 2.5215, 4.7586, 5.725, 0.4534, 2.4589, 4.246, 3.932, 3.945, 1.9685, 7.4864, 1.582, 4.1339, 5.9908, 2.1572, 0.1417, 0.116, 0.2626, 3.1788, 4.0618, 0.4725, 2.3313, 0.2084, 0, 4.9539, 0.9433, 4.0654, 1.1547, 2.7332, 5.6862, 2.4762, 1.6222, 2.5514, 3.2483, 1.2389, 8.8394, 0, 0, 52.777, 2.7496, 9.4683, 2.5984],
      [3.8299, 0.7398, 1.2636, 3.8812, 2.0532, 1.0411, 3.2669, 1.9778, 4.3905, 0.5821, 5.6669, 3.2016, 4.3038, 5.1565, 0.4707, 2.415, 4.1517, 3.705, 4.0222, 2.0563, 7.6093, 2.0224, 3.78, 6.0178, 2.6776, 0.187, 0.14, 0.4747, 2.9995, 4.4652, 0.5842, 2.938, 0.2115, 0, 6.4066, 1.5758, 4.4553, 1.6086, 4.8089, 8.5602, 3.2296, 2.9461, 2.4576, 3.8979, 1.4247, 9.6741, 0, 0, 57.2952, 3.0894, 10.4803, 2.7873],
      [17.8539, 5.4182, 3.6139, 20.4821, 11.1216, 2.1969, 13.8634, 6.0679, 12.1202, 3.8526, 26.068, 11.2734, 15.9474, 25.1136, 3.0685, 11.107, 23.5825, 19.3421, 22.0298, 8.9725, 31.8822, 7.3956, 9.1901, 31.9844, 13.1586, 0.6713, 0.744, 2.2628, 17.8125, 18.447, 1.9411, 10.7194, 1.5797, 0, 22.6247, 5.48, 24.4793, 6.2319, 17.4306, 32.7203, 14.2773, 9.4185, 9.9712, 18.8399, 7.326, 37.4379, 0, 0, 263.6743, 17.1334, 55.8962, 10.5943]
    ],
    [
      [41.2103, 7.9856, 17.5718, 40.6141, 35.0987, 18.2518, 20.0962, 53.0745, 92.0253, 14.5766, 38.4525, 10.5406, 18.4203, 33.0896, 8.8584, 40.3225, 41.837, 18.9705, 20.1106, 17.6984, 47.8136, 33.714, 16.8097, 66.1998, 37.2394, 0, 0.4972, 1, 53.5065, 92.1856, 27.9194, 70.7084, 11.3875, 0, 21.4379, 6.9742, 14.2854, 12.5029, 13.3328, 20.8219, 35.3373, 18.8795, 15.3227, 20.0543, 27.1012, 67.9088, 5.3892, 7.5494, 623.9678, 69.3399, 203.839, 109.8879],
      [1.3232, 0.1195, 0.9246, 2.8424, 3.1974, 0.1992, 1.8759, 3.795, 1.985, 0.5836, 1.664, 0.5254, 1.0733, 2.6549, 0.2258, 1.8891, 2.3518, 1.0367, 1.4243, 1.4081, 3.1625, 2.7154, 1.849, 4.6349, 1.3795, 0.0706, 0.019, 0.1085, 3.5286, 4.5263, 1.0589, 2.0775, 0.8066, 0, 0.9274, 0.2133, 0.7339, 0.3749, 0.185, 0.653, 0.9449, 0, 0.8263, 0.8223, 0.8683, 3.6405, 0, 0, 33.0119, 2.2226, 5.2392, 5.3448],
      [36.4126, 2.8852, 19.5036, 32.5435, 21.7039, 23.549, 24.0278, 53.1305, 98.9897, 11.7892, 34.8684, 14.934, 15.5064, 38.2554, 4.9004, 31.7884, 39.7277, 16.9845, 26.413, 24.8935, 53.0239, 72.4904, 25.3413, 76.9842, 46.1999, 1.9294, 0.4838, 1.8901, 49.7696, 94.2881, 37.0216, 90.2075, 12.755, 0, 27.6347, 14.7985, 15.8968, 16.113, 14.4669, 24.5024, 38.6238, 24.0886, 12.851, 22.053, 25.9291, 72.4507, 4.5834, 4.4506, 666.1831, 61.1167, 157.2936, 103.7673],
      [0.0539, 0.0097, 0, 0, 0, 0, 0, 0, 0, 0.0506, 0.0151, 0, 0, 0, 0.0155, 0, 0.0835, 0.0083, 0.0521, 0, 0, 0.0802, 0, 0.1811, 0.1812, 0, 0, 0.0014, 0.1954, 0, 0, 0.0066, 0.051, 0, 0, 0.014, 0.0839, 0.0092, 0.0153, 0.0227, 0.094, 0.0318, 0, 0.0704, 0.1014, 0, 0.0274, 0, 0.8372, 0.3208, 0.6283, 0]
    ],
    [
      [0.0061, 0.8531, 0.8476, 0.9677, 1.5952, 0.1741, 1.3545, 1.4459, 0.28, 0.9425, 1.7892, 0, 1.8491, 0.4409, 0.999, 1.2093, 1.002, 0.708, 0.3417, 0.1408, 0.8347, 0, 0.6052, 0.6201, 0, 0, 0.0012, 0, 0.5333, 2.195, 0, 0, 0.0401, 0.1583, 0, 0, 0, 0, 0, 0, 0, 0, 1.6975, 0, 0, 2.0072, 0, 0, 15.042, 0.2577, 4.4506, 1.6416],
      [0, 0, 0.2557, 2.1148, 0.948, 0.0882, 1.4887, 0.5271, 0, 0, 0.0173, 0, 0.7508, 1.9903, 0, 0.7838, 1.2623, 1.108, 0.7089, 0.7387, 1.9815, 0, 0.9163, 1.9708, 0, 0, 0, 0, 0.9739, 0.366, 0, 0, 0.1655, 3.3338, 0, 0, 0, 0, 0, 0, 0, 0, 3.2175, 0, 0, 1.3507, 0, 0, 7.012, 0, 0, 0.3535],
      [214.0057, 24.9759, 101.6022, 107.5211, 41.3619, 26.7378, 79.2741, 69.7688, 172.9082, 100.0282, 193.2128, 91.1532, 61.4001, 137.219, 59.2552, 129.1333, 169.0058, 104.5605, 124.1389, 83.742, 195.978, 97.5856, 51.4784, 229.7654, 269.3289, 24.7861, 8.9988, 3.8967, 105.1271, 303.4419, 97.9662, 267.4901, 22.7801, 15.5079, 275.7175, 125.798, 156.1832, 140.3299, 177.1378, 385.0112, 274.6631, 171.8388, 129.7054, 139.7715, 109.8685, 341.4118, 12.2428, 12.6661, 2957.0085, 325.6752, 619.297, 171.9422],
      [6.9882, 1.1711, 1.2945, 3.3964, 0.0949, 0, 0.8827, 0.2582, 2.8118, 5.0293, 5.9807, 1.8468, 0, 4.3498, 2.7458, 3.8736, 6.7298, 3.6236, 4.8106, 2.3784, 5.2058, 2.4144, 0, 8.6437, 10.6711, 0.2139, 0, 0.1033, 4.3657, 7.9971, 2.0338, 6.5099, 1.0143, 0, 5.2825, 3.202, 7.8168, 3.6701, 4.8622, 10.9888, 9.3369, 4.1612, 2.3796, 5.2285, 4.1315, 8.2303, 0.7572, 0.3339, 95.9374, 14.0671, 24.2524, 4.0627]
    ],
    [
      [17.2645, 6.4543, 4.9562, 9.3984, 3.131, 3.7415, 2.2252, 6.7681, 25.2111, 5.3956, 12.4461, 2.9251, 5.6884, 7.6838, 7.157, 18.5404, 13.5171, 9.1788, 6.3965, 3.3654, 11.8305, 0.8721, 0, 11.4355, 4.6681, 0, 0.0642, 0, 7.8717, 11.5856, 4.045, 10.6406, 1.0397, 0, 5.0973, 1.0506, 3.5228, 2.6705, 7.1995, 11.6457, 10.5144, 8.0049, 5.6193, 6.1637, 5.0638, 20.1093, 1.4138, 3.1421, 124.3386, 16.7467, 59.2025, 12.3019],
      [301.1612, 46.0541, 171.5017, 302.7404, 125.869, 89.8223, 301.6016, 264.4113, 501.1479, 122.6847, 302.8472, 120.8338, 238.1102, 484.1167, 86.1554, 432.5993, 457.5928, 291.5348, 366.5869, 238.5323, 482.6921, 231.4157, 128.8142, 602.5444, 155.1051, 5.7722, 10.8385, 3.6289, 302.8462, 330.5629, 146.3228, 323.2299, 66.7698, 6, 151.7265, 71.783, 116.9683, 73.3716, 106.0222, 238.4478, 214.249, 129.3222, 158.032, 170.8135, 97.7362, 633.3016, 12.995, 14.9935, 4106.8079, 273.4492, 856.0796, 292.3628],
      [25.6372, 0.9048, 12.542, 2.8612, 0, 11.4362, 2.1731, 11.8206, 54.4905, 6.73, 19.7198, 14.1343, 6.2014, 10.2156, 4.3318, 17.709, 18.5533, 9.6007, 18.0172, 12.143, 23.1455, 22.9587, 6.1858, 27.1474, 21.136, 1.2171, 1.0974, 0.3483, 10.4989, 22.5824, 16.0034, 39.1585, 3.2645, 0, 21.712, 24.3609, 8.2368, 15.3521, 32.5084, 54.3898, 32.5365, 46.0369, 5.3487, 16.4665, 8.0256, 42.0598, 2.2902, 1.792, 267.7443, 19.8103, 58.6897, 18.2385],
      [2.9371, 0.5869, 0, 0, 0, 0, 0, 0, 0.1505, 2.1897, 1.9869, 0.1067, 0, 0.9839, 1.3557, 1.1513, 5.3368, 1.6857, 4.9995, 0.9593, 0.3319, 1.7536, 0, 6.8727, 2.0908, 0.0107, 0, 0.0228, 3.7831, 1.2692, 0.6289, 1.971, 0.9259, 0, 0.4642, 0.8055, 2.2721, 0.6058, 1.2698, 2.5167, 2.7002, 1.636, 0, 2.5563, 1.1744, 0.5294, 0.3011, 0.0724, 34.1092, 3.9938, 11.0282, 0.0968]
    ],
    [
      [0.0069, 0.0987, 0.044, 0.1017, 0.0432, 0.0203, 0.0122, 0.0358, 0.0718, 0.0837, 0.1117, 0, 0.0506, 0.0367, 0.0651, 0.0745, 0.0588, 0.0577, 0.0241, 0.0135, 0.0839, 0, 0.002, 0.0505, 0, 0, 0, 0, 0.0516, 0.1128, 0, 0, 0.0032, 0.0789, 0, 0, 0, 0, 0, 0, 0, 0, 0.1026, 0, 0, 0.233, 0, 0.0018, 1.2506, 0.0403, 0.2888, 0.0467],
      [0, 0, 0.0127, 0.3869, 0.1058, 0.0833, 0.022, 0.0344, 0, 0, 0, 0, 0.0834, 0.1328, 0, 0.0338, 0.0488, 0.0827, 0.0284, 0.0527, 0.2176, 0, 0.081, 0.1582, 0, 0, 0, 0, 0.158, 0.0099, 0, 0, 0.0044, 0.5798, 0, 0, 0, 0, 0, 0, 0, 0, 0.2173, 0, 0, 0.1567, 0, 0, 0.4134, 0, 0, 0.0054],
      [39.7272, 5.9316, 19.5471, 32.8367, 9.8826, 7.5253, 7.0892, 14.598, 23.573, 22.4193, 31.602, 14.8479, 15.877, 25.6917, 9.8051, 19.9481, 23.0851, 20.4964, 17.564, 16.8136, 49.4182, 12.5327, 12.5578, 46.5107, 34.9319, 3.0839, 0, 1.3902, 29.6374, 39.7271, 17.4244, 42.6499, 2.4028, 5.5741, 60.656, 23.0248, 47.8023, 22.4298, 44.3995, 90.6507, 61.7249, 55.9047, 25.6291, 27.6943, 18.64, 95.2715, 0.4548, 0.6166, 583.0454, 46.4805, 99.2554, 14.5471],
      [18.2659, 3.9697, 5.3961, 16.6746, 4.9685, 1.3711, 2.8765, 4.3318, 6.3552, 14.497, 14.2864, 5.1521, 5.989, 12.1388, 6.1299, 8.9437, 12.8072, 10.3633, 9.3834, 7.1201, 20.2803, 4.4673, 3.3591, 24.2806, 17.0681, 0.9161, 0, 0.6098, 17.153, 16.1502, 5.5756, 15.3501, 1.5897, 1.7673, 21.344, 7.9752, 26.1977, 8.5702, 16.6005, 35.3493, 27.2751, 18.0953, 10.0509, 13.3057, 9.36, 36.3388, 0.5452, 0.3817, 266.2906, 25.4792, 52.4558, 5.4008]
    ],
    [
      [4.4774, 1.5526, 2.5744, 3.8934, 1.1092, 0.807, 1.3111, 3.6657, 7.3835, 2.9971, 4.1516, 1.5307, 3.0014, 3.744, 4.9131, 3.8343, 6.5654, 4.0642, 3.124, 2.7791, 5.4152, 2.4139, 1.687, 7.687, 6.0859, 0, 0.4374, 0, 4.0277, 6.895, 2.0334, 5.6397, 0.5291, 0.7629, 6.4501, 0.9744, 3.1917, 1.8218, 4.4404, 4.4991, 8.1314, 3.1024, 2.2382, 1.7681, 2.8246, 9.6931, 0.197, 0.3068, 68.1475, 11.5879, 27.0638, 5.1019],
      [0.2341, 0.0401, 0.1887, 0.3034, 0.0773, 0.0503, 0.1428, 0.2879, 0.406, 0.1708, 0.2552, 0.1193, 0.2237, 0.3804, 0.1655, 0.2351, 0.4982, 0.3058, 0.3065, 0.2997, 0.4599, 0.287, 0.2056, 0.7009, 0.3581, 0.0155, 0.0265, 0, 0.3144, 0.4731, 0.1458, 0.3613, 0.0453, 0.0864, 0.3921, 0.0604, 0.2324, 0.0988, 0.0596, 0.2129, 0.33, 0.0555, 0.1555, 0.1159, 0.1566, 0.7112, 0.005, 0.0065, 4.9778, 0.5787, 1.213, 0.3351],
      [10.3875, 1.5628, 7.5414, 8.3562, 1.9985, 2.7108, 4.1688, 9.7042, 20.6481, 6.4512, 9.9301, 5.729, 6.7114, 11.4618, 7.2369, 8.0062, 16.4762, 9.6529, 10.8448, 10.3516, 15.8251, 13.4101, 6.6566, 23.5745, 19.7257, 0.7965, 1.28, 0, 9.9675, 18.4953, 7.0003, 18.556, 1.586, 0.918, 21.8734, 5.442, 9.4256, 6.1666, 12.6784, 13.8857, 23.2221, 10.1849, 5.0081, 5.1167, 7.1121, 27.132, 0.4289, 0.4747, 190.7235, 26.8278, 54.984, 12.7177],
      [3.901, 0.8445, 1.6955, 3.447, 0.8151, 0.432, 1.3773, 2.3421, 4.5623, 3.3809, 3.6631, 1.621, 2.0636, 4.4139, 3.6846, 2.9243, 7.4602, 3.977, 4.7246, 3.5696, 5.2998, 3.8889, 1.4508, 10.0375, 7.8302, 0.188, 0.256, 0, 4.6904, 6.1365, 1.8206, 5.4431, 0.8395, 0.2327, 6.2845, 1.5232, 4.1502, 1.9128, 3.8216, 4.4023, 8.3165, 2.6572, 1.5983, 1.9993, 2.9067, 8.4636, 0.3691, 0.212, 71.1513, 12.0057, 23.7392, 3.8453]
    ]
  ],
  "V_est": [
    [2.9536, 197.646, 216.9806, 964.4198],
    [2341.7183, 113.0448, 2441.9951, 3.2417],
    [47.0314, 34.424, 10311.4042, 316.1403],
    [539.3049, 15760.9082, 1129.5645, 110.2223],
    [3.3579, 3.1095, 1994.9294, 880.6032],
    [272.6338, 17.8674, 741.1262, 268.3726]
  ],
  "p_est": [
    [0.0021, 0.143, 0.157, 0.6978],
    [0.4779, 0.0231, 0.4984, 0.0007],
    [0.0044, 0.0032, 0.9629, 0.0295],
    [0.0307, 0.8986, 0.0644, 0.0063],
    [0.0012, 0.0011, 0.6922, 0.3056],
    [0.2097, 0.0137, 0.5701, 0.2064]
  ],
  "EI_Z": {},
  "EI_V": 10.6602,
  "MAE_Z": {},
  "MAE_V": 343.9053,
  "MAE_p": 0.086,
  "runtime": 0.004
}
