{
  "X": [
    [30, 121, 506, 63],
    [20, 52, 815, 67],
    [4, 13, 189, 10],
    [17, 24, 388, 20],
    [11, 24, 485, 35],
    [24, 88, 415, 55],
    [14, 28, 105, 10],
    [23, 205, 146, 54],
    [18, 95, 132, 11],
    [59, 388, 515, 95],
    [22, 73, 155, 19],
    [89, 599, 494, 73],
    [42, 93, 277, 16],
    [55, 99, 264, 9],
    [30, 427, 287, 58],
    [36, 269, 247, 21],
    [40, 159, 140, 24],
    [86, 366, 362, 53],
    [76, 483, 390, 59],
    [49, 469, 236, 40],
    [44, 213, 199, 22],
    [38, 252, 244, 23],
    [13, 147, 130, 16],
    [27, 65, 205, 28],
    [19, 72, 164, 15],
    [42, 150, 743, 80],
    [30, 55, 499, 43],
    [96, 289, 401, 36],
    [134, 839, 824, 79],
    [27, 183, 145, 18],
    [75, 236, 337, 33],
    [71, 275, 322, 43],
    [5, 30, 35, 11],
    [16, 63, 60, 19],
    [26, 103, 217, 14],
    [18, 52, 207, 12],
    [53, 191, 503, 30],
    [37, 129, 333, 29],
    [29, 56, 202, 22],
    [51, 108, 295, 25],
    [16, 23, 413, 15],
    [6, 29, 402, 29],
    [23, 43, 291, 17],
    [11, 26, 33, 9],
    [57, 585, 384, 77],
    [41, 352, 336, 48],
    [44, 817, 285, 68],
    [38, 485, 317, 48],
    [11, 57, 140, 6],
    [117, 925, 1029, 119],
    [33, 165, 297, 41],
    [238, 641, 1296, 162],
    [57, 184, 234, 31]
  ],
  "W": [
    [31, 450, 147, 92],
    [25, 782, 55, 92],
    [5, 177, 12, 22],
    [12, 373, 25, 39],
    [17, 452, 33, 53],
    [33, 367, 93, 89],
    [8, 85, 34, 30],
    [25, 125, 232, 46],
    [22, 98, 113, 23],
    [75, 425, 419, 138],
    [28, 131, 82, 28],
    [112, 372, 630, 141],
    [109, 187, 98, 34],
    [132, 165, 96, 34],
    [47, 217, 458, 80],
    [41, 199, 270, 63],
    [36, 136, 154, 37],
    [65, 324, 366, 112],
    [92, 304, 502, 110],
    [59, 170, 493, 72],
    [62, 142, 229, 45],
    [69, 174, 251, 63],
    [30, 93, 135, 48],
    [18, 184, 85, 38],
    [29, 129, 68, 44],
    [59, 638, 181, 137],
    [26, 467, 71, 63],
    [139, 285, 307, 91],
    [151, 642, 854, 229],
    [30, 110, 182, 51],
    [145, 235, 236, 65],
    [96, 237, 289, 89],
    [4, 31, 36, 10],
    [11, 51, 70, 26],
    [21, 180, 116, 43],
    [20, 176, 52, 41],
    [58, 411, 215, 93],
    [33, 263, 159, 73],
    [30, 175, 52, 52],
    [60, 250, 123, 46],
    [11, 370, 37, 49],
    [4, 386, 34, 42],
    [10, 281, 45, 38],
    [14, 23, 32, 10],
    [66, 306, 610, 121],
    [44, 272, 382, 79],
    [58, 203, 835, 118],
    [50, 238, 494, 106],
    [10, 121, 62, 21],
    [186, 767, 990, 247],
    [45, 251, 174, 66],
    [222, 1143, 709, 263],
    [86, 176, 205, 39]
  ],
  "method": "mvn_pdf",
  "cond_prob": [
    [
      [0.36827309483, 0.051914635639, 0.56979429305, 0.010017976489],
      [0.010740814676, 0.0047463036351, 0.94429171893, 0.040221162757],
      [0.03926154598, 0.77038227661, 0.077549739468, 0.11280643794],
      [0.086725219533, 0.043571902147, 0.56527490972, 0.3044279686]
    ],
    [
      [0.31295274047, 0.069551729822, 0.60692115195, 0.010574377754],
      [0.0054667596726, 0.00011256341878, 0.95031503122, 0.044105645686],
      [0.025753798075, 0.8201107656, 0.063982382893, 0.090153053435],
      [0.07048604924, 0.055077065794, 0.57784332311, 0.29659356186]
    ],
    [
      [0.2878027317, 0.087481113333, 0.6181546633, 0.0065614916694],
      [0.0046282023144, 0.00085399703294, 0.96639564872, 0.028122151932],
      [0.017002530943, 0.89465628596, 0.04719412045, 0.041147062642],
      [0.069898370934, 0.076161887588, 0.64958488248, 0.204354859]
    ],
    [
      [0.43711562828, 0.059024820902, 0.49827084677, 0.0055887040546],
      [0.015129370767, 0, 0.95627210571, 0.028598523521],
      [0.040869149797, 0.84503781955, 0.059545024901, 0.054548005755],
      [0.13050329281, 0.055532222065, 0.61134945604, 0.20261502908]
    ],
    [
      [0.28168140543, 0.031570043651, 0.67742939019, 0.0093191607256],
      [0.0019755427662, 0, 0.96217695921, 0.035847498023],
      [0.041513342018, 0.68872939844, 0.12741761331, 0.14233964623],
      [0.074500575297, 0.013872436025, 0.64858365216, 0.26304333652]
    ],
    [
      [0.35032668728, 0.086243324821, 0.55217152802, 0.011258459883],
      [0.0087438210292, 0.0015865628728, 0.9409684004, 0.048701215693],
      [0.023918200183, 0.84375655819, 0.049848760735, 0.082476480891],
      [0.078717352642, 0.068565638144, 0.52592136942, 0.32679563979]
    ],
    [
      [0.55733542207, 0.033911447717, 0.40447576951, 0.0042773607015],
      [0.015699933851, 0.00076616162865, 0.95592549491, 0.027608409614],
      [0.07865556865, 0.77705680812, 0.078589306469, 0.065698316759],
      [0.18441776373, 0.041455106789, 0.59461634523, 0.17951078425]
    ],
    [
      [0.44002911689, 0.11609068862, 0.42628354315, 0.017596651341],
      [0.01744731586, 0.011467575176, 0.87285089902, 0.098234209941],
      [0.026210784834, 0.84946939952, 0.047042207453, 0.077277608198],
      [0.081249032911, 0.077986634776, 0.33310341118, 0.50766092113]
    ],
    [
      [0.39161808883, 0.047235433702, 0.55738431751, 0.0037621599491],
      [0.012781403432, 0.0042384961268, 0.96542675459, 0.017553345854],
      [0.048857371319, 0.81796556635, 0.082212212388, 0.050964849949],
      [0.11351919784, 0.048492993093, 0.68851056806, 0.14947724101]
    ],
    [
      [0.4002311943, 0.10827990396, 0.48114832591, 0.010340575824],
      [0.013723081257, 0.0015410471586, 0.93126089364, 0.053474977947],
      [0.023562799187, 0.87501588904, 0.038514561239, 0.062906750538],
      [0.096214043724, 0.091249309087, 0.48543764204, 0.32709900515]
    ],
    [
      [0.46297058717, 0.069460601424, 0.45973213837, 0.0078366730338],
      [0.017065085403, 0, 0.9399715771, 0.042963337496],
      [0.039656462582, 0.8434890215, 0.048447050807, 0.068407465113],
      [0.12676669428, 0.067464407046, 0.53637733425, 0.26939156442]
    ],
    [
      [0.43850760856, 0.11596922258, 0.43882159351, 0.0067015753489],
      [0.016969903559, 0.00010331775192, 0.94412370364, 0.038803075046],
      [0.025282447535, 0.90426243517, 0.031248673711, 0.03920644358],
      [0.1251517856, 0.11551545183, 0.52447730024, 0.23485546233]
    ],
    [
      [0.31899244389, 0.067573012747, 0.60829701989, 0.0051375234682],
      [0.0083878756495, 0.00085503167114, 0.96777160913, 0.022985483551],
      [0.028570940462, 0.85066621595, 0.069661259366, 0.051101584222],
      [0.084157020713, 0.062040044853, 0.67339795607, 0.18040497836]
    ],
    [
      [0.35408663616, 0.081955279802, 0.56395808404, 0],
      [0.012453395922, 0.0018784242116, 0.9748981001, 0.010770079769],
      [0.028306934817, 0.88643137095, 0.057877781373, 0.027383912858],
      [0.10259670464, 0.081604454698, 0.68067880525, 0.13512003541]
    ],
    [
      [0.33534089149, 0.12989994022, 0.52477571339, 0.0099834548924],
      [0.0088929112854, 0.00088645943082, 0.94204121837, 0.048179410913],
      [0.013114623164, 0.89974511162, 0.035371851369, 0.051768413848],
      [0.078783986775, 0.10773849989, 0.52140361446, 0.29207389887]
    ],
    [
      [0.44010844965, 0.14296332617, 0.41307290894, 0.0038553152455],
      [0.018422899481, 0.0033777504051, 0.95317389932, 0.02502545079],
      [0.021444887013, 0.9361603802, 0.025087879585, 0.017306853204],
      [0.13490915991, 0.15401632767, 0.53347106794, 0.17760344449]
    ],
    [
      [0.62339776378, 0.15799019572, 0.21251366817, 0.0060983723305],
      [0.042973312969, 0.0072692225409, 0.88061323343, 0.069144231064],
      [0.02428671206, 0.9425335659, 0.0062100540772, 0.026969667964],
      [0.21549071035, 0.19388025784, 0.31431783438, 0.27631119743]
    ],
    [
      [0.61507684887, 0.1235278999, 0.25615669321, 0.0052385580305],
      [0.033874198366, 0.0049620721699, 0.9114987345, 0.049664994961],
      [0.027977901085, 0.92551325319, 0.017123658664, 0.029385187063],
      [0.22147189961, 0.15736718265, 0.39068719546, 0.23047372228]
    ],
    [
      [0.46361494992, 0.12452247348, 0.40506800253, 0.0067945740698],
      [0.019327841318, 0.00044188660716, 0.93790251807, 0.042327754006],
      [0.02514073323, 0.91129314012, 0.026299348752, 0.037266777895],
      [0.13501011604, 0.12673129609, 0.4946282291, 0.24363035877]
    ],
    [
      [0.43731796384, 0.12924039568, 0.42705500354, 0.0063866369471],
      [0.017210094796, 0.00056012852499, 0.94403792824, 0.038191848434],
      [0.022788903057, 0.91668362163, 0.02683610762, 0.033691367694],
      [0.12552215016, 0.1299245742, 0.51509869352, 0.22945458213]
    ],
    [
      [0.45141820458, 0.089227151406, 0.45420834998, 0.0051462940347],
      [0.016722129782, 0, 0.95402188238, 0.029255987843],
      [0.032879752962, 0.88746029126, 0.041376751787, 0.03828320399],
      [0.13573478797, 0.094211331424, 0.57539330766, 0.19466057295]
    ],
    [
      [0.36763915825, 0.14151572912, 0.48618739603, 0.0046577166054],
      [0.012045110149, 0.0019619083169, 0.95889175764, 0.027101223894],
      [0.016298607696, 0.92905299758, 0.030752717826, 0.0238956769],
      [0.10231902196, 0.13812286113, 0.56963447096, 0.18992364595]
    ],
    [
      [0.29488703288, 0.23349369165, 0.46550633656, 0.0061129389124],
      [0.0054362402039, 0.0036743901332, 0.95595799435, 0.034931375317],
      [0.00099451451573, 0.95944644924, 0.021957688207, 0.017601348032],
      [0.073199150315, 0.21100417334, 0.50346726085, 0.2123294155]
    ],
    [
      [0.5736725891, 0.031668438126, 0.38814032169, 0.0065186510761],
      [0.014318995571, 0.013031990943, 0.93310749035, 0.039541523136],
      [0.087276574678, 0.7137121848, 0.081125880248, 0.11788536027],
      [0.17422866746, 0.035961738742, 0.51121042537, 0.27859916843]
    ],
    [
      [0.38577650501, 0.12920537773, 0.47929144973, 0.0057266675236],
      [0.013843743621, 0.00022120470176, 0.95525694289, 0.030678108786],
      [0.019227632344, 0.9213376857, 0.029871159404, 0.02956352255],
      [0.10725362337, 0.12667150026, 0.5645718974, 0.20150297898]
    ],
    [
      [0.33186522179, 0.049910958068, 0.60921219069, 0.009011629454],
      [0.0077886256618, 0.0028403111937, 0.9530141569, 0.036356906243],
      [0.036839105531, 0.77074051948, 0.086742865317, 0.10567750967],
      [0.078707522927, 0.041891247492, 0.60827000017, 0.27113122941]
    ],
    [
      [0.43674883025, 0.035463655044, 0.5198480269, 0.0079394878093],
      [0.014755286765, 0.0011598093635, 0.94638803747, 0.037696866404],
      [0.062483234564, 0.72451275145, 0.094435814305, 0.11856819968],
      [0.11615082286, 0.03326839116, 0.58437769822, 0.26620308776]
    ],
    [
      [0.47380927176, 0.079873726613, 0.44221663679, 0.0041003648399],
      [0.017821051252, 0.00035358244971, 0.95570677249, 0.026118593813],
      [0.037535888662, 0.87891069307, 0.046198603681, 0.037354814585],
      [0.14876916263, 0.087595584942, 0.58211523075, 0.18152002168]
    ],
    [
      [0.45328464365, 0.12477417352, 0.41784449146, 0.004096691362],
      [0.018733846704, 0.0021812926805, 0.95251048838, 0.026574372232],
      [0.025011485984, 0.92254936718, 0.029737644403, 0.022701502429],
      [0.1404675991, 0.13494126778, 0.54147510885, 0.18311602427]
    ],
    [
      [0.45813058491, 0.14757560223, 0.3894700795, 0.0048237333625],
      [0.0200594066, 0.0021053622948, 0.94505931227, 0.032775918836],
      [0.021666553568, 0.93550577987, 0.02090414746, 0.021923519099],
      [0.13933794073, 0.15841353223, 0.50107487113, 0.20117365591]
    ],
    [
      [0.40493813436, 0.11148614412, 0.47688086189, 0.006694859635],
      [0.014235880749, 0, 0.9506374427, 0.035126676554],
      [0.023798409785, 0.90164399094, 0.035171697523, 0.039385901757],
      [0.11264790511, 0.10840811142, 0.55618392888, 0.22276005459]
    ],
    [
      [0.4705453384, 0.096607993173, 0.42630108297, 0.0065455854549],
      [0.018204873158, 0, 0.94358143183, 0.038213695014],
      [0.031584999904, 0.8886703225, 0.035711667383, 0.044033010216],
      [0.13915761351, 0.099998982628, 0.52950140245, 0.23134200141]
    ],
    [
      [0.48915774423, 0.071593267277, 0.42476548323, 0.014483505266],
      [0.022304870757, 0.013612659578, 0.89485020887, 0.069232260792],
      [0.040064066986, 0.79886845017, 0.054818396358, 0.10624908649],
      [0.090961161811, 0.053237027802, 0.35871193231, 0.49708987808]
    ],
    [
      [0.62451869068, 0.079557207107, 0.2873354252, 0.0085886770084],
      [0.030857658289, 0.0048199204136, 0.88692790679, 0.077394514503],
      [0.043114843318, 0.85322697379, 0.034079784348, 0.069578398541],
      [0.17455826144, 0.082814100585, 0.35463085276, 0.38799678521]
    ],
    [
      [0.48933325799, 0.05735243772, 0.450076222, 0.0032380822917],
      [0.017121461222, 0.0016124620728, 0.96406829862, 0.017197778083],
      [0.050033676551, 0.85048931681, 0.061836072764, 0.037640933876],
      [0.15902865308, 0.066246392673, 0.62425863129, 0.15046632296]
    ],
    [
      [0.42162642798, 0.086278184058, 0.48807028608, 0.004025101886],
      [0.016200906655, 0.00039374647047, 0.96366557996, 0.019739766918],
      [0.030138783229, 0.89388904694, 0.044299623385, 0.031672546442],
      [0.12558280833, 0.090802597535, 0.61780175098, 0.16581284316]
    ],
    [
      [0.42851212573, 0.057932017538, 0.51015964388, 0.0033962128517],
      [0.015122673481, 0.001432475889, 0.96756742248, 0.015877428146],
      [0.045456599351, 0.84322426894, 0.069467162237, 0.041851969475],
      [0.13072805426, 0.06191373732, 0.65381817347, 0.15354003494]
    ],
    [
      [0.43302328501, 0.038665970473, 0.52395537129, 0.004355373227],
      [0.01306191489, 0.0060314641536, 0.96034516245, 0.020561458507],
      [0.062180858936, 0.77434847392, 0.09493746966, 0.068533197486],
      [0.12860536175, 0.041319733549, 0.65813201846, 0.17194288625]
    ],
    [
      [0.51461853749, 0.10376315723, 0.37520620284, 0.0064121024437],
      [0.02142632498, 0.00037967002996, 0.93549468139, 0.042699323601],
      [0.030449723589, 0.90262765663, 0.028329685531, 0.038592934252],
      [0.15823944956, 0.11315432468, 0.49152117354, 0.23708505222]
    ],
    [
      [0.52937330081, 0.053793627639, 0.41154025797, 0.0052928135758],
      [0.017874031802, 0.00064800655378, 0.94909413853, 0.032383823111],
      [0.056143729131, 0.82760363418, 0.05818173119, 0.058070905503],
      [0.17094381125, 0.061198558687, 0.56255862939, 0.20529900067]
    ],
    [
      [0.3567679041, 0.015861955389, 0.62339685066, 0.0039732898516],
      [0.010211871799, 0, 0.97957597817, 0.010212150031],
      [0.090414010863, 0.5982197045, 0.20164597088, 0.10972031376],
      [0.10105800179, 0.014109988253, 0.73956371014, 0.14526829982]
    ],
    [
      [0.2839573239, 0.053064491389, 0.65364425055, 0.0093339341618],
      [0.0032043758334, 5.4929199117e-05, 0.95901119502, 0.037729499945],
      [0.027800071863, 0.79374097687, 0.082504346121, 0.095954605146],
      [0.063859028318, 0.042365384523, 0.62861795121, 0.26515763595]
    ],
    [
      [0.59802209895, 0.062437590321, 0.33560112541, 0.003939185323],
      [0.022807459051, 0.00095350856234, 0.9464040434, 0.02983498899],
      [0.053810882774, 0.86739732813, 0.040617454509, 0.038174334582],
      [0.2155103498, 0.080916011177, 0.5230701868, 0.18050345222]
    ],
    [
      [0.53631081704, 0.0524369551, 0.40945552582, 0.0017967020377],
      [0.020820958267, 0.0089604387525, 0.91396468449, 0.056253918494],
      [0.054613637126, 0.76904539193, 0.062107944659, 0.11423302629],
      [0.12651301333, 0.045033999555, 0.42589806662, 0.4025549205]
    ],
    [
      [0.41801632347, 0.14649972097, 0.42656256534, 0.008921390216],
      [0.015957178226, 0.00096955673886, 0.93062216412, 0.052451100912],
      [0.018548845217, 0.91608280666, 0.023747249117, 0.041621099007],
      [0.10920025232, 0.13408117348, 0.46769145872, 0.28902711548]
    ],
    [
      [0.4124352415, 0.10333963388, 0.47695366205, 0.0072714625748],
      [0.014247903467, 0, 0.946857044, 0.038895052528],
      [0.026432567252, 0.88917988257, 0.037440454072, 0.04694709611],
      [0.11240732836, 0.098561278093, 0.54641353728, 0.24261785626]
    ],
    [
      [0.37454383235, 0.18397385652, 0.43312832384, 0.008353987285],
      [0.013409273366, 0.0020519178365, 0.9357836434, 0.0487551654],
      [0.0098168681793, 0.94160962811, 0.017483138467, 0.031090365241],
      [0.096248222886, 0.16668591125, 0.46878014396, 0.26828572191]
    ],
    [
      [0.36722209183, 0.1588003305, 0.46714834156, 0.0068292361068],
      [0.011970952617, 0.0020915067713, 0.94854474922, 0.037392791387],
      [0.013031902091, 0.93273904338, 0.024981552886, 0.029247501647],
      [0.097660840119, 0.14895393807, 0.52403816491, 0.2293470569]
    ],
    [
      [0.41792230248, 0.071609707512, 0.50743949671, 0.0030284933053],
      [0.016311551609, 6.7007841821e-05, 0.97228167935, 0.011339761202],
      [0.035467299498, 0.88154738758, 0.055270861656, 0.027714451265],
      [0.12610031722, 0.077136045047, 0.65965373377, 0.13710990396]
    ],
    [
      [0.35065055212, 0.10164078912, 0.54126535284, 0.0064433059225],
      [0.010064475773, 0.00059138926019, 0.95857621184, 0.030767923126],
      [0.021299366663, 0.89127729614, 0.044897739742, 0.042525597457],
      [0.093008791054, 0.094237629497, 0.60181347184, 0.21094010761]
    ],
    [
      [0.40696821722, 0.10702277683, 0.47700176788, 0.0090072380665],
      [0.014288473112, 0, 0.93809486331, 0.047616663583],
      [0.024443672154, 0.88428932665, 0.036030835953, 0.055236165244],
      [0.10373976544, 0.095721700082, 0.51217794394, 0.28836059054]
    ],
    [
      [0.57977905722, 0.06825142795, 0.3456507883, 0.0063187265324],
      [0.021240585968, 0.002598361177, 0.93053078369, 0.045630269167],
      [0.049270672133, 0.84936749518, 0.042423305532, 0.058938527152],
      [0.19041122811, 0.078618639107, 0.4775312381, 0.25343889468]
    ],
    [
      [0.47355276586, 0.074392661727, 0.44470641374, 0.0073481586729],
      [0.017518076331, 0.00023876431242, 0.94040369567, 0.041839463683],
      [0.038776982455, 0.85205797991, 0.046435625718, 0.062729411918],
      [0.13441023844, 0.074059556181, 0.5314075566, 0.26012264879]
    ]
  ],
  "expected_outcome": [
    [
      [11.4164659397, 7.8238185118, 1.4390136585, 5.2453875393, 4.7885838923, 11.5607806801, 4.4586833766, 11.0007279222, 8.6155979544, 30.0173395728, 12.9631764407, 49.1128521589, 34.770176384, 46.7394359725, 15.7610219002, 18.0444464356, 22.4423194962, 39.9799951763, 42.6525753931, 25.8017598664, 27.987928684, 25.367101919, 8.8466109863, 10.3261066039, 11.1875186454, 19.5800480857, 11.3554695865, 65.8594887749, 68.4459811918, 13.7439175473, 58.7160294825, 45.1723524867, 1.9566309769, 6.8697055975, 10.2759984178, 8.4325285596, 24.8537032924, 14.2897684055, 15.4385561246, 31.7623980487, 3.9244469451, 1.1358292956, 5.9802209895, 7.5083514385, 27.5890773493, 18.1471506259, 21.7235422765, 18.3611045915, 4.1792230248, 65.2210026949, 18.313569775, 128.7109507025, 40.7255378635],
      [1.6093537048, 1.7387932456, 0.43740556667, 0.70829785082, 0.53669074207, 2.8460297191, 0.27129158174, 2.9022672156, 1.0391795414, 8.1209927974, 1.9448968399, 12.9885529284, 7.3654583894, 10.8180969339, 6.1052971905, 5.8614963728, 5.6876470459, 8.0293134932, 11.4560675599, 7.6251833449, 5.5320833872, 9.7645853095, 7.0048107494, 0.57003188626, 3.7469559543, 2.944746526, 0.92205503115, 11.1024479992, 18.8409002015, 4.4272680669, 16.1654908967, 9.2743673446, 0.28637306911, 0.87512927817, 1.2044011921, 1.7255636812, 3.3600570172, 1.2759770256, 3.1128947169, 3.2276176584, 0.17448150928, 0.21225796556, 0.62437590321, 0.73411737141, 9.6689815839, 4.5469438908, 10.6704836783, 7.940016525, 0.71609707512, 18.9051867757, 4.8160249575, 15.1518170049, 6.3977689085],
      [17.6636230844, 15.1730287988, 3.0907733165, 5.9792501612, 11.5162996333, 18.2216604246, 3.2358061561, 10.6570885787, 12.2624549853, 36.086124443, 12.8724998745, 49.1480184736, 66.3043751685, 74.4424670936, 24.6644585294, 16.9359892665, 7.650492054, 16.6501850585, 37.2662562326, 25.1962452089, 28.1609176987, 33.5469303258, 13.9651900969, 6.9865257905, 13.8994520421, 35.9435192505, 13.5160486993, 61.4681125132, 63.0945182111, 11.6841023849, 69.1477249737, 40.924903965, 1.6990619329, 3.1606896772, 9.451600662, 9.7614057216, 29.589259345, 17.2905272524, 11.2561860851, 24.6924154784, 6.8573653573, 2.6145770022, 3.3560112541, 5.7323773615, 28.1531293125, 20.98596113, 25.1214427826, 23.3574170782, 5.0743949671, 100.6753556278, 21.4650795545, 76.7344750024, 38.244751582],
      [0.31055727114, 0.26435944386, 0.032807458347, 0.067064448655, 0.15842573234, 0.37152917615, 0.034218885612, 0.43991628352, 0.082767518879, 0.77554318678, 0.21942684495, 0.75057643908, 0.55999005803, 0, 0.46922237994, 0.15806792507, 0.2195414039, 0.34050627198, 0.62510081442, 0.37681157988, 0.31907023015, 0.32138244577, 0.18338816737, 0.11733571937, 0.16607335818, 0.53168613778, 0.20642668304, 0.56995071274, 0.61860039567, 0.14471200087, 0.97075464708, 0.62837620367, 0.057934021063, 0.094475447093, 0.067999728125, 0.080502037719, 0.1969803454, 0.14372731649, 0.19236307331, 0.31756881455, 0.043706188368, 0.037335736647, 0.03939185323, 0.025153828528, 0.58881175425, 0.31994435329, 0.48453126253, 0.34146180534, 0.030284933053, 1.1984549016, 0.40532571299, 1.4027572902, 0.63194164587]
    ],
    [
      [4.8333666042, 4.275006064, 0.81919180966, 5.643255296, 0.89294533032, 3.2089823177, 1.3344943773, 2.1809144825, 1.2525775364, 5.832309534, 2.2355261878, 6.312804124, 1.5685327465, 2.0548103272, 1.9297617489, 3.6661569967, 5.8443705637, 10.9752402707, 5.8756637606, 2.9257161154, 2.3745424291, 2.0958491658, 0.50557033896, 2.634695185, 1.7858429271, 4.9691431722, 6.8907189193, 5.0789996068, 12.027129584, 2.206534726, 3.3454319759, 4.3145549385, 0.69145099347, 1.5737405727, 3.08186302, 2.8513595712, 6.2154188008, 3.435283616, 3.7496068715, 4.4685079504, 3.7783925655, 1.2368890717, 6.4088959932, 0.47888204015, 4.8828965373, 3.875429743, 2.7220824933, 2.8490867228, 1.9736977447, 7.7194529179, 3.5864067512, 24.2779897619, 3.0831814342],
      [2.1358366358, 0.088024593487, 0.15115747483, 0, 0, 0.58226857431, 0.065123738435, 1.433446897, 0.41537262043, 0.65494504239, 0, 0.038434203713, 0.1598909225, 0.30993999492, 0.19236169649, 0.67217233061, 0.98861426556, 1.607711383, 0.13433352858, 0.095221849247, 0, 0.34137204714, 0.34171828239, 2.3978863335, 0.028535406527, 1.8121185416, 0.54163097273, 0.10077099817, 1.4003899009, 0.23158985243, 0, 0, 0.4219924469, 0.2458159411, 0.2902431731, 0.069299378803, 0.58874759039, 1.5862750724, 0.066442255243, 0.16200163845, 0, 0.021202670859, 0.26793590602, 0.20609009131, 0.29668436209, 0, 0.41653932081, 0.49777861157, 0.0081079488604, 0.45359556256, 0, 2.9699268253, 0.042022518986],
      [424.9312735194, 743.1463544165, 171.0520298235, 356.6894954308, 434.9039855631, 345.3354029485, 81.253667067, 109.1063623779, 94.6118219495, 395.7858797961, 123.1362766003, 351.2140177552, 180.9732909071, 160.8581865161, 204.4229443865, 189.6816059655, 119.763399746, 295.325589979, 285.1223654931, 160.4864478016, 135.4711072973, 166.8471658294, 88.9040934742, 171.6917782244, 123.228145633, 608.0230321032, 441.9632134971, 272.3764301582, 611.5117335422, 103.9565243497, 223.3997990339, 223.6287993432, 27.7403564751, 45.2333232465, 173.532293752, 169.6051420723, 397.670210641, 252.5707777243, 163.711569243, 237.2735346335, 362.4431119231, 370.1783212788, 265.9395361945, 21.0211877432, 284.7703822216, 257.5451159693, 189.9640796097, 225.7536503155, 117.646083201, 735.2279544821, 235.4618106896, 1063.5966857545, 165.5110504387],
      [18.0995232406, 34.4906149261, 4.977620892, 10.6672492732, 16.2030691066, 17.8733461594, 2.3467148172, 12.2792762426, 1.7202278937, 22.7268656275, 5.628197212, 14.4347439171, 4.298285424, 1.7770631618, 10.4549321681, 4.9800647072, 9.4036154247, 16.0914583672, 12.8676372177, 6.4926142338, 4.1543502736, 4.7156129576, 3.2486179044, 7.2756402571, 3.9574760334, 23.1957061831, 17.6044366109, 7.4437992368, 17.0607469729, 3.6053510719, 8.2547689902, 9.0566457183, 2.1462000846, 3.9471202396, 3.0956000549, 3.4741989776, 6.5256229679, 5.4076635873, 7.4723816302, 8.0959557777, 3.7784955114, 14.5635869786, 8.3836319063, 1.2938401254, 16.050036879, 10.5794542877, 9.8972985762, 8.8994843501, 1.3721111054, 23.5989970374, 11.9517825593, 52.1553976584, 7.3637456082]
    ],
    [
      [5.7714472591, 1.4164588941, 0.20403037132, 1.0217287449, 1.3699402866, 2.224392617, 2.6742893341, 6.0809020814, 5.520882959, 9.8728128592, 3.2518299317, 15.9279419471, 2.7999521653, 2.7174657424, 6.0064974089, 5.7901194935, 3.7401536573, 10.2399117971, 12.6206480814, 11.2349292069, 7.5294634283, 4.0909505317, 0.13425945962, 7.4185088476, 1.3074789994, 6.667878101, 4.436309654, 11.5235178192, 21.3598090304, 3.9433127494, 5.6164247093, 9.1280649723, 1.4423064115, 3.0180390323, 5.80390648, 1.5672167279, 9.7731688604, 9.8867565709, 1.5833856266, 6.9056786831, 3.3453184019, 0.94520244334, 2.4214897248, 1.747636388, 11.3147955824, 10.0972406904, 8.1970849297, 6.4377596331, 2.1989725689, 21.0863729968, 4.2531989547, 34.932906542, 7.9492814032],
      [113.2461946618, 45.1060921079, 10.7358754316, 21.1259454887, 22.7280701486, 78.4693599118, 26.4199314762, 197.0769006877, 92.430108997, 366.6316575062, 69.1660997628, 569.68533416, 83.3652891631, 85.0974116114, 412.0832611217, 252.7633026534, 145.1501691484, 338.7378506668, 457.4691563419, 451.9250254636, 203.2284066988, 233.1923023921, 129.525270648, 60.6655357081, 62.6509626277, 139.504034026, 51.440405353, 269.8255827728, 787.857159575, 170.2620519368, 212.7879818608, 256.8257232016, 28.759264206, 59.7258881655, 98.6567607498, 46.4822304411, 181.2932178216, 123.1214073529, 46.9366381447, 101.7952470036, 22.1341290663, 26.9871932136, 39.032879766, 24.6094525417, 558.8105120624, 339.6667151399, 786.2440394736, 460.7730874279, 54.65593803, 882.364523176, 153.8663428371, 602.2015540847, 174.6718858814],
      [11.3998117018, 3.5190310591, 0.56632944541, 1.4886256225, 4.2047812392, 4.6359347483, 2.6720364199, 10.913792129, 9.2899799998, 16.1376011591, 3.9726581662, 19.6866644379, 6.8268034179, 5.5562670118, 16.200307927, 6.773727488, 0.95634832788, 6.2672590709, 13.2022730736, 13.2302010565, 9.4752761592, 7.7189321742, 2.964287908, 6.8956998211, 2.0312388395, 15.7004586225, 6.7049428157, 14.1829713302, 25.39594832, 3.8045548378, 8.3005206154, 10.3206718736, 1.9734622689, 2.3855849043, 7.1729844406, 2.303580416, 14.9354398809, 15.095057676, 1.4731436476, 7.1563529364, 7.4609009227, 2.8051477681, 1.8277854529, 1.9874542291, 14.4858219611, 14.3022534556, 14.5984206203, 12.3408871255, 3.4267934227, 44.448762345, 6.2693654558, 30.0781236223, 9.5193032721],
      [16.5825463772, 4.9584179389, 0.4937647517, 1.3637001439, 4.6972083256, 7.6703127229, 2.2337427698, 17.9284051019, 5.7590280442, 26.3579284754, 5.6094121393, 24.7000594551, 5.0079552537, 2.6288556343, 23.7099335424, 4.6728503651, 4.1533288665, 10.7549784652, 18.7079225031, 16.6098442731, 8.7668537136, 5.997814902, 2.3761819844, 10.0202556232, 2.0103195334, 19.1276292505, 8.4183421773, 11.4679280777, 19.3870830747, 3.990080476, 9.2950728145, 12.7255399525, 3.8249671136, 4.8704878979, 4.3663483296, 1.646972415, 8.9981734371, 10.8967784003, 2.0068325811, 7.1427213768, 4.059651609, 3.2624565749, 1.7178450562, 3.6554568411, 25.3888703941, 17.9337907141, 25.9604549764, 14.4482658135, 1.7182959784, 42.1003414822, 9.6110927524, 41.787415751, 12.8595294433]
    ],
    [
      [7.9787201971, 6.4847165301, 1.5377641605, 5.0896284198, 3.9485304908, 7.0058443851, 5.532532912, 3.7374555139, 2.6109415503, 13.2775380339, 3.5494674398, 17.64640177, 2.8613387042, 3.4882879579, 6.302718942, 8.4992770742, 7.9731562829, 24.8048527558, 14.8511127649, 9.0375948114, 6.1080654585, 6.4460983834, 3.5135592151, 6.6206893634, 4.7191594281, 10.782930641, 7.3175018401, 13.5379937991, 32.1670801939, 7.1062349773, 7.3221138323, 12.3850276025, 0.90961161811, 4.5385147975, 6.8382320822, 5.1488951413, 12.1577090464, 9.3881914077, 8.2284513773, 7.8634153177, 4.9518420875, 2.6820791894, 8.1893932925, 1.2651301333, 13.213230531, 8.8801789407, 11.3572903005, 10.3520490526, 2.6481066617, 22.9731713904, 6.8468245191, 50.0781529936, 5.241999299],
      [4.0086149976, 5.0670900531, 1.6755615269, 2.1657566605, 0.73523910935, 6.1023417948, 1.2436532037, 3.5873851997, 1.1153388411, 12.592404654, 1.8890033973, 16.2876787079, 2.109361525, 2.7745514597, 8.6190799914, 9.7030286432, 7.1735695401, 17.6251244569, 13.9404425696, 9.3545693423, 4.2395099141, 8.7017402513, 10.1282003202, 1.3665460722, 5.5735460115, 5.7391009065, 2.0959086431, 7.9711982297, 30.9015503227, 8.0790901439, 7.0465272425, 8.8999094539, 0.53237027802, 2.1531666152, 2.848594885, 3.722906499, 5.7579775708, 3.0163405491, 5.8840248831, 2.8151336996, 0.69138942438, 1.77934615, 3.0748084247, 0.45033999555, 16.2238219916, 7.7863409693, 19.6689375273, 15.7891174355, 1.619856946, 23.2766944857, 6.3176322054, 20.6767020851, 2.888322691],
      [52.0052916944, 53.1615857257, 14.2908674146, 23.8426287855, 34.3749335644, 46.8070018785, 17.838490357, 15.3227569144, 15.8357430654, 66.9903946017, 15.0185653591, 73.9512993334, 22.8955305065, 23.1430793785, 41.7122891571, 33.60867728, 11.6297598721, 43.7569658916, 54.4091052007, 37.0871059331, 25.8926988448, 35.8869716706, 24.1664285209, 19.425996164, 24.8411634854, 83.3329900239, 36.815794988, 52.9724859984, 123.9977999267, 25.5548184276, 36.151955377, 47.1256248182, 3.5871193231, 9.2204021719, 26.8431211454, 25.3298717901, 60.8050901332, 48.0436373473, 25.5591010242, 25.8776969517, 36.2386217969, 26.4019539509, 19.8766670985, 4.2589806662, 56.5906665048, 43.1666694451, 55.3160569874, 55.5480454809, 13.8527284092, 148.6479275451, 33.8037443002, 125.5907156209, 20.7248947072],
      [28.007373111, 27.2866076911, 4.495806898, 7.9019861343, 13.9412968355, 29.0848119415, 5.3853235274, 23.352402372, 3.4379765432, 45.1396627103, 7.5429638038, 33.1146201887, 6.1337692643, 4.5940812038, 23.3659119096, 11.1890170026, 10.2235143049, 25.8130568956, 26.7993394648, 16.5207299132, 8.7597257826, 11.9651896947, 10.1918119438, 10.5867684004, 8.866131075, 37.1449784286, 16.7707945288, 16.5183219728, 41.9335695568, 10.2598564512, 14.4794035482, 20.5894381255, 4.9708987808, 10.0879164154, 6.4700518874, 6.7983265696, 14.2792232496, 12.5518306959, 12.3284227154, 9.4437540309, 7.1181466912, 11.1366207098, 6.8591311843, 4.025549205, 34.9722809727, 19.1668106449, 31.6577151848, 24.3107880311, 2.8793079831, 52.1022065787, 19.0317989754, 66.6544293004, 10.1447833027]
    ]
  ],
  "prob": [
    [0.43421772213, 0.099233536634, 0.45960180872, 0.0069469325178],
    [0.0160551053, 1.8435846447e-05, 0.9453700319, 0.038556426953],
    [0.028749956208, 0.88605623413, 0.038396637265, 0.046797172394],
    [0.12251633157, 0.097322684572, 0.54076712902, 0.23939385484]
  ],
  "iterations": 55,
  "time": 0.006293,
  "message": "Converged",
  "status": 0,
  "miniter": 0,
  "maxiter": 1000,
  "maxtime": 3600,
  "param_threshold": 0.001,
  "ll_threshold": "-Inf",
  "initial_prob": "random",
  "adjust_prob_cond_method": "project_lp",
  "adjust_prob_cond_every": false,
  "candidates_id": ["GILCHRIST, Michael Alexander.c", "PARATA, Patricia Hekia.c", "LABAN, Winifred Alexandra.c", "Other candidates votes.c"],
  "group_id": ["Green Party.p", "Labour Party.p", "National Party.p", "Other parties votes.p"]
}
