{
  "X": [
    [11, 10, 21, 114, 2],
    [34, 81, 178, 581, 13],
    [10, 51, 129, 314, 13],
    [24, 84, 149, 531, 13],
    [3, 10, 25, 91, 2],
    [1, 32, 26, 133, 5],
    [3, 9, 19, 150, 1],
    [20, 51, 127, 437, 1],
    [45, 180, 306, 1279, 40],
    [8, 10, 29, 133, 1],
    [1, 11, 18, 108, 3],
    [21, 46, 90, 484, 19],
    [12, 19, 43, 239, 10],
    [6, 5, 9, 117, 1],
    [52, 151, 169, 688, 21],
    [32, 86, 107, 397, 5],
    [4, 18, 42, 185, 3],
    [6, 32, 71, 122, 5],
    [7, 13, 23, 98, 3],
    [10, 34, 57, 285, 12],
    [10, 136, 37, 255, 6],
    [9, 23, 30, 181, 0],
    [4, 57, 26, 150, 4],
    [14, 17, 28, 89, 4],
    [8, 18, 26, 116, 3],
    [5, 12, 34, 111, 5],
    [13, 6, 15, 59, 1],
    [1, 4, 23, 107, 1],
    [3, 14, 13, 88, 0],
    [5, 27, 83, 97, 7],
    [30, 50, 264, 460, 19],
    [44, 123, 317, 562, 21],
    [22, 45, 166, 254, 18],
    [9, 16, 46, 103, 3],
    [16, 44, 173, 255, 11],
    [23, 62, 281, 223, 17],
    [12, 53, 83, 131, 7],
    [26, 52, 210, 283, 9],
    [6, 26, 55, 250, 7],
    [18, 18, 29, 127, 2],
    [7, 4, 15, 98, 3],
    [3, 6, 8, 53, 0],
    [8, 4, 16, 165, 0],
    [4, 30, 77, 72, 1],
    [9, 7, 3, 90, 2],
    [6, 13, 13, 74, 1],
    [6, 14, 12, 64, 5],
    [0, 2, 3, 88, 0],
    [1, 4, 26, 80, 1],
    [13, 24, 94, 375, 8],
    [32, 56, 102, 325, 15],
    [11, 13, 17, 119, 0],
    [10, 25, 58, 154, 4],
    [3, 14, 14, 107, 1],
    [12, 15, 18, 73, 1],
    [7, 20, 20, 74, 0],
    [16, 16, 48, 125, 3],
    [1, 4, 4, 104, 0],
    [24, 91, 218, 347, 9],
    [12, 24, 93, 222, 10],
    [9, 14, 11, 128, 1],
    [22, 28, 96, 185, 6],
    [34, 71, 268, 380, 17],
    [35, 70, 221, 336, 18],
    [5, 2, 7, 70, 2],
    [22, 231, 61, 655, 4],
    [18, 293, 79, 705, 8],
    [26, 36, 115, 346, 9],
    [9, 28, 29, 136, 2],
    [0, 0, 0, 2, 0],
    [363, 1362, 1914, 6291, 215],
    [37, 157, 167, 506, 21],
    [55, 378, 414, 1370, 38],
    [9, 86, 61, 241, 1]
  ],
  "W": [
    [9, 10, 21, 111, 1, 6],
    [30, 91, 149, 528, 66, 23],
    [26, 40, 124, 271, 38, 18],
    [40, 69, 145, 480, 54, 13],
    [7, 10, 17, 91, 6, 0],
    [10, 24, 21, 131, 6, 5],
    [6, 7, 16, 139, 11, 3],
    [24, 47, 104, 401, 48, 12],
    [67, 171, 296, 1166, 107, 43],
    [7, 8, 25, 124, 11, 6],
    [0, 9, 14, 98, 15, 5],
    [30, 55, 74, 439, 44, 18],
    [14, 20, 40, 222, 21, 6],
    [7, 7, 7, 110, 5, 2],
    [56, 140, 163, 625, 75, 22],
    [30, 72, 96, 364, 55, 10],
    [6, 14, 33, 162, 31, 6],
    [14, 44, 42, 99, 26, 11],
    [10, 9, 19, 89, 12, 5],
    [13, 30, 50, 270, 23, 12],
    [12, 93, 45, 256, 21, 17],
    [6, 27, 27, 166, 7, 10],
    [7, 37, 35, 136, 18, 8],
    [14, 13, 31, 83, 9, 2],
    [12, 15, 22, 106, 14, 2],
    [2, 11, 27, 110, 15, 2],
    [14, 4, 12, 60, 4, 0],
    [0, 3, 23, 95, 10, 5],
    [4, 8, 12, 85, 7, 2],
    [6, 23, 81, 78, 21, 10],
    [35, 26, 255, 405, 79, 23],
    [52, 105, 294, 496, 85, 35],
    [22, 52, 146, 208, 58, 19],
    [15, 13, 43, 91, 11, 4],
    [26, 36, 163, 215, 43, 16],
    [27, 39, 265, 190, 59, 26],
    [13, 50, 71, 115, 26, 11],
    [25, 55, 192, 238, 50, 20],
    [5, 25, 47, 237, 21, 9],
    [11, 19, 24, 116, 16, 8],
    [8, 5, 9, 94, 7, 4],
    [2, 6, 6, 52, 4, 0],
    [13, 2, 18, 143, 14, 3],
    [5, 21, 67, 58, 24, 9],
    [10, 6, 5, 85, 3, 2],
    [12, 15, 8, 66, 6, 0],
    [5, 14, 7, 57, 13, 5],
    [0, 1, 3, 86, 2, 1],
    [2, 8, 22, 74, 5, 1],
    [14, 18, 90, 358, 29, 5],
    [38, 40, 84, 308, 41, 19],
    [12, 8, 20, 112, 4, 4],
    [12, 22, 44, 147, 21, 5],
    [2, 12, 16, 106, 1, 2],
    [9, 7, 22, 70, 11, 0],
    [2, 13, 15, 68, 15, 8],
    [12, 23, 36, 114, 18, 5],
    [4, 3, 4, 97, 5, 0],
    [27, 90, 186, 320, 51, 15],
    [15, 25, 66, 209, 35, 11],
    [13, 10, 12, 114, 11, 3],
    [25, 26, 90, 156, 33, 7],
    [30, 72, 226, 341, 73, 28],
    [28, 58, 186, 308, 83, 17],
    [4, 1, 8, 64, 7, 2],
    [40, 173, 70, 640, 28, 22],
    [26, 214, 94, 721, 26, 22],
    [25, 44, 100, 319, 29, 15],
    [11, 25, 28, 123, 11, 6],
    [0, 0, 0, 2, 0, 0],
    [486, 1258, 1705, 5804, 674, 218],
    [44, 149, 134, 464, 55, 42],
    [74, 334, 377, 1227, 152, 91],
    [10, 97, 38, 221, 23, 9]
  ],
  "method": "mvn_cdf",
  "mvncdf_method": "genz",
  "mvncdf_samples": 5000,
  "mvncdf_error": 1e-06,
  "cond_prob": [
    [
      [0.83868749121, 0.03881178913, 0.0068852796889, 0.088158532459, 0.027456907515],
      [0.027787688072, 0.74696947794, 0.10039681802, 0.12117005582, 0.0036759601473],
      [0.034884187396, 0.043302327227, 0.8359136912, 0.072297366499, 0.013602427677],
      [0, 0.0016004233304, 0.010974218168, 0.98144982126, 0.0059755372429],
      [0.31175270368, 0.038229722332, 0.28377764949, 0.32410382298, 0.042136101517],
      [0.35493584324, 0.17596225577, 0.14632682021, 0.20193232842, 0.12084275236]
    ],
    [
      [0.59430089861, 0.089172332245, 0.0198952783, 0.22860897258, 0.068022518265],
      [0.011191398842, 0.71080391922, 0.1317107416, 0.14229553743, 0.0039984028999],
      [0.013076225389, 0.035803269491, 0.8660131331, 0.072165088707, 0.012942283317],
      [0.0029925864742, 0.0016253239894, 0.01067468338, 0.98125654454, 0.0034508616162],
      [0.12342685633, 0.041358502794, 0.38885570295, 0.39583735533, 0.050521582593],
      [0.15121478207, 0.20518060776, 0.22090426585, 0.27006598826, 0.15263435606]
    ],
    [
      [0.30630835399, 0.1751915312, 0.026160409228, 0.36663004562, 0.12570965996],
      [0, 0.77545758319, 0.095185094843, 0.125168449, 0.0041888729633],
      [0, 0.056140254249, 0.84107575449, 0.084711836092, 0.018072155172],
      [0, 0.0025721027756, 0.0099315622429, 0.98253544843, 0.0049608865485],
      [0.028716988394, 0.075942504382, 0.36888512076, 0.45913028872, 0.067325097745],
      [0.052485402068, 0.27124835086, 0.19499689186, 0.29125309342, 0.19001626179]
    ],
    [
      [0.41636301506, 0.17698063199, 0.019868222368, 0.29788737619, 0.088900754399],
      [0.0044887334869, 0.81069506062, 0.075621495451, 0.10615733251, 0.0030373779281],
      [0.0085959774407, 0.068167346857, 0.8190475195, 0.088209680256, 0.015979475947],
      [0.0012355890774, 0.0064181455683, 0.007407867713, 0.98122831683, 0.00371008081],
      [0.076274040443, 0.072258825151, 0.34136128107, 0.45228499365, 0.057820859684],
      [0.082881470547, 0.31660490864, 0.17201630091, 0.27355874122, 0.15493857868]
    ],
    [
      [0.38886150969, 0.18709553774, 0.068589134535, 0.23392303773, 0.12153078031],
      [0.0027784747145, 0.72362700415, 0.20692277924, 0.063400307549, 0.003271434339],
      [0.0018692947795, 0.021248623821, 0.94973107724, 0.020520127851, 0.0066308763103],
      [0.00015156374693, 0.0093335226541, 0.023474002239, 0.95868156848, 0.0083593428809],
      [0.034102395467, 0.040580671306, 0.69484762484, 0.18994512588, 0.040524182504],
      [0.048021531523, 0.23138293766, 0.42875720925, 0.14594022558, 0.14589809598]
    ],
    [
      [0.073479865087, 0.49144298381, 0.033031837639, 0.22693118718, 0.17511412628],
      [0, 0.89567444495, 0.061568366789, 0.039603181858, 0.0031540064076],
      [0, 0.087470559935, 0.85439159266, 0.040201753488, 0.017936093919],
      [0, 0.005437714577, 0.018709955687, 0.96627233139, 0.0095799983459],
      [0.025649158341, 0.12707964776, 0.47666817547, 0.2803146582, 0.09028836023],
      [0.022261279817, 0.45553664568, 0.18776082541, 0.13448231581, 0.19995893328]
    ],
    [
      [0.34488927271, 0.15031220723, 0.021759662894, 0.43258132774, 0.050457529426],
      [0.0035194480434, 0.75692676671, 0.084282277194, 0.15367024589, 0.0016012621673],
      [0.0057082826393, 0.04930429361, 0.82852009588, 0.10898676887, 0.0074805590014],
      [0.00060423791971, 0.0046469447667, 0.006725564788, 0.98795604508, 6.7207449832e-05],
      [0.049098096519, 0.050547035012, 0.3202324552, 0.5531605852, 0.026961828071],
      [0.063542524226, 0.26960932806, 0.18857801181, 0.39145843592, 0.086811699983]
    ],
    [
      [0.50544585739, 0.17288073703, 0.027559069801, 0.28855122801, 0.0055631077703],
      [0.006468884573, 0.75208658228, 0.12166994947, 0.11977458368, 0],
      [0.011024559619, 0.042753116191, 0.87931613471, 0.066906189476, 0],
      [0, 0.0030833417047, 0.012786269595, 0.9841303887, 0],
      [0.10669960226, 0.052901283434, 0.43627729942, 0.40412181488, 0],
      [0.10809389489, 0.27339893601, 0.2585510175, 0.28774903381, 0.072207117793]
    ],
    [
      [0.41209432928, 0.13651282282, 0.01838866218, 0.30349183642, 0.12951234929],
      [0.0056188775981, 0.76834219295, 0.086528175807, 0.13429763276, 0.0052131208755],
      [0.0094020879521, 0.056944801763, 0.8115508832, 0.097371891365, 0.024730335724],
      [0.0015686491583, 0.0051373697799, 0.0076636102327, 0.9820309587, 0.0035994121324],
      [0.076858335777, 0.05636008122, 0.31708384953, 0.46463006543, 0.085067668048],
      [0.083556906701, 0.24629680698, 0.16020555149, 0.2817571412, 0.22818359363]
    ],
    [
      [0.65185598576, 0.087596026864, 0.016272080976, 0.21247704924, 0.031798857159],
      [0.010872490131, 0.7479937078, 0.10853349516, 0.13096226687, 0.0016380400296],
      [0.02082054421, 0.040801906132, 0.8619185929, 0.076458956759, 0],
      [0.0018348811933, 0.0036550197735, 0.0091618244082, 0.98534827462, 0],
      [0.1409962851, 0.045972368257, 0.36891925731, 0.42010232034, 0.02400976899],
      [0.17517169489, 0.23731866558, 0.21261409872, 0.29152950403, 0.083366036793]
    ],
    [
      [0.3110589657, 0.17387222616, 0.02017450322, 0.37342127105, 0.12147303387],
      [0.0026925202171, 0.80289308523, 0.070498907325, 0.1200487103, 0.0038667769277],
      [0.0052968594819, 0.061335027514, 0.81290218361, 0.10068631244, 0.019779616947],
      [0, 0.0051580133323, 0.0049737305099, 0.9831158034, 0.0067524527612],
      [0.043117851414, 0.06546906022, 0.31358724301, 0.50823130199, 0.069594543361],
      [0.050968702819, 0.28555012758, 0.15872900567, 0.30822699406, 0.19652516988]
    ],
    [
      [0.43316382719, 0.082584021225, 0.018608481805, 0.30085555715, 0.16478811264],
      [0.0085134064019, 0.66964251722, 0.12380917714, 0.18889685509, 0.0091380441623],
      [0.011263385657, 0.032887988776, 0.82796375933, 0.096863202435, 0.031021663804],
      [0.0036190973724, 0, 0.009844705951, 0.98402982975, 0.0025063669295],
      [0.079617289223, 0.033750311165, 0.31920955338, 0.4600498755, 0.10737297073],
      [0.089522934523, 0.15407866976, 0.1664375751, 0.28810219415, 0.30185862646]
    ],
    [
      [0.50308461891, 0.075321253707, 0.013309250788, 0.22509801403, 0.18318686256],
      [0.010726052777, 0.71627590347, 0.10106051133, 0.16079121735, 0.011146315067],
      [0.014919161556, 0.041503396132, 0.80244588038, 0.096608558518, 0.044523003417],
      [0.0053003393621, 0.0010950583636, 0.0089846661499, 0.98399562168, 0.00062431444524],
      [0.11000377946, 0.037900188862, 0.28195619978, 0.42444774697, 0.14569208493],
      [0.1097955184, 0.15347360176, 0.12982482776, 0.23467173612, 0.37223431596]
    ],
    [
      [0.67629169783, 0, 0.011858892106, 0.27319815767, 0.038651252389],
      [0.021258546604, 0.62627675489, 0.1132005563, 0.23617267981, 0.0030914623928],
      [0.01582538144, 0.02803785689, 0.82893813475, 0.1173898485, 0.0098087784148],
      [0.00027352087965, 0, 0.0056142816442, 0.99175100473, 0.0023611927483],
      [0.12601497651, 0.026011595544, 0.27344883316, 0.54277198214, 0.031752612654],
      [0.17310421978, 0.14486986991, 0.16860088561, 0.40310238369, 0.11032264102]
    ],
    [
      [0.57869468384, 0.12930394365, 0.012628575675, 0.19813922137, 0.081233575462],
      [0.008526651845, 0.82166842577, 0.067128249221, 0.098813022215, 0.0038636509482],
      [0.01811181645, 0.075951788378, 0.79387835359, 0.089946607093, 0.022111434494],
      [0.0020658345736, 0.0070303426338, 0.0064931859826, 0.97981083586, 0.0045998009528],
      [0.14536325118, 0.072415710194, 0.2978650833, 0.41190109283, 0.072454862502],
      [0.14789772356, 0.29636889232, 0.14066139775, 0.2333967802, 0.18167520617]
    ],
    [
      [0.61678932732, 0.15388488743, 0.013976596491, 0.17553025226, 0.039818936498],
      [0.0077091604716, 0.85163959736, 0.06384187174, 0.075722751186, 0.0010866192425],
      [0.018861835711, 0.084052099903, 0.81445691298, 0.074435803586, 0.0081933478242],
      [0.0022282419204, 0.0093751054116, 0.0098024467659, 0.9785942059, 0],
      [0.15813935641, 0.089044283608, 0.338552729, 0.37772289988, 0.036540731106],
      [0.16217797367, 0.36864268082, 0.16077329768, 0.21531667606, 0.093089371765]
    ],
    [
      [0.34122703357, 0.1670557863, 0.023487501098, 0.39825367289, 0.069976006136],
      [0.0032845791954, 0.77135200496, 0.08664920467, 0.1364758671, 0.0022383440745],
      [0, 0.059352478718, 0.8317593519, 0.098466404168, 0.010421765218],
      [0, 0.0044377754681, 0.008774877696, 0.98476223161, 0.002025115222],
      [0.04946418692, 0.058512548556, 0.34261864894, 0.51123748287, 0.038167132719],
      [0.06221064922, 0.28454946399, 0.19253653527, 0.34509683257, 0.11560651895]
    ],
    [
      [0.35037221971, 0.11837862883, 0.058843066675, 0.37063817491, 0.10176790988],
      [0, 0.599804747, 0.24780880276, 0.14733286351, 0.0050535867251],
      [0, 0.018816273945, 0.92959211752, 0.043730271734, 0.007861336803],
      [0, 0.0034340360886, 0.0058898053867, 0.98479375898, 0.0058823995474],
      [0.02048589154, 0.041043091899, 0.58692515218, 0.31439588776, 0.037149976621],
      [0.051105067641, 0.15944698732, 0.39878146538, 0.25662481122, 0.13404166843]
    ],
    [
      [0.49658162488, 0.15659109219, 0.01940137144, 0.24994799252, 0.077477918973],
      [0.005367470013, 0.81795799361, 0.079936451493, 0.093765525985, 0.0029725589002],
      [0.0094169472897, 0.058587197821, 0.84647735759, 0.071709112363, 0.013809384934],
      [0.002185647949, 0.0066052991966, 0.0065205152204, 0.97855409387, 0.0061344437619],
      [0.091963370952, 0.068245084514, 0.37350294334, 0.41243844617, 0.053850155024],
      [0.10177428075, 0.31049954687, 0.18822545065, 0.25071629946, 0.14878442227]
    ],
    [
      [0.42785519422, 0.13184919851, 0.018529009079, 0.22948955252, 0.19227704567],
      [0.0059497007674, 0.79101455614, 0.090614400306, 0.10511564549, 0.0073056972977],
      [0.0094978561006, 0.054271277544, 0.82842437854, 0.073074671493, 0.034731816324],
      [0.0033705117383, 0.0064818635561, 0.010323035616, 0.97798531076, 0.001839278334],
      [0.082899567583, 0.058277455818, 0.34631006995, 0.37830842799, 0.13420447865],
      [0.08064753528, 0.22928960118, 0.15559339338, 0.20435876084, 0.33011070933]
    ],
    [
      [0.3251727649, 0.50282082586, 0.0089236592814, 0.11100777585, 0.052074974103],
      [0.003695476615, 0.96183736987, 0.013939694132, 0.018435117763, 0.0020923416173],
      [0.011839182492, 0.31160834181, 0.60642304269, 0.054533192286, 0.015596240717],
      [0.0092023437301, 0.027960551022, 0.0078928126376, 0.94680042318, 0.0081438694259],
      [0.094845830136, 0.32928412048, 0.24878870548, 0.27228353861, 0.054797805286],
      [0.051407168003, 0.73059010107, 0.062492044875, 0.082387319928, 0.07312336612]
    ],
    [
      [0.69278882032, 0.077942553619, 0.010779845646, 0.21848878041, 0],
      [0.015836018394, 0.69306020958, 0.10075749059, 0.19034628144, 0],
      [0.02202994965, 0.045923258294, 0.8172508295, 0.11479596255, 0],
      [0, 0.00074449275632, 0.0092616506226, 0.98999385662, 0],
      [0.16829449409, 0.054274266995, 0.2772300059, 0.50020123301, 0],
      [0.26428244822, 0.20762853792, 0.1671052239, 0.36098378995, 0]
    ],
    [
      [0.25443883006, 0.45655759133, 0.0087131602544, 0.21706926502, 0.063221153339],
      [0.012560017317, 0.9326556808, 0.014770858568, 0.037643551841, 0.0023698914746],
      [0.0088379788176, 0.27618088512, 0.58860673811, 0.10711688091, 0.019257517041],
      [0.00025146470637, 0, 0.0054601257613, 0.98615373822, 0.0081346713166],
      [0.060989327311, 0.24324605523, 0.19854073358, 0.44214938988, 0.055074494004],
      [0.039108899823, 0.65638458723, 0.059367496171, 0.15787693497, 0.087262081813]
    ],
    [
      [0.73681616229, 0.086202619395, 0.0071494851108, 0.10320013595, 0.066631597249],
      [0.013060186962, 0.85320865598, 0.054436439307, 0.074371362484, 0.0049233552652],
      [0.023176901793, 0.093207440639, 0.77468155813, 0.078389024594, 0.030545074849],
      [0, 0.0072940145184, 0.0082926845574, 0.97431272807, 0.01010057285],
      [0.25737970553, 0.072783813807, 0.25265696731, 0.3283589288, 0.088820584555],
      [0.23994499604, 0.2757813058, 0.10744983574, 0.16756191633, 0.20926194608]
    ],
    [
      [0.49622251786, 0.16071906582, 0.018674479291, 0.24648432669, 0.077899610347],
      [0.0053452000587, 0.8237181974, 0.076095838653, 0.09178817307, 0.0030525908183],
      [0.0098551114308, 0.062751317284, 0.83919294652, 0.073852767302, 0.014347857467],
      [0.0020763786187, 0.0065584588866, 0.0066744594524, 0.97873197155, 0.0059587314967],
      [0.094493573788, 0.071585946804, 0.36448856599, 0.41424015043, 0.055191762989],
      [0.10266658337, 0.31883468585, 0.18094560976, 0.24782675663, 0.14972636439]
    ],
    [
      [0.63763561244, 0.082111089438, 0.016545508499, 0.10225984358, 0.16144794604],
      [0.010892368856, 0.78984101912, 0.12089998293, 0.069568492177, 0.0087981369214],
      [0.013760486849, 0.039343070435, 0.87773873309, 0.037418579946, 0.031739129678],
      [0.0071245616557, 0.0088017096887, 0.019951218349, 0.95773243366, 0.0063900766443],
      [0.14526733694, 0.049456912094, 0.42538015739, 0.22885221763, 0.15104337595],
      [0.13533386826, 0.18761098097, 0.18136349905, 0.11828713651, 0.3774045152]
    ],
    [
      [0.80749688023, 0.079152935382, 0.015091514392, 0.068138757478, 0.030119912521],
      [0.015195209521, 0.81836123249, 0.11469406165, 0.049698269284, 0.0020512270508],
      [0.017620210875, 0.038277399979, 0.9129110306, 0.024366034393, 0.0068253241489],
      [0.0083911689379, 0.015587261127, 0.023583243365, 0.94653910818, 0.0058992183858],
      [0.22983754299, 0.05596237683, 0.49000389569, 0.1906313536, 0.033564830891],
      [0.26746323754, 0.26750232471, 0.246665274, 0.12139138797, 0.096977775784]
    ],
    [
      [0.32276087831, 0.09347862013, 0.018261772102, 0.51665295755, 0.048845771908],
      [0.0041307648312, 0.65271578671, 0.095458625157, 0.24552776266, 0.00216706064],
      [0.0060253912035, 0.035610432737, 0.80075209119, 0.14902312986, 0.0085889550051],
      [0.0014227702203, 0.00020722685142, 0.0091137213421, 0.98835886771, 0.00089741387896],
      [0.041569767618, 0.030479033953, 0.25853004798, 0.643986241, 0.025434909449],
      [0.059632572142, 0.1796671593, 0.16904440394, 0.50038597662, 0.091269887994]
    ],
    [
      [0.42150070379, 0.36772239144, 0.014811331627, 0.19596557315, 0],
      [0.0021871684603, 0.93631908415, 0.027624336056, 0.033869411331, 0],
      [0.012617844858, 0.15596514447, 0.7648421845, 0.066574826179, 0],
      [0.0030432934656, 0.007342355439, 0.011507804907, 0.97810654619, 0],
      [0.0993723925, 0.18416638786, 0.33298880202, 0.38347241762, 0],
      [0.095399503403, 0.62685555005, 0.11628436995, 0.16146057659, 0]
    ],
    [
      [0.39337547881, 0.15625725014, 0.025377727296, 0.28715497328, 0.13783457047],
      [0.0041772592897, 0.77947770366, 0.10289133169, 0.10837899762, 0.0050747077494],
      [0.0057243223818, 0.048322096777, 0.85648095371, 0.068902656122, 0.020569971009],
      [0.0008356237526, 0.0053354415493, 0.0083877630741, 0.97975777959, 0.0056833920366],
      [0.062856191178, 0.057846806428, 0.40050330667, 0.39772403477, 0.081069660948],
      [0.069484138308, 0.25894321002, 0.20414607971, 0.24299265311, 0.22443391885]
    ],
    [
      [0.48754128849, 0.14037266562, 0.023387183902, 0.24876806786, 0.099930794121],
      [0.0064070285724, 0.77514830853, 0.10738236974, 0.1070496418, 0.0040126513509],
      [0.0092315286428, 0.048009789247, 0.86030639317, 0.066174914577, 0.016277374359],
      [0.0023471117978, 0.0051145795532, 0.010114523626, 0.97784542234, 0.0045783626788],
      [0.090175821592, 0.057750921777, 0.40541923477, 0.38097220234, 0.065681819524],
      [0.101780964, 0.26334247323, 0.21247282937, 0.2396097255, 0.1827940079]
    ],
    [
      [0.51684737067, 0.14658601153, 0.023926878158, 0.22846055537, 0.084179184276],
      [0.006693138175, 0.78648872591, 0.10730887059, 0.096152429501, 0.0033568358262],
      [0.0096798404795, 0.049670797359, 0.86723167796, 0.059985446645, 0.013432237556],
      [0.0026881814872, 0.0061717347963, 0.011291160022, 0.97585998266, 0.0039889410354],
      [0.09827036627, 0.061894764326, 0.42485372358, 0.3582953331, 0.056685812723],
      [0.11111328473, 0.28202175228, 0.22312216367, 0.22590485706, 0.15783794226]
    ],
    [
      [0.5105188465, 0.083069900488, 0.023031374054, 0.24370618035, 0.13967369861],
      [0.010222306606, 0.67592472308, 0.15268958407, 0.15345160768, 0.0077117785698],
      [0.016134040626, 0.020571633343, 0.87246436564, 0.068834283066, 0.021995677325],
      [0.0012161496832, 0, 0.014016060149, 0.98062592106, 0.0041418691039],
      [0.095431412553, 0.033182575648, 0.39967438722, 0.37919518937, 0.092516435213],
      [0.11018286526, 0.1629646702, 0.21458942347, 0.24450855479, 0.26775448629]
    ],
    [
      [0.4804329707, 0.14197837011, 0.025946407387, 0.27882072498, 0.072821526817],
      [0.0056075619271, 0.7669108413, 0.11335640646, 0.11120195482, 0.0029232354968],
      [0.007360448905, 0.042146490958, 0.87620876661, 0.063552755572, 0.010731537951],
      [0.001782496451, 0.0047401438165, 0.0086741727167, 0.98042230982, 0.0043808771951],
      [0.078189142788, 0.05366493495, 0.42853033312, 0.39598485561, 0.043630733538],
      [0.095455020958, 0.26662925713, 0.23925256482, 0.26625790441, 0.13240525268]
    ],
    [
      [0.41723889694, 0.14623137609, 0.029610991788, 0.30599249988, 0.1009262353],
      [0.0048137475249, 0.74576551927, 0.12472581286, 0.12083281624, 0.0038621041091],
      [0.0053711770904, 0.039506344437, 0.87600239264, 0.065442714268, 0.013677371566],
      [0.0003756447394, 0.0035878525443, 0.011410957142, 0.98026520554, 0.0043603400389],
      [0.064500211158, 0.050638098018, 0.43311838716, 0.39580690223, 0.055936401433],
      [0.078044950268, 0.24762905456, 0.24213428231, 0.26564595042, 0.16654576243]
    ],
    [
      [0.48326425649, 0.17446912894, 0.030933488904, 0.20053597731, 0.11079714835],
      [0.0052972766504, 0.80171861348, 0.11774419328, 0.071429181611, 0.0038107349743],
      [0.0073697613211, 0.047759899139, 0.89155772215, 0.038466193374, 0.014846424018],
      [0.0027994522355, 0.0089391515686, 0.017951293642, 0.96427102692, 0.0060390756333],
      [0.082903907544, 0.066995323653, 0.49679741791, 0.28549721725, 0.067806133634],
      [0.091117617905, 0.29672197798, 0.25339163244, 0.17501609048, 0.18375268119]
    ],
    [
      [0.5246590559, 0.16351572367, 0.024335541139, 0.19183057325, 0.09565910603],
      [0.0062995845583, 0.81677634624, 0.099941656108, 0.072748063854, 0.0042343492377],
      [0.0095526881239, 0.053793179764, 0.8736114682, 0.047457786858, 0.015584877055],
      [0.0037322371518, 0.0084400893809, 0.012601448189, 0.96848923748, 0.0067369878027],
      [0.09946442426, 0.071186885781, 0.45198026917, 0.31101365477, 0.066354766015],
      [0.10644817139, 0.30860847344, 0.22358976158, 0.1851526504, 0.17620094319]
    ],
    [
      [0.57573798622, 0.0949155789, 0.025158105333, 0.24006789019, 0.064120439356],
      [0.01009777553, 0.69744953969, 0.15208512356, 0.13705643203, 0.0033111292002],
      [0.011823787455, 0.027237081001, 0.88854661881, 0.062795109748, 0.0095974029853],
      [0.0029881111098, 0, 0.013756236552, 0.98093352261, 0.0023221297285],
      [0.10686206741, 0.038909975321, 0.43877595113, 0.37286076022, 0.042591245915],
      [0.13633658422, 0.20461837632, 0.25963164517, 0.26491607599, 0.13449731829]
    ],
    [
      [0.4609271159, 0.12679965781, 0.022064110769, 0.25878627447, 0.13142284105],
      [0.006114549272, 0.7633939806, 0.10757070074, 0.11744442276, 0.0054763466315],
      [0.0085028088906, 0.044708406359, 0.85527388168, 0.070325735595, 0.021189167477],
      [0.0027030030861, 0.0041802614425, 0.0090440189314, 0.97869779639, 0.0053749201466],
      [0.0808477635, 0.051969653389, 0.38529557821, 0.39645808226, 0.085428922641],
      [0.089383767323, 0.23308582377, 0.19643331775, 0.24307233478, 0.23802475637]
    ],
    [
      [0.85146607435, 0.03677111434, 0.0070169975022, 0.085337619123, 0.019408194681],
      [0, 0.74072158738, 0.12869437881, 0.12789699482, 0.002687038996],
      [0, 0.058416703738, 0.84930567961, 0.08144332394, 0.010834292709],
      [0, 0, 0.0069971865671, 0.99073374831, 0.0022690651228],
      [0.33964547124, 0.046227894183, 0.26168815941, 0.32106311537, 0.031375359792],
      [0.39994320528, 0.17252004818, 0.13694991588, 0.20180985795, 0.088776972709]
    ],
    [
      [0.66446816416, 0.014974136813, 0.035574624101, 0.19454533972, 0.09043773521],
      [0.013035370125, 0.63348086461, 0.1975640198, 0.14952444602, 0.0063952994362],
      [0.02700507325, 0, 0.91227449773, 0.047619437327, 0.013100991689],
      [0, 0, 0.01196716364, 0.97914552257, 0.0088873137909],
      [0.11259410947, 0.025138528287, 0.47136395521, 0.3277150728, 0.063188334228],
      [0.14696835264, 0.1342082211, 0.27316283997, 0.23343887128, 0.212221715]
    ],
    [
      [0.8659740898, 0.051073828809, 0.0077486290216, 0.075203452373, 0],
      [0.011932946769, 0.83573714519, 0.080999460488, 0.07133044755, 0],
      [0.021136280831, 0.045077782191, 0.88414866129, 0.049637275689, 0],
      [0.002223172024, 0.0074060816927, 0.012358894167, 0.97801185212, 0],
      [0.23850787739, 0.056961632514, 0.38773787865, 0.31679261145, 0],
      [0.27165413434, 0.29030878656, 0.20185750643, 0.20326000949, 0.032919563183]
    ],
    [
      [0.42339187859, 0.074708289005, 0.0099802223175, 0.49191961008, 0],
      [0.008526449042, 0.63178523975, 0.064229813947, 0.29545849726, 0],
      [0.020599519161, 0.046327673666, 0.69904208488, 0.2340307223, 0],
      [0.003383412224, 0.00011794865475, 0.0038090076724, 0.99268963145, 0],
      [0.083064957818, 0.028850319859, 0.16361304536, 0.72447167697, 0],
      [0.15377465927, 0.17018416727, 0.10792307402, 0.56811809944, 0]
    ],
    [
      [0.37993506829, 0.27454028365, 0.035908774046, 0.26203834171, 0.047577532311],
      [0.00099913883492, 0.84726557662, 0.0901415249, 0.061593759649, 0],
      [0.0011434181768, 0.063573508567, 0.88674012642, 0.048542946831, 0],
      [0, 0.0075290212852, 0.017829541434, 0.97464143728, 0],
      [0.060912146931, 0.10099843651, 0.50635107497, 0.32562749574, 0.006110845848],
      [0.060093577649, 0.41273896534, 0.25881738154, 0.19996651568, 0.068383559788]
    ],
    [
      [0.73430217619, 0.06049095765, 0, 0.15453186911, 0.050674997048],
      [0.016771144107, 0.81508353251, 0, 0.16379239411, 0.0043529292761],
      [0.053975074817, 0.1795766948, 0.51451626759, 0.21526604343, 0.036665919366],
      [0, 0, 0, 0.99174008477, 0.0082599152292],
      [0.25551187393, 0.053119371956, 0.10879115322, 0.51234876926, 0.070228831635],
      [0.25997018879, 0.2236738193, 0.050522601188, 0.2803216069, 0.18551178382]
    ],
    [
      [0.44923351442, 0.12654063619, 0.030538767572, 0.34223700667, 0.051450075138],
      [0.0052910987562, 0.71869269444, 0.13669836835, 0.1372386658, 0.0020791726576],
      [0.0053308005477, 0.029982679659, 0.89785171754, 0.061318264025, 0.0055165382248],
      [0.0018338158616, 0.0032401042131, 0.010494375991, 0.982139928, 0.0022917759305],
      [0.061025515721, 0.041235605624, 0.45126945137, 0.42046576208, 0.026003665211],
      [0.084273525201, 0.23177507384, 0.2773897854, 0.316964836, 0.089596779569]
    ],
    [
      [0.57865851312, 0.088400675524, 0.011761238884, 0.15595367085, 0.16522590163],
      [0.017277960082, 0.80091413968, 0.080725090458, 0.10108280978, 0],
      [0.01688227599, 0.053868925647, 0.81308419395, 0.07332073396, 0.042843870453],
      [0.0050306706514, 0.0051515620011, 0.010577021841, 0.97924074551, 0],
      [0.14039166721, 0.053050709996, 0.29973061195, 0.353386514, 0.15344049685],
      [0.12696003209, 0.19696358465, 0.12401299626, 0.17621599907, 0.37584738793]
    ],
    [
      [0.12567645074, 0.21541797149, 0.017311937156, 0.6138304373, 0.02776320331],
      [0, 0.85478157879, 0.03433671036, 0.11088171085, 0],
      [0, 0.072346408381, 0.78307797051, 0.14457562111, 0],
      [0, 0.0038632707999, 0.00046987272612, 0.99566685647, 0],
      [0, 0.088350877357, 0.22572740119, 0.68592172145, 0],
      [0, 0.41923615257, 0.12456552128, 0.45619832615, 0]
    ],
    [
      [0.34056793496, 0.068113158279, 0.04282766892, 0.46793095771, 0.080560280128],
      [0.0043729517767, 0.45910307887, 0.29484470277, 0.2377020705, 0.0039771960832],
      [0.003550036629, 0, 0.92547943904, 0.063641321151, 0.0073292031818],
      [0, 0, 0.0062769788368, 0.98883342458, 0.0048895965814],
      [0.031189808943, 0.01665189879, 0.4787366743, 0.44229980197, 0.031121815994],
      [0.049830665306, 0.10768955851, 0.3368595757, 0.3772400264, 0.12838017409]
    ],
    [
      [0.52389428736, 0.11883428629, 0.019995896388, 0.23711236549, 0.10016316447],
      [0.0076020964064, 0.76627317712, 0.10520398174, 0.11637488831, 0.004545856418],
      [0.01089746906, 0.046585732944, 0.85250663698, 0.071761287099, 0.018248873915],
      [0.0028218945395, 0.0044778401203, 0.0087601643307, 0.97887848315, 0.0050616178637],
      [0.10216825466, 0.053061691041, 0.37861724896, 0.39498422116, 0.071168584175],
      [0.11495047917, 0.24176620711, 0.19694988011, 0.24682473497, 0.19950869865]
    ],
    [
      [0.57193879138, 0.14915930497, 0.01981246868, 0.15649527087, 0.10259416409],
      [0.0074489575105, 0.83012548369, 0.090991002262, 0.067310988078, 0.0041235684647],
      [0.012377018581, 0.060264808846, 0.85999590577, 0.048261258707, 0.019101008099],
      [0.0039414111738, 0.01032967519, 0.014256236388, 0.96477045625, 0.0067022209986],
      [0.12830015193, 0.075157405684, 0.4208273567, 0.29348184482, 0.082233240865],
      [0.12918090504, 0.30535208047, 0.19594671489, 0.16445990999, 0.2050603896]
    ],
    [
      [0.69609892337, 0.12833165599, 0.0068560892315, 0.16871333141, 0],
      [0.010338451146, 0.85505973699, 0.041520485583, 0.093081326282, 0],
      [0.030009165384, 0.10794183177, 0.74260945954, 0.11943954331, 0],
      [0, 0.0060412291327, 0.0038812792098, 0.99007749166, 0],
      [0.21588784802, 0.095284429401, 0.21944998628, 0.46937773629, 0],
      [0.27509265265, 0.35073755409, 0.10521765928, 0.26895213399, 0]
    ],
    [
      [0.54496074147, 0.15587339388, 0.031745956193, 0.1891470486, 0.078272859864],
      [0.0061390793682, 0.78876337907, 0.13039386366, 0.071699689533, 0.0030039883632],
      [0.0074569132795, 0.040152450379, 0.90580146868, 0.036874072995, 0.00971509467],
      [0.0038878390994, 0.0088797308312, 0.015968948289, 0.96544482577, 0.0058186560077],
      [0.090191400556, 0.06018186218, 0.52928140552, 0.27231720743, 0.048028124318],
      [0.10635508253, 0.28817551585, 0.28655479779, 0.17826645816, 0.14064814567]
    ],
    [
      [0.75476152393, 0.098475599468, 0.006682907233, 0.11389423656, 0.026185732806],
      [0.0081758382301, 0.87736595362, 0.044156559815, 0.068557777572, 0.0017438707618],
      [0.023199226887, 0.096591018351, 0.78355008155, 0.084622459863, 0.01203721335],
      [0.0039361082198, 0.0084482889394, 0.0038932518339, 0.97897166552, 0.0047506854869],
      [0.20403952727, 0.090456532161, 0.26810276953, 0.39847892657, 0.038922244462],
      [0.1999561323, 0.37161295213, 0.11958334952, 0.21304168326, 0.095805882787]
    ],
    [
      [0.79710618588, 0.12765793007, 0.0056551352272, 0.054169703236, 0.015411045584],
      [0.0079095559945, 0.94454653436, 0.019248736895, 0.027509826165, 0.00078534658787],
      [0.023620605682, 0.24731888046, 0.64224935545, 0.074349891215, 0.012461267192],
      [0, 0.00099065643942, 0.025147712702, 0.97043615411, 0.0034254767495],
      [0.38645673728, 0.15717196073, 0.17495790141, 0.25033413576, 0.031079264813],
      [0.28553870078, 0.50161746324, 0.057843279734, 0.099647360388, 0.055353195855]
    ],
    [
      [0.73742464, 0.15468419261, 0.0094679589179, 0.098423208473, 0],
      [0.0054552844406, 0.90104281478, 0.046989154231, 0.04651274655, 0],
      [0.018820078237, 0.11562635762, 0.80538180855, 0.060171755603, 0],
      [0, 0.0048510156476, 0.018252094482, 0.97689688987, 0],
      [0.2307107844, 0.13296778376, 0.32883789601, 0.30748353582, 0],
      [0.21390863533, 0.48978672974, 0.1394708855, 0.15683374943, 0]
    ],
    [
      [0.7870681244, 0.038027490485, 0.015372752995, 0.12091184711, 0.038619785009],
      [0.024996335537, 0.62764959775, 0.19563585232, 0.14690057663, 0.0048176377642],
      [0.020731014707, 0, 0.91652078091, 0.052357247481, 0.010390956897],
      [0, 0, 0.012862819297, 0.98124024875, 0.0058969319519],
      [0.21394184785, 0.02447918383, 0.42282762293, 0.2981148517, 0.040636493694],
      [0.27659939982, 0.13342081142, 0.24877912706, 0.2116055949, 0.1295950668]
    ],
    [
      [0.21857721201, 0.18524759179, 0.012726664011, 0.58344853219, 0],
      [0.0018919005589, 0.78121406397, 0.042455988003, 0.17443804746, 0],
      [0.0047019530106, 0.071957870216, 0.73066976684, 0.19267040993, 0],
      [0, 0.0025885080186, 0, 0.99741149198, 0],
      [0.020241527649, 0.075290136447, 0.17980926251, 0.72465907339, 0],
      [0.038884432723, 0.28628821219, 0.11054198015, 0.51852669425, 0.045758680683]
    ],
    [
      [0.53846911843, 0.15341547556, 0.03265542599, 0.20251902054, 0.072940959475],
      [0.0065901795613, 0.77421960383, 0.13715260778, 0.079468682907, 0.0025689259201],
      [0.0078780283575, 0.039955732552, 0.90385081066, 0.039792491947, 0.0085229364814],
      [0.0035470934225, 0.0080015989803, 0.017848753952, 0.96742165184, 0.0031809018028],
      [0.09089526272, 0.058265116349, 0.52162143862, 0.28523368651, 0.0439844958],
      [0.10881173823, 0.28094793018, 0.28960155871, 0.190436992, 0.13020178087]
    ],
    [
      [0.4855831597, 0.11216694139, 0.03959865407, 0.21806631951, 0.14458492533],
      [0.0068938864909, 0.68613568736, 0.19863494742, 0.10204052763, 0.006294951096],
      [0.0058728350736, 0.022877499452, 0.9204285185, 0.03643758903, 0.014383557942],
      [0.0036536815293, 0.0017584526701, 0.018473639651, 0.96872321129, 0.0073910148628],
      [0.069816109679, 0.036237380647, 0.55313748493, 0.26571957354, 0.07508945121],
      [0.086283186275, 0.18348761823, 0.31555105663, 0.18270680979, 0.23197132907]
    ],
    [
      [0.52539550467, 0.14145984728, 0, 0.31015512138, 0.022989526673],
      [0.0063679937862, 0.82476925873, 0.03830125353, 0.12940916327, 0.0011523306871],
      [0.030795333101, 0.10000448672, 0.68906239207, 0.168868596, 0.011269192118],
      [0.0013297621659, 0.0080907517023, 0, 0.99057948613, 0],
      [0.11047654955, 0.072073006117, 0.18722038823, 0.60158101829, 0.028649037813],
      [0.1232665241, 0.33270893206, 0.096271496439, 0.36800533906, 0.079747708339]
    ],
    [
      [0.59427601515, 0.093585283597, 0.018547480851, 0.23050199474, 0.063089225663],
      [0.010563370892, 0.73093332892, 0.1176737459, 0.13721381753, 0.0036157367555],
      [0.013605161169, 0.038689651195, 0.85801813559, 0.076700571811, 0.012986480239],
      [0.0030074767231, 0.001106456499, 0.0095838107709, 0.98264887974, 0.0036533762648],
      [0.12472205889, 0.044303262552, 0.37266437762, 0.41032575931, 0.047984541625],
      [0.15128473727, 0.21991683892, 0.20888063439, 0.27612344508, 0.14379434434]
    ],
    [
      [0.59205266937, 0.10360796264, 0.028698530522, 0.18778208385, 0.087858753623],
      [0.0098901338935, 0.71875713009, 0.16508464095, 0.10161635922, 0.0046517358452],
      [0.010070061439, 0.028491190185, 0.90567075981, 0.042934084586, 0.012833903981],
      [0.0043237461589, 0.0019802228493, 0.018152806245, 0.96975301765, 0.0057902070989],
      [0.10994272812, 0.042446751813, 0.49959833061, 0.28970116225, 0.058311027204],
      [0.13393856431, 0.21172749639, 0.2825204698, 0.19689616578, 0.17491730372]
    ],
    [
      [0.61430911543, 0.12227223523, 0.022682186451, 0.14487826627, 0.095858196625],
      [0.0093445262889, 0.79196940164, 0.12140919205, 0.072629551016, 0.0046473290037],
      [0.012109713983, 0.045366604506, 0.88651105519, 0.039164402683, 0.016848223639],
      [0.0044507953586, 0.0089424571845, 0.018817903419, 0.96043686615, 0.0073519778865],
      [0.13450200641, 0.060250983834, 0.4659081939, 0.26412180044, 0.07521701541],
      [0.14532023177, 0.26169736526, 0.23328323693, 0.15939126325, 0.20030790279]
    ],
    [
      [0.71367078146, 0.045393679089, 0.004717679386, 0.17894514889, 0.05727271118],
      [0.016454395785, 0.74619049881, 0.055323532214, 0.1769228369, 0.0051087362966],
      [0.03842440413, 0.062568066324, 0.69735317574, 0.17171545839, 0.029938895417],
      [0, 0, 0, 0.99031100202, 0.0096889979839],
      [0.19669443517, 0.035042878391, 0.16782363559, 0.53039190479, 0.070047146053],
      [0.22230309957, 0.16319505275, 0.0861074476, 0.32046271893, 0.20793168115]
    ],
    [
      [0.33655652075, 0.4332318032, 0.010973857086, 0.18240852026, 0.0368292987],
      [0.0027322753826, 0.94496727175, 0.019273546499, 0.033026906373, 0],
      [0.013803285343, 0.2380433028, 0.66413034887, 0.078213873263, 0.005809189723],
      [0.005431936768, 0.019053584638, 0.0023922949523, 0.97312218364, 0],
      [0.084432935728, 0.24137792378, 0.26368998124, 0.37770704431, 0.032792114941],
      [0.057193810132, 0.66252193773, 0.082873159417, 0.14277447668, 0.054636616047]
    ],
    [
      [0.32089122011, 0.50643213309, 0.010564742905, 0.11771168773, 0.044400216171],
      [0.0025328652418, 0.96089498754, 0.016460410567, 0.019294203383, 0.00081753326444],
      [0.010248560653, 0.28475745759, 0.64124744917, 0.052089729249, 0.011656803331],
      [0.0065167886701, 0.032225941224, 0.0084283144276, 0.94857420339, 0.0042547522881],
      [0.089659675848, 0.31546449242, 0.27815679796, 0.27255320549, 0.044165828282],
      [0.050985191407, 0.72713889848, 0.073483506883, 0.086623548103, 0.061768855129]
    ],
    [
      [0.64578189326, 0.065971424051, 0.01956071703, 0.20007475708, 0.068611208575],
      [0.014809341271, 0.66421731363, 0.16086917065, 0.15499258453, 0.0051115899185],
      [0.023223840026, 0.017041319603, 0.88058429476, 0.06541607445, 0.013734471166],
      [0.00057819870087, 0, 0.012802955422, 0.98157058779, 0.005048258089],
      [0.14006717735, 0.032342332083, 0.40566171607, 0.36796623839, 0.053962536114],
      [0.17567094142, 0.16553953388, 0.23506510297, 0.25632076607, 0.16740365566]
    ],
    [
      [0.5447015644, 0.1474822098, 0.013838600884, 0.2482900132, 0.045687611707],
      [0.0066577042388, 0.82577690064, 0.062557186861, 0.1033556053, 0.0016526029639],
      [0.01423143187, 0.075724222663, 0.80170100678, 0.097726742166, 0.010616596516],
      [0.0032127560686, 0.006429140663, 0.0049210917628, 0.98417751549, 0.0012594960204],
      [0.11639661306, 0.074405045249, 0.30149803419, 0.47104595588, 0.036654351632],
      [0.12797139219, 0.33395919041, 0.15240747765, 0.28553850371, 0.10012343604]
    ],
    [
      [1.5871759519e-20, 4.5082027912e-28, 2.0939508806e-306, 1, 3.3841299764e-27],
      [5.6031339907e-261, 5.5605508648e-208, 7.9713825223e-260, 1, 3.0268343157e-261],
      [5.1962201969e-181, 2.9839778087e-180, 4.1268238749e-179, 1, 7.8626917529e-181],
      [0, 0, 0, 1, 0],
      [7.092872568e-17, 3.3086647189e-307, 4.0013051805e-10, 0.9999999996, 1.020733579e-12],
      [7.4643296991e-33, 3.1699071384e-24, 8.0638772277e-30, 1, 1.5543022455e-29]
    ],
    [
      [0.48381498678, 0.16083494235, 0.020643952003, 0.22370383891, 0.11100227996],
      [0.0060171073618, 0.81267677122, 0.087716041327, 0.089572736902, 0.0040173431896],
      [0.010323150561, 0.062022898744, 0.84122939589, 0.066741357483, 0.019683197317],
      [0.0025114765045, 0.0073192297025, 0.010422561169, 0.97532863064, 0.0044181019828],
