{
  "X": [
    [2, 7, 78, 56, 14],
    [1, 3, 7, 14, 3],
    [2, 1, 28, 20, 6],
    [2, 7, 42, 7, 2],
    [0, 2, 28, 19, 3],
    [4, 5, 84, 54, 14],
    [0, 3, 49, 22, 8],
    [4, 10, 85, 50, 8],
    [19, 21, 260, 330, 45],
    [14, 6, 100, 91, 7],
    [23, 71, 293, 347, 84],
    [36, 65, 311, 396, 124],
    [7, 3, 65, 56, 12],
    [1, 2, 41, 35, 1],
    [4, 8, 68, 38, 7],
    [0, 3, 40, 27, 4],
    [2, 5, 33, 26, 5],
    [0, 0, 34, 16, 6],
    [12, 7, 48, 75, 14],
    [6, 9, 72, 140, 23],
    [5, 8, 107, 80, 18],
    [2, 5, 49, 42, 10],
    [3, 5, 47, 14, 3],
    [4, 2, 58, 39, 6],
    [4, 2, 49, 46, 10],
    [2, 8, 4, 32, 4],
    [5, 6, 70, 73, 21],
    [9, 10, 49, 81, 15],
    [2, 3, 44, 16, 2],
    [5, 3, 39, 73, 15],
    [8, 3, 62, 53, 14],
    [2, 16, 47, 162, 25],
    [3, 9, 37, 32, 9],
    [39, 49, 397, 418, 83],
    [8, 3, 61, 34, 11],
    [12, 5, 116, 107, 24],
    [2, 1, 34, 18, 4],
    [4, 5, 58, 41, 3],
    [12, 19, 84, 107, 24],
    [1, 5, 43, 26, 3],
    [22, 28, 156, 390, 67],
    [23, 33, 229, 420, 64],
    [13, 10, 107, 298, 29],
    [19, 21, 114, 261, 58],
    [10, 8, 85, 134, 27],
    [16, 14, 93, 240, 33],
    [26, 17, 218, 265, 15],
    [18, 26, 116, 337, 44],
    [30, 10, 186, 309, 34],
    [30, 24, 96, 361, 52],
    [41, 29, 198, 495, 83],
    [51, 54, 290, 875, 122],
    [38, 26, 169, 489, 69],
    [24, 25, 209, 298, 51],
    [38, 20, 209, 453, 54],
    [37, 38, 150, 514, 85],
    [49, 36, 399, 544, 82],
    [17, 23, 138, 287, 44],
    [35, 26, 203, 245, 35],
    [51, 24, 453, 584, 81],
    [35, 25, 127, 436, 49],
    [6, 18, 53, 112, 26],
    [28, 33, 209, 373, 58],
    [14, 14, 124, 188, 34],
    [17, 24, 136, 260, 38],
    [5, 5, 82, 21, 4],
    [18, 18, 107, 322, 38],
    [4, 6, 61, 50, 7],
    [0, 1, 35, 17, 4],
    [13, 8, 82, 242, 32],
    [25, 31, 150, 434, 71],
    [37, 33, 239, 635, 97],
    [1, 4, 43, 33, 15],
    [5, 16, 100, 135, 25],
    [7, 18, 64, 78, 14],
    [6, 3, 141, 258, 39],
    [23, 59, 463, 640, 104],
    [8, 13, 109, 203, 38],
    [61, 93, 453, 692, 142],
    [4, 8, 46, 75, 6]
  ],
  "W": [
    [16, 8, 38, 66, 14, 8, 7],
    [4, 3, 11, 5, 0, 2, 3],
    [13, 0, 11, 18, 5, 5, 5],
    [6, 5, 3, 39, 2, 3, 2],
    [1, 1, 13, 30, 4, 0, 3],
    [16, 4, 39, 57, 21, 7, 17],
    [6, 7, 14, 35, 6, 7, 7],
    [17, 6, 34, 65, 11, 11, 13],
    [48, 28, 280, 180, 54, 45, 40],
    [14, 8, 84, 78, 9, 17, 8],
    [32, 73, 282, 221, 101, 46, 63],
    [47, 62, 337, 239, 106, 57, 84],
    [8, 5, 49, 55, 9, 7, 10],
    [7, 3, 25, 35, 5, 4, 1],
    [11, 9, 25, 45, 13, 15, 7],
    [2, 1, 21, 32, 7, 8, 3],
    [8, 1, 17, 34, 3, 4, 4],
    [7, 3, 7, 30, 5, 2, 2],
    [8, 13, 67, 34, 15, 15, 4],
    [14, 12, 120, 55, 30, 8, 11],
    [18, 11, 61, 82, 12, 16, 18],
    [7, 7, 33, 37, 11, 5, 8],
    [11, 3, 9, 40, 4, 3, 2],
    [4, 3, 32, 50, 11, 5, 4],
    [6, 5, 36, 45, 1, 11, 7],
    [1, 6, 27, 6, 3, 4, 3],
    [18, 10, 57, 52, 21, 9, 8],
    [17, 9, 66, 36, 12, 12, 12],
    [7, 4, 10, 35, 6, 3, 2],
    [6, 5, 62, 37, 18, 2, 5],
    [9, 6, 40, 55, 6, 13, 11],
    [7, 14, 140, 29, 27, 5, 30],
    [9, 8, 24, 30, 12, 4, 3],
    [69, 40, 342, 298, 97, 64, 76],
    [6, 9, 27, 39, 18, 14, 4],
    [16, 6, 88, 89, 31, 10, 24],
    [10, 0, 9, 29, 6, 3, 2],
    [9, 6, 24, 49, 11, 6, 6],
    [12, 17, 90, 77, 10, 16, 24],
    [4, 4, 16, 36, 8, 8, 2],
    [23, 23, 368, 123, 52, 25, 49],
    [12, 30, 371, 167, 97, 30, 62],
    [6, 14, 257, 76, 40, 17, 47],
    [12, 22, 234, 89, 46, 35, 35],
    [16, 16, 103, 53, 33, 22, 21],
    [11, 23, 215, 69, 37, 17, 24],
    [20, 18, 222, 174, 41, 41, 25],
    [14, 28, 295, 71, 50, 32, 51],
    [25, 18, 274, 128, 47, 43, 34],
    [19, 29, 332, 57, 35, 33, 58],
    [40, 48, 448, 123, 51, 65, 71],
    [25, 50, 821, 202, 116, 75, 103],
    [18, 39, 447, 116, 58, 43, 70],
    [12, 25, 273, 169, 43, 38, 47],
    [17, 28, 421, 134, 60, 54, 60],
    [18, 47, 449, 125, 75, 37, 73],
    [56, 58, 470, 292, 87, 86, 61],
    [22, 38, 240, 91, 39, 30, 49],
    [31, 33, 200, 141, 57, 54, 28],
    [46, 32, 519, 320, 118, 89, 69],
    [10, 32, 392, 98, 43, 48, 49],
    [6, 11, 107, 29, 20, 11, 31],
    [36, 40, 303, 163, 61, 48, 50],
    [15, 19, 148, 108, 48, 16, 20],
    [15, 38, 223, 96, 29, 27, 47],
    [10, 4, 13, 70, 7, 10, 3],
    [21, 28, 269, 77, 37, 32, 39],
    [10, 6, 29, 51, 13, 7, 12],
    [3, 1, 14, 35, 1, 3, 0],
    [16, 15, 199, 63, 33, 15, 36],
    [22, 41, 361, 118, 74, 31, 64],
    [22, 46, 494, 210, 114, 66, 89],
    [10, 5, 19, 40, 9, 6, 7],
    [7, 20, 121, 73, 24, 13, 23],
    [15, 21, 44, 60, 25, 6, 10],
    [5, 1, 233, 131, 42, 12, 23],
    [79, 68, 546, 355, 117, 59, 65],
    [12, 21, 174, 100, 36, 7, 21],
    [82, 128, 531, 384, 87, 104, 125],
    [4, 12, 60, 45, 7, 2, 9]
  ],
  "method": "mvn_pdf",
  "cond_prob": [
    [
      [0, 0.060849530412, 0.69286219646, 0.13323287857, 0.11305539455],
      [0.0014921459277, 0.45767629932, 0.020789501041, 0.31243738521, 0.2076046685],
      [0.0060890910814, 0.0054863530419, 0.015878278983, 0.91915807157, 0.053388205324],
      [0, 0.016410187505, 0.85632834367, 0.091053617172, 0.036207851649],
      [0.0014229418343, 0.018262605978, 0.32429987652, 0.38460599024, 0.27140858542],
      [0.21388269726, 0.0080134331974, 0.57990723805, 0.16306786073, 0.035128770766],
      [0.0036706582498, 0.10766562553, 0.063912484102, 0.53460037984, 0.29015085228]
    ],
    [
      [0.0040933275809, 0.12044062266, 0.55015102292, 0.17036120334, 0.15495382351],
      [0.0037868645456, 0.62560637743, 0.0042738190312, 0.21469216722, 0.15164077178],
      [0.014476741337, 0, 0, 0.92179412112, 0.063729137539],
      [0.016780248723, 0.029152524921, 0.78128636352, 0.1190050436, 0.053775819231],
      [0.0022171591253, 0.029391443867, 0.19609366607, 0.44844685579, 0.32385087514],
      [0.35535004394, 0.01258771539, 0.39840213247, 0.19132936477, 0.042330743426],
      [0.0061402032786, 0.1568267739, 0.027779456225, 0.51901980169, 0.2902337649]
    ],
    [
      [0.003913577305, 0.03496185965, 0.67582732911, 0.1572132989, 0.12808393504],
      [0.0031356568466, 0.29491940362, 0.022586080692, 0.4239716878, 0.25538717105],
      [0.016662241489, 0.0015237725521, 0.0079945198576, 0.92457517875, 0.049244287354],
      [0.0056316413203, 0.010923026757, 0.83749209303, 0.10280451538, 0.043148723504],
      [0.0040581495632, 0.0094298966621, 0.28231897468, 0.42755681932, 0.27663615977],
      [0.32211448511, 0.0041797315497, 0.47529382164, 0.16479055745, 0.033621404253],
      [0.0067212243069, 0.052814340757, 0.052676669387, 0.59473639746, 0.29305136808]
    ],
    [
      [0.0014387154083, 0.14879674269, 0.7241243219, 0.074600415465, 0.051039804535],
      [0.002826637353, 0.82411721815, 0.013964687456, 0.10350978672, 0.055581670314],
      [0.046734832847, 0.00094279004318, 0.030027400801, 0.88449781518, 0.037797161126],
      [0.0034591672804, 0.029015812761, 0.90522912, 0.0470487488, 0.015247151155],
      [0.0069957145734, 0.059009004869, 0.46047950742, 0.30214154975, 0.17137422339],
      [0.55444631783, 0.010679096329, 0.36889630077, 0.056327768932, 0.0096505161385],
      [0.012396057834, 0.35106654328, 0.081882415807, 0.38659375927, 0.1680612238]
    ],
    [
      [0, 0.071620572213, 0.70922332703, 0.1402665211, 0.078889579654],
      [0, 0.60119068591, 0.016196314846, 0.26598930502, 0.11662369423],
      [0, 0.0068866919964, 0.0098289352026, 0.94722520575, 0.036059167048],
      [0, 0.024781392288, 0.85385714372, 0.091828631822, 0.02953283217],
      [0, 0.022847537257, 0.33632946676, 0.43654908649, 0.20427390948],
      [0.054290886653, 0.010455321657, 0.69573379305, 0.21045728504, 0.029062713606],
      [0, 0.13427660942, 0.061924007276, 0.59292039948, 0.21087898382]
    ],
    [
      [0.0017126830141, 0.036094036473, 0.8205887148, 0.07552513591, 0.066079429802],
      [0.0050546202977, 0.45240980973, 0.041445407426, 0.30090874382, 0.20018141873],
      [0.032226932498, 0.00075723041, 0.035555256187, 0.87957592458, 0.051884656321],
      [0.0045203713717, 0.009141129806, 0.92527976549, 0.040971787793, 0.02008694554],
      [0.0053519168622, 0.013773098819, 0.49406768343, 0.2841908128, 0.20261648809],
      [0.3053278749, 0.0040478753583, 0.59144032526, 0.081304064092, 0.017879860391],
      [0.011069510386, 0.10262997588, 0.12127609886, 0.49482202175, 0.27020239313]
    ],
    [
      [0, 0.01769384215, 0.84526956216, 0.065865409951, 0.071171185739],
      [0, 0.34082746159, 0.054644361423, 0.32682600487, 0.27770217212],
      [0, 0, 0.045843230553, 0.88955009608, 0.064606673369],
      [0, 0, 0.93398616938, 0.040345562535, 0.025668268082],
      [0, 0.0055992804687, 0.51613569213, 0.25190800626, 0.22635702114],
      [0, 0.001976750091, 0.8811240101, 0.091061287178, 0.025837952635],
      [0, 0.065801683221, 0.13569553107, 0.47176463208, 0.32673815363]
    ],
    [
      [0.0010623967634, 0.087928217071, 0.7580095705, 0.097235222102, 0.055764593562],
      [0.0024574999968, 0.65815519561, 0.022248045448, 0.21746374505, 0.099675513899],
      [0.021264418585, 0.00053992166029, 0.027282153967, 0.91693282325, 0.033980682539],
      [0.0026294016706, 0.021511215374, 0.89894759129, 0.064709430094, 0.012202361568],
      [0.0036034877088, 0.032110201696, 0.44464679923, 0.34974945548, 0.16989005588],
      [0.26737680488, 0.010408979211, 0.59471241849, 0.11160793237, 0.015893865049],
      [0.0071161304649, 0.20553783157, 0.091400843455, 0.50657373393, 0.18937146058]
    ],
    [
      [0.0006070918731, 0.043460442514, 0.77502458709, 0.10853548072, 0.072372397802],
      [0.0037773138585, 0.4310774635, 0.033260073119, 0.34915191153, 0.182733238],
      [0.020410979484, 0, 0.026155055746, 0.91221173221, 0.041222232565],
      [0.00090661486849, 0.010232951696, 0.89917914596, 0.069519557055, 0.020161730417],
      [0.0033987384584, 0.014722158865, 0.42326531249, 0.35928931978, 0.19932447041],
      [0.27765805195, 0.004910822514, 0.57891051304, 0.11846696905, 0.020053643447],
      [0.0077171413902, 0.099645372105, 0.094614398213, 0.55871503101, 0.23930805728]
    ],
    [
      [0.0009983067453, 0.036981678843, 0.82828149898, 0.089384354441, 0.044354160986],
      [0.0116114084, 0.46397469999, 0.042382155775, 0.34401427409, 0.13801746175],
      [0.057456989049, 0.0028851247662, 0.037837699504, 0.87849265507, 0.023327531612],
      [0, 0.0066308841737, 0.92863910958, 0.058922138313, 0.0058078679345],
      [0.009914322023, 0.014115949044, 0.50381819995, 0.33155459002, 0.14059693896],
      [0.51645019575, 0.0028532304555, 0.40839412174, 0.065346427857, 0.0069560241949],
      [0.02473289154, 0.1044188739, 0.12196507418, 0.56403930589, 0.18484385449]
    ],
    [
      [0.00083494439764, 0.10298961274, 0.70148977259, 0.097746818453, 0.096938851815],
      [0.0026711201911, 0.63138673606, 0.019241445562, 0.1950780527, 0.15162264549],
      [0.023037273887, 0, 0.027164530442, 0.88736370638, 0.062434489288],
      [0.0046677199479, 0.021784626211, 0.87646991171, 0.065954068988, 0.031123673144],
      [0.0039117161609, 0.033521054722, 0.37937289886, 0.31974227744, 0.26345205282],
      [0.31270009909, 0.011607325352, 0.53829204676, 0.10946764399, 0.027932884805],
      [0.0074749963557, 0.2044307107, 0.074751694337, 0.43634139477, 0.27700120384]
    ],
    [
      [0.0012288310219, 0.09878697829, 0.65666688216, 0.10131694364, 0.14200036489],
      [0.0035979721543, 0.57495293295, 0.017561348081, 0.19237840573, 0.21150934109],
      [0.033724109577, 7.3512356722e-05, 0.02688688734, 0.86312165213, 0.076193838593],
      [0.0024981149011, 0.026986095145, 0.85665047753, 0.073827447273, 0.040037865151],
      [0.0050231701061, 0.029653272652, 0.32023095208, 0.29778887174, 0.34730373342],
      [0.39379413268, 0.01041913085, 0.45708965233, 0.1029916985, 0.035705385639],
      [0.0092663653036, 0.17259931445, 0.062487103462, 0.39711593581, 0.35853128097]
    ],
    [
      [0.0014135243318, 0.029481690288, 0.78357580255, 0.09399185018, 0.091537132649],
      [0.011219078781, 0.34926004088, 0.036647750306, 0.3415236736, 0.26134945644],
      [0.056674586844, 0, 0.028098997104, 0.85678381016, 0.058442605894],
      [0.00042042514418, 0.0040021827707, 0.90702667449, 0.059895074983, 0.028655642615],
      [0.0088301667963, 0.0097221889931, 0.41817609952, 0.310847643, 0.2524239017],
      [0.54923723799, 0.001905543035, 0.36700968936, 0.065473854113, 0.016373675502],
      [0.020828610607, 0.069688771874, 0.095218415202, 0.5007865243, 0.31347767802]
    ],
    [
      [0.00021181958338, 0.060737755181, 0.7591834674, 0.16873893094, 0.011128026896],
      [0.0021375584734, 0.36610351514, 0.029228209102, 0.50930164099, 0.093229076298],
      [0.0070424334554, 0.0060421490541, 0.019260722961, 0.96765469453, 0],
      [0, 0.0052869066267, 0.88098510887, 0.1137279845, 0],
      [0.0018732996994, 0.01119092317, 0.36888687304, 0.51937806358, 0.098670840511],
      [0.20064634881, 0.0045855661217, 0.59102013273, 0.19405238646, 0.0096955658856],
      [0.0040918573943, 0.066132829696, 0.073519320312, 0.74597587586, 0.11028011674]
    ],
    [
      [0.00048246683502, 0.056449493024, 0.80390818247, 0.086410491625, 0.052749366048],
      [0.0025859872736, 0.57095844178, 0.031737289884, 0.26587350829, 0.12884477278],
      [0.018764128796, 0.0020625996079, 0.031133911304, 0.91197060114, 0.036068759156],
      [0.00059259623106, 0.016140097437, 0.9169274732, 0.054599629087, 0.011740204046],
      [0.00282091216, 0.021989099321, 0.48648232672, 0.32309589961, 0.16561176219],
      [0.22622181546, 0.0077535908861, 0.64869388254, 0.10229877527, 0.01503193585],
      [0.0065214055918, 0.15148543878, 0.110944546, 0.52366376517, 0.20738484446]
    ],
    [
      [0, 0.10103038736, 0.74438784568, 0.09263885, 0.061942916952],
      [0, 0.76417008098, 0.015024483153, 0.14483107224, 0.075974363627],
      [0, 0, 0.024043710025, 0.93221897265, 0.043737317326],
      [0, 0.0081173462806, 0.89933309439, 0.069169393219, 0.023380166106],
      [0, 0.03360777429, 0.43426919827, 0.3412811844, 0.19084184304],
      [0, 0.10180252447, 0.74004828535, 0.1344542266, 0.023694963579],
      [0, 0.24144648252, 0.084117407878, 0.47175670516, 0.20267940445]
    ],
    [
      [0.0017562999815, 0.2294343601, 0.49658071773, 0.16423020486, 0.10799841733],
      [0.0010658712982, 0.80155422233, 0.0056566357629, 0.12775320038, 0.063970070223],
      [0, 0, 0.019102251814, 0.93702082235, 0.043876925834],
      [0.013843063023, 0.026180855383, 0.77519590339, 0.13527866649, 0.049501511711],
      [0.0033833884707, 0.060383514031, 0.22072473098, 0.46568114957, 0.24982721694],
      [0.37124548687, 0.022123210879, 0.38562001515, 0.18957401041, 0.031437276694],
      [0.0047718682954, 0.30079460707, 0.033911093204, 0.46855925739, 0.19196317404]
    ],
    [
      [0, 0, 0.71352712498, 0.1524304503, 0.13404242472],
      [0, 0, 0.17029446928, 0.48865622239, 0.34104930833],
      [0, 0, 0.013377299542, 0.93343278319, 0.053189917272],
      [0, 0, 0.84240709117, 0.11052066621, 0.047072242615],
      [0, 0, 0.29556304908, 0.40469990242, 0.2997370485],
      [0, 0, 0.74240889867, 0.21098106109, 0.046610040244],
      [0, 0, 0.082969921299, 0.58595353887, 0.33107653983]
    ],
    [
      [0.0015219590035, 0.04784040767, 0.72759571517, 0.11795015413, 0.10509176403],
      [0.0084240220426, 0.41888686912, 0.025498893932, 0.32171726993, 0.22547294498],
      [0.049086119235, 0.0013351710636, 0.020043657827, 0.8743668349, 0.055168216975],
      [0.00069638276655, 0.012674045782, 0.87671866317, 0.077887764382, 0.032023143904],
      [0.0082409307025, 0.014938543502, 0.3550882492, 0.35672539858, 0.26500687802],
      [0.55771508597, 0.0036308963177, 0.33852777418, 0.081297330399, 0.018828913124],
      [0.019131197117, 0.093207956242, 0.073037171174, 0.51824284901, 0.29638082646]
    ],
    [
      [0.001151176191, 0.060753298451, 0.68172069277, 0.14405375045, 0.11232108214],
      [0.0038118103206, 0.44211751889, 0.020349333673, 0.33162345084, 0.20209788628],
      [0.022809842973, 0.0017628469121, 0.014785141149, 0.91086180019, 0.049780368777],
      [0.0022872990744, 0.016678207912, 0.84955800466, 0.096773219548, 0.034703268801],
      [0.0043570488074, 0.01767558943, 0.31123082736, 0.40465881015, 0.26207772425],
      [0.35719695146, 0.0064063183399, 0.4635849367, 0.14428409533, 0.028527698177],
      [0.00789746616, 0.10306202734, 0.060564253476, 0.55307144715, 0.27540480588]
    ],
    [
      [0.00036417456163, 0.039508181695, 0.77876463536, 0.096083526272, 0.085279482106],
      [0.0029460744901, 0.41746604614, 0.034004078481, 0.32227618326, 0.22330761764],
      [0.017325136461, 0.00014627198491, 0.027508848299, 0.89969377597, 0.055325967283],
      [0, 0.0093387319303, 0.90425500577, 0.060239595574, 0.026166666723],
      [0.0026216657251, 0.013499803223, 0.42492142537, 0.32218438715, 0.23677271854],
      [0.23530202643, 0.0047713351872, 0.62187898205, 0.11244784957, 0.025599806768],
      [0.0059951279335, 0.093538256162, 0.09622892574, 0.51328406117, 0.29095362899]
    ],
    [
      [0.00090905602382, 0.041618421995, 0.78812702754, 0.087859610308, 0.081485884136],
      [0.0031379183157, 0.45597703987, 0.032692600499, 0.29515261906, 0.21303982225],
      [0.019373624546, 0.0018706413389, 0.02618967519, 0.89486075129, 0.057705307638],
      [0.0028630947322, 0.011727479471, 0.90785956838, 0.051322912468, 0.026226944948],
      [0.0031958289507, 0.01509465397, 0.43869376631, 0.30722008861, 0.23579566216],
      [0.22815070609, 0.0053427406026, 0.63660429267, 0.10510100607, 0.024801254563],
      [0.006312426951, 0.1035536207, 0.098818299958, 0.49807947944, 0.29323617295]
    ],
    [
      [0, 0.10355927938, 0.7484871474, 0.090231696051, 0.057721877172],
      [0.0070896910927, 0.72622690787, 0.017786071115, 0.16564600848, 0.083251321445],
      [0.07754071126, 0.0044398928657, 0.025443769201, 0.85727163009, 0.035303996585],
      [0, 0.025156399612, 0.89704805971, 0.060507247718, 0.017288292963],
      [0.012894795277, 0.037342204493, 0.44048448704, 0.33210994533, 0.17716856786],
      [0.72572536322, 0.0046436522865, 0.2229481825, 0.040220853726, 0.0064619482654],
      [0.026054627307, 0.23632620407, 0.085792179247, 0.46283819801, 0.18898879137]
    ],
    [
      [0.0015039496538, 0.028511712643, 0.81451048213, 0.093739977662, 0.061733877914],
      [0.0083223751461, 0.38588163992, 0.041001256988, 0.37247135366, 0.1923233743],
      [0.042820790665, 0, 0.028225870534, 0.88961227852, 0.039341060279],
      [0.0046421050875, 0.0060591925321, 0.91718824013, 0.054303276647, 0.017807185606],
      [0.007180585821, 0.010171854573, 0.46507409, 0.33442119748, 0.18315227212],
      [0.44486661549, 0.0024313455347, 0.46063897143, 0.078883754167, 0.013179313373],
      [0.015831749699, 0.075325368773, 0.10932614747, 0.56295433506, 0.236562399]
    ],
    [
      [0.00085358738618, 0.029757725342, 0.67400124037, 0.14543089175, 0.14995655515],
      [0.0032730960064, 0.25868031178, 0.023104937413, 0.39308545192, 0.32185620288],
      [0.013899706023, 0, 0.015243924516, 0.90950982205, 0.061346547406],
      [0.0037402195584, 0.0034574140044, 0.84708505629, 0.10120106082, 0.044516249329],
      [0.0027886909806, 0.0079311967787, 0.28018735511, 0.37922482188, 0.32986793525],
      [0.29707992281, 0.0027297719758, 0.50033648397, 0.15899160513, 0.040862216118],
      [0.005592265264, 0.047787110049, 0.055567196593, 0.53392194014, 0.35713148795]
    ],
    [
      [0.00078124408547, 0.54450902925, 0.16269364855, 0.17230209556, 0.11971398256],
      [0.076364462549, 0.62597129863, 0.030195833684, 0.22811785639, 0.039350548749],
      [0, 0, 0, 0.93825284467, 0.061747155328],
      [0.0034067446503, 0.248385091, 0.44133415354, 0.23376279579, 0.07311121502],
      [0.0028315436414, 0.14036763867, 0.069634126925, 0.49752517992, 0.28964151084],
      [0.37592149288, 0.07870345025, 0.19426641155, 0.29863539569, 0.052473249637],
      [0.0028036367602, 0.49114530533, 0.0073861337232, 0.34549002089, 0.1531749033]
    ],
    [
      [0.0015980274325, 0.043803801336, 0.69241853027, 0.12361687746, 0.1385627635],
      [0.0042943309447, 0.36164952778, 0.023625621902, 0.32304666864, 0.28738385073],
      [0.024979472175, 0.00081648978368, 0.018756042782, 0.89162554416, 0.063822451099],
      [0.0034822586831, 0.011997903381, 0.861325102, 0.08491456315, 0.038280172784],
      [0.0045239553514, 0.012613329544, 0.31397519288, 0.34443073708, 0.32445678515],
      [0.35170486267, 0.0047368386956, 0.4818942326, 0.12618791698, 0.035476149053],
      [0.0078797506021, 0.077136741992, 0.063960418696, 0.49218493585, 0.35883815286]
    ],
    [
      [0.0020193183517, 0.10047833839, 0.62461616718, 0.15230406922, 0.12058210686],
      [0.0049402190548, 0.55946014043, 0.013670494919, 0.26103080976, 0.16089833583],
      [0.036066402759, 5.1592180006e-05, 0.012207559351, 0.90094245488, 0.050731990827],
      [0.0036631275852, 0.02755580537, 0.82116474595, 0.10786984546, 0.039746475639],
      [0.007053992563, 0.027681561376, 0.27549112854, 0.41702393309, 0.27274938443],
      [0.51467146378, 0.0080709469208, 0.33315504693, 0.11977733662, 0.024325205738],
      [0.012354080432, 0.1526902339, 0.048925568889, 0.52286848666, 0.26316163012]
    ],
    [
      [0.0021430191174, 0.036348149801, 0.84243911575, 0.082898118932, 0.036171596401],
      [0.0067820281437, 0.50460640791, 0.041688397179, 0.32876112821, 0.11816203856],
      [0.043488895793, 0.0012236034807, 0.033018179684, 0.90519920825, 0.017070112788],
      [0.0053867340773, 0.011327422052, 0.93469084392, 0.048594999956, 0],
      [0.0065414987441, 0.014698138307, 0.52603690731, 0.3288935025, 0.12382995315],
      [0.42243869599, 0.0034934522154, 0.49366986385, 0.072901592688, 0.0074963952608],
      [0.013940511267, 0.10988616333, 0.1272901159, 0.5798928903, 0.16899031921]
    ],
    [
      [0.0028823579616, 0.045841280913, 0.61172181467, 0.17749965475, 0.1620548917],
      [0.010372061381, 0.31792928239, 0.016863254212, 0.38148958213, 0.27334581989],
      [0.050491309117, 0.0017860001159, 0.0106421657, 0.88355660435, 0.053523920714],
      [0.0044278715653, 0.013585211682, 0.80428179243, 0.12666487424, 0.051040250082],
      [0.0099711404431, 0.011439057522, 0.23328095155, 0.42325727035, 0.32205158014],
      [0.6805907084, 0.0024346685237, 0.20590336543, 0.090483770817, 0.020587486837],
      [0.019178237472, 0.062229738139, 0.043249677776, 0.55216918724, 0.32317315937]
    ],
    [
      [0.0017135626626, 0.032642849949, 0.69579880512, 0.13072580606, 0.13911897621],
      [0.0069579733978, 0.29362391663, 0.02512732584, 0.36602227868, 0.30826850545],
      [0.033738773341, 0, 0.017562503502, 0.8863898896, 0.062308833552],
      [0.0050381399817, 0.0043393019157, 0.85993178127, 0.0903065965, 0.040384180333],
      [0.0061330263482, 0.0089345646479, 0.30737409192, 0.35769803505, 0.31986028204],
      [0.47254698971, 0.0021456615847, 0.3888769788, 0.10785223486, 0.028578135041],
      [0.012388403511, 0.056755296076, 0.062604855735, 0.51423712893, 0.35401431574]
    ],
    [
      [0.00016687198545, 0.098213715363, 0.68335065362, 0.12285943741, 0.095409321626],
      [0.00085610721395, 0.60262209721, 0.017139635974, 0.23585901105, 0.14352314855],
      [0.0050211321907, 0, 0.020473019439, 0.92326671474, 0.051239133635],
      [0, 0.025333536571, 0.86030391272, 0.084734066287, 0.029628484421],
      [0.0009308992233, 0.030646253637, 0.34324315213, 0.37992173419, 0.24525796082],
      [0.21107455036, 0.012899984687, 0.58992313215, 0.15538949758, 0.030712835215],
      [0.0067793619191, 0.17497244331, 0.06481245208, 0.50294984957, 0.25048589312]
    ],
    [
      [0.0023493615089, 0.14354976851, 0.63035860506, 0.11285145088, 0.11089081405],
      [0.0036043670905, 0.70880911756, 0.011526116368, 0.15614650633, 0.11991389265],
      [0.026867424598, 0, 0.019141248649, 0.89239973812, 0.061591588634],
      [0.011545396113, 0.025005594265, 0.84238144243, 0.07974387764, 0.041323689557],
      [0.0067276946778, 0.041534234543, 0.31394524187, 0.3521018933, 0.28569093561],
      [0.4626559674, 0.012461998683, 0.39386400838, 0.10489580994, 0.026122215607],
      [0.0091615100786, 0.24638416859, 0.05364381573, 0.42681629602, 0.26399420958]
    ],
    [
      [0.0012284577704, 0.077686456724, 0.72768764595, 0.10481836866, 0.088579070894],
      [0.0045139996931, 0.56173032231, 0.022945340006, 0.24750359594, 0.16330674205],
      [0.034466066264, 0.00026644505657, 0.024404392315, 0.88860468194, 0.052258414422],
      [0.0021537941281, 0.01984441608, 0.88216770498, 0.068979575946, 0.026854508868],
      [0.005588467122, 0.025804782158, 0.38990229842, 0.34030700804, 0.23839744426],
      [0.38921686813, 0.007797621224, 0.48011664727, 0.10102296279, 0.021845900581],
      [0.011230134768, 0.16004670743, 0.080150950021, 0.48596611145, 0.26260609633]
    ],
    [
      [0.0014204505642, 0.017485449197, 0.85097777122, 0.062165106814, 0.067951222207],
      [0.029876371144, 0.29520074546, 0.059880080491, 0.33354014513, 0.28150265778],
      [0.05396143663, 0, 0.047466975811, 0.83525144076, 0.063320146803],
      [0, 0, 0.94620607653, 0.030163700746, 0.023630222721],
      [0.01156994669, 0, 0.53066900221, 0.2397303383, 0.2180307128],
      [0.42713594256, 0, 0.50386843117, 0.052222214116, 0.01677341215],
      [0.019367232754, 0.059570148915, 0.14134181012, 0.4626794341, 0.31704137412]
    ],
    [
      [0.00091420796384, 0.030681186767, 0.79108944136, 0.094406494569, 0.082908669338],
      [0.013435493278, 0.36188626402, 0.038567995203, 0.34665977044, 0.23945047706],
      [0.060712109544, 0.0019768196401, 0.030527517009, 0.85326680578, 0.053516748025],
      [0, 0.00059718779794, 0.91020934452, 0.063463115731, 0.025730351948],
      [0.0085840827104, 0.0097695220951, 0.4348596858, 0.31571053409, 0.2310761753],
      [0.57204199357, 0.0018254311167, 0.35052640508, 0.061653249073, 0.013952921159],
      [0.023981982223, 0.074565170382, 0.10125806237, 0.51126175866, 0.28893302637]
    ],
    [
      [0.0026200513419, 0.037231902804, 0.68774818568, 0.17717246886, 0.095227391316],
      [0.0053850455302, 0.31900042575, 0.022608565307, 0.46696663312, 0.1860393303],
      [0.023343649019, 0.0019412709365, 0.0094770272774, 0.93257605102, 0.032662001746],
      [0.0059327091271, 0.014775354869, 0.83382847476, 0.11009823196, 0.03536522929],
      [0.0057958063858, 0.010487965847, 0.28965409124, 0.48622088855, 0.20784124797],
      [0.51239674101, 0.0032144957337, 0.33610148695, 0.13070651395, 0.017580762355],
      [0.0098465096868, 0.054576480024, 0.054985060732, 0.66639862616, 0.21419332339]
    ],
    [
      [0.0020019019551, 0.050934790984, 0.75713457177, 0.14761769753, 0.04231103776],
      [0.0065917312954, 0.46075392299, 0.027398752152, 0.40832492112, 0.096930672447],
      [0.039812891075, 0.004650641882, 0.019841863722, 0.93569460332, 0],
      [0, 0.017059479093, 0.8844746881, 0.098465832804, 0],
      [0.013218081974, 0.017338581669, 0.3885428265, 0.47063873167, 0.11026177819],
      [0.46023562431, 0.0048246157371, 0.40980376951, 0.11818902806, 0.0069469623752],
      [0.013351743544, 0.10164356162, 0.078856364358, 0.67563911529, 0.13050921519]
    ],
    [
      [0.0016151070901, 0.11798744638, 0.62991021081, 0.12259216219, 0.12789507354],
      [0.0042029029919, 0.61642158962, 0.013825642575, 0.20098007624, 0.16456978857],
      [0.03578160227, 0, 0.018824245155, 0.88171632152, 0.063677831053],
      [0.0066444258871, 0.02629772148, 0.83598960803, 0.088925992034, 0.042142252572],
      [0.0065873794622, 0.034483843954, 0.29682178468, 0.35424691074, 0.30786008116],
      [0.48935590339, 0.0098597709326, 0.36779128577, 0.10506373149, 0.027929308415],
      [0.011734838228, 0.19072767882, 0.053657551894, 0.44529056762, 0.29858936345]
    ],
    [
      [0, 0.10475044458, 0.71243385043, 0.1283403386, 0.054475366394],
      [0, 0.69346046858, 0.015515582684, 0.21828867431, 0.072735274423],
      [0, 0.0051166490974, 0.019041274598, 0.95121428451, 0.024627791793],
      [0, 0.019242680817, 0.87313720486, 0.095590844606, 0.012029269719],
      [0, 0.034789617538, 0.38124443201, 0.43183025619, 0.15213569425],
      [0.12439619155, 0.041917503877, 0.64508546715, 0.17112042787, 0.017480409552],
      [0.0024152338181, 0.20944824053, 0.069981652891, 0.56458975891, 0.15356511385]
    ],
    [
      [0.0012188585397, 0.096671575202, 0.65081863347, 0.12278703614, 0.12850389665],
      [0.003575446418, 0.5618360584, 0.01624136795, 0.22986996415, 0.18847716309],
      [0.029654596293, 0, 0.019171416961, 0.88909335659, 0.062080630153],
      [0.0027217169163, 0.026095576374, 0.84386532516, 0.087231026955, 0.040086354597],
      [0.0049522152574, 0.028338065727, 0.30754277226, 0.35251281677, 0.30665412998],
      [0.39757392556, 0.0099421837687, 0.4390481411, 0.12125436611, 0.032181383457],
      [0.0090858170855, 0.16168233717, 0.057932160124, 0.4614508536, 0.30984883202]
    ],
    [
      [0.00099612493456, 0.070882481769, 0.74796932774, 0.10202166759, 0.078130397964],
      [0.0040519219485, 0.55598529613, 0.025250040432, 0.25929510788, 0.15541763361],
      [0.030087558286, 0.0006473418164, 0.025234042089, 0.89648913165, 0.047541926163],
      [0.001903469586, 0.018079507214, 0.8908860434, 0.06622177034, 0.022909209462],
      [0.0048967613551, 0.024351455746, 0.41242365471, 0.34123562023, 0.21709250796],
      [0.34318808449, 0.0076271546833, 0.52421005592, 0.10455282665, 0.020421878258],
      [0.0099273695368, 0.15515328982, 0.087026964626, 0.50167650489, 0.24621587113]
    ],
    [
      [0.0010049554657, 0.036696748963, 0.765220624, 0.12933088138, 0.067746790183],
      [0.0051984324077, 0.36964532511, 0.032752467305, 0.42009005764, 0.17231371754],
      [0.023948554422, 0, 0.022432028529, 0.92378995428, 0.029829462764],
      [0.0050997867251, 0.0054672701753, 0.88856938014, 0.082618595939, 0.018244967018],
      [0.0046343762058, 0.011730496075, 0.39666310697, 0.40939345405, 0.1775785667],
      [0.33723522073, 0.0037224304261, 0.51450531629, 0.12772390809, 0.016813124468],
      [0.0097969390522, 0.077803643854, 0.08597282628, 0.61920590984, 0.20722068097]
    ],
    [
      [0.0010408295652, 0.089264017831, 0.61002112816, 0.13322157281, 0.16645245163],
      [0.0030007432862, 0.50395197734, 0.014833689384, 0.24173403286, 0.23647955713],
      [0.023557225217, 0.001625436472, 0.017547971901, 0.89094556403, 0.066323802384],
      [0.0021115721969, 0.025950729282, 0.82107813104, 0.099891952952, 0.050967614529],
      [0.0039268733164, 0.024077020067, 0.26213152343, 0.34865751674, 0.36120706646],
      [0.36555957302, 0.0099913197526, 0.44013596039, 0.1410532624, 0.04325988444],
      [0.0070271953771, 0.13413377513, 0.048811929061, 0.44961247585, 0.36041462458]
    ],
    [
      [0.0010367956623, 0.036030852078, 0.7315915915, 0.12991279628, 0.10142796449],
      [0.0045015054742, 0.33933243716, 0.028728803413, 0.38963310157, 0.23780415239],
      [0.019680378887, 0, 0.019687034308, 0.91001692109, 0.050615665713],
      [0.0072822628593, 0.0023652511134, 0.8750531044, 0.084617759884, 0.03068162174],
      [0.0041296812835, 0.010079473394, 0.35282291738, 0.38398979198, 0.24897813597],
      [0.3267911547, 0.0032654870341, 0.51039332747, 0.13279853121, 0.026751499585],
      [0.008222063767, 0.069731701259, 0.074165958887, 0.56559765078, 0.28228262531]
    ],
    [
      [0.0015444120698, 0.051268823579, 0.71163843746, 0.13692135212, 0.098626974772],
      [0.006384123575, 0.41332974843, 0.024254923912, 0.35547575726, 0.20055544682],
      [0.034734689022, 0.00052196217251, 0.017742829511, 0.90139356553, 0.045606953764],
      [0.0026926663684, 0.013341670698, 0.86419371559, 0.090224342739, 0.029547604603],
      [0.0064701795957, 0.015355191649, 0.33960988091, 0.39945601721, 0.23910873064],
      [0.44917657084, 0.0045515513112, 0.40932881653, 0.11568525255, 0.021257808768],
      [0.012792756525, 0.093797629922, 0.068578489276, 0.56442935589, 0.26040176838]
    ],
    [
      [0.0014074306039, 0.053705238406, 0.77807105931, 0.12102119924, 0.045795072447],
      [0.006495893487, 0.49607534626, 0.030980560403, 0.3581713473, 0.10827685255],
      [0.035731232234, 0.0019961241393, 0.027275189261, 0.92461912999, 0.010378324378],
      [0.0026372527761, 0.014435884949, 0.89898108192, 0.08182168011, 0.0021241002486],
      [0.0067128827997, 0.018913618696, 0.43474981943, 0.40979037353, 0.12983330554],
      [0.41060236623, 0.0052381678213, 0.46878674634, 0.10743527822, 0.007937441388],
      [0.01415138224, 0.12205328848, 0.094325170414, 0.61695283384, 0.15251732503]
    ],
    [
      [0.00091456248147, 0.073837606339, 0.71169466492, 0.1268706194, 0.086682546867],
      [0.0033928184217, 0.52658313828, 0.021661296964, 0.29211471035, 0.15624803598],
      [0.022543352755, 0.00087066468413, 0.019824832524, 0.91390037475, 0.042860775291],
      [0.0015095301517, 0.019327132815, 0.86879826123, 0.084530940923, 0.025834134877],
      [0.0040650936124, 0.02337687478, 0.36003061282, 0.39080602724, 0.22172139155],
      [0.32886674125, 0.0081136872057, 0.50759072519, 0.13240144776, 0.023027398588],
      [0.0079949236339, 0.14047826271, 0.071614164446, 0.54245381162, 0.23745883759]
    ],
    [
      [0.0014058532869, 0.030895543462, 0.78595830502, 0.11419283493, 0.0675474633],
      [0.0083171729259, 0.34834264456, 0.037885646922, 0.41334763337, 0.19210690222],
      [0.035323276236, 0, 0.026570282191, 0.90308916407, 0.035017277506],
      [0.0082377413284, 0, 0.90094726321, 0.072641997667, 0.01817299779],
      [0.0075523391802, 0.0091242209432, 0.42453700213, 0.37455942359, 0.18422701416],
      [0.4235646321, 0.0023040658842, 0.46127529375, 0.098315067692, 0.014540940567],
      [0.015114613365, 0.071456782176, 0.096456381952, 0.59201394857, 0.22495827394]
    ],
    [
      [0.0016586294199, 0.066817915503, 0.68901054138, 0.13416623146, 0.10834668224],
      [0.0062492325908, 0.47162507269, 0.020822126096, 0.30709341392, 0.1942101547],
      [0.038132739528, 0.001036572906, 0.017609208046, 0.89298407591, 0.050237403613],
      [0.0026998128498, 0.01781290559, 0.85561783752, 0.090932461234, 0.032936982803],
      [0.0070466156088, 0.019834664534, 0.32623774673, 0.3871601144, 0.25972085873],
      [0.48276270943, 0.0057276394048, 0.38049944002, 0.10862916296, 0.022381048189],
      [0.01371549108, 0.11742464336, 0.064028992944, 0.53027418493, 0.27455668769]
    ],
    [
      [0.0012745150741, 0.046875388115, 0.71331091655, 0.12448675069, 0.11405242958],
      [0.005429665832, 0.38885113556, 0.025768779839, 0.33763542095, 0.24231499782],
      [0.030194577735, 0, 0.020363499522, 0.89369437726, 0.055747545483],
      [0.0040984090408, 0.010083378525, 0.86894077833, 0.08305495876, 0.033822475343],
      [0.005222721612, 0.013960647818, 0.34232535862, 0.36249299789, 0.27599827407],
      [0.39437467315, 0.0044987457877, 0.45728430755, 0.11669661017, 0.027145663342],
      [0.010653630177, 0.087541730915, 0.071070776127, 0.52325022921, 0.30748363357]
    ],
    [
      [0.0010514798143, 0.085757859298, 0.6857265038, 0.12258436781, 0.10487978928],
      [0.0035487811141, 0.54909443418, 0.019165263877, 0.25647187374, 0.17171964709],
      [0.026583238189, 0.00011203604949, 0.019930960247, 0.89999023198, 0.053383533534],
      [0.0018227002858, 0.02289471096, 0.85904446458, 0.084005508265, 0.032232615914],
      [0.0045650795075, 0.026381512829, 0.33986983409, 0.36784783977, 0.2613357338],
      [0.3623231094, 0.0091073342264, 0.47687715912, 0.1245154581, 0.027176939166],
      [0.008732694276, 0.15477002954, 0.066190158405, 0.49749218662, 0.27281493115]
    ],
    [
      [0.0015213284245, 0.048610598641, 0.72803306711, 0.12471518068, 0.097119825144],
      [0.0068584627092, 0.41160316809, 0.026728756315, 0.34466522633, 0.21014438656],
      [0.037334711372, 0, 0.020581651808, 0.89349844052, 0.048585196297],
      [0.0025011340979, 0.012225282321, 0.87460602665, 0.081960008071, 0.028707548865],
      [0.0066463712274, 0.014981714938, 0.36055899083, 0.37516479892, 0.24264812408],
      [0.45061874178, 0.0042668417993, 0.41909660144, 0.10511232044, 0.020905494543],
      [0.01377561538, 0.094313417944, 0.075215864518, 0.54475187078, 0.27194323137]
    ],
    [
      [0.0010699509546, 0.064369639329, 0.74868190129, 0.095798468592, 0.090080039839],
      [0.0044994788097, 0.52830113863, 0.026295253224, 0.25389829473, 0.18700583461],
      [0.033445462734, 0.0011640261392, 0.026563501087, 0.88114276414, 0.057684245903],
      [0.0021420687261, 0.016760027881, 0.89297303876, 0.061406201066, 0.026718663564],
      [0.0050748593473, 0.021948491583, 0.40792709131, 0.31714912571, 0.24790043204],
      [0.3595857829, 0.0068598581341, 0.51431461866, 0.096102215218, 0.023137525089],
      [0.010629233513, 0.14181600569, 0.087432682356, 0.47412854969, 0.28599352876]
    ],
    [
      [0.0011942744805, 0.037958911832, 0.79538120506, 0.097481650679, 0.067983957947],
      [0.0068683926784, 0.41717626778, 0.037690190935, 0.34810049115, 0.19016465746],
      [0.036974124964, 0, 0.028228757361, 0.89236673045, 0.042430387229],
      [0.0032487657738, 0.0076693237119, 0.90887781706, 0.061300459148, 0.018903634308],
      [0.0059330382593, 0.013329122929, 0.45089648213, 0.3355394177, 0.19430193899],
      [0.38171037127, 0.0036258790808, 0.50742510414, 0.091112150273, 0.016126495235],
      [0.013626646186, 0.094175479626, 0.10490858803, 0.54404869943, 0.24324058673]
    ],
    [
      [0.0019264121527, 0.085827707161, 0.60076921659, 0.16997483262, 0.14150183147],
      [0.0056151188333, 0.47388635656, 0.0142178097, 0.30657110076, 0.19970961415],
      [0.035054902157, 0.00087846486949, 0.010495579112, 0.90183605427, 0.051734999589],
      [0.0034628599996, 0.024611145415, 0.80142310917, 0.12432501667, 0.046177868748],
      [0.0069945244842, 0.02220907895, 0.24832012318, 0.42719687594, 0.29527939745],
      [0.5160443124, 0.0070018932885, 0.31748798979, 0.13158875169, 0.02787705283],
      [0.012475020993, 0.12036804982, 0.044608883799, 0.53641159339, 0.286136452]
    ],
    [
      [0.0011890088583, 0.042987413934, 0.75994871012, 0.11251162294, 0.083363244153],
      [0.0057801123736, 0.40916054189, 0.031624253249, 0.35034031768, 0.20309477481],
      [0.030886124302, 0, 0.024233224783, 0.89873882251, 0.046141828407],
      [0.0032783874832, 0.0089531449925, 0.89143554938, 0.072205571201, 0.024127346945],
      [0.0053317975174, 0.013953066354, 0.40064464113, 0.35917756764, 0.22089292736],
      [0.37167367019, 0.0041264125125, 0.49650809895, 0.10736965685, 0.020322161494],
      [0.011419662278, 0.093086668904, 0.087935888372, 0.54764095814, 0.25991682231]
    ],
    [
      [0.0010061890701, 0.045349224959, 0.74906070237, 0.11991653164, 0.084667351964],
      [0.0046296154146, 0.41347859613, 0.029325569963, 0.35588725588, 0.19667896262],
      [0.024957862919, 0, 0.021813556866, 0.90846305047, 0.044765529742],
      [0.0023741127724, 0.010639828023, 0.88505972272, 0.07720986309, 0.024716473392],
      [0.0043865024577, 0.014512984525, 0.38519911798, 0.37571704228, 0.22018435275],
      [0.33249228125, 0.0047662651416, 0.51914004219, 0.12165545449, 0.021945956935],
      [0.0091870420139, 0.094141055047, 0.082319134831, 0.56078087025, 0.25357189786]
    ],
    [
      [0.0013730250762, 0.059844944719, 0.75453946044, 0.11358481936, 0.070657750411],
      [0.0069571196683, 0.50419203134, 0.027529384054, 0.30981920451, 0.15150226043],
      [0.042652630439, 0.0012714073049, 0.024181267457, 0.89569960812, 0.036195086675],
      [0.0013787393841, 0.015616449647, 0.88959931212, 0.074516280435, 0.01888921841],
      [0.0072892823779, 0.020325275613, 0.40757858033, 0.37210482901, 0.19270203267],
      [0.46551643635, 0.0053343009927, 0.42182778159, 0.093148982016, 0.014172499043],
      [0.016055224067, 0.1287027091, 0.086441830949, 0.54886069296, 0.21993954293]
    ],
    [
      [0.001093976605, 0.035738319093, 0.79651581803, 0.096774759636, 0.069877126637],
