{
  "X": [
    [366, 234, 40],
    [510, 366, 82],
    [369, 255, 33],
    [146, 315, 21],
    [589, 734, 64],
    [791, 667, 84],
    [276, 214, 46],
    [372, 315, 52],
    [726, 565, 96],
    [250, 168, 37],
    [630, 681, 70],
    [253, 67, 30],
    [153, 239, 21],
    [287, 410, 43],
    [40, 131, 7],
    [447, 249, 48],
    [424, 310, 50],
    [354, 385, 46],
    [256, 165, 46],
    [643, 698, 97],
    [274, 422, 31],
    [79, 100, 19],
    [615, 903, 88],
    [613, 812, 104],
    [473, 491, 69],
    [453, 666, 95],
    [5, 6, 1],
    [73, 109, 9],
    [59, 81, 11],
    [15, 18, 1],
    [315, 301, 52],
    [250, 459, 59],
    [123, 190, 24],
    [410, 586, 60],
    [488, 740, 55],
    [476, 661, 72],
    [547, 750, 77],
    [506, 585, 72],
    [168, 189, 25],
    [465, 382, 83],
    [1975, 2038, 269],
    [109, 73, 18],
    [1014, 926, 224],
    [144, 229, 41]
  ],
  "W": [
    [29, 313, 223, 43, 32],
    [38, 408, 350, 76, 86],
    [17, 309, 248, 45, 38],
    [26, 108, 293, 15, 40],
    [46, 499, 688, 77, 77],
    [86, 666, 601, 85, 104],
    [25, 235, 183, 34, 59],
    [34, 320, 287, 64, 34],
    [38, 645, 505, 117, 82],
    [23, 216, 146, 37, 33],
    [52, 530, 625, 88, 86],
    [14, 227, 63, 27, 19],
    [37, 103, 211, 27, 35],
    [43, 214, 392, 32, 59],
    [9, 32, 118, 7, 12],
    [42, 352, 236, 53, 61],
    [60, 341, 281, 40, 62],
    [60, 247, 369, 47, 62],
    [43, 207, 154, 26, 37],
    [70, 550, 631, 66, 121],
    [48, 209, 394, 23, 53],
    [7, 69, 93, 10, 19],
    [61, 509, 820, 71, 145],
    [77, 488, 751, 84, 129],
    [65, 382, 439, 57, 90],
    [71, 388, 629, 34, 92],
    [0, 4, 6, 0, 2],
    [10, 62, 100, 4, 15],
    [9, 52, 72, 4, 14],
    [1, 11, 16, 1, 5],
    [27, 280, 252, 62, 47],
    [78, 175, 427, 30, 58],
    [29, 111, 160, 4, 33],
    [46, 311, 560, 60, 79],
    [65, 386, 684, 59, 89],
    [68, 370, 602, 54, 115],
    [108, 418, 675, 51, 122],
    [104, 382, 538, 50, 89],
    [33, 108, 183, 31, 27],
    [13, 431, 388, 60, 38],
    [234, 1629, 1886, 271, 262],
    [12, 94, 76, 6, 12],
    [185, 842, 859, 101, 177],
    [41, 108, 234, 8, 23]
  ],
  "method": "mult",
  "cond_prob": [
    [
      [0.47150639484, 0.27886615776, 0.24962744739],
      [0.91961728259, 0, 0.080382717414],
      [0.058756988227, 0.9326544756, 0.0085885361734],
      [0.86524847277, 0.065736396251, 0.069015130978],
      [0.44305038739, 0.47200838523, 0.084941227386]
    ],
    [
      [0.42777978475, 0.24678491805, 0.3254352972],
      [0.88325892823, 0, 0.11674107177],
      [0.092282047632, 0.89509967919, 0.012618273175],
      [0.84106879391, 0.062370816442, 0.09656038965],
      [0.43203233085, 0.44880352729, 0.11916414187]
    ],
    [
      [0.4914712831, 0.28424687931, 0.2242818376],
      [0.92958019461, 0, 0.070419805391],
      [0.067812016674, 0.92462032809, 0.0075676552369],
      [0.87486544925, 0.065001526658, 0.060133024089],
      [0.45311533425, 0.47202349963, 0.074861166116]
    ],
    [
      [0.44732034837, 0.30627734355, 0.24640230808],
      [0.89386463479, 0.024736224244, 0.08139914097],
      [0.029246442156, 0.96572259855, 0.0050309592896],
      [0.8544094562, 0.075045349471, 0.070545194326],
      [0.41117352477, 0.50707188077, 0.081754594463]
    ],
    [
      [0.45877043646, 0.30548516637, 0.23574439717],
      [0.89883174245, 0.024255240538, 0.076913017012],
      [0.030379587317, 0.96435533251, 0.0052650801763],
      [0.85968025225, 0.073611601818, 0.066708145929],
      [0.41925954471, 0.50259422355, 0.078146231736]
    ],
    [
      [0.47359512877, 0.29998385211, 0.22642101912],
      [0.90193468006, 0.027480259742, 0.070585060195],
      [0.051515932924, 0.94117010697, 0.0073139601062],
      [0.86676296566, 0.070609752256, 0.062627282089],
      [0.43217686766, 0.49283146634, 0.074991666001]
    ],
    [
      [0.41417187516, 0.26960055485, 0.31622756999],
      [0.86834376474, 0.020522672243, 0.11113356302],
      [0.049860136313, 0.9388747416, 0.011265122086],
      [0.8343797279, 0.06974073637, 0.095879535735],
      [0.40833224938, 0.47884568478, 0.11282206585]
    ],
    [
      [0.42689291, 0.28748476355, 0.28562232646],
      [0.86200653592, 0.041924387151, 0.096069076928],
      [0.048416185647, 0.94198647129, 0.0095973430681],
      [0.84218876268, 0.072875515289, 0.084935722034],
      [0.40729480804, 0.49398717393, 0.098718018023]
    ],
    [
      [0.4250095365, 0.28924087902, 0.28574958448],
      [0.85892456986, 0.044629541418, 0.096445888727],
      [0.048001006739, 0.94241900938, 0.0095799838843],
      [0.84097501903, 0.073600521729, 0.085424459241],
      [0.40498420033, 0.49621867811, 0.09879712156]
    ],
    [
      [0.42469539874, 0.27806632898, 0.29723827229],
      [0.8718394946, 0.026501848496, 0.10165865691],
      [0.049586485437, 0.94015263429, 0.010260880268],
      [0.84084838488, 0.070660709521, 0.088490905598],
      [0.41101993581, 0.48494982725, 0.10403023695]
    ],
    [
      [0.45709896813, 0.30378629757, 0.2391147343],
      [0.89761587517, 0.0241762623, 0.078207862529],
      [0.030214635521, 0.96449647463, 0.0052888898462],
      [0.85875694782, 0.073392494309, 0.06785055787],
      [0.41906606055, 0.50140531817, 0.079528621274]
    ],
    [
      [0.46971329795, 0.24258168377, 0.28770501829],
      [0.90673676113, 0, 0.093263238872],
      [0.13426697319, 0.85456864373, 0.011164383087],
      [0.86340865713, 0.057145670406, 0.079445672462],
      [0.46441663155, 0.43279467218, 0.10278869627]
    ],
    [
      [0.46019173449, 0.31199614154, 0.22781212396],
      [0.90147521454, 0.02469699848, 0.073827786981],
      [0.025057770381, 0.97194300575, 0.0029992238672],
      [0.86116796547, 0.074884777458, 0.063947257073],
      [0.41663526023, 0.50887110613, 0.074493633638]
    ],
    [
      [0.44996214868, 0.27736492899, 0.27267292233],
      [0.88842339799, 0.022169162439, 0.08940743957],
      [0.063419693124, 0.92614732549, 0.010432981384],
      [0.85437825037, 0.067656736404, 0.077965013227],
      [0.42929485966, 0.47651423955, 0.094190900784]
    ],
    [
      [0.3963785471, 0.3383615384, 0.2652599145],
      [0.82225739639, 0.083519947819, 0.094222655793],
      [0, 1, 0],
      [0.82857147718, 0.09011924469, 0.081309278135],
      [0.36002967095, 0.55427275928, 0.085697569768]
    ],
    [
      [0.49278557236, 0.26425111903, 0.2429633086],
      [0.92274609207, 0, 0.077253907932],
      [0.11310579386, 0.87811182275, 0.0087823833899],
      [0.87469258098, 0.060268512128, 0.06503890689],
      [0.46630667885, 0.45037428997, 0.083319031172]
    ],
    [
      [0.47970175129, 0.28147450543, 0.23882374328],
      [0.92443858485, 0, 0.075561415147],
      [0.062289824509, 0.92955309536, 0.0081570801315],
      [0.86918903862, 0.065538414973, 0.065272546403],
      [0.44698927832, 0.47234795612, 0.080662765565]
    ],
    [
      [0.48008578162, 0.27410147293, 0.24581274544],
      [0.90233994534, 0.020859859404, 0.076800195257],
      [0.090672494325, 0.89866942965, 0.010658076022],
      [0.86915681619, 0.063762351625, 0.067080832189],
      [0.45174783608, 0.46444639166, 0.083805772258]
    ],
    [
      [0.43487883889, 0.24541440356, 0.31970675755],
      [0.88598280146, 0, 0.11401719854],
      [0.10205779485, 0.88554904329, 0.012393161859],
      [0.84527554039, 0.061227174228, 0.093497285386],
      [0.43804609646, 0.44542490405, 0.11652899949]
    ],
    [
      [0.42886129868, 0.28467918548, 0.28645951583],
      [0.87859577005, 0.023636622495, 0.097767607458],
      [0.038784033085, 0.95245283345, 0.0087631334637],
      [0.84297529525, 0.071960124925, 0.085064579824],
      [0.41027224135, 0.49029097926, 0.099436779386]
    ],
    [
      [0.48143043902, 0.30615280959, 0.21241675139],
      [0.90991323241, 0.023422130147, 0.066664637446],
      [0.044903396784, 0.95035826528, 0.00473833794],
      [0.87098695926, 0.071149553881, 0.057863486856],
      [0.43386481053, 0.49682723926, 0.069307950208]
    ],
    [
      [0.35799176062, 0.2454266428, 0.39658159658],
      [0.82726897342, 0.02283026695, 0.14990075963],
      [0.045257878577, 0.93638805607, 0.018354065351],
      [0.79880759498, 0.070003201484, 0.13118920354],
      [0.37975999222, 0.46961072902, 0.15062927876]
    ],
    [
      [0.431189868, 0.2971790042, 0.27163112779],
      [0.88270967945, 0.024657679461, 0.092632641089],
      [0.025243919031, 0.96847472869, 0.0062813522815],
      [0.84473724894, 0.074873989841, 0.080388761217],
      [0.40497815815, 0.50245511101, 0.092566730848]
    ],
    [
      [0.41903429765, 0.27765786736, 0.30330783498],
      [0.87150858593, 0.023404581288, 0.10508683278],
      [0.043387449056, 0.94612525237, 0.010487298575],
      [0.83712847484, 0.071334349833, 0.09153717533],
      [0.40725118619, 0.48578882659, 0.10695998722]
    ],
    [
      [0.44135287862, 0.28655935603, 0.27208776535],
      [0.88580638456, 0.023299398477, 0.090894216965],
      [0.045261638352, 0.94636644732, 0.0083719143311],
      [0.84996739844, 0.07094309082, 0.079089510735],
      [0.41795581156, 0.48860716768, 0.093437020762]
    ],
    [
      [0.39591155188, 0.26531444137, 0.33877400674],
      [0.85500148644, 0.023214974827, 0.12178353873],
      [0.04549928109, 0.94060911986, 0.013891599052],
      [0.82282730918, 0.070892571349, 0.10628011948],
      [0.39733181261, 0.47936718058, 0.12330100681]
    ],
    [
      [0.32673829144, 0.16638700444, 0.50687470412],
      [0.85543935203, 0.015206305849, 0.12935434212],
      [0.11950796734, 0.85338573586, 0.027106296803],
      [0.8384677281, 0.048064457309, 0.11346781459],
      [0.43059739391, 0.40943018073, 0.15997242535]
    ],
    [
      [0.45687085242, 0.3054165727, 0.23771257488],
      [0.89939980695, 0.024186228437, 0.076413964609],
      [0.029561415875, 0.96590952441, 0.0045290597137],
      [0.86028679597, 0.073466363049, 0.066246840981],
      [0.41808097821, 0.50409801444, 0.077821007344]
    ],
    [
      [0.40270906304, 0.28347214479, 0.31381879216],
      [0.86578421344, 0.024468205139, 0.10974758142],
      [0.021404445133, 0.97081870249, 0.0077768523822],
      [0.83011649928, 0.074518873813, 0.095364626904],
      [0.3923752348, 0.49852728253, 0.10909748267]
    ],
    [
      [0.52344221761, 0.30589551051, 0.17066227188],
      [0.93438674328, 0.021115442673, 0.044497814049],
      [0.062532219858, 0.93409989002, 0.003367890122],
      [0.89676888648, 0.064637687202, 0.038593426315],
      [0.46020384043, 0.49031973851, 0.049476421064]
    ],
    [
      [0.39177962832, 0.29792380286, 0.31029656882],
      [0.80331411583, 0.089819201738, 0.10686668243],
      [0.043082069979, 0.9468134137, 0.010104516321],
      [0.8216853922, 0.080271929805, 0.098042677999],
      [0.37644301387, 0.51559236033, 0.10796462579]
    ],
    [
      [0.40832717708, 0.2738386824, 0.31783414052],
      [0.86470558821, 0.023473681372, 0.11182073042],
      [0.043560862419, 0.94438338464, 0.012055752937],
      [0.83096999722, 0.071586231248, 0.097443771536],
      [0.40167955314, 0.4850585578, 0.11326188906]
    ],
    [
      [0.40264724349, 0.30633917576, 0.29101358075],
      [0.86006012093, 0.036140565468, 0.1037993136],
      [0, 0.9974359408, 0.0025640591955],
      [0.82935444044, 0.080877950529, 0.089767609028],
      [0.37997390161, 0.52094844864, 0.099077649746]
    ],
    [
      [0.44060532639, 0.27983989031, 0.27955478329],
      [0.88396593308, 0.022742881671, 0.093291185249],
      [0.054592427962, 0.93541591676, 0.0099916552732],
      [0.8493708412, 0.069343745648, 0.08128541315],
      [0.42132581857, 0.481782161, 0.096892020432]
    ],
    [
      [0.46670056439, 0.31161050906, 0.22168892655],
      [0.90405362517, 0.024458717072, 0.071487657762],
      [0.029598720459, 0.96618546739, 0.0042158121491],
      [0.86389081054, 0.074162722479, 0.061946466985],
      [0.42117619534, 0.50626732358, 0.072556481077]
    ],
    [
      [0.43932993802, 0.28889625499, 0.271773807],
      [0.88525133049, 0.023586282361, 0.091162387152],
      [0.041505684092, 0.95052963451, 0.0079646813937],
      [0.84894839029, 0.071773645181, 0.079277964527],
      [0.41524293074, 0.49159576843, 0.093161300823]
    ],
    [
      [0.45779775375, 0.29835984173, 0.24384240452],
      [0.89675758632, 0.023683750414, 0.079558663267],
      [0.040528114091, 0.95366108204, 0.0058108038698],
      [0.85891752754, 0.071979757328, 0.069102715132],
      [0.42255656228, 0.49577976573, 0.081663671988]
    ],
    [
      [0.46427087407, 0.28632366681, 0.24940545913],
      [0.8973148884, 0.022421334851, 0.080263776745],
      [0.061793436978, 0.93006107751, 0.0081454855081],
      [0.8617689851, 0.068328361955, 0.069902652941],
      [0.43380026267, 0.48166416785, 0.08453556948]
    ],
    [
      [0.46762459439, 0.26602782269, 0.26634758292],
      [0.89510952727, 0.020574055207, 0.084316417524],
      [0.093063781505, 0.89420650628, 0.012729712212],
      [0.86328590246, 0.062983486129, 0.073730611412],
      [0.44829720179, 0.45951130256, 0.092191495652]
    ],
    [
      [0.38775949055, 0.24154611639, 0.37069439306],
      [0.86061401606, 0, 0.13938598394],
      [0.063476531139, 0.92181876466, 0.014704704201],
      [0.81682247975, 0.065403742823, 0.11777377743],
      [0.40516428511, 0.45447355867, 0.14036215622]
    ],
    [
      [0.44397921565, 0.28795338682, 0.26806739753],
      [0.88725715166, 0.023338418841, 0.089404429496],
      [0.045240606648, 0.94655515117, 0.0082042421846],
      [0.85118001175, 0.07103770348, 0.077782284766],
      [0.41898242807, 0.48910836049, 0.09190921144]
    ],
    [
      [0.43899998648, 0.23209857703, 0.32890143648],
      [0.88266080389, 0, 0.11733919611],
      [0.13519954789, 0.85159077997, 0.013209672141],
      [0.84810314701, 0.057337990016, 0.094558862977],
      [0.44984167287, 0.42915748818, 0.12100083895]
    ],
    [
      [0.39974690332, 0.24833117736, 0.35192191932],
      [0.85323619697, 0.021489558565, 0.12527424447],
      [0.076554415517, 0.90119082355, 0.022254760935],
      [0.82436003923, 0.065877755044, 0.10976220572],
      [0.41017705167, 0.45868900107, 0.13113394726]
    ],
    [
      [0.39121615717, 0.23023643222, 0.37854741061],
      [0.84475693854, 0.020085306338, 0.13515775512],
      [0.088148366773, 0.88366159561, 0.028190037615],
      [0.81930985582, 0.061832117462, 0.11885802672],
      [0.41500832703, 0.43998360355, 0.14500806941]
    ]
  ],
  "expected_outcome": [
    [
      [13.6736854504, 16.2556318203, 8.3550118127, 11.6303290577, 21.103440077, 40.729181074, 10.354296879, 14.5143589398, 16.150362387, 9.767994171, 23.7691463429, 6.5759861712, 17.0270941763, 19.3483723934, 3.5674069239, 20.6969940393, 28.7821050773, 28.8051468975, 18.6997900724, 30.0202909078, 23.1086610728, 2.5059423244, 26.3025819482, 32.2656409194, 28.6879371106, 28.1097201838, 0, 4.5687085242, 3.6243815674, 0.52344221761, 10.5780499646, 31.8495198121, 11.6767700613, 20.2678450141, 30.3355366854, 29.8744357853, 49.4421574049, 48.2841709031, 15.4316116149, 5.0408733771, 103.8911364611, 5.2679998378, 73.9531771138, 16.039862444],
      [8.0871185752, 9.3778268861, 4.8321969482, 7.9632109323, 14.0523176532, 25.7986112817, 6.7400138714, 9.7744819607, 10.9911534026, 6.3955255664, 15.7968874734, 3.3961435728, 11.5438572371, 11.9266919466, 3.0452538456, 11.0985469993, 16.8884703259, 16.4460883759, 10.5528193532, 19.9275429839, 14.6953348604, 1.7179864996, 18.1279192563, 21.3796557869, 18.6263581417, 18.8373253376, 0, 3.054165727, 2.5512493031, 0.30589551051, 8.0439426772, 21.3594172272, 8.8838360971, 12.8726349544, 20.2546830888, 19.644945339, 32.2228629073, 29.7776613478, 8.7789181488, 3.1400995131, 67.381092516, 2.7851829244, 45.9412678123, 9.4396937209],
      [7.2391959744, 12.3665412936, 3.8127912391, 6.4064600101, 10.8442422698, 19.4722076444, 7.9056892497, 9.7111590995, 10.8584842104, 6.8364802626, 12.4339661837, 4.027870256, 8.4290485867, 11.7249356601, 2.3873392305, 10.2044589613, 14.3294245969, 14.7487647267, 13.7473905745, 20.0521661084, 10.1960040667, 2.776071176, 16.5694987955, 23.3547032937, 17.6857047477, 24.0529544786, 0, 2.3771257488, 2.8243691295, 0.17066227188, 8.3780073582, 24.7910629607, 8.4393938416, 12.8595200315, 14.4097802258, 18.4806188757, 26.3349796879, 25.9381677492, 8.7894702363, 4.8190271098, 62.7277710229, 3.9468172378, 65.1055550739, 15.5204438351]
    ],
    [
      [287.8402094495, 360.3696427188, 287.2402801343, 96.537380557, 448.5170394826, 600.6884969218, 204.0607847142, 275.8420914948, 554.0063475566, 188.3173308329, 475.7364138405, 205.829244776, 92.8519470975, 190.1226071701, 26.3122366844, 324.806624408, 315.233557435, 222.8779664988, 183.3984399021, 483.2276735258, 190.1718655731, 57.081559166, 449.29922684, 425.2961899343, 338.3780389011, 331.7405767383, 3.4217574081, 55.7627880312, 45.0207790987, 10.2782541761, 224.9279524325, 151.3234779363, 95.4666734237, 274.9134051879, 348.9646993141, 327.5429922803, 374.8446710812, 342.7742873704, 96.6718289451, 370.9246409216, 1445.3419000602, 82.9701155658, 718.4248778487, 91.2337493628],
      [0, 0, 0, 2.6715122183, 12.1033650286, 18.301852988, 4.8228279772, 13.4158038883, 28.7860542146, 5.7243992752, 12.8134190192, 0, 2.5437908434, 4.744200762, 2.6726383302, 0, 0, 5.1523852727, 0, 13.0001423723, 4.8952252007, 1.5752884196, 12.5507588456, 11.4214356685, 8.9003702184, 9.0074102329, 0.060825223395, 1.4995461631, 1.2723466672, 0.23226986941, 25.1493764866, 4.1078942401, 4.011602767, 7.0730361997, 9.4410647897, 8.7269244734, 9.899807673, 8.564949913, 2.2219979623, 0, 38.0182842916, 0, 18.0942083114, 2.1692130845],
      [25.1597905505, 47.6303572812, 21.7597198657, 8.7911072247, 38.3795954888, 47.0096500902, 26.1163873086, 30.742104617, 62.2075982289, 21.9582698919, 41.4501671403, 21.170755224, 7.604262059, 19.1331920679, 3.0151249854, 27.193375592, 25.766442565, 18.9696482285, 23.6015600979, 53.7721841019, 13.9329092262, 10.3431524144, 47.1500143144, 51.2823743972, 34.7215908805, 47.2520130287, 0.51741736847, 4.7376658058, 5.7068742341, 0.48947595454, 29.9226710809, 19.5686278236, 11.5217238094, 29.0135586124, 27.5942358962, 33.7300832462, 33.2555212458, 30.6607627167, 9.1061730926, 60.0753590784, 145.6398156482, 11.0298844342, 105.4809138399, 14.5970375527]
    ],
    [
      [13.1028083746, 32.2987166711, 16.8173801351, 8.5692075516, 20.901156074, 30.9610756872, 9.1244049453, 13.8954452806, 24.240508403, 7.2396268738, 18.8841472008, 8.4588193107, 5.2871895505, 24.8605197047, 0, 26.6929673504, 17.5034406872, 33.4581504059, 15.7169004065, 24.4727248765, 17.6919383329, 4.2089827077, 20.7000136058, 32.5839742413, 19.8698592367, 28.6190478057, 0.71704780405, 2.9561415875, 1.5411200495, 1.0005155177, 10.8566816346, 18.600488253, 0, 30.5717596589, 20.2455247937, 24.9864218231, 27.3564770112, 33.2448690942, 17.0306720154, 24.628894082, 85.3237841385, 10.2751656399, 65.7602429294, 20.6267178249],
      [207.9819480587, 313.2848877175, 229.3058413661, 282.9567213765, 663.4764687647, 565.6432342889, 171.8140777129, 270.3501172588, 475.9215997354, 137.262284607, 602.8102966453, 53.8378245548, 205.0799742135, 363.0497515928, 118, 207.2343901695, 261.2044197959, 331.6090195421, 136.3745526671, 600.9977379079, 374.4411565188, 87.0840892147, 794.1492775234, 710.5400645288, 415.454870372, 591.6431363904, 5.1203144151, 96.5909524411, 69.8989465789, 14.9455982403, 238.5969802526, 403.2517052429, 159.5897505287, 523.8329133882, 660.8708596963, 572.2188399779, 643.7212303767, 500.3728597024, 163.6397906498, 357.665680688, 1785.2030151014, 64.7208992774, 774.1229174274, 206.7768133732],
      [1.9152435667, 4.4163956113, 1.8767784987, 1.4740710718, 3.6223751613, 4.3956900238, 2.0615173418, 2.7544374606, 4.8378918616, 1.4980885192, 3.3055561539, 0.70335613446, 0.63283623598, 4.0897287025, 0, 2.07264248, 2.292139517, 3.932830052, 1.9085469263, 5.5295372156, 1.8669051484, 1.7069280777, 5.1507088708, 7.87596123, 3.6752703914, 8.7378158039, 0.16263778082, 0.45290597137, 0.55993337152, 0.053886241952, 2.5463381128, 5.1478065041, 0.41024947128, 5.595326953, 2.88361551, 4.794738199, 3.9222926121, 4.3822712034, 2.3295373348, 5.70542523, 15.4732007601, 1.0039350827, 19.1168396433, 6.5964688019]
    ],
    [
      [37.2056843291, 63.921228337, 39.3689452164, 12.8161418431, 66.1953794235, 73.6748520807, 28.3689107484, 53.9000808113, 98.3940772264, 31.1113902406, 75.5706114082, 23.3120337426, 23.2515350677, 27.3401040118, 5.8000003402, 46.3587067921, 34.767561545, 40.8503703607, 21.97716405, 55.6363694865, 20.032700063, 7.9880759498, 59.9763446749, 70.3187918863, 48.4481417114, 27.976128512, 0, 3.4411471839, 3.3204659971, 0.89676888648, 50.9444943162, 24.9290999165, 3.3174177618, 50.9622504722, 50.9695578216, 45.8432130758, 43.8047939046, 43.0884492552, 26.7618629762, 49.0093487851, 230.6697831854, 5.088618882, 83.2603639627, 6.5544788465],
      [2.8266650388, 4.7401820496, 2.9250686996, 1.1256802421, 5.66809334, 6.0018289417, 2.3711850366, 4.6640329785, 8.6112610423, 2.6144462523, 6.4585394992, 1.542933101, 2.0218889914, 2.1650155649, 0.63083471283, 3.1942311428, 2.6215365989, 2.9968305264, 1.5919065299, 4.7493682451, 1.6364397393, 0.70003201484, 5.3160532787, 5.992085386, 4.0437561767, 2.4103474259, 0, 0.29386545219, 0.29807549525, 0.064637687202, 4.9768596479, 2.1475869374, 0.32351180211, 4.1606247389, 4.3756006263, 3.8757768397, 3.6709676237, 3.4164180977, 1.95248807, 3.9242245694, 19.2512176431, 0.3440279401, 6.6536532595, 0.49465693969],
      [2.9676506321, 7.3385896134, 2.705986084, 1.0581779149, 5.1365272365, 5.3233189775, 3.259904215, 5.4358862102, 9.9946617312, 3.2741635071, 5.9708490926, 2.1450331565, 1.726575941, 2.4948804233, 0.56916494694, 3.4470620652, 2.6109018561, 3.1527991129, 2.43092942, 5.6142622684, 1.3308601977, 1.3118920354, 5.7076020464, 7.6891227277, 4.5081021119, 3.6135240622, 0, 0.26498736392, 0.38145850762, 0.038593426315, 6.0786460359, 2.9233131461, 0.35907043611, 4.877124789, 3.6548415521, 4.2810100845, 3.5242384717, 3.4951326471, 2.2856489538, 7.0664266456, 21.0789991715, 0.56735317786, 11.0859827778, 0.95086421377]
    ],
    [
      [14.1776123964, 37.1547804528, 17.2183827015, 16.4469409907, 32.2829849429, 44.9463942362, 24.0916027131, 13.8480234735, 33.208704427, 13.5636578817, 36.0396812077, 8.8239159995, 14.5822341081, 25.32839672, 4.3203560514, 28.4447074101, 27.7133352556, 28.008365837, 16.207705569, 49.6429412034, 22.9948349581, 7.2154398521, 58.7218329311, 52.5354030187, 37.6160230403, 36.5545267602, 0.86119478782, 6.2712146732, 5.4932532872, 2.3010192021, 17.6928216521, 23.2974140821, 12.5391387533, 33.284739667, 37.4846813852, 47.7529370354, 51.5519005981, 38.6082233772, 12.1040244483, 15.3962428342, 109.7733961548, 5.3981000744, 72.6013381455, 9.5451915218],
      [15.1042683273, 38.5971033468, 17.9368929861, 20.2828752308, 38.6997552135, 51.2544724997, 28.251895402, 16.7955639137, 40.6899316051, 16.0033442991, 43.1208573628, 8.2230987715, 17.8104887146, 28.1143401337, 6.6512731114, 27.4728316883, 29.2855732793, 28.795676283, 16.4807214497, 59.3252084909, 26.3318436808, 8.9226038513, 72.855991096, 62.6667586299, 43.9746450912, 44.1017806132, 0.81886036147, 7.5614702167, 6.9793819554, 2.4515986926, 24.2328409357, 28.1333963523, 17.1912988051, 38.0607907188, 45.057791799, 56.5335133699, 60.4851314193, 42.868110939, 12.4068051691, 17.2699952295, 128.1463904479, 5.1498898581, 81.1879531894, 10.1196228818],
      [2.7181192764, 10.2481162004, 2.8447243124, 3.2701837785, 6.0172598437, 7.7991332641, 6.6565018849, 3.3564126128, 8.1013639679, 3.4329978192, 6.8394614296, 1.952985229, 2.6072771773, 5.5572631462, 1.0283708372, 5.0824609015, 5.001091465, 5.19595788, 4.3115729813, 12.0318503057, 3.673321361, 2.8619562965, 13.4221759729, 13.7978383514, 8.4093318686, 11.3436926266, 0.31994485071, 1.1673151102, 1.5273647573, 0.24738210532, 5.0743374122, 6.5691895656, 3.2695624416, 7.6544696141, 6.4575268158, 10.7135495947, 9.9629679825, 7.5236656838, 2.4891703826, 5.3337619363, 24.0802133973, 1.4520100674, 23.2107086651, 3.3351855965]
    ]
  ],
  "prob": [
    [0.43923459741, 0.28230551269, 0.2784598899],
    [0.88341490205, 0.023035794786, 0.093549303159],
    [0.050764796074, 0.9396591903, 0.0095760136312],
    [0.84834398085, 0.070184014106, 0.081472005041],
    [0.41890346188, 0.48454997329, 0.096546564833]
  ],
  "iterations": 254,
  "time": 0.000428,
  "message": "Converged",
  "status": 0,
  "miniter": 0,
  "maxiter": 1000,
  "maxtime": 3600,
  "param_threshold": 0.001,
  "ll_threshold": "-Inf",
  "initial_prob": "random",
  "adjust_prob_cond_method": "lp",
  "adjust_prob_cond_every": false,
  "candidates_id": ["HUGHES, Darren Colyn.c", "GUY, Allen Nathan.c", "Other candidates votes.c"],
  "group_id": ["Green Party.p", "Labour Party.p", "National Party.p", "New Zealand First Party.p", "Other parties votes.p"]
}
