{
  "X": [
    [4, 12, 80, 6],
    [4, 5, 70, 4],
    [2, 22, 73, 16],
    [6, 13, 90, 8],
    [5, 5, 38, 2],
    [9, 21, 71, 4],
    [3, 6, 5, 0],
    [1, 4, 19, 4],
    [2, 5, 15, 1],
    [2, 13, 86, 4],
    [1, 1, 28, 0],
    [3, 0, 7, 0],
    [8, 3, 42, 2],
    [3, 6, 64, 4],
    [52, 161, 479, 38],
    [57, 308, 698, 64],
    [10, 23, 181, 4],
    [16, 27, 175, 4],
    [5, 4, 26, 0],
    [25, 61, 135, 17],
    [81, 234, 639, 62],
    [4, 9, 55, 3],
    [7, 18, 171, 15],
    [9, 13, 155, 8],
    [22, 36, 167, 8],
    [11, 20, 101, 6],
    [1, 5, 74, 8],
    [6, 2, 39, 7],
    [4, 14, 145, 3],
    [0, 4, 38, 0],
    [1, 1, 7, 0],
    [4, 10, 84, 5],
    [3, 4, 46, 4],
    [2, 5, 60, 2],
    [12, 44, 235, 13],
    [7, 13, 106, 3],
    [5, 21, 140, 11],
    [5, 8, 13, 1],
    [3, 20, 122, 2],
    [37, 53, 393, 12],
    [1, 2, 20, 0],
    [14, 9, 98, 5],
    [6, 25, 223, 10],
    [57, 92, 445, 33],
    [14, 25, 48, 8],
    [0, 11, 60, 4],
    [8, 14, 43, 4],
    [4, 5, 45, 2],
    [4, 6, 100, 0],
    [32, 100, 287, 14],
    [53, 159, 680, 62],
    [7, 15, 96, 5],
    [10, 24, 205, 6],
    [19, 37, 298, 19],
    [0, 1, 17, 0],
    [97, 104, 664, 39],
    [9, 19, 184, 4],
    [7, 15, 129, 3],
    [6, 18, 144, 7],
    [2, 9, 74, 2],
    [353, 295, 420, 45],
    [2, 6, 60, 3],
    [4, 8, 82, 6],
    [49, 65, 267, 15],
    [30, 170, 263, 21],
    [15, 125, 235, 19],
    [42, 315, 610, 62],
    [51, 239, 523, 33],
    [0, 3, 8, 0],
    [2, 2, 25, 1],
    [5, 10, 41, 1],
    [51, 205, 504, 33],
    [107, 303, 847, 46],
    [67, 186, 579, 48],
    [35, 130, 303, 19],
    [71, 233, 738, 56],
    [11, 26, 67, 4],
    [14, 32, 233, 10],
    [14, 40, 82, 8],
    [40, 132, 378, 28],
    [25, 65, 152, 13],
    [45, 128, 384, 22],
    [16, 17, 141, 8],
    [65, 91, 320, 24],
    [8, 22, 249, 10],
    [6, 10, 43, 1],
    [8, 18, 39, 4],
    [18, 35, 225, 12],
    [1, 4, 44, 5],
    [5, 17, 237, 6],
    [8, 14, 36, 6],
    [44, 68, 369, 19],
    [6, 13, 50, 1],
    [3, 18, 13, 2],
    [8, 20, 42, 9],
    [29, 29, 58, 2],
    [23, 15, 77, 6],
    [3, 15, 43, 3],
    [6, 8, 70, 2],
    [6, 10, 89, 3],
    [8, 9, 93, 5],
    [23, 48, 197, 13],
    [7, 86, 177, 11],
    [187, 529, 1902, 117],
    [50, 104, 251, 21],
    [272, 356, 1066, 91],
    [40, 18, 170, 4]
  ],
  "W": [
    [12, 2, 9, 71, 4, 4],
    [8, 3, 5, 63, 0, 4],
    [11, 2, 23, 72, 1, 4],
    [10, 4, 14, 81, 2, 6],
    [7, 2, 6, 32, 1, 2],
    [5, 5, 22, 58, 11, 4],
    [0, 2, 5, 4, 3, 0],
    [2, 1, 4, 18, 0, 3],
    [2, 0, 8, 10, 2, 1],
    [6, 1, 15, 80, 1, 2],
    [3, 0, 0, 26, 1, 0],
    [0, 1, 1, 6, 0, 2],
    [4, 6, 5, 37, 2, 1],
    [8, 0, 7, 57, 3, 2],
    [27, 26, 178, 420, 32, 47],
    [41, 40, 312, 606, 58, 70],
    [8, 12, 21, 164, 6, 7],
    [11, 11, 26, 168, 1, 5],
    [0, 3, 9, 21, 0, 2],
    [12, 16, 65, 117, 15, 13],
    [52, 34, 241, 552, 75, 62],
    [6, 2, 10, 42, 5, 6],
    [15, 3, 23, 159, 5, 6],
    [9, 4, 15, 144, 5, 8],
    [13, 14, 37, 147, 9, 13],
    [11, 12, 20, 95, 0, 0],
    [11, 1, 8, 61, 0, 7],
    [9, 5, 0, 38, 0, 2],
    [13, 0, 15, 127, 3, 8],
    [4, 0, 0, 34, 4, 0],
    [0, 3, 0, 6, 0, 0],
    [6, 3, 9, 75, 4, 6],
    [9, 4, 3, 37, 4, 0],
    [5, 2, 5, 52, 3, 2],
    [10, 7, 51, 201, 18, 17],
    [9, 5, 16, 93, 4, 2],
    [11, 4, 19, 125, 13, 5],
    [1, 3, 11, 11, 0, 1],
    [12, 6, 18, 102, 4, 5],
    [30, 34, 57, 353, 12, 9],
    [0, 0, 3, 19, 1, 0],
    [7, 5, 12, 90, 7, 5],
    [11, 7, 32, 199, 7, 8],
    [28, 34, 97, 409, 22, 37],
    [2, 8, 26, 44, 9, 6],
    [5, 0, 9, 56, 2, 3],
    [7, 8, 15, 33, 3, 3],
    [4, 2, 8, 40, 0, 2],
    [9, 4, 7, 84, 4, 2],
    [16, 20, 105, 254, 21, 17],
    [57, 20, 187, 594, 36, 60],
    [8, 4, 17, 81, 6, 7],
    [18, 11, 25, 175, 10, 6],
    [30, 10, 38, 266, 13, 16],
    [0, 1, 0, 14, 0, 3],
    [67, 59, 132, 580, 31, 35],
    [13, 4, 24, 163, 7, 5],
    [8, 5, 16, 115, 3, 7],
    [20, 6, 12, 126, 7, 4],
    [11, 2, 7, 65, 0, 2],
    [21, 218, 364, 375, 44, 91],
    [8, 1, 5, 51, 3, 3],
    [17, 3, 10, 58, 4, 8],
    [22, 20, 76, 237, 18, 23],
    [10, 27, 171, 218, 26, 32],
    [16, 9, 145, 200, 10, 14],
    [34, 33, 321, 514, 79, 48],
    [24, 39, 248, 443, 51, 41],
    [0, 0, 2, 7, 1, 1],
    [3, 0, 4, 21, 1, 1],
    [2, 1, 11, 39, 1, 3],
    [20, 27, 217, 437, 40, 52],
    [61, 46, 332, 723, 66, 75],
    [51, 36, 210, 483, 65, 35],
    [21, 18, 126, 247, 39, 36],
    [60, 33, 247, 651, 54, 53],
    [4, 5, 23, 62, 5, 9],
    [21, 7, 35, 199, 6, 21],
    [4, 3, 51, 73, 6, 7],
    [23, 20, 139, 338, 27, 31],
    [12, 11, 74, 130, 14, 14],
    [35, 18, 139, 332, 27, 28],
    [8, 12, 25, 120, 10, 7],
    [26, 51, 92, 277, 20, 34],
    [9, 6, 26, 229, 4, 15],
    [2, 6, 12, 35, 2, 3],
    [3, 9, 17, 36, 2, 2],
    [9, 14, 43, 204, 6, 14],
    [6, 1, 6, 38, 1, 2],
    [15, 5, 20, 211, 3, 11],
    [5, 2, 16, 30, 3, 8],
    [29, 23, 72, 321, 24, 31],
    [5, 3, 16, 39, 3, 4],
    [3, 4, 13, 13, 3, 0],
    [8, 2, 23, 36, 6, 4],
    [9, 22, 28, 48, 2, 9],
    [5, 5, 29, 70, 2, 10],
    [3, 4, 14, 35, 5, 3],
    [9, 2, 10, 58, 4, 3],
    [7, 4, 13, 81, 1, 2],
    [15, 5, 12, 76, 5, 2],
    [16, 10, 52, 186, 7, 10],
    [5, 5, 84, 157, 15, 15],
    [121, 129, 551, 1685, 137, 112],
    [18, 29, 104, 229, 19, 27],
    [80, 132, 424, 949, 68, 132],
    [11, 30, 25, 157, 4, 5]
  ],
  "method": "mult",
  "cond_prob": [
    [
      [5.1258708319e-09, 7.6716864745e-05, 0.75109708001, 0.248826198],
      [0.81399936067, 0.033424625431, 0.14852812597, 0.004047887933],
      [0.041880271257, 0.76655540979, 0.15807977038, 0.03348454857],
      [0.023025948278, 0.033999523717, 0.93415161716, 0.0088229108482],
      [2.5045205916e-05, 0.50716936109, 0.31702154127, 0.17578405244],
      [0.090034066828, 0.14764695759, 0.41855246782, 0.34376650776]
    ],
    [
      [4.7199245691e-09, 5.8249178278e-05, 0.75585149765, 0.24409024845],
      [0.80619397748, 0.027605066501, 0.16198052086, 0.0042204351647],
      [0.045239135998, 0.73042601237, 0.1864701724, 0.037864679226],
      [0.016018622101, 0.012551064555, 0.96469991286, 0.0067304004848],
      [2.5850357382e-05, 0.45041984147, 0.35725238051, 0.19230192766],
      [0.086512289369, 0.11846791956, 0.43970027102, 0.35531952005]
    ],
    [
      [1.5959086784e-09, 5.6338863712e-05, 0.49066067443, 0.50928298511],
      [0.65524300575, 0.065107849502, 0.25769389018, 0.021955254574],
      [0.017840375329, 0.74682651049, 0.14156363662, 0.093769477561],
      [0.002483576535, 0.054351934951, 0.86981372125, 0.073350767264],
      [8.3720624987e-06, 0.39152125912, 0.22237605603, 0.38609431279],
      [0.02508986395, 0.096823564143, 0.24560429318, 0.63248227873]
    ],
    [
      [4.7703235335e-09, 5.8751436119e-05, 0.698530709, 0.3014105348],
      [0.8090186141, 0.028955240882, 0.15647328058, 0.0055528644367],
      [0.048303530911, 0.71814908624, 0.18305732461, 0.050490058238],
      [0.019624055572, 0.015962653804, 0.94854230846, 0.01587098216],
      [2.612543911e-05, 0.43061650112, 0.33065317884, 0.2387041946],
      [0.083012551825, 0.11254939239, 0.38879398332, 0.41564407246]
    ],
    [
      [1.0559850935e-08, 6.1823023059e-05, 0.82683583648, 0.17310232994],
      [0.90714513927, 0.013150220834, 0.078340122888, 0.0013645170065],
      [0.092570219684, 0.70006316744, 0.18253649198, 0.024830120893],
      [0.070627154066, 0.0019066114055, 0.92746623453, 0],
      [5.7667145795e-05, 0.47498784196, 0.38477676505, 0.14017772584],
      [0.18508086609, 0.11844419279, 0.4482768385, 0.24819810262]
    ],
    [
      [7.9062793829e-09, 6.440055658e-05, 0.82616791411, 0.17376767742],
      [0.85888222945, 0.020384262391, 0.11867697633, 0.0020565318366],
      [0.07308413799, 0.69242747841, 0.20792125314, 0.026567130459],
      [0.043515067261, 0, 0.95625317207, 0.00023176066834],
      [4.3587680888e-05, 0.46836407389, 0.39307893462, 0.13851340381],
      [0.14334610296, 0.12808683685, 0.47873892945, 0.24982813074]
    ],
    [
      [1.3434459061e-08, 0.00010840558099, 0.99989158098, 0],
      [0.92937991918, 0.014883708684, 0.055736372135, 0],
      [0.18575524313, 0.77908180474, 0.035162952128, 0],
      [0.053073028681, 0.025496499573, 0.92143047175, 0],
      [5.7277085838e-05, 0.65761252021, 0.3423302027, 0],
      [0.24936548282, 0.21544794342, 0.53518657376, 0]
    ],
    [
      [2.4298599431e-09, 5.4604984796e-05, 0.54191209125, 0.45803330134],
      [0.79837859863, 0.035635122008, 0.15596928953, 0.010016989824],
      [0.020537300997, 0.77035474264, 0.13617531665, 0.072932639714],
      [0, 0.032907868844, 0.91172058615, 0.055371545003],
      [1.268672722e-05, 0.42258516951, 0.24055265677, 0.33684948699],
      [0.039824064173, 0.09683168609, 0.26817823688, 0.59516601286]
    ],
    [
      [1.2895679738e-08, 4.4903832428e-05, 0.83371693681, 0.16623814647],
      [0.98229142207, 0.0019254851249, 0.015548372194, 0.00023472061091],
      [0.14521416304, 0.51454337153, 0.3234775633, 0.016764902131],
      [0.059459567182, 0, 0.94054043282, 0],
      [8.2897537095e-05, 0.3998198032, 0.45041072088, 0.14968657839],
      [0.243525203, 0.083923613715, 0.43851985004, 0.23403133324]
    ],
    [
      [2.570169917e-09, 6.1413546458e-05, 0.73013437229, 0.26980421159],
      [0.70219621861, 0.045399498834, 0.24517111621, 0.0072331663447],
      [0.025805859998, 0.74202183621, 0.18872331335, 0.04344899044],
      [0.010190371104, 0.01410127706, 0.96676730395, 0.0089410478892],
      [1.3961503241e-05, 0.44694165158, 0.34267644228, 0.21036794463],
      [0.04773610809, 0.12443033016, 0.42955609589, 0.39827746586]
    ],
    [
      [8.8791648841e-09, 8.0196517197e-05, 0.9999197946, 0],
      [0.97395335583, 0.0040437967358, 0.022002847433, 0],
      [0.028623649643, 0.89407812323, 0.077298227124, 0],
      [0.03846029791, 0.011920662287, 0.9496190398, 0],
      [3.2227707977e-05, 0.68982219098, 0.31014558131, 0],
      [0.19378607586, 0.19379586699, 0.61241805715, 0]
    ],
    [
      [1.7307621997e-08, 0, 0.99999998269, 0],
      [0.97057260202, 0, 0.029427397983, 0],
      [0.43179134491, 0, 0.56820865509, 0],
      [0.13913817043, 0, 0.86086182957, 0],
      [0.0002132957019, 0, 0.9997867043, 0],
      [0.38140351525, 0, 0.61859648475, 0]
    ],
    [
      [7.8056722266e-09, 3.446945792e-05, 0.76556984865, 0.23439567409],
      [0.87610647757, 0, 0.12129804815, 0.0025954742779],
      [0.10247703512, 0.45433141742, 0.39560662571, 0.047584921752],
      [0.056463607186, 0, 0.9432339872, 0.00030240561074],
      [5.2860005481e-05, 0.3292584475, 0.44547934558, 0.22520934692],
      [0.14171674184, 0.069688140082, 0.44128297031, 0.34731214777]
    ],
    [
      [7.0997298944e-09, 0, 0.75047248134, 0.24952751156],
      [0.88645077652, 0.013966730077, 0.096982284349, 0.0026002090562],
      [0.078255807235, 0.65822653152, 0.21957330545, 0.043944355798],
      [0.038490602718, 0, 0.9553685815, 0.0061408157872],
      [4.2314778771e-05, 0.40034344065, 0.3857640776, 0.21385016696],
      [0.12905899666, 0.095691978711, 0.42295281653, 0.3522962081]
    ],
    [
      [6.6923124728e-09, 6.9101585233e-05, 0.76151714456, 0.23841374716],
      [0.83087490154, 0.027362145545, 0.1381028016, 0.003660151317],
      [0.060465037361, 0.72229379182, 0.18027037092, 0.036970799905],
      [0.033830411129, 0.024941060882, 0.93234188101, 0.0088866469765],
      [3.5151340276e-05, 0.47031071987, 0.34705431478, 0.18259981402],
      [0.1154165577, 0.13177095582, 0.42704064115, 0.32577184533]
    ],
    [
      [4.7189504584e-09, 7.6249388647e-05, 0.74818986992, 0.25173387598],
      [0.77433182556, 0.040121585827, 0.18039865437, 0.0051479342483],
      [0.040418895457, 0.7544405296, 0.16804413747, 0.037096437475],
      [0.012648369646, 0.053072760638, 0.922782619, 0.011496250713],
      [2.3553994578e-05, 0.49253797522, 0.32412105641, 0.18331741438],
      [0.082139332353, 0.14681813712, 0.42390299828, 0.34713953224]
    ],
    [
      [4.0377049366e-09, 7.2747483712e-05, 0.86119626259, 0.13873098589],
      [0.73474648944, 0.040965326832, 0.22134085408, 0.0029473296423],
      [0.029928782635, 0.74967157278, 0.20022798779, 0.020171656794],
      [0, 0.016095186661, 0.98219246863, 0.0017123447111],
      [2.1173959231e-05, 0.50334355818, 0.39121673414, 0.10541853372],
      [0.079201516473, 0.15786558689, 0.5460980924, 0.21683480423]
    ],
    [
      [6.9250229803e-09, 8.4709396315e-05, 0.84180848868, 0.158106795],
      [0.825174228, 0.031182596308, 0.14145431278, 0.0021888629182],
      [0.0525144, 0.76098930405, 0.16648317609, 0.020013119866],
      [0.029408308909, 0.032723266843, 0.93499751275, 0.0028709115008],
      [3.3375025086e-05, 0.53816774672, 0.35146952292, 0.11032935533],
      [0.12341594882, 0.16693223114, 0.48489898826, 0.22475283177]
    ],
    [
      [9.357941075e-09, 4.1170842403e-05, 0.9999588198, 0],
      [0.88163906003, 0.010047298111, 0.10831364186, 0],
      [0.1083404979, 0.41885462007, 0.47280488203, 0],
      [0.045910541187, 0, 0.95408945881, 0],
      [6.5859256052e-05, 0.40046484858, 0.59946929216, 0],
      [0.20794848694, 0.10008326251, 0.69196825056, 0]
    ],
    [
      [7.2712447266e-09, 6.9259051578e-05, 0.70175444535, 0.29817628832],
      [0.85301507469, 0.025388180844, 0.11740948173, 0.0041872627362],
      [0.065351144258, 0.72467230483, 0.16451207276, 0.04546447816],
      [0.047530260566, 0.041919966027, 0.893159899, 0.017389874409],
      [3.741589644e-05, 0.4641874321, 0.31266613193, 0.22310902008],
      [0.11864097048, 0.1247546675, 0.3705700044, 0.38603435761]
    ],
    [
      [8.0040586851e-09, 7.0494047506e-05, 0.75241022413, 0.24751927382],
      [0.85475907558, 0.024099049946, 0.11785335457, 0.0032885199068],
      [0.070549744269, 0.71804882321, 0.17387039412, 0.037531038404],
      [0.048272442571, 0.029950399052, 0.91159545022, 0.01018170816],
      [4.1540585559e-05, 0.47363829318, 0.33890063718, 0.18741952905],
      [0.13364836778, 0.13018883794, 0.40881698387, 0.32734581042]
    ],
    [
      [6.1206568588e-09, 5.4620105088e-05, 0.85187881564, 0.14806655814],
      [0.83798408739, 0.01988849672, 0.14012718621, 0.0020002296763],
      [0.063327031961, 0.60661636369, 0.3207986834, 0.0092579209494],
      [0.022957600372, 0, 0.97704239963, 0],
      [3.6350076365e-05, 0.43739005047, 0.43563508868, 0.12693851077],
      [0.12106008382, 0.11779689944, 0.53108827866, 0.23005473808]
    ],
    [
      [3.8499014219e-09, 4.4082703052e-05, 0.64657607452, 0.35337983893],
      [0.78515384128, 0.026861619146, 0.17982359696, 0.0081609426154],
      [0.048901774792, 0.66220521165, 0.21364917897, 0.075243834586],
      [0.019608435233, 0.002667324427, 0.95587096126, 0.021853279085],
      [2.3274616583e-05, 0.35146952586, 0.33860568002, 0.30990151951],
      [0.066990003854, 0.084430303479, 0.36190762255, 0.48667207012]
    ],
    [
      [5.611510235e-09, 4.8089084803e-05, 0.75043071931, 0.24952118599],
      [0.82445150766, 0.02112002833, 0.15029578968, 0.0041326743243],
      [0.064671912728, 0.66242848359, 0.22488435463, 0.04801524905],
      [0.027175317412, 0.0018736977536, 0.96376052364, 0.0071904611924],
      [3.4007667164e-05, 0.38701993139, 0.3938306999, 0.21911536105],
      [0.10233743529, 0.096718462194, 0.440125768, 0.36081833451]
    ],
    [
      [7.7521042555e-09, 7.2127258013e-05, 0.82416587508, 0.17576198991],
      [0.8454876189, 0.024487062257, 0.12774605423, 0.0022792646043],
      [0.066358306716, 0.72412245746, 0.18406064527, 0.025458590553],
      [0.040263834978, 0.017578567654, 0.9399770497, 0.0021805476683],
      [4.0510827805e-05, 0.49342319665, 0.37306168482, 0.1334746077],
      [0.1375975036, 0.1414503333, 0.47330565542, 0.24764650767]
    ],
    [
      [4.6500480714e-09, 7.2785623492e-05, 0.67682256562, 0.32310464411],
      [0.79461321884, 0.038071439244, 0.16110779687, 0.0062075450449],
      [0.040494117773, 0.76027012611, 0.15323322549, 0.04600253063],
      [0.0068921996562, 0.045651995421, 0.93217888112, 0.015276923807],
      [2.303951305e-05, 0.47947672654, 0.29001414304, 0.2304860909],
      [0.076860113366, 0.13316210993, 0.36058741836, 0.42939035835]
    ],
    [
      [1.3509136542e-09, 0, 0.70292489545, 0.2970751032],
      [0.58244644962, 0.041812730726, 0.36311230899, 0.012628510662],
      [0.019290446708, 0.55063942088, 0.31859923465, 0.11147089776],
      [0.0012640373668, 0, 0.98852233077, 0.010213631864],
      [8.7749773991e-06, 0.32696687558, 0.3941077903, 0.27891655914],
      [0.026589097497, 0.079010271746, 0.43657968385, 0.4578209469]
    ],
    [
      [5.734228405e-09, 8.818746139e-05, 0.54671595306, 0.45319585375],
      [0.85389222216, 0.037239361177, 0.10211417812, 0.0067542385499],
      [0.021351031332, 0.8995556301, 0.052158141063, 0.026935197505],
      [0.041231155122, 0.039652090081, 0.87038230982, 0.048734444982],
      [1.9282649078e-05, 0.62354224874, 0.15810707521, 0.2183313934],
      [0.081877471496, 0.15311504195, 0.24722887946, 0.5177786071]
    ],
    [
      [4.6078132765e-09, 6.5360216519e-05, 0.89792104285, 0.10201359233],
      [0.77234049623, 0.031100096582, 0.1947255987, 0.0018338084881],
      [0.042783441372, 0.72551359382, 0.22491307288, 0.0067898919306],
      [0.020453189683, 0.0037811295094, 0.97576568081, 0],
      [2.5664612037e-05, 0.48464119818, 0.43296385519, 0.082369282018],
      [0.095077029492, 0.14778992096, 0.5915246652, 0.16560838434]
    ],
    [
      [7.7037197775e-34, 0.00012653506503, 0.99987346493, 0],
      [0, 0.2210221033, 0.7789778967, 0],
      [0, 0.88583281783, 0.11416718217, 0],
      [0, 0.035397396398, 0.9646026036, 0],
      [0, 0.69899559555, 0.30100440445, 0],
      [0, 0.31362615596, 0.68637384404, 0]
    ],
    [
      [2.5159638705e-09, 0.00031786521749, 0.99968213227, 0],
      [0.33333333333, 0.19209478922, 0.47457187745, 0],
      [0, 1, 0, 0],
      [0, 0.070619272058, 0.92938072794, 0],
      [0, 1, 0, 0],
      [0.020226275481, 0.74489403769, 0.23487968683, 0]
    ],
    [
      [4.0597363137e-09, 6.0035406561e-05, 0.76682982549, 0.23311013504],
      [0.7744530858, 0.032490358777, 0.18837528149, 0.0046812739297],
      [0.040163240474, 0.72611617752, 0.19585852418, 0.037862057829],
      [0.011470812219, 0.011135026526, 0.97159926742, 0.0057948938319],
      [2.2430157941e-05, 0.4480526548, 0.36599211452, 0.18593280053],
      [0.075795152822, 0.12329758415, 0.45620916169, 0.34469810133]
    ],
    [
      [0, 4.917933108e-05, 0.72547407569, 0.27447674498],
      [0.71876024305, 0.02723831367, 0.21663979597, 0.037361647311],
      [0.041623260288, 0.70959256132, 0.20118279174, 0.047601386648],
      [0, 0.0034673504766, 0.987830202, 0.008702447521],
      [2.2311733696e-05, 0.40838361994, 0.3627270714, 0.22886699693],
      [0.071063103041, 0.10100334259, 0.42369189198, 0.40424166239]
    ],
    [
      [3.3413477624e-09, 0, 0.83057668505, 0.16942331161],
      [0.74766684294, 0.030508957568, 0.21829433256, 0.0035298669353],
      [0.035470249941, 0.68097685398, 0.25505848452, 0.028494411559],
      [0.0036527175409, 0, 0.99597275136, 0.00037453110303],
      [1.9784442672e-05, 0.43260980897, 0.4237780918, 0.14359231479],
      [0.068657191125, 0.11813419402, 0.53665907057, 0.27654954429]
    ],
    [
      [4.3697911394e-09, 5.6039199525e-05, 0.79561641691, 0.20432753952],
      [0.76753380242, 0.030468646695, 0.19773419254, 0.0042633583456],
      [0.046535261487, 0.66914582214, 0.24737220051, 0.036946715868],
      [0.014117227985, 0, 0.98247544192, 0.0034073300946],
      [2.5442318229e-05, 0.42540311535, 0.40150746633, 0.173063976],
      [0.083290836281, 0.1177921221, 0.49053035514, 0.30838668648]
    ],
    [
      [5.6850659986e-09, 5.7824932819e-05, 0.84289116551, 0.15705100387],
      [0.81220147692, 0.024287262435, 0.16106656767, 0.00244469297],
      [0.057162191281, 0.67787497568, 0.23901686361, 0.025945969429],
      [0.019395809659, 0, 0.97900428184, 0.0015999084963],
      [3.2943936915e-05, 0.44628158895, 0.42236542029, 0.13132004683],
      [0.11022771485, 0.12345864841, 0.52375848075, 0.24255515599]
    ],
    [
      [3.2197432126e-09, 5.5451228359e-05, 0.71229236902, 0.28765217654],
      [0.73506493115, 0.037558738147, 0.21999750733, 0.0073788233682],
      [0.034966914286, 0.7117654478, 0.20095965961, 0.052307978304],
      [0.0088171794756, 0.011081040336, 0.96674509312, 0.013356687068],
      [1.8240850217e-05, 0.41427968084, 0.34934734133, 0.23635473697],
      [0.058596860609, 0.11096913656, 0.4163816603, 0.41405234253]
    ],
    [
      [9.0256516779e-09, 6.2912625783e-05, 0.72755882056, 0.27237825778],
      [0.90206160813, 0.015870919175, 0.079987706948, 0.0020797657442],
      [0.1456198634, 0.6921368561, 0.13811400603, 0.024129274469],
      [0.049591009518, 0.020702330456, 0.92275281867, 0.0069538413519],
      [4.8877141705e-05, 0.46664435966, 0.33145070928, 0.20185605391],
      [0.14649556447, 0.11109327774, 0.36294298684, 0.37946817095]
    ],
    [
      [0, 8.4121958826e-05, 0.92003541732, 0.079880460718],
      [0.46141718318, 0.067832107339, 0.46832933627, 0.0024213732122],
      [0, 0.78559547869, 0.20721165426, 0.0071928670466],
      [0, 0.022258983517, 0.97774101648, 0],
      [1.0812806388e-05, 0.55048242472, 0.39247768655, 0.057029075921],
      [0.046290729938, 0.19578665167, 0.62405895407, 0.13386366432]
    ],
    [
      [5.815211511e-09, 6.6434836402e-05, 0.82829210719, 0.17164145215],
      [0.80169451614, 0.029138175758, 0.1662712883, 0.0028960197979],
      [0.053887879926, 0.71800050398, 0.20099402945, 0.027117586639],
      [0.016136300979, 0.011857321494, 0.96835815081, 0.0036482267165],
      [3.1708624685e-05, 0.47196289348, 0.39177816375, 0.13622723414],
      [0.10825359687, 0.13689900478, 0.50106534465, 0.25378205369]
    ],
    [
      [9.1245279413e-09, 5.2463257103e-05, 0.99994752762, 0],
      [0.98737329617, 0.0013483161089, 0.011278387717, 0],
      [0.085868488832, 0.50458733591, 0.40954417525, 0],
      [0.039070488012, 0, 0.96092951199, 0],
      [5.5261274823e-05, 0.48623799226, 0.51370674647, 0],
      [0.21754509717, 0.12485685223, 0.6575980506, 0]
    ],
    [
      [1.113372132e-08, 4.219266775e-05, 0.78493422448, 0.21502357172],
      [0.90289381774, 0.010061179961, 0.085129897873, 0.0019151044281],
      [0.1475991693, 0.50080720942, 0.31014040513, 0.041453216157],
      [0.075046669541, 0, 0.92367626656, 0.0012770638969],
      [7.1696095443e-05, 0.36271336705, 0.43703207799, 0.20018285887],
      [0.19192773409, 0.080143733832, 0.43360750825, 0.29432102383]
    ],
    [
      [2.3817171425e-09, 4.9295435691e-05, 0.7602147804, 0.23973592178],
      [0.65623584984, 0.041766638586, 0.29428003617, 0.0077174754011],
      [0.028297572504, 0.66011382114, 0.26365090461, 0.047937701747],
      [0.00065417033719, 0, 0.99261169062, 0.00673413904],
      [1.4406058495e-05, 0.39102166455, 0.39850556207, 0.21045836732],
      [0.046318245659, 0.10578716899, 0.47769785579, 0.37019672956]
    ],
    [
      [7.2173789593e-09, 6.497149779e-05, 0.74211973602, 0.25781528526],
      [0.84509646289, 0.024265001557, 0.12691213781, 0.0037263977353],
      [0.067784442995, 0.70811710628, 0.18260053476, 0.041497915962],
      [0.041962524893, 0.019598857586, 0.92775729123, 0.01068132629],
      [3.873389252e-05, 0.45273704122, 0.34555017307, 0.20167405182],
      [0.12238119628, 0.12188280476, 0.40914991657, 0.3465860824]
    ],
    [
      [8.7600642296e-09, 6.5485255198e-05, 0.65433672034, 0.34559778565],
      [0.8866464181, 0.019814897292, 0.089639802808, 0.003898881803],
      [0.08062654525, 0.71130713695, 0.15549491435, 0.052571403453],
      [0.090789535879, 0.037405085051, 0.84875936651, 0.023046012565],
      [4.5491862008e-05, 0.44786891332, 0.29277632567, 0.25930926915],
      [0.13589824263, 0.1117867214, 0.32515688442, 0.42715815155]
    ],
    [
      [2.6207400725e-18, 7.6834294193e-05, 0.71699972769, 0.28292343802],
      [9.3675067703e-17, 0.18674802101, 0.78841032409, 0.024841654901],
      [4.2935800649e-34, 0.80557321966, 0.15605077356, 0.038376006779],
      [0, 0.040478321131, 0.9490151496, 0.010506529267],
      [0, 0.50569287768, 0.29842317232, 0.19588395],
      [1.6431038313e-47, 0.15709503761, 0.42294989241, 0.41995506999]
    ],
    [
      [5.8811583009e-09, 6.834686636e-05, 0.76159304911, 0.23833859815],
      [0.82576560921, 0.028324593711, 0.14228766065, 0.0036221364314],
      [0.052513231669, 0.73795984674, 0.17486130341, 0.034665618182],
      [0.0089536910291, 0.02636861664, 0.95748791969, 0.0071897726427],
      [3.0744762709e-05, 0.47836587771, 0.34227216574, 0.17933121179],
      [0.10353752395, 0.13275504629, 0.42790332435, 0.33580410541]
    ],
    [
      [6.8270386879e-09, 4.6873950662e-05, 0.77411414212, 0.2258389771],
      [0.86874596711, 0.015261515117, 0.11343888161, 0.0025536361638],
      [0.076425563718, 0.59758676209, 0.28701686866, 0.03897080553],
      [0.034996292859, 0, 0.96220090389, 0.0028028032469],
      [4.1719015413e-05, 0.3972011374, 0.40672963521, 0.19602750837],
      [0.12562590719, 0.094297688626, 0.44624728161, 0.33382912257]
    ],
    [
      [4.5581261924e-09, 0, 0.99999999544, 0],
      [0.75835175703, 0.024894792666, 0.2167534503, 0],
      [0.047935731665, 0.54613351285, 0.40593075549, 0],
      [0.0049417559412, 0, 0.99505824406, 0],
      [2.8942110969e-05, 0.45120758881, 0.54876346908, 0],
      [0.10790977084, 0.13632794207, 0.75576228709, 0]
    ],
    [
      [6.8254963949e-09, 7.7437734619e-05, 0.81533686269, 0.18458569275],
      [0.82509501251, 0.02959937572, 0.14258713602, 0.0027184757504],
      [0.05635375922, 0.74153183445, 0.17611188898, 0.026002517348],
      [0.029630207866, 0.032730663175, 0.93367305462, 0.003966074338],
      [3.4448418082e-05, 0.50748837659, 0.35683134364, 0.13564583135],
      [0.12083286516, 0.15147567703, 0.46851206139, 0.25917939643]
    ],
    [
      [6.0615783545e-09, 5.9573663021e-05, 0.7305646882, 0.26937573208],
      [0.82428305091, 0.025862244462, 0.14531301169, 0.0045416929306],
      [0.06138736881, 0.69778400788, 0.19393479253, 0.046893830781],
      [0.031540977314, 0.0096017921606, 0.94579959233, 0.013057638193],
      [3.369761214e-05, 0.42903796045, 0.35247980545, 0.21844853649],
      [0.1049724505, 0.11408198031, 0.41152525825, 0.36942031094]
    ],
    [
      [5.9107063992e-09, 5.7312930814e-05, 0.8148406268, 0.18510205436],
      [0.82329658282, 0.023291351986, 0.15058637153, 0.0028256936605],
      [0.06006667638, 0.67294262501, 0.2357429875, 0.031247711112],
      [0.023505175458, 0, 0.97511651825, 0.0013783062931],
      [3.4107764334e-05, 0.4389191749, 0.4064223721, 0.15462434524],
      [0.1116508949, 0.11897663058, 0.49261807161, 0.27675440291]
    ],
    [
      [4.0228957889e-09, 6.13508628e-05, 0.85678305819, 0.14315558692],
      [0.73962739178, 0.034871166144, 0.22240135693, 0.0031000851443],
      [0.039766850118, 0.7153935101, 0.2209547469, 0.023884892884],
      [0.0022036870141, 0.0018529879032, 0.99456457244, 0.0013787526449],
      [2.2899015201e-05, 0.45904718821, 0.42258067487, 0.11834923791],
      [0.080675524573, 0.13595505654, 0.55550240476, 0.22786701413]
    ],
    [
      [5.7160600253e-09, 5.8896194834e-05, 0.75994005234, 0.24000104575],
      [0.81500023748, 0.026209567939, 0.15467894488, 0.0041112497028],
      [0.057988728501, 0.6990327801, 0.20149891153, 0.04147957987],
      [0.026347080478, 0.010081390703, 0.9553623946, 0.0082091342224],
      [3.2146968782e-05, 0.43284873663, 0.37061652225, 0.19650259414],
      [0.10235527831, 0.11651301799, 0.44085241192, 0.34027929177]
    ],
    [
      [0, 9.8522015376e-05, 0.99990147798, 0],
      [0, 0.18912567361, 0.81087432639, 0],
      [5.5511151231e-17, 0.99528413498, 0.0047158650238, 0],
      [0, 0, 1, 0],
      [0, 0.81037113092, 0.18962886908, 0],
      [0, 0.27029144213, 0.72970855787, 0]
    ],
    [
      [8.1946505467e-09, 5.5650590188e-05, 0.78320426829, 0.21674007293],
      [0.85801767067, 0.018684930059, 0.12047398242, 0.0028234168558],
      [0.084539352052, 0.65218713225, 0.22485645909, 0.038417056615],
      [0.052046280098, 0, 0.94279742593, 0.0051562939744],
      [4.7712098783e-05, 0.42015552705, 0.39575443749, 0.18404232336],
      [0.14369831083, 0.10800964977, 0.44701148178, 0.30128055762]
    ],
    [
      [5.8158696254e-09, 5.5484442976e-05, 0.87401093467, 0.12593357507],
      [0.80807810367, 0.023188598863, 0.16674101035, 0.0019922871254],
      [0.060465091206, 0.63475576265, 0.28284539545, 0.021933750694],
      [0.022915829391, 0, 0.97667873374, 0.00040543687384],
      [3.4813962334e-05, 0.43742012458, 0.45322626745, 0.10931879401],
      [0.11620028647, 0.12208902621, 0.56227736923, 0.19943331808]
    ],
    [
      [5.0824198107e-09, 6.6456961619e-05, 0.87446966179, 0.12546387617],
      [0.78402637378, 0.030570978841, 0.18323921171, 0.0021634356778],
      [0.046415612665, 0.72712902635, 0.20743745953, 0.019017901453],
      [0.014194221896, 0.0064420128769, 0.97936376523, 0],
      [2.7889754214e-05, 0.48508656851, 0.4152676681, 0.099617873635],
      [0.10068558579, 0.14520826315, 0.55663018418, 0.19747596687]
    ],
    [
      [3.9251408716e-09, 8.1612216502e-05, 0.8041315655, 0.19578681835],
      [0.74192934206, 0.04623300621, 0.20763291775, 0.0042047339795],
      [0.03109034763, 0.77728756529, 0.16560209203, 0.026019995049],
      [0.0070322054136, 0.032123328275, 0.95573476785, 0.0051096984588],
      [1.8978338033e-05, 0.52600588012, 0.33662620686, 0.13734893468],
      [0.072287241776, 0.16598460288, 0.47634547037, 0.28538268497]
    ],
    [
      [3.1881654226e-09, 9.8671305631e-05, 0.86600660768, 0.13389471783],
      [0.705548524, 0.058613338272, 0.23292707669, 0.0029110610429],
      [0.020813225184, 0.81976576863, 0.14527506534, 0.014145940838],
      [0.0049322541198, 0.041935203241, 0.95289521342, 0.00023732922001],
      [1.3794752388e-05, 0.59312879058, 0.32347240059, 0.083385014075],
      [0.06130691143, 0.20876967401, 0.52647941625, 0.2034439983]
    ],
    [
      [1.350549994e-08, 8.2038753941e-05, 0.77847187188, 0.22144607586],
      [0.90345615509, 0.017709204452, 0.076976783574, 0.0018578568887],
      [0.1192892552, 0.70288207298, 0.15406279846, 0.023765873357],
      [0.25029598087, 0, 0.74970401913, 0],
      [6.5553676645e-05, 0.51523956573, 0.32787547018, 0.15681941042],
      [0.20616914098, 0.13865994679, 0.38710731175, 0.26806360049]
    ],
    [
      [4.1113945611e-09, 6.2697585274e-05, 0.81352354706, 0.18641375124],
      [0.7927493406, 0.029736291869, 0.17427985661, 0.0032345109172],
      [0.038236399975, 0.74090726737, 0.19295802189, 0.027898310772],
      [0.015173330336, 0.0086548431772, 0.97478598876, 0.0013858377309],
      [2.2311758614e-05, 0.47384591084, 0.38053895891, 0.14559281849],
      [0.080720614741, 0.13409701869, 0.49901311805, 0.28616924852]
    ],
    [
      [4.3552562052e-09, 0, 0.83275906547, 0.16724093017],
      [0.78295726481, 0.023490724322, 0.19027042617, 0.0032815847072],
      [0.051193989919, 0.5528420873, 0.36235674986, 0.033607172923],
      [0.0074492700135, 0, 0.99255072999, 0],
      [2.7402168931e-05, 0.39344000281, 0.4501198303, 0.15641276472],
      [0.088377620362, 0.10341836785, 0.53503693118, 0.2731670806]
    ],
    [
      [1.1199837798e-08, 6.6798716295e-05, 0.81483138584, 0.18510180424],
      [0.88813648733, 0.016729228656, 0.093346512144, 0.0017877718732],
      [0.098832213455, 0.6852045673, 0.1880726949, 0.027890524344],
      [0.081898228107, 0.0053518800615, 0.91068640428, 0.0020634875499],
      [6.0706216739e-05, 0.47086755994, 0.3829522164, 0.14611951744],
      [0.18761082658, 0.12366900376, 0.44293203245, 0.24578813721]
    ],
    [
      [4.9154552238e-09, 8.5211267788e-05, 0.79462568639, 0.20528909743],
      [0.77195230647, 0.042550019639, 0.18153489485, 0.0039627790371],
      [0.037244696055, 0.77258707992, 0.16267950125, 0.027488722777],
      [0, 0.08107212257, 0.9134601029, 0.0054677745276],
      [2.348912666e-05, 0.52778756071, 0.3292428215, 0.14294612866],
      [0.087119810422, 0.16692835599, 0.45748407719, 0.2884677564]
    ],
    [
      [3.9576713701e-09, 7.2251046597e-05, 0.74289933769, 0.2570284073],
      [0.74951288748, 0.042897288295, 0.20171815312, 0.0058716711028],
      [0.035535346043, 0.75084281521, 0.17431964307, 0.039302195679],
      [0.010593944075, 0.044839611197, 0.93374709949, 0.010819345236],
      [2.0239380298e-05, 0.47932019323, 0.32933831764, 0.19132124975],
      [0.070197683171, 0.14138828658, 0.4270711356, 0.36134289465]
    ],
    [
      [3.9389914348e-09, 7.3405369933e-05, 0.736975656, 0.26295093469],
      [0.74492029944, 0.04444629793, 0.20444809399, 0.0061853086465],
      [0.034994855591, 0.7531830746, 0.17164798016, 0.040174089649],
      [0.0055603163875, 0.052284654684, 0.92849887396, 0.013656154965],
      [1.9963248296e-05, 0.48142501021, 0.32414301382, 0.19441201272],
      [0.069264617088, 0.14275252344, 0.42169415946, 0.36628870002]
    ],
    [
      [5.3310279496e-09, 7.7865195216e-05, 0.8031813647, 0.19674076477],
      [0.78605815753, 0.036741314824, 0.17359913217, 0.0036013954799],
      [0.044515409738, 0.7514826647, 0.17578484971, 0.028217075852],
      [0.012135578942, 0.042989288167, 0.93966051663, 0.0052146162616],
      [2.6761518568e-05, 0.50608342535, 0.34985936156, 0.14403045157],
      [0.09576789767, 0.15470755514, 0.4694195624, 0.28010498479]
    ],
    [
      [0, 0.00010553843264, 0.99989446157, 0],
      [0, 0.20295555687, 0.79704444313, 0],
      [1.2325951644e-32, 0.88204332205, 0.11795667795, 0],
      [0, 0.03857246816, 0.96142753184, 0],
      [1.1102230246e-16, 0.68001803429, 0.31998196571, 0],
      [0, 0.28588804449, 0.71411195551, 0]
    ],
    [
      [1.1817156623e-08, 3.3914187101e-05, 0.82310629204, 0.17685978195],
      [0.96946528041, 0.0025609111763, 0.027535870382, 0.00043793803182],
      [0.14882458225, 0.39737019147, 0.44339494549, 0.010410280784],
      [0.056136678193, 0, 0.94386332181, 0],
      [8.1635765215e-05, 0.34409567753, 0.48473579295, 0.17108689375],
      [0.22574975772, 0.066321814024, 0.451235791, 0.25669263725]
    ],
    [
      [1.1931991361e-08, 8.0878248811e-05, 0.87296264336, 0.12695646646],
      [0.91081758821, 0.015075283351, 0.07327883871, 0.00082828973257],
      [0.088453900419, 0.73511495332, 0.16433717171, 0.012093974547],
      [0.064071525226, 0.023196883954, 0.91273159082, 0],
      [5.8779387869e-05, 0.54131933101, 0.36963355035, 0.088988339255],
      [0.20578040671, 0.15083355614, 0.4689737978, 0.17441223936]
    ],
    [
      [6.328420085e-09, 7.6222520197e-05, 0.79965167521, 0.20027209595],
      [0.81487260922, 0.031339393322, 0.15059389529, 0.0031941021693],
      [0.05324979368, 0.74149203156, 0.17632096353, 0.028937211231],
      [0.026615686702, 0.035463314113, 0.93302783045, 0.0048931687369],
      [3.2072650454e-05, 0.50030165528, 0.35164933672, 0.14801693535],
      [0.11174800387, 0.14882705005, 0.45923359351, 0.28019135257]
    ],
    [
      [8.5013153603e-09, 7.5650394789e-05, 0.83037497971, 0.16954936139],
      [0.85122884881, 0.024318467395, 0.1223332917, 0.002119392099],
      [0.070503355185, 0.72467063966, 0.18062050833, 0.024205496828],
      [0.046076782044, 0.023731140496, 0.92802230365, 0.0021697738091],
      [4.366029711e-05, 0.50273783117, 0.3701623593, 0.12705614923],
      [0.14826618023, 0.14597029363, 0.47150593069, 0.23425759544]
    ],
    [
      [7.0542008414e-09, 6.3372982526e-05, 0.76334979893, 0.23658682103],
      [0.83934135125, 0.024112059473, 0.13305199916, 0.0034945901163],
      [0.067572289689, 0.70181936141, 0.19166120514, 0.038947143769],
      [0.037903843317, 0.008929438556, 0.94492747368, 0.0082392444503],
      [3.8583916141e-05, 0.4488902928, 0.36232249791, 0.18874862537],
      [0.12238473954, 0.12159657391, 0.43084294445, 0.3251757421]
    ],
    [
      [7.3105933406e-09, 8.1122470609e-05, 0.83953244906, 0.16038642116],
      [0.83045104956, 0.029170860975, 0.13814539566, 0.0022326938094],
      [0.058037079049, 0.74575197948, 0.17439707927, 0.021813862205],
      [0.032620827198, 0.038041881819, 0.92858792399, 0.00074936699025],
      [3.6296743745e-05, 0.52241513498, 0.36147396855, 0.11607459973],
      [0.13001247509, 0.15938712341, 0.48473520724, 0.22586519426]
    ],
    [
      [6.776342572e-09, 7.1250741462e-05, 0.76186414352, 0.23806459896],
      [0.83124003831, 0.027988569801, 0.13713804145, 0.0036333504411],
      [0.059864905261, 0.727481961, 0.1764809643, 0.036172169432],
      [0.03474851333, 0.029839640846, 0.92648930345, 0.0089225423761],
      [3.5091193327e-05, 0.47768654562, 0.34242757767, 0.17985078551],
      [0.11621263448, 0.13515807793, 0.42521079432, 0.32341849327]
    ],
    [
      [9.6689449873e-09, 9.3444466762e-05, 0.82026907303, 0.17963747283],
      [0.87420711756, 0.024873769558, 0.099126818156, 0.0017922947287],
      [0.066899967316, 0.76571047528, 0.14677251039, 0.020617047011],
      [0.058878150162, 0.063431415902, 0.8762945247, 0.0013959092348],
      [4.3900908562e-05, 0.56044545987, 0.32150891413, 0.11800172508],
      [0.15995559008, 0.16988237306, 0.43441297511, 0.23574906175]
    ],
    [
      [5.6638356516e-09, 6.4523872847e-05, 0.84324342254, 0.15669204792],
      [0.80074305136, 0.028200427826, 0.16842594784, 0.0026305729713],
      [0.053427660207, 0.71383777353, 0.207614705, 0.025119861258],
      [0.021392896315, 0.0058043399985, 0.97235218633, 0.00045057735758],
      [3.1397828125e-05, 0.46839734156, 0.40517315237, 0.12639810824],
      [0.10797407908, 0.13578439148, 0.51986989633, 0.2363716331]
    ],
    [
      [1.0311863267e-08, 6.3719749811e-05, 0.71948796026, 0.28044830968],
      [0.89690109495, 0.01635749552, 0.08403127076, 0.0027101387696],
      [0.095611044747, 0.68830533981, 0.17280298075, 0.043280634699],
      [0.072320302834, 0.018916464626, 0.89688303887, 0.011880193675],
      [5.5424134317e-05, 0.44749909608, 0.33417131996, 0.21827415982],
      [0.16477410573, 0.11160054431, 0.36850179594, 0.35512355402]
    ],
    [
      [6.7860257528e-09, 7.3413689678e-05, 0.7632466646, 0.23667991492],
      [0.83187520408, 0.028570963982, 0.13599010682, 0.003563725108],
      [0.058584280045, 0.73389262971, 0.17252788542, 0.034995204824],
      [0.034376550832, 0.035478888792, 0.92150427246, 0.0086402879174],
      [3.4637106281e-05, 0.48595186163, 0.33794566977, 0.17606783149],
      [0.11609907913, 0.13881458063, 0.42423133322, 0.32085500703]
    ],
    [
      [8.8429057694e-09, 7.0749850786e-05, 0.76783114735, 0.23209809396],
      [0.86865250647, 0.021598701852, 0.10703227292, 0.0027165187569],
      [0.076866654305, 0.71481525976, 0.17408311824, 0.034234967698],
      [0.059142262996, 0.025683505191, 0.90830281126, 0.0068714205529],
      [4.5975043287e-05, 0.47871647984, 0.34573997818, 0.17549756694],
      [0.14768229029, 0.13031069047, 0.41477109442, 0.30723592483]
    ],
    [
      [8.5329501793e-09, 7.5635559013e-05, 0.8153148504, 0.18460950551],
      [0.85508057847, 0.024034669563, 0.11861393639, 0.0022708155812],
      [0.070742981034, 0.72606273116, 0.17697191039, 0.026222377421],
      [0.047152281439, 0.027338060501, 0.92225246603, 0.003257192029],
      [4.3594577183e-05, 0.50113780666, 0.36134093044, 0.13747766833],
      [0.14712644407, 0.14410900737, 0.45663607118, 0.25212847739]
    ],
    [
      [6.1906965108e-09, 4.0812817642e-05, 0.77189391042, 0.22806527057],
      [0.833447723, 0.016934312294, 0.146038925, 0.0035790397025],
      [0.079061165132, 0.50855033367, 0.36354720956, 0.048841291639],
      [0.026798005524, 0, 0.96990120254, 0.0033007919394],
      [4.0311085589e-05, 0.34957310132, 0.43507722701, 0.21530936058],
      [0.11513348178, 0.083853199283, 0.46354068615, 0.33747263279]
    ],
    [
      [7.4941222471e-09, 7.3450538659e-05, 0.78032767246, 0.21959886951],
      [0.84227352989, 0.026386869974, 0.12828923251, 0.0030503676274],
      [0.06405403144, 0.72912400973, 0.17467331201, 0.032148646812],
