{
  "X": [
    [189, 147, 853, 50],
    [43, 221, 485, 63],
    [20, 80, 196, 23],
    [37, 149, 415, 37],
    [37, 164, 306, 42],
    [3, 9, 204, 24],
    [3, 5, 61, 10],
    [5, 8, 106, 17],
    [2, 4, 70, 11],
    [18, 51, 204, 31],
    [2, 3, 59, 8],
    [12, 10, 163, 7],
    [5, 12, 168, 23],
    [2, 1, 81, 2],
    [3, 4, 5, 3],
    [1, 3, 68, 14],
    [0, 1, 64, 5],
    [55, 56, 402, 20],
    [205, 177, 1028, 70],
    [8, 9, 76, 12],
    [26, 17, 87, 5],
    [43, 191, 735, 105],
    [48, 142, 339, 72],
    [50, 176, 446, 94],
    [62, 160, 568, 84],
    [15, 105, 234, 60],
    [5, 5, 205, 35],
    [7, 4, 88, 16],
    [3, 9, 97, 10],
    [2, 1, 62, 7],
    [1, 5, 41, 8],
    [36, 152, 116, 46],
    [2, 1, 83, 6],
    [14, 31, 105, 20],
    [18, 20, 139, 24],
    [7, 12, 58, 7],
    [37, 74, 273, 23],
    [6, 16, 249, 25],
    [2, 2, 62, 5],
    [30, 36, 175, 30],
    [16, 25, 93, 17],
    [3, 2, 77, 11],
    [7, 5, 84, 3],
    [41, 251, 311, 69],
    [43, 187, 333, 75],
    [53, 177, 367, 51],
    [10, 39, 185, 30],
    [19, 59, 106, 29],
    [6, 43, 35, 22],
    [2, 1, 42, 7],
    [6, 4, 88, 13],
    [0, 0, 19, 0],
    [6, 3, 88, 14],
    [22, 85, 313, 62],
    [19, 67, 243, 53],
    [7, 9, 81, 11],
    [209, 159, 755, 48],
    [52, 57, 180, 11],
    [19, 31, 321, 40],
    [14, 40, 106, 17],
    [5, 17, 40, 9],
    [18, 33, 69, 11],
    [22, 101, 378, 52],
    [118, 129, 768, 90],
    [18, 47, 222, 33],
    [30, 59, 168, 25],
    [6, 21, 101, 19],
    [7, 10, 168, 31],
    [0, 4, 94, 23],
    [4, 6, 81, 20],
    [5, 10, 58, 7],
    [3, 23, 94, 8],
    [1, 2, 82, 8],
    [3, 5, 80, 4],
    [1, 1, 55, 11],
    [24, 54, 414, 50],
    [35, 102, 652, 69],
    [395, 668, 3121, 282],
    [2, 14, 79, 9],
    [49, 64, 248, 21],
    [238, 302, 1278, 126],
    [31, 18, 122, 6]
  ],
  "W": [
    [15, 195, 129, 811, 39, 50],
    [23, 53, 228, 430, 50, 28],
    [20, 31, 80, 153, 21, 14],
    [25, 46, 143, 359, 40, 25],
    [18, 31, 172, 269, 36, 23],
    [5, 1, 9, 201, 10, 14],
    [1, 4, 6, 56, 5, 7],
    [1, 8, 8, 111, 1, 7],
    [1, 2, 4, 73, 2, 5],
    [20, 18, 48, 186, 17, 15],
    [3, 5, 2, 59, 1, 2],
    [9, 17, 12, 141, 2, 11],
    [14, 6, 16, 149, 8, 15],
    [5, 3, 3, 71, 1, 3],
    [2, 3, 3, 4, 0, 3],
    [2, 3, 0, 65, 4, 12],
    [2, 1, 1, 64, 0, 2],
    [6, 67, 50, 385, 6, 19],
    [26, 189, 195, 977, 39, 54],
    [3, 9, 9, 78, 2, 4],
    [4, 29, 14, 73, 4, 11],
    [56, 51, 195, 657, 68, 47],
    [28, 51, 140, 309, 46, 27],
    [35, 50, 181, 421, 39, 40],
    [40, 64, 167, 526, 42, 35],
    [20, 13, 94, 220, 44, 23],
    [9, 5, 8, 208, 9, 11],
    [8, 6, 6, 79, 6, 10],
    [2, 2, 15, 91, 2, 7],
    [8, 0, 1, 52, 0, 11],
    [2, 2, 4, 42, 0, 5],
    [12, 28, 138, 96, 50, 26],
    [3, 1, 4, 79, 2, 3],
    [4, 16, 30, 100, 9, 11],
    [10, 26, 17, 136, 8, 4],
    [0, 7, 14, 52, 9, 2],
    [13, 30, 65, 261, 22, 16],
    [14, 7, 14, 244, 8, 9],
    [0, 4, 3, 55, 4, 5],
    [8, 27, 33, 164, 16, 23],
    [3, 18, 21, 80, 13, 16],
    [1, 4, 0, 80, 3, 5],
    [4, 6, 5, 80, 0, 4],
    [17, 41, 236, 271, 70, 37],
    [27, 45, 171, 314, 54, 27],
    [22, 42, 176, 335, 48, 25],
    [9, 11, 42, 172, 5, 25],
    [6, 12, 52, 105, 24, 14],
    [3, 5, 42, 34, 14, 8],
    [3, 0, 2, 42, 2, 3],
    [3, 6, 3, 92, 1, 6],
    [2, 0, 0, 17, 0, 0],
    [9, 5, 4, 82, 5, 6],
    [17, 25, 73, 311, 31, 25],
    [28, 19, 72, 218, 25, 20],
    [4, 5, 9, 80, 8, 2],
    [15, 210, 167, 697, 34, 48],
    [6, 58, 50, 162, 10, 14],
    [24, 17, 40, 309, 5, 16],
    [6, 8, 43, 101, 8, 11],
    [4, 3, 15, 32, 8, 9],
    [9, 12, 31, 65, 10, 4],
    [14, 26, 89, 363, 33, 28],
    [28, 135, 124, 714, 37, 67],
    [5, 12, 45, 214, 17, 27],
    [13, 30, 48, 156, 21, 14],
    [8, 7, 21, 94, 8, 9],
    [14, 9, 13, 158, 8, 14],
    [2, 2, 3, 96, 5, 13],
    [6, 6, 4, 82, 5, 8],
    [4, 5, 7, 56, 3, 5],
    [2, 7, 16, 92, 5, 6],
    [4, 2, 2, 73, 4, 8],
    [3, 7, 6, 70, 2, 4],
    [2, 2, 2, 57, 0, 5],
    [23, 30, 61, 384, 17, 27],
    [23, 35, 104, 608, 55, 33],
    [87, 439, 631, 2937, 188, 184],
    [5, 6, 12, 75, 1, 5],
    [9, 35, 68, 239, 20, 11],
    [37, 240, 324, 1177, 66, 100],
    [3, 34, 19, 107, 2, 12]
  ],
  "method": "mvn_pdf",
  "cond_prob": [
    [
      [0.00013472277632, 0.0024505734356, 0.58905205418, 0.40836264961],
      [0.84227940051, 0.028435510149, 0.129235388, 4.9701338308e-05],
      [0.056135948868, 0.87324089944, 0.059058110642, 0.011565041049],
      [0.016971942517, 0.0038301024816, 0.95524546146, 0.023952493543],
      [0.016994877311, 0.61840504091, 0.1224145391, 0.24218554268],
      [0.061698261179, 0.030924623672, 0.63733171972, 0.27004539543]
    ],
    [
      [0.00019339044222, 0.0060346907355, 0.53701618412, 0.4567557347],
      [0.65325191653, 0.045900663724, 0.30060738422, 0.00024003552804],
      [0.025299570976, 0.84628393848, 0.10321530112, 0.025201189428],
      [0.0041999143083, 0.0037934173845, 0.95368899616, 0.038317672147],
      [0.0058446459825, 0.46615817299, 0.12996642083, 0.3980307602],
      [0.018096528919, 0.019166101359, 0.59281279844, 0.36992457128]
    ],
    [
      [0, 0.0013994552135, 0.59850609736, 0.40009444742],
      [0.57373893466, 0.031671192475, 0.39458987287, 0],
      [0.018487044708, 0.83866445665, 0.1253560296, 0.017492469044],
      [0.0030068608105, 0.0082081151802, 0.96668859727, 0.022096426741],
      [0.0046856412082, 0.49099947831, 0.19049912076, 0.31381575973],
      [0.012620091402, 0.023586909298, 0.70466233627, 0.25913066303]
    ],
    [
      [7.4081265631e-06, 0.001488679886, 0.63515029303, 0.36335361896],
      [0.66699702708, 0.0463909776, 0.28654395157, 6.8043750333e-05],
      [0.025638250172, 0.85758022767, 0.10281628623, 0.013965235928],
      [0.0050748229152, 0.0034842119464, 0.96931011675, 0.022130848384],
      [0.0070295293596, 0.55816036465, 0.15335961531, 0.28145049068],
      [0.02194556702, 0.024703152059, 0.68483101777, 0.26852026315]
    ],
    [
      [0.00044657302055, 0.0068817034749, 0.55538106274, 0.43729066077],
      [0.78220819247, 0.031993094244, 0.18548189348, 0.00031681980036],
      [0.049637266905, 0.83602483441, 0.092529261005, 0.021808637677],
      [0.010841890924, 0.0034161899189, 0.95100988718, 0.034732031976],
      [0.012279821214, 0.48971694995, 0.13020282667, 0.36780040217],
      [0.036841547344, 0.023448113507, 0.60126990732, 0.33844043183]
    ],
    [
      [0.089624862457, 0.0054359775621, 0.3664151736, 0.53852398639],
      [0.87333172611, 0.01035702628, 0.11623936756, 7.1880050641e-05],
      [0.044535439931, 0.72002693925, 0.17552604475, 0.059911576066],
      [0.0050000208621, 0.00045150405614, 0.94894334339, 0.045605131693],
      [0.0063773825742, 0.22923334055, 0.18141987555, 0.58296940133],
      [0.014924784516, 0.0070810651294, 0.56572425608, 0.41226989427]
    ],
    [
      [1.499957471e-05, 0.0002725073529, 0.36653360081, 0.63317889226],
      [0.63251109471, 0.015578361007, 0.35075917051, 0.0011513737682],
      [0.033907285178, 0.66517641786, 0.23755336322, 0.063362933742],
      [0.0029904536403, 0.00037625038923, 0.94804027894, 0.048593017031],
      [0.0044602819783, 0.17832292121, 0.18508813928, 0.63212865753],
      [0.010961442394, 0.0048101305164, 0.54134474583, 0.44288368126]
    ],
    [
      [0, 0.00043151321464, 0.1034098784, 0.89615860839],
      [0.58386384965, 0.049022575308, 0.27899768163, 0.088115893404],
      [0.014557416722, 0.85687179364, 0.067616453893, 0.060954335747],
      [0.0015075779851, 0.002522093717, 0.90604195519, 0.089928373112],
      [0.0011062776788, 0.40496209914, 0.034568977219, 0.55936264597],
      [0.0063117764248, 0.0096427190723, 0.35977871922, 0.62426678528]
    ],
    [
      [2.0896082392e-05, 0.00051921742994, 0.14501988896, 0.85443999753],
      [0.75720257765, 0.025709191799, 0.21708823055, 0],
      [0.024568277497, 0.84057025424, 0.072285749961, 0.062575718302],
      [0.0045314968419, 0.0013803915883, 0.91661256666, 0.077475544906],
      [0.0036614865071, 0.2231275175, 0.091374686731, 0.68183630926],
      [0.0098357192319, 0.0077515522131, 0.40723878204, 0.57517394652]
    ],
    [
      [8.6974233287e-05, 0.0012336110642, 0.47031885281, 0.52836056189],
      [0.77475024199, 0.033038261994, 0.19205389619, 0.00015759981829],
      [0.035723714606, 0.85662688396, 0.086539161877, 0.021110239558],
      [0.0093447185485, 0.0024663193433, 0.94687663628, 0.041312325827],
      [0.008978981208, 0.4968036667, 0.13454635979, 0.3596709923],
      [0.02981716852, 0.02387672673, 0.57176203851, 0.37454406624]
    ],
    [
      [8.4431194265e-05, 0.059434558284, 0.28068685722, 0.6597941533],
      [0.39089678992, 0.086282260364, 0.5220255626, 0.0007953871115],
      [0.0048088591083, 0.96304161611, 0.023867054937, 0.0082824698407],
      [0.00048197794627, 0.0014195905711, 0.9267436286, 0.071354802883],
      [0.00097008476634, 0.35744123429, 0.044873574172, 0.59671510677],
      [0.0031191275023, 0.011502356557, 0.38866492195, 0.59671359399]
    ],
    [
      [9.2161076195e-05, 0.0013458547449, 0.72640702694, 0.27215495724],
      [0.62487776072, 0.019051514801, 0.35601807847, 5.2646015299e-05],
      [0.040034545794, 0.71052297435, 0.22952191274, 0.019920567118],
      [0.0048768006359, 0.0018748159113, 0.98303639619, 0.010211987259],
      [0.0096177558836, 0.38857393766, 0.24065061372, 0.36115769274],
      [0.017179060651, 0.0087489949711, 0.77875758, 0.19531436438]
    ],
    [
      [7.7715029848e-06, 0.00067322077294, 0.52468421894, 0.47463478879],
      [0.6122049017, 0.015705477346, 0.37194875822, 0.00014086273518],
      [0.041751135205, 0.62419413343, 0.27718551994, 0.056869211421],
      [0.0028922307888, 0.0018025918762, 0.95827014449, 0.037035032848],
      [0.0058011895046, 0.1945035405, 0.23567068656, 0.56402458344],
      [0.012086114794, 0.0056414264397, 0.6213428697, 0.36092958907]
    ],
    [
      [0.016656676767, 0.0087150052254, 0.79659705549, 0.17803126252],
      [0.54027542634, 0.0029550390596, 0.45672373928, 4.5795319468e-05],
      [0.056530232972, 0.29246193895, 0.62051577277, 0.030492055307],
      [0.0012496244499, 8.4942953725e-05, 0.99480870624, 0.0038567263586],
      [0.0075321465004, 0.060547591657, 0.58373780453, 0.34818245731],
      [0.010014718592, 0.0011984994946, 0.856713413, 0.13207336891]
    ],
    [
      [0.0017224271012, 0.12229736, 0.26693273846, 0.60904747444],
      [0.90908905615, 0.069878983225, 0.018092299308, 0.0029396613181],
      [0, 0.9997581994, 0, 0.00024180059546],
      [0.040345508287, 0.067779565962, 0.83669067308, 0.055184252675],
      ["NaN", "NaN", "NaN", "NaN"],
      [0.035968648067, 0.091791822756, 0.35503164428, 0.51720788489]
    ],
    [
      [1.0880505083e-05, 0.21629005867, 0.16593895101, 0.61776010982],
      [0.31726317284, 0.23306922639, 0.44574459059, 0.0039230101865],
      ["NaN", "NaN", "NaN", "NaN"],
      [0.00043780023291, 0.00087031858512, 0.93524840458, 0.063443476605],
      [0.00040741433218, 0.39495082518, 0.14669903886, 0.45794272163],
      [0.0015085040009, 0.019319849563, 0.41274548944, 0.56642615699]
    ],
    [
      [0, 0.015946934444, 0.41183671859, 0.57221634697],
      [0, 0.025736971288, 0.97308726786, 0.0011757608492],
      [0, 0.91849936236, 0.021190712628, 0.060309925008],
      [0, 0.00022028720386, 0.95411688776, 0.045662825038],
      ["NaN", "NaN", "NaN", "NaN"],
      [0, 0.0048857082066, 0.55928388291, 0.43583040888]
    ],
    [
      [7.0928948671e-05, 0.12156518394, 0.45453591997, 0.42382796715],
      [0.73985407316, 0.051766947685, 0.20830880632, 7.0172844107e-05],
      [0.02712334763, 0.91539686705, 0.046204403538, 0.011275381782],
      [0.0088978911494, 0.003706210058, 0.96190130346, 0.025494595337],
      [0.0042861873868, 0.65809352041, 0.055223841657, 0.28239645054],
      [0.03272520666, 0.034575160748, 0.64960681052, 0.28309282207]
    ],
    [
      [0.00011937015683, 0.0021168700545, 0.59124051465, 0.40652324514],
      [0.87135965366, 0.015804171411, 0.11280272358, 3.3451348521e-05],
      [0.093300572578, 0.77534524252, 0.11288192558, 0.018472259328],
      [0.01785707112, 0.0027551414088, 0.95187966451, 0.027508122962],
      [0.024361217424, 0.48872543818, 0.1478220646, 0.33909127979],
      [0.068886374391, 0.018770100848, 0.62119562278, 0.29114790198]
    ],
    [
      [0.00042421598486, 0.0021582365083, 0.31067131784, 0.68674622967],
      [0.7796448395, 0.030895831658, 0.18896483889, 0.00049448995334],
      [0.031107910675, 0.86197937685, 0.06585088302, 0.041061829453],
      [0.0078850444776, 0.00224009299, 0.91218905076, 0.077685811776],
      [0.0055449017102, 0.36407948499, 0.041741482169, 0.58863413114],
      [0.018957331943, 0.013690547672, 0.38510390651, 0.58224821388]
    ],
    [
      [0.0064585211835, 0.0073578280374, 0.72034181844, 0.26584183234],
      [0.81954761141, 0.03164807493, 0.14875716411, 4.714955541e-05],
      [0.039790225754, 0.90849112629, 0.045771017484, 0.0059476304734],
      [0.014188840998, 0.0043322879422, 0.97104341476, 0.010435456297],
      [0.016563143711, 0.66477645196, 0.16045573316, 0.15820467117],
      [0.049834914199, 0.032594174474, 0.69417168291, 0.22339922842]
    ],
    [
      [0, 0.00093545725002, 0.51832917305, 0.4807353697],
      [0.64981077457, 0.037844693449, 0.3120608844, 0.00028364759117],
      [0.029389110588, 0.81291536892, 0.12798737652, 0.029708143968],
      [0.0043812421715, 0.0027596842286, 0.95408925391, 0.038769819692],
      [0.0062379105277, 0.41074790397, 0.15180926282, 0.43120492268],
      [0.01757701936, 0.016065278284, 0.5944947467, 0.37186295565]
    ],
    [
      [8.5806726698e-05, 0.0022191392466, 0.41798974046, 0.57970531356],
      [0.76579508167, 0.037722055063, 0.1963145398, 0.00016832346934],
      [0.036288079042, 0.84767425332, 0.085645794346, 0.030391873293],
      [0.0090400982422, 0.0028409285527, 0.93062824193, 0.057490731272],
      [0.0078399210295, 0.43286656139, 0.10217243529, 0.45712108229],
      [0.026210757649, 0.020367965973, 0.48258428697, 0.47083698941]
    ],
    [
      [0.00011142900627, 0.0024981465172, 0.3794023067, 0.61798811778],
      [0.77023618695, 0.040814339857, 0.18875281476, 0.00019665844053],
      [0.034303616515, 0.85440459547, 0.079964628726, 0.031327159287],
      [0.0094451846299, 0.0034652044644, 0.92130085499, 0.065788755912],
      [0.0072563231813, 0.43362081528, 0.08092721275, 0.47819564879],
      [0.025397917875, 0.02136383058, 0.44464648697, 0.50859176457]
    ],
    [
      [5.9476309734e-05, 0.001681457378, 0.46956462245, 0.52869444387],
      [0.76397742549, 0.032397525832, 0.20342131538, 0.00020373329778],
      [0.041702915256, 0.82648096467, 0.10275352009, 0.02906259998],
      [0.0090338827563, 0.0021683546685, 0.94139793995, 0.047399822624],
      [0.0091989486329, 0.43003276091, 0.12429905778, 0.43646923268],
      [0.028585734179, 0.018144241084, 0.53264960632, 0.42062041842]
    ],
    [
      [0.00012730833908, 0.0046673327324, 0.39190328166, 0.60330207727],
      [0.7688520924, 0.045568084972, 0.18557982262, 0],
      [0.026590939316, 0.87136747998, 0.074320160016, 0.027721420693],
      [0.0078629762297, 0.0044922761557, 0.92338734346, 0.064257404157],
      [0.0060313373976, 0.47354917615, 0.072153376254, 0.4482661102],
      [0.022069335664, 0.025272200794, 0.45405815284, 0.4986003107]
    ],
    [
      [0.00014817002302, 0.00022230463824, 0.3565931194, 0.64303640594],
      [0.71618355996, 0.011776488048, 0.27197655077, 6.3401219217e-05],
      [0.056038017999, 0.54322817867, 0.26445864747, 0.13627515586],
      [0.0022673079678, 0.00022830309734, 0.92537794332, 0.072126445614],
      [0.039861475569, 0.058959311876, 0.13912630602, 0.76205290654],
      [0.012644653507, 0.0013791397747, 0.41676009336, 0.56921611336]
    ],
    [
      [0.00021274557027, 0.00029777230919, 0.48104203788, 0.51844744424],
      [0.84702934974, 0.001893100139, 0.1508685463, 0.00020900381806],
      [0.1319219784, 0.51738905473, 0.28096164771, 0.069727319152],
      [0.0088721324779, 0.00026324774078, 0.94600342969, 0.044861190087],
      [0.014874988755, 0.14038401765, 0.21067980763, 0.63406118597],
      [0.033444166828, 0.0018824214894, 0.55623327412, 0.40844013756]
    ],
    [
      [5.3796201972e-05, 0.00028393689114, 0.49057086392, 0.50909140298],
      [0.75223523068, 0.008286523537, 0.23937082637, 0.00010741941589],
      [0.063367782465, 0.54481651032, 0.31343291016, 0.078382797061],
      [0.0047914605941, 0.0056057918438, 0.94893777101, 0.040664976547],
      [0.0075857777404, 0.13648456662, 0.14200147755, 0.71392817809],
      [0.01338724853, 0.0039307476228, 0.60018326423, 0.38249873961]
    ],
    [
      [0.052040674441, 0.0087448905098, 0.55040715371, 0.38880728134],
      ["NaN", "NaN", "NaN", "NaN"],
      [0.11008388029, 0.81036472171, 0.056711122617, 0.022840275378],
      [0.015046460673, 0.00098497587324, 0.96718239791, 0.016786165546],
      ["NaN", "NaN", "NaN", "NaN"],
      [0.062834069926, 0.0062234008001, 0.65877699604, 0.27216553323]
    ],
    [
      [6.8157185003e-05, 0.10905652149, 0.12633239282, 0.7645429285],
      [0.47586131802, 0.15622550023, 0.36460456055, 0.0033086212038],
      [0.0017056134467, 0.99067624453, 0.0058048261353, 0.0018133158923],
      [0.00077835182307, 0.0061852481846, 0.90952804783, 0.083508352167],
      ["NaN", "NaN", "NaN", "NaN"],
      [0.0017255638465, 0.04939011094, 0.35894575601, 0.5899385692]
    ],
    [
      [0.0019525352034, 0.031185867872, 0.40187956077, 0.56498203616],
      [0.86115536532, 0.042559411198, 0.094953175621, 0.0013320478582],
      [0.054090925887, 0.87834013099, 0.047357615256, 0.020211327869],
      [0.02219643859, 0.01263561696, 0.90500760504, 0.060160339405],
      [0.014170472461, 0.55149199939, 0.068333712142, 0.36600381601],
      [0.060011148015, 0.016751876849, 0.44946114449, 0.47377583065]
    ],
    [
      [0.034316223036, 0.00011515853534, 0.58899192297, 0.37657669546],
      [0.89217338768, 0.0020913628396, 0.1056733828, 6.1866681451e-05],
      [0.12540264971, 0.22994641333, 0.55784463347, 0.086806303491],
      [0.00543509117, 5.3312859975e-05, 0.96472456517, 0.029787030796],
      [0.010073424878, 0.03538719775, 0.33910852147, 0.6154308559],
      [0.017916097393, 0.00093046560528, 0.66817154092, 0.31298189608]
    ],
    [
      [3.0598709969e-05, 0.001786710759, 0.3668535364, 0.63132915413],
      [0.75730995438, 0.042348279113, 0.20008355364, 0.00025821287287],
      [0.027791158005, 0.8672472848, 0.074304207643, 0.030657349554],
      [0.0076451860213, 0.0026632867467, 0.92336569012, 0.066325837115],
      [0.0061128448175, 0.4228523755, 0.1010804183, 0.46995436138],
      [0.020877217225, 0.020532917548, 0.44143909005, 0.51715077517]
    ],
    [
      [0.0003578370366, 0.0025838041239, 0.35197753867, 0.64508082017],
      [0.65448047829, 0.056215433497, 0.28930408822, 0],
      [0.01781165279, 0.88747483596, 0.05482867706, 0.039884834187],
      [0.0044591670478, 0.0032182595143, 0.91904052532, 0.073282048119],
      [0.0036022381549, 0.36540830717, 0.10174454546, 0.52924490922],
      [0.010466618259, 0.016134681293, 0.30569075066, 0.66770794979]
    ],
    [
      ["NaN", "NaN", "NaN", "NaN"],
      [0.75304280677, 0.0096162495268, 0.2249686254, 0.012372318305],
      [0.080175666232, 0.6482234307, 0.23803006133, 0.033570841729],
      [0.0079745309624, 0.0036767966513, 0.96488928091, 0.023459391479],
      [0.015232823438, 0.29447028793, 0.16520475043, 0.5250921382],
      [0.027235002189, 0.0080661030823, 0.71585670124, 0.24884219349]
    ],
    [
      [0.00066503786234, 0.0065395580271, 0.59019525247, 0.40260015164],
      [0.88605053992, 0.026877938685, 0.087071521393, 0],
      [0.055994657703, 0.87452260241, 0.059198600344, 0.010284139539],
      [0.020026603359, 0.0051860513317, 0.94662492961, 0.0281624157],
      [0.01756195705, 0.65115666518, 0.10076429175, 0.23051708603],
      [0.072304939227, 0.036604524796, 0.59884287546, 0.29224766052]
    ],
    [
      [5.2921295006e-05, 0.0019630819165, 0.51168757343, 0.48629642336],
      [0.66073739862, 0.039534661774, 0.29963304926, 9.4890344611e-05],
      [0.025224554092, 0.86170436348, 0.077935163202, 0.035135919221],
      [0.0034792577056, 0.0016402404495, 0.95280113728, 0.042079364564],
      [0.0050160664127, 0.38735357265, 0.14514208482, 0.46248827612],
      [0.014654015866, 0.014762875679, 0.5559151297, 0.41466797876]
    ],
    [
      ["NaN", "NaN", "NaN", "NaN"],
      [0.44992131504, 0.0088404395466, 0.5160181187, 0.025220126717],
      [0.027346249252, 0.46844616812, 0.45600659615, 0.048200986487],
      [0.0013231763683, 0.00016024658512, 0.97617336855, 0.022343208496],
      [0.0038753048812, 0.13437345152, 0.28219084977, 0.57956039383],
      [0.0060000144626, 0.0025984738405, 0.74992181348, 0.24147969822]
    ],
    [
      [0.00081575356024, 0.0036214730345, 0.4646580709, 0.5309047025],
      [0.86801972619, 0.020780491858, 0.1109772894, 0.0002224925505],
      [0.0670277471, 0.82478508941, 0.083064352196, 0.025122811293],
      [0.017359641627, 0.0026823871812, 0.92997542766, 0.049982543535],
      [0.016104028142, 0.45626430241, 0.11586836189, 0.41176330756],
      [0.053929566649, 0.019648115163, 0.48588526394, 0.44053705425]
    ],
    [
      [0.00025704639235, 0.0031941662103, 0.51090965016, 0.48563913724],
      [0.77439777373, 0.032573813611, 0.19248117496, 0.00054723769646],
      [0.036231254234, 0.83917874129, 0.10244676508, 0.022143239402],
      [0.0089091344013, 0.0026583183339, 0.94740011461, 0.04103243266],
      [0.0089033512422, 0.48562818852, 0.12139807117, 0.38407038907],
      [0.029421142285, 0.015968960739, 0.53006523375, 0.42454466323]
    ],
    [
      [7.6572808542e-06, 0.0015010169018, 0.14585878357, 0.85263254225],
      [0.66517223984, 0.19774070594, 0.1253463398, 0.011740714417],
      ["NaN", "NaN", "NaN", "NaN"],
      [0.0035061648445, 0.0031365656052, 0.92227866489, 0.071078604658],
      [0.0032115096846, 0.30034584897, 0.13259765171, 0.56384498964],
      [0.0098351333453, 0.0111146728, 0.43453394215, 0.54451625171]
    ],
    [
      [0.0020669012166, 0.045505027128, 0.65561170594, 0.29681636571],
      [0.8880499045, 0.017279718845, 0.094670376658, 0],
      [0.055810395405, 0.89245498009, 0.042773214792, 0.0089614097087],
      [0.014552390452, 0.0021323607568, 0.97083171413, 0.012483534661],
      ["NaN", "NaN", "NaN", "NaN"],
      [0.05504743875, 0.02035945435, 0.73228192796, 0.19231117893]
    ],
    [
      [0.00031569290009, 0.011258689671, 0.4649379274, 0.52348769003],
      [0.74685978278, 0.05151470827, 0.20123942156, 0.00038608738837],
      [0.028180084678, 0.88334907326, 0.067089290241, 0.021381551824],
      [0.0082111487983, 0.0069226701642, 0.93544501495, 0.049421166088],
      [0.0070648819554, 0.53177880867, 0.089859697372, 0.37129661201],
      [0.027111326525, 0.030420479099, 0.51936185368, 0.4231063407]
    ],
    [
      [0.00011810083097, 0.0043557854497, 0.38778407458, 0.60774203914],
      [0.76681515961, 0.055240007867, 0.17775410478, 0.00019072774381],
      [0.02595984289, 0.89555112124, 0.056281402771, 0.022207633096],
      [0.0094875521439, 0.0060850041744, 0.91951271063, 0.064914733056],
      [0.0064263469971, 0.52832307605, 0.076848264772, 0.38840231218],
      [0.026847475924, 0.030267195883, 0.44555473938, 0.49733058881]
    ],
    [
      [0.00048665979458, 0.0055126242992, 0.53564794032, 0.45835277559],
      [0.84321317662, 0.026437570593, 0.13021822431, 0.00013102848226],
      [0.058920621369, 0.84413402335, 0.078036087919, 0.018909267363],
      [0.015375257443, 0.0035320069278, 0.94379189218, 0.037300843447],
      [0.015564444664, 0.52870358345, 0.11543381092, 0.34029816096],
      [0.052260244729, 0.025590474585, 0.57204486452, 0.35010441617]
    ],
    [
      [0.00017963062286, 0.055173746772, 0.40803256072, 0.53661406188],
      [0.69120001608, 0.043441781416, 0.26504111062, 0.00031709188332],
      [0.02498264556, 0.83830063294, 0.10620139239, 0.03051532911],
      [0.0050493581438, 0.0024244337285, 0.939182545, 0.053343663132],
      [0.00592554465, 0.39653250482, 0.058814164161, 0.53872778637],
      [0.017911788399, 0.016691398984, 0.48473310785, 0.48066370477]
    ],
    [
      [0.00067248837756, 0.0074747683257, 0.36251600723, 0.62933673606],
      [0.92881960788, 0.018886309929, 0.052294082191, 0],
      [0.067460668941, 0.85931614777, 0.051441501021, 0.021781682273],
      [0.027802138748, 0.0080906387462, 0.8929435702, 0.071163652307],
      [0.01709682554, 0.5317571805, 0.050914198579, 0.40023179538],
      [0.072330472052, 0.030884756197, 0.39581437718, 0.50097039458]
    ],
    [
      [0.00032863866889, 0.010179574972, 0.20856139545, 0.78093039091],
      [0.82623310078, 0.045852505734, 0.12705381947, 0.00086057402355],
      [0.029713711474, 0.88505816678, 0.050930152699, 0.034297969048],
      [0.011653298808, 0.0097081625572, 0.84882044026, 0.12981809838],
      [0.0053076197052, 0.35457272454, 0.047475822918, 0.59264383284],
      [0.01866923286, 0.034207508906, 0.25942797668, 0.68769528156]
    ],
    [
      [0.143805776, 0.0003275008687, 0.29321684788, 0.56264987526],
      ["NaN", "NaN", "NaN", "NaN"],
      [0.28860689899, 0.39171231395, 0.23952049622, 0.08016029085],
      [0.017261768854, 0.0018078246024, 0.92344889664, 0.057481509904],
      [0.030520002834, 0.066504284069, 0.2040265675, 0.6989491456],
      [0.06844485883, 0.0022185560206, 0.4828005567, 0.44653602845]
    ],
    [
      [0.023211871171, 0.043334128124, 0.14397622246, 0.78947777825],
      [0.81731361897, 0.028818379618, 0.15373454452, 0.00013345689529],
      [0.010530409952, 0.96032848695, 0.021095780551, 0.0080453225467],
      [0.0093423419537, 0.0030086905968, 0.91336642789, 0.074282539557],
      [0.0082487809627, 0.45863328651, 0.036009146232, 0.4971087863],
      [0.021191200354, 0.013444842609, 0.41944270192, 0.54592125512]
    ],
    [
      [0, 0, 1, 0],
      ["NaN", "NaN", "Inf", "NaN"],
      ["NaN", "NaN", "Inf", "NaN"],
      [0, 0, 1, 0],
      ["NaN", "NaN", "Inf", "NaN"],
      ["NaN", "NaN", "Inf", "NaN"]
    ],
    [
      [0.00028972211494, 0.00030902206634, 0.45954229612, 0.5398589597],
      [0.87438376802, 0.001989981587, 0.12348938664, 0.00013686376175],
      [0.11980216886, 0.5678501099, 0.24670604625, 0.065641674993],
      [0.0097776708264, 0.00027622174178, 0.94687575605, 0.043070351386],
      [0.027747132825, 0.13638032297, 0.22885095907, 0.60702158513],
      [0.034293385593, 0.001886109366, 0.57863023761, 0.38519026743]
    ],
    [
      [9.7791708363e-05, 0.0041757650714, 0.35727976774, 0.63844667548],
      [0.71579020207, 0.06483642792, 0.21913086741, 0.00024250259868],
      [0.0198778642, 0.90016688334, 0.053890201603, 0.026065050859],
      [0.0065871428382, 0.0054984203018, 0.91566673048, 0.072247706381],
      [0.0045506010336, 0.49040958459, 0.074010096481, 0.43102971789],
      [0.018513133913, 0.027328519038, 0.41789285505, 0.536265492]
    ],
    [
      [6.0357324472e-05, 0.00073524723329, 0.40246364658, 0.59674074886],
      [0.73160687789, 0.023498927994, 0.24455841031, 0.0003357838025],
      [0.04061551185, 0.795547742, 0.12344751973, 0.040389226412],
      [0.0071827714105, 0.0023312828219, 0.93749835199, 0.052987593773],
      [0.0074726789855, 0.33830598977, 0.14175408234, 0.5124672489],
      [0.021040065983, 0.014381331087, 0.51388469429, 0.45069390864]
    ],
    [
      [0.00076527290922, 0.0021175284757, 0.51992845161, 0.477188747],
      [0.92551306334, 0.0086310360859, 0.065752845885, 0.0001030546923],
      [0.099895415578, 0.70140623783, 0.16172544831, 0.036972898277],
      [0.015022571401, 0.0011732267135, 0.94043223244, 0.043371969445],
      [0.01943254972, 0.31533936024, 0.12010694305, 0.54512114698],
      [0.056524370811, 0.0095727730842, 0.47027939482, 0.46362346128]
    ],
    [
      [0.00013311591667, 0.0013202306698, 0.60342876068, 0.39511789274],
      [0.85768316885, 0.019042703407, 0.12324292735, 3.1200393155e-05],
      [0.078487471745, 0.80266560095, 0.10375796501, 0.015088962297],
      [0.017147306333, 0.0027196859188, 0.95637314946, 0.023759858293],
      [0.02163948194, 0.52946223287, 0.15245865617, 0.29643962902],
      [0.064369065029, 0.021640342971, 0.64508946272, 0.26890112928]
    ],
    [
      [0.0026286899993, 0.0093522480594, 0.6440471811, 0.34397188084],
      [0.81346273801, 0.044402386384, 0.14209730604, 3.7569569423e-05],
      [0.033105132956, 0.91357364119, 0.046606128666, 0.0067150971906],
      [0.014312818613, 0.0059828407912, 0.95956010012, 0.020144240475],
      [0.011243564167, 0.7106681188, 0.1007510687, 0.17733724833],
      [0.051215725063, 0.04385461756, 0.65053713023, 0.25439252715]
    ],
    [
      [0.00010143328581, 0.0011671694614, 0.45961491767, 0.53911647959],
      [0.78988918797, 0.017010054554, 0.15250468543, 0.040596072044],
      [0.062940984436, 0.70720604684, 0.18170561307, 0.048147355655],
      [0.0083362283034, 0.0017283477269, 0.94211773337, 0.047817690603],
      [0.012433077661, 0.34275350106, 0.080954368122, 0.56385905315],
      [0.025859380886, 0.0091717611766, 0.53683039687, 0.42813846107]
    ],
    [
      [0.00074082076536, 0.0069550752781, 0.46596837035, 0.52633573361],
      [0.93106188299, 0.012990010755, 0.05582588111, 0.00012222514756],
      [0.081878761345, 0.82344781562, 0.071258563936, 0.0234148591],
      [0.02081307657, 0.0037039265338, 0.92529576695, 0.050187229948],
      [0.020476423323, 0.47894137407, 0.10295545744, 0.39762674516],
      [0.069121923053, 0.021860528922, 0.49226803259, 0.41674951544]
    ],
    [
      [0.0013844840008, 0.00099200660477, 0.57970033814, 0.41792317126],
      [0.88143828217, 0.010409420216, 0.10721404504, 0.00093825257794],
      [0.067415594419, 0.8188069093, 0.097626939292, 0.01615055699],
      [0.017156123041, 0.0071099609811, 0.94274040828, 0.032993507701],
      [0.018477625937, 0.54450897069, 0.1220152581, 0.31499814527],
      [0.071344039601, 0.011012172947, 0.52792636592, 0.38971742153]
    ],
    [
      [0, 0.0023131682935, 0.45622952631, 0.5414573054],
      [0.94404703125, 0.0085843947951, 0.047140835576, 0.00022773838268],
      [0.10556265217, 0.827650872, 0.055876312107, 0.010910163722],
      [0.038321019366, 0.013199730831, 0.91370802669, 0.034771223114],
      [0.034642703848, 0.62044451725, 0.11094232688, 0.23397045202],
      [0.14042502764, 0.039141009788, 0.52390838936, 0.29652557322]
    ],
    [
      [3.706277135e-05, 0.0032942795429, 0.45281426876, 0.54385438892],
      [0.68172899571, 0.063024138372, 0.25499378182, 0.00025308409532],
      [0.019409857088, 0.89202205085, 0.06754538605, 0.021022706007],
      [0.0051160749658, 0.0042063114073, 0.93997363022, 0.050703983412],
      [0.0048636030548, 0.53338744084, 0.09761493535, 0.36413402076],
      [0.018907708515, 0.028450477648, 0.52098221132, 0.43165960252]
    ],
    [
      [9.2344105199e-05, 0.002775187894, 0.49648788043, 0.50064458757],
      [0.76879036765, 0.033152724039, 0.19787998882, 0.00017691949177],
      [0.041531047002, 0.84070031015, 0.092067354849, 0.025701288002],
      [0.0093267184655, 0.0023558662929, 0.94478497492, 0.043532440322],
      [0.0095661944831, 0.46413015838, 0.1183692978, 0.40793434934],
      [0.030561772006, 0.020073643918, 0.55241869767, 0.3969458864]
    ],
    [
      [9.6105287961e-05, 0.0012155466801, 0.41401564065, 0.58467270738],
      [0.89579961411, 0.021972664115, 0.082171072078, 5.664969945e-05],
      [0.056551870868, 0.83684469428, 0.082412183887, 0.024191250968],
      [0.014941763884, 0.0028120570226, 0.93331952969, 0.048926649406],
      [0.013481393008, 0.46530906987, 0.12537394539, 0.39583559173],
      [0.04734699122, 0.020748320892, 0.49531793453, 0.43658675336]
    ],
    [
      [0.00013996522582, 0.0038501987705, 0.48928026191, 0.50672957409],
      [0.83246410498, 0.040936494091, 0.12638244691, 0.00021695401442],
      [0.036249827839, 0.89641011748, 0.053758329316, 0.013581725366],
      [0.015382017207, 0.0053140107386, 0.93665049276, 0.042653479299],
      [0.010586042178, 0.63444455724, 0.075992441407, 0.27897695918],
      [0.047311714028, 0.038703255506, 0.5395832315, 0.37440179896]
    ],
    [
      [6.8354105532e-05, 0.0021363220861, 0.41925260904, 0.57854271477],
      [0.69164812914, 0.037906381616, 0.26989148729, 0.00055400195389],
      [0.025366073619, 0.83415419744, 0.10416888369, 0.036310845253],
      [0.0047965728258, 0.0015061371394, 0.93684305962, 0.05685423041],
      [0.004939822479, 0.36510112035, 0.12915914159, 0.50079991558],
      [0.014981365743, 0.015326750197, 0.49696349132, 0.47272839274]
    ],
    [
      [2.1630629832e-05, 0.00064456374504, 0.40449530186, 0.59483850377],
      [0.63583840187, 0.017173539325, 0.34643446227, 0.00055359653738],
      [0.041542049687, 0.64421149278, 0.2313546668, 0.082891790741],
      [0.0034328634846, 0.0005062399556, 0.93695645217, 0.059104444387],
      [0.0047700755122, 0.16353226117, 0.15371774922, 0.6779799141],
      [0.0111822767, 0.0052443460872, 0.49590596487, 0.48766741235]
    ],
    [
      [0, 0.00059088269728, 0.10986845041, 0.88954066689],
      [0, 0.12331189189, 0.80270342546, 0.073984682647],
      [0, 0.90747561348, 0.052839276589, 0.039685109935],
      [0, 0.00058611059599, 0.90692137663, 0.092492512772],
      [0, 0.17483157739, 0.1082234913, 0.71694493131],
      [0, 0.0076417774016, 0.3392899081, 0.6530683145]
    ],
    [
      [0.00010125078903, 0.028489793834, 0.2447655199, 0.72664343547],
      [0.61704984598, 0.050844453807, 0.3298958052, 0.0022098950172],
      [0.016033712454, 0.93011492858, 0.036026313246, 0.017825045722],
      [0.0019946551405, 0.0035187064226, 0.90415835056, 0.09032828788],
      [0.0022566015099, 0.28413349654, 0.079536476685, 0.63407342526],
      [0.0072642300624, 0.011791673809, 0.35865745842, 0.62228663771]
    ],
    [
      [0.00051913953838, 0.073020204894, 0.4336280517, 0.49283260387],
      [0.81345408747, 0.055514241518, 0.13072535533, 0.00030631568043],
      [0.017733944384, 0.95902731427, 0.01361564468, 0.0096230966655],
      [0.011211528947, 0.0060986202511, 0.93914694382, 0.043542906984],
      [0.0059514266463, 0.7156773608, 0.063247356366, 0.21512385619],
      [0.032163098565, 0.045720391295, 0.54691611618, 0.37520039396]
    ],
    [
      [1.2971487932e-06, 0.16998586479, 0.32577846428, 0.50423437378],
      [0.40817732679, 0.23734603127, 0.35412586499, 0.00035077695204],
      [0.00099746872936, 0.98034108382, 0.011924012397, 0.0067374350587],
      [0.00084822268197, 0.0095523463185, 0.94745933516, 0.042140095838],
      [0.00083823226971, 0.79934630142, 0.04149619916, 0.15831926715],
      [0.0074281617379, 0.072933557008, 0.55083966458, 0.36879861667]
    ],
    [
      [2.6323893933e-05, 0.00042986760378, 0.6436952773, 0.3558485312],
      [0.43587521535, 0.013115200994, 0.5505192245, 0.00049035915565],
      [0.025337018852, 0.63322485975, 0.28651856069, 0.054919560704],
      [0.0006770263808, 0.00020594482917, 0.97310771442, 0.026009314368],
      [0.0014187110287, 0.1687902713, 0.2891260946, 0.54066492307],
      [0.0027965582623, 0.0019256687938, 0.69472197365, 0.30055579929]
    ],
    [
      [0.00012680499113, 0.0011967485237, 0.70510243097, 0.29357401552],
      [0.3970178782, 0.022327138617, 0.58060674342, 4.8239759061e-05],
      [0.015277682938, 0.68112223786, 0.27385956634, 0.029740512856],
      [0.0014715115523, 0.0034995768763, 0.97787960371, 0.017149307861],
      [0.0028124484478, 0.24220261197, 0.344242206, 0.41074273359],
      [0.0050494086114, 0.0060026879152, 0.75930785833, 0.22964004514]
    ],
    [
      [1.8426654422e-05, 0.00013531936919, 0.094830500202, 0.90501575377],
      [0.4532513824, 0.003105154314, 0.52750235839, 0.016141104903],
      [0.02262251802, 0.4783879572, 0.30365365985, 0.19533586494],
      [0.00070970885231, 0.00016587036428, 0.90256318411, 0.096561236678],
      ["NaN", "NaN", "NaN", "NaN"],
      [0.0015523882557, 0.0054577054956, 0.34038509382, 0.65260481243]
    ],
    [
      [9.1891734386e-05, 0.0017034816698, 0.50408804057, 0.49411658603],
      [0.65217440945, 0.028900681057, 0.31861348016, 0.00031142933169],
      [0.035004407284, 0.76081793178, 0.16349410979, 0.040683551153],
      [0.0045653227122, 0.0021218037643, 0.9500807184, 0.043232155121],
      [0.0063920912633, 0.3271557683, 0.15076667901, 0.51568546143],
      [0.016134662565, 0.011388331295, 0.57334816872, 0.39912883742]
    ],
    [
      [0.00015115450881, 0.0019179512997, 0.57283609971, 0.42509479448],
      [0.71680258932, 0.024703787258, 0.25843817246, 5.545095956e-05],
      [0.045609939136, 0.75523287813, 0.1679868664, 0.031170316334],
      [0.006359312226, 0.00208412355, 0.95879468387, 0.032761880356],
      [0.009623619727, 0.37939014527, 0.1570453385, 0.4539408965],
      [0.023310249442, 0.012528185818, 0.62800418654, 0.3361573782]
    ],
    [
      [6.7116263849e-05, 0.002193972409, 0.53631072569, 0.46142818564],
      [0.76342889257, 0.037585029463, 0.19890590396, 8.0174002458e-05],
      [0.038093115367, 0.85458519521, 0.088470392616, 0.01885129681],
      [0.0094799656462, 0.002820925476, 0.95244806599, 0.035251042891],
      [0.0099195068556, 0.52796200338, 0.12825653692, 0.33386195284],
      [0.033177145963, 0.024587627894, 0.59643618772, 0.34579903842]
    ],
    [
      [3.6106079225e-05, 0.080659678221, 0.40057429443, 0.51872992127],
      [0.32237558575, 0.19916611724, 0.47804793207, 0.00041036493901],
      [0.000927966577, 0.95745068286, 0.02798394003, 0.013637410528],
      [0.00044306073553, 0.002519659463, 0.94707840349, 0.049958876315],
      [0.00087147387963, 0.54085510636, 0.037007202851, 0.42126621691],
      [0.0040658654241, 0.036493428999, 0.54502923815, 0.41441146743]
    ],
    [
      [0.0011798686462, 0.0045270051455, 0.5984087625, 0.39588436371],
      [0.92264401678, 0.010920150074, 0.066426154012, 9.6791344256e-06],
      [0.13273377508, 0.76135589825, 0.089525515362, 0.016384811299],
      [0.023901131227, 0.0064656089619, 0.94106553241, 0.028567727403],
      [0.037013024581, 0.50238770824, 0.14468457788, 0.3159146893],
      [0.11075573039, 0.019255992113, 0.5812106272, 0.2887776503]
    ],
    [
      [8.4270632891e-05, 0.0013127361205, 0.53688398141, 0.46171901184],
      [0.82207369578, 0.023114300974, 0.15475267929, 5.9323964234e-05],
      [0.062428614876, 0.80488368902, 0.10994399526, 0.022743700844],
      [0.012732442551, 0.0023152279264, 0.94938191272, 0.035570416806],
      [0.015027278945, 0.46950970831, 0.13425812035, 0.3812048924],
      [0.044944384879, 0.019090172695, 0.59089247984, 0.34507296259]
    ],
    [
      [0.003072961126, 0.0037970221083, 0.70010262052, 0.29302739625],
      [0.82195890269, 0.020934777612, 0.15707484416, 3.1475540434e-05],
      [0.059178637811, 0.82094882607, 0.10861284609, 0.011259690027],
      [0.012248957196, 0.0018402374358, 0.97106937251, 0.014841432862],
      [0.012481832605, 0.621042876, 0.088942230992, 0.27753306041],
      [0.048681851795, 0.019983970156, 0.70109967011, 0.23023450794]
    ]
  ],
  "expected_outcome": [
    [
