{
  "X": [
    [0, 11, 17, 29, 0],
    [4, 1, 19, 12, 0],
    [2, 15, 36, 41, 1],
    [4, 0, 12, 5, 3],
    [15, 23, 183, 160, 15],
    [112, 254, 1873, 1408, 126],
    [0, 6, 28, 21, 2],
    [31, 56, 339, 277, 13],
    [2, 4, 13, 29, 1],
    [20, 14, 255, 127, 18],
    [2, 1, 9, 4, 0],
    [2, 3, 24, 21, 1],
    [1, 8, 10, 18, 0],
    [0, 2, 10, 10, 0],
    [14, 20, 197, 233, 14],
    [43, 113, 674, 826, 69],
    [4, 11, 106, 116, 11],
    [5, 14, 90, 129, 8],
    [13, 28, 189, 207, 15],
    [7, 22, 101, 163, 22],
    [24, 56, 309, 231, 21],
    [81, 243, 1302, 1793, 145],
    [13, 11, 168, 164, 7],
    [44, 122, 616, 825, 58],
    [7, 8, 95, 129, 10],
    [8, 20, 116, 121, 14],
    [0, 1, 7, 20, 2],
    [0, 1, 1, 7, 0],
    [10, 21, 105, 223, 29],
    [1, 10, 13, 17, 0],
    [4, 4, 58, 58, 4],
    [1, 4, 8, 10, 0],
    [31, 18, 399, 179, 29],
    [1, 0, 18, 8, 0],
    [1, 1, 17, 7, 0],
    [1, 2, 17, 16, 1],
    [5, 3, 22, 14, 2],
    [70, 156, 907, 1006, 52],
    [7, 19, 160, 156, 7],
    [22, 27, 303, 217, 20],
    [1, 2, 17, 18, 1],
    [37, 44, 300, 276, 28],
    [5, 3, 36, 22, 1],
    [2, 1, 73, 75, 23],
    [0, 0, 3, 7, 0],
    [16, 19, 214, 111, 17],
    [5, 7, 99, 50, 4],
    [16, 24, 279, 123, 15],
    [4, 10, 53, 40, 2],
    [3, 20, 115, 65, 7],
    [8, 11, 122, 62, 4],
    [5, 12, 75, 51, 7],
    [6, 7, 40, 35, 2],
    [6, 5, 117, 44, 1],
    [0, 1, 6, 4, 2],
    [2, 8, 33, 25, 0],
    [1, 1, 2, 5, 0],
    [0, 2, 3, 6, 2],
    [15, 28, 218, 254, 34],
    [7, 17, 83, 141, 12],
    [13, 26, 247, 244, 38],
    [8, 9, 89, 106, 14],
    [4, 2, 25, 13, 0],
    [13, 35, 208, 203, 19],
    [1, 2, 21, 43, 2],
    [16, 39, 243, 203, 18],
    [12, 28, 186, 265, 25],
    [8, 42, 230, 188, 15],
    [16, 26, 268, 159, 18],
    [1, 1, 5, 2, 1],
    [0, 1, 1, 5, 1],
    [0, 2, 12, 15, 5],
    [8, 13, 91, 78, 6],
    [1, 0, 19, 16, 1],
    [0, 1, 13, 3, 0],
    [0, 2, 5, 3, 0],
    [19, 16, 222, 161, 15],
    [19, 35, 306, 213, 29],
    [1, 1, 7, 7, 1],
    [9, 14, 32, 24, 5],
    [7, 5, 51, 27, 3],
    [25, 165, 341, 598, 23],
    [178, 395, 1462, 2107, 227],
    [115, 251, 792, 1085, 188],
    [0, 0, 7, 13, 1]
  ],
  "W": [
    [2, 16, 28, 10, 1],
    [3, 7, 11, 13, 2],
    [8, 21, 39, 20, 7],
    [2, 1, 9, 9, 3],
    [39, 32, 193, 106, 26],
    [339, 379, 1668, 1110, 277],
    [0, 11, 20, 22, 4],
    [56, 91, 308, 223, 38],
    [0, 3, 31, 5, 10],
    [45, 24, 150, 190, 25],
    [1, 0, 8, 7, 0],
    [4, 6, 19, 20, 2],
    [0, 4, 18, 10, 5],
    [0, 7, 8, 5, 2],
    [26, 21, 292, 117, 22],
    [97, 123, 979, 410, 116],
    [12, 21, 136, 63, 16],
    [13, 16, 157, 43, 17],
    [34, 36, 244, 106, 32],
    [5, 15, 208, 57, 30],
    [52, 55, 289, 209, 36],
    [236, 355, 2046, 664, 263],
    [26, 38, 197, 85, 17],
    [112, 186, 922, 314, 131],
    [12, 23, 137, 58, 19],
    [23, 34, 147, 54, 21],
    [1, 1, 24, 3, 1],
    [0, 1, 7, 1, 0],
    [11, 15, 264, 72, 26],
    [0, 10, 16, 10, 5],
    [11, 7, 73, 29, 8],
    [3, 5, 9, 5, 1],
    [61, 23, 214, 323, 35],
    [2, 1, 9, 14, 1],
    [0, 1, 7, 17, 1],
    [1, 4, 14, 15, 3],
    [4, 4, 15, 19, 4],
    [158, 230, 1049, 641, 113],
    [43, 27, 184, 81, 14],
    [69, 38, 257, 192, 33],
    [3, 0, 20, 12, 4],
    [62, 58, 287, 221, 57],
    [12, 7, 22, 24, 2],
    [5, 1, 88, 66, 14],
    [0, 3, 4, 2, 1],
    [35, 17, 171, 125, 29],
    [15, 4, 68, 60, 18],
    [58, 37, 186, 140, 36],
    [18, 17, 42, 22, 10],
    [10, 21, 79, 77, 23],
    [18, 13, 89, 70, 17],
    [15, 19, 54, 49, 13],
    [5, 11, 45, 25, 4],
    [20, 6, 65, 72, 10],
    [0, 0, 7, 3, 3],
    [4, 4, 29, 14, 17],
    [0, 0, 8, 0, 1],
    [1, 2, 3, 5, 2],
    [28, 20, 330, 118, 53],
    [13, 19, 158, 45, 25],
    [36, 29, 304, 142, 57],
    [18, 14, 119, 55, 20],
    [2, 4, 16, 19, 3],
    [34, 39, 261, 101, 43],
    [1, 9, 36, 15, 8],
    [28, 49, 248, 145, 49],
    [32, 44, 290, 86, 64],
    [32, 52, 239, 114, 46],
    [58, 42, 185, 158, 44],
    [1, 0, 2, 4, 3],
    [0, 1, 5, 2, 0],
    [0, 1, 19, 8, 6],
    [14, 19, 87, 61, 15],
    [2, 0, 19, 10, 6],
    [1, 1, 4, 9, 2],
    [0, 0, 5, 4, 1],
    [33, 35, 190, 131, 44],
    [54, 52, 242, 205, 49],
    [0, 0, 11, 6, 0],
    [5, 9, 36, 26, 8],
    [6, 7, 37, 34, 9],
    [55, 210, 604, 213, 70],
    [267, 417, 2289, 1027, 369],
    [138, 195, 1310, 540, 248],
    [0, 2, 11, 4, 4]
  ],
  "method": "mult",
  "cond_prob": [
    [
      [0, 0.0024632354012, 0.98354866614, 0.013988098456, 0],
      [0, 0.51655447333, 0.089370698298, 0.39407482837, 0],
      [0, 0.083446621697, 0.12722041177, 0.78933296653, 0],
      [0, 0.012330506005, 0.95443565542, 0.03323383857, 0],
      [0, 0.27039148838, 0.49644341111, 0.23316510051, 0]
    ],
    [
      [0.097253002099, 0, 0.9027469979, 0, 0],
      [0.047355780528, 0.1282551631, 0.23073100437, 0.593658052, 0],
      [0.093706754379, 0, 0.23257877119, 0.67371447444, 0],
      [0.15419486681, 0, 0.84580513319, 0, 0],
      [0.17072148164, 0.051106929162, 0.5614043806, 0.2167672086, 0]
    ],
    [
      [0.031101490234, 0.0037768775753, 0.95007115934, 0.015050472847, 0],
      [0, 0.49322244932, 0.10157371909, 0.4052038316, 0],
      [0.005035105202, 0.071459820092, 0.13883073113, 0.77560225385, 0.0090720897352],
      [0.064334888097, 0.011033446776, 0.88855259465, 0.033326315324, 0.0027527551508],
      [0.038303030473, 0.22921594638, 0.44013317393, 0.20790022103, 0.084447628188]
    ],
    [
      [0.13717087076, 0, 0.86189363643, 0, 0.00093549281039],
      [0.013626687742, 2.2204460493e-16, 0.3037497243, 0.68232947293, 0.00029411503329],
      [0.1518691259, 0, 0.25466693334, 0.46343407559, 0.13002986517],
      [0.21622100508, 0, 0.75658123864, 0, 0.027197756277],
      [0.13307346396, 0, 0.29040981834, 0.048921282262, 0.52759543544]
    ],
    [
      [0.04467823891, 0, 0.94664727782, 0.0086744832662, 0],
      [0.0016788269153, 0.39536111511, 0.14881147599, 0.45414858198, 0],
      [0.012497835777, 0.035569582901, 0.19223309762, 0.72028428454, 0.039415199161],
      [0.089532231316, 0.00017691785627, 0.88232692343, 0.016669144764, 0.011294782631],
      [0.050051053723, 0.1332600586, 0.41119796953, 0.16719785648, 0.23829306166]
    ],
    [
      [0.032201712527, 0, 0.96084571079, 0.0069525766803, 0],
      [0.0014063853601, 0.40303959278, 0.15700152832, 0.43855249354, 0],
      [0.010100988696, 0.037155535189, 0.20980723944, 0.70853711835, 0.034399118331],
      [0.06583452077, 0, 0.91470087683, 0.010307820509, 0.0091567818873],
      [0.038360405061, 0.14177820087, 0.44221399328, 0.16660681332, 0.21104058747]
    ],
    [
      [4.7054374286e-17, 0.00047224400005, 0.98770421607, 0.011679316236, 0.00014422369163],
      [0, 0.41957596628, 0.1421630703, 0.43826096342, 0],
      [1.7342123727e-33, 0.039351239799, 0.17825804733, 0.74499719817, 0.037393514699],
      [4.6800183294e-37, 0.00063744573522, 0.96246571717, 0.027054199105, 0.0098426379864],
      [0, 0.14590394219, 0.42419987557, 0.17099826466, 0.25889791758]
    ],
    [
      [0.048480042714, 0, 0.94223110377, 0.0092888535143, 0],
      [0.0016136487132, 0.41242724525, 0.14530205154, 0.4406570545, 0],
      [0.013581847046, 0.040076969104, 0.19210279011, 0.73356805867, 0.020670335067],
      [0.0972458444, 0.0002018391982, 0.88206906387, 0.015000395435, 0.0054828570932],
      [0.059716931155, 0.16001063308, 0.45114502369, 0.18673636818, 0.14239104389]
    ],
    [
      [0.071562711683, 0.00048828304918, 0.91442541393, 0.013482375385, 4.1215956109e-05],
      [0.0012612907394, 0.41641131661, 0.11582236222, 0.46650503042, 0],
      [0.012168593257, 0.033375823582, 0.13658751348, 0.81113024505, 0.0067378246318],
      [0.1433094689, 0.0012503577654, 0.82112987118, 0.03170451624, 0.0026057859109],
      [0.09024423923, 0.17098637303, 0.43126706395, 0.22969247311, 0.077809850686]
    ],
    [
      [0.039810317358, 0, 0.95165542188, 0.0083607913779, 0.00017346937944],
      [0.0015820694858, 0.33415812306, 0.16280348977, 0.50145631769, 0],
      [0.014108988439, 0.023414073412, 0.18766709898, 0.72343778092, 0.051372058251],
      [0.078794305209, 0, 0.89555043265, 0.010612639632, 0.015042622511],
      [0.043331991825, 0.09872376139, 0.39854300844, 0.16226976381, 0.29713147453]
    ],
    [
      [0.098124609047, 0, 0.90187539095, 0, 0],
      [0, 1, 0, 0, 0],
      [0.10141244688, 0.125, 0.27358755312, 0.5, 0],
      [0.15579654513, 0, 0.84420345487, 0, 0],
      [0.097260327511, 0.50424750285, 0.31480806781, 0.083684101827, 0]
    ],
    [
      [0.041473978662, 0, 0.93569214903, 0.022833872307, 0],
      [0.00015280418304, 0.36344035362, 0.10865359893, 0.52775324327, 0],
      [0.0050647813454, 0.02888228575, 0.10576661772, 0.83713797961, 0.023148335572],
      [0.082265109366, 0, 0.84092685047, 0.06918442567, 0.0076236144897],
      [0.045827113685, 0.13529722452, 0.38860353208, 0.22641746256, 0.20385466716]
    ],
    [
      [0.046176581473, 0.0017026365956, 0.93366895643, 0.018451825505, 0],
      [0, 0.6725628686, 0.0331089538, 0.2943281776, 0],
      [0, 0.14692187411, 0.018607650057, 0.83447047583, 0],
      [0.080758945708, 0.044430472343, 0.80897857826, 0.065832003686, 0],
      [0.038482108583, 0.44417001363, 0.28856814023, 0.22877973756, 0]
    ],
    [
      [0, 0.00019801604972, 0.99076208678, 0.0090398971714, 0],
      [0, 0.25723399171, 0.23760084108, 0.50516516721, 0],
      [0, 0, 0.2512249124, 0.7487750876, 0],
      [0, 0, 0.99266489062, 0.0073351093792, 0],
      [0, 0.099681029029, 0.68183518004, 0.21848379093, 0]
    ],
    [
      [0.038190828067, 0.00015963143229, 0.95051769446, 0.011109166505, 2.2679537161e-05],
      [0.0012385009975, 0.36526174366, 0.15243538229, 0.48106437305, 0],
      [0.010217789008, 0.032202622219, 0.18822117173, 0.73967164971, 0.029686767328],
      [0.076823129337, 0.00082406437675, 0.89198312416, 0.021733110443, 0.0086365716871],
      [0.045869519386, 0.12844417027, 0.44376314746, 0.18554155448, 0.19638160841]
    ],
    [
      [0.034291444894, 0.00058292984679, 0.95159923184, 0.013384203529, 0.00014218988885],
      [0.0009120553596, 0.41745764775, 0.1313836988, 0.4502465981, 0],
      [0.0073538758726, 0.043625887607, 0.15907648313, 0.7520789711, 0.037864782289],
      [0.068512060603, 0.0027481689573, 0.88711800278, 0.029578410197, 0.012043357465],
      [0.03682894577, 0.15310061976, 0.39724501239, 0.18024948105, 0.23257594103]
    ],
    [
      [0.020271585603, 0, 0.96832870471, 0.011383407391, 1.6302297115e-05],
      [0.00079515045468, 0.31246992641, 0.16757920516, 0.51915571797, 0],
      [0.0059247946832, 0.021242939909, 0.18945553007, 0.74028173878, 0.043094996558],
      [0.040632754309, 0, 0.92358169109, 0.022880379162, 0.012905175438],
      [0.023400450926, 0.096818232358, 0.43183085047, 0.177584292, 0.27036617425]
    ],
    [
      [0.031035676171, 0.00019689109799, 0.95710988338, 0.011657549354, 0],
      [0.00087818300334, 0.38386802248, 0.14762491927, 0.46762887525, 0],
      [0.0078771068752, 0.034629974375, 0.18346009523, 0.7460039785, 0.028028845027],
      [0.063029312905, 0.0012911997219, 0.90248968988, 0.024797937383, 0.0083918601144],
      [0.037383473377, 0.13900732301, 0.44619301134, 0.18690905429, 0.19050713799]
    ],
    [
      [0.037593533915, 0.000134961437, 0.95063492477, 0.011636579882, 0],
      [0.0010523652063, 0.39522827545, 0.14265439002, 0.46106496933, 0],
      [0.0093784116153, 0.037093544284, 0.17851404835, 0.74410347227, 0.030910523479],
      [0.075505966565, 0.0011798443002, 0.88978104369, 0.024320249807, 0.009212895637],
      [0.043499056545, 0.14347828418, 0.42714487777, 0.18333823982, 0.20253954168]
    ],
    [
      [0.036001951035, 0.00063651696987, 0.9506346859, 0.012441803339, 0.00028504275818],
      [0.0009731024923, 0.45352972732, 0.12618457492, 0.41911389899, 0.00019869627198],
      [0.0080202383222, 0.050032200676, 0.16100527728, 0.72364776414, 0.057294519581],
      [0.071845006903, 0.0033463306765, 0.88104396303, 0.025857589991, 0.017907109397],
      [0.034733958098, 0.15321443054, 0.35484847935, 0.15528216423, 0.30192096779]
    ],
    [
      [0.041026572981, 0.0016961738682, 0.94852941806, 0.008697008256, 5.0826829933e-05],
      [0.0011203494878, 0.51003029165, 0.12388510277, 0.3649642561, 0],
      [0.010731075499, 0.066549299366, 0.18534386036, 0.69936437785, 0.038011386934],
      [0.082015163021, 0.0073140484247, 0.88626829453, 0.013557742535, 0.010844751489],
      [0.043404141459, 0.19718748002, 0.39078723358, 0.15346800272, 0.21515314221]
    ],
    [
      [0.034990591704, 0.00021167003359, 0.95115128024, 0.013534593686, 0.00011186433493],
      [0.00096522001753, 0.37964765256, 0.13950374773, 0.4798833797, 0],
      [0.0077402337317, 0.035075526534, 0.16206750961, 0.75809517006, 0.037021560072],
      [0.069925290451, 0.0014849833254, 0.88745333295, 0.029383932916, 0.011752460355],
      [0.038527209799, 0.13469419391, 0.40739669082, 0.18583112816, 0.23355077731]
    ],
    [
      [0.042159524985, 0, 0.95302872511, 0.0048117499089, 0],
      [0.0027801758104, 0.22188047906, 0.21394328979, 0.56139605534, 0],
      [0.017923371038, 0.0071129719314, 0.24896042613, 0.70542211925, 0.020581111657],
      [0.08491946791, 0, 0.90624333714, 0.0040185348398, 0.0048186601053],
      [0.061714517814, 0.068663901493, 0.53032473711, 0.19012420273, 0.14917264086]
    ],
    [
      [0.039924814022, 0.00014190806227, 0.94663001491, 0.013297516914, 5.7460905292e-06],
      [0.0009947671766, 0.38155130262, 0.1395504723, 0.47790345791, 0],
      [0.009097990096, 0.035046804953, 0.16529112636, 0.75985308267, 0.030710995926],
      [0.079579473238, 0.0012856721268, 0.88085354499, 0.028684530703, 0.0095967789437],
      [0.04555032572, 0.13968479997, 0.42011159431, 0.19106221431, 0.20359106569]
    ],
    [
      [0.038732483789, 0, 0.9463212314, 0.014946284808, 0],
      [0.0013261817302, 0.22504966662, 0.16293543795, 0.6106887137, 0],
      [0.0087781142036, 0.010912142005, 0.15238279707, 0.79378725641, 0.034139690305],
      [0.07651926778, 0, 0.8778751083, 0.034658223314, 0.010947400608],
      [0.045473096715, 0.069941800684, 0.42649635106, 0.21135647823, 0.24673227331]
    ],
    [
      [0.038870488599, 0, 0.95406917253, 0.0068141192528, 0.00024621961382],
      [0.0018956858368, 0.38435216769, 0.1650885562, 0.44855837458, 0.00010521569484],
      [0.012769991826, 0.030291875238, 0.214793704, 0.6917937909, 0.050350638028],
      [0.078690156387, 0, 0.89360916606, 0.013764551384, 0.013936126168],
      [0.043574676211, 0.11805336374, 0.41018231738, 0.15025321352, 0.27793642915]
    ],
    [
      [0, 0.00021964720116, 0.98397953377, 0.015499179982, 0.00030163904257],
      [0, 0.363163051, 0.12152234073, 0.51528518014, 2.9428128258e-05],
      [0, 0.022590881839, 0.114824153, 0.79975251068, 0.062832454488],
      [0, 0.001325638108, 0.94084514681, 0.035274422613, 0.022554792471],
      [0, 0.090459223344, 0.31618301315, 0.1693321158, 0.42402564771]
    ],
    [
      [0, 0.00091138175598, 0.97928858393, 0.019800034309, 0],
      [0, 0.67230302485, 0.023222433102, 0.30447454205, 0],
      [0, 0.046265581227, 0.0053406413304, 0.94839377744, 0],
      [0, 0.0038379065595, 0.93939307759, 0.056769015855, 0],
      [0, 0.37032633221, 0.31443104651, 0.31524262129, 0]
    ],
    [
      [0.049807453012, 0.00069915775498, 0.93148579009, 0.017515011752, 0.00049258739575],
      [0.00099509910126, 0.41143377817, 0.10685833711, 0.4804699997, 0.00024278591763],
      [0.0056008404894, 0.042079584764, 0.096948231583, 0.78824092594, 0.067130417226],
      [0.096055050727, 0.0033964664397, 0.83372715534, 0.041645475466, 0.025175852027],
      [0.040100230339, 0.13335563964, 0.28954203577, 0.17331562286, 0.36368647139]
    ],
    [
      [0.037733435925, 0.00098290479241, 0.94816155666, 0.01312210262, 0],
      [0, 0.60796843535, 0.060864833416, 0.33116673124, 0],
      [0.0015211206497, 0.1205710543, 0.10711987662, 0.77078794843, 0],
      [0.075671570252, 0.030365462503, 0.86164758691, 0.03231538033, 0],
      [0.043789273418, 0.33750483053, 0.41219155416, 0.2065143419, 0]
    ],
    [
      [0.037494681388, 0, 0.95577085834, 0.0067344602765, 0],
      [0.0017138406001, 0.28902537524, 0.18316315827, 0.52609762589, 0],
      [0.012964883018, 0.017401325244, 0.22198302769, 0.71841532804, 0.029235436015],
      [0.077020573776, 0, 0.90298886377, 0.012502405942, 0.0074881565091],
      [0.049441065087, 0.088315703814, 0.47661754748, 0.17954360461, 0.20608207901]
    ],
    [
      [0.067096607817, 0.0095077669617, 0.89766772516, 0.025727900059, 0],
      [0, 0.55781915537, 0.053126123996, 0.38905472064, 0],
      [0.0016659594535, 0.089033081132, 0.076026056723, 0.83327490269, 0],
      [0.14011177791, 0.018335272164, 0.79255920625, 0.048993743678, 0],
      [0.083157651937, 0.28940683127, 0.39433566277, 0.23309985402, 0]
    ],
    [
      [0.038916181796, 0, 0.95016993618, 0.010547382306, 0.00036649971515],
      [0.001346466288, 0.34874465029, 0.15495614027, 0.49489615502, 5.6588134596e-05],
      [0.010116964155, 0.029785669, 0.17558485244, 0.72780431407, 0.05670820034],
      [0.077500206531, 0, 0.88733535372, 0.017403854386, 0.017760585368],
      [0.039929918488, 0.10299256793, 0.37974757128, 0.16006942678, 0.31726051553]
    ],
    [
      [0.027199119189, 0, 0.9668357118, 0.0059651690071, 0],
      [0.0014828188848, 0, 0.23488458795, 0.76363259317, 0],
      [0.027679399982, 0, 0.20024901351, 0.7720715865, 0],
      [0.046049711326, 0, 0.95395028867, 0, 0],
      [0.050308384337, 0, 0.67389882539, 0.27579279027, 0]
    ],
    [
      [0.026352984175, 0.00053577434951, 0.95983819298, 0.013273048495, 0],
      [0.00047118616103, 0.55491532138, 0.09026340649, 0.35435008597, 0],
      [0.014695888842, 0.030202545776, 0.14370797977, 0.81139358561, 0],
      [0.050633831745, 0, 0.90664973222, 0.042716436039, 0],
      [0.035882452281, 0.23366685819, 0.49073528744, 0.23971540209, 0]
    ],
    [
      [0.027965535507, 0, 0.95341229622, 0.018622168274, 0],
      [8.0050581432e-05, 0.33733529296, 0.11191497363, 0.55066968283, 0],
      [0.0053275035948, 0.020323057437, 0.10231923601, 0.85122760393, 0.020802599028],
      [0.053582739129, 0, 0.86483632352, 0.076050976358, 0.0055299609937],
      [0.031129374966, 0.12204534135, 0.39797121745, 0.24024933334, 0.2086047329]
    ],
    [
      [0.10535202237, 0, 0.8826068473, 0.01204113033, 0],
      [0.0030945589665, 0.45853641382, 0.1117092275, 0.42665979971, 0],
      [0.02475441458, 0.039354584447, 0.14588585407, 0.74659635299, 0.043408793914],
      [0.19967361482, 0, 0.76611340759, 0.021852523781, 0.0123604538],
      [0.10027469358, 0.14388389451, 0.31957328635, 0.15776325829, 0.27850486727]
    ],
    [
      [0.040795582135, 0.00078793108658, 0.94025116897, 0.018135583285, 2.9734523559e-05],
      [0.00051741028133, 0.3982133756, 0.11827262888, 0.48299658523, 0],
      [0.0064359562034, 0.04183900409, 0.1266979457, 0.7997912386, 0.025235855404],
      [0.080431326826, 0.003560276629, 0.8620677816, 0.045399626876, 0.0085409880716],
      [0.045376062878, 0.16031130877, 0.40483201427, 0.21206365592, 0.17741695816]
    ],
    [
      [0.025320464184, 0, 0.96381260381, 0.010866932001, 0],
      [0.00083744958062, 0.38498763295, 0.14676998963, 0.46740492784, 0],
      [0.0065110823231, 0.035188207606, 0.18440608629, 0.7511215986, 0.022773025183],
      [0.052407008105, 0.00086230053048, 0.91580542995, 0.024148259775, 0.0067770016443],
      [0.031828721246, 0.1472040977, 0.46302204378, 0.19645754919, 0.16148758808]
    ],
    [
      [0.0390740067, 0, 0.95115475237, 0.0097712409251, 0],
      [0.001376781969, 0.3760710913, 0.14898956071, 0.47356256602, 0],
      [0.010412282369, 0.033122002411, 0.18304118213, 0.7347648027, 0.038659730394],
      [0.078756014455, 0, 0.89058784902, 0.019364605486, 0.011291531039],
      [0.044074681174, 0.12718011851, 0.41437175639, 0.17508631274, 0.23928713118]
    ],
    [
      [0.029067955897, 0.00062122786807, 0.94995914683, 0.0203516694, 0],
      [0.00056682151067, 0.54491819868, 0.088036224263, 0.36647871112, 4.4428596748e-08],
      [0.0033540224514, 0.052205088046, 0.10564416898, 0.82165242507, 0.017144295446],
      [0.060051767062, 0.0030694369333, 0.87680331617, 0.054332476709, 0.0057430031294],
      [0.031273619633, 0.22930032807, 0.37889984645, 0.21347669247, 0.14704951338]
    ],
    [
      [0.062459770719, 0.00080620360363, 0.91749434254, 0.018948956411, 0.00029072672785],
      [0.0011720853488, 0.40011032644, 0.11607268605, 0.48253252804, 0.00011237411704],
      [0.01030350387, 0.040782750779, 0.12367273267, 0.78639279211, 0.038848220562],
      [0.12004435646, 0.0034334768065, 0.81735266629, 0.045723723558, 0.013445776888],
      [0.062677278553, 0.1452661157, 0.35533546392, 0.19365971638, 0.24306142545]
    ],
    [
      [0.071833477539, 0, 0.91513192916, 0.013034593302, 0],
      [0.0025943780391, 0.34380944889, 0.13714434958, 0.51645182348, 0],
      [0.024149990471, 0.016242212602, 0.15646911352, 0.7806359716, 0.022502711806],
      [0.14223150349, 0, 0.82488488131, 0.026996533254, 0.0058870819506],
      [0.087490874613, 0.11800259025, 0.40942437706, 0.20325697136, 0.18182518672]
    ],
    [
      [0.013439218523, 0.00012064062611, 0.96742112963, 0.017456837685, 0.0015621735332],
      [0.00048604107109, 0.10277461668, 0.17548355583, 0.72105217478, 0.00020361163961],
      [0.001067959304, 0.0066975968454, 0.086374358311, 0.77672173102, 0.12913835452],
      [0.025867159743, 0.00080516093702, 0.86017004119, 0.057001262718, 0.056156375407],
      [0.0093646360363, 0.018149502568, 0.25823175327, 0.14843342627, 0.56582068185]
    ],
    [
      [0, 0, 0.98458370612, 0.015416293884, 0],
      [0, 0, 0.10659554641, 0.89340445359, 0],
      [0, 0, 0.054381402686, 0.94561859731, 0],
      [0, 0, 0.93821837591, 0.061781624091, 0],
      [0, 0, 0.58625099821, 0.41374900179, 0]
    ],
    [
      [0.036036943162, 0, 0.96396305684, 0, 0],
      [0.001914998319, 0.4556775414, 0.17299863577, 0.36940882451, 0],
      [0.036407571195, 0.042010657021, 0.28032132846, 0.59232512726, 0.048935316066],
      [0.057031082328, 0, 0.93273548418, 0, 0.010233433496],
      [0.046605932849, 0.14033308433, 0.44115287981, 0.11836045592, 0.2535476471]
    ],
    [
      [0.026438076442, 0, 0.97354971814, 1.2205422311e-05, 0],
      [0.0010119136639, 0.42944147104, 0.16280159569, 0.40674501961, 0],
      [0.022481605638, 0.036433652223, 0.25202257619, 0.66947741645, 0.019584749507],
      [0.040542727482, 0, 0.95646041466, 0, 0.0029968578589],
      [0.035448242578, 0.15581920915, 0.51224376584, 0.15824291788, 0.13824586456]
    ],
    [
      [0.01461552869, 0, 0.98538447131, 0, 0],
      [0.0023342991448, 0.40781048109, 0.20979703435, 0.38005818541, 0],
      [0.053592628166, 0.024018053341, 0.32316818814, 0.56264848494, 0.036572645416],
      [0.025419565909, 0, 0.96928083759, 0, 0.0052995965011],
      [0.042748950043, 0.12343484106, 0.50768361491, 0.11903413726, 0.20709845673]
    ],
    [
      [0.042003608769, 0, 0.95551479916, 0.0024815920674, 0],
      [0.0021104369662, 0.41165322154, 0.15527208359, 0.4309642579, 0],
      [0.014608178231, 0.033871031429, 0.20902306649, 0.72646063342, 0.016037090427],
      [0.09147482177, 0, 0.89272513261, 0.013402592492, 0.0023974531236],
      [0.058206804911, 0.15793119138, 0.47421864838, 0.182273532, 0.12736982333]
    ],
    [
      [0.013203273981, 0.00075857153093, 0.9788387657, 0.0071993887924, 0],
      [6.8525940424e-05, 0.49817981924, 0.14487464018, 0.35687701464, 0],
      [0.0043077939225, 0.059953817601, 0.22292798469, 0.68338338851, 0.029427015272],
      [0.028011488375, 0.0041724899897, 0.96091491505, 0.00012565696015, 0.0067754496302],
      [0.016057734378, 0.19447846787, 0.45945589782, 0.14941850115, 0.18058939878]
    ],
    [
      [0.029905661548, 0, 0.97009433845, 0, 0],
      [0.0019626601144, 0.42870939144, 0.18408666181, 0.38524128663, 0],
      [0.042145701511, 0.03226333157, 0.29375146003, 0.61297803994, 0.018861466947],
      [0.04077381203, 0, 0.95666991809, 0, 0.0025562698779],
      [0.048885249061, 0.15031420009, 0.53143535852, 0.14334221878, 0.12602297355]
    ],
    [
      [0.035489604685, 0, 0.95354448502, 0.010661188534, 0.00030472176496],
      [0.0011871810689, 0.42024965411, 0.13869149674, 0.43971963065, 0.00015203743834],
      [0.0086304170683, 0.040214496369, 0.17407826704, 0.72878497121, 0.048291848315],
      [0.071449934551, 0.00071763911165, 0.89162687582, 0.02124948791, 0.014956062604],
      [0.036770013439, 0.13911611166, 0.38244238089, 0.16075352589, 0.28091796812]
    ],
    [
      [0.077425742144, 0, 0.91844306595, 0.0041311919007, 0],
      [0.0045769190275, 0.43878139353, 0.15950961529, 0.39713207215, 0],
      [0.033469442202, 0.03507835542, 0.23842020013, 0.66676609561, 0.026265906637],
      [0.14706699687, 0, 0.84739091737, 0, 0.0055420857564],
      [0.094931339782, 0.14871966931, 0.43487424048, 0.15160423607, 0.16987051436]
    ],
    [
      [0.017612092139, 0, 0.98238790786, 0, 0],
      [0.0013787262154, 0.37631312992, 0.19627237246, 0.42603577141, 0],
      [0.067130211821, 0.021334607733, 0.2928886359, 0.6117971134, 0.0068494311539],
      [0.011725851224, 0, 0.98788339587, 0, 0.00039075290343],
      [0.043176074343, 0.13553717178, 0.6009241772, 0.16769730008, 0.052665276595]
    ],
    [
      [1.2647218342e-16, 0.0004844155909, 0.99311534679, 0.0061843012645, 0.00021593635623],
      [0, 0.70931411403, 0.096235133374, 0.19445061738, 1.3521944419e-07],
      [1.5407439555e-33, 0.071110486341, 0.28018322168, 0.54894570929, 0.09976058269],
      [0, 0, 0.975812308, 0, 0.024187692],
      [0, 0.1674088652, 0.37042684141, 0.052460011661, 0.40970428172]
    ],
    [
      [0.02990594424, 0, 0.96308345157, 0.0070106041884, 0],
      [0.0009327251094, 0.52740604126, 0.1307296283, 0.34093160533, 0],
      [0.0090690049487, 0.058596907402, 0.22450568293, 0.70782840472, 0],
      [0.062622107589, 0.00035517183048, 0.92543829484, 0.011584425742, 0],
      [0.043349098402, 0.24624077145, 0.53870274988, 0.17170738027, 0]
    ],
    [
      [0.17519682751, 0.00035030196573, 0.82099947618, 0.0034533943426, 0],
      [0.0016622537695, 0.90485830476, 0.028018678921, 0.065460762549, 0],
      [0.083407517551, 0.094129401931, 0.2075446711, 0.61491840942, 0],
      [0.5066733313, 0.001162051084, 0.48700505896, 0.0051595586493, 0],
      [0.33273985959, 0.24696478455, 0.33964263123, 0.080652724628, 0]
    ],
    [
      [0, 0.013993928576, 0.89701591765, 0.082905885355, 0.0060842684209],
      [0, 0.45677469968, 0, 0.53297769716, 0.010247603161],
      [0, 0, 0, 0.91400588846, 0.085994111541],
      [3.1393256697e-34, 0.15620982483, 0.42059681647, 0.32463511293, 0.098558245769],
      [0, 0.14570377396, 0, 0.24297274514, 0.6113234809]
    ],
    [
      [0.036473957706, 0.00037177972234, 0.95251443891, 0.010346605491, 0.00029321816989],
      [0.0012147986804, 0.4029256347, 0.14784815599, 0.44793667167, 7.4738949841e-05],
      [0.0099432051577, 0.039012019384, 0.18940708255, 0.70967309708, 0.051964595822],
      [0.073079687014, 0.001809305739, 0.89020265323, 0.019624781559, 0.01528357246],
      [0.038674951716, 0.12912477358, 0.39291287298, 0.15554179907, 0.28374560265]
    ],
    [
      [0.045258541979, 0.00045328156484, 0.93798474565, 0.016211856649, 9.1574156585e-05],
      [0.00091381165542, 0.39105482331, 0.12156289052, 0.48646847451, 0],
      [0.0075407333891, 0.037248987977, 0.12932586597, 0.79074307104, 0.035141341621],
      [0.089534671549, 0.0021989991235, 0.85960578176, 0.036564550936, 0.012095996633],
      [0.046951217506, 0.14319082543, 0.37523025535, 0.19854139326, 0.23608630845]
    ],
    [
      [0.027994707774, 9.1547671666e-05, 0.96108013917, 0.010382843789, 0.00045076159961],
      [0.0010032179879, 0.35862101869, 0.15782097777, 0.48236128435, 0.00019350120646],
      [0.0074547793981, 0.030827017262, 0.18718062144, 0.71665003349, 0.057887548401],
      [0.056501369739, 0.00068255881016, 0.90531107354, 0.019864960457, 0.017640037457],
      [0.029362276466, 0.10751505514, 0.39240746094, 0.15711062825, 0.3136045792]
    ],
    [
      [0.047404030761, 0, 0.93577072948, 0.016283355531, 0.00054188422711],
      [0.001359065661, 0.31115886864, 0.14160172575, 0.54563532483, 0.00024501511774],
      [0.0088597164422, 0.02338084748, 0.13635073135, 0.77672357274, 0.054685131993],
      [0.093388633375, 0.00023500787761, 0.8515018516, 0.036354309162, 0.018520197983],
      [0.046850971741, 0.092426477782, 0.355768192, 0.18192064467, 0.3230337138]
    ],
    [
      [0.075493322002, 0, 0.92171554239, 0.0027911356108, 0],
      [0.0047983611679, 0.37712924481, 0.17521772186, 0.44285467216, 0],
      [0.0838230492, 0.005149555552, 0.24480503338, 0.66622236186, 0],
      [0.11218850914, 0, 0.88781149086, 0, 0],
      [0.11902315013, 0.13636337731, 0.55679972246, 0.1878137501, 0]
    ],
    [
      [0.034548756694, 0.00014213916433, 0.95867238056, 0.006636723581, 0],
      [0.0012408597152, 0.43400736195, 0.15521914326, 0.40953263507, 0],
      [0.011282675735, 0.043600933716, 0.22427198951, 0.68586231602, 0.034982085017],
      [0.069991140779, 0.0012942501564, 0.90815487449, 0.011254454033, 0.0093052805403],
      [0.041001515301, 0.15251900434, 0.44402234623, 0.15478637888, 0.20767075525]
    ],
    [
      [0.023952112752, 0, 0.95513405569, 0.020913831553, 0],
      [0, 0.15621365362, 0.12225372132, 0.72153262506, 0],
      [0.0011680585495, 0.0037039782192, 0.066500196886, 0.91540735196, 0.013220414384],
      [0.047247734681, 0, 0.87765774786, 0.070390281088, 0.0047042363733],
      [0.028160219907, 0.057591737688, 0.42321364334, 0.309346707, 0.18168769207]
    ],
    [
      [0.034443277025, 0.00011867037613, 0.95753107062, 0.0079069819749, 0],
      [0.0011705449559, 0.42738045253, 0.15469822472, 0.4167507778, 0],
      [0.011047942927, 0.042069821007, 0.21813843821, 0.69832524533, 0.030418552524],
      [0.07030876995, 0.00043046141582, 0.91288092621, 0.0085116478916, 0.0078681945306],
      [0.04170551126, 0.15427148042, 0.45189489865, 0.16201972666, 0.190108383]
    ],
    [
      [0.035004639179, 0, 0.95046264477, 0.014532716055, 0],
      [0.00091709817226, 0.3198317176, 0.1486063781, 0.53064480613, 0],
      [0.0075364555069, 0.023918644244, 0.15792843707, 0.77797640898, 0.03264005419],
      [0.070627611372, 0.00028042409242, 0.88672151736, 0.031813754412, 0.010556692759],
      [0.040311758621, 0.10885751754, 0.42170652323, 0.20058500206, 0.22853919855]
    ],
    [
      [0.019095129826, 5.3390912451e-05, 0.97604915295, 0.0048023263147, 0],
      [0.00049991802024, 0.4471511024, 0.16551066767, 0.38683831191, 0],
      [0.0070170357131, 0.046230151107, 0.24923407059, 0.67052307571, 0.026995666883],
      [0.039950831478, 0.00083033736352, 0.9487689938, 0.0038703398953, 0.0065794974666],
      [0.024597690969, 0.16527759983, 0.48767965702, 0.1529239021, 0.16952115008]
    ],
    [
      [0.030955185041, 0, 0.96489159724, 0.0041532177171, 0],
      [0.0014957218483, 0.37052630862, 0.16626324143, 0.4617147281, 0],
      [0.012898958101, 0.027235075271, 0.21410347395, 0.70972550623, 0.036036986448],
      [0.063628906593, 0, 0.92235037251, 0.0050764942202, 0.0089442266771],
      [0.038684192267, 0.12271377529, 0.44801658369, 0.16513159212, 0.22545385664]
    ],
    [
      [0.082987953299, 0.0024294747737, 0.90386029832, 0.0095776597926, 0.0011446138137],
      [0.00058991292555, 0.83244653424, 0.029522878873, 0.1374406373, 3.6659320453e-08],
      [0.013996010982, 0.065644770617, 0.10245894727, 0.77979805153, 0.038102219602],
      [0.17186671199, 0.010195410101, 0.78470562707, 0.015770169899, 0.01746208094],
      [0.067184392256, 0.27516644786, 0.25079976629, 0.12258185252, 0.28426754107]
    ],
    [
      [4.531965081e-17, 0.0014817994337, 0.96985405189, 0.02738127655, 0.0012828721267],
      [0, 0.7348821051, 0, 0.26396576083, 0.001152134078],
      [0, 0, 0, 0.84213669298, 0.15786330702],
      [0, 0.13255894745, 0.5, 0.26267538714, 0.10476566541],
      [0, 0, 0, 0, 1]
    ],
    [
      [0, 0.00049297466551, 0.98687221427, 0.012282678743, 0.0003521323227],
      [0, 0.45903650234, 0.12170581105, 0.41835380799, 0.00090387861773],
      [0, 0.042564862379, 0.13826661873, 0.7158447564, 0.1033237625],
      [0, 0.0036300157309, 0.93503905937, 0.02541688383, 0.035914041067],
      [0, 0.11719849777, 0.29515265969, 0.12954345831, 0.45810538423]
    ],
    [
      [0.045462632446, 0, 0.94294955719, 0.011587810362, 0],
      [0.0012153867034, 0.40083949712, 0.13961882886, 0.45832628732, 0],
      [0.011394843167, 0.036731645925, 0.17582828105, 0.74688459666, 0.029160633204],
      [0.091167069574, 0.00012626456316, 0.87756463389, 0.022881697477, 0.008260334493],
      [0.05252587992, 0.14537961473, 0.42116302217, 0.1836551827, 0.19727630048]
    ],
    [
      [0.025051733122, 0, 0.9664178129, 0.0085304539771, 0],
      [0.0013855457624, 0, 0.24838990827, 0.75022446442, 8.1547978265e-08],
      [0.0077279937712, 0, 0.21897614684, 0.76483199326, 0.0084638661298],
      [0.054944782194, 0, 0.93241160885, 0.01256329405, 8.0314901622e-05],
      [0.042269471694, 0, 0.59708358262, 0.22091637994, 0.13973056575]
    ],
    [
      [0, 0, 1, 0, 0],
      [0, 0.60414110632, 0.13096678423, 0.26489210945, 0],
      [0, 0, 0.39089187376, 0.60910812624, 0],
      [0, 0, 1, 0, 0],
      [0, 0.19792944684, 0.65273286035, 0.14933769281, 0]
    ],
    [
      [4.1633363423e-17, 0.002206823191, 0.99020731231, 0.0075858645021, 0],
      [0, 1, 0, 0, 0],
      [1.8643001862e-32, 0.24382827881, 0.16958810304, 0.58658361815, 0],
      [0, 0.021462791957, 0.97853720804, 0, 0],
      [0, 0.69500743812, 0.23791065263, 0.067081909255, 0]
    ],
    [
      [0.043364961395, 0, 0.95149904055, 0.0051359980591, 0],
      [0.0024655838769, 0.2796742989, 0.19162458962, 0.52623552761, 0],
      [0.018675189878, 0.012838791046, 0.23082648807, 0.70892187396, 0.028737657052],
      [0.086823348315, 0, 0.90637093484, 0.00052444883062, 0.0062812680168],
      [0.058193548459, 0.085727937268, 0.48413740521, 0.1738274943, 0.19811361477]
    ],
    [
      [0.032638544399, 0, 0.95636816207, 0.01063870139, 0.0003545921358],
      [0.0011372590565, 0.38869779112, 0.14714208776, 0.46286224839, 0.00016061367066],
      [0.0082461135912, 0.035492429007, 0.1788917232, 0.72786061416, 0.049509120041],
      [0.065807769052, 5.4995732273e-05, 0.89830691515, 0.02036958479, 0.015460735276],
      [0.034535285442, 0.12627087585, 0.39306155231, 0.16405387145, 0.28207841495]
    ],
    [
      [0.063859712577, 0.00091836989602, 0.92577835732, 0.0091781457743, 0.0002654144362],
      [0.00030697640904, 0.91786821101, 0.020675623647, 0.06114915285, 3.6083340607e-08],
      [0.017785366377, 0.089425418498, 0.18074316412, 0.63224287242, 0.079803178579],
      [0.13406016164, 0.0027200660862, 0.8353041991, 0.0075547338958, 0.020360839271],
      [0.040835043014, 0.22625120805, 0.21026967702, 0.076726639121, 0.4459174328]
    ],
    [
      [0.13010529268, 0.0055532535145, 0.85981309686, 0.0040262685594, 0.00050208838527],
      [0.0032384965812, 0.68677776334, 0.082364216518, 0.22712292746, 0.00049659610136],
      [0.042740280085, 0.13773898979, 0.1654949766, 0.58890362996, 0.065122123572],
      [0.22855660724, 0.027829565565, 0.72602963175, 0, 0.017584195447],
      [0.1049006495, 0.26363269066, 0.26563337301, 0.091903953955, 0.27392933287]
    ],
    [
      [0.067053678496, 0, 0.9329463215, 0, 0],
      [0.0040904774732, 0.41794634306, 0.17587730921, 0.40208587026, 0],
      [0.061197266617, 0.024684865234, 0.26246899206, 0.6212000009, 0.030448875189],
      [0.10381580902, 0, 0.89151873887, 0, 0.0046654521146],
      [0.086112023912, 0.12900395388, 0.46091011986, 0.13344431944, 0.1905295829]
    ],
    [
      [0.040922307669, 0.0024279590132, 0.93879399749, 0.017855735828, 0],
      [0, 0.48722412948, 0.087528851157, 0.42524701937, 0],
      [0.0042365991817, 0.073987176122, 0.10154752944, 0.80113562891, 0.019093066344],
      [0.080761076581, 0.010081898381, 0.8600318544, 0.042069232853, 0.0070559377895],
      [0.042689398011, 0.22448137616, 0.37805398035, 0.21241991435, 0.14235533113]
    ],
    [
      [0.062870869429, 0.0016773051186, 0.91611254228, 0.018870622961, 0.00046866021136],
      [0.00062846240038, 0.45896636985, 0.09729274949, 0.44271740813, 0.00039501013521],
      [0.0075168879366, 0.057639577849, 0.099572865784, 0.78785954121, 0.047411127218],
      [0.119872486, 0.0069790444124, 0.81096626244, 0.044849976614, 0.017332230531],
      [0.055924686813, 0.17360084282, 0.31447759719, 0.18394842456, 0.27204844862]
    ],
    [
      [0.073759953878, 0.002250784434, 0.90804636156, 0.014874490397, 0.0010684097285],
      [0.0011309925402, 0.52197808423, 0.09444386591, 0.38134589021, 0.0011011671034],
      [0.011410834227, 0.074639344982, 0.11409317291, 0.72895562435, 0.070901023535],
      [0.13901692203, 0.0093171916131, 0.79536061476, 0.031660800571, 0.02464447103],
      [0.058803435839, 0.18586629002, 0.27950104745, 0.14740391747, 0.32842530922]
    ],
    [
      [8.382238046e-17, 0, 0.98438867171, 0.015509805531, 0.00010152276376],
      [0, 0, 0.1668591688, 0.8331408312, 0],
      [0, 0, 0.092527495393, 0.9011710021, 0.0063015025027],
      [6.028164079e-17, 0, 0.94198887464, 0.05528040926, 0.0027307160963],
      [0, 0, 0.47013092863, 0.29992891935, 0.22994015202]
    ]
  ],
  "expected_outcome": [
    [
      [0, 0.2917590063, 0.24881192187, 0.27434174153, 1.7424513175, 10.9163805468, 0, 2.714882392, 0, 1.7914642811, 0.098124609047, 0.16589591465, 0, 0, 0.99296152974, 3.3262701548, 0.24325902724, 0.40346379022, 1.2781801531, 0.18000975517, 2.133381795, 8.2577796421, 1.0961476496, 4.4715791705, 0.46478980547, 0.89402123778, 0, 0, 0.54788198313, 0, 0.41244149527, 0.20128982345, 2.3738870896, 0.054398238378, 0, 0.027965535507, 0.42140808946, 6.4457019773, 1.0887799599, 2.6961064623, 0.087203867692, 3.8725057845, 0.86200173047, 0.067196092616, 0, 1.2612930107, 0.39657114663, 0.84770066404, 0.75606495784, 0.13203273981, 0.53830190787, 0.53234407028, 0.38712871072, 0.35224184279, 0, 0.11962377696, 0, 0, 1.0212708158, 0.58836104573, 1.0078094799, 0.8532725537, 0.150986644, 1.1746577276, 0.023952112752, 0.9644117567, 1.1201484537, 0.61104415442, 1.7954007324, 0.082987953299, 0, 0, 0.63647685424, 0.050103466244, 0, 0, 1.431043726, 1.7624813975, 0, 0.65052646342, 0.40232207097, 2.2507269218, 16.7865221376, 10.1788736351, 0],
      [0.0049264708023, 0, 0.030215020603, 0, 0, 0, 0, 0, 0, 0, 0, 0, 0, 0, 0.0041504172395, 0.056544195139, 0, 0.0025595842739, 0.0045886888578, 0.0031825848494, 0.088201041144, 0.049954127926, 0, 0.015893702974, 0, 0, 0.00021964720116, 0, 0.0076907353048, 0, 0, 0.028523300885, 0, 0, 0, 0, 0, 0.12449311168, 0, 0, 0.0018636836042, 0.049984623425, 0, 0.00060320313057, 0, 0, 0, 0, 0, 0.0075857153093, 0, 0, 0, 0, 0, 0, 0, 0.013993928576, 0.010409832226, 0.0058926603429, 0.00329571618, 0, 0, 0.0048327315872, 0, 0.0033227705315, 0, 0.0017085091984, 0, 0.0024294747737, 0, 0, 0, 0, 0, 0, 0, 0, 0, 0.027766267573, 0, 0.13353774573, 0.44784046666, 0.31060825189, 0],
