{
  "X": [
    [4, 21, 24, 39, 2],
    [2, 12, 12, 15, 2],
    [30, 59, 71, 100, 11],
    [40, 127, 150, 92, 9],
    [94, 796, 497, 1026, 101],
    [22, 71, 123, 82, 9],
    [8, 24, 72, 28, 7],
    [28, 194, 123, 174, 20],
    [4, 11, 16, 4, 1],
    [5, 32, 29, 25, 5],
    [91, 356, 534, 437, 91],
    [17, 58, 93, 106, 17],
    [112, 373, 535, 554, 90],
    [109, 389, 560, 570, 65],
    [65, 277, 286, 408, 67],
    [4, 5, 6, 7, 0],
    [82, 376, 328, 393, 26],
    [36, 146, 177, 228, 10],
    [111, 554, 475, 624, 48],
    [46, 171, 153, 294, 19],
    [55, 149, 235, 190, 17],
    [5, 20, 37, 35, 9],
    [13, 73, 93, 55, 11],
    [82, 491, 449, 438, 79],
    [85, 270, 462, 487, 81],
    [55, 78, 157, 138, 21],
    [75, 229, 439, 347, 73],
    [52, 154, 259, 276, 41],
    [1, 13, 5, 6, 3],
    [258, 649, 886, 701, 77],
    [66, 226, 224, 247, 38],
    [11, 68, 24, 64, 10],
    [60, 205, 292, 395, 56],
    [8, 31, 27, 28, 3],
    [11, 17, 37, 26, 5],
    [4, 5, 8, 4, 2],
    [19, 87, 73, 121, 15],
    [23, 132, 73, 212, 9],
    [22, 56, 63, 52, 9],
    [24, 85, 205, 126, 37],
    [41, 173, 226, 229, 52],
    [60, 257, 216, 349, 26],
    [45, 223, 270, 270, 37],
    [28, 53, 67, 49, 19],
    [4, 73, 67, 63, 16],
    [210, 962, 934, 1132, 143],
    [37, 148, 146, 130, 22],
    [304, 688, 806, 638, 144],
    [97, 342, 253, 289, 37]
  ],
  "W": [
    [6, 9, 23, 44, 8],
    [2, 2, 14, 24, 1],
    [16, 35, 78, 132, 10],
    [17, 68, 122, 180, 31],
    [111, 104, 641, 1479, 179],
    [7, 54, 100, 120, 26],
    [3, 7, 74, 37, 18],
    [29, 30, 140, 302, 38],
    [0, 4, 14, 13, 5],
    [4, 2, 30, 50, 10],
    [48, 123, 615, 582, 141],
    [15, 24, 101, 119, 32],
    [45, 153, 614, 700, 152],
    [62, 156, 605, 735, 135],
    [36, 77, 377, 505, 108],
    [0, 3, 8, 7, 4],
    [45, 126, 340, 635, 59],
    [22, 62, 173, 305, 35],
    [87, 182, 493, 951, 99],
    [41, 64, 150, 378, 50],
    [19, 90, 208, 269, 60],
    [4, 3, 48, 43, 8],
    [8, 23, 88, 110, 16],
    [52, 105, 468, 779, 135],
    [35, 95, 600, 521, 134],
    [11, 46, 194, 165, 33],
    [23, 85, 496, 431, 128],
    [20, 53, 333, 309, 67],
    [0, 1, 8, 14, 5],
    [110, 431, 801, 1083, 146],
    [32, 85, 230, 401, 53],
    [12, 23, 27, 106, 9],
    [39, 64, 383, 412, 110],
    [3, 19, 21, 45, 9],
    [6, 9, 38, 30, 13],
    [0, 2, 9, 11, 1],
    [4, 12, 96, 160, 43],
    [16, 29, 101, 268, 35],
    [5, 24, 66, 86, 21],
    [13, 21, 230, 169, 44],
    [16, 49, 267, 302, 87],
    [44, 64, 231, 487, 82],
    [18, 67, 303, 373, 84],
    [10, 29, 75, 83, 19],
    [0, 8, 71, 107, 37],
    [96, 289, 1081, 1674, 241],
    [12, 48, 166, 217, 40],
    [66, 273, 948, 1089, 204],
    [26, 128, 299, 514, 51]
  ],
  "method": "mvn_cdf",
  "mvncdf_method": "genz",
  "mvncdf_samples": 5000,
  "mvncdf_error": 1e-06,
  "cond_prob": [
    [
      [0.011342508715, 0.14000377262, 0.066176135992, 0.7820188553, 0.00045872737516],
      [0.28839791017, 0.064205607294, 0.6388434556, 0.0085497792165, 3.2477128483e-06],
      [0.047504618698, 0.018723181764, 0.63073760844, 0.25750556572, 0.045529025378],
      [0.0047930447502, 0.42884403957, 0.024031213697, 0.54204350172, 0.00028820026326],
      [0.0041079446381, 0.035294497144, 0.28612671085, 0.55729959599, 0.11717125138]
    ],
    [
      [0.020614725386, 0.15919730452, 0.113200559, 0.7055544888, 0.0014329222963],
      [0.32224880294, 0.038189429946, 0.63551979634, 0.0040361491636, 5.8216142015e-06],
      [0.054359162362, 0.012332659033, 0.70267101496, 0.13458686165, 0.096050301994],
      [0.02284034569, 0.47529324868, 0.013448374915, 0.47402098069, 0.014397050031],
      [0.0050763737174, 0.025531336401, 0.34240408191, 0.32009912445, 0.30688908352]
    ],
    [
      [0.039645777747, 0.13449238586, 0.091970408753, 0.73243403714, 0.0014573905054],
      [0.5094663562, 0.033462933694, 0.4526866773, 0.0043786146663, 5.4181367076e-06],
      [0.11481052527, 0.012921374509, 0.59755015196, 0.17354803809, 0.10116991017],
      [0.018733520067, 0.41222432428, 0.031427748999, 0.53534539943, 0.0022690072191],
      [0.010629946876, 0.025544112969, 0.29270650336, 0.39254641967, 0.27857301713]
    ],
    [
      [0.03335047865, 0.26152029879, 0.12910966752, 0.57529500006, 0.00072455498508],
      [0.37518750201, 0.058313017193, 0.56340433135, 0.0030927550151, 2.3944308238e-06],
      [0.084114973183, 0.022055142888, 0.73771175103, 0.11997734155, 0.036140791351],
      [0.018638212881, 0.63448876196, 0.030980864247, 0.31589216092, 0],
      [0.0097866670835, 0.054521457001, 0.4489113526, 0.33909203303, 0.14768849029]
    ],
    [
      [0.016402346809, 0.18403822336, 0.062916373124, 0.73567368468, 0.00096937202945],
      [0.36437525197, 0.082711488296, 0.54493448994, 0.0079723772648, 6.392527322e-06],
      [0.066077995962, 0.025145694099, 0.56736436382, 0.2483391881, 0.093072758026],
      [0.0074136919964, 0.50244216907, 0.017571269197, 0.47126904741, 0.0013038223261],
      [0.0053824995784, 0.043236896354, 0.24399235353, 0.48781426302, 0.21957398752]
    ],
    [
      [0.019943978395, 0.19388843972, 0.11689514785, 0.66849159384, 0.00078084019599],
      [0.28693173342, 0.055063191282, 0.65343247264, 0.004569306446, 3.2962188384e-06],
      [0.055006642138, 0.017827218646, 0.72406279322, 0.15441124792, 0.048692098072],
      [0.005950310704, 0.53202811777, 0.033138941555, 0.42888262997, 0],
      [0.0058221941761, 0.040125869065, 0.40436262052, 0.39102984256, 0.15865947368]
    ],
    [
      [0.028948151587, 0.21061746395, 0.15741650249, 0.60204600815, 0.00097187382719],
      [0.31021958279, 0.042892669529, 0.64391538017, 0.0029693771961, 2.9903206244e-06],
      [0.068494710783, 0.017620615615, 0.76935966304, 0.092465440378, 0.052059570186],
      [0.014609525775, 0.56998431864, 0.040756968226, 0.37406439963, 0.00058478773327],
      [0.0073587452283, 0.037475198688, 0.4766511079, 0.30501394227, 0.17350100591]
    ],
    [
      [0.023983157938, 0.24153316351, 0.081884500251, 0.65161356781, 0.00098561049131],
      [0.39486604367, 0.078823686889, 0.52117955377, 0.0051259589825, 4.7566927199e-06],
      [0.081755912312, 0.027644838695, 0.62607235851, 0.184371028, 0.080155862485],
      [0.012333585368, 0.59170281425, 0.018848092808, 0.37545727579, 0.0016582317838],
      [0.0075772790776, 0.054376324506, 0.30651864897, 0.41445754091, 0.21707020654]
    ],
    [
      [0.049659358881, 0.3565556353, 0.15079948106, 0.44244101029, 0.00054451446671],
      [0.46861001408, 0.04881438741, 0.48106382267, 0.0015105238587, 1.2519826845e-06],
      [0.12995072131, 0.045480405263, 0.78281539498, 0.012440650984, 0.029312827462],
      [0.017888717353, 0.75604376888, 0.027823408201, 0.19800894542, 0.00023516014633],
      [0.014739303954, 0.067889556247, 0.55092497459, 0.24913450007, 0.11731166514]
    ],
    [
      [0.038537965418, 0.2330082749, 0.14021652248, 0.58692285807, 0.0013143791337],
      [0.41162373183, 0.043541480122, 0.54218109212, 0.0026499142541, 3.7816700452e-06],
      [0.087142537154, 0.016746614901, 0.72038742521, 0.10478782547, 0.070935597269],
      [0.026248700691, 0.60151822776, 0.030521051048, 0.33240915512, 0.0093028653845],
      [0.0095889525497, 0.040257410519, 0.42170964173, 0.28829162192, 0.24015237328]
    ],
    [
      [0.021764436596, 0.20849818028, 0.09423995479, 0.67425260367, 0.0012448246632],
      [0.34524011317, 0.066820147334, 0.58272290496, 0.0052109756773, 5.8588629336e-06],
      [0.065434606865, 0.021910447338, 0.64851558426, 0.17319509667, 0.090944264866],
      [0.010950514313, 0.54690895648, 0.024346973395, 0.4170474767, 0.00074607911806],
      [0.0062077345501, 0.04253384002, 0.3176917874, 0.38835680231, 0.24520983572]
    ],
    [
      [0.020725165102, 0.14654465583, 0.091019917817, 0.74051392957, 0.0011963316722],
      [0.35112827774, 0.048653067387, 0.59429773651, 0.0059150185758, 5.8997853909e-06],
      [0.064859646923, 0.015308386176, 0.63945355031, 0.19106729511, 0.089311121485],
      [0.012799814329, 0.43818296445, 0.025180644385, 0.52079186164, 0.0030447152007],
      [0.0058763004151, 0.029507399127, 0.30594532169, 0.42119694592, 0.23747403285]
    ],
    [
      [0.022207921124, 0.17171679197, 0.085548988974, 0.71939047477, 0.0011358231666],
      [0.374021925, 0.058446490951, 0.56162236999, 0.0059035382731, 5.6757772511e-06],
      [0.072387161631, 0.018965288039, 0.62413195364, 0.19630630626, 0.088209290424],
      [0.011906822532, 0.48454599984, 0.023879567689, 0.47872649887, 0.00094111106862],
      [0.0065447105887, 0.036207529601, 0.29795628926, 0.42818135545, 0.2311101151]
    ],
    [
      [0.022319919128, 0.16938923395, 0.093731076761, 0.71367177916, 0.00088799100763],
      [0.35633411573, 0.054662766684, 0.58344614649, 0.0055527636958, 4.2074044758e-06],
      [0.070018689679, 0.018005389259, 0.65819443232, 0.18780367922, 0.065977809525],
      [0.011911793062, 0.4818058215, 0.026830178809, 0.47945220663, 0],
      [0.0067523541027, 0.036666196939, 0.33513526971, 0.43605570932, 0.18539046992]
    ],
    [
      [0.018814178464, 0.1807978854, 0.063357262371, 0.73589052442, 0.0011401493401],
      [0.39651641403, 0.076655647463, 0.51929985128, 0.0075209801504, 7.1070744025e-06],
      [0.073654854943, 0.02393915982, 0.55528677242, 0.24076647269, 0.10635274013],
      [0.010658061597, 0.49734983093, 0.017589556268, 0.4744025512, 0],
      [0.0059326321769, 0.040759846281, 0.23617787861, 0.46839423229, 0.24873541065]
    ],
    [
      [0.045979254508, 0.23230433667, 0.044260131884, 0.6772883429, 0.00016793404225],
      [0.7741085862, 0.038650121634, 0.18454505094, 0.0026962412259, 0],
      [0.18162734341, 0.029880017615, 0.52886515192, 0.25962748705, 0],
      [0.01994050658, 0.61461108888, 0.0099646945139, 0.35548371003, 0],
      [0.021267987022, 0.085682968011, 0.28642269255, 0.60662635242, 0]
    ],
    [
      [0.022346796219, 0.20908588768, 0.084369709164, 0.68352977312, 0.0006678338134],
      [0.37398949979, 0.070465773382, 0.54998808292, 0.0055533328798, 3.3110194265e-06],
      [0.076696388252, 0.024262049438, 0.65139135081, 0.19787284425, 0.049777367246],
      [0.011585763286, 0.54572284879, 0.021857658433, 0.42083372949, 0],
      [0.007423483123, 0.049649861336, 0.3313930891, 0.4582246609, 0.15330890553]
    ],
    [
      [0.019311390282, 0.1493643613, 0.089592412739, 0.74117355375, 0.00055828193045],
      [0.3360237575, 0.051866861056, 0.60590834762, 0.0061981699469, 2.863881986e-06],
      [0.06434748151, 0.016747382975, 0.67804854154, 0.2086232766, 0.032233317374],
      [0.011111614267, 0.44388276681, 0.026398739029, 0.5186068799, 0],
      [0.0063005656081, 0.034762786705, 0.34596103647, 0.48694200175, 0.12603360946]
    ],
    [
      [0.019873508586, 0.20127912248, 0.080400810565, 0.69768848871, 0.00075806965847],
      [0.35721044495, 0.073112048858, 0.56356326528, 0.0061101967933, 4.0441140321e-06],
      [0.07018790858, 0.024081932555, 0.63607293983, 0.20692711975, 0.062730099283],
      [0.0094745118028, 0.53273421324, 0.02205306232, 0.43573821264, 0],
      [0.0065232739095, 0.047269635489, 0.31192114744, 0.46249429706, 0.17179164611]
    ],
    [
      [0.023610799988, 0.13847442393, 0.077686193067, 0.75943920596, 0.00078937705363],
      [0.41521229266, 0.04855469912, 0.52981588108, 0.0064130440109, 4.0831251927e-06],
      [0.083035481868, 0.01640111653, 0.6123157796, 0.22210349938, 0.066144122626],
      [0.014880102349, 0.4184407991, 0.024667496215, 0.54130909413, 0.00070250821114],
      [0.0075673900434, 0.03168516675, 0.29469938371, 0.49044390503, 0.17560415446]
    ],
    [
      [0.028608262918, 0.17922287909, 0.11639320682, 0.67504389045, 0.0007317607186],
      [0.36786400872, 0.046119123959, 0.58182819946, 0.0041858912931, 2.7765687471e-06],
      [0.079667569635, 0.016556567862, 0.70892867609, 0.15613300774, 0.038714178668],
      [0.01588454007, 0.50462402157, 0.032197797104, 0.44729364125, 0],
      [0.0084147742806, 0.037606937048, 0.40509365118, 0.39999634595, 0.14888829154]
    ],
    [
      [0.023533108249, 0.14068433023, 0.10945042773, 0.72416048789, 0.0021716459068],
      [0.34925478155, 0.038235102659, 0.60777312058, 0.0047279747493, 9.0204692281e-06],
      [0.06727644413, 0.009077080868, 0.64564553577, 0.1517672358, 0.12623370343],
      [0.013640881162, 0.43513410553, 0.032531568157, 0.51719328122, 0.001500163941],
      [0.0052845017719, 0.022011368983, 0.29362947245, 0.32062946421, 0.35844519259]
    ],
    [
      [0.02452157934, 0.24262626586, 0.14599813605, 0.58550296318, 0.0013510555773],
      [0.2849281177, 0.055066040651, 0.65679569153, 0.0032055636017, 4.5865133324e-06],
      [0.05552551654, 0.018201595081, 0.74439118047, 0.10874627262, 0.073135435289],
      [0.011522045044, 0.61377267214, 0.039743920871, 0.32778868222, 0.0071726797221],
      [0.0060506404894, 0.04223353973, 0.42796617685, 0.28848883101, 0.23526081192]
    ],
    [
      [0.025557040794, 0.23195873244, 0.1082916481, 0.6327955857, 0.0013969929686],
      [0.35131686057, 0.064365727977, 0.58007705389, 0.0042346632332, 5.6943300225e-06],
      [0.070574126726, 0.021688469112, 0.66958200093, 0.14621417631, 0.091941226916],
      [0.012612825239, 0.58536788656, 0.028977437432, 0.37200957066, 0.0010322801166],
      [0.0068791211104, 0.044651535591, 0.34461439588, 0.34389851739, 0.25995643003]
    ],
    [
      [0.019404432484, 0.16114446769, 0.073447414787, 0.74501597509, 0.00098770995254],
      [0.37584911539, 0.063003248675, 0.55411971042, 0.0070222539655, 5.6715444962e-06],
      [0.070378814093, 0.020460891741, 0.59914229537, 0.22339340605, 0.08662459275],
      [0.010695951516, 0.4630605091, 0.02078849252, 0.5048065184, 0.0006485284692],
      [0.0060843261588, 0.036146080011, 0.27217750873, 0.4717693062, 0.2138227789]
    ],
    [
      [0.050285636716, 0.14317212087, 0.097686663821, 0.70781373022, 0.0010418483721],
      [0.55199781272, 0.031091959373, 0.41320483373, 0.0037020487884, 3.345387866e-06],
      [0.12245949834, 0.011265826716, 0.62409045053, 0.17024899154, 0.071935232874],
      [0.029199901236, 0.43536737187, 0.02912855316, 0.50558326308, 0.00072091065464],
      [0.014540370594, 0.029505751471, 0.33449289913, 0.41194581685, 0.20951516195]
    ],
    [
      [0.026152865512, 0.16980007133, 0.10708305059, 0.69569270935, 0.0012713032211],
      [0.36522022087, 0.047803208449, 0.58224889463, 0.0047224166406, 5.2594171487e-06],
      [0.073122025617, 0.015116472601, 0.66575264967, 0.1609444524, 0.085064399712],
      [0.014340119638, 0.48568329461, 0.030148877711, 0.46899729691, 0.00083041113587],
      [0.0070753832009, 0.032844181683, 0.34248791611, 0.37993264777, 0.23765987124]
    ],
    [
      [0.022266258733, 0.1545686933, 0.078030497333, 0.74417417279, 0.00096037783513],
      [0.39740348647, 0.055314305041, 0.54085929972, 0.0064178483033, 5.0604693245e-06],
      [0.078604118328, 0.018063368139, 0.60854496199, 0.2138350272, 0.080952524351],
      [0.012472450884, 0.45199088413, 0.022442635286, 0.51245319858, 0.00064083112491],
      [0.0069124077059, 0.034278853446, 0.28647164961, 0.46598907712, 0.20634801212]
    ],
    [
      [0.0073657760621, 0.47885465124, 0.031799988396, 0.48101492178, 0.00096466251827],
      [0.31865166837, 0.25475318404, 0.42027374738, 0.0063125298457, 8.8703653767e-06],
      [0.056012184233, 0.085004878266, 0.47224213609, 0.2237536566, 0.16298714481],
      [0.015565892097, 0.81748253948, 0, 0.166613395, 0.00033817342987],
      [0.0030656736831, 0.12409044744, 0.16035783278, 0.37421413747, 0.33827190863]
    ],
    [
      [0.030527656142, 0.20054628987, 0.11086179056, 0.65711613077, 0.00094813266025],
      [0.39047874445, 0.051969020355, 0.55344254264, 0.0041060879559, 3.6045987576e-06],
      [0.084080966569, 0.018732592903, 0.68394367501, 0.1516426331, 0.061600132418],
      [0.016353356211, 0.53877112262, 0.029774547257, 0.41510097391, 0],
      [0.0088087668993, 0.041420052253, 0.37799143013, 0.38306436881, 0.18871538191]
    ],
    [
      [0.033733848886, 0.19139417007, 0.10536169559, 0.66796486798, 0.0015454174765],
      [0.4280146341, 0.048627296943, 0.51926176669, 0.0040905161244, 5.7861465004e-06],
      [0.091491164183, 0.017502972166, 0.64010352186, 0.15092120762, 0.099981134169],
      [0.017532199969, 0.52326637447, 0.030048906196, 0.42886878639, 0.00028373297375],
      [0.0087904337263, 0.035595595418, 0.32486328606, 0.35073904259, 0.28001164221]
    ],
    [
      [0.011927336194, 0.23304318569, 0.03980383612, 0.71231740453, 0.0029082374636],
      [0.37468551386, 0.13738646452, 0.47783278532, 0.01006927067, 2.5965636251e-05],
      [0.053687007289, 0.03309104111, 0.39008348547, 0.3285322551, 0.19460621103],
      [0.0072143106407, 0.57367907649, 0.0095770155914, 0.40952959728, 0],
      [0.0027598913622, 0.037794763287, 0.10942023819, 0.32667663571, 0.52334847144]
    ],
    [
      [0.018929107716, 0.15179448615, 0.065267068328, 0.76310401465, 0.0009053231595],
      [0.39664873277, 0.063955355785, 0.53164139896, 0.0077489044205, 5.608068636e-06],
      [0.074088720342, 0.020092817176, 0.57183876202, 0.24956545868, 0.084414241782],
      [0.011701369924, 0.44513669359, 0.021178956103, 0.51912469583, 0.0028582845557],
      [0.0061754691079, 0.03540914122, 0.25172326393, 0.50254607446, 0.20414605128]
    ],
    [
      [0.014510708033, 0.25036891045, 0.064676015796, 0.66983717313, 0.00060719259212],
      [0.32973659546, 0.10333457573, 0.56031182162, 0.0066131494941, 3.8577033951e-06],
      [0.061555302842, 0.033676692817, 0.62076034089, 0.22289338064, 0.061114282806],
      [0.0077917946544, 0.60007116602, 0.012547022637, 0.37362668017, 0.005963336518],
      [0.005353382562, 0.063902589993, 0.28438490717, 0.48565300432, 0.16070611596]
    ],
    [
      [0.057788505129, 0.16707378468, 0.12751342123, 0.64661254368, 0.0010117452801],
      [0.53733804157, 0.027707294658, 0.43236946922, 0.0025826343966, 2.5601617045e-06],
      [0.12272405912, 0.013693612168, 0.68181112801, 0.11766274685, 0.064108453857],
      [0.031700034671, 0.49396805514, 0.035911654575, 0.43775751068, 0.00066274493603],
      [0.015593177583, 0.031445594112, 0.41210936524, 0.34562856366, 0.1952232994]
    ],
    [
      [0.21144890311, 0.10929696054, 0.22345318342, 0.45180054086, 0.0040004120678],
      [0.7967292538, 0.0038413144738, 0.19904161235, 0.00038522476226, 2.5946212363e-06],
      [0.25032758315, 0.0031353569429, 0.59646293031, 0.031613025068, 0.11846110453],
      [0.01183340488, 0.45063964293, 0.17375921768, 0.3302487949, 0.033518939614],
      [0.023425790389, 0.0070630863598, 0.32239900803, 0.081975580985, 0.56513653424]
    ],
    [
      [0.026949759804, 0.18590516298, 0.062885623991, 0.72350994684, 0.00074950638357],
      [0.49213187693, 0.065674489371, 0.43603457232, 0.006155132077, 3.9292942414e-06],
      [0.10721291001, 0.024646117488, 0.56015767479, 0.23715726228, 0.070826035432],
      [0.014326674769, 0.5070567348, 0.016348916863, 0.45972107061, 0.002546602957],
      [0.0093467700859, 0.045887921586, 0.25872277112, 0.50487511981, 0.1811674174]
    ],
    [
      [0.013479123113, 0.15731900024, 0.038093288344, 0.79071894689, 0.00038964141878],
      [0.42646438129, 0.097824436578, 0.46387695988, 0.011830633012, 3.5892414998e-06],
      [0.075365383474, 0.029476731883, 0.47856123075, 0.36590690469, 0.050689749201],
      [0.009744645234, 0.45544334258, 0.015421541898, 0.51939047029, 0],
      [0.0055256662611, 0.046000617281, 0.18486908616, 0.6529190023, 0.110685628]
    ],
    [
      [0.042714725373, 0.23544826095, 0.097970935853, 0.62291263357, 0.00095344425427],
      [0.50434031828, 0.053067575263, 0.43920556182, 0.0033833259478, 3.2186903621e-06],
      [0.12434686526, 0.022542900906, 0.63953522696, 0.14767431124, 0.065900695635],
      [0.013985522214, 0.59303248188, 0.02705978564, 0.36172960247, 0.0041926077938],
      [0.012981462704, 0.050500570826, 0.35394025203, 0.37852317406, 0.20405454038]
    ],
    [
      [0.028249441231, 0.15555347236, 0.14860451332, 0.66559925138, 0.0019933217074],
      [0.3163030009, 0.034706889157, 0.64540275567, 0.0035807825935, 6.5716832202e-06],
      [0.060777148576, 0.0090484785562, 0.71899814102, 0.10883189445, 0.1023443374],
      [0.016230542463, 0.46813146999, 0.043830388692, 0.47044308054, 0.0013645183098],
      [0.0061065544619, 0.023945265688, 0.38040398486, 0.28944993097, 0.30009426402]
    ],
    [
      [0.021940617212, 0.19356784588, 0.086571272685, 0.6965000429, 0.0014202213231],
      [0.36711255694, 0.064855468356, 0.56239918297, 0.0056257828833, 7.0088549457e-06],
      [0.069808072944, 0.020775692446, 0.61814568804, 0.18640373461, 0.10486681196],
      [0.011547944937, 0.5225619167, 0.023442056776, 0.44244808158, 0],
      [0.0061402297442, 0.038668825157, 0.28658505538, 0.39300250774, 0.27560338199]
    ],
    [
      [0.028086031835, 0.17397562595, 0.080764843262, 0.71646024185, 0.00071325709925],
      [0.44403263393, 0.055083245827, 0.49541353805, 0.0054672580032, 3.3241817738e-06],
      [0.096330430587, 0.020142677463, 0.62331301544, 0.2052762051, 0.054937671407],
      [0.015067630222, 0.48833772033, 0.022667454607, 0.47392719484, 0],
      [0.00921781273, 0.040808736939, 0.31360394512, 0.47444509246, 0.16192441274]
    ],
    [
      [0.01827725687, 0.20786619887, 0.082529465395, 0.69048541879, 0.00084166007419],
      [0.33295279155, 0.076047682063, 0.58490495554, 0.0060900376495, 4.5331953395e-06],
      [0.063500528078, 0.02438520058, 0.6422452177, 0.20020932987, 0.069659723774],
      [0.007051073035, 0.54363108516, 0.022596718386, 0.42619925372, 0.0005218696989],
      [0.0058626439648, 0.047620275958, 0.31305905572, 0.44675573039, 0.18670229397]
    ],
    [
      [0.058688379076, 0.21804724377, 0.1148863326, 0.60520620742, 0.0031718371286],
      [0.5493183702, 0.039146442724, 0.40890788814, 0.0026187820324, 8.516910871e-06],
      [0.13076495016, 0.016021452962, 0.60431057792, 0.11005809906, 0.1388449199],
      [0.017535183509, 0.57718354562, 0.042769614531, 0.36251165634, 0],
      [0.011583788436, 0.030338813929, 0.2694545562, 0.23837728111, 0.45024556032]
    ],
    [
      [0.011795581256, 0.27202404184, 0.087895986378, 0.62712979071, 0.0011545998125],
      [0.22967308491, 0.10310137988, 0.66148378393, 0.0057352171218, 6.5341674225e-06],
      [0.028603867568, 0.030262084436, 0.66849633305, 0.17561454331, 0.097023171636],
      [0, 0.634402895, 0.024200481912, 0.34078872297, 0.00060790012095],
      [0.0035605600914, 0.057985708147, 0.31501185183, 0.37894844135, 0.24449343858]
    ],
    [
      [0.02115891613, 0.19927327411, 0.078538779693, 0.7000336952, 0.00099533486228],
      [0.37654634396, 0.071891919282, 0.54546613012, 0.0060903410099, 5.2656267197e-06],
      [0.07396019913, 0.023639294734, 0.61433861575, 0.20517344327, 0.082888447115],
      [0.010513025381, 0.5291328415, 0.02071677703, 0.43874207218, 0.00089528391457],
      [0.0066268502087, 0.044691065304, 0.29062505048, 0.44311176644, 0.21494526756]
    ],
    [
      [0.025103501362, 0.25989745788, 0.0819907209, 0.63204857122, 0.00095974863991],
      [0.40293560717, 0.082790172832, 0.50941531964, 0.0048543779365, 4.5224281223e-06],
      [0.085716232017, 0.029767550746, 0.62735507932, 0.17906663402, 0.078094503899],
      [0.012936264715, 0.6156424339, 0.01834013328, 0.35093293237, 0.0021482357297],
      [0.0080446220419, 0.059287015714, 0.31108559793, 0.40762248583, 0.21396027848]
    ],
    [
      [0.055309882558, 0.22548929041, 0.10321328454, 0.61453905902, 0.0014484834666],
      [0.55086643944, 0.045455072998, 0.40068643323, 0.0029877710656, 4.2832663448e-06],
      [0.14559770221, 0.020129041555, 0.60788916843, 0.13555552117, 0.090828566639],
      [0.0081436544984, 0.58096679877, 0.042118905275, 0.36661009008, 0.0021605513743],
      [0.015038962424, 0.043888709052, 0.33163778155, 0.33764577668, 0.27178877029]
    ],
    [
      [0.027011398837, 0.25487400398, 0.067774165594, 0.64941296248, 0.00092746910306],
      [0.45937945708, 0.08705554148, 0.44821294361, 0.0053473939172, 4.6639155562e-06],
      [0.1024532863, 0.032641346361, 0.57550146912, 0.20553893856, 0.083864959662],
      [0.012448862166, 0.60571378361, 0.015561904075, 0.3646458932, 0.0016295569468],
      [0.0091153993622, 0.061441553859, 0.27044817551, 0.4420914671, 0.21690340417]
    ]
  ],
  "expected_outcome": [
    [
      [0.068055052287, 0.041229450771, 0.63433244395, 0.56695813705, 1.8206604958, 0.13960784877, 0.086844454761, 0.69551158021, 0, 0.15415186167, 1.0446929566, 0.31087747654, 0.99935645057, 1.3838349859, 0.67731042471, 0, 1.0056058299, 0.4248505862, 1.728995247, 0.96804279952, 0.54355699543, 0.094132432995, 0.19617263472, 1.3289661213, 0.67915513694, 0.55314200387, 0.60151590677, 0.44532517466, 0, 3.3580421757, 1.0794831644, 0.14312803432, 0.73823520093, 0.0435321241, 0.34673103077, 0, 0.10779903922, 0.21566596982, 0.21357362686, 0.36724273601, 0.35104987539, 1.2357854008, 0.32899062367, 0.58688379076, 0, 2.0312559485, 0.30124201634, 3.6504522488, 0.70229636976],
      [0.8400226357, 0.31839460904, 2.1518781737, 4.4458450794, 20.4282427932, 1.3572190781, 0.63185239184, 7.0044617419, 0, 0.9320330996, 10.0079126533, 2.1981698375, 7.7272556385, 10.5021325047, 6.5087238745, 0, 9.4088649457, 3.2860159486, 17.5112836561, 5.6774513811, 3.4052347027, 0.56273732091, 1.9410101268, 12.0618540867, 5.640056369, 1.5748933296, 3.9054016407, 3.0913738661, 0, 22.0600918857, 6.1246134422, 2.7965182283, 5.9199849599, 0.75110673134, 1.0024427081, 0, 0.74362065191, 2.5171040038, 1.1772413048, 2.0221951406, 3.0970855341, 7.6549275417, 3.7415915796, 2.1804724377, 0, 19.1302343145, 3.1187694946, 14.8822931669, 6.6267241036],
      [0.39705681595, 0.22640111799, 1.4715265401, 2.1948643478, 6.9837174167, 0.81826603492, 0.47224950748, 2.3746505073, 0, 0.56086608991, 4.5235178299, 1.3652987673, 3.8497045038, 5.8113267592, 2.2808614454, 0, 3.7966369124, 1.9710330803, 6.9948705191, 3.1851339157, 2.2114709296, 0.43780171092, 1.1679850884, 5.6311657014, 2.5706595175, 1.074553302, 2.4629101635, 1.5606099467, 0, 12.1947969614, 3.3715742588, 0.47764603343, 2.5454156648, 0.19402804739, 0.76508052737, 0, 0.25154249596, 0.60949261351, 0.48985467927, 1.9318586732, 1.385140363, 3.5536531035, 1.4855303771, 1.148863326, 0, 7.5397228505, 0.9838886508, 6.8120767798, 1.7621283055],
      [4.6921131318, 1.4111089776, 11.7189445942, 9.7800150011, 81.659778999, 4.6794411569, 1.8061380244, 18.8967934663, 0, 2.3476914323, 32.3641249763, 11.1077089436, 32.3725713646, 44.2476503077, 26.4920588792, 0, 30.7588397904, 16.3058181824, 60.6988985175, 31.1370074445, 12.8258339186, 2.8966419515, 4.6840237054, 32.9053704563, 26.0755591282, 7.7859510324, 16.000932315, 14.8834834559, 0, 72.2827743845, 21.3748757754, 8.5478088544, 29.7610565712, 2.0095115194, 3.8796752621, 0, 2.8940397874, 12.6515031502, 3.1145631678, 8.652790268, 11.1440006864, 31.5242506416, 12.4287375383, 6.0520620742, 0, 67.2032347396, 7.5845828546, 40.5595778956, 16.8847370245],
      [0.002752364251, 0.0028658445927, 0.023318248086, 0.012317434746, 0.10760029527, 0.0054658813719, 0.0029156214816, 0.028582704248, 0, 0.005257516535, 0.059751583835, 0.017944975083, 0.051112042498, 0.055055442473, 0.041045376244, 0, 0.030052521603, 0.01228220247, 0.065952060287, 0.032364459199, 0.013903453653, 0.0086865836271, 0.010808444619, 0.072643634368, 0.034569848339, 0.011460332093, 0.029239974086, 0.019207556703, 0, 0.10429459263, 0.049453359249, 0.034898849563, 0.03530760322, 0.0018215777764, 0.0060704716809, 0, 0.0029980255343, 0.0062342627005, 0.0047672212714, 0.025913182196, 0.02272354117, 0.031383312367, 0.015149881335, 0.031718371286, 0, 0.095552146778, 0.011516983679, 0.095599908799, 0.024114196679]
    ],
    [
      [2.5955811916, 0.64449760588, 17.831322467, 25.5127501364, 37.8950262049, 15.4943136044, 2.1715370795, 11.84598131, 1.8744400563, 0.82324746366, 42.4645339195, 8.4270786659, 57.2253545257, 55.5881220537, 30.5317638802, 2.3223257586, 47.122676974, 20.8334729649, 65.0123009816, 26.5735867303, 33.1077607848, 1.0477643446, 6.5533467071, 36.8882703597, 35.7056659625, 25.391899385, 31.0437187738, 21.0623847828, 0.31865166837, 168.2963388591, 36.3812438984, 8.6177668187, 25.3855188973, 6.2649953137, 4.8360423741, 1.5934585076, 5.9055825232, 12.3674670575, 12.1041676386, 6.6423630189, 17.98851529, 28.4180885718, 22.3078370337, 15.9302327357, 1.8373846793, 108.8218934042, 19.340909144, 150.3865379684, 58.8005705058],
      [0.57785046565, 0.076378859893, 1.1712026793, 3.9652851691, 8.6019947828, 2.9734123292, 0.30024868671, 2.3647106067, 0.19525754964, 0.087082960244, 8.2188781221, 1.1676736173, 8.9423131155, 8.5273916028, 5.9024848547, 0.1159503649, 8.8786874461, 3.2157453855, 13.3063928921, 3.1075007437, 4.1507211563, 0.11470530798, 1.266518935, 6.7584014376, 5.9853086241, 1.4302301312, 4.0632727182, 2.9316581672, 0.25475318404, 22.398647773, 4.1333202401, 3.159888684, 4.0931427703, 1.9633569388, 0.24936565192, 0.0076826289477, 0.78809387246, 2.8369086608, 1.2736218063, 0.7288446723, 3.1779179494, 3.5253277329, 5.0951946982, 1.135246839, 0.824811039, 20.7767646724, 3.9739282959, 12.4092349284, 11.1431093094],
      [5.7495911004, 1.2710395927, 15.8440337056, 38.3114945321, 56.6731869539, 35.2853535224, 4.5074076612, 15.6353866131, 1.9242552907, 1.0843621842, 71.6749173099, 14.2631456762, 85.928222609, 91.0175988519, 39.9860885489, 0.55363515282, 69.2984984485, 37.5663175523, 102.5685142812, 33.9082163894, 52.3645379514, 1.8233193617, 15.1063009052, 60.9080906585, 52.6413724899, 19.0074223517, 49.4911560432, 28.6655428851, 0.42027374738, 238.5337358769, 44.1372501684, 10.9901540623, 34.0250495331, 10.6459246107, 3.8913252229, 0.39808322469, 5.2324148679, 13.4524318364, 10.5409334837, 13.553457869, 27.5575599654, 31.7064664354, 39.1886320215, 11.858328756, 5.2918702714, 157.6397116054, 24.4519353425, 109.3873962706, 57.3712567822],
      [0.076948012948, 0.0080722983272, 0.15325151332, 0.21030734103, 0.82912723554, 0.24674254808, 0.020785640373, 0.15377876947, 0.0060420954346, 0.0052998285083, 0.64095000831, 0.14196044582, 0.90324135578, 0.86623113655, 0.57911547158, 0.0080887236777, 0.69971994286, 0.38428653671, 1.1120558164, 0.4104348167, 0.37673021638, 0.014183924248, 0.07372796284, 0.44463963948, 0.66711412672, 0.17029424427, 0.40140541445, 0.34014596007, 0.0063125298457, 1.769723909, 0.34769387058, 0.2315932254, 0.49592988292, 0.12564984039, 0.023243709569, 0.00077044952452, 0.073861584925, 0.34308835734, 0.081199822746, 0.075196434463, 0.27566336128, 0.3499045122, 0.40803252252, 0.07594467894, 0.045881736974, 1.7601085519, 0.23301014095, 0.81566150092, 0.6844664214],
      [2.9229415635e-05, 1.1643228403e-05, 0.00018963478476, 0.00016282129602, 0.00066482284149, 0.00017799581727, 2.0932244371e-05, 0.0001427007816, 5.0079307378e-06, 7.5633400904e-06, 0.00072064014083, 0.00014159484938, 0.00086839391942, 0.00065635509823, 0.000547244729, 0, 0.00041718844774, 0.00017756068313, 0.00073602875384, 0.00026132001233, 0.00024989118724, 2.7061407684e-05, 0.00010548980664, 0.00059790465236, 0.00053879672714, 0.00015388784184, 0.00044705045764, 0.0002682048742, 8.8703653767e-06, 0.0015535820645, 0.00049182245253, 0.00059720963378, 0.0003589163927, 7.3296364507e-05, 2.304145534e-05, 5.1892424726e-06, 4.7151530897e-05, 0.00010408800349, 7.7248568691e-05, 0.00013800534762, 0.00034343389234, 0.00021274763352, 0.00030372408775, 0.00024699041526, 5.227333938e-05, 0.001521766122, 0.00021707654987, 0.0011693317121, 0.00059698119119]
    ],
    [
      [1.09260623, 0.76102827306, 8.9552209714, 10.2620267283, 42.355995412, 5.5006642138, 5.068608598, 11.4458277237, 1.8193100983, 2.6142761146, 40.2422832222, 6.5508243392, 44.4457172417, 42.3613072559, 27.7678803135, 1.4530187472, 26.0767720055, 11.1321143012, 34.60263893, 12.4553222802, 16.5708544841, 3.2292693182, 4.8862454555, 33.0286913078, 42.2272884556, 23.7571426776, 36.2685247059, 26.1751714032, 0.44809747386, 67.3488542217, 21.0429677621, 1.4495491968, 28.3759798912, 1.2926613597, 4.6635142464, 2.2529482483, 10.2924393609, 7.6119037309, 8.2068931074, 13.9787441725, 18.638755476, 22.2523294656, 19.2406600075, 9.807371262, 2.0308745974, 79.9509752598, 14.2288945148, 138.0266216995, 30.6335326039],
      [0.43063318057, 0.17265722646, 1.0078672117, 2.6907274324, 16.1183899172, 1.7827218646, 1.3039255555, 3.8702774173, 0.63672567368, 0.50239844702, 13.4749251132, 1.5461470038, 11.644686856, 10.8932605018, 9.0250632521, 0.23904014092, 8.2490968089, 2.8972972546, 11.8723927494, 2.4601674795, 3.4437661153, 0.43569988166, 1.6017403671, 10.1502035442, 12.2765350443, 2.1855703828, 7.49777041, 6.0151015903, 0.68003902613, 15.0048069153, 4.0256835982, 0.89345810997, 7.6955489784, 0.70721054915, 0.52035726239, 0.028218212486, 2.3660272788, 2.9771499202, 1.4878314598, 2.0811500679, 5.5471098831, 4.652958494, 7.3887157759, 1.2016089721, 2.148607995, 25.554077607, 4.9414134238, 19.0823313942, 9.7597625621],
      [14.5069649941, 9.8373942095, 46.6089118529, 90.0008336252, 363.6805572065, 72.4062793224, 56.9326150648, 87.6501301909, 10.9594155298, 21.6116227562, 398.8370843213, 64.5848085809, 383.2170195373, 398.207631553, 209.343113201, 4.2309212154, 221.473059277, 117.3023976872, 313.583959337, 91.8473669401, 147.4571646269, 30.990985717, 65.506423881, 313.364376437, 359.48537722, 121.0735474035, 330.2133142382, 202.645472341, 3.7779370887, 547.8388836837, 147.2238100272, 10.5322541078, 219.0142458553, 13.0359671587, 25.9088228643, 5.3681663728, 53.7751367802, 48.3346843058, 42.2093249793, 165.3695724351, 165.0448987075, 143.985306567, 194.6003009628, 45.3232933442, 47.4632396464, 664.1000436296, 104.1409431675, 576.278931668, 172.074939267],
      [5.9226280116, 1.8842160631, 13.5367469711, 14.6372356692, 159.1854195696, 15.441124792, 6.842442588, 25.8119439203, 0.17416911378, 3.1436347641, 106.5149844507, 19.2977968062, 120.5320720449, 113.6212259265, 90.7689602044, 2.0770198964, 67.2767670451, 36.0918268513, 102.0150700371, 33.3155249063, 32.4756656107, 7.2848273183, 9.569671991, 68.4282345144, 134.03604363, 33.0283043584, 79.8284483887, 71.2070640566, 1.7900292528, 121.4657491129, 34.7118777537, 8.8703708876, 95.5835706728, 4.6807609935, 4.4711843803, 0.28451722561, 22.7670971786, 36.9565973739, 9.7465045416, 25.0313357233, 49.7697971413, 47.4188033783, 60.6634269501, 8.2543574295, 12.4686325752, 221.7924921722, 29.7250612467, 128.5066340648, 61.4561426282],
      [1.0471675837, 1.3447042279, 7.8912529929, 4.4091765448, 59.6596378947, 4.8692098072, 3.8524081938, 11.2218207479, 0.41037958447, 2.1280679181, 55.9307228926, 9.02042327, 54.1605043201, 39.9165747628, 40.094983029, 0, 16.9243048635, 5.5763639056, 30.9259389465, 9.9216183939, 8.052549163, 6.0592177648, 6.4359183054, 43.0284941966, 51.9747556501, 13.9554351776, 42.1919422572, 26.957190609, 1.3038971585, 49.3417060664, 22.9956608588, 5.2543676978, 32.3306546023, 1.2833999389, 2.4361212466, 1.0661499408, 6.7992994015, 5.1196646693, 4.3494459119, 23.5391976012, 27.9994387921, 12.6906020951, 21.1068963037, 10.4133689922, 6.8886451861, 89.6024113314, 12.9636876473, 86.1054811734, 25.0756229389]
    ],
    [
      [0.21089396901, 0.54816829657, 2.4728246489, 3.3548783186, 10.9648504627, 0.71403728448, 0.54055245367, 3.7247427812, 0.23255332559, 1.3124350346, 6.3731993301, 1.5231779051, 8.3347757726, 8.7551679006, 5.3823211065, 0.13958354606, 7.3569596864, 3.3890423514, 9.0102607244, 5.6246786879, 4.2729412789, 0.58655788995, 1.2674249548, 9.8253908614, 5.5725907397, 4.8179837039, 6.1805915639, 3.8539873231, 0.21792248935, 17.7106847762, 7.0304121877, 0.76471692791, 4.8209644087, 0.35063075945, 0.95100104012, 0.13016745368, 2.292267963, 2.6115649227, 1.2027549104, 2.7429616763, 3.4874793709, 7.337935918, 2.630050242, 1.4554202313, 0, 17.5988044872, 2.8071694432, 8.8684397488, 6.3987151531],
      [18.8691377409, 11.4070379682, 54.4136108056, 114.2079771521, 743.1119680594, 63.8433741324, 21.0894197895, 178.6942499029, 9.8285689954, 30.0759113879, 318.3010126686, 52.1437727694, 339.1821998906, 354.127278804, 251.1616646204, 4.3022776221, 346.5340089805, 135.3842438767, 506.630236789, 158.1706220583, 135.7438618028, 18.7107665376, 67.5149939354, 456.0015836266, 241.2545252411, 71.8356163579, 209.3294999757, 139.6651831956, 11.4447555527, 583.4891257971, 209.8298161623, 60.8099821082, 183.3963177573, 27.0032024707, 14.8190416541, 4.9570360722, 81.1290775686, 122.0588158104, 51.0007934418, 79.1142184289, 157.8136988447, 237.8204698023, 202.7743947658, 47.9062342865, 67.8811097646, 885.768376668, 133.5944081572, 632.6728438639, 311.3368847781],
      [1.0573734027, 0.32276099797, 4.1484628679, 5.5765555644, 25.9879071417, 3.9766729866, 1.5080078244, 5.6921240281, 0.36170430662, 1.5260525524, 14.1699385161, 2.9964966818, 16.7156973821, 19.7201814246, 8.8827259153, 0.069752861597, 13.879613105, 8.0516154038, 20.9724622663, 9.3243135692, 8.661207421, 1.3988574307, 4.3718312958, 22.5734237596, 10.8308046027, 4.8062112715, 12.9941662936, 6.9347743035, 0, 32.2458346794, 12.0496113845, 1.0151636527, 8.7257299142, 0.56461601865, 1.0773496372, 1.9113513945, 2.615826698, 4.1329732288, 2.327141565, 7.4073356889, 7.0795011463, 11.0390503938, 8.4285759579, 3.549878006, 2.5894515646, 34.6798847482, 3.9798089218, 45.8674878445, 7.9988186944],
      [23.8499140758, 11.3765035365, 70.6655927247, 56.8605889649, 697.0069211159, 51.4659155966, 13.8403827863, 113.3880972892, 2.5741162904, 16.6204577559, 242.7216314386, 61.9742315349, 335.1085492067, 352.3973718708, 239.5732883578, 2.4883859702, 267.2294182282, 158.1750983682, 414.3870402202, 204.6148375809, 120.3219894973, 22.2393110923, 36.0567550446, 289.7954555416, 263.0041960841, 83.4212384088, 202.1378349672, 158.3480383603, 2.33258753, 449.5543547472, 171.9763833431, 43.4101373112, 213.8793746828, 16.8132006078, 13.1327253204, 3.6327367439, 73.5553712973, 139.1966460381, 31.1087458125, 79.5048806116, 133.6193206381, 230.8025438859, 158.9723216365, 30.0884674762, 36.4643933579, 734.4542288236, 76.1524463245, 399.2383880962, 187.4279891038],
      [0.012680811583, 0.34552920075, 0.29950895292, 0, 1.9283532203, 0, 0.021637146131, 0.5007859987, 0.0030570819023, 0.46514326922, 0.43421804671, 0.36232110888, 0.65877774803, 0, 0, 0, 0, 0, 0, 0.26554810381, 0, 0.064507049463, 0.78899476943, 0.80414621081, 0.33788333245, 0.11895025802, 0.35790719956, 0.1980168176, 0.0047344280181, 0, 0.11377692247, 0, 1.1776132369, 0.26835014331, 0.019882348081, 0.36870833576, 0.40745647311, 0, 0.36056427027, 0.23060359435, 0, 0, 0.19465739769, 0, 0.065045312941, 1.498705273, 0.46616715334, 2.3528404467, 0.83759227064]
    ],
    [
      [0.032863557105, 0.0050763737174, 0.10629946876, 0.30338667959, 0.96346742453, 0.15137704858, 0.13245741411, 0.28793660495, 0.073696519772, 0.095889525497, 0.87529057157, 0.18804161328, 0.99479600948, 0.91156780387, 0.6407242751, 0.08507194809, 0.43798550425, 0.22051979628, 0.64580411704, 0.37836950217, 0.50488645683, 0.042276014175, 0.096810247831, 0.9286813499, 0.81529970528, 0.47983222959, 0.90564904971, 0.4631313163, 0.015328368416, 1.2860799673, 0.46589298749, 0.02483902226, 0.67930160186, 0.048180443058, 0.20271130858, 0.023425790389, 0.40191111369, 0.19339831914, 0.27261071678, 0.26868839632, 0.53419998775, 0.75586064386, 0.49246209304, 0.22009198028, 0.13174072338, 1.5970709003, 0.32178488168, 3.0679483345, 0.46488536747],
