{
  "Z_true": {},
  "V_true": [
    [16, 67, 1177, 302],
    [618, 884, 252, 136],
    [641, 11375, 569, 896],
    [240, 337, 12820, 1264],
    [124, 886, 673, 1206]
  ],
  "p_true": [
    [0.0102, 0.0429, 0.7535, 0.1933],
    [0.327, 0.4677, 0.1333, 0.072],
    [0.0475, 0.8438, 0.0422, 0.0665],
    [0.0164, 0.023, 0.8744, 0.0862],
    [0.0429, 0.3067, 0.233, 0.4174]
  ],
  "Z_est": [
    [
      [3.3591, 1.5191, 5.6084, 3.3442, 4.7371, 2.4814, 1.9925, 0, 0, 0, 3.7703, 3.302, 0.3185, 4.2964, 1.2734, 4.8734, 4.9859, 3.4555, 0.5853, 2.3165, 2.8553, 1.087, 2.7093, 0.774, 1.7593, 0.1166, 1.0104, 0.3695, 0.8844, 1.7216, 0.5494, 2.9922, 6.5229, 3.544, 0.0278, 7.2905, 1.7764, 13.9375, 1.6619],
      [0.0988, 1.6651, 1.7673, 0.1022, 3.5497, 0.0728, 0.2812, 0.1021, 0, 0.2804, 0.5955, 0.5199, 0.4109, 0.3053, 0.0453, 4.7735, 0.2092, 0.2315, 0.4848, 0.0998, 0.3421, 0.502, 0.2019, 0.0471, 1.5331, 0.0203, 1.1178, 0.0774, 0.06, 1.5548, 0.2632, 0.1767, 0.2061, 3.5568, 0.0022, 0.6685, 1.4946, 10.0092, 0.8158],
      [50.6209, 19.6047, 21.0174, 48.6732, 40.2482, 44.0299, 41.7211, 0.8303, 0, 0.7196, 64.0605, 44.4544, 10.9219, 54.9669, 16.5873, 52.8638, 115.4361, 40.9158, 5.6008, 29.4024, 35.4374, 17.3442, 37.7774, 16.0965, 17.9242, 1.8598, 12.0115, 7.524, 11.0048, 17.629, 8.1121, 59.4624, 107.4689, 41.3427, 2.9141, 142.893, 16.6197, 108.7827, 13.2455],
      [0.9211, 1.2111, 2.6068, 0.8805, 2.4649, 1.4159, 6.0052, 0.0676, 0, 0, 0.5737, 0.7238, 0.3487, 0.4314, 0.0941, 3.4892, 1.3688, 0.3973, 0.3291, 0.1812, 0.3652, 0.0667, 0.3114, 0.0823, 0.7835, 0.0033, 0.8603, 0.0291, 0.0508, 1.0945, 0.0753, 0.3687, 0.8021, 2.5564, 0.0559, 1.1479, 1.1092, 7.2707, 1.2768]
    ],
    [
      [16.4777, 7.9714, 45.8129, 14.6022, 24.5619, 12.473, 11.817, 0, 0, 0, 17.7833, 16.4919, 1.8661, 25.4571, 9.8964, 27.9874, 21.9764, 25.1296, 6.1083, 16.8932, 20.9984, 5.8358, 14.6685, 6.2707, 10.2946, 2.3146, 6.4076, 3.3521, 5.3259, 10.9537, 3.9525, 17.383, 30.3716, 18.4301, 0.2807, 39.4426, 12.0477, 78.6795, 17.5216],
      [2.6036, 1.4663, 29.1416, 1.773, 3.3788, 1.8854, 2.2461, 1.9714, 0.1925, 0.5477, 4.1902, 4.0208, 1.5438, 5.0458, 1.7806, 10.2173, 4.5586, 5.3685, 1.1589, 3.1185, 6.6971, 3.3242, 2.8766, 1.4097, 5.6296, 2.0629, 2.5883, 2.2633, 0.9176, 3.0339, 3.5672, 3.661, 4.2764, 3.7623, 0.1338, 9.4005, 2.8663, 15.655, 6.0437],
      [39.6494, 15.6225, 41.5238, 21.5769, 34.399, 27.1783, 35.6553, 1.6305, 1.7692, 0.4523, 23.2753, 20.3675, 4.2783, 38.5715, 15.9929, 58.7069, 72.4581, 47.3974, 13.4504, 34.4311, 42.0547, 8.726, 23.8702, 17.0295, 10.2414, 3.5606, 10.2113, 8.2523, 6.6434, 18.0978, 6.2965, 49.1489, 51.6729, 34.7566, 1.5145, 92.9587, 15.185, 88.6146, 30.7672],
      [1.2693, 0.9398, 6.5215, 1.048, 1.6603, 1.4633, 4.2816, 0.3981, 0.0383, 0, 0.7512, 1.1198, 0.3118, 0.9256, 0.3301, 3.0884, 2.007, 1.1046, 0.2825, 0.5573, 1.2498, 0.114, 0.5847, 0.2901, 0.8344, 0.0619, 0.7928, 0.1323, 0.1131, 0.9147, 0.1838, 0.8071, 1.6791, 2.051, 0.0711, 2.1983, 0.9009, 5.0509, 1.6675]
    ],
    [
      [2.4713, 1.3891, 3.6184, 3.6006, 5.6136, 1.7618, 1.3328, 0, 0, 0, 9.6857, 5.4952, 0.5482, 11.2705, 8.8413, 5.0205, 2.6533, 8.4042, 1.7443, 5.7545, 5.5626, 7.2761, 6.7836, 2.9583, 4.8966, 3.06, 1.5447, 2.3104, 9.1661, 1.8575, 3.4512, 4.1135, 7.2542, 3.0936, 0.1521, 9.0217, 3.7752, 28.6646, 1.7793],
      [151.8989, 107.6755, 135.0788, 183.1936, 196.129, 126.8699, 170.2092, 7.4806, 5.2265, 2.9937, 654.5286, 390.3713, 127.2973, 608.4842, 323.1867, 390.6363, 296.3099, 448.7735, 91.057, 310.984, 396.2856, 415.6357, 359.727, 196.0632, 332.771, 154.6474, 149.1851, 161.7509, 257.0622, 156.5475, 246.2037, 373.5569, 468.8271, 184.0761, 77.2208, 927.2259, 220.5227, 1112.3414, 125.5244],
      [1.815, 1.4021, 0.0322, 1.6677, 2.0975, 1.5844, 2.453, 0.0044, 0.185, 0.0063, 6.4272, 1.9614, 0.6515, 5.0473, 3.4737, 1.9217, 3.948, 4.2674, 0.876, 3.7108, 2.5879, 2.2051, 3.1686, 1.8104, 0.9671, 0.5207, 0.5212, 0.979, 2.2639, 0.9128, 0.5159, 4.8472, 8.7212, 2.1574, 0.5049, 9.2808, 1.0088, 7.1539, 0.5536],
      [36.8147, 24.5332, 12.2711, 51.5381, 47.1598, 39.784, 43.005, 1.5149, 0.5884, 0, 120.3585, 80.1721, 24.5031, 113.1981, 70.4984, 73.4214, 59.0888, 85.555, 18.3227, 53.5507, 66.5639, 52.8831, 72.3208, 40.1681, 55.3653, 21.7719, 30.749, 24.9597, 52.5078, 24.6822, 38.8292, 67.4825, 86.1975, 45.6729, 34.1221, 170.4716, 47.6933, 247.84, 21.1427]
    ],
    [
      [17.1639, 10.0449, 24.6729, 19.2381, 33.2734, 14.8291, 11.7392, 0, 0, 0, 28.2325, 23.2584, 2.2324, 41.0292, 17.3557, 24.528, 22.8624, 29.1759, 7.322, 21.3651, 21.0108, 6.5402, 21.1771, 6.5404, 13.8349, 1.3652, 6.8856, 2.8029, 9.048, 13.3116, 4.8474, 19.0089, 42.1062, 20.5583, 0.5339, 46.309, 16.0262, 98.3801, 24.9677],
      [1.1531, 1.618, 2.1225, 1.3841, 2.1764, 1.4022, 1.9613, 0.1478, 0.0327, 1.1782, 9.0455, 4.8194, 4.2549, 6.7494, 2.3173, 4.002, 3.5153, 3.1145, 0.8074, 2.5051, 3.6914, 3.6237, 2.6592, 0.903, 12.7784, 0.6576, 4.124, 1.2305, 1.2498, 3.7838, 3.8943, 3.385, 5.7789, 2.789, 1.6274, 9.9193, 3.7958, 7.976, 5.1176],
      [392.8236, 227.7301, 134.2684, 380.7285, 435.8126, 422.5937, 496.1068, 6.4986, 6.8419, 2.8218, 513.9862, 348.6348, 86.6975, 592.138, 239.2689, 450.8023, 817.1258, 439.8778, 118.0551, 342.9641, 339.1421, 107.4131, 331.8437, 166.3974, 158.5284, 22.6768, 129.5092, 66.7014, 104.3725, 223.5286, 72.7408, 522.5947, 908.9629, 428.5248, 63.7486, 1171.7238, 221.9026, 1083.5707, 292.1781],
      [20.8593, 22.6069, 15.9358, 22.6493, 25.7377, 31.175, 50.1926, 1.3535, 0.1254, 0, 34.7357, 40.2873, 8.8152, 42.0834, 13.0581, 43.6677, 38.4966, 23.8318, 6.8155, 13.1657, 19.1557, 5.4229, 20.32, 7.1592, 18.8584, 1.3003, 18.4812, 3.2652, 5.3297, 22.376, 6.5175, 25.0115, 34.1519, 34.1279, 15.0901, 81.0479, 27.2754, 104.0731, 27.7366]
    ],
    [
      [0.5279, 0.0755, 0.2873, 1.215, 0.8139, 0.4547, 0.1185, 0, 0, 0, 0.5281, 0.4524, 0.0349, 0.9467, 0.6333, 0.5906, 0.5221, 0.8348, 0.2402, 0.6707, 0.5729, 0.2608, 0.6614, 0.4566, 0.2146, 0.1437, 0.1517, 0.1652, 0.5756, 0.1556, 0.1995, 0.5024, 0.7451, 0.374, 0.0056, 0.9362, 0.3744, 2.3383, 0.0695],
      [40.2455, 14.575, 21.8898, 63.5471, 45.7662, 35.7697, 29.3022, 2.298, 1.5483, 0, 103.6401, 77.2686, 25.4931, 117.4154, 57.6702, 91.3708, 80.407, 83.5121, 21.4919, 62.2926, 78.9839, 54.9143, 74.5353, 55.5769, 47.288, 25.6117, 33.9848, 32.6779, 42.7104, 30.08, 47.0716, 83.2204, 85.9114, 35.8157, 13.0158, 195.7858, 48.3205, 193.0183, 13.4985],
      [3.091, 0.6405, 0.1582, 5.3537, 3.4426, 3.6137, 2.0637, 0.0362, 0.2039, 0, 2.2508, 1.582, 0.4508, 3.2763, 1.6772, 2.7052, 6.0319, 2.5416, 1.0177, 2.4916, 1.7778, 0.3116, 2.3402, 2.6662, 0.339, 0.382, 0.7468, 0.5432, 0.7153, 0.8318, 0.3347, 3.9469, 5.174, 2.2185, 0.3179, 7.1437, 1.2839, 4.8781, 0.2556],
      [14.1355, 4.709, 4.6648, 25.8842, 15.9773, 16.1619, 10.5156, 0.6658, 0.2478, 0, 27.581, 22.697, 7.0212, 31.3616, 18.0194, 25.3333, 23.0389, 23.1114, 6.2502, 15.545, 19.6654, 11.5133, 21.463, 16.3003, 12.1584, 5.8626, 10.1167, 7.6137, 12.9986, 6.9326, 11.3942, 21.3302, 22.1694, 12.5917, 7.6608, 51.1343, 15.0212, 62.7653, 3.1763]
    ]
  ],
  "V_est": [
    [103.8091, 38.2448, 1378.1255, 41.8205],
    [607.8368, 166.3787, 1067.9885, 47.7958],
    [185.9267, 11043.5593, 94.213, 2157.3015],
    [723.5775, 133.2919, 12871.837, 932.2931],
    [17.8498, 2167.5253, 78.836, 624.789]
  ],
  "p_est": [
    [0.0665, 0.0245, 0.8823, 0.0268],
    [0.3216, 0.088, 0.5651, 0.0253],
    [0.0138, 0.8192, 0.007, 0.16],
    [0.0494, 0.0091, 0.878, 0.0636],
    [0.0062, 0.7503, 0.0273, 0.2163]
  ],
  "EI_Z": {},
  "EI_V": 12.1311,
  "MAE_Z": {},
  "MAE_V": 418.3165,
  "MAE_p": 0.119,
  "runtime": 61.412
}
