{
  "X": [
    [13, 28, 36, 23],
    [5, 38, 35, 22],
    [9, 33, 34, 24],
    [9, 41, 30, 20],
    [11, 42, 30, 17],
    [8, 38, 37, 17],
    [16, 33, 29, 22],
    [9, 37, 36, 18],
    [19, 33, 19, 29],
    [29, 38, 13, 20],
    [27, 37, 8, 28],
    [19, 41, 10, 30],
    [17, 40, 12, 31],
    [22, 33, 19, 26],
    [21, 33, 19, 27],
    [16, 41, 20, 23],
    [16, 44, 13, 27],
    [22, 17, 22, 39],
    [25, 15, 19, 41],
    [19, 17, 24, 40],
    [17, 16, 19, 48],
    [17, 7, 21, 55],
    [16, 22, 17, 45],
    [18, 11, 25, 46],
    [19, 18, 16, 47],
    [23, 23, 16, 38],
    [20, 17, 18, 45],
    [17, 25, 18, 40],
    [22, 17, 17, 44],
    [23, 11, 25, 41],
    [24, 19, 10, 47],
    [22, 22, 21, 35],
    [22, 19, 20, 39],
    [28, 18, 30, 24],
    [23, 26, 36, 15],
    [36, 20, 26, 18],
    [20, 23, 34, 23],
    [18, 18, 48, 16],
    [36, 15, 33, 16],
    [25, 19, 36, 20],
    [37, 18, 28, 17],
    [21, 32, 26, 21],
    [26, 34, 17, 23],
    [20, 34, 21, 25],
    [13, 39, 26, 22],
    [19, 38, 22, 21],
    [14, 38, 19, 29],
    [16, 35, 17, 32],
    [22, 41, 20, 17],
    [22, 31, 16, 31]
  ],
  "W": [
    [46, 10, 11, 7, 11, 15],
    [71, 7, 9, 8, 1, 4],
    [53, 9, 8, 13, 9, 8],
    [64, 11, 5, 6, 8, 6],
    [60, 8, 8, 4, 11, 9],
    [66, 8, 9, 5, 6, 6],
    [50, 16, 6, 10, 8, 10],
    [60, 8, 10, 10, 8, 4],
    [26, 38, 10, 8, 7, 11],
    [9, 56, 8, 8, 9, 10],
    [4, 65, 8, 11, 5, 7],
    [3, 64, 6, 8, 13, 6],
    [9, 49, 7, 13, 13, 9],
    [10, 59, 8, 5, 10, 8],
    [10, 51, 10, 9, 10, 10],
    [10, 52, 5, 10, 13, 10],
    [11, 40, 22, 4, 9, 14],
    [9, 11, 50, 11, 10, 9],
    [10, 11, 53, 6, 8, 12],
    [9, 7, 59, 6, 15, 4],
    [6, 9, 57, 9, 11, 8],
    [4, 8, 61, 10, 8, 9],
    [6, 9, 55, 11, 8, 11],
    [9, 1, 67, 5, 9, 9],
    [9, 10, 56, 8, 7, 10],
    [5, 6, 13, 61, 5, 10],
    [6, 9, 11, 62, 7, 5],
    [12, 7, 10, 52, 6, 13],
    [8, 6, 11, 61, 8, 6],
    [6, 10, 8, 60, 10, 6],
    [8, 10, 5, 63, 9, 5],
    [7, 10, 11, 56, 6, 10],
    [8, 13, 6, 59, 8, 6],
    [9, 9, 6, 30, 41, 5],
    [10, 6, 8, 4, 67, 5],
    [11, 10, 12, 5, 54, 8],
    [10, 10, 6, 11, 50, 13],
    [6, 10, 8, 11, 59, 6],
    [9, 8, 9, 9, 60, 5],
    [7, 9, 9, 11, 55, 9],
    [11, 8, 11, 7, 56, 7],
    [5, 9, 10, 6, 44, 26],
    [8, 5, 9, 7, 11, 60],
    [9, 7, 10, 6, 10, 58],
    [12, 14, 8, 8, 10, 48],
    [12, 10, 5, 7, 9, 57],
    [5, 9, 14, 9, 5, 58],
    [10, 10, 7, 4, 5, 64],
    [11, 8, 8, 9, 7, 57],
    [5, 4, 10, 10, 4, 67]
  ],
  "method": "mvn_pdf",
  "cond_prob": [
    [
      [0.013772082973, 0.3544245407, 0.52095420129, 0.11084917504],
      [0.23708631765, 0.428490994, 0.054055871692, 0.28036681666],
      [0.15422803514, 0.033312777254, 0.17996988883, 0.63248929877],
      [0.21106951104, 0.082155163768, 0.16716466995, 0.53961065524],
      [0.33389416847, 0.098281127102, 0.51618685158, 0.051637852852],
      [0.19129707988, 0.37770743964, 0.18780190561, 0.24319357487]
    ],
    [
      [0.0097684346281, 0.44007408649, 0.43628365595, 0.11387382293],
      [0.16366843062, 0.51368089975, 0.043926828627, 0.27872384101],
      [0.11550698021, 0.043111250964, 0.15784008756, 0.68354168126],
      [0.15921096695, 0.10700414885, 0.14750902144, 0.58627586275],
      [0.28355950869, 0.14374553505, 0.51000896434, 0.062685991914],
      [0.13471196796, 0.46264658542, 0.15569331181, 0.24694813481]
    ],
    [
      [0.010437621202, 0.41814842329, 0.4582170897, 0.11319686581],
      [0.17584866916, 0.49627043436, 0.046808031091, 0.28107286538],
      [0.12147508298, 0.040732816013, 0.16476112945, 0.67303097156],
      [0.16715936889, 0.10114120995, 0.15403260421, 0.57766681695],
      [0.28848735058, 0.13217614152, 0.51911323151, 0.060223276391],
      [0.14403685319, 0.44375690434, 0.16484325347, 0.247362989]
    ],
    [
      [0.013204087709, 0.48118479838, 0.38020691258, 0.12540420133],
      [0.1956084758, 0.49820983784, 0.034043551926, 0.27213813444],
      [0.14197616961, 0.043115207517, 0.12593930821, 0.68896931467],
      [0.19361683927, 0.10587179027, 0.1164695188, 0.58404185166],
      [0.36365894, 0.14908438573, 0.42188509487, 0.065371579392],
      [0.16593899121, 0.46178505314, 0.12405390663, 0.24822204901]
    ],
    [
      [0.014158440293, 0.51363756478, 0.37522100086, 0.096982994067],
      [0.21274867839, 0.53998283454, 0.034125118526, 0.21314336855],
      [0.17851038593, 0.053797185999, 0.14566710041, 0.62202532766],
      [0.2346729859, 0.12740030238, 0.12984976786, 0.50807694386],
      [0.38353211023, 0.1565189326, 0.41011918749, 0.049829769679],
      [0.18054915722, 0.50053636965, 0.12436923613, 0.194545237]
    ],
    [
      [0.011754769981, 0.44228143297, 0.45752618874, 0.088437608309],
      [0.20180491539, 0.52953708942, 0.047213650489, 0.22144434469],
      [0.158360693, 0.049411522979, 0.18882461277, 0.60340317125],
      [0.21105380274, 0.11854479105, 0.17052125006, 0.49988015615],
      [0.31870483356, 0.13518830708, 0.50055611118, 0.045550748179],
      [0.16503623747, 0.4737173351, 0.16627031305, 0.19497611438]
    ],
    [
      [0.02122772734, 0.4174885517, 0.43800943414, 0.12327428682],
      [0.29943306537, 0.40995654599, 0.037057502022, 0.25355288662],
      [0.21111604025, 0.034611326035, 0.13363783593, 0.62063479778],
      [0.28144584702, 0.083026284931, 0.12074837619, 0.51477949186],
      [0.46242696108, 0.1025750101, 0.38402393193, 0.050974096898],
      [0.25372873928, 0.37992206664, 0.13512561889, 0.23122357519]
    ],
    [
      [0.010765602072, 0.45868945852, 0.45117470312, 0.079370236288],
      [0.18785442986, 0.56165297262, 0.047587938202, 0.20290465931],
      [0.1568282467, 0.055452155813, 0.20190204771, 0.58581754978],
      [0.206725696, 0.13183026375, 0.18059836911, 0.48084567113],
      [0.30024100677, 0.1451853975, 0.51216227387, 0.042411321863],
      [0.15342266481, 0.50111226042, 0.16720424483, 0.17826082995]
    ],
    [
      [0.01764882677, 0.42093477953, 0.42371956527, 0.13769682843],
      [0.25165633468, 0.42303158394, 0.036383518405, 0.28892856297],
      [0.16916995479, 0.034003891539, 0.12521069651, 0.67161545716],
      [0.23024072086, 0.083462651163, 0.11573946675, 0.57055716123],
      [0.4153807772, 0.11365946356, 0.40852894698, 0.062430812255],
      [0.21320391983, 0.39113194384, 0.13263797887, 0.26302615746]
    ],
    [
      [0.022499052836, 0.47360323072, 0.41825060811, 0.085647108328],
      [0.31653732405, 0.47128568951, 0.035205554956, 0.17697143148],
      [0.27220283544, 0.048318637246, 0.15569865839, 0.52377986893],
      [0.34373601243, 0.11009850463, 0.13335880872, 0.41280667422],
      [0.48120892203, 0.11643327069, 0.3669600342, 0.03539777308],
      [0.26997816624, 0.43832772044, 0.12944804834, 0.16224606498]
    ],
    [
      [0.021166742157, 0.48869564777, 0.37203029871, 0.11810731136],
      [0.28081332438, 0.45913641719, 0.02945964548, 0.23059061295],
      [0.21916696046, 0.042762394452, 0.11825215064, 0.61981849445],
      [0.28694957535, 0.1010514347, 0.1050815278, 0.50691746215],
      [0.4769828418, 0.12676773691, 0.3447752549, 0.051474166393],
      [0.24289338176, 0.4329659818, 0.10982664478, 0.21431399166]
    ],
    [
      [0.012586296758, 0.51802147112, 0.33463669269, 0.13475553943],
      [0.1759352775, 0.51626736733, 0.028310974583, 0.27948638059],
      [0.13059274128, 0.04560797023, 0.10767363885, 0.71612564964],
      [0.17794375589, 0.11229795772, 0.099790407363, 0.60996787903],
      [0.35774189537, 0.17028006572, 0.39756770359, 0.074410335326],
      [0.15172149664, 0.48473081954, 0.10496882007, 0.25857886376]
    ],
    [
      [0.011824282095, 0.53846956998, 0.3176787028, 0.13202744512],
      [0.16495635445, 0.53493338687, 0.027002805648, 0.27310745303],
      [0.1259699931, 0.04850346991, 0.10538500515, 0.72014153183],
      [0.17128157636, 0.11921642362, 0.097475664551, 0.61202633547],
      [0.34931611762, 0.18357346456, 0.39136870147, 0.07574171636],
      [0.14264895749, 0.50371355469, 0.10022154817, 0.25341593965]
    ],
    [
      [0.013247495758, 0.32612188382, 0.56568090385, 0.094949716576],
      [0.24606650783, 0.43086800727, 0.062367508842, 0.26069797606],
      [0.16217021816, 0.033956519958, 0.2121029257, 0.59177033618],
      [0.21991212451, 0.083099442725, 0.19532273765, 0.50166569512],
      [0.31293147163, 0.089513843562, 0.55391584355, 0.043638841253],
      [0.19442844253, 0.37100745553, 0.21339299006, 0.22117111188]
    ],
    [
      [0.013199165151, 0.36123420437, 0.53004548326, 0.09552114722],
      [0.23496695138, 0.45746852474, 0.056356178423, 0.25120834546],
      [0.16263045317, 0.03777137729, 0.20091907974, 0.5986790898],
      [0.21930938653, 0.091958570806, 0.1840181656, 0.50471387706],
      [0.32008214492, 0.10161530685, 0.53323568755, 0.045066860669],
      [0.18846571295, 0.39979254996, 0.19536442451, 0.21637731258]
    ],
    [
      [0.0093449261772, 0.41897798724, 0.49076023813, 0.080916848449],
      [0.17226251796, 0.55206219689, 0.054433741588, 0.22124154356],
      [0.13462312108, 0.051263424104, 0.21884234162, 0.5952711132],
      [0.17992133409, 0.12383160478, 0.19876222846, 0.49748483267],
      [0.2570923684, 0.13409226959, 0.56534139532, 0.043473966691],
      [0.13830499373, 0.48244741917, 0.18865519726, 0.19059238984]
    ],
    [
      [0.010833323592, 0.6035777008, 0.30217042292, 0.083418552679],
      [0.15937055103, 0.6322140783, 0.0271212831, 0.18129408757],
      [0.15983704082, 0.074803095295, 0.13914108045, 0.62621878343],
      [0.20466806005, 0.17329417748, 0.12105729165, 0.50098047082],
      [0.33867498057, 0.21705694892, 0.39357904784, 0.050689022673],
      [0.13753834472, 0.5939925662, 0.10045933916, 0.16800974992]
    ],
    [
      [0.0165555335, 0.40972086847, 0.48123653716, 0.092487060869],
      [0.26656522611, 0.46785747233, 0.046804131569, 0.21877316999],
      [0.20319509242, 0.041784988701, 0.18278784642, 0.57223207245],
      [0.26710900678, 0.099366220191, 0.163164833, 0.47035994003],
      [0.38642655812, 0.1089453233, 0.46276249027, 0.041865628311],
      [0.21984732013, 0.42002389397, 0.16615217451, 0.19397661138]
    ],
    [
      [0.024003089512, 0.38261522605, 0.47673545979, 0.11664622465],
      [0.33874025096, 0.37980386785, 0.040455857386, 0.24100002381],
      [0.23869573882, 0.031618620714, 0.14612937314, 0.58355626732],
      [0.31424282195, 0.075150154475, 0.13055754717, 0.48004947641],
      [0.47957554407, 0.086704601088, 0.38878277581, 0.044937079032],
      [0.28554173412, 0.34913651751, 0.1468044486, 0.21851729977]
    ],
    [
      [0.012068390307, 0.48975606702, 0.4192426626, 0.078932880072],
      [0.19716509658, 0.57101070455, 0.041743775397, 0.19008042348],
      [0.17484694457, 0.058315629081, 0.18894417137, 0.57789325499],
      [0.22690007456, 0.13736196206, 0.16665001837, 0.46908794501],
      [0.33034451158, 0.15189182158, 0.47572364767, 0.042040019171],
      [0.16417240332, 0.51647671528, 0.14930809798, 0.17004278342]
    ],
    [
      [0.012661078306, 0.45543636936, 0.41813781012, 0.11376474222],
      [0.19653547151, 0.50345482228, 0.039485938852, 0.26052376736],
      [0.14543837639, 0.0432971996, 0.14944339658, 0.66182102743],
      [0.19662835357, 0.10608354636, 0.13734727698, 0.5599408231],
      [0.33854925219, 0.13855989774, 0.46373173947, 0.059159110605],
      [0.16468571692, 0.45864923324, 0.14216535977, 0.23449969007]
    ],
    [
      [0.014697373973, 0.25342721645, 0.58249299797, 0.14938241161],
      [0.25256765979, 0.30961783108, 0.060046320921, 0.37776818821],
      [0.13318955131, 0.019294530576, 0.16281626095, 0.68469965717],
      [0.18828862851, 0.049232412201, 0.15642211676, 0.60605684253],
      [0.32993316126, 0.065355605219, 0.53956131995, 0.065149913576],
      [0.20132199237, 0.26848650078, 0.20650666752, 0.32368483933]
    ],
    [
      [0.010322721555, 0.5702854107, 0.33336552931, 0.086026338431],
      [0.15698134095, 0.61891169527, 0.031004996468, 0.19310196731],
      [0.14970901582, 0.068055839151, 0.15097765535, 0.63125748968],
      [0.19419510015, 0.16029705645, 0.13312335297, 0.51238449043],
      [0.31915836559, 0.20003548874, 0.42901306475, 0.051793080921],
      [0.13417972285, 0.57483663281, 0.11370933412, 0.17727431022]
    ],
    [
      [0.014168581756, 0.36081871897, 0.52597986504, 0.099032834237],
      [0.24617846581, 0.44567358755, 0.055214172454, 0.25293377419],
      [0.17005764405, 0.035766968404, 0.19516493342, 0.59901045412],
      [0.22912036388, 0.087245363511, 0.17864277912, 0.50499149349],
      [0.33832266255, 0.097825454948, 0.51793542347, 0.045916459024],
      [0.19847439085, 0.3906422783, 0.19165742065, 0.2192259102]
    ],
    [
      [0.015968292112, 0.47969088603, 0.38536322561, 0.11897759625],
      [0.22895951171, 0.4865699252, 0.033546919036, 0.25092364405],
      [0.17361507033, 0.043094844064, 0.12998659778, 0.65330348782],
      [0.23194360297, 0.10422182242, 0.11798984228, 0.54584473233],
      [0.4034474007, 0.13733217057, 0.4010141075, 0.058206321221],
      [0.19527088719, 0.45186194305, 0.12288716488, 0.22998000487]
    ],
    [
      [0.013291753726, 0.5632149602, 0.34737024462, 0.076123041457],
      [0.19926966287, 0.60091503046, 0.031722595529, 0.16809271114],
      [0.19809691316, 0.069356943167, 0.16116701817, 0.57137912551],
      [0.25045191179, 0.15902169242, 0.13843675025, 0.45208964554],
      [0.37354909781, 0.17988474564, 0.40496120325, 0.041604953298],
      [0.17037006176, 0.55876230638, 0.11646374705, 0.15440388482]
    ],
    [
      [0.013410981225, 0.43373990362, 0.44232098739, 0.11052812776],
      [0.21193291933, 0.48803010026, 0.042367892285, 0.25766908812],
      [0.15485879843, 0.041765988317, 0.15845161433, 0.64492359892],
      [0.20870282824, 0.10190105796, 0.14517150594, 0.54422460787],
      [0.34492093269, 0.12770962181, 0.47203299842, 0.055336447081],
      [0.17633978127, 0.44173181603, 0.15163481861, 0.23029358409]
    ],
    [
      [0.011482187469, 0.5101700395, 0.37924486118, 0.09910291185],
      [0.17742651735, 0.56080023131, 0.03570579374, 0.2260674576],
      [0.14784435066, 0.054706921925, 0.15175275177, 0.64569597564],
      [0.19601489084, 0.13136194295, 0.13682132123, 0.53580184498],
      [0.32811401875, 0.16691783759, 0.44986283026, 0.055105313397],
      [0.14986732986, 0.51552895976, 0.12952420061, 0.20507950976]
    ],
    [
      [0.015770531541, 0.45825488704, 0.40972616654, 0.11624841487],
      [0.23230637755, 0.47871615628, 0.036641528771, 0.25233593739],
      [0.17333579038, 0.041854331913, 0.139660904, 0.64514897371],
      [0.23178907913, 0.10129526641, 0.12695718408, 0.53995847038],
      [0.39249874193, 0.12998545129, 0.42134440288, 0.056171403901],
      [0.19654215104, 0.4409165521, 0.13319946892, 0.22934182793]
    ],
    [
      [0.014575342881, 0.26664225111, 0.61668362292, 0.10209878309],
      [0.27863748316, 0.36308851122, 0.070666059812, 0.28760794581],
      [0.16677998942, 0.025739454676, 0.21742967659, 0.59005087931],
      [0.22832482164, 0.063637112391, 0.20224985775, 0.50578820821],
      [0.32287022817, 0.068207096557, 0.56487595424, 0.04404672104],
      [0.21635374826, 0.30678022247, 0.23690692327, 0.23995910599]
    ],
    [
      [0.019125575845, 0.52258368785, 0.30592036641, 0.15237036989],
      [0.23814212406, 0.45902629804, 0.023235915282, 0.27959566262],
      [0.17380224719, 0.039380976533, 0.0863922862, 0.70042449008],
      [0.23424286679, 0.096014724012, 0.079179628624, 0.59056278057],
      [0.47112570619, 0.1460013655, 0.31027487802, 0.072598050286],
      [0.20920836088, 0.43950416813, 0.087477365516, 0.26381010547]
    ],
    [
      [0.012890567816, 0.44693413132, 0.46505624016, 0.075119060701],
      [0.2198829253, 0.54342926665, 0.047976370504, 0.18871143755],
      [0.18710826366, 0.054123237867, 0.20924761261, 0.54952088586],
      [0.2426267171, 0.12708168002, 0.18431329756, 0.44597830533],
      [0.33243661074, 0.13216031559, 0.49766318685, 0.037739886819],
      [0.18017597949, 0.48437141589, 0.1692838023, 0.16616880232]
    ],
    [
      [0.014442539957, 0.40653680517, 0.47879709612, 0.10022355876],
      [0.23668129901, 0.47383387165, 0.047407907965, 0.24207692138],
      [0.17340106766, 0.040861203644, 0.17795321465, 0.60778451405],
      [0.23161657954, 0.098721113427, 0.16152948736, 0.50813281966],
      [0.3532240555, 0.11414700122, 0.4849381466, 0.047690796684],
      [0.19454092484, 0.42391141766, 0.16777535375, 0.21377230374]
    ],
    [
      [0.01624550807, 0.41623256732, 0.46983542315, 0.097686501455],
      [0.25690028064, 0.46880726234, 0.045394624007, 0.22889783301],
      [0.19261540139, 0.041379071909, 0.17372446223, 0.59228106447],
      [0.25495297623, 0.099068756869, 0.15638979922, 0.48958846769],
      [0.38313485589, 0.11265174293, 0.45944577339, 0.044767627787],
      [0.21277613492, 0.42243243449, 0.16137576066, 0.20341566992]
    ],
    [
      [0.0093831204965, 0.55991800402, 0.336566596, 0.094132279489],
      [0.14291041117, 0.61090023918, 0.031721872679, 0.21446747697],
      [0.1263001942, 0.063010956805, 0.1425940648, 0.6680947842],
      [0.16772719418, 0.15171976273, 0.12893895684, 0.55161408625],
      [0.29597427083, 0.20267911889, 0.44354968049, 0.057796929789],
      [0.12191685762, 0.56627206615, 0.11578938611, 0.19602169012]
    ],
    [
      [0.023656030063, 0.4648821267, 0.39348076286, 0.11798108039],
      [0.30942154556, 0.43045679677, 0.031545040347, 0.22857661732],
      [0.23477461748, 0.038642247118, 0.12203021868, 0.60455291672],
      [0.30738628898, 0.091407074729, 0.10863931511, 0.49256732118],
      [0.49828739955, 0.11176428734, 0.34200168933, 0.047946623768],
      [0.26700687191, 0.404677178, 0.11663496113, 0.21168098896]
    ],
    [
      [0.010472948275, 0.42428021023, 0.42916446066, 0.13608238084],
      [0.16406610606, 0.47560505405, 0.041342326845, 0.31898651305],
      [0.10634076951, 0.036424490322, 0.13662116375, 0.72061357641],
      [0.14873229307, 0.092150258761, 0.13010115546, 0.6290162927],
      [0.29143730767, 0.13642663404, 0.49848595264, 0.073650105649],
      [0.13671700488, 0.430942923, 0.14766759818, 0.28467247394]
    ],
    [
      [0.0084082709869, 0.33564631175, 0.58553261662, 0.07041280065],
      [0.17987219485, 0.51796920949, 0.076755891896, 0.22540270377],
      [0.12712335852, 0.04296748727, 0.2772523736, 0.5526567806],
      [0.17211537289, 0.10533656879, 0.25545414222, 0.4670939161],
      [0.22008151881, 0.10203906675, 0.64180856227, 0.036070852172],
      [0.13701112195, 0.42808142449, 0.2511236292, 0.18378382437]
    ],
    [
      [0.022398658017, 0.39010063088, 0.48164434025, 0.10585637085],
      [0.32575658238, 0.40285045899, 0.042865561573, 0.22852739705],
      [0.23470106258, 0.034333893299, 0.15762922138, 0.57333582274],
      [0.30847733249, 0.08152793657, 0.1408802014, 0.46911452955],
      [0.45870200311, 0.091542276153, 0.40781464317, 0.041941077564],
      [0.27299481637, 0.367536523, 0.15406759048, 0.20540107016]
    ],
    [
      [0.012820252193, 0.40515235407, 0.47430019095, 0.10772720279],
      [0.21093611532, 0.47678199911, 0.047883418035, 0.26439846753],
      [0.14740699569, 0.039267183324, 0.17075774689, 0.6425680741],
      [0.20042806094, 0.096585890044, 0.15799812359, 0.54498792542],
      [0.32584824722, 0.11873317982, 0.50215691869, 0.053261654266],
      [0.17319232171, 0.42557793052, 0.16862170705, 0.23260804072]
    ],
    [
      [0.024679133241, 0.44250856329, 0.42081378983, 0.11199851364],
      [0.32832733663, 0.41674071387, 0.034285122391, 0.22064682711],
      [0.24850238165, 0.037310465119, 0.1323371946, 0.58184995863],
      [0.32359593194, 0.087773250393, 0.11716602367, 0.47146479399],
      [0.50109385759, 0.10256198428, 0.35245244333, 0.043891714806],
      [0.28156895545, 0.38933763407, 0.12602167325, 0.20307173723]
    ],
    [
      [0.01025380032, 0.55514342913, 0.33343895353, 0.10116381702],
      [0.15285982649, 0.59187765304, 0.03064584652, 0.22461667395],
      [0.13183936682, 0.060048593528, 0.13468754531, 0.67342449434],
      [0.17524514878, 0.14451650455, 0.12185221175, 0.55838613492],
      [0.31514193809, 0.19634437881, 0.42804711909, 0.060466564013],
      [0.13081684912, 0.55078807048, 0.11231113689, 0.2060839435]
    ],
    [
      [0.021881541272, 0.46775796878, 0.40463702645, 0.1057234635],
      [0.30010192178, 0.4531135478, 0.033613639777, 0.21317089064],
      [0.23785670474, 0.04282964711, 0.13634066826, 0.58297297988],
      [0.30834299102, 0.10016558622, 0.12000250383, 0.47148891893],
      [0.47691951883, 0.11687595478, 0.36178289563, 0.044421630762],
      [0.25698167723, 0.42317744608, 0.12367455951, 0.19616631718]
    ],
    [
      [0.014808125757, 0.42049695422, 0.46098151707, 0.10371340296],
      [0.23603472428, 0.47550580456, 0.044486218192, 0.24397325297],
      [0.17325605258, 0.041605876584, 0.16730849743, 0.6178295734],
      [0.23165672475, 0.10042040257, 0.15197820692, 0.51594466575],
      [0.36362283122, 0.11916834989, 0.46785108925, 0.049357729645],
      [0.19543603025, 0.42913899828, 0.15846870851, 0.21695626296]
    ],
    [
      [0.0084884442375, 0.4058983473, 0.51026109214, 0.07535211632],
      [0.1640939962, 0.56030098841, 0.059771399312, 0.21583361608],
      [0.12813386644, 0.051950144644, 0.23939116112, 0.58052482779],
      [0.17137313481, 0.12558077465, 0.21762134046, 0.48542475009],
      [0.23574387129, 0.13113236053, 0.59224503694, 0.040878731246],
      [0.12988439088, 0.48290175071, 0.20384252832, 0.1833713301]
    ],
    [
      [0.013812029386, 0.43010639137, 0.46649449094, 0.089587088304],
      [0.22878257802, 0.50553412778, 0.046751401658, 0.21893189255],
      [0.17821296179, 0.046933479205, 0.18663020806, 0.58822335094],
      [0.23542387999, 0.11191849152, 0.16745932308, 0.48519830541],
      [0.34693812245, 0.12479017794, 0.48463532943, 0.043636370182],
      [0.18811186891, 0.45309430621, 0.16544722447, 0.1933466004]
    ],
    [
      [0.0098571957594, 0.44984052204, 0.44568627696, 0.094616005247],
      [0.16812283964, 0.5470242785, 0.046095557242, 0.23875732462],
      [0.1301712509, 0.050270092858, 0.1830034158, 0.63655524044],
      [0.17507434267, 0.12221313809, 0.16730001255, 0.53541250669],
      [0.27758782271, 0.14688728049, 0.52357579764, 0.051949099164],
      [0.13796645211, 0.48883589413, 0.16282605257, 0.21037160119]
    ],
    [
      [0.01317056548, 0.41172974195, 0.41721913366, 0.15788055891],
      [0.19289949642, 0.42778256911, 0.037035634181, 0.34228230029],
      [0.11921992827, 0.031634930476, 0.1171772561, 0.73196788515],
      [0.16711286622, 0.080030088915, 0.11168684033, 0.64117020454],
      [0.34429123047, 0.124430758, 0.45134970887, 0.079928302664],
      [0.16266343536, 0.39325268709, 0.13426723059, 0.30981664697]
    ],
    [
      [0.016159998955, 0.48742072596, 0.42898509389, 0.067434181193],
      [0.2557897485, 0.54634953899, 0.041061429509, 0.156799283],
      [0.23891928851, 0.060620178891, 0.19650547315, 0.50395505945],
      [0.3000753878, 0.13745816165, 0.16748697376, 0.39497947679],
      [0.3966144517, 0.13754986507, 0.43379547089, 0.032040212339],
      [0.21374913872, 0.49775543525, 0.14764520377, 0.14085022226]
    ],
    [
      [0.018324464634, 0.41209987304, 0.43760078781, 0.13197487452],
      [0.26349271602, 0.41904626755, 0.037979221797, 0.27948179463],
      [0.17896833242, 0.034019233813, 0.13220680137, 0.6548056324],
      [0.24210915699, 0.083027922468, 0.12148901683, 0.55337390371],
      [0.4201094498, 0.10877574118, 0.4126359137, 0.058478895322],
      [0.22250926078, 0.38594049901, 0.13797908393, 0.25357115628]
    ]
  ],
  "expected_outcome": [
    [
      [0.63351581677, 0.6935588586, 0.55319392373, 0.84506161336, 0.8495064176, 0.77581481875, 1.061386367, 0.64593612432, 0.45886949601, 0.20249147552, 0.08466696863, 0.037758890273, 0.10641853886, 0.13247495758, 0.13199165151, 0.093449261772, 0.11916655951, 0.1489998015, 0.24003089512, 0.10861551276, 0.075966469838, 0.058789495894, 0.061936329331, 0.1275172358, 0.14371462901, 0.066458768631, 0.080465887353, 0.13778624963, 0.12616425233, 0.087452057286, 0.15300460676, 0.090233974713, 0.11554031965, 0.14620957263, 0.093831204965, 0.26021633069, 0.10472948275, 0.050449625921, 0.20158792215, 0.089741765349, 0.27147046565, 0.0512690016, 0.17505233018, 0.13327313182, 0.10186133085, 0.16574435263, 0.049285978797, 0.1317056548, 0.17775998851, 0.091622323169],
      [16.303528872, 31.2452601411, 22.1618664344, 30.7958270965, 30.818253887, 29.1905745759, 20.8744275851, 27.5213675111, 10.9443042678, 4.2624290765, 1.9547825911, 1.5540644134, 4.8462261298, 3.2612188382, 3.6123420437, 4.1897798724, 6.6393547088, 3.6874878162, 3.8261522605, 4.4078046032, 2.7326182162, 1.0137088658, 3.4217124642, 3.2473684707, 4.3172179742, 2.816074801, 2.6024394217, 6.1220404739, 3.6660390963, 1.5998535067, 4.1806695028, 3.1285389193, 3.2522944413, 3.7460931059, 5.5991800402, 5.1137033936, 4.2428021023, 2.0138778705, 3.5109056779, 2.8360664785, 4.8675941962, 2.7757171456, 3.7420637502, 3.7844725879, 4.8707801676, 5.1612766965, 2.2492026102, 4.1172974195, 5.3616279856, 2.0604993652],
      [23.9638932592, 30.9761395723, 24.2855057539, 24.3332424052, 22.5132600514, 30.1967284569, 21.9004717071, 27.0704821873, 11.0167086969, 3.764255473, 1.4881211948, 1.0039100781, 2.8591083252, 5.6568090385, 5.3004548326, 4.9076023813, 3.3238746522, 4.3311288345, 4.7673545979, 3.7731839634, 2.5088268607, 2.3299719919, 2.0001931759, 4.7338187853, 3.4682690305, 1.7368512231, 2.6539259243, 4.5509383342, 3.2778093324, 3.7001017375, 2.4473629313, 3.2553936811, 3.830376769, 4.2285188084, 3.36566596, 4.3282883914, 4.2916446066, 3.5131956997, 4.3347990623, 3.3201013366, 4.6289516881, 1.6671947676, 3.2370962116, 4.1488336536, 6.1231331057, 5.5979338912, 2.2284313848, 4.1721913366, 4.7188360328, 2.188003939],
      [5.099062052, 8.085041428, 5.9994338879, 8.0258688849, 5.818979644, 5.8368821484, 6.1637143408, 4.7622141773, 3.5801175393, 0.77082397495, 0.47242924543, 0.40426661829, 1.1882470061, 0.94949716576, 0.9552114722, 0.80916848449, 0.91760407947, 0.83238354782, 1.1664622465, 0.71039592065, 0.6825884533, 0.59752964642, 0.51615803059, 0.89129550813, 1.0707983663, 0.38061520729, 0.66316876659, 1.1892349422, 0.92998731898, 0.61259269851, 1.2189629591, 0.52583342491, 0.80178847004, 0.87917851309, 0.94132279489, 1.2977918843, 1.3608238084, 0.4224768039, 0.95270733765, 0.75409041953, 1.2319836501, 0.50581908511, 0.84578770799, 0.93342062663, 0.90422539585, 1.0750450596, 0.47308002623, 1.5788055891, 0.74177599312, 0.6598743726]
    ],
    [
      [2.3708631765, 1.1456790143, 1.5826380225, 2.1516932338, 1.7019894271, 1.6144393231, 4.7909290459, 1.5028354389, 9.5629407179, 17.726090147, 18.2528660849, 11.25985776, 8.0828613678, 14.517923962, 11.9833145203, 8.957650934, 6.3748220412, 2.9322174872, 3.7261427605, 1.380155676, 1.7688192435, 2.0205412783, 1.4128320686, 0.24617846581, 2.2895951171, 1.1956179772, 1.907396274, 1.2419856214, 1.3938382653, 2.7863748316, 2.3814212406, 2.198829253, 3.0768568871, 2.3121025257, 0.85746246705, 3.0942154556, 1.6406610606, 1.7987219485, 2.6060526591, 1.8984250379, 2.626618693, 1.3757384384, 1.5005096089, 1.65224307, 2.2973159468, 2.2878257802, 1.5131055567, 1.9289949642, 2.046317988, 1.0539708641],
      [4.28490994, 3.5957662982, 4.4664339093, 5.4803082162, 4.3198626763, 4.2362967154, 6.5593047358, 4.493223781, 16.0752001897, 26.3919986125, 29.8438671171, 33.0411115089, 26.2117359568, 25.4212124288, 23.3308947619, 28.7072342382, 25.288563132, 5.1464321957, 4.1778425463, 3.9970749318, 4.5310934005, 2.4769426487, 5.5702052574, 0.44567358755, 4.865699252, 3.6054901828, 4.3922709023, 3.9256016191, 2.8722969377, 3.6308851122, 4.5902629804, 5.4342926665, 6.1598403315, 4.2192653611, 3.6654014351, 4.3045679677, 4.7560505405, 5.1796920949, 3.2228036719, 4.291037992, 3.333925711, 5.3268988774, 2.265567739, 3.3285406319, 7.8442138378, 5.0553412778, 4.9232185065, 4.2778256911, 4.3707963119, 1.6761850702],
      [0.54055871692, 0.30748780039, 0.42127227982, 0.37447907119, 0.27300094821, 0.37770920391, 0.59292003235, 0.38070350562, 1.3825736994, 1.9715110775, 1.9148769562, 1.8119023733, 1.3231374768, 3.6796830217, 2.8741650996, 2.8305545626, 1.084851324, 0.51484544726, 0.44501443125, 0.29220642778, 0.35537344966, 0.48037056737, 0.27904496821, 0.055214172454, 0.33546919036, 0.19033557317, 0.38131103057, 0.24994055618, 0.21984917263, 0.70666059812, 0.23235915282, 0.47976370504, 0.61630280355, 0.40855161606, 0.19033123608, 0.31545040347, 0.41342326845, 0.76755891896, 0.34292449258, 0.43095076232, 0.27428097913, 0.27581261868, 0.16806819888, 0.31140352734, 0.83679959037, 0.46751401658, 0.41486001518, 0.37035634181, 0.32849143608, 0.15191688719],
      [2.8036681666, 1.9510668871, 2.5296557884, 2.9935194788, 1.7051469484, 1.7715547576, 4.0568461859, 1.6232372745, 10.979285393, 9.910400163, 14.9883898418, 17.8871283578, 13.3822651986, 15.3811805875, 12.8116256183, 11.5045602652, 7.2517635028, 2.4065048699, 2.6510002619, 1.3305629643, 2.3447139063, 3.0221455057, 1.7379177058, 0.25293377419, 2.5092364405, 1.0085562668, 2.3190217931, 1.5824722032, 1.5140156244, 2.8760794581, 2.7959566262, 1.8871143755, 3.1469999779, 2.0600804971, 1.2868048618, 2.2857661732, 3.1898651305, 2.2540270377, 1.8282191764, 2.3795862078, 1.7651746169, 2.0215500656, 1.0658544532, 1.7078127708, 3.0216706251, 2.1893189255, 2.1488159215, 3.4228230029, 1.254394264, 1.1179271785]
    ],
    [
      [1.6965083866, 1.0395628219, 0.97180066382, 0.70988084806, 1.4280830874, 1.425246237, 1.2666962415, 1.568282467, 1.6916995479, 2.1776226835, 1.7533356837, 0.78355644766, 0.88178995171, 1.2973617453, 1.6263045317, 0.67311560541, 3.5164148981, 10.1597546211, 12.6508741574, 10.3159697294, 8.289987454, 8.1245626297, 8.2339958701, 11.3938621514, 9.7224439385, 2.575259871, 1.7034467827, 1.4784435066, 1.9066936942, 1.3342399154, 0.86901123596, 2.0581909003, 1.040406406, 1.1556924083, 1.0104015536, 2.8172954098, 0.63804461708, 1.0169868682, 2.1123095632, 1.3266629612, 2.7335261982, 1.3183936682, 2.1407103427, 1.7325605258, 1.0250709315, 0.89106480895, 1.8223975126, 0.83453949789, 1.9113543081, 1.7896833242],
      [0.3664405498, 0.38800125868, 0.3258625281, 0.21557603759, 0.43037748799, 0.44470370681, 0.20766795621, 0.55452155813, 0.34003891539, 0.38654909796, 0.34209915561, 0.27364782138, 0.33952428937, 0.27165215966, 0.3777137729, 0.25631712052, 1.6456680965, 2.0892494351, 1.6757868978, 3.4406221158, 2.4679403772, 1.1769663651, 3.7430711533, 2.3963868831, 2.4133112676, 0.90164026118, 0.45942587149, 0.54706921925, 0.46039765104, 0.20591563741, 0.19690488266, 0.59535561654, 0.24516722186, 0.24827443145, 0.50408765444, 0.46370696542, 0.21854694193, 0.34373989816, 0.30900503969, 0.35340464992, 0.41041511631, 0.60048593528, 0.38546682399, 0.41605876584, 0.41560115715, 0.23466739602, 0.70378130001, 0.22144451333, 0.48496143113, 0.34019233813],
      [1.9796687772, 1.4205607881, 1.3180890356, 0.62969654103, 1.1653368033, 1.6994215149, 0.8018270156, 2.0190204771, 1.2521069651, 1.2455892671, 0.94601720513, 0.64604183312, 0.73769503608, 1.6968234056, 2.0091907974, 1.0942117081, 3.06110377, 9.1393923212, 7.7448567766, 11.1477061106, 8.5182736052, 9.931791918, 8.3037710444, 13.0760505393, 7.2792494759, 2.0951712361, 1.7429677577, 1.5175275177, 1.536269944, 1.7394374127, 0.431961431, 2.3017237387, 1.0677192879, 1.0423467734, 1.1407525184, 1.4643626241, 0.81972698253, 2.2180189888, 1.4186629924, 1.536819722, 1.4557091406, 1.3468754531, 1.2270660144, 1.6730849743, 1.915129289, 0.93315104032, 2.5620478213, 0.82024079273, 1.5720437852, 1.3220680137],
      [6.9573822865, 6.1518751313, 5.3842477725, 3.4448465733, 4.9762026213, 5.4306285413, 3.7238087867, 5.8581754978, 6.7161545716, 4.1902389515, 4.9585479556, 4.2967538978, 5.0409907228, 4.7341626895, 5.986790898, 2.976355566, 13.7768132355, 28.6116036226, 30.9284821682, 34.0957020442, 37.7237985635, 41.7666790872, 34.7191619322, 40.1337004262, 36.584995318, 7.4279286316, 7.0941595881, 6.4569597564, 7.0966387108, 4.7204070345, 3.5021224504, 6.0447297445, 3.6467070843, 3.5536863868, 5.3447582736, 7.2546350006, 4.3236814585, 4.4212542448, 5.1600224047, 5.7831126669, 6.4003495449, 6.7342449434, 5.246756819, 6.178295734, 4.6441986224, 2.9411167547, 8.9117733661, 5.1237751961, 4.0316404756, 6.548056324]
    ],
    [
      [1.4774865773, 1.2736877356, 2.1730717956, 1.1617010356, 0.93869194362, 1.0552690137, 2.8144584702, 2.06725696, 1.8419257669, 2.7498880994, 3.1564453288, 1.4235500471, 2.2266604927, 1.0995606225, 1.9737844788, 1.7992133409, 0.81867224019, 2.9381990746, 1.8854569317, 1.3614004474, 1.7696551822, 1.8828862851, 2.1361461017, 1.1456018194, 1.8555488238, 15.2775666192, 12.9395753507, 10.1927743237, 14.1391338269, 13.6994892987, 14.7573006079, 13.5870961573, 13.6653781931, 7.6485892868, 0.67090877673, 1.5369314449, 1.6360552238, 1.8932691017, 2.7762959924, 2.2047086704, 2.2651715236, 1.0514708927, 2.1584009371, 1.3899403485, 1.3709850785, 1.6479671599, 1.5756690841, 0.66845146488, 2.7006784902, 2.4210915699],
      [0.57508614638, 0.85603319084, 1.3148357293, 0.63523074164, 0.50960120951, 0.59272395525, 0.83026284931, 1.3183026375, 0.6677012093, 0.88078803707, 1.1115657817, 0.89838366176, 1.549813507, 0.41549721362, 0.82762713725, 1.2383160478, 0.69317670992, 1.0930284221, 0.45090092685, 0.82417177237, 0.9547519172, 0.49232412201, 1.7632676209, 0.43622681755, 0.83377457932, 9.7003232379, 6.3178655933, 6.8308210334, 6.179011251, 3.8182267435, 6.0489276128, 7.1165740809, 5.8245456922, 2.9720627061, 0.6068790509, 0.45703537365, 1.0136528464, 1.1587022567, 0.73375142913, 1.0624447905, 0.61441275275, 0.86709902732, 0.70115910354, 0.60252241545, 1.0046461972, 0.78342944064, 1.0999182428, 0.32012035566, 1.2371234548, 0.83027922468],
      [1.1701526897, 1.1800721715, 2.0024238548, 0.69881711282, 0.51939907143, 0.8526062503, 1.2074837619, 1.8059836911, 0.92591573402, 1.0668704697, 1.1558968058, 0.79832325891, 1.2671836392, 0.97661368823, 1.6561634904, 1.9876222846, 0.4842291666, 1.794813163, 0.783345283, 0.99990011021, 1.2361254928, 1.5642211676, 1.4643568826, 0.89321389558, 0.94391873822, 8.4446417651, 9.0006333681, 7.1147087037, 7.7443882286, 12.1349914651, 4.9883166033, 10.3215446631, 9.5302397544, 4.6916939765, 0.51575582737, 0.54319657553, 1.4311127101, 2.8099955645, 1.2679218126, 1.7379793595, 0.82016216572, 0.73111327048, 0.84001752678, 0.91186924151, 1.7409707237, 1.1722152616, 1.5057001129, 0.4467473613, 1.5073827638, 1.2148901683],
      [3.7772745866, 4.690206902, 7.5096686203, 3.5042511099, 2.0323077754, 2.4994007808, 5.1477949186, 4.8084567113, 4.5644572898, 3.3024533938, 5.5760920836, 4.8797430322, 7.9563423611, 2.5083284756, 4.5424248935, 4.9748483267, 2.0039218833, 5.1739593404, 2.8802968585, 2.81452767, 5.0394674079, 6.0605684253, 5.6362293948, 2.5249574675, 4.3667578587, 27.5774683778, 33.7419256879, 27.8616959392, 32.9374666935, 30.3472924928, 37.2054551759, 24.9747850986, 29.9798363602, 14.6876540306, 2.206456345, 2.4628366059, 6.9191792197, 5.1380330771, 4.2220307659, 5.9948671797, 3.300253558, 3.3503168095, 3.3004224325, 3.0956679945, 3.8833980007, 3.3963881379, 4.8187125602, 2.5646808182, 3.5548152911, 5.5337390371]
    ],
    [
      [3.6728358532, 0.28355950869, 2.5963861552, 2.90927152, 4.2188532125, 1.9122290013, 3.6994156886, 2.4019280541, 2.9076654404, 4.3308802982, 2.384914209, 4.6506446398, 4.541109529, 3.1293147163, 3.2008214492, 3.3422007892, 3.0480748252, 3.8642655812, 3.8366043526, 4.9551676737, 3.724041774, 2.63946529, 2.5532669247, 3.044903963, 2.8241318049, 1.8677454891, 2.4144465288, 1.9686841125, 3.1399899354, 3.2287022817, 4.2401313558, 1.9946196644, 2.825792444, 15.7085290914, 19.8302761453, 26.9075195759, 14.5718653835, 12.9848096097, 27.5221201866, 17.9216535972, 28.0612560249, 13.866245276, 5.2461147071, 3.6362283122, 2.3574387129, 3.122443102, 1.3879391135, 1.7214561523, 2.7763011619, 1.6804377992],
      [1.0810923981, 0.14374553505, 1.1895852736, 1.1926750859, 1.7217082586, 0.81112984248, 0.82060008078, 1.16148318, 0.79561624492, 1.0478994362, 0.63383868453, 2.2136408544, 2.3864550393, 0.89513843562, 1.0161530685, 1.7431995046, 1.9535125402, 1.089453233, 0.69363680871, 2.2783773236, 1.5241588752, 0.52284484175, 1.6002839099, 0.88042909454, 0.96132519401, 0.89942372819, 0.89396735267, 1.0015070255, 1.0398836103, 0.68207096557, 1.3140122895, 0.79296189357, 0.91317600978, 4.6187214601, 13.5795009658, 6.0352715166, 6.8213317022, 6.0203049384, 5.4925365692, 6.5303248902, 5.7434711198, 8.6391526677, 1.2856355026, 1.1916834989, 1.3113236053, 1.1231116014, 0.73443640244, 0.62215378998, 0.96284905549, 0.4351029647],
      [5.6780553673, 0.51000896434, 4.6720190836, 3.375080759, 4.5113110624, 3.0033366671, 3.0721914554, 4.0972981909, 2.8597026289, 3.3026403078, 1.7238762745, 5.1683801466, 5.0877931191, 5.5391584355, 5.3323568755, 7.3494381392, 3.5422114305, 4.6276249027, 3.1102622065, 7.1358547151, 5.1010491341, 4.3164905596, 3.432104518, 4.6614188113, 2.8070987525, 2.0248060162, 3.304230989, 2.6991769816, 3.370755223, 5.6487595424, 2.7924739022, 2.9859791211, 3.8795051728, 18.8372767092, 29.717828593, 18.468091224, 24.9242976318, 37.8667051738, 24.4688785903, 27.618630528, 19.7373368262, 18.8340732398, 3.9796118519, 4.6785108925, 5.9224503694, 4.3617179649, 2.6178789882, 2.2567485444, 3.0365682962, 1.6505436548],
      [0.56801638137, 0.062685991914, 0.54200948752, 0.52297263514, 0.54812746647, 0.27330448908, 0.40779277518, 0.33929057491, 0.43701568578, 0.31857995772, 0.25737083197, 0.96733435924, 0.98464231268, 0.43638841253, 0.45066860669, 0.56516156698, 0.45620120406, 0.41865628311, 0.35949663226, 0.63060028757, 0.65075021665, 0.5211993086, 0.41434464737, 0.41324813121, 0.40744424855, 0.20802476649, 0.38735512957, 0.33063188038, 0.44937123121, 0.4404672104, 0.65338245257, 0.22643932091, 0.38152637347, 1.8354727393, 3.8723942958, 2.5891176835, 3.6825052825, 2.1281802782, 2.5164646539, 2.9293909846, 2.4579360291, 2.6605288166, 0.48863793838, 0.49357729645, 0.40878731246, 0.39272733163, 0.25974549582, 0.39964151332, 0.22428148637, 0.23391558129]
    ],
    [
      [2.8694561982, 0.53884787185, 1.1522948255, 0.99563394728, 1.624942415, 0.99021742484, 2.5372873928, 0.61369065923, 2.3452431181, 2.6997816624, 1.7002536723, 0.91032897982, 1.2838406174, 1.5554275402, 1.8846571295, 1.3830499373, 1.9255368261, 1.9786258812, 3.4265008095, 0.65668961326, 1.3174857354, 1.8118979313, 1.4759769513, 1.7862695177, 1.9527088719, 1.7037006176, 0.88169890633, 1.9482752882, 1.1792529063, 1.2981224895, 1.0460418044, 1.8017597949, 1.1672455491, 1.0638806746, 0.60958428811, 2.1360549753, 1.7773210635, 0.82206673168, 1.3649740818, 1.5587308954, 1.9709826881, 3.4012380772, 15.4189006337, 11.3352897548, 6.2344507621, 10.7223765281, 8.0020542224, 10.4104598628, 12.1837009068, 14.9081204724],
      [5.6656115946, 1.8505863417, 3.5500552347, 2.7707103189, 4.5048273269, 2.8423040106, 3.7992206664, 2.0044490417, 4.3024513823, 4.3832772044, 3.0307618726, 2.9083849172, 4.5334219922, 2.9680596442, 3.9979254996, 4.8244741917, 8.3158959267, 3.7802150457, 4.1896382101, 2.0659068611, 3.6691938659, 2.4163785071, 6.3232029609, 3.5157805047, 4.5186194305, 5.5876230638, 2.2086590802, 6.7018764769, 2.6454993126, 1.8406813348, 2.1975208407, 4.8437141589, 2.543468506, 2.1121621725, 2.8313603307, 3.237417424, 5.602257999, 2.5684885469, 1.837682615, 3.8302013747, 2.7253634385, 14.3204898325, 25.3906467648, 24.8900619002, 23.1792840341, 25.8263754542, 28.3524818596, 25.1681719736, 28.3720598093, 25.8580134336],
