{
  "Z_true": {},
  "V_true": [
    [510, 255, 13857, 883],
    [73, 4137, 1268, 1000],
    [16, 67, 744, 156],
    [744, 11, 364, 54],
    [63, 339, 1021, 1006]
  ],
  "p_true": [
    [0.0329, 0.0164, 0.8937, 0.0569],
    [0.0113, 0.6386, 0.1957, 0.1544],
    [0.0163, 0.0682, 0.7569, 0.1587],
    [0.6343, 0.0094, 0.3103, 0.046],
    [0.0259, 0.1396, 0.4203, 0.4142]
  ],
  "Z_est": [
    [
      [0, 0.5068, 0, 3.8046, 22.7231, 17.6874, 25.2093, 1.4351, 19.829, 20.3875, 9.8977, 4.3607, 10.1071, 24.4287, 8.5529, 18.3527, 9.743, 20.3084, 2.1502, 13.0608, 9.8888, 8.1473, 5.0309, 3.1108, 6.8204, 11.4925, 6.7981, 3.786, 13.3524, 12.5496, 2.4564, 0, 1.7151, 0.7977, 0.8229, 32.4489, 10.3089, 88.3628, 0],
      [0, 0, 0, 0, 0.5743, 0.1399, 0.415, 0, 0.9665, 0.3541, 0.3566, 0.0722, 0, 0, 0, 0, 0, 0.0618, 0.0912, 0.3098, 0.3393, 0.2519, 0.4859, 1.6271, 0.2108, 0.7214, 0.4553, 1.9704, 0, 0.2716, 0.7413, 0.6441, 0.5759, 0.5472, 0.676, 0.6174, 0.1063, 2.6291, 0],
      [8.6251, 27.3121, 2.1961, 70.2511, 614.8078, 306.9181, 579.1751, 56.3992, 251.2841, 501.0881, 371.8076, 372.4221, 241.781, 586.1867, 316.6142, 520.8305, 230.4978, 440.5405, 198.0262, 176.1849, 433.6625, 400.4544, 295.1987, 467.66, 248.2441, 574.6417, 369.679, 330.4298, 397.9963, 444.6836, 290.6507, 169.6186, 150.0427, 159.6853, 67.6532, 1150.1024, 205.4456, 1467.3574, 59.5169],
      [1.3749, 2.1811, 0.8039, 9.9443, 85.8948, 39.2546, 65.2006, 4.1657, 39.9204, 57.1703, 53.9381, 38.1449, 31.1119, 56.3846, 24.8329, 44.8168, 25.7592, 33.0893, 18.7324, 20.4445, 47.1094, 40.1464, 35.2846, 49.6022, 23.7247, 63.1443, 34.0676, 32.8138, 42.6513, 47.4952, 27.1517, 13.7373, 20.6663, 12.9698, 12.8478, 108.8313, 19.1391, 188.6507, 9.4831]
    ],
    [
      [0, 0.028, 0, 0.0028, 0.0404, 0, 0, 0.02, 0, 0.0232, 0, 0, 0.0008, 0.1638, 0.0001, 0.0008, 0.0004, 0, 0, 0, 0, 0, 0, 0, 0.0392, 0, 0, 0, 0.0657, 0, 0, 0, 0, 0, 0, 0, 0, 0, 0],
      [9.8495, 4.8151, 3.9485, 7.603, 202.397, 85.8556, 132.3399, 20.5603, 86.9447, 140.5191, 97.9139, 23.3325, 8.1648, 16.9595, 6.3835, 17.4557, 8.8495, 17.1268, 7.2151, 53.7038, 276.8261, 157.4749, 224.6553, 295.2111, 119.9719, 262.2945, 216.7732, 219.2109, 164.8604, 163.1944, 133.4947, 90.77, 132.214, 63.7559, 31.0273, 445.2074, 54.2854, 434.2522, 31.9426],
      [2.1707, 2.352, 0.5517, 2.6523, 53.2258, 22.6172, 28.588, 5.48, 18.3465, 30.9199, 23.6983, 9.9609, 6.1303, 17.8881, 5.5442, 15.3297, 6.0421, 9.4185, 2.6417, 11.2589, 93.479, 43.9087, 70.0486, 82.9125, 28.927, 63.1763, 64.3759, 106.1519, 52.6244, 39.1674, 33.7614, 39.4087, 28.9349, 27.0212, 10.843, 151.4124, 13.0036, 94.7641, 9.2987],
      [1.9797, 0.805, 1.4998, 1.7419, 35.3369, 13.5272, 15.0721, 1.9397, 13.7088, 16.5378, 16.3878, 4.7066, 3.7041, 7.9887, 2.0722, 6.2138, 3.108, 3.4546, 1.1432, 6.0373, 47.6949, 20.6164, 39.2962, 40.8764, 13.0619, 32.5292, 27.8509, 49.6372, 26.4495, 19.6382, 14.7439, 14.8213, 18.8512, 10.223, 10.1297, 67.3802, 5.711, 56.9838, 6.7587]
    ],
    [
      [0, 0, 0, 0, 0.0012, 0, 0, 0.0004, 0, 0.0018, 0, 0, 0.0001, 0, 0, 0.0001, 0.0001, 0, 0, 0, 0, 0, 0, 0, 0.0009, 0, 0, 0, 0.0013, 0, 0, 0, 0, 0, 0, 0, 0, 0, 0],
      [0, 0, 0, 0, 11.9165, 3.7715, 11.6776, 0.9454, 6.5143, 14.2376, 7.1413, 2.751, 0.6463, 1.0405, 0.4239, 0.9647, 0.8282, 1.8699, 0.8741, 2.5383, 11.7776, 9.8229, 7.1585, 12.4147, 6.251, 14.5006, 4.9634, 4.6245, 7.0792, 8.033, 6.1199, 3.556, 6.7127, 4.6067, 1.0417, 25.0513, 2.0798, 13.6959, 0.8588],
      [0, 0, 0, 0, 31.1446, 9.967, 25.2735, 2.6988, 13.551, 31.4074, 17.2764, 12.0832, 5.1705, 11.0803, 4.0084, 8.6969, 6.003, 10.6463, 3.5456, 5.3744, 39.5877, 27.3145, 22.1303, 34.1549, 15.1561, 34.7196, 14.6235, 22.4428, 22.6302, 19.3076, 15.3195, 15.2635, 14.6948, 19.5886, 3.5431, 84.618, 5.0767, 29.5257, 2.447],
      [0, 0, 0, 0, 7.9377, 2.2615, 5.049, 0.3554, 3.9347, 6.3533, 4.5823, 2.1659, 1.1831, 1.8792, 0.5677, 1.3383, 1.1688, 1.4838, 0.5803, 1.0873, 7.6347, 4.8626, 4.7112, 6.4305, 2.592, 6.7797, 2.4132, 3.9327, 4.2894, 3.6593, 2.5607, 2.1805, 3.5925, 2.8047, 1.4152, 14.3306, 0.8435, 6.7784, 0.6942]
    ],
    [
      [0, 5.4652, 0, 7.1262, 45.2259, 21.3126, 39.7907, 5.5422, 33.171, 17.5823, 17.1023, 23.6393, 17.7536, 86.3514, 37.3306, 69.4324, 33.0538, 66.6916, 20.8498, 22.9392, 18.1112, 11.8527, 7.9691, 5.8892, 3.1331, 15.5075, 10.2019, 8.214, 14.5743, 34.4504, 10.5436, 0, 8.2849, 3.2023, 2.1771, 58.5511, 28.6911, 140.6372, 1],
      [0, 0, 0, 0, 0.002, 0, 0.0008, 0, 0.0052, 0.0002, 0.0005, 0, 0, 0, 0, 0, 0, 0, 0.0008, 0.0007, 0, 0, 0, 0, 0, 0.0002, 0, 0.0011, 0, 0.0007, 0.0003, 0.5843, 0.0005, 0.0001, 0.0008, 0.0008, 0.0004, 0.0098, 0.5324],
      [0, 1.5137, 0, 0.8685, 9.7561, 2.6792, 7.1914, 1.4553, 2.8222, 3.4098, 4.8866, 11.3331, 3.2377, 15.6014, 10.6576, 15.5427, 5.9201, 11.3084, 11.1166, 2.0464, 5.8762, 4.1393, 3.0241, 3.1046, 0.8653, 5.4809, 3.7916, 3.7777, 3.4183, 9.5276, 5.4465, 0.4151, 3.7043, 1.7948, 0.8214, 16.4199, 4.2993, 17.3057, 3.4588],
      [0, 0.0211, 0, 0.0053, 0.0159, 0.0081, 0.0171, 0.0025, 0.0016, 0.0077, 0.0106, 0.0276, 0.0087, 0.0471, 0.0119, 0.025, 0.0261, 0, 0.0329, 0.0138, 0.0125, 0.008, 0.0068, 0.0062, 0.0015, 0.0115, 0.0064, 0.0072, 0.0074, 0.0213, 0.0096, 0.0006, 0.0103, 0.0028, 0.0007, 0.0282, 0.0092, 0.0472, 0.0088]
    ],
    [
      [0, 0, 0, 0.0664, 0.0094, 0, 0, 0.0023, 0, 0.0052, 0, 0, 0.1383, 1.0561, 0.1164, 0.2141, 0.2027, 0, 0, 0, 0, 0, 0, 0, 0.0065, 0, 0, 0, 0.0063, 0, 0, 0, 0, 0, 0, 0, 0, 0, 0],
      [0.1505, 0.1849, 0.0515, 0.397, 6.1102, 2.233, 6.5667, 0.4943, 3.5693, 4.889, 2.5877, 0.8442, 0.1889, 0, 0.1926, 0.5796, 0.3223, 0.9414, 0.8189, 1.4474, 5.0569, 4.4503, 2.7003, 4.7472, 3.5662, 7.4832, 3.8082, 2.1931, 3.0604, 4.5003, 3.6438, 1.4457, 2.4969, 1.0901, 0.2542, 8.123, 1.528, 10.413, 0.6661],
      [2.2042, 5.8222, 1.2522, 9.2282, 77.0657, 28.8184, 68.772, 6.9667, 36.9962, 52.1748, 30.3311, 18.2007, 12.6806, 55.2435, 14.1756, 34.6002, 18.5371, 26.0863, 16.6699, 15.1354, 82.3946, 60.1831, 40.5984, 64.168, 41.8075, 86.9815, 54.53, 51.1978, 47.3308, 52.3138, 44.822, 31.2941, 26.6234, 22.9102, 4.1393, 132.4472, 18.1749, 109.047, 10.2787],
      [1.6454, 1.9929, 2.6963, 6.3084, 53.8147, 17.9485, 37.6612, 2.5367, 29.4345, 28.931, 22.0812, 8.955, 7.9922, 25.7004, 5.5153, 14.6061, 9.9379, 9.9723, 7.5112, 8.4172, 43.5485, 29.3667, 23.7013, 33.0848, 19.6198, 46.5353, 24.6618, 24.6091, 24.6025, 27.1859, 20.5341, 12.2603, 17.8797, 8.9997, 4.6065, 61.4297, 8.2971, 68.5399, 8.0552]
    ]
  ],
  "V_est": [
    [450.4346, 16.2125, 13555.6711, 1482.6819],
    [0.3851, 4469.36, 1328.0363, 680.2186],
    [0.0058, 218.4894, 640.0711, 124.4337],
    [953.3507, 1.1417, 218.0182, 0.4894],
    [1.8238, 103.7965, 1512.2033, 811.1764]
  ],
  "p_est": [
    [0.0291, 0.001, 0.8743, 0.0956],
    [0.0001, 0.6899, 0.205, 0.105],
    [5.8871e-06, 0.2223, 0.6511, 0.1266],
    [0.8127, 0.001, 0.1859, 0.0004],
    [0.0008, 0.0427, 0.6226, 0.334]
  ],
  "EI_Z": {},
  "EI_V": 6.9411,
  "MAE_Z": {},
  "MAE_V": 184.4121,
  "MAE_p": 0.0634,
  "runtime": 0.051
}
