{
  "Z_true": {},
  "V_true": [
    [555, 43, 197, 403, 463, 36],
    [650, 209, 2447, 3923, 975, 135],
    [139, 773, 54, 1152, 17882, 222],
    [10, 56, 67, 3424, 197, 27],
    [107, 812, 91, 407, 1534, 294]
  ],
  "p_true": [
    [0.327, 0.0253, 0.1161, 0.2375, 0.2728, 0.0212],
    [0.0779, 0.0251, 0.2934, 0.4704, 0.1169, 0.0162],
    [0.0069, 0.0382, 0.0027, 0.057, 0.8843, 0.011],
    [0.0026, 0.0148, 0.0177, 0.9056, 0.0521, 0.0071],
    [0.033, 0.2502, 0.028, 0.1254, 0.4727, 0.0906]
  ],
  "Z_est": [
    [
      [16.4699, 24.9889, 0, 1.1359, 1.7038, 7.3831, 15.3341, 38.0512, 30.1002, 39.755, 24.9889, 6.8151, 1.7038, 0, 0, 15.3341, 51.6815, 18.1737, 47.1381, 46.0022, 10.2227, 19.8775, 28.3964, 63.0401, 34.6437, 28.3964, 11, 49.9777, 34.0757, 13.6303, 38.6192, 4.5434, 1.1359, 1, 0, 6, 98.8196, 13.6303, 98.2517, 20.4454],
      [0.0244, 0.037, 0, 0.0017, 0.0025, 0.0109, 0, 0.0564, 0.0446, 0.0589, 0.037, 0.0101, 0.0025, 0, 0, 0.0227, 0.0766, 0.0269, 0.0699, 0.0682, 0.0151, 0.0295, 0.0421, 0.0934, 0.0513, 0.0421, 0.3754, 0.0741, 0.0505, 0.0202, 0.0572, 0.0067, 0.0017, 0.3739, 0, 0.0093, 0.1464, 0.0202, 0.1456, 0.0303],
      [0.0097, 0.0147, 0, 0.0007, 0.001, 0.0043, 0.009, 0.0224, 0.0177, 0.0234, 0.0147, 0.004, 0.001, 0, 0.0003, 0.009, 0.0304, 0.0107, 0.0277, 0.0271, 0.006, 0.0117, 0.0167, 0.0371, 0.0204, 0.0167, 0.0067, 0.0294, 0.02, 0.008, 0.0227, 0.0027, 0.0007, 0.0007, 0, 0.2509, 0.0581, 0.008, 0.0578, 0.012],
      [6.2402, 9.4678, 0, 0.4304, 0.6455, 2.7973, 7.795, 14.4169, 11.4044, 15.0625, 9.4678, 2.5821, 0.6455, 0, 0.7839, 5.8098, 19.5812, 6.8857, 17.8598, 17.4294, 3.8732, 7.5312, 10.7589, 23.8848, 13.1259, 10.7589, 4.3036, 18.9357, 12.9107, 5.1643, 14.6321, 1.7214, 0.4304, 0.4304, 0, 2.367, 37.441, 5.1643, 37.2258, 7.7464],
      [2.8279, 4.2906, 0, 0.195, 0.2925, 1.2677, 2.6329, 6.5334, 5.1682, 6.8259, 4.2906, 1.1702, 0.2925, 0, 0.0975, 2.6329, 8.8737, 3.1204, 8.0936, 7.8986, 1.7552, 3.413, 4.8757, 10.824, 5.9483, 4.8757, 1.9503, 8.5812, 5.8508, 2.3403, 6.6309, 0.7801, 0.195, 0.195, 0, 1.0726, 16.9673, 2.3403, 16.8698, 3.5105],
      [3.4279, 5.201, 0, 0.2364, 0.3546, 1.5366, 1.229, 7.9197, 6.2648, 8.2743, 5.201, 1.4184, 0.3546, 0, 0.1182, 3.1915, 10.7565, 3.7825, 9.8109, 9.5745, 2.1277, 4.1371, 5.9102, 13.1206, 7.2104, 5.9102, 2.3641, 10.4019, 7.0922, 2.8369, 8.0379, 0.9456, 0.2364, 0, 0, 1.3002, 20.5675, 2.8369, 20.4492, 4.2553]
    ],
    [
      [6.2522, 8.1524, 0, 0.777, 4.6762, 5.1232, 3.7314, 10.7692, 7.4331, 8.691, 5.9514, 3.9572, 2.0772, 2.4053, 0, 8.7382, 24.7031, 19.5626, 32.8745, 6.9067, 3.0657, 8.0769, 20.4371, 26.3563, 13.9333, 11.0062, 0, 12.9312, 17.9487, 6.7544, 10.6703, 1.6059, 0.7189, 0, 0, 0, 16.824, 2.876, 43.9852, 1.0608],
      [13.2748, 18.8401, 0, 2.7734, 0, 9.241, 0, 7.1654, 1.5024, 0, 0, 0, 1.362, 0.8269, 0, 13.5682, 38.3576, 40.1229, 51.0456, 29.5334, 7.465, 24.7415, 21.489, 44.352, 15.6081, 21.8557, 13.1751, 30.1433, 27.8697, 10.4878, 15.6951, 5.3473, 1.8521, 0.7334, 0, 0, 67.5534, 2.3718, 25.1611, 9.4216],
      [47.7092, 59.5764, 0, 16.6403, 6.8359, 37.8871, 26.5736, 73.6127, 76.1956, 47.638, 40.6807, 21.6318, 3.8744, 1.9904, 0.4434, 58.7067, 172.7441, 127.7075, 224.7125, 120.513, 29.8375, 46.7935, 94.5988, 169.2602, 93.6666, 69.6319, 17.8655, 126.5106, 122.6879, 50.1998, 69.0927, 10.9773, 4.9674, 3.9269, 0, 74.941, 225.9836, 29.9022, 176.606, 26.7976],
      [86.284, 50.5118, 0, 17.5999, 6.3999, 60.041, 44.171, 106.3355, 111.4389, 87.7141, 60.0651, 31.9394, 3.7282, 3.0151, 0.4767, 88.1908, 249.3178, 165.9425, 331.7881, 208.4695, 36.0409, 81.5958, 131.443, 253.8928, 145.0118, 170.6591, 33.3695, 197.5096, 181.1487, 64.1387, 101.9587, 13.3543, 8.104, 4.7671, 0.9427, 80.5635, 364.0346, 45.2709, 257.5669, 39.0919],
      [23.391, 52.9192, 0, 2.4624, 1.088, 10.8613, 4.5239, 26.1615, 36.1477, 35.8003, 11.8011, 8.3583, 0.6872, 0.7623, 0.0573, 10.594, 29.9496, 21.9898, 39.8564, 48.999, 20.3544, 9.7923, 21.7641, 52.4935, 26.958, 17.065, 4.0085, 34.6206, 21.7607, 8.1889, 12.2547, 1.947, 0.9735, 0.5726, 0.0573, 9.6778, 48.8875, 4.9248, 31.3239, 4.753],
      [4.0888, 0, 0, 2.7469, 0, 2.8464, 0, 3.9557, 3.2823, 4.1566, 7.5016, 1.1134, 0.2711, 0, 0.0226, 5.2021, 7.928, 8.6747, 15.7229, 9.5783, 2.2364, 0, 3.2679, 11.6453, 6.8223, 7.782, 1.5813, 9.2846, 8.5843, 3.2304, 4.3286, 0.7681, 0.384, 0, 0, 3.8178, 16.7168, 0.6542, 12.3569, 1.875]
    ],
    [
      [0, 0, 0, 0, 0.1307, 0, 2.0634, 2.9743, 0, 1.6765, 1.1316, 5.5452, 0.1029, 0.3298, 0, 0.6354, 8.7983, 1.8406, 16.9089, 0, 0, 0.4782, 2.6273, 1.409, 0, 0, 0, 0, 10.2911, 6.7441, 5.0115, 0.6328, 0, 0, 0, 0, 0, 0, 4.5249, 0],
      [12.0685, 22.0114, 0, 0, 0, 0.1401, 0, 0, 0, 0, 0, 0, 1.6689, 0.0607, 0, 7.4059, 20.6264, 2.5096, 20.2702, 0, 3.3496, 0.652, 1.1617, 4.9737, 0, 8.3117, 1.6166, 1.3842, 11.0644, 1.2427, 3.8615, 2.0836, 3.438, 1.7802, 0, 0, 10.0535, 0, 0, 12.9401],
      [0, 0, 0, 0.3398, 1.1344, 0, 1.4424, 0.0998, 5.464, 0, 3.0736, 0.214, 2.0991, 0, 0.1677, 0, 19.6059, 15.9687, 36.5825, 0, 0, 0, 7.0459, 0, 0, 0, 0, 0, 8.9215, 3.6005, 7.5109, 0.9721, 0, 1.7979, 0, 9.5439, 0, 8.9812, 78.6239, 16.0817],
      [2.5869, 0, 0.0151, 0, 0, 0, 1.1552, 0, 0, 2.4254, 2.4615, 1.0492, 0, 0, 0.4111, 6.7821, 0.414, 0, 0.756, 6.8282, 0, 36.8477, 0, 0, 17.6905, 12.4707, 1.1956, 20.2818, 12.8597, 0, 0, 0, 5.1828, 2.8177, 0.0573, 10.7311, 16.0392, 1.4031, 0, 0],
      [787.355, 879.9886, 1.3718, 43.0863, 45.7349, 138.7518, 186.339, 575.926, 520.536, 592.1509, 398.6109, 272.1916, 32.3452, 15.6096, 2.6358, 700.1376, 831.5555, 641.3699, 724.6598, 1116.9506, 294.6303, 134.0221, 433.1651, 1305.6173, 896.5738, 730.0267, 227.6657, 933.6464, 386.0996, 319.9075, 747.6161, 137.1321, 27.7376, 14.6042, 2.9427, 196.6394, 2623.3289, 221.6157, 1082.1128, 271.6174],
      [3.9896, 0, 2.613, 1.5739, 0, 0.1081, 0, 0, 0, 6.7472, 1.7223, 0, 0.784, 0, 0.7854, 6.0389, 0, 0.3113, 6.8225, 5.2213, 4.0201, 0, 0, 0, 4.7358, 3.1908, 3.5221, 1.6875, 3.7637, 0.5052, 0, 0.1794, 0.6416, 0, 0, 37.0856, 2.5783, 0, 6.7384, 2.3608]
    ],
    [
      [0, 0, 0, 0, 0, 0, 0, 0, 0, 0, 0, 0, 0, 0, 0, 0, 0, 0, 0, 0, 0, 0, 0, 0, 0, 0, 0, 0, 0, 0, 0, 0, 0, 0, 0, 0, 0, 0, 0, 0],
      [0, 0, 0, 0, 0, 0, 0, 0, 0, 0, 0, 0, 0, 0, 0, 0, 0, 0, 0, 0, 0, 0, 0, 0, 0, 0, 0, 0, 0, 0, 0, 0, 0, 0, 0, 0, 0, 0, 0, 0],
      [0, 0, 0, 0, 0, 0, 0, 0, 0, 0, 0, 0, 0, 0, 0, 0, 0, 0, 0, 0, 0, 0, 0, 0, 0, 0, 0, 0, 0, 0, 0, 0, 0, 0, 0, 0, 0, 0, 0, 0],
      [69, 70, 0, 14, 5, 49, 30, 81, 99, 54, 55, 41, 2, 1, 0, 79, 232, 144, 379, 199, 54, 77, 103, 235, 160, 213, 41, 211, 145, 95, 127, 12, 6, 4, 0, 121, 378, 53, 128, 15],
      [0, 0, 0, 0, 0, 0, 0, 0, 0, 0, 0, 0, 0, 0, 0, 0, 0, 0, 0, 0, 0, 0, 0, 0, 0, 0, 0, 0, 0, 0, 0, 0, 0, 0, 0, 0, 0, 0, 0, 0],
      [0, 0, 0, 0, 0, 0, 0, 0, 0, 0, 0, 0, 0, 0, 0, 0, 0, 0, 0, 0, 0, 0, 0, 0, 0, 0, 0, 0, 0, 0, 0, 0, 0, 0, 0, 0, 0, 0, 0, 0]
    ],
    [
      [1.2779, 1.8587, 0, 0.0871, 0.4893, 0.4937, 1.8711, 1.2053, 1.4666, 14.8775, 1.9281, 0.6825, 0.1162, 0.2649, 0, 1.2924, 2.8171, 1.4231, 3.0785, 2.091, 0.7115, 2.5674, 1.5392, 3.1946, 1.4231, 1.5973, 0, 2.091, 1.6844, 0.8713, 1.699, 0.2178, 0.1452, 0, 0, 0, 4.3563, 0.4937, 3.2382, 0.4937],
      [32.6323, 49.1115, 1, 2.2249, 2.9975, 12.608, 6, 30.7782, 37.453, 22.9411, 9.963, 9.9899, 2.9666, 1.1125, 0, 33.0032, 71.9395, 36.3406, 78.6143, 53.3984, 18.1703, 23.577, 39.3071, 81.5809, 36.3406, 40.7904, 14.8329, 53.3984, 43.0154, 22.2493, 43.3862, 5.5623, 3.7082, 1.1125, 0, 21.9907, 111.2466, 12.608, 82.6933, 12.608],
      [0.2811, 0.4089, 0, 0.0192, 0.0287, 0.1086, 0.9749, 0.2651, 0.3226, 0.3386, 1.231, 0.1501, 0.0256, 0.0096, 0.3885, 0.2843, 0.6197, 0.313, 0.6772, 0.46, 0.1565, 0.1948, 0.3386, 0.7027, 0.313, 0.3514, 0.1278, 0.46, 0.3705, 0.1917, 0.3737, 0.0479, 0.0319, 0.2745, 0, 3.2642, 0.9583, 0.1086, 0.7123, 0.1086],
      [28.889, 42.0203, 0.9849, 1.9697, 2.9546, 11.1617, 7.8788, 27.2476, 33.1567, 34.7981, 29.0056, 15.4293, 2.6263, 0.9849, 0.3283, 29.2173, 63.6871, 32.1718, 69.5962, 47.2729, 16.0859, 20.0253, 34.7981, 72.2224, 32.1718, 36.1112, 13.1314, 47.2729, 38.0809, 19.697, 38.4092, 4.9243, 3.2828, 0.9849, 0, 21.3384, 98.4852, 11.1617, 73.2073, 11.1617],
      [18.4261, 26.8016, 0.6282, 1.2563, 1.8845, 7.1192, 5.5042, 17.3792, 21.1481, 25.2229, 15.2973, 17.2799, 1.6751, 0.6282, 0.2094, 18.6355, 40.6212, 20.52, 44.3901, 30.1518, 10.26, 12.7726, 22.1951, 46.0652, 20.52, 23.0326, 8.3755, 30.1518, 24.2889, 12.5632, 24.4983, 3.1408, 2.0939, 0.6282, 0, 13.6102, 62.8162, 7.1192, 46.6934, 7.1192],
      [6.4936, 7.799, 0.387, 0.4427, 0.6454, 2.5089, 1.771, 6.1247, 7.4529, 7.8219, 4.5751, 3.4682, 0.5903, 0, 0.0738, 6.5674, 14.3155, 7.2315, 15.6437, 10.6259, 3.6158, 1.8629, 7.8219, 16.2341, 7.2315, 8.117, 3.5325, 10.6259, 8.5598, 4.4275, 8.6336, 1.1069, 0.7379, 0, 0, 4.7964, 22.1374, 2.5089, 16.4554, 2.5089]
    ]
  ],
  "V_est": [
    [962.4657, 2.1356, 0.8142, 367.7115, 165.4802, 198.3928],
    [361.0331, 572.9369, 2609.9203, 3923.8937, 698.7885, 172.4275],
    [73.8563, 154.6752, 229.2716, 162.4617, 19494.0083, 107.7268],
    [0, 0, 0, 3781, 0, 0],
    [63.6449, 1163.2524, 15.9938, 1073.933, 692.723, 235.4529]
  ],
  "p_est": [
    [0.5672, 0.0013, 0.0005, 0.2167, 0.0975, 0.1169],
    [0.0433, 0.0687, 0.313, 0.4705, 0.0838, 0.0207],
    [0.0037, 0.0076, 0.0113, 0.008, 0.964, 0.0053],
    [0, 0, 0, 1, 0, 0],
    [0.0196, 0.3585, 0.0049, 0.331, 0.2135, 0.0726]
  ],
  "EI_Z": {},
  "EI_V": 11.5264,
  "MAE_Z": {},
  "MAE_V": 286.5002,
  "MAE_p": 0.06,
  "runtime": 0.514
}
