{
  "Z_true": {},
  "V_true": [
    [6, 31, 714, 290],
    [143, 136, 14563, 1043],
    [208, 6557, 1453, 1162],
    [629, 425, 569, 190],
    [13, 248, 165, 526],
    [17, 243, 623, 879]
  ],
  "p_true": [
    [0.0058, 0.0298, 0.6859, 0.2786],
    [0.009, 0.0086, 0.9168, 0.0657],
    [0.0222, 0.699, 0.1549, 0.1239],
    [0.3469, 0.2344, 0.3138, 0.1048],
    [0.0137, 0.2605, 0.1733, 0.5525],
    [0.0096, 0.1379, 0.3536, 0.4989]
  ],
  "Z_est": [
    [
      [0.2565, 0, 2.9928, 2.0522, 3.3349, 2.3088, 1.1971, 2.9073, 0.1532, 1.7102, 1.3682, 1.8812, 1.5392, 4.361, 2.8218, 0.4275, 0, 0, 0.0855, 0.171, 1.7102, 3.2494, 4.9595, 5.9857, 2.8218, 7.0973, 5.9001, 2.3943, 3.7624, 4.6175, 0.5986, 3.8479, 1.0261, 8.4654, 0],
      [0.0213, 0.0153, 0.6809, 0.4036, 0.5987, 0.4647, 0.1801, 0.5895, 0.0388, 0.3764, 0.1954, 0.3586, 0.3075, 0.686, 0.571, 0.0867, 0.1151, 0.0475, 0.0196, 0.0176, 0.3194, 0.6178, 0.69, 0.8115, 0.4787, 1.3376, 1.0231, 0.637, 0.8358, 0.9499, 0.1476, 0.8406, 0.1568, 1.2345, 3.4537],
      [0.0021, 0.3401, 4.0885, 2.1951, 5.3134, 0.6616, 1.5055, 1.4413, 0.0035, 1.3264, 2.0924, 1.0207, 0.793, 8.7777, 2.1769, 0.2156, 0.4163, 0.3411, 0.0007, 0.1647, 0.828, 4.7772, 14.3062, 18.3534, 4.9842, 13.3188, 13.3052, 0.6362, 3.8359, 9.3863, 1.4357, 4.0397, 2.4075, 12.1924, 5.5906],
      [2.7201, 1.6446, 27.2378, 19.3491, 29.7531, 23.5649, 11.1173, 29.0619, 4.8044, 16.587, 12.344, 18.7394, 15.3603, 37.1753, 27.4303, 4.2702, 1.4686, 2.6115, 0.8942, 1.6467, 17.1424, 29.3557, 38.0443, 44.8495, 24.7152, 61.2463, 48.7715, 24.3326, 35.5659, 39.0463, 4.8182, 36.2718, 8.4096, 77.1076, 15.9558]
    ],
    [
      [0.1841, 0, 9.5347, 1.2002, 0.9958, 1.1883, 0.2857, 7.8129, 0, 1.4835, 0.894, 4.4714, 1.1238, 6.1641, 11.9959, 0.9388, 0, 0, 0.7095, 0.2958, 0.9401, 3.9462, 2.0084, 2.5545, 0, 0, 0, 1.2923, 2.2562, 2.6355, 4.2313, 5.4608, 2.9263, 7.6363, 0],
      [2.535, 0.0007, 19.3374, 7.8442, 13.4325, 4.5462, 0.0525, 6.9289, 0.0022, 11.1713, 0.0532, 3.2564, 0.1167, 5.6994, 10.6248, 1.9937, 1.1097, 0.6593, 0.0081, 0.0022, 1.4737, 0.2261, 0.181, 13.9834, 6.0558, 19.1329, 8.1846, 11.3658, 19.2031, 5.8731, 1.3017, 16.6363, 0.0465, 0.3458, 4.3562],
      [95.9948, 6.8129, 735.8285, 332.4699, 497.7351, 591.002, 242.5052, 629.8189, 36.1628, 541.7798, 255.5366, 487.6751, 343.8518, 614.8344, 486.0248, 79.487, 17.2509, 59.9034, 21.3898, 18.5145, 290.9381, 621.01, 448.534, 400.6141, 375.7623, 1014.3147, 805.5037, 558.8526, 714.4137, 809.9738, 171.3909, 579.7607, 174.5447, 1316.7852, 76.8518],
      [11.2861, 1.1863, 35.2994, 30.4857, 44.8367, 41.2635, 20.1567, 55.4392, 7.835, 28.5654, 14.5162, 36.597, 31.9077, 48.3021, 61.3545, 10.5805, 1.6394, 5.4372, 2.8926, 2.1874, 42.6481, 49.8177, 22.2766, 27.848, 32.182, 73.5525, 52.3117, 39.4893, 55.1269, 36.5177, 4.0762, 50.1422, 12.4824, 150.2328, 7.7921]
    ],
    [
      [0.0313, 0, 0.2725, 0.1534, 0.1989, 0.1786, 0.0595, 0.2345, 0, 0.1479, 0.0577, 0.1264, 0.1283, 0.2154, 0.2136, 0.0319, 0, 0, 0.0129, 0.0025, 0.1172, 1.989, 0.1841, 0.2032, 0, 0, 0, 0.2854, 0.337, 0.41, 0.0595, 0.3333, 0.0485, 0.3584, 0],
      [36.7461, 0.7668, 315.925, 174.4491, 232.7261, 203.5878, 59.8319, 263.7826, 1.1501, 171.3816, 58.8982, 147.2271, 138.6745, 243.8455, 246.9123, 37.1902, 6.4849, 19.9371, 8.9663, 1.517, 133.0414, 259.3398, 208.1119, 233.1099, 183.4289, 559.495, 409.8603, 325.8939, 386.855, 447.0514, 70.1629, 383.7877, 50.3665, 401.1333, 58.0386],
      [11.0987, 0.2176, 109.2968, 62.4181, 73.441, 69.9214, 30.3896, 96.8711, 20.4347, 57.581, 28.0959, 45.5926, 56.9373, 87.2799, 81.7857, 11.7305, 1.9586, 7.1729, 6.9471, 0.8705, 45.7743, 95.2244, 76.6799, 81.4769, 65.4521, 204.5891, 164.1805, 118.9869, 136.7505, 196.4886, 23.8811, 133.6295, 24.4903, 136.2277, 17.4097],
      [3.1239, 0.0156, 18.5057, 12.9794, 17.6341, 17.3121, 6.7189, 21.1118, 29.4152, 11.8895, 6.9482, 13.0538, 13.2599, 19.6592, 19.0885, 3.0475, 0.5565, 1.89, 5.0737, 1.61, 12.0671, 18.4468, 15.0241, 16.21, 14.119, 35.9159, 25.9591, 19.8339, 25.0576, 24.05, 2.8965, 25.2495, 4.0947, 46.2806, 4.5516]
    ],
    [
      [7.2351, 0, 43.3519, 16.3996, 30.2535, 20.0172, 8.0069, 28.8817, 0.8468, 18.5541, 8.7786, 24.101, 15.3974, 32.3438, 40.6615, 5.4665, 0, 0, 2.0794, 1.4631, 18.3986, 45.5759, 33.721, 28.4904, 9.1782, 58.77, 39.8461, 38.1799, 44.1878, 37.2636, 17.8627, 47.1944, 14.7061, 56.5198, 6.7295],
      [5.9451, 0.2166, 30.0681, 11.8999, 23.4585, 14.8734, 5.9472, 18.1528, 0.6604, 13.8803, 5.9473, 16.8483, 11.5657, 21.4784, 26.7602, 3.9646, 0, 0.8822, 1.3212, 0.9904, 14.2059, 34.3522, 25.1054, 19.8274, 14.0983, 52.5489, 33.7064, 30.3986, 34.0357, 27.438, 12.8796, 35.0257, 10.5672, 38.9872, 6.0671],
      [3.8288, 1.4152, 12.4178, 3.8325, 11.9199, 4.7515, 1.8891, 2.8549, 0.1038, 6.0646, 1.0144, 5.917, 4.6507, 5.1685, 7.7473, 1.6225, 0, 0.5314, 0.2076, 0.267, 6.5841, 18.5787, 12.6884, 6.9159, 7.4801, 29.4095, 21.1403, 17.846, 17.5705, 12.0868, 7.5394, 16.4658, 5.4718, 8.0944, 3.8009],
      [0.991, 0.3682, 5.1623, 3.868, 5.3681, 5.3579, 2.1569, 5.1106, 0.389, 3.501, 2.2598, 4.1337, 3.3862, 6.0094, 5.831, 0.9464, 0, 0.5864, 0.3918, 0.2795, 3.8114, 5.4932, 4.4851, 4.7663, 4.2435, 10.2715, 7.3072, 5.5755, 7.206, 6.2116, 0.7183, 7.314, 1.255, 14.3986, 1.4025]
    ],
    [
      [0, 0, 0, 0, 0, 0, 0, 0, 0, 0, 0, 0, 0, 0, 0, 0, 0, 0, 0, 0, 0, 0, 0, 0, 0, 0, 0, 0, 0, 0, 0, 0, 0, 0, 0],
      [0.7981, 0, 5.2671, 4.7883, 7.0228, 10.3747, 2.873, 6.3844, 0.7981, 3.9903, 2.7134, 3.671, 3.5114, 4.3095, 4.9479, 1.1173, 0.1596, 0.3192, 0.1596, 0.1596, 3.0326, 5.5864, 5.5864, 5.5864, 4.9479, 10.6939, 5.5864, 7.9805, 7.5017, 6.8632, 0.3192, 11.4919, 0.4788, 12.1304, 0.7981],
      [0.2519, 0, 3.9872, 4.9265, 7.8126, 15.8563, 3.2315, 4.4118, 0, 3.6561, 2.6658, 1.8059, 2.6781, 0.1143, 2.0173, 1.0836, 0.0863, 0, 0, 0, 0.8015, 4.2198, 5.8973, 5.3581, 4.6533, 8.3604, 1.0445, 9.8283, 5.8549, 5.9889, 0, 15.3223, 0, 4.5242, 0],
      [3.95, 0, 23.7456, 20.2852, 29.1646, 38.7691, 11.8956, 29.2038, 4.2019, 17.3537, 11.6208, 17.5231, 15.8105, 22.5763, 24.0348, 4.7991, 0.7541, 1.6808, 0.8404, 0.8404, 15.1659, 25.1938, 23.5163, 24.0555, 21.3988, 47.9458, 28.3691, 32.1911, 33.6434, 30.1479, 1.6808, 45.1858, 2.5212, 59.3454, 4.2019]
    ],
    [
      [0.293, 0, 1.8481, 1.1945, 1.217, 1.3072, 0.4508, 2.1636, 0, 1.1043, 0.9015, 1.4199, 0.8114, 1.9157, 1.3072, 0.1352, 0, 0, 0.1127, 0.0676, 0.8339, 1.2396, 1.1269, 0.7663, 0, 3.1327, 2.2538, 1.8481, 2.4566, 2.0735, 0.2479, 2.1636, 0.293, 3.02, 0.2705],
      [1.9545, 0.0005, 8.7216, 5.615, 5.7614, 6.1532, 2.1154, 10.1618, 0.3504, 5.2002, 4.1926, 6.6386, 3.8242, 8.9813, 6.1838, 0.6475, 0.1307, 1.1547, 0.5252, 0.3131, 3.9269, 5.8778, 5.3253, 3.6815, 5.9904, 14.7918, 10.6392, 8.7243, 11.5687, 9.8243, 1.1891, 10.2178, 1.3842, 14.1689, 1.2864],
      [4.8237, 1.2142, 35.3812, 22.1579, 20.7781, 22.8072, 7.4791, 39.6019, 1.2952, 20.5921, 17.5949, 26.9886, 14.089, 35.8253, 22.2481, 1.8609, 0.2879, 5.0511, 1.4548, 1.1833, 14.074, 21.1899, 19.8942, 11.2816, 21.668, 58.0076, 41.8257, 34.85, 46.5745, 39.0758, 4.7529, 39.782, 5.0857, 50.1761, 4.347],
      [5.9289, 3.7853, 36.0491, 24.0326, 26.2435, 27.7324, 9.9547, 44.0727, 5.3544, 22.1033, 17.311, 27.953, 17.2755, 38.2778, 28.2609, 3.3564, 0.5814, 4.7942, 2.9074, 1.436, 18.1652, 26.6928, 23.6536, 18.2707, 25.3415, 63.068, 45.2814, 36.5776, 48.4001, 41.0264, 4.8101, 43.8365, 6.2371, 66.6349, 6.0961]
    ]
  ],
  "V_est": [
    [86.0047, 19.308, 142.2739, 793.4134],
    [85.1663, 197.7404, 14453.8284, 1148.2649],
    [6.391, 6479.6766, 2381.2825, 512.65],
    [800.4622, 604.1039, 267.8771, 140.5568],
    [0, 151.9488, 126.4387, 673.6125],
    [37.9758, 187.2223, 715.2995, 821.5024]
  ],
  "p_est": [
    [0.0826, 0.0185, 0.1367, 0.7622],
    [0.0054, 0.0124, 0.9099, 0.0723],
    [0.0007, 0.6908, 0.2539, 0.0547],
    [0.4415, 0.3332, 0.1478, 0.0775],
    [0, 0.1596, 0.1328, 0.7076],
    [0.0216, 0.1063, 0.406, 0.4662]
  ],
  "EI_Z": {},
  "EI_V": 7.4276,
  "MAE_Z": {},
  "MAE_V": 190.8466,
  "MAE_p": 0.0902,
  "runtime": 0.9385
}
