{
  "X": [
    [4, 9, 71, 166, 19],
    [34, 39, 164, 520, 69],
    [35, 94, 420, 846, 114],
    [18, 32, 82, 206, 24],
    [3, 40, 46, 208, 14],
    [23, 44, 60, 352, 47],
    [31, 47, 139, 508, 67],
    [30, 46, 113, 422, 70],
    [7, 20, 86, 228, 31],
    [10, 11, 38, 187, 22],
    [30, 25, 109, 423, 45],
    [19, 24, 103, 259, 52],
    [2, 10, 22, 52, 9],
    [1, 14, 35, 83, 14],
    [1, 9, 11, 29, 3],
    [2, 7, 19, 50, 11],
    [1, 13, 14, 22, 5],
    [0, 2, 3, 6, 0],
    [0, 8, 8, 21, 4],
    [0, 7, 14, 35, 6],
    [1, 15, 10, 26, 5],
    [11, 20, 236, 169, 45],
    [44, 41, 468, 712, 102],
    [12, 41, 199, 283, 54],
    [46, 54, 215, 631, 82],
    [28, 33, 115, 365, 53],
    [0, 9, 25, 29, 4],
    [19, 84, 199, 403, 56],
    [2, 4, 17, 34, 4],
    [12, 17, 218, 76, 18],
    [11, 1, 174, 136, 23],
    [29, 30, 259, 422, 62],
    [29, 29, 310, 528, 93],
    [17, 22, 117, 193, 27],
    [61, 64, 381, 773, 109],
    [15, 23, 182, 322, 38],
    [12, 15, 51, 126, 11],
    [34, 29, 340, 558, 95],
    [21, 72, 275, 649, 91],
    [18, 32, 103, 360, 39],
    [25, 42, 129, 351, 46],
    [8, 36, 29, 101, 21],
    [18, 29, 92, 263, 23],
    [8, 12, 12, 48, 3],
    [0, 5, 23, 23, 1],
    [21, 65, 86, 265, 24],
    [39, 41, 148, 576, 74],
    [5, 22, 62, 117, 14],
    [29, 59, 186, 619, 67],
    [13, 19, 49, 225, 29],
    [30, 50, 113, 412, 47],
    [14, 16, 49, 155, 31],
    [33, 80, 348, 689, 107],
    [15, 16, 85, 257, 32],
    [8, 23, 57, 205, 16],
    [10, 36, 136, 378, 37],
    [14, 16, 66, 216, 17],
    [21, 38, 475, 525, 78],
    [12, 24, 155, 247, 21],
    [11, 12, 121, 85, 22],
    [38, 20, 211, 399, 87],
    [47, 135, 746, 1192, 132],
    [11, 24, 65, 203, 21],
    [34, 203, 437, 898, 160],
    [8, 41, 62, 166, 26]
  ],
  "W": [
    [12, 159, 82, 4, 12],
    [24, 545, 175, 43, 39],
    [92, 793, 469, 52, 103],
    [19, 215, 86, 21, 21],
    [81, 159, 40, 11, 20],
    [18, 383, 66, 24, 35],
    [48, 493, 139, 40, 72],
    [34, 448, 118, 29, 52],
    [10, 238, 92, 13, 19],
    [12, 187, 45, 8, 16],
    [20, 434, 113, 27, 38],
    [20, 258, 117, 18, 44],
    [11, 48, 31, 0, 5],
    [15, 85, 31, 4, 12],
    [7, 30, 11, 2, 3],
    [8, 54, 16, 3, 8],
    [8, 28, 15, 2, 2],
    [2, 6, 3, 0, 0],
    [6, 22, 8, 1, 4],
    [6, 35, 17, 1, 3],
    [12, 29, 11, 0, 5],
    [24, 159, 241, 18, 39],
    [23, 729, 486, 69, 60],
    [35, 285, 204, 25, 40],
    [28, 654, 214, 63, 69],
    [19, 391, 115, 36, 33],
    [9, 28, 26, 0, 4],
    [90, 388, 212, 24, 47],
    [8, 28, 18, 5, 2],
    [11, 90, 210, 14, 16],
    [6, 128, 169, 22, 20],
    [27, 421, 249, 53, 52],
    [15, 540, 298, 49, 87],
    [12, 209, 108, 28, 19],
    [40, 803, 372, 73, 100],
    [8, 333, 180, 25, 34],
    [10, 130, 53, 10, 12],
    [23, 576, 339, 49, 69],
    [59, 651, 297, 39, 62],
    [25, 346, 117, 30, 34],
    [31, 352, 137, 38, 35],
    [14, 126, 29, 7, 19],
    [31, 262, 90, 22, 20],
    [10, 52, 12, 8, 1],
    [2, 24, 21, 4, 1],
    [90, 244, 84, 23, 20],
    [37, 614, 137, 38, 52],
    [18, 115, 69, 3, 15],
    [46, 630, 189, 37, 58],
    [13, 239, 49, 16, 18],
    [31, 437, 122, 29, 33],
    [10, 174, 46, 14, 21],
    [89, 675, 375, 37, 81],
    [23, 250, 85, 18, 29],
    [14, 209, 56, 11, 19],
    [31, 375, 137, 24, 30],
    [11, 214, 70, 22, 12],
    [50, 497, 492, 34, 64],
    [30, 225, 154, 19, 31],
    [11, 94, 122, 10, 14],
    [12, 428, 224, 40, 51],
    [165, 1114, 763, 91, 119],
    [13, 210, 66, 13, 22],
    [136, 965, 472, 52, 107],
    [50, 158, 63, 13, 19]
  ],
  "method": "mvn_cdf",
  "mvncdf_method": "genz",
  "mvncdf_samples": 5000,
  "mvncdf_error": 0.001,
  "cond_prob": [
    [
      [1.9055696615e-05, 0.358755785, 0.010197353348, 0.63063726169, 0.00039054425799],
      [0.015005085759, 0.027558480055, 0.0038746931473, 0.90000422039, 0.053557520646],
      [1.9056415944e-05, 0.0012574415619, 0.83562021542, 0.10633835668, 0.056764929927],
      [0.39193221984, 0.00011320015803, 0.23583351236, 0.35028660735, 0.021834460298],
      [0.0037225992052, 0.017464103547, 0.066446986296, 0.4342325117, 0.47813379925]
    ],
    [
      [1.2203906938e-05, 0.5064694967, 0.0037376524931, 0.48975306457, 2.758233922e-05],
      [0.026314007476, 0.046706776446, 0.0039935114519, 0.85573514768, 0.067250556947],
      [0.00014382887066, 0.0024410137367, 0.85342669224, 0.083993061539, 0.059995403615],
      [0.45116699016, 0.00048540152295, 0.22077168435, 0.30733796796, 0.020237956015],
      [0.0059800616109, 0.024140749921, 0.074127667442, 0.35784493778, 0.53790658324]
    ],
    [
      [4.2195240517e-06, 0.50327964845, 0.007514264064, 0.48905313228, 0.0001487356818],
      [0.018204790958, 0.053960177846, 0.0045401005209, 0.87251320822, 0.050781722459],
      [1.7578689479e-05, 0.0034749579653, 0.84560051611, 0.097070371822, 0.053836575418],
      [0.3859479739, 0.00054474827999, 0.22439334652, 0.37057718643, 0.018536744868],
      [0.0047152769508, 0.031551156451, 0.072362057479, 0.4301759188, 0.46119559032]
    ],
    [
      [1.1188775943e-05, 0.64486771116, 0.0053328658865, 0.34974534787, 4.2886300814e-05],
      [0.032581999456, 0.085377045118, 0.0030833905878, 0.82936042991, 0.049597134932],
      [0.00011295815928, 0.0035672111142, 0.87384493411, 0.079250977123, 0.043223919497],
      [0.51475062024, 0.00072295896725, 0.20244097143, 0.26879913288, 0.013286316487],
      [0.0083419096921, 0.050927928259, 0.087324849454, 0.40866572084, 0.44473959175]
    ],
    [
      [0, 0.42656875659, 0.013792009975, 0.55963923343, 0],
      [0.0056537488947, 0.031179907271, 0.011217301145, 0.91618495158, 0.035764091113],
      [1.0285418609e-05, 0.0014317238197, 0.90094983398, 0.075588320236, 0.022019836541],
      [0.18738440853, 0.0027517663682, 0.39496453905, 0.40133561969, 0.013563666362],
      [0.0019707007571, 0.020139353846, 0.13583465105, 0.47787950827, 0.36417578607]
    ],
    [
      [3.0240526538e-05, 0.67338807164, 0.0026701877204, 0.32386896135, 4.2538772461e-05],
      [0.027816683968, 0.078239070849, 0.0020499449974, 0.83030329016, 0.061591010027],
      [0.00016871073042, 0.0054037037207, 0.81104034271, 0.10777892399, 0.075608318845],
      [0.50429984734, 0.00083411035941, 0.15734600555, 0.3179819801, 0.019538056646],
      [0.0066095561857, 0.043908213746, 0.053195455282, 0.38340634454, 0.51288043024]
    ],
    [
      [4.6057286028e-05, 0.46397888759, 0.0094512758729, 0.52630835933, 0.00021541992256],
      [0.025942255644, 0.045643427959, 0.0038747230547, 0.87176173259, 0.052777860757],
      [0.00013331915753, 0.0022908066205, 0.87088872526, 0.081321216556, 0.045365932403],
      [0.44283900875, 0.00044721598583, 0.23143547494, 0.30954187351, 0.015736426823],
      [0.0066134097908, 0.026256842392, 0.08784928449, 0.40657417425, 0.47270628908]
    ],
    [
      [0, 0.53694398661, 0.0079930437326, 0.45506296966, 0],
      [0.032965767601, 0.057904383994, 0.0037484105963, 0.83141266547, 0.073968772341],
      [1.9902997368e-05, 0.0029745406893, 0.85891365359, 0.074579593893, 0.063512308827],
      [0.51255179063, 0.00056779036408, 0.20312772808, 0.26398646759, 0.019766223339],
      [0.007018954476, 0.02760151354, 0.073200640915, 0.33844202428, 0.55373686679]
    ],
    [
      [0, 0.56855816627, 0.0014093354409, 0.4299776497, 5.4848593459e-05],
      [0.012892176234, 0.056808432948, 0.0039202569857, 0.85999379663, 0.0663853372],
      [1.4166225628e-05, 0.0025910358842, 0.86652593302, 0.076854528623, 0.054014336246],
      [0.29790837567, 0.00083989400364, 0.29262986526, 0.38448839577, 0.024133469299],
      [0.0030289410407, 0.028669335389, 0.080437441927, 0.36593337507, 0.52193090658]
    ],
    [
      [8.2180870052e-05, 0.39081094531, 0.0060863538274, 0.60275722328, 0.00026329671027],
      [0.029797420298, 0.031587291686, 0.0021923485752, 0.87992052366, 0.056502415783],
      [0.0003578479868, 0.0021569853782, 0.79243642819, 0.13034401474, 0.074704723707],
      [0.53678048911, 0.00022449295593, 0.13393249009, 0.31193838491, 0.017124142935],
      [0.0072843225956, 0.019036551588, 0.049118461327, 0.42879922838, 0.49576143611]
    ],
    [
      [0, 0.42952263137, 0.0079768400015, 0.56246665054, 3.3878079904e-05],
      [0.035349102544, 0.035565389535, 0.0036788138893, 0.87402856016, 0.051378133871],
      [2.6481059736e-05, 0.0014141262469, 0.87341237568, 0.080613541991, 0.044533475028],
      [0.53009445681, 0.00023750201591, 0.19338703245, 0.26329751539, 0.012983493338],
      [0.0090249158445, 0.021262091945, 0.087547622227, 0.4264186505, 0.45574671948]
    ],
    [
      [0, 0.49351852686, 0.0069341130591, 0.49943265526, 0.00011470482743],
      [0.034008646328, 0.049123240142, 0.0034272446159, 0.84281411886, 0.070626750057],
      [5.0456467461e-05, 0.0031738867944, 0.82475296414, 0.096962437806, 0.075060254788],
      [0.54936101528, 0.00043332895765, 0.16162766469, 0.2692634204, 0.019314570669],
      [0.0075310810391, 0.024470200681, 0.058447587697, 0.34940812362, 0.56014300697]
    ],
    [
      [0.029964430826, 0.58400350703, 0.0040649392702, 0.38196712288, 0],
      [0.032676911803, 0.065029303146, 0.019997963275, 0.83254431525, 0.049751506526],
      [0.0021586020462, 0.0086710056061, 0.6725052537, 0.18390168483, 0.13276345382],
      ["NaN", "NaN", "NaN", "NaN", "NaN"],
      [0.0069965661879, 0.037150739577, 0.029544113199, 0.42705645736, 0.49925212367]
    ],
    [
      [0, 0.55852399365, 0.017602777698, 0.42362859138, 0.00024463727049],
      [0.0055191794465, 0.062390482867, 0.010537376733, 0.8402615753, 0.081291385653],
      [1.1963543406e-06, 0.00064324776674, 0.95422882344, 0.018817097985, 0.026309634453],
      [0.12967517884, 0.0012519058599, 0.56555907874, 0.28174973765, 0.021764098902],
      [0.0010109953903, 0.02450006228, 0.16641262254, 0.29275068672, 0.51532563306]
    ],
    [
      [0.00032630284087, 0.73935341411, 0.0049709812201, 0.25464639794, 0.00070290389518],
      [0.013246608009, 0.11865766673, 0.00056700833767, 0.82063504993, 0.046893666987],
      [0.0013253649191, 0.0027172801519, 0.91545464705, 0.051267998149, 0.029234709725],
      [0.28823394646, 0.009204266556, 0.29600498667, 0.39124393108, 0.015312869229],
      [0.0030902442733, 0.072165828158, 0.095393930127, 0.41732929154, 0.4120207059]
    ],
    [
      [0.00024986385553, 0.51700001555, 0.040538465368, 0.44200467596, 0.00020697927136],
      [0.022031278209, 0.050356035311, 0.010890135031, 0.80939237001, 0.10733018144],
      [0.00074807611124, 0.00071892199456, 0.96061583432, 0.009075198324, 0.028841969252],
      [0.25671639682, 0.00093423531055, 0.49939804604, 0.21964052631, 0.023310795529],
      [0.0032742072027, 0.016308563871, 0.15244718727, 0.24408123245, 0.58388880921]
    ],
    [
      [0.00046543377391, 0.85741421705, 0.0031571716291, 0.13619180752, 0.0027713700305],
      [0.013484532873, 0.20779244794, 0.0043724231521, 0.67772526723, 0.096625328799],
      [0.00087664667371, 0.0057904274688, 0.87280425136, 0.057249453279, 0.063279221217],
      [0.30036540122, 0.023585636739, 0.3184963811, 0.32385533294, 0.033697247993],
      [0.0024145534067, 0.09423501783, 0.06162912304, 0.21385279616, 0.62786850957]
    ],
    [
      [0, 0.70889207451, 0.013595941736, 0.27751198375, 0],
      [0, 0.094943232445, 0.0025660450368, 0.90249072252, 0],
      [0, 0.0041854854348, 0.98580394877, 0.010010565796, 0],
      ["NaN", "NaN", "NaN", "NaN", "NaN"],
      ["NaN", "NaN", "NaN", "NaN", "NaN"]
    ],
    [
      [0, 0.78073408092, 0.0037243995098, 0.2135759748, 0.0019655447727],
      [0, 0.13315828946, 0.00028453598381, 0.79631072604, 0.070246448517],
      [0, 0.0025983617818, 0.91115920994, 0.045453388348, 0.04078903993],
      [0, 0.086336372882, 0.37451208213, 0.5084350787, 0.030716466283],
      [0, 0.069747469794, 0.076902012412, 0.33191149823, 0.52143901957]
    ],
    [
      [0, 0.64053478961, 0.0035174315791, 0.35473132551, 0.0012164533013],
      [0, 0.081761450213, 0, 0.84130621558, 0.076932334204],
      [0, 0.0046272651087, 0.80066866735, 0.10573431353, 0.088969754007],
      [0, 0.10060266605, 0.24512951522, 0.61275824364, 0.041509575101],
      [0, 0.038624777328, 0.040799516784, 0.33855097594, 0.58202472995]
    ],
    [
      [0.011557810472, 0.81250040095, 0.0037919379531, 0.17005361775, 0.0020962328796],
      [0.027326045748, 0.16168291364, 0.0016342054504, 0.74400555108, 0.065351284078],
      [0.0036891745572, 0.0079011602293, 0.87092302099, 0.068361822458, 0.049124821768],
      ["NaN", "NaN", "NaN", "NaN", "NaN"],
      [0.0056540055014, 0.094855586085, 0.065390311126, 0.32624311174, 0.50785698555]
    ],
    [
      [5.2927944129e-05, 0.48257389076, 0.016642402664, 0.50058936779, 0.00014141083977],
      [0.025869921043, 0.046542625765, 0.00990741153, 0.83178293431, 0.085897107355],
      [0.00055357457973, 0.0010969548772, 0.92163582473, 0.038420387845, 0.038293257966],
      [0.36473045663, 0.00031614731618, 0.37957554894, 0.23479175365, 0.020586093463],
      [0.0047910920619, 0.01917672687, 0.13022334004, 0.28837957903, 0.557429262]
    ],
    [
      [4.0464903043e-06, 0.48897070432, 0.0023719339773, 0.50861411304, 3.9202166362e-05],
      [0.023754400586, 0.038494451066, 0.0059726708818, 0.86454071123, 0.067237766233],
      [0.00011503831628, 0.00099795772854, 0.89678249361, 0.059702682492, 0.042401827856],
      [0.38133188095, 0.00030974178837, 0.31055191944, 0.28889557557, 0.018910882247],
      [0.0052523415979, 0.019747322231, 0.10544990185, 0.35170664177, 0.51784379255]
    ],
    [
      [4.2181672042e-06, 0.57022993021, 0.012691939695, 0.41683430558, 0.00023960634747],
      [0.015764512655, 0.067964068353, 0.0052702574811, 0.83278638691, 0.078214774605],
      [1.0340271251e-05, 0.0021808793637, 0.89974706631, 0.052464318411, 0.045597395642],
      [0.2951220602, 0.00081422573039, 0.36959643567, 0.3100762154, 0.024391062998],
      [0.0031701334263, 0.030173448215, 0.10663615773, 0.31530131739, 0.54471894324]
    ],
    [
      [5.0929048362e-06, 0.55809552021, 0.0020851877694, 0.43978178426, 3.2414862115e-05],
      [0.026949674631, 0.054715714035, 0.0047666012056, 0.85498443777, 0.058583572358],
      [8.8448931659e-05, 0.0024900491537, 0.88262228658, 0.070885364237, 0.043913851098],
      [0.44314091904, 0.00047890397977, 0.25850846832, 0.28125714041, 0.016614568253],
      [0.0063473075275, 0.029365318633, 0.096479053938, 0.38605246299, 0.48175585691]
    ],
    [
      [5.5059863582e-06, 0.54626968849, 0.0062744225209, 0.44742276254, 2.762045836e-05],
      [0.028802658141, 0.054870852203, 0.0047011110268, 0.83906711467, 0.072558263958],
      [7.9873087742e-05, 0.0024551078354, 0.8784417735, 0.066326552597, 0.052696692982],
      [0.45909023508, 0.00048887837927, 0.25330368155, 0.26728382518, 0.019833379809],
      [0.0061097631928, 0.026255626799, 0.08796712341, 0.3386046794, 0.5410628072]
    ],
    [
      [0, 0.68459486668, 0.0066326949486, 0.30796848264, 0.00080395573298],
      [0, 0.092797709059, 0.0058996306347, 0.84541892507, 0.055883735239],
      [0, 0.0019924435254, 0.92932851391, 0.042816392624, 0.025862649937],
      ["NaN", "NaN", "NaN", "NaN", "NaN"],
      [0, 0.047126703636, 0.15314368148, 0.36083188654, 0.43889772834]
    ],
    [
      [6.003699643e-05, 0.60012305614, 0.0027820095101, 0.39693218569, 0.00010271166354],
      [0.022907665078, 0.070901256542, 0.0050895679806, 0.84199084565, 0.059110664747],
      [0.00018191824417, 0.003174938235, 0.87765311035, 0.072625446939, 0.04636458623],
      [0.40899127559, 0.0006044667568, 0.26605543773, 0.30610005355, 0.018248766369],
      [0.0053630922957, 0.038120070233, 0.092065465264, 0.37958849232, 0.48486287989]
    ],
    [
      [0.00017693165678, 0.4050636574, 0.00040434510326, 0.59266064027, 0.0016944255744],
      [0.010066737862, 0.025514086631, 0.0027906014369, 0.89722682251, 0.064401751558],
      [0.003887638483, 0.00083390351397, 0.86109237647, 0.08048929249, 0.053696789042],
      [0.3282316519, 0.00039239507014, 0.25793552373, 0.39049272475, 0.022947704552],
      [0.002790067219, 0.014062038269, 0.064644001905, 0.36754647947, 0.55095741314]
    ],
    [
      [1.9462462203e-05, 0.67506083602, 0.038964793431, 0.28580070021, 0.00015420787957],
      [0.060705103567, 0.098384104897, 0.023149259091, 0.7366757747, 0.081085757748],
      [1.368953983e-05, 0.00068144097239, 0.97675653475, 0.0074215427728, 0.015126791966],
      [0.45554635231, 0.00030160578703, 0.43108802326, 0.10338791136, 0.0096761072927],
      [0.0097376785175, 0.035777267363, 0.2708655832, 0.22183861461, 0.46178085632]
    ],
    [
      [4.5261061538e-05, 0.11545595628, 0.098832109343, 0.78534256173, 0.00032411159174],
      [0.027505666342, 0.0022027565038, 0.014388376038, 0.88684770283, 0.069055498291],
      [9.6347553409e-06, 6.0594301873e-05, 0.93794670852, 0.036726796043, 0.025256266375],
      [0.33114539166, 1.6703298571e-05, 0.42914864306, 0.22486238698, 0.014826874994],
      [0.0096088125779, 0.00073517601306, 0.18055156615, 0.33088188116, 0.4782225641]
    ],
    [
      [1.9477084198e-05, 0.44100161442, 0.015210614437, 0.54372180727, 4.6486793542e-05],
      [0.023512814928, 0.040039222584, 0.0074722056076, 0.86328406719, 0.06569168969],
      [0.00014218871948, 0.00083199171239, 0.91783474772, 0.048637132085, 0.032553939762],
      [0.3548648354, 0.00018702287693, 0.37267624124, 0.25523704013, 0.017034860347],
      [0.0049488032015, 0.019603183732, 0.1375158054, 0.35074442117, 0.4871877865]
    ],
    [
      [6.6068110455e-06, 0.49290324648, 0.0032537161492, 0.50379608925, 4.0341310471e-05],
      [0.022777266723, 0.036738332054, 0.0084997100171, 0.86180435552, 0.070180335682],
      [1.5925170912e-05, 0.00068659186725, 0.92081677399, 0.045265117223, 0.033215591751],
      [0.33233021173, 0.0002399284119, 0.38711787408, 0.26227506666, 0.018036919113],
      [0.0047270205922, 0.0178320819, 0.13780662494, 0.33020946528, 0.50942480728]
    ],
    [
      [4.9111395772e-05, 0.59337159579, 0.0083945248674, 0.39814649715, 3.8270792105e-05],
      [0.029101380504, 0.067471110297, 0.0099888785041, 0.82464386431, 0.068794766389],
      [0.00049827279279, 0.0017657123621, 0.93120821067, 0.038916829572, 0.027610974606],
      [0.38407682833, 0.00025411763792, 0.39973263735, 0.20056273003, 0.015373686655],
      [0.005750393852, 0.030540345764, 0.16045207876, 0.31857370313, 0.4846834785]
    ],
    [
      [0, 0.51598008801, 0.0054871550767, 0.47850477511, 2.7981798902e-05],
      [0.033708151705, 0.050082671894, 0.0072571756687, 0.84887407727, 0.06007792346],
      [2.2238104195e-05, 0.0014811009589, 0.91458655988, 0.050808562667, 0.033101538386],
      [0.454224586, 0.0004001558712, 0.29734858762, 0.23409381231, 0.013932858202],
      [0.0076568682814, 0.025642300135, 0.13020354562, 0.36224291336, 0.47425437261]
    ],
    [
      [2.6501806056e-06, 0.62118589379, 0.0024690014689, 0.37632847277, 1.3981785788e-05],
      [0.020251526216, 0.050423900062, 0.0067727285078, 0.86945747512, 0.053094370095],
      [7.9662728849e-05, 0.0017481466156, 0.9203160727, 0.04969716326, 0.0281589547],
      [0.32325753865, 0.00052961059804, 0.37040245216, 0.29095786928, 0.014852529319],
      [0.0047189062177, 0.026807278628, 0.14141102959, 0.38942932012, 0.43763346544]
    ],
    [
      [0, 0.57005155836, 0.0075687766978, 0.42235146883, 2.8196105845e-05],
      [0.044906692199, 0.066643019673, 0.003461035185, 0.84815174383, 0.036837509118],
      [4.8550384109e-05, 0.0026234502623, 0.89523277019, 0.072637005192, 0.029458223968],
      [0.60065459947, 0.00065624392748, 0.17500144721, 0.21578427889, 0.0079034305026],
      [0.012750904089, 0.040857212978, 0.10641886388, 0.45909621253, 0.38087680652]
    ],
    [
      [1.2725369271e-05, 0.41704132681, 0.0032316922112, 0.57967333425, 4.092136229e-05],
      [0.026554091575, 0.031489325816, 0.0079573558459, 0.85710986158, 0.076889365186],
      [1.586090668e-05, 0.00065477479308, 0.91306004603, 0.047528006051, 0.038741312224],
      [0.37426364957, 0.00015770122294, 0.3501894354, 0.25613866945, 0.019250544359],
      [0.0052210854039, 0.015079736211, 0.12544342282, 0.32332527811, 0.53093047745]
    ],
    [
      [0, 0.52766171767, 0.0082436104224, 0.46395255277, 0.00014211913092],
      [0.013405500918, 0.058631701445, 0.0041302127496, 0.85965258846, 0.064179996427],
      [1.4120887544e-05, 0.0026887621041, 0.86125304647, 0.080685310677, 0.055358759857],
      [0.30948964021, 0.00078154506933, 0.28510204349, 0.38086471086, 0.023762060372],
      [0.0032053069375, 0.03015610345, 0.07925361268, 0.3738016662, 0.51358331073]
    ],
    [
      [2.5749854292e-05, 0.49882868415, 0.0045993797925, 0.49654167203, 4.5141803423e-06],
      [0.017400905437, 0.051829258832, 0.0036266197971, 0.88089628543, 0.046246930509],
      [0.00016638364427, 0.0042179094479, 0.80620398319, 0.12691010847, 0.062501615249],
      [0.39331667933, 0.00067925175428, 0.17962357593, 0.40812557777, 0.018254915211],
      [0.0046963442992, 0.031837834777, 0.056342110124, 0.46188510053, 0.44523861027]
    ],
    [
      [3.4849681491e-05, 0.56009898738, 0.0066918652167, 0.43306142747, 0.00011287024989],
      [0.023195362291, 0.064941643383, 0.0033306917227, 0.85033773314, 0.05819456946],
      [0.00020710472771, 0.0037501494862, 0.85107526312, 0.08938311368, 0.05558436899],
      [0.43713966894, 0.00058366633575, 0.22180455389, 0.32158926213, 0.018882848705],
      [0.0055563247412, 0.035472089144, 0.074121845639, 0.39400957562, 0.49084016485]
    ],
    [
      [0.00030729703509, 0.85096095111, 0.0027931022319, 0.14496951339, 0.00096913623902],
      [0.033147280635, 0.17282628136, 0.006318343266, 0.71373739082, 0.073970703924],
      [0, 0.0052627318065, 0.87198707292, 0.065418533806, 0.057331661465],
      [0.52596236099, 0.0025269025921, 0.21269864409, 0.23930813206, 0.019503960272],
      [0.007231787084, 0.11263829964, 0.073066825993, 0.28774848234, 0.51931460494]
    ],
    [
      [6.105699886e-06, 0.48704311177, 0.012021312768, 0.5008349132, 9.4556560782e-05],
      [0.030331607791, 0.050133106214, 0.0052686764248, 0.86920668421, 0.045059925359],
      [0.00013507487196, 0.0020005539029, 0.90921064855, 0.059273707426, 0.029380015254],
      [0.44935196454, 0.00050746443198, 0.27137453357, 0.26712741822, 0.011638619232],
      [0.007751476189, 0.028778781922, 0.12238739866, 0.42652647791, 0.41455586532]
    ],
    [
      [0.00024794142735, 0.68182034696, 0.0053106625509, 0.3124153859, 0.00020566315631],
      [0.050017969344, 0.097396860533, 0.0019911261911, 0.8114615086, 0.039132535329],
      [0.0002074552239, 0.0038104557259, 0.89095779341, 0.073936233678, 0.03108806196],
      [0.67250562022, 0.0012286942629, 0.13159699493, 0.18746293659, 0.0072057540017],
      [0.014051755443, 0.061604759866, 0.099085332136, 0.29290939678, 0.53234875577]
    ],
    [
      [0, 0.78461841521, 0.0079751420362, 0.20738853803, 1.7904724144e-05],
      [0, 0.1375158155, 0.0079641129503, 0.83163437116, 0.022885700386],
      [0, 0.0020172751101, 0.94247457648, 0.049102593504, 0.006405554908],
      [0, 0, 0.6960776149, 0.2950678438, 0.0088545413056],
      [0, 0.088020820294, 0.21663443949, 0.41457217723, 0.28077256299]
    ],
    [
      [0, 0.56342801623, 0.0042134086212, 0.43235857515, 0],
      [0.036938882414, 0.055139886623, 0.0083866310342, 0.84975706792, 0.049777532011],
      [5.6414230265e-05, 0.0021629390723, 0.90196939291, 0.062847041432, 0.032964212358],
      [0.51272308378, 0.0013006707694, 0.23792849804, 0.2364944215, 0.011553325907],
      [0.0094771484292, 0.031287194671, 0.11683353963, 0.4014240245, 0.44097809277]
    ],
    [
      [0, 0.43705734352, 0.014877911491, 0.54798814735, 7.6597634375e-05],
      [0.034051713401, 0.038591235661, 0.0065342793374, 0.85270495292, 0.068117818676],
      [0, 0.00097464140226, 0.92154104037, 0.038980885139, 0.038503433085],
      [0.46612280584, 0.00020580938942, 0.28902378501, 0.22889522202, 0.01575237773],
      [0.0072996413421, 0.019086787793, 0.11929698846, 0.34856149521, 0.50575508719]
    ],
    [
      [0.00020142325055, 0.62794641105, 0.0068771810813, 0.36485159716, 0.00012338745916],
      [0.026847114275, 0.083729809951, 0.0028421373456, 0.84388957009, 0.042691368342],
      [0.00083072188571, 0.0041558855287, 0.86487888644, 0.08949584755, 0.040638658599],
      [0.58244193159, 0.00032413457331, 0.20363880362, 0.19992557304, 0.013669557171],
      [0.0069540423305, 0.0520205301, 0.084120358052, 0.44069203275, 0.41621303677]
    ],
    [
      [1.2034883766e-05, 0.50543409711, 0.0091185449999, 0.48541421522, 2.1107784427e-05],
      [0.022337126852, 0.053197598751, 0.0043165102705, 0.86846269042, 0.051686073702],
      [8.1850430128e-05, 0.0025247468738, 0.88497814689, 0.071961526488, 0.040453729313],
      [0.39431235278, 0.00058343216013, 0.2684638157, 0.32063906036, 0.016001339002],
      [0.0055522361098, 0.029944485701, 0.097708870958, 0.41508754126, 0.45170686597]
    ],
    [
      [2.8118196682e-05, 0.50438115822, 0.008220235109, 0.48731058156, 5.9906918799e-05],
      [0.024971440914, 0.049666938625, 0.0036998918662, 0.85309789232, 0.068563836278],
      [0.00012591710731, 0.0024524067842, 0.87322606018, 0.068544211465, 0.055651404462],
      [0.43292527085, 0.00056330005396, 0.23803591131, 0.30804591941, 0.020429598366],
      [0.0054714340634, 0.024636993246, 0.07845618098, 0.36039806131, 0.5310373304]
    ],
    [
      [0, 0.58666369721, 0.005481463078, 0.40781531106, 3.9528645807e-05],
      [0.033012678544, 0.068700774657, 0.0030161549842, 0.84016767694, 0.055102714876],
      [4.0959078354e-05, 0.003951760649, 0.85138210345, 0.090402590229, 0.054222586597],
      [0.52741926869, 0.00069217890326, 0.17971962945, 0.27711490561, 0.015054017344],
      [0.0082819295862, 0.039060571943, 0.073682698241, 0.39815158377, 0.48082321646]
    ],
    [
      [0, 0.5496011017, 0.011876296104, 0.43852260219, 0],
      [0.038809727951, 0.057135835626, 0.0068065243389, 0.80509520662, 0.092152705468],
      [0, 0.0018045421863, 0.91056333646, 0.037642271862, 0.049989849491],
      [0.50721851575, 0.0005237215831, 0.26586512511, 0.20641888334, 0.019973754213],
      [0.0069546721935, 0.02247678768, 0.099470313105, 0.28127615021, 0.58982207681]
    ],
    [
      [2.38626427e-05, 0.49123427706, 0.0089138349068, 0.49978164174, 4.6383651529e-05],
      [0.024652573869, 0.049486440732, 0.0044928422648, 0.8547604799, 0.066607663233],
      [0.00014232332502, 0.0022597527658, 0.87312875446, 0.072874163976, 0.051595005473],
      [0.42872016666, 0.00025644222994, 0.26027346634, 0.29089958662, 0.019850338143],
      [0.0054490302452, 0.024937113558, 0.08790862947, 0.36376560193, 0.5179396248]
    ],
    [
      [6.4992434239e-05, 0.36846733144, 0.013529651566, 0.61762795429, 0.00031007027047],
      [0.027956034131, 0.027888875605, 0.0045324607867, 0.88171229726, 0.057910332222],
      [1.7097052812e-05, 0.0008821665796, 0.89305760873, 0.065710796907, 0.040332330728],
      [0.43436963504, 0.00018533834593, 0.26035398438, 0.2895148932, 0.01557614903],
      [0.0065306883099, 0.016369387108, 0.10204946056, 0.39895851458, 0.47609194944]
    ],
    [
      [0, 0.57276003368, 0.0075144029717, 0.41972556335, 0],
      [0.019071764582, 0.067013147467, 0.0046672156867, 0.87412346163, 0.035124410637],
      [0.0001127404695, 0.0030192507605, 0.90335422445, 0.066278629759, 0.027235154559],
      [0.35523811551, 0.00089258673073, 0.28998775995, 0.34198015849, 0.011901379322],
      [0.0052667613409, 0.041932379545, 0.11271833427, 0.47150808542, 0.36857443943]
    ],
    [
      [2.1814443072e-07, 0.49191427236, 0.01059435373, 0.49737932426, 0.00011183150951],
      [0.010151788161, 0.052315350273, 0.0047037189307, 0.88330436555, 0.049524777088],
      [9.3890515758e-06, 0.0017188351033, 0.89366566652, 0.069029315241, 0.035576794089],
      [0.2544572909, 0.00069531020775, 0.34402853321, 0.38288417426, 0.017934691421],
      [0.0028270465177, 0.029341111686, 0.10729331085, 0.42319558324, 0.4373429477]
    ],
    [
      [2.0579897753e-05, 0.48777382326, 0.0043443211502, 0.50786127569, 0],
      [0.02149095047, 0.046984776455, 0.0032224186938, 0.88766436381, 0.040637490568],
      [0.00028777686501, 0.0029611409128, 0.8523426332, 0.1020206007, 0.042387848319],
      [0.42310940938, 0.00053245280056, 0.21184231728, 0.35051368818, 0.014002132359],
      [0.0060132361279, 0.030062663113, 0.07817496354, 0.46671741021, 0.41903172701]
    ],
    [
      [2.7294872505e-06, 0.39749061387, 0.018126479389, 0.58417945527, 0.00020072198396],
      [0.01941498228, 0.033391586729, 0.0079105291165, 0.8778550098, 0.061427892076],
      [1.2665027681e-05, 0.00079370743223, 0.91308602532, 0.052778841115, 0.03332876111],
      [0.32562335637, 0.00018357920955, 0.36793159705, 0.28866452413, 0.017596943253],
      [0.0042686253495, 0.017704764881, 0.13147100476, 0.37055162059, 0.47600398442]
    ],
    [
      [0, 0.44418667639, 0.013608508368, 0.54215710612, 4.7709117761e-05],
      [0.022329293903, 0.042765304237, 0.0072128905087, 0.89591606497, 0.031776446378],
      [0.00034701485725, 0.0013706044122, 0.92190447357, 0.057994801236, 0.01838310592],
      [0.35407842916, 0.00045257517034, 0.33629104331, 0.29965073999, 0.0095272123663],
      [0.0062896267655, 0.026855943452, 0.14858147197, 0.46869705636, 0.34957590145]
    ],
    [
      [6.753595702e-05, 0.54691997924, 0.030348453771, 0.42217932719, 0.0004847038449],
      [0.055942546664, 0.059503380081, 0.013185829628, 0.77037113404, 0.10099710959],
      [2.9424797077e-05, 0.00081568721376, 0.93694884734, 0.027421688432, 0.034784352214],
      [0.56062996643, 0.00026695449138, 0.29509533188, 0.12940620877, 0.014601538423],
      [0.0093405877517, 0.020598508271, 0.15485616634, 0.23583090894, 0.5793738287]
    ],
    [
      [0, 0.46009279837, 0.0023538331436, 0.53755336849, 0],
      [0.038662222047, 0.031738703075, 0.0064368602821, 0.82899860875, 0.094163605849],
      [3.6654753346e-05, 0.0008639021568, 0.87097995322, 0.063569741336, 0.064549748534],
      [0.52706818469, 0.00014418153238, 0.22506790501, 0.22572451151, 0.021995217264],
      [0.0070908021863, 0.013636081551, 0.080677491767, 0.28371279441, 0.61488283008]
    ],
    [
      [0, 0.47377734734, 0.0089843661846, 0.51723828647, 0],
      [0.016535100655, 0.047217270036, 0.0063529915533, 0.88036869757, 0.049525940189],
      [1.2387624484e-05, 0.0013760114096, 0.905842084, 0.061299328779, 0.031470188189],
      [0.30849055599, 0.00049638388052, 0.34691962498, 0.3284068676, 0.01568656755],
      [0.0041832396421, 0.026316228823, 0.12363992458, 0.41402135154, 0.43183925542]
    ],
    [
      [2.3723384783e-05, 0.60458436635, 0.0050281933328, 0.39036371694, 0],
      [0.025147261711, 0.071306835784, 0.0040043983447, 0.85525758954, 0.04428391462],
      [0.00025548770566, 0.0032630058329, 0.88903181799, 0.072094524269, 0.035355164199],
      [0.42752561348, 0.00086431945838, 0.24865489465, 0.30966033777, 0.013294834641],
      [0.0065487033104, 0.042698781137, 0.099322555289, 0.43351613107, 0.4179138292]
    ],
    [
      [9.7754472038e-07, 0.69529863248, 0.0066289451112, 0.29792425078, 0.00014719408315],
      [0.016341181412, 0.1046826628, 0.0053567117124, 0.79931470125, 0.074304742834],
      [1.5907928999e-05, 0.0035722097735, 0.86277518407, 0.073303269448, 0.060333428779],
      [0.34327790154, 0.00081200984108, 0.29461883981, 0.33476696871, 0.026524280101],
      [0.003482874479, 0.053199148225, 0.078310001037, 0.31903354803, 0.54597442823]
    ],
    [
      [0.00010274244236, 0.5995009734, 0.0028548772235, 0.39740001202, 0.00014139492019],
      [0.02003868829, 0.064834838743, 0.0059964985521, 0.83358746349, 0.075542510921],
      [0.00016481251297, 0.0028040303215, 0.8799577189, 0.064181366491, 0.052892071774],
      [0.36462355051, 0.0018038846253, 0.29315101546, 0.31677788323, 0.023643666182],
      [0.0041189885813, 0.030575915705, 0.087447888206, 0.32956008401, 0.54829712349]
    ]
  ],
  "expected_outcome": [
    [
      [0.00022866835938, 0.0002928937665, 0.00038819621276, 0.00021258674293, 0, 0.00054432947769, 0.0022107497293, 0, 0, 0.00098617044062, 0, 0, 0.32960873909, 0, 0.0022841198861, 0.0019989108442, 0.0037234701913, 0, 0, 0, 0.13869372567, 0.0012702706591, 9.3069276999e-05, 0.00014763585215, 0.00014260133541, 0.00010461374081, 0, 0.0054033296787, 0.0014154532542, 0.00021408708423, 0.00027156636923, 0.00052588127336, 9.9102165683e-05, 0.00058933674927, 0, 2.1201444845e-05, 0, 0.00029268349323, 0, 0.00064374635731, 0.0010803401262, 0.0043021584913, 0.00018927669647, 0.0024794142735, 0, 0, 0, 0.00362561851, 0.00055360465326, 0.00036553655687, 0, 0, 0.0021237752003, 0.0014948259875, 0, 6.7624773522e-06, 0.00022637887529, 0.00013647436252, 0, 0.00074289552721, 0, 0, 0.00030840400218, 0.00013294608197, 0.0051371221179],
      [4.30506942, 12.1552679207, 46.3017276571, 12.2524865121, 34.5520692841, 12.1209852894, 22.2709866045, 18.2560955448, 5.6855816627, 4.6897313437, 8.5904526275, 9.8703705371, 6.4240385773, 8.3778599048, 5.1754738987, 4.1360001244, 6.8593137364, 1.417784149, 4.6844044855, 3.8432087377, 9.7500048114, 11.5817733783, 11.2463261995, 19.9580475574, 15.6266745658, 10.3791240813, 6.1613538001, 54.0110750527, 3.2405092592, 7.4256691962, 0.69273573767, 11.9070435893, 7.3935486972, 7.1204591495, 20.6392035206, 4.9694871503, 5.7005155836, 9.5919505166, 31.1320413428, 12.4707171036, 17.3630686088, 11.9134533155, 15.0983364647, 6.8182034696, 1.5692368304, 50.7085214607, 16.1711217102, 11.3030353989, 23.2499684669, 6.5569550568, 18.1865746136, 5.496011017, 43.7198506583, 8.4747486232, 8.0186404715, 15.249342443, 5.3655120559, 19.8745306935, 13.3256002918, 6.0161197716, 5.5211135804, 78.1732623114, 7.8595967625, 94.5606140171, 29.9750486698],
      [0.12236824018, 0.089703659835, 0.69131229388, 0.10132445184, 1.117152808, 0.048063378968, 0.4536612419, 0.27176348691, 0.014093354409, 0.073036245929, 0.15953680003, 0.13868226118, 0.044714331972, 0.26404166548, 0.03479686854, 0.32430772295, 0.025257373033, 0.027191883472, 0.022346397059, 0.021104589475, 0.045503255438, 0.39941766394, 0.054554481479, 0.44421788933, 0.058385257544, 0.1192140279, 0.059694254537, 0.25038085591, 0.0032347608261, 0.42861272774, 0.59299265606, 0.4106865898, 0.048805742239, 0.10073429841, 0.21948620307, 0.019752011751, 0.075687766978, 0.074328920859, 0.48637301492, 0.11498449481, 0.20744782172, 0.039103431247, 0.37266069582, 0.053106625509, 0.015950284072, 0.37920677591, 0.55048272517, 0.12378925946, 0.41945307, 0.10686305642, 0.16992535542, 0.11876296104, 0.7933313067, 0.31118198602, 0.1052016416, 0.32842496563, 0.047787532652, 0.90632396947, 0.40825525105, 0.33383299148, 0.028245997723, 1.4824204205, 0.065366513327, 0.90153653512, 0.14274386117],
      [7.5676471403, 11.7540735496, 44.9928881701, 6.6451616096, 45.3307779079, 5.8296413042, 25.2628012476, 15.4721409683, 4.299776497, 7.2330866794, 11.2493330109, 9.9886531052, 4.2016383516, 6.3544288707, 1.7825247856, 3.5360374077, 1.0895344602, 0.5550239675, 1.2814558488, 2.128387953, 2.0406434129, 12.014144827, 11.6981246, 14.5892006953, 12.3138899592, 8.5010324883, 2.7717163437, 35.723896712, 4.7412851221, 3.1438077023, 4.7120553704, 14.6804887962, 7.5569413388, 4.7777579658, 19.1401910044, 3.0106277822, 4.2235146883, 13.3324866878, 27.3732006136, 12.4135418007, 13.4249042516, 2.0295731874, 15.5258823094, 3.124153859, 0.41477707606, 38.9122717634, 20.2755614521, 6.5673287489, 22.3290539003, 6.3350375603, 12.642274643, 4.3852260219, 44.4805661148, 14.2054429486, 5.8761578869, 15.4187590521, 5.5864740326, 29.2089727635, 16.2647131836, 4.6439725991, 6.4506404219, 85.3443172681, 5.0747283202, 40.5176981064, 19.8700006009],
      [0.0046865310959, 0.00066197614127, 0.013683682726, 0.00081483971547, 0, 0.00076569790429, 0.010340156283, 0, 0.00054848593459, 0.0031595605233, 0.00067756159809, 0.0022940965486, 0, 0.0036695590574, 0.0049203272663, 0.0016558341709, 0.022170960244, 0, 0.011793268636, 0.0072987198075, 0.025154794556, 0.0033938601545, 0.00090164982634, 0.0083862221615, 0.00090761613923, 0.00052478870885, 0.0072356015968, 0.009244049719, 0.013555404595, 0.0016962866753, 0.0019446695504, 0.0012551434256, 0.00060511965707, 0.00045924950526, 0.0011192719561, 0.00011185428631, 0.00028196105845, 0.00094119133267, 0.0083850287241, 0.00011285450856, 0.0034989777466, 0.013567907346, 0.0029312533842, 0.0020566315631, 3.5809448289e-05, 0, 0.0028341124719, 0.0022209742649, 0.00097095808366, 0.00077878994439, 0.00122538802, 0, 0.0041281449861, 0.0071316162208, 0, 0.0034667767948, 0, 0.010036099198, 0.0014312735328, 0.0053317422939, 0, 0, 0, 0.020018395308, 0.0070697460095]
    ],
    [
      [2.3858086357, 14.3411340742, 14.4363992297, 7.005129883, 0.89894607426, 10.6537899596, 12.7895320324, 14.7686638854, 3.0683379438, 5.5721175958, 15.3415105042, 8.7742307525, 1.5684917665, 0.46913025295, 0.39739824026, 1.1896890233, 0.37756692044, 0, 0, 0, 0.7924553267, 4.1133174458, 17.3169580274, 4.4928861066, 17.6250872084, 11.261839333, 0, 8.8881740504, 0.28186866012, 5.463459321, 3.5207252918, 9.8988950849, 12.2997240307, 6.0821885253, 27.067645819, 6.7437582298, 5.8378699859, 15.2951567475, 8.7269810979, 6.0207132813, 8.1647675264, 4.17655736, 7.9468812412, 2.6009344059, 0, 9.013087309, 20.9077520282, 3.0874181417, 14.0723899167, 5.9681743784, 14.4265405239, 6.7528926635, 16.6404873615, 6.9890085328, 3.9859987976, 3.8069205604, 4.5990634006, 9.6492461932, 5.0240911281, 5.2585993864, 16.5474310361, 18.42010213, 5.2809249593, 15.7692400623, 3.1661127499],
      [4.3817983287, 25.455193163, 42.7904210322, 18.3560647003, 4.9576052562, 29.9655641353, 22.5022099836, 25.9411640293, 13.5204070416, 5.9068235452, 15.4353790583, 12.6737959568, 3.121406551, 5.3031910437, 3.559730002, 2.7192259068, 5.8181885425, 0.56965939467, 2.9294823682, 2.8616507575, 4.6888044957, 7.4002774967, 28.0624548272, 19.3697594806, 35.7840769789, 21.4545032116, 2.5983358537, 27.5096875383, 0.71439442568, 8.8545694408, 0.28195283248, 16.8565127078, 19.8386993089, 14.101462052, 40.2163855306, 16.7911587206, 8.6635925575, 18.1378516701, 38.1692376407, 17.9329235559, 22.8594584708, 21.7761114507, 13.1348738281, 5.0646367477, 3.300379572, 13.4541323361, 23.6950186956, 9.6289281444, 33.5144872133, 11.8703983315, 30.0222385249, 9.941635399, 33.4033474939, 6.9722189012, 14.0057478206, 19.6182563523, 10.0547421613, 16.5956186044, 9.6221934534, 5.5933177276, 13.5841649161, 52.6000388199, 14.9744355145, 101.018769598, 10.2439045214],
      [0.61607621042, 2.1764637413, 3.600299713, 0.66292897638, 1.783550882, 0.785128934, 1.910238466, 1.6792879471, 0.9330211626, 0.40996918356, 1.596605228, 0.88422911091, 0.95990223721, 0.89567702234, 0.01701025013, 0.58806729167, 0.12242784826, 0.015396270221, 0.0062597916439, 0, 0.047391958062, 1.5752784333, 4.3540770728, 1.5020233821, 3.1173571885, 1.8381344115, 0.16518965777, 1.9747523765, 0.078136840233, 2.0834333182, 1.8417121329, 3.1457985608, 4.5898434092, 2.0876756074, 5.827512062, 2.2553185931, 0.44993457405, 4.5834369673, 2.6887685, 1.2548104498, 1.1724034864, 0.79611125152, 1.3803932233, 0.10353856194, 0.19113871081, 2.0463379723, 4.0120475132, 0.32684579474, 2.7194014704, 0.88427415601, 1.3180597281, 1.184335235, 3.0326685287, 1.1331151967, 0.97544807851, 1.763894599, 0.68959760048, 3.9315329709, 1.6229003645, 1.2394679851, 2.7549762008, 7.0772325904, 0.84092365238, 5.1692268025, 0.94744677123],
