{
  "X": [
    [15, 10, 35, 147, 9, 5],
    [6, 2, 6, 46, 4, 3],
    [71, 106, 253, 963, 63, 68],
    [41, 95, 127, 1081, 49, 63],
    [40, 68, 155, 1061, 39, 57],
    [49, 69, 244, 658, 52, 55],
    [34, 53, 97, 928, 51, 44],
    [2, 3, 5, 32, 1, 2],
    [5, 9, 5, 38, 1, 0],
    [0, 2, 1, 4, 1, 1],
    [22, 38, 126, 356, 37, 22],
    [36, 65, 84, 554, 40, 26],
    [27, 56, 214, 596, 79, 34],
    [48, 105, 233, 884, 71, 40],
    [57, 89, 178, 747, 98, 33],
    [2, 4, 17, 84, 9, 8],
    [39, 54, 73, 687, 34, 30],
    [5, 4, 3, 18, 1, 1],
    [16, 31, 151, 216, 33, 11],
    [20, 42, 129, 386, 43, 19],
    [14, 30, 247, 302, 61, 24],
    [27, 77, 280, 590, 92, 53],
    [80, 108, 331, 1526, 159, 88],
    [65, 104, 405, 936, 76, 68],
    [57, 76, 372, 717, 63, 43],
    [43, 91, 455, 761, 98, 66],
    [15, 35, 163, 306, 38, 23],
    [38, 80, 166, 1009, 50, 54],
    [0, 0, 1, 18, 0, 1],
    [0, 10, 4, 45, 0, 3],
    [17, 30, 73, 340, 17, 21],
    [1, 6, 4, 24, 3, 1],
    [192, 241, 788, 2641, 371, 164],
    [10, 21, 82, 216, 21, 14],
    [56, 153, 409, 1190, 60, 63],
    [1, 35, 42, 201, 4, 8]
  ],
  "W": [
    [5, 4, 19, 42, 146, 5],
    [2, 2, 5, 7, 50, 1],
    [51, 42, 97, 315, 954, 65],
    [32, 49, 67, 165, 1103, 40],
    [48, 32, 66, 182, 1067, 25],
    [43, 33, 90, 290, 638, 33],
    [25, 39, 56, 138, 929, 20],
    [0, 2, 1, 7, 33, 2],
    [0, 1, 3, 8, 43, 3],
    [0, 1, 1, 1, 6, 0],
    [16, 30, 35, 141, 352, 27],
    [14, 27, 46, 114, 586, 18],
    [21, 68, 34, 236, 611, 36],
    [31, 51, 81, 275, 907, 36],
    [24, 73, 74, 204, 792, 35],
    [7, 9, 4, 19, 82, 3],
    [31, 26, 53, 98, 693, 16],
    [3, 2, 4, 7, 16, 0],
    [7, 30, 21, 165, 222, 13],
    [10, 36, 30, 131, 411, 21],
    [13, 49, 30, 244, 312, 30],
    [31, 62, 49, 313, 609, 55],
    [49, 110, 124, 385, 1566, 58],
    [48, 64, 74, 451, 952, 65],
    [42, 64, 86, 394, 685, 57],
    [34, 80, 72, 510, 746, 72],
    [12, 28, 28, 176, 313, 23],
    [54, 39, 58, 195, 1020, 31],
    [1, 0, 0, 0, 19, 0],
    [1, 1, 4, 7, 49, 0],
    [11, 12, 23, 90, 352, 10],
    [0, 3, 2, 7, 26, 1],
    [82, 275, 197, 896, 2766, 181],
    [8, 19, 11, 92, 219, 15],
    [53, 64, 87, 471, 1212, 44],
    [7, 3, 2, 72, 207, 0]
  ],
  "method": "mvn_pdf",
  "cond_prob": [
    [
      [0.051371504959, 0.0097749411346, 0.029556835328, 0.76058621072, 0.00019270464188, 0.14851780322],
      [0.021313176111, 0.0055266681516, 0.062693108964, 0.03701773549, 0.86970656016, 0.0037427511279],
      [0.50874916893, 0.041264549747, 0.012194502984, 0.38018183597, 0.026172598801, 0.031437343569],
      [0.014736501273, 0.094188484753, 0.77546337386, 0.069885738662, 0.022315155347, 0.023410746103],
      [0.024008001796, 0.035216605704, 0.0022019178976, 0.90752307044, 0.016464184581, 0.014586219577],
      [0.17351084908, 0.0094902768253, 0.2957612231, 0.078394762476, 0.33638467712, 0.1064582114]
    ],
    [
      [0.092121080906, 0.0069172023131, 0.025095822937, 0.61786437981, 0.00032544721026, 0.25767606682],
      [0.016301831747, 0.0017249551695, 0.024879350183, 0.013448786359, 0.9405880992, 0.0030569773443],
      [0.72390863602, 0.018396348708, 0.0064251023876, 0.19419142504, 0.023959662283, 0.033118825568],
      [0.02147052922, 0.060596362304, 0.80381671295, 0.049262715356, 0.029666789951, 0.035186890221],
      [0.035721360734, 0.029237095644, 0.0010610466848, 0.86755587628, 0.027531750247, 0.038892870406],
      [0.22724925338, 0.0047046231739, 0.18815481695, 0.043783720765, 0.41411955374, 0.12198803198]
    ],
    [
      [0.03318049648, 0.013443141564, 0.0247950548, 0.70761348434, 6.6802439918e-05, 0.22090102037],
      [0.025764418491, 0.014188506023, 0.096058252852, 0.064817910668, 0.78858717295, 0.010583739022],
      [0.39271287837, 0.071154407279, 0.012995767356, 0.44495644706, 0.018644768853, 0.059535731082],
      [0.011661189158, 0.14896884901, 0.70757479029, 0.07582404303, 0.014406882859, 0.04156424565],
      [0.018018109822, 0.052205222042, 0.003654035746, 0.89201427393, 0.0088084512561, 0.025299907201],
      [0.1426152084, 0.016731319317, 0.30874472473, 0.094806058443, 0.23270705591, 0.2043956332]
    ],
    [
      [0.021455401934, 0.013185474622, 0.017199141529, 0.71137738424, 0, 0.23678259767],
      [0.025722975514, 0.021448348373, 0.10277899308, 0.10059208629, 0.73203513913, 0.017422457614],
      [0.29713038234, 0.081650611431, 0.010592430403, 0.52317454006, 0.012956086588, 0.074495949184],
      [0.0097500659222, 0.18864183385, 0.63472135704, 0.098809401701, 0.010847504565, 0.057229836925],
      [0.011589386832, 0.050848474085, 0.0044903319399, 0.90393621967, 0.0029767044143, 0.026158883054],
      [0.11883527922, 0.021118381867, 0.2755475983, 0.12272539278, 0.17972692898, 0.28204641886]
    ],
    [
      [0.022965755791, 0.010222117897, 0.026472998178, 0.71451453446, 6.6988767717e-06, 0.2258178948],
      [0.020944106207, 0.012688637051, 0.12081527271, 0.076943550924, 0.75592036425, 0.012688068858],
      [0.31425368396, 0.062662410603, 0.015948455678, 0.51943288537, 0.01740618679, 0.070296377602],
      [0.0079690032221, 0.11191034865, 0.75097224606, 0.075940754755, 0.011357904224, 0.04184974309],
      [0.012559317533, 0.039605743878, 0.0030809615696, 0.9124458531, 0.0061407602875, 0.026167363627],
      [0.1054215515, 0.01362282733, 0.35385098031, 0.10230382618, 0.20168354698, 0.22311726769]
    ],
    [
      [0.027280417914, 0.011789700488, 0.033232766337, 0.67165991735, 0.00012435593631, 0.25591284198],
      [0.01575073601, 0.0092514397327, 0.095989668169, 0.045716548074, 0.8242189894, 0.0090726186123],
      [0.35113133911, 0.067721252315, 0.018803806803, 0.45923729236, 0.028276077265, 0.074830232152],
      [0.0079318115665, 0.10592352804, 0.77262327431, 0.058313570397, 0.016453511468, 0.038754304226],
      [0.015958495567, 0.048543881917, 0.0034716381271, 0.88854516648, 0.013369979753, 0.030110838159],
      [0.097684899871, 0.012242814109, 0.3465252943, 0.075026349338, 0.27118223281, 0.19733840958]
    ],
    [
      [0.022655470883, 0.0087737652012, 0.014355054113, 0.74376373711, 8.7184798263e-05, 0.21036478789],
      [0.018386666929, 0.0096309188802, 0.05831605178, 0.071301219248, 0.83186913571, 0.010496007456],
      [0.31014045431, 0.053932539236, 0.0086768461037, 0.54035859017, 0.021503127108, 0.065388443064],
      [0.012234241908, 0.14983295594, 0.63287635176, 0.12249678989, 0.022146146272, 0.060413514226],
      [0.012131421812, 0.030612252092, 0.0023090670441, 0.9225138933, 0.0092303555939, 0.023203010155],
      [0.1195125765, 0.013454886133, 0.21994172097, 0.12225570439, 0.28597902186, 0.23885609015]
    ],
    [
      [0.031546571854, 0.0097965062067, 0.0091173349901, 0.76471272903, 1.2435286711e-05, 0.18481442264],
      [0.22561887549, 0.028413674256, 0.11061466799, 0.17442281915, 0.43818802552, 0.022741937589],
      [0.49205019177, 0.046171630554, 0.0043961488484, 0.41444819803, 0.0023925953466, 0.040541235454],
      [0.021517057196, 0.20068398503, 0.59729881949, 0.12343252664, 0, 0.057067611642],
      [0.011955168012, 0.043991442413, 0.0053370537605, 0.91105620097, 0, 0.027660134848],
      [0.25578605624, 0.020247763053, 0.2085800023, 0.15391192266, 0.060615676804, 0.30085857894]
    ],
    [
      [0.10440020048, 0.056979199399, 0.012190505529, 0.77026594731, 2.4924607898e-05, 0.056139222678],
      [0.12155192932, 0.084972472429, 0.077873574087, 0.098322204279, 0.61727981988, 0],
      [0.6872015847, 0.11559664144, 0.0050156706818, 0.18973700936, 0.002449093825, 0],
      [0.031475681016, 0.53611295856, 0.35233459121, 0.07611629148, 0.0039604777289, 0],
      [0.020050920568, 0.094918543551, 0.036230411112, 0.84678255046, 0.0020175743126, 0],
      [0.56761609468, 0.065945520693, 0.17683166878, 0.10396225539, 0.085644460457, 0]
    ],
    [
      [1.0603991252e-05, 0.00048689579376, 0.00021901430087, 0.00090458266258, 1.8595054018e-07, 0.9983787173],
      [0, 0, 0, 0.0020938283244, 0.9876000102, 0.010306161477],
      [0, 0.58501422672, 0.012595884953, 0.1800589246, 0.0049437883151, 0.21738717542],
      [0, 0.01243379297, 0.94034823969, 0.033661111082, 0.00064786371792, 0.012908992543],
      [0, 0.23375866339, 0.0078426458931, 0.63069768933, 0.0011347229614, 0.12656627843],
      [0.003296164688, 0.68157058039, 0.19729844949, 0.09264762594, 0.0011049698514, 0.024082209643]
    ],
    [
      [0.027013479457, 0.013405367643, 0.035395550052, 0.7236061495, 9.5030010234e-05, 0.20048442334],
      [0.01723495541, 0.011655235609, 0.11330621572, 0.054042171584, 0.79585812477, 0.0079032969132],
      [0.34202139321, 0.075120186387, 0.019506589592, 0.48236817917, 0.023784340538, 0.057199311106],
      [0.0074269685788, 0.11324781852, 0.77905124839, 0.058188930104, 0.013270686914, 0.028814347496],
      [0.015016981316, 0.052394917709, 0.002770203156, 0.89611637882, 0.010670960601, 0.023030558399],
      [0.10173358931, 0.014655447462, 0.39001542807, 0.084464655576, 0.24677551377, 0.16235536582]
    ],
    [
      [0.037915370293, 0.017952331161, 0.022725485628, 0.71974432034, 0.00012749120046, 0.20153500137],
      [0.02102278573, 0.013409652287, 0.063236751186, 0.047078530584, 0.84834848497, 0.0069037952396],
      [0.41360895514, 0.087023747392, 0.010947263072, 0.41375375205, 0.025092137079, 0.049574145261],
      [0.01326071666, 0.19821457788, 0.65288575044, 0.076746680788, 0.021242775611, 0.037649498613],
      [0.01994527656, 0.06385855288, 0.0040530407856, 0.87592471468, 0.013410474741, 0.022807940356],
      [0.14866132784, 0.020330028077, 0.25926774262, 0.087710121342, 0.3143529503, 0.16967782982]
    ],
    [
      [0.02676646382, 0.0123712456, 0.039536946763, 0.71041786635, 0.00011769939155, 0.21078977808],
      [0.014161441695, 0.0088833126343, 0.1045850235, 0.044128405508, 0.82133819753, 0.0069036191351],
      [0.34001469224, 0.069898630941, 0.022011076392, 0.47713883444, 0.030323334019, 0.060613431968],
      [0.0067266688504, 0.096601969037, 0.799753419, 0.053330824369, 0.015548797039, 0.028038321701],
      [0.014838146741, 0.048322228625, 0.0041637849719, 0.89456544449, 0.013718132504, 0.02439226267],
      [0.090578477242, 0.012128854129, 0.38954684499, 0.074783659119, 0.27956229065, 0.15339987387]
    ],
    [
      [0.027991249739, 0.017284737292, 0.036605343718, 0.73248292215, 0.00012084684731, 0.18551490026],
      [0.014940701606, 0.012492354822, 0.09766831058, 0.046156304745, 0.82266742532, 0.0060749029309],
      [0.33775197645, 0.093327214615, 0.019475312654, 0.46973523472, 0.028781417324, 0.050928844245],
      [0.0071902463671, 0.13813202728, 0.75682418644, 0.057001400734, 0.015843059856, 0.025009079317],
      [0.014876022304, 0.063558198777, 0.0040787284376, 0.88458871693, 0.013183885672, 0.019714447877],
      [0.098403205644, 0.017610135291, 0.37446089487, 0.080365344445, 0.28873040247, 0.14043001728]
    ],
    [
      [0.04141798718, 0.018338265889, 0.040088609017, 0.70999916676, 0.00013368936903, 0.19002228178],
      [0.015108187305, 0.0089887144593, 0.073312803745, 0.030839119832, 0.86753446844, 0.0042167062207],
      [0.42725570981, 0.084357320904, 0.018204054393, 0.38816039676, 0.037610225862, 0.044412292267],
      [0.0096097435413, 0.13408103483, 0.76000428984, 0.051020634453, 0.021886055239, 0.023398242103],
      [0.021740709546, 0.067907781438, 0.0047063336371, 0.86663951051, 0.018776638536, 0.020229026329],
      [0.11734624186, 0.015021991808, 0.33058992335, 0.062805518109, 0.35850758732, 0.11572873755]
    ],
    [
      [0.012864156697, 0.0063357309916, 0.022459354786, 0.63300771525, 0.00010344433292, 0.32522959794],
      [0.010358411896, 0.0068810539838, 0.094601391552, 0.058883568546, 0.81446049002, 0.014815083999],
      [0.229326394, 0.049243684476, 0.016617924232, 0.56404704725, 0.021320099074, 0.11944485097],
      [0.0047216663903, 0.077980508248, 0.77265936223, 0.070949531167, 0.012811112712, 0.06087781925],
      [0.0077084064962, 0.026699117027, 0.0036224404731, 0.9167128588, 0.0086034589707, 0.036653718233],
      [0.059206208648, 0.0085961354465, 0.31577743146, 0.088103391207, 0.21165210202, 0.31666473122]
    ],
    [
      [0.03377112655, 0.01268777357, 0.018564731492, 0.74819143137, 7.8408761713e-05, 0.18670652825],
      [0.026216646643, 0.013385710168, 0.072302979641, 0.068470424848, 0.81070460779, 0.0089196309111],
      [0.39469804333, 0.065991077987, 0.0095302142492, 0.46201398388, 0.01842323517, 0.049343445383],
      [0.014525059748, 0.17166910084, 0.6557046725, 0.097670809477, 0.01774451494, 0.042685842494],
      [0.017824465605, 0.047124706272, 0.0023871208608, 0.90359610969, 0.0086932992934, 0.020374298276],
      [0.16104096552, 0.017508130807, 0.25788636478, 0.11095313058, 0.26121244921, 0.1913989591]
    ],
    [
      [0.16077011449, 0.014596493822, 0.011244932893, 0.71196638098, 0.00020253956661, 0.10121953825],
      [0.2907678416, 0.040799053106, 0.047521572261, 0.13785664946, 0.47149102996, 0.011563853614],
      [0.85147421985, 0.018279729367, 0.0099122974403, 0.11054406061, 0.00068765960461, 0.0091020331356],
      [0.068155130638, 0.42786560869, 0.31764803195, 0.1447776772, 0.0033661209, 0.038187430612],
      [0.0033231987167, 0.050402139625, 0.03800229021, 0.88329797346, 0.0018810522919, 0.0230933457],
      [0.76827753632, 0.017997108742, 0.044121401804, 0.072074400383, 0.016084146347, 0.081445406405]
    ],
    [
      [0.035293534229, 0.016027795792, 0.057008259827, 0.70413229061, 0.00014166832168, 0.18739645122],
      [0.016614811025, 0.010248315724, 0.13433603119, 0.038344900791, 0.79526889798, 0.0051870432846],
      [0.40138215759, 0.079775060037, 0.028091598163, 0.41537968543, 0.028284776284, 0.047086722489],
      [0.0068643594984, 0.090584125726, 0.83727628691, 0.036281463391, 0.012314445452, 0.016679319022],
      [0.019844813496, 0.062113031999, 0.0079027784323, 0.87576273479, 0.014877946192, 0.019498695086],
      [0.099023669747, 0.013046603728, 0.46737950244, 0.060921920303, 0.24709027124, 0.11253803254]
    ],
    [
      [0.028247299745, 0.016556579585, 0.058714280818, 0.68672274236, 0.00014174867099, 0.20961734882],
      [0.013034516974, 0.010328290712, 0.13592574639, 0.037073519683, 0.7977174848, 0.0059204414332],
      [0.34633425529, 0.089936390284, 0.031429173805, 0.4426654607, 0.031925556897, 0.057709163025],
      [0.0050133372303, 0.090289636316, 0.83767296534, 0.035663510922, 0.012093937659, 0.019266612528],
      [0.015974187037, 0.064863234305, 0.0069780939627, 0.87253470395, 0.015734712437, 0.023915068307],
      [0.077910413501, 0.013228208243, 0.47492857279, 0.058784704382, 0.25103398613, 0.12411411495]
    ],
    [
      [0.020924930733, 0.012344415341, 0.075736906226, 0.63619267704, 0.00021124770862, 0.25458982295],
      [0.0069225434733, 0.0048841477877, 0.13327929087, 0.025636127041, 0.82386718451, 0.005410706317],
      [0.28863756289, 0.076388736765, 0.046309783812, 0.46064130862, 0.049313024415, 0.078709583501],
      [0.00096178284778, 0.051482167603, 0.88872699899, 0.025433623955, 0.014220858242, 0.019174568366],
      [0.0098787066731, 0.04653564207, 0.020379151995, 0.86897240011, 0.023173648069, 0.031060451088],
      [0.047093762891, 0.0075922678353, 0.49625860923, 0.044296421237, 0.28161011326, 0.12314882555]
    ],
    [
      [0.021617113048, 0.014936041925, 0.043642062493, 0.64348546731, 0.00010026861763, 0.2762190466],
      [0.0083344475814, 0.0079529123535, 0.085383200387, 0.02984479437, 0.86185715732, 0.0066274879912],
      [0.29268067502, 0.089955186783, 0.025957477097, 0.46096804704, 0.045813694026, 0.084624920032],
      [0.0040824627097, 0.10527451584, 0.79382310629, 0.044745458653, 0.019243744685, 0.032830711821],
      [0.011150260248, 0.062403361796, 0.0060268462004, 0.86772796894, 0.019425079102, 0.033266483716],
      [0.061881115463, 0.012391403436, 0.36262617559, 0.057499587562, 0.33570384822, 0.16989786973]
    ],
    [
      [0.028102000912, 0.010274800272, 0.031965945684, 0.69390855158, 0.00011265410933, 0.23563604744],
      [0.011872952903, 0.0058124771379, 0.067361272871, 0.034710733587, 0.87408927796, 0.0061532855415],
      [0.35246410261, 0.057851223389, 0.017713546842, 0.46389673135, 0.04055368398, 0.067520711833],
      [0.0084408465327, 0.095963857224, 0.77006638664, 0.063381213357, 0.024689139895, 0.037458556349],
      [0.016003470464, 0.039703904921, 0.0037309089904, 0.89537810565, 0.017464348931, 0.027719261048],
      [0.091383926726, 0.0096760424704, 0.30188425002, 0.070572844966, 0.36140540128, 0.16507753453]
    ],
    [
      [0.03564820624, 0.013254731094, 0.040886751996, 0.67703244589, 5.2761409421e-05, 0.23312510337],
      [0.025056812379, 0.01266653465, 0.14356907345, 0.056158107943, 0.752416034, 0.010133437576],
      [0.4132510086, 0.068533193242, 0.020850940635, 0.41660839712, 0.019262931904, 0.0614935285],
      [0.0085774915479, 0.10065086872, 0.80048093884, 0.049808005141, 0.010233114198, 0.030249581545],
      [0.020116816915, 0.053799302944, 0.0045959386948, 0.8842725073, 0.0092859250982, 0.027929509047],
      [0.12438487817, 0.01340277219, 0.41405859293, 0.073668692799, 0.19941614028, 0.17506892362]
    ],
    [
      [0.031554606241, 0.012651530763, 0.045640964147, 0.72635999782, 0, 0.18379290103],
      [0.025199329081, 0.013694964531, 0.18172117508, 0.068351821176, 0.70204391532, 0.0089887948093],
      [0.37865159134, 0.067883413142, 0.024183513744, 0.46290380659, 0.016237503682, 0.050140171508],
      [0.0074116619512, 0.088636967233, 0.82542683828, 0.049864312215, 0.0070901586227, 0.021570061696],
      [0.017638684751, 0.048287265861, 0.0056602976065, 0.90218635752, 0.006154859372, 0.020072534891],
      [0.11395120629, 0.013235828821, 0.47855550834, 0.081832320303, 0.16952917431, 0.14289596194]
    ],
    [
      [0.023364652593, 0.011929445313, 0.039510898156, 0.68202140255, 0.0001021551421, 0.24307144625],
      [0.014577155359, 0.010107704448, 0.12339433132, 0.050317838863, 0.79220680585, 0.0093961641567],
      [0.31496621816, 0.071909636723, 0.02347295121, 0.48844940728, 0.02660930999, 0.074592476636],
      [0.0055591728833, 0.09391486669, 0.8026444705, 0.052183476922, 0.013010605992, 0.032687407013],
      [0.012839189437, 0.048033551245, 0.0047701038234, 0.89355046372, 0.01182817533, 0.028978516448],
      [0.082620113682, 0.012203853045, 0.40538684809, 0.075212065505, 0.23951227897, 0.1850648407]
    ],
    [
      [0.022356708912, 0.013434131815, 0.050506179634, 0.66593384995, 0.00014748142283, 0.24762164827],
      [0.010243544597, 0.0084014758881, 0.11684481327, 0.035942249031, 0.82150483791, 0.0070630793014],
      [0.30329894953, 0.080694564317, 0.029940704636, 0.47458829629, 0.036127112377, 0.075350372855],
      [0.0039874667896, 0.084876605823, 0.83037695936, 0.039654903047, 0.014346039669, 0.026758025307],
      [0.011956695893, 0.054770477947, 0.0069777043966, 0.87968815421, 0.016497965199, 0.030109002354],
      [0.065577812525, 0.011419959577, 0.43276369646, 0.060534057719, 0.27372910982, 0.1559753639]
    ],
    [
      [0.023798502928, 0.012436964237, 0.028210684493, 0.721788137, 5.2718324316e-05, 0.21371299302],
      [0.018446999414, 0.01309153402, 0.10944850163, 0.066013091657, 0.7827822466, 0.010217626673],
      [0.31594444114, 0.073635327844, 0.016474039584, 0.50876522398, 0.020647493007, 0.064533474445],
      [0.0076805432758, 0.12641562465, 0.74475108281, 0.071160165313, 0.013056667813, 0.036935916142],
      [0.012733014387, 0.048445360434, 0.0029747923001, 0.90299301311, 0.0083825117121, 0.024471308061],
      [0.10275127951, 0.015537762573, 0.35457702853, 0.09714327203, 0.23144770416, 0.1985429532]
    ],
    [
      [0, 0, 0.93112624955, 0.052856416802, 0, 0.016017333649],
      [0, 3.232280894e-79, 1, 7.6782383559e-78, 8.3207498769e-100, 4.6520529967e-97],
      [0.0010031305861, 0.0052555103263, 0.81762278439, 0.15733690647, 0.0002926024499, 0.018489065776],
      [0, 1.2519352528e-96, 1, 1.6397063182e-84, 1.8632344173e-88, 1.5137394398e-84],
      [0, 0, 0.0036249342343, 0.94458650438, 0, 0.051788561387],
      [0, 7.4460910508e-74, 1, 4.7647856896e-72, 1.374887849e-30, 2.9429681198e-120]
    ],
    [
      [0, 0.057693863333, 0.012509073929, 0.63615646536, 0, 0.29364059737],
      [0, 0.66555418246, 0.14485621562, 0.15607184197, 0, 0.033517759954],
      [0, 0.43005103834, 0.0092482366322, 0.47539898547, 0, 0.085301739549],
      [0, 0.51197153439, 0.38288115406, 0.064676919937, 0, 0.040470391611],
      [0, 0.081076470615, 0.022968850724, 0.85415178186, 0, 0.0418028968],
      [0.03952193845, 0.10286841877, 0.28025019096, 0.12199748455, 0.03717899634, 0.41818297093]
    ],
    [
      [0.028458841823, 0.011757981153, 0.027259438125, 0.68296091682, 8.4010246318e-05, 0.24947881183],
      [0.020779596069, 0.011670196495, 0.10028745956, 0.058551075206, 0.79758430455, 0.01112736812],
      [0.36672015612, 0.066559645894, 0.015191034616, 0.45969463295, 0.020348824739, 0.071485705683],
      [0.00952612481, 0.12179186228, 0.74409215134, 0.067440289559, 0.013797505715, 0.043352066297],
      [0.016963011843, 0.048574472167, 0.0024976648706, 0.89281074011, 0.009698255686, 0.029455855326],
      [0.11747025945, 0.014026618565, 0.32998312149, 0.087283387677, 0.23044797478, 0.22078863803]
    ],
    [
      [0.014876709091, 0.047363011255, 0.012056315017, 0.80127609213, 4.4855208016e-05, 0.12438301729],
      [0.010918500783, 0.032550414096, 0.048959814638, 0.059770348696, 0.84164288659, 0.0061580351927],
      [0.20189604299, 0.25616227327, 0.0086392543426, 0.48967534406, 0.011377689244, 0.032249396097],
      [0.0068761565254, 0.49135568606, 0.39798130619, 0.073517108697, 0.0082487037092, 0.022021038819],
      [0.016125384653, 0.071854602201, 0.03066679696, 0.85325927797, 0.0054404901469, 0.022653448071],
      [0.09605931501, 0.082314751505, 0.25263618312, 0.14197727776, 0.25312229194, 0.17389018066]
    ],
    [
      [0.042056725787, 0.01203887433, 0.035267843147, 0.68088010737, 0.00012348897099, 0.22963296039],
      [0.017900208392, 0.0069876025418, 0.075308440983, 0.034613542141, 0.85908853043, 0.0061016755074],
      [0.44863299977, 0.057544082633, 0.016629840885, 0.38739556389, 0.033742244259, 0.056055268564],
      [0.011084314077, 0.10266661201, 0.7736998661, 0.057051298654, 0.022044033293, 0.033453875866],
      [0.022420339317, 0.048023847998, 0.0040742905161, 0.88084000918, 0.017503895685, 0.027137617306],
      [0.12873970309, 0.010672869609, 0.31280425054, 0.065252773709, 0.33108329625, 0.15144710681]
    ],
    [
      [0.026092458414, 0.011762174398, 0.034583239911, 0.71107779972, 6.2478191413e-05, 0.21642184937],
      [0.01906784295, 0.011690995625, 0.12706436012, 0.060322412863, 0.77211163681, 0.0097427516402],
      [0.34444952309, 0.067554108585, 0.019561644375, 0.48538376357, 0.020106184516, 0.062944775862],
      [0.0076282042513, 0.10221542643, 0.7891348515, 0.057931883513, 0.011072107304, 0.032017527002],
      [0.015498761987, 0.047193225313, 0.0022148670294, 0.90047183397, 0.0085792643451, 0.02604204736],
      [0.10293352643, 0.013436194556, 0.40056472887, 0.086197695793, 0.21404788546, 0.18281996889]
    ],
    [
      [0.025973316228, 0.01750769318, 0.040621529149, 0.71613304577, 0, 0.19976441567],
      [0.023543580331, 0.021524701817, 0.1834811324, 0.076613427809, 0.68367677783, 0.011160379809],
      [0.32721667932, 0.098761512813, 0.022551225131, 0.4794743336, 0.014664953942, 0.057331295194],
      [0.0062570612736, 0.13016762678, 0.77913911194, 0.052781873486, 0.0063183472546, 0.025335979262],
      [0.014199257734, 0.065937353368, 0.0047863768878, 0.88836904734, 0.0041447908945, 0.022563173774],
      [0.10209540375, 0.0199371644, 0.46287953141, 0.087815326852, 0.15839561602, 0.16887695758]
    ],
    [
      [0.011419062897, 0.022472065709, 0.014683176788, 0.78560534105, 1.9996680129e-05, 0.16580035688],
      [0.011992114335, 0.032774559666, 0.074468821579, 0.096028407336, 0.77421313979, 0.010522957291],
      [0.17017195314, 0.15113364242, 0.0091360657241, 0.60149267035, 0.014083393933, 0.053982274436],
      [0.003545925749, 0.31687434705, 0.52285601545, 0.10695688578, 0.010846267836, 0.038920558129],
      [0.0013934282923, 0.056169814437, 0.01937152683, 0.90004249407, 0.0041938286559, 0.018828907709],
      [0.075080345002, 0.043667806308, 0.2678548551, 0.15619551802, 0.22622047927, 0.2309809963]
    ]
  ],
  "expected_outcome": [
    [
      [0.2568575248, 0.18424216181, 1.6922053205, 0.68657286188, 1.102356278, 1.1730579703, 0.56638677208, 0, 0, 0, 0.43221567131, 0.5308151841, 0.56209574022, 0.8677287419, 0.99403169232, 0.090049096882, 1.046904923, 0.48231034347, 0.2470547396, 0.28247299745, 0.27202409953, 0.67013050449, 1.3769980447, 1.7111138995, 1.3252934621, 0.79439818817, 0.26828050695, 1.2851191581, 0, 0, 0.31304726005, 0, 3.4486515145, 0.20873966731, 1.3765857601, 0.079933440279],
      [0.048874705673, 0.013834404626, 0.68560021978, 0.42193518791, 0.49066165907, 0.50695712098, 0.21934413003, 0, 0, 0, 0.21448588229, 0.25133263626, 0.2597961576, 0.53582685606, 0.44011838134, 0.044350116941, 0.39332098067, 0.043789481466, 0.11219457054, 0.16556579585, 0.16047739944, 0.46301729967, 0.50346521334, 0.63622709253, 0.53136429204, 0.40560114063, 0.16120958178, 0.67159606882, 0, 0.057693863333, 0.12933779268, 0, 0.98718769508, 0.094097395187, 0.92790773855, 0.15730445997],
      [0.14778417664, 0.050191645874, 1.2645477948, 0.55037252892, 1.2707039125, 1.4290089525, 0.35887635283, 0, 0, 0, 0.56632880083, 0.31815679879, 0.83027588203, 1.1347656553, 0.9621266164, 0.1572154835, 0.57550667626, 0.033734798679, 0.39905781879, 0.58714280818, 0.98457978094, 1.3529039373, 1.5663313385, 1.9625640958, 1.9169204942, 1.3433705373, 0.60607415561, 1.5233769626, 0.93112624955, 0.012509073929, 0.29985381938, 0, 2.891963138, 0.27666591928, 2.1529410449, 0.10278223752],
      [3.8029310536, 1.2357287596, 36.0882877015, 22.7640762957, 34.2966976539, 28.881376446, 18.5940934278, 0, 0, 0, 11.577698392, 10.0764204848, 14.9187751933, 22.7069705865, 17.0399800023, 4.4310540068, 23.1939343726, 2.1358991429, 4.9289260343, 6.8672274236, 8.2705048015, 19.9480494867, 34.0015190273, 32.4975574029, 30.5071199086, 23.1887276867, 7.9912061993, 38.9765593978, 0.052856416802, 0.63615646536, 7.5125700851, 0, 55.8321688044, 5.6886223977, 37.9550514259, 5.4992373873],
      [0.00096352320941, 0.00065089442051, 0.0034069244358, 0, 0.00032154608504, 0.0053473052611, 0.0021796199566, 0, 0, 0, 0.0015204801637, 0.0017848768064, 0.0024716872225, 0.0037462522667, 0.0032085448567, 0.00072411033047, 0.0024306716131, 0.00060761869983, 0.00099167825173, 0.0014174867099, 0.0027462202121, 0.0031083271466, 0.0055200513573, 0.0025325476522, 0, 0.0034732748313, 0.0017697770739, 0.0028467895131, 0, 0, 0.0009241127095, 0, 0.010126095621, 0.00049982553131, 0, 0.0001399767609],
      [0.74258901608, 0.51535213365, 11.265952039, 7.5770431256, 10.8392589505, 11.004252205, 5.2591196973, 0, 0, 0, 3.2077507734, 2.8214900192, 4.4265853396, 5.750961908, 4.5605347628, 2.2766071856, 5.7879023758, 0.30365861475, 1.3117751585, 2.0961734882, 3.3096676983, 8.5627904447, 11.5461663248, 11.1900049616, 7.7193018431, 8.2644291724, 2.9714597792, 11.5405016232, 0.016017333649, 0.29364059737, 2.7442669301, 0, 18.8299027524, 1.731374795, 10.5875140306, 1.1606024981]
    ],
    [
      [0.085252704446, 0.032603663494, 1.0821055766, 1.2604258002, 0.67021139861, 0.51977428834, 0.71708001023, 0.45123775099, 0.12155192932, 0, 0.51704866229, 0.56761521471, 0.96297803525, 0.76197578193, 1.1028976733, 0.093225707066, 0.68163281271, 0.58153568321, 0.49844433076, 0.46924261107, 0.33920463019, 0.51673575005, 1.3060248194, 1.6036359923, 1.6127570612, 1.1661724287, 0.28681924872, 0.71943297715, 0, 0, 0.24935515283, 0.032755502349, 4.9225573078, 0.36228901605, 1.5067891412, 0.035976343005],
      [0.022106672606, 0.0034499103389, 0.59591725295, 1.0509690703, 0.40603638564, 0.30529751118, 0.37560583633, 0.056827348512, 0.084972472429, 0, 0.34965706826, 0.36206061174, 0.60406525913, 0.63711009594, 0.65617615553, 0.061929485854, 0.34802846437, 0.081598106213, 0.30744947172, 0.37181846564, 0.2393232416, 0.49308056591, 0.63937248517, 0.81065821759, 0.87647773, 0.80861635587, 0.23524132487, 0.51056982677, 0, 0.66555418246, 0.14004235794, 0.097651242287, 1.921590699, 0.22212891687, 1.3775809163, 0.098323678999],
      [0.25077243586, 0.049758700366, 4.0344466198, 5.036170661, 3.8660887269, 3.1676590496, 2.2743260194, 0.22122933598, 0.077873574087, 0, 3.3991864715, 1.707392282, 7.1117815981, 4.9810838396, 5.3518346734, 0.85141252397, 1.8798774707, 0.095043144522, 4.0300809358, 4.8933268702, 6.5306852527, 5.293758424, 7.4097400158, 9.1884207007, 11.6301552051, 9.8715465057, 3.2716547717, 4.2684915637, 0, 0.14485621562, 1.2034495147, 0.14687944391, 20.7098212704, 2.4142228422, 11.7427924738, 0.22340646474],
      [0.14807094196, 0.026897572718, 2.722352248, 4.929012228, 2.4621936296, 1.5086460864, 2.7807475507, 0.3488456383, 0.098322204279, 0.0020938283244, 1.6212651475, 1.2711203258, 3.0007315745, 2.353971542, 2.2512557477, 0.52995211692, 1.7802310461, 0.27571329892, 1.1503470237, 1.3346467086, 1.256170225, 1.850377251, 3.8181806945, 3.5941189083, 4.3745165552, 4.0254271091, 1.0063829729, 2.5745105746, 0, 0.15607184197, 0.70261290247, 0.17931104609, 9.5187240887, 1.1461258444, 4.9032593798, 0.28808522201],
      [3.4788262406, 1.8811761984, 33.1206612637, 35.8697218174, 24.1894516559, 27.1992266503, 32.4428962926, 0.87637605105, 0.61727981988, 0.9876000102, 23.875743743, 22.9054090943, 55.8509974318, 41.9560386911, 63.330016196, 7.3301444102, 21.0783198025, 0.94298205991, 23.8580669394, 28.7178294529, 40.369492041, 53.4351437536, 96.1498205755, 48.1546261763, 44.9308105807, 63.3765444681, 23.0021354614, 30.5285076175, 0, 0, 9.5710116546, 2.5249286598, 236.2493458696, 14.6701210993, 43.7553137812, 2.3226394194],
      [0.014971004512, 0.0061139546887, 0.44451703891, 0.85370042309, 0.40601820344, 0.29939641421, 0.40934429078, 0.045483875179, 0, 0.010306161477, 0.2370989074, 0.18640247147, 0.46944610119, 0.30982004948, 0.30781955411, 0.13333575599, 0.23191040369, 0.023127707229, 0.15561129854, 0.2131358916, 0.26512460953, 0.41090425546, 0.67686140957, 0.64854000487, 0.57528286779, 0.75169313253, 0.19776622044, 0.39848744025, 0, 0.033517759954, 0.13352841744, 0.018474105578, 1.6779607645, 0.18511228116, 0.71426430778, 0.031568871872]
    ],
    [
      [9.6662342097, 3.6195431801, 38.0931492018, 19.9077356165, 20.7407431416, 31.6018205196, 17.3678654415, 0.49205019177, 2.0616047541, 0, 11.9707487623, 19.0260119366, 11.5604995362, 27.3579100922, 31.6169225262, 0.917305576, 20.9189962966, 3.4058968794, 8.4290253095, 10.3900276587, 8.6591268867, 14.3413530761, 43.7055487236, 30.5805746361, 32.564036855, 22.6775677076, 8.4923705868, 18.324777586, 0, 0, 8.4345635908, 0.40379208598, 88.3807009547, 3.788944754, 28.4678511005, 0.34034390627],
      [0.78402644519, 0.091981743539, 6.9019775061, 5.4705909659, 4.1357190998, 6.0949127083, 3.0202221972, 0.046171630554, 0.34678992431, 0.58501422672, 2.6292065236, 4.00309238, 2.376553452, 7.5595043838, 6.2424417469, 0.1969747379, 3.4975271333, 0.073118917469, 1.6752762608, 2.6980917085, 2.291662103, 4.4078041524, 7.1735517003, 5.0714562999, 5.8379735302, 5.1774938441, 2.2594478009, 4.2708490149, 0, 1.7202041534, 1.5308718556, 0.51232454654, 11.3361842786, 0.74309519443, 8.5922516147, 0.30226728484],
      [0.2316955567, 0.032125511938, 1.2605894335, 0.70969283701, 1.0525980747, 1.6923426123, 0.4859033818, 0.0043961488484, 0.015047012045, 0.012595884953, 0.68273063572, 0.50357410132, 0.74837659733, 1.577500325, 1.3471000251, 0.066471696928, 0.50510135521, 0.039649189761, 0.58992356143, 0.94287521415, 1.3892935144, 1.2719163778, 2.1964798085, 1.542969607, 2.0797821819, 1.6900524872, 0.8383397298, 0.95549429586, 0, 0.036992946529, 0.34939379617, 0.017278508685, 3.2760786543, 0.21517808813, 1.9619565864, 0.018272131448],
      [7.2234548834, 0.97095712519, 43.160775365, 35.0526941839, 34.2825704341, 41.3313563122, 30.2600810498, 0.41444819803, 0.56921102807, 0.1800589246, 16.8828862708, 19.0326725944, 16.2227203709, 38.048554012, 28.7238693603, 2.256188189, 24.4867411456, 0.44217624242, 8.7229733941, 13.279963821, 13.8192392586, 22.5874343049, 57.5231946869, 30.829021387, 39.8097273665, 35.1683573241, 13.2884722961, 29.508382991, 0, 1.9015959419, 10.5729765577, 0.97935068811, 76.3169260862, 5.3392213993, 41.7142670236, 1.2029853407],
      [0.49727937721, 0.11979831142, 1.8085425787, 0.86805780142, 1.1488083281, 2.5448469538, 1.2041751181, 0.0023925953466, 0.0073472814749, 0.0049437883151, 0.83245191884, 1.1542383056, 1.0309933566, 2.3312948032, 2.7831567138, 0.085280396295, 0.97643146401, 0.0027506384184, 0.59398030196, 0.95776670692, 1.4793907324, 2.2448710073, 5.0286568135, 1.4254569609, 1.3964253167, 1.9158703193, 1.0115591465, 1.1975545944, 0, 0, 0.46802296899, 0.022755378488, 6.647222119, 0.22116802968, 1.2758509929, 0.028166787866],
      [0.5973095278, 0.16559412784, 5.7749659149, 4.9912285953, 4.6395609217, 6.7347208937, 3.6617528116, 0.040541235454, 0, 0.21738717542, 2.0019758887, 2.280410682, 2.0608566869, 4.1252363838, 3.2865096277, 0.47777940386, 2.6152026053, 0.036408132542, 0.98882117227, 1.7312748907, 2.361287505, 4.1466210816, 8.3725682673, 4.550521109, 4.3120547497, 5.3706583178, 2.1098104399, 3.7429415178, 0, 0.3412069582, 1.6441712307, 0.064498792195, 11.0428879072, 0.69239253448, 4.9878226819, 0.10796454887]
    ],
    [
      [0.61893305345, 0.15029370454, 3.6732745849, 1.6087608772, 1.4503585864, 2.3002253543, 1.6883253833, 0.15061940037, 0.25180544813, 0, 1.0472025696, 1.5117216992, 1.5874938487, 1.9773177509, 1.9603876824, 0.089711661416, 1.4234558553, 0.47708591447, 1.1326193172, 0.65674717717, 0.23467501486, 1.2778108281, 3.2497259151, 3.8684486881, 2.9201948088, 2.8351781705, 0.70179415497, 1.4977059388, 0, 0, 0.8573512329, 0.048133095677, 9.9315454132, 0.70179479112, 2.9470758599, 0.25530665393],
      [3.9559163596, 0.42417453613, 46.9251874376, 31.1259025851, 20.367683454, 30.7178231306, 20.6769479204, 1.4047878952, 4.2889036685, 0.01243379297, 15.9679424108, 22.5964618789, 22.7980646926, 37.9863075029, 27.3525311043, 1.4816296567, 16.8235718825, 2.9950592609, 14.9463807447, 11.8279423575, 12.5616488952, 32.9509234594, 36.9460850311, 45.3935417948, 34.92296509, 47.8965820118, 14.9382826248, 24.6510468066, 0, 3.5838007407, 10.9612676054, 3.4394898024, 91.9892843642, 9.4038192317, 61.3089522144, 22.8149529876],
      [32.5694617022, 5.6267169906, 222.8860589426, 104.7290239113, 136.6769487832, 224.0607495488, 87.3369365425, 4.1810917365, 2.8186767297, 0.94034823969, 109.8462260232, 74.4289755504, 188.741806885, 208.1266512718, 155.0408751272, 14.6805278824, 64.2590579049, 2.2235362237, 138.1505873403, 109.7351584601, 216.8493877527, 248.4666322677, 296.475558857, 361.0169034183, 325.2181742828, 409.3486799548, 146.1463448482, 145.2264611474, 0, 2.6801680784, 66.9682936204, 2.7858691433, 693.2350800223, 72.6004063378, 366.9745217249, 37.6456331124],
      [2.9352010238, 0.34483900749, 23.8845735544, 16.3035512807, 13.8212173654, 16.9109354152, 16.9045570051, 0.86402768646, 0.60893033184, 0.033661111082, 8.2046391447, 8.7491216099, 12.586074551, 15.6753852017, 10.4082094283, 1.3480410922, 9.5717393287, 1.0134437404, 5.9864414595, 4.6719199308, 6.2058042449, 14.0053285584, 24.4017671426, 22.4634103185, 19.6465390127, 26.6135732303, 6.9792629364, 13.8762322361, 0, 0.45273843956, 6.0696260603, 0.51461976088, 51.117963594, 5.3297332832, 24.8602624117, 7.7008957765],
      [0.93723652459, 0.20766752966, 4.5381681007, 1.7898382532, 2.0671385687, 4.7715183257, 3.0561681856, 0, 0.031683821831, 0.00064786371792, 1.8711668548, 2.4216764197, 3.6695161012, 4.3568414603, 4.4647552687, 0.24341114152, 1.7389624641, 0.0235628463, 2.0318834996, 1.5843058333, 3.4698894111, 6.0232920865, 9.5053188597, 4.6151345034, 2.7935224973, 6.6354090561, 2.5249029818, 2.5460502235, 0, 0, 1.2417755144, 0.057740925964, 19.7514538305, 1.0186338719, 2.9759415569, 0.78093128422],
      [0.98325133633, 0.24630823155, 13.0927373799, 9.4429230926, 7.6166532423, 11.2387482256, 8.3370649631, 0.39947328149, 0, 0.012908992543, 4.0628229969, 4.2920428419, 6.6170439215, 6.8774968122, 4.7732413889, 1.1566785658, 4.1832125644, 0.26731201429, 2.7520876386, 2.5239262411, 4.6785946813, 10.2760127998, 14.4215441946, 13.6425612769, 8.4986043084, 16.6705775765, 4.7094124539, 7.2025036477, 0, 0.28329274128, 3.9016859667, 0.15414727174, 29.9746727759, 2.9456124842, 11.9332462323, 2.8022801853]
    ],
    [
      [3.5051682622, 1.7860680367, 17.1892767702, 12.7830936756, 13.4007918079, 10.1815201717, 11.2700908629, 0.39452054441, 0.8621895844, 0, 5.2859774231, 11.6879320642, 9.0661076589, 13.4925522299, 17.2186419608, 0.63208933269, 12.3523546641, 0.053171179468, 4.4055485962, 6.5653908721, 3.082156482, 6.7905084907, 25.0614347471, 19.1512097027, 12.0824990545, 9.5780353199, 3.7424458145, 12.9876746751, 0, 0, 5.9709801689, 0.41926000098, 62.0146585509, 3.3942288751, 17.2095003736, 0.28843965651],
      [5.1416244328, 1.4618547822, 49.803781828, 56.0858669161, 42.2593287183, 30.9709966633, 28.4387821934, 1.4517175996, 4.0814973727, 1.4025519803, 18.4430110336, 37.4211119877, 29.52488169, 57.6472862908, 53.7829628986, 2.1893275963, 32.6574214462, 0.806434234, 13.7890931038, 26.6587892994, 14.5191203257, 38.0036473337, 62.1763151069, 51.2169364028, 33.076777115, 35.8330292284, 17.1431595974, 49.4142676431, 0, 3.9727470601, 17.0982142028, 1.8682196572, 132.8339635638, 10.3353163434, 79.9160722825, 11.6271515886],
      [0.32148001305, 0.053052334242, 3.4859501017, 4.9528361297, 3.2873859948, 2.2149051251, 2.145123284, 0.1761227741, 1.5579076778, 0.047055875359, 0.9751115109, 2.3750819004, 2.5440726178, 3.6994066929, 3.7274162406, 0.2970401188, 1.6542747565, 0.60803664336, 1.754416812, 2.8679966187, 6.3582954226, 3.670349336, 5.842603479, 4.3753336375, 3.8773038604, 3.5584974522, 2.1840214761, 3.0342881461, 0.068873750451, 1.1254736855, 0.87917803445, 0.79733672097, 11.2694875676, 0.48505587944, 5.8010887881, 4.0099060539],
      [132.4983682849, 43.3777938142, 850.9816173323, 997.0416503006, 973.5797252625, 566.8918162121, 857.0154068788, 30.0648546319, 36.4116496696, 3.784186136, 315.4329653445, 513.291882801, 546.579486582, 802.3219662577, 686.3784923275, 75.1704544215, 626.1921040177, 14.1327675753, 194.4193271244, 358.611763324, 271.1193888329, 528.4463330831, 1402.1621134407, 841.8274269513, 617.9976548997, 666.5886459334, 275.3423922678, 921.0528733676, 17.9471435832, 41.8534373112, 314.2693805177, 22.1847412272, 2436.4034653855, 197.2033316385, 1076.7032853776, 186.3087962734],
      [2.4037709488, 1.3765875124, 8.4032624983, 3.283304969, 6.5521912268, 8.5300470823, 8.5750003467, 0, 0.08675569544, 0.0068083377684, 3.7561781314, 7.8585381981, 8.3817789599, 11.9577843042, 14.8710977203, 0.7054836356, 6.0244564104, 0.030096836671, 3.3029040546, 6.4669668115, 7.2301781975, 11.8298731733, 27.3491704255, 8.8402006934, 4.2160786698, 8.8238187959, 5.1638631072, 8.5501619463, 0, 0, 3.4137860015, 0.14145274382, 48.4157754647, 1.8788588916, 5.0234865642, 0.86812253177],
      [2.1295880583, 1.9446435203, 24.1361114696, 28.853248009, 27.9205769897, 19.2107147454, 21.5555964342, 0.91278445, 0, 0.75939767056, 8.1067565565, 13.3654530486, 14.9036724914, 17.8810042245, 16.0213888522, 3.0056048951, 14.1193887051, 0.3694935312, 4.3287103091, 9.8290930743, 9.6908607393, 20.2592885832, 43.4083628008, 26.5888926124, 13.7496864006, 21.6179732701, 9.4241177369, 24.9607342218, 0.98398266635, 2.0483419432, 10.3684610747, 0.58898964984, 75.0626494676, 5.7032083719, 27.346566614, 3.8975838959]
    ],
    [
