{
  "Z_true": {},
  "V_true": [
    [939, 19, 48, 631, 21],
    [39, 1964, 1492, 519, 31],
    [92, 589, 4333, 266, 108],
    [806, 621, 469, 21162, 445],
    [263, 340, 724, 706, 172],
    [60, 195, 214, 499, 307]
  ],
  "p_true": [
    [0.5663, 0.0115, 0.029, 0.3806, 0.0127],
    [0.0096, 0.4855, 0.3689, 0.1283, 0.0077],
    [0.0171, 0.1093, 0.8042, 0.0494, 0.02],
    [0.0343, 0.0264, 0.02, 0.9004, 0.0189],
    [0.1193, 0.1542, 0.3283, 0.3202, 0.078],
    [0.0471, 0.1529, 0.1678, 0.3914, 0.2408]
  ],
  "Z_est": [
    [
      [59.2802, 19.1227, 0.9263, 52.5873, 46.8505, 26.7717, 21.0349, 27.7279, 121.4289, 39.2014, 0, 0.9561, 2.8684, 15.2981, 41.1137, 48.7628, 71.71, 19.453, 60.2364, 78.4029, 7.6491, 13.2429, 21.4315, 0, 0, 12.4297, 49.7189, 87.0081, 32.5085, 32.5085, 44.9382, 362.3743, 48.7628, 86.052, 26],
      [0.9051, 0.292, 1.0151, 0.8029, 0.7154, 0.4088, 0.3212, 0.4234, 1.8541, 0.5986, 0, 0, 0.0438, 0.2336, 0.6278, 0.7446, 1.0949, 2.8739, 0.9197, 1.1971, 0.1168, 1.1442, 0.3212, 0.0146, 0, 0.1898, 0.7591, 1.3285, 0.4964, 0.4964, 0.6862, 5.533, 0.7446, 1.3139, 2.1512],
      [0.3012, 0.0972, 0.0097, 0.2672, 0.238, 0.136, 0.1069, 0.1409, 0.617, 0.1992, 0, 0.0049, 0.0146, 0.0777, 0.2089, 0.2478, 0.3643, 0.1117, 0.3061, 0.3984, 0.0389, 0.0729, 0.1069, 0.7694, 0, 0.0632, 0.2526, 0.4421, 0.1652, 0.1652, 0.2283, 1.8412, 0.2478, 0.4372, 0.1409],
      [0.3958, 0.1277, 0.0128, 0.3511, 0.3128, 0.1788, 0.1404, 0.1851, 0.8108, 0.2617, 0, 0.021, 0.0192, 0.1021, 0.2745, 0.3256, 1.8308, 0.1468, 0.4022, 0.5235, 0.0511, 0.2696, 0.1404, 0.198, 0, 0.083, 0.332, 0.5809, 0.2171, 0.2171, 0.3, 2.4195, 0.3256, 0.5746, 0.1851],
      [1.1176, 0.3605, 0.0361, 0.9914, 0.8833, 0.5047, 0.3966, 0.5228, 2.2893, 0.7391, 0, 0.018, 0.0541, 0.2884, 0.7751, 0.9193, 0, 0.4146, 1.1357, 1.4781, 0.1442, 0.2704, 0, 0.018, 0, 0.2343, 0.9374, 1.6404, 0.6129, 0.6129, 0.8472, 6.8319, 0.9193, 1.6224, 0.5228]
    ],
    [
      [1.994, 0.7869, 0, 1.2966, 0.8316, 2.6653, 10.3916, 1.3055, 0.9747, 1.6735, 0.0715, 0, 0.1038, 0.5991, 1.0462, 0.617, 0.9568, 0, 0.9389, 1.1445, 0.0805, 0, 1.3413, 0, 0, 0.5633, 0.7153, 0.8495, 0.8674, 0.2683, 0, 6.6795, 1.2787, 3.0849, 0],
      [145.4059, 57.3799, 3.3179, 90.4104, 60.6401, 150.6222, 107.5636, 95.5775, 71.0728, 24.0486, 5.2164, 0, 5.8684, 43.8609, 76.2892, 44.9911, 73.8418, 29.7444, 68.4646, 83.4617, 5.8684, 14.345, 96.0632, 1.3041, 1.7076, 41.0788, 52.1635, 61.9442, 63.2483, 19.5613, 58.684, 479.053, 93.2423, 224.9553, 152.5783],
      [67.6333, 26.6894, 1.5164, 30.0115, 28.2058, 70.0596, 55.6143, 44.2801, 33.0584, 24.3618, 2.4263, 0.6066, 2.7296, 20.3203, 35.4847, 20.9269, 25.9201, 13.648, 31.8453, 38.8209, 2.7296, 6.6723, 47.6261, 0.6066, 0, 19.1072, 24.2631, 28.8124, 29.419, 9.0987, 27.296, 234.5805, 43.3702, 104.6345, 70.9695],
      [7.3878, 2.9154, 0.1656, 23.2815, 3.081, 7.6528, 5.9632, 4.8369, 3.6111, 4.3422, 0.265, 1.3882, 0.2982, 2.2197, 3.8761, 2.2859, 6.2814, 1.4908, 3.4786, 4.2405, 0.2982, 0.9256, 4.9694, 0.0663, 0.2924, 2.0871, 2.6503, 3.1473, 3.2135, 0.9939, 3.7864, 24.7475, 5.1088, 11.4296, 10.4522],
      [0.579, 0.2285, 0, 0, 0.2415, 0, 0.4673, 0, 0.283, 4.5739, 0.0208, 0.0052, 0, 0, 0.3038, 0.1791, 0, 0.1168, 0.2726, 0.3323, 0.0234, 0.0571, 0, 0.0231, 0, 0.1636, 0.2077, 0.2467, 0.2518, 0.0779, 0.2337, 1.9395, 0, 0.8957, 0]
    ],
    [
      [11.1937, 5.0304, 0, 6.5712, 4.31, 10.242, 7.0244, 6.2993, 15.0709, 8.8972, 1.3962, 0, 1.2222, 3.8784, 8.1574, 4.6678, 4.5319, 0, 8.2933, 9.8112, 6.2058, 0, 5.4382, 0, 0, 3.7614, 8.0667, 16.1578, 2.6521, 5.5249, 0, 48.2644, 6.9791, 4.2171, 0],
      [4.1742, 1.8759, 0.6979, 2.4505, 1.6393, 5.4096, 2.6194, 4.2443, 3.9057, 0, 0.169, 0, 2.5367, 4.264, 3.0419, 1.7407, 3.2228, 2.2979, 3.0926, 3.7444, 0, 0.5239, 2.028, 0.1352, 0, 2.132, 3.0081, 0, 4.2541, 0.5719, 2.2308, 0, 2.6025, 34.214, 2.197],
      [205.5573, 92.376, 7.4899, 120.6713, 80.7249, 188.0808, 128.9934, 115.678, 253.8258, 119.0069, 7.3792, 3.2913, 6.9641, 87.3827, 149.7988, 69.1371, 83.2216, 45.7719, 152.2955, 253.8258, 25.0994, 25.7684, 101.7053, 6.6577, 0, 69.0739, 148.1344, 216.4237, 92.376, 31.9855, 109.8525, 890.9415, 125.7208, 293.4388, 108.1881],
      [22.2887, 10.0164, 0.8121, 15.3071, 8.8389, 20.3937, 13.9868, 12.543, 27.5224, 12.904, 0.9024, 0.4821, 1.2769, 9.4749, 16.2428, 9.2945, 9.0238, 6.5572, 16.5135, 32.5349, 3.1583, 4.5228, 10.8285, 1.0844, 0, 7.4897, 16.0623, 36.6269, 10.0164, 7.2787, 15.0949, 115.9331, 18.6976, 45.2594, 19.615],
      [3.7861, 1.7014, 0, 0, 1.4869, 1.8739, 2.3759, 0.2354, 4.6752, 2.192, 0.1533, 0.2266, 0, 0, 2.7591, 18.1599, 0, 0.373, 2.8051, 5.0837, 0.5365, 0.1849, 0, 0.1226, 0, 0.5429, 2.7285, 4.7916, 1.7014, 4.639, 4.8219, 9.861, 0, 5.8708, 0]
    ],
    [
      [29.8227, 2.1818, 0, 11.0517, 0, 6.2436, 3.2821, 4.2643, 24.3075, 5.8358, 0.2285, 0, 1.2279, 0, 9.1989, 14.5966, 3.695, 0, 9.5338, 0, 2.5877, 0, 4.4416, 0, 0, 0.6668, 10.0084, 6.2425, 0, 7.001, 0, 36.209, 0.0597, 0, 0],
      [8.155, 7.3299, 0.9611, 0, 12.217, 32.4496, 0, 3.9876, 0, 0, 0.4101, 0, 0.2663, 8.3578, 16.9304, 3.6416, 4.3418, 1.4878, 2.1818, 0, 0, 0.8799, 0, 0, 0.2924, 15.8564, 1.121, 0, 18.7001, 0, 0.5431, 0, 4.0799, 8.1337, 4.8239],
      [64.1318, 8.3089, 1.4352, 0, 0.886, 15.4169, 46.0136, 32.532, 14.3784, 6.7437, 0, 0, 0, 13.4987, 13.777, 0, 0, 1.947, 2.6628, 6.1819, 0, 0, 48.0897, 0.3439, 0, 26.2345, 11.1127, 0, 6.282, 0, 0.3515, 82.2258, 0, 0, 12.2076],
      [679.6226, 437.0274, 17.6037, 1103.9483, 705.9318, 528.8899, 407.5091, 355.216, 956.4788, 436.35, 22.9317, 11.9449, 44.5058, 452.1435, 713.8869, 516.3963, 741.9632, 253.5652, 942.6571, 1301.7857, 108.377, 151.1201, 365.4687, 22.5505, 8.7076, 264.2424, 522.6854, 844.642, 580.067, 242.8467, 839.2307, 5380.5652, 620.8604, 1384.9476, 647.9685],
      [8.268, 2.152, 0, 0, 5.9652, 0, 2.1952, 0, 4.8353, 2.0705, 0.4297, 0.0551, 0, 0, 14.2069, 10.3654, 0, 0, 4.9644, 6.0324, 5.0353, 0, 0, 0.1056, 0, 0, 7.0725, 22.1156, 10.9509, 1.1523, 3.8747, 0, 0, 11.9187, 0]
    ],
    [
      [6.6301, 3.8308, 0.0737, 5.3778, 2.9467, 5.0094, 4.1991, 4.3464, 6.9985, 3.3151, 0.2947, 0.0416, 0.5753, 3.1677, 6.4091, 3.3151, 3.0204, 1.547, 5.8935, 9.5032, 1.468, 0.7367, 1.768, 0, 0, 1.547, 3.3887, 9.5769, 4.9358, 2.6521, 2.0142, 36.9815, 4.7884, 11.3449, 0],
      [13.2051, 7.6296, 0.1467, 10.7108, 5.8689, 9.9772, 8.3632, 8.6567, 13.9387, 6.6025, 0.5869, 0, 0.8803, 6.3091, 12.7649, 6.6025, 6.0156, 3.0812, 11.7378, 18.9273, 1.3971, 1.4672, 3.5214, 0.1467, 0, 3.0812, 6.7493, 9.2047, 9.8304, 5.282, 8.3632, 73.655, 11.8744, 22.5953, 6.0156],
      [49.3759, 28.5283, 0.5486, 40.0494, 21.9449, 37.3063, 31.2714, 32.3687, 52.119, 24.688, 2.1945, 1.0972, 3.2917, 27.7203, 47.7301, 24.688, 22.4935, 11.5211, 43.8897, 70.7722, 7.1321, 5.4862, 15.4718, 0.6223, 0, 11.5211, 25.2366, 71.3208, 36.7576, 19.7504, 31.2714, 275.408, 35.6604, 84.4877, 22.4935],
      [12.1456, 7.0174, 0.135, 12.508, 5.398, 9.1766, 7.6922, 7.9621, 12.8203, 6.0728, 0.5398, 0.6691, 0.8097, 5.8029, 11.7407, 6.0728, 9.4705, 2.834, 10.7961, 17.4086, 1.7544, 1.3495, 3.2388, 0.135, 0, 2.834, 6.2077, 27.4129, 9.0417, 4.8582, 7.6922, 67.7452, 8.7718, 20.7824, 8.6196],
      [8.6433, 4.9939, 0.096, 4.3541, 3.8415, 6.5305, 5.4741, 5.6661, 9.1235, 4.3216, 0.3841, 0.1921, 0.4429, 0, 8.3552, 4.3216, 0, 2.0168, 7.6829, 12.3887, 1.2485, 0.9604, 0, 0.096, 0, 2.0168, 4.4177, 12.4847, 6.4344, 3.4573, 7.659, 48.2103, 3.905, 14.7896, 3.8712]
    ],
    [
      [0.0792, 0.0475, 0, 0.1155, 0.0611, 0.0679, 0.0679, 0.0566, 0.2196, 0.077, 0.0091, 0.0023, 0.0023, 0.0566, 0.0747, 0.0408, 0.086, 0, 0.1041, 0.1381, 0.0091, 0.0204, 0.5794, 0, 0, 0.0317, 0.1019, 0.1653, 0.0362, 0.0453, 0.0475, 0.4913, 0.1313, 0.3011, 0],
      [14.1547, 8.4928, 1.8612, 20.6254, 10.9193, 12.1326, 12.1326, 10.1105, 39.2287, 13.7503, 1.6177, 0, 0.4044, 11.9746, 13.3458, 7.2795, 17.483, 10.5149, 18.6033, 24.6696, 1.6177, 3.6398, 6.0663, 0.3994, 0, 5.6619, 18.1989, 29.5226, 6.4707, 8.0884, 8.4928, 87.759, 23.4563, 53.7878, 14.2339],
      [0.0005, 0.0003, 0, 0.0007, 0.0004, 0.0004, 0.0004, 0.0003, 0.0013, 0.0005, 0.0001, 0, 0, 0.0003, 0.0004, 0.0002, 0.0005, 0.0004, 0.0006, 0.0008, 0.0001, 0.0001, 0.0002, 0.0001, 0, 0.0002, 0.0006, 0.001, 0.0002, 0.0003, 0.0003, 0.0029, 0.0008, 0.0018, 0.0005],
      [3.1596, 1.8958, 0.2708, 4.604, 2.4374, 2.7082, 2.7082, 2.2569, 8.7566, 3.0693, 0.3611, 0.4947, 0.0903, 2.2569, 2.979, 1.6249, 3.4304, 2.406, 4.1526, 5.5067, 0.3611, 0.8125, 1.3541, 1.9658, 0, 1.2638, 4.0623, 6.59, 1.4444, 1.8055, 1.8958, 19.5895, 5.2359, 12.0065, 3.1596],
      [17.606, 10.5636, 0.8679, 25.6545, 13.5818, 15.0909, 15.0909, 12.5757, 48.7938, 17.103, 2.0121, 0.503, 0.503, 10.7116, 16.6, 9.0545, 17, 13.0788, 23.1393, 30.6848, 2.0121, 4.5273, 7, 6.6346, 0, 7.0424, 22.6363, 36.7211, 8.0485, 10.0606, 10.5636, 109.1573, 29.1757, 66.9028, 17.606]
    ]
  ],
  "V_est": [
    [1578.3578, 30.3677, 8.819, 12.3167, 28.1389],
    [43.126, 2603.5747, 1223.3451, 163.2302, 11.724],
    [223.8651, 105.0243, 4416.8383, 558.5839, 83.6884],
    [192.6869, 157.1483, 414.7618, 22614.6375, 123.7656],
    [157.6976, 315.1887, 1216.2186, 317.5155, 198.3797],
    [3.2666, 516.6964, 0.0173, 116.7163, 638.3034]
  ],
  "p_est": [
    [0.952, 0.0183, 0.0053, 0.0074, 0.017],
    [0.0107, 0.6437, 0.3024, 0.0404, 0.0029],
    [0.0415, 0.0195, 0.8198, 0.1037, 0.0155],
    [0.0082, 0.0067, 0.0176, 0.9622, 0.0053],
    [0.0715, 0.1429, 0.5516, 0.144, 0.09],
    [0.0026, 0.4053, 0, 0.0915, 0.5006]
  ],
  "EI_Z": {},
  "EI_V": 11.646,
  "MAE_Z": {},
  "MAE_V": 295.6059,
  "MAE_p": 0.0973,
  "runtime": 0.7961
}
