{
  "Z_true": {},
  "V_true": [
    [9, 555, 42, 1244, 82],
    [133, 864, 134, 16851, 694],
    [348, 135, 7769, 1113, 418],
    [107, 66, 526, 600, 378],
    [503, 21, 272, 324, 49],
    [105, 57, 253, 837, 702]
  ],
  "p_true": [
    [0.0047, 0.2873, 0.0217, 0.6439, 0.0424],
    [0.0071, 0.0463, 0.0072, 0.9023, 0.0372],
    [0.0356, 0.0138, 0.7941, 0.1138, 0.0427],
    [0.0638, 0.0394, 0.3137, 0.3578, 0.2254],
    [0.4303, 0.018, 0.2327, 0.2772, 0.0419],
    [0.0537, 0.0292, 0.1295, 0.4284, 0.3593]
  ],
  "Z_est": [
    [
      [0.2109, 0.3272, 0.1448, 0.2427, 0.7946, 0.1304, 0.2832, 0.2249, 0.1831, 0.451, 0.162, 0.1172, 0.0878, 0.308, 0.0509, 0, 0.2754, 0.2486, 0.0021, 1.8325, 0.0006, 0.1019, 0.1088, 0.1457, 0.0006, 0.1234, 1.1937, 0.289, 0.167, 0.4716, 0.3603, 0.6046, 0.0218, 0.487, 0.3555, 0.0013, 0.1307, 0.1446, 1.7035, 0.4812, 0.1174, 0.1329, 0.1396, 0.1167, 0.0522, 0.7552, 0.0002, 1.2022, 0.0017],
      [24.4042, 16.0299, 13.6815, 28.0315, 16.0729, 12.0906, 29.2404, 21.5405, 19.0906, 36.7419, 14.827, 10.4001, 10.1974, 32.6132, 5.9488, 3.1818, 3.7819, 26.5996, 12.2523, 21.7457, 9.8953, 9.7998, 12.7478, 16.9964, 12.8861, 13.5225, 128.4798, 33.9951, 15.6224, 48.1401, 37.0994, 57.9079, 0.9455, 50.2719, 35.9539, 13.6815, 5.6685, 16.9974, 171.4968, 53.2947, 11.3907, 13.427, 13.3316, 13.5969, 4.6772, 67.91, 7.5551, 141.0767, 29.4314],
      [0.685, 4.7871, 0.4701, 0.5155, 1.2602, 0.4878, 0.9893, 3.0629, 1.1517, 4.998, 1.0217, 0.6347, 0.1838, 2.0216, 0.1072, 0.0881, 0.3068, 0.945, 0.8563, 1.1515, 0.4743, 0.354, 0.2297, 0.3063, 0.4118, 0.2603, 3.9229, 0.6126, 0.6315, 1.597, 1.379, 1.7483, 0.8107, 2.5951, 2.0295, 0.7657, 1.0691, 0.3063, 5.0252, 1.2248, 1.1082, 0.5147, 0.4575, 0.245, 0.4053, 10.5128, 0.3342, 2.5422, 0.7251],
      [3.6095, 23.7156, 5.6412, 4.1074, 7.7913, 5.2351, 8.3655, 6.0752, 3.4998, 19.6158, 5.9207, 4.7981, 1.4936, 5.9294, 0.8713, 0.6892, 5.5118, 6.1009, 5.83, 16.1424, 2.5892, 3.7007, 1.867, 2.4893, 5.6422, 3.0407, 31.8862, 4.9787, 6.5074, 14.5888, 11.0055, 23.4774, 1.2127, 12.4403, 9.5115, 5.4892, 7.9912, 2.4893, 59.0327, 11.7905, 3.3338, 3.8693, 5.0122, 1.9915, 1.8435, 24.4979, 4.0731, 20.6615, 6.7265],
      [0.0904, 0.1403, 0.0623, 0.1029, 0.081, 0.0561, 0.1216, 0.0966, 0.0748, 0.1932, 0.0686, 0.0499, 0.0374, 0.1278, 0.0218, 0.041, 0.1241, 0.106, 0.0592, 0.1278, 0.0405, 0.0436, 0.0468, 0.0623, 0.0592, 0.053, 0.5174, 0.1247, 0.0717, 0.2026, 0.1558, 0.2618, 0.0094, 0.2057, 0.1496, 0.0623, 1.1405, 0.0623, 0.7418, 0.2088, 0.0499, 0.0561, 0.0592, 0.0499, 0.0218, 0.3242, 0.0374, 0.5174, 0.1153]
    ],
    [
      [2.0239, 7.0563, 1.5987, 5.2736, 4.921, 0.9368, 3.9947, 3.2214, 8.6876, 0.0466, 2.2292, 0.0159, 1.3001, 6.5197, 2.9009, 0, 0.0715, 4.6134, 0.0106, 2.2651, 0.0032, 0.0106, 1.4274, 2.8527, 0.0032, 0.7087, 5.8924, 0.0201, 2.5597, 3.4571, 2.9684, 5.9447, 0.0021, 17.2405, 9.3344, 0.0064, 0.6008, 0.0106, 0.0392, 1.5155, 1.3798, 1.3363, 5.8412, 3.1093, 2.4376, 3.5667, 0.0011, 16.9872, 0.0085],
      [5.4862, 0.0825, 0.2368, 5.9592, 0.0825, 0.0631, 3.2986, 0.5781, 2.1884, 0.1892, 0.0776, 0.0534, 1.3057, 3.5262, 5.3501, 0.2584, 0.0194, 3.9041, 0.0631, 0.1116, 0.9849, 0.3764, 4.4888, 4.59, 0.1917, 1.9456, 19.8015, 12.7068, 0.0825, 3.557, 4.0365, 1.9134, 0.0049, 4.5648, 2.4682, 0.0728, 0.0291, 4.1192, 9.7552, 4.804, 0.3421, 1.2725, 0.5982, 5.1517, 0.0243, 0.3492, 0.0388, 28.187, 3.3937],
      [2.5935, 2.164, 0.2795, 1.5742, 5.3173, 0.6164, 10.9195, 9.3504, 6.311, 18.722, 7.667, 2.9349, 2.0965, 2.3781, 0.0733, 0.0458, 0.1204, 0.724, 2.4822, 3.5481, 9.9726, 0.2383, 0.2907, 5.4884, 0.9064, 2.8103, 7.3706, 11.468, 3.7406, 1.0264, 0.5865, 0.7881, 0.8946, 6.4435, 15.9417, 2.876, 1.0138, 13.6803, 8.0599, 0.3391, 7.0819, 0.4078, 3.2158, 5.8129, 5.7395, 25.6687, 1.4885, 4.0553, 0.2703],
      [586.7549, 432.8951, 390.5678, 432.3795, 428.3079, 219.3588, 535.7469, 195.9249, 364.6638, 637.2845, 319.9729, 211.6338, 157.1377, 646.7425, 35.6896, 23.5748, 8.4681, 328.8324, 135.8217, 281.1625, 113.9437, 183.8013, 133.9348, 226.6574, 154.1898, 77.1786, 1003.939, 407.1175, 149.0993, 422.2752, 351.6192, 355.4361, 34.8697, 978.5146, 606.4096, 187.6874, 80.2117, 221.0865, 868.8978, 244.3126, 111.2096, 205.9396, 208.5003, 190.7969, 244.735, 906.4131, 157.1426, 1045.6949, 98.4701],
      [59.1414, 37.8022, 27.3172, 48.8136, 30.3714, 27.0248, 67.0403, 30.9252, 49.1492, 60.7577, 35.0533, 24.362, 21.1599, 76.8335, 2.9861, 3.121, 1.3207, 23.9262, 11.6224, 28.9127, 12.0957, 29.5735, 17.8582, 21.4115, 18.7089, 16.3568, 91.9965, 47.6877, 14.518, 54.6843, 40.7893, 40.9177, 7.2288, 106.2366, 45.8461, 21.3575, 10.1446, 24.1034, 97.2479, 17.0288, 13.9866, 29.0439, 19.8445, 24.1293, 41.0636, 74.0023, 17.329, 178.0756, 4.8574]
    ],
    [
      [5.9762, 9.6438, 3.413, 12.1913, 16.7553, 3.3433, 7.6633, 6.1536, 17.184, 13.7238, 8.9399, 4.0428, 3.4636, 24.421, 2.0482, 0, 0.6532, 10.1993, 2.4476, 11.4423, 0.7343, 2.4681, 2.7382, 4.2273, 0.7343, 4.3244, 16.7633, 6.2409, 4.8039, 14.3232, 7.1861, 9.2909, 0.4895, 26.2648, 20.977, 1.4686, 1.6585, 3.0353, 10.6113, 5.3323, 5.2546, 6.404, 5.585, 3.7275, 3.8866, 22.4835, 0.2448, 29.0966, 1.9581],
      [2.0416, 0.8337, 1.0505, 2.9211, 0.8337, 0.8164, 2.3912, 1.8337, 2.5894, 1.9126, 1.0335, 0.5395, 2.2407, 4.66, 0.6785, 0.2501, 0.1962, 2.4235, 0.6375, 1.128, 1.0992, 0.7824, 1.734, 1.3709, 0.9025, 1.4994, 9.5119, 3.2123, 1.2584, 5.1846, 2.8101, 4.0968, 0.049, 6.0187, 4.4297, 1.2081, 0.2943, 2.8379, 16.5134, 8.8153, 1.2223, 1.23, 1.037, 1.2192, 0.2825, 3.531, 0.3923, 17.4656, 3.8513],
      [84.0891, 117.2654, 56.5768, 206.6961, 302.5681, 74.3095, 126.5557, 126.7835, 270.9473, 594.7799, 237.9792, 95.4884, 170.5198, 493.7207, 15.4305, 9.5504, 10.4614, 149.7043, 80.8288, 179.2532, 54.4694, 44.923, 37.3761, 43.6327, 41.6691, 133.9427, 334.6932, 145.6478, 95.8585, 211.0109, 121.0525, 162.9928, 76.0432, 564.7311, 447.1649, 109.4238, 55.9274, 134.8142, 483.041, 68.0526, 114.1797, 80.5369, 54.8468, 43.217, 102.0785, 521.863, 51.9737, 529.7312, 54.867],
      [8.977, 8.1768, 6.9967, 19.8317, 30.5594, 6.4557, 8.8239, 8.5886, 18.4713, 52.4066, 22.1654, 6.412, 14.3232, 58.0318, 1.5343, 1.9437, 3.502, 14.1238, 6.773, 13.1713, 3.5884, 3.1766, 5.6871, 3.1766, 3.3178, 1.359, 23.0597, 9.9416, 6.4708, 31.1199, 10.7432, 32.8306, 8.3459, 65.6311, 37.2887, 8.9405, 7.0665, 8.9415, 45.6335, 6.235, 7.6474, 8.4377, 3.9413, 3.1178, 6.8238, 34.766, 5.1345, 49.1758, 4.5794],
      [3.9161, 3.0803, 1.963, 4.3598, 4.2834, 2.075, 4.566, 2.6406, 4.808, 8.1772, 3.8819, 2.5173, 5.4526, 8.1666, 0.3085, 0.2558, 0.1872, 2.549, 1.3131, 3.0052, 1.1087, 2.6499, 4.4645, 1.5925, 1.3763, 6.8745, 7.972, 3.9575, 1.6084, 5.3614, 3.2082, 3.7889, 2.0724, 10.3543, 6.1396, 1.9591, 1.0534, 2.3711, 9.2007, 1.5649, 1.6961, 2.3914, 1.5899, 1.7184, 2.9287, 8.3564, 2.2547, 13.5307, 0.7442]
    ],
    [
      [0, 0, 0, 0, 0, 0, 0, 0, 0, 0, 0, 0, 0, 0, 0, 0, 0, 0, 0, 0, 0, 0, 0, 0, 0, 0, 0, 0, 0, 0, 0, 0, 0, 0, 0, 0, 0, 0, 0, 0, 0, 0, 0, 0, 0, 0, 0, 0, 0],
      [0.0205, 0.0109, 0.0096, 0.0237, 0.0109, 0.0083, 0.0225, 0.0154, 0.0154, 0.025, 0.0103, 0.0071, 0.2325, 0.0263, 0.0226, 0.0026, 0.0026, 0.0212, 0.0083, 0.0148, 0.0077, 0.0071, 0.0122, 0.0148, 0.009, 0.0109, 0.1014, 0.0321, 0.0109, 0.0366, 0.0282, 0.0411, 0.0006, 0.0391, 0.0276, 0.0096, 0.0038, 0.0154, 0.127, 0.043, 0.0083, 0.0103, 0.0096, 0.0128, 0.0032, 0.0462, 0.0051, 0.12, 0.0237],
      [0.1072, 0.1494, 0.0696, 0.2487, 0.3662, 0.0901, 0.1666, 0.1643, 0.3331, 0.7301, 0.2909, 0.1232, 0.6811, 0.5921, 0.2417, 0.0114, 0.0125, 0.1802, 0.1027, 0.2225, 0.5908, 0.0593, 0.0456, 0.0605, 0.0569, 1.5519, 0.413, 0.1928, 0.2531, 0.2555, 0.146, 0.1962, 0.0913, 0.6731, 0.5499, 0.1346, 0.0673, 0.1757, 0.5864, 0.0844, 1.2453, 0.7081, 0.0707, 2.7834, 0.1266, 0.6628, 0.0639, 0.6366, 0.0673],
      [43.2925, 31.9706, 17.2889, 37.9374, 43.9116, 21.6117, 38.0208, 21.5305, 36.1245, 65.2437, 38.7771, 18.9746, 14.7178, 52.3543, 3.2093, 3.4596, 1.7217, 18.0351, 12.0467, 19.7361, 13.2959, 13.8281, 12.9683, 22.5033, 19.0391, 17.5422, 101.9575, 37.985, 19.7093, 37.9177, 28.4831, 45.7882, 5.9869, 80.9179, 41.106, 12.0134, 6.0077, 18.9138, 74.8378, 14.6355, 16.1145, 20.1233, 20.7614, 18.9139, 19.8435, 78.3159, 10.3518, 83.4788, 4.251],
      [6.5797, 4.869, 2.6319, 5.7902, 6.7113, 3.2899, 5.7902, 3.2899, 5.527, 10.0012, 5.9218, 2.8951, 2.3687, 8.0273, 0.5264, 0.5264, 0.2632, 2.7635, 1.8423, 3.0267, 2.1055, 2.1055, 1.9739, 3.4215, 2.8951, 2.8951, 15.5282, 5.7902, 3.0267, 5.7902, 4.3426, 6.9745, 0.9212, 12.3699, 6.3165, 1.8423, 0.9212, 2.8951, 11.4487, 2.2371, 2.6319, 3.1583, 3.1583, 3.2899, 3.0267, 11.9751, 1.5791, 12.7647, 0.658]
    ],
    [
      [11.789, 13.9727, 5.8435, 18.2924, 24.5291, 5.5895, 13.0589, 9.4002, 30.9453, 29.7786, 13.6688, 10.8241, 6.1485, 43.7513, 0, 0, 0, 14.9387, 7.5397, 22.4601, 2.2619, 7.4194, 4.7256, 7.7743, 2.2619, 5.8435, 28.1506, 12.45, 7.4693, 21.7481, 8.4852, 13.1598, 1.4866, 35.0077, 33.3331, 4.5238, 1.61, 6.8095, 24.646, 10.6711, 9.2482, 14.1268, 8.4342, 6.0464, 4.6236, 40.1946, 0.754, 44.714, 6.0318],
      [0.0473, 0.043, 0.0215, 0.0646, 0, 0.0215, 0.0473, 0.0323, 0.1162, 0.1313, 0.0517, 0, 0.0237, 0.1743, 0, 0.3071, 0, 0.0517, 0.0387, 0, 0.0129, 0.0344, 0.0172, 0.028, 0.0108, 0.0215, 0.1055, 0.0538, 0.0258, 0.0818, 0.0258, 0.0409, 0, 0.1055, 0.1205, 0.028, 0.0043, 0.0301, 0.1076, 0.043, 0.0366, 0.0603, 0.0237, 0.0194, 0.0129, 0.1636, 0.0086, 0.1507, 0.2999],
      [3.9897, 4.1409, 2.0197, 6.4539, 9.0805, 2.2227, 4.5764, 3.6218, 11.0223, 15.3425, 6.0724, 7.0642, 3.4728, 16.6402, 0, 0.246, 0, 4.9781, 4.7429, 9.1288, 1.896, 2.717, 1.5164, 2.3288, 1.1734, 2.5757, 10.6083, 6.5977, 2.7711, 7.5867, 2.7723, 4.4703, 1.9677, 10.9605, 12.8941, 4.027, 0.2663, 3.6015, 12.4563, 3.4978, 3.7076, 5.0001, 1.8852, 1.8301, 1.0052, 16.674, 1.4511, 15.6156, 2.5297],
      [6.0972, 1.7736, 2.0805, 5.0846, 7.2474, 2.1313, 4.2407, 1.8934, 11.7279, 15.5349, 4.1234, 5.0314, 1.3167, 20.1517, 0, 0.4434, 0, 3.9479, 5.6159, 10.2646, 1.8083, 5.7734, 1.7129, 2.8235, 1.5365, 1.5245, 9.9648, 5.8113, 1.6919, 8.4509, 0.6748, 1.2628, 3.0393, 2.7554, 9.457, 4.3759, 0.1125, 3.5101, 12.6157, 5.7183, 3.9483, 8.7151, 0.6186, 1.0727, 0.3374, 18.7028, 1.7723, 9.2756, 5.0899],
      [0.0767, 0.0697, 0.0349, 0.1046, 0.143, 0.0349, 0.0767, 0.0523, 0.1883, 0.2127, 0.0837, 0.0802, 0.0384, 0.2825, 0, 0.0035, 0, 0.0837, 0.0628, 0.1465, 0.0209, 0.0558, 0.0279, 0.0453, 0.0174, 0.0349, 0.1709, 0.0872, 0.0418, 0.1325, 0.0418, 0.0663, 1.5063, 0.1709, 0.1953, 0.0453, 0.007, 0.0488, 0.1744, 0.0697, 0.0593, 0.0976, 0.0384, 0.0314, 0.0209, 0.265, 0.0139, 0.2441, 0.0488]
    ],
    [
      [0, 0, 0, 0, 0, 0, 0, 0, 0, 0, 0, 0, 0, 0, 0, 0, 0, 0, 0, 0, 0, 0, 0, 0, 0, 0, 0, 0, 0, 0, 0, 0, 0, 0, 0, 0, 0, 0, 0, 0, 0, 0, 0, 0, 0, 0, 0, 0, 0],
      [0, 0, 0, 0, 0, 0, 0, 0, 0, 0, 0, 0, 0, 0, 0, 0, 0, 0, 0, 0, 0, 0, 0, 0, 0, 0, 0, 0, 0, 0, 0, 0, 0, 0, 0, 0, 0, 0, 0, 0, 0, 0, 0, 0, 0, 0, 0, 0, 0],
      [2.5355, 2.4932, 1.5843, 2.5116, 2.4077, 1.2734, 2.7926, 1.0171, 2.2347, 5.4275, 1.9688, 1.7545, 1.046, 3.6473, 0.1472, 0.0583, 0.0988, 1.4685, 0.9871, 1.6958, 0.5969, 3.7083, 0.5414, 1.1833, 0.7824, 0.8591, 4.9921, 4.4811, 0.7453, 2.5235, 2.0637, 1.8043, 0.1926, 4.5967, 3.4199, 0.773, 0.6561, 1.422, 4.8312, 0.8013, 0.6773, 1.8323, 1.524, 2.1115, 1.6449, 5.6187, 0.6886, 5.4191, 0.5405],
      [55.2689, 52.4682, 34.4249, 48.6594, 41.1825, 26.2074, 58.8022, 16.9875, 38.5127, 96.9146, 34.0405, 36.15, 16.0111, 60.7903, 2.6956, 0.8893, 1.7964, 26.9599, 18.9128, 30.523, 10.7744, 24.72, 10.8299, 25.3498, 16.2746, 13.3551, 100.1928, 56.166, 12.5213, 48.6475, 42.4741, 34.205, 4.5455, 79.7407, 57.2272, 12.4936, 12.6105, 26.0587, 88.9823, 15.3081, 9.7464, 38.915, 22.1663, 30.1073, 33.4168, 104.3043, 13.5255, 100.7135, 9.8832],
      [3.1957, 3.0385, 1.9907, 2.829, 2.4099, 1.5193, 3.4052, 0.9954, 2.2527, 5.6579, 1.9907, 2.0955, 0.943, 3.5624, 0.1572, 0.0524, 0.1048, 1.5716, 1.1002, 1.7812, 0.6287, 1.5716, 0.6287, 1.4669, 0.943, 0.7858, 5.8151, 3.3528, 0.7334, 2.829, 2.4622, 1.9907, 0.2619, 4.6625, 3.3528, 0.7334, 0.7334, 1.5193, 5.1864, 0.8906, 0.5763, 2.2527, 1.3097, 1.7812, 1.9384, 6.077, 0.7858, 5.8675, 0.5763]
    ]
  ],
  "V_est": [
    [15.4881, 1406.2709, 68.3235, 434.6837, 7.2338],
    [146.9521, 152.6846, 227.5946, 16343.0038, 1805.7648],
    [386.0184, 134.8714, 8323.2688, 757.4461, 181.3953],
    [0, 1.3278, 17.4327, 1437.555, 220.6844],
    [656.5413, 2.8453, 261.1993, 242.8589, 5.5552],
    [0, 0, 98.1811, 1753.4525, 102.3664]
  ],
  "p_est": [
    [0.008, 0.7279, 0.0354, 0.225, 0.0037],
    [0.0079, 0.0082, 0.0122, 0.8751, 0.0967],
    [0.0395, 0.0138, 0.8508, 0.0774, 0.0185],
    [0, 0.0008, 0.0104, 0.8572, 0.1316],
    [0.5616, 0.0024, 0.2234, 0.2077, 0.0048],
    [0, 0, 0.0502, 0.8974, 0.0524]
  ],
  "EI_Z": {},
  "EI_V": 13.0807,
  "MAE_Z": {},
  "MAE_V": 306.882,
  "MAE_p": 0.1122,
  "runtime": 2.098
}
