{
  "X": [
    [4, 7, 6, 1],
    [4, 12, 11, 3],
    [0, 3, 3, 1],
    [2, 10, 5, 1],
    [1, 7, 5, 0],
    [1, 13, 7, 5],
    [4, 115, 200, 30],
    [31, 388, 590, 79],
    [81, 480, 599, 83],
    [30, 364, 456, 52],
    [67, 565, 485, 46],
    [19, 651, 382, 66],
    [17, 160, 146, 27],
    [42, 702, 480, 50],
    [19, 136, 212, 19],
    [34, 284, 319, 48],
    [41, 318, 416, 44],
    [16, 83, 80, 18],
    [22, 140, 144, 16],
    [63, 714, 737, 110],
    [22, 192, 275, 45],
    [15, 220, 160, 23],
    [21, 262, 229, 26],
    [18, 152, 168, 22],
    [29, 356, 428, 57],
    [15, 124, 159, 21],
    [18, 126, 136, 24],
    [19, 138, 397, 42],
    [45, 561, 561, 76],
    [30, 335, 450, 67],
    [9, 116, 132, 17],
    [47, 460, 478, 41],
    [13, 282, 165, 23],
    [17, 175, 163, 22],
    [15, 209, 311, 29],
    [25, 252, 240, 32],
    [31, 485, 352, 50],
    [19, 102, 149, 17],
    [17, 99, 260, 31],
    [29, 227, 349, 49],
    [19, 365, 315, 44],
    [2, 23, 8, 2],
    [22, 110, 217, 25],
    [60, 408, 583, 82],
    [56, 527, 590, 89],
    [14, 198, 364, 47],
    [31, 436, 363, 45],
    [1, 0, 6, 0],
    [6, 85, 29, 5],
    [9, 182, 207, 46],
    [112, 1266, 1164, 107],
    [21, 168, 168, 34],
    [169, 835, 902, 147],
    [35, 232, 216, 34]
  ],
  "W": [
    [2, 6, 8, 1, 1],
    [4, 10, 11, 0, 5],
    [0, 4, 3, 0, 0],
    [1, 6, 9, 0, 2],
    [1, 5, 6, 0, 1],
    [2, 8, 8, 2, 6],
    [14, 171, 102, 26, 36],
    [59, 526, 360, 67, 76],
    [102, 522, 475, 50, 94],
    [32, 409, 340, 53, 68],
    [111, 390, 551, 20, 91],
    [30, 360, 587, 37, 104],
    [27, 115, 155, 12, 41],
    [93, 396, 659, 44, 82],
    [39, 163, 131, 15, 38],
    [62, 258, 268, 26, 71],
    [32, 393, 280, 35, 79],
    [34, 58, 80, 0, 25],
    [13, 125, 139, 14, 31],
    [64, 680, 703, 75, 102],
    [31, 246, 178, 28, 51],
    [23, 130, 216, 20, 29],
    [50, 175, 233, 8, 72],
    [38, 142, 143, 11, 26],
    [69, 346, 336, 32, 87],
    [12, 139, 120, 22, 26],
    [11, 128, 113, 18, 34],
    [40, 350, 132, 31, 43],
    [73, 498, 526, 50, 96],
    [30, 426, 302, 34, 90],
    [13, 109, 109, 8, 35],
    [88, 396, 439, 31, 72],
    [45, 126, 269, 8, 35],
    [33, 137, 162, 15, 30],
    [16, 275, 185, 24, 64],
    [36, 205, 231, 22, 55],
    [55, 289, 461, 28, 85],
    [18, 131, 99, 9, 30],
    [12, 255, 91, 27, 22],
    [27, 313, 231, 28, 55],
    [27, 274, 335, 38, 69],
    [5, 6, 19, 0, 5],
    [17, 194, 102, 25, 36],
    [85, 489, 390, 80, 89],
    [89, 512, 495, 49, 117],
    [22, 335, 186, 30, 50],
    [80, 300, 402, 22, 71],
    [3, 4, 0, 0, 0],
    [4, 27, 85, 3, 6],
    [8, 207, 177, 28, 24],
    [197, 992, 1174, 97, 189],
    [22, 164, 159, 20, 26],
    [174, 815, 796, 64, 204],
    [67, 180, 225, 6, 39]
  ],
  "method": "mvn_pdf",
  "cond_prob": [
    [
      [0.89024918913, 0.041800238639, 0.057126751319, 0.010823820912],
      [0.162457726, 0.12115052224, 0.65328823908, 0.063103512676],
      [0.047151447772, 0.75723279896, 0.15387238245, 0.041743370812],
      [0.11694879893, 0.054197920707, 0.61120720878, 0.21764607159],
      [0.75059488464, 0.077436076835, 0.12383079448, 0.048138244042]
    ],
    [
      [0.56038501236, 0.075221399127, 0.33538192841, 0.029011660098],
      [0.053595988533, 0.020693233181, 0.79656210059, 0.12914867769],
      [0.031888079302, 0.92515877066, 0.030167946595, 0.012785203443],
      [0.016852926233, 0.054943889153, 0.48996039906, 0.43824278556],
      [0.17434623858, 0.26308711888, 0.27220077357, 0.29036586897]
    ],
    [
      [5.5511151231e-17, 2.4133835207e-10, 0.60914064831, 0.39085935145],
      [0, 0.011816536966, 0.75, 0.23818346303],
      [0, 0.98424461738, 0, 0.015755382621],
      [6.3257379417e-06, 0.00019421668323, 0.024298353316, 0.97550110426],
      [1, 4.5862220566e-78, 8.1766854089e-17, 2.1079537508e-30]
    ],
    [
      [0.78146451298, 0.085595949118, 0.12367136031, 0.0092681775936],
      [0.11718221341, 0.036069046113, 0.76093362549, 0.085815114993],
      [0.0050856875908, 0.96426359115, 0, 0.030650721263],
      [0.030962230501, 0.14672056207, 0.53015383943, 0.292163368],
      [0.23483550914, 0.50980872694, 0.15536344338, 0.099992320541]
    ],
    [
      [0.4468691591, 0.21682105539, 0.33630978551, 0],
      [0.071997603333, 0.028764634133, 0.89923776253, 0],
      [0.017811905034, 0.98218809497, 0, 0],
      [0.011251959584, 0.1811781332, 0.76399970676, 0.043570200461],
      [0.086271394031, 0.74622720415, 0.16750140182, 0]
    ],
    [
      [0.19753977489, 0.38787564644, 0.34573941113, 0.068845167532],
      [0.048459194152, 0.074284657654, 0.64402170906, 0.23323443913],
      [0, 0.99428264034, 0.0057173596634, 0],
      [0.0060970303964, 0.13898700265, 0.24104212518, 0.61387384177],
      [0.034175472702, 0.56628938631, 0.10475406293, 0.29478107805]
    ],
    [
      [0.1340288242, 0.1309933809, 0.70334174826, 0.031636046634],
      [0.0017287205557, 0.019218911326, 0.89823033377, 0.080822034347],
      [0.0047749337913, 0.9459026599, 0.043913058585, 0.0054093477198],
      [0.0018153215101, 0.064932379646, 0.65521475852, 0.27803754033],
      [0.035937323339, 0.32525960138, 0.41780868756, 0.22099438772]
    ],
    [
      [0.19955745313, 0.13338254022, 0.63822125169, 0.028838754961],
      [0.017381027107, 0.018730299675, 0.88489824866, 0.078990424561],
      [0.014743245091, 0.94316562481, 0.037935167818, 0.004155962281],
      [0.0052015610812, 0.071870338709, 0.64766169208, 0.27526640813],
      [0.058258120813, 0.34109677465, 0.39261149438, 0.20803361016]
    ],
    [
      [0.33838511398, 0.092428019434, 0.5431355631, 0.026051303485],
      [0.034892889917, 0.015360124381, 0.86776534481, 0.081981640893],
      [0.035588993788, 0.91320073649, 0.045982043192, 0.0052282265274],
      [0.010492386605, 0.057997097626, 0.64215513145, 0.28935538432],
      [0.11533232402, 0.27536332315, 0.39018548388, 0.21911886896]
    ],
    [
      [0.24180330248, 0.1394903597, 0.59651327418, 0.022193063642],
      [0.025470404377, 0.020366486111, 0.88937266663, 0.064790442885],
      [0.018870924457, 0.945190583, 0.033457018764, 0.0024814737761],
      [0.0073576611425, 0.083450009037, 0.67297321697, 0.23621911285],
      [0.074100420214, 0.37380539662, 0.38404687789, 0.16804730528]
    ],
    [
      [0.2847359618, 0.11515972143, 0.58036356376, 0.019740753008],
      [0.030729578624, 0.017484971025, 0.89218923709, 0.059596213261],
      [0.026469014074, 0.9318534812, 0.039520576162, 0.0021569285674],
      [0.0091584851637, 0.07303298149, 0.69356590681, 0.22424262654],
      [0.094968968336, 0.33501323574, 0.40635919072, 0.1636586052]
    ],
    [
      [0.19141799045, 0.23988030703, 0.53880272625, 0.029898976276],
      [0.017760737314, 0.039447695311, 0.84946339364, 0.093328173732],
      [0.0033645664292, 0.9746980712, 0.018346293145, 0.0035910692212],
      [0.0050661555097, 0.13372394961, 0.56566101221, 0.29554888267],
      [0.045203332748, 0.50487371677, 0.27240735551, 0.17751559497]
    ],
    [
      [0.25122118739, 0.10509658693, 0.60965468502, 0.034027540662],
      [0.025781817795, 0.013949879544, 0.86545476594, 0.09481353672],
      [0.026171456902, 0.92548712736, 0.043839296723, 0.0045021190166],
      [0.006811290999, 0.055797539761, 0.61094924472, 0.32644192452],
      [0.075946526394, 0.27897758019, 0.3874522803, 0.25762361311]
    ],
    [
      [0.21787304695, 0.18111253651, 0.57993622259, 0.021078193955],
      [0.022305821775, 0.027733012401, 0.88672037599, 0.063240789837],
      [0.01149285934, 0.9601554108, 0.026922893176, 0.001428836684],
      [0.006549016301, 0.10904871016, 0.65804364225, 0.22635863129],
      [0.061496953513, 0.44675246622, 0.3442506774, 0.14749990287]
    ],
    [
      [0.22451896748, 0.08823340564, 0.66791338787, 0.019334239014],
      [0.02250399022, 0.011404643038, 0.9144192222, 0.051672144546],
      [0.026867340362, 0.91397940946, 0.056283993939, 0.0028692562397],
      [0.0067207808013, 0.051635933896, 0.7372836227, 0.20435966261],
      [0.077767804289, 0.26826575572, 0.48601545023, 0.16795098976]
    ],
    [
      [0.24881601691, 0.11366220529, 0.60815838968, 0.029363388124],
      [0.025564479423, 0.015680531853, 0.87546822353, 0.083286765195],
      [0.02368434162, 0.93101949, 0.040573544635, 0.0047226237487],
      [0.0070648679021, 0.063336579536, 0.63877507473, 0.29082347783],
      [0.076713818885, 0.30630129108, 0.3935424826, 0.22344240743]
    ],
    [
      [0.32999691667, 0.15294227274, 0.49899850697, 0.018062303627],
      [0.039390806081, 0.02601549338, 0.87344489051, 0.061148810024],
      [0.022667465237, 0.94903965784, 0.027083284926, 0.0012095919968],
      [0.011550922539, 0.10667798502, 0.65665748815, 0.22511360429],
      [0.10390302938, 0.42299904688, 0.33166929038, 0.14142863336]
    ],
    [
      [0.28321773882, 0.094002625782, 0.57689288431, 0.045886751091],
      [0.036794239403, 0.013166718214, 0.82133041781, 0.12870862457],
      [0.028541405617, 0.91675824228, 0.054700352105, 0],
      [0.006567375034, 0.04382025516, 0.50409077283, 0.44552159698],
      [0.078128741821, 0.22798326739, 0.33489798128, 0.35899000951]
    ],
    [
      [0.43176869651, 0.084080545524, 0.46821052347, 0.0159402345],
      [0.044335499551, 0.01989092344, 0.87711791227, 0.058655664743],
      [0.039592076229, 0.91003485455, 0.046728362712, 0.0036447065121],
      [0.015582723086, 0.065994397892, 0.69486577686, 0.22355710216],
      [0.16527783169, 0.29038132664, 0.38871486673, 0.15562597494]
    ],
    [
      [0.27074694452, 0.12014135318, 0.57923550209, 0.029876200209],
      [0.028648884259, 0.017532512023, 0.86614993853, 0.08766866519],
      [0.024405687801, 0.93399615482, 0.037576169196, 0.0040219881828],
      [0.0078503730623, 0.068420308963, 0.62152251231, 0.30220680567],
      [0.082793899517, 0.32017671775, 0.37173268921, 0.22529669353]
    ],
    [
      [0.24827181023, 0.11965821292, 0.59993902043, 0.03213095642],
      [0.025794425894, 0.016660016799, 0.86658429283, 0.090961264475],
      [0.022432053264, 0.93502330701, 0.03833742065, 0.0042072190737],
      [0.0069037344349, 0.06504562875, 0.61546814947, 0.31258248735],
      [0.073959511136, 0.31248637282, 0.37578402488, 0.23777009117]
    ],
    [
      [0.2351831729, 0.13005690445, 0.60770114394, 0.027058778713],
      [0.024056476923, 0.01797707434, 0.88046789808, 0.077498550658],
      [0.019822038601, 0.94093759949, 0.034613082228, 0.0046272796829],
      [0.0067373428492, 0.07325656379, 0.64730941988, 0.27269667348],
      [0.070590959599, 0.34358685408, 0.38411837173, 0.20170381458]
    ],
    [
      [0.20479296346, 0.15141637833, 0.62178572922, 0.022004928999],
      [0.019330321626, 0.021831446142, 0.89651191807, 0.062326314163],
      [0.012875150725, 0.95138955958, 0.033335451447, 0.0023998382504],
      [0.0059540369927, 0.087632834004, 0.6788972365, 0.2275158925],
      [0.060138932329, 0.39213677716, 0.38642763608, 0.16129665443]
    ],
    [
      [0.24660776719, 0.13084020367, 0.59421452082, 0.028337508323],
      [0.025998524206, 0.018417342955, 0.87329377342, 0.082290359416],
      [0.02060527747, 0.94163450141, 0.033087989671, 0.0046722314534],
      [0.0070710983155, 0.07387184048, 0.63412352467, 0.28493353653],
      [0.073568371151, 0.34409560056, 0.37327658033, 0.20905944796]
    ],
    [
      [0.19071600899, 0.11578663623, 0.66491611539, 0.028581239391],
      [0.015818423295, 0.015781158632, 0.89260235564, 0.075798062437],
      [0.015513967845, 0.93432671366, 0.045164084154, 0.0049952343392],
      [0.0049496958898, 0.061476858652, 0.66514088208, 0.26843256337],
      [0.057429166154, 0.30631501088, 0.42322681017, 0.21302901279]
    ],
    [
      [0.30997726744, 0.10427829697, 0.56326422823, 0.022480207354],
      [0.033770704784, 0.015589695375, 0.88064359127, 0.069996008568],
      [0.030662617581, 0.92578235203, 0.039021281825, 0.0045337485596],
      [0.0098016665732, 0.065610368078, 0.67132134114, 0.25326662421],
      [0.10349977121, 0.30939932451, 0.39922102886, 0.18787987542]
    ],
    [
      [0.39822904993, 0.13447670475, 0.44360303714, 0.023691208176],
      [0.047218751105, 0.025786054242, 0.83796003011, 0.089035164538],
      [0.027070307878, 0.94245309204, 0.025974347631, 0.0045022524487],
      [0.01335145621, 0.09486172484, 0.59268810396, 0.29909871499],
      [0.12577086198, 0.38280678991, 0.30170575245, 0.18971659567]
    ],
    [
      [0.19129447962, 0.083396146879, 0.69933821076, 0.025971162741],
      [0.015649266843, 0.0085044259018, 0.90862027908, 0.067226028176],
      [0.022788610461, 0.90857704353, 0.062965877675, 0.0056684683308],
      [0.0050306100984, 0.044526773934, 0.70474501593, 0.24569760004],
      [0.062951905262, 0.24128151909, 0.48490191965, 0.210864656]
    ],
    [
      [0.23515422242, 0.1485643235, 0.589078428, 0.027203026087],
      [0.024191268826, 0.021727024443, 0.87443259494, 0.079649111791],
      [0.016889611754, 0.94847237735, 0.031051748911, 0.0035862619878],
      [0.0067784751801, 0.084763265341, 0.63331713038, 0.27514112909],
      [0.068371149447, 0.37708450479, 0.35969547948, 0.19484886628]
    ],
    [
      [0.24170907534, 0.14463014027, 0.58452401549, 0.029136768902],
      [0.025238504398, 0.021094107056, 0.86832902046, 0.085338368088],
      [0.018096075153, 0.94686616627, 0.031362615151, 0.003675143427],
      [0.0068958133863, 0.081402104372, 0.62021863511, 0.29148344713],
      [0.06997391683, 0.36615280472, 0.35552414945, 0.208349129]
    ],
    [
      [0.20187143713, 0.11164300838, 0.66154476258, 0.024940791908],
      [0.01907742985, 0.01450689779, 0.89878533875, 0.067630333611],
      [0.018774248904, 0.93300274456, 0.043104361391, 0.0051186451433],
      [0.0055835730604, 0.061413402687, 0.68798068387, 0.24502234038],
      [0.063004849964, 0.30796521866, 0.43514558, 0.19388435137]
    ],
    [
      [0.24585708631, 0.12857783413, 0.60671272555, 0.018852354011],
      [0.025895579387, 0.018887555362, 0.90078391921, 0.054432946036],
      [0.020925171639, 0.94034506486, 0.037938018349, 0.00079174515312],
      [0.0076942329072, 0.079098421389, 0.70336386678, 0.20984347893],
      [0.078961880525, 0.36030755746, 0.40888580857, 0.15184475344]
    ],
    [
      [0.17497182854, 0.16346854501, 0.63037005089, 0.031189575562],
      [0.014443636508, 0.023255117527, 0.87690941387, 0.085391832093],
      [0.0060640543513, 0.95721869342, 0.032190124625, 0.0045271276022],
      [0.004479911434, 0.085117469317, 0.62011898647, 0.29028363278],
      [0.046837131533, 0.38688578233, 0.35779046132, 0.20848662482]
    ],
    [
      [0.24733338556, 0.15203715757, 0.57445673287, 0.026172723992],
      [0.026685054749, 0.022181918143, 0.8725641017, 0.078568925408],
      [0.018010921795, 0.95024176269, 0.027626324956, 0.0041209905562],
      [0.0073202763595, 0.088564424111, 0.632729958, 0.27138534153],
      [0.071819076655, 0.38920730322, 0.35117439565, 0.18779922448]
    ],
    [
      [0.19939091264, 0.13917002308, 0.64202098925, 0.019418075026],
      [0.018465542297, 0.020254598641, 0.90963183534, 0.051648023725],
      [0.014525941279, 0.94715239201, 0.037702867376, 0.00061879933583],
      [0.0057973013391, 0.081503582306, 0.70906345168, 0.20363566467],
      [0.061020107771, 0.37537478918, 0.41541181483, 0.14819328822]
    ],
    [
      [0.26743884916, 0.14702621467, 0.5617657444, 0.023769191765],
      [0.02969674769, 0.022019231149, 0.87516334004, 0.07312068112],
      [0.020249043482, 0.94758532404, 0.028760508469, 0.0034051240094],
      [0.0082794826712, 0.08943520754, 0.6451615339, 0.25712377589],
      [0.080448918013, 0.38787871758, 0.35510395074, 0.17656841366]
    ],
    [
      [0.21961277359, 0.14614898099, 0.60696052259, 0.02727772283],
      [0.021684197438, 0.020941467419, 0.87945318258, 0.077921152564],
      [0.015337547829, 0.9481579115, 0.032639319763, 0.0038652209073],
      [0.0061793430208, 0.081854692123, 0.6407870441, 0.27117892076],
      [0.063658038108, 0.37078815741, 0.37019338643, 0.19536041805]
    ],
    [
      [0.35579193535, 0.084265846607, 0.53993155295, 0.020010665097],
      [0.036238966379, 0.014400145506, 0.88420826337, 0.065152624747],
      [0.039238674685, 0.90825174934, 0.047561639126, 0.0049479368521],
      [0.011718413239, 0.056944889826, 0.69062655389, 0.24071014305],
      [0.12861153517, 0.2722456169, 0.41752360957, 0.18161923835]
    ],
    [
      [0.30048593192, 0.11000329193, 0.56550498563, 0.024005790529],
      [0.033042456982, 0.016589504736, 0.87615003188, 0.074218006406],
      [0.028181607313, 0.93003995977, 0.037746260845, 0.0040321720687],
      [0.009355465817, 0.067772277271, 0.65870380066, 0.26416845625],
      [0.097782656552, 0.31755222561, 0.38980771315, 0.19485740469]
    ],
    [
      [0.27009144589, 0.078247439563, 0.62277873641, 0.028882378132],
      [0.026813605618, 0.010200229935, 0.88184324493, 0.081142919518],
      [0.035152052588, 0.89965514877, 0.058466667428, 0.006726131218],
      [0.0076683100544, 0.04393743336, 0.65988635262, 0.28850790397],
      [0.090546101327, 0.22989199388, 0.43973491645, 0.23982698834]
    ],
    [
      [0.20708791653, 0.17168289115, 0.59579464367, 0.025434548646],
      [0.01987121179, 0.025414837908, 0.88040862758, 0.074305322721],
      [0.011304059613, 0.95758358527, 0.027800271272, 0.0033120838402],
      [0.0057591757697, 0.097715125059, 0.63937894058, 0.25714675859],
      [0.057365298168, 0.41880029758, 0.34887087023, 0.17496353403]
    ],
    [
      [0.24678072319, 0.27611928433, 0.44500595386, 0.032094038621],
      [0.054639245375, 0.042397285686, 0.79803603961, 0.10492742933],
      [0.0093076813531, 0.97190413237, 0, 0.018788186274],
      [0.0063839464197, 0.15631515207, 0.4915875426, 0.34571335891],
      [0.052282993221, 0.57976826983, 0.19735079861, 0.17059793834]
    ],
    [
      [0.356352041, 0.091455024341, 0.5329745621, 0.019218372561],
      [0.037220786118, 0.015835142725, 0.88408258801, 0.062861483144],
      [0.037537830294, 0.91467013824, 0.044080233021, 0.0037117984482],
      [0.011756238533, 0.062755715092, 0.69048079309, 0.23500725329],
      [0.1277338373, 0.29188888667, 0.40747796596, 0.17289931007]
    ],
    [
      [0.28904813271, 0.10415647131, 0.58098742222, 0.025807973755],
      [0.030507860909, 0.015221254994, 0.87734829824, 0.076922585854],
      [0.029204277375, 0.92362281737, 0.042543549715, 0.0046293555427],
      [0.0087584421779, 0.062347974318, 0.65540948913, 0.27348409438],
      [0.094631698699, 0.29778392728, 0.39964053653, 0.20794383749]
    ],
    [
      [0.25285918531, 0.12636082346, 0.5910346519, 0.029745339324],
      [0.026345164576, 0.018157222851, 0.86946630504, 0.086031307535],
      [0.021742173924, 0.93789001405, 0.036380813108, 0.0039869989162],
      [0.0072252182246, 0.070944818106, 0.62511489503, 0.29671506864],
      [0.075986294521, 0.3309874835, 0.37258149963, 0.22044472235]
    ],
    [
      [0.17920144783, 0.11401359505, 0.67703425594, 0.029750701179],
      [0.01341117459, 0.015098409946, 0.89342977695, 0.07806063851],
      [0.014865637776, 0.93379858767, 0.046242964021, 0.0050928105379],
      [0.0044323840193, 0.05914574033, 0.66217957303, 0.27424230262],
      [0.053336890263, 0.29945648123, 0.42679385182, 0.22041277669]
    ],
    [
      [0.205893413, 0.16672715103, 0.60101675209, 0.026362683876],
      [0.019423271907, 0.024471101455, 0.88006197818, 0.076043648456],
      [0.011192169287, 0.95598241977, 0.029310211759, 0.0035151991861],
      [0.0057657179454, 0.093819149753, 0.63768304224, 0.26273209007],
      [0.057400669571, 0.40776821746, 0.35335682144, 0.18147429153]
    ],
    [
      [0.25402643336, 0, 0.74597356664, 0],
      [0.059480174983, 0, 0.94051982502, 0],
      [0.015248859877, 0.94573160152, 0.038671742642, 0.00034779596523],
      [0.0053125559421, 0.0081915782159, 0.97713053933, 0.0093653265112],
      [0.1002032884, 0.029620588767, 0.85660534891, 0.013570773917]
    ],
    [
      [0.40043764096, 0.15214048441, 0.42473569332, 0.022686181307],
      [0.049904071981, 0.027484097219, 0.83439458179, 0.088217249013],
      [0.027053104877, 0.95051467727, 0.016182745494, 0.0062494723568],
      [0.013201230194, 0.10605379167, 0.57624801218, 0.30449696596],
      [0.11862031459, 0.42290974905, 0.27802101915, 0.1804489172]
    ],
    [
      [0.19761395725, 0.1399113075, 0.61028790665, 0.052186828596],
      [0.020304880127, 0.020282522566, 0.83359640496, 0.12581619235],
      [0.010857915119, 0.94685999182, 0.042282093059, 0],
      [0.0042980410574, 0.062408903591, 0.51393229457, 0.41936076078],
      [0.048907584587, 0.3058566465, 0.32038359168, 0.32485217723]
    ],
    [
      [0.25118129586, 0.16196839623, 0.56823366185, 0.018616646064],
      [0.027643285957, 0.025049236569, 0.89065312872, 0.056654348758],
      [0.017034630603, 0.95315329074, 0.029780450821, 3.1627834971e-05],
      [0.0080806352323, 0.10252141665, 0.67703925922, 0.2123586889],
      [0.075728397365, 0.42485101863, 0.35923284403, 0.14018773998]
    ],
    [
      [0.34399279479, 0.13959436508, 0.48119615901, 0.035216681114],
      [0.040150379425, 0.024043306054, 0.82017520741, 0.11563110711],
      [0.025728065431, 0.9444080414, 0.029368740383, 0.00049515279118],
      [0.010045673093, 0.081607248679, 0.53215100961, 0.37619606862],
      [0.09830078552, 0.35356916231, 0.2920115605, 0.25611849168]
    ],
    [
      [0.42571716229, 0.10028832359, 0.44900999427, 0.024984519858],
      [0.04479813629, 0.022447221049, 0.84098837029, 0.091766272373],
      [0.034383042664, 0.92014323539, 0.040634460003, 0.0048392619465],
      [0.014577556071, 0.071078846518, 0.60057318992, 0.31377040749],
      [0.14761209381, 0.305256299, 0.33178933772, 0.21534226947]
    ],
    [
      [0.2933236679, 0.11371031628, 0.55837644798, 0.034589567845],
      [0.031449414265, 0.016910990275, 0.84804492646, 0.103594669],
      [0.027616588627, 0.93032238758, 0.03884993022, 0.0032110935707],
      [0.0081777980809, 0.062719149256, 0.58067950152, 0.34842355114],
      [0.087785139824, 0.29842508868, 0.35167640803, 0.26211336346]
    ]
  ],
  "expected_outcome": [
    [
      [1.7804983783, 2.2415400494, 0, 0.78146451298, 0.4468691591, 0.39507954978, 1.8764035388, 11.7738897346, 34.5152816262, 7.7377056793, 31.60569176, 5.7425397134, 6.7829720595, 20.2621933667, 8.7562397317, 15.4265930487, 10.5599013334, 9.6294031198, 5.6129930546, 17.3278044493, 7.696426117, 5.4092129768, 10.2396481728, 9.3710951531, 13.1594046203, 3.7197272093, 4.3805195492, 7.6517791848, 17.1662582364, 7.2512722602, 2.6243286827, 21.6354235951, 7.8737322844, 8.1620017236, 3.1902546023, 9.6277985697, 12.0787025475, 6.4042548363, 3.605831183, 7.2924690391, 5.5913737464, 1.2339036159, 6.0579846969, 24.5690912806, 22.5044674928, 3.9424318523, 16.4714730403, 0.76207930007, 1.6017505638, 1.580911658, 49.4827152838, 7.5678414854, 74.0747862377, 19.6526857496],
      [0.083600477278, 0.30088559651, 0, 0.085595949118, 0.21682105539, 0.77575129289, 1.8339073327, 7.8695698729, 9.4276579823, 4.4636915104, 12.7827290783, 7.1964092109, 2.8376078471, 16.843465895, 3.44110282, 7.0470567278, 4.8941527276, 3.1960892766, 1.0930470918, 7.6890466032, 3.7094046006, 2.9913088023, 7.5708189164, 4.9719277396, 7.9892778996, 1.2513395637, 1.4792437523, 3.3358458752, 10.8451956156, 4.338904208, 1.451359109, 11.3148494034, 7.3560845252, 5.0172261999, 2.2267203693, 5.2929437283, 8.0381939544, 1.5167852389, 1.3200395031, 2.1126808682, 4.6354380611, 1.3805964217, 1.5547354138, 8.8533000612, 11.2461132881, 2.5082990911, 13.3381720825, 0, 0.60856193764, 1.11929046, 31.9077740571, 3.0710760318, 17.4501683047, 7.6185911904],
      [0.11425350264, 1.3415277136, 0, 0.12367136031, 0.33630978551, 0.69147882227, 9.8467844757, 37.6550538498, 55.3998274361, 19.0884247738, 64.4203555778, 16.1640817874, 16.4606764955, 53.9340687005, 26.0486221268, 37.7058201599, 15.967952223, 19.6143580665, 6.0867368051, 37.071072134, 18.5981096334, 13.9771263106, 31.0892864609, 22.5801517911, 45.8792119622, 6.7591707388, 4.8796334086, 27.9735284304, 43.0027252436, 17.5357204648, 8.6000819136, 53.3907198485, 28.3666522901, 18.9570721849, 10.272335828, 20.2235667985, 33.3828287424, 9.7187679531, 6.7860598275, 16.8150258832, 16.086455379, 2.2250297693, 9.0605675557, 49.383930889, 52.6020840193, 14.8947536306, 48.0813401671, 2.2379206999, 1.6989427733, 4.8823032532, 111.9420313845, 10.5863154982, 78.1277390022, 37.4112220144],
      [0.021647641825, 0.11604664039, 0, 0.0092681775936, 0, 0.13769033506, 0.44290465287, 1.7014865427, 2.6572329554, 0.71017803655, 2.1912235839, 0.89696928827, 0.91874359786, 1.9602720378, 0.75403532153, 1.8205300637, 0.57799371607, 1.5601495371, 0.2072230485, 1.9120768134, 0.99605964902, 0.62235191039, 1.1002464499, 1.0768253163, 1.9721055179, 0.26976248824, 0.26060328993, 1.0388465096, 1.9858209044, 0.87410306705, 0.3242302948, 1.659007153, 1.4035309003, 0.86369989172, 0.31068920041, 0.85569090355, 1.5002747556, 0.36019197174, 0.28806948635, 0.77982420958, 0.68673281345, 0.1604701931, 0.32671233354, 2.1936777692, 2.6473351998, 0.65451542595, 2.1090147101, 0, 0.09074472523, 0.41749462877, 3.6674792746, 0.77476698451, 4.3473064554, 2.3175010456]
    ],
    [
      [0.974746356, 0.53595988533, 0, 0.70309328044, 0.35998801666, 0.38767355322, 0.29561121503, 9.1424202583, 18.2140885367, 10.4173953903, 11.9845356632, 6.3938654331, 2.9649090465, 8.8331054229, 3.6681504059, 6.595635691, 15.48058679, 2.1340658854, 5.5419374439, 19.4812412959, 6.3454287698, 3.127342, 3.3828062845, 3.6917904373, 5.47317446, 4.694127965, 6.0440001415, 5.477243395, 12.0472518751, 10.7516028736, 2.0794398536, 10.2546494374, 1.8198982, 3.6558525007, 5.0780241316, 6.0878332764, 6.2667330595, 4.7473045956, 8.4258265303, 8.3926585585, 5.4447120304, 0.32783547225, 7.220832507, 14.9183439846, 13.488724263, 4.4927434877, 5.8269815721, 0.23792069993, 1.3474099435, 4.2031101862, 27.4221396691, 6.5846622257, 36.510481076, 5.6608945677],
      [0.72690313347, 0.20693233181, 0.047266147863, 0.21641427668, 0.14382317067, 0.59427726123, 3.2864338367, 9.8521376288, 8.0179849268, 8.3298928195, 6.8191386999, 14.2011703119, 1.6042361475, 10.9822729108, 1.8589568152, 4.0455772182, 10.2240888983, 0.76366965644, 2.48636543, 11.9221081758, 4.0983641325, 2.3370196642, 3.8205030748, 2.6152626996, 5.4602808868, 2.1669676572, 3.300614943, 2.9765490656, 10.8200581727, 8.9860896058, 1.5812518591, 7.4794719232, 2.9301448084, 3.0389227855, 5.5700146261, 4.5139423856, 6.0520840842, 1.8864190613, 4.2303237078, 3.1926719697, 6.9636655869, 0.25438371411, 3.0720176887, 7.443193692, 9.2964980998, 5.057967332, 7.3413304365, 0, 0.74207062493, 4.1984821712, 24.8488426763, 3.9431021928, 18.2944851548, 3.0439782494],
      [3.9197294345, 7.9656210059, 3, 4.5656017529, 4.4961888127, 5.1521736725, 153.597387075, 465.4564787937, 452.9735099905, 363.7534206503, 347.9538024652, 305.8068217117, 99.5272980832, 351.1412688909, 149.0503332179, 225.8708016704, 343.263841972, 47.637164233, 109.6397390333, 588.9819581992, 213.1797360369, 114.4608267502, 156.8895856622, 124.007715826, 308.8404150501, 122.4094591868, 107.2588838547, 318.0170976776, 435.46743228, 369.908162715, 97.9676019237, 356.7104320091, 110.4905861479, 119.5412819329, 250.1487547179, 179.4084847084, 254.1619697653, 115.8312825012, 223.4182581284, 276.0169356627, 241.2319639571, 4.7882162376, 171.5120220744, 429.0233178409, 445.1667481791, 299.2989752797, 264.0185934545, 3.7620793001, 22.5286537082, 172.5544558268, 883.5279036868, 134.5087340158, 685.4055217856, 152.6480867637],
      [0.37862107605, 1.2914867769, 0.95273385214, 0.51489068996, 0, 1.8658755131, 13.8205678733, 41.5489633193, 42.7944165461, 26.4992911399, 23.2425231717, 33.5981425434, 10.9035567228, 25.0433527754, 8.422559561, 21.4879854203, 24.0314823396, 7.4651002252, 7.3319580928, 59.6146923291, 22.3764710607, 10.0748115856, 10.9071049785, 11.6852310371, 26.2261296032, 9.729445191, 11.3965010609, 23.5291098617, 39.6652576721, 36.3541448056, 7.3717063636, 21.5554466303, 10.7593708437, 10.7639427809, 14.2032065243, 14.9897396296, 22.519213091, 8.5349938419, 18.9255916334, 25.3977338091, 20.3596584256, 0.62956457599, 12.19512773, 37.6151444825, 44.0480294581, 26.1503139007, 22.8130945369, 0, 2.3818657233, 26.0439518158, 56.2011139678, 18.9635015657, 74.7895119836, 18.6470404192]
    ],
    [
      [0.37721158218, 0.35076887232, 0, 0.045771188317, 0.10687143021, 0, 0.48704324671, 5.3075682329, 16.9047720494, 6.4161143153, 14.5844267549, 1.9750004939, 4.0565758198, 7.5737943051, 3.5196215875, 6.347403554, 6.3468902665, 2.2833124493, 5.5032985959, 17.1571985243, 3.992905481, 4.2815603379, 2.999910119, 2.9465546783, 5.2126931959, 3.6795141097, 3.0589447902, 3.0080965809, 8.8839357826, 5.4650146964, 2.0463931305, 9.1861503496, 1.6312306205, 2.9177693307, 2.6872991366, 4.6775290444, 7.0706095492, 3.8846287938, 2.5645262654, 8.1201241479, 3.7868599703, 0.17684594571, 3.82885869, 11.3896681763, 10.7623760922, 2.7650086263, 4.4992520532, 0, 2.2995139146, 1.9218509761, 19.9986563277, 4.0907624035, 27.3689019602, 6.213732441],
      [6.0578623917, 10.1767464773, 2.9527338521, 8.6783723203, 5.8931285698, 7.9542611227, 96.4820713102, 339.5396249317, 433.7703498337, 321.3647982209, 513.4512681393, 572.1477677971, 143.4505047404, 632.7424157171, 119.7313026391, 249.5132233192, 265.7311041951, 73.3406593823, 126.494844782, 656.5992968385, 166.4341486481, 203.2425214893, 221.6737673816, 134.653733701, 313.9337757903, 111.0938822441, 106.4971994008, 119.9321697463, 498.8964704845, 285.9535822132, 101.6972991572, 412.8114834728, 257.4918285303, 153.9391655564, 175.2231925217, 218.8922098531, 437.1007972019, 89.9169231844, 84.6336363394, 207.8203393648, 320.790501067, 18.4661785151, 93.2963541001, 360.2128987733, 464.2555569559, 173.6865373057, 384.3049327467, 0, 80.7937475681, 167.5942185523, 1119.0019633307, 150.1608785818, 732.4340153677, 209.322537206],
      [1.2309790596, 0.33184741255, 0, 0, 0, 0.045738877307, 4.4791319757, 13.6566604143, 21.8414705163, 11.3753863798, 21.7758374652, 10.7692740761, 6.7950909921, 17.7421866031, 7.3732032061, 10.8737099622, 7.5833197793, 4.3760281684, 6.495242417, 26.4160469447, 6.8240608758, 7.4764257613, 7.7671601871, 4.7315825229, 15.1751322758, 4.682553819, 2.9351012823, 8.3114958531, 16.3332199273, 9.4715097755, 4.6983753917, 16.6547900554, 8.6591435242, 4.4754646428, 6.9750304646, 6.6436774563, 15.0467264106, 4.7086022735, 3.4349097369, 13.5058001759, 9.3130908763, 0, 4.4961837682, 16.5919843888, 18.0085024883, 8.6011913079, 11.7827051273, 0, 1.375533367, 7.4839304715, 34.9622492633, 4.6696297209, 32.3450301626, 8.7412342995],
      [0.33394696649, 0.14063723787, 0.047266147863, 0.27585649136, 0, 0, 0.55175346742, 1.4961464212, 2.4834076005, 0.84370108388, 1.1884676406, 2.1079576328, 0.69782844758, 0.94160337473, 0.37587256739, 1.2656631646, 0.3386857591, 0, 0.50661420518, 2.8274576925, 0.74888499512, 0.9994924115, 0.55916231234, 0.66812909783, 1.678398738, 0.54404982716, 0.50875452671, 0.74823781967, 1.8863738056, 1.1098933149, 0.55793232062, 0.34757612222, 1.217797325, 0.6676004701, 0.11447787713, 0.78658364616, 1.7818668383, 0.48984574836, 0.36692765825, 1.5537363114, 1.1095480865, 0.3569755392, 0.37860344172, 1.8054486616, 1.9735644635, 0.94726276005, 1.4131100728, 0, 0.53120515033, 0, 0.037131078256, 0.078729293798, 3.8520525094, 0.7224960534]
    ],
    [
      [0.11694879893, 0, 0, 0, 0, 0.012194060793, 0.047198359264, 0.34850459244, 0.52461933023, 0.38995604055, 0.18316970327, 0.18744775386, 0.081735491989, 0.28815671724, 0.10081171202, 0.18368656545, 0.40428228887, 0, 0.21815812321, 0.58877797967, 0.19330456418, 0.13474685698, 0.047632295942, 0.07778208147, 0.15839026847, 0.21563666461, 0.24032621178, 0.15594891305, 0.33892375901, 0.23445765513, 0.044668584483, 0.23852122012, 0.035839291472, 0.10980414539, 0.13913523214, 0.18214861877, 0.17302160458, 0.10546571915, 0.25259757706, 0.21471268152, 0.21884867925, 0, 0.29390596334, 0.70067537423, 0.35403569301, 0.13297152058, 0.1268457948, 0, 0.039603690582, 0.12034514961, 0.78382161754, 0.20091346187, 0.93296358856, 0.049066788485],
      [0.054197920707, 0, 0, 0, 0, 0.2779740053, 1.6882418708, 4.8153126935, 2.8998548813, 4.422850479, 1.4606596298, 4.9477861355, 0.66957047713, 4.7981432472, 0.77453900843, 1.6467510679, 3.7337294757, 0, 0.92392157049, 5.1315231722, 1.821277605, 1.4651312758, 0.70106267203, 0.81259024528, 1.9672594769, 1.4434280977, 1.7075110471, 1.380329992, 4.2381632671, 2.7676715486, 0.49130722149, 2.4520510631, 0.68093975454, 1.3284663617, 1.9560859754, 1.9675745659, 2.2919313794, 0.51250400843, 1.8298514863, 1.2302481341, 3.7131747522, 0, 1.5688928773, 4.9878379454, 3.4762960872, 1.7743722099, 2.0640212946, 0, 0.318161375, 1.7474493005, 9.9445774146, 1.6321449736, 4.5490461772, 0.37631489553],
      [0.61120720878, 0, 0, 0, 0, 0.48208425037, 17.0355837215, 43.3933333693, 32.1077565725, 35.6675804997, 13.8713181361, 20.9294574518, 7.3313909366, 28.953920259, 11.0592543404, 16.608151943, 22.9830120853, 0, 9.728120876, 46.6141884229, 17.2331081851, 12.9461883976, 5.431177892, 6.9753587714, 21.2845082267, 14.769069505, 10.6683858712, 21.8470954938, 31.6658565192, 21.0874335937, 5.503845471, 21.8042798701, 4.9609518918, 9.49094937, 17.0175228404, 14.1935537459, 17.9420372348, 6.215638985, 17.7850026178, 18.4768178732, 24.296399742, 0, 17.2620198272, 52.4327591302, 30.6306298563, 19.8653871909, 14.0290269292, 0, 1.7287440365, 14.3901042481, 65.6728081442, 10.6430201921, 38.4366841549, 3.4840770091],
      [0.21764607159, 0, 0, 0, 0, 1.2277476835, 7.2289760485, 18.4428493447, 14.4677692159, 12.5196129808, 4.4848525308, 10.9353086588, 3.9173030942, 9.9597797765, 3.0653949391, 7.5614104236, 7.8789761501, 0, 3.1297994303, 22.6655104252, 8.7523096457, 5.4539334696, 1.82012714, 3.1342689019, 8.589842028, 5.5718657326, 5.3837768699, 7.6166256012, 13.7570564547, 9.9104372025, 1.9601787231, 6.5051478467, 2.3222690622, 4.0707801229, 4.8872559521, 5.6567230695, 7.5930097812, 2.1663912874, 7.1325483188, 8.0782213112, 9.7715768265, 0, 5.8751813322, 21.8787275501, 14.5390383635, 8.2272690786, 5.7801059814, 0, 0.91349089788, 11.7421013018, 20.5987928236, 7.5239213724, 20.0813060794, 2.0905413069]
    ],
    [
      [0.75059488464, 0.8717311929, 0, 0.46967101827, 0.086271394031, 0.20505283621, 1.2937436402, 4.4276171818, 10.8412384575, 5.0388285745, 8.6421761186, 4.7011466058, 3.1138075822, 5.042750188, 2.955176563, 5.4466811408, 8.2083393212, 1.9532185455, 5.1236127824, 8.4449777507, 3.7719350679, 2.0471378284, 4.3300031277, 1.9127776499, 4.9963374554, 2.6909940514, 4.2762093073, 2.7069319263, 6.5636303469, 6.2976525147, 2.2051697487, 5.6852553978, 1.6392996036, 2.1545722997, 3.9052868973, 4.4246904907, 5.4109332392, 3.8583460552, 2.1512184441, 4.980035573, 3.9582055736, 0.2614149661, 4.5984181428, 8.4222211842, 8.8903964589, 2.6668445131, 4.0754475396, 0, 0.71172188754, 1.1737820301, 14.3126671019, 2.5558204235, 30.1128671375, 3.4236204531],
      [0.077436076835, 1.3154355944, 0, 1.0196174539, 0.74622720415, 3.3977363179, 11.7093456497, 25.9233548732, 25.8841523759, 25.4187669702, 30.4862044527, 52.5068665446, 11.4380807878, 36.6337022299, 10.1940987173, 21.7473916669, 33.4169247033, 5.6995816847, 9.0018211257, 32.6580252103, 15.9368050139, 9.9640187684, 28.2338479552, 8.9464856145, 26.6494059465, 8.0443824373, 13.0154308569, 10.3751053209, 36.2001124601, 32.9537524244, 10.7787826533, 25.9421441374, 13.5410023816, 11.6762190966, 24.0239865075, 21.3333294671, 31.5169933801, 8.167368507, 6.9861489634, 12.6440596633, 28.8972205328, 2.8988413491, 10.5079999201, 26.5027695282, 38.7255355689, 14.9728240613, 28.9515434398, 0, 2.5374584943, 7.3405595159, 80.2968425212, 9.19279822, 62.2722849956, 11.6385784585],
      [0.12383079448, 1.3610038679, 0, 0.31072688676, 0.16750140182, 0.62852437758, 15.0411127521, 29.8384735729, 36.6774354846, 26.1151876964, 36.9786863557, 28.330364973, 15.8855434925, 28.2285555465, 18.4685871088, 27.9415162645, 26.2018739404, 8.3724495321, 12.0501608686, 37.9167342992, 19.1649852687, 11.1394327803, 27.8227897979, 9.7051910887, 36.8207324852, 10.3797467504, 10.2579955832, 20.850782545, 34.5307660299, 31.9971734509, 15.2300953001, 29.4397782169, 12.522666146, 10.5352318694, 26.5863561491, 19.5307172909, 31.4664378468, 12.5257082872, 8.5757696893, 24.185420405, 24.0720900456, 0.98675399305, 14.6692067746, 35.5680077511, 43.592035457, 21.3396925909, 25.0883343219, 0, 1.6681261149, 7.6892062004, 67.8950075212, 7.592300573, 67.6850248947, 13.7153799133],
      [0.048138244042, 1.4518293448, 0, 0.19998464108, 0, 1.7686864683, 7.955797958, 15.8105543722, 20.5971736821, 11.4272167589, 14.8929330729, 18.4616218767, 10.5625681375, 12.0949920355, 6.3821376109, 15.8644109277, 11.1728620351, 8.9747502377, 4.8244052232, 22.9802627397, 12.1262746494, 5.8494106229, 11.6133591192, 5.4355456469, 18.5335241129, 4.8848767609, 6.4503642526, 9.0671802078, 18.7054911632, 18.7514216099, 6.7859522979, 10.9328222478, 7.2970318687, 5.6339767343, 9.484370446, 9.7112627512, 16.6056355339, 5.4485771506, 4.2868629031, 13.1904843588, 12.072483848, 0.85298969171, 6.2243751626, 18.5070015366, 25.7920325151, 11.0206388347, 12.8846746987, 0, 1.0826935032, 7.7964522536, 26.4954828556, 6.6590807836, 43.9298229722, 10.222421175]
    ]
  ],
  "prob": [
    [0.26669386587, 0.13062544658, 0.57685448574, 0.025826201814],
    [0.028490345283, 0.019499928088, 0.87494771578, 0.077062010852],
    [0.022193010433, 0.9394951899, 0.034820932091, 0.0034908675748],
    [0.008051508523, 0.077482890931, 0.64375779816, 0.27070780239],
    [0.082263335334, 0.34969559864, 0.37263755056, 0.19540351547]
  ],
  "iterations": 194,
  "time": 0.027391,
  "message": "Converged",
  "status": 0,
  "miniter": 0,
  "maxiter": 1000,
  "maxtime": 3600,
  "param_threshold": 0.001,
  "ll_threshold": "-Inf",
  "initial_prob": "random",
  "adjust_prob_cond_method": "project_lp",
  "adjust_prob_cond_every": false,
  "candidates_id": ["O'HALLORAN, Lawrence John.c", "PLIMMER, Malcolm Ross.c", "LEES-GALLOWAY, Iain Francis.c", "Other candidates votes.c"],
  "group_id": ["Green Party.p", "Labour Party.p", "National Party.p", "New Zealand First Party.p", "Other parties votes.p"]
}
