{
  "X": [
    [4, 7, 6, 1],
    [4, 12, 11, 3],
    [0, 3, 3, 1],
    [2, 10, 5, 1],
    [1, 7, 5, 0],
    [1, 13, 7, 5],
    [4, 115, 200, 30],
    [31, 388, 590, 79],
    [81, 480, 599, 83],
    [30, 364, 456, 52],
    [67, 565, 485, 46],
    [19, 651, 382, 66],
    [17, 160, 146, 27],
    [42, 702, 480, 50],
    [19, 136, 212, 19],
    [34, 284, 319, 48],
    [41, 318, 416, 44],
    [16, 83, 80, 18],
    [22, 140, 144, 16],
    [63, 714, 737, 110],
    [22, 192, 275, 45],
    [15, 220, 160, 23],
    [21, 262, 229, 26],
    [18, 152, 168, 22],
    [29, 356, 428, 57],
    [15, 124, 159, 21],
    [18, 126, 136, 24],
    [19, 138, 397, 42],
    [45, 561, 561, 76],
    [30, 335, 450, 67],
    [9, 116, 132, 17],
    [47, 460, 478, 41],
    [13, 282, 165, 23],
    [17, 175, 163, 22],
    [15, 209, 311, 29],
    [25, 252, 240, 32],
    [31, 485, 352, 50],
    [19, 102, 149, 17],
    [17, 99, 260, 31],
    [29, 227, 349, 49],
    [19, 365, 315, 44],
    [2, 23, 8, 2],
    [22, 110, 217, 25],
    [60, 408, 583, 82],
    [56, 527, 590, 89],
    [14, 198, 364, 47],
    [31, 436, 363, 45],
    [1, 0, 6, 0],
    [6, 85, 29, 5],
    [9, 182, 207, 46],
    [112, 1266, 1164, 107],
    [21, 168, 168, 34],
    [169, 835, 902, 147],
    [35, 232, 216, 34]
  ],
  "W": [
    [2, 6, 8, 1, 1],
    [4, 10, 11, 0, 5],
    [0, 4, 3, 0, 0],
    [1, 6, 9, 0, 2],
    [1, 5, 6, 0, 1],
    [2, 8, 8, 2, 6],
    [14, 171, 102, 26, 36],
    [59, 526, 360, 67, 76],
    [102, 522, 475, 50, 94],
    [32, 409, 340, 53, 68],
    [111, 390, 551, 20, 91],
    [30, 360, 587, 37, 104],
    [27, 115, 155, 12, 41],
    [93, 396, 659, 44, 82],
    [39, 163, 131, 15, 38],
    [62, 258, 268, 26, 71],
    [32, 393, 280, 35, 79],
    [34, 58, 80, 0, 25],
    [13, 125, 139, 14, 31],
    [64, 680, 703, 75, 102],
    [31, 246, 178, 28, 51],
    [23, 130, 216, 20, 29],
    [50, 175, 233, 8, 72],
    [38, 142, 143, 11, 26],
    [69, 346, 336, 32, 87],
    [12, 139, 120, 22, 26],
    [11, 128, 113, 18, 34],
    [40, 350, 132, 31, 43],
    [73, 498, 526, 50, 96],
    [30, 426, 302, 34, 90],
    [13, 109, 109, 8, 35],
    [88, 396, 439, 31, 72],
    [45, 126, 269, 8, 35],
    [33, 137, 162, 15, 30],
    [16, 275, 185, 24, 64],
    [36, 205, 231, 22, 55],
    [55, 289, 461, 28, 85],
    [18, 131, 99, 9, 30],
    [12, 255, 91, 27, 22],
    [27, 313, 231, 28, 55],
    [27, 274, 335, 38, 69],
    [5, 6, 19, 0, 5],
    [17, 194, 102, 25, 36],
    [85, 489, 390, 80, 89],
    [89, 512, 495, 49, 117],
    [22, 335, 186, 30, 50],
    [80, 300, 402, 22, 71],
    [3, 4, 0, 0, 0],
    [4, 27, 85, 3, 6],
    [8, 207, 177, 28, 24],
    [197, 992, 1174, 97, 189],
    [22, 164, 159, 20, 26],
    [174, 815, 796, 64, 204],
    [67, 180, 225, 6, 39]
  ],
  "method": "mvn_pdf",
  "cond_prob": [
    [
      [0.89179976259, 0.041130484475, 0.05613176547, 0.010937987465],
      [0.17041555861, 0.12208468431, 0.64160172625, 0.065898030828],
      [0.042208014657, 0.7598996461, 0.15318843099, 0.044703908253],
      [0.086256711307, 0.032690444988, 0.69606376499, 0.18498907872],
      [0.76998629461, 0.073343311405, 0.11655489862, 0.040115495362]
    ],
    [
      [0.55526392765, 0.075484722159, 0.34701741715, 0.022233933042],
      [0.051628579533, 0.026809091357, 0.78432584093, 0.13723648818],
      [0.03070012251, 0.92046162288, 0.030817597585, 0.018020657025],
      [0.013283190553, 0.021113011242, 0.57435112067, 0.39125267754],
      [0.18499142929, 0.26097846922, 0.28593566973, 0.26809443176]
    ],
    [
      [0, 1.4195648042e-06, 0.85276221941, 0.14723636103],
      [0, 0.019701258449, 0.75, 0.23029874155],
      [0, 0.9737316554, 0, 0.026268344598],
      [3.0981107516e-05, 0.001638754985, 0.14523448558, 0.85309577833],
      [0.00024061157771, 0.00067223615046, 0.60585553343, 0.39323161884]
    ],
    [
      [0.77557950297, 0.082725849454, 0.13400317348, 0.0076914740888],
      [0.10923392244, 0.048909980445, 0.75402975088, 0.087826346228],
      [0.0071229640394, 0.96221159664, 0, 0.030665439322],
      [0.024585212362, 0.053576936558, 0.66241087531, 0.25942697577],
      [0.252455143, 0.48195494906, 0.17090916061, 0.094680747323]
    ],
    [
      [0.43704292271, 0.19947835232, 0.36347872497, 0],
      [0.071835199154, 0.041946612527, 0.88621818832, 0],
      [0.017334986734, 0.98266501327, 0, 0],
      [0.0082162887937, 0.056874632044, 0.89269874949, 0.042210329673],
      [0.099771161114, 0.69479850545, 0.20543033344, 0]
    ],
    [
      [0.19785722411, 0.39727479211, 0.3544918726, 0.050376111179],
      [0.047312159103, 0.099864371441, 0.60855048783, 0.24427298162],
      [0, 0.98444095855, 0.015559041448, 0],
      [0.0056996233888, 0.058023853932, 0.30399010693, 0.63228641575],
      [0.035731505362, 0.56916001133, 0.11502663445, 0.28008184886]
    ],
    [
      [0.13432058363, 0.13288028976, 0.70939665586, 0.023402470751],
      [0.0016085596651, 0.026694270396, 0.88474778628, 0.08694938366],
      [0.0042630386386, 0.94260911089, 0.043413489784, 0.0097143606859],
      [0.0010652858191, 0.025077812611, 0.72686051559, 0.24699638598],
      [0.03838668761, 0.32713342408, 0.42916738892, 0.2053124994]
    ],
    [
      [0.20011512332, 0.13391882101, 0.64497731749, 0.020988738182],
      [0.017256504604, 0.026644696451, 0.87235289222, 0.083745906725],
      [0.01419300329, 0.939818109, 0.037893420591, 0.0080954671157],
      [0.0040366601974, 0.027448694707, 0.72562969636, 0.24288494874],
      [0.062320380065, 0.34092233475, 0.40565652489, 0.1911007603]
    ],
    [
      [0.33959211337, 0.092996035134, 0.54863789719, 0.018773954302],
      [0.034725923023, 0.021717555383, 0.85733768654, 0.08621883505],
      [0.034186142604, 0.9098552587, 0.045930425672, 0.010028173028],
      [0.0081733123749, 0.022164589075, 0.71744817212, 0.25221392643],
      [0.1232722262, 0.27540811885, 0.40233299266, 0.19898666229]
    ],
    [
      [0.24240511448, 0.1397696489, 0.60171380686, 0.016111429758],
      [0.025309367431, 0.02927287631, 0.87663095018, 0.068786806076],
      [0.018264902515, 0.94286495139, 0.033453692436, 0.0054164536561],
      [0.0057980450475, 0.031797621504, 0.75391259682, 0.20849173663],
      [0.079031497276, 0.37199128545, 0.395168772, 0.15380844527]
    ],
    [
      [0.28463697156, 0.11442603633, 0.58688162375, 0.01405536836],
      [0.030461539861, 0.024874386584, 0.88236804434, 0.062296029214],
      [0.025728449394, 0.92906539437, 0.040076447643, 0.0051297085894],
      [0.0071260596729, 0.027373293765, 0.77216863907, 0.19333200749],
      [0.10116921759, 0.33115605522, 0.4198583191, 0.14781640809]
    ],
    [
      [0.19091422015, 0.2379492994, 0.54944581421, 0.021690666233],
      [0.01720899474, 0.053813647042, 0.83203026563, 0.096947092586],
      [0.0032096830122, 0.97162193771, 0.019482337612, 0.0056860416647],
      [0.0040931202395, 0.052907543715, 0.67039957122, 0.27259976482],
      [0.048478903, 0.50181684163, 0.28600782339, 0.16369643198]
    ],
    [
      [0.25196307697, 0.10703886367, 0.61621164233, 0.024786417032],
      [0.025571531658, 0.020776527321, 0.85270824182, 0.1009436992],
      [0.024964349896, 0.92188871427, 0.043290006869, 0.0098569289693],
      [0.0053720504989, 0.021513717541, 0.68415413069, 0.28896010127],
      [0.081032486373, 0.28218865164, 0.39953749304, 0.23724136894]
    ],
    [
      [0.21808336562, 0.18052062222, 0.5861735253, 0.015222486863],
      [0.02205955286, 0.039244879875, 0.87212547365, 0.066570093613],
      [0.011180696018, 0.95821494116, 0.027217079989, 0.0033872828359],
      [0.0052069778628, 0.042032424246, 0.75020236652, 0.20255823137],
      [0.0656765654, 0.44338459529, 0.35584408221, 0.13509475709]
    ],
    [
      [0.22456426837, 0.089032635305, 0.6723219997, 0.014081096623],
      [0.022455468475, 0.016458866537, 0.90539804708, 0.055687617908],
      [0.02578018828, 0.91138824499, 0.056047207207, 0.0067843595225],
      [0.0051447244717, 0.01917933273, 0.79968857814, 0.17598736466],
      [0.082299385273, 0.26751004981, 0.49636967162, 0.1538208933]
    ],
    [
      [0.24904843438, 0.1146499293, 0.6148314028, 0.021470233528],
      [0.025306665887, 0.022832955791, 0.8631486592, 0.088711719117],
      [0.022715322446, 0.9275834274, 0.040417394298, 0.0092838558509],
      [0.0055326729491, 0.024145569948, 0.71336626076, 0.25695549634],
      [0.081666497994, 0.30676983699, 0.40575654225, 0.20580712276]
    ],
    [
      [0.32893238877, 0.14947396727, 0.50847605673, 0.013117587228],
      [0.038536433834, 0.036320095928, 0.86080546846, 0.064338001775],
      [0.022363049735, 0.94627568214, 0.027941644888, 0.0034196232338],
      [0.0091079566148, 0.040002665709, 0.74984848294, 0.20104089474],
      [0.11074572981, 0.41247786136, 0.34637796971, 0.13039843911]
    ],
    [
      [0.28369970217, 0.095901505731, 0.58877796546, 0.031620826638],
      [0.029439281522, 0.019626638816, 0.80744970167, 0.14348437799],
      [0.031924014413, 0.91012738571, 0.054771888919, 0.0031767109537],
      [0.005210020979, 0.017064287206, 0.57684932813, 0.40087636369],
      [0.083712425801, 0.23163251587, 0.35070861454, 0.33394644379]
    ],
    [
      [0.43255459237, 0.084669713147, 0.47121399636, 0.011561698114],
      [0.044274075982, 0.026505119679, 0.86683583262, 0.062384971715],
      [0.037773492525, 0.90862891607, 0.046672330998, 0.0069252604037],
      [0.011859870009, 0.025288771517, 0.76843713761, 0.19441422087],
      [0.1750315213, 0.28815134303, 0.39594080755, 0.14087632813]
    ],
    [
      [0.27256022515, 0.12088618554, 0.58524927494, 0.021304314374],
      [0.028554889362, 0.025335824986, 0.85473640489, 0.091372880762],
      [0.023574359278, 0.93062158718, 0.037382140437, 0.0084219131068],
      [0.006260891997, 0.026406723229, 0.70320514782, 0.26412723695],
      [0.089181170121, 0.32183767752, 0.38532608102, 0.20365507134]
    ],
    [
      [0.2486014037, 0.12019908177, 0.60778162704, 0.023417887486],
      [0.025478123312, 0.024071558985, 0.85395461618, 0.09649570152],
      [0.02160204775, 0.93100564246, 0.038418750894, 0.0089735588997],
      [0.00544569668, 0.024831605981, 0.69256906843, 0.27715362891],
      [0.078982238117, 0.31250854177, 0.38932279227, 0.21918642785]
    ],
    [
      [0.23731845274, 0.13282711028, 0.61030584962, 0.019548587367],
      [0.02414699244, 0.02660367172, 0.86727219726, 0.081977138581],
      [0.018980346744, 0.9389729262, 0.033773824587, 0.0082729024734],
      [0.0053774024409, 0.028542688441, 0.72611908651, 0.23996082261],
      [0.075698745669, 0.34818942458, 0.39310524049, 0.18300658926]
    ],
    [
      [0.2036927887, 0.15002534122, 0.6301715044, 0.016110365674],
      [0.01888781867, 0.030718086074, 0.88397248012, 0.066421615139],
      [0.012358470316, 0.94857665866, 0.033815658439, 0.0052492125837],
      [0.0046133194201, 0.03288478977, 0.76107233477, 0.20142955604],
      [0.063799474425, 0.38668927903, 0.40039741201, 0.14911383454]
    ],
    [
      [0.24677140715, 0.13018600764, 0.60250881136, 0.020533773852],
      [0.025685896486, 0.0263154277, 0.86158203375, 0.086416642062],
      [0.020042626852, 0.93789382771, 0.033462213119, 0.0086013323144],
      [0.0055823836142, 0.027989333121, 0.71628547972, 0.25014280354],
      [0.078761052602, 0.34190157496, 0.38829921625, 0.19103815619]
    ],
    [
      [0.19083850388, 0.11656721251, 0.67174940157, 0.020844882049],
      [0.015650496741, 0.022536351939, 0.88126195357, 0.080551197753],
      [0.01478816677, 0.93078125985, 0.045048608731, 0.009381964645],
      [0.0037991679736, 0.023314612009, 0.7380013106, 0.23488490942],
      [0.06122613736, 0.30655992725, 0.4365549527, 0.19565898269]
    ],
    [
      [0.31197875155, 0.10615453802, 0.56543413642, 0.016432574007],
      [0.033816234296, 0.022956350752, 0.86818257929, 0.075044835666],
      [0.029326601115, 0.92408349047, 0.038261004776, 0.0083289036433],
      [0.0077048660723, 0.025175633012, 0.74413844316, 0.22298105776],
      [0.11027304719, 0.31120500027, 0.40673251998, 0.17178943256]
    ],
    [
      [0.3981453313, 0.13509649576, 0.44934000144, 0.017418171503],
      [0.046464022023, 0.036320301031, 0.82265185701, 0.094563819934],
      [0.026034372, 0.94029506779, 0.026028142092, 0.0076424181207],
      [0.010589248266, 0.037000774953, 0.68049692535, 0.27191305143],
      [0.13354458918, 0.3807524531, 0.31081463453, 0.17488832319]
    ],
    [
      [0.19116312475, 0.083643416942, 0.70630708775, 0.018886370562],
      [0.015611465512, 0.012796101199, 0.90027104454, 0.071321388744],
      [0.021909977638, 0.90401692779, 0.063122328327, 0.010950766247],
      [0.0038096752694, 0.016377645211, 0.76890773242, 0.2109049471],
      [0.06695918836, 0.2404113124, 0.49964101989, 0.19298847936]
    ],
    [
      [0.23541566784, 0.14804393837, 0.5968881434, 0.01965225039],
      [0.023892454467, 0.030820692979, 0.86169776949, 0.083589083062],
      [0.016391558495, 0.94528122321, 0.031361976954, 0.0069652413408],
      [0.0053681009276, 0.0324093033, 0.71876923468, 0.2434533611],
      [0.073185928203, 0.37505936273, 0.37361265327, 0.1781420558]
    ],
    [
      [0.24092714684, 0.14233077398, 0.59564781633, 0.021094262846],
      [0.024681206027, 0.029451392275, 0.85645640709, 0.089410994603],
      [0.017678203332, 0.94259984785, 0.032231101298, 0.0074908475236],
      [0.0054283918654, 0.030645791533, 0.7060475904, 0.2578782262],
      [0.074828989973, 0.360851919, 0.37267472691, 0.19164436412]
    ],
    [
      [0.20123506679, 0.11200831334, 0.66855843906, 0.018198180814],
      [0.018813699158, 0.020979414761, 0.88823458627, 0.071972299807],
      [0.017983668558, 0.92968410026, 0.043203992642, 0.009128238544],
      [0.0042949814019, 0.023012626617, 0.75986516104, 0.21282723094],
      [0.066819177127, 0.30678479362, 0.44865754006, 0.17773848919]
    ],
    [
      [0.24582126974, 0.12751065689, 0.61319727236, 0.013470801003],
      [0.02567573942, 0.026824706664, 0.89014156534, 0.057357988577],
      [0.020403107202, 0.93769519256, 0.03847615154, 0.0034255486968],
      [0.0059903510712, 0.02957399057, 0.78224726685, 0.18218839151],
      [0.084131534826, 0.35543743212, 0.42224839388, 0.13818263918]
    ],
    [
      [0.17518575348, 0.16401585818, 0.63845088693, 0.02234750141],
      [0.014261178598, 0.032772780908, 0.86420345116, 0.088762589337],
      [0.0056897812365, 0.95402144037, 0.032276290822, 0.0080124875697],
      [0.0035402399994, 0.03299292436, 0.70815548529, 0.25531135035],
      [0.050310271926, 0.38840586093, 0.37235740368, 0.18892646346]
    ],
    [
      [0.24762280009, 0.15205910381, 0.58121341748, 0.019104678619],
      [0.026369503434, 0.031800768918, 0.85872874106, 0.083100986589],
      [0.017457177949, 0.94747528737, 0.027778618221, 0.0072889164649],
      [0.0058226659751, 0.033955422671, 0.71825121989, 0.24197069146],
      [0.076680760305, 0.38750054464, 0.36334050827, 0.17247818679]
    ],
    [
      [0.19827118786, 0.1374628502, 0.65015051117, 0.014115450772],
      [0.018093231518, 0.028273585685, 0.89850184358, 0.055131339216],
      [0.01407909733, 0.94426054288, 0.038357150779, 0.0033032090118],
      [0.0044385569395, 0.030270085684, 0.7872494589, 0.17804189847],
      [0.064700999284, 0.36891681007, 0.42999257702, 0.13638961363]
    ],
    [
      [0.26721944163, 0.14689570039, 0.56851356847, 0.017371289514],
      [0.02928049006, 0.031577330505, 0.8615416551, 0.077600524338],
      [0.019596935106, 0.9450431895, 0.028928529605, 0.0064313457854],
      [0.0065502985156, 0.034158213723, 0.72992909774, 0.22936239002],
      [0.085574564767, 0.38512626464, 0.36684621366, 0.16245295693]
    ],
    [
      [0.21989647892, 0.14688873311, 0.6134900747, 0.019724713271],
      [0.021456036013, 0.029999136329, 0.86652158637, 0.082023241286],
      [0.014726013951, 0.94539569808, 0.03261266698, 0.0072656209878],
      [0.0048765461844, 0.031506565622, 0.72406571712, 0.23955117107],
      [0.067996041493, 0.3710796309, 0.38264738675, 0.17827694086]
    ],
    [
      [0.35474277319, 0.084206536993, 0.54650872934, 0.014541960478],
      [0.035914327864, 0.019925941011, 0.87524755022, 0.068912180908],
      [0.037844158025, 0.90510826081, 0.048043381383, 0.0090041997857],
      [0.0089500188131, 0.021258176014, 0.7622181816, 0.20757362358],
      [0.13609104395, 0.26923142192, 0.42963851341, 0.16503902072]
    ],
    [
      [0.30149554017, 0.10812128487, 0.57303726329, 0.017345911674],
      [0.032733000458, 0.023315559512, 0.86580937306, 0.078142066967],
      [0.027774353292, 0.92553706898, 0.038714968796, 0.007973608931],
      [0.0073377067816, 0.025152908666, 0.73718217433, 0.23032721022],
      [0.10497973493, 0.31154886794, 0.40523553827, 0.17823585885]
    ],
    [
      [0.27115874882, 0.079372273593, 0.62873384608, 0.020735131501],
      [0.026855524559, 0.015056723538, 0.87300179871, 0.085085953192],
      [0.033660369357, 0.89573585878, 0.058003309419, 0.012600462448],
      [0.0059688452299, 0.016666385681, 0.72933099062, 0.24803377847],
      [0.096913847401, 0.23204639944, 0.45371983538, 0.21731991777]
    ],
    [
      [0.20740265021, 0.17280983809, 0.60122872706, 0.018558784637],
      [0.019647595935, 0.036262205199, 0.86524822558, 0.078841973286],
      [0.010815873642, 0.95540115503, 0.027746397053, 0.0060365742795],
      [0.0045481979634, 0.037956792183, 0.72651332329, 0.23098168656],
      [0.06116721689, 0.41879050884, 0.35922117772, 0.16082109654]
    ],
    [
      [0.24494371174, 0.27321450213, 0.45668696826, 0.025154817858],
      [0.048495540784, 0.059859546819, 0.77905690009, 0.11258801231],
      [0.010883581219, 0.96896741059, 0, 0.020149008194],
      [0.0052780658678, 0.061550938786, 0.60161869619, 0.33155229916],
      [0.055504030682, 0.57287788145, 0.20844475163, 0.16317333623]
    ],
    [
      [0.35642416814, 0.09212220361, 0.53733459435, 0.014119033909],
      [0.037004949271, 0.02225491112, 0.87306287098, 0.067677268629],
      [0.036016508013, 0.91259247057, 0.043899063812, 0.0074919576013],
      [0.0089907824542, 0.02371049629, 0.76118298492, 0.20611573633],
      [0.13509376679, 0.28997987154, 0.41621766095, 0.15870870072]
    ],
    [
      [0.29072582424, 0.10622290225, 0.58407658423, 0.018974689287],
      [0.03049691829, 0.022435800724, 0.86436240331, 0.082704877677],
      [0.027847960355, 0.92147590904, 0.041717652533, 0.0089584780753],
      [0.0068660441186, 0.023998344898, 0.7265984175, 0.24253719348],
      [0.1007339756, 0.30005027684, 0.40766873297, 0.19154701459]
    ],
    [
      [0.25305772671, 0.12655181913, 0.59881967227, 0.021570781886],
      [0.026013653398, 0.026011580758, 0.85718555624, 0.090789209605],
      [0.020976565694, 0.93423142286, 0.036528527378, 0.0082634840719],
      [0.0056948896244, 0.027089289703, 0.70499948969, 0.26221633099],
      [0.081166001477, 0.33031648923, 0.38632007116, 0.20219743812]
    ],
    [
      [0.17902282303, 0.11345145826, 0.68604051012, 0.021485208591],
      [0.013242604775, 0.021304561899, 0.88334860958, 0.082104223747],
      [0.014360537977, 0.92914558223, 0.046745613704, 0.0097482660856],
      [0.003376050969, 0.02214713517, 0.7367870367, 0.23768977716],
      [0.05705767402, 0.29763094664, 0.44374058637, 0.20157079298]
    ],
    [
      [0.20563613375, 0.16523149267, 0.61002793634, 0.019104437236],
      [0.019079943839, 0.034253053227, 0.86690183931, 0.07976516362],
      [0.010858339834, 0.95283999075, 0.029868166083, 0.0064335033288],
      [0.0045423540187, 0.035753840499, 0.72634291733, 0.23336088815],
      [0.061410447131, 0.40390568794, 0.36817839932, 0.1665054656]
    ],
    [
      [0.25370024828, 0, 0.74629975172, 0],
      [0.059724813788, 0, 0.94027518621, 0],
      [0.015723114681, 0.94158790454, 0.041970241668, 0.00071873911569],
      [0.0037388230854, 0.0036088704063, 0.98559012745, 0.0070621790616],
      [0.10198944531, 0.041351244083, 0.84365200665, 0.013007303962]
    ],
    [
      [0.40465281458, 0.15243376589, 0.42702974363, 0.015883675899],
      [0.049966438248, 0.0398594829, 0.82018893834, 0.089985140517],
      [0.026208355009, 0.9487001538, 0.016306400576, 0.0087850906105],
      [0.010963477697, 0.042272886873, 0.67856047375, 0.26820316168],
      [0.12861571669, 0.42462119402, 0.2875090367, 0.15925405259]
    ],
    [
      [0.20021710837, 0.14243609486, 0.62029779218, 0.037049004592],
      [0.017492955352, 0.028734251092, 0.82052997213, 0.13324282143],
      [0.013530166907, 0.94168222175, 0.041586042024, 0.0032015693184],
      [0.003504131654, 0.025069095745, 0.59783427244, 0.37359250016],
      [0.053511089428, 0.31386805559, 0.33699268192, 0.29562817306]
    ],
    [
      [0.25113659462, 0.16020428588, 0.57526739158, 0.013391727915],
      [0.027290193223, 0.035415835809, 0.87751374984, 0.059780221129],
      [0.016665801724, 0.95096224647, 0.030277711169, 0.0020942406374],
      [0.0063864486698, 0.038852220765, 0.76614034711, 0.18862098346],
      [0.080788795959, 0.41856562851, 0.37204781713, 0.1285977584]
    ],
    [
      [0.34637123526, 0.13986331078, 0.48859632152, 0.025169132442],
      [0.039610378327, 0.033715213951, 0.80611386626, 0.12056054147],
      [0.024892752854, 0.94039741035, 0.029608974544, 0.0051008622499],
      [0.0081929969773, 0.032169694965, 0.62043121527, 0.33920609279],
      [0.1062278129, 0.35488961268, 0.30506752318, 0.23381505125]
    ],
    [
      [0.42550568499, 0.10002970321, 0.45633999686, 0.018124614941],
      [0.044021577421, 0.030028118017, 0.82957585012, 0.096374454443],
      [0.033042736168, 0.91669041223, 0.04101755368, 0.0092492979258],
      [0.011350384339, 0.02738002213, 0.68279734984, 0.27847224369],
      [0.15713716974, 0.30237267602, 0.34384078226, 0.19664937198]
    ],
    [
      [0.29382821842, 0.11356054716, 0.56812216151, 0.024489072911],
      [0.030993946725, 0.024105438355, 0.83767486262, 0.1072257523],
      [0.026700889135, 0.92551639843, 0.039013458097, 0.0087692543419],
      [0.0065142578397, 0.024121942584, 0.66470089868, 0.30466290089],
      [0.094559316745, 0.29914213166, 0.36892580625, 0.23737274535]
    ]
  ],
  "expected_outcome": [
    [
      [1.7835995252, 2.2210557106, 0, 0.77557950297, 0.43704292271, 0.39571444822, 1.8804881709, 11.8067922757, 34.6383955637, 7.7569636633, 31.5947038436, 5.7274266046, 6.8030030782, 20.2817530026, 8.7580064665, 15.4410029314, 10.5258364406, 9.6457898737, 5.6232097009, 17.4438544095, 7.7066435148, 5.458324413, 10.1846394352, 9.3773134716, 13.1678567675, 3.7437450187, 4.3795986443, 7.6465249898, 17.1853437527, 7.2278144053, 2.6160558683, 21.6322717372, 7.8833589066, 8.171552403, 3.1723390057, 9.6198998986, 12.0943063405, 6.3853699175, 3.617946482, 7.3212862182, 5.5998715557, 1.2247185587, 6.0592108583, 24.7116950601, 22.5221376775, 3.9385021067, 16.4508907001, 0.76110074485, 1.6186112583, 1.601736867, 49.4739091408, 7.6201671757, 74.0379891876, 19.686490634],
      [0.08226096895, 0.30193888864, 0, 0.082725849454, 0.19947835232, 0.79454958422, 1.8603240567, 7.9012104398, 9.4855955837, 4.4726287648, 12.7012900325, 7.138478982, 2.890049319, 16.7884178664, 3.4722727769, 7.1082956166, 4.7831669527, 3.2606511949, 1.1007062709, 7.7367158746, 3.7261715349, 3.0550235364, 7.501267061, 4.9470682902, 8.0431376629, 1.2738544562, 1.4860614534, 3.3457366777, 10.8072075008, 4.2699232194, 1.4561080734, 11.2209378064, 7.3807136181, 5.0179504257, 2.1994056032, 5.2882452139, 8.0788803211, 1.5157176659, 1.2974554184, 2.143051387, 4.6658656284, 1.3660725107, 1.5660774614, 9.028946691, 11.2631119022, 2.4959320817, 13.2185194137, 0, 0.60973506357, 1.1394887588, 31.5602443193, 3.0769928371, 17.4051683594, 7.60855666],
      [0.11226353094, 1.3880696686, 0, 0.13400317348, 0.36347872497, 0.7089837452, 9.931553182, 38.0536617318, 55.9610655139, 19.2548418196, 65.143860236, 16.4833744264, 16.637714343, 54.5141378528, 26.2205579883, 38.1195469733, 16.2712338155, 20.0184508258, 6.1257819527, 37.455953596, 18.8412304383, 14.0370345412, 31.5085752202, 22.8953348318, 46.3507087082, 6.785209637, 4.9427400158, 28.25228351, 43.5728344681, 17.8694344899, 8.6912597078, 53.9613599681, 28.7302899118, 19.1800427769, 10.4024081787, 20.466488465, 33.7419541084, 9.837157128, 6.8764471595, 16.9758138443, 16.2331756307, 2.2834348413, 9.1346881039, 49.6465096595, 53.2949508324, 15.0928912226, 48.8022349072, 2.2388992552, 1.7081189745, 4.9623823375, 113.3276761406, 10.7491190734, 79.4031594532, 38.064184821],
      [0.021875974929, 0.08893573217, 0, 0.0076914740888, 0, 0.10075222236, 0.32763459051, 1.2383355527, 1.9149433388, 0.51556575226, 1.5601458879, 0.650719987, 0.66923325987, 1.4156912783, 0.54916276829, 1.3311544788, 0.41976279128, 1.0751081057, 0.15030207549, 1.3634761199, 0.72595451207, 0.44961750943, 0.80551828371, 0.78028340637, 1.4382968614, 0.19719088809, 0.19159988653, 0.75545482247, 1.4346142784, 0.63282788537, 0.23657635058, 1.1854304883, 1.0056375634, 0.63045439442, 0.22584721235, 0.62536642251, 1.0848592299, 0.2617552886, 0.20815094009, 0.55984855053, 0.5010871852, 0.12577408929, 0.24002357646, 1.6128485894, 1.9197995879, 0.472674589, 1.5283549789, 0, 0.063534703595, 0.29639203674, 2.6381703992, 0.55372091373, 3.1536829998, 1.6407678851]
    ],
    [
      [1.0224933516, 0.51628579533, 0, 0.65540353467, 0.35917599577, 0.37849727283, 0.27506370274, 9.0769214216, 18.1269318181, 10.3515312794, 11.8800005458, 6.1952381064, 2.9407261407, 8.7355829325, 3.6602413614, 6.5291197988, 15.1448184969, 1.7074783283, 5.5342594978, 19.4173247659, 6.2676183347, 3.1391090172, 3.3053682672, 3.6473973011, 5.4150718723, 4.7004565672, 5.947394819, 5.4640129292, 11.8984423248, 10.5141937674, 2.0506932083, 10.1675928103, 1.7969085033, 3.6126219704, 4.9756386676, 6.0025004624, 6.2007944079, 4.7047769501, 8.3469151168, 8.4057791869, 5.3834412863, 0.2909732447, 7.1789601585, 14.9129930439, 13.3189905396, 4.4362725996, 5.7239831517, 0.23889925515, 1.3490938327, 3.6210417579, 27.0718716777, 6.4961020457, 35.8775855985, 5.5789104105],
      [0.73250810589, 0.26809091357, 0.078805033795, 0.29345988267, 0.20973306263, 0.79891497153, 4.5647202378, 14.015110333, 11.3365639099, 11.9726064109, 9.7010107677, 19.372912935, 2.389300642, 15.5409724304, 2.6827952456, 5.8909025941, 14.2737976997, 1.1383450513, 3.3131399599, 17.2283609901, 5.9216035104, 3.4584773235, 5.3756650629, 3.7367907334, 7.797577771, 3.1909327545, 4.648998532, 4.4786354196, 15.3487051036, 12.5462931092, 2.286756209, 10.6225838391, 4.1293703944, 4.3567053418, 7.7752360635, 6.4733527535, 8.6697503992, 2.6102982724, 5.9454676756, 4.7127544673, 9.9358442246, 0.35915728091, 4.3174527573, 10.971106554, 13.3179293482, 7.137028236, 10.2759159682, 0, 1.0762060383, 5.9479899761, 35.1325091229, 5.5292950879, 24.472916184, 4.338978904],
      [3.8496103575, 7.8432584093, 3, 4.5241785053, 4.4310909416, 4.8684039027, 151.2918714536, 458.8576213078, 447.5302723759, 358.5420586247, 344.1235372931, 299.5308956275, 98.0614478093, 345.3616875663, 147.579881674, 222.6923540749, 338.2965491059, 46.8320826971, 108.354479078, 581.220755326, 210.0728355809, 112.7453856437, 154.6951840205, 122.3446487928, 304.9166359342, 120.6773785208, 105.2994376976, 315.0948655907, 429.1254892066, 364.8504294224, 96.8175699038, 352.4960598742, 108.8896348458, 117.645837525, 247.0880069845, 176.6160392949, 250.4247384612, 114.6574290785, 220.7813901311, 273.2495629966, 237.0780138088, 4.6743414005, 169.3741969702, 422.673215218, 438.8790047947, 295.9217842091, 260.0705517942, 3.7611007448, 22.1451013351, 169.84970423, 870.4936398392, 132.202674066, 676.1043178465, 150.7814752716],
      [0.39538818497, 1.3723648818, 0.92119496621, 0.52695807737, 0, 1.954183853, 14.8683446059, 44.0503469375, 45.006231896, 28.133803685, 24.2954513935, 34.9009533311, 11.608525408, 26.3617570707, 9.077081719, 22.8876235322, 25.2848346974, 8.3220939234, 7.7981214643, 62.1335589179, 23.737942574, 10.6570280156, 11.6237826493, 12.2711631728, 27.8707144225, 10.4312321575, 12.1041689515, 24.9624860605, 41.627363365, 38.089083701, 7.8449806789, 22.7137634763, 11.1840862565, 11.3848351627, 15.1611182844, 15.9081074892, 23.7047167318, 9.0274956989, 19.9262270765, 26.6319033492, 21.6027006803, 0.67552807387, 13.129390114, 40.4426851841, 46.4840753176, 27.5049149554, 23.9295490859, 0, 2.4295987939, 27.581264036, 59.3019793602, 19.7719288004, 78.545180371, 19.300635414]
    ],
    [
      [0.33766411726, 0.33770134761, 0, 0.064106676355, 0.1040099204, 0, 0.43482994114, 5.1094811845, 16.238417737, 6.210066855, 14.1763756162, 1.8840839281, 3.8694742338, 7.3680786761, 3.3772046646, 6.0877064156, 6.2616539257, 2.5539211531, 5.250515461, 16.5727745725, 3.8451644995, 4.0997548967, 2.8795235836, 2.8660956399, 4.9688240347, 3.5191921337, 2.941884036, 2.8921170482, 8.6219597686, 5.3388174063, 1.9602198728, 8.9569640618, 1.5305511526, 2.8280628278, 2.604633006, 4.5268920095, 6.7886924316, 3.7465716445, 2.5274661495, 7.7755453215, 3.62331767, 0.20678804317, 3.6736838173, 10.8607045383, 10.3834000184, 2.6710600636, 4.3650526134, 0, 2.2277101758, 2.3948395425, 19.5656512243, 3.9579477038, 26.3020179898, 6.0077000554],
      [6.0791971688, 10.1250778517, 2.9211949662, 8.6599043697, 5.8959900796, 7.8755276684, 96.1461293109, 338.334519241, 432.1812478808, 320.5740834738, 511.9150322997, 570.3420774364, 142.8927507112, 631.4636462223, 119.3918600938, 248.5923585444, 264.9571910001, 72.8101908571, 126.2994193341, 654.2269757863, 165.7190043571, 202.8181520584, 221.0183614681, 134.1188173631, 312.742503311, 110.8900188559, 106.25334266, 119.3302344681, 497.2179234083, 284.6651540495, 101.3355669279, 411.6481895342, 256.63176746, 153.4909965532, 174.6882004327, 218.3049767752, 435.8274168154, 89.6057178198, 84.2238732773, 206.9149833773, 320.0593869337, 18.4103808011, 93.0844319985, 359.3756045245, 462.4445543138, 172.8210782955, 383.0416762831, 0, 80.6395130734, 166.6777532499, 1116.4296773544, 149.523188246, 729.6855681316, 208.2411896459],
      [1.2255074479, 0.33899357343, 0, 0, 0, 0.12447233158, 4.428175958, 13.6416314128, 21.8169521941, 11.3742554281, 22.0821226513, 11.4361321782, 6.7099510647, 17.9360557128, 7.3421841441, 10.831861672, 7.8236605687, 4.3817511135, 6.4874540087, 26.2796447272, 6.8385376592, 7.2951461107, 7.8790484163, 4.7850964761, 15.1363325336, 4.5913205731, 2.9411800563, 8.3321473391, 16.4963998778, 9.7337925921, 4.7092351979, 16.8910305262, 8.6823222312, 4.5001361517, 7.0960728941, 6.6824903388, 15.0344394777, 4.7562947569, 3.5230621604, 13.3987644757, 9.2950430127, 0, 4.4777045088, 16.2698844878, 18.0816210522, 8.694684149, 12.0070027652, 0, 1.386044049, 7.3607294382, 35.546032913, 4.7078269525, 32.6499727296, 8.7780280718],
      [0.35763126602, 0.19822722727, 0.078805033795, 0.2759889539, 0, 0, 0.99086478996, 2.9143681616, 4.7633821881, 1.8415942431, 2.8264694328, 3.3377064572, 1.5278239902, 2.2322193888, 0.88875109745, 2.488073368, 0.95749450545, 0.2541368763, 0.96261119612, 5.9206049141, 1.5972934842, 1.7869469343, 1.223066532, 1.229990521, 3.1523401207, 0.99946843719, 0.86359324763, 1.4455011446, 3.6637169453, 2.2622359521, 0.9949780013, 1.5038158779, 2.1553591562, 1.1808044673, 0.61109366719, 1.4856408764, 3.3494512754, 0.89141577879, 0.72559841272, 2.9107068255, 2.0222523836, 0.38283115569, 0.76417967534, 3.4938064494, 4.0904246156, 1.8131774919, 2.5862683382, 0, 0.74673270189, 0.56667776935, 2.4586385084, 0.81103709773, 7.362441149, 1.9730822269]
    ],
    [
      [0.086256711307, 0, 0, 0, 0, 0.011399246778, 0.027697431297, 0.27045623322, 0.40866561875, 0.30729638752, 0.14252119346, 0.15144544886, 0.064464605987, 0.22910702596, 0.077170867076, 0.14384949668, 0.31877848152, 0, 0.16603818013, 0.46956689977, 0.15247950704, 0.10754804882, 0.036906555361, 0.061406219756, 0.12157337515, 0.16950705359, 0.19060646878, 0.11809993335, 0.26840504638, 0.18456532343, 0.034359851215, 0.18570088321, 0.028321919995, 0.087339989627, 0.10652536655, 0.14410656734, 0.13654329316, 0.080550169318, 0.1981180831, 0.16712766644, 0.17283152261, 0, 0.22476956135, 0.54928352949, 0.2790495916, 0.10128152907, 0.099931788411, 0, 0.032890433092, 0.098115686312, 0.61948552097, 0.16385993955, 0.72642459773, 0.039085547038],
      [0.032690444988, 0, 0, 0, 0, 0.11604770786, 0.65202312788, 1.8390625454, 1.1082294537, 1.6852739397, 0.5474658753, 1.9575791175, 0.25816461049, 1.8494266668, 0.28768999095, 0.62778481864, 1.4000932998, 0, 0.35404280123, 1.9805042422, 0.69528496748, 0.57085376882, 0.26307831816, 0.30788266433, 0.74606758428, 0.55386392626, 0.66601394915, 0.50770700153, 1.620465165, 1.0419569121, 0.18410101293, 0.91679370766, 0.26394339488, 0.50933134007, 0.72648205641, 0.7514807019, 0.88218383742, 0.19132358412, 0.67912853399, 0.46665879906, 1.442358103, 0, 0.59276240726, 1.9198675919, 1.3273751955, 0.66441405509, 0.78658449098, 0, 0.12681866062, 0.70193468086, 3.7686654142, 0.6433938993, 1.7523214163, 0.1447316555],
      [0.69606376499, 0, 0, 0, 0, 0.60798021385, 18.8983734055, 48.6171896559, 35.8724086059, 39.9573676315, 15.4433727814, 24.8047841352, 8.2098495683, 33.0089041268, 11.9953286721, 18.5475227798, 26.2446969027, 0, 10.7581199265, 52.7403860865, 19.3919339161, 14.5223817302, 6.0885786782, 7.879140277, 23.6160419392, 16.3710457494, 12.2489446563, 23.836139705, 35.9384617338, 24.0056180737, 6.0789212883, 24.2496652723, 5.6652438823, 10.7737682983, 18.8939870137, 16.0584401502, 20.2738400793, 6.8599636344, 19.903918707, 20.4212677373, 27.607506285, 0, 19.0295746231, 58.1278734001, 34.5449749946, 22.1036111011, 15.9795441813, 0, 2.0356814213, 16.7393596284, 74.3156136696, 12.4086243054, 43.6990303896, 3.9882053921],
      [0.18498907872, 0, 0, 0, 0, 1.2645728315, 6.4219060354, 16.2732915655, 12.6106963216, 11.0500620413, 3.8666401499, 10.0861912985, 3.4675212153, 8.9125621804, 2.6398104699, 6.6808429049, 7.0364313159, 0, 2.7217990921, 19.8095427716, 7.7603016094, 4.7992164522, 1.6114364483, 2.7515708389, 7.5163171014, 4.9055832707, 4.8944349258, 6.5380533601, 12.1726680548, 8.7678596908, 1.7026178475, 5.6478401369, 2.0424908028, 3.629560372, 4.2730055634, 5.0459725805, 6.7074327901, 1.8681626122, 6.2188346759, 6.9449457972, 8.7773040895, 0, 5.1528934083, 19.4029754786, 12.8486002183, 7.1306933148, 5.1339395393, 0, 0.80460948503, 10.4605900044, 18.2962353952, 6.7841218558, 17.8222235964, 1.8279774054]
    ],
    [
      [0.76998629461, 0.92495714646, 0, 0.50491028601, 0.099771161114, 0.21438903217, 1.381920754, 4.7363488849, 11.5875892625, 5.3741418148, 9.206398801, 5.041805912, 3.3223319413, 5.3854783628, 3.1273766404, 5.7983213576, 8.7489126553, 2.092810645, 5.4259771602, 9.0964793524, 4.0280941439, 2.1952636244, 4.5935621586, 2.0477873677, 5.3266739503, 2.8670992268, 4.540516032, 2.8792450995, 7.0258491075, 6.7346090976, 2.3386711994, 6.0574705075, 1.7608595174, 2.3004228091, 4.1408639541, 4.7066010622, 5.7796635269, 4.0827313186, 2.3095541686, 5.3302616071, 4.2205379654, 0.27752015341, 4.8633756045, 8.9653238281, 9.4964221729, 2.852883701, 4.3601417463, 0, 0.77169430015, 1.2842661463, 15.2690824362, 2.7619231353, 32.0559826263, 3.6878133531],
      [0.073343311405, 1.3048923461, 0, 0.96390989813, 0.69479850545, 3.414960068, 11.7768032668, 25.9100974408, 25.8883631719, 25.2954074108, 30.1352010247, 52.1889515291, 11.5697347174, 36.3575368141, 10.1653818928, 21.7806584263, 32.5857510476, 5.7908128967, 8.9326916338, 32.8274431068, 15.9379356301, 10.0974933129, 27.8416280899, 8.889440949, 26.6707136709, 8.0913300071, 12.9455834055, 10.3376864331, 36.0056988223, 32.4766727098, 10.7374677768, 25.5914951127, 13.5942051327, 11.6250163393, 23.6106758442, 21.1819445555, 31.5417686269, 8.0769426577, 6.8540750947, 12.7625519693, 28.8965451103, 2.8643894073, 10.4392753755, 26.7044746386, 38.6470292404, 14.8815473318, 28.677303844, 0, 2.5477271641, 7.5328333342, 79.1089037891, 9.2271299296, 61.6840259087, 11.6665431347],
      [0.11655489862, 1.4296783486, 0, 0.34181832122, 0.20543033344, 0.69015980669, 15.450026001, 30.8298958916, 37.8193013102, 26.8714764961, 38.2071070382, 29.7448136327, 16.3810372147, 29.1792147413, 18.8620475214, 28.8087145, 27.3638596072, 8.7677153636, 12.274165034, 39.3032602643, 19.8554624055, 11.4000519741, 28.8286136648, 10.0957796224, 37.9802808849, 10.5750455196, 10.567697574, 21.4845638551, 35.8668147137, 33.5407254219, 15.7030139021, 30.4018843592, 13.0325091289, 10.900215248, 27.519524929, 20.1765417511, 32.5250278734, 12.8891554022, 8.915181842, 24.9545909461, 24.7862612629, 1.0422237582, 14.9838357941, 36.2825172346, 45.1994483261, 22.1870293183, 26.1406663521, 0, 1.7250542202, 8.087824366, 70.3170374376, 7.9317556027, 70.1435195811, 14.3881064436],
      [0.040115495362, 1.3404721588, 0, 0.18936149465, 0, 1.6804910932, 7.3912499783, 14.5236577827, 18.7047462555, 10.4589742784, 13.451293136, 17.0244289262, 9.7268961266, 11.0777700818, 5.8451939454, 14.6123057161, 10.3014766899, 8.3486610947, 4.3671661719, 20.7728172765, 11.1785078204, 5.3071910886, 10.7361960867, 4.9669920609, 17.0223314939, 4.4665252465, 5.9462029885, 8.2985046123, 17.1016373565, 17.2479927708, 6.2208471216, 9.9491500206, 6.612426221, 5.1743456036, 8.7289352726, 8.9349126313, 15.1535399729, 4.9511706215, 3.9211888947, 11.9525954776, 11.0966556614, 0.81586668115, 5.7135132259, 17.0476842986, 23.6571002606, 10.0785396489, 11.8218880577, 0, 0.95552431553, 7.0950761535, 24.304976337, 6.0791913324, 40.1164718838, 9.2575370686]
    ]
  ],
  "prob": [
    [0.26647611099, 0.12989267885, 0.58508410592, 0.018547104237],
    [0.02661993529, 0.028211231005, 0.86417311187, 0.08099572184],
    [0.019841159718, 0.93737950687, 0.035925852398, 0.0068534810168],
    [0.0061460979161, 0.029513214241, 0.72509637485, 0.23924431299],
    [0.087393713246, 0.34833783631, 0.3852741808, 0.17899426964]
  ],
  "iterations": 190,
  "time": 0.026493,
  "message": "Converged",
  "status": 0,
  "miniter": 0,
  "maxiter": 1000,
  "maxtime": 3600,
  "param_threshold": 0.001,
  "ll_threshold": "-Inf",
  "initial_prob": "group_proportional",
  "adjust_prob_cond_method": "project_lp",
  "adjust_prob_cond_every": false,
  "candidates_id": ["O'HALLORAN, Lawrence John.c", "PLIMMER, Malcolm Ross.c", "LEES-GALLOWAY, Iain Francis.c", "Other candidates votes.c"],
  "group_id": ["Green Party.p", "Labour Party.p", "National Party.p", "New Zealand First Party.p", "Other parties votes.p"]
}
