{
  "Z_true": {},
  "V_true": [
    [691, 21, 59, 428, 44],
    [39, 1340, 757, 491, 31],
    [89, 495, 4528, 340, 225],
    [527, 600, 295, 18832, 673],
    [214, 222, 672, 401, 137],
    [54, 154, 142, 602, 259]
  ],
  "p_true": [
    [0.5559, 0.0169, 0.0475, 0.3443, 0.0354],
    [0.0147, 0.5041, 0.2848, 0.1847, 0.0117],
    [0.0157, 0.0872, 0.7976, 0.0599, 0.0396],
    [0.0252, 0.0287, 0.0141, 0.8999, 0.0322],
    [0.13, 0.1349, 0.4083, 0.2436, 0.0832],
    [0.0446, 0.1272, 0.1173, 0.4971, 0.2139]
  ],
  "Z_est": [
    [
      [3.9654, 0, 0, 43.6192, 16.6546, 56.3084, 42.8261, 49.1708, 41.24, 36.4815, 40.4469, 0, 0, 5.5515, 8.7238, 7.9308, 34.8954, 38.0677, 37.2746, 16.6546, 15.3942, 3.9992, 25.3785, 0.7931, 0, 0.8653, 24.5854, 19.0338, 0, 11.1031, 2, 49.9638, 62.6531, 60.2738, 38.0677, 0, 101.5138, 3.1723, 11.1031, 15.0685, 1.5862, 49.1708, 3.1723],
      [0.0378, 0, 0, 0.4161, 0.1589, 0.5372, 0.4086, 0.4691, 0.3934, 0.348, 0.3859, 0.0076, 0, 0.053, 0.0832, 0.0757, 0.3329, 0.3632, 0.3556, 0.1589, 0.6187, 0.0454, 0.2421, 0.0076, 0.0668, 1.5366, 0.2345, 0.1816, 0.6325, 0.1059, 0.0227, 0.4767, 0.5977, 0.575, 0.3632, 0, 0.9684, 0.0303, 0.1059, 0.1438, 0.0151, 0.4691, 0.0303],
      [0.6153, 0, 0, 6.7683, 2.5843, 8.7373, 6.6453, 7.6298, 6.3992, 5.6608, 6.2761, 0.586, 0, 0.8614, 1.3537, 1.2306, 5.4147, 5.9069, 5.7839, 2.5843, 2.4612, 0.7384, 3.9379, 0.1231, 0.3692, 0.3692, 3.8149, 2.9535, 0.1231, 1.7229, 0.75, 7.7528, 9.7218, 9.3526, 5.9069, 0, 15.7518, 0.4922, 1.7229, 2.3382, 0.2461, 7.6298, 0.4922],
      [0.3788, 0, 0, 4.167, 1.591, 5.3792, 4.0912, 4.6973, 3.9397, 3.4851, 3.8639, 0.4059, 0, 0.5303, 0.8334, 0.7576, 3.3336, 3.6366, 3.5609, 1.591, 1.5153, 0.4546, 2.4244, 0.0758, 2.0695, 0.2273, 2.3486, 1.8183, 0.0758, 1.0607, 0.2273, 4.7731, 5.9853, 5.758, 3.6366, 0, 9.6976, 0.3031, 1.0607, 1.4395, 0.1515, 4.6973, 0.3031],
      [0.0027, 0, 0, 0.0294, 0.0112, 0.0379, 0.0288, 0.0331, 0.0278, 0.0246, 0.0272, 0.0005, 0, 0.0037, 0.0059, 0.0053, 0.0235, 0.0256, 0.0251, 0.0112, 0.0107, 0.7625, 0.0171, 0.0005, 0.4945, 0.0016, 0.0165, 0.0128, 0.1687, 0.0075, 0, 0.0336, 0.0422, 0.0406, 0.0256, 0, 0.0683, 0.0021, 0.0075, 0.0101, 0.0011, 0.0331, 0.0021]
    ],
    [
      [0.4076, 0.1087, 0.7552, 1.3316, 0.4892, 1.8616, 1.9838, 1.5762, 1.4132, 0.9919, 1.1278, 0, 0.0679, 0.3941, 0.7473, 0.2038, 0.8289, 1.4539, 0.7745, 0.7066, 0, 0, 1.3316, 0.0136, 0, 0, 1.087, 0.6115, 0, 0.4348, 0, 1.8208, 2.3236, 2.5274, 0.6115, 0, 2.6361, 0.1223, 0.2582, 0.4076, 0.3397, 2.8127, 0],
      [23.4962, 6.2657, 7.2128, 76.7543, 28.1955, 107.2994, 114.3483, 90.8521, 81.4536, 57.1741, 65.0062, 3.9432, 2.2128, 17.3869, 43.0764, 4.9882, 47.7757, 83.8032, 44.6428, 30.6894, 33.2785, 11.8553, 76.7543, 0.7832, 3.1872, 8.7648, 62.6566, 35.2443, 3.1328, 25.0626, 5.9277, 104.9498, 133.9285, 145.6766, 35.2443, 1, 151.9422, 7.0489, 14.8809, 23.4962, 19.5802, 162.1239, 46.4965],
      [1.8832, 0.5022, 0.6277, 6.1517, 2.2598, 8.5998, 9.1648, 7.2816, 6.5283, 4.5824, 5.2101, 0.6277, 0.3139, 7.1466, 3.4525, 5.3049, 3.8291, 6.7167, 3.578, 3.2642, 1.9638, 3.6169, 6.1517, 0.0628, 0.2511, 0.6905, 5.0218, 2.8248, 0.2511, 2.0087, 1.0447, 8.4115, 10.7341, 11.6757, 2.8248, 0.1883, 12.1779, 0.565, 1.1927, 1.8832, 1.5693, 12.9939, 6.1801],
      [3.8535, 1.0276, 1.2845, 12.5882, 4.6242, 17.5978, 18.7539, 14.9003, 13.3589, 9.3769, 10.6614, 3.0483, 0.6423, 3.7251, 7.0648, 4.3233, 7.8355, 13.7443, 7.3217, 16.7169, 5.2665, 2.3121, 12.5882, 0.1285, 0.5138, 1.413, 10.2761, 5.7803, 0.5138, 4.1104, 1.0276, 17.2125, 21.9652, 23.8919, 5.7803, 0.3854, 24.9195, 1.1561, 2.4406, 3.8535, 3.2113, 26.5894, 8.3234],
      [0.3594, 0.0958, 0.1198, 1.1741, 0.4313, 1.6414, 1.7492, 1.3898, 1.246, 0.8746, 0.9944, 2.3808, 1.7632, 0.3474, 0.6589, 0.1797, 0.7308, 1.282, 0.6829, 0.623, 0.4912, 0.2157, 1.1741, 0.012, 0.0479, 0.1318, 0.9585, 0.5391, 0.1023, 0.3834, 0, 1.6054, 2.0487, 2.2284, 0.5391, 1.4263, 2.3243, 0.1078, 0.2276, 0.3594, 0.2995, 2.48, 0]
    ],
    [
      [1.1448, 0.8352, 0.5984, 8.8317, 2.6018, 5.8281, 5.1256, 16.6676, 7.1811, 4.4231, 3.0702, 0, 0.8315, 2.7319, 3.0992, 1.6137, 8.0917, 11.24, 3.2263, 0.8326, 0, 0, 6.3658, 0.7287, 0, 0, 9.6199, 1.3269, 0, 1.5792, 0, 6.5046, 6.8689, 11.7066, 5.2037, 0, 10.3293, 1.3404, 1.2229, 4.0068, 1.5871, 10.5114, 0.2886],
      [0.433, 0.5603, 0, 0.9219, 0.984, 11.2013, 1.9386, 8.2408, 2.2454, 1.6729, 1.1612, 0.0492, 0, 0, 4.8112, 0, 3.0604, 4.2511, 1.2202, 0.3149, 1.4702, 0, 4.6271, 3.4532, 0.059, 1.4193, 1.4662, 0.5019, 0.3247, 3.5845, 0, 2.4601, 2.5979, 2.7357, 1.9681, 0, 0, 0.1574, 0.4625, 1.5154, 0.6003, 3.9756, 0.3739],
      [39.4842, 11.6242, 20.6395, 244.0843, 73.4723, 194.7202, 176.7816, 144.9391, 247.6738, 152.5527, 105.8895, 4.4868, 12.5507, 95.257, 184.858, 40.3816, 279.0817, 387.6633, 111.2737, 28.7158, 36.7921, 17.7313, 157.8401, 8.2201, 2.6853, 17.05, 126.2201, 45.2207, 29.1582, 129.2211, 9.8711, 224.3422, 238.3258, 249.4685, 179.4738, 5.5994, 356.2554, 14.0953, 42.1763, 142.0781, 54.7395, 362.537, 36.4979],
      [0.9722, 0.3093, 0.5082, 6.0099, 2.2095, 7.654, 4.3528, 4.0213, 6.0983, 3.7562, 2.6072, 0.2406, 0.3314, 2.32, 4.5516, 0.9943, 6.8716, 9.5452, 2.7398, 0.7071, 0.9059, 0.4198, 4.0805, 0.598, 2.9876, 0.4198, 5.037, 1.1269, 0.7291, 3.1817, 1.1289, 5.5238, 5.8332, 6.1425, 4.4191, 0.1326, 12.6785, 0.3535, 1.0385, 3.4027, 1.3478, 8.9265, 0.8396],
      [1.9658, 0.6709, 1.2539, 12.1521, 20.7323, 4.5964, 8.8014, 8.1312, 12.8014, 7.5951, 5.2719, 0.2234, 1.2865, 4.6911, 8.68, 2.0105, 13.8945, 19.3005, 5.5399, 1.4297, 1.8318, 0.8489, 8.0865, 0, 0.2681, 0.1108, 6.6569, 2.8237, 2.788, 6.4335, 0, 11.1693, 10.3743, 7.9467, 8.9354, 0.2681, 17.7368, 0.0533, 2.0998, 2.9969, 2.7253, 18.0495, 0]
    ],
    [
      [0.0106, 0.9886, 4.4447, 34.6484, 10.7741, 10.9558, 8.2907, 14.67, 7.5962, 11.6583, 13.1204, 0, 0.899, 1.6419, 0, 2.2434, 25.0167, 13.851, 19.7078, 1.3338, 0, 0, 12.9638, 0.303, 0, 0, 10.285, 6.8178, 0, 0, 0, 27.3403, 12.5728, 19.0243, 9.4281, 0, 12.2732, 1.8946, 4.3392, 0.7681, 4.6051, 19.7269, 0],
      [2.1961, 4.9116, 0, 0, 9.8886, 11.2816, 15.6737, 15.3462, 0, 21.55, 10.9151, 0, 0, 0, 4.6464, 0, 13.5618, 8.6539, 14.9091, 0, 8.271, 0, 9.8306, 0.756, 0.3748, 1.7545, 4.196, 3.3489, 0.5804, 7.8995, 0, 8.057, 10.0961, 22.9495, 3.9281, 0, 0, 1.9266, 5.3521, 0.022, 1.457, 53.8005, 0],
      [4.7934, 0, 1.3003, 4.9045, 0, 0, 1.604, 0, 11.4164, 7.605, 7.9174, 0.4083, 0, 9.5894, 16.7946, 3.2173, 21.8413, 19.4485, 5.6331, 8.4295, 0, 3.3582, 0, 0, 0, 0.4402, 0, 0, 0, 2.9839, 0.883, 9.2572, 30.3075, 21.3571, 12.4862, 1.479, 0.3458, 0, 5.3866, 21.6019, 0.461, 15.5294, 2.2612],
      [126.7602, 55.0316, 59.8263, 1069.7453, 446.5063, 910.7626, 1088.1603, 882.1111, 1123.7285, 679.992, 616.8923, 37.9198, 17.7736, 130.2581, 281.559, 99.1479, 566.6156, 802.3837, 408.8239, 225.1797, 245.5275, 103.0451, 768.8975, 17.941, 30.0911, 31.8053, 624.7122, 218.245, 43.7931, 259.4579, 38.117, 1036.4825, 1090.0236, 921.6692, 531.0924, 17.8546, 1969.5165, 67.1788, 228.2818, 227.6079, 197.9986, 1203.0378, 213.7388],
      [1.2397, 1.0682, 5.4288, 23.7018, 14.8309, 0, 8.2715, 7.8726, 41.2589, 9.1947, 3.1548, 0.6719, 0.3273, 4.5105, 0, 0.3915, 23.9646, 30.6629, 6.9261, 2.057, 5.2016, 2.5967, 21.3081, 0, 0.5341, 0, 5.8069, 9.5884, 3.6265, 1.6587, 0, 10.8631, 0, 0, 18.0652, 2.6664, 56.8645, 0, 3.6402, 0, 0.4783, 27.9055, 0]
    ],
    [
      [0.47, 0.0671, 0.2014, 3.5585, 1.4771, 5.0357, 4.7671, 5.9085, 3.5585, 5.4385, 4.23, 0, 0.2014, 1.6786, 3.4243, 1.0071, 4.1628, 6.3785, 2.0143, 0.47, 0.6043, 0, 2.9543, 0, 0, 0.1343, 2.4171, 1.2086, 0, 1.88, 0, 4.3643, 5.5728, 8.4599, 2.6857, 0, 14.2342, 0.47, 1.0743, 1.7457, 1.88, 4.7671, 0.5371],
      [1.8368, 0.2624, 0.7872, 13.9076, 5.7729, 19.6805, 18.6309, 23.0918, 13.9076, 21.2549, 16.5316, 0, 0.7872, 6.5602, 13.3827, 3.9361, 16.2692, 24.9286, 7.8722, 1.8368, 2.3617, 2.0993, 11.5459, 0, 1.312, 0.5248, 9.4466, 4.7233, 0.3295, 7.3474, 1.0496, 17.0564, 21.7797, 33.0632, 10.4963, 0, 40.0893, 1.8368, 4.1985, 6.8226, 7.3474, 18.6309, 2.0993],
      [1.9563, 0.2795, 0.8384, 14.8123, 6.1485, 20.9608, 19.8429, 24.594, 14.8123, 22.6377, 17.6071, 0, 0.8384, 6.9869, 14.2534, 4.1922, 17.3276, 26.5504, 8.3843, 1.9563, 2.5153, 2.773, 12.297, 0, 1.3974, 0.559, 10.0612, 5.0306, 0.2795, 7.8254, 1.4512, 18.1661, 23.1967, 35.2142, 11.1791, 2.4361, 59.2493, 1.9563, 4.4716, 7.2664, 7.8254, 19.8429, 2.2358],
      [2.6235, 0.3748, 1.1243, 19.8635, 8.2452, 28.1087, 26.6095, 32.9808, 19.8635, 30.3574, 23.6113, 0, 1.1243, 9.3696, 19.1139, 5.6217, 23.2365, 35.6043, 11.2435, 2.6235, 3.373, 2.9983, 16.4904, 0, 2.2096, 0.7496, 13.4922, 6.7461, 0.3748, 10.4939, 1.4991, 24.3608, 31.1069, 47.2226, 14.9913, 1.4991, 94.9948, 2.6235, 5.9965, 9.7443, 10.4939, 26.6095, 2.9983],
      [0.1133, 0.0162, 0.0486, 0.8581, 0.3562, 1.2143, 1.1496, 1.4248, 0.8581, 1.3115, 1.02, 0, 0.0486, 0.4048, 0.8257, 0.2429, 1.0038, 1.5381, 0.4857, 0.1133, 0.1457, 0.1295, 0.7124, 0, 0.081, 0.0324, 0.5829, 0.2914, 0.0162, 0.4533, 0, 1.0524, 1.3439, 2.0401, 0.6476, 0.0648, 3.4325, 0.1133, 0.2591, 0.421, 0.4533, 1.1496, 0.1295]
    ],
    [
      [0.0015, 0.0003, 0.0003, 0.0106, 0.0031, 0.0104, 0.0066, 0.0069, 0.011, 0.0066, 0.0048, 0, 0.0001, 0.002, 0.0054, 0.0013, 0.0045, 0.0089, 0.0025, 0.0024, 0.0015, 0.0008, 0.0061, 0.1617, 0, 0.0004, 0.0056, 0.0014, 0, 0.003, 0, 0.0062, 0.0089, 0.008, 0.0034, 0, 0.0134, 0.0004, 0.0024, 0.0032, 0.002, 0.0111, 0.002],
      [6.1076e-06, 1.1105e-06, 1.1105e-06, 0, 0, 0, 0, 0, 0, 0, 0, 1.6657e-06, 5.5524e-07, 7.7733e-06, 0, 4.9971e-06, 0, 0, 9.9943e-06, 9.439e-06, 6.1076e-06, 3.3314e-06, 0, 1.1105e-06, 0.0001, 1.6657e-06, 0, 5.5524e-06, 2.221e-06, 0, 0, 0, 0, 0, 0, 5.5524e-07, 0.0001, 1.6657e-06, 9.439e-06, 0, 7.7733e-06, 0, 7.7733e-06],
      [3.2676, 0.5941, 0.5941, 22.2788, 6.5351, 21.9818, 13.9614, 14.5555, 23.17, 13.9614, 10.0997, 0.8912, 0.2971, 4.1587, 11.2879, 2.6735, 9.5056, 18.7142, 5.3469, 5.0499, 3.2676, 1.7823, 12.7732, 0.5941, 0.2971, 0.8912, 11.8821, 2.9705, 1.1882, 6.2381, 0, 13.0703, 18.7142, 16.9319, 7.1292, 0.2972, 28.2199, 0.8912, 5.0499, 6.8322, 4.1587, 23.4671, 5.3328],
      [1.4118, 0.2567, 0.2567, 9.6261, 2.8237, 9.4978, 6.0324, 6.2891, 10.0112, 6.0324, 4.3638, 0.3855, 0.1283, 1.7969, 4.8772, 1.1551, 4.1071, 8.0859, 2.3103, 2.1819, 1.4118, 0.7701, 5.519, 0.2567, 0.1283, 0.385, 5.1339, 1.2835, 0.5134, 2.6953, 0, 5.6473, 8.0859, 7.3158, 3.0804, 0.1283, 12.1931, 0.385, 2.1819, 2.952, 1.7969, 10.1395, 1.7969],
      [6.3191, 1.1489, 1.1489, 43.0844, 12.6381, 42.51, 26.9996, 28.1485, 44.8078, 26.9996, 19.5316, 1.7234, 0.5745, 8.0424, 21.8294, 5.1701, 18.3827, 36.1909, 10.3403, 9.7658, 6.3191, 3.4468, 24.7017, 0.9875, 0.5745, 1.7234, 22.9784, 5.7446, 2.2984, 12.0636, 0, 25.2762, 36.1909, 32.7442, 13.787, 0.5745, 54.5736, 1.7234, 9.7658, 13.2126, 8.0424, 45.3823, 6.8683]
    ]
  ],
  "V_est": [
    [978.7091, 12.0548, 153.8083, 96.3455, 2.0823],
    [34.5622, 2049.5922, 181.3093, 356.1088, 36.4275],
    [167.1652, 76.8196, 5041.7291, 138.0543, 253.2319],
    [324.1936, 278.1347, 253.0409, 19715.2931, 356.3376],
    [109.0392, 415.3978, 462.2091, 632.7682, 26.5856],
    [0.3308, 0.0008, 360.9034, 155.4299, 694.3351]
  ],
  "p_est": [
    [0.7874, 0.0097, 0.1237, 0.0775, 0.0017],
    [0.013, 0.7711, 0.0682, 0.134, 0.0137],
    [0.0294, 0.0135, 0.8881, 0.0243, 0.0446],
    [0.0155, 0.0133, 0.0121, 0.9421, 0.017],
    [0.0662, 0.2524, 0.2808, 0.3844, 0.0162],
    [0.0003, 6.7159e-07, 0.298, 0.1283, 0.5734]
  ],
  "EI_Z": {},
  "EI_V": 11.0316,
  "MAE_Z": {},
  "MAE_V": 245.3574,
  "MAE_p": 0.1018,
  "runtime": 0.8494
}
