{
  "Z_true": {},
  "V_true": [
    [873, 508, 7623, 380, 140],
    [294, 583, 218, 22243, 219],
    [87, 2398, 483, 1031, 51],
    [859, 227, 784, 906, 138]
  ],
  "p_true": [
    [0.0917, 0.0533, 0.8004, 0.0399, 0.0147],
    [0.0125, 0.0247, 0.0093, 0.9442, 0.0093],
    [0.0215, 0.5921, 0.1193, 0.2546, 0.0126],
    [0.2948, 0.0779, 0.269, 0.3109, 0.0474]
  ],
  "Z_est": {},
  "V_est": [
    [0, 308.9935, 9016.7828, 0, 198.2237],
    [0, 0, 0, 23557, 0],
    [0, 3281.5174, 91.2172, 327.4891, 349.7763],
    [2113, 125.4891, 0, 675.5109, 0]
  ],
  "p_est": [
    [0, 0.0324, 0.9467, 0, 0.0208],
    [0, 0, 0, 1, 0],
    [0, 0.8103, 0.0225, 0.0809, 0.0864],
    [0.7251, 0.0431, 0, 0.2318, 0]
  ],
  "EI_Z": {},
  "EI_V": 12.9911,
  "MAE_Z": {},
  "MAE_V": 520.23,
  "MAE_p": 0.093,
  "runtime": 0.0495
}
