{
  "X": [
    [7, 24, 4, 7, 1, 10, 1, 22, 12, 12],
    [0, 25, 1, 4, 1, 8, 5, 28, 15, 13],
    [0, 19, 7, 9, 4, 11, 3, 23, 11, 13],
    [3, 21, 5, 7, 5, 9, 1, 26, 13, 10],
    [5, 21, 8, 7, 2, 12, 5, 24, 5, 11],
    [7, 18, 7, 2, 2, 8, 4, 24, 9, 19],
    [7, 25, 3, 10, 2, 11, 4, 19, 10, 9],
    [6, 18, 3, 6, 1, 13, 3, 28, 13, 9],
    [5, 12, 7, 16, 4, 18, 5, 8, 12, 13],
    [6, 9, 6, 32, 10, 13, 5, 6, 10, 3],
    [5, 10, 7, 22, 8, 21, 5, 9, 13, 0],
    [13, 8, 5, 19, 11, 20, 4, 6, 8, 6],
    [7, 7, 8, 23, 9, 20, 3, 9, 9, 5],
    [10, 7, 2, 26, 6, 17, 5, 9, 13, 5],
    [11, 5, 7, 29, 4, 21, 3, 3, 10, 7],
    [12, 7, 3, 29, 7, 14, 2, 4, 16, 6],
    [4, 14, 7, 23, 7, 15, 3, 9, 14, 4],
    [5, 17, 6, 10, 2, 21, 1, 11, 22, 5],
    [8, 10, 23, 12, 2, 16, 0, 7, 13, 9],
    [10, 11, 12, 18, 1, 15, 4, 12, 14, 3],
    [9, 10, 12, 14, 5, 18, 4, 15, 11, 2],
    [10, 10, 21, 12, 3, 11, 5, 9, 12, 7],
    [7, 12, 13, 15, 2, 17, 4, 9, 19, 2],
    [4, 9, 12, 14, 1, 20, 4, 11, 19, 6],
    [9, 7, 19, 16, 5, 14, 2, 10, 13, 5],
    [14, 13, 11, 6, 6, 11, 11, 2, 10, 16],
    [15, 17, 14, 3, 4, 7, 4, 1, 16, 19],
    [5, 18, 15, 4, 5, 9, 4, 9, 16, 15],
    [12, 16, 11, 8, 4, 10, 7, 7, 8, 17],
    [5, 19, 10, 5, 5, 15, 6, 7, 9, 19],
    [9, 16, 12, 6, 6, 10, 9, 4, 15, 13],
    [9, 20, 9, 6, 8, 9, 2, 4, 12, 21],
    [3, 20, 12, 5, 11, 9, 3, 4, 17, 16],
    [5, 24, 7, 5, 8, 18, 6, 4, 11, 12],
    [2, 20, 14, 4, 8, 28, 8, 3, 9, 4],
    [7, 19, 5, 14, 8, 15, 7, 6, 8, 11],
    [4, 21, 8, 8, 7, 28, 4, 2, 8, 10],
    [3, 27, 10, 4, 6, 21, 9, 4, 10, 6],
    [8, 19, 9, 4, 8, 23, 7, 9, 10, 3],
    [3, 19, 7, 4, 3, 32, 6, 2, 15, 9],
    [3, 16, 14, 4, 5, 33, 7, 4, 9, 5],
    [11, 15, 11, 3, 4, 20, 8, 6, 13, 9],
    [8, 9, 7, 8, 4, 8, 15, 5, 29, 7],
    [11, 5, 7, 11, 9, 7, 14, 5, 22, 9],
    [13, 9, 7, 4, 7, 10, 13, 8, 20, 9],
    [12, 15, 8, 13, 3, 9, 16, 3, 16, 5],
    [12, 10, 9, 9, 7, 8, 12, 5, 21, 7],
    [8, 6, 9, 10, 4, 10, 16, 7, 20, 10],
    [15, 8, 4, 9, 4, 2, 15, 10, 22, 11],
    [11, 6, 4, 14, 4, 4, 14, 5, 25, 13]
  ],
  "W": [
    [60, 7, 10, 7, 9, 7],
    [71, 8, 5, 5, 7, 4],
    [55, 5, 14, 7, 9, 10],
    [53, 9, 6, 15, 11, 6],
    [61, 5, 8, 8, 12, 6],
    [55, 9, 11, 6, 11, 8],
    [54, 10, 11, 9, 8, 8],
    [56, 10, 7, 6, 12, 9],
    [25, 45, 6, 7, 12, 5],
    [11, 62, 8, 5, 4, 10],
    [14, 51, 8, 4, 14, 9],
    [10, 57, 8, 7, 9, 9],
    [5, 62, 5, 10, 9, 9],
    [8, 62, 7, 6, 6, 11],
    [4, 57, 10, 8, 10, 11],
    [8, 50, 9, 10, 10, 13],
    [16, 38, 26, 4, 6, 10],
    [4, 8, 60, 13, 11, 4],
    [4, 6, 66, 10, 11, 3],
    [11, 8, 60, 7, 5, 9],
    [9, 7, 58, 13, 6, 7],
    [5, 10, 58, 5, 11, 11],
    [11, 8, 57, 10, 7, 7],
    [7, 10, 54, 8, 10, 11],
    [6, 13, 56, 6, 6, 13],
    [4, 8, 11, 58, 8, 11],
    [8, 7, 9, 64, 4, 8],
    [16, 8, 8, 55, 5, 8],
    [10, 9, 7, 57, 4, 13],
    [13, 14, 5, 53, 9, 6],
    [7, 11, 6, 59, 7, 10],
    [9, 11, 6, 57, 12, 5],
    [7, 8, 8, 62, 6, 9],
    [9, 5, 6, 23, 48, 9],
    [7, 9, 12, 4, 64, 4],
    [13, 15, 10, 15, 40, 7],
    [5, 13, 8, 6, 61, 7],
    [6, 12, 13, 11, 48, 10],
    [10, 5, 13, 11, 51, 10],
    [5, 4, 8, 7, 69, 7],
    [4, 9, 7, 11, 63, 6],
    [9, 6, 6, 7, 45, 27],
    [6, 6, 5, 13, 8, 62],
    [2, 10, 9, 13, 7, 59],
    [9, 8, 9, 11, 5, 58],
    [12, 6, 7, 5, 11, 59],
    [8, 10, 12, 6, 9, 55],
    [12, 12, 6, 8, 8, 54],
    [9, 7, 5, 10, 9, 60],
    [11, 4, 9, 11, 6, 59]
  ],
  "method": "mult",
  "cond_prob": [
    [
      [0.021628252816, 0.30997291973, 0.0066012592012, 0.027077284188, 0.0004304985329, 0.04539127431, 0.0031990452292, 0.34273928309, 0.094272048905, 0.148688134],
      [0.14375229699, 0.025204293641, 0.022073882902, 0.4187846532, 0.043141488397, 0.21152350042, 0.004292272957, 0.028618315294, 0.085228677706, 0.017380618488],
      [0.12534071776, 0.079787158355, 0.16254622366, 0.16725321633, 0.0022997834044, 0.17224924506, 0.00082731402216, 0.097632109811, 0.17789724972, 0.014166981881],
      [0.17150378598, 0.22046620633, 0.11409664088, 0.0069956503297, 0.031324820172, 0.05695985764, 0.013022892641, 0.005219109167, 0.13228660352, 0.24812443334],
      [0.025072567785, 0.29896442542, 0.082283648838, 0.0065293821964, 0.03049750816, 0.39639401716, 0.020523901672, 0.0048105418513, 0.07476011035, 0.060163896569],
      [0.28806456609, 0.027625700552, 0.040673672181, 0.094800602997, 0.02220436008, 0.015300204272, 0.070551838827, 0.025595009806, 0.33846522955, 0.076718815654]
    ],
    [
      [0, 0.29294855816, 0.00048253995886, 0.0039989172268, 0, 0.030068027408, 0.023917451689, 0.37675486595, 0.12305027175, 0.14877936786],
      [0, 0.049354952247, 0.010802945358, 0.35295562357, 0.054938156023, 0.2606542257, 0.038520048536, 0.045242870958, 0.16267733448, 0.024853843135],
      [7.2858385991e-17, 0.10028198182, 0.077277514979, 0.13171143987, 0.0033790719112, 0.19962455607, 0.0078290523588, 0.1413084765, 0.31964400651, 0.018943899977],
      [0, 0.2442948213, 0.04765984095, 0.0040334174482, 0.042050267646, 0.057925340101, 0.096179245724, 0.0074583769604, 0.21022681233, 0.29017187754],
      [1.5407439555e-33, 0.28432320708, 0.029268501028, 0.0027305543759, 0.035022891886, 0.3496217508, 0.13012655066, 0.0064437190131, 0.10173649425, 0.060726330902],
      [9.7144514655e-17, 0.023166571818, 0.012437453302, 0.048648430272, 0.022046952707, 0.011208628002, 0.39069329919, 0.024880312419, 0.40012561899, 0.066792733304]
    ],
    [
      [0, 0.26185791808, 0.010952259711, 0.037712906408, 0.0030490310282, 0.058064256501, 0.0051358778894, 0.38097943904, 0.075119196467, 0.16712911487],
      [0, 0.018650699643, 0.02908834751, 0.47568512339, 0.15522757518, 0.20417880572, 0.0094489550646, 0.027749369773, 0.062859513156, 0.017111610564],
      [0, 0.067120920691, 0.24187280508, 0.21687356488, 0.0096264913583, 0.1904998763, 0.0011683230798, 0.10823832913, 0.14908134901, 0.015518340467],
      [0, 0.18703746546, 0.17234048112, 0.0094988674818, 0.12999293297, 0.064208023879, 0.033526561982, 0.0055502465909, 0.11266635586, 0.28517906466],
      [0, 0.22164241866, 0.10881188508, 0.0079266846196, 0.11060852977, 0.38532623104, 0.046120522132, 0.0043326027559, 0.055165517474, 0.060065608474],
      [0, 0.026082409163, 0.068027437363, 0.13733023883, 0.10159672399, 0.020118134915, 0.20041547846, 0.031420224521, 0.31818535941, 0.096823993361]
    ],
    [
      [0.0044227067448, 0.26502781718, 0.0031552326997, 0.026055165874, 0, 0.03497877457, 0.0020915302771, 0.45833353147, 0.096771570696, 0.10916367048],
      [0.05428795794, 0.022452337253, 0.0242490723, 0.41709535321, 0.15438941993, 0.17698811715, 0.003833760366, 0.040520916552, 0.09307844024, 0.013104625062],
      [0.049589583592, 0.072769315372, 0.19104899377, 0.17395283779, 0.0084614113129, 0.15084000954, 0.00075818484994, 0.13734347241, 0.20407167293, 0.011164518419],
      [0.076391305592, 0.21219924461, 0.14086569384, 0.0077636726679, 0.11849529149, 0.052004186005, 0.013068898683, 0.011815768936, 0.15946713618, 0.20792880201],
      [0.0094513689096, 0.26993118335, 0.095507628573, 0.0067471852815, 0.11341426853, 0.34395525264, 0.019637774443, 0.009578611297, 0.08444715845, 0.047329568527],
      [0.12160546294, 0.02710117932, 0.050777955283, 0.10513781248, 0.089123404444, 0.014103544516, 0.073007823968, 0.039495415029, 0.41467416128, 0.064973240735]
    ],
    [
      [0.021606704221, 0.26761036474, 0.022584143285, 0.039940947858, 0.0035515578397, 0.066699811943, 0.022309487706, 0.37625663334, 0.044244527232, 0.13519582183],
      [0.099567351254, 0.018030046547, 0.040468928832, 0.45669625565, 0.076489201143, 0.21732344614, 0.019528176484, 0.025907650237, 0.032743898122, 0.013245045592],
      [0.089006527285, 0.059441666071, 0.30094340117, 0.18554683219, 0.0045122947549, 0.18176370151, 0.0044888691721, 0.093646255987, 0.069906238772, 0.010744213098],
      [0.12963326744, 0.17701266317, 0.22534943912, 0.0088825352302, 0.060711833732, 0.064973121167, 0.063571850607, 0.0028491127425, 0.05542346248, 0.2115927143],
      [0.017563692561, 0.21442008149, 0.14625936549, 0.0079104960673, 0.053062689046, 0.39735300439, 0.089536243294, 0.00062165614941, 0.028137367984, 0.045135403535],
      [0.20404526962, 0.020156984402, 0.075761251206, 0.10496000171, 0.040393944935, 0.017093934466, 0.32042661496, 0.023230715191, 0.13284638707, 0.061084896444]
    ],
    [
      [0.011422698969, 0.23708672931, 0.0053240893704, 0, 0, 0.017956851231, 0.013485189247, 0.39491266798, 0.065612679177, 0.25419909472],
      [0.20153958126, 0.031179360501, 0.053759608814, 0.15549626551, 0.11309534035, 0.22716009984, 0.024311569707, 0.052479909373, 0.094334997343, 0.046643267298],
      [0.14073630076, 0.072136204722, 0.29868573077, 0.039223382381, 0, 0.13699126554, 0.0038817731375, 0.13120790798, 0.14719141648, 0.029946018224],
      [0.13424468833, 0.14626558573, 0.15674633742, 0.00063434413405, 0.045736513067, 0.033093748704, 0.040686203357, 0.0065183122285, 0.081782315924, 0.35429195111],
      [0.022988299837, 0.25824556394, 0.13795704702, 0.00015081943681, 0.039018966404, 0.29070609358, 0.078382538448, 0.0083676898289, 0.056554250704, 0.1076287308],
      [0.2439320736, 0.020977834225, 0.059973753131, 0.020451415704, 0.034814278501, 0.0080873551546, 0.23631072706, 0.029130328455, 0.22629892932, 0.12002330484]
    ],
    [
      [0.021516827265, 0.34691604236, 0.0039657863511, 0.039111322835, 0.0023127999412, 0.054297320171, 0.015316396021, 0.32365490591, 0.078510733747, 0.11439786541],
      [0.11537357113, 0.024733729339, 0.013771771033, 0.45702755265, 0.066812069752, 0.20820134036, 0.015206859153, 0.023622937223, 0.063415824117, 0.011834345245],
      [0.11577215322, 0.092739278449, 0.11723882727, 0.21190384783, 0.004412108887, 0.19518213906, 0.0038216989411, 0.096004390869, 0.15192718145, 0.01099837402],
      [0.15785122932, 0.25837521748, 0.082277433583, 0.0098909420747, 0.055865894052, 0.064921238652, 0.052175606185, 0.0040875435548, 0.11287866576, 0.20167622935],
      [0.020539286915, 0.30703207033, 0.051957253399, 0.0081273410066, 0.047652791652, 0.39129351236, 0.071847811389, 0.0031711573238, 0.055899157739, 0.042479617889],
      [0.22823582148, 0.027178854568, 0.025293474662, 0.10409168844, 0.034304941028, 0.015536066351, 0.24180554852, 0.021025032331, 0.24899523585, 0.05353333677]
    ],
    [
      [0.013770315652, 0.23545528926, 0.0030918737202, 0.015746155703, 0, 0.04688233454, 0.0080047232973, 0.46573407027, 0.097999602044, 0.11331563551],
      [0.1269124425, 0.022000343587, 0.019014704941, 0.34869182776, 0.03833412189, 0.27221239697, 0.01199516921, 0.045110767841, 0.10068313998, 0.015045085315],
      [0.1047062005, 0.06438579842, 0.13502548601, 0.13187850318, 0.0018704139381, 0.20981044053, 0.0023043441939, 0.13979989917, 0.19865558358, 0.011563330482],
      [0.15786260702, 0.19495627246, 0.10421129745, 0.0056328028431, 0.029070565833, 0.076175033454, 0.038104352199, 0.0093624323668, 0.16261970037, 0.22200493601],
      [0.02165430833, 0.23192503241, 0.065481438148, 0.0041122620062, 0.022708777318, 0.46478099372, 0.052379138599, 0.0092210039466, 0.080487266416, 0.047249779107],
      [0.22441857255, 0.021217972528, 0.031164953078, 0.069444835511, 0.017404128969, 0.016596676333, 0.17316417972, 0.035817605638, 0.35255960016, 0.058211475514]
    ],
    [
      [0.0098954228702, 0.26211982018, 0.014488917394, 0.0099298542873, 6.9981666786e-05, 0.046845000245, 0.023122414764, 0.25931396108, 0.10614363906, 0.26807098845],
      [0.07400972527, 0.029215966493, 0.047576697404, 0.32745468474, 0.069501008159, 0.24671562503, 0.030536082007, 0.021387179063, 0.11031650946, 0.043286522382],
      [0.056741338662, 0.066264352335, 0.27425709723, 0.12144548074, 0.0032454407395, 0.17910081838, 0.005526694124, 0.07234606934, 0.1953205655, 0.02575214295],
      [0.063687883845, 0.15036637524, 0.15878428303, 0.0014678577612, 0.037327265394, 0.048452125293, 0.056552628837, 0.0026609379723, 0.11967576776, 0.36102487487],
      [0.0091740672514, 0.2155882309, 0.12153984817, 0, 0.038197433081, 0.35414170899, 0.093916519535, 0.0022267511078, 0.0719067021, 0.093308738859],
      [0.10516495304, 0.019015298352, 0.056262987863, 0.055468988194, 0.026314478399, 0.012640314481, 0.29835782791, 0.015060784008, 0.30192638105, 0.1097879867]
    ],
    [
      [0.010198850837, 0.37116359511, 0.010534678558, 0.033179219835, 0.0028700163978, 0.037715869164, 0.018462738096, 0.33835431779, 0.082497717568, 0.095022996652],
      [0.062631551218, 0.021642834182, 0.031723568177, 0.46731179853, 0.13541650672, 0.16217007557, 0.018380644347, 0.020848878162, 0.071322595362, 0.0085515477305],
      [0.055932762943, 0.092215756383, 0.25201691856, 0.19640578509, 0.0080739098909, 0.13548043149, 0.0042819670381, 0.092628217806, 0.15437548894, 0.0085887618617],
      [0.075527832811, 0.25743415526, 0.17549310255, 0.0089082383553, 0.10036117841, 0.044830474993, 0.061211503039, 0.0043448502275, 0.11384129631, 0.15804736805],
      [0.01020572614, 0.31838526456, 0.11480211984, 0.00746667834, 0.088771425035, 0.27718587005, 0.087384575712, 0.0035992107509, 0.05832731061, 0.03387181896],
      [0.11387322931, 0.027690684899, 0.056444796836, 0.10160428872, 0.065112353139, 0.011384144678, 0.29674583771, 0.02083252217, 0.26330045588, 0.043011686657]
    ],
    [
      [0.0098108618248, 0.29655248922, 0.011779647502, 0.027954625958, 0.0024974151978, 0.058782464633, 0.017464753315, 0.46215085407, 0.11300688829, 0],
      [0.059451112784, 0.015892230404, 0.035856514768, 0.3836342226, 0.11698594665, 0.2477724583, 0.017603610965, 0.025802934449, 0.097000969084, 0],
      [0.048300398811, 0.066127876569, 0.24282408276, 0.14587030912, 0.0062908194192, 0.18498588326, 0.003625543023, 0.11310190113, 0.1888731859, 0],
      [0.085622730699, 0.24261385861, 0.22206909191, 0.0084359811732, 0.10334701735, 0.080243463576, 0.06805544582, 0.0069303909977, 0.18268201986, 0],
      [0.009365458988, 0.23885766894, 0.11684139889, 0.0071889965967, 0.07372163632, 0.39864400436, 0.077694597465, 0.0024368933163, 0.075249345128, 0],
      [0.10784784926, 0.021586176462, 0.059972674186, 0.082437503793, 0.055881708324, 0.017641460045, 0.2743065336, 0.027476122966, 0.35284997136, 0]
    ],
    [
      [0.022668685818, 0.27760924047, 0.0079069445202, 0.020077570004, 0.0030348406629, 0.054448611741, 0.01441178028, 0.36134652591, 0.066529652936, 0.17196614767],
      [0.14359905543, 0.020068106393, 0.024822540649, 0.30032302579, 0.15266239203, 0.24078840694, 0.015939502384, 0.022886879087, 0.05963524354, 0.019274847743],
      [0.13099502596, 0.073024023104, 0.19547400931, 0.13015625637, 0.0092407118958, 0.20645342223, 0.0036372543689, 0.10356001373, 0.13071317703, 0.016746106003],
      [0.15329355328, 0.17518690252, 0.11798273444, 0.0047732342141, 0.10033283986, 0.059198458323, 0.042829392256, 0.0039092334171, 0.083465902463, 0.25902774923],
      [0.022291592617, 0.23106104245, 0.082513790494, 0.0043251146908, 0.094937361678, 0.39109039338, 0.065250701483, 0.003167111473, 0.045725769824, 0.059637121911],
      [0.25183639644, 0.021108405156, 0.041527823093, 0.063024789661, 0.070800379804, 0.016082728923, 0.22568560747, 0.021959320663, 0.21044399189, 0.077530556902]
    ],
    [
      [0.0079814456074, 0.1958147623, 0.0093625274435, 0.016059852869, 0.0012351157273, 0.037800105468, 0.0072185413312, 0.56821797044, 0.054296642542, 0.10201303628],
      [0.071463283999, 0.025371032676, 0.042541252456, 0.34637294273, 0.11263845866, 0.23753994019, 0.0083792356822, 0.072490546364, 0.066772409861, 0.016430897379],
      [0.055249066872, 0.059850560237, 0.26464932928, 0.12368798258, 0.0053702428256, 0.16689958162, 0.0019124357408, 0.18689720467, 0.12395422377, 0.011529372401],
      [0.083586920945, 0.18535504868, 0.20668753661, 0.0050387847249, 0.080096181977, 0.061757545908, 0.03285740604, 0.012201843258, 0.10214978786, 0.230268944],
      [0.011040195109, 0.23057787865, 0.13640906251, 0.0042360848754, 0.071416210577, 0.38591699261, 0.047500160293, 0.010266483505, 0.052592091928, 0.050044839938],
      [0.14643254047, 0.024435329636, 0.077536237271, 0.081958418009, 0.059964561727, 0.017577431124, 0.18652855548, 0.057288162864, 0.27489217235, 0.07338659107]
    ],
    [
      [0.012711217996, 0.23077602488, 0.0025670812363, 0.019321274822, 0.00091950503909, 0.036090692018, 0.013474889922, 0.47721496166, 0.082759996763, 0.12416435566],
      [0.10469768787, 0.024138556062, 0.01003653421, 0.38392975799, 0.07899047475, 0.20553855116, 0.020131733447, 0.055666492731, 0.097894012996, 0.018976198786],
      [0.094192889072, 0.076755848984, 0.08416672715, 0.16418525069, 0.0045008266217, 0.17706304759, 0.0043718854799, 0.17382491874, 0.20556009057, 0.015378515099],
      [0.12529067072, 0.20925097775, 0.057658195048, 0.0062712676015, 0.059058586846, 0.057192057212, 0.057184154904, 0.0093587406361, 0.14917976118, 0.26955558811],
      [0.017695106904, 0.27162158258, 0.039594651398, 0.0054884096136, 0.054866398799, 0.37570103584, 0.085560980574, 0.0082087590532, 0.080386444524, 0.060876630715],
      [0.17179897444, 0.021334092749, 0.016774005486, 0.074720908006, 0.034561711362, 0.011916763687, 0.25063267234, 0.037161666192, 0.31383394108, 0.067265264662]
    ],
    [
      [0.020359998834, 0.22522551758, 0.011278021713, 0.035200429174, 0.0011350410301, 0.063171530338, 0.010785741677, 0.29577009736, 0.089765813786, 0.24730780851],
      [0.1106795282, 0.01024220847, 0.029311491292, 0.45010911628, 0.05251410419, 0.23880206968, 0.0074431015689, 0.015742521089, 0.066094988114, 0.019060871109],
      [0.098381161972, 0.048175659317, 0.22905552077, 0.18694972986, 0.0031756034321, 0.1989310306, 0.0017940306404, 0.068683595591, 0.14575221369, 0.019101454127],
      [0.12786157889, 0.12997977267, 0.15384732967, 0.0092587540752, 0.037121227172, 0.063461196585, 0.029620951999, 0.0028661799187, 0.10341144243, 0.34257156659],
      [0.019727758559, 0.18217468337, 0.11423319825, 0.009385843403, 0.037276658308, 0.44394822786, 0.048004877179, 0.0025218591639, 0.059899581431, 0.082827312477],
      [0.21871318732, 0.015631858065, 0.056406098358, 0.10595935364, 0.027333042024, 0.018101249959, 0.16342214088, 0.016782901961, 0.2717920847, 0.10585808309]
    ],
    [
      [0.023029790112, 0.26227758151, 0.0043144788435, 0.043047333998, 0.0025392287465, 0.044489529687, 0.0063299970879, 0.30639226466, 0.13673792555, 0.17084186981],
      [0.11990971475, 0.00065287415311, 0.0092847978422, 0.49597181842, 0.094534869361, 0.15911407442, 0.0045028135253, 0.012059638026, 0.097194111614, 0.0067752878907],
      [0.11719990712, 0.059610061474, 0.10451121522, 0.22667514017, 0.0065860082053, 0.15258065237, 0.0012309441181, 0.077521452044, 0.2406551022, 0.013429517074],
      [0.15679500665, 0.16799401017, 0.072056105126, 0.015606640537, 0.076726359229, 0.049610838385, 0.019650336582, 0.0024637748567, 0.17573299139, 0.26336393708],
      [0.025846332414, 0.24692235369, 0.055763069186, 0.015574210877, 0.080310415235, 0.36734404663, 0.033318607099, 0.002374489787, 0.10643436827, 0.06611210681],
      [0.226081799, 0.014113957573, 0.021727045923, 0.11578043317, 0.047946221807, 0.011200409234, 0.091034724089, 0.015369558973, 0.38914011526, 0.06760573496]
    ],
    [
      [0.0063365242614, 0.38917560373, 0.0060059466375, 0.028542294386, 0.0027910516707, 0.043054397787, 0.009310833627, 0.31901856011, 0.090318296287, 0.1054464915],
      [0.044060115379, 0.034200752262, 0.021271438818, 0.43471190816, 0.13454142184, 0.1991301691, 0.0092929832267, 0.027146934345, 0.083354968745, 0.012289308121],
      [0.040782064021, 0.11029010847, 0.18064862108, 0.18892049978, 0.0088535356077, 0.1709639336, 0.00071850162576, 0.098936017904, 0.18925116644, 0.01063555147],
      [0.054044667231, 0.29248553903, 0.12356561721, 0.0079353704575, 0.099051161277, 0.054329441969, 0.037313706159, 0.0049127372463, 0.13692771733, 0.18943404209],
      [0.0068277594586, 0.34448699442, 0.077208886682, 0.0066715099497, 0.083738761647, 0.3208879072, 0.050779424519, 0.0038627678623, 0.06661435451, 0.038921633744],
      [0.090685233719, 0.03691548115, 0.044121024179, 0.10405672437, 0.071394000249, 0.015647572496, 0.20252808853, 0.024895551141, 0.35194911232, 0.057807211837]
    ],
    [
      [0.0067970840609, 0.33594451997, 0.0025575446926, 0.014220167802, 0.00081552034989, 0.04451729716, 0.0040800348678, 0.38568908799, 0.10224114129, 0.10313760182],
      [0.063887415995, 0.039663903665, 0.011888805345, 0.3222224335, 0.074467357414, 0.28629103364, 0.006510614108, 0.045337867213, 0.13273752312, 0.016993046],
      [0.050019159478, 0.12101960381, 0.078839619786, 0.11674353951, 0.0029937559149, 0.21836069269, 0.00061673685321, 0.14624010983, 0.25301270381, 0.012154078321],
      [0.069064458968, 0.31170885786, 0.055176194923, 0.0039526476331, 0.049229032472, 0.071175224656, 0.01788013504, 0.0079593935111, 0.18705040757, 0.22680364737],
      [0.0082070837848, 0.35147685621, 0.03323543296, 0.0029700389071, 0.039842771836, 0.40235127093, 0.023498083516, 0.0060849246945, 0.087581819733, 0.044751717428],
      [0.11811171972, 0.039818472966, 0.020350473693, 0.069168160691, 0.035781448014, 0.019704769991, 0.10091751557, 0.037431958342, 0.48832942652, 0.070386054492]
    ],
    [
      [0.014579440323, 0.25881774441, 0.012454259123, 0.022111419497, 0.001258661088, 0.042154833482, 0, 0.29534081872, 0.076795474637, 0.27648734872],
      [0.10542416715, 0.02331118014, 0.044332852471, 0.38585688819, 0.087741865803, 0.21267435471, 0, 0.026848520274, 0.077854609971, 0.035955561295],
      [0.083726316536, 0.067635277895, 0.29007569121, 0.13965067614, 0.0036150663416, 0.1544638815, 0, 0.083420142406, 0.14672722542, 0.030685722556],
      [0.094358351028, 0.15425081883, 0.16855772606, 0.0044708125317, 0.047867264118, 0.042970395827, 0, 0.0034956277971, 0.090670941124, 0.39335806269],
      [0.016589638072, 0.24894558499, 0.14542116628, 0.0049293817076, 0.055378282076, 0.35293319485, 0, 0.0037788227806, 0.060864019692, 0.11115990955],
      [0.21904360511, 0.026674659088, 0.084660046438, 0.093512347859, 0.047362012753, 0.016249752447, 0, 0.025097625377, 0.32182664534, 0.16557330559]
    ],
    [
      [0.017706220368, 0.29819621384, 0.0072656804309, 0.033849380876, 0.00063537126075, 0.047004844558, 0.017489975111, 0.41197059826, 0.079733192304, 0.086148522983],
      [0.10736378223, 0.0221011085, 0.022139024867, 0.48018140675, 0.039726027786, 0.20023586784, 0.018624813238, 0.03195721954, 0.068588498379, 0.0090822508676],
      [0.099881220585, 0.070964922883, 0.16737936772, 0.21212121062, 0.0019626837882, 0.17300328764, 0.0027624486522, 0.11500315136, 0.1518593551, 0.005062351649],
      [0.15214018622, 0.23904246488, 0.13396258996, 0.010485773806, 0.034370561151, 0.064766394418, 0.066998694044, 0.0066684943841, 0.12632830659, 0.16523653455],
      [0.019591046098, 0.28180341525, 0.084205003499, 0.0083616377235, 0.029002531924, 0.38448214239, 0.091520783996, 0.0052701539795, 0.06196536273, 0.033797922414],
      [0.19894572766, 0.022535897363, 0.037937789529, 0.10485825712, 0.019092786541, 0.013898559525, 0.28514111894, 0.02660515005, 0.25206007023, 0.038924643046]
    ],
    [
      [0.014545777958, 0.23967229415, 0.0062967635744, 0.026573386929, 0.0026432516278, 0.053502870588, 0.01723759028, 0.53453572366, 0.060144570059, 0.04484777117],
      [0.088984171981, 0.017632667045, 0.01972619954, 0.37107682475, 0.16447569274, 0.22315256529, 0.018104976816, 0.041206044728, 0.051060279718, 0.004580577394],
      [0.08781150868, 0.061859496119, 0.16183076247, 0.17894588932, 0.0084754479497, 0.21214653889, 0.0023138446381, 0.16320243512, 0.12155066779, 0.0018634090195],
      [0.13817897379, 0.20718166945, 0.132077416, 0.0097337834787, 0.15590180383, 0.079794045983, 0.07135036764, 0.010048549181, 0.10324993062, 0.092483460027],
      [0.015607217079, 0.21665878966, 0.073628581913, 0.0065513464197, 0.11671432569, 0.41564587895, 0.086673241592, 0.0068903846785, 0.044839804384, 0.016790429632],
      [0.18045161848, 0.019765066799, 0.037183372603, 0.088370414264, 0.086613643022, 0.017244154391, 0.30518994741, 0.037574498491, 0.20572146505, 0.021885819491]
    ],
    [
      [0.015853185202, 0.26398430724, 0.011557898821, 0.018668589449, 0.0014639342506, 0.027504268339, 0.01679047219, 0.35840243649, 0.062281726661, 0.22349318135],
      [0.12616687475, 0.026373909405, 0.046240330711, 0.36745795371, 0.11614226561, 0.15502956292, 0.023376583484, 0.0362058546, 0.070317342531, 0.032689322279],
      [0.10097393713, 0.075704877498, 0.29899219922, 0.12897488432, 0.0045895298987, 0.10983480996, 0.0066192429768, 0.11211642931, 0.13359254652, 0.028601543158],
      [0.10686970326, 0.16535887267, 0.16777275875, 0.0039362946071, 0.060243572058, 0.029741952031, 0.04919610309, 0.0045763584876, 0.077352399, 0.33495198606],
      [0.019290291967, 0.26918421039, 0.14562786127, 0.0037923484542, 0.070152836186, 0.24623373422, 0.092672175593, 0.0049827588054, 0.052721326037, 0.095342457083],
      [0.18691229499, 0.021603254298, 0.063408125105, 0.062739719894, 0.044742352742, 0.0076802922913, 0.2757264786, 0.024134930187, 0.20639578742, 0.10665676446]
    ],
    [
      [0.014148778417, 0.33153045888, 0.0091112678853, 0.032790719922, 0.0012712561643, 0.058185805833, 0.020777746262, 0.35178716387, 0.12444186959, 0.055954933181],
      [0.078678350771, 0.02208089703, 0.024798620653, 0.4264064064, 0.0734455215, 0.22599254111, 0.02028098272, 0.024497706547, 0.098559293218, 0.0052596800519],
      [0.071300778677, 0.06626307801, 0.18168459208, 0.18371493002, 0.0034422428945, 0.19238544869, 0.004184898765, 0.083085185814, 0.21245100227, 0.0014878427759],
      [0.11056017365, 0.24214095965, 0.1474872206, 0.0097755035678, 0.063023338548, 0.073001618471, 0.071864919335, 0.0043348617228, 0.17999963408, 0.097811770372],
      [0.013095902833, 0.26136868971, 0.08483601489, 0.0071453271127, 0.048652885096, 0.39296427084, 0.089746071514, 0.0031488163196, 0.080859936748, 0.018182084943],
      [0.13621702719, 0.021218843585, 0.039520147031, 0.086932498998, 0.033062940579, 0.01503987871, 0.28911228654, 0.019016231741, 0.33813458019, 0.021745565434]
    ],
    [
      [0.00616565381, 0.22228773557, 0.0069693032655, 0.023110159879, 0.00042019850887, 0.053078299794, 0.01249992717, 0.4204717753, 0.098955927087, 0.15604101963],
      [0.046533783557, 0.020768561406, 0.025615124695, 0.4157457622, 0.034297207463, 0.27613318863, 0.016115211316, 0.040380547315, 0.1040631583, 0.020347455118],
      [0.038032816028, 0.062489181863, 0.17351451712, 0.15938207299, 0.0012013774157, 0.21418881457, 0.00024314197819, 0.13271648958, 0.20521634934, 0.013015239109],
      [0.055516000087, 0.1828827622, 0.12948037649, 0.0070031377454, 0.025015704899, 0.075218709921, 0.04954863206, 0.0076215049492, 0.16141917502, 0.30629399663],
      [0.007106951114, 0.21716851932, 0.082161489148, 0.0056425332642, 0.021256778377, 0.4493223268, 0.068119958523, 0.0063187415642, 0.079848770028, 0.063053931864],
      [0.08386663731, 0.020648829596, 0.042529254745, 0.087426262072, 0.01604715749, 0.018722825529, 0.24187546256, 0.032912927921, 0.37228663297, 0.083684009811]
    ],
    [
      [0.014701256187, 0.22452895888, 0.012638186738, 0.027163254736, 0.0026505426668, 0.043336871963, 0.0066187854107, 0.4293160212, 0.072857777984, 0.16618834423],
      [0.097360197205, 0.016784084339, 0.038223321448, 0.39171276978, 0.15771645533, 0.18491350486, 0, 0.033198513626, 0.062558049862, 0.017533103556],
      [0.077934141924, 0.054002593224, 0.27671870233, 0.16747036493, 0.0076744413054, 0.15603529795, 0, 0.1162796719, 0.13167859911, 0.012206187322],
      [0.1066776394, 0.14892840282, 0.18694058131, 0.007123338256, 0.11332315308, 0.049585504288, 0.021539959927, 0.0057897736324, 0.096061211896, 0.26403043538],
      [0.0162734305, 0.20996377475, 0.14060882832, 0.0068705801853, 0.11438889128, 0.35050901937, 0.035332200795, 0.0054597469837, 0.056210302922, 0.064383224905],
      [0.19569934862, 0.019779604946, 0.074286454809, 0.098650039809, 0.087518603497, 0.015196875224, 0.12454264025, 0.031797265052, 0.26630523421, 0.086223933586]
    ],
    [
      [0.025247073795, 0.2886958551, 0.0098621161708, 0.029393873663, 0.0021703829015, 0.062986490474, 0.033134584668, 0.28599268707, 0.080230127002, 0.18228680915],
      [0.12952214082, 0.018161588098, 0.025463211226, 0.37785940016, 0.097709340045, 0.22875590758, 0.030310376915, 0.01678660069, 0.058510495773, 0.016920938685],
      [0.13951379543, 0.065006540194, 0.20467826445, 0.16665715141, 0.0063121407673, 0.20632702552, 0.0087252513621, 0.052884449674, 0.13473535135, 0.015160029838],
      [0.1535427557, 0.15838668342, 0.12763748055, 0.0041639743528, 0.072058208207, 0.058192798648, 0.094848401173, 0, 0.091910648982, 0.23925904897],
      [0.02141354653, 0.20337806565, 0.08649996508, 0.0049997535326, 0.063850229063, 0.39156908351, 0.12555266825, 0.001798462763, 0.046967091457, 0.053971134168],
      [0.20467223869, 0.015581797216, 0.03731012218, 0.067710190714, 0.04091202646, 0.012788591553, 0.36576111518, 0.011419981607, 0.18385020803, 0.059993728369]
    ],
    [
      [0.032971928781, 0.38934434077, 0.014818663524, 0.017744490964, 0.0016818863579, 0.051226388589, 0.01476239926, 0.11300471217, 0.14616879114, 0.21827639844],
      [0.17814794868, 0.02881119527, 0.042477434908, 0.27899807215, 0.083824492558, 0.21777502035, 0.015189141259, 0.0078953449955, 0.12246649379, 0.024414856046],
      [0.19503094025, 0.080017581017, 0.26297963858, 0.060861494369, 0.0042274421814, 0.15391310111, 0.0030494658243, 0, 0.22213007011, 0.017790266554],
      [0.15060937589, 0.18267515936, 0.16075757358, 0, 0.045697104372, 0.03602034798, 0.034124262315, 0, 0.13904527575, 0.25107090075],
      [0.025067072483, 0.27373376177, 0.12222169555, 0.0028246451185, 0.047222935526, 0.32303179974, 0.055646018929, 0.0007676795485, 0.084690414261, 0.064793977066],
      [0.24933026496, 0.022157928985, 0.054990051084, 0.04325069218, 0.031027507463, 0.010389546151, 0.1676993451, 0.0047030211799, 0.34206928478, 0.074382358119]
    ],
    [
      [0.01266920435, 0.2668215198, 0.011710753102, 0.0081288667785, 0.00090764665484, 0.042834072672, 0.0096853374718, 0.42518231925, 0.10059811925, 0.12146216067],
      [0.059326869243, 0.028182711716, 0.046384362145, 0.3186916571, 0.10422662538, 0.25028848837, 0.014190456979, 0.044174898276, 0.11622200075, 0.018311930042],
      [0.042458050591, 0.07198057045, 0.2733300925, 0.10328432353, 0.0045341501896, 0.16709432515, 0.0023330375209, 0.12391067545, 0.19877182512, 0.012302949484],
      [0.057220865053, 0.20837252217, 0.20038871329, 0, 0.062944023088, 0.05529760647, 0.034795591327, 0.010111432427, 0.15216036335, 0.21870888283],
      [0.0080100295705, 0.25200868359, 0.13182878409, 0.003191889169, 0.057414357094, 0.36259863274, 0.052070059194, 0.0057727766683, 0.078668024297, 0.048436763586],
      [0.099476955742, 0.026127161069, 0.071798645252, 0.059771355075, 0.045799799207, 0.015153851188, 0.19234235319, 0.033425704422, 0.3885399224, 0.067564252459]
    ],
    [
      [0.014861338909, 0.24969979267, 0.0074652586496, 0.02884837414, 0.00096065772765, 0.049725926821, 0.013659029854, 0.4568215622, 0.045051718238, 0.13290634079],
      [0.099758030901, 0.020568303608, 0.025480091, 0.45560955988, 0.060456898887, 0.22794404886, 0.015684989661, 0.037559953437, 0.041698493984, 0.015239629778],
      [0.092699507622, 0.069515282559, 0.19791177843, 0.19351198794, 0.0035578267778, 0.19728496054, 0.0033471174322, 0.13635785752, 0.092557885785, 0.013255795389],
      [0.13164461861, 0.20257497959, 0.14534736923, 0.013928663171, 0.049385924616, 0.072604407787, 0.050960907479, 0.01136503591, 0.07196963824, 0.25021845537],
      [0.017361843733, 0.24346097934, 0.094436904164, 0.007264216907, 0.042773494844, 0.42290754594, 0.074798479586, 0.0061871010903, 0.036263466418, 0.054545967979],
      [0.21011362644, 0.023897123759, 0.049853575613, 0.11026581813, 0.033483450986, 0.018474472355, 0.26883456368, 0.035898795628, 0.17530522507, 0.073873348339]
    ],
    [
      [0.006829699827, 0.28367976015, 0.0078181344104, 0.012691919457, 0.00094216838496, 0.058695103671, 0.015245672386, 0.39570632237, 0.059318825066, 0.15907239427],
      [0.078826592114, 0.031386073621, 0.03150928435, 0.27844788384, 0.091450609939, 0.33410262506, 0.021637163137, 0.040389842845, 0.067973888114, 0.024276036977],
      [0.048290907566, 0.086025147584, 0.21149545696, 0.11159496665, 0.0046651594549, 0.25379072275, 0.0042990989901, 0.12885929208, 0.13289143529, 0.018087812687],
      [0.054046144025, 0.22774942931, 0.13864380764, 0, 0.056800131421, 0.07898071071, 0.055191755758, 0.0077061751112, 0.089960623091, 0.29092122293],
      [0.0070969463613, 0.24383791961, 0.08213125234, 0.0016555073109, 0.046119976183, 0.44130581241, 0.073025869255, 0.0048332239001, 0.042106635946, 0.057886856684],
      [0.10631148737, 0.029561886548, 0.05207565185, 0.060643379045, 0.043105120604, 0.022140551381, 0.31583243361, 0.032356208825, 0.24431515279, 0.093658127974]
    ],
    [
      [0.013334372627, 0.27855279408, 0.009415177837, 0.022300747312, 0.0016016471252, 0.048222546789, 0.022723425614, 0.38678344749, 0.10165555628, 0.11541028485],
      [0.087738751527, 0.022809368519, 0.031364730393, 0.3697132255, 0.097337243048, 0.22536665579, 0.026394948139, 0.030366574276, 0.095360314807, 0.013548187995],
      [0.073884750848, 0.070955163822, 0.21915675762, 0.14253095592, 0.005245579417, 0.17724965156, 0.0058564402653, 0.10378252761, 0.19059051761, 0.010747655321],
      [0.10232199949, 0.19507047509, 0.15456507541, 0.0039560361983, 0.068937555929, 0.058429311155, 0.078630441189, 0.0016424343622, 0.14649097362, 0.18995569755],
      [0.013476398404, 0.23827623994, 0.1001178812, 0.0046465537147, 0.059860977236, 0.36340273657, 0.10308438867, 0.0038731828747, 0.07187554539, 0.041386095991],
      [0.13668918608, 0.019640469482, 0.045397655742, 0.065593154104, 0.040026267962, 0.012876253523, 0.31546661987, 0.021177247738, 0.2949808276, 0.0481523179]
    ],
    [
      [0.014443992403, 0.31487109707, 0.0072011668187, 0.0220911858, 0.0022993356808, 0.035143709564, 0.0055046296316, 0.32484965349, 0.086828728625, 0.18676650091],
      [0.10058016345, 0.028104567568, 0.024380609864, 0.39616097753, 0.13342676496, 0.17403992668, 0.0066040868296, 0.026771534569, 0.084668818742, 0.025262549794],
      [0.091027466268, 0.091926556756, 0.18319919594, 0.16696712475, 0.0079704574364, 0.14987916836, 0.0014652348811, 0.10021218704, 0.18627715617, 0.021075452394],
      [0.10519095017, 0.21803248204, 0.11104921066, 0, 0.088269871436, 0.03669075164, 0.017252408794, 0.00035859725966, 0.11693564753, 0.30622008048],
      [0.021165401336, 0.31065046786, 0.084915105651, 0, 0.090693211077, 0.30981637435, 0.029912558167, 0.0033826255443, 0.070536971105, 0.078927284906],
      [0.19351769939, 0.029958690437, 0.043804267822, 0.088321165291, 0.068817522974, 0.012164614912, 0.10533679393, 0.023912313144, 0.33154918735, 0.10261774475]
    ],
    [
      [0.0040886941912, 0.32156148879, 0.0086548163709, 0.02011716681, 0.0029817631002, 0.043366116922, 0.0070065508789, 0.35515734723, 0.1069359138, 0.13013014191],
      [0.02879567631, 0.028826232541, 0.029795603759, 0.35748247692, 0.18269526231, 0.21245567426, 0.0084774229842, 0.0297223638, 0.10494009972, 0.016809187387],
      [0.025343214158, 0.090607368953, 0.21523281118, 0.14278890832, 0.010406926395, 0.17442994641, 0.0016837375267, 0.10475868756, 0.22090482848, 0.013843571033],
      [0.032122795368, 0.23864616584, 0.14392781083, 0.0016690638216, 0.12739798374, 0.055353794754, 0.022847238609, 0.0027977665001, 0.15128455863, 0.22395282191],
      [0.0042872185402, 0.28491559844, 0.092983907689, 0.0042325217419, 0.11075155358, 0.33777757505, 0.034404473937, 0.003890592845, 0.078079719095, 0.048676839072],
      [0.057881265874, 0.032004988219, 0.055306805346, 0.080903518113, 0.096791759505, 0.015861276792, 0.13852324693, 0.026805008716, 0.42184091426, 0.074081216245]
    ],
    [
      [0.011882192226, 0.32576341288, 0.0059853983626, 0.027563972249, 0.0024844627313, 0.037381085236, 0.012221201109, 0.32558987918, 0.08621042768, 0.16491796834],
      [0.074790565884, 0.026078311734, 0.018959230365, 0.44969487009, 0.12911352037, 0.16707709739, 0.013422022549, 0.024909575348, 0.07678015335, 0.019174652916],
      [0.075034012537, 0.094738651799, 0.15746511154, 0.20210984754, 0.0084401766655, 0.15672930448, 0.0033264997332, 0.10001213675, 0.18412670609, 0.018017552867],
      [0.089960458768, 0.22930221571, 0.097299752348, 0.0066172495703, 0.095602824792, 0.044379631196, 0.040211543119, 0.0032801736457, 0.12008826725, 0.2732578836],
      [0.014038572295, 0.30918136139, 0.069977548363, 0.0054076941925, 0.093358543004, 0.30754698933, 0.062629091543, 0.0015434780222, 0.067979083161, 0.068337638705],
      [0.14732903816, 0.028294389609, 0.034414218698, 0.097669416966, 0.066817348796, 0.011646879328, 0.2079864659, 0.02172660569, 0.30115766769, 0.082957969163]
    ],
    [
      [0.0083861272625, 0.33904474796, 0.01542908474, 0.018130883306, 0.0029995151215, 0.058135025589, 0.023960391701, 0.31407371257, 0.10345956527, 0.11638094648],
      [0.054658011151, 0.027626469263, 0.048224793587, 0.29758611951, 0.16547230315, 0.25203438035, 0.026317552377, 0.023015131988, 0.092008688846, 0.013056549774],
      [0.072782255801, 0.10548900277, 0.3132358297, 0.080590308252, 0.0085815764132, 0.18711768193, 0.0056583427905, 0.042913720296, 0.17413838039, 0.0094929016604],
      [0.056427093223, 0.20446743256, 0.21112276079, 0.0037289800643, 0.10455188245, 0.059653706129, 0.066869522469, 0.0031586437098, 0.12368238731, 0.16633759131],
      [0, 0.23748365841, 0.13396695916, 0, 0.088957746206, 0.3559212466, 0.093153176213, 0, 0.057678652785, 0.032838560629],
      [0.087569891576, 0.023839159879, 0.070191719696, 0.053202280494, 0.068817615477, 0.015439651863, 0.32455945143, 0.01668715144, 0.29297023783, 0.046722840315]
    ],
    [
      [0.01886395556, 0.29004858634, 0.003798390314, 0.047441763094, 0.0031966235835, 0.029502844865, 0.017282700158, 0.3380454883, 0.066314171227, 0.18550547656],
      [0.094373197131, 0.014433514263, 0.011894383295, 0.5341404911, 0.11771167656, 0.12073609772, 0.016150241286, 0.021762815506, 0.050881638684, 0.017915944453],
      [0.10702837368, 0.080083904408, 0.12349466742, 0.28390846474, 0.0091991142488, 0.13110476395, 0.004392028923, 0.10329126106, 0.13822588282, 0.019271538765],
      [0.12757159031, 0.19610086104, 0.075109666983, 0.019051427259, 0.098549128271, 0.034756659302, 0.056343643742, 0.0034429314706, 0.089695098639, 0.29937899299],
      [0.026065513517, 0.27830213228, 0.056089021475, 0.034039690772, 0.10464397249, 0.27301582079, 0.094337698218, 0.001311311075, 0.055611559153, 0.076583280225],
      [0.18752749839, 0.019775487521, 0.023864662651, 0.12638657517, 0.062397396966, 0.0074844557571, 0.26721262922, 0.020279627693, 0.20322050285, 0.081851163784]
    ],
    [
      [0.012601069798, 0.32867772702, 0.0080721474712, 0.027967765206, 0.0021784360264, 0.051891888126, 0.0092866194461, 0.23766156243, 0.076992381647, 0.24467040282],
      [0.082332217479, 0.025928281589, 0.024498135987, 0.42191497715, 0.11255141815, 0.218615271, 0.0096433712362, 0.012075758077, 0.065450247971, 0.026990321362],
      [0.075607288444, 0.08897972021, 0.19660071294, 0.18781426102, 0.0072095844666, 0.19800053833, 0.0022392066342, 0.066251977468, 0.15298058084, 0.024316129658],
      [0.083870041878, 0.19877498898, 0.11255012454, 0.0059457695604, 0.074136895944, 0.053934067313, 0.026394857324, 0.0024019338019, 0.092092243364, 0.3498990773],
      [0.0099754922359, 0.27720396237, 0.082988265335, 0.0021743915762, 0.075260070052, 0.37488449038, 0.041222159787, 0, 0.050084176191, 0.086206992072],
      [0.16429889122, 0.029373472019, 0.047253265523, 0.10063426848, 0.061796722771, 0.017568487521, 0.16248121895, 0.015754272897, 0.27609314479, 0.12474625581]
    ],
    [
