{
  "Z_true": {},
  "V_true": [
    [65, 91, 1106, 77],
    [1948, 479, 462, 93],
    [1333, 9392, 3825, 537],
    [149, 88, 6126, 120],
    [161, 394, 1308, 273],
    [111, 407, 919, 159],
    [102, 290, 1436, 419],
    [215, 406, 597, 580]
  ],
  "p_true": [
    [0.0485, 0.068, 0.826, 0.0575],
    [0.6533, 0.1606, 0.1549, 0.0312],
    [0.0884, 0.6225, 0.2535, 0.0356],
    [0.023, 0.0136, 0.9449, 0.0185],
    [0.0754, 0.1845, 0.6124, 0.1278],
    [0.0695, 0.255, 0.5758, 0.0996],
    [0.0454, 0.1291, 0.6391, 0.1865],
    [0.1196, 0.2258, 0.332, 0.3226]
  ],
  "Z_est": [
    [
      [1.9998, 10, 4, 1.9938, 4, 4, 7, 9, 16, 9, 7, 11, 2, 7, 8, 6, 2, 6, 2, 6, 3, 8, 4, 4, 5, 10, 3, 6, 4, 3, 14, 4, 15, 6.9986],
      [1, 22, 10, 0.9971, 3, 6, 12, 13, 20, 13, 14, 13, 4, 7, 9, 11, 5, 16, 10, 36, 7, 38, 21, 13, 14, 23, 1, 16, 11, 3, 34, 4, 17, 3.0003],
      [2.0002, 29, 18, 3.0131, 5, 17, 15, 13, 23, 20, 17, 20, 3, 8, 16, 8, 9, 43, 12, 57, 10, 46, 24, 17, 12, 33, 3, 27, 18, 4, 46, 7, 26, 8.0008],
      [0.0001, 3, 2, 0.996, 1, 2, 2, 1, 4, 3, 2, 3, 9.5594e-18, 1, 1, 2, 1, 4, 1, 7, 1, 6, 3, 2, 2, 4, 2.6126e-07, 4, 2, 1.9451e-07, 5, 2.5073e-08, 5, 0.0003]
    ],
    [
      [1.9999, 14, 5, 0.9988, 11, 6, 16, 29, 76, 14, 16, 30, 8, 34, 13, 34, 3, 5, 3, 6, 3, 12, 4, 6, 6, 14, 10, 6, 6, 1, 27, 6, 75, 13.0015],
      [2, 41, 16, 1.0027, 16, 8, 29, 45, 101, 22, 41, 42, 22, 39, 20, 77, 8, 12, 15, 35, 13, 47, 19, 21, 28, 34, 10, 19, 17, 8, 70, 11, 85, 12.9992],
      [5.0001, 51, 29, 0.9976, 22, 24, 38, 45, 117, 35, 50, 65, 16, 47, 33, 52, 13, 31, 19, 54, 18, 57, 21, 28, 23, 49, 18, 32, 27, 9, 93, 18, 131, 24.9996],
      [1.0001, 7, 3, 0.001, 4, 3, 5, 6, 21, 5, 7, 9, 4, 7, 3, 13, 1, 3, 1, 6, 2, 7, 2, 4, 4, 6, 2, 4, 3, 1, 11, 2, 25, 1.9997]
    ],
    [
      [3.9998, 70, 32, 3.0046, 17, 16, 50, 89, 190, 49, 71, 82, 44, 49, 30, 122, 15, 30, 28, 54, 24, 109, 46, 35, 56, 78, 15, 43, 36, 16, 108, 17, 147, 21.9989],
      [11.9996, 202, 125, 10.0066, 30, 38, 99, 152, 262, 81, 204, 120, 146, 63, 50, 288, 57, 97, 226, 380, 146, 542, 349, 196, 267, 222, 17, 147, 127, 119, 303, 43, 174, 20.0009],
      [21.0005, 259, 219, 23.9905, 40, 104, 127, 151, 303, 130, 244, 182, 108, 72, 85, 197, 103, 255, 282, 593, 204, 654, 402, 254, 232, 320, 31, 250, 202, 162, 400, 70, 263, 44.0005],
      [5, 35, 24, 5.9983, 7, 14, 17, 22, 56, 20, 35, 26, 27, 11, 9, 50, 11, 26, 27, 74, 26, 88, 50, 37, 46, 42, 3, 36, 22, 29, 47, 8, 50, 2.9997]
    ],
    [
      [3.0001, 33, 16, 1.9953, 8, 15, 18, 25, 63, 26, 30, 38, 9, 17, 18, 26, 6, 20, 8, 27, 9, 42, 15, 14, 14, 30, 9, 19, 19, 10, 48, 12, 71, 13.9994],
      [11.0005, 94, 71, 5.9946, 16, 34, 41, 45, 89, 46, 89, 60, 33, 22, 29, 62, 23, 69, 74, 193, 62, 212, 115, 83, 70, 87, 11, 65, 69, 77, 137, 29, 84, 11.9994],
      [19.9994, 124, 121, 16.0021, 20, 95, 49, 43, 102, 71, 106, 87, 24, 26, 55, 42, 42, 182, 93, 299, 84, 255, 133, 105, 61, 127, 18, 111, 108, 108, 179, 48, 127, 30.0004],
      [5, 16, 13, 3.008, 3, 13, 6, 6, 19, 10, 15, 12, 6, 4, 6, 10, 4, 19, 8, 37, 10, 34, 16, 15, 12, 16, 2, 16, 11, 19, 21, 5, 24, 2.0008]
    ],
    [
      [0.0003, 11, 4, 0.9993, 2, 5, 8, 7, 19, 5, 10, 8, 3, 8, 4, 10, 2, 4, 3, 10, 2, 14, 6, 6, 8, 10, 1, 5, 5, 3, 15, 2, 17, 1.0002],
      [2.9999, 32, 22, 3, 3, 11, 19, 12, 27, 11, 30, 14, 12, 10, 7, 24, 9, 16, 28, 70, 20, 75, 47, 34, 37, 30, 2, 18, 20, 21, 43, 7, 20, 0.9998],
      [5.9996, 43, 35, 8.9941, 7, 34, 22, 13, 32, 15, 38, 21, 10, 13, 15, 16, 19, 44, 35, 113, 25, 91, 56, 46, 35, 46, 5, 34, 34, 32, 60, 10, 33, 3.9999],
      [1.0002, 5, 4, 2.0066, 1, 4, 3, 1, 5, 2, 5, 2, 2, 1, 1, 4, 1, 4, 4, 13, 3, 12, 6, 6, 6, 5, 2.597e-07, 4, 3, 5, 6, 1, 6, 0.0001]
    ],
    [
      [0.0002, 7, 7, 1.0047, 3, 5, 5, 3, 12, 3, 2, 4, 2, 1, 3, 8, 3, 5, 3, 6, 2, 8, 4, 2, 4, 5, 2, 5, 7, 6.5846e-08, 15, 1, 23, 1.0003],
      [2, 22, 33, 3.9943, 5, 12, 10, 5, 17, 6, 6, 7, 8, 2, 4, 18, 12, 16, 28, 42, 16, 42, 31, 14, 18, 15, 2, 18, 26, 2, 43, 4, 26, 1.0002],
      [6.9999, 29, 58, 12.9988, 9, 37, 16, 7, 22, 12, 8, 13, 7, 3, 9, 14, 24, 45, 35, 68, 26, 54, 39, 22, 18, 23, 7, 31, 43, 5, 59, 9, 43, 2.9995],
      [0.9998, 5, 6, 2.0022, 1, 5, 1, 1, 3, 1, 1, 1, 1, 1, 2, 3, 3, 4, 4, 8, 2, 6, 4, 2, 3, 4, 2.8072e-07, 5, 4, 1, 6, 1.254e-08, 7, 1]
    ],
    [
      [1, 13, 4, 1.001, 1, 5, 5, 7, 27, 6, 7, 11, 5, 6, 3, 11, 3, 9, 4, 9, 4, 15, 5, 7, 4, 11, 5, 7, 7, 1.5148e-09, 12, 2, 23, 1.0003],
      [4.0001, 37, 18, 3.0017, 3, 11, 11, 12, 37, 11, 21, 16, 18, 8, 6, 27, 11, 32, 35, 62, 28, 76, 41, 38, 18, 31, 5, 25, 25, 3, 35, 5, 27, 1],
      [9, 48, 34, 8.001, 5, 32, 16, 12, 44, 19, 27, 25, 13, 9, 10, 20, 21, 86, 44, 98, 41, 92, 48, 50, 16, 46, 10, 44, 42, 4, 46, 11, 41, 1.9998],
      [4, 7, 4, 2.9963, 2, 6, 3, 4, 10, 4, 5, 5, 5, 3, 3, 6, 4, 11, 5, 14, 6, 14, 8, 8, 5, 7, 3, 8, 5, 2, 7, 1, 9, 1]
    ],
    [
      [0, 5, 3, 0.0027, 1, 3, 6, 7, 23, 5, 8, 13, 5, 7, 3, 18, 2, 4, 2, 6, 2, 9, 4, 5, 5, 8, 1, 7, 4, 2, 9, 2, 21, 2.0009],
      [0.9999, 16, 14, 1.003, 3, 7, 14, 13, 32, 9, 22, 20, 17, 8, 5, 42, 8, 14, 18, 46, 17, 48, 33, 29, 26, 22, 1, 23, 16, 16, 25, 6, 25, 2.0002],
      [3.0003, 21, 25, 4.0027, 4, 21, 18, 13, 38, 15, 27, 31, 13, 10, 9, 29, 16, 38, 23, 72, 25, 59, 38, 38, 23, 32, 3, 41, 26, 22, 34, 11, 38, 3.9994],
      [1.9998, 4, 5, 2.9916, 3, 4, 4, 3, 9, 4, 5, 6, 5, 3, 2, 8, 3, 5, 3, 10, 5, 10, 7, 8, 6, 6, 2, 7, 5, 6, 5, 4, 9, 1.9995]
    ]
  ],
  "V_est": [
    [213.9921, 430.9974, 619.0141, 74.9964],
    [515.0002, 987.0018, 1295.9973, 184.0007],
    [1797.0033, 5314.0071, 6986.9916, 988.998],
    [733.9948, 2219.9945, 3111.0019, 418.0088],
    [218.9998, 737.9997, 1050.9935, 128.007],
    [162.0051, 516.9946, 817.9983, 99.002],
    [241.0012, 741.0018, 1073.0007, 191.9963],
    [202.0036, 599.0031, 824.0025, 172.9909]
  ],
  "p_est": [
    [0.1598, 0.3219, 0.4623, 0.056],
    [0.1727, 0.331, 0.4346, 0.0617],
    [0.1191, 0.3522, 0.4631, 0.0656],
    [0.1132, 0.3424, 0.4799, 0.0645],
    [0.1025, 0.3455, 0.492, 0.0599],
    [0.1015, 0.3239, 0.5125, 0.062],
    [0.1073, 0.3298, 0.4775, 0.0854],
    [0.1123, 0.3331, 0.4583, 0.0962]
  ],
  "EI_Z": {},
  "EI_V": 31.4482,
  "MAE_Z": {},
  "MAE_V": 661.7492,
  "MAE_p": 0.1479,
  "runtime": 0.331
}
