{
  "X": [
    [3, 1, 20, 17, 6],
    [5, 7, 60, 43, 18],
    [0, 0, 4, 8, 6],
    [5, 13, 37, 92, 16],
    [9, 25, 106, 179, 31],
    [9, 34, 164, 211, 60],
    [0, 4, 5, 8, 1],
    [16, 33, 192, 253, 56],
    [0, 4, 22, 34, 5],
    [9, 10, 88, 111, 37],
    [13, 18, 140, 185, 36],
    [24, 39, 495, 637, 134],
    [1, 1, 11, 5, 4],
    [2, 4, 21, 25, 0],
    [15, 18, 225, 248, 36],
    [30, 45, 353, 345, 110],
    [63, 68, 693, 853, 153],
    [152, 155, 1298, 1443, 325],
    [6, 16, 68, 100, 16],
    [34, 54, 430, 565, 99],
    [7, 5, 47, 39, 10],
    [3, 0, 20, 24, 4],
    [3, 5, 30, 41, 4],
    [18, 14, 104, 131, 24],
    [1, 1, 2, 14, 1],
    [15, 28, 142, 216, 51],
    [42, 51, 502, 592, 103],
    [22, 22, 202, 234, 47],
    [106, 185, 1444, 1727, 295],
    [116, 161, 1618, 1810, 328],
    [2, 6, 26, 57, 10],
    [48, 66, 605, 598, 130],
    [6, 4, 67, 61, 11],
    [25, 17, 201, 212, 62],
    [4, 8, 26, 63, 6],
    [0, 1, 23, 27, 9],
    [7, 24, 131, 180, 32],
    [24, 25, 198, 214, 63],
    [27, 14, 149, 153, 39],
    [8, 13, 64, 93, 24],
    [1, 0, 5, 1, 2],
    [10, 31, 174, 328, 65],
    [40, 54, 330, 495, 113],
    [4, 3, 29, 58, 16],
    [22, 50, 300, 695, 102],
    [3, 4, 28, 46, 7],
    [16, 11, 168, 115, 53],
    [56, 72, 831, 765, 220],
    [6, 4, 51, 68, 14],
    [0, 0, 3, 8, 1],
    [0, 0, 4, 8, 2],
    [1, 1, 8, 10, 2],
    [0, 2, 11, 13, 4],
    [0, 2, 15, 31, 12],
    [2, 2, 24, 35, 4],
    [2, 2, 17, 31, 8],
    [0, 1, 8, 8, 6],
    [1, 17, 64, 140, 38],
    [0, 1, 3, 4, 1],
    [4, 15, 51, 119, 22],
    [0, 0, 10, 9, 2],
    [9, 15, 63, 105, 29],
    [11, 16, 89, 117, 33],
    [4, 5, 39, 39, 14],
    [13, 7, 87, 115, 41],
    [15, 10, 82, 105, 33],
    [2, 3, 7, 11, 5],
    [4, 9, 42, 70, 10],
    [15, 7, 55, 80, 19],
    [1, 2, 19, 29, 3],
    [1, 0, 2, 5, 0],
    [4, 2, 8, 18, 3],
    [3, 1, 20, 21, 6],
    [5, 6, 42, 70, 8],
    [0, 0, 2, 5, 0],
    [0, 1, 1, 4, 1],
    [0, 5, 39, 68, 13],
    [0, 2, 2, 5, 2],
    [1, 0, 2, 2, 1],
    [14, 21, 126, 163, 39],
    [16, 21, 176, 240, 35],
    [15, 17, 138, 211, 39],
    [16, 15, 122, 123, 28],
    [11, 9, 62, 94, 25],
    [7, 7, 46, 52, 18],
    [0, 12, 49, 76, 12],
    [4, 9, 42, 66, 23],
    [2, 6, 28, 57, 9],
    [7, 12, 26, 74, 12],
    [5, 10, 70, 138, 26],
    [3, 3, 6, 15, 11],
    [2, 3, 10, 9, 3],
    [1, 1, 25, 39, 7],
    [1, 0, 12, 13, 3],
    [0, 1, 1, 2, 2],
    [1, 7, 30, 51, 8],
    [1, 2, 18, 50, 9],
    [1, 1, 12, 12, 2],
    [6, 12, 51, 178, 21],
    [4, 2, 26, 68, 8],
    [16, 18, 83, 124, 49],
    [10, 42, 186, 255, 89],
    [71, 14, 326, 205, 78],
    [221, 161, 1554, 1367, 582],
    [107, 99, 637, 654, 329],
    [0, 1, 1, 6, 1]
  ],
  "W": [
    [3, 5, 21, 12, 6],
    [7, 5, 80, 29, 12],
    [2, 0, 6, 7, 3],
    [17, 6, 44, 77, 19],
    [39, 8, 128, 141, 34],
    [53, 12, 191, 163, 59],
    [6, 0, 8, 2, 2],
    [60, 15, 222, 202, 51],
    [11, 2, 24, 24, 4],
    [21, 10, 102, 92, 30],
    [70, 21, 148, 114, 39],
    [124, 38, 576, 446, 145],
    [2, 0, 17, 3, 0],
    [8, 3, 22, 15, 4],
    [55, 27, 235, 179, 46],
    [90, 41, 403, 250, 99],
    [162, 85, 775, 650, 158],
    [321, 186, 1480, 1064, 322],
    [25, 4, 86, 76, 15],
    [128, 36, 507, 406, 105],
    [11, 7, 51, 28, 11],
    [6, 6, 18, 17, 4],
    [3, 9, 30, 33, 8],
    [40, 22, 113, 89, 27],
    [3, 1, 2, 11, 2],
    [65, 25, 154, 150, 58],
    [134, 71, 555, 420, 110],
    [56, 29, 234, 166, 42],
    [411, 138, 1629, 1289, 290],
    [407, 154, 1868, 1304, 300],
    [20, 5, 38, 28, 10],
    [138, 61, 669, 439, 140],
    [6, 8, 78, 44, 13],
    [35, 42, 215, 162, 63],
    [19, 2, 35, 47, 4],
    [10, 1, 23, 16, 10],
    [49, 12, 155, 128, 30],
    [57, 34, 220, 164, 49],
    [35, 27, 168, 100, 52],
    [20, 9, 76, 72, 25],
    [0, 3, 4, 0, 2],
    [64, 24, 193, 265, 62],
    [98, 37, 403, 392, 102],
    [18, 2, 41, 36, 13],
    [136, 43, 347, 533, 110],
    [13, 5, 33, 31, 6],
    [46, 27, 172, 67, 51],
    [176, 109, 877, 552, 230],
    [12, 8, 64, 48, 11],
    [1, 0, 3, 4, 4],
    [0, 1, 4, 8, 1],
    [4, 1, 9, 7, 1],
    [4, 1, 13, 8, 4],
    [4, 1, 23, 23, 9],
    [8, 1, 25, 26, 7],
    [6, 0, 23, 21, 10],
    [2, 0, 9, 6, 6],
    [39, 2, 72, 95, 52],
    [2, 0, 4, 2, 1],
    [40, 5, 57, 81, 28],
    [0, 3, 8, 7, 3],
    [20, 8, 81, 89, 23],
    [31, 8, 111, 90, 26],
    [7, 6, 40, 30, 18],
    [15, 20, 118, 61, 49],
    [25, 17, 101, 66, 36],
    [3, 3, 7, 11, 4],
    [15, 5, 50, 50, 15],
    [19, 11, 69, 59, 18],
    [4, 2, 20, 23, 5],
    [0, 0, 1, 4, 3],
    [5, 2, 11, 10, 7],
    [5, 3, 29, 12, 2],
    [20, 4, 49, 48, 10],
    [0, 0, 2, 5, 0],
    [0, 0, 1, 5, 1],
    [18, 7, 43, 36, 21],
    [0, 1, 4, 5, 1],
    [0, 0, 3, 2, 1],
    [42, 20, 155, 110, 36],
    [51, 22, 201, 174, 40],
    [53, 18, 161, 147, 41],
    [29, 12, 151, 87, 25],
    [15, 7, 81, 69, 29],
    [12, 8, 63, 27, 20],
    [24, 3, 67, 46, 9],
    [15, 4, 52, 48, 25],
    [17, 3, 40, 32, 10],
    [24, 8, 46, 47, 6],
    [29, 7, 95, 92, 26],
    [3, 2, 14, 15, 4],
    [6, 1, 13, 4, 3],
    [8, 3, 29, 24, 9],
    [2, 2, 9, 10, 6],
    [1, 0, 2, 1, 2],
    [18, 1, 37, 30, 11],
    [7, 1, 27, 37, 8],
    [6, 1, 12, 8, 1],
    [26, 9, 58, 141, 34],
    [13, 2, 37, 45, 11],
    [24, 14, 117, 92, 43],
    [65, 15, 218, 192, 92],
    [40, 108, 349, 129, 68],
    [279, 226, 1847, 1100, 433],
    [154, 104, 786, 509, 273],
    [1, 0, 5, 3, 0]
  ],
  "method": "mvn_pdf",
  "cond_prob": [
    [
      [0.0010179116575, 0.092568338622, 0.11709162386, 0.77617679495, 0.013145330909],
      [0.40443457181, 0.0014829590518, 0.50563884457, 0.021845916309, 0.066597708255],
      [0.037362284662, 0.013989982478, 0.76140921261, 0.11788567935, 0.069352840894],
      [0.0052406073303, 0.027701584204, 0.038135063629, 0.87630514199, 0.052617602851],
      [0.02121302335, 0.014778591065, 0.11221944619, 0.26182984389, 0.5899590955]
    ],
    [
      [0.00035197527245, 0.2379911651, 0.084924533374, 0.66216655758, 0.014565768674],
      [0.39115431959, 0.0018569106035, 0.47347006018, 0.027990997437, 0.10552771219],
      [0.034762437441, 0.034997670788, 0.68812440873, 0.14437240144, 0.097743081603],
      [0.0025266982384, 0.072576868911, 0.035209189083, 0.82529328378, 0.064393959988],
      [0.015624610914, 0.035019535823, 0.080596565302, 0.22846514709, 0.64029414087]
    ],
    [
      [0, 0, 0.12642497178, 0.81732308764, 0.056251940579],
      [0.00018291814822, 0.0002587463438, 0.36935356738, 0.024430978236, 0.60577378989],
      [0, 0, 0.51965504465, 0.15535067323, 0.32499428212],
      [0, 0, 0.077065679405, 0.75052052931, 0.17241379129],
      [0, 0, 0.029920010905, 0.05986869339, 0.91021129571]
    ],
    [
      [0.00063662326294, 0.25709130937, 0.06513251873, 0.66868150439, 0.0084580442526],
      [0.44614731631, 0.0018363763333, 0.44723700685, 0.034769908343, 0.070009392162],
      [0.036980370084, 0.042675979143, 0.66804732145, 0.18334518849, 0.068951140833],
      [0.0038561548287, 0.074182583286, 0.02730500173, 0.8563990098, 0.038257250354],
      [0.020433331639, 0.054138288812, 0.090145150719, 0.33757278563, 0.4977104432]
    ],
    [
      [0.00041763711908, 0.23333210432, 0.081102259446, 0.6765757798, 0.0085722193166],
      [0.41606717505, 0.0017777516768, 0.48513759219, 0.031550461423, 0.065467019665],
      [0.035503731001, 0.03402719299, 0.70595258816, 0.16230885366, 0.062207634191],
      [0.0026466664339, 0.070083019072, 0.035088350991, 0.85395061593, 0.03823134757],
      [0.021691682844, 0.048489397837, 0.10725065793, 0.32878149358, 0.49378676781]
    ],
    [
      [0, 0.24948296078, 0.094700676088, 0.64352707415, 0.012289288985],
      [0.31534926205, 0.0018083683704, 0.5603821123, 0.030117782104, 0.092342475171],
      [0.022842022098, 0.030593946267, 0.72835654548, 0.13933972954, 0.078867756614],
      [0.00030298804395, 0.076098861632, 0.042931023098, 0.82528470028, 0.055382426944],
      [0.013620264128, 0.04251092331, 0.10410884523, 0.26095520671, 0.57880476062]
    ],
    [
      [0, 0.48429440967, 0.048059316974, 0.45193999668, 0.015706276674],
      [0.0090358452224, 0.022891553261, 0.79855059044, 0.09813328381, 0.071388727268],
      [0, 0.03635193408, 0.56565763897, 0.34932227436, 0.048668152596],
      [0, 0.19341314494, 0.021770631732, 0.77124074251, 0.013575480825],
      [0, 0.20829588973, 0.071420861477, 0.47565017003, 0.24463307877]
    ],
    [
      [0.00028094788633, 0.20619513543, 0.10481850097, 0.67688089549, 0.011824520222],
      [0.41231817645, 0.0013600118626, 0.49097519638, 0.024799681708, 0.070546933606],
      [0.036673649526, 0.026497891997, 0.73702118038, 0.13028925645, 0.069518021646],
      [0.0024067209467, 0.063828621079, 0.044081760932, 0.83792011747, 0.051762779575],
      [0.022954169687, 0.035921141474, 0.1141773381, 0.27119749774, 0.555749853]
    ],
    [
      [0, 0.1624006588, 0.090561002745, 0.73568613243, 0.011352206029],
      [0, 0.12994451823, 0.73813913519, 0.041969129535, 0.089947217048],
      [0, 0.029145147863, 0.75725570709, 0.14858830281, 0.065010842235],
      [0, 0.046370306101, 0.037727009233, 0.87319584608, 0.042706838584],
      [0, 0.035333205396, 0.11199137694, 0.32517367768, 0.52750173999]
    ],
    [
      [0.00043338375005, 0.15234295366, 0.11344204608, 0.71639426044, 0.017387356064],
      [0.41699310395, 0.0010374885741, 0.4648430786, 0.022631270945, 0.094495057926],
      [0.038424853633, 0.019374067307, 0.7255271856, 0.12342340479, 0.093250488669],
      [0.003347722534, 0.045726106741, 0.045435824688, 0.83379206188, 0.071698284159],
      [0.019788078601, 0.020248880063, 0.092847248122, 0.21437836133, 0.65273743188]
    ],
    [
      [0.00032964776652, 0.13819290974, 0.1080615177, 0.74306970639, 0.010346218394],
      [0.36208594373, 0.0010089241561, 0.5419313698, 0.028921147916, 0.066052614398],
      [0.02969972045, 0.017909196367, 0.75193067581, 0.14057882971, 0.059881577658],
      [0.0017613443365, 0.040884470087, 0.043139239586, 0.87143368726, 0.042781258728],
      [0.019917127106, 0.025485083547, 0.12439799132, 0.31355562311, 0.51664417492]
    ],
    [
      [0, 0.11438464357, 0.09839394266, 0.77705171324, 0.010169700535],
      [0.2965240024, 0.00082439325744, 0.5874573654, 0.036958157728, 0.078236081217],
      [0.018722104536, 0.014368775119, 0.73895070362, 0.1635714134, 0.064387003321],
      [0, 0.030127537552, 0.040540216152, 0.8882124863, 0.041119760002],
      [0.013435556523, 0.021184007153, 0.11558089335, 0.33711223832, 0.51268730465]
    ],
    [
      [0.0035744187993, 0.15086859307, 0.11590794144, 0.67547306718, 0.054175979512],
      [0.50206461716, 0.00039296301934, 0.25751517798, 0.010156824321, 0.22987041752],
      [0.057233097231, 0.034668735384, 0.62502084151, 0.096144274835, 0.18693305104],
      [0.0066295031599, 0.036298104112, 0.04760993716, 0.67153373115, 0.23792872442],
      [0.002861269594, 0.0023370406816, 0.014551693595, 0.025480142917, 0.95476985321]
    ],
    [
      [0, 0.21111098147, 0.086558000038, 0.70233101849, 0],
      [0.36029202814, 0.01713793441, 0.58711556417, 0.035454473284, 0],
      [0.008278053343, 0.040350419771, 0.78163088587, 0.16974064102, 0],
      [0, 0.060747639421, 0.043202841909, 0.89604951867, 0],
      [0.18425168551, 0.11519362968, 0.17556679737, 0.52498788744, 0]
    ],
    [
      [0, 0.12539555928, 0.12209621755, 0.745831927, 0.0066762961708],
      [0.31428770867, 0.00078766524002, 0.60575034153, 0.029496322075, 0.049677962487],
      [0.023337486736, 0.014170091341, 0.78910201535, 0.13574125123, 0.037649155347],
      [0.00074032656914, 0.036622858726, 0.051520638713, 0.8821300388, 0.028986137188],
      [0.019508783198, 0.026011176107, 0.15800610603, 0.35613852901, 0.44033540566]
    ],
    [
      [0.00010799487183, 0.19238627368, 0.11158778025, 0.68202856484, 0.01388938636],
      [0.3692607082, 0.0013336964511, 0.52032991516, 0.025022150076, 0.084053530116],
      [0.031216520271, 0.024263697389, 0.74203998926, 0.1245665225, 0.077913270588],
      [0.0016485475783, 0.059351203578, 0.046955415177, 0.83189852553, 0.060146308134],
      [0.018769665271, 0.030449321942, 0.10952125041, 0.24663213195, 0.59462763043]
    ],
    [
      [0.00010627184962, 0.14062249029, 0.10813890823, 0.74176920639, 0.0093631232505],
      [0.38570077241, 0.00094829121151, 0.5245513092, 0.028569969542, 0.060229657646],
      [0.032895431372, 0.017952231655, 0.75071033684, 0.14330990518, 0.055132094958],
      [0.0016563503427, 0.04148137987, 0.044222718809, 0.87352648318, 0.039113067803],
      [0.022959691582, 0.026978958054, 0.1287934007, 0.32625032011, 0.49501762955]
    ],
    [
      [6.2508841682e-05, 0.17189972847, 0.10588139518, 0.71150516297, 0.010651204543],
      [0.43816740349, 0.0011476377597, 0.47341641917, 0.025217821726, 0.06205071785],
      [0.040456036464, 0.022755571319, 0.73685834669, 0.13723161998, 0.062698425542],
      [0.0018240032881, 0.052435847568, 0.044001421773, 0.85623476742, 0.045503959952],
      [0.026910323438, 0.031480556438, 0.11984084568, 0.29745260167, 0.52431567277]
    ],
    [
      [0.00070439973221, 0.25398922997, 0.077636191143, 0.65926653434, 0.0084036448135],
      [0.4586107306, 0.0017810979955, 0.44997642367, 0.029345535459, 0.060286212276],
      [0.040942189368, 0.035430099286, 0.69902301465, 0.16274293324, 0.061861763454],
      [0.0034414910211, 0.076221203363, 0.033719388812, 0.84877083115, 0.037847085649],
      [0.024357698737, 0.053556324303, 0.10536911445, 0.32656527156, 0.49015159095]
    ],
    [
      [0.00014420198991, 0.15625357296, 0.096061670427, 0.73870883178, 0.0088317228397],
      [0.39218345776, 0.0012481502148, 0.51267860136, 0.031132140412, 0.06275765025],
      [0.0332979074, 0.022799609673, 0.73127664993, 0.15527658649, 0.057349246503],
      [0.0016446385823, 0.047053294741, 0.039348886085, 0.87461308911, 0.037340091478],
      [0.022030241426, 0.0313482808, 0.11918825973, 0.33815589471, 0.48927732334]
    ],
    [
      [0.00012425218815, 0.17464675202, 0.13371677454, 0.68080722272, 0.010704998525],
      [0.53461761305, 0.0014729786479, 0.40834721789, 0.014787418536, 0.040774771876],
      [0.053301340969, 0.023091983728, 0.77474952591, 0.097836672184, 0.051020477212],
      [0.0030198226487, 0.055624476677, 0.055816199113, 0.83912635355, 0.046413148014],
      [0.041216955546, 0.030308941831, 0.14505505076, 0.26567276723, 0.51774628463]
    ],
    [
      [0.046962958421, 0, 0.13131108149, 0.81073909627, 0.010986863812],
      [0.3625846683, 0, 0.56087381947, 0.026535760199, 0.050005752029],
      [0.020081339657, 0, 0.80339542079, 0.12681606991, 0.049707169643],
      [0.0042774024617, 0, 0.046756635741, 0.90750445094, 0.041461510857],
      [0.027133571007, 0, 0.1477275531, 0.31652148419, 0.5086173917]
    ],
    [
      [0, 0.23838200849, 0.068876768606, 0.68972381965, 0.0030174032561],
      [0.2667739832, 0.0031259203645, 0.63996566387, 0.047102798249, 0.04303163431],
      [0.016488680007, 0.042884970763, 0.72779710737, 0.18851931135, 0.024309930504],
      [0.00019631539804, 0.07376269963, 0.035453048868, 0.88325203895, 0.0073358971577],
      [0.012236917854, 0.067000310072, 0.12872686068, 0.46300084137, 0.32903507002]
    ],
    [
      [0, 0.15786199492, 0.10540888705, 0.72778100735, 0.0089481106781],
      [0.51041312633, 0.0012525305402, 0.41892033983, 0.022293540835, 0.047120462461],
      [0.050133698205, 0.022208248583, 0.73696794722, 0.13741949821, 0.053270607778],
      [0.0015850043378, 0.048574816805, 0.043581996943, 0.86784182568, 0.038416356236],
      [0.035731034723, 0.03056569429, 0.1263415288, 0.31970281571, 0.48765892648]
    ],
    [
      [0, 0.10647328357, 0.044908780713, 0.84463539011, 0.0039825456122],
      [0.93341078571, 0.0024372172622, 0.055926441776, 0.0028654013399, 0.0053601539101],
      [0.014980013042, 0.043745554865, 0.68844174868, 0.21645624928, 0.036376434132],
      [0, 0.048198429049, 0.024671654881, 0.91186071175, 0.015269204321],
      [0.018314594102, 0.030234551387, 0.080537757513, 0.49992405027, 0.37098904673]
    ],
    [
      [0.00018404550808, 0.19337884818, 0.091311543817, 0.70454418507, 0.010581377417],
      [0.36612746334, 0.0016202458141, 0.52411138407, 0.031436862827, 0.076704043943],
      [0.029622548767, 0.028468981697, 0.72125234162, 0.15148453702, 0.0691715909],
      [0.0015187577992, 0.059271101439, 0.03774167128, 0.85625556367, 0.045212905814],
      [0.018020073766, 0.036465178027, 0.10737678878, 0.30434057152, 0.53379738791]
    ],
    [
      [0, 0.14279864804, 0.10342807422, 0.7452403913, 0.0085328864421],
      [0.34596965602, 0.0011192054497, 0.55870818838, 0.031969060855, 0.062233889293],
      [0.026982274751, 0.019456835194, 0.75021773886, 0.15033592956, 0.053007221641],
      [0.00083931942368, 0.042450922723, 0.042719278737, 0.87797798558, 0.036012493537],
      [0.019167979798, 0.028705331816, 0.12872195041, 0.34255263087, 0.4808521071]
    ],
    [
      [0.00023992150806, 0.15005718471, 0.099928382799, 0.7392012106, 0.010573300384],
      [0.41507348541, 0.001149681309, 0.48926376024, 0.028202210449, 0.066310862587],
      [0.036868236438, 0.021131877649, 0.72998500642, 0.14725187457, 0.064763004924],
      [0.0020727102087, 0.044930779275, 0.039761588906, 0.86921836754, 0.044016554071],
      [0.023290383273, 0.027621146874, 0.11424872036, 0.31046858197, 0.52437116752]
    ],
    [
      [4.3672946054e-06, 0.17095607169, 0.1075411439, 0.71241863808, 0.0090797790335],
      [0.36295749448, 0.001288996356, 0.54525621194, 0.028717064862, 0.061780232367],
      [0.029610667947, 0.022843363248, 0.75400134243, 0.13909452907, 0.0544500973],
      [0.0012105914556, 0.052436444155, 0.045290177706, 0.86176172273, 0.039301063954],
      [0.021082208042, 0.033643992384, 0.13071726456, 0.32012805636, 0.49442847866]
    ],
    [
      [0, 0.14642314256, 0.10561834224, 0.73823811725, 0.0097203979461],
      [0.35753080167, 0.0010857511887, 0.54496177166, 0.030289806921, 0.066131868566],
      [0.028737693595, 0.019320954875, 0.74789002176, 0.1456392043, 0.058412125467],
      [0.0010087150284, 0.043527054638, 0.043403504949, 0.87124150579, 0.040819219596],
      [0.019809601702, 0.027959174475, 0.12477496921, 0.32239832944, 0.50505792517]
    ],
    [
      [0, 0.14238647076, 0.041142220317, 0.8059326226, 0.010538686326],
      [0.27259488843, 0.0033332565664, 0.52477589001, 0.077432319357, 0.12186364564],
      [0.015040895695, 0.041724016975, 0.56513811349, 0.28716813884, 0.090928834999],
      [0, 0.043453367288, 0.017727921332, 0.9054733654, 0.033345345982],
      [0.0065471521438, 0.033339737286, 0.058164603373, 0.42285424441, 0.47909426278]
    ],
    [
      [0.00011591903533, 0.17194423253, 0.11891352005, 0.69926129443, 0.0097650339443],
      [0.37373942698, 0.0011847060046, 0.54108315563, 0.025164581037, 0.058828130348],
      [0.031646189301, 0.021367213721, 0.76857552064, 0.12500681917, 0.053404257169],
      [0.0017462696566, 0.053224942807, 0.050115370482, 0.85244523455, 0.042468182503],
      [0.023199893614, 0.032421521234, 0.13861564849, 0.30081344238, 0.50494949428]
    ],
    [
      [0.00026005942187, 0.11915126825, 0.10093821033, 0.77228913815, 0.0073613238497],
      [0.38133811883, 0.001072133862, 0.53555215217, 0.031006105256, 0.051031489882],
      [0.032528507669, 0.017895729227, 0.75207703748, 0.15342510166, 0.044073623961],
      [0.0027512515878, 0.035294017747, 0.038911920516, 0.89362118201, 0.029421628143],
      [0.02226584806, 0.025208589157, 0.13352462265, 0.37167126086, 0.44732967928]
    ],
    [
      [0.00015706271657, 0.1412853737, 0.1131568903, 0.73294692216, 0.012453751122],
      [0.38513613626, 0.00094992045043, 0.51515743201, 0.026040242309, 0.072716268971],
      [0.03331975332, 0.017502452745, 0.74760206443, 0.13236553793, 0.069210191574],
      [0.0019759962682, 0.041795781129, 0.045029924314, 0.8593698141, 0.051828484189],
      [0.021189313061, 0.0235106568, 0.11704135084, 0.27899471443, 0.55926396487]
    ],
    [
      [0, 0.19490765489, 0.065606445106, 0.73081966815, 0.0086662318551],
      [0.67201713966, 0.0011981648762, 0.26646992629, 0.021529764323, 0.038785004856],
      [0.069889434595, 0.035696195665, 0.64802955248, 0.18330070853, 0.063084108733],
      [0.0010703238094, 0.061314885479, 0.025148721113, 0.8773385282, 0.035127541403],
      [0.039882572701, 0.040797940417, 0.089378365324, 0.3552327882, 0.47470833335]
    ],
    [
      [0, 0.068474920131, 0.1401472654, 0.7746906788, 0.016687135668],
      [0, 0.07735990599, 0.7984683701, 0.029697676701, 0.094474047206],
      [0, 0, 0.81005303044, 0.11837857279, 0.071568396779],
      [0, 0.0096202636689, 0.055936572183, 0.87392201086, 0.060521153291],
      [0, 0.0083966674001, 0.1273854121, 0.25179361875, 0.61242430175]
    ],
    [
      [0, 0.20261337089, 0.085732683624, 0.70227327768, 0.0093806678142],
      [0.29957824432, 0.0019414230244, 0.58122219187, 0.03720045054, 0.080057690241],
      [0.019453162061, 0.031724863028, 0.72160621169, 0.1618226635, 0.06539309972],
      [0, 0.061688258894, 0.036822293226, 0.86115391251, 0.040335535371],
      [0.012994031625, 0.041173228085, 0.10874052852, 0.32773301144, 0.50935920034]
    ],
    [
      [0.00028341837248, 0.17599864126, 0.11579468505, 0.69252929383, 0.015393961494],
      [0.41516068515, 0.0012219665954, 0.47810733503, 0.02225295145, 0.083257061774],
      [0.038142957605, 0.021961760393, 0.73719788993, 0.11989328248, 0.082804109593],
      [0.0024709020169, 0.053875978382, 0.047779187898, 0.8300623493, 0.065811582405],
      [0.021871494979, 0.025699649855, 0.10458634614, 0.22984658108, 0.61799592795]
    ],
    [
      [0, 0.14307992687, 0.10982735595, 0.73795498164, 0.0091377355393],
      [0.56022648157, 0.00088130079191, 0.37725575166, 0.020065166228, 0.04157129975],
      [0.05726017591, 0.019212329948, 0.73559343553, 0.13628448968, 0.051649568936],
      [0, 0.043167936762, 0.046657635353, 0.87162285012, 0.038551577768],
      [0.043349527785, 0.02738350636, 0.12932070275, 0.31868724763, 0.48125901548]
    ],
    [
      [0.00050433950067, 0.22589720787, 0.085156961751, 0.67727757409, 0.011163916794],
      [0.4517039616, 0.0015341086661, 0.44698368296, 0.02707892175, 0.072699325029],
      [0.041009742422, 0.032591769048, 0.70163657506, 0.14937208531, 0.075389828159],
      [0.00317837572, 0.06911031586, 0.034807730722, 0.84383847422, 0.049065103475],
      [0.023159763189, 0.040613267004, 0.097738852064, 0.2840835838, 0.55440453394]
    ],
    [
      [1.8610703946e-135, 0, 3.5481445818e-262, 0, 1],
      [0.27408673595, 0, 0.59821012899, 0.048949815314, 0.078753319749],
      [0.035723220889, 0, 0.77559750455, 0.12331486907, 0.065364405494],
      [0.00053458784812, 0.0001112203971, 0.032521471637, 0.92372721021, 0.043105509909],
      [0.017423454298, 0, 0.051489797424, 0.17994553889, 0.75114120939]
    ],
    [
      [0, 0.16600718373, 0.088281719006, 0.73427703336, 0.011434063907],
      [0.27536738302, 0.0016990202907, 0.58764816459, 0.038412732494, 0.0968726996],
      [0.014199305736, 0.029258498686, 0.71582265736, 0.16338976404, 0.077329774183],
      [0, 0.048295890027, 0.037394254488, 0.86644590563, 0.047863949854],
      [0.010495432265, 0.030475204048, 0.099728447166, 0.30551572312, 0.5537851934]
    ],
    [
      [0, 0.18417121282, 0.090828184772, 0.71286980976, 0.012130792645],
      [0.48177169921, 0.0012541059834, 0.41894537167, 0.025923048933, 0.07210577421],
      [0.046684279756, 0.02672326124, 0.69728100272, 0.15093320649, 0.078378249794],
      [0.0016106027103, 0.055837040903, 0.037414773647, 0.85363563071, 0.051501952024],
      [0.026758099269, 0.031835538315, 0.0973237625, 0.28165055271, 0.5624320472]
    ],
    [
      [0.001291881164, 0.091467801843, 0.07029068734, 0.82155990664, 0.015389723015],
      [0.57524005067, 0.000358223296, 0.30590177764, 0.026679936653, 0.091820011738],
      [0.057992054026, 0.010532058536, 0.62020565757, 0.19319803322, 0.11807219665],
      [0.0042108253242, 0.021536337147, 0.025453928391, 0.88747918791, 0.061319721229],
      [0.022846316229, 0.011210814073, 0.059860822323, 0.25293782158, 0.65314422579]
    ],
    [
      [0, 0.1342571512, 0.075068018905, 0.78180633968, 0.0088684902138],
      [0.31344354442, 0.0014278499477, 0.55451389548, 0.045790838146, 0.084823871999],
      [0.020512149714, 0.024440022708, 0.68796099008, 0.19851977178, 0.068567065716],
      [0, 0.037774985352, 0.031209046114, 0.89501892956, 0.03599703897],
      [0.012765560356, 0.027862498328, 0.096270607138, 0.37067164999, 0.49242968419]
    ],
    [
      [0.0012159451996, 0.13235107409, 0.074761155253, 0.78173940028, 0.0099324251814],
      [0.36560566255, 0.0018651663349, 0.52009001158, 0.037703542756, 0.074735616781],
      [0.028812283871, 0.025308252992, 0.69903355373, 0.1785015407, 0.068344368715],
      [0.0036714839996, 0.041186973246, 0.025309853159, 0.89161177834, 0.038219911251],
      [0.015257171326, 0.026356947639, 0.095823700483, 0.35305901849, 0.50950316206]
    ],
    [
      [0.00037595021878, 0.12841305249, 0.15382505664, 0.69961028989, 0.017775650754],
      [0.35347409454, 0.00032944978446, 0.54695097152, 0.019047401085, 0.08019808307],
      [0.030699139586, 0.010147560504, 0.78772141522, 0.095153869242, 0.076278015451],
      [0.0022535088832, 0.037401683136, 0.06296024404, 0.82418838568, 0.073196178262],
      [0.019758208499, 0.016329632635, 0.12646963521, 0.21012861736, 0.6273139063]
    ],
    [
      [0, 0.14934524902, 0.12818018595, 0.71024955501, 0.012225010028],
      [0.30551456364, 0.00098594121711, 0.59444631764, 0.026138764737, 0.07291441276],
      [0.021632526277, 0.016995349764, 0.77895586911, 0.1196874068, 0.062728848048],
      [0, 0.045088657287, 0.053605662267, 0.84959888005, 0.051706800393],
      [0.016205160948, 0.025277860937, 0.13439572116, 0.27479354527, 0.54932771169]
    ],
    [
      [0.0005372575253, 0.10753531803, 0.079469742129, 0.80124776662, 0.011209915689],
      [0.41579210694, 0.00085259711448, 0.46779715822, 0.0350640181, 0.080494119626],
      [0.036167574082, 0.016542365095, 0.68683367139, 0.18105903939, 0.079397350046],
      [0.0031036759559, 0.029871315776, 0.028353074491, 0.89421793307, 0.044454000704],
      [0.018501351547, 0.019110989398, 0.089607571281, 0.32675230432, 0.54602778345]
    ],
    [
      [0, 0, 0.059491125946, 0.93855851855, 0.0019503555004],
      [4.1633363423e-17, 2.5762341348e-05, 0.91192161978, 0.034923983732, 0.053128634146],
      [0, 0, 0.77575926645, 0.20549095469, 0.018749778862],
      [0, 0, 0.032245256177, 0.96099275888, 0.0067619849391],
      [0, 0, 0.1210625125, 0.65024939546, 0.22868809204]
    ],
    [
      [4.6564647877e-06, 0.019658754718, 0.074306519308, 0.89130208143, 0.014727988083],
      [0, 0, 0.81073581409, 0.037029998127, 0.15223418778],
      [0, 0, 0.76515808423, 0.1301335871, 0.10470832867],
      [0, 0, 0.010235913665, 0.91028956878, 0.079474517558],
      [0, 0, 0.04674453967, 0.16011910324, 0.79313635709]
    ],
    [
      [0.006339155645, 0.1135142806, 0.1029019149, 0.75712857853, 0.020116070334],
      [0.51356208641, 0.0022528275959, 0.41513260609, 0.013624551603, 0.0554279283],
      [0.04011664143, 0.026580750865, 0.76832251753, 0.083470323317, 0.081509766859],
      [0.012144345405, 0.041524669849, 0.023817430736, 0.85843591113, 0.064077642876],
      [0.015021100306, 0.013790603293, 0.091635061419, 0.19757684649, 0.6819763885]
    ],
    [
      [0, 0.1884362012, 0.072473734244, 0.72663802844, 0.012452036113],
      [0, 0.10070065717, 0.74000970045, 0.043935136217, 0.11535450617],
      [0, 0.04197395469, 0.72585258894, 0.14995687985, 0.082216576519],
      [0, 0.057107509859, 0.024912262724, 0.87106017504, 0.046920052374],
      [0, 0.035758262043, 0.083678401137, 0.28289797791, 0.59766535891]
    ],
    [
      [0, 0.10977528112, 0.052443284269, 0.82047160021, 0.017309834399],
      [0, 0.1450791592, 0.53784320133, 0.060597856268, 0.2564797832],
      [0, 0.027947506548, 0.57564502271, 0.23259317071, 0.16381430003],
      [0, 0.027846021397, 0.02753644419, 0.88281848484, 0.061799049576],
      [0, 0.014729841512, 0.042134435872, 0.2225608517, 0.72057487091]
    ],
    [
      [0.0022823165794, 0.099746243358, 0.12738177419, 0.76619037352, 0.0043992923467],
      [0.47897991052, 0.00051644102642, 0.47175624833, 0.020085988509, 0.028661411617],
      [0.041471219722, 0.011371304945, 0.80158598947, 0.12005841428, 0.025513071588],
      [0.0088875029014, 0.029534871976, 0.048061526083, 0.89370674237, 0.019809356668],
      [0.033557998339, 0.021332045301, 0.17427716333, 0.37322219495, 0.39761059808]
    ],
    [
      [0.0018663327253, 0.10690695402, 0.072413530653, 0.80828888567, 0.010524296935],
      [0.6746851119, 0.00049236276562, 0.26068327814, 0.020283963978, 0.043855283209],
      [0.06454361092, 0.020278609606, 0.66497705781, 0.17595129225, 0.07424942941],
      [0.0081032368041, 0.032712236111, 0.021416738129, 0.89646746988, 0.041300319079],
      [0.033413097961, 0.02051932966, 0.082129498577, 0.32775700967, 0.53618106413]
    ],
    [
      [0, 0.13688389398, 0.12165476412, 0.72030895587, 0.021152386035],
      [0.047019689312, 0.00089659782941, 0.76409414529, 0.027286032973, 0.1607035346],
      [0, 0.033247941694, 0.78234663723, 0.085778988588, 0.098626432485],
      [0, 0.046278253823, 0.045130992031, 0.82149981841, 0.087090935732],
      [0, 0.024888535642, 0.074130797414, 0.14306204675, 0.7579186202]
    ],
    [
      [0, 0.18577600861, 0.080624587134, 0.72290773644, 0.010691667814],
      [0.22118960497, 0.0021290416176, 0.63193561811, 0.04412791699, 0.10061781831],
      [0.003828321459, 0.03815671329, 0.71014005409, 0.17306885064, 0.074806060515],
      [0, 0.053350587104, 0.035058285282, 0.86748280729, 0.044108320319],
      [0.0054227239425, 0.037209393252, 0.098675939791, 0.32397150972, 0.53472043329]
    ],
    [
      [0, 0.23929245119, 0.025125818154, 0.71909276763, 0.01648896302],
      [1.8690147232e-20, 0.0016196254532, 0.85217519624, 0.042975652469, 0.10322952584],
      [0, 0.084098778342, 0.72292639106, 0.12434402199, 0.068630808606],
      [0, 0.071269142882, 0, 0.89694052642, 0.0317903307],
      [0, 0.04248169848, 0.058042799465, 0.27055732392, 0.62891817814]
    ],
    [
      [0.00073124245806, 0.18666005623, 0.07772284339, 0.72554938792, 0.0093364700079],
      [0.35767137507, 0.0018586766784, 0.52623490888, 0.037119804696, 0.077115234675],
      [0.027174737356, 0.031435282005, 0.70131062646, 0.17273842201, 0.067340932166],
      [0.0023423659055, 0.057566817174, 0.030870963127, 0.87021348496, 0.039006368834],
      [0.015846491382, 0.038199325078, 0.09945207137, 0.33782296869, 0.50867914348]
    ],
    [
      [1.009458027e-05, 0.022447313679, 0.10953247247, 0.86214448203, 0.0058656372419],
      [0, 0, 0.91019986954, 0.038472918023, 0.051327212432],
      [0, 0, 0.82472953104, 0.13463444453, 0.040636024432],
      [0, 0, 0.027188562011, 0.94221151934, 0.030599918645],
      [0, 0, 0.16041473633, 0.40400835143, 0.43557691224]
    ],
    [
      [0.00027376186931, 0.24303701577, 0.078884563589, 0.66368587125, 0.014118787524],
      [0.51265791521, 0.0013790138386, 0.37403053353, 0.024423902588, 0.087508634829],
      [0.050510876826, 0.034645261449, 0.6624315308, 0.15264122673, 0.099771104194],
      [0.0028314433635, 0.072768862919, 0.033757165925, 0.82828239866, 0.062360129136],
      [0.023907911247, 0.036762286817, 0.076900986858, 0.23694863081, 0.62548018426]
    ],
    [
      [1.6837310074e-05, 0.20593494542, 0.095917081682, 0.68331558016, 0.014815555426],
      [0.52349296149, 0.0012139764228, 0.37810447904, 0.020857344974, 0.076331238077],
      [0.053063999992, 0.028151001609, 0.69432023601, 0.13408052074, 0.090384241646],
      [0.0021500170595, 0.06319273786, 0.040169589341, 0.83028479551, 0.064202860227],
      [0.027997262194, 0.030546049794, 0.089112515294, 0.23237649449, 0.61996767823]
    ],
    [
      [0.0006894132044, 0.19617995016, 0.12100145005, 0.67111938524, 0.011009801343],
      [0.3676428869, 0.0019559576074, 0.54704621201, 0.02171281072, 0.061642132769],
      [0.031789662616, 0.026840061993, 0.77624671751, 0.10745471418, 0.057668843694],
      [0.0041709523549, 0.063374732599, 0.047934047316, 0.83588591208, 0.048634355648],
      [0.021811206163, 0.03556445253, 0.13237902542, 0.26650675051, 0.54373856538]
    ],
    [
      [0.00033449870416, 0.10560800362, 0.055639187106, 0.82836375927, 0.010054551295],
      [0.4038837843, 0.0012575542882, 0.44525422133, 0.049838578878, 0.099765861201],
      [0.034143449799, 0.021833155179, 0.61369638282, 0.23787832606, 0.092448686134],
      [0.0020498921125, 0.029249849596, 0.023113974034, 0.90631795687, 0.039268327389],
      [0.015578292619, 0.021023994355, 0.070085758721, 0.37189253447, 0.52141941984]
    ],
    [
      [0, 0.14725915934, 0.081506303564, 0.75931174961, 0.011922787487],
      [0.5160857001, 0.0013457285361, 0.38470955043, 0.027306263239, 0.0705527577],
      [0.05081187202, 0.024427881893, 0.67494301968, 0.16824975198, 0.081567474426],
      [0.0016245393487, 0.043776244946, 0.031472599997, 0.8747868299, 0.048339785811],
      [0.027425678536, 0.026088760937, 0.088217874052, 0.30066233505, 0.55760535143]
    ],
    [
      [0.0018297212252, 0.43143179347, 0.073420300826, 0.4775183804, 0.015799804081],
      [0.51290761784, 0, 0.37827683672, 0.017565345096, 0.091250200344],
      [0.041292662396, 0.036957768324, 0.70836443848, 0.10358401576, 0.10980111504],
      [0.0090819936335, 0.11782426796, 0.039242544088, 0.74777632221, 0.086074872111],
      [0.016709354017, 0.037733323439, 0.063672383258, 0.14103029223, 0.74085464706]
    ],
    [
      [0.00085606335246, 0.20943813408, 0.071839024994, 0.71274914603, 0.0051176315475],
      [0.38987076947, 0.0021326581355, 0.51554263983, 0.038271034502, 0.054182898061],
      [0.031217531492, 0.037095985539, 0.70304375807, 0.18326257424, 0.045380150656],
      [0.003683539993, 0.064536582768, 0.030331626778, 0.87822344441, 0.023224806048],
      [0.019516775207, 0.05107575219, 0.11172881223, 0.40287378029, 0.41480488009]
    ],
    [
      [0, 0.13565922634, 0.099726959127, 0.75072640835, 0.013887406185],
      [0.73402614903, 0.00083970754135, 0.21580248079, 0.013129205497, 0.036202457137],
      [0.083465518008, 0.033522735337, 0.66827234092, 0.13903067153, 0.07570873421],
      [0, 0.028733226237, 0.048524229109, 0.86733422606, 0.055408318593],
      [0.064810645452, 0.022494935023, 0.097646635958, 0.26810785043, 0.54693993314]
    ],
    [
      [0.00057048696484, 0.11851776172, 0.098247684467, 0.77820805564, 0.004456011211],
      [0.24961877649, 0.0016634224855, 0.6688603662, 0.035740394752, 0.04411704007],
      [0.017469296244, 0.021905373392, 0.7843367867, 0.14734088668, 0.028947656984],
      [0.0037194954379, 0.040848563311, 0.036096416762, 0.9027565101, 0.016579014387],
      [0.012709235841, 0.028995536829, 0.15046704204, 0.4210939044, 0.38673428089]
    ],
    [
      [0.002105292972, 0.0025840233568, 0.17648823542, 0.81685377629, 0.0019686719563],
      [1, 3.8682455227e-33, 5.2732826079e-21, 1.9814290207e-28, 1.3246317357e-28],
      [0.55106689873, 0, 0.39339848022, 0.055534621047, 0],
      [0, 0, 0, 1, 0],
      [0.14964436709, 0, 0.53553383993, 0.31482179298, 0]
    ],
    [
      [0, 0.12251340858, 0.072530812996, 0.79833910077, 0.006616677651],
      [0.93451129929, 0.0032979869411, 0.050875916177, 0.0061182021213, 0.005196595473],
      [0.11917883941, 0.093882197805, 0.5734579042, 0.17599317629, 0.037487882295],
      [0, 0.0059085464437, 0.049181469302, 0.92180932988, 0.023100654373],
      [0.1171443097, 0.041292477557, 0.10510606621, 0.40600712199, 0.33045002455]
    ],
    [
      [0.001377511866, 0.075891251977, 0.067585765475, 0.83940760345, 0.015737867233],
      [0.50147657857, 0.00055828883768, 0.35988177211, 0.030458446055, 0.10762491443],
      [0.048435256152, 0.012352396754, 0.62768066152, 0.1904493831, 0.12108230247],
      [0.004412239899, 0.020129381879, 0.022296160347, 0.89287333143, 0.060288886449],
      [0.015556698881, 0.0095483925974, 0.056066374006, 0.23703727876, 0.68179125576]
    ],
    [
      [0.00089862115406, 0.13385970024, 0.090771689018, 0.76850580814, 0.0059641814461],
      [0.5202769388, 0.001044835274, 0.41252190094, 0.025982105592, 0.0401742194],
      [0.048686640542, 0.021538060042, 0.72619726898, 0.15999815001, 0.043579880434],
      [0.0037776102204, 0.041076099433, 0.035545867391, 0.8931985174, 0.026401905555],
      [0.03339491446, 0.029160893914, 0.12446108013, 0.38125172294, 0.43173138856]
    ],
    [
      [3.6646731615e-08, 0.0025587966882, 0.068526398881, 0.9276708442, 0.001243923584],
      [0.0012078521353, 2.9897410549e-09, 0.99801305784, 0.000443914651, 0.00033517238878],
      [0, 0, 0.94194139817, 0.058058601827, 0],
      [0, 0, 0.023223440731, 0.97677655927, 0],
      [1.9177724507e-06, 0.0038788787651, 0.2161187556, 0.6860558904, 0.093944557458]
    ],
    [
      [4.4754872494e-09, 0.72707620685, 0.014698064628, 0.25531538423, 0.0029103398096],
      [0.0056708884142, 0.00032964214158, 0.99347980276, 0.00019351380768, 0.00032615287824],
      [0, 0.038987195956, 0.86993625184, 0.057489658145, 0.033586894057],
      [0, 0.18062688042, 0.018923129916, 0.75659481901, 0.043855170648],
      [0, 0.057878401931, 0.035448098578, 0.15953624679, 0.7471372527]
    ],
    [
      [0, 0.10710145183, 0.066219193243, 0.81894768762, 0.0077316673127],
      [0, 0.14561972964, 0.69650903083, 0.069742510485, 0.088128729045],
      [0, 0.017735256312, 0.68694941486, 0.23592116661, 0.05939416222],
      [0, 0.02072689978, 0.035846099784, 0.91617915056, 0.02724784988],
      [0, 0.025907206957, 0.10015270832, 0.45922306977, 0.41471701495]
    ],
    [
      [3.6665050501e-08, 0.98250820834, 0.00038357131528, 0.016827758363, 0.00028042531707],
      [0, 0.0037196885215, 0.49142811768, 0.14364972759, 0.36120246622],
      [0, 0.23456783211, 0.2446963386, 0.37196650407, 0.14876932523],
      [0, 0.16731474457, 0.10041722352, 0.63926149304, 0.093006538867],
      [0, 0.22143526018, 0.027700410334, 0.17217679095, 0.57868753854]
    ],
    [
      [0.0015315608792, 8.6189078875e-06, 0.10136821469, 0.88604855436, 0.011043051158],
      [1, 4.5385117208e-40, 7.8902845505e-28, 1.3975429033e-30, 4.4365180313e-30],
      [0.24447974733, 0, 0.62348381924, 0.03767353823, 0.094362895198],
      [0, 0, 0, 0.90756226352, 0.09243773648],
      [0.266560758, 0, 0.12954854228, 0.071854858269, 0.53203584144]
    ],
    [
      [0.00032374626502, 0.19533178312, 0.077987191756, 0.71555069742, 0.010806581434],
      [0.39640906123, 0.0017479294568, 0.48332405909, 0.034275545185, 0.084243405041],
      [0.033530750495, 0.031849378801, 0.68564671471, 0.17027114907, 0.078702006923],
      [0.0019119498888, 0.059133221901, 0.031655194776, 0.8615395591, 0.045760074338],
      [0.018073350498, 0.036661066569, 0.091687348872, 0.30833278326, 0.5452454508]
    ],
    [
      [0.00023948150249, 0.14714094726, 0.094126309306, 0.75127563287, 0.0072176290577],
      [0.38234422093, 0.0012905110439, 0.52690575651, 0.032945580283, 0.056513931235],
      [0.031741820174, 0.022331038423, 0.73577452188, 0.16105197341, 0.04910064611],
      [0.0018841709672, 0.044358560543, 0.038618182119, 0.8845352308, 0.030603855574],
      [0.021706549493, 0.031512304728, 0.1249347249, 0.36698907856, 0.45485734232]
    ],
    [
      [0.00036487559024, 0.13361063391, 0.09070954694, 0.765424494, 0.00989044956],
      [0.42487113342, 0.0010109278368, 0.47663741133, 0.031236662952, 0.06624386446],
      [0.03761964916, 0.019538004417, 0.71413346836, 0.16379211441, 0.064916763658],
      [0.0022793752909, 0.038847738479, 0.035481882245, 0.88303784405, 0.040353159933],
      [0.022954866088, 0.025468376444, 0.10784379298, 0.33397922902, 0.50975373546]
    ],
    [
      [0, 0.18314898741, 0.099949608734, 0.70602571218, 0.010875691684],
      [0.54812064671, 0.0011290635812, 0.37796801302, 0.020713305426, 0.052068971268],
