{
  "Z_true": {},
  "V_true": [
    [953, 174, 1425, 76],
    [1053, 286, 12851, 363],
    [346, 10855, 907, 865],
    [54, 219, 752, 174],
    [229, 1070, 755, 876]
  ],
  "p_true": [
    [0.3626, 0.0662, 0.5422, 0.0289],
    [0.0724, 0.0197, 0.883, 0.0249],
    [0.0267, 0.8367, 0.0699, 0.0667],
    [0.045, 0.1827, 0.6272, 0.1451],
    [0.0782, 0.3652, 0.2577, 0.299]
  ],
  "Z_est": [
    [
      [53.7005, 3.3519, 16.8429, 2.6729, 16.0199, 65.3748, 152.6104, 21.7579, 62.1331, 18.3264, 37.2482, 22.0659, 34.0118, 47.3741, 16.423, 32.2536, 20.5945, 53.0468, 16.9728, 33.8201, 20.3576, 33.8953, 31.5911, 107.0385, 106.7965, 27.7334, 0.8962, 22.0028, 14.3192, 28.4155, 37.6592, 12.7513, 20.8258, 51.6107, 28.614, 22.855, 26.8369, 36.6643, 94.0525, 11.2079, 0, 1.1718, 156.7727, 23.2842, 135.3409, 57.5542],
      [5.4156, 0.4871, 2.9124, 0.1828, 2.97, 7.6223, 17.3631, 3.6884, 11.7915, 2.8705, 5.1556, 2.6061, 6.013, 6.6753, 2.6297, 4.6986, 4.0466, 6.8918, 2.0593, 5.0975, 4.0677, 5.7921, 3.3611, 12.8672, 13.8607, 4.1125, 0.034, 3.0244, 1.6662, 5.4617, 5.2423, 1.3214, 1.9121, 6.8185, 4.4105, 4.0816, 3.7454, 3.6519, 14.4784, 0.3358, 0, 0.4704, 32.0205, 3.2289, 13.3083, 7.6065],
      [7.0765, 0.5001, 3.85, 0.0994, 3.3931, 8.2439, 28.8378, 4.1766, 15.4724, 3.9093, 6.4271, 3.9561, 6.5624, 8.142, 3.0306, 5.6921, 5.3492, 10.5058, 3.449, 6.5799, 5.3132, 7.2677, 4.2177, 16.1329, 18.3931, 4.834, 0.043, 4.014, 2.897, 8.6783, 8.0047, 1.8925, 2.7693, 9.3944, 5.2912, 5.226, 4.839, 6.1914, 18.2433, 3.7167, 0, 0.5967, 42.4719, 4.5963, 19.399, 13.9533],
      [3.8074, 0.6609, 2.3948, 0.0449, 1.6169, 3.7591, 15.1887, 2.3772, 8.6029, 1.8938, 3.1691, 1.3719, 3.4127, 4.8087, 1.9167, 2.3557, 3.0097, 4.5556, 1.5188, 3.5024, 2.2616, 4.0448, 2.83, 6.9613, 9.9496, 2.3202, 0.0269, 1.9588, 1.1176, 5.4445, 3.0938, 1.0348, 1.4928, 3.1764, 2.6843, 2.8374, 2.5787, 3.4924, 9.2258, 1.7396, 0, 0.7611, 22.7348, 1.8907, 8.9518, 6.886]
    ],
    [
      [18.3248, 2.4308, 4.4733, 3.141, 2.5872, 7.2853, 8.2208, 4.3229, 5.7194, 3.0948, 7.5566, 2.6117, 5.068, 6.9389, 3.6681, 6.284, 1.9396, 5.664, 0.5471, 8.9132, 2.9333, 10.8385, 9.305, 25.1984, 18.8935, 1.3893, 3.2062, 15.9384, 0, 0, 3.2864, 8.6731, 13.4812, 16.4494, 9.7109, 3.2192, 5.9069, 3.674, 16.3678, 0, 1.5407e-32, 1.0907, 6.1956, 4.203, 37.774, 0.7262],
      [0, 3.1463, 1.7058, 1.005, 2.5176, 1.3946, 0, 6.121, 4.916, 0.6226, 2.4771, 0, 4.6661, 2.3794, 2.5293, 3.7016, 1.4668, 0, 0, 3.527, 3.7013, 8.7762, 0.4667, 2.9892, 1.111, 0.5342, 0, 2.847, 0, 0, 0, 0, 0, 0.1271, 8.4899, 3.0092, 1.628, 0, 8.2517, 0, 0.7965, 1.3842, 14.8363, 0, 0, 0],
      [329.169, 70.4997, 239.636, 12.4285, 119.7003, 140.7695, 353.6368, 187.6695, 444.2102, 155.2893, 241.9062, 112.7869, 204.5742, 219.6129, 135.82, 211.1073, 147.8135, 426.1201, 337.0057, 353.8576, 300.8661, 531.4952, 175.1948, 499.4329, 509.1202, 48.0022, 31.8725, 538.7209, 172.8417, 328.8452, 669.3221, 249.402, 350.5976, 529.4161, 352.2061, 211.0619, 197.6083, 177.603, 635.5095, 20.7657, 1.8992, 145.8218, 1088.6228, 200.1848, 909.9341, 158.5348],
      [16.5061, 9.9231, 14.1849, 0.4255, 5.1949, 5.5505, 18.1424, 9.8867, 23.1544, 6.9934, 11.0601, 3.6014, 9.6918, 12.0688, 7.9826, 7.9071, 7.78, 17.2159, 13.4473, 17.7022, 11.4993, 27.89, 11.0334, 19.3795, 25.8754, 2.0743, 1.9213, 24.4937, 6.1583, 20.1548, 23.3915, 12.9249, 17.9212, 16.0074, 16.5932, 10.7096, 9.8567, 9.723, 29.871, 1.2343, 0.3043, 19.7033, 54.3453, 7.6122, 39.2919, 7.739]
    ],
    [
      [13.2632, 0.394, 1.7025, 0, 1.1947, 12.384, 21.3815, 1.4161, 0.5937, 1.226, 8.7591, 3.26, 3.0619, 7.3638, 2.9802, 4.1216, 0, 9.4308, 8.6101, 1.8079, 0.7311, 2.3213, 7.3742, 8.6804, 8.3161, 1.597, 1.3665, 2.9221, 6.4182, 2.3611, 16.5767, 3.3267, 9.1406, 4.9739, 2.7261, 0.9023, 3.3116, 6.7338, 8.9075, 0.367, 0, 0.2474, 0, 2.5602, 35.7236, 4.3191],
      [327.9874, 29.308, 212.4389, 21.639, 293.1387, 287.7721, 629.5373, 157.1724, 494.2366, 139.4194, 533.8561, 92.0395, 521.1662, 438.2386, 295.0445, 286.6864, 230.2396, 220.8451, 61.7174, 137.8142, 122.0915, 222.1656, 203.9, 315.0767, 391.951, 117.4785, 23.6244, 189.2643, 103.4473, 193.6017, 319.6722, 63.0497, 142.5533, 292.7204, 209.949, 153.2799, 210.4193, 77.4924, 763.2951, 17.0638, 0.9996, 65.7454, 1073.0497, 128.3071, 628.4572, 239.4723],
      [10.773, 0.4421, 9.5377, 0, 3.4692, 2.3148, 43.8548, 3.3653, 23.0229, 7.016, 16.0265, 5.4593, 2.7004, 12.3034, 4.3317, 7.5898, 10.8566, 13.5614, 4.2087, 5.7827, 5.5407, 8.6889, 5.6059, 10.5375, 16.1642, 3.3665, 0.7069, 8.3231, 11.1772, 20.0091, 21.3515, 3.1253, 7.3458, 14.0869, 6.4719, 6.404, 8.1735, 4.7252, 27.1085, 4.609, 0, 2.2704, 53.9734, 6.9722, 30.6145, 22.6745],
      [15.9764, 2.8559, 12.3209, 0.361, 10.1974, 9.5291, 37.2263, 7.0463, 25.1469, 6.3387, 22.3583, 3.2412, 19.0715, 22.0943, 14.6436, 9.6022, 11.9038, 10.1627, 3.4638, 6.5952, 4.6367, 10.8242, 12.1199, 11.7053, 19.5687, 4.558, 1.3022, 8.4905, 4.9573, 14.0281, 13.3995, 3.4983, 7.9603, 9.2188, 8.853, 7.4139, 10.0956, 5.0486, 33.6888, 1.9602, 0.0004, 7.7368, 52.9769, 5.1604, 29.2047, 14.5341]
    ],
    [
      [0.448, 0.0209, 0.1402, 0, 0.0716, 0.1529, 0.239, 0.1564, 0.2911, 0.0669, 0.1618, 0.0821, 0.1764, 0.1577, 0.1309, 0.176, 0.0705, 0.2768, 0.1738, 0.2564, 0.1168, 0.2399, 0.2817, 0.4427, 0.3654, 0.0406, 0.0685, 0.2284, 0.1422, 0.1594, 0.3372, 0.1838, 0.2954, 0.5747, 0.3226, 0.0934, 0.1863, 0.1717, 0.3889, 0.0104, 0, 0.0285, 0.453, 0.1599, 0.7104, 0.0394],
      [5.8932, 0.4821, 3.8291, 0, 2.0192, 2.3705, 4.1695, 4.1128, 9.6424, 1.6248, 3.2595, 1.4436, 4.6662, 3.2028, 3.1548, 3.7306, 2.2667, 5.4007, 3.2118, 5.8174, 3.9292, 6.2491, 3.8792, 7.0288, 6.6612, 0.8658, 0.4826, 4.623, 2.532, 6.533, 7.0701, 2.7459, 3.8009, 10.9319, 7.4081, 2.6632, 3.8065, 2.4172, 8.804, 0.19, 0, 1.958, 16.1563, 3.3911, 9.6316, 0.8538],
      [24.1269, 1.6013, 15.7742, 0, 7.3971, 8.8402, 19.1017, 15.0787, 39.5131, 6.8585, 12.8491, 6.4765, 16.4978, 12.4852, 11.5758, 14.5164, 9.3719, 24.6014, 16.4372, 23.5097, 15.99, 24.5931, 15.4523, 28.355, 27.5622, 3.4018, 1.9289, 19.1041, 13.0802, 31.567, 32.9977, 12.176, 16.9338, 46.6164, 28.1354, 10.7214, 15.4527, 11.531, 35.1472, 1.4269, 0, 7.7219, 66.7755, 14.7812, 42.202, 4.16],
      [5.5319, 0.8957, 4.2564, 0, 1.5122, 1.6364, 4.4898, 3.6521, 9.5534, 1.4498, 2.7296, 0.9978, 3.6596, 3.1544, 3.1386, 2.5769, 2.2909, 4.7211, 3.1771, 5.4165, 2.964, 5.9179, 4.3868, 5.1735, 6.4111, 0.6918, 0.52, 4.0445, 2.2456, 8.7406, 5.595, 2.8943, 3.9698, 6.877, 6.1339, 2.522, 3.5546, 2.8801, 7.6599, 0.3726, 0, 4.2916, 15.6152, 2.6678, 8.456, 0.9468]
    ],
    [
      [7.2636, 0.8023, 2.8411, 0.1861, 3.1266, 5.8029, 10.5483, 2.3468, 5.2626, 2.286, 7.2744, 1.9803, 5.6818, 6.1656, 3.7979, 5.1648, 2.3953, 5.5816, 2.6962, 4.2024, 2.8612, 5.705, 3.448, 10.6399, 8.6285, 2.2397, 1.4627, 7.9083, 3.1204, 3.0641, 7.1406, 3.0651, 4.257, 8.3913, 4.6265, 3.9301, 3.7582, 2.7562, 10.2832, 0.4147, 0, 0.4615, 10.5786, 1.7927, 18.4511, 2.3611],
      [8.7037, 1.5766, 6.1138, 0.1731, 7.3545, 7.8406, 14.9301, 4.9055, 12.4134, 4.4628, 12.2517, 2.9108, 12.4886, 10.504, 7.6417, 9.1827, 5.9803, 8.8624, 4.0114, 7.7438, 7.2103, 12.017, 4.3929, 15.0381, 13.4161, 4.009, 0.8589, 13.2413, 4.3546, 7.4036, 12.0154, 3.883, 4.7336, 13.402, 8.7425, 8.966, 6.4008, 3.4385, 19.1708, 0.4104, 0.2039, 2.442, 26.9371, 3.0729, 21.6029, 4.0674],
      [35.8545, 4.9567, 25.2021, 0.4721, 26.0402, 28.8316, 71.5689, 17.71, 50.7815, 18.927, 47.791, 13.3212, 42.6652, 40.4565, 27.2419, 35.0943, 24.6088, 41.2113, 20.8994, 31.27, 29.29, 46.955, 17.5293, 60.5416, 55.7603, 15.3955, 3.4487, 54.8379, 24.0039, 36.9004, 57.3239, 17.4042, 21.3535, 57.4863, 32.8954, 35.5867, 25.9266, 16.9494, 75.9916, 4.4817, 0.1008, 9.5892, 111.1563, 13.4654, 96.8504, 20.6774],
      [19.1782, 6.6644, 15.843, 0.1687, 12.4786, 12.5248, 38.9528, 10.0378, 28.5425, 9.3243, 23.6829, 4.7878, 22.1644, 23.8738, 17.3185, 14.5582, 14.0156, 18.3447, 9.393, 16.7837, 12.6384, 26.323, 11.6298, 25.7804, 30.1951, 7.3557, 2.2297, 27.0125, 9.5212, 23.6319, 22.5202, 9.6477, 11.6559, 19.7204, 16.7356, 19.5172, 13.9144, 9.8559, 38.5544, 2.6933, 0.6953, 12.5072, 60.3279, 5.669, 45.0956, 10.8941]
    ]
  ],
  "V_est": [
    [1836.8489, 258.0576, 353.6299, 179.4636],
    [327.2524, 101.1247, 13478.4948, 646.1281],
    [244.8555, 11678.4249, 496.6433, 553.0763],
    [9.2908, 194.9102, 814.4265, 180.3725],
    [216.7524, 371.4827, 1546.8055, 794.9595]
  ],
  "p_est": [
    [0.699, 0.0982, 0.1346, 0.0683],
    [0.0225, 0.0069, 0.9262, 0.0444],
    [0.0189, 0.9002, 0.0383, 0.0426],
    [0.0077, 0.1626, 0.6793, 0.1504],
    [0.074, 0.1268, 0.5279, 0.2713]
  ],
  "EI_Z": {},
  "EI_V": 10.6934,
  "MAE_Z": {},
  "MAE_V": 366.6022,
  "MAE_p": 0.0861,
  "runtime": 0.002
}
