{
  "X": [
    [93, 348, 407, 61],
    [7, 35, 78, 21],
    [26, 227, 294, 49],
    [6, 23, 13, 1],
    [23, 308, 160, 31],
    [91, 307, 189, 33],
    [193, 666, 517, 114],
    [30, 176, 228, 33],
    [74, 533, 573, 95],
    [25, 149, 192, 26],
    [61, 557, 325, 63],
    [30, 99, 142, 14],
    [48, 549, 273, 58],
    [68, 461, 293, 66],
    [27, 311, 182, 45],
    [48, 308, 274, 37],
    [25, 244, 198, 39],
    [74, 242, 516, 55],
    [29, 71, 382, 31],
    [49, 160, 421, 50],
    [27, 141, 357, 34],
    [53, 255, 619, 75],
    [52, 216, 218, 42],
    [152, 353, 615, 69],
    [143, 427, 627, 92],
    [33, 127, 75, 17],
    [7, 25, 38, 6],
    [49, 213, 625, 66],
    [24, 112, 224, 24],
    [34, 213, 426, 72],
    [65, 344, 789, 68],
    [28, 71, 284, 30],
    [48, 153, 399, 43],
    [82, 324, 657, 55],
    [46, 239, 425, 51],
    [31, 172, 269, 43],
    [40, 226, 252, 40],
    [50, 87, 217, 31],
    [130, 814, 792, 119],
    [12, 18, 35, 8],
    [0, 2, 2, 1],
    [3, 72, 166, 45],
    [174, 1163, 1363, 206],
    [32, 138, 240, 23],
    [228, 673, 1099, 131],
    [65, 252, 220, 41]
  ],
  "W": [
    [70, 364, 368, 36, 71],
    [5, 86, 33, 3, 14],
    [26, 260, 236, 24, 50],
    [3, 17, 22, 0, 1],
    [24, 130, 308, 11, 49],
    [85, 155, 312, 13, 55],
    [214, 380, 732, 28, 136],
    [32, 208, 169, 23, 35],
    [98, 478, 543, 59, 97],
    [27, 166, 154, 10, 35],
    [52, 263, 581, 19, 91],
    [30, 119, 104, 9, 23],
    [50, 224, 546, 25, 83],
    [67, 241, 480, 19, 81],
    [24, 150, 317, 18, 56],
    [45, 229, 308, 21, 64],
    [33, 159, 253, 14, 47],
    [75, 449, 254, 35, 74],
    [24, 351, 78, 23, 37],
    [49, 384, 152, 35, 60],
    [32, 319, 133, 23, 52],
    [51, 579, 244, 37, 91],
    [42, 196, 229, 24, 37],
    [143, 547, 346, 41, 112],
    [149, 555, 436, 41, 108],
    [39, 52, 127, 5, 29],
    [1, 37, 27, 3, 8],
    [31, 582, 209, 28, 103],
    [20, 179, 126, 18, 41],
    [48, 349, 230, 47, 71],
    [54, 696, 371, 46, 99],
    [17, 271, 73, 18, 34],
    [27, 382, 167, 25, 42],
    [71, 562, 321, 65, 99],
    [41, 387, 228, 42, 63],
    [35, 228, 168, 16, 68],
    [38, 215, 232, 23, 50],
    [50, 191, 94, 17, 33],
    [136, 690, 833, 52, 144],
    [17, 22, 24, 2, 8],
    [0, 3, 1, 0, 1],
    [3, 168, 76, 14, 25],
    [254, 1164, 1180, 99, 209],
    [33, 212, 143, 21, 24],
    [177, 987, 724, 61, 182],
    [86, 167, 281, 6, 38]
  ],
  "method": "mult",
  "cond_prob": [
    [
      [0.74902149571, 0.089364712086, 0.11487734062, 0.046736451586],
      [0.051118174071, 0.011372857129, 0.8802279675, 0.057281001299],
      [0.040512927518, 0.86642448702, 0.038164309191, 0.054898276268],
      [0.011948424453, 0.043075186528, 0.83587799091, 0.10909839811],
      [0.093275765231, 0.2423920031, 0.48478214833, 0.17955008334]
    ],
    [
      [0.65985888665, 0.10717617957, 0.11816225734, 0.11480267644],
      [0.027118210323, 0.039013026603, 0.8018882505, 0.13198051257],
      [0.016807047845, 0.84384220351, 0.029610982849, 0.10973976579],
      [0.007161914098, 0.04363204713, 0.72356887582, 0.22563716295],
      [0.056601511268, 0.22366499693, 0.37849500775, 0.34123848406]
    ],
    [
      [0.62416456154, 0.12808829931, 0.16868065555, 0.079066483603],
      [0.016939267946, 0.017765521624, 0.89712315575, 0.068172054683],
      [0.011212223699, 0.87242019448, 0.050537471293, 0.065830110532],
      [0.0055662191441, 0.042474543056, 0.82573965157, 0.12621958623],
      [0.051756753632, 0.24280227332, 0.49235375197, 0.21308722107]
    ],
    [
      [0.87455348549, 0.071514641612, 0.042518075846, 0.011413797048],
      [0.17579048658, 0.06468532194, 0.73176837377, 0.027755817709],
      [0.01047707425, 0.9709934749, 0, 0.018529450849],
      [0.019907605946, 0.06378248582, 0.85915800755, 0.057151900686],
      [0.15740563816, 0.32394915437, 0.43238341835, 0.086261789114]
    ],
    [
      [0.6375403831, 0.14298188587, 0.1610792351, 0.05839849593],
      [0.019666877479, 0.030762881682, 0.89756620485, 0.052004035986],
      [0.0077094674585, 0.92886088071, 0.019081288976, 0.044348362855],
      [0.0061714905255, 0.050171708886, 0.84495557365, 0.098701226934],
      [0.055100701232, 0.28424938906, 0.49548864106, 0.16516126865]
    ],
    [
      [0.75070940005, 0.10158038819, 0.10907246189, 0.03863774987],
      [0.047766917246, 0.020277777065, 0.88439125367, 0.047564052021],
      [0.046266816679, 0.89651319394, 0.015882924401, 0.041337064976],
      [0.011532214832, 0.048704578635, 0.84792837811, 0.091834828424],
      [0.094557513205, 0.27049700956, 0.48490281985, 0.15004265738]
    ],
    [
      [0.69541788834, 0.094220823438, 0.14877929393, 0.061581994286],
      [0.032164996987, 0.0018410737653, 0.904349174, 0.061644755248],
      [0.029922962355, 0.83841429743, 0.067000604564, 0.064662135647],
      [0.0082467742224, 0.038297288251, 0.83781652269, 0.11563941484],
      [0.072230550861, 0.22312901442, 0.50739146914, 0.19724896558]
    ],
    [
      [0.65854264149, 0.13054989289, 0.14743890863, 0.063468556997],
      [0.021265482181, 0.040671535284, 0.87722507479, 0.060837907749],
      [0.01320092702, 0.90413140466, 0.028954189459, 0.053713478863],
      [0.0066692152944, 0.049853243025, 0.82923213842, 0.11424540326],
      [0.060544758868, 0.26908263176, 0.48152977618, 0.18884283319]
    ],
    [
      [0.61167372073, 0.13736161412, 0.17603653225, 0.074928132899],
      [0.012569059019, 0.023206024813, 0.90220392352, 0.062020992652],
      [0.005471031013, 0.88644658957, 0.04898064068, 0.05910173874],
      [0.0047913416305, 0.044423047526, 0.83493548711, 0.11585012374],
      [0.049427898567, 0.25241880429, 0.50141508011, 0.19673821703]
    ],
    [
      [0.6562605019, 0.11937117539, 0.16432714226, 0.060041180448],
      [0.01896005789, 0.01178549814, 0.91531908538, 0.053935358588],
      [0.013031267666, 0.87528756626, 0.058106318256, 0.053574847821],
      [0.0063675124543, 0.041783314653, 0.85007350859, 0.1017756643],
      [0.058945899825, 0.24595620638, 0.51917402537, 0.17592386843]
    ],
    [
      [0.69051386492, 0.11535158192, 0.14142599055, 0.052708562614],
      [0.028081536973, 0.021237762408, 0.89695734773, 0.053723352885],
      [0.019193200137, 0.89625662798, 0.035168227909, 0.04938194397],
      [0.0080374249616, 0.046016542964, 0.8441135031, 0.10183252898],
      [0.070372246663, 0.26172275882, 0.49752933036, 0.17037566416]
    ],
    [
      [0.71509002431, 0.097740553065, 0.14795453843, 0.039214884197],
      [0.03163710408, 0, 0.9286130135, 0.03974988242],
      [0.028133188326, 0.86655020053, 0.064099699457, 0.041216911683],
      [0.0086701283617, 0.039871856273, 0.8746269265, 0.076831088866],
      [0.077330484528, 0.24294416722, 0.54427844168, 0.13544690658]
    ],
    [
      [0.65297670582, 0.13913051977, 0.14874058414, 0.059152190273],
      [0.022454373674, 0.033277078085, 0.88799268178, 0.05627586646],
      [0.0095146389733, 0.93312862586, 0.010999520725, 0.046357214445],
      [0.0067993855976, 0.052145941224, 0.8346464639, 0.10640820928],
      [0.059715752851, 0.28671723219, 0.47928566459, 0.17428135037]
    ],
    [
      [0.68548881099, 0.11474342941, 0.13767030605, 0.062097453561],
      [0.028483003494, 0.02202831403, 0.88549035913, 0.063998323349],
      [0.019741214151, 0.88855347433, 0.033071295251, 0.058634016268],
      [0.0080102556811, 0.045572167792, 0.826517375, 0.11990020153],
      [0.068887261377, 0.254713922, 0.47894890246, 0.19744991416]
    ],
    [
      [0.6576773934, 0.12756335427, 0.14420123331, 0.070558019012],
      [0.023844326247, 0.029673031573, 0.87749104999, 0.068991592187],
      [0.013070825064, 0.90756779703, 0.019624389029, 0.059736988881],
      [0.0069568764655, 0.04884278739, 0.81562197751, 0.12857835863],
      [0.060186041064, 0.26623862378, 0.46452474971, 0.20905058545]
    ],
    [
      [0.69270133156, 0.1183044486, 0.14326272033, 0.045731499503],
      [0.02768350276, 0.026038596961, 0.90032522935, 0.045952670926],
      [0.018769993993, 0.90414606755, 0.034818310656, 0.042265627797],
      [0.0079999316258, 0.04720109533, 0.85669235255, 0.08810662049],
      [0.070933769274, 0.26945702031, 0.51037689027, 0.14923232014]
    ],
    [
      [0.59932583244, 0.13971777697, 0.18231024732, 0.07864614327],
      [0.012840502788, 0.020123073491, 0.90414483645, 0.062891587273],
      [0.0037504024183, 0.88472769468, 0.050901475911, 0.060620426996],
      [0.0048168448102, 0.043208260043, 0.83464522473, 0.11732967042],
      [0.046049360573, 0.2499728145, 0.50343885727, 0.20053896766]
    ],
    [
      [0.68788427908, 0.10211195586, 0.15788307297, 0.052120692101],
      [0.020509244644, 0, 0.92998906924, 0.049501686116],
      [0.030863379552, 0.84990056746, 0.066715126693, 0.052520926296],
      [0.0075446936793, 0.037925540363, 0.86015423027, 0.094375535686],
      [0.068873858637, 0.23161439545, 0.53435996215, 0.16515178376]
    ],
    [
      [0.69009634023, 0.09306452785, 0.16372574646, 0.053113385464],
      [0.0059602727241, 0, 0.94601299564, 0.04802673164],
      [0.098410238485, 0.77326710674, 0.07039221582, 0.05793043896],
      [0.0070683214005, 0.032429377371, 0.86764259473, 0.092859706502],
      [0.067758435522, 0.2082632791, 0.55604454336, 0.16793374202]
    ],
    [
      [0.67209791746, 0.11392629757, 0.15194845105, 0.062027333923],
      [0.024136249202, 0.014452759456, 0.9017850646, 0.05962592674],
      [0.017705682296, 0.87307258686, 0.051324803997, 0.057896926851],
      [0.0071557964212, 0.042441620837, 0.83865424311, 0.11174833963],
      [0.064286096123, 0.24458769761, 0.50191320624, 0.18921300002]
    ],
    [
      [0.61393345122, 0.13788509306, 0.18741203291, 0.060769422801],
      [0.010404114828, 0.01394106074, 0.92765404845, 0.048000775982],
      [0.010217403387, 0.88604469036, 0.056387080207, 0.04735082605],
      [0.0048919099077, 0.042859100576, 0.86077087284, 0.091478116678],
      [0.049303622163, 0.25597645222, 0.53430695669, 0.16041296892]
    ],
    [
      [0.64506162181, 0.12424702536, 0.16262046126, 0.068070891565],
      [0.019163698956, 0.018284131104, 0.90141966583, 0.06113250411],
      [0.014608366709, 0.87648178696, 0.050283703827, 0.058626142508],
      [0.0062842297397, 0.043238920165, 0.83626021459, 0.1142166355],
      [0.057243050711, 0.24852190917, 0.50080789325, 0.19342714687]
    ],
    [
      [0.7350601844, 0.093747977624, 0.11361510074, 0.057576737236],
      [0.046516328982, 0.017898219206, 0.86559842764, 0.069987024171],
      [0.037294021258, 0.86718634683, 0.030472103756, 0.065047528161],
      [0.011376830196, 0.044160657201, 0.81339100184, 0.13107151076],
      [0.086402621135, 0.24078391296, 0.46138859857, 0.21142486733]
    ],
    [
      [0.73106537924, 0.097978096524, 0.12821689352, 0.042739630709],
      [0.047613849168, 0.01059177372, 0.89444487637, 0.047349500741],
      [0.032755550416, 0.87689054064, 0.044204746427, 0.046149162513],
      [0.010528295383, 0.043307273463, 0.85488772556, 0.091276705591],
      [0.086141024274, 0.25014023837, 0.5094499807, 0.15426875665]
    ],
    [
      [0.69939597768, 0.10365735853, 0.13945620503, 0.057490458764],
      [0.034861259754, 0.010544254471, 0.89504238552, 0.059552100254],
      [0.025519314764, 0.86695970763, 0.04915208019, 0.058368897414],
      [0.0086945183211, 0.041920258532, 0.83731788158, 0.11206734157],
      [0.073695404396, 0.24064656686, 0.49733482758, 0.18832320117]
    ],
    [
      [0.69185948205, 0.11708097921, 0.13724560915, 0.053813929591],
      [0.028103129876, 0.020072193966, 0.89676031313, 0.055064363031],
      [0.019561652451, 0.89443873331, 0.035325678934, 0.050673935309],
      [0.0080007178302, 0.045741238432, 0.84187325901, 0.10438478473],
      [0.070061517103, 0.26095387595, 0.49379853244, 0.1751860745]
    ],
    [
      [0.88209224625, 0.040778617574, 0.052234460187, 0.024894675993],
      [0.084483710853, 0.01009955324, 0.84029921082, 0.065117525088],
      [0.059432586283, 0.84195106598, 0.03690828903, 0.061708058707],
      [0.021344602484, 0.041612636848, 0.81234589153, 0.12469686914],
      [0.16541210189, 0.21600265257, 0.42789165764, 0.19069358791]
    ],
    [
      [0.69049453413, 0.10533459244, 0.14895558958, 0.055215283853],
      [0.027424609586, 0.0048733441909, 0.91335656616, 0.054345480067],
      [0.020324077637, 0.86776035718, 0.056562316094, 0.055353249093],
      [0.0077580366199, 0.040368724339, 0.84891577306, 0.10295746599],
      [0.069597955453, 0.23695245033, 0.51667659719, 0.17677299702]
    ],
    [
      [0.69325850736, 0.093808258617, 0.16333490053, 0.04959833349],
      [0, 0, 0.95406598877, 0.045934011231],
      [0.057023776758, 0.8003990337, 0.089564074262, 0.053013115284],
      [0.0072965636693, 0.032210751827, 0.87221560791, 0.088277076597],
      [0.068743800856, 0.2120430012, 0.5602569683, 0.15895622964]
    ],
    [
      [0.57122536914, 0.12806573236, 0.20105711832, 0.099651780175],
      [0, 0, 0.92595240228, 0.074047597721],
      [0.015465128381, 0.82645126062, 0.078644826398, 0.079438784607],
      [0.0032642589158, 0.034141548072, 0.82679724889, 0.13579694412],
      [0.040433557529, 0.21358312881, 0.51048012896, 0.2355031847]
    ],
    [
      [0.67386015549, 0.10889772835, 0.16890517416, 0.048336942],
      [0.011469327409, 0, 0.9457579345, 0.042772738088],
      [0.037543881812, 0.84429050381, 0.071640947974, 0.0465246664],
      [0.0068020535455, 0.037481414921, 0.87331559954, 0.082400931996],
      [0.064517425368, 0.23397576432, 0.55434635257, 0.14716045774]
    ],
    [
      [0.73488172773, 0.085011460601, 0.12802728199, 0.052079529678],
      [0.035825009712, 0, 0.90502698396, 0.059148006326],
      [0.037941178665, 0.84144135496, 0.057809235368, 0.062808231008],
      [0.0097499339598, 0.037154350525, 0.84105497182, 0.11204074369],
      [0.083918474785, 0.21943552789, 0.50594587876, 0.19070011856]
    ],
    [
      [0.75467927714, 0.080554644463, 0.11853541086, 0.046230667534],
      [0.042698753299, 0, 0.90078628865, 0.056514958053],
      [0.04254321797, 0.84120014121, 0.057201452481, 0.059055188334],
      [0.011187866139, 0.038214299326, 0.84294855069, 0.10764928385],
      [0.093531469106, 0.22355341746, 0.50173393599, 0.18118117744]
    ],
    [
      [0.70475003477, 0.10744289507, 0.14868580114, 0.039121269029],
      [0.030212072932, 0.0084939051192, 0.9224522529, 0.038841769046],
      [0.021826667379, 0.88368104216, 0.055544915308, 0.038947375153],
      [0.0084318050843, 0.042371008115, 0.87390174026, 0.075295446539],
      [0.07504176752, 0.25436615871, 0.5393092026, 0.13128287117]
    ],
    [
      [0.67628225492, 0.12094354578, 0.14617494309, 0.056599256209],
      [0.025528870086, 0.030942826886, 0.88782374516, 0.055704557866],
      [0.017230041979, 0.89244851392, 0.039345481428, 0.050975962673],
      [0.0074527626796, 0.047524746519, 0.839823554, 0.1051989368],
      [0.065893479705, 0.26336730302, 0.49485204638, 0.17588717089]
    ],
    [
      [0.63147805761, 0.12622376556, 0.169113365, 0.073184811829],
      [0.015094167514, 0.015894967554, 0.90550085199, 0.063510012945],
      [0.010705785085, 0.87319929518, 0.054204781213, 0.061890138527],
      [0.0056541201148, 0.042126383548, 0.8341697378, 0.11804975854],
      [0.052467058445, 0.2439207629, 0.50255469005, 0.20105748861]
    ],
    [
      [0.68470342365, 0.11239778228, 0.14384116263, 0.059057631438],
      [0.027461326068, 0.019114544789, 0.89417301159, 0.059251117551],
      [0.01938835014, 0.87986182067, 0.044272813284, 0.056477015908],
      [0.0077716771186, 0.043985273275, 0.83686276282, 0.11138028678],
      [0.068004779808, 0.24959306927, 0.49535404202, 0.1870481089]
    ],
    [
      [0.71871088331, 0.081239870047, 0.13921406391, 0.06083518273],
      [0.028280438721, 0, 0.90696499379, 0.064754567491],
      [0.062628906856, 0.80308722416, 0.063510196354, 0.070773672627],
      [0.009813470023, 0.034119048868, 0.83433553518, 0.12173194593],
      [0.079058963753, 0.20811465441, 0.50470667987, 0.20811970196]
    ],
    [
      [0.66928095648, 0.1213142188, 0.15194926048, 0.057455564242],
      [0.023772053264, 0.022985922932, 0.89850685756, 0.054735166241],
      [0.015554763619, 0.89094870975, 0.042000264291, 0.05149626234],
      [0.0071759725321, 0.045175132348, 0.84421594411, 0.10343295101],
      [0.064200031249, 0.2578583147, 0.50333138618, 0.17461026788]
    ],
    [
      [0.6449591862, 0.032703031537, 0.23138167284, 0.090956109425],
      [0, 0, 0.92752250017, 0.072477499831],
      [0.025557795727, 0.68085412533, 0.18644604036, 0.10714203858],
      [0.0049545849187, 0.018997344879, 0.84120868319, 0.13483938701],
      [0.051549695922, 0.13319434576, 0.56298677786, 0.25226918045]
    ],
    [
      [0, 0.4480312393, 0.20162149516, 0.35034726553],
      [5.135813185e-33, 0.21729000326, 0.61417130406, 0.16853869268],
      [0, 0.9753858379, 0, 0.024614162103],
      [1.6653345369e-16, 0.067491531077, 0.61657584461, 0.31593262431],
      [0, 0.37274415232, 0.15748608782, 0.46976975986]
    ],
    [
      [0.37376559609, 0.1774969136, 0.22946292574, 0.21927456457],
      [0.0061522119274, 0.017586199672, 0.84206351199, 0.13419807641],
      [0.0047968716895, 0.82627848721, 0.043957123147, 0.12496751796],
      [0.0020189313343, 0.038370181346, 0.73142569362, 0.2281851937],
      [0.018092172834, 0.20714720591, 0.41056960553, 0.36419101573]
    ],
    [
      [0.59557344662, 0.14228162117, 0.18700485779, 0.075140074415],
      [0.0082011254664, 0.021531274502, 0.91118408211, 0.05908351792],
      [0.0026111224158, 0.88542243045, 0.054821714735, 0.057144732403],
      [0.0044515162659, 0.043525590046, 0.84122143751, 0.11080145617],
      [0.046202918443, 0.25210795866, 0.51154042508, 0.19014869781]
    ],
    [
      [0.68413889599, 0.11191836596, 0.15645589595, 0.047486842106],
      [0.024091343945, 0.0081980538818, 0.92261110834, 0.045099493837],
      [0.017818631561, 0.87896447513, 0.058061431032, 0.045155462278],
      [0.0072544424027, 0.041695992748, 0.86489480329, 0.086154761558],
      [0.067318496346, 0.25004877956, 0.53240937332, 0.15022335078]
    ],
    [
      [0.74685055698, 0.08470238037, 0.12505194879, 0.043395113856],
      [0.046365938063, 0, 0.90319284637, 0.050441215571],
      [0.044941757344, 0.84742295703, 0.055559389173, 0.052075896451],
      [0.01109359502, 0.039477404882, 0.85248784667, 0.096941153429],
      [0.092471038094, 0.23112822025, 0.51202038073, 0.16438036093]
    ],
    [
      [0.65150236966, 0.10294020938, 0.1791003773, 0.066457043652],
      [0.016789380163, 0, 0.92584365276, 0.057366967073],
      [0.013927177847, 0.83485291703, 0.087770934297, 0.063448970825],
      [0.0062877769207, 0.036587743113, 0.84927752749, 0.10784695248],
      [0.058308054878, 0.21931436444, 0.53216262731, 0.19021495337]
    ]
  ],
  "expected_outcome": [
    [
      [52.4315046998, 3.2992944333, 16.2282785999, 2.6236604565, 15.3009691944, 63.8102990039, 148.8194281058, 21.0733645277, 59.9440246316, 17.7190335513, 35.9067209758, 21.4527007292, 32.6488352911, 45.927750336, 15.7842574416, 31.1715599203, 19.7777524706, 51.5913209308, 16.5623121655, 32.9327979555, 19.6458704392, 32.8981427125, 30.8725277447, 104.5423492316, 104.2100006737, 26.9825198, 0.88209224625, 21.4053305579, 13.8651701473, 27.4188177188, 36.3884483965, 12.4929893715, 20.3763404828, 50.0372524683, 27.7275724516, 22.1017320164, 26.0187300988, 35.9355441656, 91.0222100815, 10.9643061653, 0, 1.1212967883, 151.2756554415, 22.5765835675, 132.1925485854, 56.0292037909],
      [6.255529846, 0.53588089786, 3.3302957821, 0.21454392484, 3.4315652609, 8.6343329962, 20.1632562158, 4.1775965723, 13.4614381841, 3.2230217356, 5.9982822598, 2.932216592, 6.9565259885, 7.6878097702, 3.0615205026, 5.3237001871, 4.61068664, 7.6583966891, 2.2335486684, 5.5823885808, 4.412322978, 6.3365982933, 3.9374150602, 14.0108678029, 15.4449464204, 4.5661581891, 0.040778617574, 3.2653723657, 1.8761651723, 6.1471551534, 5.8804773309, 1.4451948302, 2.1749754005, 7.6284455498, 4.9586853772, 4.4178317945, 4.2711157265, 4.0619935024, 16.4987337569, 0.55595153612, 0, 0.53249074079, 36.1395317777, 3.6933060766, 14.9923213255, 8.8528580068],
      [8.0414138432, 0.59081128668, 4.3856970443, 0.12755422754, 3.8659016423, 9.2711592609, 31.8387689012, 4.7180450761, 17.2515801602, 4.4368328411, 7.3541515085, 4.4386361529, 7.4370292068, 9.2239105052, 3.4608295995, 6.4468224149, 6.0162381615, 11.8412304724, 3.929417915, 7.4454741015, 5.9971850532, 8.2936435244, 4.7718342312, 18.3350157741, 20.77897455, 5.3525787568, 0.052234460187, 4.617623277, 3.2666980106, 9.6507416793, 9.1208794045, 2.1764637938, 3.2004560933, 10.5566918808, 5.9931726667, 5.9189677751, 5.46596418, 6.9607031955, 20.6650994247, 3.9334884383, 0, 0.68838877721, 47.4992338794, 5.1630445664, 22.1341949366, 15.4026324481],
      [3.271551611, 0.57401338218, 2.0557285737, 0.034241391145, 1.4015639023, 3.2842087389, 13.1785467772, 2.0309938239, 7.3429570241, 1.6211118721, 2.7408452559, 1.1764465259, 2.9576095136, 4.1605293886, 1.6933924563, 2.0579174776, 2.5953227279, 3.9090519076, 1.2747212511, 3.0393393622, 1.9446215296, 3.4716154698, 2.4182229639, 6.1117671914, 8.5660783559, 2.0987432541, 0.024894675993, 1.7116737994, 0.99196666979, 4.7832854484, 2.610194868, 0.88535200453, 1.2482280234, 2.7776101011, 2.3205695046, 2.561468414, 2.2441899946, 3.0417591365, 7.8139567369, 1.5462538602, 0, 0.65782369372, 19.0855789014, 1.5670657895, 7.6809351525, 5.7153057541]
    ],
    [
      [18.6070153619, 2.3321660878, 4.404209666, 2.9884382719, 2.5566940722, 7.4038721732, 12.222698855, 4.4232202937, 6.0080102111, 3.1473696097, 7.3854442239, 3.7648153855, 5.029779703, 6.864403842, 3.576648937, 6.3395221321, 2.0416399433, 9.208650845, 2.0920557262, 9.2683196935, 3.3189126301, 11.0957816954, 9.1172004804, 26.0447754951, 19.3479991633, 1.4613627536, 3.1258973015, 15.9611227789, 0, 0, 7.9826518768, 9.708577632, 16.3109237603, 16.979184988, 9.8796727232, 3.4414701933, 5.9041851046, 5.4015637957, 16.4027167521, 0, 1.5407439555e-32, 1.0335716038, 9.5461100429, 5.1073649164, 45.7631808681, 2.8038264873],
      [4.1397199948, 3.3551202879, 4.6190356222, 1.099650473, 3.9991746187, 3.1430554451, 0.69960803081, 8.4596793391, 11.0924798608, 1.9563926912, 5.5855315132, 0, 7.4540654911, 5.3088236812, 4.4509547359, 5.9628387041, 3.1995686851, 0, 0, 5.5498596312, 4.447198376, 10.5865119092, 3.5080509643, 5.7937002247, 5.8520612315, 1.0437540862, 0.37368346989, 2.8362863191, 0, 0, 0, 0, 0, 4.773574677, 11.974874005, 3.6240526023, 4.1096271297, 0, 15.8602868233, 0, 0.65187000978, 2.9544815449, 25.06240352, 1.7379874229, 0, 0],
      [320.4029801702, 68.9623895434, 233.2520204942, 12.4400623541, 116.6836066309, 137.0806443184, 343.6526861198, 182.4628155555, 431.2534754405, 151.9429681735, 235.8997824541, 110.5049486066, 198.9103607189, 213.4031765498, 131.6236574991, 206.1744775218, 143.7590289952, 417.565092089, 332.0505614681, 346.2854648073, 295.9216414559, 521.9219865157, 169.6572918176, 489.2613473751, 496.7485239642, 46.6315362826, 31.0910708003, 531.573521503, 170.7778119897, 323.1573883953, 658.2475224139, 245.2623126536, 344.1003622636, 518.4181661313, 343.5877893776, 206.454194253, 192.2471974923, 173.2303138135, 619.9697317182, 20.4054950037, 1.8425139122, 141.4666700146, 1060.6182715781, 195.5935549673, 891.4513393629, 154.6158900115],
      [20.850284473, 11.350324081, 17.7247342176, 0.47184890106, 6.7605246782, 7.3724280633, 23.4250069944, 12.6542848117, 29.6460344875, 8.9532695255, 14.1292418087, 4.730236008, 12.6057940871, 15.423595927, 10.348738828, 10.523161642, 9.9997623765, 22.226257066, 16.8573828057, 22.896355868, 15.3122475381, 35.3957198797, 13.7174567376, 25.9001769051, 33.051415641, 2.8633468776, 2.4093484282, 31.629069399, 8.2221880103, 25.8426116047, 29.7698257092, 16.0291097144, 21.5887139761, 21.8290742038, 21.5576638943, 14.4802829515, 12.7389902734, 12.3681223909, 37.7672647063, 1.5945049963, 0.50561607804, 22.5452768366, 68.7732148591, 9.5610926933, 49.785479769, 9.5802835012]
    ],
    [
      [14.9087573266, 0.5546325789, 2.646084793, 0.2304956335, 2.3745159772, 14.4352468038, 21.9036084438, 2.2309566664, 2.97076984, 2.0068152206, 11.1512492797, 2.9258515859, 5.1949928794, 9.4757827925, 4.1434515454, 5.7811581499, 0.94885181184, 7.8392984062, 7.6759986018, 2.691263709, 1.3589146504, 3.5644414771, 8.5403308681, 11.3334204438, 11.1264212371, 2.4843298613, 1.6046798296, 4.2477322261, 7.1849958716, 3.5569795275, 13.9287801521, 2.7697060425, 7.104717401, 7.0063602288, 3.9284495713, 1.7985718942, 4.4980972324, 5.8871172445, 12.9571180949, 0.61338709744, 0, 0.3645622484, 3.0811244507, 2.5480643133, 32.5378323171, 3.9135369749],
      [318.8442112243, 27.8467927159, 205.8911658962, 21.3618564478, 286.0891512588, 279.7121165105, 613.7192657218, 152.7982073873, 481.340498135, 134.7942852035, 520.7251008583, 90.1212208556, 509.488229718, 426.5056676782, 287.698991657, 278.4769888067, 223.8361067529, 215.8747441346, 60.3148343254, 132.7070332021, 117.8439438174, 213.8615560171, 198.585673423, 303.404127063, 377.9944325273, 113.5937191299, 22.7326787814, 181.3619146497, 100.8502782456, 190.0837899415, 313.2317769152, 61.425218912, 140.4804235829, 283.6616145334, 203.4782611737, 146.6974815896, 204.1279423951, 75.4901990713, 742.1602752215, 16.340499008, 0.9753858379, 62.7971650277, 1044.7984679269, 125.6919199434, 613.534220891, 234.5936696857],
      [14.0444657824, 0.97716243403, 11.9268432253, 0, 5.8770370046, 4.9554724132, 49.0444425409, 4.8932580185, 26.5964878891, 8.9483730114, 20.4327404154, 6.6663687435, 6.0057383156, 15.8742217205, 6.2209313222, 10.724039682, 12.8780734054, 16.94564218, 5.4905928339, 7.8013702076, 7.4994816675, 12.2692237338, 6.9781117601, 15.2948422638, 21.4303069629, 4.4863612246, 0.99652380382, 11.8215240636, 11.285073357, 18.0883100714, 26.5787916982, 4.2200741819, 9.5526425643, 17.8299178138, 8.9707697655, 9.1064032437, 10.2712926818, 5.9699584573, 34.9862201542, 4.4747049687, 0, 3.3407413592, 64.6896233873, 8.3027846376, 40.2249977611, 24.6636325376],
      [20.2025656667, 3.6214122712, 15.5359060855, 0.40764791868, 13.6592957593, 12.8971642725, 47.3326832934, 9.0775779278, 32.0922441358, 8.2505265645, 28.6909094466, 4.286558815, 25.311039087, 28.1443278088, 18.9366254753, 13.0178133614, 15.3369680299, 13.3403152791, 4.5185742389, 8.8003328814, 6.2976598646, 14.304778772, 14.8958839488, 15.9676102294, 25.4488392727, 6.4355897843, 1.6661175851, 11.5688290605, 6.6796525258, 18.2709204595, 17.2606512345, 4.5850008636, 9.8622164518, 12.5021074241, 11.6225194895, 10.3975432725, 13.1026676907, 6.6527252269, 42.8963865294, 2.5714089259, 0.024614162103, 9.4975313647, 67.4307842351, 6.4572311058, 37.7029490307, 17.8291608018]
    ],
    [
      [0.43014328031, 0.021485742294, 0.13358925946, 0, 0.067886395781, 0.14991879282, 0.23090967823, 0.15339195177, 0.2826891562, 0.063675124543, 0.15271107427, 0.078031155255, 0.16998463994, 0.15219485794, 0.12522377638, 0.16799856414, 0.067435827343, 0.26406427877, 0.16257139221, 0.25045287474, 0.11251392788, 0.23251650037, 0.27304392471, 0.43166011072, 0.35647525116, 0.040003589151, 0.064033807453, 0.21722502536, 0.13133814605, 0.15342016904, 0.3128944631, 0.17549881128, 0.27969665346, 0.54806733048, 0.31301603254, 0.090465921837, 0.17874857373, 0.16682899039, 0.37315057167, 0.0099091698374, 0, 0.02826503868, 0.44070011032, 0.15234329046, 0.67670929619, 0.037726661524],
      [1.550706715, 0.13089614139, 1.0193890333, 0, 0.55188879775, 0.63315952226, 1.072324071, 1.1466245896, 2.620959804, 0.41783314653, 0.87431431631, 0.35884670646, 1.3036485306, 0.86587118805, 0.87917017302, 0.99122300193, 0.6049156406, 1.3273939127, 0.74587567953, 1.4854567293, 0.98575931324, 1.5998400461, 1.0598557728, 1.775598212, 1.7187305998, 0.22870619216, 0.12483791054, 1.1303242815, 0.57979353289, 1.6046527594, 1.7241450864, 0.66877830945, 0.95535748316, 2.7541155274, 1.9960393538, 0.67402213677, 1.0116612853, 0.58002383075, 2.3491068821, 0.037994689759, 0, 0.53718253884, 4.3090334146, 0.87561584771, 2.4081216978, 0.21952645868],
      [30.0916076728, 2.1707066275, 19.8177516376, 0, 9.2945113102, 11.0230689154, 23.4588626352, 19.0723391836, 49.2611937394, 8.5007350859, 16.0381565588, 7.8716423385, 20.8661615975, 15.703830125, 14.6811955953, 17.9905394036, 11.6850331462, 30.1053980595, 19.9557796787, 29.3528985089, 19.7977300753, 30.9416279399, 19.5213840441, 35.0503967481, 34.3300331447, 4.2093662951, 2.4370376746, 23.7696416456, 15.6998809423, 38.8594706978, 40.1725175787, 15.1389894928, 21.0737137672, 56.803613117, 35.2725892681, 13.3467158048, 19.2478435449, 14.183704098, 43.8992290935, 1.6824173664, 0, 10.2399597107, 83.2809223138, 18.1627908691, 52.0017586469, 5.0956651649],
      [3.9275423319, 0.67691148884, 3.0292700696, 0, 1.0857134963, 1.1938527695, 3.2379036156, 2.6276442751, 6.8351573004, 1.017756643, 1.9348180506, 0.69147979979, 2.6602052319, 2.278103829, 2.3144104553, 1.8502390303, 1.6426153858, 3.303143749, 2.1357732495, 3.911191887, 2.1039966836, 4.2260155136, 3.1457162584, 3.7423449292, 4.5947610043, 0.52192392363, 0.37409060743, 2.8828090476, 1.5889873787, 6.3824563738, 3.7904428718, 2.0167333865, 2.6912320962, 4.894204025, 4.4183553456, 1.8887961366, 2.561746596, 2.0694430809, 5.3785134527, 0.26967877403, 0, 3.1945927118, 10.9693441613, 1.8092499927, 5.9134103592, 0.64708171486]
    ],
    [
      [6.6225793314, 0.79242115775, 2.5878376816, 0.15740563816, 2.6999343604, 5.2006632263, 9.8233549171, 2.1190665604, 4.794506161, 2.0631064939, 6.4038744463, 1.7786011441, 4.9564074866, 5.5798681715, 3.3704182996, 4.5397612335, 2.1643199469, 5.0966655391, 2.5070621143, 3.8571657674, 2.5637883525, 5.2091176147, 3.196896982, 9.6477947187, 7.9591036748, 2.031783996, 1.3232968151, 7.1685894117, 2.8184958351, 2.8707825846, 6.3872251115, 2.8532281427, 3.9283217025, 7.4291349845, 4.1512892214, 3.5677599743, 3.4002389904, 2.6089458038, 9.2448044999, 0.41239756738, 0, 0.45230432085, 9.6564099546, 1.6156439123, 16.8297289332, 2.2157060853],
      [17.2098322198, 3.131309957, 12.1401136662, 0.32394915437, 13.9282200638, 14.877335526, 30.3455459606, 9.4178921117, 24.484624016, 8.6084672232, 23.8167710523, 5.587715846, 23.7975302719, 20.6318276823, 14.9093629315, 17.2452493001, 11.7487222814, 17.1394652636, 7.7057413267, 14.6752618566, 13.3107755154, 22.6154937343, 8.9090047796, 28.0157066975, 25.9898292209, 7.5676624027, 1.7280212205, 24.406102384, 8.6937630492, 15.1644021457, 23.1636006675, 7.4608079484, 9.3892435335, 25.1822497124, 16.5921400904, 16.5866118769, 12.4796534634, 6.8677835956, 37.1315973162, 1.0655547661, 0.37274415232, 5.1786801477, 52.6905633609, 6.0011707094, 42.0653360857, 8.3339458488],
      [34.4195325314, 5.2989301084, 24.6176875986, 0.43238341835, 24.2789434119, 26.669655092, 69.0052398029, 16.8535421664, 48.6372627707, 18.1710908881, 45.2751690632, 12.5184041585, 39.7807101611, 38.7948610996, 26.0133859839, 32.6641209776, 23.6616262917, 39.542637199, 20.5736481043, 30.1147923747, 27.7839617481, 45.5735182862, 17.071378147, 57.0583978389, 53.7121613781, 14.3201574409, 3.4231332611, 53.2176895108, 22.9705357004, 36.2440891562, 54.8802889046, 17.202159878, 21.0728253116, 53.3916110571, 31.1756789221, 34.1737189234, 24.767702101, 16.6553204357, 72.4797196093, 4.5038942229, 0.15748608782, 10.2642401383, 106.9119488414, 12.7778249597, 93.1877092925, 20.2221798378],
      [12.7480559174, 4.7773387768, 10.6543610536, 0.086261789114, 8.0929021639, 8.2523461558, 26.8258593194, 6.6094991616, 19.0836070522, 6.1573353949, 15.5041854382, 3.1152788513, 14.4653520804, 15.9934430466, 11.7068327851, 9.5508684887, 9.4253314799, 12.2212319983, 6.2135484547, 11.3527800014, 8.341474384, 17.6018703648, 7.8227200913, 17.2781007449, 20.3389057262, 5.0803961604, 1.5255487032, 18.2076186935, 6.5172054154, 16.7207261136, 14.5688853165, 6.483804031, 7.6096094525, 12.997004246, 11.080891766, 13.6719092255, 9.3524054452, 6.8679501648, 25.1438785746, 2.0181534436, 0.46976975986, 9.1047753931, 39.741077843, 3.6053604187, 29.9172256886, 7.228168228]
    ]
  ],
  "prob": [
    [0.67883907936, 0.1109643189, 0.15149064501, 0.058705956719],
    [0.025108433181, 0.012730431053, 0.90555649313, 0.056604642632],
    [0.021585558722, 0.87550629028, 0.047763476086, 0.055144674912],
    [0.0074400410257, 0.042109525323, 0.8433364561, 0.10711397755],
    [0.067118706098, 0.24528579595, 0.50598053044, 0.18161496751]
  ],
  "iterations": 105,
  "time": 0.000229,
  "message": "Converged",
  "status": 0,
  "miniter": 0,
  "maxiter": 1000,
  "maxtime": 3600,
  "param_threshold": 0.001,
  "ll_threshold": "-Inf",
  "initial_prob": "group_proportional",
  "adjust_prob_cond_method": "project_lp",
  "adjust_prob_cond_every": false,
  "candidates_id": ["HORROCKS, Virginia Jacqueline Ormond.c", "QUINN, Bernard Paul.c", "MALLARD, Trevor Colin.c", "Other candidates votes.c"],
  "group_id": ["Green Party.p", "Labour Party.p", "National Party.p", "New Zealand First Party.p", "Other parties votes.p"]
}
