{
  "Z_true": {},
  "V_true": [
    [24, 979, 222, 430],
    [913, 153, 740, 142],
    [378, 585, 13842, 803],
    [43, 6477, 422, 365],
    [125, 1302, 1412, 1053],
    [40, 974, 923, 553],
    [125, 386, 1031, 1012]
  ],
  "p_true": [
    [0.0145, 0.5915, 0.1341, 0.2598],
    [0.4687, 0.0785, 0.3799, 0.0729],
    [0.0242, 0.0375, 0.8869, 0.0514],
    [0.0059, 0.8864, 0.0578, 0.05],
    [0.0321, 0.3345, 0.3628, 0.2706],
    [0.0161, 0.3912, 0.3707, 0.2221],
    [0.0489, 0.1511, 0.4037, 0.3962]
  ],
  "Z_est": [
    [
      [0.0218, 0.0321, 0.0161, 0, 0.0195, 0.0069, 0.0344, 0.0505, 0.0471, 0.0161, 0.0654, 0.0023, 0.0275, 0.0367, 0.0195, 0.0287, 0.0425, 0.0241, 0.0126, 0.0287, 0.078, 0.0574, 0.0746, 0.0872, 0, 0.0792, 0, 0.0023, 0.0092, 0.023, 0.0792, 0.0241, 0.124, 0.0884, 0, 0.101, 0.062, 0.0126, 0.8156, 0.0057, 0.0941, 0.0207, 0.124, 0],
      [16.6654, 24.5595, 12.2797, 25.4699, 14.9111, 5.2627, 26.3137, 38.5935, 35.9621, 12.2797, 49.9961, 1.7542, 21.051, 28.068, 14.9111, 21.9281, 32.4536, 18.4196, 9.6484, 21.9281, 59.6445, 43.8562, 57.0131, 66.6615, 53.5746, 60.5216, 9.6484, 1.7542, 7.017, 17.5425, 60.5216, 18.4196, 94.7295, 67.5386, 59.7225, 77.187, 47.3647, 9.6484, 0.0627, 4.3856, 71.9242, 15.7882, 94.7295, 19.322],
      [0, 0, 0, 0, 0, 0, 0, 0, 0, 0, 0, 0, 0, 0, 0, 0, 0, 0, 0, 0, 0, 0, 0, 0, 0, 0, 0.0126, 0, 0, 0, 0, 0, 0, 0, 0, 0, 0, 0, 0, 0, 0, 0, 0, 0],
      [2.3128, 3.4084, 1.7042, 3.5301, 2.0694, 0.7304, 3.6518, 5.356, 4.9908, 1.7042, 6.9385, 0.2435, 2.9215, 3.8953, 2.0694, 3.0432, 4.5039, 2.5563, 1.339, 3.0432, 8.2775, 6.0864, 7.9123, 9.2513, 7.4254, 8.3992, 1.339, 0.2435, 0.9738, 2.4346, 8.3992, 2.5563, 13.1466, 9.373, 8.2775, 10.712, 6.5733, 1.339, 0.1217, 0.6086, 9.9817, 2.1911, 13.1466, 2.678]
    ],
    [
      [20.265, 25.8553, 16.771, 15.2905, 16.9805, 20.265, 43.3251, 25.8553, 60.7949, 16.0722, 40.9346, 13.9758, 24.4577, 30.0481, 5.5903, 23.7589, 41.9275, 31.2529, 19.9739, 20.9638, 45.4215, 43.3251, 33.542, 40.53, 35, 46.8191, 2, 1.9977, 6.9879, 23.7589, 52.1978, 19.5662, 36.3372, 26.5541, 33, 56.6022, 53.807, 23.0602, 0, 8.3855, 58.9059, 25.1565, 129.9754, 11.8649],
      [0.818, 1.0437, 0.677, 2.8844, 0.7898, 0.818, 1.7488, 1.0437, 2.454, 0.6488, 1.6924, 0.5641, 0.9872, 1.2129, 0.2257, 0.959, 1.6924, 4.2766, 0.9308, 0.8462, 1.8334, 1.7488, 1.3539, 1.636, 4.258, 1.8899, 0.1128, 0.0846, 0.2821, 0.959, 2.3694, 0.7898, 1.4668, 1.0719, 1.896, 2.2848, 2.1719, 0.9308, 0, 0.3385, 7.054, 1.0154, 5.2465, 2.6751],
      [1.6334, 2.0839, 1.3517, 1.4081, 4.1627, 1.6334, 3.492, 2.0839, 4.9001, 1.2954, 4.3723, 1.1264, 1.9713, 2.4219, 0.4506, 1.915, 3.3793, 5.9865, 4.9449, 1.6897, 3.661, 3.492, 2.7035, 3.2667, 3.0414, 3.7736, 0.2253, 0.2676, 0.5632, 1.915, 11.2318, 1.577, 2.9288, 2.1403, 2.7035, 4.5621, 4.3368, 1.8586, 0, 0.6759, 5.3224, 2.0276, 10.476, 1.1264],
      [6.2837, 8.0171, 5.2003, 5.417, 6.067, 6.2837, 13.4341, 8.0171, 18.851, 4.9836, 13.0007, 4.3336, 7.5837, 9.3172, 1.7334, 7.3671, 13.0007, 11.4839, 7.1504, 6.5003, 14.0841, 13.4341, 10.4006, 12.5673, 11.7006, 14.5174, 1.6619, 0.65, 2.1668, 7.3671, 18.201, 6.067, 11.2673, 8.2338, 10.4006, 17.5509, 16.6842, 7.1504, 0, 2.6001, 19.7177, 7.8004, 40.3022, 4.3336]
    ],
    [
      [3.6916, 0.9364, 0, 0, 0, 9.6172, 20.7582, 0, 6.2861, 1.7711, 0, 2.6076, 0.0341, 1.8849, 0.3614, 7.2184, 5.8667, 0, 0, 0, 10.5958, 15.2285, 10.155, 5.1485, 0, 7.1756, 0, 0, 5.5615, 6.3313, 0, 0.1553, 1.843, 5.6358, 0, 10.4666, 2.3163, 5.1987, 0.1122, 8.0378, 0, 3.2592, 30.5136, 0],
      [9.9557, 14.3651, 4.5732, 4.159, 3.1254, 0, 0, 0, 0, 0, 0, 0, 10.5944, 0, 9.5679, 4.9056, 0, 17.1843, 4.6823, 11.3675, 0, 10.0383, 66.7083, 34.5318, 64.5096, 45.1457, 1.5231, 0.1324, 7.4142, 27.9574, 0, 15.3841, 9.0781, 36.1586, 47.7657, 33.0534, 16.3033, 5.7625, 0.0331, 35.7492, 29.2365, 31.04, 32.1377, 9.7804],
      [223.0428, 398.1593, 365.0826, 85.2977, 329.8011, 298.4089, 688.6849, 473.6396, 688.3482, 234.3863, 564.4072, 242.5768, 112.3715, 173.3624, 24.1935, 118.9141, 354.5138, 483.402, 207.7837, 223.1359, 545.3794, 345.1903, 500.6432, 483.9182, 465.9956, 438.8579, 40.4641, 3.5565, 25.5789, 229.4958, 227.354, 74.917, 392.6457, 358.307, 433.0952, 390.6389, 339.5352, 144.7938, 0, 221.1284, 782.2264, 184.203, 573.9683, 79.5408],
      [61.3099, 91.5392, 70.3441, 7.5433, 28.0735, 25.9739, 50.5568, 43.3604, 42.3657, 5.8426, 47.5928, 21.8156, 0, 17.7527, 2.8773, 13.9619, 13.6196, 18.4136, 18.534, 14.4966, 58.0248, 28.5429, 23.4934, 27.4015, 45.4948, 23.8208, 4.0129, 0.3111, 7.4454, 15.2154, 18.646, 16.5436, 41.4332, 16.8985, 38.1391, 23.8411, 22.8451, 5.245, 0.8547, 30.0847, 71.5371, 14.4978, 60.3804, 3.6788]
    ],
    [
      [0.5486, 0.8923, 0.1656, 0, 0, 5.6785, 1.3484, 0.6617, 1.5071, 0.3635, 0, 8.7048, 0.5685, 2.7127, 0.6572, 0.5751, 7.4066, 0, 0, 0, 7.7492, 1.0444, 2.4985, 1.6194, 0, 2.1086, 0, 0, 0.2049, 0.8395, 0, 0.4098, 2.135, 1.5798, 0, 2.4721, 1.0444, 0.3569, 0.0722, 1.3683, 0, 0.7866, 2.0425, 0],
      [75.0461, 122.063, 77.7586, 111.7144, 90.417, 58.5573, 174.8937, 260.0009, 166.0098, 48.5114, 229.8434, 11.9094, 78.2317, 122.8564, 75.4623, 78.6628, 117.3703, 136.5297, 47.921, 112.1171, 213.5704, 142.8589, 341.7764, 221.5217, 261.3939, 288.4303, 50.2461, 4.5591, 28.0293, 114.8296, 130.5193, 56.0586, 292.047, 216.0967, 343.3641, 338.1597, 142.8589, 48.8252, 0.9042, 187.1632, 386.9849, 107.5963, 279.3886, 54.6468],
      [5.4476, 8.8606, 5.6445, 1.315, 6.5634, 5.9727, 22.9464, 45.9314, 55.1056, 4.8278, 53.2415, 8.6783, 5.6445, 19.9166, 0, 5.7102, 8.9919, 10.9088, 3.8289, 8.9582, 15.9491, 10.3702, 24.8097, 16.0803, 18.837, 20.9372, 3.6755, 4.2984, 2.0347, 8.3355, 13.99, 4.0693, 21.1998, 15.6865, 24.744, 24.5471, 10.3702, 3.5442, 0, 13.5862, 30.9204, 7.8104, 20.2809, 3.938],
      [1.9576, 3.1841, 2.4312, 0.9707, 3.0196, 20.7916, 4.8115, 7.406, 5.3776, 1.2972, 6.915, 0.7076, 1.5554, 3.5143, 1.8805, 2.052, 3.2313, 3.5615, 1.25, 2.9246, 5.7314, 3.7266, 8.9154, 5.7785, 6.7691, 7.5239, 2.0784, 0.1424, 0.7312, 2.9954, 3.4907, 1.4623, 7.6182, 5.637, 8.8919, 8.8211, 3.7266, 1.2736, 0.0236, 4.8823, 10.0947, 2.8067, 7.288, 1.4151]
    ],
    [
      [0, 0, 0, 0, 0, 0, 0, 0, 0, 0, 0, 0, 0, 0, 0, 0, 0, 0, 0, 0, 0, 0, 0, 0, 0, 0, 0, 0, 0, 0, 0, 0, 0, 0, 0, 0, 0, 0, 0, 0, 0, 0, 0, 0],
      [0, 0, 0, 0, 0, 0, 0, 0, 0, 0, 0, 0, 0, 0, 0, 0, 0, 0, 0, 0, 0, 0, 0, 0, 0, 0, 0, 0, 0, 0, 0, 0, 0, 0, 0, 0, 0, 0, 0, 0, 0, 0, 0, 0],
      [62.6713, 100.75, 82.504, 47.5984, 76.9508, 72.191, 145.1752, 137.2422, 137.2422, 35.6988, 143.5886, 38.0788, 29.3524, 71.3977, 11.8996, 41.252, 61.0847, 96.7835, 56.3248, 71.3977, 88.8504, 55.5315, 140.4154, 87.2638, 101.5433, 61.878, 15.8661, 0.7933, 5.5532, 65.0512, 46.8051, 26.9724, 114.2363, 60.2914, 110.2697, 103.13, 59.498, 40.4587, 0, 39.6654, 179.2875, 34.9055, 118.2028, 11.8996],
      [16.3287, 26.25, 21.496, 12.4016, 20.0492, 18.809, 37.8248, 35.7578, 35.7578, 9.3012, 37.4114, 9.9212, 7.6476, 18.6023, 3.1004, 10.748, 15.9153, 25.2165, 14.6752, 18.6023, 23.1496, 14.4685, 36.5846, 22.7362, 26.4567, 16.122, 4.1339, 0.2067, 1.4468, 16.9488, 12.1949, 7.0276, 29.7637, 15.7086, 28.7303, 26.87, 15.502, 10.5413, 0, 10.3346, 46.7125, 9.0945, 30.7972, 3.1004]
    ],
    [
      [0.473, 1.2838, 1.0473, 0.7095, 0, 2.4325, 2.5338, 2.4325, 2.3649, 0.777, 0, 0.7095, 0.9122, 1.3176, 0.3716, 1.4189, 1.7568, 1.723, 1.0135, 1.0075, 4.1554, 3.3446, 4.7298, 3.6149, 0, 3.8176, 0, 0, 0.2365, 1.0473, 1.723, 0.8446, 4.5608, 3.1419, 0, 4.3581, 2.7703, 0.3716, 0, 0.2027, 0, 0.777, 3.3446, 0.1351],
      [12.5148, 33.9688, 27.7114, 18.7722, 35.7567, 64.362, 67.0437, 64.362, 62.5741, 20.5601, 63.4681, 18.7722, 24.1357, 34.8627, 9.8331, 37.5445, 46.4836, 45.5897, 26.8175, 52.7411, 109.9517, 88.4977, 125.1483, 95.649, 99.2639, 101.0125, 4.4696, 4.4696, 6.2574, 27.7114, 45.5897, 22.3479, 120.6787, 83.1342, 112.2517, 115.3152, 73.3011, 9.8331, 0, 5.3635, 102.8004, 20.5601, 88.4977, 3.5757],
      [0.6519, 1.7695, 1.4436, 0.9779, 3.0895, 3.3528, 3.4925, 3.3528, 3.2597, 1.071, 5.7049, 0.9779, 1.2573, 1.8161, 0.5122, 1.9558, 2.4215, 2.3749, 1.397, 3.7331, 5.7277, 4.6101, 6.5193, 4.9826, 4.9826, 5.262, 0.2328, 0.4018, 0.326, 1.4436, 2.3749, 1.1642, 6.2865, 4.3307, 5.6345, 6.0071, 3.8185, 0.5122, 0, 0.2794, 9.2403, 1.071, 4.6101, 0.1863],
      [0.3603, 0.9779, 0.7977, 0.5404, 1.1538, 1.8528, 1.93, 1.8528, 1.8013, 0.5919, 1.8271, 0.5404, 0.6948, 1.0036, 0.2831, 1.0808, 1.3381, 1.3124, 0.772, 1.5183, 3.1652, 2.5476, 3.6026, 2.7534, 2.7534, 2.9078, 0.2976, 0.1287, 0.1801, 0.7977, 1.3124, 0.6433, 3.474, 2.3932, 3.1137, 3.3196, 2.1101, 0.2831, 0, 0.1544, 2.9593, 0.5919, 2.5476, 0.1029]
    ],
    [
      [0, 0, 0, 0, 0, 0, 0, 0, 0, 0, 0, 0, 0, 0, 0, 0, 0, 0, 0, 0, 0, 0, 0, 0, 0, 0, 0, 0, 0, 0, 0, 0, 0, 0, 0, 0, 0, 0, 0, 0, 0, 0, 0, 0],
      [0, 0, 0, 0, 0, 0, 0, 0, 0, 0, 0, 0, 0, 0, 0, 0, 0, 0, 0, 0, 0, 0, 0, 0, 0, 0, 0, 0, 0, 0, 0, 0, 0, 0, 0, 0, 0, 0, 0, 0, 0, 0, 0, 0],
      [23.553, 40.3766, 23.9736, 16.403, 37.4325, 29.4413, 49.209, 35.7501, 60.1443, 14.7206, 46.6854, 15.5618, 16.403, 18.0853, 2.9441, 9.253, 20.6089, 31.5442, 14.7206, 18.0853, 37.4325, 32.806, 34.9089, 34.4883, 28.6001, 22.2912, 2.5235, 1.6824, 2.9441, 27.7589, 17.2442, 14.3, 30.703, 17.2442, 23.553, 39.1148, 29.4413, 8.8324, 0, 17.6648, 45.0031, 15.9824, 58.4619, 6.3088],
      [32.447, 55.6234, 33.0264, 22.597, 51.5675, 40.5587, 67.791, 49.2499, 82.8557, 20.2794, 64.3146, 21.4382, 22.597, 24.9147, 4.0559, 12.747, 28.3911, 43.4558, 20.2794, 24.9147, 51.5675, 45.194, 48.0911, 47.5117, 39.3999, 30.7088, 3.4765, 2.3176, 4.0559, 38.2411, 23.7558, 19.7, 42.297, 23.7558, 32.447, 53.8852, 40.5587, 12.1676, 0, 24.3352, 61.9969, 22.0176, 80.5381, 8.6912]
    ]
  ],
  "V_est": [
    [2.4946, 1451.0335, 0.0126, 201.4592],
    [1329.1537, 69.7828, 126.179, 422.8844],
    [188.7683, 653.9239, 13570.9459, 1194.3618],
    [60.1226, 6447.7054, 608.5087, 190.6633],
    [0, 0, 3087.5521, 804.4479],
    [67.4608, 2233.5543, 124.616, 64.3689],
    [0, 0, 1074.1856, 1479.8144]
  ],
  "p_est": [
    [0.0015, 0.8768, 7.6281e-06, 0.1217],
    [0.6823, 0.0358, 0.0648, 0.2171],
    [0.0121, 0.0419, 0.8695, 0.0765],
    [0.0082, 0.8824, 0.0833, 0.0261],
    [0, 0, 0.7933, 0.2067],
    [0.0271, 0.897, 0.05, 0.0259],
    [0, 0, 0.4206, 0.5794]
  ],
  "EI_Z": {},
  "EI_V": 14.9674,
  "MAE_Z": {},
  "MAE_V": 379.0397,
  "MAE_p": 0.132,
  "runtime": 0.868
}
