{
  "Z_true": {},
  "V_true": [
    [32, 1385, 278, 4525, 240],
    [118, 1882, 1293, 13866, 499],
    [795, 285, 11053, 903, 370],
    [309, 185, 1395, 905, 636]
  ],
  "p_true": [
    [0.005, 0.2144, 0.043, 0.7005, 0.0372],
    [0.0067, 0.1066, 0.0732, 0.7853, 0.0283],
    [0.0593, 0.0213, 0.8245, 0.0674, 0.0276],
    [0.0901, 0.0539, 0.4067, 0.2638, 0.1854]
  ],
  "Z_est": [
    [
      [1.2342, 0.5085, 0.2265, 3.0185, 0.5732, 0.6102, 0.7581, 0, 0.3374, 0.6934, 2.1633, 0.379, 0.1572, 0, 0.0416, 0.3744, 0.6333, 0.4669, 0.587, 0.245, 0.1803, 0.6009, 0.7904, 1.0909, 0, 0.0832, 1.6271, 0.3097, 0.3051, 0, 0.1525, 0.2311, 0.0508, 0.074, 0.5917, 0.5085, 0.3282, 0.0416, 0.2496, 0.3374, 0.3929, 0.6564, 0.245, 0.1664, 0.3143, 0.2727, 1.9368, 0.3929, 2.8151, 1.6548],
      [91.3457, 36.323, 19.3853, 213.6392, 49.409, 46.2809, 59.6666, 22.7977, 31.7553, 52.4507, 181.8231, 36.0488, 12.6899, 2.7421, 2.5359, 32.0803, 54.0376, 30.6483, 44.0492, 21.1017, 14.9217, 44.9048, 53.9512, 76.4036, 0, 6.1698, 127.2142, 23.8285, 29.8739, 7.9837, 14.2464, 18.1742, 3.5978, 5.1389, 39.7303, 37.0136, 32.7963, 4.6388, 17.4734, 26.2304, 31.3795, 51.0898, 17.3033, 13.7208, 23.9987, 17.6334, 145.8632, 35.1779, 277.6326, 149.6439],
      [2.8102, 1.4591, 0.9361, 2.504, 1.345, 1.6366, 1.4534, 2.3627, 0.8643, 0.8786, 4.1507, 1.1484, 0.7391, 1.0231, 0.8524, 0.1531, 3.4549, 1.7842, 2.3207, 0.939, 0.0737, 2.8652, 1.879, 2.3158, 2.9831, 0.3152, 3.4394, 0.703, 0.434, 0.1456, 0.3295, 0.4272, 0.0864, 0.3139, 2.1061, 1.192, 0.1342, 0.017, 0.7581, 0.138, 0.1606, 2.9348, 0.6812, 0.5554, 0.8361, 0.9925, 6.2184, 1.0651, 6.3479, 4.1068],
      [171.3659, 71.58, 28.3795, 433.502, 72.5754, 83.3293, 101.9813, 39.7988, 39.9275, 95.8435, 279.5417, 44.3145, 20.3708, 3.6042, 5.5666, 48.2765, 78.7181, 68.0265, 79.8032, 30.606, 23.7681, 81.389, 114.2773, 156.0145, 2.0135, 11.4054, 219.4695, 42.0985, 35.3268, 11.8507, 18.2189, 31.1142, 7.2614, 10.4598, 85.4549, 71.1565, 37.6907, 4.2959, 35.4526, 46.2241, 52.9673, 87.221, 34.7074, 21.5111, 42.7809, 40.022, 264.6684, 48.3001, 321.6202, 202.3639],
      [0.2441, 0.1294, 0.0726, 0.3363, 0.0975, 0.143, 0.1407, 0.0407, 0.1154, 0.1338, 0.3212, 0.1092, 0.0431, 0.6306, 0.0035, 0.1156, 0.1561, 0.0742, 0.24, 0.1084, 0.0562, 0.2401, 0.1021, 0.1752, 0.0034, 0.0264, 0.2498, 0.0602, 0.0602, 0.02, 0.0527, 0.0532, 0.0036, 0.0134, 0.117, 0.1294, 0.0506, 0.0067, 0.0663, 0.0701, 0.0996, 0.098, 0.063, 0.0464, 0.07, 0.0794, 0.3133, 0.064, 0.5842, 0.2306]
    ],
    [
      [0, 7.4175, 1.4051, 3.0359, 0.2581, 9.6604, 1.7759, 0, 0, 1.6514, 0, 0, 1.0048, 0, 0.053, 2.4099, 5.2608, 1.2632, 0.7647, 0, 3.1335, 4.1335, 7.7235, 11.2542, 0, 1.2547, 4.1573, 0.2715, 0.3369, 0, 2.1921, 0.877, 0.4086, 3.4126, 0, 1.0661, 8.2323, 0.2124, 1.4195, 8.9062, 2.8782, 3.9538, 2.2957, 0, 2.728, 1.5113, 5.7468, 6.6613, 6.578, 18.0419],
      [39.7539, 13.6744, 11.8985, 82.312, 31.6387, 21.5109, 31.4063, 11.0135, 22.2767, 25.0333, 108.7837, 27.1122, 7.3101, 1.1439, 0.4641, 20.116, 34.9624, 7.0764, 19.256, 13.332, 9.0783, 21.0952, 16.6224, 26.8386, 0, 2.5617, 65.4617, 11.6848, 23.8953, 4.7568, 10.5481, 9.5909, 1.3351, 1.7352, 11.2503, 15.1264, 17.5631, 2.62, 5.9267, 13.7696, 17.6205, 26.9102, 6.1429, 7.8681, 11.3511, 4.3666, 65.6271, 24.0837, 221.9457, 104.5244],
      [41.9381, 21.9945, 12.1213, 13.3915, 26.9822, 19.1215, 22.0373, 7.2565, 14.9725, 7.1015, 68.1541, 20.1209, 9.1852, 3.2629, 2.4374, 24.9745, 45.6566, 33.5244, 35.5567, 33.0352, 12.606, 44.3935, 20.2494, 15.4705, 0.4181, 2.0305, 53.0635, 10.9403, 7.1123, 1.8635, 8.405, 13.1908, 0.4738, 4.3488, 20.7292, 11.3585, 17.1849, 1.4478, 5.3989, 27.3456, 13.6952, 36.2234, 4.1963, 7.0866, 5.11, 12.8478, 103.5069, 21.7894, 91.1137, 77.6077],
      [486.1633, 307.6952, 135.1818, 687.9867, 244.0537, 258.9279, 331.1465, 125.0155, 277.1554, 302.0262, 744.7061, 218.4793, 97.8574, 7.2477, 9.456, 228.4637, 527.3512, 263.96, 499.5235, 208.5742, 139.5851, 399.5118, 310.6437, 441.4673, 4.1841, 65.4369, 663.5462, 153.7864, 140.0079, 44.4955, 46.4009, 109.9761, 21.2402, 31.095, 295.6841, 265.7372, 152.3635, 20.4199, 118.9035, 239.2717, 214.9297, 398.2156, 117.5515, 74.3241, 183.0208, 151.7338, 951.1971, 184.0555, 1319.8882, 814.9234],
      [45.1447, 24.2185, 11.3933, 64.2739, 18.0673, 26.7793, 26.6339, 7.7145, 22.5954, 26.1877, 59.3561, 19.2876, 7.6426, 1.3454, 0.5895, 19.0359, 30.7689, 12.176, 45.8991, 21.0586, 10.5971, 36.866, 17.7611, 31.9694, 0.3978, 4.7162, 45.7713, 11.3169, 11.6476, 3.8842, 10.4539, 10.3652, 0.5423, 2.4085, 21.3364, 24.7117, 9.6562, 1.2999, 12.3514, 13.707, 16.8764, 18.697, 11.8136, 8.7212, 12.7902, 14.5405, 53.9221, 11.4101, 110.4745, 40.9027]
    ],
    [
      [30.7658, 24.0741, 9.3684, 22.9457, 16.1687, 29.7294, 17.466, 2, 1.6626, 10.6553, 39.8367, 10.621, 8.838, 0, 0.9054, 25.2157, 58.1059, 22.2699, 28.6482, 7.755, 24.6863, 31.2656, 31.4861, 40.6549, 0, 5.6621, 43.2156, 8.4188, 4.358, 1, 5.6554, 4.8918, 1.5405, 5.5135, 14.4083, 15.4255, 40.4395, 0.746, 11.3309, 32.7564, 29.7289, 62.3898, 11.4593, 2.8336, 17.9577, 19.216, 80.3164, 18.9458, 80.6069, 65.3033],
      [1.9004, 1.0026, 0.7162, 1.0488, 0.9523, 1.2082, 0.9271, 0.1888, 1.9679, 0.516, 5.3932, 0.839, 0, 0.1139, 0, 0.8037, 0, 1.2753, 1.6948, 0.5663, 0, 0, 1.4264, 1.7578, 0, 0.2685, 2.3241, 0.4866, 0.2307, 0.2596, 0.2056, 0.2349, 0.0671, 0.1259, 1.0194, 0.86, 9.6406, 1.7412, 0.5999, 0, 0, 0, 0.5538, 0.4111, 0.6502, 0, 4.5098, 0.7383, 4.4217, 2.8317],
      [388.8851, 203.6431, 148.0566, 214.4048, 191.0105, 240.4427, 191.3288, 40.6461, 119.7016, 102.9251, 549.3493, 171.4286, 118.5676, 3.714, 10.5784, 276.8171, 567.0483, 264.9502, 348.9318, 120.8718, 250.6856, 444.9064, 276.7976, 337.009, 8.5965, 47.1435, 471.6672, 98.3736, 48.0455, 17.6865, 41.0314, 48.4645, 11.7564, 23.0703, 203.7116, 170.8675, 267.1338, 48.3643, 116.5654, 289.3591, 301.4838, 475.3069, 104.3076, 85.1207, 123.8229, 153.044, 918.987, 148.7455, 890.3613, 577.8309],
      [28.1971, 8.8484, 20.6395, 10.103, 17.5086, 14.8943, 9.9542, 1.8956, 11.8531, 8.1667, 39.5987, 14.2777, 17.7177, 0.1481, 0.4443, 6.5538, 82.8458, 13.6833, 22.3048, 4.998, 25.9321, 34.5369, 28.2531, 37.0682, 0.1399, 10.5348, 33.4741, 8.0261, 2.0362, 0.9341, 1.8141, 2.0733, 2.5401, 1.1107, 21.8002, 16.619, 9.7861, 2.1484, 13.6471, 25.8845, 20.9211, 61.3033, 14.8886, 9.0475, 11.6405, 14.3913, 64.7467, 6.516, 72.2957, 24.9902],
      [3.2516, 1.4318, 3.2193, 1.4977, 1.3599, 1.7254, 1.324, 0.2696, 0.8148, 0.7369, 3.8222, 2.8337, 0.8767, 0.024, 0.0719, 3.6096, 0, 1.8212, 2.4203, 0.8088, 0.696, 11.2911, 2.0369, 2.5102, 0.2637, 0.3911, 3.3189, 0.6949, 0.3295, 0.1198, 0.2936, 0.3355, 0.0959, 0.1797, 2.0605, 1.2281, 0, 0, 0.8567, 0, 2.8661, 0, 0.7908, 0.5871, 0.9286, 1.3488, 6.4401, 1.0544, 6.3143, 4.0438]
    ],
    [
      [0, 0, 0, 0, 0, 0, 0, 0, 0, 0, 0, 0, 0, 0, 0, 0, 0, 0, 0, 0, 0, 0, 0, 0, 0, 0, 0, 0, 0, 0, 0, 0, 0, 0, 0, 0, 0, 0, 0, 0, 0, 0, 0, 0, 0, 0, 0, 0, 0, 0],
      [0, 0, 0, 0, 0, 0, 0, 0, 0, 0, 0, 0, 0, 0, 0, 0, 0, 0, 0, 0, 0, 0, 0, 0, 0, 0, 0, 0, 0, 0, 0, 0, 0, 0, 0, 0, 0, 0, 0, 0, 0, 0, 0, 0, 0, 0, 0, 0, 0, 0],
      [58.3666, 39.9034, 18.886, 40.6996, 17.6624, 34.7992, 29.1805, 7.7347, 19.4616, 16.0948, 75.3459, 19.3021, 15.5082, 0, 1.1318, 57.0553, 65.8402, 39.7412, 57.1909, 24.154, 12.6347, 66.8349, 33.0741, 44.2047, 1.0023, 10.5109, 63.8298, 12.9831, 10.4082, 3.3044, 7.2341, 8.9175, 1.6834, 7.2671, 24.4531, 26.582, 29.5471, 3.1709, 17.2776, 29.1574, 34.6603, 54.535, 14.8149, 11.2373, 21.231, 21.1158, 129.2877, 21.4, 121.1771, 72.4545],
      [54.2738, 37.8764, 12.7992, 41.4083, 9.8623, 31.8485, 25.9181, 8.2902, 17.064, 10.9636, 54.1535, 10.9285, 13.0542, 0, 0.5331, 44.7059, 40.0848, 44.3302, 62.3685, 27.8217, 11.7146, 66.5623, 20.826, 35.4501, 0.6626, 18.6229, 47.5102, 8.089, 13.6291, 3.7196, 5.5661, 7.8364, 1.9583, 4.3346, 13.0609, 26.4873, 18.1597, 2.1357, 17.9968, 21.6197, 24.1818, 35.2601, 13.8525, 8.1173, 28.5577, 17.8529, 124.3879, 19.1284, 83.1959, 43.7225],
      [24.3596, 13.2203, 7.3147, 31.8921, 9.4753, 14.3523, 13.9013, 3.9751, 11.4744, 12.9416, 31.5006, 10.7694, 4.4376, 0, 0.3351, 12.2388, 16.075, 7.9286, 24.4407, 11.0242, 5.6507, 24.6028, 10.1, 17.3452, 0.3351, 2.8663, 24.66, 5.9279, 5.9627, 1.976, 5.1998, 5.2461, 0.3583, 1.3984, 11.486, 12.9307, 5.2932, 0.6934, 6.7256, 7.2229, 10.1579, 10.205, 6.3326, 4.6454, 7.2113, 8.0313, 32.3245, 6.4715, 57.6269, 22.823]
    ]
  ],
  "V_est": [
    [29.4079, 2388.545, 77.3705, 3958.2159, 6.4606],
    [145.3474, 1291.9753, 1114.0325, 14034.5678, 1072.0769],
    [1079.2446, 56.4797, 11273.5478, 913.7326, 82.9953],
    [0, 0, 1554.0491, 1292.4837, 583.4672]
  ],
  "p_est": [
    [0.0046, 0.3697, 0.012, 0.6127, 0.001],
    [0.0082, 0.0732, 0.0631, 0.7948, 0.0607],
    [0.0805, 0.0042, 0.8409, 0.0682, 0.0062],
    [0, 0, 0.4531, 0.3768, 0.1701]
  ],
  "EI_Z": {},
  "EI_V": 6.9214,
  "MAE_Z": {},
  "MAE_V": 283.4595,
  "MAE_p": 0.0397,
  "runtime": 1.393
}
