{
  "X": [
    [4, 11, 11, 2],
    [4, 7, 10, 1],
    [1, 5, 3, 1],
    [5, 10, 12, 1],
    [5, 15, 13, 2],
    [3, 8, 24, 1],
    [11, 12, 17, 1],
    [3, 3, 10, 0],
    [0, 3, 3, 0],
    [2, 5, 3, 0],
    [2, 5, 8, 1],
    [2, 5, 0, 0],
    [4, 22, 15, 1],
    [4, 10, 13, 1],
    [0, 5, 19, 0],
    [8, 31, 36, 3],
    [1, 5, 13, 2],
    [4, 2, 7, 1],
    [2, 4, 1, 0],
    [7, 13, 13, 1],
    [1, 10, 13, 0],
    [3, 11, 17, 2],
    [1, 8, 4, 1],
    [0, 4, 7, 0],
    [3, 4, 13, 1],
    [8, 28, 22, 1],
    [2, 17, 18, 1],
    [5, 15, 15, 1],
    [3, 3, 10, 2],
    [5, 11, 20, 1],
    [1, 21, 11, 1],
    [2, 23, 11, 2],
    [1, 14, 11, 0],
    [9, 27, 22, 1],
    [1, 4, 9, 0],
    [2, 6, 2, 0],
    [0, 3, 4, 2],
    [4, 14, 38, 1],
    [2, 2, 3, 0],
    [5, 12, 13, 1],
    [3, 14, 12, 0],
    [7, 34, 59, 8],
    [4, 32, 25, 1],
    [4, 26, 34, 4],
    [3, 27, 19, 2],
    [0, 9, 9, 0],
    [3, 13, 17, 0],
    [0, 4, 3, 0],
    [3, 3, 12, 0],
    [2, 8, 6, 2],
    [6, 9, 19, 0],
    [0, 5, 4, 0],
    [6, 16, 7, 0],
    [2, 8, 10, 0],
    [0, 2, 7, 0],
    [5, 8, 11, 0],
    [5, 10, 1, 0],
    [17, 38, 51, 0],
    [3, 8, 8, 0],
    [4, 21, 20, 2],
    [5, 9, 10, 1],
    [2, 1, 5, 1],
    [1, 5, 3, 0],
    [6, 33, 29, 0],
    [3, 13, 11, 2],
    [15, 25, 33, 0],
    [3, 7, 6, 0],
    [3, 12, 14, 0],
    [1, 12, 7, 1],
    [1, 11, 26, 3],
    [8, 3, 11, 2],
    [3, 8, 6, 0],
    [0, 7, 5, 0],
    [0, 13, 2, 0],
    [2, 8, 3, 1],
    [1, 5, 3, 0],
    [2, 1, 4, 0],
    [2, 6, 11, 1],
    [6, 11, 11, 3],
    [2, 8, 7, 0],
    [3, 6, 6, 2],
    [2, 9, 4, 2],
    [1, 7, 3, 3],
    [1, 8, 5, 1],
    [2, 12, 4, 0],
    [0, 3, 1, 2],
    [0, 4, 4, 1],
    [2, 3, 3, 0],
    [3, 37, 24, 2],
    [4, 18, 14, 1],
    [1, 11, 10, 3],
    [2, 3, 8, 0],
    [1, 12, 8, 1],
    [1, 3, 10, 2],
    [1, 5, 6, 1],
    [5, 17, 14, 0],
    [3, 8, 3, 0],
    [0, 3, 4, 0],
    [1, 8, 8, 1],
    [6, 8, 10, 2],
    [2, 6, 11, 1],
    [0, 1, 6, 0],
    [0, 2, 4, 0],
    [0, 1, 9, 1],
    [0, 6, 5, 1],
    [3, 27, 24, 2],
    [1, 4, 2, 0],
    [1, 4, 9, 1],
    [5, 7, 7, 0],
    [7, 4, 8, 0],
    [3, 8, 6, 0],
    [3, 10, 8, 0],
    [0, 1, 5, 0],
    [5, 12, 20, 1],
    [4, 5, 7, 0],
    [6, 17, 17, 0],
    [1, 3, 8, 0],
    [0, 9, 1, 0],
    [4, 11, 10, 1],
    [3, 4, 5, 2],
    [1, 3, 2, 0],
    [2, 3, 5, 0],
    [5, 17, 11, 2],
    [2, 8, 9, 0],
    [1, 4, 4, 0],
    [6, 18, 10, 3],
    [2, 8, 10, 1],
    [3, 4, 3, 0],
    [6, 29, 17, 0],
    [2, 4, 4, 0],
    [0, 5, 4, 0],
    [1, 8, 5, 1],
    [0, 10, 4, 0],
    [1, 4, 1, 0],
    [1, 5, 3, 1],
    [0, 5, 4, 0],
    [1, 5, 3, 0],
    [5, 11, 6, 1],
    [0, 4, 9, 1],
    [1, 7, 8, 0],
    [2, 9, 8, 1],
    [0, 3, 4, 1],
    [1, 10, 5, 0],
    [2, 15, 9, 0],
    [2, 8, 9, 0],
    [4, 11, 15, 1],
    [2, 12, 16, 0],
    [6, 14, 35, 2],
    [2, 4, 2, 0],
    [5, 15, 9, 3],
    [3, 6, 4, 0],
    [0, 8, 7, 1],
    [1, 3, 3, 0],
    [3, 12, 5, 0],
    [0, 9, 6, 0],
    [3, 8, 3, 0],
    [1, 3, 5, 0],
    [0, 4, 3, 0],
    [1, 8, 10, 1],
    [3, 11, 9, 1],
    [0, 3, 4, 0],
    [0, 2, 4, 0],
    [2, 5, 5, 0],
    [4, 10, 12, 0],
    [1, 12, 9, 1],
    [1, 6, 6, 1],
    [1, 4, 3, 0],
    [1, 2, 5, 0],
    [1, 5, 8, 1],
    [7, 10, 6, 0],
    [0, 9, 3, 0],
    [2, 6, 6, 0],
    [2, 18, 5, 1],
    [6, 9, 13, 4],
    [2, 8, 1, 0],
    [6, 9, 10, 0],
    [2, 1, 6, 0],
    [4, 7, 11, 0],
    [2, 2, 5, 0],
    [3, 2, 4, 1],
    [0, 5, 1, 1],
    [0, 4, 6, 0],
    [6, 17, 20, 0],
    [2, 8, 10, 0],
    [1, 4, 11, 1],
    [1, 4, 6, 0],
    [5, 4, 6, 0],
    [2, 11, 17, 1],
    [3, 35, 26, 0],
    [3, 6, 8, 0],
    [2, 5, 10, 0],
    [1, 5, 9, 0],
    [2, 6, 7, 0],
    [5, 8, 13, 1],
    [2, 1, 10, 0],
    [1, 8, 11, 2],
    [0, 8, 5, 0],
    [10, 47, 43, 4],
    [3, 8, 14, 1],
    [9, 48, 58, 2],
    [2, 43, 44, 3],
    [5, 14, 15, 1],
    [2, 9, 11, 0],
    [3, 55, 69, 2],
    [6, 27, 22, 0],
    [0, 4, 2, 0],
    [1, 5, 6, 1],
    [3, 3, 6, 0],
    [0, 4, 3, 1],
    [0, 3, 4, 0],
    [1, 7, 9, 0],
    [2, 15, 12, 3],
    [4, 8, 11, 0],
    [3, 20, 20, 4],
    [0, 6, 5, 1],
    [0, 4, 3, 0],
    [0, 1, 8, 2],
    [4, 2, 3, 0],
    [1, 17, 10, 0],
    [2, 7, 14, 1],
    [0, 4, 11, 1],
    [0, 4, 3, 1],
    [1, 5, 8, 0],
    [1, 4, 6, 0],
    [2, 2, 7, 0],
    [1, 5, 7, 0],
    [2, 3, 8, 0],
    [0, 4, 1, 1],
    [4, 11, 16, 0],
    [2, 3, 2, 0],
    [1, 6, 10, 1],
    [4, 4, 7, 0],
    [1, 3, 3, 0],
    [0, 7, 8, 0],
    [2, 4, 3, 1],
    [3, 3, 8, 0],
    [3, 66, 28, 8],
    [2, 25, 19, 2],
    [0, 5, 2, 0],
    [1, 5, 5, 0],
    [0, 1, 3, 2],
    [1, 20, 14, 1],
    [4, 28, 18, 0],
    [2, 36, 17, 4],
    [3, 22, 12, 2],
    [4, 16, 13, 4],
    [3, 22, 25, 0],
    [6, 46, 31, 4],
    [0, 11, 4, 2],
    [0, 5, 6, 0],
    [3, 6, 12, 0],
    [3, 11, 9, 0],
    [3, 6, 5, 1],
    [4, 10, 8, 0],
    [0, 7, 6, 2],
    [1, 4, 4, 0],
    [0, 10, 11, 0],
    [4, 17, 12, 1],
    [1, 7, 10, 2],
    [2, 15, 9, 1],
    [2, 13, 16, 4],
    [1, 4, 7, 1],
    [1, 5, 4, 1],
    [3, 22, 8, 0],
    [4, 28, 17, 3],
    [2, 6, 5, 0],
    [1, 6, 8, 1],
    [4, 17, 10, 0],
    [2, 12, 8, 0],
    [3, 33, 59, 2],
    [2, 8, 7, 1],
    [1, 4, 4, 0],
    [4, 6, 7, 0],
    [1, 8, 5, 0],
    [0, 2, 4, 0],
    [0, 6, 2, 1],
    [1, 2, 1, 2],
    [3, 12, 18, 0],
    [6, 25, 28, 2],
    [3, 4, 3, 2],
    [1, 5, 6, 0],
    [0, 6, 0, 0],
    [2, 11, 9, 0],
    [0, 2, 3, 1],
    [2, 7, 8, 1],
    [0, 2, 5, 0],
    [1, 10, 8, 0],
    [1, 6, 7, 0],
    [6, 18, 28, 4],
    [2, 16, 17, 1],
    [2, 10, 4, 1],
    [5, 25, 11, 2],
    [3, 29, 28, 4],
    [2, 9, 4, 0],
    [1, 8, 15, 0],
    [1, 6, 3, 0],
    [2, 12, 5, 1],
    [6, 14, 13, 1],
    [0, 2, 7, 0],
    [1, 5, 8, 1],
    [1, 4, 2, 1],
    [1, 6, 3, 0],
    [4, 5, 3, 1],
    [0, 5, 3, 2],
    [1, 2, 6, 0],
    [0, 1, 11, 0],
    [3, 10, 9, 0],
    [4, 17, 10, 0],
    [0, 3, 2, 2],
    [1, 11, 15, 0],
    [4, 24, 21, 1],
    [0, 3, 4, 0],
    [1, 3, 3, 0],
    [0, 0, 7, 1],
    [3, 19, 18, 2],
    [1, 13, 19, 3],
    [2, 8, 10, 0],
    [0, 3, 3, 0],
    [2, 2, 2, 0],
    [5, 10, 15, 3],
    [1, 5, 1, 0],
    [2, 10, 6, 0],
    [5, 17, 17, 0],
    [0, 6, 4, 1],
    [2, 3, 3, 0],
    [1, 5, 19, 1],
    [1, 0, 5, 2],
    [2, 1, 3, 0],
    [3, 4, 6, 0],
    [6, 4, 10, 1],
    [0, 5, 5, 0],
    [2, 3, 3, 1],
    [5, 15, 21, 2],
    [4, 15, 12, 2],
    [3, 11, 16, 1],
    [0, 13, 14, 0],
    [4, 4, 9, 0],
    [3, 12, 11, 1],
    [2, 18, 14, 1],
    [2, 6, 10, 1],
    [10, 29, 42, 2],
    [0, 3, 4, 1],
    [2, 5, 3, 0],
    [1, 1, 14, 1],
    [2, 10, 9, 1],
    [0, 7, 8, 0],
    [0, 4, 5, 1],
    [2, 18, 28, 4],
    [8, 8, 18, 4],
    [2, 30, 43, 1],
    [1, 13, 8, 2],
    [5, 18, 22, 1],
    [0, 4, 3, 0],
    [0, 9, 14, 1],
    [2, 6, 5, 0],
    [2, 11, 15, 2],
    [7, 28, 18, 1],
    [5, 17, 27, 1],
    [4, 14, 43, 0],
    [1, 8, 20, 0],
    [1, 10, 11, 0],
    [1, 3, 3, 0],
    [0, 9, 16, 0],
    [1, 5, 3, 0],
    [3, 21, 29, 2],
    [1, 11, 6, 0],
    [1, 29, 32, 0],
    [0, 7, 14, 0],
    [4, 17, 20, 2],
    [3, 15, 19, 0],
    [3, 10, 12, 0],
    [6, 7, 9, 0],
    [1, 4, 3, 0],
    [3, 6, 3, 0],
    [5, 32, 26, 2],
    [1, 2, 3, 0],
    [2, 4, 5, 0],
    [1, 2, 5, 1],
    [1, 5, 13, 0],
    [5, 9, 10, 1],
    [0, 2, 7, 0],
    [7, 38, 40, 4],
    [6, 24, 22, 3],
    [7, 20, 11, 1],
    [7, 2, 9, 1],
    [2, 3, 2, 0],
    [2, 7, 7, 0],
    [1, 8, 12, 0],
    [1, 6, 2, 0],
    [7, 3, 8, 1],
    [3, 9, 12, 1],
    [3, 3, 8, 1],
    [1, 5, 6, 1],
    [8, 5, 5, 0],
    [4, 7, 6, 2],
    [1, 11, 14, 1],
    [3, 9, 7, 1],
    [4, 31, 32, 0],
    [2, 6, 7, 0],
    [3, 18, 18, 1],
    [11, 30, 21, 1],
    [8, 27, 27, 2],
    [7, 10, 14, 2],
    [4, 15, 13, 0],
    [2, 4, 9, 0],
    [4, 17, 13, 1],
    [1, 10, 17, 2],
    [3, 2, 6, 1],
    [0, 4, 5, 0],
    [0, 3, 4, 0],
    [0, 9, 11, 1],
    [1, 6, 2, 0],
    [1, 4, 2, 0],
    [3, 6, 5, 2],
    [1, 3, 2, 0],
    [3, 12, 6, 2],
    [3, 11, 6, 5],
    [4, 13, 8, 1],
    [0, 9, 3, 0],
    [0, 8, 4, 1],
    [5, 5, 4, 0],
    [2, 6, 5, 0],
    [2, 7, 1, 0],
    [0, 7, 4, 0],
    [0, 3, 3, 1],
    [2, 9, 3, 3],
    [0, 2, 4, 0],
    [2, 13, 7, 0],
    [1, 18, 5, 0],
    [0, 10, 8, 0],
    [2, 8, 2, 2],
    [0, 6, 7, 0],
    [2, 4, 2, 0],
    [1, 2, 2, 1],
    [1, 5, 3, 0],
    [3, 14, 7, 2],
    [2, 5, 2, 2],
    [1, 7, 3, 0],
    [2, 8, 9, 2],
    [1, 3, 3, 0],
    [8, 14, 21, 1],
    [1, 13, 17, 1],
    [1, 12, 17, 0],
    [9, 13, 20, 6],
    [1, 1, 4, 0],
    [3, 3, 6, 0],
    [2, 8, 13, 0],
    [4, 10, 14, 0],
    [5, 8, 20, 0],
    [4, 26, 26, 0],
    [3, 10, 4, 0],
    [5, 12, 23, 0],
    [7, 16, 34, 1],
    [2, 8, 12, 0],
    [2, 8, 6, 0],
    [8, 18, 32, 1],
    [2, 12, 19, 1],
    [0, 2, 16, 1],
    [3, 6, 21, 0],
    [3, 9, 14, 1],
    [4, 13, 37, 1],
    [1, 3, 10, 0],
    [3, 10, 12, 1],
    [0, 11, 8, 0],
    [6, 7, 16, 0],
    [3, 9, 9, 1],
    [9, 28, 45, 6],
    [1, 3, 4, 0],
    [1, 4, 11, 2],
    [2, 13, 24, 1],
    [0, 1, 3, 3],
    [2, 16, 19, 1],
    [2, 11, 13, 0],
    [5, 25, 21, 0],
    [3, 2, 5, 0],
    [1, 3, 6, 1],
    [1, 5, 14, 0],
    [2, 22, 36, 1],
    [1, 2, 4, 0],
    [1, 1, 5, 0],
    [2, 11, 4, 0],
    [2, 16, 14, 2],
    [1, 7, 7, 0],
    [4, 4, 5, 0],
    [1, 3, 1, 1],
    [0, 6, 5, 0],
    [0, 3, 4, 0],
    [2, 3, 9, 2],
    [4, 7, 6, 0],
    [4, 12, 6, 1],
    [2, 5, 2, 0],
    [1, 5, 9, 0],
    [1, 8, 11, 1],
    [2, 3, 3, 3],
    [1, 7, 8, 0],
    [0, 2, 3, 1],
    [2, 6, 5, 0],
    [6, 28, 29, 2],
    [3, 4, 8, 1],
    [2, 4, 1, 0],
    [1, 1, 6, 0],
    [5, 18, 15, 2],
    [2, 3, 3, 1],
    [0, 9, 8, 0],
    [2, 17, 22, 0],
    [0, 6, 4, 0],
    [3, 3, 2, 1],
    [7, 24, 15, 3],
    [6, 25, 20, 0],
    [2, 25, 16, 1],
    [1, 27, 19, 1],
    [1, 5, 2, 2],
    [2, 2, 6, 0],
    [2, 9, 3, 0],
    [1, 6, 11, 0],
    [3, 4, 8, 4],
    [3, 3, 7, 0],
    [0, 7, 13, 0],
    [5, 9, 4, 1],
    [1, 4, 5, 0],
    [1, 8, 10, 0],
    [1, 5, 8, 2],
    [2, 16, 27, 3],
    [2, 8, 1, 0],
    [5, 15, 13, 1],
    [3, 2, 6, 0],
    [2, 26, 26, 1],
    [0, 4, 4, 0],
    [4, 4, 8, 0],
    [7, 17, 12, 0],
    [3, 5, 7, 0],
    [3, 7, 7, 0],
    [0, 6, 9, 0],
    [1, 2, 5, 0],
    [7, 15, 16, 2],
    [1, 2, 2, 1],
    [2, 2, 2, 0],
    [3, 4, 2, 0],
    [2, 2, 7, 1],
    [1, 3, 5, 0],
    [0, 3, 7, 0],
    [2, 4, 4, 0],
    [0, 3, 4, 0],
    [2, 6, 3, 0],
    [1, 5, 1, 1],
    [1, 5, 2, 0],
    [0, 8, 5, 1],
    [4, 11, 9, 1],
    [2, 5, 6, 0],
    [1, 8, 1, 0],
    [0, 10, 7, 1],
    [0, 6, 8, 0],
    [1, 7, 1, 0],
    [1, 2, 3, 1],
    [0, 16, 1, 2],
    [1, 3, 3, 0],
    [0, 6, 6, 0],
    [4, 4, 9, 1],
    [7, 9, 3, 0],
    [4, 4, 4, 0],
    [2, 2, 4, 0],
    [2, 7, 10, 0],
    [3, 6, 5, 0],
    [2, 5, 5, 1],
    [1, 7, 2, 0],
    [5, 14, 30, 0],
    [2, 3, 12, 0],
    [3, 5, 9, 0],
    [2, 7, 12, 0],
    [2, 7, 5, 0],
    [3, 12, 21, 1],
    [1, 5, 9, 2],
    [1, 8, 10, 0],
    [5, 3, 8, 0],
    [4, 2, 11, 0],
    [0, 5, 4, 0],
    [2, 2, 12, 0],
    [7, 25, 27, 0],
    [2, 5, 9, 0],
    [1, 3, 5, 0],
    [0, 6, 7, 0],
    [1, 10, 10, 0],
    [0, 2, 5, 1],
    [1, 16, 22, 0],
    [2, 5, 12, 1],
    [3, 5, 7, 0],
    [2, 3, 1, 0],
    [9, 24, 27, 0],
    [5, 26, 24, 4],
    [6, 33, 41, 1],
    [2, 10, 14, 0],
    [2, 6, 7, 0],
    [6, 13, 31, 1],
    [4, 3, 4, 1],
    [1, 14, 25, 1],
    [3, 9, 8, 2],
    [0, 7, 16, 2],
    [0, 4, 2, 0],
    [1, 17, 14, 2],
    [1, 6, 2, 0],
    [3, 10, 17, 1],
    [0, 5, 2, 0],
    [0, 4, 2, 0],
    [1, 1, 4, 0],
    [0, 2, 4, 1],
    [2, 7, 4, 1],
    [1, 3, 8, 0],
    [3, 4, 6, 1],
    [1, 2, 5, 2],
    [0, 2, 6, 0],
    [3, 8, 2, 0],
    [2, 10, 17, 0],
    [6, 21, 15, 1],
    [3, 4, 8, 0],
    [0, 9, 6, 1],
    [0, 2, 5, 1],
    [1, 1, 8, 1],
    [1, 4, 5, 1],
    [3, 4, 1, 0],
    [2, 3, 1, 0],
    [6, 9, 16, 0],
    [13, 47, 43, 3],
    [9, 12, 17, 1],
    [0, 1, 5, 1],
    [1, 5, 6, 0],
    [0, 6, 2, 0],
    [1, 8, 0, 1],
    [3, 6, 3, 1],
    [1, 6, 4, 0],
    [5, 1, 4, 1],
    [1, 4, 3, 0],
    [1, 7, 7, 0],
    [1, 3, 2, 0],
    [1, 2, 4, 0],
    [2, 3, 1, 1],
    [3, 10, 9, 2],
    [0, 5, 4, 1],
    [0, 6, 2, 1],
    [2, 11, 9, 0],
    [1, 6, 5, 0],
    [1, 4, 6, 0],
    [1, 1, 3, 2],
    [5, 14, 12, 2],
    [2, 14, 11, 0],
    [0, 5, 11, 1],
    [3, 18, 21, 0],
    [1, 24, 24, 1],
    [0, 4, 7, 0],
    [4, 28, 22, 3],
    [2, 6, 11, 1],
    [0, 6, 4, 0],
    [3, 10, 12, 1],
    [3, 5, 5, 1],
    [5, 26, 18, 0],
    [3, 2, 5, 0],
    [0, 10, 13, 0],
    [1, 11, 11, 1],
    [2, 14, 3, 2],
    [2, 10, 6, 2],
    [1, 5, 5, 1],
    [3, 7, 12, 1],
    [2, 14, 11, 0],
    [2, 7, 10, 1],
    [0, 6, 4, 0],
    [0, 5, 5, 0],
    [3, 33, 20, 0],
    [1, 4, 8, 0],
    [2, 3, 5, 0],
    [6, 13, 12, 0],
    [8, 16, 17, 0],
    [4, 12, 9, 2],
    [5, 7, 6, 2],
    [2, 5, 4, 0],
    [2, 8, 7, 0],
    [1, 6, 23, 0],
    [1, 6, 14, 0],
    [2, 4, 9, 0],
    [1, 6, 7, 0],
    [3, 4, 6, 0],
    [1, 3, 7, 0],
    [72, 231, 342, 44],
    [8, 37, 31, 6],
    [135, 564, 667, 56],
    [33, 87, 141, 9],
    [172, 522, 762, 31],
    [21, 75, 84, 4]
  ],
  "W": [
    [4, 15, 4, 1, 0, 4],
    [3, 6, 7, 2, 3, 1],
    [0, 5, 2, 3, 0, 0],
    [3, 21, 1, 2, 0, 1],
    [8, 16, 8, 2, 0, 1],
    [2, 16, 15, 2, 0, 1],
    [8, 15, 8, 4, 2, 4],
    [0, 9, 3, 2, 0, 2],
    [1, 1, 3, 0, 0, 1],
    [2, 4, 3, 1, 0, 0],
    [1, 9, 0, 5, 0, 1],
    [1, 5, 0, 0, 1, 0],
    [1, 23, 13, 2, 3, 0],
    [4, 12, 8, 1, 2, 1],
    [1, 11, 9, 3, 0, 0],
    [1, 43, 19, 6, 5, 4],
    [0, 7, 7, 3, 1, 3],
    [1, 3, 4, 3, 2, 1],
    [0, 6, 0, 0, 0, 1],
    [2, 17, 2, 5, 4, 4],
    [1, 14, 7, 1, 1, 0],
    [2, 18, 6, 4, 1, 2],
    [0, 7, 2, 2, 3, 0],
    [1, 6, 2, 2, 0, 0],
    [1, 9, 6, 4, 0, 1],
    [4, 37, 10, 3, 1, 4],
    [2, 15, 15, 1, 2, 3],
    [4, 16, 12, 4, 0, 0],
    [2, 4, 7, 5, 0, 0],
    [1, 17, 12, 1, 1, 5],
    [1, 23, 2, 3, 2, 3],
    [1, 30, 4, 1, 1, 1],
    [1, 18, 6, 1, 0, 0],
    [3, 35, 9, 6, 2, 4],
    [1, 6, 4, 2, 1, 0],
    [1, 6, 1, 2, 0, 0],
    [0, 3, 2, 3, 0, 1],
    [4, 18, 27, 2, 5, 1],
    [1, 3, 1, 1, 0, 1],
    [4, 16, 5, 4, 0, 2],
    [2, 14, 8, 2, 2, 1],
    [2, 53, 32, 5, 6, 10],
    [1, 33, 17, 1, 4, 6],
    [2, 44, 15, 1, 3, 3],
    [1, 23, 15, 5, 4, 3],
    [0, 12, 3, 3, 0, 0],
    [1, 16, 9, 2, 1, 4],
    [0, 2, 3, 1, 0, 1],
    [3, 3, 4, 3, 2, 3],
    [1, 11, 1, 1, 1, 3],
    [3, 16, 4, 8, 1, 2],
    [2, 5, 1, 0, 1, 0],
    [1, 16, 2, 2, 5, 3],
    [2, 10, 3, 3, 0, 2],
    [0, 4, 2, 1, 1, 1],
    [2, 12, 6, 1, 0, 3],
    [0, 7, 2, 1, 2, 4],
    [6, 47, 29, 7, 11, 6],
    [0, 9, 6, 3, 1, 0],
    [5, 23, 10, 1, 3, 5],
    [0, 13, 5, 5, 1, 1],
    [3, 2, 0, 3, 0, 1],
    [0, 7, 1, 1, 0, 0],
    [3, 43, 10, 7, 3, 2],
    [3, 12, 7, 3, 2, 2],
    [13, 31, 9, 9, 9, 2],
    [1, 11, 2, 1, 0, 1],
    [2, 17, 7, 1, 1, 1],
    [1, 16, 2, 1, 0, 1],
    [0, 22, 16, 1, 1, 1],
    [2, 6, 6, 7, 0, 3],
    [0, 11, 0, 2, 2, 2],
    [0, 7, 0, 1, 2, 2],
    [1, 12, 1, 0, 1, 0],
    [0, 7, 1, 3, 1, 2],
    [1, 6, 1, 1, 0, 0],
    [0, 2, 0, 5, 0, 0],
    [1, 6, 5, 4, 1, 3],
    [1, 13, 8, 8, 0, 1],
    [1, 7, 5, 3, 1, 0],
    [1, 7, 4, 5, 0, 0],
    [1, 9, 1, 5, 0, 1],
    [0, 7, 1, 1, 3, 2],
    [0, 9, 2, 1, 2, 1],
    [0, 13, 2, 3, 0, 0],
    [0, 2, 1, 2, 0, 1],
    [0, 3, 5, 0, 0, 1],
    [0, 5, 1, 1, 0, 1],
    [0, 42, 14, 2, 3, 5],
    [3, 22, 7, 2, 2, 1],
    [1, 13, 2, 8, 1, 0],
    [0, 3, 5, 2, 0, 3],
    [0, 14, 3, 4, 1, 0],
    [1, 10, 2, 2, 1, 0],
    [2, 3, 1, 4, 1, 2],
    [2, 19, 8, 3, 3, 1],
    [0, 6, 2, 2, 1, 3],
    [0, 3, 2, 2, 0, 0],
    [0, 8, 4, 4, 1, 1],
    [2, 6, 4, 10, 0, 4],
    [0, 7, 3, 8, 2, 0],
    [0, 3, 3, 1, 0, 0],
    [0, 2, 2, 1, 1, 0],
    [0, 2, 2, 5, 1, 1],
    [0, 7, 2, 3, 0, 0],
    [4, 35, 10, 2, 1, 4],
    [2, 4, 0, 1, 0, 0],
    [4, 5, 4, 2, 0, 0],
    [4, 10, 1, 2, 2, 0],
    [4, 11, 4, 0, 0, 0],
    [3, 9, 5, 0, 0, 0],
    [2, 10, 5, 2, 0, 2],
    [2, 1, 0, 2, 0, 1],
    [6, 12, 12, 3, 2, 3],
    [4, 8, 1, 2, 0, 1],
    [6, 24, 4, 2, 1, 3],
    [3, 6, 2, 0, 0, 1],
    [0, 7, 2, 0, 1, 0],
    [1, 14, 6, 4, 0, 1],
    [4, 4, 3, 2, 0, 1],
    [0, 0, 2, 3, 1, 0],
    [1, 4, 2, 2, 1, 0],
    [2, 21, 6, 0, 1, 5],
    [2, 12, 2, 3, 0, 0],
    [1, 2, 1, 3, 1, 1],
    [5, 21, 8, 1, 1, 1],
    [1, 9, 4, 3, 1, 3],
    [0, 6, 1, 2, 0, 1],
    [5, 37, 6, 1, 3, 0],
    [0, 5, 3, 1, 1, 0],
    [2, 4, 2, 1, 0, 0],
    [2, 9, 2, 1, 0, 1],
    [3, 5, 4, 0, 1, 1],
    [2, 2, 1, 0, 1, 0],
    [0, 7, 1, 2, 0, 0],
    [0, 5, 1, 1, 2, 0],
    [0, 8, 0, 0, 1, 0],
    [2, 11, 6, 1, 3, 0],
    [4, 3, 5, 1, 0, 1],
    [0, 10, 5, 1, 0, 0],
    [1, 11, 1, 4, 2, 1],
    [0, 4, 2, 1, 1, 0],
    [0, 10, 2, 4, 0, 0],
    [1, 18, 5, 1, 0, 1],
    [3, 9, 4, 3, 0, 0],
    [1, 17, 7, 2, 1, 3],
    [0, 16, 10, 1, 1, 2],
    [5, 31, 13, 2, 2, 4],
    [0, 7, 0, 1, 0, 0],
    [3, 20, 4, 3, 1, 1],
    [0, 6, 3, 0, 2, 2],
    [0, 5, 4, 4, 1, 2],
    [1, 4, 1, 1, 0, 0],
    [1, 11, 4, 0, 3, 1],
    [0, 11, 2, 1, 1, 0],
    [4, 7, 2, 1, 0, 0],
    [1, 3, 1, 3, 1, 0],
    [1, 3, 0, 2, 1, 0],
    [0, 9, 4, 2, 4, 1],
    [0, 12, 5, 5, 1, 1],
    [0, 3, 3, 0, 0, 1],
    [0, 4, 1, 1, 0, 0],
    [1, 5, 2, 1, 2, 1],
    [1, 12, 4, 5, 3, 1],
    [0, 13, 3, 2, 2, 3],
    [1, 6, 4, 0, 2, 1],
    [0, 5, 2, 1, 0, 0],
    [4, 1, 0, 3, 0, 0],
    [0, 6, 6, 2, 0, 1],
    [7, 8, 2, 2, 3, 1],
    [0, 8, 1, 3, 0, 0],
    [3, 7, 1, 2, 1, 0],
    [2, 17, 3, 1, 2, 1],
    [2, 18, 4, 1, 5, 2],
    [1, 9, 0, 0, 0, 1],
    [2, 11, 6, 4, 1, 1],
    [0, 2, 1, 3, 3, 0],
    [3, 13, 2, 4, 0, 0],
    [0, 7, 2, 0, 0, 0],
    [3, 5, 1, 0, 1, 0],
    [0, 6, 1, 0, 0, 0],
    [0, 5, 0, 3, 1, 1],
    [2, 25, 9, 3, 1, 3],
    [1, 11, 6, 1, 0, 1],
    [2, 8, 3, 4, 0, 0],
    [1, 5, 0, 4, 1, 0],
    [4, 5, 2, 1, 1, 2],
    [0, 18, 8, 2, 2, 1],
    [5, 39, 11, 3, 5, 1],
    [0, 9, 4, 1, 1, 2],
    [0, 5, 5, 5, 1, 1],
    [2, 5, 6, 1, 0, 1],
    [2, 4, 3, 1, 1, 4],
    [4, 13, 5, 4, 1, 0],
    [0, 6, 4, 0, 1, 2],
    [0, 11, 5, 3, 0, 3],
    [0, 6, 0, 1, 5, 1],
    [5, 57, 21, 7, 8, 6],
    [3, 11, 4, 3, 3, 2],
    [11, 66, 29, 2, 7, 2],
    [2, 55, 16, 5, 5, 9],
    [1, 23, 8, 1, 1, 1],
    [0, 12, 4, 3, 2, 1],
    [4, 62, 58, 1, 3, 1],
    [5, 33, 9, 5, 0, 3],
    [0, 3, 1, 1, 1, 0],
    [1, 6, 3, 3, 0, 0],
    [0, 5, 3, 1, 1, 2],
    [1, 5, 1, 0, 0, 1],
    [0, 4, 0, 1, 1, 1],
    [0, 12, 3, 2, 0, 0],
    [0, 19, 4, 3, 5, 1],
    [1, 9, 7, 3, 2, 1],
    [2, 23, 5, 12, 4, 1],
    [0, 9, 0, 1, 1, 1],
    [0, 3, 2, 0, 1, 1],
    [0, 2, 6, 1, 0, 2],
    [0, 3, 2, 2, 1, 1],
    [2, 16, 6, 2, 1, 1],
    [1, 8, 6, 6, 1, 2],
    [1, 5, 4, 3, 2, 1],
    [0, 4, 2, 2, 0, 0],
    [2, 5, 3, 3, 1, 0],
    [0, 5, 2, 2, 0, 2],
    [5, 3, 0, 1, 1, 1],
    [0, 9, 1, 3, 0, 0],
    [3, 3, 2, 2, 1, 2],
    [1, 3, 0, 2, 0, 0],
    [5, 10, 6, 4, 2, 4],
    [2, 3, 0, 1, 0, 1],
    [0, 7, 2, 7, 2, 0],
    [2, 7, 1, 5, 0, 0],
    [1, 2, 1, 0, 1, 2],
    [1, 8, 1, 2, 2, 1],
    [3, 4, 2, 0, 1, 0],
    [3, 4, 4, 2, 0, 1],
    [0, 68, 10, 8, 14, 5],
    [2, 21, 7, 9, 7, 2],
    [0, 5, 1, 0, 1, 0],
    [0, 5, 3, 3, 0, 0],
    [0, 1, 2, 1, 0, 2],
    [1, 21, 7, 5, 1, 1],
    [0, 31, 12, 2, 2, 3],
    [1, 37, 12, 2, 0, 7],
    [1, 25, 4, 5, 2, 2],
    [2, 22, 7, 1, 1, 4],
    [1, 28, 15, 4, 1, 1],
    [1, 54, 22, 3, 2, 5],
    [2, 9, 3, 1, 1, 1],
    [0, 4, 1, 3, 2, 1],
    [1, 6, 9, 4, 0, 1],
    [1, 15, 2, 3, 1, 1],
    [2, 8, 1, 2, 0, 2],
    [1, 11, 4, 2, 0, 4],
    [1, 7, 0, 6, 1, 0],
    [0, 5, 3, 0, 1, 0],
    [0, 18, 1, 1, 1, 0],
    [2, 24, 4, 0, 0, 4],
    [3, 10, 3, 1, 2, 1],
    [0, 14, 5, 1, 5, 2],
    [2, 20, 4, 3, 2, 4],
    [0, 6, 5, 1, 0, 1],
    [1, 4, 1, 4, 0, 1],
    [2, 29, 1, 1, 0, 0],
    [1, 31, 8, 6, 4, 2],
    [1, 5, 1, 3, 3, 0],
    [0, 8, 2, 3, 1, 2],
    [1, 22, 5, 2, 0, 1],
    [0, 14, 4, 3, 1, 0],
    [2, 42, 45, 2, 3, 3],
    [4, 4, 1, 5, 2, 2],
    [1, 2, 3, 2, 0, 1],
    [2, 9, 1, 4, 1, 0],
    [0, 8, 3, 2, 1, 0],
    [0, 5, 1, 0, 0, 0],
    [0, 7, 1, 1, 0, 0],
    [0, 3, 0, 1, 1, 1],
    [3, 15, 8, 4, 1, 2],
    [4, 32, 5, 7, 8, 5],
    [1, 1, 1, 5, 3, 1],
    [0, 7, 1, 4, 0, 0],
    [1, 5, 0, 0, 0, 0],
    [2, 8, 8, 1, 2, 1],
    [1, 2, 1, 0, 1, 1],
    [1, 10, 1, 4, 1, 1],
    [1, 3, 1, 1, 0, 1],
    [1, 12, 3, 2, 0, 1],
    [1, 9, 3, 1, 0, 0],
    [1, 27, 15, 10, 0, 3],
    [1, 22, 9, 3, 0, 1],
    [1, 10, 5, 0, 0, 1],
    [5, 24, 6, 2, 2, 4],
    [0, 30, 19, 10, 2, 3],
    [0, 7, 3, 2, 2, 1],
    [3, 10, 6, 5, 0, 0],
    [1, 7, 2, 0, 0, 0],
    [1, 8, 2, 2, 6, 1],
    [2, 18, 9, 3, 2, 0],
    [0, 3, 4, 1, 0, 1],
    [1, 5, 5, 2, 1, 1],
    [0, 6, 1, 0, 0, 1],
    [0, 7, 3, 0, 0, 0],
    [0, 7, 1, 4, 0, 1],
    [1, 4, 1, 3, 0, 1],
    [1, 2, 2, 3, 1, 0],
    [0, 5, 7, 0, 0, 0],
    [2, 12, 5, 1, 1, 1],
    [3, 17, 6, 2, 0, 3],
    [1, 1, 2, 0, 1, 2],
    [1, 12, 11, 2, 1, 0],
    [3, 20, 19, 3, 2, 3],
    [0, 3, 3, 0, 0, 1],
    [0, 2, 1, 3, 0, 1],
    [0, 1, 5, 2, 0, 0],
    [2, 16, 12, 7, 3, 2],
    [1, 14, 10, 7, 3, 1],
    [1, 10, 4, 2, 3, 0],
    [0, 1, 2, 2, 0, 1],
    [2, 4, 0, 0, 0, 0],
    [1, 14, 7, 4, 5, 2],
    [0, 5, 1, 1, 0, 0],
    [2, 7, 5, 1, 1, 2],
    [1, 18, 11, 4, 5, 0],
    [1, 5, 1, 2, 1, 1],
    [1, 2, 3, 1, 1, 0],
    [0, 10, 13, 1, 1, 1],
    [1, 0, 5, 2, 0, 0],
    [1, 1, 1, 3, 0, 0],
    [0, 4, 7, 1, 1, 0],
    [2, 9, 6, 1, 1, 2],
    [0, 3, 3, 2, 0, 2],
    [0, 6, 1, 2, 0, 0],
    [3, 24, 9, 6, 1, 0],
    [0, 18, 8, 3, 2, 2],
    [3, 13, 8, 3, 2, 2],
    [2, 13, 8, 4, 0, 0],
    [3, 11, 1, 2, 0, 0],
    [3, 15, 2, 3, 3, 1],
    [2, 20, 8, 2, 0, 3],
    [1, 11, 4, 1, 1, 1],
    [6, 48, 19, 6, 2, 2],
    [0, 3, 2, 3, 0, 0],
    [0, 4, 1, 4, 0, 1],
    [1, 8, 3, 3, 0, 2],
    [1, 13, 3, 3, 0, 2],
    [0, 7, 5, 2, 0, 1],
    [0, 5, 4, 0, 0, 1],
    [2, 25, 7, 9, 5, 4],
    [2, 19, 6, 3, 2, 6],
    [3, 44, 14, 7, 2, 6],
    [2, 13, 5, 1, 2, 1],
    [3, 22, 12, 3, 1, 5],
    [0, 4, 1, 1, 1, 0],
    [1, 13, 2, 4, 1, 3],
    [1, 6, 4, 1, 1, 0],
    [1, 13, 7, 7, 2, 0],
    [8, 27, 11, 6, 1, 1],
    [1, 28, 13, 2, 5, 1],
    [6, 27, 20, 4, 2, 2],
    [0, 17, 9, 3, 0, 0],
    [3, 15, 2, 1, 1, 0],
    [0, 5, 1, 0, 0, 1],
    [2, 12, 5, 1, 3, 2],
    [1, 4, 3, 0, 1, 0],
    [3, 30, 10, 5, 3, 4],
    [1, 10, 4, 0, 3, 0],
    [4, 30, 17, 4, 4, 3],
    [0, 15, 3, 1, 0, 2],
    [6, 16, 5, 11, 3, 2],
    [2, 17, 7, 7, 2, 2],
    [3, 14, 7, 0, 0, 1],
    [1, 10, 7, 1, 2, 1],
    [1, 5, 1, 1, 0, 0],
    [1, 6, 4, 1, 0, 0],
    [1, 39, 16, 3, 3, 3],
    [2, 1, 2, 1, 0, 0],
    [1, 4, 4, 1, 1, 0],
    [2, 3, 2, 2, 0, 0],
    [4, 5, 7, 2, 1, 0],
    [4, 10, 7, 4, 0, 0],
    [0, 4, 2, 1, 2, 0],
    [3, 46, 18, 6, 11, 5],
    [3, 29, 14, 3, 2, 4],
    [6, 24, 4, 3, 2, 0],
    [1, 8, 3, 5, 0, 2],
    [0, 4, 1, 2, 0, 0],
    [1, 10, 3, 1, 0, 1],
    [1, 12, 7, 1, 0, 0],
    [1, 7, 0, 0, 1, 0],
    [4, 5, 4, 2, 4, 0],
    [3, 8, 5, 6, 2, 1],
    [6, 6, 1, 2, 0, 0],
    [2, 4, 3, 3, 0, 1],
    [6, 5, 1, 3, 1, 2],
    [2, 11, 4, 2, 0, 0],
    [2, 9, 8, 2, 2, 4],
    [3, 11, 3, 1, 1, 1],
    [4, 35, 18, 2, 2, 6],
    [1, 6, 6, 1, 0, 1],
    [2, 24, 7, 4, 2, 1],
    [3, 40, 8, 6, 3, 3],
    [6, 33, 19, 1, 3, 2],
    [0, 14, 15, 2, 1, 1],
    [1, 19, 6, 3, 1, 2],
    [1, 7, 1, 6, 0, 0],
    [0, 23, 2, 3, 4, 3],
    [0, 16, 8, 1, 4, 1],
    [0, 3, 5, 3, 1, 0],
    [0, 8, 1, 0, 0, 0],
    [0, 4, 2, 0, 1, 0],
    [0, 11, 4, 3, 2, 1],
    [0, 6, 0, 0, 0, 3],
    [1, 5, 1, 0, 0, 0],
    [2, 5, 1, 5, 2, 1],
    [0, 5, 0, 1, 0, 0],
    [3, 7, 6, 4, 0, 3],
    [0, 10, 3, 4, 6, 2],
    [2, 14, 3, 2, 1, 4],
    [1, 6, 2, 0, 3, 0],
    [0, 9, 0, 1, 2, 1],
    [2, 10, 0, 2, 0, 0],
    [2, 4, 3, 4, 0, 0],
    [1, 6, 1, 1, 1, 0],
    [0, 8, 1, 0, 2, 0],
    [0, 3, 2, 2, 0, 0],
    [3, 6, 2, 2, 2, 2],
    [0, 3, 3, 0, 0, 0],
    [2, 13, 1, 2, 1, 3],
    [0, 17, 3, 1, 1, 2],
    [1, 12, 0, 1, 4, 0],
    [0, 8, 1, 3, 1, 1],
    [2, 7, 0, 2, 1, 1],
    [1, 5, 2, 0, 0, 0],
    [0, 4, 1, 0, 0, 1],
    [1, 6, 1, 1, 0, 0],
    [1, 15, 4, 2, 0, 4],
    [1, 7, 3, 0, 0, 0],
    [1, 7, 0, 3, 0, 0],
    [1, 10, 2, 3, 5, 0],
    [0, 2, 5, 0, 0, 0],
    [7, 20, 16, 0, 1, 0],
    [4, 17, 9, 1, 0, 1],
    [4, 15, 8, 2, 1, 0],
    [1, 13, 14, 14, 3, 3],
    [2, 1, 2, 1, 0, 0],
    [2, 4, 2, 2, 1, 1],
    [6, 11, 3, 1, 1, 1],
    [4, 12, 8, 4, 0, 0],
    [9, 11, 10, 1, 1, 1],
    [4, 25, 16, 3, 4, 4],
    [4, 11, 1, 0, 0, 1],
    [6, 12, 12, 6, 2, 2],
    [8, 28, 16, 5, 1, 0],
    [3, 10, 5, 3, 0, 1],
    [1, 5, 4, 2, 4, 0],
    [5, 23, 19, 9, 2, 1],
    [5, 14, 10, 2, 1, 2],
    [1, 11, 2, 1, 2, 2],
    [2, 15, 9, 4, 0, 0],
    [0, 15, 8, 1, 2, 1],
    [1, 22, 18, 4, 6, 4],
    [1, 4, 6, 1, 0, 2],
    [0, 14, 10, 0, 1, 1],
    [0, 10, 6, 2, 1, 0],
    [6, 12, 9, 1, 1, 0],
    [2, 9, 9, 0, 0, 2],
    [7, 42, 33, 2, 0, 4],
    [2, 5, 1, 0, 0, 0],
    [2, 13, 1, 1, 0, 1],
    [1, 22, 9, 3, 4, 1],
    [0, 2, 3, 0, 0, 2],
    [4, 17, 13, 2, 1, 1],
    [3, 13, 4, 2, 3, 1],
    [4, 25, 14, 1, 6, 1],
    [4, 3, 1, 2, 0, 0],
    [1, 3, 4, 1, 1, 1],
    [0, 13, 7, 0, 0, 0],
    [3, 29, 17, 4, 6, 2],
    [0, 4, 0, 3, 0, 0],
    [1, 1, 3, 2, 0, 0],
    [1, 7, 5, 2, 1, 1],
    [1, 15, 6, 7, 2, 3],
    [0, 8, 3, 3, 1, 0],
    [0, 5, 0, 4, 1, 3],
    [1, 3, 1, 0, 0, 1],
    [0, 5, 2, 3, 0, 1],
    [2, 2, 1, 2, 0, 0],
    [1, 6, 2, 2, 3, 2],
    [2, 7, 2, 2, 1, 3],
    [2, 9, 5, 3, 2, 2],
    [1, 4, 1, 2, 0, 1],
    [1, 5, 2, 6, 0, 1],
    [0, 12, 1, 4, 0, 4],
    [0, 5, 4, 1, 1, 0],
    [2, 7, 4, 1, 1, 1],
    [0, 1, 4, 0, 1, 0],
    [1, 8, 2, 2, 0, 0],
    [0, 31, 14, 12, 4, 4],
    [2, 4, 4, 2, 1, 3],
    [0, 6, 1, 0, 0, 0],
    [0, 4, 1, 3, 0, 0],
    [3, 21, 6, 6, 2, 2],
    [0, 1, 3, 2, 1, 2],
    [1, 13, 1, 2, 0, 0],
    [3, 24, 6, 5, 1, 2],
    [0, 6, 1, 1, 2, 0],
    [0, 3, 2, 4, 0, 0],
    [2, 24, 6, 4, 9, 4],
    [2, 22, 12, 5, 7, 3],
    [4, 21, 12, 3, 2, 2],
    [1, 31, 7, 5, 4, 0],
    [2, 5, 0, 1, 1, 1],
    [0, 3, 1, 6, 0, 0],
    [1, 5, 1, 3, 2, 2],
    [0, 11, 3, 1, 1, 2],
    [1, 8, 8, 1, 1, 0],
    [0, 2, 3, 5, 2, 1],
    [0, 10, 2, 5, 1, 2],
    [1, 6, 4, 4, 3, 1],
    [0, 4, 3, 2, 1, 0],
    [2, 9, 2, 3, 2, 1],
    [0, 6, 5, 4, 0, 1],
    [1, 31, 9, 3, 2, 2],
    [1, 9, 1, 0, 0, 0],
    [3, 19, 3, 5, 1, 3],
    [1, 4, 2, 2, 2, 0],
    [4, 30, 8, 5, 8, 0],
    [0, 4, 2, 0, 1, 1],
    [2, 6, 5, 1, 0, 2],
    [2, 15, 5, 8, 3, 3],
    [3, 6, 1, 4, 0, 1],
    [1, 8, 3, 1, 2, 2],
    [1, 4, 1, 6, 2, 1],
    [0, 3, 4, 1, 0, 0],
    [7, 17, 6, 7, 0, 3],
    [1, 1, 1, 3, 0, 0],
    [0, 4, 0, 2, 0, 0],
    [2, 4, 1, 1, 0, 1],
    [0, 4, 3, 2, 0, 3],
    [0, 2, 1, 4, 2, 0],
    [2, 4, 3, 0, 0, 1],
    [0, 7, 1, 2, 0, 0],
    [1, 0, 2, 0, 3, 1],
    [1, 5, 1, 2, 2, 0],
    [0, 4, 3, 0, 0, 1],
    [2, 6, 0, 0, 0, 0],
    [0, 7, 3, 4, 0, 0],
    [0, 13, 5, 4, 1, 2],
    [2, 5, 3, 2, 0, 1],
    [0, 8, 1, 0, 0, 1],
    [1, 12, 2, 1, 2, 0],
    [0, 9, 3, 1, 0, 1],
    [0, 4, 1, 3, 0, 1],
    [0, 2, 1, 4, 0, 0],
    [0, 11, 3, 2, 0, 3],
    [1, 3, 0, 1, 1, 1],
    [0, 5, 3, 4, 0, 0],
    [0, 8, 4, 4, 0, 2],
    [1, 12, 1, 2, 1, 2],
    [1, 4, 4, 1, 2, 0],
    [1, 4, 1, 2, 0, 0],
    [2, 8, 0, 6, 3, 0],
    [2, 5, 3, 3, 0, 1],
    [1, 8, 1, 3, 0, 0],
    [1, 6, 2, 0, 1, 0],
    [8, 23, 11, 5, 1, 1],
    [2, 3, 5, 5, 1, 1],
    [5, 5, 4, 3, 0, 0],
    [4, 5, 7, 4, 1, 0],
    [3, 7, 3, 1, 0, 0],
    [3, 17, 14, 2, 0, 1],
    [3, 8, 4, 0, 1, 1],
    [4, 12, 2, 1, 0, 0],
    [2, 5, 4, 4, 0, 1],
    [7, 5, 4, 1, 0, 0],
    [0, 3, 4, 1, 0, 1],
    [2, 7, 2, 2, 2, 1],
    [14, 27, 10, 1, 4, 3],
    [2, 9, 4, 1, 0, 0],
    [1, 7, 0, 1, 0, 0],
    [1, 8, 3, 0, 0, 1],
    [6, 7, 5, 1, 1, 1],
    [0, 3, 3, 1, 0, 1],
    [4, 17, 10, 5, 1, 2],
    [3, 7, 8, 2, 0, 0],
    [0, 9, 2, 2, 0, 2],
    [0, 5, 0, 1, 0, 0],
    [15, 27, 10, 2, 4, 2],
    [7, 36, 6, 4, 2, 4],
    [12, 40, 18, 6, 3, 2],
    [4, 12, 8, 2, 0, 0],
    [3, 8, 1, 3, 0, 0],
    [7, 19, 15, 3, 5, 2],
    [2, 4, 2, 2, 0, 2],
    [3, 18, 10, 3, 5, 2],
    [3, 10, 6, 2, 1, 0],
    [5, 11, 9, 0, 0, 0],
    [0, 4, 2, 0, 0, 0],
    [2, 14, 10, 3, 3, 2],
    [1, 6, 0, 1, 1, 0],
    [0, 16, 5, 6, 3, 1],
    [1, 3, 2, 1, 0, 0],
    [0, 4, 2, 0, 0, 0],
    [1, 2, 0, 3, 0, 0],
    [0, 5, 1, 1, 0, 0],
    [0, 6, 2, 4, 2, 0],
    [2, 3, 2, 3, 1, 1],
    [0, 8, 0, 4, 0, 2],
    [1, 2, 1, 5, 0, 1],
    [0, 0, 3, 2, 2, 1],
    [1, 8, 2, 1, 0, 1],
    [0, 13, 10, 2, 3, 1],
    [3, 19, 11, 3, 5, 2],
    [1, 6, 4, 3, 1, 0],
    [0, 8, 3, 3, 2, 0],
    [0, 2, 1, 3, 0, 2],
    [0, 3, 4, 2, 0, 2],
    [2, 5, 1, 3, 0, 0],
    [0, 5, 1, 2, 0, 0],
    [0, 4, 1, 0, 1, 0],
    [3, 20, 6, 1, 0, 1],
    [2, 65, 21, 7, 6, 5],
    [4, 15, 11, 1, 3, 5],
    [0, 1, 3, 1, 2, 0],
    [1, 3, 0, 5, 3, 0],
    [0, 5, 1, 2, 0, 0],
    [0, 8, 0, 1, 0, 1],
    [0, 8, 0, 4, 0, 1],
    [2, 6, 1, 0, 2, 0],
    [3, 4, 0, 1, 0, 3],
    [1, 4, 0, 3, 0, 0],
    [1, 7, 4, 1, 0, 2],
    [0, 5, 0, 1, 0, 0],
    [1, 2, 2, 0, 0, 2],
    [0, 1, 1, 3, 0, 2],
    [1, 11, 3, 8, 0, 1],
    [1, 4, 0, 3, 2, 0],
    [0, 4, 4, 0, 0, 1],
    [1, 14, 3, 2, 2, 0],
    [1, 7, 1, 1, 0, 2],
    [0, 5, 4, 2, 0, 0],
    [0, 1, 1, 5, 0, 0],
    [1, 17, 8, 5, 0, 2],
    [0, 17, 8, 1, 0, 1],
    [0, 10, 4, 3, 0, 0],
    [0, 26, 11, 3, 1, 1],
    [0, 31, 10, 4, 3, 2],
    [2, 5, 3, 0, 0, 1],
    [0, 24, 22, 0, 4, 7],
    [0, 11, 4, 2, 2, 1],
    [4, 4, 0, 0, 1, 1],
    [1, 12, 3, 4, 2, 4],
    [2, 7, 0, 2, 2, 1],
    [3, 24, 11, 5, 4, 2],
    [0, 6, 1, 1, 0, 2],
    [1, 8, 9, 2, 2, 1],
    [2, 15, 3, 3, 0, 1],
    [0, 14, 2, 1, 2, 2],
    [0, 9, 4, 1, 3, 3],
    [0, 4, 7, 0, 0, 1],
    [2, 11, 3, 5, 1, 1],
    [4, 10, 5, 3, 2, 3],
    [0, 11, 3, 5, 1, 0],
    [0, 4, 4, 0, 1, 1],
    [0, 4, 3, 1, 0, 2],
    [2, 35, 11, 3, 3, 2],
    [1, 7, 2, 1, 2, 0],
    [2, 2, 2, 3, 1, 0],
    [2, 18, 5, 3, 2, 1],
    [8, 20, 9, 2, 0, 2],
    [3, 10, 6, 4, 1, 3],
    [2, 10, 6, 0, 0, 2],
    [1, 5, 1, 0, 3, 1],
    [1, 11, 3, 2, 0, 0],
    [1, 8, 15, 2, 4, 0],
    [3, 9, 5, 3, 0, 1],
    [1, 7, 3, 2, 0, 2],
    [0, 7, 4, 1, 1, 1],
    [0, 5, 4, 1, 1, 2],
    [1, 1, 4, 2, 2, 1],
    [35, 290, 117, 152, 42, 53],
    [3, 37, 18, 9, 11, 4],
    [103, 632, 311, 196, 104, 76],
    [20, 119, 79, 20, 15, 17],
    [116, 708, 422, 106, 63, 72],
    [36, 72, 47, 24, 1, 4]
  ],
  "method": "mult",
  "cond_prob": [
    [
      [0.44788453767, 0.10369509279, 0.44759579755, 0.00082457200015],
      [0.066165193999, 0.62528277645, 0.29255186958, 0.016000159966],
      [0.039721212357, 0.090223244644, 0.82387080285, 0.046184740147],
      [0.17959969983, 0.095298976914, 0.5401621856, 0.18493913766],
      [0.05063306012, 0.54948330871, 0.30862507559, 0.091258555585],
      [0.21937484752, 0.18744650664, 0.24642334227, 0.34675530356]
    ],
    [
      [0.58008238565, 0.089668434867, 0.33024917949, 0],
      [0.10074863746, 0.65092258674, 0.24120032409, 0.0071284517201],
      [0.076541483041, 0.098438909145, 0.79250399929, 0.032515608518],
      [0.27568186083, 0.098962039627, 0.48859067445, 0.13676542509],
      [0.080562786011, 0.5809751775, 0.27402252322, 0.064439513269],
      [0.32641855733, 0.19553719921, 0.2152736034, 0.26277064007]
    ],
    [
      [0.61805004013, 0.13007494412, 0.2518270472, 4.7968557016e-05],
      [0.049522673319, 0.83237339397, 0.11810393271, 0],
      [0.050374265786, 0.18095363923, 0.69602062004, 0.07265147494],
      [0.21721270061, 0.15874191722, 0.33914636546, 0.28489901671],
      [0.043234001886, 0.68715415048, 0.16092288056, 0.10868896708],
      [0.19152607699, 0.18781685445, 0.10708821589, 0.51356885266]
    ],
    [
      [0.52573715534, 0.052324032979, 0.42170210252, 0.00023670915725],
      [0.12519025972, 0.45559696417, 0.40444210257, 0.014770673547],
      [0.049795367186, 0.054211382489, 0.86005295217, 0.035940298155],
      [0.22897464794, 0.05335862355, 0.56079480445, 0.15687192406],
      [0.081480624177, 0.41576019999, 0.40867006371, 0.094089112124],
      [0.28604841681, 0.11456302395, 0.25996697747, 0.33942158176]
    ],
    [
      [0.44613104515, 0.16533301444, 0.38817734612, 0.00035859428673],
      [0.041161250201, 0.75207344915, 0.18833989237, 0.018425408284],
      [0.035705555459, 0.14988321777, 0.73460960671, 0.079801620065],
      [0.16202733447, 0.12350164839, 0.42263791629, 0.29183310084],
      [0.041802764493, 0.61279720407, 0.21990735611, 0.12549267532],
      [0.16267252294, 0.19809165917, 0.15899026694, 0.48024555095]
    ],
    [
      [0.41753865911, 0.061943766953, 0.52045297825, 6.4595690348e-05],
      [0.069016674788, 0.46001515938, 0.46135969315, 0.0096084726826],
      [0.031163180101, 0.016993399197, 0.92718899391, 0.024654426789],
      [0.17240143628, 0.058037589769, 0.65767746546, 0.11188350849],
      [0.057418399651, 0.4284438618, 0.44913907251, 0.064998666037],
      [0.24840531109, 0.14489374852, 0.3541491135, 0.2525518269]
    ],
    [
      [0.60710313624, 0.063352052002, 0.32954481176, 0],
      [0.14726258503, 0.57750359633, 0.27285849292, 0.002375325727],
      [0.09123115525, 0.078034914718, 0.81468437243, 0.016049557599],
      [0.32724219854, 0.085255415244, 0.52263837553, 0.064864010683],
      [0.10001389684, 0.54970601648, 0.3161384901, 0.034141596579],
      [0.42384757621, 0.19147915686, 0.25761466258, 0.12705860435]
    ],
    [
      [0.58565010719, 0.028355433856, 0.38599445895, 0],
      [0.13895137399, 0.30458600943, 0.55646261658, 0],
      [0.052443378978, 0.013202588363, 0.93435403266, 0],
      [0.29532552042, 0.024068450141, 0.68060602944, 0],
      [0.11792740268, 0.31822189187, 0.56385070546, 0],
      [0.50072822817, 0.085490624872, 0.41378114696, 0]
    ],
    [
      [0, 0.42273574843, 0.57726425157, 0],
      [0, 0.94148970491, 0.05851029509, 0],
      [0, 0.29985185857, 0.70014814143, 0],
      [0, 0.31885958155, 0.68114041845, 0],
      [0, 0.88557455581, 0.11442544419, 0],
      [0, 0.73621897095, 0.26378102905, 0]
    ],
    [
      [0.63112840801, 0.18178519343, 0.18708639856, 0],
      [0.047804096535, 0.90176561306, 0.050430290406, 0],
      [0.064390485075, 0.26812806719, 0.66748144774, 0],
      [0.35335534262, 0.22498295933, 0.42166169805, 0],
      [0.056528120506, 0.79689584504, 0.14657603446, 0],
      [0.4238180602, 0.39567651347, 0.18050542633, 0]
    ],
    [
      [0.39739571344, 0.070936202312, 0.53140975713, 0.00025832711895],
      [0.066519996345, 0.50393466034, 0.41794697556, 0.011598367759],
      [0.02769990993, 0.05811326263, 0.88897004094, 0.025216786502],
      [0.15659932556, 0.047557390683, 0.67280704321, 0.12303624054],
      [0.047867871348, 0.46253439908, 0.42215830009, 0.067439429489],
      [0.22092769164, 0.15586490124, 0.34303224678, 0.28017516035]
    ],
    [
      [0.94393434015, 0.056065659853, 0, 0],
      [0.18159073789, 0.81840926211, 0, 0],
      [0.44316258153, 0.55683741847, 0, 0],
      [0.81296998905, 0.18703001095, 0, -0],
      [0.1481119704, 0.8518880296, 0, 0],
      [0.74128835856, 0.25871164144, 0, -0]
    ],
    [
      [0.57526188646, 0.12418515021, 0.30055296333, 0],
      [0.078624070791, 0.75776448389, 0.15865640241, 0.0049550429066],
      [0.066142524228, 0.16851749757, 0.73085984873, 0.034480129477],
      [0.27851300359, 0.13921361109, 0.44726734441, 0.13500604091],
      [0.066501887729, 0.65935900993, 0.21821235297, 0.055926749378],
      [0.31647881836, 0.24923607706, 0.19149041546, 0.24279468913]
    ],
    [
      [0.50423769382, 0.09451164481, 0.40125066137, 0],
      [0.080329325555, 0.62632272062, 0.28519644581, 0.0081515080242],
      [0.051416026405, 0.088829864416, 0.82381467304, 0.035939436143],
      [0.21891142913, 0.095615829367, 0.52970531824, 0.15576742326],
      [0.062552309671, 0.55569110057, 0.30717740131, 0.074579188453],
      [0.26375305836, 0.18844382754, 0.2380624997, 0.3097406144]
    ],
    [
      [0, 0.086008713087, 0.91399128691, 0],
      [0, 0.43132798381, 0.56867201619, 0],
      [0, 0.0007789957422, 0.99922100426, 0],
      [0, 0.054124167772, 0.94587583223, 0],
      [0, 0.42853512291, 0.57146487709, 0],
      [0, 0.24555420915, 0.75444579085, 0]
    ],
    [
      [0.49296786099, 0.091968462026, 0.414994552, 6.9124981355e-05],
      [0.084698871325, 0.58939098655, 0.3150370007, 0.010873141425],
      [0.050947544851, 0.082940913004, 0.83501876808, 0.031092774069],
      [0.22826166426, 0.090831775548, 0.56136606099, 0.1195404992],
      [0.067722721983, 0.53180569635, 0.33755499952, 0.062916582141],
      [0.2971984311, 0.19608065856, 0.27927161522, 0.22744929512]
    ],
    [
      [0.27134384174, 0.095475214113, 0.63313671649, 4.4227651267e-05],
      [0.032347407183, 0.52882429152, 0.4276634693, 0.011164831999],
      [0.015406842834, 0.027367392133, 0.92280692143, 0.034418843605],
      [0.088375236553, 0.058990796733, 0.68304176661, 0.1695922001],
      [0.02601046386, 0.46659536525, 0.41642604219, 0.090968128701],
      [0.12486135879, 0.15436348633, 0.36038530762, 0.36038984725]
    ],
    [
      [0.72435587863, 0.018227367316, 0.25643218588, 0.00098456818166],
      [0.22856137805, 0.40027879593, 0.35596167513, 0.015198150895],
      [0.13056358158, 0, 0.83148565239, 0.037950766034],
      [0.41307154902, 0.0013759984413, 0.45954594498, 0.12600650756],
      [0.17341100519, 0.35327041919, 0.3838104606, 0.089508115016],
      [0.48166900349, 0.070267411178, 0.20348142305, 0.24458216228]
    ],
    [
      [0.90894180724, 0.02614084256, 0.064917350199, 0],
      [0.20620322852, 0.64352208857, 0.15027468291, 0],
      [0.1485339576, 0.11199066891, 0.73947537349, 0],
      [0.62767456647, 0.080655135904, 0.29167029763, 0],
      [0.17731389758, 0.63894038423, 0.18374571819, 0],
      [0.76278062886, 0.1388674686, 0.098351902533, 0]
    ],
    [
      [0.57589030369, 0.070995442953, 0.35308687335, 2.7380006043e-05],
      [0.12624262354, 0.55673265504, 0.31248294631, 0.0045417751038],
      [0.066820479198, 0.080873307915, 0.83758533814, 0.014720874751],
      [0.30616624272, 0.078232798975, 0.55699275488, 0.058608203418],
      [0.096478147813, 0.52490237222, 0.34665145415, 0.031968025816],
      [0.41292750728, 0.18525846969, 0.28371897468, 0.11809504834]
    ],
    [
      [0.3092750642, 0.11544223411, 0.57528270169, 0],
      [0.029686338664, 0.61714794924, 0.3531657121, 0],
      [0.017382806151, 0.078443305562, 0.90417388829, 0],
      [0.1239856035, 0.11326817831, 0.76274621819, 0],
      [0.029450947944, 0.58211515932, 0.38843389274, 0],
      [0.21300840976, 0.31279390199, 0.47419768825, 0]
    ],
    [
      [0.38101333343, 0.084178032188, 0.53432095495, 0.00048767942417],
      [0.058344669105, 0.5242415521, 0.39997463336, 0.017439145434],
      [0.029540198708, 0.056001937853, 0.87468534879, 0.039772514647],
      [0.14509272111, 0.067150874117, 0.61942078486, 0.16833561992],
      [0.045027259118, 0.47223764725, 0.39090242179, 0.091832671843],
      [0.19256497672, 0.15922161347, 0.30755851783, 0.34065489197]
    ],
    [
      [0.57596229625, 0.12522309237, 0.29876957838, 4.5033003707e-05],
      [0.053633199689, 0.77773634848, 0.16233713801, 0.0062933138194],
      [0.044618819496, 0.15093504288, 0.73982662463, 0.064619512997],
      [0.2013375455, 0.13355369303, 0.40387315743, 0.26123560404],
      [0.04421829073, 0.66228936294, 0.1920801566, 0.10141218973],
      [0.20089541738, 0.19379230917, 0.13924577846, 0.46606649499]
    ],
    [
      [0, 0.13101515697, 0.86898484303, 0],
      [0, 0.59407616289, 0.40592383711, 0],
      [0, 0.05806168776, 0.94193831224, 0],
      [0, 0.09420224507, 0.90579775493, 0],
      [0, 0.55736064609, 0.44263935391, 0],
      [0, 0.34443544149, 0.65556455851, 0]
    ],
    [
      [0.51453720866, 0.04342990259, 0.44170114361, 0.00033174514018],
      [0.10712772021, 0.40830297838, 0.4714371085, 0.013132192908],
      [0.048964642426, 0.010732008639, 0.91253482307, 0.027768525867],
      [0.22765751372, 0.026747663952, 0.63020727788, 0.11538754445],
      [0.080481645145, 0.39185790403, 0.45532816071, 0.072332290119],
      [0.31689540002, 0.11046058436, 0.31932682994, 0.25331718567]
    ],
    [
      [0.52045146446, 0.10668510991, 0.37286342562, 0],
      [0.083940441854, 0.66163662312, 0.25183023898, 0.0025926960472],
      [0.057294344667, 0.11317872426, 0.81361901147, 0.015907919603],
      [0.26328050558, 0.11762511522, 0.55310451138, 0.065989867821],
      [0.069483536866, 0.60383700243, 0.29600469453, 0.030674766181],
      [0.34503232332, 0.25105122855, 0.27482977798, 0.12908667015]
    ],
