{
  "Z_true": {},
  "V_true": [
    [14, 24, 639, 69, 376, 29],
    [45, 121, 115, 966, 667, 88],
    [59, 207, 135, 4748, 548, 261],
    [493, 186, 573, 479, 18094, 483],
    [15, 848, 107, 407, 366, 85],
    [190, 44, 65, 179, 643, 95]
  ],
  "p_true": [
    [0.0122, 0.0209, 0.5552, 0.0599, 0.3267, 0.0252],
    [0.0225, 0.0604, 0.0574, 0.4825, 0.3332, 0.044],
    [0.0099, 0.0347, 0.0227, 0.7969, 0.092, 0.0438],
    [0.0243, 0.0092, 0.0282, 0.0236, 0.891, 0.0238],
    [0.0082, 0.4639, 0.0585, 0.2226, 0.2002, 0.0465],
    [0.1562, 0.0362, 0.0535, 0.1472, 0.5288, 0.0781]
  ],
  "Z_est": [
    [
      [0.1145, 0.2467, 0.5267, 0.2049, 0.3285, 0.3673, 0.1746, 0, 0, 0, 0.1375, 0.1656, 0.1806, 0.2729, 0.3184, 0.0255, 0.3323, 0.1454, 0.084, 0.0876, 0.0726, 0.1845, 0.4212, 0.5319, 0.4484, 0.2422, 0.0773, 0.3835, 0, 0, 0.097, 0, 1.0586, 0.0685, 0.4357, 0.0172],
      [0, 0, 0.3337, 0.3316, 0.2542, 0.1754, 0.2243, 0.0353, 0.0292, 0, 0.1395, 0.197, 0.2483, 0.2542, 0.3602, 0.0199, 0.2392, 0.1179, 0.1346, 0.1472, 0.0898, 0.1509, 0.4539, 0.4796, 0.4383, 0.2881, 0.0845, 0.2525, 0, 0, 0.0969, 0.007, 1.4373, 0.094, 0.4701, 0.0114],
      [10.6323, 4.0732, 44.0623, 24.4209, 25.662, 35.6252, 22.036, 0.7351, 2.1279, 0, 14.1471, 23.0818, 15.2961, 32.3546, 37.4906, 1.2607, 25.6216, 3.7324, 10.5257, 12.6109, 9.4386, 16.6464, 53.1315, 37.7712, 37.9756, 27.2822, 9.8599, 23.0006, 0, 0, 10.7045, 0.7275, 109.5089, 5.1995, 35.579, 0.3616],
      [0.4409, 0.0655, 2.1705, 1.118, 1.1744, 1.3908, 1.1182, 0.0782, 0.1297, 0, 0.6182, 1.0859, 0.9906, 1.3544, 1.5376, 0.0638, 1.0997, 0.3089, 0.5818, 0.5381, 0.392, 0.8484, 2.3719, 2.3289, 1.6411, 1.4544, 0.4525, 1.1668, 0, 0, 0.5865, 0.0237, 6.6329, 0.3903, 1.8869, 0.1069],
      [2.4463, 1.3471, 11.4704, 7.7259, 7.8728, 6.8195, 6.7229, 0.4446, 0.9735, 0, 3.4672, 7.1761, 5.9582, 8.3202, 10.8461, 0.3953, 7.4684, 0.6954, 3.1018, 3.9204, 2.3594, 4.7723, 15.022, 12.9369, 8.5087, 7.0923, 2.5557, 7.7778, 0, 0, 3.5394, 0.1367, 41.1319, 2.2196, 10.9753, 0.5029],
      [1.3659, 0.2675, 12.4364, 7.1987, 4.7081, 4.6219, 3.724, 0.7068, 1.7396, 0, 3.4905, 4.2937, 4.3263, 5.4437, 6.447, 0.2347, 4.2387, 0, 1.5721, 2.6957, 1.6475, 4.3975, 8.5995, 10.9515, 7.9879, 6.6407, 1.97, 5.4187, 0, 0, 1.9757, 0.105, 32.2302, 2.0281, 6.6529, 0]
    ],
    [
      [0.1682, 0.0219, 1.3332, 0.7681, 0.8565, 1.4203, 0.4012, 0, 0, 0, 0.4183, 0.7163, 0.4984, 0.9972, 0.796, 0.0749, 0.7242, 0.147, 0.2331, 0.2905, 0.2641, 0.8432, 0.8949, 1.2161, 1.0661, 0.8267, 0.2981, 1.1949, 0, 0.2396, 0.2416, 0, 1.8518, 0.1871, 1.7362, 0.6065],
      [0, 0.018, 1.2529, 1.8213, 0.9732, 0.271, 0.7577, 0.099, 0.1284, 0.0048, 0.6127, 0.538, 1.0077, 1.3659, 1.3327, 0.0853, 0.7722, 0.1442, 0.5478, 0.714, 0.4777, 1.0035, 1.4427, 1.6006, 1.4637, 1.4394, 0.478, 1.1499, 0, 0.3758, 0.3562, 0.1345, 3.6641, 0.3785, 2.7559, 0],
      [0.8194, 0.1201, 7.7921, 6.3458, 4.6284, 6.5672, 3.497, 0.0747, 0.3764, 0.6183, 2.9634, 4.3553, 2.8986, 8.2196, 6.4992, 0.2273, 3.8556, 0.2056, 1.982, 2.8657, 2.3492, 5.2466, 7.8456, 5.9617, 6.2928, 6.4686, 2.603, 4.9409, 0, 1.2163, 1.8151, 0.4216, 13.2616, 0.9518, 9.8154, 0.4501],
      [4.1343, 0.7424, 44.2584, 35.1902, 25.7227, 29.0674, 21.3791, 1.3001, 3.4074, 0.0491, 15.3937, 25.0935, 22.7441, 41.2988, 33.1713, 1.5841, 20.2651, 2.1523, 13.1224, 15.3979, 11.8753, 31.6962, 42.2031, 43.2923, 31.291, 39.4988, 14.3225, 30.437, 0, 3.0299, 12.1828, 2.5141, 96.406, 8.8029, 62.2395, 17.306],
      [4.8442, 1.0936, 50.6109, 50.2501, 35.5423, 31.3876, 26.7714, 1.4983, 4.9777, 1.3277, 18.3536, 34.0439, 28.5731, 52.6706, 46.8448, 2.0126, 28.1755, 1.351, 15.0107, 22.532, 14.8941, 37.7425, 55.2062, 51.3438, 35.412, 42.2051, 17.1222, 41.8981, 0, 5.1385, 15.2964, 2.8967, 124.5425, 10.5494, 75.8346, 16.6374],
      [0.0339, 0.0039, 0.7526, 0.6244, 0.2769, 0.2864, 0.1935, 0.0279, 0.1101, 0, 0.2583, 0.253, 0.2781, 0.4479, 0.3559, 0.0158, 0.2075, 0, 0.104, 0.1999, 0.1396, 0.4681, 0.4075, 0.5854, 0.4744, 0.5615, 0.1763, 0.3793, 0, 0, 0.1078, 0.0332, 1.274, 0.1302, 0.6184, 0]
    ],
    [
      [0.639, 0.112, 2.543, 0.8909, 1.7319, 4.2765, 0.6165, 0, 0, 0, 0.9498, 2.317, 1.5376, 2.5993, 1.5976, 0.2689, 0.872, 0.0454, 0.0598, 3.0884, 1.7798, 2.503, 7.0702, 3.8221, 0.0788, 0, 1.1074, 2.177, 0.5069, 0.0207, 1.4148, 0, 4.9851, 0.56, 3.8487, 0.6206],
      [0, 0, 3.1334, 2.8853, 2.6412, 0, 1.5808, 0.1601, 0.0758, 0.0234, 2.3586, 0, 4.6989, 2.6866, 3.192, 0.4378, 1.2592, 0.0875, 3.2275, 2.7423, 4.8346, 3.7711, 1.1218, 6.9709, 9.0054, 3.4633, 2.3293, 2.7978, 0, 0.203, 0.244, 0.0874, 13.7608, 1.7463, 8.5431, 0],
      [0.6763, 0.0737, 4.1239, 1.9399, 2.4413, 5.8689, 1.4112, 0.0167, 0.0399, 0.0465, 2.2524, 1.2794, 2.1566, 4.2595, 3.0963, 0.2013, 1.2181, 0.0126, 1.7947, 2.0629, 4.59, 4.1405, 5.5377, 4.4926, 7.4929, 6.7376, 2.7302, 2.3154, 0, 0.1231, 0.9366, 0.0531, 8.7284, 0.6543, 5.571, 0.0968],
      [32.0171, 5.5519, 221.4382, 108.9629, 137.8728, 221.1476, 87.9389, 4.2894, 4.1, 0.8974, 109.9617, 75.4282, 190.836, 208.028, 157.8505, 15.1412, 65.0311, 2.8544, 139.5257, 110.3643, 219.3765, 247.9381, 297.5649, 360.8146, 327.4775, 411.7979, 146.0855, 146.2242, 0, 3.616, 66.3934, 3.6304, 698.5999, 72.7694, 367.696, 41.2554],
      [0.2124, 0.0853, 0.0656, 0.9057, 1.3538, 0, 0.662, 0.008, 0.0388, 0.0327, 0, 0.7745, 1.0042, 1.7718, 2.0178, 0.0799, 0.5938, 0, 0, 1.8484, 1.125, 0.1474, 3.0572, 0.268, 0, 0, 0.1579, 1.4637, 0.4931, 0.0372, 0.6181, 0.0096, 6.1714, 0.0027, 1.8385, 0.0272],
      [1.4551, 0.1771, 21.6958, 11.4153, 8.9589, 12.707, 4.7905, 0.5258, 0.7455, 0, 10.4776, 4.201, 13.7666, 13.6548, 10.2457, 0.8709, 4.0258, 0, 6.3922, 8.8937, 15.2941, 21.4998, 16.6482, 28.6318, 27.9454, 33.0012, 10.5898, 11.0219, 0, 0, 3.393, 0.2194, 55.7545, 6.2672, 21.5027, 0]
    ],
    [
      [1.8503, 0, 29.6998, 19.2056, 30.3517, 21.4119, 15.9827, 0, 0, 0, 9.4937, 6.5507, 11.9733, 18.8093, 14.7667, 3.7441, 20.9197, 2.0087, 4.585, 3.523, 6.1586, 15.3934, 24.058, 25.8653, 28.5484, 19.6294, 6.1002, 34.613, 0, 0.2891, 5.2723, 0, 45.6404, 4.3818, 31.5871, 3.674],
      [0, 0, 1.0603, 9.9842, 1.304, 0, 1.0454, 0.7666, 0.0376, 0, 2.8973, 0, 6.6268, 0, 0.6248, 1.4139, 0.2296, 0.6646, 1.6431, 2.5304, 1.7054, 0.4516, 0, 4.6964, 9.0699, 10.4084, 0.3389, 1.3892, 0, 0.3487, 0, 0.4157, 12.4181, 2.4032, 8.2782, 0],
      [6.1082, 0.443, 34.0411, 28.3131, 27.8856, 34.3098, 24.2417, 0.0942, 0.4525, 0, 12.9916, 14.2514, 10.5767, 30.8393, 22.2863, 1.7281, 19.1787, 0.004, 5.2992, 10.1597, 10.19, 17.1455, 46.2135, 20.025, 29.1374, 23.9817, 9.9329, 23.1858, 0, 2.1063, 7.526, 0.6513, 49.4023, 3.1966, 30.0622, 0.9086],
      [3.8001, 0, 33.8235, 9.7173, 7.9523, 26.6489, 17.6247, 0.9973, 0.3375, 0, 9.9585, 6.0115, 11.9351, 14.0475, 1.3689, 0.9018, 5.9433, 1.5633, 7.818, 0, 5.2916, 18.9428, 19.7456, 30.4153, 24.5907, 40.5335, 9.2461, 7.8973, 0, 0, 6.5175, 0.5308, 47.7124, 6.818, 27.049, 11.2428],
      [135.2414, 45.557, 860.0351, 1011.2295, 993.4317, 574.1881, 868.9262, 29.9868, 36.9731, 4, 318.6307, 527.1864, 553.6725, 819.8517, 707.9533, 75.9045, 640.657, 13.7593, 196.2649, 369.6991, 278.0466, 536.63, 1435.9829, 852.7027, 620.9517, 662.3618, 279.7808, 941.7438, 18, 42.256, 320.6841, 22.2525, 2484.7167, 198.4383, 1091.1421, 185.1746],
      [0, 0, 4.3402, 2.5504, 0.0747, 1.4413, 0.1794, 0.1551, 0.1993, 0, 2.0283, 0, 1.2156, 0.4522, 0, 0.3076, 0.0717, 0, 0.3897, 0.0878, 0.6078, 1.4367, 0, 2.2953, 4.7019, 4.0852, 0.6012, 0.1708, 0, 0, 0, 0.1497, 1.1102, 0.7621, 1.8813, 0]
    ],
    [
      [1.1101, 0.8251, 0.0036, 0, 0.0009, 0.0043, 0, 0, 0, 0, 0, 0, 0, 0.0002, 0, 0.002, 0.0012, 0.0003, 0, 0, 0, 0.0044, 0, 0.001, 0.0002, 0, 0, 0.0034, 0, 0, 0, 0, 0, 0, 0, 0],
      [3.9789, 1.9693, 35.7994, 33.2932, 26.3869, 32.2548, 35.0048, 0.8952, 0.7289, 0.9627, 23.8002, 26.0655, 55.0579, 46.3891, 67.2007, 6.9534, 23.2705, 0.9741, 24.3261, 29.6743, 41.6688, 56.2458, 106.2851, 49.6754, 43.5921, 63.7927, 24.5857, 33.0126, 0, 0, 11.1515, 2.3407, 242.2337, 14.2313, 43.3115, 2.9857],
      [0.2138, 0.0538, 0.9594, 0.5117, 0.534, 1.2076, 0.688, 0.0007, 0.0033, 0.0028, 0.5193, 0.5754, 0.68, 1.1787, 1.4059, 0.0726, 0.4889, 0.0004, 0.3745, 0.5192, 0.9112, 1.255, 2.4603, 0.7988, 0.8721, 1.2834, 0.5681, 0.6034, 0, 0, 0.2278, 0.0251, 3.6954, 0.1492, 0.6788, 0.0158],
      [0.9137, 0.2901, 4.6675, 2.4246, 2.5425, 4.5334, 3.6221, 0.0135, 0.0254, 0, 2.2884, 2.8414, 4.8038, 5.0274, 5.9454, 0.4366, 2.1957, 0.0184, 2.2617, 2.3075, 3.8699, 6.6213, 11.2344, 5.1182, 3.6879, 7.0449, 2.7028, 3.1878, 0, 0, 1.3203, 0.1299, 24.0869, 1.2604, 3.7189, 0.5151],
      [1.0336, 0.4512, 5.0331, 3.359, 3.4111, 4.5786, 4.3857, 0.0146, 0.0369, 0.0345, 2.5326, 3.7697, 5.7645, 6.21, 8.5209, 0.5424, 2.9738, 0.0069, 2.3457, 3.4755, 4.6719, 7.2819, 14.435, 5.7163, 3.8007, 6.4787, 3.0274, 4.2736, 0, 0, 1.6049, 0.1431, 30.2337, 1.4059, 4.3459, 0.4834],
      [1.7499, 0.4105, 16.537, 9.4115, 6.1245, 9.4213, 7.2994, 0.076, 0.2055, 0, 7.8595, 6.748, 12.6937, 12.1947, 14.927, 0.9929, 5.0698, 0, 3.692, 7.0235, 9.8781, 20.5917, 24.5852, 14.6903, 11.0472, 19.4002, 7.1158, 8.9192, 0, 0, 2.6955, 0.3611, 70.7504, 3.9532, 7.9448, 0]
    ],
    [
      [1.118, 0.7943, 16.8937, 10.9305, 14.7305, 15.5198, 7.8249, 0, 0, 0, 5.0007, 4.2504, 6.81, 8.3211, 6.5213, 2.8846, 8.1506, 0.6532, 2.0381, 3.0105, 4.7249, 12.0715, 16.5557, 16.5636, 11.8583, 13.3017, 4.417, 15.6281, 0.4931, 0.4506, 3.9743, 0, 28.4642, 2.8026, 15.3923, 2.0817],
      [0.0211, 0.0127, 0.4202, 0.6844, 0.4405, 0.2988, 0.3869, 0.0438, 0, 0.009, 0.1918, 0.1996, 0.3604, 0.3042, 0.2896, 0.0897, 0.2292, 0.0118, 0.1208, 0.1918, 0.2237, 0.3772, 0.6965, 0.5771, 0.4307, 0.608, 0.1836, 0.3981, 0, 0.0726, 0.1513, 0.0147, 1.486, 0.1466, 0.6411, 0.0029],
      [0.5498, 0.2362, 6.0212, 5.4686, 4.8486, 6.4212, 4.1261, 0.0785, 0, 0.3323, 2.1263, 2.4567, 2.392, 4.1483, 3.2215, 0.5099, 2.637, 0.0448, 1.024, 1.7816, 2.521, 4.566, 8.8113, 4.9508, 4.2292, 6.2466, 2.3059, 3.9539, 0, 0.5544, 1.79, 0.1214, 12.4035, 0.8485, 5.2935, 0.1671],
      [0.6939, 0.3501, 8.6419, 7.587, 6.7353, 7.2119, 6.317, 0.3215, 0, 0.0535, 2.7796, 3.5395, 4.6903, 5.244, 4.1262, 0.8725, 3.4651, 0.1027, 1.6902, 2.3921, 3.1947, 6.9533, 11.8801, 9.0306, 5.3119, 9.6704, 3.1906, 6.0869, 0, 0.3541, 2.9995, 0.171, 22.5618, 1.9591, 8.4097, 1.5737],
      [2.222, 1.4657, 26.7849, 29.5298, 25.3883, 21.0263, 21.5318, 1.0477, 0, 0.6051, 9.0159, 13.0495, 16.0275, 18.1758, 15.8171, 3.0653, 13.1314, 0.1875, 5.2769, 9.5246, 10.9029, 22.4258, 42.2967, 29.0323, 16.3269, 27.8621, 10.3559, 22.843, 0.5069, 1.5684, 10.257, 0.5614, 79.2039, 6.3841, 27.8635, 4.1745],
      [0.3952, 0.141, 9.2381, 8.7997, 4.8568, 4.522, 3.8132, 0.5084, 0, 0, 2.8858, 2.5043, 3.7198, 3.8066, 3.0244, 0.578, 2.3866, 0, 0.8499, 2.0993, 2.4328, 6.6062, 7.7596, 7.8456, 4.8431, 8.3113, 2.547, 5.09, 0, 0, 1.8279, 0.1315, 19.8807, 1.8591, 5.3999, 0]
    ]
  ],
  "V_est": [
    [7.7518, 7.596, 722.6836, 36.1484, 216.7034, 160.1167],
    [21.332, 29.1673, 134.5523, 802.5718, 1004.5911, 9.7855],
    [54.6409, 90.0692, 89.1726, 5310.4773, 26.8717, 386.7683],
    [466.0871, 82.7522, 556.8694, 416.9827, 18754.0129, 31.2957],
    [1.9565, 1210.0986, 23.5347, 121.658, 146.3826, 324.3696],
    [264.2316, 10.3165, 107.1875, 160.1618, 545.4383, 128.6643]
  ],
  "p_est": [
    [0.0067, 0.0066, 0.6279, 0.0314, 0.1883, 0.1391],
    [0.0107, 0.0146, 0.0672, 0.4009, 0.5018, 0.0049],
    [0.0092, 0.0151, 0.015, 0.8913, 0.0045, 0.0649],
    [0.023, 0.0041, 0.0274, 0.0205, 0.9235, 0.0015],
    [0.0011, 0.662, 0.0129, 0.0666, 0.0801, 0.1774],
    [0.2173, 0.0085, 0.0881, 0.1317, 0.4486, 0.1058]
  ],
  "EI_Z": {},
  "EI_V": 8.2302,
  "MAE_Z": {},
  "MAE_V": 148.4308,
  "MAE_p": 0.0536,
  "runtime": 0.007
}
