{
  "X": [
    [35, 5, 44, 16],
    [37, 8, 41, 14],
    [35, 12, 37, 16],
    [38, 19, 27, 16],
    [44, 8, 31, 17],
    [34, 13, 26, 27],
    [36, 13, 37, 14],
    [44, 9, 33, 14],
    [42, 12, 22, 24],
    [39, 16, 20, 25],
    [40, 15, 23, 22],
    [46, 16, 21, 17],
    [46, 18, 19, 17],
    [44, 15, 24, 17],
    [44, 8, 36, 12],
    [36, 17, 26, 21],
    [33, 12, 27, 28],
    [24, 17, 27, 32],
    [22, 22, 24, 32],
    [10, 16, 34, 40],
    [25, 24, 22, 29],
    [28, 21, 26, 25],
    [19, 14, 32, 35],
    [16, 18, 26, 40],
    [26, 18, 28, 28],
    [24, 13, 45, 18],
    [26, 16, 43, 15],
    [20, 16, 52, 12],
    [27, 15, 44, 14],
    [17, 15, 47, 21],
    [27, 18, 40, 15],
    [24, 13, 50, 13],
    [24, 19, 40, 17],
    [42, 13, 24, 21],
    [50, 9, 22, 19],
    [37, 10, 27, 26],
    [34, 11, 22, 33],
    [31, 10, 31, 28],
    [43, 6, 25, 26],
    [46, 7, 28, 19],
    [40, 9, 29, 22],
    [33, 17, 22, 28],
    [20, 30, 18, 32],
    [21, 26, 19, 34],
    [12, 38, 18, 32],
    [10, 37, 25, 28],
    [15, 33, 23, 29],
    [21, 42, 15, 22],
    [20, 27, 21, 32],
    [18, 28, 24, 30]
  ],
  "W": [
    [60, 5, 12, 10, 6, 7],
    [58, 12, 8, 4, 7, 11],
    [51, 9, 14, 9, 7, 10],
    [57, 13, 6, 5, 6, 13],
    [63, 9, 7, 6, 8, 7],
    [54, 12, 14, 6, 7, 7],
    [47, 16, 11, 10, 6, 10],
    [58, 12, 8, 8, 6, 8],
    [25, 37, 13, 9, 6, 10],
    [6, 64, 5, 6, 7, 12],
    [5, 51, 12, 7, 13, 12],
    [14, 55, 7, 8, 9, 7],
    [8, 55, 9, 11, 8, 9],
    [8, 62, 10, 4, 10, 6],
    [10, 58, 5, 7, 10, 10],
    [8, 58, 8, 7, 10, 9],
    [6, 48, 26, 8, 8, 4],
    [11, 7, 56, 10, 9, 7],
    [11, 13, 50, 8, 12, 6],
    [9, 4, 59, 13, 5, 10],
    [11, 6, 52, 9, 9, 13],
    [14, 9, 52, 14, 7, 4],
    [5, 8, 59, 10, 10, 8],
    [5, 11, 52, 8, 10, 14],
    [8, 6, 62, 2, 10, 12],
    [8, 12, 7, 60, 7, 6],
    [5, 9, 9, 60, 8, 9],
    [7, 5, 11, 61, 10, 6],
    [13, 3, 12, 60, 4, 8],
    [7, 4, 7, 64, 9, 9],
    [4, 8, 5, 58, 14, 11],
    [12, 6, 10, 55, 5, 12],
    [6, 6, 8, 68, 7, 5],
    [13, 9, 5, 21, 42, 10],
    [6, 13, 9, 8, 56, 8],
    [13, 7, 11, 8, 52, 9],
    [5, 7, 10, 8, 58, 12],
    [8, 8, 13, 7, 52, 12],
    [6, 4, 7, 7, 68, 8],
    [12, 6, 4, 8, 62, 8],
    [12, 9, 6, 8, 60, 5],
    [8, 7, 9, 7, 44, 25],
    [13, 9, 15, 6, 6, 51],
    [7, 10, 9, 8, 13, 53],
    [13, 4, 8, 8, 5, 62],
    [7, 14, 8, 6, 8, 57],
    [8, 9, 9, 8, 9, 57],
    [10, 10, 6, 8, 7, 59],
    [10, 10, 10, 10, 9, 51],
    [9, 5, 8, 12, 12, 54]
  ],
  "method": "mult",
  "cond_prob": [
    [
      [0.42810513092, 0.016272517511, 0.47096822693, 0.084654124637],
      [0.52346334527, 0.064291438992, 0.25639234934, 0.1558528664],
      [0.1036213171, 0.10381917364, 0.33110043868, 0.46145907058],
      [0.16151583461, 0.069327350836, 0.68841105198, 0.080745762576],
      [0.4748533966, 0.0080099491874, 0.26848203687, 0.24865461734],
      [0.035271425449, 0.33489529051, 0.16513998298, 0.46469330106]
    ],
    [
      [0.4263462755, 0.023115919871, 0.47860251978, 0.071935284847],
      [0.51850344418, 0.090761215092, 0.25901232733, 0.1317230134],
      [0.10548254708, 0.15042602758, 0.34362121091, 0.40047021443],
      [0.15655312365, 0.095705056531, 0.68098622836, 0.066755591455],
      [0.48840731066, 0.01175423225, 0.28164621656, 0.21819224053],
      [0.032817864241, 0.4420150883, 0.15656661186, 0.36860043561]
    ],
    [
      [0.45627559564, 0.033422009565, 0.43296490616, 0.077337488642],
      [0.52254579202, 0.1234940139, 0.22066285614, 0.13329733794],
      [0.10533977303, 0.20293600806, 0.29036999578, 0.40135422313],
      [0.16853205439, 0.13919776454, 0.62002474438, 0.072245436691],
      [0.50803558949, 0.016518666446, 0.24766496104, 0.22778078302],
      [0.02900206886, 0.52677940265, 0.1171160317, 0.32710249678]
    ],
    [
      [0.49527011901, 0.057193875269, 0.35411101039, 0.093424995331],
      [0.50637897895, 0.18868643319, 0.16110581942, 0.14382876844],
      [0.096561484353, 0.29303056802, 0.20036650506, 0.41004144257],
      [0.18021744686, 0.23451158885, 0.49935007064, 0.085920893651],
      [0.52135702793, 0.026726990406, 0.1914817839, 0.26043419776],
      [0.022120995086, 0.63277400458, 0.067222688817, 0.27788231151]
    ],
    [
      [0.51315826141, 0.029820145551, 0.35646169346, 0.10055989958],
      [0.55791742742, 0.10486616979, 0.17253378965, 0.16468261314],
      [0.11153405541, 0.17099065967, 0.2248161426, 0.49265914232],
      [0.20654065764, 0.13560430237, 0.55559631354, 0.10225872645],
      [0.52572646658, 0.013556100315, 0.18766843816, 0.27304899494],
      [0.031657539854, 0.46140267306, 0.093471852528, 0.41346793455]
    ],
    [
      [0.4622943554, 0.045917865215, 0.34139768428, 0.1503900951],
      [0.46747025968, 0.14997563235, 0.15363606033, 0.22891804764],
      [0.076497221699, 0.20008726332, 0.16399291745, 0.55942259752],
      [0.17226545132, 0.19308678551, 0.49299079644, 0.14165696673],
      [0.43776634285, 0.019298102376, 0.16608650475, 0.37684905003],
      [0.019789441058, 0.48979570616, 0.062139430279, 0.42827542251]
    ],
    [
      [0.45376467359, 0.035375042208, 0.4402541847, 0.070606099499],
      [0.52152250938, 0.13116192517, 0.22516256467, 0.12215300078],
      [0.10676840241, 0.21877861493, 0.30079759287, 0.37365538979],
      [0.16575189935, 0.14563700004, 0.62340022261, 0.065210877995],
      [0.51419334975, 0.017794850712, 0.25627891533, 0.2117328842],
      [0.028743153693, 0.55495187255, 0.11861204625, 0.2976929275]
    ],
    [
      [0.51826282501, 0.029104465846, 0.37414631659, 0.07848639256],
      [0.57774354228, 0.10482368986, 0.18566391375, 0.1317688541],
      [0.12520969317, 0.18518573241, 0.26236386812, 0.42724070631],
      [0.20777318954, 0.13167725653, 0.58103192905, 0.079517624876],
      [0.5564460428, 0.013868633256, 0.20642022318, 0.22326510077],
      [0.035503414383, 0.4972381453, 0.10897571699, 0.35828272333]
    ],
    [
      [0.54040270777, 0.029044635016, 0.31757887307, 0.11297378414],
      [0.5717416419, 0.099032405715, 0.14936480372, 0.17986114866],
      [0.11355820314, 0.16008646579, 0.19360573262, 0.53274959845],
      [0.22658457215, 0.13705462241, 0.51660685452, 0.11975395092],
      [0.5324255843, 0.012705949614, 0.16058867486, 0.29427979122],
      [0.032660761293, 0.43219330207, 0.081496567885, 0.45364936875]
    ],
    [
      [0.46513778135, 0.035948402914, 0.37417169832, 0.12474211742],
      [0.49760755516, 0.12387949462, 0.17765407981, 0.20085887041],
      [0.087983878747, 0.17796131186, 0.20485841411, 0.52919639529],
      [0.17638362182, 0.15316555957, 0.55096093668, 0.11948988193],
      [0.46386116449, 0.015921421619, 0.19122459814, 0.32899281575],
      [0.024305461973, 0.46030915526, 0.082697879398, 0.43268750337]
    ],
    [
      [0.48688815719, 0.031630954051, 0.39104898523, 0.090431903532],
      [0.54195549816, 0.11340040065, 0.19321398428, 0.15143011691],
      [0.10884025689, 0.18519710534, 0.25326493292, 0.45269770485],
      [0.18798176829, 0.13730022502, 0.58646579431, 0.08825221238],
      [0.51782153866, 0.01493927196, 0.213170696, 0.25406849339],
      [0.030623366686, 0.48796919744, 0.10416873723, 0.37723869865]
    ],
    [
      [0.53132604615, 0.042125629057, 0.33931766886, 0.087230655938],
      [0.55973841767, 0.14310709563, 0.15881686567, 0.13833762102],
      [0.11609518565, 0.24135060445, 0.21473571394, 0.42781849596],
      [0.20903988983, 0.18645802716, 0.51781816433, 0.086683918679],
      [0.55643180483, 0.019588505712, 0.18227989933, 0.24169979013],
      [0.02928240321, 0.57220050281, 0.07920844183, 0.31930865215]
    ],
    [
      [0.56613672378, 0.042348039304, 0.30905700002, 0.082458236898],
      [0.58729011899, 0.14155077224, 0.1424239903, 0.12873511847],
      [0.12805200134, 0.25096756957, 0.20257106031, 0.41840936878],
      [0.23106853485, 0.19436534074, 0.48952049537, 0.08504562904],
      [0.58880128342, 0.019558092187, 0.16486542651, 0.22677519789],
      [0.031884806866, 0.58594549499, 0.073770890846, 0.3083988073]
    ],
    [
      [0.47511157448, 0.037239906098, 0.41023302808, 0.077415491344],
      [0.53155141991, 0.13434586233, 0.20374603689, 0.13035668087],
      [0.10863643458, 0.22319862423, 0.27146444568, 0.39670049551],
      [0.17716448793, 0.15618796129, 0.59374325374, 0.072904297037],
      [0.52404652255, 0.018239005288, 0.23193408443, 0.22578038774],
      [0.028763988177, 0.55529831775, 0.10504364522, 0.31089404885]
    ],
    [
      [0.42154393668, 0.015974625715, 0.51283654138, 0.04964489622],
      [0.54358673265, 0.066390713324, 0.29365971464, 0.096362839386],
      [0.12259113826, 0.12169269064, 0.43180707708, 0.32390909402],
      [0.15516395915, 0.066107395503, 0.73257197789, 0.046156667453],
      [0.5122670702, 0.0086205712782, 0.31953039951, 0.15958195901],
      [0.0429538426, 0.39999583179, 0.22117765866, 0.33587266695]
    ],
    [
      [0.41706783954, 0.040349556092, 0.44332569258, 0.099256911779],
      [0.46686298907, 0.14556607636, 0.22035135725, 0.16721957732],
      [0.083692825582, 0.21212521567, 0.25759942696, 0.44658253179],
      [0.14673977267, 0.15962288594, 0.60541772429, 0.088219617103],
      [0.45101535555, 0.01937628518, 0.24578950542, 0.28381885385],
      [0.022187310567, 0.52754189394, 0.099831312464, 0.35043948303]
    ],
    [
      [0.43384510485, 0.028476100297, 0.429125951, 0.10855284385],
      [0.49330463147, 0.10433915015, 0.21672421866, 0.18563199972],
      [0.089360890859, 0.15387971181, 0.25636238628, 0.50039701105],
      [0.16095321913, 0.1189171949, 0.61828652868, 0.10184305729],
      [0.45516744649, 0.013265051303, 0.23089615249, 0.30067134972],
      [0.02635060302, 0.42588014778, 0.11057997266, 0.43718927654]
    ],
    [
      [0.51904667019, 0.032195576326, 0.36311540901, 0.085642344481],
      [0.56886777396, 0.11347447909, 0.17674143927, 0.14091630767],
      [0.11925423791, 0.19512067705, 0.24390237521, 0.44172270982],
      [0.2061245927, 0.14456926359, 0.56279526152, 0.086510882184],
      [0.54919309081, 0.015118801214, 0.19707602895, 0.23861207903],
      [0.032978612535, 0.50534635464, 0.098876318916, 0.3627987139]
    ],
    [
      [0.46361406655, 0.051197766916, 0.38237261298, 0.10281555355],
      [0.48665995245, 0.17295786992, 0.17827761589, 0.16210456174],
      [0.088649595895, 0.25774701868, 0.21316431401, 0.44043907141],
      [0.16603695227, 0.20700118754, 0.53349173757, 0.093470122622],
      [0.48630446884, 0.023838053389, 0.20573679622, 0.28412068154],
      [0.021495518166, 0.58580342396, 0.07571753163, 0.31698352625]
    ],
    [
      [0.31085605081, 0.032268321954, 0.53341011674, 0.1234655105],
      [0.37158291673, 0.12391200267, 0.28306253352, 0.22144254708],
      [0.056414941761, 0.1548758938, 0.28405726308, 0.50465190136],
      [0.10096005161, 0.1187603153, 0.67798792648, 0.1022917066],
      [0.33653854195, 0.015501124826, 0.29615692122, 0.35180341201],
      [0.016486232489, 0.42337129268, 0.12178972494, 0.43835274989]
    ],
    [
      [0.57034723916, 0.041117872278, 0.31083694366, 0.077697944908],
      [0.59590434225, 0.13806660993, 0.14416978776, 0.12185926006],
      [0.13234161096, 0.25163489038, 0.21098819519, 0.40503530347],
      [0.23304743962, 0.18997301131, 0.49617057997, 0.080808969093],
      [0.59875361198, 0.019158257746, 0.16732524321, 0.21476288706],
      [0.033106144688, 0.58854357461, 0.0773679565, 0.3009823242]
    ],
    [
      [0.55993707842, 0.043197728834, 0.32457787244, 0.072287320313],
      [0.58832361452, 0.14605236685, 0.15155879935, 0.11406521928],
      [0.13116314761, 0.26679117326, 0.2220699974, 0.37997568173],
      [0.2242679076, 0.19554467863, 0.50661761893, 0.073569794836],
      [0.59813325316, 0.020480104326, 0.17794700199, 0.20343964053],
      [0.03209500548, 0.61221745251, 0.079667651079, 0.27601989093]
    ],
    [
      [0.44009577616, 0.024931177869, 0.44594660159, 0.089026444385],
      [0.51666122753, 0.094079220296, 0.23239414309, 0.15686540908],
      [0.099940799037, 0.14945731599, 0.29638878887, 0.4542130961],
      [0.16350570485, 0.10480437774, 0.64746948212, 0.084220435286],
      [0.48141837649, 0.012103074325, 0.25013124929, 0.2563472999],
      [0.030445189783, 0.42608123301, 0.13236623432, 0.41110734289]
    ],
    [
      [0.40811070804, 0.033371247428, 0.44056264386, 0.11795540067],
      [0.45964301215, 0.12077207147, 0.22016800324, 0.19941691314],
      [0.07810660231, 0.16837151791, 0.24653761807, 0.50698426171],
      [0.14537906187, 0.1343728191, 0.61330699458, 0.10694112445],
      [0.42543782839, 0.015440724549, 0.23539910833, 0.32372233873],
      [0.022198230408, 0.44710400585, 0.10266867048, 0.42802909326]
    ],
    [
      [0.54026075782, 0.025974312463, 0.37553019111, 0.05823473861],
      [0.61557511885, 0.095090454054, 0.18976523345, 0.099569193652],
      [0.14868626551, 0.18871935927, 0.30250026774, 0.36009410748],
      [0.22033696892, 0.11987459645, 0.59928168233, 0.060506752301],
      [0.60200645347, 0.012844653937, 0.21439551809, 0.1707533745],
      [0.043393670474, 0.51491825375, 0.12936475549, 0.31232332028]
    ],
    [
      [0.45442469667, 0.029802815906, 0.40510845891, 0.11066402851],
      [0.50637656198, 0.1069273693, 0.20107199256, 0.18562407616],
      [0.092126485916, 0.15915793327, 0.23985667268, 0.50885890813],
      [0.17176811478, 0.12721979035, 0.59486463056, 0.10614746431],
      [0.46885158052, 0.013648077792, 0.21493574772, 0.30256459397],
      [0.026747720493, 0.43376468337, 0.10222317629, 0.43726441986]
    ],
    [
      [0.51370500399, 0.031844801546, 0.37478522285, 0.079664971608],
      [0.56894905539, 0.11347650285, 0.18483767183, 0.13273676992],
      [0.12074851586, 0.1972626256, 0.25762719681, 0.42436166173],
      [0.20275961364, 0.14201001489, 0.57534818011, 0.079882191356],
      [0.55154398397, 0.015175325004, 0.20688505631, 0.22639563471],
      [0.033497326368, 0.51287207578, 0.10493324663, 0.34869735122]
    ],
    [
      [0.42111206651, 0.037248878487, 0.47307462483, 0.068564430166],
      [0.49261144643, 0.14026360559, 0.24646009627, 0.1206648517],
      [0.097015095166, 0.22632545416, 0.31871521205, 0.35794423862],
      [0.1474513116, 0.14743670766, 0.64412660224, 0.060985378511],
      [0.48830974501, 0.019169264151, 0.28207252748, 0.21044846335],
      [0.025870885281, 0.56661356129, 0.12479553331, 0.28272002012]
    ],
    [
      [0.54152471873, 0.029632513527, 0.35592260767, 0.072920160078],
      [0.59832744218, 0.1053442626, 0.1751270771, 0.12120121812],
      [0.13472310636, 0.19449067847, 0.25919501043, 0.41159120474],
      [0.22130678603, 0.13693593605, 0.56600145845, 0.075755819468],
      [0.58183887517, 0.01412999671, 0.19663438727, 0.20739674085],
      [0.037857652838, 0.51256210169, 0.10696976564, 0.34261047983]
    ],
    [
      [0.38995160057, 0.034360483551, 0.4429796022, 0.13270831368],
      [0.43450393792, 0.12318830207, 0.21982010385, 0.22248765616],
      [0.069573562039, 0.16166891737, 0.23127143817, 0.53748608242],
      [0.13736032426, 0.13681948758, 0.60701869196, 0.1188014962],
      [0.39611950321, 0.01549101225, 0.23138441281, 0.35700507172],
      [0.019782678546, 0.43104202576, 0.096573647717, 0.45260164798]
    ],
    [
      [0.51532450011, 0.036895884779, 0.36677607492, 0.081003540187],
      [0.56059207208, 0.12915898731, 0.17766817855, 0.13258076206],
      [0.11732144255, 0.22119351832, 0.24396110049, 0.41752393865],
      [0.20103937923, 0.16252361612, 0.55620996676, 0.080227037896],
      [0.55133797924, 0.017521748397, 0.2017430244, 0.22939724796],
      [0.030996955051, 0.54769977428, 0.094609453882, 0.32669381678]
    ],
    [
      [0.47496765032, 0.024185161164, 0.43526445778, 0.065582730728],
      [0.56195925831, 0.092038131558, 0.22928862197, 0.11671398817],
      [0.12268974124, 0.16462056226, 0.32890007038, 0.38378962612],
      [0.18209229717, 0.10475461458, 0.6492596727, 0.063893415548],
      [0.53790575846, 0.012157178941, 0.25341256587, 0.19652449673],
      [0.03735761153, 0.46939046624, 0.14703816657, 0.34621375566]
    ],
    [
      [0.50906351722, 0.04359575045, 0.34002263703, 0.1073180953],
      [0.52896818308, 0.1458169673, 0.15737989, 0.16783495962],
      [0.099940236414, 0.22582157436, 0.19531800257, 0.47892018666],
      [0.196015784, 0.18982017405, 0.50916436424, 0.10499967771],
      [0.51540524592, 0.019588444506, 0.17704767925, 0.28795863032],
      [0.02546334231, 0.54022311792, 0.073088322735, 0.36122521703]
    ],
    [
      [0.55148437095, 0.039917026007, 0.316448301, 0.092150302041],
      [0.57462470915, 0.13426250242, 0.14666099602, 0.14445179241],
      [0.12023760574, 0.22903755328, 0.20029097907, 0.45043386191],
      [0.22399601561, 0.18288984105, 0.4984713252, 0.094642818129],
      [0.56551205423, 0.018168083522, 0.16663144848, 0.24968841377],
      [0.030745840002, 0.55314307179, 0.074995659445, 0.34111542876]
    ],
    [
      [0.5627780282, 0.030678227478, 0.33864555862, 0.067898185694],
      [0.61539504175, 0.10845125244, 0.16448518947, 0.11166851634],
      [0.14543681117, 0.20896283608, 0.25353958634, 0.39206076641],
      [0.23498850492, 0.14463444601, 0.54874166106, 0.071635388015],
      [0.60559623999, 0.014649982748, 0.18689124629, 0.19286253097],
      [0.039730205777, 0.54168475756, 0.10128491189, 0.31730012477]
    ],
    [
      [0.45476305012, 0.034517834145, 0.4131725091, 0.097546606629],
      [0.50720240509, 0.12441384544, 0.20476144151, 0.16362230797],
      [0.095887908057, 0.19179582262, 0.2525615345, 0.45975473482],
      [0.16878780187, 0.14464095423, 0.59506312633, 0.091508117573],
      [0.48403068057, 0.016304404054, 0.22561204599, 0.27405286938],
      [0.02630247098, 0.49870209999, 0.10134922682, 0.37364620222]
    ],
    [
      [0.45406948805, 0.036306596356, 0.38525497232, 0.12436894327],
      [0.48856795433, 0.12612787203, 0.18408223212, 0.20122194152],
      [0.085604186315, 0.18010586895, 0.21051614599, 0.52377379874],
      [0.16981375305, 0.15314144269, 0.55946725539, 0.11757754887],
      [0.45594904011, 0.016181767051, 0.19836132841, 0.32950786443],
      [0.023470624616, 0.4665537196, 0.084404883857, 0.42557077193]
    ],
    [
      [0.38672877127, 0.028583049789, 0.48909603222, 0.095592146722],
      [0.46043628398, 0.1098270702, 0.25860695815, 0.17112968767],
      [0.082417245625, 0.16020785995, 0.30220776061, 0.45516713381],
      [0.13568824142, 0.113076203, 0.66643347821, 0.084802077364],
      [0.42854296684, 0.014059434685, 0.27792054821, 0.27947705027],
      [0.024348195384, 0.44656069878, 0.13057406997, 0.39851703587]
    ],
    [
      [0.48459302702, 0.024659981425, 0.39827581933, 0.092471172232],
      [0.5504108218, 0.090700561414, 0.20092634858, 0.1579622682],
      [0.11127822049, 0.14967519323, 0.26488938401, 0.47415720227],
      [0.19058734199, 0.10971602384, 0.60781839978, 0.091878234386],
      [0.51343356979, 0.011591114631, 0.21640434301, 0.25857097257],
      [0.033394672529, 0.42878780999, 0.11623578652, 0.42158173095]
    ],
    [
      [0.49195477554, 0.028092438324, 0.40927880909, 0.070673977043],
      [0.56474032857, 0.1044437428, 0.20877167958, 0.12204424905],
      [0.12299324502, 0.18565231002, 0.29640245147, 0.3949519935],
      [0.1910032196, 0.12338977754, 0.61629533045, 0.069311672412],
      [0.54600234393, 0.013831820342, 0.23303784737, 0.20712798835],
      [0.035147937395, 0.50667089664, 0.12388725825, 0.33429390772]
    ],
    [
      [0.43758987851, 0.04154619393, 0.43478575944, 0.086078168116],
      [0.48891541793, 0.15051622442, 0.21588596905, 0.1446823886],
      [0.092679213465, 0.23306874552, 0.26672753123, 0.40752450979],
      [0.15563852086, 0.16739925474, 0.59963636712, 0.077325857288],
      [0.48276743126, 0.020329425533, 0.24611020996, 0.25079293325],
      [0.023611003284, 0.56951453641, 0.099391110803, 0.3074833495]
    ],
    [
      [0.4861180804, 0.034142615383, 0.38392389097, 0.095815413245],
      [0.53395046986, 0.12071267072, 0.18713297845, 0.15820388097],
      [0.10480013204, 0.19299455294, 0.24021639912, 0.4619889159],
      [0.18651388291, 0.14741494346, 0.57301518233, 0.093055991307],
      [0.51130332691, 0.015946508545, 0.2069396751, 0.26581048945],
      [0.028859955491, 0.49721896715, 0.09673374685, 0.3771873305]
    ],
    [
      [0.52849117255, 0.032685643332, 0.34265029214, 0.096172891973],
      [0.56865788734, 0.1127949343, 0.1632344858, 0.15531269255],
      [0.11587209421, 0.18885425768, 0.21992670894, 0.47534693917],
      [0.21247717759, 0.14854417307, 0.54037492274, 0.098603726593],
      [0.54394694801, 0.01493325096, 0.18042569717, 0.26069410386],
      [0.032133420021, 0.48689453028, 0.089289961293, 0.3916820884]
    ],
    [
      [0.5080385734, 0.027296278081, 0.3645409025, 0.10012424603],
      [0.55997429952, 0.096506733668, 0.17785361636, 0.16566535044],
      [0.11172634245, 0.15801417468, 0.23436033065, 0.49589915222],
      [0.20316540947, 0.12327860151, 0.57153901998, 0.10201696904],
      [0.52356529899, 0.012488212818, 0.19214919528, 0.27179729291],
      [0.032895969909, 0.43240935181, 0.10096995917, 0.4337247191]
    ],
    [
      [0.44274271528, 0.042181456628, 0.40538306427, 0.10969276382],
      [0.48034170315, 0.14663008281, 0.19453010528, 0.17849810877],
      [0.084582236858, 0.21319994183, 0.2276852927, 0.47453252861],
      [0.15822527692, 0.17094579152, 0.57049942896, 0.1003295026],
      [0.46240320898, 0.019548919428, 0.21645173401, 0.30159613758],
      [0.022193780808, 0.51997901107, 0.08752247223, 0.37030473589]
    ],
    [
      [0.2853395375, 0.041346454993, 0.58067790494, 0.092636102569],
      [0.35063484696, 0.16292586709, 0.31558083213, 0.17085845382],
      [0.055295315856, 0.21102483893, 0.32906851774, 0.40461132748],
      [0.087304166121, 0.14293675016, 0.69749441533, 0.072264668396],
      [0.33789324624, 0.021735046284, 0.35144844383, 0.28892326364],
      [0.01494764162, 0.52997005013, 0.13011711093, 0.32496519732]
    ],
    [
      [0.4181651402, 0.033723118729, 0.46116506291, 0.086946678161],
      [0.48579217741, 0.1256037367, 0.23703047518, 0.15157361071],
      [0.090492089854, 0.19247954375, 0.29237768082, 0.42465068557],
      [0.14760035378, 0.13464716339, 0.63941678577, 0.078335697058],
      [0.46571873713, 0.016670656017, 0.26260966356, 0.25500094329],
      [0.025353005097, 0.5011532251, 0.11990554776, 0.35358822205]
    ],
    [
      [0.58475070887, 0.042655526466, 0.30413205609, 0.068461708572],
      [0.60987011366, 0.14262989932, 0.14034260816, 0.10715737886],
      [0.14106006614, 0.27130177747, 0.21488521212, 0.37275294427],
      [0.24001859423, 0.19799935467, 0.49026915905, 0.071712892047],
      [0.62240114718, 0.020152927894, 0.16551972668, 0.19192619824],
      [0.034539639192, 0.61722131594, 0.077014619443, 0.27122442543]
    ],
    [
      [0.49447642879, 0.029116101542, 0.37822147192, 0.098185997747],
      [0.54771615293, 0.10345047769, 0.18556764626, 0.16326572313],
      [0.10796164622, 0.16738390905, 0.24157976526, 0.48307467946],
      [0.19348442948, 0.12869416306, 0.57991789818, 0.097903509271],
      [0.51527199458, 0.013468994672, 0.20170994784, 0.26954906291],
      [0.031269716919, 0.45067676615, 0.10244423816, 0.41560927877]
    ],
    [
      [0.46695970926, 0.028622298112, 0.41580628256, 0.088611710066],
      [0.53312560992, 0.10478912311, 0.21025047617, 0.15183479081],
      [0.10517991315, 0.16998992042, 0.27443223274, 0.45039793369],
      [0.17635095518, 0.12224162067, 0.61602469741, 0.085382726747],
      [0.50435189271, 0.013721986839, 0.22983529319, 0.25209082726],
      [0.030702648723, 0.46130120754, 0.11733267227, 0.39066347146]
    ]
  ],
  "expected_outcome": [
    [
      [25.6863078553, 24.7280839791, 23.2700553775, 28.2303967836, 32.3289704687, 24.9638951918, 21.3269396588, 30.0592438503, 13.5100676942, 2.7908266881, 2.4344407859, 7.438564646, 4.5290937902, 3.8008925958, 4.2154393668, 3.3365427164, 2.6030706291, 5.709513372, 5.0997547321, 2.7977044573, 6.2738196307, 7.8391190978, 2.2004788808, 2.0405535402, 4.3220860626, 3.6353975734, 2.56852502, 2.9477844656, 7.0398213435, 2.729661204, 2.0612980004, 5.6996118039, 3.0543811033, 7.1692968224, 3.3766681692, 5.9119196516, 2.2703474403, 3.0938301701, 2.9075581621, 5.9034573065, 5.2510785422, 3.8889446432, 6.8703852432, 3.5562700138, 5.7556552987, 1.9973767625, 3.3453211216, 5.8475070887, 4.9447642879, 4.2026373833],
      [0.97635105065, 1.3407233525, 1.7045224878, 3.2600508904, 1.8786691697, 2.4795647216, 1.6626269838, 1.6880590191, 0.7261158754, 0.21569041748, 0.15815477025, 0.5897588068, 0.33878431443, 0.29791924879, 0.15974625715, 0.32279644874, 0.17085660178, 0.35415133959, 0.56317543607, 0.29041489758, 0.45229659506, 0.60476820367, 0.12465588935, 0.16685623714, 0.2077944997, 0.23842252724, 0.15922400773, 0.26074214941, 0.38522267585, 0.24052338485, 0.14758353911, 0.29022193397, 0.2615745027, 0.51892133809, 0.18406936487, 0.44873184389, 0.18153298178, 0.22866439831, 0.14795988855, 0.33710925989, 0.49855432716, 0.27314092307, 0.42491336331, 0.19107394657, 0.54835893617, 0.28942518495, 0.26978494983, 0.42655526466, 0.29116101542, 0.25760068301],
      [28.2580936158, 27.7589461473, 22.081210214, 20.1843275922, 22.457086688, 18.4354749511, 20.691946681, 21.7004863621, 7.9394718269, 2.2450301899, 1.9552449262, 4.750447364, 2.4724560001, 3.2818642247, 5.1283654138, 3.5466055407, 2.574755706, 3.9942694991, 4.2060987427, 4.8006910507, 3.4192063802, 4.5440902141, 2.2297330079, 2.2028132193, 3.0042415289, 3.2408676713, 1.8739261143, 3.3115223738, 4.6269938997, 3.1008572154, 1.4671042997, 5.2231734934, 2.0401358222, 4.113827913, 2.0318733517, 5.3712426183, 1.9262748616, 3.9127682578, 2.389654916, 4.9113457091, 5.2174291133, 3.0713911278, 4.4544537979, 2.5517863175, 5.2699798355, 4.0647453346, 3.6893205033, 3.0413205609, 3.7822147192, 3.7422565431],
      [5.0792474782, 4.1722465211, 3.9442119207, 5.3252247339, 6.3352736736, 8.1210651354, 3.3184866765, 4.5522107685, 2.8243446035, 0.74845270452, 0.45215951766, 1.2212291831, 0.65966589518, 0.61932393075, 0.4964489622, 0.79405529423, 0.65131706312, 0.94206578929, 1.1309710891, 1.1111895945, 0.85467739398, 1.0120224844, 0.44513222193, 0.58977700334, 0.46587790888, 0.88531222807, 0.39832485804, 0.47995101116, 0.94796208101, 0.92895819575, 0.32401416075, 0.78699276873, 0.64390857182, 1.1979539265, 0.40738911417, 1.2681058862, 0.62184471633, 0.76473717377, 0.55482703339, 0.84808772452, 1.0329380174, 0.76652330596, 1.2502475957, 0.70086972218, 1.4260059297, 0.64845271798, 0.69557342529, 0.68461708572, 0.98185997747, 0.79750539059]
    ],
    [
      [2.6173167263, 6.2220413301, 4.7029121282, 6.5829267264, 5.0212568468, 5.6096431162, 8.3443601501, 6.9329225074, 21.1544407503, 31.8468835303, 27.639730406, 30.7856129718, 32.3009565443, 32.9561880347, 31.5280304938, 27.078053366, 23.6786223107, 3.9820744178, 6.3265793819, 1.4863316669, 3.5754260535, 5.2949125307, 4.1332898202, 5.0560731337, 3.6934507131, 6.0765187437, 5.1205414985, 2.4630572321, 1.7949823266, 1.7380157517, 4.4847365767, 3.3717555498, 3.1738090985, 5.1716223824, 8.0001355427, 3.5504168356, 3.4199756803, 3.6834902719, 2.2016432872, 3.3884419714, 4.4002387614, 3.7376532891, 5.1179209861, 5.5997429952, 1.9213668126, 4.9088878575, 4.3721295967, 6.0987011366, 5.4771615293, 2.6656280496],
      [0.32145719496, 1.0891345811, 1.1114461251, 2.4529236315, 0.94379552812, 1.7997075882, 2.0985908027, 1.2578842784, 3.6641990114, 7.9282876555, 5.783420433, 7.8708902598, 7.7852924731, 8.3294434646, 3.8506613728, 8.4428324288, 5.008279207, 0.79432135365, 2.248452309, 0.49564801069, 0.82839965959, 1.3144713016, 0.75263376237, 1.3284927861, 0.57054272432, 1.2831284316, 1.0212885257, 0.70131802796, 0.31603278779, 0.49275320828, 1.0332718985, 0.55222878935, 0.87490180379, 1.2083625218, 1.4098662818, 0.87089691808, 0.88289510418, 0.87861656162, 0.36280224566, 0.62666245678, 1.3546460197, 0.84498869504, 1.0151544087, 0.96506733668, 0.58652033124, 2.2809621392, 1.1304336303, 1.4262989932, 1.0345047769, 0.52394561553],
      [1.2819617467, 3.1081479279, 1.9859657053, 2.0943756524, 1.5528041068, 1.8436327239, 3.6026010348, 2.227966965, 5.5264977377, 11.3698611076, 9.8539131983, 8.734927612, 7.8333194667, 12.632254287, 17.032263449, 12.7803787204, 10.4027624956, 1.2371900749, 2.3176090066, 1.1322501341, 0.86501872657, 1.3640291941, 1.8591531447, 2.4218480357, 1.1385914007, 2.4128639107, 1.6635390465, 1.2323004814, 0.52538123131, 0.8792804154, 1.4213454284, 1.3757317318, 0.94427934001, 1.3199489642, 2.1383074631, 1.4333300906, 1.2885756249, 2.0688556652, 0.80370539431, 1.2526300775, 1.9429737214, 1.3099308491, 1.4691103722, 1.7785361636, 0.7781204211, 4.4181316499, 2.1332742766, 1.4034260816, 1.8556764626, 1.0512523808],
      [0.77926433202, 1.5806761608, 1.1996760414, 1.8697739897, 1.4821435182, 2.7470165716, 1.9544480125, 1.5812262492, 6.6548625006, 12.8549677065, 7.7229359626, 7.6085691563, 7.0804315159, 8.0821142137, 5.5890446844, 9.6987354847, 8.9103359867, 0.98641415371, 2.1073593026, 0.88577018831, 0.73115556035, 1.0265869736, 1.2549232727, 2.1935860445, 0.59741516191, 2.227488914, 1.1946309293, 0.60332425852, 0.36360365435, 0.88995062463, 1.0606460965, 0.70028392903, 1.0070097577, 1.3000661317, 1.4516907124, 1.1453561558, 1.4085535907, 1.3690375013, 0.63184907282, 0.73226549428, 1.3021414974, 1.1074271668, 1.397814233, 1.6566535044, 0.71399243506, 2.3920183534, 1.3641624964, 1.0715737886, 1.6326572313, 0.75917395403]
    ],
    [
      [1.2434558052, 0.84386037667, 1.4747568224, 0.57936890612, 0.78073838787, 1.0709611038, 1.1744524265, 1.0016775454, 1.4762566409, 0.43991939373, 1.3060830826, 0.81266629957, 1.1524680121, 1.0863643458, 0.61295569132, 0.66954260466, 2.3233831623, 6.678237323, 4.4324797948, 3.3284815639, 6.8817637697, 6.8204836756, 5.8965071432, 4.0615433201, 9.2185484616, 0.64488540141, 1.0867366428, 1.0671660468, 1.6166772764, 0.48701493427, 0.58660721273, 1.2268974124, 0.79952189131, 0.6011880287, 1.3089313005, 1.0547669886, 0.85604186315, 1.0714241931, 0.77894754346, 0.49197298007, 0.55607528079, 0.94320118838, 1.7380814132, 1.0055370821, 0.67665789486, 0.44236252685, 0.81442880869, 0.84636039686, 1.0796164622, 0.84143930517],
      [1.2458300837, 1.2034082206, 2.8411041129, 1.7581834081, 1.1969346177, 2.8012216865, 2.4065647642, 1.4814858593, 2.0811240552, 0.88980655928, 2.2223652641, 1.6894542311, 2.2587081262, 2.2319862423, 0.6084634532, 1.6970017253, 4.0008725069, 10.9267579149, 12.8873509339, 9.1376777344, 13.0850142996, 13.8731410093, 8.8179816435, 8.7553189314, 11.7006002747, 1.1141055329, 1.7753636304, 2.4895799957, 2.3338881417, 1.1316824216, 1.1059675916, 1.6462056226, 1.8065725948, 1.1451877664, 1.8806655247, 2.1097540488, 1.8010586895, 2.0827021794, 1.0477263526, 0.74260924007, 1.3984124731, 1.7369509764, 2.8328138651, 1.4221275721, 1.7055995346, 1.6881987114, 1.7323158938, 1.6278106648, 1.6738390905, 1.3599193634],
      [3.9732052641, 2.7489696873, 4.0651799409, 1.2021990303, 1.5737129982, 2.2959008444, 3.3087735216, 2.0989109449, 2.516874524, 1.0242920705, 3.039179195, 1.5031499976, 1.8231395428, 2.7146444568, 2.1590353854, 2.0607954157, 6.6654220434, 13.658533012, 10.6582157007, 16.7593785215, 10.97138615, 11.547639865, 17.4869385433, 12.8199561398, 18.7550166, 1.6789967088, 2.3186447712, 3.5058673326, 3.1103401251, 1.6189000672, 1.2198055024, 3.2890007038, 1.5625440206, 1.0014548953, 2.2818562771, 2.7781768795, 2.1051614599, 3.9287008879, 1.8542256881, 1.1856098059, 1.6003651874, 2.1619475921, 3.2989006341, 2.1092429758, 1.8214823416, 2.6325481419, 2.6313991274, 1.2893112727, 2.4157976526, 2.1954578619],
      [5.5375088469, 3.2037617154, 5.6189591238, 2.4602486554, 3.4486139963, 7.8319163653, 4.1102092876, 3.4179256504, 6.9257447799, 2.6459819764, 5.4323724582, 2.9947294717, 3.765684319, 3.9670049551, 1.6195454701, 3.5726602543, 13.0103222873, 24.7364717501, 22.0219535706, 29.7744621802, 21.0618357807, 19.75873545, 26.7985726701, 26.3631816087, 22.3258346637, 3.5620123569, 3.8192549556, 3.9373866248, 4.9390944568, 3.7624025769, 2.0876196932, 3.8378962612, 3.8313614933, 2.2521693096, 3.5285468977, 5.0573020831, 5.2377379874, 5.9171727395, 3.3191004159, 1.579807974, 2.4451470587, 4.1579002431, 7.1302040876, 4.46309237, 3.7962602289, 3.2368906198, 3.8218561701, 2.2365176656, 4.8307467946, 3.6031834695]
    ],
    [
      [1.6151583461, 0.62621249461, 1.5167884895, 0.9010872343, 1.2392439458, 1.0335927079, 1.6575189935, 1.6621855163, 2.0392611493, 1.0583017309, 1.315872378, 1.6723191186, 2.5417538833, 0.70865795172, 1.0861477141, 1.0271784087, 1.2876257531, 2.061245927, 1.3282956182, 1.312480671, 2.0974269566, 3.1397507065, 1.6350570485, 1.163032495, 0.44067393784, 10.3060868866, 12.1655768186, 8.9945300074, 13.2784071616, 8.7910607526, 11.6602839953, 10.0150763443, 13.3290733121, 4.7039163279, 1.8799080394, 1.350302415, 1.3585100244, 0.94981768996, 1.3341113939, 1.5280257568, 1.2451081669, 1.3055971804, 1.2748630656, 1.6253232758, 1.2658022153, 0.52382499673, 1.1808028303, 1.9201487538, 1.9348442948, 2.1162114621],
      [0.69327350836, 0.38282022612, 1.2527798808, 1.1725579443, 0.81362581423, 1.1585207131, 1.4563700004, 1.0534180522, 1.2334916017, 0.91899335742, 0.96110157513, 1.4916642173, 2.1380187481, 0.62475184517, 0.46275176852, 1.1173602016, 0.95133755918, 1.4456926359, 1.6560095003, 1.5438840989, 1.7097571018, 2.7376255008, 1.0480437774, 1.0749825528, 0.23974919289, 7.6331874212, 8.5206008937, 8.9936391671, 8.216156163, 8.756447205, 9.4263697349, 5.761503802, 12.9077718353, 3.8406866621, 1.157075568, 1.1571276338, 1.2251315415, 0.79153342102, 0.76801216688, 0.98711822029, 1.3391940379, 1.0319046042, 0.89126503842, 0.98622881211, 1.3675663322, 0.85762050094, 1.0771773071, 1.5839948374, 1.2869416306, 1.466899448],
      [6.8841105198, 2.7239449134, 5.5802226995, 2.4967503532, 3.3335778812, 2.9579447786, 6.2340022261, 4.6482554324, 4.6494616907, 3.3057656201, 4.1052605602, 4.1425453146, 5.3847254491, 2.374973015, 5.1280038452, 4.23792407, 4.9462922294, 5.6279526152, 4.2679339006, 8.8138430443, 4.4655352198, 7.092646665, 6.4746948212, 4.9064559566, 1.1985633647, 35.6918778338, 34.5208908063, 39.2917227363, 33.9600875073, 38.8491962858, 32.2601780718, 35.7092819985, 34.623176768, 10.4678978293, 4.3899332885, 4.7605050106, 4.4757380431, 4.6650343475, 4.2547287985, 4.9303626436, 4.7970909369, 4.0111062763, 3.2422495365, 4.5723121598, 4.5639954317, 4.184966492, 5.1153342862, 3.9221532724, 5.7991789818, 7.3922963689],
      [0.80745762576, 0.26702236582, 0.65020893022, 0.42960446825, 0.61355235871, 0.84994180038, 0.65210877995, 0.63614099901, 1.0777855583, 0.71693929157, 0.61776548666, 0.69347134943, 0.93550191944, 0.29161718815, 0.32309667217, 0.61753731972, 0.81474445833, 0.86510882184, 0.74776098098, 1.3297921858, 0.72728072183, 1.0299771277, 0.84220435286, 0.8555289956, 0.1210135046, 6.3688478585, 4.7929314814, 3.7201080892, 4.5453491681, 7.6032957567, 4.653168198, 3.5141378551, 7.1399780845, 1.9874991807, 0.57308310412, 0.73206494059, 0.94062039099, 0.59361454155, 0.6431476407, 0.5544933793, 0.6186068583, 0.65139193915, 0.59162235956, 0.8161357523, 0.8026360208, 0.43358801037, 0.62668557647, 0.57370313638, 0.97903509271, 1.024592721]
    ],
    [
      [2.8491203796, 3.4188511746, 3.5562491264, 3.1281421676, 4.2058117327, 3.0643644, 3.0851600985, 3.3386762568, 3.1945535058, 3.2470281514, 6.7316800026, 5.0078862435, 4.7104102674, 5.2404652255, 5.122670702, 4.5101535555, 3.6413395719, 4.9427378173, 5.8356536261, 1.6826927098, 5.3887825078, 4.1869327721, 4.8141837649, 4.2543782839, 6.0200645347, 3.2819610636, 4.4123518718, 4.8830974501, 2.3273555007, 3.5650755289, 7.7187317094, 2.6895287923, 3.6078367215, 23.7515062776, 33.9133894392, 25.1695953898, 26.4450443266, 22.2842342755, 34.9134827458, 33.8521453236, 28.9660458755, 22.4973463839, 3.2636816881, 6.8063488869, 2.3120160449, 2.70314597, 4.1914686342, 4.3568080303, 4.6374479512, 6.0522227125],
      [0.048059695124, 0.082279625749, 0.11563066512, 0.16036194243, 0.10844880252, 0.13508671663, 0.10676910427, 0.083211799535, 0.076235697687, 0.11144995133, 0.19421053548, 0.17629655141, 0.1564647375, 0.18239005288, 0.086205712782, 0.1937628518, 0.10612041042, 0.13606921093, 0.28605664067, 0.077505624132, 0.17242431971, 0.14336073028, 0.12103074325, 0.15440724549, 0.12844653937, 0.095536544546, 0.12140260003, 0.19169264151, 0.056519986839, 0.13941911025, 0.24530447755, 0.060785894704, 0.13711911154, 0.76305950793, 0.8203990339, 0.84782901082, 0.93854248895, 0.7310906036, 0.78819579493, 0.85757286121, 1.219765532, 0.70164637596, 0.089599505763, 0.16234676664, 0.097744597138, 0.17388037027, 0.15003590415, 0.14107049526, 0.12122095205, 0.16466384206],
      [1.6108922212, 1.9715235159, 1.7336547273, 1.1488907034, 1.5013475053, 1.1626055332, 1.537673492, 1.2385213391, 0.96353204916, 1.338572187, 2.7712190479, 1.6405190939, 1.3189234121, 2.3193408443, 3.1953039951, 2.4578950542, 1.8471692199, 1.7736842606, 2.4688415547, 1.4807846061, 1.5059271889, 1.2456290139, 2.5013124929, 2.3539910833, 2.1439551809, 1.504550234, 1.6550804505, 2.8207252748, 0.78653754907, 2.0824597153, 2.8244023416, 1.2670628294, 1.2393337547, 6.9985208361, 10.4659097925, 11.7318263916, 11.5049570477, 14.451868507, 14.7154953247, 14.4483465372, 14.7666125974, 9.1053457044, 1.082554183, 2.4979395387, 1.08225867, 2.8115875507, 2.3634869721, 1.1586380868, 1.8153895305, 2.7580235183],
      [1.4919277041, 1.5273456837, 1.5944654811, 1.5626051866, 2.1843919595, 2.6379433502, 1.2703973052, 1.3395906046, 1.7656787473, 2.3029497103, 3.302890414, 2.1752981112, 1.8142015831, 2.2578038774, 1.5958195901, 2.8381885385, 2.4053707978, 2.1475087113, 3.4094481785, 1.75901706, 1.9328659836, 1.4240774837, 2.563472999, 3.2372233873, 1.707533745, 2.1179521578, 1.8111650777, 2.1044846335, 0.82958696341, 3.2130456455, 3.2115614715, 0.98262248364, 2.0157104123, 10.4869133783, 10.8003017344, 14.2507492078, 19.1114561368, 14.5328066139, 17.5828261345, 12.8419352779, 15.0475759951, 11.6956615357, 1.5641646231, 3.5333648078, 1.5079806879, 2.3113861091, 2.2950084896, 1.3434833877, 2.4259415662, 3.0250899272]
    ],
    [
      [0.24689997814, 0.36099650665, 0.2900206886, 0.28757293612, 0.22160277898, 0.1385260874, 0.28743153693, 0.28402731506, 0.32660761293, 0.29166554368, 0.36748040024, 0.20497682247, 0.28696326179, 0.17258392906, 0.429538426, 0.19968579511, 0.10540241208, 0.23085028774, 0.12897310899, 0.16486232489, 0.43037988094, 0.12838002192, 0.24356151826, 0.31077522571, 0.52072404569, 0.16048632296, 0.30147593731, 0.15522531169, 0.3028612227, 0.17804410691, 0.34096650556, 0.44829133836, 0.12731671155, 0.30745840002, 0.31784164622, 0.23672223882, 0.28164749539, 0.29217834461, 0.26715738024, 0.28118349916, 0.11805501642, 0.72149888728, 1.6388044211, 1.7434864052, 1.3760144101, 0.85201557235, 1.4451212906, 2.0378387123, 1.5947555629, 1.6579430311],
      [2.3442670335, 4.8621659713, 5.2677940265, 8.2260620596, 3.2298187115, 3.4285699431, 5.5495187255, 3.9779051624, 4.3219330207, 5.5237098632, 5.8556303692, 4.0054035197, 5.2735094549, 3.3317899065, 3.9999583179, 4.7478770454, 1.7035205911, 3.5374244825, 3.5148205437, 4.2337129268, 7.65106647, 2.44886981, 3.4086498641, 6.2594560818, 6.179019045, 2.6025881002, 4.615848682, 3.3996813677, 4.1004968135, 3.8793782318, 6.0246975171, 5.6326855949, 2.7011155896, 5.5314307179, 4.3334780605, 4.4883188999, 5.5986446352, 5.3587283853, 3.4303024799, 4.0533671731, 2.847572682, 12.4304741789, 24.8316210444, 22.9176956461, 32.2386986865, 30.2082928573, 28.5657338305, 36.4160576402, 22.9845150734, 24.9102652071],
