{
  "Z_true": {},
  "V_true": [
    [26, 53, 1523, 262],
    [851, 1077, 363, 46],
    [746, 8394, 862, 361],
    [273, 240, 16369, 763],
    [41, 587, 360, 116],
    [109, 421, 655, 534]
  ],
  "p_true": [
    [0.0139, 0.0284, 0.8171, 0.1406],
    [0.3641, 0.4608, 0.1553, 0.0197],
    [0.072, 0.81, 0.0832, 0.0348],
    [0.0155, 0.0136, 0.9277, 0.0432],
    [0.0371, 0.5317, 0.3261, 0.1051],
    [0.0634, 0.2449, 0.381, 0.3106]
  ],
  "Z_est": [
    [
      [1.5576, 0.5052, 1.0629, 0.4631, 1.1892, 1.0314, 0.663, 0.5894, 1.2524, 0.3473, 0.5473, 0.3999, 0.0631, 0, 0.1893, 0.5157, 0, 0.5367, 0, 0.4946, 1.1787, 1.1261, 0.6209, 0.7577, 1.0735, 0.021, 0.1052, 0, 1.7786, 0.442, 2.5574, 0.442],
      [5.2874, 2.5013, 3.7829, 1.5912, 3.3991, 2.3899, 2.3589, 6.7862, 3.1824, 1.2383, 2.7242, 1.5107, 0.1734, 0, 0.3281, 2.0803, 0, 2.4518, 0, 1.0835, 4.8293, 2.5261, 1.4426, 2.6375, 3.851, 0.0619, 0.1053, 0, 6.7857, 1.0092, 4.5073, 1.0587],
      [87.155, 38.9935, 55.1541, 27.9458, 74.4117, 89.5788, 129.9781, 64.6244, 101.5653, 21.4144, 51.7285, 30.0894, 2.7635, 0, 4.4826, 47.404, 0, 60.0115, 0, 37.4219, 112.992, 89.3478, 71.9365, 84.6047, 136.0755, 2.917, 3.7895, 0, 197.4357, 16.5488, 110.9353, 19.4993],
      [0, 0, 0, 0, 0, 0, 0, 0, 0, 0, 0, 0, 0, 0, 0, 0, 0, 0, 0, 0, 0, 0, 0, 0, 0, 0, 0, 0, 0, 0, 0, 0]
    ],
    [
      [106.1177, 28.2658, 65.9571, 23.6485, 72.9612, 78.3767, 51.1733, 40.7814, 83.6033, 19.9734, 34.6728, 23.7317, 1.5965, 0, 0.7983, 33.6704, 1.6376, 31.9525, 1.2647, 27.6335, 70.8253, 73.6287, 48.6438, 50.0045, 74.6426, 1.2647, 4.7896, 7.2902, 119.6957, 23.5768, 139.0505, 34.8086],
      [30.37, 2.802, 16.128, 2.3497, 15.9238, 15.9822, 12.3569, 8.035, 17.4046, 4.9135, 10.2629, 6.0218, 0.1367, 0, 0.0683, 8.774, 0.4165, 9.0862, 0.423, 5.239, 18.8208, 16.5206, 9.9647, 12.0443, 18.199, 0.2798, 0.41, 1.9257, 30.1788, 4.1546, 23.6803, 14.3786],
      [53.5123, 9.928, 25.9038, 3.9987, 29.115, 58.6253, 37.4594, 25.176, 45.9921, 5.1101, 13.0584, 7.2427, 0.2666, 0, 0.1333, 15.5496, 1.7007, 8.9561, 0.3121, 7.1234, 22.3424, 36.8376, 38.3814, 24.9422, 43.1443, 0.4552, 0.7997, 1.783, 62.1036, 4.2653, 31.2491, 25.6147],
      [0, 0.0042, 0.0112, 0.0031, 0, 0.0158, 0.0104, 0.0077, 0, 0.0031, 0.006, 0.0038, 0.0002, 0, 0.0001, 0.006, 0.2451, 0.0052, 0.0002, 0.0041, 0.0116, 0.0131, 0.01, 0.009, 0.0141, 0.0002, 0.0006, 0.0011, 0.0219, 0.0033, 0.0201, 2.1981]
    ],
    [
      [27.7109, 13.1885, 24.2747, 9.4474, 23.8923, 11.0716, 5.6961, 9.7307, 22.063, 7.1627, 12.1862, 8.76, 1.8227, 0.5895, 0.5297, 10.3395, 0.1738, 13.2119, 0.5639, 10.829, 28.1707, 19.4303, 5.1612, 15.0506, 16.872, 0.5256, 3.1261, 3.3698, 33.2156, 9.7714, 38.3902, 3.6493],
      [678.3131, 349.4781, 518.2165, 213.6186, 464.75, 330.1425, 319.7701, 178.8315, 433.4784, 166.2994, 375.8747, 205.0606, 25.7672, 5.9069, 13.4097, 288.3598, 6.9258, 331.8489, 16.455, 142.0048, 669.2194, 354.07, 192.2368, 348.6507, 521.2383, 8.5291, 14.4179, 69.6133, 941.2111, 141.6851, 630.9673, 142.7244],
      [9.0564, 12.7877, 13.159, 6.8584, 21.7613, 34.51, 23.9423, 8.9776, 29.7714, 3.9218, 22.2143, 7.2772, 1.804, 0.3016, 0.357, 23.0475, 0.0997, 13.6972, 4.3686, 6.7317, 46.3332, 41.2159, 23.1071, 22.6857, 24.7581, 3.4226, 5.0519, 4.7608, 84.5015, 11.8029, 28.6046, 3.5166],
      [11.9197, 4.5456, 12.3498, 7.0756, 9.5964, 5.2759, 13.5915, 7.4602, 8.6872, 3.6161, 17.7248, 8.9022, 0.6061, 0.202, 0.7036, 15.2532, 0.8008, 11.242, 0.6125, 3.4345, 33.2766, 12.2838, 3.4949, 28.613, 24.1315, 2.5226, 0.4041, 6.2561, 30.0719, 5.7406, 30.0378, 9.1096]
    ],
    [
      [0.1506, 0.8693, 1.7208, 6.9562, 4.6368, 0.0997, 0.0641, 0.7934, 2.3491, 2.8256, 0.0529, 1.9251, 0.7029, 0.1074, 0.279, 0.0499, 0.002, 0.8427, 0.002, 1.197, 2.2727, 4.3912, 0.06, 0.0733, 0.1038, 0.002, 0.3343, 0.2895, 0.1719, 4.9631, 44.2841, 0.0427],
      [19.477, 1.5048, 10.6793, 9.7531, 2.9572, 1.1001, 1.0859, 2.3864, 1.4649, 7.7492, 2.1964, 1.0743, 0.0798, 0.1635, 0.2601, 0.9576, 0.6981, 4.0874, 0.057, 0.4988, 2.223, 1.1628, 0.6641, 1.2141, 1.7727, 0.0285, 0.0485, 0.7414, 3.1237, 0.4646, 2.9747, 6.6514],
      [798.1831, 270.0622, 525.8209, 220.528, 691.6602, 822.5892, 1028.1098, 384.0687, 904.3531, 252.3633, 450.5773, 315.4076, 44.2755, 12.0819, 32.4818, 573.2417, 20.2, 618.0625, 24.8833, 389.3005, 898.3355, 827.8494, 662.9195, 955.1686, 1325.3875, 28.4528, 38.3227, 81.4117, 1890.4494, 177.2194, 1058.5539, 375.2646],
      [38.1894, 14.5637, 27.779, 13.7626, 30.7457, 15.211, 33.7402, 26.7514, 27.8329, 9.0619, 41.1734, 26.593, 1.9418, 0.6473, 1.9792, 32.7508, 2.0998, 22.0074, 1.0576, 11.0037, 73.1687, 24.5965, 10.3564, 40.544, 56.736, 2.5166, 1.2946, 14.5574, 58.255, 10.3529, 92.1873, 12.0413]
    ],
    [
      [0.0107, 0.0035, 0.0073, 0.0032, 0.0082, 0.0071, 0.0046, 0.004, 0.0086, 0.0024, 0.0038, 0.0027, 0.0004, 0.0001, 0.0001, 0.0035, 0.0001, 0.0037, 0.0001, 0.0034, 0.0081, 0.0077, 0.0043, 0.0052, 0.0074, 0.0001, 0.0007, 0.0009, 0.0122, 0.003, 0.0176, 0.003],
      [80.006, 27.3806, 42.1292, 21.2314, 43.493, 23.6619, 32.6257, 8.9436, 41.0961, 13.1759, 34.3624, 22.2154, 0.8775, 0.6616, 1.3821, 24.4679, 1.6088, 35.345, 2.4109, 20.1843, 58.948, 20.0314, 20.9805, 47.1613, 55.6639, 0.7499, 1.4115, 6.9692, 78.2717, 10.2646, 41.3252, 4.3608],
      [10.19, 4.5226, 7.473, 6.9275, 12.6031, 1.523, 11.1554, 0, 12.2494, 1.7484, 9.3031, 8.5649, 0, 0.2679, 0.4642, 4.9939, 0.2375, 13.4604, 1.3723, 10.9057, 14.2431, 0, 8.2234, 23.968, 20.5886, 0.115, 0.4471, 2.1974, 15.8986, 0.811, 0, 0],
      [5.7933, 2.0933, 3.3905, 1.8379, 3.8957, 1.808, 3.2144, 1.0524, 3.6459, 1.0733, 3.3308, 2.217, 0.1221, 0.0703, 0.1536, 2.5347, 0.1536, 3.1909, 0.2166, 1.9066, 5.8008, 1.9608, 1.7918, 4.8655, 5.7401, 0.135, 0.1406, 0.8325, 6.8175, 0.9214, 4.6573, 0.6361]
    ],
    [
      [12.4526, 5.1677, 7.9771, 3.4817, 10.3123, 7.4135, 5.3989, 4.1011, 9.7237, 2.6887, 4.5371, 3.1805, 1.8143, 1.303, 0.2036, 4.421, 0.1864, 4.4525, 0.1692, 6.8425, 9.5445, 8.4159, 4.5098, 6.1087, 9.3008, 0.1864, 1.6441, 1.0497, 14.126, 3.2436, 18.7002, 3.0543],
      [40.5466, 20.3332, 20.0642, 8.456, 18.4768, 12.7234, 12.8025, 3.0173, 17.3736, 6.6238, 14.5794, 8.1172, 0.9654, 0.268, 0.5517, 11.3604, 0.3507, 13.1807, 0.6541, 5.9896, 25.9594, 13.6891, 7.7113, 14.292, 21.275, 0.3507, 0.6069, 2.7504, 36.429, 5.422, 24.5452, 1.826],
      [28.9032, 4.706, 3.4891, 1.7416, 19.4485, 2.1738, 12.355, 0.1533, 26.0688, 3.442, 7.1184, 4.4182, 0.8904, 1.3486, 1.0811, 13.7633, 0.7621, 9.8123, 0.0637, 9.5168, 15.7538, 10.7493, 2.4321, 11.6308, 35.0459, 0.6373, 1.5889, 1.847, 23.6112, 2.3527, 16.657, 0.1049],
      [62.0976, 23.7931, 36.4695, 16.3208, 50.7623, 24.6892, 36.4435, 11.7283, 45.8339, 14.2456, 33.765, 20.284, 3.3298, 1.0804, 2.1636, 35.4553, 1.7007, 31.5546, 1.113, 17.6511, 64.7423, 37.1456, 16.3468, 40.9684, 75.3783, 1.8256, 2.1601, 8.3528, 84.8338, 12.9817, 75.0975, 8.0148]
    ]
  ],
  "V_est": [
    [21.5112, 71.6842, 1770.8046, 0],
    [1376.0375, 317.251, 641.082, 2.6295],
    [389.977, 9099.075, 544.4058, 329.5423],
    [82.615, 89.3006, 16697.5856, 775.4988],
    [0.1479, 823.3972, 204.4547, 76.0002],
    [175.7114, 371.2921, 273.6672, 898.3292]
  ],
  "p_est": [
    [0.0115, 0.0385, 0.95, 0],
    [0.5888, 0.1358, 0.2743, 0.0011],
    [0.0376, 0.878, 0.0525, 0.0318],
    [0.0047, 0.0051, 0.9463, 0.044],
    [0.0001, 0.7458, 0.1852, 0.0688],
    [0.1022, 0.216, 0.1592, 0.5226]
  ],
  "EI_Z": {},
  "EI_V": 7.9448,
  "MAE_Z": {},
  "MAE_V": 231.9338,
  "MAE_p": 0.0866,
  "runtime": 0.964
}
