{
  "X": [
    [6, 20, 56, 192, 27],
    [0, 2, 9, 13, 0],
    [1, 0, 4, 6, 2],
    [53, 59, 209, 759, 145],
    [57, 81, 232, 702, 100],
    [2, 0, 2, 8, 0],
    [13, 35, 34, 228, 44],
    [13, 66, 20, 180, 18],
    [23, 36, 75, 434, 76],
    [23, 50, 55, 414, 85],
    [3, 1, 1, 7, 5],
    [3, 17, 9, 41, 12],
    [2, 10, 13, 64, 17],
    [1, 10, 7, 43, 6],
    [0, 4, 3, 19, 3],
    [2, 7, 3, 7, 4],
    [1, 10, 7, 39, 5],
    [2, 10, 9, 38, 6],
    [4, 16, 13, 42, 11],
    [15, 13, 27, 202, 19],
    [15, 16, 69, 245, 29],
    [18, 33, 23, 319, 46],
    [27, 17, 70, 403, 61],
    [8, 20, 19, 152, 32],
    [18, 14, 47, 237, 61],
    [1, 2, 9, 22, 0],
    [29, 12, 126, 186, 45],
    [65, 46, 259, 763, 126],
    [2, 1, 2, 5, 1],
    [45, 55, 130, 695, 123],
    [33, 45, 81, 499, 60],
    [13, 22, 40, 339, 38],
    [8, 14, 77, 205, 27],
    [9, 5, 11, 21, 4],
    [13, 74, 99, 406, 91],
    [0, 6, 4, 13, 6],
    [3, 7, 5, 18, 4],
    [42, 25, 195, 510, 73],
    [13, 15, 60, 178, 14],
    [20, 16, 101, 418, 33],
    [44, 23, 141, 406, 73],
    [37, 12, 104, 390, 37],
    [52, 27, 260, 610, 96],
    [28, 24, 141, 326, 44],
    [37, 19, 167, 532, 75],
    [17, 9, 108, 82, 15],
    [9, 28, 23, 133, 30],
    [7, 40, 70, 240, 54],
    [2, 8, 10, 51, 6],
    [0, 3, 3, 21, 0],
    [16, 75, 36, 249, 34],
    [1, 14, 24, 36, 10],
    [0, 5, 7, 14, 0],
    [0, 3, 3, 7, 2],
    [25, 41, 58, 449, 62],
    [34, 42, 102, 620, 82],
    [11, 10, 45, 272, 40],
    [21, 45, 80, 394, 78],
    [16, 18, 53, 197, 39],
    [56, 75, 177, 633, 121],
    [26, 44, 127, 385, 59],
    [18, 30, 102, 405, 62],
    [20, 30, 56, 281, 38],
    [32, 49, 125, 689, 96],
    [10, 16, 21, 166, 18],
    [18, 19, 63, 355, 51],
    [10, 16, 46, 222, 29],
    [0, 2, 27, 28, 5],
    [2, 4, 13, 12, 6],
    [32, 54, 287, 533, 112],
    [8, 9, 79, 223, 39],
    [14, 13, 49, 102, 29],
    [6, 6, 54, 48, 20],
    [7, 25, 143, 410, 54],
    [50, 84, 347, 867, 127],
    [7, 12, 34, 134, 25],
    [55, 167, 244, 712, 161],
    [4, 30, 30, 92, 19]
  ],
  "W": [
    [13, 18, 166, 47, 7, 15, 35],
    [0, 1, 13, 9, 0, 0, 1],
    [3, 0, 4, 3, 0, 0, 3],
    [60, 80, 661, 174, 72, 83, 95],
    [51, 76, 581, 220, 64, 93, 87],
    [1, 0, 8, 1, 0, 2, 0],
    [8, 39, 208, 33, 22, 17, 27],
    [0, 69, 154, 17, 19, 13, 25],
    [15, 34, 392, 66, 41, 30, 66],
    [18, 54, 382, 54, 32, 33, 54],
    [0, 6, 5, 2, 1, 1, 2],
    [6, 19, 33, 7, 3, 5, 9],
    [10, 12, 51, 14, 5, 4, 10],
    [3, 14, 35, 2, 3, 2, 8],
    [1, 2, 19, 3, 0, 0, 4],
    [0, 4, 7, 6, 0, 3, 3],
    [4, 9, 38, 4, 2, 1, 4],
    [4, 8, 34, 7, 1, 2, 9],
    [4, 17, 36, 14, 0, 4, 11],
    [6, 9, 196, 22, 11, 14, 18],
    [11, 13, 222, 57, 25, 20, 26],
    [11, 30, 292, 18, 17, 28, 43],
    [7, 17, 385, 70, 34, 25, 40],
    [4, 16, 144, 18, 18, 11, 20],
    [10, 21, 211, 49, 25, 30, 31],
    [0, 6, 19, 7, 1, 1, 0],
    [24, 17, 146, 104, 29, 50, 28],
    [68, 48, 703, 214, 62, 105, 59],
    [0, 0, 4, 3, 0, 3, 1],
    [34, 39, 649, 109, 75, 49, 93],
    [21, 40, 467, 69, 42, 37, 42],
    [7, 15, 309, 38, 28, 20, 35],
    [22, 14, 157, 66, 30, 22, 20],
    [1, 1, 19, 10, 4, 9, 6],
    [39, 87, 329, 90, 52, 35, 51],
    [0, 6, 12, 5, 1, 0, 5],
    [2, 4, 16, 3, 1, 5, 6],
    [29, 18, 456, 161, 65, 69, 47],
    [9, 11, 168, 48, 8, 20, 16],
    [9, 17, 372, 88, 31, 33, 38],
    [19, 21, 342, 117, 79, 55, 54],
    [6, 9, 347, 98, 31, 43, 46],
    [41, 24, 534, 230, 73, 73, 70],
    [15, 15, 309, 116, 37, 41, 30],
    [14, 18, 468, 157, 63, 61, 49],
    [10, 8, 58, 89, 27, 25, 14],
    [16, 25, 117, 19, 15, 11, 20],
    [12, 33, 241, 55, 23, 13, 34],
    [2, 9, 44, 7, 10, 0, 5],
    [1, 0, 18, 2, 2, 2, 2],
    [9, 82, 225, 34, 23, 15, 22],
    [7, 13, 34, 17, 7, 5, 2],
    [1, 6, 12, 6, 1, 0, 0],
    [0, 3, 7, 3, 0, 1, 1],
    [11, 39, 405, 49, 39, 22, 70],
    [20, 50, 570, 94, 55, 41, 50],
    [7, 16, 258, 38, 22, 9, 28],
    [18, 44, 368, 75, 31, 27, 55],
    [1, 20, 181, 51, 20, 24, 26],
    [47, 80, 565, 160, 68, 74, 68],
    [32, 51, 325, 105, 43, 47, 38],
    [12, 29, 347, 97, 49, 28, 55],
    [7, 26, 262, 48, 29, 23, 30],
    [15, 50, 652, 111, 56, 33, 74],
    [3, 10, 160, 21, 11, 12, 14],
    [16, 22, 326, 59, 22, 24, 37],
    [6, 12, 197, 44, 22, 9, 33],
    [4, 7, 22, 25, 3, 1, 0],
    [5, 2, 10, 9, 2, 6, 3],
    [70, 60, 438, 266, 75, 60, 49],
    [25, 8, 192, 66, 13, 32, 22],
    [8, 16, 85, 45, 14, 13, 26],
    [7, 5, 46, 43, 17, 9, 7],
    [9, 18, 397, 134, 31, 14, 36],
    [70, 90, 746, 290, 81, 90, 108],
    [10, 9, 128, 32, 12, 6, 15],
    [60, 162, 623, 220, 70, 74, 130],
    [7, 33, 87, 29, 4, 4, 11]
  ],
  "method": "mvn_cdf",
  "mvncdf_method": "genz",
  "mvncdf_samples": 5000,
  "mvncdf_error": 1e-06,
  "cond_prob": [
    [
      [0.0050485737882, 0.029571495557, 0.44476770269, 0.24358375603, 0.27702847194],
      [0.003655471196, 0.72881103561, 0.005997201162, 0.15462253652, 0.10691375551],
      [0.0011347152765, 0.002575749177, 0.0072830366211, 0.96569337627, 0.023313122658],
      [0.0014726238569, 0.0025177754096, 0.89472735386, 0.083907292877, 0.017374953998],
      [0.045757154918, 0.011135253942, 0.19776613964, 0.48328719153, 0.26205425997],
      [0.25208390651, 0.0057770247959, 0.33431306671, 0.27880221079, 0.1290237912],
      [0.043126723429, 0.16532742742, 0.012852615874, 0.40675482246, 0.37193841082]
    ],
    [
      [0.0004194813048, 0.09214652175, 0.67908318517, 0.14954434768, 0.078806464094],
      [0, 0.99909877332, 0.00064417510968, 0.00025705157278, 0],
      [0, 0.007706795529, 0.018425964358, 0.97386724011, 0],
      [0, 0.000594691267, 0.97268591834, 0.026719390392, 0],
      [0.0026132550234, 0.049101304903, 0.3544663827, 0.46949803001, 0.12432102736],
      [2.5381490495e-16, 1.2265689397e-07, 0.99903995836, 0.00095898221543, 9.3676548744e-07],
      [0, 0.8953606634, 0.0056450231614, 0.098994313436, 0]
    ],
    [
      [0.2110885641, 0, 0.53782530881, 0.11151695202, 0.13956917508],
      [0.0054550174602, 0.054450711588, 0.03219500744, 0.9066674759, 0.0012317876068],
      [0.020780099661, 0, 0, 0.79344896989, 0.18577093045],
      [0.065164906282, 0, 0.79550802452, 0, 0.1393270692],
      [0.011003047, 0.00024470309935, 0.26265831465, 0.72571336362, 0.00038057163163],
      [0.017328516046, 0.00025344549956, 0.49959377375, 0.48238295287, 0.00044131183259],
      [0.029373063406, 0, 0, 0.83055108814, 0.14007584846]
    ],
    [
      [0.0097613126729, 0.019270426361, 0.36302995316, 0.23271186825, 0.37522643955],
      [0.0097461611461, 0.59821106295, 0.0066634521696, 0.1947075256, 0.19067179813],
      [0.0083452865643, 0, 0.0067283718827, 0.95149005801, 0.033436283542],
      [0.006807619905, 0, 0.86730442767, 0.097051698281, 0.028836254145],
      [0.078611903474, 0.0066632818904, 0.15283000916, 0.43016105466, 0.33173375081],
      [0.38764154841, 0.0030017538519, 0.2334842398, 0.22663959581, 0.14923286212],
      [0.074732236813, 0.097452500174, 0.0099342088882, 0.3563797855, 0.46150126863]
    ],
    [
      [0.011014016459, 0.044176587679, 0.3311268624, 0.28960108469, 0.32408144877],
      [0.0061924817973, 0.76346921826, 0.003494029677, 0.13512193401, 0.091722336256],
      [0.0084249731135, 0.0022595728111, 0.0056893349858, 0.962020828, 0.021605291085],
      [0.0066108079066, 0.004402743689, 0.83597840018, 0.12737104667, 0.025637001548],
      [0.083143272404, 0.014606273738, 0.13092850566, 0.50252785237, 0.26879409582],
      [0.40909664697, 0.0068518989219, 0.19954060108, 0.26404066316, 0.12047018986],
      [0.071853009467, 0.19390678053, 0.0079256532417, 0.38261818542, 0.34369637134]
    ],
    [
      [0.11221481977, 0, 0.71677698162, 0.17100819861, 0],
      [0.0069725642085, 0.73550162516, 0.0045730654262, 0.12925213089, 0.12370061432],
      [0, 0, 0.029320984231, 0.97067901577, 0],
      [0.0064536638501, 0, 0.96955991007, 0.02398642608, 0],
      [0.37434467694, 3.5379804073e-07, 0.19174259214, 0.36178262611, 0.072129751012],
      [0.94066575819, 0, 0.039547617231, 0.019786624579, 0],
      [0.073858641227, 0.17105741292, 0.0094963166773, 0.32920613651, 0.41638149266]
    ],
    [
      [0.0099061147734, 0.041055092992, 0.23799716009, 0.23249530498, 0.47854632717],
      [0.0058850709104, 0.74440808076, 0.0021719628911, 0.11046142188, 0.13707346355],
      [0.010076565717, 0.0022170647905, 0.0027167308622, 0.94560744989, 0.039382188741],
      [0.0076524114566, 0.0051044182919, 0.80508859332, 0.13274047819, 0.049414098745],
      [0.076494272234, 0.013782765984, 0.095000693906, 0.41144564476, 0.40327662312],
      [0.41283060618, 0.0068701488649, 0.15605624798, 0.23131264027, 0.1929303567],
      [0.060806806473, 0.17000131274, 0.0050126328213, 0.28819028446, 0.47598896351]
    ],
    [
      [0.014593381437, 0.065887478241, 0.33172202131, 0.29845342301, 0.289343696],
      [0.0064651450911, 0.83539690946, 0.0025755582538, 0.10177045423, 0.053791932959],
      [0.011275620927, 0.0068642504614, 0.0050071982456, 0.96811349854, 0.0087394318207],
      [0.0082189613602, 0.0064608368744, 0.83899194968, 0.12540798673, 0.020920265356],
      [0.10941280188, 0.021800445359, 0.12597600583, 0.50935799639, 0.23345275054],
      [0.49277546734, 0.0090883450564, 0.17080201328, 0.23554488987, 0.091789284445],
      [0.087712508465, 0.26633310006, 0.0069737809029, 0.36066154432, 0.27831906625]
    ],
    [
      [0.0094176096566, 0.032465625949, 0.31596120459, 0.23622048956, 0.40593507024],
      [0.0065536778731, 0.70903429771, 0.0039743677493, 0.13726615392, 0.14317150275],
      [0.0084288042302, 0.0017627016806, 0.0053699619649, 0.9497964146, 0.034642117522],
      [0.0057778423515, 0.0032893090473, 0.84752693773, 0.10909424152, 0.03431166935],
      [0.074955959231, 0.011244356592, 0.13046279483, 0.43020562048, 0.35313126887],
      [0.38704125775, 0.0054548969487, 0.20751642288, 0.23525335982, 0.1647340626],
      [0.06463711959, 0.14959258339, 0.0077148965565, 0.32686663219, 0.45118876826]
    ],
    [
      [0.0092676493226, 0.03800146187, 0.21362023921, 0.22510227794, 0.51400837165],
      [0.0057912531017, 0.72025107509, 0.0021083903699, 0.11456054528, 0.15728873616],
      [0.0097477092385, 0.002909115993, 0.0020955721697, 0.94415503931, 0.04109256329],
      [0.0078437201047, 0.0053428042329, 0.78569473391, 0.14246436087, 0.058654380885],
      [0.0711413631, 0.01280442464, 0.085567059388, 0.39743104204, 0.43305611083],
      [0.39565033263, 0.0067178207808, 0.14655786437, 0.23404912315, 0.21702485907],
      [0.056301559889, 0.15539244851, 0.0044148701802, 0.27704027111, 0.50685085031]
    ],
    [
      [0.16392169867, 0.0028033320005, 4.6400590446e-16, 1.4519779904e-16, 0.83327496933],
      [0.070334322189, 0.14194019837, 1.8503717077e-16, 0.21879312384, 0.5689323556],
      [0, 8.2173010961e-34, 0, 1, 0],
      [0.20303674586, 0.028249751343, 0.5, 0.26871350279, 0],
      [0.78224822656, 0.014283859262, 0, 0.024969041896, 0.17849887228],
      [0.0077771905695, 0.013954688248, 0, 0.024969041897, 0.95329907929],
      [0.69094757901, 0.031810379789, 0, 0.049938083792, 0.22730395741]
    ],
    [
      [0.0083202505707, 0.045187027311, 0.27352583013, 0.24301718325, 0.42994970874],
      [0.008029319653, 0.78140119027, 0.0020590747807, 0.10037104629, 0.10813936901],
      [0.0080738557076, 0, 0.0037545997898, 0.9530826313, 0.035088913198],
      [0.0055335526185, 0.0038838243356, 0.84052992464, 0.11365917037, 0.036393528039],
      [0.061989766462, 0.015388923961, 0.10888861694, 0.44469421783, 0.3690384748],
      [0.37214343587, 0.0074566183269, 0.18680951531, 0.25416615287, 0.17942427762],
      [0.049518093085, 0.19684650967, 0.0057108783853, 0.30917695307, 0.43874756578]
    ],
    [
      [0.0054172310112, 0.03088840543, 0.17719186315, 0.29558650277, 0.49091599763],
      [0.003439084403, 0.68152001678, 0.0013783299289, 0.15680152318, 0.1568610457],
      [0.0032428680592, 0.0022515945822, 0, 0.96010424856, 0.034401288795],
      [0.0060474693563, 0.0046537373961, 0.7357433822, 0.1949358782, 0.058619532845],
      [0.039586974669, 0.0097718904389, 0.06627752812, 0.49710180596, 0.38726180081],
      [0.28256968616, 0.0060601713828, 0.13682788368, 0.34563383288, 0.2289084259],
      [0.032629421706, 0.12597919594, 0.0032434883121, 0.36000533613, 0.47814255792]
    ],
    [
      [0.0026592059075, 0.0096240724817, 0.72958159341, 0.13862917188, 0.11950595632],
      [0.0055880560077, 0.64004401979, 0.013001165022, 0.22298908197, 0.11837767721],
      [0.0060569857959, 0.0028035007444, 0.0020780113215, 0.97048138106, 0.018580121083],
      [0.00080203545776, 0.00052892055649, 0.96635504672, 0.027803214911, 0.0045107823555],
      [0.03016033103, 0.0053653364529, 0.39640276273, 0.4033667866, 0.16470478319],
      [0.14045209933, 0.0023070916187, 0.60009124222, 0.19020945742, 0.06694010941],
      [0.041100729082, 0.11132761822, 0.029300955893, 0.48116141192, 0.33710928488]
    ],
    [
      [0, 0.13859112535, 0.21392423429, 0.19183751418, 0.45564712618],
      [0, 0.96695830327, 0.00010494210549, 0.01221862199, 0.020718132634],
      [0, 0, 0, 0.93928610177, 0.060713898226],
      [0, 0.005586332589, 0.91364514265, 0.055210082584, 0.02555844218],
      [0.012895233127, 0.052322581816, 0.087123685357, 0.40290856043, 0.44474993927],
      [0.080337764958, 0.039588755331, 0.22756284759, 0.34444833551, 0.30806229661],
      [0, 0.47768331758, 0.011232613389, 0.1929147651, 0.31816930393]
    ],
    [
      [0.0029430437708, 0.28681265083, 0.0081185136164, 0.054031288452, 0.64809450333],
      [0.0056878781192, 0.9689216664, 0.025390455483, 0, 0],
      [0.050425882612, 0.0065726303805, 0.045110920583, 0.80572102395, 0.092169542477],
      [0.04410207267, 0.13734971577, 0.40449903804, 0.16946538036, 0.24458379316],
      [0.03518637895, 0.12281622441, 0.0058918358883, 0.13919663995, 0.6969089208],
      [0.43006299743, 0.064899106687, 0.032734145779, 0.095932871345, 0.37637087876],
      [0.023155293642, 0.68650310236, 0.0191550228, 0.018453978727, 0.25273260247]
    ],
    [
      [0.0052048605381, 0.061243090911, 0.49737550393, 0.16271933882, 0.27345720579],
      [0.0029905954588, 0.90080462933, 0.0024407088557, 0.045130998197, 0.048633068161],
      [0.011180279035, 0.0045782539339, 0.0091018476079, 0.94136753753, 0.03377208189],
      [0.0022648086463, 0.0035644048805, 0.93762865899, 0.042994513244, 0.013547614244],
      [0.047620364028, 0.026871126437, 0.23580310045, 0.3864690888, 0.30323632028],
      [0.27864479842, 0.012398843193, 0.37536579023, 0.2007065694, 0.13288399876],
      [0.036117458585, 0.34835340183, 0.011293692098, 0.25633860867, 0.34789683881]
    ],
    [
      [0.0090071418495, 0.061169184501, 0.41641802375, 0.21974640374, 0.29365924615],
      [0.0046227646228, 0.87469694028, 0.0022773528764, 0.065171249626, 0.053231692593],
      [0.013784254004, 0, 0.0061518851054, 0.95584241408, 0.024221446815],
      [0.0049417001537, 0.0034387042405, 0.9057941829, 0.069227121013, 0.016598291688],
      [0.073607545641, 0.023213892346, 0.17534406838, 0.44760729363, 0.2802272],
      [0.40331533258, 0.0098453216169, 0.25591544409, 0.21575814103, 0.11516576068],
      [0.060388285292, 0.29897469716, 0.0088011946109, 0.30414320963, 0.32769261331]
    ],
    [
      [0.014443893053, 0.049964543632, 0.23939258138, 0.23651853541, 0.45968044652],
      [0.0083406849899, 0.79483447347, 0.00052868541087, 0.089778735188, 0.10651742094],
      [0.014365039732, 0, 0.00093558225184, 0.94554833928, 0.039151038733],
      [0.010928756196, 0.0045408597634, 0.81979728934, 0.12168774198, 0.043045352719],
      [0.10919046327, 0.016324563798, 0.090926935114, 0.40997068328, 0.37358735454],
      [0.5498367696, 0.0061926528725, 0.11995512334, 0.18267652774, 0.14133892644],
      [0.084631062497, 0.19996482984, 0.0038889561182, 0.27760114975, 0.4339140018]
    ],
    [
      [0.019459719512, 0.05330380017, 0.37288860872, 0.23047171536, 0.32387615624],
      [0.0084298496005, 0.83070539646, 0.0029613446418, 0.085220192407, 0.072683216886],
      [0.012886907099, 0.0030457089381, 0.0073521279847, 0.9481109115, 0.028604344478],
      [0.009646249876, 0.00453889082, 0.87251956015, 0.090182227671, 0.023113071483],
      [0.15282129718, 0.017840385775, 0.14753016143, 0.4085838145, 0.27322434112],
      [0.58082559072, 0.0061099058296, 0.16615176349, 0.15733725681, 0.089575483157],
      [0.12537384494, 0.23473506421, 0.0083673540546, 0.2966275977, 0.3348961391]
    ],
    [
      [0.01014791057, 0.032998260019, 0.4526319973, 0.22261960926, 0.28160222285],
      [0.0070223148686, 0.7595793281, 0.0055996263705, 0.12880463523, 0.09899409543],
      [0.01026116095, 0.0023658600063, 0.0078887037511, 0.95529557647, 0.02418869882],
      [0.0048342999379, 0.0026020213337, 0.89950243081, 0.075872545082, 0.01718870284],
      [0.086907303784, 0.012332788686, 0.20002754186, 0.43707840558, 0.26365396009],
      [0.39798400271, 0.0052674296313, 0.27964760299, 0.20939326164, 0.10770770303],
      [0.081199515935, 0.17981859336, 0.012756980457, 0.36005944697, 0.36616546328]
    ],
    [
      [0.010097775254, 0.048038700052, 0.2361567257, 0.28123771966, 0.42446907934],
      [0.0051331310864, 0.76759772751, 0.0018810848796, 0.11763556128, 0.10775249524],
      [0.0083530303009, 0.0020636325092, 0.00094728189378, 0.95677185243, 0.031864202867],
      [0.0074988655486, 0.0058626826979, 0.78511339984, 0.1579025527, 0.043622499218],
      [0.074605548968, 0.015432285182, 0.090333735343, 0.47668958, 0.3429388505],
      [0.40432462941, 0.0077894946525, 0.15011344147, 0.27125968034, 0.16651275413],
      [0.059801910602, 0.19197857661, 0.0046126999769, 0.33624877855, 0.40735803425]
    ],
    [
      [0.01546755953, 0.025993099505, 0.28246130259, 0.21976662293, 0.45631141545],
      [0.012094446835, 0.65710091307, 0.0040127877984, 0.14471760768, 0.18207424462],
      [0.0126148713, 0.0012429202531, 0.0047497845016, 0.94053489417, 0.040857529771],
      [0.010057975287, 0.0028373026335, 0.83337928574, 0.11165647167, 0.04206896467],
      [0.1182196066, 0.0085787905155, 0.11140730712, 0.38267483839, 0.37911945737],
      [0.52111341529, 0.0035074299051, 0.14954696488, 0.17673564016, 0.14909654976],
      [0.101950894, 0.11477081686, 0.0065703472468, 0.29125528815, 0.48545265375]
    ],
    [
      [0.0081088638654, 0.066337326546, 0.20707471825, 0.19554092622, 0.52293816512],
      [0.0032369905035, 0.83707823185, 0.0012543333489, 0.060972409121, 0.097458035174],
      [0.010303595946, 0.0036529064102, 0.0030386718619, 0.93501571986, 0.047989105923],
      [0.0070143742143, 0.0090329530113, 0.80027751877, 0.12428073998, 0.059394414024],
      [0.065774798798, 0.023214676563, 0.086423722874, 0.36332039156, 0.46126641021],
      [0.38291533128, 0.012318742483, 0.15222897433, 0.2178861607, 0.2346507912],
      [0.045489056098, 0.25497084807, 0.0039460989061, 0.2213222977, 0.47427169922]
    ],
    [
      [0.008615785341, 0.016990064197, 0.19440174405, 0.20997660748, 0.57001579894],
      [0.0086380584442, 0.53377839652, 0.0034075203487, 0.17282172277, 0.28135430192],
      [0.01211459514, 2.7581736791e-05, 0.0031545953268, 0.94555416071, 0.039149067084],
      [0.0085163781278, 0.002307548598, 0.77670429943, 0.14525428669, 0.067217487152],
      [0.065601236883, 0.0056082304128, 0.07791708258, 0.37169812057, 0.47917532955],
      [0.38055614618, 0.0029750477512, 0.13920244132, 0.22862976029, 0.24863660445],
      [0.054911145451, 0.073303426145, 0.0043965820007, 0.27387883761, 0.5935100088]
    ],
    [
      [0.0026614739006, 0.000493874923, 0.90138930511, 0.08124073157, 0.014214614494],
      [0.10272492482, 0.22624091451, 0.07001106078, 0.60102309989, 0],
      [0, 0.03031212788, 0.027897566241, 0.94179030588, 0],
      [0, 0.0089637821564, 0.98741571297, 0.0036205048747, 0],
      [0.083832955988, 0.0020909590001, 0.55449105443, 0.35958503059, 0],
      [0.29981749508, 0.0017866491231, 0.58347883153, 0.11491702426, 0],
      [0.11847372022, 0.013630865341, 0.061945434693, 0.68946993377, 0.11648004598]
    ],
    [
      [0.011117291504, 0.013860659746, 0.4508154108, 0.20691217833, 0.31729445961],
      [0.013453658026, 0.56755682739, 0.010035341674, 0.21172313027, 0.19723104264],
      [0.0089489442666, 0, 0.0092197083723, 0.94915572135, 0.032675626008],
      [0.0044107966559, 0, 0.90223919153, 0.071993661941, 0.021356349869],
      [0.098696513607, 0, 0.1999098587, 0.40490196038, 0.29649166731],
      [0.41803056675, 0, 0.27283895272, 0.19001508399, 0.11911539654],
      [0.10626703107, 0.072102789303, 0.013983659013, 0.36170811768, 0.44593840293]
    ],
    [
      [0.010997628968, 0.027214286972, 0.39260889144, 0.20297834398, 0.36620084864],
      [0.0089647380781, 0.69412433956, 0.005878922348, 0.13888383423, 0.15214816578],
      [0.010822516621, 0.0014881741218, 0.0080994009709, 0.94287030227, 0.03671960602],
      [0.0056994739847, 0.00231239183, 0.88557742639, 0.079882809463, 0.02652789833],
      [0.092292447436, 0.009931551908, 0.17172063222, 0.38976000859, 0.33629535985],
      [0.4220668835, 0.0042890535721, 0.24314306462, 0.1903140465, 0.14018695181],
      [0.083979367406, 0.13939517092, 0.010784033833, 0.31271541412, 0.45312601372]
    ],
    [
      [0.0083850511765, 0.41734834712, 0.040621240559, 0.15159488355, 0.38205047759],
      [0.0069725642085, 0.73550162516, 0.0045730654262, 0.12925213089, 0.12370061432],
      [0.12419526848, 0, 0.21449341415, 0.57142825859, 0.089883058782],
      [0.13157509748, 0.065494393008, 0.16087006061, 0.42857119394, 0.21348925496],
      [0.098121727997, 0.108712064, 0.028062853623, 0.40323411751, 0.36186923687],
      [0.36949787787, 0, 0.20193092818, 0.42857119394, 0],
      [0, 0.80351682098, 0.053623377042, 0.14285980198, 0]
    ],
    [
      [0.011719334334, 0.046439261793, 0.32631384763, 0.20712039799, 0.40840715826],
      [0.0063294976128, 0.78449102022, 0.0032262653474, 0.093746601121, 0.1122066157],
      [0.011350375904, 0.0025475313949, 0.0065345816564, 0.94000365722, 0.039563853826],
      [0.007048446146, 0.004617442073, 0.85928951354, 0.094786288886, 0.034258309356],
      [0.095516632021, 0.01643710393, 0.13832814387, 0.38588713276, 0.36383098741],
      [0.44656504502, 0.0072470601274, 0.19968047574, 0.19202133327, 0.15448608585],
      [0.077146054047, 0.20517610224, 0.0077102178484, 0.27480784639, 0.43515977948]
    ],
    [
      [0.014262650942, 0.05202286186, 0.332474702, 0.24291755315, 0.35832223205],
      [0.0068808495378, 0.80285054264, 0.0029272060818, 0.09883209091, 0.088509310829],
      [0.011217173106, 0.0023525992252, 0.005501186526, 0.95051980536, 0.030409235785],
      [0.0082006265618, 0.0049761880625, 0.850374218, 0.1073668189, 0.029082148469],
      [0.11134073317, 0.017558287644, 0.13421749175, 0.43228872125, 0.3045947662],
      [0.490062447, 0.0072219035434, 0.18116064506, 0.20081575011, 0.12073925429],
      [0.090770617709, 0.2225433064, 0.0075235558097, 0.31090664511, 0.36825587498]
    ],
    [
      [0.0085755693171, 0.056235573213, 0.26553485936, 0.29354565654, 0.37610834157],
      [0.003725767331, 0.80423284244, 0.0020681095207, 0.10685624199, 0.083117038712],
      [0.0059362067045, 0.0020611992916, 0.0032567640234, 0.96176460898, 0.026981221001],
      [0.0057858972428, 0.0062331380908, 0.80202862333, 0.1505873879, 0.03536495343],
      [0.06456410697, 0.018301272276, 0.10321196139, 0.50526958948, 0.30865306988],
      [0.36161117411, 0.0095338176926, 0.17709704701, 0.29697929405, 0.15477866714],
      [0.051140401732, 0.22759932985, 0.0055694489315, 0.35278907065, 0.36290174884]
    ],
    [
      [0.0051611130352, 0.027500272562, 0.37860524762, 0.3191292405, 0.26960412629],
      [0.0039632516063, 0.68460777296, 0.0055884051467, 0.20210470486, 0.10373586543],
      [0, 0.0023986864502, 0.009531244306, 0.97269832848, 0.015371740764],
      [0.00021437458648, 0.0040551810572, 0.85370378452, 0.12371642513, 0.018310234707],
      [0.043600912014, 0.009502278641, 0.15234481683, 0.56671190898, 0.22784008353],
      [0.2573719679, 0.0052301211821, 0.27130430058, 0.34691386028, 0.11917975006],
      [0.04233053069, 0.13830592173, 0.010627631418, 0.48186535078, 0.32687056539]
    ],
    [
      [0.029743705207, 0.24771539866, 0.30346585801, 0.15135313097, 0.26772190716],
      [0.00097117849674, 0.98340736956, 0.00098889357172, 0.0068952249191, 0.0077373334501],
      [0, 0, 0.0188475, 0.92696091193, 0.054191588066],
      [0.011595982404, 0, 0.88041961947, 0.07496792768, 0.033016470447],
      [0.25867339603, 0.076041509383, 0.12861603211, 0.29209370203, 0.24457536044],
      [0.75086460226, 0, 0.10365628004, 0.082156051506, 0.0633230662],
      [0.1768083813, 0.57745186571, 0.014312650826, 0.095339294811, 0.13608780735]
    ],
    [
      [0.0047245223492, 0.036627161157, 0.26932253307, 0.27047270644, 0.41885307698],
      [0, 0.71861775991, 0.0034617047303, 0.14321781664, 0.13470271873],
      [0, 0.00047109986413, 0.0055123066247, 0.96018067098, 0.03383592253],
      [0, 0.0064478902135, 0.81141733554, 0.14151797376, 0.040616800491],
      [0.036368532107, 0.017283176424, 0.10907996835, 0.48118804516, 0.35608027795],
      [0.26193153959, 0.0073359183351, 0.20999853005, 0.31913256258, 0.20160144945],
      [0.034450511239, 0.16001982966, 0.0065105277428, 0.35615956807, 0.44285956329]
    ],
    [
      [0.0016369318785, 0.044864993978, 0.074445874586, 0.13833182767, 0.74072037189],
      [0, 0.80760458372, 0, 0.052881099065, 0.13951431721],
      [0, 0.0041382350581, 0, 0.92691903139, 0.068942733549],
      [0, 0.030554137664, 0.79324803467, 0.10194028952, 0.074257538145],
      [0, 0.02909986866, 0.033759826633, 0.27285812896, 0.66428217575],
      [0.1253684953, 0.013451022221, 0.10077523147, 0.25955131923, 0.50085393179],
      [0, 0.184568624, 0, 0.15542509047, 0.66000628553]
    ],
    [
      [0.010422349676, 0.12683859603, 0.36500336012, 0.17985183404, 0.31788386014],
      [0.0030111049015, 0.95022482263, 0.0022119594309, 0.019345892484, 0.025206220557],
      [0.0035230111115, 0, 0.012181560085, 0.9410428823, 0.043252546505],
      [0.0056972566798, 0.0052398575561, 0.908519603, 0.059439028577, 0.021104254186],
      [0.08943874874, 0.049134486726, 0.15931775921, 0.38630122778, 0.31580777754],
      [0.46113556234, 0.013977671807, 0.22707373143, 0.17324224931, 0.12457078511],
      [0.083089062129, 0.46844684983, 0.0076658758878, 0.17923284752, 0.26156536463]
    ],
    [
      [0.0098866381684, 0.031831334791, 0.44612643508, 0.20849601105, 0.30365958091],
      [0.007232620186, 0.74538811488, 0.0059513248372, 0.12809726857, 0.11333067153],
      [0.010100405027, 0.0021631915615, 0.0083190734762, 0.94997656057, 0.029440769367],
      [0.0047793862263, 0.0025640426252, 0.89997083927, 0.073189381185, 0.019496350698],
      [0.085482795849, 0.012034680251, 0.20107750589, 0.41349808472, 0.28790693329],
      [0.39014471842, 0.0052221937596, 0.28397193903, 0.20113506684, 0.11952608194],
      [0.079392918163, 0.17272539198, 0.012815004956, 0.33870995183, 0.39635673308]
    ],
    [
      [0.010555492119, 0.045858506722, 0.53532136706, 0.19265046143, 0.21561417267],
      [0.0055965519652, 0.8475158225, 0.0050138871505, 0.084549319034, 0.057324419345],
      [0.013260305238, 0.0030982153981, 0.011640667965, 0.95512505207, 0.016875759333],
      [0.0047830091711, 0.0030195677871, 0.92480274982, 0.057375179738, 0.010019493487],
      [0.09741645825, 0.018452886181, 0.25488612122, 0.41025211808, 0.21899241627],
      [0.4093862606, 0.0071436922215, 0.3244003711, 0.17846029855, 0.080609377531],
      [0.088691618823, 0.26929143859, 0.015855896054, 0.32936644047, 0.29679460607]
    ],
    [
      [0.0088293234761, 0.019960044141, 0.45242148698, 0.27537754691, 0.24341159849],
      [0.0087018244056, 0.63376238601, 0.0081068781877, 0.22734640566, 0.12208250574],
      [0.0075198707813, 0.00080203292595, 0.0077813929105, 0.9703273553, 0.01356934808],
      [0.0041581021043, 0.001457027602, 0.88652070756, 0.093858160864, 0.014006001869],
      [0.071902741537, 0.0070647175658, 0.190769829, 0.51376224063, 0.21650047127],
      [0.35029513299, 0.0032282382561, 0.28639687197, 0.26498227578, 0.095097481002],
      [0.074225678466, 0.11300753306, 0.013603362785, 0.46748353402, 0.33167989167]
    ],
    [
      [0.013048586096, 0.024739903387, 0.40968108254, 0.22687416941, 0.32565625857],
      [0.011199162665, 0.67608326517, 0.0064503626147, 0.16360986419, 0.14265734536],
      [0.010684209289, 0.00091340556936, 0.0078197296526, 0.95101778892, 0.029564866573],
      [0.0061589600336, 0.0018960168027, 0.88416864158, 0.085260883964, 0.022515497625],
      [0.10643078622, 0.0086663431375, 0.17319383448, 0.42211581749, 0.28959321867],
      [0.45970917049, 0.0034939089445, 0.23023671368, 0.19333075477, 0.11322945212],
      [0.10093074183, 0.12816978697, 0.011355389535, 0.35277102419, 0.40677305746]
    ],
    [
      [0.017296289458, 0.022807766003, 0.4050251819, 0.27458890269, 0.28028185995],
      [0.015181191677, 0.6498716796, 0.0065104504983, 0.20269861057, 0.12573806766],
      [0.010349161262, 0.00074878598431, 0.0075120593527, 0.96338232085, 0.018007672555],
      [0.007777862727, 0.0017752948239, 0.86926258905, 0.10295511117, 0.018229142233],
      [0.13068212527, 0.0074413239278, 0.15812000192, 0.47339223425, 0.23036431463],
      [0.52203032754, 0.0027549221143, 0.19337441926, 0.19939656512, 0.082443765968],
      [0.12842939273, 0.11372517317, 0.010869922707, 0.41077611518, 0.33619939621]
    ],
    [
      [0.011443405642, 0.022904847943, 0.42707829302, 0.22084148277, 0.31773197063],
      [0.010510000088, 0.66322026479, 0.007191515269, 0.1702593169, 0.14881890295],
      [0.010518429837, 0.00053381429762, 0.0081368689614, 0.95121382411, 0.029597062796],
      [0.0055325527834, 0.0015235704777, 0.89112237523, 0.080501341728, 0.021320159777],
      [0.095401960734, 0.0082301096222, 0.18539868237, 0.42117944792, 0.28978979935],
      [0.42445130365, 0.0034054496482, 0.25501927826, 0.19977345019, 0.11735051825],
      [0.091999477047, 0.12369630011, 0.01233497378, 0.35808890525, 0.41388034381]
    ],
    [
      [0.010360332119, 0.049980736905, 0.49812880023, 0.16364863668, 0.27788149407],
      [0.0053277014638, 0.84751081051, 0.0046519610324, 0.070086943146, 0.072422583847],
      [0.013890869037, 0.0027589501188, 0.012846997794, 0.935391595, 0.035111588054],
      [0.0049316917584, 0.0032004458373, 0.92338059503, 0.05170765338, 0.01677961399],
      [0.097263164787, 0.020344568465, 0.24331756704, 0.35269813842, 0.28637656129],
      [0.41003997852, 0.0079768961291, 0.31570968047, 0.15719783543, 0.10907560945],
      [0.082998283454, 0.27446859035, 0.014319011963, 0.26549777609, 0.36271633815]
    ],
    [
      [0.0097789878976, 0.02350556051, 0.36033000859, 0.25041467478, 0.35597076822],
      [0.008455247763, 0.64749175186, 0.0056950418549, 0.18157821488, 0.15677974364],
      [0.008185791659, 0.000530044113, 0.0059830863449, 0.95551714847, 0.02978392941],
      [0.0054432595603, 0.00193420604, 0.86133425733, 0.1039416612, 0.02734661587],
      [0.077777835195, 0.0080530195047, 0.14903917833, 0.45555703724, 0.30957292973],
      [0.38650613886, 0.0037379171723, 0.22894101658, 0.24098955032, 0.13982537707],
      [0.072417946417, 0.11691809081, 0.0095599198013, 0.37396866277, 0.4271353802]
    ],
    [
      [0.011692514796, 0.021751953742, 0.59842544224, 0.17658202801, 0.19154806121],
      [0.011215541005, 0.74002505811, 0.010854890843, 0.14339553204, 0.094508978001],
      [0.017832308772, 0.002140069144, 0.016800315953, 0.95089474307, 0.012332563057],
      [0.0070086750518, 0.0023677570085, 0.94223594684, 0.048387621098, 0],
      [0.10888946301, 0.0093106895375, 0.2963532519, 0.38718014086, 0.19826645469],
      [0.42135807321, 0.003545159549, 0.35093139384, 0.15732661022, 0.066838763171],
      [0.11866694315, 0.1562434291, 0.022904729238, 0.37439950205, 0.32778539647]
    ],
    [
      [0.010857938109, 0.066903532078, 0.24873585507, 0.23538449888, 0.43811817587],
      [0.0044751300873, 0.83631654463, 0.0012143543218, 0.074134675101, 0.083859295862],
      [0.011194935155, 0.0018622600197, 0.0020161606223, 0.94632590838, 0.038600735822],
      [0.0079497653915, 0.0076915668296, 0.81222635055, 0.12838181568, 0.043750501543],
      [0.083099615773, 0.022505376712, 0.10002638556, 0.42155026751, 0.37281835445],
      [0.43584818737, 0.010654582918, 0.15713414809, 0.22605178157, 0.17031130005],
      [0.06063587424, 0.26014123081, 0.0046402297637, 0.2705635876, 0.40401907759]
    ],
    [
      [0.0044604502, 0.051759034687, 0.42506848755, 0.12139108645, 0.39732094111],
      [0.0020684336216, 0.84130192886, 0.0041398375002, 0.051142233641, 0.10134756637],
      [0.0055538260883, 0.006330467313, 0.015755392615, 0.91088055062, 0.061479763362],
      [0.0018543320753, 0.0045110560258, 0.92226522558, 0.044911002647, 0.026458383673],
      [0.045270725981, 0.022595556751, 0.2195254197, 0.27790023139, 0.43470806617],
      [0.24764310503, 0.011507720822, 0.36847566164, 0.15982460247, 0.21254891004],
      [0.034622613931, 0.26979056034, 0.011813477361, 0.18805500744, 0.49571834093]
    ],
    [
      [0.0089419530559, 0.028356541622, 0.49672702924, 0.22797071797, 0.23800375811],
      [0.0075962145696, 0.77346623085, 0.0054531437739, 0.13048379689, 0.08300061391],
      [0.015625100891, 0, 0.0078936951747, 0.9601872293, 0.016293974632],
      [0.0045011969537, 0.001501923015, 0.9187839996, 0.063657639513, 0.011555240919],
      [0.080742452566, 0.01062179126, 0.21116543441, 0.46786653324, 0.22960378853],
      [0.40641580621, 0.004448877111, 0.28659292099, 0.21303740832, 0.089504987374],
      [0.077462563842, 0.17307189307, 0.013400543722, 0.39943949874, 0.33662550062]
    ],
    [
      [0, 0.90620171248, 0.03238316666, 0.061415120857, 0],
      [2.7759966101e-09, 0.99999960244, 5.5972161356e-09, 3.0464694824e-07, 8.4537159316e-08],
      [0, 0, 0, 1, 0],
      [0, 0, 0.62869486415, 0.37130513585, 0],
      [0, 0, 0.16777639256, 0.83222360744, 0],
      [0, 0.083425273332, 0.67916983027, 0.23740489639, 0],
      [0, 0.96347387043, 0.0081673296855, 0.028358799888, 0]
    ],
    [
      [0.015349145389, 0.062953220072, 0.28031512528, 0.26462991846, 0.37675259079],
      [0.0064312317751, 0.82093529485, 0.001702678792, 0.091832493506, 0.079098301078],
      [0.011771299235, 0.0040053347314, 0.0032371538901, 0.95267995153, 0.028306260618],
      [0.0099923722534, 0.0069342158787, 0.8184502251, 0.13069765297, 0.033925533798],
      [0.11496448164, 0.020452955905, 0.10763522777, 0.45099204393, 0.30595529076],
      [0.51621944078, 0.0084328805817, 0.1454891173, 0.20897608667, 0.12088247467],
      [0.089033591462, 0.24467509058, 0.0056331788463, 0.30835903008, 0.35229910903]
    ],
    [
      [0, 0.070746766723, 0.48128291192, 0.11712328666, 0.33084703469],
      [0, 0.90826251629, 0.0033052127404, 0.028809920469, 0.059622350499],
      [0, 0.012811970449, 0.015837202343, 0.91175646127, 0.059594365943],
      [0, 0.0069711705208, 0.93819823447, 0.031421050376, 0.023409544634],
      [0.016543773025, 0.044613636212, 0.25906861234, 0.29285234462, 0.38692163381],
      [0.16866046885, 0.017229071788, 0.45241345912, 0.1709420351, 0.19075496514],
      [0.020445622285, 0.3724011073, 0.012334701681, 0.18352694998, 0.41129161875]
    ],
    [
      [0, 0.018143785202, 0.7130286812, 0.2688275336, 0],
      [0, 0.82873778775, 0.026377773972, 0.14488443828, 0],
      [0, 0, 0, 1, 0],
      [0, 0, 0.95081432227, 0.049185677728, 0],
      [0, 0.009429488326, 0.42381874133, 0.56675177034, 0],
      [1.1564956971e-07, 0.0063758947468, 0.56202128321, 0.37635157279, 0.055251133606],
      [0.0043260142486, 0.21575052105, 0.021220329316, 0.56991407676, 0.18878905862]
    ],
    [
      [0.00076587450169, 0.049965509693, 0.11772873279, 0.11689963125, 0.71464025177],
      [0, 0.91583149772, 0, 0.015149789376, 0.069018712907],
      [0, 0, 0, 0.92137319418, 0.07862680582],
      [0, 0.0017336472539, 0.91610370912, 0.049186796268, 0.032975847356],
      [0.0044354919467, 0.018332546754, 0.056279300124, 0.23472482504, 0.68622783613],
      [0, 0.030683475442, 0.25105541809, 0.25067446701, 0.46758663945],
      [0, 0.21662108964, 0.00063345454215, 0.1067034168, 0.67604203902]
    ],
    [
      [0.012846799695, 0.034332199048, 0.34293938426, 0.26107719515, 0.34880442185],
      [0.0086048659783, 0.72213291015, 0.0041591574585, 0.1463304638, 0.11877260261],
      [0.0101119118, 0.0017601868861, 0.0054323836589, 0.95541786184, 0.027277655812],
      [0.0072016771833, 0.0032090041711, 0.85118758365, 0.11116410967, 0.027237625323],
      [0.099069713371, 0.011497991205, 0.13655370547, 0.45959483115, 0.2932837588],
      [0.45685687605, 0.0049596053211, 0.19309018944, 0.22340314961, 0.12169017958],
      [0.088004555354, 0.15759303496, 0.0083367710043, 0.35987028055, 0.38619535813]
    ],
    [
      [0.011946115491, 0.028045580702, 0.30880605216, 0.25875843456, 0.39244381709],
      [0.0091096269604, 0.66954770721, 0.0042538044454, 0.16505345588, 0.15203540551],
      [0.0096796554586, 0.0011279532785, 0.004527081502, 0.953065395, 0.031599914761],
      [0.0073951238503, 0.0028360996981, 0.83488023248, 0.12109275851, 0.033795785458],
      [0.09103726543, 0.0092715925543, 0.12219898195, 0.45077558338, 0.32671657668],
      [0.43993232942, 0.0042081546091, 0.1819117316, 0.23103533924, 0.14291244513],
      [0.080975519677, 0.12739408711, 0.0074537084443, 0.35354116141, 0.43063552336]
    ],
    [
      [0.0098883275555, 0.012937858278, 0.39310239396, 0.20632742943, 0.37774399078],
      [0.012317716511, 0.52490520814, 0.0087552097849, 0.21506581299, 0.23895605257],
      [0.0085955943789, 0, 0.0079803227307, 0.9461821183, 0.037241964588],
      [0.0058027044731, 0, 0.88868221966, 0.079056634426, 0.026458441438],
      [0.08322005853, 0.0044912535028, 0.16947821028, 0.3965061591, 0.34630431858],
      [0.40254066232, 0.0020098046664, 0.24842378752, 0.19902374089, 0.14800200461],
      [0.10149374552, 0.049787708667, 0.011250627147, 0.33861311385, 0.49885480481]
    ],
    [
      [0.0093618015715, 0.039105538632, 0.28596904928, 0.20422302016, 0.46134059035],
      [0.0057499496713, 0.74570480553, 0.0031667035506, 0.10376136006, 0.14161718119],
      [0.0099409522147, 0.0028913434787, 0.0058047084443, 0.93933127562, 0.042031720243],
      [0.0063942603129, 0.0044481639637, 0.84311820498, 0.10387015111, 0.04216921963],
      [0.07593718324, 0.013856948838, 0.12069138446, 0.37981783715, 0.40969664631],
      [0.39688545447, 0.0068023187353, 0.19379666943, 0.20978710649, 0.19272845088],
      [0.061285270849, 0.17225880262, 0.0067142015004, 0.27010382193, 0.48963790309]
    ],
    [
      [0.010060663874, 0.027690829822, 0.31061677418, 0.19971153935, 0.45192019277],
      [0.0077482489091, 0.68751838024, 0.004250252683, 0.12697130819, 0.17351180998],
      [0.011208372896, 0.0020565994508, 0.006281973157, 0.93898619104, 0.041466863461],
      [0.0065924451798, 0.0029443687538, 0.85886108446, 0.094026801018, 0.037575300587],
      [0.082536929197, 0.0098718685575, 0.13109492012, 0.37377315428, 0.40272312785],
      [0.41623188558, 0.0046460301647, 0.20183610071, 0.19708111862, 0.18020486493],
      [0.070374627764, 0.1304073909, 0.0076715732224, 0.28090711289, 0.51063929523]
    ],
    [
      [0.012862056672, 0.037250267325, 0.31689934289, 0.22426437654, 0.40872395657],
      [0.0081480854725, 0.73628359799, 0.0036346111264, 0.11963590468, 0.13229780074],
      [0.011104665211, 0.0020758403139, 0.0054146607818, 0.94443744755, 0.036967386141],
      [0.0077924166601, 0.003822069391, 0.84863278748, 0.10475812902, 0.034994597447],
      [0.10152601092, 0.012765230807, 0.12992238764, 0.40385836221, 0.35192800842],
      [0.46608196765, 0.0055391300817, 0.1841676387, 0.1974210945, 0.14679016907],
      [0.085718818228, 0.16594466759, 0.0075191916475, 0.30071637934, 0.4401009432]
    ],
    [
