{
  "Z_true": {},
  "V_true": [
    [400, 24, 83, 493, 35],
    [485, 541, 339, 11923, 452],
    [87, 171, 6339, 558, 274],
    [91, 1224, 356, 719, 120],
    [64, 55, 519, 345, 668]
  ],
  "p_true": [
    [0.3865, 0.0232, 0.0802, 0.4763, 0.0338],
    [0.0353, 0.0394, 0.0247, 0.8678, 0.0329],
    [0.0117, 0.023, 0.8533, 0.0751, 0.0369],
    [0.0363, 0.4876, 0.1418, 0.2865, 0.0478],
    [0.0388, 0.0333, 0.3144, 0.209, 0.4046]
  ],
  "Z_est": [
    [
      [0, 1.6552, 2.7268, 1.0292, 1.1689, 15.2605, 7.9606, 3.8453, 0.3246, 2.8808, 0, 5.0623, 1.4341, 15.7789, 3.2717, 2.3967, 3.8686, 2.0348, 7.2109, 1.3571, 2.0303, 8.4399, 6.07, 2.7517, 6.1957, 6.8926, 5.8601, 0, 1.3843, 0.2795, 0, 2.1277, 0.2444, 0, 0.8286, 9.8497, 48.8515, 11.2085, 27.6813, 3.8718],
      [0.0356, 0.1471, 0.1623, 0.2128, 0.1143, 1.5351, 0.8248, 0.5352, 0.0056, 0.6292, 0, 0.6509, 0.2554, 1.8502, 0.5209, 0.4986, 0.5276, 0.2862, 0.6468, 0.3031, 0.3567, 0.861, 1.2301, 0.2697, 0.8938, 1.2428, 0.8575, 0, 0.1002, 0.0158, 0, 0.2523, 0.2311, 0.024, 0.0573, 2.0394, 7.7486, 1.2685, 2.1385, 0.412],
      [0.6105, 5.4381, 7.1031, 1.3486, 1.1757, 60.4691, 18.8431, 2.1839, 0.5937, 6.1392, 0, 9.1213, 2.584, 51.2577, 7.4101, 3.9289, 11.8261, 3.5736, 24.8002, 5.4181, 8.0686, 9.2587, 8.6169, 3.5919, 11.4341, 7.7098, 9.4355, 1.8279, 0.9912, 0.2622, 0, 4.4644, 0.2772, 0.623, 2.0698, 27.5431, 98.7147, 17.9686, 38.9639, 7.7385],
      [0.2611, 0.685, 2.3925, 1.1543, 0.4524, 17.3719, 7.321, 6.4045, 0.0505, 6.1397, 0, 6.2101, 1.4114, 15.9946, 7.7689, 2.6242, 4.619, 2.7559, 14.4, 2.5852, 4.1477, 7.2558, 7.1175, 2.0955, 5.0994, 6.9388, 7.7119, 0.1721, 0.3301, 0.3406, 0, 1.8235, 0.1783, 0.3155, 0.9054, 12.3826, 44.851, 13.1931, 26.4373, 9.451],
      [0.0929, 0.0747, 0.6153, 0.2551, 0.0887, 3.3633, 2.0504, 1.0311, 0.0257, 1.2111, 0, 0.9554, 0.3152, 3.1186, 1.0284, 0.5516, 1.1587, 0.3495, 1.9421, 0.3365, 0.3966, 1.1847, 0.9655, 0.2912, 1.3769, 1.216, 1.1351, 0, 0.1942, 0.102, 0, 0.3321, 0.0689, 0.0374, 0.1389, 3.1852, 9.8341, 2.3613, 4.779, 0.5267]
    ],
    [
      [0, 1.3953, 6.2966, 4.2534, 6.5489, 10.9086, 7.8709, 13.463, 1.8635, 5.7715, 0.2135, 19.4138, 2.8922, 5.6743, 5.4696, 4.607, 2.976, 2.8438, 8.0514, 1.7977, 3.785, 27.9216, 15.3509, 6.0094, 8.7878, 9.5198, 11.0078, 0, 1.921, 1.5406, 0.4777, 4.8177, 0.1264, 0, 0.742, 6.3929, 68.4144, 17.8931, 46.068, 1.9764],
      [0.15, 2.2566, 7.0052, 3.963, 8.0873, 13.983, 9.1654, 14.0064, 0.6365, 11.868, 0.4228, 24.3318, 5.5471, 7.137, 8.8748, 12.9812, 4.3461, 4.344, 9.6501, 5.1081, 9.0258, 24.8581, 25.4918, 6.389, 13.051, 12.8966, 13.1445, 0, 0.9857, 0.4583, 1.0985, 9.905, 0.5062, 0.4171, 0.5523, 11.2456, 130.3471, 21.183, 40.7663, 1.5397],
      [0.0004, 0.502, 0.7097, 0.3341, 0.2051, 1.5239, 0.2499, 0.0568, 0.4033, 0.4278, 0.0027, 2.568, 0.0659, 0.2198, 0.1945, 0.0877, 0.3505, 0.0659, 0.9407, 0.3472, 0.918, 0.6105, 0.551, 0.1361, 0.3854, 0.0992, 0.7712, 1.3302, 0.0073, 0.0551, 0.1206, 0.2281, 9.187e-06, 0.2982, 0.0181, 0.1755, 3.611, 0.881, 1.3291, 0.0299],
      [3.5648, 26.9099, 216.9056, 70.8569, 79.3737, 626.8005, 300.809, 356.2732, 33.2926, 347.3756, 6.8892, 633.2786, 111.936, 337.5013, 234.0096, 241.3027, 156.948, 99.6767, 434.5167, 126.9638, 229.8296, 526.9505, 432.804, 138.6295, 309.1048, 231.4101, 313.4281, 10.6698, 20.3475, 20.4655, 17.3032, 226.4454, 4.1097, 16.6165, 25.4884, 321.5716, 3120.1086, 579.2958, 1179.1868, 61.5379],
      [0.2852, 0.9362, 17.083, 7.5926, 4.7851, 20.784, 18.9047, 21.2005, 1.8041, 23.5571, 0.4723, 30.4078, 6.5589, 10.4683, 14.4515, 14.0214, 8.3795, 5.0696, 22.8411, 4.7832, 9.4416, 28.6593, 18.8024, 6.8361, 20.6711, 13.0743, 16.6484, 0, 1.7385, 1.4804, 0, 11.6039, 0.2577, 0.6681, 1.1992, 17.6143, 168.519, 35.747, 76.6498, 1.9161]
    ],
    [
      [0, 3.9938, 9.3893, 0.516, 2.4323, 51.027, 20.4214, 3.1615, 3.209, 3.415, 1.5202, 5.8108, 2.1191, 36.3508, 5.9971, 5.8349, 7.1082, 3.935, 14.1646, 2.1689, 3.5031, 9.7896, 7.1886, 4.5064, 10.4795, 9.2229, 5.8801, 0, 2.9293, 0, 0.3703, 6.6607, 0.4728, 0, 2.0421, 17.9896, 93.168, 15.0634, 53.7821, 5.2216],
      [1.8404, 3.2666, 6.824, 0.3613, 1.3879, 37.2518, 15.3376, 2.0738, 0.5542, 4.748, 3.0221, 4.826, 2.3679, 23.0381, 6.5652, 9.8025, 5.3245, 3.6859, 10.8458, 4.3169, 5.7379, 4.95, 7.5788, 2.9039, 9.7021, 7.4191, 4.7783, 0, 0.7841, 0, 0.4294, 8.4815, 1.0308, 0.1511, 1.065, 16.6352, 109.1702, 10.904, 29.3549, 2.5217],
      [14.1873, 73.7702, 130.7638, 7.7338, 15.0443, 888.7487, 218.3342, 23.3997, 33.8369, 78.9054, 18.2802, 111.2819, 31.8684, 535.0375, 80.5074, 77.2291, 129.5424, 39.6003, 271.2441, 69.0289, 104.7312, 87.9808, 89.6549, 40.033, 133.3899, 67.2676, 82.5172, 18.7131, 8.307, 0, 7.6898, 95.508, 2.2553, 7.139, 21.0289, 266.3371, 1373.4799, 183.5554, 435.4807, 41.7652],
      [0.4078, 0.9683, 16.806, 0.1005, 0.448, 73.2883, 22.0766, 2.4744, 1.2243, 7.854, 0.4332, 5.6525, 0.3666, 50.2011, 13.3464, 9.7677, 6.7234, 3.5689, 23.0349, 2.8327, 9.0016, 2.222, 4.7134, 1.9029, 4.0645, 2.3852, 5.4807, 0.2869, 0.1429, 0, 0.5104, 10.2346, 0.04, 0.5747, 3.5306, 9.8166, 54.2834, 9.7697, 41.6319, 5.9567],
      [1.5639, 1.001, 12.2169, 0.2884, 0.6875, 32.6841, 20.8303, 1.8906, 1.1756, 5.0776, 1.7439, 3.4288, 1.278, 22.3722, 5.584, 5.3658, 7.3015, 2.2099, 14.7106, 1.6526, 3.0262, 3.0577, 2.8643, 1.6538, 8.3641, 3.7052, 3.3437, 0, 0.8367, 0, 0, 5.1153, 0.2011, 0.1352, 1.3335, 14.2215, 71.8985, 9.7075, 29.7504, 1.5347]
    ],
    [
      [0, 0.1031, 0.3641, 0.0506, 0.5693, 3.0145, 1.9577, 0.605, 0.2926, 0.3913, 0.1692, 0.7711, 0.6415, 3.9099, 0.4899, 0.908, 0.6352, 0.4908, 1.1984, 0.3702, 0.3841, 2.6505, 1.4115, 0.97, 1.7864, 1.46, 0.6907, 0, 0.3064, 0.0763, 0.0662, 0.891, 0.0882, 0, 0.2126, 4.3336, 14.2889, 1.4703, 4.8388, 0.281],
      [1.7023, 2.3741, 8.7586, 1.0842, 5.8782, 58.1544, 28.0867, 12.0814, 1.6705, 14.7326, 2.4036, 20.728, 11.1679, 51.8828, 12.8909, 23.8391, 13.4778, 8.6192, 25.1175, 12.4271, 14.9979, 28.8708, 29.456, 10.8719, 28.881, 21.1837, 14.5409, 0, 1.759, 0.4714, 1.3329, 19.6628, 1.8406, 0.3596, 2.0377, 61.6509, 292.49, 29.377, 65.0318, 3.594],
      [1.0397, 1.745, 3.7201, 0.1469, 1.0281, 45.4144, 12.9946, 1.1246, 2.042, 3.78, 1.1516, 5.1014, 2.6308, 42.3821, 3.5327, 4.7327, 6.8853, 2.1762, 15.3403, 5.0679, 6.039, 5.9053, 5.2741, 2.5972, 8.4741, 3.6998, 3.6166, 2.2217, 0.375, 0.3003, 0.4965, 5.5535, 0.1624, 0.2203, 1.5781, 30.1552, 81.4861, 7.7549, 18.776, 1.4647],
      [0.6036, 0.5422, 6.7216, 0.4167, 2.4836, 38.8326, 22.896, 14.8398, 1.3014, 22.4251, 0.6183, 21.6758, 13.4415, 38.4538, 14.8387, 26.0417, 8.1635, 8.4069, 32.8965, 12.4556, 15.2903, 30.7568, 26.7402, 12.8964, 27.4605, 16.4719, 14.4311, 0.7783, 0.9094, 0.9234, 1.1044, 19.6036, 0.5939, 0.3385, 3.3317, 42.1949, 272.2244, 29.9946, 70.6361, 2.8272],
      [0.6543, 0.2356, 3.4356, 0.3017, 1.0409, 15.5842, 12.065, 3.3492, 0.6934, 5.671, 0.6572, 4.7237, 3.1182, 14.3712, 4.2478, 6.4784, 4.8382, 2.3069, 10.4473, 2.6792, 3.2886, 6.8165, 5.1181, 2.6646, 10.3979, 5.1845, 3.7207, 0, 0.6502, 0.2286, 0, 5.2891, 0.315, 0.0816, 0.8399, 22.6653, 87.5107, 9.4031, 23.7173, 0.8332]
    ],
    [
      [0, 0.8525, 1.2232, 0.1508, 0.2807, 4.7894, 2.7893, 0.9252, 0.3103, 0.5414, 0.0971, 0.9419, 0.9132, 4.2861, 0.7717, 1.2534, 1.4121, 0.6957, 2.3748, 0.3062, 0.2975, 3.1984, 0.9791, 0.7625, 1.7505, 1.9047, 0.5613, 0, 0.459, 0.1036, 0.0857, 1.503, 0.0682, 0, 0.1747, 3.4342, 22.2772, 3.3646, 7.6298, 0.6492],
      [0.2716, 0.9555, 2.25, 0.3788, 0.5324, 11.0757, 5.5855, 2.3031, 0.1332, 3.0222, 0.1516, 3.4632, 2.6618, 9.0919, 3.1481, 4.8786, 3.324, 2.0647, 5.7398, 1.8447, 1.8816, 5.4602, 4.2432, 1.5655, 4.4721, 5.2578, 1.6788, 0, 0.3709, 0.0545, 0.1391, 4.6985, 0.3913, 0.0482, 0.2877, 9.4289, 65.2442, 8.2675, 13.7085, 0.9325],
      [1.1621, 9.5447, 16.7033, 1.4366, 1.5468, 95.8439, 30.5783, 4.2349, 2.1241, 11.7476, 0.5655, 17.9274, 7.8509, 69.103, 12.3554, 11.0216, 22.3957, 6.584, 46.6747, 9.138, 11.2432, 18.2446, 11.9031, 5.6419, 18.3166, 12.2235, 7.6595, 1.9072, 1.3195, 0.3824, 0.6931, 16.246, 0.3051, 0.7195, 2.3051, 42.789, 234.7083, 33.84, 63.4503, 6.0017],
      [0.1627, 0.8947, 4.1744, 0.4715, 0.2423, 19.7067, 8.8974, 7.0081, 0.1312, 7.2056, 0.0593, 7.1831, 3.8445, 16.8493, 7.0364, 4.2637, 5.5461, 2.5916, 15.1518, 2.1627, 2.7308, 9.8149, 4.625, 1.4757, 4.2708, 4.794, 1.9482, 0.0928, 0.2702, 0.2706, 0.082, 5.8929, 0.0782, 0.1547, 0.7439, 10.0343, 68.5326, 16.7468, 22.108, 2.2272],
      [0.4036, 0.7525, 5.6492, 0.5623, 0.3978, 15.5844, 10.1495, 3.5286, 0.3012, 5.4832, 0.1266, 4.4844, 2.7296, 11.6696, 4.6883, 4.5827, 6.3221, 2.0641, 12.0589, 1.5485, 1.847, 6.2819, 3.2496, 1.5544, 6.1899, 4.82, 2.1522, 0, 0.5804, 0.1891, 0, 4.6596, 0.1573, 0.0777, 0.4886, 12.3137, 71.2377, 12.781, 24.1035, 1.1893]
    ]
  ],
  "V_est": [
    [223.8346, 29.7409, 483.385, 251.3495, 46.6902],
    [345.0635, 477.7262, 20.8112, 12230.4875, 665.9134],
    [430.8451, 371.0384, 5915.1785, 408.1241, 303.8126],
    [53.1388, 945.4869, 348.1874, 877.5625, 285.6239],
    [74.118, 191.0075, 868.438, 270.4765, 246.9599]
  ],
  "p_est": [
    [0.2163, 0.0287, 0.467, 0.2428, 0.0451],
    [0.0251, 0.0348, 0.0015, 0.8901, 0.0485],
    [0.058, 0.0499, 0.7962, 0.0549, 0.0409],
    [0.0212, 0.3767, 0.1387, 0.3496, 0.1138],
    [0.0449, 0.1157, 0.526, 0.1638, 0.1496]
  ],
  "EI_Z": {},
  "EI_V": 8.8476,
  "MAE_Z": {},
  "MAE_V": 186.613,
  "MAE_p": 0.0759,
  "runtime": 120.764
}
