{
  "X": [
    [6, 7, 11, 2],
    [4, 7, 11, 1],
    [2, 11, 6, 0],
    [49, 93, 378, 48],
    [66, 146, 414, 46],
    [12, 12, 23, 1],
    [5, 37, 108, 11],
    [21, 21, 75, 6],
    [35, 353, 121, 42],
    [19, 251, 30, 23],
    [27, 317, 122, 51],
    [61, 154, 418, 37],
    [33, 478, 148, 76],
    [62, 85, 575, 49],
    [74, 259, 450, 50],
    [93, 188, 948, 77],
    [92, 135, 1070, 80],
    [53, 83, 518, 57],
    [175, 256, 1422, 183],
    [85, 126, 456, 47],
    [173, 277, 1308, 149],
    [136, 339, 1067, 133],
    [1, 2, 20, 1],
    [71, 120, 767, 101],
    [17, 57, 115, 23],
    [9, 66, 115, 21],
    [99, 265, 808, 124],
    [65, 92, 615, 69],
    [9, 35, 37, 5],
    [5, 7, 29, 1],
    [6, 5, 29, 8],
    [1, 4, 7, 1],
    [14, 218, 32, 23],
    [61, 90, 472, 53],
    [60, 89, 566, 42],
    [17, 38, 133, 21],
    [41, 51, 284, 44],
    [4, 11, 107, 11],
    [68, 106, 759, 62],
    [23, 64, 413, 44],
    [153, 233, 1698, 102],
    [50, 91, 704, 73],
    [76, 148, 846, 89],
    [11, 19, 93, 5],
    [25, 56, 320, 33],
    [10, 12, 69, 7],
    [283, 657, 3752, 302],
    [59, 134, 322, 39],
    [278, 642, 1568, 201],
    [62, 104, 478, 35]
  ],
  "W": [
    [7, 6, 10, 2, 1],
    [3, 7, 12, 0, 1],
    [1, 10, 6, 0, 2],
    [52, 90, 366, 20, 40],
    [78, 123, 410, 29, 32],
    [12, 14, 19, 0, 3],
    [12, 36, 104, 4, 5],
    [11, 29, 78, 2, 3],
    [23, 337, 121, 33, 37],
    [14, 255, 30, 15, 9],
    [30, 287, 119, 50, 31],
    [74, 135, 368, 40, 53],
    [30, 463, 153, 42, 47],
    [88, 72, 559, 12, 40],
    [101, 223, 429, 32, 48],
    [113, 152, 918, 44, 79],
    [88, 137, 1010, 40, 102],
    [53, 69, 501, 41, 47],
    [168, 232, 1420, 88, 128],
    [77, 134, 436, 30, 37],
    [197, 244, 1276, 84, 106],
    [176, 279, 1018, 79, 123],
    [2, 1, 20, 1, 0],
    [80, 117, 770, 30, 62],
    [19, 60, 106, 17, 10],
    [17, 61, 106, 17, 10],
    [111, 241, 809, 36, 99],
    [84, 80, 583, 33, 61],
    [6, 33, 38, 2, 7],
    [4, 10, 25, 1, 2],
    [7, 4, 27, 6, 4],
    [2, 2, 9, 0, 0],
    [7, 216, 36, 15, 13],
    [64, 88, 461, 19, 44],
    [72, 89, 535, 17, 44],
    [15, 38, 127, 12, 17],
    [44, 58, 283, 17, 18],
    [12, 9, 100, 4, 8],
    [74, 94, 723, 40, 64],
    [27, 53, 398, 22, 44],
    [185, 192, 1598, 73, 138],
    [65, 95, 677, 39, 42],
    [83, 148, 829, 29, 70],
    [21, 13, 89, 0, 5],
    [39, 36, 313, 13, 33],
    [9, 11, 69, 4, 5],
    [340, 558, 3628, 173, 295],
    [61, 129, 320, 15, 29],
    [311, 592, 1563, 87, 136],
    [79, 93, 462, 4, 41]
  ],
  "method": "mult",
  "cond_prob": [
    [
      [0.72168333874, 0.046140725406, 0.1969856012, 0.035190334651],
      [0.029097766075, 0.93408421068, 2.8347992387e-06, 0.036815188442],
      [0.020109110573, 0.0028533637202, 0.9405638006, 0.036473725107],
      [0.045676795163, 0.36169961803, 0.069682378478, 0.52294120833],
      [0.081134114859, 0.12929253926, 0.56550319133, 0.22407015455]
    ],
    [
      [0.81758161041, 0.031681229947, 0.12741822356, 0.023318936083],
      [0.040133219286, 0.9247053653, 2.6457984984e-06, 0.035158769619],
      [0.029460712063, 0.0030068200705, 0.93055499023, 0.036977477634],
      [0.055160390426, 0.31252386072, 0.056758878109, 0.57555687074],
      [0.11282368652, 0.12790717356, 0.52618801171, 0.23308112821]
    ],
    [
      [0.89569367968, 0.022752663369, 0.081553656951, 0],
      [0.040810656621, 0.95918683381, 2.509570924e-06, 0],
      [0.03054609579, 0.0033427756092, 0.9661111286, 0],
      [0.12708551762, 0.75104021215, 0.12187427023, 0],
      [0.15097941666, 0.17837051468, 0.67065006866, 0]
    ],
    [
      [0.65912875385, 0.048259025307, 0.2395057418, 0.053106479048],
      [0.0316954337, 0.90946072355, 3.7282502562e-06, 0.058840114503],
      [0.017902124139, 0.0025962473454, 0.93180550875, 0.04769611977],
      [0.041523683715, 0.32077400783, 0.07615013774, 0.56155217071],
      [0.06917202383, 0.11180287287, 0.55844885867, 0.26057624463]
    ],
    [
      [0.65368203112, 0.058255801591, 0.24341499803, 0.044647169258],
      [0.026824914514, 0.93112164357, 3.221181229e-06, 0.04205022073],
      [0.017685319903, 0.0031099149715, 0.93941925551, 0.039785509613],
      [0.042314442254, 0.39604508062, 0.079224136882, 0.48241634024],
      [0.069532113648, 0.13627055443, 0.57311494803, 0.22108238389]
    ],
    [
      [0.74580605767, 0.036345205259, 0.20387312338, 0.013975613686],
      [0.043653346728, 0.93631760429, 4.0602746044e-06, 0.020024988703],
      [0.022402905895, 0.002292752283, 0.96057824284, 0.014726098986],
      [0.083317583411, 0.46346888774, 0.12108646131, 0.33212706754],
      [0.10360233445, 0.11848976908, 0.67530854945, 0.10259934702]
    ],
    [
      [0.45125384516, 0.081032304969, 0.38822474256, 0.079489107313],
      [0.012507638038, 0.93442579065, 3.6345087378e-06, 0.053062936799],
      [0.0072991563561, 0.0027134948213, 0.94553620373, 0.044451145097],
      [0.017398687985, 0.34614567693, 0.078797559692, 0.55765807539],
      [0.029567403759, 0.12233951372, 0.59054646598, 0.25754661654]
    ],
    [
      [0.82188139627, 0.021575345722, 0.13351204462, 0.023031213395],
      [0.078257096396, 0.86842250183, 4.3309265539e-06, 0.053316070852],
      [0.037336685217, 0.0020479019835, 0.92410715901, 0.036508253787],
      [0.099365059441, 0.2923441393, 0.085713690684, 0.52257711057],
      [0.14643241474, 0.08940816653, 0.55775133057, 0.20640808816]
    ],
    [
      [0.70540546759, 0.054279352686, 0.20079133435, 0.03952384537],
      [0.030786062002, 0.92918674365, 2.8535621619e-06, 0.040024340788],
      [0.022620059147, 0.0034736736052, 0.93169452678, 0.04221174047],
      [0.049857333494, 0.406683373, 0.072064379513, 0.47139491399],
      [0.085326591096, 0.14583155989, 0.54396926321, 0.2248725858]
    ],
    [
      [0.69742564707, 0.055853717322, 0.20072240585, 0.045998229761],
      [0.02902889565, 0.92590307033, 2.7461125476e-06, 0.045065287902],
      [0.021637453464, 0.0035088817298, 0.92663298225, 0.048220682555],
      [0.044471017761, 0.38300075848, 0.065687494132, 0.50684072962],
      [0.079785134304, 0.14385497913, 0.5245427141, 0.25181717247]
    ],
    [
      [0.61610189001, 0.070046365534, 0.25919728486, 0.0546544596],
      [0.021020482491, 0.93579900827, 2.873619033e-06, 0.043177635615],
      [0.015401999553, 0.0034871980666, 0.93570068728, 0.0454101151],
      [0.033238195467, 0.39982620867, 0.070860606614, 0.49607498925],
      [0.05852227191, 0.14749805584, 0.55035909619, 0.24362057606]
    ],
    [
      [0.63901138741, 0.056529356241, 0.2730130208, 0.031446235551],
      [0.027348303761, 0.94175447423, 3.7683967314e-06, 0.030893453613],
      [0.015684225712, 0.0027383299605, 0.95615055066, 0.025426893663],
      [0.048446336241, 0.45005496026, 0.10408387969, 0.39741482382],
      [0.068053060809, 0.1324038488, 0.64370900548, 0.15583408492]
    ],
    [
      [0.62396901111, 0.066838859328, 0.24110454789, 0.068087581668],
      [0.022077510399, 0.92230144417, 2.7650100708e-06, 0.055618280425],
      [0.016556318928, 0.003521436409, 0.92005679671, 0.059865447953],
      [0.030740228284, 0.34725836053, 0.060035054199, 0.56196635699],
      [0.058544895015, 0.13862690639, 0.50402686776, 0.29880133083]
    ],
    [
      [0.60634310939, 0.060730485636, 0.27743600929, 0.05549039568],
      [0.023679506904, 0.92663025536, 3.4909688234e-06, 0.049686746763],
      [0.014412341442, 0.0028447087761, 0.93934468786, 0.043398261921],
      [0.034373617959, 0.36174659887, 0.079009319209, 0.52487046396],
      [0.056899252112, 0.12524769235, 0.57561862898, 0.24223442656]
    ],
    [
      [0.62035940624, 0.066073389713, 0.27060869377, 0.042958510278],
      [0.022798244547, 0.9410463298, 3.1999272602e-06, 0.036152225725],
      [0.015252985499, 0.0031987407521, 0.94683739385, 0.034710879897],
      [0.038684003146, 0.43133950935, 0.084659646753, 0.44531684075],
      [0.061782168463, 0.14437172927, 0.59524796906, 0.1985981332]
    ],
    [
      [0.62773893055, 0.06098318101, 0.2687399062, 0.042537982241],
      [0.024876781969, 0.93656448677, 3.4235495448e-06, 0.03855530771],
      [0.015572776185, 0.0029748237218, 0.94681532031, 0.034637079787],
      [0.040765301563, 0.41427366758, 0.087468326634, 0.45749270422],
      [0.063656853317, 0.13553447359, 0.60100116813, 0.19980750496]
    ],
    [
      [0.66349436193, 0.04373386781, 0.25421608999, 0.038555680266],
      [0.035828336538, 0.91650214614, 4.4173625084e-06, 0.047665099955],
      [0.017389907887, 0.002256160096, 0.9471517649, 0.033202167122],
      [0.051398821378, 0.35480204761, 0.098799529996, 0.49499960102],
      [0.073544370933, 0.10634624765, 0.6219895484, 0.19811983302]
    ],
    [
      [0.66229914263, 0.048336489108, 0.24444174534, 0.044922622925],
      [0.03208772213, 0.91781151415, 3.8305413829e-06, 0.050096933175],
      [0.01780156121, 0.0025706265093, 0.93973936852, 0.039888443759],
      [0.045676388645, 0.35151114061, 0.085008911614, 0.51780355913],
      [0.07160905003, 0.11527273712, 0.58652947644, 0.22658873641]
    ],
    [
      [0.67584850123, 0.045803929486, 0.22573192849, 0.052615640796],
      [0.034556549305, 0.90403956077, 3.7027741445e-06, 0.061400187155],
      [0.019606835752, 0.0026075733371, 0.92779027721, 0.049995313706],
      [0.044284456596, 0.3131051528, 0.073982952557, 0.56862743804],
      [0.074468216485, 0.11037591169, 0.54736448249, 0.26779138933]
    ],
    [
      [0.71004193882, 0.03942528544, 0.21416860361, 0.036364172125],
      [0.042035427425, 0.90855483722, 4.0885366928e-06, 0.049405646819],
      [0.021826594352, 0.0023912287228, 0.93896650008, 0.036815676847],
      [0.059208710387, 0.34518459717, 0.089789539073, 0.50581715337],
      [0.088651919411, 0.10823722517, 0.5918156884, 0.21129516701]
    ],
    [
      [0.65200502801, 0.051679916833, 0.24673403035, 0.049581024808],
      [0.030014194383, 0.91791025836, 3.6424048462e-06, 0.05207190485],
      [0.017469871044, 0.0027162759923, 0.93631836784, 0.043495485122],
      [0.042196609937, 0.34878813328, 0.079841480012, 0.52917377677],
      [0.068635042476, 0.11893563029, 0.57140580628, 0.24102352095]
    ],
    [
      [0.61852225456, 0.062210220519, 0.26790095978, 0.051366565133],
      [0.02397723803, 0.93057202732, 3.3316185244e-06, 0.045447403033],
      [0.015315408491, 0.003022956455, 0.94000176083, 0.041659874222],
      [0.036547171615, 0.38343859389, 0.079177493618, 0.50083674088],
      [0.060352307442, 0.13275387834, 0.57533248724, 0.23156132698]
    ],
    [
      [0.61712321998, 0.078576208688, 0.27015214532, 0.034148426008],
      [0.0048152801676, 0.98556494934, 1.0555965361e-06, 0.009618714899],
      [0.0093776077321, 0.0035986424751, 0.96009666051, 0.026927089288],
      [0.01913319352, 0.51181463217, 0.065164311511, 0.4038878628],
      [0.039696710632, 0.17958171776, 0.60126751926, 0.17945405235]
    ],
    [
      [0.62977526765, 0.049226610377, 0.25175401195, 0.069244110024],
      [0.029473673091, 0.89623695359, 3.795868152e-06, 0.074285577451],
      [0.016212007364, 0.0024973195446, 0.92264982144, 0.058640851654],
      [0.033916904278, 0.27809833613, 0.068101708654, 0.61988305094],
      [0.060028037821, 0.10306611352, 0.53036286719, 0.30654298146]
    ],
    [
      [0.64120244423, 0.046828077448, 0.25571446863, 0.0562550097],
      [0.030765032558, 0.90558055005, 4.0583355877e-06, 0.063650359053],
      [0.015907004356, 0.0023554432314, 0.93449567788, 0.047241874538],
      [0.038142213646, 0.30118045171, 0.078448134467, 0.58222920017],
      [0.06274682183, 0.10343116591, 0.56940948559, 0.26441252668]
    ],
    [
      [0.50392173161, 0.073385697379, 0.352113916, 0.070578655004],
      [0.015829087989, 0.93172932935, 3.6694718363e-06, 0.052437913191],
      [0.0091490440035, 0.0027097366429, 0.94463174983, 0.043509469526],
      [0.022298041612, 0.35210625832, 0.080588975297, 0.54500672477],
      [0.03705415186, 0.1221384506, 0.59082670889, 0.24998068865]
    ],
    [
      [0.63601600618, 0.056070078601, 0.24263724752, 0.065276667698],
      [0.026697287419, 0.91063256915, 3.2738726696e-06, 0.062666869561],
      [0.017028691941, 0.0029521483358, 0.92265544017, 0.057363719558],
      [0.034334252704, 0.31644677116, 0.065645405663, 0.58357357047],
      [0.062115238704, 0.11999708982, 0.52260104723, 0.29528662425]
    ],
    [
      [0.61818498303, 0.052938462135, 0.27291540994, 0.055961144897],
      [0.027420116484, 0.91566585749, 3.9003435072e-06, 0.056910125684],
      [0.014919406475, 0.0025179720876, 0.93812400098, 0.044438620461],
      [0.036667415965, 0.32970046283, 0.081318680251, 0.55231344095],
      [0.059352315107, 0.11168295347, 0.57929721473, 0.24966751669]
    ],
    [
      [0.76671549399, 0.041689510763, 0.1631784396, 0.028416555642],
      [0.038727471539, 0.92487926358, 2.9196247124e-06, 0.036390345255],
      [0.027341170541, 0.003242242416, 0.93252231341, 0.036894273633],
      [0.063161557699, 0.40054690952, 0.074228901259, 0.46206263153],
      [0.10556994873, 0.1388591705, 0.55010108536, 0.2054697954]
    ],
    [
      [0.76658727677, 0.025404437412, 0.19565061337, 0.012357672445],
      [0.054364110264, 0.92133959399, 5.3527680699e-06, 0.024290942973],
      [0.021290275099, 0.0016787292147, 0.96337235738, 0.013658638308],
      [0.093139587397, 0.40151739061, 0.14290214031, 0.36244088169],
      [0.10342929676, 0.090640669239, 0.70667524405, 0.099254789948]
    ],
    [
      [0.68395087162, 0.035337999223, 0.2197261083, 0.06098502085],
      [0.034694987166, 0.88622043097, 3.9713363778e-06, 0.079080610524],
      [0.017654559747, 0.0019939788472, 0.9225617793, 0.057789682107],
      [0.037098586425, 0.2339081271, 0.066237401338, 0.66275588514],
      [0.066880621347, 0.084918693111, 0.53178585172, 0.31641483382]
    ],
    [
      [0.64591094403, 0.096989397122, 0.17656092975, 0.080538729102],
      [0.0053608384093, 0.96844685633, 7.8404789976e-07, 0.026191521216],
      [0.012326305735, 0.0061207363649, 0.89571073506, 0.085842222838],
      [0.0026742556188, 0.084849813136, 0.0061003881802, 0.90637554306],
      [0.031258631163, 0.17795106102, 0.32660375036, 0.46418655746]
    ],
    [
      [0.71821630744, 0.055440402675, 0.17944912388, 0.046894166002],
      [0.02960163429, 0.92422307789, 2.4696667274e-06, 0.046172818151],
      [0.024362747681, 0.0038658537773, 0.91720527055, 0.054566127995],
      [0.045075971387, 0.37974274697, 0.058684819777, 0.51649646187],
      [0.085377561445, 0.15046737476, 0.49354765241, 0.27060741139]
    ],
    [
      [0.66636348391, 0.046294170428, 0.23568269291, 0.051659652752],
      [0.033392619238, 0.9070965711, 3.81474482e-06, 0.059506994917],
      [0.018443881625, 0.002531962888, 0.93185471647, 0.04716943902],
      [0.04336199973, 0.31712425336, 0.07723132067, 0.56228242624],
      [0.071506094499, 0.10942453582, 0.56057496131, 0.25849440837]
    ],
    [
      [0.64016843708, 0.049490431018, 0.26796321529, 0.042377916615],
      [0.030570810363, 0.92296033145, 4.1286764924e-06, 0.046464729515],
      [0.015861414895, 0.0024201657798, 0.94712102711, 0.034597392218],
      [0.0448658021, 0.36470379756, 0.094468987694, 0.49596141265],
      [0.066441235761, 0.11301690796, 0.61571405041, 0.20482780588]
    ],
    [
      [0.6860148608, 0.042261649727, 0.22193819055, 0.049785298919],
      [0.035849102541, 0.90238022985, 3.8637270056e-06, 0.061766803886],
      [0.019404033296, 0.0024394190818, 0.9301606188, 0.047995928821],
      [0.045175914555, 0.30364255409, 0.075894189105, 0.57528734225],
      [0.075100874783, 0.10514677404, 0.55611319195, 0.26363915922]
    ],
    [
      [0.6655513529, 0.038865090572, 0.22951456767, 0.06606898886],
      [0.037929632144, 0.87501701436, 4.2476199667e-06, 0.087049105877],
      [0.018516363478, 0.0021485503777, 0.91834799657, 0.060987089578],
      [0.038860944482, 0.24062331239, 0.067849473642, 0.65266626949],
      [0.068275399452, 0.088326896492, 0.52492774036, 0.31846996369]
    ],
    [
      [0.40985529824, 0.079932926774, 0.41804546166, 0.092166313329],
      [0.010830137457, 0.9302958703, 3.7445933252e-06, 0.058870247651],
      [0.0061206494887, 0.0024729596053, 0.94364771392, 0.047758676985],
      [0.014342837175, 0.31680029936, 0.077287067498, 0.59156979597],
      [0.024711541236, 0.11187640223, 0.58721419784, 0.27619785869]
    ],
    [
      [0.64501750134, 0.050160551792, 0.26364976195, 0.04117218492],
      [0.030519730282, 0.92479311599, 4.0213481226e-06, 0.04468313238],
      [0.016264145241, 0.0024939122628, 0.94706811107, 0.034173831422],
      [0.045800517188, 0.373970883, 0.094085703935, 0.48614289587],
      [0.06795934636, 0.11616184138, 0.61430725288, 0.20157155938]
    ],
    [
      [0.58487993431, 0.061206339098, 0.29551663284, 0.058397093755],
      [0.02230263831, 0.92599341286, 3.6759144605e-06, 0.051700272917],
      [0.012908613749, 0.0026958560204, 0.94144385545, 0.04295167478],
      [0.031650440105, 0.35266885631, 0.081316907622, 0.53436379596],
      [0.051718759946, 0.12038184694, 0.58473468351, 0.2431647096]
    ],
    [
      [0.63093704581, 0.056485327251, 0.27876691078, 0.033810716159],
      [0.027182390868, 0.93957920835, 3.8518051172e-06, 0.033234548981],
      [0.015266343628, 0.0026810428897, 0.9552660438, 0.026786569681],
      [0.046765055246, 0.43671910022, 0.10331940243, 0.4131964421],
      [0.065997131282, 0.12918477729, 0.64150562842, 0.163312463]
    ],
    [
      [0.59656462719, 0.048901594896, 0.2943249567, 0.06020882121],
      [0.028326222484, 0.9060169766, 4.5103311425e-06, 0.065652290589],
      [0.013357192345, 0.0021615885267, 0.94005080457, 0.044430414556],
      [0.034583233424, 0.29802556635, 0.085850095731, 0.5815411045],
      [0.054277472575, 0.097906330877, 0.59290069357, 0.25491550298]
    ],
    [
      [0.6361531395, 0.049647728388, 0.25754177388, 0.056657358226],
      [0.029984171045, 0.90882551205, 3.9090361229e-06, 0.061186407865],
      [0.016210816485, 0.0024922284735, 0.9338224435, 0.047474511545],
      [0.038457670681, 0.31456025542, 0.078167557355, 0.56881451655],
      [0.063327867338, 0.10850441652, 0.566374729, 0.26179298714]
    ],
    [
      [0.55715052482, 0.088287572704, 0.30959466364, 0.044967238834],
      [0.014222218405, 0.95861801737, 2.6213072774e-06, 0.027157142918],
      [0.011587826945, 0.0037246086773, 0.9529483282, 0.031739236179],
      [0.027637511911, 0.48346148998, 0.079428406084, 0.40947259203],
      [0.04704512865, 0.16942582149, 0.59705164387, 0.18647740599]
    ],
    [
      [0.56232074245, 0.079599512546, 0.29698014262, 0.061099602384],
      [0.016708566362, 0.94126305347, 2.8695441564e-06, 0.042025510625],
      [0.012356886681, 0.0034789827079, 0.93955800311, 0.044606127506],
      [0.02693163508, 0.40560523245, 0.072107049393, 0.49535608308],
      [0.047531362328, 0.14930585977, 0.56026541854, 0.24289735937]
    ],
    [
      [0.71923939897, 0.040575911131, 0.20127850206, 0.038906187838],
      [0.036324223209, 0.9151428421, 3.5167910445e-06, 0.048529417898],
      [0.021548870046, 0.0025753502692, 0.93454400214, 0.041331777544],
      [0.051780872471, 0.33701219953, 0.078125922723, 0.53308100528],
      [0.085043778489, 0.11359066127, 0.5666315855, 0.23473397474]
    ],
    [
      [0.6113842716, 0.060282074519, 0.28293816234, 0.045395491539],
      [0.024630498778, 0.93371759958, 3.6492306075e-06, 0.041648252413],
      [0.014488336747, 0.0027973604343, 0.94755672934, 0.035157573483],
      [0.038809279027, 0.39809454868, 0.089650409332, 0.47344576296],
      [0.059757452332, 0.12857725547, 0.60727138784, 0.20439390435]
    ],
    [
      [0.68060650405, 0.049830571683, 0.2230593304, 0.046503593859],
      [0.032090592159, 0.91745622785, 3.3994955811e-06, 0.050449780494],
      [0.019883859029, 0.0028798572784, 0.93237596392, 0.04486031977],
      [0.045810218843, 0.3531180022, 0.075664395274, 0.52540738368],
      [0.076458215576, 0.12339340161, 0.55607939883, 0.24406898398]
    ],
    [
      [0.66262879372, 0.053840359708, 0.2332985839, 0.050232262674],
      [0.029425317525, 0.91974673056, 3.3181137568e-06, 0.0508246338],
      [0.018715629687, 0.0029793131528, 0.9319144681, 0.04639058906],
      [0.042209040543, 0.35697676422, 0.074211605044, 0.52660259019],
      [0.071402397152, 0.12666390462, 0.55235479223, 0.24957890599]
    ],
    [
      [0.63640873429, 0.058811678072, 0.26034988484, 0.044429702797],
      [0.025852966725, 0.93272120217, 3.4106848577e-06, 0.041422420418],
      [0.016174547265, 0.0029488056058, 0.94368704594, 0.037189601193],
      [0.040896974869, 0.39724101588, 0.084121230749, 0.4777407785],
      [0.065190508202, 0.13250191078, 0.59024351522, 0.2120640658]
    ]
  ],
  "expected_outcome": [
    [
      [5.0517833712, 2.4527448312, 0.89569367968, 34.2746952, 50.9871984276, 8.9496726921, 5.4150461419, 9.0406953589, 16.2243257546, 9.763959059, 18.4830567002, 47.2868426684, 18.7190703333, 53.3581936264, 62.6563000301, 70.9344991521, 58.38750385, 35.1018545593, 113.5425482063, 54.6732292892, 128.4449905177, 108.8599168031, 1.23424644, 50.3820214117, 12.1828464403, 8.5666694375, 70.5977766863, 51.9275385744, 4.600292964, 3.0663491071, 4.7876561014, 1.2918218881, 5.0275141521, 42.64726297, 46.0921274695, 10.290222912, 29.2842595275, 4.9182635788, 47.7312950989, 15.7917582264, 116.7233534741, 38.7767007674, 52.8007105787, 11.7001610213, 21.9305089556, 6.4731545907, 207.8706523441, 41.5169967472, 206.0775548457, 50.2762900091],
      [0.32298507784, 0.095043689841, 0.022752663369, 2.509469316, 4.5439525241, 0.4361424631, 0.97238765963, 0.23732880294, 1.2484251118, 0.78195204251, 2.101390966, 4.1831723619, 2.0051657799, 5.344282736, 6.673412361, 6.8910994542, 3.8485803673, 2.5618339227, 7.6950601537, 3.0357469789, 10.1809436161, 10.9489988113, 0.15715241738, 3.9381288301, 0.88973347152, 1.2475568554, 6.2237787248, 4.4468308194, 0.25013706458, 0.10161774965, 0.24736599456, 0.19397879424, 0.38808281872, 2.9628269074, 3.5633110333, 0.6339247459, 1.7100639852, 0.95919512129, 3.7118808326, 1.6525711556, 10.4497855414, 3.1786036682, 4.1207614562, 1.8540390268, 3.1043809893, 0.36518320018, 20.4959053364, 3.0396648727, 16.7443518692, 4.6461225677],
      [1.3788992084, 0.38225467069, 0.081553656951, 12.4542985736, 18.9863698461, 2.4464774806, 4.6586969107, 1.4686324908, 4.6182006901, 2.8101136819, 7.7759185458, 20.202963539, 7.2331364368, 24.4143688177, 27.3314780708, 30.3676094004, 22.3710159193, 12.9554125029, 37.9229639862, 16.4909824783, 48.6066039791, 47.1505689221, 0.54030429065, 20.1403209562, 4.8585749039, 5.985936572, 26.9327344745, 22.9248944349, 0.97907063761, 0.78260245349, 1.5380827581, 0.35312185949, 1.2561438671, 15.0836923465, 19.2933515009, 3.3290728583, 10.0986409775, 5.0165455399, 19.5100823843, 7.9789490866, 51.5718784952, 19.1311221857, 21.3759672324, 6.5014879364, 11.5822255621, 1.8115065186, 96.1989751961, 13.6066191547, 72.5558595933, 20.5676409022],
      [0.24633234256, 0.069956808249, 0, 2.7615369105, 3.4824792021, 0.16770736423, 0.95386928776, 0.25334334734, 0.9090484435, 0.64397521666, 1.639633788, 2.3270214307, 2.04262745, 4.8831548199, 4.3388095381, 4.8067919933, 3.3928998634, 2.380899015, 8.8394276537, 2.8000412536, 9.7674618871, 9.0405154635, 0.068296852016, 5.5395288019, 1.0688451843, 1.1998371351, 7.2457101145, 4.7007361713, 0.17049933385, 0.04943068978, 0.42689514595, 0.1610774582, 0.32825916201, 3.3062177761, 3.0512099963, 0.74677948379, 2.9070355098, 1.1059957599, 3.0467416841, 1.5767215314, 6.2549824893, 3.9135733787, 4.7025607327, 0.94431201552, 2.382884493, 0.35015569055, 15.4344671234, 2.8367192254, 15.6222336917, 3.5099465209]
    ],
    [
      [0.17458659645, 0.280932535, 0.40810656621, 2.852589033, 3.2994644852, 0.61114685419, 0.45027496938, 2.2694557955, 10.3749028948, 7.4023683908, 6.0328784751, 3.6920210077, 10.2218873147, 1.7049244971, 5.0840085339, 3.7812708593, 4.9084821057, 2.214052827, 8.0171194388, 5.6327472749, 7.3234634293, 6.6896494102, 0.0048152801676, 3.4484197516, 1.8459019535, 0.96557436732, 6.4340462681, 2.1936093187, 1.2780065608, 0.54364110264, 0.13877994866, 0.010721676819, 6.3939530067, 2.9385504929, 2.7208021223, 1.3622658966, 2.1999186644, 0.097471237111, 2.8688546465, 1.1820398304, 5.2190190467, 2.6909911359, 4.4376573146, 0.18488883926, 0.60150838904, 0.3995664553, 13.7438183183, 4.1396863885, 17.4197879748, 2.4043259054],
      [5.6045052641, 6.4729375571, 9.5918683381, 81.8514651192, 114.5279621597, 13.1084464601, 33.6393284635, 25.1842525529, 313.1359326092, 236.1052829354, 268.5743153747, 127.136854021, 427.0255686489, 66.7173783862, 209.8533315457, 142.3578019893, 125.5607940217, 63.3289944766, 209.7371780977, 121.7463481874, 223.9701030405, 259.629595622, 0.98556494934, 104.85972357, 54.3348330032, 56.8354890903, 219.4624491643, 73.253268599, 30.5210156982, 9.2133959399, 3.5448817239, 1.9368937127, 199.6321848246, 79.8244982569, 82.1434694986, 34.2904487341, 50.7509868328, 8.3726628327, 86.9305529031, 49.0776508815, 180.3992080023, 86.0716127767, 134.506175784, 12.4620342258, 33.8854699249, 10.0665712631, 521.0144205644, 118.3518533929, 544.4900644925, 86.743071802],
      [1.7008795432e-05, 1.8520589489e-05, 2.509570924e-05, 0.00033554252306, 0.00039620529117, 5.6843844461e-05, 0.00013084231456, 0.00012559687006, 0.00096165044856, 0.00070025869964, 0.00082472866248, 0.00050873355874, 0.0012801996628, 0.00025134975529, 0.00071358377903, 0.0005203795308, 0.00060517866365, 0.00026430735542, 0.00085904360153, 0.00054786391684, 0.00088874678248, 0.00092952156832, 1.0555965361e-06, 0.00044411657378, 0.00024350013526, 0.00022383778201, 0.00078900331338, 0.00031202748057, 9.634761551e-05, 5.3527680699e-05, 1.5885345511e-05, 1.5680957995e-06, 0.00053344801313, 0.00033569754416, 0.00036745220782, 0.00014682162621, 0.00024636195807, 3.3701339927e-05, 0.00037800672352, 0.00019482346641, 0.0007395465825, 0.00042848145854, 0.00057853734619, 3.4076994607e-05, 0.00010330358963, 3.8684701489e-05, 0.002036270679, 0.00043853492996, 0.001964323344, 0.00031719369177],
      [0.22089113065, 0.24611138733, 0, 5.2956103053, 5.1721771498, 0.28034984184, 1.9102657248, 1.5461660547, 13.4882028456, 11.4916484151, 12.3919814216, 4.1706162378, 25.7512638368, 3.577445767, 8.0619463366, 5.8604067719, 6.5301186939, 3.4566883891, 14.2448434199, 6.6203566738, 12.7055447834, 12.6798254462, 0.009618714899, 8.6914125618, 3.8190215432, 3.1987127046, 15.1027155643, 4.5528100547, 1.2008813934, 0.24290942973, 0.3163224421, 0.052383042432, 9.9733287207, 5.2366155527, 4.1353609269, 2.3471385477, 5.0488481409, 0.52983222886, 4.2002144437, 2.7401144646, 6.3810334044, 6.2369676059, 9.055588364, 0.35304285794, 1.5129183825, 0.53382359688, 23.2397248466, 6.5080216837, 30.0881832094, 3.8522850988]
    ],
    [
      [0.20109110573, 0.35352854476, 0.18327657474, 6.5521774349, 7.2509811601, 0.42565521201, 0.75911226104, 2.9122614469, 2.7370271567, 0.64912360392, 1.8328379468, 5.7717950621, 2.533116796, 8.0564988659, 6.543530779, 14.2958085376, 17.5638069658, 8.9185821664, 27.8417067672, 9.5163951375, 22.2915554527, 15.5910858436, 0.18755215464, 12.4832456704, 1.6861424617, 0.96979866437, 13.7762117802, 8.698013975, 1.0389644806, 0.53225687747, 0.47667311316, 0.11093675161, 0.87705891652, 8.5026294292, 8.4858569689, 2.4643122286, 5.2401308642, 0.61206494887, 11.7589770091, 5.1376282722, 24.3956171173, 9.0428192179, 13.4387668659, 1.0313165981, 3.8677055311, 1.4868720332, 52.5636857179, 6.3628348892, 29.252529201, 7.4726408363],
      [0.028533637202, 0.036081840846, 0.020056653655, 0.95022652843, 1.2750651383, 0.043562293378, 0.28220346141, 0.15973635471, 0.42031450622, 0.1052664519, 0.41497656993, 1.0077054255, 0.53877977058, 1.5901922058, 1.3722597827, 2.7308881766, 2.278721697, 1.2878838812, 3.7027541387, 1.0425757231, 3.4659681661, 3.0773696712, 0.071972849502, 1.9229360494, 0.24967698253, 0.28723208415, 2.3882880036, 1.4679777271, 0.12320521181, 0.041968230367, 0.053837428874, 0.055086627284, 0.13917073598, 1.1672348914, 1.2947886922, 0.30980622339, 0.60803975688, 0.24729596053, 1.803098566, 1.0729506961, 4.2843065378, 1.4633954326, 2.0660574045, 0.33149017228, 1.0889215876, 0.17769916857, 10.1488236558, 0.92155432909, 4.6566664579, 1.3623481899],
      [9.405638006, 11.1666598828, 5.7966667716, 341.0408162009, 385.1618947603, 18.2509866139, 98.3357651875, 72.080358403, 112.7350377402, 27.7989894675, 111.3483817863, 351.8634026446, 140.7686898966, 525.0936805145, 406.1932419624, 869.1764640414, 956.6232825446, 470.8094236291, 1317.4621936313, 409.389394034, 1194.7422373652, 956.921792527, 19.2019332101, 710.4403625068, 99.0565418548, 100.1309654817, 746.4282510936, 546.9262925692, 35.4358479096, 24.0843089345, 24.9091680411, 8.0613966156, 33.0193897397, 429.5850242913, 506.7097495023, 118.1303985878, 259.8924830285, 94.3647713921, 684.7302443066, 374.6946544692, 1526.5151379946, 636.4143946954, 774.1388056584, 84.8124012097, 294.0816549721, 64.4835361477, 3437.7358140287, 298.3603084554, 1456.5823136402, 435.9834152226],
      [0.36473725107, 0.4437297316, 0, 17.4567798357, 16.3120589413, 0.27979588073, 4.6229190901, 2.8476437954, 5.1076205969, 1.4466204767, 5.403803697, 9.3570968678, 9.1594135368, 24.2596284138, 14.890967476, 31.7968392445, 33.5341887927, 19.9841103232, 70.9933454628, 16.0516351053, 55.500239016, 42.4097519582, 0.53854178575, 45.1534557735, 5.007638701, 4.6120037698, 46.4072491225, 25.9077157287, 1.401982398, 0.34146595771, 1.5603214169, 0.77258000555, 1.9643806078, 21.7451113882, 18.5096048366, 6.0954829602, 17.2593463505, 4.7758676985, 24.7076801183, 17.0947665624, 42.8049383504, 30.0793906541, 39.3563700712, 2.8247920199, 13.9617179092, 2.8518926505, 127.5516765976, 14.3553023263, 72.5084907009, 17.1815957513]
    ],
    [
      [0.091353590327, 0, 0, 0.83047367429, 1.2271188254, 0, 0.069594751941, 0.19873011888, 1.6452920053, 0.66706526642, 1.6619097734, 1.9378534496, 1.2910895879, 0.41248341551, 1.2378881007, 1.7936732688, 2.0559528551, 1.8727319344, 3.8970321805, 1.7762613116, 3.5445152347, 2.8872265576, 0.01913319352, 1.0175071283, 0.64841763199, 0.37906670741, 1.2360330973, 1.2100247269, 0.1263231154, 0.093139587397, 0.22259151855, 0, 0.67613957081, 0.82387799487, 0.76271863569, 0.54211097466, 0.6606360562, 0.057371348702, 1.8320206875, 0.6963096823, 3.413849033, 1.3487461036, 1.1152724497, 0, 0.35011125604, 0.20712348989, 6.7140052717, 0.68715328265, 3.6721865273, 0.16358789948],
      [0.72339923606, 0, 0, 6.4154801567, 11.485307338, 0, 1.3845827077, 0.5846882786, 13.4205513091, 5.7450113772, 19.9913104335, 18.0021984103, 14.5848511423, 4.3409591864, 13.8028642992, 18.2280413736, 14.1920819043, 14.411956765, 27.5532534468, 10.355537915, 29.2982031953, 30.2916489174, 0.51181463217, 8.342950084, 5.1200676791, 5.9858063914, 11.3920837618, 10.8801152734, 0.80109381903, 0.40151739061, 1.4034487626, 0, 5.6961412045, 6.0253608139, 6.1999645585, 3.6437106491, 4.0905963106, 1.2672011974, 14.9588353201, 7.7587148389, 31.8804943162, 11.6229970876, 9.1222474071, 0, 5.2728680218, 1.3480487981, 68.8703569215, 5.296770033, 31.0569784871, 1.5889640635],
      [0.13936475696, 0, 0, 1.5230027548, 2.2974999696, 0, 0.31519023877, 0.17142738137, 2.3781245239, 0.98531241198, 3.5430303307, 4.1633551874, 2.5214722764, 0.94811183051, 2.7091086961, 3.8486063719, 3.9519811998, 3.4853653762, 6.510499825, 2.6936861722, 6.706684321, 6.2550219958, 0.065164311511, 2.0430512596, 1.3336182859, 1.37001258, 2.3632346039, 2.6835164483, 0.14845780252, 0.14290214031, 0.39742440803, 0, 0.88027229666, 1.4673950927, 1.6059727908, 0.91073026926, 1.1534410519, 0.30914826999, 3.7634281574, 1.7889719677, 7.5423163773, 3.3481537335, 2.2668591633, 0, 0.93739164211, 0.31250369089, 15.5095208145, 1.1349659291, 6.4564096388, 0.33648492299],
      [1.0458824167, 0, 0, 11.2310434142, 13.9900738671, 0, 2.2306323016, 1.0451542211, 15.5560321617, 7.6026109444, 24.8037494624, 15.8965929526, 23.6025869934, 6.2984455676, 14.2501389041, 20.1296789857, 19.7999840407, 21.2299459244, 50.0392145477, 15.1745146011, 44.450597249, 39.5661025291, 0.4038878628, 18.5964915281, 9.897896403, 9.2651143211, 21.0086485371, 18.2263435514, 0.92412526305, 0.36244088169, 3.9765353108, 0, 7.7474469281, 10.6833660985, 8.431344015, 6.903448107, 11.0953265813, 2.3662791839, 19.445715835, 11.7560035111, 30.1633402735, 22.6801030753, 16.4956209798, 0, 6.43962908, 2.1323240211, 81.9061169924, 7.8811107552, 45.8144253468, 1.910963114]
    ],
    [
      [0.081134114859, 0.11282368652, 0.30195883333, 2.7668809532, 2.2250276367, 0.31080700335, 0.14783701879, 0.43929724421, 3.1570838706, 0.71806620873, 1.8141904292, 3.6068122229, 2.7516100657, 2.2759700845, 2.9655440862, 5.0288914121, 7.5015258352, 3.3656253514, 9.5319317101, 3.2801210182, 7.2753145025, 7.4233338153, 0, 3.7217383449, 0.6274682183, 0.3705415186, 6.1494086317, 3.6204912215, 0.73898964113, 0.20685859352, 0.26752248539, 0, 1.1099082988, 3.146268158, 2.9234143735, 1.2767148713, 1.2289571901, 0.19769232989, 4.349398167, 2.2756254376, 9.1076041168, 2.2796538481, 4.4329507136, 0.23522564325, 1.5685349568, 0.42521889244, 17.6284484379, 2.2172882517, 9.7107260126, 2.6728108363],
      [0.12929253926, 0.12790717356, 0.35674102936, 4.4721149149, 4.3606577418, 0.35546930725, 0.61169756862, 0.26822449959, 5.3957677161, 1.2946948121, 4.5724397312, 7.0174039861, 6.5154646005, 5.009907694, 6.9298430049, 10.7072234138, 10.8473172602, 5.4178186445, 14.1281166968, 4.0047773313, 12.6071768104, 16.3287270355, 0, 6.3900990383, 1.0343116591, 1.221384506, 11.8797118923, 6.8126601617, 0.97201419352, 0.18128133848, 0.33967477244, 0, 1.9560758719, 4.814679576, 4.9727439501, 1.7874951587, 1.5898841369, 0.89501121787, 7.4343578484, 5.2968012655, 17.8274992666, 4.1120658968, 7.5953091561, 0.84712910747, 4.9270933724, 0.56795330633, 37.930290364, 3.5784086468, 17.2262910287, 5.432578342],
      [0.56550319133, 0.52618801171, 1.3413001373, 22.3379543467, 18.3396783369, 2.0259256484, 2.9527323299, 1.6732539917, 20.1268627386, 4.7208844269, 17.0611319818, 34.1165772902, 23.6892627848, 23.0247451591, 28.5719025151, 47.4790922822, 63.4429339367, 27.5668853928, 70.0626537584, 21.897180471, 60.569015466, 70.7658959311, 0, 32.882497766, 5.6940948559, 5.9082670889, 51.7375036755, 35.3371300984, 3.8507075975, 1.4133504881, 2.1271434069, 0, 6.4161194813, 24.6652982978, 27.0914182178, 9.4539242632, 9.4486993266, 4.6977135827, 39.3156641843, 25.7283260744, 88.5277767224, 24.9018291299, 39.6462310303, 2.9852582193, 18.4887588117, 2.8331579275, 179.1450594139, 16.1263025662, 75.1202517436, 24.199984124],
      [0.22407015455, 0.23308112821, 0, 10.4230497852, 7.0746362846, 0.30779804105, 1.2877330827, 0.61922426449, 8.3202856748, 2.2663545522, 7.5522378579, 8.2592065007, 14.043662549, 9.6893770624, 9.5327103938, 15.7847928919, 20.2082229679, 10.6496706113, 34.2772978347, 7.8179211796, 25.5484932211, 28.4820432181, 0, 19.0056648508, 2.6441252668, 2.4998068865, 29.2333758005, 15.2297185183, 1.4382885678, 0.1985095799, 1.2656593353, 0, 3.517896348, 11.3737539682, 9.0124234586, 4.4818657067, 5.7324593464, 2.2095828695, 12.9005798002, 10.6992472225, 22.5371198942, 10.7064511252, 18.3255090999, 0.93238702994, 8.0156128591, 1.1736698737, 60.2962017841, 7.0780005353, 33.942731215, 8.6946266977]
    ]
  ],
  "prob": [
    [0.63883792858, 0.054736614987, 0.25763151023, 0.048793946205],
    [0.028112620558, 0.92307810116, 3.6229247142e-06, 0.04880565536],
    [0.016520808443, 0.0027667015562, 0.93955293942, 0.041159550584],
    [0.040964877416, 0.36429432774, 0.082312541588, 0.51242825325],
    [0.065722350696, 0.12265132055, 0.58092002222, 0.23070630654]
  ],
  "iterations": 152,
  "time": 0.00051,
  "message": "Converged",
  "status": 0,
  "miniter": 0,
  "maxiter": 1000,
  "maxtime": 3600,
  "param_threshold": 0.001,
  "ll_threshold": "-Inf",
  "initial_prob": "group_proportional",
  "candidates_id": ["LECKINGER, Richard John.c", "BAKULICH, Nicholas Leiloa.c", "O'CONNOR, Simon David.c", "Other candidates votes.c"],
  "group_id": ["Green Party.p", "Labour Party.p", "National Party.p", "New Zealand First Party.p", "Other parties votes.p"]
}
