{
  "X": [
    [4, 10, 15, 1],
    [2, 3, 7, 1],
    [3, 3, 14, 1],
    [14, 13, 86, 9],
    [3, 1, 11, 0],
    [8, 5, 15, 0],
    [4, 3, 17, 1],
    [38, 203, 146, 32],
    [18, 194, 30, 22],
    [32, 152, 141, 25],
    [73, 99, 335, 19],
    [47, 283, 81, 31],
    [71, 35, 453, 14],
    [94, 161, 395, 48],
    [107, 120, 900, 41],
    [8, 10, 24, 2],
    [108, 95, 885, 44],
    [54, 50, 418, 16],
    [155, 157, 1082, 77],
    [195, 207, 1182, 92],
    [164, 207, 758, 77],
    [58, 55, 289, 24],
    [3, 1, 17, 2],
    [66, 90, 617, 40],
    [3, 13, 19, 7],
    [2, 7, 9, 1],
    [115, 158, 519, 77],
    [77, 58, 551, 30],
    [1, 5, 7, 2],
    [3, 5, 21, 2],
    [1, 2, 23, 0],
    [15, 50, 16, 5],
    [72, 72, 405, 40],
    [56, 48, 435, 28],
    [12, 16, 88, 13],
    [64, 41, 264, 25],
    [3, 2, 17, 6],
    [90, 72, 727, 32],
    [162, 150, 1306, 59],
    [33, 41, 333, 24],
    [51, 49, 424, 21],
    [82, 113, 1023, 52],
    [915, 1377, 8534, 545],
    [146, 241, 685, 72],
    [315, 324, 1301, 128],
    [164, 117, 914, 36]
  ],
  "W": [
    [0, 7, 9, 9, 3, 2],
    [1, 1, 4, 7, 0, 0],
    [1, 3, 4, 12, 1, 0],
    [8, 13, 11, 79, 4, 7],
    [0, 3, 0, 10, 2, 0],
    [0, 6, 5, 15, 1, 1],
    [0, 4, 2, 17, 1, 1],
    [16, 29, 205, 119, 24, 26],
    [3, 11, 201, 28, 10, 11],
    [3, 27, 162, 123, 21, 14],
    [20, 65, 101, 304, 28, 8],
    [4, 33, 293, 73, 21, 18],
    [17, 57, 39, 432, 14, 14],
    [18, 85, 164, 373, 37, 21],
    [37, 99, 115, 820, 68, 29],
    [1, 7, 10, 22, 2, 2],
    [36, 90, 104, 835, 32, 35],
    [26, 53, 38, 377, 31, 13],
    [43, 142, 155, 1018, 60, 53],
    [55, 159, 221, 1123, 55, 63],
    [39, 128, 236, 681, 62, 60],
    [6, 38, 69, 281, 19, 13],
    [1, 1, 4, 15, 1, 1],
    [23, 49, 90, 583, 33, 35],
    [4, 4, 12, 18, 2, 2],
    [0, 2, 5, 9, 2, 1],
    [33, 76, 169, 510, 40, 41],
    [21, 64, 54, 521, 32, 24],
    [1, 2, 5, 5, 2, 0],
    [1, 4, 5, 19, 2, 0],
    [1, 1, 2, 22, 0, 0],
    [1, 6, 55, 13, 5, 6],
    [12, 63, 73, 375, 28, 38],
    [15, 40, 72, 420, 7, 13],
    [6, 9, 19, 84, 6, 5],
    [8, 50, 51, 255, 14, 16],
    [3, 2, 2, 19, 2, 0],
    [23, 95, 67, 667, 37, 32],
    [63, 142, 155, 1203, 61, 53],
    [22, 35, 39, 305, 19, 11],
    [16, 38, 52, 402, 27, 10],
    [30, 67, 131, 985, 27, 30],
    [400, 770, 1387, 7897, 595, 322],
    [30, 154, 213, 645, 55, 47],
    [36, 243, 366, 1241, 82, 100],
    [28, 178, 103, 875, 14, 33]
  ],
  "method": "mult",
  "cond_prob": [
    [
      [0.00057112239045, 0.015664515145, 0.92830228246, 0.055462080006],
      [0.48480995867, 0.014434037632, 0.49592219884, 0.0048338048644],
      [0, 0.99659256308, 0.0034074369224, 0],
      [0, 0.011351638602, 0.98527296044, 0.0033754009574],
      [0.0086529212926, 0.18233580595, 0.73324078185, 0.075770490908],
      [0.29018576273, 0.14022825181, 0.21534934316, 0.3542366423]
    ],
    [
      [0.0017792618467, 0.011486798494, 0.69149491306, 0.2952390266],
      [0.96973510521, 0.001422133597, 0.026091201827, 0.0027515593631],
      [0.11515559094, 0.74677276698, 0.00021034673104, 0.13786129535],
      [0.081123324166, 0, 0.89736749974, 0.021509176093],
      [0.023936194379, 0.12055314029, 0.47396034866, 0.38155031668],
      [0.15614244576, 0.013349743731, 0.019876300424, 0.81063151008]
    ],
    [
      [0.001102425822, 0.011454108759, 0.79701676435, 0.19042670107],
      [0.86791404357, 0.0053954394209, 0.11920287143, 0.0074876455832],
      [0.043307941471, 0.71070416964, 0.14580986743, 0.10017802146],
      [0.017169793692, 0, 0.97198878854, 0.010841417765],
      [0.015886153286, 0.12954289442, 0.59826968911, 0.25630126318],
      [0.21457949859, 0.036877658207, 0.066355154262, 0.68218768894]
    ],
    [
      [0.0011026948891, 0.018219760145, 0.79355974317, 0.1871178018],
      [0.82290784794, 0.010768656135, 0.15542130838, 0.010902187545],
      [0.033296906227, 0.88296057293, 0.00022759291514, 0.083514927927],
      [0.01185250739, 0.021144120019, 0.94507183067, 0.021931541921],
      [0.014928044111, 0.18888190229, 0.57007953797, 0.22611051563],
      [0.27586431271, 0.082252856593, 0.098221249834, 0.54366158086]
    ],
    [
      [0.0014948930136, 0.046006175235, 0.95249893175, 0],
      [0.88188725291, 0, 0.11811274709, 0],
      [0, 1, 0, 0],
      [0.026437364108, 0, 0.97356263589, 0],
      [0.044982300091, 0.5, 0.45501769991, 0],
      [0.53728469249, 0.31921645747, 0.14349885004, 0]
    ],
    [
      [0.0020292002117, 0.020939289291, 0.9770315105, 0],
      [0.90099688288, 0, 0.09900311712, 0],
      [0.072564661784, 0.92721331587, 0.00022202234428, 0],
      [0.099259415734, 0, 0.90074058427, 0],
      [0.029180312541, 0.23484270476, 0.7359769827, 0],
      [0.71312384525, 0.12909071589, 0.15778543887, 0]
    ],
    [
      [0.0011792764758, 0.023132756524, 0.81394327599, 0.16174469101],
      [0.85544584014, 0.011169014206, 0.12657157706, 0.006813568595],
      [0.019218589161, 0.94439474814, 0.00012032089112, 0.036266341811],
      [0.015486975176, 0.043206543807, 0.93310663197, 0.0081998490464],
      [0.015199143055, 0.24285768248, 0.54958764059, 0.19235553387],
      [0.26130174007, 0.089165519703, 0.081072665891, 0.56846007434]
    ],
    [
      [0.0010979846145, 0.018658381199, 0.84454647161, 0.13569716258],
      [0.81012626911, 0.011324827738, 0.17030258004, 0.0082463231072],
      [0.01838207242, 0.92077372724, 0, 0.06084420034],
      [0.016554141783, 0.053161958874, 0.91908500393, 0.011198895415],
      [0.01521351027, 0.1955395874, 0.62201600829, 0.16723089404],
      [0.32251455682, 0.099815715712, 0.12496084487, 0.4527088826]
    ],
    [
      [0.0012172747903, 0.021909001588, 0.8067418118, 0.17013191182],
      [0.83249314473, 0.012094110713, 0.14602932191, 0.0093834226446],
      [0.023605665989, 0.90875571267, 0, 0.067638621337],
      [0.019037253913, 0.28014450679, 0.68628899593, 0.01452924337],
      [0.016099763414, 0.2191001381, 0.56462404129, 0.20017605719],
      [0.30910399784, 0.10057199625, 0.10101088406, 0.48931312185]
    ],
    [
      [0.001061126556, 0.016869772877, 0.83560425385, 0.14646484671],
      [0.80733742278, 0.010517258346, 0.17301851158, 0.0091268072875],
      [0.02221221753, 0.90236301804, 0, 0.075424764429],
      [0.016165166922, 0.0038941356156, 0.96774848611, 0.012192211352],
      [0.014890237448, 0.17907594594, 0.6231636537, 0.1828701629],
      [0.30709403196, 0.088788731277, 0.12158477903, 0.48253245774]
    ],
    [
      [0.001390867068, 0.017699181701, 0.85841301775, 0.12249693349],
      [0.84174313318, 0.0088681120551, 0.1432555479, 0.006133206865],
      [0.046694576415, 0.89168167893, 0.000276243427, 0.061347501232],
      [0.032442569348, 0.0066573550052, 0.95260982069, 0.008290254955],
      [0.019490109328, 0.18776288971, 0.6399745543, 0.15277244666],
      [0.39180783015, 0.09106783468, 0.12244442933, 0.39467990584]
    ],
    [
      [0.0013930169119, 0.020533247605, 0.83418727972, 0.14388645576],
      [0.84451175633, 0.010254902261, 0.13803815007, 0.0071951913408],
      [0.036268260985, 0.90235641856, 0, 0.06137532046],
      [0.021125254554, 0.16468106701, 0.80224848616, 0.011945192282],
      [0.018818744998, 0.20976140656, 0.59852865124, 0.17289119721],
      [0.36453345987, 0.09790650939, 0.10970837574, 0.427851655]
    ],
    [
      [0.001473467966, 0.015087133028, 0.87624270329, 0.10719669571],
      [0.8486311301, 0, 0.14627184891, 0.0050970209978],
      [0.11880807685, 0.80245002489, 0.017295550078, 0.061446348176],
      [0.026948091818, 0, 0.96719487397, 0.0058570342173],
      [0.021326920238, 0.16569676859, 0.67485173219, 0.13812457898],
      [0.43066493453, 0.080586643384, 0.12969588569, 0.3590525364]
    ],
    [
      [0.0012462615745, 0.017126002237, 0.7914133465, 0.19021438969],
      [0.83341547133, 0.0095142764736, 0.14648907256, 0.010581179637],
      [0.041945213569, 0.86218442636, 0.0002554819018, 0.095614878172],
      [0.024907899905, 0.027736727944, 0.92478306322, 0.022572308935],
      [0.017016437939, 0.17693013879, 0.5750133709, 0.23104005237],
      [0.30180868261, 0.07583608947, 0.097214869551, 0.52514035836]
    ],
    [
      [0.0011791883127, 0.016851182762, 0.8613025923, 0.12066703663],
      [0.81758497129, 0.0097223477923, 0.1657144069, 0.0069782740176],
      [0.041755641245, 0.89409802938, 0.00029286791107, 0.063853461468],
      [0.011840602495, 0.00070913752137, 0.98003928768, 0.0074109723037],
      [0.016723339471, 0.18088426058, 0.65019343132, 0.15219896862],
      [0.35748544832, 0.093486135899, 0.13265616431, 0.41637225148]
    ],
    [
      [0.0013647346392, 0.017861231114, 0.85488724998, 0.12588678426],
      [0.85653641184, 0.0083334310069, 0.12954672987, 0.0055834272833],
      [0.042282851687, 0.90103593844, 0.00024467620108, 0.056436533673],
      [0.036071169578, 0.016227783296, 0.94334254326, 0.0043585038699],
      [0.019106274547, 0.19184253604, 0.63034467901, 0.1587065104],
      [0.37413679291, 0.086374531425, 0.11080678462, 0.42868189104]
    ],
    [
      [0.0012408582581, 0.015094313339, 0.84292548498, 0.14073934342],
      [0.82781935938, 0.0083758008033, 0.15597904112, 0.0078257987009],
      [0.047738407639, 0.82459924263, 0.046761095407, 0.080901254328],
      [0.018776869553, 0, 0.97129842793, 0.0099247025178],
      [0.017713154425, 0.16311717577, 0.64047945983, 0.17869020998],
      [0.34975100988, 0.077848908283, 0.12068242521, 0.45171765663]
    ],
    [
      [0.0011993220389, 0.020436154503, 0.87325013871, 0.10511438474],
      [0.81849951907, 0.011521734788, 0.16405691824, 0.0059218279042],
      [0.035481796023, 0.91788826724, 0.0002477264575, 0.046382210282],
      [0.010290739366, 0.01549659188, 0.96801945331, 0.0061932154439],
      [0.016537539742, 0.21377978759, 0.64068421578, 0.12899845689],
      [0.37290479956, 0.11606656385, 0.13742473342, 0.37360390317]
    ],
    [
      [0.0011542913496, 0.016303448474, 0.81628645178, 0.16625580839],
      [0.81931751339, 0.0096510766404, 0.16116018626, 0.0098712237082],
      [0.041169488515, 0.86989846166, 0.00027964787588, 0.088652401952],
      [0.014721554772, 0.0054670961091, 0.96441110684, 0.015400242284],
      [0.01609239848, 0.17198807423, 0.6058045785, 0.20611494879],
      [0.30705511666, 0.079423565716, 0.11043036294, 0.50309095468]
    ],
    [
      [0.00128569933, 0.015736542804, 0.81339413192, 0.16958362595],
      [0.83517979168, 0.0085306597682, 0.14706626392, 0.0092232846355],
      [0.047032695047, 0.8599176417, 0.00028583491275, 0.092763828343],
      [0.026775629776, 0.00084689527184, 0.95626342448, 0.016114050474],
      [0.017964097628, 0.16633141391, 0.60501300061, 0.21069148785],
      [0.32832407058, 0.07360357575, 0.10566788165, 0.49240447202]
    ],
    [
      [0.0013297751277, 0.01492173562, 0.8278392495, 0.15590923975],
      [0.83878467254, 0.007846558774, 0.14514471449, 0.0082240541913],
      [0.076343978856, 0.81006827844, 0.023769167119, 0.089818575583],
      [0.024055551289, 0, 0.96350753274, 0.012436915974],
      [0.018849889503, 0.16000123499, 0.62462736291, 0.1965215126],
      [0.35026663496, 0.071958375101, 0.11084493467, 0.46693005527]
    ],
    [
      [0.0015825803229, 0.013506115852, 0.80429014575, 0.18062115808],
      [0.86535302875, 0.006075047901, 0.12046409991, 0.0081078234385],
      [0.14607788853, 0.74193784246, 0.00031285242356, 0.11167141658],
      [0.034945095269, 0, 0.94963136943, 0.015423535299],
      [0.022392514583, 0.14476511114, 0.60533437921, 0.22750799507],
      [0.36789888993, 0.057220249458, 0.094405268962, 0.48047559165]
    ],
    [
      [0.001905622688, 0.0036452800088, 0.7767420922, 0.2177070051],
      [0.94428015988, 0.00074672120704, 0.050967922657, 0.0040051962513],
      [0.22747805859, 0.23520293495, 0.30463466213, 0.23268434433],
      [0.048628654411, 0, 0.95137134559, 0],
      [0.029344088289, 0.043829751914, 0.62216406095, 0.30466209885],
      [0.3851280786, 0.010966507076, 0.061017091857, 0.54288832247]
    ],
    [
      [0.0011955347596, 0.016402986131, 0.83460361808, 0.14779786103],
      [0.82351413493, 0.0093553110022, 0.15868744631, 0.0084431077539],
      [0.042636702845, 0.87835830751, 0.00028562528722, 0.078719364362],
      [0.016475497829, 0.0024716274195, 0.96963487517, 0.01141799958],
      [0.016796641534, 0.17448466654, 0.6240233306, 0.18469536132],
      [0.33210006937, 0.083232017801, 0.11750924297, 0.46715866986]
    ],
    [
      [0, 0.017538559626, 0.65778622783, 0.32467521254],
      [0.67811998216, 0.013976579968, 0.16984177114, 0.13806166673],
      [0, 0.83859627998, 0.00018075711087, 0.16122296291],
      [0, 0.13045289725, 0.81552456588, 0.054022536871],
      [0.0088883250351, 0.17243283245, 0.44482568731, 0.37385315521],
      [0.13487171065, 0.058883133188, 0.0591126792, 0.74713247696]
    ],
    [
      [0.0010921168725, 0.025510663567, 0.84108671726, 0.1323105023],
      [0.83341997083, 0.046519164857, 0.11484242949, 0.0052184348225],
      [0, 0.96200030428, 0.00015137246943, 0.037848323247],
      [0, 0.16276642175, 0.83723357825, 0],
      [0.014281831016, 0.25896207739, 0.56922478479, 0.1575313068],
      [0.3045963963, 0.11413819837, 0.096006504808, 0.48525890051]
    ],
    [
      [0.0014826520915, 0.015964976972, 0.76163826531, 0.22091410562],
      [0.85937827851, 0.0076889497299, 0.122268466, 0.010664305766],
      [0.051722358252, 0.83286505651, 0.00025497917074, 0.11515760607],
      [0.053112891456, 0.013768186213, 0.90030012698, 0.032818795352],
      [0.020105625873, 0.16380038855, 0.549670155, 0.26642383057],
      [0.31720597787, 0.062458793169, 0.082696863157, 0.53763836581]
    ],
    [
      [0.0012959980091, 0.016776910625, 0.83737091936, 0.14455617201],
      [0.83438681007, 0.0089519923888, 0.14894279713, 0.0077184004135],
      [0.045011618167, 0.87976188817, 0.00027905556764, 0.074947438098],
      [0.023225513073, 0.0035882478734, 0.96186985245, 0.011316386605],
      [0.018142290725, 0.17799776554, 0.62381788093, 0.18004206281],
      [0.35251480009, 0.083425406819, 0.11547655671, 0.44858323638]
    ],
    [
      [0.0004783866958, 0.013494589793, 0.71177877865, 0.27424824486],
      [0.49317239717, 0.15037087377, 0.2279261987, 0.12853053036],
      [0, 0.86793233163, 0.00021034703779, 0.13185732133],
      [0, 0.011560190169, 0.96575369876, 0.022686111067],
      [0.006588409486, 0.14415052684, 0.50127429747, 0.34798676621],
      [0.094866581229, 0.04155522375, 0.054046283036, 0.80953191198]
    ],
    [
      [0.00080417581371, 0.014601894487, 0.73932716488, 0.24526676482],
      [0.74432632114, 0.0097816460535, 0.19686686167, 0.049025171137],
      [0, 0.86262048654, 0.025210155378, 0.11216935808],
      [0, 0.01704246103, 0.9626773343, 0.020280204666],
      [0.01094526981, 0.15468116452, 0.52814262989, 0.30623093578],
      [0.16057793444, 0.049645146378, 0.066581854995, 0.72319506419]
    ],
    [
      [0.0010133520313, 0.019681560147, 0.97930508782, 0],
      [0.90486304769, 0.0055436844907, 0.089593267818, 0],
      [0.018645056192, 0.98119350681, 0.00016143699764, 0],
      [0.0025833403587, 0.00056307917011, 0.99685358047, 0],
      [0.01487734063, 0.23609088682, 0.74903177255, 0],
      [0.61136916846, 0.16963416249, 0.21899666904, 0]
    ],
    [
      [0.0021626512893, 0.018899529606, 0.87624624935, 0.10269156976],
      [0.90081432625, 0.0060361327798, 0.089907820893, 0.0032417200733],
      [0.075924366382, 0.88012148368, 0, 0.043954149935],
      [0.16054151591, 0.0035897880868, 0.82794944316, 0.0079192528478],
      [0.03018467182, 0.19972619578, 0.64233504212, 0.12775409028],
      [0.52985802905, 0.082150641186, 0.10154814227, 0.28644318749]
    ],
    [
      [0.0011456324675, 0.015690930477, 0.81761613138, 0.16554730567],
      [0.81934677304, 0.0093035199752, 0.1615229091, 0.0098267978867],
      [0.042061695449, 0.866893853, 0.00028787778187, 0.090756573765],
      [0.013830856626, 0.00094240911486, 0.96981461284, 0.01541212142],
      [0.016076103929, 0.1667769499, 0.61048908495, 0.20665786123],
      [0.30684736306, 0.076820468193, 0.11098615471, 0.50534601403]
    ],
    [
      [0.0013378512224, 0.011099845736, 0.7964947616, 0.19106754144],
      [0.84599141664, 0.0057833434451, 0.13828649922, 0.009938740693],
      [0.10112603918, 0.64046474689, 0.12220164651, 0.13620756743],
      [0.025027317358, 0, 0.95991329596, 0.015059386687],
      [0.019352177688, 0.12162720398, 0.61300104964, 0.24601956869],
      [0.3240201701, 0.049024336328, 0.097539108464, 0.52941638511]
    ],
    [
      [0.0011463276932, 0.012857996392, 0.72750942562, 0.25848625029],
      [0.84052591546, 0.0073387890178, 0.13760270567, 0.014532589847],
      [0.045925436373, 0.77916114173, 0.00027669637151, 0.17463672552],
      [0.026744776468, 0, 0.93836465115, 0.034890572377],
      [0.015789254051, 0.13485066245, 0.53162183815, 0.31773824536],
      [0.2429017512, 0.048727450574, 0.075780027651, 0.63259077058]
    ],
    [
      [0.0014182608681, 0.013195631975, 0.79052022067, 0.19486588649],
      [0.85313184355, 0.0065512569498, 0.13066506465, 0.0096518348505],
      [0.12568569898, 0.73904892578, 0.00031165220148, 0.13495372304],
      [0.036691216927, 0, 0.94637354637, 0.016935236708],
      [0.020025779309, 0.14126255496, 0.59373340599, 0.24497825974],
      [0.33034186632, 0.056106319542, 0.093073045791, 0.52047876835]
    ],
    [
      [0.0011501992661, 0.0099226944581, 0.4373432933, 0.55158381298],
      [0.9177704861, 0.0040565280568, 0.058046013993, 0.02012697185],
      [0.035489037977, 0.72966440374, 0.00012244968774, 0.2347241086],
      [0.055900930521, 0.016224792129, 0.79032256959, 0.13755170776],
      [0.013956337075, 0.09725950129, 0.27775218522, 0.61103197641],
      [0.12936365554, 0.017828843626, 0.020521972284, 0.83228552855]
    ],
    [
      [0.001050919788, 0.016687334946, 0.86045205891, 0.12180968635],
      [0.80006830964, 0.010565262477, 0.18164240006, 0.0077240278193],
      [0.037526241028, 0.89720802691, 0.00029495824194, 0.064970773825],
      [0.00050021424705, 0.0011651062908, 0.99167075568, 0.00666392378],
      [0.014943597581, 0.17975701199, 0.65122095296, 0.15407843748],
      [0.33026641459, 0.09598181934, 0.13732009804, 0.43643166803]
    ],
    [
      [0.0012186629252, 0.015960652832, 0.86116080301, 0.12165988124],
      [0.82245675361, 0.0089843561532, 0.16168902456, 0.006869865679],
      [0.045266205689, 0.85509207105, 0.032075936871, 0.067565786386],
      [0.014691580441, 0, 0.97828371232, 0.0070247072429],
      [0.017419910908, 0.17263317968, 0.65530736596, 0.15463954346],
      [0.36568900953, 0.087713308002, 0.13143778243, 0.41515990003]
    ],
    [
      [0.00095965749817, 0.016134347091, 0.8016664551, 0.18123954031],
      [0.79508819182, 0.010974803491, 0.18163606321, 0.012300941478],
      [0.034056483502, 0.8698402106, 0.00027257501451, 0.095830730886],
      [0.0024280218572, 0.0073421785756, 0.97228301435, 0.017946785219],
      [0.013332483142, 0.17006044964, 0.5924506027, 0.22415646453],
      [0.25715764716, 0.078785910901, 0.10841495655, 0.55564148539]
    ],
    [
      [0.0013975568515, 0.015318289953, 0.83541786759, 0.14786628561],
      [0.84630176099, 0.0076325576371, 0.13870849045, 0.00735719092],
      [0.084856759377, 0.83247032342, 0.00029931280641, 0.082373604397],
      [0.025330373968, 0, 0.96327965132, 0.011389974707],
      [0.019790632117, 0.1644207781, 0.6294143714, 0.18637421838],
      [0.36884632827, 0.073705234405, 0.11142193553, 0.4460265018]
    ],
    [
      [0.001086076644, 0.014330390308, 0.82202293623, 0.16256059681],
      [0.81098473373, 0.00888759949, 0.17002516093, 0.010102505857],
      [0.043470479289, 0.8063040892, 0.053016256907, 0.097209174604],
      [0.012697536606, 0, 0.97431211804, 0.012990345357],
      [0.015483382063, 0.15461298214, 0.62378272863, 0.20612090717],
      [0.30038942937, 0.072474430736, 0.11543088457, 0.51170525533]
    ],
    [
      [0.0011581275294, 0.016273994731, 0.8309973217, 0.15157055604],
      [0.81744424971, 0.0096210051334, 0.16393141506, 0.0090033300932],
      [0.041860153379, 0.87585510702, 0.00028876044156, 0.081995979159],
      [0.014408961502, 0.0023723758749, 0.97090502798, 0.012313634641],
      [0.01626957687, 0.17285169052, 0.62160329942, 0.18927543319],
      [0.32166669801, 0.082887535942, 0.11764721074, 0.47779855531]
    ],
    [
      [0.0010895784012, 0.019569085808, 0.80615114201, 0.17319019378],
      [0.81035589924, 0.012139409532, 0.16673101483, 0.01077367639],
      [0.032816375059, 0.8880324228, 0.00023509710974, 0.078916105032],
      [0, 0.052745738567, 0.92752473476, 0.01972952667],
      [0.014683276424, 0.19950140432, 0.57825864038, 0.20755667888],
      [0.28457523561, 0.09359518485, 0.10704541762, 0.51478416192]
    ],
    [
      [0.001405544666, 0.015244248495, 0.81432920407, 0.16902100277],
      [0.84698252534, 0.00767749546, 0.13679525518, 0.008544724026],
      [0.075402836028, 0.82344462588, 0.00029325121886, 0.10085928687],
      [0.036226688011, 0, 0.94937639927, 0.014396912722],
      [0.019708918141, 0.16166345392, 0.60790518611, 0.21072244183],
      [0.34961757639, 0.069484393638, 0.10311234948, 0.47778568048]
    ],
    [
      [0.0011400489915, 0.019510124405, 0.85061549719, 0.12873432941],
      [0.81213047015, 0.011596486844, 0.16860771416, 0.0076653288529],
      [0.035241882312, 0.90504496421, 0.00025253677251, 0.059460616707],
      [0.0051318126248, 0.016974385844, 0.96824878751, 0.0096450140205],
      [0.015693870259, 0.20334212555, 0.62332170361, 0.15764230058],
      [0.33542093435, 0.10516767193, 0.12728450754, 0.43212688618]
    ]
  ],
  "expected_outcome": [
    [
      [0, 0.0017792618467, 0.001102425822, 0.0088215591125, 0, 0, 0, 0.017567753831, 0.003651824371, 0.0031833796679, 0.027817341361, 0.0055720676477, 0.025048955422, 0.022432708341, 0.043629967571, 0.0013647346392, 0.04467089729, 0.031182373011, 0.049634528033, 0.070713463152, 0.051861229979, 0.0094954819375, 0.001905622688, 0.02749729947, 0, 0, 0.048927519019, 0.027215958191, 0.0004783866958, 0.00080417581371, 0.0010133520313, 0.0021626512893, 0.01374758961, 0.020067768336, 0.0068779661591, 0.011346086945, 0.0034505977982, 0.024171155124, 0.076775764288, 0.02111246496, 0.022360909623, 0.032582299319, 0.46325101176, 0.032687352036, 0.050599607977, 0.031921371763],
      [0, 0.011486798494, 0.011454108759, 0.14575808116, 0, 0, 0, 0.29853409919, 0.065727004763, 0.050609318632, 0.35398363401, 0.08213299042, 0.25648126148, 0.30826804026, 0.6234937622, 0.017861231114, 0.5433952802, 0.53134001707, 0.70104828438, 0.86550985419, 0.5819476892, 0.081036695112, 0.0036452800088, 0.37726868101, 0.070154238505, 0, 0.52684424008, 0.35231512313, 0.013494589793, 0.014601894487, 0.019681560147, 0.018899529606, 0.18829116572, 0.16649768604, 0.077147978353, 0.1055650558, 0.029768083374, 0.38380870375, 1.0055211284, 0.35495563601, 0.24509263924, 0.42991170923, 6.5095978926, 0.58707257423, 0.54879294583, 0.54628348333],
      [0, 0.69149491306, 0.79701676435, 6.3484779453, 0, 0, 0, 13.5127435457, 2.4202254354, 2.5068127616, 17.1682603549, 3.3367491189, 14.896125956, 14.245440237, 31.868195915, 0.85488724998, 30.3453174594, 22.7045036065, 35.1003174267, 44.7366772556, 32.2857307306, 4.8257408745, 0.7767420922, 19.1958832159, 2.6311449113, 0, 25.1340627554, 17.5847893065, 0.71177877865, 0.73932716488, 0.97930508782, 0.87624624935, 9.8113935766, 11.947421424, 4.3650565537, 6.3241617653, 1.3120298799, 19.790397355, 54.2531305894, 17.6366620123, 13.3666858814, 24.660688087, 332.3989286804, 24.1845342602, 29.3158513466, 23.8172339214],
      [0, 0.2952390266, 0.19042670107, 1.4969424144, 0, 0, 0, 2.1711546013, 0.51039573545, 0.43939454014, 2.4499386697, 0.57554582304, 1.8223438271, 3.4238590144, 4.4646803552, 0.12588678426, 5.0666163631, 2.7329740034, 7.1489997609, 9.327099427, 6.0804603502, 1.0837269485, 0.2177070051, 3.3993508036, 1.2987008502, 0, 7.2901654855, 3.0356796121, 0.27424824486, 0.24526676482, 0, 0.10269156976, 1.9865676681, 2.8660131216, 1.5509175018, 1.5589270919, 1.6547514389, 2.8016227861, 7.6645725179, 3.9872698867, 2.3658605698, 4.8768179044, 60.6282224153, 5.1957058135, 6.0847560996, 3.6045612236]
    ],
    [
      [3.3936697107, 0.96973510521, 2.6037421307, 10.6978020232, 2.6456617587, 5.4059812973, 3.4217833606, 23.4936618042, 9.1574245921, 21.7981104151, 54.7133036566, 27.8688879588, 48.3719744155, 70.840315063, 80.9409121577, 5.9957548829, 74.5037423441, 43.3804745108, 116.343086902, 132.793586877, 107.3644380852, 32.8834150926, 0.94428015988, 40.3521926117, 2.7124799286, 1.6668399417, 65.3127491664, 53.4007558444, 0.98634479433, 2.9773052846, 0.90486304769, 5.4048859575, 51.6188467014, 33.8396566656, 7.5647332391, 42.6565921773, 1.8355409722, 76.0064894158, 116.7888590121, 27.8280867136, 32.1594669177, 54.3359771597, 629.4320722766, 124.7948084836, 205.8167536571, 144.5592236861],
      [0.10103826342, 0.001422133597, 0.016186318263, 0.13999252975, 0, 0, 0.044676056824, 0.3284200044, 0.13303521785, 0.28396597534, 0.57642728358, 0.33841177463, 0, 0.80871350026, 0.96251243144, 0.058334017048, 0.7538220723, 0.61065194377, 1.3704528829, 1.3563749031, 1.0043595231, 0.23085182024, 0.00074672120704, 0.45841023911, 0.055906319872, 0.093038329714, 0.58436017947, 0.57292751288, 0.30074174755, 0.039126584214, 0.0055436844907, 0.036216796679, 0.58612175844, 0.23133373781, 0.06604910116, 0.32756284749, 0.0081130561137, 1.0036999353, 1.2757785738, 0.38411812217, 0.29003719021, 0.59546916583, 7.4081739527, 1.8694690679, 1.8656313968, 2.0641746582],
      [3.4714553919, 0.026091201827, 0.35760861429, 2.020477009, 0.35433824126, 0.59401870272, 0.50628630823, 4.9387748213, 1.606322541, 4.6714998128, 9.3116106136, 4.5552589523, 8.3374953876, 12.4515711675, 16.4057262831, 0.90682710912, 14.0381137005, 8.6950166665, 22.8847464485, 23.3835359628, 18.5785234552, 4.5776357965, 0.050967922657, 7.7756848692, 0.67936708458, 0.22968485898, 9.2924034159, 9.5323390163, 0.4558523974, 0.78746744667, 0.089593267818, 0.53944692536, 10.1759432733, 5.5314599689, 1.2384243511, 6.5332532327, 0.11609202799, 17.2560280061, 22.9598414878, 6.3572622125, 5.2709226372, 11.391685782, 126.2271895989, 25.6765762845, 33.2412470078, 30.0121731198],
      [0.033836634051, 0.0027515593631, 0.022462936749, 0.14172843808, 0, 0, 0.02725427438, 0.23914337011, 0.10321764909, 0.24642379676, 0.39865844622, 0.23744131425, 0.29053019688, 0.89940026919, 0.69084912774, 0.039083990983, 0.70432188308, 0.31385687892, 1.4017137666, 1.466502257, 1.0526789365, 0.30809729066, 0.0040051962513, 0.41371227994, 0.55224666692, 0.010436869645, 0.8104872382, 0.49397762647, 0.25706106072, 0.19610068455, 0, 0.01945032044, 0.61908826686, 0.39754962772, 0.13079330862, 0.48259174252, 0.0402539437, 0.73378264284, 0.97552092642, 0.43053295174, 0.27957325496, 0.67686789245, 6.9325641718, 1.659146164, 2.0763679383, 1.3644285358]
    ],
    [
      [0, 0.46062236378, 0.17323176589, 0.3662659685, 0, 0.36282330892, 0.038437178322, 3.7683248461, 4.7447388637, 3.5983792399, 4.7161522179, 10.6266004685, 4.6335149972, 6.8790150252, 4.8018987432, 0.42282851687, 4.9647943944, 1.3483082489, 6.3812707199, 10.3942256053, 18.0171790099, 10.0793743087, 0.90991223437, 3.8373032561, 0, 0, 8.7410785446, 2.430627381, 0, 0, 0.037290112385, 4.175840151, 3.0705037678, 7.2810748207, 0.87258329108, 6.4099706479, 0.070978075953, 2.5142581489, 7.0162618819, 1.3282028566, 4.4125514876, 5.6946327869, 58.0600327365, 6.9898878875, 27.5974379863, 3.6299138781],
      [8.9693330677, 2.9870910679, 2.8428166786, 9.7125663022, 0, 4.6360665794, 1.8887894963, 188.7586140843, 182.6598982475, 146.1828089226, 90.0598495715, 264.3904306368, 31.2955509709, 141.3982459226, 102.8212733782, 9.0103593844, 85.7583212331, 34.8797541551, 134.8342615568, 190.0417988152, 191.1761137124, 51.19371113, 0.94081173979, 79.0522476755, 10.0631553598, 4.8100015214, 140.75419455, 47.5071419611, 4.3396616581, 4.3131024327, 1.9623870136, 48.4066816026, 63.2832512693, 46.113461776, 14.8040616929, 37.6914952146, 1.4593288075, 60.1129378027, 132.5392710133, 33.9237682133, 43.2884568178, 105.6258356852, 1214.811033437, 189.1509060563, 301.3807330723, 93.2196313134],
      [0.030666932302, 0.00084138692418, 0.58323946974, 0.0025035220666, 0, 0.0011101117214, 0.00024064178224, 0, 0, 0, 0.027900586127, 0, 0.67452645306, 0.041899031896, 0.033679809773, 0.0024467620108, 4.8631539224, 0.0094136053851, 0.043345420762, 0.063169515718, 5.6095234401, 0.021586817226, 1.2185386485, 0.02570627585, 0.0021690853305, 0.00075686234717, 0.043091479855, 0.015069000653, 0.001051735189, 0.12605077689, 0.00032287399527, 0, 0.021015078076, 8.7985185485, 0.0052572310588, 0.015894262275, 0.00024489937548, 0.01976220221, 4.9717702151, 0.010630425566, 0.015564265933, 6.9451296548, 0.40051073245, 0.050075684375, 0.1073299461, 0.026011287569],
      [0, 0.55144518139, 0.40071208583, 0.9186642072, 0, 0, 0.072532683622, 12.4730610696, 13.5953628888, 12.2188118375, 6.1960976245, 17.9829688948, 2.3964075789, 15.6808400203, 7.3431480689, 0.56436533673, 8.4137304501, 1.7625239907, 13.7411223026, 20.5008060638, 21.1971838376, 7.7053277441, 0.93073737733, 7.0847427925, 1.9346755549, 0.18924161623, 19.4616354255, 4.0471616573, 0.65928660667, 0.56084679042, 0, 2.4174782464, 6.6252298848, 9.8069448548, 3.3180977849, 6.8826398752, 0.46944821719, 4.3530418462, 10.4726968898, 3.7373985046, 4.2834274286, 12.7344018732, 113.728423094, 16.8091303718, 36.9144989953, 6.1244435209]
    ],
    [
      [0, 0.56786326916, 0.20603752431, 0.9363480838, 0.26437364108, 1.488891236, 0.26327857799, 1.9699428722, 0.53304310955, 1.9883155315, 9.8625410818, 1.5421435824, 11.6415756652, 9.2906466647, 9.7092940463, 0.79356573071, 15.6786860766, 3.879608741, 14.9865427581, 30.0690322385, 16.3818304281, 9.8195717706, 0.72942981617, 9.6052152343, 0, 0, 27.0875746425, 12.1004923111, 0, 0, 0.056833487892, 2.0870397068, 5.1865712347, 10.5114732902, 2.2465612233, 9.3562603164, 1.0621176799, 0.33364290278, 17.6739712711, 0.74054666645, 10.1828103353, 12.5070735573, 113.7875689798, 0, 44.9573198217, 4.4903360467],
      [0.10216474741, 0, 0, 1.6703854815, 0, 0, 0.73451124472, 6.326273106, 7.8440461901, 0.47897868072, 2.0238359216, 12.0217178914, 0, 10.345799523, 0.58149276752, 0.35701123252, 0, 5.8422151388, 5.5655038391, 0.95106339028, 0, 0, 0, 1.4409587856, 2.3481521506, 1.4648977957, 7.0217749685, 1.8694771421, 0.057800950846, 0.32380675957, 0.012387741742, 0.046667245129, 0.35340341807, 0, 0, 0, 0.30827105045, 0.77712589594, 0, 2.2393644655, 0, 0, 18.7346522839, 34.021001376, 0, 14.8525876137],
      [8.867456644, 6.2815724982, 11.6638654625, 74.6606746229, 9.7356263589, 13.511108764, 15.8628127435, 109.3711154674, 19.216091886, 119.0330637915, 289.5933854903, 58.5641394896, 417.8281855529, 344.9440825796, 803.6322158972, 20.7535359516, 811.034187321, 364.9433338978, 981.7705067581, 1073.8838256884, 656.1486297933, 266.8464148103, 14.2705701838, 565.2971322252, 14.6794421858, 7.5351022043, 459.1530647593, 501.1341931257, 4.8287684938, 18.2908693518, 21.9307787704, 10.7633427611, 363.6804798146, 403.1635843011, 78.822630697, 241.3252543232, 15.0161288223, 661.44439404, 1176.8753059157, 296.5463193763, 387.2384198324, 959.6974362662, 7667.2370059744, 598.2534539219, 1178.1761114904, 847.2176890717],
      [0.030378608617, 0.15056423265, 0.13009701318, 1.7325918118, 0, 0, 0.13939743379, 1.3326685544, 0.40681881436, 1.4996419963, 2.5202375063, 0.8719990366, 2.5302387819, 8.4194712327, 6.0769972891, 0.095887085137, 8.2871266024, 2.3348422223, 15.6774466447, 18.0960786828, 8.4695397786, 4.334013419, 0, 6.656693755, 0.97240566367, 0, 16.7375856298, 5.8958374212, 0.11343055534, 0.38532388866, 0, 0.10295028702, 5.7795455326, 6.3249424087, 2.9308080797, 4.3184853604, 2.6134824474, 4.4448371613, 8.4507228132, 5.4737694917, 4.5787698323, 12.7954901765, 97.2407727619, 12.7255447022, 17.866568688, 8.4393872679]
    ],
    [
      [0.025958763878, 0, 0.015886153286, 0.059712176443, 0.089964600181, 0.029180312541, 0.015199143055, 0.36512424647, 0.16099763414, 0.31269498641, 0.54572306117, 0.39519364496, 0.29857688334, 0.62960820373, 1.137187084, 0.038212549095, 0.56682094161, 0.51266373199, 0.9655439088, 0.98802536955, 1.1686931492, 0.42545777708, 0.029344088289, 0.55428917063, 0.01777665007, 0.028563662032, 0.80422503493, 0.5805533032, 0.013176818972, 0.02189053962, 0, 0.1509233591, 0.45013091002, 0.13546524381, 0.094735524304, 0.28036091032, 0.02791267415, 0.55291311051, 1.0626145654, 0.25331717969, 0.53434706717, 0.41805131569, 9.6803982377, 0.80758020329, 1.6161312875, 0.21971418363],
      [0.54700741785, 0, 0.12954289442, 0.75552760917, 1, 0.23484270476, 0.24285768248, 4.6929500976, 2.191001381, 3.7605948648, 5.2573609119, 4.4049895377, 2.3197547603, 6.5464151351, 12.3001297196, 0.38368507208, 5.2197496245, 6.6271734152, 10.3192844538, 9.1482277649, 9.9200765693, 2.7505371117, 0.043829751914, 5.7579939957, 0.34486566489, 0.51792415478, 6.552015542, 5.6959284972, 0.28830105367, 0.30936232904, 0, 0.99863097892, 4.6697545971, 0.85139042788, 0.80910397467, 1.9776757694, 0.19451900258, 6.6510094435, 10.5306239604, 3.2311485431, 4.4393610087, 4.1745505177, 102.8467558604, 10.9725772376, 13.2564032213, 2.8467897577],
      [2.1997223455, 0, 0.59826968911, 2.2803181519, 0.91003539982, 0.7359769827, 0.54958764059, 14.9283841989, 5.6462404129, 13.0864367278, 17.9192875204, 12.569101676, 9.4479242507, 21.2754947234, 44.2131533301, 1.260689358, 20.4953427145, 19.8612106893, 36.3482747101, 33.2757150336, 38.7268965005, 11.5013532049, 0.62216406095, 20.5927699099, 0.88965137461, 1.1384495696, 21.9868062002, 19.9621721898, 1.0025485949, 1.0562852598, 0, 3.2116752106, 17.0936943785, 4.2910073475, 3.1897310289, 8.3122676839, 0.55550437045, 24.0951752594, 39.9737493234, 11.2565614512, 16.9941880278, 16.8421336729, 369.8539631554, 31.8042252209, 49.8482252607, 8.7265038506],
      [0.22731147273, 0, 0.25630126318, 0.90444206252, 0, 0, 0.19235553387, 4.013541457, 2.0017605719, 3.840273421, 4.2776285065, 3.6307151413, 1.9337441057, 8.5484819378, 10.3495298663, 0.31741302081, 5.7180867194, 3.9989521635, 12.3668969273, 11.5880318319, 12.184333781, 4.3226519063, 0.30466209885, 6.0949469237, 0.74770631042, 0.31506261361, 10.6569532228, 5.7613460098, 0.69597353242, 0.61246187155, 0, 0.63877045139, 5.7864201144, 1.7221369808, 1.9064294721, 3.4296956364, 1.2220639528, 5.7009021866, 9.4330121508, 4.258972826, 5.0321038963, 5.5652644937, 112.6188827465, 11.4156173382, 17.2792402304, 2.2069922081]
    ],
    [
      [0.58037152546, 0, 0, 1.931050189, 0, 0.71312384525, 0.26130174007, 8.3853784773, 3.4001439762, 4.2993164474, 3.1344626412, 6.5616022777, 6.0293090834, 6.3379823349, 10.3670780012, 0.74827358583, 12.241285346, 4.8477623943, 16.2739211832, 20.6844164465, 21.0159980975, 4.7826855691, 0.3851280786, 11.6235024278, 0.2697434213, 0.3045963963, 13.0054450925, 8.4603552022, 0, 0, 0, 3.1791481743, 11.6601997965, 4.2122622113, 1.214508756, 5.2854698611, 0, 10.5685252669, 19.3815175053, 2.8287341187, 3.6884632827, 9.0116828811, 103.5766767576, 13.3750360735, 34.9617576395, 11.0688908336],
      [0.28045650362, 0, 0, 0.57576999615, 0, 0.12909071589, 0.089165519703, 2.5952086085, 1.1062919588, 1.2430422379, 0.72854267744, 1.762317169, 1.1282130074, 1.5925578789, 2.7110979411, 0.17274906285, 2.7247117899, 1.50886533, 4.2094489829, 4.6370252723, 4.317502506, 0.74386324295, 0.010966507076, 2.913120623, 0.11776626638, 0.11413819837, 2.5608105199, 2.0022097637, 0, 0, 0, 0.49290384712, 2.9191777913, 0.63731637227, 0.24363725287, 0.89770111267, 0, 3.0714182189, 4.6488053241, 0.86664501991, 0.73705234405, 2.1742329221, 26.6897865734, 4.3989736879, 6.9484393638, 3.4705331736],
      [0.43069868631, 0, 0, 0.68754874884, 0, 0.15778543887, 0.081072665891, 3.2489819667, 1.1111197246, 1.7021869064, 0.97955543464, 1.9747507632, 1.8157423996, 2.0415122606, 3.8470287649, 0.22161356925, 4.2238848823, 1.7865215345, 5.8528092359, 6.6570765438, 6.6506960803, 1.2272684965, 0.061017091857, 4.1128235039, 0.1182253584, 0.096006504808, 3.3905713894, 2.771437361, 0, 0, 0, 0.60928885361, 4.217473879, 1.26800841, 0.37890013825, 1.4891687327, 0, 4.3942431373, 6.9662024687, 1.1925645221, 1.1142193553, 3.4629265371, 37.8824018585, 5.0311346281, 10.3112349484, 4.200388749],
      [0.70847328461, 0, 0, 3.805631066, 0, 0, 0.56846007434, 11.7704309476, 5.3824443404, 6.7554544083, 3.1574392467, 7.70132979, 5.0267355096, 11.0279475257, 12.0747952928, 0.85736378208, 15.8101179819, 4.8568507412, 26.663820598, 31.0214817375, 28.0158033162, 6.2461826915, 0.54288832247, 16.3505534452, 1.4942649539, 0.48525890051, 22.0431729981, 10.7659976731, 0, 0, 0, 1.718659125, 19.2031485332, 6.8824130064, 3.1629538529, 8.3276602935, 0, 13.9658133769, 22.0034747018, 6.1120563393, 4.460265018, 15.3511576598, 153.8511348105, 24.1948556104, 47.7785680483, 14.2601872438]
    ]
  ],
  "prob": [
    [0.0012208948542, 0.016379939458, 0.82843785656, 0.15396130912],
    [0.82529043812, 0.0092819696639, 0.15665932902, 0.0087682631897],
    [0.043745239001, 0.87338974218, 0.00028540905996, 0.082579609763],
    [0.018706674769, 0.0033434609758, 0.96498384024, 0.012966024019],
    [0.017098734671, 0.17342646419, 0.61781354644, 0.1916612547],
    [0.33079478664, 0.081407896657, 0.11446116508, 0.47333615162]
  ],
  "iterations": 178,
  "time": 0.000452,
  "message": "Converged",
  "status": 0,
  "miniter": 0,
  "maxiter": 1000,
  "maxtime": 3600,
  "param_threshold": 0.001,
  "ll_threshold": "-Inf",
  "initial_prob": "random",
  "adjust_prob_cond_method": "lp",
  "adjust_prob_cond_every": false,
  "candidates_id": ["SIGGAARD, Dorthe.c", "WU, Chao-Fu.c", "O'CONNOR, Simon.c", "Other candidates votes.c"],
  "group_id": ["Conservative.p", "Green Party.p", "Labour Party.p", "National Party.p", "New Zealand First Party.p", "Other parties votes.p"]
}
