{
  "X": [
    [72, 72, 111, 239, 331, 56],
    [52, 75, 115, 255, 421, 29],
    [11, 20, 34, 60, 106, 12],
    [20, 20, 41, 82, 188, 17],
    [2, 2, 3, 10, 19, 1],
    [38, 42, 79, 150, 372, 32],
    [1, 6, 6, 15, 32, 2],
    [54, 92, 221, 241, 545, 37],
    [33, 45, 113, 166, 231, 21],
    [65, 201, 196, 478, 366, 81],
    [3, 1, 10, 26, 6, 7],
    [4, 35, 75, 135, 108, 14],
    [28, 48, 335, 155, 310, 42],
    [11, 40, 346, 128, 306, 37],
    [25, 116, 119, 174, 245, 22],
    [23, 82, 82, 210, 243, 31],
    [49, 216, 220, 274, 481, 62],
    [43, 74, 132, 329, 194, 67],
    [5, 4, 20, 51, 36, 11],
    [9, 11, 16, 35, 28, 11],
    [86, 183, 336, 852, 356, 120],
    [33, 31, 128, 197, 149, 48],
    [28, 79, 82, 171, 132, 32],
    [22, 75, 78, 186, 144, 30],
    [21, 42, 53, 111, 135, 20],
    [18, 106, 116, 277, 279, 42],
    [9, 15, 25, 48, 102, 6],
    [30, 94, 70, 149, 227, 27],
    [8, 8, 22, 26, 33, 3],
    [52, 191, 291, 366, 477, 108],
    [0, 2, 1, 3, 3, 0],
    [9, 15, 33, 60, 71, 14],
    [16, 56, 59, 139, 92, 39],
    [12, 28, 26, 60, 115, 5],
    [52, 75, 588, 364, 705, 63],
    [7, 15, 152, 71, 165, 15],
    [30, 63, 152, 347, 129, 61],
    [18, 51, 250, 123, 305, 14],
    [12, 35, 157, 105, 167, 21],
    [5, 16, 15, 72, 41, 11],
    [39, 112, 268, 294, 456, 47],
    [6, 7, 19, 36, 59, 9],
    [119, 207, 403, 723, 759, 193],
    [4, 17, 46, 77, 106, 11]
  ],
  "W": [
    [126, 74, 256, 236, 64, 96, 29],
    [170, 38, 265, 287, 83, 83, 21],
    [25, 9, 67, 82, 26, 23, 11],
    [66, 20, 90, 115, 22, 44, 11],
    [9, 1, 10, 9, 5, 2, 1],
    [148, 54, 132, 218, 83, 57, 21],
    [12, 3, 12, 18, 7, 8, 2],
    [224, 63, 266, 379, 112, 104, 42],
    [114, 31, 173, 140, 62, 68, 21],
    [95, 98, 527, 255, 221, 121, 70],
    [3, 4, 27, 6, 3, 2, 8],
    [46, 30, 123, 88, 46, 22, 16],
    [131, 28, 249, 314, 101, 60, 35],
    [139, 21, 185, 318, 113, 59, 33],
    [93, 39, 175, 188, 113, 62, 31],
    [69, 54, 191, 177, 92, 67, 21],
    [178, 62, 308, 336, 234, 134, 50],
    [83, 41, 324, 164, 88, 73, 66],
    [16, 7, 55, 26, 10, 4, 9],
    [11, 10, 42, 22, 13, 6, 6],
    [131, 68, 925, 308, 225, 157, 119],
    [63, 20, 241, 128, 50, 53, 31],
    [51, 88, 142, 96, 69, 37, 41],
    [43, 42, 193, 103, 86, 37, 31],
    [46, 31, 110, 104, 46, 34, 11],
    [94, 57, 266, 193, 110, 61, 57],
    [46, 5, 49, 66, 18, 15, 6],
    [74, 28, 170, 145, 95, 50, 35],
    [21, 6, 27, 21, 14, 7, 4],
    [200, 130, 416, 336, 200, 125, 78],
    [1, 0, 4, 0, 2, 1, 1],
    [14, 27, 59, 48, 19, 21, 14],
    [53, 48, 137, 45, 59, 33, 26],
    [39, 14, 71, 71, 28, 16, 7],
    [261, 51, 519, 602, 178, 176, 60],
    [52, 10, 114, 159, 49, 25, 16],
    [64, 27, 389, 126, 68, 56, 52],
    [84, 35, 157, 295, 100, 60, 30],
    [70, 21, 129, 157, 54, 46, 20],
    [0, 5, 76, 40, 25, 5, 9],
    [161, 64, 351, 343, 145, 93, 59],
    [12, 9, 35, 43, 16, 11, 10],
    [263, 232, 739, 581, 270, 183, 136],
    [53, 17, 74, 78, 21, 5, 13]
  ],
  "method": "mvn_cdf",
  "mvncdf_method": "genz",
  "mvncdf_samples": 5000,
  "mvncdf_error": 0.001,
  "cond_prob": [
    [
      [0.08518212612, 0.006244719395, 0.089075608419, 0.017909767035, 0.79822464189, 0.0033631371398],
      [0.18972110921, 0.20577332729, 0, 0.24834891324, 0.11307858722, 0.24307806305],
      [0.047647881354, 0.022133196251, 0.096283051647, 0.70806110048, 0.029651641295, 0.096223128975],
      [0.0126553591, 0.0060600606292, 0.23033769465, 0.018484810916, 0.73002933813, 0.0024327365806],
      [0.003485612709, 0.57111671988, 0.16283977265, 0.090443178477, 0.15804104882, 0.014073667455],
      [0.32960838832, 0.10419674007, 0.080962729302, 0.13014918939, 0.32840453717, 0.026678415749],
      [0.0061270055858, 0.080527912711, 0.088763748912, 0.49851058868, 0.018505965662, 0.30756477845]
    ],
    [
      [0.059649893062, 0.0059406925481, 0.076322881921, 0.017435092429, 0.83909937633, 0.0015520637083],
      [0.1503673068, 0.23221683551, 0, 0.30711891821, 0.13824016323, 0.17205677624],
      [0.040030605577, 0.021074292583, 0.086464284554, 0.76463645784, 0.029253216299, 0.058541143151],
      [0.015833034608, 0.0054899137197, 0.20098048665, 0.016110251758, 0.76098874468, 0.00059756859266],
      [0.0044394794161, 0.56519760756, 0.15204269001, 0.097723932959, 0.17210509627, 0.0084911937863],
      [0.247081726, 0.11185776019, 0.083058687502, 0.15218807018, 0.38814663607, 0.017667120055],
      [0.0055766219615, 0.086188296299, 0.09129812696, 0.5890721692, 0.021105428319, 0.20675935726]
    ],
    [
      [0.042130363439, 0.0039594587721, 0.077734207654, 0.0092153874848, 0.86470785536, 0.0022527272907],
      [0.13206305867, 0.20934199629, 0, 0.25391160213, 0.17648404181, 0.2281993011],
      [0.04085610125, 0.020465386813, 0.12258982994, 0.69727278756, 0.032589423714, 0.086226470721],
      [0.01397623857, 0.0044942380059, 0.19268628454, 0.0070065591471, 0.77915600693, 0.002680672812],
      [0.0048161098839, 0.50953314436, 0.17954688594, 0.078044197939, 0.21652123942, 0.011538422463],
      [0.20396656057, 0.094097059535, 0.094326940688, 0.11633461151, 0.46915392009, 0.022120907609],
      [0.0053012081329, 0.078648455315, 0.10955565455, 0.49888646056, 0.027233717811, 0.28037450363]
    ],
    [
      [0.040821693848, 0.0033218846009, 0.058666265722, 0.0096662541882, 0.88495503003, 0.0025688716063],
      [0.1364277742, 0.18048353879, 0, 0.25456826771, 0.20219350812, 0.22632691119],
      [0.043090719575, 0.017285946882, 0.11209111715, 0.69989178596, 0.041758596018, 0.085881834418],
      [0.014218073757, 0.0031601779779, 0.15909888636, 0.008600491947, 0.8123939299, 0.002528440057],
      [0.004942311786, 0.45934096783, 0.1817324538, 0.082863603563, 0.25928313391, 0.011837529112],
      [0.20213875127, 0.077010751373, 0.08119029624, 0.11146192623, 0.5070755814, 0.021122693484],
      [0.0055575966321, 0.068904981906, 0.10663336088, 0.50582004791, 0.031815249738, 0.28126876294]
    ],
    [
      [0.05405381998, 0.0016682397791, 0.029914582719, 0.0080527986642, 0.90240473945, 0.0039058194078],
      [0.17608599514, 0.09977058794, 0, 0.34292070963, 0.21544486159, 0.1657778457],
      [0.05339109631, 0.0074537358845, 0.059311828779, 0.8005236753, 0.029595199605, 0.049724464121],
      [0.025756494016, 0.0013704492124, 0.1155309098, 0.0061149201477, 0.84776613631, 0.0034610905155],
      [0.014136619844, 0.33786748441, 0.17824058081, 0.12311957079, 0.33585452399, 0.010781220157],
      [0.24698110081, 0.037348089548, 0.063395568073, 0.12511697891, 0.51439544759, 0.012762815067],
      [0.0070649149504, 0.034310251162, 0.079878239372, 0.65850125628, 0.029001745373, 0.19124359287]
    ],
    [
      [0.04839097617, 0, 0.056253043095, 0.01498793204, 0.87671917941, 0.0036488692889],
      [0.1551900504, 0.1194818237, 0, 0.30797705382, 0.18792609349, 0.22942497859],
      [0.044810482607, 0.0042166067081, 0.093941047095, 0.74466525163, 0.034867630604, 0.07749898136],
      [0.012984106289, 0, 0.16155480571, 0.014254102917, 0.80753367444, 0.0036733106463],
      [0.0065854701173, 0.37345341098, 0.19902950594, 0.12025311659, 0.28569958319, 0.014978913177],
      [0.22888955581, 0.053757261603, 0.080376485432, 0.13842187471, 0.47646929233, 0.022085530114],
      [0.0056692966351, 0.044313924372, 0.093070242805, 0.56556009362, 0.027660431586, 0.26372601099]
    ],
    [
      [0.0079426154561, 0.012127895353, 0.055160097052, 0.015871007151, 0.90402679567, 0.004871589323],
      [0.047071350389, 0.22110285422, 0, 0.37614141457, 0.16963785381, 0.18604652701],
      [0.0065716194107, 0.019088744157, 0.067149971883, 0.82459395128, 0.028215784497, 0.05437992877],
      [0, 0.0074445685682, 0.15516761838, 0.013832349472, 0.8176263781, 0.0059290854737],
      [0, 0.54409704844, 0.13577989179, 0.1078366209, 0.2021282268, 0.01015821207],
      [0.085371025679, 0.11034435625, 0.080183443755, 0.18730962118, 0.51589980643, 0.020891746705],
      [0.00082346249823, 0.068327669938, 0.073667624628, 0.64184032443, 0.022402315907, 0.19293860259]
    ],
    [
      [0.041695053999, 0.0041279910423, 0.11123187338, 0.0094163394008, 0.83318502009, 0.00034372208378],
      [0.14131284804, 0.23900150487, 0.00023453023391, 0.26443299431, 0.18449935576, 0.17051876678],
      [0.04040430437, 0.020830367351, 0.18196650261, 0.6714466238, 0.028039971229, 0.057312230639],
      [0.010257724803, 0.0033609564155, 0.26693190171, 0.0070057068355, 0.71244371023, 0],
      [0.003826919525, 0.49271288797, 0.2322251558, 0.070665692333, 0.1938000151, 0.0067693292643],
      [0.19683569033, 0.098786226712, 0.1315935949, 0.11189134142, 0.44617106049, 0.014722086147],
      [0.005305929371, 0.089189142178, 0.16200126653, 0.51000570149, 0.027640609026, 0.20585735141]
    ],
    [
      [0.050140010043, 0.0033460192586, 0.13062682291, 0.013381033097, 0.80184154453, 0.00066457015204],
      [0.143064776, 0.1969164208, 0.00060155251392, 0.32686852814, 0.14864250295, 0.1839062196],
      [0.034838373715, 0.014186398575, 0.1557506087, 0.72194914234, 0.019165660128, 0.054109816541],
      [0.012521945859, 0.002133098104, 0.30576433537, 0.009251952792, 0.67032866787, 0],
      [0.0043570495626, 0.45816235542, 0.2556757649, 0.097920440385, 0.17565788824, 0.0082265014958],
      [0.21613819138, 0.087805901667, 0.13969254421, 0.14942556735, 0.38986367921, 0.017074116189],
      [0.0048278875885, 0.065923653453, 0.14224006537, 0.56748366454, 0.019950208104, 0.19957452095]
    ],
    [
      [0.049912883238, 0.0058584023541, 0.10498915566, 0.013342949492, 0.8238058402, 0.0020907690561],
      [0.12019608686, 0.2823161238, 0, 0.26700295152, 0.13071280067, 0.19977203715],
      [0.036075291287, 0.024847589745, 0.1228705212, 0.71761939468, 0.024009118981, 0.074578084111],
      [0.013347722925, 0.0038919734628, 0.25486885972, 0.010742378751, 0.71595686905, 0.0011921960831],
      [0.0035848993608, 0.60664134114, 0.16117560157, 0.075617096063, 0.14386235139, 0.009118710477],
      [0.20617521997, 0.14214416144, 0.10730606109, 0.13821732613, 0.38438787139, 0.021769359986],
      [0.004632105006, 0.10603083844, 0.10968378532, 0.51722468974, 0.020032447251, 0.24239613425]
    ],
    [
      [0.092784862074, 6.6815218859e-05, 0.21980296124, 0.022296452584, 0.65902001541, 0.0060288934688],
      [0.24159077323, 0.0026797922907, 0.00092665465941, 0.34928805998, 0.062878045283, 0.34263667456],
      [0.028047555598, 0, 0.14575500749, 0.71812225113, 0.0019552836614, 0.10611990212],
      [0.019277844066, 0, 0.47991691283, 0.01356686611, 0.48224106176, 0.0049973152309],
      [0.0077680465793, 0.30114458877, 0.39577291927, 0.15442401381, 0.1163685585, 0.024521873069],
      [0.33349388287, 0.042823309442, 0.17418761456, 0.19475130213, 0.21549888828, 0.039245002729],
      [0.02400491873, 0, 0.12328797894, 0.52656022242, 0.005635661395, 0.32051121851]
    ],
    [
      [0.0080802650315, 0.017975415571, 0.17330087395, 0.023707426811, 0.7757627069, 0.0011733117346],
      [0.050825591133, 0.21422668055, 0.0011235264057, 0.44189606582, 0.11187562839, 0.18005250771],
      [0, 0.015796914732, 0.13191421354, 0.7943852649, 0.016093341715, 0.041810265121],
      [0, 0.0024423004805, 0.37780015653, 0.016246072984, 0.60351147001, 0],
      [0, 0.48024173833, 0.25535857723, 0.12837417164, 0.12853608518, 0.0074894276105],
      [0.095615457934, 0.11531258435, 0.17344675136, 0.24301669512, 0.35224084845, 0.02036766279],
      [0, 0.060024418372, 0.12251680525, 0.64137219995, 0.013012353448, 0.16307422298]
    ],
    [
      [0.032653908106, 0.0035864966763, 0.23165845607, 0.012989826806, 0.71490957606, 0.0042017362801],
      [0.12407941078, 0.19064915017, 0, 0.22664427668, 0.18621298111, 0.27241418126],
      [0.030512051878, 0.015305541247, 0.35642262577, 0.47706293926, 0.038742239113, 0.081954602739],
      [0.0097762450738, 0.0041505764495, 0.44543984123, 0.019309381554, 0.51453788703, 0.0067860686669],
      [0.0034975895306, 0.30782981164, 0.4675385298, 0.051972146461, 0.15823397754, 0.010927945022],
      [0.151486962, 0.06762232569, 0.28975475139, 0.084239545927, 0.38523868493, 0.021657730058],
      [0.0039542400813, 0.055128041093, 0.32653490569, 0.33705473458, 0.023577576331, 0.25375050222]
    ],
    [
      [0.016536551726, 0.0023762448669, 0.26163829971, 0.01656428031, 0.69817268908, 0.0047119343107],
      [0.074536791861, 0.16439564526, 0, 0.25633845349, 0.18244347828, 0.32228563111],
      [0.0088165036921, 0.013694363927, 0.37093056382, 0.47996245206, 0.041972994201, 0.0846231223],
      [0, 0.00010706007587, 0.4761566604, 0.025270051234, 0.49134273987, 0.0071234884142],
      [0, 0.25479503149, 0.51777266995, 0.05870380184, 0.15627916854, 0.012449328181],
      [0.092539398121, 0.058950469847, 0.34058385084, 0.097224763527, 0.38498565775, 0.025715859915],
      [0.0013717881484, 0.041817415247, 0.33301651883, 0.33684051317, 0.022332973182, 0.26462079142]
    ],
    [
      [0.042027440693, 0.0063015303237, 0.12549103589, 0.016678516938, 0.80875794539, 0.00074353076643],
      [0.089941969696, 0.38934620628, 0, 0.26205234547, 0.11389950807, 0.14475997048],
      [0.029202471008, 0.030368333461, 0.14084260536, 0.72647400797, 0.020669891376, 0.052442690825],
      [0.010860836262, 0.00030769416566, 0.29501629502, 0.015109714032, 0.67870546052, 0],
      [0.0028905387461, 0.68580083097, 0.14133615624, 0.062676851535, 0.10310008823, 0.0041955342739],
      [0.16112587432, 0.20488859227, 0.12105423177, 0.1434385684, 0.35355512047, 0.015937612774],
      [0.0037098860573, 0.15027626309, 0.12072471731, 0.52514849528, 0.018027266296, 0.18211337196]
    ],
    [
      [0.036014518396, 0.0063749651787, 0.090389194992, 0.019153336206, 0.84540558218, 0.0026624030502],
      [0.079410802157, 0.24170831341, 0, 0.3485000981, 0.1280216019, 0.20235918443],
      [0.021335954924, 0.02108137666, 0.077948255622, 0.7919781736, 0.023180264037, 0.064475975152],
      [0.0092539162809, 0.0064291034394, 0.22113287714, 0.017060590675, 0.74371626757, 0.0024072448998],
      [0.0023632732715, 0.57453651057, 0.1481510826, 0.10873512074, 0.15565239689, 0.010561615937],
      [0.15281556945, 0.13128211517, 0.095114586855, 0.19385055204, 0.40298765726, 0.023949519224],
      [0.0027447641921, 0.080482073293, 0.082472978558, 0.59905908102, 0.017544999381, 0.21769610355]
    ],
    [
      [0.039672441979, 0.0055359313728, 0.11589031808, 0.011366226613, 0.82489098307, 0.0026440988821],
      [0.092902913845, 0.34292728612, 0, 0.21926097275, 0.1270670656, 0.21784176169],
      [0.031078642727, 0.031380418526, 0.15610589392, 0.66425640475, 0.025666106892, 0.09151253319],
      [0.010809996, 0.0014376726814, 0.2759879084, 0.0086236875845, 0.70138446535, 0.0017562699794],
      [0.0027651633588, 0.65331457682, 0.15461516999, 0.054927458613, 0.12527932778, 0.0090983034379],
      [0.1652245214, 0.17934976513, 0.12106583604, 0.11849991013, 0.39096150494, 0.024898462359],
      [0.0037361991874, 0.13392812094, 0.1231239805, 0.44324172778, 0.02033402603, 0.27563594557]
    ],
    [
      [0.077873709085, 0.0067872477807, 0.15138403143, 0.02707288227, 0.7320829841, 0.0047991453428],
      [0.11915011581, 0.18343261755, 0, 0.33237873078, 0.072648818896, 0.29238971697],
      [0.029433392178, 0.016665578855, 0.092175753851, 0.76230892407, 0.0067854467986, 0.092630904247],
      [0.019213220765, 0.0053837892389, 0.35029992408, 0.021029089183, 0.60169305479, 0.0023809219468],
      [0.0043840702222, 0.53919623244, 0.20248540366, 0.12783145869, 0.10830591265, 0.017796922339],
      [0.25109360624, 0.11387183284, 0.12036150357, 0.21162724175, 0.26409341096, 0.038952404646],
      [0.0037622529048, 0.058657876955, 0.083574065333, 0.54531217837, 0.0086761467308, 0.30001747971]
    ],
    [
      [0.050678737783, 0, 0.11992361784, 0.016839541643, 0.80767088534, 0.0048872173861],
      [0.12443525317, 0.094995196127, 0.00014830875477, 0.34209042925, 0.12025026289, 0.31808054981],
      [0.028838670704, 0, 0.11493973, 0.74451071354, 0.013463044599, 0.098247841159],
      [0.011335229079, 0, 0.28822557557, 0.012451187243, 0.68367162052, 0.0043163875887],
      [0.049555473049, 0.28904957741, 0.28625684024, 0.1461031116, 0.20701660916, 0.022018388536],
      [0.2249452669, 0.049882143374, 0.12741084174, 0.1825104382, 0.38021962637, 0.035031683414],
      [0.0046571978246, 0.027223253276, 0.099158007676, 0.54144903858, 0.014282201186, 0.31323030146]
    ],
    [
      [0.12397089875, 0.0056334608977, 0.11135106846, 0.016942952784, 0.73813860102, 0.0039630180874],
      [0.23966488141, 0.16988533433, 0.00046685658298, 0.21019539058, 0.084589954667, 0.29519758243],
      [0.050960116353, 0.020836981096, 0.11801272966, 0.66435271688, 0.02188819015, 0.12394926586],
      [0.020448744754, 0.0053262691722, 0.28520321063, 0.017679668704, 0.66913088921, 0.0022112175347],
      [0.0006319683925, 0.56355397477, 0.19031802004, 0.088897722016, 0.13780324889, 0.018795065889],
      [0.43485528723, 0.085925230153, 0.085938831101, 0.10912047115, 0.25293530396, 0.031224876403],
      [0.0053544526442, 0.067515734332, 0.091616192453, 0.43491892998, 0.014223038969, 0.38637165163]
    ],
    [
      [0.067850767426, 0.0065378662254, 0.16971865806, 0.022979827256, 0.72953444221, 0.0033784388167],
      [0.12010052653, 0.21642844692, 9.6726824254e-05, 0.34433818042, 0.083731081636, 0.23530503767],
      [0.028732014931, 0.017799218745, 0.12057672067, 0.75319166152, 0.0073791134074, 0.072321270726],
      [0.016427709077, 0.0046434154591, 0.37968052915, 0.015719587653, 0.58180158565, 0.001727173009],
      [0.003891937472, 0.54237524734, 0.22243657368, 0.11242503841, 0.10641318784, 0.012458015253],
      [0.2291245841, 0.122731103, 0.14200790582, 0.19989966533, 0.27739512249, 0.028841619265],
      [0.0038623514389, 0.069149092523, 0.10875410488, 0.56597349039, 0.010274829767, 0.241986131]
    ],
    [
      [0.072459488589, 0.0028161837562, 0.1760366045, 0.017683486829, 0.72843801247, 0.0025662238529],
      [0.14490069666, 0.13669557748, 0.00054347860882, 0.27324614807, 0.093465707156, 0.35114839203],
      [0.037188750864, 0.0083558447732, 0.16091092264, 0.66841145313, 0.015297062047, 0.10983596655],
      [0.014897092995, 0.00078921559717, 0.39197182279, 0.01396991472, 0.57837195389, 0],
      [0.0051465866628, 0.41355487125, 0.31024424984, 0.10732379669, 0.14355735874, 0.02017313682],
      [0.26932301621, 0.074580680712, 0.16046564576, 0.1546333812, 0.301231034, 0.039766242118],
      [0.0043958784455, 0.043334549896, 0.12677441786, 0.45109513042, 0.012186331629, 0.36221369176]
    ],
    [
      [0.057128943014, 0.0066544097593, 0.14449652657, 0.017890105175, 0.77271285061, 0.0011171648802],
      [0.12231123358, 0.28106866578, 0.0002845066042, 0.31727898604, 0.10591548264, 0.17314112536],
      [0.032654939057, 0.021743803389, 0.13623332661, 0.7425875929, 0.013387176551, 0.05339316149],
      [0.014268380048, 0.0043003186645, 0.33365534212, 0.013018615987, 0.63475734318, 0],
      [0.0039721688092, 0.59532860513, 0.1927546223, 0.087272854707, 0.11424456944, 0.0064271796144],
      [0.21222994204, 0.14493246449, 0.13346457305, 0.16743762053, 0.32321441145, 0.018720988438],
      [0.0046263906716, 0.097218460986, 0.12173993171, 0.56714169763, 0.014429015038, 0.19484450396]
    ],
    [
      [0.047199607575, 0.0057304432067, 0.11088866571, 0.014565639331, 0.81958497601, 0.0020306681609],
      [0.1127993423, 0.26922542276, 0, 0.294490387, 0.12805319812, 0.19543164983],
      [0.032261820914, 0.022522475697, 0.1209265509, 0.73629451265, 0.020515627222, 0.067479012614],
      [0.012928788506, 0.0040018269353, 0.26706335444, 0.011062184739, 0.70386903919, 0.0010748061884],
      [0.0038014607259, 0.58906242217, 0.1718528418, 0.083749042116, 0.14261498608, 0.0089192471072],
      [0.19499543684, 0.13635875434, 0.11387470578, 0.15292295413, 0.38055987464, 0.021288274259],
      [0.0042868083737, 0.096208225327, 0.10944287207, 0.54516994711, 0.01858001469, 0.22631213243]
    ],
    [
      [0.062064393428, 0.006144185098, 0.10205444634, 0.017735832741, 0.80870541962, 0.0032957227725],
      [0.13035115399, 0.23108010635, 0, 0.30464838094, 0.11174852834, 0.22217183039],
      [0.036166833909, 0.020363804728, 0.094275607322, 0.75368003289, 0.018787337433, 0.076726383717],
      [0.01661994535, 0.0053074459035, 0.25141429674, 0.014783318963, 0.70890229533, 0.0029726977216],
      [0.004290837492, 0.58026926483, 0.16252508843, 0.098795693242, 0.14208232214, 0.012036793864],
      [0.23966387165, 0.12285505008, 0.097791725911, 0.16598836324, 0.34799860995, 0.025702379169],
      [0.0046705383093, 0.08113030995, 0.089729004863, 0.55541607778, 0.015923721005, 0.25313034809]
    ],
    [
      [0.025701165728, 0.0061436502561, 0.10106425604, 0.016453095069, 0.84864942447, 0.0019884084352],
      [0.066398729879, 0.29261727465, 0, 0.31425066068, 0.13947841143, 0.18725492336],
      [0.013727700018, 0.024150799328, 0.11084943431, 0.76282973208, 0.02553844775, 0.062903886512],
      [0.0037732121452, 0.0045065120702, 0.24450032366, 0.01436595764, 0.73165879524, 0.0011951992526],
      [0, 0.60306110087, 0.15583196801, 0.085672196465, 0.14730138816, 0.0081333464963],
      [0.12031011315, 0.1527186322, 0.11267488872, 0.16859356705, 0.42461536514, 0.021087433737],
      [0.0014148731091, 0.10169973877, 0.10194321488, 0.56399357271, 0.020502106934, 0.21044649359]
    ],
    [
      [0.049303541738, 0.005875319231, 0.071267810408, 0.01459583688, 0.85626998589, 0.0026875058569],
      [0.12715049879, 0.2305044256, 0, 0.31024821383, 0.14731648909, 0.1847803727],
      [0.035642759533, 0.019956910662, 0.089651773952, 0.76571172881, 0.026772758411, 0.062264068633],
      [0.016153656295, 0.0053641263162, 0.19301802662, 0.011820176804, 0.77136234826, 0.0022816657049],
      [0.0046826791128, 0.56101228117, 0.15228686235, 0.094050635557, 0.17885241988, 0.0091151219316],
      [0.21135761268, 0.11033104197, 0.087070545601, 0.15203920323, 0.42021304156, 0.01898855496],
      [0.0048326065357, 0.082017589587, 0.0903887224, 0.5839740942, 0.021779812547, 0.21700717473]
    ],
    [
      [0.050549991482, 0.0057012359835, 0.070037558877, 0.010308343453, 0.86154515036, 0.001857719848],
      [0.13709633908, 0.34778473696, 0, 0.20100145781, 0.15539257699, 0.15872488916],
      [0.051328944493, 0.037017520775, 0.11758711199, 0.67624294947, 0.043629950346, 0.074193522925],
      [0.014221869923, 0.0032514141634, 0.18279523985, 0.010006507387, 0.78815029487, 0.0015746738005],
      [0.0036796474372, 0.66858297687, 0.11189342019, 0.052054513127, 0.15694982759, 0.0068396147906],
      [0.22120382594, 0.16193394526, 0.079077327803, 0.097141741508, 0.4244363575, 0.016206801991],
      [0.0063643894255, 0.15610349291, 0.10681030053, 0.46841802747, 0.030392311608, 0.23191147805]
    ],
    [
      [0.094919418612, 0.0039076002126, 0.16340356598, 0.016933011962, 0.72072160187, 0.00011480135583],
      [0.27461580419, 0.1554445203, 0.0019908324602, 0.30357111015, 0.11314163816, 0.15123609475],
      [0.048942904383, 0.012445389814, 0.17328890245, 0.70086457359, 0.020410635013, 0.044047594756],
      [0.013028669881, 0.0028483048411, 0.37637038647, 0.012568367628, 0.59518427118, 0],
      [0.00028373524976, 0.42333250616, 0.31208270331, 0.10320207654, 0.15405164502, 0.0070473337301],
      [0.39021571431, 0.062807457197, 0.13617439218, 0.12531993913, 0.27306447422, 0.012418022951],
      [0.0071136511229, 0.055781515138, 0.16290576156, 0.57840805884, 0.016966335403, 0.17882467793]
    ],
    [
      [0.036198877059, 0.0055208708855, 0.14702732731, 0.011869403092, 0.79732321862, 0.0020603030331],
      [0.087285712652, 0.28099029537, 0.00077975720878, 0.23519428749, 0.12430250992, 0.27144743736],
      [0.025329945305, 0.024721096787, 0.18292271671, 0.64485289249, 0.020842053628, 0.10133129508],
      [0.0083877947202, 0.0030567613567, 0.33359752706, 0.0083683956032, 0.64658952126, 0],
      [0.0019774752112, 0.57900642521, 0.21436894313, 0.063167921951, 0.13065018264, 0.010829051862],
      [0.15544584224, 0.14812935851, 0.15529555898, 0.12723291307, 0.38352206547, 0.030374261718],
      [0.0029653890749, 0.099212621653, 0.14131811998, 0.4287510165, 0.017709766959, 0.31004308583]
    ],
    [
      [0, 0, 0.0062230669026, 0, 0.9937769331, 0],
      [0.010254150781, 0.37409397926, 0.00019074621117, 0.10201693287, 0.44605267012, 0.067391520758],
      [0, 0.079552664543, 0.16978591768, 0.63842878199, 0.11223263578, 0],
      [0.00033207611039, 0.00077834351779, 0.022520874994, 0.000601943123, 0.97571909871, 4.7663545538e-05],
      [0, 0.64796151091, 0.073347819179, 0.0038298321215, 0.27486083779, 0],
      [0, 0.056884596945, 0.02627590953, 0.0087230791414, 0.90811641438, 0],
      [0, 0.32898172307, 0.14166171448, 0.42990212865, 0.099454433805, 0]
    ],
    [
      [0.028239126488, 0.0018641448651, 0.097923541996, 0.0084410743996, 0.86177916138, 0.0017529508738],
      [0.11206852142, 0.17019776901, 0.001030365134, 0.28756492253, 0.21595811918, 0.21318030272],
      [0.030868329109, 0.012081521835, 0.17454765394, 0.68676533808, 0.02484387079, 0.070893286245],
      [0.0094320019025, 0.00044362543817, 0.2390039224, 0.0064485277381, 0.74240128961, 0.0022706329182],
      [0.0040131793491, 0.38997633659, 0.26067424002, 0.083812895245, 0.25114231335, 0.010381035444],
      [0.15078379633, 0.067415920978, 0.13039062188, 0.11709387055, 0.51560797492, 0.018707815339],
      [0.0044374651009, 0.05851240454, 0.15283836257, 0.51696224863, 0.028835772718, 0.23841374645]
    ],
    [
      [0.046411757446, 0.0074518128597, 0.14981739661, 0.020772287424, 0.77235293352, 0.003193812144],
      [0.082706598367, 0.2356381292, 0, 0.29105952195, 0.087907162833, 0.30268858765],
      [0.022724686874, 0.02131133332, 0.12353011631, 0.72234206276, 0.0093009065326, 0.10079089421],
      [0.011415240496, 0.0049618251765, 0.34280866492, 0.014175587217, 0.62576675802, 0.0008719241781],
      [0.002746152425, 0.58266185683, 0.19565855104, 0.094241533366, 0.11041090251, 0.01428100383],
      [0.1730040115, 0.14470946634, 0.13845308745, 0.18300655282, 0.32160189856, 0.039224983341],
      [0.0027744937431, 0.076885652959, 0.099879066431, 0.48961465304, 0.010958326975, 0.31988780686]
    ],
    [
      [0.039988175888, 0.0061214637764, 0.050022360643, 0.0098735946912, 0.893994405, 0],
      [0.15073631693, 0.32113417905, 0, 0.2143615773, 0.21350248283, 0.10026544389],
      [0.061239780955, 0.036721787623, 0.11963320859, 0.69409291209, 0.055711268684, 0.032601042054],
      [0.0075702568368, 0.0064442190804, 0.14243132466, 0.010947146609, 0.83260705281, 0],
      [0.0046192493403, 0.61163451335, 0.12152213311, 0.053724005125, 0.2071076918, 0.0013924072761],
      [0.20406870931, 0.12723391842, 0.073767051531, 0.08806909712, 0.49937753204, 0.0074836915796],
      [0.0071716699591, 0.14844126593, 0.12280764601, 0.52037797997, 0.040789533752, 0.16041190438]
    ],
    [
      [0.024865648414, 0.00061613146062, 0.18497260841, 0.01318629937, 0.77400481428, 0.0023544980636],
      [0.11583385328, 0.16672938495, 0, 0.26719438012, 0.23234783474, 0.2178945469],
      [0.026704650192, 0.0068354733474, 0.32130657632, 0.5454319697, 0.037198682132, 0.062522648306],
      [0.0036151291041, 0, 0.38607012046, 0.019120740112, 0.58793779575, 0.0032562145724],
      [0.0023462578278, 0.28135487582, 0.44390536389, 0.062347342034, 0.20171536879, 0.008330791634],
      [0.13037662387, 0.055344972308, 0.24634829171, 0.095405246585, 0.45608702139, 0.016437844146],
      [0.0033766396968, 0.049441622783, 0.30295615771, 0.40754057294, 0.028561390369, 0.2081236165]
    ],
    [
      [0.017092722127, 0.00024538193779, 0.19039491519, 0.012269455386, 0.77685516729, 0.0031423580724],
      [0.10123825722, 0.15384483018, 0, 0.23705069263, 0.28224912456, 0.22561709542],
      [0.021928343389, 0.0037810775291, 0.39212945272, 0.47319082422, 0.044594532663, 0.064375769474],
      [0, 0, 0.38063323575, 0.02573621282, 0.58653553273, 0.0070950187048],
      [0.0011931792254, 0.22857224406, 0.49170046463, 0.051917486433, 0.21781935891, 0.0087972667461],
      [0.099944989383, 0.04489194842, 0.27689078364, 0.074122284193, 0.48909837259, 0.015051621775],
      [0.0026171383883, 0.04346314562, 0.36627687239, 0.34741597837, 0.033594107916, 0.20663275731]
    ],
    [
      [0.065896962673, 0.0080120173538, 0.21564658647, 0.027045504815, 0.67856946811, 0.0048294605797],
      [0.096491236081, 0.21631507199, 0.00014281353504, 0.3333615192, 0.063977669174, 0.28971169002],
      [0.024092199453, 0.018869839406, 0.12830254386, 0.73802429814, 0.0020207887612, 0.088690330382],
      [0.015178629077, 0.0054534663188, 0.45324853254, 0.01757796447, 0.50655231267, 0.0019890949255],
      [0.0032837982303, 0.55183190295, 0.2372914407, 0.11013969072, 0.082285357829, 0.015167809567],
      [0.20551471803, 0.13645467401, 0.16652588219, 0.21536090371, 0.23697141482, 0.039172407241],
      [0.0030929937465, 0.066407471447, 0.10989404751, 0.52716041532, 0.007051445883, 0.2863936261]
    ],
    [
      [0.021645145189, 0.0033506273952, 0.18364398571, 0.011381878826, 0.77997836288, 0],
      [0.11387314145, 0.22333207066, 0, 0.26278591709, 0.26194567358, 0.13806319723],
      [0.031101369846, 0.018310686877, 0.35829120995, 0.52834234997, 0.036773457888, 0.027180925471],
      [0, 0.004607312231, 0.37694481316, 0.023107726124, 0.59534014848, 0],
      [0.0017084413579, 0.32480808142, 0.41848958867, 0.05549558916, 0.19698964032, 0.0025086590736],
      [0.11736794792, 0.068932291693, 0.249590562, 0.085477586452, 0.47040157466, 0.0082300372735],
      [0.0033470592158, 0.068374807807, 0.34330242566, 0.41338909418, 0.033062791333, 0.1385238218]
    ],
    [
      [0.025557382258, 0.0047450092815, 0.22142469889, 0.014166910023, 0.73132249348, 0.0027835060705],
      [0.084153732548, 0.22377520256, 0, 0.29236591408, 0.15382925883, 0.24587589198],
      [0.016904054221, 0.017321359234, 0.26837595478, 0.59876256836, 0.028606600868, 0.070029462536],
      [0.0035479765881, 0.0047851921559, 0.44232304861, 0.014623663176, 0.5318469123, 0.00287320718],
      [0.001058315373, 0.39549936203, 0.38378274816, 0.069062012581, 0.14106609895, 0.0095314629041],
      [0.12185456657, 0.094068907949, 0.25671785624, 0.12695696414, 0.37790059704, 0.022501108074],
      [0.0021820223706, 0.064935213584, 0.24508822464, 0.43814883178, 0.019289873581, 0.23035583404]
    ],
    [
      [0.046714193167, 0.0035469260686, 0.074792014131, 0.015583124467, 0.85700368063, 0.0023600615349],
      [0.11426090868, 0.17065266649, 0, 0.33350224464, 0.13044352429, 0.2511406559],
      [0.033814729619, 0.016468294066, 0.045435896598, 0.79353873502, 0.024694403566, 0.086047941131],
      [0.015402234252, 0.0043761497856, 0.17396667864, 0.017699715043, 0.78398730846, 0.0045679138148],
      [0.0057779850283, 0.51021811239, 0.14448259274, 0.12717150762, 0.1956875195, 0.016662282724],
      [0.21175623624, 0.090300831567, 0.078338178993, 0.18012382275, 0.4111991354, 0.028281795049],
      [0.0043839809555, 0.057015928837, 0.064938777731, 0.58173883436, 0.018147967161, 0.27377451096]
    ],
    [
      [0.03046037006, 0.004143768989, 0.13300625279, 0.0093396586252, 0.82227160944, 0.00077834009303],
      [0.10900547428, 0.26027524565, 0.00037743286058, 0.26096163329, 0.19006455127, 0.17931566265],
      [0.029070690948, 0.022198566338, 0.21956192417, 0.64256537703, 0.027146822011, 0.059456619511],
      [0.006869599905, 0.0033165348078, 0.30651781974, 0.0075212467305, 0.67577479882, 0],
      [0.0024406676186, 0.48534903629, 0.2615773195, 0.063659074064, 0.18050494531, 0.0064689572114],
      [0.15033136148, 0.106572955, 0.16241746007, 0.10963433217, 0.45553761735, 0.015506273919],
      [0.0038090059983, 0.092526680836, 0.19197381237, 0.47877926839, 0.026993789746, 0.20591744266]
    ],
    [
      [0.035572737905, 0, 0.071012528697, 0.0089895335552, 0.8814770178, 0.0029481820425],
      [0.13681382468, 0.11261341526, 0, 0.28255476434, 0.21752445704, 0.25049353868],
      [0.044036014565, 0, 0.12720826628, 0.70930217213, 0.031779082642, 0.087674464381],
      [0.009461985057, 0, 0.17935175575, 0.0091067277158, 0.79605128353, 0.0060282479491],
      [0.01516537785, 0.31885187323, 0.23647868935, 0.10158325137, 0.31216881064, 0.015751997559],
      [0.18999193038, 0.044971192096, 0.096606385358, 0.11683594241, 0.52916679682, 0.022427752928],
      [0.0061119575989, 0.039016617797, 0.11371055701, 0.52214400135, 0.030654685342, 0.2883621809]
    ],
    [
      [0.054609242179, 0.0036380076126, 0.12484364733, 0.015704015388, 0.79893901649, 0.0022660710083],
      [0.12557546386, 0.17533789705, 0, 0.28726982144, 0.11981690462, 0.29199991302],
      [0.033767765725, 0.013639557745, 0.13199298591, 0.70546997897, 0.018421322751, 0.096708388899],
      [0.013658797645, 0.0020288659133, 0.29558620025, 0.012766024212, 0.67596011198, 0],
      [0.0043824777956, 0.47851070214, 0.23238109272, 0.10249881753, 0.16662401221, 0.015602897611],
      [0.22326256928, 0.09250088317, 0.12697065437, 0.15553197021, 0.36906846487, 0.032665458103],
      [0.0042191338699, 0.058682767752, 0.10962644882, 0.49505029096, 0.016230307704, 0.31619105089]
    ],
    [
      [0.023412151887, 0.0050287669688, 0.12783518449, 0.017278904506, 0.82384448217, 0.0026005099773],
      [0.06597373671, 0.21006778261, 0.00043925072913, 0.38250549916, 0.13483427503, 0.20617945575],
      [0.010883236588, 0.015154331654, 0.12377234463, 0.77592319461, 0.016654398726, 0.057612493787],
      [0.0027111214982, 0.0040575832632, 0.29749704179, 0.011904280159, 0.68200759423, 0.001822379051],
      [0.00092175401376, 0.4934815848, 0.22304736536, 0.11341254751, 0.15926950987, 0.0098672384469],
      [0.11667803411, 0.10755692656, 0.1412736985, 0.20074581873, 0.41122737596, 0.022518146143],
      [0.0013868028233, 0.0633471612, 0.11253707939, 0.60379859462, 0.016480409721, 0.20244995224]
    ]
  ],
  "expected_outcome": [
    [
      [10.7329478911, 10.1404818206, 1.053259086, 2.694231794, 0.48648437982, 7.1618644732, 0.095311385473, 9.3396920959, 5.715961145, 4.7417239076, 0.27835458622, 0.37169219145, 4.2776619619, 2.2985806898, 3.9085519845, 2.4850017693, 7.0616946723, 6.463517854, 0.81085980453, 1.3636798862, 8.8884505328, 4.5649477811, 2.9135760937, 2.0295831257, 2.8549620977, 2.4159095785, 2.26796292, 3.7406993697, 1.9933077908, 7.2397754118, 0, 0.39534777083, 2.4598231447, 1.5595388596, 6.4899342362, 0.8888215506, 4.217405611, 1.8181921958, 1.7890167581, 0, 4.9041195797, 0.42687285486, 14.3622306931, 1.24084405],
      [0.78683464377, 1.0099177332, 0.098986469303, 0.21924438366, 0.015014158012, 0, 0.14553474424, 0.92466999346, 0.38144619548, 0.55654822364, 0.00020044565658, 0.82686911626, 0.4698310646, 0.33029803649, 0.5860423201, 0.43987259733, 0.98539578437, 0.5633415658, 0, 0.061968069875, 0.85646047552, 0.17741957664, 0.33937489772, 0.24640905789, 0.28263251451, 0.57750312407, 0.27026468463, 0.42189146278, 0.082059604465, 1.1041741771, 0, 0.026098028111, 0.39494608157, 0.23873708728, 0.16081031122, 0.012759860765, 0.51276911064, 0.2814527012, 0.33215064971, 0, 0.66714680723, 0, 0.9567960021, 0.26652464934],
      [11.2235266608, 12.9748899266, 1.9433551914, 3.8719735376, 0.26923124447, 8.3254503781, 0.66192116462, 24.9159396373, 14.8914578122, 9.9739697878, 0.65940888373, 7.9718402016, 30.3472577451, 36.3677236597, 11.6706663379, 6.2368544544, 20.628476619, 12.5648746083, 1.9187778855, 1.2248617531, 22.2331442063, 11.0903060834, 7.3693228549, 4.7682126256, 4.6945045317, 9.5000400682, 3.2783192788, 5.1827793569, 3.4314748856, 29.4054654613, 0.0062230669026, 1.3709295879, 7.9403220202, 1.9508720651, 48.2778507941, 9.9005355898, 13.8013815338, 15.4260947993, 15.4997289224, 0, 21.4140066992, 0.85215034436, 32.8338792465, 6.7752647778],
      [2.2566306464, 2.963965713, 0.23038468712, 0.63797277642, 0.072475187978, 2.218213942, 0.19045208581, 2.1092600258, 1.525437773, 1.2675802018, 0.066889357752, 1.0905416333, 1.7016673116, 2.302434963, 1.5511020752, 1.3215801982, 2.0231883371, 2.2470492284, 0.26943266629, 0.18637248063, 3.0103573705, 1.1140596702, 0.9123953639, 0.62632249124, 0.8158483061, 1.5465909365, 0.67140849649, 0.76281741549, 0.35559325121, 2.3738806183, 0, 0.11817504159, 1.1009312335, 0.38507019296, 3.4416241357, 0.63801168009, 1.7309123082, 0.95607782142, 0.99168370158, 0, 1.5036850387, 0.10787440266, 4.1301560471, 0.91578193884],
      [100.5763048783, 142.6468939763, 21.617696384, 58.4070319823, 8.1216426551, 129.754438552, 10.848321548, 186.6334445009, 91.409936077, 78.2615548189, 1.9770600462, 35.6850845176, 93.6531544641, 97.0460037818, 75.214488921, 58.3329851702, 146.8305949863, 60.76288768, 12.9227341655, 8.1195246113, 95.5690119299, 45.8915947859, 39.4083553809, 35.2421539686, 37.2004493025, 79.7730458999, 39.3884193507, 63.7543411264, 15.1351536394, 159.4646437249, 0.9937769331, 12.0649082593, 40.9347054764, 34.8657817951, 202.0152565282, 40.396468699, 43.4284459592, 65.5181824822, 51.1925745433, 0, 132.3857291203, 10.5777242136, 210.120961336, 43.6637575552],
      [0.42375527961, 0.2638508304, 0.056318182268, 0.16954552601, 0.03515237467, 0.54003265475, 0.058459071876, 0.076993746767, 0.075760997333, 0.19862306033, 0.018086680406, 0.053972339791, 0.55042745269, 0.65495886918, 0.069148361278, 0.18370581046, 0.47064960102, 0.39832906345, 0.078195478178, 0.043593198962, 0.44257548499, 0.16167210273, 0.056975408889, 0.08731873092, 0.15160324754, 0.18691039291, 0.12362526942, 0.13747126875, 0.0024108284725, 0.41206060661, 0, 0.024541312233, 0.16927204363, 0, 0.61452399459, 0.16340261977, 0.3090854771, 0, 0.19484542493, 0, 0.12531275498, 0.03537818451, 0.59597667517, 0.1378270288]
    ],
    [
      [14.0393620812, 5.7139576583, 1.188567528, 2.7285554839, 0.17608599514, 8.3802627214, 0.14121405117, 8.9027094263, 4.435008056, 11.7792165127, 0.96636309291, 1.524767734, 3.4742235019, 1.5652726291, 3.5077368181, 4.2881833165, 5.7599806584, 4.8851547481, 0.8710467722, 2.3966488141, 8.1668358039, 2.8980139333, 10.7633885548, 4.7375723765, 4.0408857737, 3.7847276031, 0.63575249394, 3.8386974943, 1.6476948251, 11.3471426448, 0, 3.0258500784, 3.9699167216, 2.110308437, 5.9075265174, 1.0123825722, 2.6052633742, 3.9855599506, 1.7672283835, 0.57130454338, 6.976350354, 1.2313244221, 29.1335076165, 1.1215535241],
      [15.2272262193, 8.8242397495, 1.8840779666, 3.6096707758, 0.09977058794, 6.4520184796, 0.66330856265, 15.0570948069, 6.1044090448, 27.6669801319, 0.010719169163, 6.4268004166, 5.3381762048, 3.4523085506, 15.184502045, 13.0522489243, 21.2614917393, 7.5207373196, 0.66496637289, 1.6988533433, 14.7171343907, 2.7339115495, 24.7340425887, 11.3074677559, 7.1634832969, 16.679184655, 1.152522128, 9.7379726349, 0.93266712178, 36.5287383983, 0, 4.5953397633, 11.3106302016, 4.4958785067, 8.5031986324, 1.5384483018, 5.8405069436, 7.8166224729, 4.6992792538, 0.85326333246, 16.6576157218, 1.0135207374, 40.6783921161, 3.5711523044],
      [0, 0, 0, 0, 0, 0, 0, 0.014775404736, 0.018648127931, 0, 0.0037066186376, 0.033705792172, 0, 0, 0, 0, 0, 0, 0.0010381612834, 0.0046685658298, 0.0065774240492, 0.010869572176, 0.025036581169, 0, 0, 0, 0, 0, 0.011944994761, 0.10136843714, 0, 0.027819858618, 0, 0, 0, 0, 0.0038559654462, 0, 0, 0, 0.024155703077, 0, 0, 0.0074672623952],
      [18.3778195794, 11.6705188922, 2.2852044192, 5.0913653541, 0.34292070963, 16.6307609063, 1.1284242437, 16.6592786417, 10.1329243723, 26.1662892485, 1.3971522399, 13.2568819745, 6.346039747, 5.3831075233, 10.2200414733, 18.8190052972, 13.5941803105, 13.6275279618, 2.3946330048, 2.1019539058, 23.4149962688, 5.4649229614, 27.9205507718, 12.3685962539, 9.444099809, 17.9122876587, 1.5512410691, 5.6280408186, 1.8214266609, 30.5752573732, 0, 7.7642529082, 13.9708570535, 3.0010620822, 13.6269133863, 2.3705069263, 9.0007610184, 9.197507098, 6.1396841956, 1.6675112232, 16.7015445305, 2.542992879, 66.6465985747, 6.5025934858],
