{
  "X": [
    [25, 42, 132, 136, 12],
    [18, 30, 119, 100, 12],
    [38, 38, 114, 149, 14],
    [18, 46, 75, 150, 15],
    [15, 56, 104, 126, 6],
    [10, 34, 70, 84, 10],
    [11, 36, 93, 112, 12],
    [22, 72, 87, 106, 13],
    [27, 78, 86, 130, 2],
    [51, 61, 101, 128, 10],
    [36, 34, 90, 53, 4],
    [32, 98, 150, 155, 15],
    [27, 47, 95, 108, 8],
    [15, 82, 79, 122, 6],
    [23, 80, 51, 161, 3],
    [25, 68, 82, 116, 7],
    [27, 111, 84, 182, 17],
    [22, 79, 91, 183, 10],
    [20, 146, 99, 174, 7],
    [24, 98, 80, 154, 6],
    [29, 92, 70, 126, 1],
    [45, 60, 75, 85, 6],
    [37, 69, 98, 137, 8],
    [25, 45, 68, 88, 10],
    [19, 70, 72, 111, 24],
    [17, 67, 73, 134, 10],
    [14, 59, 53, 119, 6],
    [12, 39, 65, 143, 10],
    [14, 65, 107, 151, 6],
    [40, 114, 122, 236, 13],
    [17, 43, 61, 88, 7],
    [15, 84, 75, 80, 9],
    [12, 64, 59, 89, 8],
    [24, 165, 85, 157, 12],
    [23, 103, 83, 124, 18],
    [17, 93, 81, 130, 4],
    [20, 134, 91, 146, 17],
    [20, 110, 67, 158, 7],
    [10, 101, 69, 134, 10],
    [7, 91, 78, 130, 10],
    [18, 130, 111, 160, 9],
    [20, 113, 74, 172, 11],
    [10, 91, 96, 149, 13],
    [25, 112, 61, 188, 9],
    [10, 76, 84, 186, 16],
    [23, 106, 48, 199, 3],
    [16, 71, 62, 158, 4],
    [28, 91, 66, 170, 8],
    [33, 77, 65, 154, 18],
    [14, 78, 79, 223, 1],
    [27, 91, 61, 122, 4],
    [11, 86, 57, 162, 5],
    [8, 56, 38, 105, 6],
    [23, 107, 73, 75, 22],
    [28, 60, 56, 90, 6],
    [39, 19, 102, 112, 4],
    [50, 44, 86, 123, 8],
    [44, 22, 133, 105, 7],
    [35, 28, 91, 77, 10],
    [41, 50, 117, 117, 4],
    [40, 49, 95, 115, 9],
    [62, 66, 152, 145, 10],
    [15, 89, 82, 58, 10],
    [30, 61, 68, 145, 8],
    [35, 40, 74, 131, 11],
    [37, 42, 96, 141, 9],
    [31, 67, 63, 111, 17],
    [25, 76, 69, 122, 19],
    [9, 68, 60, 78, 9],
    [8, 57, 51, 117, 3],
    [23, 71, 78, 101, 13],
    [30, 55, 83, 120, 14],
    [23, 71, 82, 99, 3],
    [35, 56, 78, 115, 15],
    [30, 74, 67, 124, 4],
    [17, 108, 90, 141, 6],
    [37, 56, 60, 95, 4],
    [24, 84, 99, 109, 14],
    [37, 52, 81, 78, 7],
    [44, 56, 87, 125, 12],
    [31, 64, 94, 100, 10],
    [33, 47, 90, 107, 10],
    [19, 55, 47, 105, 3],
    [15, 104, 51, 99, 12],
    [16, 70, 81, 95, 7],
    [20, 86, 96, 152, 5],
    [12, 50, 59, 80, 6],
    [12, 60, 75, 102, 13],
    [38, 73, 104, 131, 5],
    [13, 34, 75, 83, 6],
    [28, 76, 69, 136, 5],
    [30, 70, 97, 185, 28],
    [13, 57, 69, 107, 16],
    [39, 83, 104, 134, 12],
    [444, 1865, 1424, 2386, 96]
  ],
  "W": [
    [6, 41, 38, 84, 154, 24],
    [12, 27, 25, 66, 126, 23],
    [10, 50, 33, 101, 135, 24],
    [14, 35, 49, 96, 89, 21],
    [18, 21, 54, 81, 113, 20],
    [15, 19, 28, 59, 74, 13],
    [9, 13, 43, 68, 112, 19],
    [15, 30, 56, 69, 108, 22],
    [7, 43, 62, 91, 104, 16],
    [7, 60, 64, 83, 115, 22],
    [6, 38, 33, 32, 91, 17],
    [27, 43, 99, 86, 161, 34],
    [6, 33, 49, 70, 110, 17],
    [19, 25, 76, 74, 91, 19],
    [9, 39, 60, 111, 86, 13],
    [10, 32, 56, 76, 106, 18],
    [16, 46, 95, 129, 114, 21],
    [10, 42, 75, 133, 110, 15],
    [12, 38, 117, 105, 132, 42],
    [10, 45, 80, 101, 100, 26],
    [0, 43, 76, 92, 95, 12],
    [3, 47, 51, 56, 89, 25],
    [13, 46, 60, 96, 122, 12],
    [2, 43, 38, 52, 87, 14],
    [7, 25, 70, 68, 103, 23],
    [9, 24, 72, 92, 88, 16],
    [8, 21, 60, 80, 69, 13],
    [21, 20, 44, 93, 77, 14],
    [11, 26, 62, 86, 140, 18],
    [19, 47, 112, 163, 158, 26],
    [11, 21, 50, 43, 80, 11],
    [9, 17, 79, 43, 97, 18],
    [6, 16, 62, 51, 77, 20],
    [11, 28, 153, 81, 128, 42],
    [14, 27, 93, 78, 101, 38],
    [18, 22, 86, 74, 103, 22],
    [19, 38, 124, 71, 121, 35],
    [12, 34, 91, 102, 101, 22],
    [8, 19, 98, 72, 97, 30],
    [10, 18, 82, 83, 105, 18],
    [17, 25, 120, 84, 159, 23],
    [19, 41, 102, 107, 97, 24],
    [20, 14, 81, 91, 125, 28],
    [17, 51, 111, 99, 93, 24],
    [7, 26, 83, 106, 130, 20],
    [17, 42, 97, 122, 78, 23],
    [18, 25, 70, 98, 80, 20],
    [9, 37, 93, 108, 94, 22],
    [10, 40, 70, 108, 92, 27],
    [15, 43, 79, 137, 97, 24],
    [26, 26, 88, 66, 84, 15],
    [25, 19, 81, 89, 88, 19],
    [11, 18, 54, 60, 53, 17],
    [70, 25, 84, 28, 73, 20],
    [14, 31, 47, 51, 80, 17],
    [8, 56, 16, 72, 114, 10],
    [6, 64, 38, 74, 107, 22],
    [3, 50, 21, 60, 153, 24],
    [2, 42, 31, 55, 93, 18],
    [7, 58, 40, 61, 136, 27],
    [5, 52, 43, 80, 112, 16],
    [11, 68, 55, 97, 176, 28],
    [37, 14, 78, 35, 79, 11],
    [12, 33, 58, 99, 92, 18],
    [19, 45, 45, 83, 87, 12],
    [11, 58, 49, 73, 111, 23],
    [13, 41, 64, 64, 82, 25],
    [11, 35, 75, 78, 89, 23],
    [9, 9, 65, 40, 79, 22],
    [10, 18, 59, 62, 71, 16],
    [19, 32, 63, 62, 86, 24],
    [10, 53, 48, 74, 87, 30],
    [7, 39, 68, 52, 91, 21],
    [11, 47, 51, 76, 91, 23],
    [12, 43, 69, 73, 85, 17],
    [11, 34, 99, 90, 108, 20],
    [10, 48, 46, 54, 73, 21],
    [10, 31, 74, 71, 129, 15],
    [2, 48, 49, 42, 92, 22],
    [14, 55, 53, 66, 106, 30],
    [14, 37, 53, 56, 115, 24],
    [17, 41, 52, 52, 113, 12],
    [12, 36, 51, 60, 58, 12],
    [8, 32, 97, 61, 71, 12],
    [11, 23, 68, 57, 90, 20],
    [15, 34, 84, 101, 102, 23],
    [9, 15, 48, 57, 65, 13],
    [21, 26, 65, 52, 83, 15],
    [13, 46, 77, 70, 114, 31],
    [10, 18, 32, 43, 89, 19],
    [13, 30, 73, 82, 96, 20],
    [14, 50, 73, 114, 126, 33],
    [8, 25, 60, 54, 95, 20],
    [6, 53, 77, 88, 120, 28],
    [287, 558, 1708, 1480, 1703, 479]
  ],
  "method": "mult",
  "cond_prob": [
    [
      [0.0035353430963, 0.31512579726, 0.22357025908, 0.3361513386, 0.12161726197],
      [0.55728941283, 0.0030985481333, 0.19676091459, 0.2291078353, 0.013743289156],
      [0, 0.8320589031, 0.014885765403, 0.15206119515, 0.00099413634565],
      [0, 0.018817333542, 0.025503348552, 0.94849740611, 0.0071819117932],
      [0.0083476141511, 0.0028110428671, 0.72864058914, 0.20941027167, 0.050790482172],
      [0.035182893175, 0.26460040859, 0.31969957735, 0.28701588977, 0.09350123111]
    ],
    [
      [0.0035984125547, 0.29437704548, 0.2533480479, 0.3108101054, 0.13786638867],
      [0.57252350196, 0.0014305104337, 0.21262458749, 0.19847476532, 0.014946634793],
      [0, 0.8324244538, 0.020237552291, 0.14606693987, 0.0012710540408],
      [0.016765900865, 0.00053110850042, 0.041008872978, 0.93258432276, 0.0091097948979],
      [0.0042203809119, 0, 0.78420400618, 0.15676580831, 0.054809804594],
      [0.037407262796, 0.24274726811, 0.35637958089, 0.25898823588, 0.10447765232]
    ],
    [
      [0.0055707284733, 0.30158624267, 0.21236696202, 0.3345347606, 0.14594130624],
      [0.62937286708, 0, 0.16135694053, 0.1950769794, 0.014193212995],
      [0.0019659632219, 0.82880919039, 0.011761766155, 0.15649369902, 0.00096938120853],
      [0.0092734346341, 0.015524887082, 0.022330785143, 0.94449562951, 0.0083752636266],
      [0.031881133178, 0, 0.69574309855, 0.21113283029, 0.06124293798],
      [0.048758445751, 0.2527258623, 0.30165072775, 0.28498002861, 0.1118849356]
    ],
    [
      [0.0015311104385, 0.2636846739, 0.19004585921, 0.35876440333, 0.18597395312],
      [0.49656398086, 0, 0.19715431906, 0.28291417354, 0.023367526539],
      [0, 0.76595458411, 0.033793497126, 0.19826097816, 0.001990940611],
      [0, 0, 0.0048686343981, 0.98409234149, 0.011039024116],
      [0, 0, 0.64590061508, 0.27172663025, 0.08237275467],
      [0.028515482079, 0.22745904497, 0.27764437145, 0.31923711785, 0.14714398365]
    ],
    [
      [0.0039238155656, 0.32538566575, 0.24676156971, 0.35268440193, 0.071244547051],
      [0.57771342274, 0.0024501072973, 0.19248586341, 0.22017562527, 0.0071749812789],
      [0, 0.82403803604, 0.022670086423, 0.15265332142, 0.00063855611822],
      [0.010652783639, 0.0026392808265, 0.031654894571, 0.95111572448, 0.0039373164875],
      [0.010103762303, 0, 0.75130148371, 0.21079808506, 0.027796668922],
      [0.039639441361, 0.26898850352, 0.34153949136, 0.29620779915, 0.05362476461]
    ],
    [
      [0.00077773193993, 0.31472898965, 0.22902942151, 0.29938879219, 0.15607506471],
      [0.50681815283, 0.017628472752, 0.22338406931, 0.23202574312, 0.020143561989],
      [0, 0.84355548777, 0.022015286071, 0.13227086362, 0.0021583625349],
      [0, 0.017527472292, 0.04050602394, 0.93026554087, 0.011700962894],
      [0, 0.010748048714, 0.74470143561, 0.17759935987, 0.066951155814],
      [0.02759916286, 0.26885338809, 0.32354397717, 0.25915963653, 0.12084383535]
    ],
    [
      [0.0043674090036, 0.25596889675, 0.2222500106, 0.35857321031, 0.15884047334],
      [0.58959598415, 3.2543048437e-05, 0.17187214124, 0.2226305787, 0.015868752857],
      [0.058356508657, 0.69003384425, 0.056475505804, 0.19319956526, 0.0019345760252],
      [0, 0, 0.027720038129, 0.96292887698, 0.0093510848923],
      [0, 0, 0.7002889506, 0.23429726937, 0.065413780029],
      [0.041400823833, 0.21181060877, 0.31682317152, 0.30792655125, 0.12203884462]
    ],
    [
      [0.0039788650498, 0.37823053825, 0.18600616333, 0.28800205475, 0.14378237862],
      [0.62069599485, 0.015245630778, 0.15661780614, 0.19174250894, 0.015698059289],
      [0, 0.88756284537, 0.0062679417334, 0.10521423559, 0.0009549773029],
      [0.0022382397864, 0.054908885861, 0.0094300633269, 0.92467919895, 0.0087436120709],
      [0.02095636177, 0.047728088102, 0.67221192372, 0.19205246697, 0.067051159438],
      [0.040986889191, 0.32828668285, 0.26867302263, 0.24959843438, 0.11245497095]
    ],
    [
      [0.0037164383167, 0.43204265981, 0.20625502621, 0.33029041104, 0.027695464616],
      [0.59256897657, 0.023509460984, 0.16675677056, 0.21432991972, 0.00283487216],
      [0, 0.89286770414, 4.4073072513e-05, 0.10708822279, 0],
      [0, 0.065905952003, 0.00060254674818, 0.93228874537, 0.0012027558816],
      [0.0083954148805, 0.064617242799, 0.69875045302, 0.21635008788, 0.011886801412],
      [0.038774736978, 0.36808512618, 0.2911288927, 0.28085161209, 0.021159632047]
    ],
    [
      [0.0074810092499, 0.32268518646, 0.21786038637, 0.32904213718, 0.12293128074],
      [0.67138630422, 0, 0.15087093316, 0.16699137514, 0.010751387472],
      [0.017094844754, 0.82655927398, 0.016018959681, 0.13937569102, 0.00095123056126],
      [0.034973267586, 0, 0.020376969999, 0.93779912341, 0.0068506390017],
      [0.0464443854, 0, 0.70416632305, 0.19878199616, 0.050607295386],
      [0.060295413041, 0.26551864363, 0.30577691932, 0.27545097746, 0.092958046547]
    ],
    [
      [0.0098109011874, 0.35615631837, 0.27900613658, 0.28356469542, 0.071461948441],
      [0.70739141561, 0, 0.17542208015, 0.11179004477, 0.0053964594655],
      [0.075983910786, 0.79713061166, 0.024273839358, 0.10215497694, 0.00045666124857],
      [0.02023606426, 0.025645930756, 0.028053848043, 0.92176581695, 0.004298339995],
      [0.051562807669, 0, 0.80838582339, 0.11437209984, 0.0256792691],
      [0.071354246449, 0.27865188945, 0.3763561394, 0.22206521525, 0.051572509443]
    ],
    [
      [0.0049786807252, 0.31445984598, 0.23565544031, 0.3292991166, 0.11560691639],
      [0.60335650178, 0, 0.1837725092, 0.20110355716, 0.011767431859],
      [0.021982352563, 0.80193348656, 0.028946455359, 0.14546872575, 0.0016689797641],
      [0.0046021524738, 0.014489555428, 0.027818725057, 0.94615020175, 0.0069393652918],
      [0.011510004024, 0, 0.74093683114, 0.2001957471, 0.047357417739],
      [0.044002864106, 0.26094315358, 0.32900429317, 0.2782245415, 0.087825147642]
    ],
    [
      [0.0059481904678, 0.31977340578, 0.22745290243, 0.33454511383, 0.11228038749],
      [0.64119814688, 0, 0.16452585956, 0.18392463729, 0.010351356271],
      [0.0051737008526, 0.8286194472, 0.019561475891, 0.14554967464, 0.0010957014185],
      [0.024047664564, 0, 0.026395061904, 0.9430194233, 0.0065378502275],
      [0.027170465857, 0, 0.72701446758, 0.20007773509, 0.045737331471],
      [0.051716053212, 0.26347097956, 0.31930418437, 0.28066892575, 0.084839857108]
    ],
    [
      [0.0022744292275, 0.36001655939, 0.21054330628, 0.35079053728, 0.076375167822],
      [0.55528973756, 0.00883178182, 0.18195968929, 0.24547836235, 0.0084404289718],
      [0, 0.84546725076, 0.0092294794477, 0.14499919929, 0.00030407050357],
      [0, 0.030256386034, 0.010936761377, 0.95510544922, 0.0037014033661],
      [0.0046993236154, 0.028908056111, 0.69509635517, 0.23916565941, 0.032130605696],
      [0.034047576664, 0.30598811031, 0.29927136043, 0.30190543884, 0.058787513757]
    ],
    [
      [0.002769385152, 0.44651548717, 0.13849224835, 0.36696889107, 0.045253988259],
      [0.57681879372, 0.0411057761, 0.11008468114, 0.26749712357, 0.0044936254628],
      [0, 0.86884834879, 0, 0.13115165121, 0],
      [0, 0.03576775264, 0, 0.96423224736, 0],
      [0, 0.15277370739, 0.49773163124, 0.32682074765, 0.022673913714],
      [0.036857121425, 0.39527500316, 0.20425745486, 0.32764841031, 0.03596201025]
    ],
    [
      [0.0051688587909, 0.39086850518, 0.19005151937, 0.32374219799, 0.090168918668],
      [0.64005074053, 0.013845843336, 0.14199955892, 0.19552791706, 0.0085759401524],
      [0.0015143483334, 0.87898123835, 0.00087328275326, 0.11860593128, 2.5199282227e-05],
      [0.0056914660667, 0.050918616208, 0.0017490888908, 0.93738287905, 0.004257949784],
      [0.029237130784, 0.04276971521, 0.66510564808, 0.22281220241, 0.040075303525],
      [0.047233162461, 0.334549665, 0.27069253526, 0.27803112553, 0.069493511747]
    ],
    [
      [0.002344297258, 0.3637688781, 0.15947774843, 0.30729242316, 0.16711665305],
      [0.570998114, 0.020233554995, 0.15070698862, 0.23763953682, 0.020421805567],
      [0, 0.8757148768, 0, 0.12398030021, 0.0003048229886],
      [0, 0.052540388738, 0, 0.93879445019, 0.0086651610765],
      [0, 0.065809643064, 0.61017943825, 0.24127046165, 0.082740457037],
      [0.033170380938, 0.32266817466, 0.23597040896, 0.27449796733, 0.1336930681]
    ],
    [
      [0.0024705930317, 0.343586847, 0.19744572564, 0.33616129593, 0.1203355384],
      [0.51225711558, 0.027814051409, 0.18730935258, 0.25791902324, 0.014700457197],
      [0, 0.84427543451, 0.0087675936646, 0.14616172552, 0.00079524630702],
      [0, 0.025174419902, 0.01258087465, 0.95562251555, 0.0066221898954],
      [0, 0.02982736454, 0.67773923988, 0.23944810842, 0.052985287163],
      [0.030699681033, 0.29640505576, 0.28509384635, 0.29377147708, 0.094029939786]
    ],
    [
      [0.0020386231654, 0.42108343811, 0.17341567097, 0.34118103768, 0.062281230083],
      [0.52567201374, 0.030380089555, 0.16560398924, 0.27081317827, 0.0075307291988],
      [0, 0.88175389665, 0, 0.11824610335, 0],
      [0, 0.054372967607, 0, 0.94451657143, 0.0011104609664],
      [0, 0.10556356979, 0.60772530763, 0.25792517771, 0.028785944865],
      [0, 0.40437611, 0.24776951785, 0.29904212438, 0.048812247757]
    ],
    [
      [0.0021339162467, 0.40424787391, 0.1819564089, 0.34075727824, 0.070904522701],
      [0.51556681591, 0.053600211596, 0.16493671323, 0.25771526572, 0.0081809935425],
      [0, 0.87365218257, 0, 0.12634781743, 0],
      [0, 0.049057448991, 0, 0.94841551054, 0.0025270404741],
      [0, 0.074722456529, 0.63953545864, 0.25347258475, 0.032269500081],
      [0.029929004673, 0.35485727434, 0.26172069044, 0.2980842241, 0.055408806445]
    ],
    [
      [0.0046917963751, 0.45638396037, 0.18967944572, 0.3319312057, 0.017313591836],
      [0.6254212081, 0.032151758865, 0.13862268029, 0.20220277432, 0.0016015784298],
      [0, 0.90531288179, 0, 0.094687118207, 0],
      [0, 0.07422038503, 0, 0.92535195283, 0.0004276621417],
      [0.01665771717, 0.10801608812, 0.64041210029, 0.22720206072, 0.0077120336978],
      [0.043700410052, 0.3936576299, 0.26667293498, 0.2827070243, 0.013262000766]
    ],
    [
      [0.0079468454936, 0.39610750033, 0.20410972669, 0.30055082077, 0.091285106723],
      [0.72711582677, 0.010055512913, 0.12342248554, 0.13258413137, 0.0068220434116],
      [0.020835350187, 0.88187429508, 0.0022012384281, 0.095089116308, 0],
      [0.028409736112, 0.044244838434, 0.0051057546705, 0.91769448588, 0.0045451848982],
      [0.071179973493, 0.029235256926, 0.68662221179, 0.17436014636, 0.038602411426],
      [0.072525995313, 0.33135322098, 0.28317006914, 0.24433616784, 0.06861454673]
    ],
    [
      [0.0064234914989, 0.377725724, 0.2023818312, 0.31868073572, 0.094788217582],
      [0.65690310972, 0.010125482603, 0.14551448083, 0.17877872148, 0.008678205371],
      [0.0050742400568, 0.8697849064, 0.0068291157402, 0.11798363157, 0.00032810623404],
      [0.012070781293, 0.042196999034, 0.010004236594, 0.93079310845, 0.0049348746329],
      [0.037857687757, 0.029206138046, 0.68752439554, 0.20437786912, 0.041033909537],
      [0.0514220208, 0.31855318796, 0.28560334691, 0.27200607583, 0.072415368508]
    ],
    [
      [0.0032936051754, 0.35628955138, 0.17491258126, 0.30630483404, 0.15919942815],
      [0.56895029341, 0.017905559105, 0.16372047408, 0.23012576228, 0.01929791112],
      [0, 0.86760191718, 0.0052537007886, 0.12626731673, 0.0008770652997],
      [0, 0.04108649535, 0.0074919566727, 0.94240539926, 0.0090161487179],
      [0.00077055151537, 0.04615599767, 0.64866174476, 0.22873053742, 0.075681168635],
      [0.0329651565, 0.31403853194, 0.25624287719, 0.27065621439, 0.12609721997]
    ],
    [
      [0.0039273684732, 0.28851980556, 0.14907136305, 0.28575703617, 0.27272442674],
      [0.61604808983, 0.0052143737704, 0.1362541576, 0.20977714253, 0.032706236269],
      [2.7629019118e-05, 0.84260358655, 0.0091404009617, 0.14394500076, 0.0042833827047],
      [0.003358782944, 0.025967012803, 0.010440834367, 0.94139532575, 0.018838044135],
      [0.023669506742, 0.011618782466, 0.5927289451, 0.23028432333, 0.14169844237],
      [0.039261552568, 0.25675041275, 0.22388088563, 0.25847629028, 0.22163085876]
    ],
    [
      [0.0041868415721, 0.30917000087, 0.20078877091, 0.3395003019, 0.14635408474],
      [0.5950531227, 0.0019424992121, 0.16427341078, 0.22329923155, 0.015431735753],
      [0, 0.81984486696, 0.016184776384, 0.16228889426, 0.0016814623928],
      [0.0021402810026, 0.010168748803, 0.019986616772, 0.95907676614, 0.0086275872801],
      [0.020841709868, 0, 0.67767490035, 0.23805961647, 0.063423773305],
      [0.040629197521, 0.26290591876, 0.28817970808, 0.29476291274, 0.1135222629]
    ],
    [
      [0.0037967845739, 0.33535168654, 0.18632271914, 0.36366619407, 0.11086261568],
      [0.58945700749, 0.0052977200345, 0.15066157248, 0.24318602926, 0.011397670738],
      [0, 0.82892365616, 0.0020233146325, 0.16888658454, 0.00016644466332],
      [0, 0.020073926939, 0.0018597155989, 0.9732651721, 0.0048011853648],
      [0.015616589406, 0.016276888156, 0.64617685002, 0.27325381196, 0.048675860464],
      [0.039498761316, 0.28780735226, 0.2683958806, 0.31806476674, 0.086233239083]
    ],
    [
      [0.0024126044969, 0.2528417744, 0.2066843345, 0.39584939164, 0.14221189497],
      [0.53957469883, 0, 0.17363724808, 0.27142938521, 0.015358667877],
      [0.015252632473, 0.69624728755, 0.056110579958, 0.23146270058, 0.00092679943812],
      [0, 0, 0, 0.99323166921, 0.0067683307858],
      [0, 0, 0.65699783826, 0.284665355, 0.058336806737],
      [0.034766107152, 0.21824586324, 0.29494178211, 0.34174561956, 0.11030062793]
    ],
    [
      [0.0024030934291, 0.34637482642, 0.20272547581, 0.38244252034, 0.066054084],
      [0.51021872262, 0.0075541895939, 0.1863466267, 0.28812178116, 0.0077586799218],
      [0, 0.82767736723, 0.0044901455791, 0.16768923787, 0.00014324932028],
      [0, 0.020598642817, 0.0049281663019, 0.97166935535, 0.002803835534],
      [0.0012609030132, 0.018401512789, 0.67139411252, 0.28108812814, 0.027855343535],
      [0.029519597907, 0.29609867437, 0.29042335504, 0.33274059549, 0.051217777188]
    ],
    [
      [0.006250857939, 0.34243137015, 0.19220146751, 0.35068703721, 0.10842926719],
      [0.65060740718, 0.0044161697084, 0.13474097301, 0.20050425573, 0.0097311943653],
      [0.005029182196, 0.83870965618, 0.0045430099297, 0.1514550254, 0.00026312629781],
      [0.010993526785, 0.023209250989, 0.0053329345827, 0.95544116349, 0.0050231241503],
      [0.035337612681, 0.012832142175, 0.65534155609, 0.24922857134, 0.047260117712],
      [0.052466518698, 0.290006774, 0.2728190413, 0.30135613494, 0.083351531069]
    ],
    [
      [0.0060985443542, 0.28618543784, 0.19478186029, 0.39133749312, 0.1215966644],
      [0.62348886548, 0, 0.13793794109, 0.22758130665, 0.010991886773],
      [0.044808387542, 0.74207473686, 0.010764625992, 0.20157857567, 0.00077367393991],
      [0.0071949252049, 0.0019009231019, 0.01021179982, 0.97517980593, 0.005512545939],
      [0.0092886541391, 0, 0.64920678123, 0.28992019546, 0.051584369171],
      [0.049705122264, 0.24240760432, 0.27698378035, 0.33734582367, 0.093557669391]
    ],
    [
      [0.0051006797575, 0.36878671226, 0.19229634974, 0.30577718199, 0.12803907626],
      [0.64876558195, 0.0099520379356, 0.1444175084, 0.18457755508, 0.012287316641],
      [0.0015516437038, 0.87952527828, 0.004435347727, 0.11409419395, 0.00039353634555],
      [0.0048589967805, 0.043053021934, 0.0075682018202, 0.93761268777, 0.0069070917],
      [0.028251003281, 0.035935917812, 0.67209678547, 0.20670504508, 0.057011248357],
      [0.047400830925, 0.31623188833, 0.27472343725, 0.26272281429, 0.098921029211]
    ],
    [
      [0.0040120779673, 0.34219955486, 0.18260315187, 0.3394857144, 0.1316995009],
      [0.60366874277, 0.0077490098306, 0.14897934351, 0.22587064602, 0.013732257869],
      [0, 0.8470185246, 0.0031511746206, 0.14937311307, 0.00045718770541],
      [0.001446051261, 0.031819106932, 0.0050980056527, 0.95516991352, 0.0064669226342],
      [0.018756304351, 0.023011878829, 0.64664551094, 0.25218611568, 0.059400190202],
      [0.039962179928, 0.29564904325, 0.26368180677, 0.2978012935, 0.10290567655]
    ],
    [
      [0.0048570722684, 0.38025132462, 0.15440925635, 0.34941051539, 0.11107183138],
      [0.64303519852, 0.013424000285, 0.11520748766, 0.21781967744, 0.010513636098],
      [0, 0.86195998326, 0, 0.13804001674, 0],
      [0, 0.048504236928, 0, 0.95149576307, 0],
      [0.030915218658, 0.08172217591, 0.55332120645, 0.28070203655, 0.053339362431],
      [0.047248539483, 0.33743343513, 0.22025176429, 0.30800936459, 0.087056896499]
    ],
    [
      [0.0051534102535, 0.34128132046, 0.17754886129, 0.29632249483, 0.17969391316],
      [0.64456520651, 0.009023359372, 0.14058379551, 0.18730360059, 0.018524038017],
      [0.0028871324373, 0.86837497047, 0.0078459483945, 0.11898071798, 0.0019112307159],
      [0.0063267459507, 0.040211134262, 0.0097055886396, 0.93267294664, 0.011083584503],
      [0.029492875837, 0.027589796216, 0.64784794128, 0.21021860132, 0.084850785349],
      [0.04694267685, 0.29727685964, 0.25787374419, 0.25653980297, 0.14136691635]
    ],
    [
      [0.0044811135453, 0.37760435373, 0.19733293741, 0.37218351677, 0.048398078548],
      [0.61240452332, 0.0089482250316, 0.14714305459, 0.22696003997, 0.0045441570986],
      [0, 0.84949452347, 0, 0.15050547653, 0],
      [0.0021491093224, 0.03604129668, 0, 0.96031481261, 0.0014947813829],
      [0.022457478277, 0.03153323479, 0.66073626073, 0.26485137636, 0.020421649842],
      [0.044285731398, 0.31976147844, 0.27977386684, 0.31914167905, 0.037037244269]
    ],
    [
      [0.0012722042782, 0.34973817423, 0.16286659434, 0.33658814395, 0.1495348832],
      [0.50081157312, 0.041117392116, 0.16256723708, 0.27628728108, 0.019216516613],
      [0, 0.85146175467, 0, 0.14850480176, 3.3443568413e-05],
      [0, 0.038289790175, 0, 0.9544810972, 0.0072291126274],
      [0, 0.054424564711, 0.60600032307, 0.26746116871, 0.07211394351],
      [0.026999666862, 0.31163739366, 0.24005544592, 0.30172439573, 0.11958309783]
    ],
    [
      [0.002500754929, 0.41115672134, 0.15296906801, 0.34932267024, 0.084050785471],
      [0.56544473966, 0.031378308814, 0.13382354016, 0.26010599945, 0.0092474119182],
      [0, 0.86924206465, 0, 0.13075793535, 0],
      [0, 0.046219130702, 0, 0.95294787086, 0.00083299843443],
      [0, 0.12027900641, 0.55144146864, 0.28741754467, 0.040861980287],
      [0.033857717844, 0.3652589992, 0.22358102209, 0.31071350088, 0.066588759993]
    ],
    [
      [0.0021626898664, 0.34590599847, 0.16429726808, 0.36566104267, 0.12197300091],
      [0.50322036134, 0.011235593061, 0.16570123635, 0.30416227978, 0.01568052947],
      [0, 0.82931540397, 0, 0.17068459603, 0],
      [0, 0.027422606076, 0, 0.96894210371, 0.0036352902168],
      [0, 0.05374630208, 0.5911975079, 0.2978329867, 0.057223203316],
      [0.014050387189, 0.31861824053, 0.23970466994, 0.33049689182, 0.097129810519]
    ],
    [
      [0.0010633564691, 0.36688387441, 0.17805671523, 0.32861187165, 0.12538418224],
      [0.36961913059, 0.079243952582, 0.21283557957, 0.31916686623, 0.019134471023],
      [0, 0.86660616509, 0, 0.13339383491, 0],
      [0, 0.044776166324, 0, 0.9493174461, 0.0059063875749],
      [0, 0.050169966168, 0.64441095302, 0.24722300999, 0.058196070831],
      [0.0186790047, 0.32548868444, 0.26251346382, 0.29326773075, 0.10005111629]
    ],
    [
      [0.0035227343449, 0.38100570445, 0.17718025082, 0.35755251084, 0.080738799552],
      [0.5857768175, 0.012197284832, 0.14827335652, 0.24517448889, 0.0085780522571],
      [0, 0.85659056293, 0, 0.14340943707, 0],
      [0, 0.041898059468, 0, 0.95583336982, 0.0022685707163],
      [0.015204321055, 0.058602429505, 0.61881180967, 0.27108149633, 0.036299943444],
      [0.038182870903, 0.32999478543, 0.25608800372, 0.31265876806, 0.063075571886]
    ],
    [
      [0.0007137329275, 0.36390291521, 0.16566810617, 0.35146719832, 0.11824804737],
      [0.47162351276, 0.062969323804, 0.16284554365, 0.28774464605, 0.014816973742],
      [0, 0.84643818921, 0, 0.15356181079, 0],
      [0, 0.031454057, 0, 0.9642510591, 0.0042948838974],
      [0, 0.062850606319, 0.60116208566, 0.2800229719, 0.055964336126],
      [0.027078127141, 0.32105475518, 0.24428818269, 0.31350818519, 0.094070749804]
    ],
    [
      [0.0026177456717, 0.34838809562, 0.18512487544, 0.34009689764, 0.12377238562],
      [0.54866357123, 0.0092273949165, 0.1718055227, 0.25557822984, 0.014725281309],
      [0, 0.84969349154, 0.0032143403707, 0.14664902976, 0.00044313832647],
      [0, 0.03415482123, 0.0045267961588, 0.95518609746, 0.0061322851557],
      [0.01101893716, 0.027948947641, 0.65351179297, 0.25152897542, 0.055991346817],
      [0.031749569444, 0.30272051988, 0.26896253686, 0.2992263794, 0.097340994411]
    ],
    [
      [0.0008855323241, 0.34509331532, 0.14058415476, 0.41106520061, 0.10237179698],
      [0.47632544769, 0.055183921834, 0.12607718596, 0.33087279427, 0.011540650238],
      [0, 0.79345465897, 0, 0.20654534103, 0],
      [0, 0.0041263827757, 0, 0.99557880695, 0.00029481027527],
      [0, 0.080310269341, 0.50705349441, 0.36242013131, 0.050216104935],
      [0.028847838261, 0.30700831405, 0.2093399127, 0.37264467195, 0.08215926304]
    ],
    [
      [0.0014842278116, 0.29320883059, 0.15441192815, 0.37946235777, 0.17143265568],
      [0.36930382628, 0.050500247825, 0.17847407461, 0.36606866666, 0.035653184632],
      [0, 0.79163166016, 0, 0.20836833984, 0],
      [0, 0, 0, 0.99593890637, 0.0040610936268],
      [0, 0.01307681733, 0.56664287334, 0.33828711999, 0.081993189343],
      [0.019385546106, 0.26145588482, 0.23076085144, 0.3492278141, 0.13916990354]
    ],
    [
      [0.0018282119268, 0.39282063144, 0.13710363003, 0.42835901974, 0.039888506857],
      [0.52767906719, 0.044488964723, 0.10985927093, 0.31408456904, 0.0038881281219],
      [0, 0.81134479096, 0, 0.18865520904, 0],
      [0, 0, 0, 1, 0],
      [0, 0.13822750449, 0.46660800094, 0.37682490512, 0.018339589455],
      [0.0350608511, 0.34657924667, 0.20259673206, 0.38410638648, 0.031656783689]
    ],
    [
      [0.0031686293607, 0.34097149795, 0.18660340411, 0.41370770512, 0.055548763459],
      [0.57279402729, 0.0038468901949, 0.14661828084, 0.27129318428, 0.0054476173823],
      [0, 0.80539319569, 0, 0.19460680431, 0],
      [0, 0.0012162525703, 0, 0.99757851381, 0.0012052336245],
      [0.010585528027, 0.030691943318, 0.62021280299, 0.31492128963, 0.023588436039],
      [0.038813587349, 0.29071344331, 0.26793287331, 0.35960289379, 0.042937202242]
    ],
    [
      [0.0051309776268, 0.34314984548, 0.16686960499, 0.37868152804, 0.10616804386],
      [0.63136205028, 0.0049552072269, 0.11960664772, 0.23442366666, 0.0096524281206],
      [0, 0.82285664566, 0, 0.17714335434, 0],
      [0, 0.01881294939, 0, 0.97838332915, 0.002803721463],
      [0.037586977899, 0.028417377794, 0.58294196597, 0.30251171386, 0.048541964474],
      [0.048193155393, 0.29543675591, 0.23982649037, 0.33374354441, 0.08280005392]
    ],
    [
      [0.0057226578571, 0.32611375992, 0.14871360678, 0.31330472973, 0.20614524572],
      [0.66094672896, 0.0077389293097, 0.11307790507, 0.19784286743, 0.020393569227],
      [0.0042642904498, 0.8535763703, 0, 0.14163040437, 0.00052893488572],
      [0.0090796725154, 0.034487955967, 0, 0.94588869858, 0.010543672938],
      [0.041931935483, 0.023812382463, 0.57716422673, 0.2537195801, 0.10337187523],
      [0.050668934641, 0.28753781024, 0.21817181003, 0.27929366237, 0.16432778272]
    ],
    [
      [0.00011979552532, 0.34134687503, 0.1993008527, 0.44689443016, 0.012338046585],
      [0.3152055386, 0.012842349728, 0.20312212702, 0.46725307155, 0.0015769131082],
      [0, 0.78613144373, 0, 0.21386855627, 0],
      [0, 0, 0, 0.99979718768, 0.00020281232402],
      [0, 0.033120676272, 0.62271864426, 0.3391162628, 0.005044416667],
      [0.01851520448, 0.29210359096, 0.28635530227, 0.39344138843, 0.0095845138535]
    ],
    [
      [0.012126214608, 0.36837271776, 0.17529987019, 0.39128446203, 0.052916735413],
      [0.7068279961, 0.0042553108731, 0.099575584549, 0.18571222544, 0.0036288830445],
      [0.0026470232009, 0.83577445745, 0, 0.16157851935, 0],
      [0.010794867539, 0.025739987677, 0, 0.96325819461, 0.00020695017828],
      [0.075421122736, 0.01698543998, 0.59633752425, 0.28848662044, 0.022769292588],
      [0.068427794171, 0.30919352365, 0.25072574264, 0.33141729748, 0.04023564206]
    ],
    [
      [0.0013949620849, 0.35511872589, 0.14988658531, 0.43285522242, 0.060744504295],
      [0.53771741346, 0.008438730143, 0.13446332008, 0.31274648396, 0.006634052358],
      [0, 0.79547535492, 0, 0.20452464508, 0],
      [0, 0, 0, 1, 0],
      [0.0014906062649, 0.075187022463, 0.52742767543, 0.36817795127, 0.027716744571],
      [0.032490617935, 0.31114390815, 0.22549457095, 0.38264633057, 0.0482245724]
    ],
    [
      [0.00029957818718, 0.3335918166, 0.15550747996, 0.39725111022, 0.11335001504],
      [0.42243911136, 0.069700008659, 0.1574750148, 0.33602735831, 0.01435850688],
      [0, 0.79998139625, 0, 0.20001860375, 0],
      [0, 0.00013614536445, 0, 0.9975779793, 0.0022858753355],
      [0, 0.053784890628, 0.55726701619, 0.33577989172, 0.053168201463],
      [0.023105919735, 0.29518391405, 0.23057150564, 0.36057221863, 0.090566441948]
    ],
    [
      [0.013047312882, 0.35196230573, 0.19509402925, 0.26162641337, 0.17826993877],
      [0.68793297231, 0.0068620498593, 0.13659965345, 0.15213219611, 0.016473128274],
      [0.009153662128, 0.87544585926, 0.0095987987262, 0.10371974931, 0.0020819305786],
      [0.0082036255069, 0.039382133753, 0.010360577125, 0.93082426992, 0.011229393698],
      [0.038040765268, 0.021325060304, 0.67580906667, 0.18432034855, 0.080504759208],
      [0.055638939655, 0.29971030138, 0.27489847484, 0.23259611089, 0.13715617324]
    ],
    [
      [0.0088760132497, 0.40256615637, 0.16066329016, 0.33896157199, 0.088932968236],
      [0.69317133061, 0.01645728792, 0.10020769487, 0.1833442264, 0.0068194602039],
      [0, 0.87651102477, 0, 0.12348897523, 0],
      [0.0029640957655, 0.051241532524, 0, 0.94382040521, 0.0019739665023],
      [0.065168335203, 0.05201511362, 0.58384273049, 0.25805022462, 0.040923596069],
      [0.060164050906, 0.34607955722, 0.23157982106, 0.29341332367, 0.068763247132]
    ],
    [
      [0.0057483977007, 0.31027423728, 0.25211672452, 0.37139935185, 0.060461288645],
      [0.61592901395, 0, 0.18051287811, 0.19820524784, 0.0053528601043],
      [0.00100312758, 0.82104583962, 0.011305027211, 0.16635846197, 0.00028754361888],
      [0.010935831041, 0.011812660194, 0.023249906723, 0.95108497958, 0.0029166224659],
      [0.027754975627, 0, 0.74181587888, 0.20802775814, 0.022401387351],
      [0.049449093946, 0.25305611339, 0.34524611175, 0.30742929576, 0.044819385155]
    ],
    [
      [0.006496515676, 0.34762731295, 0.193405388, 0.34926254388, 0.1032082395],
      [0.66196568823, 0.0020763332367, 0.13141784264, 0.19573384217, 0.0088062937252],
      [0.0063653948121, 0.84422380385, 0.0036627312726, 0.14559158986, 0.00015648020115],
      [0.016016000295, 0.025719167249, 0.0031137689685, 0.95063295542, 0.0045181080661],
      [0.04620283543, 0.012635028721, 0.65462971894, 0.24225093376, 0.044281483152],
      [0.055656565618, 0.29298544542, 0.27335650567, 0.29896771862, 0.079033764674]
    ],
    [
      [0.0071211306905, 0.2884095787, 0.25839286895, 0.3613735744, 0.084702847261],
      [0.66810025071, 0, 0.16061476606, 0.1647910634, 0.0064939198274],
      [0.0035298361017, 0.81146665862, 0.012714481315, 0.17186636031, 0.00042266364827],
      [0.028101458693, 0, 0.020172887125, 0.94762377478, 0.0041018794023],
      [0.038464224174, 0, 0.74669696763, 0.184272665, 0.030566143203],
      [0.12201598725, 0.17058214303, 0.35300290451, 0.2923328462, 0.062066119004]
    ],
    [
      [0.0063475289474, 0.28452628434, 0.25137902436, 0.29206211127, 0.16568505107],
      [0.65679333662, 0, 0.1912875748, 0.1361122493, 0.015806839285],
      [0.083660427702, 0.75297003817, 0.028204997932, 0.13304391231, 0.0021206238825],
      [0.026115280816, 0, 0.045088571368, 0.91698335141, 0.011812796407],
      [0.02502309396, 0, 0.78180427341, 0.12805354768, 0.06511908495],
      [0.058056853453, 0.22715979156, 0.3556188901, 0.23509643129, 0.1240680336]
    ],
    [
      [0.0050828201493, 0.37559825855, 0.22147280172, 0.35390708093, 0.043939038644],
      [0.61724540578, 0.0064719680733, 0.16422066367, 0.20796706857, 0.0040948939011],
      [0.00080994938882, 0.85372910108, 0.0078160362039, 0.13750701818, 0.00013789514245],
      [0.004561595282, 0.031920103839, 0.010699630183, 0.95075048045, 0.0020681902475],
      [0.026438536496, 0.018078942702, 0.71027869836, 0.22735510492, 0.017848717517],
      [0.046588536017, 0.31260783174, 0.30969148254, 0.29793356119, 0.033178588521]
    ],
    [
      [0.0056809952118, 0.35774932138, 0.20887570118, 0.30852690666, 0.11916707557],
      [0.65015517886, 0.0065609568278, 0.1590267531, 0.17269373214, 0.011563379072],
      [0.0044461398613, 0.86362353634, 0.011474494129, 0.11967699019, 0.00077883948099],
      [0.012153307291, 0.034759135486, 0.01860321077, 0.92744300679, 0.0070413396645],
      [0.037456219527, 0.01901105704, 0.7050678083, 0.18714265589, 0.051322259243],
      [0.050311283697, 0.30151889674, 0.29606098084, 0.26098517594, 0.091123662773]
    ],
    [
      [0.0081331518758, 0.37106908553, 0.22679030059, 0.30708913122, 0.086918330784],
      [0.69432252708, 0.0037157939711, 0.14958310279, 0.1451731169, 0.0072054592526],
      [0.0090939087413, 0.86556354943, 0.011404025523, 0.11352840945, 0.00041010686207],
      [0.020845570276, 0.033188630885, 0.018152557481, 0.9229392855, 0.0048739558606],
      [0.059156958833, 0.013026261717, 0.72811550619, 0.16425928026, 0.035441993003],
      [0.062956908415, 0.30527327117, 0.31418954054, 0.25255146674, 0.065028813138]
    ],
    [
      [0.010638030377, 0.37299738426, 0.26452729168, 0.22811858833, 0.12371870535],
      [0.70141275147, 0.0055609218579, 0.16342724011, 0.11940182383, 0.010197262728],
      [0.0094656842458, 0.88577874446, 0.040288033351, 0.062817664603, 0.001649873344],
      [0.010536033835, 0.043798676444, 0.027799961439, 0.90913461326, 0.0087307150249],
      [0.038419850603, 0.014303371621, 0.78492795097, 0.11373781344, 0.048611013363],
      [0.058578327488, 0.30614379776, 0.34543049709, 0.19847364844, 0.091373729218]
    ],
    [
      [0.0076767809334, 0.34168066247, 0.18021291591, 0.36034564834, 0.11008399235],
      [0.67848558875, 0.0030190096479, 0.11578206875, 0.19378587356, 0.0089274592916],
      [0.0076566501973, 0.8357191431, 0, 0.15662420671, 0],
      [0.014578522171, 0.020467100726, 0, 0.96087920231, 0.0040751747922],
      [0.049607792066, 0.011870801045, 0.62396342145, 0.26609755123, 0.04846043421],
      [0.059254329086, 0.28945209802, 0.25622233148, 0.310483259, 0.084587982415]
    ],
    [
      [0.0083925740885, 0.26528907144, 0.2065853839, 0.36813142165, 0.15160154892],
      [0.63096940053, 0, 0.14613238045, 0.20926776984, 0.013630449182],
      [0.077606175484, 0.71667179047, 0.013098848611, 0.19161595111, 0.0010072343247],
      [0.0067273922114, 0, 0.017820165601, 0.96787784402, 0.0075745981662],
      [0.020217761656, 0, 0.66602461073, 0.25122959436, 0.062528033254],
      [0.053110112851, 0.22577308927, 0.29052145996, 0.31457498193, 0.11602035599]
    ],
    [
      [0.0044381671151, 0.26755792656, 0.21476962449, 0.40408837888, 0.10914590295],
      [0.56342078548, 0, 0.16734628759, 0.2584914112, 0.010741515729],
      [0.067248062442, 0.69334955046, 0.025155146837, 0.21354727912, 0.0006999611462],
      [0, 0, 0.013709122246, 0.98135251234, 0.0049383654105],
      [0, 0, 0.67295262538, 0.2832584391, 0.043788935514],
      [0.042505197567, 0.2209884711, 0.30436260494, 0.34862126804, 0.083522458352]
    ],
    [
      [0.0055697844838, 0.30852413833, 0.15901454629, 0.31819982919, 0.20869170171],
      [0.63936427349, 0.002818420386, 0.12695978531, 0.20884518664, 0.022012334181],
      [0.004776088771, 0.83758419023, 0.003394081743, 0.15248416064, 0.0017614786182],
      [0.0083165876968, 0.024037433255, 0.0046254538346, 0.9511362066, 0.011884318612],
      [0.032871490043, 0.012082178397, 0.60211990044, 0.25100290958, 0.10192352154],
      [0.047210564447, 0.26956433737, 0.23361510351, 0.28347229917, 0.1661376955]
    ],
    [
      [0.0041844144691, 0.30346732647, 0.16349510223, 0.30102230201, 0.22783085482],
      [0.61528904916, 0.0046776557704, 0.14289428852, 0.21088180463, 0.026257201917],
      [0.0003773580956, 0.84246309306, 0.0095536058212, 0.14434145165, 0.0032644913785],
      [0.0037244949025, 0.025711634746, 0.011189621772, 0.94437299151, 0.015001257074],
      [0.02426268407, 0.013219985979, 0.61856274656, 0.23196803791, 0.11198654548],
      [0.040898407763, 0.26657927022, 0.2416894956, 0.26852321437, 0.18230961204]
    ],
    [
      [0.0047209251736, 0.34256612937, 0.18143891111, 0.33307846676, 0.13819556758],
      [0.63773912651, 0.0071401723044, 0.13733233607, 0.20442052265, 0.013367842459],
      [0.00039366466532, 0.85151669148, 0.0032628887414, 0.14425229637, 0.00057445873858],
      [0.0037484201577, 0.032345530269, 0.0057675077656, 0.95116430453, 0.0069742372761],
      [0.02591442135, 0.02174251784, 0.64479882457, 0.24488469764, 0.062659538605],
      [0.045231601754, 0.29511719175, 0.26132561618, 0.29062029709, 0.10770529322]
    ],
    [
      [0.0011496351656, 0.33347026867, 0.17692506077, 0.43514032825, 0.053314707143],
      [0.42213195844, 0.034234538658, 0.16968785193, 0.367545994, 0.0063996569678],
      [0, 0.78318842982, 0, 0.21681157018, 0],
      [0, 0, 0, 0.99917120109, 0.00082879890771],
      [0, 0.031277187283, 0.59237814413, 0.35337800713, 0.022966661456],
      [0.024383024777, 0.28876737257, 0.25734498902, 0.38765207567, 0.041852537966]
    ],
    [
      [0.0044187341436, 0.33699227285, 0.20280421924, 0.30146000869, 0.15432476507],
      [0.61502093816, 0.0065277585563, 0.16709786437, 0.19463949015, 0.016713948764],
      [0.00014686948051, 0.85698306409, 0.0170663408, 0.12369901681, 0.002104708824],
      [0.0036839715054, 0.032462404893, 0.019206781605, 0.93472649222, 0.0099203497765],
      [0.02306263745, 0.017118140782, 0.69272230018, 0.19837696716, 0.068719954423],
