{
  "X": [
    [25, 9, 26, 40],
    [21, 15, 27, 37],
    [28, 14, 25, 33],
    [24, 15, 18, 43],
    [33, 12, 17, 38],
    [31, 20, 20, 29],
    [26, 8, 15, 51],
    [37, 6, 14, 43],
    [24, 12, 17, 47],
    [30, 14, 16, 40],
    [27, 10, 20, 43],
    [17, 18, 19, 46],
    [32, 14, 19, 35],
    [40, 17, 26, 17],
    [41, 17, 22, 20],
    [41, 20, 21, 18],
    [48, 13, 23, 16],
    [52, 12, 20, 16],
    [39, 19, 18, 24],
    [18, 14, 34, 34],
    [20, 19, 32, 29],
    [22, 17, 29, 32],
    [20, 19, 26, 35],
    [15, 21, 25, 39],
    [23, 19, 27, 31],
    [25, 12, 38, 25],
    [35, 13, 38, 14],
    [29, 19, 31, 21],
    [29, 19, 30, 22],
    [30, 16, 28, 26],
    [26, 23, 27, 24],
    [26, 29, 21, 24],
    [25, 21, 17, 37],
    [22, 15, 13, 50],
    [23, 21, 13, 43],
    [24, 23, 13, 40],
    [31, 21, 11, 37],
    [26, 22, 21, 31],
    [25, 25, 26, 24],
    [22, 19, 32, 27],
    [24, 19, 23, 34],
    [24, 26, 28, 22],
    [24, 28, 21, 27],
    [21, 20, 31, 28],
    [47, 16, 28, 9],
    [45, 13, 26, 16],
    [45, 16, 28, 11],
    [49, 10, 25, 16],
    [45, 10, 23, 22],
    [43, 12, 31, 14]
  ],
  "W": [
    [57, 4, 4, 9, 8, 8, 5, 5],
    [54, 4, 7, 9, 7, 6, 4, 9],
    [59, 3, 8, 9, 5, 6, 6, 4],
    [55, 6, 6, 8, 8, 7, 5, 5],
    [56, 5, 7, 3, 10, 4, 9, 6],
    [48, 8, 7, 11, 7, 11, 4, 4],
    [25, 42, 8, 6, 7, 3, 6, 3],
    [9, 46, 10, 6, 3, 4, 10, 12],
    [4, 64, 3, 6, 7, 6, 2, 8],
    [3, 51, 9, 5, 9, 7, 7, 9],
    [11, 45, 8, 8, 13, 6, 6, 3],
    [9, 59, 1, 7, 6, 9, 5, 4],
    [7, 33, 28, 3, 9, 6, 9, 5],
    [6, 6, 57, 6, 3, 5, 8, 9],
    [7, 7, 54, 5, 7, 5, 9, 6],
    [7, 3, 58, 9, 6, 3, 7, 7],
    [8, 6, 55, 6, 9, 7, 2, 7],
    [6, 5, 66, 5, 8, 4, 3, 3],
    [5, 7, 47, 18, 3, 5, 7, 8],
    [9, 6, 6, 53, 5, 8, 7, 6],
    [4, 6, 4, 64, 4, 8, 5, 5],
    [8, 6, 6, 51, 6, 6, 8, 9],
    [12, 4, 6, 59, 7, 5, 4, 3],
    [6, 6, 7, 63, 5, 3, 5, 5],
    [7, 13, 7, 43, 5, 8, 10, 7],
    [2, 6, 6, 9, 59, 5, 7, 6],
    [6, 6, 7, 4, 64, 6, 2, 5],
    [5, 6, 5, 13, 53, 8, 3, 7],
    [7, 6, 5, 6, 50, 9, 9, 8],
    [2, 9, 2, 9, 58, 11, 3, 6],
    [8, 8, 6, 10, 53, 3, 6, 6],
    [7, 6, 7, 10, 15, 41, 5, 9],
    [4, 10, 5, 3, 8, 55, 9, 6],
    [8, 3, 7, 3, 9, 62, 2, 6],
    [3, 15, 8, 4, 6, 57, 1, 6],
    [11, 4, 5, 8, 4, 56, 6, 6],
    [7, 4, 9, 5, 5, 61, 4, 5],
    [3, 8, 6, 4, 5, 31, 35, 8],
    [3, 8, 3, 8, 5, 6, 63, 4],
    [6, 7, 9, 3, 6, 5, 58, 6],
    [6, 13, 5, 8, 5, 2, 55, 6],
    [3, 6, 8, 5, 8, 4, 61, 5],
    [6, 8, 4, 5, 4, 6, 63, 4],
    [9, 8, 7, 5, 6, 3, 44, 18],
    [7, 3, 5, 8, 5, 7, 7, 58],
    [8, 7, 8, 5, 2, 8, 8, 54],
    [6, 9, 4, 3, 8, 7, 6, 57],
    [7, 6, 7, 2, 7, 11, 6, 54],
    [4, 8, 5, 7, 8, 6, 3, 59],
    [5, 6, 3, 6, 5, 5, 6, 64]
  ],
  "method": "mvn_pdf",
  "cond_prob": [
    [
      [0.23312496074, 0.06624527207, 0.22848031496, 0.47214945223],
      [0.1940387467, 0.051708068298, 0.1046818345, 0.64957135051],
      [0.58451104427, 0.10395648719, 0.22784269481, 0.083689773725],
      [0.087259665504, 0.13860137099, 0.40334387872, 0.37079508479],
      [0.27326440239, 0.11180985815, 0.48271700841, 0.13220873104],
      [0.20204815631, 0.19952295251, 0.066340950445, 0.53208794073],
      [0.17734678409, 0.20666825097, 0.36484980613, 0.25113515881],
      [0.56643939991, 0.051763190577, 0.35804385714, 0.023753552373]
    ],
    [
      [0.18209446764, 0.11001707209, 0.23552267626, 0.47236578401],
      [0.15229194649, 0.086181308772, 0.10838200517, 0.65314473956],
      [0.48082065842, 0.18277746865, 0.24810522638, 0.088296646544],
      [0.062932959964, 0.21280670879, 0.38272405653, 0.34153627472],
      [0.20732245272, 0.1809015198, 0.48336803375, 0.12840799373],
      [0.14462423687, 0.30535971873, 0.062667416882, 0.48734862752],
      [0.12481024557, 0.3108820075, 0.33827955154, 0.22602819539],
      [0.47961962263, 0.093301106518, 0.40131415333, 0.025765117515]
    ],
    [
      [0.26345043274, 0.10097413423, 0.23075663553, 0.4048187975],
      [0.22827081371, 0.081991945825, 0.11005994387, 0.57967729659],
      [0.58902161207, 0.1415647485, 0.20524747485, 0.064166164583],
      [0.095161188735, 0.20460206077, 0.39318098188, 0.30705576862],
      [0.28585972279, 0.15808410794, 0.45091323764, 0.10514293162],
      [0.2160052679, 0.28914051562, 0.063417550833, 0.43143666564],
      [0.18204619606, 0.28754946499, 0.33455657456, 0.1958477644],
      [0.58148610199, 0.07166600051, 0.32829485497, 0.018553042531]
    ],
    [
      [0.21397457823, 0.1052636226, 0.15667355577, 0.52408824341],
      [0.16912029439, 0.077955606146, 0.068290904195, 0.68463319527],
      [0.56393687844, 0.1741174461, 0.16439411951, 0.097551555958],
      [0.081068763624, 0.22365282985, 0.27907332532, 0.4162050812],
      [0.27698690017, 0.1967447232, 0.36449360218, 0.16177477445],
      [0.16274609599, 0.27943549183, 0.040045200806, 0.51777321138],
      [0.15938100299, 0.32355901411, 0.24441828654, 0.27264169635],
      [0.59525483493, 0.094018470091, 0.28063789062, 0.030088804362]
    ],
    [
      [0.28847294223, 0.083846935789, 0.14643707781, 0.48124304417],
      [0.23194579171, 0.063211122055, 0.064985176177, 0.63985791006],
      [0.66599678943, 0.1211846868, 0.13440778953, 0.07841073424],
      [0.11729301447, 0.1913093714, 0.28039830762, 0.4109993065],
      [0.36660890987, 0.15363618775, 0.33396086694, 0.14579403545],
      [0.22979450008, 0.23267096313, 0.039233917623, 0.49830061917],
      [0.22588488357, 0.2704742928, 0.24028807453, 0.2633527491],
      [0.68787794623, 0.064170115899, 0.2242722091, 0.023679728767]
    ],
    [
      [0.31099932561, 0.14792081557, 0.18924092247, 0.35183893636],
      [0.2739408106, 0.1220844473, 0.091836241451, 0.51213850065],
      [0.61714200324, 0.18404823774, 0.14925050599, 0.049559253029],
      [0.11196339914, 0.30000661765, 0.32155038576, 0.26647959745],
      [0.32765281399, 0.22516247372, 0.35835394482, 0.088830767475],
      [0.23025969485, 0.38406454249, 0.047047530829, 0.33862823183],
      [0.19845648534, 0.39083878486, 0.25325288899, 0.15745184081],
      [0.63807843973, 0.097380343714, 0.24954400078, 0.014997215777]
    ],
    [
      [0.24157677134, 0.06499700301, 0.15438384151, 0.53904238414],
      [0.18894189887, 0.047666237828, 0.066537849154, 0.69685401415],
      [0.63305244248, 0.10654724623, 0.16079460223, 0.099605709061],
      [0.097975899677, 0.14767335609, 0.29546571321, 0.45888503102],
      [0.32556940117, 0.12626225443, 0.37500378753, 0.17316455688],
      [0.19800876573, 0.18518090952, 0.042468802162, 0.57434152259],
      [0.19968415825, 0.22097295783, 0.26802742167, 0.31131546226],
      [0.64777756778, 0.05593916485, 0.26647551378, 0.029807753591]
    ],
    [
      [0.32666288195, 0.053002367539, 0.14685512875, 0.47347962176],
      [0.26323548136, 0.040091814143, 0.065250099739, 0.63142260476],
      [0.72378310905, 0.073214978377, 0.12916358674, 0.073838325831],
      [0.14118217895, 0.12837241089, 0.30008219683, 0.43036321333],
      [0.41885502733, 0.097720234697, 0.33891934849, 0.14450538947],
      [0.27771752553, 0.15637693898, 0.041926438641, 0.52397909685],
      [0.27598084441, 0.18372011513, 0.26075658344, 0.27954245703],
      [0.72964539209, 0.037950863533, 0.21062716363, 0.021776580747]
    ],
    [
      [0.23850193168, 0.10547021731, 0.21720772168, 0.43882012933],
      [0.20184289905, 0.083613631398, 0.10092608473, 0.61361738482],
      [0.56482883451, 0.15674900049, 0.20476190233, 0.073660262674],
      [0.085805595249, 0.21326143444, 0.36961245415, 0.33132051616],
      [0.26822567967, 0.17138655648, 0.44231057839, 0.11807718546],
      [0.19059016902, 0.2954343041, 0.058017998157, 0.45595752872],
      [0.16574349631, 0.30330342531, 0.31745868385, 0.21349439452],
      [0.56525730226, 0.080266493736, 0.33290273906, 0.021573464945]
    ],
    [
      [0.27539787199, 0.10802265561, 0.18083821225, 0.43574126014],
      [0.23009280233, 0.084581128719, 0.083148539175, 0.60217752978],
      [0.61761183267, 0.151872653, 0.1614076338, 0.069107880523],
      [0.10388494813, 0.22900360804, 0.32208408723, 0.3450273566],
      [0.31969327836, 0.18102551667, 0.37854555421, 0.12073565076],
      [0.21507937542, 0.29507685587, 0.047354380883, 0.44248938783],
      [0.19585291169, 0.31741325897, 0.2700460391, 0.21668779024],
      [0.6321294698, 0.079586782916, 0.26759834728, 0.020685400005]
    ],
    [
      [0.26307333314, 0.07444794493, 0.20449403863, 0.4579846833],
      [0.21874523678, 0.058038281703, 0.093541628254, 0.62967485326],
      [0.62148817815, 0.11002942421, 0.19203465827, 0.076447739365],
      [0.10084811609, 0.15993137079, 0.37056940807, 0.36865110505],
      [0.30990749379, 0.12640426259, 0.43486481391, 0.12882342971],
      [0.22175019011, 0.21842948938, 0.057737663734, 0.50208265678],
      [0.19938990492, 0.23201043273, 0.32584129985, 0.2427583625],
      [0.61424906296, 0.05584217989, 0.3077891272, 0.022119629945]
    ],
    [
      [0.18723720748, 0.15601522998, 0.24994016461, 0.40680739793],
      [0.16400275063, 0.12784083302, 0.11998060545, 0.58817581091],
      [0.45219410742, 0.23730769923, 0.24064572278, 0.069852470569],
      [0.060422381933, 0.28319288614, 0.38114737519, 0.27523735674],
      [0.1941378855, 0.2344102657, 0.47026267147, 0.10118917733],
      [0.13890681983, 0.4070912199, 0.061880099916, 0.39212186036],
      [0.11378976681, 0.39362779075, 0.31934682789, 0.17323561455],
      [0.45886252637, 0.12296584743, 0.39742494011, 0.020746686089]
    ],
    [
      [0.2291620742, 0.09408804717, 0.19157757366, 0.48517230497],
      [0.18684542931, 0.071896182385, 0.085959085216, 0.65529930309],
      [0.5744796823, 0.14818478337, 0.19162487115, 0.085710663175],
      [0.085739453226, 0.19695034594, 0.33756164149, 0.37974855934],
      [0.27753829158, 0.16433901429, 0.41848098046, 0.13964171367],
      [0.18307575145, 0.26187377177, 0.051283485536, 0.50376699125],
      [0.16901867634, 0.28543113646, 0.29636199738, 0.24918818983],
      [0.58257941921, 0.077017263786, 0.31499918193, 0.025404135077]
    ],
    [
      [0.21560427543, 0.10565093743, 0.24641702894, 0.4323277582],
      [0.18426574701, 0.084636431336, 0.11583521074, 0.61526261091],
      [0.52461558929, 0.16190543101, 0.23976837965, 0.073710600052],
      [0.075292295058, 0.20591550246, 0.40450720187, 0.31428500062],
      [0.23586780369, 0.166559206, 0.48596430382, 0.11160868649],
      [0.17552115984, 0.29965503413, 0.067131013379, 0.45769279265],
      [0.14722628422, 0.29608654676, 0.35240476051, 0.20428240851],
      [0.51534442772, 0.081529772647, 0.38197710495, 0.021148694678]
    ],
    [
      [0.22516574554, 0.10199111885, 0.19455143953, 0.47829169607],
      [0.18405410481, 0.078143683588, 0.087587610255, 0.65021460135],
      [0.56215363288, 0.16022459529, 0.19409551375, 0.083526258078],
      [0.083216073206, 0.21051252439, 0.33777402843, 0.36849737398],
      [0.26962744048, 0.17602301963, 0.41928424452, 0.13506529538],
      [0.17773677555, 0.28019430576, 0.05148918996, 0.49057972873],
      [0.16290268283, 0.30293901675, 0.29464518526, 0.23951311517],
      [0.571872465, 0.08354566985, 0.3197795549, 0.024802310253]
    ],
    [
      [0.21370162549, 0.12290295022, 0.17551075419, 0.48788467011],
      [0.17268450126, 0.093057522246, 0.078176064122, 0.65608191238],
      [0.54062256308, 0.19584152561, 0.17742520247, 0.086110708849],
      [0.077997040423, 0.25075016035, 0.30047847786, 0.37077432136],
      [0.26023808223, 0.21591132813, 0.38405648732, 0.13979410233],
      [0.16021720285, 0.3211194954, 0.044158379843, 0.47450492191],
      [0.15016280276, 0.35521580749, 0.25782974545, 0.2367916443],
      [0.56722081959, 0.10519039884, 0.30123766243, 0.026351119151]
    ],
    [
      [0.29181403688, 0.089021853005, 0.22716157261, 0.39200253751],
      [0.253179435, 0.072432064923, 0.10846906014, 0.56591943994],
      [0.62625638689, 0.1200498636, 0.19461467317, 0.059079076336],
      [0.10896435959, 0.18571766577, 0.39942101517, 0.30589695947],
      [0.3165791143, 0.13904387054, 0.44373899467, 0.10063802048],
      [0.24559935871, 0.26082808615, 0.064027947123, 0.42954460802],
      [0.20767744012, 0.25984802328, 0.33880247517, 0.19367206143],
      [0.61372604705, 0.060396635824, 0.30894657477, 0.01693074235]
    ],
    [
      [0.28635308133, 0.079944767544, 0.18998531146, 0.44371683967],
      [0.2376529353, 0.062210844314, 0.086854877759, 0.61328134262],
      [0.64573221433, 0.11332110724, 0.1710783905, 0.069868287926],
      [0.11215995939, 0.17483711702, 0.35008227532, 0.36292064827],
      [0.33776337077, 0.13578477515, 0.40319068445, 0.12326116964],
      [0.23756627047, 0.23044907271, 0.052847862326, 0.47913679449],
      [0.2170768626, 0.24840326152, 0.30170505177, 0.23281482411],
      [0.64492755853, 0.058113210543, 0.27657754759, 0.020381683334]
    ],
    [
      [0.22693378045, 0.11046519739, 0.14999598624, 0.51260503592],
      [0.17946296207, 0.081904486263, 0.065458429235, 0.67317412244],
      [0.57906760621, 0.17697741827, 0.15257020123, 0.091384774291],
      [0.086629229476, 0.23586196796, 0.26873645672, 0.40877234584],
      [0.29236168268, 0.20506999177, 0.34671944123, 0.15584888431],
      [0.17096778777, 0.28973258693, 0.037976666047, 0.50132295926],
      [0.16810843496, 0.33636684495, 0.23231792158, 0.26320679851],
      [0.61409696513, 0.096099917945, 0.26153387919, 0.028269237732]
    ],
    [
      [0.21948317062, 0.075366342356, 0.24302564016, 0.46212484686],
      [0.18458222019, 0.059487730569, 0.11269219713, 0.64323785212],
      [0.5559479501, 0.11867585582, 0.24325265408, 0.082123540003],
      [0.079533496163, 0.15286433042, 0.41557803885, 0.35202413456],
      [0.25088617557, 0.12390577049, 0.49920267549, 0.12600537845],
      [0.18857181736, 0.22477642609, 0.070080730256, 0.51657102629],
      [0.1612293938, 0.22680233023, 0.37454578225, 0.23742249373],
      [0.5370342842, 0.058952821173, 0.38077378062, 0.023239114009]
    ],
    [
      [0.30117917663, 0.095914232444, 0.21772656707, 0.38518002385],
      [0.26211387975, 0.078384431512, 0.10461956299, 0.55488212575],
      [0.63630724231, 0.12554301096, 0.18107141734, 0.057078329389],
      [0.11208939453, 0.20100096901, 0.38389733059, 0.30301230587],
      [0.32674178291, 0.14972949201, 0.42361641335, 0.099912311743],
      [0.24887771235, 0.27601845756, 0.060542326166, 0.41456150392],
      [0.21154595207, 0.27712422404, 0.32135434241, 0.18997548148],
      [0.62975004321, 0.063856038596, 0.2898434619, 0.016550456292]
    ],
    [
      [0.25596472449, 0.090089970674, 0.19692692656, 0.45701837827],
      [0.21222260757, 0.07012351163, 0.090153923271, 0.62749995753],
      [0.6068149996, 0.13276835218, 0.18446441061, 0.075952237613],
      [0.096512398313, 0.19055507498, 0.35029040169, 0.36264212502],
      [0.30206387129, 0.15290059644, 0.41655557968, 0.12847995259],
      [0.20803871865, 0.25470018093, 0.053840593019, 0.48342050739],
      [0.1884265454, 0.2723041993, 0.30394853382, 0.23532072149],
      [0.60962546506, 0.068470985414, 0.2995818151, 0.02232173442]
    ],
    [
      [0.2669434811, 0.098200866336, 0.16999343321, 0.46486221935],
      [0.21834024952, 0.075415234633, 0.076851025176, 0.62939349067],
      [0.62454756095, 0.14254663804, 0.15674327366, 0.076162527353],
      [0.10260449204, 0.21218860333, 0.30852036005, 0.37668654457],
      [0.3242614024, 0.17158294479, 0.36957504008, 0.13458061273],
      [0.21001109808, 0.26897276973, 0.045057854365, 0.47595827783],
      [0.19731012985, 0.29854141294, 0.26350901825, 0.24063943896],
      [0.64190624108, 0.075137814101, 0.26007066582, 0.022885278992]
    ],
    [
      [0.18478511834, 0.10824784397, 0.16000540164, 0.54696163606],
      [0.14432563233, 0.07934757747, 0.06907153988, 0.70725525032],
      [0.52287630332, 0.19036198788, 0.17864787678, 0.10811383202],
      [0.068640208888, 0.22535965176, 0.27951673708, 0.42648340227],
      [0.24416222081, 0.20578735038, 0.37830056115, 0.17174986767],
      [0.13928895982, 0.28405842223, 0.040626768484, 0.53602584946],
      [0.13723088755, 0.33047332412, 0.24873317494, 0.28356261339],
      [0.55615287693, 0.10362534203, 0.3066623309, 0.033559450141]
    ],
    [
      [0.27248226114, 0.10439025718, 0.20569684341, 0.41743063826],
      [0.23194810331, 0.08337669624, 0.096590354319, 0.58808484613],
      [0.60785488165, 0.14505866623, 0.18156403463, 0.065522417503],
      [0.10058097059, 0.21642673862, 0.35858837754, 0.32440391325],
      [0.30554405047, 0.16858752794, 0.41410129855, 0.11176712304],
      [0.21824982867, 0.29130250407, 0.055387371965, 0.43506029529],
      [0.1910897519, 0.30115500053, 0.30272910002, 0.20502614755],
      [0.6108340966, 0.074807830573, 0.29508811123, 0.019269961606]
    ],
    [
      [0.18969691799, 0.064906884346, 0.19984578696, 0.5455504107],
      [0.14967834272, 0.048041060864, 0.08699137446, 0.71528922196],
      [0.54509338668, 0.11682258373, 0.22881040236, 0.10927362723],
      [0.072198061544, 0.13766199924, 0.35690617769, 0.43323376152],
      [0.24627742873, 0.12119937409, 0.46560371386, 0.16691948332],
      [0.15915144307, 0.18870106508, 0.056326603834, 0.59582088801],
      [0.15162396476, 0.2120981804, 0.33421400969, 0.30206384514],
      [0.54123978272, 0.059576065836, 0.36751471969, 0.031669431759]
    ],
    [
      [0.32156078541, 0.086437465425, 0.25281343129, 0.33918831787],
      [0.29082987737, 0.073317348269, 0.12602442902, 0.50982834535],
      [0.64267196474, 0.10824110821, 0.2013132905, 0.047773636552],
      [0.11877107725, 0.17875854812, 0.43981322192, 0.26265715271],
      [0.32789440772, 0.12692773469, 0.46292938241, 0.082248475168],
      [0.27978446729, 0.26182895093, 0.073863110569, 0.38452347121],
      [0.22290265802, 0.24588790494, 0.36730886688, 0.16390057016],
      [0.6191668894, 0.053605504071, 0.31374739992, 0.013480206609]
    ],
    [
      [0.26016160297, 0.11353373993, 0.1935745841, 0.43273007301],
      [0.21832178875, 0.089342600695, 0.089632564711, 0.60270304585],
      [0.59290436417, 0.16214111133, 0.17569347894, 0.069261045569],
      [0.09592391226, 0.23450134008, 0.33546265498, 0.33411209268],
      [0.29782177006, 0.18728662813, 0.39736615714, 0.11752544467],
      [0.20268262112, 0.30825946638, 0.05071999939, 0.43833791311],
      [0.18148980981, 0.32570295557, 0.28268384796, 0.21012338666],
      [0.6049378139, 0.084799838612, 0.28961404891, 0.020648298577]
    ],
    [
      [0.24769028335, 0.10953405466, 0.19048341447, 0.45229224752],
      [0.20535276424, 0.0851527433, 0.087118308085, 0.62237618438],
      [0.58412800689, 0.16195344445, 0.17904051387, 0.074878034793],
      [0.091664161782, 0.22689546778, 0.33121614938, 0.35022422106],
      [0.28987315938, 0.18470424826, 0.39995429266, 0.1254682997],
      [0.19331765905, 0.29773857069, 0.049987472187, 0.45895629807],
      [0.17552148721, 0.31899237392, 0.28256688327, 0.2229192556],
      [0.59705410852, 0.084856600779, 0.29573349366, 0.022355797044]
    ],
    [
      [0.25536684329, 0.086518600206, 0.16158855812, 0.49652599839],
      [0.20433864183, 0.064950168704, 0.071387185416, 0.65932400405],
      [0.62503335605, 0.13247491149, 0.15744156404, 0.085050168415],
      [0.10059387391, 0.19067318226, 0.29909613005, 0.40963681379],
      [0.32449310505, 0.15820954278, 0.36802063463, 0.14927671754],
      [0.20327189678, 0.23934511831, 0.043283093774, 0.51409989114],
      [0.19737335982, 0.27437209108, 0.26142732501, 0.26682722409],
      [0.64298598801, 0.069903697631, 0.26156654862, 0.025543765734]
    ],
    [
      [0.2131663765, 0.14309825611, 0.15800195269, 0.4857334147],
      [0.17185444432, 0.10808954912, 0.070324214577, 0.64973179198],
      [0.53274124945, 0.22471128905, 0.15744571211, 0.085101749389],
      [0.076921165621, 0.28946607091, 0.26740049174, 0.36621227173],
      [0.26064077098, 0.25262733147, 0.34615309481, 0.14057880274],
      [0.15267648624, 0.35782630358, 0.038101354319, 0.45139585586],
      [0.14490375356, 0.40122672601, 0.22459476652, 0.2292747539],
      [0.57494548046, 0.12400988021, 0.27425192163, 0.026792717697]
    ],
    [
      [0.25732124247, 0.16063015996, 0.23281422538, 0.34923437218],
      [0.23099942054, 0.13525183839, 0.11484853982, 0.51890020124],
      [0.54111194922, 0.2118063868, 0.19499205033, 0.052089613654],
      [0.0860686314, 0.30118989707, 0.36760289188, 0.24513857964],
      [0.25925963033, 0.23329476754, 0.42327083784, 0.084174764286],
      [0.19047859533, 0.41543625578, 0.057666160627, 0.33641898827],
      [0.1558005958, 0.40035801911, 0.29577383927, 0.14806754582],
      [0.5515342244, 0.11059819937, 0.32233752585, 0.015530050378]
    ],
    [
      [0.24898239888, 0.091607767157, 0.23676034042, 0.42264949354],
      [0.21392435681, 0.073878083598, 0.11151042221, 0.60068713738],
      [0.57856839685, 0.13305992411, 0.21887993437, 0.069491744667],
      [0.089874360132, 0.18474866487, 0.40521584651, 0.32016112848],
      [0.27313799419, 0.14449104478, 0.47159125024, 0.11077971078],
      [0.20811303958, 0.26604148368, 0.065963279026, 0.45988219772],
      [0.17553910634, 0.26436894243, 0.35158891244, 0.20850303879],
      [0.56527003647, 0.066786854689, 0.34807005103, 0.019873057815]
    ],
    [
      [0.18750395285, 0.065307255836, 0.15982566034, 0.58736313097],
      [0.1433068752, 0.046877609366, 0.067112069133, 0.7427034463],
      [0.56253786064, 0.12225534291, 0.19125708174, 0.1239497147],
      [0.07394037204, 0.14341100976, 0.29776783348, 0.48488078473],
      [0.26372487185, 0.13172490387, 0.40825451888, 0.19629570539],
      [0.1523013843, 0.18369836157, 0.043397545855, 0.62060270828],
      [0.15627571048, 0.2220521889, 0.2803916069, 0.34128049371],
      [0.57837645851, 0.064511275527, 0.31989226819, 0.037219997772]
    ],
    [
      [0.21821653541, 0.098773011091, 0.19822707704, 0.48478337646],
      [0.1786742192, 0.07590808185, 0.08898757917, 0.65643011978],
      [0.55489826173, 0.15710492092, 0.2008648113, 0.087132006046],
      [0.080096566628, 0.20244685867, 0.34448420176, 0.37297237294],
      [0.26094176338, 0.16978913123, 0.43097045394, 0.13829865145],
      [0.17340606715, 0.27288469187, 0.052515933291, 0.50119330769],
      [0.1582534614, 0.29339696068, 0.30261709749, 0.24573248043],
      [0.56158834309, 0.081539830332, 0.33109350713, 0.025778319455]
    ],
    [
      [0.24679458603, 0.10443318273, 0.17395709301, 0.47481513823],
      [0.20137751379, 0.079983309176, 0.078039015701, 0.64060016133],
      [0.5951251396, 0.15728799239, 0.16673292663, 0.080853941385],
      [0.093107803119, 0.22039034611, 0.31034490066, 0.37615695011],
      [0.29917979917, 0.18203287867, 0.38140856389, 0.13737875827],
      [0.1919556943, 0.28237004625, 0.045276712371, 0.48039754708],
      [0.17978373842, 0.31187795887, 0.26633741445, 0.24200088826],
      [0.61349390454, 0.08315661006, 0.2789851343, 0.024364351099]
    ],
    [
      [0.31218123133, 0.091438658802, 0.16353090668, 0.43284920319],
      [0.25930135729, 0.071328218846, 0.074680295829, 0.59469012803],
      [0.67181020373, 0.122736985, 0.13967154134, 0.065781269921],
      [0.1243795004, 0.20393772341, 0.30892627695, 0.36275649924],
      [0.37050876204, 0.15588349363, 0.35099072445, 0.12261701988],
      [0.25013575697, 0.25455480208, 0.04384303256, 0.45146640839],
      [0.23402959846, 0.28080119495, 0.25795996691, 0.22720923968],
      [0.68511122843, 0.064259560923, 0.23101039959, 0.019618811061]
    ],
    [
      [0.26014162763, 0.094792394402, 0.20285457896, 0.442211399],
      [0.21806165569, 0.074569775708, 0.093609472411, 0.61375909619],
      [0.6034047762, 0.1373068534, 0.18700086695, 0.072287503456],
      [0.097199633549, 0.198109669, 0.35785083821, 0.34683985924],
      [0.29990314656, 0.15717773886, 0.42143162118, 0.1214874934],
      [0.21101477387, 0.26701623233, 0.055170993901, 0.4667979999],
      [0.18804635701, 0.28067913825, 0.30790588168, 0.22336862305],
      [0.60457990971, 0.07066030684, 0.30357566059, 0.021184122859]
    ],
    [
      [0.30374242802, 0.1031589936, 0.19266875333, 0.40042982505],
      [0.25956739322, 0.082725288733, 0.090852654431, 0.56685466362],
      [0.64279291613, 0.13608047184, 0.16152096287, 0.059605649164],
      [0.11527719052, 0.21960620642, 0.34525806623, 0.31985853682],
      [0.33999990234, 0.16619910826, 0.38693359384, 0.10686739556],
      [0.24338050334, 0.28719336516, 0.0519287055, 0.417497426],
      [0.21520592222, 0.29989388071, 0.28642387792, 0.19847631915],
      [0.64850411466, 0.070533944361, 0.26336534521, 0.017596595774]
    ],
    [
      [0.2086732095, 0.080810273647, 0.23752889609, 0.47298762076],
      [0.17398969026, 0.063199638317, 0.10910419262, 0.6537064788],
      [0.53940527647, 0.13058914354, 0.24413063661, 0.08587494338],
      [0.075384089436, 0.16293865649, 0.40397422555, 0.35770302853],
      [0.24131609934, 0.13447775585, 0.49421731357, 0.12998883124],
      [0.17627568127, 0.23661821923, 0.067306509752, 0.51979958974],
      [0.15268730788, 0.24181709757, 0.36439000711, 0.24110558744],
      [0.52511592165, 0.065358624495, 0.38506983197, 0.024455621885]
    ],
    [
      [0.23636838531, 0.078413306762, 0.15681620764, 0.52840210028],
      [0.18583545939, 0.057854866507, 0.06807857985, 0.68823109425],
      [0.61484384718, 0.12717326249, 0.16174570122, 0.096237189103],
      [0.093726263107, 0.17390733236, 0.29272941607, 0.43963698846],
      [0.31277673102, 0.14921297462, 0.37209571061, 0.16591458374],
      [0.1893739486, 0.21781393739, 0.04227323876, 0.55053887525],
      [0.18843364535, 0.25600922268, 0.26195125171, 0.29360588026],
      [0.63412685366, 0.067345853904, 0.26953221798, 0.028995074457]
    ],
    [
      [0.25530028769, 0.11379096859, 0.2087750449, 0.42213369882],
      [0.21692680554, 0.090692342042, 0.097831331014, 0.59454952141],
      [0.58150668894, 0.16199431673, 0.18888079581, 0.067618198527],
      [0.092448911977, 0.23069784264, 0.35613263964, 0.32072060574],
      [0.2854210713, 0.18319902591, 0.41905435271, 0.11232555008],
      [0.20104101159, 0.31141760644, 0.055257748209, 0.43228363375],
      [0.17555099021, 0.32096055156, 0.30091589226, 0.20257256597],
      [0.58744980269, 0.084020924832, 0.30855207725, 0.019977195234]
    ],
    [
      [0.27374367671, 0.1182715996, 0.16084613317, 0.44713859052],
      [0.2254764623, 0.091398389393, 0.073149747972, 0.60997540033],
      [0.61827835094, 0.16670140725, 0.14405363111, 0.070966610706],
      [0.10389965038, 0.25171460416, 0.28770667449, 0.35667907096],
      [0.32636014242, 0.20300817163, 0.34374798931, 0.12688369664],
      [0.20731113203, 0.31142138135, 0.041015973567, 0.44025151305],
      [0.19428612394, 0.34472479794, 0.23929080711, 0.22169827102],
      [0.6460050821, 0.089337409789, 0.24299161086, 0.021665897248]
    ],
    [
      [0.16459893922, 0.095513095068, 0.21462398609, 0.52526397962],
      [0.13233167329, 0.072002052685, 0.095082646341, 0.70058362769],
      [0.4745510316, 0.17264159789, 0.24669846949, 0.10610890102],
      [0.05878089675, 0.19022503201, 0.35972208957, 0.39127198167],
      [0.20260374176, 0.16928616324, 0.47506025739, 0.15304983761],
      [0.13154632559, 0.26518678874, 0.05756903711, 0.54569784856],
      [0.12015735401, 0.28565566738, 0.32797893055, 0.26620804806],
      [0.4776525319, 0.08909985034, 0.40206847141, 0.031179146349]
    ],
    [
      [0.31727029646, 0.14271894261, 0.23611377729, 0.30389698363],
      [0.29124765517, 0.12295704648, 0.11944785348, 0.46634744487],
      [0.60719274581, 0.17150915659, 0.18048801815, 0.040810079458],
      [0.11079015978, 0.28000122895, 0.38750480125, 0.22170381003],
      [0.31150314845, 0.20191065229, 0.41605679975, 0.070529399519],
      [0.24509945068, 0.38779054065, 0.061226083444, 0.30588392522],
      [0.19680832179, 0.36594456359, 0.30643663675, 0.13081047787],
      [0.6080148498, 0.087833466058, 0.29220576708, 0.011945917055]
    ],
    [
      [0.26724318214, 0.10380567523, 0.21007834631, 0.41887279632],
      [0.2265698778, 0.082605309243, 0.098153069559, 0.5926717434],
      [0.5998270549, 0.14617215952, 0.18845048345, 0.065550302132],
      [0.09866447815, 0.2145424636, 0.3642426368, 0.32255042145],
      [0.29944624158, 0.1673322674, 0.42286938367, 0.11035210735],
      [0.2143317602, 0.2912951896, 0.056549096812, 0.43782395339],
      [0.18767722317, 0.30008419943, 0.30871940243, 0.20351917497],
      [0.6006782973, 0.074910714325, 0.30526195883, 0.019149029547]
    ],
    [
      [0.29231828014, 0.15182012052, 0.23976810786, 0.31609349148],
      [0.26695110167, 0.13004916131, 0.12059164993, 0.4824080871],
      [0.57784895043, 0.1887652883, 0.1895175659, 0.043868195377],
      [0.099723293505, 0.29105122322, 0.38430937532, 0.22491610795],
      [0.2875221098, 0.21537430139, 0.42364841104, 0.073455177775],
      [0.22160966709, 0.40539503932, 0.060981204474, 0.31201408911],
      [0.17806523831, 0.3828574245, 0.3055971307, 0.13348020649],
      [0.58154241557, 0.097054191807, 0.30850467682, 0.012898715807]
    ],
    [
      [0.29391617264, 0.079751208789, 0.20251178018, 0.42382083838],
      [0.24736335662, 0.063044886014, 0.093930377893, 0.59566137947],
      [0.64703513415, 0.10991112535, 0.178151637, 0.064902103509],
      [0.11408002856, 0.17304590672, 0.36940053479, 0.34347352993],
      [0.33714453786, 0.13136102117, 0.41739060486, 0.11410383611],
      [0.24626082898, 0.2331409688, 0.056950780235, 0.46364742198],
      [0.21960868384, 0.24451711922, 0.31682275563, 0.21905144131],
      [0.64033493197, 0.055765841624, 0.28515953056, 0.018739695849]
    ],
    [
      [0.17833130329, 0.066032576832, 0.12209709487, 0.63353902501],
      [0.13054797236, 0.045362054341, 0.049359689586, 0.77473028372],
      [0.572019821, 0.13273723273, 0.15659613192, 0.13864681435],
      [0.073256233753, 0.15137766282, 0.23477082416, 0.54059527927],
      [0.27927582689, 0.148624119, 0.34286090709, 0.22923914703],
      [0.14005270126, 0.18024981276, 0.032263153305, 0.64743433267],
      [0.15668069627, 0.2381411602, 0.22415105671, 0.38102708681],
      [0.61304022133, 0.072737352975, 0.27111331987, 0.043109105823]
    ],
    [
      [0.22964635676, 0.10111559881, 0.2200486797, 0.44918936473],
      [0.19165180953, 0.07919763553, 0.10122206051, 0.62792849443],
      [0.55710801743, 0.15405522229, 0.21350989268, 0.075326867594],
      [0.083199246587, 0.20487841018, 0.37391122433, 0.3380111189],
      [0.26242805402, 0.16624152965, 0.45161443424, 0.11971598209],
      [0.18473729115, 0.2847489121, 0.059419590596, 0.47109420615],
      [0.16229287412, 0.29419989506, 0.32521948696, 0.21828774386],
      [0.55533046518, 0.078513836113, 0.34429018086, 0.02186551784]
    ]
  ],
  "expected_outcome": [
    [
      [13.2881227622, 9.8331012527, 15.5435755319, 11.7686018025, 16.1544847648, 14.9279676291, 6.0394192836, 2.9399659376, 0.95400772672, 0.82619361597, 2.8938066645, 1.6851348673, 1.6041345194, 1.2936256526, 1.5761602188, 1.4959113784, 2.334512295, 1.718118488, 1.1346689023, 1.9753485356, 1.2047167065, 2.047717796, 3.2033217732, 1.10871071, 1.907375828, 0.37939383598, 1.9293647125, 1.3008080148, 1.7338319834, 0.51073368658, 1.705331012, 1.8012486973, 0.99592959553, 1.5000316228, 0.65464960623, 2.7147404463, 2.1852686193, 0.78042488289, 0.91122728407, 1.252039257, 1.4182103119, 0.76590086307, 1.6424620603, 1.481390453, 2.2208920752, 2.1379454571, 1.7539096808, 2.0574132085, 0.71332521315, 1.1482317838],
      [3.775980508, 5.9409218928, 5.9574739198, 5.7894992428, 4.6954284042, 7.1001991474, 1.6249250752, 0.47702130785, 0.42188086923, 0.32406796684, 0.81892739423, 1.4041370699, 0.65861633019, 0.6339056246, 0.71393783197, 0.86032065152, 0.71217482404, 0.47966860526, 0.55232598694, 0.6782970812, 0.38365692978, 0.72071976539, 1.178410396, 0.6494870638, 0.73073180027, 0.12981376869, 0.51862479255, 0.56766869966, 0.7667383826, 0.17303720041, 1.1447860489, 1.1244111197, 0.36643106863, 0.52245804668, 0.29631903327, 1.14876501, 0.64007061162, 0.28437718321, 0.30947698079, 0.48486164188, 0.47047984057, 0.34137290577, 0.70962959762, 0.85961785561, 0.99903259828, 0.83044540187, 0.91092072315, 0.55825846152, 0.26413030733, 0.50557799403],
      [13.0233779526, 12.7182245181, 13.614641496, 8.6170455673, 8.2004763574, 9.0835642784, 3.8595960378, 1.3216961588, 0.86883088674, 0.54251463676, 2.249434425, 2.2494614815, 1.3410430156, 1.4785021736, 1.3618600767, 1.2285752793, 1.8172925808, 1.1399118688, 0.74997993118, 2.1872307615, 0.87090626829, 1.5754154125, 2.0399211986, 0.96003240983, 1.4398779039, 0.39969157392, 1.5168805877, 0.96787292048, 1.3333839013, 0.32317711623, 1.2640156215, 1.6296995777, 0.94704136169, 1.2786052827, 0.59468123112, 1.9135280232, 1.1447163468, 0.60856373689, 0.57800626, 1.4251733765, 0.94089724586, 0.6263251347, 0.96507679901, 1.9316158748, 1.652796441, 1.6806267705, 1.4386086472, 1.4175824613, 0.48838837948, 1.1002433985],
      [26.9125187772, 25.5077523365, 23.8843090522, 28.8248533874, 26.9496104736, 16.8882689451, 13.4760596034, 4.2613165958, 1.7552805173, 1.3072237804, 5.0378315163, 3.6612665813, 3.3962061348, 2.5939665492, 3.3480418725, 3.4151926907, 3.1360203001, 2.662301038, 2.5630251796, 4.1591236217, 1.5407200954, 3.6561470262, 5.5783466322, 3.2817698163, 2.9220144678, 1.0911008214, 2.0351299072, 2.163650365, 3.1660457327, 0.99305199677, 3.8858673176, 2.4446406053, 1.6905979742, 4.6989050478, 1.4543501294, 5.2229665205, 3.0299444223, 1.326634197, 1.2012894751, 2.8379257246, 3.1704126017, 1.2664010965, 2.6828315431, 4.7273758166, 2.1272788854, 3.3509823705, 1.8965609489, 2.9667458687, 2.5341561, 2.2459468236]
    ],
    [
      [0.77615498678, 0.60916778598, 0.68481244113, 1.0147217663, 1.1597289585, 2.1915264848, 7.9355597525, 12.1088321426, 12.9179455391, 11.7347329188, 9.8435356552, 9.6761622869, 6.1658991671, 1.1055944821, 1.2883787337, 0.51805350377, 1.51907661, 1.1882646765, 1.2562407345, 1.1074933211, 1.5726832785, 1.2733356454, 0.87336099809, 0.86595379396, 3.015325343, 0.89807005629, 1.7449792642, 1.3099307325, 1.2321165854, 1.8390477765, 1.3748355546, 1.3859965233, 2.1392435681, 0.4299206256, 2.680113288, 0.80551005518, 1.0372054292, 1.7444932455, 2.0765391457, 1.2179278318, 2.4158609721, 1.3015608332, 1.8038116984, 1.0586533863, 0.87374296551, 1.5859891446, 2.402559915, 1.4841801397, 1.0443837789, 1.1499108572],
      [0.20683227319, 0.34472523509, 0.24597583748, 0.46773363688, 0.31605561027, 0.97667557843, 2.0019819888, 1.8442234506, 5.3512724095, 4.3136375647, 2.6117226766, 7.542609148, 2.3725740187, 0.50781858802, 0.54700578511, 0.27917256674, 0.43459238954, 0.31105422157, 0.57333140384, 0.35692638341, 0.47030658907, 0.42074106978, 0.30166093853, 0.47608546482, 1.0838970511, 0.28824636519, 0.43990408961, 0.53605560417, 0.5109164598, 0.58455151833, 0.86471639296, 0.81151103034, 0.73878083598, 0.1406328281, 1.1386212277, 0.3199332367, 0.28531287538, 0.59655820567, 0.66180230987, 0.44239746822, 0.75211326459, 0.54415405225, 0.73118711514, 0.57601642148, 0.36887113944, 0.5782371647, 1.1704424517, 0.37826931608, 0.36289643473, 0.47518581318],
      [0.418727338, 0.4335280207, 0.33017983162, 0.40974542517, 0.32492588089, 0.73468993161, 2.7945896645, 3.001504588, 6.4592694227, 4.2405754979, 4.2093732714, 7.0788557215, 2.8366498121, 0.69501126444, 0.61311327178, 0.23452819237, 0.65081436086, 0.4342743888, 0.45820900465, 0.67615318276, 0.62771737794, 0.54092353962, 0.30740410071, 0.41442923928, 1.2556746062, 0.52194824676, 0.7561465741, 0.53779538826, 0.52270984851, 0.64248466874, 0.56259371662, 0.68909123894, 1.1151042221, 0.2013362074, 1.3348136875, 0.3121560628, 0.29872118331, 0.74887577929, 0.72682123545, 0.76372934834, 0.88502153805, 0.58698798608, 0.58519798377, 0.76066117073, 0.35834356044, 0.68707148691, 1.0853248493, 0.56358226736, 0.39487751669, 0.60733236306],
      [2.598285402, 2.6125789582, 1.7390318898, 4.1077991716, 3.1992895503, 4.0971080052, 29.2678685943, 29.0454398189, 39.2715126288, 30.7110540185, 28.3353683968, 34.7023728436, 21.624877002, 3.6915756655, 4.5515022094, 1.9682457371, 3.3955166396, 3.0664067131, 4.7122188571, 3.8594271127, 3.3292927545, 3.7649997452, 2.5175739627, 4.2435315019, 7.6451029997, 4.2917353318, 3.0589700721, 3.6162182751, 3.7342571063, 5.9339160365, 5.1978543358, 3.1134012075, 6.0068713738, 2.2281103389, 9.8464517967, 2.5624006453, 2.3787605121, 4.9100727695, 4.5348373089, 4.5759453516, 8.9470042252, 3.5672971284, 4.8798032027, 5.6046690215, 1.3990423346, 4.1487022038, 4.3416727839, 3.5739682768, 6.1978422697, 3.7675709666]
    ],
    [
      [2.3380441771, 3.365744609, 4.7121728966, 3.3836212706, 4.661977526, 4.3199940227, 5.0644195399, 7.2378310905, 1.6944865035, 5.558506494, 4.9719054252, 0.45219410742, 16.0854311045, 29.9030885897, 30.3562961756, 31.3561086585, 34.4441012791, 42.6183261456, 27.2161774921, 3.3356877006, 2.5452289693, 3.6408899976, 3.7472853657, 3.6601341232, 4.2549841715, 3.2705603201, 4.4987037532, 2.9645218208, 2.9206400345, 1.2500667121, 3.1964474967, 3.7877836446, 2.8928419842, 3.9377650245, 4.4391860939, 2.975625698, 6.0462918336, 3.6204286572, 1.9283787484, 4.8546474882, 3.0742192359, 4.6520535115, 2.4731134038, 3.3218572212, 3.035963729, 4.7986164392, 2.3113958017, 4.529245939, 2.860099105, 1.6713240523],
      [0.41582594878, 1.2794422805, 1.132517988, 1.0447046766, 0.84829280761, 1.2883376642, 0.85237796983, 0.73214978377, 0.47024700147, 1.366853877, 0.88023539372, 0.23730769923, 4.1491739345, 9.2286095673, 8.6521281455, 11.3588084851, 6.6027424981, 7.479193078, 8.3179386585, 0.7120551349, 0.50217204385, 0.79661011305, 0.85527982825, 1.3325339152, 1.0154106636, 0.70093550236, 0.75768775747, 0.81070555664, 0.80976722223, 0.26494982298, 1.3482677343, 1.4826447076, 0.66529962055, 0.85578740039, 1.2568393674, 0.78643996194, 1.104632865, 0.8238411204, 0.40824141551, 1.1753022918, 0.63586631247, 1.2959545338, 0.66680562899, 1.2084911852, 0.85754578295, 1.1693772762, 0.75506115319, 0.76937787743, 0.66368616364, 0.46216566688],
      [0.91137077925, 1.7367365847, 1.6419797988, 0.98636471705, 0.94085452671, 1.0447535419, 1.2863568178, 1.2916358674, 0.61428570699, 1.4526687042, 1.5362772661, 0.24064572278, 5.3654963922, 13.66679764, 10.4811577427, 10.2906617431, 10.7038070243, 11.2911737732, 7.1707994577, 1.4595159245, 0.72428566935, 1.1067864636, 0.94045964195, 1.2505351375, 1.2709482424, 1.3728624142, 1.4091930335, 0.87846739468, 0.89520256935, 0.31488312809, 0.94467427267, 1.3649443523, 1.0943996719, 1.3387995722, 1.6069184904, 0.83366463315, 1.2570438721, 1.1220052017, 0.4845628886, 2.1971757295, 0.8087285061, 1.5110463665, 0.57621452443, 1.7268892864, 0.90244009073, 1.5076038676, 0.75807026359, 1.247061459, 0.7829806596, 0.64052967805],
      [0.3347590949, 0.61807652581, 0.51332931667, 0.58530933575, 0.54887513968, 0.3469147712, 0.79684567249, 0.73838325831, 0.22098078802, 0.62197092471, 0.61158191492, 0.069852470569, 2.3998985689, 4.201504203, 4.5104179362, 4.9944211133, 3.2493491985, 4.6113070031, 4.2950843917, 0.49274124002, 0.22831331756, 0.45571342568, 0.45697516412, 0.75679682412, 0.45865692252, 0.65564176339, 0.33441545586, 0.34630522785, 0.37439017397, 0.17010033683, 0.51061049633, 0.36462729557, 0.34745872334, 0.86764800292, 0.69705604837, 0.40426970692, 0.59203142929, 0.43372502074, 0.17881694749, 0.77287449042, 0.48118594552, 0.54094558822, 0.28386644282, 0.74276230717, 0.20405039729, 0.52440241705, 0.17547278151, 0.45431472456, 0.69323407175, 0.22598060278]
    ],
    [
