{
  "X": [
    [0, 7, 7, 3],
    [24, 410, 275, 19],
    [23, 378, 394, 32],
    [26, 242, 358, 27],
    [4, 49, 80, 7],
    [18, 210, 373, 25],
    [2, 33, 32, 1],
    [0, 6, 4, 0],
    [0, 4, 9, 1],
    [1, 7, 6, 0],
    [10, 161, 346, 13],
    [20, 193, 326, 31],
    [7, 94, 180, 12],
    [27, 212, 431, 28],
    [31, 840, 411, 75],
    [20, 737, 410, 43],
    [26, 602, 305, 45],
    [28, 516, 199, 33],
    [0, 8, 8, 2],
    [0, 9, 8, 1],
    [14, 87, 164, 20],
    [24, 355, 731, 43],
    [37, 235, 560, 32],
    [75, 576, 680, 89],
    [46, 482, 451, 64],
    [11, 44, 50, 5],
    [2, 44, 33, 1],
    [3, 6, 14, 1],
    [4, 57, 62, 6],
    [8, 63, 98, 10],
    [18, 571, 698, 76],
    [40, 494, 528, 88],
    [80, 905, 794, 140],
    [22, 277, 233, 50],
    [27, 437, 440, 52],
    [15, 169, 151, 23],
    [26, 324, 216, 42],
    [14, 349, 229, 36],
    [50, 748, 678, 68],
    [8, 197, 193, 21],
    [17, 208, 367, 19],
    [10, 117, 85, 8],
    [1, 33, 65, 2],
    [10, 77, 84, 14],
    [23, 169, 108, 14],
    [27, 159, 281, 15],
    [38, 593, 540, 74],
    [0, 2, 3, 0],
    [6, 72, 88, 7],
    [3, 29, 48, 3],
    [21, 201, 251, 17],
    [1, 18, 25, 0],
    [91, 2147, 2201, 260],
    [6, 46, 90, 15],
    [22, 200, 240, 27],
    [120, 863, 1053, 117],
    [10, 73, 93, 6]
  ],
  "W": [
    [1, 0, 1, 10, 2, 3],
    [12, 58, 232, 340, 56, 30],
    [12, 54, 215, 475, 57, 14],
    [17, 50, 116, 410, 43, 17],
    [3, 12, 34, 84, 6, 1],
    [8, 38, 108, 428, 31, 13],
    [0, 7, 16, 38, 4, 3],
    [0, 2, 1, 5, 1, 1],
    [1, 4, 0, 8, 0, 1],
    [1, 2, 4, 6, 1, 0],
    [8, 36, 64, 386, 23, 13],
    [21, 87, 54, 370, 22, 16],
    [8, 21, 37, 199, 19, 9],
    [24, 49, 91, 489, 26, 19],
    [33, 88, 457, 630, 112, 37],
    [33, 71, 353, 632, 93, 28],
    [19, 84, 295, 496, 63, 21],
    [22, 74, 248, 346, 59, 27],
    [3, 1, 4, 8, 1, 1],
    [1, 1, 7, 8, 0, 1],
    [5, 27, 37, 189, 14, 13],
    [20, 62, 164, 826, 58, 23],
    [31, 74, 93, 616, 30, 20],
    [91, 172, 298, 730, 77, 52],
    [34, 95, 288, 529, 66, 31],
    [4, 9, 31, 56, 3, 7],
    [1, 6, 28, 37, 5, 3],
    [0, 4, 3, 15, 1, 1],
    [0, 9, 31, 75, 5, 9],
    [5, 8, 25, 134, 5, 2],
    [52, 93, 259, 855, 70, 34],
    [54, 90, 267, 636, 71, 32],
    [92, 176, 479, 991, 128, 53],
    [34, 51, 127, 298, 56, 16],
    [50, 73, 216, 544, 49, 24],
    [18, 29, 93, 187, 19, 12],
    [25, 48, 221, 256, 43, 15],
    [16, 47, 204, 307, 37, 17],
    [48, 122, 395, 849, 81, 49],
    [8, 31, 120, 231, 21, 8],
    [24, 50, 87, 423, 18, 9],
    [9, 25, 49, 120, 9, 8],
    [2, 10, 18, 64, 3, 4],
    [4, 19, 42, 101, 12, 7],
    [9, 70, 78, 134, 16, 7],
    [20, 55, 74, 297, 23, 13],
    [51, 114, 298, 658, 92, 32],
    [0, 0, 2, 3, 0, 0],
    [2, 14, 39, 107, 8, 3],
    [3, 7, 14, 50, 4, 5],
    [9, 46, 110, 290, 24, 11],
    [0, 3, 3, 36, 1, 1],
    [136, 312, 1190, 2604, 319, 138],
    [8, 14, 20, 108, 5, 2],
    [15, 53, 121, 250, 31, 19],
    [58, 231, 450, 1244, 94, 76],
    [5, 30, 21, 115, 4, 7]
  ],
  "method": "mvn_cdf",
  "mvncdf_method": "genz",
  "mvncdf_samples": 5000,
  "mvncdf_error": 1e-06,
  "cond_prob": [
    [
      [0, 0.049620111524, 0.042575540318, 0.90780434816],
      [0.041930539435, 0.66996689843, 0.14487735259, 0.14322520955],
      [0, 0.91483910499, 0.022977204693, 0.062183690319],
      [0, 0.33783442227, 0.66216557773, 0],
      [0, 0.63223589569, 0.01055018788, 0.35721391643],
      [0, 0.46424158981, 0.097230367299, 0.43852804289]
    ],
    [
      [0.10968784027, 0.17782931672, 0.26939754662, 0.4430852964],
      [0.27007738219, 0.52567428168, 0.17479566195, 0.029452674182],
      [0.0060869755116, 0.94414532886, 0.04036310162, 0.0094045940132],
      [0, 0.27797036829, 0.72202963171, 0],
      [0.00059078175391, 0.86209775891, 0.024414677086, 0.11289678225],
      [0.1857998551, 0.51826079505, 0.1802514924, 0.11568785745]
    ],
    [
      [0.10293628886, 0.11755386081, 0.23361887817, 0.54589097216],
      [0.32203820747, 0.43904551977, 0.19151743952, 0.047398833242],
      [0.0031793100167, 0.91127894951, 0.050106954219, 0.035434786253],
      [0.0013944343888, 0.22457726556, 0.77003552078, 0.0039927792747],
      [0.00055414534395, 0.77909188351, 0.028682113113, 0.19167185804],
      [0.2140862184, 0.41953449691, 0.19142026819, 0.1749590165]
    ],
    [
      [0.12660446597, 0.10766355778, 0.2633557665, 0.50237620975],
      [0.37473600903, 0.37994338761, 0.20416940885, 0.041151194506],
      [0.0038883322794, 0.89942900229, 0.061690889694, 0.034991775734],
      [0.00063388639775, 0.188302697, 0.80746398763, 0.0035994289692],
      [0.00063027079524, 0.77335991483, 0.035308149368, 0.190701665],
      [0.25722835384, 0.37530610362, 0.21057958657, 0.15688595596]
    ],
    [
      [0.057534514834, 0.071021428322, 0.24502687096, 0.62641718589],
      [0.26740816166, 0.3775926414, 0.28601271194, 0.068986485],
      [0.003888610944, 0.85620904478, 0.084127478675, 0.055774865598],
      [0.003841931387, 0.12850634012, 0.86254802882, 0.0051036996684],
      [0.00063699543022, 0.66926897717, 0.0426120739, 0.2874819535],
      [0.15974153439, 0.33457006233, 0.26272570441, 0.24296269887]
    ],
    [
      [0.094531138223, 0.085487368915, 0.22823587854, 0.59174561433],
      [0.34815748364, 0.37335811932, 0.21920184633, 0.059282550715],
      [0.0038509937789, 0.87979803755, 0.066300363686, 0.050050604988],
      [0.0015344460608, 0.17212545108, 0.82200591327, 0.0043341895924],
      [0.00063294425835, 0.70704490038, 0.035303271335, 0.25701888403],
      [0.22473038475, 0.34786303739, 0.21315932639, 0.21424725146]
    ],
    [
      [0.073313296095, 0.18131316937, 0.33332421621, 0.41204931832],
      [0.19409071224, 0.55906050862, 0.22214426836, 0.024704510779],
      [0.0060447067767, 0.93828473678, 0.044608589948, 0.011061966491],
      [0.0040517705144, 0.23452556581, 0.76142266368, 0],
      [0.00075075819428, 0.88057229952, 0.028577178943, 0.090099763347],
      [0.12922646452, 0.54658665078, 0.22762758227, 0.096559302433]
    ],
    [
      [0.023258249674, 0.39400135236, 0.35909519541, 0.22364520255],
      [0, 0.83935210942, 0.16064789058, 0],
      [0, 0.97618748314, 0.023812516862, 0],
      [0, 0.30496066384, 0.69503933616, 0],
      [0, 0.98305504432, 0.01694495568, 0],
      [0, 0.83724993448, 0.16275006552, 0]
    ],
    [
      [0, 0.11863646338, 0.34728956055, 0.53407397608],
      [0, 0.59546519018, 0.36560495531, 0.03892985451],
      [0.00047978276204, 0.91446898898, 0.070148861033, 0.014902367228],
      [0, 0.12119936954, 0.85388373455, 0.024916895915],
      [9.535851484e-05, 0.8570736925, 0.045154025571, 0.097676923411],
      [0, 0.52990781961, 0.35922074183, 0.11087143856]
    ],
    [
      [0.26164312513, 0.21968331722, 0.51867355764, 0],
      [0.32594232342, 0.46350426473, 0.21055341186, 0],
      [0.0085164253099, 0.95568990884, 0.035793665854, 0],
      [0.005290171441, 0.17996761416, 0.8147422144, 0],
      [0.020665498152, 0.950742833, 0.028591668846, 0],
      [0.20527742908, 0.51836357309, 0.25583218805, 0.020526809792]
    ],
    [
      [0.064965505041, 0.12278751522, 0.35627315167, 0.45597382806],
      [0.20404007376, 0.46208618048, 0.29456511919, 0.03930862656],
      [0.0018700910026, 0.89781989322, 0.072984572071, 0.027325443707],
      [0.00070547099027, 0.16025540808, 0.83710134895, 0.0019377719779],
      [0.00034051771046, 0.8007660703, 0.043296986868, 0.15559642512],
      [0.13346182849, 0.43430131378, 0.28903896074, 0.14319789698]
    ],
    [
      [0.051867870614, 0.1055077371, 0.23621326955, 0.60641112274],
      [0.19374530365, 0.49922130181, 0.24183642082, 0.065196973718],
      [0.0013982827508, 0.90007201025, 0.055829115546, 0.042700591456],
      [0, 0.20393801181, 0.79121510732, 0.0048468808676],
      [0.00015291929368, 0.74413056623, 0.030887904966, 0.22482860951],
      [0.12350386291, 0.43251618022, 0.22224105436, 0.22173890252]
    ],
    [
      [0.06633974477, 0.1108657347, 0.31619765048, 0.50659687005],
      [0.22532735648, 0.44822623053, 0.2801539951, 0.046292417889],
      [0.0022579226453, 0.89378593255, 0.070869396074, 0.033086748732],
      [0.0017115610981, 0.16155723425, 0.83285681994, 0.0038743847137],
      [0.0004635154653, 0.77540779604, 0.041082080815, 0.18304660768],
      [0.14493966284, 0.4164006708, 0.27177228227, 0.1668873841]
    ],
    [
      [0.12265498196, 0.1000020729, 0.26833744266, 0.50900550248],
      [0.37557036112, 0.36585167345, 0.21546554551, 0.04311241992],
      [0.0041307455039, 0.89117702657, 0.0670478434, 0.037644384527],
      [0.00079482828881, 0.17185374766, 0.82356037409, 0.003791049953],
      [0.00069559292097, 0.7581441216, 0.037849336316, 0.20331094916],
      [0.25635149725, 0.359362056, 0.22082264321, 0.16346380354]
    ],
    [
      [0.071943166674, 0.15098310874, 0.13107663037, 0.64599709421],
      [0.23442061908, 0.59262326776, 0.11353408708, 0.059422026078],
      [0.0024343106395, 0.93498706768, 0.027948686803, 0.034629934874],
      [0.002136002791, 0.39017239646, 0.6005715819, 0.0071200188493],
      [0.00046863448527, 0.80252818071, 0.01420380902, 0.18279937579],
      [0.14827600642, 0.53745551099, 0.10702698542, 0.20724149717]
    ],
    [
      [0.072094157739, 0.21002530433, 0.17715341104, 0.54072712688],
      [0.18592465744, 0.6531941966, 0.12187478881, 0.03900635715],
      [0.0012574879476, 0.94959604033, 0.029990643603, 0.01915582812],
      [0.00083781658189, 0.39666329103, 0.60147649961, 0.0010223927838],
      [0.00022810679275, 0.86613375215, 0.015538598149, 0.11809954291],
      [0.12234410212, 0.61583342434, 0.11913903071, 0.14268344283]
    ],
    [
      [0.073258203395, 0.16240132171, 0.12207568904, 0.64226478585],
      [0.22952431638, 0.6112912963, 0.10269341197, 0.056490975351],
      [0.0026653027902, 0.93802918854, 0.027256262167, 0.032049246507],
      [0.0029110970971, 0.41876747767, 0.57091262273, 0.0074088024977],
      [0.00050308625535, 0.81577683047, 0.012953352866, 0.1707667304],
      [0.14600898296, 0.55927076829, 0.096428374212, 0.19829187453]
    ],
    [
      [0.099476610889, 0.20855481014, 0.12855391923, 0.56341465974],
      [0.24846613288, 0.62556456215, 0.086793444816, 0.03917586015],
      [0.0044323299285, 0.94929732511, 0.025252965508, 0.021017379456],
      [0.0051474766508, 0.46951436157, 0.52160327553, 0.0037348862505],
      [0.00095473159039, 0.86396290495, 0.01194367657, 0.12313868689],
      [0.16623877111, 0.60253701688, 0.085442709777, 0.14578150223]
    ],
    [
      [0, 0.16668152291, 0.31704571492, 0.51627276217],
      [0, 0.69071171604, 0.27447211611, 0.034816167845],
      [0, 0.93923605756, 0.03912927051, 0.02163467193],
      [0, 0.19561470986, 0.79140388287, 0.01298140727],
      [0, 0.87324072664, 0.026686798408, 0.10007247495],
      [0, 0.61414107943, 0.25995579575, 0.12590312482]
    ],
    [
      [0, 0.13344140681, 0.32499872134, 0.54155987184],
      [0, 0.63348087365, 0.3347893194, 0.031729806954],
      [0, 0.92366048128, 0.049261243996, 0.02707827472],
      [0, 0.15006671496, 0.8350104887, 0.014922796338],
      [5.0438027534e-05, 0.86764180853, 0.03580323282, 0.096504520626],
      [0, 0.56692063086, 0.31529934168, 0.11778002746]
    ],
    [
      [0.067557054699, 0.051839789301, 0.13084138637, 0.74976176963],
      [0.37206585821, 0.33572757658, 0.18681228159, 0.10539428361],
      [0.014549122752, 0.84202462609, 0.059953950561, 0.083472300596],
      [0.001614822983, 0.18561759225, 0.81276758477, 0],
      [0.00072000228605, 0.55904963329, 0.026583619035, 0.41364674539],
      [0.2125259567, 0.2779096553, 0.16140931594, 0.34815507206]
    ],
    [
      [0.074698336127, 0.09435814672, 0.27144258943, 0.55950092772],
      [0.27163292259, 0.41150023305, 0.26010070042, 0.056766143942],
      [0.0028423195195, 0.88181975833, 0.071632617638, 0.043705304517],
      [0.0014320527522, 0.15973835767, 0.83497669326, 0.0038528963161],
      [0.00049606651545, 0.73044575144, 0.039394141228, 0.22966404082],
      [0.17334801064, 0.37702805353, 0.24876289862, 0.20086103721]
    ],
    [
      [0.12189214219, 0.099082608534, 0.29949921218, 0.47952603709],
      [0.36587373459, 0.35688544863, 0.23709670071, 0.04014411607],
      [0.0042109620251, 0.88501185055, 0.075147815384, 0.035629372042],
      [0.0011487287838, 0.15147410169, 0.84419614694, 0.0031810225808],
      [0.00072739361431, 0.76180904114, 0.042882992823, 0.19458057242],
      [0.25128145125, 0.35252479789, 0.24351527193, 0.15267847893]
    ],
    [
      [0.10060427796, 0.11515188, 0.27402822537, 0.51021561667],
      [0.30812906229, 0.4254499312, 0.22219217631, 0.044228830201],
      [0.0032607501988, 0.90311118069, 0.059925793711, 0.033702275404],
      [0.0015069784512, 0.19440045305, 0.8010453803, 0.0030471881974],
      [0.00058201787513, 0.78049834263, 0.034499554185, 0.18442008531],
      [0.20634997666, 0.40780684236, 0.2224787951, 0.16336438588]
    ],
    [
      [0.10329642947, 0.098970577257, 0.19504563721, 0.60268735607],
      [0.35579859019, 0.40903501212, 0.17701224145, 0.058154156242],
      [0.0033550440106, 0.90129515947, 0.049385209298, 0.045964587222],
      [0.00089411323761, 0.22653888434, 0.7678195684, 0.0047474340192],
      [0.00052994977379, 0.73457976117, 0.026887987371, 0.23800230168],
      [0.23267226024, 0.38330110451, 0.17348987965, 0.2105367556]
    ],
    [
      [0.38202815936, 0.071012214165, 0.17075768465, 0.37620194183],
      [0.56778921476, 0.33299652351, 0.080243227216, 0.018971034517],
      [0, 0.89192219824, 0.065908923929, 0.042168877833],
      [0, 0.16914993868, 0.81639316232, 0.014456899003],
      [0.0011631779854, 0.76177880984, 0.034147632957, 0.20291037922],
      [0.62261355654, 0.18738018441, 0.10444908371, 0.085557175342]
    ],
    [
      [0.079519738895, 0.18738188336, 0.38256724664, 0.3505311311],
      [0.20014514799, 0.55841526663, 0.23926521461, 0.0021743707714],
      [0.011248767002, 0.9393239164, 0.049427316598, 0],
      [0, 0.21909842888, 0.78090157112, 0],
      [0.00089771826033, 0.88879364478, 0.03208774559, 0.078220891373],
      [0.13338510194, 0.53681558835, 0.24802658057, 0.081772729137]
    ],
    [
      [0.18920699986, 0.050998606022, 0.15678720438, 0.60300718974],
      [0.61239040804, 0.25268852136, 0.10918921991, 0.02573185069],
      [0.0039563928621, 0.87907504423, 0.075291891669, 0.041676671238],
      [0, 0.096462286537, 0.87668455069, 0.026853162769],
      [0, 0.70405195137, 0.040013129183, 0.25593491944],
      [0.53856918927, 0.20103453244, 0.14708605575, 0.11331022254]
    ],
    [
      [0.058713663089, 0.095802005685, 0.1799223826, 0.66556194862],
      [0.25361149514, 0.48013339901, 0.1974151414, 0.068839964445],
      [0.0030821231262, 0.9048235245, 0.045454082047, 0.046640270322],
      [0.0032538561964, 0.22893381814, 0.76069048567, 0.0071218400018],
      [0.00050147235118, 0.72995911476, 0.024960767638, 0.24457864526],
      [0.15282268337, 0.4232709128, 0.18195521343, 0.2419511904]
    ],
    [
      [0.21430913206, 0.044455314549, 0.068269325352, 0.67296622804],
      [0.72964061311, 0.16959389034, 0.052631884943, 0.048133611604],
      [0, 0.87073481229, 0.036803206044, 0.09246198167],
      [0, 0.27216881577, 0.71724891959, 0.010582264645],
      [0.0015925063717, 0.56596460335, 0.016228540451, 0.41621434983],
      [0.54168345147, 0.17607883377, 0.062510107935, 0.21972760683]
    ],
    [
      [0.042713604972, 0.11894919385, 0.21659586238, 0.62174133881],
      [0.13324650638, 0.57989808463, 0.21967049899, 0.067184909999],
      [0, 0.91331806735, 0.046376190176, 0.040305742475],
      [0, 0.23953875625, 0.75521822399, 0.0052430197603],
      [0, 0.76196112738, 0.025836040235, 0.21220283238],
      [0.099616689658, 0.47623014984, 0.1992976814, 0.2248554791]
    ],
    [
      [0.075835927219, 0.088929918319, 0.16803567505, 0.66719847941],
      [0.30880904957, 0.43472413046, 0.18053731547, 0.075929504496],
      [0.0032058457989, 0.89459048621, 0.046934487563, 0.055269180425],
      [0.0017831686873, 0.23504165838, 0.75955632585, 0.0036188470756],
      [0.00052757279202, 0.69664978739, 0.024466257072, 0.27835638275],
      [0.19014161522, 0.38338510044, 0.16660248376, 0.25987080058]
    ],
    [
      [0.091271378225, 0.1047538625, 0.16696304335, 0.63701171593],
      [0.32647763653, 0.45121493285, 0.15793859881, 0.064368831808],
      [0.0031394638862, 0.91023148976, 0.040181893692, 0.046447152663],
      [0.0015219157734, 0.26602528368, 0.72733680662, 0.0051159939285],
      [0.00051589318736, 0.73784837469, 0.021823986297, 0.23981174583],
      [0.20877194553, 0.4126846186, 0.15114781018, 0.22739562569]
    ],
    [
      [0.080483322517, 0.10854227032, 0.15829913831, 0.65267526885],
      [0.29776937924, 0.4813167427, 0.1539224896, 0.066991388462],
      [0.0030313020473, 0.91458739941, 0.036863670953, 0.045517627588],
      [0.0022420057452, 0.28201188703, 0.71020125633, 0.0055448508989],
      [0.0006068758161, 0.74332131471, 0.020058672356, 0.23601313711],
      [0.18689066098, 0.43401707805, 0.14517725487, 0.2339150061]
    ],
    [
      [0.079940363587, 0.13930078805, 0.22906716143, 0.55169168694],
      [0.24707560261, 0.51813399532, 0.18693158095, 0.04785882112],
      [0.0021505937349, 0.92503081914, 0.042210009564, 0.030608577558],
      [0.001135399619, 0.25977538451, 0.73565808055, 0.0034311353187],
      [0.00038126091183, 0.80563654775, 0.024570164111, 0.16941202723],
      [0.16106647525, 0.4837717496, 0.18255585802, 0.17260591714]
    ],
    [
      [0.10384900873, 0.11600320066, 0.18801909857, 0.59212869204],
      [0.33860976957, 0.4493678269, 0.15951094198, 0.05251146155],
      [0.0032994299746, 0.91737940305, 0.040685116949, 0.038636050029],
      [0.0017255403837, 0.26094991383, 0.73191965847, 0.0054048873097],
      [0.00056394082242, 0.77112557344, 0.023010302979, 0.20530018276],
      [0.2225663842, 0.42624759523, 0.15832926172, 0.19285675885]
    ],
    [
      [0.11553281474, 0.10259361862, 0.17942987352, 0.60244369312],
      [0.38356116838, 0.4054714552, 0.15564296517, 0.05532441125],
      [0.0030904983807, 0.9083675241, 0.043813490127, 0.044728487396],
      [0.00071437778796, 0.24775622577, 0.74607707539, 0.0054523210534],
      [0.00048428567785, 0.7441493356, 0.024082981531, 0.23128339719],
      [0.25426922729, 0.3866194421, 0.15528733403, 0.20382399657]
    ],
    [
      [0.058092527087, 0.12438829031, 0.15633763081, 0.66118155179],
      [0.21766745158, 0.55929140446, 0.15442276956, 0.068618374405],
      [0.0015920352137, 0.92368195549, 0.033716820177, 0.041009189114],
      [0.00078136734384, 0.3112465792, 0.68170288701, 0.006269166445],
      [0.00026464821026, 0.76707052832, 0.01812071369, 0.21454410977],
      [0.1332766118, 0.49162723895, 0.1417202178, 0.23337593146]
    ],
    [
      [0.094137158605, 0.1397446131, 0.22266060466, 0.54345762364],
      [0.27965613666, 0.49992946817, 0.17489802888, 0.045516366288],
      [0.0025855475639, 0.92617221787, 0.041111119425, 0.030131115139],
      [0.0014371552259, 0.26592298076, 0.72944007312, 0.0031997908978],
      [0.00045833844999, 0.80806696996, 0.023926780738, 0.16754791085],
      [0.18540420869, 0.47430208497, 0.1735336319, 0.16676007444]
    ],
    [
      [0.050272228645, 0.10361034574, 0.20051406818, 0.64560335743],
      [0.2060774622, 0.50701267068, 0.21524972092, 0.071660146204],
      [0.0014338815966, 0.90448906508, 0.048214434037, 0.045862619288],
      [0.0001732128484, 0.2292783811, 0.765475779, 0.0050726270547],
      [0.00023204249417, 0.73516087772, 0.026289083271, 0.23831799651],
      [0.12405874885, 0.43916902086, 0.19505479063, 0.24171743966]
    ],
    [
      [0.087210874717, 0.13702236796, 0.32384519381, 0.45192156351],
      [0.24962251832, 0.47069707537, 0.24396880742, 0.035711598897],
      [0.0024339184762, 0.91305001424, 0.059855213719, 0.024660853567],
      [0.0016516758452, 0.19593303226, 0.80133322215, 0.0010820697446],
      [0.00044551916155, 0.82119476631, 0.035937963708, 0.14242175082],
      [0.1674871062, 0.45334219137, 0.24567056311, 0.13350013931]
    ],
    [
      [0.11244846798, 0.19695317187, 0.20233944069, 0.48825891946],
      [0.27205912584, 0.56822113966, 0.1287714025, 0.030948331998],
      [0.0033558597542, 0.94903946523, 0.029973291616, 0.0176313834],
      [0.0044155678469, 0.35141294572, 0.64403370698, 0.00013777945018],
      [0.00061871727664, 0.87276769779, 0.016988883727, 0.10962470121],
      [0.18582648964, 0.56181204986, 0.13175298633, 0.12060847417]
    ],
    [
      [0.033975178554, 0.12809634436, 0.5057494406, 0.33217903649],
      [0.066424107452, 0.5041564085, 0.40381664762, 0.025602836429],
      [0, 0.88605014459, 0.096753228427, 0.017196626987],
      [0, 0.11686045112, 0.8819109057, 0.0012286431795],
      [0, 0.83577483879, 0.059769700146, 0.10445546107],
      [0.066952142094, 0.44173680897, 0.39679236636, 0.094518682573]
    ],
    [
      [0.083527016453, 0.065379653377, 0.12676655469, 0.72432677548],
      [0.39922825779, 0.36142086235, 0.15397084041, 0.085380039455],
      [0.0043834706893, 0.87676990324, 0.046934656276, 0.071911969796],
      [0.0020536585425, 0.23072730322, 0.76569369935, 0.0015253388864],
      [0.00065153352011, 0.62682863968, 0.022496802059, 0.35002302474],
      [0.24017305032, 0.31739253778, 0.14160099867, 0.30083341323]
    ],
    [
      [0.10137783473, 0.15458036329, 0.19785794497, 0.54618385702],
      [0.28694981083, 0.52350695164, 0.14738118864, 0.042162048889],
      [0.0033373986289, 0.93614643462, 0.033554748348, 0.026961418402],
      [0.0029107613874, 0.30723092669, 0.68610365105, 0.0037546608715],
      [0.00061992883844, 0.82799163991, 0.01963616007, 0.15175227118],
      [0.19154782131, 0.50386539997, 0.14760815963, 0.15697861909]
    ],
    [
      [0.14130508846, 0.11903818657, 0.35806347823, 0.38159324673],
      [0.36410384721, 0.36652080784, 0.24270274425, 0.026672600696],
      [0.0091063258401, 0.89654908555, 0.076192843579, 0.01815174503],
      [0.00030414323584, 0.15645947722, 0.84323637954, 0],
      [0.0007797313723, 0.81596120375, 0.045775127122, 0.13748393775],
      [0.25892724305, 0.37541439119, 0.25829049449, 0.10736787127]
    ],
    [
      [0.073378916932, 0.12633519723, 0.21296092808, 0.58732495776],
      [0.24591654551, 0.50989418214, 0.18866253813, 0.055526734218],
      [0.0020461969707, 0.91895551415, 0.042973141232, 0.036025147652],
      [0.00083799208298, 0.25493473575, 0.73981749333, 0.0044097788369],
      [0.00034461862999, 0.7816043827, 0.024449326199, 0.19360167248],
      [0.15719745772, 0.46642392601, 0.18050683157, 0.19587178471]
    ],
    [
      [0.086816777242, 0.11866583851, 0.21675215778, 0.57776522647],
      [0.28538151806, 0.4712851935, 0.18908475867, 0.054248529767],
      [0, 0.93550663206, 0.064493367936, 0],
      [0, 0.042995578624, 0.95700442138, 0],
      [0.00044634156502, 0.77152077928, 0.026190407393, 0.20184247177],
      [0.18544281225, 0.43724552262, 0.18351241851, 0.19379924662]
    ],
    [
      [0.090038875325, 0.096509931913, 0.19172608072, 0.62172511204],
      [0.34150096185, 0.41887558338, 0.18226063266, 0.057362822106],
      [0.0035505282064, 0.90329978196, 0.048694914069, 0.044454775769],
      [0.0022798138864, 0.22087755665, 0.77023639463, 0.0066062348345],
      [0.00060083391018, 0.73788468455, 0.026828887547, 0.23468559399],
      [0.21723047542, 0.39235147809, 0.17862400242, 0.21179404407]
    ],
    [
      [0.076895134204, 0.12539620146, 0.38321012409, 0.41449854025],
      [0.23275628648, 0.44283246756, 0.29358515045, 0.030826095512],
      [0.0036260902637, 0.90048503757, 0.073732771887, 0.022156100277],
      [0.0063002236082, 0.14943937638, 0.84182208073, 0.002438319278],
      [0.00083211003315, 0.82339471098, 0.045065682415, 0.13070749658],
      [0.15418314156, 0.43032918676, 0.29832960037, 0.11715807132]
    ],
    [
      [0.12241800478, 0.11501018585, 0.25998170939, 0.50259009998],
      [0.35904014927, 0.40138232919, 0.19921960696, 0.040357914577],
      [0.0035822033271, 0.90657369406, 0.057106179637, 0.032737922975],
      [0.00093690120941, 0.20193178865, 0.79368053354, 0.0034507765996],
      [0.00061877931801, 0.78614743079, 0.032957159262, 0.18027663063],
      [0.24561787911, 0.39549616269, 0.20509603517, 0.15378992303]
    ],
    [
      [0.092325862271, 0.29059489973, 0.33172268108, 0.28535655691],
      [0.1917307236, 0.64878541995, 0.15948385645, 0],
      [0.006617033028, 0.96400756241, 0.029375404564, 0],
      [0.0060351637368, 0.32056576787, 0.67339906839, 0],
      [0.028028303042, 0.95266821282, 0.019303484143, 0],
      [0.15966253255, 0.66858519674, 0.1717522707, 0]
    ],
    [
      [0.057001517712, 0.11394314341, 0.22615472869, 0.60290061019],
      [0.20915602252, 0.5069631451, 0.22071228705, 0.063168545334],
      [0, 0.90903258513, 0.050177605443, 0.040789809431],
      [0, 0.22583114617, 0.76977288099, 0.0043959728389],
      [0, 0.75723405546, 0.027962667999, 0.21480327654],
      [0.1303703954, 0.4489890334, 0.20478767874, 0.21585289246]
    ],
    [
      [0.038353525958, 0.034055909012, 0.076871688697, 0.85071887633],
      [0.33063784259, 0.33258697578, 0.16768902591, 0.16908615572],
      [0.037355891203, 0.80433662908, 0.051478293911, 0.10682918581],
      [0, 0.20676969302, 0.79323030698, 0],
      [0.00060449441141, 0.43788218836, 0.018795535055, 0.54271778217],
      [0.15705085001, 0.2320323485, 0.12248171038, 0.48843509111]
    ],
    [
      [0.087614216171, 0.097050959934, 0.27894442229, 0.53639040161],
      [0.30006766031, 0.39776093302, 0.25119156098, 0.050979845689],
      [0.0037695931366, 0.88359432067, 0.071695505408, 0.040940580784],
      [0.0023330106049, 0.16161260733, 0.83168280925, 0.0043715728175],
      [0.00069616394232, 0.74331791485, 0.03977901622, 0.21620690499],
      [0.19585506622, 0.37378874508, 0.24598278761, 0.18437340109]
    ],
    [
      [0.11711858412, 0.091518551251, 0.18790697487, 0.60345588976],
      [0.39809711335, 0.37472495614, 0.16916787001, 0.058010060502],
      [0.002461757483, 0.89628046639, 0.051501566894, 0.04975620923],
      [0, 0.21963917747, 0.77533125008, 0.005029572447],
      [0.00055904359928, 0.71862308854, 0.027504849859, 0.253313018],
      [0.26429405226, 0.35555976556, 0.16776817627, 0.2123780059]
    ],
    [
      [0.093753756236, 0.15408584388, 0.24632737214, 0.50583302775],
      [0.26392227674, 0.51820133035, 0.18078394529, 0.037092447622],
      [0.0025003120948, 0.9330477017, 0.040717352497, 0.023734633712],
      [0.0028044062819, 0.26290893302, 0.73140905257, 0.0028776081275],
      [0.00045597740804, 0.8377756971, 0.024535064451, 0.13723326104],
      [0.17667510437, 0.50055700699, 0.18279986781, 0.13996802084]
    ]
  ],
  "expected_outcome": [
    [
      [0, 1.3162540832, 1.2352354663, 2.1522759214, 0.1726035445, 0.75624910578, 0, 0, 0, 0.26164312513, 0.51972404033, 1.0892252829, 0.53071795816, 2.9437195671, 2.3741245002, 2.3791072054, 1.3919058645, 2.1884854396, 0, 0, 0.3377852735, 1.4939667225, 3.778656408, 9.1549892944, 3.5120786019, 1.5281126374, 0.079519738895, 0, 0, 1.0715456603, 2.2211074586, 4.0951400698, 8.3969667967, 2.7364329656, 3.9970181793, 1.8692821572, 2.8883203684, 0.92948043338, 4.518583613, 0.40217782916, 2.0930609932, 1.0120362118, 0.067950357109, 0.33410806581, 0.91240051253, 2.8261017692, 3.7423247635, 0, 0.18007775065, 0.23068540261, 1.101762043, 0, 7.7522064089, 0.30682820766, 1.3142132426, 6.7928778792, 0.46876878118],
      [0.049620111524, 2.1339518006, 1.4106463297, 1.8302804822, 0.21306428497, 0.68389895132, 0, 0, 0.11863646338, 0.21968331722, 0.98230012179, 2.2156624791, 0.88692587759, 2.4000497495, 4.9824425886, 6.9308350431, 3.0856251126, 4.5882058232, 0.50004456874, 0.13344140681, 0.2591989465, 1.8871629344, 3.0715608646, 10.4788210797, 3.3649996267, 0.28404885666, 0.18738188336, 0, 0, 0.22227657274, 6.1853580799, 4.8022155892, 9.6373553497, 3.690437191, 6.9650394024, 2.0880576118, 2.5648404655, 1.990212645, 6.7077414287, 0.82888276593, 3.288536831, 1.7725785468, 0.25619268872, 0.26151861351, 1.3912232696, 2.3807637315, 6.4430950585, 0, 0.19301986383, 0.37618860437, 1.0350916726, 0, 15.4962675041, 0.27244727209, 1.455764399, 5.3080759726, 0.77042921938],
      [0.042575540318, 3.2327705594, 2.8034265381, 4.4770480305, 0.73508061288, 1.8258870283, 0, 0, 0.34728956055, 0.51867355764, 2.8501852134, 4.9604786605, 2.5295812038, 6.4400986239, 4.3255288023, 5.8460625644, 2.3194380917, 2.8281862231, 0.95113714475, 0.32499872134, 0.65420693186, 5.4288517887, 9.2844755777, 24.936568509, 6.6315516652, 0.68303073861, 0.38256724664, 0, 0, 0.34134662676, 11.2629848436, 9.0739264528, 15.3605999879, 5.3821707026, 11.4533580714, 3.3843437743, 4.485746838, 2.501402093, 10.6877090237, 1.6041125454, 7.7722846515, 1.8210549662, 1.0114988812, 0.50706621876, 1.7807215047, 7.1612695646, 10.8610073323, 0, 0.38345216145, 1.1496303723, 2.3398353845, 0, 30.7570431015, 0.61497350958, 4.1841663343, 10.8986045424, 1.2316368607],
      [0.90780434816, 5.3170235568, 6.5506916659, 8.5403955658, 1.8792515577, 4.7339649146, 0, 0, 0.53407397608, 0, 3.6477906245, 12.7346335774, 4.0527749604, 12.2161320595, 21.3179041089, 17.8439951872, 12.2030309312, 12.3951225142, 1.5488182865, 0.54155987184, 3.7488088481, 11.1900185544, 14.8653071498, 46.4296211169, 20.4913701062, 1.5048077673, 0.3505311311, 0, 0, 3.3648311402, 32.3305496179, 36.0287178882, 58.6050778656, 22.1909591408, 27.5845843469, 10.6583164567, 15.0610923281, 10.5789048286, 26.0859659346, 5.1648268595, 10.8461175243, 4.3943302752, 0.66435807297, 2.8973071019, 4.9156547131, 7.6318649346, 29.9535728457, 0, 1.2434502241, 1.2434956208, 4.5233108998, 0, 81.9944829855, 6.8057510107, 8.0458560241, 35.0004416058, 2.5291651387]
    ],
    [
      [0, 15.6644881668, 17.3900632033, 18.7368004516, 3.2088979399, 13.2299843782, 1.3586349857, 0, 0, 0.65188464683, 7.3454426555, 16.8558414176, 4.731874486, 18.4029476951, 20.6290144793, 13.2006506782, 19.2800425759, 18.3864938332, 0, 0, 10.0457781717, 16.8412412004, 27.0746563594, 52.9981987143, 33.800866068, 5.1101029329, 1.2008708879, 2.4495616321, 2.2825034562, 5.8371249049, 12.3919250931, 27.7928144614, 57.4600640291, 15.186238341, 18.0365189906, 9.8196833174, 18.4109360822, 10.2303702241, 34.1180486724, 6.3884013281, 12.4811259161, 6.801478146, 0.66424107452, 7.585336898, 20.0864867579, 20.0257115963, 28.0344861877, 0, 4.7810134659, 1.6292940054, 16.5158468665, 0.5751921708, 65.2566790253, 4.6289297962, 15.9035859963, 91.9604331833, 7.9176683022],
      [0, 30.4891083374, 23.7084580674, 18.9971693807, 4.5311116968, 14.187608534, 3.9134235603, 1.6787042188, 2.3818607607, 0.92700852945, 16.6351024974, 43.4322532578, 9.4127508411, 17.926731999, 52.1508475629, 46.3767879589, 51.3484688895, 46.2917775993, 0.69071171604, 0.63348087365, 9.0646445677, 25.513014449, 26.4095231987, 73.177388166, 38.8583261511, 2.9969687115, 3.3504915998, 1.0107540854, 4.3212005911, 1.3567511227, 53.9305218707, 39.1251717415, 79.4138281823, 24.5471538776, 37.823781658, 13.0316669802, 19.4626298496, 26.2866960097, 60.9913951168, 15.717392791, 23.5348537683, 14.2055284915, 5.041564085, 6.8669963846, 36.6454866149, 20.1586444315, 58.1279367645, 0, 5.8642581674, 3.0998272729, 18.4635871426, 1.9463562598, 158.1725012707, 4.656217661, 21.0813294503, 86.5614648685, 15.5460399105],
      [0, 10.1381483932, 10.3419417343, 10.2084704425, 3.4321525433, 8.3296701606, 1.5550098785, 0.32129578116, 1.4624198213, 0.42110682372, 10.6043442909, 21.0397686111, 5.8832338972, 10.5578117298, 9.9909996629, 8.6531100053, 8.6262466051, 6.4227149164, 0.27447211611, 0.3347893194, 5.0439316029, 16.1262434262, 17.5451558527, 38.2170543252, 16.8161629379, 0.72218904494, 1.4355912877, 0.43675687965, 1.7767362726, 0.42105507955, 20.4293564063, 16.2483583924, 27.7971933904, 7.8500469698, 13.6460054096, 4.6258173175, 7.4708623283, 7.2578701692, 21.3375595238, 6.6727413485, 12.1984403708, 3.2192850626, 4.0381664762, 2.9254459678, 10.316683205, 13.348650934, 21.5075293469, 0, 2.5516488572, 2.0550960532, 9.1641019204, 0.47845156935, 68.8622335596, 2.3476463627, 13.3131527319, 39.0777779723, 5.4235183587],
      [0, 1.7082551025, 2.5595369951, 2.0575597253, 0.82783782, 2.2527369272, 0.17293157545, 0, 0.15571941804, 0, 1.4151105562, 5.6721367135, 0.97214077566, 2.1125085761, 5.2291382948, 2.7694513576, 4.7452419295, 2.8990136511, 0.034816167845, 0.031729806954, 2.8456456576, 3.5195009244, 2.9706645892, 7.6073587945, 5.524644843, 0.17073931065, 0.013046224629, 0.10292740276, 0.61955968, 0.38506889283, 6.2481966299, 6.8336554046, 11.3289143983, 3.4165608116, 3.4936939418, 1.522832385, 2.65557174, 3.225063597, 5.5529966871, 2.2214645323, 1.7855799449, 0.77370829994, 0.25602836429, 1.6222207496, 2.9513434222, 1.4669930383, 6.3300477009, 0, 0.80307950948, 0.21578266858, 1.8564640705, 0, 19.7085861443, 2.3672061801, 2.7019318215, 13.4003239759, 1.1127734287]
    ],
    [
      [0, 1.4121783187, 0.68355165359, 0.45104654441, 0.1322127721, 0.41590732813, 0.096715308427, 0, 0, 0.03406570124, 0.11968582417, 0.075507268542, 0.083543137878, 0.37589784085, 1.1124799623, 0.44389324552, 0.7862643231, 1.0992178223, 0, 0, 0.53831754184, 0.4661404012, 0.39161946833, 0.97170355924, 0.96625267506, 0, 0.31496547604, 0.011869178586, 0.095545816911, 0, 0, 0.85596082832, 1.5038032015, 0.38497536001, 0.46452824675, 0.30684698764, 0.68300014214, 0.3247751836, 1.0212912877, 0.1720657916, 0.21175090743, 0.16443712796, 0, 0.18410576895, 0.26031709305, 0.67386811217, 0.60976669726, 0, 0.13847060005, 0.050765263692, 0.39404236598, 0.019851099084, 0, 0.74711782407, 0.45612076953, 1.1077908673, 0.052506553992],
      [0.91483910499, 219.0417162945, 195.924974145, 104.333764266, 29.1111075226, 95.018188055, 15.0125557885, 0.97618748314, 0, 3.8227596353, 57.4604731661, 48.6038885534, 33.0700795043, 81.0971094178, 427.289089931, 335.2074022363, 276.718610618, 235.4257366268, 3.7569442302, 6.465623369, 31.1549111654, 144.6184403654, 82.3061021011, 269.1271318447, 259.573005927, 27.6495881454, 26.3010696592, 2.6372251327, 28.0495292597, 21.7683703071, 236.5493794435, 238.8556598189, 436.0008835943, 116.1525997252, 199.8066569349, 85.3162844834, 200.7492228253, 188.4311189209, 365.8380260594, 108.5386878094, 79.4353512387, 46.5029337963, 15.9489026025, 36.824335936, 73.0194219005, 66.3446323307, 273.8487432155, 1.8710132641, 35.2286914963, 12.606790526, 99.7231063467, 2.8920226872, 1081.7487763002, 16.0867325816, 106.9149128013, 403.3262098768, 19.5940017356],
      [0.022977204693, 9.3642395757, 10.772995157, 7.1561432045, 2.860334275, 7.1604392781, 0.71373743917, 0.023812516862, 0, 0.14317466342, 4.6710126125, 3.0147722395, 2.6221676547, 6.1013537494, 12.7725498692, 10.586697192, 8.0405973392, 6.262735446, 0.15651708204, 0.34482870797, 2.2182961707, 11.7477492926, 6.9887468307, 17.8578865258, 14.2229402779, 2.0431766418, 1.3839648647, 0.22587567501, 1.4090765435, 0.9200801511, 12.0114332555, 12.5315081794, 19.2471270784, 4.6816862111, 9.1173620659, 3.7837158762, 9.6827813181, 6.8782313161, 16.2388921729, 5.7857320844, 5.2074035936, 1.4686912892, 1.7415581117, 1.9712555636, 2.6172703711, 5.6382704249, 12.805996087, 0.12898673587, 1.8991016487, 1.0322588064, 6.2816797601, 0.088126213691, 59.7113504772, 1.0295658782, 8.6751561544, 23.1757051025, 0.85506440244],
      [0.062183690319, 2.1818658111, 7.6184790444, 4.0590459851, 1.8963454303, 5.4054653387, 0.17699146386, 0, 0, 0, 1.7488283972, 2.3058319386, 1.2242097031, 3.425638992, 15.8258802376, 6.7620073262, 9.4545277197, 5.212310105, 0.086538687719, 0.18954792304, 3.088475122, 7.1676699408, 3.3135315999, 10.0432780702, 13.23780112, 1.3072352128, 0, 0.12503001371, 1.44584838, 2.3115495418, 10.439187301, 14.7568711734, 22.2481861257, 5.7807387037, 6.6114527525, 3.5931526527, 9.8849957145, 8.3658745793, 11.90179048, 5.5035143146, 2.1454942603, 0.8639377866, 0.30953928576, 3.0203027314, 2.1029906354, 1.3432291322, 10.7354940002, 0, 1.733736255, 0.31018540388, 3.6011715272, 0, 48.5398732226, 2.1365837161, 4.9538102748, 22.3902941534, 0.49842730794]
    ],
    [
      [0, 0, 0.66235633468, 0.25989342308, 0.32272223651, 0.65674291404, 0.15396727955, 0, 0, 0.031741028646, 0.27231180225, 0, 0.34060065853, 0.38867103323, 1.3456817583, 0.52950007975, 1.4439041601, 1.7810269212, 0, 0, 0.30520154379, 1.1828755733, 0.70761693083, 1.1000942694, 0.4729859027, 0, 0, 0, 0.24403921473, 0, 0, 1.1340952851, 1.5082185315, 0.66811771206, 0.61765739272, 0.32267605175, 0.18288071372, 0.23987977456, 1.2201447868, 0.040012167979, 0.69865888251, 0.52986814163, 0, 0.2074195128, 0.39004202591, 0.090330541045, 0.5513987906, 0, 0.24394008585, 0.31501118041, 0.27170135073, 0.21726589452, 0, 0, 0.58325265123, 0, 0.32250672242],
      [3.3783442227, 94.5099252171, 106.6742011413, 77.2041057716, 10.7945325703, 73.6696930619, 8.9119715008, 1.5248033192, 0.96959495631, 1.079805685, 61.8585875187, 75.4570643691, 32.1498896151, 84.036482608, 245.8086097719, 250.6911999304, 207.708668926, 162.4519691032, 1.5649176789, 1.2005337197, 35.0817249355, 131.9438834364, 93.3080466437, 141.9123307241, 119.8390698179, 9.472396566, 8.1066418687, 1.446934298, 17.1700363603, 36.4706213131, 204.8056365944, 149.4864947318, 263.6310561275, 84.0395423335, 141.3178091746, 48.7976338866, 63.4255937973, 95.5526998143, 225.7686106644, 52.9633060345, 82.8796726461, 42.1695534865, 7.4790688715, 23.3034576253, 41.1689441767, 46.4684647346, 167.7470561214, 0.12898673587, 23.6338985619, 7.471968819, 58.5602187095, 11.5403676434, 588.0643046241, 22.3311268465, 40.4031518324, 273.2311367767, 30.2345272972],
      [6.6216557773, 245.4900747829, 365.7668723685, 331.0602349279, 72.454034421, 351.8185308785, 28.9340612197, 3.4751966808, 6.8310698764, 4.8884532864, 323.1211206956, 292.7495897099, 165.7385071684, 402.7210229317, 378.3600965948, 380.1331477505, 283.172660875, 180.4747333329, 6.3312310629, 6.6800839096, 153.6130735207, 689.6907486331, 520.0248265157, 584.7631276224, 406.1765516832, 45.7180170898, 28.8933581313, 13.1502682604, 57.0517864249, 96.1113552245, 645.7115815105, 483.077823243, 720.7907753579, 211.6399743866, 400.1979958193, 136.8689761347, 190.9957312993, 209.2827863125, 619.2946220766, 176.8249049479, 338.9639529694, 77.2840448379, 56.442297965, 77.3350636344, 91.9378892406, 250.4412047244, 486.7999106133, 2.8710132641, 82.415294225, 42.0911040367, 230.1673547259, 24.2423664621, 2004.4885821032, 85.6688731535, 207.920702312, 964.5120750992, 84.1120410457],
      [0, 0, 1.8965701555, 1.4757658774, 0.42871077214, 1.8550331456, 0, 0, 0.19933516732, 0, 0.74797998348, 1.793345921, 0.77100255803, 1.853823427, 4.485611875, 0.64615223937, 3.6747660389, 1.2922706427, 0.10385125816, 0.1193823707, 0, 3.1824923571, 1.9595099098, 2.2244473841, 2.5113925962, 0.80958634417, 0, 0.40279744154, 0.53413800013, 1.4180234624, 4.482781895, 2.3015867401, 5.0699499832, 1.6523655679, 1.8665376134, 1.0107139269, 1.3957941897, 1.9246340986, 2.7166224722, 1.1717768496, 0.45771550195, 0.016533534021, 0.07863316349, 0.15405922753, 0.50312455678, 0, 2.9016344747, 0, 0.70686712729, 0.1219159639, 1.0007252139, 0, 11.4471132726, 0, 1.0928932044, 6.2567881241, 0.33092493466]
    ],
    [
