{
  "Z_true": {},
  "V_true": [
    [1425, 236, 523],
    [13147, 561, 633],
    [978, 16154, 316],
    [1154, 430, 557],
    [827, 1504, 543]
  ],
  "p_true": [
    [0.6525, 0.1081, 0.2395],
    [0.9167, 0.0391, 0.0441],
    [0.0561, 0.9258, 0.0181],
    [0.539, 0.2008, 0.2602],
    [0.2878, 0.5233, 0.1889]
  ],
  "Z_est": [
    [
      [18.0008, 21, 11.0002, 8.9404, 20, 45, 14.0697, 18, 21, 14.004, 25, 10.9537, 14.9445, 18, 1.9213, 26.0018, 34, 28.0002, 24, 33, 18.9999, 3.9041, 24, 32, 31, 27.9999, 0, 4.3234, 4.6408, 0.4632, 12.9999, 27, 11.3695, 19, 26, 27, 44, 46, 14.9943, 7, 109, 7.1591, 87, 14.9993],
      [9.9992, 14, 5.9997, 16.0792, 24, 37, 8.966, 14, 15, 7.9957, 25.0001, 2.0647, 20.9991, 23, 7.0362, 13.9964, 22.9985, 28.9998, 15.0001, 33, 27.0001, 3.0338, 34, 40, 30, 38.0002, 0, 5.0753, 4.0964, 0.515, 12.0001, 46, 15.7479, 25, 37, 37, 57.9999, 52, 15.9972, 5, 111, 3.8885, 79, 22.0001],
      [1.0001, 3, 0.0001, 0.9804, 2, 4, 1.9643, 2, 2, 1.0003, 2, 0.9817, 1.0565, 2, 0.0425, 2.0018, 3.0015, 3, 4, 4, 2, 0.0622, 3, 5, 4, 5, 0, 0.6013, 0.2628, 0.0218, 2, 5, 1.8826, 2, 2, 4, 6, 6, 2.0086, 1, 14, 0.9524, 19, 4.0006]
    ],
    [
      [179.0001, 218, 173.001, 32.8849, 212.0001, 342, 120.7855, 161, 338, 117.9936, 241.0001, 164.9067, 38.2588, 83, 7.8181, 213.005, 184.9979, 112.0007, 114, 245, 80, 28.5211, 195, 196, 174, 144.9998, 1.7061, 23.7707, 21.1981, 5.0778, 133.0003, 58, 40.2702, 121, 147, 145.9999, 167.0004, 167, 47.9683, 215, 752, 51.9305, 395, 38.0001],
      [115.0008, 156, 120.9993, 71.1331, 263.9999, 288, 94.1809, 137, 263, 81.0074, 262.9999, 43.0847, 59.7577, 119, 22.9862, 116.9936, 135.0022, 120.9992, 72.9999, 267.9999, 121, 34.1924, 287, 259, 183, 213, 1.9418, 35.7022, 27.213, 5.6244, 125.9997, 104, 63.2843, 173, 223, 202, 227.9997, 192, 52.968, 178, 775, 34.1485, 360, 60.0012],
      [18.9991, 34, 14.9997, 3.982, 23, 36, 20.0336, 22, 44, 16.999, 26, 19.0086, 4.9834, 12, 1.1957, 22.0014, 20.9999, 14.0001, 20, 37, 8, 6.2866, 27, 33, 25, 30.0002, 0.3521, 2.5271, 3.5889, 0.2978, 21, 13, 7.4456, 17, 16, 22, 22.9999, 23, 7.0637, 38, 102, 7.921, 87, 9.9987]
    ],
    [
      [126.9982, 186, 138.9979, 88.1964, 292.9999, 308, 94.2611, 144, 264, 80.0059, 285, 45.0034, 77.7814, 152, 27.0382, 140.9995, 151.0002, 165.9996, 84.0001, 282, 147.9998, 36.4173, 314, 301, 201, 234.0002, 2.5289, 38.0822, 26.2343, 6.8269, 117.9998, 138, 58.598, 217, 260, 237, 267.9997, 234, 81.0168, 194, 870, 41.0889, 403, 80.9995],
      [83.0008, 135, 97.0017, 192.8056, 364.0001, 261, 73.7357, 123, 207, 53.9932, 308, 12.9197, 123.231, 218, 86.5922, 80.0081, 113.0014, 182.0007, 55, 307.0001, 230.0002, 48.3549, 462, 399, 209, 346.0001, 3.0219, 57.5554, 40.5949, 8.6846, 115.0003, 257, 90.3254, 312, 395, 330, 370.0003, 271, 91.021, 160, 898, 28.69, 368, 130.0004],
      [13.001, 29, 12.0005, 11.998, 31, 32, 15.0032, 20, 34, 12.0009, 32, 5.0769, 9.9876, 22, 4.3695, 14.9923, 16.9985, 20.9998, 15, 42, 15.9999, 8.2278, 44, 51, 29, 48.9997, 0.4492, 4.3624, 5.1708, 0.4885, 18.9999, 32, 11.0766, 31, 29, 35, 36.9999, 33, 10.9622, 34, 118, 6.2212, 88, 23.0002]
    ],
    [
      [24.0009, 40, 25.0006, 3.9988, 32, 43, 17.0638, 32, 61, 19.9998, 39.9999, 19.0683, 10.0474, 12, 1.6466, 30.9965, 21.0006, 20.9996, 14, 29, 8.0001, 3.5223, 27, 33, 26, 12.0001, 0, 1.4924, 1.5056, 0.4685, 29.0001, 9, 0.9302, 23, 22, 21, 20.0001, 21, 13.0295, 30, 124, 2.9099, 47, 2.0008],
      [14.999, 29, 16.9994, 9.0206, 42, 37, 13.8995, 27, 47, 12.9981, 43.0001, 5.9478, 14.9928, 18, 5.2518, 18.0018, 14.9995, 23.0003, 9, 32, 13.9999, 4.966, 39, 46, 27, 18.9999, 0, 1.9903, 1.8896, 0.4992, 26.9999, 18, 2.2722, 33, 34, 30, 27.9999, 26, 15.9854, 24, 130, 2.1863, 44, 4.9991],
      [4, 7, 3.0001, 1.9806, 3, 5, 3.0367, 5, 9, 4.0022, 5, 1.9839, 1.9597, 2, 0.1017, 4.0017, 3.9999, 3.0001, 3, 5, 1, 1.5118, 5, 5, 4, 3, 0, 0.5173, 0.6048, 0.0322, 6, 3, 0.7977, 4, 3, 3, 3, 3, 1.9851, 6, 17, 0.9038, 10, 1]
    ],
    [
      [18, 45, 21.0004, 11.9795, 32, 53, 29.8199, 17, 42, 17.9968, 39, 13.0679, 11.9679, 22, 1.5759, 35.9972, 33.0013, 27, 19.9999, 54, 19.0002, 6.6353, 55, 51, 41, 34.0001, 0.765, 5.3314, 5.4211, 2.1636, 21.9999, 18, 11.8322, 30, 33, 45, 47.9997, 38, 10.9911, 19, 120, 5.9116, 82, 8.0003],
      [11.0002, 32, 14, 25.9615, 40, 44, 23.2178, 14, 33, 12.0057, 42, 2.9832, 20.0193, 31.9999, 9.1336, 20.0001, 23.9985, 30, 13, 58, 29.9998, 9.4529, 81, 68, 42, 49.9998, 1.0364, 8.6768, 7.2062, 2.6767, 21.0001, 34, 18.3704, 43, 51, 62, 66.0002, 44, 13.0285, 15, 124, 4.0867, 75, 11.9992],
      [2.9998, 9, 2.9996, 2.059, 5, 7, 5.9623, 3, 7, 2.9976, 5, 2.9489, 3.0128, 5, 1.2906, 5.0028, 5.0003, 5, 4.0001, 9, 4, 2.9118, 9, 10, 7, 8.0001, 0.1986, 0.9919, 1.3727, 0.1597, 4.0001, 6, 2.7975, 6, 5, 8, 8.0001, 7, 2.9804, 4, 18, 2.0016, 20, 3.0005]
    ]
  ],
  "V_est": [
    [1007.6898, 1046.4888, 129.8214],
    [6648.0959, 6751.2201, 941.6841],
    [7643.0741, 8696.5396, 1108.3863],
    [974.6823, 1007.8982, 158.4195],
    [1257.458, 1382.8533, 233.6888]
  ],
  "p_est": [
    [0.4614, 0.4792, 0.0594],
    [0.4636, 0.4708, 0.0657],
    [0.438, 0.4984, 0.0635],
    [0.4553, 0.4708, 0.074],
    [0.4375, 0.4812, 0.0813]
  ],
  "EI_Z": {},
  "EI_V": 40.4617,
  "MAE_Z": {},
  "MAE_V": 2103.3613,
  "MAE_p": 0.2229,
  "runtime": 0.2838
}
