{
  "Z_true": {},
  "V_true": [
    [893, 273, 2190, 29],
    [344, 122, 10388, 344],
    [414, 12202, 2276, 335],
    [158, 333, 1480, 155],
    [181, 955, 837, 257]
  ],
  "p_true": [
    [0.2638, 0.0806, 0.647, 0.0086],
    [0.0307, 0.0109, 0.9277, 0.0307],
    [0.0272, 0.8013, 0.1495, 0.022],
    [0.0743, 0.1566, 0.6961, 0.0729],
    [0.0812, 0.4283, 0.3753, 0.1152]
  ],
  "Z_est": [
    [
      [6, 0.6673, 12, 9.011, 3.6807, 3.9922, 5, 3, 0, 0.4968, 2.9998, 4, 3.9884, 0, 1.4045, 1.9031, 1.5158, 13, 3.002, 2.8891, 2.9998, 0.1733, 1.1768, 0.1286, 0.8937, 4, 1.6159, 11, 3, 2, 12, 8, 4, 5, 8, 7, 6, 6, 1.9905, 5, 4, 7, 5, 5, 5, 3, 6, 5.0523, 6, 0.0842, 0.3813, 5.0002, 14, 5.0349, 6, 29, 9.0105],
      [32, 1.2889, 58, 25.0061, 4.8557, 19.9876, 39, 25, 1.0053, 1.8366, 16.9999, 27, 13.9906, 4.301, 2.4882, 4.2718, 3.4814, 59, 19.9985, 7.3793, 11.0014, 0.3514, 1.1594, 0.359, 1.5442, 25, 1.3534, 54, 4, 17, 109, 36, 24, 25, 32.9999, 24, 8, 31, 3.996, 39, 27, 45, 31, 28, 25, 18, 28, 24.157, 35, 0.3075, 3.2955, 31.9997, 102, 16.9928, 17, 98, 30.0052],
      [38, 2.7842, 43, 15.9719, 9.121, 12.0162, 34, 30, 0.7568, 1.6666, 8.9998, 29, 14.02, 3.6225, 2.7844, 3.7243, 5.872, 49, 11.9981, 7.7252, 16.9986, 1.3946, 3.6638, 1.5124, 3.0974, 33, 2.8059, 59, 24, 8, 76, 72, 30, 38, 43.0001, 44, 36, 34, 10.0045, 54, 39, 62, 43, 37, 31, 28, 34, 32.7906, 56, 0.6083, 2.3232, 40.0002, 138, 17.9475, 26, 120, 22.993],
      [4, 0.2597, 2, 0.011, 0.3426, 0.004, 1, 1, 0.2379, 0, 0.0005, 1, 0.001, 0.0764, 0.3228, 0.1008, 0.1308, 4, 0.0015, 0.0064, 1.0002, 0.0807, 0, 0, 0.4647, 1, 0.2248, 3, 1, 0, 3, 4, 1, 1, 3, 3, 1, 1, 0.009, 2, 2.9999, 4, 3, 2, 2, 2, 2, 1, 2, 0, 0, 1.9999, 8, 0.0248, 1, 7, 0.9913]
    ],
    [
      [21, 2.005, 18, 5.9856, 0.6949, 1.9982, 12, 4, 0, 0.4835, 2.9998, 8, 3.0012, 0, 2.7023, 2.9404, 1.999, 24, 1.9979, 5.3065, 6, 1.8519, 1.8348, 0.6594, 1.7056, 10, 2.7724, 14, 14, 2, 20, 34, 9, 12, 21.9999, 23, 23, 9, 3.9951, 15, 12, 22, 18, 13, 9, 11, 13, 12.0523, 17, 0.4028, 0.3038, 14.0003, 55, 3.9992, 17, 72, 7.9925],
      [156, 7.1051, 109, 24.974, 1.3188, 28.0014, 119, 96.0001, 3.1426, 3.0283, 38.9995, 85, 48.0064, 7.5541, 13.0036, 13.5089, 8.1294, 139, 27.9922, 20.9141, 48.9995, 5.4147, 2.2565, 2.7099, 4.7864, 98, 5.8259, 76, 51, 61.9998, 221, 179, 70, 74, 115.9998, 123, 73, 63, 27.0024, 161, 105.0002, 176, 132, 116, 70, 73, 106, 81.6859, 94, 2.3791, 5.4404, 104.9999, 479, 26.9894, 66, 265, 26.973],
      [182, 13.3173, 79, 15.0317, 2.8729, 17.0005, 105, 110.9999, 2.529, 3.4882, 22.0006, 95, 46.9795, 8.1477, 19.3616, 11.3297, 13.7526, 115, 16.0109, 26.7752, 70.0005, 22.8312, 8.9087, 12.6307, 10.912, 134, 11.196, 81, 280, 34.0002, 152, 356, 86, 112, 148.0002, 221, 289, 71, 60.9954, 222, 148.9999, 242, 179, 151, 87, 116, 124, 115.1832, 150, 5.2181, 4.2558, 128.9997, 645, 27.04, 98, 319, 20.0285],
      [19, 1.5726, 4, 0.0087, 0.1135, 0.9999, 4, 6, 1.3284, 0, 1.0001, 5, 3.0128, 0.2982, 2.9325, 0.221, 1.1189, 10, 0.999, 1.0042, 6, 1.9022, 0, 0, 1.596, 7, 2.2057, 4, 17, 3, 7, 23, 2, 5, 11.0001, 18, 15, 4, 4.0071, 11, 11.9999, 16, 12, 11, 6, 8, 10, 5.0785, 5, 0, 0, 6, 39, 0.9714, 5, 19, 1.0061]
    ],
    [
      [30, 1.0352, 44, 20.0002, 2.1376, 7.9962, 22, 6, 0, 1.0197, 9.0002, 13, 7.0019, 0, 3.452, 5.0886, 2.0766, 52, 8.0009, 6.3862, 7.0005, 0.734, 0.6091, 0.212, 1.0204, 13, 2.0726, 22, 3, 7, 59, 27, 15, 13, 25.0001, 21, 8, 16, 2.0056, 21, 12.9998, 25, 20, 17, 13, 10, 19, 13.8953, 17, 0.513, 1.2183, 15.9994, 64, 7.9247, 16, 87, 16.9955],
      [224, 4.852, 253, 73.0336, 4.7456, 90.0014, 253, 134.9998, 7.1722, 6.1351, 117.9987, 132, 88.0079, 14.8036, 15.8514, 26.2056, 10.8719, 288, 125.0123, 30.3248, 52.9995, 2.3761, 0.9834, 0.9311, 3.0147, 121, 5.6539, 129, 10, 215.0002, 651, 146, 120, 88, 135.0003, 110, 24, 104, 17.0014, 226, 130, 211, 158, 150, 109, 86, 145, 97.1309, 107, 3.3134, 16.0106, 125.0004, 565, 43.9371, 62, 315, 70.0415],
      [261, 9.2944, 188, 48.9647, 7.7858, 55.9997, 222, 158.0002, 4.5675, 5.8452, 71.001, 149, 87.0016, 13.6585, 19.1441, 25.8414, 16.9434, 243, 77.9869, 31.9451, 81.0009, 8.1624, 3.4075, 3.8569, 5.9157, 170, 9.4341, 140, 64, 117.9999, 455, 295, 150, 135, 174.9997, 202, 103, 121, 42.9943, 315, 186, 290, 214, 200, 133, 134, 173, 139, 168, 6.1736, 10.7711, 157.0003, 761, 51.0677, 92, 384, 51.9523],
      [27, 0.8185, 10, 2.0015, 0.3309, 3.0027, 10, 9, 2.2604, 0, 5.0002, 8, 4.9886, 0.5379, 2.5524, 1.8644, 1.1081, 22, 4, 1.3439, 6.9991, 0.7276, 0, 0, 1.0492, 9, 1.8394, 8, 3, 12, 23, 19, 5, 6, 12.9999, 17, 5, 6, 2.9987, 15, 16.0002, 19, 15, 14, 9, 9, 14, 5.9738, 6, 0, 0, 7.9999, 46, 1.0706, 5, 23, 3.0107]
    ],
    [
      [4, 0.138, 4, 1.0006, 0.1524, 0.001, 2, 1, 0, 0, 0.0001, 2, 0.0002, 0, 0.0414, 0.1447, 0.2188, 3, 0.0001, 0.3862, 0.9998, 0.1478, 0, 0, 0.054, 2, 0.3269, 2, 1, 0, 4, 6, 1, 2, 2, 4, 2, 3, 0.0023, 3, 2.0001, 3, 3, 3, 2, 2, 3, 2, 2, 0, 0, 2, 10, 0.0416, 2, 9, 0.0049],
      [34, 1.0098, 26, 3.9873, 0.2671, 2.0074, 30, 21, 0.4794, 0, 9.0016, 20, 9.9923, 1.9007, 0.2316, 2.8411, 1.4027, 21, 9.0002, 1.0229, 7.9993, 0.6969, 0, 0, 0.2363, 20, 1.3069, 15, 4, 9, 53, 33, 10, 16, 14, 21, 8, 20, 2.986, 34, 22.9999, 33, 24, 27, 20, 23, 25, 13.9477, 15, 0, 0, 15.0001, 95, 3.0222, 7, 33, 2.0002],
      [41, 1.6717, 21, 2.0193, 0.555, 2.9915, 28, 25, 0.2827, 0, 5.9989, 22, 12.006, 2.0331, 1.6979, 3.9462, 2.2841, 18, 5.9999, 2.5861, 13.0007, 1.9785, 0, 0, 0.6195, 28, 3.4443, 18, 27, 5, 38, 66, 14, 25, 20.0001, 39, 36, 24, 10.0157, 48, 36, 46, 36, 38, 28, 38, 30, 20.0523, 26, 0, 0, 18.9998, 130, 2.9728, 13, 42, 3.9848],
      [4, 0.1804, 1, 0.9928, 0.0256, 0.0001, 1, 2, 0.2378, 0, 1.9994, 2, 1.0015, 0.0661, 0.0291, 0.068, 0.0944, 3, 0.9999, 0.0049, 1.0002, 0.1768, 0, 0, 0.0902, 2, 0.9218, 1, 3, 1, 2, 5, 2.2151e-06, 1, 2, 4, 2, 2, 0.996, 3, 3, 3, 2, 2, 1, 2, 3, 1, 1, 0, 0, 1.0001, 8, 0.9634, 6.1397e-07, 2, 0.0101]
    ],
    [
      [3, 0.1545, 4, 2.0027, 0.3344, 1.0124, 2, 1, 0, 0, 1.0001, 1, 0.0083, 0, 0.3998, 0.9232, 0.1897, 6, 0.9991, 0.032, 3.3722e-06, 0.093, 0.3794, 0, 0.3263, 2, 0.2121, 4, 1, 0, 5, 6, 1, 1, 3, 3, 1, 2, 1.0065, 3, 2, 4, 2, 2, 2, 1, 2, 2, 3, 0, 0.0966, 2.0001, 9, 0.9996, 1, 14, 0.9967],
      [28, 0.7443, 25, 8.999, 0.8128, 19.0021, 31, 24, 1.2005, 0, 18.0004, 13, 11.0028, 0.4405, 1.4252, 4.1726, 1.1146, 34, 19.9969, 3.3589, 4.0002, 0.1609, 0.6007, 0, 1.4185, 20, 0.8599, 24, 5, 15, 59, 32, 10, 12, 17.0001, 19, 5, 15, 6.0142, 35, 19.9999, 37, 21, 23, 19, 14, 18, 15.0785, 21, 0, 2.2535, 16.9999, 81, 7.0586, 5, 51, 6.9801],
      [34, 0.9324, 18, 5.0123, 1.6653, 11.9921, 28, 28, 0.864, 0, 10.9997, 14, 10.9928, 0.5381, 2.0119, 4.1584, 2.1479, 28, 12.0043, 3.9684, 5.9993, 0.6333, 2.02, 0, 2.4554, 28, 2.1197, 26, 29, 8, 41, 65, 12, 18, 21.9999, 35, 21, 17, 15.9901, 50, 29.0001, 53, 30, 31, 25, 22, 22, 21.9738, 35, 0, 1.6499, 21, 110, 7.972, 9, 62, 6.0414],
      [5, 0.1688, 3, 1.986, 0.1874, 1.9933, 3, 2, 0.9356, 0, 1.9998, 2, 1.996, 0.0214, 1.1631, 1.7458, 0.5478, 4, 1.9997, 0.6407, 2.0005, 0.1127, 0, 0, 0.7998, 2, 0.8083, 3, 3, 2, 4, 6, 2, 2, 3, 4, 3, 2, 2.9892, 4, 4, 4, 4, 5, 3, 4, 3, 2.9477, 3, 0, 0, 2.0001, 8, 0.9699, 2, 5, 1.9818]
    ]
  ],
  "V_est": [
    [283.0928, 1376.4132, 1645.2032, 80.2908],
    [642.6843, 4344.1414, 5849.7975, 361.3767],
    [861.3955, 6455.4102, 7445.7157, 464.4786],
    [96.6608, 824.3396, 1125.1409, 79.8587],
    [106.1666, 884.6955, 1105.1427, 133.9952]
  ],
  "p_est": [
    [0.0836, 0.4066, 0.486, 0.0237],
    [0.0574, 0.3879, 0.5224, 0.0323],
    [0.0566, 0.4239, 0.489, 0.0305],
    [0.0455, 0.3877, 0.5292, 0.0376],
    [0.0476, 0.3967, 0.4956, 0.0601]
  ],
  "EI_Z": {},
  "EI_V": 35.705,
  "MAE_Z": {},
  "MAE_V": 1219.8979,
  "MAE_p": 0.1475,
  "runtime": 0.3921
}
