{
  "X": [
    [67, 21, 12],
    [53, 24, 23],
    [57, 29, 14],
    [60, 23, 17],
    [59, 28, 13],
    [55, 31, 14],
    [52, 33, 15],
    [62, 25, 13],
    [60, 22, 18],
    [55, 28, 17],
    [59, 29, 12],
    [59, 26, 15],
    [60, 28, 12],
    [58, 27, 15],
    [52, 25, 23],
    [62, 27, 11],
    [52, 30, 18],
    [47, 45, 8],
    [42, 53, 5],
    [46, 46, 8],
    [32, 60, 8],
    [42, 49, 9],
    [38, 56, 6],
    [38, 56, 6],
    [31, 59, 10],
    [38, 46, 16],
    [40, 55, 5],
    [37, 57, 6],
    [47, 48, 5],
    [40, 48, 12],
    [46, 44, 10],
    [45, 45, 10],
    [42, 49, 9],
    [26, 55, 19],
    [31, 47, 22],
    [18, 65, 17],
    [18, 67, 15],
    [31, 50, 19],
    [23, 54, 23],
    [31, 56, 13],
    [28, 59, 13],
    [23, 61, 16],
    [21, 60, 19],
    [20, 60, 20],
    [30, 59, 11],
    [27, 58, 15],
    [26, 63, 11],
    [40, 43, 17],
    [24, 62, 14],
    [26, 58, 16]
  ],
  "W": [
    [70, 14, 16],
    [63, 19, 18],
    [70, 15, 15],
    [66, 15, 19],
    [73, 12, 15],
    [67, 17, 16],
    [64, 17, 19],
    [69, 9, 22],
    [73, 18, 9],
    [65, 24, 11],
    [67, 13, 20],
    [67, 17, 16],
    [64, 19, 17],
    [64, 18, 18],
    [58, 24, 18],
    [72, 11, 17],
    [49, 35, 16],
    [21, 56, 23],
    [14, 64, 22],
    [18, 65, 17],
    [11, 75, 14],
    [18, 70, 12],
    [16, 70, 14],
    [12, 68, 20],
    [12, 68, 20],
    [21, 60, 19],
    [17, 60, 23],
    [14, 71, 15],
    [16, 67, 17],
    [13, 72, 15],
    [17, 65, 18],
    [15, 67, 18],
    [13, 73, 14],
    [15, 36, 49],
    [18, 19, 63],
    [10, 19, 71],
    [13, 19, 68],
    [20, 11, 69],
    [25, 12, 63],
    [17, 16, 67],
    [21, 13, 66],
    [10, 25, 65],
    [17, 14, 69],
    [14, 22, 64],
    [18, 18, 64],
    [19, 9, 72],
    [27, 16, 57],
    [24, 17, 59],
    [12, 17, 71],
    [18, 16, 66]
  ],
  "method": "mult",
  "cond_prob": [
    [
      [0.8052462514, 0.069811881245, 0.12494186736],
      [0.47519490607, 0.48972469212, 0.035080401807],
      [0.1304020111, 0.69583911179, 0.17375887711]
    ],
    [
      [0.67806351708, 0.070583213985, 0.25135326894],
      [0.41471931018, 0.51213648769, 0.073144202123],
      [0.094551007986, 0.60425593337, 0.30119305865]
    ],
    [
      [0.7362205258, 0.10477473086, 0.15900474334],
      [0.35783172444, 0.60540222148, 0.03676605408],
      [0.086096353228, 0.75422282615, 0.15968082062]
    ],
    [
      [0.75184135861, 0.070155577309, 0.17800306408],
      [0.45037331151, 0.4988836066, 0.050743081894],
      [0.11405447259, 0.65394438902, 0.23200113839]
    ],
    [
      [0.74882804933, 0.10712345745, 0.14404849323],
      [0.35791833842, 0.6093235056, 0.032758155971],
      [0.087191931226, 0.76880498869, 0.14400308008]
    ],
    [
      [0.73141696406, 0.10613883129, 0.16244420464],
      [0.35346588089, 0.60918703155, 0.037347087554],
      [0.084535466834, 0.75419112873, 0.16127340444]
    ],
    [
      [0.71958949374, 0.10621094548, 0.17419956077],
      [0.34885726451, 0.61095566663, 0.040187068865],
      [0.08234506831, 0.74635859631, 0.17129633538]
    ],
    [
      [0.78835930619, 0.080293408618, 0.1313472852],
      [0.43685336507, 0.52849605855, 0.03465057638],
      [0.11501617898, 0.72036205574, 0.16462176529]
    ],
    [
      [0.71187310949, 0.084323622101, 0.20380326841],
      [0.39266949329, 0.55387890484, 0.053451601873],
      [0.09290148126, 0.67879898016, 0.22829953858]
    ],
    [
      [0.70166811887, 0.092694011384, 0.20563786975],
      [0.36927775587, 0.57927038857, 0.051451855554],
      [0.085935555247, 0.69773767985, 0.2163267649]
    ],
    [
      [0.77628278035, 0.09401921357, 0.12969800608],
      [0.39720955845, 0.57120431338, 0.031586128165],
      [0.10122161884, 0.75348437293, 0.14529400824]
    ],
    [
      [0.74890468342, 0.084968539017, 0.16612677756],
      [0.40766050534, 0.54931836791, 0.043021126749],
      [0.10120657231, 0.70594930114, 0.19284412655]
    ],
    [
      [0.77881312908, 0.086374293419, 0.1348125775],
      [0.41694106255, 0.5487231536, 0.03433578385],
      [0.10754315113, 0.73250521236, 0.1599516365]
    ],
    [
      [0.75196547754, 0.082298679073, 0.16573584339],
      [0.41605415756, 0.54031491691, 0.043630925534],
      [0.10400375823, 0.69902815394, 0.19696808783]
    ],
    [
      [0.67498526583, 0.066880727811, 0.25813400636],
      [0.42441994906, 0.49836881709, 0.077211233845],
      [0.096495606656, 0.58624671491, 0.31725767844]
    ],
    [
      [0.78376683851, 0.098062038155, 0.11817112333],
      [0.39064450634, 0.58132745196, 0.028028041701],
      [0.099988309947, 0.77055950949, 0.12945218057]
    ],
    [
      [0.7050154437, 0.071079864216, 0.22390469209],
      [0.4265994763, 0.50899509601, 0.064405427693],
      [0.10097149375, 0.62313195231, 0.27589655394]
    ],
    [
      [0.80531237454, 0.074154847656, 0.12053277781],
      [0.46323065058, 0.50382347378, 0.032945875634],
      [0.12624846991, 0.71051175187, 0.16323977822]
    ],
    [
      [0.82079986447, 0.088742122051, 0.090458013476],
      [0.42932772683, 0.54820843848, 0.022463834694],
      [0.11679662977, 0.77187716617, 0.11132620406]
    ],
    [
      [0.7842151722, 0.076163232224, 0.13962159558],
      [0.44817225382, 0.51398257109, 0.037845175095],
      [0.11804513157, 0.7003893444, 0.18156552404]
    ],
    [
      [0.68717494184, 0.11407837403, 0.19874668414],
      [0.32290825421, 0.63288751384, 0.044204231952],
      [0.073301321886, 0.74335241155, 0.18334626656]
    ],
    [
      [0.73123775392, 0.087285799116, 0.18147644697],
      [0.39574901405, 0.55773984604, 0.04651113991],
      [0.095849732967, 0.69871225403, 0.205438013]
    ],
    [
      [0.75827593438, 0.10808681047, 0.13363725515],
      [0.36147131723, 0.60835015077, 0.030178531996],
      [0.089054090713, 0.77533875715, 0.13560715213]
    ],
    [
      [0.78150005517, 0.097293471482, 0.12120647334],
      [0.39311445559, 0.57796272655, 0.02892281786],
      [0.10049479217, 0.76467581816, 0.13482938968]
    ],
    [
      [0.6767533634, 0.10881054781, 0.21443608879],
      [0.32797027811, 0.62273201376, 0.049297708125],
      [0.073702895978, 0.72427624316, 0.20202086086]
    ],
    [
      [0.65506318861, 0.079572037873, 0.26536477352],
      [0.38067851067, 0.54611536862, 0.073206120706],
      [0.083890422248, 0.62262220129, 0.29348737646]
    ],
    [
      [0.80997946031, 0.099636250657, 0.090384289029],
      [0.39906028007, 0.57978619254, 0.021153527388],
      [0.10544485603, 0.79283596152, 0.10171918245]
    ],
    [
      [0.75692969327, 0.10772323212, 0.13534707462],
      [0.36166023556, 0.60770409003, 0.030635674411],
      [0.088974240475, 0.77350460983, 0.1375211497]
    ],
    [
      [0.8292871312, 0.079371865854, 0.091341002942],
      [0.45821295312, 0.51785570448, 0.0239313424],
      [0.12821802173, 0.74973474264, 0.12204723563]
    ],
    [
      [0.69349691818, 0.075528299432, 0.23097478239],
      [0.40922718991, 0.52621512493, 0.064557685153],
      [0.094943902178, 0.63166842629, 0.27338767153]
    ],
    [
      [0.76410337212, 0.068993536886, 0.16690309099],
      [0.46085828635, 0.491388511, 0.047753202654],
      [0.11898802452, 0.65642203466, 0.22458994082]
    ],
    [
      [0.75940258647, 0.069170325147, 0.17142708839],
      [0.45816266585, 0.49278682407, 0.049050510082],
      [0.11741619858, 0.65346333623, 0.22912046519]
    ],
    [
      [0.74004930443, 0.079194189175, 0.18075650639],
      [0.42033150407, 0.53105750361, 0.048610992318],
      [0.10364706205, 0.67749955191, 0.21885338604]
    ],
    [
      [0.66500411656, 0.08925533144, 0.245740552],
      [0.36172023512, 0.57440220017, 0.063877564717],
      [0.080376296539, 0.66181313436, 0.2578105691]
    ],
    [
      [0.73789252328, 0.062533106005, 0.19957437072],
      [0.46870741702, 0.47054102311, 0.06075155987],
      [0.1167626611, 0.6084987377, 0.27473860119]
    ],
    [
      [0.69617350317, 0.10418935745, 0.19963713939],
      [0.34305550239, 0.60965164992, 0.047292847684],
      [0.078392918207, 0.72492873258, 0.19667834921]
    ],
    [
      [0.68944143759, 0.11954343553, 0.19101512688],
      [0.31350390362, 0.64479556272, 0.041700533659],
      [0.070874548707, 0.75774086687, 0.17138458442]
    ],
    [
      [0.77223146518, 0.06668956985, 0.16107896497],
      [0.47088050231, 0.48199787644, 0.047121621248],
      [0.12296157858, 0.65369404963, 0.22334437179]
    ],
    [
      [0.64707688268, 0.098227152821, 0.2546959645],
      [0.33491797534, 0.60194675652, 0.063135268143],
      [0.072778008126, 0.67851540669, 0.24870658518]
    ],
    [
      [0.80679488044, 0.075286346339, 0.11791877322],
      [0.45950762727, 0.5082745528, 0.03221781993],
      [0.12470459587, 0.71650573071, 0.15878967342]
    ],
    [
      [0.77563153637, 0.093319713257, 0.13104875037],
      [0.39898120687, 0.56870279157, 0.032316001554],
      [0.10132809236, 0.74975885113, 0.14891305651]
    ],
    [
      [0.73334301021, 0.088736020784, 0.17792096901],
      [0.39189977434, 0.56246802119, 0.045632204461],
      [0.094528803138, 0.70525890043, 0.20021229644]
    ],
    [
      [0.69181275167, 0.099119182772, 0.20906806555],
      [0.35163466544, 0.59736435963, 0.051000974928],
      [0.080250063713, 0.70834166403, 0.21140827226]
    ],
    [
      [0.65917284103, 0.10002899917, 0.24079815979],
      [0.33626465192, 0.60482782677, 0.058907521311],
      [0.073930596754, 0.69073557862, 0.23533382463]
    ],
    [
      [0.8030493165, 0.087041567267, 0.10990911623],
      [0.42557585032, 0.54650465413, 0.027919495551],
      [0.11289288014, 0.75265307488, 0.13445404498]
    ],
    [
      [0.77876406071, 0.083815096305, 0.13742084298],
      [0.42353082296, 0.54058478736, 0.03588438968],
      [0.10903773638, 0.72320632979, 0.16775593382]
    ],
    [
      [0.73293666223, 0.12918633815, 0.13787699962],
      [0.31490330418, 0.65676067966, 0.028336016158],
      [0.074396104718, 0.80430058483, 0.12130331045]
    ],
    [
      [0.79882866147, 0.057335307449, 0.14383603108],
      [0.51660871932, 0.43887177151, 0.044519509164],
      [0.14351607753, 0.63225595464, 0.22422796782]
    ],
    [
      [0.77391406531, 0.086817175499, 0.13926875919],
      [0.41355628777, 0.55067989138, 0.035763820854],
      [0.10527136853, 0.72914188963, 0.16558674184]
    ],
    [
      [0.74638325926, 0.089176923502, 0.16443981724],
      [0.39658001272, 0.56152056918, 0.041899418106],
      [0.097361530653, 0.71587995186, 0.18675851749]
    ]
  ],
  "expected_outcome": [
    [
      [56.3672375979, 42.718001576, 51.5354368058, 49.6215296683, 54.6644476009, 49.0049365923, 46.0537275996, 54.3967921268, 51.9667369929, 45.6084277264, 52.0109462833, 50.1766137891, 49.8440402613, 48.1257905625, 39.1491454181, 56.4312123729, 34.5457567411, 16.9115598653, 11.4911981026, 14.1158730996, 7.5589243602, 13.1622795705, 12.1324149501, 9.3780006621, 8.1210403608, 13.7563269608, 13.7696508253, 10.5970157057, 13.2685940993, 9.0154599363, 12.9897573261, 11.391038797, 9.6206409576, 9.9750617485, 13.282065419, 6.9617350317, 8.9627386887, 15.4446293035, 16.1769220669, 13.7155129674, 16.2882622638, 7.3334301021, 11.7608167785, 9.2284197745, 14.454887697, 14.7965171536, 19.7892898802, 19.1718878753, 9.2869687837, 13.4348986667],
      [4.8868316871, 4.446742481, 7.3342311601, 4.6302681024, 7.8200123935, 7.1113016967, 6.797500511, 5.5402451947, 6.1556244133, 6.02511074, 6.2992873092, 5.6928921142, 5.5279547788, 5.2671154607, 3.879082213, 7.0604667472, 3.4829133466, 1.5572518008, 1.2423897087, 1.37093818, 1.2548621143, 1.5711443841, 1.7293889675, 1.1675216578, 1.3057265737, 1.6710127953, 1.6938162612, 1.5081252496, 1.2699498537, 0.98186789262, 1.1728901271, 1.0375548772, 1.0295244593, 1.3388299716, 1.1255959081, 1.0418935745, 1.5540646619, 1.333791397, 2.4556788205, 1.2798678878, 1.9597139784, 0.88736020784, 1.6850261071, 1.4004059884, 1.5667482108, 1.5924868298, 3.48803113, 1.3760473788, 1.041806106, 1.605184623],
      [8.745930715, 15.835255943, 11.1303320341, 11.7482022293, 10.5155400056, 10.883761711, 11.1487718894, 9.0629626785, 14.8776385937, 13.3664615336, 8.6897664075, 11.1304940968, 8.6280049599, 10.6070939768, 14.9717723689, 8.5083208799, 10.9713299123, 2.5311883339, 1.2664121887, 2.5131887204, 2.1862135255, 3.2665760454, 2.1381960824, 1.4544776801, 2.5732330654, 5.5726602439, 1.5365329135, 1.8948590447, 1.4614560471, 3.0026721711, 2.8373525468, 2.5714063258, 2.3498345831, 3.6861082799, 3.5923386729, 1.9963713939, 2.4831966494, 3.2215792995, 6.3673991126, 2.0046191448, 2.7520237578, 1.7792096901, 3.5541571144, 3.3711742371, 1.9783640922, 2.6109960166, 3.7226789897, 3.4520647459, 1.6712251103, 2.9599167103]
    ],
    [
      [6.652728685, 7.8796668935, 5.3674758666, 6.7555996726, 4.2950200611, 6.0089199752, 5.9305734966, 3.9316802856, 7.0680508793, 8.862666141, 5.1637242599, 6.9302285907, 7.9218801884, 7.488974836, 10.1860787775, 4.2970895697, 14.9309816705, 25.9409164328, 27.4769745168, 29.131196498, 24.2181190656, 27.7024309837, 25.3029922061, 26.7317829799, 22.3019789115, 22.8407106403, 23.9436168041, 25.6778767244, 30.7002678588, 29.4643576738, 29.9557886126, 30.6968986118, 30.6841997971, 13.0219284642, 8.9054409233, 6.5180545455, 5.9565741688, 5.1796855254, 4.019015704, 7.3521220363, 5.1867556893, 9.7974943586, 4.9228853162, 7.3978223422, 7.6603653057, 3.8117774066, 5.0384528669, 8.7823482285, 7.030456892, 6.3452802034],
      [6.8561456897, 9.7305932662, 9.0810333222, 7.483254099, 7.3118820673, 10.3561795364, 10.3862463327, 4.7564645269, 9.969820287, 13.9024893257, 7.425656074, 9.3384122545, 10.4257399184, 9.7256685044, 11.9608516102, 6.3946019716, 17.8148283602, 28.2141145317, 35.0853400628, 33.4088671208, 47.466563538, 39.0417892226, 42.5845105542, 39.3014654056, 42.345776936, 32.7669221173, 34.7871715527, 43.1469903924, 34.6963322004, 37.8874889951, 31.9402532149, 33.0167172128, 38.7671977637, 20.678479206, 8.9402794392, 11.5833813485, 12.2511156917, 5.3019766409, 7.2233610783, 8.1323928448, 7.3931362905, 14.0617005299, 8.3631010348, 13.3062121889, 9.8370837743, 4.8652630863, 10.5081708746, 7.4608201157, 9.3615581534, 8.9843291069],
      [0.49112562529, 1.3897398403, 0.5514908112, 0.76114622841, 0.39309787165, 0.63490048842, 0.68318017071, 0.31185518742, 0.96212883371, 1.2348445333, 0.41061966614, 0.73135915473, 0.65237989314, 0.78535665961, 1.8530696123, 0.30830845871, 2.2541899693, 1.8449690355, 1.4376854204, 2.4599363812, 3.3153173964, 3.2557797937, 2.1124972397, 1.9667516145, 3.3522441525, 4.3923672424, 1.2692116433, 2.1751328832, 1.6033999408, 4.648153331, 3.1039581725, 3.2863841755, 3.5486024392, 2.2995923298, 1.1542796375, 0.89856410599, 0.79231013952, 0.51833783373, 0.75762321772, 0.51548511888, 0.4201080202, 1.1408051115, 0.71401364899, 1.2959654688, 0.50255091991, 0.32295950712, 0.45337625852, 0.75683165579, 0.60798495451, 0.6703906897]
    ],
    [
      [2.0864321776, 1.7019181437, 1.2914452984, 2.1670349792, 1.3078789684, 1.3525674693, 1.5645562979, 2.5303559375, 0.83611333134, 0.94529110771, 2.0244323767, 1.619305157, 1.8282335693, 1.8720676481, 1.7369209198, 1.6998012691, 1.6155439, 2.903714808, 2.5695258549, 2.0067672366, 1.0262185064, 1.1501967956, 1.24675727, 2.0098958434, 1.4740579196, 1.5939180227, 2.4252316886, 1.3346136071, 2.1797063693, 1.4241585327, 2.1417844414, 2.1134915745, 1.4510588687, 3.9384385304, 7.3560476496, 5.5658971927, 4.8194693121, 8.4843489221, 4.5850145119, 8.3552079233, 6.6876540958, 6.144372204, 5.5372543962, 4.7315581922, 7.2251443291, 7.8507170194, 4.2405779689, 8.4674485745, 7.4742671657, 6.4258610231],
      [11.1334257886, 10.8766068006, 11.3133423923, 12.4249433914, 11.5320748304, 12.0670580596, 14.1808133299, 15.8479652262, 6.1091908215, 7.6751144784, 15.0696874586, 11.2951888182, 12.4525886102, 12.5825067709, 10.5524408683, 13.0995116613, 9.970111237, 16.3417702929, 16.9812976557, 11.9066188548, 10.4069337617, 8.3845470484, 10.8547426001, 15.2935163631, 14.4855248632, 11.8298218245, 18.235227115, 11.6025691474, 12.7454906249, 9.4750263944, 11.8155966239, 11.7623400521, 9.4849937268, 32.4288435836, 38.3354204754, 51.4699400133, 51.5263789471, 45.1048894243, 42.7464706214, 48.0058839577, 49.4840841744, 45.8418285277, 48.8755748181, 44.2070770314, 48.1697967921, 52.0708557452, 45.8451333355, 37.3031013238, 51.769074164, 47.2480768226],
      [2.7801420338, 5.4214750556, 2.3952123093, 4.4080216294, 2.1600462012, 2.580374471, 3.2546303722, 3.6216788363, 2.0546958472, 2.3795944139, 2.9058801647, 3.0855060248, 2.7191778205, 3.5454255809, 5.7106382119, 2.2006870696, 4.414344863, 3.754514899, 2.4491764894, 3.0866139086, 2.5668477319, 2.465256156, 1.8985001299, 2.6965877935, 4.0404172172, 5.5762601528, 2.3395411964, 2.0628172455, 2.0748030057, 4.100815073, 4.0426189347, 4.1241683735, 3.0639474045, 12.632717886, 17.308531875, 13.964162794, 11.6541517408, 15.4107616536, 15.6685148666, 10.638908119, 9.8282617297, 13.0137992683, 14.5871707856, 15.0613647763, 8.6050588789, 12.0784272354, 6.9142886956, 13.2294501017, 11.7566586703, 12.3260621543]
    ]
  ],
  "prob": [
    [0.74287060588, 0.088574715829, 0.16855467829],
    [0.40140641569, 0.55515953153, 0.043434052778],
    [0.099950143126, 0.70770935985, 0.19234049703]
  ],
  "iterations": 22,
  "time": 3.8e-05,
  "message": "Converged",
  "status": 0,
  "miniter": 0,
  "maxiter": 1000,
  "maxtime": 3600,
  "param_threshold": 0.001,
  "ll_threshold": "-Inf",
  "initial_prob": "group_proportional",
  "ballotbox_id": ["1", "2", "3", "4", "5", "6", "7", "8", "9", "10", "11", "12", "13", "14", "15", "16", "17", "18", "19", "20", "21", "22", "23", "24", "25", "26", "27", "28", "29", "30", "31", "32", "33", "34", "35", "36", "37", "38", "39", "40", "41", "42", "43", "44", "45", "46", "47", "48", "49", "50"],
  "candidates_id": ["1", "2", "3"],
  "group_id": ["1", "2", "3"]
}
