{
  "X": [
    [331, 390, 676, 53, 88],
    [135, 211, 264, 20, 32],
    [126, 227, 490, 35, 54],
    [215, 346, 386, 55, 61],
    [4, 6, 30, 0, 0],
    [274, 362, 473, 48, 40],
    [20, 28, 45, 4, 5],
    [59, 65, 108, 9, 7],
    [40, 32, 81, 17, 24],
    [10, 3, 8, 5, 0],
    [13, 5, 13, 0, 1],
    [36, 33, 44, 19, 10],
    [491, 471, 531, 49, 69],
    [152, 269, 262, 27, 30],
    [84, 92, 76, 15, 17],
    [281, 323, 427, 38, 42],
    [210, 359, 231, 42, 48],
    [69, 120, 134, 6, 19],
    [216, 234, 915, 43, 71],
    [45, 86, 158, 14, 8],
    [120, 131, 362, 25, 25],
    [78, 82, 128, 7, 16],
    [42, 67, 66, 1, 7],
    [4, 0, 5, 0, 0],
    [4, 12, 35, 1, 5],
    [8, 6, 3, 0, 0],
    [14, 11, 31, 1, 2],
    [88, 112, 97, 9, 14],
    [90, 79, 134, 10, 18],
    [15, 13, 32, 4, 4],
    [22, 26, 120, 7, 6],
    [5, 9, 30, 0, 0],
    [7, 17, 12, 2, 1],
    [317, 311, 730, 51, 60],
    [45, 48, 72, 4, 3],
    [72, 67, 316, 8, 20],
    [58, 91, 130, 16, 22],
    [60, 78, 244, 17, 10],
    [243, 200, 335, 72, 41],
    [66, 56, 92, 24, 9],
    [122, 127, 215, 42, 12],
    [102, 85, 149, 42, 21],
    [101, 113, 103, 51, 12],
    [94, 94, 148, 30, 14],
    [173, 131, 142, 57, 27],
    [8, 11, 13, 1, 0],
    [123, 112, 215, 7, 16],
    [252, 384, 642, 34, 48],
    [868, 948, 1688, 188, 187],
    [31, 33, 93, 2, 8],
    [180, 195, 387, 36, 49],
    [1039, 1028, 1881, 143, 192],
    [312, 250, 402, 10, 38]
  ],
  "W": [
    [122, 621, 718, 77],
    [57, 296, 269, 40],
    [57, 307, 519, 49],
    [84, 516, 404, 59],
    [2, 7, 29, 2],
    [71, 593, 503, 30],
    [10, 43, 44, 5],
    [7, 116, 104, 21],
    [18, 55, 109, 12],
    [4, 8, 14, 0],
    [3, 12, 15, 2],
    [28, 50, 54, 10],
    [120, 892, 558, 41],
    [44, 392, 273, 31],
    [24, 179, 74, 7],
    [47, 613, 441, 10],
    [50, 579, 226, 35],
    [20, 180, 141, 7],
    [73, 398, 969, 39],
    [15, 129, 155, 12],
    [37, 232, 376, 18],
    [24, 149, 129, 9],
    [18, 96, 62, 7],
    [1, 3, 4, 1],
    [3, 14, 39, 1],
    [2, 11, 4, 0],
    [7, 22, 28, 2],
    [18, 184, 104, 14],
    [31, 146, 145, 9],
    [7, 25, 33, 3],
    [9, 45, 123, 4],
    [3, 10, 30, 1],
    [6, 19, 14, 0],
    [73, 579, 779, 38],
    [17, 82, 70, 3],
    [18, 130, 331, 4],
    [11, 152, 139, 15],
    [14, 134, 252, 9],
    [154, 330, 375, 32],
    [35, 94, 106, 12],
    [88, 190, 215, 25],
    [67, 151, 162, 19],
    [69, 164, 123, 24],
    [64, 145, 162, 9],
    [106, 229, 163, 32],
    [2, 16, 14, 1],
    [34, 193, 237, 9],
    [63, 622, 643, 32],
    [324, 1621, 1776, 158],
    [16, 49, 99, 3],
    [99, 311, 398, 39],
    [493, 1743, 1878, 169],
    [134, 444, 406, 28]
  ],
  "method": "mvn_pdf",
  "cond_prob": [
    [
      [0.67976879599, 0.067746461856, 0.042403972417, 0.19152741888, 0.018553350864],
      [0.34455483439, 0.54847320472, 0.06454404529, 0.0086610670516, 0.033766848553],
      [0.039518417242, 0.021497283794, 0.86516429785, 0.018999830676, 0.054820170438],
      [0.074356248767, 0.33374054234, 0.12411555043, 0.13783446536, 0.3299531931]
    ],
    [
      [0.66883774581, 0.089629497336, 0.048409023342, 0.17628142691, 0.016842306598],
      [0.28716639839, 0.61762268428, 0.063261023805, 0.0049660858615, 0.026983807666],
      [0.034099227036, 0.024859074396, 0.882053604, 0.01409078817, 0.044897306396],
      [0.067557562322, 0.40969282733, 0.13107507867, 0.11728938083, 0.27438515086]
    ],
    [
      [0.58740515718, 0.088854587455, 0.054833921402, 0.24713672211, 0.021769611856],
      [0.25569377894, 0.62588641371, 0.072953544655, 0.010647740979, 0.034818521715],
      [0.022108012215, 0.02368313039, 0.88258419794, 0.020318263176, 0.051306396276],
      [0.051956276869, 0.35707377211, 0.13094958242, 0.14488105655, 0.31513931205]
    ],
    [
      [0.57865768915, 0.074647731635, 0.040362065945, 0.28736248155, 0.018970031726],
      [0.28976313, 0.60054083796, 0.061286174208, 0.014069936686, 0.034339921144],
      [0.033336336265, 0.024770900195, 0.85299616939, 0.030819897083, 0.058076697072],
      [0.057747443752, 0.33632329619, 0.10805878199, 0.18898687794, 0.30888360013]
    ],
    [
      [0.82396949292, 0.089771524681, 0.086258982404, 0, 0],
      [0.2625345985, 0.63348472574, 0.10398067576, 0, 0],
      [0.00019505421312, 0.014413963576, 0.98539098221, 0, 0],
      [0.25433112624, 0.48402946338, 0.26163941038, 0, 0]
    ],
    [
      [0.63530170709, 0.064990039807, 0.035255853007, 0.25327889898, 0.011173501116],
      [0.34471375366, 0.56338181724, 0.057157077228, 0.013434271996, 0.021313079868],
      [0.043930272812, 0.024492766436, 0.86095274853, 0.031420281713, 0.039203930511],
      [0.079379854967, 0.36601426772, 0.11811517101, 0.20820910591, 0.22828160039]
    ],
    [
      [0.63175937902, 0.075290040477, 0.060927228423, 0.21309770049, 0.018925651592],
      [0.28999505926, 0.57992206109, 0.084347316266, 0.011188357381, 0.034547206007],
      [0.020749147054, 0.014286668306, 0.90785004551, 0.016245975223, 0.04086816391],
      [0.059931238257, 0.3363675126, 0.16367822279, 0.1346201436, 0.30540288275]
    ],
    [
      [0.70312770337, 0.050570992269, 0.045050002512, 0.19378867946, 0.007462622391],
      [0.41344406813, 0.48112638746, 0.082086139549, 0.012851899823, 0.010491505042],
      [0.038047336634, 0.016696735938, 0.90757108738, 0.020821686663, 0.016863153382],
      [0.10293672207, 0.3380419796, 0.17977450985, 0.18986683102, 0.18937995746]
    ],
    [
      [0.54405050105, 0.04091322035, 0.025833440057, 0.36653475975, 0.022668078793],
      [0.39647089832, 0.46507207598, 0.064942460055, 0.019673586663, 0.053840978977],
      [0.071630902428, 0.03445045426, 0.70114322842, 0.061791736855, 0.13098367803],
      [0.04945193405, 0.16079152837, 0.044879239803, 0.21541897841, 0.52945831937]
    ],
    [
      [0.28152413845, 0.020056032732, 0.07471178529, 0.62370804353, 0],
      [0.60839319999, 0.23898803633, 0.15261876368, 0, 0],
      [0.28619698902, 0.071990827032, 0.46287162495, 0.17894055899, 0],
      [0.042829639634, 0.038178474288, 0.0026188078265, 0.91423592835, 0.0021371498999]
    ],
    [
      [0.93630648473, 0.025882227837, 0.012747790352, 0, 0.025063497085],
      [0.6632425522, 0.29307464479, 0.035639549779, 0, 0.0080432532377],
      [0.10044168633, 0.044943688043, 0.82168043048, 0, 0.032934195148],
      [0.36277231229, 0.3656511292, 0.10443778717, 0, 0.16713877134]
    ],
    [
      [0.49038459607, 0.047978899182, 0.021633054079, 0.42510942872, 0.014894021952],
      [0.36254331193, 0.54684286614, 0.045537933142, 0.0062869564646, 0.038788932318],
      [0.065624059511, 0.0334631613, 0.75075006306, 0.062577116257, 0.08758559987],
      [0.059836649982, 0.25074368056, 0.057687442335, 0.34034238948, 0.29138983764]
    ],
    [
      [0.72541844991, 0.053492221508, 0.031914204956, 0.17550198604, 0.013673137592],
      [0.41526999711, 0.49140429031, 0.055227224173, 0.0094022841066, 0.028696204299],
      [0.052833607459, 0.023038197724, 0.84791811612, 0.023477996523, 0.052732082176],
      [0.09872672252, 0.32665834474, 0.11632445486, 0.15737078519, 0.30091969269]
    ],
    [
      [0.62604575238, 0.085158499506, 0.039577139484, 0.23492894152, 0.014289667113],
      [0.28601108046, 0.62474127783, 0.054045912629, 0.011197721111, 0.024004007962],
      [0.03763949665, 0.028093444329, 0.8628804644, 0.026298168997, 0.045088425628],
      [0.066518089291, 0.40919144546, 0.11310455909, 0.16432966972, 0.24685623644]
    ],
    [
      [0.58113678055, 0.047856840552, 0.035662556167, 0.31379935789, 0.021544464847],
      [0.37314610919, 0.49156678284, 0.07008378343, 0.018499962353, 0.046703362189],
      [0.038253601256, 0.017056484902, 0.83638767399, 0.03565771596, 0.072644523895],
      [0.061256747036, 0.22840025938, 0.10091622042, 0.21695016694, 0.39247660622]
    ],
    [
      [0.6280554213, 0.052146186817, 0.037965597944, 0.26816229176, 0.013670502182],
      [0.38019365367, 0.50506525567, 0.068796789285, 0.015641712818, 0.030302588562],
      [0.039990310391, 0.018135052172, 0.86568445347, 0.030832996384, 0.045357187587],
      [0.078695861919, 0.29465694875, 0.12763410861, 0.22106509243, 0.2779479883]
    ],
    [
      [0.5461845651, 0.066814206799, 0.036844849076, 0.33099472665, 0.01916165238],
      [0.29865431298, 0.58642132244, 0.061587040955, 0.015983037367, 0.037354286263],
      [0.034643499745, 0.024026269993, 0.84067744936, 0.037473031902, 0.063179749003],
      [0.055442673923, 0.30546877005, 0.10016449367, 0.22077656635, 0.318147496]
    ],
    [
      [0.6788931467, 0.093556263258, 0.046918952198, 0.15571971846, 0.024911919385],
      [0.27891936436, 0.62086470725, 0.059984390146, 0.0032012201095, 0.037030318134],
      [0.034037503068, 0.026672622393, 0.86160547483, 0.011904419703, 0.065779980007],
      [0.059623364031, 0.37319823897, 0.11115125414, 0.090123261844, 0.36590388102]
    ],
    [
      [0.64579389657, 0.059554271187, 0.056277747651, 0.21956494253, 0.018809142058],
      [0.34772389798, 0.51349339715, 0.090979367288, 0.011195507819, 0.036607829764],
      [0.028655968147, 0.014514773649, 0.89616438987, 0.017007086648, 0.043657781688],
      [0.069110282608, 0.28762437104, 0.1615036528, 0.15477128514, 0.3269904084]
    ],
    [
      [0.5176271692, 0.072363491131, 0.061998146769, 0.33703020677, 0.010980986126],
      [0.26353183622, 0.60292406444, 0.098183371772, 0.017300738642, 0.018059988923],
      [0.016728782834, 0.019458394694, 0.91808411288, 0.025347729493, 0.020380980096],
      [0.053918687533, 0.34344101186, 0.17511127857, 0.23198779518, 0.19554122685]
    ],
    [
      [0.62771895921, 0.055143110134, 0.050575700846, 0.25287558001, 0.0136866498],
      [0.36102702821, 0.50915233391, 0.08702533736, 0.014473398027, 0.028321902499],
      [0.03103978656, 0.014589876761, 0.89632454093, 0.023172056205, 0.03487373954],
      [0.074731567715, 0.29725387755, 0.16226630056, 0.19850455913, 0.26724369504]
    ],
    [
      [0.71591216309, 0.060706417861, 0.048959231026, 0.15470626458, 0.019715923444],
      [0.37222195822, 0.50800208053, 0.076684732258, 0.0052050114127, 0.037886217581],
      [0.036042684825, 0.016441178543, 0.88438443817, 0.011619686906, 0.051512011561],
      [0.078614440928, 0.3033137712, 0.14592898063, 0.11250703764, 0.35963576961]
    ],
    [
      [0.78831865968, 0.10184692801, 0.061768621744, 0.030922560195, 0.01714323037],
      [0.26620042472, 0.63159021683, 0.075784544512, 0, 0.026424813943],
      [0.028641242525, 0.023098779973, 0.91135854111, 0, 0.036901436394],
      [0.068466616647, 0.44313858883, 0.15837414097, 0.06334198807, 0.26667866548]
    ],
    [
      [0.96817668597, 0, 0.031823314033, 0, 0],
      [0.86886385583, 0, 0.13113614417, 0, 0],
      [0, 0, 1, 0, 0],
      [0.42523174654, 0, 0.57476825346, 0, 0]
    ],
    [
      [0.5657898623, 0.13841353757, 0.068800244462, 0.17156002409, 0.05543633159],
      [0.15468577604, 0.7198039191, 0.064233493909, 0.0045857263913, 0.056691084552],
      [0.0028809224517, 0.030894062327, 0.86677616687, 0.0095467636528, 0.089902084701],
      [0.024673572874, 0.30263608912, 0.090059844024, 0.048795975808, 0.53383451818]
    ],
    [
      [0.94576614075, 0.052506119513, 0.0017277397339, 0, 0],
      [0.48491498313, 0.51508501687, 0, 0, 0],
      [0.19360072601, 0.057263143856, 0.74913613013, 0, 0],
      [0.22640516059, 0.63489532458, 0.054750838084, 0.043284492284, 0.040664184461]
    ],
    [
      [0.725884878, 0.051271836051, 0.090328968114, 0.11753950908, 0.014974808753],
      [0.37489711667, 0.45091599426, 0.14410935208, 0, 0.030077536999],
      [0.018521897886, 0.0071137142314, 0.95103938968, 0, 0.023324998206],
      [0.076228073243, 0.26088063777, 0.28409428328, 0.088611718206, 0.2901852875]
    ],
    [
      [0.72295014424, 0.06767939531, 0.029285734004, 0.1672513124, 0.012833414046],
      [0.36868581699, 0.55558874384, 0.042587158769, 0.008424730453, 0.024713549947],
      [0.056280983566, 0.02928118798, 0.838520897, 0.023605548863, 0.05231138259],
      [0.092534627598, 0.39344274771, 0.10218902046, 0.14173920655, 0.27009439769]
    ],
    [
      [0.73298985952, 0.054642781657, 0.034866798219, 0.1598500948, 0.017650465804],
      [0.40751501634, 0.49011507573, 0.058646310883, 0.0079642884961, 0.035759308555],
      [0.048085408148, 0.020795732434, 0.85045098218, 0.018717956607, 0.06194992063],
      [0.089748643069, 0.3037657233, 0.11570838334, 0.12975080366, 0.36102644663]
    ],
    [
      [0.61463510878, 0.044024164211, 0.044469981708, 0.27840893676, 0.018461808547],
      [0.38393930725, 0.46972064541, 0.081991705754, 0.020090838733, 0.044257502853],
      [0.027229638692, 0.0077338543541, 0.88507097387, 0.02848269991, 0.051482833171],
      [0.066831160176, 0.23119917385, 0.14385844879, 0.20297912579, 0.35513209139]
    ],
    [
      [0.56205582258, 0.054437483073, 0.067363380128, 0.30164041901, 0.014502895215],
      [0.32203073589, 0.51432986783, 0.11646474362, 0.016995725995, 0.030178926666],
      [0.017981549469, 0.010540887553, 0.92165823947, 0.021713998717, 0.028105324791],
      [0.059595974305, 0.26717235775, 0.19721316525, 0.21240167926, 0.26361682344]
    ],
    [
      [0.79789429241, 0.13181997158, 0.070285736011, 0, 0],
      [0.20200261314, 0.72878551428, 0.069211872586, 0, 0],
      [0.012566359588, 0.023503584324, 0.96393005609, 0, 0],
      [0.20930020376, 0.61157741278, 0.17912238346, 0, 0]
    ],
    [
      [0.59727863543, 0.16241317961, 0.023049058856, 0.20559889664, 0.011660229459],
      [0.15450217175, 0.8000225109, 0.010824169658, 0.016737583566, 0.017913564119],
      [0.034341923148, 0.058935229656, 0.83257474453, 0.032028038028, 0.042120064642],
      [0.048047045667, 0.65651449851, 0.061541402921, 0.10316604234, 0.13073101056]
    ],
    [
      [0.67398354695, 0.051125711014, 0.039474837139, 0.2224939187, 0.012921986201],
      [0.40120776736, 0.48726913755, 0.070459943976, 0.013178137422, 0.027885013689],
      [0.041245207539, 0.017472612853, 0.87423337531, 0.025416405556, 0.041632398738],
      [0.088681239414, 0.3033638695, 0.13932184098, 0.19285322209, 0.27577982801]
    ],
    [
      [0.72821445606, 0.066948843672, 0.051135126196, 0.14575969551, 0.007941878553],
      [0.36325712836, 0.5412158659, 0.079068715578, 0.0047339174602, 0.011724372705],
      [0.036398245069, 0.018242557928, 0.91576297605, 0.01074565253, 0.018850568425],
      [0.095130855558, 0.40172986632, 0.18121995132, 0.12723608914, 0.19468323767]
    ],
    [
      [0.69289416954, 0.053121746771, 0.061122459026, 0.17432842151, 0.018533203153],
      [0.38152642043, 0.47156150224, 0.10162844109, 0.008101151772, 0.037182484463],
      [0.029067006865, 0.011072219734, 0.90921963631, 0.0099534698978, 0.040687667195],
      [0.077072754946, 0.26897713381, 0.18409969424, 0.12858503658, 0.34126538042]
    ],
    [
      [0.50950309654, 0.056140987423, 0.038208253291, 0.37422489847, 0.021922764276],
      [0.31108806017, 0.55159984564, 0.072031736147, 0.019417066709, 0.045863291331],
      [0.031380504995, 0.020193032515, 0.84257261236, 0.038353936662, 0.06749991347],
      [0.049879373196, 0.2488294054, 0.10088614678, 0.24006231874, 0.36034275588]
    ],
    [
      [0.54958082041, 0.053679085605, 0.051946827611, 0.33490921349, 0.0098840528891],
      [0.33569806209, 0.52845970137, 0.096280771283, 0.019501529975, 0.020059935284],
      [0.026680801579, 0.014998763991, 0.90811407582, 0.028932559517, 0.021273799092],
      [0.066529577373, 0.29502269916, 0.16959710608, 0.26745122182, 0.20139939558]
    ],
    [
      [0.61869078006, 0.053278212786, 0.028267282938, 0.28673583404, 0.01302789018],
      [0.38115316514, 0.52289758495, 0.052247812602, 0.014770086016, 0.028931351285],
      [0.0516853518, 0.024942029383, 0.82749592002, 0.04036998634, 0.05550671246],
      [0.079970889007, 0.30892784931, 0.096690320698, 0.24468150924, 0.26972943175]
    ],
    [
      [0.56322000991, 0.044456113716, 0.022234942897, 0.36224859878, 0.0078403346919],
      [0.41007329751, 0.50805201879, 0.049397890902, 0.01189476251, 0.020582030288],
      [0.063525074421, 0.030036963096, 0.80750273003, 0.05558733926, 0.04334789319],
      [0.083895983193, 0.29193568048, 0.081923822528, 0.35924445042, 0.18300006338]
    ],
    [
      [0.58192407228, 0.063913039305, 0.045809839561, 0.30156370788, 0.00678934097],
      [0.32515334736, 0.56866537795, 0.077124901523, 0.015692022981, 0.013364350191],
      [0.03353904596, 0.020751797235, 0.89578436684, 0.02948158716, 0.020443202809],
      [0.072026030404, 0.35470377302, 0.14885455838, 0.24569472402, 0.17872091418]
    ],
    [
      [0.51987610084, 0.04207896942, 0.030479351364, 0.3934605325, 0.014105045868],
      [0.38615368105, 0.49373625252, 0.067306705553, 0.015646987173, 0.037156373705],
      [0.047008043858, 0.019373268501, 0.83299942873, 0.043550896636, 0.057068362275],
      [0.065462752623, 0.23621396955, 0.097298077142, 0.32737915812, 0.27364604257]
    ],
    [
      [0.46450255414, 0.053339362723, 0.02003218747, 0.45587498504, 0.0062509106298],
      [0.3496186536, 0.58844618122, 0.045197115785, 0, 0.016738049394],
      [0.081535681934, 0.044471810953, 0.75439843166, 0.075776231687, 0.043817843765],
      [0.065957320677, 0.30601572936, 0.058935207564, 0.42600623061, 0.14308551179]
    ],
    [
      [0.58885587085, 0.062456611601, 0.031810559326, 0.3046728025, 0.012204155726],
      [0.33463497865, 0.57137056659, 0.054062352424, 0.014808745703, 0.025123356633],
      [0.044123920049, 0.025034948067, 0.8468207559, 0.038010253454, 0.046010122535],
      [0.071453034888, 0.3442647905, 0.10445784963, 0.24400127265, 0.23582305233]
    ],
    [
      [0.59289674556, 0.044935968366, 0.02078693413, 0.32942101356, 0.01195933838],
      [0.42164486588, 0.49225846039, 0.044148577721, 0.01169111564, 0.030256980373],
      [0.066960838441, 0.028994638599, 0.78093099316, 0.058318259254, 0.064795270548],
      [0.08380168808, 0.27448355727, 0.074837774982, 0.3093197132, 0.25755726647]
    ],
    [
      [0.77553949139, 0.078289304696, 0.024881220326, 0.12128998359, 0],
      [0.33777909255, 0.61618202929, 0.029599179778, 0.016439698376, 0],
      [0.061133216839, 0.029306758674, 0.88340901529, 0.026151009195, 0],
      [0.1885905006, 0.57421430052, 0.10892446882, 0.12827073007, 0]
    ],
    [
      [0.79258668896, 0.060902924541, 0.030399146568, 0.10610320131, 0.01000803862],
      [0.41644147391, 0.51411135393, 0.049432316016, 0.00084676828051, 0.01916808786],
      [0.061667077587, 0.029624096632, 0.85794912934, 0.0096154384268, 0.041144258016],
      [0.11819452463, 0.40943315062, 0.12133870805, 0.10557844112, 0.24545517557]
    ],
    [
      [0.64182371595, 0.074274090611, 0.057616838391, 0.21096733818, 0.015318016867],
      [0.30826523457, 0.572246673, 0.084051717547, 0.0091324631212, 0.026303911761],
      [0.027438475762, 0.018674285796, 0.90333597132, 0.016032505469, 0.034518761654],
      [0.068162189912, 0.35549174747, 0.1639044159, 0.14749264427, 0.26494900245]
    ],
    [
      [0.62917875637, 0.057141167981, 0.040712322204, 0.25763585972, 0.015331893721],
      [0.36087589116, 0.52321950965, 0.069827132001, 0.014327700924, 0.03174976626],
      [0.037958383023, 0.018756930217, 0.86783426015, 0.027960241042, 0.047490185564],
      [0.074380855139, 0.30401979978, 0.12877076328, 0.20027462127, 0.29255396053]
    ],
    [
      [0.73475434577, 0.081808823802, 0.052599517542, 0.11072264162, 0.020114671261],
      [0.31601983846, 0.58209588375, 0.069196886573, 0, 0.032687391218],
      [0.03579046078, 0.020659672629, 0.89230883249, 0, 0.051241034103],
      [0.071900921896, 0.37435097512, 0.14306195364, 0.07614591134, 0.334540238]
    ],
    [
      [0.64747686914, 0.067554765336, 0.052983979838, 0.21026248288, 0.021721902805],
      [0.32605916976, 0.54465325344, 0.080166123814, 0.0097619672506, 0.03935948573],
      [0.030118884868, 0.017909019638, 0.88270157628, 0.017042470352, 0.052228048863],
      [0.064309537999, 0.30249042551, 0.14122292643, 0.13756767127, 0.35440943879]
    ],
    [
      [0.69010629395, 0.063501298937, 0.053590298221, 0.17596531238, 0.016836796516],
      [0.35688478598, 0.52226020389, 0.083186584428, 0.0062750153514, 0.031393410353],
      [0.03382658833, 0.016986148225, 0.8957897227, 0.012324375768, 0.041073164978],
      [0.078112912689, 0.3224517034, 0.16149507155, 0.13116314525, 0.30677716712]
    ],
    [
      [0.82482384728, 0.061154776402, 0.043766555833, 0.056672771131, 0.013582049359],
      [0.40275232212, 0.50142386231, 0.070058909501, 0, 0.025764906069],
      [0.048504940779, 0.022081243948, 0.88851772634, 0, 0.040896088932],
      [0.1056631246, 0.36457428759, 0.15324745733, 0.08592316673, 0.29059196375]
    ]
  ],
  "expected_outcome": [
    [
      [82.9317931102, 38.1237515112, 33.4820939592, 48.6072458883, 1.6479389858, 45.1064212035, 6.3175937902, 4.9218939236, 9.7929090189, 1.1260965538, 2.8089194542, 13.7307686899, 87.050213989, 27.5460131046, 13.9472827331, 29.518604801, 27.3092282548, 13.5778629339, 47.1429544496, 7.764407538, 23.2256014907, 17.1818919141, 14.1897358743, 0.96817668597, 1.6973695869, 1.8915322815, 5.081194146, 13.0131025964, 22.7226856453, 4.3024457615, 5.0585024032, 2.3936828772, 3.5836718126, 49.2007989273, 12.3796457531, 12.4720950518, 5.604534062, 7.6941314857, 95.2783801292, 19.7127003469, 51.2093183608, 34.8316987566, 32.0506762353, 37.6867757344, 62.8470550293, 1.5510789828, 26.9479474246, 40.434894105, 203.8539170638, 11.7560695323, 64.1002100447, 340.2224029152, 110.5263955349],
      [8.2650683464, 5.1088813482, 5.0647114849, 6.2704094573, 0.17954304936, 4.6142928263, 0.75290040477, 0.35399694588, 0.7364379663, 0.080224130928, 0.077646683511, 1.3434091771, 6.419066581, 3.7469739783, 1.1485641733, 2.4508707804, 3.3407103399, 1.8711252652, 4.3474617967, 1.085452367, 2.040295075, 1.4569540287, 1.8332447042, 0, 0.4152406127, 0.10501223903, 0.35890285236, 1.2182291156, 1.6939262314, 0.30816914948, 0.48993734766, 0.39545991473, 0.97447907764, 3.732176904, 1.1381303424, 0.95619144188, 0.61755086165, 0.75150719848, 8.2048447691, 1.5559639801, 5.6243474588, 2.8192909512, 3.6804160279, 3.9972231425, 4.7632126468, 0.15657860939, 2.0706994344, 4.6792677085, 18.5137384259, 1.3089411808, 6.6879217682, 31.3061403761, 8.1947400379],
      [5.1732846349, 2.7593143305, 3.1255335199, 3.3904135394, 0.17251796481, 2.5031655635, 0.60927228423, 0.31535001758, 0.46500192102, 0.29884714116, 0.038243371055, 0.60572551422, 3.8297045947, 1.7413941373, 0.855901348, 1.7843831034, 1.8422424538, 0.93837904397, 4.1082755785, 0.92997220154, 1.8713009313, 1.1750215446, 1.1118351914, 0.031823314033, 0.20640073338, 0.0034554794677, 0.6323027768, 0.52714321206, 1.0808707448, 0.31128987195, 0.60627042115, 0.21085720803, 0.13829435314, 2.8816631112, 0.86929714533, 1.1002042625, 0.4202907862, 0.72725558656, 4.3531615724, 0.77822300141, 4.0312658814, 2.0421165414, 1.3822209354, 2.0358757969, 2.2034150178, 0.049762440652, 1.0335709833, 3.6298608187, 13.1907923941, 0.84159228067, 5.245414004, 26.4200170231, 5.8647184816],
      [23.3663451031, 10.0480413341, 14.0867931602, 24.1384484499, 0, 17.9828018276, 2.1309770049, 1.3565207562, 6.5976256755, 2.4948321741, 0, 11.9030640041, 21.0602383242, 10.3368734268, 7.5311845893, 12.6036277127, 16.5497363325, 3.1143943692, 16.028240805, 5.0554531016, 9.3563964604, 3.7129503499, 0.55660608351, 0, 0.51468007226, 0, 0.82277656359, 3.0105236232, 4.9553529387, 1.9488625573, 2.7147637711, 0, 1.2335933799, 16.2420560648, 2.4779148238, 3.1379115871, 4.1164738831, 4.6887289888, 44.1573184416, 12.6787009575, 26.5376062936, 26.3618556777, 31.4553739679, 19.4990593597, 34.9186274378, 0.24257996718, 3.6075088446, 13.2909423052, 83.4740185507, 1.771562266, 20.8159858054, 86.7508990035, 7.5941513315],
      [2.2635088054, 0.96001147606, 1.2408678758, 1.593482665, 0, 0.7933185792, 0.18925651592, 0.052238356737, 0.40802541827, 0, 0.075190491255, 0.41703261465, 1.640776511, 0.62874535297, 0.51706715633, 0.64251360254, 0.95808261899, 0.49823838771, 1.3730673703, 0.1647147919, 0.50640604259, 0.47318216265, 0.30857814665, 0, 0.16630899477, 0, 0.10482366127, 0.23100145283, 0.54716443993, 0.12923265983, 0.13052605693, 0, 0.069961376757, 0.94330499268, 0.1350119354, 0.33359765675, 0.24115040704, 0.13837674045, 2.0062950877, 0.27441171422, 0.59746200536, 0.94503807318, 0.43131283346, 0.78106596646, 1.2676898683, 0, 0.34027331306, 0.9650350626, 4.9675335655, 0.32183474018, 2.1504683777, 8.3005406822, 1.819994614]
    ],
    [
      [213.9685521548, 85.0012539234, 78.4979901347, 149.5177750793, 1.8377421895, 204.4152559231, 12.4697875481, 47.959511903, 21.8058994078, 4.8671455999, 7.9589106264, 18.1271655967, 370.4208374253, 112.1163435419, 66.7931535447, 233.0587096973, 172.9208472155, 50.2054855852, 138.3941113945, 33.9956068723, 83.7582705437, 55.4610717751, 25.5552407727, 2.6065915675, 2.1656008646, 5.3340648144, 8.2477365667, 67.8381903263, 59.4971923857, 9.5984826812, 14.4913831149, 2.0200261314, 2.9355412633, 232.2992973018, 29.7870845254, 49.5984346562, 47.2853851458, 44.9835403201, 125.7805444977, 38.5468899662, 61.7791359976, 58.3092058386, 57.3374591905, 48.5220719036, 96.5566742862, 5.4044654809, 80.3732044656, 191.740975903, 584.9798195759, 15.4849720847, 101.4044017959, 622.0501819568, 178.82203102],
      [340.6018601292, 182.8163145462, 192.147129009, 309.8790723887, 4.4343930802, 334.085417625, 24.9366486268, 55.810660945, 25.5789641789, 1.9119042906, 3.5168957374, 27.3421433071, 438.3326269548, 244.8985809108, 87.9904541284, 309.6050017242, 339.53794569, 111.7556473046, 204.3703720668, 77.7772043132, 118.1233414669, 75.6923099985, 60.6326608156, 0, 10.0772548674, 5.6659351856, 9.9201518736, 102.2283288666, 71.556801056, 11.7430161353, 23.1448440523, 7.2878551428, 15.2004277072, 282.1288306424, 44.3797010037, 61.302995291, 83.8431765378, 70.8135999833, 172.5562030343, 47.756889766, 108.0464218103, 74.5541741303, 96.5051737202, 82.8487321562, 112.7271874287, 9.8589124687, 99.2234913083, 355.9374306055, 848.1388251446, 28.5226983036, 169.3871618211, 910.2995353833, 222.6321948667],
      [40.0818521254, 18.7252630463, 22.3967382091, 31.6236658915, 0.72786473032, 33.8941467964, 3.6269345994, 9.5219921877, 3.571835303, 1.2209501095, 0.42767459735, 2.2768966571, 49.2626839622, 21.1859977507, 12.544997234, 42.172431832, 35.6588967128, 10.7971902263, 36.2097881805, 12.6656549586, 20.1898782675, 11.4260251064, 7.2753162732, 0.3934084325, 0.89926891473, 0, 3.1704057457, 7.8360372134, 8.5623613889, 2.0497926439, 5.2409134631, 0.69211872586, 0.2056592235, 40.7963075623, 6.4836346774, 13.2116973422, 10.9488238943, 12.9016233519, 17.2417781586, 4.6434017448, 14.6537312894, 10.1633125386, 7.4123269887, 7.8390411014, 10.1100242981, 0.47358687645, 9.540436991, 52.2801683145, 113.1897809731, 3.3906474421, 24.931664506, 144.9942166575, 31.1061558185],
      [5.3785226391, 1.469961415, 3.2688564805, 7.2600873301, 0, 7.9665232934, 0.48109936738, 1.4908203794, 1.0820472665, 0, 0, 0.31434782323, 8.3868374231, 4.3895066756, 3.3114932611, 9.5883699577, 9.2541786353, 0.57621961972, 4.455812112, 2.2317952848, 3.3578283423, 0.7755467005, 0, 0, 0.064200169479, 0, 0, 1.5501504034, 1.1627861204, 0.50227096833, 0.76480766977, 0, 0.31801408775, 7.6301415676, 0.38818123174, 1.0531497304, 2.9513941398, 2.6132050167, 4.8741283854, 1.118107676, 2.9814843665, 2.3626950631, 0, 2.1472681269, 2.6772654816, 0.26303517402, 0.16342627814, 5.6803920614, 23.2252031986, 0, 3.0359718149, 10.9373517574, 0],
      [20.9692129516, 7.9872070691, 10.6892861666, 17.7193993103, 0, 12.638656362, 1.4855298583, 1.2170145849, 2.9612538438, 0, 0.096519038853, 1.9394466159, 25.5970142346, 9.4095711211, 8.3599018319, 18.5754867888, 21.6281317463, 6.6654572641, 14.5699162462, 2.3297385711, 6.5706813797, 5.6450464195, 2.5367821385, 0, 0.79367518373, 0, 0.66170581397, 4.5472931902, 5.220859049, 1.1064375713, 1.3580517, 0, 0.34035771826, 16.1454229259, 0.96139856183, 4.8337229802, 6.9712202824, 2.688031328, 9.5473459239, 1.9347108471, 2.5392265363, 5.6106124294, 2.7450401006, 3.6428867119, 6.9288485054, 0, 3.699440957, 16.3610331156, 51.4663711078, 1.6016821697, 12.240800062, 54.7187142449, 11.4396182948]
    ],
    [
      [28.3742235799, 9.1726920726, 11.4740583395, 13.467879851, 0.0056565721805, 22.0969272244, 0.91296247038, 3.9569230099, 7.8077683646, 4.0067578463, 1.5066252949, 3.5436992136, 29.4811529623, 10.2755825855, 2.8307664929, 17.6357268825, 7.8294309424, 4.7992879326, 27.7676331341, 2.5929613392, 11.6709597467, 4.6495063424, 1.7757570365, 0, 0.11235597562, 0.77440290404, 0.5186131408, 5.8532222909, 6.9723841814, 0.89857807683, 2.2117305847, 0.37699078763, 0.48078692407, 32.1300166731, 2.5478771549, 9.6211792722, 4.3618901943, 6.7235619979, 19.3820069249, 6.7336578886, 7.2108948815, 7.615303105, 10.0288888779, 7.1480750479, 10.914616666, 0.85586503575, 14.6150973881, 17.6429399148, 67.4140882484, 3.5432556173, 11.9873161774, 63.5263328836, 19.6930059564],
      [15.4350497639, 6.6870910125, 12.2915446727, 10.0074436787, 0.41800494371, 12.3198615172, 0.62861340546, 1.7364605375, 3.7550995143, 1.0078715785, 0.67415532064, 1.8070107102, 12.8553143298, 7.6695103017, 1.2621798827, 7.9975580079, 5.4299370184, 3.7608397574, 14.0648156659, 3.0160511775, 5.4857936622, 2.120912032, 1.4321243584, 0, 1.2048684307, 0.22905257542, 0.19918399848, 3.0452435499, 3.0153812029, 0.25521719368, 1.2965291691, 0.70510752972, 0.82509321519, 13.6111654125, 1.2769790549, 3.6649047319, 2.8068315195, 3.7796885258, 9.3532610187, 3.1839180882, 4.4616364054, 3.1384694971, 5.4700327472, 4.0556615868, 4.7261260917, 0.41029462144, 7.0209109017, 12.0075657669, 33.3123080648, 2.0453075902, 7.1277898158, 31.8999863665, 8.9649850429],
      [621.1879658567, 237.2724194765, 458.0611987324, 344.6104524317, 28.5763384841, 433.0592325097, 39.9454020024, 94.3873930879, 76.4246118983, 6.4802027494, 12.3252064573, 40.5405034053, 473.1383087938, 235.5663667803, 61.8926878751, 381.7668439786, 189.9931035548, 121.4863719507, 868.3832937818, 142.303037497, 337.0180273912, 114.0855925233, 56.5042295487, 4, 33.8042705079, 2.9965445205, 26.6291029109, 87.2061732881, 123.3153924163, 29.2073421378, 113.3639634547, 28.9179016826, 11.6560464234, 681.0277993693, 64.1034083233, 300.9516996183, 117.1175931178, 228.8447471068, 310.3109700066, 85.5952893835, 192.5936388698, 134.9459074543, 92.7910070944, 137.1849624551, 127.2917518847, 12.3677262141, 203.3339436532, 580.845029558, 1541.2736460343, 88.3385744163, 351.3152273594, 1682.2930992283, 360.7381968946],
      [13.641878425, 3.7904220178, 10.5451785884, 12.4512384216, 0, 15.8044017017, 0.71482290979, 2.165455413, 6.7352993172, 2.5051678259, 0, 3.3791642779, 13.1007220597, 7.1794001361, 2.638670981, 13.5973514054, 8.4689052098, 1.6785231781, 16.4798669624, 3.9288980715, 8.7126931329, 1.4989396108, 0, 0, 0.37232378246, 0, 0, 2.4549770818, 2.714103708, 0.93992909703, 2.6708218422, 0, 0.44839253239, 19.7993799281, 0.75219567709, 3.2945985362, 5.331197196, 7.2910049982, 15.1387448773, 5.8922579616, 6.3385412395, 7.055245255, 9.3204764975, 6.1576610595, 9.5058762583, 0.36611412874, 2.2788589071, 10.3089010168, 49.65738809, 0, 6.7829032, 23.1451776921, 0],
      [39.3608823745, 12.0773754206, 26.628019667, 23.462985617, 0, 19.7195770471, 1.798199212, 1.7537679517, 14.2772209056, 0, 0.49401292722, 4.729622393, 29.4245018542, 12.3091401963, 5.3756947682, 20.0025197257, 14.2786232746, 9.2749771811, 42.3043904557, 3.1590519148, 13.112526067, 6.6450494914, 2.2878890564, 0, 3.5061813033, 0, 0.65309994977, 5.4403837893, 8.9827384914, 1.6989334947, 3.4569549493, 0, 0.58968090499, 32.431638617, 1.3195397898, 13.4676178414, 9.3824879723, 5.3609973713, 20.8150171725, 4.5948766782, 4.3952886038, 9.2450746886, 5.3895947831, 7.4536398507, 10.5616290994, 0, 9.7511891498, 22.1955637436, 84.3425695625, 5.0728623762, 20.7867634474, 77.1354038295, 16.6038121062]
    ],
    [
      [5.725431155, 2.7023024929, 2.5458575666, 3.4070991814, 0.50866225248, 2.381395649, 0.29965619128, 2.1616711635, 0.5934232086, 0, 0.72554462458, 0.59836649982, 4.0477956233, 2.062060768, 0.42879722925, 0.78695861919, 1.9404935873, 0.41736354821, 2.6953010217, 0.64702425039, 1.3451682189, 0.70752996835, 0.47926631653, 0.42523174654, 0.024673572874, 0, 0.15245614649, 1.2954847864, 0.80773778762, 0.20049348053, 0.23838389722, 0.20930020376, 0, 3.3698870977, 0.28539256668, 0.30829101978, 0.74819059794, 0.59876619636, 2.5590684482, 1.0067517983, 1.8006507601, 1.2437922998, 1.5829756962, 0.64307731399, 2.6816540185, 0.1885905006, 1.0637507217, 2.1811900772, 11.752175112, 0.21570276569, 2.5080719819, 13.2010822444, 2.9585674887],
      [25.6980217606, 16.3877130932, 17.4966148334, 19.8430744753, 0.96805892676, 10.9804280316, 1.681837563, 7.0988815716, 1.9294983405, 0, 0.7313022584, 2.5074368056, 13.3929921344, 12.6849348092, 1.5988018156, 2.9465694875, 10.6914069517, 2.6123876728, 11.2173504707, 4.1212921423, 5.3505697959, 2.7298239408, 3.1019701218, 0, 0.30263608912, 0, 0.52176127554, 5.5081984679, 2.7338915097, 0.69359752155, 1.068689431, 0.61157741278, 0, 11.5278270411, 1.205189599, 1.0759085352, 3.732441081, 2.6552042924, 9.8856911779, 3.5032281658, 8.8675943255, 4.4880654214, 7.3443775048, 3.0983831145, 8.7834738328, 0.57421430052, 3.6848983556, 11.3757359192, 48.0351283646, 1.1230529254, 11.7971265949, 54.4943378741, 10.2080800526],
      [9.556897383, 5.2430031467, 6.4165295386, 6.3754681374, 0.52327882076, 3.5434551304, 0.81839111397, 3.7752647068, 0.53855087764, 0, 0.20887557434, 0.57687442335, 4.7693026492, 3.5062413318, 0.70641354292, 1.2763410861, 3.5057572786, 0.77805877895, 6.2986424592, 2.1013353429, 2.92079341, 1.3133608257, 1.1086189868, 0.57476825346, 0.090059844024, 0, 0.56818856657, 1.4306462864, 1.0413754501, 0.43157534638, 0.78885266101, 0.17912238346, 0, 5.2942299573, 0.54365985395, 0.73639877696, 1.5132922017, 1.5263739547, 3.0940902623, 0.98308587034, 3.7213639594, 1.8486634657, 1.4144449815, 0.94012064665, 2.3948087994, 0.10892446882, 1.0920483725, 5.2449413088, 20.3457805985, 0.42918586093, 5.5076941306, 27.2926670911, 4.2909288053],
      [10.6132538328, 4.6915752331, 7.0991717709, 11.1502257983, 0, 6.2462731773, 0.67310071798, 3.9872034514, 2.5850277409, 0, 0, 3.4034238948, 6.452202193, 5.0942197614, 1.5186511686, 2.2106509243, 7.7271798223, 0.63086283291, 6.0360801206, 2.7838535422, 3.5730820644, 1.0125633387, 0.44339391649, 0, 0.048795975808, 0, 0.17722343641, 1.9843488917, 1.1677572329, 0.60893737736, 0.84960671703, 0, 0, 7.3284224395, 0.38170826742, 0.51434014634, 3.6009347811, 2.4070609964, 7.8298082957, 4.310933405, 6.1423681005, 6.2202040043, 10.2241495346, 2.1960114539, 9.8982308223, 0.12827073007, 0.95020597012, 4.7197646166, 31.6433901607, 0.22843773402, 5.3651391797, 22.166571547, 2.4058486685],
      [25.4063958686, 10.9754060342, 15.4418262905, 18.2241324076, 0, 6.8484480117, 1.5270144138, 3.9769791066, 6.3534998324, 0, 0.33427754268, 2.9138983764, 12.3377074001, 7.6525433296, 2.7473362436, 2.779479883, 11.1351623601, 2.5613271671, 12.7526259278, 2.3464947222, 4.8103865108, 3.2367219265, 1.8667506584, 0, 0.53383451818, 0, 0.58037057499, 3.7813215676, 3.2492380197, 1.0653962742, 1.0544672938, 0, 0, 10.4796334644, 0.584049713, 1.3650615217, 5.4051413383, 1.8125945602, 8.6313418159, 2.1960007606, 4.4680228546, 5.1992748088, 3.4340522829, 2.122407471, 8.241832527, 0, 2.2090965801, 8.4783680782, 46.2235257642, 1.003620714, 13.8219681129, 51.8453412434, 8.1365749849]
    ]
  ],
  "prob": [
    [0.64695980449, 0.061765925152, 0.042195834003, 0.23390664124, 0.015171795116],
    [0.3515737207, 0.53837479921, 0.06932804979, 0.010718838384, 0.030004591918],
    [0.037872714058, 0.020279075845, 0.87307951497, 0.023077142586, 0.045691552538],
    [0.075027530323, 0.32376642919, 0.13067165439, 0.18164927464, 0.28888511145]
  ],
  "iterations": 106,
  "time": 0.024347,
  "message": "Converged",
  "status": 0,
  "miniter": 0,
  "maxiter": 1000,
  "maxtime": 3600,
  "param_threshold": 0.001,
  "ll_threshold": "-Inf",
  "initial_prob": "group_proportional",
  "adjust_prob_cond_method": "project_lp",
  "adjust_prob_cond_every": false,
  "candidates_id": ["Green Party.p", "Labour Party.p", "National Party.p", "New Zealand First Party.p", "Other parties votes.p"],
  "group_id": ["ROCHE, Denise Maree.c", "ARDERN, Jacinda Kate Laurell.c", "KAYE, Nicola Laura.c", "Other candidates votes.c"]
}
