{
  "X": [
    [16, 15, 43, 154, 13, 6],
    [1, 2, 4, 15, 0, 2],
    [7, 3, 10, 30, 3, 2],
    [69, 105, 297, 617, 94, 39],
    [10, 12, 43, 94, 7, 8],
    [22, 47, 149, 217, 36, 33],
    [26, 51, 198, 342, 29, 28],
    [69, 121, 262, 661, 83, 45],
    [78, 83, 226, 606, 90, 48],
    [69, 110, 335, 809, 117, 71],
    [65, 26, 117, 463, 41, 20],
    [55, 101, 120, 1305, 66, 29],
    [35, 60, 71, 642, 57, 24],
    [25, 14, 43, 300, 20, 15],
    [3, 1, 9, 11, 3, 1],
    [1, 5, 23, 20, 3, 5],
    [5, 36, 33, 230, 9, 13],
    [30, 31, 66, 537, 34, 21],
    [28, 30, 60, 425, 41, 6],
    [48, 59, 256, 382, 70, 23],
    [22, 47, 290, 253, 62, 25],
    [48, 82, 386, 414, 96, 36],
    [41, 63, 331, 397, 94, 34],
    [61, 103, 534, 614, 143, 66],
    [3, 1, 9, 20, 3, 2],
    [4, 4, 15, 32, 7, 1],
    [30, 26, 90, 185, 37, 16],
    [2, 5, 16, 33, 2, 1],
    [51, 61, 163, 1072, 68, 56],
    [33, 36, 132, 342, 48, 15],
    [15, 40, 178, 195, 33, 13],
    [55, 36, 126, 367, 50, 24],
    [37, 29, 178, 358, 65, 31],
    [1, 0, 9, 33, 5, 3],
    [0, 0, 2, 0, 0, 0],
    [357, 376, 1628, 3487, 443, 215],
    [56, 102, 350, 577, 78, 56],
    [104, 286, 705, 1338, 191, 125],
    [17, 67, 56, 283, 22, 14]
  ],
  "W": [
    [20, 26, 35, 154, 12],
    [1, 2, 6, 14, 1],
    [2, 7, 11, 34, 1],
    [94, 133, 328, 621, 45],
    [9, 14, 46, 89, 16],
    [30, 38, 164, 218, 54],
    [35, 59, 212, 339, 29],
    [89, 116, 310, 670, 56],
    [117, 100, 240, 601, 73],
    [104, 139, 370, 803, 95],
    [74, 42, 116, 481, 19],
    [62, 116, 124, 1337, 37],
    [44, 69, 91, 662, 23],
    [19, 25, 46, 309, 18],
    [2, 2, 10, 11, 3],
    [1, 5, 27, 20, 4],
    [6, 31, 44, 233, 12],
    [21, 27, 74, 566, 31],
    [30, 32, 72, 444, 12],
    [56, 75, 298, 384, 25],
    [27, 60, 327, 247, 38],
    [58, 73, 474, 415, 42],
    [50, 74, 382, 415, 39],
    [62, 129, 620, 633, 77],
    [7, 0, 12, 14, 5],
    [5, 10, 8, 34, 6],
    [32, 28, 105, 201, 18],
    [2, 13, 12, 32, 0],
    [65, 64, 186, 1111, 45],
    [41, 41, 150, 349, 25],
    [20, 45, 206, 187, 16],
    [53, 57, 155, 377, 16],
    [28, 58, 211, 371, 30],
    [1, 2, 10, 35, 3],
    [0, 0, 1, 1, 0],
    [370, 393, 1883, 3673, 187],
    [54, 123, 402, 580, 60],
    [139, 330, 765, 1361, 154],
    [9, 61, 90, 289, 10]
  ],
  "method": "mult",
  "cond_prob": [
    [
      [0.5616429962, 0.0076370438148, 0.086681943594, 0.183589143, 0.15299267978, 0.0074561936128],
      [0.020337761814, 0.50560423297, 0.17276824889, 0.19919311184, 0.076272833492, 0.02582381099],
      [0.019120746721, 0.015046953217, 0.84418444211, 0.014933437548, 0.090664989109, 0.016049431293],
      [0.02270585906, 0, 0.023912206191, 0.9278376283, 0.021826848651, 0.0037174577976],
      [0.0060358198647, 0.097908808659, 0.29545428579, 0.14496092998, 0.11853695188, 0.33710320383]
    ],
    [
      [0.78888595535, 0.010199025794, 0.032250709647, 0.14754155087, 0, 0.021122758342],
      [0.010373579042, 0.72607024919, 0.055952499056, 0.1455590447, 0, 0.062044628015],
      [0.031536281255, 0.079711186935, 0.63224330719, 0.16589985412, 0, 0.0906093705],
      [0, 0, 0, 0.96455595395, 0, 0.035444046051],
      [0.0011491990359, 0.059393354215, 0.062384449083, 0.062157879755, 0, 0.81491511791]
    ],
    [
      [0.83990848092, 0.0015958908296, 0.02630653475, 0.060064485928, 0.065781720535, 0.0063428870346],
      [0.10674406984, 0.42096835331, 0.14601262918, 0.1785795663, 0.088441764127, 0.059253617234],
      [0.075314914708, 0, 0.77273353466, 0.0049321335505, 0.10871630301, 0.038303114079],
      [0.10974451482, 0, 0.0079340234781, 0.83806707679, 0.028501749571, 0.015752635341],
      [0.013196983579, 0.050029745144, 0.15547284674, 0.081279984138, 0.084405391561, 0.61561504884]
    ],
    [
      [0.51838212611, 0.013127181582, 0.074245169097, 0.18600570948, 0.19660303386, 0.011636779866],
      [0.015758857824, 0.58105814509, 0.1230950478, 0.16656914457, 0.081541406918, 0.031977397796],
      [0.014797008846, 0.034227604145, 0.78272427829, 0.014273453082, 0.12721646546, 0.026761190173],
      [0.021105385091, 0.015987365893, 0.01153225319, 0.91313799158, 0.027543596725, 0.010693407518],
      [0.004806422499, 0.11845562791, 0.21676044972, 0.12491959323, 0.1298385213, 0.40521938535]
    ],
    [
      [0.64546705711, 0.0098310594847, 0.063578309097, 0.18008078982, 0.092755504797, 0.0082872796906],
      [0.022767181719, 0.58247518674, 0.12671366718, 0.19413564995, 0.045357869228, 0.02855044518],
      [0.044587471498, 0.028757121057, 0.80112300984, 0.034873401873, 0.070028769099, 0.020630226637],
      [0.019090356818, 0.0059110777735, 0, 0.96177821391, 0.012280893404, 0.00093945809428],
      [0.0076244060143, 0.11924714749, 0.23763408907, 0.15368351676, 0.075991712258, 0.40581912841]
    ],
    [
      [0.52087565544, 0.018398094646, 0.077773557851, 0.19372237046, 0.17526870616, 0.013961615452],
      [0.012559053749, 0.64378651084, 0.10750150548, 0.14406235413, 0.060419057196, 0.031671518605],
      [0.011791010979, 0.049436264233, 0.78955510398, 0.0095195175285, 0.10833413974, 0.031363963534],
      [0.017328385218, 0.02842235744, 0.0091848889092, 0.90795962746, 0.023256021272, 0.013848719703],
      [0.003429120671, 0.14223237949, 0.20541468928, 0.11513999572, 0.10387783494, 0.4299059799]
    ],
    [
      [0.52895687734, 0.015063810378, 0.090630287726, 0.22199690944, 0.12706744842, 0.01628466669],
      [0.013185110347, 0.59431312243, 0.13219956865, 0.17508473283, 0.046074724716, 0.039142741022],
      [0.0098419005372, 0.033715997499, 0.83424483843, 0.018737643544, 0.070757749667, 0.032701870322],
      [0.013326967806, 0.01463342871, 0.011132378549, 0.93317610549, 0.014214370335, 0.013516749108],
      [0.0035952683576, 0.11378512451, 0.22049597599, 0.12348374964, 0.069479864622, 0.46916001689]
    ],
    [
      [0.53626771791, 0.017990134213, 0.067019737414, 0.18833707599, 0.17801503292, 0.012370301554],
      [0.014280116954, 0.64511800236, 0.09785903509, 0.14838236758, 0.064608586555, 0.029751891463],
      [0.025515051808, 0.050651732252, 0.7540653669, 0.018269259866, 0.12131971538, 0.030178873788],
      [0.017070286561, 0.030856299024, 0, 0.91713231637, 0.023355037667, 0.011586060379],
      [0.0048021693416, 0.14623986495, 0.19505949214, 0.12292005485, 0.11437641115, 0.41660200756]
    ],
    [
      [0.51325556051, 0.012376938036, 0.07197259169, 0.18865743141, 0.20184836541, 0.011889112945],
      [0.015964659199, 0.57100184723, 0.12171746052, 0.17255250095, 0.0852510658, 0.0335124663],
      [0.014987894807, 0.032805730212, 0.77420034808, 0.017920394216, 0.13220902638, 0.027876606313],
      [0.020656872173, 0.013828924026, 0.0070660855964, 0.92044954584, 0.027383637036, 0.01061493533],
      [0.004667925631, 0.11324869775, 0.21031040738, 0.12576381875, 0.13247811614, 0.41353103434]
    ],
    [
      [0.47887041639, 0.012564625022, 0.076003102112, 0.20285664984, 0.21541265806, 0.014292548578],
      [0.013883056022, 0.55846899151, 0.1235651628, 0.17859505828, 0.087279040467, 0.038208690917],
      [0.012011162351, 0.031026591856, 0.77242528656, 0.019993385263, 0.1328466738, 0.031696900172],
      [0.015537945161, 0.012041283279, 0.006237658495, 0.92656655426, 0.026356726046, 0.013259832758],
      [0.0036487565654, 0.10439052334, 0.20119919951, 0.12260736524, 0.12786922754, 0.44028492781]
    ],
    [
      [0.59540412603, 0.0066601613929, 0.071077993155, 0.1654133486, 0.15009233175, 0.011352039075],
      [0.025845405004, 0.47909917595, 0.16088340999, 0.20527588634, 0.085588658323, 0.0433074644],
      [0.020869887617, 0.020178009978, 0.81104842164, 0.014089142427, 0.10527525621, 0.028539282126],
      [0.035986469385, 0.0032317758478, 0.013542597083, 0.91088723324, 0.024919846753, 0.011432077692],
      [0.0065362592769, 0.078413122475, 0.23092206211, 0.12456448776, 0.11052988379, 0.44903418459]
    ],
    [
      [0.49450083529, 0.015178607929, 0.074086774372, 0.21926854547, 0.18677002422, 0.010195212725],
      [0.013408695091, 0.60573125181, 0.10995576822, 0.17678801944, 0.069089214738, 0.025027050703],
      [0.03618164806, 0.039120181697, 0.76160924262, 0.0205437685, 0.11924446528, 0.023300693843],
      [0.013558130509, 0.014789753548, 0, 0.94453224864, 0.020192569095, 0.006927298208],
      [0.004643100847, 0.13971075877, 0.22195148082, 0.14894314057, 0.12492245983, 0.35982905916]
    ],
    [
      [0.47234447085, 0.014227153117, 0.056737353197, 0.19700706807, 0.24638173712, 0.013302217646],
      [0.01357888896, 0.59821286697, 0.089227982911, 0.16812881307, 0.096316908534, 0.034534539555],
      [0.073474600431, 0.042370174291, 0.64481752114, 0.022104258625, 0.18202767008, 0.035205775434],
      [0.009817022681, 0.017312172237, 0, 0.93180935446, 0.029342395859, 0.011719054768],
      [0.0041235778378, 0.12091189395, 0.15949700935, 0.12441394429, 0.15322403658, 0.43782953798]
    ],
    [
      [0.62063925111, 0.0059844739799, 0.0555008931, 0.15959963947, 0.14701026325, 0.011265479089],
      [0.029681218346, 0.45941465814, 0.14455569918, 0.22322839228, 0.094607225811, 0.048512806244],
      [0.04677743019, 0.020662085964, 0.75599429201, 0.020327880956, 0.12251644152, 0.033721869359],
      [0.032960540344, 0.00059632921193, 0, 0.93250219864, 0.023039788796, 0.010901143003],
      [0.0071808341704, 0.070344825557, 0.1975473955, 0.12825750765, 0.11592073919, 0.48074869793]
    ],
    [
      [0.75999924526, 0, 0.034727002261, 0.085484518816, 0.11953669891, 0.00025253475409],
      [0.044882517653, 0.46689663063, 0.14798145422, 0.1979433983, 0.12152961312, 0.020766386069],
      [0.055249492322, 0, 0.78091459336, 0.010162003759, 0.15367391056, 0],
      [0.051538528107, 0, 0.0075741970568, 0.90190025459, 0.038987020248, 0],
      [0.090272580595, 0.022068912911, 0.24737366194, 0.1368737759, 0.18409034919, 0.31932071945]
    ],
    [
      [0.56237730568, 0.014993758112, 0.077309022955, 0.19645732272, 0.12552176566, 0.023340824873],
      [0.0089088243028, 0.63607319712, 0.10817194913, 0.14795571241, 0.043327778377, 0.055562538659],
      [0.0058670980998, 0.039626142051, 0.80410055073, 0.01028188837, 0.07798255979, 0.06214176096],
      [0.011405725113, 0.018240858979, 0.003058673825, 0.92192790032, 0.016647725958, 0.028719115804],
      [0.0016381054616, 0.092479310338, 0.1524857213, 0.086898780705, 0.054838927246, 0.61165915495]
    ],
    [
      [0.42502130214, 0.028585317767, 0.082285601824, 0.28745253474, 0.15316847494, 0.023486768586],
      [0.0064175422133, 0.70633161348, 0.072569326635, 0.1445290507, 0.034515315633, 0.035637151338],
      [0.050573179123, 0.14549257507, 0.64717020991, 0.025105421341, 0.084721577301, 0.046937037257],
      [0, 0.024215756669, 0, 0.94964506272, 0.010922211365, 0.015216969249],
      [0.0021423747624, 0.15735528905, 0.14842900228, 0.11857883899, 0.061532476367, 0.51196201855]
    ],
    [
      [0.57322195791, 0.011839177256, 0.059372108385, 0.17190328713, 0.17340686123, 0.01025660809],
      [0.019358292517, 0.59065029137, 0.10911791506, 0.17050660136, 0.079213961107, 0.031152938586],
      [0.030365044059, 0.036856441963, 0.75150083774, 0.019277692257, 0.13373533104, 0.028264652935],
      [0.026505152583, 0.014614910045, 0, 0.92452590317, 0.025240036683, 0.0091139975191],
      [0.0061527536612, 0.12272269742, 0.19986903304, 0.13155297781, 0.13023882919, 0.40946370888]
    ],
    [
      [0.50822981689, 0.012104943888, 0.058982147263, 0.17615153494, 0.23963405052, 0.0048975064988],
      [0.016724526052, 0.58781941021, 0.10536051752, 0.16942063053, 0.10609956187, 0.014575353814],
      [0.029708669052, 0.036486487278, 0.72260101757, 0.019498240262, 0.17860205503, 0.013103530801],
      [0.022526823425, 0.014445784875, 0, 0.92564238821, 0.033791273876, 0.003593729619],
      [0.0064155739437, 0.14880624902, 0.23597714634, 0.15874167606, 0.21275991176, 0.23729944288]
    ],
    [
      [0.54722403037, 0.010981854789, 0.069105300784, 0.17548258036, 0.18739130312, 0.0098149305703],
      [0.018999657735, 0.56294156418, 0.12708905364, 0.17461460105, 0.086236657783, 0.030118465618],
      [0.018718212921, 0.029598100687, 0.78272044271, 0.015058727952, 0.13012361206, 0.023780903668],
      [0.026580138262, 0.011663311178, 0.0096935306592, 0.91487911805, 0.028181736204, 0.0090021656495],
      [0.0058271770396, 0.11461813286, 0.22501665731, 0.13103192642, 0.13758858379, 0.38591752257]
    ],
    [
      [0.48722874404, 0.011578524489, 0.083387223451, 0.20219038534, 0.20493517011, 0.010679952573],
      [0.014658290927, 0.54425405885, 0.1412736361, 0.18374209316, 0.086245331687, 0.029826589272],
      [0.010738198676, 0.023339504188, 0.81248048317, 0.011636753001, 0.12127749536, 0.020527565607],
      [0.017378875805, 0.0093131214118, 0.017690132021, 0.92141965548, 0.026374703717, 0.0078235115662],
      [0.0042461359054, 0.10788888025, 0.24267226828, 0.13474897029, 0.13472993964, 0.37571380563]
    ],
    [
      [0.52180661898, 0.015482132707, 0.069917996039, 0.18476139864, 0.1968480272, 0.011183826432],
      [0.014815969162, 0.61937107277, 0.10780885904, 0.15379282672, 0.075700288954, 0.028510983355],
      [0.015441262343, 0.044524494172, 0.7667887059, 0.015672529834, 0.13129045458, 0.026282553176],
      [0.021996319003, 0.02172734856, 0.0044901706747, 0.91414949236, 0.027257052461, 0.010379616937],
      [0.0049052288991, 0.13729733574, 0.20841528798, 0.12514628704, 0.13127002588, 0.39296583447]
    ],
    [
      [0.50154579846, 0.011775145535, 0.075267439778, 0.17547913857, 0.22419254439, 0.011739933267],
      [0.016084781559, 0.55772980152, 0.13060427564, 0.16409472961, 0.097745108269, 0.033741303402],
      [0.014262019296, 0.029548971508, 0.78424013863, 2.4483306969e-05, 0.1451556829, 0.026768704353],
      [0.021934574177, 0.0136125516, 0.022974433757, 0.89518750087, 0.034571073094, 0.011719866504],
      [0.0046537586479, 0.10775183027, 0.21686637556, 0.11720173325, 0.1477120145, 0.40581428778]
    ],
    [
      [0.52510257355, 0.010820784881, 0.071546812039, 0.17267369502, 0.207330806, 0.012525328511],
      [0.018052925064, 0.54536087415, 0.13213846929, 0.17072298177, 0.095693458104, 0.038031291622],
      [0.016523729737, 0.027280616696, 0.78191882492, 0.0041948739956, 0.13992268723, 0.030159267421],
      [0.024460822556, 0.011589428011, 0.018322440855, 0.9001062064, 0.032314856134, 0.01320624604],
      [0.0050181817103, 0.10035673103, 0.20948647535, 0.11562228221, 0.13758005089, 0.43193627881]
    ],
    [
      [0.42857142857, 0.0090669527038, 0.032273469285, 0.36341733473, 0.16481435, 0.0018564647069],
      [0.0095795661015, 0.6526315365, 0.08053768403, 0.18478618921, 0.051616820532, 0.020848203633],
      [0, 0.033868100316, 0.66217463345, 0.19743578068, 0.10652148555, 0],
      [0, 0, 0, 0.99726971306, 0.002730286938, 0],
      [0, 0.10602282546, 0.16559802272, 0.22501466116, 0.10596354125, 0.39740094941]
    ],
    [
      [0.51748615696, 0.0024014822175, 0.10164385616, 0.1273667307, 0.2491374432, 0.00196433076],
      [0.067821529758, 0.3544102594, 0.2517591889, 0.16790132956, 0.15430511224, 0.0038025801328],
      [0.011828549483, 0.0030600713609, 0.85355690035, 0, 0.12773456573, 0.0038199130793],
      [0.017570383525, 0, 0.078879490044, 0.85146261515, 0.052087511277, 0],
      [0.0070554136539, 0.069901570666, 0.41063849431, 0.12240402261, 0.23640162539, 0.15359887337]
    ],
    [
      [0.57316534501, 0.011302504435, 0.059612973055, 0.13998663146, 0.20412556554, 0.011806980499],
      [0.021754690442, 0.58090836983, 0.1140178077, 0.14735467786, 0.098825501367, 0.037138952802],
      [0.025525799361, 0.035235698064, 0.74670846834, 1.2886162395e-05, 0.15978677771, 0.032730370364],
      [0.041033698531, 0.01841396352, 0.015447038949, 0.86831058853, 0.041175441327, 0.015619269142],
      [0.0067552938727, 0.1095516966, 0.18836901348, 0.10348419285, 0.14705513877, 0.44478466443]
    ],
    [
      [0.60163233568, 0.0051324908232, 0.1003176655, 0.18236247876, 0.10073259968, 0.0098224295473],
      [0.05295625687, 0.38140053988, 0.26073568323, 0.21429066611, 0.054307493392, 0.036309360527],
      [0.0090253324439, 0.0026273333287, 0.90831643485, 0.0094474298677, 0.052150565489, 0.018432904019],
      [0, 0, 0.047187611526, 0.92925397577, 0.014585331271, 0.0089730814318],
      [0.0041102256345, 0.062648320847, 0.27347199873, 0.11560342749, 0.061654031126, 0.48251199618]
    ],
    [
      [0.48168547714, 0.013286248238, 0.075762092558, 0.21602946981, 0.19370556647, 0.019531145776],
      [0.013763012501, 0.56009221359, 0.11845177956, 0.18224855554, 0.075354633731, 0.050089805081],
      [0.01743083763, 0.032981371572, 0.76724686601, 0.020058525697, 0.11919272784, 0.043089671243],
      [0.013875690624, 0.01255147043, 0, 0.93386057325, 0.021575430104, 0.018136835597],
      [0.0033685134094, 0.093583854093, 0.17303628919, 0.11209320561, 0.098806475467, 0.51911166223]
    ],
    [
      [0.52124540663, 0.011612002485, 0.069045231267, 0.18085152546, 0.2089612408, 0.0082845933552],
      [0.017160915646, 0.56928985963, 0.12259584063, 0.17360771566, 0.092515281695, 0.024830386746],
      [0.016515745775, 0.031573461052, 0.77231196446, 0.017933425517, 0.14189854984, 0.019766853348],
      [0.023802430944, 0.012523832662, 0.0071133484009, 0.92065192859, 0.029827694142, 0.0060807652577],
      [0.0056372208293, 0.12304747586, 0.23253451163, 0.13878536831, 0.15779259382, 0.34220282955]
    ],
    [
      [0.49008457141, 0.015431042153, 0.08445851679, 0.22101863515, 0.17820186358, 0.010805370921],
      [0.012125053057, 0.60234394867, 0.12199281934, 0.17376179302, 0.063968772977, 0.025807612939],
      [0.0092077031402, 0.036226015857, 0.80611959064, 0.025316601358, 0.10210379004, 0.021026298966],
      [0.014390254722, 0.015930995845, 0.0050455758624, 0.93728132229, 0.019906634912, 0.0074452163693],
      [0.0040572940147, 0.13401537358, 0.23856215221, 0.14209496646, 0.11259040428, 0.36867980946]
    ],
    [
      [0.60508179615, 0.0070665510404, 0.052410005133, 0.15211068838, 0.16996217274, 0.013368786545],
      [0.02787285532, 0.5084023594, 0.12358141371, 0.1906927329, 0.098425674253, 0.051024964417],
      [0.041151051549, 0.024497168706, 0.73171261128, 0.018953726913, 0.14344483057, 0.040240610988],
      [0.039405778528, 0.0041560358763, 0, 0.91075807706, 0.029692376034, 0.015987732506],
      [0.0067200347191, 0.080165727135, 0.1726671499, 0.11093906367, 0.12211043185, 0.50739759272]
    ],
    [
      [0.57861226734, 0.005206198153, 0.056676198919, 0.14789520371, 0.19941214169, 0.012197990183],
      [0.029137468723, 0.42419749972, 0.14999818937, 0.21160658181, 0.13188587588, 0.053174384494],
      [0.026948559029, 0.011503120235, 0.74993320369, 0.014784424101, 0.16140072252, 0.035429970426],
      [0.035642420963, 0, 0.010238644808, 0.90318303039, 0.035624809433, 0.015311094403],
      [0.0066466398669, 0.060787103282, 0.18929094146, 0.112844493, 0.14982408271, 0.48060673969]
    ],
    [
      [0.45450262867, 0, 0.06335454769, 0.16183481089, 0.30435368838, 0.015954324375],
      [0.02190501976, 0, 0.24808070108, 0.3411027023, 0.28537146915, 0.10354010771],
      [0.008368770503, 0, 0.74436228509, 0.011836489297, 0.19715295025, 0.038279504867],
      [0.011757480456, 0, 0.014679676161, 0.90752408517, 0.04720502318, 0.018833735035],
      [0.0021626036081, 0, 0.16102417788, 0.091417303553, 0.16706601985, 0.57832989511]
    ],
    [
      [-0, 0, 1, 0, -0, 0],
      [0, -0, 1, 0, 0, 0],
      [0, 0, 1, 0, 0, 0],
      [0, 0, 1, 0, 0, 0],
      [0, -0, 1, 0, 0, -0]
    ],
    [
      [0.56225317414, 0.012183708866, 0.068958540657, 0.17085432522, 0.1728414661, 0.012908785014],
      [0.018986528276, 0.57845778806, 0.12273497786, 0.16476013643, 0.077178896458, 0.03788167291],
      [0.019172904972, 0.034188107517, 0.78233867303, 0.011362253554, 0.12074765292, 0.032190408008],
      [0.028415912207, 0.016046477036, 0.011676974738, 0.90277377887, 0.027148082558, 0.013938774589],
      [0.0055101302551, 0.11146096472, 0.20437028951, 0.11630990807, 0.11569312056, 0.44665558688]
    ],
    [
      [0.57127112088, 0.012467593104, 0.069277452522, 0.17986424559, 0.15327514471, 0.013844443194],
      [0.018630443161, 0.58381028815, 0.12094024293, 0.16989475017, 0.06687782411, 0.03984645148],
      [0.018566617666, 0.034734389255, 0.78842361118, 0.01739223876, 0.10622892209, 0.034654221041],
      [0.025993469825, 0.015352493594, 0.0041665402431, 0.91775809674, 0.022135015942, 0.014594383651],
      [0.0053303693902, 0.11084022942, 0.20034137744, 0.11831500623, 0.099247231527, 0.46592578599]
    ],
    [
      [0.4925732642, 0.016331583483, 0.081400331098, 0.19967102797, 0.19524287425, 0.014780918991],
      [0.012470989091, 0.60810767093, 0.11870078473, 0.15461077879, 0.070766135774, 0.03534364069],
      [0.011502615121, 0.041113583504, 0.7896953917, 0.0098410196018, 0.11605102276, 0.031796367308],
      [0.016205107996, 0.023880895507, 0.013589712866, 0.90658990288, 0.025326692901, 0.014407687854],
      [0.0036508917282, 0.12402979431, 0.20715273476, 0.11575930065, 0.11207632612, 0.43733095242]
    ],
    [
      [0.6114005075, 0.018655059524, 0.043063644292, 0.17180955337, 0.14246515232, 0.012606082994],
      [0.016234194129, 0.7070665652, 0.055927185181, 0.13965501387, 0.050785537436, 0.030331504186],
      [0.11609308398, 0.11262204961, 0.5649246349, 0.028733840397, 0.13466947638, 0.042956914732],
      [0, 0.041059817008, 0, 0.93127300209, 0.015625205088, 0.012041975811],
      [0.0058732032147, 0.16987724069, 0.13576517646, 0.12108149335, 0.098395870047, 0.46900701624]
    ]
  ],
  "expected_outcome": [
    [
      [11.232859924, 0.78888595535, 1.6798169618, 48.7279198543, 5.809203514, 15.6262696631, 18.513490707, 47.7278268939, 60.0509005794, 49.8025233049, 44.059905326, 30.6590517877, 20.7831567174, 11.7921457711, 1.5199984905, 0.56237730568, 2.5501278128, 12.0376611162, 15.2468945067, 30.6445457008, 13.155176089, 30.2647839009, 25.0772899228, 32.5563595601, 3, 2.5874307848, 18.3412910403, 1.2032646714, 31.3095560142, 21.371061672, 9.8016914283, 32.0693351962, 16.2011434856, 0.45450262867, 0, 208.0336744319, 30.8486405274, 68.467683724, 5.5026045675],
      [0.1527408763, 0.010199025794, 0.0031917816593, 1.2339550687, 0.088479535362, 0.55194283939, 0.52723336323, 1.601121945, 1.4481017502, 1.3067210023, 0.49285194307, 0.94107369158, 0.62599473713, 0.11370500562, 0, 0.014993758112, 0.1715119066, 0.24862272237, 0.36314831664, 0.61498386818, 0.31262016121, 0.89796369702, 0.58875727675, 0.67088866265, 0.063468668927, 0.012007411088, 0.36168014191, 0.010264981646, 0.86360613549, 0.47609210188, 0.30862084306, 0.37452720514, 0.14577354828, 0, 0, 4.5079722803, 0.67325002762, 2.2700901041, 0.16789553571],
      [1.7336388719, 0.032250709647, 0.0526130695, 6.9790458951, 0.57220478187, 2.3332067355, 3.1720600704, 5.9647566299, 8.4207932277, 7.9043226196, 5.2597714934, 4.5933800111, 2.4964435407, 1.0545169689, 0.069454004522, 0.077309022955, 0.49371361094, 1.2468142761, 1.7694644179, 3.8698968439, 2.2514550332, 4.0552437703, 3.7633719889, 4.4359023464, 0.225914285, 0.50821928081, 1.9076151378, 0.20063533101, 4.9245360163, 2.8308544819, 1.6891703358, 2.7777302721, 1.5869335697, 0.06335454769, 0, 25.5146600432, 3.7409824362, 11.3146460226, 0.38757279863],
      [3.6717828599, 0.14754155087, 0.12012897186, 17.4845366914, 1.6207271084, 5.8116711137, 7.7698918304, 16.7619997633, 22.0729194751, 21.097091583, 12.2405877964, 13.5946498189, 8.6683109949, 3.03239315, 0.17096903763, 0.19645732272, 1.7247152085, 3.6099690297, 5.2845460482, 9.8270245004, 5.4591404042, 10.7161611211, 8.7739569285, 10.7057690914, 2.5439213431, 0.63683365351, 4.4795722067, 0.36472495752, 14.0419155378, 7.4149125438, 4.4203727029, 8.0618664844, 4.1410657039, 0.16183481089, 0, 63.2161003324, 9.7126692619, 27.7542728884, 1.5462859803],
      [3.0598535957, 0, 0.13156344107, 18.4806851832, 0.83479954317, 5.2580611847, 4.4473606948, 15.8433379298, 23.6162587531, 22.402916438, 11.1068325496, 11.5797415018, 10.8407964334, 2.7931950017, 0.23907339783, 0.12552176566, 0.91901084965, 3.6415440858, 7.1890215156, 10.4939129748, 5.5332495929, 11.4171855777, 11.2096272197, 12.8545099718, 1.15370045, 1.245687216, 6.5320180974, 0.20146519937, 12.5908618208, 8.5674108728, 3.5640372716, 9.0079951553, 5.5835399674, 0.30435368838, 0, 63.951342457, 8.2768578144, 27.1387595211, 1.2821863709],
      [0.14912387226, 0.021122758342, 0.012685774069, 1.0938573074, 0.074585517215, 0.41884846355, 0.56996333414, 1.1009568383, 1.3910262145, 1.4864250521, 0.84005089153, 0.63210318894, 0.58529757644, 0.21404410269, 0.00050506950818, 0.023340824873, 0.14092061151, 0.21538876988, 0.14692519496, 0.54963611194, 0.28835871946, 0.64866193305, 0.58699666336, 0.77657036765, 0.012995252948, 0.0098216537999, 0.37782337596, 0.019644859095, 1.2695244755, 0.33966832756, 0.21610741843, 0.70854568691, 0.34154372513, 0.015954324375, 0, 4.7762504552, 0.74759993249, 2.0545477397, 0.11345474695]
    ],
    [
      [0.52878180716, 0.020747158085, 0.74720848888, 2.0959280905, 0.31874054406, 0.47724404246, 0.77792151045, 1.6564935666, 1.5964659199, 1.9297447871, 1.0855070102, 1.5554086305, 0.93694333827, 0.74203045865, 0.089765035306, 0.044544121514, 0.19894380861, 0.52267389795, 0.53518483367, 1.4249743301, 0.87949745565, 1.0815657488, 1.1902738354, 2.3288273333, 0, 0.67821529758, 0.60913133238, 0.68843133931, 0.88083280007, 0.70359754149, 0.54562738757, 1.5887527533, 1.6899731859, 0.04381003952, 0, 7.4617056125, 2.2915445088, 4.1154264001, 0.99028584189],
      [13.1457100572, 1.4521404984, 2.9467784732, 77.2807332968, 8.1546526143, 24.463887412, 35.0644742235, 74.8336882735, 57.1001847234, 77.6271898205, 20.1221653897, 70.2648252097, 41.2766878208, 11.4853664535, 0.93379326127, 3.1803659856, 21.8962800179, 15.9475578669, 18.8102211267, 42.2206173132, 32.655243531, 45.214088312, 41.2720053128, 70.3515527655, 0, 3.544102594, 16.2654343551, 4.9582070184, 35.8459016698, 23.3408842448, 27.1054776901, 28.9789344859, 24.6034549838, 0, 0, 227.3339107094, 71.8086654419, 200.675531407, 43.1310604773],
      [4.4919744713, 0.11190499811, 1.0220884043, 16.3716413576, 1.7739913406, 4.0850572083, 7.7997745503, 11.3516480705, 12.1717460516, 17.1755576293, 6.7571032197, 12.754869114, 6.1567308208, 3.6138924794, 0.29596290844, 0.54085974567, 2.2496491257, 2.9461837067, 3.3715365608, 9.5316790227, 8.476418166, 7.8700467098, 9.6647163972, 17.0458625385, 0, 2.517591889, 3.1924986156, 3.3895638819, 7.5809138915, 5.0264294657, 5.4896768702, 7.0441405814, 8.6998949835, 0.49616140217, 0, 48.2348462994, 14.8756498809, 39.17125896, 3.4115582961],
      [5.1790209078, 0.29111808939, 1.2500569641, 22.1536962282, 2.7178990993, 5.4743694568, 10.3299992372, 17.2123546393, 17.2552500951, 24.8247131007, 8.6215872261, 20.5074102547, 11.600888102, 5.580709807, 0.3958867966, 0.73977856204, 4.4804005717, 4.6036782368, 5.4214601769, 13.0960950789, 11.0245255898, 11.2268763508, 12.143009991, 22.023264648, 0, 1.6790132956, 4.1259309802, 2.7857786594, 11.6639075546, 7.1179163419, 7.8192806859, 10.8694857753, 12.273181745, 0.6822054046, 0, 64.7507336173, 20.8970542708, 51.0215569997, 8.5189558459],
      [1.9830936708, 0, 0.61909234889, 10.8450071201, 0.6350101692, 2.2959241735, 2.7184087582, 7.4945960404, 8.52510658, 12.131786625, 3.5947236496, 8.0143489096, 6.6458666888, 2.3651806453, 0.24305922625, 0.21663889189, 1.0699747846, 2.1387769499, 3.39518598, 6.4677493337, 5.1747199012, 5.5261210936, 7.2331380119, 12.3444560954, 0, 1.5430511224, 2.7671140383, 0.7059974141, 4.8226965588, 3.7931265495, 2.8785947839, 5.6102634324, 7.6493808012, 0.5707429383, 0, 30.3313063078, 8.2259723655, 23.3528248055, 3.0979177836],
      [0.67141908575, 0.12408925603, 0.41477532064, 4.2529939068, 0.39970623251, 1.203517707, 2.3094217203, 3.4512194097, 3.35124663, 5.3110080375, 1.8189135048, 2.9031378815, 2.3828832293, 1.2128201561, 0.041532772137, 0.27781269329, 1.1047516915, 0.84112934181, 0.46641132204, 2.2588849214, 1.7895953563, 2.0813017849, 2.4968564518, 4.9060366192, 0, 0.038025801328, 1.0398906784, 0.47202168685, 3.2057475252, 1.0180458566, 1.1613425822, 2.9084229718, 3.0841143006, 0.20708021541, 0, 14.8874974536, 4.9011135321, 11.6634014277, 1.8502217553]
    ],
    [
      [0.66922613523, 0.18921768753, 0.82846406179, 4.8534189013, 2.0510236889, 1.9337258006, 2.0864829139, 7.9096660606, 3.5970947536, 4.44413007, 2.4209069636, 4.4865243594, 6.6861886392, 2.1517617887, 0.55249492322, 0.1584116487, 2.2252198814, 2.2470132604, 2.1390241718, 5.5780274506, 3.5113909671, 7.3191583504, 5.4480913709, 10.2447124367, 0, 0.094628395861, 2.6802089329, 0.10830398933, 3.2421357991, 2.4773618663, 1.8967868469, 6.3784129901, 5.6861459552, 0.08368770503, 0, 36.102580062, 7.4637803018, 8.7995005673, 10.4483775585],
      [0.52664336259, 0.47826712161, 0, 11.2266541594, 1.3228275686, 8.1075473342, 7.1477914698, 15.7020369982, 7.8733752509, 11.4798389868, 2.3406491574, 4.8509025305, 3.8556858605, 0.95045595433, 0, 1.0699058354, 6.401673303, 2.7273767053, 2.627027084, 8.8202340046, 7.6320178694, 21.1046102375, 11.2877071161, 16.9139823515, 0.40641720379, 0.024480570887, 3.6997482967, 0.031527999944, 6.1345351124, 4.7360191578, 7.4625592666, 3.7970611495, 2.4271583695, 0, 0, 64.3762064551, 13.9632244806, 31.4518913805, 10.1359844647],
      [29.5464554739, 3.7934598432, 8.5000688812, 256.7335632793, 36.8516584525, 129.4870370531, 176.8599057473, 233.7602637396, 185.8080835383, 285.7973560264, 94.08161691, 94.4395460847, 58.6783944235, 34.7757374327, 7.8091459336, 21.7107148697, 28.475489236, 55.6110619931, 52.0272732653, 233.2506919275, 265.6811179969, 363.4578465949, 299.5797329578, 484.7896714516, 7.9460956014, 6.8284552028, 78.4043891753, 10.8997972182, 142.7079170787, 115.8467946697, 166.0606356724, 113.4154547481, 158.2359059793, 7.4436228509, 1, 1473.1437213069, 316.9462916954, 604.1169746538, 50.8432171407],
      [0.52267031419, 0.9953991247, 0.054253469055, 4.6816926109, 1.6041764862, 1.5612008747, 3.9723804313, 5.6634705585, 4.300894612, 7.3975525474, 1.6343405216, 2.547427294, 2.0114875349, 0.93508252397, 0.10162003759, 0.277610986, 1.104638539, 1.426549227, 1.4038732989, 4.4875009298, 3.8052182315, 7.4287791415, 0.009352623262, 2.6008218773, 2.3692293682, 0, 0.0013530470514, 0.11336915841, 3.7308857796, 2.6900138275, 5.2152198797, 2.9378276714, 3.1195134853, 0.11836489297, 0, 21.3951234415, 6.9916799815, 7.5283799954, 2.5860456357],
      [3.1732746188, 0, 1.1958793331, 41.7270006724, 3.2213233786, 17.7667989178, 15.0006429294, 37.6091117688, 31.7301663301, 49.1532693057, 12.2119297208, 14.7863136949, 16.5645179774, 5.6357563098, 1.5367391056, 2.1055291143, 3.7277494012, 9.8964144971, 12.8593479624, 38.7768363945, 39.6577409816, 62.2316754703, 55.4494708692, 86.7520660816, 1.2782578266, 1.0218765258, 16.7776116599, 0.62580678587, 22.169847379, 21.2847824765, 21.0333807476, 22.2339487378, 34.0555524507, 1.9715295025, 0, 227.3678304553, 42.7040266822, 88.7790324128, 12.1202528745],
      [0.56173009524, 0.543656223, 0.42133425487, 8.7776703766, 0.94899042531, 5.1436900196, 6.9327965083, 9.3554508744, 6.6903855151, 11.7278530637, 3.3105567266, 2.8892860366, 3.2037255645, 1.5512059905, 0, 1.6778275459, 2.0652296393, 2.0915843172, 0.94345421765, 7.0867092931, 6.7125139535, 12.4579302054, 10.2256450627, 18.6987458013, 0, 0.030559304634, 3.4366888882, 0.22119484823, 8.0146788512, 2.9650280022, 4.3314175869, 6.2372947031, 7.47572376, 0.38279504867, 0, 60.6145382792, 13.9309968585, 24.3242209903, 3.8661223259]
    ],
    [
      [3.4967022953, 0, 3.7313135039, 13.1064441413, 1.6990417568, 3.7775879776, 4.5178420863, 11.4370919958, 12.414780176, 12.4769699643, 17.309491774, 18.127220491, 6.4988690148, 10.1848069664, 0.56692380918, 0.22811450226, 0, 15.001916362, 10.0019096006, 10.2067730925, 4.2925823238, 9.1284723861, 9.1028482836, 15.4837006783, 0, 0.59739303984, 8.2477734048, 0, 15.4158922832, 8.3070483995, 2.6909776331, 14.8559785049, 13.2233381773, 0.41151181596, 0, 104.3716455359, 15.0762124985, 22.0551519825, 0],
      [0, 0, 0, 9.9281542193, 0.52608592184, 6.1960739218, 4.9607323328, 20.673720346, 8.3111833395, 9.6691504731, 1.5544841828, 19.7739004937, 11.4606580207, 0.18426572649, 0, 0.36481717958, 5.6422713039, 8.2720390855, 6.4139284845, 4.4787114924, 2.3003409887, 9.0168496524, 5.649208914, 7.3361079313, 0, 0, 3.7012066675, 0, 13.9446836481, 4.370817599, 2.979096223, 1.5668255254, 0, 0, 0, 58.9387101534, 8.9044462848, 32.5018987846, 11.8662871154],
      [3.6824797534, 0, 0.26975679826, 7.1615292308, 0, 2.0023057822, 3.7738763282, 0, 4.2467174434, 5.0088397715, 6.5139891969, 0, 0, 0, 0.083316167625, 0.061173476501, 0, 0, 0, 3.7223157731, 4.3694626091, 1.86342083, 9.5343900092, 11.5981050615, 0, 2.6819026615, 3.1048548288, 1.5100035688, 0, 2.4825585919, 0.94352268627, 0, 3.7985372238, 0.51378866564, 1, 42.8895282113, 2.416593341, 18.4955992101, 0],
      [142.8869947583, 13.5037833553, 28.4942806108, 567.058692774, 85.598261038, 197.9351987858, 316.3466997616, 614.4786519672, 553.190177049, 744.0329430714, 438.1367591885, 1262.8396164312, 616.8577926494, 288.1431793813, 9.9209028005, 18.4385580064, 221.2672996129, 523.2816611943, 410.9852203633, 351.3135813303, 227.5906549034, 379.3720393312, 371.5028128604, 569.7672286529, 13.9617759829, 28.9497289153, 174.5304282947, 29.7361272247, 1037.5190968755, 321.307523079, 175.2716072681, 343.3557950502, 335.0809042758, 31.7633429809, 0, 3315.8880897993, 532.2996961117, 1233.868857816, 269.1378976046],
      [3.3613346922, 0, 0.96905948542, 17.104573566, 1.0929995129, 5.0698126373, 4.8186715435, 15.6478752368, 16.4575658585, 21.164451015, 11.986446288, 26.99746488, 19.424666059, 7.1192947378, 0.42885722273, 0.33295451916, 2.5448752481, 14.2858607623, 15.0033256009, 10.8217867022, 6.5145518181, 11.3116767714, 14.3469953338, 20.4553039325, 0.038224017132, 1.7709753834, 8.2762637067, 0.46673060066, 23.9703028454, 10.4098652557, 3.7225407285, 11.1940257648, 13.2168042996, 1.6521758113, 0, 99.7149072348, 12.8383092464, 34.4696290378, 4.5156842705],
      [0.57248850083, 0.49621664472, 0.53558960158, 6.6406060686, 0.083611770391, 3.0190208953, 4.5821779476, 7.7626604541, 6.3795761336, 10.6476457047, 5.4988293698, 9.2617977041, 7.7580142561, 3.368453188, 0, 0.57438231609, 3.5455538351, 5.1585225958, 1.5956159508, 3.4568316094, 1.9324073569, 4.307541029, 4.863744599, 8.3595537435, 0, 0, 3.1394730976, 0.28713860582, 20.1500243478, 2.1221870749, 1.3922554611, 6.0273751547, 5.6804160235, 0.65918072622, 0, 51.1971190653, 8.4647425177, 19.6088631691, 3.4801310094]
    ],
    [
      [0.072429838376, 0.0011491990359, 0.013196983579, 0.21628901246, 0.12199049623, 0.18517251623, 0.10426278237, 0.26892148313, 0.34075857106, 0.34663187371, 0.12418892626, 0.17179473134, 0.09484229027, 0.12925501507, 0.27081774178, 0.0065524218464, 0.025708497149, 0.1907353635, 0.076986887325, 0.14567942599, 0.16135316441, 0.20601961376, 0.18149658727, 0.38639999169, 0, 0.042332481923, 0.12159528971, 0, 0.15158310342, 0.14093052073, 0.064916704236, 0.1075205555, 0.19939919601, 0.0064878108244, 0, 1.0303943577, 0.31982216341, 0.56223732614, 0.058732032147],
      [1.1749057039, 0.059393354215, 0.050029745144, 5.3305032558, 1.9079543598, 7.6805484925, 3.2997686107, 8.1894324373, 8.2671549361, 9.9170997173, 1.489849327, 5.1692980746, 2.780973561, 1.26620686, 0.066206738732, 0.36991724135, 1.8882634686, 3.80440362, 1.7856749882, 2.8654533216, 4.0997774497, 5.7664881011, 4.2023213804, 7.7274682891, 0.53011412728, 0.419409424, 1.9719305388, 0, 4.2112734342, 3.0761868965, 2.1442459772, 1.2826516342, 1.8236130985, 0, 0, 20.8432004018, 6.6504137651, 19.1005883237, 1.6987724069],
      [3.5454514295, 0.062384449083, 0.15547284674, 9.7542202373, 3.8021454251, 11.0923932209, 6.3943833037, 10.9233315601, 15.352659739, 19.1139239532, 4.3875191801, 8.2122047902, 3.668431215, 3.555853119, 0.74212098583, 0.60994288518, 1.7811480273, 6.1959400241, 2.831725756, 5.6254164328, 9.2215461948, 8.753442095, 8.457788647, 16.130458602, 0.8279901136, 2.4638309659, 3.3906422426, 0, 7.7866330135, 5.8133627907, 3.8169944354, 2.7626743984, 5.6787282437, 0.48307253363, 0, 38.2172441392, 12.0204826466, 31.9015211535, 1.3576517646],
      [1.7395311597, 0.062157879755, 0.081279984138, 5.6213816955, 2.4589362681, 6.217559769, 3.5810287395, 6.8835230717, 9.1807587688, 11.6476996975, 2.3667252674, 5.5108962013, 2.8615207187, 2.3086351377, 0.41062132771, 0.34759512282, 1.4229460678, 4.0781423122, 1.9049001128, 3.2757981606, 5.1204608711, 5.2561440555, 4.5708675968, 8.9029157303, 1.1250733058, 0.73442413564, 1.8627154714, 0, 5.0441942525, 3.4696342078, 2.2735194634, 1.7750250187, 3.38533479, 0.27425191066, 0, 21.7499528095, 7.098900374, 17.8269323006, 1.2108149335],
      [1.4224434225, 0, 0.084405391561, 5.8427334584, 1.2158673961, 5.6094030867, 2.014916074, 6.4050790242, 9.6709024782, 12.1475766163, 2.100067792, 4.6221310137, 3.5241528414, 2.0865733054, 0.55227104758, 0.21935570898, 0.73838971641, 4.0374037049, 2.5531189411, 3.4397145948, 5.1197377061, 5.513341087, 5.7607685653, 10.5936639186, 0.52981770625, 1.4184097523, 2.6469924978, 0, 4.446291396, 3.9448148455, 1.8014464684, 1.9537669097, 4.4947224812, 0.50119805956, 0, 21.634613545, 5.9548338916, 17.2597542228, 0.98395870047],
      [4.0452384459, 0.81491511791, 0.61561504884, 18.2348723406, 6.4931060546, 23.2149229146, 13.6056404897, 23.3297124235, 30.1877655067, 41.827068142, 8.5316495072, 13.3136751888, 10.0700793736, 8.6534765627, 0.95796215835, 2.4466366198, 6.1435442226, 12.6933749753, 2.8475933145, 9.6479380642, 14.2771246139, 16.5045650477, 15.8267572232, 33.2590934684, 1.9870047471, 0.92159324024, 8.0061239598, 0, 23.3600248004, 8.5550707387, 5.8988769513, 8.1183614835, 14.4182021907, 1.7349896853, 0, 83.5245947468, 27.9555471592, 67.3489666732, 4.6900701624]
    ]
  ],
  "prob": [
    [0.53293151253, 0.012624280544, 0.070839833877, 0.18437155509, 0.18674185704, 0.01249096092],
    [0.017202271781, 0.57857646996, 0.12094733853, 0.16890379931, 0.079048092611, 0.035322027804],
    [0.01962116285, 0.035149486741, 0.77645195015, 0.013837991414, 0.12480497406, 0.030134434786],
    [0.021733241958, 0.015369186787, 0.0078475876178, 0.91704143386, 0.025854045407, 0.01215450437],
    [0.0049727636167, 0.11436910476, 0.20709852847, 0.12239551136, 0.12179853206, 0.42936555973]
  ],
  "iterations": 120,
  "time": 0.001645,
  "message": "Converged",
  "status": 0,
  "miniter": 0,
  "maxiter": 1000,
  "maxtime": 3600,
  "param_threshold": 0.001,
  "ll_threshold": "-Inf",
  "initial_prob": "group_proportional",
  "adjust_prob_cond_method": "project_lp",
  "adjust_prob_cond_every": false,
  "candidates_id": ["Conservative.p", "Green Party.p", "Labour Party.p", "National Party.p", "New Zealand First Party.p", "Other parties votes.p"],
  "group_id": ["BLAIR, Callum Ross.c", "MAYNE, Nicholas Robert.c", "RETZLAFF, Hermann Paul.c", "BENNETT, Paula Lee.c", "Other candidates votes.c"]
}
