{
  "X": [
    [172, 607, 17],
    [49, 42, 12],
    [506, 1221, 52],
    [330, 710, 63],
    [409, 831, 43],
    [399, 941, 68],
    [397, 743, 51],
    [33, 208, 2],
    [23, 124, 3],
    [20, 13, 0],
    [82, 227, 10],
    [26, 104, 5],
    [28, 122, 7],
    [81, 249, 2],
    [21, 41, 1],
    [58, 159, 3],
    [8, 0, 0],
    [174, 90, 12],
    [29, 105, 6],
    [16, 121, 5],
    [12, 16, 2],
    [35, 157, 2],
    [33, 62, 3],
    [26, 136, 7],
    [150, 163, 18],
    [236, 211, 34],
    [292, 413, 39],
    [38, 51, 1],
    [15, 33, 0],
    [4, 1, 2],
    [268, 703, 16],
    [131, 145, 14],
    [190, 116, 15],
    [324, 519, 31],
    [280, 307, 22],
    [450, 595, 43],
    [200, 402, 18],
    [498, 729, 47],
    [288, 433, 28],
    [196, 376, 14],
    [303, 498, 18],
    [7, 27, 1],
    [195, 493, 31],
    [21, 69, 2],
    [29, 60, 4],
    [146, 166, 5],
    [333, 111, 20],
    [405, 55, 9],
    [353, 128, 26],
    [259, 45, 12],
    [276, 79, 15],
    [698, 314, 63],
    [98, 63, 7],
    [451, 302, 24],
    [57, 13, 3],
    [377, 364, 31],
    [26, 35, 4],
    [21, 79, 2],
    [145, 194, 14],
    [44, 29, 3],
    [28, 117, 2],
    [44, 69, 5],
    [145, 159, 41],
    [1704, 2917, 140],
    [172, 251, 23],
    [772, 1126, 121],
    [130, 222, 6]
  ],
  "W": [
    [34, 40, 114, 585, 14, 9],
    [3, 8, 34, 41, 11, 6],
    [74, 86, 400, 1090, 70, 59],
    [49, 55, 257, 634, 60, 48],
    [53, 68, 301, 750, 68, 43],
    [93, 59, 318, 803, 74, 61],
    [47, 49, 312, 660, 73, 50],
    [9, 3, 23, 194, 6, 8],
    [9, 3, 22, 112, 1, 3],
    [1, 1, 19, 12, 0, 0],
    [17, 15, 56, 192, 31, 8],
    [9, 5, 17, 91, 6, 7],
    [10, 4, 23, 113, 1, 6],
    [10, 10, 50, 242, 11, 9],
    [6, 1, 14, 39, 1, 2],
    [12, 3, 47, 143, 9, 6],
    [0, 0, 6, 1, 0, 1],
    [5, 5, 135, 85, 24, 22],
    [3, 2, 16, 112, 1, 6],
    [16, 5, 8, 101, 6, 6],
    [2, 2, 8, 12, 3, 3],
    [14, 5, 21, 142, 6, 6],
    [2, 3, 26, 58, 8, 1],
    [20, 5, 19, 115, 7, 3],
    [10, 6, 113, 156, 22, 24],
    [20, 18, 160, 208, 39, 36],
    [29, 33, 209, 394, 48, 31],
    [2, 4, 25, 50, 5, 4],
    [2, 3, 7, 31, 3, 2],
    [0, 2, 3, 2, 0, 0],
    [24, 66, 164, 673, 35, 25],
    [6, 20, 98, 137, 19, 10],
    [11, 18, 123, 114, 26, 29],
    [23, 29, 210, 534, 39, 39],
    [15, 26, 207, 293, 33, 35],
    [25, 54, 313, 575, 65, 56],
    [26, 37, 135, 383, 16, 23],
    [43, 70, 342, 707, 64, 48],
    [18, 38, 199, 413, 35, 46],
    [9, 19, 146, 365, 31, 16],
    [19, 46, 198, 500, 23, 33],
    [3, 1, 4, 23, 1, 3],
    [38, 39, 123, 449, 43, 27],
    [6, 0, 14, 68, 1, 3],
    [4, 3, 23, 47, 8, 8],
    [11, 9, 115, 151, 15, 16],
    [7, 8, 270, 124, 30, 25],
    [7, 11, 351, 46, 21, 33],
    [9, 9, 298, 127, 29, 35],
    [3, 5, 208, 43, 35, 22],
    [5, 11, 229, 74, 19, 32],
    [19, 34, 575, 312, 68, 67],
    [4, 6, 78, 58, 6, 16],
    [27, 25, 342, 300, 46, 37],
    [1, 5, 47, 10, 1, 9],
    [21, 37, 261, 345, 73, 35],
    [2, 2, 18, 37, 3, 3],
    [6, 3, 17, 71, 2, 3],
    [13, 20, 102, 182, 16, 20],
    [2, 4, 28, 25, 7, 10],
    [6, 2, 21, 110, 1, 7],
    [7, 3, 31, 62, 10, 5],
    [3, 6, 134, 161, 17, 24],
    [150, 230, 1247, 2730, 237, 167],
    [14, 26, 126, 227, 29, 24],
    [79, 117, 566, 1051, 83, 123],
    [12, 44, 76, 200, 11, 15]
  ],
  "method": "mvn_cdf",
  "mvncdf_method": "genz",
  "mvncdf_samples": 5000,
  "mvncdf_error": 0.001,
  "cond_prob": [
    [
      [0.03406399479, 0.94765195474, 0.018284050473],
      [0.39277928625, 0.56082967785, 0.046391035903],
      [0.92957894076, 0.033765276532, 0.036655782708],
      [0.057084677122, 0.9337221644, 0.0091931584731],
      [0.6873665698, 0.14546149295, 0.16717193725],
      [0.68233170967, 0.025941980243, 0.29172631008]
    ],
    [
      [0.059167522512, 0.86064035217, 0.080192125313],
      [0.49724052861, 0.34361077665, 0.15914869474],
      [0.91232911981, 0.0086140602107, 0.079056819982],
      [0.1184275876, 0.85841929479, 0.023153117606],
      [0.54887558102, 0.098667630218, 0.35245678877],
      [0.4887034412, 0.01596327739, 0.49533328141]
    ],
    [
      [0.0056242071333, 0.9828816192, 0.011494173663],
      [0.26316087319, 0.70120176617, 0.035637360642],
      [0.94597255153, 0.011330876083, 0.042696572383],
      [0.029082985848, 0.96537978656, 0.0055372275885],
      [0.5019310403, 0.36458921702, 0.13347974268],
      [0.63944619608, 0.095692293382, 0.26486151054]
    ],
    [
      [0.0067549317659, 0.96934651882, 0.02389854941],
      [0.28565906862, 0.64462617345, 0.069714757928],
      [0.91759324692, 0.0082087439105, 0.074198009167],
      [0.037775824764, 0.95270945175, 0.0095147234853],
      [0.47621540303, 0.29494101676, 0.22884358021],
      [0.53361454225, 0.067160009116, 0.39922544863]
    ],
    [
      [0.0081488108528, 0.97650367237, 0.015347516782],
      [0.32959185092, 0.62786751787, 0.042540631206],
      [0.95194452707, 0.0068975480277, 0.041157924901],
      [0.043558002903, 0.94873491477, 0.0077070823269],
      [0.56258271116, 0.2941780631, 0.14323922574],
      [0.66735902274, 0.067880414517, 0.26476056274]
    ],
    [
      [0.0036810006388, 0.97810169684, 0.018217302521],
      [0.24119654042, 0.70549074946, 0.053312710125],
      [0.9224624683, 0.012318557547, 0.06521897415],
      [0.028926873849, 0.96317577208, 0.0078973540661],
      [0.46008372881, 0.34838968539, 0.1915265858],
      [0.55425459841, 0.086627950373, 0.35911745122]
    ],
    [
      [0.0069037083505, 0.97773193252, 0.015364359128],
      [0.28280470986, 0.67149289646, 0.045702393679],
      [0.93814156655, 0.01107417592, 0.050784257531],
      [0.033666024022, 0.95857143232, 0.0077625436587],
      [0.51001003174, 0.3267234815, 0.16326648676],
      [0.61335235978, 0.083606897564, 0.30304074265]
    ],
    [
      [0.003066512264, 0.99375979224, 0.0031736954936],
      [0.22359460942, 0.76055927409, 0.015846116484],
      [0.96107549234, 0.027136474775, 0.011788032887],
      [0.010827417687, 0.98870752808, 0.00046505423113],
      [0.41964838874, 0.5229635647, 0.057388046565],
      [0.69730898425, 0.15041291144, 0.15227810431]
    ],
    [
      [0.0028330153462, 0.99006580026, 0.0071011843934],
      [0.15083102905, 0.81930784922, 0.029861121731],
      [0.90807992936, 0.035716254453, 0.056203816187],
      [0.0053225552598, 0.98999823548, 0.0046792092646],
      [0.47268306069, 0.32283034379, 0.20448659551],
      [0.49181402635, 0.21436464498, 0.29382132867]
    ],
    [
      [0.21410469484, 0.78589530516, 0],
      [0.45425348363, 0.54574651637, 0],
      [0.99195142391, 0.0080485760914, 0],
      [0.040380397271, 0.95961960273, 0],
      ["NaN", "NaN", "NaN"],
      ["NaN", "NaN", "NaN"]
    ],
    [
      [0.0069537445515, 0.98423235178, 0.0088139036714],
      [0.23456190177, 0.73633528898, 0.029102809251],
      [0.91831192019, 0.043519689481, 0.038168390331],
      [0.025456019916, 0.96939937299, 0.0051446070956],
      [0.54910492542, 0.30894995241, 0.14194512217],
      [0.6285102217, 0.13547374198, 0.23601603633]
    ],
    [
      [0.0039845767712, 0.98415077171, 0.011864651522],
      [0.22716593784, 0.73515223385, 0.037681828307],
      [0.94206203164, 0.0072444640257, 0.05069350433],
      [0.021038999378, 0.97103462739, 0.007926373234],
      [0.45425953017, 0.39754506069, 0.14819540914],
      [0.59616406535, 0.084900648639, 0.31893528601]
    ],
    [
      [0.034127513606, 0.94363573763, 0.022236748764],
      [0.23955252188, 0.68618066188, 0.074266816237],
      [0.8985280114, 0.012306067964, 0.089165920637],
      [0.025868622325, 0.96265490698, 0.011476470695],
      [0.385642991, 0.14475718911, 0.46959981989],
      [0.45426220008, 0.10185312254, 0.44388467738]
    ],
    [
      [0.0071343740404, 0.98785729348, 0.005008332482],
      [0.39273674819, 0.59160801986, 0.015655231949],
      [0.98630487872, 0.0097129407023, 0.0039821805788],
      [0.053562466381, 0.94567020222, 0.00076733140011],
      [0.66633479872, 0.28374594718, 0.049919254102],
      [0.82158279906, 0.082922830627, 0.095494370312]
    ],
    [
      [0.013375664984, 0.9695449662, 0.017079368814],
      [0.54517281432, 0.42256787174, 0.032259313937],
      [0.9826807116, 0.001878991105, 0.015440297299],
      [0.10558438096, 0.88655192597, 0.0078636930704],
      [0.84993388085, 0.059798683074, 0.090267436078],
      [0.82465924761, 0.049266329804, 0.12607442258]
    ],
    [
      [0.0057350652033, 0.98918665897, 0.0050782758279],
      [0.27452684885, 0.70283105603, 0.022642095118],
      [0.96273487191, 0.014283221784, 0.022981906307],
      [0.02305659558, 0.9759328884, 0.0010105160152],
      [0.49234414753, 0.43349659036, 0.074159262109],
      [0.68847819927, 0.14834719088, 0.16317460985]
    ],
    [
      ["NaN", "NaN", "NaN"],
      ["NaN", "NaN", "NaN"],
      [1, 0, 0],
      [1, 0, 0],
      ["NaN", "NaN", "NaN"],
      [1, 0, 0]
    ],
    [
      [0.03639521782, 0.94339875167, 0.020206030514],
      [0.4560834883, 0.49423048367, 0.049686028029],
      [0.96769795491, 0.0051612899086, 0.027140755184],
      [0.083018008834, 0.90731401757, 0.0096679735938],
      [0.7087250456, 0.17202183756, 0.11925311684],
      [0.76511139599, 0.039312004115, 0.1955765999]
    ],
    [
      [0.17669490369, 0.77749676097, 0.045808335335],
      [0.59666296673, 0.29230083765, 0.11103619562],
      [0.89473537631, 0.050297166321, 0.054967457371],
      [0.080208564029, 0.8996155666, 0.020175869374],
      [0.50198511653, 0.074387778992, 0.42362710448],
      [0.5792465078, 0.074470357127, 0.34628313507]
    ],
    [
      [0.0021004518497, 0.98226580103, 0.015633747124],
      [0.20385977689, 0.75381303184, 0.042327191268],
      [0.93276806775, 0.0062143596163, 0.061017572632],
      [0.016982309314, 0.97449453645, 0.0085231542337],
      [0.41684229355, 0.41443473008, 0.16872297637],
      [0.54478039032, 0.092401764217, 0.36281784547]
    ],
    [
      [0.031615850827, 0.95514120649, 0.013242942684],
      [0.29211555097, 0.66872993774, 0.039154511291],
      [0.9518515568, 0.0017521162352, 0.046396326962],
      [0.020025246621, 0.96649069036, 0.013484063021],
      [0.54611209936, 0.28772229703, 0.16616560361],
      [0.61969516148, 0.092395202097, 0.28790963642]
    ],
    [
      [0.0053917287262, 0.98905711399, 0.0055511572794],
      [0.30769878095, 0.6732079833, 0.019093235745],
      [0.97355263775, 0.0071246722452, 0.019322690005],
      [0.03516257043, 0.96382476845, 0.0010126611173],
      [0.56883701966, 0.36282701674, 0.068335963604],
      [0.75588489689, 0.099577191611, 0.1445379115]
    ],
    [
      [0.10600283889, 0.8817739953, 0.012223165813],
      [0.29930137642, 0.66649227669, 0.03420634689],
      [0.94891024225, 0.014388774592, 0.036700983159],
      [0.036090606894, 0.95551629554, 0.0083930975692],
      [0.5633602023, 0.3010132477, 0.13562655],
      [0.61828707622, 0.034815917262, 0.34689700652]
    ],
    [
      [0.0033465737186, 0.96708983025, 0.029563596034],
      [0.21916159177, 0.71017137632, 0.070667031915],
      [0.90670450978, 0.0086054771297, 0.084690013092],
      [0.027450620327, 0.96067845659, 0.011870923084],
      [0.42103664221, 0.33700471177, 0.24195864602],
      [0.50193234929, 0.03559565261, 0.4624719981]
    ],
    [
      [0.020008548923, 0.95615112521, 0.023840325867],
      [0.42100643586, 0.51330834913, 0.065685215008],
      [0.94968283383, 0.0065026046928, 0.043814561477],
      [0.065351767326, 0.92217361898, 0.01247461369],
      [0.62030880552, 0.21317307698, 0.16651811751],
      [0.67158526035, 0.044789669497, 0.28362507015]
    ],
    [
      [0.015624466858, 0.93387698772, 0.050498545427],
      [0.5467658713, 0.367183614, 0.086050514702],
      [0.94676837646, 0.0058222973243, 0.047409326213],
      [0.11620156202, 0.86190455643, 0.021893881549],
      [0.67510859003, 0.11892915328, 0.20596225669],
      [0.66287846763, 0.024088969599, 0.31303256277]
    ],
    [
      [0.01452137699, 0.95315847457, 0.032320148437],
      [0.44441749446, 0.48460925922, 0.070973246321],
      [0.94541105682, 0.0043573745836, 0.050231568593],
      [0.074878621718, 0.91003944313, 0.015081935149],
      [0.62049631549, 0.18329873383, 0.19620495068],
      [0.64632876689, 0.035539599254, 0.31813163385]
    ],
    [
      [0.1052822852, 0.88744497349, 0.0072727413073],
      [0.48584823367, 0.49614590713, 0.018005859199],
      [0.99012623286, 0.0016391075255, 0.0082346596186],
      [0.080078524896, 0.91862353151, 0.0012979435977],
      [0.74259618519, 0.20452436575, 0.052879449065],
      [0.84399487569, 0.061437583077, 0.094567541229]
    ],
    [
      [0.037248760743, 0.96275123926, 0],
      [0.47890296599, 0.52109703401, 0],
      [0.9983441795, 0.0016558204957, 0],
      [0.073047202135, 0.92695279786, 0],
      [0.79542204887, 0.20457795113, 0],
      [0.9248274556, 0.075172544396, 0]
    ],
    [
      ["NaN", "NaN", "NaN"],
      [0.40464412521, 0.030860253783, 0.56449562101],
      [0.8376004767, 0.015844943028, 0.14655458027],
      [0.33895515974, 0.44537233168, 0.21567250858],
      ["NaN", "NaN", "NaN"],
      ["NaN", "NaN", "NaN"]
    ],
    [
      [0.0076170748809, 0.98006768473, 0.01231524039],
      [0.41797647924, 0.55221168564, 0.029811835115],
      [0.95667136872, 0.020843318575, 0.0224853127],
      [0.061200928856, 0.93476951744, 0.0040295536993],
      [0.65775126033, 0.25066195369, 0.091586785978],
      [0.76508475481, 0.069641857937, 0.16527338725]
    ],
    [
      [0.0094544058481, 0.96246686177, 0.028078732385],
      [0.44415916947, 0.49322731318, 0.062613517357],
      [0.95134257571, 0.0042167014472, 0.044440722841],
      [0.073183941968, 0.91261493646, 0.014201121569],
      [0.63280526198, 0.19413904707, 0.17305569095],
      [0.67790177285, 0.023052763421, 0.29904546373]
    ],
    [
      [0.020535039682, 0.94621078739, 0.033254172926],
      [0.63200148348, 0.31827266791, 0.049725848614],
      [0.96760918467, 0.0065992858375, 0.025791529493],
      [0.14414962587, 0.84021479124, 0.015635582887],
      [0.77293157951, 0.10713825523, 0.11993016526],
      [0.78803033553, 0.016585528292, 0.19538413618]
    ],
    [
      [0.012920106704, 0.95789156042, 0.029188332871],
      [0.53478938763, 0.40963252506, 0.055578087305],
      [0.9564697754, 0.0106659325, 0.032864292095],
      [0.096163621062, 0.89022795755, 0.013608421387],
      [0.7045825324, 0.15197351759, 0.14344395001],
      [0.7309025656, 0.039502783098, 0.2295946513]
    ],
    [
      [0.010161626076, 0.9713039318, 0.018534442124],
      [0.44353141501, 0.51432306012, 0.042145524871],
      [0.96555466558, 0.0036896157838, 0.030755718633],
      [0.0707584789, 0.92036954985, 0.0088719712536],
      [0.66387792299, 0.21172603814, 0.12439603886],
      [0.73730677905, 0.046830103677, 0.21586311728]
    ],
    [
      [0.0094246788252, 0.96787915099, 0.022696170182],
      [0.44460546121, 0.50659926952, 0.048795269269],
      [0.96107192454, 0.0037215235325, 0.035206551926],
      [0.07329682992, 0.91595808495, 0.010745085134],
      [0.65681416167, 0.20185235359, 0.14133348474],
      [0.71609960767, 0.044384321037, 0.23951607129]
    ],
    [
      [0.013812565038, 0.96651652376, 0.019670911201],
      [0.44324863598, 0.51073521388, 0.046016150144],
      [0.9556375655, 0.011358856742, 0.033003577763],
      [0.069853527141, 0.92028523396, 0.0098612389012],
      [0.68646778023, 0.1686565446, 0.14487567517],
      [0.71705291553, 0.055311847354, 0.22763523711]
    ],
    [
      [0.015487569815, 0.95886902181, 0.025643408377],
      [0.4823247514, 0.46402324486, 0.053652003742],
      [0.95818399768, 0.0062388277484, 0.035577174567],
      [0.082460071263, 0.9051069194, 0.012433009338],
      [0.67314072009, 0.17953957326, 0.14731970665],
      [0.71858537964, 0.03650419018, 0.24491043018]
    ],
    [
      [0.0079794501435, 0.97355133787, 0.018469211991],
      [0.40674822949, 0.54999618506, 0.043255585452],
      [0.95994917991, 0.0059334511142, 0.034117368973],
      [0.062759924681, 0.92830516895, 0.0089349063724],
      [0.63452675525, 0.23351570734, 0.13195753741],
      [0.72264706624, 0.039834338757, 0.237518595]
    ],
    [
      [0.006235752952, 0.97853871523, 0.015225531814],
      [0.34367337794, 0.62246703174, 0.033859590318],
      [0.96336150014, 0.0067385146493, 0.029899985211],
      [0.050277591939, 0.94417219905, 0.0055502090116],
      [0.60430896106, 0.28438999088, 0.11130104806],
      [0.72990038574, 0.058969528163, 0.2111300861]
    ],
    [
      [0.011921559028, 0.96973167315, 0.018346767817],
      [0.51015982336, 0.4538412428, 0.035998933842],
      [0.96584652538, 0.012004864914, 0.022148609706],
      [0.089810243217, 0.90288218592, 0.0073075708682],
      [0.749699049, 0.14431011773, 0.10599083327],
      [0.78546444678, 0.047309458267, 0.16722609496]
    ],
    [
      [0.0035793664179, 0.99089036619, 0.0055302673923],
      [0.21460440448, 0.76672666704, 0.018668928481],
      [0.96944544186, 0.0051258996446, 0.025428658493],
      [0.016855113522, 0.97797128346, 0.0051736030188],
      [0.48093026845, 0.43977894507, 0.079290786471],
      [0.67609261645, 0.10232672373, 0.22158065982]
    ],
    [
      [0.0081298594084, 0.96863452626, 0.023235614331],
      [0.36436203075, 0.57631303013, 0.059324939119],
      [0.93842488843, 0.01038550326, 0.051189608309],
      [0.052407404533, 0.93619958935, 0.011393006117],
      [0.5734325878, 0.24118149809, 0.18538591411],
      [0.6246725539, 0.063475662602, 0.3118517835]
    ],
    [
      [0.075375237457, 0.90439362465, 0.020231137891],
      ["NaN", "NaN", "NaN"],
      [0.95998477918, 0.010974247259, 0.029040973564],
      [0.062790808602, 0.9274521518, 0.0097570395972],
      [0.72851900084, 0.099119335789, 0.17236166337],
      [0.70322256033, 0.084711044073, 0.21206639559]
    ],
    [
      [0.011729449045, 0.98389211237, 0.0043784385805],
      [0.12759391929, 0.85495609625, 0.017449984461],
      [0.89992870431, 0.060273576889, 0.039797718799],
      [0.0075520256918, 0.98802048879, 0.0044274855191],
      [0.35314937252, 0.5482673712, 0.098583256283],
      [0.58647500739, 0.16127113133, 0.25225386128]
    ],
    [
      [0.016124217261, 0.97728115102, 0.00659463172],
      [0.37008627844, 0.60936072692, 0.020552994638],
      [0.97823551625, 0.0086561049156, 0.013108378839],
      [0.050587788627, 0.94810384865, 0.0013083627186],
      [0.64407106041, 0.28937968714, 0.066549252458],
      [0.7934344217, 0.079114517336, 0.12745106097]
    ],
    [
      [0.063786126538, 0.88907730184, 0.047136571626],
      [0.64917395228, 0.28003991655, 0.070786131176],
      [0.9645679625, 0.0082289779305, 0.027203059566],
      [0.19147946966, 0.78686188784, 0.0216586425],
      [0.78994855854, 0.078560811575, 0.13149062988],
      [0.77939378504, 0.015464682961, 0.205141532]
    ],
    [
      [0.016786450216, 0.9588407379, 0.02437281188],
      [0.61736524219, 0.35106569701, 0.0315690608],
      [0.98951963333, 0.0020577086697, 0.0084226580032],
      [0.10016459654, 0.89045114714, 0.0093842563241],
      [0.82946758299, 0.098927343969, 0.071605073046],
      [0.87102106676, 0.020179073719, 0.10879985952]
    ],
    [
      [0.039863101588, 0.92335162961, 0.036785268806],
      [0.52102955911, 0.40601408785, 0.072956353036],
      [0.96169288979, 0.0040264244095, 0.034280685803],
      [0.11368420823, 0.86906050613, 0.017255285644],
      [0.72590051752, 0.12221800159, 0.1518814809],
      [0.73938501269, 0.026309364125, 0.23430562318]
    ],
    [
      [0.084979994764, 0.88416833551, 0.030851669728],
      [0.60121375299, 0.34574865785, 0.053037589158],
      [0.97994496783, 0.0010192878263, 0.019035744346],
      [0.13203652504, 0.85380417139, 0.014159303576],
      [0.8025806053, 0.093572013208, 0.10384738149],
      [0.82466119002, 0.019006363836, 0.15633244614]
    ],
    [
      [0.047626641158, 0.92621317614, 0.026160182698],
      [0.56738254952, 0.38578497132, 0.046832479165],
      [0.97281650227, 0.0034069411436, 0.023776556584],
      [0.096199318785, 0.89183453269, 0.011966148526],
      [0.75395878909, 0.12991961988, 0.11612159103],
      [0.79067853582, 0.02752755363, 0.18179391055]
    ],
    [
      [0.026033753192, 0.93154622884, 0.042420017964],
      [0.55109232497, 0.37467741901, 0.074230256018],
      [0.95469647772, 0.0047080382382, 0.040595484045],
      [0.11287433941, 0.86735602979, 0.019769630795],
      [0.69939367765, 0.12517818827, 0.17542813408],
      [0.70212210413, 0.025780139109, 0.27209775676]
    ],
    [
      [0.040868700059, 0.94293939811, 0.016191901831],
      [0.45232495153, 0.50845375178, 0.039221296689],
      [0.96525082531, 0.0065790417702, 0.028170132917],
      [0.063983464218, 0.9275567709, 0.0084597648854],
      [0.6784951111, 0.19901759895, 0.12248728995],
      [0.75318747031, 0.041997270819, 0.20481525887]
    ],
    [
      [0.017871346524, 0.95584838833, 0.026280265147],
      [0.59064783226, 0.3654192984, 0.043932869335],
      [0.9718197587, 0.0061820182525, 0.021998223047],
      [0.12835115212, 0.8605163016, 0.011132546276],
      [0.76678821722, 0.12685212737, 0.10635965542],
      [0.80030585768, 0.025737093847, 0.17395704847]
    ],
    [
      [0.01572516254, 0.9681567384, 0.016118099057],
      [0.57117940534, 0.39160948713, 0.037211107536],
      [0.97536983283, 0.0028278429196, 0.021802324252],
      [0.039977053018, 0.95043327509, 0.0095896718912],
      [0.64891050043, 0.18403235228, 0.16705714728],
      [0.8041460708, 0.028058011728, 0.16779591747]
    ],
    [
      [0.02004987706, 0.95822290323, 0.021727219712],
      [0.49139127903, 0.46298459896, 0.045624122013],
      [0.96214729695, 0.0077231012187, 0.030129601827],
      [0.086654002218, 0.90267809614, 0.01066790164],
      [0.70230309714, 0.1620870477, 0.13560985516],
      [0.74609353989, 0.042138908613, 0.21176755149]
    ],
    [
      [0.074853697358, 0.87687886808, 0.048267434567],
      [0.53959818455, 0.3640416185, 0.096360196947],
      [0.94660008131, 0.00013246213048, 0.053267456561],
      [0.10386026418, 0.86779943203, 0.028340303796],
      [0.66101303146, 0.11700930338, 0.22197766516],
      [0.63547530126, 0.018722604431, 0.34580209431]
    ],
    [
      [0.012139980341, 0.98054605926, 0.0073139603992],
      [0.21192333477, 0.76255951623, 0.025517148992],
      [0.9567406634, 0.006693086372, 0.036566250231],
      [0.01769625208, 0.97751488735, 0.0047888605677],
      [0.47972212525, 0.40463171493, 0.11564615981],
      [0.60364022923, 0.16748073184, 0.22887903892]
    ],
    [
      [0.017708460352, 0.96110576464, 0.021185775011],
      [0.44587990709, 0.50545861466, 0.048661478255],
      [0.96189747214, 0.0026771427809, 0.035425385078],
      [0.071168678424, 0.91762808642, 0.011203235156],
      [0.65612322791, 0.20211968107, 0.14175709101],
      [0.71439892977, 0.044057878873, 0.24154319136]
    ],
    [
      [0.070538397422, 0.91935837334, 0.010103229237],
      [0.47626516499, 0.49670087236, 0.027033962647],
      [0.9699950051, 0.011561549224, 0.018443445677],
      [0.065113107913, 0.92982062534, 0.0050662667515],
      [0.71641660797, 0.20085365485, 0.082729737178],
      [0.81512584488, 0.019926516821, 0.1649476383]
    ],
    [
      [0.0052131584148, 0.99050369, 0.0042831515871],
      [0.25277829057, 0.7274937954, 0.019727914027],
      [0.94380234756, 0.032680102346, 0.023517550097],
      [0.018513827467, 0.98035918923, 0.001126983301],
      [0.67709488513, 0.21773248756, 0.10517262731],
      [0.70424275189, 0.12263783098, 0.17311941714]
    ],
    [
      [0.0067338570695, 0.97453470874, 0.018731434186],
      [0.39438394578, 0.55778089793, 0.047835156295],
      [0.95581649772, 0.0054120190031, 0.038771483279],
      [0.055813385625, 0.93265588658, 0.011530727795],
      [0.62851029581, 0.21623732783, 0.15525237637],
      [0.67877337343, 0.070020701926, 0.25120592465]
    ],
    [
      [0.0066795052462, 0.9066495801, 0.086670914658],
      [0.24550557749, 0.553183355, 0.20131106752],
      [0.86776475827, 0.015006810182, 0.11722843155],
      [0.072483097427, 0.91419481552, 0.013322087054],
      [0.40077703672, 0.16443191528, 0.43479104799],
      [0.36431092088, 0.040388779458, 0.59530029966]
    ],
    [
      [0.0074856293626, 0.97694020092, 0.015574169714],
      [0.38050682053, 0.58013864772, 0.039354531742],
      [0.9611186244, 0.0056692080802, 0.033212167525],
      [0.055481387605, 0.93737106425, 0.0071475481476],
      [0.61566270086, 0.25883577537, 0.12550152377],
      [0.7153857125, 0.057428109284, 0.22718617821]
    ],
    [
      [0.01161076863, 0.96701382543, 0.021375405937],
      [0.35950294507, 0.58412690079, 0.056370154147],
      [0.94544495625, 0.0049116372141, 0.049643406531],
      [0.050933199742, 0.93805181415, 0.011014986105],
      [0.57105950374, 0.25171627487, 0.17722422139],
      [0.63507275956, 0.059087789605, 0.30583945083]
    ],
    [
      [0.011654328548, 0.9554989754, 0.032846696049],
      [0.40880280713, 0.51345242571, 0.07774476716],
      [0.93528431176, 0.0064353478065, 0.058280340431],
      [0.067138990928, 0.91887087949, 0.013990129586],
      [0.58567848839, 0.19359913482, 0.22072237679],
      [0.60735012317, 0.040627786558, 0.35202209027]
    ],
    [
      [0.024763156755, 0.96521859101, 0.010018252237],
      [0.54152741979, 0.42618347442, 0.032289105792],
      [0.92531868018, 0.058526950714, 0.016154369103],
      [0.081958024348, 0.91540140128, 0.0026405743741],
      [0.6906913779, 0.23588782085, 0.073420801253],
      [0.77081372853, 0.10281396628, 0.12637230519]
    ]
  ],
  "expected_outcome": [
    [
      [1.1581758229, 0.17750256754, 0.41619132787, 0.33099165653, 0.4318869752, 0.34233305941, 0.32447429247, 0.027598610376, 0.025497138116, 0.21410469484, 0.11821365738, 0.03586119094, 0.34127513606, 0.071343740404, 0.080253989906, 0.068820782439, 0, 0.1819760891, 0.53008471108, 0.033607229595, 0.063231701655, 0.075484202167, 0.21200567778, 0.066931474373, 0.20008548923, 0.31248933716, 0.42111993271, 0.21056457041, 0.074497521486, 0, 0.18280979714, 0.056726435089, 0.2258854365, 0.2971624542, 0.15242439114, 0.23561697063, 0.35912669098, 0.66596550206, 0.14363010258, 0.056121776568, 0.22650962154, 0.010738099254, 0.30893465752, 0.45225142474, 0.046917796178, 0.17736638987, 0.44650288576, 0.11750515151, 0.3587679143, 0.25493998429, 0.23813320579, 0.49464131064, 0.16347480024, 0.48252635615, 0.01572516254, 0.42104741827, 0.14970739472, 0.072839882044, 0.23020998458, 0.14107679484, 0.031278950489, 0.047136999486, 0.020038515739, 1.1228444044, 0.16255076082, 0.92069195529, 0.29715788106],
      [32.220166461, 2.5819210565, 72.7332398211, 47.4979794224, 51.7546946354, 90.9634578061, 45.9534008285, 8.9438381302, 8.9105922023, 0.78589530516, 16.7319499802, 8.8573569454, 9.4363573763, 9.8785729348, 5.8172697972, 11.8702399076, 0, 4.7169937583, 2.3324902829, 15.7162528164, 1.910282413, 13.8467995959, 1.7635479906, 19.3417966049, 9.5615112521, 18.6775397543, 27.6415957626, 1.774889947, 1.9255024785, 0, 23.5216244335, 5.7748011706, 10.4083186613, 22.0315058898, 14.569558977, 24.1969787748, 25.1294296178, 41.2313679377, 17.5239240816, 8.8068484371, 18.4249017899, 2.9726710986, 36.8081119979, 5.4263617479, 3.9355684495, 10.7500926612, 6.2235411129, 6.7118851653, 8.3101646664, 2.6525050065, 4.6310658807, 17.699378348, 3.7717575924, 25.8079064849, 0.9681567384, 20.1226809678, 1.7537577362, 5.8832763556, 12.4943749403, 1.8387167467, 5.94302214, 6.8217429612, 2.7199487403, 146.5410301385, 13.5381935561, 75.4844190569, 11.5826230921],
      [0.6216577161, 0.24057637594, 0.85056885108, 1.1710289211, 0.81341838944, 1.6942091345, 0.72212487902, 0.028563259442, 0.063910659541, 0, 0.14983636241, 0.1067818637, 0.22236748764, 0.05008332482, 0.10247621289, 0.060939309935, 0, 0.10103015257, 0.13742500601, 0.25013995398, 0.026485885369, 0.077716201912, 0.024446331627, 0.59127192068, 0.23840325867, 1.0099709085, 0.93728430467, 0.014545482615, 0, 0, 0.29556576936, 0.16847239431, 0.36579590218, 0.67133165604, 0.27801663186, 0.56740425454, 0.51144369122, 1.1026665602, 0.33244581585, 0.13702978633, 0.34858858852, 0.016590802177, 0.88295334458, 0.12138682735, 0.017513754322, 0.07254094892, 0.32995600138, 0.17060968316, 0.33106741925, 0.092555009185, 0.13080091349, 0.80598034132, 0.064767607324, 0.70956715897, 0.016118099057, 0.45627161396, 0.096534869134, 0.043883762395, 0.27541507514, 0.020206458473, 0.025698909523, 0.1311200393, 0.26001274397, 2.3361254571, 0.29925568312, 2.5948889879, 0.12021902684]
    ],
    [
      [15.71117145, 3.9779242289, 22.6318350941, 15.7112487743, 22.4122458626, 14.2305958847, 13.8574307832, 0.67078382827, 0.45249308714, 0.45425348363, 3.5184285266, 1.1358296892, 0.95821008752, 3.9273674819, 0.54517281432, 0.82358054654, 0, 2.2804174415, 1.1933259335, 1.0192988845, 0.58423110193, 1.5384939048, 0.89790412927, 1.0958079588, 2.5260386151, 9.8417856834, 14.6657773171, 1.9433929347, 1.436708898, 0.80928825042, 27.58644763, 8.8831833894, 11.3760267026, 15.5088922413, 11.5318167901, 24.0086949054, 16.4001995312, 33.7627325982, 15.4564327206, 6.5297941808, 23.4673518744, 0.21460440448, 14.2101191994, 0, 0.38278175787, 3.3307765059, 5.1933916182, 6.7910176641, 4.689266032, 3.006068765, 6.2412080447, 18.7371390489, 2.7139497092, 14.7661958066, 2.8558970267, 18.1814773239, 1.0791963691, 0.63577000432, 8.9175981417, 1.90506066, 0.50555658114, 1.1831518373, 1.4730334649, 87.5165687226, 9.3470765717, 47.8299284343, 23.8272064706],
      [22.4331871139, 2.7488862132, 60.3033518907, 35.4544395397, 42.6949912154, 41.6239542179, 32.9031519266, 2.2816778223, 2.4579235477, 0.54574651637, 11.0450293347, 3.6757611693, 2.7447226475, 5.9160801986, 0.42256787174, 2.1084931681, 0, 2.4711524184, 0.5846016753, 3.7690651592, 1.3374598755, 3.3660399165, 1.9994768301, 3.5508568816, 3.0798500948, 6.609305052, 15.9921055543, 1.9845836285, 1.563291102, 0.061720507565, 36.4459712524, 9.8645462635, 5.7289080223, 11.8793432268, 13.3723995632, 27.3563605541, 18.8972029135, 32.4816271399, 20.8998550323, 11.8268736031, 20.8766971689, 0.76672666704, 22.4762081749, 0, 2.5648682888, 5.4842465423, 2.2403193324, 3.8617226671, 3.6541267906, 1.7287432893, 4.2436346845, 12.7390322465, 3.0507225107, 9.1354824601, 1.9580474356, 17.1304301616, 0.728083237, 2.2876785487, 10.1091722932, 1.9868034895, 1.4549875908, 1.6733426938, 3.31910013, 133.4318889767, 15.1872994205, 60.0739338081, 18.7520728745],
      [1.8556414361, 1.2731895579, 3.0648130152, 3.834311686, 2.892762922, 3.1454498974, 2.2394172903, 0.047538349453, 0.089583365192, 0, 0.43654213876, 0.18840914153, 0.29706726495, 0.15655231949, 0.032259313937, 0.067926285353, 0, 0.24843014015, 0.22207239125, 0.21163595634, 0.078309022582, 0.095466178724, 0.10261904067, 0.35333515957, 0.39411129005, 1.5489092646, 2.3421171286, 0.072023436795, 0, 1.128991242, 1.9675811176, 1.2522703471, 0.89506527506, 1.6117645318, 1.0957836467, 2.6349445405, 1.7025975553, 3.7556402619, 1.6437122472, 0.64333221605, 1.6559509567, 0.018668928481, 2.3136726256, 0, 0.052349953382, 0.18497695175, 0.56628904941, 0.34725966881, 0.65660717732, 0.26518794579, 0.51515727081, 2.5238287046, 0.23532778013, 1.0983217334, 0.18605553768, 1.6880925145, 0.19272039389, 0.076551446975, 0.9732295651, 0.10813585059, 0.039455828053, 0.14350546888, 1.2078664051, 9.0515423008, 1.4656240078, 9.0961377577, 1.4207206548]
    ],
    [
      [105.9719992466, 31.0191900735, 378.3890206139, 235.821464459, 286.5353026485, 293.3430649205, 292.7001687634, 22.1047363238, 19.9777584459, 18.8470770543, 51.4254675305, 16.015054538, 20.6661442622, 49.3152439359, 13.7575299623, 45.2485389797, 6, 130.6392239125, 14.3157660209, 7.462144542, 7.6148124544, 20.4446053928, 24.6716662985, 17.2273856858, 107.3141602229, 151.4829402341, 197.5909108761, 24.7531558214, 6.9884092565, 2.5128014301, 156.8941044708, 93.2315724198, 119.0159297143, 200.858652835, 199.8698157757, 300.8155123816, 129.0110713418, 327.6989272082, 191.0298868027, 140.6507790204, 191.2376120251, 3.8777817674, 115.426261277, 13.4397869085, 20.6983601992, 112.4970843682, 260.4333498759, 347.3213912978, 286.5844811567, 203.8285533082, 222.7749790204, 548.9504746871, 75.2895643744, 332.3623574755, 45.8423821429, 251.1204445049, 17.0388014635, 16.2645912777, 98.1135421584, 27.1598601428, 19.8198492987, 29.6303114292, 116.2804776083, 1198.5149246207, 119.1260644881, 529.3709204577, 70.3242196939],
      [3.8492415246, 0.29287804717, 4.5323504331, 2.109647185, 2.0761619563, 3.9173012999, 3.455142887, 0.62413891983, 0.78575759797, 0.15292294574, 2.4371026109, 0.12315588844, 0.28303956316, 0.48564703512, 0.026305875471, 0.67131142384, 0, 0.69677413766, 0.80475466114, 0.049714876931, 0.014016929882, 0.14961811715, 0.3741081394, 0.16350406546, 0.73479433029, 0.9315675719, 0.91069128797, 0.040977688136, 0.01159074347, 0.047534829083, 3.4183042464, 0.41323674183, 0.81171215801, 2.2398458249, 0.76375046724, 1.1648368657, 1.5334456602, 2.13367909, 1.1807567717, 0.9838231388, 2.376963253, 0.020503598578, 1.277416901, 0.15363946162, 1.3862922684, 0.99545206529, 2.2218240412, 0.72225574306, 1.199874474, 0.21201186786, 0.78018952189, 2.707121987, 0.51316525808, 2.1142502424, 0.13290861722, 2.0157294181, 0.0023843183487, 0.11378246832, 0.27306856365, 0.32372337827, 0.68628214926, 0.1677725891, 2.0109125643, 7.069502476, 0.61886628897, 3.6424068585, 4.4480482542],
      [4.1787592287, 2.6879318794, 17.078628953, 19.068888356, 12.3885353952, 20.7396337796, 15.8446883496, 0.27112475641, 1.2364839561, 0, 2.1374298585, 0.8617895736, 2.0508161746, 0.19910902894, 0.21616416219, 1.0801495964, 0, 3.6640019499, 0.87947931794, 0.48814058106, 0.37117061569, 0.4057764901, 0.95422556213, 1.6091102487, 4.9510454468, 7.585492194, 10.498397836, 0.20586649047, 0, 0.43966374082, 3.6875912829, 4.3551908384, 3.1723581277, 6.90150134, 6.3664337571, 11.0196507528, 4.4554829979, 12.1673937019, 6.7893564255, 4.3653978408, 4.3854247219, 0.10171463397, 6.296321822, 0.40657362989, 0.91534753238, 1.5074635665, 7.3448260828, 2.9563529591, 10.2156443693, 3.959434824, 5.4448314577, 23.342403326, 2.1972703675, 7.5233922821, 1.0247092398, 7.863826077, 0.9588142181, 0.62162625393, 3.6133892779, 0.51641647894, 0.49386855203, 1.2019159817, 15.7086098274, 41.4155729033, 6.2550692229, 32.9866726838, 1.2277320519]
    ],
    [
      [33.3945361163, 4.8555310918, 31.7004545745, 23.9498729003, 32.668502177, 23.2282797008, 22.2195758548, 2.1005190312, 0.5961261891, 0.48456476726, 4.8875558239, 1.9145489434, 2.9231543228, 12.9621168643, 4.1177908574, 3.2970931679, 1, 7.0565307509, 8.9833591712, 1.7152132408, 0.24030295945, 4.993085001, 2.0932551999, 3.1568213377, 10.1948757029, 24.1699248994, 29.5021769569, 4.0039262448, 2.2644632662, 0.67791031949, 41.1882251201, 10.0262000496, 16.433057349, 51.3513736472, 20.7322343176, 42.1456772041, 26.7539008951, 58.299270383, 25.9198488934, 18.3513210576, 44.9051216084, 0.38766761101, 23.5309246355, 4.2697749849, 0.35494520751, 7.6387560827, 23.7434542378, 4.6075714406, 14.4378944447, 5.6775705765, 7.1187495901, 35.2167938963, 3.7110409247, 38.5053456357, 0.39977053018, 29.8956307654, 3.8428297745, 1.2564338977, 12.9526994732, 1.6278276978, 2.0365210213, 3.4604299087, 11.6697786857, 151.4641881609, 11.5618363415, 70.5630794655, 16.3916048697],
      [546.2274661769, 35.1951910864, 1052.2639673541, 604.01779241, 711.5511860779, 773.4301449842, 632.6571453304, 191.809260448, 110.8798023733, 11.5154352327, 186.1246796137, 88.3641510923, 108.7800044887, 228.8521889369, 34.5755251129, 139.5584030419, 0, 77.1216914936, 100.7569434589, 98.4239481816, 11.5978882843, 136.8631171203, 55.4199451411, 110.4780225077, 143.8590845614, 179.2761477384, 358.5555405942, 45.9311765753, 28.7355367338, 0.89074466335, 629.0998852403, 125.0282462955, 95.7844862019, 475.3817293318, 269.6682781051, 526.6758988441, 352.4692446057, 639.910592015, 383.3900347748, 344.6228526532, 451.4410929575, 22.4933395196, 420.3536156182, 63.0667463225, 46.4369629731, 143.1636811468, 97.5708740922, 40.9607527685, 110.3706842785, 36.7135793697, 65.995755419, 270.6150812956, 53.798292712, 258.1548904814, 9.5043327509, 311.4239431687, 32.1085789851, 69.403557002, 167.0083117283, 23.2455156334, 107.8395108156, 57.824664968, 147.1853652986, 2559.023005396, 212.9377618126, 965.7332943399, 183.0802802555],
      [5.3779977068, 0.94927782186, 6.0355780715, 6.0323346897, 5.7803117452, 6.3415753151, 5.1232788148, 0.090220520839, 0.52407143763, 0, 0.98776456235, 0.72129996429, 1.2968411886, 0.18569419883, 0.30668402974, 0.14450379018, 0, 0.82177775547, 2.2596973699, 0.86083857761, 0.16180875626, 0.14379787866, 0.48679965902, 1.3651561546, 1.9460397357, 4.5539273622, 5.9422824489, 0.064897179886, 0, 0.43134501716, 2.7118896396, 1.9455536549, 1.7824564491, 7.2668970209, 2.5994875773, 6.1784239518, 3.7768544992, 8.790137602, 3.6901163318, 2.0258262892, 3.6537854341, 0.11899286943, 5.1154597464, 0.66347869261, 0.2080918194, 0.19756277051, 2.68567167, 0.43167579091, 2.1914212768, 0.60885005376, 0.88549499094, 6.1681248081, 0.49066636335, 3.3397638828, 0.095896718912, 3.6804260659, 1.0485912405, 0.3400091003, 2.0389887985, 0.12665666879, 0.12396816311, 0.71490512327, 2.1448560157, 19.5128064431, 2.5004018458, 14.7036261946, 0.52811487483]
    ],
    [
      [9.6231319772, 6.0376313912, 35.1351728209, 28.5729241818, 38.2556243588, 34.0461959317, 37.2307323171, 2.5178903324, 0.47268306069, 0, 17.022252688, 2.725557181, 0.385642991, 7.3296827859, 0.84993388085, 4.4310973278, 0, 17.0094010943, 0.50198511653, 2.5010537613, 1.6383362981, 3.4130221179, 4.5068816184, 2.9472564955, 13.6467937214, 26.3292350111, 29.7838231435, 3.7129809259, 2.3862661466, 0, 23.0212941117, 12.0232999777, 20.0962210672, 27.4787187638, 21.9079714588, 42.6929205086, 10.9834844836, 43.0810060858, 22.2084364338, 18.7335777928, 17.2430781269, 0.48093026845, 24.6576012753, 0.72851900084, 2.8251949802, 9.6610659061, 23.6984567563, 17.4188192427, 21.0511150079, 28.0903211855, 14.3252169926, 47.5587700802, 4.0709706666, 35.2722579919, 0.64891050043, 51.2681260912, 1.9830390944, 0.95944425051, 10.4979716466, 5.0149162558, 0.67709488513, 6.2851029581, 6.8132096243, 145.9120601032, 16.5607256083, 48.6113145367, 7.5976051568],
      [2.0364609013, 1.0853439324, 25.5212451916, 17.6964610054, 20.0041082908, 25.7808367191, 23.8508141493, 3.1377813882, 0.32283034379, 0, 9.5774485247, 2.3852703641, 0.14475718911, 3.121205419, 0.059798683074, 3.9014693132, 0, 4.1285241015, 0.074387778992, 2.4866083805, 0.86316689108, 2.1769621004, 2.4081059816, 2.3590329824, 4.6898076935, 4.6382369779, 8.798339224, 1.0226218287, 0.6137338534, 0, 8.7731683791, 3.6886418944, 2.785594636, 5.9269671859, 6.9869592587, 13.1204029832, 2.6985047136, 11.4905326888, 8.1730497568, 8.8160897172, 3.3191327079, 0.43977894507, 10.3708044177, 0.099119335789, 4.3861389696, 4.340695307, 2.3568243473, 2.0774742233, 3.544322046, 3.2750204623, 2.4684727778, 8.5121168026, 1.1941055937, 5.8351978589, 0.18403235228, 11.8323544824, 0.35102791014, 0.80926342987, 3.2339148972, 1.405975584, 0.21773248756, 2.1623732783, 2.7953425598, 61.3440787624, 7.2997719713, 16.0687281901, 2.5947660294],
