{
  "Z_true": {},
  "V_true": [
    [53, 771, 100, 87, 1018, 27],
    [173, 63, 304, 1451, 430, 172],
    [199, 62, 429, 3793, 125, 57],
    [421, 297, 609, 293, 19110, 194],
    [277, 97, 2973, 787, 807, 83],
    [158, 32, 127, 228, 245, 140]
  ],
  "p_true": [
    [0.0258, 0.375, 0.0486, 0.0423, 0.4951, 0.0131],
    [0.0667, 0.0243, 0.1172, 0.5596, 0.1658, 0.0663],
    [0.0427, 0.0133, 0.092, 0.8131, 0.0268, 0.0122],
    [0.0201, 0.0142, 0.0291, 0.014, 0.9133, 0.0093],
    [0.0551, 0.0193, 0.5918, 0.1566, 0.1606, 0.0165],
    [0.1699, 0.0344, 0.1366, 0.2452, 0.2634, 0.1505]
  ],
  "Z_est": [
    [
      [0.0521, 0.2592, 0.1158, 0, 0.0289, 0.2026, 0.2952, 0.2489, 0.2199, 0, 0.0695, 0.1215, 0.0058, 1.4475, 0, 0.2952, 0.0969, 0.3993, 0.1042, 0.2257, 0.1563, 0.2141, 0.4688, 0.301, 0.0926, 0.4391, 0.0521, 0.0521, 0.0637, 0.11, 0, 0.0174, 0.0707, 0.0232, 0.0463, 0, 0.0579, 0.2836, 0.4283, 0.11, 0.4804, 0.3762, 0.5035, 0.1447, 4.3523, 0.1852, 0.5035, 0.1621],
      [2.553, 3.1203, 5.6732, 0, 1.4183, 9.9282, 14.4668, 12.1975, 10.7791, 0, 3.4039, 5.9569, 0.2837, 0.2892, 0, 14.4668, 4.223, 19.5727, 3.8013, 8.7351, 7.6589, 10.4955, 22.9766, 14.7504, 4.5386, 5.7054, 2.553, 0.7954, 3.1203, 5.3896, 0, 0.851, 0.851, 1.1346, 2.2693, 0, 2.8366, 13.8994, 20.991, 5.3896, 23.5439, 18.438, 24.6786, 7.0915, 213.3137, 9.0772, 24.6786, 7.9425],
      [0.0051, 0.0062, 0.0113, 0, 0.0028, 0.0198, 0.0288, 0.0243, 0.0215, 0, 0.0068, 0.0119, 0.0006, 0.0034, 0.0011, 0.0288, 0.0085, 0.039, 0.0102, 0.022, 0.0152, 0.0209, 0.0457, 0.0294, 0.009, 0.0113, 0.0051, 0.0051, 0.0062, 0.3485, 0, 0.0017, 0.0017, 0.0023, 0.0045, 0, 0.0056, 0.0277, 0.0418, 0.0107, 0.0469, 0.0367, 0.0491, 0.0141, 0.4246, 0.0181, 0.0491, 0.0158],
      [0.0131, 0.0161, 0.0292, 0, 0.0073, 0.0511, 0.0745, 0.0628, 0.0555, 0, 0.0175, 0.0307, 0.0015, 0.0088, 0.4232, 0.0745, 0.0219, 0.1007, 0.0263, 0.0569, 0.0394, 0.054, 0.1183, 0.0759, 0.0234, 0.0292, 0.0131, 0.0131, 0.0161, 0.0277, 0, 0.0044, 0.0044, 0.0058, 0.0117, 0, 0.0146, 0.0715, 0.108, 0.0277, 0.1212, 0.0949, 0.127, 0.0365, 1.098, 0.0467, 0.127, 0.0409],
      [6.2167, 7.5982, 13.815, 0, 3.4537, 24.1762, 35.2282, 29.7022, 26.2484, 0, 8.289, 14.5057, 0.6907, 4.1445, 1.5757, 35.2282, 10.3831, 47.6616, 13.7381, 29.2669, 18.6502, 25.5577, 55.9506, 35.9189, 11.052, 13.815, 6.2167, 7.9743, 7.5982, 13.1242, 0, 2.0722, 2.0722, 2.763, 5.526, 0, 6.9075, 33.8467, 51.1154, 13.1242, 57.3321, 44.8986, 60.0951, 17.2687, 519.4427, 22.1039, 60.0951, 19.341],
      [0.16, 0, 0.3556, 0, 0.0889, 0.6222, 0.9067, 0.7644, 0.6756, 0, 0.2133, 0.3733, 0.0178, 0.1067, 0, 0.9067, 0.2667, 1.2267, 0.32, 0.6933, 0.48, 0.6578, 1.44, 0.9244, 0.2844, 0, 0.16, 0.16, 0.1956, 0, 0, 0.0533, 0, 0.0711, 0.1422, 0, 0.1778, 0.8711, 1.3155, 0.3378, 1.4755, 1.1555, 1.5467, 0.4444, 13.3688, 0.5689, 1.5467, 0.4978]
    ],
    [
      [1.8913, 0.5117, 2.2894, 0.2986, 1.095, 3.5835, 6.9679, 8.0628, 5.3752, 0.5972, 2.6876, 5.2757, 0.3982, 5.3101, 0, 3.5835, 1.7917, 5.7734, 3.8821, 5.2757, 8.2619, 8.2619, 13.0399, 8.6601, 4.6784, 1.5194, 1.9908, 0.4977, 2.4885, 1.7917, 0.5404, 0.4977, 0.5117, 0.3982, 0.8959, 0.5972, 1.1945, 2.389, 2.9862, 2.2894, 9.4564, 6.4702, 7.7642, 9.6784, 66.6926, 11.5468, 22.4963, 0],
      [0.5259, 0.083, 0.6366, 0, 0, 0.9964, 1.9374, 2.2419, 1.4946, 0.2025, 0.7473, 1.4669, 0.1107, 0, 0, 0.9964, 0, 1.6053, 0, 0, 2.2972, 2.2972, 3.6258, 2.4079, 1.3008, 0.2768, 0.5536, 0.1384, 0.5363, 1.7768, 0.083, 0.1384, 0.083, 0.1107, 0.2491, 0, 0.3321, 0.6643, 0.8303, 0.6366, 2.6294, 1.799, 2.1588, 1.0241, 18.5439, 3.2106, 6.2551, 1.8267],
      [4.2413, 0.6697, 5.1342, 0.9658, 2.4555, 8.0362, 15.626, 18.0815, 12.0543, 1.3394, 6.0272, 11.8311, 0.8929, 0, 0.81, 8.0362, 4.0181, 12.9472, 4.7808, 11.8311, 18.5279, 18.5279, 29.2429, 19.4208, 10.4917, 2.2323, 4.4646, 1.1161, 5.5807, 4.0181, 0.6697, 1.1161, 0.6697, 0.0694, 2.0091, 1.3394, 2.6787, 5.3575, 6.6968, 5.1342, 21.2067, 14.5098, 17.4118, 8.2594, 149.5628, 25.8945, 50.4496, 7.3236],
      [10.5122, 1.6598, 12.7253, 1.6598, 6.3905, 19.9178, 38.7291, 44.8151, 29.8767, 3.3196, 14.9384, 29.3235, 2.2131, 7.1925, 2.7664, 19.9178, 9.9589, 32.0898, 21.5776, 29.3235, 46.1796, 45.9216, 72.4787, 48.1347, 26.0038, 5.5327, 11.0655, 2.7664, 13.8318, 9.9589, 1.6312, 2.7664, 1.6598, 3.0366, 4.9795, 3.4857, 6.6393, 13.2785, 16.5982, 12.7253, 52.5609, 35.9627, 43.1553, 14.4757, 370.6928, 64.1796, 125.0397, 37.4461],
      [0.4797, 0.0757, 0.5807, 0.0757, 0.2777, 0.9089, 1.7673, 2.045, 1.3633, 0.1515, 0.6817, 1.3381, 0.101, 0.3282, 1.4236, 0.9089, 0.9526, 1.4643, 6.0351, 2.805, 2.0955, 2.0955, 3.3073, 2.1965, 1.1866, 0.2525, 0.5267, 0.1262, 0.7868, 0.4544, 0.0757, 0.1262, 0.0757, 0.101, 0.2272, 0.1515, 0.303, 0.6059, 0.7574, 0.5807, 2.3984, 1.641, 1.9693, 0.9341, 16.9154, 2.9286, 5.7058, 17.4473],
      [1.3496, 0, 1.6338, 0, 0.7814, 2.5572, 4.9723, 5.7537, 3.8358, 0.3897, 1.9179, 3.7648, 0.2841, 0.1691, 0, 2.5572, 1.2786, 4.1199, 2.7244, 3.7648, 5.6378, 5.8958, 9.3054, 6.1799, 3.3386, 0.1863, 1.3989, 0.3552, 1.7758, 0, 0, 0.3552, 0, 0.2841, 0.6393, 0.4262, 0.8524, 1.7048, 2.131, 1.6338, 6.7482, 4.6172, 5.5406, 2.6282, 47.5925, 8.2399, 16.0536, 1.9563]
    ],
    [
      [3.1984, 0.6814, 1.8657, 0.3998, 3.7314, 9.4619, 17.7244, 26.4998, 22.9218, 0.9009, 5.3292, 7.5391, 2.2722, 5.1916, 0, 11.0611, 3.0651, 15.3256, 2.5321, 6.7966, 13.3055, 20.9751, 35.0249, 32.8054, 15.1923, 2.7986, 3.5982, 4.7651, 3.0651, 3.4675, 0, 1.0661, 0.6814, 0.8827, 2.3988, 0, 2.3988, 6.3968, 6.53, 1.7977, 11.8614, 10.9278, 12.0691, 2.6653, 202.0313, 7.891, 38.5139, 3.8531],
      [3.3377, 0.1087, 0.3044, 0, 0, 1.5439, 0, 0.8283, 3.7403, 0.1957, 0.7163, 1.0291, 0.1522, 0, 0, 1.8049, 0, 2.5008, 0, 0, 3.0406, 3.3618, 5.5887, 4.8711, 2.479, 0.52, 0.9837, 0, 0.5002, 0.8916, 0, 0.174, 0.1087, 0.1305, 6.6218, 0, 0.3434, 1.0438, 1.0655, 0.8046, 11.7026, 1.7832, 10.7176, 0.4349, 32.9666, 2.9574, 6.2845, 0.9568],
      [0.3323, 0.0692, 0.1938, 0.1158, 0.3877, 0.983, 6.7342, 0, 2.3815, 0.1246, 0.54, 1.2323, 0.0969, 0, 0, 1.1492, 0.428, 1.5923, 0.2631, 0.7061, 0, 2.1738, 3.5584, 0.8236, 1.5784, 0.2908, 1.1343, 0, 0.3185, 2.6878, 0, 0.1108, 0.0692, 0, 0.2492, 0, 0.2973, 0.6646, 0.6784, 3.6454, 20.5975, 1.1354, 2.0353, 0.2769, 20.9901, 10.0215, 4.0014, 0.6092],
      [14.6493, 4.1077, 11.5016, 2.4646, 23.0032, 58.3297, 107.2649, 130.6256, 141.3057, 4.7014, 32.0402, 73.1175, 4.4115, 12.6899, 4.1077, 68.1882, 18.8955, 94.4776, 15.6093, 42.5717, 107.8314, 128.9825, 211.137, 184.026, 93.6561, 17.2524, 19.4957, 19.995, 18.8955, 33.6833, 0, 6.5724, 4.1077, 4.9293, 7.1704, 16.8368, 14.7878, 39.4341, 40.2557, 30.3971, 97.54, 67.3667, 120.767, 16.4309, 1245.4615, 112.8165, 237.4264, 38.1585],
      [2.4099, 0.0329, 0.0921, 0.0197, 0.7931, 0.4672, 0.8752, 1.0463, 1.1318, 3.0774, 0.2566, 0.5857, 0.0461, 0.1184, 0.8923, 0.5462, 0.542, 0.7567, 0.5382, 0.7717, 0.8225, 1.0331, 1.6912, 1.474, 0.7502, 0.1382, 1.7881, 0.1645, 0.1513, 0.2698, 0, 0.0526, 0.0329, 0.0395, 0.1184, 0.1119, 0.1184, 0.3159, 0.3224, 0.2435, 0.9476, 0.5396, 0.9673, 0.1316, 9.9758, 0.8949, 1.9017, 0.2895],
      [0.0724, 0, 0.0422, 0, 0.0845, 0.2142, 0.4013, 0, 0.519, 0, 0.1177, 5.4964, 0.0211, 0, 0, 0.2505, 0.0694, 0.347, 0.0573, 0.1539, 0, 0.4738, 0, 0, 0.344, 0, 0, 0.0754, 0.0694, 0, 0, 0.0241, 0, 0.0181, 1.4414, 0.0513, 0.0543, 0.1448, 0.1479, 0.1116, 1.351, 0.2474, 0.4436, 0.0604, 4.5746, 1.4187, 0.8721, 0.1328]
    ],
    [
      [1.6087, 0.3197, 2.5019, 0.019, 0, 0, 5.5584, 9.8044, 8.5841, 0, 5.4133, 0, 1.1825, 1.3059, 0, 0, 1.1576, 1.8525, 0.2223, 0, 0, 13.1275, 9.5126, 19.1595, 8.3458, 0.9298, 0.2102, 2.1569, 0, 0, 0.0806, 1.9374, 2.8848, 1.3929, 1.6185, 0, 0.8095, 6.756, 0.7116, 0, 0, 2.4434, 0, 1.5721, 0, 0, 9.3918, 0],
      [1.9196, 4.6586, 1.9015, 0, 0, 0, 0, 0, 5.9664, 0.4671, 0, 0, 0.4241, 0, 0, 12.2076, 0, 2.4146, 0, 0, 5.3046, 0, 5.5771, 3.5135, 1.4943, 3.1877, 1.3417, 0, 0, 3.4882, 0.207, 1.3932, 0.5939, 0.8742, 1.9263, 0, 0, 1.404, 2.8653, 1.7339, 18.8036, 3.0653, 8.826, 5.0608, 63.8965, 4.1122, 7.1683, 1.3354],
      [1.2734, 0.0809, 0, 0.1019, 0, 12.6293, 23.5786, 0, 11.1113, 0.4188, 2.1769, 10.9175, 0.8357, 0, 0, 2.7796, 2.833, 0, 0, 0, 0, 1.1482, 30.3081, 0, 1.9841, 7.7392, 1.7532, 0, 1.7648, 7.1377, 0.2429, 0.2347, 1.1571, 0, 2.0684, 0, 4.4211, 0, 16.557, 2.1015, 6.2813, 0, 0, 4.778, 91.7369, 5.8401, 14.7119, 0],
      [0, 0.8424, 2.0594, 0.0764, 3.281, 0, 0, 20.0219, 30.0823, 0, 5.431, 5.6581, 0, 0, 0.3438, 0, 0, 16.6155, 3.8553, 6.3979, 24.1344, 20.8947, 18.1845, 29.9634, 9.3475, 1.8434, 0, 0, 0, 13.6666, 0, 1.1662, 0, 1.792, 0, 1.1961, 2.4836, 5.5658, 2.6099, 0, 0, 5.4458, 20.0616, 0, 140.3342, 9.6064, 30.1048, 11.9788],
      [101.7237, 37.0983, 207.5233, 3.8028, 70.3509, 325.4699, 426.7471, 400.1738, 395.7184, 48.1141, 181.9788, 255.8524, 33.9673, 72.6941, 17.6562, 434.4297, 234.6221, 707.0803, 208.9224, 326.9361, 567.561, 378.4504, 918.4178, 809.3637, 336.202, 182.2999, 147.6949, 47.5344, 149.942, 107.7075, 16.4694, 24.1641, 11.3642, 28.8365, 54.0885, 52.4701, 81.3712, 286.2742, 525.1112, 176.4516, 513.2246, 321.6832, 505.4418, 199.4814, 7278.227, 478.1592, 854.8028, 256.6859],
      [0.4747, 0, 0.014, 0, 0.368, 2.9008, 0.1159, 0, 5.5375, 0, 0, 10.572, 0.5904, 0, 0, 1.5831, 5.3873, 2.0371, 0, 1.666, 0, 3.3792, 0, 0, 3.6262, 0, 0, 0.3087, 0.2932, 0, 0, 0.1043, 0, 0.1044, 0.2984, 1.3338, 1.9145, 0, 2.1451, 0.7129, 2.6905, 2.3623, 2.6706, 6.1077, 37.8054, 5.2821, 5.8204, 0]
    ],
    [
      [0.8481, 0.2279, 5.7684, 0.2253, 1.6859, 2.8918, 6.0778, 6.5489, 5.4653, 0.3298, 3.1564, 4.1461, 0.1413, 2.6301, 0, 4.3147, 1.6019, 5.5595, 1.7432, 0.0138, 4.8999, 5.7009, 12.0613, 8.0095, 3.4865, 1.0836, 1.4606, 4.3562, 0.9239, 0, 1.1182, 0.424, 0.3298, 0.1885, 0.7538, 0.1734, 1.1379, 3.4865, 4.8528, 0, 6.5961, 11.9795, 0, 2.3086, 90.5543, 4.2874, 10.5066, 0.8952],
      [0.176, 0.0293, 2.641, 0, 0, 0.2004, 0.066, 1.3593, 1.1343, 0.0685, 0, 0.8605, 0.0293, 0, 0, 1.9041, 0, 1.1539, 0, 0, 1.1689, 1.1832, 2.5034, 1.6624, 0.7236, 0.8885, 0.3031, 0, 0, 4.5444, 0.3545, 0.088, 0.6525, 0.0391, 0.1565, 0, 0, 0.7236, 1.0072, 0.4596, 1.369, 0.9388, 5.3121, 0.4792, 19.0296, 0.8899, 2.1807, 0.1858],
      [13.0436, 2.1739, 27.5414, 6.2427, 21.0348, 74.1082, 94.6749, 96.4175, 84.059, 5.0725, 31.1598, 63.7689, 2.1739, 5.9668, 2.1739, 76.8125, 24.638, 75.1385, 26.8119, 50.262, 69.0993, 87.6822, 189.3534, 123.1899, 53.6238, 16.6669, 22.464, 7.8341, 26.2106, 38.4063, 5.0725, 6.5218, 5.0725, 2.8986, 11.5943, 7.601, 14.4929, 49.7715, 74.6386, 35.8995, 101.4505, 62.1096, 113.0717, 35.5077, 1411.293, 65.9428, 161.5962, 13.7683],
      [2.2437, 0.374, 5.734, 0.4303, 6.1059, 6.1693, 16.0801, 22.6727, 14.4596, 0.8726, 5.36, 10.9694, 0.374, 1.3712, 0.374, 13.025, 0.2796, 14.7089, 4.6121, 9.2242, 12.9638, 15.0829, 31.9109, 23.5228, 9.2242, 2.867, 0, 2.1191, 3.3061, 6.6065, 0, 1.1219, 0.4905, 0.4986, 1.9944, 4.0061, 2.493, 9.2242, 12.8391, 4.6865, 17.4513, 11.9666, 20.1936, 0, 242.5725, 11.3433, 27.7974, 2.3684],
      [1.1693, 0.1949, 2.9881, 0.1017, 8.1236, 5.9762, 8.3797, 9.0292, 7.5352, 0.6567, 2.7932, 5.7164, 0.1949, 0.7145, 0.4521, 6.8856, 6.4996, 18.0349, 2.7653, 12.219, 15.8681, 7.86, 16.6294, 11.043, 4.8069, 1.494, 6.7723, 2.2002, 4.5208, 3.4428, 0.4547, 0.5846, 0.4547, 0.2598, 1.0393, 0.8445, 1.2992, 9.956, 6.6907, 4.5984, 9.0942, 6.236, 10.5233, 3.183, 126.4094, 5.9112, 14.4858, 1.2342],
      [0.5193, 0, 1.3271, 0, 2.0499, 2.6542, 3.7216, 2.9723, 3.3465, 0, 0.5305, 2.5388, 0.0865, 0.3173, 0, 3.0581, 0.9809, 3.4042, 1.0674, 2.2809, 0, 3.4908, 3.5416, 2.5724, 2.1349, 0, 0, 0.4904, 1.0386, 0, 0, 0.2596, 0, 0.1154, 0.4616, 0.375, 0.577, 0.8382, 2.9715, 1.3559, 4.0389, 2.7696, 12.8993, 7.5216, 56.1412, 2.6253, 6.4335, 0.5481]
    ],
    [
      [0.4014, 0, 0.4588, 0.0573, 0.4588, 0.8602, 1.3764, 1.8352, 1.4337, 0.172, 0.3441, 0.9176, 0, 0.1147, 0, 0.7455, 0.2867, 1.0896, 0.5161, 0.6882, 1.3764, 1.7205, 1.8925, 2.0646, 1.2043, 0.2294, 0.6882, 0.172, 0.4588, 0.6308, 0.2608, 0.0573, 0.5215, 0.1147, 0.2867, 0.2294, 0.4014, 0.6882, 1.4911, 0.8029, 1.6058, 0.8029, 1.6631, 0.6308, 15.3695, 1.0896, 4.5879, 1.0896],
      [2.4879, 0, 2.8433, 0, 0.5817, 5.3311, 8.5298, 11.3731, 8.8852, 1.0662, 2.1325, 5.6866, 0, 0.7108, 0, 4.6203, 1.777, 6.7528, 3.1987, 4.2649, 8.5298, 10.6623, 11.7285, 12.7947, 7.4636, 1.4216, 4.2649, 1.0662, 2.8433, 3.9095, 0.3554, 0.3554, 0.7108, 0.7108, 1.777, 1, 2.4879, 4.2649, 9.2406, 4.9757, 9.9515, 4.9757, 10.3069, 3.9095, 95.2497, 6.7528, 28.4328, 6.7528],
      [0.1043, 0, 0.1192, 0.5737, 0.1192, 0.2235, 0.3575, 0.4767, 0.3724, 0.0447, 0.0894, 0.2384, 0, 0.0298, 0.0149, 0.1937, 0.0745, 0.2831, 0.1341, 0.1788, 0.3575, 0.4469, 0.4916, 0.5363, 0.3128, 0.0596, 0.1788, 0.0447, 0.1192, 0.4015, 0.0149, 0.0149, 0.0298, 0.0298, 0.0745, 0.0596, 0.1043, 0.1788, 0.3873, 0.2086, 0.4171, 0.2086, 0.432, 0.1639, 3.9925, 0.2831, 1.1918, 0.2831],
      [2.5817, 0, 2.9505, 0.3688, 5.2121, 5.5321, 8.8514, 11.8019, 9.2202, 1.1064, 2.2129, 5.901, 0, 0.7376, 0.985, 4.7945, 1.844, 7.0074, 3.3193, 4.4257, 8.8514, 11.0643, 12.1707, 13.2771, 7.745, 1.4752, 4.4257, 1.1064, 2.9505, 4.0569, 0.3688, 0.3688, 0.7376, 0.7376, 1.844, 1.4752, 2.5817, 4.4257, 9.5891, 5.1633, 10.3267, 5.1633, 10.6955, 4.0569, 98.841, 7.0074, 29.5048, 7.0074],
      [0.0008, 0, 0.0009, 0.0001, 0.0009, 0.0017, 0.0027, 0.0036, 0.0028, 0.0003, 0.0007, 0.0018, 0, 0.0002, 0.0001, 0.0014, 0.0006, 0.0021, 0.001, 0.0013, 0.0027, 0.0033, 0.0037, 0.004, 0.0023, 0.0004, 0.0013, 0.0003, 0.0009, 0.0012, 0.0001, 0.0001, 0.0002, 0.0002, 0.0006, 0.4221, 0.0008, 0.0013, 0.0029, 0.0016, 0.0031, 0.0016, 0.0032, 0.0012, 0.0297, 0.0021, 0.0089, 0.0021],
      [1.424, 0, 1.6274, 0, 1.6274, 3.0514, 4.8822, 6.5096, 5.0856, 0.6103, 1.2205, 3.2548, 0, 0.4068, 0, 2.6445, 1.0171, 3.865, 1.8308, 2.4411, 4.8822, 6.1027, 6.713, 7.3232, 4.2719, 0.8137, 2.4411, 0.6103, 1.6274, 2, 0, 0.2034, 0, 0.4068, 1.0171, 0.8137, 1.424, 2.4411, 5.289, 2.8479, 5.6959, 2.8479, 5.8993, 2.2377, 54.5175, 3.865, 16.2739, 3.865]
    ]
  ],
  "V_est": [
    [13.8829, 575.8389, 1.4985, 3.4221, 1425.7845, 35.5731],
    [262.2463, 68.831, 563.7604, 1431.0944, 89.7363, 177.3315],
    [593.4609, 116.5948, 95.2778, 3799.4766, 40.2861, 19.9037],
    [122.5711, 177.1325, 270.7033, 445.0447, 19800.3419, 108.2066],
    [234.9513, 56.4661, 3596.1088, 614.0914, 378.3264, 144.056],
    [53.8875, 327.1367, 14.6511, 345.8708, 0.5248, 187.929]
  ],
  "p_est": [
    [0.0068, 0.2801, 0.0007, 0.0017, 0.6935, 0.0173],
    [0.1011, 0.0265, 0.2174, 0.5519, 0.0346, 0.0684],
    [0.1272, 0.025, 0.0204, 0.8145, 0.0086, 0.0043],
    [0.0059, 0.0085, 0.0129, 0.0213, 0.9463, 0.0052],
    [0.0468, 0.0112, 0.7158, 0.1222, 0.0753, 0.0287],
    [0.0579, 0.3518, 0.0158, 0.3719, 0.0006, 0.2021]
  ],
  "EI_Z": {},
  "EI_V": 8.8957,
  "MAE_Z": {},
  "MAE_V": 178.8637,
  "MAE_p": 0.0617,
  "runtime": 2.1852
}
