{
  "Z_true": {},
  "V_true": [
    [1425, 236, 523],
    [13147, 561, 633],
    [978, 16154, 316],
    [1154, 430, 557],
    [827, 1504, 543]
  ],
  "p_true": [
    [0.6525, 0.1081, 0.2395],
    [0.9167, 0.0391, 0.0441],
    [0.0561, 0.9258, 0.0181],
    [0.539, 0.2008, 0.2602],
    [0.2878, 0.5233, 0.1889]
  ],
  "Z_est": [
    [
      [18.0802, 20.2759, 9.0708, 17.9197, 30.296, 58.8448, 13.8321, 20.259, 20.2759, 13.6421, 34.5938, 7.4701, 25.8993, 27.1258, 5.4509, 28.0607, 43.034, 43.2806, 29.6037, 46.1603, 33.9447, 3.735, 39.7136, 50.0177, 41.5748, 44.4848, 0, 6.8117, 5.6619, 0.7163, 14.4065, 54.7362, 17.266, 30.5188, 41.7934, 43.2192, 74.5672, 70.5172, 23.9527, 6.9365, 153.6356, 7.377, 122.5286, 28.3205],
      [1.0707, 0.4563, 0.7473, 1.4414, 0, 3.052, 0.9792, 1.4414, 0, 0.7687, 0, 0.1992, 2.9628, 3.6752, 1.2907, 1.1394, 1.4185, 1.7617, 0.755, 0, 2.9442, 0, 0, 1.1567, 4.3951, 2.8341, 0, 0.4988, 0.4899, 0, 1.2477, 3.9367, 4.2439, 0.3669, 6.2406, 4.8995, 7.364, 8.6962, 0.8648, 0, 8.8186, 0.334, 4.2371, 1.0478],
      [9.8491, 17.2678, 7.1819, 6.639, 15.704, 24.1032, 10.1887, 12.2996, 17.7241, 8.5892, 17.4062, 6.3308, 8.1378, 12.199, 2.2584, 12.8, 15.5475, 14.9578, 12.6413, 23.8397, 11.1111, 3.265, 21.2864, 25.8256, 19.0301, 23.6811, 0, 2.6895, 2.8482, 0.2837, 11.3458, 19.3271, 7.4901, 15.1143, 16.966, 19.8812, 26.0688, 24.7866, 8.1825, 6.0635, 71.5457, 4.289, 58.2343, 11.6316]
    ],
    [
      [293.945, 371.1252, 296.0678, 98.3088, 452.4268, 615.158, 207.7352, 280.478, 571.8037, 190.9485, 474.5125, 211.3868, 92.0557, 194.7234, 25.4951, 335.1324, 319.7622, 226.1914, 188.2402, 491.2942, 195.6313, 60.0512, 459.0381, 443.7269, 346.8612, 345.8833, 3.6293, 55.7883, 45.4077, 10.6477, 233.895, 150.5218, 90.3349, 283.1179, 354.0586, 336.7957, 380.7183, 347.8426, 98.0967, 375.6856, 1468.366, 85.1861, 744.3365, 97.2481],
      [2.9001, 1.9737, 1.3751, 4.3452, 21.195, 26.4159, 9.0907, 17.3632, 29.6533, 9.3269, 28.4023, 0.4687, 7.0333, 5.823, 4.6888, 1.3428, 6.6166, 6.721, 0.8898, 24.8455, 5.9992, 2.8584, 18.7196, 13.2787, 11.5348, 14.1491, 0.1088, 3.3431, 3.2939, 0.2993, 24.3399, 6.1466, 13.5969, 8.4624, 16.3736, 10.0678, 15.7993, 11.1462, 2.9387, 9.3296, 61.3162, 0.3937, 27.9047, 2.9387],
      [16.1549, 34.9011, 11.5571, 5.346, 25.3782, 24.4261, 18.174, 22.1588, 43.543, 15.7246, 27.0851, 15.1445, 3.911, 13.4536, 1.8161, 15.5248, 14.6212, 14.0877, 17.8701, 33.8603, 7.3695, 6.0904, 31.2423, 30.9944, 23.6039, 27.9676, 0.2619, 2.8686, 3.2983, 0.053, 21.765, 18.3316, 7.0682, 19.4196, 15.5678, 23.1365, 21.4824, 23.0112, 6.9646, 45.9848, 99.3177, 8.4202, 69.7588, 7.8131]
    ],
    [
      [7.4454, 20.7898, 12.0632, 5.9071, 15.5013, 9.8205, 2.3197, 5.529, 6.5216, 1.8507, 17.2648, 3.8214, 1.7612, 20.0933, 0.4605, 13.8365, 4.9647, 25.3743, 3.8558, 11.3996, 8.1485, 1.1844, 13.5104, 12.7608, 9.0999, 6.9436, 0.6508, 2.292, 0.6792, 0.8069, 3.1944, 2.8778, 1.4159, 24.2125, 14.9319, 13.5524, 12.7182, 15.2963, 10.0589, 20.0874, 39.9508, 8.5146, 9.4864, 4.6721],
      [212.76, 324.5193, 233.0109, 286.76, 671.4842, 584.0251, 178.1781, 277.8661, 492.0639, 142.1482, 606.6257, 58.0927, 208.9059, 369.2487, 117.4286, 219.1161, 272.5203, 342.8966, 146.3434, 611.449, 385.3601, 87.9623, 804.7089, 725.0442, 426.756, 603.9644, 4.9958, 97.5654, 69.8565, 15.1772, 245.5398, 419.0499, 156.6289, 531.1595, 668.1963, 586.3163, 661.0613, 521.5624, 171.2683, 354.7695, 1828.7422, 66.2094, 808.6504, 216.0253],
      [2.7946, 4.6908, 2.9259, 0.3329, 1.0144, 7.1544, 2.5022, 3.6049, 6.4145, 2.001, 1.1095, 1.0859, 0.3329, 2.658, 0.111, 3.0474, 3.5151, 0.7291, 3.8008, 8.1514, 0.4914, 3.8533, 1.7807, 13.195, 3.1442, 18.092, 0.3534, 0.1427, 1.4643, 0.0159, 3.2658, 5.0723, 1.9552, 4.628, 0.8718, 2.1313, 1.2205, 1.1413, 1.6729, 13.1431, 17.3069, 1.2761, 40.8631, 13.3026]
    ],
    [
      [39.5386, 70.0406, 41.3738, 14.1216, 68.1054, 77.2289, 31.0681, 59.0304, 107.9588, 34.1574, 78.6626, 25.1581, 24.4376, 29.7758, 5.7191, 48.9143, 36.3118, 42.4287, 23.7019, 62.1137, 21.6587, 8.9323, 65.3054, 73.2665, 51.7054, 31.7895, 0, 3.75, 3.7408, 0.9433, 51.4929, 27.2501, 3.6806, 51.3619, 53.4639, 49.9567, 47.9875, 47.0627, 28.4323, 54.7984, 236.2792, 5.2807, 90.6001, 7.3936],
      [1.0368, 1.6217, 1.1299, 0, 4.5882, 2.9554, 0.9482, 1.3957, 2.5035, 0.7444, 4.4303, 0.2969, 1.059, 0.3586, 0.884, 1.1033, 1.3736, 1.9106, 0.7311, 0, 0, 0.459, 1.5895, 5.8773, 2.0067, 0, 0, 0, 0, 0, 7.0374, 0.9144, 0, 5.2356, 2.2087, 0.8977, 0, 0, 0.8374, 1.6926, 19.3619, 0.3235, 4.103, 0],
      [2.4246, 4.3377, 2.4964, 0.8784, 4.3064, 4.8157, 1.9837, 3.5738, 6.5378, 2.0982, 4.9071, 1.545, 1.5034, 1.8656, 0.397, 2.9824, 2.3147, 2.6607, 1.567, 3.8863, 1.3413, 0.6087, 4.105, 4.8561, 3.288, 2.2105, 0, 0.25, 0.2592, 0.0567, 3.4697, 1.8355, 0.3194, 3.4026, 3.3273, 3.1456, 3.0125, 2.9373, 1.7302, 3.509, 15.3589, 0.3958, 6.2969, 0.6064]
    ],
    [
      [6.9909, 27.7685, 10.4244, 9.7428, 22.6705, 29.9478, 21.0448, 6.7035, 19.44, 9.4014, 24.9663, 5.1637, 8.846, 15.2817, 2.8745, 21.0561, 19.9273, 16.7251, 10.5984, 32.0322, 14.6168, 5.0971, 37.4326, 33.2281, 23.7587, 23.8987, 0.72, 4.358, 3.5104, 1.8859, 12.0111, 14.6141, 10.3026, 20.7889, 23.7523, 32.476, 31.0088, 25.2811, 7.4595, 7.4921, 76.7683, 2.6416, 47.0484, 6.3657],
      [16.2324, 37.4289, 18.7368, 22.4534, 36.7325, 50.5516, 24.8038, 16.9337, 40.7794, 15.0118, 41.5417, 7.9425, 19.039, 30.8945, 6.7079, 26.2985, 28.0711, 31.7102, 16.2807, 61.7055, 27.6965, 8.7203, 77.982, 66.6431, 46.3075, 45.0524, 0.8953, 7.5927, 7.3596, 2.5234, 22.8352, 28.9524, 15.5303, 40.7755, 46.9807, 58.8187, 65.7755, 43.5952, 13.0908, 16.2083, 119.761, 5.7395, 81.1048, 8.9882],
      [8.7768, 20.8026, 8.8388, 7.8037, 17.5969, 23.5006, 13.1515, 10.3628, 21.7806, 8.5869, 19.492, 5.8938, 7.115, 12.8238, 2.4176, 13.6454, 14.0016, 13.5647, 10.1208, 27.2623, 10.6867, 5.1826, 29.5855, 29.1288, 19.9338, 23.0489, 0.3847, 3.0493, 3.1299, 0.5907, 12.1537, 14.4335, 7.1671, 17.4356, 18.2671, 23.7054, 25.2157, 20.1237, 6.4498, 14.2995, 65.4707, 3.6189, 48.8468, 7.6462]
    ]
  ],
  "V_est": [
    [1429.6117, 87.7761, 666.6123],
    [12949.6598, 494.8102, 896.53],
    [427.6264, 16812.0131, 208.3604],
    [1935.9794, 81.616, 123.4046],
    [788.1228, 1408.7846, 677.0927]
  ],
  "p_est": [
    [0.6546, 0.0402, 0.3052],
    [0.903, 0.0345, 0.0625],
    [0.0245, 0.9635, 0.0119],
    [0.9042, 0.0381, 0.0576],
    [0.2742, 0.4902, 0.2356]
  ],
  "EI_Z": {},
  "EI_V": 5.0935,
  "MAE_Z": {},
  "MAE_V": 264.7786,
  "MAE_p": 0.0714,
  "runtime": 0.6156
}
