{
  "Z_true": {},
  "V_true": [
    [1425, 236, 523],
    [13147, 561, 633],
    [978, 16154, 316],
    [1154, 430, 557],
    [827, 1504, 543]
  ],
  "p_true": [
    [0.6525, 0.1081, 0.2395],
    [0.9167, 0.0391, 0.0441],
    [0.0561, 0.9258, 0.0181],
    [0.539, 0.2008, 0.2602],
    [0.2878, 0.5233, 0.1889]
  ],
  "Z_est": [
    [
      [18.0437, 20.2186, 9.0452, 17.8933, 30.2596, 58.7675, 13.7902, 20.2096, 20.2186, 13.6097, 34.5547, 7.449, 25.8297, 27.0748, 5.4409, 28.0216, 42.9965, 43.2421, 29.5716, 46.1053, 33.9707, 3.7245, 39.6627, 49.9312, 41.4996, 44.3996, 0, 6.3879, 5.6512, 0.7158, 14.3659, 54.7518, 17.2282, 30.4692, 42.2654, 43.1396, 74.6389, 70.5801, 23.9331, 6.9169, 153.378, 7.3621, 122.3558, 28.2881],
      [1.0846, 0.4589, 0.7516, 1.46, 0, 3.0914, 0.9919, 1.46, 0, 0.7787, 0, 0.2003, 3.029, 3.7064, 1.2982, 1.1541, 1.4368, 1.7844, 0.7648, 0, 2.9106, 0, 0, 1.185, 4.437, 2.8664, 0, 0.9188, 0.4948, 0, 1.2548, 3.9012, 4.2726, 0.3835, 5.7472, 4.9445, 7.2688, 8.6126, 0.876, 0, 8.9392, 0.3383, 4.2919, 1.0614],
      [9.8717, 17.3225, 7.2032, 6.6467, 15.7404, 24.141, 10.2179, 12.3305, 17.7814, 8.6116, 17.4453, 6.3507, 8.1413, 12.2188, 2.2609, 12.8243, 15.5667, 14.9735, 12.6636, 23.8947, 11.1188, 3.2755, 21.3373, 25.8838, 19.0634, 23.734, 0, 2.6933, 2.854, 0.2842, 11.3793, 19.3469, 7.4992, 15.1472, 16.9874, 19.9159, 26.0923, 24.8074, 8.191, 6.0831, 71.6829, 4.2996, 58.3523, 11.6505]
    ],
    [
      [293.9116, 370.575, 295.7459, 98.3123, 452.4103, 615.1672, 207.8092, 280.42, 571.7324, 191.0222, 474.4774, 211.2448, 92.0014, 194.7246, 25.485, 334.7704, 319.7154, 226.439, 188.1556, 491.4831, 195.7334, 59.9842, 459.0086, 443.7051, 346.8516, 345.529, 3.6285, 56.2533, 45.4025, 10.6612, 233.8947, 150.3455, 90.3362, 283.1301, 354.255, 336.8076, 380.7498, 347.8646, 98.0836, 375.4432, 1468.2901, 85.1829, 743.566, 97.1686],
      [2.6388, 2.0109, 1.401, 4.2722, 21.019, 25.6636, 8.7369, 17.0426, 29.0413, 9.03, 28.2252, 0.4784, 7.0134, 5.4792, 4.6756, 1.3681, 6.2808, 6.3241, 0.9065, 23.8323, 5.7921, 2.758, 18.0949, 12.4946, 10.9652, 13.5934, 0.1024, 2.8497, 3.2136, 0.2816, 23.9895, 5.7984, 13.4108, 7.9628, 15.9974, 9.4734, 15.5148, 10.8923, 2.7652, 9.4695, 59.0267, 0.4011, 26.646, 2.7652],
      [16.4496, 35.4141, 11.8531, 5.4155, 25.5707, 25.1692, 18.4539, 22.5374, 44.2263, 15.9478, 27.2974, 15.2768, 3.9852, 13.7962, 1.8394, 15.8615, 15.0038, 14.2369, 17.9379, 34.6846, 7.4744, 6.2578, 31.8965, 31.8003, 24.1832, 28.8776, 0.2691, 2.897, 3.3839, 0.0572, 22.1158, 18.8561, 7.2529, 19.9071, 15.7476, 23.719, 21.7354, 23.2431, 7.1512, 46.0873, 101.6832, 8.416, 71.788, 8.0662]
    ],
    [
      [7.4767, 22.5451, 12.3573, 5.9626, 15.4231, 9.7463, 2.2249, 5.546, 6.5491, 1.7751, 17.2202, 3.9736, 1.8335, 20.0846, 0.4794, 14.1676, 4.9748, 25.1182, 3.9422, 11.3708, 8.0738, 1.2502, 13.4902, 12.7737, 9.0908, 7.4637, 0.6493, 2.264, 0.707, 0.7954, 3.0638, 2.9959, 1.474, 24.1876, 14.1641, 13.5432, 12.7187, 15.2862, 10.0509, 20.2398, 39.8699, 8.5235, 10.2771, 4.8056],
      [213.062, 323.3615, 233.0431, 286.7856, 671.8096, 584.9058, 178.5973, 278.2802, 492.8122, 142.4839, 606.9406, 58.1069, 208.9147, 369.6331, 117.4367, 219.1597, 272.9286, 343.3303, 146.369, 612.391, 385.5546, 88.0854, 805.4547, 725.93, 427.3994, 604.4516, 5.0048, 97.6281, 69.9243, 15.1926, 246.0733, 419.5021, 156.7741, 531.722, 669.1765, 586.961, 661.3581, 521.8505, 171.4789, 354.7838, 1831.4252, 66.2166, 810.1181, 216.1878],
      [2.4613, 4.0934, 2.5995, 0.2518, 0.7673, 6.3479, 2.1778, 3.1739, 5.6387, 1.741, 0.8393, 0.9195, 0.2518, 2.2823, 0.0839, 2.6727, 3.0966, 0.5515, 3.6888, 7.2381, 0.3717, 3.6643, 1.0551, 12.2963, 2.5099, 17.0848, 0.3459, 0.1079, 1.3687, 0.012, 2.8629, 4.5019, 1.7519, 4.0903, 0.6594, 1.4958, 0.9232, 0.8632, 1.4701, 12.9765, 14.7049, 1.2599, 38.6048, 13.0066]
    ],
    [
      [39.6229, 68.9365, 41.4653, 14.1239, 68.3185, 77.4636, 31.1445, 59.1448, 108.1643, 34.2188, 78.8717, 25.1845, 24.5212, 29.8892, 5.7305, 49.0051, 36.421, 42.5359, 23.7608, 62.1239, 21.6622, 8.9614, 65.5443, 73.4816, 51.8849, 31.795, 0, 3.7507, 3.7414, 0.9434, 51.7169, 27.3452, 3.6813, 51.499, 53.6489, 50.1433, 47.9954, 47.0704, 28.4999, 54.9346, 236.9714, 5.306, 90.9239, 7.395],
      [0.959, 2.7375, 1.0451, 0, 4.3868, 2.7337, 0.8771, 1.291, 2.3156, 0.6885, 4.2345, 0.2746, 0.9795, 0.2501, 0.8736, 1.0205, 1.2705, 1.8106, 0.6762, 0, 0, 0.4314, 1.3615, 5.6752, 1.8358, 0, 0, 0, 0, 0, 6.8228, 0.824, 0, 5.1075, 2.0328, 0.7194, 0, 0, 0.7746, 1.5656, 18.7109, 0.2992, 3.7952, 0],
      [2.4181, 4.3261, 2.4896, 0.8761, 4.2948, 4.8027, 1.9784, 3.5642, 6.5201, 2.0926, 4.8938, 1.5409, 1.4993, 1.8607, 0.3959, 2.9744, 2.3085, 2.6536, 1.563, 3.8761, 1.3378, 0.6072, 4.0942, 4.8433, 3.2792, 2.205, 0, 0.2493, 0.2586, 0.0566, 3.4603, 1.8308, 0.3187, 3.3934, 3.3184, 3.1373, 3.0046, 2.9296, 1.7255, 3.4998, 15.3177, 0.3948, 6.281, 0.605]
    ],
    [
      [6.9451, 27.7249, 10.3863, 9.7079, 22.5885, 29.8554, 21.0311, 6.6797, 19.3356, 9.3741, 24.876, 5.1482, 8.8142, 15.2267, 2.8642, 21.0353, 19.8923, 16.6648, 10.5698, 31.9168, 14.5599, 5.0796, 37.2942, 33.1085, 23.6731, 23.8127, 0.7222, 4.3441, 3.4978, 1.8842, 11.9588, 14.5616, 10.2803, 20.714, 23.6667, 32.3663, 30.8972, 25.1987, 7.4326, 7.4655, 76.4907, 2.6255, 46.8772, 6.3427],
      [16.2556, 37.4312, 18.7591, 22.4822, 36.7847, 50.6055, 24.7969, 16.9262, 40.8309, 15.0189, 41.5997, 7.9399, 19.0634, 30.9312, 6.7158, 26.2977, 28.0833, 31.7507, 16.2834, 61.7767, 27.7428, 8.7251, 78.0889, 66.7151, 46.3626, 45.0886, 0.8928, 7.6034, 7.3673, 2.5257, 22.8595, 28.9743, 15.5425, 40.8241, 47.0462, 58.9017, 65.8583, 43.6446, 13.1053, 16.1811, 119.8981, 5.7448, 81.1489, 8.9856],
      [8.7994, 20.8439, 8.8546, 7.8099, 17.6268, 23.5391, 13.172, 10.3941, 21.8335, 8.6069, 19.5242, 5.912, 7.1224, 12.8421, 2.42, 13.667, 14.0244, 13.5845, 10.1468, 27.3064, 10.6973, 5.1952, 29.6169, 29.1764, 19.9643, 23.0987, 0.385, 3.0524, 3.1349, 0.5901, 12.1817, 14.4642, 7.1773, 17.4619, 18.2871, 23.732, 25.2444, 20.1567, 6.4622, 14.3534, 65.6112, 3.6297, 48.9739, 7.6717]
    ]
  ],
  "V_est": [
    [1427.9586, 88.1554, 667.886],
    [12947.4784, 479.6983, 913.8233],
    [430.5295, 16828.6054, 188.8651],
    [1939.5427, 78.3804, 123.0769],
    [785.4908, 1410.1604, 678.3487]
  ],
  "p_est": [
    [0.6538, 0.0404, 0.3058],
    [0.9028, 0.0334, 0.0637],
    [0.0247, 0.9645, 0.0108],
    [0.9059, 0.0366, 0.0575],
    [0.2733, 0.4907, 0.236]
  ],
  "EI_Z": {},
  "EI_V": 5.1918,
  "MAE_Z": {},
  "MAE_V": 269.8886,
  "MAE_p": 0.072,
  "runtime": 0.4447
}
