{
  "Z_true": {},
  "V_true": [
    [30, 23, 643, 49, 1351, 292, 71],
    [14, 692, 36, 33, 152, 725, 64],
    [137, 271, 177, 233, 381, 11076, 297],
    [67, 57, 234, 119, 5480, 302, 115],
    [51, 39, 117, 1536, 816, 889, 95],
    [596, 16, 47, 51, 605, 670, 91],
    [37, 105, 50, 70, 255, 660, 463]
  ],
  "p_true": [
    [0.0122, 0.0094, 0.2615, 0.0199, 0.5494, 0.1187, 0.0289],
    [0.0082, 0.4033, 0.021, 0.0192, 0.0886, 0.4225, 0.0373],
    [0.0109, 0.0216, 0.0141, 0.0185, 0.0303, 0.881, 0.0236],
    [0.0105, 0.0089, 0.0367, 0.0187, 0.8597, 0.0474, 0.018],
    [0.0144, 0.011, 0.033, 0.4335, 0.2303, 0.2509, 0.0268],
    [0.2871, 0.0077, 0.0226, 0.0246, 0.2914, 0.3227, 0.0438],
    [0.0226, 0.064, 0.0305, 0.0427, 0.1555, 0.4024, 0.2823]
  ],
  "Z_est": [
    [
      [0.0287, 0.0276, 1.2526, 4.7444, 2.19, 2.8124, 2.865, 0.9567, 0.6154, 1.0239, 2.4916, 0, 4.1987, 0.6461, 2.6452, 1, 1.4015, 2.4429, 0.7716, 2.2211, 1.654, 0.965, 1.3032, 1.4579, 1.4924, 0.6435, 1.5271, 0.8134, 1.9552, 1.6223, 0.2954, 0.2502, 0.7392, 1.6732, 0.0355, 1.2423, 0.1448, 6.6034, 0.1839],
      [0.046, 0.0078, 0.1676, 1.0647, 0.2197, 0.4705, 0.6691, 0.2267, 0.335, 0.2512, 0.4427, 0.0111, 0.9816, 0.1121, 0.416, 0.1284, 0.2801, 0.6304, 0.2511, 0.5027, 0.3852, 0.2935, 0.1779, 0.3812, 0.0752, 0.2822, 0.1355, 0.2259, 0.248, 0.0892, 0.0283, 0.0611, 0.1208, 0.3459, 0.0078, 0.2879, 0.0175, 2.3198, 0.0681],
      [1.7, 0.6026, 7.3188, 49.4428, 24.3455, 18.7174, 24.3992, 7.4283, 5.3748, 7.847, 18.5018, 1.1162, 38.3058, 5.2019, 10.8401, 5.8971, 11.4861, 13.3328, 8.2228, 16.3342, 11.4578, 7.7684, 11.2712, 14.1767, 15.1055, 6.6033, 16.6818, 12.0595, 24.269, 11.0907, 2.0576, 2.627, 7.2474, 10.475, 0.2853, 13.8643, 1.096, 41.5449, 4.1415],
      [0.0048, 0.0065, 0.0857, 0.4567, 0.1857, 0.0877, 0.3188, 0.0983, 0.0905, 0.0474, 0.2156, 0.0047, 0.1428, 0.0733, 0.1854, 0.0742, 0.1462, 0.2311, 0.0413, 0.208, 0.1248, 0.03, 0.0522, 0.118, 0.1474, 0.0146, 0.1557, 0.1043, 0.1586, 0.1575, 0.0221, 0.4597, 0.0346, 0, 0.0099, 0.1618, 0.011, 0.5477, 0],
      [1.1875, 1.3503, 39.405, 160.981, 66.9186, 71.9335, 82.2981, 32.9001, 18.2799, 26.4574, 79.1298, 1.8392, 139.2313, 20.8497, 45.8888, 24.4491, 52.8891, 50.9065, 21.3099, 57.4296, 37.6779, 29.5542, 49.6034, 57.2752, 51.704, 29.1325, 63.681, 47.2623, 88.3529, 60.4592, 6.4731, 13.1992, 26.623, 52.9469, 1.6304, 74.7539, 3.67, 164.6055, 10.4995],
      [0.0299, 0.0035, 0.7433, 2.2222, 1.1404, 0.951, 1.3995, 0.3707, 0.2941, 0.3601, 1.1811, 0.0249, 2.0346, 0.1029, 0.9877, 0.4336, 0.7694, 1.4055, 0.393, 1.2724, 0.6744, 0.389, 0.5632, 0.5637, 0.436, 0.3073, 0.7847, 0.517, 1.0021, 0.5727, 0.1167, 0.3676, 0.2169, 0.5247, 0.0294, 0.6801, 0.058, 2.3291, 0.0978],
      [0.0029, 0.0016, 0.0271, 0.0881, 0, 0.0275, 0.0503, 0.0191, 0.0102, 0.013, 0.0374, 0.0039, 0.1051, 0.0139, 0.0366, 0.0175, 0.0276, 0.0507, 0.0103, 0.032, 0.0259, 0, 0.0289, 0.0274, 0.0395, 0.0165, 0.0342, 0.0175, 0.0142, 0.0085, 0.0068, 0.0353, 0.0182, 0.0343, 0.0018, 0.0098, 0.0027, 0.0494, 0.0092]
    ],
    [
      [0.0084, 0.5936, 8.0068, 10.9875, 7.5752, 8.2799, 12.8871, 6.0927, 2.1498, 3.6144, 8.6806, 0, 11.22, 1.7358, 11.242, 4.7116, 6.4925, 9.0094, 1.8405, 6.7146, 6.8053, 1.7636, 3.1655, 4.3867, 5.4232, 1.1875, 4.3922, 2.8522, 6.427, 4.4267, 1.6112, 0.6224, 1.382, 8.5424, 0.1741, 6.9277, 0.8106, 20.146, 2.001],
      [0.9166, 4.7515, 22.2347, 46.8479, 19.3699, 25.8971, 57.2817, 28.0174, 24.2991, 17.4766, 30.0216, 5.6463, 50.0965, 5.6253, 32.8759, 12.1461, 25.2088, 43.9648, 11.9534, 29.0459, 30.3754, 11.5881, 9.1594, 22.3509, 8.206, 11.9186, 10.8413, 14.7568, 18.6384, 8.4588, 3.274, 3.0746, 4.1847, 32.6075, 0.8204, 30.3804, 2.0286, 150.7765, 14.252],
      [0.0219, 0.6794, 2.5894, 6.4018, 4.6941, 3.0368, 6.1228, 2.6199, 1.0313, 1.5247, 3.5962, 2.5539, 5.7401, 0.7434, 2.5205, 1.5343, 2.955, 2.7225, 1.0643, 2.7447, 2.612, 0.7717, 1.52, 2.3794, 2.982, 0.6762, 2.6705, 2.2866, 4.4536, 1.6858, 0.5524, 0.3393, 0.7425, 2.8459, 0.0718, 4.2714, 0.3029, 7.0856, 2.3242],
      [0.0002, 0, 0.0046, 0.0221, 0.0157, 0, 0.0252, 0.0131, 0, 0.0004, 0.016, 0.2254, 0, 0.0062, 0.029, 0.0085, 0.0145, 0.0392, 0.0003, 0.0167, 0.0126, 0, 0.0006, 0.008, 0.0122, 0, 0.0094, 0.0081, 0.0099, 0.0067, 0.0041, 0.0128, 0.0012, 0, 0.0009, 0.0253, 0.0018, 0.0601, 0],
      [0.0061, 0.4028, 3.4513, 5.1353, 3.1923, 2.8736, 5.0642, 2.8399, 0.8632, 1.2651, 3.784, 1.4625, 5.1387, 0.7302, 2.6032, 1.5603, 3.3491, 2.4957, 0.6831, 2.3667, 2.107, 0.7138, 1.6439, 2.3579, 2.5088, 0.7293, 2.5091, 2.2013, 3.9884, 2.263, 0.4225, 0.4165, 0.6703, 3.5228, 0.1012, 5.6503, 0.2489, 6.9857, 1.4815],
      [0.0378, 0.4813, 19.3751, 21.4478, 15.4906, 11.1858, 25.8854, 10.0866, 3.9918, 5.2501, 17.0832, 4.3682, 22.5837, 1.6553, 16.8323, 8.437, 14.6142, 20.9731, 3.9219, 15.7842, 11.3981, 2.8889, 5.5991, 7.0637, 5.674, 2.1357, 8.9894, 7.0869, 12.6695, 6.3071, 2.6672, 3.0385, 1.7076, 8.4159, 0.5807, 14.5408, 1.3808, 26.6895, 4.2505],
      [0.0091, 0.0914, 3.338, 4.1576, 1.6622, 1.7268, 4.7337, 2.3303, 0.6647, 0.8687, 2.8185, 0.7437, 4.221, 0.5037, 2.8971, 1.6022, 3.3658, 4.7953, 0.5364, 2.3272, 2.6897, 0.2739, 0.9115, 1.4535, 1.1938, 0.3526, 1.588, 1.8082, 1.8132, 0.8519, 0.4687, 0.4959, 0.3116, 2.0655, 0.2508, 2.2043, 0.2263, 8.2567, 0.6909]
    ],
    [
      [0, 1.1582, 7.2339, 13.2982, 7.7617, 10.0453, 11.3648, 4.6737, 5.2591, 5.9083, 10.1235, 0, 7.6953, 1.8049, 6.2672, 4.6628, 7.4896, 7.9525, 3.4875, 10.5994, 9.3896, 1.416, 4.1563, 7.4498, 7.3595, 1.7608, 5.7274, 3.0177, 7.4114, 2.7857, 1.3334, 0, 2.4256, 6.748, 0.8019, 5.9422, 1.3723, 19.835, 1.0867],
      [0.627, 1.1603, 3.5138, 15.5475, 4.0794, 9.2348, 13.6949, 5.5565, 11.7862, 7.5294, 9.1197, 0, 9.2736, 1.5381, 5.7659, 2.834, 7.6621, 10.4235, 5.4857, 12.3075, 11.3517, 2.0481, 2.9006, 9.9344, 2.4594, 4.1226, 2.446, 4.8193, 4.9767, 1.2082, 0.5004, 0.6315, 1.9174, 8.063, 0.8999, 7.3518, 0.7371, 35.7205, 2.303],
      [0, 0.5107, 0.5385, 4.7195, 2.0322, 2.8929, 3.7106, 1.4496, 1.8977, 1.9016, 2.8034, 0, 2.7364, 0.6084, 0.8384, 1.139, 2.2139, 0.992, 1.1241, 2.96, 2.5624, 0.4624, 1.4553, 2.8189, 2.4707, 0.7545, 2.3907, 2.0147, 3.2763, 0.5692, 0.4897, 0.3812, 0.9481, 1.8173, 0.2546, 2.1359, 0.5745, 4.5618, 0.6116],
      [0.2264, 0.6083, 1.6279, 5.6485, 2.8911, 1.1674, 5.4001, 2.039, 2.3228, 1.0376, 3.848, 0, 1.2508, 0.7501, 2.3102, 1.5705, 3.501, 3.8855, 0.6185, 4.8867, 3.2335, 0.2286, 0.7244, 2.613, 3.1374, 0.2772, 2.4916, 1.8895, 2.6151, 1.3762, 0.4428, 3.9302, 0.5133, 0, 0.8319, 3.4821, 0.4673, 7.2866, 0],
      [1.3781, 1.7656, 10.5818, 20.3329, 11.1346, 12.227, 13.6054, 6.7202, 6.4864, 6.8055, 14.0781, 0.7098, 11.4579, 2.3972, 4.5979, 4.6359, 12.7408, 3.6932, 4.0339, 10.2406, 8.7826, 1.5856, 6.4875, 11.9811, 11.2738, 3.2898, 10.1162, 8.2319, 14.3955, 4.8888, 0.7525, 0.6931, 3.3256, 10.3413, 1.4378, 15.5316, 0.8776, 23.2033, 3.1283],
      [22.7699, 18.1534, 478.3942, 749.2582, 439.4963, 416.7552, 652.292, 216.2189, 263.745, 250.8231, 567.4356, 16.7538, 441.7038, 51.3207, 300.4943, 236.5586, 489.9535, 503.3339, 199.7075, 708.811, 452.2239, 60.4685, 204.6248, 338.52, 234.8028, 89.316, 327.0992, 245.7817, 416.6226, 114.6339, 58.6549, 95.8588, 85.2321, 222.7833, 77.1203, 373.3472, 59.2187, 751.5419, 75.7036],
      [0.9986, 0.6435, 14.1099, 24.1953, 6.6049, 10.6774, 19.9323, 8.3421, 7.5027, 6.9945, 15.5916, 0.5364, 13.882, 2.5807, 8.7261, 7.5993, 18.4391, 18.7194, 4.5427, 17.1948, 17.4563, 0.7907, 5.6512, 11.6827, 8.4964, 2.4793, 9.7289, 10.2451, 9.7025, 2.538, 1.8263, 3.5053, 2.6379, 9.247, 4.6537, 9.2092, 1.7527, 37.851, 2.1668]
    ],
    [
      [0.3478, 0.1294, 0.7083, 1.7025, 1.0222, 1.0713, 1.0857, 0.4009, 0.322, 0.4895, 0.9985, 0, 1.3663, 0.4149, 0.8248, 0.5507, 0.7129, 0.887, 0.2734, 1.1385, 0.9892, 0.544, 0.5028, 0.8257, 0.4502, 0.5442, 0.7661, 0.2405, 0.9393, 0.7039, 0.2838, 0, 0.3744, 1.2845, 0.1135, 0.549, 0.185, 2.6302, 0.2436],
      [1.279, 0.0533, 0.5737, 2.8841, 0.6788, 1.5886, 1.9095, 0.6601, 1.1713, 0.9092, 1.2959, 0.1312, 2.3326, 0.4856, 1.1293, 0.4874, 1.0613, 1.7072, 0.6337, 1.9473, 1.7472, 0.8519, 0.4265, 1.4649, 0.1215, 1.0087, 0.2023, 0.8237, 0.6534, 0.0069, 0.1248, 0.1256, 0.3939, 1.0778, 0.1809, 1.0904, 0.1297, 6.1209, 0.2015],
      [4.2842, 1.434, 9.9029, 44.5226, 26.1915, 20.763, 23.2357, 7.2439, 6.8468, 9.5922, 18.413, 1.5887, 30.4078, 6.7252, 9.6212, 7.9933, 14.9009, 11.8921, 6.8705, 21.1139, 17.2904, 8.03, 9.5673, 18.3105, 13.3762, 10.1032, 19.5636, 14.3568, 27.4803, 8.8427, 3.7704, 2.8297, 7.2533, 10.8807, 2.1442, 17.2021, 2.6507, 41.5679, 3.9153],
      [0.4232, 0.6629, 3.3873, 11.3712, 5.3415, 3.6061, 8.5374, 2.6623, 3.4207, 1.7392, 5.9197, 0.1745, 5.4517, 2.0574, 4.3811, 2.7515, 5.2511, 5.4494, 1.0596, 7.2829, 5.1878, 1.2884, 1.7618, 4.1378, 3.215, 1.3368, 4.9602, 3.3317, 5.1643, 4.3088, 1.0668, 14.6615, 1.0415, 0.0304, 2.1003, 5.1678, 0.7268, 14.6406, 0],
      [13.8072, 9.653, 147.7275, 398.2544, 199.4547, 218.1868, 214.8035, 87.9563, 64.0994, 88.8279, 215.897, 9.7504, 302.3366, 72.5811, 112.1509, 90.9105, 188.4026, 124.9217, 49.3621, 203.5505, 155.9834, 82.3065, 115.0733, 202.1198, 126.559, 120.1855, 204.2949, 153.7202, 274.5736, 134.6502, 32.5662, 38.5469, 72.6744, 150.4463, 34.0586, 256.2833, 24.563, 451.566, 28.0897],
      [0.6909, 0.0078, 5.1114, 10.0022, 6.2356, 5.2793, 6.651, 1.7907, 1.9379, 2.1957, 5.8573, 0.2849, 8.0398, 0.502, 4.4005, 2.9296, 5.0001, 6.2941, 1.6567, 8.23, 5.0893, 1.9792, 2.378, 3.6121, 1.9431, 2.4952, 4.6456, 3.1011, 5.791, 2.3196, 1.0104, 2.352, 1.0775, 2.851, 1.2734, 4.4056, 0.6371, 11.8295, 0.4734],
      [0.1677, 0.0596, 0.589, 1.263, 0.0757, 0.5048, 0.7771, 0.2858, 0.202, 0.2463, 0.6186, 0.0703, 1.0652, 0.2338, 0.4921, 0.3769, 0.6712, 0.8485, 0.1441, 0.7367, 0.7127, 0, 0.2903, 0.5292, 0.335, 0.3264, 0.5672, 0.426, 0.3981, 0.168, 0.1777, 0.4842, 0.1849, 0.4293, 0.129, 0.3018, 0.1077, 1.6449, 0.0765]
    ],
    [
      [0.0147, 0.018, 0.7548, 1.9167, 1.0514, 1.4358, 1.687, 0.6839, 0.3646, 0.6684, 1.3092, 0, 0.8571, 0.3558, 0.8497, 0.6793, 0.9393, 1.0994, 0.278, 1.1975, 1.1166, 0.2321, 0.5679, 0.8581, 0.516, 0.4318, 0.7385, 0.4357, 0.9623, 0.5611, 0.1671, 0, 0.4769, 0.9041, 0.0973, 0.6825, 0.1239, 2.0724, 0.13],
      [0.0014, 0, 0, 0.0943, 0, 0.0631, 0.0862, 0.0304, 0, 0.0278, 0.028, 0.0056, 0.0423, 0.0298, 0.0453, 0, 0.0196, 0.0894, 0.0183, 0.0565, 0.057, 0.0102, 0.003, 0.0439, 0, 0, 0, 0.0349, 0, 0, 0, 0, 0.0331, 0.0388, 0.0061, 0.036, 0.0034, 0, 0.0045],
      [0.017, 0.0074, 0.2058, 1.0221, 0.5431, 0.5374, 0.7751, 0.2927, 0.2657, 0.2809, 0.5172, 0, 0.4227, 0.1776, 0.1791, 0.224, 0.4047, 0.2761, 0.1495, 0.4699, 0.4182, 0.1049, 0.2694, 0.4518, 0.2772, 0.259, 0.5044, 0.3828, 0.6474, 0.1647, 0.0705, 0, 0.2596, 0.2997, 0.0424, 0.38, 0.0541, 0.7368, 0.0604],
      [1.1331, 3.586, 37.1226, 119.257, 55.1194, 42.9126, 123.0939, 44.6097, 54.0447, 22.5861, 72.8924, 1.9906, 35.8978, 19.03, 38.4667, 32.4184, 63.7435, 62.017, 10.8946, 70.3865, 54.2836, 7.7265, 22.5986, 43.772, 30.6999, 17.558, 54.4222, 37.3916, 54.9504, 50.5058, 7.539, 105.8095, 16.0231, 17.4744, 17.9224, 52.4171, 5.8148, 113.6943, 1.6384],
      [0.4191, 0.2573, 18.793, 49.7273, 24.6663, 28.6095, 36.5457, 17.1871, 11.5354, 13.1658, 31.5353, 1.2587, 21.7746, 8.3128, 11.6239, 12.586, 27.0775, 16.8078, 5.7234, 23.4401, 19.2929, 5.1728, 16.1497, 25.3603, 14.4659, 14.596, 26.5907, 20.4227, 34.2085, 17.802, 2.5228, 2.1465, 12.5589, 21.414, 3.117, 31.755, 2.105, 42.1467, 2.322],
      [1.3678, 0.1228, 44.0444, 86.6181, 49.9894, 46.4363, 77.7994, 25.3638, 22.2487, 22.7392, 59.341, 1.6988, 39.9526, 7.7542, 31.076, 28.3256, 49.2444, 57.877, 13.6742, 65.1102, 43.4094, 8.6455, 22.8792, 31.5931, 13.6236, 17.733, 39.7413, 27.3678, 45.3375, 20.5851, 6.5312, 12.4664, 13.2938, 21.1305, 7.457, 34.0202, 4.7832, 67.4649, 2.782],
      [0.0469, 0.0086, 1.0794, 2.3645, 0.6303, 1.0053, 2.0127, 0.8322, 0.5408, 0.5318, 1.3769, 0.0461, 1.0528, 0.3398, 0.7592, 0.7667, 1.5709, 1.8333, 0.262, 1.3392, 1.4223, 0.1078, 0.5322, 0.9208, 0.4175, 0.4222, 1.0029, 0.9646, 0.8939, 0.3812, 0.1694, 1.5776, 0.3545, 0.7384, 0.3577, 0.7093, 0.1156, 2.8849, 0.0627]
    ],
    [
      [0.6003, 1.0659, 11.6441, 28.6684, 12.8565, 16.9102, 18.5208, 6.9744, 5.0162, 13.9759, 22.7863, 0, 19.1165, 1.9042, 13.6821, 15.0773, 13.5808, 14.1355, 4.1351, 12.6071, 14.5737, 3.0165, 6.0683, 13.7163, 10.5668, 4.2883, 10.5047, 5.5216, 12.9693, 6.6255, 0.2255, 1.1275, 4.358, 12.4063, 0.7359, 10.2786, 1.2875, 32.6007, 1.305],
      [0.0161, 0.0074, 0.0206, 0.1934, 0.026, 0.0868, 0.1295, 0.049, 0.0635, 0.0955, 0.1111, 0.2058, 0.1345, 0.0096, 0.0695, 0.0343, 0.0749, 0.117, 0.0399, 0.0849, 0.1017, 0.0265, 0.0227, 0.1063, 0.0034, 0.0479, 0.002, 0.0459, 0.0342, 0.0048, 0.0006, 0.0075, 0.0236, 0.0729, 0.0048, 0.0712, 0.0045, 0.2642, 0.0136],
      [0.977, 0.7649, 2.441, 10.8415, 5.1655, 4.0272, 5.7151, 1.9501, 1.5597, 3.8316, 6.1321, 0.7412, 6.3441, 0.5299, 1.9896, 3.1939, 4.0158, 2.7767, 1.5536, 3.3461, 3.6308, 0.858, 1.898, 4.8377, 3.7749, 1.5889, 4.1565, 2.8842, 5.8417, 1.6383, 0.05, 0.7989, 1.5251, 2.6586, 0.1977, 4.12, 0.3125, 7.4488, 0.9413],
      [0.0824, 0.5314, 1.0533, 3.4601, 1.305, 0.9226, 2.6366, 0.9028, 0.9956, 0.8799, 2.47, 0.0788, 1.5035, 0.1927, 1.1342, 1.3816, 1.7727, 1.595, 0.3062, 1.4405, 1.3655, 0.1901, 0.4639, 1.368, 1.1114, 0.3268, 1.32, 0.8378, 1.386, 1.0213, 0.0182, 4.0393, 0.2839, 0.386, 0.2528, 1.4997, 0.111, 3.2607, 0],
      [1.1801, 2.562, 18.6883, 49.9334, 20.1655, 21.8575, 27.2335, 12.1974, 7.5179, 18.2543, 37.0497, 1.9038, 32.5623, 3.0165, 11.9169, 18.6563, 26.1449, 14.9882, 5.7299, 16.6246, 16.8752, 4.6164, 11.8034, 27.5864, 18.3107, 9.8954, 22.4213, 15.976, 30.0697, 12.6434, 0.2257, 3.9967, 7.9345, 18.9636, 1.609, 31.4194, 1.4954, 41.7029, 3.4064],
      [3.0688, 1.0403, 35.5554, 70.5814, 33.1658, 28.7677, 46.9355, 14.6013, 11.658, 25.55, 56.5497, 2.0312, 48.4574, 2.2808, 25.7766, 34.022, 38.5622, 41.4795, 11.0896, 37.3676, 30.7585, 6.2388, 13.5289, 27.8287, 13.9402, 9.6957, 27.1288, 17.313, 32.2598, 11.9134, 0.472, 9.8422, 6.7532, 15.1463, 3.0771, 27.2186, 2.745, 54.1158, 3.2818],
      [0.0752, 0.028, 0.5973, 1.3218, 0.3158, 0.4281, 0.829, 0.3251, 0.1891, 0.4128, 0.9011, 0.0392, 0.8816, 0.0664, 0.4311, 0.6345, 0.8486, 0.9081, 0.1458, 0.5292, 0.6946, 0.0537, 0.2148, 0.5566, 0.2926, 0.157, 0.4666, 0.4215, 0.4393, 0.1534, 0.0079, 0.1879, 0.1218, 0.3663, 0.1228, 0.3925, 0.044, 1.6069, 0.052]
    ],
    [
      [0, 0.0073, 0.3995, 0.6824, 0.543, 0.445, 0.5896, 0.2176, 0.2728, 0.3197, 0.6103, 0, 0.546, 0.1383, 0.4889, 0.3182, 0.3834, 0.4734, 0.2138, 0.5217, 0.4718, 0.0628, 0.236, 0.3056, 0.1919, 0.1439, 0.3439, 0.119, 0.3355, 0.2748, 0.0835, 0, 0.2438, 0.4415, 0.0417, 0.3777, 0.0759, 1.1123, 0.0498],
      [0.1139, 0.0196, 0.4895, 1.368, 0.6262, 0.6591, 1.2291, 0.4599, 1.3448, 0.7102, 0.981, 0, 1.1388, 0.1995, 0.698, 0.3698, 0.6931, 1.0677, 0.6179, 1.0552, 0.9817, 0.1817, 0.3099, 0.7184, 0.1346, 0.62, 0.3728, 0.2936, 0.4492, 0.2322, 0.0718, 0.0997, 0.3264, 0.7941, 0.0802, 0.7824, 0.0791, 3.7982, 0.1573],
      [0, 0.001, 0.0036, 0.0497, 0.0281, 0.0253, 0.0416, 0.0155, 0.0241, 0.022, 0.0363, 0, 0.0431, 0.0135, 0.011, 0.0184, 0.0236, 0.0078, 0.0152, 0.0311, 0.0284, 0.0046, 0.0186, 0.0251, 0.0135, 0.015, 0.0324, 0.0155, 0.0317, 0.0086, 0.0094, 0.0239, 0.0241, 0.0227, 0.0041, 0.0264, 0.0094, 0.0541, 0.0058],
      [0.1297, 0.6049, 4.7186, 10.7842, 7.1416, 3.3035, 10.988, 3.6747, 7.1256, 2.7094, 8.6382, 0.526, 5.7534, 1.8902, 5.4934, 3.7952, 6.5711, 6.7828, 2.0794, 7.7786, 5.7922, 0.5363, 2.3985, 3.9831, 2.6767, 1.4867, 5.6408, 2.4369, 4.7158, 5.6238, 0.907, 16.087, 2.1024, 2.1092, 1.8818, 7.2462, 0.8673, 14.51, 0.3616],
      [0.0219, 0.0091, 0.3532, 0.6358, 0.468, 0.3122, 0.4496, 0.1989, 0.2177, 0.224, 0.5262, 0.0755, 0.4984, 0.1125, 0.2184, 0.2019, 0.396, 0.1868, 0.1578, 0.3479, 0.281, 0.0507, 0.2389, 0.3192, 0.1779, 0.1713, 0.3868, 0.1855, 0.4114, 0.2934, 0.0373, 0.0012, 0.2134, 0.3651, 0.046, 0.6066, 0.04, 0.7899, 0.0725],
      [1.0349, 0.1908, 30.7762, 42.8702, 35.482, 19.6247, 38.0371, 11.568, 16.1245, 15.0818, 38.5521, 2.8381, 35.2281, 4.3841, 24.4326, 18.2935, 27.8561, 34.6369, 14.5571, 39.4246, 25.4464, 3.3901, 13.4269, 15.8187, 6.5803, 8.3172, 22.611, 9.8325, 21.3176, 12.6682, 4.5476, 8.0744, 9.7188, 14.1482, 4.4621, 25.7876, 4.1773, 47.0294, 3.4109],
      [1.6996, 0.1673, 27.2594, 42.6097, 19.7112, 15.6301, 35.665, 13.8653, 13.8905, 12.9328, 32.6559, 2.5604, 33.7922, 7.2617, 21.6577, 18.003, 33.0767, 40.8447, 10.3587, 29.8409, 30.9985, 1.7738, 11.3712, 16.8299, 7.2251, 7.2459, 20.6122, 13.1171, 15.7388, 8.899, 4.3433, 6.7137, 9.3712, 18.1191, 10.4841, 20.1731, 3.751, 75.7061, 2.942]
    ]
  ],
  "V_est": [
    [58.9377, 12.7659, 490.238, 5.0149, 1864.7385, 26.3503, 0.9547],
    [204.8897, 881.3696, 95.4708, 0.611, 89.7893, 372.5693, 71.3004],
    [216.8051, 241.5312, 65.6185, 81.1311, 299.9466, 11307.5332, 359.4342],
    [26.6165, 39.6717, 522.6787, 155.0593, 5470.8948, 142.3616, 16.7175],
    [27.235, 0.909, 12.1515, 1623.4443, 675.1964, 1171.6287, 32.4351],
    [385.4335, 2.4278, 117.0584, 43.8873, 629.1345, 881.7986, 16.26],
    [12.0824, 24.3249, 0.7842, 181.8521, 10.3, 711.7583, 698.8981]
  ],
  "p_est": [
    [0.024, 0.0052, 0.1994, 0.002, 0.7583, 0.0107, 0.0004],
    [0.1194, 0.5136, 0.0556, 0.0004, 0.0523, 0.2171, 0.0416],
    [0.0172, 0.0192, 0.0052, 0.0065, 0.0239, 0.8994, 0.0286],
    [0.0042, 0.0062, 0.082, 0.0243, 0.8583, 0.0223, 0.0026],
    [0.0077, 0.0003, 0.0034, 0.4582, 0.1906, 0.3307, 0.0092],
    [0.1857, 0.0012, 0.0564, 0.0211, 0.3031, 0.4248, 0.0078],
    [0.0074, 0.0148, 0.0005, 0.1109, 0.0063, 0.434, 0.4262]
  ],
  "EI_Z": {},
  "EI_V": 9.0974,
  "MAE_Z": {},
  "MAE_V": 112.8078,
  "MAE_p": 0.0432,
  "runtime": 0.06
}
