{
  "X": [
    [1, 3, 7, 2, 18, 29, 3],
    [3, 6, 4, 6, 16, 20, 1],
    [30, 27, 23, 48, 239, 614, 47],
    [62, 68, 117, 151, 685, 983, 76],
    [33, 25, 63, 72, 326, 581, 29],
    [41, 38, 50, 52, 356, 529, 30],
    [49, 75, 64, 151, 380, 849, 64],
    [20, 35, 21, 54, 160, 280, 26],
    [14, 39, 17, 68, 109, 320, 23],
    [26, 27, 25, 29, 155, 322, 22],
    [47, 42, 50, 94, 382, 746, 54],
    [0, 6, 6, 3, 17, 28, 4],
    [45, 64, 84, 50, 513, 598, 55],
    [7, 8, 14, 24, 108, 68, 11],
    [36, 41, 26, 52, 189, 404, 35],
    [27, 16, 20, 42, 153, 329, 29],
    [31, 35, 36, 81, 311, 626, 58],
    [36, 58, 32, 80, 214, 666, 68],
    [11, 19, 19, 15, 87, 245, 16],
    [35, 45, 47, 92, 314, 876, 52],
    [35, 45, 38, 70, 241, 569, 54],
    [8, 15, 18, 10, 124, 84, 3],
    [16, 13, 26, 28, 201, 263, 19],
    [29, 35, 43, 56, 327, 425, 32],
    [26, 11, 38, 41, 225, 277, 18],
    [9, 18, 20, 21, 178, 130, 11],
    [24, 14, 46, 69, 330, 431, 34],
    [13, 21, 34, 46, 248, 311, 27],
    [31, 25, 66, 69, 446, 535, 29],
    [17, 10, 24, 63, 233, 169, 13],
    [4, 4, 7, 10, 43, 74, 7],
    [2, 4, 7, 145, 59, 132, 13],
    [10, 7, 18, 20, 124, 118, 13],
    [32, 43, 29, 20, 258, 285, 31],
    [2, 2, 3, 23, 42, 94, 16],
    [26, 40, 42, 70, 416, 480, 33],
    [4, 3, 5, 8, 33, 73, 6],
    [85, 199, 103, 154, 731, 961, 128],
    [5, 17, 12, 2, 49, 90, 6]
  ],
  "W": [
    [3, 1, 26, 21, 3, 6, 3],
    [2, 7, 24, 12, 4, 6, 1],
    [49, 59, 516, 168, 102, 70, 64],
    [219, 95, 833, 470, 261, 165, 99],
    [95, 52, 474, 239, 132, 73, 64],
    [95, 53, 463, 251, 121, 73, 40],
    [112, 112, 720, 257, 242, 102, 87],
    [42, 52, 245, 101, 89, 37, 30],
    [25, 33, 299, 78, 89, 27, 39],
    [36, 30, 281, 104, 60, 63, 32],
    [102, 66, 623, 249, 167, 126, 82],
    [3, 15, 18, 12, 5, 5, 6],
    [185, 99, 488, 351, 100, 109, 77],
    [27, 11, 61, 83, 36, 8, 14],
    [61, 69, 329, 133, 83, 55, 53],
    [32, 30, 259, 106, 75, 73, 41],
    [67, 56, 542, 216, 143, 85, 69],
    [69, 84, 549, 152, 140, 76, 84],
    [31, 20, 219, 60, 31, 23, 28],
    [78, 59, 767, 244, 162, 72, 79],
    [52, 56, 505, 187, 120, 68, 64],
    [39, 18, 67, 95, 22, 15, 6],
    [63, 22, 226, 130, 63, 34, 28],
    [74, 40, 385, 231, 103, 76, 38],
    [69, 26, 270, 146, 60, 48, 17],
    [37, 17, 102, 136, 51, 26, 18],
    [83, 31, 360, 235, 123, 66, 50],
    [61, 31, 276, 176, 87, 43, 26],
    [116, 48, 459, 315, 137, 83, 43],
    [74, 24, 128, 151, 90, 34, 28],
    [9, 9, 64, 39, 17, 1, 10],
    [17, 8, 105, 59, 122, 20, 31],
    [35, 9, 97, 83, 43, 21, 22],
    [66, 58, 259, 167, 62, 50, 36],
    [2, 2, 86, 40, 29, 6, 17],
    [91, 64, 417, 285, 120, 75, 55],
    [5, 5, 65, 29, 13, 6, 9],
    [218, 220, 880, 530, 229, 141, 143],
    [15, 25, 85, 33, 7, 9, 7]
  ],
  "method": "mvn_pdf",
  "cond_prob": [
    [
      [0.0069409287828, 0.026670479538, 0.52047691903, 0.0020041750057, 0.43979147912, 0.0028353787252, 0.0012806397939],
      [0.0098812384285, 0.91342947007, 0.022511043658, 0.0002469688434, 0.0054128878989, 0.03977330836, 0.0087450827404],
      [0, 0.024291580801, 0, 0.0080114291008, 0.049606956482, 0.87836761872, 0.0397224149],
      [0.012181967458, 0.060102387436, 0.2149869339, 0.020893734706, 0.65519727952, 0.028107172794, 0.0085305241869],
      [0.00384420389, 0, 0.0059088691743, 0.37361013359, 0.14216826012, 0.47308939885, 0.0013791343742],
      [0.11699034115, 0.0016602961293, 0.14726766329, 0.016260940236, 0.19696910037, 0.5033994605, 0.017452198318],
      [0, 0.034288692517, 0, 0.042759626166, 0.0059898512679, 0.36141562687, 0.55554620318]
    ],
    [
      [0.0097412871711, 0.0057932059211, 0.27356079939, 0.0045512864456, 0.70550954482, 0, 0.00084387625578],
      [0.11015103769, 0.66126889548, 0.10711183956, 0, 0.050650603226, 0.059252291989, 0.011565332052],
      [0.034257348497, 0.054404178554, 0.018237961838, 0.020516313805, 0.077549408866, 0.76730326877, 0.02773151967],
      [0.012302853622, 0.0027118442415, 0.12795389875, 0.055316907353, 0.79675315366, 0, 0.0049613423663],
      [0.0044058274529, 0, 0.0022906705312, 0.89621104093, 0.067572207836, 0.027987121812, 0.00153313144],
      [0.2021448031, 0.0005999558287, 0.12005999274, 0.10405961308, 0.42265342015, 0.1452428516, 0.0052393635038],
      [0.0091574259868, 0.01768916861, 0.00041501662942, 0.62550116536, 0.0059936788064, 0.18654990875, 0.15469363586]
    ],
    [
      [0.017678176815, 0.005621528617, 0.13873775644, 0.0023361216713, 0.83140442444, 0.0033899553398, 0.00083203667194],
      [0.16111814882, 0.37316487602, 0.045877121225, 0.0001696062844, 0.048452440365, 0.31874110466, 0.052476702619],
      [0.0074158764049, 0.0074833265179, 0.00031775556461, 0.0023274653622, 0.020301046324, 0.93292305095, 0.029231478879],
      [0.0060903208592, 0.0024308724838, 0.064162828086, 0.021205659975, 0.87580042704, 0.026564497774, 0.0037453937791],
      [0.0057940091015, 0, 0.0022410591794, 0.36464944478, 0.18829530927, 0.43830644769, 0.00071372998308],
      [0.19560530377, 8.7616502006e-05, 0.033188496515, 0.017841964989, 0.26240699117, 0.478835994, 0.012033633052],
      [0.0077292536534, 0.0067484561993, 0, 0.072950302315, 0.0034072913632, 0.48361343521, 0.42555126126]
    ],
    [
      [0.015204663333, 0.0076582959104, 0.21246408483, 0.0027290102576, 0.75921318181, 0.0021101246789, 0.00062063917921],
      [0.13975361148, 0.48316379179, 0.071486258379, 0.00032086811861, 0.04480251054, 0.2197659067, 0.040707052997],
      [0.0078361075228, 0.020139071268, 0.0039913797625, 0.0052782880122, 0.024226216596, 0.9073144955, 0.03121444134],
      [0.0052952064671, 0.0047970209788, 0.10386616932, 0.025253977571, 0.83943934549, 0.018468230167, 0.0028800500073],
      [0.0060055606129, 8.5725438723e-05, 0.0044562700483, 0.45737664142, 0.19450351911, 0.33706253112, 0.00050975224961],
      [0.20575856618, 0.00086611696347, 0.062801395613, 0.024578437831, 0.29461314009, 0.40013213611, 0.011250207217],
      [0.0086843060032, 0.01238932435, 0.00012055753558, 0.10782762887, 0.003864214887, 0.43628237929, 0.43083158906]
    ],
    [
      [0.016342913221, 0.0042891949285, 0.24080251134, 0.0025366171749, 0.73289163405, 0.0031371292905, 0],
      [0.17456918785, 0.36616081672, 0.094050531147, 0.00038423633462, 0.050428488555, 0.28503264654, 0.029374092856],
      [0.0087464207215, 0.0095106964939, 0.0025623722122, 0.0048413210827, 0.023444874037, 0.93579744281, 0.015096872638],
      [0.0061012858715, 0.0019439834376, 0.11915374849, 0.023328184372, 0.82622628975, 0.022832157956, 0.00041435012004],
      [0.0056400290715, 0, 0.004669171518, 0.41831420816, 0.19038174962, 0.38099484163, 0],
      [0.21008636475, 0.00016217928391, 0.067458806085, 0.021113093094, 0.27058767902, 0.42432051044, 0.0062713673303],
      [0.010703535419, 0.0088694178864, 0, 0.11109511794, 0.0045120046697, 0.5560732046, 0.30874671949]
    ],
    [
      [0.021402528038, 0.0078137792704, 0.18445925459, 0.0013298843709, 0.78225377, 0.0022975520996, 0.00044323162996],
      [0.19290562342, 0.47380588981, 0.059582376585, 0, 0.044303062751, 0.19975043316, 0.029652614284],
      [0.010402422897, 0.021998305077, 0.0048618477047, 0.0015563643883, 0.026684894781, 0.90954644801, 0.024949717138],
      [0.0067506062116, 0.0050639058426, 0.090352494962, 0.015021069802, 0.86257620498, 0.018114497739, 0.0021212204614],
      [0.0099960106007, 0.00021063745766, 0.0050313669625, 0.35562684954, 0.24247793662, 0.3862288148, 0.00042838401093],
      [0.27994962493, 0.00089677537666, 0.051646282846, 0.014587556303, 0.28693924481, 0.35793370587, 0.0080468098723],
      [0.014654948311, 0.014969286435, 0.00025047703721, 0.082175883699, 0.0047425147123, 0.49163420278, 0.39157268703]
    ],
    [
      [0.018018562361, 0.009478616234, 0.20498038294, 0.0037498800378, 0.76035807335, 0.0027142415084, 0.00070024356802],
      [0.13910364732, 0.50266797625, 0.057795231409, 0.00032700094526, 0.037384285941, 0.22337235451, 0.039349503626],
      [0.007901343566, 0.020715120019, 0.0038567362921, 0.0057857001578, 0.01877893134, 0.91301883316, 0.029943335461],
      [0.0061998461215, 0.0058341412465, 0.099004120833, 0.034701860734, 0.82861522591, 0.022397369642, 0.0032474355103],
      [0.0057366121029, 8.7210279678e-05, 0.0036242507776, 0.51023564867, 0.15448885979, 0.32531743209, 0.00050998628113],
      [0.21556022389, 0.00094200609099, 0.053488308585, 0.030320882786, 0.26006523898, 0.42818003095, 0.011443308714],
      [0.0085584106775, 0.012737142745, 0.00017638902397, 0.12516724121, 0.0030454446912, 0.4384762718, 0.41183909986]
    ],
    [
      [0.015785299973, 0.0084753010615, 0.16519848627, 0.00304310661, 0.80520510084, 0.0016278948235, 0.00066481041404],
      [0.14121689122, 0.53058397029, 0.053597708015, 0.00035654098365, 0.04546902689, 0.18703649033, 0.041739372263],
      [0.0097306274229, 0.02482547769, 0.0046014498166, 0.0065594288024, 0.027524083547, 0.88987745221, 0.036881480509],
      [0.0055864838987, 0.0051053562654, 0.078662975149, 0.02745344447, 0.86504044017, 0.015163794818, 0.0029875052284],
      [0.0062992910182, 4.6978532515e-05, 0.0037256870535, 0.50305539656, 0.19873987676, 0.28752953837, 0.00060323170245],
      [0.22194786079, 0.00097346358631, 0.050370378274, 0.028505794033, 0.32154467706, 0.3643608712, 0.012296955048],
      [0.0090930905051, 0.013852954708, 0.00023256402091, 0.121571559, 0.0039836452403, 0.38609102339, 0.46517516313]
    ],
    [
      [0.01855450153, 0.020790823529, 0.20124360253, 0.0047918495643, 0.75096918555, 0.0030546738657, 0.00059536342668],
      [0.087486320309, 0.71955030558, 0.034074973331, 0, 0.022283052745, 0.11790739209, 0.018697955953],
      [0.010556631615, 0.042361779234, 0.0050931148238, 0.0052999676204, 0.022081996983, 0.88781690391, 0.026789605816],
      [0.0065134912558, 0.010735774816, 0.096602665357, 0.045796273522, 0.81616521273, 0.021481946934, 0.0027046353846],
      [0.0027831160964, 0, 0.0033716713362, 0.61079367152, 0.13328274452, 0.24917591294, 0.00059288358116],
      [0.23546367926, 0.001385555637, 0.054602492361, 0.042637621877, 0.26777275098, 0.38872192657, 0.0094159733203],
      [0.0097278730278, 0.030617869206, 0.0003138601024, 0.18491157825, 0.0034614715588, 0.41609473887, 0.35487260899]
    ],
    [
      [0.01964958192, 0.010858310255, 0.20490372669, 0.0017545523249, 0.76023243303, 0.0020781669884, 0.00052322878855],
      [0.14545510169, 0.56811800878, 0.054601819841, 6.222509587e-05, 0.035473356016, 0.16964358822, 0.026645900354],
      [0.010402798951, 0.029056634158, 0.0052602519853, 0.0026741482852, 0.024478585621, 0.90160724073, 0.02652034027],
      [0.0068635226525, 0.0066779777705, 0.10108116471, 0.017345854076, 0.84759506956, 0.017989512119, 0.0024468991122],
      [0.0090619370129, 6.1645183381e-06, 0.0053313207179, 0.37731722685, 0.22630508151, 0.38144927314, 0.00052899624428],
      [0.25942303377, 0.0010769124445, 0.058183737377, 0.016313125066, 0.28291322423, 0.37314248918, 0.0089474779319],
      [0.012643805955, 0.019935041428, 0.00029326900715, 0.08477513691, 0.0042882474899, 0.47557503842, 0.40248946079]
    ],
    [
      [0.016856421695, 0.0068726294236, 0.17022846058, 0.0027588639393, 0.80027748609, 0.002435696865, 0.00057044141203],
      [0.15679980312, 0.44661988459, 0.057842369719, 0.00033328404194, 0.047609183796, 0.25125229547, 0.039543179265],
      [0.0080148939115, 0.015832877217, 0.0033994221824, 0.0048431790054, 0.022457920053, 0.91862296043, 0.026828747204],
      [0.0057596498741, 0.0040085377607, 0.081179986749, 0.024854793336, 0.86115407779, 0.020396033857, 0.0026469206383],
      [0.0062412657524, 0, 0.0035282378528, 0.43713417029, 0.19303786242, 0.35961185704, 0.00044660664049],
      [0.21192624142, 0.00061642403132, 0.046705397266, 0.023073210698, 0.28775699844, 0.41989539322, 0.010026334931],
      [0.0092613226445, 0.010760994868, 0.00016278198386, 0.10465639127, 0.0038553158388, 0.47349013379, 0.3978130596]
    ],
    [
      [0, 0.004838247025, 0.32727496445, 0.001894777228, 0.66093756296, 0.0036465536161, 0.0014078947245],
      [0, 0.37312523801, 0.18036808164, 0.014420366853, 0.09138370808, 0.29266206813, 0.048040537297],
      [0, 0, 0, 0, 0.03306502455, 0.93534895675, 0.031586018699],
      [0, 0.011780333586, 0.13530275659, 0.015004628774, 0.81078954935, 0.021149289981, 0.0059734417225],
      [0, 0.0017851261797, 0, 0.39652079603, 0.26019510778, 0.33922858925, 0.0022703807597],
      [0, 0.047663410982, 0.1378041606, 0.019089310597, 0.39368427874, 0.39120836573, 0.010550473353],
      [0, 0, 0, 0.086650681183, 0.008731620542, 0.47614530685, 0.42847239143]
    ],
    [
      [0.015542992161, 0.0084838119264, 0.19470134472, 0.0012337973029, 0.77686311248, 0.0023690367915, 0.00080590462592],
      [0.13285706428, 0.49940619118, 0.061013306296, 0, 0.042716426941, 0.22429927581, 0.039707735492],
      [0.0074484008601, 0.020479290983, 0.0041606896298, 0.0015500164212, 0.022966860936, 0.91309819781, 0.030296543358],
      [0.0054446455234, 0.0053020304463, 0.095048088146, 0.016398613576, 0.85431343681, 0.020219231494, 0.003273954001],
      [0.0067742859093, 9.5788728191e-05, 0.0047532317096, 0.35824745938, 0.22024322511, 0.40925323687, 0.00063277229435],
      [0.20262772861, 0.00093188494266, 0.055552590033, 0.016319246213, 0.29043147681, 0.4227235354, 0.011413537991],
      [0.0085968295938, 0.013288582451, 0.00022185637343, 0.073453017471, 0.0038727270508, 0.4631823384, 0.43738464866]
    ],
    [
      [0.01698166077, 0.0064249955682, 0.17780654521, 0.0033888192088, 0.7948101127, 0, 0.00058786653347],
      [0.19760975036, 0.49733104958, 0.069059604541, 0.00069929077082, 0.053707310576, 0.13991619598, 0.041676798198],
      [0.015733815806, 0.028327914523, 0.0078702634933, 0.010269171805, 0.039740129376, 0.85153609089, 0.046522614104],
      [0.007129058087, 0.0049978024099, 0.087572123576, 0.025842651067, 0.86756279105, 0.0042507641979, 0.0026448096136],
      [0.0085797769226, 0.0006256053235, 0.0054988697005, 0.52930489301, 0.23886573894, 0.21652089747, 0.0006042186331],
      [0.29060114783, 0.00092007755398, 0.060614362376, 0.027086094263, 0.35664404465, 0.25283330003, 0.011300973293],
      [0.013045154854, 0.013084341168, 0.00058007793853, 0.13269894726, 0.004654859473, 0.31049915444, 0.52543746486]
    ],
    [
      [0.029940824694, 0.011000890729, 0.16770684432, 0.0039696568598, 0.7827126969, 0.0037627980357, 0.00090628846139],
      [0.1891640405, 0.46938844488, 0.037847169326, 0.00050779347095, 0.03049645855, 0.23397330044, 0.038622792839],
      [0.0086967252155, 0.019202857967, 0.001675929996, 0.0056973995725, 0.013349063223, 0.92278884049, 0.028589183539],
      [0.0095380942287, 0.0068535640549, 0.079169360125, 0.034515168831, 0.83696931719, 0.028972845473, 0.0039816500926],
      [0.0082247587963, 0.00026230579171, 0.0024510972855, 0.4642684245, 0.14269564077, 0.38149158353, 0.0006061893271],
      [0.28550174377, 0.0009718598575, 0.03407419769, 0.023952436675, 0.20870044223, 0.43584653375, 0.010952786025],
      [0.01143869591, 0.012012358593, 0, 0.10200354749, 0.0022499312315, 0.46301950628, 0.40927596049]
    ],
    [
      [0.020799976727, 0.0064878301425, 0.17228140615, 0.0030234598742, 0.79368794403, 0.0028890956351, 0.00083028744125],
      [0.17916220214, 0.40017357497, 0.053707238776, 0.00037542347715, 0.043145300762, 0.27383631541, 0.049599944475],
      [0.0089087005593, 0.011850870903, 0.0033877825794, 0.0048141075094, 0.017673171955, 0.92190267204, 0.031462694455],
      [0.0072474801752, 0.0034714891693, 0.081983409512, 0.027027811109, 0.85246973936, 0.024000885509, 0.0037991851689],
      [0.0068459778567, 0, 0.0033520394321, 0.43219954226, 0.17211181917, 0.38477443381, 0.0007161874719],
      [0.23276045877, 0.00023216531988, 0.041751575974, 0.022260453955, 0.25126287324, 0.43951487876, 0.012217593974],
      [0.0092435733562, 0.0081190415201, 0.0002154326899, 0.091224535344, 0.0028757725755, 0.4495830456, 0.43873859891]
    ],
    [
      [0.014576039385, 0.0065869358406, 0.15955167328, 0.0028348687825, 0.81327084197, 0.0024828482168, 0.00069679252402],
      [0.14062027986, 0.44312887586, 0.055943594721, 0.00035306006086, 0.049952900366, 0.2541547981, 0.055846491038],
      [0.0068644601676, 0.015232108505, 0.0029761129434, 0.0050355058007, 0.023411954826, 0.90996783314, 0.036512024616],
      [0.0048817093733, 0.0037604528366, 0.075292176668, 0.025370249974, 0.86730178971, 0.020047925165, 0.0033456962755],
      [0.0052884910587, 0, 0.0032135368003, 0.44732875796, 0.19446924663, 0.34925307504, 0.00044689251159],
      [0.18979448639, 0.00061834321161, 0.045108518481, 0.024530370325, 0.30162249167, 0.42427690459, 0.014048885336],
      [0.0070274998446, 0.0090266442817, 0.00010541126188, 0.094608411936, 0.0034784205094, 0.40668603561, 0.47906757656]
    ],
    [
      [0.024942827219, 0.014686432306, 0.18230686962, 0.004382080311, 0.76759098006, 0.0048205409495, 0.0012702695345],
      [0.12766841367, 0.51610567235, 0.033892856779, 0.00055470623587, 0.024148577147, 0.24409795034, 0.053531823468],
      [0.007696466373, 0.020364780956, 0.0011088428788, 0.0059330337885, 0.0060016158703, 0.9221586677, 0.036736592435],
      [0.0085398989958, 0.0089770472713, 0.085675713506, 0.037707703709, 0.81625451536, 0.03670637452, 0.0061387466361],
      [0.0064711088781, 0.00030320788106, 0.002272168487, 0.44402516172, 0.12202202339, 0.42438443353, 0.00052189610795],
      [0.21771584319, 0.0011721965457, 0.034529726911, 0.024524096873, 0.19059241465, 0.51443297482, 0.017032747012],
      [0.0068930257375, 0.01139818717, 0, 0.078986674026, 0.00088168642021, 0.41438036394, 0.4874600627]
    ],
    [
      [0.018493664191, 0.012661858859, 0.25266307366, 0.0018160441141, 0.71127026177, 0.0026028514124, 0.00049224598968],
      [0.11835074872, 0.58101388007, 0.05735590544, 7.5073517597e-05, 0.028473316556, 0.19002502512, 0.02470605057],
      [0.0089354697317, 0.026999345042, 0.0034091562485, 0.0021335215183, 0.018569063096, 0.91798877242, 0.021964671945],
      [0.0068787034633, 0.0081443024177, 0.12679122212, 0.018448605634, 0.81358434728, 0.023668254621, 0.0024845644589],
      [0.0077726938981, 0.00011097562001, 0.0055209899458, 0.3526730144, 0.18889302925, 0.44461725748, 0.00041203940127],
      [0.22452049007, 0.0012613546446, 0.064880489821, 0.015548148792, 0.24115836884, 0.44391478187, 0.008716365969],
      [0.010184520506, 0.019758523699, 0.00010164670149, 0.07419902653, 0.0034694110308, 0.52378570365, 0.36850116788]
    ],
    [
      [0.021135123032, 0.01024932295, 0.19597717471, 0.0034973151235, 0.76489634372, 0.0035782803597, 0.0006664401097],
      [0.14370133847, 0.48064099098, 0.048483071452, 0.00036670363807, 0.032982036314, 0.25750986135, 0.03631599779],
      [0.0074763899247, 0.017338758844, 0.0028825743473, 0.00522424275, 0.013021549777, 0.9300550722, 0.024001412159],
      [0.0072733763436, 0.0062422299997, 0.094075959887, 0.03131538248, 0.82858142952, 0.029294293554, 0.0032173282162],
      [0.0064011958192, 5.4472643131e-05, 0.0032593335276, 0.43604844242, 0.14766550701, 0.40620303695, 0.00036801162235],
      [0.21713841181, 0.00086082897815, 0.043729556349, 0.023391565901, 0.22374020139, 0.48089041132, 0.01024902425],
      [0.0087724957068, 0.012025290306, 0.00014266242887, 0.097893493338, 0.0025271003732, 0.50125016085, 0.37738879699]
    ],
    [
      [0.023008052317, 0.011716917164, 0.20574499082, 0.0031239863162, 0.75277704252, 0.0027994200379, 0.00082959083012],
      [0.15075010459, 0.52969837715, 0.048807629021, 0.00029027983386, 0.031150562318, 0.19532318485, 0.043979862243],
      [0.0093905151624, 0.024521989517, 0.0038352753449, 0.0050407353743, 0.017483420663, 0.90256509975, 0.037162964184],
      [0.0079121004119, 0.0073047067214, 0.10026840605, 0.028770046417, 0.82825942174, 0.023416248887, 0.0040690697704],
      [0.0078651052528, 0.00011898602656, 0.0039443445957, 0.45468588337, 0.16616315291, 0.36671388063, 0.00050864721615],
      [0.2585328964, 0.0010963921798, 0.049944298448, 0.023139808697, 0.23957498794, 0.41365839966, 0.014053216682],
      [0.0096211391136, 0.013893645829, 0.0001795879041, 0.089998656266, 0.0026069604712, 0.40012001619, 0.48357999423]
    ],
    [
      [0.017425934947, 0.012301779443, 0.1850088042, 0.0011618279333, 0.78165590599, 0.0024457474877, 0],
      [0.11563202029, 0.6368078176, 0.04402938164, 0, 0.0321457484, 0.1571566489, 0.014228383165],
      [0.011107767889, 0.033118151586, 0.0053631018965, 0.0023811708759, 0.022861425982, 0.91195632738, 0.013212054393],
      [0.0075415398453, 0.0069061319893, 0.091732809199, 0.014370754629, 0.8605930786, 0.018855685741, 0],
      [0.0081956893008, 0, 0.0052116941785, 0.34919759768, 0.2354470743, 0.40194794454, 0],
      [0.23477201941, 0.0012669391023, 0.053431911335, 0.014894836249, 0.29596566732, 0.39442229436, 0.0052463322155],
      [0.012743330347, 0.027281183852, 0.00034118732221, 0.08735981323, 0.0049029238777, 0.5707071488, 0.29666441257]
    ],
    [
      [0.014986620403, 0.0045700768339, 0.16800727361, 0.0012108145302, 0.80856046385, 0.0020657659789, 0.00059898479287],
      [0.17876087836, 0.40589679251, 0.07275712325, 9.213661797e-05, 0.061219190875, 0.24323570965, 0.038038168736],
      [0.0097547567932, 0.014017949341, 0.0050595985575, 0.0021447319038, 0.02866775605, 0.91342862657, 0.026926580786],
      [0.0055040506034, 0.0024521187429, 0.081126661108, 0.014232350655, 0.87841173524, 0.015934403793, 0.002338679854],
      [0.0074425625904, 0, 0.0048559271171, 0.35964429573, 0.2615402024, 0.36591454878, 0.00060246337824],
      [0.21842542973, 0.00045200078854, 0.053254807462, 0.015971392188, 0.335942838, 0.36719143055, 0.0087621012856],
      [0.010987711538, 0.010005561065, 0.00029867752643, 0.085219954217, 0.0050836030687, 0.48125727935, 0.40714721324]
    ],
    [
      [0.013865210428, 0.0079327372937, 0.17812872326, 0.0020546158299, 0.79590226092, 0.00159103881, 0.00052541345421],
      [0.13566550187, 0.54567501856, 0.063756437209, 0.00027362059825, 0.049682526224, 0.17144446957, 0.033502425974],
      [0.010021048646, 0.027881361085, 0.0056106904702, 0.0054017379831, 0.031325482213, 0.88736752255, 0.032392157053],
      [0.0051041145814, 0.0048585650116, 0.086482384382, 0.018604926938, 0.86916647879, 0.013404412159, 0.0023791181421],
      [0.0069373675578, 6.7034256982e-05, 0.0049745234663, 0.42584597719, 0.25365351753, 0.30796723567, 0.00055434431892],
      [0.21579328943, 0.0010117097056, 0.06063793649, 0.021007337933, 0.35473064859, 0.33679095684, 0.010028121017],
      [0.010404244787, 0.016987623586, 0.00025819149019, 0.10528718486, 0.0050611261106, 0.42039028845, 0.44161134071]
    ],
    [
      [0.015611908499, 0.00204192049, 0.20661232042, 0.0027215791809, 0.77054582943, 0.0017830140858, 0.00068342789311],
      [0.25903977302, 0.30094020094, 0.12141761178, 0.00061775163218, 0.079136569574, 0.19928395947, 0.039564133583],
      [0.014383900755, 0.010589126995, 0.0069713122559, 0.0098981586001, 0.043635830085, 0.88102827493, 0.033493396382],
      [0.0050804243151, 0.000346939594, 0.10118135328, 0.022694704508, 0.85736826634, 0.011015269946, 0.0023130420085],
      [0.0072589604961, 0, 0.0054476173842, 0.51326010873, 0.25083176081, 0.22256342975, 0.00063812283611],
      [0.26796666474, 0, 0.075029372974, 0.026447623707, 0.36783070355, 0.25485607254, 0.0078695624849],
      [0.015553619048, 0.0073496936758, 0.00022900883343, 0.16147807956, 0.0065627372006, 0.38957812778, 0.41924873391]
    ],
    [
      [0.012026338329, 0.012468219567, 0.16357007503, 0.00069580563694, 0.80807271669, 0.0025795798605, 0.00058726488859],
      [0.083973246383, 0.69573918956, 0.041497638233, 0, 0.03564766952, 0.12340804154, 0.019734214759],
      [0.0085264759112, 0.043821687945, 0.0055655956857, 0.0015765099352, 0.031779480819, 0.88231946444, 0.026410785261],
      [0.0052928439325, 0.0048140534346, 0.080080938688, 0.010368345826, 0.87991339025, 0.016971503196, 0.0025589246773],
      [0.0060248924001, 0, 0.0055323739309, 0.34413539364, 0.29058503707, 0.35300213711, 0.00072016584604],
      [0.19438230389, 0.0012042568007, 0.05747956063, 0.014912371551, 0.37173579419, 0.35167631616, 0.0086093967719],
      [0.0098190867732, 0.030848641065, 0.00039607252682, 0.081373856086, 0.005589080235, 0.46417865657, 0.40779460674]
    ],
    [
      [0.012926030773, 0.0029804889947, 0.18724329228, 0.0024312123242, 0.79149972994, 0.0023342436731, 0.00058500201454],
      [0.17129705548, 0.3439042541, 0.090504050709, 0.00041342473104, 0.066999937089, 0.27949226068, 0.047389017214],
      [0.0083034114671, 0.0075538942882, 0.0050287877462, 0.0054356909858, 0.028014101693, 0.91652844777, 0.029135666053],
      [0.0046654863697, 0.00015820972463, 0.090623869589, 0.022010575503, 0.86268278881, 0.017302004917, 0.0025570650871],
      [0.0046000677493, 0, 0.0046123163464, 0.44305874596, 0.22117892905, 0.32596504075, 0.00058490014658],
      [0.18985124082, 0, 0.060088229912, 0.02354924368, 0.33296992771, 0.38361872236, 0.0099226355287],
      [0.0087064614761, 0.0067001261483, 0.0002614028332, 0.11211166754, 0.0046393776818, 0.45426499309, 0.41331597124]
    ],
    [
      [0.0092800145476, 0.0057192178805, 0.18358319814, 0.0022000149622, 0.79669726216, 0.0020157192423, 0.00050457306572],
      [0.1131550611, 0.46887080227, 0.078678258297, 0.00034995998167, 0.059652313694, 0.22443272693, 0.054860877725],
      [0.0048678867819, 0.01870344689, 0.0055334559794, 0.0053689526698, 0.029535071476, 0.8960634584, 0.039927727805],
      [0.0025280740797, 0.0036613013012, 0.088844285593, 0.019740187664, 0.86728337988, 0.01534998334, 0.0025927881393],
      [0.0040981461226, 0.00015097934999, 0.0049405084485, 0.43094454728, 0.24058518856, 0.31885098335, 0.00042964688619],
      [0.15416157863, 0.00079722387633, 0.064242379947, 0.023017145389, 0.3655231897, 0.37834700498, 0.013911477468],
      [0.0058518398078, 0.010083716849, 0.00024323919361, 0.092958980647, 0.004241620573, 0.38059839383, 0.5060222091]
    ],
    [
      [0.011827399654, 0.0035761406904, 0.19490188883, 0.0017932199573, 0.78530479095, 0.0023595171149, 0.00023704280773],
      [0.16227618172, 0.38123700837, 0.097920165178, 0.00029137495483, 0.06905110562, 0.25435056004, 0.034873604113],
      [0.0082753060498, 0.011865777823, 0.0052736705916, 0.0043733520188, 0.031415092896, 0.91600132479, 0.022795475828],
      [0.0042986277982, 0.0013195077963, 0.095032890795, 0.017099372072, 0.86477534581, 0.016135611918, 0.0013386438103],
      [0.0055153349552, 0, 0.0053470022565, 0.40167364822, 0.25518162993, 0.33206047286, 0.00022191176618],
      [0.1867918691, 0.00021585965279, 0.067379785111, 0.019750103468, 0.35612870915, 0.36227783775, 0.0074558357683],
      [0.0099303641978, 0.0094380918679, 0.00023665329901, 0.10966933286, 0.0057642662912, 0.49834413914, 0.36661715235]
    ],
    [
      [0.014987998617, 0.0024532920438, 0.13993624612, 0.002924389892, 0.83761671108, 0.0017309968558, 0.00035036539115],
      [0.21550971386, 0.34761807162, 0.07375596595, 0.00044816695473, 0.077411901011, 0.25250925774, 0.032746922863],
      [0.011403779059, 0.0098900570094, 0.0030225513443, 0.0081610183596, 0.038090018872, 0.90770212675, 0.021730448606],
      [0.0056336900736, 0, 0.064453034129, 0.02988704121, 0.88536274613, 0.013196809192, 0.0014666792597],
      [0.0047261784095, 0, 0.002140478621, 0.5604703839, 0.2013873279, 0.23098583509, 0.00028979608228],
      [0.22486791293, 0, 0.045959905966, 0.035198157783, 0.36135333093, 0.32621004431, 0.0064106480834],
      [0.012050676874, 0.0074891204527, 0, 0.19915048759, 0.0065109968484, 0.45547239179, 0.31932632644]
    ],
    [
      [0.025653349285, 0.0054179517161, 0.21012811138, 0.0031670777773, 0.75220510649, 0.0024039222359, 0.0010244811239],
      [0.2344576375, 0.35355868222, 0.05969429509, 0.00053055664831, 0.036664160032, 0.26906678103, 0.046027887474],
      [0.011352419889, 0.0094024242169, 0.0066764928999, 0.0057601540921, 0.011590664653, 0.92420811752, 0.031009726731],
      [0.0097446137555, 0.0025511587636, 0.10296170407, 0.028438682692, 0.82902829844, 0.022466858163, 0.0048086841106],
      [0.0085038744228, 0, 0.0045481825954, 0.44558478197, 0.15269265719, 0.38755745463, 0.0011130491926],
      [0.29553904061, 0.00046952270475, 0.044447558705, 0.020448721003, 0.21112393467, 0.41732589674, 0.010645325567],
      [0.011230140376, 0.0067490430189, 0.00070296745479, 0.089357278875, 0.0019371317473, 0.45254340556, 0.43748003297]
    ],
    [
      [0.009304373388, 0.0056403276079, 0.14210983709, 0.035860780658, 0.79770393818, 0.006941240875, 0.0024395021962],
      [0.089633324296, 0.3821297003, 0.045549457838, 0.0028784473681, 0.044364658467, 0.37796129148, 0.057483120243],
      [0, 0.0060384623698, 0.0032660756466, 0.02299255553, 0.0073652536232, 0.92494859036, 0.035389062475],
      [0, 0.0020463378072, 0.051661194096, 0.25715535653, 0.64574497739, 0.034828124939, 0.0085640092409],
      [0, 0, 0, 0.86831827537, 0.018980316061, 0.10114111468, 0.011560293888],
      [0.056237952902, 0.00020619821426, 0.040635314616, 0.23900913861, 0.194632362, 0.45707633326, 0.012202700405],
      [0, 0.0028445285323, 0.00051878773584, 0.518256207, 0.00011498991922, 0.26461627607, 0.21364921075]
    ],
    [
      [0.015163700955, 0.0052115176528, 0.193647334, 0.0013108469222, 0.78275957293, 0.0012946885619, 0.00061233897312],
      [0.18939021862, 0.4502423328, 0.086873675701, 0.00019379357678, 0.06130227506, 0.1801832322, 0.031814472034],
      [0.013240711813, 0.021685083933, 0.0077144286211, 0.0040946098523, 0.034635256147, 0.88907694061, 0.029552969026],
      [0.0061584471989, 0.0039175626368, 0.095697007671, 0.013041689136, 0.86779758215, 0.011125769764, 0.002261941442],
      [0.0093575926203, 0.00052392527971, 0.0068450487569, 0.37324196371, 0.29974722892, 0.30953721229, 0.00074702842647],
      [0.25009518578, 0.00088509845876, 0.068688465971, 0.01564100047, 0.36452028791, 0.29223237025, 0.007937591162],
      [0.014312861431, 0.013440417814, 0.00056973335225, 0.095221518729, 0.005491746249, 0.44191612626, 0.42904759617]
    ],
    [
      [0.017515592587, 0.0081201739904, 0.14790447383, 0, 0.82292910919, 0.0028920424128, 0.00063860799615],
      [0.17685182181, 0.55075738935, 0.052067905782, 0, 0.050387919478, 0.1375579373, 0.032377026279],
      [0.011187722523, 0.034411307005, 0.0054358993194, 0, 0.040481066972, 0.87003346749, 0.03845053669],
      [0.010835371635, 0.0049292979612, 0.071473533732, 0, 0.89535018331, 0.01483243255, 0.0025791808153],
      [0.014023387472, 8.8625197552e-05, 0.0055515462495, 0.28109611438, 0.35766530391, 0.34080159128, 0.00077343150864],
      [0.2887794021, 0.0010336488311, 0.050421652848, 0.0090767457936, 0.36718453698, 0.27361002118, 0.0098939922687],
      [0.01586160832, 0.020201151567, 0.00025304515053, 0.05883898941, 0.0061563004008, 0.39458002231, 0.50410888284]
    ],
    [
      [0.012804767544, 0.0061145440312, 0.12895081836, 0.0064403269936, 0.84085288225, 0.0032927061382, 0.0015439546864],
      [0.11096297102, 0.406369207, 0.037197103673, 0.00063137385047, 0.042493867369, 0.28446641542, 0.11787906166],
      [0.0066573286491, 0.011154530312, 0.0018942078937, 0.0066789970585, 0.016957381127, 0.89924530899, 0.057412245968],
      [0.0046724238813, 0.0034867551635, 0.056944937052, 0.054573833358, 0.84857932439, 0.028237090365, 0.0035056357917],
      [0.00080834009655, 3.4323235342e-05, 0.0014886731129, 0.62346147444, 0.11146197293, 0.26274521619, 0],
      [0.15213862635, 0.00057759457067, 0.03042585491, 0.049191403858, 0.2618270049, 0.4768422371, 0.028997278307],
      [0.0033390401698, 0.0042242201947, 7.5185014846e-05, 0.1089987256, 0.0016729119958, 0.26348452218, 0.61820539485]
    ],
    [
      [0.0092591080283, 0.0048559991702, 0.14076885428, 0.0022426500027, 0.84065538369, 0.0020045234, 0.00021348142745],
      [0.13105863185, 0.46848279133, 0.071741234393, 0.00050116388404, 0.074739948746, 0.2214789257, 0.031997304107],
      [0.0067112086513, 0.019102959178, 0.0034304219447, 0.0067876847568, 0.037605249551, 0.90266620841, 0.023696267512],
      [0.0028498253791, 0.0029554899599, 0.065841629697, 0.018912613209, 0.8947042664, 0.013608150547, 0.001128024808],
      [0.0045372253835, 7.1152425397e-05, 0.0035720524005, 0.4372226896, 0.27124535724, 0.28316461102, 0.00018691193808],
      [0.16183665917, 0.0007017377555, 0.052949533921, 0.023728467446, 0.41506282491, 0.33837672149, 0.0073440553086],
      [0.0086668728543, 0.012832512585, 6.1518401975e-05, 0.13267140442, 0.0066498843763, 0.47263268875, 0.36648511861]
    ],
    [
      [0.021616730188, 0.0055718295314, 0.20128755237, 0.0028272451338, 0.7659407906, 0.0020059053825, 0.00074994679813],
      [0.20853931657, 0.39203018132, 0.061455908087, 0.0004306687151, 0.040612892373, 0.25667822887, 0.040252804065],
      [0.011734679685, 0.012768658991, 0.0077046764745, 0.0059998650981, 0.013791170883, 0.91916231264, 0.028838636226],
      [0.0084808432671, 0.0035833025582, 0.097682040149, 0.025871489084, 0.84215530331, 0.018397760491, 0.0038292611452],
      [0.0082003795719, 0.00010977853016, 0.0045655461177, 0.44984319989, 0.16823730428, 0.36811927228, 0.00092451932979],
      [0.2722791546, 0.00057175929584, 0.04775064057, 0.021128402713, 0.23982247209, 0.40864732425, 0.0098002464787],
      [0.011137918878, 0.0081392956112, 0.00076040217991, 0.0965237779, 0.0024757659681, 0.46556216306, 0.41540067641]
    ],
    [
      [0.021415653091, 0.017390913873, 0.17785440477, 0.0031944479329, 0.7763919444, 0.003217866558, 0.00053476937434],
      [0.11171661419, 0.67566559213, 0.034054024491, 0.00030634988979, 0.026399655074, 0.11737660318, 0.034481161048],
      [0.011830398506, 0.044017717855, 0.0038084007889, 0.0064390585581, 0.026336333914, 0.86147948061, 0.046088609766],
      [0.0075187665027, 0.008012316131, 0.085908808373, 0.028633093618, 0.84664883796, 0.019951709401, 0.0033264680172],
      [0.006722310161, 0, 0.0036826262844, 0.49891437646, 0.19006107362, 0.30031382841, 0.00030578505566],
      [0.27222531622, 0.0010321230551, 0.049589171424, 0.026490594949, 0.28384753021, 0.35113721891, 0.015678045231],
      [0.010033964746, 0.024018894367, 0.00012166888332, 0.1007533995, 0.0034425623989, 0.33228733495, 0.52934217516]
    ],
    [
      [0.0084555127649, 0.0069686317118, 0.25716170601, 0, 0.72519195389, 0.0015411198814, 0.00068107573556],
      [0.097427062498, 0.56215559642, 0.10055003043, 0, 0.050530810843, 0.16407469688, 0.025261802934],
      [0.0048624848793, 0.029737186367, 0.0045235606331, 0, 0.037274070896, 0.89678022349, 0.026822473733],
      [0.008452631527, 0.0048008555959, 0.12904050611, 0, 0.84325751295, 0.012155915497, 0.0022925783243],
      [0.018594153759, 0.0001824355384, 0.0098921728226, 0.2331714367, 0.34357996622, 0.39396940761, 0.00061042735961],
      [0.17243734234, 0.0011641351591, 0.10179905835, 0, 0.37913985367, 0.33759753961, 0.0078620708817],
      [0.0090210762282, 0.020533896126, 7.8222686832e-05, 0.052542849018, 0.0065340029434, 0.49305540883, 0.41823454416]
    ]
  ],
  "expected_outcome": [
    [
      [0.020822786348, 0.019482574342, 0.86623066396, 3.32982127, 1.552576756, 2.0332401636, 2.0180789844, 0.66298259887, 0.46386253825, 0.7073849491, 1.7193550129, 0, 2.8754535497, 0.45850484079, 1.8263903063, 0.66559925527, 0.97659463876, 1.7210550781, 0.57330358992, 1.6485395965, 1.1964187205, 0.67961146295, 0.94415708537, 1.0260255716, 1.0772216864, 0.44497451818, 1.0728605542, 0.5660808874, 1.3719783599, 1.1091118977, 0.23088014357, 0.1581743476, 0.53072953342, 1.1560291107, 0.025609535089, 0.84257883057, 0.10808365094, 4.6686123737, 0.12683269147],
      [0.080011438613, 0.011586411842, 0.27545490223, 1.6771668044, 0.40747351821, 0.74230903069, 1.0616050182, 0.35596264458, 0.51977058822, 0.39089916917, 0.70100820121, 0.014514741075, 1.5695052064, 0.17347488034, 0.67105433446, 0.20761056456, 0.44132470132, 1.0133638291, 0.39251762462, 0.79944719013, 0.60927969252, 0.47976939827, 0.28791484053, 0.58702255974, 0.14089251381, 0.46132412399, 0.24738058656, 0.34887229071, 0.41483232009, 0.18154361124, 0.048761565445, 0.095885569334, 0.18240311785, 0.53593148336, 0.012229088062, 0.44189592449, 0.027859147657, 3.7912192243, 0.10452947568],
      [1.5614307571, 0.54712159877, 6.7981500656, 46.5296345783, 22.8762385769, 17.5236291865, 22.957802889, 6.9383364235, 5.0310900633, 7.376534161, 17.3633029788, 0.98182489334, 36.0197487726, 4.8007767208, 10.2301175035, 5.5130049966, 10.6899621096, 12.5791740038, 7.8325552835, 15.286219627, 10.6987395225, 7.2153433636, 10.5844582377, 13.1815255214, 14.2562501091, 6.0520927761, 15.5411932595, 11.1985750864, 22.6086191043, 10.3552822128, 1.8911530024, 2.4158672306, 6.7776566901, 9.7616952725, 0.25790163671, 12.8099657399, 1.0064377618, 38.7722602396, 3.8574255902],
      [0.006012525017, 0.0091025728912, 0.11446996189, 0.5976532464, 0.24097863161, 0.12633901524, 0.41998656423, 0.12781047762, 0.11979623911, 0.063163883695, 0.28140412181, 0.005684331684, 0.22825250103, 0.091498118636, 0.24214906845, 0.096750715974, 0.18993620843, 0.30236354146, 0.056297367538, 0.27279057964, 0.16244728844, 0.045311289399, 0.076281315406, 0.15204157141, 0.18778896348, 0.025744808567, 0.20179062291, 0.13420091269, 0.20801351505, 0.21640485201, 0.028503699996, 0.60963327119, 0.045879642279, 0, 0.012880653987, 0.20408115025, 0.014136225669, 0.69638964937, 0],
      [1.3193744374, 1.4110190896, 40.7388167977, 166.267686816, 69.6247052347, 74.3141081496, 85.1601042156, 33.8186142354, 18.7742296388, 27.3683675891, 81.628303581, 1.9828126889, 143.719675808, 21.459873043, 47.745474511, 25.3980142091, 54.4891464122, 52.9637776241, 22.0493781149, 59.6619148101, 39.1444062109, 30.4845803337, 50.9393092224, 58.8967673083, 53.1676622306, 29.8986905174, 65.6944775847, 48.598532992, 91.0953557496, 61.98363662, 6.7698459584, 13.5609669491, 27.3965850527, 54.3133212064, 1.6817057645, 76.4996399155, 3.829703953, 169.2534438797, 10.8778793084],
      [0.0085061361755, 0, 0.16610781165, 0.46211730469, 0.2980272826, 0.21826744946, 0.30399504894, 0.068371582586, 0.076366846642, 0.074814011581, 0.24844108023, 0.010939660848, 0.43827180643, 0, 0.22953068018, 0.092451060325, 0.16635083053, 0.33261732552, 0.080688393786, 0.27910586805, 0.14556984197, 0.095384152019, 0.13014325667, 0.11773687194, 0.12302797192, 0.095444454838, 0.19374222487, 0.12295887378, 0.27370398532, 0.12809376733, 0.021635300123, 0.11800109488, 0.045314099665, 0.19087479924, 0.0065854122764, 0.1824116294, 0.010029526913, 0.70149490965, 0.02311679822],
      [0.0038419193816, 0.0016877525116, 0.040769796925, 0.13591998025, 0, 0.042107004846, 0.078427279619, 0.02792203739, 0.014884085667, 0.018836236388, 0.058185024027, 0.0042236841736, 0.14909235579, 0.015872396404, 0.055283596145, 0.02656919812, 0.046685099109, 0.087648597881, 0.01525962568, 0.051982328557, 0.043138723166, 0, 0.037736041951, 0.038880595612, 0.047156524625, 0.021728800878, 0.048555167207, 0.030778957009, 0.027496965697, 0.025927038945, 0.0092203301148, 0.041471537335, 0.021431864059, 0.042148127746, 0.0030879093727, 0.019426809898, 0.0037497339907, 0.11657972361, 0.010216136033]
    ],
    [
      [0.0098812384285, 0.77105726384, 9.5059707805, 13.2765930902, 9.077597768, 10.223998041, 15.5796085, 7.3432783436, 2.8870485702, 4.3636530507, 10.3487870057, 0, 13.1528493639, 2.173707254, 13.0523187944, 5.3748660641, 7.8747356722, 10.7241467485, 2.3670149745, 8.4783789697, 8.4420058569, 2.0813763653, 3.932739324, 5.4266200746, 6.7350340986, 1.4275451885, 5.3102087198, 3.507806894, 7.7892567225, 5.1722331326, 2.1101187375, 0.71706659437, 1.7045119676, 10.2574056648, 0.22192594205, 8.3877524382, 1.0426965828, 24.5776551209, 2.4356765624],
