{
  "Z_true": {},
  "V_true": [
    [672, 58, 74, 112, 91, 1942, 28],
    [32, 20, 1499, 35, 246, 176, 29],
    [165, 369, 1011, 544, 6897, 1065, 378],
    [290, 128, 120, 271, 39, 6456, 102],
    [107, 110, 161, 2652, 340, 1530, 73],
    [51, 1099, 75, 234, 212, 1219, 101],
    [56, 60, 179, 133, 337, 340, 446]
  ],
  "p_true": [
    [0.2257, 0.0195, 0.0249, 0.0376, 0.0306, 0.6523, 0.0094],
    [0.0157, 0.0098, 0.7359, 0.0172, 0.1208, 0.0864, 0.0142],
    [0.0158, 0.0354, 0.0969, 0.0522, 0.6613, 0.1021, 0.0362],
    [0.0392, 0.0173, 0.0162, 0.0366, 0.0053, 0.8717, 0.0138],
    [0.0215, 0.0221, 0.0324, 0.5333, 0.0684, 0.3077, 0.0147],
    [0.0171, 0.3674, 0.0251, 0.0782, 0.0709, 0.4076, 0.0338],
    [0.0361, 0.0387, 0.1154, 0.0858, 0.2173, 0.2192, 0.2876]
  ],
  "Z_est": [
    [
      [19.7364, 1.2948, 0.6676, 61.1505, 12.6184, 39.1055, 10.03, 0.6471, 4.1928, 49.1792, 35.5902, 29.4428, 31.9054, 32.0312, 32.6783, 9.6498, 7.6309, 7.6456, 35.9138, 46.1807, 49.5028, 11.6477, 27.7025, 44.6181, 3.8554, 7.4259, 10.6771, 58.8857, 14.2361, 37.5315, 16.8245, 47.5615, 0, 4.2061, 51.1205, 6.2077, 55.9737, 10.1975],
      [1.8418, 0.1208, 0, 1.3431, 2.2221, 4.2874, 0.936, 0.0604, 0.7246, 4.5893, 3.3212, 2.7476, 3.1149, 2.9891, 3.0495, 0, 0, 1.0568, 3.3514, 4.6195, 4.6195, 1.0869, 2.657, 14.1028, 0.3321, 3.0376, 0.9964, 5.4951, 1.3285, 3.5024, 1.5781, 4.4384, 0, 0.3925, 4.7705, 0.8152, 5.2234, 0.7733],
      [1.6339, 0.1071, 0.0938, 5.0623, 0, 3.8034, 0.8303, 0.0536, 4.2151, 4.0713, 2.9463, 2.4374, 2.6517, 2.6517, 0, 2.1465, 0.7232, 4.6214, 2.9731, 7.4201, 4.098, 0.9642, 2.357, 4.4462, 0, 0, 0.8839, 4.8748, 1.1785, 3.107, 1.3928, 3.9373, 0, 0.3482, 4.232, 3.2513, 4.6337, 0.8303],
      [0.9168, 0.0601, 0.0301, 2.8405, 0.5861, 8.9724, 0, 0.0301, 0.3607, 2.2844, 1.6532, 1.3676, 1.4879, 1.4879, 4.2232, 0.4659, 2.3259, 0.526, 1.6682, 2.2995, 2.2995, 0.541, 1.3226, 2.4948, 0.1653, 0.6613, 0.496, 2.7353, 0.6613, 1.7434, 0.7815, 2.2093, 0, 0.1954, 2.3746, 0.4058, 2.6, 0.4659],
      [0.5679, 0.0372, 0.0186, 1.7595, 0.3631, 1.322, 0.2886, 0.0186, 0.2234, 1.4151, 1.0241, 0.8472, 0.9217, 0.9217, 0.9403, 0.2886, 0.2514, 0.3258, 1.0334, 1.4244, 1.4244, 0.3351, 0.8192, 1.5454, 0.1024, 0.4096, 0.3072, 1.6944, 0.4096, 1.0799, 0.4841, 1.3685, 0, 0.121, 1.4709, 0.2514, 1.6106, 0.2886],
      [36.2939, 2.3799, 1.19, 116.8441, 23.2043, 84.4874, 18.9151, 1.19, 14.2796, 90.4372, 65.448, 54.1433, 58.9032, 58.9032, 60.0932, 18.4444, 16.0645, 20.8244, 66.043, 91.0322, 91.0322, 21.4193, 53.1281, 98.767, 6.5448, 32.4656, 19.6344, 108.2867, 26.1792, 69.0179, 30.9391, 87.4623, 0, 7.7348, 94.0071, 16.0645, 102.9319, 18.4444],
      [0.0094, 0, 0, 0, 0.006, 0.0219, 0, 0.0003, 0.0037, 0.0235, 0.017, 0.014, 0.0153, 0.0153, 0.0156, 0.0048, 0.0042, 0, 0.0171, 0.0236, 0.0236, 0.0056, 0.0136, 0.0256, 0, 0, 0.0051, 0.0281, 0.0068, 0.0179, 0, 0.0227, 0, 0.002, 0.0244, 0.0042, 0.0267, 0]
    ],
    [
      [0.0279, 0, 0, 0.0549, 0.6925, 0.0344, 0.0121, 0.0019, 0, 0.054, 0.0456, 0.0893, 0.053, 0.0753, 0.0521, 0, 0.0214, 0, 0.0558, 0.0595, 0.0819, 0.0242, 0.053, 0.0958, 0.0047, 0.0288, 0.0158, 0.1805, 0.0419, 0.0893, 0.0354, 0.08, 0, 0.013, 0.1014, 0.0223, 0.2158, 0.0279],
      [0.0429, 0, 0, 0.0844, 0.0286, 0.0529, 0.0186, 0.0029, 0.0744, 0.083, 0.0701, 0.1373, 0.0815, 0.1159, 0.0801, 0, 0, 0.0715, 0.0858, 0.0915, 0.1259, 0.0372, 0.0815, 0.1473, 0.0072, 0.0443, 0.0243, 0.2775, 0.0644, 0.1373, 0.0544, 0.123, 0, 0.02, 0.1559, 0.0343, 0.3318, 0.0429],
      [29.9142, 0, 0, 58.8312, 19.2688, 36.8942, 12.9628, 1.8632, 51.8996, 57.8341, 48.8598, 95.7254, 56.8369, 80.7683, 55.8398, 34.9825, 22.9342, 49.9035, 59.8284, 63.8169, 87.7483, 25.9256, 56.8369, 102.7053, 4.9857, 30.9113, 16.9514, 193.445, 44.8713, 95.7254, 37.8913, 85.754, 0, 13.96, 108.6882, 23.9313, 231.3363, 29.9142],
      [0.0149, 0, 0, 0.0293, 0.0099, 0.0184, 0.0065, 0.001, 0.0258, 0.0288, 0.0243, 0.0477, 0.0283, 0.0403, 0.0278, 0.0174, 0.0443, 0.0248, 0.0298, 0.0318, 0.0437, 0.0129, 0.0283, 0.0512, 0.0025, 0.0154, 0.0084, 0.0964, 0.0224, 0.0477, 0.0189, 0.0427, 0, 0.007, 0.0542, 0.0119, 0.1153, 0.0149],
      [0, 0, 0, 0.0001, 0, 0.0001, 0, 0.1311, 0.0001, 0.0001, 0.0001, 0.0002, 0.0001, 0.0001, 0.0001, 0.0001, 0, 0.0001, 0.0001, 0.0001, 0.0001, 0, 0.0001, 0.0002, 7.8353e-06, 0, 0, 0.0003, 0.0001, 0.0002, 0.0001, 0.0001, 0, 0, 0.0002, 0, 0.0004, 0.0001],
      [0, 0, 0, 0, 8.9824e-06, 0, 5.8386e-06, 8.9824e-07, 0, 0, 0, 0, 0, 0, 0, 0, 0, 0, 0, 0, 0, 0, 0, 0, 2.2456e-06, 0, 7.6351e-06, 0.0001, 0, 0, 0, 0, 0, 6.2877e-06, 0, 0, 0.0001, 0],
      [0, 0, 0, 0.0001, 0, 0, 0, 2.4935e-06, 0.0001, 0.0001, 0.0001, 0.0001, 0.0001, 0.0001, 0.0001, 0, 0, 0, 0.0001, 0.0001, 0.0001, 0, 0.0001, 0.0001, 6.2337e-06, 0, 0, 0.0002, 0.0001, 0.0001, 0, 0.0001, 0, 0, 0.0001, 0, 0.0003, 0]
    ],
    [
      [2.347, 0.8861, 0.0596, 4.0521, 3.4654, 0, 0.758, 0.2863, 0, 6.4365, 9.2783, 3.1171, 0, 6.1409, 0, 0, 0, 0, 0, 0, 6.8808, 7.9048, 0, 0, 4.5274, 0, 6.9778, 29.7962, 0, 4.5483, 7.2535, 0, 0, 0, 7.4427, 0, 40.0695, 1.573],
      [10.4719, 1.497, 0, 0, 2.4304, 10.0213, 1.9755, 0.4574, 4.9248, 13.5365, 19.3485, 3.4305, 18.8932, 29.3483, 19.6129, 0, 0, 3.5072, 18.5699, 15.5776, 12.8221, 6.5604, 9.2851, 33.3544, 1.5025, 1.9037, 3.441, 31.4253, 1.5423, 0, 8.6883, 38.9602, 0.8859, 5.3004, 0, 0.0633, 27.9168, 0],
      [1.646, 0.6876, 0.0467, 2.2253, 0, 6.5141, 0.4122, 0, 12.3407, 0.6965, 4.1846, 17.8049, 0, 0, 0, 9.7048, 0.4207, 4.3127, 0, 12.2206, 22.3416, 8.5055, 3.6053, 31.1618, 0, 0, 1.3775, 30.679, 15.283, 9.4935, 0, 24.0239, 0, 0, 11.4606, 2.8854, 28.4628, 1.3673],
      [0.8766, 1.5443, 0.2742, 22.7734, 2.7629, 42.7129, 0, 0.7626, 10.1927, 127.0533, 84.1674, 0, 72.1187, 131.3453, 73.7789, 5.1314, 12.8292, 10.3955, 111.2018, 73.4731, 48.8348, 32.2681, 21.0753, 93.9153, 3.2898, 7.2667, 3.9122, 36.3758, 1.6706, 45.0408, 30.3192, 122.3345, 0, 28.1071, 49.6793, 10.6817, 84.1619, 1.6225],
      [52.1177, 15.385, 1.5053, 214.8894, 46.0854, 193.8096, 37.9185, 11.1146, 135.504, 315.5394, 295.6475, 131.5086, 408.883, 540.4646, 354.1282, 120.5773, 45.6619, 102.678, 377.4586, 305.3491, 239.0311, 155.1859, 348.7296, 524.6079, 8.6803, 33.8264, 37.7235, 394.9473, 78.3556, 235.6007, 127.739, 418.8709, 1, 161.4069, 403.8905, 87.1355, 383.0531, 53.4383],
      [4.1654, 0, 0.1141, 50.0597, 4.1254, 25.942, 13.9358, 0.5343, 4.2561, 3.7377, 6.0572, 23.8666, 26.1051, 0, 37.8285, 21.5864, 11.2553, 11.1067, 0, 33.1323, 0, 19.2252, 60.0819, 44.9606, 0, 10.0032, 3.3666, 79.5249, 34.5448, 18.83, 0, 10.7773, 0.1141, 0, 62.3279, 6.6705, 0, 13.9989],
      [1.3754, 0, 0, 0, 1.1304, 0, 0, 1.8449, 7.7817, 0, 14.3165, 9.2723, 0, 28.7009, 1.6515, 0, 4.8329, 0, 9.7697, 11.2473, 9.0896, 3.3502, 6.2228, 0, 0, 0, 2.2014, 17.2515, 2.6038, 16.4867, 0, 6.0331, 0, 10.1856, 5.199, 6.5636, 31.3359, 0]
    ],
    [
      [0.9543, 1.451, 0.0292, 10.5648, 0.6719, 0, 0.4772, 0.0415, 0, 7.9373, 2.7753, 4.5791, 0, 3.7978, 2.7367, 0, 0, 0, 0, 0, 22.9707, 1.5191, 0, 0, 0.4409, 0, 0.6817, 5.0053, 0.9836, 3.3027, 7.1809, 0.5325, 0, 0, 4.646, 0, 4.1386, 0.6524],
      [4.0053, 0.047, 0, 0, 1.5449, 5.6434, 0.7084, 0.0282, 0.6108, 3.5614, 2.6781, 1.5599, 2.9412, 3.7327, 2.7345, 0, 0, 1.0337, 2.6029, 3.1949, 2.4714, 1.4659, 2.321, 12.5593, 0.1597, 0.8269, 6.0774, 4.83, 1.0994, 0, 1.0994, 3.3453, 0.9661, 1.1088, 0, 0.6484, 4.8589, 0],
      [0, 0.0205, 0.0123, 0, 0, 2.9227, 0.2005, 0, 0.8989, 1.5506, 1.166, 0.6792, 0, 1.5277, 0, 3.0033, 0, 0.4501, 0, 4.702, 1.076, 0.6383, 1.0106, 1.6447, 0, 0, 1.7993, 2.103, 0.6344, 1.4279, 0, 4.3908, 0, 0, 1.6856, 0.9542, 1.7388, 0.2741],
      [0, 0.0892, 0.0535, 0, 0, 5.2165, 0, 0.0535, 1.1601, 7.106, 5.0864, 0, 5.5861, 6.9603, 6.4811, 1.517, 4.4276, 1.9632, 4.9436, 6.068, 4.6937, 2.7841, 4.4082, 7.1745, 0.3034, 1.886, 0, 9.1733, 2.0881, 0, 2.0881, 6.3535, 0, 11.9738, 7.3529, 1.2314, 7.5849, 1.1957],
      [5.581, 0.0679, 0.0408, 4.688, 0.9376, 3.5602, 0.6658, 0.0408, 0.8833, 5.15, 3.8727, 2.2557, 8.6464, 5.2995, 3.9543, 1.155, 0, 1.4947, 9.8678, 4.6201, 3.5738, 2.1198, 5.7616, 5.4626, 0.231, 0, 0, 6.9845, 1.5899, 1.2626, 1.5899, 4.8375, 0, 2.0972, 8.836, 0.9376, 5.7751, 2.3512],
      [83.4385, 3.3244, 2.8642, 329.7472, 64.393, 244.5066, 46.9481, 2.7997, 60.66, 353.6946, 265.9709, 154.9164, 292.1014, 363.9602, 271.5703, 79.3247, 75.5917, 105.0584, 256.232, 317.2986, 225.0302, 145.5841, 230.5081, 375.159, 15.8649, 85.2871, 60.5941, 479.6808, 109.1881, 314.4866, 105.0417, 332.2303, 2.0339, 101.3915, 384.4913, 64.393, 395.758, 62.5265],
      [4.0208, 0, 0, 0, 1.4526, 0.1506, 0, 0.0363, 0.787, 0, 3.4505, 2.0098, 3.7249, 4.7218, 3.5232, 0, 0.9807, 0, 3.3537, 4.1164, 3.1842, 1.8887, 2.9905, 0, 0, 0, 0.8475, 6.2231, 1.4165, 28.5202, 0, 4.3102, 0, 1.4286, 4.9882, 0.8354, 5.1455, 0]
    ],
    [
      [0.0512, 0.0123, 0.0088, 2.704, 0.0705, 0, 0.0459, 0.0224, 0, 0.4128, 0.2981, 1.1845, 0, 0.7232, 0.4621, 0, 0, 0, 0.1772, 0, 0.2946, 0.2081, 0, 0, 2.5053, 0, 0.0406, 0.5997, 0.1235, 0.4004, 0.1129, 0.4763, 0, 0, 0.5556, 0, 0.3881, 0.0282],
      [0.1097, 0.0265, 0, 0.5525, 0.0832, 0.8655, 0.0984, 0.0265, 0.2914, 0.8855, 0.6395, 0.4389, 0.7341, 1.5514, 0.9914, 0, 0, 0.2081, 0.9687, 0.8249, 0.6319, 0.4465, 0.6509, 4.9428, 0.0681, 0.1816, 0.087, 1.2866, 0.2649, 0, 0.2422, 1.0217, 0, 0.3141, 0, 0.2233, 0.8325, 0.0605],
      [0.0417, 0.0101, 0.0641, 0.2102, 0, 0.2245, 0.0374, 0, 0.2467, 0.3368, 0.2433, 0.167, 0, 0, 0, 1.082, 0.0907, 0.0792, 0, 0.6983, 0.2404, 0.1698, 0.2476, 0.3296, 0, 0, 0.0331, 0.4894, 0.1008, 0.3267, 0, 0.3886, 0, 0, 0.4534, 0.189, 0.3167, 0.023],
      [12.8825, 3.1096, 1.511, 64.8568, 9.7729, 69.299, 10.1421, 3.1096, 34.2053, 105.8449, 75.074, 50.5502, 86.1796, 182.1321, 116.3869, 36.4264, 28.3357, 24.4324, 114.3643, 96.841, 74.1855, 52.4185, 76.4066, 101.7274, 7.996, 21.3228, 10.2172, 151.0364, 31.0957, 100.839, 29.5949, 119.9406, 0, 37.1365, 139.9308, 26.2093, 97.7294, 7.1076],
      [2.7929, 3.8415, 0.4815, 14.0606, 2.1187, 15.0237, 2.5039, 0.6741, 7.4155, 22.5355, 16.2757, 11.1715, 19.3048, 55.4302, 25.2321, 7.8971, 6.0673, 6.3154, 24.6543, 20.9947, 16.0831, 11.3641, 16.5646, 22.054, 1.7335, 4.6227, 2.215, 32.744, 6.7414, 21.8614, 6.1636, 26.0026, 0, 7.9934, 31.5283, 5.682, 21.1873, 1.809],
      [12.636, 0, 2.9346, 63.616, 9.586, 67.9732, 13.1723, 3.0501, 33.5509, 101.9598, 73.6376, 50.5442, 84.5308, 163.2928, 114.5373, 35.7295, 27.4507, 23.9649, 111.5458, 94.9882, 72.7662, 51.4156, 75.2482, 99.7812, 5.697, 21.8729, 10.0217, 148.1467, 30.5008, 98.9097, 27.8864, 117.6459, 0, 36.1652, 137.2536, 25.7078, 95.8597, 6.9716],
      [0.4859, 0, 0, 0, 0.3686, 2.614, 0, 0.1173, 1.2903, 2.0247, 2.8319, 1.9438, 3.2508, 6.8702, 4.3902, 0.865, 1.0557, 0, 4.2897, 3.6529, 2.7984, 1.9773, 2.8821, 0.1649, 0, 0, 0.3854, 5.6973, 1.173, 4.6627, 0, 4.5243, 0, 1.3908, 5.2783, 0.9886, 3.6865, 0]
    ],
    [
      [0.0185, 0.0061, 0.0017, 0.2273, 0.0151, 0.063, 0.0118, 0.0008, 0.0101, 0.1041, 0.1176, 0.042, 0, 0.1108, 0.0781, 0.0193, 0.0168, 0.0235, 0.1612, 0.1167, 0.0924, 0.0831, 0, 0, 0.0017, 0.0302, 0.0244, 0.1789, 0.0697, 0.105, 0.0512, 0.1428, 0, 0.0168, 0.1411, 0.0218, 0.1612, 0.0059],
      [9.3432, 1.2741, 0, 47.1405, 7.6444, 31.8517, 5.9626, 0.4247, 5.0963, 52.6615, 59.4565, 21.2345, 57.4365, 56.059, 39.4961, 8.7685, 6.7685, 11.8913, 83.6574, 59.0318, 46.7158, 42.0443, 56.4837, 79.574, 0.8494, 15.2888, 12.316, 90.4589, 35.2492, 51.365, 26.0484, 72.1972, 1.148, 8.4938, 69.3792, 11.0419, 81.5404, 2.9728],
      [1.8306, 0.2496, 0.1664, 9.236, 1.4977, 6.2406, 1.1649, 0.0832, 0.9985, 10.3177, 11.649, 4.1604, 2.2349, 10.9834, 0, 1.9138, 1.6641, 2.3636, 9.8471, 11.5658, 9.1528, 8.2375, 11.0666, 15.5598, 0.1664, 0.0801, 2.413, 17.7232, 6.9062, 10.4009, 5.007, 14.1453, 0, 1.6641, 13.9789, 2.1634, 15.9758, 0.5825],
      [0.9517, 0.1298, 0.0865, 4.8017, 0.7787, 3.2444, 0.6056, 0.0433, 0.5191, 5.3641, 6.0562, 2.1629, 11.0576, 5.7102, 11.7614, 0.995, 2.5904, 1.2112, 12.3174, 6.013, 4.7585, 4.2826, 5.7534, 8.0894, 0.0865, 1.5573, 1.2545, 9.2141, 3.5905, 5.4074, 2.6388, 7.354, 0, 0.8652, 7.2675, 1.1247, 8.3057, 0.3028],
      [0.4577, 0.0624, 0.8934, 2.3095, 0.3745, 1.5605, 0.2913, 0.0208, 0.2497, 2.58, 2.9129, 1.0403, 3.1625, 2.7464, 1.935, 0.4785, 0.4161, 0.5826, 3.9948, 2.8921, 2.2887, 2.0598, 2.7672, 3.8908, 0.0416, 0.749, 0.6034, 4.4318, 1.7269, 2.6008, 1.2692, 3.5371, 0, 0.4161, 5.4641, 0.541, 3.9948, 0.1456],
      [9.3718, 1.278, 0.852, 47.2849, 7.6678, 31.9493, 5.9639, 0.426, 5.1119, 52.8228, 59.6386, 21.2995, 54.9527, 56.2307, 39.6171, 10.7971, 8.5198, 11.9277, 81.7901, 59.2126, 46.8589, 42.173, 56.7684, 79.6601, 0.852, 18.2945, 12.3537, 90.7359, 35.3572, 53.2488, 25.9854, 72.4183, 0.852, 8.5198, 71.5663, 11.0757, 81.7901, 2.9819],
      [0.0266, 0, 0, 0, 0.0217, 0.0906, 0, 0.0012, 0.0145, 0.1498, 0.1691, 0.0604, 0.1558, 0.1595, 0.1123, 0.0278, 0.0242, 0, 0.2319, 0.1679, 0.1329, 0.1196, 0.1607, 0.2259, 0.0024, 0, 0.035, 0.2573, 0.1003, 1.8722, 0, 0.2054, 0, 0.0242, 0.2029, 0.0314, 0.2319, 0.0085]
    ],
    [
      [1.8647, 0.3496, 0.2331, 11.2464, 0.4662, 2.7971, 1.6651, 0, 2.7971, 6.8761, 4.8949, 4.5452, 8.0416, 12.1207, 6.9927, 2.3309, 2.3309, 2.3309, 7.692, 6.643, 6.1769, 3.6129, 5.2445, 13.2861, 4.6647, 1.5151, 0.5827, 12.3537, 4.5452, 10.0228, 5.5416, 9.207, 0, 2.7641, 6.9927, 1.7482, 13.053, 1.5151],
      [0.1852, 0.0347, 0, 0.8796, 0.0463, 0.2778, 0.3005, 0, 0.2778, 0.6828, 0.4861, 0.4514, 0.7985, 1.2036, 1.0355, 0.2315, 0.2315, 0.2315, 0.7638, 0.6597, 0.6134, 0.3588, 0.5208, 1.3193, 0.081, 0.717, 0.0579, 1.2267, 0.4514, 0.9953, 0.2893, 0.9143, 0, 0.3703, 0.6944, 0.1736, 1.2962, 0.1505],
      [4.9337, 0.9251, 0.6167, 23.435, 1.2334, 7.4005, 3.3919, 0, 7.4005, 18.193, 12.9509, 12.0259, 21.2765, 32.0689, 18.1602, 6.1671, 6.1671, 8.2695, 20.3514, 17.5762, 16.3428, 9.559, 13.876, 35.1525, 0.8479, 4.0086, 1.5418, 32.6856, 12.0259, 26.5185, 7.7089, 24.3601, 0, 0.0277, 18.5013, 4.6253, 34.5358, 4.0086],
      [0.3575, 0.067, 0.0447, 1.6983, 0.0894, 0.5363, 0.2458, 0, 0.5363, 1.3184, 0.9385, 0.8715, 1.5419, 2.324, 1.3408, 0.4469, 0.4469, 0.4469, 1.4748, 1.2737, 1.1843, 0.6927, 1.0056, 2.5474, 0.1564, 0.2905, 0.1117, 2.3687, 0.8715, 1.9217, 0.5586, 1.7653, 0, 0.7151, 1.3408, 0.3352, 2.5027, 0.2905],
      [0.4827, 1.6059, 0.0603, 2.2928, 0.1207, 0.724, 0.3318, 0, 0.724, 1.7799, 1.2671, 1.1765, 2.0816, 3.1375, 1.8101, 0.6034, 0.6034, 0.6034, 1.9911, 1.7196, 1.5989, 0.9352, 1.3576, 3.4391, 0.2112, 0.3922, 0.1508, 3.1978, 1.1765, 2.5944, 0.7542, 2.3833, 0, 0.9654, 1.8101, 0.4525, 3.3788, 3.9672],
      [0.0943, 0.0177, 1.0452, 0.448, 0.0236, 0.1415, 0.0648, 0, 0.1415, 0.3478, 0.2476, 0.2299, 0.4068, 0.6131, 0.3537, 0.1179, 0.1179, 0.1179, 0.3891, 0.336, 0.3124, 0.1828, 0.2653, 0.6721, 0.0413, 0.0766, 0.0295, 0.6249, 0.2299, 0.507, 0.1474, 0.4657, 0, 0.1886, 0.3537, 0.0884, 0.6603, 0.0766],
      [8.0819, 0, 0, 35.9999, 2.0205, 12.1228, 5, 0, 12.1228, 29.802, 21.215, 19.6996, 34.8531, 52.5323, 30.3071, 10.1024, 10.1024, 8, 33.3378, 28.7917, 26.7713, 15.6587, 22.7303, 57.5835, 0.9976, 6, 2.5256, 53.5425, 19.6996, 43.4401, 10, 39.9043, 0, 26.9688, 30.3071, 7.5768, 56.5732, 2.9915]
    ]
  ],
  "V_est": [
    [925.4652, 95.5251, 88.9776, 55.7392, 27.7148, 1783.1802, 0.3977],
    [2.4414, 2.8306, 2030.5453, 1.0452, 0.1343, 0.0009, 0.0023],
    [153.8016, 357.2547, 263.8647, 1403.9497, 7399.4482, 642.2346, 208.4464],
    [88.0704, 80.4652, 36.5115, 127.004, 116.1919, 6863.6501, 94.1069],
    [11.9063, 20.5508, 6.84, 2210.3504, 501.1409, 2150.551, 71.6606],
    [2.2706, 1268.366, 223.391, 148.253, 65.4891, 1278.2063, 5.0239],
    [189.0444, 19.0075, 468.8699, 34.6584, 51.8808, 10.1769, 777.362]
  ],
  "p_est": [
    [0.3109, 0.0321, 0.0299, 0.0187, 0.0093, 0.599, 0.0001],
    [0.0012, 0.0014, 0.9968, 0.0005, 0.0001, 4.4912e-07, 1.1476e-06],
    [0.0147, 0.0343, 0.0253, 0.1346, 0.7095, 0.0616, 0.02],
    [0.0119, 0.0109, 0.0049, 0.0171, 0.0157, 0.9268, 0.0127],
    [0.0024, 0.0041, 0.0014, 0.4445, 0.1008, 0.4324, 0.0144],
    [0.0008, 0.4241, 0.0747, 0.0496, 0.0219, 0.4274, 0.0017],
    [0.1219, 0.0123, 0.3023, 0.0223, 0.0334, 0.0066, 0.5012]
  ],
  "EI_Z": {},
  "EI_V": 14.2062,
  "MAE_Z": {},
  "MAE_V": 187.6606,
  "MAE_p": 0.0543,
  "runtime": 1.016
}
