{
  "Z_true": {},
  "V_true": [
    [1350, 218, 175],
    [11698, 898, 797],
    [451, 13785, 576],
    [369, 707, 640],
    [603, 1246, 926]
  ],
  "p_true": [
    [0.7745, 0.1251, 0.1004],
    [0.8734, 0.067, 0.0595],
    [0.0304, 0.9307, 0.0389],
    [0.215, 0.412, 0.373],
    [0.2173, 0.449, 0.3337]
  ],
  "Z_est": [
    [
      [90.6091, 22.4994, 44.3008, 56.1515, 29.2345, 39.3014, 26.0003, 21.2229, 71.3845, 12.0085, 30.5216, 9.8719, 3.3242, 0.6104, 23.5066, 20.6139, 10.5833, 48.8639, 42.7333, 41.589, 29.218, 41.487, 1.9499, 3.4083, 2.8227, 73.9578, 5.0216, 95.347, 28.5052],
      [58.416, 6.7476, 19.3541, 36.2511, 11.3259, 56.6504, 40.925, 18.796, 57.6863, 7.2918, 16.1601, 7.8087, 1.308, 0.2407, 24.5538, 19.0638, 14.7939, 37.8976, 41.6275, 55.2436, 32.7974, 57.7108, 0.8353, 2.1743, 0.8671, 56.9573, 1.6169, 59.7097, 17.1275],
      [5.9749, 1.753, 2.3451, 3.5974, 2.4396, 1.0482, 1.0748, 0.9811, 2.9292, 0.6998, 2.3183, 0.3194, 0.3677, 0.1489, 1.9396, 1.3223, 0.6228, 2.2385, 1.6392, 1.1674, 1.9847, 1.8022, 0.2148, 0.4174, 0.3102, 4.0849, 0.3615, 8.9432, 1.3673]
    ],
    [
      [766.1433, 342.2033, 648.7337, 587.1326, 305.8429, 401.0852, 374.403, 209.5641, 592.9269, 183.4237, 420.9951, 261.4169, 35.595, 13.7207, 314.5139, 418.3051, 216.8384, 905.4654, 462.7908, 328.7384, 461.0383, 721.878, 10.2965, 29.3201, 91.6798, 835.4229, 121.2592, 793.9303, 155.2062],
      [20.8458, 3.1, 16.4038, 14.848, 5.0739, 31.3499, 26.7699, 7.2444, 17.8264, 4.9985, 10.7575, 13.1778, 0.3055, 0.1735, 17.007, 19.1511, 19.3054, 48.1962, 23.9582, 18.276, 21.65, 54.291, 0.046, 0.6266, 0.7685, 24.1103, 1.7725, 20.2673, 2.6712],
      [119.011, 58.6967, 93.8625, 97.0194, 53.0832, 54.5649, 72.8271, 36.1915, 86.2468, 32.5778, 81.2474, 39.4053, 8.0995, 7.1061, 72.4792, 86.5438, 44.8562, 143.3384, 71.2511, 44.9856, 102.3117, 130.831, 2.6575, 8.0533, 24.5517, 146.4668, 23.9684, 171.8024, 24.1226]
    ],
    [
      [18.3969, 11.7534, 19.8981, 18.5078, 8.4165, 11.2299, 11.8307, 8.8925, 22.6978, 8.0193, 13.6696, 8.4223, 1.3699, 0.4928, 8.1959, 12.9067, 4.3711, 18.8143, 15.0209, 12.1092, 15.9468, 17.5782, 2.0137, 1.0835, 7.6379, 37.2624, 6.7181, 26.9643, 15.1822],
      [659.4316, 205.5124, 411.6365, 590.4347, 185.6404, 742.3968, 981.4925, 363.5368, 841.7249, 208.0445, 370.3183, 283.1774, 33.3784, 18.0521, 468.0784, 580.8309, 317.4823, 805.2271, 677.8158, 689.1724, 900.0003, 1287.2702, 20.7827, 39.6129, 93.2869, 1223.1879, 101.0948, 882.9686, 217.0556],
      [12.1714, 7.7342, 10.4654, 12.0575, 5.9431, 5.3733, 10.6768, 5.5707, 11.5772, 4.9362, 10.0121, 4.4003, 1.2517, 1.4547, 8.7256, 11.2625, 4.1467, 11.9585, 8.1633, 5.7184, 16.053, 14.1516, 1.2036, 1.3035, 6.0752, 23.5497, 4.1871, 23.067, 4.7622]
    ],
    [
      [93.2392, 30.7536, 57.3183, 76.3317, 32.8955, 36.9576, 34.4551, 15.3845, 60.2217, 18.9677, 36.4592, 21.8864, 1.7137, 1.4021, 33.8453, 58.7752, 25.2115, 59.7154, 30.5238, 41.3076, 54.7654, 78.893, 1.9825, 1.6333, 13.7739, 103.3642, 8.0928, 65.393, 7.7831],
      [13.9863, 1.7663, 6.1624, 9.7645, 3.3145, 9.1848, 7.6534, 1.7491, 7.0916, 1.9456, 4.7244, 3.519, 0.2682, 0.3028, 8.0821, 11.459, 8.0131, 16.6809, 4.9226, 8.4974, 10.377, 21.3819, 0.1406, 0.3172, 0.7839, 12.7529, 0.372, 11.1063, 0.4366],
      [32.7745, 12.4801, 19.5193, 26.9037, 12.79, 11.8576, 13.8915, 5.8664, 19.6868, 7.0868, 15.8164, 7.5946, 1.0181, 1.2952, 16.0727, 23.7658, 10.7754, 24.6037, 11.5536, 12.195, 23.8576, 30.7251, 0.8769, 1.0495, 6.4422, 36.8828, 3.5352, 32.5006, 2.7803]
    ],
    [
      [75.6115, 48.7903, 45.7491, 61.8764, 26.6106, 28.426, 38.3109, 25.936, 67.7691, 18.5808, 42.3545, 23.4025, 6.9971, 1.774, 26.9383, 38.3991, 12.9958, 88.141, 44.9313, 24.2558, 50.0316, 66.1638, 1.7574, 3.5547, 9.0857, 87.9927, 13.9084, 75.3653, 10.3233],
      [63.3204, 17.8737, 25.4432, 53.7016, 12.6454, 61.418, 97.1592, 34.6737, 78.6709, 15.7197, 30.0397, 26.3171, 3.7398, 1.2309, 41.2788, 52.4952, 27.4052, 93.9982, 63.6759, 48.8106, 86.1754, 139.3461, 1.1955, 3.269, 4.2936, 97.9915, 6.1437, 64.9481, 8.7091],
      [28.0681, 18.336, 15.8077, 24.4219, 10.744, 10.156, 18.5299, 10.3903, 23.56, 7.6995, 18.6058, 8.2804, 3.2631, 1.9952, 14.7829, 19.1057, 6.599, 31.8608, 16.3928, 8.9336, 26.7931, 29.4901, 1.0472, 2.1763, 5.6208, 37.0158, 5.9479, 37.6866, 3.9676]
    ]
  ],
  "V_est": [
    [926.6486, 761.9381, 54.4133],
    [11009.8695, 444.9721, 1938.1588],
    [365.4027, 14198.6443, 247.9525],
    [1103.0464, 186.7564, 426.1973],
    [1066.0328, 1261.6891, 447.2782]
  ],
  "p_est": [
    [0.5316, 0.4371, 0.0312],
    [0.8221, 0.0332, 0.1447],
    [0.0247, 0.9586, 0.0167],
    [0.6428, 0.1088, 0.2484],
    [0.3842, 0.4547, 0.1612]
  ],
  "EI_Z": {},
  "EI_V": 9.6156,
  "MAE_Z": {},
  "MAE_V": 441.5346,
  "MAE_p": 0.1367,
  "runtime": 60.515
}
