{
  "Z_true": {},
  "V_true": [
    [14, 18, 246, 155, 40],
    [3, 431, 130, 77, 10],
    [418, 26, 120, 116, 16],
    [175, 77, 848, 522, 62],
    [14, 59, 3564, 147, 121],
    [24, 75, 310, 4948, 95],
    [104, 166, 449, 389, 102]
  ],
  "p_true": [
    [0.0296, 0.0381, 0.5201, 0.3277, 0.0846],
    [0.0046, 0.6621, 0.1997, 0.1183, 0.0154],
    [0.6006, 0.0374, 0.1724, 0.1667, 0.023],
    [0.1039, 0.0457, 0.5036, 0.31, 0.0368],
    [0.0036, 0.0151, 0.9127, 0.0376, 0.031],
    [0.0044, 0.0138, 0.0569, 0.9076, 0.0174],
    [0.086, 0.1372, 0.3711, 0.3215, 0.0843]
  ],
  "Z_est": [
    [
      [3.6794, 2.3484, 0.6216, 0.6866, 1.1958, 0.3902, 1.0757, 0.4733, 0.754, 1.4375, 0.1812, 0.5927, 0.604, 0.0817, 0.244, 0.5902, 1.7808, 0.3579, 0.5955, 0.3301, 0.9342, 0.1212, 0.7555, 0.7839, 1.3232, 0.4508, 0.6738, 0.3121, 0.6297, 1.1555, 1.7914, 0.5097, 0.5668, 0.1983, 1.5356, 2.7416],
      [0.0841, 0.0182, 0.0138, 0.0481, 0.0264, 0.0118, 0.0088, 0.0014, 0.0377, 0.061, 0.0222, 0.0338, 0.0275, 0.0028, 0.0194, 0.0414, 0.1082, 0.0193, 0.0292, 0.0061, 0.0485, 0.0044, 0.0509, 0.0285, 0.0279, 0, 0.0302, 0.0172, 0.0357, 0.2114, 0.0301, 0.0062, 0.0366, 0.0046, 0.0236, 0.1046],
      [0.4879, 0.4128, 0.39, 0.2625, 0.5466, 0.3811, 0.3978, 0.2442, 0.2439, 0.8882, 0.0912, 0.2733, 0.3852, 0.045, 0.2664, 0.3053, 0.9335, 0.344, 0.4282, 0.2477, 0.3387, 0.0914, 0.3393, 0.1985, 0.4739, 0.8255, 0.246, 0.1832, 0.2366, 0.2343, 0.6565, 0.1809, 0.3211, 0.0713, 0.4741, 1.25],
      [5.8322, 3.259, 2.4449, 2.4657, 3.2311, 2.1456, 2.5503, 1.1893, 2.0399, 4.4184, 0.7695, 3.0266, 2.503, 0.302, 2.5285, 1.8228, 7.1775, 1.5201, 1.713, 1.3254, 2.729, 0.6996, 2.2878, 1.4935, 4.4771, 2.7237, 2.2889, 1.4252, 2.1575, 2.3988, 3.522, 1.3032, 2.4889, 0.5476, 3.2911, 8.6583],
      [12.9164, 6.9616, 11.5296, 8.5372, 10, 9.0713, 6.9673, 8.0918, 4.9246, 17.1949, 3.9357, 9.0736, 8.4803, 1.5686, 9.9418, 12.2403, 17, 6.7588, 6.2341, 6.0907, 14.9495, 3.0834, 10.5664, 6.4956, 18.6979, 7, 11.7611, 6.0623, 6.9405, 4, 10, 3, 13.5867, 1.1782, 15.6756, 20.2455]
    ],
    [
      [0.001, 0.005, 0.0001, 0.0007, 0.0151, 0, 0.0361, 0.0043, 0.0093, 0, 0, 0, 0, 0.0009, 0, 0.003, 0, 0, 0, 0, 0.0249, 0, 0.0127, 0.0865, 0.0077, 0, 0.0089, 0, 0.003, 0, 0.0018, 0.0079, 0.0004, 0.0063, 0.0205, 0],
      [4.7168, 6.3898, 10.9857, 8.7012, 15.9411, 15.1035, 8.1804, 2.7411, 12.2164, 20.1994, 10.5335, 12.4583, 11.8234, 2.693, 10.4536, 8.3347, 22.6895, 4.821, 9.883, 10.0357, 17.8566, 15.8561, 17.2688, 16.8332, 11.6243, 4.194, 17.7674, 13.0082, 15.4126, 5.2555, 3.3234, 4.7563, 8.9658, 6.0191, 8.1982, 81.3498],
      [0.8985, 2.6994, 4.6959, 1.6686, 6.3798, 6.263, 4.5212, 1.8182, 2.7943, 7.181, 1.8273, 3.1475, 4.0285, 1.0122, 3.2814, 2.1017, 6.9664, 1.8047, 3.5356, 5.625, 4.6169, 6.8087, 4.4622, 3.9041, 3.948, 2.9759, 4.5268, 3.735, 3.3072, 1.2326, 1.3296, 2.4655, 2.2941, 2.2278, 2.9225, 25.943],
      [0.3837, 0.9058, 1.3092, 0.6294, 1.664, 1.6267, 1.2623, 0.4317, 0.98, 1.6196, 0.6321, 1.3943, 1.1481, 0.2936, 1.2625, 0.5404, 2.3441, 0.3744, 0.5814, 1.3385, 1.4374, 2.3318, 1.2362, 1.1692, 1.4072, 0.8301, 1.6599, 1.2514, 1.2773, 0.5119, 0.3453, 0.7703, 0.7314, 0.7468, 0.8473, 7.7071],
      [0, 0, 0.0091, 0, 0, 0.0069, 0, 0.0047, 0, 0, 0.007, 0, 0, 0.0002, 0.0025, 0.0201, 0, 0, 0, 0.0008, 0.0642, 0.0034, 0.0201, 0.0071, 0.0127, 0, 0.0369, 0.0054, 0, 0, 0, 0, 0.0083, 0, 0.0115, 0]
    ],
    [
      [8.4876, 5.5003, 8.9983, 4.5261, 11.7186, 11.7519, 20.6986, 9.4434, 11.795, 13.0545, 9.3159, 10.5634, 14.4628, 7.3889, 4.859, 16.1495, 18.7126, 6.3288, 4.7148, 10.3414, 17.9249, 8.989, 7.7333, 14.2407, 10.5857, 2.566, 15.6492, 6.9277, 10.4112, 9.2839, 14.9154, 5.0114, 9.1928, 3.5289, 10.8854, 79.0255],
      [0.6572, 0.2496, 0.6322, 0.485, 0.7122, 1.7829, 0.6143, 0.3174, 0.9351, 1.0549, 1.4908, 1.1236, 1.3712, 0.5297, 0.9252, 1.6998, 1.7114, 0.7079, 0.453, 0.6424, 1.4773, 0.8062, 0.7137, 0.8696, 0.6659, 0.1584, 1.3204, 0.7378, 1.0149, 0.7479, 0.7833, 0.1635, 1.1041, 0.167, 0.5043, 6.1639],
      [1.8394, 1.5787, 3.9542, 1.3546, 4.1709, 10.5248, 5.727, 3.2837, 2.9547, 5.2956, 3.6063, 4.0988, 6.7331, 2.9837, 4.2096, 6.1008, 7.434, 3.9356, 2.3026, 5.3837, 5.3738, 5.0543, 2.6, 2.8035, 3.2611, 1.6802, 4.7776, 3.054, 3.0946, 2.5618, 4.8393, 1.3064, 4.0456, 0.917, 2.6283, 27.4474],
      [1.0157, 0.6714, 1.4043, 0.6335, 1.3982, 2.9237, 1.9601, 0.9154, 1.3153, 1.595, 1.5719, 2.2142, 2.4328, 1.0937, 1.9998, 1.9298, 3.142, 1.0277, 0.5296, 1.6272, 2.1357, 2.1436, 0.9448, 1.0781, 1.4724, 0.5954, 2.2091, 1.2749, 1.4787, 1.4064, 1.4621, 0.5187, 1.6373, 0.3871, 0.9614, 10.3632],
      [0, 0, 0.011, 0.0008, 0, 0.0167, 0, 0.0401, 0, 0, 0.015, 0, 0, 0.004, 0.0064, 0.1201, 0, 0, 0, 0.0052, 0.0884, 0.0069, 0.0082, 0.0081, 0.015, 0, 0.0437, 0.0056, 0.0005, 0, 0, 0, 0.0202, 0, 0.0206, 0]
    ],
    [
      [0.3196, 0.1429, 0.309, 0.7431, 4.1029, 1.6232, 11.4613, 4.5821, 6.5631, 5.7897, 1.3299, 1.5784, 5.5139, 4.678, 1.6814, 3.1877, 9.7343, 2.0168, 6.9029, 2.0787, 6.7321, 3.4815, 8.0857, 12.21, 10.7895, 1.7148, 10.7926, 4.389, 7.9383, 3.2979, 6.7507, 5.1193, 6.9603, 6.409, 8.7082, 33.9073],
      [0.1937, 0.0529, 0.1711, 0.6349, 1.4777, 1.3702, 1.6916, 1.0375, 3.3521, 3.3469, 2.6421, 3.4838, 4.5547, 2.61, 6.0536, 2.5572, 9.0071, 2.3542, 5.2313, 1.0071, 4.2079, 2.1892, 5.9751, 5.5699, 5.0806, 0.2558, 6.9777, 3.9543, 6.0658, 1.7076, 2.1623, 0.505, 6.5197, 2.2363, 2.9956, 17.9853],
      [0.8186, 0.4889, 1.5643, 2.6529, 12.6053, 12.1835, 29.7455, 17.7462, 15.6596, 24.8179, 8.0885, 11.7814, 30.508, 22.0386, 32.1662, 13.6623, 42.1478, 18.1757, 36.132, 12.4307, 22.7069, 32.5593, 30.8836, 26.1003, 37.1786, 18.2911, 36.8147, 23.3116, 26.5703, 8.8045, 19.647, 11.9574, 35.0275, 18.6751, 23.3748, 118.5729],
      [0.5845, 0.2769, 0.7596, 1.657, 5.8142, 5.541, 14.0688, 6.8415, 9.3497, 10.2404, 4.7155, 8.2301, 14.9036, 10.8829, 21.5036, 6.1775, 24.1109, 6.2121, 9.9678, 5.2048, 12.2962, 17.7683, 14.9789, 13.7173, 23.2539, 7.7383, 23.3587, 13.3035, 17.4542, 6.19, 8.44, 6.4183, 19.298, 10.8578, 11.6, 60.78],
      [0.0836, 0.0384, 0.1961, 0.3121, 0, 1.2821, 1.0327, 2.7926, 0.0754, 1.8051, 1.224, 0.9264, 2.5197, 2.7905, 4.5951, 2.4153, 0, 1.2412, 0.7659, 1.2787, 4.0569, 4.0017, 4.0767, 3.4025, 5.6974, 0, 7.0562, 3.0417, 2.9714, 0, 0, 0, 6.1944, 0.8218, 3.3214, 4.7545]
    ],
    [
      [0.6141, 0.2353, 0.0883, 0.5561, 0.3176, 0, 1.2485, 0.5854, 0.5254, 0.4537, 0, 0, 0, 0.3353, 0, 0.6128, 0, 0, 0, 0, 0.9856, 0, 0.8931, 3.0285, 1.2271, 0, 0.9193, 0, 1.0525, 0, 0.508, 0.1685, 0.4735, 0.5027, 2.1781, 3.0589],
      [0.3697, 0, 0, 0.8384, 0, 0, 0, 0, 0.5506, 0.4546, 1.2858, 0.057, 0.218, 0.0715, 0, 0.7114, 0.1111, 0, 0.1015, 0, 0.5645, 0, 1.2695, 1.2006, 0, 0, 0.5101, 0.4567, 1.6903, 0.4214, 0.0404, 0, 0.6289, 0, 0, 1.9342],
      [57.7812, 87.4041, 116.7571, 69.0521, 122.9037, 67.3229, 87.3615, 64.806, 42.3205, 118.1281, 46.5314, 36.5915, 115.5828, 67.3578, 84.8321, 79.182, 130.1362, 100.5729, 153.5074, 117.7905, 77.7008, 94.17, 90.6805, 90.2795, 130.0581, 62.2351, 93.2929, 65.7316, 116.3014, 60.5714, 66.271, 74.5127, 112.1953, 60.1891, 92.8307, 426.5583],
      [10.235, 12.3607, 11.5972, 10.5533, 10.7787, 6.5841, 8.39, 3.6742, 5.6035, 7.9636, 6.0386, 6.3515, 12.1992, 7.1713, 14.0284, 6.1688, 17.7527, 3.4271, 0.3911, 8.1409, 8.8246, 13.7313, 8.7258, 9.2975, 19.655, 6.7649, 13.465, 8.6923, 18.9558, 12.0072, 5.1807, 9.3189, 13.7099, 8.3081, 9.082, 47.4485],
      [0, 0, 0.5574, 0, 0, 0.093, 0, 0.9344, 0, 0, 0.1442, 0, 0, 0.064, 0.1396, 1.325, 0, 0, 0, 0.0686, 0.9245, 0.0987, 0.4311, 0.194, 1.0599, 0, 0.8126, 0.1194, 0, 0, 0, 0, 0.9924, 0, 0.9093, 0]
    ],
    [
      [0.2168, 0.2126, 0.4715, 0.5827, 0.7912, 0, 2.3002, 1.1297, 0.7195, 0.6636, 0, 0, 0, 0.155, 0, 0.6418, 0, 0, 0.2329, 0, 1.6488, 0, 0.6388, 4.5759, 1.1404, 0, 0.9494, 0, 0.8917, 0, 0.5688, 0.55, 0, 0.7324, 2.7072, 3.5272],
      [3.8059, 0.2957, 0.3556, 4.3618, 0.9393, 0, 0, 0, 2.264, 2.1611, 3.8483, 0.093, 1.8536, 1.0657, 0, 3.2694, 1.2273, 1.1134, 1.791, 0, 3.4323, 0, 2.6716, 4.1649, 1.2584, 0, 3.0985, 1.6145, 3.8659, 0.9458, 0.7943, 0, 4.1027, 0.3259, 1.1499, 10.8787],
      [3.5053, 9.9451, 16.4917, 5.2911, 16.7009, 10.4955, 11.1228, 10.4659, 4.1377, 16.7384, 3.7874, 2.8316, 16.7246, 10.216, 6.5596, 11.6375, 16.0073, 13.0465, 14.9682, 16.6205, 9.371, 9.3392, 8.033, 8.6372, 8.7161, 7.209, 7.4564, 7.8641, 5.6358, 2.1247, 9.0949, 6.1919, 13.6921, 5.6323, 9.9802, 57.4038],
      [193.4721, 148.5465, 155.0215, 139.6145, 136.5687, 90.9916, 107.577, 75.4372, 72.8788, 120.4369, 77.6996, 88.0754, 160.4218, 104.0001, 212.1463, 111.8558, 216.7655, 73.8401, 77.0079, 113.8345, 145.7451, 158.8735, 90.8304, 128.749, 182.449, 71.791, 173.3498, 117.7736, 141.519, 66.9295, 71.542, 73.2581, 204.1781, 83.3094, 118.1737, 631.1904],
      [0, 0, 1.6598, 0.1499, 0, 0.5128, 0, 1.9673, 0, 0, 0.6648, 0, 0, 0.5632, 1.2941, 3.5954, 0, 0, 0, 0.545, 3.8027, 0.7873, 0.8261, 0.8731, 2.4361, 0, 3.146, 0.7478, 0.0875, 0, 0, 0, 4.0271, 0, 1.989, 0]
    ],
    [
      [0.6816, 0.5555, 0.5112, 0.9047, 0.8588, 0.2347, 1.1796, 0.7819, 0.6338, 0.6009, 0.173, 0.2656, 0.4192, 0.3602, 0.2156, 0.8149, 0.7723, 0.2965, 0.5539, 0.2498, 0.7494, 0.4083, 0.8809, 1.0745, 0.9265, 0.2684, 1.0067, 0.3711, 1.0736, 0.2626, 0.464, 0.6332, 0.8062, 0.6224, 0.965, 3.7395],
      [4.1726, 1.9938, 2.8417, 7.9305, 3.9033, 2.7316, 2.5049, 1.9026, 3.6442, 3.7221, 2.1773, 2.7505, 3.1515, 2.0272, 3.5483, 6.386, 6.1454, 2.9842, 4.5111, 1.3087, 4.413, 3.144, 6.0503, 4.3334, 4.3428, 1.3918, 6.2956, 3.2114, 7.9148, 1.7104, 1.8663, 1.569, 7.6422, 2.2471, 3.1283, 21.5834],
      [10.669, 11.4711, 16.1469, 19.7182, 20.6928, 14.8293, 19.1241, 17.6357, 10.8892, 16.9509, 5.0678, 9.276, 14.0377, 10.3468, 14.6848, 21.0104, 24.3749, 15.1206, 21.126, 17.9019, 14.8919, 17.9773, 20.0015, 13.077, 19.3642, 14.7831, 20.8857, 12.1204, 21.8542, 5.4707, 10.1618, 11.3853, 25.4243, 11.2874, 14.7895, 87.8246],
      [9.4768, 7.9796, 9.4632, 15.4466, 11.5452, 8.1873, 11.1915, 8.5107, 7.8328, 8.7261, 3.5727, 7.7079, 8.3915, 6.2564, 11.5308, 11.5049, 16.7074, 6.5986, 7.809, 8.5286, 9.832, 12.4518, 11.996, 8.4953, 14.2854, 8.5567, 15.6684, 8.2791, 17.1574, 4.5563, 5.5079, 7.4126, 16.9565, 7.8431, 9.0445, 54.8525],
      [0, 0, 0.037, 0, 0, 0.0171, 0, 0.1692, 0, 0, 0.0092, 0, 0, 0.0095, 0.0205, 0.2838, 0, 0, 0, 0.011, 0.1137, 0.0186, 0.0713, 0.0197, 0.0811, 0, 0.1436, 0.0179, 0, 0, 0, 0, 0.1709, 0, 0.0727, 0]
    ]
  ],
  "V_est": [
    [32.5039, 1.2817, 13.6961, 94.7572, 330.7611],
    [0.2561, 456.5904, 148.95, 44.9827, 0.2208],
    [435.6826, 35.494, 162.9164, 61.4703, 0.4367],
    [211.6253, 127.2181, 835.8893, 434.4958, 74.7716],
    [20.5682, 13.4861, 3479.5, 382.5775, 8.8681],
    [26.0482, 66.7483, 393.6754, 4935.8532, 29.6749],
    [25.3157, 151.1814, 632.3727, 399.8633, 1.2668]
  ],
  "p_est": [
    [0.0687, 0.0027, 0.029, 0.2003, 0.6993],
    [0.0004, 0.7014, 0.2288, 0.0691, 0.0003],
    [0.626, 0.051, 0.2341, 0.0883, 0.0006],
    [0.1257, 0.0755, 0.4964, 0.258, 0.0444],
    [0.0053, 0.0035, 0.891, 0.098, 0.0023],
    [0.0048, 0.0122, 0.0722, 0.9053, 0.0054],
    [0.0209, 0.1249, 0.5226, 0.3305, 0.001]
  ],
  "EI_Z": {},
  "EI_V": 7.431,
  "MAE_Z": {},
  "MAE_V": 59.7496,
  "MAE_p": 0.064,
  "runtime": 0.003
}
