{
  "Z_true": {},
  "V_true": [
    [928, 133, 1757, 53],
    [782, 198, 13618, 351],
    [329, 10451, 1091, 761],
    [249, 1133, 1604, 895]
  ],
  "p_true": [
    [0.3232, 0.0463, 0.612, 0.0185],
    [0.0523, 0.0132, 0.911, 0.0235],
    [0.026, 0.8273, 0.0864, 0.0602],
    [0.0642, 0.2919, 0.4133, 0.2306]
  ],
  "Z_est": [
    [
      [13.3118, 8.4167, 1.5851, 5.8343, 5.3777, 12.8559, 4.6406, 11.9315, 10.2412, 32.8961, 13.8343, 52.3837, 38.0135, 50.2715, 17.1271, 19.2449, 21.846, 38.6575, 44.7696, 27.4319, 29.5509, 27.6782, 9.5875, 10.5804, 12.3491, 22.9244, 12.799, 68.0934, 72.4096, 14.5989, 62.3714, 47.1016, 2.1825, 6.7369, 11.0648, 9.3061, 27.6694, 16.4577, 15.7723, 32.0062, 5.0066, 1.1727, 5.9583, 7.7376, 29.5397, 19.9983, 22.5913, 19.797, 4.809, 73.1106, 20.013, 125.6324, 42.2989],
      [2.1421, 2.182, 0.4963, 0.8224, 1.1751, 2.7948, 0.3861, 1.9858, 1.2113, 6.1479, 1.8249, 9.0717, 2.7511, 8.0368, 4.3475, 3.5274, 3.0548, 4.883, 7.5573, 4.892, 4.4273, 6.6063, 3.8147, 0.8175, 2.699, 4.2148, 1.4906, 9.4073, 12.4348, 2.6445, 12.7165, 7.2715, 0.2448, 0.6884, 1.2593, 1.5332, 3.7191, 1.7674, 2.3511, 3.3725, 0.521, 0.3515, 0.5793, 0.5764, 5.8596, 3.4072, 5.9307, 4.8053, 0.6908, 15.4244, 3.67, 13.5045, 5.3946],
      [15.4605, 14.3371, 2.9105, 5.3281, 10.4067, 17.2466, 2.9629, 10.9642, 10.5198, 35.723, 12.2762, 50.3497, 68.0104, 73.5836, 25.3968, 18.19, 11.0577, 21.3824, 39.5182, 26.5831, 27.9376, 34.6328, 16.5588, 6.5624, 13.9125, 31.7083, 11.6588, 61.3582, 66.0023, 12.7244, 69.6396, 41.4626, 1.5551, 3.5383, 8.6567, 9.1407, 26.5551, 14.729, 11.8269, 24.5413, 5.4625, 2.4661, 3.4522, 5.6081, 30.4523, 20.5088, 29.362, 25.3131, 4.4927, 97.126, 21.202, 82.4641, 38.1148],
      [0.0855, 0.0642, 0.0081, 0.0152, 0.0405, 0.1027, 0.0103, 0.1185, 0.0277, 0.233, 0.0646, 0.1948, 0.2249, 0.1082, 0.1287, 0.0377, 0.0415, 0.0771, 0.155, 0.0931, 0.0842, 0.0827, 0.039, 0.0396, 0.0394, 0.1526, 0.0516, 0.141, 0.1532, 0.0322, 0.2725, 0.1643, 0.0177, 0.0364, 0.0192, 0.02, 0.0565, 0.0459, 0.0498, 0.08, 0.0099, 0.0096, 0.0101, 0.0779, 0.1484, 0.0857, 0.116, 0.0846, 0.0074, 0.3389, 0.115, 0.3989, 0.1917]
    ],
    [
      [0, 0, 0.6799, 3.6021, 0, 0, 0, 1.5759, 0, 4.3075, 0, 4.9881, 0, 0, 1.459, 2.8292, 11.1822, 18.649, 4.5568, 2.218, 1.4633, 1.0809, 0.1301, 0, 0.8733, 0, 0, 3.0911, 9.5486, 3.5339, 1.7845, 4.0432, 0.0383, 1.6534, 0, 2.2078, 0, 0, 4.1022, 0.9911, 0, 0, 7.5564, 0, 3.4383, 2.764, 10.2225, 2.2652, 0, 1.9323, 2.5545, 27.4125, 0.6852],
      [0, 0, 0, 0, 0, 0, 0, 0.2068, 0, 0.3803, 0, 2.084, 0, 0, 0.5948, 3.619, 6.1504, 9.5475, 3.1651, 0.9, 0, 2.613, 7.7938, 0, 2.6597, 0, 0, 0, 8.2753, 2.3012, 1.731, 0.3977, 0, 0.1529, 0, 0, 0, 0, 2.8511, 0, 0, 0, 0, 0, 3.6315, 0, 1.85, 3.2061, 0, 0, 0.6984, 0, 0],
      [420.167, 738.7862, 170.1461, 356.0631, 430.1502, 341.3115, 81.4072, 109.3117, 94.6564, 389.5853, 123.1455, 346.7107, 180.2366, 161.4761, 201.848, 186.5354, 109.9218, 278.8515, 280.8625, 159.2139, 134.786, 164.2944, 81.4171, 171.3813, 120.2836, 600.8764, 441.6707, 271.1418, 602.4281, 99.902, 220.6562, 220.515, 27.4599, 44.1531, 174.7221, 168.5558, 399.1069, 252.685, 158.789, 237.8015, 361.5552, 367.4402, 263.2276, 20.6947, 280.6315, 255.3787, 180.5767, 222.0949, 118.374, 731.8907, 232.1355, 1048.5274, 164.9578],
      [29.833, 43.2138, 6.174, 13.3348, 21.8498, 25.6885, 3.5928, 13.9056, 3.3436, 30.7269, 7.8545, 18.2172, 6.7634, 3.5239, 13.0983, 6.0163, 8.7455, 16.952, 15.4156, 7.6681, 5.7506, 6.0117, 3.6591, 12.6187, 5.1834, 37.1236, 25.3293, 10.7671, 21.748, 4.263, 10.8282, 12.044, 3.5018, 5.0406, 5.2779, 5.2365, 11.8931, 10.315, 9.2577, 11.2074, 8.4448, 18.5598, 10.2159, 2.3053, 18.2987, 13.8573, 10.3507, 10.4338, 2.626, 33.177, 15.6116, 67.0601, 10.357]
    ],
    [
      [7.7234, 0.8065, 0.1358, 0.6655, 0.547, 3.7604, 4.0058, 4.9237, 4.8943, 8.0026, 4.6431, 14.4836, 1.1635, 1.3755, 5.1598, 5.6545, 0.0828, 7.6341, 12.4548, 10.5653, 7.1889, 2.9305, 0, 10.0295, 1.1142, 7.3089, 9.2238, 12.35, 21.135, 2.0213, 3.8624, 8.2076, 1.6013, 3.2506, 8.107, 1.2509, 12.7972, 10.4183, 1.4875, 10.9505, 3.3818, 0.4209, 2.1047, 1.9621, 10.9108, 9.2033, 0.4889, 5.8875, 3.3047, 18.7386, 3.4609, 41.3858, 9.0966],
      [115.3026, 49.7279, 11.2282, 22.8399, 22.8249, 80.8437, 26.6693, 200.6819, 92.9133, 374.3472, 69.9216, 579.5824, 88.6398, 89.0583, 417.6075, 257.4919, 147.0768, 343.7964, 465.5426, 458.8353, 206.188, 238.5133, 130.9624, 63.0447, 63.6157, 140.4505, 51.0879, 274.8644, 803.269, 174.3481, 217.7031, 262.4116, 29.4043, 60.9068, 99.7447, 48.0676, 182.9565, 124.9046, 47.5428, 102.5958, 22.479, 28.6485, 40.4267, 25.1643, 567.9901, 344.3911, 801.0449, 469.7975, 55.1729, 896.2791, 157.071, 615.0686, 176.8175],
      [13.7104, 1.3933, 0.2633, 0.6137, 7.5262, 2.3306, 1.7994, 2.9256, 10.8829, 8.8378, 2.6579, 8.4387, 4.4082, 3.4826, 9.3801, 0, 0, 0, 2.1674, 4.2881, 6.8559, 1.9463, 0, 5.6389, 0.91, 21.748, 6.2806, 8.7852, 4.7078, 0, 4.5437, 5.111, 1.09, 0, 4.7007, 1.2234, 12.736, 16.6465, 0.6939, 3.8675, 9.8092, 3.1645, 0.9754, 1.5857, 0.1142, 10.1291, 0, 0, 2.1834, 33.4852, 3.634, 13.9919, 7.3244],
      [10.2635, 3.0723, 0.3727, 0.8809, 2.1019, 6.0653, 1.5255, 23.4688, 4.3095, 27.8124, 4.7774, 27.4952, 3.7885, 2.0836, 25.8525, 6.8536, 6.8404, 14.5695, 21.8352, 19.3112, 8.7672, 7.6099, 4.0376, 6.2868, 2.3601, 11.4926, 4.4077, 11.0004, 24.8882, 5.6307, 9.8908, 13.2698, 3.9044, 5.8426, 3.4476, 1.4581, 6.5103, 7.0306, 2.2757, 5.5861, 1.33, 1.7661, 1.4932, 3.2879, 30.985, 18.2765, 33.4662, 18.315, 1.339, 41.497, 9.8341, 38.5536, 11.7615]
    ],
    [
      [8.9647, 10.7767, 1.5991, 6.8981, 5.0752, 7.3837, 5.3536, 4.5689, 2.8645, 13.7938, 3.5225, 17.1446, 2.823, 3.353, 6.2541, 8.2714, 6.889, 21.0594, 14.2189, 8.7848, 5.7968, 6.3104, 3.2823, 6.39, 4.6634, 11.7668, 7.9772, 12.4655, 30.9067, 6.8459, 6.9818, 11.6476, 1.178, 4.3591, 6.8282, 5.2353, 12.5334, 10.124, 7.6379, 7.0522, 7.6117, 4.4064, 7.3806, 1.3002, 13.1112, 9.0344, 10.6972, 10.0503, 2.8862, 23.2185, 6.9716, 43.5692, 4.9193],
      [3.5552, 0.0902, 1.2755, 0.3377, 0, 4.3615, 0.9446, 2.1255, 0.8754, 7.1247, 1.2535, 8.2619, 1.6091, 1.9049, 4.4502, 4.3617, 2.718, 7.7731, 6.735, 4.3727, 2.3847, 4.2674, 4.4292, 1.1378, 3.0256, 5.3347, 2.4215, 4.7283, 15.0209, 3.7063, 3.8493, 4.9192, 0.3509, 1.2519, 1.9961, 2.3991, 4.3244, 2.328, 3.255, 2.0316, 0, 0, 1.994, 0.2593, 7.5188, 4.2018, 8.1744, 7.191, 1.1363, 13.2964, 3.5607, 12.4269, 1.7879],
      [56.6621, 60.4834, 15.6802, 25.9951, 36.917, 54.1112, 18.8304, 22.7984, 15.9409, 80.8538, 16.9203, 88.5008, 24.3448, 25.4578, 50.3751, 42.2745, 19.0204, 61.7662, 67.452, 45.9149, 29.4205, 43.1265, 32.0242, 21.4173, 28.8939, 88.6673, 39.3899, 59.7147, 150.8618, 32.3736, 42.1605, 54.9113, 4.895, 12.3086, 28.9205, 28.0801, 64.6021, 48.9395, 30.6902, 28.7897, 36.1731, 28.9292, 23.3447, 5.1115, 72.802, 49.9834, 75.0612, 69.592, 14.9499, 166.498, 40.0285, 151.0166, 23.603],
      [22.8179, 20.6497, 3.4451, 5.7691, 11.0078, 23.1435, 4.8714, 16.5072, 3.3192, 36.2277, 6.3036, 27.0927, 5.2232, 3.2843, 18.9205, 8.0924, 8.3725, 21.4014, 21.5942, 12.9276, 7.398, 9.2957, 8.2643, 9.0549, 7.4171, 31.2312, 13.2114, 14.0914, 32.2106, 8.0742, 12.0085, 17.5219, 3.5761, 8.0804, 5.2553, 5.2854, 11.54, 11.6085, 10.4169, 8.1264, 5.2153, 8.6644, 5.2807, 3.3289, 27.568, 15.7805, 24.0671, 19.1667, 2.0276, 43.9871, 15.4392, 55.9874, 8.6898]
    ]
  ],
  "V_est": [
    [1319.5769, 213.4861, 1332.9336, 5.0034],
    [149.4203, 64.8097, 14000.4978, 734.2722],
    [344.2644, 11437.8644, 278.9888, 570.8824],
    [474.7384, 198.8398, 2457.5798, 749.842]
  ],
  "p_est": [
    [0.4596, 0.0744, 0.4643, 0.0017],
    [0.01, 0.0043, 0.9366, 0.0491],
    [0.0273, 0.9055, 0.0221, 0.0452],
    [0.1223, 0.0512, 0.6332, 0.1932]
  ],
  "EI_Z": {},
  "EI_V": 9.6679,
  "MAE_Z": {},
  "MAE_V": 414.91,
  "MAE_p": 0.0716,
  "runtime": 0.001
}
