{
  "Z_true": {},
  "V_true": [
    [20, 20, 1212, 124],
    [1089, 477, 471, 114],
    [1161, 6703, 1898, 541],
    [163, 71, 17557, 332],
    [94, 811, 896, 428],
    [204, 311, 1022, 629]
  ],
  "p_true": [
    [0.0145, 0.0145, 0.8808, 0.0901],
    [0.5063, 0.2218, 0.219, 0.053],
    [0.1127, 0.6506, 0.1842, 0.0525],
    [0.009, 0.0039, 0.9688, 0.0183],
    [0.0422, 0.3638, 0.402, 0.192],
    [0.0942, 0.1436, 0.4718, 0.2904]
  ],
  "Z_est": [
    [
      [6, 3, 4, 3, 2, 3, 2, 3, 4, 0.9954, 3, 0, 1.9919, 3.0063, 5, 4, 5, 3, 2, 3, 2.9998, 7, 3, 6, 3, 6, 3, 2, 0.6887, 6, 2, 0.1898, 2, 2, 5, 6, 2, 3, 3, 2, 4, 3, 3, 2, 3, 0.9569, 4, 4, 1, 3.0015, 4, 6, 0.9724, 8, 2, 8, 4.0001],
      [7, 6, 8, 13, 2, 4, 5, 4, 5, 1.0055, 2, 0, 1.0079, 3.0002, 5, 6, 8, 2, 2, 3, 3.0002, 9, 5, 11, 3, 7, 3, 2, 1.1019, 9, 3.0002, 1.0419, 3, 1, 13, 5, 5, 3, 1, 1, 4, 3, 6, 4, 7, 0.0181, 5, 6, 1, 3, 5, 6, 1.0006, 23, 2, 14, 2],
      [39, 10, 25, 40, 11, 11, 10, 13, 13, 3.9987, 14, 0, 5.9908, 7.987, 20, 39, 45, 14, 4, 4, 13, 27, 18, 24, 5, 21, 6, 8, 0.1921, 31, 12.0001, 3.7264, 5, 2, 29, 23, 10, 10, 9, 4, 16, 20, 14, 6, 19, 3.0023, 17, 21, 2, 4.9985, 11, 16, 2.0269, 75, 6, 36, 11.9999],
      [3, 1, 1, 3, 3.8217e-07, 2.0865e-11, 1, 1, 1.6718e-11, 0.0005, 1, 0, 0.0095, 0.0065, 1, 2, 3, 1, 2.7149e-06, 8.0435e-09, 0, 2, 1, 2, 1.8613e-09, 2, 1.4241e-09, 5.4262e-06, 0.0172, 2, 0.9996, 0.0419, 2.0536e-07, 0, 2, 1, 1, 1.248e-10, 0, 0, 5.09e-08, 1, 1, 1, 1, 0.0227, 1, 1, 2.1814e-07, 2.7556e-06, 1, 1, 0, 4, 4.1209e-08, 3, 2.2654e-06]
    ],
    [
      [6, 3, 2, 5, 2, 3, 4, 2, 2, 1.002, 2, 0.3029, 0.9959, 4.994, 1, 2, 4, 2, 4, 6, 2.0001, 17, 2, 6, 4, 6, 2, 1, 1.0712, 7, 1.999, 0.8818, 2, 1, 4, 4, 2, 3, 0, 1, 2, 1, 2, 2, 2, 1.0148, 9, 2, 3, 3.9955, 6, 10, 1.9452, 9, 3, 18, 3.9999],
      [11, 8, 9, 18, 2, 9, 11, 9, 11, 0.9992, 2, 0.2291, 2.9741, 8.0002, 5, 4, 8, 5, 9, 13, 5.0001, 26, 6, 20, 9, 17, 10, 3, 2.3971, 12, 4.003, 1.2022, 11, 7.9999, 16, 7, 8, 5, 3.9999, 3, 6, 3, 10, 9, 9, 0.9588, 15, 8, 6, 7.0076, 21, 16, 2.0273, 32, 6, 41, 5.9999],
      [52, 13, 21, 57, 11, 24, 24, 23, 21, 3.9894, 12, 1.3065, 9.9974, 20.0122, 14, 20, 45, 20, 15, 20, 17.9999, 71, 18, 39, 16, 40, 13, 8, 0.3241, 38, 14.9977, 1.8939, 16, 13.0001, 35, 23, 16, 16, 9, 5.9999, 19, 9, 20, 13, 20, 3.0011, 45, 21, 9, 12.997, 38, 36, 4.0002, 102, 14, 98, 22.0001],
      [4, 2, 1, 4, 2.5509e-07, 2, 2, 1, 1, 0.0093, 1, 0.1615, 0.0326, 1.9937, 1, 1, 3, 1, 2, 2, 0.9999, 5, 1, 4, 1, 4, 1, 1, 0.2077, 3, 1.0004, 0.0221, 2, 1, 3, 1, 2, 1, 0.0001, 0, 3.0018e-08, 2.6455e-06, 2, 2, 1, 0.0253, 3, 1, 1, 2, 5, 3, 0.0272, 6, 1, 9, 0.0001]
    ],
    [
      [11, 15, 16, 26, 5, 15, 17, 11, 16, 1.9948, 3, 0.4429, 1.995, 4.0123, 8, 7, 14, 6, 16, 19, 5.0001, 32, 6, 33, 17, 35, 20, 4, 3.9184, 19, 2.0004, 3.981, 12, 6, 23, 15, 11, 11, 2.9999, 5, 7, 3, 15, 16, 11, 0.9961, 28, 9, 9, 8.997, 31, 22, 4.9721, 39, 10, 55, 7.0001],
      [21, 61, 73, 143, 14, 58, 80, 39, 64, 6.983, 10, 0.5562, 5.9823, 6.9749, 20, 23, 34, 19, 45, 63, 10.0002, 47, 31, 103, 31, 82, 87, 13, 43.7197, 41, 14.0006, 15.1468, 54, 35.0001, 89, 23, 64, 24, 7.9999, 20.0001, 20, 9, 91, 81, 70, 2.0211, 49, 42, 51, 22.003, 87, 36, 47.2987, 151, 30, 129, 12.0001],
      [101, 95, 201, 431, 77, 162, 165, 112, 152, 25.0222, 41, 2.5146, 21.9695, 19.0064, 73, 122, 181, 89, 75, 87, 43.9993, 137, 102, 218, 65, 225, 134, 45, 14.2932, 128, 40.999, 17.0014, 90, 62.9999, 208, 97, 133, 74, 47.0001, 44.9999, 66, 43, 185, 130, 169, 9.9178, 157, 125, 74, 37.0045, 176, 85, 66.7829, 471, 73, 314, 47.9998],
      [7, 14, 15, 33, 5, 13, 18, 9, 10, 1.0001, 4, 0.4862, 0.0531, 1.0064, 6, 8, 12, 6, 11, 11, 2.0004, 10, 8, 23, 7, 27, 19, 5, 13.0687, 10, 3.0001, 3.8707, 15, 7.0001, 20, 6, 16, 7, 4, 3, 2, 2, 22, 21, 11, 0.065, 13, 11, 9, 5.9955, 24, 9, 14.9463, 28, 5, 31, 2]
    ],
    [
      [33, 17, 27, 52, 15, 27, 25, 20, 19, 3.9976, 9, 1.2542, 5.9349, 9.9873, 19, 25, 39, 17, 16, 18, 13.9999, 64, 15, 46, 18, 53, 20, 11, 1.2783, 40, 6.999, 4.8924, 13, 7.0001, 33, 29, 14, 23, 10, 8, 17, 10, 21, 17, 19, 4.9997, 60, 17, 10, 10.006, 37, 36, 5.0273, 86, 17, 87, 19.9999],
      [61, 68, 117, 289, 40, 108, 112, 70, 75, 17.0051, 24, 1.2146, 15.0081, 17.0185, 41, 72, 99, 47, 46, 57, 22.9996, 93, 66, 139, 32, 123, 86, 31, 9.0052, 81, 33.9956, 15.7816, 58, 42, 123, 43, 92, 53, 25.0001, 24.9998, 43, 23, 117, 84, 114, 4.9357, 105, 73, 55, 22.9924, 104, 58, 59.6185, 328, 53, 201, 27.9999],
      [314, 111, 334, 880, 229, 303, 233, 207, 180, 71.0058, 109, 7.1789, 69.074, 43.9882, 157, 427, 525, 240, 78, 85, 115.0006, 275, 227, 299, 67, 344, 137, 117, 3.861, 263, 116.0046, 18.2384, 99, 81, 289, 177, 191, 162, 152.0001, 67.0001, 165, 132, 247, 140, 281, 45.121, 340, 229, 84, 41.9985, 209, 144, 83.1896, 1039, 131, 495, 136.0002],
      [24, 16, 25, 69, 14, 24, 25, 16, 13, 2.9916, 12, 1.3523, 0.9831, 6.006, 14, 29, 34, 18, 11, 11, 6.9999, 21, 19, 32, 7, 41, 19, 14, 1.8556, 21, 10.0009, 3.0876, 17, 8.9999, 28, 12, 23, 15, 12.9999, 5, 7, 7, 30, 23, 19, 3.9436, 28, 20, 10, 7.003, 30, 15, 18.1646, 63, 9, 50, 5]
    ],
    [
      [2, 4, 3, 5, 1, 3, 4, 2, 1, 0.0013, 1, 0, 0.0384, 0.9938, 2, 2, 1, 1, 3, 3, 0, 7, 1, 7, 3, 8, 3, 1, 0.0276, 2, 0.0013, 0.0427, 2, 1.0001, 5, 2, 2, 2, 0, 1.0001, 1, 7.4156e-08, 3, 5, 2, 0.0035, 8, 2, 1, 2, 5, 3, 0.0816, 8, 2, 8, 1.0001],
      [4, 15, 14, 30, 4, 14, 20, 8, 6, 0.0164, 2, 0, 1.0219, 2.0061, 5, 6, 4, 5, 9, 11, 0, 10, 8, 24, 5, 18, 13, 2, 3.476, 5, 3.0004, 0.8913, 12, 6.9999, 20, 4, 15, 5, 1, 3, 3, 1, 20, 24, 13, 0.0272, 15, 9, 8, 4.997, 16, 6, 10.0277, 31, 6, 19, 1],
      [26, 27, 41, 94, 25, 43, 43, 27, 14, 3.9746, 15, 0, 6.9347, 5.0063, 19, 38, 26, 26, 17, 18, 4, 30, 28, 52, 11, 53, 20, 11, 1.0314, 20, 9.9989, 0.9183, 21, 15, 49, 16, 34, 20, 10, 10, 15, 11, 43, 42, 32, 2.983, 49, 31, 16, 9.003, 32, 15, 13.973, 100, 19, 46, 10],
      [3, 4, 4, 8, 2, 3, 4, 3, 2, 0.0076, 2, 0, 0.0051, 0.9937, 3, 4, 1, 3, 3, 3, 0.9999, 4, 3, 6, 2, 6, 4, 2, 2.4651, 2, 1.9994, 0.1477, 5, 3, 5, 3, 3, 2, 2, 1, 1, 1, 7, 6, 3, 0.9863, 4, 3, 1, 2, 6, 2, 3.9177, 7, 1, 6, 1]
    ],
    [
      [4, 3, 2, 4, 3.6573e-10, 2, 2, 3, 2, 0.0089, 2.6683e-06, 0, 0.0439, 1.0063, 1, 1, 2, 1, 4, 3, 1.0001, 5, 1, 7, 4, 8, 5, 1, 1.0158, 3, 0.0003, 1.0123, 4, 1, 5, 3, 1, 3, 0, 1, 1, 1.4258e-07, 3, 2, 1, 0.0289, 5, 1, 2, 2, 6, 3, 0.0014, 6, 1, 15, 0],
      [7, 14, 10, 25, 2, 10, 12, 10, 10, 0.9908, 1, 0, 1.0057, 2.0001, 3, 4, 6, 4, 12, 10, 0.9999, 7, 5, 21, 8, 20, 21, 3, 12.3001, 6, 1.0003, 4.9361, 18, 6, 18, 5, 12, 7, 2.0001, 4, 3, 1, 17, 14, 11, 0.0392, 9, 8, 12, 6, 17, 5, 9.0272, 24, 4, 34, 1],
      [38, 24, 30, 77, 13, 30, 26, 31, 24, 7.0093, 8, 0, 5.0337, 4.9999, 11, 25, 34, 20, 22, 15, 8.0001, 22, 18, 45, 16, 56, 33, 13, 4.2982, 22, 3.9997, 5.2217, 30, 13, 43, 20, 24, 23, 13.9998, 12, 14, 7, 36, 23, 27, 2.9748, 30, 25, 19, 10.9985, 34, 13, 14.0273, 78, 12, 85, 4],
      [4, 6, 4, 7, 3, 5, 5, 4, 3, 0.991, 3, 0, 1.9167, 0.9937, 2, 3, 4, 3, 5, 4, 1.9998, 3, 3, 6, 3, 9, 7, 3, 5.3858, 3, 0.9997, 2.83, 7, 3, 6, 3, 5, 4, 3, 2.9999, 3, 2, 5, 6, 3, 0.9571, 4, 4, 5, 3.0015, 5, 3, 4.9441, 6, 3, 10, 1.9999]
    ]
  ],
  "V_est": [
    [188.8028, 268.1764, 871.9228, 47.098],
    [205.2021, 521.7985, 1325.5194, 98.48],
    [757.3101, 2551.687, 6389.5105, 604.4925],
    [1304.3764, 4043.5746, 11745.661, 1029.388],
    [137.1905, 506.4639, 1417.8232, 167.5223],
    [138.1181, 501.2996, 1305.5632, 221.0191]
  ],
  "p_est": [
    [0.1372, 0.1949, 0.6337, 0.0342],
    [0.0954, 0.2426, 0.6162, 0.0458],
    [0.0735, 0.2477, 0.6202, 0.0587],
    [0.072, 0.2231, 0.6481, 0.0568],
    [0.0616, 0.2272, 0.6361, 0.0751],
    [0.0638, 0.2314, 0.6028, 0.102]
  ],
  "EI_Z": {},
  "EI_V": 34.9992,
  "MAE_Z": {},
  "MAE_V": 1060.1263,
  "MAE_p": 0.163,
  "runtime": 0.3999
}
