{
  "Z_true": {},
  "V_true": [
    [11, 105, 809, 580],
    [1657, 1778, 510, 87],
    [556, 6434, 509, 158],
    [328, 467, 16437, 426],
    [327, 961, 900, 354],
    [151, 287, 531, 487]
  ],
  "p_true": [
    [0.0073, 0.0698, 0.5375, 0.3854],
    [0.411, 0.441, 0.1265, 0.0216],
    [0.0726, 0.8403, 0.0665, 0.0206],
    [0.0186, 0.0264, 0.9309, 0.0241],
    [0.1286, 0.378, 0.3541, 0.1393],
    [0.1037, 0.1971, 0.3647, 0.3345]
  ],
  "Z_est": [
    [
      [0.1209, 0.3433, 0.2192, 0.0935, 0.1612, 0.2369, 0.1596, 0.0677, 0.2015, 0.029, 0.137, 0.0677, 0.0161, 0.0612, 0.0081, 0.1031, 0.0757, 0.0048, 0.0886, 0.2272, 0.1499, 0.1644, 0.0709, 0.2208, 0.0016, 0.2693, 0.8389, 0.9445, 0.1692, 0.5593, 0.1499],
      [8.9241, 20.2043, 12.9392, 6.1825, 10.4603, 9.3826, 9.3987, 4.5276, 12.9896, 5.2146, 10.0544, 6.4011, 0.0393, 9.2426, 1.3904, 8.2122, 2.5917, 0.5933, 4.9505, 16.6429, 6.9319, 9.4611, 3.7782, 24.2529, 0.2186, 0.3599, 1.0026, 72.7228, 9.93, 21.9823, 4.9335],
      [13.6542, 20.0815, 14.2115, 7.3393, 23.4947, 9.2684, 20.3128, 13.4903, 40.9962, 5.9524, 16.6667, 8.6039, 0.3089, 28.0381, 1.9966, 29.1004, 9.9259, 1.4723, 13.7849, 25.511, 12.3178, 21.3344, 17.2671, 49.1951, 1.0243, 2.4737, 1.6897, 174.9789, 11.122, 34.0934, 5.822],
      [12.3009, 24.3709, 18.6301, 8.3846, 19.8838, 11.1121, 17.1289, 9.9144, 28.8128, 7.804, 18.1418, 10.9273, 0.6357, 20.658, 2.6049, 20.5843, 1.4067, 0.9296, 10.176, 26.6188, 11.6004, 20.04, 1.8838, 38.3312, 0.7555, 1.897, 0.4689, 139.3538, 14.7787, 40.365, 7.0946]
    ],
    [
      [46.5178, 147.7143, 80.8169, 34.4301, 68.0314, 110.2636, 75.4065, 33.6893, 91.9889, 10.8221, 43.9428, 26.8809, 5.0619, 27.972, 2.8364, 42.1105, 35.206, 2.0073, 33.6447, 84.8753, 64.0604, 65.1948, 35.0414, 108.5716, 0.5673, 4.2328, 7.3718, 403.9124, 72.0898, 194.7107, 71.0864],
      [25.9879, 87.727, 48.5084, 19.8884, 39.825, 63.9939, 47.8278, 23.3074, 54.3027, 7.8252, 22.2552, 17.9054, 2.397, 22.5875, 1.3737, 26.279, 9.075, 1.4931, 17.4519, 50.9811, 34.3545, 36.4445, 19.9725, 66.2479, 0.3651, 1.744, 2.0592, 249.9739, 41.5796, 94.2713, 47.2589],
      [14.1699, 61.0286, 16.4472, 7.7333, 27.0817, 53.7173, 36.3275, 17.8595, 44.7887, 1.0517, 3.7334, 6.4311, 0.4207, 7.5525, 0.7146, 13.3614, 18.719, 0.4996, 10.9553, 18.7808, 29.6285, 22.4643, 21.9861, 59.5986, 0.0526, 0.9178, 2.5689, 153.7726, 30.1333, 45.9009, 32.352],
      [1.3244, 4.5301, 2.2274, 0.9482, 2.0619, 0.0252, 2.4381, 1.1438, 2.9197, 0.301, 1.0686, 0.7826, 0.1204, 0.888, 0.0753, 1.2492, 0, 0, 0.9482, 2.3629, 1.9565, 1.8963, 0, 3.5819, 0.0151, 0.1054, 0, 12.3411, 2.1973, 5.1171, 2.3027]
    ],
    [
      [14.2309, 24.7067, 20.8468, 11.53, 11.9729, 10.7548, 3.7589, 0.0378, 8.6707, 2.6128, 15.3334, 6.0533, 1.1546, 0.893, 0.9178, 8.4865, 3.2707, 0.4301, 7.6862, 25.1627, 11.7368, 13.4741, 0.0463, 1.3619, 0.113, 1.843, 0.7178, 61.8318, 12.4262, 42.4079, 5.1866],
      [239.388, 442.7041, 334.2741, 122.5618, 212.1071, 180.3032, 179.5542, 94.1935, 258.8827, 107.6203, 227.1537, 135.5778, 18.9468, 206.077, 4.2848, 166.9878, 52.3004, 15.0027, 77.1333, 362.6923, 135.7844, 179.2818, 71.3096, 302.3764, 3.2435, 3.8075, 7.7451, 1475.1573, 204.9352, 441.974, 84.6583],
      [6.6236, 15.9876, 16.9028, 4.6441, 6.026, 0, 0, 6.5062, 23.1963, 1.8996, 26.0123, 7.6601, 0.4187, 12.6402, 0, 3.9491, 4.8175, 3.2091, 2.1535, 38.616, 28.0995, 46.2706, 33.7794, 0, 0, 0, 0, 89.1898, 5.6734, 28.8667, 0],
      [11.7575, 20.6017, 25.9762, 6.2642, 19.894, 12.942, 13.6869, 9.2626, 23.2503, 9.8673, 24.5006, 16.7088, 1.48, 20.3898, 1.7974, 19.5765, 1.6114, 0.3581, 11.027, 24.5291, 13.3792, 17.9735, 2.8647, 29.2618, 0.6434, 2.3495, 0.5371, 128.8211, 18.9652, 67.7513, 8.1551]
    ],
    [
      [9.6739, 26.0441, 24.3771, 7.0918, 12.2273, 17.9741, 12.105, 5.1355, 15.2841, 2.2009, 17.2691, 5.1355, 2.9987, 4.6464, 0.8137, 7.8255, 5.7468, 0.3668, 10.582, 17.2405, 11.3714, 12.4718, 5.38, 16.7514, 0.1223, 1.4549, 1.345, 71.6519, 12.8386, 85.8613, 11.3714],
      [10.4509, 15.6356, 5.6028, 1.8882, 5.2667, 3.0612, 8.5054, 1.3828, 3.9672, 12.9404, 3.0708, 2.4531, 2.1275, 2.8228, 0.0954, 5.1014, 0.7915, 0.1812, 1.2398, 5.083, 2.1171, 2.8896, 1.1539, 6.56, 0.5636, 0.0858, 0.143, 22.2107, 9.8102, 6.7138, 4.1054],
      [286.7591, 723.0447, 623.1584, 227.9213, 500.9301, 679.8428, 907.2097, 283.386, 768.4876, 199.8275, 399.3921, 331.6474, 26.8016, 390.3064, 12.8544, 504.5249, 306.4355, 14.4462, 263.0854, 726.3545, 589.381, 701.3862, 421.4197, 1118.3579, 16.9731, 17.4418, 46.5032, 4090.7333, 445.7234, 1069.8563, 347.4333],
      [0.116, 0.2756, 2.8617, 0.0986, 1.5759, 0.1218, 0.1799, 0.0957, 0.2611, 5.0312, 1.268, 5.7641, 0.0721, 2.2244, 2.2365, 1.5482, 0.0261, 0.0058, 0.0928, 0.322, 0.1305, 0.2524, 0.0464, 0.3307, 0.3411, 0.0174, 0.0087, 1.4041, 5.6278, 0.5686, 0.0899]
    ],
    [
      [0.3874, 1.1001, 0.7024, 0.2996, 0.5165, 0.7592, 0.5113, 0.2169, 0.6456, 0.093, 0.439, 0.2169, 0.0516, 0.1963, 0.0258, 0.3305, 0.2427, 0.0155, 2.047, 0.7282, 0.4803, 0.5268, 0.2273, 0.7076, 0.0052, 0.0413, 0.0568, 3.0266, 0.5423, 1.7922, 0.4803],
      [68.2491, 126.9437, 110.1448, 46.1216, 65.0441, 63.4445, 53.6503, 20.5946, 83.0058, 32.2546, 51.5862, 41.2572, 4.2974, 53.2408, 2.8558, 54.6165, 17.6723, 1.7241, 29.2245, 93.9466, 41.29, 72.8456, 23.9562, 97.1349, 2.387, 3.0027, 3.9472, 492.9682, 57.5101, 134.232, 15.9607],
      [14.0784, 25.279, 38.5398, 19.3365, 16.9119, 17.4969, 9.3965, 2.9533, 23.7071, 8.3887, 7.3832, 12.1409, 0.6153, 10.064, 1.0543, 17.5611, 6.0208, 0.2461, 9.5004, 15.5339, 8.9089, 32.0074, 6.7025, 25.3449, 0.5864, 1.9132, 1.9746, 167.5553, 9.4486, 31.5787, 2.338],
      [0.2851, 0.6772, 0.613, 0.2424, 0.5275, 0.2994, 0.4419, 0.2352, 0.6415, 0.2637, 0.5916, 0.3849, 0.0356, 0.499, 0.0642, 0.4918, 0.0642, 0.0143, 0.2281, 0.7912, 0.3208, 0.6201, 0.114, 0.8126, 0.0214, 0.0428, 0.0214, 3.4499, 0.499, 1.3971, 0.221]
    ],
    [
      [4.0691, 13.0915, 9.0376, 4.5551, 7.0907, 7.0113, 7.0587, 2.8528, 8.2092, 2.2421, 7.8786, 3.6458, 0.717, 4.2312, 0.3981, 5.1439, 2.458, 0.1755, 0.9515, 12.7661, 5.2012, 10.168, 3.2341, 9.3868, 0.1906, 0.1586, 0.6698, 44.633, 6.9338, 21.6685, 4.7254],
      [0, 4.7853, 3.5307, 1.3574, 2.2967, 0.8145, 2.0636, 0.9941, 2.852, 1.1449, 7.8797, 1.4054, 0.192, 2.0293, 0, 1.8031, 0.569, 0.0055, 0, 3.6541, 1.522, 2.0773, 0.8295, 3.4279, 0.2222, 0, 0.1028, 15.9671, 2.235, 4.8265, 1.0832],
      [2.7148, 16.5786, 10.7403, 10.0254, 9.5556, 3.6746, 11.7534, 2.8048, 7.8242, 3.8801, 11.8123, 4.5166, 1.4349, 6.3987, 0.3801, 6.5032, 3.0813, 0.1267, 1.5205, 31.2038, 3.6643, 28.5371, 7.8453, 8.5036, 0.3636, 0.2534, 1.2635, 66.77, 7.8992, 25.7041, 3.0547],
      [14.216, 44.5446, 35.6915, 18.062, 30.057, 17.4996, 28.1243, 12.3483, 34.1146, 13.7329, 37.4294, 19.4323, 2.6562, 25.3408, 2.2217, 25.5499, 5.8917, 0.6923, 9.5279, 56.376, 17.6126, 46.2176, 11.0911, 41.6817, 1.2235, 1.588, 1.9639, 198.6299, 27.932, 80.801, 13.1367]
    ]
  ],
  "V_est": [
    [5.961, 315.9157, 635.5285, 547.5948],
    [2031.0584, 1185.2642, 760.7492, 54.9282],
    [329.6559, 6348.0189, 413.1421, 566.1831],
    [435.3588, 148.0211, 17041.6249, 32.9952],
    [17.4124, 1965.1092, 544.5667, 14.9117],
    [210.5536, 69.6709, 300.3886, 875.3869]
  ],
  "p_est": [
    [0.004, 0.2099, 0.4223, 0.3639],
    [0.5037, 0.294, 0.1887, 0.0136],
    [0.0431, 0.829, 0.054, 0.0739],
    [0.0247, 0.0084, 0.9651, 0.0019],
    [0.0068, 0.7731, 0.2142, 0.0059],
    [0.1446, 0.0479, 0.2063, 0.6012]
  ],
  "EI_Z": {},
  "EI_V": 9.7789,
  "MAE_Z": {},
  "MAE_V": 283.995,
  "MAE_p": 0.0909,
  "runtime": 0.8152
}
