{
  "X": [
    [148, 854, 987, 118],
    [48, 404, 341, 45],
    [101, 611, 631, 80],
    [44, 257, 268, 39],
    [113, 549, 849, 95],
    [98, 386, 1009, 47],
    [63, 381, 1243, 87],
    [56, 208, 483, 47],
    [119, 514, 1120, 86],
    [33, 200, 288, 28],
    [52, 440, 554, 96],
    [38, 244, 373, 58],
    [6, 28, 50, 6],
    [2, 7, 14, 2],
    [2, 16, 39, 5],
    [49, 336, 678, 86],
    [2, 10, 23, 5],
    [51, 396, 724, 68],
    [2, 20, 31, 3],
    [47, 175, 461, 34],
    [112, 780, 1110, 177],
    [107, 408, 1006, 76],
    [59, 233, 807, 32],
    [72, 426, 1123, 115],
    [102, 622, 1585, 162],
    [2, 10, 36, 7],
    [10, 17, 50, 4],
    [12, 82, 92, 30],
    [169, 1096, 2274, 180],
    [42, 163, 213, 30],
    [243, 728, 1246, 202],
    [42, 171, 424, 32]
  ],
  "W": [
    [94, 190, 727, 856, 96, 144],
    [42, 41, 380, 287, 34, 54],
    [60, 108, 568, 566, 53, 68],
    [30, 30, 237, 251, 30, 30],
    [79, 118, 520, 730, 60, 99],
    [93, 153, 381, 839, 27, 47],
    [133, 101, 363, 1063, 47, 67],
    [72, 74, 205, 414, 10, 19],
    [106, 147, 494, 936, 57, 99],
    [23, 30, 181, 272, 16, 27],
    [55, 58, 428, 494, 47, 60],
    [32, 37, 230, 345, 33, 36],
    [3, 2, 30, 47, 1, 7],
    [0, 0, 7, 13, 1, 4],
    [5, 1, 15, 35, 2, 4],
    [50, 58, 337, 607, 32, 65],
    [0, 4, 8, 23, 2, 3],
    [63, 50, 370, 645, 52, 59],
    [0, 2, 22, 26, 4, 2],
    [39, 40, 163, 402, 33, 40],
    [119, 112, 777, 976, 79, 116],
    [93, 127, 427, 858, 22, 70],
    [74, 97, 224, 674, 31, 31],
    [88, 87, 415, 997, 76, 73],
    [141, 136, 587, 1384, 82, 141],
    [3, 2, 15, 31, 1, 3],
    [4, 6, 23, 40, 2, 6],
    [0, 11, 84, 97, 10, 14],
    [206, 212, 1089, 1952, 101, 159],
    [18, 32, 169, 193, 12, 24],
    [118, 194, 728, 1198, 46, 135],
    [21, 77, 159, 394, 5, 13]
  ],
  "method": "mult",
  "cond_prob": [
    [
      [0.01313753187, 0.065898090992, 0.91331412578, 0.0076502513539],
      [0.41436774619, 0.16715854111, 0.41671676045, 0.0017569522407],
      [0.054843372094, 0.80221802384, 0.075727129207, 0.067211474857],
      [0.013651863226, 0.052630797097, 0.90313523465, 0.030582105026],
      [0.0017929330463, 0.74491243759, 0.16756410322, 0.08573052614],
      [0.1088744634, 0.51890628188, 0.15497364438, 0.21724561034]
    ],
    [
      [0.012895665616, 0.066131709934, 0.91416270946, 0.0068099149943],
      [0.41098421365, 0.16861426588, 0.41882981812, 0.0015717023549],
      [0.054120797007, 0.8096856702, 0.076039958965, 0.060153573832],
      [0.013435576955, 0.052954335106, 0.90630959352, 0.027300494419],
      [0.0017704698376, 0.75284869088, 0.16852739315, 0.076853446127],
      [0.10955064717, 0.53342409402, 0.15858463522, 0.19844062359]
    ],
    [
      [0.014555300643, 0.066733912976, 0.91066091061, 0.0080498757744],
      [0.43944498268, 0.16178703983, 0.39700119158, 0.0017667859105],
      [0.05960028553, 0.79700382591, 0.074018504127, 0.069377384429],
      [0.01510838094, 0.05323889281, 0.89950572608, 0.032147000174],
      [0.0019591950832, 0.74429866443, 0.16473307838, 0.089009062113],
      [0.11720836081, 0.51051678276, 0.15003221576, 0.22224264068]
    ],
    [
      [0.018170572399, 0.067168809992, 0.90549180247, 0.0091688151391],
      [0.49711505346, 0.14645501986, 0.35462062719, 0.0018092994892],
      [0.072255673675, 0.77969490065, 0.071296456336, 0.076752969341],
      [0.018796349808, 0.053400144735, 0.89130075205, 0.036502753407],
      [0.0024023716289, 0.73715989181, 0.16069860846, 0.099739128102],
      [0.1377855162, 0.48344291058, 0.14001392865, 0.23875764457]
    ],
    [
      [0.014248153014, 0.057218230398, 0.92045852926, 0.0080750873298],
      [0.44249364381, 0.1427339798, 0.41294873293, 0.0018236434684],
      [0.065837240319, 0.77118278575, 0.084449192382, 0.078530781547],
      [0.014761937151, 0.045562221592, 0.90748930185, 0.032186539404],
      [0.0021406775361, 0.71231989085, 0.1858894292, 0.099650002415],
      [0.12375993386, 0.47219155854, 0.16362300341, 0.24042550419]
    ],
    [
      [0.01152961621, 0.052018788155, 0.93143114894, 0.0050204466956],
      [0.39482062756, 0.14310286259, 0.46082626532, 0.0012502445303],
      [0.059926101799, 0.78900683346, 0.096134247688, 0.05493281705],
      [0.012045484321, 0.041768805777, 0.92600534046, 0.02018036944],
      [0.0019253594299, 0.72009695917, 0.2090949067, 0.068882774695],
      [0.11855265839, 0.50832901716, 0.19602603576, 0.17709228869]
    ],
    [
      [0.0088806724957, 0.049729843585, 0.93347016977, 0.0079193141539],
      [0.33628920546, 0.15116616935, 0.51036541803, 0.0021792071567],
      [0.046941130187, 0.76697126191, 0.097986713489, 0.088100894418],
      [0.0091945832768, 0.039571797201, 0.91968872118, 0.031544898338],
      [0.0014710972585, 0.68285916058, 0.20790417285, 0.10776556931],
      [0.086737230098, 0.46149752416, 0.1865996913, 0.26516555445]
    ],
    [
      [0.014150339871, 0.057574585856, 0.91750484524, 0.010770229033],
      [0.44173497726, 0.1438469267, 0.41198292424, 0.002435171798],
      [0.063383399898, 0.7534954, 0.081506028532, 0.10161517157],
      [0.014544043554, 0.04547974957, 0.89737079371, 0.042605413169],
      [0.0020468079793, 0.69147512696, 0.1782997104, 0.12817835466],
      [0.11352362527, 0.43896835354, 0.15040260472, 0.29710541647]
    ],
    [
      [0.012742120417, 0.052219805176, 0.92832198517, 0.0067160892367],
      [0.41907105281, 0.13801565347, 0.44130631699, 0.0016069767257],
      [0.064471004994, 0.77072435685, 0.093284590355, 0.071520047801],
      [0.013243995667, 0.041715586543, 0.91818503268, 0.026855385112],
      [0.0020754789527, 0.70479267577, 0.20328428659, 0.089847558683],
      [0.12206640435, 0.47534141303, 0.18205370406, 0.22053847856]
    ],
    [
      [0.014509678679, 0.064645463283, 0.91337899501, 0.0074658630327],
      [0.44283020495, 0.15703723626, 0.39849143442, 0.0016411243677],
      [0.061180529326, 0.79628770606, 0.076248940061, 0.066282824555],
      [0.015081879817, 0.05164147276, 0.90340650401, 0.029870143415],
      [0.0020079896156, 0.7432552131, 0.1696849079, 0.085051889384],
      [0.12075351365, 0.51073974037, 0.1549575234, 0.21354922258]
    ],
    [
      [0.010804889519, 0.060480722453, 0.91718290318, 0.011531484846],
      [0.37323014288, 0.16741904582, 0.45646118257, 0.0028896287374],
      [0.047039230233, 0.76807939317, 0.079222684056, 0.10565869254],
      [0.011088374369, 0.047703090899, 0.89567677383, 0.0455317609],
      [0.0014997920762, 0.69590291864, 0.17106972371, 0.13152756557],
      [0.085388965404, 0.45394201446, 0.14819013603, 0.31247888411]
    ],
    [
      [0.013161027036, 0.059268599905, 0.91594669887, 0.011623674188],
      [0.42304469929, 0.15204530467, 0.42221124368, 0.0026987523589],
      [0.057519201345, 0.75621483821, 0.079328158036, 0.10693780241],
      [0.0134980575, 0.046717232637, 0.89390666608, 0.045878043784],
      [0.0018487849453, 0.69104020208, 0.17280476945, 0.13430624352],
      [0.10279343194, 0.43951623993, 0.14601643935, 0.31167388878]
    ],
    [
      [0.018549956873, 0.05229442154, 0.92081933813, 0.008336283452],
      [0.5402857332, 0.11096542316, 0.34715371696, 0.0015951266795],
      [0.089073062651, 0.74117951608, 0.085445625912, 0.084301795358],
      [0.019186369248, 0.041551479896, 0.90596251663, 0.033299634231],
      [0.0029095104122, 0.69581520138, 0.19194289238, 0.10933239583],
      [0.16146672675, 0.42798027718, 0.15791793085, 0.25263506522]
    ],
    [
      [0.022048658046, 0.04110138027, 0.92980940064, 0.0070405610441],
      [0.68894149414, 0.063607986805, 0.24647743353, 0.00097308552207],
      [0.123882225, 0.70101207074, 0.092800776612, 0.08230492764],
      [0.022863309486, 0.032699211273, 0.91603394682, 0.028403532418],
      [0.0039742630672, 0.67077838449, 0.21502399779, 0.11022335465],
      [0.22052604723, 0.37102720012, 0.16237678547, 0.24606996718]
    ],
    [
      [0.011000634442, 0.052654639754, 0.92508930161, 0.011255424197],
      [0.43149348387, 0.13783575198, 0.42802191844, 0.0026488457186],
      [0.052570092659, 0.75006286705, 0.084236446834, 0.11313059346],
      [0.011284568925, 0.041478166146, 0.90253264433, 0.044704620596],
      [0.0016309913342, 0.67521153072, 0.181884454, 0.14127302395],
      [0.093755473736, 0.41820917542, 0.15164723014, 0.33638812071]
    ],
    [
      [0.010242983785, 0.053115072957, 0.9262260908, 0.010415852458],
      [0.36693703064, 0.15243095166, 0.47792620838, 0.0027058093208],
      [0.049835951365, 0.75408120907, 0.08942333341, 0.10665950615],
      [0.010532335946, 0.041975449629, 0.90628401987, 0.041208194556],
      [0.0015721277346, 0.67599539499, 0.1910564469, 0.13137603038],
      [0.08879858105, 0.43736920897, 0.16417767547, 0.30965453451]
    ],
    [
      [0.0092740933418, 0.05371985609, 0.91934426927, 0.017661781294],
      [0.38185962448, 0.1537550084, 0.45985966041, 0.0045257067097],
      [0.040426431515, 0.71961056619, 0.075607441228, 0.16435556106],
      [0.0093364481058, 0.041514429271, 0.88005098377, 0.069098138857],
      [0.0012391942179, 0.63543727616, 0.16081497721, 0.20250855241],
      [0.064863393369, 0.35827736555, 0.12313200641, 0.45372723467]
    ],
    [
      [0.010929984356, 0.056658246276, 0.92468051979, 0.0077312495758],
      [0.37896310073, 0.15734576513, 0.46174755487, 0.0019435792706],
      [0.051839429811, 0.78395985853, 0.087032067298, 0.077168644358],
      [0.011336535472, 0.045165270679, 0.91264566065, 0.030852533203],
      [0.001659484782, 0.713189131, 0.18869609674, 0.096455287474],
      [0.099227270568, 0.48849499879, 0.17164786284, 0.2406298678]
    ],
    [
      [0.0082091109783, 0.044364500337, 0.94134028392, 0.0060861047624],
      [0.36118840203, 0.13457254536, 0.50257719647, 0.0016618561337],
      [0.048240946796, 0.77148225861, 0.10477495224, 0.075501842357],
      [0.0085421944608, 0.035457640485, 0.93147613931, 0.024524025749],
      [0.0014770755709, 0.68325849083, 0.22259272944, 0.092671704166],
      [0.092026666382, 0.46403239198, 0.2027094011, 0.24123154054]
    ],
    [
      [0.015825101654, 0.049234393995, 0.92816943699, 0.0067710673582],
      [0.4779749416, 0.11863993122, 0.40190858138, 0.0014765458071],
      [0.082290106076, 0.74792232795, 0.095665280061, 0.074122285911],
      [0.01643408866, 0.039294653401, 0.91720975443, 0.027061503513],
      [0.0026781705926, 0.69203758448, 0.21101473656, 0.09426950836],
      [0.15102648726, 0.44625451131, 0.18082029941, 0.22189870202]
    ],
    [
      [0.012153805922, 0.058006411056, 0.91860567674, 0.011234106284],
      [0.4027438097, 0.15448305848, 0.44006436013, 0.002708771684],
      [0.054457525968, 0.75786479125, 0.081750357361, 0.10592732542],
      [0.012476976053, 0.045767982078, 0.89738915927, 0.044365882601],
      [0.0017426557223, 0.68890785526, 0.17708095602, 0.132268533],
      [0.097577207613, 0.44242663417, 0.15098868261, 0.30900747561]
    ],
    [
      [0.013431365782, 0.050681000993, 0.92859657245, 0.007291060774],
      [0.4337121431, 0.13144108288, 0.43313496888, 0.0017118051377],
      [0.068847391345, 0.75796852289, 0.094518116749, 0.078665969013],
      [0.013931728182, 0.040402984359, 0.91656907758, 0.02909620988],
      [0.0022158894189, 0.69301967955, 0.20594794614, 0.098816484889],
      [0.12719482984, 0.45605847459, 0.17998052503, 0.23676617053]
    ],
    [
      [0.010602756734, 0.048057209695, 0.93654389674, 0.0047961368291],
      [0.37879673464, 0.13764939603, 0.48231049671, 0.0012433726264],
      [0.059023771978, 0.78128158461, 0.10347836317, 0.056216280248],
      [0.011076845392, 0.038586051794, 0.93105625161, 0.019280851207],
      [0.0018761747369, 0.70560561799, 0.22274688025, 0.06977132702],
      [0.11537486525, 0.497002977, 0.20843264638, 0.17918951136]
    ],
    [
      [0.010694912892, 0.049608468697, 0.9297963429, 0.0099002755153],
      [0.37965911248, 0.14133475558, 0.47645268218, 0.0025534497572],
      [0.05492803426, 0.74323833074, 0.094825849648, 0.10700778535],
      [0.011006352034, 0.039237904082, 0.91055803803, 0.039197705852],
      [0.0017290432759, 0.66469775693, 0.20209794234, 0.13147525745],
      [0.09653891085, 0.42540466168, 0.17175875722, 0.30629767025]
    ],
    [
      [0.0099333899359, 0.051163399735, 0.92946169858, 0.0094415117508],
      [0.36048274219, 0.14925298741, 0.48777067252, 0.0024935978852],
      [0.050301042038, 0.75558686608, 0.093500884433, 0.10061120745],
      [0.01024001443, 0.040536871356, 0.91178140875, 0.037441705463],
      [0.0015834107277, 0.67561473576, 0.19922302967, 0.12357882384],
      [0.090365016744, 0.44223065731, 0.17314338824, 0.29426093771]
    ],
    [
      [0.0094655213105, 0.033744905122, 0.93952443118, 0.017265142393],
      [0.4090604156, 0.099241022024, 0.48713714609, 0.0045614162823],
      [0.057365205625, 0.61308755873, 0.10831963669, 0.22122759896],
      [0.009505325855, 0.02602126544, 0.8972688375, 0.06720457121],
      [0.0016765895577, 0.51851861198, 0.21990889078, 0.25989590768],
      [0.078435665304, 0.26220378561, 0.14987279345, 0.50948775563]
    ],
    [
      [0.022791642563, 0.035214518255, 0.93585818611, 0.0061356530752],
      [0.60239298934, 0.069387421929, 0.32713025765, 0.0010893310866],
      [0.14372870036, 0.66024373483, 0.11414519743, 0.081882367382],
      [0.023648433201, 0.028067673915, 0.92367675978, 0.024607133101],
      [0.0047708478629, 0.6277171722, 0.25984228095, 0.10766969899],
      [0.23663726056, 0.34647377211, 0.19214785894, 0.22474110839]
    ],
    [
      [0.013566849418, 0.060411575882, 0.90721997166, 0.018801603045],
      [0.43626136011, 0.15173236678, 0.40773660335, 0.0042696697591],
      [0.054728172119, 0.71357761273, 0.071911297459, 0.15978291769],
      [0.013626831673, 0.04662922978, 0.86698862923, 0.07275530932],
      [0.001734253039, 0.64457198667, 0.15503593642, 0.19865782387],
      [0.088081287241, 0.37157533121, 0.11893689978, 0.42140648177]
    ],
    [
      [0.010472615984, 0.05360599418, 0.92888143285, 0.0070399569885],
      [0.37022887799, 0.15250246708, 0.4754552899, 0.0018133650326],
      [0.052354067784, 0.78131158086, 0.092276134357, 0.074058216997],
      [0.010878554731, 0.042797725093, 0.91819354916, 0.028130171018],
      [0.0016685605711, 0.70722879974, 0.19902523476, 0.092077404931],
      [0.10017002736, 0.48718729244, 0.18201200832, 0.23063067188]
    ],
    [
      [0.019416840183, 0.058422594097, 0.91273024284, 0.0094303228816],
      [0.52245691137, 0.12505163876, 0.35066505496, 0.0018263949107],
      [0.085139561473, 0.74861169976, 0.079155352961, 0.087093385811],
      [0.020035568804, 0.046330149331, 0.89617441244, 0.03745986943],
      [0.0028238489064, 0.7061687925, 0.17804921201, 0.11295814659],
      [0.15419931389, 0.44049451813, 0.14761416014, 0.25769200783]
    ],
    [
      [0.021404290142, 0.059409077668, 0.90612888693, 0.013057745263],
      [0.5434155964, 0.12131356118, 0.33285675848, 0.0024140839382],
      [0.089133376936, 0.72146943899, 0.074961194912, 0.11443598917],
      [0.021850655255, 0.046612808299, 0.88025712818, 0.05127940827],
      [0.0029593248139, 0.68035602688, 0.16844675961, 0.14823788869],
      [0.15163746832, 0.39992530583, 0.131463317, 0.31697390884]
    ],
    [
      [0.011093576631, 0.059420141586, 0.92064218196, 0.0088440998196],
      [0.38063380653, 0.16310909753, 0.4540604358, 0.0021966601412],
      [0.050027684908, 0.78362066258, 0.082310894408, 0.084040758105],
      [0.011473773975, 0.047231353185, 0.90608408492, 0.035210787919],
      [0.0016045517054, 0.71422696778, 0.17885699023, 0.10531149028],
      [0.09494372974, 0.48350107898, 0.16093537882, 0.26061981245]
    ]
  ],
  "expected_outcome": [
    [
      [1.2349279958, 0.54161795589, 0.87331803858, 0.54511717198, 1.1256040881, 1.0722543075, 1.1811294419, 1.0188244707, 1.3506647642, 0.33372260962, 0.59426892354, 0.42115286514, 0.05564987062, 0, 0.055003172212, 0.51214918923, 0, 0.68858901442, 0, 0.61717896452, 1.4463029048, 1.2491170177, 0.78460399829, 0.94115233452, 1.400607981, 0.028396563931, 0.091166570252, 0, 2.1573588928, 0.34950312329, 2.5257062367, 0.23296510926],
      [6.1944205532, 2.7775318172, 4.0040347785, 2.0150642998, 4.5202402015, 4.8377472984, 6.6140691968, 4.1453701817, 5.5352993486, 1.4868456555, 3.3264397349, 1.896595197, 0.15688326462, 0, 0.26327319877, 2.6557536479, 0, 3.5694695154, 0, 1.9201413658, 6.9027629157, 4.7133330923, 3.5562335175, 4.3655452453, 7.2140393626, 0.10123471536, 0.14085807302, 0, 11.0428348012, 1.0516066937, 7.0102711648, 1.2478229733],
      [85.8515278237, 38.3948337971, 54.6396546364, 27.1647540741, 72.7162238114, 86.6230968514, 124.1515325788, 66.0603488572, 98.4021304281, 21.0077168851, 50.445059675, 29.3102943639, 2.7624580144, 0, 4.625446508, 46.31130454, 0, 58.2548727469, 0, 36.1986080427, 109.3140755318, 86.359481238, 69.3042483589, 81.8220781748, 131.0540994996, 2.8185732935, 3.7434327444, 0, 191.3495751664, 16.4291443711, 106.9232086574, 19.3334858212],
      [0.71912362727, 0.28601642976, 0.48299254647, 0.27506445417, 0.63793189905, 0.46690154269, 1.0532687825, 0.77545649036, 0.71190545909, 0.17171484975, 0.63423166654, 0.37195757401, 0.025008850356, 0, 0.056277120986, 0.52079262291, 0, 0.48706872327, 0, 0.26407162697, 1.3368586477, 0.67806865198, 0.35491412535, 0.87122424535, 1.3312531569, 0.051795427178, 0.024542612301, 0, 1.4502311396, 0.16974581187, 1.5408139411, 0.18572609621]
    ],
    [
      [78.7298717762, 16.8503527595, 47.4600581295, 14.9134516038, 52.2142499694, 60.407556016, 33.9652097518, 32.6883883172, 61.6034447634, 13.2849061485, 21.647348287, 15.6526538736, 1.0805714664, 0, 0.43149348387, 21.282347777, 1.5274384979, 18.9481550364, 0.72237680406, 19.1189976639, 45.1073066868, 55.081442174, 36.7432832597, 33.0303427856, 49.0256529375, 0.81812083121, 3.614357936, 4.7988749613, 78.4885221344, 16.7186211638, 105.4226257015, 29.3088031031],
      [31.7601228118, 6.9131849009, 17.4730003015, 4.3936505957, 16.8426096159, 21.8947379763, 15.2677831047, 10.6446725758, 20.2883010602, 4.7111170877, 9.7103046573, 5.6256762729, 0.22193084632, 0, 0.13783575198, 8.8409951965, 0.61502003361, 7.8672882567, 0.26914509073, 4.7455972486, 17.3021025496, 16.6930175252, 13.3519914149, 12.2961237359, 20.2984062874, 0.19848204405, 0.41632453157, 1.6690560346, 32.3305230204, 4.0016524403, 23.5348308693, 12.5594005097],
      [79.1761844863, 17.172022543, 42.8761286908, 10.6386188158, 48.7279504854, 70.5064185946, 51.5469072207, 30.486736394, 64.8720285977, 11.9547430327, 26.474748589, 15.6218160162, 0.69430743392, 0, 0.42802191844, 27.7197200859, 1.8394386416, 23.0873777434, 1.0051543929, 16.0763432552, 49.2872083349, 55.0081410483, 46.7841181806, 41.4513833497, 66.3368114628, 0.97427429218, 1.9627815459, 4.4851026368, 100.7965214583, 11.2212817588, 64.5742111451, 34.9626535564],
      [0.33382092573, 0.064439796552, 0.19081287833, 0.054278984677, 0.21518992927, 0.19128741313, 0.22009992283, 0.18020271305, 0.23622557867, 0.049233731031, 0.16759846677, 0.099853837279, 0.0031902533589, 0, 0.0026488457186, 0.15693694061, 0.018102826839, 0.09717896353, 0.0033237122673, 0.059061832286, 0.30338242861, 0.21739925248, 0.12060714476, 0.22215012888, 0.33912931238, 0.0091228325646, 0.0065359865194, 0.04696636735, 0.38443338691, 0.058444637142, 0.46833228402, 0.16914283087]
    ],
    [
      [39.8711315125, 20.5659028627, 33.852962181, 17.124594661, 34.235364966, 22.8318447854, 17.039630258, 12.993596979, 31.848676467, 11.0736758081, 20.1327905399, 13.2294163094, 2.6721918795, 0.86717557502, 0.78855138988, 16.79471561, 0.32341145212, 19.1805890301, 1.0613008295, 13.4132872904, 42.3134976768, 29.3978361041, 13.2213249231, 22.7951342178, 29.5267116763, 0.86047808437, 3.3057601083, 4.597166458, 57.0135798172, 14.3885858889, 64.8890984095, 7.9544019004],
      [583.2125033325, 307.6805546746, 452.6981731191, 184.7876914537, 401.015048591, 300.6116035494, 278.4105680719, 154.466557001, 380.7378322838, 144.1280747965, 328.7379802753, 173.9294127886, 22.2353854824, 4.9070844952, 11.2509430057, 254.1253674568, 5.7568845296, 290.0651476572, 16.9726096894, 121.9113394562, 588.8609428021, 323.6525592754, 175.0070749515, 308.4439072579, 443.5294903878, 9.1963133809, 15.1856059011, 59.9405194691, 850.8483115574, 126.5153772587, 525.2297515819, 124.5956853499],
      [55.0536229336, 28.8951844066, 42.0425103442, 16.8972601516, 43.9135800387, 36.627148369, 35.5691769965, 16.708735849, 46.0825876353, 13.801058151, 33.9073087758, 18.2454763483, 2.5633687774, 0.64960543629, 1.2635467025, 30.1356633592, 0.60485952983, 32.2018649002, 2.3050489492, 15.59344065, 63.5200276693, 40.3592358519, 23.1791533498, 39.3527276038, 54.8850191621, 1.6247945504, 2.6253395408, 6.0405489866, 100.4887103151, 13.3772546504, 54.5717498956, 13.0874322109],
      [48.8627422214, 22.8583580561, 39.4063543557, 18.1904537337, 40.8360064043, 20.9294032962, 31.9806246736, 20.8311101709, 35.3309036139, 11.9971912444, 45.221920409, 24.5956945537, 2.5290538607, 0.57613449348, 1.6969589019, 35.944253574, 1.3148444885, 28.5523984125, 1.6610405319, 12.0819326034, 82.3055318518, 33.5903687686, 12.5924467756, 44.4082309205, 59.0587787739, 3.3184139844, 1.8832944498, 13.4217650863, 80.6493983103, 14.718782202, 83.309400113, 13.3624805387]
    ],
    [
      [11.6859949216, 3.8560105862, 8.5513436121, 4.7178838019, 10.7762141202, 10.1061613454, 9.7738420232, 6.0212340313, 12.3963799446, 4.1022713102, 5.4776569383, 4.6568298374, 0.90175935467, 0.29722302332, 0.39495991239, 6.3931279189, 0.21473830643, 7.3120653797, 0.22209705598, 6.6065036414, 12.1775286279, 11.9534227803, 7.4657937941, 10.9733329779, 14.1721799706, 0.29466510151, 0.94593732803, 1.3218026723, 21.2349388353, 3.8668647792, 26.1770849956, 4.5206669461],
      [45.0519623149, 15.1978941755, 30.1332133306, 13.4034363286, 33.2604217622, 35.0440280466, 42.0648204243, 18.8286163218, 39.0457890042, 14.0464805907, 23.5653269039, 16.1174452598, 1.9529195551, 0.42508974655, 1.4517358151, 25.4790979248, 0.95483187323, 29.1315995878, 0.92189865261, 15.796450667, 44.6695505085, 34.6657605802, 26.0069989094, 39.1201903695, 56.103029957, 0.80665922863, 1.1227069566, 4.5230352887, 83.5411593825, 8.9417188208, 55.8421443426, 18.6091531549],
      [773.0837608613, 260.1108533401, 509.120240959, 223.7164887644, 662.4671903526, 776.9184806476, 977.6291106191, 371.511508595, 859.4211905864, 245.7265690902, 442.4643262731, 308.3977997972, 42.5802382814, 11.9084413087, 31.5886425517, 550.1144000608, 20.2411726266, 588.6564511164, 24.2183796219, 368.7183212792, 875.8518194447, 786.4162685621, 627.5319135831, 907.8263639184, 1261.9054697122, 27.8153339624, 36.9470703914, 84.0978970349, 1792.3138079558, 172.9616616001, 1054.5480395544, 356.9971294589],
      [26.1782819022, 7.8352418981, 18.1952020984, 9.1621911052, 23.496173765, 16.9313299605, 33.5322269334, 17.638641052, 25.1366404649, 8.124679009, 22.4926898848, 15.8279251056, 1.5650828088, 0.36924592143, 1.5646617209, 25.0133740955, 1.5892571937, 19.8998839162, 0.63762466946, 10.8787244123, 43.3011014189, 24.9645480774, 12.9952937134, 39.0801127343, 51.8193203601, 2.0833417075, 0.98428532403, 7.0572650041, 54.9100938264, 7.2297548, 61.4327311074, 13.8730504401]
    ],
    [
      [0.17212157244, 0.060195974478, 0.10383733941, 0.072071148866, 0.12844065216, 0.051984704608, 0.069141571148, 0.020468079793, 0.11830230031, 0.03212783385, 0.070490227582, 0.061009903194, 0.0029095104122, 0.0039742630672, 0.0032619826684, 0.050308087508, 0.0024783884358, 0.086293208666, 0.0059083022838, 0.088379629555, 0.13766980206, 0.048749567216, 0.058161416844, 0.13140728897, 0.12983967967, 0.0016765895577, 0.0095416957258, 0.01734253039, 0.16852461768, 0.033886186877, 0.13612894144, 0.0080227585268],
      [71.5115940085, 25.59685549, 39.4478292146, 22.1147967542, 42.7391934507, 19.4426178976, 32.0943805473, 6.9147512696, 40.1731825189, 11.8920834095, 32.7074371762, 22.8043266686, 0.69581520138, 0.67077838449, 1.3504230614, 21.6318526396, 1.2708745523, 37.085834812, 2.7330339633, 22.837240288, 54.4237205654, 15.2464329501, 21.8737741578, 50.5170295268, 55.4004083319, 0.51851861198, 1.2554343444, 6.4457198667, 71.4301087736, 8.47402551, 31.2963772367, 3.5711348389],
      [16.0861539096, 5.7299313672, 8.730853154, 4.8209582539, 11.1533657522, 5.645562481, 9.7714961239, 1.782997104, 11.5872043359, 2.7149585265, 8.0402770142, 5.7025573919, 0.19194289238, 0.21502399779, 0.36376890801, 6.1138063007, 0.32162995442, 9.8121970307, 0.89037091774, 6.9634863066, 13.9893955252, 4.5308548151, 6.9051532877, 15.3594436179, 16.3362884333, 0.21990889078, 0.5196845619, 1.5503593642, 20.1015487107, 2.1365905441, 7.7485509422, 0.89428495115],
      [8.2301305095, 2.6130171683, 4.717480292, 2.9921738431, 5.9790001449, 1.8598349168, 5.0649817577, 1.2817835466, 5.1213108449, 1.3608302301, 6.181795582, 4.4321060363, 0.10933239583, 0.11022335465, 0.28254604789, 4.2040329722, 0.40501710482, 5.0156749487, 0.37068681667, 3.1108937759, 10.4492141074, 2.1739626676, 2.1629111376, 9.9921195664, 10.1334635551, 0.25989590768, 0.21533939798, 1.9865782387, 9.299817898, 1.3554977591, 6.8189428796, 0.5265574514]
    ],
    [
      [15.6779227296, 5.9157349474, 7.9701685349, 4.1335654861, 12.2522334521, 5.5719749442, 5.8113944165, 2.15694888, 12.0845740305, 3.2603448686, 5.1233379242, 3.7005635499, 1.1302670873, 0.88210418892, 0.37502189494, 5.7719077683, 0.19459018011, 5.8544089635, 0.18405333276, 6.0410594905, 11.3189560832, 8.9036380891, 3.5766208228, 7.0473404921, 12.7414673609, 0.23530699591, 1.4198235633, 1.2331380214, 15.9270343497, 3.7007835335, 20.4710582236, 1.2342684866],
      [74.7225045909, 28.8049010771, 34.7151412275, 14.5032873173, 46.7469642952, 23.8914638067, 30.9203341184, 8.3403987173, 47.0587998901, 13.7899729899, 27.2365208678, 15.8225846373, 2.9958619403, 1.4841088005, 1.6728367017, 28.4289985832, 1.0748320967, 28.8212049286, 0.92806478396, 17.8501804524, 51.3214895635, 31.9240932214, 15.4070922871, 31.0545403025, 62.3545226809, 0.78661135684, 2.0788426326, 5.2020546369, 77.4627794987, 10.5718684351, 53.9899162871, 6.2855140268],
      [22.316204791, 8.5635703016, 10.2021906714, 4.2004178595, 16.198677338, 9.2132236806, 12.5021793172, 2.8576494896, 18.0233167024, 4.1838531319, 8.8914081615, 5.2565918165, 1.1054255159, 0.64950714186, 0.60658892054, 10.6715489056, 0.36939601922, 10.1272239077, 0.40541880219, 7.2328119763, 17.514687183, 12.5986367522, 6.4614120377, 12.5383892773, 24.4132177416, 0.44961838036, 1.1528871537, 1.665116597, 28.9399093221, 3.5427398434, 17.7475477953, 2.0921599247],
      [31.2833678884, 10.7157936739, 15.1124995662, 7.1627293371, 23.8021249147, 8.3233375685, 17.7660921479, 5.645002913, 21.8333093771, 5.7658290096, 18.7487330465, 11.2202599962, 1.7684454565, 0.98427986873, 1.3455524828, 20.1275447429, 1.361181704, 14.1971622001, 0.48246308109, 8.8759480808, 35.8448671704, 16.5736319374, 5.5548748523, 22.3597299281, 41.4907922166, 1.5284632669, 1.3484466504, 5.8996907447, 36.6702768295, 6.184608188, 42.791477694, 3.3880575619]
    ]
  ],
  "prob": [
    [0.012711522633, 0.055935179324, 0.92270715513, 0.0086461429176],
    [0.41440255097, 0.14702775016, 0.43651173685, 0.0020579620199],
    [0.059885303214, 0.76797606915, 0.086434838219, 0.085703789422],
    [0.013145032782, 0.04445758571, 0.90800820976, 0.034389171748],
    [0.0019282866905, 0.7021704492, 0.18828722412, 0.10761403999],
    [0.1111362089, 0.46472685364, 0.16540307745, 0.25873386001]
  ],
  "iterations": 122,
  "time": 0.000291,
  "message": "Converged",
  "status": 0,
  "miniter": 0,
  "maxiter": 1000,
  "maxtime": 3600,
  "param_threshold": 0.001,
  "ll_threshold": "-Inf",
  "initial_prob": "group_proportional",
  "candidates_id": ["ELLEY, Jeanette Susan.c", "McCRACKEN, Hamish Kennedy.c", "COLEMAN, Jonathan David.c", "Other candidates votes.c"],
  "group_id": ["ACT New Zealand.p", "Green Party.p", "Labour Party.p", "National Party.p", "New Zealand First Party.p", "Other parties votes.p"]
}
