{
  "X": [
    [4, 7, 69, 1],
    [3, 16, 70, 9],
    [0, 10, 8, 0],
    [17, 51, 133, 10],
    [3, 10, 9, 0],
    [26, 94, 251, 11],
    [3, 15, 6, 1],
    [33, 53, 58, 2],
    [39, 306, 732, 39],
    [4, 12, 34, 1],
    [16, 51, 133, 15],
    [9, 13, 30, 1],
    [2, 18, 33, 0],
    [9, 24, 60, 0],
    [23, 83, 159, 25],
    [44, 216, 618, 29],
    [421, 444, 444, 29],
    [12, 46, 230, 11],
    [3, 15, 99, 2],
    [235, 1245, 3203, 149],
    [54, 275, 781, 25],
    [45, 137, 499, 17],
    [3, 3, 20, 1],
    [1, 2, 7, 0],
    [19, 84, 193, 5],
    [0, 11, 20, 1],
    [2, 12, 32, 3],
    [9, 45, 121, 23],
    [2, 6, 82, 1],
    [0, 5, 67, 1],
    [3, 16, 41, 1],
    [1, 0, 18, 0],
    [1, 16, 15, 1],
    [5, 7, 36, 2],
    [2, 23, 82, 3],
    [13, 22, 62, 6],
    [18, 48, 72, 6],
    [1, 6, 10, 1],
    [3, 10, 14, 1],
    [5, 7, 49, 0],
    [18, 61, 120, 10],
    [2, 5, 39, 3],
    [34, 110, 289, 13],
    [31, 215, 415, 18],
    [4, 21, 128, 3],
    [11, 35, 161, 8],
    [20, 73, 101, 15],
    [66, 210, 458, 43],
    [1, 9, 41, 2],
    [4, 13, 121, 6],
    [2, 15, 149, 1],
    [20, 62, 164, 4],
    [13, 28, 83, 3],
    [1, 11, 110, 5],
    [2, 1, 38, 1],
    [1, 7, 51, 3],
    [1, 4, 46, 2],
    [1, 6, 41, 0],
    [11, 47, 160, 4],
    [7, 22, 102, 2],
    [5, 24, 115, 8],
    [2, 1, 6, 0],
    [32, 79, 316, 11],
    [0, 0, 21, 1],
    [9, 34, 69, 6],
    [0, 6, 10, 0],
    [0, 11, 18, 0],
    [3, 13, 93, 2],
    [6, 35, 196, 7],
    [21, 116, 416, 24],
    [11, 22, 42, 6],
    [0, 7, 49, 0],
    [4, 13, 59, 2],
    [2, 3, 78, 2],
    [13, 62, 139, 6],
    [29, 132, 478, 21],
    [6, 19, 137, 4],
    [9, 41, 251, 18],
    [48, 145, 547, 21],
    [3, 12, 152, 6],
    [8, 19, 126, 8],
    [8, 10, 116, 2],
    [0, 1, 6, 0],
    [183, 187, 197, 11],
    [0, 2, 42, 3],
    [5, 9, 54, 11],
    [10, 32, 197, 8],
    [14, 69, 235, 5],
    [5, 16, 47, 3],
    [2, 1, 3, 0],
    [0, 8, 41, 1],
    [1, 8, 40, 0],
    [31, 136, 319, 15],
    [48, 179, 500, 26],
    [9, 71, 107, 14],
    [16, 52, 126, 9],
    [36, 160, 364, 12],
    [57, 201, 523, 21],
    [12, 39, 196, 8],
    [36, 127, 514, 18],
    [6, 35, 47, 2],
    [7, 56, 134, 2],
    [20, 49, 217, 14],
    [21, 94, 240, 11],
    [25, 15, 121, 6],
    [1, 9, 27, 2],
    [24, 92, 281, 11],
    [3, 15, 144, 2],
    [4, 15, 45, 3],
    [27, 40, 119, 3],
    [15, 28, 169, 0],
    [3, 3, 26, 0],
    [3, 21, 173, 8],
    [3, 12, 36, 5],
    [24, 64, 289, 14],
    [3, 6, 47, 5],
    [2, 12, 32, 3],
    [6, 7, 18, 1],
    [6, 23, 41, 4],
    [23, 34, 52, 5],
    [17, 26, 67, 2],
    [8, 15, 60, 2],
    [2, 4, 57, 3],
    [3, 5, 40, 3],
    [2, 11, 81, 7],
    [57, 129, 485, 16],
    [61, 162, 248, 5],
    [272, 602, 997, 68],
    [222, 489, 1195, 68],
    [3, 1, 4, 0]
  ],
  "W": [
    [4, 9, 65, 3, 0],
    [4, 13, 65, 13, 3],
    [2, 8, 7, 0, 1],
    [6, 56, 114, 22, 13],
    [1, 10, 10, 0, 1],
    [21, 84, 237, 22, 18],
    [2, 14, 5, 0, 4],
    [22, 52, 48, 8, 16],
    [33, 327, 637, 87, 32],
    [1, 9, 33, 6, 2],
    [9, 49, 125, 23, 9],
    [6, 15, 26, 4, 2],
    [3, 20, 25, 4, 1],
    [9, 27, 51, 4, 2],
    [8, 78, 145, 39, 20],
    [25, 215, 547, 87, 33],
    [283, 502, 413, 71, 69],
    [9, 46, 213, 21, 10],
    [2, 15, 83, 11, 8],
    [132, 1188, 2895, 448, 169],
    [35, 280, 680, 98, 42],
    [24, 132, 459, 54, 29],
    [1, 4, 19, 2, 1],
    [1, 1, 7, 1, 0],
    [9, 88, 164, 21, 19],
    [1, 11, 17, 2, 1],
    [0, 15, 30, 0, 4],
    [4, 50, 115, 15, 14],
    [1, 2, 76, 9, 3],
    [0, 3, 56, 11, 3],
    [1, 14, 39, 6, 1],
    [0, 4, 14, 0, 1],
    [1, 15, 12, 2, 3],
    [4, 8, 33, 5, 0],
    [1, 24, 66, 17, 2],
    [4, 21, 61, 12, 5],
    [6, 46, 56, 25, 11],
    [1, 4, 8, 2, 3],
    [3, 10, 14, 0, 1],
    [1, 10, 44, 3, 3],
    [3, 57, 110, 27, 12],
    [0, 5, 37, 7, 0],
    [10, 119, 242, 58, 17],
    [17, 200, 351, 79, 32],
    [6, 21, 111, 12, 6],
    [8, 35, 147, 17, 8],
    [13, 73, 86, 21, 16],
    [27, 196, 390, 116, 48],
    [0, 12, 33, 6, 2],
    [0, 12, 109, 19, 4],
    [0, 11, 135, 18, 3],
    [8, 60, 147, 16, 19],
    [5, 31, 72, 13, 6],
    [0, 11, 105, 10, 1],
    [2, 4, 32, 3, 1],
    [0, 3, 44, 13, 2],
    [0, 8, 36, 6, 3],
    [3, 6, 36, 3, 0],
    [4, 42, 134, 30, 12],
    [2, 20, 96, 6, 9],
    [2, 19, 104, 19, 8],
    [3, 0, 6, 0, 0],
    [13, 78, 285, 35, 27],
    [0, 0, 19, 2, 1],
    [6, 31, 66, 9, 6],
    [0, 6, 10, 0, 0],
    [0, 11, 15, 3, 0],
    [0, 14, 83, 9, 5],
    [1, 32, 189, 14, 8],
    [8, 99, 369, 70, 31],
    [6, 16, 34, 18, 7],
    [1, 6, 46, 0, 3],
    [4, 12, 54, 5, 3],
    [0, 7, 66, 10, 2],
    [7, 59, 122, 22, 10],
    [7, 149, 406, 77, 21],
    [4, 20, 114, 14, 14],
    [0, 43, 227, 35, 14],
    [18, 156, 483, 71, 33],
    [2, 16, 139, 11, 5],
    [5, 20, 116, 15, 5],
    [3, 10, 114, 6, 3],
    [0, 1, 6, 0, 0],
    [109, 210, 172, 37, 50],
    [0, 3, 42, 2, 0],
    [1, 10, 47, 14, 7],
    [4, 35, 176, 22, 10],
    [13, 64, 209, 19, 18],
    [0, 17, 42, 9, 3],
    [0, 2, 2, 2, 0],
    [0, 8, 36, 4, 2],
    [1, 6, 34, 6, 2],
    [18, 133, 279, 42, 29],
    [27, 175, 427, 92, 32],
    [5, 65, 100, 24, 7],
    [2, 55, 120, 19, 7],
    [12, 163, 323, 53, 21],
    [30, 208, 452, 67, 45],
    [6, 43, 176, 20, 10],
    [16, 125, 458, 58, 38],
    [1, 41, 37, 6, 5],
    [3, 59, 108, 25, 4],
    [14, 42, 205, 24, 15],
    [7, 91, 203, 44, 21],
    [9, 22, 116, 17, 3],
    [1, 10, 24, 3, 1],
    [25, 82, 247, 31, 23],
    [3, 17, 131, 5, 8],
    [1, 14, 44, 3, 5],
    [12, 37, 108, 24, 8],
    [9, 29, 144, 17, 13],
    [0, 6, 26, 0, 0],
    [4, 18, 148, 22, 13],
    [2, 12, 32, 6, 4],
    [16, 62, 246, 53, 14],
    [3, 5, 43, 3, 7],
    [4, 11, 23, 8, 3],
    [4, 6, 18, 3, 1],
    [3, 20, 41, 4, 6],
    [13, 38, 46, 9, 8],
    [7, 34, 55, 10, 6],
    [5, 17, 57, 5, 1],
    [4, 4, 46, 8, 4],
    [3, 4, 37, 6, 1],
    [2, 8, 68, 13, 10],
    [17, 121, 448, 65, 36],
    [80, 133, 225, 9, 29],
    [139, 625, 905, 125, 145],
    [96, 486, 1082, 169, 141],
    [0, 3, 1, 4, 0]
  ],
  "method": "mvn_pdf",
  "cond_prob": [
    [
      [0.85671910628, 0.10824293008, 0.030211174671, 0.0048267889641],
      [0.048903549512, 0.71105493809, 0.2348602628, 0.0051812495969],
      [0.00065591828838, 4.6165072392e-05, 0.99136367521, 0.0079342414253],
      [0.030118980172, 0.054844369053, 0.77559134907, 0.13944530171],
      [0.15512233171, 0.082574940053, 0.582518745, 0.17978398323]
    ],
    [
      [0.66074324333, 0.28596711891, 0.02323547526, 0.030054162504],
      [0, 0.9186589822, 0.081341017801, 0],
      [0, 0.01018699141, 0.98981300859, 0],
      [0.006898310901, 0.14531012778, 0.3030605815, 0.54473097982],
      [0.089116328324, 0.12079288435, 0.19066391657, 0.59942687076]
    ],
    [
      [0, 0.954431563, 0.045568437001, 0],
      [0, 0.94858432792, 0.051415672081, 0],
      [0, 0, 1, 0],
      [0.0067840387155, 0.29726150234, 0.69592446408, 2.9994864305e-05],
      [0, 0.50246225065, 0.49753774935, 0]
    ],
    [
      [0.86658694843, 0.11540303554, 0.012702392088, 0.0053076239443],
      [0.084487608349, 0.80453601873, 0.105004753, 0.0059716199196],
      [0.0020604696689, 0.0067635138733, 0.98180537509, 0.0093706413696],
      [0.10308445088, 0.12665685814, 0.51682832853, 0.25343036245],
      [0.35126313694, 0.13046717518, 0.28826796089, 0.23000172698]
    ],
    [
      [0.94623857874, 0.053761421257, 0, 0],
      [0.082697756381, 0.91730224362, 0, 0],
      [0.039546687519, 0.062711610676, 0.89774170181, 0],
      [0.4231774166, 0.39799791807, 0.17735124547, 0.0014734198612],
      [0.83131698226, 0.1461000358, 0.022582981948, 0]
    ],
    [
      [0.74596847082, 0.23608458011, 0.012837596077, 0.0051093529949],
      [0.040461379563, 0.89771451001, 0.058325603825, 0.0034985066037],
      [0, 0.016954779604, 0.97327568599, 0.009769534403],
      [0.082259990784, 0.23479242713, 0.46922093493, 0.21372664716],
      [0.28478813512, 0.24724937856, 0.2689923118, 0.19897017452]
    ],
    [
      [0.73656114179, 0.25165199125, 0.006379626091, 0.0054072408688],
      [0.023341941751, 0.93577879954, 0.020675209718, 0.02020404899],
      [0, 0.018641831038, 0.96924335849, 0.012114810472],
      [0.085434532049, 0.32150798519, 0.41538184092, 0.17767564185],
      [0.30002263298, 0.32564591718, 0.21289275483, 0.16143869501]
    ],
    [
      [0.86955264982, 0.12241747673, 0.0080298734427, 0],
      [0.082447940515, 0.8563176633, 0.061234396185, 0],
      [0.00058548880605, 0.01823997354, 0.98117453765, 0],
      [0.17647940779, 0.22595498112, 0.49120308564, 0.10636252544],
      [0.5089131295, 0.19344615259, 0.22582198063, 0.071818737279]
    ],
    [
      [0.71379503662, 0.24437073, 0.03038219593, 0.01145203745],
      [0.019413494891, 0.84863272295, 0.12556582264, 0.0063879595209],
      [0, 0.0065001755459, 0.98489114963, 0.0086086748262],
      [0.041563730185, 0.12882015119, 0.57551409759, 0.25410202104],
      [0.17126582613, 0.15890314157, 0.39037421022, 0.27945682208]
    ],
    [
      [0.8747516382, 0.12162913747, 0.0027643487889, 0.00085487553754],
      [0.058246406486, 0.91857423036, 0.021095998119, 0.0020833650387],
      [0.0048952251304, 0.026350072506, 0.95898578739, 0.0097689149728],
      [0.21393441303, 0.37172590336, 0.32217412184, 0.092165561775],
      [0.57794089797, 0.25564748823, 0.11389797662, 0.05251363718]
    ],
    [
      [0.8279873844, 0.15257486762, 0.0098050001022, 0.0096327478723],
      [0.067108911355, 0.86641217291, 0.064892657522, 0.0015862582178],
      [0.0067294346561, 0.020913421366, 0.96778040802, 0.0045767359578],
      [0.083830832171, 0.14234053735, 0.31376864601, 0.46005998447],
      [0.27672093467, 0.14273552103, 0.17142054664, 0.40912299766]
    ],
    [
      [0.92456745235, 0.06572990595, 0.0070521141153, 0.0026505275845],
      [0.11502434296, 0.78660678372, 0.092708307108, 0.0056605662145],
      [0, 0.0013680329722, 0.9890907459, 0.0095412211291],
      [0.16550374894, 0.13318321209, 0.58240525218, 0.11890778679],
      [0.53260757287, 0.11910855144, 0.26054115331, 0.087742722377]
    ],
    [
      [0.63618254837, 0.30221366423, 0.061603787405, 0],
      [0, 0.80546756325, 0.19453243675, 0],
      [0, 0.0095503132323, 0.99044968677, 0],
      [0, 0.13815338935, 0.86184661065, 0],
      [0.091452354896, 0.192636354, 0.7159112911, 0]
    ],
    [
      [0.78965266849, 0.17752363458, 0.03282369693, 0],
      [0.042603905629, 0.78203866953, 0.17535742484, 0],
      [0, 0.0087980224884, 0.99120197751, 0],
      [0.051885062108, 0.13863635368, 0.80947858421, 0],
      [0.2676401416, 0.14199932491, 0.59036053349, 0]
    ],
    [
      [0.82459077388, 0.15810416891, 0.0085072601242, 0.0087977970877],
      [0.066338028069, 0.87664242972, 0.057019542208, 0],
      [0.010445659251, 0.026419218188, 0.9608701819, 0.0022649406649],
      [0.095116285778, 0.1630915731, 0.3052208147, 0.43657132642],
      [0.30023759414, 0.1582849571, 0.16273147393, 0.37874597483]
    ],
    [
      [0.77247187336, 0.20321308713, 0.018608089027, 0.0057069504863],
      [0.044605614749, 0.85707816651, 0.094213396237, 0.0041028225014],
      [0, 0.010371656697, 0.98216260507, 0.0074657382337],
      [0.072368677595, 0.16900428366, 0.55941167581, 0.19921536293],
      [0.26672488013, 0.19003630697, 0.34445929741, 0.1987795155]
    ],
    [
      [0.93083451722, 0.065943549192, 0, 0.00322193359],
      [0.17101617514, 0.78473825414, 0.037953344816, 0.0062922259083],
      [0, 0.026708898965, 0.9596746918, 0.013616409239],
      [0.34044155903, 0.17862329715, 0.30352885472, 0.1774062891],
      [0.6891646524, 0.11139627004, 0.1021916595, 0.097247418065]
    ],
    [
      [0.77376783271, 0.19379317828, 0.022729003467, 0.0097099855346],
      [0.039353726724, 0.83826437524, 0.1158964651, 0.0064854329383],
      [0, 0.0074383438774, 0.98358469856, 0.0089769575581],
      [0.053558918914, 0.12508117004, 0.54512676382, 0.27623314722],
      [0.21010807791, 0.14846283178, 0.35129987397, 0.29012921634]
    ],
    [
      [0.72804672791, 0.21935514062, 0.047949043129, 0.0046490883441],
      [0.0029020790378, 0.80062186234, 0.19408473248, 0.0023913261418],
      [0, 0.0055692465351, 0.99276335541, 0.0016673980515],
      [0.029975914202, 0.092788785311, 0.79200781546, 0.085227485024],
      [0.1463300378, 0.13362971036, 0.61017330714, 0.10986694471]
    ],
    [
      [0.75864963203, 0.22087253772, 0.015343723357, 0.0051341068871],
      [0.042561729939, 0.88017861553, 0.073839441418, 0.0034202131176],
      [0, 0.013938841208, 0.97829984436, 0.0077613144319],
      [0.080947611459, 0.20615224578, 0.51308368346, 0.1998164593],
      [0.28420345249, 0.22179572999, 0.30304042899, 0.19096038853]
    ],
    [
      [0.7575358504, 0.21442891149, 0.023312071949, 0.0047231661669],
      [0.03872398488, 0.84784355794, 0.11053961481, 0.0028928423734],
      [0, 0.0095001022061, 0.98620782086, 0.0042920769319],
      [0.063764303804, 0.16007251068, 0.62770336778, 0.14845981773],
      [0.24749113564, 0.18932419827, 0.40706516921, 0.15611949687]
    ],
    [
      [0.82444779895, 0.15931175349, 0.012752819116, 0.0034876284482],
      [0.064767459048, 0.85044836651, 0.081768052314, 0.0030161221247],
      [0.0010121125393, 0.011935539622, 0.98087083362, 0.0061815142177],
      [0.10738908892, 0.18478417028, 0.53719906466, 0.17062767614],
      [0.35863371634, 0.18829571223, 0.29903749352, 0.15403307791]
    ],
    [
      [0.98702499504, 0.010231704953, 0.0012215774842, 0.0015217225272],
      [0.16653888314, 0.69961342109, 0.12638395895, 0.0074637368217],
      [0, 0, 0.97504555011, 0.024954449885],
      [0.27828262863, 0.075893903944, 0.4347286979, 0.21109476953],
      [0.79025421515, 0.039526802793, 0.097919738745, 0.072299243314]
    ],
    [
      [0.92874849221, 0.070778052965, 0.00047345482912, 0],
      [0.0035679712512, 0.99493881374, 0.0014932150066, 0],
      [0, 0.021676999037, 0.97832300096, 0],
      [0.067683536543, 0.78254414003, 0.14977232342, 0],
      [1, 3.833569519e-29, 3.8345107647e-223, 0]
    ],
    [
      [0.79262638913, 0.1843384658, 0.02004565883, 0.0029894862418],
      [0.051894481444, 0.83806214793, 0.10893399709, 0.0011093735346],
      [0.0010584754135, 0.010132387478, 0.98751984705, 0.001289290061],
      [0.076520193818, 0.16147317556, 0.64667774778, 0.11532888284],
      [0.29048074172, 0.1862545556, 0.40525840567, 0.11800629701]
    ],
    [
      [0, 0.74053887461, 0.25059486717, 0.0088662582195],
      [0, 0.88505159492, 0.10246841982, 0.012479985257],
      [0, 0, 0.98108038642, 0.018919613583],
      [0, 0.14061134597, 0.70508207767, 0.15430657636],
      [0, 0.24267088935, 0.53372179034, 0.22360732031]
    ],
    [
      [0.86517401572, 0.096525435969, 0.013179018871, 0.025121529437],
      [0.076672692574, 0.7857219232, 0.12990522343, 0.0077001607958],
      [0.013953225412, 0.0016698710964, 0.98437690349, 0],
      [0.026813978823, 0.035394586115, 0.2055878513, 0.73220358376],
      [0.10782821226, 0.041018754779, 0.13002863595, 0.72112439702]
    ],
    [
      [0.7682820841, 0.14251526943, 0.016454201401, 0.072748445068],
      [0.074110820121, 0.79906945283, 0.12681972705, 0],
      [0, 0.029566621386, 0.97043337861, 0],
      [0.081570018395, 0.0352869558, 0.12471371684, 0.75842930896],
      [0.071270027259, 0.039071463163, 0.08018946777, 0.80946904181]
    ],
    [
      [0.71945653399, 0.25915689261, 0.019069483665, 0.0023170897275],
      [0.02296969063, 0.90727094454, 0.068744121947, 0.0010152428855],
      [0.00068368583062, 0.014508285309, 0.98480802886, 0],
      [0.058163247973, 0.22277282249, 0.63966597887, 0.079397950666],
      [0.21972490995, 0.27290537747, 0.41367942308, 0.093690289503]
    ],
    [
      [0.6510496121, 0.29355300765, 0.051010906845, 0.0043864734103],
      [0, 0.84647932698, 0.15201855071, 0.0015021223052],
      [0, 0.0013246786371, 0.99867532136, 0],
      [0, 0.14205054944, 0.79424730713, 0.063702143427],
      [0, 0.27460799051, 0.62713532436, 0.098256685129]
    ],
    [
      [0.82759546667, 0.1657522496, 0.0054368896182, 0.0012153941084],
      [0.045812745743, 0.92012610215, 0.031919798702, 0.002141353404],
      [0.0069127907533, 0.017693621683, 0.96793209842, 0.0074614891441],
      [0.13635831444, 0.32904975555, 0.43385819962, 0.10073373039],
      [0.4432773669, 0.28813254135, 0.19518489244, 0.073405199297]
    ],
    [
      [0.9607588032, 0.0014190654408, 0.03756361175, 0.00025851961076],
      [0.066612401437, 0, 0.93338759856, 0],
      [0.051469456529, 0, 0.94853054347, 0],
      [0.0008227512608, 0.0001750661333, 0.99890960526, 9.2577346554e-05],
      [0.012978002853, 0, 0.98702199715, 0]
    ],
    [
      [0.61439348044, 0.3622255005, 0.019157767858, 0.004223251209],
      [0, 0.93062698762, 0.055658801288, 0.013714211096],
      [0, 0.0018622380178, 0.9849802248, 0.013157537185],
      [0.036590681907, 0.25722644777, 0.58988583235, 0.11629703797],
      [0.10414171858, 0.38052331117, 0.38214195019, 0.13319302006]
    ],
    [
      [0.91794236353, 0.069004372601, 0.008592946273, 0.0044603176006],
      [0.093459691093, 0.78582403424, 0.11325303004, 0.0074632446266],
      [0.0046167681281, 0, 0.98212282479, 0.013260407079],
      [0.085639933785, 0.087478047136, 0.52991015129, 0.29697186779],
      [0.34503684512, 0.098129910448, 0.29195547085, 0.26487777359]
    ],
    [
      [0.7319624918, 0.22757355982, 0.034998294866, 0.0054656535114],
      [0.013104707206, 0.83699219379, 0.14580058354, 0.0041025154563],
      [0, 0.0046790755451, 0.98893397678, 0.0063869476707],
      [0.036133463637, 0.1207604914, 0.71542231944, 0.12768372552],
      [0.16962782671, 0.16143322463, 0.51698290092, 0.15195604774]
    ],
    [
      [0.94081023421, 0.0550106639, 0.0017348720745, 0.0024442298205],
      [0.12117852708, 0.83874571623, 0.0334903773, 0.0065853793928],
      [0, 0.025332436393, 0.94928025126, 0.025387312343],
      [0.28717636048, 0.17305445418, 0.24717055185, 0.29259863349],
      [0.64917873375, 0.1088730467, 0.083524127819, 0.15842409173]
    ],
    [
      [0.86780009657, 0.12226623722, 0.0075533670811, 0.0023802991237],
      [0.081329233444, 0.85292721258, 0.061932590689, 0.003810963283],
      [0, 0.014990432505, 0.97711959191, 0.0078899755816],
      [0.15711542905, 0.2072187944, 0.47554945281, 0.16011632374],
      [0.46583354144, 0.18289242887, 0.22712246895, 0.12415156074]
    ],
    [
      [0.57635396334, 0.40259559827, 0.014405864218, 0.0066445741709],
      [0, 0.95196819477, 0.033506073308, 0.014525731919],
      [0, 0, 0.96923260152, 0.030767398483],
      [0.033049212516, 0.30902002233, 0.52998017892, 0.12795058624],
      [0.11918253721, 0.39049719266, 0.34591622419, 0.14440404594]
    ],
    [
      [0.81496929853, 0.17278762868, 0.00558783872, 0.0066552340647],
      [0.038289554212, 0.92226209016, 0.034100139036, 0.0053482165943],
      [0.0047515316162, 0.011831274536, 0.96802789345, 0.015389300402],
      [0.023607304965, 0.064003345938, 0.10930752097, 0.80308182812],
      [0.10567511966, 0.093378368863, 0.089844585247, 0.71110192623]
    ],
    [
      [0.9651064134, 0.027576925656, 0.0073166609401, 0],
      [0.17026139799, 0.64063058606, 0.18910801595, 0],
      [0, 0, 1, 0],
      [0.1749263448, 0.093628696353, 0.73144495885, 0],
      [0.60250019078, 0.095077041556, 0.30242276766, 0]
    ],
    [
      [0.8694618218, 0.1224025553, 0.005238995291, 0.0028966276102],
      [0.084447474039, 0.8683737418, 0.042190470249, 0.0049883139136],
      [0.00033627876534, 0.024121651884, 0.96083887179, 0.014703197563],
      [0.17559129334, 0.23018664178, 0.36737952963, 0.22684253524],
      [0.4833460775, 0.18892233469, 0.16399191776, 0.16373967005]
    ],
    [
      [0.96384904412, 0.030861818375, 0.0030313060218, 0.002257831485],
      [0.12560757878, 0.79519041503, 0.072724599889, 0.0064774063001],
      [0.0077227688341, 0.0087021761669, 0.97310409382, 0.01047096118],
      [0.15517423703, 0.10029534381, 0.37593221847, 0.36859820069],
      [0.53919433779, 0.077384129772, 0.15000365362, 0.23341787882]
    ],
    [
      [0.87311186938, 0.11212540903, 0.011953984934, 0.0028087366595],
      [0.090655021241, 0.80347755566, 0.10273312121, 0.0031343018879],
      [0.00035163494258, 0.0093972291045, 0.9852119266, 0.0050392093499],
      [0.12719524599, 0.14704639269, 0.56950819341, 0.15625016791],
      [0.41285375617, 0.14482920985, 0.30602689825, 0.13629013572]
    ],
    [
      [0.71265385899, 0.265445114, 0.01795832181, 0.0039427052021],
      [0.026501773704, 0.89810852574, 0.073506735505, 0.0018829650476],
      [0, 0.012775955076, 0.98275188886, 0.004472156063],
      [0.06860334557, 0.22950287235, 0.55781139421, 0.14408238788],
      [0.25515204239, 0.25783252394, 0.34313588424, 0.14387954943]
    ],
    [
      [0.56576630756, 0.36313442522, 0.063134110049, 0.0079651571621],
      [0, 0.79227816465, 0.20376997393, 0.003951861427],
      [0, 0.00084494471387, 0.99300918646, 0.0061458688309],
      [0, 0.10850988348, 0.78187178657, 0.10961832995],
      [0.1009003591, 0.13124075435, 0.62259079197, 0.14526809458]
    ],
    [
      [0.79547596689, 0.17618783809, 0.02045389032, 0.0078823047032],
      [0.048859704476, 0.83144979711, 0.11372929407, 0.0059612043416],
      [0, 0.007639986194, 0.98321867654, 0.0091413372636],
      [0.060894992577, 0.12771906455, 0.55863836902, 0.25274757385],
      [0.2363609668, 0.14943154107, 0.35323073247, 0.26097675966]
    ],
    [
      [0.79254112049, 0.18411777849, 0.013845266418, 0.009495834596],
      [0.052167285143, 0.870010581, 0.077822133856, 0],
      [0.0059768492804, 0.017403957166, 0.97396149959, 0.002657693965],
      [0.070221559487, 0.14741245913, 0.37588742259, 0.40647855879],
      [0.24375573942, 0.15645590678, 0.21779193289, 0.38199642091]
    ],
    [
      [0.82480971986, 0.15980740347, 0.010563274267, 0.0048196024009],
      [0.066538015062, 0.86107104506, 0.068440186653, 0.0039507532244],
      [0.0016074041382, 0.015091415624, 0.97372080976, 0.009580370475],
      [0.11147245308, 0.19024492946, 0.45519592215, 0.24308669531],
      [0.35689571751, 0.1866919034, 0.24472233821, 0.21169004088]
    ],
    [
      [0.82297502381, 0.12803553526, 0.041567953645, 0.0074214872845],
      [0.042676967694, 0.69935788088, 0.24771629521, 0.010248856208],
      [0.0015461969524, 0.0038554091306, 0.97869701644, 0.015901377474],
      [0.02756394181, 0.053753304072, 0.76142418207, 0.15725857205],
      [0.13573411869, 0.07897855182, 0.5809289112, 0.20435841829]
    ],
    [
      [0.86310099374, 0.11672698053, 0.015307519095, 0.0048645066299],
      [0.06940931533, 0.80629526012, 0.11907060598, 0.0052248185713],
      [0.0029502659937, 0.0051822884377, 0.98288216291, 0.008985282663],
      [0.083568310344, 0.11785086944, 0.58188712746, 0.21669369276],
      [0.31442783155, 0.13010522987, 0.34528538746, 0.21018155112]
    ],
    [
      [0.73770742439, 0.23525393889, 0.024555511114, 0.0024831256127],
      [0.0312963825, 0.86551324817, 0.10241680692, 0.00077356241062],
      [0, 0.0075723060273, 0.99242769397, 0],
      [0.054760476731, 0.21081461872, 0.69395796435, 0.040466940197],
      [0.22335040378, 0.22080993986, 0.46814435972, 0.087695296648]
    ],
    [
      [0.82685812828, 0.15941974691, 0.011769102902, 0.0019530219095],
      [0.063329733021, 0.86066184862, 0.075426106496, 0.00058231186242],
      [0.0022780624977, 0.012538412531, 0.98423410175, 0.00094942322584],
      [0.11731750638, 0.20710440973, 0.55924974052, 0.11632834337],
      [0.38807345807, 0.20674283736, 0.30262484116, 0.10255886341]
    ],
    [
      [0.9096245143, 0.079969601237, 0.0084984958917, 0.0019073885733],
      [0.10830415699, 0.79139197036, 0.096953669303, 0.0033502033508],
      [0, 0.0067382312371, 0.98726609029, 0.0059956784769],
      [0.1619416266, 0.14048366896, 0.55881502829, 0.13875967615],
      [0.498201236, 0.12592676121, 0.26736498397, 0.10850701882]
    ],
    [
      [0.79605397266, 0.1704228775, 0.021606266581, 0.011916883262],
      [0.038070725218, 0.83554733973, 0.11807999936, 0.0083019356967],
      [0.00027937274287, 0.0063213668099, 0.98338286746, 0.010016392986],
      [0.0388956432, 0.10196229698, 0.51102649324, 0.34811556658],
      [0.1629314526, 0.12561277809, 0.3356539913, 0.37580177801]
    ],
    [
      [0.85204473212, 0.049609243488, 0.08922193969, 0.0091240846969],
      [0.0575499289, 0.21664185069, 0.71688780434, 0.0089204160705],
      [0, 0, 0.98283278573, 0.017167214269],
      [0.0076118850541, 0.006647680248, 0.90142125346, 0.084319181242],
      [0.04287516499, 0.014271069527, 0.79909199949, 0.143761766]
    ],
    [
      [0.69251780248, 0.28511143628, 0.017775789207, 0.0045949720328],
      [0.020347741667, 0.91915362404, 0.058139025948, 0.002359608344],
      [0, 0.013828538014, 0.97537944937, 0.010792012618],
      [0.042304734194, 0.23686788683, 0.55399529616, 0.16683208282],
      [0.19449761524, 0.27740046323, 0.35347414996, 0.17462777157]
    ],
    [
      [0.85462632165, 0.074323889901, 0.063161640517, 0.0078881479353],
      [0.066647623243, 0.47094140049, 0.45141875823, 0.010992218042],
      [0.00078623606413, 0, 0.97937140572, 0.019842358217],
      [0.02019974915, 0.021234646085, 0.84178750031, 0.11677810445],
      [0.10577200695, 0.03502030653, 0.69351810881, 0.16568957771]
    ],
    [
      [0.33107416385, 0.49509489552, 0.17383094063, 0],
      [0, 0.71663198048, 0.28336801952, 0],
      [0, 0, 1, 0],
      [0.002259169482, 0.071641143524, 0.92609968699, 0],
      [0.015639418707, 0.077187652002, 0.85146714088, 0.055705788411]
    ],
    [
      [0.77362706947, 0.20533491951, 0.018551439597, 0.0024865714286],
      [0.045161757732, 0.86248649399, 0.092351748274, 0],
      [0, 0.011429007251, 0.98857099275, 0],
      [0.084046170805, 0.19442571713, 0.63030083127, 0.091227280793],
      [0.29060939777, 0.21583075738, 0.38912357064, 0.10443627421]
    ],
    [
      [0.82680127876, 0.15960189999, 0.011511672466, 0.0020851487816],
      [0.055671838237, 0.87121504487, 0.071518266026, 0.0015948508707],
      [0.0023531769814, 0.011608680801, 0.98277709287, 0.0032610493527],
      [0.10713889584, 0.20684177703, 0.56881474635, 0.11720458078],
      [0.37380247916, 0.21122347596, 0.30968021571, 0.10529382916]
    ],
    [
      [0.74303722894, 0.23294627135, 0.016752431428, 0.0072640682803],
      [0.027442065168, 0.89494242673, 0.073299526092, 0.0043159820144],
      [0, 0.012752646729, 0.97736272307, 0.0098846301987],
      [0.060675554024, 0.18552031417, 0.49913230317, 0.25467182863],
      [0.22996134718, 0.20988001505, 0.30557089771, 0.25458774005]
    ],
    [
      [0.66666666667, 0.3329872615, 0.00034607183217, 0],
      [0.0068677882859, 0.99313133723, 8.7445264344e-07, 3.5806752665e-11],
      [0, 0.00017303591609, 0.99982696408, 0],
      [0.057719940778, 0.17076282222, 0.575415987, 0.19610125],
      [0.26060488346, 0.22300923214, 0.30439954141, 0.211986343]
    ],
    [
      [0.85337728485, 0.13110177098, 0.012526754903, 0.0029941892747],
      [0.077549276962, 0.8253315923, 0.09416479162, 0.0029543391167],
      [0.0010555752238, 0.010016912463, 0.98381453841, 0.005112973907],
      [0.11690907361, 0.16186085983, 0.56423372604, 0.15699634052],
      [0.38757759922, 0.16295787525, 0.30951757713, 0.1399469484]
    ],
    [
      [0.92328504633, 0.041309794762, 0.029150204783, 0.0062549541306],
      [0.0097341086091, 0.78986117071, 0.19590022536, 0.0045044953212],
      [0, 0, 0.97901648955, 0.020983510449],
      [0, 0, 0.83547444051, 0.16452555949],
      [0, 0, 0.72773781752, 0.27226218248]
    ],
    [
      [0.78572974748, 0.19928077836, 0.0083438576147, 0.0066456165498],
      [0.047597987701, 0.90564768829, 0.043968728609, 0.0027855953976],
      [0.0040550190403, 0.023076579442, 0.96037023018, 0.01249817134],
      [0.087483194695, 0.21378834466, 0.34376101336, 0.35496744728],
      [0.29251731458, 0.2136812746, 0.18477032592, 0.30903108489]
    ],
    [
      [0.77149446419, 0.22382801136, 0.0046742909685, 3.2334737335e-06],
      [0, 0.98040765357, 0.019592346432, 0],
      [0, 0.011755407859, 0.98824459214, 0],
      [0.064066576025, 0.23447568007, 0.50327808497, 0.19817965893],
      [0.2676524801, 0.26388837324, 0.2693124019, 0.19914674477]
    ],
    [
      [0.6522047246, 0.32443008068, 0.022284235093, 0.0010809596211],
      [0, 0.92562942277, 0.074370577227, 0],
      [0, 0.0016215082375, 0.99837849176, 0],
      [0, 0.26458457531, 0.73541542469, 0],
      [0.13119354738, 0.31204488765, 0.51995675913, 0.036804805837]
    ],
    [
      [0.84194260564, 0.13219909926, 0.022633738546, 0.0032245565501],
      [0.056446049358, 0.78905042222, 0.15158709454, 0.0029164338773],
      [0.0036067789513, 0.0039683968603, 0.98881844077, 0.0036063834212],
      [0.062996540511, 0.10662531532, 0.71591725675, 0.11446088742],
      [0.26868475828, 0.13285786233, 0.47251895639, 0.125938423]
    ],
    [
      [0.7912516819, 0.19012660678, 0.013288381706, 0.0053333296103],
      [0.047576035814, 0.87711075949, 0.07134822682, 0.0039649778762],
      [0.0011205890578, 0.013044055515, 0.97617752805, 0.0096578273817],
      [0.081517936815, 0.18976507545, 0.49444572665, 0.23427126108],
      [0.29165909059, 0.20253644261, 0.2854719233, 0.2203325435]
    ],
    [
      [0.73129807038, 0.24530823218, 0.017571231021, 0.0058224664238],
      [0.027680664074, 0.89279975625, 0.075868891929, 0.0036506877477],
      [0, 0.011884537794, 0.97962849709, 0.0084869651155],
      [0.067258398942, 0.20308665623, 0.52665094014, 0.20300400469],
      [0.24842392799, 0.22738380296, 0.32257834242, 0.20161392664]
    ],
    [
      [0.82230086282, 0.1671453406, 0.0060919726038, 0.0044618239784],
      [0.057180818148, 0.89608200388, 0.041251290038, 0.005485887933],
      [0.0038974462211, 0.018538300107, 0.96208144215, 0.015482811524],
      [0.12662579546, 0.24638055514, 0.40005048012, 0.22694316928],
      [0.39136060614, 0.22780909973, 0.19882140694, 0.18200888719]
    ],
    [
      [0, 0.88853500544, 0.11146499456, 0],
      [0, 0.87692201582, 0.12307798418, 0],
      [0, 0, 1, 0],
      [0.0079400224981, 0.11954175329, 0.85004380173, 0.022474422477],
      [0, 0.28331096655, 0.71668903345, 0]
    ],
    [
      [0.74494192711, 0.22573721495, 0.023643905308, 0.0056769526358],
      [0.019012812879, 0.87447359324, 0.10232834796, 0.0041852459167],
      [0, 0.0058621221399, 0.98409383207, 0.010044045792],
      [0.043765837822, 0.14509924751, 0.64626606287, 0.16486885179],
      [0.19108311597, 0.1871057294, 0.43502898573, 0.1867821689]
    ],
    [
      [0.91671017943, 0.047777414251, 0.031653331428, 0.0038590748914],
      [0.11989270656, 0.41660082174, 0.45693575372, 0.0065707179789],
      [0, 0, 0.9913845265, 0.0086154735003],
      [0.072156098929, 0, 0.81678222914, 0.11106167193],
      [0.2195950324, 0.041897123899, 0.60112434177, 0.13738350192]
    ],
    [
      [0.77195900457, 0.20997538017, 0.014390176705, 0.0036754385556],
      [0.04499377766, 0.88052587603, 0.071519007132, 0.0029613391801],
      [0.00035764956783, 0.012969608811, 0.98006583357, 0.0066069080508],
      [0.084954312144, 0.21355085963, 0.54296685126, 0.15852797696],
      [0.30290259717, 0.22987344663, 0.31663449189, 0.15058946431]
    ],
    [
      [0.83660760798, 0.13759450708, 0.020728046838, 0.0050698381089],
      [0.070179454055, 0.78342758465, 0.14136392147, 0.0050290398225],
      [0.001225599948, 0.0066588417831, 0.98553466021, 0.00658089806],
      [0.07828470245, 0.11480478378, 0.6284929012, 0.17841761257],
      [0.29340440107, 0.13155572489, 0.3938406636, 0.18119921044]
    ],
    [
      [0.75734815904, 0.18759095714, 0.049236283118, 0.0058246007056],
      [0.016909452157, 0.75433611772, 0.22481276961, 0.0039416605149],
      [0, 0.004407634824, 0.99017399035, 0.0054183748297],
      [0.032698053209, 0.078415602281, 0.78557462044, 0.10331172407],
      [0.15533182684, 0.11161607251, 0.60206570641, 0.13098639424]
    ],
    [
      [0.83180735011, 0.13955419483, 0.01843480173, 0.010203653321],
      [0.066123378112, 0.79975172327, 0.1258897281, 0.008235170521],
      [0.0015711590039, 0.0059909688664, 0.98525385993, 0.0071840121968],
      [0.066642886651, 0.10334565778, 0.503144755, 0.32686670056],
      [0.24768147247, 0.11668771031, 0.30886064728, 0.32677016995]
    ],
    [
      [0.85705489659, 0.12426267877, 0.014925411814, 0.0037570128253],
      [0.081441548046, 0.79918698164, 0.11541507799, 0.0039563923219],
      [0.0011064213459, 0.0079182855177, 0.98509589754, 0.0058793955938],
      [0.10480734913, 0.13500765255, 0.58839511279, 0.17178988553],
      [0.36037597175, 0.14181901244, 0.33785511816, 0.15994989766]
    ],
    [
      [0.798770204, 0.14085268468, 0.045666711501, 0.014710399819],
      [0.027741109714, 0.67427172639, 0.28678873646, 0.011198427436],
      [0, 0, 0.98949934707, 0.010500652926],
      [0.028302418042, 0.051957377541, 0.66619353107, 0.25354667334],
      [0.12945504762, 0.071683171075, 0.49030174172, 0.30856003958]
    ],
    [
      [0.84640217889, 0.12604347208, 0.017748352925, 0.0098059960963],
      [0.067350359417, 0.79440673024, 0.12933137923, 0.0089115311167],
      [0.0021735246607, 0.0046458023616, 0.98506691285, 0.0081137601242],
      [0.063647810031, 0.093776976433, 0.50128613877, 0.34128907476],
      [0.24282718122, 0.10721606287, 0.30751533565, 0.34244142027]
    ],
    [
      [0.95809338956, 0.037600489058, 0.0033596286151, 0.00094649276699],
      [0.1359576456, 0.78846856532, 0.072879210825, 0.0026945782602],
      [0, 0.0083883164367, 0.98338495592, 0.0082267276447],
      [0.28203018863, 0.13205636776, 0.45054365995, 0.13536978366],
      [0.69132074785, 0.084635533101, 0.1506606905, 0.073383028545]
    ],
    [
      [0.8924674021, 0.096304998115, 0.0076206477854, 0.0036069519967],
      [0, 0.99972386816, 0.00027613183716, 0],
      [0, 4.6021972861e-05, 0.99995397803, 0],
      [0.065998776809, 0.14532487332, 0.58230572368, 0.2063706262],
      [0.31062631061, 0.17381591205, 0.29584443815, 0.2197133392]
    ],
    [
      [0.93121161477, 0.064340395668, 0.0028728402874, 0.0015751492736],
      [0.16350317985, 0.78279111674, 0.050374437848, 0.0033312655583],
      [0, 0.019893998632, 0.97200341402, 0.0081025873524],
      [0.33778250633, 0.17672075745, 0.35029478802, 0.1352019482],
      [0.69328626975, 0.11280653132, 0.11925468186, 0.074652517076]
    ],
    [
      [0.83786857405, 0.055296850739, 0.016257189615, 0.090577385592],
      [0, 0.66503494892, 0.22567059554, 0.10929445554],
      [0, 0, 0.98147090453, 0.01852909547],
      [0, 0.0024475766259, 0.050605111555, 0.94694731182],
      [0.00018096412802, 0.002938081139, 0.028761519806, 0.96811943493]
    ],
    [
      [0.88395073588, 0.084542284293, 0.012866561396, 0.018640418436],
      [0.095811102786, 0.76247612813, 0.12872129556, 0.012991473517],
      [0, 0, 1, 0],
      [0.12412544804, 0.063200247295, 0.31975140561, 0.49292289906],
      [0.20288313768, 0.05798471032, 0.17477154348, 0.56436060852]
    ],
    [
      [0.83674787724, 0.13508589441, 0.022229186816, 0.0059370415307],
      [0.065201518581, 0.77808228067, 0.15097635146, 0.0057398492844],
      [0.0012992363225, 0.0042169480921, 0.98640676872, 0.0080770468631],
      [0.067521158057, 0.1028654628, 0.63401250073, 0.19560087841],
      [0.26568242707, 0.12215535531, 0.40710446403, 0.2050577536]
    ],
    [
      [0.68325396261, 0.28313108021, 0.02943500722, 0.0041799499613],
      [0.012297595174, 0.87880855204, 0.10714474349, 0.0017491092966],
      [0, 0.008528959279, 0.9892640205, 0.0022070202183],
      [0.045806055069, 0.17429655373, 0.6686533201, 0.11124407109],
      [0.19224096381, 0.22118675648, 0.4610826642, 0.12548961551]
    ],
    [
      [0.92214436281, 0.070203788288, 0.0055602328419, 0.0020916160636],
      [0.1073182267, 0.81663511722, 0.070023857549, 0.0060227985302],
      [0, 0.00878843656, 0.97736780321, 0.013843760227],
      [0.17678184062, 0.15249832127, 0.46221390194, 0.20850593616],
      [0.52818452683, 0.12520126011, 0.20007385641, 0.14654035666]
    ],
    [
      [0.99999951899, 2.312763167e-07, 2.3247520047e-07, 1.7257865847e-08],
      [0.33181143222, 0.35318584552, 0.31500272227, 0],
      [0, 0, 1, 0],
      [0.66818856778, 0.14681415448, 0.18499727773, 0],
      [0.9999999839, 1.2144415851e-08, 3.9538817601e-09, 5.6039577643e-12]
    ],
    [
      [0.65994221257, 0.29146505976, 0.043482639643, 0.0051100880274],
      [0, 0.86327340085, 0.13324539608, 0.0034812030695],
      [0, 0.00090171555304, 0.99011724964, 0.0089810348075],
      [0, 0.13185251306, 0.77202223405, 0.09612525289],
      [0, 0.26697049052, 0.60086345407, 0.13216605541]
    ],
    [
      [0.63376519273, 0.3353139907, 0.030920816577, 0],
      [0.012830522598, 0.89988497338, 0.087284504025, 0],
      [0, 0.0024947415894, 0.99750525841, 0],
      [0.0025548849837, 0.25570538394, 0.74173973107, 0],
      [0.13696118089, 0.32316132567, 0.53987749343, 0]
    ],
    [
      [0.76891144196, 0.20906925186, 0.017267282698, 0.0047520234909],
      [0.043956351548, 0.86677758009, 0.085736826163, 0.0035292421992],
      [0, 0.011240496849, 0.98187481917, 0.0068846839812],
      [0.076607827729, 0.18624625044, 0.55961339462, 0.17753252721],
      [0.27916794911, 0.20678945431, 0.33928806585, 0.17475453073]
    ],
    [
      [0.79524692567, 0.18288593657, 0.017131569422, 0.0047355683451],
      [0.054283952081, 0.84660026234, 0.095403878751, 0.0037119068274],
      [0, 0.010754936775, 0.98262164736, 0.006623415865],
      [0.082164979115, 0.16755499852, 0.56854905924, 0.18173096313],
      [0.29592072857, 0.18436299801, 0.34236912412, 0.1773471493]
    ],
    [
      [0.72046107838, 0.25759793976, 0.010440738516, 0.01150024334],
      [0.032532726972, 0.92146138409, 0.046005888934, 0],
      [0.0030158902416, 0.033653485425, 0.95581887188, 0.0075117524519],
      [0.061878947826, 0.20631161067, 0.29926900345, 0.43254043805],
      [0.21376908327, 0.2143133052, 0.17043860798, 0.40147900355]
    ],
    [
      [0.91760977199, 0.075303421924, 0.0041247992716, 0.0029620068156],
      [0.11504701655, 0.82752941731, 0.0520159757, 0.0054075904392],
      [0, 0.018993834219, 0.96496270282, 0.016043462964],
      [0.21119055276, 0.16696567209, 0.33534037702, 0.28650339813],
      [0.54636772047, 0.12623818974, 0.13769717664, 0.18969691315]
    ],
    [
      [0.8310934088, 0.15483649447, 0.011451097798, 0.0026189989305],
      [0.067605596186, 0.8544397778, 0.076086663646, 0.0018679623702],
      [0.0014619664302, 0.012828718533, 0.98153258257, 0.0041767324667],
      [0.12022088807, 0.19979325824, 0.53539242624, 0.14459342745],
      [0.38872593768, 0.19693140535, 0.28807799483, 0.12626466213]
    ],
    [
      [0.81151263184, 0.16708987524, 0.017348657688, 0.0040488352277],
      [0.060175957169, 0.83252364304, 0.10407546344, 0.0032249363482],
      [0.00067355614888, 0.0098174374025, 0.98436098036, 0.0051480260838],
      [0.086727925768, 0.15782642795, 0.59422788627, 0.16121776001],
      [0.31161785662, 0.17356741358, 0.35749805264, 0.15731667716]
    ],
    [
      [0.83275043342, 0.13967844933, 0.021397623696, 0.0061734935494],
      [0.064265498494, 0.78700662656, 0.14283922317, 0.0058886517733],
      [0.0011794819434, 0.0051304511297, 0.98542540303, 0.0082646638932],
      [0.068427596857, 0.10760763008, 0.61810079779, 0.20586397528],
      [0.2663940205, 0.12655323617, 0.39326407716, 0.21378866617]
    ],
    [
      [0.80284902329, 0.1742517539, 0.018678931245, 0.004220291569],
      [0.056444137879, 0.83313571785, 0.10719237991, 0.0032277643692],
      [0.00041451998253, 0.0096455658361, 0.98491573329, 0.0050241808906],
      [0.080483243161, 0.15549635159, 0.60515064172, 0.15886976353],
      [0.2958163194, 0.17456709637, 0.37136701434, 0.1582495699]
    ],
    [
      [0.84807033665, 0.13259804525, 0.016245197824, 0.0030864202739],
      [0.069492676586, 0.80945745808, 0.11505416875, 0.0059956965844],
      [0.0038680346477, 0.0033659400797, 0.98611363457, 0.0066523907031],
