{
  "Z_true": {},
  "V_true": [
    [30, 606, 24, 83, 740, 454, 61],
    [27, 18, 701, 29, 61, 723, 104],
    [146, 96, 267, 217, 113, 13519, 387],
    [122, 194, 82, 171, 3892, 749, 147],
    [110, 133, 64, 203, 642, 1109, 364],
    [163, 36, 23, 1191, 414, 1016, 78],
    [416, 85, 106, 63, 211, 1118, 553]
  ],
  "p_true": [
    [0.015, 0.3033, 0.012, 0.0415, 0.3704, 0.2272, 0.0305],
    [0.0162, 0.0108, 0.4215, 0.0174, 0.0367, 0.4348, 0.0625],
    [0.0099, 0.0065, 0.0181, 0.0147, 0.0077, 0.9169, 0.0262],
    [0.0228, 0.0362, 0.0153, 0.0319, 0.7265, 0.1398, 0.0274],
    [0.0419, 0.0507, 0.0244, 0.0773, 0.2446, 0.4225, 0.1387],
    [0.0558, 0.0123, 0.0079, 0.4077, 0.1417, 0.3478, 0.0267],
    [0.163, 0.0333, 0.0415, 0.0247, 0.0827, 0.4381, 0.2167]
  ],
  "Z_est": [
    [
      [2.0717, 0.388, 0.8558, 1.9232, 0, 0.0084, 3.1768, 1.4098, 0.5145, 0, 0.1697, 0.5617, 2.4171, 1.214, 0.1878, 0.6534, 0, 0.076, 0.4104, 0, 2.7773, 3.3027, 4.7235, 4.1147, 1.2637, 0.5671, 1.1715, 0.6163, 1.106, 0.1869, 0.6702, 0.5021, 1.5487, 2.0628, 1.5397, 0.5175, 2.8492, 3.3949, 1.4636, 2.1403, 2.0123, 0.6139, 3.3526, 1.5627, 1.7393, 0.5306, 4.7587, 0.4393, 3.9198, 0.7556],
      [27.4417, 8.9903, 7.6799, 18.1806, 0.3867, 0, 16.5489, 6.7737, 5.6669, 0, 0, 2.2597, 42.7521, 6.1891, 2.6145, 6.3222, 0, 2.6721, 8.4088, 2.136, 12.7153, 17.3872, 32.9815, 23.5886, 15.1118, 11.3166, 14.8469, 16.8318, 16.28, 2.0925, 3.1561, 2.9888, 10.5248, 20.9207, 10.2271, 6.9224, 21.8415, 22.8406, 9.4788, 7.9017, 9.1059, 3.4115, 23.7065, 9.8899, 13.4179, 1.7021, 25.7089, 6.1995, 52.0204, 11.6752],
      [0.1242, 0.053, 0.0335, 0.0612, 0.0117, 0.0027, 0.1379, 0.038, 0.0026, 0, 0.2045, 0.012, 0.1612, 0.0463, 0.0041, 0.023, 0, 0.0206, 0.0728, 0.0104, 0.1045, 0.0991, 0.2577, 0.1116, 0.1301, 0.0944, 0.1186, 0.137, 0.1299, 0.0142, 0.029, 0.0095, 0.0646, 0.0912, 0.068, 0.0299, 0.1514, 0.1055, 0.0243, 0.0638, 0.0483, 0.0121, 0.1111, 0.0513, 0.1391, 0.0135, 0.1446, 0.0291, 0.3708, 0.0389],
      [4.1047, 1.2248, 0.527, 2.2626, 0.0997, 0.0256, 1.7174, 1.472, 0.4426, 0, 0.1484, 0.2283, 5.417, 1.0525, 0.1616, 0.6979, 0, 0.1676, 0.8273, 0.0536, 2.5238, 2.6001, 4.3629, 2.71, 2.2068, 0.9784, 1.711, 1.7926, 2.5096, 0.3889, 0.4929, 0.5793, 0.9551, 2.5731, 0.8347, 0.4229, 1.9958, 2.4199, 0.8612, 1.4389, 1.1432, 0.5357, 2.0426, 2.0335, 1.5292, 0.3665, 4.6854, 0.3454, 5.1162, 0.3753],
      [53.1488, 14.0027, 11.188, 29.7298, 0.295, 0.8329, 27.8811, 19.9746, 18.082, 0, 4.0633, 1.5608, 52.3736, 13.9965, 2.929, 10.1461, 0, 2.696, 10.2858, 0.6407, 26.7002, 37.1048, 89.9166, 54.1743, 31.2371, 15.3899, 19.0904, 27.2969, 29.8834, 3.7918, 4.9815, 5.5338, 17.5767, 35.7936, 19.6755, 9.5932, 41.9245, 47.7623, 19.1477, 19.3016, 20.3244, 8.9829, 31.0383, 20.5355, 22.4381, 5.9899, 75.0912, 4.172, 61.016, 17.9832],
      [7.9497, 1.3048, 0.6535, 3.7693, 0.2069, 0.1269, 3.4742, 2.2707, 1.2759, 0, 0.406, 0.3615, 5.7723, 1.4514, 0.1002, 1.1336, 0, 0.355, 0.9618, 0.1548, 5.0721, 4.4119, 11.519, 5.2745, 2.9652, 2.6074, 2.999, 5.2548, 5.0036, 0.5071, 0.6552, 1.3659, 3.2581, 4.4699, 3.5652, 0.4939, 5.1338, 5.35, 0.9978, 4.0637, 2.3396, 0.4306, 3.6612, 3.883, 4.6541, 0.3817, 12.3779, 0.797, 9.3247, 2.1146],
      [0.1592, 0.0364, 0.0624, 0.0733, 0, 0.0036, 0.0637, 0.0613, 0.0155, 0, 0.008, 0.0161, 0.1067, 0.0502, 0.0028, 0.0238, 0, 0.0127, 0.033, 0.0045, 0.1067, 0.0942, 0.2387, 0.0264, 0.0854, 0.0463, 0.0627, 0.0706, 0.0875, 0.0185, 0.0151, 0.0206, 0.072, 0.0886, 0.0898, 0.02, 0.1039, 0.1266, 0.0265, 0.0899, 0.0264, 0.0133, 0.0878, 0.0441, 0.0823, 0.0158, 0.2332, 0.0177, 0.232, 0.0573]
    ],
    [
      [0.5999, 0.1053, 0.3583, 1.054, 0, 0.1555, 0.4904, 0.4186, 0.2877, 0, 0.2156, 0.1279, 0.9394, 0.7288, 0.1462, 0.3745, 0.0647, 0.034, 0.2023, 0, 1.3509, 1.57, 1.1178, 1.5594, 0.8695, 0.167, 0.3734, 0.2006, 0.3925, 0.293, 0.4298, 0.1685, 0.5615, 1.2451, 0.7121, 0.4124, 0.8846, 2.1702, 1.2376, 0.8959, 1.198, 0.7034, 1.1076, 0.7872, 0.5967, 0.2025, 1.5715, 0.237, 2.1988, 0.48],
      [4.3834, 1.3276, 1.7758, 5.4793, 0.035, 0, 1.2482, 1.0982, 1.7405, 0, 0, 0.2657, 9.168, 2.0444, 1.0734, 1.9669, 0.1713, 0.6569, 2.3075, 0.5029, 3.3907, 4.5298, 4.3173, 4.8551, 5.8141, 1.8594, 2.5715, 3.2585, 3.2226, 1.8134, 1.0986, 0.5232, 2.0631, 6.9634, 2.5936, 3.0084, 3.7289, 8.072, 4.4058, 1.8139, 2.9991, 2.1415, 4.3208, 2.7337, 2.5199, 0.3488, 4.6818, 1.7304, 16.0689, 3.9833],
      [21.7195, 9.3373, 12.7117, 20.567, 0.749, 1.9363, 9.0138, 6.9047, 3.4127, 0.9061, 4.6772, 2.0948, 33.327, 16.6821, 2.0863, 8.1666, 3.1428, 6.6031, 23.8332, 2.9279, 30.9211, 34.7597, 36.8235, 24.2669, 58.5738, 17.7639, 23.9188, 28.497, 27.7732, 16.1509, 12.7386, 2.2763, 14.9621, 33.462, 18.4639, 16.2379, 28.176, 40.4974, 14.2378, 16.255, 17.1235, 11.1471, 21.4863, 15.8131, 28.4149, 3.4527, 32.0682, 9.4604, 121.2365, 19.8271],
      [0.8656, 0.2437, 0.1772, 0.9078, 0.0116, 0.0994, 0.1691, 0.3185, 0.1834, 0.0163, 0.0881, 0.0369, 1.5515, 0.4643, 0.0956, 0.2939, 0.0048, 0.0567, 0.3038, 0.0235, 0.899, 0.8991, 0.764, 0.7479, 1.1414, 0.2144, 0.3978, 0.4637, 0.6612, 0.4604, 0.2373, 0.1417, 0.2517, 1.1437, 0.2796, 0.2496, 0.4522, 1.1366, 0.542, 0.4437, 0.5052, 0.4711, 0.4901, 0.7513, 0.3828, 0.0973, 1.1369, 0.1379, 2.0979, 0.1477],
      [3.2923, 0.8284, 1.1129, 3.5217, 0.0127, 0.8697, 0.6735, 1.2595, 2.2255, 0.0513, 0.6622, 0.0689, 4.4632, 1.7892, 0.6384, 1.2441, 0.1664, 0.2651, 1.1035, 0.072, 2.7797, 3.6929, 4.6348, 4.4159, 4.7333, 0.9867, 1.3051, 2.0788, 2.3212, 1.3867, 0.6848, 0.3867, 1.3692, 4.6885, 1.9806, 1.6778, 2.7992, 6.6146, 3.5702, 1.7485, 2.6456, 3.1333, 2.1942, 2.2397, 1.6558, 0.2658, 5.3903, 0.4797, 7.3859, 2.2684],
      [9.1141, 1.4143, 1.3244, 8.7836, 0.1917, 0.5907, 1.8212, 2.6342, 3.4018, 0.014, 1.0804, 0.2611, 9.7119, 3.5845, 0.7541, 3.0136, 0.146, 0.8761, 3.8588, 0.3592, 11.0444, 11.2142, 12.4881, 9.3556, 13.1656, 3.1032, 4.1088, 7.7778, 7.5081, 8.324, 3.0607, 2.0235, 5.9841, 12.7122, 6.6937, 3.8892, 6.7683, 14.9476, 8.0453, 7.2754, 6.1573, 4.395, 4.6133, 7.993, 6.5422, 0.6578, 19.7032, 1.8246, 20.9502, 4.8627],
      [3.0251, 0.7435, 0.5398, 2.6867, 0, 0.3484, 0.5838, 1.3662, 0.7484, 0.0124, 0.2766, 0.1446, 2.8389, 1.7066, 0.2059, 0.9403, 0.304, 0.5081, 1.3909, 0.1145, 3.6142, 3.3342, 3.8543, 1.7991, 4.7024, 0.9053, 1.3246, 1.7237, 2.1211, 2.5716, 0.7501, 0.4801, 1.8084, 3.7852, 3.2765, 1.5246, 2.1907, 5.5616, 1.9612, 2.5676, 1.3714, 2.0085, 1.7877, 1.682, 1.8876, 0.975, 5.448, 1.13, 10.0619, 2.4308]
    ],
    [
      [0.0231, 0.0054, 0.0668, 0.2638, 0, 0.0005, 0.0273, 0.2422, 0.2968, 0, 0.0108, 0.0049, 0.024, 0.0078, 0.0761, 0.1905, 0.2405, 0.0024, 0.0145, 0, 0.1467, 0.0694, 0.1627, 0.0326, 0.0332, 0.0067, 0.1132, 0.0053, 0.0161, 0.0067, 0.1185, 0.2213, 0.1898, 0.2209, 0.3126, 0.2305, 0.2581, 0.122, 0.0378, 0.0947, 0.0398, 0.1956, 0.059, 0.3137, 0.255, 0.2924, 0.0367, 0.2029, 0.3268, 0.0969],
      [1.7402, 0.8082, 0.3142, 1.8936, 0.1129, 0, 0.279, 0.5374, 0.8642, 0, 0, 0.0806, 2.2687, 0.3395, 0.4357, 1.2776, 0.31, 0.3585, 1.1269, 0.1558, 0.6697, 0.7308, 0.7592, 0.893, 2.0454, 0.5991, 1.4153, 0.7341, 0.9322, 0.281, 1.2401, 0.4675, 0.588, 2.6255, 0.9914, 1.5782, 2.2738, 3.2129, 1.7232, 0.4217, 0.4891, 0.7885, 1.3602, 0.9484, 1.2502, 0.185, 0.6077, 0.2738, 3.84, 0.6638],
      [6.1233, 2.9463, 2.2122, 3.7666, 0.2269, 0.0088, 2.0932, 2.1713, 0.3219, 0.6513, 0.5483, 0.2881, 6.2772, 1.3567, 0.6793, 2.6921, 0.8139, 3.931, 13.0739, 0.6863, 3.9469, 2.965, 5.0181, 2.8838, 16.051, 5.0441, 6.6562, 6.2684, 8.9794, 2.5486, 6.8829, 0.5046, 1.7896, 6.6175, 3.2539, 4.9702, 8.628, 8.308, 2.7811, 3.291, 2.9056, 2.0291, 7.886, 2.7209, 7.045, 2.5561, 4.4492, 1.807, 18.0881, 1.604],
      [9.937, 3.1329, 1.3743, 6.6736, 0.3877, 0.1887, 1.8476, 4.0839, 1.46, 1.1399, 0.7221, 0.5676, 10.0264, 1.6016, 1.3178, 3.946, 0.0434, 1.5953, 7.2949, 0.5179, 4.6354, 3.2181, 4.0108, 3.5876, 12.544, 2.6914, 4.6657, 5.1127, 8.5778, 3.9065, 5.2967, 2.3239, 1.0688, 8.971, 1.3969, 2.9899, 5.3187, 9.2373, 4.6234, 3.7561, 3.9811, 3.6881, 7.7174, 5.1546, 3.8255, 3.161, 7.2194, 1.1885, 12.5596, 0.2152],
      [2.6408, 1.2116, 0.9944, 1.6205, 0.0187, 0.0391, 1.2034, 1.2244, 1.1475, 0.6667, 0.4563, 0.0649, 3.5245, 0.4044, 0.4473, 1.0402, 0.1791, 0.5788, 1.6583, 0.1817, 0.8394, 0.986, 3.3529, 1.6619, 3.5669, 0.8415, 0.9163, 1.8693, 2.0517, 0.4257, 0.8293, 0.2766, 0.4781, 2.2674, 1.3946, 1.4987, 2.1152, 3.3116, 1.9458, 1.0567, 1.5711, 1.1379, 2.7459, 1.095, 1.0062, 3.1325, 3.3835, 0.3928, 3.4439, 0.9132],
      [573.7656, 101.421, 47.8407, 349.8046, 23.2538, 9.3036, 111.3379, 187.9807, 163.8573, 19.6616, 37.7043, 25.2433, 369.7275, 66.919, 54.9987, 213.416, 26.5095, 174.4353, 571.3215, 28.8914, 306.1618, 222.5953, 361.2962, 233.2675, 761.4328, 208.7002, 257.6177, 432.8588, 521.1466, 352.7422, 373.7948, 162.6398, 153.2114, 532.0866, 243.5737, 251.7871, 451.4595, 653.9687, 369.5407, 314.6756, 243.6511, 204.6308, 390.3439, 302.1291, 350.5839, 266.871, 662.7471, 74.0367, 679.207, 95.6138],
      [25.77, 7.4746, 3.1974, 14.9773, 0, 0.4592, 4.2117, 12.7602, 5.0523, 0.8805, 1.5581, 1.7507, 15.1517, 4.371, 2.0451, 9.4375, 1.9037, 10.0985, 23.51, 1.5669, 13.6001, 8.4355, 15.4, 5.6735, 38.3266, 8.1171, 11.6156, 13.1514, 20.2962, 15.0893, 11.8377, 5.5663, 6.6742, 22.2112, 16.0768, 13.9454, 19.9467, 33.8394, 12.3481, 15.7041, 7.3623, 11.5299, 19.8874, 8.6382, 14.0342, 19.802, 25.5563, 6.0984, 43.5346, 5.8931]
    ],
    [
      [0.2524, 0.0321, 0.0505, 0.6472, 0, 0.0089, 0.351, 0.4297, 0.1515, 0, 0.0845, 0.1089, 0.6, 0.2795, 0.1245, 0.201, 0.0257, 0.0267, 0.0646, 0, 0.5937, 0.4984, 1.2827, 0.497, 0.2147, 0.0657, 0.3087, 0.0531, 0.108, 0.0329, 0.2765, 0.0694, 0.3089, 0.8084, 0.5361, 0.2619, 0.7234, 1.0877, 0.5277, 0.6986, 0.253, 0.4204, 0.3551, 0.4521, 0.5692, 0.7439, 1.347, 0.2988, 1.2762, 0.1815],
      [12.9255, 2.8564, 1.6004, 7.5968, 0.4509, 0, 6.3684, 2.467, 2.8584, 0, 0, 1.69, 15.6799, 2.3999, 1.9262, 2.4561, 0.1525, 1.3446, 5.3935, 0.9077, 3.4172, 3.3176, 10.9999, 6.9414, 9.9533, 5.0566, 4.9273, 7.4904, 6.4487, 1.5065, 1.673, 0.5261, 2.5095, 10.3984, 4.274, 4.2859, 7.047, 9.5694, 6.4074, 3.2802, 4.2603, 2.8249, 9.5863, 3.503, 5.4475, 2.1011, 7.2594, 3.6017, 21.2965, 3.1349],
      [0.2015, 0.0627, 0.0357, 0.0921, 0.0122, 0.004, 0.1859, 0.0573, 0.0063, 0.0292, 0.0167, 0.0557, 0.3008, 0.0657, 0.0313, 0.036, 0.0056, 0.0426, 0.1867, 0.09, 0.1219, 0.1087, 0.3772, 0.1518, 0.3504, 0.1502, 0.1431, 0.2574, 0.2028, 0.1162, 0.0656, 0.0055, 0.0681, 0.1796, 0.1222, 0.0889, 0.1926, 0.1699, 0.0333, 0.1045, 0.3949, 0.0429, 0.3478, 0.0647, 0.2231, 0.083, 0.2097, 0.0807, 0.5592, 0.0919],
      [16.3627, 3.3529, 0.9692, 8.2557, 0.8073, 0.0509, 5.7314, 4.7339, 1.8768, 0.982, 0.4419, 1.6722, 17.3616, 3.505, 1.1719, 2.4061, 0.0385, 0.7833, 4.6327, 0.2868, 5.9964, 4.4269, 12.962, 6.7382, 12.3228, 3.8056, 5.0037, 7.0468, 8.4679, 2.5344, 2.3445, 0.9413, 2.0053, 11.1787, 2.9524, 2.3357, 5.5965, 8.8153, 5.0061, 5.2877, 4.6869, 4.09, 7.0071, 6.2471, 5.4117, 4.4097, 12.3255, 1.9137, 18.3134, 0.8288],
      [217.7178, 39.7944, 21.3575, 111.5798, 3.6349, 2.7837, 94.4267, 66.1931, 81.4883, 7.2706, 12.2222, 11.8699, 174.0359, 47.854, 22.2323, 35.9449, 2.3061, 12.8705, 58.3184, 3.649, 64.7923, 63.9093, 275.4976, 137.5876, 178.2882, 61.4282, 57.3415, 109.8405, 103.5183, 25.3733, 24.2665, 9.1252, 37.9761, 159.3241, 73.7128, 54.3197, 121.063, 178.7069, 113.4972, 72.726, 85.2247, 73.3152, 109.1485, 65.3938, 81.8429, 86.7359, 202.3158, 23.6028, 224.2101, 43.7629],
      [41.4326, 4.6324, 1.5535, 18.7732, 2.0947, 0.1251, 15.6321, 9.6504, 8.6703, 0.624, 1.0547, 2.8113, 25.9995, 6.2706, 2.1984, 5.0032, 0.3732, 3.1103, 15.8534, 0.8949, 18.087, 14.7513, 49.6314, 20.3357, 34.494, 13.5155, 12.2139, 28.051, 22.8722, 10.694, 6.4537, 1.9527, 11.3276, 29.4809, 17.0951, 8.9214, 20.0046, 27.2531, 18.2985, 20.0827, 13.6398, 11.114, 16.3949, 15.5974, 22.1772, 18.0547, 51.1769, 5.6216, 44.5152, 7.4448],
      [7.1075, 1.2691, 0.433, 3.0551, 0, 0.0274, 2.3046, 2.4686, 0.9484, 0.0942, 0.18, 0.7919, 4.0224, 1.6253, 0.3153, 0.9526, 0.0984, 0.8219, 2.5507, 0.1716, 2.9915, 1.9877, 8.2492, 1.7484, 6.3766, 1.9782, 2.0618, 3.2607, 3.382, 1.7427, 0.9202, 0.3797, 1.8046, 4.6299, 4.3074, 1.7865, 3.3731, 5.3978, 2.2297, 3.8203, 1.5405, 2.1927, 3.1603, 1.7419, 3.3284, 4.8717, 7.3658, 1.8807, 10.8294, 1.5553]
    ],
    [
      [3.6947, 1.2795, 1.9649, 4.9816, 0, 0.0601, 3.8318, 3.7257, 1.1566, 0, 0.2863, 1.2163, 3.5406, 2.5713, 0.91, 2.3806, 0.7267, 0.3091, 0.7566, 0, 3.9207, 2.6112, 3.9942, 5.5826, 5.3291, 1.5903, 2.4558, 0.424, 2.3319, 0.3535, 2.511, 1.1588, 2.8034, 6.368, 3.0661, 4.3527, 5.3523, 10.9502, 6.8191, 4.4701, 7.3413, 4.4917, 9.6269, 3.5494, 3.2442, 2.8249, 7.2206, 0.8894, 6.5256, 0.4639],
      [1.2735, 0.7461, 0.4116, 1.225, 0, 0, 0.4597, 0.4533, 0.3319, 0, 0, 0.1095, 1.5975, 0.3397, 0.2908, 0.5843, 0.1578, 0.2554, 2.2692, 0.0835, 0.4599, 0.3531, 0.7111, 0.8192, 2.5024, 0.8094, 0.8001, 0.9852, 0.8885, 0.4542, 0.3004, 0.1687, 0.4953, 1.6882, 0.5345, 1.4807, 1.0756, 1.9357, 1.146, 0.417, 1.659, 0.642, 1.7378, 0.5827, 0.6528, 0.2203, 0.9631, 0.2977, 2.2479, 0.175],
      [0.213, 0.1585, 0.1069, 0.1546, 0, 0.0062, 0.1076, 0.0969, 0.0148, 0.0152, 0.0119, 0.0237, 0.2087, 0.0879, 0.0205, 0.0824, 0.0334, 0.0806, 0.3605, 0.026, 0.1476, 0.0894, 0.2124, 0.1432, 0.6412, 0.2492, 0.2456, 1.2892, 0.2612, 0.5055, 0.115, 0.0185, 0.1148, 0.2782, 0.1318, 0.2651, 0.2765, 0.3317, 0.1141, 0.1296, 0.2507, 0.1058, 0.3036, 0.1114, 0.2493, 0.079, 0.2163, 0.0565, 0.575, 0.0151],
      [4.1221, 2.2054, 0.6086, 3.3352, 0, 0.0564, 1.0509, 2.2002, 0.5631, 0.182, 0.1493, 0.2704, 4.5051, 1.2541, 0.4529, 1.444, 0.0222, 0.3766, 2.2847, 0.0685, 2.0386, 1.1842, 2.1062, 2.0514, 5.9469, 1.5457, 2.0395, 2.2812, 2.9806, 1.1423, 1.0552, 0.7644, 0.9749, 4.5376, 0.9182, 2.0428, 2.1341, 4.4469, 2.31, 1.7169, 2.6271, 2.3235, 3.3184, 2.6041, 1.6166, 1.1526, 4.0669, 0.4027, 4.8452, 0.1319],
      [10.2536, 4.738, 2.5693, 8.387, 0, 0.5068, 3.2911, 5.688, 4.3376, 0.1941, 0.7077, 0.3472, 8.2862, 3.1396, 1.5696, 3.9635, 0.4603, 1.1154, 5.3272, 0.1357, 4.09, 3.1578, 8.0568, 7.9062, 16.0633, 4.6069, 4.3379, 6.6385, 6.7731, 2.0913, 1.9967, 1.3363, 3.3735, 12.0658, 4.301, 8.6492, 8.5826, 16.8, 9.7409, 4.387, 8.7044, 7.6244, 9.6643, 5.0784, 4.5503, 4.243, 12.488, 0.9076, 11.0456, 1.0296],
      [72.1412, 19.8708, 7.2126, 52.1806, 0, 1.2499, 20.2687, 30.3469, 16.2383, 0.54, 2.5641, 3.4728, 45.055, 15.9344, 6.1778, 23.8538, 3.9376, 11.9743, 56.109, 1.4849, 41.6231, 25.1206, 55.7018, 41.5991, 110.1784, 37.4612, 34.1981, 62.4657, 55.2296, 33.7769, 22.048, 17.0679, 36.1354, 81.3198, 35.6353, 47.9016, 52.596, 94.8657, 55.0052, 45.0899, 49.2482, 38.9881, 53.4346, 44.6498, 45.0514, 30.2171, 113.7586, 8.4382, 79.1818, 6.111],
      [8.302, 4.0016, 1.126, 5.7361, 0, 0.1206, 1.9901, 5.4891, 1.3578, 0.0688, 0.2808, 0.5601, 4.8069, 2.673, 0.5784, 2.6915, 0.6621, 1.8886, 5.8929, 0.2015, 4.7201, 2.4837, 6.2176, 2.8984, 14.3388, 3.7372, 3.923, 4.9162, 5.5351, 3.6762, 1.9737, 1.4854, 4.1026, 8.7423, 6.4131, 7.3079, 5.9829, 12.6698, 4.8648, 5.7895, 4.1694, 5.8245, 6.9144, 3.4241, 4.6353, 6.2631, 11.2864, 2.008, 13.5789, 1.0735]
    ],
    [
      [3.2136, 0.8584, 1.117, 4.6292, 0, 0.1102, 4.5232, 2.2205, 2.4655, 0, 0.6182, 1.3455, 5.8498, 2.2201, 0.8722, 2.2892, 0.9423, 0.2164, 2.0092, 0, 4.962, 5.9341, 8.5968, 9.1022, 3.4137, 1.3485, 1.8856, 0.563, 1.5621, 1.025, 1.7236, 0.9522, 1.8972, 7.5375, 6.7474, 2.1391, 6.8525, 11.1303, 7.9093, 5.6623, 5.337, 3.7993, 10.5929, 6.6437, 6.2691, 2.2081, 5.4993, 1.2015, 6.5963, 0.3449],
      [2.7926, 1.1919, 0.4493, 2.1305, 0.0145, 0, 1.0174, 0.5127, 1.3365, 0, 0, 0.5448, 4.9381, 0.5477, 0.533, 1.057, 0.2084, 1.2094, 1.971, 0.1618, 1.093, 1.5066, 2.8835, 2.5097, 2.0003, 2.1102, 1.151, 3.0692, 2.8082, 0.7515, 0.391, 0.2601, 0.6194, 3.7374, 2.1947, 1.3689, 2.5676, 3.6717, 2.4895, 0.9995, 1.1742, 1.0139, 4.7992, 2.045, 2.3557, 0.3426, 1.4293, 0.7678, 4.2686, 0.2425],
      [0.0267, 0.0177, 0.0037, 0.0176, 0.0002, 0.0085, 0.0218, 0.0077, 0.0022, 0.0078, 0.0101, 0.3336, 0.0872, 0.0134, 0.0061, 0.0122, 0.0043, 0.2081, 0.048, 0.0145, 0.0312, 0.0295, 0.0649, 0.0394, 0.0357, 0.0341, 0.0183, 0.282, 0.0425, 0.0143, 0.0059, 0.001, 0.0124, 0.045, 0.0338, 0.0199, 0.0512, 0.0469, 0.0082, 0.0229, 0.0208, 0.0103, 0.0593, 0.0126, 0.0604, 0.0087, 0.0138, 0.0149, 0.0513, 0.0014],
      [49.8115, 21.5393, 4.5738, 37.8847, 0.6937, 1.4993, 15.2355, 16.2175, 15.0539, 3.2901, 4.1085, 6.0717, 92.0252, 13.4997, 5.5485, 17.182, 0.8912, 9.72, 28.383, 0.9968, 31.4682, 32.9462, 55.4866, 40.9403, 41.5542, 21.1704, 19.2687, 33.2535, 40.0395, 17.0286, 8.9601, 7.8837, 8.2701, 65.3627, 25.2357, 12.3503, 33.3562, 54.9478, 32.7829, 26.4712, 20.9949, 24.0889, 48.2423, 59.567, 38.1375, 11.0981, 37.65, 6.77, 59.6169, 1.2004],
      [15.6929, 5.8883, 2.221, 12.0866, 0.0387, 1.4283, 6.0757, 5.199, 14.497, 0.3736, 2.471, 0.9152, 21.5702, 4.2893, 2.3445, 5.9486, 0.8881, 3.6139, 8.4464, 0.2162, 8.0478, 11.2398, 27.325, 19.7653, 14.1502, 8.0292, 5.1341, 12.3508, 11.5911, 3.9861, 2.1128, 1.7233, 3.6172, 22.1406, 14.1675, 6.702, 17.0515, 26.5261, 17.5468, 8.6055, 9.071, 10.2132, 17.9301, 14.5673, 13.5405, 5.0628, 14.6132, 1.9184, 17.2818, 1.0503],
      [32.1541, 7.3974, 1.6109, 22.05, 0.2529, 0.9285, 11.0361, 7.7403, 15.5519, 0.3216, 2.7626, 2.715, 34.2324, 6.3329, 2.6741, 10.4122, 2.0337, 11.8865, 25.9162, 0.6037, 24.1669, 26.1305, 54.1476, 30.5772, 26.5623, 19.1457, 11.4318, 34.2629, 27.7265, 19.0227, 4.7652, 6.1348, 11.4765, 43.7893, 32.2499, 11.2877, 30.8331, 44.1927, 29.0692, 25.9651, 15.3145, 15.6854, 29.0442, 35.9896, 38.3082, 10.1283, 38.48, 5.2488, 35.7293, 1.1484],
      [0.3087, 0.1069, 0.0243, 0.2014, 0, 0.0252, 0.0903, 0.1023, 0.093, 0.0069, 0.0296, 0.0741, 0.2972, 0.0968, 0.0216, 0.0988, 0.0319, 0.1457, 0.2262, 0.0069, 0.2309, 0.2133, 0.4955, 0.0658, 0.2837, 0.1619, 0.1105, 0.2187, 0.2302, 0.1718, 0.0415, 0.0449, 0.1072, 0.3875, 0.371, 0.1322, 0.288, 0.4844, 0.1942, 0.2735, 0.0875, 0.1889, 0.332, 0.1748, 0.3286, 0.1512, 0.3145, 0.0786, 0.4557, 0.0122]
    ],
    [
      [11.1446, 1.3314, 15.5868, 17.5011, 0, 0.6564, 6.5995, 11.5535, 6.1275, 0, 4.6149, 4.6348, 11.6291, 8.9785, 3.6832, 11.9107, 0, 1.3353, 7.5424, 0, 19.2487, 11.0142, 17.1223, 23.1115, 15.8761, 4.2547, 7.6917, 4.1377, 9.4833, 3.102, 10.2704, 3.9278, 9.6905, 21.7572, 9.0859, 9.086, 20.0799, 34.1446, 18.0049, 16.0382, 22.8187, 10.7756, 23.9058, 15.6913, 15.3265, 12.1975, 23.5662, 3.7312, 32.1565, 2.6773],
      [0.4432, 0.0795, 0.7688, 0.4943, 0, 0, 0.0784, 0.1578, 0.2016, 0, 0, 0.0496, 0.5956, 0.1397, 0.1265, 0.3359, 0, 0.5032, 0.523, 0.0524, 0.2542, 0.1749, 0.3474, 0.3929, 0.5727, 0.2487, 0.2878, 0.6309, 0.4198, 0.1009, 0.1408, 0.0655, 0.1999, 0.6663, 0.1846, 0.3554, 0.4657, 0.6975, 0.3494, 0.166, 0.3125, 0.1777, 0.4893, 0.2972, 0.3559, 0.1001, 0.3496, 0.129, 1.2578, 0.1254],
      [1.5918, 0.4245, 1.8963, 1.3408, 0, 0.0335, 0.4398, 0.7242, 0.2396, 0.3906, 0.5312, 0.1921, 1.6379, 0.7479, 0.1723, 0.9876, 0, 1.114, 3.425, 0.2449, 1.7268, 0.9486, 2.2462, 1.4033, 4.2178, 1.6641, 1.8995, 2.2691, 2.6111, 0.6503, 1.163, 0.1846, 0.9884, 2.3266, 0.9265, 1.388, 2.5243, 2.5405, 0.8012, 1.1331, 1.2562, 0.6528, 1.8059, 1.2259, 2.8684, 0.807, 1.8983, 0.5515, 7.119, 0.4217],
      [1.7964, 0.301, 0.7699, 1.6804, 0, 0.0797, 0.2481, 0.974, 0.4202, 0.3897, 0.3418, 0.1529, 2.1132, 0.6226, 0.2516, 1.0299, 0, 0.3005, 1.2736, 0.0528, 1.4386, 0.7253, 1.3075, 1.2247, 2.284, 0.594, 0.9136, 1.0495, 1.7634, 0.5388, 0.6132, 0.3656, 0.4741, 2.2332, 0.3824, 0.6087, 1.1464, 1.9962, 0.8743, 0.8854, 1.0616, 0.8026, 1.182, 1.6423, 1.0967, 0.7148, 1.9159, 0.2419, 3.4509, 0.1007],
      [4.2538, 0.5365, 2.5568, 4.0745, 0, 0.5395, 0.4485, 2.4615, 3.222, 0.4436, 1.4173, 0.1731, 3.7465, 1.5269, 0.8389, 2.7127, 0, 0.8602, 2.8603, 0.1048, 2.7506, 1.9094, 5.2162, 4.4889, 5.9611, 1.7176, 1.8747, 2.9252, 3.8612, 0.945, 1.1283, 0.6181, 1.6092, 5.7201, 1.768, 2.5594, 4.4641, 7.2785, 3.5514, 2.1747, 3.4589, 2.5931, 3.2788, 3.0902, 2.9662, 2.5701, 5.718, 0.5267, 7.6168, 0.9925],
      [37.4426, 2.9593, 8.8044, 31.6388, 0, 1.6753, 5.4299, 16.3767, 15.0045, 1.8388, 6.4279, 2.1351, 25.5015, 9.5072, 4.0967, 20.1676, 0, 12.3624, 37.9792, 1.6111, 34.8446, 18.7762, 42.2159, 29.5904, 51.2017, 17.4668, 18.4307, 34.3289, 39.5134, 18.933, 16.2226, 9.8154, 21.6068, 48.1412, 18.1872, 18.7191, 34.2048, 51.4222, 25.0433, 27.8476, 24.6496, 16.7561, 22.5078, 33.7582, 36.683, 22.6893, 64.7563, 6.033, 68.0917, 6.7048],
      [20.3275, 3.3679, 7.617, 16.2701, 0, 1.0156, 2.7559, 13.7523, 5.7847, 0.9373, 3.6668, 1.6624, 12.7762, 7.4772, 1.8309, 10.8556, 0, 8.5244, 18.3964, 0.934, 18.7365, 8.4515, 21.5446, 9.7884, 30.8867, 8.054, 9.9018, 12.6587, 18.3479, 9.73, 6.4617, 4.023, 11.431, 24.1553, 15.4655, 12.2834, 18.1148, 31.9204, 10.3754, 16.755, 9.4426, 11.2422, 13.8303, 12.2949, 17.7034, 21.9212, 29.7958, 6.7867, 54.3075, 4.9777]
    ]
  ],
  "V_est": [
    [72.2417, 601.8158, 3.8128, 73.1616, 1097.274, 146.661, 3.0331],
    [31.9975, 146.6768, 967.5845, 23.6572, 105.8348, 290.1249, 97.1243],
    [5.7154, 47.492, 209.3477, 204.5019, 69.8102, 13591.7647, 616.368],
    [18.2893, 242.1197, 6.6259, 256.425, 3945.3967, 758.0107, 130.1327],
    [156.0152, 37.7922, 9.3316, 92.4582, 265.3082, 1844.7108, 219.3839],
    [174.9368, 77.2384, 1.944, 1260.3692, 461.266, 936.6275, 8.6182],
    [554.8041, 14.8651, 68.3535, 46.4269, 128.1102, 1120.1003, 619.3398]
  ],
  "p_est": [
    [0.0362, 0.3012, 0.0019, 0.0366, 0.5492, 0.0734, 0.0015],
    [0.0192, 0.0882, 0.5818, 0.0142, 0.0637, 0.1744, 0.0585],
    [0.0004, 0.0032, 0.0142, 0.0139, 0.0047, 0.9218, 0.0418],
    [0.0034, 0.0452, 0.0012, 0.0479, 0.7365, 0.1415, 0.0243],
    [0.0594, 0.0144, 0.0036, 0.0352, 0.1011, 0.7027, 0.0836],
    [0.0599, 0.0265, 0.0007, 0.4315, 0.1579, 0.3207, 0.0029],
    [0.2174, 0.0058, 0.0268, 0.0182, 0.0502, 0.4388, 0.2427]
  ],
  "EI_Z": {},
  "EI_V": 7.8512,
  "MAE_Z": {},
  "MAE_V": 102.101,
  "MAE_p": 0.0393,
  "runtime": 0.107
}
