{
  "X": [
    [12, 29, 59],
    [13, 27, 60],
    [10, 29, 61],
    [10, 29, 61],
    [11, 26, 63],
    [12, 33, 55],
    [8, 33, 59],
    [9, 32, 59],
    [6, 28, 66],
    [11, 37, 52],
    [10, 26, 64],
    [12, 34, 54],
    [9, 36, 55],
    [12, 27, 61],
    [7, 38, 55],
    [13, 33, 54],
    [15, 32, 53],
    [17, 26, 57],
    [18, 17, 65],
    [17, 27, 56],
    [26, 23, 51],
    [25, 30, 45],
    [13, 30, 57],
    [13, 25, 62],
    [20, 24, 56],
    [16, 40, 44],
    [29, 22, 49],
    [19, 30, 51],
    [25, 22, 53],
    [18, 30, 52],
    [18, 29, 53],
    [19, 32, 49],
    [18, 18, 64],
    [30, 23, 47],
    [19, 28, 53],
    [25, 23, 52],
    [14, 31, 55],
    [15, 30, 55],
    [16, 24, 60],
    [18, 32, 50],
    [23, 20, 57],
    [20, 33, 47],
    [19, 25, 56],
    [24, 24, 52],
    [20, 18, 62],
    [19, 26, 55],
    [18, 25, 57],
    [20, 20, 60],
    [17, 19, 64],
    [25, 22, 53]
  ],
  "W": [
    [68, 14, 18],
    [64, 16, 20],
    [64, 19, 17],
    [67, 20, 13],
    [65, 19, 16],
    [59, 19, 22],
    [76, 6, 18],
    [68, 16, 16],
    [73, 14, 13],
    [67, 18, 15],
    [64, 14, 22],
    [67, 20, 13],
    [69, 15, 16],
    [65, 12, 23],
    [72, 21, 7],
    [56, 24, 20],
    [48, 42, 10],
    [14, 73, 13],
    [13, 65, 22],
    [22, 62, 16],
    [16, 70, 14],
    [15, 66, 19],
    [25, 60, 15],
    [17, 67, 16],
    [21, 63, 16],
    [16, 62, 22],
    [17, 74, 9],
    [22, 66, 12],
    [13, 68, 19],
    [24, 58, 18],
    [17, 63, 20],
    [21, 59, 20],
    [17, 66, 17],
    [16, 39, 45],
    [14, 26, 60],
    [16, 16, 68],
    [17, 23, 60],
    [17, 19, 64],
    [14, 18, 68],
    [17, 18, 65],
    [22, 19, 59],
    [13, 19, 68],
    [11, 14, 75],
    [17, 12, 71],
    [17, 22, 61],
    [15, 10, 75],
    [16, 10, 74],
    [17, 19, 64],
    [16, 17, 67],
    [10, 15, 75]
  ],
  "method": "mcmc",
  "mcmc_stepsize": 3000,
  "mcmc_samples": 1000,
  "burn_in": 10000,
  "cond_prob": [
    [
      [0.047470642176, 0.32127253638, 0.63125682145],
      [0.29736796877, 0.2352362849, 0.46739574633],
      [0.25604693163, 0.21445330765, 0.52949976073]
    ],
    [
      [0.047150601757, 0.30814966259, 0.64469973566],
      [0.31243706853, 0.21545526417, 0.4721076673],
      [0.24916841955, 0.19155686839, 0.55927471206]
    ],
    [
      [0.03541185563, 0.31997484862, 0.64461329575],
      [0.22254229167, 0.26270075788, 0.51475695046],
      [0.20619633518, 0.20766442874, 0.58613923608]
    ],
    [
      [0.037713077327, 0.31691052261, 0.64537640007],
      [0.23280524322, 0.24182517153, 0.52536958525],
      [0.21670145805, 0.22542242729, 0.55787611466]
    ],
    [
      [0.04174712069, 0.28473895213, 0.67351392718],
      [0.248228479, 0.23160409699, 0.52016742401],
      [0.22313100338, 0.19321814179, 0.58365085483]
    ],
    [
      [0.040460761206, 0.37901717913, 0.58052205967],
      [0.24721803824, 0.28325442485, 0.46952753692],
      [0.22343965284, 0.23891601634, 0.53764433083]
    ],
    [
      [0.034901519178, 0.35946360184, 0.60563487898],
      [0.24860676529, 0.24468423984, 0.50670899487],
      [0.21421355282, 0.23403671226, 0.55174973492]
    ],
    [
      [0.033247637624, 0.35240695526, 0.61434540712],
      [0.22684921693, 0.26423759702, 0.50891318605],
      [0.19434832317, 0.23803284313, 0.5676188337]
    ],
    [
      [0.023671972925, 0.29979573433, 0.67653229275],
      [0.16468962677, 0.23591878776, 0.59939158546],
      [0.15125316936, 0.21631141273, 0.63243541791]
    ],
    [
      [0.042085266498, 0.41470653888, 0.54320819462],
      [0.25526039368, 0.29487756556, 0.44986204075],
      [0.23904000389, 0.26045771431, 0.5005022818]
    ],
    [
      [0.032309296347, 0.28840947097, 0.67928123269],
      [0.23177027284, 0.21707286334, 0.55115686382],
      [0.21306460064, 0.20467153506, 0.5822638643]
    ],
    [
      [0.050031323315, 0.37902285445, 0.57094582223],
      [0.27238704076, 0.26302867494, 0.4645842843],
      [0.24616619405, 0.25729963484, 0.49653417111]
    ],
    [
      [0.033363598609, 0.39426373982, 0.57237266157],
      [0.23087335494, 0.29448843453, 0.47463821053],
      [0.20217571075, 0.27365471464, 0.52416957461]
    ],
    [
      [0.044188355799, 0.30114073233, 0.65467091187],
      [0.27309629094, 0.22350339623, 0.50340031283],
      [0.25437397312, 0.20625268016, 0.53937334672]
    ],
    [
      [0.027409850853, 0.40329716201, 0.56929298714],
      [0.18415874338, 0.33039908339, 0.48544217323],
      [0.16559387538, 0.28917479775, 0.54523132687]
    ],
    [
      [0.043789970445, 0.38165166481, 0.57455836474],
      [0.24473195833, 0.27894518955, 0.47632285211],
      [0.23370973275, 0.24664111107, 0.51964915618]
    ],
    [
      [0.046085049733, 0.36642972172, 0.58748522854],
      [0.24958820209, 0.28472539542, 0.46568640249],
      [0.23052131252, 0.24529067496, 0.52418801252]
    ],
    [
      [0.026347946498, 0.34866699276, 0.62498506074],
      [0.19789312976, 0.24754508188, 0.55456178836],
      [0.16807155974, 0.23445162491, 0.59747681535]
    ],
    [
      [0.025632576597, 0.23716243724, 0.73720498616],
      [0.21108926735, 0.16351806023, 0.62539267242],
      [0.17936246029, 0.14946429095, 0.67117324876]
    ],
    [
      [0.032480957896, 0.35055538474, 0.61696365737],
      [0.20824685679, 0.25453287421, 0.537220269],
      [0.21088211282, 0.21917145843, 0.56994642875]
    ],
    [
      [0.044083588434, 0.33952008178, 0.61639632979],
      [0.30585358225, 0.21033655753, 0.48380986022],
      [0.27749370195, 0.20315140462, 0.51935489343]
    ],
    [
      [0.048159614897, 0.4159028102, 0.5359375749],
      [0.28760767163, 0.29008101849, 0.42231130988],
      [0.2787104973, 0.24295319089, 0.47833631182]
    ],
    [
      [0.028913764433, 0.35637812231, 0.61470811326],
      [0.16391280759, 0.29479871817, 0.54128847424],
      [0.16282582892, 0.22684159015, 0.61033258093]
    ],
    [
      [0.021747287036, 0.33783141219, 0.64042130078],
      [0.15553523302, 0.23823472682, 0.60623004015],
      [0.13808971924, 0.20594620597, 0.65596407479]
    ],
    [
      [0.038264464974, 0.33477025386, 0.62696528116],
      [0.24881991701, 0.21415789815, 0.53702218484],
      [0.22004946649, 0.21736731783, 0.56258321568]
    ],
    [
      [0.03645537494, 0.48793202245, 0.47561260261],
      [0.19501043949, 0.39349947231, 0.4114900882],
      [0.1511848524, 0.35436910716, 0.49444604044]
    ],
    [
      [0.055172099223, 0.31867582822, 0.62615207256],
      [0.33822054828, 0.2032778501, 0.45850160162],
      [0.3370837489, 0.17110555701, 0.49181069408]
    ],
    [
      [0.03779479507, 0.37092371078, 0.59128149415],
      [0.23203251085, 0.28711093074, 0.48085655841],
      [0.23786406605, 0.24086307783, 0.52127285613]
    ],
    [
      [0.042827316779, 0.29959157796, 0.65758110526],
      [0.28463852501, 0.21454368606, 0.50081778893],
      [0.26778027268, 0.18507046498, 0.54714926234]
    ],
    [
      [0.037786151984, 0.37285867415, 0.58935517387],
      [0.22333682331, 0.29111602918, 0.48554714751],
      [0.22997758891, 0.23148122934, 0.53854118175]
    ],
    [
      [0.031965858223, 0.38899222272, 0.57904191905],
      [0.21829441287, 0.28061067256, 0.50109491457],
      [0.18520161997, 0.23543299213, 0.5793653879]
    ],
    [
      [0.039172342404, 0.41069623834, 0.55013141926],
      [0.23258325035, 0.30966717281, 0.45774957683],
      [0.22274845193, 0.25525078995, 0.52200075812]
    ],
    [
      [0.025128976813, 0.23199103184, 0.74287999135],
      [0.2236418771, 0.1742387596, 0.6021193633],
      [0.16543785327, 0.15037613677, 0.68418600996]
    ],
    [
      [0.071546424326, 0.3484762417, 0.57997733397],
      [0.36044953446, 0.21115780495, 0.42839266059],
      [0.32883834149, 0.20420501644, 0.46695664207]
    ],
    [
      [0.032723583824, 0.36965091981, 0.59762549636],
      [0.24384058922, 0.29758282728, 0.4585765835],
      [0.20336690845, 0.25146222689, 0.54517086466]
    ],
    [
      [0.059046759536, 0.33599324721, 0.60495999325],
      [0.30288217794, 0.25042498337, 0.4466928387],
      [0.28248730883, 0.20025453398, 0.51725815719]
    ],
    [
      [0.036401428749, 0.39802950798, 0.56556906327],
      [0.18302446325, 0.35391025007, 0.46306528668],
      [0.15286021761, 0.26822604355, 0.57891373885]
    ],
    [
      [0.031125481607, 0.39982665356, 0.56904786483],
      [0.19584524168, 0.34935134156, 0.45480341676],
      [0.16796573782, 0.25883236562, 0.57320189655]
    ],
    [
      [0.032788562719, 0.3398160281, 0.62739540918],
      [0.19717090769, 0.24761499906, 0.55521409325],
      [0.17635123211, 0.21743390623, 0.60621486166]
    ],
    [
      [0.03101623732, 0.4031333784, 0.56585038428],
      [0.2218090997, 0.35501806021, 0.42317284009],
      [0.20738707955, 0.28856011513, 0.50405280532]
    ],
    [
      [0.05552883688, 0.26865539301, 0.67581577011],
      [0.28541478739, 0.22143936589, 0.49314584673],
      [0.27721160387, 0.16749548139, 0.55529291474]
    ],
    [
      [0.034007899166, 0.46440378362, 0.50158831721],
      [0.24816638718, 0.34598113291, 0.4058524799],
      [0.21827552874, 0.29983984246, 0.4818846288]
    ],
    [
      [0.042791394518, 0.35261960132, 0.60458900416],
      [0.23848889884, 0.26109704729, 0.50041405387],
      [0.20253933435, 0.23287767631, 0.56458298933]
    ],
    [
      [0.042466833474, 0.35921096566, 0.59832220086],
      [0.29552796552, 0.23915613204, 0.46531590244],
      [0.27791166542, 0.21159915492, 0.51048917966]
    ],
    [
      [0.05121867794, 0.23535005465, 0.71343126741],
      [0.25104513208, 0.1914489577, 0.55750591022],
      [0.22305392736, 0.16044544265, 0.61650062999]
    ],
    [
      [0.030432335886, 0.36279102481, 0.6067766393],
      [0.24535521559, 0.24357713667, 0.51106764774],
      [0.21453283741, 0.24163151015, 0.54383565244]
    ],
    [
      [0.029867478464, 0.34086762761, 0.62926489392],
      [0.24056548854, 0.2405100359, 0.51892447555],
      [0.20427656026, 0.23163537296, 0.56408806678]
    ],
    [
      [0.049555689659, 0.26664456519, 0.68379974515],
      [0.25176603204, 0.2213686289, 0.52686533906],
      [0.22459372917, 0.17595372567, 0.59945254516]
    ],
    [
      [0.033734994038, 0.26906420323, 0.69720080273],
      [0.21559655759, 0.18655923782, 0.59784420459],
      [0.19097162114, 0.17199202545, 0.63703635341]
    ],
    [
      [0.068212688278, 0.32032426945, 0.61146304227],
      [0.3176364224, 0.23029324448, 0.45207033312],
      [0.26071102375, 0.20456478184, 0.53472419441]
    ]
  ],
  "expected_outcome": [
    [
      [3.228003668, 3.0176385125, 2.2663587603, 2.5267761809, 2.7135628448, 2.3871849112, 2.6525154575, 2.2608393584, 1.7280540235, 2.8197128553, 2.0677949662, 3.3520986621, 2.302088304, 2.8722431269, 1.9735092614, 2.4522383449, 2.2120823872, 0.36887125097, 0.33322349576, 0.71458107372, 0.70533741495, 0.72239422345, 0.72284411083, 0.36970387961, 0.80355376444, 0.58328599905, 0.93792568678, 0.83148549154, 0.55675511813, 0.90686764761, 0.5434195898, 0.82261919049, 0.42719260582, 1.1447427892, 0.45813017354, 0.94474815257, 0.61882428873, 0.52913318732, 0.45903987806, 0.52727603444, 1.2216344114, 0.44210268916, 0.47070533969, 0.72193616905, 0.87071752498, 0.45648503829, 0.47787965542, 0.84244672421, 0.53975990461, 0.68212688278],
      [21.8465324737, 19.7215784056, 20.4783903118, 21.2330050147, 18.5080318887, 22.3620135685, 27.3192337402, 23.9636729577, 21.8850886058, 27.7853381053, 18.4582061419, 25.3945312482, 27.2041980477, 19.5741476016, 29.0373956646, 21.3724932294, 17.5886266428, 4.8813378987, 3.0831116842, 7.7122184642, 5.4323213085, 6.2385421531, 8.9094530576, 5.7431340072, 7.0301753311, 7.8069123593, 5.4174890797, 8.1603216371, 3.8946905135, 8.9486081795, 6.6128677863, 8.6246210051, 3.9438475413, 5.5756198672, 5.1751128774, 5.3758919554, 6.7665016357, 6.7970531106, 4.7574243934, 6.8532674327, 5.9104186463, 6.0372491871, 3.8788156145, 6.1065864163, 4.0009509291, 5.4418653722, 5.4538820418, 4.5329576083, 4.3050272517, 3.2032426945],
      [42.9254638583, 41.260783082, 41.2552509279, 43.2402188044, 43.7784052665, 34.2508015203, 46.0282508023, 41.7754876839, 49.3868573707, 36.3949490394, 43.4739988919, 38.2533700897, 39.4937136483, 42.5536092715, 40.989095074, 32.1752684257, 28.1992909701, 8.7497908504, 9.5836648201, 13.5732004621, 9.8623412766, 8.0390636235, 15.3677028315, 10.8871621132, 13.1662709045, 7.6098016417, 10.6445852335, 13.0081928714, 8.5485543684, 14.1445241729, 9.8437126239, 11.5527598044, 12.6289598529, 9.2796373436, 8.3667569491, 9.679359892, 9.6146740756, 9.6738137021, 8.7835357286, 9.6194565328, 14.8679469424, 6.5206481238, 6.6504790458, 10.1714774147, 12.1283315459, 9.1016495896, 10.0682383028, 11.6245956675, 11.1552128437, 6.1146304227]
    ],
    [
      [4.1631515628, 4.9989930965, 4.2283035416, 4.6561048645, 4.7163411011, 4.6971427265, 1.4916405917, 3.6295874708, 2.3056547748, 4.5946870863, 3.2447838197, 5.4477408152, 3.463100324, 3.2771554912, 3.867333611, 5.873567, 10.4827044877, 14.4461984724, 13.7208023779, 12.9113051211, 21.4097507577, 18.9821063279, 9.8347684554, 10.4208606126, 15.6756547717, 12.0906472482, 25.0283205731, 15.3141457159, 19.3554197009, 12.953535752, 13.7525480108, 13.7224117709, 14.7603638886, 14.0575318439, 6.3398553198, 4.846114847, 4.2095626548, 3.7210595919, 3.5490763385, 3.9925637945, 5.4228809603, 4.7151613565, 3.3388445838, 3.5463355862, 5.5229929058, 2.4535521559, 2.4056548854, 4.7835546087, 3.6651414791, 4.7645463361],
      [3.2933079887, 3.4472842267, 4.9913143997, 4.8365034305, 4.4004778427, 5.3818340721, 1.468105439, 4.2278015523, 3.3028630287, 5.3077961801, 3.0390200868, 5.2605734989, 4.417326518, 2.6820407548, 6.9383807511, 6.6946845493, 11.9584666076, 18.0707909775, 10.6286739149, 15.781038201, 14.7235590269, 19.1453472201, 17.6879230901, 15.9617266972, 13.4919475836, 24.3969672833, 15.0425609072, 18.949321429, 14.588970652, 16.8847296924, 17.678472371, 18.2703631959, 11.4997581337, 8.2351543931, 7.7371535092, 4.0067997339, 8.1399357516, 6.6376754896, 4.457069983, 6.3903250838, 4.2073479518, 6.5736415253, 3.655358662, 2.8698735845, 4.2118770693, 2.4357713667, 2.405100359, 4.2060039491, 3.1715070429, 3.4543986672],
      [6.5435404486, 7.5537226768, 9.7803820587, 10.507391705, 9.8831810562, 8.9210232015, 3.0402539692, 8.1426109769, 8.3914821964, 8.0975167336, 7.7161960935, 9.2916856859, 7.119573158, 6.040803754, 10.1942856379, 11.4317484507, 19.5588289047, 40.48301055, 40.6505237072, 33.3076566779, 33.8666902154, 27.872546452, 32.4773084545, 40.6174126902, 33.8323976446, 25.5123854686, 33.9291185197, 31.7365328551, 34.0556096471, 28.1617345556, 31.5689796181, 27.0072250332, 39.7398779778, 16.7073137631, 11.922991171, 7.1470854191, 10.6505015937, 8.6412649184, 9.9938536785, 7.6171111217, 9.3697710878, 7.7111971182, 7.0057967542, 5.5837908293, 12.2651300248, 5.1106764774, 5.1892447555, 10.0104414422, 10.163351478, 6.7810549967]
    ],
    [
      [4.6088447693, 4.983368391, 3.505337698, 2.8171189546, 3.5700960541, 4.9156723624, 3.8558439508, 3.1095731708, 1.9662912017, 3.5856000584, 4.6874212141, 3.2001605226, 3.234811372, 5.8506013818, 1.1591571276, 4.6741946551, 2.3052131252, 2.1849302766, 3.9459741264, 3.3741138052, 3.8849118273, 5.2954994487, 2.4423874337, 2.2094355078, 3.5207914638, 3.3260667528, 3.0337537401, 2.8543687926, 5.087825181, 4.1395966004, 3.7040323994, 4.4549690386, 2.8124435056, 14.7977253669, 12.2020145067, 19.2091370004, 9.1716130565, 10.7498072207, 11.9918837834, 13.480160171, 16.3554846283, 14.8427359543, 15.1904500765, 19.7317282447, 13.6062895692, 16.0899628058, 15.1164654592, 14.3739986671, 12.7950986163, 19.5533267812],
      [3.8601595376, 3.8311373678, 3.5302952886, 2.9304915548, 3.0914902686, 5.2561523594, 4.2126608207, 3.80852549, 2.8120483655, 3.9068657146, 4.5027737713, 3.344895253, 4.3784754343, 4.7438116437, 2.0242235842, 4.9328222213, 2.4529067496, 3.0478711238, 3.288214401, 3.5067433348, 2.8441196647, 4.6161106269, 3.4026238523, 3.2951392956, 3.4778770853, 7.7961203575, 1.5399500131, 2.8903569339, 3.5163388345, 4.1666621282, 4.7086598427, 5.105015799, 2.5563943251, 9.1892257397, 15.0877336134, 13.6173083107, 16.0935626127, 16.5652713998, 14.7855056236, 18.7564074835, 9.8822334019, 20.3891092876, 17.4658257235, 15.0235399992, 9.7871720016, 18.1223632612, 17.1410175992, 11.2610384426, 11.5234657054, 15.3423586383],
      [9.5309956931, 11.1854942412, 9.9643670134, 7.2523894906, 9.3384136773, 11.8281752782, 9.9314952285, 9.0819013392, 8.2216604328, 7.507534227, 12.8098050145, 6.4549442244, 8.3867131937, 12.4055869745, 3.8166192881, 10.3929831236, 5.2418801252, 7.7671985996, 14.7658114727, 9.11914286, 7.270968508, 9.0883899245, 9.154988714, 10.4954251966, 9.0013314509, 10.8778128897, 4.4262962467, 6.2552742735, 10.3958359845, 9.6937412715, 11.5873077579, 10.4400151624, 11.6311621693, 21.0130488934, 32.7102518799, 35.1735546889, 34.7348243308, 36.6849213795, 41.2226105929, 32.7634323455, 32.7622819698, 32.7681547581, 42.3437242, 36.244731756, 37.6065384292, 40.787673933, 41.7425169417, 38.3649628903, 42.6814356783, 40.1043145806]
    ]
  ],
  "prob": [
    [0.039520278289, 0.34556221897, 0.61491750274],
    [0.24004582328, 0.25617907742, 0.5037750993],
    [0.22026609165, 0.2244281266, 0.55530578175]
  ],
  "iterations": 14,
  "time": 0.087483,
  "message": "Converged",
  "status": 0,
  "miniter": 0,
  "maxiter": 1000,
  "maxtime": 3600,
  "param_threshold": 0.001,
  "ll_threshold": "-Inf",
  "initial_prob": "group_proportional",
  "ballotbox_id": ["1", "2", "3", "4", "5", "6", "7", "8", "9", "10", "11", "12", "13", "14", "15", "16", "17", "18", "19", "20", "21", "22", "23", "24", "25", "26", "27", "28", "29", "30", "31", "32", "33", "34", "35", "36", "37", "38", "39", "40", "41", "42", "43", "44", "45", "46", "47", "48", "49", "50"],
  "candidates_id": ["1", "2", "3"],
  "group_id": ["1", "2", "3"]
}
