{
  "X": [
    [37, 9, 54],
    [36, 5, 59],
    [44, 11, 45],
    [34, 9, 57],
    [29, 15, 56],
    [24, 15, 61],
    [40, 8, 52],
    [34, 10, 56],
    [37, 10, 53],
    [34, 11, 55],
    [38, 9, 53],
    [28, 13, 59],
    [36, 12, 52],
    [40, 9, 51],
    [21, 10, 69],
    [44, 6, 50],
    [40, 11, 49],
    [39, 3, 58],
    [46, 4, 50],
    [46, 7, 47],
    [46, 1, 53],
    [43, 7, 50],
    [40, 3, 57],
    [40, 0, 60],
    [40, 2, 58],
    [42, 7, 51],
    [44, 2, 54],
    [45, 3, 52],
    [46, 4, 50],
    [38, 6, 56],
    [45, 6, 49],
    [39, 1, 60],
    [38, 11, 51],
    [53, 5, 42],
    [77, 1, 22],
    [71, 7, 22],
    [76, 4, 20],
    [74, 2, 24],
    [72, 6, 22],
    [74, 4, 22],
    [73, 7, 20],
    [68, 4, 28],
    [73, 7, 20],
    [62, 6, 32],
    [63, 3, 34],
    [74, 1, 25],
    [63, 4, 33],
    [75, 1, 24],
    [74, 3, 23],
    [70, 5, 25]
  ],
  "W": [
    [67, 18, 15],
    [65, 16, 19],
    [66, 12, 22],
    [61, 24, 15],
    [66, 21, 13],
    [67, 21, 12],
    [64, 17, 19],
    [65, 16, 19],
    [60, 19, 21],
    [67, 18, 15],
    [68, 15, 17],
    [68, 20, 12],
    [76, 12, 12],
    [66, 18, 16],
    [77, 14, 9],
    [61, 17, 22],
    [51, 30, 19],
    [19, 69, 12],
    [19, 65, 16],
    [18, 60, 22],
    [16, 65, 19],
    [15, 65, 20],
    [16, 68, 16],
    [15, 71, 14],
    [15, 67, 18],
    [19, 67, 14],
    [12, 73, 15],
    [14, 67, 19],
    [15, 73, 12],
    [13, 74, 13],
    [20, 59, 21],
    [14, 70, 16],
    [27, 51, 22],
    [24, 31, 45],
    [15, 16, 69],
    [23, 14, 63],
    [15, 16, 69],
    [11, 16, 73],
    [14, 21, 65],
    [18, 12, 70],
    [16, 9, 75],
    [13, 23, 64],
    [18, 19, 63],
    [25, 19, 56],
    [20, 19, 61],
    [14, 13, 73],
    [17, 16, 67],
    [14, 16, 70],
    [12, 17, 71],
    [16, 18, 66]
  ],
  "method": "mcmc",
  "mcmc_stepsize": 3000,
  "mcmc_samples": 1000,
  "burn_in": 10000,
  "cond_prob": [
    [
      [0.21624002381, 0.1310686825, 0.65269129369],
      [0.45954814154, 0.007220989968, 0.53323086849],
      [0.94933679048, 0.00589469685, 0.044768512673]
    ],
    [
      [0.19529022314, 0.073299369612, 0.73141040725],
      [0.384690881, 0.0083592969628, 0.60694982204],
      [0.90268849473, 0.0053574854648, 0.091954019804]
    ],
    [
      [0.26535609882, 0.15678721704, 0.57785668414],
      [0.41535220641, 0.036417571163, 0.54823022243],
      [0.97737595458, 0.0097742191528, 0.012849826268]
    ],
    [
      [0.18025512626, 0.13677185515, 0.68297301859],
      [0.3826515168, 0.019096125827, 0.59825235737],
      [0.92138672633, 0.0132406544, 0.06537261927]
    ],
    [
      [0.14731459615, 0.21557390677, 0.63711149708],
      [0.35959089779, 0.026000319014, 0.6144087832],
      [0.90198675391, 0.017393496444, 0.080619749646]
    ],
    [
      [0.11889657849, 0.20901681908, 0.67208660243],
      [0.28792099828, 0.024806378024, 0.6872726237],
      [0.83229902312, 0.039578265257, 0.12812271163]
    ],
    [
      [0.22386905252, 0.11997241479, 0.65615853269],
      [0.48751600802, 0.0076149403646, 0.50486905162],
      [0.91497939487, 0.010121656156, 0.074898948976]
    ],
    [
      [0.16639633807, 0.14537654715, 0.68822711478],
      [0.40266140397, 0.022617463526, 0.5747211325],
      [0.88113976643, 0.0099286851895, 0.10893154838]
    ],
    [
      [0.20350590279, 0.14918357321, 0.647310524],
      [0.35988446391, 0.042116967875, 0.59799856822],
      [0.85484957231, 0.011845867505, 0.13330456019]
    ],
    [
      [0.17577004883, 0.15655759026, 0.66767236091],
      [0.43791823674, 0.019295811326, 0.54278595194],
      [0.95605856447, 0.010887789904, 0.03305364563]
    ],
    [
      [0.21112232882, 0.12984485545, 0.65903281573],
      [0.49250568626, 0.006730957443, 0.50076335629],
      [0.95624096156, 0.0040932628104, 0.039665775626]
    ],
    [
      [0.14716647865, 0.18164637868, 0.67118714267],
      [0.3560572573, 0.019403238948, 0.62453950375],
      [0.90596119218, 0.021665122551, 0.072373685274]
    ],
    [
      [0.24346712142, 0.15123678682, 0.60529609175],
      [0.48868540197, 0.028826343178, 0.48248825485],
      [0.96935616234, 0.01334067362, 0.017303164035]
    ],
    [
      [0.24796091062, 0.13305451869, 0.61898457069],
      [0.46345559433, 0.0068442504571, 0.52970015521],
      [0.95577370006, 0.0059503286383, 0.038275971306]
    ],
    [
      [0.1348808081, 0.11997446928, 0.74514472262],
      [0.22941609752, 0.040683085485, 0.72990081699],
      [0.82248360125, 0.021378074283, 0.15613832447]
    ],
    [
      [0.23988517871, 0.092158393771, 0.66795642752],
      [0.50983393708, 0.01033968913, 0.47982637379],
      [0.94090123493, 0.0092074211242, 0.049891343944]
    ],
    [
      [0.17348041302, 0.1951717243, 0.63134786268],
      [0.43126128042, 0.028371386038, 0.54036733354],
      [0.95866634333, 0.010268446304, 0.031065210366]
    ],
    [
      [0.20766758469, 0.10058577548, 0.69174663983],
      [0.34783647576, 0.014351015131, 0.63781250911],
      [0.9211332553, 0.0082208518173, 0.070645892887]
    ],
    [
      [0.22514736146, 0.12112133753, 0.653731301],
      [0.41274461217, 0.02424643429, 0.56300895354],
      [0.93086252131, 0.0076672723739, 0.06147020632]
    ],
    [
      [0.19242837869, 0.22234645152, 0.58522516979],
      [0.37655632473, 0.043207525557, 0.58023614971],
      [0.90649589544, 0.018423288147, 0.075080816418]
    ],
    [
      [0.23665848201, 0.041609033074, 0.72173248492],
      [0.38095454232, 0.0041958877445, 0.61484956994],
      [0.91849573879, 0.0032380403907, 0.078266220815]
    ],
    [
      [0.16112670505, 0.22959760245, 0.6092756925],
      [0.3465723652, 0.04863379474, 0.60479384006],
      [0.9027947843, 0.019741965262, 0.077463250438]
    ],
    [
      [0.17367455466, 0.10758738941, 0.71873805593],
      [0.3346913574, 0.017195125365, 0.64811351724],
      [0.90388717639, 0.0068333277908, 0.089279495815]
    ],
    [
      [0.19973995857, 0, 0.80026004143],
      [0.34184924396, 0, 0.65815075604],
      [0.90947173571, 0, 0.090528264287]
    ],
    [
      [0.17057700892, 0.078775039568, 0.75064795151],
      [0.31661814871, 0.010362432084, 0.6730194192],
      [0.90155160568, 0.0068939698246, 0.09155442449]
    ],
    [
      [0.18085238466, 0.22516265082, 0.59398496452],
      [0.38061149167, 0.039139662299, 0.58024884603],
      [0.93305962498, 0.0071108757377, 0.059829499278]
    ],
    [
      [0.20503493646, 0.094068433095, 0.70089663044],
      [0.38028599714, 0.010782350347, 0.60893165252],
      [0.9185801981, 0.005604481836, 0.075815320065]
    ],
    [
      [0.21151157602, 0.11139741813, 0.67709100585],
      [0.36696820428, 0.019348610824, 0.61368318489],
      [0.91852464467, 0.0075831168932, 0.073892238438]
    ],
    [
      [0.24478429864, 0.14204828284, 0.61316741852],
      [0.42706292113, 0.02453195391, 0.54840512496],
      [0.92938685647, 0.0065369268354, 0.064076216693]
    ],
    [
      [0.15171886702, 0.21083121618, 0.6374499168],
      [0.33154719196, 0.039678744269, 0.62877406377],
      [0.88408942489, 0.024843624136, 0.091066950975]
    ],
    [
      [0.20781312192, 0.17860018868, 0.61358668939],
      [0.36435457, 0.037530816869, 0.59811461313],
      [0.92127704435, 0.010175144336, 0.06854781131]
    ],
    [
      [0.18403246994, 0.039231575535, 0.77673595453],
      [0.31491262636, 0.005612435458, 0.67947493819],
      [0.8987288485, 0.0036179662786, 0.097653185224]
    ],
    [
      [0.14286004888, 0.26368586678, 0.59345408434],
      [0.29042651711, 0.0651623673, 0.64441111559],
      [0.87868301398, 0.025327312034, 0.09598967399]
    ],
    [
      [0.16197528501, 0.14917945632, 0.68884525867],
      [0.28113299265, 0.032852341094, 0.68601466625],
      [0.89772156417, 0.0089171216527, 0.093361314181]
    ],
    [
      [0.27362012319, 0.046417475427, 0.67996240139],
      [0.47493329458, 0.0048296246475, 0.52023708078],
      [0.9463299339, 0.0032820851338, 0.050387980968]
    ],
    [
      [0.24597624307, 0.23465460737, 0.51936914956],
      [0.47133889201, 0.039664486235, 0.48899662176],
      [0.93244130034, 0.016629225764, 0.050929473897]
    ],
    [
      [0.25172119941, 0.18410658498, 0.56417221561],
      [0.46499630187, 0.039255092343, 0.49574860579],
      [0.93890204607, 0.0088452137362, 0.052252740191]
    ],
    [
      [0.18672560047, 0.096755959923, 0.71651843961],
      [0.34183236661, 0.016076515481, 0.64209111791],
      [0.91063973327, 0.0092939752487, 0.080066291477]
    ],
    [
      [0.19050230788, 0.25765680639, 0.55184088572],
      [0.41833352597, 0.064797770565, 0.51686870346],
      [0.93150713299, 0.015877715825, 0.052615151187]
    ],
    [
      [0.22595942375, 0.16310697238, 0.61093360387],
      [0.41644351725, 0.024388701296, 0.55916778145],
      [0.92764868808, 0.011020144023, 0.0613311679]
    ],
    [
      [0.15129783075, 0.28479676956, 0.56390539969],
      [0.32278723019, 0.058737106354, 0.61847566345],
      [0.90232199515, 0.025528236397, 0.072149768452]
    ],
    [
      [0.17575181721, 0.16998981918, 0.65425836361],
      [0.35437594074, 0.037379998903, 0.60824406036],
      [0.89944655843, 0.014537380873, 0.086016060701]
    ],
    [
      [0.24253283367, 0.26948228178, 0.48798488455],
      [0.4917867369, 0.055059442066, 0.45315382104],
      [0.94111842846, 0.0175109449, 0.041370626641]
    ],
    [
      [0.17703880314, 0.18347792839, 0.63948326847],
      [0.35515352506, 0.038238757136, 0.60660771781],
      [0.90760915974, 0.012259203653, 0.080131636606]
    ],
    [
      [0.16405426287, 0.10377144914, 0.73217428799],
      [0.28875915395, 0.01723390752, 0.69400693853],
      [0.88905722652, 0.0097889635142, 0.10115380997]
    ],
    [
      [0.19059025369, 0.04538641199, 0.76402333432],
      [0.34815096055, 0.0058420544616, 0.64600698499],
      [0.91514758851, 0.0039540208787, 0.080898390611]
    ],
    [
      [0.12387952783, 0.13826294899, 0.73785752318],
      [0.23447703111, 0.024830036419, 0.74069293247],
      [0.85287187357, 0.018690287829, 0.1284378386]
    ],
    [
      [0.2291993698, 0.046013867213, 0.72478676299],
      [0.40733208534, 0.0053622153996, 0.58730569926],
      [0.93248422082, 0.003857291609, 0.063658487571]
    ],
    [
      [0.20001583831, 0.14483944113, 0.65514472055],
      [0.37051645469, 0.030237481733, 0.59924606358],
      [0.91973281987, 0.010533655168, 0.069733524965]
    ],
    [
      [0.20191337551, 0.19959497685, 0.59849164764],
      [0.35855965111, 0.041603021321, 0.59983732757],
      [0.91386836776, 0.016024636161, 0.070106996084]
    ]
  ],
  "expected_outcome": [
    [
      [14.488081595, 12.6938645042, 17.5135025223, 10.9955627018, 9.7227633456, 7.9660707588, 14.3276193612, 10.8157619742, 12.2103541672, 11.7765932717, 14.3563183595, 10.0073205479, 18.5035012282, 16.3654201011, 10.3858222234, 14.6329959012, 8.8475010641, 3.9456841092, 4.2777998678, 3.4637108165, 3.7865357121, 2.4169005757, 2.7787928746, 2.9960993785, 2.5586551338, 3.4361953085, 2.4604192375, 2.9611620643, 3.6717644796, 1.9723452712, 4.1562624384, 2.5764545792, 3.8572213198, 3.8874068403, 4.1043018478, 5.6574535906, 3.7758179911, 2.0539816052, 2.6670323104, 4.0672696276, 2.420765292, 2.2847736237, 4.3655910061, 4.4259700784, 3.2810852574, 2.6682635516, 2.1059519731, 3.2087911772, 2.4001900598, 3.2306140082],
      [8.7816017278, 4.7644590248, 10.3479563247, 8.3430831641, 14.2278778469, 14.0041268784, 7.6782345468, 9.449475565, 8.9510143928, 10.4893585476, 8.8294501706, 12.3519537504, 11.4939957984, 8.7815982336, 9.2380341347, 5.6216620201, 9.9537579391, 1.9111297341, 2.3013054132, 4.0022361273, 0.66574452919, 3.4439640367, 1.7213982305, 0, 1.1816255935, 4.2780903656, 1.1288211971, 1.5595638538, 2.1307242425, 2.7408058104, 3.5720037737, 0.54924205748, 7.119518403, 3.5803069517, 0.69626213141, 5.3970559696, 2.7615987747, 1.0643155592, 3.6071952895, 2.9359255028, 4.556748313, 2.2098676493, 4.850681072, 4.5869482098, 2.0754289827, 0.63540976785, 2.3504701328, 0.64419414098, 1.7380732936, 3.1935196296],
      [43.7303166771, 47.5416764711, 38.138541153, 41.661354134, 42.0493588075, 45.0298023628, 41.994146092, 44.7347624608, 38.83863144, 44.7340481807, 44.81423147, 45.6407257017, 46.0025029733, 40.8529816653, 57.3761436419, 40.7453420788, 32.1987409969, 13.1431861567, 12.420894719, 10.5340530562, 11.5477197587, 9.1391353876, 11.4998088949, 12.0039006215, 11.2597192726, 11.2857143258, 8.4107595653, 9.4792740818, 9.1975112779, 8.2868489184, 12.2717337879, 10.8743033634, 16.0232602772, 16.532286208, 10.1994360208, 11.9454904399, 8.4625832342, 7.8817028357, 7.7257724001, 10.9968048696, 9.022486395, 8.5053587269, 8.7837279219, 15.9870817117, 14.6434857599, 10.6963266805, 12.5435778941, 10.1470146819, 7.8617366466, 9.5758663622]
    ],
    [
      [8.2718665478, 6.1550540959, 4.9842264769, 9.1836364032, 7.5514088536, 6.0463409638, 8.2877721363, 6.4425824635, 6.8378048143, 7.8825282613, 7.387585294, 7.121145146, 5.8642248236, 8.342200698, 3.2118253653, 8.6671769304, 12.9378384127, 24.0007168273, 26.8283997913, 22.5933794839, 24.7620452508, 22.5272037382, 22.7590123031, 24.2712963215, 21.2134159638, 25.5009699417, 27.760877791, 24.586869687, 31.1755932427, 24.5344922052, 21.4969196301, 22.0438838449, 14.8117523727, 8.7151227722, 7.5989327132, 6.5987444881, 7.4399408299, 5.4693178658, 8.7850040454, 4.997322207, 2.9050850717, 8.150646637, 9.343948001, 6.7479169761, 5.4864239251, 4.5259624871, 3.7516324977, 6.5173133654, 6.2987797297, 6.45407372],
      [0.12997781942, 0.13374875141, 0.43701085396, 0.45830701985, 0.54600669929, 0.5209339385, 0.1294539862, 0.36187941641, 0.80022238962, 0.34732460386, 0.10096436164, 0.38806477896, 0.34591611813, 0.12319650823, 0.5695631968, 0.17577471521, 0.85114158115, 0.99022004407, 1.5760182289, 2.5924515334, 0.27273270339, 3.1611966581, 1.1692685248, 0, 0.69428294964, 2.622357374, 0.78711157533, 1.2963569252, 1.7908326354, 2.9362270759, 2.2143181953, 0.39287048206, 3.3232807323, 1.0184225739, 0.07727399436, 0.55530280729, 0.62808147749, 0.25722424769, 1.3607531819, 0.29266441555, 0.52863395719, 0.85973997476, 1.0461293993, 0.72653638559, 0.32744424289, 0.075946708001, 0.3972805827, 0.085795446394, 0.51403718946, 0.74885438378],
      [9.5981556328, 9.7111971526, 6.5787626691, 14.3580565769, 12.9025844471, 14.4327250977, 8.5827738775, 9.1955381201, 11.3619727961, 9.7701471348, 7.5114503444, 12.4907900751, 5.7898590582, 9.5346027938, 10.2186114379, 8.1570483544, 16.2110200062, 44.0090631287, 36.5955819798, 34.8141689826, 39.9652220458, 39.3115996037, 44.0717191721, 46.7287036785, 45.0923010865, 38.8766726843, 44.4520106337, 41.1167733878, 40.0335741218, 46.5292807189, 35.2887621746, 47.5632456731, 32.864966895, 21.2664546539, 8.3237932924, 6.8459527046, 7.9319776927, 10.2734578865, 10.8542427727, 6.7100133774, 5.5662809711, 13.9896133882, 8.6099225997, 11.5255466383, 13.186131832, 8.3980908049, 11.8510869196, 9.3968911882, 10.1871830808, 10.7970718963]
    ],
    [
      [14.2400518571, 17.1510813999, 21.5022710007, 13.820800895, 11.7258278008, 9.9875882774, 17.3846085025, 16.7416555622, 17.9518410185, 14.340878467, 16.2560963466, 10.8715343061, 11.6322739481, 15.2923792009, 7.4023524113, 20.6998271685, 18.2146605233, 11.0535990635, 14.8938003409, 19.9429096996, 17.4514190371, 18.055895686, 14.4621948223, 12.7326043, 16.2279289023, 13.0628347498, 13.7787029715, 17.4519682487, 11.1526422777, 11.4931625236, 19.3468179314, 14.379661576, 19.3310263075, 40.3974703875, 65.296765439, 58.7438019213, 64.784241179, 66.476700529, 60.5479636442, 64.9354081654, 67.6741496363, 57.5645797392, 59.2904609929, 50.8261129455, 54.2324908175, 66.8057739613, 57.1424155292, 65.2738954574, 65.3010302105, 60.3153122719],
      [0.08842045275, 0.10179222383, 0.21503282136, 0.198609816, 0.22611545378, 0.47493918308, 0.19231146697, 0.1886450186, 0.2487632176, 0.16331684856, 0.069585467776, 0.25998147061, 0.16008808344, 0.095205258212, 0.19240266855, 0.20256326473, 0.19510047978, 0.098650221807, 0.12267635798, 0.40531233924, 0.061522767423, 0.39483930523, 0.10933324465, 0, 0.12409145684, 0.099552260328, 0.084067227539, 0.14407922097, 0.078443122024, 0.32296711377, 0.21367803106, 0.057887460457, 0.55720086474, 0.40127047437, 0.22646387423, 1.0476412232, 0.6103197478, 0.67846019315, 1.0320515286, 0.77141008164, 1.9146177298, 0.9303923759, 1.1031895287, 0.68651540459, 0.59712677437, 0.28864352415, 1.2522492845, 0.27001041263, 0.74788951696, 1.0576259866],
      [0.6715276901, 1.7471263763, 0.2826961779, 0.98058928904, 1.0480567454, 1.5374725395, 1.4230800305, 2.0696994192, 2.7993957639, 0.49580468445, 0.67431818564, 0.86848422329, 0.20763796842, 0.61241554089, 1.4052449202, 1.0976095668, 0.59023899696, 0.84775071464, 0.98352330113, 1.6517779612, 1.4870581955, 1.5492650088, 1.428471933, 1.2673957, 1.6479796408, 0.8376129899, 1.137229801, 1.4039525303, 0.76891460032, 1.1838703627, 1.4395040375, 1.5624509636, 2.1117728278, 4.2012591381, 3.4767706868, 3.2085568555, 3.6054390732, 5.8448392778, 3.4199848272, 4.293181753, 5.4112326339, 5.5050278849, 2.6063494784, 4.4873716499, 6.1703824082, 5.9055825146, 8.6053351863, 4.4560941299, 4.9510802725, 4.6270617415]
    ]
  ],
  "prob": [
    [0.1949084723, 0.14895929086, 0.65613223684],
    [0.36931530232, 0.024913727291, 0.60577097039],
    [0.91502939238, 0.012097046062, 0.072873561557]
  ],
  "iterations": 23,
  "time": 0.145134,
  "message": "Converged",
  "status": 0,
  "miniter": 0,
  "maxiter": 1000,
  "maxtime": 3600,
  "param_threshold": 0.001,
  "ll_threshold": "-Inf",
  "initial_prob": "group_proportional",
  "ballotbox_id": ["1", "2", "3", "4", "5", "6", "7", "8", "9", "10", "11", "12", "13", "14", "15", "16", "17", "18", "19", "20", "21", "22", "23", "24", "25", "26", "27", "28", "29", "30", "31", "32", "33", "34", "35", "36", "37", "38", "39", "40", "41", "42", "43", "44", "45", "46", "47", "48", "49", "50"],
  "candidates_id": ["1", "2", "3"],
  "group_id": ["1", "2", "3"]
}
