{
  "X": [
    [9, 80, 11],
    [3, 86, 11],
    [5, 77, 18],
    [5, 75, 20],
    [8, 84, 8],
    [8, 75, 17],
    [4, 79, 17],
    [4, 78, 18],
    [6, 75, 19],
    [4, 80, 16],
    [4, 80, 16],
    [9, 82, 9],
    [6, 79, 15],
    [9, 81, 10],
    [8, 79, 13],
    [9, 76, 15],
    [10, 68, 22],
    [22, 30, 48],
    [29, 25, 46],
    [24, 41, 35],
    [30, 35, 35],
    [20, 42, 38],
    [18, 45, 37],
    [16, 46, 38],
    [20, 43, 37],
    [18, 38, 44],
    [24, 36, 40],
    [20, 43, 37],
    [20, 46, 34],
    [22, 45, 33],
    [16, 42, 42],
    [19, 50, 31],
    [23, 35, 42],
    [11, 65, 24],
    [5, 70, 25],
    [11, 67, 22],
    [4, 70, 26],
    [9, 56, 35],
    [8, 71, 21],
    [5, 72, 23],
    [11, 64, 25],
    [9, 73, 18],
    [5, 73, 22],
    [6, 77, 17],
    [11, 66, 23],
    [7, 69, 24],
    [8, 63, 29],
    [5, 77, 18],
    [8, 66, 26],
    [6, 64, 30]
  ],
  "W": [
    [67, 17, 16],
    [79, 10, 11],
    [60, 21, 19],
    [62, 21, 17],
    [66, 16, 18],
    [64, 17, 19],
    [64, 20, 16],
    [66, 13, 21],
    [70, 13, 17],
    [73, 13, 14],
    [65, 12, 23],
    [67, 15, 18],
    [67, 15, 18],
    [70, 13, 17],
    [61, 18, 21],
    [58, 19, 23],
    [54, 30, 16],
    [12, 73, 15],
    [10, 76, 14],
    [19, 67, 14],
    [16, 71, 13],
    [15, 63, 22],
    [19, 67, 14],
    [17, 62, 21],
    [19, 62, 19],
    [12, 69, 19],
    [15, 73, 12],
    [24, 63, 13],
    [19, 64, 17],
    [27, 58, 15],
    [18, 65, 17],
    [20, 63, 17],
    [15, 70, 15],
    [14, 29, 57],
    [16, 16, 68],
    [28, 25, 47],
    [18, 14, 68],
    [18, 24, 58],
    [15, 24, 61],
    [9, 15, 76],
    [13, 18, 69],
    [15, 13, 72],
    [12, 18, 70],
    [12, 22, 66],
    [17, 20, 63],
    [18, 12, 70],
    [17, 19, 64],
    [24, 14, 62],
    [16, 15, 69],
    [15, 20, 65]
  ],
  "method": "mcmc",
  "mcmc_stepsize": 3000,
  "mcmc_samples": 1000,
  "burn_in": 10000,
  "cond_prob": [
    [
      [0.042831072256, 0.94434359965, 0.012825328092],
      [0.34757990948, 0.18390784299, 0.46851224752],
      [0.013841231102, 0.85015909328, 0.13599967562]
    ],
    [
      [0.020053472338, 0.95981567687, 0.020130850791],
      [0.13449077114, 0.18301531699, 0.68249391187],
      [0.0064425430845, 0.75858257794, 0.23497487898]
    ],
    [
      [0.026953363548, 0.95338996985, 0.019656666605],
      [0.15560412193, 0.22757833017, 0.61681754791],
      [0.0060585066657, 0.79039246714, 0.20354902619]
    ],
    [
      [0.029928213518, 0.94721810632, 0.022853680165],
      [0.1435930284, 0.17955563283, 0.67685133877],
      [0.0075880685583, 0.73540053641, 0.25701139503]
    ],
    [
      [0.029940478174, 0.96067624622, 0.009383275607],
      [0.36159817503, 0.28740621596, 0.35099560901],
      [0.013242091114, 0.88871490523, 0.098043003653]
    ],
    [
      [0.056429308976, 0.91929827848, 0.024272412542],
      [0.24198156089, 0.14957735929, 0.60844107982],
      [0.014465141598, 0.71695237207, 0.26858248633]
    ],
    [
      [0.017701006021, 0.96574583749, 0.016553156489],
      [0.140140697, 0.23153932886, 0.62831997414],
      [0.0040201046689, 0.78509248897, 0.21088740637]
    ],
    [
      [0.029558050649, 0.94377042127, 0.026671528084],
      [0.1457792095, 0.13072169675, 0.72349909375],
      [0.0073351873152, 0.66722714946, 0.32543766322]
    ],
    [
      [0.050712430066, 0.90600751941, 0.043280050523],
      [0.17110574991, 0.10770365546, 0.72119059463],
      [0.013279714501, 0.59878388943, 0.38793639607]
    ],
    [
      [0.028575426139, 0.94373314724, 0.027691426616],
      [0.14061521478, 0.13663171488, 0.72275307035],
      [0.0061425785544, 0.66651913984, 0.32733828161]
    ],
    [
      [0.028693445767, 0.94809981158, 0.023206742654],
      [0.16317328969, 0.15235080723, 0.68447590308],
      [0.0076889803877, 0.7193609809, 0.27295003872]
    ],
    [
      [0.042167543048, 0.94695301927, 0.010879437686],
      [0.39155356466, 0.20145283151, 0.40699360382],
      [0.016748396991, 0.86290862425, 0.12034297876]
    ],
    [
      [0.038868658884, 0.94466328567, 0.016468055445],
      [0.21557430016, 0.13499386825, 0.64943183158],
      [0.0090102973513, 0.76014732424, 0.23084237841]
    ],
    [
      [0.054495912787, 0.93066251832, 0.014841568895],
      [0.37277402546, 0.15845381896, 0.46877215557],
      [0.019954339641, 0.8113955336, 0.16865012676]
    ],
    [
      [0.039115155314, 0.94770420987, 0.013180634816],
      [0.29794339219, 0.2055323276, 0.49652428021],
      [0.011952117445, 0.83287910958, 0.15516877297]
    ],
    [
      [0.046393453153, 0.93838394257, 0.015222604275],
      [0.31332058084, 0.18187445059, 0.50480496857],
      [0.015482116571, 0.78774420737, 0.19677367606]
    ],
    [
      [0.039603440399, 0.94471846557, 0.015678094034],
      [0.25289133841, 0.17302202214, 0.57408663945],
      [0.017167129143, 0.73715888719, 0.24567398366]
    ],
    [
      [0.084206705363, 0.88315628504, 0.032637009596],
      [0.28563085494, 0.12492165068, 0.58944749439],
      [0.0092311416923, 0.68552293866, 0.30524591965]
    ],
    [
      [0.095696299342, 0.86828445335, 0.036019247312],
      [0.36631904429, 0.098910326107, 0.5347706296],
      [0.014484974305, 0.62856933446, 0.35694569124]
    ],
    [
      [0.057010183129, 0.93045892831, 0.012530888556],
      [0.34117507463, 0.17044485794, 0.48838006743],
      [0.0041483228762, 0.8501053486, 0.14574632853]
    ],
    [
      [0.069584557589, 0.91438126634, 0.016034176067],
      [0.40473414094, 0.13557781598, 0.45968804309],
      [0.01157869784, 0.82645190802, 0.16196939414]
    ],
    [
      [0.076088851289, 0.92171699986, 0.0021941488478],
      [0.29880983041, 0.18383231875, 0.51735785084],
      [0.0015294506623, 0.75421858732, 0.24425196202]
    ],
    [
      [0.052336075263, 0.93393337591, 0.013730548828],
      [0.25348714541, 0.22765998961, 0.51885286498],
      [0.001569701966, 0.85728903956, 0.14114125848]
    ],
    [
      [0.065325849624, 0.93181390708, 0.0028602432957],
      [0.24003517427, 0.23002783629, 0.52993698944],
      [0.00034665482603, 0.75702084428, 0.2426325009]
    ],
    [
      [0.058909638797, 0.93907972614, 0.002010635064],
      [0.30395566468, 0.17223786033, 0.52380647499],
      [0.0018666132965, 0.7620388349, 0.23609455181]
    ],
    [
      [0.07839482944, 0.91433106704, 0.0072741035158],
      [0.24542711917, 0.18495517383, 0.569617707],
      [0.0065679380971, 0.75084843165, 0.24258363025]
    ],
    [
      [0.072359083391, 0.9129864046, 0.014654512006],
      [0.31242185378, 0.17181513154, 0.51576301468],
      [0.0089848685968, 0.8135582774, 0.177456854]
    ],
    [
      [0.054858672444, 0.93431056627, 0.010830761288],
      [0.2962431054, 0.1777754951, 0.5259813995],
      [0.0015443247005, 0.72128386294, 0.27717181236]
    ],
    [
      [0.060456673214, 0.93399259635, 0.0055507304407],
      [0.29432371142, 0.23677784151, 0.46889844707],
      [0.00085915751639, 0.77060934194, 0.22853150054]
    ],
    [
      [0.038678231698, 0.92194234339, 0.039379424916],
      [0.35903847251, 0.15766293735, 0.48329859014],
      [0.0087637559088, 0.73087375749, 0.2603624866]
    ],
    [
      [0.058115695437, 0.9310676373, 0.010816667262],
      [0.22828533773, 0.17727659434, 0.59443806793],
      [0.0067865017532, 0.80692964098, 0.18628385727]
    ],
    [
      [0.053708785584, 0.94295554842, 0.0033356659995],
      [0.28452144118, 0.27149026515, 0.44398829367],
      [5.7264365001e-05, 0.82570601925, 0.17423671638]
    ],
    [
      [0.075366690003, 0.90719998864, 0.017433321358],
      [0.31046015627, 0.13788638373, 0.55165346],
      [0.0091525807392, 0.78266355396, 0.2081838653]
    ],
    [
      [0.037833500127, 0.95905710064, 0.0031093992358],
      [0.34218965451, 0.16911168641, 0.48869865908],
      [0.0095935266204, 0.81875371378, 0.1716527596]
    ],
    [
      [0.033329023029, 0.95576005714, 0.010910919832],
      [0.23248843538, 0.16268502644, 0.60482653818],
      [0.010984127434, 0.76624821563, 0.22276765694]
    ],
    [
      [0.059855343858, 0.93076983665, 0.0093748194892],
      [0.34725779303, 0.15073146105, 0.50201074593],
      [0.013672458431, 0.79085442654, 0.19547311502]
    ],
    [
      [0.030260573022, 0.95458109621, 0.015158330765],
      [0.18914698813, 0.15529541982, 0.65555759204],
      [0.011871350761, 0.74475594692, 0.24337270232]
    ],
    [
      [0.072053065081, 0.90139938258, 0.026547552338],
      [0.27505020081, 0.11361098517, 0.61133881403],
      [0.018997241538, 0.63876116327, 0.34224159519]
    ],
    [
      [0.02785754929, 0.96627583425, 0.0058666164624],
      [0.30259130848, 0.19292283218, 0.50448585934],
      [0.0052450058557, 0.85042154941, 0.14433344473]
    ],
    [
      [0.024107566866, 0.96757980885, 0.0083126242823],
      [0.26158067822, 0.17719431893, 0.56122500285],
      [0.011306864802, 0.79781403864, 0.19087909656]
    ],
    [
      [0.10710500277, 0.8709250911, 0.021969906131],
      [0.42184690052, 0.12633460116, 0.45181849832],
      [0.029194068907, 0.7304920434, 0.24031388769]
    ],
    [
      [0.083736353423, 0.90586670517, 0.010396941408],
      [0.45074213867, 0.17137722921, 0.37788063212],
      [0.02617092911, 0.79422354782, 0.17960552307]
    ],
    [
      [0.026517977346, 0.9676514566, 0.0058305660548],
      [0.21777765386, 0.23368393347, 0.54853841266],
      [0.010882664319, 0.81688388169, 0.17223345399]
    ],
    [
      [0.0084025424873, 0.9858331616, 0.0057642959155],
      [0.25263059494, 0.31923248911, 0.42813691595],
      [0.0051711575965, 0.88101344395, 0.11381539846]
    ],
    [
      [0.093383734036, 0.88327115594, 0.023345110021],
      [0.38426907654, 0.14189826449, 0.47383265897],
      [0.027414206199, 0.76422896919, 0.20835682461]
    ],
    [
      [0.059644049208, 0.92317534485, 0.017180605944],
      [0.37341146371, 0.11364267341, 0.51294586289],
      [0.020649564997, 0.72884473874, 0.25050569626]
    ],
    [
      [0.079064937958, 0.89452911431, 0.02640594773],
      [0.28653867489, 0.10621667574, 0.60724464937],
      [0.018932206748, 0.7152326284, 0.26583516485]
    ],
    [
      [0.023614335088, 0.97167389535, 0.0047117695601],
      [0.27277123737, 0.19586750714, 0.53136125549],
      [0.0099106231404, 0.82157550664, 0.16851387022]
    ],
    [
      [0.07004001527, 0.90601822273, 0.023941761998],
      [0.35074062764, 0.13401091297, 0.51524845939],
      [0.023452903494, 0.71729774988, 0.25924934663]
    ],
    [
      [0.040352451311, 0.9465509763, 0.013096572385],
      [0.2256290239, 0.15645702378, 0.61791395231],
      [0.013571273112, 0.71803992123, 0.26838880566]
    ]
  ],
  "expected_outcome": [
    [
      [2.8696818412, 1.5842243147, 1.6172018129, 1.8555492381, 1.9760715595, 3.6114757745, 1.1328643853, 1.9508313429, 3.5498701046, 2.0860061082, 1.8650739749, 2.8252253842, 2.6042001452, 3.8147138951, 2.3860244742, 2.6908202829, 2.1385857815, 1.0104804644, 0.95696299342, 1.0831934795, 1.1133529214, 1.1413327693, 0.99438542999, 1.1105394436, 1.1192831371, 0.94073795328, 1.0853862509, 1.3166081387, 1.1486767911, 1.0443122558, 1.0460825179, 1.0741757117, 1.13050035, 0.52966900178, 0.53326436847, 1.675949628, 0.5446903144, 1.2969551715, 0.41786323935, 0.2169681018, 1.392365036, 1.2560453014, 0.31821572815, 0.10083050985, 1.5875234786, 1.0735928857, 1.3441039453, 0.56674404211, 1.1206402443, 0.60528676966],
      [63.2710211767, 75.8254384728, 57.2033981908, 58.7275225917, 63.4046322505, 58.8350898229, 61.8077335994, 62.2888478036, 63.4205263588, 68.8925197489, 61.6264877526, 63.4458522908, 63.2924401399, 65.1463762823, 57.809956802, 54.4262686692, 51.0147971406, 10.5978754205, 8.6828445335, 17.678719638, 14.6301002615, 13.8257549979, 17.7447341423, 15.8408364204, 17.8425147966, 10.9719728045, 13.694796069, 22.4234535904, 17.7458593306, 24.8924432714, 16.7592174714, 18.8591109683, 13.6079998296, 13.4267994089, 15.2921609142, 26.0615554263, 17.1824597318, 16.2251888865, 14.4941375137, 8.7082182797, 11.3220261843, 13.5880005775, 11.6118174792, 11.8299979392, 15.015609651, 16.6171562073, 15.2069949433, 23.3201734884, 14.4962915637, 14.1982646446],
      [0.85929698217, 1.5903372125, 1.1793999963, 1.4169281702, 0.61929619006, 1.5534344027, 1.0594020153, 1.7603208535, 3.0296035366, 2.021474143, 1.5084382725, 0.72892232496, 1.1033597148, 1.0389098226, 0.80401872379, 0.88291104795, 0.84661707786, 0.39164411516, 0.36019247312, 0.23808688257, 0.25654681707, 0.032912232717, 0.26088042772, 0.048624136027, 0.038202066216, 0.08728924219, 0.21981768008, 0.2599382709, 0.10546387837, 1.0632444727, 0.19470001071, 0.06671331999, 0.26149982037, 0.043531589301, 0.17457471732, 0.2624949457, 0.27284995377, 0.47785594209, 0.087999246935, 0.074813618541, 0.2856087797, 0.15595412113, 0.069966792658, 0.069171550985, 0.39686687036, 0.309250907, 0.4489011114, 0.11308246944, 0.38306819197, 0.19644858578]
    ],
    [
      [5.9088584612, 1.3449077114, 3.2676865604, 3.0154535964, 5.7855708005, 4.1136865352, 2.80281394, 1.8951297235, 2.2243747489, 1.8279977921, 1.9580794762, 5.87330347, 3.2336145024, 4.846062331, 5.3629810595, 5.953091036, 7.5867401522, 20.8510524103, 27.8402473663, 22.8587300003, 28.7361240067, 18.8250193161, 16.9836387425, 14.882180805, 18.8452512102, 16.9344712229, 22.806795326, 18.6633156402, 18.8367175312, 20.8242314055, 14.8385469523, 17.9248507941, 21.7322109389, 9.9234999809, 3.7198149661, 8.6814448257, 2.6480578339, 6.6012048194, 7.2621914035, 3.9237101733, 7.5932442094, 5.8596478027, 3.9199977696, 5.5578730888, 7.6853815309, 4.4809375645, 5.4442348229, 3.8187973232, 5.2611094146, 4.5125804781],
      [3.1264333309, 1.8301531699, 4.7791449335, 3.7706682894, 4.5984994554, 2.5428151079, 4.6307865772, 1.6993820577, 1.4001475209, 1.7762122934, 1.8282096868, 3.0217924727, 2.0249080238, 2.0598996465, 3.6995818968, 3.4556145613, 5.1906606643, 9.1192804996, 7.5171847841, 11.4198054817, 9.6260249343, 11.581436081, 15.2532193039, 14.2617258498, 10.6787473403, 12.7619069942, 12.5425046021, 11.1998561913, 15.1537818565, 9.1444503662, 11.522978632, 17.1038867044, 9.652046861, 4.9042389059, 2.602960423, 3.7682865261, 2.1741358775, 2.726663644, 4.6301479723, 2.657914784, 2.2740228209, 2.2279039797, 4.2063108025, 7.0231147604, 2.8379652897, 1.3637120809, 2.0181168391, 2.7421450999, 2.0101636945, 3.1291404757],
      [7.9647082079, 6.8249391187, 12.953168506, 14.2138781143, 5.6159297442, 10.343498357, 12.5663994828, 9.4054882187, 9.3754777302, 9.3957899145, 8.213710837, 6.1049040574, 9.7414774737, 6.0940380225, 8.9374370438, 9.5912944027, 17.2225991835, 43.0296670901, 40.6425678495, 32.721464518, 32.6378510591, 32.5935446029, 34.7631419536, 32.8560933451, 32.4760014495, 39.303621783, 37.6507000719, 33.1368281685, 30.0095006124, 28.0313182283, 38.6384744157, 27.9712625015, 38.6157422001, 14.1722611133, 9.6772246109, 12.5502686481, 9.1778062886, 14.6721315366, 12.1076606242, 8.4183750427, 8.1327329697, 4.9124482176, 9.8736914279, 9.4190121508, 9.4766531794, 6.1553503547, 11.5376483381, 7.4390575769, 7.7287268909, 12.3582790463]
    ],
    [
      [0.22145969763, 0.07086797393, 0.11511162665, 0.12899716549, 0.23835764006, 0.27483769036, 0.064321674702, 0.15403893362, 0.22575514652, 0.085996099761, 0.17684654892, 0.30147114584, 0.16218535232, 0.33922377389, 0.25099446634, 0.35608868113, 0.27467406628, 0.13846712538, 0.20278964027, 0.058076520267, 0.15052307192, 0.03364791457, 0.021975827524, 0.0072797513467, 0.035465652634, 0.12479082384, 0.10781842316, 0.020076221107, 0.014605677779, 0.13145633863, 0.1153705298, 0.00097349420502, 0.13728871109, 0.54683101736, 0.74692066548, 0.64260554624, 0.80725185172, 1.1018400092, 0.3199453572, 0.85932172493, 2.0143907546, 1.8843068959, 0.7617865023, 0.34129640137, 1.7270949905, 1.4454695498, 1.2116612319, 0.61445863471, 1.6182503411, 0.88213275226],
      [13.6025454924, 8.3444083573, 15.0174568757, 12.501809119, 15.9968682942, 13.6220950693, 12.5614798234, 14.0117701387, 10.1793261203, 9.3312679578, 16.5453025606, 15.5323552365, 13.6826518363, 13.7937240712, 17.4904613012, 18.1181167696, 11.7945421951, 10.2828440799, 8.7999706824, 11.9014748803, 10.7438748042, 16.5928089211, 12.0020465538, 15.8974377298, 14.4787378631, 14.2661202013, 9.7626993288, 9.3766902183, 13.100358813, 10.9631063624, 13.7178038966, 14.0370023273, 11.7399533094, 46.6689616852, 52.1048786628, 37.1701580476, 50.6434043907, 37.0481474695, 51.875714514, 60.6338669363, 50.4039509948, 57.1840954428, 57.1818717183, 58.1468873004, 48.1464250592, 51.0191317119, 45.7748882176, 50.9376814116, 49.4935447418, 46.6725948798],
      [2.1759948099, 2.5847236688, 3.8674314977, 4.3691937155, 1.7647740658, 5.1030672404, 3.3741985019, 6.8341909277, 6.5949187332, 4.5827359425, 6.2778508905, 2.1661736177, 4.1551628114, 2.8670521549, 3.2585442325, 4.5257945493, 3.9307837386, 4.5786887947, 4.9972396773, 2.0404485994, 2.1056021238, 5.3735431644, 1.9759776187, 5.0952825188, 4.4857964843, 4.6090889748, 2.129482248, 3.6032335606, 3.8850355093, 3.905437299, 3.1668255736, 2.9620241785, 3.1227579795, 9.7842072974, 15.1482006718, 9.1872364062, 16.5493437576, 19.8500125213, 8.8043401288, 14.5068113387, 16.5816582506, 12.9315976613, 12.0563417794, 7.5118162982, 13.1264799502, 17.5353987383, 17.0134505505, 10.4478599537, 17.8882049172, 17.445272368]
    ]
  ],
  "prob": [
    [0.043171317509, 0.93831197069, 0.018516711798],
    [0.29153440034, 0.17630922741, 0.53215637225],
    [0.013832874153, 0.76886342303, 0.21730370282]
  ],
  "iterations": 21,
  "time": 0.133836,
  "message": "Converged",
  "status": 0,
  "miniter": 0,
  "maxiter": 1000,
  "maxtime": 3600,
  "param_threshold": 0.001,
  "ll_threshold": "-Inf",
  "initial_prob": "group_proportional",
  "ballotbox_id": ["1", "2", "3", "4", "5", "6", "7", "8", "9", "10", "11", "12", "13", "14", "15", "16", "17", "18", "19", "20", "21", "22", "23", "24", "25", "26", "27", "28", "29", "30", "31", "32", "33", "34", "35", "36", "37", "38", "39", "40", "41", "42", "43", "44", "45", "46", "47", "48", "49", "50"],
  "candidates_id": ["1", "2", "3"],
  "group_id": ["1", "2", "3"]
}
