{
  "X": [
    [38, 9, 53],
    [37, 16, 47],
    [38, 11, 51],
    [40, 16, 44],
    [32, 18, 50],
    [31, 13, 56],
    [33, 16, 51],
    [31, 11, 58],
    [39, 13, 48],
    [18, 19, 63],
    [30, 13, 57],
    [39, 14, 47],
    [33, 14, 53],
    [32, 15, 53],
    [33, 7, 60],
    [33, 11, 56],
    [36, 13, 51],
    [29, 27, 44],
    [18, 24, 58],
    [22, 24, 54],
    [15, 23, 62],
    [26, 25, 49],
    [14, 26, 60],
    [23, 17, 60],
    [23, 22, 55],
    [31, 27, 42],
    [20, 32, 48],
    [25, 22, 53],
    [26, 15, 59],
    [19, 24, 57],
    [23, 29, 48],
    [33, 23, 44],
    [19, 22, 59],
    [26, 33, 41],
    [24, 45, 31],
    [24, 37, 39],
    [29, 38, 33],
    [24, 39, 37],
    [27, 32, 41],
    [25, 43, 32],
    [31, 36, 33],
    [19, 38, 43],
    [24, 39, 37],
    [28, 31, 41],
    [19, 42, 39],
    [25, 41, 34],
    [25, 40, 35],
    [21, 36, 43],
    [23, 41, 36],
    [30, 34, 36]
  ],
  "W": [
    [70, 16, 14],
    [68, 16, 16],
    [69, 17, 14],
    [68, 14, 18],
    [68, 14, 18],
    [64, 22, 14],
    [64, 17, 19],
    [71, 10, 19],
    [63, 21, 16],
    [63, 15, 22],
    [63, 19, 18],
    [60, 23, 17],
    [59, 21, 20],
    [63, 16, 21],
    [77, 11, 12],
    [74, 9, 17],
    [46, 32, 22],
    [14, 71, 15],
    [17, 72, 11],
    [14, 70, 16],
    [23, 61, 16],
    [15, 67, 18],
    [14, 70, 16],
    [19, 68, 13],
    [18, 67, 15],
    [23, 58, 19],
    [13, 64, 23],
    [22, 64, 14],
    [21, 59, 20],
    [22, 67, 11],
    [16, 62, 22],
    [17, 64, 19],
    [19, 71, 10],
    [19, 34, 47],
    [16, 12, 72],
    [15, 21, 64],
    [19, 13, 68],
    [13, 18, 69],
    [11, 23, 66],
    [15, 21, 64],
    [18, 18, 64],
    [17, 25, 58],
    [17, 14, 69],
    [21, 18, 61],
    [14, 15, 71],
    [14, 17, 69],
    [15, 21, 64],
    [13, 23, 64],
    [17, 13, 70],
    [16, 13, 71]
  ],
  "method": "mcmc",
  "mcmc_stepsize": 3000,
  "mcmc_samples": 1000,
  "burn_in": 10000,
  "cond_prob": [
    [
      [0.44547988699, 0.013017702249, 0.54150241076],
      [0.18848435217, 0.16568357425, 0.64583207358],
      [0.27147559112, 0.38841597532, 0.34010843355]
    ],
    [
      [0.45324496191, 0.028888812659, 0.51786622543],
      [0.16422198498, 0.31589444272, 0.51988357229],
      [0.2219869269, 0.56132810348, 0.21668496962]
    ],
    [
      [0.45119322638, 0.017717300804, 0.53108947282],
      [0.18776510168, 0.19853223237, 0.61370266595],
      [0.26254718938, 0.45731844958, 0.28013436104]
    ],
    [
      [0.49052878088, 0.029651585738, 0.47981963338],
      [0.17737149288, 0.29307003045, 0.52955847666],
      [0.23115788888, 0.54892843019, 0.21991368092]
    ],
    [
      [0.394303741, 0.033627161578, 0.57206909742],
      [0.12762700923, 0.35278061676, 0.51959237401],
      [0.18892041572, 0.59857913211, 0.21250045217]
    ],
    [
      [0.38614486741, 0.020389657145, 0.59346547544],
      [0.14968096212, 0.22843368751, 0.62188535037],
      [0.21383909421, 0.47639434411, 0.30976656168]
    ],
    [
      [0.41063818016, 0.022548996928, 0.56681282291],
      [0.16429775793, 0.26567572254, 0.57002651952],
      [0.20663655709, 0.52844089018, 0.26492255273]
    ],
    [
      [0.357943682, 0.015317222413, 0.62673909559],
      [0.14975256805, 0.18497463595, 0.665272796],
      [0.21518278408, 0.42435425522, 0.3604629607]
    ],
    [
      [0.48887521252, 0.016763196872, 0.49436159061],
      [0.19466149674, 0.21364119532, 0.59169730795],
      [0.25706063625, 0.46609084346, 0.27684852029]
    ],
    [
      [0.22846495116, 0.025154670575, 0.74638037826],
      [0.063768699509, 0.30604190855, 0.63018939195],
      [0.12046261745, 0.58293759662, 0.29659978593]
    ],
    [
      [0.36931896829, 0.015318617062, 0.61536241465],
      [0.14923839047, 0.19578724015, 0.65497436939],
      [0.21652086549, 0.46194275346, 0.32153638105]
    ],
    [
      [0.49869517848, 0.018599459661, 0.48270536186],
      [0.19727186758, 0.21892139109, 0.58380674134],
      [0.26711978451, 0.46169649561, 0.27118371988]
    ],
    [
      [0.41995447194, 0.017384314801, 0.56266121326],
      [0.16178558522, 0.18944913839, 0.64876527639],
      [0.24125944328, 0.44979467603, 0.30894588069]
    ],
    [
      [0.39711780266, 0.017667681765, 0.58521451558],
      [0.15502036537, 0.22905073891, 0.61592889572],
      [0.21434536127, 0.48676782029, 0.29888681844]
    ],
    [
      [0.36766406582, 0.01286393955, 0.61947199463],
      [0.14978737589, 0.15393724977, 0.69627537434],
      [0.25351714978, 0.35968057559, 0.38680227463]
    ],
    [
      [0.37787756263, 0.017382503298, 0.60473993407],
      [0.15689487624, 0.20085812158, 0.64224700218],
      [0.21323567524, 0.46505715657, 0.32170716818]
    ],
    [
      [0.48256451325, 0.018203996785, 0.49923148997],
      [0.19018244208, 0.15589650397, 0.65392105396],
      [0.35073610201, 0.32608763732, 0.32317626067]
    ],
    [
      [0.57744822353, 0.021158766878, 0.4013930096],
      [0.23083259231, 0.27042745211, 0.49873995558],
      [0.30177405443, 0.50022854427, 0.1979974013]
    ],
    [
      [0.37504411854, 0.031934039111, 0.59302184235],
      [0.1322419926, 0.25174125265, 0.61601675475],
      [0.19116604706, 0.48470464948, 0.32412930346]
    ],
    [
      [0.46676504518, 0.027866643495, 0.50536831133],
      [0.16512722032, 0.23253603621, 0.60233674347],
      [0.24414899656, 0.45827152853, 0.29757947491]
    ],
    [
      [0.29624519418, 0.020079773805, 0.68367503201],
      [0.094942378573, 0.24389894299, 0.66115867843],
      [0.14967971505, 0.47877060499, 0.37154967996]
    ],
    [
      [0.52938013064, 0.024293956287, 0.44632591308],
      [0.19128185006, 0.24513336198, 0.56358478796],
      [0.29130078257, 0.45620307796, 0.25249613948]
    ],
    [
      [0.33113817655, 0.035553787451, 0.633308036],
      [0.098054401111, 0.24746624869, 0.6544793502],
      [0.15626609066, 0.51122559798, 0.33250831137]
    ],
    [
      [0.46168764668, 0.015141538127, 0.52317081519],
      [0.15717412342, 0.17721867965, 0.66560719693],
      [0.27231494775, 0.35857235073, 0.36911270152]
    ],
    [
      [0.45684224014, 0.022269682043, 0.52088807782],
      [0.16222965837, 0.22192126712, 0.61584907451],
      [0.26049683779, 0.44869472175, 0.29080844045]
    ],
    [
      [0.53666701081, 0.031145710823, 0.43218727836],
      [0.23756330281, 0.27575249908, 0.48668419811],
      [0.2567361678, 0.54157914235, 0.20168468985]
    ],
    [
      [0.488331535, 0.038814133221, 0.47285433178],
      [0.13907015939, 0.30218950359, 0.55874033702],
      [0.20657390628, 0.52849078427, 0.26493530945]
    ],
    [
      [0.47703308273, 0.021690762126, 0.50127615514],
      [0.16855463526, 0.24398357323, 0.5874617915],
      [0.2655553945, 0.42198961045, 0.31245499505]
    ],
    [
      [0.46125186986, 0.016873917152, 0.52187421299],
      [0.17852376123, 0.1369127336, 0.68456350517],
      [0.28904044102, 0.32838982286, 0.38256973611]
    ],
    [
      [0.37539952194, 0.028092835615, 0.59650764244],
      [0.13238759938, 0.26465867128, 0.60295372934],
      [0.17011285078, 0.51362060373, 0.31626654549]
    ],
    [
      [0.51873848165, 0.020584922829, 0.46067659552],
      [0.15279999191, 0.27586245462, 0.57133755347],
      [0.23757203614, 0.52578041129, 0.23664755257]
    ],
    [
      [0.57917563532, 0.0238135969, 0.39701076778],
      [0.26251537072, 0.22555612263, 0.51192850664],
      [0.33437002491, 0.42945142127, 0.23617855382]
    ],
    [
      [0.37146548586, 0.022605422495, 0.60592909165],
      [0.14052396139, 0.23838558405, 0.62109045457],
      [0.19649545103, 0.46451205053, 0.33899249844]
    ],
    [
      [0.50921725348, 0.019192902133, 0.47158984438],
      [0.12960388923, 0.25815841271, 0.61223769806],
      [0.25358170107, 0.5076159325, 0.23880236644]
    ],
    [
      [0.49286947042, 0.030535395969, 0.47659513361],
      [0.17481534898, 0.3065195002, 0.51866515081],
      [0.19467089285, 0.56712777308, 0.23820133406]
    ],
    [
      [0.46587445124, 0.019870441877, 0.51425510688],
      [0.13505096817, 0.25877789683, 0.606171135],
      [0.22149707656, 0.48855636779, 0.28994655565]
    ],
    [
      [0.49998327006, 0.015325327222, 0.48469140272],
      [0.19242769206, 0.27064135343, 0.5369309545],
      [0.24998173341, 0.50280119394, 0.24721707264]
    ],
    [
      [0.46138752413, 0.01639631386, 0.52221616201],
      [0.1294984963, 0.25997134569, 0.61053015802],
      [0.22711578628, 0.4943096188, 0.27857459492]
    ],
    [
      [0.441090719, 0.017501197373, 0.54140808363],
      [0.17794874549, 0.19726729471, 0.6247839598],
      [0.27356334765, 0.41318695531, 0.31324969704]
    ],
    [
      [0.51559114717, 0.020612225521, 0.46379662731],
      [0.14738268936, 0.30852428903, 0.54409302161],
      [0.22142337994, 0.5658094773, 0.21276714276]
    ],
    [
      [0.54060511431, 0.028389227289, 0.4310056584],
      [0.17943399977, 0.27815885317, 0.54240714706],
      [0.28186399916, 0.47628335237, 0.24185264846]
    ],
    [
      [0.40254486223, 0.019932609122, 0.57752252865],
      [0.1148924542, 0.29442698959, 0.59068055621],
      [0.16007631012, 0.52242191216, 0.31750177772]
    ],
    [
      [0.42568017813, 0.018113948596, 0.55620587328],
      [0.13205586475, 0.26252423391, 0.60541990134],
      [0.21615441834, 0.50748874781, 0.27635683385]
    ],
    [
      [0.3911793105, 0.014004191406, 0.59481649809],
      [0.18855915839, 0.23016464261, 0.58127619901],
      [0.26870769883, 0.43545817071, 0.29583413046]
    ],
    [
      [0.35835756871, 0.024605135196, 0.61703729609],
      [0.11188573001, 0.24572718727, 0.64238708272],
      [0.17330574772, 0.53478338448, 0.2919108678]
    ],
    [
      [0.4854009644, 0.018026192362, 0.49657284324],
      [0.13654224187, 0.27432204627, 0.58913571186],
      [0.23019084618, 0.52295881914, 0.24685033468]
    ],
    [
      [0.50383475709, 0.020651077535, 0.47551416537],
      [0.13736693711, 0.28667292929, 0.5759601336],
      [0.22746520257, 0.52609534878, 0.24643944865]
    ],
    [
      [0.38813476524, 0.020751641846, 0.59111359292],
      [0.12111726307, 0.23685710986, 0.64202562707],
      [0.20575860939, 0.4731642989, 0.32107709171]
    ],
    [
      [0.42560188373, 0.019121882656, 0.55527623362],
      [0.12172580851, 0.28888873731, 0.58938545419],
      [0.20260474952, 0.52741963443, 0.26997561606]
    ],
    [
      [0.52363446698, 0.012741237127, 0.4636242959],
      [0.18178720231, 0.22941398896, 0.58879880873],
      [0.27124809716, 0.43399659647, 0.29475530637]
    ]
  ],
  "expected_outcome": [
    [
      [31.1835920896, 30.8206574098, 31.1323326201, 33.3559570997, 26.8126543879, 24.7132715144, 26.2808435305, 25.414001422, 30.7991383885, 14.3932919234, 23.2670950024, 29.9217107091, 24.7773138446, 25.0184215674, 28.3101330679, 27.9629396347, 22.1979676094, 8.0842751294, 6.3757500151, 6.5347106325, 6.8136394662, 7.9407019595, 4.6359344717, 8.7720652869, 8.2231603225, 12.3433412487, 6.348309955, 10.4947278201, 9.6862892671, 8.2587894827, 8.2998157065, 9.8459858005, 7.0578442313, 9.6751278162, 7.8859115267, 6.9881167686, 9.4996821312, 5.9980378137, 4.851997909, 7.7338672076, 9.7308920576, 6.8432626579, 7.2365630282, 8.2147655205, 5.017005962, 6.7956135016, 7.5575213564, 5.0457519481, 7.2352320233, 8.3781514716],
      [0.91123915744, 1.9644392608, 1.2224937555, 2.0163078302, 2.2866469873, 1.3049380573, 1.4431358034, 1.0875227913, 1.0560814029, 1.5847442462, 0.96507287492, 1.1159675796, 1.0256745733, 1.1130639512, 0.99052334537, 1.286305244, 0.83738385211, 0.29622273629, 0.54287866488, 0.39013300893, 0.46183479752, 0.3644093443, 0.49775302432, 0.28768922441, 0.40085427678, 0.71635134892, 0.50458373187, 0.47719676677, 0.3543522602, 0.61804238353, 0.32935876526, 0.40483114729, 0.42950302741, 0.36466514052, 0.48856633551, 0.29805662815, 0.29118121723, 0.21315208018, 0.1925131711, 0.30918338282, 0.51100609121, 0.33885435507, 0.30793712613, 0.29408801952, 0.34447189275, 0.25236669307, 0.30976616303, 0.26977134399, 0.32507200515, 0.20385979403],
      [37.905168753, 35.2149033294, 36.6451736244, 32.6277350701, 38.9006986248, 37.9817904283, 36.2760206661, 44.4984757866, 31.1447802086, 47.0219638304, 38.7678321227, 28.9623217113, 33.1970115821, 36.8685144814, 47.6993435868, 44.7507551212, 22.9646485385, 5.6195021343, 10.08137132, 7.0751563586, 15.7245257363, 6.6948886962, 8.866312504, 9.9402454887, 9.3759854007, 9.9403074023, 6.1471063131, 11.0280754131, 10.9593584727, 13.1231681338, 7.3708255283, 6.7491830522, 11.5126527413, 8.9602070433, 7.6255221378, 7.7138266033, 9.2091366516, 6.7888101062, 5.9554889199, 6.9569494096, 7.7581018512, 9.8178829871, 9.4554998457, 12.49114646, 8.6385221453, 6.9520198053, 7.1327124806, 7.6844767079, 9.4396959715, 7.4179887343]
    ],
    [
      [3.0157496347, 2.6275517597, 3.1920067285, 2.4832009004, 1.7867781292, 3.2929811667, 2.7930618849, 1.4975256805, 4.0878914315, 0.95653049263, 2.8355294189, 4.5372529542, 3.3974972897, 2.4803258459, 1.6476611348, 1.4120538861, 6.0858381464, 16.3891140542, 9.5214234672, 11.5589054226, 5.7914850929, 12.8158839543, 6.8638080778, 10.6878403924, 10.8693871106, 13.7786715631, 8.9004902006, 10.7874966569, 10.5329019125, 8.8699691588, 9.4735994984, 16.8009837263, 9.9772012584, 4.4065322337, 2.0977841878, 2.8360703315, 2.5015599968, 2.3309729333, 4.0928211463, 3.0950364766, 3.2298119959, 2.8723113549, 1.8487821065, 3.394064851, 1.6782859502, 2.3212181118, 2.8847056793, 2.7856970506, 1.5824355106, 2.36323363],
      [2.650937188, 5.0543110836, 3.3750479504, 4.1029804264, 4.9389286346, 5.0255411251, 4.5164872832, 1.8497463595, 4.4864651017, 4.5906286282, 3.7199575628, 5.035191995, 3.9784319061, 3.6648118226, 1.6933097475, 1.8077230942, 4.9886881269, 19.2003490996, 18.1253701909, 16.2775225346, 14.8778355226, 16.4239352524, 17.322637408, 12.0508702161, 14.868724897, 15.9936449465, 19.3401282298, 15.614948687, 8.0778512825, 17.7321309755, 17.1034721864, 14.4355918485, 16.9253764673, 8.7773860322, 3.6782340024, 5.4343358335, 3.5183375946, 4.6794842224, 4.5371477783, 6.4790100697, 5.006859357, 7.3606747399, 3.6753392748, 4.1429635669, 3.685907809, 4.6634747865, 6.0201315152, 5.4477135267, 3.755553585, 2.9823818564],
      [10.3333131773, 8.3181371567, 10.4329453211, 7.4138186733, 7.2742932362, 13.6814777082, 9.6904508319, 6.65272796, 12.4256434669, 9.4528408792, 12.4445130184, 13.4275550508, 13.6240708042, 9.8548623315, 7.6590291177, 5.7802230197, 20.9254737267, 35.4105368461, 44.3532063419, 42.1635720428, 40.3306793844, 37.7601807933, 45.8135545142, 45.2612893916, 41.2618879925, 28.2276834904, 35.7593815696, 37.5975546562, 40.389246805, 40.3978998658, 35.4229283152, 32.7634244252, 44.0974222743, 20.8160817341, 6.2239818098, 12.729593835, 6.9801024085, 10.9895428443, 14.3700310754, 11.4259534537, 9.7633286472, 14.7670139052, 8.4758786187, 10.4629715821, 9.6358062408, 10.0153071016, 12.0951628056, 14.7665894227, 7.6620109044, 7.6543845135]
    ],
    [
      [3.8006582757, 3.5517908305, 3.6756606513, 4.1608419999, 3.4005674829, 2.9937473189, 3.9260945847, 4.0884728975, 4.11297018, 2.650177584, 3.8973755788, 4.5410363367, 4.8251888657, 4.5012525867, 3.0422057974, 3.6250064791, 7.7161942442, 4.5266108164, 2.1028265176, 3.9063839449, 2.3948754409, 5.2434140862, 2.5002574505, 3.5400943207, 3.9074525669, 4.8779871881, 4.7511998444, 3.717775523, 5.7808088205, 1.8712413585, 5.2265847952, 6.3530304733, 1.9649545103, 11.9183399501, 14.0163042855, 14.1758128999, 16.998757872, 15.670989253, 18.0551809447, 14.1710963159, 18.0392959465, 9.2844259872, 14.9146548653, 16.3911696285, 12.3047080878, 15.8831683866, 14.5577729643, 13.1685510013, 14.1823324661, 19.2586148984],
      [5.4378236545, 8.9812496557, 6.4024582941, 9.8807117434, 10.7744243781, 6.6695208176, 10.0403769134, 8.0627308492, 7.4574534954, 12.8246271256, 8.3149695623, 7.8488404254, 8.9958935206, 10.2221242262, 4.3161669071, 7.9059716618, 7.173928021, 7.5034281641, 5.3317511443, 7.3323444565, 7.6603296798, 8.2116554033, 8.1796095676, 4.6614405595, 6.7304208263, 10.2900037046, 12.1552880383, 5.9078545463, 6.5677964573, 5.649826641, 11.5671690483, 8.1595770042, 4.6451205053, 23.8579488273, 40.8331996621, 31.2676075384, 34.1904811881, 34.1073636974, 27.2703390506, 36.2118065475, 30.4821345518, 30.3004709051, 35.0167235991, 26.5629484135, 37.9696202982, 36.0841585204, 33.6701023218, 30.2825151293, 36.9193744099, 30.8137583495],
      [4.7615180697, 3.4669595139, 3.9218810545, 3.9584462566, 3.825008139, 4.3367318635, 5.033528502, 6.8487962533, 4.4295763246, 6.5251952904, 5.7876548589, 4.6101232379, 6.1789176137, 6.2766231871, 4.6416272955, 5.4690218591, 7.1098777348, 2.9699610195, 3.5654223381, 4.7612715986, 5.9447948793, 4.5449305106, 5.3201329819, 4.7984651197, 4.3621266068, 3.8320091072, 6.0935121173, 4.3743699307, 7.6513947222, 3.4789320004, 5.2062461565, 4.4873925226, 3.3899249844, 11.2237112226, 17.1504960524, 18.5565795617, 16.8107609399, 19.2216470496, 20.6744800047, 13.6170971367, 15.4785695017, 18.4151031077, 19.0686215356, 18.0458819579, 20.725671614, 17.0326730931, 15.7721247139, 20.5489338694, 18.8982931241, 20.9276267521]
    ]
  ],
  "prob": [
    [0.42550828962, 0.021599658652, 0.55289205173],
    [0.16121369074, 0.24161793103, 0.59716837823],
    [0.23105309648, 0.49052597719, 0.27842092633]
  ],
  "iterations": 17,
  "time": 0.108206,
  "message": "Converged",
  "status": 0,
  "miniter": 0,
  "maxiter": 1000,
  "maxtime": 3600,
  "param_threshold": 0.001,
  "ll_threshold": "-Inf",
  "initial_prob": "group_proportional",
  "ballotbox_id": ["1", "2", "3", "4", "5", "6", "7", "8", "9", "10", "11", "12", "13", "14", "15", "16", "17", "18", "19", "20", "21", "22", "23", "24", "25", "26", "27", "28", "29", "30", "31", "32", "33", "34", "35", "36", "37", "38", "39", "40", "41", "42", "43", "44", "45", "46", "47", "48", "49", "50"],
  "candidates_id": ["1", "2", "3"],
  "group_id": ["1", "2", "3"]
}
