{
  "X": [
    [23, 14, 47, 16],
    [30, 5, 42, 23],
    [32, 10, 38, 20],
    [39, 13, 37, 11],
    [26, 13, 39, 22],
    [37, 13, 34, 16],
    [26, 13, 22, 39],
    [18, 10, 26, 46],
    [19, 19, 28, 34],
    [16, 19, 27, 38],
    [9, 23, 19, 49],
    [21, 10, 23, 46],
    [13, 18, 30, 39],
    [30, 20, 25, 25],
    [21, 14, 35, 30],
    [18, 9, 44, 29],
    [18, 12, 46, 24],
    [17, 18, 40, 25],
    [15, 15, 23, 47],
    [14, 13, 17, 56],
    [19, 11, 16, 54],
    [20, 12, 15, 53],
    [15, 15, 17, 53],
    [19, 10, 15, 56],
    [14, 14, 20, 52],
    [34, 22, 19, 25],
    [34, 21, 18, 27],
    [35, 17, 23, 25],
    [45, 19, 21, 15],
    [50, 22, 13, 15],
    [38, 25, 16, 21],
    [25, 27, 24, 24],
    [17, 27, 34, 22],
    [15, 29, 28, 28],
    [17, 30, 16, 37],
    [15, 23, 25, 37],
    [18, 22, 23, 37],
    [18, 23, 20, 39],
    [24, 18, 11, 47],
    [18, 16, 12, 54],
    [18, 12, 19, 51],
    [26, 14, 16, 44],
    [18, 11, 11, 60],
    [18, 16, 25, 41],
    [25, 32, 28, 15],
    [24, 36, 27, 13],
    [29, 29, 23, 19],
    [25, 27, 31, 17],
    [24, 31, 27, 18],
    [25, 28, 27, 20]
  ],
  "W": [
    [58, 8, 4, 8, 8, 3, 5, 6],
    [56, 6, 10, 6, 5, 7, 5, 5],
    [57, 4, 9, 7, 6, 7, 5, 5],
    [61, 2, 7, 2, 7, 4, 7, 10],
    [52, 11, 5, 7, 7, 6, 4, 8],
    [55, 5, 5, 11, 7, 10, 4, 3],
    [18, 45, 1, 3, 9, 8, 12, 4],
    [10, 59, 2, 2, 7, 6, 7, 7],
    [6, 54, 5, 6, 11, 2, 8, 8],
    [12, 47, 7, 4, 6, 8, 11, 5],
    [4, 54, 7, 11, 4, 7, 8, 5],
    [8, 49, 3, 8, 12, 6, 9, 5],
    [3, 30, 27, 12, 8, 5, 8, 7],
    [4, 11, 49, 5, 6, 7, 7, 11],
    [7, 10, 61, 4, 6, 5, 3, 4],
    [6, 6, 66, 3, 2, 5, 3, 9],
    [6, 4, 58, 3, 5, 9, 6, 9],
    [7, 4, 58, 5, 6, 12, 4, 4],
    [5, 8, 43, 22, 4, 9, 6, 3],
    [6, 3, 7, 58, 8, 5, 4, 9],
    [9, 10, 6, 53, 4, 6, 8, 4],
    [4, 7, 8, 57, 3, 8, 7, 6],
    [3, 6, 7, 63, 5, 4, 7, 5],
    [7, 7, 7, 56, 8, 5, 5, 5],
    [6, 7, 7, 59, 5, 3, 7, 6],
    [7, 12, 4, 6, 52, 5, 10, 4],
    [5, 4, 9, 5, 52, 12, 5, 8],
    [7, 11, 5, 10, 53, 5, 6, 3],
    [9, 7, 6, 2, 53, 4, 10, 9],
    [9, 9, 5, 4, 59, 5, 4, 5],
    [4, 8, 6, 5, 54, 5, 6, 12],
    [9, 6, 5, 5, 20, 39, 9, 7],
    [8, 6, 6, 4, 8, 60, 4, 4],
    [8, 8, 6, 3, 7, 57, 7, 4],
    [5, 7, 4, 9, 2, 63, 5, 5],
    [4, 7, 6, 14, 4, 56, 6, 3],
    [9, 6, 5, 5, 7, 47, 13, 8],
    [4, 3, 11, 3, 8, 31, 36, 4],
    [3, 5, 6, 9, 8, 5, 57, 7],
    [3, 7, 7, 6, 8, 7, 55, 7],
    [8, 6, 9, 5, 7, 3, 58, 4],
    [10, 6, 3, 10, 11, 4, 44, 12],
    [4, 10, 4, 5, 7, 3, 60, 7],
    [11, 5, 7, 10, 4, 13, 37, 13],
    [4, 6, 6, 5, 5, 7, 8, 59],
    [5, 7, 5, 6, 7, 7, 5, 58],
    [2, 6, 10, 6, 10, 5, 4, 57],
    [4, 3, 12, 6, 7, 7, 4, 57],
    [5, 7, 6, 2, 7, 10, 5, 58],
    [8, 6, 3, 5, 6, 8, 7, 57]
  ],
  "method": "mcmc",
  "mcmc_stepsize": 3000,
  "mcmc_samples": 100,
  "burn_in": 10000,
  "cond_prob": [
    [
      [0.24330601934, 0.1365813789, 0.46594543799, 0.15416716376],
      [0.37142477799, 0.1250608941, 0.38014524564, 0.12336908227],
      [0.48768543584, 0.24995308458, 0.25698503206, 0.0053764475183],
      [0.12238371163, 0.37410734157, 0.37407856758, 0.12943037923],
      [0.12331833768, 0.12237991921, 0.62834972403, 0.12595201908],
      [0.018756474514, 0.0047483230917, 0.97166586053, 0.004829341859],
      [0.19297267149, 0.0099030596296, 0.58453476235, 0.21258950653],
      [0.16322695589, 0.0070536964958, 0.34149412948, 0.48822521813]
    ],
    [
      [0.33931200001, 0.035699496136, 0.41074002221, 0.21424848164],
      [0.33322645379, 0.1667161283, 0.33319093056, 0.16686648735],
      [0.29987926864, 0.099964608647, 0.40007867025, 0.20007745247],
      [0.16660559528, 0.16660497211, 0.49997653717, 0.16681289544],
      [0.19999991715, 7.3981903394e-05, 0.59990623569, 0.20001986525],
      [0.2856980961, 6.2529713778e-05, 0.42858772489, 0.2856516493],
      [0.20004197841, 4.7463891945e-05, 0.39990327387, 0.40000728382],
      [0.20012937361, 4.2118102405e-05, 0.39992112504, 0.39990738324]
    ],
    [
      [0.35221765605, 0.086984648693, 0.3683965013, 0.19240119395],
      [0.74073968129, 0.0044104530473, 0.25061344164, 0.0042364240314],
      [0.22067142717, 0.32966103668, 0.33804704042, 0.11162049574],
      [0.28262669004, 0.28531143243, 0.28670458862, 0.14535728892],
      [0.16789385571, 0.00033149273643, 0.6645759787, 0.16719867285],
      [0.28583474481, 0.0026437871205, 0.566471896, 0.14504957207],
      [0.19890230002, 0.0026906894297, 0.39755755299, 0.40084945756],
      [0.19869747142, 0.0052309883643, 0.2018086532, 0.59426288702]
    ],
    [
      [0.42835020291, 0.11381099771, 0.36010848522, 0.097730314159],
      [0.97550797036, 0.0087072211734, 0.014992037351, 0.00079277111809],
      [0.41924371162, 0.28441711997, 0.2901181297, 0.0062210387039],
      [0.013236016675, 0.9700932115, 0.012498283764, 0.0041724880569],
      [0.28972613639, 0.14587337753, 0.55955343435, 0.0048470517342],
      [0.25119435876, 0.012270592145, 0.73557922092, 0.00095582816966],
      [0.28560862763, 0.0020221572387, 0.42714064578, 0.28522856935],
      [0.29263228838, 0.10246573225, 0.3098399407, 0.29506203867]
    ],
    [
      [0.28881747003, 0.1151201489, 0.38472730199, 0.21133507908],
      [0.36287468936, 0.091870159423, 0.36317305512, 0.1820820961],
      [0.19948625674, 0.39988351381, 0.20062705823, 0.20000317121],
      [0.14286416152, 0.42777560334, 0.28609465803, 0.14326557712],
      [0.14284961431, 6.1317511803e-05, 0.71385333133, 0.14323573685],
      [0.16673836855, 0.00092118589161, 0.49982765866, 0.3325127869],
      [0.24929631971, 0.00077130986758, 0.24998535518, 0.49994701524],
      [0.24935334633, 0.12503651673, 0.37469976261, 0.25091037433]
    ],
    [
      [0.40294773557, 0.12558084366, 0.32793418784, 0.14353723294],
      [0.58489982948, 0.19213167095, 0.20625261923, 0.016715880336],
      [0.21009630554, 0.57465632773, 0.2013488161, 0.013898550635],
      [0.35969120264, 0.099765603629, 0.44216390621, 0.09837928752],
      [0.28342680172, 0.0068491928308, 0.56286211616, 0.14686188928],
      [0.29753816004, 0.10776075393, 0.30713054176, 0.28757054427],
      [0.24689064354, 0.006871665027, 0.25158636223, 0.4946513292],
      [0.31978628441, 0.0028844720863, 0.34804128135, 0.32928796215]
    ],
    [
      [0.33333267828, 0.11109712625, 0.16669180304, 0.38887839242],
      [0.26670094112, 0.15552501777, 0.19999119691, 0.3777828442],
      [1.584198814e-05, 0.99965277549, 7.8906723149e-05, 0.00025247579472],
      [2.1424934361e-05, 0.00022396582035, 0.66650545949, 0.33324914976],
      [0.22218867188, 0.1111491523, 0.33334793715, 0.33331423867],
      [0.24997103224, 0.12502547517, 0.25000015271, 0.37500333988],
      [0.24992199249, 0.083364188981, 0.24997788323, 0.41673593531],
      [0.24996477732, 9.6203764059e-05, 0.00012028605668, 0.74981873286]
    ],
    [
      [0.31059014706, 0.091481682705, 0.19169300791, 0.40623516232],
      [0.18664780641, 0.10013223381, 0.25319611257, 0.46002384721],
      [0.012888865597, 0.93046970179, 0.013138990172, 0.04350244244],
      [0.00036683361579, 0.48785922223, 0.48772540338, 0.024048540781],
      [0.14288590732, 0.0071659540985, 0.43746434984, 0.41248378873],
      [0.16059970616, 0.018655372598, 0.50953441683, 0.31121050442],
      [0.14263994703, 0.012463024355, 0.15175844204, 0.69313858657],
      [0.12758390502, 0.013055492232, 0.13728634969, 0.72207425306]
    ],
    [
      [0.33326593733, 0.16664191351, 0.16680946706, 0.33328268209],
      [0.20370757617, 0.18518966146, 0.27778429795, 0.33331846443],
      [0.1999687569, 0.40001132438, 0.20004806705, 0.19997185167],
      [0.16660536686, 0.33333423862, 0.16662827693, 0.3334321176],
      [0.18179407013, 0.18182673152, 0.36365046173, 0.27272873662],
      [6.0223736022e-05, 0.00016325964672, 0.99958005272, 0.00019646389864],
      [0.12495113853, 0.12497410398, 0.24995911282, 0.50011564466],
      [0.12515686876, 0.12495391861, 0.24997412809, 0.49991508455]
    ],
    [
      [0.24988757111, 0.16666921223, 0.25005581486, 0.3333874018],
      [0.21276313011, 0.17018422524, 0.25533434138, 0.36171830327],
      [0.14282961428, 0.42846982891, 0.14292194323, 0.28577861357],
      [0.00014007427914, 0.49985448909, 0.2499619658, 0.25004347083],
      [4.1742998622e-05, 0.16674592674, 0.49980571054, 0.33340661972],
      [0.12504372196, 0.12511381778, 0.37499681735, 0.37484564291],
      [0.090881154549, 0.1818812389, 0.27271702918, 0.45452057737],
      [0.00016430014632, 0.0001048755097, 0.1999237176, 0.79980710674]
    ],
    [
      [0.74990265711, 7.8073083011e-05, 3.9862948636e-05, 0.24997940686],
      [0.11109777478, 0.22221343509, 0.18517421404, 0.4815145761],
      [3.8839823466e-05, 0.42852597556, 0.14288381864, 0.42855136597],
      [2.1525298827e-05, 0.36361642281, 0.18181323579, 0.4545488161],
      [3.6129443986e-05, 0.24998130658, 0.49996809327, 0.25001447071],
      [2.8786081201e-05, 0.14287671938, 0.42859594856, 0.42849854598],
      [2.5899217016e-05, 0.12506556253, 0.12502108944, 0.74988744881],
      [9.5325017971e-06, 0.20002259412, 1.7587519476e-05, 0.79995028586]
    ],
    [
      [0.49996121292, 1.2856068521e-05, 0.12501286585, 0.37501306516],
      [0.22449345723, 0.10202870812, 0.22448934458, 0.44898849007],
      [4.1127572042e-06, 0.66660428614, 5.2832010193e-05, 0.33333876909],
      [0.12502092772, 0.24997795553, 0.24998674416, 0.37501437259],
      [0.16665321351, 0.083357242225, 0.33333270912, 0.41665683514],
      [0.1666948606, 3.5060691871e-05, 0.33332434921, 0.4999457295],
      [0.11109301451, 2.0033431365e-05, 0.22222167018, 0.66666528188],
      [0.2000212552, 3.5275851708e-05, 0.19998662058, 0.59995684836]
    ],
    [
      [0.66666069015, 2.4757709194e-07, 1.5245029407e-05, 0.33332381725],
      [0.16666478836, 0.16666678609, 0.30000120156, 0.36666722399],
      [0.111110371, 0.22222132579, 0.29629469474, 0.37037360847],
      [0.083334906012, 0.33333219401, 0.2499963189, 0.33333658107],
      [0.12500126053, 0.12500266154, 0.37500238373, 0.3749936942],
      [7.3648799117e-07, 5.3528077906e-06, 0.59999917822, 0.39999473248],
      [0.12499919126, 0.12499811351, 0.25000346814, 0.49999922708],
      [9.7275411027e-06, 0.14285722654, 0.2857089896, 0.57142405632]
    ],
    [
      [0.49998827855, 1.2072777554e-05, 0.25013106831, 0.24986858036],
      [0.45449128484, 0.18172152777, 0.18196302465, 0.18182416273],
      [0.28569289325, 0.22452965263, 0.24489019824, 0.24488725588],
      [0.20000742191, 0.39977967997, 0.19998981691, 0.20022308121],
      [0.16666886111, 0.1668425096, 0.49981027192, 0.16667835737],
      [0.28571856186, 0.14278589918, 0.42863965261, 0.14285588635],
      [0.28564848095, 0.14285781269, 0.1428530312, 0.42864067516],
      [0.27291558251, 0.181782044, 0.18172756717, 0.36357480633]
    ],
    [
      [0.42815779317, 0.047715343341, 0.33323217623, 0.19089468726],
      [0.30003020412, 0.066875876212, 0.29995497855, 0.33313894112],
      [0.19135181989, 0.15837301297, 0.35517106575, 0.29510410139],
      [0.082979193862, 0.33396701862, 0.33254289857, 0.25051088894],
      [0.22222779627, 0.27777438933, 0.27805966636, 0.22193814804],
      [0.19981971187, 0.00021461582231, 0.5997721535, 0.20019351881],
      [0.11090988126, 0.00029060000213, 0.44544640943, 0.44335310931],
      [0.083255159246, 0.083005188514, 0.16716509541, 0.66657455683]
    ],
    [
      [0.49872013897, 0.00028567710721, 0.33640350518, 0.16459067874],
      [0.49653488163, 0.0035300375441, 0.33144549905, 0.16848958177],
      [0.1667487989, 0.10576731561, 0.43898316611, 0.28850071939],
      [0.00013278457915, 0.65990208003, 0.33202910683, 0.0079360285584],
      [0.0071529580554, 0.00016412216747, 0.98974952124, 0.0029333985408],
      [0.00022940306718, 7.2259747476e-05, 0.79974843557, 0.19994990161],
      [0.00048102323181, 0.0011732411644, 0.33484806658, 0.66349766903],
      [0.11175053271, 0.0013941527893, 0.337904919, 0.5489503955]
    ],
    [
      [0.48907034512, 0.0021901898297, 0.34202147857, 0.16671798648],
      [0.49033313147, 0.24669323789, 0.25313283761, 0.009840793032],
      [0.17418499859, 0.15561384252, 0.44719504624, 0.22300611265],
      [0.00014731215513, 3.6905988716e-05, 0.97785688298, 0.021958898874],
      [0.0002304472926, 0.0026207901116, 0.79194411332, 0.20520464927],
      [0.10963336149, 0.10821215052, 0.45316256119, 0.3289919268],
      [0.16446714928, 0.0022517446745, 0.33546325319, 0.49781785286],
      [0.11404646257, 0.10820539466, 0.44594370121, 0.33180444156]
    ],
    [
      [0.42752649459, 0.14272106427, 0.28687614309, 0.14287629806],
      [0.49661949484, 0.00021836364523, 0.25017240657, 0.25298973494],
      [0.15532553779, 0.20653508887, 0.39687554945, 0.24126382389],
      [0.00014231678466, 0.39947610496, 0.39880326209, 0.20157831616],
      [0.16760307571, 0.16666219128, 0.49989407483, 0.16584065817],
      [0.16604197071, 0.16807072448, 0.41556910665, 0.25031819815],
      [0.0015814832965, 0.0016344985114, 0.74680661716, 0.24997740103],
      [0.0016989366971, 7.5895136712e-05, 0.25123974906, 0.74698541911]
    ],
    [
      [0.39999238666, 1.5616089269e-07, 0.20001105618, 0.399996401],
      [0.37499321939, 0.1249980224, 0.12500240498, 0.37500635323],
      [0.13953601651, 0.18604683827, 0.20930156494, 0.46511558027],
      [0.13636346351, 0.18181721758, 0.22727026081, 0.45454905811],
      [5.147241447e-06, 0.24999952323, 0.49999062153, 0.25000470801],
      [0.11111370427, 0.11111337649, 0.33332894538, 0.44444397387],
      [6.2403198239e-08, 5.8904500533e-07, 0.33333911288, 0.66666023568],
      [1.0342378565e-06, 6.3977377286e-08, 1.8259064934e-05, 0.99998064272]
    ],
    [
      [0.33333044288, 0.00016231049842, 0.16671260138, 0.49979464525],
      [0.66655577369, 6.1349578676e-05, 8.1351329649e-06, 0.3333747416],
      [0.00011846519817, 0.42827766302, 0.14290328396, 0.42870058783],
      [0.13790025969, 0.13790058677, 0.17237968964, 0.55181946391],
      [0.12498800957, 0.1250102922, 0.2500516313, 0.49995006693],
      [0.00016934465806, 0.000364282541, 0.39969351741, 0.59977285539],
      [5.5737587198e-05, 0.00018418559667, 0.00032777279924, 0.99943230402],
      [0.11114799481, 0.11111376911, 0.11124036343, 0.66649787265]
    ],
    [
      [0.44473128683, 6.3810106358e-05, 0.11118543344, 0.44401946962],
      [0.20028267089, 0.19938206771, 0.1005991144, 0.499736147],
      [0.16712793906, 0.33236426721, 0.0001394907731, 0.50036830296],
      [0.18851032372, 0.13210571999, 0.15071912129, 0.528664835],
      [8.7099922074e-05, 0.00012567632592, 0.49989578658, 0.49989143717],
      [0.16627315343, 0.0013926236377, 0.3336981128, 0.49863611014],
      [0.12530099804, 2.7733452304e-05, 0.24995512275, 0.62471614576],
      [9.540341822e-05, 0.00018398864117, 0.00074419423978, 0.9989764137]
    ],
    [
      [0.49866733082, 0.00016625249352, 0.0028486953593, 0.49831772132],
      [0.42625844776, 0.00086651659531, 0.14281439081, 0.43006064483],
      [0.12502655791, 0.24997444377, 0.1270518078, 0.49794719052],
      [0.19313980936, 0.14015053911, 0.14008137138, 0.52662828015],
      [0.0032177559452, 0.66442846473, 0.000244244474, 0.33210953485],
      [0.12509926454, 0.00015459961853, 0.37350405466, 0.50124208118],
      [0.14218322308, 0.00068419629411, 0.28489604053, 0.5722365401],
      [0.16776833327, 0.0009302549231, 0.00080239958944, 0.83049901221]
    ],
    [
      [0.66431492961, 0.001106335279, 0.00189950837, 0.33267922674],
      [0.33181022416, 0.00073139969707, 0.16685414541, 0.50060423073],
      [0.14316147055, 0.2859193353, 0.1439382894, 0.42698090475],
      [0.14275903963, 0.17441574427, 0.15882722475, 0.52399799135],
      [0.0015431690808, 0.20023037589, 0.39776065644, 0.40046579859],
      [0.0014299410472, 0.00029226076577, 0.49801442087, 0.50026337732],
      [0.14221174114, 0.14204924342, 0.14260149621, 0.57313751923],
      [0.0022652555758, 0.0011999467002, 8.439570848e-05, 0.99645040202]
    ],
    [
      [0.42855159698, 4.8967313695e-06, 0.14289093174, 0.42855257455],
      [0.42851025899, 1.0029173145e-05, 0.14285787465, 0.42862183719],
      [0.28568604063, 0.14287093326, 0.14292765795, 0.42851536817],
      [0.17857441852, 0.12498998529, 0.14285060896, 0.55358498723],
      [0.12502003696, 0.24997112251, 0.12498963462, 0.50001920591],
      [1.4456484395e-05, 5.1154213176e-05, 0.59991781213, 0.40001657717],
      [1.061502129e-05, 3.4023860712e-05, 1.3419946814e-05, 0.99994194117],
      [6.232665096e-05, 3.2987857213e-05, 1.1482103855e-05, 0.99989320339]
    ],
    [
      [0.33184865565, 4.717890587e-05, 0.16821347759, 0.49989068785],
      [0.42653488679, 0.00072090807501, 0.14289766081, 0.42984654432],
      [0.14289872726, 0.28567794277, 0.14419865458, 0.4272246754],
      [0.13541843467, 0.16939739325, 0.18628328002, 0.50890089206],
      [0.0027551816576, 0.39898810051, 0.19912528251, 0.39913143532],
      [0.0015469171048, 0.00012748810056, 0.66494041043, 0.33338518436],
      [0.00011608028757, 1.745148561e-05, 0.28567856884, 0.71418789939],
      [0.0023259834177, 0.00083894031416, 0.16668896328, 0.83014611298]
    ],
    [
      [0.57129228604, 0.14310431748, 0.14273949982, 0.14286389667],
      [0.41680988982, 0.16673446866, 0.1666152948, 0.24984034673],
      [0.25001064718, 0.49952175469, 0.00063468524119, 0.24983291289],
      [0.3332350941, 0.33345250568, 0.16672737059, 0.16658502963],
      [0.32692484612, 0.23073899952, 0.19232321456, 0.2500129398],
      [0.20017467723, 0.20012599899, 0.39973641557, 0.19996290821],
      [0.29979819776, 0.19991297361, 0.29985185912, 0.20043696951],
      [0.25020870113, 0.00011659874588, 0.00013229331471, 0.74954240681]
    ],
    [
      [0.59883937401, 0.1992906991, 0.00020262706393, 0.20166729983],
      [0.74773643725, 0.0010296498095, 0.0010274394211, 0.25020647352],
      [0.33254734381, 0.33390496977, 0.11079526225, 0.22275242417],
      [0.20127700843, 0.59773380962, 0.00080338855734, 0.2001857934],
      [0.32721795351, 0.19234102604, 0.2116014112, 0.26883960925],
      [0.33315262377, 0.16673486663, 0.24982238613, 0.25029012347],
      [0.19998408312, 0.20052366359, 0.3985799612, 0.20091229209],
      [0.25030759512, 0.12505550721, 0.12495762274, 0.49967927493]
    ],
    [
      [0.57064390642, 0.14247816121, 0.14402508762, 0.14285284475],
      [0.45427997217, 0.1813181442, 0.1816043567, 0.18279752693],
      [0.20053959488, 0.39945257324, 0.19945345289, 0.20055437899],
      [0.30027908009, 0.20026232603, 0.29917679838, 0.2002817955],
      [0.33968209368, 0.16981501234, 0.2454257746, 0.24507711939],
      [0.19945120682, 0.00054201243443, 0.40001510914, 0.39999167161],
      [0.33374384703, 0.16710351008, 0.16623633613, 0.33291630676],
      [0.33335136825, 0.00091346079475, 2.7199495856e-05, 0.66570797146]
    ],
    [
      [0.66730571713, 0.11075867687, 0.110780767, 0.11115483901],
      [0.57272862369, 0.14243362181, 0.14246509552, 0.14237265898],
      [0.49831238923, 0.3337888906, 0.16735927678, 0.00053944339668],
      [0.0018734226804, 0.99628462537, 0.0002540742151, 0.001587877739],
      [0.43390395073, 0.20748085722, 0.22651267015, 0.1321025219],
      [0.25078893538, 0.0018713300993, 0.74721056767, 0.00012916684508],
      [0.39990442387, 0.100413536, 0.20035996774, 0.29932207239],
      [0.44360195895, 0.11141420533, 0.11149335038, 0.33349048535]
    ],
    [
      [0.66666121945, 0.1111214603, 0.11111063253, 0.11110668772],
      [0.5555502459, 0.22222175807, 0.11111727387, 0.11111072216],
      [0.39999325024, 0.59997285657, 1.8012548061e-05, 1.5880639576e-05],
      [0.49997845877, 0.49999521125, 2.2924086157e-05, 3.405892968e-06],
      [0.49152901738, 0.20338955289, 0.1694873243, 0.13559410543],
      [0.39999514761, 0.2000138914, 0.1999989646, 0.1999919964],
      [0.49999109605, 1.1829160927e-05, 1.797402814e-07, 0.49999689505],
      [0.40001291559, 0.19999310255, 3.8814863041e-06, 0.39999010037]
    ],
    [
      [0.74980650686, 0.2491733292, 0.0009864539178, 3.3710017339e-05],
      [0.4989340472, 0.25028868806, 0.12465047338, 0.12612679136],
      [0.49941260868, 0.33327561011, 0.00050613390333, 0.16680564731],
      [0.20028549179, 0.40091391448, 0.19934923058, 0.19945136314],
      [0.37045243661, 0.24080898336, 0.18507749812, 0.20366108191],
      [0.19992458275, 0.20020841225, 0.39982273012, 0.20004427487],
      [0.3337692691, 0.1664181967, 0.16658747334, 0.33322506086],
      [0.33372736487, 0.24946146689, 0.083853670977, 0.33295749726]
    ],
    [
      [0.33334342205, 0.22221762333, 0.22222028225, 0.22221867237],
      [0.49998848805, 0.16668180338, 0.16666041338, 0.16666929519],
      [0.20000523197, 0.39999267961, 0.19999731486, 0.20000477356],
      [0.19999592745, 0.40000664854, 0.19999470507, 0.20000271895],
      [0.25000032452, 0.34999690712, 0.20000148403, 0.20000128433],
      [0.23076791616, 0.25640818608, 0.28205369078, 0.23077020698],
      [0.22222102277, 0.22223079909, 0.33332580448, 0.22222237365],
      [0.14286115012, 0.14285990534, 0.14286271693, 0.57141622762]
    ],
    [
      [0.36504786, 0.25415933193, 0.25071276942, 0.13008003865],
      [0.32633760205, 0.16699593582, 0.33909400881, 0.16757245332],
      [0.16647705915, 0.33355562471, 0.33313130997, 0.16683600616],
      [0.00027538721048, 0.50876158042, 0.47988675392, 0.011076278451],
      [0.12550637919, 0.25052855593, 0.4941725785, 0.12979248638],
      [0.16852587677, 0.26477395202, 0.33414944429, 0.23255072691],
      [0.00059924286099, 0.25030594336, 0.25977015669, 0.48932465709],
      [0.00090674817563, 0.25912007936, 0.24999275098, 0.48998042148]
    ],
    [
      [0.25010093114, 0.24983045716, 0.25026216061, 0.24980645108],
      [0.25004200154, 0.24971397295, 0.24988549099, 0.25035853452],
      [0.16722624822, 0.49926345247, 0.16681154073, 0.16669875859],
      [0.00018883261988, 0.33399990953, 0.66521565632, 0.00059560152516],
      [0.14301001271, 0.28555738967, 0.42865692981, 0.14277566781],
      [0.14017606776, 0.28084590652, 0.2807200228, 0.29825800292],
      [0.14302562089, 0.28560112337, 0.1429985442, 0.42837471153],
      [0.00066181343922, 0.24993446317, 0.24991823912, 0.49948548427]
    ],
    [
      [0.59903044522, 0.20042564192, 0.00048684843872, 0.20005706442],
      [0.28596789412, 0.28565306133, 0.1426459767, 0.28573306785],
      [0.25026153218, 0.49929954265, 0.00099180653073, 0.24944711864],
      [0.11147963592, 0.44403190442, 0.11130959652, 0.33317886315],
      [0.00039358174313, 0.4987872565, 0.49881379603, 0.0020053657233],
      [0.15862098907, 0.28581588621, 0.1904007984, 0.36516232633],
      [0.00043770030062, 0.19981217087, 0.19997824867, 0.59977188016],
      [0.00052233739848, 0.20035577041, 0.00010423835829, 0.79901765383]
    ],
    [
      [0.49979948672, 0.00031479330952, 0.24991128212, 0.24997443785],
      [0.42839108113, 0.14299664605, 0.14281302582, 0.28579924701],
      [0.00027314587457, 0.49965919542, 0.16680129072, 0.33326636799],
      [0.14280382519, 0.28563442487, 0.21440708615, 0.35715466378],
      [0.00036282193633, 0.49947152895, 0.25004601037, 0.25011963874],
      [0.14281694889, 0.21432472531, 0.28568116441, 0.35717716139],
      [0.00020181228291, 0.16670786763, 0.33312417091, 0.49996614918],
      [0.00025358603946, 0.00020308166132, 0.00036082212748, 0.99918251017]
    ],
    [
      [0.33328023459, 0.11122138166, 0.22220190209, 0.33329648166],
      [0.33330687749, 0.16671365263, 0.16668388412, 0.33329558576],
      [0.19996227411, 0.39999807962, 0.20007529035, 0.19996435591],
      [9.1871648786e-05, 0.5998969715, 0.19992192292, 0.20008923393],
      [0.14286192914, 0.28565677198, 0.28562067046, 0.28586062843],
      [0.17020521093, 0.21273962921, 0.25533782025, 0.3617173396],
      [0.15382465196, 0.15384112908, 0.23078438503, 0.46154983393],
      [0.12512087521, 0.12511946733, 0.12495928249, 0.62480037497]
    ],
    [
      [0.73844062936, 0.010218374239, 0.0011635141094, 0.25017748229],
      [0.6639695487, 0.0048492705003, 0.0017900787812, 0.32939110202],
      [0.092299804122, 0.36177734635, 0.18290072881, 0.36302212072],
      [0.0044523158812, 0.66457866728, 0.0013113549452, 0.3296576619],
      [0.12527390108, 0.25104064889, 0.24882794649, 0.37485750354],
      [0.16104268181, 0.22536256443, 0.22627331032, 0.38732144345],
      [0.16749193658, 0.22100868335, 0.22135814865, 0.39014123143],
      [0.00036249553505, 0.0051036476941, 0.2500360206, 0.74449783617]
    ],
    [
      [0.66342895053, 0.0079590001025, 0.0018917197936, 0.32672032957],
      [0.59174001132, 0.0019909914832, 0.0043206991875, 0.40194829801],
      [0.16775702869, 0.49308751878, 0.005744811843, 0.33341064069],
      [0.22657350516, 0.32609688243, 0.0034016921875, 0.44392792022],
      [0.12949757431, 0.12741520158, 0.36735606301, 0.3757311611],
      [0.19977872457, 0.0087604596348, 0.39475978523, 0.39670103056],
      [0.22742484096, 0.17562361952, 0.1049960131, 0.49195552642],
      [0.14388846018, 0.14272868058, 0.0014595810308, 0.7119232782]
    ],
    [
      [0.66616185895, 0.00045119892461, 0.00050492072269, 0.3328820214],
      [0.28403073779, 0.28139282864, 0.0021429026507, 0.43243353092],
      [0.14314874088, 0.42771004257, 0.0021192915104, 0.42702192504],
      [0.16917042293, 0.00033507360017, 0.33061680309, 0.49987770039],
      [0.13021294184, 0.12540902514, 0.24802352909, 0.49635450393],
      [0.14484274299, 0.14519239006, 0.28166420456, 0.42830066239],
      [0.16206316562, 0.1456619851, 0.1093583511, 0.58291649818],
      [0.1467369557, 0.14312682162, 0.0020574407513, 0.70807878193]
    ],
    [
      [0.36667280173, 0.00026498684999, 0.13659089606, 0.49647131536],
      [0.33160866524, 0.0012625318892, 0.16727081323, 0.49985798964],
      [0.22105355565, 0.22244336599, 0.1100237255, 0.44647935286],
      [0.0068799075365, 0.57811175249, 0.020323071095, 0.39468526888],
      [0.14864946109, 0.14307106433, 0.28227072497, 0.42600874961],
      [0.0022913484729, 0.011723554488, 0.65437779254, 0.3316073045],
      [0.17136245881, 0.10435637746, 0.20392419489, 0.52035696884],
      [0.016660293015, 0.0021044628171, 0.011296827741, 0.96993841643]
    ],
    [
      [0.40000753297, 0.10000808609, 0.1000384879, 0.39994589304],
      [0.49985772178, 0.16665258845, 0.00012119991569, 0.33336848986],
      [0.0001333783896, 0.66643237569, 0.00021332000511, 0.33322092591],
      [0.20006164602, 0.20000845862, 0.19996299352, 0.39996690184],
      [0.18182985579, 0.090992570904, 0.36355545685, 0.36362211645],
      [0.24997782039, 9.7668903818e-05, 0.25003594352, 0.49988856719],
      [0.24998463531, 0.13632908356, 0.15907244262, 0.45461383852],
      [0.25003317461, 0.083402771919, 0.083348062643, 0.58321599082]
    ],
    [
      [0.49764763792, 0.001756390317, 0.0027038655411, 0.49789210622],
      [0.19982694367, 0.1009026341, 0.099744080914, 0.59952634131],
      [0.49659458907, 0.0016394455845, 0.001980004581, 0.49978596077],
      [0.0036736839179, 0.39655632854, 0.0026908877508, 0.59707909979],
      [0.1448948484, 0.28248906414, 0.0027563303427, 0.56985975711],
      [0.0026282027751, 0.0042178010659, 0.66123262487, 0.33192137129],
      [0.16620426662, 0.099760929791, 0.13266204864, 0.60137275495],
      [0.14456981306, 0.0026965761448, 0.0010934523019, 0.85164015849]
    ],
    [
      [0.36362851024, 0.090915963876, 0.18182610363, 0.36362942225],
      [0.3999736672, 1.6568645452e-05, 0.20001288814, 0.39999687602],
      [0.14288216805, 0.42854035867, 0.14289269058, 0.2856847827],
      [0.099995715137, 0.29999510665, 0.2000131084, 0.39999606981],
      [1.7228561598e-05, 3.042677341e-05, 0.74994076327, 0.25001158139],
      [0.15385355507, 0.15384738637, 0.30769300546, 0.38460605311],
      [0.16215575849, 0.13513614838, 0.24323213456, 0.45947595857],
      [0.1538582715, 0.15384098131, 0.23077749219, 0.461523255]
    ],
    [
      [0.49995616077, 0.24985006349, 0.25006124301, 0.00013253273856],
      [0.49911573689, 0.33334802986, 0.16693466856, 0.0006015646861],
      [0.16700233735, 0.66584279284, 0.16659861817, 0.00055625164394],
      [0.19998404766, 0.39981648333, 0.39975426078, 0.00044520823457],
      [0.19991638313, 0.20013298216, 0.59931109794, 0.0006395367789],
      [0.1429202436, 0.28595314692, 0.28571995537, 0.28540665411],
      [0.24975417093, 0.2501799218, 0.25042230283, 0.24964360444],
      [0.2373811811, 0.30512874711, 0.27118322718, 0.18630684461]
    ],
    [
      [0.59936158721, 0.19995785926, 0.20016461565, 0.00051593788499],
      [0.4280962509, 0.42779294453, 0.14379427531, 0.00031652925219],
      [0.20080062427, 0.59866415319, 0.20025412358, 0.00028109896221],
      [0.16667605201, 0.66513333857, 0.16717781646, 0.0010127929512],
      [0.14240347117, 0.28654966931, 0.57065373262, 0.00039312690334],
      [0.14297128941, 0.28587964341, 0.42796742821, 0.14318163897],
      [0.19952640915, 0.20030009272, 0.20056744045, 0.39960605769],
      [0.22426212939, 0.34505230417, 0.25853610603, 0.17214946041]
    ],
    [
      [0.99923548973, 0.00019371382596, 0.00038019973712, 0.00019059670294],
      [0.49968166437, 0.16679597032, 0.16669568363, 0.16682668168],
      [0.29996752413, 0.39994829166, 0.20002934775, 0.10005483646],
      [0.16667064609, 0.49998291677, 0.16675732584, 0.1665891113],
      [0.20013412066, 0.29999138265, 0.39977279608, 0.10010170061],
      [0.20003268626, 0.20009135113, 0.39985260569, 0.20002335692],
      [0.24995463238, 0.24985708112, 0.00035887729691, 0.4998294092],
      [0.28074415349, 0.28069574432, 0.22806669417, 0.21049340801]
    ],
    [
      [0.4995870471, 0.25004285308, 0.25003996647, 0.00033013334526],
      [0.66556056832, 0.3332527238, 0.00072497509239, 0.00046173279024],
      [0.25014867594, 0.33332193931, 0.24995182527, 0.16657755948],
      [0.16661513565, 0.49980589798, 0.16693317784, 0.16664578853],
      [0.14301604363, 0.1428332382, 0.57118907338, 0.1429616448],
      [0.14321870998, 0.14303911895, 0.57095982069, 0.14278235038],
      [0.25011834085, 0.24994961115, 0.25011579292, 0.24981625507],
      [0.24560313233, 0.26316608442, 0.29826559313, 0.19296519012]
    ],
    [
      [0.59931561652, 0.19543399857, 0.20518043655, 6.9948361619e-05],
      [0.42483105012, 0.28885779568, 0.14319232702, 0.14311882718],
      [0.17068239149, 0.49603485036, 0.16643003334, 0.16685272481],
      [0.00084438009931, 0.9875802284, 0.00024946735753, 0.011325924139],
      [0.13982127894, 0.29199866471, 0.42512398097, 0.14305607538],
      [0.19756997499, 0.30490181204, 0.39745101496, 0.10007719802],
      [0.19999751268, 0.19546980183, 0.395761612, 0.20877107349],
      [0.22498939985, 0.29274307062, 0.25937045374, 0.22289707579]
    ],
    [
      [0.37712964924, 0.24896764326, 0.24936756914, 0.12453513836],
      [0.4964825026, 0.1701392452, 0.16523000309, 0.16814824911],
      [0.0034478093199, 0.99075948021, 0.0054784375515, 0.00031427292335],
      [0.20151569504, 0.39864355266, 0.19949415898, 0.20034659333],
      [0.1672499554, 0.33468175214, 0.33237487377, 0.16569341869],
      [0.24920193751, 0.24990694533, 0.37553513388, 0.12535598328],
      [0.14365738065, 0.14234480059, 0.42444868675, 0.28954913202],
      [0.24532331562, 0.26347662279, 0.26368600351, 0.22751405808]
    ]
  ],
  "expected_outcome": [
    [
      [14.1117491219, 19.0014720006, 20.0764063949, 26.1293623777, 15.0185084418, 22.1621254561, 5.9999882091, 3.1059014706, 1.999595624, 2.9986508533, 2.9996106284, 3.9996897033, 1.9999820704, 1.9999531142, 2.9971045522, 2.9923208338, 2.9344220707, 2.9926854621, 1.9999619333, 1.9999826573, 4.0025815814, 1.9946693233, 1.9929447888, 2.9998611788, 1.9910919339, 3.9990460023, 2.99419687, 3.9945073449, 6.0057514541, 5.999950975, 2.9992260275, 3.0000907984, 2.92038288, 2.0008074491, 2.9951522261, 1.9991979469, 2.9995221113, 2.9537625174, 1.9902868516, 1.9984855769, 2.9333824139, 4.0000753297, 1.9905905517, 3.9999136127, 1.9998246431, 2.996807936, 1.9984709795, 1.9983481884, 2.9965780826, 3.0170371939],
      [7.9217199763, 1.9991717836, 4.9581249755, 6.9424708604, 5.9862477427, 6.9069464012, 1.9997482725, 0.91481682705, 0.99985148108, 2.0000305467, 0.00031229233204, 0.00010284854817, 7.4273127581e-07, 4.8291110215e-05, 0.33400740338, 0.0017140626433, 0.013141138978, 0.9990474499, 7.8080446344e-07, 0.00097386299055, 0.00057429095722, 0.00066500997408, 0.003319005837, 3.4277119587e-05, 0.00028307343522, 1.0017302223, 0.99645349551, 0.9973471285, 0.99682809179, 1.0000931427, 0.9966933168, 1.99995861, 2.0332746555, 1.9986436573, 1.0021282096, 0.0012591732381, 1.000992435, 0.040873496958, 0.023877000308, 0.0013535967738, 0.0021198947999, 1.0000808609, 0.0070255612679, 1.0000756026, 0.99940025394, 0.9997892963, 0.00038742765192, 1.0001714123, 0.97716999284, 1.9917411461],
      [27.0248354035, 23.0014412439, 20.9986005742, 21.9666175982, 20.0058197035, 18.0363803313, 3.0004524548, 1.9169300791, 1.0008568024, 3.0006697783, 0.00015945179454, 1.0001029268, 4.573508822e-05, 1.0005242733, 2.3326252336, 2.0184210311, 2.0521288714, 2.0081330016, 1.0000552809, 1.0002756083, 1.000668901, 0.011394781437, 0.0056985251099, 1.0002365222, 1.0092808656, 0.99917649871, 0.0010131353196, 1.0081756133, 0.99702690301, 0.99999569273, 0.0039458156712, 1.9999825402, 2.0057021553, 2.0020972849, 0.0024342421936, 0.99964512848, 1.9998171188, 0.0046540564375, 0.0056751593807, 0.0015147621681, 1.0927271685, 1.000384879, 0.010815462164, 2.0000871399, 1.000244972, 1.0008230782, 0.00076039947425, 1.0001598659, 1.0259021827, 1.9949405532],
      [8.9416954983, 11.9979149719, 10.9668680554, 5.9615491637, 10.989424112, 7.8945478114, 6.9998110636, 4.0623516232, 1.9996960925, 4.0006488216, 0.99991762743, 3.0001045213, 0.99997145174, 0.99947432143, 1.3362628108, 0.98754407246, 1.0003079189, 1.0001340864, 1.999982005, 2.9987678715, 3.9961752266, 1.9932708853, 0.99803768022, 2.9998680219, 2.9993441271, 1.0000472767, 1.0083364991, 0.99996991327, 1.0003935511, 0.99996018949, 0.00013484006936, 1.9999680514, 1.0406403092, 1.9984516087, 1.0002853221, 0.99989775141, 2.999668335, 1.0007099292, 0.98016098872, 0.9986460642, 3.9717705229, 3.9994589304, 1.9915684249, 3.9999236447, 0.00053013095424, 0.002579689425, 0.00038119340589, 0.001320533381, 0.00034974180809, 0.99628110686]
    ],
    [
      [2.9713982239, 1.9993587228, 2.9629587251, 1.9510159407, 3.991621583, 2.9244991474, 12.0015423502, 11.0122205784, 11.0002091131, 9.9998671152, 5.9992798379, 11.0001794043, 4.9999436508, 4.9994041333, 3.0003020412, 2.9792092898, 1.9613325259, 1.9864779794, 2.9999457552, 1.9996673211, 2.0028267089, 2.9838091343, 1.990861345, 2.9995718129, 2.9857442075, 5.0017186778, 2.990945749, 4.9970796939, 4.0091003658, 4.9999522131, 3.9914723776, 2.9999309283, 1.9580256123, 2.0003360123, 2.0017752588, 2.9987375679, 1.9998412649, 1.9919086461, 2.9587000566, 1.9882151645, 1.9896519914, 2.9991463307, 1.9982694367, 1.999868336, 2.9946944213, 2.9966737563, 2.9980899862, 1.996681705, 2.9738173508, 2.9788950156],
      [1.0004871528, 1.0002967698, 0.017641812189, 0.017414442347, 1.0105717536, 0.96065835477, 6.9986257997, 5.9078017945, 10.0002417186, 7.9986585864, 11.999525495, 4.9994066978, 5.0000035826, 1.9989368055, 0.66875876212, 0.021180225265, 0.98677295158, 0.00087345458091, 0.99998417917, 0.00018404873603, 1.9938206771, 0.0060656161672, 0.0043883981824, 7.0204212013e-05, 0.0050463565251, 2.0008136239, 0.0041185992379, 1.9944995862, 0.9970353527, 1.9999958226, 2.0023095045, 1.0000908203, 1.0019756149, 1.9977117836, 1.9995714293, 1.0009765223, 1.0002819158, 0.014547811501, 0.0099549574159, 1.9697498005, 0.0075751913349, 0.99991553068, 1.009026341, 8.284322726e-05, 2.0000881791, 2.9945506117, 1.0007758219, 0.99975817139, 2.0220045698, 1.0208354712],
      [3.0411619651, 1.9991455834, 1.0024537665, 0.029984074702, 3.9949036063, 1.0312630962, 8.999603861, 14.9385706418, 15.000352089, 12.0007140448, 9.9994075579, 10.9999778847, 9.0000360468, 2.0015932712, 2.9995497855, 1.9886729943, 1.0125313504, 1.0006896263, 1.0000192398, 2.4405398895e-05, 1.005991144, 0.9997007357, 1.0011248725, 1.0000051225, 1.0002836257, 1.9993835376, 0.0041097576842, 1.9976479237, 0.99725566862, 1.0000554649, 0.99720378705, 0.99996248027, 2.0345640529, 1.9990839279, 0.9985218369, 0.99969118071, 1.0001033047, 0.0053702363436, 0.021603495938, 0.015000318555, 1.0036248794, 0.00072719949413, 0.99744080914, 1.0000644407, 1.0016080114, 1.0065599272, 1.0001741018, 0.0021749252772, 1.0023462892, 0.99138001855],
      [0.98695265815, 1.0011989241, 0.016945696126, 0.0015855422362, 2.0029030571, 0.083579401679, 17.0002279891, 27.1414069852, 17.9991970793, 17.0007602536, 26.0017871092, 22.0004360133, 11.0000167198, 2.00006579, 3.3313894112, 1.0109374906, 0.039363172128, 1.0119589398, 3.0000508258, 1.0001242248, 4.99736147, 3.0104245138, 3.0036253844, 3.0003528604, 3.0089258103, 2.9980841608, 1.0008258941, 2.0107727962, 0.99660861288, 0.99999649942, 1.0090143309, 1.0000157711, 1.0054347199, 2.0028682762, 2.000131475, 2.000594729, 1.9997735146, 0.98817330606, 2.00974149, 3.0270347164, 2.9991479378, 2.0002109392, 5.9952634131, 1.9999843801, 0.0036093881166, 0.0022157047653, 1.0009600901, 0.0013851983707, 1.0018317903, 1.0088894947]
    ],
    [
      [1.9507417434, 2.9987926864, 1.9860428445, 2.9347059813, 0.99743128371, 1.0504815277, 1.584198814e-05, 0.025777731194, 0.99984378451, 0.99980729996, 0.00027187876426, 1.2338271613e-05, 2.999980017, 13.998951769, 11.6724610134, 11.0054207271, 10.1027299183, 9.0088811918, 6.0000487099, 0.00082925638718, 1.0027676343, 1.0002124633, 1.0021302938, 1.9998022844, 1.0002910908, 1.0000425887, 2.9929260943, 1.0026979744, 2.9898743354, 1.9999662512, 2.9964756521, 1.0000261598, 0.99886235493, 1.0033574893, 1.0010461287, 0.0016388752474, 0.99981137057, 1.0152978453, 1.0065421722, 1.0020411862, 1.9894820008, 0.00040013516879, 1.9863783563, 1.0001751763, 1.0020140241, 1.0040031214, 2.9996752413, 3.0017841113, 1.0240943489, 0.01034342796],
      [0.99981233831, 0.99964608647, 2.9669493301, 1.9909198398, 1.9994175691, 2.8732816386, 0.99965277549, 1.8609394036, 2.0000566219, 2.9992888024, 2.9996818289, 1.9998128584, 5.9999757963, 11.0019529789, 9.6607537909, 6.9806428303, 9.0256028663, 11.9790351546, 8.0000140458, 2.9979436411, 1.9941856033, 1.9997955501, 2.0014353471, 1.0000965328, 1.9997455994, 1.9980870187, 3.005144728, 1.9972628662, 2.0027333436, 2.9998642828, 1.9996536607, 1.9999633981, 2.0013337483, 2.9955807148, 1.9971981706, 2.9979551725, 1.9999903981, 3.9795508098, 2.9585251127, 2.993970298, 2.0019902939, 1.9992971271, 0.0065577823381, 2.9997825107, 3.995056757, 2.993320766, 3.9994829166, 3.9998632717, 2.9762091022, 2.9722784406],
      [1.0279401283, 4.0007867025, 3.0424233638, 2.0308269079, 1.0031352912, 1.0067440805, 7.8906723149e-05, 0.026277980343, 1.0002403353, 1.0004536026, 1.0001867305, 0.00015849603058, 7.999956758, 11.999619714, 21.665435011, 28.972888963, 25.9373126818, 23.0187818679, 8.9999672925, 1.0003229877, 0.00083694463859, 1.0164144624, 1.0075680258, 1.0004936056, 1.009390582, 0.0025387409648, 0.99715736026, 0.99726726444, 1.0041556607, 9.0062740307e-05, 0.00303680342, 0.99998657431, 1.9987878598, 1.0008692444, 0.0039672261229, 1.0008077443, 1.0003764518, 2.011908017, 0.034468871058, 0.014835040573, 0.99021352951, 0.00063996001533, 0.0079200183241, 1.000248834, 0.999591709, 1.0012706179, 2.0002934775, 2.9994219033, 0.99858020003, 0.016435312655],
