{
  "X": [
    [6, 66, 10, 18],
    [4, 69, 13, 14],
    [3, 63, 17, 17],
    [2, 66, 17, 15],
    [2, 65, 18, 15],
    [9, 64, 10, 17],
    [7, 27, 12, 54],
    [10, 21, 11, 58],
    [2, 23, 10, 65],
    [5, 23, 12, 60],
    [5, 34, 14, 47],
    [5, 24, 13, 58],
    [11, 34, 21, 34],
    [13, 45, 21, 21],
    [15, 40, 24, 21],
    [15, 37, 20, 28],
    [12, 47, 15, 26],
    [11, 44, 25, 20],
    [8, 46, 23, 23],
    [6, 47, 18, 29],
    [8, 42, 18, 32],
    [4, 46, 14, 36],
    [8, 47, 16, 29],
    [7, 39, 21, 33],
    [9, 44, 12, 35],
    [11, 31, 42, 16],
    [7, 38, 38, 17],
    [6, 33, 43, 18],
    [4, 32, 39, 25],
    [7, 30, 42, 21],
    [6, 28, 47, 19],
    [6, 36, 35, 23],
    [10, 25, 34, 31],
    [9, 25, 31, 35],
    [14, 22, 28, 36],
    [14, 30, 27, 29],
    [12, 23, 29, 36],
    [9, 40, 26, 25],
    [10, 46, 16, 28],
    [4, 54, 18, 24],
    [6, 46, 13, 35],
    [6, 51, 6, 37],
    [6, 58, 13, 23],
    [7, 32, 22, 39],
    [8, 22, 23, 47],
    [15, 19, 26, 40],
    [16, 21, 18, 45],
    [15, 24, 17, 44],
    [11, 26, 22, 41],
    [15, 22, 33, 30]
  ],
  "W": [
    [55, 9, 5, 8, 5, 7, 5, 6],
    [69, 5, 6, 4, 5, 1, 7, 3],
    [55, 2, 8, 9, 7, 7, 4, 8],
    [50, 9, 5, 4, 13, 6, 9, 4],
    [58, 5, 5, 6, 4, 8, 11, 3],
    [52, 8, 8, 7, 5, 8, 5, 7],
    [12, 46, 8, 9, 6, 7, 7, 5],
    [4, 55, 7, 7, 5, 9, 6, 7],
    [6, 57, 10, 3, 6, 8, 7, 3],
    [10, 58, 6, 7, 3, 4, 6, 6],
    [12, 49, 5, 7, 3, 6, 11, 7],
    [8, 54, 7, 6, 7, 8, 2, 8],
    [3, 30, 36, 3, 9, 5, 7, 7],
    [8, 2, 61, 6, 4, 4, 5, 10],
    [3, 4, 55, 9, 5, 11, 4, 9],
    [5, 8, 47, 7, 8, 9, 9, 7],
    [15, 5, 55, 5, 3, 5, 7, 5],
    [4, 5, 55, 8, 7, 10, 8, 3],
    [4, 5, 48, 19, 6, 8, 8, 2],
    [7, 8, 5, 59, 5, 4, 4, 8],
    [6, 6, 9, 53, 8, 8, 3, 7],
    [4, 6, 6, 57, 3, 8, 8, 8],
    [7, 7, 6, 56, 9, 5, 5, 5],
    [4, 8, 7, 52, 6, 10, 3, 10],
    [6, 8, 6, 55, 5, 6, 6, 8],
    [3, 5, 7, 7, 57, 4, 7, 10],
    [6, 7, 5, 6, 64, 3, 1, 8],
    [13, 7, 7, 5, 54, 4, 4, 6],
    [8, 5, 6, 7, 55, 3, 6, 10],
    [8, 13, 8, 3, 52, 8, 3, 5],
    [4, 8, 7, 5, 57, 6, 3, 10],
    [7, 7, 8, 4, 20, 41, 9, 4],
    [6, 3, 7, 7, 8, 57, 8, 4],
    [5, 6, 3, 6, 6, 58, 10, 6],
    [7, 4, 11, 6, 3, 60, 7, 2],
    [6, 15, 7, 10, 11, 39, 6, 6],
    [3, 8, 8, 7, 5, 59, 5, 5],
    [5, 5, 11, 10, 7, 30, 23, 9],
    [7, 7, 4, 10, 8, 5, 51, 8],
    [5, 2, 4, 6, 3, 11, 62, 7],
    [2, 7, 7, 4, 9, 6, 59, 6],
    [7, 6, 5, 3, 5, 5, 64, 5],
    [5, 3, 4, 5, 11, 4, 61, 7],
    [2, 7, 4, 8, 7, 13, 42, 17],
    [8, 5, 5, 8, 6, 6, 7, 55],
    [9, 7, 3, 6, 2, 9, 5, 59],
    [5, 10, 8, 7, 3, 7, 6, 54],
    [9, 11, 5, 5, 6, 4, 9, 51],
    [9, 3, 4, 5, 10, 4, 7, 58],
    [9, 5, 1, 9, 9, 7, 3, 57]
  ],
  "method": "mcmc",
  "mcmc_stepsize": 3000,
  "mcmc_samples": 100,
  "burn_in": 10000,
  "cond_prob": [
    [
      [0.090907717829, 0.65454893014, 0.090909532525, 0.1636338195],
      [0.11110730069, 0.77776625764, 4.0104895187e-07, 0.11112604062],
      [1.3634602536e-05, 0.99997196536, 8.5901569057e-07, 1.3541019051e-05],
      [3.803500588e-08, 0.62500425561, 0.24999132882, 0.12500437754],
      [7.3073668587e-07, 0.60000560811, 0.39998651568, 7.1454814141e-06],
      [2.3327534138e-07, 0.57143335744, 0.1428573582, 0.28570905108],
      [6.7390964341e-06, 0.59999899406, 3.9726573866e-07, 0.39999386958],
      [3.9230805005e-07, 0.49999368981, 1.6850663596e-05, 0.49998906722]
    ],
    [
      [0.057067343784, 0.69577016805, 0.1168104952, 0.13035199297],
      [8.9897823837e-06, 0.99938107656, 0.00020811154881, 0.00040182211222],
      [0.0051854276789, 0.82248048714, 0.16683410284, 0.005499982342],
      [0.007763593814, 0.5080131757, 0.48421400509, 9.2253992896e-06],
      [1.4307351451e-05, 0.5999627087, 0.3999966035, 2.63804539e-05],
      [4.0682139599e-05, 6.7665172528e-06, 0.00098638238533, 0.99896616896],
      [3.4582720641e-06, 0.57546144605, 2.461065792e-05, 0.42451048502],
      [1.653959305e-06, 0.66665565468, 1.0987286792e-05, 0.33333170408]
    ],
    [
      [0.054539024626, 0.61821297188, 0.16363416176, 0.16361384174],
      [1.0792991936e-08, 0.99996546477, 2.2166400026e-05, 1.2358036401e-05],
      [1.4538189206e-06, 0.7499331538, 0.12506646393, 0.12499892846],
      [8.1655883076e-07, 0.66675091339, 0.22215942016, 0.11108884988],
      [1.9129880019e-06, 0.57134720771, 0.28579431649, 0.14285656281],
      [3.810170567e-05, 0.57142354534, 0.28567427571, 0.14286407724],
      [4.766262453e-08, 0.49992294588, 1.9536888959e-05, 0.50005746957],
      [6.793859083e-06, 0.62488063893, 0.1249689981, 0.25014356911]
    ],
    [
      [0.039979233627, 0.66001869821, 0.16002568517, 0.139976383],
      [6.5707202982e-07, 0.77789162759, 0.11098333674, 0.11112437859],
      [1.3452170499e-06, 0.99982008413, 0.00016927762233, 9.2930281821e-06],
      [1.6890808437e-07, 0.74975951847, 0.24970373797, 0.0005365746468],
      [3.186025207e-07, 0.61547644704, 0.3076100314, 0.076913202955],
      [5.9919734052e-06, 0.49990008202, 0.33346196237, 0.16663196363],
      [1.2368852848e-06, 0.55539879061, 0.11113586222, 0.33346411029],
      [0.00024344441073, 0.50017963193, 6.9857113484e-05, 0.49950706654]
    ],
    [
      [0.034406035208, 0.65829329242, 0.16954644087, 0.1377542315],
      [1.777966628e-05, 0.99956916681, 7.8342021749e-05, 0.00033471150096],
      [2.3218978397e-05, 0.73090721556, 0.26730251055, 0.0017670549078],
      [0.00047682488867, 0.52848854828, 0.47047918481, 0.0005554420213],
      [7.2611975594e-05, 0.4989912767, 0.50068437802, 0.00025173330212],
      [2.4850384621e-05, 0.64575659653, 0.12556335546, 0.22865519763],
      [1.6135410902e-05, 0.62098034517, 0.09074688955, 0.28825662987],
      [0.00023909163214, 0.33429138733, 0.00035563906652, 0.66511388197]
    ],
    [
      [0.11538455014, 0.63461600718, 0.096153544363, 0.15384589831],
      [0.24999918014, 0.62500081872, 2.5800524672e-07, 0.12499974313],
      [0.12499967986, 0.74999926232, 5.4627502373e-07, 0.12500051154],
      [2.6463459308e-07, 0.71428448304, 0.14285779053, 0.14285746179],
      [6.0217657338e-08, 0.59999798798, 0.40000084898, 1.1028219349e-06],
      [4.5428812519e-07, 0.62499985512, 0.2499994533, 0.12500023729],
      [3.796836323e-08, 0.59999958431, 5.3045057606e-08, 0.40000032467],
      [9.3353433209e-07, 0.57142698494, 6.5551249143e-07, 0.42857142601]
    ],
    [
      [0.16665567823, 0.24997186311, 0.083353748918, 0.50001870975],
      [0.10869025257, 0.26087204866, 0.10868728371, 0.52175041506],
      [1.4376224469e-06, 0.49999732228, 1.7982498355e-05, 0.4999832576],
      [1.3679377632e-05, 0.44441609639, 0.1111241695, 0.44444605473],
      [3.5856997046e-07, 0.16668892841, 0.33333195768, 0.49997875534],
      [1.7299907565e-05, 0.14289355381, 0.42853382792, 0.42855531836],
      [2.2484007378e-08, 0.14287461351, 1.9339265177e-05, 0.85710602474],
      [2.4443864706e-05, 0.19999784342, 2.9321468617e-06, 0.79997478057]
    ],
    [
      [0.49999919316, 9.5415219017e-07, 3.8863228414e-07, 0.49999946405],
      [0.12727262303, 0.19999960444, 0.10909065797, 0.56363711455],
      [0.14285672029, 0.28571453697, 7.7727640341e-07, 0.57142796546],
      [5.8595686804e-07, 0.42857055557, 5.9164943697e-07, 0.57142826683],
      [2.9950458149e-07, 0.40000064497, 0.20000012864, 0.39999892688],
      [6.2291719765e-07, 0.11111262449, 0.33333221957, 0.55555453302],
      [2.7641774006e-09, 0.16666788523, 0.16666705467, 0.66666505734],
      [9.947927628e-08, 0.14285687637, 1.3896129024e-06, 0.85714163454]
    ],
    [
      [0.16646551598, 0.33354453669, 0.00034579982394, 0.4996441475],
      [0.017537812907, 0.24556091385, 0.087700060438, 0.64920121281],
      [0.00011203678025, 0.29994428296, 0.10000624421, 0.59993743605],
      [3.7245578461e-05, 0.33359724593, 0.33289023858, 0.33347526991],
      [5.2157085717e-06, 0.16671050355, 0.33321841465, 0.5000658661],
      [1.9843945724e-05, 0.12518759942, 0.12487752696, 0.74991502967],
      [2.5179238547e-06, 0.14281388138, 0.00018500927264, 0.85699859143],
      [3.7264199353e-05, 2.1712323335e-05, 0.00022094325257, 0.99972008022]
    ],
    [
      [0.099878949006, 0.200607457, 0.099879731546, 0.59963386245],
      [0.068965274157, 0.24133680702, 0.10344774286, 0.58625017597],
      [1.4477008624e-06, 0.49939156259, 0.00060621734011, 0.50000077237],
      [0.0001727440181, 0.28554236235, 0.14268667219, 0.57159822144],
      [1.768889361e-07, 1.555835947e-06, 0.66625831312, 0.33373995415],
      [8.7273714648e-07, 0.0003042932786, 0.49939265532, 0.50030217866],
      [2.0361551951e-07, 0.16666713128, 0.0004051470537, 0.83292751805],
      [2.4520079527e-07, 0.16667001378, 2.1910511156e-06, 0.83332754997]
    ],
    [
      [0.16634100236, 0.33429533491, 0.083659977977, 0.41570368475],
      [0.061067298416, 0.34662618, 0.12244818822, 0.46985833337],
      [6.5472411403e-06, 0.60000126849, 1.098879145e-05, 0.39998119547],
      [3.3139284629e-06, 0.28627106239, 0.28515167532, 0.42857394837],
      [1.9100750846e-08, 0.33332613522, 0.33333160185, 0.33334224384],
      [1.8352418257e-06, 0.33270090325, 0.33331600983, 0.33398125167],
      [0.00035265216026, 0.27376689437, 0.18147560324, 0.54440485023],
      [0.0010948818591, 0.28460710268, 0.0005542671727, 0.71374374828]
    ],
    [
      [0.24994891423, 0.12506089001, 0.1250344388, 0.49995575696],
      [0.055553126262, 0.24072479555, 0.12961195042, 0.57411012777],
      [2.2601557006e-05, 0.42854934358, 3.647395102e-05, 0.57139158092],
      [3.1619785061e-05, 0.49991533132, 2.9416806131e-05, 0.50002363209],
      [9.9890247251e-06, 0.28572507342, 0.14290340693, 0.57136153063],
      [4.1781602662e-06, 0.12508242665, 0.37494284133, 0.49997055385],
      [6.9923982246e-07, 8.6742327408e-05, 9.2445275024e-05, 0.99982011316],
      [1.0898927581e-05, 0.12501601441, 0.12502448486, 0.7499486018]
    ],
    [
      [0.33048012304, 0.33637396681, 0.0019920950248, 0.33115381513],
      [0.13243139417, 0.33547999821, 0.19743609815, 0.33465250947],
      [0.13525059795, 0.33514624676, 0.19632231193, 0.33328084336],
      [0.32857124604, 0.3373885603, 0.0016873684725, 0.33235282519],
      [0.011013752927, 0.52798560332, 0.13831803933, 0.32268260443],
      [0.0021776233789, 0.20459782414, 0.57361402281, 0.21961052967],
      [0.0099713078581, 0.29621865894, 0.40923201813, 0.28457801507],
      [0.00015307046468, 0.28580820367, 0.14581697725, 0.56822174861]
    ],
    [
      [0.37515865779, 0.37536973838, 0.12476942816, 0.12470217566],
      [0.99770543912, 0.00092083942767, 8.6416098094e-05, 0.0012873053578],
      [0.1147425703, 0.49185554037, 0.19680514188, 0.19659674745],
      [0.00017459828634, 0.66634925924, 0.16631311806, 0.16716302441],
      [0.00020249708694, 0.25021652181, 0.74895796338, 0.0006230177257],
      [0.00035963406504, 0.25076513546, 0.2498279453, 0.49904728518],
      [0.0004423409515, 0.39956504851, 0.20041368637, 0.39957892417],
      [0.099851525204, 0.39921650244, 0.20014673128, 0.30078524108]
    ],
    [
      [0.66612886036, 0.33334027867, 0.00020670192401, 0.00032415904199],
      [0.49950786966, 0.49989442526, 0.0001915645212, 0.00040614055856],
      [0.14543697778, 0.41822443735, 0.23636224159, 0.19997634328],
      [0.11119867175, 0.44450756924, 0.33307387926, 0.11121987976],
      [0.00014018005846, 0.39969092285, 0.40021455967, 0.19995433743],
      [0.090978405941, 0.36361169029, 0.36356060801, 0.18184929576],
      [0.00013943607956, 0.25006388968, 0.00036994650405, 0.74942672774],
      [0.1113043341, 0.33322783551, 0.22214512919, 0.3333227012]
    ],
    [
      [0.39948245083, 0.20000280195, 0.19999577136, 0.20051897586],
      [0.12629761379, 0.49855535071, 0.12500888463, 0.25013815088],
      [0.14902612578, 0.38324450787, 0.1914486294, 0.27628073695],
      [0.14286304992, 0.56966799068, 0.1429884833, 0.14448047609],
      [0.12444845552, 0.25118144911, 0.37535611742, 0.24901397795],
      [0.11083301598, 0.33420396378, 0.33272768632, 0.22223533391],
      [0.1107253418, 0.33362977961, 0.11101565848, 0.44462922011],
      [0.14261781574, 0.28448858521, 0.14348657982, 0.42940701922]
    ],
    [
      [0.20007454365, 0.46658711488, 0.1332890758, 0.20004926567],
      [0.40006792231, 0.39983973815, 7.8034454405e-05, 0.20001430509],
      [0.12721724463, 0.47281313791, 0.14544602829, 0.25452358918],
      [1.0830516961e-05, 0.79990601838, 4.8411190641e-06, 0.20007830998],
      [0.00012942263037, 0.33320377809, 0.66652363856, 0.00014316072249],
      [7.7117466804e-05, 0.39977943903, 0.40006950569, 0.20007393782],
      [0.00010772866291, 0.42846270335, 0.14296580046, 0.42846376752],
      [2.3341708962e-06, 0.39999889123, 7.7764298733e-06, 0.59999099817]
    ],
    [
      [0.49964868503, 0.25031267389, 0.24975751628, 0.00028112480137],
      [0.20009067964, 0.39980000772, 0.19990865738, 0.20020065525],
      [0.12721860503, 0.4364421579, 0.23638283277, 0.19995640431],
      [0.00015126912438, 0.62476406604, 0.24999351277, 0.12509115207],
      [6.9285289445e-05, 0.57107527159, 0.28587492681, 0.1429805163],
      [0.10001267513, 0.39991088871, 0.30003436097, 0.20004207519],
      [0.00017197758763, 0.37507761869, 0.37484751178, 0.24990289194],
      [0.00024362105986, 0.33335377168, 5.818405018e-05, 0.66634442321]
    ],
    [
      [0.744545131, 0.24750120599, 0.0072740004038, 0.00067966261037],
      [0.19780442376, 0.39921429518, 0.19994736496, 0.2030339161],
      [0.062586424045, 0.48054835567, 0.22823825107, 0.22862696921],
      [0.052030143636, 0.52701817716, 0.20923136138, 0.21172031782],
      [0.00025932671082, 0.65645893354, 0.17720198226, 0.1660797575],
      [0.0026198696893, 0.37464372328, 0.49728131212, 0.12545509491],
      [0.00051855877259, 0.37403202204, 0.24978635669, 0.3756630625],
      [0.0067064430106, 0.0030488491482, 0.00029100588609, 0.98995370196]
    ],
    [
      [0.1428769319, 0.42934786493, 0.14289774098, 0.28487746219],
      [0.25023132769, 0.37419536316, 0.12498073287, 0.25059257627],
      [9.9991224932e-05, 0.79804972145, 0.0026645383085, 0.19918574902],
      [0.050679409323, 0.49135697037, 0.16961135389, 0.28835226642],
      [3.7614592822e-05, 0.60238874459, 0.19956107311, 0.19801256771],
      [0.0010473566443, 0.25115659799, 0.49647241774, 0.25132362763],
      [4.5120675251e-05, 0.25053795703, 0.49652659294, 0.25289032935],
      [0.0003584708368, 0.37524627978, 0.12620949632, 0.49818575306]
    ],
    [
      [0.33329106702, 0.33333239264, 0.16670680749, 0.16666973285],
      [0.33328342128, 0.33331503132, 0.16669882272, 0.16670272468],
      [3.2674321636e-05, 0.66658743591, 0.11110226403, 0.22227762574],
      [0.075465511642, 0.43397993038, 0.18866367361, 0.30189088436],
      [1.8769119921e-05, 0.37502019792, 0.37496135336, 0.2499996796],
      [2.7767100457e-05, 0.37496052172, 0.1250573439, 0.49995436729],
      [1.8611987786e-05, 0.33329273817, 0.00013306835955, 0.66655558148],
      [2.2679800491e-05, 0.28573832158, 0.14284605112, 0.5713929475]
    ],
    [
      [0.49997490762, 0.24998808475, 2.3507511977e-05, 0.25001350012],
      [2.2583135717e-05, 0.66662320602, 2.2828081375e-05, 0.33333138277],
      [9.7026982763e-06, 0.66661567679, 5.0371373486e-05, 0.33332424914],
      [0.035084849878, 0.47369259369, 0.14034765714, 0.3508748993],
      [8.6630374435e-07, 0.33336915309, 0.33330825978, 0.33332172083],
      [1.0335092265e-06, 0.375032718, 0.37495801324, 0.25000823525],
      [1.0011387819e-06, 0.37499759046, 0.12499712312, 0.50000428529],
      [6.4169261621e-06, 0.37497332465, 0.12501055577, 0.50000970266]
    ],
    [
      [0.1428033302, 0.42924756061, 0.14269108636, 0.28525802283],
      [0.14309222092, 0.42817768171, 0.14263750079, 0.28609259658],
      [0.33289107382, 0.49918334943, 0.00065397141689, 0.16727160534],
      [0.071383508908, 0.50007546192, 0.14292358382, 0.28561744535],
      [0.00021816054772, 0.44437106587, 0.33321008485, 0.22220068873],
      [5.9321806627e-05, 0.40013640293, 0.39913426121, 0.20067001406],
      [0.00028022297822, 0.39970278481, 0.20001214996, 0.40000484225],
      [4.9406310339e-05, 0.4000323616, 8.6509624364e-05, 0.59983172247]
    ],
    [
      [0.49998452101, 0.25000959646, 9.6450766576e-06, 0.24999623745],
      [0.24999308275, 0.37500408883, 0.12500478394, 0.24999804448],
      [4.8510922873e-06, 0.57141705126, 0.14286101479, 0.28571708286],
      [0.057691785649, 0.42307751814, 0.19230741652, 0.32692327969],
      [1.7037475813e-06, 0.33333257852, 0.49999529609, 0.16667042164],
      [3.6800457232e-06, 0.29999653957, 0.39999383576, 0.30000594463],
      [2.5876374692e-06, 0.33334032713, 1.1093114434e-05, 0.66664599212],
      [5.5656729688e-06, 0.29999967534, 0.19999669718, 0.49999806181]
    ],
    [
      [0.33331077678, 0.33334434921, 0.00020120551536, 0.3331436685],
      [0.37481137385, 0.37497864479, 3.4258580698e-05, 0.25017572278],
      [9.4752792543e-05, 0.66659268748, 9.8942599924e-06, 0.33330266547],
      [0.072705693219, 0.47277945535, 0.1090962182, 0.34541863323],
      [2.2850408121e-05, 0.39993309865, 0.39977387667, 0.20027017428],
      [8.216601403e-05, 0.33324241596, 0.33323272172, 0.3334426963],
      [0.00017427114856, 0.33327734443, 0.33322822616, 0.33332015826],
      [7.6228721831e-05, 0.37486181521, 6.653265373e-05, 0.62499542342]
    ],
    [
      [0.6518783544, 0.037468899888, 0.30479487791, 0.0058578678029],
      [0.39372321305, 0.18801600118, 0.38147125721, 0.036789528565],
      [0.0079848027635, 0.56362852079, 0.288076912, 0.14030976445],
      [0.013424568602, 0.46098197198, 0.39159296263, 0.13400049679],
      [0.10313935078, 0.2959769259, 0.44608748776, 0.15479623557],
      [0.0047805365902, 0.2641806382, 0.71984539955, 0.011193425666],
      [0.012996464283, 0.27549029149, 0.3086893158, 0.40282392843],
      [0.093684288148, 0.29194004757, 0.39533763468, 0.2190380296]
    ],
    [
      [0.16664301969, 0.34578253811, 0.32468688362, 0.16288755858],
      [0.28281610178, 0.28480016771, 0.28079126963, 0.15159246089],
      [0.0046566047163, 0.78596542245, 0.19575394925, 0.013624023586],
      [0.0064076685297, 0.34202972731, 0.48250703184, 0.16905557232],
      [0.061149576763, 0.37397187157, 0.41014465694, 0.15473389473],
      [0.0087920956881, 0.33963530225, 0.32309797468, 0.32847462738],
      [0.0045103266593, 0.014690203147, 0.013127001786, 0.96767246841],
      [0.0017800760124, 0.37273777882, 0.37260611298, 0.25287603219]
    ],
    [
      [0.15322809436, 0.31305224987, 0.37897558893, 0.15474406683],
      [0.14480527693, 0.28619922944, 0.41889783544, 0.15009765819],
      [0.0017180754726, 0.43329874934, 0.42235694548, 0.14262622971],
      [0.0018531079976, 0.59666169984, 0.39202054353, 0.0094646486334],
      [0.054407810339, 0.33103991018, 0.44977359253, 0.16477868696],
      [0.0031961463254, 0.25233805731, 0.73124717872, 0.013218617648],
      [0.0041700284923, 0.25241783231, 0.24708017656, 0.49633196263],
      [0.0009365514847, 0.16922461549, 0.3372246237, 0.49261420933]
    ],
    [
      [0.12486396698, 0.2961086427, 0.28612250968, 0.29290488064],
      [0.19917144411, 0.39954666903, 0.20040234531, 0.20087954156],
      [0.0008312405189, 0.55778268401, 0.27439006274, 0.16699601273],
      [0.050751176318, 0.47012951702, 0.28551475307, 0.1936045536],
      [0.023397409455, 0.28966027464, 0.46363556073, 0.22330675517],
      [0.11745403941, 0.0022951213243, 0.76040376064, 0.11984707862],
      [0.00052464848541, 0.28468233294, 0.27383786564, 0.44095515294],
      [0.00026178371223, 0.33495003231, 0.2639870232, 0.40080116077]
    ],
    [
      [0.24953486041, 0.24993906723, 0.37535360086, 0.1251724715],
      [0.15366848207, 0.30846407327, 0.38351267552, 0.15435476914],
      [0.00049162049085, 0.49962914424, 0.37452968958, 0.12534954569],
      [9.6216427094e-05, 0.66554559584, 0.33284372662, 0.0015144611091],
      [0.057538647261, 0.28831550376, 0.46194670912, 0.19219913986],
      [0.00051769015874, 0.2500681204, 0.37471237112, 0.37470181833],
      [0.0007842741753, 0.0011208165616, 0.33326938209, 0.66482552717],
      [0.00066104705433, 0.20009419195, 0.39960034511, 0.39964441588]
    ],
    [
      [0.47917629094, 0.26241476987, 0.2456772156, 0.012731723589],
      [0.1235018666, 0.37149648603, 0.36204016785, 0.14296147952],
      [0.0087883470281, 0.42653789903, 0.4095685824, 0.15510517154],
      [6.0560823196e-05, 0.58840717928, 0.38942735536, 0.022104904541],
      [0.051656506959, 0.25878218881, 0.51938507932, 0.17017622491],
      [0.0010612806218, 0.18666659017, 0.63216747536, 0.18010465384],
      [0.00040383523054, 0.041335613106, 0.33228452363, 0.62597602803],
      [0.0081458584046, 0.20559767002, 0.39120449971, 0.39505197187]
    ],
    [
      [0.28563081457, 0.28569921103, 0.28585276207, 0.14281721233],
      [0.14280264649, 0.42859016358, 0.28561343725, 0.14299375268],
      [7.0413749193e-05, 0.62492504791, 0.25003362685, 0.12497091149],
      [2.076745836e-05, 0.25021684465, 0.74974619781, 1.6190078931e-05],
      [0.049991091936, 0.35002195657, 0.40000852043, 0.19997843106],
      [0.048774165462, 0.34143103023, 0.34149254261, 0.2683022617],
      [4.5928431192e-05, 0.33343387849, 0.33318870816, 0.33333148492],
      [8.5853549241e-05, 0.2499225846, 0.25010494243, 0.49988661941]
    ],
    [
      [0.33330477821, 0.16669914107, 0.33332242053, 0.16667366019],
      [0.66653734988, 3.1632579229e-05, 0.33334270316, 8.8314385186e-05],
      [0.14284620429, 0.2857461177, 0.28570312395, 0.28570455406],
      [2.1454313517e-05, 0.42856044605, 0.2857193923, 0.28569870733],
      [1.9065832265e-05, 0.25000853726, 0.49996408641, 0.25000831049],
      [0.087720674153, 0.24560294079, 0.35088149522, 0.31579488984],
      [2.4838251235e-05, 0.25003071835, 0.25000402659, 0.49994041681],
      [1.400287552e-05, 0.24997065996, 0.25002240558, 0.49999293159]
    ],
    [
      [0.39973720192, 0.20012799012, 0.1999344654, 0.20020034256],
      [0.33333785945, 0.16678255836, 0.16662825614, 0.33325132604],
      [4.1666486499e-05, 0.66643157632, 0.00019843075446, 0.33332832644],
      [0.00012010928102, 0.49975805429, 0.16666780405, 0.33345403237],
      [0.00012428031475, 0.16665478903, 0.49990032073, 0.33332060992],
      [0.086188404087, 0.24138029565, 0.32761551979, 0.34481578047],
      [3.4790248475e-05, 0.20011174933, 0.49985730498, 0.29999615544],
      [7.0026189967e-05, 0.16661971152, 0.1667134829, 0.66659677939]
    ],
    [
      [0.42808589971, 0.14280753547, 0.14269146318, 0.28641510165],
      [0.49858611371, 0.00049092379809, 0.24996205318, 0.25096090931],
      [0.090922904683, 0.36345637964, 0.27276956363, 0.27285115205],
      [0.00058164521109, 0.49891315264, 0.16669492516, 0.33381027699],
      [0.00032002908077, 0.0015429280826, 0.66559314281, 0.33254390002],
      [0.13337571354, 0.21660431653, 0.30004090924, 0.34997906069],
      [0.0001443466346, 0.14368355734, 0.28511834995, 0.57105374607],
      [0.0004495490773, 0.0001058935427, 0.0028071808825, 0.9966373765]
    ],
    [
      [0.49999683683, 0.16666493684, 0.16666921276, 0.16666901357],
      [0.20000046277, 0.26666728404, 0.26666498775, 0.26666726544],
      [0.1428572223, 0.42856943658, 0.14285675722, 0.28571658389],
      [0.099999371902, 0.49999746419, 0.19999943331, 0.20000373061],
      [0.090909535106, 0.36363585377, 0.27272920023, 0.27272541089],
      [0.12820420726, 0.282050975, 0.30769388498, 0.28205093276],
      [2.7045459915e-06, 0.16667127645, 0.49999140335, 0.33333461565],
      [5.4275989664e-06, 0.16667172423, 0.16666452277, 0.6666583254]
    ],
    [
      [0.6600784577, 0.0065307819863, 0.00048406253529, 0.33290669778],
      [0.37209867441, 0.12639735858, 0.24894558584, 0.25255838117],
      [0.00075307469108, 0.49705495752, 0.24737371914, 0.25481824865],
      [0.0024793837639, 0.28559936774, 0.42245791466, 0.28946333384],
      [0.00017998182976, 0.19627950154, 0.59284484249, 0.21069567414],
      [0.11881105524, 0.22015381047, 0.29027338295, 0.37076175134],
      [0.00078008533408, 0.20773384971, 0.19983568564, 0.59165037932],
      [0.00098847056832, 0.19689039545, 0.19625114701, 0.60586998697]
    ],
    [
      [0.19999986333, 0.39999993511, 0.199999348, 0.20000085356],
      [0.19999922074, 0.40000241081, 0.19999917209, 0.19999919636],
      [0.27272628239, 0.36363590696, 0.18182008592, 0.18181772472],
      [6.5011632917e-08, 0.60000023712, 0.1999999962, 0.19999970167],
      [8.1450085069e-07, 0.28571297329, 0.57142898865, 0.14285722357],
      [0.066666820507, 0.39999983668, 0.29999956163, 0.23333378118],
      [0.086956328935, 0.3913043792, 0.21739131843, 0.30434797344],
      [9.9344563554e-07, 0.33333380974, 0.22222182211, 0.44444337471]
    ],
    [
      [0.28563197452, 0.42860128173, 0.14296520567, 0.14280153808],
      [0.28584200203, 0.42847445013, 0.14282515217, 0.14285839568],
      [0.00011298848558, 0.75014493284, 1.2679187441e-06, 0.24974081075],
      [0.099962472852, 0.59975647774, 0.10000041744, 0.20028063197],
      [0.00018743314776, 0.37495444974, 0.37500929803, 0.24984881908],
      [0.00017952886838, 0.39984807086, 0.20007620796, 0.39989619231],
      [0.097965611581, 0.45103221851, 0.15682961873, 0.29417255118],
      [0.00012027268676, 0.37510078401, 0.12508653372, 0.49969240958]
    ],
    [
      [0.3997420413, 0.3998942719, 0.00036361286968, 0.20000007394],
      [3.3621254244e-05, 0.99961218749, 0.0003415647231, 1.2626529297e-05],
      [5.0572928965e-05, 0.99958045237, 0.00021281619431, 0.00015615850934],
      [9.241570387e-05, 0.66657461738, 0.16665847756, 0.16667448935],
      [4.281682397e-05, 0.33358266023, 0.66629007622, 8.4446733022e-05],
      [1.0364206511e-05, 0.45439761635, 0.27279127913, 0.27280074031],
      [0.032251017218, 0.5323681197, 0.17736836545, 0.25801249764],
      [9.4320113071e-05, 0.42822708143, 0.14289767417, 0.42878092428]
    ],
    [
      [0.9991007553, 0.00049594710766, 7.8233109693e-05, 0.00032506448278],
      [0.14285141012, 0.57125804547, 0.00015357225939, 0.28573697215],
      [0.00018689315775, 0.71398979648, 0.00015925228453, 0.28566405808],
      [0.00013287177234, 0.50007648314, 0.24992793771, 0.24986270737],
      [2.879896228e-05, 0.444378606, 0.22230285088, 0.33328974416],
      [0.00013045679217, 0.33322043412, 0.33324619173, 0.33340291735],
      [0.05081703103, 0.45768151556, 0.13553618466, 0.35596526875],
      [0.00012535286773, 0.33333796711, 0.00018405130402, 0.66635262872]
    ],
    [
      [0.28272755072, 0.43355144758, 0.00098037497515, 0.28274062673],
      [0.16313091574, 0.50301861809, 0.00018307555727, 0.33366739061],
      [0.0039630067831, 0.79533061646, 0.0032547073807, 0.19745166937],
      [0.00024732676678, 0.67166617414, 5.2158071332e-05, 0.32803434103],
      [0.0039107406018, 0.59526319842, 0.20027992471, 0.20054613626],
      [0.00017741256753, 0.40573396433, 0.39245357474, 0.20163504836],
      [0.046872499039, 0.499548343, 0.046743805222, 0.40683535274],
      [0.0002567863956, 0.39585935758, 0.0040675758519, 0.59981628018]
    ],
    [
      [0.39938091571, 0.40029235183, 0.0003156783767, 0.20001105409],
      [0.33281733553, 0.66710918526, 3.790769127e-05, 3.5571519518e-05],
      [0.0003856150137, 0.99882594415, 0.00075936647186, 2.9074368747e-05],
      [2.0592441328e-06, 0.60029965195, 0.19997949688, 0.19971879193],
      [0.00014308449305, 0.54559221856, 0.2724417662, 0.18182293075],
      [1.5595148422e-05, 0.50032454786, 0.49924205857, 0.00041779842505],
      [0.049201923522, 0.5738066066, 0.11475071137, 0.26224075851],
      [1.9573393802e-05, 0.57077043576, 0.00025026841203, 0.42895972243]
    ],
    [
      [0.99984852196, 6.3230207102e-05, 6.3348295622e-05, 2.4899534879e-05],
      [0.28567403452, 0.28569968721, 0.14285655136, 0.28576972691],
      [3.7304477398e-05, 0.74994698216, 1.9788059357e-05, 0.2499959253],
      [1.0312674329e-06, 0.37503272439, 0.24999188522, 0.37497435913],
      [1.7091566048e-05, 0.2856938244, 0.4285910793, 0.28569800474],
      [1.3199015266e-05, 0.30770979144, 0.30768702874, 0.38458998081],
      [0.04761790462, 0.30953258335, 0.21427640204, 0.42857310999],
      [0.058834354363, 0.29408667325, 0.17648149386, 0.47059747852]
    ],
    [
      [0.37496711547, 0.12499560058, 0.12502855677, 0.37500872719],
      [0.19999451971, 0.2000068078, 0.19999553406, 0.40000313844],
      [1.0303917543e-05, 0.39998309647, 0.20002303389, 0.39998356572],
      [2.7591747124e-06, 0.3750157939, 0.24997606078, 0.37500538615],
      [2.2552922784e-06, 0.16668766668, 0.50000048044, 0.33330959759],
      [8.1510071766e-06, 0.1666973808, 0.33331662779, 0.4999778404],
      [1.1962562378e-06, 0.1428548732, 0.14287797554, 0.714265955],
      [0.072729928603, 0.21817572592, 0.21817857712, 0.49091576836]
    ],
    [
      [0.33267088824, 0.11194105401, 0.22357332713, 0.33181473062],
      [0.42830006293, 0.14391761856, 0.14191101427, 0.28587130424],
      [0.0024712583595, 0.66213925436, 0.0045732299976, 0.33081625728],
      [0.0022695446814, 0.49973333303, 0.16572346206, 0.33227366022],
      [0.00023357691011, 0.00044656794924, 0.9992255262, 9.4328939987e-05],
      [0.11190316557, 0.11132859152, 0.4442065835, 0.33256165942],
      [0.00023922505048, 0.0026862957823, 0.19882769349, 0.79824678568],
      [0.13522099581, 0.18616961838, 0.25416870716, 0.42444067865]
    ],
    [
      [0.39982266411, 0.1997747947, 0.00051745484832, 0.39988508634],
      [0.30005062146, 0.20002531614, 0.09985991622, 0.40006414618],
      [0.12546807015, 0.37471625745, 0.12510942076, 0.37470625164],
      [0.14285565827, 0.28611382238, 0.14285978019, 0.42817073916],
      [1.0330488806e-05, 0.00018709496234, 0.66694714921, 0.33285542534],
      [0.14298160436, 0.14286541158, 0.28582648245, 0.42832650162],
      [4.639595646e-05, 0.16681406344, 0.33290626179, 0.50023327882],
      [0.14806417959, 0.20368226856, 0.16664546927, 0.48160808257]
    ],
    [
      [0.33332625904, 0.22226692059, 0.11112697012, 0.33327985026],
      [0.36366117504, 0.18180875453, 0.090916139916, 0.36361393051],
      [6.329790201e-05, 0.59997171507, 6.8230287236e-05, 0.39989675674],
      [6.6060493564e-06, 0.39997645182, 0.2000250361, 0.39999190603],
      [1.1251278523e-06, 0.16673660582, 0.49993976757, 0.33332250149],
      [9.8482278387e-05, 1.2852145965e-05, 0.49992360288, 0.4999650627],
      [0.11108574296, 0.22225160789, 0.11109629154, 0.5555663576],
      [0.13724056582, 0.23527892286, 0.15686497563, 0.47061553569]
    ],
    [
      [0.32962287025, 0.22225435928, 0.12301826502, 0.32510450546],
      [0.32098022736, 0.33311869655, 0.00025943589212, 0.34564164021],
      [0.0091033548233, 0.73207669994, 0.0172817768, 0.24153816844],
      [0.00052501789627, 0.22208627101, 0.38531211697, 0.39207659412],
      [0.096553864632, 0.19710971768, 0.31070353661, 0.39563288108],
      [0.00033652387068, 0.25810007346, 0.48290835922, 0.25865504344],
      [0.00038560433452, 0.1530991807, 0.2755123647, 0.57100285026],
      [0.10451432767, 0.25666249632, 0.20567438378, 0.43314879223]
    ],
    [
      [0.43454000368, 0.11604185533, 0.23210769673, 0.21731044426],
      [0.017918454737, 0.58195593836, 0.1911934568, 0.20893215011],
      [0.044253851614, 0.95567463134, 5.1783412525e-05, 1.9733629338e-05],
      [0.10629422135, 0.3382547882, 0.32824048111, 0.22721050935],
      [0.11595924893, 0.10633188822, 0.56529491198, 0.21241395087],
      [0.13653303335, 0.15554279769, 0.42232160903, 0.28560255993],
      [0.00018630292336, 0.00010564931726, 0.33312453314, 0.66658351462],
      [0.14032846433, 0.21052232209, 0.31504505722, 0.33410415635]
    ]
  ],
  "expected_outcome": [
    [
      [4.9999244806, 3.9376467211, 2.9996463545, 1.9989616814, 1.995550042, 5.9999966075, 1.9998681387, 1.9999967727, 0.99879309587, 0.99878949006, 1.9960920284, 1.9995913139, 0.99144036911, 3.0012692624, 1.9983865811, 1.9974122541, 3.0011181548, 1.9985947401, 2.978180524, 1.0001385233, 1.9997464021, 1.9998996305, 0.99962331142, 1.9999380841, 1.9998646607, 1.9556350632, 0.99985811815, 1.9919652267, 0.99891173582, 1.9962788833, 1.9167051638, 1.999415702, 1.9998286692, 1.9986860096, 2.9966012979, 2.999981021, 1.9802353731, 0.99999931664, 1.9994238217, 1.9987102065, 1.9982015106, 1.979092855, 1.9969045785, 1.9996970439, 2.9997369237, 2.9940379942, 1.9991133205, 2.9999363313, 2.9666058322, 3.9108600331],
      [36.0001911578, 48.0081415952, 34.0017134532, 33.0009349103, 38.1810109606, 33.0000323734, 2.9996623573, 3.8166087607e-06, 2.0012672202, 2.00607457, 4.0115440189, 1.00048712, 1.0091219004, 3.002957907, 1.000020836, 1.0000140098, 6.9988067232, 1.0012506956, 0.99000482395, 3.0054350545, 1.9999943559, 0.99995233901, 3.0047329243, 1.0000383859, 2.0000660953, 0.11240669966, 2.0746952287, 4.0696792484, 2.3688691416, 1.9995125378, 1.0496590795, 1.9998944772, 1.0001948464, 1.0006399506, 0.99965274826, 0.99998962107, 0.019592345959, 1.9999996755, 3.0002089721, 1.9994713595, 0.00099189421532, 3.034860133, 2.0014617591, 0.0001264604142, 0.99996480462, 1.0074694861, 0.99887397351, 2.0004022853, 2.0002892335, 1.0443766979],
      [5.0000242889, 8.0599241685, 8.9998788965, 8.0012842584, 9.8336935702, 4.9999843069, 1.000244987, 1.5545291366e-06, 0.0020747989436, 0.99879731546, 1.0039197357, 1.0002755104, 0.0059762850744, 0.99815542531, 0.00062010577202, 0.99997885682, 1.999336137, 0.99903006514, 0.029096001615, 1.0002841869, 1.0002408449, 9.4030047907e-05, 0.9988376045, 3.8580306631e-05, 0.0012072330922, 0.91438463373, 1.9481213017, 4.9266826562, 2.2889800775, 3.0028288069, 0.98270886241, 2.0009693345, 1.9999345232, 0.999672327, 0.99884024226, 1.0000152766, 0.0014521876059, 0.99999674002, 1.0007564397, 0.0018180643484, 0.00015646621939, 0.006862624826, 0.0015783918835, 0.00012669659124, 1.0002284542, 2.0121599442, 0.0025872742416, 1.000142731, 1.1071643851, 2.0889692706],
      [8.9998600728, 8.9942875152, 8.9987612958, 6.9988191499, 7.9897454271, 7.9999867122, 6.000224517, 1.9999978562, 2.997864885, 5.9963386245, 4.988444217, 3.9996460557, 0.9934614454, 0.9976174053, 0.00097247712597, 1.0025948793, 3.0007389851, 0.0011244992055, 0.0027186504415, 1.9941422353, 1.0000183971, 1.0000540005, 1.9968061598, 0.99998494979, 1.998862011, 0.017573603409, 0.97732535149, 2.0116728688, 2.3432390451, 1.001379772, 0.050926894354, 0.99972048629, 1.0000419612, 1.0010017128, 2.0049057115, 1.0000140814, 0.99872009333, 1.0000042678, 0.99961076654, 1.0000003697, 0.00065012896556, 1.9791843871, 1.0000552704, 4.9799069758e-05, 3.0000698175, 2.9863325756, 1.9994254317, 2.9995186524, 2.9259405491, 1.9557939983]
    ],
    [
      [0.99996570619, 4.4948911918e-05, 2.1585983872e-08, 5.9136482684e-06, 8.88983314e-05, 1.9999934412, 4.9997516184, 6.9999942669, 0.99965533571, 3.9999859011, 2.9922976224, 2.9998688182, 3.972941825, 1.9954108782, 1.9980314787, 1.0103809103, 2.0003396115, 1.0004533982, 0.98902211878, 2.0018506215, 1.9997005277, 0.0001354988143, 1.0016455464, 1.999944662, 2.9984909908, 1.9686160652, 1.9797127125, 1.0136369385, 0.99585722054, 1.9976902669, 0.98801493279, 0.99961852541, 1.9996120496, 2.0000271567, 1.9943444549, 3.0000069416, 2.9767893953, 0.99999610369, 2.0008940142, 6.7242508489e-05, 0.99995987083, 0.97878549444, 0.99845200659, 1.9997182416, 0.99997259854, 2.9981004405, 3.0005062146, 4.0002729255, 0.96294068207, 0.089592273685],
      [6.9998963187, 4.9969053828, 1.9999309295, 7.0010246483, 4.9978458341, 5.0000065498, 12.0001142382, 10.9999782444, 13.9969720892, 13.9975348069, 16.9846828199, 12.9991389599, 10.0643999464, 0.0018416788553, 1.999577701, 3.9884428057, 1.9991986907, 1.9990000386, 1.9960714759, 2.9935629053, 1.9998901879, 3.9997392361, 2.997243772, 3.0000327107, 2.9998291583, 0.94008000589, 1.9936011739, 2.0033946061, 1.9977333451, 4.0100329525, 2.9719718883, 3.0001311451, 9.4897737688e-05, 1.0006953502, 0.0019636951924, 4.0000092606, 1.0111788686, 2.000012054, 2.9993211509, 1.999224375, 3.9988063183, 3.0181117085, 2.0013275558, 1.9998978105, 1.000034039, 1.0074233299, 2.0002531614, 1.9998962998, 0.99935608964, 2.9097796918],
      [3.6094405668e-06, 0.0010405577441, 4.4332800052e-05, 0.9988500307, 0.00039171010875, 2.0640419738e-06, 4.9996150504, 5.9999861884, 4.9989034449, 5.9999690859, 5.9999612227, 6.9990453225, 5.9230829445, 0.00017283219619, 0.00076625808481, 1.000071077, 0.00039017227202, 0.99954328691, 0.99973682481, 0.99984586299, 1.0001929363, 0.00013696848825, 0.99846250556, 1.0000382715, 0.00027406864558, 1.9073562861, 1.9655388874, 2.9322848481, 1.0020117265, 4.9856647817, 2.8963213428, 1.9992940607, 1.0000281095, 0.99976953686, 0.99984821271, 3.9999748162, 1.9915646867, 0.99999586046, 0.99977606517, 0.00068312944619, 0.0010750058157, 0.0010984533436, 0.00011372307381, 0.99999585949, 0.99997767029, 0.9933770999, 0.9985991622, 1.0000775391, 0.00077830767637, 0.95596728401],
      [1.0001343656, 0.0020091105611, 2.4716072801e-05, 1.0001194073, 0.0016735575048, 0.999997945, 24.000519093, 31.0000413004, 37.0044691301, 34.002510206, 23.023058335, 31.0019468994, 10.0395752842, 0.0025746107156, 0.0016245622342, 2.001105207, 1.0000715254, 1.0010032763, 1.0151695805, 2.0047406102, 1.0002163481, 1.9999882966, 2.0026481761, 1.9999843558, 2.0014057822, 0.18394764283, 1.0611472262, 1.0506836073, 1.0043977078, 2.0066119989, 1.1436918361, 1.0009562688, 0.00026494315556, 1.9995079563, 1.0038436372, 4.0000089817, 2.0204670494, 0.99999598181, 1.0000087697, 2.5253058594e-05, 2.0001588051, 2.0020043437, 0.00010671455856, 2.0003880884, 2.0000156922, 2.0010991297, 4.0006414618, 3.9997532356, 1.0369249206, 1.0446607505]
    ],
    [
      [6.8173012681e-05, 0.031112566073, 1.1630551365e-05, 6.7260852495e-06, 0.00011609489198, 0.99999743889, 1.1500979575e-05, 0.99999704205, 0.0011203678025, 8.6862051742e-06, 3.2736205701e-05, 0.00015821089904, 4.8690215263, 6.9992967883, 7.9990337777, 7.0042279117, 6.9969484544, 6.9970232764, 3.0041483542, 0.00049995612466, 0.00029406889472, 5.8216189658e-05, 1.9973464429, 3.3957646011e-05, 0.00056851675526, 0.055893619344, 0.023283023582, 0.012026528308, 0.0049874431134, 0.0039329639268, 0.061518429197, 0.00056330999354, 0.99992343006, 0.0001249994595, 1.0001519515, 1.0000005561, 0.0060245975286, 2.9999891063, 0.00045195394233, 0.00020229171586, 0.0013082521043, 0.019815033915, 0.0015424600548, 0.00014921790959, 5.1519587715e-05, 0.0074137750784, 1.0037445612, 0.00031648951005, 0.036413419293, 0.044253851614],
      [4.9998598268, 4.9348829229, 5.9994652304, 4.9991004207, 3.6545360778, 5.9999940986, 3.9999785782, 2.0000017588, 2.9994428296, 2.9963493755, 3.0000063425, 2.999845405, 12.0652648834, 30.0031879627, 23.0023440541, 18.0124918699, 26.0047225852, 24.0043186847, 23.066321072, 3.9902486073, 5.9992869232, 3.9996940607, 2.9951000966, 3.9999193588, 3.9995561249, 3.9453996455, 3.9298271123, 3.0330912454, 3.3466961041, 3.9970331539, 2.9857652932, 4.9994003833, 2.0002228239, 1.999294729, 3.9980201761, 2.9999860561, 3.9764396602, 3.9999949766, 3.0005797314, 3.9983218095, 4.9979285754, 3.9766530823, 3.9953037766, 2.9997879286, 1.9999154823, 1.9864177631, 2.9977300596, 2.9998585754, 2.9283067998, 0.95567463134],
      [4.2950784528e-06, 1.001004617, 1.0005317114, 0.00084638811165, 1.3365125528, 4.3702001898e-06, 0.00014385998684, 5.4409348239e-06, 1.0000624421, 0.0036373040407, 5.4943957252e-05, 0.00025531765714, 7.0676032293, 12.0051136548, 12.9999232877, 8.9980855817, 7.9995315557, 13.0010558021, 10.9554360515, 0.013322691542, 0.99992037627, 0.00030222824091, 0.0039238285013, 1.0000271035, 5.9365559955e-05, 2.016538384, 0.97876974624, 2.9564986183, 1.6463403764, 2.9962375166, 2.8669800768, 2.0002690148, 1.9999218676, 0.00059529226337, 3.0004651999, 0.99999730055, 1.9789897531, 2.0000209452, 5.0716749762e-06, 0.00085126477726, 0.0011147659917, 0.016273536904, 0.0030374658874, 7.915223743e-05, 1.0001151695, 0.013719689993, 1.000875366, 0.00034115143618, 0.0691271072, 5.1783412525e-05],
