{
  "X": [
    [26, 39, 14, 21],
    [38, 27, 13, 22],
    [35, 33, 15, 17],
    [42, 34, 5, 19],
    [38, 30, 10, 22],
    [25, 42, 7, 26],
    [48, 28, 9, 15],
    [37, 29, 15, 19],
    [47, 24, 11, 18],
    [39, 30, 19, 12],
    [37, 34, 17, 12],
    [40, 30, 17, 13],
    [36, 29, 18, 17],
    [50, 12, 26, 12],
    [54, 12, 19, 15],
    [52, 12, 14, 22],
    [48, 11, 24, 17],
    [55, 16, 16, 13],
    [43, 15, 26, 16],
    [57, 26, 9, 8],
    [58, 20, 9, 13],
    [49, 24, 17, 10],
    [52, 21, 14, 13],
    [50, 24, 16, 10],
    [53, 18, 17, 12],
    [18, 28, 30, 24],
    [18, 23, 26, 33],
    [16, 19, 41, 24],
    [19, 17, 32, 32],
    [19, 17, 36, 28],
    [22, 17, 37, 24],
    [18, 15, 19, 48],
    [29, 16, 11, 44],
    [24, 19, 11, 46],
    [21, 22, 7, 50],
    [24, 19, 12, 45],
    [21, 21, 7, 51],
    [25, 33, 11, 31],
    [18, 53, 12, 17],
    [24, 56, 7, 13],
    [15, 52, 18, 15],
    [19, 55, 12, 14],
    [22, 50, 13, 15],
    [29, 36, 20, 15],
    [23, 11, 36, 30],
    [29, 11, 38, 22],
    [29, 14, 33, 24],
    [27, 10, 31, 32],
    [34, 11, 22, 33],
    [34, 11, 32, 23]
  ],
  "W": [
    [50, 6, 5, 4, 11, 10, 9, 5],
    [48, 10, 13, 9, 9, 7, 1, 3],
    [48, 6, 8, 8, 10, 10, 6, 4],
    [54, 3, 7, 6, 7, 4, 8, 11],
    [53, 8, 9, 5, 7, 5, 6, 7],
    [59, 5, 5, 6, 9, 7, 6, 3],
    [20, 48, 7, 5, 3, 6, 5, 6],
    [7, 56, 5, 9, 9, 4, 6, 4],
    [11, 52, 5, 8, 10, 5, 3, 6],
    [3, 56, 7, 8, 7, 5, 9, 5],
    [2, 64, 3, 3, 8, 4, 7, 9],
    [4, 59, 9, 5, 7, 3, 3, 10],
    [9, 34, 29, 3, 9, 6, 3, 7],
    [6, 5, 53, 8, 6, 10, 4, 8],
    [4, 5, 59, 4, 5, 7, 5, 11],
    [8, 4, 56, 7, 8, 7, 6, 4],
    [8, 5, 57, 5, 8, 7, 5, 5],
    [9, 7, 51, 8, 6, 7, 7, 5],
    [8, 4, 45, 18, 5, 8, 5, 7],
    [9, 5, 2, 59, 4, 12, 6, 3],
    [7, 9, 7, 52, 2, 12, 10, 1],
    [7, 7, 8, 56, 3, 7, 4, 8],
    [6, 3, 4, 57, 4, 10, 5, 11],
    [9, 3, 8, 54, 7, 4, 11, 4],
    [7, 7, 4, 58, 12, 6, 3, 3],
    [7, 3, 8, 7, 56, 6, 6, 7],
    [6, 8, 8, 5, 53, 8, 10, 2],
    [6, 6, 8, 8, 59, 5, 6, 2],
    [3, 10, 8, 8, 54, 3, 5, 9],
    [7, 8, 3, 6, 54, 9, 6, 7],
    [7, 10, 8, 6, 53, 6, 5, 5],
    [6, 5, 6, 4, 22, 47, 3, 7],
    [7, 7, 5, 8, 6, 54, 4, 9],
    [8, 5, 10, 8, 3, 51, 9, 6],
    [4, 6, 3, 10, 7, 60, 5, 5],
    [6, 8, 7, 7, 4, 52, 6, 10],
    [5, 6, 4, 6, 5, 60, 1, 13],
    [9, 8, 4, 5, 5, 29, 31, 9],
    [11, 2, 3, 9, 7, 7, 55, 6],
    [6, 6, 6, 5, 7, 3, 64, 3],
    [4, 3, 8, 6, 10, 6, 58, 5],
    [7, 2, 3, 5, 6, 6, 67, 4],
    [8, 5, 3, 8, 4, 6, 59, 7],
    [12, 6, 8, 7, 5, 2, 44, 16],
    [8, 6, 5, 5, 6, 4, 7, 59],
    [3, 5, 4, 5, 6, 5, 7, 65],
    [8, 8, 9, 8, 5, 6, 6, 50],
    [6, 6, 8, 6, 4, 9, 5, 56],
    [6, 7, 10, 2, 3, 6, 7, 59],
    [9, 8, 10, 6, 5, 2, 6, 54]
  ],
  "method": "mcmc",
  "mcmc_stepsize": 3000,
  "mcmc_samples": 100,
  "burn_in": 10000,
  "cond_prob": [
    [
      [0.28000887009, 0.38001987591, 0.13997969557, 0.19999155843],
      [0.49990498895, 0.3333534295, 5.2222322142e-05, 0.16668935923],
      [0.19999856211, 0.599834463, 0.00013391162113, 0.20003306327],
      [0.24992491294, 0.74984833005, 0.00011011614392, 0.00011664086017],
      [0.18181495133, 0.45453139999, 0.18184987277, 0.18180377591],
      [0.20004116307, 0.30004695523, 0.29991930286, 0.19999257884],
      [0.22219670206, 0.33333360267, 0.2221774968, 0.22229219847],
      [0.2000575371, 0.20000052324, 9.0552959486e-05, 0.5998513867]
    ],
    [
      [0.41690570905, 0.24988964369, 0.12493039687, 0.2082742504],
      [0.49995412314, 0.20005786028, 0.09998897714, 0.19999903944],
      [0.30702883919, 0.4613080744, 0.077585373816, 0.1540777126],
      [0.33368884262, 0.44406407659, 0.11111357293, 0.11113350787],
      [0.33242050262, 0.22314566127, 0.33270138214, 0.11173245396],
      [0.28567187727, 0.14325885647, 0.14290186215, 0.42816740411],
      [0.0027806206979, 3.3288522902e-06, 3.0334452407e-05, 0.997185716],
      [0.33338065201, 3.5227706881e-06, 5.4451436121e-05, 0.66656137378]
    ],
    [
      [0.3751998423, 0.31260579242, 0.14579578285, 0.16639858244],
      [0.66517266461, 0.167431707, 0.00018793136564, 0.16720769702],
      [0.24957335225, 0.49868281862, 0.1262349177, 0.12550891144],
      [0.25059597763, 0.49931265847, 0.125016785, 0.1250745789],
      [0.29983875008, 0.40016509166, 0.20012106684, 0.099875091421],
      [0.29968950294, 0.30059301141, 0.2992130774, 0.10050440825],
      [0.33318906366, 0.16696289776, 0.16611022071, 0.33373781787],
      [0.25090000771, 0.249252372, 0.00016461171875, 0.49968300857]
    ],
    [
      [0.44697064966, 0.33254947501, 0.037108163316, 0.18337171202],
      [0.64894308962, 0.3414403658, 0.00086619734112, 0.0087503472404],
      [0.56042368127, 0.29395337767, 0.00069641336639, 0.14492652769],
      [0.3436082416, 0.49113265249, 0.00043005471554, 0.16482905119],
      [0.28630991227, 0.55921682254, 0.0072211494152, 0.14725211577],
      [0.2495723982, 0.25529962055, 0.47698801314, 0.018139968111],
      [0.36385655845, 0.26487151907, 0.12191410785, 0.24935781463],
      [0.36534808953, 0.2689863001, 0.0047538550757, 0.3609117553]
    ],
    [
      [0.41529836159, 0.28345716785, 0.094111110567, 0.20713335999],
      [0.62380126971, 0.25043066307, 0.00063889696887, 0.12512917025],
      [0.33401202482, 0.55412529866, 0.00027006591565, 0.1115926106],
      [0.20140944673, 0.39890698544, 0.19956585152, 0.20011771631],
      [0.2844032099, 0.28491345652, 0.28737407452, 0.14330925907],
      [0.19937807655, 0.19957358429, 0.39758361692, 0.20346472224],
      [0.33364067248, 0.16742887307, 0.00071216357947, 0.49821829088],
      [0.28515204775, 0.28497526124, 0.00041864652541, 0.42945404448]
    ],
    [
      [0.27225903023, 0.40874416638, 0.067876897105, 0.25111990629],
      [0.39140605626, 0.39790595145, 0.0036881632993, 0.20699982899],
      [0.38827845484, 0.39583799184, 0.0033920061146, 0.21249154721],
      [0.16976805023, 0.65754652313, 0.0063493594291, 0.16633606721],
      [0.22046554062, 0.54608849977, 0.0038548796541, 0.22959107996],
      [0.14435249482, 0.29101612859, 0.40978195787, 0.15484941872],
      [0.16229490142, 0.34204808716, 0.0027448650612, 0.49291214636],
      [0.017086540615, 0.32196580255, 0.00070975159041, 0.66023790525]
    ],
    [
      [0.55138800687, 0.24853489525, 0.050114017205, 0.14996308067],
      [0.500947146, 0.27061428695, 0.082662612981, 0.14577595407],
      [0.57115596362, 0.28374900097, 0.002289253763, 0.14280578165],
      [0.40267712404, 0.59674396545, 0.00013947857561, 0.00043943193371],
      [0.32845697795, 0.66113278905, 0.0098343451068, 0.0005758878987],
      [0.3308885445, 0.17396998802, 0.49236599672, 0.0027754707645],
      [0.39417061488, 0.208634161, 0.19712882556, 0.20006639856],
      [0.32895736896, 0.16657739786, 0.0073081533603, 0.49715707982]
    ],
    [
      [0.42891079445, 0.28546276872, 0.14281209395, 0.14281434288],
      [0.39310099061, 0.28563545339, 0.14268389279, 0.17857966321],
      [0.39984498175, 0.59808799916, 0.0018680718591, 0.00019894723415],
      [0.33297664459, 0.33276680578, 0.22180567447, 0.11245087516],
      [0.3323325406, 0.22374459897, 0.33313616605, 0.11078669438],
      [0.25005577958, 0.24972173594, 0.2490687151, 0.25115376938],
      [0.33266136673, 0.16810602889, 0.00044120537789, 0.498791399],
      [0.25019251767, 0.24990236828, 0.001819582368, 0.49808553168]
    ],
    [
      [0.63612497889, 0.18205232017, 0.090945648497, 0.090877052437],
      [0.50001015695, 0.23081296802, 0.096119441248, 0.17305743378],
      [0.4000446385, 0.59968482502, 6.122152286e-06, 0.0002644143211],
      [0.37530353382, 0.37468953323, 0.12508311633, 0.12492381663],
      [0.39996816687, 0.19989086953, 0.29997785224, 0.10016311136],
      [0.39973786189, 0.19992376916, 0.19994811249, 0.20039025645],
      [0.33319458401, 0.0002218500403, 0.00030730106382, 0.66627626489],
      [0.33358181289, 0.16666944313, 4.1732027733e-05, 0.49970701196]
    ],
    [
      [0.99570020181, 0.0033770940852, 0.00076408759473, 0.00015861650793],
      [0.42917893013, 0.28561468869, 0.17821773096, 0.10698865022],
      [0.28599755014, 0.56989525492, 0.14303675655, 0.0010704383932],
      [0.37377912682, 0.49966842229, 0.12580535602, 0.00074709485926],
      [0.28523226751, 0.2855826812, 0.42876669491, 0.00041835638629],
      [0.20008674495, 0.20037548789, 0.59793122256, 0.0016065445995],
      [0.33253963307, 0.22278119896, 0.11139155391, 0.33328761405],
      [0.19934942936, 0.200568998, 0.0032535393544, 0.59682803329]
    ],
    [
      [0.99057169546, 0.005385530103, 0.0037274388893, 0.00031533555243],
      [0.39154826229, 0.34432391844, 0.15537848143, 0.10874933785],
      [0.32954331812, 0.6488608645, 0.013837471639, 0.007758345744],
      [0.34058524754, 0.64680255211, 0.0047273623553, 0.007884837991],
      [0.24934654064, 0.25259613779, 0.49168238129, 0.006374940285],
      [0.24998227317, 0.25398534959, 0.24933410323, 0.24669827401],
      [0.28064816403, 0.29835563036, 0.14064541836, 0.28035078726],
      [0.33223817332, 0.32670088852, 0.11970160191, 0.22135933624]
    ],
    [
      [0.74817238919, 0.24988333069, 0.0007936633115, 0.0011506168128],
      [0.40705816154, 0.30518918584, 0.1693389506, 0.11841370203],
      [0.33384953502, 0.44370017364, 0.11133305736, 0.11111723398],
      [0.39929791463, 0.39976010866, 0.20030856086, 0.0006334158561],
      [0.28539925167, 0.28553178772, 0.42826857266, 0.00080038795693],
      [0.33281972147, 0.0016052113897, 0.33214143401, 0.33343363312],
      [0.33338084856, 0.0014518987989, 0.00098026037537, 0.66418699226],
      [0.39933470526, 0.2994308762, 0.10050418493, 0.20073023361]
    ],
    [
      [0.55554194931, 0.22220873701, 0.1111224881, 0.11112682558],
      [0.35293748702, 0.32354086632, 0.17646683192, 0.14705481474],
      [0.34482091393, 0.34483529098, 0.17241698568, 0.13792680941],
      [0.33335858152, 0.33329831203, 0.33331978456, 2.3321886108e-05],
      [0.3332904499, 0.22219644446, 0.33331538375, 0.11119772189],
      [0.33334698369, 0.16667103743, 0.16667596649, 0.33330601239],
      [0.33343607133, 2.4465569013e-05, 1.9522273799e-05, 0.66651994083],
      [0.28576592626, 0.285677988, 0.14286008053, 0.28569600521]
    ],
    [
      [0.66673748355, 0.16663057068, 0.16662531239, 6.6333780036e-06],
      [0.39995770353, 0.3999485802, 0.19995016087, 0.00014355539851],
      [0.49058140061, 0.15093414488, 0.24528727238, 0.11319718212],
      [0.49995984182, 4.6766971247e-05, 0.4999014122, 9.1979007428e-05],
      [0.49998707206, 8.0411241549e-06, 0.33338077832, 0.16662410849],
      [0.50001947243, 0.10002152645, 0.20000721364, 0.19995178749],
      [0.49993385313, 6.016098723e-05, 0.25005813193, 0.24994785396],
      [0.49993013062, 1.0713137239e-05, 0.25005890667, 0.25000024957]
    ],
    [
      [0.99880908151, 1.1950695929e-05, 3.2072267428e-05, 0.0011468955277],
      [0.99949125996, 0.00045833413541, 2.5097946136e-05, 2.5307954372e-05],
      [0.52567109697, 0.15242178353, 0.18643484773, 0.13547227177],
      [0.50053131182, 0.49880866323, 5.9186021912e-05, 0.00060083892986],
      [0.39949626147, 6.35077903e-05, 0.60040622923, 3.4001507725e-05],
      [0.42887270714, 5.0567826234e-06, 0.4285820128, 0.14254022329],
      [0.39952345746, 0.00092567087207, 4.3070222047e-05, 0.59950780145],
      [0.45394362374, 0.09132357769, 0.18159389764, 0.27313890093]
    ],
    [
      [0.7494243532, 0.00069214381021, 0.12478442605, 0.12509907695],
      [0.50008807726, 0.49912738785, 4.3205056507e-06, 0.00078021438816],
      [0.51798432388, 0.14272994064, 0.12506484893, 0.21422088655],
      [0.42863315777, 0.28541671786, 0.14286435754, 0.14308576682],
      [0.4996834086, 0.00027586535223, 0.37477179413, 0.12526893191],
      [0.42919553368, 6.132949949e-05, 0.28524198154, 0.28550115528],
      [0.49943377269, 0.00044789954482, 0.00049885347562, 0.49961947429],
      [0.4995649958, 0.00045899266306, 4.0980466836e-05, 0.49993503107]
    ],
    [
      [0.74998662124, 1.4828294047e-05, 0.12499457558, 0.12500397488],
      [0.59999264174, 0.19999497721, 0.19999617416, 1.6206890131e-05],
      [0.47368932878, 0.14034673009, 0.22807218455, 0.15789175658],
      [0.40000443366, 0.39998133307, 0.1999944997, 1.9733561303e-05],
      [0.37498860308, 2.3714596074e-06, 0.50000452497, 0.12500450049],
      [0.42857333211, 1.5846736556e-05, 0.28570879815, 0.285702023],
      [0.39999540311, 2.0390422998e-05, 0.19999724901, 0.39998695745],
      [0.39998614951, 8.7128739177e-07, 0.19999829495, 0.40001468426]
    ],
    [
      [0.6684156693, 0.11281633479, 0.10938140991, 0.109386586],
      [0.70977383111, 0.14511478419, 0.14281757332, 0.002293811382],
      [0.56987076985, 0.15564494841, 0.15744929446, 0.11703498728],
      [0.49999606642, 0.24995861277, 0.12502241076, 0.12502291006],
      [0.49735226838, 0.33068713309, 0.169364695, 0.0025959035308],
      [0.42853577268, 0.1473125528, 0.42191363001, 0.0022380445051],
      [0.42408635495, 0.14511994771, 0.14509431154, 0.28569938579],
      [0.39999917221, 2.7584915099e-05, 0.00010144665146, 0.59987179622]
    ],
    [
      [0.49999675532, 0.12500024472, 0.25000127769, 0.12500172227],
      [0.74999559837, 6.0829697411e-06, 0.24999450851, 3.8101476133e-06],
      [0.42222326104, 0.17777670113, 0.24444543789, 0.15555459994],
      [0.38889099371, 0.2222204144, 0.27777575747, 0.11111283443],
      [0.39999757258, 3.0579800927e-06, 0.59999426586, 5.1035850926e-06],
      [0.37500191374, 0.12500084875, 0.24999676619, 0.25000047133],
      [0.39999600891, 8.3870166841e-06, 0.20000450811, 0.39999109597],
      [0.42856795901, 0.1428558122, 0.14286220083, 0.28571402796]
    ],
    [
      [0.77642213368, 0.22200965699, 0.001142325338, 0.00042588399334],
      [0.7995586705, 0.20007188367, 2.7170839428e-05, 0.00034227499342],
      [0.50098978502, 0.49848781085, 0.00051571943221, 6.6846958616e-06],
      [0.55957633276, 0.28815108838, 0.084612712202, 0.067659866655],
      [0.50052374616, 0.2495339334, 0.24932481162, 0.00061750883015],
      [0.50002395326, 0.24935473846, 0.24952980415, 0.0010915041277],
      [0.49887786289, 0.1685783648, 0.00071838957764, 0.33182538273],
      [0.33392488007, 0.00060034957588, 0.0001448417286, 0.66532992862]
    ],
    [
      [0.8570283256, 0.14285518546, 7.4680427079e-05, 4.1808514642e-05],
      [0.66661415838, 0.2222422777, 8.4391070931e-06, 0.11113512481],
      [0.57152064636, 0.4283915487, 3.3966948145e-05, 5.3837993559e-05],
      [0.57695584911, 0.19231850329, 0.11535635341, 0.11536929418],
      [0.50003366194, 1.1564764814e-06, 0.4998925923, 7.2589282515e-05],
      [0.49995606383, 0.16665457393, 0.16671761902, 0.16667174322],
      [0.49993836737, 0.2000670544, 2.2827349469e-05, 0.29997175088],
      [1.8533587746e-06, 2.4463179423e-06, 8.2526464919e-06, 0.99998744768]
    ],
    [
      [0.71228887044, 0.14357164225, 0.14338198367, 0.00075750364826],
      [0.71468535749, 0.14288521834, 0.14215655478, 0.00027286939286],
      [0.49943130185, 0.37469258038, 0.12479624119, 0.0010798765773],
      [0.4826144587, 0.26757014931, 0.16079590536, 0.089019486627],
      [0.33496311038, 0.66476360831, 0.00022475386869, 4.8527440332e-05],
      [0.42688137991, 0.14339732063, 0.42816836616, 0.0015529332943],
      [0.24894568461, 0.0035310586698, 0.24992977981, 0.49759347691],
      [0.37505982173, 0.12514208339, 0.12508970713, 0.37470838775]
    ],
    [
      [0.83291624765, 0.1668744357, 6.8254934122e-05, 0.0001410617175],
      [0.6667183903, 0.33316802453, 1.0730681861e-05, 0.00010285448414],
      [0.49998106809, 0.49963593089, 0.00034267461455, 4.0326402463e-05],
      [0.50887050433, 0.21049424542, 0.15789699281, 0.12273825744],
      [0.4997007982, 0.00051259676051, 0.49968810699, 9.8498044778e-05],
      [0.49995228892, 0.20004302548, 0.19989128784, 0.10011339776],
      [0.39985999391, 0.20019507193, 6.8604092837e-05, 0.39987633007],
      [0.45447075203, 0.18173432712, 0.090913696633, 0.27288122421]
    ],
    [
      [0.66658097421, 0.22220501148, 0.11107035088, 0.00014366344358],
      [0.33334952509, 0.66658274649, 2.091750143e-05, 4.6810919475e-05],
      [0.50018016881, 0.37477192461, 0.1250305434, 1.7363187502e-05],
      [0.50002939641, 0.25924584513, 0.14815775995, 0.092566998513],
      [0.42846966006, 0.14292307482, 0.42848410328, 0.00012316184643],
      [0.49997201957, 0.00013405510822, 0.4997458174, 0.00014810791993],
      [0.45443310559, 0.18194665263, 0.090959066593, 0.27266117518],
      [0.49993851005, 0.00013617501853, 0.00015474506941, 0.49977056986]
    ],
    [
      [0.71408718179, 0.14279612337, 0.14292296415, 0.00019373068926],
      [0.71418431003, 0.14286722976, 0.14285061665, 9.7843554397e-05],
      [0.49985007887, 0.49958922792, 0.00034853883992, 0.00021215436393],
      [0.51736534393, 0.18961642017, 0.18958326204, 0.10343497387],
      [0.49972790765, 0.16672024667, 0.25007650986, 0.083475335828],
      [0.49982121957, 0.16689155701, 0.16664839325, 0.16663883017],
      [0.33313786058, 0.00055748355505, 0.00019746652068, 0.66610718935],
      [0.33347783437, 0.00019416458471, 0.00032023450903, 0.66600776654]
    ],
    [
      [0.42750686476, 0.1437654261, 0.28544176119, 0.14328594795],
      [0.0018296067438, 0.99547785905, 0.0010777160003, 0.001614818209],
      [0.12673153196, 0.4987192477, 0.24940335268, 0.12514586767],
      [0.14338323611, 0.28682267791, 0.42705980013, 0.14273428585],
      [0.17812767334, 0.26783914684, 0.32185023802, 0.2321829418],
      [0.16683904082, 0.1673041762, 0.33232086002, 0.33353592297],
      [0.16748367061, 0.167783353, 0.16639071869, 0.4983422577],
      [0.14333460608, 0.14288261642, 0.28544947143, 0.42833330606]
    ],
    [
      [0.4998557564, 0.16668086919, 0.1666723162, 0.16679105822],
      [0.37484446915, 0.12526795384, 0.24994320143, 0.24994437558],
      [0.12516702934, 0.37480504785, 0.24992576445, 0.25010215837],
      [0.00033734350676, 0.5998215749, 0.1998801118, 0.1999609698],
      [0.16977768899, 0.22638731805, 0.28306343081, 0.32077156215],
      [0.12503453807, 0.12506958589, 0.37489099438, 0.37500488166],
      [0.10004471879, 0.20008024323, 0.19997642008, 0.4998986179],
      [7.2873685254e-05, 0.00016796052323, 0.00017991392688, 0.99957925186]
    ],
    [
      [0.33233853658, 0.1679689488, 0.33124619018, 0.16844632444],
      [0.33213271215, 0.16631544894, 0.332025815, 0.1695260239],
      [0.2492438552, 0.25061586808, 0.37522019762, 0.12492007909],
      [0.12593382197, 0.37485090098, 0.37421970308, 0.12499557396],
      [0.15248101921, 0.18596072944, 0.4243133084, 0.23724494294],
      [0.001298880673, 0.00050897616376, 0.79805292543, 0.20013921774],
      [0.00019469418013, 0.16848129861, 0.33331104171, 0.4980129655],
      [0.0038541940641, 0.0027218757987, 0.00011634511, 0.99330758503]
    ],
    [
      [0.96359357804, 0.0078770594099, 0.01725553477, 0.011273827781],
      [0.29876564635, 0.13266632635, 0.27842647824, 0.29014154906],
      [0.13241990525, 0.36453608618, 0.24475937371, 0.25828463486],
      [0.13585831361, 0.36263753254, 0.24239259318, 0.25911156067],
      [0.1791608837, 0.16038156041, 0.34417184384, 0.31628571205],
      [0.025617767287, 0.0220600874, 0.93929671797, 0.013025427345],
      [0.022653679323, 0.021700684054, 0.36599892764, 0.58964670898],
      [0.12339195925, 0.11078096266, 0.22595427986, 0.53987279822]
    ],
    [
      [0.42855187494, 0.14286645996, 0.2857276897, 0.14285397539],
      [0.24998507511, 0.25006983047, 0.24987865175, 0.25006644267],
      [0.00049887377545, 0.33315517931, 0.66616742146, 0.00017852545118],
      [0.16670597697, 0.16701702218, 0.49966377675, 0.1666132241],
      [0.18513670394, 0.16661717163, 0.37046333463, 0.2777827898],
      [0.11120934856, 0.11105675444, 0.33332538268, 0.44440851433],
      [0.16661868813, 0.16687440777, 0.33322817968, 0.33327872443],
      [0.14293507326, 0.14281770873, 0.28572492012, 0.42852229789]
    ],
    [
      [0.42840882635, 0.14282271101, 0.28499591507, 0.14377254757],
      [0.30071601908, 0.19999791402, 0.2995637542, 0.19972231269],
      [0.12599081226, 0.37430033582, 0.37458392124, 0.12512493068],
      [0.1671342451, 0.16600261332, 0.49917068437, 0.16769245721],
      [0.20714394959, 0.16958509559, 0.39679151473, 0.22647944009],
      [0.16731213401, 0.16729521988, 0.49795846221, 0.16743418391],
      [0.19921100955, 0.0027171260125, 0.19934722539, 0.59872463905],
      [0.20093777523, 0.0008953001077, 0.20065167907, 0.59751524559]
    ],
    [
      [0.50729742223, 0.016668742067, 0.13438601246, 0.34164782324],
      [0.39007225817, 0.21880484439, 0.0099464546473, 0.3811764428],
      [0.23110844519, 0.3011991772, 0.16663652086, 0.30105585674],
      [0.073255252731, 0.30938748114, 0.40315256974, 0.21420469639],
      [0.14518550646, 0.12981117072, 0.28377025811, 0.44123306471],
      [0.15585716715, 0.14174719665, 0.17833520072, 0.52406043549],
      [4.8310815862e-05, 0.081066363794, 0.016682346909, 0.90220297848],
      [0.11523850903, 0.14286503545, 0.12239644216, 0.61950001336]
    ],
    [
      [0.43173906061, 0.14290394028, 0.0033215196282, 0.42203547949],
      [0.42589495547, 0.15207962567, 0.00015116316741, 0.42187425569],
      [0.39982578843, 0.19560277838, 0.00011063733297, 0.40446079585],
      [0.2589772137, 0.37197011023, 1.9594174983e-05, 0.3690330819],
      [0.16298997558, 0.17071282719, 0.32943599004, 0.33686120719],
      [0.27596729251, 0.14775310538, 0.147667019, 0.42861258312],
      [0.24435217738, 0.00010500981703, 0.25029026715, 0.50525254565],
      [0.2297814308, 0.10866395242, 0.0025761384134, 0.65897847837]
    ],
    [
      [0.49960220178, 0.12689125412, 0.00060081679066, 0.3729057273],
      [0.39906189925, 0.20095271814, 8.0502441809e-07, 0.39998457759],
      [0.20115515039, 0.29879725844, 0.099926437413, 0.40012115376],
      [0.1293117507, 0.37333399453, 0.12441698066, 0.37293727411],
      [3.7244692861e-05, 0.0015741161421, 0.66257366683, 0.33581497233],
      [0.23477905113, 0.17621708336, 0.13716953745, 0.45183432806],
      [0.22130416893, 0.11078141267, 0.00094338906604, 0.66697102933],
      [0.16604108636, 0.16943925368, 0.0014552181423, 0.66306444183]
    ],
    [
      [0.49063939476, 0.0094520630013, 0.00013442560606, 0.49977411663],
      [0.32094083823, 0.17308735719, 0.0061850525424, 0.49978675204],
      [0.012628712561, 0.65402000023, 3.4373566e-05, 0.33331691364],
      [0.2000199733, 0.30367429326, 6.8244201901e-05, 0.49623748923],
      [0.14292337887, 0.13762751518, 0.28566280168, 0.43378630427],
      [0.2005995969, 0.21477549952, 0.082687103416, 0.50193780016],
      [0.20745041445, 0.21489976876, 5.2355514827e-05, 0.57759746128],
      [0.2000039965, 0.20008865003, 8.7765052844e-05, 0.59981958842]
    ],
    [
      [0.56023842471, 0.10604790058, 0.00052075391688, 0.33319292079],
      [0.45452836075, 0.26128126128, 0.00012784940517, 0.28406252856],
      [0.19618287635, 0.37588097606, 0.05170927236, 0.37622687523],
      [0.29743640759, 0.32540249809, 0.051933083295, 0.32522801103],
      [8.3635060061e-05, 0.18061240261, 0.56878831005, 0.25051565227],
      [0.19588776398, 0.16615786235, 0.14684288826, 0.49111148541],
      [0.16696608132, 0.1068552195, 0.060227464063, 0.66595123512],
      [0.2358712823, 0.13606884175, 0.099800797754, 0.5282590782]
    ],
    [
      [0.40685992056, 0.19152431619, 0.0020557017383, 0.39956006152],
      [0.3258551837, 0.18086990256, 0.0014513783649, 0.49182353537],
      [0.25235898993, 0.25259156752, 0.00016372103998, 0.49488572151],
      [0.1895177632, 0.32403745114, 0.0015481678862, 0.48489661777],
      [0.19092336334, 0.4128739178, 0.0097037635412, 0.38649895532],
      [0.19757071659, 0.19972422445, 0.098107201243, 0.50459785772],
      [0.008932521783, 0.0010708850361, 0.98981849346, 0.00017809971657],
      [0.15740264786, 0.150282622, 0.003561534144, 0.68875319599]
    ],
    [
      [0.44311280614, 0.33226303498, 0.0024345535382, 0.22218960534],
      [0.25402840279, 0.49415383218, 0.002261659745, 0.24955610529],
      [0.25233508182, 0.49678056944, 0.0017670224888, 0.24911732625],
      [0.20147173545, 0.40361705945, 0.19742607785, 0.19748512725],
      [0.20064862253, 0.19940999254, 0.3967180427, 0.20322334224],
      [0.24052181486, 0.30972190743, 0.17221347548, 0.27754280223],
      [0.22558541265, 0.3242035221, 0.096263585006, 0.35394748025],
      [0.22128166469, 0.2246555544, 0.00042723594139, 0.55363554497]
    ],
    [
      [0.36362164285, 0.45456244507, 0.090907914452, 0.090907997629],
      [0.49998546659, 0.5000131874, 4.8286691547e-07, 8.6314058941e-07],
      [1.7369281263e-05, 0.99993108352, 3.5380035877e-05, 1.6167166717e-05],
      [0.11113207261, 0.66665293003, 0.11110759933, 0.11110739803],
      [0.14285264289, 0.42857383861, 0.28571146541, 0.1428620531],
      [0.14285750211, 0.42858527783, 0.28569091001, 0.14286631006],
      [0.16363670248, 0.52727264597, 0.10909232714, 0.19999832441],
      [0.16666009713, 0.50000129423, 7.1367520547e-06, 0.33333147188]
    ],
    [
      [0.49988851613, 0.49999603297, 8.2965323796e-05, 3.2485572048e-05],
      [0.49987761011, 0.49991903907, 6.4434396604e-06, 0.00019690737519],
      [0.16666006876, 0.83299677072, 0.00022074009548, 0.00012242041897],
      [0.20009525751, 0.79971545507, 3.4922329399e-05, 0.00015436509124],
      [0.14303547936, 0.57120092772, 0.28561603821, 0.00014755471207],
      [0.00013378086897, 0.33363472108, 0.33316310369, 0.33306839437],
      [0.23435210271, 0.54695866588, 0.062477320554, 0.15621191085],
      [0.00026075702385, 0.33309546472, 0.00020480040763, 0.66643897785]
    ],
    [
      [0.3485947217, 0.57403397057, 0.077337811433, 3.3496287965e-05],
      [0.56212151822, 0.43781290496, 2.7091618801e-05, 3.8485194684e-05],
      [0.24999071583, 0.4613864264, 0.16416204831, 0.12446080945],
      [0.050886725849, 0.78171348218, 0.16737248278, 2.7309185489e-05],
      [0.13049344212, 0.49914269571, 0.26951934386, 0.1008445183],
      [0.0014632918462, 0.49782859549, 0.34613055917, 0.15457755349],
      [0.14303352682, 0.52317248193, 0.17736865467, 0.15642533658],
      [0.00087034976066, 0.33733012335, 0.062735486349, 0.59906404054]
    ],
    [
      [0.50020735675, 0.47584927127, 0.023848387446, 9.4984538121e-05],
      [0.41716873775, 0.58259160163, 0.00017702445815, 6.2636159635e-05],
      [0.055409376183, 0.94424321907, 0.00025499935822, 9.240539077e-05],
      [0.03339943036, 0.76660666802, 0.19990333967, 9.0561952005e-05],
      [0.16663693905, 0.4999268274, 0.30573354393, 0.027702689623],
      [0.13915202103, 0.52757180553, 0.1389956642, 0.19428050923],
      [0.18649437681, 0.5349157231, 0.11937518376, 0.15921471633],
      [0.0002821850866, 0.45844091383, 0.041478245421, 0.49979865566]
    ],
    [
      [0.25103582494, 0.49922103225, 0.1251184087, 0.12462473411],
      [0.59842995385, 0.40038118883, 0.00092900851408, 0.00025984881314],
      [0.66546610107, 0.33309250627, 0.0013004164612, 0.00014097619629],
      [0.12621373793, 0.6238902386, 0.12491535345, 0.12498067001],
      [0.00049402784181, 0.74877729657, 0.25008934127, 0.00063933432054],
      [0.16731542713, 0.49913908154, 0.33303561434, 0.00050987699544],
      [0.20311220661, 0.49187707253, 0.13544206168, 0.16956865918],
      [0.14342379435, 0.42903363079, 0.00021870293769, 0.42732387192]
    ],
    [
      [0.42926453176, 0.32076416663, 0.17281780548, 0.077153496126],
      [0.48748842116, 0.34572172626, 0.1543284311, 0.012461421493],
      [0.2407660319, 0.49997291769, 0.13431759183, 0.12494345858],
      [0.29637263498, 0.43918646806, 0.13220139181, 0.13223950514],
      [0.19990822865, 0.59972739768, 0.20020550593, 0.00015886773657],
      [0.00026160296718, 0.037364473338, 0.9621712093, 0.00020271439715],
      [0.26757392665, 0.34271220889, 0.20282125509, 0.18689260937],
      [0.25936507937, 0.30310674368, 0.19692250612, 0.24060567083]
    ],
    [
      [0.47622587115, 0.046159165268, 0.26401180706, 0.21360315653],
      [0.33240098631, 0.14224915873, 0.30974994938, 0.21559990558],
      [0.24477950074, 0.34105067213, 0.25124535083, 0.1629244763],
      [0.25937212515, 0.33342504555, 0.23664376264, 0.17055906666],
      [0.13637618696, 0.0069190946073, 0.68362011127, 0.17308460716],
      [0.019183338187, 0.036692310601, 0.69313515121, 0.2509892],
      [0.15827148191, 0.068837394386, 0.26027891351, 0.51261221019],
      [0.2147820023, 0.097198433328, 0.35413129852, 0.33388826585]
    ],
    [
      [0.63380525049, 0.01757871385, 0.33519998279, 0.01341605287],
      [0.57366230763, 0.033898875502, 0.20324743539, 0.18919138148],
      [0.26996986852, 0.45464850999, 0.27454770212, 0.00083391937309],
      [0.22285195736, 0.37564817136, 0.21211543453, 0.18938443675],
      [0.17597321164, 0.010104408669, 0.64334810634, 0.17057427334],
      [0.19883302898, 0.028814418646, 0.56983959989, 0.20251295249],
      [0.28029135131, 0.030365717908, 0.42617498037, 0.26316795041],
      [0.27729368578, 0.10251809252, 0.37118282144, 0.24900540027]
    ],
    [
      [0.49819279269, 0.12630900842, 0.25053699503, 0.12496120387],
      [0.49628454759, 0.12615614382, 0.25081844447, 0.12674086412],
      [0.22376976804, 0.33127882282, 0.22334440662, 0.22160700251],
      [0.25605347135, 0.24736076523, 0.37264116284, 0.12394460058],
      [0.19830964521, 0.0018045186308, 0.5971281659, 0.20275767026],
      [0.16953315384, 0.0014071479222, 0.66198225113, 0.16707744711],
      [0.16780552875, 0.0061084014553, 0.16717141358, 0.65891465622],
      [0.27932490546, 0.13931534731, 0.32074729408, 0.26061245315]
    ],
    [
      [0.64732585271, 0.014003849661, 0.1678460374, 0.17082426023],
      [0.17520871471, 0.4817576447, 0.17502163213, 0.16801200846],
      [0.26512114439, 0.24524814557, 0.25013878624, 0.2394919238],
      [0.17221398631, 0.010447781541, 0.64503329732, 0.17230493483],
      [0.24113988738, 0.015662893701, 0.49579289339, 0.24740432553],
      [0.22495145565, 0.008902221807, 0.33355952588, 0.43258679667],
      [0.19867287243, 0.013151555803, 0.20864693246, 0.57952863931],
      [0.26657236625, 0.085575532678, 0.30434003465, 0.34351206643]
    ],
    [
      [0.66378138951, 0.0027473374565, 0.16803440353, 0.16543686951],
      [0.3918694356, 0.21335860328, 0.11059415538, 0.28417780574],
      [0.33112599058, 0.19977659633, 0.19801879371, 0.27107861937],
      [0.24832740004, 0.36985608632, 0.37132579742, 0.010490716217],
      [0.3321505594, 0.0012365761254, 0.49302535644, 0.17358750803],
      [0.25273760773, 0.042727925272, 0.41376700176, 0.29076746524],
      [0.32040488285, 0.039545521402, 0.14467465868, 0.49537493707],
      [0.31712880345, 0.1053496896, 0.21221007235, 0.3653114346]
    ],
    [
      [0.55413845183, 0.0020888050363, 0.22155850452, 0.22221423861],
      [0.37356896439, 0.24920704671, 0.25223038778, 0.12499360113],
      [0.30009060087, 0.19936468254, 0.30118613233, 0.19935858426],
      [0.33434169355, 0.33225161045, 0.16764930695, 0.16575738904],
      [0.19876217452, 7.3662148956e-05, 0.60002592212, 0.20113824121],
      [0.0029809219262, 0.00012331568077, 0.99377808846, 0.0031176739281],
      [0.33521242053, 0.0011042277638, 0.33142714545, 0.33225620626],
      [0.33344812609, 0.092465696004, 0.31470600985, 0.25938016806]
    ]
  ],
  "expected_outcome": [
    [
      [14.0004435045, 20.0114740344, 18.0095924303, 24.1364150816, 22.0108131641, 16.0632827834, 11.0277601373, 3.0023755611, 6.9973747678, 2.9871006054, 1.9811433909, 2.9926895568, 4.9998775438, 4.0004249013, 3.995236326, 5.9953948256, 5.9998929699, 6.0157410237, 3.9999740425, 6.9877992031, 5.9991982792, 4.986022093, 4.9974974859, 5.9992287679, 4.9986102725, 2.9925480533, 2.9991345384, 1.9940312195, 2.8907807341, 2.9998631246, 2.9988617844, 3.0437845334, 3.0221734243, 3.9968176143, 1.9625575791, 3.3614305483, 2.0342996028, 3.9880152552, 3.9998380713, 2.9993310968, 1.3943788868, 3.5014514972, 2.0082865996, 5.1511743811, 3.8098069692, 1.9014157515, 3.9855423415, 3.8839551163, 3.982688337, 4.9872460665],
      [19.0009937954, 11.9947028969, 15.0050780361, 17.9576716503, 15.0232298962, 24.1159058161, 4.9706979051, 1.9982393811, 2.0025755219, 0.010131282256, 0.010771060206, 0.99953332274, 1.9998786331, 0.9997834241, 4.7802783715e-05, 0.0055371504817, 0.00011862635238, 1.0153470131, 1.0000019577, 1.9980869129, 0.99998629822, 1.0050014957, 1.0012466142, 1.9998451033, 0.9995728636, 1.0063579827, 1.0000852151, 1.0078136928, 0.02363117823, 1.0000652197, 0.99975897708, 0.1000124524, 1.0003275819, 1.015130033, 0.037808252005, 0.63628740345, 0.95762158094, 2.9903673148, 5.0001868958, 2.9999761978, 2.2961358823, 3.3309448989, 3.993768258, 3.8491699996, 0.36927332215, 0.05273614155, 1.0104720673, 0.084023097969, 0.016484024739, 0.018799245327],
      [6.9989847784, 5.9966590495, 6.9981975767, 2.003840819, 4.98788886, 4.0047369292, 1.0022803441, 0.99968465768, 1.0004021335, 0.0022922627842, 0.0074548777787, 0.003174653246, 1.0001023929, 0.99975187435, 0.00012828906971, 0.99827540836, 0.99995660468, 0.98443268918, 2.0000102215, 0.010280928042, 0.00052276298956, 1.0036738857, 0.00040952960473, 0.99963315788, 1.0004607491, 1.9980923283, 1.0000338972, 1.9874771411, 0.051766604311, 2.0000938279, 1.9949714055, 0.80631607477, 0.023250637397, 0.0048065343253, 0.00053770242425, 0.0031245235013, 0.010278508691, 0.021910981844, 0.99998705897, 0.00049779194278, 0.30935124573, 0.16693871212, 1.0009472696, 2.0738136658, 2.1120944565, 1.0055999484, 2.0042959602, 1.0070762244, 1.0082064212, 1.9940265407],
      [9.9995779217, 9.9971640191, 7.9871319569, 9.9020724491, 10.9780680797, 14.8160744712, 2.9992616135, 0.99970040014, 0.9996475768, 0.0004758495238, 0.00063067110485, 0.0046024672513, 1.0001414302, 3.9800268022e-05, 0.0045875821109, 1.0007926156, 1.000031799, 0.98447927401, 1.0000137782, 0.00383295594, 0.0002926596025, 0.0053025255378, 0.000846370305, 0.0012929709922, 0.0013561148248, 1.0030016356, 1.0007463493, 1.0106779467, 0.033821483342, 0.99997782772, 1.006407833, 2.0498869395, 2.9542483564, 2.9832458184, 1.9990964665, 1.9991575248, 1.9978003076, 1.9997064481, 0.99998797392, 0.00019491343229, 0.00013398515186, 0.00066489176684, 0.99699787288, 0.92584195352, 1.7088252522, 0.040248158609, 0.99968963092, 1.0249455614, 0.99262121703, 1.9999281475]
    ],
    [
      [2.9994299337, 4.9995412314, 3.9910359877, 1.9468292689, 4.9904101576, 1.9570302813, 24.0454630082, 22.0136554741, 26.0005281616, 24.0340200873, 25.0590887863, 24.0164315306, 11.9998745586, 1.9997885177, 4.9974562998, 2.000352309, 2.9999632087, 4.9684168177, 2.9999823935, 3.9977933525, 5.9995274254, 5.0027975024, 2.0001551709, 1.0000485753, 4.9992901702, 0.0054888202315, 2.9987557532, 1.9927962729, 2.9876564635, 1.9998806009, 3.0071601908, 1.9503612908, 2.9812646883, 1.9953094962, 1.9256450294, 3.636226886, 1.9551311022, 2.0322272223, 0.99997093318, 2.9992656607, 1.6863645547, 0.8343374755, 2.9921497692, 2.9249305269, 1.9944059179, 2.8683115381, 3.9702763807, 1.0512522883, 2.7430860492, 2.9885517151],
      [2.000120577, 2.0005786028, 1.004590242, 1.0243210974, 2.0034453046, 1.9895297573, 12.9894857734, 15.9955853901, 12.0022743372, 15.9944225665, 22.03673078, 18.0061619646, 11.0003894549, 1.999742901, 0.002291670677, 1.9965095514, 0.99997488606, 1.0158034893, 2.4331878964e-05, 1.0003594183, 2.0001804993, 1.0001965284, 0.9995040736, 1.9997482395, 1.0000706083, 2.9864335771, 1.0021436307, 0.99789269365, 1.3266632635, 2.0005586437, 1.9999791402, 1.0940242219, 1.0645573797, 1.0047635907, 1.0385241431, 2.0902500903, 1.0852194154, 3.9532306574, 1.0000263748, 2.9995142344, 1.3134387149, 1.1651832033, 2.0019059441, 2.0743303575, 0.85349495235, 0.16949437751, 1.0092491506, 2.8905458682, 1.4935102229, 1.9936563736],
      [0.00031333393285, 0.9998897714, 0.0011275881938, 0.0025985920234, 0.0051111757509, 0.018440816496, 3.9678054231, 7.9902979962, 4.9982109449, 9.980192934, 9.9442228113, 9.9909980851, 5.9998722853, 0.99975080436, 0.00012548973068, 1.7282022603e-05, 0.99998087082, 0.99972301325, 0.99997803404, 0.00013585419714, 7.5951963838e-05, 0.99509588343, 3.2192045583e-05, 6.2752504289e-05, 0.99995431656, 0.0032331480008, 1.9995456114, 1.99215489, 2.7842647824, 1.999029214, 2.995637542, 0.049732273236, 0.0010581421718, 4.0251220904e-06, 0.037110315254, 0.0010227952414, 0.0087082701894, 0.01809327796, 9.6573383094e-07, 3.8660637962e-05, 8.1274856402e-05, 0.0003540489163, 0.0046450425704, 0.92597058657, 1.8584996963, 1.016237177, 2.0065475557, 1.0501297928, 0.77415908766, 2.0178431023],
      [1.0001361554, 1.9999903944, 1.0032461821, 0.026251041721, 1.001033362, 1.0349991449, 6.9972457953, 10.0004611396, 8.9989865563, 5.9913644122, 6.9599576224, 6.9864084197, 4.9998637012, 0.00071777699256, 0.00012653977186, 0.0031208575526, 8.1034450653e-05, 0.016056679674, 1.5240590453e-05, 0.0017113749671, 1.0002161233, 0.00191008575, 0.00030856345243, 0.00014043275842, 0.00068490488078, 0.0048444546271, 1.9995550047, 1.0171561434, 2.9014154906, 2.0005315414, 1.9972231269, 1.905882214, 2.9531197899, 1.9999228879, 2.9987205122, 2.2725002285, 2.9509412122, 1.9964488423, 1.7262811788e-06, 0.0011814442512, 0.00011545558405, 0.00012527231927, 0.0012992440657, 0.074768528956, 1.2935994335, 0.94595690738, 1.013926913, 1.0080720508, 1.9892446402, 0.99994880901]
    ],
    [
      [0.99999281053, 3.9913749094, 1.996586818, 3.9229657689, 3.0061082234, 1.9413922742, 3.9980917453, 1.9992249087, 2.0002231925, 2.001982851, 0.98862995435, 3.0046458151, 9.9998065039, 26.0008142324, 31.0145947211, 29.007122137, 27.0002917406, 29.0634092625, 19.0000467468, 1.00197957, 4.0006445245, 3.9954504148, 1.9999242724, 4.0014413504, 1.9994003155, 1.0138522557, 1.0013362347, 1.9939508416, 1.059359242, 0.0014966213264, 1.0079264981, 1.3866506711, 1.9991289422, 2.0115515039, 0.037886137682, 1.3732801345, 1.0094359597, 1.0093403273, 5.2107843789e-05, 0.99996041258, 1.9999257267, 0.16622812855, 1.9963983032, 1.9261282552, 1.2238975037, 1.0798794741, 2.0139279124, 2.1209691552, 3.3112599058, 3.0009060087],
      [2.999172315, 5.9970049671, 3.989462549, 2.0576736437, 4.9871276879, 1.9791899592, 1.9862430068, 2.9904399958, 2.9984241251, 3.9892667844, 1.9465825935, 3.9933015628, 10.0002234385, 7.9995096789, 8.9928852282, 7.9928766759, 7.9997636149, 7.9378923687, 7.9999515509, 0.9969756217, 2.9987408409, 2.9975406431, 1.9985437236, 2.9981753969, 1.9983569117, 3.9897539816, 2.9984403828, 2.0049269447, 2.9162886894, 0.99946553794, 2.9944026865, 1.8071950632, 0.97801389191, 2.9879725844, 1.9620600007, 2.6311668324, 1.0103662701, 1.9871222778, 2.9997932505, 4.9979806243, 3.6910914112, 2.8327296572, 0.99927751881, 3.9997833415, 1.7052533607, 1.81859404, 2.9815094054, 1.9619851646, 1.9977659633, 1.9936468254],
      [0.00066955810567, 1.0086098596, 1.0098793416, 0.0048748935647, 0.0024305932408, 0.016960030573, 0.016024776341, 0.0093403592954, 3.061076143e-05, 1.0012572959, 0.041512414918, 1.0019975163, 5.0000925848, 13.0002254363, 10.9996560163, 7.0036315403, 13.0001145194, 8.0299140173, 11.0000447049, 0.0010314388644, 0.00023776863701, 0.99836992949, 0.0013706984582, 1.0002443472, 0.0013941553597, 1.9952268214, 1.9994061156, 3.001761581, 1.9580749897, 1.9985022644, 2.9966713699, 0.99981912518, 0.00055318666486, 0.99926437413, 0.000103120698, 0.36196490652, 0.0006548841599, 0.0070680899551, 0.00010614010763, 0.0013244405729, 1.3132963865, 0.00076499807467, 0.0039012493837, 1.0745407346, 1.2562267541, 1.0981908085, 2.0100996596, 2.0011102899, 1.9801879371, 3.0118613233],
