{
  "X": [
    [44, 13, 12, 31],
    [35, 11, 23, 31],
    [33, 14, 25, 28],
    [45, 10, 8, 37],
    [30, 21, 17, 32],
    [39, 17, 21, 23],
    [46, 16, 24, 14],
    [44, 32, 12, 12],
    [52, 20, 17, 11],
    [51, 28, 7, 14],
    [48, 27, 18, 7],
    [48, 30, 15, 7],
    [31, 24, 33, 12],
    [40, 21, 27, 12],
    [33, 18, 39, 10],
    [36, 25, 31, 8],
    [35, 17, 35, 13],
    [31, 19, 37, 13],
    [44, 16, 31, 9],
    [31, 18, 33, 18],
    [32, 21, 33, 14],
    [30, 21, 35, 14],
    [33, 8, 42, 17],
    [34, 15, 34, 17],
    [36, 22, 34, 8],
    [32, 23, 26, 19],
    [39, 17, 27, 17],
    [37, 22, 23, 18],
    [38, 30, 17, 15],
    [35, 24, 26, 15],
    [38, 16, 28, 18],
    [26, 12, 50, 12],
    [16, 9, 64, 11],
    [14, 7, 70, 9],
    [13, 9, 61, 17],
    [18, 11, 61, 10],
    [17, 14, 60, 9],
    [26, 9, 44, 21],
    [18, 12, 41, 29],
    [24, 10, 42, 24],
    [22, 11, 34, 33],
    [28, 5, 37, 30],
    [18, 15, 42, 25],
    [19, 15, 46, 20],
    [38, 25, 26, 11],
    [37, 21, 31, 11],
    [44, 13, 32, 11],
    [38, 17, 39, 6],
    [38, 20, 30, 12],
    [33, 14, 46, 7]
  ],
  "W": [
    [66, 6, 5, 2, 8, 6, 5, 2],
    [56, 6, 10, 3, 7, 8, 4, 6],
    [59, 3, 3, 10, 4, 11, 3, 7],
    [64, 6, 6, 7, 8, 1, 4, 4],
    [52, 7, 6, 10, 5, 5, 8, 7],
    [55, 8, 7, 6, 4, 2, 7, 11],
    [17, 40, 5, 5, 5, 7, 14, 7],
    [9, 54, 6, 10, 9, 2, 5, 5],
    [5, 58, 6, 9, 2, 3, 8, 9],
    [7, 59, 8, 3, 5, 6, 5, 7],
    [5, 63, 9, 4, 3, 7, 5, 4],
    [5, 58, 7, 4, 3, 7, 6, 10],
    [4, 25, 31, 6, 10, 8, 9, 7],
    [6, 11, 49, 5, 11, 5, 7, 6],
    [6, 3, 53, 6, 7, 9, 8, 8],
    [5, 6, 57, 8, 8, 2, 8, 6],
    [5, 7, 54, 9, 3, 9, 9, 4],
    [3, 5, 61, 5, 8, 4, 9, 5],
    [8, 5, 46, 16, 7, 3, 7, 8],
    [7, 9, 5, 57, 3, 9, 4, 6],
    [2, 6, 3, 59, 6, 5, 11, 8],
    [4, 11, 7, 59, 3, 6, 5, 5],
    [3, 7, 6, 43, 14, 8, 7, 12],
    [4, 3, 9, 64, 6, 9, 4, 1],
    [5, 8, 6, 57, 5, 3, 8, 8],
    [7, 5, 7, 8, 57, 7, 5, 4],
    [5, 5, 10, 5, 53, 6, 5, 11],
    [7, 5, 4, 4, 69, 1, 4, 6],
    [6, 8, 3, 6, 60, 6, 6, 5],
    [2, 12, 9, 5, 45, 10, 6, 11],
    [8, 6, 3, 6, 62, 8, 5, 2],
    [5, 4, 4, 4, 22, 48, 2, 11],
    [11, 4, 6, 6, 4, 52, 10, 7],
    [7, 6, 6, 8, 2, 65, 5, 1],
    [8, 4, 3, 5, 6, 55, 11, 8],
    [6, 7, 8, 6, 3, 61, 5, 4],
    [5, 9, 9, 2, 10, 51, 8, 6],
    [9, 8, 5, 7, 5, 28, 31, 7],
    [6, 4, 5, 10, 7, 6, 58, 4],
    [12, 9, 6, 7, 3, 9, 50, 4],
    [13, 4, 4, 2, 9, 8, 54, 6],
    [7, 7, 6, 9, 10, 5, 50, 6],
    [1, 2, 8, 10, 8, 8, 58, 5],
    [9, 7, 8, 4, 2, 5, 46, 19],
    [5, 7, 4, 3, 8, 11, 4, 58],
    [8, 3, 7, 9, 7, 3, 9, 54],
    [4, 5, 9, 13, 4, 4, 5, 56],
    [4, 3, 11, 5, 4, 11, 5, 57],
    [2, 10, 9, 7, 5, 6, 6, 55],
    [6, 7, 6, 7, 6, 6, 7, 55]
  ],
  "method": "mcmc",
  "mcmc_stepsize": 3000,
  "mcmc_samples": 100,
  "burn_in": 10000,
  "cond_prob": [
    [
      [0.46972161563, 0.12110385511, 0.10596840622, 0.30320612304],
      [0.66552812847, 0.1667144656, 0.00035185345088, 0.16740555248],
      [0.39970897153, 0.39752843023, 0.0015246825733, 0.20123791567],
      [0.0024657115966, 0.49946772207, 0.49750136372, 0.00056520261271],
      [0.3743359139, 0.12577874465, 0.25032411366, 0.2495612278],
      [0.33384386143, 0.0014954718722, 0.33229884944, 0.33236181726],
      [0.40006672702, 0.00058594047915, 0.00090499208146, 0.59844234042],
      [0.0018221008622, 0.0010743414646, 0.00021848108646, 0.99688507659]
    ],
    [
      [0.37506609854, 0.10707552506, 0.21422964354, 0.30362873287],
      [0.49995234746, 0.16659211295, 0.16658173534, 0.16687380425],
      [0.29985751705, 0.20012032044, 0.20010538214, 0.29991678038],
      [0.33341179878, 0.66591089922, 6.2130525074e-05, 0.00061517147536],
      [0.28583834298, 0.00013521330825, 0.42847685208, 0.28554959163],
      [0.24977998877, 0.00032598491749, 0.50000711173, 0.24988691458],
      [0.24994819467, 0.00016086946498, 0.00067668100198, 0.74921425486],
      [0.33314545679, 0.00018069445803, 0.16671795906, 0.49995588969]
    ],
    [
      [0.35621867675, 0.13534318908, 0.23686597943, 0.27157215475],
      [0.99617138122, 0.0014753243997, 0.0012629512387, 0.0010903431401],
      [0.0015765392889, 0.99456043972, 0.0031105551407, 0.00075246585278],
      [0.29992457122, 0.20020163167, 0.29995972219, 0.19991407492],
      [0.24880653147, 0.00071236286125, 0.49895592348, 0.25152518219],
      [0.27215117928, 0.090811944254, 0.36526190122, 0.27177497525],
      [0.0015425344078, 0.0028274122772, 0.3324284406, 0.66320161272],
      [0.28529884242, 0.002052165762, 0.14302850623, 0.56962048559]
    ],
    [
      [0.46895740159, 0.093514713876, 0.077985467541, 0.359542417],
      [0.66586683242, 0.0013311375812, 0.00071073220782, 0.33209129779],
      [0.49874688905, 0.16662347456, 0.00065499172143, 0.33397464466],
      [0.42762461855, 0.28528556625, 0.00065472980415, 0.28643508539],
      [0.37520886854, 0.125336091, 0.24867464588, 0.25078039458],
      [0.0031131076167, 5.9014096812e-05, 0.99606837846, 0.00075949982384],
      [0.24944090615, 0.00077447919341, 0.002547819058, 0.7472367956],
      [0.25078098981, 0.0011215041155, 0.00012395086144, 0.74797355521]
    ],
    [
      [0.34615770767, 0.19227588643, 0.15385516135, 0.30771124455],
      [0.28564172298, 0.28564428114, 0.1428531457, 0.28586085019],
      [0.16675613401, 0.49990456497, 0.16666238897, 0.16667691205],
      [0.2999485543, 0.20011092159, 0.19999134701, 0.29994917709],
      [0.19999195111, 0.20002903723, 0.39998822647, 0.19999078519],
      [0.2001846649, 0.20010567687, 0.19991200202, 0.39979765621],
      [0.24987345437, 0.12499626367, 0.12507009738, 0.50006018458],
      [0.28577343972, 0.14299480742, 0.14280140924, 0.42843034363]
    ],
    [
      [0.41824152775, 0.16357915433, 0.20003540756, 0.21814391036],
      [0.62472533832, 0.12512640552, 0.12501770924, 0.12513054692],
      [0.28542674123, 0.42825821062, 0.14330504886, 0.14300999929],
      [0.33331736599, 0.33333743777, 0.16666803455, 0.16667716169],
      [0.24999912557, 0.00027767370673, 0.74944978418, 0.00027341655018],
      [3.0473995573e-05, 0.00052710762961, 0.49997391579, 0.49946850259],
      [0.28571743935, 0.14285645531, 0.14271394294, 0.4287121624],
      [0.36372203245, 0.091103915396, 0.18163843564, 0.36353561652]
    ],
    [
      [0.52972569026, 0.11745849534, 0.23508089916, 0.11773491523],
      [0.47535581055, 0.17500632195, 0.22475316649, 0.12488470101],
      [0.39962462872, 0.39959055124, 0.20058333138, 0.00020148865815],
      [0.39938611236, 0.20031372324, 0.39959032388, 0.00070984052505],
      [0.39961987594, 0.00042729177861, 0.59926887631, 0.00068395597463],
      [0.42774765336, 0.14284126706, 0.14420831988, 0.28520275971],
      [0.42802216517, 0.14270988573, 0.21487537617, 0.21439257293],
      [0.42867626749, 0.14335251435, 0.14265312729, 0.28531809087]
    ],
    [
      [0.55553817371, 0.22217700167, 0.11116518727, 0.11111963735],
      [0.46299339127, 0.31482388192, 0.11109141215, 0.11109131467],
      [0.49991024446, 0.49990221432, 7.2560638352e-05, 0.00011498058911],
      [0.39994946224, 0.40003487475, 0.10001541107, 0.10000025194],
      [0.33329084017, 0.44444848456, 0.11113609142, 0.11112458385],
      [1.9820241737e-05, 2.9357947179e-05, 0.99983933209, 0.00011148971855],
      [0.39995399604, 0.19997623259, 0.20000067925, 0.20006909212],
      [0.4000260074, 0.20003581759, 1.6140151104e-05, 0.39992203487]
    ],
    [
      [0.80488234313, 0.19486355928, 8.809851323e-05, 0.00016599907132],
      [0.53670870956, 0.20647097161, 0.15428569555, 0.10253462328],
      [0.48711828138, 0.34608988912, 0.16666519882, 0.00012663068385],
      [0.44182426756, 0.33315654292, 0.22500090564, 1.8283884051e-05],
      [0.49968000041, 0.00019655371825, 0.49983797936, 0.00028546651742],
      [0.33322347633, 0.00013917935549, 0.66643462787, 0.00020271645082],
      [0.49353697889, 0.1249441276, 0.12510962232, 0.25640927118],
      [0.44444764141, 0.10833932919, 0.1140147779, 0.3331982515]
    ],
    [
      [0.8571997038, 0.14205606547, 0.0003856799898, 0.00035855074058],
      [0.50928928567, 0.28815444932, 0.067564842711, 0.1349914223],
      [0.49746634401, 0.37821054693, 5.9756693469e-05, 0.12426335236],
      [0.33288678978, 0.66005392586, 0.0035608164312, 0.0034984679337],
      [0.39792392808, 0.39904487794, 0.19863469061, 0.0043965033694],
      [0.49809711354, 0.16719698463, 0.33074848541, 0.0039574164184],
      [0.39884116912, 0.19880307654, 0.0030039926924, 0.39935176165],
      [0.42867641863, 0.14374674265, 0.0010185268972, 0.42655831182]
    ],
    [
      [0.79910403955, 0.13907363409, 0.061545641642, 0.00027668472008],
      [0.50236000528, 0.28407305544, 0.15042607547, 0.063140863801],
      [0.51984542862, 0.30133897767, 0.14544941492, 0.033366178796],
      [0.24942198642, 0.59784249271, 0.15101070323, 0.0017248176358],
      [0.43086474749, 0.10192018225, 0.46470522059, 0.0025098496662],
      [0.3842792338, 0.14228849924, 0.42958223848, 0.043850028479],
      [0.3986021641, 0.1987809576, 0.20053773861, 0.20207913969],
      [0.17598574163, 0.25223093433, 0.22461536644, 0.34716795761]
    ],
    [
      [0.79998790371, 0.19974827188, 0.00024401942057, 1.9804993277e-05],
      [0.50004365853, 0.29316756344, 0.13781597296, 0.068972805067],
      [0.57100133507, 0.28590321221, 0.14304549352, 4.9959209888e-05],
      [0.25002297363, 0.74931827013, 0.00054178609695, 0.00011697014505],
      [0.33351519615, 0.33336626173, 0.33311206507, 6.4770457285e-06],
      [0.42822270284, 0.28585574568, 0.28582164459, 9.990689044e-05],
      [0.33340962834, 0.16651307362, 0.33353174653, 0.1665455515],
      [0.40018647683, 0.29987769482, 0.10006896858, 0.19986685977]
    ],
    [
      [0.74993054271, 5.3052496461e-05, 0.2499823346, 3.4070194013e-05],
      [0.32004182708, 0.23997776963, 0.31997755078, 0.12000285251],
      [0.32256445542, 0.25808464154, 0.32258003465, 0.096770868387],
      [0.16668461799, 0.66663536945, 0.16666335716, 1.6655394382e-05],
      [0.29999391352, 0.1999916841, 0.39998915931, 0.10002524307],
      [0.24994462078, 0.12503429927, 0.62500435985, 1.6720094616e-05],
      [0.22221985605, 0.22217593477, 0.2222899746, 0.33331423458],
      [0.28573593146, 0.1428761138, 0.28573349024, 0.2856544645]
    ],
    [
      [0.6665652898, 0.16657971774, 0.16682700865, 2.7983806019e-05],
      [0.45449188075, 0.27273457555, 0.18182705697, 0.090946486726],
      [0.38779586013, 0.22450731231, 0.28566291942, 0.10203390814],
      [0.40007595348, 0.19993343106, 0.39989109345, 9.9522008519e-05],
      [0.36350296824, 0.18190208801, 0.36372595138, 0.090868992363],
      [0.39993449387, 0.19990056273, 0.40008060958, 8.4333825992e-05],
      [0.28567371445, 0.14285733566, 0.14287675368, 0.42859219621],
      [0.33348325635, 0.1665814621, 0.16674600228, 0.33318927927]
    ],
    [
      [0.49976354305, 0.16582922812, 0.33417395136, 0.00023327746617],
      [0.66520393407, 0.0005659769893, 0.33305435404, 0.0011757349001],
      [0.35835415849, 0.17007919739, 0.37741600397, 0.094150640145],
      [0.16731896075, 0.49842273596, 0.33341388975, 0.00084441353579],
      [0.28470914002, 0.28599982506, 0.42868427945, 0.00060675546722],
      [0.22164431252, 0.11103266425, 0.55628912118, 0.11103390205],
      [0.25060887564, 0.12464534063, 0.37470756874, 0.250038215],
      [0.2520611221, 0.12501716803, 0.3734011355, 0.24952057436]
    ],
    [
      [0.60012653667, 0.19912665452, 0.20060259556, 0.00014421324247],
      [0.66480492738, 0.16785354401, 0.16632047737, 0.0010210512427],
      [0.36839259233, 0.26337998128, 0.29828323981, 0.06994418658],
      [0.25080805083, 0.37445296209, 0.37454878046, 0.00019020661195],
      [0.24992599028, 0.24924411006, 0.5007200495, 0.00010985016033],
      [0.0017916103959, 6.5353193733e-05, 0.99686988302, 0.0012731533924],
      [0.25022562858, 0.24913541891, 0.24929438641, 0.2513445661],
      [0.33348323518, 0.16696598261, 0.16777899862, 0.33177178359]
    ],
    [
      [0.7845863295, 0.0075602377045, 0.20776138296, 9.2049836798e-05],
      [0.28553044538, 0.42844728641, 0.28031321432, 0.0057090538937],
      [0.33682982953, 0.20163026297, 0.33195248723, 0.12958742027],
      [0.33724393158, 0.11537185641, 0.43609957942, 0.11128463259],
      [0.33336909582, 0.012497050899, 0.65382164038, 0.00031221290878],
      [0.32098538705, 0.10688767661, 0.46113091487, 0.11099602147],
      [0.32518714066, 0.11099526696, 0.33752133123, 0.22629626115],
      [0.25967225478, 0.0095623134668, 0.24983373097, 0.48093170079]
    ],
    [
      [0.66315273939, 0.0012994054552, 0.33445071755, 0.0010971376033],
      [0.79704145737, 0.0020872905776, 0.19994181264, 0.00092943940915],
      [0.29526777219, 0.22946468719, 0.36053388977, 0.11473365086],
      [0.20158407418, 0.5983445984, 0.19869217673, 0.0013791506968],
      [0.24956389167, 0.12458490813, 0.50092245392, 0.12492874629],
      [0.24982240528, 2.8358609305e-05, 0.7490839328, 0.0010653033087],
      [0.22241033063, 0.11065818729, 0.44485943706, 0.22207204502],
      [0.20171725812, 0.000776007079, 0.20069206573, 0.59681466908]
    ],
    [
      [0.62843727192, 0.123822304, 0.24772732246, 1.3101624066e-05],
      [0.39818056796, 0.40180701641, 0.19811171723, 0.0019006984038],
      [0.43521817017, 0.17431994466, 0.30371370788, 0.086748177296],
      [0.43748087122, 0.12500287822, 0.37500741435, 0.062508836199],
      [0.42719018694, 0.14155993883, 0.43123681388, 1.3060350984e-05],
      [0.33329121112, 6.69417401e-07, 0.33652337448, 0.33018474499],
      [0.42586089013, 0.14287762075, 0.28703969795, 0.14422179117],
      [0.37382975558, 0.12381975686, 0.25239599199, 0.24995449557]
    ],
    [
      [0.42856899713, 0.14285619306, 0.28572404406, 0.14285076576],
      [0.55553505857, 0.11111266191, 0.2222327522, 0.11111952733],
      [0.39999065254, 0.39999246341, 0.19999555626, 2.1327794118e-05],
      [0.29824694439, 0.21052572805, 0.31579169305, 0.1754356345],
      [4.3155549451e-05, 1.3411888144e-05, 0.9999256409, 1.779166391e-05],
      [0.2222101225, 0.11111448569, 0.55553766388, 0.11113772793],
      [0.25003485281, 6.5381704886e-06, 0.25000066233, 0.49995794669],
      [0.16666873659, 0.16666118599, 0.16668568159, 0.49998439583]
    ],
    [
      [0.99964622506, 9.5217097973e-06, 0.0001584704379, 0.00018578279261],
      [0.66514030563, 0.16741976962, 0.16739197107, 4.7953667577e-05],
      [0.3345943176, 0.66495420595, 0.00039432201849, 5.7154423883e-05],
      [0.30532468033, 0.22041884151, 0.33875225639, 0.13550422177],
      [0.1667248704, 0.16805167958, 0.66377019107, 0.0014532589612],
      [0.19914707934, 0.19919400209, 0.60069908846, 0.00095983010497],
      [0.27157913334, 0.18142626011, 0.27429878391, 0.27269582263],
      [0.25105894223, 0.12448989036, 0.25054524095, 0.37390592646]
    ],
    [
      [0.74673016069, 0.001450001676, 0.25069703556, 0.001122802072],
      [0.4541988025, 0.18240504168, 0.27238866856, 0.091007487254],
      [0.28518064562, 0.42741658425, 0.28644192183, 0.00096084829654],
      [0.28828860822, 0.22037629427, 0.3558207948, 0.13551430271],
      [0.0014566600241, 0.00064540013566, 0.99653820974, 0.0013597300961],
      [0.16665223366, 0.16610075543, 0.50071696211, 0.1665300488],
      [0.20026422796, 0.19956390504, 0.2015543509, 0.3986175161],
      [0.20119912072, 0.199453365, 0.20014560018, 0.3992019141]
    ],
    [
      [0.66660899348, 1.7781454215e-05, 0.33335435718, 1.8867885319e-05],
      [0.57140376782, 6.3764515262e-05, 0.28568270052, 0.14284976714],
      [0.33332398529, 0.16664834985, 0.33336173471, 0.16666593015],
      [0.32558425227, 0.093014106515, 0.41861832932, 0.16278331189],
      [0.28572951187, 0.21427712137, 0.35714293102, 0.14285043574],
      [0.24999234448, 1.0033937844e-07, 0.6250078669, 0.12499968827],
      [0.28568290866, 6.5523173756e-07, 0.57141201828, 0.14290441783],
      [0.25002896691, 9.8780254774e-06, 0.4166209465, 0.33334020856]
    ],
    [
      [0.74994782738, 0.00011649920116, 0.24962932989, 0.00030634352695],
      [0.33317261342, 0.33345418765, 0.33294095985, 0.00043223907724],
      [0.33314618601, 0.22241737229, 0.33308360852, 0.11135283317],
      [0.32814578483, 0.17176014601, 0.34382850313, 0.15626556602],
      [0.33335665677, 0.0006484317577, 0.49904091285, 0.16695399863],
      [0.33307919419, 0.11103355525, 0.33379553223, 0.22209171832],
      [0.25066514562, 0.00033656152867, 0.24979699191, 0.49920130093],
      [0.00053167598605, 0.00022691081122, 0.0022898889109, 0.99695152429]
    ],
    [
      [0.59994775162, 0.19995399018, 0.20003044736, 6.7810844734e-05],
      [0.6249362097, 0.12512270507, 0.24992349251, 1.7592720323e-05],
      [0.33351511707, 0.33323976926, 0.33323901454, 6.099129515e-06],
      [0.35086355347, 0.24562622868, 0.33333598733, 0.070174230515],
      [0.2000873208, 0.3998191833, 0.39994795668, 0.00014553922072],
      [0.33321501668, 1.0991522207e-05, 0.66672732158, 4.66702104e-05],
      [0.24999507242, 0.12504569323, 0.50001614081, 0.12494309353],
      [0.25005201008, 0.12495254016, 0.2501029479, 0.37489250186]
    ],
    [
      [0.57151145149, 0.14280151657, 0.14285638436, 0.14283064758],
      [0.39984593513, 0.40009574577, 0.19990607308, 0.0001522460157],
      [0.28581880007, 0.42852086822, 0.14286158204, 0.14279874967],
      [0.25001151504, 0.25012554375, 0.37490315811, 0.1249597831],
      [0.31578643858, 0.22805218726, 0.28072280578, 0.17543856838],
      [0.28572160193, 0.14283493913, 0.28566783274, 0.2857756262],
      [0.19999452772, 0.19993427852, 0.19999750501, 0.40007368875],
      [0.24987889797, 0.00019239681583, 0.2500890803, 0.49983962492]
    ],
    [
      [0.79993246277, 3.5685075586e-05, 0.19998464546, 4.7206702593e-05],
      [0.79994001994, 2.481616986e-05, 0.19999928208, 3.5881811277e-05],
      [0.30000804576, 0.39998572456, 0.2000103137, 0.099995915985],
      [0.20002587836, 0.39993325945, 0.3999418817, 9.8980484115e-05],
      [0.37735998936, 0.16981602147, 0.28302282106, 0.16980116811],
      [0.33335701231, 0.16665040913, 0.33332554464, 0.16666703392],
      [0.20005977398, 1.4655242426e-05, 0.39995869672, 0.39996687405],
      [0.36362794159, 0.090904461998, 0.18184650447, 0.36362109195]
    ],
    [
      [0.57238934343, 0.1419726668, 0.14195889078, 0.14367909899],
      [0.59872488127, 0.20239383385, 0.19845187708, 0.00042940779869],
      [0.2503443781, 0.74348509698, 0.0050292293766, 0.0011412955414],
      [0.24858358145, 0.25183461118, 0.49690508941, 0.0026767179611],
      [0.36252236248, 0.21735583379, 0.24633293276, 0.17378887097],
      [0.002375989088, 0.0011153861885, 0.98901180581, 0.0074968189118],
      [0.24851866135, 0.00042770808213, 0.0066618820407, 0.74439174853],
      [0.33224078433, 0.16876076345, 0.16560990157, 0.33338855065]
    ],
    [
      [0.66681269109, 0.16550818479, 0.16533338519, 0.0023457389289],
      [0.5000051836, 0.25174242814, 0.12413112669, 0.12412126157],
      [0.33332965993, 0.65902028102, 0.0049951745103, 0.0026548845455],
      [0.3310427604, 0.50212659735, 0.16681957885, 1.1063403317e-05],
      [0.36663259685, 0.31681472295, 0.16703313387, 0.14951954633],
      [0.33332975173, 0.16818326128, 0.49365861972, 0.0048283672661],
      [0.33201972695, 0.16551081715, 0.16798958849, 0.33447986741],
      [0.20455683193, 0.19842863827, 0.0014340794306, 0.59558045037]
    ],
    [
      [0.99999682279, 1.5681063185e-06, 9.2350413464e-07, 6.8560339172e-07],
      [0.49999923608, 0.16666824417, 0.24999864932, 0.08333387043],
      [0.33333316911, 0.33333247299, 0.22222269828, 0.11111165962],
      [0.1999994553, 0.59999636074, 0.20000121079, 2.973172527e-06],
      [0.33333357412, 0.24444424545, 0.28888911236, 0.13333306807],
      [0.29999965868, 0.20000127792, 0.3999977984, 0.10000126501],
      [0.33333217417, 0.16666719035, 0.16666782819, 0.33333280729],
      [0.27272902323, 0.18181790061, 0.18181900123, 0.36363407493]
    ],
    [
      [0.49996000658, 0.12471252758, 0.24917484524, 0.1261526206],
      [0.66610039559, 0.00058664631795, 0.16700785677, 0.16630510133],
      [0.33339798268, 0.66266402996, 0.0037851516139, 0.00015283574225],
      [0.33145734005, 0.33263441181, 0.16848067971, 0.16742756843],
      [0.3712523682, 0.16131856318, 0.28999023541, 0.17743883321],
      [0.3726718887, 0.12549340503, 0.37712057527, 0.12471413101],
      [0.20087466236, 0.0018101573724, 0.59672806067, 0.20058711959],
      [0.0056921677464, 0.00011619840418, 0.0011575316891, 0.99303410216]
    ],
    [
      [0.59977658059, 7.610150584e-05, 0.39908041756, 0.0010669003468],
      [0.49910358262, 0.0018824177916, 0.49888721101, 0.00012678857944],
      [0.25003447096, 0.24976945305, 0.49956533679, 0.00063073919953],
      [0.25041012012, 0.24967421687, 0.49898098948, 0.00093467353071],
      [0.2272443937, 0.18150200601, 0.50000098351, 0.091252616784],
      [0.24976602983, 0.10411678446, 0.52125948544, 0.12485770027],
      [0.0018006328493, 0.00038731182429, 0.49957340878, 0.49823864655],
      [0.18283427667, 0.091171884678, 0.45411272795, 0.2718811107]
    ],
    [
      [0.27203913913, 0.0035515588663, 0.63235956299, 0.09204973901],
      [0.49723608006, 0.00027620635133, 0.49710176198, 0.0053859516122],
      [0.17102007101, 0.32943005684, 0.49938141094, 0.0001684612079],
      [0.00071709625879, 0.49575885206, 0.50162059613, 0.0019034555501],
      [0.0001705245207, 0.00024465819207, 0.99817757415, 0.0014072431398],
      [0.15299406872, 0.0765424183, 0.67482279667, 0.095640716308],
      [0.1013627475, 0.0021226253328, 0.59769737281, 0.29881725435],
      [0.14545728557, 0.00089770513502, 0.56987946647, 0.28376554283]
    ],
    [
      [0.44223217769, 0.0017248631887, 0.55457929904, 0.0014636600799],
      [0.18690837439, 0.16557501718, 0.63694502121, 0.010571587222],
      [0.010698113416, 0.31352020792, 0.66601316555, 0.0097685131178],
      [0.11891985522, 0.022148407157, 0.8514406235, 0.0074911141219],
      [0.0042982998273, 0.028093030599, 0.96643789628, 0.0011707732934],
      [0.13370602414, 0.059568440161, 0.71541075505, 0.091314780647],
      [0.013114955615, 0.0011174698727, 0.61059250593, 0.37517506858],
      [0.0023140404878, 0.0024453288309, 0.0011333977648, 0.99410723292]
    ],
    [
      [0.37407722183, 0.0004650507131, 0.50056913375, 0.12488859371],
      [0.2504469784, 0.25020380337, 0.49784941234, 0.0014998058895],
      [0.0026126064604, 0.6630642298, 0.33350566676, 0.00081749698777],
      [0.00018638690734, 0.39882632184, 0.59976183455, 0.0012254566937],
      [0.0013840377842, 0.0004936208869, 0.8309752512, 0.16714709012],
      [0.12707718683, 0.072759111883, 0.63675187788, 0.16341182341],
      [0.090668695199, 0.00031640764765, 0.63630418372, 0.27271071343],
      [0.12523992601, 0.00049333990405, 0.49977153703, 0.37449519705]
    ],
    [
      [0.4799465445, 0.039760614396, 0.46031462665, 0.019978214455],
      [0.41166498455, 0.00014141132366, 0.57109943215, 0.017094171986],
      [0.12509735911, 0.37481473756, 0.50000363444, 8.42688851e-05],
      [0.16675707703, 0.33320055974, 0.48013441305, 0.019907950173],
      [0.039742653208, 0.00021626795268, 0.92044515935, 0.039595919492],
      [0.16002330678, 0.092481530262, 0.65111385884, 0.096381304118],
      [0.04758784106, 0.00027364765949, 0.59977081967, 0.35236769161],
      [0.029688906964, 0.029833696816, 0.47036142383, 0.47011597239]
    ],
    [
      [0.3998789424, 0.00030276829231, 0.59968534481, 0.00013294450654],
      [0.33321253291, 0.11123795975, 0.55540431015, 0.00014519719168],
      [0.11131815661, 0.33314336993, 0.5554392651, 9.9208358413e-05],
      [0.00039581751537, 0.49971438952, 0.49978036408, 0.00010942888643],
      [0.10012119857, 0.10000283936, 0.7995861539, 0.00028980816539],
      [0.156779752, 0.13719514037, 0.60804680589, 0.097978301733],
      [0.1251088926, 0.12510276306, 0.4999231812, 0.24986516314],
      [0.16686449476, 0.00030379255564, 0.49979771358, 0.33303399911]
    ],
    [
      [0.55518385503, 0.00020323937622, 0.33348300678, 0.11112989881],
      [0.25084932005, 0.24975465104, 0.37446261832, 0.12493341058],
      [0.20005900134, 0.19998444847, 0.40021171815, 0.19974483204],
      [0.14315854636, 0.28560240186, 0.428413814, 0.14282523778],
      [0.1996960812, 1.1832215237e-06, 0.60014679463, 0.20015594095],
      [0.24997098054, 0.071333093141, 0.50031591134, 0.17838001498],
      [0.25794352763, 0.064522843862, 0.41920646553, 0.25832716297],
      [0.14288981362, 0.00049341401892, 0.42828811163, 0.42832866073]
    ],
    [
      [0.49905318908, 0.0010555106281, 0.33311659775, 0.16677470255],
      [0.4991789503, 0.001562786107, 0.25017060773, 0.24908765587],
      [0.001170939438, 0.39886416502, 0.39976941002, 0.20019548553],
      [0.10058405272, 0.29935870069, 0.4002345924, 0.1998226542],
      [0.14277850708, 0.14229295163, 0.42961629354, 0.28531224775],
      [0.16730190926, 7.013481771e-05, 0.66602849466, 0.16659946126],
      [0.17229991466, 0.10343057955, 0.41359359495, 0.31067591085],
      [0.000153446145, 0.0010157189305, 0.25187786974, 0.74695296519]
    ],
    [
      [0.32857334663, 0.083105254551, 0.42611826557, 0.16220313325],
      [0.44548101589, 0.016091948784, 0.33237870271, 0.20604833261],
      [0.19098944909, 0.33066362448, 0.31199590057, 0.16635102586],
      [0.14375130128, 0.27496493404, 0.4459566779, 0.13532708677],
      [0.0012235216374, 1.0051023074e-05, 0.97267259454, 0.0260938328],
      [0.23013949531, 0.0011884328794, 0.45256892561, 0.3161031462],
      [0.23608290364, 0.098637233245, 0.41421970409, 0.25106015902],
      [0.0041309222911, 0.0016463524817, 0.29984425531, 0.69437846991]
    ],
    [
      [0.31598176642, 0.076931799331, 0.30331991725, 0.303766517],
      [0.50030728021, 0.015068821838, 0.23640539654, 0.24821850141],
      [0.48555092099, 0.0024727914398, 0.27557474193, 0.23640154563],
      [0.027259648729, 0.9712172893, 2.5563636516e-05, 0.0014974983314],
      [0.1287676727, 0.31465239483, 0.34056711916, 0.21601281331],
      [0.13272625781, 0.0012523420517, 0.62909311974, 0.2369282804],
      [0.19868109681, 0.093370387027, 0.33176867467, 0.3761798415],
      [0.15746443162, 0.017232397938, 0.33258532205, 0.49271784839]
    ],
    [
      [0.42847660277, 1.3624087969e-05, 0.28583922697, 0.28567054618],
      [0.43154843464, 8.3774174177e-05, 0.28840763009, 0.2799601611],
      [0.33004896281, 0.16327135498, 0.33678734829, 0.16989233392],
      [0.22461055949, 0.21773213146, 0.33114185269, 0.22651545636],
      [0.20207811735, 2.5188837272e-05, 0.49794317269, 0.29995352112],
      [0.200160967, 1.2329272975e-05, 0.59990426296, 0.19992244077],
      [0.27832224963, 0.040778768846, 0.36040303168, 0.32049594985],
      [0.17338957268, 0.003474820353, 0.33002776851, 0.49310783846]
    ],
    [
      [0.99117512783, 1.4695717904e-05, 0.00020744875943, 0.0086027276926],
      [0.61391785379, 0.0089813351175, 0.00019598587311, 0.37690482522],
      [0.15536592884, 0.22062247818, 0.46959568372, 0.15441590926],
      [0.17647470413, 0.37489624931, 0.32493184092, 0.12369720565],
      [0.12647045371, 0.34237617671, 0.37573707264, 0.15541629695],
      [0.22127359295, 0.029432054511, 0.5940823735, 0.15521197904],
      [0.15926039805, 0.098792875326, 0.46086677404, 0.28107995258],
      [0.15085184647, 0.15272553938, 0.1008976474, 0.59552496674]
    ],
    [
      [0.33337725345, 0.11119692332, 0.44433175742, 0.11109406581],
      [0.28729128186, 0.14289511531, 0.42526587245, 0.14454773038],
      [0.3748383918, 0.12361906443, 0.37793821644, 0.12360432733],
      [0.0029015722151, 0.74411031533, 0.25296189746, 2.6214998865e-05],
      [7.1834093207e-06, 0.4940396728, 0.50568246676, 0.0002706770233],
      [8.5728720506e-05, 5.527227095e-05, 0.80216377095, 0.19769522806],
      [0.17294689572, 0.13139878601, 0.47704465848, 0.21860965979],
      [0.15906590048, 0.10530885489, 0.42224008822, 0.31338515641]
    ],
    [
      [0.59952020219, 0.17748974601, 0.19673107012, 0.026258981685],
      [0.44973589215, 0.42568705469, 0.12446295151, 0.00011410165433],
      [0.27487663287, 0.44281476762, 0.28230442227, 4.177237892e-06],
      [0.29016943216, 0.093132109341, 0.61666956851, 2.8889986317e-05],
      [0.4131143147, 0.22398209196, 0.36261990317, 0.0002836901757],
      [0.3666624785, 0.17885108554, 0.20427965003, 0.25020678593],
      [0.27393698198, 0.24973841663, 0.25061782751, 0.22570677388],
      [0.36983246909, 0.24696403699, 0.25888570532, 0.1243177886]
    ],
    [
      [0.625000537, 0.12499926729, 0.249998577, 1.61871102e-06],
      [0.66665964759, 0.33333827476, 1.0329343296e-06, 1.0447072068e-06],
      [0.28571780688, 0.42856702849, 0.28571507396, 9.0672694344e-08],
      [0.33333280339, 0.3333361636, 0.33333066947, 3.6354457154e-07],
      [0.28571902286, 0.14285632399, 0.57142376045, 8.9269970626e-07],
      [0.33333621434, 7.4680935917e-07, 0.66666228558, 7.5327253451e-07],
      [0.33333292188, 0.11111035683, 0.22222435408, 0.33333236721],
      [0.35185108857, 0.20370382677, 0.29629730325, 0.14814778141]
    ],
    [
      [0.74961463479, 1.2122627627e-06, 0.24999997846, 0.00038417449185],
      [0.79938448313, 0.00091930510669, 0.19969549829, 7.1347133569e-07],
      [0.44478435017, 0.33282298499, 0.22239218122, 4.8362768936e-07],
      [0.38461576025, 0.23088659353, 0.30745649318, 0.077041153032],
      [0.25076749735, 5.154619976e-07, 0.74923067896, 1.3082231348e-06],
      [0.25038355543, 2.6363762431e-08, 0.74961554371, 8.7449811088e-07],
      [0.39999950012, 1.154020682e-06, 0.20000136632, 0.39999797954],
      [0.42851702319, 0.1249724662, 0.30370833625, 0.14280217436]
    ],
    [
      [0.7499676952, 1.4155710779e-05, 0.25000273347, 1.5415621207e-05],
      [0.66663561151, 3.2472207016e-05, 0.33332799548, 3.9208011152e-06],
      [0.45454669633, 0.18181839413, 0.363628829, 6.0805434557e-06],
      [0.20000720856, 0.59997556539, 0.20000478415, 1.2441898238e-05],
      [0.25000131127, 0.4999601905, 0.25003163962, 6.8586139301e-06],
      [0.36363461742, 0.090908998099, 0.54545187916, 4.5053216408e-06],
      [0.20001244612, 2.1854507137e-05, 0.59997602193, 0.19998967744],
      [0.36842323535, 0.15789503131, 0.38596643335, 0.08771529999]
    ],
    [
      [0.99589952245, 0.00021571247255, 0.0020471197892, 0.0018376452852],
      [0.40126287169, 0.20029063876, 0.29885196302, 0.099594526535],
      [0.55585669439, 0.11089381567, 0.22258859832, 0.11066089162],
      [0.2857716777, 0.42850644684, 0.28571249488, 9.3805717446e-06],
      [0.20154840665, 0.19926504045, 0.59901870247, 0.00016785042513],
      [0.33258760371, 0.16734340778, 0.49931774695, 0.00075124156901],
      [0.33387393543, 0.16660182918, 0.16749057145, 0.33203366393],
      [0.36338089048, 0.19998320172, 0.29105741561, 0.14557849219]
    ],
    [
      [0.66664542996, 1.143021329e-05, 0.33328482729, 5.8312544926e-05],
      [0.5713860609, 0.0001996919882, 0.42841329216, 9.5495228625e-07],
      [0.16679007685, 0.49982548954, 0.33337908442, 5.349184964e-06],
      [0.28572093629, 0.28575880313, 0.42851868216, 1.5784257179e-06],
      [0.16688435415, 0.33320845589, 0.4999011718, 6.0181561925e-06],
      [0.16666998328, 6.343870779e-05, 0.83326560023, 9.7778438799e-07],
      [0.28576048334, 2.3627356481e-06, 0.42863210682, 0.28560504711],
      [0.32723615583, 0.12726583834, 0.45458304236, 0.090914963465]
    ]
  ],
  "expected_outcome": [
    [
      [31.0016266317, 21.003701518, 21.0169019281, 30.0132737015, 18.0002007991, 23.0032840263, 9.0053367345, 4.9998435634, 4.0244117157, 6.0003979266, 3.9955201978, 3.9999395186, 2.9997221708, 3.9993917388, 2.9985812583, 3.0006326834, 3.9229316475, 1.9894582182, 5.0274981754, 2.9999829799, 1.9992924501, 2.9869206428, 1.9998269804, 2.9997913095, 2.9997387581, 4.0005801604, 3.9996623138, 4.006725404, 4.0008761465, 1.9999936456, 3.9996800527, 2.998882903, 2.9924305305, 3.0956252439, 2.9926177747, 2.879679267, 1.999394712, 4.9966546953, 2.9943191345, 3.9428801596, 4.1077629635, 2.9993362194, 0.99117512783, 3.000395281, 2.9976010109, 5.000004296, 2.9984585391, 2.9998707808, 1.9917990449, 3.9998725797],
      [7.9928544374, 5.9962294032, 7.9852481555, 5.9849416881, 9.9983460945, 8.9968534882, 1.9967944208, 1.9995930151, 0.9743177964, 0.9943924583, 0.69536817043, 0.99874135938, 0.00021220998584, 0.99947830645, 0.99497536874, 0.99563327261, 0.037801188523, 0.0038982163656, 0.99057843196, 0.99999335141, 1.9043419595e-05, 0.0058000067041, 5.3344362646e-05, 0.00046599680463, 0.9997699509, 0.99961061602, 0.00017842537793, 0.99380866758, 0.99304910871, 3.136212637e-06, 0.99770022061, 0.0003805075292, 0.039067147529, 0.012074042321, 0.0037204057048, 0.23856368637, 0.0015138414616, 0.001829154386, 0.0063330637688, 0.99726305461, 1.0001133913, 9.5368615786e-05, 1.4695717904e-05, 1.0007723099, 0.88744873003, 0.99999413829, 4.8490510509e-06, 5.6622843117e-05, 0.0004314249451, 6.858127974e-05],
      [6.9939148105, 11.9968600382, 13.9750927863, 4.9910699226, 8.00046839, 11.0019474159, 3.9963752858, 1.0004866855, 0.00044049256615, 0.0026997599286, 0.30772820821, 0.0012200971029, 0.9999293384, 1.0009620519, 2.0050437082, 1.0030129778, 1.0388069148, 1.0033521527, 1.9818185796, 2.0000683084, 0.0003169408758, 1.0027881423, 1.0000630715, 0.99851731957, 1.0001522368, 0.9999946905, 0.99992322728, 0.99371223548, 0.99200031117, 1.8470082693e-06, 1.9933987619, 1.9954020878, 6.9559551929, 3.8820550933, 4.00455307, 2.7618877599, 2.998426724, 3.001347061, 1.9986995865, 5.1134191868, 3.9431589242, 2.0008745888, 0.00020744875943, 3.9989858168, 0.98365535062, 1.999988616, 0.99999991384, 1.0000109339, 0.0040942395783, 1.9997089637],
      [20.0116041204, 17.0032090406, 16.02275713, 23.0107146878, 16.0009847164, 11.9979150696, 2.0014935589, 1.0000767361, 0.00082999535661, 0.002509855184, 0.0013834236004, 9.9024966386e-05, 0.00013628077605, 0.00016790283612, 0.001399664797, 0.00072106621234, 0.00046024918399, 0.0032914128098, 0.00010481299253, 0.9999553603, 0.00037156558521, 0.004491208288, 5.6603655956e-05, 0.0012253741078, 0.00033905422367, 0.99981453306, 0.00023603351296, 1.0057536929, 0.014074433573, 1.3712067834e-06, 1.0092209648, 0.0053345017341, 1.0125471291, 0.010245620559, 0.99910874965, 0.11986928673, 0.00066472253268, 1.0001690893, 1.0006482153, 1.946437599, 3.948964721, 1.9996938232, 0.0086027276926, 0.99984659231, 0.13129490842, 1.294968816e-05, 0.0015366979674, 6.1662484827e-05, 0.0036752905705, 0.00034987526956]
    ],
    [
      [3.9931687708, 2.9997140848, 2.9885141437, 3.9952009945, 1.9994920608, 4.9978027065, 19.0142324221, 25.0016431283, 31.1291051543, 30.0480678543, 31.6486803329, 29.0025321948, 8.001045677, 4.9994106883, 1.9956118022, 3.9888295643, 1.9987131176, 3.9852072869, 1.9909028398, 4.9998155271, 3.9908418338, 4.9961868275, 3.9998263747, 0.99951784027, 4.9994896776, 1.9992296756, 3.9997000997, 2.9936244063, 4.0000414688, 5.9999908329, 3.9966023735, 1.9964143305, 1.9889443202, 1.1214502463, 1.0017879136, 2.8816548918, 2.9989127962, 2.0067945604, 1.9967158012, 4.009329143, 2.0012291208, 3.0208390425, 1.2278357076, 2.011038973, 3.148151245, 1.9999789428, 3.9969224156, 1.9999068345, 4.0126287169, 3.9997024263],
      [1.0002867936, 0.99955267773, 0.004425973199, 0.0079868254874, 1.999509968, 1.0010112442, 7.0002528778, 17.0004896237, 11.9753163536, 17.0011125099, 17.896602493, 17.0037186798, 5.9994442408, 3.0000803311, 0.0016979309679, 1.007121264, 2.9991310049, 0.010436452888, 2.009035082, 1.0000139572, 1.0045186177, 2.0064554585, 0.00044635160684, 1.000362563, 1.0009816406, 2.0004787289, 0.0001240808493, 1.0119691692, 2.0139394251, 2.0000189301, 0.0035198779077, 0.0075296711665, 0.0011048254053, 0.99345010307, 1.0008152135, 0.00098987926564, 1.0011416378, 1.9980372083, 0.0062511444278, 0.14482753906, 0.060275287352, 0.00058641921924, 0.017962670235, 1.0002658072, 2.9798093828, 1.0000148243, 0.0045965255335, 9.7416621047e-05, 2.0029063876, 0.0013978439174],
      [0.0021111207053, 0.99949041205, 0.0037888537162, 0.0042643932469, 0.9999720199, 1.0001416739, 8.9901266597, 5.998936256, 8.9485703418, 3.98632572, 9.4768427547, 7.9933264316, 7.9994387695, 2.0000976266, 0.99916306211, 0.99792286421, 1.9621925002, 0.99970906319, 0.99055858613, 2.0000947698, 1.0043518264, 2.9962753542, 1.9997789037, 0.99882287955, 1.9993879401, 0.99953036542, 0.99999641039, 0.99225938542, 0.99304901352, 2.9999837918, 1.0020471406, 1.9955488441, 1.9884070479, 3.8216701273, 1.9913976494, 3.997696025, 4.9986387913, 2.9957009466, 1.0006824309, 2.9914083244, 0.94562158617, 2.0188534107, 0.00039197174623, 2.9768611071, 0.87124066055, 3.0988029888e-06, 0.99847749147, 0.99998398644, 2.9885196302, 2.9988930451],
      [1.0044333149, 1.0012428255, 0.0032710294203, 1.9925477868, 2.0010259513, 1.0010443754, 4.9953880404, 5.998930992, 5.9470081503, 7.9644939158, 3.9778744195, 4.0004226939, 3.0000713127, 1.000411354, 0.0035272047004, 0.0061263074561, 0.039963377256, 0.0046471970457, 0.0095034920191, 1.0000757459, 0.00028772200546, 1.0010823598, 0.99994837001, 0.0012967172317, 0.00014074176258, 0.00076123007851, 0.00017940905638, 0.0021470389934, 0.99297009253, 1.0000064452, 0.99783060795, 0.00050715431775, 0.021543806449, 0.063429523329, 0.0059992235581, 0.1196592039, 0.0013067747252, 0.99946728468, 0.99635062347, 1.8544349935, 0.99287400565, 1.9597211277, 0.75380965045, 1.0118341127, 0.00079871158034, 3.1341216204e-06, 3.5673566785e-06, 1.1762403346e-05, 0.99594526535, 6.6846660038e-06]
    ],
    [
      [1.9985448576, 2.9985751705, 0.0047296178667, 2.9924813343, 1.0005368041, 1.9979871886, 1.9981231436, 2.9994614667, 2.9227096883, 3.9797307521, 4.6786088576, 3.9970093455, 9.999498118, 19.0019971462, 18.9927704002, 20.9983777629, 18.1888107947, 18.0113341033, 20.0200358278, 1.9999532627, 1.0037829528, 1.9962645194, 1.9999439117, 2.9983156741, 2.0010907024, 2.0007316005, 3.0000804576, 1.0013775124, 0.99998897978, 2.999998522, 1.000193948, 1.0001378839, 1.0261204261, 0.064188680498, 0.0078378193813, 1.0007788729, 1.0018634095, 1.0002950067, 0.00585469719, 1.1459366945, 1.942203684, 1.9802937769, 1.2429274307, 2.9987071344, 1.0995065315, 2.0000246482, 4.0030591515, 5.0000136596, 5.0027102495, 1.0007404611],
      [1.9876421512, 2.0012032044, 2.9836813192, 0.99974084738, 2.9994273898, 2.9978074743, 1.9979527562, 2.9994132859, 2.0765393347, 3.0256843755, 2.712050799, 2.0013224854, 8.0006238878, 11.0008583031, 9.0141974616, 15.0126589328, 10.8880342002, 13.9973459183, 8.0187174542, 1.999962317, 1.9948626179, 2.9919160897, 0.99989009911, 2.0017563506, 1.9994386156, 2.9996460775, 3.9998572456, 2.9739403879, 1.9770608431, 2.9999922569, 1.9879920899, 0.99907781218, 1.976580341, 1.8811212475, 1.9891926894, 2.9985179005, 2.9982903294, 0.99992224236, 1.9943208251, 1.9839817469, 0.0098911657591, 0.97962812986, 1.7649798255, 0.98895251545, 1.7712590705, 2.9999691994, 2.9954068649, 2.0000023354, 0.99804434106, 2.9989529373],
      [0.0076234128663, 2.0010538214, 0.009331665422, 0.0039299503286, 0.99997433381, 1.003135342, 1.0029166569, 0.00043536383011, 0.99999119293, 0.00047805354775, 1.3090447343, 1.0013184546, 9.9999810741, 13.9974830517, 20.0030482105, 17.0021446692, 17.9254343103, 21.9925672759, 13.9708305624, 0.99997778129, 0.0011829660555, 2.0050934528, 2.0001704083, 2.9977524767, 1.9994340872, 1.0000310743, 2.000103137, 0.020116917506, 0.014985523531, 2.0000042845, 0.011355454842, 1.9982613472, 2.9962884656, 3.9960789933, 1.0005170003, 4.0000290755, 4.9989533859, 2.0010585907, 1.9988470501, 1.8719754034, 1.1022989677, 2.0207240898, 3.7567654697, 3.0235057315, 1.1292176891, 2.0000055177, 2.001529631, 3.999917119, 2.0032973848, 2.0002745065],
