{
  "Z_true": {},
  "V_true": [
    [25, 923, 103, 106, 203, 57],
    [148, 37, 5515, 175, 242, 54],
    [304, 74, 331, 8790, 511, 132],
    [577, 52, 132, 283, 11829, 89],
    [341, 323, 648, 1010, 1565, 638]
  ],
  "p_true": [
    [0.0176, 0.6514, 0.0727, 0.0748, 0.1433, 0.0402],
    [0.024, 0.006, 0.8937, 0.0284, 0.0392, 0.0088],
    [0.03, 0.0073, 0.0326, 0.8667, 0.0504, 0.013],
    [0.0445, 0.004, 0.0102, 0.0218, 0.9126, 0.0069],
    [0.0754, 0.0714, 0.1432, 0.2232, 0.3459, 0.141]
  ],
  "Z_est": {},
  "V_est": [
    [0, 1039.9223, 377.0777, 0, 0, 0],
    [0, 0, 6171, 0, 0, 0],
    [43.6816, 369.0777, 180.9223, 8916.7262, 591.0304, 40.5618],
    [439.9458, 0, 0, 0, 12482.6363, 39.4179],
    [911.3726, 0, 0, 1447.2738, 1276.3333, 890.0203]
  ],
  "p_est": [
    [0, 0.7339, 0.2661, 0, 0, 0],
    [0, 0, 1, 0, 0, 0],
    [0.0043, 0.0364, 0.0178, 0.8792, 0.0583, 0.004],
    [0.0339, 0, 0, 0, 0.963, 0.003],
    [0.2014, 0, 0, 0.3198, 0.2821, 0.1967]
  ],
  "EI_Z": {},
  "EI_V": 9.8309,
  "MAE_Z": {},
  "MAE_V": 230.8092,
  "MAE_p": 0.0507,
  "runtime": 0.049
}
