{
  "Z_true": {},
  "V_true": [
    [648, 15, 17, 89, 647, 34],
    [38, 38, 1736, 988, 765, 78],
    [71, 171, 650, 5143, 667, 221],
    [180, 66, 255, 190, 16306, 418],
    [161, 1146, 156, 939, 777, 138],
    [48, 76, 179, 253, 887, 342]
  ],
  "p_true": [
    [0.4469, 0.0103, 0.0117, 0.0614, 0.4462, 0.0234],
    [0.0104, 0.0104, 0.4765, 0.2712, 0.21, 0.0214],
    [0.0103, 0.0247, 0.0939, 0.7429, 0.0963, 0.0319],
    [0.0103, 0.0038, 0.0146, 0.0109, 0.9363, 0.024],
    [0.0485, 0.3455, 0.047, 0.2831, 0.2342, 0.0416],
    [0.0269, 0.0426, 0.1003, 0.1417, 0.4969, 0.1916]
  ],
  "Z_est": {},
  "V_est": [
    [565.4724, 0, 0, 316.5605, 446.5841, 121.3829],
    [0, 0, 2599.3007, 532.4415, 386.7176, 124.5402],
    [0, 229.9703, 115.4911, 6577.5386, 0, 0],
    [0, 0, 0, 0, 17359.3278, 55.6722],
    [580.5276, 1170.3965, 183.7374, 175.4593, 713.9422, 492.937],
    [0, 111.6332, 94.4708, 0, 1142.4282, 436.4677]
  ],
  "p_est": [
    [0.39, 0, 0, 0.2183, 0.308, 0.0837],
    [0, 0, 0.7135, 0.1462, 0.1062, 0.0342],
    [0, 0.0332, 0.0167, 0.9501, 0, 0],
    [0, 0, 0, 0, 0.9968, 0.0032],
    [0.175, 0.3528, 0.0554, 0.0529, 0.2152, 0.1486],
    [0, 0.0625, 0.0529, 0, 0.64, 0.2445]
  ],
  "EI_Z": {},
  "EI_V": 14.4318,
  "MAE_Z": {},
  "MAE_V": 276.8749,
  "MAE_p": 0.0671,
  "runtime": 0.0384
}
