{
  "X": [
    [27, 80, 307, 358, 33],
    [5, 9, 45, 85, 11],
    [18, 50, 221, 243, 20],
    [1, 3, 30, 17, 2],
    [4, 44, 270, 143, 20],
    [12, 134, 244, 171, 25],
    [30, 268, 556, 460, 52],
    [14, 43, 154, 216, 18],
    [47, 111, 383, 427, 43],
    [8, 22, 108, 169, 13],
    [34, 89, 516, 305, 34],
    [10, 29, 86, 112, 10],
    [28, 88, 526, 248, 33],
    [34, 104, 462, 251, 36],
    [21, 47, 247, 159, 22],
    [22, 54, 280, 245, 27],
    [25, 54, 228, 176, 18],
    [21, 90, 189, 412, 40],
    [18, 30, 88, 360, 35],
    [15, 54, 132, 378, 31],
    [15, 45, 150, 321, 27],
    [21, 73, 171, 523, 28],
    [42, 209, 380, 658, 40],
    [10, 39, 108, 124, 6],
    [14, 197, 319, 510, 33],
    [1, 38, 92, 64, 8],
    [0, 7, 11, 39, 5],
    [31, 65, 157, 540, 34],
    [11, 17, 85, 213, 7],
    [38, 37, 142, 392, 26],
    [9, 33, 74, 269, 14],
    [21, 37, 99, 406, 17],
    [29, 78, 287, 720, 32],
    [30, 105, 246, 680, 38],
    [28, 57, 191, 357, 25],
    [17, 48, 159, 236, 13],
    [20, 42, 153, 228, 24],
    [18, 58, 106, 191, 15],
    [69, 198, 701, 695, 55],
    [0, 3, 5, 13, 0],
    [2, 10, 18, 13, 2],
    [121, 421, 1293, 2104, 183],
    [7, 41, 120, 108, 8],
    [16, 45, 130, 249, 9],
    [47, 331, 595, 1094, 59],
    [4, 56, 139, 146, 11]
  ],
  "W": [
    [92, 237, 383, 42, 51],
    [11, 74, 51, 8, 11],
    [51, 184, 249, 37, 31],
    [4, 12, 29, 6, 2],
    [43, 97, 310, 17, 14],
    [119, 95, 318, 18, 36],
    [281, 246, 725, 36, 78],
    [45, 165, 164, 39, 32],
    [115, 308, 457, 59, 72],
    [27, 127, 133, 12, 21],
    [73, 203, 600, 45, 57],
    [24, 88, 108, 11, 16],
    [97, 146, 600, 41, 39],
    [91, 188, 519, 36, 53],
    [48, 96, 291, 27, 34],
    [75, 153, 333, 26, 41],
    [49, 117, 277, 30, 28],
    [92, 336, 217, 57, 50],
    [43, 322, 104, 32, 30],
    [63, 302, 161, 51, 33],
    [40, 283, 165, 26, 44],
    [64, 435, 188, 77, 52],
    [230, 464, 488, 76, 71],
    [47, 85, 126, 16, 13],
    [204, 339, 423, 51, 56],
    [37, 34, 107, 11, 14],
    [4, 39, 13, 4, 2],
    [64, 414, 221, 68, 60],
    [30, 129, 119, 31, 24],
    [44, 295, 189, 53, 54],
    [40, 210, 97, 35, 17],
    [42, 294, 159, 46, 39],
    [88, 521, 397, 68, 72],
    [118, 489, 345, 90, 57],
    [54, 248, 249, 64, 43],
    [56, 172, 194, 26, 25],
    [33, 167, 196, 39, 32],
    [69, 140, 126, 27, 26],
    [203, 492, 831, 96, 96],
    [3, 10, 8, 0, 0],
    [7, 14, 20, 2, 2],
    [479, 1586, 1525, 297, 235],
    [53, 64, 141, 9, 17],
    [48, 195, 149, 32, 25],
    [327, 829, 756, 74, 140],
    [78, 89, 158, 8, 23]
  ],
  "method": "mvn_pdf",
  "cond_prob": [
    [
      [0.0011084469292, 0.64278912303, 0.052658740047, 0.2889125619, 0.014531128087],
      [0.0085102591314, 0.0038387854702, 0.0042377812509, 0.94049671123, 0.042916462918],
      [0.025364187802, 0.045206780387, 0.7661343378, 0.13032851204, 0.032966181977],
      [0.15827865503, 0.0016254774863, 0.046598769135, 0.7178351778, 0.075661920543],
      [0.1670373339, 0.05041454082, 0.11302827607, 0.55798874834, 0.11153110087]
    ],
    [
      [0.0013580031377, 0.62217531498, 0.073094944365, 0.27697304611, 0.0263986914],
      [0.010881761901, 0.0027678154706, 0.0056081822471, 0.90592182775, 0.074820412635],
      [0.021437579592, 0.02966679783, 0.81916293953, 0.088149039523, 0.041583643521],
      [0.16361039832, 0.0012490546283, 0.059017378976, 0.64414588516, 0.13197728292],
      [0.16160107628, 0.038932187638, 0.13922737979, 0.47875574024, 0.18148361606]
    ],
    [
      [0.0009474671366, 0.71100354102, 0.065840730502, 0.21112030918, 0.011087952158],
      [0.0097251035728, 0.0057645612107, 0.0063131304287, 0.93391262471, 0.044284580078],
      [0.018410041578, 0.042383899732, 0.8369866827, 0.080660342999, 0.021559032989],
      [0.17199576451, 0.0021500971628, 0.073983462102, 0.6773963521, 0.074474324118],
      [0.16820375738, 0.065967597317, 0.17204627919, 0.49176938228, 0.10201298384]
    ],
    [
      [0.00049038894729, 0.6380473565, 0.13519791318, 0.2143066269, 0.011957714468],
      [0.0047751112302, 0.0033232096051, 0.058954414138, 0.88070352885, 0.052243736175],
      [0.004029100841, 0.011162094895, 0.948065388, 0.021572457274, 0.01517095899],
      [0.11569618101, 0.0005708039961, 0.073308638114, 0.69473359748, 0.1156907794],
      [0.064858049511, 0.040403241398, 0.40900364847, 0.39016415017, 0.095570910451]
    ],
    [
      [2.4293283552e-05, 0.69423512709, 0.074592546912, 0.21538456062, 0.015763472094],
      [0.0030837824658, 0.0055425166609, 0.011730617214, 0.91858113987, 0.061061943794],
      [0.0043718649935, 0.040626784428, 0.84453848632, 0.080554954631, 0.029907909623],
      [0.075890790834, 0.0024165762447, 0.088518411569, 0.7215078888, 0.11166633255],
      [0.075314778389, 0.06963431785, 0.16735048971, 0.52845880581, 0.15924160824]
    ],
    [
      [0.00031498752796, 0.81730432304, 0.029340983827, 0.14357833851, 0.0094613670923],
      [0.0059882566252, 0.012273687182, 0.015721017333, 0.91128674761, 0.054730291254],
      [0.016171420005, 0.098014565419, 0.73516488717, 0.11294980429, 0.037699323115],
      [0.11767083935, 0.0063294910643, 0.057497781926, 0.71870516832, 0.099796719335],
      [0.11480681764, 0.11922840649, 0.11659811343, 0.51353349722, 0.13583316523]
    ],
    [
      [0.00049646621129, 0.73947319351, 0.027923415395, 0.22059641515, 0.01151050973],
      [0.0060034182357, 0.010208494291, 0.023190428993, 0.91769340419, 0.042904254287],
      [0.019633616772, 0.07108424848, 0.73424588515, 0.1389152135, 0.036121036096],
      [0.12367894502, 0.0018498248619, 0.037463191392, 0.75440237923, 0.082605659497],
      [0.12431843498, 0.078129092108, 0.1124581169, 0.56907454447, 0.11601981154]
    ],
    [
      [0.00076619307898, 0.72314818944, 0.069435434403, 0.19589104244, 0.010759140647],
      [0.008186577087, 0.0067998728456, 0.010232047714, 0.92881222898, 0.04596927337],
      [0.014001079158, 0.042368038125, 0.8537501344, 0.069350748022, 0.020530000298],
      [0.14948265099, 0.0019269733068, 0.078879341097, 0.68886922632, 0.080841808284],
      [0.1402729913, 0.072276320135, 0.1904937886, 0.49035821269, 0.10659868728]
    ],
    [
      [0.0009513185606, 0.711507025, 0.055739833338, 0.21877298748, 0.013028835618],
      [0.012433044605, 0.0056958345451, 0.0046502976641, 0.92703470421, 0.050186118979],
      [0.029059426641, 0.049893115876, 0.79318462679, 0.098734590841, 0.029128239853],
      [0.22707147702, 0.0020875304655, 0.05641355105, 0.63490404281, 0.079523398649],
      [0.22755340983, 0.062473011557, 0.12977574348, 0.46851904172, 0.11167879341]
    ],
    [
      [0.0010036593153, 0.59079508279, 0.059476629866, 0.33336626335, 0.015358364675],
      [0.0067808945907, 0.0024985499448, 0.0032964371627, 0.94716115063, 0.040262967667],
      [0.020155131272, 0.03640152587, 0.77526160835, 0.13622587768, 0.031955856833],
      [0.13245779015, 0.00088235120985, 0.035152116192, 0.75476599548, 0.076741746962],
      [0.13531436403, 0.041867893635, 0.11637448427, 0.59687671818, 0.10956653989]
    ],
    [
      [0.00094596066178, 0.73392716797, 0.06314435029, 0.19112448875, 0.010858032336],
      [0.010871230051, 0.0068554929458, 0.010630801914, 0.92401889967, 0.047623575415],
      [0.020903369987, 0.049511398178, 0.82744731536, 0.078867416299, 0.023270500176],
      [0.19038646122, 0.0025700934892, 0.075700788701, 0.65339741791, 0.077945238689],
      [0.18622232323, 0.073844886954, 0.16416640233, 0.46927617724, 0.10649021024]
    ],
    [
      [0.00089617130676, 0.79028014596, 0.035132876034, 0.16432801317, 0.0093627935257],
      [0.012074498127, 0.0075626902991, 0.0035111657261, 0.9302976965, 0.046553949353],
      [0.029504947682, 0.073619627129, 0.76287350902, 0.10447593466, 0.029525981505],
      [0.21600024977, 0.0025387017652, 0.048237746566, 0.65715736533, 0.07606593657],
      [0.20958743477, 0.086807143831, 0.12042963777, 0.4798624019, 0.10331338172]
    ],
    [
      [0.0010838700232, 0.66947996179, 0.075266082807, 0.23890347819, 0.01526660719],
      [0.010378204058, 0.0047901753091, 0.015414010466, 0.91601093237, 0.053406677798],
      [0.0197744086, 0.033642629353, 0.84366351497, 0.077188590638, 0.025730856438],
      [0.1815538141, 0.0020372957528, 0.085272645341, 0.64426920073, 0.086867044071],
      [0.18131526352, 0.053640291638, 0.17319120508, 0.47078397119, 0.12106926857]
    ],
    [
      [0.00098482335758, 0.77958050674, 0.064791819055, 0.14293779109, 0.011705059756],
      [0.014776509608, 0.0094258425579, 0.0091585272692, 0.90042969045, 0.066209430119],
      [0.021360826195, 0.051388781979, 0.85012859031, 0.053327765669, 0.023794035847],
      [0.23781084652, 0.0030190234829, 0.088434754528, 0.57277233163, 0.09796304384],
      [0.21669694336, 0.085031184776, 0.18833493973, 0.38518801672, 0.12474891542]
    ],
    [
      [0.0012561253863, 0.68063458744, 0.067807361347, 0.2344853507, 0.015816575122],
      [0.011746528873, 0.0049209761101, 0.0083687570181, 0.9185808709, 0.056382867102],
      [0.025448246357, 0.040963701679, 0.81196374777, 0.090547386568, 0.031076917622],
      [0.20227704559, 0.0020199337065, 0.067776896358, 0.63745035761, 0.090475766744],
      [0.20426821438, 0.055357373451, 0.14207115229, 0.47060265922, 0.12770060066]
    ],
    [
      [0.0013721218001, 0.57564484572, 0.06355168064, 0.33973598825, 0.019695363596],
      [0.009607963396, 0.0021066311806, 0.010795876775, 0.92888623615, 0.048603292494],
      [0.025308059138, 0.027110499018, 0.80126558917, 0.11353775215, 0.032778100529],
      [0.17462706053, 0.00098536892991, 0.05279983306, 0.68782459233, 0.083763145156],
      [0.18193134631, 0.035387956957, 0.13140531592, 0.52948038744, 0.12179499338]
    ],
    [
      [0.00098806664836, 0.73351303515, 0.054665472882, 0.20003152826, 0.010801897066],
      [0.014210329362, 0.0065569487022, 0.0063927523716, 0.9274396296, 0.045400339961],
      [0.031636565423, 0.055320538525, 0.79116021706, 0.095398827346, 0.026483851651],
      [0.25138747608, 0.0024218499499, 0.058101271343, 0.61817370746, 0.069915695166],
      [0.24942940337, 0.067651914637, 0.13139362631, 0.45419043047, 0.097334625214]
    ],
    [
      [0.00065789887788, 0.75549646723, 0.045969541145, 0.18536445853, 0.012511634212],
      [0.0075480016732, 0.0073527898135, 0.0058024797129, 0.92290682776, 0.05638990104],
      [0.017410157743, 0.063148541687, 0.79520426508, 0.090585999615, 0.033651035877],
      [0.13808330703, 0.0029735993885, 0.059894543809, 0.69868041804, 0.10036813173],
      [0.1350918402, 0.083021178519, 0.13695709024, 0.50735659885, 0.13757329219]
    ],
    [
      [0.0015185961111, 0.56775450464, 0.058313451024, 0.34596913783, 0.026444310396],
      [0.010123976879, 0.0023192190763, 0.0048995144633, 0.92135271704, 0.061304572541],
      [0.032447902117, 0.036210626524, 0.76733712702, 0.10957959037, 0.054424753967],
      [0.17794516969, 0.0010176309482, 0.038576675143, 0.67117166929, 0.11128885493],
      [0.1868650854, 0.034709946973, 0.095912104455, 0.51913271236, 0.16338015082]
    ],
    [
      [0.00069177365751, 0.66818409811, 0.046296290227, 0.26936739173, 0.015460446275],
      [0.005891381523, 0.0045128936521, 0.0036865679779, 0.93732122742, 0.048587929425],
      [0.018978220893, 0.053040977055, 0.7588812343, 0.12961885196, 0.039480715793],
      [0.11815354337, 0.0018294146859, 0.043815971599, 0.74588972644, 0.090311343907],
      [0.12411808376, 0.057836681251, 0.1077423307, 0.57726764925, 0.13303525504]
    ],
    [
      [0.00062736150079, 0.76909528917, 0.050497012292, 0.16807483733, 0.011705499709],
      [0.008068462007, 0.0072773252497, 0.0080071430947, 0.92565480723, 0.050992262416],
      [0.016050563413, 0.052658840205, 0.82935401641, 0.07527585006, 0.026660729913],
      [0.14633555105, 0.0025595224488, 0.069383782221, 0.69185094796, 0.089870196318],
      [0.1417832614, 0.077760208413, 0.16060697653, 0.49791036712, 0.12193918654]
    ],
    [
      [0.00038250250815, 0.80224652452, 0.040201924966, 0.15003992724, 0.0071291207649],
      [0.0059026506151, 0.0077644351588, 0.0069546921532, 0.94627916224, 0.033099059829],
      [0.014755110197, 0.069862863977, 0.81437413865, 0.080315339776, 0.020692547402],
      [0.12208132621, 0.0031592312975, 0.061821070092, 0.75072827236, 0.062210100046],
      [0.11987776898, 0.094254113436, 0.14498510101, 0.55501246599, 0.085870550579]
    ],
    [
      [0.00089213366284, 0.72626380384, 0.037236137412, 0.22712282714, 0.0084850979477],
      [0.0086014698331, 0.0055639654566, 0.0033237533771, 0.95030649433, 0.032204317001],
      [0.027077324316, 0.069556847449, 0.73655479842, 0.14089733313, 0.025913696688],
      [0.16319245431, 0.0024004803291, 0.042128054403, 0.73429104723, 0.057987963724],
      [0.17165304874, 0.07396432515, 0.10215483191, 0.56697913001, 0.085248664179]
    ],
    [
      [0.0013624775067, 0.68737095754, 0.056856215944, 0.24709480641, 0.0073155426003],
      [0.010972169479, 0.0047514359842, 0.0044686378316, 0.95387028228, 0.025937474425],
      [0.025769537803, 0.043612660218, 0.81065972319, 0.10501985532, 0.01493822347],
      [0.19406064452, 0.0024654512497, 0.061724053568, 0.69702611377, 0.044723736885],
      [0.20395362122, 0.058080809962, 0.13978566583, 0.53251157804, 0.06566832495]
    ],
    [
      [2.1856974434e-05, 0.75189972637, 0.030293712631, 0.20992629412, 0.0078584099052],
      [0.002315472783, 0.0058419707994, 0.0045472224049, 0.95529945614, 0.031995877874],
      [0.011071711314, 0.085843030831, 0.71760154839, 0.15686640888, 0.028617300586],
      [0.077737027709, 0.00308092187, 0.041506306219, 0.81452775333, 0.063147990869],
      [0.081476314373, 0.09220176182, 0.10029102935, 0.63273417842, 0.093296716032]
    ],
    [
      [6.5473610456e-06, 0.78265607208, 0.044137306457, 0.1630924928, 0.010107581294],
      [0.00042832724822, 0.0090570642793, 0.0092578084184, 0.9321293437, 0.04912745635],
      [0.0010738201335, 0.065095178931, 0.81340026898, 0.092221845488, 0.028208886467],
      [0.04590511988, 0.0045569363412, 0.078302442448, 0.77634977437, 0.094885726965],
      [0.026095682017, 0.122748193, 0.15407132336, 0.56182822107, 0.13525658054]
    ],
    [
      [0, 0.96699046598, 0.0088941800441, 0.018785402421, 0.0053299515587],
      [0, 0.018649275329, 0.012342207676, 0.8837619108, 0.085246606199],
      [0, 0.14168218304, 0.76678043465, 0.047491113364, 0.044046268945],
      [0, 0.030439700863, 0.06462655788, 0.74242703779, 0.16250670346],
      [0, 0.22054460764, 0.12821264924, 0.43552562219, 0.21571712093]
    ],
    [
      [0.00091848323793, 0.68691268299, 0.029990784818, 0.27047139851, 0.01170665044],
      [0.0079626029477, 0.0046595854421, 0.002950674404, 0.94937464634, 0.035052490864],
      [0.033575049079, 0.070215481385, 0.66776178083, 0.18988183373, 0.038565854979],
      [0.15160437529, 0.0018312767834, 0.028539490777, 0.75397820172, 0.064046655423],
      [0.16525860143, 0.057772861802, 0.072382860547, 0.60690539897, 0.097680277247]
    ],
    [
      [0.0013916345952, 0.4188242347, 0.045175587089, 0.52506001985, 0.0095485237721],
      [0.0061537100675, 0.0014603753015, 0.0092582261793, 0.96864954016, 0.014478148292],
      [0.029774155324, 0.03086575685, 0.67315011463, 0.24470799746, 0.02150197573],
      [0.1121061061, 0.00058107673503, 0.024262790325, 0.8305640576, 0.032485969239],
      [0.13108369129, 0.023160254217, 0.066392127864, 0.72602796834, 0.053335958291]
    ],
    [
      [0.0012995657543, 0.59037583429, 0.045099970325, 0.34835799361, 0.014866636022],
      [0.008468147095, 0.0029012840708, 0.0050765380817, 0.94733570182, 0.036218328928],
      [0.048724159019, 0.04319019979, 0.70235290631, 0.17040909824, 0.035323636641],
      [0.23462627337, 0.0010892977692, 0.030718922174, 0.67469643523, 0.058869071451],
      [0.25556772538, 0.036053776822, 0.076763340813, 0.541518252, 0.090096904981]
    ],
    [
      [0.00069790415058, 0.63912995966, 0.038334723901, 0.31055650239, 0.011280909896],
      [0.0051421218691, 0.0042338255193, 0.0029225223319, 0.95619762244, 0.031503907841],
      [0.02116267715, 0.05733476653, 0.71364818378, 0.17518810283, 0.032666269702],
      [0.10750776528, 0.001655962142, 0.033306381645, 0.79692099208, 0.060608898854],
      [0.12215804547, 0.054486307422, 0.086075539389, 0.64063285262, 0.096647255096]
    ],
    [
      [0.0011659226489, 0.57466246987, 0.026469722266, 0.38739104222, 0.010310842996],
      [0.0070848078886, 0.0046469678707, 0.0055205294429, 0.96126562969, 0.021482065108],
      [0.04078835197, 0.062160251432, 0.58775274453, 0.27450452175, 0.034794130318],
      [0.13584361666, 0.0014209297647, 0.018996648955, 0.80049053125, 0.043248273372],
      [0.1572806, 0.039721152942, 0.049710353234, 0.68329994109, 0.069987952734]
    ],
    [
      [0.00081692717529, 0.58948104914, 0.037851288394, 0.36194137913, 0.0099093561565],
      [0.0052470769864, 0.0037288112631, 0.0048879879447, 0.96333673364, 0.02279939017],
      [0.024395763203, 0.05259437739, 0.68908920489, 0.20669816289, 0.027222491626],
      [0.11054630107, 0.0013236694277, 0.029161219101, 0.81247706665, 0.046491743753],
      [0.12489051158, 0.044624717538, 0.077375939723, 0.67976540575, 0.073343425401]
    ],
    [
      [0.00077777215454, 0.64916251621, 0.033402697714, 0.30600849413, 0.010648519795],
      [0.0057849429845, 0.0046348090895, 0.0036890061735, 0.95592540537, 0.029965836379],
      [0.025631138732, 0.065979959292, 0.67634731378, 0.19811666935, 0.03392491885],
      [0.11898511859, 0.001666569112, 0.029098148979, 0.79207639618, 0.058173767141],
      [0.1320698637, 0.056479373106, 0.075366684015, 0.64572540148, 0.090358677697]
    ],
    [
      [0.00096729760477, 0.6969205341, 0.038194364227, 0.25327534369, 0.010642460377],
      [0.0088154357471, 0.0049827597796, 0.0039761571575, 0.94693277843, 0.035292868887],
      [0.029335054326, 0.061766826086, 0.72930729073, 0.14927180783, 0.030319021034],
      [0.17098728488, 0.001431973025, 0.03386209272, 0.72903966139, 0.064678987986],
      [0.17474239778, 0.061836761956, 0.097365768169, 0.57340892821, 0.092646143882]
    ],
    [
      [0.0012336258343, 0.66019626296, 0.053972474613, 0.27516633614, 0.0094313004517],
      [0.01008283638, 0.0041301391561, 0.0029604561901, 0.95311889226, 0.029707676016],
      [0.028135589963, 0.046046277935, 0.77962107924, 0.12510757212, 0.021089480742],
      [0.18570490141, 0.0016754726272, 0.048270664265, 0.71239054117, 0.051958420524],
      [0.19640148825, 0.053683405268, 0.11867265251, 0.55444850588, 0.076793948091]
    ],
    [
      [0.00084785836025, 0.76196215437, 0.032105871229, 0.19236469815, 0.012719417893],
      [0.0099872677601, 0.0062992466293, 0.0046595402982, 0.92690736854, 0.052146576777],
      [0.027795269523, 0.06805611144, 0.74494627444, 0.12189754462, 0.037304799977],
      [0.18140378438, 0.0022309322544, 0.043180998566, 0.68283872253, 0.090345562264],
      [0.1806727044, 0.074289703703, 0.10840107143, 0.51049392159, 0.12614259887]
    ],
    [
      [0.00067238990121, 0.70850120927, 0.049102041885, 0.22982386965, 0.011900489292],
      [0.011775136222, 0.0053971014725, 0.0041366095175, 0.93520521058, 0.043485942208],
      [0.032909947293, 0.053231956061, 0.77543013317, 0.10946355422, 0.028964409258],
      [0.22736706855, 0.0023831289178, 0.048950000571, 0.652088833, 0.069210968962],
      [0.23152006984, 0.061009669593, 0.1156533455, 0.49286989193, 0.098947023131]
    ],
    [
      [0.00098741354206, 0.71915897999, 0.056156098829, 0.21375232523, 0.0099451823996],
      [0.011830787407, 0.0059913851529, 0.0049415276177, 0.93753645749, 0.039699842336],
      [0.026434135024, 0.050992378696, 0.80376199589, 0.096540195107, 0.022271295284],
      [0.2133869795, 0.0022229273495, 0.060207463581, 0.65938180431, 0.064800825258],
      [0.21382178552, 0.067446852539, 0.14023901315, 0.4876540161, 0.090838332686]
    ],
    [
      [0, 0.73565553217, 0.0090828977902, 0.25526157004, 0],
      [0, 0.0029405374398, 0.0001283406764, 0.99693112188, 0],
      [0, 0.095453503635, 0.62143348748, 0.28311300888, 0],
      ["NaN", "NaN", "NaN", "NaN", "NaN"],
      ["NaN", "NaN", "NaN", "NaN", "NaN"]
    ],
    [
      [0.001999873869, 0.96529944997, 0.019061176758, 0.0085813871199, 0.0050581122817],
      [0.035294760445, 0.038362903539, 0.017400611457, 0.82348357412, 0.085458150443],
      [0.0166383861, 0.11169576433, 0.84441254025, 0.0068687678338, 0.02038454149],
      [0.33557045815, 0.022029586523, 0.14685644355, 0.40784465587, 0.087698855915],
      [0.2439827992, 0.2139243705, 0.22049975515, 0.22904779206, 0.092545283098]
    ],
    [
      [0.00083851871352, 0.68119002201, 0.056528450334, 0.24753132555, 0.013911683394],
      [0.0077449763381, 0.0048213175971, 0.004667571355, 0.9348527645, 0.04791337021],
      [0.019504208882, 0.04734398198, 0.79384451778, 0.10876643172, 0.030540859637],
      [0.14666521228, 0.0018103530628, 0.055428605686, 0.71088942375, 0.085206405221],
      [0.14898438499, 0.060962222846, 0.13380816431, 0.53511933337, 0.12112589448]
    ],
    [
      [0.0010778023865, 0.65159359526, 0.045529586034, 0.29007573992, 0.011723276399],
      [0.0073118417078, 0.0050194164037, 0.016168486234, 0.93855167287, 0.032948582786],
      [0.019335718095, 0.037497892304, 0.80575894174, 0.11460008968, 0.022807358181],
      [0.13973764286, 0.0017330742312, 0.05665728402, 0.74115306541, 0.060718933474],
      [0.14652609218, 0.049499783443, 0.14295426352, 0.57233461687, 0.088685243988]
    ],
    [
      [0.0010626623447, 0.71616580615, 0.053692450768, 0.22346540784, 0.0056136728912],
      [0.010250194241, 0.0059126238856, 0.005309821977, 0.9572134272, 0.021313932694],
      [0.023404539318, 0.051448630092, 0.81137820161, 0.10140577602, 0.012362852966],
      [0.18112949122, 0.0023757173703, 0.060108251088, 0.71622046184, 0.040166078474],
      [0.18667137012, 0.069168432291, 0.14274124013, 0.54354106856, 0.057877888907]
    ],
    [
      [0.00047749658923, 0.76446896973, 0.034425227945, 0.1941535226, 0.0064747831305],
      [0.0061170752912, 0.0065521302235, 0.0046442005859, 0.95328508505, 0.029401508848],
      [0.018588241745, 0.082087781514, 0.74256030351, 0.13450863023, 0.022255043004],
      [0.13175931937, 0.0021087720472, 0.038124390946, 0.76876802983, 0.059239487807],
      [0.12835644862, 0.095517992759, 0.11211509854, 0.58329359957, 0.080716860519]
    ],
    [
      [2.3121179547e-05, 0.62791503563, 0.04964867483, 0.30871143611, 0.013701732251],
      [0.0027146201638, 0.0060696330935, 0.022028522287, 0.93407362055, 0.035113603909],
      [0.0077628364729, 0.034000661299, 0.81851343514, 0.11541848063, 0.024304586454],
      [0.081802885539, 0.0011615761418, 0.04102293971, 0.80229452885, 0.073718069763],
      [0.081549743756, 0.047870990477, 0.15276341783, 0.61449911235, 0.10331673559]
    ]
  ],
  "expected_outcome": [
    [
      [0.10689094652, 0.015667917052, 0.050693313871, 0.0020473002929, 0.00098574178946, 0.039206837548, 0.14665701736, 0.036164312811, 0.11424471717, 0.028389888103, 0.07227487454, 0.022630666215, 0.11014682241, 0.093879749235, 0.063050691929, 0.10827346321, 0.050391040034, 0.063474480812, 0.068356686091, 0.045659959871, 0.026508666483, 0.025859747925, 0.21521554542, 0.067269079188, 0.0042075443772, 0.00022860014828, 0, 0.062066056303, 0.043772879074, 0.060160180837, 0.029255664049, 0.051490773577, 0.075409223037, 0.096196496423, 0.054978043261, 0.072367678804, 0.029556109893, 0.048181726085, 0.209678611, 0, 0.014788041876, 0.42064577224, 0.060230206623, 0.05352182368, 0.16343909892, 0.0017018178808],
      [59.1057984588, 6.8385956435, 36.2172715909, 2.5512571486, 29.8267976686, 97.2426062996, 207.7052746369, 32.506444368, 81.7566159509, 15.9443259331, 53.527206676, 18.948580793, 64.8876167691, 70.8274223872, 32.6521309936, 43.1580976445, 35.9205727669, 69.4586235269, 24.4144888064, 42.0720474517, 30.6978144838, 51.2486032722, 166.9607522205, 32.2813871716, 153.3317701413, 28.9344363043, 3.8619133387, 43.9060880452, 12.5589263174, 25.9547553862, 25.5504496248, 24.0947721353, 51.8204100688, 76.547212823, 37.6000713838, 36.9473845012, 25.1054023919, 48.8620937186, 145.8689747529, 2.2085548855, 6.7443479633, 326.0605345926, 34.5030885476, 34.3479734767, 249.8987561901, 48.937472357],
      [4.9436167411, 0.81895365423, 3.4236675306, 0.54970832059, 3.2546139397, 3.5731843287, 8.1967663643, 3.1816199269, 6.53068729, 1.6348636802, 4.6899392354, 0.86467838037, 7.45535828, 6.004342347, 3.3081360049, 4.9074695985, 2.7236657513, 4.3141592436, 2.5611456701, 2.9761695877, 2.073310875, 2.6389445556, 8.7403100914, 2.7292467025, 6.3210464506, 1.6684483983, 0.037581657805, 1.9649396804, 1.3820227351, 2.0274776846, 1.565499817, 1.1372924191, 3.405210522, 4.0240463062, 2.111480965, 3.0799976343, 1.0979527109, 3.4514712266, 11.6169763364, 0.028784302342, 0.14094762899, 27.5786394583, 2.5193448679, 2.6290485729, 11.47214546, 4.0368612108],
      [26.4921440617, 3.0334802946, 10.7370709036, 0.84852070941, 9.23235164, 17.006956679, 61.6855637172, 8.7862291638, 25.0835663734, 8.9733696924, 13.9087795506, 3.9370100188, 23.0530382721, 12.9966511761, 11.2089685123, 25.3376279376, 9.7699676274, 17.0008851696, 14.8068902499, 16.9216097437, 6.730722573, 9.627747587, 52.1114222739, 11.5752485976, 42.7217330052, 6.0176587315, 0.07937623952, 17.3099420291, 15.7245799157, 15.2965297912, 12.3983422309, 16.2776485902, 31.815826912, 36.060475866, 13.6520911214, 15.3663684459, 6.3429810887, 15.8079208592, 43.2635832437, 0.76266081219, 0.063454957861, 118.2051108359, 15.2917743266, 10.6971766198, 63.325420534, 23.94898528],
      [1.3515497919, 0.29330249058, 0.57129666105, 0.048466521096, 0.68525100991, 1.1380458552, 3.2657382642, 0.48954222851, 1.5148856685, 0.41905080619, 0.80179966345, 0.22710014157, 1.4938398564, 1.0777043405, 0.76771379732, 1.4885313562, 0.53540281435, 1.1628575791, 1.1491185876, 0.98451325697, 0.47164340181, 0.4588448373, 1.9722998688, 0.34684844913, 1.6212428585, 0.37922796572, 0.021128763959, 0.75696418905, 0.29069815275, 0.66107695716, 0.45645266323, 0.43879608189, 0.88314327417, 1.2720685084, 0.58137848652, 0.5338817398, 0.42410769857, 0.83033246955, 2.0407870559, 0, 0.036461407984, 6.735069341, 0.6255620513, 0.2722795069, 2.140238717, 1.0749793344]
    ],
    [
      [2.0487949949, 0.82184695885, 1.8177492982, 0.058784422844, 0.30364705374, 0.57803759906, 1.5012655603, 1.3756100142, 3.8796284362, 0.87611152823, 2.2401261052, 1.0782973843, 1.5365618241, 2.8130402152, 1.1452709287, 1.4927668384, 1.6854174467, 2.5794126176, 3.3164535569, 1.8072284613, 2.3250613351, 2.61083521, 4.0524032291, 0.94705319016, 0.78282945481, 0.013742416715, 0, 3.3526756704, 0.81089460289, 2.4893177888, 1.0971567568, 2.1198161545, 2.7752913533, 2.8731082614, 2.2235251293, 1.7605772314, 1.6958080243, 1.6681068712, 5.9014793568, 0, 0.50323993593, 12.4738828599, 0.47571418377, 2.0336316239, 5.1489201794, 0.24391624871],
      [0.92368315014, 0.20645382758, 1.0784476582, 0.039681087399, 0.54583247677, 1.1622680864, 2.4755798306, 1.1402686034, 1.7852842543, 0.31989969514, 1.4140705314, 0.67620039939, 0.70872422303, 1.8004560814, 0.47962166434, 0.32085727022, 0.7803961132, 2.5096242306, 0.75234729264, 1.3861219202, 2.1002716313, 3.4406941189, 2.6211509533, 0.4108924479, 2.0000561577, 0.31251744667, 0.70960492393, 1.9692033442, 0.19153053295, 0.87070218369, 0.90783995261, 1.4121632951, 1.9910147921, 2.3183877425, 1.2568510768, 0.72259518822, 1.0696564982, 0.76775356297, 2.9992350699, 0.0297777055, 0.54048208094, 7.7646759802, 0.32064750897, 1.1736837124, 5.4852232822, 0.53227267947],
      [1.0215228564, 0.42666738954, 1.2017417487, 0.68591136697, 1.138862852, 1.4529000632, 5.4606174792, 1.7005074597, 1.4952681365, 0.43300339065, 2.1585418874, 0.31961365713, 2.2160785493, 1.7887683863, 0.80560265534, 1.6262753072, 0.76221169031, 1.9885184089, 1.6264429035, 1.1393843896, 2.2853434765, 3.0783347944, 1.5917169717, 0.39109772903, 1.5880871065, 0.31534966867, 0.50002965838, 1.2631671172, 1.2545198619, 1.5630701359, 0.63177809428, 1.7064032546, 2.6617977126, 1.8816380297, 0.99435346336, 0.53444763792, 0.78484283525, 0.59591649439, 2.5317308789, 0.0013557335693, 0.25214664118, 7.6063543918, 0.99768308934, 1.0627083009, 3.9505002176, 1.8873669425],
      [222.7874844174, 66.9937538739, 171.7254611071, 10.5862556049, 89.0634293951, 86.5725900086, 225.9275294616, 153.1619571977, 285.3212856741, 120.2367208091, 187.4738455301, 81.8146083473, 133.7062431726, 169.1228496173, 88.1280023507, 142.0875268154, 108.4370809364, 309.8993861983, 296.5081700247, 282.9332526053, 261.7904147282, 411.3915754625, 440.7343361553, 81.0374058647, 323.7326893523, 31.6792177384, 34.453155945, 392.8358845107, 124.8722655684, 279.3392483359, 200.718426072, 282.4284423097, 501.6517800603, 467.2148344673, 234.7264022526, 163.8541123408, 154.6981723325, 130.8568092127, 460.9601658761, 9.9688665609, 11.5148104675, 1481.8703909248, 60.0864697021, 186.5610871407, 789.9412169925, 83.193340611],
      [10.2185145811, 5.5512779501, 8.1766001878, 0.62936751793, 5.9482282224, 5.2342042428, 10.6350076683, 7.6216567249, 15.5185334989, 5.1342645769, 9.7134159458, 4.1112802118, 7.8323922311, 12.4748856998, 5.4415024009, 7.4725737687, 5.3348938133, 19.0230585446, 19.7965862223, 14.7340126236, 14.4989088287, 14.4785604141, 15.0003926906, 2.2135507682, 10.8963379286, 1.6791727295, 3.3372094727, 14.5790693574, 1.8707894339, 10.7376615557, 6.6447991244, 6.3331749861, 11.9201160816, 14.712031499, 8.7988680779, 5.1282676016, 8.7515203098, 6.1114138587, 19.6073888184, 0, 1.1893208745, 76.2846958432, 2.1194855158, 4.1688892221, 24.4741393283, 3.1431035183]
    ],
    [
      [9.7820466801, 1.1017577206, 4.6276319447, 0.12017432666, 1.3416628513, 5.1719233831, 14.3011834438, 2.3225403027, 13.3723210931, 2.7029316697, 12.634366286, 3.2084138516, 11.9424080458, 11.188528349, 7.4590073649, 8.4884512559, 8.8010982377, 3.8067985882, 3.3845737203, 3.0773876063, 2.6677959905, 2.7872987388, 13.3098987877, 3.2722938277, 4.7035410318, 0.10842359764, 0, 7.4749098532, 3.5757736693, 9.2824581975, 2.0682294569, 6.5331937011, 9.7584110925, 8.9127013679, 7.3665104097, 5.4977626337, 5.4894504767, 4.1763492237, 22.11841712, 0, 0.33281760826, 29.9940964314, 2.7475678135, 3.5150887549, 14.1757282391, 1.2313506332],
      [17.3357574437, 1.516428922, 10.5835864275, 0.32430307262, 12.6164162095, 31.1971607091, 51.6617598717, 6.9698508476, 22.8463594905, 4.8478718583, 29.7452857857, 7.9600375552, 20.2279979277, 26.7721435203, 11.9343437805, 9.0419454315, 15.3356090434, 13.7190511381, 3.7597886923, 8.5439907551, 8.7142076138, 13.1551325207, 33.9958876021, 5.5141873636, 36.3655052552, 6.977749912, 1.8556618279, 15.538855937, 3.6778731624, 8.1738905515, 5.561319372, 9.884827817, 20.8988228497, 22.7769071061, 15.3955016737, 8.9473418586, 13.3613742591, 6.7222873491, 42.4568391164, 0.76166740903, 2.245681162, 72.3408212763, 5.3178138339, 7.677437155, 62.1339338216, 5.4182061509],
      [293.266763198, 41.7386397429, 208.2736055468, 27.488398832, 261.7393092784, 233.7137999289, 532.1614155138, 139.9022571492, 362.2259896088, 103.043097827, 496.3163892258, 82.3414731355, 506.0478676116, 440.9855595201, 236.186827916, 266.6670335143, 219.0643903575, 172.3781652568, 79.6619273073, 122.0628362838, 136.7034702062, 152.8836110294, 359.1561350247, 102.0651555135, 303.3235198372, 86.9821570234, 9.9438598833, 147.4498842381, 80.0057239961, 132.6017498775, 69.1623794338, 93.3293276173, 273.3391648113, 233.1460338145, 181.4901251373, 151.1410343507, 145.9291916352, 97.602527628, 667.5053029248, 4.9698599641, 16.8767624063, 1209.6783997234, 113.5307321085, 120.7917654343, 560.9175660989, 129.2117762637],
      [49.9932989039, 4.5288476893, 20.1396571293, 0.61681452542, 25.0287142823, 35.9377559704, 100.7284592957, 11.431569299, 45.2358696011, 18.1531585939, 47.3369300854, 11.2996977232, 46.3413204155, 27.678708985, 26.3756042052, 37.8879880947, 26.4619779373, 19.8065856449, 11.5597470193, 20.9703171841, 12.5251753825, 15.3045010945, 68.8998946345, 13.270250006, 66.504074768, 9.8995586585, 0.63468287551, 42.0212498298, 29.1808879497, 32.2685960463, 17.044182762, 43.7179110577, 82.1981294982, 68.4617208522, 37.1970773012, 24.3255344399, 23.9132664049, 13.8497128162, 80.411696526, 2.2684726269, 0.1296335238, 166.4139169325, 16.1869306086, 15.181242174, 101.9495951822, 18.2915480641],
      [12.6221337743, 2.1143259253, 5.3755189516, 0.4503092433, 9.2738973784, 11.9793600086, 26.1471818751, 3.3737824014, 13.3194602064, 4.2529400511, 13.9670286171, 3.1903777346, 15.4404059993, 12.3750596256, 9.0442167333, 10.9145817036, 7.3369244241, 7.289399372, 5.6339632608, 6.3454681707, 4.389350807, 3.8694566166, 12.638183951, 1.8781132893, 12.1033591078, 3.0321108085, 0.56579541328, 8.5151001419, 2.5597412226, 6.6733053273, 3.1638889752, 5.5347398069, 10.8054717483, 11.7026368593, 7.5507854782, 4.088326717, 7.3067172241, 3.649122983, 18.5077443128, 0, 0.41510529955, 46.5727656363, 3.2169556354, 1.8344664818, 16.8231766581, 3.8471188881]
    ],
    [
      [6.6183547559, 1.3006505817, 6.3349308073, 0.68788139679, 1.2992284212, 2.1116251925, 4.4312422321, 5.8084651305, 13.3624533278, 1.5774361908, 8.5326592982, 2.3641220247, 7.4098324877, 8.5189523964, 5.4446751044, 4.5185165988, 7.5239838153, 7.8461278147, 5.6710560931, 6.0056956227, 3.791973228, 9.3841429303, 12.3450914686, 3.0891981424, 3.9663978816, 0.51630206372, 0, 10.2717115667, 3.454375028, 12.4299961531, 3.7485086892, 6.2172545235, 7.480408927, 10.6577834415, 10.89298881, 4.8046413755, 7.0465012444, 6.125139663, 20.4082479463, 0, 0.66611048315, 43.3855222733, 1.2505796244, 5.7724239721, 9.6873649439, 0.65380884344],
      [0.069792300342, 0.010245341809, 0.081780912883, 0.003617831045, 0.041876676651, 0.11336949648, 0.070346604358, 0.079040876405, 0.12622509252, 0.011184916789, 0.11842762629, 0.028945292542, 0.084802597101, 0.11168508233, 0.055470256454, 0.026253360288, 0.074214848526, 0.17314563779, 0.033457614236, 0.095679117269, 0.068747898894, 0.25068325029, 0.18635952051, 0.039693423474, 0.15951779017, 0.050490207325, 0.12693711579, 0.12781386165, 0.018609273809, 0.059178357538, 0.059489904308, 0.067382309052, 0.092696414612, 0.154915075, 0.096811029134, 0.044641431005, 0.0899562443, 0.065082489646, 0.21893572291, 0, 0.043088917069, 0.55439008475, 0.015927678243, 0.077664053322, 0.16484333102, 0.0098162971424],
      [1.954092407, 0.47169268043, 2.7326804243, 0.46463982146, 1.4948390685, 1.0282965918, 1.3618687619, 3.0810265582, 3.3225377091, 0.42817967856, 3.3966103314, 0.53191059128, 3.4715695858, 3.1742142317, 1.8206374635, 1.3720121055, 1.7388169146, 3.4115079599, 1.2381887582, 2.2339939098, 1.8061224901, 4.7759569417, 3.1972052574, 0.98286083323, 2.1115985723, 0.85564872802, 0.25943518985, 1.9396375532, 0.75453281246, 1.6263157262, 1.1648660787, 0.87332506836, 1.9817082628, 2.6178348705, 2.1832222097, 1.2533132518, 1.6883859847, 1.3186592194, 5.772168303, 0, 0.28879682883, 16.4501278442, 0.50900777859, 1.9200810699, 2.8505606078, 0.33564428128],
      [30.1930116083, 5.1634311008, 25.1089798797, 4.1623299803, 12.2754104142, 12.9547150671, 27.1744584183, 26.8974240193, 37.5176562772, 9.0695845622, 29.457214959, 7.2432350288, 26.4838429725, 20.6842444338, 17.2430082765, 17.9142245085, 18.5744046998, 39.8706180298, 21.5065405252, 38.0807818945, 18.0088327619, 57.8211016023, 55.8842703153, 11.1744066186, 41.5589766268, 8.5394955491, 2.9637109125, 51.3253854424, 25.7674964493, 35.7801764223, 27.9175382598, 36.8595513325, 55.2956929781, 71.3609356105, 46.7113632806, 18.5522732669, 26.6659950629, 17.6323147539, 63.4068357775, 0, 0.82709254814, 211.4265535048, 6.6808252029, 22.9454592515, 56.943887575, 6.4164922301],
      [3.1647489285, 1.0539802953, 2.7416279758, 0.68153097044, 1.8886454194, 1.7919936521, 2.9620839833, 3.1340434156, 4.6711275933, 0.91361465161, 3.4950877851, 0.8317870626, 3.5499523569, 3.5109038558, 2.4362088991, 2.1689934269, 2.0885797218, 5.6986005577, 3.5507570093, 4.5838494558, 2.3243236212, 4.7681152754, 4.3870734382, 0.71384098229, 3.2035091291, 1.0380634518, 0.64991678191, 4.3354515761, 1.0049864364, 3.1043333409, 2.1095970679, 1.9824867665, 3.1494934175, 5.2085310024, 4.1156146705, 1.3451306747, 3.5091614638, 1.8588038741, 6.1938122503, 0, 0.1749112228, 25.1834062929, 0.54365971585, 1.2843716532, 4.3533435423, 0.584238348]
    ],
    [
      [8.4439126226, 1.7600768218, 5.1689946359, 0.13111255341, 1.054475932, 4.0992069878, 9.6196517465, 4.4572202398, 16.2713524257, 2.8151307232, 10.520573436, 3.3265360731, 7.00105082, 11.3855992902, 6.8879959101, 7.3919918437, 6.9391094602, 6.7041864987, 5.5595599436, 4.0640283499, 6.1886607799, 6.1918633729, 12.0773909693, 2.6241857606, 4.5430240874, 0.36130332177, 0, 9.8386368534, 3.1151838207, 13.7380676798, 2.056849433, 6.0782448473, 8.9104794041, 7.4602104328, 7.4619976077, 4.8646510806, 5.7386841448, 5.982222516, 20.3621769659, 0, 0.48304393079, 34.7258526631, 2.4659081717, 4.6253338254, 17.8245475386, 1.8692224568],
      [2.564968647, 0.42827626508, 2.0389134105, 0.081140860314, 0.96907696844, 4.2845954085, 6.0870390564, 2.3043953046, 4.4855152118, 0.87671759668, 4.1950093806, 1.3862359598, 2.0908584831, 4.4882929288, 1.8784333051, 1.4528462934, 1.889207228, 4.1395554666, 1.0399175945, 1.9021607556, 3.4189583722, 4.904886838, 5.2358497036, 0.7538395934, 5.1431506555, 1.7248061298, 0.44588279367, 3.458038812, 0.55306071343, 1.9414735211, 0.92090114632, 1.5408544436, 3.1970558748, 3.2025772534, 2.6507648365, 1.338037021, 2.3736106065, 1.5827828797, 6.4560153378, 0, 0.42639987665, 14.2795780661, 0.84252243128, 1.7232416025, 13.3172433751, 1.1022325155],
      [5.8140047974, 1.5440465329, 5.3683047496, 0.81134165899, 2.3723748614, 4.2318190875, 8.8193318809, 6.1345889059, 9.4255172555, 2.4608554236, 9.43851932, 1.9423242358, 6.8091259733, 10.0471155149, 4.8787959602, 5.4272094745, 3.7109152863, 6.9076491307, 2.9122953609, 3.5876158291, 7.1317529522, 7.6231526789, 7.3146326548, 1.8316392218, 5.6557480334, 2.1783961816, 0.25909361064, 4.3823714111, 1.6032005945, 4.1813865758, 1.4754765762, 1.9536516407, 5.6121186913, 4.330446979, 4.2208182246, 2.9912071252, 3.499626834, 3.0314254317, 13.5738215569, 0, 0.44134649466, 31.6864785822, 2.4432321556, 3.596396622, 15.8092276157, 3.5283513017],
      [28.5340610087, 5.2804870414, 15.2888309802, 0.78607918006, 7.4000942683, 18.5279822749, 44.4839891071, 15.7228203202, 33.8416220741, 12.5671663423, 26.8232298748, 7.7054488818, 18.4155551673, 20.5175457879, 16.0444166552, 21.7726326438, 12.756568799, 25.4225249575, 15.618652181, 19.0940385724, 21.9448545544, 28.8550742537, 40.370076621, 6.942688913, 35.4825262478, 7.8640693224, 0.86907402753, 36.5075381879, 17.454770117, 29.3154494043, 10.9215106752, 26.7164467099, 49.0385705513, 36.902033204, 24.7130660443, 13.9017115064, 16.379585111, 12.853242358, 46.9577185767, 0, 0.4650085027, 126.084027802, 9.7540001598, 13.6150348141, 81.8398797163, 14.1496338148],
      [5.6430529242, 1.9871133387, 3.1349562238, 0.19032574723, 2.2039779699, 4.8563962413, 8.9899882091, 3.3809752295, 7.9759930329, 2.2801299142, 6.0226679885, 1.6394548494, 4.6834095563, 6.5614464782, 4.3103581693, 4.9553197446, 2.7041992265, 6.8260839466, 4.8695749201, 4.352156493, 5.3157733413, 4.4250228566, 6.0020500514, 0.84764651115, 5.1755509759, 1.8714250445, 0.42594956816, 5.8134147355, 1.2737847544, 4.8236228189, 1.6252621693, 2.7108023585, 5.2417754784, 5.1047321308, 3.9533532869, 1.9043932668, 4.0084933037, 2.5503268146, 8.6502675627, 0, 0.18420119521, 28.2240628865, 1.4943370816, 1.439993136, 11.2091017543, 2.3505599112]
    ]
  ],
  "prob": [
    [0.00076368379761, 0.70482364254, 0.046448287107, 0.23661316384, 0.011351222717],
    [0.0079732915301, 0.0055086358157, 0.0060964976521, 0.93990016025, 0.040521414749],
    [0.022192014038, 0.055259397677, 0.77591158886, 0.11818616056, 0.028450838864],
    [0.15673458368, 0.0021158868315, 0.050238460175, 0.71795584822, 0.072955221095],
