{
  "X": [
    [366, 234, 40],
    [510, 366, 82],
    [369, 255, 33],
    [146, 315, 21],
    [589, 734, 64],
    [791, 667, 84],
    [276, 214, 46],
    [372, 315, 52],
    [726, 565, 96],
    [250, 168, 37],
    [630, 681, 70],
    [253, 67, 30],
    [153, 239, 21],
    [287, 410, 43],
    [40, 131, 7],
    [447, 249, 48],
    [424, 310, 50],
    [354, 385, 46],
    [256, 165, 46],
    [643, 698, 97],
    [274, 422, 31],
    [79, 100, 19],
    [615, 903, 88],
    [613, 812, 104],
    [473, 491, 69],
    [453, 666, 95],
    [5, 6, 1],
    [73, 109, 9],
    [59, 81, 11],
    [15, 18, 1],
    [315, 301, 52],
    [250, 459, 59],
    [123, 190, 24],
    [410, 586, 60],
    [488, 740, 55],
    [476, 661, 72],
    [547, 750, 77],
    [506, 585, 72],
    [168, 189, 25],
    [465, 382, 83],
    [1975, 2038, 269],
    [109, 73, 18],
    [1014, 926, 224],
    [144, 229, 41]
  ],
  "W": [
    [29, 313, 223, 43, 32],
    [38, 408, 350, 76, 86],
    [17, 309, 248, 45, 38],
    [26, 108, 293, 15, 40],
    [46, 499, 688, 77, 77],
    [86, 666, 601, 85, 104],
    [25, 235, 183, 34, 59],
    [34, 320, 287, 64, 34],
    [38, 645, 505, 117, 82],
    [23, 216, 146, 37, 33],
    [52, 530, 625, 88, 86],
    [14, 227, 63, 27, 19],
    [37, 103, 211, 27, 35],
    [43, 214, 392, 32, 59],
    [9, 32, 118, 7, 12],
    [42, 352, 236, 53, 61],
    [60, 341, 281, 40, 62],
    [60, 247, 369, 47, 62],
    [43, 207, 154, 26, 37],
    [70, 550, 631, 66, 121],
    [48, 209, 394, 23, 53],
    [7, 69, 93, 10, 19],
    [61, 509, 820, 71, 145],
    [77, 488, 751, 84, 129],
    [65, 382, 439, 57, 90],
    [71, 388, 629, 34, 92],
    [0, 4, 6, 0, 2],
    [10, 62, 100, 4, 15],
    [9, 52, 72, 4, 14],
    [1, 11, 16, 1, 5],
    [27, 280, 252, 62, 47],
    [78, 175, 427, 30, 58],
    [29, 111, 160, 4, 33],
    [46, 311, 560, 60, 79],
    [65, 386, 684, 59, 89],
    [68, 370, 602, 54, 115],
    [108, 418, 675, 51, 122],
    [104, 382, 538, 50, 89],
    [33, 108, 183, 31, 27],
    [13, 431, 388, 60, 38],
    [234, 1629, 1886, 271, 262],
    [12, 94, 76, 6, 12],
    [185, 842, 859, 101, 177],
    [41, 108, 234, 8, 23]
  ],
  "method": "mvn_cdf",
  "mvncdf_method": "genz",
  "mvncdf_samples": 5000,
  "mvncdf_error": 1e-06,
  "cond_prob": [
    [
      [0.53023534971, 0.22219495044, 0.24756969984],
      [0.91062537407, 0.016616276897, 0.072758349038],
      [0.07391000638, 0.90799564553, 0.018094348093],
      [0.81132177275, 0.12010512447, 0.068573102781],
      [0.44464578515, 0.45962195199, 0.095732262856]
    ],
    [
      [0.49315802388, 0.17846022165, 0.32838175447],
      [0.88681045261, 0.015428633933, 0.097760913457],
      [0.084120706463, 0.88652177867, 0.02935751487],
      [0.8008427861, 0.10254754098, 0.096609672916],
      [0.45505850491, 0.40520224749, 0.1397392476]
    ],
    [
      [0.55754727421, 0.21672352603, 0.22572919975],
      [0.92220893198, 0.016456508275, 0.061334559748],
      [0.07933576408, 0.90381672527, 0.016847510654],
      [0.82601977681, 0.11343312418, 0.060547099014],
      [0.4661309713, 0.44683159333, 0.087037435368]
    ],
    [
      [0.45132944617, 0.32696967504, 0.2217008788],
      [0.89698481409, 0.02817684748, 0.074838338426],
      [0.044237150679, 0.94496843185, 0.010794417469],
      [0.74401584674, 0.19005775366, 0.065926399594],
      [0.33173379069, 0.59322680209, 0.075039407223]
    ],
    [
      [0.46480648548, 0.31565273235, 0.21954078217],
      [0.90056182489, 0.026682210442, 0.072755964668],
      [0.048711634454, 0.94139810289, 0.0098902626609],
      [0.7541388074, 0.18121606672, 0.064645125881],
      [0.34618517368, 0.57831193999, 0.07550288633]
    ],
    [
      [0.49939303513, 0.2804810496, 0.22012591527],
      [0.91149609415, 0.023011618412, 0.06549228744],
      [0.057059309016, 0.92973190517, 0.013208785817],
      [0.78195200664, 0.15545585018, 0.062592143184],
      [0.38689649032, 0.5343295154, 0.078773994284]
    ],
    [
      [0.44812497218, 0.24212154035, 0.30975348746],
      [0.87682790034, 0.020637622341, 0.10253447732],
      [0.058180296595, 0.92077818746, 0.021041515947],
      [0.76004739782, 0.14503494676, 0.094917655414],
      [0.37718158157, 0.50277158892, 0.12004682951]
    ],
    [
      [0.44568570248, 0.28411575808, 0.27019853943],
      [0.88308402537, 0.024279486053, 0.092636488578],
      [0.050161617148, 0.93390145423, 0.015936928618],
      [0.74904567108, 0.16872919167, 0.082225137245],
      [0.35072032138, 0.55124244282, 0.098037235806]
    ],
    [
      [0.44129613893, 0.28833754515, 0.27036631591],
      [0.88189567076, 0.025062213483, 0.093042115756],
      [0.04927123895, 0.93488962357, 0.015839137481],
      [0.74492026023, 0.17225138442, 0.082828355345],
      [0.34598040199, 0.55616309399, 0.097856504021]
    ],
    [
      [0.45688079513, 0.25424010146, 0.28887910341],
      [0.88257177791, 0.02111891949, 0.096309302598],
      [0.056483084825, 0.92483454972, 0.018682365457],
      [0.76306766751, 0.14981817169, 0.087114160802],
      [0.37503647276, 0.51580831652, 0.10915521073]
    ],
    [
      [0.46817757679, 0.30742271286, 0.22439971035],
      [0.90037616167, 0.025797727102, 0.073826111226],
      [0.050300029509, 0.93899541397, 0.010704556523],
      [0.75794370799, 0.17611780149, 0.065938490514],
      [0.35254459971, 0.56942701518, 0.07802838511]
    ],
    [
      [0.55208318343, 0.15068534658, 0.29723146999],
      [0.90792660798, 0.0069580007257, 0.085115391291],
      [0.10587573642, 0.86433381029, 0.029790453289],
      [0.83799826749, 0.080676497299, 0.081325235215],
      [0.51975635807, 0.35156018462, 0.12868345732]
    ],
    [
      [0.46756869197, 0.32139967566, 0.21103163238],
      [0.90374645769, 0.026924067447, 0.069329474863],
      [0.04821316486, 0.94285558445, 0.0089312506881],
      [0.75540685961, 0.18305063484, 0.061542505551],
      [0.34414600743, 0.58428964553, 0.071564347034]
    ],
    [
      [0.49358022694, 0.25055439664, 0.25586537642],
      [0.90050044636, 0.019909574988, 0.079589978653],
      [0.061818444457, 0.92047004515, 0.017711510394],
      [0.78541801012, 0.14090942441, 0.073672565471],
      [0.4017414944, 0.50223987487, 0.096018630728]
    ],
    [
      [0.34909802049, 0.43948779303, 0.21141418648],
      [0.86648153438, 0.046210997943, 0.087307467673],
      [0.016019637669, 0.97493698654, 0.0090433757896],
      [0.64676084695, 0.28378812721, 0.069451025839],
      [0.22608879514, 0.71139805219, 0.062513152673]
    ],
    [
      [0.57700169806, 0.17983973431, 0.24315856763],
      [0.92090981572, 0.012954215724, 0.066135968556],
      [0.096816024493, 0.88177674546, 0.021407230046],
      [0.84276516211, 0.092886494636, 0.06434834325],
      [0.5096809537, 0.39122214885, 0.099096897454]
    ],
    [
      [0.53411360371, 0.23087607642, 0.23501031987],
      [0.91453508643, 0.017808364401, 0.067656549164],
      [0.072252016089, 0.91106258161, 0.016685402298],
      [0.81130672348, 0.12399314127, 0.064700135253],
      [0.44099409424, 0.46945922694, 0.089546678817]
    ],
    [
      [0.54502771174, 0.21877634391, 0.23619594436],
      [0.91618952444, 0.016034027612, 0.067776447944],
      [0.076295092955, 0.90636397548, 0.01734093156],
      [0.8193831506, 0.11629529865, 0.064321550749],
      [0.45702624805, 0.45159400895, 0.091379742991]
    ],
    [
      [0.49670740439, 0.17958167367, 0.32371092194],
      [0.88899234055, 0.013549694758, 0.097457964696],
      [0.08352984245, 0.88798377421, 0.028486383341],
      [0.80300023217, 0.10252897669, 0.094470791142],
      [0.45617744174, 0.4069715296, 0.13685102866]
    ],
    [
      [0.44935821646, 0.28034661953, 0.27029516402],
      [0.88485916786, 0.024099343307, 0.09104148883],
      [0.051055186792, 0.93208395624, 0.016860856967],
      [0.75189007492, 0.16603370035, 0.082076224731],
      [0.35563483234, 0.54560245623, 0.098762711434]
    ],
    [
      [0.49625539326, 0.30120974157, 0.20253486517],
      [0.91237108799, 0.024099603029, 0.063529308977],
      [0.055566419743, 0.93691559201, 0.0075179882427],
      [0.77618593368, 0.16644632262, 0.057367743706],
      [0.37261769583, 0.55720956034, 0.070172743829]
    ],
    [
      [0.37227816593, 0.22381505035, 0.40390678372],
      [0.82875602167, 0.021389899987, 0.14985407835],
      [0.061580211781, 0.92411288682, 0.014306901402],
      [0.71279568668, 0.15028396104, 0.13692035228],
      [0.33447214637, 0.50063439285, 0.16489346079]
    ],
    [
      [0.438441646, 0.31323336477, 0.24832498923],
      [0.88645944514, 0.027650385394, 0.085890169469],
      [0.044668749793, 0.9416910842, 0.01364016601],
      [0.73763176348, 0.18653942831, 0.075828808207],
      [0.33135842746, 0.58198434573, 0.086657226805]
    ],
    [
      [0.44498546071, 0.26873064215, 0.28628389715],
      [0.87996865514, 0.023205968121, 0.096825376736],
      [0.052999034343, 0.92894270842, 0.018058257239],
      [0.75158631486, 0.1606742681, 0.08773941704],
      [0.35950302773, 0.53372570209, 0.10677127019]
    ],
    [
      [0.46935220899, 0.27254686121, 0.2581009298],
      [0.89341344464, 0.022626897694, 0.083959657668],
      [0.054638061751, 0.92877518101, 0.016586757239],
      [0.76620392571, 0.15739435076, 0.076401723531],
      [0.37276041878, 0.53263551828, 0.094604062946]
    ],
    [
      [0.41368045646, 0.25905609515, 0.32726344839],
      [0.86024514174, 0.02350465837, 0.11625019989],
      [0.0529056113, 0.92876181965, 0.01833256905],
      [0.73262065377, 0.16233394195, 0.10504540428],
      [0.34420479194, 0.53018120881, 0.12561399925]
    ],
    [
      [0.53775607777, 0.11761309345, 0.34463082878],
      [0.93285043681, 0.0075710881046, 0.059578475082],
      [0.033146853978, 0.87924638404, 0.08760676198],
      [0.8801429556, 0.05837598628, 0.061481058123],
      [0.53485856444, 0.34711867166, 0.1180227639]
    ],
    [
      [0.46037719571, 0.32507108703, 0.21455171725],
      [0.90223379039, 0.027195646514, 0.070570563092],
      [0.044095977346, 0.94438398487, 0.01152003778],
      [0.75183318814, 0.18561157099, 0.062555240869],
      [0.33605350342, 0.59215428496, 0.071792211622]
    ],
    [
      [0.40898191968, 0.30596986721, 0.28504821311],
      [0.87127525092, 0.027689608722, 0.10103514036],
      [0.038005853493, 0.94211102007, 0.019883126439],
      [0.72236524733, 0.18851075543, 0.08912399724],
      [0.31335480245, 0.58716964821, 0.099475549342]
    ],
    [
      [0.58860602583, 0.26288100672, 0.14851296745],
      [0.94602101889, 0.016623520478, 0.037355460634],
      [0.062086410112, 0.92814295942, 0.0097706304644],
      [0.83994600971, 0.12431934257, 0.035734647717],
      [0.43436683898, 0.51593071494, 0.049702446086]
    ],
    [
      [0.37747831405, 0.34122350095, 0.281298185],
      [0.85695210525, 0.033762640223, 0.10928525452],
      [0.035997813853, 0.94995765519, 0.014044530955],
      [0.68769770438, 0.21957283521, 0.092729460403],
      [0.27984658058, 0.62405492171, 0.096098497712]
    ],
    [
      [0.42860549575, 0.27043967913, 0.30095482511],
      [0.87170495294, 0.023957427134, 0.10433761992],
      [0.050678251864, 0.93077630497, 0.018545443162],
      [0.74070595442, 0.16520091751, 0.094093128067],
      [0.34757952392, 0.53992492293, 0.11249555315]
    ],
    [
      [0.37722646799, 0.36568450141, 0.2570890306],
      [0.86409989723, 0.036144466214, 0.099755636561],
      [0.028297423905, 0.95699961691, 0.014702959188],
      [0.68317615134, 0.23303477416, 0.083789074504],
      [0.26924398201, 0.64639502751, 0.084360990486]
    ],
    [
      [0.478454968, 0.26030855057, 0.26123648143],
      [0.89527113199, 0.021244598782, 0.083484269224],
      [0.058222123912, 0.92438489227, 0.017392983822],
      [0.77435284112, 0.14902669051, 0.076620468363],
      [0.386027716, 0.5167290551, 0.097243228902]
    ],
    [
      [0.46859930657, 0.32385432004, 0.20754637339],
      [0.90425024749, 0.027262072815, 0.0684876797],
      [0.048722495025, 0.94363533723, 0.0076421677464],
      [0.75478000905, 0.18455946286, 0.060660528099],
      [0.34429485857, 0.58528910245, 0.070416038981]
    ],
    [
      [0.46316557816, 0.28352349049, 0.25331093135],
      [0.89269938539, 0.023845271462, 0.083455343146],
      [0.052273951779, 0.93227903082, 0.015447017401],
      [0.75999456677, 0.16461806274, 0.075387370491],
      [0.36258558707, 0.54588087186, 0.091533541066]
    ],
    [
      [0.47532445588, 0.29571739473, 0.22895814939],
      [0.90126144153, 0.024476534003, 0.074262024466],
      [0.052749809039, 0.93545726664, 0.01179292432],
      [0.76475027504, 0.16839007097, 0.06685965398],
      [0.36335484488, 0.55581788158, 0.080827273531]
    ],
    [
      [0.50066252497, 0.26112580205, 0.23821167297],
      [0.90570133062, 0.020614888097, 0.073683781282],
      [0.06142279168, 0.92394945575, 0.014627752571],
      [0.78685997592, 0.14521706143, 0.067922962652],
      [0.39960368972, 0.51261088842, 0.087785421859]
    ],
    [
      [0.53782474758, 0.20877810795, 0.25339714447],
      [0.91172104397, 0.01536795267, 0.072911003364],
      [0.076510947328, 0.90207638379, 0.02141266888],
      [0.81846652459, 0.11204807297, 0.069485402437],
      [0.45970166512, 0.44063389086, 0.099664444025]
    ],
    [
      [0.42673838286, 0.18533810003, 0.38792351711],
      [0.86138161108, 0.020207383155, 0.11841100576],
      [0.070640981105, 0.89575363246, 0.03360538643],
      [0.75864973009, 0.11655151989, 0.12479875001],
      [0.40182216239, 0.42988742027, 0.16829041734]
    ],
    [
      [0.47004437996, 0.27536757201, 0.25458804803],
      [0.89408919938, 0.022911486873, 0.082999313751],
      [0.054933091457, 0.92947929002, 0.015587618524],
      [0.76566673967, 0.1589366688, 0.075396591529],
      [0.371903864, 0.53500533516, 0.09309080084]
    ],
    [
      [0.52402088733, 0.14203589393, 0.33394321874],
      [0.89060634888, 0.013345105315, 0.096048545801],
      [0.10429127061, 0.8611899275, 0.034518801896],
      [0.82730601954, 0.078787363555, 0.093906616901],
      [0.50873165614, 0.34316422517, 0.14810411869]
    ],
    [
      [0.43348846574, 0.20468050548, 0.36183102878],
      [0.85944689778, 0.017740956019, 0.1228121462],
      [0.074543802875, 0.90771368968, 0.017742507448],
      [0.75824663539, 0.12681477237, 0.11493859224],
      [0.39284920376, 0.45571678009, 0.15143401616]
    ],
    [
      [0.42909811099, 0.17650193059, 0.39439995842],
      [0.85224465654, 0.015226058122, 0.13252928534],
      [0.080426331147, 0.89594938279, 0.02362428606],
      [0.76327496076, 0.11073805129, 0.12598698795],
      [0.41037362474, 0.41656289499, 0.17306348027]
    ]
  ],
  "expected_outcome": [
    [
      [15.3768251417, 18.7400049074, 9.4783036616, 11.7345656004, 21.3810983321, 42.9478010215, 11.2031243046, 15.1533138844, 16.7692532795, 10.508258288, 24.345233993, 7.729164568, 17.3000416027, 21.2239497584, 3.1418821844, 24.2340713185, 32.0468162225, 32.7016627041, 21.3584183888, 31.4550751519, 23.8202588767, 2.6059471615, 26.744940406, 34.2638804743, 30.5078935845, 29.3713124088, 0, 4.6037719571, 3.6808372771, 0.58860602583, 10.1919144793, 33.4312286688, 10.9395675717, 22.0089285281, 30.4589549272, 31.495259315, 51.3350412355, 52.0689025973, 17.7482166701, 5.5475989772, 109.9903849102, 6.2882506479, 80.1953661623, 17.5930225505],
      [6.4436535629, 6.7814884229, 3.6842999426, 8.5012115509, 14.520025688, 24.1213702655, 6.0530385088, 9.6599357748, 10.9568267159, 5.8475223336, 15.9859810687, 2.1095948521, 11.8917879994, 10.7738390557, 3.9553901372, 7.5532688411, 13.8525645851, 13.1265806343, 7.7220119676, 19.624263367, 14.4580675953, 1.5667053525, 19.1072352508, 20.6922594452, 17.7155459788, 18.3929827557, 0, 3.2507108703, 2.7537288049, 0.26288100672, 9.2130345256, 21.0942949725, 10.6048505408, 11.974193326, 21.0505308025, 19.2795973533, 31.9374786308, 27.1570834135, 6.8896775625, 2.4093953004, 64.4360118497, 1.7044307271, 37.8658935143, 7.2365791543],
      [7.1795212954, 12.4785066697, 3.8373963958, 5.7642228487, 10.0988759799, 18.930828713, 7.7438371866, 9.1867503408, 10.2739200047, 6.6442193784, 11.6687849384, 4.1612405798, 7.8081703979, 11.0022111859, 1.9027276784, 10.2126598404, 14.1006191924, 14.1717566616, 13.9195696436, 18.9206614811, 9.7216735281, 2.827347486, 15.1478243432, 22.0438600805, 16.7765604367, 23.2357048355, 0, 2.1455171725, 2.565433918, 0.14851296745, 7.5950509951, 23.4744763587, 7.4555818875, 12.0168781459, 13.4905142702, 17.2251433317, 24.7274801337, 24.7740139891, 8.3621057674, 5.0430057224, 59.5736032401, 4.0073186249, 66.9387403234, 16.1703982952]
    ],
    [
      [285.0257420824, 361.8186646649, 284.9625599807, 96.8743599221, 449.3803506205, 607.0563987026, 206.05455658, 282.5868881182, 568.8227076409, 190.6355040289, 477.1993656859, 206.0993400121, 93.0858851421, 192.7070955207, 27.7274091003, 324.1602551336, 311.8564644741, 226.2988125376, 184.0214144931, 486.6725423245, 190.6855573909, 57.184165495, 451.2078575746, 429.4247037093, 341.2839358516, 333.7751149967, 3.7314017473, 55.9384950044, 45.3063130478, 10.4062312078, 239.9465894707, 152.5483667652, 95.915088592, 278.42932205, 349.0405955293, 330.298772595, 376.72728256, 345.9779082972, 98.4658727483, 371.2554743775, 1456.4713057832, 83.7169967951, 723.6542879292, 92.042422906],
      [5.2008946687, 6.2948826447, 5.085061057, 3.0430995279, 13.3144230104, 15.3257378625, 4.8498412502, 7.7694355369, 16.1651276968, 4.5616866099, 13.6727953642, 1.5794661647, 2.7731789471, 4.2606490475, 1.4787519342, 4.5598839347, 6.0726522608, 3.9604048203, 2.8047868149, 13.2546388188, 5.036817033, 1.4759030991, 14.0740461658, 11.3245124433, 8.6434749193, 9.1198074475, 0.030284352419, 1.6861300839, 1.4398596535, 0.18285872525, 9.4535392625, 4.1925497485, 4.0120357497, 6.6070702212, 10.5231601065, 8.8227504411, 10.2311912133, 7.8748872532, 1.6597388884, 8.7093821396, 37.3228121169, 1.2544398996, 14.9378849681, 1.6444142771],
      [22.7733632489, 39.8864526904, 18.9523789623, 8.08254055, 36.3052263691, 43.6178634349, 24.0956021698, 29.6436763449, 60.0121646623, 20.8028093612, 39.1278389499, 19.3211938232, 7.1409359109, 17.0322554318, 2.7938389655, 23.2798609317, 23.0708832651, 16.7407826421, 20.173798692, 50.0728188568, 13.2776255761, 10.3399314059, 43.7180962597, 47.2507838474, 32.0725892291, 45.1050775558, 0.23831390033, 4.3753749117, 5.2538272987, 0.41091006697, 30.5998712668, 18.2590834862, 11.0728756583, 25.9636077288, 26.4362443641, 30.8784769639, 31.0415262267, 28.1472044496, 7.8743883633, 51.0351434829, 135.2058821, 9.0285633053, 103.4078271028, 14.3131628168]
    ],
    [
      [16.4819314227, 29.442247262, 19.6752694918, 12.9614851488, 33.5136045042, 34.2926447186, 10.6469942769, 14.3963841215, 24.8819756697, 8.2465303844, 31.4375184431, 6.6701713945, 10.1729777856, 24.232830227, 1.890317245, 22.8485817804, 20.3028165211, 28.1528893006, 12.8635957373, 32.2158228658, 21.8931693786, 5.7269596956, 36.6283748303, 39.8022747916, 23.9861091085, 33.2776295075, 0.19888112387, 4.4095977346, 2.7364214515, 0.9933825618, 9.0714490911, 21.6396135461, 4.5275878247, 32.604389391, 33.3261865969, 31.468918971, 35.6061211013, 33.0454619241, 14.001503361, 27.4087006689, 103.6038104885, 7.926136566, 64.0331266692, 18.8197614884],
      [202.4830289526, 310.2826225336, 224.1465478659, 276.8757505327, 647.681894785, 558.7688750055, 168.5024083049, 268.0297173653, 472.1192599025, 135.0258442588, 586.8721337299, 54.4530300483, 198.9425283193, 360.8242576986, 115.0425644119, 208.0993119286, 256.0085854331, 334.4483069537, 136.7495012283, 588.1449763879, 369.1447432537, 85.942498474, 772.1866890419, 697.6359740219, 407.7323044638, 584.1911845599, 5.2754783043, 94.4383984874, 67.8319934449, 14.8502873508, 239.3893291083, 397.4414822237, 153.1199387051, 517.6555396687, 645.4465706646, 561.2319765538, 631.4336549829, 497.0848071927, 165.0799782339, 347.5524093961, 1752.9979409759, 65.4504344899, 779.726059433, 209.6521555734],
      [4.0350396247, 10.2751302044, 4.1781826423, 3.1627643185, 6.8045007107, 7.938480276, 3.8505974182, 4.5738985133, 7.9987644279, 2.7276253567, 6.690347827, 1.8767985572, 1.8844938952, 6.9429120743, 1.0671183432, 5.052106291, 4.6885980458, 6.3988037457, 4.3869030345, 10.6392007464, 2.9620873676, 1.3305418304, 11.1849361278, 13.5617511865, 7.2815864277, 11.5311859326, 0.52564057188, 1.152003778, 1.4315851036, 0.15633008743, 3.5392218007, 7.9189042302, 2.3524734701, 9.7400709403, 5.2272427385, 9.2991044752, 7.9602239158, 7.8697308832, 3.9185184051, 13.038889935, 29.3982485356, 2.6234289441, 15.2408138978, 5.5280829381]
    ],
    [
      [34.8868362282, 60.8640517437, 37.1708899565, 11.1602377012, 58.0686881697, 66.4659205643, 25.8416115259, 47.9389229492, 87.1556704472, 28.2335036977, 66.6990463034, 22.6259532221, 20.3959852095, 25.1333763239, 4.5273259287, 44.6665535921, 32.4522689392, 38.5110080783, 20.8780060363, 49.6247449449, 17.8522764746, 7.1279568668, 52.3718552071, 63.1332504482, 43.6736237655, 24.9091022281, 0, 3.0073327526, 2.8894609893, 0.83994600971, 42.6372576718, 22.2211786327, 2.7327046053, 46.4611704673, 44.5320205337, 41.0397066057, 39.0022640273, 39.3429987959, 25.3724622624, 45.5189838056, 207.4956864509, 4.9638361173, 76.5829101743, 6.1061996861],
      [5.1645203522, 7.7936131147, 5.1044905879, 2.8508663049, 13.9536371374, 13.2137472651, 4.93118819, 10.7986682671, 20.1534119774, 5.5432723526, 15.4983665314, 2.1782654271, 4.9423671406, 4.509101581, 1.9865168904, 4.9229842157, 4.9597256507, 5.4658790365, 2.665753394, 10.9582242229, 3.8282654202, 1.5028396104, 13.2442994103, 13.4966385205, 8.9714779932, 5.5193540264, 0, 0.74244628396, 0.75404302172, 0.12431934257, 13.6135157832, 4.9560275253, 0.93213909664, 8.9416014309, 10.8890083085, 8.8893753878, 8.5878936197, 7.2608530715, 3.473490262, 6.9930911937, 43.0718372447, 0.47272418133, 12.8082920091, 0.88590441035],
      [2.9486434196, 7.3423351416, 2.7246194556, 0.9888959939, 4.9776746929, 5.3203321706, 3.2272002841, 5.2624087837, 9.6909175754, 3.2232239497, 5.8025871652, 2.1957813508, 1.6616476499, 2.3575220951, 0.48615718087, 3.4104621922, 2.5880054101, 3.0231128852, 2.4562405697, 5.4170308322, 1.3194581052, 1.3692035228, 5.3838453827, 7.3701110313, 4.3548982413, 3.5715437455, 0, 0.25022096347, 0.35649598896, 0.035734647717, 5.749226545, 2.822793842, 0.33515629802, 4.5972281018, 3.5789711578, 4.0709180065, 3.409842353, 3.3961481326, 2.1540474755, 7.4879250008, 20.4324763044, 0.5634397014, 11.6087978165, 1.0078959036]
    ],
    [
      [14.228665125, 39.135031422, 17.7129769094, 13.2693516275, 26.6562583734, 40.2372349931, 22.2537133125, 11.9244909268, 28.3703929628, 12.3762036009, 30.3188355746, 9.8753708033, 12.0451102601, 23.7027481699, 2.7130655417, 31.0905381754, 27.3416338431, 28.3356273794, 16.8785653446, 43.031814713, 19.7487378792, 6.354970781, 48.0469719821, 46.3758905766, 33.5484376899, 31.6668408588, 1.0697171289, 5.0408025513, 4.3869672343, 2.1718341949, 13.1527892871, 20.1596123872, 8.8850514063, 30.4961895636, 30.6422424129, 41.6973425134, 44.3292910759, 35.5647283855, 12.4119449581, 15.2692421709, 97.4388123673, 6.1047798737, 69.534309065, 9.4385933689],
      [14.7079024636, 34.8473932841, 16.9796005466, 23.7290720836, 44.5300193792, 55.5702696014, 29.6635237462, 18.7422430558, 45.6053737075, 17.0216744451, 48.9707233059, 6.6796435077, 20.4501375937, 29.6321526172, 8.5367766263, 23.8645510799, 29.1064720703, 27.9988285552, 15.0579465951, 66.0178972035, 29.5321066978, 9.5120534641, 84.3877301312, 68.8506155692, 47.9371966449, 48.7766712105, 0.69423734332, 8.8823142744, 8.2203750749, 2.5796535747, 29.3305813205, 31.31564553, 21.3310359077, 40.8215953531, 52.0907301178, 62.776300264, 67.8097815532, 45.622369069, 11.8971150532, 16.3357219702, 140.1713978127, 4.117970702, 80.6618700755, 9.5809465848],
      [3.0634324114, 12.0175752939, 3.307422544, 3.0015762889, 5.8137222474, 8.1924954056, 7.0827629413, 3.3332660174, 8.0242333297, 3.602121954, 6.7104411195, 2.444985689, 2.5047521462, 5.6650992129, 0.75015783207, 6.0449107447, 5.5518940866, 5.6655440654, 5.0634880603, 11.9502880836, 3.719155423, 3.1329757549, 12.5652978867, 13.7734938542, 8.5143656652, 11.5564879307, 0.2360455278, 1.0768831743, 1.3926576908, 0.24851223043, 4.5166293924, 6.5247420828, 2.7839126861, 7.6822150833, 6.2670274693, 10.5263572226, 9.8609273708, 7.8129025455, 2.6909399887, 6.3950358589, 24.38978982, 1.7772494243, 26.8038208595, 3.9804600463]
    ]
  ],
  "prob": [
    [0.46802108182, 0.26362950081, 0.26834941737],
    [0.89044828555, 0.021962288229, 0.087589426224],
    [0.056983784265, 0.92584480675, 0.017171408985],
    [0.76685067585, 0.15314149662, 0.080007827532],
    [0.37774857507, 0.52211122249, 0.10014020244]
  ],
  "iterations": 199,
  "time": 0.021214,
  "message": "Converged",
  "status": 0,
  "miniter": 0,
  "maxiter": 1000,
  "maxtime": 3600,
  "param_threshold": 0.001,
  "ll_threshold": "-Inf",
  "initial_prob": "random",
  "adjust_prob_cond_method": "lp",
  "adjust_prob_cond_every": false,
  "candidates_id": ["HUGHES, Darren Colyn.c", "GUY, Allen Nathan.c", "Other candidates votes.c"],
  "group_id": ["Green Party.p", "Labour Party.p", "National Party.p", "New Zealand First Party.p", "Other parties votes.p"]
}
