{
  "X": [
    [24, 51, 25],
    [37, 47, 16],
    [36, 54, 10],
    [37, 47, 16],
    [28, 48, 24],
    [25, 52, 23],
    [33, 46, 21],
    [24, 57, 19],
    [21, 57, 22],
    [36, 47, 17],
    [22, 52, 26],
    [27, 52, 21],
    [35, 40, 25],
    [23, 51, 26],
    [32, 44, 24],
    [22, 52, 26],
    [20, 56, 24],
    [26, 43, 31],
    [22, 47, 31],
    [20, 36, 44],
    [36, 30, 34],
    [26, 44, 30],
    [25, 48, 27],
    [27, 43, 30],
    [16, 48, 36],
    [27, 37, 36],
    [25, 45, 30],
    [30, 42, 28],
    [25, 45, 30],
    [27, 34, 39],
    [22, 46, 32],
    [32, 37, 31],
    [21, 46, 33],
    [36, 32, 32],
    [40, 29, 31],
    [42, 31, 27],
    [53, 29, 18],
    [41, 37, 22],
    [43, 25, 32],
    [50, 25, 25],
    [49, 21, 30],
    [45, 38, 17],
    [51, 28, 21],
    [54, 21, 25],
    [40, 40, 20],
    [43, 31, 26],
    [48, 28, 24],
    [46, 31, 23],
    [37, 38, 25],
    [50, 30, 20]
  ],
  "W": [
    [63, 16, 21],
    [59, 23, 18],
    [64, 15, 21],
    [59, 16, 25],
    [70, 11, 19],
    [68, 11, 21],
    [65, 21, 14],
    [75, 17, 8],
    [67, 19, 14],
    [63, 20, 17],
    [71, 14, 15],
    [75, 16, 9],
    [63, 13, 24],
    [62, 24, 14],
    [62, 16, 22],
    [78, 12, 10],
    [57, 32, 11],
    [21, 58, 21],
    [16, 67, 17],
    [14, 67, 19],
    [10, 68, 22],
    [21, 61, 18],
    [16, 70, 14],
    [18, 67, 15],
    [15, 69, 16],
    [20, 62, 18],
    [13, 74, 13],
    [17, 67, 16],
    [13, 70, 17],
    [23, 65, 12],
    [13, 73, 14],
    [27, 53, 20],
    [12, 72, 16],
    [16, 35, 49],
    [10, 19, 71],
    [19, 14, 67],
    [14, 14, 72],
    [19, 22, 59],
    [15, 12, 73],
    [16, 14, 70],
    [17, 16, 67],
    [19, 21, 60],
    [15, 20, 65],
    [13, 12, 75],
    [19, 26, 55],
    [9, 23, 68],
    [24, 10, 66],
    [13, 16, 71],
    [20, 19, 61],
    [19, 15, 66]
  ],
  "method": "mvn_pdf",
  "cond_prob": [
    [
      [0.17956705036, 0.62410939837, 0.19632355128],
      [0.13134805588, 0.45023562105, 0.41841632307],
      [0.50408128255, 0.21320656981, 0.28271214764]
    ],
    [
      [0.31272650994, 0.5711441386, 0.11612935146],
      [0.25482258056, 0.45610135491, 0.28907606454],
      [0.70490092004, 0.15623137, 0.13886770996]
    ],
    [
      [0.28257927322, 0.65110004999, 0.066320676793],
      [0.23312719067, 0.54066341613, 0.2262093932],
      [0.68657231685, 0.2009355028, 0.11249218035]
    ],
    [
      [0.28222010493, 0.5946227404, 0.12315715467],
      [0.22574523799, 0.47249771515, 0.30175704686],
      [0.66948360006, 0.17429179496, 0.15622460498]
    ],
    [
      [0.22393363411, 0.57318997197, 0.20287639393],
      [0.15900102305, 0.40983119639, 0.43116778056],
      [0.55661233469, 0.17729256853, 0.26609509679]
    ],
    [
      [0.18574840192, 0.62507851137, 0.18917308672],
      [0.13721233951, 0.45706290191, 0.40572475858],
      [0.51713204453, 0.2127128241, 0.27015513137]
    ],
    [
      [0.29264224518, 0.54248636835, 0.16487138647],
      [0.22405523067, 0.4117875359, 0.36415723343],
      [0.66236387279, 0.14934627169, 0.18828985552]
    ],
    [
      [0.21981691138, 0.62773092676, 0.15245216186],
      [0.16830035523, 0.4858491421, 0.34585050267],
      [0.58157820097, 0.20759313466, 0.21082866437]
    ],
    [
      [0.17013182831, 0.65970091839, 0.1701672533],
      [0.13055734369, 0.49831326713, 0.37112938918],
      [0.50861271236, 0.23800617088, 0.25338111676]
    ],
    [
      [0.30629503054, 0.56345916445, 0.13024580501],
      [0.24600093908, 0.44387740829, 0.31012165263],
      [0.69314084084, 0.15438379258, 0.15247536658]
    ],
    [
      [0.18041744926, 0.60623212476, 0.21335042599],
      [0.12786076062, 0.42327939325, 0.44885984613],
      [0.49335403027, 0.20210717578, 0.30453879395]
    ],
    [
      [0.24790591858, 0.57931150588, 0.17278257554],
      [0.18492032559, 0.43548673169, 0.37959294272],
      [0.60537009966, 0.17598326131, 0.21864663904]
    ],
    [
      [0.27981226102, 0.50787916945, 0.21230856953],
      [0.19713344339, 0.35989575662, 0.44297079999],
      [0.61704553298, 0.13854031203, 0.24441415499]
    ],
    [
      [0.19681631348, 0.6074275608, 0.19575612572],
      [0.14245485458, 0.43892150025, 0.41862364517],
      [0.52703371815, 0.20038394461, 0.27258233725]
    ],
    [
      [0.2552938092, 0.54982866286, 0.19487752794],
      [0.18454963518, 0.39929306225, 0.41615730257],
      [0.60086316667, 0.16008790486, 0.23904892847]
    ],
    [
      [0.19629876304, 0.5813859221, 0.22231531486],
      [0.13510506373, 0.39950641866, 0.46538851761],
      [0.50674357184, 0.18578210519, 0.30747432296]
    ],
    [
      [0.17583802379, 0.65727987902, 0.16688209719],
      [0.133891977, 0.4983389285, 0.3677690945],
      [0.51751721636, 0.23529101675, 0.24719176689]
    ],
    [
      [0.21837876274, 0.60718404686, 0.1744371904],
      [0.16339864731, 0.4511611644, 0.38544018829],
      [0.56842497326, 0.19437083242, 0.23720419432]
    ],
    [
      [0.19153875527, 0.64729284901, 0.16116839572],
      [0.14573130792, 0.49011880304, 0.36414988905],
      [0.53949307561, 0.22384438895, 0.23666253544]
    ],
    [
      [0.18691952226, 0.55183695153, 0.26124352621],
      [0.12451241065, 0.37213484058, 0.50335274878],
      [0.475831325, 0.17585517684, 0.34831349816]
    ],
    [
      [0.35303353076, 0.4623014561, 0.18466501314],
      [0.25204998778, 0.33717352761, 0.4107764846],
      [0.69683025105, 0.11132661643, 0.19184313252]
    ],
    [
      [0.22895281018, 0.6059528972, 0.16509429262],
      [0.17404009492, 0.4562690552, 0.36969084987],
      [0.58753028866, 0.19125426619, 0.22121544515]
    ],
    [
      [0.22903716232, 0.63470950953, 0.13625332816],
      [0.1837133164, 0.49936035552, 0.31692632808],
      [0.60539094677, 0.20638735439, 0.18822169884]
    ],
    [
      [0.25536182685, 0.58530820866, 0.1593299645],
      [0.19504963369, 0.44528565222, 0.35966471409],
      [0.62234411066, 0.17535423636, 0.20230165298]
    ],
    [
      [0.145320225, 0.66670495695, 0.18797481805],
      [0.096165948018, 0.49238492305, 0.41144912893],
      [0.44904663823, 0.25155412221, 0.29939923956]
    ],
    [
      [0.25367978793, 0.53704163366, 0.20927857841],
      [0.18216505287, 0.37877966484, 0.43905528229],
      [0.59067616464, 0.15415711705, 0.25516671831]
    ],
    [
      [0.24141120548, 0.60784985729, 0.15073893723],
      [0.1879613223, 0.46807796898, 0.34396070872],
      [0.61173203684, 0.18924478081, 0.19902318235]
    ],
    [
      [0.28385444553, 0.5690003094, 0.14714524508],
      [0.21821266472, 0.44364359009, 0.33814374519],
      [0.65963911811, 0.16267963777, 0.17768124411]
    ],
    [
      [0.22279275416, 0.62395319456, 0.15325405128],
      [0.17313539107, 0.47793154464, 0.34893306429],
      [0.58730687181, 0.20196472624, 0.21072840194]
    ],
    [
      [0.28609498583, 0.48321565135, 0.23068936283],
      [0.20101553154, 0.32848247818, 0.47050199027],
      [0.61281714796, 0.12788991143, 0.25929294061]
    ],
    [
      [0.20598117495, 0.63169284116, 0.16232598388],
      [0.15741150953, 0.47722672173, 0.36536176874],
      [0.55937175213, 0.21074588419, 0.22988236368]
    ],
    [
      [0.29154814348, 0.5204358925, 0.18801596401],
      [0.21231774109, 0.37983017243, 0.40785208648],
      [0.64376799241, 0.14086158819, 0.2153704194]
    ],
    [
      [0.18922920207, 0.64292737961, 0.16784341832],
      [0.14191394012, 0.48240862747, 0.37567743241],
      [0.53196536791, 0.22196564168, 0.24606899041]
    ],
    [
      [0.22043980638, 0.57116066566, 0.20839952796],
      [0.15667676417, 0.40491535571, 0.43840788012],
      [0.5508015582, 0.17733452856, 0.27186391323]
    ],
    [
      [0.18567587844, 0.60825465349, 0.20606946807],
      [0.13213777646, 0.43219714388, 0.43566507966],
      [0.5018679361, 0.2071226441, 0.2910094198]
    ],
    [
      [0.20399612444, 0.60641252405, 0.18959135151],
      [0.14889393805, 0.4408549246, 0.41025113735],
      [0.53790385825, 0.198599897, 0.26349624475]
    ],
    [
      [0.2603413643, 0.60999342213, 0.12966521356],
      [0.20757484437, 0.4851370374, 0.30728811823],
      [0.64512740387, 0.18983574398, 0.16503685215]
    ],
    [
      [0.20352294766, 0.65646276683, 0.14001428551],
      [0.16017135937, 0.51444318114, 0.32538545949],
      [0.56964905234, 0.22388910924, 0.20646183842]
    ],
    [
      [0.2114388565, 0.54503502959, 0.24352611391],
      [0.14285246179, 0.36628008746, 0.49086745075],
      [0.52211215905, 0.17026182886, 0.30762601209]
    ],
    [
      [0.26675983525, 0.5436131481, 0.18962701664],
      [0.19465354186, 0.39552225641, 0.40982420174],
      [0.61438132929, 0.15378397201, 0.23183469871]
    ],
    [
      [0.28598169365, 0.47268249231, 0.24133581404],
      [0.19446549672, 0.31917443464, 0.48636006864],
      [0.61234124269, 0.11727771159, 0.27038104572]
    ],
    [
      [0.22135784029, 0.66937112319, 0.10927103652],
      [0.18250139914, 0.54850851969, 0.26899008117],
      [0.61602786088, 0.2293878291, 0.15458431002]
    ],
    [
      [0.28172099059, 0.56816295377, 0.15011605564],
      [0.21749022765, 0.43863795821, 0.34387181414],
      [0.65268277828, 0.16468917737, 0.18262804435]
    ],
    [
      [0.29190633195, 0.50942296296, 0.19867070509],
      [0.21031514715, 0.36573174935, 0.42395310351],
      [0.63575247892, 0.13318293986, 0.23106458122]
    ],
    [
      [0.20166310591, 0.67623916103, 0.12209773306],
      [0.16377907981, 0.54397934917, 0.29224157102],
      [0.58018445296, 0.23650896113, 0.18330658591]
    ],
    [
      [0.20412098233, 0.63184102543, 0.16403799224],
      [0.15430589963, 0.47720398455, 0.36849011582],
      [0.55314522746, 0.2108491048, 0.23600566774]
    ],
    [
      [0.25700519308, 0.55526529804, 0.18772950888],
      [0.18841044155, 0.40534239847, 0.40624715998],
      [0.60526925683, 0.16091225549, 0.23381848768]
    ],
    [
      [0.21240942798, 0.63514171605, 0.15244885596],
      [0.16377219848, 0.48821676215, 0.34801103937],
      [0.57208904592, 0.21030548587, 0.2176054682]
    ],
    [
      [0.17128766422, 0.67188491915, 0.15682741663],
      [0.13152099586, 0.51403809095, 0.35444091319],
      [0.50943193105, 0.2425504572, 0.24801761175]
    ],
    [
      [0.26202550059, 0.59255248511, 0.1454220143],
      [0.20402081073, 0.460219875, 0.33575931427],
      [0.635775808, 0.17936673724, 0.18485745476]
    ]
  ],
  "expected_outcome": [
    [
      [11.3127241725, 18.4508640865, 18.085073486, 16.6509861906, 15.6753543874, 12.6308913303, 19.0217459368, 16.4862683534, 11.3988324969, 19.2965869241, 12.8096388972, 18.5929438936, 17.6281724444, 12.202611436, 15.8282161704, 15.3113035168, 10.0227673561, 4.5859540175, 3.0646200843, 2.6168733116, 3.5303353076, 4.8080090138, 3.6645945971, 4.5965128832, 2.179803375, 5.0735957587, 3.1383456712, 4.825525574, 2.8963058041, 6.5801846741, 2.6777552744, 7.8717998741, 2.2707504248, 3.527036902, 1.8567587844, 3.8759263644, 3.6447791002, 3.8669360055, 3.1715828476, 4.268157364, 4.8616887921, 4.2057989655, 4.2258148589, 3.7947823153, 3.8315990122, 1.837088841, 6.168124634, 2.7613225638, 3.4257532844, 4.9784845112],
      [39.3188920971, 33.6975041771, 41.6704031992, 35.0827416836, 40.1232980377, 42.5053387728, 35.2616139424, 47.079819507, 44.1999615321, 35.4979273604, 43.0424808578, 43.4483629412, 31.9963876753, 37.6605087695, 34.089377097, 45.3481019242, 37.4649531039, 12.7508649841, 10.3566855842, 7.7257173215, 4.623014561, 12.7250108412, 10.1553521524, 10.5355477558, 10.0005743542, 10.7408326732, 7.9020481448, 9.6730052597, 8.1113915292, 11.113959981, 8.2120069351, 14.0517690976, 7.7151285553, 9.1385706506, 6.0825465349, 11.5218379569, 8.5399079099, 12.4727925699, 8.1755254438, 8.6978103696, 8.0356023692, 12.7180513406, 8.5224443065, 6.6224985185, 12.8485440596, 5.6865692288, 13.326367153, 8.2568423087, 13.437698383, 11.258497217],
      [12.3683837304, 6.8516317363, 4.2445233148, 7.2662721257, 14.2013475749, 12.8637698968, 10.7166401207, 11.4339121396, 11.4012059709, 8.2054857155, 15.147880245, 12.9586931652, 13.3754398803, 12.1368797945, 12.0824067326, 17.340594559, 9.5122795401, 3.6631809984, 2.5786943314, 3.657409367, 1.8466501314, 3.466980145, 2.1800532505, 2.867939361, 2.8196222708, 4.1855715682, 1.959606184, 2.5014691663, 1.9923026667, 5.305855345, 2.1102377905, 5.0764310283, 2.0141210199, 3.3343924473, 2.0606946807, 3.6022356787, 1.8153129899, 2.6602714246, 3.6528917086, 3.0340322663, 4.1027088387, 2.0761496939, 2.2517408346, 2.5827191662, 2.3198569282, 1.4763419302, 4.505508213, 1.9818351275, 3.1365483326, 2.7630182718]
    ],
    [
      [2.101568894, 5.8609193528, 3.4969078601, 3.6119238079, 1.7490112535, 1.5093357346, 4.7051598441, 2.8611060389, 2.4805895301, 4.9200187815, 1.7900506487, 2.9587252095, 2.5627347641, 3.41891651, 2.9527941629, 1.6212607647, 4.284543264, 9.477121544, 9.7639976303, 8.3423315134, 17.1393991694, 10.6164457904, 12.8599321481, 13.068325457, 6.6354504133, 11.2942332778, 13.9091378498, 14.6202485362, 12.1194773751, 13.0660095504, 11.4910401958, 11.2528402777, 10.2178036886, 5.4836867461, 2.5106177528, 2.0845151327, 2.9060478212, 3.5237699061, 1.7142295415, 2.725149586, 3.1114479475, 3.832529382, 4.349804553, 2.5237817658, 4.2582560751, 3.5490356915, 1.8841044155, 2.6203551756, 2.4988989214, 3.060312161],
      [7.2037699369, 10.4903311629, 8.1099512419, 7.5599634424, 4.5081431603, 5.027691921, 8.6475382539, 8.2594354157, 9.4679520755, 8.8775481658, 5.9259115055, 6.967787707, 4.678644836, 10.534116006, 6.388688996, 4.7940770239, 15.9468457119, 26.1673475352, 32.8379598036, 24.9330343187, 22.9277998776, 27.8324123673, 34.9552248862, 29.8341386988, 33.9745596904, 23.48433922, 34.6377697047, 29.7241205359, 33.4552081246, 21.3513610819, 34.8375506862, 20.1309991387, 34.7334211779, 14.1720374497, 8.2117457337, 6.1719689444, 6.7919185236, 11.3177499851, 4.3953610495, 5.5373115897, 5.1067909542, 11.5186789134, 8.7727591643, 4.3887809921, 14.1434630784, 10.9756916447, 4.0534239847, 7.8114681944, 9.766723728, 6.9032981249],
      [6.6946611691, 6.6487494844, 3.3931408979, 4.8281127497, 4.7428455861, 4.4629723444, 7.647301902, 5.8794585454, 7.0514583944, 6.2024330526, 6.2840378458, 6.0734870835, 5.7586203999, 10.046967484, 6.6585168411, 5.5846622113, 11.7686110241, 22.3555309208, 24.3980425661, 33.724634168, 27.9328009531, 22.5511418423, 22.1848429657, 24.0975358443, 28.3899898963, 27.2214275023, 25.4530924455, 22.6556309279, 24.4253145003, 30.5826293677, 26.6714091179, 21.6161605837, 27.0487751336, 15.3442758042, 8.2776365135, 5.7435159229, 4.3020336552, 7.1584801088, 5.890409409, 5.7375388243, 7.7817610983, 5.6487917047, 6.8774362827, 5.0874372421, 7.5982808465, 8.4752726638, 4.0624715998, 5.5681766299, 6.7343773506, 5.0363897141]
    ],
    [
      [10.5857069335, 12.6882165607, 14.4180186538, 16.7370900015, 10.5756343591, 10.8597729351, 9.2730942191, 4.6526256078, 7.120577973, 11.7833942943, 7.4003104541, 5.4483308969, 14.8090927915, 7.378472054, 13.2189896667, 5.0674357184, 5.6926893799, 11.9369244385, 9.1713822853, 9.0407951751, 15.330265523, 10.5755451958, 8.4754732548, 9.3351616598, 7.1847462117, 10.6321709636, 7.9525164789, 10.5542258898, 9.9842168208, 7.3538057756, 7.8312045298, 12.8753598483, 8.5114458866, 26.9892763519, 35.6326234628, 36.0395585029, 46.4491730786, 33.6092940883, 38.1141876109, 43.00669305, 41.0268632603, 36.9616716526, 42.4243805881, 47.6814359189, 31.9101449127, 37.6138754675, 39.9477709505, 40.6183222606, 31.0753477942, 41.9612033278],
      [4.477337966, 2.81216466, 4.2196455589, 4.357294874, 3.368558802, 4.4669693062, 2.0908478037, 1.6607450773, 3.3320863924, 2.6245244738, 3.0316076367, 1.5838493518, 3.3249674887, 2.8053752245, 3.521933907, 1.8578210519, 2.5882011842, 4.0817874808, 3.8053546122, 3.3412483599, 2.4491855614, 3.4425767915, 2.8894229614, 2.6303135454, 4.0248659554, 2.7748281069, 2.4601821505, 2.6028742044, 3.4334003461, 1.5346789372, 2.9504423786, 2.8172317637, 3.5514502669, 8.6893918996, 14.7057077314, 13.3061930987, 13.6681735665, 13.2094574451, 12.4291135067, 10.7648780406, 7.8576066766, 13.763269746, 10.7047965292, 9.9887204894, 13.007992862, 14.3377391264, 10.6202088623, 14.9316894969, 14.795577889, 11.8382046581],
      [5.9369551005, 2.4996187793, 2.3623357873, 3.9056151245, 5.0558068389, 5.6732577587, 2.6360579772, 1.686629315, 3.5473356346, 2.5920812319, 4.5680819092, 1.9678197513, 5.8659397198, 3.8161527215, 5.2590764264, 3.0747432296, 2.7191094358, 4.9812880807, 4.0232631025, 6.6179564651, 4.2205489155, 3.9818780127, 2.6351037838, 3.0345247948, 4.7903878329, 4.5930009296, 2.5873013706, 2.8428999058, 3.582382833, 3.1115152873, 3.2183530916, 4.307408388, 3.9371038465, 13.3213317485, 20.6616688058, 17.6542483984, 11.8826533549, 12.1812484666, 22.4566988824, 16.2284289094, 18.1155300631, 9.2750586014, 11.8708228827, 17.3298435917, 10.0818622253, 16.0483854061, 15.4320201872, 15.4499882425, 15.1290743168, 12.2005920142]
    ]
  ],
  "prob": [
    [0.23400574797, 0.59341493025, 0.17257932178],
    [0.17480258153, 0.44345819764, 0.38173922083],
    [0.58554412648, 0.18579381501, 0.22866205851]
  ],
  "iterations": 14,
  "logLik": 350.6977915722,
  "time": 0.000792,
  "message": "Converged",
  "status": 0,
  "miniter": 0,
  "maxiter": 1000,
  "maxtime": 3600,
  "param_threshold": 0.001,
  "ll_threshold": "-Inf",
  "initial_prob": "group_proportional",
  "adjust_prob_cond_method": "project_lp",
  "adjust_prob_cond_every": false
}
