{
  "X": [
    [16, 35, 49],
    [17, 31, 52],
    [14, 26, 60],
    [6, 18, 76],
    [12, 37, 51],
    [14, 27, 59],
    [15, 30, 55],
    [6, 30, 64],
    [14, 29, 57],
    [18, 31, 51],
    [19, 29, 52],
    [14, 36, 50],
    [19, 31, 50],
    [41, 17, 42],
    [33, 34, 33],
    [34, 25, 41],
    [30, 27, 43],
    [26, 29, 45],
    [35, 22, 43],
    [36, 26, 38],
    [35, 21, 44],
    [32, 31, 37],
    [34, 22, 44],
    [36, 20, 44],
    [35, 21, 44],
    [19, 21, 60],
    [22, 13, 65],
    [16, 17, 67],
    [20, 15, 65],
    [31, 11, 58],
    [16, 22, 62],
    [27, 16, 57],
    [30, 7, 63],
    [25, 26, 49],
    [21, 12, 67],
    [26, 10, 64],
    [21, 16, 63],
    [30, 34, 36],
    [32, 37, 31],
    [35, 40, 25],
    [34, 28, 38],
    [36, 37, 27],
    [40, 24, 36],
    [43, 28, 29],
    [35, 33, 32],
    [30, 37, 33],
    [33, 40, 27],
    [31, 44, 25],
    [25, 44, 31],
    [36, 37, 27]
  ],
  "W": [
    [64, 13, 7, 16],
    [64, 10, 10, 16],
    [65, 10, 12, 13],
    [74, 5, 13, 8],
    [68, 10, 8, 14],
    [62, 14, 12, 12],
    [64, 10, 8, 18],
    [64, 9, 14, 13],
    [57, 16, 15, 12],
    [60, 17, 10, 13],
    [59, 16, 10, 15],
    [63, 15, 8, 14],
    [42, 35, 8, 15],
    [4, 62, 24, 10],
    [8, 69, 11, 12],
    [12, 55, 18, 15],
    [15, 69, 7, 9],
    [15, 63, 9, 13],
    [10, 68, 14, 8],
    [13, 57, 12, 18],
    [9, 60, 14, 17],
    [12, 63, 14, 11],
    [9, 63, 12, 16],
    [11, 75, 8, 6],
    [9, 64, 13, 14],
    [13, 10, 66, 11],
    [17, 14, 61, 8],
    [11, 12, 65, 12],
    [12, 8, 69, 11],
    [12, 12, 63, 13],
    [13, 12, 64, 11],
    [15, 11, 56, 18],
    [9, 9, 71, 11],
    [17, 7, 56, 20],
    [10, 14, 61, 15],
    [13, 13, 60, 14],
    [10, 9, 66, 15],
    [16, 17, 27, 40],
    [12, 15, 16, 57],
    [7, 11, 15, 67],
    [16, 5, 14, 65],
    [12, 14, 14, 60],
    [10, 14, 16, 60],
    [11, 14, 10, 65],
    [11, 9, 15, 65],
    [15, 14, 16, 55],
    [15, 17, 12, 56],
    [10, 15, 14, 61],
    [17, 15, 14, 54],
    [13, 11, 18, 58]
  ],
  "method": "mult",
  "cond_prob": [
    [
      [0.027782514088, 0.36954594914, 0.60267153677],
      [0.43088423308, 0.25731972574, 0.31179604118],
      [0.22251951541, 0.057836894157, 0.71964359043],
      [0.44142421627, 0.47494028507, 0.083635498656]
    ],
    [
      [0.034162045283, 0.33518369166, 0.63065426306],
      [0.46285211797, 0.2239733485, 0.31317453354],
      [0.23705513659, 0.049824238556, 0.71312062486],
      [0.48840978477, 0.42564174147, 0.085948473758]
    ],
    [
      [0.017855423738, 0.27910577783, 0.70303879843],
      [0.4266144736, 0.20322816277, 0.37015736363],
      [0.19735218351, 0.040589829163, 0.76205798732],
      [0.47730973222, 0.41067422027, 0.1120160475]
    ],
    [
      [0, 0.17953820589, 0.82046179411],
      [0.31001544709, 0.17056958216, 0.51941497075],
      [0.091155886834, 0.047354838088, 0.86148927508],
      [0.40811202946, 0.4057139948, 0.18617397574]
    ],
    [
      [0.016780675986, 0.38683554044, 0.59638378358],
      [0.38510784662, 0.28690903265, 0.32798312073],
      [0.19520817898, 0.06359729735, 0.74119452367],
      [0.38901215249, 0.52266532464, 0.088322522868]
    ],
    [
      [0.013222685435, 0.29205034545, 0.69472696912],
      [0.40158089615, 0.21998369286, 0.37843541099],
      [0.18431179327, 0.043682170743, 0.77200603599],
      [0.44552661981, 0.44074340277, 0.11372997742]
    ],
    [
      [0.017317916744, 0.30456192979, 0.67812015347],
      [0.4154918677, 0.222952376, 0.3615557563],
      [0.19606428859, 0.045650426413, 0.75828528499],
      [0.45379001903, 0.43962829569, 0.10658168527]
    ],
    [
      [0, 0.28789394811, 0.71210605189],
      [0.22343514205, 0.29203803421, 0.48452682373],
      [0.051101833999, 0.08498828238, 0.86390988362],
      [0.25181984966, 0.59666223535, 0.15151791499]
    ],
    [
      [0.0098457547642, 0.3228337538, 0.66732049143],
      [0.37425686004, 0.25008183316, 0.3756613068],
      [0.1736868789, 0.050622743906, 0.77569037719],
      [0.4037815862, 0.48648546201, 0.1097329518]
    ],
    [
      [0.031645038992, 0.34524522563, 0.62310973538],
      [0.45144245266, 0.23539882097, 0.31315872637],
      [0.23102946274, 0.0523133291, 0.71665720816],
      [0.47049856445, 0.44310563193, 0.086395803621]
    ],
    [
      [0.032901682283, 0.31891971616, 0.64817860156],
      [0.4606891412, 0.21620659932, 0.32310425948],
      [0.2307933931, 0.046892101931, 0.72231450497],
      [0.49198937034, 0.41703400921, 0.090976620445]
    ],
    [
      [0.01720495145, 0.38143650572, 0.60135854283],
      [0.3883911962, 0.28255044593, 0.32905835787],
      [0.19638379684, 0.06226898664, 0.74134721652],
      [0.39422498149, 0.51664939699, 0.089125621523]
    ],
    [
      [0.0051581322668, 0.32580444665, 0.66903742108],
      [0.34102213981, 0.26338894593, 0.39558891426],
      [0.15818599784, 0.052051115968, 0.78976288619],
      [0.37213970458, 0.51207941368, 0.11578088174]
    ],
    [
      [0.024300535436, 0.27605440997, 0.6996450546],
      [0.48280774124, 0.18235198405, 0.33484027471],
      [0.23540617872, 0.03803387291, 0.72655994837],
      [0.53189696119, 0.36771463992, 0.10038839889]
    ],
    [
      [0.017168131477, 0.43326164859, 0.54957021993],
      [0.38043867197, 0.33245011445, 0.28711121358],
      [0.20578849533, 0.076853630038, 0.71735787463],
      [0.36239276114, 0.5624549153, 0.075152323568]
    ],
    [
      [0.020155492638, 0.33117537751, 0.64866912985],
      [0.42390114008, 0.24063106042, 0.3354677995],
      [0.20838768573, 0.051130147354, 0.74048216691],
      [0.44617286938, 0.45805629961, 0.095770831005]
    ],
    [
      [0.014634371148, 0.31988018792, 0.66548544094],
      [0.3628082481, 0.25235597294, 0.38483577896],
      [0.1695347141, 0.050162563497, 0.7803027224],
      [0.39555247943, 0.49312190043, 0.11132562014]
    ],
    [
      [0.011045968, 0.32039810745, 0.66855592455],
      [0.31702482653, 0.26767083318, 0.41530434029],
      [0.14421782583, 0.051464300084, 0.80431787409],
      [0.35106045972, 0.52827593824, 0.12066360204]
    ],
    [
      [0.019005529196, 0.29992487295, 0.68106959786],
      [0.4175138258, 0.21898463717, 0.36350153703],
      [0.19742469564, 0.044416066121, 0.75815923824],
      [0.45688235186, 0.43599637716, 0.10712127098]
    ],
    [
      [0.02125751766, 0.32456725854, 0.6541752238],
      [0.43607201855, 0.23160186035, 0.3323261211],
      [0.21414400723, 0.049096079587, 0.73675991318],
      [0.46098995145, 0.4438981469, 0.09511190165]
    ],
    [
      [0.017442905363, 0.25704532569, 0.72551176894],
      [0.40501963593, 0.18873563427, 0.40624472981],
      [0.18148764959, 0.035860799378, 0.78265155103],
      [0.47064756482, 0.40355310714, 0.12579932804]
    ],
    [
      [0.018067504062, 0.40403141585, 0.57790108009],
      [0.39181854617, 0.30634012405, 0.30184132978],
      [0.20540042744, 0.069195117601, 0.72540445496],
      [0.38391050529, 0.53486032256, 0.081229172147]
    ],
    [
      [0.016355529724, 0.26255466016, 0.72108981012],
      [0.38946576462, 0.19772522483, 0.41280901055],
      [0.17351066719, 0.037512680442, 0.78897665237],
      [0.45214556593, 0.42063542057, 0.1272190135]
    ],
    [
      [0.018745798542, 0.26207893082, 0.71917527063],
      [0.41861813132, 0.19213715041, 0.38924471827],
      [0.18992708497, 0.037456936522, 0.77261597851],
      [0.47966994788, 0.40119833137, 0.11913172075]
    ],
    [
      [0.017591417229, 0.2627482852, 0.71966029757],
      [0.4051329411, 0.19393753255, 0.40092952635],
      [0.18253950234, 0.037255432725, 0.78020506493],
      [0.46715396315, 0.40992448033, 0.12292155653]
    ],
    [
      [0.014561225966, 0.41766147081, 0.56777730322],
      [0.34224920749, 0.33029855678, 0.32745223573],
      [0.17767172118, 0.088631535852, 0.73369674297],
      [0.33289803543, 0.58343035868, 0.083671605891]
    ],
    [
      [0.019034755211, 0.27789815274, 0.70306709205],
      [0.42408278198, 0.20195921832, 0.3739579997],
      [0.19583176828, 0.035196799353, 0.76897143236],
      [0.47418904355, 0.41266219831, 0.11314875814]
    ],
    [
      [0.010743850152, 0.3316089119, 0.65764723794],
      [0.30065951133, 0.28519013376, 0.41415035492],
      [0.12936915409, 0.049938119918, 0.82069272599],
      [0.32207570804, 0.55700354744, 0.12092074453]
    ],
    [
      [0.016154235087, 0.33124956141, 0.6525962035],
      [0.378517953, 0.25471967799, 0.366762369],
      [0.17908871327, 0.051663179708, 0.76924810702],
      [0.40189857629, 0.49295349448, 0.10514792924]
    ],
    [
      [0.02946710602, 0.25536335282, 0.71516954116],
      [0.52134953399, 0.15716088308, 0.32148958293],
      [0.26682369538, 0.029876507783, 0.70329979684],
      [0.58310057778, 0.32057609068, 0.096323331538]
    ],
    [
      [0.011170655026, 0.4125911352, 0.57623820978],
      [0.29321041316, 0.35036230639, 0.35642728046],
      [0.1435053806, 0.087503905532, 0.76899071387],
      [0.28653746987, 0.62106523743, 0.092397292694]
    ],
    [
      [0.023073126927, 0.2923876113, 0.68453926177],
      [0.45642277804, 0.20076369324, 0.34281352872],
      [0.22557636842, 0.039639887857, 0.73478374373],
      [0.50005421701, 0.39921952694, 0.10072625605]
    ],
    [
      [0.028946494464, 0.19679936565, 0.77425413989],
      [0.53338431498, 0.12006826676, 0.34654741826],
      [0.25368887201, 0.018251141001, 0.72805998699],
      [0.62973752748, 0.25930548157, 0.11095699095]
    ],
    [
      [0.022872891732, 0.43925938603, 0.53786772224],
      [0.4173391439, 0.3059769755, 0.27668388059],
      [0.24321215451, 0.100738384, 0.65604946149],
      [0.40349530902, 0.53747010526, 0.059034585718]
    ],
    [
      [0.013563000932, 0.23235538802, 0.75408161105],
      [0.37469624049, 0.18330024035, 0.44200351916],
      [0.1456429535, 0.017400851836, 0.83695619466],
      [0.44896016402, 0.40325271952, 0.14778711645]
    ],
    [
      [0.020605714673, 0.20773583271, 0.77165845261],
      [0.46213302083, 0.14387307164, 0.39399390753],
      [0.19952984035, 0.016742245926, 0.78372791372],
      [0.55375757268, 0.31603924913, 0.13020317819]
    ],
    [
      [0.015715903176, 0.32255128939, 0.66173280743],
      [0.3739507367, 0.25049820467, 0.37555105863],
      [0.17362460643, 0.048162795759, 0.77821259781],
      [0.40120402089, 0.4894172496, 0.10937872951]
    ],
    [
      [0.022522419945, 0.39158376192, 0.58589381813],
      [0.41124991933, 0.28579224491, 0.30295783576],
      [0.21916596432, 0.073392575016, 0.70744146066],
      [0.41827279039, 0.52236480301, 0.059362406602]
    ],
    [
      [0.016774767701, 0.33610673683, 0.64711849547],
      [0.38257486341, 0.25816136291, 0.35926377369],
      [0.18326305608, 0.053782886173, 0.76295405775],
      [0.40575212174, 0.49532934273, 0.098918535529]
    ],
    [
      [0.017904449708, 0.35369260939, 0.6284029409],
      [0.39383107303, 0.26608785426, 0.34008107271],
      [0.19514115494, 0.057786629791, 0.74707221527],
      [0.4121702944, 0.50343859538, 0.084391110221]
    ],
    [
      [0.01094246584, 0.21226274445, 0.77679478971],
      [0.38992525618, 0.16928387716, 0.44079086665],
      [0.15787739774, 0.026808529804, 0.81531407246],
      [0.45638477996, 0.35972395824, 0.1838912618]
    ],
    [
      [0.021065001706, 0.34843741121, 0.63049758708],
      [0.42382189594, 0.25056303901, 0.32561506505],
      [0.21406425786, 0.055551710997, 0.73038403115],
      [0.44694689711, 0.47555240942, 0.07750069347]
    ],
    [
      [0.017255835191, 0.20750660433, 0.77523756048],
      [0.43271620449, 0.1508116138, 0.41647218171],
      [0.18410322807, 0.024886367781, 0.79101040415],
      [0.5137293856, 0.32358982465, 0.16268078975]
    ],
    [
      [0.021340618308, 0.24056448239, 0.73809489931],
      [0.45689769343, 0.16807084324, 0.37503146332],
      [0.20870627031, 0.032475898912, 0.75881783078],
      [0.52740958135, 0.3488621523, 0.12372826636]
    ],
    [
      [0.015895416804, 0.27251572526, 0.71158885793],
      [0.39382621949, 0.20945159512, 0.3967221854],
      [0.1749360448, 0.038675495371, 0.78638845983],
      [0.44087190412, 0.42364815747, 0.13547993841]
    ],
    [
      [0.015614872283, 0.33358754312, 0.6507975846],
      [0.37246730609, 0.25996229495, 0.36757039896],
      [0.17609576424, 0.053281264931, 0.77062297083],
      [0.3951582255, 0.500076627, 0.1047651475]
    ],
    [
      [0.020363266634, 0.3786162111, 0.60102052227],
      [0.40534390904, 0.27857656953, 0.31607952143],
      [0.2086411418, 0.06312828099, 0.72823057721],
      [0.41607162224, 0.51477528178, 0.069153095985]
    ],
    [
      [0.016919043167, 0.40127433644, 0.5818066204],
      [0.36972226114, 0.309921824, 0.32035591486],
      [0.19089980491, 0.071151327365, 0.73794886772],
      [0.37069472758, 0.56298869988, 0.066316572541]
    ],
    [
      [0.013058787552, 0.38937835576, 0.59756285669],
      [0.3256551698, 0.31968771344, 0.35465711676],
      [0.15924012462, 0.069203497283, 0.77155637809],
      [0.32710761703, 0.58548894979, 0.087403433179]
    ],
    [
      [0.024096647361, 0.37472214271, 0.60118120993],
      [0.44108988086, 0.25962499424, 0.29928512489],
      [0.2352414145, 0.062530961062, 0.70222762444],
      [0.45862774886, 0.48529620533, 0.056076045813]
    ]
  ],
  "expected_outcome": [
    [
      [1.7780809016, 2.1863708981, 1.160602543, 0, 1.1410859671, 0.81980649694, 1.1083466716, 0, 0.56120802156, 1.8987023395, 1.9411992547, 1.0839119413, 0.2166415552, 0.097202141745, 0.13734505181, 0.24186591166, 0.21951556721, 0.16568952, 0.19005529196, 0.27634772958, 0.15698614827, 0.21681004874, 0.14719976751, 0.20620378396, 0.15832275506, 0.18929593756, 0.32359083858, 0.11818235167, 0.19385082105, 0.35360527224, 0.14521851534, 0.34609690391, 0.26051845017, 0.38883915945, 0.13563000932, 0.26787429075, 0.15715903176, 0.36035871911, 0.20129721241, 0.12533114795, 0.17507945344, 0.25278002048, 0.17255835191, 0.23474680138, 0.17484958485, 0.23422308425, 0.30544899951, 0.16919043167, 0.22199938839, 0.31325641569],
      [23.6509407452, 21.451756266, 18.1418755588, 13.2858272357, 26.3048167498, 18.1071214178, 19.4919635063, 18.4252126792, 18.4015239668, 20.7147135375, 18.8162632533, 24.0304998601, 13.6837867595, 1.1042176399, 3.4660931887, 3.9741045301, 4.7982028188, 4.8059716118, 2.9992487295, 4.219374361, 2.3134079312, 4.8483769902, 2.3629919414, 2.8828682391, 2.3647345668, 5.4295991205, 4.7242685966, 3.6476980309, 3.9749947369, 3.0643602338, 5.3636847575, 4.3858141696, 1.7711942908, 7.4674095625, 2.3235538802, 2.7005658253, 3.2255128939, 6.2653401907, 4.033280842, 2.4758482657, 3.3962039113, 4.1812489345, 2.0750660433, 2.6462093062, 2.9976729779, 5.0038131468, 5.6792431665, 4.0127433644, 6.6194320479, 4.8713878552],
      [38.5709783531, 40.3618728359, 45.6975218983, 60.7141727643, 40.5540972832, 43.0730720852, 43.3996898221, 45.5747873208, 38.0372680117, 37.3865841229, 38.242537492, 37.8855881985, 28.0995716853, 2.7985802184, 4.3965617594, 7.7840295582, 9.982281614, 10.0283388682, 6.8106959786, 8.5042779094, 6.5296059205, 6.9348129611, 6.4898082911, 7.910927977, 6.4769426781, 7.3811049419, 11.9521405649, 7.2341196174, 7.831154442, 8.5820344939, 7.4910967271, 10.2680889265, 6.968287259, 9.1437512781, 7.5408161105, 10.031559884, 6.6173280743, 9.3743010902, 7.7654219456, 4.3988205863, 12.4287166353, 7.565971045, 7.7523756048, 8.1190438924, 7.8274774373, 9.7619637689, 9.015307834, 5.818066204, 10.1585685637, 7.8153557291]
    ],
    [
      [5.6014950301, 4.6285211797, 4.266144736, 1.5500772354, 3.8510784662, 5.6221325461, 4.154918677, 2.0109162785, 5.9881097606, 7.6745216952, 7.3710262592, 5.8258679431, 11.9357748933, 29.934079957, 26.2502683659, 23.3145627044, 25.0337691192, 19.9725640712, 28.3909401542, 24.8561050575, 24.3011781556, 24.6845684088, 24.5363431713, 31.396359849, 25.9285082304, 3.4224920749, 5.9371589477, 3.6079141359, 3.028143624, 6.2561944078, 3.5185249579, 5.0206505585, 4.8004588348, 2.9213740073, 5.2457473669, 6.0077292708, 3.3655566303, 6.9912486286, 5.7386229511, 4.3321418033, 1.9496262809, 5.9335065431, 6.0580268629, 6.3965677081, 3.5444359754, 5.2145422852, 6.8908464536, 5.545833917, 4.8848275471, 4.8519886895],
      [3.3451564346, 2.239733485, 2.0322816277, 0.85284791081, 2.8690903265, 3.0797717, 2.22952376, 2.6283423079, 4.0013093306, 4.0017799564, 3.4593055892, 4.2382566889, 9.2186131076, 11.305823011, 22.9390578973, 13.2347083233, 17.4125621329, 16.8632624904, 14.8909553275, 13.2013060398, 11.324138056, 19.2994278152, 12.4566891642, 14.4102862806, 12.4120020832, 3.3029855678, 2.8274290565, 3.4222816051, 2.0377574239, 1.885930597, 4.2043476766, 2.2084006256, 1.0806144009, 2.1418388285, 2.5662033649, 1.8703499313, 2.254483842, 4.8584681634, 3.8724204436, 2.9269663969, 0.84641938582, 3.5078825462, 2.1113625931, 2.3529918054, 1.885064356, 3.6394721292, 4.7358016821, 4.6488273601, 4.7953157016, 2.8558749367],
      [4.0533485354, 3.1317453354, 3.7015736363, 2.5970748537, 3.2798312073, 5.2980957538, 3.615557563, 4.3607414136, 6.0105809088, 5.3236983483, 5.1696681516, 4.935875368, 13.8456119991, 20.760097032, 19.8106737368, 18.4507289723, 26.5536687479, 26.1641734384, 24.7181045182, 18.9425889028, 24.3746837884, 19.0160037759, 26.0069676645, 29.1933538705, 25.6594896864, 3.2745223573, 5.2354119959, 4.969804259, 2.934098952, 3.8578749952, 4.2771273655, 3.7709488159, 3.1189267643, 1.9367871641, 6.1880492682, 5.1219207979, 3.3799595277, 5.1502832079, 5.3889566053, 3.7408917999, 2.2039543333, 4.5586109107, 5.8306105439, 5.2504404865, 3.5704996686, 5.1459855855, 5.3733518643, 4.8053387229, 5.3198567513, 3.2921363738]
    ],
    [
      [1.5576366079, 2.3705513659, 2.3682262022, 1.1850265288, 1.5616654318, 2.2117415192, 1.5685143088, 0.71542567599, 2.6053031835, 2.3102946274, 2.307933931, 1.5710703747, 1.2654879827, 5.6497482894, 2.2636734487, 3.7509783432, 1.1867429987, 1.2979604324, 2.7639457389, 2.5697280868, 2.5408270942, 2.8756059842, 2.0821280063, 1.5194166798, 2.3730135305, 11.7263335978, 11.9457378653, 8.408995016, 12.3571212158, 16.8098928088, 9.1843443582, 12.6322766314, 18.0119099127, 13.6198806528, 8.8842201635, 11.971790421, 11.4592240246, 5.9174810367, 2.9322088973, 2.9271173241, 2.2102835683, 2.99689961, 2.9456516491, 2.0870627031, 2.6240406719, 2.8175322278, 2.5036937016, 2.6725972688, 2.2293617447, 4.234345461],
      [0.4048582591, 0.49824238556, 0.48707794996, 0.61561289514, 0.5087783788, 0.52418604892, 0.36520341131, 1.1898359533, 0.75934115858, 0.523133291, 0.46892101931, 0.49815189312, 0.41640892774, 0.91281294985, 0.84538993042, 0.92034265237, 0.35113794448, 0.46317870076, 0.6218249257, 0.58915295505, 0.50205119129, 0.96873164642, 0.45015216531, 0.29965549218, 0.48432062543, 5.8496813662, 2.1470047605, 3.2459777947, 3.5647593999, 1.8822199903, 5.6002499541, 2.21983372, 1.2958310111, 5.6413495037, 1.061451962, 1.0045347556, 3.1787445201, 1.9815995254, 0.86052617876, 0.86679944687, 0.37531941726, 0.77772395396, 0.3981818845, 0.32475898912, 0.58013243056, 0.85250023889, 0.75753937188, 0.99611858311, 0.96884896197, 1.1255572991],
      [5.037505133, 7.1312062486, 9.1446958479, 11.199360576, 5.9295561894, 9.2640724319, 6.0662822799, 12.0947383707, 11.6353556579, 7.1665720816, 7.2231450497, 5.9307777321, 6.3181030895, 17.4374387608, 7.8909366209, 13.3286790044, 5.4621190568, 7.2388608668, 10.6142293354, 8.8411189582, 10.9571217145, 10.1556623694, 9.4677198284, 6.180927828, 10.1426658441, 48.423985036, 46.9072573742, 53.3450271893, 53.0781193844, 44.3078872009, 49.2154056877, 41.1478896486, 51.6922590762, 36.7387698434, 51.0543278745, 47.0236748234, 51.3620314554, 19.1009194378, 12.2072649239, 11.206083229, 11.4143970144, 10.2253764361, 12.6561664664, 7.5881783078, 11.7958268975, 12.3299675333, 8.7387669265, 10.3312841481, 10.8017892933, 12.6400972399]
    ],
    [
      [7.0627874604, 7.8145565564, 6.2050265189, 3.2648962357, 5.4461701349, 5.3463194377, 8.1682203426, 3.2736580456, 4.8453790343, 6.1164813379, 7.3798405551, 5.5191497409, 5.5820955687, 5.3189696119, 4.3487131336, 6.6925930408, 3.5599723148, 4.5637859763, 3.6550588149, 8.2978191262, 8.0010086019, 4.2230155582, 7.2343290549, 2.8780196873, 6.540155484, 3.6618783897, 3.7935123484, 3.8649084964, 4.4208843392, 7.5803075111, 3.1519121686, 9.0009759062, 6.9271128023, 8.0699061804, 6.7344024603, 7.7526060175, 6.0180603134, 16.7309116155, 23.1278709392, 27.6154097246, 29.6650106973, 26.8168138265, 30.823763136, 34.2816227874, 28.6566737678, 21.7337024027, 23.3000108453, 22.6123783825, 17.6638113198, 26.6004094338],
      [7.5990445611, 6.8102678635, 5.3387648636, 3.2457119584, 7.3173145449, 5.2889208332, 7.9133093225, 7.7566090596, 5.8378255441, 5.760373215, 6.2555101382, 7.2330915578, 7.6811912052, 3.6771463992, 6.7494589836, 6.8708444942, 4.4380971039, 6.8675871971, 3.4879710173, 7.9901666441, 6.8604028214, 5.8834635482, 6.7301667291, 2.4071899882, 5.7389427246, 6.4177339455, 3.3012975865, 6.6840425692, 5.4224884392, 4.1674891789, 6.8317176118, 7.1859514849, 2.8523602972, 10.7494021052, 6.0487907929, 4.4245494878, 7.3412587439, 20.8945921204, 28.2337725357, 33.7303858905, 23.3820572857, 28.5331445654, 19.415389479, 22.6760398993, 27.5371302355, 27.504214485, 28.8274157796, 34.3423106925, 31.6164032885, 28.147179909],
      [1.3381679785, 1.3751755801, 1.4562086175, 1.4893918059, 1.2365153201, 1.364759729, 1.9184703349, 1.9697328949, 1.3167954216, 1.1231454471, 1.3646493067, 1.2477587013, 1.7367132261, 1.0038839889, 0.90182788282, 1.4365624651, 1.0019305813, 1.5686268266, 0.85697016782, 1.7120142297, 2.1385885767, 0.89352089361, 2.035504216, 0.71479032449, 1.7209017914, 0.9203876648, 0.9051900651, 1.4510489343, 1.1566272216, 1.25220331, 1.0163702196, 1.8130726089, 1.2205269005, 1.1806917144, 2.2168067468, 1.8228444947, 1.6406809427, 2.3744962641, 5.6383565252, 5.6542043848, 11.952932017, 4.6500416082, 9.7608473849, 8.0423373133, 8.8061959966, 5.7620831122, 3.8725733752, 4.045310925, 4.7197853917, 3.2524106572]
    ]
  ],
  "prob": [
    [0.017544385201, 0.31758563219, 0.66486998261],
    [0.40043519393, 0.23742857701, 0.36213622906],
    [0.19246611912, 0.049780598216, 0.75775328266],
    [0.43355430175, 0.46240519258, 0.10404050567]
  ],
  "iterations": 25,
  "logLik": -283.2744348374,
  "time": 4.9e-05,
  "message": "Converged",
  "status": 0,
  "miniter": 0,
  "maxiter": 1000,
  "maxtime": 3600,
  "param_threshold": 0.001,
  "ll_threshold": "-Inf",
  "initial_prob": "group_proportional",
  "adjust_prob_cond_method": "project_lp",
  "adjust_prob_cond_every": false
}
