{
  "X": [
    [4, 57, 39],
    [7, 53, 40],
    [7, 54, 39],
    [4, 54, 42],
    [9, 47, 44],
    [8, 44, 48],
    [8, 40, 52],
    [7, 34, 59],
    [5, 45, 50],
    [4, 45, 51],
    [3, 56, 41],
    [7, 45, 48],
    [11, 42, 47],
    [15, 34, 51],
    [15, 33, 52],
    [13, 31, 56],
    [19, 37, 44],
    [20, 37, 43],
    [23, 37, 40],
    [22, 28, 50],
    [19, 31, 50],
    [30, 27, 43],
    [20, 33, 47],
    [19, 28, 53],
    [21, 37, 42],
    [19, 50, 31],
    [10, 61, 29],
    [10, 52, 38],
    [17, 55, 28],
    [13, 62, 25],
    [8, 57, 35],
    [12, 59, 29],
    [8, 66, 26],
    [8, 58, 34],
    [12, 59, 29],
    [9, 57, 34],
    [10, 63, 27],
    [10, 49, 41],
    [7, 32, 61],
    [9, 42, 49],
    [7, 28, 65],
    [8, 34, 58],
    [2, 32, 66],
    [6, 36, 58],
    [8, 37, 55],
    [10, 30, 60],
    [13, 36, 51],
    [5, 27, 68],
    [4, 31, 65],
    [6, 30, 64]
  ],
  "W": [
    [52, 15, 14, 19],
    [74, 13, 8, 5],
    [56, 14, 16, 14],
    [70, 10, 12, 8],
    [65, 11, 11, 13],
    [69, 14, 7, 10],
    [58, 14, 12, 16],
    [67, 11, 16, 6],
    [57, 17, 11, 15],
    [61, 12, 13, 14],
    [66, 11, 13, 10],
    [61, 12, 15, 12],
    [32, 33, 22, 13],
    [14, 63, 12, 11],
    [13, 58, 14, 15],
    [16, 51, 15, 18],
    [13, 60, 9, 18],
    [16, 54, 17, 13],
    [16, 58, 11, 15],
    [11, 64, 11, 14],
    [10, 62, 14, 14],
    [7, 66, 12, 15],
    [9, 61, 13, 17],
    [9, 68, 10, 13],
    [14, 61, 11, 14],
    [8, 15, 63, 14],
    [9, 17, 68, 6],
    [16, 13, 53, 18],
    [11, 14, 64, 11],
    [15, 9, 64, 12],
    [13, 10, 66, 11],
    [14, 14, 58, 14],
    [13, 14, 63, 10],
    [12, 12, 66, 10],
    [12, 12, 64, 12],
    [17, 16, 57, 10],
    [15, 11, 59, 15],
    [10, 14, 42, 34],
    [13, 13, 12, 62],
    [11, 14, 14, 61],
    [14, 16, 13, 57],
    [9, 15, 12, 64],
    [10, 12, 14, 64],
    [14, 12, 8, 66],
    [18, 16, 15, 51],
    [17, 10, 13, 60],
    [9, 19, 13, 59],
    [13, 14, 6, 67],
    [15, 12, 12, 61],
    [6, 13, 12, 69]
  ],
  "method": "mult",
  "cond_prob": [
    [
      [0.0016270712899, 0.64954988078, 0.34882304793],
      [0.19512709372, 0.34236713403, 0.46250577225],
      [0.052681195702, 0.8378190307, 0.1094997736],
      [0.013207849861, 0.33465435575, 0.65213779439]
    ],
    [
      [0.018276532524, 0.57381556751, 0.40790789996],
      [0.34758425212, 0.24071956092, 0.41169618696],
      [0.12082377685, 0.75247015387, 0.12670606927],
      [0.032470220178, 0.27770649621, 0.68982328361]
    ],
    [
      [0.012933375481, 0.60046126199, 0.38660536252],
      [0.30722807122, 0.26856893682, 0.42420299196],
      [0.099769471547, 0.78013031966, 0.1201002088],
      [0.027016173661, 0.29515136416, 0.67783246218]
    ],
    [
      [0.0075205026069, 0.56761054885, 0.42486894854],
      [0.24000631826, 0.27026898233, 0.48972469941],
      [0.07679662814, 0.78353245747, 0.13967091439],
      [0.018992762153, 0.27027278344, 0.71073445441]
    ],
    [
      [0.031911983824, 0.52401317859, 0.44407483758],
      [0.41333620009, 0.19351118533, 0.39315261458],
      [0.16530380271, 0.69619932221, 0.13849687508],
      [0.043129309277, 0.2424867545, 0.71438393622]
    ],
    [
      [0.023793934667, 0.49514968987, 0.48105637546],
      [0.35852084497, 0.19393935091, 0.44753980412],
      [0.14307403039, 0.69885155586, 0.15807441375],
      [0.033740846574, 0.2227559595, 0.74350319392]
    ],
    [
      [0.02085200218, 0.45214582623, 0.52700217159],
      [0.3315298261, 0.17884283458, 0.48962733932],
      [0.13911813941, 0.678898371, 0.1819834896],
      [0.0299842897, 0.19531012141, 0.77470558889]
    ],
    [
      [0.017384338045, 0.33298390595, 0.64963175601],
      [0.29858012327, 0.12903849243, 0.5723813843],
      [0.15019733132, 0.59215235377, 0.25765031491],
      [0.024618448996, 0.13270287072, 0.84267868029]
    ],
    [
      [0.0052626998747, 0.51084967538, 0.48388762474],
      [0.21435537168, 0.24121486207, 0.54442976625],
      [0.074801356441, 0.75659725524, 0.16860138832],
      [0.015544657854, 0.23055640268, 0.75389893946]
    ],
    [
      [0.0058347928975, 0.48498545503, 0.50917975207],
      [0.20614191175, 0.22833936208, 0.56551872617],
      [0.074021212586, 0.74396119251, 0.1820175949],
      [0.014864209184, 0.21459424254, 0.77054154827]
    ],
    [
      [0.0030550679763, 0.59318374478, 0.40376118724],
      [0.18037827528, 0.30719988942, 0.51242183531],
      [0.052580784616, 0.81424373368, 0.1331754817],
      [0.013065428552, 0.2885505523, 0.69838401914]
    ],
    [
      [0.017116734988, 0.48282964547, 0.50005361954],
      [0.31420770459, 0.19900903489, 0.48678326052],
      [0.1237413018, 0.7060185846, 0.17024011361],
      [0.027438931976, 0.21408370321, 0.75847736481]
    ],
    [
      [0.010506461932, 0.4938222883, 0.49567124977],
      [0.25263272763, 0.21907946839, 0.52828780398],
      [0.093884541144, 0.73226654603, 0.17384891283],
      [0.020111792393, 0.21986156193, 0.76002664568]
    ],
    [
      [0.0097591885182, 0.51042642161, 0.47981438987],
      [0.21796501474, 0.24223838607, 0.53979659919],
      [0.078642664555, 0.75458179044, 0.166775545],
      [0.017078496127, 0.23073002634, 0.75219147753]
    ],
    [
      [0.010832043471, 0.49297677736, 0.49619117917],
      [0.23071706888, 0.22373498307, 0.54554794805],
      [0.086262209423, 0.73842544657, 0.17531234401],
      [0.017994833869, 0.21844777494, 0.76355739119]
    ],
    [
      [0.010147083401, 0.44844233293, 0.54141058366],
      [0.22002351565, 0.19224090286, 0.58773558149],
      [0.088228419823, 0.70891244927, 0.2028591309],
      [0.016278948338, 0.18816388268, 0.79555716898]
    ],
    [
      [0.01396012197, 0.59344544765, 0.39259443038],
      [0.29163545052, 0.28159487514, 0.42676967433],
      [0.095404512274, 0.78332080904, 0.12127467869],
      [0.025652820698, 0.29664607726, 0.67770110205]
    ],
    [
      [0.017557667815, 0.54042699963, 0.44201533256],
      [0.32115386115, 0.23091733191, 0.44792880694],
      [0.11713793382, 0.74108701779, 0.14177504839],
      [0.029647995218, 0.25270406003, 0.71764794475]
    ],
    [
      [0.020138780607, 0.59150205208, 0.38835916732],
      [0.35847529435, 0.2544865185, 0.38703818715],
      [0.12284496974, 0.76068503252, 0.11646999774],
      [0.035661184716, 0.29388091573, 0.67045789956]
    ],
    [
      [0.017800788358, 0.47861262404, 0.5035865876],
      [0.3129065312, 0.18927867467, 0.49781479412],
      [0.12568502964, 0.7008938419, 0.17342112847],
      [0.028259857514, 0.20797097825, 0.76376916423]
    ],
    [
      [0.014448625994, 0.49105139445, 0.49449997956],
      [0.2749348126, 0.20870867815, 0.51635650925],
      [0.10585951923, 0.72256087595, 0.17157960482],
      [0.023394434978, 0.21669255335, 0.75991301167]
    ],
    [
      [0.026028033445, 0.50826055306, 0.46571141349],
      [0.41154859794, 0.17876980718, 0.40968159488],
      [0.16683683245, 0.68608442794, 0.14707873961],
      [0.043570287491, 0.22735704798, 0.72907266453]
    ],
    [
      [0.015424471877, 0.53361273363, 0.45096279449],
      [0.29549729082, 0.23436882399, 0.47013388519],
      [0.10706718633, 0.74529385869, 0.14763895497],
      [0.026115975914, 0.24777452771, 0.72610949638]
    ],
    [
      [0.01345589034, 0.47621106685, 0.51033304281],
      [0.2586162409, 0.20367849661, 0.53770526248],
      [0.10141922014, 0.71763888259, 0.18094189727],
      [0.021446184928, 0.20673644636, 0.77181736872]
    ],
    [
      [0.015979570474, 0.58543306004, 0.39858736949],
      [0.31481764999, 0.26680350838, 0.41837884162],
      [0.10605256569, 0.77126414274, 0.12268329157],
      [0.028987938665, 0.28892982699, 0.68208223435]
    ],
    [
      [0.027566951106, 0.47864374685, 0.49378930204],
      [0.41481286406, 0.16703298931, 0.41815414663],
      [0.18953449909, 0.6471056093, 0.16335989161],
      [0.04404271339, 0.20697869997, 0.74897858664]
    ],
    [
      [0.011551648163, 0.51016376258, 0.47828458926],
      [0.23805646415, 0.23540587732, 0.52653765853],
      [0.084320174005, 0.75035471994, 0.16532510605],
      [0.019217240625, 0.23041754436, 0.75036521501]
    ],
    [
      [0.014469230801, 0.48608677681, 0.49944399239],
      [0.28073812482, 0.2077300173, 0.51153185788],
      [0.10748692946, 0.71113739453, 0.18137567601],
      [0.023449412395, 0.21287996867, 0.76367061893]
    ],
    [
      [0.025119864966, 0.5139227728, 0.46095736224],
      [0.39733445773, 0.19147799243, 0.41118754984],
      [0.16737364651, 0.68914295287, 0.14348340062],
      [0.040825972772, 0.23281896561, 0.72635506162]
    ],
    [
      [0.021630650866, 0.5716640463, 0.40670530283],
      [0.37416241174, 0.23179922177, 0.39403836649],
      [0.13842542067, 0.75019702905, 0.11137755028],
      [0.037404300723, 0.27718637086, 0.68540932842]
    ],
    [
      [0.010548904169, 0.46004774759, 0.52940334824],
      [0.21930806561, 0.20799128249, 0.5727006519],
      [0.083107634844, 0.70878487487, 0.20810749029],
      [0.016789062726, 0.19633315591, 0.78687778136]
    ],
    [
      [0.017457342708, 0.55922630218, 0.42331635511],
      [0.32663513761, 0.24070576411, 0.43265909828],
      [0.11654823421, 0.75949690785, 0.12395485795],
      [0.030207692255, 0.26786645834, 0.70192584941]
    ],
    [
      [0.01008001811, 0.58786056242, 0.40205941947],
      [0.23420144505, 0.29211108486, 0.47368747009],
      [0.069867702176, 0.81526647597, 0.11486582186],
      [0.018847429681, 0.29064695146, 0.69050561886]
    ],
    [
      [0.010074000108, 0.47181352849, 0.5181124714],
      [0.21212423492, 0.21691179754, 0.57096396754],
      [0.078356871983, 0.72263635043, 0.19900677758],
      [0.016206762884, 0.2041296959, 0.77966354122]
    ],
    [
      [0.01724773643, 0.52793389088, 0.45481837269],
      [0.31866192734, 0.22305803871, 0.45828003395],
      [0.11910624947, 0.73541833307, 0.14547541747],
      [0.028857005734, 0.24344362738, 0.72769936688]
    ],
    [
      [0.011109762782, 0.50496081495, 0.48392942227],
      [0.23818839945, 0.2315758171, 0.53023578345],
      [0.084398761268, 0.74456924413, 0.1710319946],
      [0.018939024931, 0.22700061567, 0.7540603594]
    ],
    [
      [0.015346036304, 0.59110083439, 0.39355312931],
      [0.30739350948, 0.26764466084, 0.42496182968],
      [0.10123452466, 0.79277407786, 0.10599139749],
      [0.027709593084, 0.2943817081, 0.67790869882]
    ],
    [
      [0.016009932342, 0.54036226431, 0.44362780335],
      [0.3060697738, 0.23540877945, 0.45852144676],
      [0.11010693494, 0.75160518014, 0.13828788492],
      [0.027365663994, 0.2568599082, 0.71577442781]
    ],
    [
      [0.015555450009, 0.50523218995, 0.47921236005],
      [0.30048489824, 0.21354988685, 0.4859652149],
      [0.11292987295, 0.72502484066, 0.16204528639],
      [0.024779306408, 0.2250892728, 0.75013142079]
    ],
    [
      [0.018645775047, 0.61916778715, 0.36218643781],
      [0.35064052253, 0.27250895047, 0.376850527],
      [0.11384608279, 0.7826365596, 0.10351735761],
      [0.037575147541, 0.33470683935, 0.62771801311]
    ],
    [
      [0.013505071499, 0.44240815938, 0.54408676912],
      [0.27006974986, 0.18298546571, 0.54694478443],
      [0.11088992445, 0.68828168294, 0.20082839261],
      [0.018390245323, 0.17422555156, 0.80738420312]
    ],
    [
      [0.016338922917, 0.54430874396, 0.43935233312],
      [0.31366303251, 0.23451646447, 0.45182050302],
      [0.11154284788, 0.74733421205, 0.14112294006],
      [0.028273281743, 0.25961662176, 0.7121100965]
    ],
    [
      [0.003875684385, 0.48865259224, 0.50747172337],
      [0.1044606055, 0.25596319296, 0.63957620154],
      [0.034340436397, 0.77436686337, 0.19129270024],
      [0.0035460903214, 0.20626218242, 0.79019172726]
    ],
    [
      [0.013877951227, 0.57136503959, 0.41475700918],
      [0.28892690336, 0.25979979143, 0.45127330521],
      [0.09540554087, 0.77286115181, 0.13173330732],
      [0.023868810841, 0.28333943537, 0.69279175379]
    ],
    [
      [0.015257184464, 0.53093356089, 0.45380925464],
      [0.30025065109, 0.22991856324, 0.46983078567],
      [0.10828018257, 0.74265293958, 0.14906687785],
      [0.025434461247, 0.24754323134, 0.72702230741]
    ],
    [
      [0.028433652091, 0.47087007836, 0.50069626955],
      [0.41885248058, 0.16352039291, 0.41762712651],
      [0.18502249134, 0.65216960878, 0.16280789988],
      [0.048713512021, 0.19802999708, 0.7532564909]
    ],
    [
      [0.024980664455, 0.5758099982, 0.39920933734],
      [0.40607744072, 0.22584370228, 0.368078857],
      [0.1498490064, 0.7340198768, 0.11613111679],
      [0.052740094289, 0.28787154702, 0.65938835869]
    ],
    [
      [0.01105876968, 0.47453581478, 0.51440541554],
      [0.23751785496, 0.21136828353, 0.55111386151],
      [0.089838851782, 0.72545874579, 0.18470240243],
      [0.014805267373, 0.20177799946, 0.78341673317]
    ],
    [
      [0.0082801685015, 0.47776395531, 0.51395587619],
      [0.19801525131, 0.22397748714, 0.57800726155],
      [0.071618542077, 0.74015921977, 0.18822223816],
      [0.01049495003, 0.20104754406, 0.78845750591]
    ],
    [
      [0.013114141332, 0.50184112416, 0.48504473451],
      [0.26461423518, 0.22117187774, 0.51421388708],
      [0.097078569287, 0.73504294168, 0.16787848904],
      [0.019078076279, 0.22164063108, 0.75928129264]
    ]
  ],
  "expected_outcome": [
    [
      [0.084607707074, 1.3524634068, 0.72426902692, 0.52643518248, 2.0742789486, 1.641781492, 1.2094161264, 1.164750649, 0.29997389286, 0.35592236675, 0.20163448643, 1.0441208343, 0.33620678181, 0.13662863925, 0.14081656512, 0.16235333442, 0.18148158561, 0.28092268504, 0.32222048971, 0.19580867193, 0.14448625994, 0.18219623411, 0.1388202469, 0.12110301306, 0.22371398664, 0.22053560885, 0.10396483347, 0.23150769282, 0.27631851462, 0.32445976299, 0.1371357542, 0.24440279791, 0.13104023543, 0.1208880013, 0.20697283716, 0.18886596729, 0.23019054456, 0.16009932342, 0.20222085012, 0.20510352552, 0.18907100099, 0.14705030625, 0.03875684385, 0.19429131718, 0.27462932034, 0.48337208555, 0.22482598009, 0.14376400584, 0.12420252752, 0.078684847992],
      [33.7765938006, 42.462351996, 33.6258306717, 39.7327384195, 34.0608566086, 34.1653286011, 26.2244579214, 22.3099216986, 29.1184314969, 29.5841127568, 39.1501271554, 29.4526083739, 15.8023132255, 7.1459699026, 6.4086981056, 7.175077327, 7.7147908195, 8.646831994, 9.4640328332, 5.2647388645, 4.9105139445, 3.5578238714, 4.8025146027, 4.2858996017, 8.1960628405, 3.8291499748, 4.5914738632, 7.7773884289, 5.6531505008, 8.5749606945, 5.9806207187, 7.8291682305, 7.6421873115, 5.6617623419, 6.3352066905, 8.5843338542, 8.8665125158, 5.4036226431, 6.5680184693, 6.8108456586, 6.1937142313, 4.8987786956, 4.8865259224, 7.9991105542, 9.5568040961, 8.0047913321, 5.1822899838, 6.1689655921, 7.1664593296, 3.011046745],
      [18.1387984923, 30.1851845973, 21.6499003014, 29.740826398, 28.8648644428, 33.1928899068, 30.5661259521, 43.5253276524, 27.5815946103, 31.0599648764, 26.6482383581, 30.5032707918, 15.8614799927, 6.7174014581, 6.4504853293, 8.6625693386, 5.1037275949, 7.0722453209, 6.2137466771, 5.5394524636, 4.9449997956, 3.2599798945, 4.0586651504, 4.5929973853, 5.5802231728, 3.9503144163, 4.3045613033, 7.9911038783, 5.0705309846, 6.1005795425, 6.8822435271, 5.9264289716, 5.2267724531, 6.2173496568, 5.4578204723, 8.2268001785, 5.9032969396, 4.4362780335, 6.2297606806, 3.9840508159, 7.6172147677, 3.9541709981, 5.0747172337, 5.8065981286, 8.1685665835, 8.5118365824, 3.5928840361, 6.6872704021, 7.7093381429, 2.910268407]
    ],
    [
      [2.9269064057, 4.5185952775, 4.3011929971, 2.4000631826, 4.546698201, 5.0192918295, 4.6414175655, 3.2843813559, 3.6440413185, 2.4737029411, 1.984161028, 3.7704924551, 8.3368800119, 13.7317959287, 13.3815899949, 11.2211992981, 17.4981270314, 17.3423085021, 20.7915670724, 20.0260179969, 17.0459583812, 27.1622074642, 18.0253347402, 17.5859043815, 19.2038766495, 6.2221929609, 4.0469598905, 3.6495956227, 5.5626824083, 3.3674617057, 2.1930806561, 4.5728919265, 3.2788202307, 2.545490819, 3.8239431281, 3.8110143912, 3.3813286043, 4.2849768332, 3.9063036772, 4.9089673154, 4.3211159977, 4.7049454876, 1.253527266, 3.4671228404, 4.8040104174, 4.1885248058, 7.7154713737, 3.3252499695, 2.3761830157, 3.4399850573],
      [5.1355070104, 3.129354292, 3.7599651155, 2.7026898233, 2.1286230386, 2.7151509128, 2.5037996841, 1.4194234168, 4.1006526552, 2.7400723449, 3.3791987836, 2.3881084186, 7.2296224568, 15.2610183223, 12.9766290183, 9.8042860457, 16.8956925086, 12.4695359233, 14.7602180732, 12.1138351792, 12.9399380454, 11.7988072736, 14.2964982632, 13.8501377698, 16.2750140115, 2.5054948396, 4.0018999145, 2.7004902249, 2.680691894, 2.0861929959, 2.0799128249, 3.3698806976, 4.089555188, 2.6029415705, 2.6766964645, 3.7052130736, 2.9440912692, 3.2957229123, 2.7761485291, 3.8151253066, 2.9277674514, 3.517746967, 3.0715583156, 3.1175974971, 3.6786970119, 1.6352039291, 4.2910303433, 2.9591559695, 2.6877298457, 2.8752344106],
      [6.9375865838, 5.3520504305, 5.9388418874, 4.8972469941, 4.3246787604, 6.2655572577, 6.8547827504, 6.2961952273, 9.2553060263, 6.786224714, 5.6366401884, 5.8413991263, 17.4334975313, 34.007185749, 31.6417809867, 29.9745146561, 25.6061804601, 24.1881555746, 22.4482148544, 31.860146824, 32.0141035734, 27.0389852622, 28.6781669965, 36.5639578487, 25.521109339, 6.2723121995, 8.9511401951, 6.6499141524, 5.7566256978, 3.5463452984, 5.727006519, 6.0572273759, 6.6316245813, 6.8515676105, 5.4993604074, 8.4837725353, 4.6745801265, 6.4193002546, 6.3175477937, 5.275907378, 8.7511165509, 6.7773075453, 7.6749144184, 5.4152796625, 7.5172925707, 4.1762712651, 6.993498283, 7.7155940611, 6.9360871386, 6.684780532]
    ],
    [
      [0.73753673983, 0.96659021484, 1.5963115447, 0.92155953768, 1.8183418298, 1.0015182127, 1.6694176729, 2.4031573011, 0.82281492085, 0.96227576362, 0.68355020001, 1.8561195269, 2.0654599052, 0.94371197467, 1.2076709319, 1.3234262973, 0.85864061046, 1.991344875, 1.3512946672, 1.382535326, 1.4820332692, 2.0020419894, 1.3918734224, 1.0141922014, 1.1665782226, 11.9406734428, 5.7337718323, 5.6968072614, 10.7119133766, 8.8592269227, 5.4851038997, 6.759797584, 4.4016652371, 5.1715535509, 7.6227999659, 4.8107293922, 5.9728369549, 4.6244912676, 1.3551584754, 1.5938451591, 1.4415690179, 1.3385141746, 0.48076610956, 0.76324432696, 1.6242027386, 2.4052923874, 1.9480370832, 0.53903311069, 0.85942250492, 1.1649428314],
      [11.7294664297, 6.019761231, 12.4820851145, 9.4023894896, 7.6581925443, 4.8919608911, 8.1467804519, 9.4744376603, 8.3225698076, 9.6714955027, 10.5851685379, 10.590278769, 16.1098640126, 9.0549814853, 10.3379562519, 10.6336867391, 7.0498872813, 12.5984793023, 8.3675353577, 7.7098322609, 10.1158522633, 8.2330131353, 9.688820163, 7.1763888259, 8.4839055702, 40.767653386, 51.0241209561, 37.6902819101, 44.1051489835, 48.0126098593, 46.7798017414, 44.0508206552, 51.3617879859, 47.6939991286, 47.0667733163, 42.4404469156, 46.7736705935, 31.5674175659, 8.7002980879, 10.9569118344, 8.9476618782, 8.9680105446, 10.8411360871, 6.1828892144, 11.1397940936, 8.4782049141, 9.5422583985, 4.3527524747, 8.8819106372, 8.8205153001],
      [1.5329968304, 1.0136485542, 1.9216033407, 1.6760509727, 1.5234656259, 1.1065208962, 2.1838018752, 4.1224050386, 1.8546152715, 2.3662287337, 1.7312812621, 2.5536017041, 3.8246760822, 2.00130654, 2.4543728161, 3.0428869636, 1.0914721082, 2.4101758227, 1.2811699751, 1.9076324131, 2.4021144675, 1.7649448753, 1.9193064146, 1.8094189727, 1.3495162073, 10.2916731712, 11.2421072116, 9.6129108285, 9.1829376398, 7.1281632181, 13.7350943589, 7.1893817608, 7.236546777, 13.1344473205, 9.3104267178, 9.7488236922, 6.2534924517, 5.8080911665, 1.9445434367, 1.4492430065, 2.6107691039, 1.6934752808, 2.6780978033, 1.0538664586, 2.2360031678, 2.1165026985, 1.5097045183, 1.1082144146, 2.2586668579, 2.0145418684]
    ],
    [
      [0.25094914736, 0.16235110089, 0.37822643125, 0.15194209722, 0.56068102061, 0.33740846574, 0.4797486352, 0.14771069397, 0.2331698678, 0.20809892858, 0.13065428552, 0.32926718371, 0.2614533011, 0.1878634574, 0.26992250804, 0.29302107009, 0.46175077256, 0.38542393783, 0.53491777074, 0.39563800519, 0.3275220897, 0.65355431237, 0.44397159053, 0.27880040406, 0.4058311413, 0.61659798746, 0.11530344375, 0.42208942312, 0.44908570049, 0.44885160868, 0.18467968999, 0.42290769157, 0.18847429681, 0.16206762884, 0.34628406881, 0.18939024931, 0.41564389627, 0.9304325758, 1.5363169973, 2.292084, 1.0482439834, 1.8094900315, 0.22694978057, 1.5753415155, 1.2971575236, 2.9228107213, 3.111665563, 0.991952914, 0.64019195183, 1.3163872632],
      [6.3584327592, 1.3885324811, 4.1321190983, 2.1621822675, 3.1523278085, 2.227559595, 3.1249619425, 0.79621722431, 3.4583460403, 3.0043193956, 2.885505523, 2.5690044385, 2.8582003051, 2.5380302898, 3.2767166241, 3.3869498882, 5.3396293906, 3.2851527804, 4.4082137359, 2.9115936955, 3.0336957469, 3.4103557197, 4.2121669711, 2.6875738026, 4.0450175779, 2.8977017996, 1.3825052662, 3.8318394361, 2.5610086217, 3.3262364503, 2.159664715, 3.7501304167, 2.9064695146, 2.041296959, 2.9213235286, 2.2700061567, 4.4157256215, 8.7332368787, 13.9555349137, 20.4171172003, 9.930856439, 16.6154637927, 13.2007796749, 18.7004027342, 12.6247047984, 11.8817998247, 16.9844212744, 13.5191259637, 12.2639001875, 15.2932035443],
      [12.3906180934, 3.449116418, 9.4896544705, 5.6858756353, 9.2869911709, 7.4350319392, 12.3952894223, 5.0560720817, 11.3084840919, 10.7875816758, 6.9838401914, 9.1017283778, 9.8803463938, 8.2741062528, 11.4533608679, 14.3200290417, 12.1986198368, 9.3294232818, 10.0568684934, 10.6927682993, 10.6387821634, 10.936089968, 12.3438614384, 10.0336257933, 9.5491512808, 10.4857002129, 4.5021912901, 13.7460711408, 7.9899056778, 8.224911941, 8.655655595, 9.8269618917, 6.9050561886, 7.7966354122, 8.7323924026, 7.540603594, 10.1686304823, 24.3363305455, 46.508148089, 38.2907987997, 46.0208995776, 45.5750461758, 50.5722705445, 45.7242557503, 37.078137678, 45.1953894541, 38.9039131626, 52.4889211223, 48.0959078607, 52.3904091925]
    ]
  ],
  "prob": [
    [0.014503013679, 0.52017241265, 0.46532457367],
    [0.29121244673, 0.22629244627, 0.482495107],
    [0.10954031661, 0.73574533243, 0.15471435095],
    [0.02554422298, 0.23938980865, 0.73506596837]
  ],
  "iterations": 19,
  "logLik": -268.2017826776,
  "time": 3.6e-05,
  "message": "Converged",
  "status": 0,
  "miniter": 0,
  "maxiter": 1000,
  "maxtime": 3600,
  "param_threshold": 0.001,
  "ll_threshold": "-Inf",
  "initial_prob": "group_proportional",
  "adjust_prob_cond_method": "project_lp",
  "adjust_prob_cond_every": false
}
