{
  "X": [
    [8, 45, 92, 93, 108, 30],
    [14, 50, 76, 111, 104, 43],
    [25, 44, 105, 108, 94, 41],
    [28, 79, 148, 114, 85, 49],
    [16, 55, 98, 126, 68, 58],
    [25, 53, 93, 112, 79, 31],
    [25, 81, 90, 111, 85, 27],
    [23, 61, 98, 129, 95, 36],
    [27, 39, 107, 95, 61, 40],
    [9, 20, 20, 95, 137, 52],
    [5, 15, 11, 107, 117, 69],
    [8, 14, 8, 113, 181, 55],
    [4, 4, 2, 61, 113, 45],
    [3, 11, 7, 69, 141, 27],
    [3, 24, 24, 120, 150, 77],
    [4, 13, 2, 80, 122, 46],
    [2, 9, 4, 55, 139, 49],
    [0, 11, 4, 81, 87, 26],
    [10, 18, 23, 139, 193, 60],
    [4, 11, 8, 82, 141, 39],
    [5, 4, 6, 66, 105, 40],
    [3, 9, 7, 74, 112, 37],
    [8, 25, 9, 132, 146, 62],
    [6, 10, 8, 119, 157, 52],
    [4, 8, 7, 114, 147, 60],
    [10, 13, 20, 133, 223, 71],
    [4, 8, 9, 76, 88, 37],
    [116, 321, 505, 851, 1218, 508],
    [9, 8, 11, 110, 173, 51],
    [10, 5, 13, 93, 137, 67],
    [2, 8, 6, 70, 84, 38],
    [6, 7, 10, 90, 103, 47],
    [7, 12, 13, 106, 124, 42],
    [13, 25, 29, 135, 116, 57],
    [13, 15, 6, 87, 98, 41],
    [3, 11, 14, 95, 119, 42],
    [4, 8, 10, 100, 122, 51],
    [6, 7, 4, 76, 141, 39],
    [9, 11, 6, 67, 121, 37],
    [3, 8, 5, 84, 146, 39],
    [10, 11, 7, 88, 157, 43],
    [18, 17, 24, 111, 140, 41],
    [17, 29, 37, 98, 125, 43],
    [6, 14, 23, 102, 142, 36],
    [7, 15, 23, 102, 132, 33],
    [8, 20, 17, 101, 130, 34],
    [9, 15, 17, 87, 131, 44],
    [6, 13, 11, 95, 141, 29],
    [5, 15, 17, 98, 144, 46],
    [11, 15, 21, 92, 123, 50],
    [5, 10, 5, 83, 163, 47],
    [3, 8, 8, 75, 132, 45],
    [12, 18, 20, 86, 147, 51],
    [8, 17, 13, 117, 196, 58],
    [16, 39, 42, 114, 132, 40],
    [9, 7, 12, 138, 194, 80],
    [3, 8, 8, 80, 108, 32],
    [2, 6, 6, 78, 116, 53],
    [9, 13, 9, 83, 145, 42],
    [22, 66, 93, 95, 94, 34],
    [22, 65, 53, 95, 98, 34],
    [18, 52, 117, 104, 85, 45],
    [24, 67, 97, 112, 97, 45],
    [23, 67, 79, 93, 89, 44],
    [22, 49, 40, 96, 82, 42],
    [11, 52, 68, 98, 75, 39],
    [18, 52, 64, 85, 118, 42],
    [8, 35, 48, 88, 82, 48],
    [22, 55, 72, 81, 82, 43],
    [20, 66, 41, 110, 110, 41],
    [21, 48, 37, 83, 116, 45],
    [22, 54, 64, 84, 92, 41],
    [17, 64, 75, 115, 100, 40],
    [17, 45, 47, 126, 130, 42]
  ],
  "W": [
    [10, 74, 100, 91, 101, 0],
    [19, 81, 83, 99, 116, 0],
    [15, 78, 119, 109, 96, 0],
    [14, 108, 168, 115, 98, 0],
    [24, 77, 112, 122, 86, 0],
    [5, 76, 105, 116, 91, 0],
    [4, 84, 101, 122, 108, 0],
    [10, 81, 107, 133, 111, 0],
    [11, 55, 125, 91, 86, 1],
    [21, 33, 21, 104, 154, 0],
    [34, 14, 15, 114, 146, 1],
    [45, 16, 13, 113, 191, 1],
    [12, 8, 7, 67, 134, 1],
    [11, 17, 9, 70, 149, 2],
    [38, 30, 29, 124, 177, 0],
    [26, 13, 7, 82, 138, 1],
    [23, 13, 8, 63, 149, 2],
    [8, 7, 4, 81, 109, 0],
    [22, 28, 25, 148, 220, 0],
    [22, 10, 12, 85, 156, 0],
    [13, 6, 6, 74, 127, 0],
    [13, 10, 9, 76, 134, 0],
    [19, 28, 18, 142, 175, 0],
    [33, 18, 14, 123, 164, 0],
    [32, 14, 11, 119, 164, 0],
    [34, 22, 24, 140, 250, 0],
    [15, 11, 9, 77, 110, 0],
    [87, 454, 579, 946, 1451, 2],
    [48, 16, 11, 119, 168, 0],
    [32, 15, 16, 102, 160, 0],
    [29, 11, 8, 72, 88, 0],
    [24, 10, 10, 96, 122, 1],
    [14, 20, 11, 105, 154, 0],
    [12, 28, 38, 159, 138, 0],
    [17, 24, 9, 93, 117, 0],
    [15, 14, 17, 107, 131, 0],
    [24, 13, 9, 112, 136, 1],
    [14, 13, 9, 86, 150, 1],
    [10, 11, 9, 74, 146, 1],
    [18, 7, 7, 94, 159, 0],
    [10, 19, 14, 96, 177, 0],
    [18, 30, 25, 124, 154, 0],
    [33, 35, 47, 110, 124, 0],
    [14, 19, 27, 113, 150, 0],
    [12, 20, 27, 103, 150, 0],
    [14, 21, 28, 104, 143, 0],
    [5, 23, 23, 94, 156, 2],
    [9, 19, 12, 99, 156, 0],
    [5, 15, 21, 118, 166, 0],
    [13, 20, 34, 102, 143, 0],
    [23, 12, 9, 89, 179, 1],
    [24, 11, 7, 76, 153, 0],
    [18, 15, 28, 104, 169, 0],
    [32, 21, 19, 121, 215, 1],
    [13, 35, 50, 125, 159, 1],
    [29, 13, 12, 160, 226, 0],
    [13, 12, 11, 82, 121, 0],
    [13, 12, 9, 90, 137, 0],
    [15, 18, 15, 85, 168, 0],
    [9, 93, 95, 89, 117, 1],
    [8, 84, 52, 104, 118, 1],
    [12, 81, 109, 103, 116, 0],
    [17, 88, 112, 104, 121, 0],
    [21, 82, 95, 93, 104, 0],
    [5, 75, 51, 106, 94, 0],
    [11, 70, 75, 102, 85, 0],
    [16, 71, 76, 80, 136, 0],
    [16, 49, 62, 89, 93, 0],
    [11, 71, 85, 86, 102, 0],
    [9, 78, 57, 103, 141, 0],
    [8, 76, 43, 94, 129, 0],
    [10, 78, 84, 90, 95, 0],
    [10, 81, 86, 117, 116, 1],
    [23, 71, 50, 118, 144, 1]
  ],
  "method": "mvn_cdf",
  "mvncdf_method": "genz",
  "mvncdf_samples": 5000,
  "mvncdf_error": 0.001,
  "cond_prob": [
    [
      [0, 0, 0, 0.14296475629, 0.58088895278, 0.27614629093],
      [0.082468724206, 0.49689351569, 0.14489675236, 0.2080397148, 0.006886021376, 0.060815271572],
      [0.015761091928, 0.073631880547, 0.809698017, 0.054202687588, 0.0027097595958, 0.043996563345],
      [0.0035297276479, 0.0095240855437, 0.0033828420436, 0.7060289094, 0.16608718087, 0.1114472545],
      [0, 0, 0, 0.064420930966, 0.85442213339, 0.081156935648],
      [0.023339870522, 0.016713020053, 1.8755232342e-13, 0.00074883672983, 0.94529556657, 0.01390270612]
    ],
    [
      [0, 0, 1.4908953969e-05, 0.2053018323, 0.41921787653, 0.37546538221],
      [0.11250363918, 0.52200110048, 0.12883988034, 0.18116975813, 0.0023563602823, 0.053129261586],
      [0.041376639263, 0.078847497657, 0.78793442081, 0.048380679776, 0.00028525386191, 0.043175508629],
      [0.014676203715, 0.010603043752, 0.0007160568446, 0.7656558813, 0.090144411227, 0.11820440316],
      [0, 0.0010678208968, 0.00081241264708, 0.1086981561, 0.74910364122, 0.14031796914],
      [0.063442556621, 0.037001498865, 3.5534510261e-13, 0.0013821635115, 0.87397429218, 0.024199488824]
    ],
    [
      [0, 0, 0, 0.17489178581, 0.45986391134, 0.36524430284],
      [0.18033651201, 0.46118311228, 0.13856382145, 0.16308319642, 0.0025996033929, 0.054233754442],
      [0.065174804499, 0.061352446655, 0.79034764355, 0.041479996311, 0.00010409370374, 0.041541015279],
      [0.028344519453, 0.0066676705494, 0.00072670984927, 0.72655365671, 0.10979861158, 0.12790883186],
      [0.00092080945316, 0, 0.00064001011107, 0.088809018222, 0.78040454638, 0.12922561584],
      [0.086001940217, 0.028218029599, 3.2836120793e-13, 0.0010603532071, 0.86352403915, 0.021195637829]
    ],
    [
      [7.209887483e-05, 1.2326002325e-05, 8.4929802568e-06, 0.18977574724, 0.37518483593, 0.43494649897],
      [0.14015074752, 0.57647922765, 0.1305916793, 0.11125968413, 0.0010874600868, 0.040431201309],
      [0.052904651148, 0.087369437322, 0.79691741433, 0.029837851867, 0, 0.032970645332],
      [0.032329741314, 0.016752586023, 6.9808058311e-05, 0.72826930292, 0.082350284149, 0.14022827754],
      [0.0026204922401, 0.0013822243571, 5.9451015544e-05, 0.10778943575, 0.71591514215, 0.17223325449],
      [0.11943300377, 0.062672727505, 5.5374189046e-13, 0.0012878946193, 0.78836837738, 0.028237996729]
    ],
    [
      [0, 7.8462861272e-05, 5.2007936148e-06, 0.21603548147, 0.28749167309, 0.49638918179],
      [0.11339480891, 0.56461658081, 0.12647178337, 0.14331871609, 0.00044553277262, 0.05175257804],
      [0.041553149245, 0.086820538319, 0.78800638856, 0.040792193693, 0, 0.042827730185],
      [0.020672499964, 0.013637973432, 2.6472281464e-05, 0.76219799259, 0.056615391771, 0.14684966996],
      [0.0010767674748, 0.0015686874285, 1.8636328569e-05, 0.14212472692, 0.62975367472, 0.22545750712],
      [0.11112091505, 0.069609626758, 6.0953851326e-13, 0.0018738555151, 0.77616290492, 0.041232697751]
    ],
    [
      [3.0067413825e-05, 3.2136071564e-05, 3.438366815e-05, 0.21883954009, 0.41089922269, 0.37016465006],
      [0.17367839797, 0.55210895418, 0.12723119161, 0.1164839474, 0.001339531956, 0.029157976885],
      [0.066510009846, 0.085282344379, 0.79219783814, 0.032784554134, 0.00010533947731, 0.023119914025],
      [0.039022765457, 0.016507318498, 0.00079774370101, 0.75740092111, 0.081737330799, 0.10453392043],
      [0.0031879075841, 0.00186883183, 0.00062578291512, 0.11815535455, 0.74012207077, 0.13604005235],
      [0.14631640519, 0.059012772762, 5.2971141188e-13, 0.0013270491613, 0.77184702299, 0.021496749895]
    ],
    [
      [2.9288195911e-05, 7.4976474154e-05, 0.00033797922592, 0.24831505058, 0.37038999541, 0.38085271011],
      [0.12497946162, 0.71706253232, 0.10533865705, 0.04844577909, 0.0007825139007, 0.0033910560178],
      [0.060230455038, 0.13963438074, 0.78125765893, 0.01623237809, 0.00045356419179, 0.0021915630126],
      [0.063680727602, 0.048711454095, 0.010308441643, 0.73178419109, 0.063526396245, 0.081988789324],
      [0.0060118828219, 0.006672014115, 0.009125439436, 0.13907548939, 0.70052480116, 0.13859037308],
      [0.23474538146, 0.16970401465, 9.1286343286e-13, 0.0012516315166, 0.5759095932, 0.018389379176]
    ],
    [
      [0.00010204688571, 0.00010657035028, 0.00014209923146, 0.229645142, 0.39733164153, 0.3726725],
      [0.14431752444, 0.59564010956, 0.13392135739, 0.10179391766, 0.001093510143, 0.023233580812],
      [0.05440241347, 0.090107194716, 0.81050936827, 0.027599163903, 9.5161376347e-05, 0.017286698261],
      [0.038044345743, 0.020991095216, 0.0018899711957, 0.7634469708, 0.076219374878, 0.099408242167],
      [0.0038585930332, 0.0028720713836, 0.0015773016671, 0.12582597834, 0.72784459583, 0.13802145975],
      [0.14690725876, 0.077030173739, 6.7191280772e-13, 0.0014075464715, 0.75275171889, 0.021903302138]
    ],
    [
      [0, 0.0001227072012, 0.00029326807611, 0.24319335525, 0.27842895016, 0.47796171932],
      [0.22263161607, 0.50456112363, 0.13393779844, 0.106307017, 0.00046633673647, 0.032096108136],
      [0.076590158206, 0.075312155542, 0.79369762953, 0.029876324237, 0, 0.024523732489],
      [0.051899221802, 0.016746408984, 0.0024261755481, 0.75714275637, 0.048650740569, 0.12313469673],
      [0.0021657455068, 0.0027038884212, 0.0022928233816, 0.16095010122, 0.61474910522, 0.21713833625],
      [0.27240804309, 0.07731135669, 2.6660734986e-05, 0.0017470933794, 0.61599258675, 0.032514259356]
    ],
    [
      [6.0163950364e-05, 0, 0, 0.1582329209, 0.42549056715, 0.416216348],
      [0.14847446966, 0.52492432142, 0.11497457937, 0.14775803651, 0.0023148824224, 0.061553710615],
      [0.056389454239, 0.080056740871, 0.77170661337, 0.040725949437, 0.00019620438543, 0.0509250377],
      [0.0245079324, 0.0095798637965, 0, 0.70197296175, 0.10829399621, 0.15564524585],
      [0.0023771139594, 0, 0, 0.084030262964, 0.75793253943, 0.15566008365],
      [0.07485391413, 0.033238232201, 2.8740241563e-13, 0.0010413990742, 0.864672788, 0.026193666598]
    ],
    [
      [4.6614710748e-05, 0, 0, 0.18034368531, 0.31563653897, 0.50397316101],
      [0.08702945672, 0.71042836744, 0.060916738505, 0.097644031961, 0.0012762630186, 0.04270514235],
      [0.055584616502, 0.1677135182, 0.67647771073, 0.04319310713, 0.00042686005319, 0.05660418739],
      [0.021985810226, 0.02011010276, 0, 0.7186649538, 0.074118009025, 0.16512112419],
      [0.0023737822228, 0.0010722079408, 0, 0.11591877788, 0.66450081509, 0.21613441687],
      [0.093278887901, 0.089206008792, 0, 0.0014553416581, 0.77751506064, 0.038544701012]
    ],
    [
      [0.00024090467971, 0.00011316505154, 0, 0.186993779, 0.45485928457, 0.3577928667],
      [0.16557170025, 0.6167664569, 0.036185512161, 0.13771685154, 0.0021612280812, 0.041598251072],
      [0.11515409436, 0.17572032701, 0.57084860042, 0.072172525811, 0.00056798950172, 0.065536462906],
      [0.028648811204, 0.013582073813, 0, 0.73635472524, 0.10362911602, 0.11778527372],
      [0.0026834727756, 0.0013824903133, 0, 0.095467854423, 0.77454250768, 0.12592367481],
      [0.09314989255, 0.043450020565, 0, 0.001123338071, 0.84165960459, 0.02061714422]
    ],
    [
      [9.1534143966e-05, 0.00015286296309, 0.00011545977698, 0.13698475123, 0.39725209316, 0.46540329873],
      [0.1945107771, 0.33401007618, 0.014144244076, 0.29497675024, 0.0056080675724, 0.15675008483],
      [0.16800549284, 0.11503715828, 0.23849898684, 0.1832293579, 0.001829588065, 0.29339941607],
      [0.01472348002, 0.003859149245, 0.00064465204433, 0.6779867476, 0.11375569889, 0.1890302722],
      [0.0017482326658, 0.001886015451, 0.0012893008473, 0.076773407614, 0.74360534716, 0.17469769626],
      [0.04604058502, 0.0095358571578, 9.6216480991e-06, 0.0010147685947, 0.91055487951, 0.032844288068]
    ],
    [
      [0, 0, 0, 0.16289252912, 0.53014526304, 0.30696220784],
      [0.10737141897, 0.5442147088, 0.062688444411, 0.21687677537, 0.005115647724, 0.063733004722],
      [0.059570555604, 0.11879240734, 0.6574163972, 0.086320629036, 0.0012237071744, 0.076676303654],
      [0.0082027741999, 0.0091404553545, 0.00025066131569, 0.7314170961, 0.13869208311, 0.11229692992],
      [0, 0, 0, 0.077471737644, 0.82886525778, 0.093663004573],
      [0.032178341533, 0.019693204809, 1.2890734667e-06, 0.00095285033046, 0.93052675173, 0.016647562523]
    ],
    [
      [0, 0, 0, 0.16762956476, 0.35893319261, 0.47343724263],
      [0.06763681795, 0.61621640025, 0.088960135301, 0.15688916138, 0.0023619356594, 0.067935549457],
      [0.033479153845, 0.11674335603, 0.72578770857, 0.053229387229, 0.00059940257902, 0.07016099175],
      [0, 0.017160892481, 0.0022850999386, 0.72160360579, 0.089984647834, 0.16896575395],
      [0, 0, 0, 0.10113504152, 0.70685989607, 0.1920050624],
      [0.045152089643, 0.047516844658, 2.7108358991e-13, 0.0013159938959, 0.87034398547, 0.035671086331]
    ],
    [
      [0, 0, 0, 0.17624138398, 0.40910728944, 0.41465132658],
      [0.10744843106, 0.71022019368, 0, 0.13169812446, 0.0018036397636, 0.048829611028],
      [0.16826446365, 0.3132497812, 0.28571428571, 0.10984438533, 0.00074747009736, 0.122179614],
      [0.016619512208, 0.015568000685, 0, 0.72749820899, 0.09629077003, 0.14402350809],
      [0, 0.0017768968882, 0, 0.09623687674, 0.74334677569, 0.15863945068],
      [0.062519149619, 0.052601186913, 0, 0.0011955739988, 0.85683267869, 0.026851410774]
    ],
    [
      [0, 0, 2.4044799963e-05, 0.11399659824, 0.45319109589, 0.43278826107],
      [0.095117939537, 0.52647731008, 0.030169576944, 0.2147998596, 0.0058052509457, 0.12763006289],
      [0.073170557822, 0.15725030908, 0.43921323174, 0.11788503316, 0.0017294013956, 0.21075146681],
      [0.0020841462054, 0.013005217832, 0.00024279640839, 0.63684745787, 0.14685355032, 0.20096683136],
      [0, 0.00031949102558, 0.00052500904364, 0.057179486032, 0.78771648, 0.1542595339],
      [0.023400556252, 0.015429805042, 7.0471011663e-06, 0.00073326785986, 0.93288606526, 0.027543258481]
    ],
    [
      [0, 0, 0, 0.24653292348, 0.38468659789, 0.36878047863],
      [0, 0.88184902991, 0.05098801133, 0.057406135645, 0.00055533218914, 0.0092014909209],
      [0, 0.18534737399, 0.77438770818, 0.028059220648, 0.00017698032039, 0.012028716859],
      [0, 0.050440336971, 0.0067349763945, 0.77790938354, 0.070595807192, 0.094319495906],
      [0, 0, 0, 0.14222932765, 0.71742799622, 0.14034267614],
      [0.047423368451, 0.22952751455, 5.7095458658e-13, 0.0014498821885, 0.7008414703, 0.020757764506]
    ],
    [
      [5.987507719e-05, 0, 0, 0.18268259774, 0.43920653902, 0.37805098817],
      [0.15480492247, 0.51854551235, 0.11997399278, 0.15389754897, 0.0023237555553, 0.050454267876],
      [0.056313239341, 0.076418062388, 0.78562912809, 0.041016283589, 0.00025214091411, 0.040371145681],
      [0.025112036017, 0.010182582301, 0, 0.73450195774, 0.10201247584, 0.1281909481],
      [0.0024533300236, 0.00028750869952, 0, 0.095182521107, 0.76440109563, 0.13767554454],
      [0.083337817092, 0.035185162921, 3.2531209713e-13, 0.0011573455614, 0.85736096698, 0.022958707449]
    ],
    [
      [0.00013129212745, 0, 0, 0.17886835074, 0.46115927015, 0.35984108699],
      [0.094906117518, 0.71032619823, 0.047460692842, 0.11048929213, 0.0018000943148, 0.035017604974],
      [0.071708687019, 0.19092599706, 0.6271160893, 0.056258208538, 0.00042503723608, 0.053565980851],
      [0.021210821511, 0.017482005965, 0, 0.73044577252, 0.10821308363, 0.12264831638],
      [0.0024655533677, 0.0007670227311, 0, 0.091006501255, 0.77970052922, 0.12606039343],
      [0.065756470012, 0.056153860218, 1.5660801677e-13, 0.0010752244427, 0.85627868244, 0.020735762887]
    ],
    [
      [0.00019455209676, 1.5777457552e-05, 0, 0.16314993815, 0.39126700425, 0.44537272805],
      [0.20995183072, 0.47492638947, 0.14353634027, 0.11886607532, 0.0017671418684, 0.050952222361],
      [0.05011813923, 0.045289725279, 0.85646365973, 0.020967511566, 9.1456818301e-05, 0.027069507375],
      [0.039320615705, 0.010393750582, 0, 0.69651600856, 0.095169305284, 0.15860031987],
      [0.0041521688258, 0.00086110757058, 0, 0.090534367318, 0.73117991151, 0.17327244478],
      [0.13212872987, 0.034670725682, 4.2048188873e-13, 0.0010849260987, 0.80387375359, 0.028241864753]
    ],
    [
      [1.3841857412e-05, 3.3335152571e-05, 0, 0.18613619334, 0.4106134084, 0.40320322125],
      [0.10524276945, 0.65646033168, 0.058475226386, 0.13274527423, 0.0017406534604, 0.045335744797],
      [0.051151024642, 0.1332234761, 0.71280530402, 0.050630547052, 0.0002310679831, 0.051958580204],
      [0.017432145244, 0.013927961409, 0, 0.74093029864, 0.092881845578, 0.13482774913],
      [0.0012103738888, 0.0013240818972, 0, 0.10064476958, 0.74316059164, 0.15366018299],
      [0.064353349793, 0.050250131027, 2.1337821073e-13, 0.0012564402373, 0.8581205746, 0.026019504339]
    ],
    [
      [0, 3.8973025477e-05, 0, 0.18542699367, 0.38205281225, 0.43248122105],
      [0.12398929032, 0.65891974249, 0.016815391477, 0.14495169981, 0.0018222885368, 0.05350158736],
      [0.098090240654, 0.23157731865, 0.47384272437, 0.092992682417, 0.0005576647184, 0.10293936919],
      [0.018444572558, 0.014555190823, 0, 0.73520926657, 0.087202784308, 0.14458818574],
      [0.00082026420539, 0.0017958736577, 0, 0.10482660222, 0.72169793801, 0.17085932191],
      [0.073284914907, 0.053669762248, 1.0085013185e-13, 0.0013242868, 0.84215249319, 0.029568542855]
    ],
    [
      [0, 4.8738692946e-05, 0.00033408047953, 0.17767187392, 0.45977832918, 0.36216697773],
      [0.15653489603, 0.42033182732, 0.039255207658, 0.28679787804, 0.0048435955344, 0.09223659542],
      [0.10903574501, 0.11702615261, 0.48978103936, 0.14383235961, 0.0012556894257, 0.13906901397],
      [0.013129612742, 0.0050771178806, 0.0012452141336, 0.74259787679, 0.11138856616, 0.12656161229],
      [0.00024956752457, 0.001033945704, 0.0016602787612, 0.089154112663, 0.78062047029, 0.12728162506],
      [0.044919667649, 0.014868174256, 5.5335753674e-14, 0.0011480781278, 0.91663781143, 0.022426268538]
    ],
    [
      [0, 0, 0, 0.17475196011, 0.40791479174, 0.41733324814],
      [0.13414262752, 0.44291998124, 0.047363601523, 0.26980968042, 0.0040572800893, 0.10170682921],
      [0.083408359781, 0.10936892891, 0.54915938201, 0.12061242318, 0.00090734765295, 0.13654355846],
      [0.010121943337, 0.0050089247446, 0.0016328473937, 0.73614513176, 0.099162294021, 0.14792885874],
      [0, 0, 0.00062102156509, 0.095747526925, 0.74438799348, 0.15924345803],
      [0.044853672315, 0.017971879586, 7.6942305527e-14, 0.0012572714556, 0.90715947394, 0.028757702706]
    ],
    [
      [2.6555038852e-05, 0, 1.7706614104e-05, 0.16756906582, 0.44435571724, 0.38803095529],
      [0.18418891983, 0.46512731353, 0.10291585713, 0.17905438697, 0.0030176844212, 0.065695838128],
      [0.075284763003, 0.076017358507, 0.73718708168, 0.052870237703, 0.0003848098251, 0.058255749279],
      [0.025900923225, 0.0067341607019, 7.2930144746e-05, 0.71703254971, 0.10993534036, 0.14032409585],
      [0.0020559093156, 0, 0.00013019575031, 0.086840050338, 0.76970133388, 0.14127251072],
      [0.079414295655, 0.024877415891, 2.1631313151e-13, 0.0010666139341, 0.87097024991, 0.023671424612]
    ],
    [
      [0.00027531845699, 3.5003267232e-05, 0, 0.20651354953, 0.35827168613, 0.43490444262],
      [0.12433195874, 0.56857623367, 0.13326330846, 0.12956124206, 0.0012988710306, 0.042968386049],
      [0.037804263387, 0.067918148886, 0.837122623, 0.02854286276, 3.7506187438e-05, 0.028574595784],
      [0.02444231506, 0.01284636224, 0, 0.75525986557, 0.074281866272, 0.13316959086],
      [0.0036902004267, 0.0013154831655, 0, 0.1187747971, 0.69901450789, 0.17720501142],
      [0.10159600632, 0.054809637288, 5.1496208201e-13, 0.0015108971047, 0.81173163829, 0.030351820995]
    ],
    [
      [0, 8.0305192997e-06, 1.4095350782e-05, 0.14850654147, 0.40213623187, 0.44933510079],
      [0.13207458153, 0.56075717526, 0.12327259434, 0.12278448481, 0.0025079391082, 0.058603224942],
      [0.051571196854, 0.088696067516, 0.7746923714, 0.034880233721, 0.00073247297419, 0.049427657534],
      [0.025480383193, 0.01416124418, 0.0001533027325, 0.67857581161, 0.10826925963, 0.17335999865],
      [0.0013164271944, 0.001085515862, 0.00023508463065, 0.082843121764, 0.74248280368, 0.17203704686],
      [0.081919323037, 0.044450086827, 3.2403143175e-07, 0.001015999146, 0.84308693294, 0.029527334016]
    ],
    [
      [0, 0, 2.3191483662e-05, 0.1672068524, 0.49303655715, 0.33973339896],
      [0.23049096413, 0.42141217689, 0.13099714962, 0.16193452098, 0.0031605704469, 0.052004617931],
      [0.073183218865, 0.053805610526, 0.7992856573, 0.037359932936, 0.00040385316119, 0.035961727215],
      [0.035252005226, 0.0055928021343, 0.0003371263329, 0.71513518672, 0.12256185667, 0.12112102291],
      [0.0018579794314, 0, 0.00042066756578, 0.082565906348, 0.80175221905, 0.1134032276],
      [0.096493009833, 0.021660051094, 2.6126436579e-13, 0.00094732270471, 0.86236983542, 0.018529780945]
    ],
    [
      [0, 0, 0, 0.15061095775, 0.37057839398, 0.47881064828],
      [0.30164772691, 0.30435785856, 0.092424641594, 0.19876934507, 0.0033434894854, 0.099456938374],
      [0.12110393201, 0.027164507601, 0.70485137404, 0.058996764253, 0.00065620672571, 0.08722721537],
      [0.034682560629, 0, 0.0024156146572, 0.68420387201, 0.098368988876, 0.18032896383],
      [0, 0, 0.0005600981022, 0.09041353752, 0.71904501798, 0.18998134639],
      [0.11851437309, 0.014966562409, 1.7656216013e-13, 0.0010945156582, 0.8320394942, 0.033385054639]
    ],
    [
      [0, 0, 0, 0.17862352872, 0.40583609968, 0.4155403716],
      [0.093772065325, 0.57472524304, 0.059692204305, 0.19770227794, 0.0027001961907, 0.071408013199],
      [0.051086110349, 0.12087155698, 0.66792321908, 0.076180677615, 0.00045261264562, 0.083485823335],
      [0.0077752555367, 0.0098756926497, 0, 0.74201045476, 0.095432508752, 0.1449060883],
      [0, 0, 0, 0.097852209619, 0.74234419795, 0.15980359243],
      [0.042935910319, 0.03054654823, 1.3426245186e-13, 0.001272070998, 0.89705220464, 0.028193265817]
    ],
    [
      [0.00040028144324, 3.7530611579e-05, 0, 0.19211176479, 0.36271454285, 0.4447358803],
      [0.16802156762, 0.51110562043, 0.15087237268, 0.12355188776, 0.0014040677195, 0.045044483796],
      [0.045055013447, 0.054809443988, 0.84912762732, 0.024283111035, 4.3722866958e-05, 0.026681081342],
      [0.03345399958, 0.012019725476, 0, 0.73349198987, 0.078900296343, 0.14213398873],
      [0.0042480181434, 0.00113700705, 0, 0.11060974217, 0.70421646637, 0.17978876627],
      [0.12978526156, 0.047340115413, 0, 0.0013480844346, 0.79153571973, 0.029990818858]
    ],
    [
      [0.00018648129116, 3.8379074461e-06, 0, 0.22328382047, 0.38382534372, 0.39270051662],
      [0.14725939517, 0.50246477889, 0.17508798305, 0.13596822406, 0.001437828499, 0.037781790327],
      [0.038015192805, 0.051837050048, 0.86347639445, 0.025355835077, 0.00010081264408, 0.021214714974],
      [0.028675421648, 0.011637153761, 0, 0.77001537204, 0.076076257426, 0.11359579513],
      [0.0040462010683, 0.0010294934815, 0, 0.12353333625, 0.71823748473, 0.15315348447],
      [0.11780780504, 0.049154153719, 6.6520575762e-13, 0.0015186082391, 0.80596185817, 0.025557574829]
    ],
    [
      [5.3688964302e-05, 0, 0, 0.18138861747, 0.36946757379, 0.44909011977],
      [0.14867347009, 0.61800773351, 0.080665815413, 0.10871611545, 0.0013347432933, 0.042602122247],
      [0.080705671464, 0.12698006104, 0.70371992549, 0.040619979679, 0.00013217904675, 0.047842183284],
      [0.033751572906, 0.017035749408, 0, 0.71599100618, 0.083931031848, 0.14929063966],
      [0.0029216156679, 0.0011728767124, 0, 0.10429823296, 0.71144173503, 0.18016553963],
      [0.1241730472, 0.063828152673, 3.3016805215e-13, 0.0012428191802, 0.78133215955, 0.029423821405]
    ],
    [
      [0, 0, 0, 0.19374282401, 0.38080826912, 0.42544890687],
      [0.30248242013, 0.48626969381, 0.044572011923, 0.12275350738, 0.0013453362034, 0.042577030553],
      [0.2020231986, 0.13033877842, 0.54632451952, 0.05949570537, 0.00030651417477, 0.061511283915],
      [0.042174334726, 0.02318793917, 0.0001435595504, 0.72070416228, 0.080386695408, 0.13340330886],
      [0, 0, 0, 0.11281486644, 0.7180790603, 0.16910607325],
      [0.21257734358, 0.041790934446, 1.5273832164e-13, 0.0011867365617, 0.71960302634, 0.024841959071]
    ],
    [
      [0, 0, 0, 0.16727431311, 0.44075273989, 0.39197294701],
      [0.093475567335, 0.57706130174, 0.094475393652, 0.16949053496, 0.0027855648864, 0.062711637426],
      [0.040624925416, 0.098435305604, 0.7457261464, 0.055791801864, 0.00033912819963, 0.059082692512],
      [0.0093525077125, 0.011661136265, 0, 0.72602658787, 0.10931417018, 0.14364559797],
      [0, 0, 0, 0.087669559394, 0.76830022599, 0.14403021462],
      [0.043694163123, 0.032164121208, 2.1093176108e-13, 0.0011018477325, 0.89835501742, 0.024684850511]
    ],
    [
      [0, 0, 0, 0.17029295814, 0.40137622457, 0.42833081729],
      [0.11536405065, 0.49758183256, 0.1719952939, 0.15236760738, 0.0022349912016, 0.060456224309],
      [0.028573093015, 0.048836966923, 0.86267346436, 0.0272599787, 0.00014856785036, 0.032507929148],
      [0.018091720905, 0.009123849282, 0, 0.72219258323, 0.097556457221, 0.15303538936],
      [0.0011170312165, 0.00026875047487, 0, 0.094118261212, 0.739254604, 0.16524135309],
      [0.064920517653, 0.033482290267, 0, 0.0011974535214, 0.87162926086, 0.028770477703]
    ],
    [
      [3.7098419249e-05, 0.00012067903679, 8.0297964044e-05, 0.14179592427, 0.49570272744, 0.36226327288],
      [0.2085129515, 0.39940875423, 0.026224193828, 0.25687219914, 0.0058126869382, 0.10316921436],
      [0.16381969041, 0.1254887536, 0.38738718942, 0.14565275446, 0.0016877328745, 0.17596387924],
      [0.018412685651, 0.0050816891817, 0.00049326241662, 0.68973963814, 0.13906115098, 0.14721157364],
      [0.0012170034681, 0.0015214950677, 0.00086033533724, 0.06697465639, 0.80727677194, 0.12214973779],
      [0.048393552659, 0.011348376372, 5.7355688906e-06, 0.00083634319038, 0.91863251426, 0.020783477949]
    ],
    [
      [0, 0, 0, 0.17339962573, 0.41814916754, 0.40845120672],
      [0.22714716044, 0.63925050967, 0.044214729567, 0.064533236853, 0.00096712405319, 0.023887239423],
      [0.15794891942, 0.17207917116, 0.60054907207, 0.032868258404, 0.00023149501445, 0.036323083923],
      [0.065544093524, 0.031692390265, 0.00081665662775, 0.67565647298, 0.093137381407, 0.13315300519],
      [0, 0, 0.00033054584879, 0.097676728582, 0.7482114995, 0.15378122607],
      [0.22957803959, 0.07429497359, 4.0417471684e-06, 0.00094243790676, 0.67474135404, 0.020439153133]
    ],
    [
      [3.3808385233e-05, 5.6565609748e-05, 0, 0.1632606687, 0.47835566914, 0.35829328817],
      [0.097882068022, 0.71219626085, 0.038922559474, 0.11064369217, 0.002078360128, 0.038277059358],
      [0.054526728482, 0.16771349489, 0.67536315481, 0.049973747012, 0.00046256216254, 0.051960312637],
      [0.018465618918, 0.017041899382, 0, 0.71328100676, 0.12028081133, 0.13093066361],
      [0.0012374949385, 0.0014948112387, 0, 0.081060196563, 0.79286424676, 0.1233432505],
      [0.05389615205, 0.048896067203, 1.4695176893e-13, 0.00096825206377, 0.87588515428, 0.0203543744]
    ],
    [
      [0, 5.6488235034e-05, 7.3702432854e-05, 0.15537227224, 0.47588951508, 0.36860802202],
      [0.25426607353, 0.41928401987, 0.03228834416, 0.21108939576, 0.0041335788699, 0.078938587809],
      [0.19184771488, 0.12716487938, 0.43478267192, 0.11537470633, 0.0011278892276, 0.12970213827],
      [0.025865381194, 0.0081102077027, 0.00070754870309, 0.70184636129, 0.12391123283, 0.13955926828],
      [0, 0.0026788163235, 0.0013045330753, 0.075949616867, 0.79238021497, 0.12768681876],
      [0.079851274993, 0.016311281982, 5.0311115894e-14, 0.00093309122532, 0.88171785264, 0.021186499158]
    ],
    [
      [0, 0, 0, 0.18740819637, 0.45586412449, 0.35672767914],
      [0.30005159862, 0.43640946505, 0.12717511983, 0.10388981238, 0.0018481038754, 0.03062590024],
      [0.10468957064, 0.062385356145, 0.78159246998, 0.027364328062, 0.00040242415256, 0.023565851025],
      [0.051461393349, 0.018936146329, 0.0052010859335, 0.71235203868, 0.10023246708, 0.11181686863],
      [0, 0, 0, 0.10061166946, 0.77467607871, 0.12471225183],
      [0.20911924332, 0.03770584835, 4.2775949749e-13, 0.0009802982753, 0.734314042, 0.01788056805]
    ],
    [
      [0, 0, 0, 0.17203810312, 0.4692081115, 0.35875378538],
      [0.19931016684, 0.59404142704, 0.086210157567, 0.089692298283, 0.001638356568, 0.029107593707],
      [0.09836317627, 0.11846066452, 0.71848540202, 0.032876567992, 0.00037189692044, 0.031442292275],
      [0.049100680691, 0.021082415472, 0.00089756016517, 0.69783018603, 0.11000536971, 0.12108378793],
      [0, 0.0025954283806, 0.00092821751569, 0.087717685473, 0.78500580659, 0.12375286204],
      [0.15012294583, 0.055531015064, 3.176166812e-13, 0.00092069781, 0.77499078031, 0.018434560989]
    ],
    [
      [0, 0, 0, 0.1712759868, 0.49916808802, 0.32955592518],
      [0.12367151862, 0.54888319653, 0.11304644918, 0.1621924841, 0.0032116825818, 0.04899466898],
      [0.053529458909, 0.085598137289, 0.77230064687, 0.046301707461, 0.00066161518768, 0.041608434279],
      [0.018424767264, 0.010260522983, 0, 0.73141275787, 0.12381647472, 0.11608547717],
      [0.00081964703188, 0.00067086974686, 0, 0.084137941644, 0.80627666364, 0.10809487794],
      [0.054577763257, 0.029672428589, 2.4264894691e-13, 0.00099490952144, 0.89637459546, 0.018380303167]
    ],
    [
      [8.5238130591e-05, 2.6919689468e-05, 0, 0.20912772509, 0.45731205353, 0.33344806356],
      [0.13458598423, 0.55979597096, 0.10952805944, 0.15513696937, 0.0024017087151, 0.038551307292],
      [0.059351269241, 0.090031587355, 0.77071995597, 0.045620756967, 0.00060696850107, 0.033669461968],
      [0.022726906202, 0.011636826826, 0, 0.76796879317, 0.097827938771, 0.099839535031],
      [0.0024260123309, 0.0011620768196, 0, 0.10703454518, 0.77581036894, 0.11356699673],
      [0.079396978064, 0.040491354443, 3.1464906481e-13, 0.0012714797846, 0.85937383013, 0.019466357583]
    ],
    [
      [0.00010233655379, 0, 6.0543945385e-05, 0.19744379638, 0.47123974898, 0.33115357415],
      [0.12623246282, 0.63604429026, 0.044302211907, 0.15129109984, 0.0025400850849, 0.039589850084],
      [0.095100434557, 0.18815739443, 0.56905704217, 0.082107042879, 0.00091832022626, 0.064659765744],
      [0.022000565348, 0.012688216437, 0.00044976603751, 0.756057037, 0.10500448655, 0.10379992862],
      [0.0027749273096, 0.00038523322418, 0.00061841318996, 0.098809403533, 0.7860358193, 0.11137620344],
      [0.070499528741, 0.043413141329, 1.2158448526e-13, 0.0011742228535, 0.86600803783, 0.018905069249]
    ],
    [
      [4.339454353e-05, 4.532091471e-06, 8.4477481403e-06, 0.16531694535, 0.41951275967, 0.4151139206],
      [0.17561673206, 0.50530700659, 0.07369052758, 0.17381098782, 0.0026166991647, 0.068958046788],
      [0.090695214617, 0.10403290222, 0.66300094399, 0.064721213042, 0.00030241399364, 0.07724731213],
      [0.024536484251, 0.0087047139586, 0.00015883266286, 0.71268444146, 0.10341963323, 0.15049589444],
      [0.0026182118629, 0.00070508187948, 0.00026356978572, 0.087773471615, 0.75247195956, 0.1561677053],
      [0.079868841781, 0.028461775773, 3.3790994204e-06, 0.0010877923096, 0.86411269251, 0.026465518523]
    ],
    [
      [8.7871874406e-05, 0, 0, 0.19302155337, 0.49499570044, 0.31189487431],
      [0.13848917594, 0.5631899283, 0.097237745153, 0.15848204861, 0.003008287772, 0.039592814227],
      [0.058223920558, 0.093837413617, 0.76270690351, 0.048225510551, 0.00064832373504, 0.036357928031],
      [0.022610550049, 0.010834240986, 0, 0.75525407819, 0.11343669327, 0.097864437498],
      [0.0027614314659, 0.00064584962421, 0, 0.095530687361, 0.80288377378, 0.098178257771],
      [0.069123260903, 0.034208547843, 2.3428105932e-13, 0.0011083192811, 0.87835220169, 0.01720767028]
    ],
    [
      [3.1367956417e-06, 8.9278574368e-06, 0, 0.15342115005, 0.44502401494, 0.40154277036],
      [0.09287566261, 0.66900331588, 0.088243265998, 0.10464932442, 0.0018642803402, 0.043364150754],
      [0.047860064128, 0.12451241247, 0.74649290524, 0.036012982803, 0.00020034200231, 0.04492129336],
      [0.020501821562, 0.017993173707, 0, 0.6928999981, 0.11539761582, 0.15320739081],
      [0.0010998378664, 0.0013671714651, 0, 0.079184831137, 0.77184210766, 0.14650605187],
      [0.061538548326, 0.052780927319, 2.8021621212e-13, 0.00096135486799, 0.86065269228, 0.024066477204]
    ],
    [
      [0, 0.0001134169811, 0.00029257705349, 0.15818743735, 0.41107540755, 0.43033116107],
      [0.20134556201, 0.48234195806, 0.053515807463, 0.18201320401, 0.0029144325371, 0.077869035914],
      [0.12570736023, 0.1206150695, 0.56563246848, 0.081941538303, 0.00045254857584, 0.10565101491],
      [0.025247488663, 0.0090347609662, 0.0022956148168, 0.70038349084, 0.10440591559, 0.15863272913],
      [0.00086569698026, 0.0023022967585, 0.0032183476178, 0.084462733332, 0.74778280426, 0.16136812105],
      [0.085184132514, 0.025293129469, 1.1104629649e-13, 0.0010722022176, 0.86057765138, 0.027872884422]
    ],
    [
      [9.5625267033e-05, 6.6341405037e-05, 0, 0.15629894834, 0.46586915287, 0.37766993211],
      [0.15063035803, 0.60040089719, 0.025423916346, 0.15967990115, 0.0030142582221, 0.060850669057],
      [0.10821201311, 0.17965731036, 0.52165700043, 0.088438889689, 0.00081828033553, 0.10121650607],
      [0.020655435889, 0.010618324666, 0, 0.70479783284, 0.12081869168, 0.14310971492],
      [0.0017753635304, 0.0011252342481, 0, 0.078017037943, 0.78548808657, 0.13359427771],
      [0.060204338425, 0.030299762374, 0, 0.00095845244549, 0.88624280661, 0.022294640141]
    ],
    [
      [8.0379159138e-05, 8.9027943994e-05, 5.2481553034e-05, 0.17407256193, 0.41588263026, 0.40982291916],
      [0.097436096099, 0.5757513221, 0.16446177618, 0.11719019311, 0.001665802473, 0.043494810035],
      [0.024388003901, 0.055845721011, 0.87511966702, 0.021069532648, 7.2243107232e-05, 0.02350483231],
      [0.019750397265, 0.013772355431, 0.00016623710079, 0.72452088853, 0.098810088233, 0.14298003344],
      [0.0016635792395, 0.0014835276238, 0.00033457003859, 0.093608445314, 0.74830340287, 0.15460647491],
      [0.068300734761, 0.04658970016, 5.2091434782e-13, 0.0011617046703, 0.85779024333, 0.02615761708]
    ],
    [
      [0, 0, 0, 0.15220430771, 0.42818899339, 0.41960669891],
      [0.17380509432, 0.680732098, 0.0624673834, 0.057071570678, 0.0010751940141, 0.024848659587],
      [0.10709157143, 0.1640850636, 0.66894149977, 0.025958095677, 0.00031090846442, 0.033612861068],
      [0.061484226781, 0.030717661051, 0.0012839935457, 0.65012630182, 0.10557873044, 0.15080908637],
      [0, 0, 0.0011780587384, 0.083220632147, 0.75909808761, 0.1565032215],
      [0.18193455083, 0.084922832332, 3.1507873557e-13, 0.00082260902543, 0.71068653217, 0.021633475635]
    ],
    [
      [0.00012652997576, 3.2855210261e-05, 0, 0.17418520917, 0.45680529805, 0.36885010759],
      [0.14492678487, 0.59618978248, 0.052664277948, 0.15258291088, 0.0025423580756, 0.051093885752],
      [0.088034532759, 0.14737602131, 0.62600264016, 0.068831081403, 0.00054421874286, 0.069211505627],
      [0.022796218678, 0.011840836078, 0, 0.72607596581, 0.11002288564, 0.1292640938],
      [0.0020925831139, 0.00097233101651, 0, 0.088640819185, 0.77738249327, 0.13091177342],
      [0.071584606675, 0.037026462439, 0, 0.0010736440464, 0.86849557138, 0.021819715464]
    ],
    [
      [0, 0, 0, 0.21842282795, 0.40373061245, 0.3778465596],
      [0.12264447464, 0.73315253059, 0.085323449431, 0.046703161505, 0.00094931864863, 0.011227065189],
      [0.064761269373, 0.15306704676, 0.74979267133, 0.019068875661, 0.00067941678898, 0.012630720085],
      [0.062580968025, 0.044242753965, 0.004688087286, 0.71255810115, 0.077316893171, 0.098613196398],
      [0.0027308353044, 0, 0.0058993565385, 0.1226514574, 0.73212063239, 0.13659771838],
      [0.2125561024, 0.15596484598, 3.7102870418e-05, 0.001104430644, 0.61251285028, 0.017824667825]
    ],
    [
      [7.5578306735e-06, 0, 5.3057121444e-06, 0.15765121629, 0.39522736563, 0.44710855454],
      [0.19972332906, 0.4216149805, 0.15682543641, 0.15142607886, 0.0024723596839, 0.067937815478],
      [0.054523339492, 0.04608273052, 0.82892346614, 0.029939616711, 0.0002488720352, 0.0402819751],
      [0.032613663722, 0.0060375780456, 2.9307527165e-05, 0.69456851039, 0.10111618484, 0.16563475547],
      [0.0023491649367, 0, 4.1348066116e-05, 0.088359905484, 0.73594995434, 0.17329962717],
      [0.10394700731, 0.026745984072, 3.8375932638e-13, 0.0010860512436, 0.83871009906, 0.029510858308]
    ],
    [
      [0, 0, 0, 0.18856327263, 0.45072823933, 0.36070848804],
      [0.11646083603, 0.51454434633, 0.063582428624, 0.23199063641, 0.0035564013275, 0.06986535128],
      [0.06320633832, 0.1093635932, 0.65473242684, 0.090273115836, 0.00069157737845, 0.081732948422],
      [0.011063417636, 0.0072584490447, 0.00013645518392, 0.75663997351, 0.10373230687, 0.12116939775],
      [0, 0.00022541733189, 0.00019640360479, 0.096919898485, 0.77342313684, 0.12923514374],
      [0.043505795084, 0.022885577519, 1.1434879254e-13, 0.0012272435531, 0.90990154593, 0.022479837912]
    ],
    [
      [0, 0, 0, 0.13373964442, 0.38342481744, 0.48283553813],
      [0.10835631205, 0.40273624365, 0.050068082596, 0.27676247799, 0.0054398123525, 0.15663707136],
      [0.061246382769, 0.09017833222, 0.54406129718, 0.11222332331, 0.001292411754, 0.19099825277],
      [0.0016500756718, 0.0039506676247, 0.0055847926025, 0.67634912975, 0.11369492019, 0.19877041415],
      [0, 0, 0, 0.080721191962, 0.7350804752, 0.18419833284],
      [0.028654929009, 0.012827299269, 6.385128751e-14, 0.001034295453, 0.92165965704, 0.035823819224]
    ],
    [
      [0, 0.00010573622833, 1.3996178746e-05, 0.17483199386, 0.44638885911, 0.37865941463],
      [0.21375746736, 0.52925508671, 0.04377400441, 0.15708287232, 0.0024376666018, 0.053692902597],
      [0.14831912452, 0.14591312384, 0.54525202868, 0.07894401837, 0.00053249312792, 0.081039211452],
      [0.031716607772, 0.01065463799, 7.9321563584e-05, 0.72098739377, 0.10546184245, 0.13110019645],
      [0.0013789705892, 0.0022469125538, 0.00015675723091, 0.089773450265, 0.76957169708, 0.13687221228],
      [0.10346637516, 0.031274855193, 1.0426880019e-13, 0.0010688054376, 0.84203892497, 0.022151039238]
    ],
    [
      [0.00010625190637, 0.00017859388103, 0.00019419489543, 0.22799251238, 0.3782674302, 0.39326101674],
      [0.14110444518, 0.59557235745, 0.14823256791, 0.092422532477, 0.00077050125843, 0.021897595732],
      [0.049196346076, 0.084216109399, 0.82890855654, 0.022252226533, 0, 0.015426761454],
      [0.039651747973, 0.0228548971, 0.0019204327886, 0.75719134344, 0.072238307513, 0.10614327118],
      [0.0044072351279, 0.0041938106463, 0.0025245338823, 0.1269005529, 0.71250088173, 0.14947298571],
      [0.15802537448, 0.084871331898, 2.1577211418e-05, 0.0014160922463, 0.73212397957, 0.023541644596]
    ],
    [
      [2.9433718105e-05, 0.00023414387501, 0.00030004316341, 0.206524214, 0.39566038772, 0.39725177752],
      [0.14643851367, 0.65392199362, 0.12295969763, 0.060796480488, 0.00074067124268, 0.015142643351],
