{
  "X": [
    [56, 103, 484, 948, 83],
    [33, 85, 348, 531, 60],
    [43, 83, 409, 745, 70],
    [45, 93, 412, 804, 83],
    [39, 89, 426, 671, 89],
    [10, 2, 26, 177, 10],
    [4, 22, 55, 214, 20],
    [9, 7, 54, 63, 13],
    [5, 5, 33, 111, 7],
    [3, 1, 30, 28, 3],
    [18, 24, 70, 234, 14],
    [4, 12, 45, 208, 11],
    [7, 11, 25, 109, 9],
    [13, 28, 104, 170, 13],
    [13, 19, 222, 119, 36],
    [6, 34, 146, 97, 28],
    [25, 61, 441, 241, 53],
    [9, 18, 175, 58, 31],
    [18, 20, 179, 105, 42],
    [11, 23, 118, 44, 18],
    [10, 20, 51, 227, 18],
    [10, 18, 69, 288, 11],
    [1, 4, 19, 117, 10],
    [4, 2, 23, 165, 11],
    [8, 15, 48, 198, 19],
    [19, 42, 201, 395, 37],
    [16, 99, 448, 965, 62],
    [22, 91, 428, 829, 79],
    [4, 3, 15, 107, 8],
    [33, 80, 377, 673, 77],
    [5, 1, 12, 21, 3],
    [37, 127, 474, 871, 107],
    [21, 60, 187, 370, 33],
    [3, 16, 46, 139, 12],
    [39, 86, 445, 280, 76],
    [6, 9, 78, 32, 22],
    [21, 40, 318, 142, 55],
    [25, 31, 84, 278, 43],
    [6, 5, 16, 133, 13],
    [4, 12, 39, 179, 18],
    [4, 9, 71, 20, 4],
    [1, 13, 30, 169, 7],
    [13, 15, 97, 231, 22],
    [2, 6, 22, 127, 11],
    [5, 17, 49, 240, 14],
    [5, 12, 35, 223, 17],
    [1, 11, 26, 158, 14],
    [11, 34, 104, 239, 22],
    [20, 44, 211, 242, 20],
    [26, 59, 243, 406, 49],
    [38, 99, 279, 357, 59],
    [2, 4, 19, 76, 1],
    [11, 11, 38, 97, 5],
    [6, 7, 46, 147, 19],
    [3, 6, 21, 73, 6],
    [0, 0, 2, 8, 0],
    [3, 17, 45, 65, 4],
    [12, 26, 84, 202, 14],
    [10, 11, 85, 158, 17],
    [6, 4, 49, 209, 6],
    [2, 6, 25, 118, 11],
    [9, 1, 24, 60, 10],
    [9, 14, 29, 153, 13],
    [4, 51, 154, 210, 17],
    [34, 126, 577, 1236, 112],
    [8, 16, 82, 121, 28],
    [110, 97, 573, 1074, 183],
    [8, 2, 59, 105, 7]
  ],
  "W": [
    [48, 488, 911, 120, 107],
    [38, 342, 493, 109, 75],
    [69, 386, 705, 100, 90],
    [40, 423, 778, 114, 82],
    [44, 430, 638, 108, 94],
    [10, 25, 155, 11, 24],
    [11, 44, 211, 30, 19],
    [10, 56, 60, 7, 13],
    [8, 32, 103, 9, 9],
    [5, 32, 23, 4, 1],
    [11, 73, 220, 37, 19],
    [6, 44, 197, 23, 10],
    [11, 23, 102, 14, 11],
    [15, 99, 172, 27, 15],
    [12, 224, 118, 22, 33],
    [4, 146, 93, 43, 25],
    [26, 436, 228, 76, 55],
    [6, 177, 46, 34, 28],
    [9, 192, 89, 39, 35],
    [4, 133, 42, 21, 14],
    [12, 49, 220, 22, 23],
    [16, 67, 271, 16, 26],
    [1, 23, 108, 8, 11],
    [6, 26, 151, 8, 14],
    [6, 50, 181, 26, 25],
    [22, 194, 346, 69, 63],
    [25, 423, 877, 153, 112],
    [26, 409, 736, 156, 122],
    [5, 14, 107, 3, 8],
    [28, 387, 623, 107, 95],
    [5, 13, 15, 1, 8],
    [34, 492, 784, 168, 138],
    [14, 199, 340, 80, 38],
    [1, 48, 122, 25, 20],
    [36, 436, 252, 113, 89],
    [6, 82, 29, 12, 18],
    [16, 322, 131, 67, 40],
    [22, 100, 265, 36, 38],
    [5, 18, 116, 12, 22],
    [6, 46, 167, 21, 12],
    [4, 73, 16, 10, 5],
    [3, 35, 164, 9, 9],
    [19, 91, 216, 32, 20],
    [1, 20, 128, 9, 10],
    [6, 49, 227, 24, 19],
    [3, 38, 206, 15, 30],
    [2, 30, 143, 12, 23],
    [9, 98, 227, 49, 27],
    [25, 207, 204, 68, 33],
    [29, 242, 352, 96, 64],
    [43, 282, 324, 114, 69],
    [3, 18, 66, 10, 5],
    [18, 37, 88, 9, 10],
    [7, 46, 134, 16, 22],
    [2, 13, 72, 12, 10],
    [0, 2, 7, 0, 1],
    [1, 44, 56, 22, 11],
    [18, 81, 186, 31, 22],
    [7, 92, 136, 17, 29],
    [7, 43, 194, 9, 21],
    [0, 28, 114, 8, 12],
    [6, 27, 61, 4, 6],
    [7, 34, 147, 20, 10],
    [4, 160, 189, 60, 23],
    [48, 589, 1120, 165, 163],
    [7, 87, 112, 30, 19],
    [88, 665, 1017, 139, 128],
    [14, 54, 94, 3, 16]
  ],
  "method": "mult",
  "cond_prob": [
    [
      [0.64362001245, 0.033757258235, 0.096975082056, 0.16161625801, 0.064031389252],
      [0.015770421005, 0.012605081471, 0.89160132859, 0.0064478687301, 0.073575300208],
      [0.012096768915, 0.019391283504, 0.01474856739, 0.95094410239, 0.0028192777997],
      [0.019347624248, 0.61302747728, 0.12337694793, 0.16454573184, 0.079702218712],
      [0.038022453838, 0.037379582256, 0.14955672026, 0.47701209885, 0.2980291448]
    ],
    [
      [0.58988859638, 0.038249290665, 0.11388228245, 0.18478634664, 0.073193483861],
      [0.010413280325, 0.013075441796, 0.90061508051, 0.003708017214, 0.072188180154],
      [0.006359362001, 0.019534125483, 0.020435754535, 0.95095984007, 0.0027109179129],
      [0.015002185118, 0.61146506485, 0.12848441235, 0.16481652768, 0.080231810004],
      [0.03003317096, 0.037262799054, 0.15443317067, 0.47895699026, 0.29931386905]
    ],
    [
      [0.53472995786, 0.041936439742, 0.13317816977, 0.20752945304, 0.08262597959],
      [0.0059215936695, 0.010949284953, 0.90911783058, 0.0034612356112, 0.070550055184],
      [0.00070140427424, 0.017254071933, 0.029745770624, 0.9496331193, 0.002665633867],
      [0.011775766876, 0.60463906056, 0.13481729779, 0.16727965781, 0.081488216962],
      [0.023842567227, 0.036132609968, 0.16043028459, 0.4791679545, 0.30042658372]
    ],
    [
      [0.62753095662, 0.03361170703, 0.097094767047, 0.16387499264, 0.077887576666],
      [0.014862287272, 0.012527771173, 0.87813914068, 0.0057873091573, 0.08868349172],
      [0.011151559173, 0.019322511581, 0.014568132678, 0.95019155629, 0.0047662402748],
      [0.01848186656, 0.60062620662, 0.12154302881, 0.16386961207, 0.095479285938],
      [0.034502053601, 0.034780279854, 0.1399200037, 0.4520341701, 0.33876349275]
    ],
    [
      [0.58181485447, 0.038093822663, 0.11077890681, 0.18049378373, 0.088818632329],
      [0.010811001271, 0.013389189852, 0.88508102896, 0.00094819446974, 0.089770585446],
      [0.0070087846502, 0.020294436797, 0.021415006662, 0.94581891749, 0.0054628544022],
      [0.014891043338, 0.6044606077, 0.12393445723, 0.15982557536, 0.096888316376],
      [0.028421048612, 0.035499189985, 0.14354457463, 0.44635019572, 0.34618499105]
    ],
    [
      [0.67696971301, 0.00552380088, 0.081040211035, 0.17815497747, 0.058311297607],
      [0.044371003146, 0, 0.7917995547, 0.12748554336, 0.0363438988],
      [0, 0, 0, 1, 0],
      [0.095953908231, 0.17679654465, 0.21171022383, 0.36717262434, 0.14836669895],
      [0.044397283365, 0, 0.12774152334, 0.54135053223, 0.28651066106]
    ],
    [
      [0.36363636364, 0.050469777894, 0.17104238988, 0.25304457503, 0.16180689356],
      [0, 0.012059942793, 0.87973296, 0.0046477434723, 0.10355935374],
      [0, 0.014225418882, 0.035539734365, 0.94083614818, 0.0093986985764],
      [0, 0.57210539158, 0.13940086474, 0.16076353769, 0.12773020599],
      [0, 0.039445780463, 0.14365124097, 0.40382502978, 0.41307794879]
    ],
    [
      [0.64774119723, 0.032653179128, 0.09248171872, 0.14156680985, 0.085557095071],
      [0.0065736572771, 0.012727427444, 0.87615680619, 0, 0.10454210909],
      [0.026202375559, 0.019067370292, 0.024114612707, 0.92159741959, 0.009018221853],
      [0.017963787847, 0.62399814625, 0.11319865096, 0.14168778816, 0.10315162678],
      [0.035121090128, 0.034515617736, 0.13624110364, 0.40743632377, 0.38668586472]
    ],
    [
      [0.56291843181, 0.023836103279, 0.11773813587, 0.21144571147, 0.084061617578],
      [0.0046039935111, 0.0048935675163, 0.89499200052, 0.018327544233, 0.077182894221],
      [0, 0, 0.0070576888818, 0.99294231112, 0],
      [0.015306094669, 0.49638315582, 0.15532999562, 0.22422592512, 0.10875482878],
      [0.023507766797, 0.020585401209, 0.14371544234, 0.49231794684, 0.31987344281]
    ],
    [
      [0.57883156181, 0, 0.10770851113, 0.24874668901, 0.064713238047],
      [0, 0, 0.88225222301, 0.057287683142, 0.060460093845],
      [0, 0, 0, 1, 0],
      [0.020187881404, 0.24753838171, 0.27136514421, 0.34434408785, 0.11656450483],
      [0.025090665337, 0.0098464731556, 0.14392573109, 0.545684343, 0.27545278742]
    ],
    [
      [0.74216975115, 0.02052444978, 0.06586610006, 0.12737222373, 0.044067475273],
      [0.052046007201, 0.0076736244091, 0.85153873934, 0.017163912024, 0.071577717022],
      [0.017000825188, 0.0071766463398, 0, 0.97573505564, 8.7472835232e-05],
      [0.033026259737, 0.56928574562, 0.12248798493, 0.19412643547, 0.08107357424],
      [0.056559003161, 0.030085351995, 0.13584681498, 0.50008155835, 0.27742727151]
    ],
    [
      [0.50381260478, 0.028562302378, 0.12672769892, 0.23420189842, 0.1066954955],
      [0.0069499308312, 0.0046667219873, 0.88069128987, 0.016977326335, 0.090714730978],
      [0.0010448541862, 0, 0.00381524472, 0.9948096974, 0.00033020369216],
      [0.012164550364, 0.49606035977, 0.14752255295, 0.22221133015, 0.12204120677],
      [0.018570648169, 0.021390214364, 0.13445951246, 0.47594152692, 0.34963809808]
    ],
    [
      [0.56882073215, 0.036723278219, 0.10608462264, 0.1936080298, 0.094763337186],
      [0.0090942902136, 0.010373834193, 0.87292560314, 0.013148386525, 0.094457885928],
      [0.00085442894451, 0.01566607558, 0.006930459333, 0.97258009809, 0.0039689380524],
      [0.01277090611, 0.60044338233, 0.11554282316, 0.16996308342, 0.10127980498],
      [0.02435080305, 0.032118062864, 0.13011580931, 0.45320414627, 0.3602111785]
    ],
    [
      [0.62435952556, 0.045996401703, 0.11110466202, 0.16103948942, 0.057499921288],
      [0.0013164169779, 0.021248255821, 0.91768530356, 0, 0.059750023642],
      [0.01504061977, 0.035395465409, 0.033790135915, 0.91213508031, 0.0036386985934],
      [0.014487155522, 0.68025258851, 0.11615048696, 0.13079423908, 0.058315529938],
      [0.035076135745, 0.05010911387, 0.16897456614, 0.47771529266, 0.26812489158]
    ],
    [
      [0.62744708248, 0.033224263781, 0.10937291728, 0.14661956107, 0.083336175391],
      [0, 0, 0.9105395924, 0, 0.089460407596],
      [0.03379431258, 0.035714040747, 0.071288272212, 0.85328943914, 0.0059139353236],
      [0.017386476475, 0.6024751068, 0.13623491097, 0.14313942996, 0.1007640758],
      [0.03334556495, 0.034321202326, 0.16113551915, 0.40616193909, 0.36503577449]
    ],
    [
      [0.60488738963, 0.039486895135, 0.11052893318, 0.15617708634, 0.088919695714],
      [0, 0, 0.90696267877, 0, 0.09303732123],
      [0.024191102532, 0.060733805718, 0.039478686629, 0.86891153819, 0.0066848669358],
      [0.014119413162, 0.63229023598, 0.12994689125, 0.12636756452, 0.097275895093],
      [0.028941725603, 0.040213133618, 0.15528395947, 0.40530853317, 0.37025264814]
    ],
    [
      [0.60801596061, 0.03870356704, 0.11972977465, 0.16576766504, 0.067783032658],
      [0, 0, 0.9343552895, 0, 0.065644710505],
      [0.027221113496, 0.044944015251, 0.045643691212, 0.8790682697, 0.0031229103374],
      [0.015540237945, 0.62560703873, 0.13869730121, 0.14535842094, 0.074797001177],
      [0.032802055695, 0.040006124298, 0.17382478457, 0.45845882227, 0.29490821317]
    ],
    [
      [0.66514945953, 0.022001399508, 0.098271334584, 0.13688424872, 0.07769355766],
      [0, 0, 0.91057474646, 0, 0.089425253536],
      [0.058109703557, 0, 0.071207910394, 0.8664031705, 0.0042792155502],
      [0.037951016061, 0.50644042414, 0.16257200087, 0.17124884646, 0.12178771248],
      [0.037347226183, 0.02317918508, 0.15841535574, 0.41077456733, 0.37028366567]
    ],
    [
      [0.73486875249, 0.015690464499, 0.069321087323, 0.11091214616, 0.069207549532],
      [0.02168968871, 0, 0.86679184381, 0, 0.11151846748],
      [0.044535366691, 0.00042453493234, 0.01834989999, 0.93023482494, 0.0064553734471],
      [0.036495628803, 0.4903221891, 0.14635527774, 0.18440986798, 0.14241703636],
      [0.052422395331, 0.019955338157, 0.13174512204, 0.40054018324, 0.39533696123]
    ],
    [
      [0.78876158084, 0.029596844444, 0.055434475992, 0.082355294367, 0.043851804354],
      [0.01635947777, 0.044070505381, 0.85347661826, 0, 0.086093398594],
      [0.097322582651, 0.034513242146, 0.010162203605, 0.85391563992, 0.0040863316736],
      [0.029112402627, 0.70500813287, 0.089988105326, 0.10504817519, 0.070843183992],
      [0.069302443337, 0.054679174733, 0.13923636463, 0.4000078762, 0.3367741411]
    ],
    [
      [0.58856782507, 0.038115814987, 0.10045711878, 0.17902987607, 0.093829365096],
      [0.011439157282, 0.012229034176, 0.86586134316, 0.010431891217, 0.10003857417],
      [0.0065042929806, 0.020915193624, 0.0089500678233, 0.95786325742, 0.0057671881523],
      [0.014327994987, 0.61511162147, 0.11061956984, 0.15850471807, 0.10143609564],
      [0.027413349866, 0.035199533734, 0.12889840445, 0.44015036468, 0.36833834727]
    ],
    [
      [0.54391000297, 0.047477116018, 0.12410107518, 0.22515993877, 0.059351867065],
      [0.0070795107223, 0.018415359919, 0.91019529035, 0.016441583104, 0.047868255905],
      [0, 0.016477836307, 0.00039338955873, 0.98312877413, 0],
      [0.01104086545, 0.651405929, 0.11518494623, 0.16838273554, 0.053985523772],
      [0.024863803341, 0.043021097154, 0.15698963975, 0.54514743664, 0.22997802311]
    ],
    [
      [0.46760441446, 0.025186725437, 0.10587946406, 0.24637587033, 0.15495352571],
      [0.01414551971, 0.0062025869183, 0.73395979097, 0.099851191989, 0.14584091041],
      [0, 0, 0, 0.99813214671, 0.0018678532891],
      [0.0093450897036, 0.45742489464, 0.1219517829, 0.23389364315, 0.1773845896],
      [0.012026174053, 0.015704965299, 0.094311916399, 0.43523870218, 0.44271824207]
    ],
    [
      [0.54230745813, 0.0098708069811, 0.098594463952, 0.22737118362, 0.12185608731],
      [0.0091249113755, 0, 0.75222966434, 0.12585382227, 0.11279160202],
      [0, 0, 0, 1, 0],
      [0.019932800024, 0.24259689476, 0.17416188792, 0.35270251797, 0.21060589932],
      [0.024960368234, 0, 0.10408334572, 0.46728238396, 0.40367390208]
    ],
    [
      [0.6521073048, 0.022215853755, 0.080573543361, 0.16223762963, 0.082865668452],
      [0.040192482863, 0.0060051769246, 0.82707372918, 0.019001105846, 0.10772750518],
      [0.003601026629, 0.0030216282135, 0, 0.99049124396, 0.0028861011953],
      [0.022264837077, 0.51764000394, 0.12504820707, 0.20749438652, 0.12755256538],
      [0.033882417769, 0.022435648881, 0.11646475588, 0.45610998892, 0.37110718855]
    ],
    [
      [0.58147895804, 0.029755297348, 0.11651920151, 0.2035324107, 0.068714132397],
      [0.010521308867, 0.003654515253, 0.90221722211, 0.019965008071, 0.063641945703],
      [0.0036490185889, 0.003560283027, 0.01051768839, 0.98227300999, 0],
      [0.016201119892, 0.54631387606, 0.14598441338, 0.20742673409, 0.084073856575],
      [0.028347480929, 0.027125271804, 0.15387923448, 0.51539951252, 0.27524850027]
    ],
    [
      [0.4306354703, 0.044215674185, 0.16597575609, 0.27876315363, 0.080409945787],
      [0.0051045581436, 0.0069656166744, 0.91986059209, 0.016521435898, 0.051547797194],
      [0, 0.0048786307834, 0.014971315521, 0.9801500537, 0],
      [0.0083533573116, 0.5697774989, 0.14911515831, 0.2026523843, 0.070101601168],
      [0.016043048919, 0.031193176455, 0.16790279205, 0.53968698112, 0.24517400146]
    ],
    [
      [0.50672984131, 0.034251722782, 0.13829646148, 0.23584494405, 0.084877030373],
      [0.0068243816171, 0.0028877276668, 0.90528049597, 0.01753031731, 0.067477077441],
      [0.0021264216014, 0.0024278668772, 0.01568012894, 0.97976558258, 0],
      [0.012154672827, 0.5380396093, 0.15115357505, 0.20861219862, 0.090039944198],
      [0.02108751463, 0.026289225563, 0.15593472577, 0.50858327795, 0.28810525608]
    ],
    [
      [0.59015877373, 0.024345448279, 0.093885239789, 0.1660122948, 0.1255982434],
      [0.010563006092, 0.0069751906266, 0.83877911387, 0.0094733158204, 0.13420937359],
      [0.0062556722553, 0.009624776654, 0.014335117931, 0.9580560181, 0.011728415056],
      [0.01556980464, 0.5290756452, 0.12195161488, 0.1734323127, 0.15997062258],
      [0.023157212601, 0.020442756532, 0.11099421795, 0.37562765366, 0.46977815926]
    ],
    [
      [0.61510072637, 0.03257310733, 0.10090741693, 0.17513883768, 0.076279911693],
      [0.013345740202, 0.010287367926, 0.88130791467, 0.011788638236, 0.083270338962],
      [0.0089777764471, 0.014943928516, 0.0099343106612, 0.96305817969, 0.0030858046808],
      [0.017889215438, 0.58588663459, 0.12611496331, 0.17653899177, 0.093570194894],
      [0.032685025528, 0.032703202531, 0.14131634454, 0.47009464714, 0.32320078026]
    ],
    [
      [0.73480195829, 0.016354043324, 0.054891408534, 0.15441065129, 0.039541938563],
      [0.066367685124, 0.0067593237216, 0.82597497834, 0.046654412196, 0.054243600617],
      [0, 9.2518585385e-18, 0, 1, 2.8246972518e-33],
      [0.022025906377, 0.65267901018, 0.096910877017, 0.16937095046, 0.059013255965],
      [0.055148049444, 0.022209945603, 0.11136967023, 0.55650855432, 0.2547637804]
    ],
    [
      [0.58250711146, 0.037026507387, 0.1060601392, 0.1915466621, 0.082859579846],
      [0.011244281804, 0.012578291287, 0.8743453525, 0.016496980214, 0.085335094198],
      [0.0066108683302, 0.017998747732, 0.0019264161357, 0.97088760076, 0.0025763670445],
      [0.01512727082, 0.59909729705, 0.11836496101, 0.17567872959, 0.091731741527],
      [0.028538183291, 0.034733444271, 0.13637984158, 0.47594922941, 0.32439930145]
    ],
    [
      [0.67407280697, 0.03060646828, 0.083195748058, 0.15525451634, 0.05687046036],
      [0.030800200965, 0.013541009776, 0.86225525302, 0.019436509791, 0.073967026452],
      [0.0061036245324, 0.019209358011, 0, 0.97360051039, 0.001086507067],
      [0.021991934141, 0.61187483649, 0.11253623148, 0.17629837187, 0.077298626014],
      [0.042082990474, 0.03672841726, 0.13798856997, 0.49554021159, 0.28765981071]
    ],
    [
      [0.63480905729, 0.028520875383, 0.090484180165, 0.17900115898, 0.067184728184],
      [0.028404839355, 0.02240048629, 0.84070165045, 0.032346976601, 0.076146047307],
      [0, 0, 3.6400754906e-17, 1, 1.448394036e-33],
      [0.016531787867, 0.57266334582, 0.11867720262, 0.20310193018, 0.089025733509],
      [0.029423197849, 0.028983606862, 0.12944532664, 0.50953978548, 0.30260808317]
    ],
    [
      [0.64528013561, 0.034317512595, 0.10570626481, 0.14469406124, 0.070002025742],
      [0, 0, 0.92306339566, 0, 0.076936604339],
      [0.040272752281, 0.046577593782, 0.033124812966, 0.8758854879, 0.0041393530685],
      [0.019546909554, 0.61594103138, 0.13823487331, 0.13957972464, 0.086697461114],
      [0.038341356893, 0.038490779404, 0.16596562255, 0.43028496584, 0.32691727531]
    ],
    [
      [0.63716458336, 0.029910497556, 0.097638670223, 0.1250840033, 0.11020224556],
      [0, 0, 0.86643627947, 0, 0.13356372053],
      [0.048751498148, 0.042565771621, 0.079876740023, 0.81855596333, 0.010250026874],
      [0.017491311731, 0.58779682272, 0.12800496574, 0.12648434413, 0.14022255567],
      [0.030740184041, 0.029587098056, 0.13966155625, 0.33297560633, 0.46703555532]
    ],
    [
      [0.66160274537, 0.024912282893, 0.098578816473, 0.13525232823, 0.079653827032],
      [0, 0, 0.90642064569, 0, 0.093579354312],
      [0.05577005356, 0.014015641707, 0.061429030391, 0.86337686869, 0.0054084056527],
      [0.023299585155, 0.54741669738, 0.15370606575, 0.15773060826, 0.11784704346],
      [0.03868517131, 0.027210892146, 0.15524454096, 0.40414105492, 0.37471834067]
    ],
    [
      [0.66232263424, 0.030126313766, 0.065333349325, 0.14007681882, 0.10214088385],
      [0.062103234743, 0.015012926673, 0.75757662533, 0.011584451856, 0.1537227614],
      [0.0075301343347, 0.023565061833, 0, 0.95618668249, 0.012718121341],
      [0.022330838272, 0.59416481599, 0.08968415831, 0.15546878401, 0.13835140342],
      [0.037346915681, 0.031611938645, 0.094115107434, 0.388776782, 0.44814925624]
    ],
    [
      [0.67639207164, 0.014003683471, 0.062051307811, 0.16457250727, 0.082980429809],
      [0.018833382229, 0, 0.79078920346, 0.059642075173, 0.13073533913],
      [0, 0, 0, 1, 0],
      [0.027739048901, 0.41083179855, 0.12129481655, 0.2805589599, 0.1595753761],
      [0.088462280677, 0, 0, 0.53349420872, 0.37804351061]
    ],
    [
      [0.49157366467, 0.029664973755, 0.099942383087, 0.22211205121, 0.15670692728],
      [0.013393654404, 0.024067824237, 0.7593603807, 0.047418162294, 0.15575997837],
      [0, 0, 0, 0.99577859224, 0.0042214077614],
      [0.011432688666, 0.49880767435, 0.11107561743, 0.20501053192, 0.17367348764],
      [0.016196953955, 0.019994090099, 0.094765018621, 0.40715384608, 0.46189009125]
    ],
    [
      [0.67456527991, 0.038534321553, 0.10042548763, 0.15473411572, 0.03174079519],
      [0.0098570089075, 0.019252308445, 0.9353161146, 0, 0.035574568045],
      [0.014303912487, 0.019643397834, 0.014592074713, 0.95028229604, 0.0011783189228],
      [0.015352820402, 0.68756475601, 0.11730510377, 0.14364931113, 0.036128008686],
      [0.039957285263, 0.050100454366, 0.18273949008, 0.54801073783, 0.17919203246]
    ],
    [
      [0.30325401064, 0.090652151812, 0.1531249109, 0.32255085318, 0.13041807347],
      [0, 0.10101848697, 0.79271097231, 0.017883004036, 0.088387536676],
      [0, 0.013786435735, 0, 0.98621356427, 0],
      [0.0021870970865, 0.71801559509, 0.078180647341, 0.13545944477, 0.066157215712],
      [0.007839343811, 0.052142298239, 0.12134615669, 0.49425363965, 0.32441856161]
    ],
    [
      [0.56090865473, 0.021567823638, 0.12092764799, 0.19881622898, 0.097779644665],
      [0.0091204897043, 0, 0.88953649327, 0.012022412772, 0.089320604258],
      [0.00028836763843, 0, 0.02526619193, 0.97168063238, 0.0027648080465],
      [0.02999530998, 0.44453970418, 0.1688923182, 0.22302844505, 0.1335442226],
      [0.024531683393, 0.018247040855, 0.14462510809, 0.45542626252, 0.35716990514]
    ],
    [
      [0.60146721671, 0.023229746081, 0.093795613879, 0.15648779133, 0.125019632],
      [0.0095604565665, 0.0065537037386, 0.83997638829, 0.0075525501108, 0.13635690129],
      [0.0067221147561, 0.0087250008764, 0.021572621742, 0.94888437074, 0.014095891885],
      [0.014911860732, 0.50315937368, 0.13261487815, 0.17614618745, 0.17316769998],
      [0.021268621658, 0.02004617038, 0.11518471339, 0.36499460646, 0.47850588811]
    ],
    [
      [0.5374407235, 0.035573855684, 0.11439892612, 0.21778362379, 0.094802870909],
      [0.011384455664, 0.0086483560391, 0.87442566795, 0.016238986581, 0.089302533762],
      [0.0022407055611, 0.0093082995548, 0, 0.98733130646, 0.0011196884253],
      [0.012342678015, 0.57068315584, 0.12366570997, 0.19229126118, 0.10101719499],
      [0.021718573512, 0.02912672004, 0.13151429865, 0.48202058317, 0.33561982462]
    ],
    [
      [0.62546597077, 0.029027534228, 0.082166513983, 0.1785257759, 0.084814205125],
      [0.052191959587, 0.037226339756, 0.78475555311, 0.018164434631, 0.10766171292],
      [0, 0.0050993913807, 0, 0.99356261601, 0.0013379926113],
      [0.017236866024, 0.57333884068, 0.10770644781, 0.191708375, 0.11000947048],
      [0.029391821101, 0.028258641733, 0.11057309076, 0.47415498779, 0.35762145862]
    ],
    [
      [0.32588450765, 0.060553915434, 0.13731901594, 0.31679920897, 0.15944335202],
      [0.003889847019, 0.087894566256, 0.74268411817, 0.045949279587, 0.11958218897],
      [0, 0, 0, 0.99948796031, 0.00051203968685],
      [0.00421055688, 0.62221494629, 0.09129443077, 0.17607076724, 0.10620929883],
      [0.0078699518074, 0.033716340262, 0.10214370669, 0.47601285491, 0.38025714634]
    ],
    [
      [0.63351835284, 0.030789489747, 0.10104946399, 0.16441139311, 0.070231300311],
      [0.0132468696, 0.0093634799038, 0.89378759039, 0.0062706653201, 0.077331394788],
      [0.0095480061064, 0.014237194687, 0.021504131243, 0.95112197977, 0.0035886881953],
      [0.01857412763, 0.58559084419, 0.13390510117, 0.17161574856, 0.090314178454],
      [0.034170813468, 0.032573296379, 0.15024382284, 0.46636708052, 0.31664498679]
    ],
    [
      [0.60357630175, 0.032615068697, 0.116401126, 0.20235964024, 0.045047863308],
      [0.0094902219563, 0.0034653004804, 0.92124200949, 0.024137008196, 0.041665459882],
      [0.0038213449846, 0.0071797038241, 0.010411348357, 0.97858760283, 0],
      [0.016040273242, 0.58657040247, 0.1420759666, 0.20175338627, 0.053559971414],
      [0.032600713754, 0.03381391319, 0.16993318463, 0.56344081978, 0.20021136865]
    ],
    [
      [0.59837717224, 0.029584151896, 0.10698643267, 0.1911456578, 0.07390658539],
      [0.011278447227, 0.0044101395719, 0.88810511114, 0.020748163207, 0.075458138856],
      [0.0065534082085, 0.0060137861267, 0.0074741096397, 0.9790083759, 0.00095032012618],
      [0.017401178301, 0.55384243384, 0.13648452886, 0.19971941572, 0.092552443282],
      [0.030318202651, 0.027954366462, 0.14441492489, 0.49455794066, 0.30275456533]
    ],
    [
      [0.61740797083, 0.043420111541, 0.10061180407, 0.16429693978, 0.074263173785],
      [0.009052967596, 0.027521665484, 0.88144718663, 0, 0.08197818029],
      [0.01459754609, 0.036095892468, 0.011164515413, 0.9339082571, 0.0042337889268],
      [0.016095895102, 0.65363019945, 0.10989181194, 0.14047568564, 0.07990640786],
      [0.033825846631, 0.04583932811, 0.1443567571, 0.45412649457, 0.32185157358]
    ],
    [
      [0.6018554978, 0.020411512439, 0.12102374974, 0.23620229356, 0.020506946457],
      [0, 0, 0.88651859273, 0.10501574297, 0.0084656643031],
      [0, 0, 0, 1, 0],
      [0.0059210345875, 0.38331941556, 0.17766022477, 0.40345437617, 0.029644948915],
      [0.027044632145, 0.021114261419, 0.18059836677, 0.67331319686, 0.097929542806]
    ],
    [
      [0.5885079437, 0.05246631093, 0.10947392432, 0.20203356972, 0.04751825133],
      [0.0002580114492, 0.030603259259, 0.90654951006, 0.018252808972, 0.044336410263],
      [0, 0.023740856223, 0, 0.97625914378, 0],
      [0.010963460478, 0.70091575647, 0.099927766529, 0.14590353032, 0.042289486205],
      [0.029863944543, 0.052584865482, 0.15877875915, 0.54641053878, 0.21236189205]
    ],
    [
      [0.57925485297, 0.018131054505, 0.10132633511, 0.18760235208, 0.11368540534],
      [0.012035203953, 0, 0.85322481426, 0.016162096974, 0.11857788481],
      [0.002492698125, 0, 0.0069143231611, 0.9838016578, 0.0067913209115],
      [0.018813036875, 0.42446757392, 0.15478466749, 0.23144070496, 0.17049401675],
      [0.034389386755, 0.0037091561693, 0.11996819158, 0.42776607499, 0.4141671905]
    ],
    [
      [0.69454483542, 0.016680622853, 0.10487376074, 0.1241668233, 0.05973395769],
      [0.014069630334, 0, 0.9220445191, 0.00084965764989, 0.063036192913],
      [0.010466724688, 0, 0.062257849995, 0.92151920624, 0.005756219074],
      [0.025847243593, 0.48060112793, 0.20155729202, 0.18203438317, 0.10995995329],
      [0.036423403415, 0.019942521916, 0.19024210263, 0.42068253565, 0.33270943639]
    ],
    [
      [0, 0, 0.35158019224, 0.64841980776, 0],
      [0, 0, 0.89398995215, 0.10601004785, 0],
      [0, 0, 0, 1, 0],
      [0, -0, 0.40576293653, 0.59423706347, 0],
      [0, 0, 0.2120200957, 0.7879799043, 0]
    ],
    [
      [0.73972744508, 0.028030183947, 0.076502580822, 0.13204110257, 0.023698687579],
      [0.017970209985, 0.016830388927, 0.91759107584, 0.016215525394, 0.031392799851],
      [0.0087354691127, 0.022816229754, 0.0017573547989, 0.96669094633, 0],
      [0.020537164774, 0.65664890482, 0.11710380126, 0.16996976927, 0.035740359879],
      [0.048052674566, 0.046131630101, 0.17043587142, 0.57094980558, 0.16443001833]
    ],
    [
      [0.56850517853, 0.042562469543, 0.11832675637, 0.20510843793, 0.065497157621],
      [0.0077479225674, 0.012901586949, 0.90356660526, 0.014538393387, 0.061245491836],
      [0.00089985947642, 0.020009829444, 0.0081482162432, 0.97070145971, 0.00024063512935],
      [0.012222896089, 0.63182539335, 0.12087171093, 0.16951180183, 0.065568197807],
      [0.026956428053, 0.040019615221, 0.15539236814, 0.51477731322, 0.26285427536]
    ],
    [
      [0.68677040213, 0.021111178206, 0.079621712586, 0.1567881456, 0.055708561477],
      [0.038423277816, 0.0050077000006, 0.85152092088, 0.032516815462, 0.072531285846],
      [0, 0.0042193992454, 0, 0.99578060075, 0],
      [0.025530518215, 0.53529800204, 0.13324937396, 0.21407984766, 0.091842258125],
      [0.042194717805, 0.024745138636, 0.13232703221, 0.51191092571, 0.28882218564]
    ],
    [
      [0.60565404906, 0.015574716584, 0.12621674049, 0.21006314815, 0.042491345718],
      [0.019129385829, 0, 0.94053261424, 0.014843114575, 0.025494885359],
      [0, 0, 0.0098565534824, 0.99014344652, 0],
      [0.022018305811, 0.40671890484, 0.21413902789, 0.28642075624, 0.070703005215],
      [0.035223491126, 0.010976516207, 0.1825789418, 0.58217564789, 0.18904540298]
    ],
    [
      [0.70490894188, 0.020139715794, 0.063778132266, 0.12742640984, 0.083746800224],
      [0.026730577038, 0.0083048673381, 0.81637721024, 0.014747309692, 0.13384003569],
      [0.0064145352967, 0.0097897847314, 0, 0.97595976033, 0.0078359196431],
      [0.019420794704, 0.5459405663, 0.11066037748, 0.18004420643, 0.14393405508],
      [0.030410038456, 0.023658643728, 0.10467959111, 0.40727574997, 0.43397597673]
    ],
    [
      [0.76099933684, 0, 0.054727647647, 0.095042278428, 0.08923073709],
      [0.032212061517, 0, 0.80573827406, 0, 0.16204966443],
      [0.048986430521, 0, 0.010403025226, 0.92479885356, 0.015811690697],
      [0.061261311501, 0.25, 0.17155704955, 0.24538686534, 0.27179477362],
      [0.055176801701, 0, 0.099314662941, 0.3392448002, 0.50626373516]
    ],
    [
      [0.6879568459, 0.024014116204, 0.061986014028, 0.13890248656, 0.08714053731],
      [0.079740966685, 0.010530730675, 0.75455913848, 0.016522053242, 0.13864711091],
      [0.004122433375, 0.012969217177, 0, 0.97785600855, 0.0050523408977],
      [0.024246732128, 0.56494770319, 0.096925451249, 0.17832116621, 0.13555894723],
      [0.038217686274, 0.026842735487, 0.097257816838, 0.41546762027, 0.42221414113]
    ],
    [
      [0.46949758726, 0.05916567642, 0.14527832274, 0.25745236228, 0.068606051305],
      [0.0078727146981, 0.026552509956, 0.89543316305, 0.018113842093, 0.0520277702],
      [0, 0.027982415908, 0, 0.97201758409, 0],
      [0.0073812714032, 0.66870422102, 0.10830456106, 0.16376975543, 0.051840191094],
      [0.018239087613, 0.048000253639, 0.1587524764, 0.5449768303, 0.23003135205]
    ],
    [
      [0.49337256266, 0.043015888091, 0.132917715, 0.2397285449, 0.090965289344],
      [0.0062172654512, 0.0098153416595, 0.88892160807, 0.019937908411, 0.075107876409],
      [0.001482992716, 0.013500132076, 0.0023781782672, 0.98223690638, 0.00040179056192],
      [0.010493355013, 0.59131906507, 0.12640938014, 0.18662127836, 0.085156921413],
      [0.020023265169, 0.033535015172, 0.14431911131, 0.50215801053, 0.29996459782]
    ],
    [
      [0.62158999263, 0.022005951186, 0.088704555712, 0.15371804686, 0.11398145361],
      [0.014602349152, 0.0022747326241, 0.84042472498, 0.0035670331111, 0.13913116013],
      [0.010782246411, 0.0046294069853, 0.018118727364, 0.95370030367, 0.012769315574],
      [0.020683571173, 0.49183095981, 0.13434074116, 0.18398401338, 0.16916071447],
      [0.028965628536, 0.019717590885, 0.11592617563, 0.38314144101, 0.45224916394]
    ],
    [
      [0.67439316216, 0.022817198229, 0.070817357149, 0.13837968885, 0.093592593606],
      [0.035129392913, 0.0087294635198, 0.8076800295, 0.012341994204, 0.13611911987],
      [0.018048362793, 0.012119679483, 0, 0.96095171593, 0.0088802417897],
      [0.027046944338, 0.53024274596, 0.11454375693, 0.17996609014, 0.14820046263],
      [0.040450353277, 0.024668262445, 0.10733805267, 0.40087484063, 0.42666849098]
    ],
    [
      [0.56711640064, 0.016470045547, 0.13992158393, 0.21961690363, 0.056875066246],
      [0, 0.0015993201012, 0.93837377005, 0.017933103827, 0.042093806019],
      [0, 0, 0.027828303235, 0.97217169676, 0],
      [0.01878608692, 0.41988184232, 0.20883150348, 0.26724742446, 0.085253142824],
      [0.00025075813887, 0.026463159369, 0.19540995172, 0.54819337333, 0.22968275744]
    ]
  ],
  "expected_outcome": [
    [
      [30.8937605974, 22.4157666626, 36.8963670922, 25.1012382646, 25.5998535967, 6.7696971301, 4, 6.4774119723, 4.5033474544, 2.894157809, 8.1638672627, 3.0228756287, 6.2570280537, 9.3653928835, 7.5293649898, 2.4195495585, 15.8084149758, 3.9908967572, 6.6138187724, 3.1550463234, 7.0628139008, 8.7025600475, 0.46760441446, 3.2538447488, 3.9126438288, 12.792537077, 10.7658867576, 13.1749758741, 2.9507938687, 17.2228203382, 3.6740097915, 19.8052417897, 9.4370192975, 0.63480905729, 23.2300848821, 3.8229875002, 10.5856439259, 14.5710979534, 3.3819603582, 2.949441988, 2.6982611196, 0.90976203192, 10.6572644398, 0.60146721671, 3.224644341, 1.8763979123, 0.6517690153, 5.7016651756, 15.0894075439, 17.3529379951, 26.5485427456, 1.8055664934, 10.5931429866, 4.0547839708, 1.3890896708, 0, 0.73972744508, 10.2330932135, 4.8073928149, 4.2395783434, 0, 4.565996021, 4.8156979213, 1.877990349, 23.6818830076, 4.3511299484, 59.3465982705, 7.939629609],
      [1.6203483953, 1.4534730453, 2.8936143422, 1.3444682812, 1.6761281972, 0.0552380088, 0.55516755684, 0.32653179128, 0.19068882623, 0, 0.22576894758, 0.17137381427, 0.4039560604, 0.68994602554, 0.39869116538, 0.15794758054, 1.006292743, 0.13200839705, 0.1412141805, 0.11838737778, 0.45738977985, 0.7596338563, 0.025186725437, 0.059224841886, 0.13329512253, 0.65461654165, 1.1053918546, 0.89054479233, 0.1217272414, 0.91204700524, 0.081770216621, 1.2589012511, 0.42849055592, 0.028520875383, 1.2354304534, 0.17946298534, 0.39859652629, 0.66277890285, 0.070018417357, 0.17798984253, 0.15413728621, 0.27195645544, 0.40978864913, 0.023229746081, 0.21344313411, 0.087082602684, 0.12110783087, 0.27710540772, 0.81537671743, 0.85794040499, 1.8670647963, 0.061234537318, 0.94439359675, 0.12691738154, 0.033361245706, 0, 0.028030183947, 0.76612445178, 0.14777824744, 0.10902301609, 0, 0, 0.16809881343, 0.23666270568, 2.0647626284, 0.1540416583, 2.0079134442, 0.23058063766],
      [4.6548039387, 4.327526733, 9.1892937138, 3.8837906819, 4.8742718996, 0.81040211035, 1.8814662887, 0.9248171872, 0.94190508694, 0.53854255565, 0.72452710066, 0.76036619355, 1.1669308491, 1.6665699303, 1.3124750073, 0.44211573271, 3.112974141, 0.5896280075, 0.62388978591, 0.22173790397, 1.2054854253, 1.9856172028, 0.10587946406, 0.59156678371, 0.48344126017, 2.5634224332, 4.1493939023, 3.5957079986, 0.46942619894, 2.8254076741, 0.27445704267, 3.6060447329, 1.1647404728, 0.090484180165, 3.8054255332, 0.58583202134, 1.5772610636, 1.4373336851, 0.31025653906, 0.59965429852, 0.40170195051, 0.45937473269, 2.2976253117, 0.093795613879, 0.6863935567, 0.24649954195, 0.27463803187, 0.90944517588, 2.9100281499, 3.1026065475, 4.3263075748, 0.36307124922, 1.9705306377, 0.70928434578, 0.20974752149, 0, 0.076502580822, 2.1298816147, 0.5573519881, 0.88351718343, 0, 0.32836588588, 0.43390209819, 0.58111329094, 6.3800503202, 0.62093188998, 6.2319274291, 1.958902175],
      [7.7575803845, 7.0218811724, 14.31953226, 6.5549997057, 7.9417264841, 1.7815497747, 2.7834903254, 1.4156680985, 1.6915656918, 1.2437334451, 1.4010944611, 1.4052113905, 2.1296883278, 2.4155923413, 1.7594347328, 0.62470834537, 4.3099592911, 0.82130549234, 0.99820931542, 0.32942117747, 2.1483585129, 3.6025590203, 0.24637587033, 1.3642271017, 0.9734257778, 4.4777130354, 6.9690788407, 6.1319685453, 0.830061474, 4.903887455, 0.77205325644, 6.5125865115, 2.1735632287, 0.17900115898, 5.2089862046, 0.75050401979, 2.1640372517, 3.081690014, 0.82286253636, 1.3326723073, 0.61893646288, 0.96765255953, 3.7775083507, 0.15648779133, 1.3067017427, 0.53557732769, 0.63359841793, 1.479702538, 5.0589910061, 5.5432240761, 7.0647684105, 0.70860688069, 3.636604255, 1.3132164645, 0.24833364659, 0, 0.13204110257, 3.6919518828, 1.0975170192, 1.4704420371, 0, 0.57025367057, 0.97231740594, 1.0298094491, 11.5069701554, 1.076026328, 12.1774126189, 3.0746366509],
      [3.0735066841, 2.7813523867, 5.7011925917, 3.1155030666, 3.9080198225, 0.58311297607, 1.7798758291, 0.85557095071, 0.67249294063, 0.32356619023, 0.484742228, 0.64017297301, 1.042396709, 0.86249881932, 1.0000341047, 0.35567878286, 1.7623588491, 0.46616134596, 0.62286794579, 0.17540721741, 1.1259523812, 0.94962987304, 0.15495352571, 0.73113652389, 0.49719401071, 1.5117109127, 2.0102486447, 2.2068027897, 0.62799121699, 2.1358375274, 0.19770969281, 2.8172257147, 0.79618644504, 0.067184728184, 2.5200729267, 0.66121347335, 1.2744612325, 2.2470994447, 0.41490214904, 0.94024156367, 0.12696318076, 0.39125422042, 1.8578132486, 0.125019632, 0.56881722545, 0.25444261538, 0.31888670403, 0.6320817028, 1.1261965827, 2.1432909763, 3.1933164728, 0.06152083937, 0.85532852393, 0.79579783736, 0.11946791538, 0, 0.023698687579, 1.1789488372, 0.38995993034, 0.29743942003, 0, 0.53538442254, 0.60998376117, 0.27442420522, 4.3663338885, 0.79787017528, 8.2361482374, 0.79625092745]
    ],
    [
      [7.6959654504, 3.5613418711, 2.2857351564, 6.286747516, 4.6487305465, 1.1092750787, 0, 0.36812480752, 0.14732779236, 0, 3.7993585257, 0.30579695657, 0.20916867491, 0.13032528081, 0, 0, 0, 0, 4.1644202322, 2.1758105434, 0.5605187068, 0.47432721839, 0.32534695333, 0.23724769576, 2.0096241431, 2.0411339202, 2.1592280947, 2.7911720814, 0.14788208529, 5.1648014582, 0.86277990661, 5.5321866474, 6.1292399921, 1.363432289, 0, 0, 0, 6.2103234743, 0.33900088011, 0.61610810257, 0.71956165024, 0, 0.82996456309, 0.19120913133, 0.55783832753, 1.9832944643, 0.11669541057, 1.2981932208, 1.9644759449, 2.7293842289, 2.5529368621, 0, 0.0095464236203, 0.55361938185, 0.18290519434, 0, 0.79068923935, 0.62758172796, 3.5349415591, 0.82256359064, 0.74845615708, 0.86972566097, 2.7111928673, 1.2596343517, 3.6619693508, 1.2704043762, 23.361046287, 0],
      [6.1512797578, 4.4718010942, 4.2264239918, 5.2992472063, 5.7573516364, 0, 0.5306374829, 0.71273593687, 0.15659416052, 0, 0.56017458187, 0.20533576744, 0.23859818643, 2.1035773263, 0, 0, 0, 0, 0, 5.8613772157, 0.59922267464, 1.2338291146, 0.14265949912, 0, 0.30025884623, 0.70897595909, 2.9464558533, 1.1810806157, 0.097652668773, 3.9812113873, 0.087871208381, 6.1885193134, 2.6946609454, 1.0752233419, 0, 0, 0, 1.5012926673, 0, 1.1071199149, 1.4054185165, 3.5356470441, 0, 0.13107407477, 0.42376944592, 1.4146009107, 2.6368369877, 0.91762103057, 0.71731719945, 1.0672537764, 7.7611096666, 0, 1.1323205926, 0, 0, 0, 0.74053711277, 1.0450285429, 0.46070840005, 0, 0.23253628547, 0, 0.35804484296, 4.248401593, 5.7812362374, 0.19790173829, 5.8050932406, 0.086363285463],
      [435.1014483498, 308.0103575348, 350.9194826049, 371.4528565067, 380.5848424531, 19.7949888674, 38.70825024, 49.0647811464, 28.6397440166, 28.2320711364, 62.1623279721, 38.7504167542, 20.0772888723, 90.8508450523, 203.9608686984, 132.4165511005, 407.3789062199, 161.1717301242, 166.4240340116, 113.5123902279, 42.4272058148, 60.9830844534, 16.8810751923, 19.5579712728, 41.3536864591, 175.0301410886, 389.1010304542, 370.2597228498, 11.7429075942, 341.0661629789, 10.7376747184, 430.1779134284, 171.58879535, 40.3536792214, 402.4556405081, 71.0477749166, 291.8674479116, 75.7576625332, 14.2342056624, 34.9305775121, 68.2780763659, 27.744884031, 80.9478208872, 16.7995277659, 42.8468577297, 29.8207110182, 22.2805235451, 87.5911838581, 190.6970959635, 214.9214368955, 248.5681066297, 15.9573346692, 33.5423318721, 39.2483414559, 11.9865787483, 1.7879799043, 40.3740073371, 73.1888950261, 78.3399247205, 40.4429024122, 22.8585618868, 21.7549333995, 25.6550107084, 143.2693060884, 523.5748271525, 73.1169510734, 537.1072196157, 50.6721835829],
      [3.1465599403, 1.2681418872, 1.3360369459, 2.4480317735, 0.40772362199, 3.1871385839, 0.20450071278, 0, 0.58648141547, 1.8332058605, 1.2529655778, 0.74700235875, 0.30241289007, 0, 0, 0, 0, 0, 0, 0, 0.51116266962, 1.101586068, 2.2965774158, 3.272199379, 0.95005529232, 3.8732115657, 6.9885673849, 7.1698997797, 0.13262642149, 4.5622029974, 0.60650735855, 8.1165142653, 3.8678654485, 1.5526548769, 0, 0, 0, 1.1584451856, 1.0735573531, 2.1812354655, 0, 0.62590514125, 1.0940395622, 0.15105100222, 0.79571034249, 0.69024851599, 1.3784783876, 0.61452520137, 4.9963606965, 5.021055496, 0, 1.8902833734, 0.67535393197, 0.74345646079, 0.011045549449, 0.2120200957, 0.71348311734, 1.1776098644, 2.9915470225, 0.63825392671, 0.41292467137, 0, 0.56174981021, 2.898214735, 11.7434280544, 0.31033188067, 8.2074261455, 0.96838760664],
