{
  "X": [
    [0, 8, 11, 13, 2],
    [0, 0, 3, 7, 0],
    [0, 4, 5, 8, 3],
    [0, 4, 4, 7, 2],
    [0, 5, 0, 11, 2],
    [0, 3, 1, 10, 0],
    [0, 4, 6, 17, 0],
    [1, 1, 0, 10, 0],
    [0, 4, 1, 4, 0],
    [0, 3, 2, 2, 0],
    [0, 14, 15, 21, 3],
    [1, 3, 1, 2, 0],
    [0, 8, 10, 10, 2],
    [3, 3, 12, 25, 3],
    [0, 0, 2, 4, 0],
    [0, 9, 27, 27, 6],
    [0, 1, 1, 4, 0],
    [1, 7, 4, 13, 2],
    [0, 3, 1, 7, 0],
    [3, 4, 6, 26, 2],
    [1, 34, 52, 114, 15],
    [1, 1, 2, 4, 2],
    [0, 2, 2, 9, 1],
    [1, 1, 3, 11, 2],
    [1, 6, 1, 10, 1],
    [1, 4, 1, 10, 2],
    [0, 1, 2, 11, 1],
    [0, 7, 3, 28, 8],
    [1, 5, 6, 11, 2],
    [0, 1, 7, 21, 1],
    [0, 6, 2, 13, 1],
    [0, 6, 5, 14, 4],
    [1, 4, 8, 34, 3],
    [0, 21, 10, 36, 9],
    [0, 6, 3, 8, 4],
    [0, 3, 3, 6, 1],
    [1, 2, 3, 5, 5],
    [0, 6, 5, 31, 2],
    [0, 6, 7, 12, 3],
    [1, 21, 12, 37, 8],
    [0, 4, 3, 17, 0],
    [0, 4, 3, 6, 1],
    [0, 4, 2, 4, 4],
    [2, 8, 11, 41, 4],
    [0, 5, 0, 2, 0],
    [0, 5, 2, 12, 2],
    [0, 7, 2, 15, 0],
    [0, 3, 3, 13, 1],
    [1, 19, 28, 69, 6],
    [1, 11, 10, 38, 1],
    [0, 7, 8, 45, 4],
    [1, 6, 10, 30, 3],
    [0, 14, 11, 44, 1],
    [3, 28, 72, 166, 12],
    [2, 10, 9, 51, 7],
    [0, 4, 11, 43, 1],
    [0, 13, 22, 65, 7],
    [1, 18, 56, 131, 15],
    [2, 5, 19, 68, 7],
    [0, 13, 10, 39, 2],
    [0, 12, 7, 21, 4],
    [2, 9, 14, 30, 1],
    [0, 9, 11, 8, 1],
    [1, 8, 17, 39, 1],
    [1, 12, 17, 41, 3],
    [1, 11, 25, 31, 2],
    [0, 15, 7, 19, 1],
    [2, 23, 68, 80, 6],
    [0, 7, 3, 27, 0],
    [3, 9, 13, 47, 6],
    [2, 1, 4, 13, 1],
    [1, 8, 32, 41, 8],
    [0, 18, 24, 81, 7],
    [1, 19, 24, 76, 3],
    [0, 11, 13, 26, 3],
    [1, 16, 17, 53, 4],
    [3, 32, 83, 144, 12],
    [2, 22, 37, 108, 8],
    [0, 19, 25, 63, 3],
    [0, 6, 10, 17, 4],
    [2, 10, 23, 47, 4],
    [1, 13, 18, 39, 2],
    [1, 5, 15, 30, 2],
    [1, 5, 7, 28, 1],
    [1, 13, 17, 60, 1],
    [0, 8, 13, 27, 3],
    [1, 18, 47, 99, 5],
    [0, 8, 18, 45, 5],
    [1, 18, 43, 91, 10],
    [0, 13, 10, 33, 1],
    [1, 20, 48, 111, 7],
    [3, 20, 54, 114, 14],
    [1, 17, 9, 45, 3],
    [0, 7, 6, 28, 3],
    [0, 4, 2, 11, 2],
    [0, 6, 9, 36, 0],
    [0, 12, 19, 55, 7],
    [1, 9, 8, 35, 2],
    [0, 5, 4, 13, 1],
    [5, 47, 38, 75, 15],
    [0, 6, 17, 51, 9],
    [0, 13, 12, 33, 2],
    [0, 5, 2, 0, 0],
    [1, 1, 4, 5, 1],
    [2, 10, 2, 14, 4],
    [2, 10, 0, 5, 4],
    [1, 0, 4, 3, 2],
    [0, 5, 2, 2, 1],
    [0, 9, 1, 6, 1],
    [0, 5, 1, 3, 0],
    [1, 7, 5, 14, 4],
    [1, 3, 5, 21, 1],
    [1, 0, 0, 4, 1],
    [0, 2, 2, 10, 0],
    [2, 6, 8, 8, 0],
    [0, 5, 2, 2, 0],
    [0, 1, 3, 4, 1],
    [1, 4, 10, 19, 0],
    [1, 5, 3, 6, 0],
    [1, 10, 7, 26, 1],
    [5, 28, 17, 52, 10],
    [2, 56, 52, 159, 26],
    [0, 16, 8, 29, 5],
    [0, 10, 1, 31, 0],
    [1, 6, 1, 4, 1],
    [0, 3, 0, 7, 1],
    [0, 7, 4, 7, 1],
    [3, 9, 15, 59, 7],
    [1, 25, 30, 90, 11],
    [0, 4, 1, 2, 0],
    [3, 27, 15, 36, 11],
    [1, 18, 8, 19, 3],
    [3, 15, 16, 46, 9],
    [0, 10, 2, 3, 0],
    [0, 1, 9, 19, 4],
    [0, 5, 1, 13, 1],
    [0, 5, 6, 15, 2],
    [0, 2, 1, 3, 1],
    [0, 3, 6, 6, 3],
    [2, 14, 3, 27, 2],
    [2, 6, 0, 4, 1],
    [0, 4, 10, 22, 3],
    [2, 35, 30, 86, 5],
    [0, 9, 1, 3, 1],
    [1, 13, 5, 14, 4],
    [0, 17, 19, 50, 9],
    [1, 28, 31, 116, 7],
    [4, 31, 66, 145, 23],
    [1, 16, 33, 47, 4],
    [1, 18, 10, 49, 7],
    [0, 11, 8, 27, 2],
    [1, 14, 6, 28, 4],
    [2, 20, 9, 31, 6],
    [3, 26, 28, 66, 5],
    [1, 34, 29, 65, 4],
    [2, 19, 8, 27, 4],
    [0, 15, 27, 66, 14],
    [1, 23, 33, 83, 8],
    [0, 18, 11, 19, 2],
    [0, 17, 17, 44, 12],
    [1, 18, 32, 86, 17],
    [1, 3, 2, 7, 2],
    [0, 7, 25, 56, 6],
    [2, 18, 37, 67, 11],
    [0, 4, 1, 4, 0],
    [1, 0, 2, 3, 0],
    [1, 3, 5, 9, 3],
    [1, 2, 2, 4, 1],
    [0, 9, 1, 15, 0],
    [2, 30, 100, 74, 6],
    [0, 5, 2, 4, 0],
    [0, 16, 15, 49, 6],
    [0, 24, 19, 24, 3],
    [0, 8, 10, 30, 9],
    [1, 3, 18, 26, 10],
    [2, 5, 12, 31, 3],
    [3, 4, 8, 11, 1],
    [0, 3, 5, 4, 2],
    [0, 4, 2, 16, 1],
    [0, 0, 3, 4, 0],
    [0, 6, 5, 9, 4],
    [0, 10, 5, 12, 1],
    [0, 2, 2, 4, 0],
    [0, 7, 2, 6, 2],
    [2, 13, 6, 34, 4],
    [1, 5, 13, 34, 3],
    [0, 4, 1, 2, 0],
    [0, 2, 0, 5, 0],
    [0, 2, 3, 11, 2],
    [0, 2, 7, 12, 1],
    [0, 1, 14, 31, 2],
    [0, 8, 15, 54, 4],
    [1, 12, 21, 167, 8],
    [0, 2, 2, 31, 2],
    [0, 9, 7, 40, 6],
    [0, 0, 2, 27, 2],
    [0, 18, 28, 206, 5],
    [2, 6, 16, 82, 6],
    [2, 11, 12, 17, 1],
    [0, 3, 1, 15, 0],
    [0, 3, 2, 4, 0],
    [1, 10, 4, 15, 0],
    [1, 7, 2, 13, 2],
    [3, 11, 11, 23, 3],
    [1, 14, 19, 31, 5],
    [1, 10, 8, 6, 3],
    [1, 1, 1, 4, 1],
    [0, 7, 7, 19, 2],
    [1, 7, 7, 27, 6],
    [1, 2, 17, 44, 3],
    [1, 10, 7, 27, 2],
    [0, 8, 6, 13, 1],
    [0, 5, 3, 3, 1],
    [1, 4, 1, 7, 1],
    [5, 18, 42, 175, 14],
    [0, 12, 48, 194, 11],
    [2, 11, 40, 131, 12],
    [0, 1, 0, 5, 1],
    [0, 5, 5, 9, 0],
    [0, 2, 2, 6, 1],
    [0, 0, 5, 6, 0],
    [1, 6, 8, 19, 5],
    [0, 8, 8, 19, 1],
    [1, 5, 4, 13, 2],
    [0, 1, 2, 9, 0],
    [0, 1, 1, 6, 0],
    [0, 2, 5, 21, 1],
    [0, 1, 4, 12, 1],
    [0, 4, 10, 30, 7],
    [1, 2, 5, 15, 6],
    [1, 15, 8, 28, 2],
    [0, 8, 8, 28, 1],
    [1, 1, 7, 7, 3],
    [1, 0, 3, 5, 0],
    [1, 22, 45, 32, 8],
    [0, 1, 6, 12, 3],
    [0, 1, 3, 3, 1],
    [0, 0, 4, 3, 1],
    [0, 4, 2, 0, 0],
    [0, 2, 2, 10, 0],
    [4, 35, 19, 60, 14],
    [0, 9, 7, 16, 0],
    [2, 46, 27, 128, 21],
    [6, 46, 92, 195, 23],
    [9, 65, 87, 233, 25],
    [2, 36, 24, 60, 11],
    [2, 11, 15, 34, 3],
    [3, 36, 48, 118, 16],
    [3, 18, 40, 28, 12],
    [0, 5, 2, 16, 0],
    [1, 16, 40, 91, 11],
    [2, 46, 71, 120, 12],
    [26, 313, 431, 875, 83],
    [2, 7, 11, 26, 1]
  ],
  "W": [
    [8, 11, 5, 2, 2, 4, 2],
    [2, 5, 1, 0, 0, 1, 1],
    [2, 5, 4, 1, 7, 1, 0],
    [6, 2, 1, 2, 2, 1, 3],
    [6, 3, 0, 2, 4, 3, 0],
    [3, 6, 1, 1, 0, 3, 0],
    [4, 10, 4, 3, 0, 5, 1],
    [1, 9, 0, 2, 0, 0, 0],
    [0, 3, 0, 2, 1, 3, 0],
    [1, 1, 0, 1, 4, 0, 0],
    [8, 17, 11, 10, 2, 4, 1],
    [1, 2, 1, 1, 0, 2, 0],
    [10, 3, 2, 6, 2, 6, 1],
    [8, 18, 8, 4, 3, 3, 2],
    [0, 2, 1, 2, 0, 1, 0],
    [11, 12, 13, 19, 3, 6, 5],
    [0, 3, 0, 1, 0, 0, 2],
    [2, 7, 2, 5, 4, 6, 1],
    [1, 5, 1, 1, 1, 1, 1],
    [6, 20, 2, 3, 4, 6, 0],
    [27, 98, 27, 24, 12, 20, 8],
    [3, 1, 1, 0, 2, 2, 1],
    [1, 11, 0, 0, 1, 1, 0],
    [6, 6, 1, 1, 0, 3, 1],
    [0, 5, 1, 1, 6, 3, 3],
    [4, 7, 1, 2, 4, 0, 0],
    [2, 5, 0, 3, 3, 1, 1],
    [5, 17, 1, 5, 3, 7, 8],
    [2, 9, 5, 1, 3, 4, 1],
    [2, 16, 7, 1, 2, 1, 1],
    [2, 13, 1, 1, 4, 1, 0],
    [4, 11, 1, 0, 4, 6, 3],
    [13, 18, 0, 5, 5, 6, 3],
    [11, 33, 4, 9, 8, 3, 8],
    [3, 8, 0, 2, 3, 3, 2],
    [1, 1, 1, 2, 2, 3, 3],
    [0, 4, 1, 4, 2, 4, 1],
    [4, 24, 1, 5, 0, 5, 5],
    [8, 5, 3, 1, 5, 2, 4],
    [8, 31, 5, 12, 4, 17, 2],
    [3, 10, 1, 5, 2, 3, 0],
    [5, 3, 0, 0, 1, 4, 1],
    [1, 4, 0, 3, 1, 3, 2],
    [20, 23, 4, 2, 6, 9, 2],
    [1, 1, 0, 2, 2, 1, 0],
    [3, 6, 1, 5, 3, 3, 0],
    [6, 7, 0, 3, 3, 3, 2],
    [3, 9, 2, 1, 3, 2, 0],
    [6, 58, 12, 14, 12, 16, 5],
    [6, 31, 3, 6, 11, 4, 0],
    [8, 29, 3, 10, 5, 3, 6],
    [10, 19, 3, 2, 8, 5, 3],
    [12, 32, 7, 7, 5, 4, 3],
    [36, 152, 30, 24, 13, 22, 4],
    [8, 51, 8, 5, 0, 2, 5],
    [3, 40, 4, 6, 1, 4, 1],
    [5, 66, 6, 10, 4, 12, 4],
    [12, 125, 29, 15, 7, 21, 12],
    [11, 48, 10, 8, 10, 9, 5],
    [8, 29, 4, 10, 3, 7, 3],
    [2, 14, 3, 6, 14, 5, 0],
    [15, 21, 5, 9, 1, 5, 0],
    [4, 8, 4, 7, 0, 5, 1],
    [12, 27, 10, 8, 2, 4, 3],
    [10, 33, 5, 13, 6, 3, 4],
    [6, 22, 17, 9, 7, 5, 4],
    [8, 12, 4, 5, 5, 7, 1],
    [28, 75, 36, 21, 10, 7, 2],
    [2, 13, 1, 7, 11, 3, 0],
    [4, 32, 5, 7, 16, 10, 4],
    [0, 9, 3, 5, 4, 0, 0],
    [15, 28, 15, 15, 8, 7, 2],
    [9, 75, 5, 16, 8, 11, 6],
    [11, 55, 7, 17, 19, 10, 4],
    [4, 23, 7, 2, 7, 9, 1],
    [8, 41, 9, 17, 9, 4, 3],
    [28, 128, 26, 32, 23, 21, 16],
    [18, 86, 20, 18, 12, 15, 8],
    [8, 47, 13, 16, 10, 14, 2],
    [5, 17, 5, 4, 3, 1, 2],
    [8, 37, 10, 10, 8, 8, 5],
    [8, 31, 6, 13, 7, 3, 5],
    [4, 20, 7, 9, 6, 4, 3],
    [6, 19, 1, 8, 3, 2, 3],
    [10, 38, 13, 9, 8, 8, 6],
    [6, 16, 4, 12, 3, 7, 3],
    [21, 101, 15, 11, 5, 13, 4],
    [7, 32, 10, 8, 5, 9, 5],
    [8, 107, 20, 14, 4, 3, 7],
    [1, 28, 7, 12, 6, 2, 1],
    [15, 101, 20, 22, 9, 18, 2],
    [21, 111, 21, 24, 10, 13, 5],
    [7, 33, 10, 11, 7, 5, 2],
    [3, 22, 0, 5, 8, 5, 1],
    [0, 8, 0, 3, 4, 2, 2],
    [4, 27, 4, 5, 3, 6, 2],
    [5, 49, 3, 11, 2, 16, 7],
    [9, 24, 1, 7, 6, 7, 1],
    [1, 9, 1, 4, 4, 2, 2],
    [11, 46, 10, 30, 28, 49, 6],
    [9, 47, 9, 6, 8, 2, 2],
    [7, 28, 6, 6, 5, 6, 2],
    [1, 0, 0, 1, 4, 1, 0],
    [3, 5, 1, 1, 2, 0, 0],
    [4, 8, 2, 5, 8, 3, 2],
    [0, 2, 1, 5, 9, 3, 1],
    [1, 1, 2, 0, 3, 2, 1],
    [0, 2, 1, 2, 2, 3, 0],
    [2, 4, 0, 2, 7, 2, 0],
    [0, 1, 1, 1, 3, 2, 1],
    [2, 9, 2, 5, 9, 3, 1],
    [6, 7, 4, 2, 5, 3, 4],
    [1, 3, 0, 0, 1, 1, 0],
    [2, 7, 0, 2, 0, 3, 0],
    [5, 4, 2, 3, 6, 4, 0],
    [0, 2, 2, 4, 0, 1, 0],
    [0, 3, 1, 3, 2, 0, 0],
    [0, 17, 6, 1, 6, 3, 1],
    [4, 0, 0, 1, 8, 1, 1],
    [2, 17, 3, 8, 6, 9, 0],
    [4, 47, 10, 15, 15, 14, 7],
    [13, 150, 30, 47, 5, 32, 18],
    [4, 24, 5, 7, 8, 4, 6],
    [6, 21, 0, 6, 4, 5, 0],
    [1, 3, 0, 3, 2, 2, 2],
    [1, 4, 0, 1, 2, 2, 1],
    [1, 4, 3, 3, 5, 2, 1],
    [8, 52, 4, 13, 5, 7, 4],
    [11, 72, 18, 13, 9, 28, 6],
    [0, 1, 0, 4, 1, 1, 0],
    [4, 32, 12, 14, 15, 12, 3],
    [2, 19, 4, 10, 9, 2, 3],
    [7, 37, 10, 8, 9, 13, 5],
    [0, 1, 0, 5, 6, 3, 0],
    [1, 23, 3, 3, 0, 3, 0],
    [0, 11, 2, 3, 0, 3, 1],
    [2, 10, 5, 5, 2, 3, 1],
    [1, 1, 0, 1, 2, 2, 0],
    [2, 5, 3, 3, 4, 0, 1],
    [2, 25, 3, 6, 3, 7, 2],
    [3, 3, 0, 3, 2, 1, 1],
    [4, 15, 6, 6, 1, 6, 1],
    [6, 97, 16, 18, 10, 7, 4],
    [3, 1, 0, 5, 4, 1, 0],
    [4, 9, 3, 7, 10, 2, 2],
    [4, 50, 17, 8, 4, 7, 5],
    [8, 106, 14, 15, 11, 18, 11],
    [7, 138, 42, 23, 10, 33, 16],
    [3, 45, 21, 10, 3, 16, 3],
    [7, 31, 5, 11, 12, 15, 4],
    [1, 20, 6, 7, 2, 10, 2],
    [4, 27, 4, 5, 5, 4, 4],
    [4, 27, 5, 10, 8, 12, 2],
    [8, 66, 15, 14, 8, 15, 2],
    [10, 49, 15, 33, 10, 13, 3],
    [3, 16, 10, 14, 4, 10, 3],
    [9, 58, 17, 10, 3, 16, 9],
    [4, 82, 18, 11, 5, 23, 5],
    [6, 17, 7, 5, 9, 3, 3],
    [4, 41, 9, 16, 5, 12, 3],
    [13, 87, 10, 15, 6, 9, 14],
    [1, 6, 2, 2, 3, 0, 1],
    [8, 40, 9, 21, 5, 7, 4],
    [7, 54, 16, 24, 11, 13, 10],
    [0, 1, 1, 2, 4, 1, 0],
    [0, 1, 2, 2, 1, 0, 0],
    [1, 7, 1, 1, 3, 7, 1],
    [0, 5, 2, 3, 0, 0, 0],
    [3, 7, 1, 6, 1, 5, 2],
    [43, 66, 41, 34, 13, 9, 6],
    [3, 1, 0, 2, 3, 2, 0],
    [7, 35, 6, 14, 5, 7, 12],
    [3, 26, 6, 14, 7, 8, 6],
    [3, 28, 2, 9, 5, 9, 1],
    [3, 27, 9, 6, 4, 3, 6],
    [6, 22, 5, 6, 9, 4, 1],
    [3, 9, 1, 7, 3, 3, 1],
    [1, 3, 0, 3, 1, 3, 3],
    [1, 13, 1, 3, 3, 1, 1],
    [0, 2, 1, 0, 4, 0, 0],
    [2, 8, 2, 6, 5, 1, 0],
    [6, 5, 2, 6, 5, 3, 1],
    [1, 2, 1, 0, 2, 2, 0],
    [1, 9, 1, 2, 2, 1, 1],
    [5, 28, 1, 7, 9, 8, 1],
    [11, 19, 5, 4, 6, 7, 4],
    [0, 3, 0, 2, 1, 1, 0],
    [1, 1, 0, 0, 2, 2, 1],
    [1, 11, 1, 1, 2, 1, 1],
    [3, 10, 3, 1, 2, 1, 2],
    [4, 23, 7, 3, 6, 4, 1],
    [7, 49, 5, 8, 2, 5, 5],
    [11, 119, 22, 15, 5, 20, 17],
    [2, 22, 1, 1, 4, 5, 2],
    [4, 36, 3, 6, 5, 4, 4],
    [2, 21, 1, 2, 0, 3, 2],
    [15, 164, 19, 35, 6, 6, 12],
    [4, 68, 10, 9, 3, 14, 4],
    [2, 13, 4, 4, 5, 13, 2],
    [1, 11, 0, 1, 0, 6, 0],
    [2, 2, 1, 0, 1, 3, 0],
    [2, 13, 1, 8, 2, 1, 3],
    [3, 8, 1, 2, 6, 5, 0],
    [2, 20, 6, 6, 7, 7, 3],
    [7, 24, 8, 13, 6, 11, 1],
    [3, 4, 1, 10, 6, 2, 2],
    [0, 2, 1, 4, 0, 1, 0],
    [1, 17, 4, 6, 2, 3, 2],
    [8, 23, 2, 6, 4, 4, 1],
    [4, 38, 12, 3, 0, 6, 4],
    [4, 21, 4, 4, 5, 4, 5],
    [4, 12, 4, 3, 2, 2, 1],
    [0, 3, 1, 5, 2, 1, 0],
    [1, 5, 1, 5, 1, 1, 0],
    [16, 128, 28, 24, 15, 33, 10],
    [15, 161, 34, 25, 6, 14, 10],
    [11, 98, 26, 19, 12, 22, 8],
    [0, 4, 0, 1, 2, 0, 0],
    [1, 9, 1, 5, 0, 2, 1],
    [2, 2, 2, 0, 3, 2, 0],
    [3, 5, 2, 1, 0, 0, 0],
    [2, 14, 3, 4, 5, 9, 2],
    [1, 20, 5, 4, 1, 2, 3],
    [0, 9, 0, 0, 8, 5, 3],
    [1, 5, 1, 2, 2, 1, 0],
    [1, 0, 1, 2, 1, 3, 0],
    [1, 15, 3, 1, 0, 9, 0],
    [2, 4, 1, 1, 5, 3, 2],
    [2, 26, 7, 2, 1, 7, 6],
    [1, 19, 2, 2, 4, 0, 1],
    [4, 22, 2, 10, 6, 8, 2],
    [3, 20, 3, 10, 1, 6, 2],
    [1, 4, 4, 2, 3, 4, 1],
    [0, 5, 1, 1, 2, 0, 0],
    [5, 38, 21, 29, 3, 4, 8],
    [2, 11, 6, 2, 1, 0, 0],
    [1, 2, 0, 2, 2, 1, 0],
    [0, 2, 1, 1, 1, 3, 0],
    [1, 1, 1, 2, 1, 0, 0],
    [1, 7, 2, 1, 1, 2, 0],
    [14, 36, 8, 23, 31, 14, 6],
    [7, 11, 2, 5, 4, 3, 0],
    [29, 97, 24, 23, 16, 26, 9],
    [41, 151, 51, 47, 24, 30, 18],
    [37, 206, 54, 56, 24, 26, 16],
    [8, 54, 9, 23, 16, 17, 6],
    [3, 35, 9, 8, 4, 4, 2],
    [8, 102, 35, 25, 18, 23, 10],
    [13, 24, 21, 17, 10, 10, 6],
    [3, 15, 0, 1, 1, 2, 1],
    [8, 79, 22, 17, 12, 14, 7],
    [23, 104, 37, 44, 15, 15, 13],
    [167, 755, 239, 259, 113, 117, 78],
    [6, 18, 8, 4, 9, 1, 1]
  ],
  "method": "mult",
  "cond_prob": [
    [
      [6.4518653137e-33, 0.20682413649, 0.41939967077, 0.36613930559, 0.0076368871585],
      [0, 0.11070040633, 0.17724885224, 0.67592004721, 0.03613069422],
      [0, 0.016849616623, 0.9336538039, 0.041358217456, 0.0081383620234],
      [0, 0.67347028002, 0.20101022742, 0.099561094282, 0.025958398273],
      [0, 0.70052994288, 0.05653905545, 0.15700824846, 0.085922753213],
      [0, 0.47944862806, 0.090490147577, 0.31151890254, 0.11854232183],
      [0, 0.18882969869, 0.074868541821, 0.33487982653, 0.40142193296]
    ],
    [
      [6.162975822e-33, 0, 0.49215932219, 0.50784067781, 0],
      [0, 0, 0.14516468632, 0.85483531368, 0],
      [3.469446952e-17, 0, 0.96373905316, 0.036260946842, 0],
      [0, 0, 0.62741781002, 0.37258218998, 0],
      [0, 0, 0.21759875821, 0.78240124179, 0],
      [1.1102230246e-16, 0, 0.18132849391, 0.81867150609, 0],
      [0, 0, 0.14479037694, 0.85520962306, 0]
    ],
    [
      [3.2467994367e-32, 0.11077168642, 0.34680603143, 0.52140248758, 0.021019794562],
      [3.5547027588e-34, 0.016595027909, 0.070125342651, 0.82819579652, 0.085083832921],
      [0, 0.010022922476, 0.90151849785, 0.063538280076, 0.024920299602],
      [0, 0.49064105115, 0.22323475455, 0.18813199448, 0.097992199819],
      [4.9757775777e-32, 0.41920350078, 0.0086959743695, 0.28247757627, 0.28962294858],
      [0, 0.23032424111, 0.065580657365, 0.39658789353, 0.30750720799],
      [0, 0.05178392355, 0.03097026988, 0.24360036874, 0.67364543783]
    ],
    [
      [0, 0.14887028826, 0.35658414201, 0.48943380943, 0.0051117603076],
      [2.0816681712e-17, 0.024004006457, 0.081767771731, 0.85082067604, 0.043407545771],
      [0, 0.011965250053, 0.92398816556, 0.053475646701, 0.010570937684],
      [0, 0.59432913399, 0.21129757981, 0.15422005823, 0.040153227971],
      [1.6653345369e-16, 0.58508071676, 0.055008584061, 0.23243133369, 0.12747936549],
      [5.5511151231e-17, 0.34922860754, 0.07838332653, 0.41584635925, 0.15654170669],
      [0, 0.11291889949, 0.05399192822, 0.37304366719, 0.4600455051]
    ],
    [
      [5.0885221962e-17, 0.1421825903, 0, 0.81765011329, 0.040167296416],
      [0, 0.017333224058, 0, 0.92940307108, 0.053263704865],
      [0, 0.10722083681, 0, 0.73337243773, 0.15940672545],
      [0, 0.6516656586, 0, 0.27012256397, 0.078211777432],
      [0, 0.49327789112, 0, 0.3115221234, 0.19519998547],
      [0, 0.27282063478, 0, 0.5065188285, 0.22066053672],
      [0, 0.070437249095, 0, 0.35695741306, 0.57260533784]
    ],
    [
      [0, 0.20877952135, 0.018268403476, 0.77295207518, 0],
      [0, 0.026359149212, 0, 0.97364085079, 0],
      [0, 0.036197816234, 0.80591897251, 0.15788321125, 0],
      [0, 0.76867274899, 0.062732930735, 0.16859432028, 0],
      [0, 0.73457214425, 0.015776097818, 0.24965175793, 0],
      [0, 0.47021199182, 0.025514295441, 0.50427371274, 0],
      [0, 0.23515170106, 0.028544597873, 0.73630370106, 0]
    ],
    [
      [1.8481779485e-33, 0.12175103935, 0.29903871172, 0.57921024893, 0],
      [0, 0, 0.013620144975, 0.98637985503, 0],
      [0, 0.013072994139, 0.90078232806, 0.086144677801, 0],
      [0, 0.57426394357, 0.2028313034, 0.22290475302, 0],
      [0, 0.59335592913, 0.056421437945, 0.35022263293, 0],
      [0, 0.31553542213, 0.0759674694, 0.60849710847, 0],
      [0, 0.1602349247, 0.076183133909, 0.76358194139, 0]
    ],
    [
      [0.46843854282, 0.075165755663, 0, 0.45639570152, 0],
      [0, 0, 0, 1, 0],
      [0.88499747905, 0.011817437728, 0, 0.10318508322, 0],
      [0.26578072859, 0.46241712217, 0, 0.27180214924, 0],
      [1, 0, 0, 0, 0],
      [0.13893486779, 0.28977593061, 0, 0.5712892016, 0],
      [7.7714299336e-05, 0.14081876284, 0, 0.85910352287, 0]
    ],
    [
      [0, 0.17574166434, 0.42052371908, 0.40373461658, 0],
      [4.6259292693e-17, 0.11170468402, 0.10644424676, 0.78185106922, 0],
      [9.5409791179e-17, 0.003879331612, 0.98438245255, 0.011738215841, 0],
      [0, 0.69137240623, 0.19389659368, 0.11473100009, 0],
      [5.5511151231e-17, 0.75676051128, 0.048517534891, 0.19472195383, 0],
      [0, 0.50846020806, 0.081452179159, 0.41008761278, 0],
      [0, 0.27506460823, 0.094656024387, 0.63027936739, 0]
    ],
    [
      [0, 0.081335621877, 0.66681039406, 0.25185398407, 0],
      [0, 0.02106781767, 0.17004154114, 0.80889064119, 0],
      [6.9388939039e-18, 0.00030307827887, 0.99856393896, 0.0011329827623, 0],
      [0, 0.465735013, 0.43584295453, 0.098422032461, 0],
      [0, 0.60796538686, 0.18182627757, 0.21020833557, 0],
      [0, 0.38463402838, 0.19853237937, 0.41683359224, 0],
      [0, 0.19356564442, 0.21326064249, 0.59317371309, 0]
    ],
    [
      [3.5104293772e-33, 0.20284772092, 0.32982234062, 0.45626446497, 0.01106547349],
      [1.0006497427e-16, 0.14041662538, 0.023994759911, 0.77526660212, 0.060322012586],
      [0, 0.02105737597, 0.89870457199, 0.065383133942, 0.014854918094],
      [0, 0.66315796158, 0.16672095412, 0.13074004039, 0.039381043901],
      [0, 0.64392081239, 0.04397572714, 0.19138977161, 0.12071368886],
      [0, 0.42217236436, 0.066032737999, 0.3555470181, 0.15624787954],
      [0, 0.15039376743, 0.048468117129, 0.33876955123, 0.46236856421]
    ],
    [
      [0.31059523158, 0.24174989827, 0.18518663179, 0.26246823835, 0],
      [0.063998836891, 0.31950010938, 0.015915117704, 0.60058593602, 0],
      [0.30154874248, 0.019745888949, 0.6503133745, 0.028391994067, 0],
      [0.11436919589, 0.77781076803, 0.060291107786, 0.047528928297, 0],
      [1, 0, 0, 0, 0],
      [0.072744578132, 0.660846613, 0.036189325253, 0.23021948362, 0],
      [5.9697007767e-05, 0.45180199733, 0.05876307463, 0.48937523103, 0]
    ],
    [
      [0, 0.13266503707, 0.50774011651, 0.35959484642, 0],
      [0, 0.026178249862, 0.12441886722, 0.80366504548, 0.045737837442],
      [0, 0.0098098839061, 0.94207822277, 0.03973732146, 0.0083745718664],
      [0, 0.54010534709, 0.2902317809, 0.13734622402, 0.032316647992],
      [0, 0.5697501696, 0.08112722317, 0.21990327847, 0.12921932876],
      [0, 0.34636059819, 0.11369984709, 0.38362927789, 0.15631027683],
      [1.0487034692e-34, 0.11689910106, 0.079341573381, 0.34792218808, 0.45583713747]
    ],
    [
      [0.086974178137, 0.046895575864, 0.32636965545, 0.52983605079, 0.0099245397629],
      [5.1307378862e-05, 0, 0.065775400273, 0.89231795616, 0.041855336183],
      [0.089166760189, 0.0056992334373, 0.82495987766, 0.067943824889, 0.012230303824],
      [0.08396024577, 0.33548725095, 0.27469526273, 0.24695809337, 0.058899147189],
      [0.38837838888, 0.21170095874, 0.047036637585, 0.23547258997, 0.11741142483],
      [0.029650857991, 0.16722410507, 0.085982578137, 0.53232369955, 0.18481875925],
      [1.0118443676e-05, 0.050258665186, 0.05378391608, 0.43240827079, 0.4635390295]
    ],
    [
      [0, 0, 0.37501378251, 0.62498621749, 0],
      [0, 0, 0, 1, 0],
      [0, 0, 0.95722478049, 0.042775219506, 0],
      [0, 0, 0.4634959942, 0.5365040058, 0],
      [0, 0, 0.14748397379, 0.85251602621, 0],
      [0, 0, 0.1157832311, 0.8842167689, 0],
      [0, 0, 0.090881690538, 0.90911830946, -0]
    ],
    [
      [1.0770307025e-16, 0.069609043656, 0.42126958682, 0.49825139203, 0.010869977495],
      [0, 0.011685250061, 0.097673417367, 0.84300230479, 0.047639027777],
      [0, 0.0058943225072, 0.92425133591, 0.058019389815, 0.011834951763],
      [1.7503117952e-16, 0.2904615027, 0.41518719563, 0.23730192547, 0.0570493762],
      [0, 0.36260309742, 0.094186652707, 0.34932845683, 0.19388179304],
      [0, 0.18745117104, 0.11051327603, 0.50692292093, 0.195112632],
      [0, 0.057233291346, 0.068897967664, 0.41013909652, 0.46372964447]
    ],
    [
      [0, 0.08664874915, 0.61419525909, 0.29915599176, 0],
      [0, 0, 0.14146233953, 0.85853766047, 0],
      [0, 0, 1, 0, 0],
      [3.081487911e-33, 0.67673271357, 0.23815923937, 0.085108047052, 0],
      [0, 0.77467598846, 0.057530581462, 0.16779343008, 0],
      [0, 0.44899410356, 0.11894305306, 0.43206284338, 0],
      [0, 0.16163364321, 0.16872687102, 0.66963948577, 0]
    ],
    [
      [0.035967065884, 0.12716878332, 0.29421814756, 0.53481960191, 0.0078264013263],
      [0, 0.025788777912, 0.017842254561, 0.92175949564, 0.034609471891],
      [0.039671845958, 0.012983565186, 0.8625946105, 0.074375863432, 0.010374114922],
      [0.027051911844, 0.54913920393, 0.19041685884, 0.19707699979, 0.036315025605],
      [0.16749461955, 0.45117006941, 0.041489936184, 0.24519333519, 0.09465203967],
      [0.0072466465172, 0.31332235772, 0.065920806472, 0.48418938899, 0.1293208003],
      [4.2597997127e-06, 0.108863414, 0.047909824198, 0.45799792622, 0.38522457578]
    ],
    [
      [0, 0.23104353327, 0, 0.76895646673, 0],
      [0, 0.0647262126, 0, 0.9352737874, 0],
      [7.7037197775e-33, 0.071012179774, 0.83345700232, 0.09553081791, 0],
      [0, 0.79448985624, 0.074897315704, 0.13061282806, 0],
      [3.2740809055e-33, 0.78034822655, 0.018960321893, 0.20069145156, 0],
      [4.6222318665e-33, 0.52548083042, 0.033207585803, 0.44131158378, 0],
      [0, 0.27399431074, 0.039477774284, 0.68652791498, 0]
    ],
    [
      [0.096777019759, 0.075212929789, 0.30470348419, 0.51591301409, 0.0073935521785],
      [0.0055916176487, 0.0048242863745, 0.059141663248, 0.89825910933, 0.032183323397],
      [0.10081337401, 0.0072467486369, 0.81370405807, 0.068978771808, 0.009257047472],
      [0.08837671109, 0.39549162333, 0.24092190888, 0.23360519905, 0.041604557654],
      [0.4103511448, 0.24684211268, 0.040306372507, 0.2201946393, 0.082305730712],
      [0.033224011332, 0.21064997929, 0.079591082852, 0.53663133848, 0.13990358804],
      [1.2513169817e-05, 0.070082063331, 0.054929650083, 0.48161254365, 0.39336322976]
    ],
    [
      [0.0074218954998, 0.13747544376, 0.36837986255, 0.47631342616, 0.010409372035],
      [7.7341429909e-05, 0.033072898061, 0.093234491687, 0.82238877592, 0.051226492902],
      [0.0076088312845, 0.013235952183, 0.90266961966, 0.063650527753, 0.012835069115],
      [0.0053878268811, 0.54312803431, 0.23355564782, 0.17216663544, 0.045761855555],
      [0.034386561611, 0.52169255365, 0.061180185899, 0.2479040522, 0.13483664663],
      [0.0022318646908, 0.32386643672, 0.085646443489, 0.42685385118, 0.16140140392],
      [8.7980051206e-07, 0.11461701225, 0.061532143349, 0.39786853796, 0.42598142665]
    ],
    [
      [0.057872376439, 0.070077597031, 0.27361551812, 0.52770496076, 0.070729547658],
      [0.00025085411171, 0.0090985448247, 0.064697127401, 0.85304122561, 0.072912248052],
      [0.060667991187, 0.0044078966333, 0.87024899595, 0.047616501587, 0.017058614645],
      [0.06668391236, 0.37170287443, 0.25282595962, 0.20969275538, 0.099094498206],
      [0.36138327374, 0.21583127187, 0.03792560417, 0.18991380235, 0.19494604786],
      [0.021346233262, 0.15695336965, 0.069195452868, 0.44293604117, 0.30956890305],
      [5.0113749755e-06, 0.030691484409, 0.029965208226, 0.25052770349, 0.6888105925]
    ],
    [
      [2.3111159333e-33, 0.18047119508, 0.48238131687, 0.32771068771, 0.0094368003409],
      [0, 0.055205043182, 0.126216564, 0.75289879524, 0.065679597578],
      [2.168404345e-17, 0.0066972883798, 0.97037060845, 0.0179607256, 0.0049713775715],
      [5.5511151231e-17, 0.72337052194, 0.17603803863, 0.07308178261, 0.027509656822],
      [0, 0.73476086467, 0.04507540205, 0.11848693954, 0.10167679374],
      [0, 0.47751246525, 0.084161077076, 0.27191562511, 0.16641083256],
      [1.1102230246e-16, 0.11359592555, 0.048851229559, 0.20771958925, 0.62983325564]
    ],
    [
      [0.10782709949, 0.031239046792, 0.24075973184, 0.60228876377, 0.017885358116],
      [0.00039924370621, 0.0078173327819, 0.056082446341, 0.87407289929, 0.061628077877],
      [0.12822125937, 0.0047912414801, 0.77891622824, 0.069757917363, 0.018313353549],
      [0.11558447738, 0.32144460646, 0.22370313422, 0.25120641996, 0.088061361989],
      [0.58018147088, 0.12728690306, 0.023587054882, 0.15287085676, 0.11607371442],
      [0.035608975795, 0.13631862572, 0.062000598927, 0.50062567381, 0.26544612574],
      [9.276704695e-06, 0.030469997451, 0.030325771703, 0.31898866286, 0.62020629128]
    ],
    [
      [0.035128910842, 0.16666006833, 0.18187221443, 0.612721196, 0.0036176103931],
      [0.00011536291364, 0.023982279114, 0, 0.96202815895, 0.01387419902],
      [0.049253119834, 0.021475036169, 0.81637257043, 0.106803721, 0.0060955525682],
      [0.023581049557, 0.66032280003, 0.10180383218, 0.19934672484, 0.014945593396],
      [0.14519958625, 0.57707254908, 0, 0.25382057549, 0.023907289182],
      [0.014038430927, 0.41432384182, 0, 0.51637665921, 0.055261068042],
      [0.0044254019291, 0.16429464943, 0.027274532466, 0.6038851096, 0.20012030657]
    ],
    [
      [0.047838221372, 0.19491549156, 0.036795881906, 0.63916956858, 0.081280836581],
      [0.0051827459805, 0.037653123788, 0, 0.87324728536, 0.083916844867],
      [0.091293928797, 0.028673042343, 0.67394021505, 0.15185719557, 0.054235618238],
      [0.029525378648, 0.62069029453, 0.065908965387, 0.1917098713, 0.092165490137],
      [0.15550580164, 0.42167813396, 0.011764581638, 0.19882844749, 0.21222303527],
      [0.0097117943002, 0.28136559342, 0.018700482055, 0.39407461416, 0.29614751606],
      [2.3203457883e-06, 0.057997787904, 0.0081826065942, 0.22476789003, 0.70904939512]
    ],
    [
      [0, 0.02846905556, 0.32156813871, 0.64389231679, 0.0060704889469],
      [0, 0, 0, 1, 0],
      [0, 0.0022453508719, 0.92293258805, 0.068514035852, 0.0063080252308],
      [3.4092211216e-32, 0.07179334623, 0.32864786056, 0.58409409579, 0.015464697419],
      [0, 0.20562383056, 0.080532798073, 0.56515567181, 0.14868769957],
      [0, 0.086064887348, 0.080505474741, 0.70505775369, 0.12837188422],
      [1.1872695097e-32, 0.024745471174, 0.048816271938, 0.55940830995, 0.36702994693]
    ],
    [
      [0, 0.12990675724, 0.20134866268, 0.6531684751, 0.015576104982],
      [0, 0, 0, 0.90682122231, 0.093178777695],
      [0, 0.01901353699, 0.81916663006, 0.13231340662, 0.029506426335],
      [0, 0.55445260573, 0.13074412253, 0.24331825539, 0.07148501636],
      [0, 0.47057595775, 0.029651410094, 0.31143021411, 0.18834241805],
      [4.9732297403e-33, 0.262437831, 0.038053287046, 0.49295537614, 0.20655350581],
      [1.3721002459e-48, 0.038799619743, 0.020630275536, 0.44803923581, 0.49253086891]
    ],
    [
      [0.044169500027, 0.16615671177, 0.32719760619, 0.45268816114, 0.0097880208699],
      [0.0085956924755, 0.084239046525, 0.043148019756, 0.80766614131, 0.05635109993],
      [0.04552085865, 0.01563007803, 0.86794706682, 0.058782184421, 0.012119812082],
      [0.027288283785, 0.62262325449, 0.1753087966, 0.13726184003, 0.037517825089],
      [0.17688853848, 0.51270320414, 0.038839727093, 0.17210250181, 0.099466028469],
      [0.012184206349, 0.38514701597, 0.069054682108, 0.38082329829, 0.15279079728],
      [4.7497812035e-06, 0.13006383679, 0.049490569418, 0.35485494516, 0.46558589885]
    ],
    [
      [0, 0, 0.29707880694, 0.69708626931, 0.0058349237449],
      [0, 0, 0, 0.98656820164, 0.013431798358],
      [0, 0, 0.8376108002, 0.15406075131, 0.0083284484906],
      [0, 0.34953621349, 0.27400039551, 0.3380111442, 0.038452246801],
      [0, 0.22838791138, 0.069998986889, 0.58394717138, 0.11766593036],
      [0, 0.14834200497, 0.077106779676, 0.66215230015, 0.11239891521],
      [0, 0.045345958788, 0.051461635743, 0.57425318885, 0.32893921662]
    ],
    [
      [1.9259299444e-33, 0.24411718744, 0.25046834734, 0.4977198099, 0.0076946553256],
      [0, 0.10516083922, 0.027664021255, 0.82573841913, 0.041436720397],
      [0, 0.02714931368, 0.88443681529, 0.077087329897, 0.011326541129],
      [0, 0.74905326897, 0.1055523879, 0.12149734621, 0.023896996922],
      [0, 0.71965949279, 0.026531356424, 0.17798918136, 0.075819969418],
      [0, 0.48983416144, 0.043316400121, 0.35941952998, 0.10742990846],
      [0, 0.18354667739, 0.034640366289, 0.37502040888, 0.40679254745]
    ],
    [
      [2.1425970631e-33, 0.1491768637, 0.43451553309, 0.4050517874, 0.011255815813],
      [1.2325951644e-32, 0.046423042542, 0.11797518568, 0.76254998546, 0.073051786314],
      [0, 0.010807445074, 0.93791283607, 0.040621748152, 0.010657970704],
      [0, 0.57857695611, 0.2445541586, 0.13137036798, 0.045498517307],
      [0, 0.5869680609, 0.065449342272, 0.20205031673, 0.1455322801],
      [0, 0.36277231204, 0.094835896856, 0.36184826638, 0.18054352472],
      [0, 0.11910850544, 0.065161746288, 0.32394346566, 0.49178628262]
    ],
    [
      [0.0057559850427, 0.0035558085758, 0.33791560111, 0.64581554207, 0.006957063199],
      [0, 0, 0.053657002548, 0.93243394521, 0.013909052244],
      [0.024109134705, 0.0050531793885, 0.88500924985, 0.077173063255, 0.0086553728014],
      [0.024735789133, 0.3142776548, 0.31087344882, 0.30491764615, 0.045195461095],
      [0.15038519163, 0.26743873779, 0.071058075902, 0.3909636502, 0.12015434448],
      [0.0082596904024, 0.14964345739, 0.091167354303, 0.61875364106, 0.13217585684],
      [3.0494076331e-06, 0.049110593735, 0.061536463416, 0.54288620375, 0.34646368969]
    ],
    [
      [0, 0.2322696526, 0.29135553481, 0.46251978311, 0.013855029475],
      [5.1522250585e-17, 0.12815846747, 0.039241657243, 0.74426998372, 0.088329891571],
      [0, 0.026591288113, 0.87956224474, 0.073418389582, 0.020428077566],
      [0, 0.6947922543, 0.13630443854, 0.12356006705, 0.045343240112],
      [0, 0.65689955079, 0.034872848717, 0.17565373669, 0.1325738638],
      [0, 0.44155572216, 0.053394784583, 0.33134890971, 0.17370058355],
      [0, 0.15955567263, 0.039494794843, 0.31829776732, 0.4826517652]
    ],
    [
      [0, 0.1869985893, 0.4398877491, 0.35498623996, 0.01812742164],
      [1.9272412266e-17, 0.11882180207, 0.096872704458, 0.63407305534, 0.15023243813],
      [0, 0.012142543788, 0.94072265919, 0.031684060744, 0.015450736275],
      [0, 0.63057555243, 0.20854547327, 0.09779619885, 0.063082775446],
      [0, 0.60918640257, 0.052002651324, 0.1437348294, 0.19507611671],
      [0, 0.39295176438, 0.079457653759, 0.27197878348, 0.25561179838],
      [0, 0.11043210491, 0.046941627623, 0.20986180052, 0.63276446695]
    ],
    [
      [0, 0.088217452564, 0.40724531671, 0.50103606386, 0.003501166866],
      [0, 0.014164382529, 0.082760361485, 0.88790485019, 0.015170405794],
      [0, 0.0058416936371, 0.94750070903, 0.043595683118, 0.0030619142134],
      [0, 0.4753911703, 0.29826522192, 0.20734889198, 0.018994715801],
      [0, 0.51026499757, 0.081812927013, 0.34247392788, 0.065448147537],
      [1.661114577e-33, 0.20510602788, 0.18434252307, 0.57981012189, 0.030741327167],
      [0, 0.10171535064, 0.083103248564, 0.57612913248, 0.23905226832]
    ],
    [
      [0.074269835005, 0.058315033993, 0.45649962043, 0.38133338797, 0.029582122604],
      [0, 0, 0.077569324705, 0.66585048102, 0.25658019428],
      [0.047977139869, 0.003448225205, 0.89548719739, 0.030160793547, 0.022926643993],
      [0.051361190969, 0.27584778825, 0.32773776127, 0.15642799884, 0.18862526066],
      [0.33433328506, 0.17479300195, 0.049810530148, 0.14102960362, 0.30003357922],
      [0.01947684857, 0.12982998235, 0.087369053062, 0.3100615341, 0.45326258192],
      [4.1318553503e-06, 0.024254688485, 0.034187186164, 0.15841994339, 0.78313405011]
    ],
    [
      [1.1175208502e-31, 0.13452853922, 0.29954839557, 0.56130224182, 0.0046208233838],
      [0, 0.0080377277562, 0.054633435972, 0.92617216639, 0.011156669879],
      [0, 0.014323161972, 0.89595772872, 0.083313256987, 0.006405852321],
      [0, 0.58012249583, 0.19203573292, 0.20683496686, 0.021006804392],
      [0, 0.57451787231, 0.05086225532, 0.3095215025, 0.065098369869],
      [0, 0.33617278199, 0.069185207379, 0.51883177649, 0.075810234138],
      [0, 0.13463616517, 0.057708304839, 0.56300241311, 0.24465311688]
    ],
    [
      [6.5268970784e-17, 0.14717121767, 0.36263696457, 0.47911850471, 0.011073313057],
      [0, 0.024993043283, 0.086536394447, 0.84575025168, 0.042720310593],
      [2.2551405188e-17, 0.012935289007, 0.91837840926, 0.057829691539, 0.010856610192],
      [0, 0.58309267209, 0.21878348923, 0.15882639543, 0.03929744325],
      [0, 0.57910093654, 0.05830722157, 0.23935893904, 0.12323290286],
      [0, 0.34950140315, 0.082110474074, 0.4193271563, 0.14906096648],
      [0, 0.12031475354, 0.059136634557, 0.39263405653, 0.42791455538]
    ],
    [
      [0.023424225984, 0.18396915252, 0.3178425415, 0.4610795857, 0.013684494303],
      [0.0016352432966, 0.097235589075, 0.056031006083, 0.76642319434, 0.078674967209],
      [0.026120673432, 0.019177872552, 0.86982430896, 0.066534904495, 0.018342240557],
      [0.014361411917, 0.62414825985, 0.16978013159, 0.1405662473, 0.051143949346],
      [0.088832685003, 0.54700390107, 0.040275517253, 0.18512086778, 0.1387670289],
      [0.0060963492573, 0.3811232418, 0.063738882822, 0.36097882919, 0.18806269694],
      [2.3311942201e-06, 0.1305821614, 0.044576139272, 0.32782561634, 0.4970137518]
    ],
    [
      [1.2325951644e-32, 0.096890994931, 0.253677217, 0.64943178807, 0],
      [0, 0, 0.0077131353594, 0.99228686464, 0],
      [0, 0.011418002657, 0.88354376937, 0.10503822797, 0],
      [0, 0.37236484633, 0.19669840864, 0.43093674503, 0],
      [0, 0.51279434107, 0.051736946543, 0.43546871239, 0],
      [0, 0.27016536624, 0.063775763252, 0.6660588705, 0],
      [0, 0.12191613089, 0.060131803982, 0.81795206512, 0]
    ],
    [
      [0, 0.22020189591, 0.43235508963, 0.34744301446, 0],
      [1.7975346148e-33, 0.03751981821, 0.1147061689, 0.81225871702, 0.035515295863],
      [4.4235448637e-17, 0.011484217491, 0.95179418212, 0.031443005916, 0.0052785944703],
      [0, 0.67181564418, 0.2060743585, 0.09985721679, 0.022252780528],
      [0, 0.70537618232, 0.055830372731, 0.16143915676, 0.077354288182],
      [0, 0.4771418662, 0.091318375167, 0.32996347204, 0.1015762866],
      [5.4831045696e-48, 0.17248741869, 0.073002171743, 0.34471573172, 0.40979467784]
    ],
    [
      [0, 0.16153446397, 0.49538401513, 0.31975409526, 0.023327425633],
      [6.162975822e-33, 0.087257890867, 0.098946521302, 0.55836973385, 0.25542585398],
      [1.734723476e-17, 0.0078085306751, 0.9564534177, 0.020837742448, 0.014900309174],
      [0, 0.58496057351, 0.23927994191, 0.090484214774, 0.085275269806],
      [0, 0.55204262735, 0.056344785399, 0.13084614404, 0.26076644322],
      [0, 0.34098198394, 0.083840978215, 0.24292978133, 0.33224725651],
      [0, 0.079781836424, 0.041561176947, 0.15783941849, 0.72081756814]
    ],
    [
      [0.03189727068, 0.10317361045, 0.28342066574, 0.57144689311, 0.010061560018],
      [0, 0.0068996226903, 0.02565860915, 0.93065659566, 0.036785172495],
      [0.044352990727, 0.011621420847, 0.8421503681, 0.08872151512, 0.013153705207],
      [0.030582672682, 0.48273123477, 0.20571350315, 0.23492745356, 0.046045135835],
      [0.17038729261, 0.38669291414, 0.04465620567, 0.2832799155, 0.11498367209],
      [0.011238327825, 0.25271467358, 0.066723234605, 0.52191749599, 0.14740626801],
      [4.2860119302e-06, 0.085649384567, 0.046481925335, 0.4721412565, 0.39572314758]
    ],
    [
      [0, 0.37666552285, 0, 0.62333447715, 0],
      [0, 0.046889671132, 0, 0.95311032887, 0],
      [0, 0.3308594736, 0, 0.6691405264, 0],
      [0, 1, 0, 0, 0],
      [0, 0.97113678544, 0, 0.028863214559, 0],
      [0, 0.63417123514, 0, 0.36582876486, 0],
      [0, 0.3788490487, 0, 0.6211509513, 0]
    ],
    [
      [0, 0.12186422456, 0.19753254412, 0.66585109498, 0.014752136343],
      [1.7456963318e-33, 0, 0, 0.94167271071, 0.058327289293],
      [0, 0.01713266064, 0.82894035136, 0.12686075964, 0.027066228364],
      [4.2333454057e-17, 0.49861056848, 0.076687054282, 0.35368155163, 0.071020825605],
      [0, 0.45917131091, 0.028698658026, 0.31775227624, 0.19437775483],
      [0, 0.24890263018, 0.036310256935, 0.50129503477, 0.21349207811],
      [1.1102230246e-16, 0.066376971868, 0.02016509562, 0.36264898458, 0.55080894793]
    ],
    [
      [0, 0.18029726414, 0.19681839327, 0.62288434258, 0],
      [0, 0.017223631445, 0.027682705593, 0.95509366296, 0],
      [9.7144514655e-17, 0.025967998632, 0.85100077516, 0.1230312262, 0],
      [0, 0.69116997989, 0.10969569056, 0.19913432955, 0],
      [0, 0.67611347588, 0.028235789326, 0.2956507348, 0],
      [0, 0.4222707044, 0.041294431602, 0.53643486399, 0],
      [0, 0.21449425726, 0.04381648337, 0.74168925937, 0]
    ],
    [
      [0, 0.079424152889, 0.26815527138, 0.6442611514, 0.0081594243283],
      [2.3111159333e-33, 0, 0, 0.96860268284, 0.031397317158],
      [0, 0.013060049295, 0.88702124829, 0.088329741713, 0.011588960703],
      [0, 0.56754250386, 0.17593430077, 0.21818089897, 0.038342296402],
      [0, 0.52785318735, 0.043398129981, 0.3100146333, 0.11873404937],
      [0, 0.29225268841, 0.05768149928, 0.51245405897, 0.13761175334],
      [0, 0.088732276615, 0.0375287045, 0.43430979644, 0.43942922244]
    ],
    [
      [0.010549385434, 0.10872010696, 0.40375844828, 0.47122071135, 0.0057513479727],
      [0, 0.0044765614411, 0.12786541745, 0.84583157264, 0.021826448462],
      [0.0098967399561, 0.0095590063081, 0.91659710863, 0.057458617238, 0.0064885278702],
      [0.0084810853168, 0.48543610859, 0.2867771648, 0.19088267819, 0.028422963096],
      [0.058266644006, 0.48773633884, 0.078276106754, 0.28781653269, 0.087904377708],
      [0, 0.2969227898, 0.11149059261, 0.4880000982, 0.10358651939],
      [1.5770845075e-06, 0.11472489915, 0.084809344875, 0.49815673071, 0.30230744818]
    ],
    [
      [0.014596702202, 0.11902765564, 0.35328189131, 0.5106300274, 0.0024637234515],
      [0, 0.00090833872461, 0.082975847249, 0.90591340149, 0.010202412537],
      [0.014909651876, 0.011338059434, 0.90334503295, 0.06738036913, 0.0030268866103],
      [0.011644612102, 0.53015092785, 0.24423432632, 0.20196249956, 0.01200763417],
      [0.07069377928, 0.52106077633, 0.06919071364, 0.30215978486, 0.036894945883],
      [0.0050478966174, 0.32777182016, 0.092879620156, 0.52880766279, 0.045493000269],
      [2.4767331348e-06, 0.14309033331, 0.083117376001, 0.61492235529, 0.15886745866]
    ],
    [
      [0, 0.083867662025, 0.26645095208, 0.64240338774, 0.0072779981541],
      [0, 0, 0.012032541299, 0.96798978805, 0.019977670647],
      [5.4802241843e-33, 0.010268942381, 0.86922583682, 0.10901182648, 0.01149339432],
      [9.5287361929e-33, 0.31911029106, 0.21760590581, 0.42157315341, 0.041710649727],
      [0, 0.40819937616, 0.054387227707, 0.41756804477, 0.11984535136],
      [0, 0.21016775134, 0.063952433169, 0.60520353118, 0.12067628431],
      [0, 0.072608138544, 0.045319779848, 0.55714186893, 0.32493021268]
    ],
    [
      [0.0047561082053, 0.050989495024, 0.37035167471, 0.56723604404, 0.0066666780185],
      [0, 0, 0.091935533922, 0.88942483925, 0.018639626823],
      [0.017537381897, 0.0076678776383, 0.90210032491, 0.064916762187, 0.0077776533699],
