{
  "X": [
    [8, 6, 18, 19, 22, 122, 257, 70],
    [8, 13, 14, 11, 5, 75, 144, 39],
    [3, 12, 11, 25, 10, 78, 185, 60],
    [15, 19, 30, 17, 9, 143, 195, 49],
    [15, 15, 15, 7, 14, 84, 137, 61],
    [14, 18, 20, 5, 4, 98, 140, 33],
    [5, 7, 5, 13, 16, 119, 170, 67],
    [11, 22, 19, 25, 15, 126, 251, 74],
    [6, 20, 21, 11, 27, 119, 163, 66],
    [8, 4, 23, 14, 10, 82, 123, 40],
    [6, 4, 5, 13, 18, 55, 169, 36],
    [6, 5, 28, 22, 12, 79, 183, 84],
    [7, 5, 22, 10, 14, 76, 153, 50],
    [8, 18, 18, 14, 15, 109, 171, 69],
    [18, 17, 15, 10, 22, 106, 102, 58],
    [21, 9, 16, 8, 17, 111, 150, 66],
    [2, 4, 1, 9, 10, 49, 118, 31],
    [6, 4, 2, 15, 12, 46, 113, 35],
    [12, 7, 14, 17, 25, 89, 197, 86],
    [7, 5, 3, 14, 24, 87, 181, 62],
    [3, 1, 2, 13, 9, 52, 94, 31],
    [4, 2, 1, 7, 12, 67, 93, 36],
    [25, 26, 21, 29, 35, 102, 167, 66],
    [29, 29, 23, 16, 16, 109, 177, 49],
    [48, 53, 26, 23, 24, 141, 224, 81],
    [19, 24, 14, 5, 10, 76, 82, 21],
    [13, 9, 6, 12, 18, 91, 71, 39],
    [8, 9, 6, 22, 13, 68, 120, 51],
    [40, 36, 19, 5, 18, 98, 74, 42],
    [40, 35, 11, 9, 30, 106, 114, 75],
    [35, 29, 17, 7, 17, 104, 93, 35],
    [9, 7, 14, 15, 11, 78, 104, 50],
    [4, 1, 9, 7, 12, 59, 97, 25],
    [5, 7, 6, 2, 3, 61, 95, 40],
    [4, 5, 9, 22, 9, 67, 104, 38],
    [8, 5, 13, 8, 17, 83, 131, 55],
    [6, 8, 12, 23, 10, 77, 120, 44],
    [4, 8, 10, 18, 6, 90, 104, 38],
    [4, 2, 14, 15, 21, 89, 139, 42],
    [6, 14, 4, 8, 9, 49, 117, 39],
    [7, 7, 11, 2, 9, 62, 88, 19],
    [8, 16, 1, 7, 8, 67, 90, 28],
    [9, 16, 5, 21, 16, 86, 182, 50],
    [9, 14, 15, 21, 18, 122, 211, 68],
    [4, 4, 1, 8, 12, 89, 159, 30],
    [5, 6, 9, 14, 9, 67, 160, 45],
    [7, 8, 6, 10, 10, 77, 174, 51],
    [4, 6, 5, 16, 11, 83, 154, 42],
    [5, 3, 15, 16, 16, 96, 221, 50],
    [5, 4, 14, 38, 21, 110, 226, 65],
    [64, 72, 104, 68, 74, 382, 930, 254]
  ],
  "W": [
    [25, 18, 45, 127, 293, 14],
    [18, 15, 36, 67, 163, 10],
    [16, 14, 52, 78, 216, 8],
    [36, 27, 24, 134, 246, 10],
    [23, 19, 21, 103, 166, 16],
    [21, 26, 14, 86, 178, 7],
    [13, 16, 34, 123, 205, 11],
    [36, 18, 72, 113, 290, 14],
    [24, 29, 31, 117, 221, 11],
    [18, 9, 52, 72, 146, 7],
    [10, 7, 40, 65, 176, 8],
    [39, 14, 36, 81, 240, 9],
    [35, 6, 31, 81, 173, 11],
    [23, 21, 30, 118, 213, 17],
    [33, 32, 34, 125, 113, 11],
    [31, 27, 37, 114, 172, 17],
    [2, 5, 5, 47, 147, 18],
    [5, 9, 15, 46, 146, 12],
    [28, 12, 35, 95, 254, 23],
    [6, 10, 33, 100, 224, 10],
    [3, 5, 23, 46, 123, 5],
    [3, 6, 21, 68, 119, 5],
    [27, 39, 58, 128, 211, 8],
    [36, 45, 41, 114, 204, 8],
    [37, 84, 45, 158, 286, 10],
    [14, 42, 16, 80, 95, 4],
    [11, 13, 31, 100, 98, 6],
    [12, 16, 60, 65, 136, 8],
    [20, 59, 21, 116, 107, 9],
    [19, 66, 34, 123, 161, 17],
    [16, 50, 19, 121, 121, 10],
    [20, 17, 43, 79, 125, 4],
    [11, 7, 35, 53, 106, 2],
    [11, 9, 16, 57, 122, 4],
    [13, 9, 27, 59, 142, 8],
    [28, 14, 31, 86, 153, 8],
    [15, 12, 29, 78, 155, 11],
    [12, 12, 30, 78, 137, 9],
    [17, 5, 21, 98, 182, 3],
    [9, 14, 16, 50, 151, 6],
    [16, 13, 6, 56, 111, 3],
    [8, 22, 9, 74, 108, 4],
    [17, 20, 42, 87, 207, 12],
    [30, 15, 50, 117, 260, 6],
    [9, 7, 18, 97, 170, 6],
    [14, 14, 26, 65, 190, 6],
    [11, 11, 16, 77, 222, 6],
    [11, 9, 21, 81, 192, 7],
    [21, 9, 25, 96, 259, 12],
    [25, 8, 41, 114, 287, 8],
    [129, 122, 132, 416, 1102, 47]
  ],
  "method": "mvn_pdf",
  "cond_prob": [
    [
      [0.00065487473577, 0, 0.54160334946, 0.010995797888, 0.0021548293948, 0.035132257304, 0.13690008928, 0.27255880193],
      [0.38066249856, 0.33108964522, 0.083079819433, 0.011243582746, 0.0209667597, 0.10075268464, 0.0055627350073, 0.066642274694],
      [0, 0, 0.030426972713, 0.18686054589, 0.0574417008, 0.1405643529, 0.30476032193, 0.27994610577],
      [0.0084600722439, 0, 0.012528798203, 0.00065092441868, 0.12376381558, 0.73644917981, 0.047860689493, 0.07028652025],
      [0, 0, 0, 0.03406782857, 0.0080108790993, 0.063553285201, 0.78978748581, 0.10458052132],
      [0.0040909987566, 0.0028847418602, 0.00029345499457, 0.003532487583, 0.06561849283, 0.0594707831, 0.16265093881, 0.70145810207]
    ],
    [
      [0.0023566574516, 0.056017750165, 0.60289218808, 0.00013478096117, 0.00019174779777, 0.03672214081, 0.10419780965, 0.19748692508],
      [0.33212963888, 0.58778810214, 0.027392054219, 5.4512766388e-06, 0.0025454457483, 0.033520931966, 0.0014671260301, 0.015151249748],
      [0.00078928327939, 0.016747905199, 0.039764004659, 0.16371281471, 0.033864132539, 0.18768590695, 0.29759338843, 0.25984256423],
      [0.041808153062, 0.035351027347, 0.0055802584906, 0.00028920421019, 0.049623862736, 0.77933372874, 0.037240163166, 0.050773602249],
      [0, 0, 0.0056888689192, 0.030998956359, 0, 0.086178012527, 0.78072014488, 0.096414017319],
      [0.014607512952, 0.020341554559, 0.00043926808242, 0.0031624275282, 0.041445927868, 0.081711896839, 0.16365960055, 0.67463181162]
    ],
    [
      [0.00044472273391, 0.032004704449, 0.49545097997, 0.00027030347193, 0.0012703515147, 0.032371871557, 0.12851677678, 0.30967028953],
      [0.20983999926, 0.63333572162, 0.043505556084, 0, 0.0084697859442, 0.056131540351, 0.0031980801021, 0.045519316634],
      [0, 0.0065006316658, 0.023940378889, 0.2574165251, 0.035546269594, 0.11968590582, 0.26373359574, 0.2931766932],
      [0.00035977006961, 0.028420300178, 0.0080164694005, 0.00056800849399, 0.090012139943, 0.73767976976, 0.048691388327, 0.086252153824],
      [0, 0, 0.0027382863774, 0.053364226388, 0.0030463185008, 0.057971666115, 0.76038839279, 0.12249110983],
      [0.003382797644, 0.0083010456995, 0.00025654529545, 0.0048797846455, 0.04171745524, 0.051454933122, 0.14287379247, 0.74713364589]
    ],
    [
      [0.001925864411, 0.035146800545, 0.68928096009, 0.00037944897007, 1.0994115139e-06, 0.036080138002, 0.076364900096, 0.16082078848],
      [0.3774132659, 0.50401787843, 0.046856656407, 0.00017439222898, 0.0038602811658, 0.047997652202, 0.0017089968356, 0.01797087683],
      [0.00044723709896, 0.01202305876, 0.05203621206, 0.21132565675, 0.038079241549, 0.2058199019, 0.24307284969, 0.2371958422],
      [0.034209278531, 0.024131997794, 0.0042045464964, 0.0011868848851, 0.055856791034, 0.80779469635, 0.029785004235, 0.042830800676],
      [0, 0.0018171079398, 0.0085483835868, 0.047584406374, 0, 0.10666736279, 0.73544529824, 0.09993744107],
      [0.014573368837, 0.01569827949, 0.00055750316282, 0.0045008942459, 0.049702103393, 0.098084021997, 0.1460238355, 0.67085999338]
    ],
    [
      [0.0027890373856, 0.052673015701, 0.53969790871, 0, 0.0016241058983, 0.026470735337, 0.091414668411, 0.28533052855],
      [0.4452371253, 0.4844315298, 0.022655120636, 0, 0.0044004587657, 0.022047137687, 0.0013479983687, 0.019880629442],
      [0.00026896549974, 0.015762087574, 0.035816679845, 0.1325064624, 0.051110050496, 0.13404198599, 0.25814046391, 0.37235330429],
      [0.060199417625, 0.038312311911, 0.0039023495463, 0.0024947756558, 0.10439198915, 0.66463941298, 0.039496017022, 0.086563726115],
      [0, 0.00040860451933, 0.0060079733053, 0.023679991461, 0.0077901769251, 0.066028590118, 0.74453001981, 0.15155464386],
      [0.016884904279, 0.014957578542, 0.00031780992937, 0.0018452384009, 0.047511345986, 0.046174391813, 0.11192674208, 0.76038198897]
    ],
    [
      [0.0014536873239, 0.041731823841, 0.73822748193, 0, 0, 0.032403359453, 0.058973230704, 0.12721041675],
      [0.38137109444, 0.52504604982, 0.041259829984, 0, 0.00093919616641, 0.037047700751, 0.0022902303342, 0.012045898503],
      [0.00066606464061, 0.019153295814, 0.072640098008, 0.11240832064, 0.037731031071, 0.25114221437, 0.25173936614, 0.25451960931],
      [0.045336990528, 0.03070271318, 0.0046938876691, 0.0038467735255, 0.036417870675, 0.81237301818, 0.02854196144, 0.038086784804],
      [0, 0.0022633912158, 0.011229860472, 0.017310208452, 0, 0.12477571605, 0.74018977124, 0.10423105257],
      [0.020788288619, 0.022995898965, 0.00070234634148, 0.0020348404791, 0.045058512382, 0.10944874425, 0.13846815384, 0.66050321512]
    ],
    [
      [0.00054090551562, 0.016130884961, 0.30309420154, 0.0002740295835, 0.0023608411456, 0.052055903861, 0.15983782857, 0.46570540482],
      [0.31027410955, 0.40721702527, 0.035374255793, 0.015462586264, 0.018723517258, 0.11823960676, 0.0052417850343, 0.089467114068],
      [0, 0.0016347218507, 0.011610236082, 0.1678828148, 0.047913028393, 0.1544802092, 0.26330592614, 0.35317306353],
      [0, 0.0015366234271, 0.00080376924992, 0.011191062495, 0.097914878986, 0.7661840508, 0.039951847963, 0.082417767078],
      [0, 0, 0, 0.027484186845, 0.0072075710558, 0.079599023852, 0.74457183652, 0.14113738173],
      [0.002598406867, 0.002749169701, 1.5967521471e-05, 0.0027510492611, 0.047237058354, 0.056424935513, 0.12132130845, 0.76690210433]
    ],
    [
      [0.0036745883092, 0.11631858244, 0.43597403746, 0.00033714969734, 0.0016962014141, 0.048188225128, 0.12819884401, 0.26561237154],
      [0.28938630842, 0.65857078817, 0.011594795408, 6.9461438336e-05, 0.0032648799467, 0.024558728186, 0.0010064607751, 0.011548577653],
      [0.00081143883125, 0.024412208886, 0.022551472594, 0.187520746, 0.04885257756, 0.18363383027, 0.27202725287, 0.26019047299],
      [0.04739328871, 0.033319229454, 0.012999493533, 0.0023267208219, 0.080776061139, 0.73935463543, 0.033371151236, 0.050459419673],
      [0, 0, 0, 0.038521588658, 0.0049425755726, 0.089478720583, 0.76186278872, 0.10519432647],
      [0.017492574943, 0.031107491224, 0.00025568128877, 0.0036384592528, 0.057267250072, 0.078973445366, 0.14782959262, 0.66343550523]
    ],
    [
      [0, 0.024510730213, 0.64585280231, 0, 0.0022903966908, 0.034692180599, 0.065953539875, 0.22670035031],
      [0.20542782968, 0.58751049575, 0.069426081569, 0, 0.020434877023, 0.073599588829, 0.0024096620863, 0.041191465064],
      [0, 0.0083238358785, 0.04601597315, 0.12937853084, 0.1062587872, 0.18943197007, 0.20091065083, 0.31968025202],
      [0, 0.016410391034, 0.0031608587413, 0.0073753006327, 0.16534336858, 0.724013089, 0.024640879101, 0.059056112907],
      [0, 0.00047227657028, 0.0076292593899, 0.027614547595, 0.011411003755, 0.11162648784, 0.68411912313, 0.15712730172],
      [0.003872085399, 0.0083191193464, 0.00034494667157, 0.0021400319325, 0.10830824444, 0.071056662805, 0.095063236399, 0.71089567301]
    ],
    [
      [0.0013405620867, 0.0093580752158, 0.83976758078, 0.00036873718901, 0.00068857175811, 0.017601299776, 0.039375379729, 0.091499793462],
      [0.51869526916, 0.29167667856, 0.11117119697, 0.00015540097098, 0.0063990912505, 0.048535445633, 0.001832486892, 0.021534430551],
      [0.0011808419702, 0.0058172098089, 0.10799474154, 0.15919905786, 0.048961277229, 0.18903118999, 0.23438590956, 0.25342977204],
      [0.039085638238, 0.011816292146, 0.0035288683332, 0.0014948475678, 0.082622314617, 0.78058744545, 0.031101877793, 0.049762715856],
      [0.0021887089735, 0, 0.0069165503647, 0.038237134091, 0.0069210972648, 0.10006296612, 0.73221826099, 0.11345528219],
      [0.01607017346, 0.0075995134951, 0.00057447708286, 0.0033375015918, 0.060677231153, 0.086463798189, 0.13478316851, 0.69049413651]
    ],
    [
      [0.0024774883122, 0.026718636677, 0.39577026361, 0.00033898385957, 0.003926555216, 0.039213920012, 0.21415422011, 0.3173999322],
      [0.51139087705, 0.36546044904, 0.023345576218, 6.680954617e-05, 0.017543258801, 0.046738811158, 0.0037651674233, 0.031689050763],
      [0.00055269278621, 0.0047624556899, 0.014890132707, 0.18077813615, 0.086633160345, 0.11673724323, 0.3546237247, 0.24102245439],
      [0.031532689286, 0.012717965752, 0.0013791174106, 0.00099393876554, 0.19441796085, 0.63834879604, 0.059048284119, 0.061561247769],
      [0.001405050201, 0.00063563965744, 0.0010951189028, 0.032226182009, 0.0051353420824, 0.04379108392, 0.83660437751, 0.079107205714],
      [0.0095584533874, 0.0056939885998, 0.00011118294026, 0.003575374408, 0.10395219505, 0.051412109953, 0.19583046608, 0.62986622957]
    ],
    [
      [0.00052297886207, 0, 0.59459344575, 0.00040046403118, 0.0012952042463, 0.022745507028, 0.078584772379, 0.30185762771],
      [0.3469627634, 0.35372332471, 0.10840376141, 7.801219401e-05, 0.014588469525, 0.080166430857, 0.0043230059817, 0.091754231921],
      [4.0537158385e-05, 0.0007182055447, 0.038924938644, 0.23016742338, 0.038616322709, 0.10815225828, 0.20908009331, 0.37430022097],
      [0.013491528152, 0, 0.013300056921, 0.0010283141249, 0.10419694282, 0.71048362149, 0.043148096762, 0.11435143973],
      [0, 0, 0.0033814460978, 0.05658367627, 0.0065484773602, 0.06329892712, 0.69993885128, 0.17024862187],
      [0.003094668757, 0.0024464504905, 0.00033927674814, 0.0037651934875, 0.038163767593, 0.039577560715, 0.096385365411, 0.8162277168]
    ],
    [
      [0.0026465029671, 0.026909532867, 0.56234707078, 0, 0.0022714518091, 0.033688184415, 0.11837134879, 0.25376590838],
      [0.52824622921, 0.35882709498, 0.034836346891, 0, 0.0086249154027, 0.041439589542, 0.001982441235, 0.026043382737],
      [0.00053186598449, 0.0072397093508, 0.033220682655, 0.15813303184, 0.06253004167, 0.15269208924, 0.29495768381, 0.29069489546],
      [0.041979468871, 0.016661768739, 0.0031632566725, 0, 0.11974752618, 0.71362174789, 0.040349032395, 0.064477199253],
      [0.00098308740722, 0.0014100879583, 0.0047368502887, 0.029291508401, 0.0085661650434, 0.065653656758, 0.77909733809, 0.11026130605],
      [0.01372691594, 0.0079294822981, 0.00029948988865, 0.0027677327019, 0.068074748141, 0.061579731218, 0.14993716663, 0.69568473319]
    ],
    [
      [0.00096792135009, 0.037077175605, 0.60287997033, 0.0002507392777, 0.0012521476826, 0.027673642742, 0.083024871929, 0.24687353108],
      [0.26086858738, 0.61199217392, 0.045666880171, 0.00010481814286, 0.0067569580251, 0.041562674324, 0.0016695849985, 0.031378323043],
      [4.3894276691e-05, 0.011616112997, 0.041237269184, 0.17849111254, 0.0466109788, 0.14569909608, 0.24309993524, 0.33320160089],
      [0.020237206131, 0.03070563275, 0.004250921485, 0.00093700938268, 0.096008779612, 0.73252662165, 0.035941465924, 0.079392363067],
      [0, 0.0005453508558, 0.0067137430093, 0.03978418474, 0.0060144668644, 0.073864681461, 0.73017550174, 0.14290207133],
      [0.0064817836592, 0.01220479542, 0.00035306629981, 0.0030999989709, 0.048285746145, 0.05578815694, 0.11728786784, 0.75649858473]
    ],
    [
      [0.0024173510259, 0.032885799266, 0.39855221231, 0.00040926951521, 0.0031495227505, 0.044740128017, 0.13341781887, 0.38442789825],
      [0.44172561409, 0.42518730997, 0.024783053329, 0.00020380901346, 0.013084427581, 0.054008223482, 0.0021919349518, 0.038815627593],
      [0.00041210163738, 0.0066573059954, 0.017921242269, 0.1681806794, 0.071645329141, 0.15189490832, 0.2508624473, 0.33242598594],
      [0.028918211536, 0.015368723977, 0.0013016704709, 0.0010990891968, 0.13737715433, 0.70904841897, 0.034508934076, 0.072377797442],
      [0.00053753391309, 0.00076751227468, 0.0024906138368, 0.03622466211, 0.0095290261477, 0.074140890499, 0.73797216499, 0.13833759623],
      [0.0086798668712, 0.0067824470312, 0.00011353434063, 0.0028232863574, 0.072045329985, 0.056537522123, 0.11757049518, 0.73544751811]
    ],
    [
      [0.0033450423216, 0.022169718638, 0.43914158327, 0, 0.0026157480961, 0.049728328033, 0.13411679729, 0.34888278235],
      [0.59546786521, 0.27804842442, 0.025451737243, 0, 0.0097012772937, 0.055690806447, 0.0023861310619, 0.033253758316],
      [0.00053151176965, 0.0044695560257, 0.021654980684, 0.1255925717, 0.061711323999, 0.18320953629, 0.27400315448, 0.32882736505],
      [0.039099225024, 0.0048818214184, 0.0021743185794, 0.0010130314332, 0.10381224909, 0.7495850107, 0.034519933816, 0.064914409935],
      [0.00066015958397, 0, 0.0037577854516, 0.018656621869, 0.0086615452713, 0.084704193641, 0.75307343709, 0.13048625709],
      [0.013420370033, 0.0049135322436, 0.0002334301141, 0.0016853118946, 0.061722126521, 0.067894393416, 0.12799608208, 0.7221347537]
    ],
    [
      [0.0014490533121, 0.040399240148, 0.34615310518, 0.00039921083446, 0.0038506666356, 0.061088817737, 0.18289847958, 0.36376142657],
      [0.28800036732, 0.57618453056, 0.016967145388, 7.4177586175e-05, 0.015240626297, 0.067370858368, 0.0027160560337, 0.033446238448],
      [8.4140985723e-05, 0.0061687879942, 0.010215633703, 0.24407613436, 0.07121670507, 0.16002807986, 0.26546613685, 0.24274438118],
      [0.0098776108914, 0.01800291718, 0.00075658581338, 0.0011120171785, 0.13617305457, 0.7460482516, 0.035505741326, 0.052523821445],
      [0, 0.00013174852097, 0.00092385560741, 0.051933289815, 0.010599083053, 0.077230602196, 0.76098039875, 0.098201022055],
      [0.0051350911079, 0.007885043717, 2.2977037073e-05, 0.0051106449148, 0.08898962424, 0.073536740313, 0.15335575652, 0.66596412215]
    ],
    [
      [0.0025761689253, 0.028024354146, 0.33220755815, 0.0003164684063, 0.004643521581, 0.054314885158, 0.16516240058, 0.41275464306],
      [0.5059892283, 0.36065181354, 0.017118332032, 0, 0.018029933599, 0.058390154328, 0.0026748703464, 0.037145667862],
      [0.00028990155395, 0.0038219124156, 0.0094143702581, 0.31985588488, 0.077974171217, 0.12737962645, 0.21480383295, 0.24646030028],
      [0.024364716445, 0.010205484762, 0.00055167956712, 0, 0.17372878109, 0.69215744954, 0.035342277864, 0.063649610734],
      [0.0014097029449, 0.00018770650027, 0.00012537265065, 0.069376961322, 0.0099689408378, 0.073503562496, 0.72445511745, 0.1209726358],
      [0.008522832583, 0.0049854810918, 0, 0.0059619193126, 0.099825927415, 0.060121415441, 0.127655395, 0.69292702916]
    ],
    [
      [0.0037200476673, 0.032297215023, 0.42721806459, 0.00035982806805, 0.0033646280089, 0.040002472661, 0.11372706933, 0.37931067465],
      [0.57845988565, 0.32169432695, 0.020114208412, 6.8387193412e-05, 0.012359619129, 0.036494035468, 0.0015229832085, 0.029286553991],
      [0.00043680760911, 0.0068158309875, 0.019958395615, 0.17543979997, 0.094525158023, 0.14010815452, 0.22167242277, 0.3410434305],
      [0.048348788783, 0.015622453445, 0.001941480024, 0.00085585489906, 0.17931345581, 0.64843107014, 0.031120031291, 0.074366865603],
      [6.4258024186e-05, 0.001406594642, 0.0035811159318, 0.042125567863, 0.0089825879416, 0.077831179126, 0.71163918475, 0.15436951173],
      [0.014329360809, 0.006755819788, 0.00017112152452, 0.0029352485223, 0.092727774604, 0.050788946538, 0.10113372022, 0.731158008]
    ],
    [
      [0.0018583933682, 0.023336552769, 0.33685928511, 0.00025349510876, 0.0040446165641, 0.043168492973, 0.15036978312, 0.44010938099],
      [0.4540528526, 0.37992731098, 0.024383726111, 4.549451613e-05, 0.021582992041, 0.062893368956, 0.0031339249907, 0.053980329804],
      [0.00025443012514, 0.0040605456315, 0.012901807665, 0.16960689471, 0.088662165978, 0.1310347465, 0.25267443335, 0.34080497604],
      [0.023781878859, 0.0088513840023, 0.00098305086202, 0.00077783061027, 0.18357371239, 0.6616773003, 0.038696368711, 0.081658474274],
      [0, 0, 0.00093913328041, 0.037033479508, 0.0071414647762, 0.067606313246, 0.74419692097, 0.14308268822],
      [0.0061737033751, 0.0041571167509, 5.7643424319e-05, 0.0027714087849, 0.087699155448, 0.047636452137, 0.11584385827, 0.73566066181]
    ],
    [
      [0.0013288380581, 0.012141672809, 0.39123955007, 0.00035823354578, 0.0032487659176, 0.059508541916, 0.13791617274, 0.39425822494],
      [0.48758423553, 0.19050708621, 0.046961836554, 0.074847552468, 0.021710327034, 0.11273661939, 0.0035448162725, 0.062107526537],
      [0, 0, 0.014130471534, 0.25075528222, 0.064454628662, 0.16921873568, 0.21634994622, 0.28509093569],
      [0.011603032577, 0, 0.0057787307946, 0.00049780155243, 0.1202081875, 0.77216918062, 0.028341371301, 0.061401695653],
      [0, 0, 0, 0.055374582778, 0.01219889959, 0.093383436142, 0.7049344554, 0.13410862609],
      [0.0048705619278, 0.0022079101034, 0.00012994103627, 0.004668698589, 0.073840866642, 0.071963080514, 0.11636750875, 0.72595143244]
    ],
    [
      [0.0017927863893, 0.018604428615, 0.2668051741, 0.00022524109759, 0.003674092662, 0.063304334469, 0.15037711118, 0.49521683149],
      [0.48069192599, 0.32163493988, 0.01905013193, 0.00085897660308, 0.019408152903, 0.094130537647, 0.0031611278745, 0.061064207166],
      [8.843335072e-05, 0, 0.0040611279099, 0.15388570252, 0.072647989723, 0.17888198758, 0.23496333411, 0.3554714248],
      [0.015904777819, 0, 0, 0.0054380051101, 0.12588704939, 0.75325883385, 0.029828262522, 0.069683071303],
      [0, 0, 0, 0.028413765096, 0.01210463732, 0.092025677233, 0.71464877142, 0.15280714893],
      [0.0054176185603, 0.0028754149719, 0, 0.0023096540641, 0.069229964143, 0.063225147734, 0.10482924652, 0.75211295401]
    ],
    [
      [0.0032195921838, 0.055066913235, 0.59271838292, 0, 0.0019640341185, 0.027965990117, 0.08110723661, 0.23795785082],
      [0.44492378469, 0.48064002378, 0.024743319273, 0, 0.0078344962428, 0.023311900491, 0.0014643121683, 0.017082163357],
      [0.00030331354168, 0.014267262588, 0.034368528882, 0.26373407677, 0.10186668383, 0.1206649407, 0.19722891652, 0.26756627716],
      [0.057601216754, 0.03522990825, 0.0039143772615, 0, 0.20869993836, 0.59763307192, 0.031101637743, 0.065819849717],
      [7.6325378577e-05, 0.0014025096611, 0.0072718657453, 0.064758665362, 0.0049564128074, 0.077864258468, 0.70369730553, 0.13997265704],
      [0.019298852911, 0.016921673847, 0.0003544465732, 0.0049181444534, 0.12172035638, 0.051349480596, 0.1065722725, 0.67886477273]
    ],
    [
      [0.0044608939052, 0.072829930853, 0.54358175764, 0.00037771313987, 0.0020714160779, 0.04057039479, 0.11336647701, 0.22274141659],
      [0.47533769118, 0.4670278604, 0.016812196599, 0.00025283248216, 0.0042803037312, 0.024624827786, 0.00098198121688, 0.010682306601],
      [0.00017518358529, 0.018723047582, 0.031680912347, 0.19028171987, 0.058611174259, 0.17573783994, 0.2754225386, 0.24936758383],
      [0.063289791427, 0.038705375619, 0.0062510963722, 0.00094387397506, 0.097739205394, 0.71288812089, 0.033411722649, 0.04677081367],
      [0, 0, 0.0032371021235, 0.039392861508, 0.0080107025792, 0.085017931033, 0.76744880666, 0.096892596101],
      [0.028374120804, 0.022726374992, 0.00032458153881, 0.0037161212461, 0.069163058447, 0.076649173394, 0.15172508135, 0.64732148823]
    ],
    [
      [0.0040222975409, 0.073892294461, 0.55537357034, 0.00028915429244, 0.001959625181, 0.032030354145, 0.084686466988, 0.24774623705],
      [0.43961113599, 0.50163462241, 0.018573550222, 0.00026626219555, 0.0045298734864, 0.021260150285, 0.0005175414892, 0.013606863928],
      [0.00030331958734, 0.020657540192, 0.035493793326, 0.20304439541, 0.060277510191, 0.15180552161, 0.22493236726, 0.30348555242],
      [0.067487736884, 0.044116042937, 0.0083503001578, 0.00085792341426, 0.1103625133, 0.67474327747, 0.02949482454, 0.064587381289],
      [0, 0, 0.0033960111315, 0.047756916316, 0.009624588556, 0.083872137398, 0.71649246115, 0.13885788544],
      [0.024712775884, 0.022875273012, 0.00031723706922, 0.0035907507423, 0.064458710795, 0.060090666338, 0.11241445422, 0.71154013194]
    ],
    [
      [0.0018673906314, 0.033880866792, 0.70997990463, 8.0317801493e-05, 0.0014980796856, 0.030806010716, 0.077018222061, 0.14486920768],
      [0.38275889327, 0.50368341862, 0.047102949527, 0, 0.0070305756926, 0.042223773056, 0.0020465196642, 0.015153870168],
      [0.00053638763508, 0.013007468058, 0.057308613503, 0.14372932319, 0.060840432622, 0.2020513473, 0.27997373258, 0.24255269511],
      [0.034129711626, 0.024510902658, 0.0044592954236, 0.00016619887871, 0.095326704614, 0.768758012, 0.032348156027, 0.040301018768],
      [0.0010437405134, 0.0014569062345, 0.008484045291, 0.028154683081, 0.0083324475376, 0.09160389895, 0.76990805789, 0.091016220501],
      [0.014967133161, 0.015891622262, 0.00057292560831, 0.00280389419, 0.073144224544, 0.089871116061, 0.1567733405, 0.64597574367]
    ],
    [
      [0.0058496002752, 0.064474132147, 0.43403631676, 0.00047774963668, 0.0036875246384, 0.057260312025, 0.088437733846, 0.34577663067],
      [0.55311032774, 0.38166690566, 0.011337119505, 0.00029099693083, 0.0070326594094, 0.030497657541, 0.00052827278884, 0.01553606043],
      [3.9855255523e-05, 0.013715797302, 0.01907952339, 0.20129039498, 0.089212466711, 0.19950156809, 0.1703463339, 0.30681406037],
      [0.05596846281, 0.027039516971, 0.0012273876987, 0.0025124965957, 0.13089667155, 0.71322408416, 0.017029351989, 0.052102028227],
      [0, 0.001178138108, 0.0037048950777, 0.05590364063, 0.01484684359, 0.12249470338, 0.63815589419, 0.16371588503],
      [0.024523057079, 0.014085970786, 0.00015570824967, 0.0035255180177, 0.092961393609, 0.077038177016, 0.082894700222, 0.70481547502]
    ],
    [
      [0.0018371678934, 0.030966275348, 0.38138486084, 0.00032571534743, 0.0027924166189, 0.04759847377, 0.147393756, 0.38770133417],
      [0.40188058038, 0.45437734041, 0.024878348222, 0, 0.012405163956, 0.061575743927, 0.0025715956741, 0.042311227435],
      [0.00027589033796, 0.0054763172321, 0.014110108614, 0.24473450367, 0.056077570517, 0.14159614916, 0.24293786837, 0.2947915921],
      [0.022241019087, 0.013893151586, 0.0008433141955, 0.00045866326282, 0.11793373418, 0.7351464811, 0.036986246579, 0.072497390014],
      [0.00022776818945, 0.00056303321219, 0.00090816587886, 0.053280285739, 0.0090915909033, 0.071243763313, 0.73664673955, 0.12803865321],
      [0.0068335705736, 0.0062701056688, 4.9449908977e-05, 0.0045111528995, 0.062650632734, 0.059270547521, 0.12822433603, 0.73219020467]
    ],
    [
      [0.0030191309415, 0.075274219678, 0.70351424789, 0, 0.0021154393571, 0.026265198759, 0.035126223811, 0.15468553957],
      [0.49264712069, 0.4544070069, 0.019572180343, 0, 0.0049383511771, 0.019979683803, 0.0012318630834, 0.0072237940027],
      [0, 0.03690509145, 0.075282062953, 0.10040555001, 0.085642725772, 0.20536454118, 0.16294757267, 0.33345245598],
      [0.090054056608, 0.05560485524, 0.0046687011013, 0.011313454883, 0.11437260244, 0.65704265208, 0.017207262736, 0.049736414911],
      [0, 0.0012860287891, 0.015395606986, 0.014631002822, 0.01754476738, 0.14131767331, 0.62768916047, 0.18213576024],
      [0.047462965997, 0.035747443386, 0.00057042274529, 0.0015117090498, 0.08036880659, 0.071700070061, 0.071568214247, 0.69107036792]
    ],
    [
      [0.0046553364334, 0.063951205798, 0.439234387, 8.2683776326e-05, 0.0032633619842, 0.041501954744, 0.074891307756, 0.37241976251],
      [0.49406189561, 0.43505702423, 0.014336434712, 0, 0.0066517429962, 0.028715658072, 0.0032609585323, 0.017916285845],
      [0.00034925392384, 0.01582433147, 0.023646434365, 0.11625888989, 0.11572957076, 0.16846909343, 0.16978711132, 0.38993531484],
      [0.05666650248, 0.032116490094, 0.0015573085997, 0, 0.17801121794, 0.64128110863, 0.023970259754, 0.066397112498],
      [0, 0.0021617428564, 0.0044138696496, 0.03116791629, 0.012151771745, 0.11049805258, 0.63648148106, 0.20312516583],
      [0.018918179937, 0.013809843487, 0.00012830683947, 0.0016230723156, 0.10072709533, 0.054148083769, 0.068659982634, 0.74198543569]
    ],
    [
      [0.0029051533501, 0.053634983955, 0.74548091493, 0.00017579176315, 0.001596336013, 0.024626966037, 0.044744550369, 0.12683530358],
      [0.5065780031, 0.43214906964, 0.027147898993, 0.00033979431176, 0.0044872786681, 0.021083821136, 0.00066108675199, 0.0075530474011],
      [0, 0.026040652027, 0.078097013377, 0.14000717135, 0.074264748475, 0.19956716535, 0.20879563168, 0.27322761774],
      [0.076072176185, 0.047479124061, 0.012204696987, 0.0010103859734, 0.10689335087, 0.69130998118, 0.021788755199, 0.04324152955],
      [0, 0, 0.0061795977757, 0.034481248924, 0.013177552269, 0.11820987228, 0.69904267394, 0.12890905481],
      [0.041988407301, 0.029464037497, 0.0006567490969, 0.0025573537924, 0.081048519, 0.080809907599, 0.10633129293, 0.65714373279]
    ],
    [
      [0.0012470676062, 0.014879807969, 0.53543854538, 0.0004870824968, 0.0016939823794, 0.035037068649, 0.096901728738, 0.31431471679],
      [0.42787100749, 0.36619405764, 0.058318737035, 0.00024951256327, 0.012121201018, 0.075493454676, 0.0028399051521, 0.056912124421],
      [0.00031812937793, 0.0029178516732, 0.029625755944, 0.20579380643, 0.046546742275, 0.14792571664, 0.22752205091, 0.33934994675],
      [0.021070683618, 0.0042512312073, 0.0066019326913, 0.0015600182504, 0.097191917735, 0.75474440096, 0.034010435567, 0.080569379976],
      [0, 0, 0.0040258051147, 0.047996814438, 0.0071138804355, 0.078439801471, 0.71284064921, 0.14958304933],
      [0.0057469878743, 0.003947493338, 0.00028118383206, 0.0035099283786, 0.047788365452, 0.056320305633, 0.10958332182, 0.77282241367]
    ],
    [
      [0.00096831776743, 0, 0.59456734539, 0.0076026058133, 0.0030356840686, 0.04621214077, 0.12324722657, 0.22436667961],
      [0.47963083331, 0.14214439818, 0.16808904304, 0.012929010521, 0.026070226684, 0.1182184433, 0.0046075892751, 0.048310455695],
      [0, 0, 0.031679440848, 0.13399850248, 0.087366189858, 0.20098963762, 0.29740178863, 0.24856444057],
      [0.01170829144, 0, 0.0032770062539, 0, 0.13695207809, 0.76836014599, 0.035015342794, 0.044687135436],
      [0, 0, 0, 0.020102609377, 0.011935372423, 0.091833082397, 0.7832504462, 0.092878489607],
      [0.0056966125322, 0.0024946063699, 0.00033706915582, 0.0025220408194, 0.10134481397, 0.086052780109, 0.16130215799, 0.64024991905]
    ],
    [
      [0.0014307608877, 0.041020803845, 0.42588574453, 0, 0, 0.044271859042, 0.10231217365, 0.38507865805],
      [0.35429737645, 0.53495404924, 0.02275307367, 0, 0.002759173878, 0.048145996361, 0.0024072650209, 0.034683065375],
      [0.00049381956255, 0.010441745569, 0.023068900006, 0.084629582652, 0.031015124144, 0.18813294116, 0.24174461828, 0.42047326863],
      [0.026954206034, 0.021769514177, 0.0025288052046, 0.0042437652532, 0.041577200637, 0.7875393901, 0.035052961586, 0.080334157011],
      [0.0018113279862, 0.0023789636385, 0.0048886520463, 0.0032832851408, 0, 0.097881942056, 0.71803741928, 0.17171840985],
      [0.0075780927377, 0.009005228356, 0.0002048251898, 0.00086781773809, 0.027256253121, 0.059556589577, 0.096600712413, 0.79893048087]
    ],
    [
      [0.0010488189551, 0.019584590111, 0.5441834118, 0, 0.0022496727219, 0.048182485619, 0.099934645112, 0.28481637568],
      [0.36089922062, 0.44592749883, 0.047602954096, 0, 0.013120138825, 0.086032568776, 0.0032714599191, 0.043146158937],
      [0, 0.0037430235804, 0.021075169499, 0.38877492098, 0.044241697482, 0.14781934182, 0.17061425515, 0.22373159149],
      [0.0051277295616, 0.0099159882408, 0.0026912308262, 0, 0.097206432472, 0.79398602327, 0.03194312356, 0.059129472065],
      [0.0027443194054, 0, 0.0054007092662, 0.080564549543, 0.0099086492574, 0.099457811808, 0.67080417814, 0.13111978258],
      [0.0057553710354, 0.0057434870313, 0.00030951858448, 0.0078638873239, 0.064492432845, 0.080003461125, 0.11574799993, 0.72008384212]
    ],
    [
      [0.0014489999051, 0.012113802936, 0.40361471232, 0, 0.0033976685549, 0.048417308731, 0.14132542786, 0.38968207969],
      [0.45821385234, 0.33113576778, 0.037771541667, 0, 0.020949069704, 0.08807010952, 0.0037398606259, 0.060119798364],
      [0.00013044847155, 0, 0.02062507644, 0.13550367978, 0.076396234054, 0.16343105208, 0.26606632893, 0.33784718025],
      [0.017395624751, 0, 0.0020281334232, 0.0041728786754, 0.1400615569, 0.72899549247, 0.035940524889, 0.071405788892],
      [0, 0, 0.002318452413, 0.02237842976, 0.010434027292, 0.079577343918, 0.74950029276, 0.13579145386],
      [0.0055458048379, 0.0031140961143, 0.0001833010655, 0.0020773259571, 0.075199372508, 0.059503154493, 0.12225548021, 0.73212146482]
    ],
    [
      [0, 0.023950061381, 0.61273012405, 0, 0.0014026876778, 0.03254946164, 0.090180457279, 0.23918720798],
      [0.34888033953, 0.49107684284, 0.053670808116, 0, 0.0088298164081, 0.058130521426, 0.0030095224697, 0.03640214921],
      [0.00015640132706, 0.0055378753585, 0.029416042102, 0.3806713583, 0.036891233658, 0.12366740976, 0.19048066767, 0.23317901183],
      [0.012975204483, 0.016774543925, 0.0040002668364, 0, 0.093224135249, 0.76310947219, 0.039492218564, 0.070424158753],
      [0.0046390625693, 0.0012342605061, 0.0064232647747, 0.07663300155, 0.0061294383923, 0.077324796676, 0.70074038206, 0.12687579347],
      [0.0070708762885, 0.0079548886616, 0.00039148796561, 0.0074923062815, 0.052873691964, 0.065450419985, 0.12655338553, 0.73221294333]
    ],
    [
      [0.00068165126264, 0.024891534897, 0.60616610883, 0, 0.0006393828855, 0.048346314571, 0.086480105485, 0.23279490207],
      [0.29222852855, 0.51976561293, 0.053680429325, 0, 0.0071592851532, 0.088409941533, 0.0025742902548, 0.036181912251],
      [0, 0.0061662264521, 0.030906816945, 0.29131686018, 0.03346431004, 0.19775611609, 0.19652142665, 0.24386824363],
      [0.0055725877172, 0.012927960268, 0.0031318975442, 0.0040977543405, 0.057464772711, 0.83905323948, 0.026928219655, 0.050823568287],
      [0, 0.0014390547897, 0.0066189647395, 0.064867203431, 0, 0.11755244053, 0.68495604415, 0.12456629236],
      [0.0056017778078, 0.0081773361586, 0.00039453956337, 0.0060069428803, 0.046692712317, 0.097267156886, 0.12181391884, 0.71404561555]
    ],
    [
      [0.00099408435075, 0.011465863516, 0.65217455054, 0.00025235648262, 0.0022910762931, 0.030890252046, 0.080298254415, 0.22163356236],
      [0.43730462476, 0.33105496179, 0.080262768307, 2.0201249845e-05, 0.023721359237, 0.077495978806, 0.0028235888649, 0.047316516988],
      [0.00014035768792, 0.0030055272759, 0.039537338179, 0.23023956435, 0.089175216728, 0.14816488947, 0.21575032741, 0.2739867789],
      [0.018106969685, 0.00076377143349, 0.0095901810078, 0.00077894553655, 0.17317241153, 0.7048584058, 0.029882059156, 0.062847255852],
      [0, 0, 0.0040684066838, 0.055336178015, 0.009263730719, 0.086313573665, 0.71324478773, 0.13177332319],
      [0.0063823005602, 0.0039466126743, 0.00038231410251, 0.0043523402753, 0.10429001148, 0.06357632242, 0.1170205639, 0.70004953459]
    ],
    [
      [0.003250899532, 0.13084535921, 0.35643139813, 0.0002385432845, 0.0025391620931, 0.040095819838, 0.11446642518, 0.35213239273],
      [0.24114914139, 0.7150278292, 0.0078101581407, 0.00010774264869, 0.0040680509096, 0.018024166168, 0.00062936619831, 0.013183545345],
      [0.00066728788721, 0.027926189263, 0.016995434233, 0.1589509616, 0.06398974165, 0.15144991635, 0.24012551701, 0.33989495201],
      [0.050157269127, 0.04390554218, 0.0082029326495, 0.002519966982, 0.11722374255, 0.67544400309, 0.031272543993, 0.071273999427],
      [0, 0, 0, 0.035177043849, 0.011004924654, 0.078570606116, 0.72781865828, 0.1474287671],
      [0.012685643705, 0.028317670182, 0.00011693710903, 0.0025662262309, 0.062238035306, 0.054539825885, 0.1091230291, 0.73041263248]
    ],
    [
      [0.00147345729, 0.031758444663, 0.59739794791, 0, 0.0033015669701, 0.058746255498, 0.10279318189, 0.20452914578],
      [0.43143357278, 0.43019357779, 0.03386310589, 0, 0.012497211332, 0.069408764826, 0.0028647700853, 0.019738997297],
      [0.0003447421587, 0.0084830690349, 0.033784928709, 0.095712470752, 0.09369735261, 0.27377392787, 0.25674967359, 0.23745383528],
      [0.019445172289, 0.012283169462, 0.0023749730986, 0, 0.11267946135, 0.79511019734, 0.027077910157, 0.031029116302],
      [0.0021590569295, 0.0011755410025, 0.0059879593104, 0.012799065625, 0.014286417439, 0.12285690445, 0.74634245954, 0.094392595704],
      [0.012378272297, 0.010035806275, 0.00034696919973, 0.0016762970512, 0.10889496464, 0.11727165254, 0.13906435299, 0.61033168501]
    ],
    [
      [0.012088882008, 0.092287301737, 0.125, 0.046729370072, 0.0025049568663, 0.060886995419, 0.19814173149, 0.46236076241],
      [0.29933514829, 0.60763809529, 0, 0.00053141210485, 0.0074747587328, 0.050617666071, 0.0019498378956, 0.032453081613],
      [0.0065339470111, 0.0095055689546, 0, 0.21657353632, 0.043951978183, 0.15258065836, 0.27609579172, 0.29475851946],
      [0.016673751617, 0.023855013728, 0, 0.0021903837744, 0.08950355559, 0.75835880612, 0.039013595676, 0.070404893496],
      [0, 0, 0, 0.041550719775, 0.0055654737899, 0.070895526539, 0.76323248606, 0.11875579383],
      [0.0063131346851, 0.010710588312, 0, 0.0039365028058, 0.048903391588, 0.062705234725, 0.1427482535, 0.72468289439]
    ],
    [
      [0.0025712649836, 0.068002920386, 0.29411764706, 0.0077892328985, 0.0033795940111, 0.056564621887, 0.1969371686, 0.37063755018],
      [0.32009728138, 0.59506625188, 0, 0.0055675839949, 0.0091670604668, 0.043709987552, 0.0022185078941, 0.024173326834],
      [0.0068133745153, 0.013375480814, 0, 0.24808093852, 0.059550383482, 0.14600975202, 0.28197110889, 0.24419896176],
      [0.024850106425, 0.025550577153, 0, 0.00094749093776, 0.12150120487, 0.72734150087, 0.042109819817, 0.057699299927],
      [0, 0, 0, 0.049242674932, 0.0086920954219, 0.067369385878, 0.77843666249, 0.096259181274],
      [0.0088518232587, 0.013162909115, 0, 0.0050972100421, 0.074018417516, 0.067301553301, 0.16374732851, 0.66782075826]
    ],
    [
      [0.0025609386721, 0.058436859183, 0.42928724204, 0.00034771797102, 0.0025485652063, 0.051222273394, 0.12831758371, 0.32727881983],
      [0.34829172661, 0.55512223211, 0.019118404021, 6.079661253e-05, 0.0076583255553, 0.044300175454, 0.0014850559607, 0.023963283679],
      [0.00044087924014, 0.011989170002, 0.019682013579, 0.19433276679, 0.060175325673, 0.17765763295, 0.24617020295, 0.28955200881],
      [0.029010501243, 0.024970207006, 0.0014544507233, 0.0007917449709, 0.10417604712, 0.75063142753, 0.030484206255, 0.058481415152],
      [0.00084140652404, 0.0012226570691, 0.0026127691798, 0.04291552156, 0.0085026263293, 0.087128911354, 0.73264231555, 0.12413379244],
      [0.010626272832, 0.013532864189, 0.00016921304965, 0.0035580675057, 0.066770252977, 0.07309225773, 0.12767205459, 0.70457901713]
    ],
    [
      [0.0016011228711, 0.026719576086, 0.099477968908, 0.11269976007, 0.0029807258254, 0.065542401477, 0.28889779725, 0.40208064751],
      [0.39951204916, 0.42623752271, 0.014956897118, 2.0916991935e-05, 0.014698773753, 0.091671419669, 0.0058486909079, 0.047053729687],
      [0, 0.0035913886287, 0, 0.17954529477, 0.048305048933, 0.15345198034, 0.37550394059, 0.23960234673],
      [0.011935966985, 0.0070491710674, 0, 0.0021462163152, 0.09923634404, 0.76613014413, 0.058361692311, 0.055140465153],
      [0, 0, 0, 0.020733914956, 0.0060053261475, 0.060446174217, 0.83916070118, 0.073653883501],
      [0.0052027920768, 0.0045744278932, 0, 0.0034653182469, 0.058993392259, 0.069301534247, 0.21358411719, 0.64487841809]
    ],
    [
      [0.00057083252523, 0.013020093363, 0.47510601155, 0.00038143383629, 0.0017298886114, 0.038059704437, 0.1438720469, 0.32725998878],
      [0.33601650429, 0.40261836947, 0.063778648831, 0.00014182797186, 0.016200909471, 0.1019920424, 0.0052952622662, 0.073956435304],
      [0, 0.0022781599291, 0.021739371153, 0.21486503819, 0.042316859771, 0.13568012837, 0.28485503305, 0.29826540953],
      [0.0041307393409, 0.0015869640811, 0.013677974757, 0.0020226360825, 0.096648264262, 0.75664371311, 0.046546736788, 0.078742971574],
      [0, 0, 0, 0.043425424794, 0.0056933539293, 0.063116228553, 0.77149974049, 0.11626525223],
      [0.0032132045709, 0.0031127828192, 0.00022045759114, 0.0039802142477, 0.047476008196, 0.056277904835, 0.1491563712, 0.73656305654]
    ],
    [
      [0.0022281085003, 0.040444377716, 0.4188300158, 0.00018264137763, 0.0019266115432, 0.042594939758, 0.12862151741, 0.3651717879],
      [0.3966562781, 0.49432374933, 0.022049112036, 5.2769243655e-06, 0.0073034997634, 0.045237614176, 0.001853051971, 0.032571417702],
      [0.00033329801765, 0.0087752111447, 0.019586493982, 0.16140505291, 0.049516707196, 0.15642344119, 0.26165846651, 0.34230132906],
