{
  "Z_true": {},
  "V_true": [
    [20, 1121, 171, 1815, 92],
    [176, 477, 219, 11278, 352],
    [144, 245, 8419, 575, 392],
    [900, 111, 384, 969, 153],
    [43, 98, 531, 454, 923]
  ],
  "p_true": [
    [0.0062, 0.3482, 0.0531, 0.5638, 0.0286],
    [0.0141, 0.0382, 0.0175, 0.9021, 0.0282],
    [0.0147, 0.0251, 0.8613, 0.0588, 0.0401],
    [0.3576, 0.0441, 0.1526, 0.385, 0.0608],
    [0.021, 0.0478, 0.2592, 0.2216, 0.4505]
  ],
  "Z_est": [
    [
      [0.0128, 0.0775, 0.0121, 0.1193, 0, 0.2457, 0.0437, 0.2871, 0.1148, 0, 0.0847, 0, 0.2316, 0.0107, 0.0117, 0.0039, 0.0884, 0.1376, 0.0282, 0.0032, 0, 0.0553, 0, 0, 0, 0, 0.2801, 0.0676, 0.0123, 0.0646, 0, 0.0245, 0.2402, 0, 0.6691, 0.1892, 0.3135, 0],
      [12.3663, 43.7877, 12.8942, 67.0258, 41.2124, 80.9122, 45.9406, 64.938, 59.7041, 21.2563, 35.3399, 6.4233, 40.595, 7.1774, 4.6014, 1.853, 38.0967, 39.9973, 23.3257, 1.3539, 18.6109, 25.5201, 2.51, 3.41, 6.9557, 28.0454, 51.1416, 25.7482, 5.4981, 82.6182, 3.7867, 24.346, 95.0832, 0.9029, 190.0106, 76.0445, 191.2894, 38.3164],
      [3.0543, 8.9894, 2.3535, 14.3385, 8.155, 19.3477, 14.3357, 19.8788, 13.7158, 3.5041, 7.3238, 1.5723, 9.6631, 0.7571, 0.9764, 0.8537, 10.4162, 10.1974, 6.2046, 0.1646, 3.9191, 5.1952, 0.5658, 0.8572, 1.9153, 7.7309, 14.89, 7.9443, 4.2036, 19.9864, 1.5534, 3.3117, 25.0196, 0, 58.8795, 17.2539, 35.8881, 6.6163],
      [9.5073, 30.783, 8.7229, 55.2497, 28.4989, 55.3231, 48.4214, 70.822, 50.0097, 14.2097, 27.1349, 2.0044, 39.3182, 3.0445, 2.3972, 2.2895, 34.2351, 37.3052, 21.349, 0.4771, 13.47, 20.905, 1.8973, 1.7328, 10.9896, 24.2238, 49.4232, 27.1515, 11.2217, 61.79, 2.6599, 10.1547, 100.484, 0.0971, 205.2858, 70.2228, 132.9637, 32.0672],
      [0.0593, 0.3624, 0.0173, 0.2667, 0.1338, 0.1713, 0.2587, 0.0741, 0.4555, 0.0298, 0.1168, 0, 0.1921, 0.0103, 0.0133, 0, 0.1637, 0.3626, 0.0924, 0.0013, 0, 0.3244, 0.0269, 0, 0.1394, 0, 0.2651, 0.0883, 0.0643, 0.5407, 0, 0.163, 0.173, 0, 1.1549, 0.2895, 1.5452, 0]
    ],
    [
      [1.6019, 5.5283, 1.1434, 4.4302, 2.7407, 6.6915, 4.3617, 3.3283, 6.8726, 0, 6.6247, 0.1694, 5.0441, 0.3333, 1.3871, 0, 9.1749, 9.509, 4.7022, 0.8472, 0.5805, 0, 0.0442, 0.2565, 0, 0.9421, 11.3683, 4.1001, 1.4512, 3.6782, 0, 1.0586, 3.7207, 0, 36.3224, 1.4737, 10.9974, 0.8984],
      [1.0724, 4.3295, 1.7119, 6.6812, 5.8555, 3.4825, 0.1109, 0.2866, 4.3194, 2.5038, 4.2325, 0.8876, 1.0328, 2.1151, 0.6346, 0, 3.0197, 2.4585, 2.9219, 0.467, 1.1771, 0.1423, 0.1261, 1.2207, 0, 0.4516, 1.23, 0.4729, 0.3443, 2.1086, 0.0564, 1.1763, 0.5952, 0, 1.1504, 2.9249, 18.7157, 1.0942],
      [2.9296, 0.808, 0, 0, 2.3001, 6.4582, 4.4044, 1.2015, 0, 0, 0, 0.7217, 0, 0, 2.354, 0.7118, 9.7485, 0, 5.1465, 0.9364, 0.5935, 0, 0.1237, 2.0712, 0, 0.9918, 4.7515, 3.0001, 2.8129, 2.6721, 0.2732, 0, 0, 0, 12.3968, 0, 0, 0],
      [121.821, 308.9987, 99.0037, 758.6283, 374.6727, 295.628, 358.5734, 187.1792, 596.7409, 212.6384, 439.8642, 10.2214, 487.806, 67.1886, 37.6595, 30.2882, 546.2989, 668.4294, 499.7741, 22.0778, 76.4336, 240.6826, 21.2113, 19.4516, 40.756, 72.3373, 432.5297, 251.0927, 53.8208, 243.9137, 5.4989, 40.8958, 368.718, 1, 1946.9053, 548.143, 1136.1503, 75.1154],
      [5.5751, 18.3355, 3.141, 28.2602, 14.431, 12.7398, 14.5496, 6.0043, 32.0671, 5.8578, 15.2786, 0, 18.1171, 2.3631, 1.9648, 0, 20.7581, 40.6031, 16.4553, 0.6716, 2.2153, 17.1751, 1.4946, 0, 2.244, 2.2771, 18.1205, 8.3343, 2.5708, 12.6273, 0.1715, 2.8693, 11.9662, 0, 80.2251, 19.4584, 64.1366, 0.8921]
    ],
    [
      [0.9011, 2.8448, 0.9135, 11.6833, 2.0184, 7.3041, 2.6045, 6.0909, 9.5315, 2.5839, 8.0832, 0, 13.643, 2.3317, 0.2226, 0.1625, 5.0333, 11.7621, 1.9751, 0.4201, 0.4474, 6.8086, 0, 0, 0.0362, 1.5729, 12.0683, 3.4104, 0, 5.9279, 0, 1.8236, 7.128, 0, 23.269, 12.7049, 20.7634, 0.9044],
      [3.5305, 9.6726, 2.7606, 15.739, 16.9324, 20.3643, 7.2134, 9.4624, 20.892, 8.64, 18.9658, 0.3527, 8.3189, 6.1808, 1.5835, 0, 13.3177, 12.7529, 7.9971, 1.071, 4.675, 8.8331, 1.2156, 0, 0, 6.6599, 16.3932, 7.303, 0, 24.9475, 0.0323, 9.9545, 12.1176, 0.0882, 42.7436, 13.5338, 43.4528, 5.4015],
      [81.432, 176.7503, 45.7741, 309.0926, 284.5467, 402.2198, 232.7801, 342.6074, 449.3746, 103.6685, 357.0179, 13.6473, 190.9475, 54.0711, 30.919, 5.6334, 347.3708, 313.0798, 202.5451, 15.3699, 79.4178, 141.7584, 30.8904, 25, 18.5282, 171.6903, 498.6101, 235.7932, 127.0201, 533.0464, 9.9677, 90.405, 342.9308, 0.8157, 1379.2594, 294.9303, 703.8318, 87.8156],
      [2.1544, 6.2683, 2.1499, 16.6914, 11.5079, 4.8433, 9.7017, 16.7625, 21.4247, 6.2574, 18.5453, 0, 11.5722, 2.9226, 0, 0.204, 11.9387, 14.7343, 8.6205, 0.0903, 3.1207, 8.1449, 0.8654, 0, 3.9726, 4.8322, 16.5316, 9.8635, 0, 11.4939, 0, 0.7262, 21.7705, 0.0961, 60.9585, 18.3399, 30.7376, 5.8785],
      [0.982, 3.4639, 0.4018, 3.7937, 2.9946, 3.2685, 2.7002, 2.0767, 8.7771, 0.8502, 3.3878, 0, 2.5184, 0.4938, 0.2749, 0, 3.3394, 6.6709, 1.8622, 0.0487, 0.3391, 4.4551, 1.0286, 0, 0.4631, 0.2447, 5.3968, 1.63, 0.9799, 8.5842, 0, 2.0907, 3.0531, 0, 16.7694, 3.4911, 14.2145, 0]
    ],
    [
      [6.9099, 15.2311, 4.6109, 32.6046, 27.2265, 41.5645, 33.7071, 27.077, 53.4932, 12.877, 39.6573, 1.7655, 43.8932, 4.689, 5.2732, 2.3559, 31.8357, 29.9761, 19.3818, 1.6535, 5.7847, 13.0833, 0.9232, 2.532, 0.9499, 10.994, 55.8568, 29.1549, 6.296, 22.0348, 0.9943, 2.8209, 21.1842, 0, 164.086, 34.8352, 81.2074, 4.6381],
      [0.0257, 0.071, 0.0289, 0.1164, 0.2948, 0.2089, 0, 0, 0.1591, 0.149, 0.1603, 0.0341, 0.0045, 0.0473, 0.031, 0, 0.068, 0.0424, 0.063, 0.0061, 0.0645, 0.0329, 0.0047, 0.0158, 0, 0.0281, 0, 0, 0, 0.0847, 0.1105, 0.0194, 0.013, 0.0089, 0, 0.0743, 0.5456, 0.0375],
      [4.705, 8.1321, 2.5369, 18.3991, 22.3605, 21.5992, 23.6949, 15.0341, 29.9143, 9.14, 20.2235, 0.9702, 16.9887, 1.8106, 2.6356, 1.5897, 19.2342, 13.6653, 15.6773, 0.4757, 4.7622, 6.3267, 1.3048, 1.8915, 1.5163, 7.8623, 25.6382, 17.7544, 5.4728, 14.5728, 1.1839, 1.0835, 12.2753, 0.1843, 91.4293, 18.1928, 42.0595, 2.9499],
      [9.3387, 17.4862, 5.8204, 43.809, 49.0608, 40.6145, 50.5122, 33.8889, 68.0922, 22.834, 46.9295, 1.2301, 43.0593, 4.4507, 4.06, 3.0544, 39.8167, 31.166, 33.8463, 0.8647, 10.3885, 15.4392, 2.7479, 2.5607, 4.5143, 16.1157, 53.4315, 38.0906, 9.2189, 29.2156, 1.7113, 2.0675, 29.4994, 0.8068, 200.1017, 44.839, 95.7149, 7.3746],
      [0.0207, 0.0796, 0.0029, 0.0709, 0.0574, 0.0129, 0.0858, 0, 0.3412, 0, 0.0294, 0, 0.0543, 0.0025, 0.0003, 0, 0.0454, 0.1502, 0.0316, 0, 0, 0.1178, 0.0194, 0, 0.0194, 0, 0.0735, 0, 0.0123, 0.0921, 0, 0.0088, 0.028, 0, 0.3829, 0.0586, 0.4726, 0]
    ],
    [
      [0.5743, 1.3185, 0.32, 2.1626, 1.0144, 2.1942, 1.283, 1.2167, 1.9878, 0.5391, 1.5502, 0.0651, 2.1883, 0.6352, 0.1056, 0.4777, 1.8677, 2.6153, 0.9128, 0.0761, 0.1874, 1.0529, 0.0326, 0.2116, 0.0139, 0.491, 2.4264, 1.267, 0.2405, 1.2944, 0.0057, 0.2725, 1.7268, 0, 8.6535, 1.797, 4.7183, 0.5591],
      [1.0051, 2.1391, 0.6044, 3.4376, 2.7049, 3.0322, 1.7352, 1.313, 2.9254, 1.451, 2.3015, 0.3023, 2.0489, 1.4795, 0.1496, 0.147, 2.4979, 2.7489, 1.6923, 0.102, 0.4725, 1.4716, 0.1436, 0.3535, 0.0443, 0.815, 2.2352, 1.4759, 0.1576, 2.2409, 0.0142, 0.5037, 2.191, 0, 9.0953, 2.4224, 7.9965, 1.1505],
      [0.8791, 1.3201, 0.3354, 2.1698, 1.6378, 2.3751, 1.7849, 1.2781, 1.9952, 0.6874, 1.4348, 0.0885, 1.4006, 0.3612, 0.115, 0.2114, 2.2303, 2.0576, 1.4263, 0.0534, 0.3074, 0.7197, 0.1154, 0.1801, 0.0402, 0.7247, 2.1102, 1.508, 0.4906, 1.7223, 0.0218, 0.1998, 1.7743, 0, 9.0349, 1.623, 4.2206, 0.6182],
      [8.1786, 15.4637, 4.3032, 29.6215, 19.2597, 21.5911, 19.7913, 15.3474, 25.7325, 10.0605, 18.5261, 0.5441, 21.2442, 6.3937, 0.8833, 2.164, 23.7106, 27.365, 16.4101, 0.4901, 3.5872, 12.8283, 1.2781, 1.2549, 0.7675, 7.4911, 23.084, 16.8017, 3.7386, 17.5867, 0.1299, 2.1558, 24.5281, 0, 105.7486, 23.4552, 56.4335, 9.5643],
      [19.3629, 40.7586, 8.437, 58.6085, 39.3832, 49.8074, 41.4056, 26.8449, 63.3591, 17.2621, 35.1875, 1, 42.118, 13.1304, 2.7466, 1, 48.6934, 71.2132, 30.5585, 1.2784, 6.4455, 35.9276, 4.4304, 1, 2.1341, 13.4782, 50.1441, 31.9474, 9.3726, 45.1557, 0.8285, 7.8681, 43.7798, 0, 221.4676, 44.7024, 142.6312, 14.1079]
    ]
  ],
  "V_est": [
    [3.4294, 1518.639, 371.5324, 1317.8431, 7.5561],
    [151.3826, 81.11, 67.4077, 11698.1483, 503.9515],
    [186.9745, 383.0995, 8730.559, 363.7217, 110.6452],
    [893.1587, 2.5503, 505.2477, 1113.7727, 2.2706],
    [48.0548, 66.6012, 49.2532, 597.5143, 1287.5766]
  ],
  "p_est": [
    [0.0011, 0.4718, 0.1154, 0.4094, 0.0023],
    [0.0121, 0.0065, 0.0054, 0.9357, 0.0403],
    [0.0191, 0.0392, 0.8932, 0.0372, 0.0113],
    [0.3549, 0.001, 0.2007, 0.4425, 0.0009],
    [0.0235, 0.0325, 0.024, 0.2916, 0.6284]
  ],
  "EI_Z": {},
  "EI_V": 8.1234,
  "MAE_Z": {},
  "MAE_V": 195.3656,
  "MAE_p": 0.051,
  "runtime": 0.002
}
