{
  "X": [
    [3, 3, 28, 17, 9, 10, 9, 10, 5, 6],
    [9, 2, 26, 18, 10, 11, 2, 7, 4, 11],
    [5, 2, 37, 13, 5, 10, 3, 6, 3, 16],
    [5, 3, 40, 10, 8, 11, 3, 10, 3, 7],
    [5, 3, 22, 16, 14, 9, 4, 5, 10, 12],
    [1, 1, 35, 19, 5, 9, 3, 13, 4, 10],
    [15, 3, 21, 16, 9, 18, 2, 8, 3, 5],
    [16, 4, 18, 10, 7, 25, 5, 5, 5, 5],
    [12, 2, 13, 21, 8, 20, 5, 7, 9, 3],
    [14, 1, 17, 13, 9, 19, 7, 6, 7, 7],
    [11, 4, 17, 11, 6, 23, 4, 7, 6, 11],
    [12, 2, 15, 15, 8, 16, 7, 12, 5, 8],
    [8, 7, 16, 9, 6, 21, 12, 3, 11, 7],
    [6, 8, 20, 10, 5, 17, 8, 5, 4, 17],
    [8, 9, 25, 10, 5, 16, 10, 3, 5, 9],
    [7, 5, 17, 15, 4, 15, 17, 4, 3, 13],
    [5, 6, 24, 5, 6, 17, 10, 10, 5, 12],
    [8, 9, 19, 10, 5, 18, 18, 4, 2, 7],
    [8, 4, 23, 12, 4, 12, 19, 5, 1, 12],
    [5, 12, 31, 15, 4, 7, 1, 9, 4, 12],
    [7, 5, 26, 20, 7, 13, 4, 12, 2, 4],
    [5, 13, 25, 16, 4, 7, 6, 8, 6, 10],
    [3, 9, 23, 22, 6, 10, 11, 11, 1, 4],
    [3, 4, 28, 20, 5, 9, 7, 11, 4, 9],
    [3, 8, 24, 19, 3, 13, 3, 14, 5, 8],
    [5, 2, 14, 4, 8, 12, 18, 3, 13, 21],
    [10, 1, 15, 10, 7, 8, 12, 5, 13, 19],
    [14, 3, 16, 5, 5, 11, 12, 3, 14, 17],
    [11, 4, 16, 6, 7, 13, 17, 3, 10, 13],
    [8, 2, 18, 6, 6, 12, 10, 5, 14, 19],
    [14, 1, 17, 9, 1, 9, 16, 4, 13, 16],
    [5, 10, 35, 10, 2, 10, 5, 2, 11, 10],
    [3, 7, 40, 14, 4, 8, 11, 4, 4, 5],
    [10, 9, 33, 20, 2, 6, 6, 4, 5, 5],
    [7, 6, 33, 16, 7, 11, 8, 3, 4, 5],
    [3, 6, 40, 25, 3, 5, 5, 5, 3, 5],
    [5, 4, 32, 22, 5, 10, 8, 4, 5, 5],
    [2, 4, 24, 14, 10, 12, 14, 7, 7, 6],
    [4, 5, 19, 9, 18, 12, 18, 6, 1, 8],
    [5, 4, 19, 8, 14, 14, 19, 4, 8, 5],
    [3, 4, 15, 14, 15, 21, 11, 5, 4, 8],
    [4, 2, 15, 11, 11, 21, 13, 5, 7, 11],
    [3, 3, 19, 13, 13, 18, 15, 9, 1, 6],
    [3, 6, 20, 11, 17, 15, 13, 4, 5, 6],
    [2, 6, 30, 14, 3, 12, 5, 4, 11, 13],
    [2, 9, 27, 12, 6, 8, 6, 3, 12, 15],
    [4, 10, 23, 12, 4, 7, 6, 4, 14, 16],
    [6, 2, 27, 14, 2, 9, 3, 5, 6, 26],
    [9, 2, 25, 11, 3, 7, 7, 4, 9, 23],
    [2, 3, 26, 16, 3, 10, 4, 8, 4, 24]
  ],
  "W": [
    [58, 5, 6, 6, 4, 9, 8, 4],
    [60, 3, 5, 4, 5, 10, 4, 9],
    [55, 8, 3, 10, 4, 6, 3, 11],
    [57, 3, 6, 4, 7, 10, 6, 7],
    [54, 6, 4, 6, 7, 5, 8, 10],
    [64, 7, 4, 11, 2, 5, 1, 6],
    [19, 49, 7, 11, 4, 4, 3, 3],
    [8, 54, 8, 8, 6, 6, 7, 3],
    [9, 57, 6, 6, 5, 8, 7, 2],
    [9, 58, 6, 6, 4, 9, 2, 6],
    [8, 50, 6, 10, 6, 3, 11, 6],
    [10, 53, 8, 9, 5, 4, 5, 6],
    [4, 27, 42, 7, 8, 2, 3, 7],
    [6, 4, 65, 6, 7, 4, 3, 5],
    [3, 4, 55, 5, 2, 15, 9, 7],
    [13, 5, 47, 5, 8, 3, 13, 6],
    [6, 13, 57, 6, 5, 4, 3, 6],
    [5, 9, 46, 5, 7, 7, 13, 8],
    [3, 5, 42, 25, 6, 6, 6, 7],
    [7, 7, 10, 53, 6, 7, 5, 5],
    [4, 11, 6, 54, 5, 6, 10, 4],
    [5, 3, 6, 62, 6, 5, 3, 10],
    [3, 12, 8, 49, 4, 8, 7, 9],
    [8, 7, 10, 47, 6, 8, 4, 10],
    [7, 6, 7, 61, 5, 2, 3, 9],
    [3, 7, 12, 2, 62, 0, 6, 8],
    [6, 4, 7, 6, 58, 7, 7, 5],
    [2, 2, 4, 9, 69, 3, 5, 6],
    [3, 6, 5, 5, 58, 3, 11, 9],
    [6, 6, 8, 6, 57, 3, 8, 6],
    [4, 9, 8, 3, 64, 6, 3, 3],
    [5, 5, 5, 4, 22, 44, 5, 10],
    [8, 7, 5, 4, 8, 53, 6, 9],
    [8, 9, 7, 5, 7, 54, 4, 6],
    [7, 8, 6, 4, 9, 51, 12, 3],
    [5, 3, 6, 6, 8, 60, 8, 4],
    [2, 8, 8, 5, 2, 61, 8, 6],
    [7, 10, 5, 13, 5, 30, 27, 3],
    [6, 7, 6, 5, 2, 7, 60, 7],
    [8, 5, 5, 6, 9, 9, 52, 6],
    [6, 7, 3, 4, 6, 11, 54, 9],
    [11, 7, 7, 2, 5, 5, 56, 7],
    [5, 4, 8, 7, 2, 12, 56, 6],
    [8, 6, 7, 6, 3, 8, 45, 17],
    [3, 5, 7, 11, 4, 10, 5, 55],
    [7, 5, 5, 5, 8, 9, 6, 55],
    [2, 5, 3, 9, 8, 6, 13, 54],
    [10, 10, 4, 5, 3, 4, 7, 57],
    [2, 8, 4, 10, 8, 4, 6, 58],
    [6, 6, 10, 7, 4, 9, 8, 50]
  ],
  "method": "mvn_cdf",
  "mvncdf_method": "genz",
  "mvncdf_samples": 5000,
  "mvncdf_error": 0.001,
  "cond_prob": [
    [
      [0.025599467315, 0.0085918525337, 0.33789141716, 0.19001332461, 0.11357502876, 0.084891700243, 0.00092580009113, 0.13050312967, 0.044087640106, 0.063920639521],
      [0.13425471483, 0.0038949554228, 0.067823043063, 0.15433754071, 0.08801175557, 0.31030133045, 0.050741460047, 0.093726757951, 0.08062409809, 0.01628434387],
      [0.034309024533, 0.075964614267, 0.1311974765, 0.053177965749, 0.022024499009, 0.16606473158, 0.38444661958, 0.040210174207, 0.021728217196, 0.070876677372],
      [0.011808088982, 0.12167081208, 0.25101809374, 0.24603876696, 0.021334867472, 0.060868785977, 0.067541066338, 0.17739440077, 0.013157362677, 0.029167755002],
      [0.077026260543, 0.0039919826758, 0.089168115079, 0.018229856195, 0.036345044475, 0.074929449511, 0.36459306308, 0.013278250169, 0.18891905393, 0.13351892434],
      [0.0189625998, 0.092496422296, 0.42827537995, 0.26122393344, 0.0090700283529, 0.030161451773, 0.11209784143, 0.016058557628, 0.029142233078, 0.0025115522587],
      [0.0036097368496, 0.017181773603, 0.056134151274, 0.059723349669, 0.18178210189, 0.17397860092, 0.42252176903, 0.043925956688, 0.022667825361, 0.018474734718],
      [0.014902076323, 0.077623824408, 0.27741626954, 0.12762936244, 0.0077915267676, 0.050043489242, 0.033310800392, 0.026877391734, 0.15779599696, 0.22660926219]
    ],
    [
      [0.066537066831, 0.0046449145389, 0.28377804937, 0.19133587241, 0.13095010712, 0.098536692591, 0.0020166083103, 0.0927197562, 0.029643943613, 0.099836989017],
      [0.376951594, 0.0016092194168, 0.042764519674, 0.11394760453, 0.07565695915, 0.27547955801, 0.0083721503202, 0.048202226808, 0.039764905148, 0.017251262947],
      [0.16018872986, 0.055980799531, 0.14313137938, 0.068148237485, 0.032465241063, 0.25608723756, 0.10314087737, 0.035960350539, 0.018510059599, 0.12638708763],
      [0.048457887887, 0.08151303004, 0.24964433447, 0.28744043336, 0.028706342939, 0.084814177755, 0.01756864293, 0.14388034648, 0.010128693955, 0.047846110184],
      [0.31625821951, 0.0025590549239, 0.082919570633, 0.020183889339, 0.046185134449, 0.098060015581, 0.083507409389, 0.010369688304, 0.13683816469, 0.20311885318],
      [0.07692215123, 0.062642390683, 0.42750800509, 0.30714535797, 0.012224299718, 0.041876863831, 0.028949541775, 0.013578298121, 0.022972668956, 0.0061804226271],
      [0.016613095082, 0.013465121986, 0.067711980972, 0.083789233758, 0.29987054813, 0.29461689575, 0.12341496073, 0.042891889677, 0.020834692848, 0.036791581063],
      [0.051686779682, 0.046382409135, 0.24114037957, 0.13110799551, 0.0095800284661, 0.061570063614, 0.0074684204713, 0.019742869724, 0.10797192328, 0.32334913054]
    ],
    [
      [0.038762058319, 0.0027691094417, 0.43626808282, 0.13528450443, 0.065152793782, 0.078465687242, 0.010622103054, 0.07098183402, 0.019369137094, 0.1423246898],
      [0.20501715836, 0.0025116497413, 0.099253412081, 0.12619627209, 0.061903574305, 0.33389628293, 0.019635661799, 0.060389616721, 0.049817531472, 0.0413788405],
      [0.058214398978, 0.056385798001, 0.2162377727, 0.048762811843, 0.017077835907, 0.19922613094, 0.15354342552, 0.029024237449, 0.014781547286, 0.20674604137],
      [0.019182968074, 0.083188905027, 0.37925437454, 0.20712383626, 0.014850154724, 0.067289798961, 0.026742582513, 0.11762439152, 0.0078716487762, 0.076871339599],
      [0.11992567004, 0.0025715740412, 0.1342982236, 0.015318135219, 0.02611262138, 0.082197722335, 0.13331977414, 0.0086596266338, 0.11879845177, 0.35879820084],
      [0.027741520242, 0.058336635605, 0.60170272129, 0.20362307919, 0.0054548310787, 0.030476319544, 0.040111747386, 0.0096048016552, 0.016753771445, 0.0061945725704],
      [0.0079545410951, 0.01554352763, 0.11781524071, 0.069143661093, 0.18244694424, 0.26464433589, 0.2150843165, 0.040019743192, 0.019314596958, 0.068033092693],
      [0.017405565727, 0.038147513256, 0.29719237641, 0.076528480213, 0.0033738534438, 0.039732612872, 0.010130945961, 0.012476274685, 0.070857804707, 0.43415457272]
    ],
    [
      [0.040891541555, 0.0085205243141, 0.44996152519, 0.10628452586, 0.097787073604, 0.086049161665, 0.0029663153331, 0.13331338187, 0.016851205946, 0.057374744666],
      [0.19547875478, 0.0033531977927, 0.098536519383, 0.10065489022, 0.080246716487, 0.34911480498, 0.012524732818, 0.10251089064, 0.041796915, 0.015782577904],
      [0.065544926301, 0.090652326651, 0.25013514855, 0.044860350704, 0.026369102514, 0.24465168738, 0.11602751376, 0.057700097598, 0.014399749058, 0.089659097482],
      [0.017638620885, 0.11164363415, 0.37055904314, 0.16252454405, 0.019726301589, 0.068783245084, 0.016786940557, 0.19717508668, 0.0065832377531, 0.028579346105],
      [0.16127901471, 0.0054460338061, 0.18435803057, 0.016038951314, 0.047622823779, 0.11985432009, 0.12083402878, 0.020907057382, 0.13931262515, 0.18434711443],
      [0.028131639169, 0.083334552696, 0.61790930875, 0.16758203698, 0.0085618234095, 0.033119680304, 0.026884735077, 0.017598872291, 0.014417268797, 0.0024600825291],
      [0.0083443435447, 0.022418964812, 0.12063682369, 0.056860742383, 0.24595642572, 0.28899576742, 0.14280580241, 0.070768774327, 0.016757749936, 0.026454605759],
      [0.02265518139, 0.072542924534, 0.41144517121, 0.084471370244, 0.0076514683983, 0.057236945335, 0.0083589451619, 0.030250408395, 0.083064501016, 0.22232308431]
    ],
    [
      [0.044228086319, 0.0077683216677, 0.27447842468, 0.18725680976, 0.16948158084, 0.074102186785, 0.011362779077, 0.065043493185, 0.0505151302, 0.11576318748],
      [0.18053090706, 0.0036828838922, 0.051835490793, 0.13749519254, 0.13823131872, 0.24761592463, 0.016980310839, 0.046481591291, 0.15175140266, 0.025394977577],
      [0.064917693064, 0.096720690803, 0.1420411241, 0.066900199135, 0.04720923604, 0.18711385961, 0.16533604429, 0.028066703606, 0.055204565004, 0.14648988435],
      [0.020570242743, 0.1393169173, 0.24204314031, 0.2753819314, 0.040041249738, 0.06148163318, 0.027905129726, 0.11093011008, 0.027276736328, 0.055052909199],
      [0.10512211312, 0.0040570656619, 0.068967996221, 0.017574980675, 0.05601828216, 0.06116802199, 0.11254558608, 0.0063192299936, 0.36939598858, 0.19883073551],
      [0.031881514806, 0.10332261272, 0.40693740458, 0.28759684256, 0.015110689294, 0.029732747385, 0.044841373393, 0.0095053602267, 0.064683930383, 0.0063875246533],
      [0.0074451416828, 0.019971737451, 0.056270594559, 0.070255544143, 0.3808041671, 0.18170790565, 0.1672124561, 0.028136147636, 0.050741921948, 0.037454383734],
      [0.019058216832, 0.063084263671, 0.18791010312, 0.1020215302, 0.0075407521501, 0.036493799227, 0.010602749099, 0.011406375321, 0.26620689276, 0.29567531761]
    ],
    [
      [0, 0, 0.38915736159, 0.19009424764, 0.063139203383, 0.071597440564, 0.012466858545, 0.14187269867, 0.032653019122, 0.099019170492],
      [0.091760803466, 0.0013082171571, 0.093518291413, 0.18456991711, 0.064380256107, 0.31584777864, 0.02345869187, 0.12692628807, 0.070552430937, 0.02767732523],
      [0.027525637653, 0.043119122183, 0.21358066654, 0.074997021989, 0.018606241379, 0.19875173873, 0.20028200183, 0.064008986963, 0.022090612703, 0.13703797004],
      [0.0019830897653, 0.037836295729, 0.32692783825, 0.26448253361, 0.013215671719, 0.055741339404, 0.028225154166, 0.21640483094, 0.010732674417, 0.044450572001],
      [0.06190003255, 0.0019143114045, 0.14228945224, 0.025181966385, 0.030756796818, 0.087655641716, 0.18585781071, 0.020538730131, 0.19069214673, 0.25321311131],
      [0.010977248653, 0.040162739708, 0.53797791172, 0.28470633744, 0.0053899330809, 0.027533558007, 0.046216882787, 0.019211804999, 0.022884706521, 0.0049388770785],
      [0.003090352903, 0.010409043804, 0.10206629811, 0.09302567582, 0.17457111461, 0.23028144787, 0.24440669401, 0.07742931667, 0.024973869301, 0.039746186903],
      [0.0073301960735, 0.0311858955, 0.31870619508, 0.12762691301, 0.0042662437805, 0.042567857289, 0.013183129588, 0.030101396397, 0.11485603248, 0.31017614081]
    ],
    [
      [0.045150737457, 0.0033672947065, 0.40554956891, 0.17806134659, 0.11897536171, 0.067620712021, 0.0012762617458, 0.098502252586, 0.015791254486, 0.065705209777],
      [0.2481835423, 0.0093425456886, 0.079484007467, 0.15259745145, 0.10139001316, 0.27135848296, 0.0043634044331, 0.078096408963, 0.033946451139, 0.021237692436],
      [0.090963540211, 0.092838973365, 0.23034974064, 0.074386443403, 0.034823722514, 0.20880655461, 0.10425759902, 0.045725269996, 0.014193761851, 0.10365439439],
      [0.02294535189, 0.11073462145, 0.32770368176, 0.25605796946, 0.025477230049, 0.056594385027, 0.013377784467, 0.14925672211, 0.0053291060078, 0.032523147777],
      [0.2080021358, 0.0048263354561, 0.15842645991, 0.025851832547, 0.058628288843, 0.095926978673, 0.1013522357, 0.015357521724, 0.13308928985, 0.1985389215],
      [0.035561310146, 0.079281448787, 0.53758231923, 0.25888843446, 0.0097970741841, 0.026367131104, 0.022623604957, 0.012888433417, 0.013755377954, 0.0032548657613],
      [0.010213976965, 0.021493989158, 0.10643515061, 0.089588311754, 0.31553335675, 0.23528902596, 0.12273684603, 0.05314024425, 0.016347188088, 0.029221910428],
      [0.029034349495, 0.069789969294, 0.35977085749, 0.13149684082, 0.0090134573741, 0.046471057364, 0.0069571621975, 0.022475925062, 0.080731108155, 0.24425927275]
    ],
    [
      [0.049905120015, 0.0018956221189, 0.43861475182, 0.13228611406, 0.095136049906, 0.096084280952, 0.0068111398212, 0.077177678718, 0.02697887476, 0.075110367826],
      [0.2458988393, 0.0080512043776, 0.079775805469, 0.097450356705, 0.074802105928, 0.34421119149, 0.019616546853, 0.052200960242, 0.055549510057, 0.022443479579],
      [0.080391329537, 0.11827016006, 0.20034841863, 0.044276236959, 0.022906531578, 0.23940548185, 0.14959379645, 0.028984717375, 0.018257666229, 0.097565661329],
      [0.024415514497, 0.16926862438, 0.34098672121, 0.18375790936, 0.019726461827, 0.076949549888, 0.025272867345, 0.11382446679, 0.0097773628487, 0.03602052186],
      [0.18510376118, 0.0059603672869, 0.1389327547, 0.01521309491, 0.038754909133, 0.11061912012, 0.14589079086, 0.0096677798353, 0.16134554162, 0.18851188036],
      [0.036719607542, 0.11893535235, 0.54820108747, 0.18223469798, 0.0076210473061, 0.034664182518, 0.038517758288, 0.00933049841, 0.0200664072, 0.0037093609341],
      [0.0098378257959, 0.029915185695, 0.10107164519, 0.058725294164, 0.22299209013, 0.29538741124, 0.19236713591, 0.037220357322, 0.022070960542, 0.030412094009],
      [0.027987324102, 0.096993031152, 0.34073426737, 0.086451612784, 0.0064445212952, 0.057889821241, 0.011420931571, 0.015573691059, 0.10574893651, 0.25075586292]
    ],
    [
      [0.035774347038, 0.0014911871151, 0.30239178796, 0.27303372, 0.10318877711, 0.073567129017, 0.0071523948116, 0.10142179091, 0.049681125387, 0.052297740655],
      [0.17884246956, 0.0074452088981, 0.057454742889, 0.19461103349, 0.083296044503, 0.2693243789, 0.021857833251, 0.076504553457, 0.098610424828, 0.012053310214],
      [0.067655829071, 0.066994325893, 0.16536029378, 0.10849164998, 0.029374819854, 0.21627790761, 0.1792126799, 0.045624866096, 0.03980264858, 0.081204979244],
      [0.017486540463, 0.078542204303, 0.23262850155, 0.37785861486, 0.021087155068, 0.05846201224, 0.025031683132, 0.14718509143, 0.017175201124, 0.024542995832],
      [0.13173139148, 0.0031678982, 0.097668627941, 0.031107611534, 0.042499368021, 0.085421525523, 0.14826499136, 0.013402105268, 0.31326872466, 0.13346775602],
      [0.027368641738, 0.058724421168, 0.39068423585, 0.39229305645, 0.008808817787, 0.027889990921, 0.04024218687, 0.01355309477, 0.038190524794, 0.0022450296561],
      [0.0076225943699, 0.015037225765, 0.071574181975, 0.12244352772, 0.2461338254, 0.22769094012, 0.19667878961, 0.050092759874, 0.041360782684, 0.021365372486],
      [0.02109582123, 0.049043893449, 0.2503922457, 0.19038940929, 0.0073752297967, 0.046951293237, 0.012125897119, 0.021749992995, 0.21440762883, 0.18646858835]
    ],
    [
      [0.039937575153, 0, 0.36168097494, 0.14960251114, 0.13930159585, 0.071275552729, 0.012851212043, 0.08721023157, 0.035884463059, 0.10225588352],
      [0.20821698446, 0, 0.071088123531, 0.12291881764, 0.11208942418, 0.27290520201, 0.032901954963, 0.066221521932, 0.07928878027, 0.03436919101],
      [0.061280943925, 0.034865619753, 0.15774987853, 0.048131462865, 0.031212745618, 0.16873971628, 0.31757602529, 0.031344351304, 0.022978978724, 0.12612027771],
      [0.022120042265, 0.058649551456, 0.31659437445, 0.2334531417, 0.031630719296, 0.06454922377, 0.059622578237, 0.14444463454, 0.014428911227, 0.054506823062],
      [0.12054234542, 0.0012162409827, 0.094116980402, 0.01449013268, 0.045931567061, 0.067122501893, 0.26354257916, 0.0091379411635, 0.17472973212, 0.20916997912],
      [0.048351149087, 0.026542610297, 0.51048319601, 0.23238627261, 0.011927478251, 0.028935023269, 0.092651084587, 0.012291661894, 0.03020231237, 0.0062292116256],
      [0.0063696401708, 0.0074427875691, 0.066742168297, 0.053126266496, 0.26138013155, 0.17394508024, 0.34211642403, 0.033444883149, 0.023072101181, 0.032360517321],
      [0.022250300699, 0.030045823502, 0.27856558676, 0.096514805331, 0.009034068292, 0.042248215139, 0.023428526095, 0.017576540129, 0.13949321582, 0.34084291823]
    ],
    [
      [0.032142037099, 0.0017690804614, 0.40176053759, 0.13180543043, 0.068118953548, 0.078075827579, 0.0043299897837, 0.091020664786, 0.029380452687, 0.16159702604],
      [0.18741447973, 0.0077667448962, 0.089884905327, 0.11980453936, 0.059595345242, 0.33376331118, 0.012200947415, 0.07885515395, 0.07308716171, 0.037627411193],
      [0.052505127626, 0.11736709726, 0.18764161541, 0.045462843846, 0.016377728269, 0.19803993031, 0.11104749369, 0.035260030018, 0.020213663361, 0.21608447021],
      [0.016118978021, 0.16613869052, 0.31547124717, 0.18464299524, 0.01373700349, 0.063034831692, 0.018014237507, 0.13546632109, 0.011302983094, 0.076072712166],
      [0.10799104131, 0.0053105551325, 0.11706884772, 0.014236772995, 0.02526989054, 0.082168207065, 0.097229201892, 0.011050370056, 0.15873372497, 0.38094138832],
      [0.025514734288, 0.12508761474, 0.54358396016, 0.19647115546, 0.0056012051492, 0.030973436654, 0.030296657999, 0.012241267252, 0.023267760881, 0.0069622074206],
      [0.0077202052638, 0.034010840911, 0.10829442638, 0.068333463438, 0.18643847381, 0.27821668615, 0.16332692631, 0.051759440942, 0.028292254556, 0.073607282244],
      [0.014417743718, 0.075112532941, 0.24778410198, 0.068270061816, 0.0033997557321, 0.037054470263, 0.0063373331605, 0.015078953457, 0.090477674889, 0.44206737204]
    ],
    [
      [0.033601845326, 0.0011051232437, 0.32623435734, 0.17224405647, 0.10397157044, 0.05585578253, 0.0099135155219, 0.17340346542, 0.024170552686, 0.099499731035],
      [0.19177055773, 0.0048395496422, 0.070494688431, 0.15707739165, 0.095550688209, 0.2327512518, 0.030970789268, 0.12399725609, 0.057274761243, 0.035273065932],
      [0.05835112081, 0.057526606703, 0.1632973692, 0.063662083198, 0.027317715586, 0.1529910431, 0.24908085359, 0.069449089736, 0.017754113059, 0.14057000503],
      [0.016680907396, 0.074211327814, 0.25291064198, 0.23803043043, 0.021690971868, 0.04460960256, 0.037432327778, 0.25806713425, 0.0087430341651, 0.047623621756],
      [0.12305772702, 0.0027903052016, 0.10490526214, 0.020760313672, 0.042532364929, 0.065468236297, 0.22377452239, 0.020678309775, 0.14480528793, 0.25122767065],
      [0.028802364153, 0.062103650635, 0.47919682369, 0.27825812956, 0.0096454783802, 0.024091643124, 0.067608992781, 0.023829511033, 0.020952090887, 0.0055113157538],
      [0.0066966464786, 0.013240731086, 0.073830464266, 0.074847983096, 0.23694127511, 0.16883188241, 0.28648861119, 0.081041335063, 0.019140890106, 0.038940181192],
      [0.019870588308, 0.045961341433, 0.2680662136, 0.11830218937, 0.0077312058833, 0.035390649243, 0.018020599311, 0.03533292976, 0.099745443595, 0.3515788395]
    ],
    [
      [0.034165722333, 0.0016844898994, 0.36331499693, 0.15401824466, 0.12831216687, 0.093027808212, 0.0095945223559, 0.064197322689, 0.083502612828, 0.068182113222],
      [0.16162248106, 0.0066533725446, 0.068384264247, 0.11652975973, 0.096419001425, 0.32341853355, 0.026716397798, 0.039423796959, 0.14559310255, 0.015239290136],
      [0.057992297116, 0.11343069453, 0.16882353078, 0.055838640977, 0.036055965916, 0.22803954899, 0.21092736278, 0.018647409965, 0.023832739957, 0.086411808985],
      [0.01800236243, 0.1644094628, 0.29407686058, 0.22243419323, 0.027814141771, 0.077973391452, 0.037348619762, 0.098126605617, 0.026197788415, 0.033616573947],
      [0.093543337423, 0.004846508618, 0.087273771253, 0.014507541097, 0.039511708363, 0.079768499182, 0.15238598849, 0.0051224036658, 0.39623770916, 0.12680253275],
      [0.025749540209, 0.11497940912, 0.46524550381, 0.21764218861, 0.01028649214, 0.035088594803, 0.055494896791, 0.0079065738327, 0.064629722564, 0.002977078128],
      [0.0061034567924, 0.024517757694, 0.072528156549, 0.058833614283, 0.25982267024, 0.2414506325, 0.22884078006, 0.026375725755, 0.058101875467, 0.023425330663],
      [0.017097279411, 0.079483058826, 0.24356755905, 0.086787955176, 0.0083220101765, 0.048490926115, 0.014755650479, 0.010395882748, 0.29673563399, 0.19436404403]
    ],
    [
      [0.031632407328, 0.0012993209451, 0.34557126706, 0.18035558196, 0.12090947318, 0.072927976985, 0.0029049037004, 0.094380950353, 0.02774468286, 0.12227343563],
      [0.17699271524, 0.0035435831751, 0.073695342539, 0.15859948382, 0.10397012323, 0.30104400758, 0.012344820169, 0.074340731322, 0.062788584467, 0.032680608452],
      [0.06088629523, 0.099023952587, 0.18006284713, 0.071306128057, 0.036210450432, 0.20565218596, 0.10080632463, 0.044471579301, 0.025135449304, 0.17644478737],
      [0.01631687493, 0.12313286624, 0.28000755211, 0.26151130604, 0.025539728773, 0.061023939408, 0.016671007542, 0.14525150455, 0.01045546687, 0.060089753543],
      [0.11974645247, 0.0045531841411, 0.11345501652, 0.022001522002, 0.050052370617, 0.085750303635, 0.10228897189, 0.012616007544, 0.17281589011, 0.31672028106],
      [0.026216027373, 0.094780733759, 0.48573808193, 0.28135530056, 0.010520466632, 0.030136834816, 0.029345485641, 0.01315755933, 0.023197230226, 0.0055522797302],
      [0.0067055039349, 0.022666245382, 0.084660034581, 0.084141117175, 0.3069904205, 0.23303485886, 0.13892290704, 0.047757763319, 0.02365997985, 0.051461169356],
      [0.016703693385, 0.064736333174, 0.25130862087, 0.10952944105, 0.0076650589826, 0.040963268525, 0.0061161367518, 0.017994822121, 0.10247209355, 0.3825105316]
    ],
    [
      [0.055898336322, 0.0012410889786, 0.40886391322, 0.15682194087, 0.1034916436, 0.077374819905, 0.0053685009787, 0.069429102941, 0.043819767104, 0.077690886076],
      [0.27912375044, 0.0035572788086, 0.075271075818, 0.11962096867, 0.077451873581, 0.27770543413, 0.014328814533, 0.047494881837, 0.087127044895, 0.018318877288],
      [0.095559141352, 0.10795688715, 0.19618587785, 0.058670112459, 0.030310403364, 0.20384004514, 0.13505698061, 0.027570082256, 0.034620031797, 0.11023043803],
      [0.028340683031, 0.14483898031, 0.33024452914, 0.2263574938, 0.02200919749, 0.064483697174, 0.022575556084, 0.10644005011, 0.016272616775, 0.038437196082],
      [0.19090506623, 0.004406036537, 0.11870898635, 0.016915950511, 0.037976308579, 0.08066509136, 0.11732116813, 0.0079845958942, 0.24820851275, 0.17690828366],
      [0.041669287272, 0.10155903866, 0.5184126541, 0.22091497193, 0.0091868118499, 0.028566728868, 0.033151422705, 0.0085379546485, 0.033981972321, 0.004019157645],
      [0.011402370701, 0.026790017057, 0.098837131081, 0.07329245943, 0.25995622031, 0.24703848586, 0.17686986445, 0.035063583331, 0.037764012809, 0.032985854969],
      [0.029840431701, 0.078130873803, 0.3039622951, 0.097888290512, 0.0070340892389, 0.044322192409, 0.0088321525802, 0.013366803958, 0.16979213726, 0.24683073344]
    ],
    [
      [0.043948837719, 0.0022018001795, 0.31614838822, 0.29152756991, 0.064238431564, 0.0715697098, 0.0093585803839, 0.076873343948, 0.021169310989, 0.10296402729],
      [0.22253119859, 0.0031019025308, 0.062196633234, 0.23823074419, 0.051480412414, 0.27013182819, 0.02626174346, 0.055636721596, 0.044568810625, 0.02586000517],
      [0.076405334187, 0.077473916206, 0.14978379811, 0.081611419207, 0.012639744456, 0.18308372619, 0.22941241598, 0.031800775917, 0.014500769191, 0.14328810055],
      [0.020274144656, 0.094378807776, 0.23292461429, 0.3906970222, 0.012238881393, 0.054242915134, 0.035357297951, 0.10668693267, 0.0070983413009, 0.04610104263],
      [0.15670078677, 0.0042095608654, 0.09980771894, 0.030704026386, 0.025533409472, 0.080585690073, 0.21506056895, 0.009894963386, 0.12669096377, 0.25081231139],
      [0.030766560698, 0.069069841794, 0.3835952182, 0.40081014531, 0.004693696101, 0.025531863632, 0.056154848515, 0.0092418128622, 0.015410811518, 0.0047252013756],
      [0.010263107756, 0.019743018128, 0.075137626277, 0.12800936094, 0.15468623213, 0.22068896383, 0.29227943341, 0.038092385933, 0.017602893251, 0.043496978341],
      [0.024043551594, 0.057525622743, 0.24143160943, 0.18626361956, 0.0038277582355, 0.04209121395, 0.016546327525, 0.015384271077, 0.0827215481, 0.33016447778]
    ],
    [
      [0.021634742681, 0.0013573052419, 0.39460070465, 0.086074156493, 0.12129657116, 0.062610617992, 0.0050178708318, 0.19746784114, 0.029717243257, 0.080222946552],
      [0.13464218989, 0.0041102660899, 0.092902155326, 0.082623080365, 0.11615994321, 0.28405576457, 0.016486716769, 0.16832336443, 0.074905120628, 0.025791398719],
      [0.042287561398, 0.08221897653, 0.22754747979, 0.026571379629, 0.039999289756, 0.19692578097, 0.1452412005, 0.069851540547, 0.030950144253, 0.13840664663],
      [0.010953542904, 0.089469348754, 0.31854507311, 0.12426430537, 0.02566954334, 0.052319802665, 0.02033928859, 0.30705763544, 0.01133969982, 0.04004176],
      [0.093930247819, 0.0039852162282, 0.14728070698, 0.011217946064, 0.05710836354, 0.083514824317, 0.13289146308, 0.027035794775, 0.2096710518, 0.2333643854],
      [0.01992145955, 0.076488081591, 0.61580070723, 0.14905447848, 0.011728819222, 0.028745259942, 0.037629694886, 0.028328805516, 0.027405877857, 0.00489681573],
      [0.0045925572015, 0.017057415232, 0.09859796377, 0.041363219075, 0.31339277768, 0.20285820916, 0.16018880061, 0.10146671599, 0.025811763127, 0.034670578149],
      [0.013436011545, 0.056345716909, 0.34129845184, 0.062150540623, 0.0092548512647, 0.041965538788, 0.0098731333531, 0.041701874635, 0.13005324853, 0.29392063251]
    ],
    [
      [0.050405852378, 0.0012865611774, 0.39066755873, 0.1865032647, 0.092596752173, 0.093970550292, 0.011338613574, 0.090944281791, 0.016837041682, 0.065449523496],
      [0.24396370716, 0.0042361783863, 0.071512339034, 0.14087728553, 0.068709559182, 0.33277811697, 0.029292098028, 0.061776245263, 0.032893987559, 0.013960482889],
      [0.077295746457, 0.12364497698, 0.16121750905, 0.061195123013, 0.02240455901, 0.20784183878, 0.24066942966, 0.033993910098, 0.002239467454, 0.069497439499],
      [0.022847368294, 0.18315811268, 0.27627123209, 0.23547004338, 0.017359192573, 0.068758847097, 0.041551520909, 0.12188213979, 0.0048157618329, 0.027885781367],
      [0.18016387003, 0.0061379057904, 0.12042090756, 0.02195283016, 0.036465272508, 0.10387524993, 0.25941472043, 0.011581953565, 0.10144014804, 0.15854714198],
      [0.035444881619, 0.13431775386, 0.45807596397, 0.24230166475, 0.0071202100103, 0.032636376, 0.066317806395, 0.010967851975, 0.011181074841, 0.0016364165814],
      [0.010217486277, 0.030407165912, 0.078724568423, 0.072579926033, 0.18778741845, 0.24650567223, 0.30410604264, 0.038575850292, 0.010106094144, 0.020989775596],
      [0.030045951506, 0.12168741372, 0.31659901104, 0.12674271606, 0.0068612139571, 0.058808781979, 0.020952554851, 0.019603390957, 0.071618350932, 0.227080615]
    ],
    [
      [0.060489068608, 1.8423332639e-05, 0.39137255429, 0.1609426511, 0.10095048459, 0.072384140489, 0.013970087259, 0.076638085908, 0.014239001551, 0.10899550288],
      [0.30857177793, 0.00085822937618, 0.074599631071, 0.12563412012, 0.077428815972, 0.26440894662, 0.038651012845, 0.053499569525, 0.028937132686, 0.027410763849],
      [0.086793599282, 0.036840337384, 0.16563576034, 0.053829036464, 0.027840736103, 0.16316162542, 0.30198154194, 0.025782162924, 0, 0.13813520014],
      [0.032328597233, 0.071553118162, 0.32902265927, 0.24165259528, 0.025760577257, 0.065293302637, 0.050450461263, 0.12085026562, 0, 0.063088423274],
      [0.18480384715, 0.00088859692301, 0.10267000244, 0.01631128918, 0.033916755212, 0.068043821956, 0.29105767909, 0.007945571823, 0.071313280408, 0.22304915582],
      [0.046776671622, 0.052014315881, 0.50967517003, 0.23194363318, 0.0089720740991, 0.028395793617, 0.095456393811, 0.009859719336, 0.010076419058, 0.0068298093668],
      [0.010309981337, 0.009616218385, 0.075926678981, 0.059596904823, 0.19750454755, 0.1811959308, 0.38923020559, 0.030444737736, 0.008491553324, 0.037683241471],
      [0.052969257598, 0.040630953116, 0.30585495102, 0.1056794385, 0.0077598367792, 0.044266961937, 0.023697529964, 0.015568605425, 0.039044259311, 0.36452820635]
    ],
    [
      [0.036212852171, 0.00072301849836, 0.43081468222, 0.13665967445, 0.07870843846, 0.049282792232, 0, 0.085605304164, 0.031937358679, 0.15005587912],
      [0.24136455925, 0.0048037019701, 0.1043984708, 0.13627224022, 0.077164639977, 0.23263173973, 0, 0.076550995089, 0.081649652905, 0.045164000062],
      [0.13606903786, 0.13837309509, 0.2258475717, 0.0531050891, 0.022050648842, 0.13913462335, 0, 0.037419246173, 0.025062176569, 0.22293851132],
      [0.010788021343, 0.17047938474, 0.34394125067, 0.19462075196, 0.022046355589, 0.038570167192, 0, 0.13197627758, 0.01840759839, 0.069170192542],
      [0.13090881351, 0.0051220943621, 0.1334758371, 0.016028886468, 0.031160936427, 0.054715503328, 0.058323767965, 0.011008059107, 0.18743453152, 0.37182157021],
      [0.029127711028, 0.1284858649, 0.56284540008, 0.19698624042, 0.0070457911625, 0.018790583288, 0.013708816779, 0.011646815793, 0.025074686677, 0.0062880898833],
      [0.010130124719, 0.041229912637, 0.13415331668, 0.08149993052, 0.2519931559, 0.20234487681, 0.10913397546, 0.055261602623, 0.034467548971, 0.079785555672],
      [0.016901025688, 0.081178286223, 0.27092130399, 0.072189839639, 0.004734636015, 0.02389633892, 0.0016851594896, 0.014417330681, 0.10123973956, 0.41283633979]
    ],
    [
      [0.053462279518, 0.00032914956511, 0.36827953962, 0.17761970816, 0.12948079399, 0.086252543407, 0.004392536656, 0.111322779, 0.017238419508, 0.051622250572],
      [0.26433616101, 0.0010432796515, 0.067003049489, 0.13348561829, 0.095685780423, 0.30694101508, 0.011119172233, 0.075275834441, 0.033475476826, 0.011634612552],
      [0.10325230589, 0.060027431908, 0.20171094158, 0.071610037157, 0.036539987165, 0.2558710448, 0.12707654578, 0.050143593208, 0.013775979136, 0.079992133387],
      [0.02858328949, 0.072972374619, 0.30571011567, 0.26380129501, 0.0304927676, 0.074378599611, 0.016302538657, 0.17758555022, 0.0053456511285, 0.024827817989],
      [0.23881165629, 0.0025761533173, 0.13842424247, 0.024839515699, 0.061644727924, 0.11652186579, 0.12268121919, 0.016790636143, 0.12443311047, 0.15327687271],
      [0.044117844196, 0.056887231559, 0.51508888456, 0.27445060563, 0.011310007842, 0.035388087315, 0.030504518233, 0.015603990888, 0.014327461603, 0.002321368174],
      [0.010845299862, 0.012546357515, 0.086665893686, 0.080162379842, 0.31448949949, 0.26762839255, 0.13815727389, 0.054657727702, 0.014105085794, 0.02074208967],
      [0.037055824453, 0.051716693404, 0.3554807362, 0.1434310505, 0.010676296096, 0.06393655858, 0.0098291631126, 0.028009757687, 0.085578465306, 0.21428545466]
    ],
    [
      [0.056256266681, 0.0006780890425, 0.34697743548, 0.14442989338, 0.1208755442, 0.06868604963, 0.0094848738739, 0.077048424526, 0.058817072778, 0.11674635041],
      [0.27922877383, 0.0037581222088, 0.062793296413, 0.10770826949, 0.087803491154, 0.24200832802, 0.023332520749, 0.051503662937, 0.11514703547, 0.026716499724],
      [0.085892834843, 0.11733920913, 0.15045921795, 0.046031382251, 0.026949078992, 0.16057256563, 0.20530586104, 0.02717294216, 0.037115233865, 0.14316167414],
      [0.030874474782, 0.17211052502, 0.27347322272, 0.20324833567, 0.029674312772, 0.057639716993, 0.04064720176, 0.11261629065, 0.018662312402, 0.061053607231],
      [0.15642315519, 0.003566987192, 0.081695578359, 0.012531030578, 0.035898260013, 0.057925635313, 0.15556632629, 0.0068846483239, 0.27280234801, 0.21670603073],
      [0.043752593405, 0.13277283453, 0.45667138371, 0.21016027022, 0.0099950145099, 0.026624024118, 0.058543283305, 0.0097756561194, 0.046106068083, 0.0055988719952],
      [0.010191900813, 0.028686044374, 0.073498420634, 0.058502722442, 0.26418646094, 0.19047097349, 0.25470902648, 0.03375218233, 0.043538751826, 0.042463516672],
      [0.026358029893, 0.083912315293, 0.22246121666, 0.077564491781, 0.0072785924259, 0.034136006757, 0.014037493931, 0.01235564978, 0.19827580737, 0.32362039612]
    ],
    [
      [0.022462902423, 0.001606725492, 0.34647600142, 0.21889043488, 0.14310055384, 0.070148034619, 0.015743282645, 0.11994085173, 0.012089564728, 0.049541648228],
      [0.15351783833, 0.0059138719143, 0.075496310828, 0.19309611918, 0.12501526537, 0.29295640387, 0.045865207394, 0.096005066787, 0, 0.012133916327],
      [0.032964323452, 0.08630982921, 0.14609165323, 0.067460335479, 0.031577162933, 0.15876122447, 0.37067185054, 0.042056586199, 0.0060049834845, 0.058102051004],
      [0.0033500979755, 0.13204320724, 0.2577393056, 0.28430366797, 0.03332764532, 0.05933288497, 0.042006282129, 0.17121014543, 0, 0.016686763364],
      [0.08520651406, 0.0053127020492, 0.11345670967, 0.026446163759, 0.059176930676, 0.08225936535, 0.40758166178, 0.015936194015, 0.077268454758, 0.12735530388],
      [0.016431664233, 0.094513060508, 0.42850121556, 0.29937063568, 0.011780208316, 0.026472114738, 0.098484998065, 0.015614184342, 0.007607711284, 0.0012242072756],
      [0.0032754528158, 0.018613808049, 0.059517850598, 0.070861817247, 0.24880490255, 0.15547232662, 0.38091182122, 0.04276333935, 0.0059822242532, 0.013796457304],
      [0.018591144946, 0.095107291483, 0.32868839423, 0.17320337664, 0.012473280314, 0.051950802751, 0.032679517172, 0.030485022409, 0.05598670654, 0.20083446352]
    ],
    [
      [0.022006745659, 0, 0.37355546392, 0.18508771169, 0.11938998843, 0.066326616694, 0.0087659056847, 0.11252350665, 0.027263405518, 0.085080655753],
      [0.14006064499, 0.00021654291334, 0.082906716328, 0.17076076992, 0.10794249663, 0.28997134263, 0.026064621325, 0.09298557144, 0.064344138246, 0.024747155582],
      [0.043318769228, 0.050279265897, 0.19567072441, 0.071030526943, 0.032649771967, 0.18841210311, 0.22243551342, 0.04864503232, 0.021301213937, 0.12625707877],
      [0.011425580673, 0.056822888669, 0.30116933576, 0.26841146211, 0.029151408353, 0.056215181099, 0.037031421627, 0.17637824422, 0.013889112652, 0.049505364828],
      [0.093959721128, 0.00093157995016, 0.1276305324, 0.0231616754, 0.051621211957, 0.081490507012, 0.2027856429, 0.015430443278, 0.17543720018, 0.22755148579],
      [0.019026743859, 0.049288040276, 0.51427824353, 0.28184995607, 0.010608235605, 0.026808254572, 0.054873885787, 0.015509541421, 0.022518861715, 0.0052382371656],
      [0.0044704778687, 0.010510970557, 0.08404474217, 0.0797556468, 0.27667967877, 0.19625446336, 0.24127455374, 0.052487601137, 0.021359639953, 0.033162225636],
      [0.013947734677, 0.038307808905, 0.31033551382, 0.12855366402, 0.0091356832232, 0.04249261932, 0.016178529589, 0.024607574938, 0.11474706995, 0.30169380157]
    ],
    [
      [0.027786116598, 0.0012471304036, 0.34170132068, 0.17366712709, 0.079587607833, 0.11563902572, 0.0044630506779, 0.13040565971, 0.041357481454, 0.08414547984],
      [0.13269193791, 0.0028498623128, 0.061570192603, 0.12956615068, 0.058160630286, 0.4165725309, 0.011747917058, 0.08707479678, 0.080095814233, 0.019670167238],
      [0.047443058134, 0.079345443844, 0.16668309998, 0.062347048955, 0.020173897555, 0.30931954163, 0.11728631547, 0.05199324491, 0.029596916244, 0.11581143328],
      [0.015678063368, 0.10855465131, 0.26167092711, 0.24082360543, 0.019045371285, 0.083213664142, 0.015988418327, 0.19118050309, 0.017608882129, 0.046235913803],
      [0.10360203553, 0.003897045873, 0.10973404731, 0.020684423132, 0.032392109061, 0.13377117382, 0.10839447392, 0.016461321579, 0.25900343729, 0.2120599325],
      [0.022904538114, 0.084457649668, 0.48004643663, 0.26943408429, 0.0069096720355, 0.047667114534, 0.031971442955, 0.017981903257, 0.034422742712, 0.0042044158094],
      [0.0055666385848, 0.019179372865, 0.07935964564, 0.077130669477, 0.18824961662, 0.35928546904, 0.14156758705, 0.062606883526, 0.033467490515, 0.033586626681],
      [0.015595901594, 0.061220047658, 0.26256881102, 0.11184240443, 0.0056010325503, 0.06753053613, 0.0079283777837, 0.025850792608, 0.16492637527, 0.27693572096]
    ],
    [
      [0.020853101371, 0.00092414294837, 0.36402575187, 0.12637699154, 0.1696558323, 0.077685107234, 0.009858973565, 0.095468001061, 0.030789450498, 0.10436264761],
      [0.12105407295, 0.0030292612874, 0.078630916501, 0.1133230938, 0.14838483642, 0.32863772601, 0.029868123104, 0.076786552797, 0.07118757541, 0.029097841719],
      [0.03278432101, 0.067094689462, 0.17362833483, 0.044304277045, 0.040599101734, 0.20029728182, 0.23992153393, 0.037820770459, 0.022036534198, 0.14151315551],
      [0.011284683617, 0.10133655496, 0.31483994977, 0.19655783495, 0.037789145057, 0.069405882551, 0.04298917967, 0.15847260888, 0.012172017937, 0.055152142604],
      [0.057794036661, 0.007376688592, 0.11186690749, 0.015504688623, 0.061221725285, 0.086664000335, 0.21275285623, 0.016433682466, 0.17762426809, 0.25276114622],
      [0.018826550664, 0.075540042166, 0.53549918332, 0.20620638331, 0.015084560016, 0.033353155152, 0.069999029061, 0.013469229967, 0.026813869867, 0.0052079964807],
      [0.0018161378703, 0.013721255466, 0.069793774583, 0.046279976658, 0.33465541565, 0.19543927657, 0.24421776311, 0.03800431187, 0.020999359691, 0.035072728533],
      [0.0099942332128, 0.053566391646, 0.28622193745, 0.082983727467, 0.010736459458, 0.047287221136, 0.01754072327, 0.019797684981, 0.12272942429, 0.34914219708]
    ],
    [
      [0.035169435479, 2.8065200368e-05, 0.2948438848, 0.21746429791, 0.12370207978, 0.055192901591, 0.0063174511785, 0.13936435294, 0.03074738635, 0.097170144771],
      [0.19413948801, 0.0011173465635, 0.062069243996, 0.1885484381, 0.10543454987, 0.22690593656, 0.018639894845, 0.10793412714, 0.069226809466, 0.025984165452],
      [0.084398720979, 0.027608586739, 0.16702114555, 0.089290657888, 0.036067145854, 0.1692430756, 0.18118997603, 0.06384587873, 0.025564356965, 0.15577045567],
      [0.018091945369, 0.05059473543, 0.23915459749, 0.31749777956, 0.026153775338, 0.046104761739, 0.025616735415, 0.21738638861, 0.011352840324, 0.048046440728],
      [0.13689185187, 0, 0.096683705297, 0.025041708257, 0.054403633016, 0.064329829784, 0.15043722725, 0.020867971433, 0.19437011448, 0.25697395861],
      [0.030740782695, 0.040966062218, 0.43652550765, 0.35963506202, 0.01137808982, 0.023735595004, 0.04482355744, 0.020054147829, 0.027091875184, 0.0050493201415],
      [0.0075513270229, 0.0087992256122, 0.071073831409, 0.099324950837, 0.30680907507, 0.17529915942, 0.1952843476, 0.069026336253, 0.026142745696, 0.040689001076],
      [0.021062107945, 0.030035337596, 0.24354676616, 0.14917200174, 0.0087871559349, 0.035103067214, 0.011878190594, 0.029386431865, 0.12908638342, 0.34194255753]
    ],
    [
      [0.053651193596, 0.0011167600306, 0.38945948997, 0.13840362161, 0.10704477889, 0.092287264492, 0.0068564443882, 0.090260835921, 0.033029884058, 0.087889727052],
      [0.25738688062, 0.0030539710666, 0.069944489044, 0.1026490789, 0.078245729492, 0.32734945701, 0.017432760287, 0.059934448973, 0.063867203695, 0.020135980912],
      [0.087673909491, 0.090695348656, 0.18075677529, 0.047075381126, 0.025746208916, 0.23312459817, 0.1623747323, 0.03428035191, 0.022533476353, 0.11573921778],
