{
  "X": [
    [6, 4, 8, 4, 3, 7, 14, 4, 43, 7],
    [1, 1, 5, 8, 8, 10, 9, 5, 39, 14],
    [2, 4, 7, 9, 7, 5, 17, 4, 37, 8],
    [3, 2, 9, 10, 3, 14, 11, 1, 38, 9],
    [3, 4, 10, 6, 10, 2, 11, 9, 33, 12],
    [4, 4, 5, 7, 7, 7, 15, 6, 34, 11],
    [5, 5, 3, 7, 11, 17, 8, 7, 22, 15],
    [9, 4, 13, 5, 5, 12, 14, 6, 14, 18],
    [8, 3, 12, 7, 10, 13, 10, 4, 16, 17],
    [8, 3, 13, 9, 9, 11, 4, 5, 16, 22],
    [3, 4, 10, 8, 11, 19, 15, 2, 16, 12],
    [7, 4, 6, 8, 11, 16, 9, 3, 21, 15],
    [15, 6, 6, 6, 5, 20, 13, 4, 10, 15],
    [29, 8, 5, 5, 6, 5, 18, 7, 6, 11],
    [24, 10, 2, 6, 5, 9, 21, 5, 5, 13],
    [22, 10, 2, 6, 8, 9, 19, 2, 16, 6],
    [28, 5, 5, 6, 6, 9, 17, 6, 6, 12],
    [24, 7, 6, 5, 10, 9, 21, 2, 9, 7],
    [22, 8, 6, 11, 4, 8, 11, 6, 11, 13],
    [6, 11, 2, 28, 8, 11, 7, 9, 6, 12],
    [5, 6, 5, 27, 9, 15, 5, 5, 8, 15],
    [10, 6, 3, 20, 9, 15, 9, 9, 8, 11],
    [4, 7, 5, 20, 7, 16, 6, 9, 3, 23],
    [9, 10, 6, 21, 4, 10, 7, 6, 5, 22],
    [6, 8, 6, 26, 8, 11, 8, 4, 8, 15],
    [11, 2, 6, 4, 5, 6, 14, 6, 30, 16],
    [11, 4, 9, 6, 3, 4, 12, 4, 26, 21],
    [12, 3, 4, 8, 4, 5, 12, 0, 27, 25],
    [12, 3, 5, 4, 4, 3, 13, 5, 31, 20],
    [9, 1, 4, 6, 9, 5, 10, 6, 32, 18],
    [14, 1, 8, 5, 5, 7, 18, 5, 26, 11],
    [9, 0, 9, 9, 21, 8, 13, 10, 8, 13],
    [6, 2, 10, 10, 15, 9, 13, 15, 11, 9],
    [3, 3, 5, 4, 23, 11, 12, 10, 13, 16],
    [9, 2, 7, 6, 20, 13, 7, 14, 9, 13],
    [2, 4, 7, 10, 21, 13, 13, 12, 5, 13],
    [2, 4, 10, 14, 20, 12, 8, 15, 6, 9],
    [3, 9, 7, 7, 10, 16, 16, 7, 9, 16],
    [7, 10, 0, 6, 10, 22, 21, 2, 14, 8],
    [4, 13, 3, 3, 8, 23, 30, 2, 6, 8],
    [2, 10, 3, 5, 8, 29, 21, 2, 10, 10],
    [4, 11, 5, 3, 9, 19, 22, 5, 9, 13],
    [4, 15, 6, 1, 9, 30, 17, 3, 5, 10],
    [4, 18, 5, 4, 9, 15, 20, 4, 12, 9],
    [3, 9, 5, 10, 26, 7, 9, 5, 10, 16],
    [7, 1, 13, 5, 28, 7, 9, 5, 13, 12],
    [5, 7, 12, 8, 21, 8, 12, 2, 13, 12],
    [6, 3, 12, 9, 20, 11, 12, 5, 10, 12],
    [5, 6, 7, 13, 27, 8, 9, 3, 13, 9],
    [3, 2, 16, 4, 20, 5, 12, 6, 14, 18]
  ],
  "W": [
    [57, 7, 9, 4, 6, 1, 8, 8],
    [57, 7, 1, 9, 1, 9, 8, 8],
    [58, 7, 3, 7, 4, 8, 8, 5],
    [64, 10, 1, 4, 7, 6, 3, 5],
    [65, 3, 3, 7, 6, 2, 4, 10],
    [55, 7, 5, 9, 3, 9, 3, 9],
    [19, 45, 7, 3, 4, 4, 6, 12],
    [5, 59, 6, 3, 3, 11, 5, 8],
    [6, 51, 6, 10, 7, 8, 5, 7],
    [5, 55, 5, 12, 6, 4, 7, 6],
    [5, 54, 11, 5, 4, 6, 8, 7],
    [6, 57, 8, 7, 3, 5, 5, 9],
    [5, 37, 31, 4, 3, 5, 11, 4],
    [1, 3, 60, 2, 12, 12, 4, 6],
    [5, 3, 61, 8, 8, 3, 6, 6],
    [6, 6, 50, 5, 8, 10, 5, 10],
    [5, 10, 59, 10, 0, 7, 3, 6],
    [7, 8, 56, 7, 4, 5, 6, 7],
    [4, 6, 47, 21, 6, 8, 4, 4],
    [6, 7, 7, 50, 6, 6, 10, 8],
    [4, 5, 6, 54, 10, 4, 10, 7],
    [5, 7, 6, 57, 8, 6, 5, 6],
    [4, 5, 3, 60, 6, 6, 9, 7],
    [8, 3, 16, 59, 4, 4, 3, 3],
    [2, 7, 7, 57, 6, 7, 6, 8],
    [10, 3, 7, 3, 61, 5, 5, 6],
    [8, 9, 7, 7, 53, 8, 3, 5],
    [4, 7, 5, 7, 59, 6, 6, 6],
    [5, 7, 2, 6, 63, 6, 5, 6],
    [8, 4, 7, 5, 55, 8, 7, 6],
    [5, 8, 6, 6, 60, 4, 6, 5],
    [5, 10, 5, 6, 18, 38, 6, 12],
    [4, 5, 5, 4, 9, 62, 4, 7],
    [9, 8, 4, 3, 6, 50, 10, 10],
    [6, 4, 8, 6, 3, 58, 8, 7],
    [8, 5, 4, 9, 5, 55, 6, 8],
    [5, 5, 3, 6, 4, 62, 8, 7],
    [7, 9, 7, 10, 4, 23, 33, 7],
    [7, 5, 11, 4, 6, 10, 50, 7],
    [5, 2, 8, 3, 10, 5, 60, 7],
    [9, 7, 3, 2, 6, 8, 59, 6],
    [7, 5, 7, 7, 6, 8, 55, 5],
    [5, 5, 6, 8, 9, 7, 53, 7],
    [4, 7, 5, 9, 8, 2, 49, 16],
    [6, 5, 5, 4, 8, 7, 13, 52],
    [6, 9, 5, 9, 8, 8, 3, 52],
    [7, 8, 12, 5, 7, 5, 3, 53],
    [5, 5, 7, 8, 6, 8, 8, 53],
    [11, 6, 8, 7, 6, 8, 8, 46],
    [5, 8, 4, 7, 10, 8, 5, 53]
  ],
  "method": "mvn_cdf",
  "mvncdf_method": "genz",
  "mvncdf_samples": 5000,
  "mvncdf_error": 0.001,
  "cond_prob": [
    [
      [0.0033431493479, 0.011621968878, 0.072299577831, 0.027940777905, 0.0020374048904, 0.034325125933, 0.11689948869, 0.045162576654, 0.64457977761, 0.041790152258],
      [0.056290479035, 0.010739069895, 0.16489769397, 0.033564298452, 0.030588476286, 0.16930310756, 0.08256483444, 0.025500025275, 0.26555822929, 0.16099378579],
      [0.47530808238, 0.095410097693, 0.01876554505, 0.012201740958, 0.0066841569648, 0.040900972081, 0.24472789795, 0.023423812495, 0.036050779078, 0.046526915354],
      [0.045160154819, 0.097425129708, 0.043244395855, 0.34368203855, 0.02028009305, 0.12923388282, 0.017831858165, 0.097423555798, 0.0076668106474, 0.19805208059],
      [0.14049735863, 0.0019848797136, 0.052577378325, 0.011133686548, 0.0029876596091, 0.00416792083, 0.13251531201, 0.025985532645, 0.47374436348, 0.15440590821],
      [0.024971766331, 0.0032693116084, 0.12807992811, 0.082556561191, 0.17534534678, 0.09461031861, 0.11667282526, 0.23102195659, 0.042271595406, 0.10120039012],
      [0.0012179854681, 0.2090277467, 0.007693144279, 0.0036257614693, 0.022844174956, 0.32614430866, 0.34806551487, 0.0054447715404, 0.029371974311, 0.046564617746],
      [0.0099117464262, 0.040822790387, 0.23471042058, 0.063689621898, 0.26905576229, 0.030566184507, 0.098575996648, 0.027028886669, 0.11565090574, 0.10998768485]
    ],
    [
      [0, 0, 0.042019480831, 0.047753678212, 0.018915140339, 0.04808618073, 0.086328852394, 0.041541340096, 0.62658418443, 0.088771142964],
      [0.023928816756, 0.0032497599201, 0.093576319638, 0.043932940944, 0.054141633166, 0.1940734899, 0.054378076503, 0.021347460801, 0.22077680916, 0.29059469321],
      [0.35100108875, 0.058988360356, 0.016089353804, 0.024925110464, 0.020436984667, 0.072208425073, 0.24908621405, 0.029599505636, 0.048777458184, 0.12888749902],
      [0.03210665049, 0.0038857695095, 0.034538806479, 0.37828056197, 0.030916121564, 0.12734771064, 0.0098530543041, 0.07068366656, 0.0050438653911, 0.3073437931],
      [0.065727660462, 0.00054018699918, 0.033350250032, 0.016262366546, 0.007010374549, 0.0052980252042, 0.097505261696, 0.023963819368, 0.4393830285, 0.31095902665],
      [0.0099840906491, 0, 0.067087223849, 0.098071861611, 0.27923827182, 0.099819445579, 0.070814401559, 0.17669169811, 0.031264172777, 0.16702883405],
      [0.00071167316973, 0.096661290821, 0.0046492173118, 0.0063432787981, 0.048133387858, 0.4407098736, 0.27023605902, 0.0050400102338, 0.029466831595, 0.098048377592],
      [0.0039074347354, 0.013682610131, 0.11857346749, 0.073925529463, 0.41736769575, 0.031610428018, 0.058015228414, 0.020306212503, 0.086074542516, 0.17653685098]
    ],
    [
      [0.0038550462723, 0.015075380031, 0.068481101155, 0.059557256443, 0.021406383328, 0.018589300937, 0.15943798351, 0.034166266513, 0.56674406999, 0.052687211815],
      [0.033772898285, 0.013191614152, 0.14705593386, 0.063429852186, 0.06768841027, 0.13379405062, 0.11466117524, 0.02051770333, 0.22299971933, 0.18288864272],
      [0.30423514388, 0.12439972552, 0.017490140676, 0.024937359743, 0.017662751474, 0.034398831659, 0.36691942042, 0.019864760434, 0.033782106144, 0.056309760053],
      [0.020701421424, 0.091338037823, 0.029748373685, 0.49369191095, 0.034013979378, 0.077098964494, 0.017828818852, 0.060453527443, 0.0046893140855, 0.17043565186],
      [0.088621638084, 0.0023469136957, 0.049626342102, 0.02247460283, 0.0084463199226, 0.0028313578874, 0.19679371771, 0.022185200998, 0.42097880506, 0.18569510171],
      [0.012318574061, 0.0040250998912, 0.092074095216, 0.124310434, 0.30799310171, 0.059309039953, 0.13040519607, 0.14965361901, 0.027649307385, 0.092261532704],
      [0.00089637218129, 0.22473535752, 0.0062160678984, 0.0065017664082, 0.044374885335, 0.22148327474, 0.42455806341, 0.003370343041, 0.021779505047, 0.046084364417],
      [0.0044351048646, 0.036249980753, 0.15063377696, 0.08692373811, 0.4281591218, 0.016941799159, 0.099505557946, 0.01580622902, 0.070865733655, 0.090478957736]
    ],
    [
      [0.0076870437071, 0.015196510174, 0.086392558341, 0.083552849718, 0.0069362474703, 0.085387622506, 0.12291643788, 0.0034168093874, 0.52293843288, 0.065575487939],
      [0.046780362802, 0.0090404613746, 0.12454611629, 0.063876370441, 0.024434731494, 0.38493974826, 0.05537035628, 0.0057946564704, 0.13909883481, 0.14611836178],
      [0.49483857579, 0.085245237644, 0.015900120377, 0.027261657688, 0.0070264344867, 0.10575758988, 0.18374418786, 0.0086081524855, 0.022945419895, 0.048672623885],
      [0.027519821113, 0.0568985617, 0.024579064601, 0.49434375684, 0.012044007032, 0.21603321873, 0.0091754202649, 0.023085883908, 0.0040625774719, 0.13225768833],
      [0.17789204913, 0.0024890882022, 0.059408093794, 0.031662761312, 0.0039832389514, 0.010374550944, 0.13025589704, 0.010997681514, 0.36395391077, 0.20898272835],
      [0.023176548358, 0.0034450028504, 0.10804723093, 0.17586825688, 0.15529357168, 0.23702948357, 0.086239519002, 0.082993532973, 0.025543819059, 0.1023630347],
      [0.00089627205233, 0.13275680136, 0.0047224419216, 0.0058015683502, 0.015078532837, 0.60988607417, 0.1825615304, 0.00049569968215, 0.013585077503, 0.034216001732],
      [0.0096630528525, 0.037563042415, 0.20657827132, 0.14299273062, 0.25033013662, 0.078289446344, 0.076457111943, 0.0091987757811, 0.072012139102, 0.11691529301]
    ],
    [
      [0.0059625936511, 0.016855600134, 0.10685933416, 0.048619216058, 0.035228507898, 0.0075231312655, 0.12108677444, 0.097291345128, 0.46599103171, 0.094582465552],
      [0.047519323547, 0.014498585503, 0.19247774124, 0.037817626098, 0.11413841366, 0.086464955572, 0.061298278818, 0.051876964352, 0.14055067578, 0.25335743543],
      [0.44314712685, 0.14022747679, 0.021781469848, 0.014535269485, 0.028313849336, 0.021129841287, 0.18598053573, 0.048557473322, 0.021028903993, 0.075298053361],
      [0.029995675107, 0.10902242563, 0.039221927634, 0.29541685679, 0.057931368307, 0.050395321082, 0.011068596786, 0.15967389325, 0.0042368800509, 0.24303705536],
      [0.1417443975, 0.0028054471725, 0.071202319703, 0.015135987018, 0.014890630508, 0.0010294437558, 0.11532776545, 0.061486300463, 0.29110007216, 0.28527763627],
      [0.012174832226, 0.0027257120939, 0.086324762226, 0.052994561812, 0.38006530346, 0.027735930877, 0.050132157619, 0.28332410655, 0.013151986414, 0.091370646726],
      [0.0011211847021, 0.33358875266, 0.0088769743401, 0.0048784097227, 0.091977293059, 0.1776929964, 0.2760331277, 0.0096114728908, 0.018007732203, 0.078212056316],
      [0.0051161547496, 0.032041170715, 0.15014408127, 0.039845558734, 0.56598870573, 0.0063024319685, 0.041367962129, 0.028303009346, 0.035125070483, 0.095765854881]
    ],
    [
      [0.0047206623811, 0.014810058002, 0.042845618154, 0.040350950126, 0.014431725993, 0.044836511923, 0.16310871357, 0.050782987651, 0.55280329678, 0.071309475419],
      [0.05974528514, 0.015897345154, 0.094457474318, 0.0400829902, 0.048364207801, 0.18778506614, 0.10577090869, 0.026041414367, 0.19712995463, 0.22472535356],
      [0.43929838065, 0.12458255433, 0.0087091467404, 0.012560354381, 0.010006746252, 0.038303536528, 0.26811364051, 0.020017837184, 0.023322376648, 0.055085426786],
      [0.039991700987, 0.12585464087, 0.020366586492, 0.33395417486, 0.026477230191, 0.11888793918, 0.017749953459, 0.083168030233, 0.0040795274048, 0.22947021632],
      [0.15499932877, 0.0024732059798, 0.031025858488, 0.013798246748, 0.0057734955799, 0.0047810407864, 0.17676909274, 0.027059966725, 0.3617120806, 0.22160768358],
      [0.023593253332, 0.0047786872367, 0.064773755571, 0.086035819764, 0.23879818523, 0.092324489499, 0.13204135236, 0.20672958627, 0.026526572427, 0.12439829831],
      [0.00095128975613, 0.25673402548, 0.0031073144684, 0.003598963822, 0.028677810978, 0.28020627649, 0.35400546288, 0.0039993379887, 0.017804615295, 0.050914902835],
      [0.0095042472634, 0.055325663866, 0.11889781669, 0.067245939601, 0.3696488029, 0.030233876518, 0.11195675235, 0.024700014449, 0.076143569462, 0.13634331691]
    ],
    [
      [0.0028596514576, 0.013877001231, 0.019826494369, 0.0628517511, 0.024246370124, 0.062340761459, 0.091614525275, 0.10173763823, 0.55248653887, 0.068159267884],
      [0.041348144516, 0.018726434796, 0.035232032071, 0.064334014234, 0.073985085963, 0.25856691329, 0.055191784402, 0.044291151739, 0.19233751032, 0.21598692867],
      [0.3502906134, 0.17877838272, 0.003888743851, 0.025512756866, 0.020236035989, 0.072209363467, 0.1902654677, 0.056630217231, 0.03180188063, 0.070386538151],
      [0.020043952957, 0.10287654152, 0.0092490650934, 0.38669353475, 0.030019612153, 0.12932202535, 0.0078306637022, 0.14312087121, 0.004401711303, 0.16644202196],
      [0.113099772, 0.0030601438618, 0.022265148085, 0.023800216194, 0.010141211072, 0.0077282463454, 0.10800590071, 0.067846755117, 0.40317769007, 0.24087491655],
      [0.011447821151, 0.0036055102952, 0.030544304815, 0.093760786555, 0.253947705, 0.095813773752, 0.052153133401, 0.35166570465, 0.020262448687, 0.086798811699],
      [0, 0.27997573254, 0, 0.006298505109, 0.043077285549, 0.40369563415, 0.19084814279, 0.0070565950376, 0.018745225665, 0.05030287916],
      [0.0062202994813, 0.052254341279, 0.064304079163, 0.088673428717, 0.47195496945, 0.037520077404, 0.052884871958, 0.043976625149, 0.067126465814, 0.11508484159]
    ],
    [
      [0.0024390959844, 0.012408520981, 0.079619500406, 0.03927879941, 0.00931817934, 0.03868997658, 0.19415302239, 0.060133183228, 0.49370899563, 0.070250726048],
      [0.079302451222, 0.019725237292, 0.15860791779, 0.039771469929, 0.017835660297, 0.1532812658, 0.1070371014, 0.035661716939, 0.16377985371, 0.22499732562],
      [0.50670340626, 0.10234088447, 0.013111934311, 0.010245100077, 0.0043636023901, 0.027736447094, 0.24995540213, 0.020928567641, 0.017314415651, 0.047300239973],
      [0.056905959744, 0.12157558825, 0.0350512312, 0.31229934778, 0.017246244654, 0.10167517598, 0.020395367711, 0.10166180422, 0.0045405329536, 0.22864874749],
      [0.21091128702, 0.0023968467952, 0.050076824941, 0.012377753173, 0.0030384374592, 0.0037357667866, 0.1844981437, 0.031493585705, 0.28994361485, 0.21152773957],
      [0.03231005113, 0.0050443664558, 0.10846031597, 0.079502721906, 0.15387086884, 0.077585889362, 0.14265061377, 0.25384354301, 0.023274955838, 0.12345667371],
      [0.00082223605066, 0.25589064214, 0.0058418839758, 0.0036964131925, 0.018615241725, 0.24246290057, 0.39927658016, 0.0051502344824, 0.015709189944, 0.052534677759],
      [0.013220747188, 0.056658067645, 0.21096333484, 0.066071920857, 0.2535517149, 0.026818079771, 0.12926166326, 0.031528132919, 0.068316781453, 0.14360955717]
    ],
    [
      [0.0021530828892, 0.0073656281028, 0.085323993206, 0.041680462116, 0.022008894793, 0.043230694416, 0.12895512412, 0.042055781903, 0.56147063115, 0.065755707311],
      [0.061394637068, 0.012528749326, 0.16431317204, 0.038291734808, 0.066705914645, 0.17071214133, 0.076940087969, 0.024209581028, 0.17940821997, 0.20549576182],
      [0.4979843568, 0.078901883356, 0.018373232772, 0.014382897275, 0.016484626429, 0.042339555594, 0.22588311639, 0.019808155794, 0.025971058536, 0.059871117053],
      [0.044351811283, 0.074009371268, 0.039490316048, 0.35565427879, 0.040123109296, 0.12124685574, 0.015023266465, 0.0760237081, 0.0046788072732, 0.22939847573],
      [0.16836809277, 0.0019242175891, 0.0590542761, 0.014375336103, 0.0086545330768, 0.0041831155456, 0.13512071866, 0.024539927048, 0.36400526633, 0.21977451677],
      [0.022823856188, 0.0028749245047, 0.10932779421, 0.079458735277, 0.3164910506, 0.082130369506, 0.089984907505, 0.16441094081, 0.023881317376, 0.10861610403],
      [0.001163859488, 0.17659124273, 0.0071761597695, 0.0045064542297, 0.051969408736, 0.34265054112, 0.32872097265, 0.0044107821981, 0.021617407755, 0.061193171321],
      [0.0082205660306, 0.026272838591, 0.18272266065, 0.056481296349, 0.44477842183, 0.024030466348, 0.069637750283, 0.017824247663, 0.061652589808, 0.10837916245]
    ],
    [
      [0.0024877645158, 0.0059629473001, 0.096429223982, 0.054878834106, 0.023446466698, 0.034075441711, 0.061988238263, 0.063508450279, 0.57103645384, 0.086186179309],
      [0.064175590701, 0.0091103065311, 0.1796390678, 0.053076219872, 0.07184779176, 0.12398617137, 0.016221178385, 0.036658551765, 0.18399256458, 0.26129255724],
      [0.56516887992, 0.070830061964, 0.022669165235, 0.020786376185, 0.019085640869, 0.036200061389, 0.11857324671, 0.032255320617, 0.029464325598, 0.084966921508],
      [0.03938598853, 0.051772458979, 0.037749816402, 0.39481859882, 0.03644920451, 0.0801018336, 0.0018975594702, 0.097730821915, 0.0058566630319, 0.25423705474],
      [0.16841047447, 0.0013544829159, 0.064623623503, 0.018693648635, 0.0092689659951, 0.0025843294648, 0.062382767788, 0.035783770204, 0.35807851307, 0.27881942395],
      [0.021308853089, 0.0018452386674, 0.11098381038, 0.093694376717, 0.29838067308, 0.058741490357, 0.03856193056, 0.22602100557, 0.022661780728, 0.12780084085],
      [0.0019849655876, 0.19366369511, 0.010796119686, 0.008341499536, 0.071953477972, 0.35901957867, 0.21028153813, 0.0088546639935, 0.029894163127, 0.10521029819],
      [0.0083057347683, 0.020424144799, 0.19401861796, 0.069888129048, 0.44091827119, 0.017425344513, 0.030290325747, 0.02523694067, 0.059874625198, 0.13361786611]
    ],
    [
      [0, 0.0069767850108, 0.065793479966, 0.061911910687, 0.02496249522, 0.057664419529, 0.15729733866, 0.026899165515, 0.55126999749, 0.047224407922],
      [0.0044088705297, 0.016492190228, 0.14020214594, 0.064270227944, 0.079616870797, 0.24293103145, 0.093936536173, 0.012174606963, 0.19220224838, 0.15376527159],
      [0.21874261849, 0.11725246232, 0.021376216825, 0.030662158556, 0.026277975958, 0.079432599442, 0.39159158449, 0.017356502323, 0.037028493583, 0.060279388018],
      [0.011815573761, 0.069177936848, 0.028264896928, 0.48943846613, 0.041248701776, 0.1458735289, 0.015995292656, 0.044033681855, 0.0051054876561, 0.14904643349],
      [0.064586344067, 0.0021964901655, 0.054577468627, 0.025631690987, 0.011724194879, 0.0075188735191, 0.19722898617, 0.018609670493, 0.42911252444, 0.18881375666],
      [0.0057757740359, 0.0030876938008, 0.084352814638, 0.11829027381, 0.36166334205, 0.10936740285, 0.10966024464, 0.10531494291, 0.024385789037, 0.07810172223],
      [0, 0.15291821488, 0.0058319415312, 0.0063228262996, 0.050098468892, 0.385396987, 0.34131485614, 0.0019395803543, 0.018874273972, 0.037302850929],
      [0.00052489981695, 0.026887598626, 0.13608165074, 0.081788720807, 0.49470152479, 0.031545736896, 0.082294314153, 0.010734354191, 0.059732672659, 0.075708527324]
    ],
    [
      [0.001640695617, 0.0082349478213, 0.036057781533, 0.047490408055, 0.019720509923, 0.043155367167, 0.095435572774, 0.031802448232, 0.66642522057, 0.050037048306],
      [0.049637166205, 0.01647920355, 0.076336045225, 0.055331274369, 0.071290973803, 0.20622602789, 0.068498255598, 0.021681681787, 0.24693008078, 0.1875892908],
      [0.42723103597, 0.11936831904, 0.0095382866999, 0.022231584368, 0.019762321625, 0.056550362847, 0.22429312504, 0.020068187541, 0.040015395042, 0.060941381835],
      [0.030862332868, 0.087881857002, 0.017344315949, 0.43447821122, 0.038264697836, 0.12809800529, 0.011849055079, 0.060995099548, 0.0053702595313, 0.18485616567],
      [0.12303661936, 0.0019950947271, 0.028722341902, 0.018630856033, 0.0088006342779, 0.0053827738068, 0.11336026401, 0.020851676841, 0.490645509, 0.18857423004],
      [0.018165404854, 0.0034881164332, 0.056899615405, 0.10996478385, 0.34534114183, 0.099336517106, 0.081108325789, 0.15138954087, 0.034085516162, 0.1002210377],
      [0.001028102584, 0.21892419875, 0.0027332002107, 0.0059133054107, 0.051114465679, 0.37153306084, 0.26651421952, 0.0036473988984, 0.027483075303, 0.051108972798],
      [0.0068750377252, 0.035901033255, 0.09449456933, 0.078521304971, 0.48705111505, 0.029622117381, 0.06305600998, 0.016453169138, 0.087659956777, 0.10036568639]
    ],
    [
      [0.0014824439539, 0.0090289284309, 0.062023736792, 0.065943956268, 0.016198707613, 0.080964401243, 0.1169811174, 0.057552452932, 0.50718565331, 0.082638602063],
      [0.042019682236, 0.01260553254, 0.10754700987, 0.056465792842, 0.043018043853, 0.27831645743, 0.059209289254, 0.029927214435, 0.14145481383, 0.22943616371],
      [0.41285600186, 0.10551657852, 0.016032033865, 0.026538923818, 0.012794035984, 0.073301901218, 0.21580978749, 0.031807806576, 0.022972685289, 0.082370245383],
      [0.025868328019, 0.064692416106, 0.020880780368, 0.41115628876, 0.021105814477, 0.16422747832, 0.0095104226323, 0.073934903343, 0.0031941070776, 0.2054294609],
      [0.13965815214, 0.0020059526327, 0.043922204026, 0.02328088928, 0.0065102813515, 0.0080954535126, 0.12540453136, 0.033945904435, 0.33513478623, 0.28204184503],
      [0.017124548899, 0.0030281824695, 0.073339829966, 0.11642121879, 0.2142043646, 0.14352568798, 0.075569569299, 0.21074133551, 0.01996035213, 0.12608491035],
      [0.00023721001164, 0.16328110104, 0.0047361882594, 0.0063724308744, 0.028867438514, 0.49345469299, 0.22408967779, 0.005625658905, 0.014238804462, 0.059096797151],
      [0.0071609142056, 0.035354043422, 0.14489048668, 0.097917147177, 0.35955149381, 0.049570948568, 0.069289427899, 0.026430636302, 0.0608702453, 0.14896465663]
    ],
    [
      [0.0019369411328, 0.0099931907432, 0.088471689181, 0.070568639052, 0.018244126211, 0.040813726269, 0.13490361901, 0.088665461533, 0.46729753713, 0.079105069742],
      [0.057322296187, 0.011656096936, 0.16580555715, 0.062155229313, 0.052632267629, 0.15662643822, 0.074752441382, 0.042514735983, 0.14118187086, 0.23535306634],
      [0.44284959152, 0.10988842598, 0.022196656539, 0.026879934174, 0.012655465487, 0.036176019325, 0.22239082804, 0.036866729127, 0.017501694093, 0.072594655715],
      [0.030927537446, 0.073099786787, 0.02892526497, 0.44433252672, 0.023396472323, 0.079930228621, 0.010761492345, 0.11242526556, 0.0029320037276, 0.1932694215],
      [0.16156666575, 0.0024972748359, 0.06042221331, 0.024393739763, 0.0069454849834, 0.0039866669031, 0.13777359114, 0.049470530755, 0.29208408131, 0.26085975125],
      [0.017385266454, 0.0032232862654, 0.094429643445, 0.11247420943, 0.2158574426, 0.063479844796, 0.077143139895, 0.29208252321, 0.015698083189, 0.10822656071],
      [0.00051925544355, 0.23180553323, 0.00731537169, 0.0072898589328, 0.039802766217, 0.30367070622, 0.31717196586, 0.0079053459067, 0.016258010833, 0.068261185662],
      [0.0072942326643, 0.036610753288, 0.18949632488, 0.094988290525, 0.36414866685, 0.022434062843, 0.071362959017, 0.036113003427, 0.049128863316, 0.12842284319]
    ],
    [
      [0.0014792192496, 0.012986833722, 0.048123692229, 0.070626564591, 0.022360874697, 0.074620492406, 0.1749075895, 0.087733991184, 0.39881585826, 0.10834488416],
      [0.045831890044, 0.012980199907, 0.077112866615, 0.053769979616, 0.055557355539, 0.24980278202, 0.084013737847, 0.036410398038, 0.10449707882, 0.28002371156],
      [0.3679851239, 0.1262716016, 0.0076546738688, 0.02340278178, 0.016834577045, 0.064280838977, 0.26128858196, 0.037519162897, 0.0079597985553, 0.086802859417],
      [0.02460750708, 0.083247197262, 0.013654953316, 0.37876476147, 0.025221963351, 0.12909818003, 0.012217856863, 0.097689054238, 0.0012802733945, 0.234218253],
      [0.14083752253, 0.0025831142595, 0.030529693781, 0.022635405764, 0.008350312181, 0.0077016962478, 0.16864048456, 0.046704511947, 0.23459950456, 0.33741775418],
      [0.015351614858, 0.0031596319732, 0.045394328593, 0.09962900071, 0.23821277573, 0.10469448138, 0.090059192479, 0.2590493075, 0.012199058031, 0.13225060874],
      [0.00014304750444, 0.20652285761, 0.0025610349268, 0.0051668042973, 0.033860360195, 0.38689890185, 0.28505133745, 0.0057769820122, 0.0090885610018, 0.064930113154],
      [0.0062570515559, 0.043049833414, 0.092680243484, 0.086149730647, 0.41803927792, 0.037747024814, 0.084577500937, 0.032745261531, 0.038119166104, 0.16063490959]
    ],
    [
      [0.001895766724, 0.0079498767079, 0.019385469059, 0.031657975068, 0.010085108052, 0.035627673539, 0.090600400417, 0.014696919, 0.76239111023, 0.025709701204],
      [0.047893325308, 0.014513440347, 0.058900740871, 0.044087940698, 0.044089453521, 0.21482583029, 0.080200855119, 0.011136256539, 0.36064556822, 0.12370658908],
      [0.40555156969, 0.14659865555, 0, 0.024665342419, 0.016540645959, 0.063170346916, 0.26517191605, 0.0044958776878, 0.040635282783, 0.033170362942],
      [0.036349936436, 0.12861242808, 0.014157276136, 0.42642018454, 0.027633666294, 0.1541134744, 0.016792842259, 0.043312766831, 0.0091934052524, 0.14341401978],
      [0.10785671989, 0.0021499164516, 0.016420726567, 0.014452833817, 0.0054590377629, 0.0059152878518, 0.11875115793, 0.010128936248, 0.609755596, 0.10910978748],
      [0.027594166403, 0.0052970522201, 0.047869857823, 0.11984125927, 0.27375916593, 0.1338471696, 0.12638641293, 0.12026724488, 0.05930882109, 0.085828849859],
      [0.0014076375544, 0.25000554252, 0.0014781213757, 0.0049858913776, 0.028943235353, 0.35662762474, 0.29047445182, 0.0012281620179, 0.03420928639, 0.030640046855],
      [0.0096103670032, 0.057202761326, 0.08420413621, 0.084119174158, 0.3783771863, 0.039926213677, 0.096638680128, 0.011379847938, 0.15418693531, 0.084354697954]
    ],
    [
      [0.0014096557823, 0.0056180238178, 0.076772075531, 0.04613498479, 0.018743707329, 0.054515048004, 0.12907077606, 0.073044658813, 0.51207584311, 0.082615226758],
      [0.05324255721, 0.0059549422122, 0.14132891589, 0.040222191688, 0.053291562431, 0.20638370651, 0.070692876082, 0.034857571403, 0.15075879332, 0.24326688325],
      [0.4564424114, 0.064396563262, 0.020729486128, 0.01724346734, 0.015088958952, 0.055941774049, 0.23069155931, 0.035932990894, 0.02319180667, 0.080340982003],
      [0.035289006206, 0.054221282387, 0.031128415167, 0.339510488, 0.02932766522, 0.13102098885, 0.012622774326, 0.11366570329, 0.0039587800109, 0.24925489656],
      [0.15572088818, 0.0011904432462, 0.051647175118, 0.015544483462, 0.00716848309, 0.0058174925235, 0.13239282309, 0.041147742342, 0.31797817693, 0.27139229202],
      [0.018721967879, 0.0010114026089, 0.087920916089, 0.07858086728, 0.24016616755, 0.092231454526, 0.080355653136, 0.25989079692, 0.018941272382, 0.12217950163],
      [0.00062929385834, 0.14161545849, 0.0063263772401, 0.0047047369945, 0.040925428092, 0.40518247609, 0.30464191472, 0.0067244263087, 0.01775634569, 0.071493542521],
      [0.0074320262818, 0.023137368124, 0.17235018098, 0.065075570701, 0.39765019193, 0.03194092126, 0.072378716753, 0.031681439822, 0.056378418978, 0.14197516517]
    ],
    [
      [0.0014188815431, 0.0073948130961, 0.096105125092, 0.041335401887, 0.036865485455, 0.050009731068, 0.14239436236, 0.028493389534, 0.54893525467, 0.047047555301],
      [0.044898625339, 0.0088497237289, 0.18606489032, 0.037773080477, 0.1133466091, 0.19734747592, 0.081648302021, 0.014021674975, 0.17129036784, 0.14475925029],
      [0.40578771767, 0.093267900881, 0.028375351961, 0.019423559532, 0.021846065262, 0.059510754307, 0.28212169579, 0.012490034957, 0.029958774781, 0.04721814485],
      [0.034956776536, 0.077789810614, 0.046924486652, 0.37378916001, 0.07164872355, 0.14585688477, 0.016787442414, 0.054087110009, 0.0054815410524, 0.1726780644],
      [0.13903541041, 0.0017312958612, 0.073258216838, 0.015841055499, 0.01579567298, 0.0062996152264, 0.1652363646, 0.018270339267, 0.3896688782, 0.17486315112],
      [0.014293990879, 0.002141591565, 0.10298667972, 0.065390574167, 0.47678184237, 0.078631384699, 0.082731298936, 0.092811945391, 0.019335430525, 0.064895261748],
      [0.00062613388967, 0.15921861005, 0.0079630016156, 0.0043879492582, 0.0805858838, 0.3587401187, 0.32766688441, 0.0022846660177, 0.01889332326, 0.039633429003],
      [0.0043858288012, 0.019566084753, 0.15221565854, 0.04108275725, 0.59709154328, 0.020965077709, 0.056160389497, 0.0084960093825, 0.043193642082, 0.056843008705]
    ],
    [
      [0.00092519011971, 0.0057297017201, 0.0694029589, 0.035235020149, 0.0086334323123, 0.028950086816, 0.058558621552, 0.037609928812, 0.70609476677, 0.04886029285],
      [0.040146120043, 0.0090017738232, 0.17737395065, 0.042339237548, 0.034048987101, 0.15019536383, 0.043743340441, 0.025073247499, 0.28181030584, 0.19626767322],
      [0.43322422593, 0.11229829233, 0.027447585856, 0.021826527396, 0.010437505129, 0.051799851772, 0.17635024381, 0.035587429693, 0.04750261805, 0.083525720036],
      [0.029355548554, 0.076401954618, 0.042751899624, 0.39635593501, 0.020438389213, 0.10729660063, 0.0054021241176, 0.091037272805, 0.0050987140115, 0.22586156142],
      [0.10077823519, 0.0017501272807, 0.05665510998, 0.014399428167, 0.0039058583531, 0.003934220598, 0.07211956745, 0.026006974197, 0.52871088039, 0.1917395984],
      [0.01787788476, 0.0033538134166, 0.13823961456, 0.10421433441, 0.19299859297, 0.08491314596, 0.062431866246, 0.2288584774, 0.042605299948, 0.12450697033],
      [0.00076093309769, 0.21792556805, 0.0096629006919, 0.0062122441201, 0.033044563673, 0.37158163133, 0.24111364663, 0.0063247011777, 0.040439181903, 0.072934629328],
      [0.0066702898644, 0.032894055065, 0.2464547135, 0.07768571264, 0.28545032126, 0.026492201668, 0.051193121159, 0.025630101536, 0.11754966144, 0.12997982187]
    ],
    [
      [0.0026646871993, 0.019152746738, 0.042287489035, 0.10711100204, 0.025917896297, 0.059932351502, 0.12628699173, 0.10430104609, 0.44215505771, 0.070190731664],
      [0.05682850056, 0.021864926837, 0.07749263035, 0.092770334716, 0.07223719591, 0.22459377938, 0.068818552175, 0.049609858028, 0.13030104494, 0.2054831771],
      [0.41481156174, 0.18651583136, 0.0066625974293, 0.030456186794, 0.016655464218, 0.049469224716, 0.18453088732, 0.040886515129, 0.016593894252, 0.053417837045],
      [0.029084872601, 0.10907026665, 0.0020664747922, 0.48605500399, 0.031323874306, 0.094281675762, 0.011963443685, 0.10435021741, 0.00089439428542, 0.13090977652],
      [0.17449370758, 0.0035511420443, 0.030021128621, 0.037871633457, 0.011000383258, 0.0072214268144, 0.13678890238, 0.062433388523, 0.29256519814, 0.24405308918],
      [0.016726033746, 0.0041032135092, 0.038466609013, 0.14659447774, 0.25933660816, 0.081221718688, 0.062705549512, 0.29460599514, 0.013075562908, 0.083164231579],
      [0.0018000547743, 0.34182040742, 0.0008118185725, 0.0068627367422, 0.042043942274, 0.32374002749, 0.21962070941, 0.0074980497496, 0.011170832112, 0.044631421456],
      [0.007871101872, 0.06359683405, 0.079352515025, 0.12707176286, 0.45169861435, 0.029977740783, 0.059685747932, 0.038248930185, 0.041066559717, 0.10143019322]
    ],
    [
      [0.0013344172284, 0.0076512578894, 0.07839974829, 0.072977890105, 0.030557603705, 0.065251030049, 0.081018322672, 0.045676402941, 0.55236264691, 0.06477068021],
      [0.035065483696, 0.0087687389728, 0.1435120658, 0.063257849586, 0.087194432377, 0.24671913654, 0.043756352473, 0.021878593426, 0.16123655852, 0.18861078861],
      [0.39907828676, 0.11039773675, 0.022665634816, 0.032361582325, 0.029729280173, 0.083603445004, 0.18520855862, 0.027970743339, 0.032135947849, 0.076848784361],
      [0.021540063902, 0.061962670758, 0.03373720065, 0.45971329077, 0.041436070491, 0.13877728041, 0.0014091346747, 0.064545554494, 0.0036325986086, 0.17324613525],
      [0.11767994266, 0.0020783513427, 0.062064496484, 0.027290129369, 0.01343025158, 0.0080470052085, 0.095196693173, 0.030181108148, 0.39952976472, 0.24450225732],
      [0.011824173669, 0.0022006693645, 0.084130624696, 0.11699379013, 0.37676712121, 0.10401052147, 0.046817337604, 0.14866480785, 0.019011756686, 0.089579197312],
      [0.00076922345278, 0.17232522104, 0.0073524905683, 0.0059374502585, 0.066434485611, 0.47994121847, 0.18818815016, 0.0045637672693, 0.018735056476, 0.055752936703],
      [0.0042733407945, 0.02347746155, 0.14004938065, 0.081837291365, 0.53145115414, 0.030554580355, 0.03552607701, 0.016072718975, 0.048099338442, 0.088658656719]
    ],
    [
      [0.0021134328803, 0.0074075406626, 0.040334055471, 0.037606916311, 0.024722561535, 0.05928589917, 0.1791710966, 0.059294785055, 0.55029571753, 0.039767994787],
      [0.098648252455, 0.0094489554505, 0.081334591319, 0.036321109366, 0.077646079117, 0.24847621033, 0.10743124709, 0.031623711352, 0.17895110829, 0.13011873522],
      [0.58394770121, 0.05617691911, 0.0063413594467, 0.0095878351846, 0.013363285477, 0.041727408331, 0.22500581784, 0.020237888592, 0.018201700702, 0.02541008411],
      [0.060383721128, 0.081838143241, 0.019982401065, 0.32745235775, 0.048360385677, 0.1739797894, 0.0247323619, 0.11615231062, 0.010682537617, 0.1364359916],
      [0.26094333488, 0.0021209496772, 0.026942015966, 0.01283215936, 0.009534379481, 0.0062479293387, 0.18103967773, 0.033487674518, 0.33766342587, 0.12918845317],
      [0.032164235288, 0.002688546287, 0.047889088068, 0.066437389986, 0.33321547229, 0.10479912961, 0.11476685033, 0.21509746498, 0.021561252215, 0.061380570955],
      [0.0002403042171, 0.13964917456, 0.0028802446687, 0.0035483806545, 0.047289016594, 0.38211605154, 0.37227168989, 0.0051574589966, 0.017013237944, 0.029834440925],
      [0.011933857499, 0.027273196859, 0.089111781094, 0.052730455301, 0.53068833159, 0.034611019316, 0.099011546455, 0.025962929542, 0.060334615997, 0.068342266351]
    ],
    [
      [0.0020674605589, 0.011673970165, 0.092927418071, 0.061352077802, 0.025273501882, 0.088942207196, 0.14143574079, 0.093472004012, 0.3579098634, 0.12494575612],
      [0.039346259749, 0.010477152297, 0.13195067297, 0.0412419654, 0.055552224023, 0.26160903749, 0.05952791138, 0.03461473282, 0.080754454344, 0.28492558953],
      [0.39047999828, 0.11283848164, 0.017781953971, 0.018443138545, 0.016552083619, 0.07644713676, 0.21583177584, 0.038175055391, 0.013802944635, 0.09964743131],
      [0.020635046543, 0.077433167426, 0.031838372401, 0.30689833698, 0.030875008478, 0.15027350329, 0.01345689095, 0.10464730188, 0, 0.26394237205],
      [0.1626328566, 0.0024303770741, 0.058248395744, 0.018692615613, 0.0091988000437, 0.0085748077227, 0.13332405312, 0.04892371396, 0.17792673257, 0.38004764755],
      [0.014043948513, 0.0029094279014, 0.080710893147, 0.079141475535, 0.24404726365, 0.11459093741, 0.066298712521, 0.24872194544, 0.0092698408875, 0.140265555],
      [0.0084385471366, 0.18258077792, 0.005939928733, 0.003317307665, 0.038204932056, 0.45254541048, 0.22889137483, 0.0061360802371, 0, 0.073945640946],
      [0.035635473814, 0.034449576604, 0.15966766642, 0.066041701635, 0.40795247745, 0.039790172971, 0.060564246874, 0.031225194621, 0, 0.16467348961]
    ],
    [
      [0.0021389170192, 0.015008921426, 0.12919731177, 0.058347406531, 0.018915907612, 0.058305104622, 0.13151528448, 0.055701753908, 0.41595278789, 0.11491660474],
      [0.044165871265, 0.014529412412, 0.20043872852, 0.042859430635, 0.044529188203, 0.18413485108, 0.059714838848, 0.022285223158, 0.10202244826, 0.28532000762],
      [0.4055107295, 0.15319393533, 0.024487376692, 0.017406069095, 0.01304413804, 0.051314939363, 0.20581144499, 0.023863885769, 0.013112976936, 0.09225450428],
      [0.028898166589, 0.10800360365, 0.039864710257, 0.32986332301, 0.025484983776, 0.1131018466, 0.012969992596, 0.071115377888, 0, 0.27069799564],
      [0.14108245902, 0.0026357745549, 0.080608187866, 0.018289419465, 0.0067897899661, 0.005929801274, 0.12454562889, 0.029237228201, 0.23830654327, 0.3525751675],
      [0.017709530177, 0.0040254154759, 0.13814013429, 0.093240221377, 0.22477417353, 0.092240679365, 0.075663045055, 0.1801642602, 0.014205878216, 0.15983666232],
      [0.00082073716986, 0.2802706884, 0.008045958308, 0.0045812150572, 0.032242901624, 0.33664939034, 0.24313815089, 0.0041784949775, 0.011222824103, 0.078849639135],
      [0.0065324603461, 0.048522661857, 0.24071940817, 0.068115694735, 0.32659345475, 0.02815884573, 0.060090458691, 0.019919797671, 0.03759485428, 0.16375236377]
    ],
    [
      [0.0012755652316, 0.0069835447265, 0.058188766376, 0.039515319749, 0.014095455958, 0.032535306127, 0.10776002006, 0.022652593825, 0.67521517543, 0.041778252516],
      [0.044193105143, 0.011241416065, 0.14727025154, 0.046762024766, 0.05496737574, 0.16840461484, 0.080771543582, 0.014228720497, 0.26456946748, 0.16759148034],
      [0.40196793144, 0.11239375388, 0.018714545591, 0.01913998015, 0.015361250105, 0.046170852556, 0.2755078986, 0.014689701115, 0.041251436995, 0.054802649556],
      [0.035316828367, 0.096902339288, 0.039050369993, 0.42067708764, 0.034516346667, 0.11718663903, 0.018224156246, 0.046515275779, 0.0052958067519, 0.18631515024],
      [0.11121216602, 0.0019918399805, 0.047720292282, 0.015504751705, 0.0066776517731, 0.0041914041061, 0.13297405469, 0.014918162399, 0.50105594324, 0.1637537338],
      [0.018941362022, 0.0036981198109, 0.10899791496, 0.10926296448, 0.29354139061, 0.089848847589, 0.10880705773, 0.12842961831, 0.038221390658, 0.10025133384],
      [0.0011083880948, 0.21152740652, 0.0066284770896, 0.0046656070615, 0.040806126443, 0.31567075109, 0.34070799282, 0.0020998894935, 0.029042977957, 0.047742383422],
      [0.0068436922135, 0.036268882973, 0.1758474721, 0.07439980331, 0.39654806795, 0.025643478362, 0.081000658672, 0.012472437766, 0.094852383896, 0.096123122761]
    ],
    [
      [0.00146466698, 0.0066006854419, 0.067320551729, 0.046686564224, 0.018016780133, 0.062168890735, 0.12209339398, 0.074618228845, 0.54428631582, 0.056743922111],
      [0.042417657644, 0.0075626442759, 0.13036526378, 0.042779663046, 0.054497682234, 0.25837095338, 0.071086225136, 0.037633362648, 0.17851556403, 0.17677098383],
      [0.40143919528, 0.083327553999, 0.017853007964, 0.019397118965, 0.016122839112, 0.073380062009, 0.25522389551, 0.041441959846, 0.029914358167, 0.061900009145],
      [0.028305718091, 0.058721841956, 0.028543116653, 0.37256673396, 0.029950161774, 0.16170510177, 0.012678550999, 0.12316825416, 0.0042571319963, 0.18010338863],
      [0.12864280743, 0.0048267064556, 0.054720138085, 0.021213937989, 0.0086030323976, 0.0077072694348, 0.14007206238, 0.046737187911, 0.38032678906, 0.20715006886],
      [0.014875042352, 0.0021069598309, 0.079842964202, 0.082401366871, 0.24392391449, 0.11096656901, 0.07900977023, 0.27829696841, 0.021469125481, 0.087107319123],
      [0.00067421677033, 0.13879237984, 0.005442893243, 0.0047293257746, 0.037613054188, 0.46901710914, 0.27255590404, 0.006415228227, 0.018186275244, 0.046573613536],
      [0.0063585478508, 0.025486836123, 0.16012342921, 0.070268608909, 0.4201931622, 0.039060111146, 0.073163381158, 0.034464949406, 0.066867851671, 0.10401312233]
    ],
    [
      [0.0020497309169, 0.013886784381, 0.099316630923, 0.049159516491, 0.0090451573443, 0.033557763713, 0.1194265315, 0.039155684073, 0.55678713419, 0.077615066471],
      [0.061564859515, 0.017213089721, 0.19850092912, 0.046328727433, 0.01773140514, 0.13782626101, 0.070807791572, 0.020460743291, 0.18456572346, 0.24500046973],
      [0.40521707075, 0.17318696894, 0.022254299703, 0.018191795821, 0.0070524815994, 0.034699404472, 0.2185557737, 0.019395848348, 0.027204362977, 0.074241993691],
      [0.031837923325, 0.13487747292, 0.040660438038, 0.37568038128, 0.015334184861, 0.083900786403, 0.01246360775, 0.06219763872, 0.0040769015489, 0.23897066516],
      [0.13489091313, 0.0029482699673, 0.064725348536, 0.021181974372, 0, 0.0036367681945, 0.12800672305, 0.025695892621, 0.35861207224, 0.26030203789],
      [0.022191223268, 0.0053760471996, 0.15276747272, 0.11180485648, 0.16880822948, 0.076537260554, 0.099193730108, 0.18246984439, 0.02841052303, 0.15244081276],
      [0.00093607795929, 0.35385353585, 0.0076489708865, 0.0050864008296, 0.0211573822, 0.24713428579, 0.27491119124, 0.0036757511752, 0.019806007424, 0.065790396644],
      [0.0081154084716, 0.063341906207, 0.26060505189, 0.080063477082, 0.23948228946, 0.02289010979, 0.077508443525, 0.019757022149, 0.074500105717, 0.15373618571]
    ],
    [
      [0.017454060824, 0.008200338311, 0.04528895589, 0.076351100906, 0.011460121162, 0.037425812139, 0.1144362028, 0, 0.59654131671, 0.092842091263],
      [0.062967264765, 0.010527862104, 0.091075275418, 0.073023718314, 0.035784806196, 0.15673192533, 0.069163966578, 0, 0.20188356672, 0.29884161457],
