{
  "X": [
    [45, 90, 323, 15, 15],
    [81, 129, 436, 20, 19],
    [56, 68, 406, 20, 16],
    [26, 24, 166, 5, 9],
    [48, 224, 341, 28, 15],
    [46, 161, 294, 15, 17],
    [84, 190, 292, 14, 12],
    [39, 126, 173, 14, 7],
    [111, 320, 540, 23, 21],
    [56, 209, 302, 18, 17],
    [39, 113, 157, 7, 9],
    [38, 232, 225, 32, 15],
    [204, 794, 970, 86, 49],
    [35, 150, 146, 8, 7],
    [114, 334, 787, 36, 39],
    [27, 96, 128, 12, 8],
    [52, 238, 379, 33, 10],
    [68, 241, 341, 18, 20],
    [93, 270, 584, 29, 23],
    [16, 14, 131, 3, 10],
    [24, 37, 77, 3, 7],
    [43, 73, 244, 9, 7],
    [24, 47, 282, 8, 2],
    [7, 6, 90, 3, 10],
    [43, 77, 313, 15, 17],
    [13, 17, 108, 4, 13],
    [23, 56, 196, 16, 11],
    [43, 59, 337, 16, 5],
    [30, 19, 71, 5, 1],
    [48, 113, 233, 15, 7],
    [24, 32, 229, 11, 12],
    [31, 51, 127, 12, 6],
    [6, 21, 84, 5, 1],
    [45, 120, 267, 16, 7],
    [50, 110, 255, 9, 2],
    [18, 24, 95, 4, 3],
    [55, 79, 214, 8, 8],
    [57, 71, 157, 9, 9],
    [74, 80, 374, 10, 9],
    [11, 12, 69, 3, 5],
    [37, 37, 172, 2, 3],
    [9, 13, 36, 0, 0],
    [15, 21, 59, 6, 7],
    [4, 3, 76, 2, 2],
    [4, 8, 54, 2, 4],
    [126, 197, 311, 27, 18],
    [57, 155, 167, 24, 17],
    [66, 173, 273, 16, 6],
    [26, 59, 147, 10, 5],
    [5, 6, 30, 2, 0],
    [26, 37, 180, 7, 5],
    [31, 58, 89, 3, 6],
    [174, 314, 876, 22, 26],
    [26, 39, 130, 6, 3],
    [10, 19, 115, 3, 3],
    [14, 11, 53, 1, 1],
    [36, 89, 346, 8, 24],
    [40, 64, 252, 7, 6],
    [3, 5, 35, 1, 3],
    [41, 89, 178, 11, 10],
    [35, 70, 140, 6, 5],
    [26, 40, 191, 7, 6],
    [11, 13, 81, 4, 2],
    [44, 53, 159, 4, 10],
    [37, 75, 163, 7, 11],
    [25, 37, 158, 5, 14],
    [31, 61, 158, 6, 2],
    [10, 15, 43, 2, 3],
    [6, 26, 141, 6, 3],
    [26, 33, 115, 2, 3],
    [1, 3, 16, 0, 3],
    [424, 974, 2458, 153, 115],
    [24, 40, 122, 5, 4],
    [85, 169, 377, 15, 10],
    [278, 347, 1002, 44, 46],
    [24, 36, 115, 2, 5]
  ],
  "W": [
    [16, 40, 83, 304, 24, 21],
    [32, 85, 113, 387, 46, 22],
    [26, 55, 67, 378, 19, 21],
    [25, 22, 19, 137, 17, 10],
    [31, 62, 164, 315, 69, 15],
    [27, 49, 115, 280, 37, 25],
    [18, 63, 162, 288, 32, 29],
    [14, 54, 98, 150, 28, 15],
    [34, 96, 272, 518, 59, 36],
    [21, 47, 172, 277, 52, 33],
    [9, 48, 79, 151, 27, 11],
    [32, 51, 187, 204, 40, 28],
    [67, 187, 609, 968, 186, 86],
    [10, 27, 126, 145, 24, 14],
    [48, 137, 230, 768, 80, 47],
    [5, 25, 80, 127, 26, 8],
    [57, 63, 178, 347, 49, 18],
    [35, 83, 181, 322, 47, 20],
    [38, 106, 205, 565, 43, 42],
    [5, 16, 11, 127, 7, 8],
    [8, 19, 30, 69, 16, 6],
    [16, 46, 60, 216, 27, 11],
    [7, 20, 44, 264, 12, 16],
    [5, 7, 6, 83, 6, 9],
    [17, 44, 53, 319, 14, 18],
    [6, 7, 13, 105, 16, 8],
    [9, 20, 45, 204, 13, 11],
    [10, 46, 53, 320, 15, 16],
    [3, 29, 17, 71, 4, 2],
    [18, 46, 76, 220, 37, 19],
    [7, 18, 33, 223, 13, 14],
    [4, 27, 47, 128, 8, 13],
    [2, 9, 16, 73, 10, 7],
    [7, 44, 95, 249, 45, 15],
    [13, 51, 88, 236, 28, 10],
    [5, 13, 19, 90, 9, 8],
    [10, 46, 73, 193, 31, 11],
    [10, 59, 56, 141, 26, 11],
    [28, 72, 66, 347, 19, 15],
    [6, 10, 15, 62, 3, 4],
    [14, 39, 33, 147, 9, 9],
    [3, 10, 13, 29, 2, 1],
    [7, 9, 16, 61, 9, 6],
    [4, 2, 2, 74, 0, 5],
    [1, 4, 10, 51, 3, 3],
    [23, 107, 156, 285, 73, 35],
    [12, 49, 137, 151, 48, 23],
    [18, 76, 111, 264, 45, 20],
    [13, 25, 53, 129, 12, 15],
    [3, 3, 5, 31, 0, 1],
    [11, 24, 25, 182, 5, 8],
    [7, 38, 33, 89, 15, 5],
    [72, 153, 226, 840, 63, 58],
    [6, 24, 32, 119, 14, 9],
    [5, 7, 17, 104, 7, 10],
    [3, 12, 9, 51, 2, 3],
    [17, 40, 63, 331, 26, 26],
    [16, 41, 48, 223, 26, 15],
    [3, 2, 2, 30, 6, 4],
    [12, 34, 76, 161, 30, 16],
    [5, 36, 56, 123, 26, 10],
    [1, 31, 31, 173, 19, 15],
    [5, 14, 10, 66, 3, 13],
    [18, 39, 50, 140, 14, 9],
    [13, 36, 55, 154, 23, 12],
    [25, 30, 24, 139, 13, 8],
    [7, 27, 46, 149, 15, 14],
    [4, 12, 7, 36, 10, 4],
    [6, 11, 17, 123, 17, 8],
    [9, 8, 27, 114, 16, 5],
    [0, 3, 3, 16, 0, 1],
    [130, 464, 747, 2332, 266, 185],
    [9, 18, 32, 113, 15, 8],
    [9, 98, 133, 347, 49, 20],
    [61, 246, 315, 951, 75, 69],
    [1, 33, 28, 106, 5, 9]
  ],
  "method": "mvn_pdf",
  "cond_prob": [
    [
      [0.035382364782, 0.17509386605, 0.67681163766, 0.030720105947, 0.081992025562],
      [0.56650898333, 0.11475908957, 0.30763218593, 0.0045590329336, 0.0065407082375],
      [0.099552669161, 0.81052726693, 0.025133944441, 0.064404706575, 0.0003814128963],
      [0.029602811092, 0.013542296229, 0.9147662248, 0.014332478032, 0.027756189847],
      [0.13377659216, 0.44077431993, 0.24207547988, 0.097374236632, 0.085999371399],
      [0.050085049998, 0.083131011635, 0.65481880845, 0.094343804457, 0.11762132546]
    ],
    [
      [0.035865113536, 0.16419892863, 0.69728321984, 0.028602299493, 0.0740504385],
      [0.56751439247, 0.10694840203, 0.31542521815, 0.0042236666617, 0.0058883206954],
      [0.10695485759, 0.80156879187, 0.027548148192, 0.063561291248, 0.00036691110043],
      [0.029343700905, 0.012437332367, 0.92063471368, 0.01305407826, 0.024530174792],
      [0.14025624499, 0.42681001464, 0.25866848473, 0.093742255582, 0.080523000052],
      [0.05091059537, 0.078238175396, 0.67646502126, 0.08796729374, 0.10641891424]
    ],
    [
      [0.036059634338, 0.13801388258, 0.70869398552, 0.041804535135, 0.075427962436],
      [0.57556509622, 0.090331858341, 0.32189450788, 0.0061910630885, 0.0060174744696],
      [0.11874789111, 0.7473845804, 0.030863363466, 0.10259255037, 0.00041161466004],
      [0.028934139411, 0.010250030671, 0.91762304192, 0.018701417939, 0.024491370056],
      [0.14362379882, 0.36574499255, 0.26741985424, 0.13977139741, 0.083439956983],
      [0.049139233697, 0.063118931214, 0.65991830546, 0.12376047636, 0.10406305327]
    ],
    [
      [0.041305169175, 0.12085249115, 0.73620470068, 0.02095861329, 0.080679025711],
      [0.61507442918, 0.072261336016, 0.30399953906, 0.0028309899296, 0.0058337058154],
      [0.15436777585, 0.7508546936, 0.035955902905, 0.058327676092, 0.00049395155843],
      [0.032103306667, 0.0086884166761, 0.92485083967, 0.0090804762338, 0.02527696075],
      [0.1790628484, 0.34886616101, 0.29935644899, 0.076100476116, 0.096614065483],
      [0.058025409188, 0.056912474246, 0.70617351229, 0.063912277788, 0.11497632649]
    ],
    [
      [0.025600366791, 0.31138442359, 0.55988249012, 0.043155252002, 0.059977467494],
      [0.46407271112, 0.23249257579, 0.29064994821, 0.007308742731, 0.0054760221439],
      [0.044584069033, 0.8862922831, 0.012929830873, 0.056019941436, 0.00017387555869],
      [0.025399798158, 0.028557694954, 0.89804290229, 0.02387288186, 0.024126722738],
      [0.075582476135, 0.61142492117, 0.15687471942, 0.10687528629, 0.049242596984],
      [0.038364589937, 0.15656214956, 0.57374785128, 0.14029250459, 0.091032904632]
    ],
    [
      [0.032018868521, 0.34080260342, 0.52195603939, 0.02908256679, 0.076139921885],
      [0.5202913381, 0.22718089164, 0.24193262583, 0.0043983578882, 0.0061967865369],
      [0.051724024055, 0.90191205766, 0.011171500615, 0.034988223909, 0.00020419375723],
      [0.033527848395, 0.032930981779, 0.88424744438, 0.016982702683, 0.032311022768],
      [0.090482863052, 0.64109167445, 0.13984170032, 0.068841457573, 0.059742304607],
      [0.049755901705, 0.17749354695, 0.55478009736, 0.097991997582, 0.1199784564]
    ],
    [
      [0.061326376712, 0.33795962381, 0.51917575552, 0.026266349765, 0.055271894199],
      [0.67775595248, 0.15307152772, 0.16341346477, 0.0026997312376, 0.0030593237965],
      [0.095749910753, 0.86284251444, 0.010736601572, 0.030527599821, 0.00014337341571],
      [0.063249151145, 0.032183589382, 0.86632854932, 0.015108859401, 0.023129850747],
      [0.16467273499, 0.60311963327, 0.13205550361, 0.058990615376, 0.041161512746],
      [0.095443806204, 0.17629850987, 0.55255690819, 0.088546232677, 0.087154543051]
    ],
    [
      [0.029135145927, 0.30604978619, 0.57177539181, 0.038642105711, 0.054397570361],
      [0.49752671543, 0.2141363056, 0.27757593941, 0.0061232115618, 0.0046378279989],
      [0.051244261656, 0.88462423553, 0.01326061213, 0.050712509198, 0.0001583814891],
      [0.02834704666, 0.027450169182, 0.90181176268, 0.020939013822, 0.021452007655],
      [0.087020414323, 0.60955918634, 0.16138067065, 0.096989692368, 0.045050036319],
      [0.044004100788, 0.15490366743, 0.59078328584, 0.12694947024, 0.083359475702]
    ],
    [
      [0.042826036421, 0.29988097917, 0.57286501705, 0.02504356713, 0.059384400227],
      [0.59346679965, 0.17138945219, 0.22773929317, 0.0032497774608, 0.0041546775295],
      [0.07670498783, 0.8760867316, 0.013630382098, 0.033400617633, 0.0001772808407],
      [0.041433148071, 0.026846346154, 0.89489732748, 0.013519511035, 0.023303667256],
      [0.12826431965, 0.59649539859, 0.16300576, 0.062767464908, 0.049467056846],
      [0.065944120002, 0.15496011452, 0.60309977121, 0.083439189991, 0.092556804276]
    ],
    [
      [0.036390124582, 0.29157445792, 0.57208925017, 0.027448761872, 0.072497405457],
      [0.55717922635, 0.18340158342, 0.24993503471, 0.0039172644613, 0.0055668910559],
      [0.067234929636, 0.88078220059, 0.013992911274, 0.037767540575, 0.00022241792404],
      [0.035219258433, 0.026083808977, 0.89543939037, 0.01481886997, 0.028438672247],
      [0.11110217099, 0.59176236558, 0.16551533958, 0.070156048486, 0.061464075363],
      [0.05527715133, 0.1485552069, 0.59426231233, 0.090305442732, 0.11159988671]
    ],
    [
      [0.034478415104, 0.3801891578, 0.4884789587, 0.024591915399, 0.072261553002],
      [0.53510563529, 0.24086575745, 0.21493046587, 0.0035330388074, 0.0055651025813],
      [0.05032510884, 0.91334745008, 0.0094035028443, 0.026749931706, 0.00017400653219],
      [0.038072697961, 0.038601770626, 0.87589100259, 0.01512625576, 0.032308273066],
      [0.091951148068, 0.67671326639, 0.12303746366, 0.054966800258, 0.053331321619],
      [0.055343324491, 0.20419393799, 0.5367618436, 0.085704775234, 0.11799611868]
    ],
    [
      [0.025440551805, 0.37169575874, 0.46835531885, 0.063552490927, 0.070955879678],
      [0.46207984107, 0.27756281442, 0.24313390073, 0.010757012961, 0.006466430823],
      [0.037047564037, 0.88475878592, 0.0090362658205, 0.068985855941, 0.00017152828269],
      [0.028826764148, 0.038892505854, 0.85955245069, 0.040129840494, 0.032598438818],
      [0.065200259295, 0.63373890758, 0.11381732404, 0.13675165736, 0.050491851724],
      [0.03738295885, 0.18319356033, 0.47073028299, 0.20296036775, 0.10573283008]
    ],
    [
      [0.038127853399, 0.39623477014, 0.46223294425, 0.043020435459, 0.060383996755],
      [0.55609904719, 0.23918921199, 0.19434169665, 0.0058991463626, 0.004470897804],
      [0.052892706007, 0.89398852752, 0.0085452203072, 0.044433465224, 0.00014008094301],
      [0.043876974461, 0.042239612501, 0.85806255133, 0.02762969658, 0.028191165128],
      [0.095832201208, 0.66073826046, 0.11064415837, 0.090500217736, 0.042285162221],
      [0.059453141979, 0.2074746899, 0.49272142018, 0.14511774207, 0.095233005871]
    ],
    [
      [0.043719259571, 0.40845643465, 0.46688837265, 0.025703694607, 0.055232238529],
      [0.59062581051, 0.22456173297, 0.17791434972, 0.0032043612505, 0.0036937455504],
      [0.059118032292, 0.90656426517, 0.0083097560884, 0.025884712522, 0.0001232339325],
      [0.049803391962, 0.042817468514, 0.86550501888, 0.01631456944, 0.025559551203],
      [0.11025053831, 0.68613354763, 0.11092539155, 0.054244188441, 0.038446334065],
      [0.071433677119, 0.22334472628, 0.52237804912, 0.091106738185, 0.091736809296]
    ],
    [
      [0.030245546817, 0.32542998675, 0.53852238215, 0.031007346728, 0.074794737555],
      [0.50528260884, 0.22465976572, 0.25887016706, 0.0048609730302, 0.0063264853502],
      [0.05115934795, 0.89745231217, 0.012124562596, 0.039052579968, 0.00021119731534],
      [0.03096095085, 0.030829263232, 0.88945076386, 0.017712501474, 0.031046520588],
      [0.087810076974, 0.6275669089, 0.14878582599, 0.07536772093, 0.060469467204],
      [0.046499312426, 0.16792212028, 0.56602904899, 0.10317928914, 0.11637022917]
    ],
    [
      [0.036071026518, 0.30967318034, 0.5269189638, 0.04374320626, 0.083593623085],
      [0.56139598391, 0.19563370234, 0.23033762785, 0.006249007364, 0.0063836785352],
      [0.061501364801, 0.87082273181, 0.011773895112, 0.055668554603, 0.00023345367295],
      [0.036806127935, 0.029057125984, 0.87481092715, 0.024833989682, 0.034491829251],
      [0.102434432, 0.58691214922, 0.14070384957, 0.1044447784, 0.065504790813],
      [0.052990193069, 0.15228466145, 0.52963048984, 0.14009190671, 0.12500274894]
    ],
    [
      [0.027682415904, 0.3410359176, 0.53686739305, 0.053138010831, 0.041276262617],
      [0.47887005747, 0.24291179665, 0.26603140182, 0.0085848136903, 0.0036019303689],
      [0.043835201341, 0.88206513709, 0.011285922764, 0.062704723239, 0.0001090155655],
      [0.028441561978, 0.032385610957, 0.89151947747, 0.030438931934, 0.017214417662],
      [0.076581758354, 0.62731481648, 0.14102921905, 0.12331848825, 0.031755717863],
      [0.041545909273, 0.17170970474, 0.55094984025, 0.17310471622, 0.06268982951]
    ],
    [
      [0.03141695333, 0.35157025202, 0.50945701547, 0.028573066941, 0.078982712238],
      [0.51375520114, 0.23675232284, 0.23862826001, 0.0043671042105, 0.0064971118062],
      [0.049548110912, 0.90601307002, 0.010661750786, 0.033570004822, 0.00020706346085],
      [0.033582510983, 0.034724981203, 0.8804450565, 0.017033241531, 0.034214209782],
      [0.087403393448, 0.65039032732, 0.13455089327, 0.066588790121, 0.061066595846],
      [0.049108605592, 0.18431813162, 0.5446477109, 0.096765441473, 0.12516011042]
    ],
    [
      [0.033113945772, 0.33192395746, 0.54250482909, 0.032875117717, 0.059582149965],
      [0.52565944912, 0.21737197623, 0.24730196621, 0.0048874257975, 0.0047791826407],
      [0.054577197432, 0.89302370605, 0.01188762184, 0.040347704281, 0.0001637703967],
      [0.033713743681, 0.031250697667, 0.89175451133, 0.018674075612, 0.024606971711],
      [0.094773920115, 0.63137214175, 0.14761457134, 0.078792403471, 0.047446963324],
      [0.051186333802, 0.17214219373, 0.57338308005, 0.11006099685, 0.093227395567]
    ],
    [
      [0.032564042836, 0.12632938302, 0.64932669502, 0.019559504007, 0.17222037511],
      [0.57784703139, 0.089204909315, 0.31541328791, 0.0031053696896, 0.014429401693],
      [0.11982971612, 0.79465925572, 0.030971459726, 0.053525451579, 0.0010141168542],
      [0.027707623866, 0.0099003132592, 0.894586368, 0.0092726466829, 0.058533048191],
      [0.13460359424, 0.35131195958, 0.25068098387, 0.067791270388, 0.19561219193],
      [0.044177227032, 0.057316954427, 0.60184856362, 0.057718301669, 0.23893895325]
    ],
    [
      [0.054701583924, 0.19962403728, 0.60022040431, 0.018453932014, 0.12700004247],
      [0.68617372516, 0.099259356241, 0.20499121222, 0.0020731483766, 0.007502558006],
      [0.13350115498, 0.81352050919, 0.018917325145, 0.033564194156, 0.00049681653778],
      [0.04922278569, 0.016503062744, 0.87929567396, 0.0092467098222, 0.045731767787],
      [0.18611080926, 0.45328149201, 0.18979198647, 0.052445207909, 0.11837050435],
      [0.077962000785, 0.09505816346, 0.5846373802, 0.057049170036, 0.18529328552]
    ],
    [
      [0.035214511797, 0.17705465024, 0.71204185661, 0.023956497433, 0.051732483914],
      [0.55813585863, 0.11470781546, 0.31955976717, 0.003514136727, 0.0040824220111],
      [0.099346104088, 0.82357327216, 0.026444594293, 0.050394576589, 0.00024145287171],
      [0.028469320035, 0.013225010871, 0.93057231735, 0.010798476569, 0.016934875174],
      [0.1381551088, 0.46300800561, 0.26372059087, 0.078824381785, 0.05629191294],
      [0.051358212564, 0.086581238473, 0.70983480553, 0.075798111506, 0.076427631929]
    ],
    [
      [0.031409301193, 0.15363349781, 0.7575116699, 0.024512395217, 0.03293313588],
      [0.52909197042, 0.1052025034, 0.35915709112, 0.0037959199581, 0.0027525151076],
      [0.099618630741, 0.81072769237, 0.031566073927, 0.057914767438, 0.00017283552762],
      [0.024217820511, 0.010934054617, 0.9440061381, 0.010538934008, 0.010303052769],
      [0.13353452712, 0.43684419699, 0.303481994, 0.087367603838, 0.038771678057],
      [0.045710378237, 0.074913843923, 0.75344652886, 0.077456318593, 0.048472930388]
    ],
    [
      [0.020739288189, 0.07511824928, 0.61001291704, 0.02031672044, 0.27381282505],
      [0.5023297751, 0.071047107183, 0.39242595671, 0.0042752005155, 0.029921960493],
      [0.11794040025, 0.74933017842, 0.04426829821, 0.086036325989, 0.0024247971321],
      [0.018284570934, 0.006143468523, 0.87048651728, 0.0099606753545, 0.095124767911],
      [0.09430333902, 0.23052648527, 0.25666907566, 0.077922381096, 0.34057871896],
      [0.026289095193, 0.031965134212, 0.52780711098, 0.056297333343, 0.35764132627]
    ],
    [
      [0.036099069963, 0.28217309701, 0.54907541356, 0.040654552061, 0.091997867408],
      [0.56358554974, 0.17990072179, 0.2434915439, 0.0058716348372, 0.0071505497285],
      [0.066981968568, 0.86308205158, 0.013485586986, 0.056167886776, 0.0002825060886],
      [0.035746064639, 0.025729896741, 0.87920513074, 0.022440844889, 0.036878062996],
      [0.1074447143, 0.56025079905, 0.15484185963, 0.10151678167, 0.075945845341],
      [0.052483216745, 0.13733055491, 0.54589872634, 0.12859667072, 0.13569083128]
    ],
    [
      [0.033522520028, 0.11015017392, 0.56512974078, 0.019326258655, 0.27187130661],
      [0.61517252371, 0.079284902186, 0.27934600368, 0.0031314932358, 0.023065077188],
      [0.13848176339, 0.77018969011, 0.030113059897, 0.059432068654, 0.0017834179499],
      [0.031082068245, 0.0094210040426, 0.84930902743, 0.0099808557436, 0.10020704454],
      [0.13392835268, 0.2939644134, 0.20994247569, 0.064607494041, 0.29755726418],
      [0.04315187796, 0.047463420651, 0.4965118496, 0.054071639756, 0.35880121204]
    ],
    [
      [0.033205416962, 0.25660298871, 0.54194754544, 0.076506416562, 0.091737632329],
      [0.55392513396, 0.1731525124, 0.25376943426, 0.011645870769, 0.0075070486024],
      [0.063432530344, 0.8135896579, 0.013622173058, 0.10906783149, 0.00028780720986],
      [0.032716219922, 0.023216409864, 0.86559737592, 0.041923127577, 0.036546866717],
      [0.0960129342, 0.49615592927, 0.14785336089, 0.18665799541, 0.073319780233],
      [0.044237006616, 0.11433963154, 0.49374184996, 0.22351749734, 0.12416401454]
    ],
    [
      [0.034332036368, 0.16691015138, 0.71365291207, 0.044169159011, 0.040935741175],
      [0.55350337235, 0.11009031632, 0.32652273447, 0.0065864778083, 0.0032970990499],
      [0.097414476387, 0.78224770123, 0.026725061469, 0.093420135759, 0.00019262515103],
      [0.027604885644, 0.012397224129, 0.92686044916, 0.01979183578, 0.013345605286],
      [0.131214542, 0.42551246498, 0.25798307815, 0.14187648509, 0.04341342978],
      [0.047974901948, 0.078204364725, 0.6815868109, 0.13436647857, 0.057867443856]
    ],
    [
      [0.07752194486, 0.22099852974, 0.60630549056, 0.061951705655, 0.033222329193],
      [0.74993634096, 0.084180704655, 0.15908963179, 0.0052590640937, 0.001534258501],
      [0.15315480538, 0.73960878282, 0.015448269805, 0.091681306709, 0.00010683528347],
      [0.068322448067, 0.017753948281, 0.87183950388, 0.030176558813, 0.011907540955],
      [0.2251919748, 0.43141731135, 0.1632963412, 0.15377545143, 0.026318921212],
      [0.10500441676, 0.09974994465, 0.56113739695, 0.18858145252, 0.045526789116]
    ],
    [
      [0.04189338197, 0.32634923355, 0.54986617266, 0.037478234194, 0.044412977623],
      [0.5867211456, 0.18669522538, 0.21861547462, 0.0048603359057, 0.0031078184948],
      [0.068366142533, 0.87408966659, 0.011866467235, 0.045557233226, 0.00012049041421],
      [0.041844308402, 0.030045939979, 0.88924423255, 0.020863689859, 0.018001829213],
      [0.11801216266, 0.61222404935, 0.14655443184, 0.088506257054, 0.034703099084],
      [0.064089644834, 0.16722524098, 0.57527416133, 0.12459694652, 0.068814006336]
    ],
    [
      [0.034932961251, 0.12268917565, 0.70066454114, 0.038712341983, 0.10300097997],
      [0.57906178953, 0.082238811275, 0.32451193656, 0.0058485470218, 0.0083389156137],
      [0.12572390867, 0.73676224483, 0.033035495847, 0.10387182126, 0.00060652939347],
      [0.028138636694, 0.0091357558873, 0.91190707405, 0.017368437762, 0.033450095609],
      [0.14328607226, 0.33599036007, 0.27044562065, 0.13350116778, 0.11677677924],
      [0.046978693182, 0.055325430532, 0.64365095289, 0.11347902521, 0.14056589819]
    ],
    [
      [0.051711661549, 0.25818336115, 0.55349220864, 0.06777102475, 0.068841743912],
      [0.65940965555, 0.13229079586, 0.19621541672, 0.0078194109991, 0.0042647208695],
      [0.095973944663, 0.7965440149, 0.013432147722, 0.09384122555, 0.00020866716952],
      [0.04969368146, 0.022754446299, 0.86458268332, 0.036193490525, 0.026775698392],
      [0.14678255901, 0.48982849605, 0.14741154267, 0.16222858991, 0.053748812368],
      [0.07032466344, 0.11736192138, 0.51466547965, 0.20249731519, 0.095150620338]
    ],
    [
      [0.018535310955, 0.16114905257, 0.75353496388, 0.035988078061, 0.030792594539],
      [0.40349449817, 0.13987090476, 0.44642726183, 0.0069801946007, 0.0032271406374],
      [0.055687764778, 0.83422864601, 0.028880857245, 0.08105195354, 0.0001507784269],
      [0.014332878655, 0.011418154416, 0.94912771947, 0.015453518141, 0.0096677293152],
      [0.078204292923, 0.46274690235, 0.29400071551, 0.12927903099, 0.035769058228],
      [0.02653087853, 0.077112221127, 0.73799406545, 0.11371447899, 0.044648355906]
    ],
    [
      [0.034411988317, 0.23803109052, 0.64816969361, 0.033437717945, 0.045949509604],
      [0.54508101359, 0.15450157924, 0.29185698217, 0.0049179455906, 0.0036424794019],
      [0.075000943993, 0.8518558887, 0.018643837695, 0.054333074236, 0.00016625537204],
      [0.030127746131, 0.019245118664, 0.91799336141, 0.016319373766, 0.016314400032],
      [0.11664224069, 0.53731956665, 0.20774366318, 0.095066821628, 0.043227707852],
      [0.05086798617, 0.1179777432, 0.65509808815, 0.10728164475, 0.068774537725]
    ],
    [
      [0.039857660992, 0.25896596294, 0.64689793051, 0.023774693631, 0.030503751928],
      [0.57602949625, 0.15314069147, 0.26543443596, 0.0031875433701, 0.0022078329479],
      [0.08101709894, 0.86551456848, 0.017347261072, 0.03601798883, 0.00010308268152],
      [0.035076246388, 0.021024761441, 0.92132722069, 0.011664755588, 0.010907015898],
      [0.13199933102, 0.5715970189, 0.20241726121, 0.065971155827, 0.028015233045],
      [0.061182317184, 0.13319328681, 0.67909900455, 0.079142114226, 0.047383277229]
    ],
    [
      [0.055881546532, 0.20715909456, 0.6598043002, 0.027247921364, 0.049907137338],
      [0.67948284377, 0.098549644019, 0.21617720478, 0.0029214375516, 0.0028688698792],
      [0.12842590403, 0.80524206095, 0.019567842218, 0.046577829128, 0.00018636367741],
      [0.047192445097, 0.016006055137, 0.90693730283, 0.012806258215, 0.017057938724],
      [0.19108275453, 0.47513185691, 0.20915255271, 0.077969739283, 0.046663096562],
      [0.081464340881, 0.10064274773, 0.65723933507, 0.086794597434, 0.073858978889]
    ],
    [
      [0.050683483383, 0.16718189062, 0.70067496084, 0.020684453253, 0.060775211903],
      [0.65175713219, 0.087681640285, 0.25423058441, 0.0024570077191, 0.0038736353925],
      [0.14452143693, 0.7849670876, 0.026252241584, 0.043973318305, 0.0002859155853],
      [0.041032829371, 0.012511020879, 0.91721632082, 0.0093379362349, 0.01990189269],
      [0.19334511036, 0.42445263881, 0.25191509973, 0.066071428557, 0.064215722544],
      [0.073246494821, 0.081013365933, 0.69196741478, 0.064758137246, 0.089014587218]
    ],
    [
      [0.051721119393, 0.22345387765, 0.61251135156, 0.029943474408, 0.082370176985],
      [0.65633972906, 0.11555771025, 0.21943518501, 0.0035042949863, 0.0051630806844],
      [0.11480803405, 0.81742705215, 0.017883921928, 0.049580152722, 0.00030083914912],
      [0.046422982488, 0.018497390203, 0.89026097194, 0.014970150093, 0.029848505277],
      [0.16886443742, 0.4860491146, 0.18859038977, 0.082046538911, 0.074449519303],
      [0.074519838757, 0.10786873131, 0.60326149359, 0.093796152007, 0.12055378434]
    ],
    [
      [0.048879177529, 0.19018042623, 0.68739955982, 0.023589196454, 0.049951639966],
      [0.63722328748, 0.10159083326, 0.25506848136, 0.0028565935287, 0.0032608043666],
      [0.12595985846, 0.80512729566, 0.02343900683, 0.045260049899, 0.00021378914963],
      [0.040402855404, 0.014530982136, 0.91745500224, 0.010877232246, 0.016733927972],
      [0.17828567704, 0.46161363312, 0.23747494579, 0.072040381155, 0.050585362889],
      [0.071444712164, 0.093211954899, 0.68671631977, 0.074729528026, 0.073897485138]
    ],
    [
      [0.033190187737, 0.088493919755, 0.70922392713, 0.024030884173, 0.1450610812],
      [0.59242986006, 0.061301590851, 0.33106157314, 0.0036901294358, 0.011516846517],
      [0.15466321161, 0.71897914328, 0.041446492269, 0.083875146917, 0.0010360059248],
      [0.026306449906, 0.0064997253322, 0.91132857504, 0.010576720855, 0.045288528866],
      [0.15272403298, 0.27413850096, 0.29842618851, 0.093639818963, 0.18107145859],
      [0.044356531015, 0.03968240975, 0.64611020526, 0.070464033219, 0.19938682076]
    ],
    [
      [0.044351907853, 0.1526585354, 0.74884854203, 0.01382417472, 0.040316839998],
      [0.61765562631, 0.086105761958, 0.29171065319, 0.0017645774972, 0.0027633810438],
      [0.13915072779, 0.79763316752, 0.030712558316, 0.032295420048, 0.00020812631886],
      [0.034276878103, 0.010888610689, 0.93625726275, 0.0059607384467, 0.012616510007],
      [0.185284279, 0.42625771874, 0.29363052876, 0.048278001446, 0.046549472049],
      [0.065415913696, 0.075403153911, 0.75483311864, 0.044106442683, 0.060241371075]
    ],
    [
      [0.036085198614, 0.13240278931, 0.8064774458, 0.0068201052408, 0.018214461031],
      [0.58636683294, 0.082023222504, 0.32930486965, 0.00095191020459, 0.0013531647037],
      [0.12421997622, 0.82473217819, 0.033257486762, 0.017690699432, 9.9659399304e-05],
      [0.026062398404, 0.0087454296421, 0.95702666741, 0.0027539105624, 0.0054115939818],
      [0.1726635696, 0.43732802377, 0.33959418366, 0.027004812856, 0.023409410114],
      [0.054257049816, 0.066159590313, 0.83040989014, 0.021578213785, 0.027595255947]
    ],
    [
      [0.063163807156, 0.22481294257, 0.47726168077, 0.057258723726, 0.17750284578],
      [0.73901831615, 0.099942544602, 0.14607016835, 0.0056978347089, 0.0092711361902],
      [0.12840801433, 0.77184784756, 0.012475860078, 0.086700448031, 0.00056783000701],
      [0.06532498204, 0.021161139681, 0.80767804272, 0.032794803362, 0.0730410322],
      [0.17863380976, 0.4241339031, 0.1246628705, 0.13659339046, 0.13597602618],
      [0.081665157741, 0.096677933088, 0.4211504073, 0.16455567057, 0.2359508313]
    ],
    [
      [0.03433946519, 0.14010043185, 0.74513628496, 0.028537922182, 0.051885895824],
      [0.58839934245, 0.086117385168, 0.31767890524, 0.0039462287028, 0.003858138435],
      [0.10336494944, 0.80389360337, 0.028736474965, 0.063754043905, 0.00025092832462],
      [0.026529507374, 0.0098047696255, 0.93531248846, 0.012235941316, 0.016117293226],
      [0.14416060904, 0.40937787496, 0.28652449447, 0.10085978747, 0.059077234065],
      [0.048726167387, 0.065601021181, 0.72103979789, 0.089870059482, 0.074762954061]
    ],
    [
      [0.018149963267, 0.06790594352, 0.72585880433, 0.018825658784, 0.1692596301],
      [0.45473998335, 0.065450146189, 0.458056461, 0.0039493924073, 0.017804017049],
      [0.10802647233, 0.75399936163, 0.052139980449, 0.084370194698, 0.0014639908851],
      [0.014209375651, 0.0049692699394, 0.92141041354, 0.0081825982571, 0.051228342611],
      [0.094701512156, 0.24433468583, 0.33979288046, 0.083898041667, 0.23727287988],
      [0.024089385951, 0.030403271549, 0.65680388772, 0.054838936091, 0.23386451869]
    ],
    [
      [0.064120897278, 0.27170151735, 0.55575861827, 0.03866229136, 0.069756675737],
      [0.69779246468, 0.12158102518, 0.17288577801, 0.0039250406853, 0.0038156914365],
      [0.11789825742, 0.81538544224, 0.013557265228, 0.05294557312, 0.0002134619977],
      [0.061839769499, 0.024236892208, 0.86587207065, 0.020794553378, 0.027256714259],
      [0.18372161846, 0.51686734531, 0.15109610752, 0.092766249834, 0.055548678877],
      [0.092986532095, 0.13220143785, 0.55087154325, 0.12151910501, 0.10242138179]
    ],
    [
      [0.043292061454, 0.25737429735, 0.52448322505, 0.05098433069, 0.12386608546],
      [0.62023491334, 0.15093198268, 0.21325139662, 0.0067714736488, 0.0088102337016],
      [0.084940480323, 0.82650818502, 0.013578394726, 0.074572285618, 0.00040065431287],
      [0.043506772043, 0.02389364646, 0.85377453437, 0.028547526637, 0.05027752049],
      [0.12693726303, 0.50158507016, 0.14538846657, 0.12543068279, 0.10065851745],
      [0.059737650166, 0.11912308382, 0.49467456726, 0.15287220902, 0.17359248974]
    ],
    [
      [0.038224570314, 0.41849774178, 0.47471322922, 0.033267001785, 0.035297456901],
      [0.55038180042, 0.24733646274, 0.19526280476, 0.0044617171876, 0.0025572148904],
      [0.050676787527, 0.90805110587, 0.008347840093, 0.032846231106, 7.8035407472e-05],
      [0.043530773345, 0.043945523935, 0.8750765952, 0.021118789621, 0.016328317895],
      [0.095681070316, 0.69732475648, 0.11268292836, 0.069773887632, 0.024537357212],
      [0.062547478391, 0.22943746791, 0.53137813595, 0.11814977719, 0.058487140556]
    ],
    [
      [0.036815682012, 0.21027475502, 0.66196284399, 0.038440657043, 0.052506061934],
      [0.57138623947, 0.13201111832, 0.2871546188, 0.0054478884054, 0.004000135001],
      [0.087065742387, 0.82446038185, 0.020471293098, 0.067798551931, 0.00020403073425],
      [0.031406526074, 0.016521836481, 0.91566954647, 0.018259194526, 0.018142896448],
      [0.12862138712, 0.49064860238, 0.21717394059, 0.11290262408, 0.050653445824],
      [0.052829936906, 0.10103385453, 0.64940092583, 0.12032475753, 0.076410525208]
    ],
    [
      [0.066455483828, 0.26712019537, 0.58767856852, 0.061931483308, 0.016814268972],
      [0.75608540367, 0.094252839974, 0.14411312582, 0.0047944318492, 0.00075419868711],
      [0.10527192953, 0.81053514175, 0.011401918683, 0.072747743082, 4.3266957301e-05],
      [0.05939592655, 0.020458795517, 0.88359986261, 0.030164363306, 0.0063810520197],
      [0.18328084061, 0.51556827462, 0.14136396119, 0.14786120956, 0.011925714021],
      [0.092107562762, 0.11905881686, 0.55693640883, 0.2087580439, 0.02313916765]
    ],
    [
      [0.044133931981, 0.28695130734, 0.58309481883, 0.036057595716, 0.049762346138],
      [0.60889179402, 0.15883252708, 0.22440035369, 0.0045144295864, 0.0033608956303],
      [0.079031799372, 0.85906752698, 0.013724539522, 0.048029293585, 0.00014684054255],
      [0.041777773913, 0.024840227259, 0.89526164828, 0.019010090176, 0.019110260374],
      [0.13154133462, 0.57376630982, 0.16356770738, 0.09020970476, 0.04091494342],
      [0.06606710364, 0.14322794218, 0.59704982277, 0.11807238687, 0.075582744545]
    ],
    [
      [0.041243674721, 0.43251834446, 0.42710710665, 0.020994625347, 0.078136248815],
      [0.5793680208, 0.2446542527, 0.16794712188, 0.002692852973, 0.0053377516561],
      [0.052798405949, 0.91986238726, 0.0071794794332, 0.019996398963, 0.00016332839064],
      [0.050230250821, 0.048021173742, 0.8491031755, 0.014223337481, 0.038422062453],
      [0.10046937166, 0.70658358824, 0.097796441062, 0.04280027801, 0.052350321026],
      [0.068311307122, 0.23865489946, 0.48483489946, 0.075759738129, 0.13243915583]
    ],
    [
      [0.050366553977, 0.30397995717, 0.57520523334, 0.021158091248, 0.04929016426],
      [0.63033234654, 0.15707734806, 0.20698280361, 0.0024836824257, 0.0031238193575],
      [0.088478966477, 0.87026121877, 0.013451546075, 0.027663586192, 0.00014468248504],
      [0.048516311903, 0.027105572149, 0.89374006177, 0.011376094734, 0.019261959444],
      [0.14887279911, 0.59649037489, 0.16176561852, 0.052306384944, 0.040564822532],
      [0.078550340403, 0.15911257415, 0.61322287728, 0.071364057113, 0.077750151049]
    ],
    [
      [0.044655407053, 0.19891894305, 0.6846110958, 0.028854274258, 0.042960279834],
      [0.61944635731, 0.11082857709, 0.26319157925, 0.003628072622, 0.0029054137279],
      [0.10963966015, 0.81547132322, 0.021886281858, 0.052829605366, 0.0001731294026],
      [0.036986639304, 0.015149563758, 0.92013858245, 0.013305967292, 0.014419247198],
      [0.16069146057, 0.47907615717, 0.23043823282, 0.087189640594, 0.042604508844],
      [0.065132460306, 0.097026696839, 0.68256271931, 0.091768079862, 0.063510043679]
    ],
    [
      [0.031906622349, 0.14078951484, 0.7596770175, 0.019641734627, 0.047985110687],
      [0.5468176024, 0.094926010551, 0.35137901527, 0.0029799049652, 0.0038974668103],
      [0.10723567368, 0.81054306677, 0.032838020094, 0.049121730661, 0.00026150879246],
      [0.024399598605, 0.0099021221995, 0.94249795123, 0.0083707301507, 0.014829597818],
      [0.14065579307, 0.41848384532, 0.31039063542, 0.072475702776, 0.0579940234],
      [0.046285812731, 0.068243998572, 0.75287481755, 0.061973583361, 0.070621787788]
    ],
    [
      [0.071498322431, 0.21186904916, 0.6646874635, 0.016124721393, 0.035820443516],
      [0.73903987247, 0.08193993283, 0.17594785824, 0.0014043492445, 0.0016679872129],
      [0.15354753055, 0.80280447882, 0.017964112031, 0.025561260194, 0.00012261841067],
      [0.059327609604, 0.015863056612, 0.90526167188, 0.0074562027012, 0.012091459201],
      [0.23920918466, 0.48254550896, 0.20152295111, 0.044574810361, 0.032147544905],
      [0.10710514643, 0.10481703817, 0.68088842669, 0.052609770889, 0.054579617813]
    ],
    [
      [0.027182921382, 0.22020600787, 0.60615236674, 0.019029158556, 0.12742954545],
      [0.50084126779, 0.1662738302, 0.31791777467, 0.0032584853761, 0.011708641969],
      [0.065941458628, 0.87973120046, 0.019450977371, 0.0343651768, 0.0005111867394],
      [0.02496030495, 0.018665528617, 0.89931742082, 0.009749567621, 0.047307177987],
      [0.096138669474, 0.51925808221, 0.20313940732, 0.056332790189, 0.12513105081],
      [0.039625611548, 0.10758274342, 0.60420888111, 0.060061832481, 0.18852093144]
    ],
    [
      [0.036475465957, 0.18423170166, 0.71317431816, 0.020642428767, 0.045476085452],
      [0.56479505702, 0.11640892839, 0.31233588113, 0.0029547815104, 0.0035053519501],
      [0.099825137088, 0.83218083802, 0.025705109805, 0.04208272416, 0.00020619092591],
      [0.029503470152, 0.013761084322, 0.93251786153, 0.0093126283181, 0.014904955674],
      [0.14218018353, 0.47885007325, 0.26241843959, 0.067391287762, 0.049160015867],
      [0.053916800762, 0.091269918489, 0.72060631329, 0.066141354222, 0.068065613239]
    ],
    [
      [0.025898509479, 0.13291861697, 0.71734752384, 0.015106220041, 0.10872912967],
      [0.53908502537, 0.097441980442, 0.35190503734, 0.0024705491117, 0.0090974077408],
      [0.088405394635, 0.84301577989, 0.029772255831, 0.038242664225, 0.00056390542058],
      [0.020424847534, 0.009559772751, 0.92969989951, 0.0066338370781, 0.033681643129],
      [0.11619259759, 0.41097604592, 0.28558486675, 0.056412741613, 0.13083374812],
      [0.036722337579, 0.062633200189, 0.69429406613, 0.046535720201, 0.1598146759]
    ],
    [
      [0.04415864681, 0.21985320698, 0.62907523373, 0.029381185591, 0.077531726887],
      [0.61775956894, 0.12517541929, 0.24792007073, 0.0037871750557, 0.0053577659842],
      [0.10121153635, 0.82936183703, 0.018945654014, 0.050188281051, 0.00029269155417],
      [0.039043660969, 0.017939810752, 0.90081773427, 0.01447855354, 0.027720240472],
      [0.14923978685, 0.49468782579, 0.20034226661, 0.083216582884, 0.072513537866],
      [0.063967343233, 0.10672712062, 0.62293120987, 0.092399601451, 0.11397472483]
    ],
    [
      [0.039616979461, 0.22019577784, 0.66547700702, 0.021825478508, 0.05288475717],
      [0.58507991718, 0.13215832568, 0.27594401648, 0.0029652051058, 0.0038525355514],
      [0.092355813076, 0.84918478552, 0.020293501856, 0.03796295845, 0.00020294109586],
      [0.033781935344, 0.017302843775, 0.92029501519, 0.010369814503, 0.018250391189],
      [0.14045648756, 0.52119707007, 0.22161461378, 0.064877747703, 0.051854080888],
      [0.059174058442, 0.11013627937, 0.67977839961, 0.070739212467, 0.080172050116]
    ],
    [
      [0.029463485539, 0.1601623211, 0.72885149723, 0.025309816152, 0.056212879984],
      [0.51720419435, 0.1143504086, 0.35949709497, 0.0040804425959, 0.0048678594895],
      [0.090648305887, 0.82166439421, 0.029349331972, 0.058053533152, 0.00028443478175],
      [0.02337662767, 0.011721308051, 0.93567408575, 0.011191801554, 0.018036176972],
      [0.12170957849, 0.44299997935, 0.28319252349, 0.087813445683, 0.064284472983],
      [0.042491207454, 0.077384460776, 0.71854976038, 0.07936357258, 0.082210998813]
    ],
    [
      [0.029577526941, 0.1566874994, 0.73929022321, 0.032680225807, 0.041764524639],
      [0.52662659652, 0.10980142273, 0.3549297715, 0.0051181823287, 0.0035240269159],
      [0.08849292978, 0.81024560996, 0.028370372757, 0.072688472971, 0.00020261452787],
      [0.02309426777, 0.011208844349, 0.93831926932, 0.014188043379, 0.013189575186],
      [0.12155691045, 0.43653370091, 0.28136170608, 0.11344763055, 0.047100051999],
      [0.042152599168, 0.074506932995, 0.72025584918, 0.10268215216, 0.060402466498]
    ],
    [
      [0.052963150843, 0.16229812176, 0.66449620095, 0.016706784028, 0.10353574242],
      [0.67226048118, 0.083429360722, 0.2359516853, 0.0019436720421, 0.0064148007571],
      [0.15448083894, 0.78334258314, 0.025370041546, 0.036313532729, 0.00049300364297],
      [0.044349525477, 0.012549578651, 0.90038428517, 0.0078011236408, 0.034915487058],
      [0.19905770815, 0.40628086265, 0.23470243849, 0.052509269669, 0.10744972103],
      [0.075352845356, 0.077361316724, 0.64601621395, 0.051452262209, 0.14981736176]
    ],
    [
      [0.042185367804, 0.27018671064, 0.56564634285, 0.024708062852, 0.097273515861],
      [0.60451833975, 0.15720922644, 0.22815907608, 0.0032564815356, 0.0068568761941],
      [0.082047693166, 0.86737457905, 0.014468244413, 0.035798693603, 0.00031078976359],
      [0.040671532295, 0.023978119815, 0.88419715834, 0.013274935488, 0.037878254063],
      [0.13048003908, 0.55740054192, 0.16492067388, 0.064010361422, 0.083188383697],
      [0.062769253421, 0.13454457704, 0.57565474993, 0.079824075118, 0.14720734449]
    ],
    [
      [0.030062971436, 0.17819874635, 0.60673446307, 0.021948758646, 0.16305506051],
      [0.54405688802, 0.13046626895, 0.30748872364, 0.0036321593729, 0.01435596002],
      [0.085663175164, 0.84429902183, 0.022683478669, 0.046597084842, 0.00075723949534],
      [0.027175441722, 0.014844645903, 0.88771143708, 0.011057327282, 0.059211148016],
      [0.11143260905, 0.44131887987, 0.21183955429, 0.068270942436, 0.16713801435],
      [0.041845412384, 0.083048830139, 0.57733169806, 0.066409407658, 0.23136465176]
    ],
    [
      [0.047714685938, 0.29230871052, 0.60305487072, 0.024918896594, 0.032002836234],
      [0.62164151867, 0.15362672845, 0.21970856166, 0.0029665596789, 0.0020566315424],
      [0.085373615359, 0.86719313059, 0.01415336936, 0.033185109813, 9.4774875149e-05],
      [0.04415495279, 0.024827134406, 0.90611954081, 0.012850809578, 0.012047562416],
      [0.14481188099, 0.5931456742, 0.17194796194, 0.063287889391, 0.026806593479],
      [0.074030217099, 0.15151632763, 0.64010971158, 0.084050342664, 0.050293401021]
    ],
    [
      [0.034214071218, 0.22643622978, 0.63821792408, 0.02221646241, 0.078915312505],
      [0.56695453304, 0.14487565232, 0.2790154154, 0.0031926190716, 0.0059617801692],
      [0.075903981186, 0.86908289486, 0.017940065558, 0.036794919181, 0.0002781392113],
