{
  "X": [
    [4, 21, 17, 40, 4],
    [1, 12, 24, 42, 2],
    [0, 2, 6, 9, 3],
    [256, 304, 980, 3550, 165],
    [21, 49, 211, 781, 62],
    [51, 27, 114, 390, 30],
    [28, 29, 719, 107, 40],
    [1, 1, 16, 32, 3],
    [60, 55, 498, 860, 55],
    [15, 42, 153, 669, 39],
    [43, 73, 207, 723, 50],
    [13, 98, 239, 991, 59],
    [2, 1, 12, 22, 1],
    [1, 2, 17, 19, 1],
    [4, 5, 22, 26, 1],
    [7, 13, 105, 106, 16],
    [43, 62, 206, 1110, 68],
    [0, 1, 2, 7, 0],
    [15, 4, 64, 8, 5],
    [2, 0, 10, 53, 3],
    [4, 8, 30, 78, 3],
    [1, 1, 0, 12, 1],
    [9, 8, 154, 486, 25],
    [0, 0, 4, 4, 0],
    [14, 38, 115, 394, 29],
    [12, 60, 156, 417, 30],
    [57, 111, 298, 1056, 67],
    [22, 52, 149, 505, 31],
    [12, 9, 55, 174, 10],
    [12, 41, 186, 397, 26],
    [6, 27, 67, 244, 22],
    [6, 17, 230, 170, 29],
    [1, 35, 83, 328, 27],
    [39, 70, 163, 916, 44],
    [43, 62, 190, 704, 45],
    [29, 53, 189, 640, 34],
    [11, 4, 314, 44, 20],
    [7, 13, 196, 50, 11],
    [1, 2, 22, 81, 10],
    [5, 18, 91, 177, 14],
    [6, 28, 70, 203, 19],
    [20, 74, 137, 618, 54],
    [5, 17, 45, 135, 15],
    [0, 9, 36, 105, 6],
    [1, 0, 11, 11, 4],
    [15, 54, 130, 575, 45],
    [15, 30, 70, 369, 26],
    [4, 6, 58, 1, 3],
    [4, 1, 35, 6, 0],
    [1, 3, 67, 4, 5],
    [0, 1, 6, 2, 0],
    [4, 2, 16, 22, 3],
    [8, 44, 65, 339, 19],
    [0, 1, 3, 18, 1],
    [14, 64, 160, 379, 26],
    [131, 176, 776, 1214, 110],
    [79, 163, 539, 953, 82],
    [0, 0, 1, 2, 0]
  ],
  "W": [
    [27, 37, 0, 22],
    [30, 36, 0, 15],
    [7, 9, 0, 4],
    [1235, 3639, 195, 186],
    [262, 768, 43, 51],
    [136, 430, 18, 28],
    [744, 90, 39, 50],
    [15, 29, 5, 4],
    [557, 848, 52, 71],
    [162, 666, 57, 33],
    [257, 723, 61, 55],
    [282, 936, 83, 99],
    [14, 16, 6, 2],
    [22, 16, 1, 1],
    [27, 24, 2, 5],
    [122, 98, 12, 15],
    [240, 1105, 85, 59],
    [2, 7, 0, 1],
    [77, 7, 5, 7],
    [9, 52, 3, 4],
    [33, 75, 11, 4],
    [1, 12, 1, 1],
    [158, 463, 42, 19],
    [4, 3, 1, 0],
    [136, 389, 32, 33],
    [180, 400, 56, 39],
    [388, 1040, 73, 88],
    [179, 469, 71, 40],
    [58, 168, 17, 17],
    [235, 375, 23, 29],
    [99, 223, 25, 19],
    [267, 152, 13, 20],
    [85, 309, 37, 43],
    [186, 923, 49, 74],
    [248, 697, 49, 50],
    [225, 654, 29, 37],
    [325, 38, 16, 14],
    [201, 39, 17, 20],
    [27, 83, 3, 3],
    [106, 175, 11, 13],
    [96, 192, 20, 18],
    [180, 608, 48, 67],
    [49, 128, 23, 17],
    [32, 103, 11, 10],
    [14, 11, 0, 2],
    [161, 564, 46, 48],
    [83, 372, 24, 31],
    [60, 5, 1, 6],
    [39, 5, 1, 1],
    [69, 2, 4, 5],
    [7, 2, 0, 0],
    [18, 25, 1, 3],
    [86, 333, 25, 31],
    [2, 20, 0, 1],
    [197, 366, 15, 65],
    [895, 1284, 63, 165],
    [649, 983, 63, 121],
    [1, 2, 0, 0]
  ],
  "method": "mult",
  "cond_prob": [
    [
      [0.14814814815, 0.13517671822, 0.62962962963, 0.054696815369, 0.032348688634],
      [0, 0.049226710396, 0, 0.93507479763, 0.01569849197],
      [0.00047514008296, 0.045302782171, 0.020939755207, 0.8845153802, 0.048766942335],
      [0, 0.70585637834, 0, 0.17842811239, 0.11571550927]
    ],
    [
      [0.033333333333, 0.060745305557, 0.8, 0.090097060592, 0.015824300517],
      [0, 0, 0, 0.99405273618, 0.0059472638214],
      [0.00010629754044, 0.033169731797, 0.024769628826, 0.91298921842, 0.028965123414],
      [0, 0.67850938889, 0, 0.23407931199, 0.087411299127]
    ],
    [
      [2.9807434389e-17, 0.034862924698, 0.85695642379, 0.016262953709, 0.091917697805],
      [0, 0.01551919943, 0, 0.92611810088, 0.058362699693],
      [2.7755575616e-17, 0.019922659719, 0.024987378315, 0.78851021456, 0.16657974741],
      [0, 0.40407168306, 0.00032625837129, 0.13777410404, 0.45782795453]
    ],
    [
      [0.12570716411, 0.021632497101, 0.78814792513, 0.026973383968, 0.037539029687],
      [0.027234706328, 0.042788177042, 0, 0.91132702558, 0.01865009105],
      [0.00044887476308, 0.035989871285, 0.026662698841, 0.86114027142, 0.07575828369],
      [0.0083711043877, 0.61591217702, 0.0077316461631, 0.17444339669, 0.19354167574]
    ],
    [
      [0.079457529018, 0.026163964019, 0.799754925, 0.031308223111, 0.063315358857],
      [0, 0.023613549654, 0, 0.94665613532, 0.029730315024],
      [0.00015312638449, 0.022877882207, 0.024811285974, 0.83471158093, 0.1174461245],
      [0.0034420188759, 0.45149188937, 0.0077906736152, 0.19358305172, 0.34369236643]
    ],
    [
      [0.13518162741, 0.012212387474, 0.78785328347, 0.014919334944, 0.049833366704],
      [0.074759901016, 0.027166605248, 0.013975698667, 0.85601453794, 0.028083257131],
      [0.0009356944897, 0.025157479176, 0.03019558195, 0.82681845071, 0.11689279367],
      [0.016132097681, 0.47159430078, 0.010674376645, 0.17864239361, 0.32295683128]
    ],
    [
      [0.010697007556, 0, 0.96188262358, 0, 0.027420368866],
      [0.21958871935, 0.029241697182, 0.0072643040351, 0.72018968591, 0.023715593524],
      [0.00032861160607, 0.024924279627, 0.04539328981, 0.83590593346, 0.093447885496],
      [0.0053125156896, 0.50792400696, 0.018704047832, 0.19165193727, 0.27640749225]
    ],
    [
      [0.026563948964, 0, 0.93974058934, 0.0025931890064, 0.031102272688],
      [0.017007806003, 0, 0.054527302108, 0.91809077477, 0.010374117121],
      [0.0066552636714, 0, 0.044556698688, 0.85132149811, 0.097466539527],
      [0.018759518271, 0.25, 0.02495397633, 0.26996555151, 0.43632095388]
    ],
    [
      [0.059701826226, 0.0074873193277, 0.87729717386, 0.022026601723, 0.033487078864],
      [0.03082892683, 0.018449196538, 0.0079959545634, 0.92651010986, 0.016215812211],
      [0.0003906308713, 0.0204850342, 0.031190053233, 0.87150742195, 0.076426859748],
      [0.0082090145781, 0.48055524918, 0.01328199891, 0.2356651231, 0.26228861423]
    ],
    [
      [0.028643305413, 0.014468507465, 0.89310361452, 0.018661356592, 0.045123216011],
      [0.015376306389, 0.03158171794, 0.0091743126164, 0.91856506883, 0.025302594222],
      [0.00018718360686, 0.026907196811, 0.032257792217, 0.84221390813, 0.098433919231],
      [0.0032877273378, 0.5178474977, 0.011164487546, 0.18807065535, 0.27962963206]
    ],
    [
      [0.10581354723, 0.022352398452, 0.79773016625, 0.025286507707, 0.04881738036],
      [0.021338547091, 0.045501167085, 0, 0.90763854115, 0.025521744674],
      [0.00033928422416, 0.035647693493, 0.026143945569, 0.84093602224, 0.096933054475],
      [0.0064991359249, 0.58515600895, 0.0070648471803, 0.16330190749, 0.23797810046]
    ],
    [
      [0.045444385737, 0.046375637704, 0.83709326902, 0.029490325396, 0.041596382141],
      [0, 0.027344380936, 0, 0.95288360967, 0.019772009398],
      [8.0344666262e-05, 0.030317522082, 0.026349825849, 0.86361548865, 0.079636818749],
      [0.0017981274232, 0.57385227554, 0.0076026524274, 0.19297559629, 0.22377134832]
    ],
    [
      [0.094348234789, 0, 0.84479342009, 0.043483169659, 0.017375175467],
      [0.037355404969, 0, 0, 0.95613458857, 0.0065100064566],
      [0.0090208300522, 0.00074250665345, 0.024722594597, 0.92179447623, 0.043719592463],
      [0.01365662657, 0.49777248004, 0.012278275614, 0.28115767509, 0.19513494269]
    ],
    [
      [0.04534709051, 0.05461516987, 0.77174412995, 0.098837779001, 0.029455830664],
      [0, 0.0018761070086, 0, 0.98637417559, 0.011749717397],
      [9.9078896059e-05, 0.034251823883, 0.019187256026, 0.89731999389, 0.049141847308],
      [0.0022649298908, 0.73419672683, 0.0024418849776, 0.14626205858, 0.11483439972]
    ],
    [
      [0.11580576289, 0.016130887572, 0.81181006669, 0.04232192379, 0.013931359066],
      [0.034217776414, 0.036645270675, 0, 0.92233123024, 0.0068057226735],
      [0.00061660379018, 0.03658882707, 0.02655897033, 0.90641600954, 0.029819589272],
      [0.010156912117, 0.72236037704, 0.0056020517605, 0.18170530258, 0.0801753565]
    ],
    [
      [0.043704083499, 0.01594748399, 0.85688108347, 0.026210687893, 0.057256661148],
      [0.016369191599, 0.032944608591, 0, 0.92041576321, 0.030270436597],
      [0.0002198439047, 0.026820312334, 0.027761208423, 0.83052740665, 0.11467122869],
      [0.0040855273024, 0.50026610422, 0.0084915543747, 0.17568149349, 0.31147532062]
    ],
    [
      [0.066448671899, 0.013289145581, 0.8458737059, 0.023247419138, 0.051141057484],
      [0.024129864618, 0.026259542848, 0, 0.92393307834, 0.025677514196],
      [0.00030569619915, 0.023268404485, 0.028199671635, 0.84369131874, 0.10453490894],
      [0.0061497315927, 0.47145755648, 0.01005658467, 0.19933569069, 0.31300043657]
    ],
    [
      [0, 0.0032514425487, 0.97954856451, 0.017199992942, 0],
      [0, 0.013674463091, 0.0049980760032, 0.98132746091, 0],
      [0, 0.034332548348, 0.03144949856, 0.93421795309, 0],
      [0, 0.89777587326, 0.0059163389581, 0.096307787777, 0]
    ],
    [
      [0.14500185185, 0, 0.82612887784, 0, 0.028869270303],
      [0.52112053853, 0.0028550934399, 0.0058026881893, 0.44219569633, 0.028025983509],
      [0.0021983670356, 0.032053274135, 0.046246267325, 0.79758036518, 0.12192172633],
      [0.025145971759, 0.54567828218, 0.01660375031, 0.13096118569, 0.28161081007]
    ],
    [
      [0.043168423052, 0, 0.91145059609, 0.014695895993, 0.030685084863],
      [0.030019681952, 0, 0.030278410662, 0.93708077135, 0.002621136037],
      [0.00042862236583, 0, 0.038014902111, 0.86691429513, 0.094642180391],
      [0.012293715982, 0, 0.0271056436, 0.38469848513, 0.57590215528]
    ],
    [
      [0.054451722101, 0.023516634344, 0.8817196609, 0.015780520778, 0.024531461874],
      [0.029041005118, 0.052162854016, 0.0067840525243, 0.8977669506, 0.014245137744],
      [0.00042976696544, 0.043626853512, 0.032653503083, 0.86757846858, 0.055711407863],
      [0.0050725875429, 0.7079604067, 0.0088146792476, 0.15083959129, 0.12731273522]
    ],
    [
      [0.59567943148, 0.062386206654, 0, 0.082376021761, 0.25955834011],
      [0.033275592515, 0.027004019556, 0, 0.91572765275, 0.023992735182],
      [0, 0.025105839345, 0, 0.82977656018, 0.14511760047],
      [0.0050134583451, 0.58845971933, 0, 0.099115585095, 0.30741123723]
    ],
    [
      [0.02173795512, 0.0028841575712, 0.91888760155, 0.019093320473, 0.037396965283],
      [0.011835347355, 0.00554555032, 0.015187629395, 0.95068803973, 0.016743433199],
      [0.00015798644247, 0.0073385890458, 0.033872688712, 0.8728820798, 0.085748656004],
      [0.0041579913284, 0.24571013504, 0.019012295741, 0.32387608516, 0.40724349273]
    ],
    [
      [0, 0, 0.98882351267, 0.011176487328, 0],
      [0, 0, 0.0051216212382, 0.99487837876, 0],
      [0, 0, 0.029341085597, 0.9706589144, 0],
      [0, -0, 0.050819817729, 0.94918018227, 0]
    ],
    [
      [0.068208132203, 0.019781953901, 0.8372333889, 0.024396863884, 0.050379661116],
      [0.011778204397, 0.040762709333, 0, 0.92076441364, 0.026694672635],
      [0.00021642504163, 0.032164330479, 0.027361407033, 0.83981069361, 0.10044714384],
      [0.0040923305681, 0.55829399283, 0.0078998207598, 0.17062810341, 0.25908575243]
    ],
    [
      [0.049935287685, 0.031029165914, 0.85642150066, 0.019307090164, 0.043306955575],
      [0.0072570285277, 0.06511462123, 0, 0.90262157142, 0.025006778825],
      [0.00013268811787, 0.046624139042, 0.028204859999, 0.83798404282, 0.087054270017],
      [0.0026001607971, 0.66046025275, 0.0067860954029, 0.14228176423, 0.18787172681]
    ],
    [
      [0.13513208467, 0.023605935677, 0.76226672195, 0.032474627841, 0.046520629865],
      [0.0038743730674, 0.044955746036, 0, 0.92883363975, 0.022336241144],
      [0.00026472419545, 0.03535015534, 0.023896139384, 0.85339452309, 0.087094457993],
      [0.0059099805914, 0.59666317886, 0.0056374285121, 0.17176203261, 0.22002737942]
    ],
    [
      [0.089784721879, 0.022271037773, 0.82050035702, 0.02684465166, 0.040599231665],
      [0.012169743563, 0.044764344462, 0, 0.92217665335, 0.020889258626],
      [0.00022800415956, 0.036114522881, 0.025882660612, 0.85687076336, 0.080904048986],
      [0.0051184189318, 0.61137188904, 0.007319179738, 0.17140331833, 0.20478719396]
    ],
    [
      [0.07669711704, 0.0043578615102, 0.87067308662, 0.018035888936, 0.030236045891],
      [0.043609910429, 0.0076253336977, 0.02158513075, 0.91514687481, 0.012032750313],
      [0.00069544895959, 0.015287974775, 0.034680847481, 0.87319449975, 0.07614122903],
      [0.012545860434, 0.42389955294, 0.016769682508, 0.25676099869, 0.29002390542]
    ],
    [
      [0.050729812602, 0.067536073496, 0.78861680937, 0.048515659694, 0.044601644836],
      [0, 0.01795084167, 0, 0.96166405405, 0.02038510428],
      [0.00010288647019, 0.034794825748, 0.023189300179, 0.86167770021, 0.080235287391],
      [0.0026250913717, 0.60679917621, 0.0048860652902, 0.17780043443, 0.2078892327]
    ],
    [
      [0.060184438792, 0.14272028704, 0.67304259026, 0.050976656745, 0.073076027169],
      [0, 0.0044461600232, 0, 0.96460858213, 0.030945257847],
      [0, 0.037210997905, 0.014228145627, 0.83522627737, 0.1133345791],
      [0.0021968715598, 0.57625910267, 0.00068841703194, 0.15604948595, 0.26480612279]
    ],
    [
      [0.022330443062, 0.014439903479, 0.85952988972, 0.043384275559, 0.060315488179],
      [0, 0.025296233282, 0, 0.94480265659, 0.029901110126],
      [8.3600200872e-05, 0.022132934635, 0.026166640391, 0.83668273337, 0.11493409141],
      [0.001834244986, 0.4505895081, 0.0082676559789, 0.19647595451, 0.34283263643]
    ],
    [
      [0.0038873031815, 0.014773990977, 0.91797969122, 0.018469954251, 0.044889060371],
      [0.0021025734843, 0.032275831087, 0.010426608154, 0.92992715832, 0.025267828955],
      [2.663194277e-05, 0.027647231063, 0.033196590965, 0.84167591445, 0.097453631583],
      [0.00043950327998, 0.52902398632, 0.012130940959, 0.18466402636, 0.27374154308]
    ],
    [
      [0.061757796151, 0.014505716123, 0.86431748298, 0.023037705581, 0.036381299164],
      [0.029231399284, 0.027671585804, 0, 0.92542178872, 0.017675226192],
      [0.00035739819055, 0.026960945035, 0.029660672311, 0.86565119276, 0.0773697917],
      [0.0069588630523, 0.54648617294, 0.010588854355, 0.20451036929, 0.23145574036]
    ],
    [
      [0.13904576956, 0.020490023826, 0.7600711772, 0.031583247278, 0.048809782139],
      [0.011685714484, 0.038928100329, 0, 0.92621691766, 0.023169267528],
      [0.00032466603317, 0.031899885752, 0.024038725699, 0.85105793693, 0.092678785583],
      [0.0071159503806, 0.5644498752, 0.0064890099056, 0.17784648314, 0.24409868138]
    ],
    [
      [0.078618569904, 0.019578516358, 0.83498521316, 0.025221027973, 0.041596672601],
      [0.016981878083, 0.039689526079, 0, 0.92197943703, 0.021349158811],
      [0.00028949796113, 0.032971082127, 0.028073545124, 0.85429357122, 0.084372303567],
      [0.0053048125446, 0.5859924968, 0.0084917359384, 0.177735225, 0.22247572971]
    ],
    [
      [0.0049547747381, 0, 0.96220983545, 0, 0.032835389808],
      [0.24472194456, 0.00077875435877, 0.0069819577137, 0.71752789717, 0.0299894462],
      [0.00028747847507, 0.0099409587576, 0.044544496689, 0.82886426394, 0.11636280213],
      [0.0061189043851, 0.27223942816, 0.021698366944, 0.24800797745, 0.45193532306]
    ],
    [
      [0.0088186555709, 0, 0.96736675223, 0, 0.023814592197],
      [0.1316924825, 0.029833543523, 0.011334727437, 0.8094291203, 0.017710126242],
      [0.00031785394177, 0.027024033095, 0.043269565288, 0.85700739622, 0.072381151451],
      [0.0043019947865, 0.568854162, 0.019082291067, 0.19315692863, 0.21460462352]
    ],
    [
      [0.036869544505, 0.018249073509, 0.81125574804, 0.025469064442, 0.10815656951],
      [0, 0.0098091689755, 0, 0.93363416214, 0.056556668884],
      [7.329302294e-05, 0.010288976073, 0.02398280756, 0.76660658761, 0.19904833573],
      [0.0014341397677, 0.22074902069, 0.0080487934504, 0.17362667984, 0.59614136625]
    ],
    [
      [0.0462461572, 0.022042503359, 0.85470610386, 0.027735170137, 0.049270065446],
      [0.00037391410679, 0.044043656266, 0, 0.92953711188, 0.026045317747],
      [0.00013214670907, 0.034182789692, 0.027589189568, 0.8411426385, 0.096953235532],
      [0.0023860580232, 0.5830649316, 0.0075132235222, 0.1645006433, 0.24253514356]
    ],
    [
      [0.062069633442, 0.10501470664, 0.72507859005, 0.041577104362, 0.066259965508],
      [0, 0.030872017987, 0, 0.93711414258, 0.032013839433],
      [1.5236033547e-05, 0.043580578951, 0.018317895222, 0.82721215091, 0.11087413889],
      [0.002278359382, 0.61775272947, 0.0014498583636, 0.14102442154, 0.23749463125]
    ],
    [
      [0.1097353686, 0.04544419641, 0.7533767024, 0.028924865257, 0.062518867331],
      [0, 0.043592176054, 0, 0.92475474235, 0.031653081594],
      [0.00014829281543, 0.035039938209, 0.022856215824, 0.83003466641, 0.11192088674],
      [0.0035897850301, 0.5617027548, 0.0044044060888, 0.15971607337, 0.27058698071]
    ],
    [
      [0.041393224525, 0.020007703087, 0.87092184861, 0.011749790072, 0.055927433709],
      [0.022631533782, 0.046385815728, 0.010962778143, 0.88458635641, 0.035433515936],
      [0.00028380005864, 0.034267503265, 0.032584348853, 0.81139380214, 0.12147054569],
      [0.0040216631065, 0.54671091532, 0.010126693663, 0.14912642451, 0.29001430339]
    ],
    [
      [0, 0.010538998068, 0.9542863972, 0.0057423294734, 0.029432275262],
      [0, 0.02669577983, 0.046677361873, 0.90800244262, 0.01862441568],
      [0, 0.026764001579, 0.043324172767, 0.85261182424, 0.077300001415],
      [0, 0.5618682722, 0.017850111638, 0.19132638007, 0.2289552361]
    ],
    [
      [0.058208246932, 0, 0.78479319396, 0.034308399791, 0.12269015932],
      [0.015902039168, 0, 0, 0.9244680408, 0.059629920029],
      [0.00023363519443, 0, 0.021360599833, 0.74933008776, 0.22907567721],
      [0.0050810560512, 0, 0.0064476422873, 0.17526697704, 0.81320432462]
    ],
    [
      [0.092179232621, 0.023466559204, 0.79835407512, 0.027096330984, 0.058903802068],
      [0, 0.040622704877, 0, 0.92943679773, 0.02994049739],
      [0.00014809766362, 0.031445659239, 0.024937228662, 0.83318393573, 0.1102850787],
      [0.0031735636572, 0.53883704359, 0.0066225288906, 0.16893074472, 0.28243611914]
    ],
    [
      [0.076522262334, 0.016047797787, 0.83210053359, 0.023093085861, 0.052236320431],
      [0.022749245341, 0.032633521779, 0, 0.91757858498, 0.027038647903],
      [0.0003090382655, 0.027475273963, 0.027643365185, 0.83839751939, 0.1061748032],
      [0.005758581972, 0.5119018099, 0.0087811273482, 0.18137096118, 0.2921875196]
    ],
    [
      [0.01379304625, 0.0014594835162, 0.96208515687, 0, 0.022662313363],
      [0.60509916714, 0.20911043524, 0.00856833828, 0.10663339779, 0.070588661549],
      [0.0013434193318, 0.15481084189, 0.12770008473, 0.46683301106, 0.24931264299],
      [0.024262994998, 0.78534466182, 0.017391468598, 0, 0.17300087458]
    ],
    [
      [0.096312401411, 0.0025651324648, 0.89587755361, 0.0052449125095, 0],
      [0.046120884538, 0.023221399522, 0.0031110039129, 0.92754671203, 0],
      [0.00064647736078, 0.02226006966, 0.032421473098, 0.94467197988, 0],
      [0.012565444919, 0.7615927666, 0.012798916363, 0.21304287212, 0]
    ],
    [
      [0, 0, 0.96135919562, 0, 0.038640804375],
      [0.011864927155, 0.043823270371, 0.0023474035458, 0.90048866559, 0.04147573334],
      [0.10152272764, 0.051294909919, 0.14529639678, 0.54975566721, 0.15213029845],
      [0.11403584702, 0.54143476392, 0.016067021533, 0, 0.32846236753]
    ],
    [
      [0, 0.11000901906, 0.85714285714, 0.032848123799, 0],
      [0, 0.1149684333, 0, 0.8850315667, 0],
      [0, 0.10818355741, 0.017159052951, 0.87465738964, 0],
      [0, 1, 0, 0, 0]
    ],
    [
      [0.10912831179, 0.0061459222705, 0.83251249198, 0, 0.052213273959],
      [0.079729583084, 0.020389520547, 0.037597368807, 0.82925626781, 0.033027259752],
      [0.00097247419947, 0.021762926118, 0.032910202703, 0.80952897003, 0.13482542695],
      [0.013826112137, 0.45262415311, 0.013976907179, 0.15302144491, 0.36655138266]
    ],
    [
      [0.092034052959, 0.085489226858, 0.74764116204, 0.02968815073, 0.045147407416],
      [0, 0.045913219441, 0, 0.93186170739, 0.022225073164],
      [0.00011510183991, 0.04291535674, 0.022944910261, 0.85360071924, 0.080423911921],
      [0.0026514161149, 0.65438517735, 0.004168945427, 0.15473717722, 0.18405728389]
    ],
    [
      [0, 0.0038662973994, 0.97469974219, 0.0021968586053, 0.019237101808],
      [0, 0.02313039289, 0.051792071321, 0.8933627051, 0.031714830686],
      [0, 0.02225773639, 0.0483775086, 0.80846000786, 0.12090474716],
      [0, 0.5296595474, 0.014759089207, 0.12835218073, 0.32722918266]
    ],
    [
      [0.069917461306, 0.047322653827, 0.80913646164, 0.037602207764, 0.036021215459],
      [0, 0.035118510888, 0, 0.94732825258, 0.01755323653],
      [0.00017399651667, 0.036408387243, 0.025893482294, 0.86967495314, 0.067849180811],
      [0.0034407719237, 0.63504517542, 0.0032571511034, 0.18192462044, 0.17633228111]
    ],
    [
      [0.082003873992, 0.020465395001, 0.84651868433, 0.0098666653176, 0.041145381363],
      [0.043752516103, 0.044391570794, 0.011415905723, 0.87664784017, 0.023792167212],
      [0.00053147454255, 0.036287158077, 0.031367396076, 0.84066950904, 0.091144462268],
      [0.0084534497269, 0.59635517342, 0.01049459774, 0.16115956786, 0.22353721125]
    ],
    [
      [0.079955934916, 0.03161950613, 0.82650014186, 0.018121026873, 0.043803390221],
      [0.026831031393, 0.062130676454, 0, 0.88611405137, 0.024924240779],
      [0.00035970535871, 0.044786810184, 0.028478270939, 0.83756678461, 0.088808428912],
      [0.0058763053055, 0.64944559112, 0.0066717096215, 0.14398870768, 0.19401768627]
    ],
    [
      [0, 0, 0.99985027647, 0.00014972353276, 0],
      [0, 0, 7.4861766381e-05, 0.99992513823, 0],
      [0, 0, 0.020458473785, 0.97954152621, -0],
      [0, -0, 0.049371100713, 0.95062889929, -0]
    ]
  ],
  "expected_outcome": [
    [
      [4, 1, 2.0865204072e-16, 155.2483476774, 20.8178726028, 18.3847013274, 7.9585736214, 0.39845923447, 33.2539172081, 4.6402154769, 27.1940816393, 12.8153167778, 1.320875287, 0.99763599121, 3.1267555979, 5.3318981869, 15.9476812557, 0, 11.1651425928, 0.38851580747, 1.7969068293, 0.59567943148, 3.434596909, 0, 9.2763059796, 8.9883517832, 52.4312488516, 16.0714652164, 4.4484327883, 11.9215059614, 5.9582594404, 5.9622282977, 0.33042077043, 11.486950084, 34.4833508501, 17.6891782285, 1.6103017899, 1.7725497697, 0.99547770163, 4.9020926632, 5.9586848105, 19.7523663478, 2.0282680017, 0, 0.81491545705, 14.8408564519, 6.3513477737, 0.82758277498, 3.756183655, 0, 0, 1.9643096123, 7.9149285544, 0, 13.7737398772, 73.3934672226, 51.8914017607, 0],
      [3.6497713919, 1.8223591667, 0.24404047288, 26.7161339192, 6.854958573, 1.6608846965, 0, 0, 4.1704368655, 2.3438982093, 5.7445664021, 13.0779298327, 0, 1.2015337371, 0.43553396445, 1.9455930468, 3.1893949395, 0.0065028850973, 0, 0, 0.77604893337, 0.062386206654, 0.45569689624, 0, 2.6903457306, 5.5852498644, 9.1591030428, 3.9865157614, 0.25275596759, 15.8709772716, 14.1293084165, 3.8554542289, 1.2557892331, 2.6980631989, 5.0815259089, 4.4051661806, 0, 0, 0.49272498474, 2.3365053561, 10.081411837, 8.1799553538, 0.98037745127, 0.33724793819, 0, 3.7781160318, 1.3319672163, 0.08756901097, 0.10004016613, 0, 0.77006313341, 0.11062660087, 7.3520735098, 0.0077325947987, 9.3225628039, 18.3165285261, 20.5210594783, 0],
      [17, 24, 5.9986949665, 973.3626875396, 209.5357903487, 107.148046552, 715.6406719427, 14.0961088401, 488.6545258395, 144.6827855521, 205.0166527254, 236.0603018643, 11.8271078812, 16.978370859, 21.9188718005, 104.5394921833, 203.0096894155, 1.959097129, 63.6119235939, 8.2030553648, 29.0967488098, 0, 145.1842410453, 3.9552940507, 113.8637408899, 154.1558701193, 295.7594881159, 146.869563907, 50.4990390241, 185.3249502025, 66.6312164357, 229.4944805553, 78.0282737536, 160.7630518345, 188.4976519455, 187.8716729617, 312.7181965226, 194.4407171987, 21.903905197, 90.598847009, 69.607544645, 135.6078064325, 42.6751705817, 30.5371647103, 10.9871047154, 128.5350060948, 69.0643442878, 57.7251094123, 34.939224591, 66.3337844981, 6, 14.9852248556, 64.2971399352, 1.9493994844, 159.3998829439, 757.634222472, 536.3985920666, 0.99985027647],
      [1.476814015, 2.7029118178, 0.11384067597, 33.3121291999, 8.202754455, 2.0290295523, 0, 0.038897835097, 12.2688171596, 3.023139768, 6.4986324807, 8.3162717617, 0.60876437523, 2.174431138, 1.1426919423, 3.197703923, 5.579380593, 0.034399985883, 0, 0.13226306394, 0.52075718568, 0.082376021761, 3.0167446347, 0.044705949311, 3.3179734882, 3.4752762296, 12.6001556023, 4.8051926472, 1.0460815583, 11.401180028, 5.0466890177, 11.5836015742, 1.5699461113, 4.285013238, 7.832645325, 5.674731294, 0, 0, 0.68766473994, 2.9399280345, 3.9914020188, 5.2064757463, 0.57573971354, 0.18375454315, 0.48031759707, 4.3625092885, 1.9167261264, 0, 0.20455158787, 0, 0.22993686659, 0, 2.5531809628, 0.0043937172107, 7.4076349295, 8.8306654593, 11.7605464409, 0.00014972353276],
      [0.87341459312, 0.47472901552, 0.64342388464, 46.3607016638, 16.5886240205, 6.7773378718, 20.4007544359, 0.46653409032, 18.6523029273, 7.3099609938, 12.5460667524, 11.7301797636, 0.24325245654, 0.64802827462, 0.37614669479, 6.98531266, 12.2738537963, 0, 2.2229338133, 0.27616576377, 0.80953824185, 0.25955834011, 5.9087205148, 0, 6.8516339118, 7.7952520034, 18.0500043875, 7.267262468, 1.7536906617, 10.4813865366, 7.2345266897, 16.1042353439, 3.8155701316, 6.7669216445, 12.1048259706, 9.3592513352, 10.6715016875, 4.7867330315, 2.9202273767, 5.2226269372, 6.3609566888, 11.2533961195, 2.7404442517, 0.94183280839, 1.7176622304, 9.4835121329, 4.3356145958, 1.3597388018, 0, 2.6662155019, 0, 0.93983893126, 3.8826770378, 0.038474203617, 7.0961794455, 36.82511632, 28.4284002535, 0]
    ],
    [
      [0, 0, 0, 99.1070963277, 0, 32.1467574367, 19.7629847415, 0.49322637409, 26.1429299516, 10.2406200554, 15.4277695471, 0, 0.59768647951, 0, 0.82122663394, 1.6041807767, 26.6635004034, 0, 3.6478437697, 1.5610234615, 2.1780753839, 0.39930711018, 5.4797658252, 0, 4.5817215103, 2.9028114111, 4.0293479901, 5.707609731, 7.326464952, 0, 0, 0, 0.64969520665, 26.9805815388, 8.1449429952, 11.1061482665, 9.2994338931, 5.1360068175, 0, 0.065434968688, 0, 0, 2.8968363241, 0, 0.17492243084, 0, 8.4627192668, 3.0254958357, 0.23060442269, 0.023729854311, 0, 1.9932395771, 0, 0, 0, 56.1782306762, 26.3749038597, 0],
      [1.8213882847, 0, 0.13967279487, 155.7061762547, 18.1352061345, 11.6816402565, 2.6317527464, 0, 15.6449186645, 21.0334241483, 32.8973438026, 25.5943405562, 0, 0.030017712138, 0.87948649619, 3.2285716419, 29.0167948471, 0.095721241638, 0.019985654079, 0, 3.9122140512, 0.32404823467, 2.5675897981, 0, 15.8566939307, 26.0458484919, 46.7539758773, 20.9944775526, 1.2810560612, 6.7315656261, 0.99149368518, 3.8450274589, 9.973231806, 25.5408736968, 27.1328859295, 25.956950056, 0.029592665633, 1.1635081974, 0.81416102497, 7.7076398465, 5.9274274535, 26.5040430406, 5.9373844132, 2.7496653225, 0, 22.9112055508, 12.1396701016, 1.0455521762, 0.11610699761, 0.087646540743, 0.22993686659, 0.50973801367, 15.2891020738, 0.4626078578, 12.853374985, 56.9987769001, 61.0744549542, 0],
      [0, 0, 0, 0, 0, 6.0095504269, 0.65378736316, 1.5812917611, 6.7805694697, 6.1100922025, 0, 0, 0, 0, 0, 0, 0, 0.034986532022, 0.040618817325, 1.5744773544, 0.50880393932, 0, 7.0318724097, 0.015364863715, 0, 0, 0, 0, 3.6263019661, 0, 0, 0, 3.2218219194, 0, 0, 0, 0.26531439312, 0.44205437003, 0, 0, 0, 0, 1.4032356024, 4.8077682729, 0, 0, 0, 0.0428416914, 0.015555019565, 0.0046948070917, 0, 0.93993422018, 0, 1.0358414264, 0, 14.6580229481, 0, 0.00014972353276],
      [34.5977675124, 35.7858985024, 8.3350629079, 3316.3190460881, 727.0319119274, 368.0862513137, 64.8170717317, 26.6246324683, 785.680573159, 611.7643358417, 656.2226652506, 891.8990586477, 15.2981534172, 15.7819868095, 22.1359495257, 90.2007447949, 1020.9460515632, 6.8692922263, 3.0953698743, 48.7282001101, 67.3325212948, 10.988731833, 440.1685623958, 2.9846351363, 358.177356904, 361.0486285671, 965.9869853426, 432.5008504208, 153.7446749681, 360.6240202687, 215.107713815, 143.6100038019, 287.3474919207, 854.164310989, 645.5731916083, 602.9745518154, 27.2660600925, 31.5677356916, 77.4916354577, 162.6689945791, 179.9259153754, 562.2508833501, 113.2270536205, 93.5242515896, 10.1691484488, 524.2023539212, 341.3392336116, 0.53316698894, 4.6377335601, 1.8009773312, 1.7700631334, 20.7314066952, 310.3099485624, 17.8672541021, 346.7221404449, 1125.6158267753, 871.0501124998, 1.9998502765],
      [0.5808442029, 0.21410149757, 0.52526429724, 67.8676813296, 22.8328819382, 12.0758005661, 2.1344034172, 0.30084939651, 13.7510087552, 16.8515277521, 18.4522213996, 18.5066007961, 0.10416010331, 0.18799547836, 0.16333734416, 2.9665027865, 28.3736531862, 0, 0.19618188456, 0.13629907392, 1.0683853308, 0.28791282219, 7.7522095712, 0, 10.384227655, 10.0027115299, 23.22969079, 9.7970622955, 2.0215020526, 7.6444141052, 6.9007924998, 4.5449687391, 7.8077591472, 16.3142337755, 16.1489794669, 13.9623498622, 1.1395989556, 0.69069492344, 4.6942035173, 4.5579306057, 6.1466571711, 19.2450736093, 4.5354900398, 1.9183148151, 0.65592912032, 16.886440528, 10.05837702, 0.35294330775, 0, 0.08295146668, 0, 0.8256814938, 7.4009493637, 0.63429661372, 6.4244845701, 30.5491427004, 24.5005286862, 0]
    ],
    [
      [0, 0, 0, 0.087530578801, 0.0065844345331, 0.016842500815, 0.012815852637, 0.033276318357, 0.020312805308, 0.010669465591, 0.020696337674, 0.0066686072998, 0.054124980313, 9.9078896059e-05, 0.0012332075804, 0.0026381268564, 0.025984176928, 0, 0.010991835178, 0.0012858670975, 0.0047274366199, 0, 0.0066354305837, 0, 0.0069256013323, 0.0074305346008, 0.019324866268, 0.016188295329, 0.011822632313, 0.0023663888143, 0, 0.0010868026113, 0.00098538188249, 0.017512511337, 0.015908635625, 0.0083954408729, 0.0045996556011, 0.0054035170101, 0.00021987906882, 0.0014536137998, 0.00030472067093, 0.0071180551408, 0.0065274013487, 0, 0, 0.0068124925266, 0.0074169183719, 0.0013434193318, 0.00064647736078, 0.40609091058, 0, 0.00097247419947, 0.0028775459978, 0, 0.00260994775, 0.033482896181, 0.022661437599, 0],
      [0, 0, 0, 7.0180249006, 0.98374893489, 0.45283462517, 0.97204690545, 0, 1.0652217784, 1.5337102182, 2.1745093031, 2.5163543328, 0.0044550399207, 0.034251823883, 0.073177654139, 0.32184374801, 1.9778143812, 0, 0.16026637067, 0, 0.47989538863, 0.025105839345, 0.30822073993, 0, 1.0292585753, 2.6109517863, 2.5805613398, 2.5641311245, 0.25989557117, 0.8002809922, 0.93027494762, 0.28772815025, 1.0229475493, 1.3210863067, 1.5630944018, 0.95616138167, 0.15905534012, 0.45940856261, 0.03086692822, 0.37601068661, 0.87161157902, 1.681917034, 0.78815257509, 0.29440401737, 0, 1.446500325, 0.65940657512, 0.15481084189, 0.02226006966, 0.20517963967, 0, 0.021762926118, 1.0728839185, 0, 0.54612580865, 2.2860909588, 2.8215690416, 0],
      [0, 0, 0, 5.1992262741, 1.0668852969, 0.54352047509, 1.7703383026, 0.22278349344, 1.6218827681, 1.8386941564, 1.5947806797, 2.1870355454, 0.14833556758, 0.019187256026, 0.05311794066, 0.33313450108, 2.396972089, 0, 0.23123133662, 0.11404470633, 0.35918853391, 0, 1.4226529259, 0.029341085597, 0.87556502507, 1.57947216, 1.744418175, 1.8376689035, 0.58957440718, 0.53335390413, 0.35570364068, 0.34016632508, 1.2282738657, 1.4533729433, 1.1778975593, 0.81413280861, 0.71271194702, 0.7355826099, 0.071948422679, 0.30348108525, 0.36635790444, 1.0970983595, 0.74944002362, 0.47656590044, 0, 1.1471125185, 0.66344076443, 0.12770008473, 0.032421473098, 0.58118558714, 0, 0.032910202703, 0.57362275653, 0, 0.3884022344, 1.9761459528, 1.7941310692, 0],
      [0, 0, 0, 167.922352927, 35.89259798, 14.8827321128, 32.600331405, 4.2566074906, 45.3183859413, 48.0061927636, 51.2970973566, 71.6800855583, 5.5307668574, 0.89731999389, 1.8128320191, 9.9663288798, 71.7137620928, 0, 3.9879018259, 2.6007428854, 9.5433631543, 0.82977656018, 36.6610473514, 0.9706589144, 26.8739421954, 46.9271063982, 62.2978001853, 60.8378241987, 14.8443064958, 19.8185871049, 20.8806569343, 10.8768755338, 31.1420088345, 42.4169084454, 41.7018389097, 24.7745135654, 13.2618282231, 14.5691257358, 2.2998197628, 9.2525690235, 16.5442430181, 39.8416639879, 18.6620574492, 9.3787300666, 0, 38.3264610437, 20.1215404654, 0.46683301106, 0.94467197988, 2.1990226688, 0, 0.80952897003, 21.3400179809, 0, 13.045124297, 52.9621790693, 52.7667074302, 0],
      [0, 0, 0, 14.7728653195, 5.0501833537, 2.1040702861, 3.6444675344, 0.48733269763, 3.9741967069, 5.6107333962, 5.912916323, 6.6098559562, 0.26231755478, 0.049141847308, 0.059639178544, 1.3760547443, 8.8854672601, 0, 0.60960863165, 0.28392654117, 0.61282548649, 0.14511760047, 3.6014435522, 0, 3.2143086029, 4.8750391209, 6.3578954335, 5.744187478, 1.2944008935, 1.84541161, 2.8333644775, 1.4941431883, 3.6057843686, 3.7911197933, 4.5412604936, 2.4467968034, 1.8618048341, 1.2304795747, 0.59714500719, 1.0664855909, 2.2174827777, 5.3722025634, 2.7938225508, 0.85030001556, 0, 5.0731136203, 2.5481952767, 0.24931264299, 0, 0.60852119379, 0, 0.13482542695, 2.010597798, 0, 1.0177377122, 5.7421011229, 5.5949310215, 0]
    ],
    [
      [0, 0, 0, 1.5570254161, 0.17554296267, 0.45169873507, 0.26562578448, 0.075038073085, 0.58284003504, 0.10849500215, 0.35745247587, 0.1780146149, 0.02731325314, 0.0022649298908, 0.050784560586, 0.061282909536, 0.36283416397, 0, 0.17602180231, 0.049174863926, 0.020290350171, 0.0050134583451, 0.07900183524, 0, 0.13504690875, 0.10140627109, 0.52007829205, 0.20473675727, 0.21327962737, 0.076127649779, 0.041740559636, 0.03668489972, 0.018898641039, 0.51495586587, 0.35579751903, 0.19627806415, 0.085664661392, 0.086039895731, 0.004302419303, 0.031018754302, 0.041010468876, 0.24051559702, 0.068368272811, 0, 0.010162112102, 0.15233105555, 0.17851604113, 0.14557796999, 0.012565444919, 0.57017923511, 0, 0.041478336412, 0.082193899562, 0, 0.22365017504, 1.3948192049, 0.71103294197, 0],
      [15.5288403234, 10.1776408333, 1.6162867322, 114.5596649256, 23.0260863576, 13.2046404218, 25.3962003481, 1, 34.1194226916, 17.0889674242, 32.1835804922, 56.8113752784, 0.99554496008, 0.73419672683, 3.6118018852, 7.5039915633, 27.8159958322, 0.89777587326, 3.8197479752, 0, 2.8318416268, 0.58845971933, 4.6684925657, 0, 18.4237017635, 25.7579498573, 52.5063597401, 24.4548755615, 7.2062924, 17.5971761101, 10.9489229507, 9.0117901619, 22.7480314116, 40.4399767976, 28.2224937598, 21.6817223818, 3.8113519942, 11.37708324, 0.66224706207, 7.5798441108, 11.1195491304, 37.6340845715, 9.2940855605, 5.618682722, 0, 25.8641780924, 15.8689561069, 4.7120679709, 0.7615927666, 2.7071738196, 0, 1.3578724593, 20.2859404978, 0.5296595474, 41.2779364024, 98.398603615, 78.5829165259, 0],
      [0, 0, 0.0013050334852, 1.4380861863, 0.39732435438, 0.29888254606, 0.93520239159, 0.099815905322, 0.94302192264, 0.36842808902, 0.38856659492, 0.75266259031, 0.024556551229, 0.0024418849776, 0.028010258802, 0.12737331562, 0.59333849553, 0.0059163389581, 0.11622625217, 0.1084225744, 0.03525871699, 0, 0.36123361908, 0, 0.26069408507, 0.26465772071, 0.49609370907, 0.29276718952, 0.28508460263, 0.14169589342, 0.013079923607, 0.16535311958, 0.52163046124, 0.78357522226, 0.32445049528, 0.31419422972, 0.30377713722, 0.38164582133, 0.024146380351, 0.097671905789, 0.026097450546, 0.29509520795, 0.17215379227, 0.17850111638, 0.012895284575, 0.31788138675, 0.2722149478, 0.10434881159, 0.012798916363, 0.080335107663, 0, 0.041930721537, 0.12923730824, 0.014759089207, 0.21171482172, 1.7316086272, 0.8072768642, 0],
      [3.9254184726, 3.5111896798, 0.55109641615, 32.4464717849, 9.8727356377, 5.0019870211, 9.5825968633, 1.0798622061, 16.7322237402, 6.2063316267, 8.981604912, 19.1045840324, 0.56231535017, 0.14626205858, 0.9085265129, 2.6352224023, 11.7608057509, 0.096307787777, 0.9167282998, 1.5387939405, 0.60335836517, 0.099115585095, 6.1536456181, 0, 5.6307274124, 5.5489888052, 15.1150588698, 6.8561327333, 4.3649369778, 5.1562125984, 2.9649402331, 3.9295190901, 7.9405531335, 15.1337673276, 8.892324157, 6.5762033252, 3.4721116843, 3.8631385726, 0.52088003953, 2.1385083629, 2.5384395877, 10.7009769157, 2.5351492167, 1.9132638007, 0.35053395409, 8.1086757466, 5.6224997966, 0, 0.21304287212, 0, 0, 0.45906433472, 4.7968524939, 0.12835218073, 11.8251003286, 26.5913286962, 17.4226336291, 0],
      [2.545741204, 1.3111694869, 1.8313118181, 35.9987516871, 17.5283106877, 9.042791276, 13.8203746125, 1.7452838155, 18.6224916106, 9.227777858, 13.088795525, 22.153363484, 0.39026988538, 0.11483439972, 0.4008767825, 4.6721298092, 18.4670257574, 0, 1.9712756705, 2.3036086211, 0.50925094086, 0.30741123723, 7.7376263619, 0, 8.5498298303, 7.3269973457, 19.362409389, 8.1914877584, 4.9304063922, 6.0287877483, 5.031316333, 6.8566527287, 11.7708863526, 17.1277247867, 12.2049340689, 8.2316019992, 6.3270945228, 4.2920924704, 1.7884240987, 3.1529568662, 4.2749033624, 18.1293277078, 4.9302431577, 2.289552361, 1.6264086492, 13.5569337187, 9.0578131075, 1.0380052475, 0, 1.6423118376, 0, 1.099654148, 5.7057758005, 0.32722918266, 11.4615982723, 36.8836398567, 23.4761400388, 0]
    ]
  ],
  "prob": [
    [0.072098075748, 0.022729810807, 0.84115304777, 0.021836050484, 0.042183015192],
    [0.020329982844, 0.036320707013, 0.0028643749529, 0.9176194649, 0.022865470292],
    [0.00059295056334, 0.031439465327, 0.028660082839, 0.84795678656, 0.091350714713],
    [0.0059379275286, 0.5651788176, 0.0086309973058, 0.17884624916, 0.2414060084]
  ],
  "iterations": 97,
  "logLik": -803.4992452713,
  "time": 0.000529,
  "message": "Converged",
  "status": 0,
  "miniter": 0,
  "maxiter": 1000,
  "maxtime": 3600,
  "param_threshold": 0.001,
  "ll_threshold": "-Inf",
  "initial_prob": "random",
  "adjust_prob_cond_method": "project_lp",
  "adjust_prob_cond_every": false,
  "candidates_id": ["KANG, Wetex.c", "ZHU, Changzhen (Julie).c", "MAMEDOV, Tofik Shirzad Ogly.c", "ROSS, Jami-Lee Matenga.c", "Other candidates votes.c"],
  "group_id": ["Labour Party.p", "National Party.p", "New Zealand First Party.p", "Other parties votes.p"]
}
