{
  "X": [
    [44, 378, 344, 34],
    [34, 215, 218, 24],
    [1, 5, 60, 0],
    [9, 20, 127, 4],
    [15, 67, 213, 8],
    [6, 221, 46, 8],
    [12, 103, 103, 11],
    [67, 353, 587, 33],
    [5, 11, 65, 6],
    [9, 24, 134, 3],
    [21, 384, 147, 22],
    [13, 245, 133, 12],
    [5, 206, 74, 14],
    [5, 102, 13, 2],
    [12, 364, 148, 18],
    [48, 490, 744, 45],
    [28, 193, 238, 30],
    [31, 363, 402, 52],
    [25, 215, 149, 28],
    [87, 273, 312, 23],
    [20, 84, 435, 14],
    [17, 94, 261, 13],
    [40, 219, 754, 25],
    [92, 300, 1218, 31],
    [40, 352, 530, 47],
    [31, 182, 557, 22],
    [50, 259, 834, 20],
    [1, 12, 58, 4],
    [27, 311, 331, 18],
    [98, 765, 936, 64],
    [22, 82, 165, 17],
    [15, 49, 275, 13],
    [27, 216, 271, 40],
    [51, 548, 543, 37],
    [17, 53, 185, 10],
    [2, 5, 40, 1],
    [7, 40, 145, 6],
    [39, 141, 207, 18],
    [4, 46, 112, 6],
    [10, 43, 239, 12],
    [17, 149, 151, 6],
    [25, 239, 280, 19],
    [40, 347, 527, 37],
    [10, 115, 85, 9],
    [7, 21, 87, 0],
    [8, 30, 256, 14],
    [10, 32, 166, 8],
    [8, 25, 52, 1],
    [3, 14, 101, 5],
    [25, 281, 229, 21],
    [46, 499, 621, 53],
    [3, 21, 103, 4],
    [4, 10, 55, 2],
    [54, 109, 228, 10],
    [4, 8, 17, 0],
    [8, 53, 147, 7],
    [8, 48, 261, 6],
    [19, 38, 166, 7],
    [13, 49, 139, 6],
    [8, 29, 126, 3],
    [2, 13, 67, 1],
    [1, 4, 60, 3],
    [9, 245, 344, 42],
    [165, 993, 2070, 96],
    [25, 141, 195, 13],
    [157, 654, 977, 74],
    [26, 92, 240, 12]
  ],
  "W": [
    [27, 50, 347, 307, 29, 40],
    [19, 26, 209, 190, 18, 29],
    [7, 2, 2, 54, 1, 0],
    [12, 10, 18, 110, 4, 6],
    [14, 19, 53, 191, 11, 15],
    [7, 8, 197, 38, 12, 19],
    [14, 10, 91, 85, 12, 17],
    [47, 87, 305, 523, 33, 45],
    [13, 8, 11, 55, 0, 0],
    [13, 12, 21, 116, 3, 5],
    [17, 21, 363, 126, 29, 18],
    [12, 10, 217, 115, 18, 31],
    [8, 8, 190, 65, 7, 21],
    [2, 2, 90, 12, 4, 12],
    [15, 14, 339, 121, 27, 26],
    [45, 54, 447, 679, 45, 57],
    [25, 26, 177, 218, 19, 24],
    [28, 46, 328, 366, 36, 44],
    [9, 29, 197, 121, 16, 45],
    [26, 112, 254, 265, 16, 22],
    [38, 25, 70, 390, 10, 20],
    [13, 21, 82, 240, 17, 12],
    [55, 67, 207, 658, 22, 29],
    [84, 108, 310, 1067, 26, 46],
    [38, 54, 313, 467, 39, 58],
    [44, 61, 152, 488, 26, 21],
    [74, 65, 224, 730, 32, 38],
    [16, 6, 6, 45, 1, 1],
    [18, 31, 291, 289, 29, 29],
    [67, 117, 682, 833, 69, 95],
    [13, 16, 74, 151, 15, 17],
    [27, 22, 48, 241, 1, 13],
    [25, 23, 206, 248, 18, 34],
    [30, 53, 520, 472, 42, 62],
    [27, 16, 44, 155, 9, 14],
    [8, 1, 5, 33, 1, 0],
    [7, 8, 26, 135, 9, 13],
    [22, 42, 125, 172, 22, 22],
    [6, 5, 33, 107, 12, 5],
    [20, 15, 39, 214, 6, 10],
    [7, 14, 130, 146, 14, 12],
    [18, 31, 219, 246, 23, 26],
    [43, 57, 303, 459, 52, 37],
    [11, 15, 109, 64, 5, 15],
    [4, 7, 19, 78, 4, 3],
    [23, 12, 35, 223, 8, 7],
    [20, 8, 30, 148, 2, 8],
    [2, 13, 21, 47, 2, 1],
    [16, 7, 10, 84, 3, 3],
    [14, 31, 256, 215, 9, 31],
    [49, 46, 464, 551, 46, 63],
    [13, 7, 17, 88, 1, 5],
    [1, 3, 12, 49, 4, 2],
    [12, 64, 101, 201, 10, 13],
    [0, 2, 9, 16, 0, 2],
    [11, 10, 50, 124, 9, 11],
    [17, 11, 42, 246, 5, 2],
    [19, 31, 34, 137, 3, 6],
    [12, 15, 50, 119, 5, 6],
    [5, 7, 31, 117, 1, 5],
    [3, 0, 13, 60, 5, 2],
    [19, 0, 4, 42, 1, 2],
    [7, 11, 247, 323, 27, 25],
    [132, 176, 933, 1856, 104, 123],
    [10, 26, 136, 177, 11, 14],
    [63, 172, 617, 876, 23, 111],
    [23, 38, 82, 218, 3, 6]
  ],
  "method": "mvn_cdf",
  "mvncdf_method": "genz",
  "mvncdf_samples": 5000,
  "mvncdf_error": 0.001,
  "cond_prob": [
    [
      [0.0017385580859, 0.033558480546, 0.84883261265, 0.11587034872],
      [0.65044893593, 0.1245240866, 0.21174349704, 0.01328348043],
      [0.013896245775, 0.94006722164, 0.010267121439, 0.035769411149],
      [0.0046048273513, 0.0075349242238, 0.97230925943, 0.015550988994],
      [0.0060833211544, 0.70154200684, 0.17338807817, 0.11898659383],
      [0.12546291353, 0.5501612713, 0.085111413874, 0.2392644013]
    ],
    [
      [0.0023687189973, 0.020778383054, 0.8802035918, 0.096649306147],
      [0.77029072697, 0.057831868422, 0.16342525611, 0.0084521485004],
      [0.029346045116, 0.90536947009, 0.018288128184, 0.046996356607],
      [0.0037577257122, 0.0055318677315, 0.9771494785, 0.013560928057],
      [0.012659599977, 0.60180827092, 0.24764630021, 0.13788582889],
      [0.23628521806, 0.41364686717, 0.10651110302, 0.24355681175]
    ],
    [
      [0.02369615931, 0.071628220854, 0.90467561984, 0],
      [0.36774540891, 0.38736892885, 0.24488566223, 0],
      [0.0020696324513, 0.99575062525, 0.0021797423009, 0],
      [0.0016532076875, 0.014298265346, 0.98404852697, 0],
      [0.0052235869725, 0.96025701711, 0.034519395917, 0],
      [0.010633437314, 0.95362597483, 0.023655939807, 0.012084648048]
    ],
    [
      [0.0012879830432, 0.0079743201367, 0.94775433289, 0.042983363935],
      [0.66534962473, 0.03950539911, 0.28875331577, 0.0063916603959],
      [0.04383191094, 0.87141130205, 0.040732334302, 0.044024452708],
      [0.0015628615807, 0, 0.99024167021, 0.008195468214],
      [0.01024011612, 0.43985156543, 0.44408375943, 0.10582455903],
      [0.22153305349, 0.34407407811, 0.21721901167, 0.21717385674]
    ],
    [
      [0.0011990376122, 0.019532304054, 0.92106635695, 0.058202301383],
      [0.60213693481, 0.0950070676, 0.29416215663, 0.0086938409597],
      [0.015201196828, 0.93566968801, 0.019949209851, 0.029179905308],
      [0.003134244244, 0.0028814185099, 0.98565002095, 0.0083343162968],
      [0.0062013010387, 0.62830131204, 0.27596087256, 0.089536514364],
      [0.13800622121, 0.52461697509, 0.144263887, 0.19311291669]
    ],
    [
      [0.0011427278426, 0.061478087671, 0.83198691874, 0.10539226575],
      [0.54131775396, 0.23699163279, 0.20933463627, 0.01235597698],
      [0, 0.98536035727, 0, 0.01463964273],
      [0.008810541924, 0.025889634956, 0.95233025854, 0.012969564579],
      [0.0026860617482, 0.82435514587, 0.10373049405, 0.069228298338],
      [0.068127659965, 0.72008747701, 0.056215722396, 0.15556914063]
    ],
    [
      [0.001946357922, 0.025454480064, 0.88337365678, 0.089225505237],
      [0.69804467864, 0.090717113392, 0.20140638342, 0.0098318245521],
      [0.018822751683, 0.93100404234, 0.013246022727, 0.036927183247],
      [0.0051681325506, 0.0027691765071, 0.9780442731, 0.014018417847],
      [0.0078890526631, 0.66876062712, 0.21202513207, 0.11132518815],
      [0.16149846475, 0.51497592726, 0.10207365322, 0.22145195476]
    ],
    [
      [0.001592928679, 0.031678781674, 0.87575600561, 0.090972284032],
      [0.63031139253, 0.12510613049, 0.23348849837, 0.011093978609],
      [0.013338004076, 0.94475998635, 0.012383427852, 0.029518581726],
      [0.0040943619406, 0.0068242870143, 0.97720128832, 0.011880062726],
      [0.0059172797801, 0.70385142823, 0.19106089036, 0.099170401638],
      [0.12629618735, 0.57064152962, 0.097060882469, 0.20600140056]
    ],
    [
      [0, 0.017288690515, 0.69768050543, 0.28503080406],
      [0.61531623784, 0.094927764963, 0.24831688377, 0.04143911343],
      [0.0070427361191, 0.86876599619, 0.01674635954, 0.10744490815],
      [0, 0.0083527081008, 0.97744378917, 0.014203502729],
      [0.0036862007533, 0.48695062449, 0.15361657947, 0.35574659528],
      [0.059044739932, 0.27202031015, 0.058719076064, 0.61021587385]
    ],
    [
      [0.0011320657769, 0.011205189388, 0.94877556387, 0.038887180965],
      [0.60751729188, 0.060992380642, 0.32517966331, 0.0063106641648],
      [0.020612644544, 0.91836209845, 0.03098442599, 0.030040831014],
      [0.0033207632808, 0.00031785851216, 0.99095372809, 0.0054076501197],
      [0.007440842756, 0.52639953221, 0.38336374725, 0.08279587779],
      [0.17093580761, 0.44414994374, 0.20247301286, 0.18244123579]
    ],
    [
      [0.0018716922996, 0.043078058197, 0.83376684369, 0.12128340582],
      [0.65474078584, 0.14521490877, 0.18746268092, 0.012581624463],
      [0.012014651317, 0.9540229054, 0.0042124996806, 0.029749943606],
      [0.0048031712023, 0.010751167655, 0.96843529468, 0.016010366462],
      [0.0055139842212, 0.75009706585, 0.14039133242, 0.10399761751],
      [0.11623339923, 0.60002129076, 0.070328566879, 0.21341674313]
    ],
    [
      [0.0015838101533, 0.037897009366, 0.88466709371, 0.075852086773],
      [0.62399676059, 0.14433653072, 0.2229094934, 0.0087572152825],
      [0.011787829109, 0.96177651101, 0.0088304676557, 0.017605192226],
      [0.0040941424531, 0.010195155864, 0.97797128465, 0.0077394170326],
      [0.0052648787717, 0.75261869739, 0.168192792, 0.073923631844],
      [0.11669269534, 0.63473510368, 0.088532918368, 0.16003928261]
    ],
    [
      [0.00071301571083, 0.049248338902, 0.81468021466, 0.13535843072],
      [0.50068235737, 0.23040092522, 0.24940763714, 0.019509080278],
      [0, 0.96565275409, 0.0025476801615, 0.031799565747],
      [0, 0.014041502641, 0.96698237376, 0.018976123595],
      [0.0024114365511, 0.77399654454, 0.11938010434, 0.10421191457],
      [0.046283664739, 0.66467186316, 0.062558234758, 0.22648623735]
    ],
    [
      [0.0033899662789, 0.075161137093, 0.82614667715, 0.095302219482],
      [0.75989773793, 0.1434854428, 0.091328007489, 0.0052888117844],
      [0.005698339457, 0.9927051749, 0, 0.0015964856462],
      [0.10425741044, 0.019213650453, 0.86593822146, 0.010590717651],
      [0.0064759292808, 0.86356635681, 0.077894585592, 0.052063128321],
      [0.14029844984, 0.7112009889, 0.038517802571, 0.10998275868]
    ],
    [
      [0.00090697248481, 0.032601133101, 0.88779312108, 0.078698773331],
      [0.52854020212, 0.16289370965, 0.29648857937, 0.012077508863],
      [0.0060315651869, 0.95764971799, 0.011968796398, 0.024349920421],
      [0.0015701579879, 0.008152434302, 0.98077069862, 0.0095067090912],
      [0.0036223684781, 0.72042273189, 0.19022070039, 0.085734199237],
      [0.086705343046, 0.62112916756, 0.10252414039, 0.189641349]
    ],
    [
      [0.0013088653451, 0.025720559465, 0.88744998568, 0.085520589512],
      [0.60226572777, 0.1158896544, 0.26998129577, 0.011863322064],
      [0.013486260125, 0.93667298712, 0.015803648262, 0.034037104494],
      [0.0031354120171, 0.0051180907249, 0.98053612857, 0.011210368684],
      [0.0057242738888, 0.66143432807, 0.22476482518, 0.10807657285],
      [0.12287467367, 0.53775403295, 0.1144400257, 0.22493126767]
    ],
    [
      [0.0026161380141, 0.035607958715, 0.76473445525, 0.19704144802],
      [0.73720778875, 0.10085515308, 0.14555680766, 0.016380250501],
      [0.019032671006, 0.92064214797, 0.010820020304, 0.04950516072],
      [0.0080767786146, 0.012154234299, 0.95896669018, 0.020802296905],
      [0.0079625756859, 0.6692440016, 0.13991274146, 0.18288068125],
      [0.14526602492, 0.46536032306, 0.061205728271, 0.32816792375]
    ],
    [
      [0.00092013565631, 0.032321310913, 0.78707681537, 0.17968173806],
      [0.54166801872, 0.1623159926, 0.26882692586, 0.027189062815],
      [0.0070656985629, 0.92847360997, 0.013478765295, 0.050981926168],
      [0.0011379217947, 0.012337584192, 0.96760426763, 0.018920226384],
      [0.0034826433304, 0.65677815817, 0.15854355214, 0.18119564636],
      [0.072684174435, 0.49839895579, 0.075546493954, 0.35337037582]
    ],
    [
      [0.0010801870593, 0.019935472891, 0.88053294142, 0.098451398626],
      [0.57715025123, 0.10316898414, 0.30401761709, 0.015663147543],
      [0.013915083371, 0.91734812634, 0.019629054401, 0.049107735886],
      [0.0026020787177, 0.003861933069, 0.98101077589, 0.012525212328],
      [0.0054513543117, 0.59604333283, 0.2540833901, 0.14442192276],
      [0.11354614251, 0.46904693529, 0.12498068424, 0.29242623796]
    ],
    [
      [0.0020247660391, 0.028728158529, 0.87128835348, 0.097958721953],
      [0.68934587954, 0.098718576016, 0.20115752775, 0.010778016697],
      [0.018475938313, 0.93405615559, 0.012180308105, 0.035287597995],
      [0.0053534783492, 0.0061859873717, 0.97505046512, 0.01341006916],
      [0.007875676739, 0.6781431985, 0.20065461511, 0.11332650965],
      [0.15922939331, 0.52076118254, 0.096555197487, 0.22345422666]
    ],
    [
      [0.001138564129, 0.016852770794, 0.91905345541, 0.062955209671],
      [0.59184394342, 0.08615227345, 0.31219664497, 0.0098071381566],
      [0.016686381878, 0.92364648437, 0.023576975618, 0.036090158132],
      [0.0028802563434, 0.0027961546691, 0.98575944965, 0.0085641393331],
      [0.0064085376757, 0.58456288906, 0.30406580919, 0.10496276407],
      [0.14026019477, 0.4807202378, 0.156691041, 0.22232852644]
    ],
    [
      [0.0012662152779, 0.018860486502, 0.89797635834, 0.081896939878],
      [0.62171861414, 0.088312133093, 0.27815016469, 0.011819088077],
      [0.016771198729, 0.92062003262, 0.020029268181, 0.042579500472],
      [0.0032165394435, 0.0023616775814, 0.98193937242, 0.012482410555],
      [0.0066109701925, 0.59856943912, 0.26939173703, 0.12542785366],
      [0.13898783741, 0.47224442679, 0.13313708182, 0.25563065398]
    ],
    [
      [0.00075673279608, 0.011445930751, 0.93825361776, 0.049543718696],
      [0.47297465225, 0.078627234435, 0.43792585043, 0.010472262885],
      [0.01532341549, 0.90631547324, 0.036068732328, 0.042292378943],
      [0.0025607062133, 0.0033298296309, 0.98857152725, 0.0055379369016],
      [0.0049525364126, 0.49126836457, 0.39858300062, 0.10519609839],
      [0.11390449999, 0.43090393873, 0.21861725881, 0.23657430247]
    ],
    [
      [0.0011770468944, 0.0074858086895, 0.9552567922, 0.036080352221],
      [0.61472190437, 0.038932730281, 0.34073471313, 0.0056106522203],
      [0.037951763441, 0.86159778455, 0.055432043087, 0.04501840892],
      [0.0029623134523, 0.0029662941129, 0.9923777216, 0.0016936708354],
      [0.01039579656, 0.39168805565, 0.50297438176, 0.094941766032],
      [0.22423992517, 0.32004823311, 0.25719096106, 0.19852088066]
    ],
    [
      [0.0009504745373, 0.022266767697, 0.87534898436, 0.1014337734],
      [0.54801108449, 0.11904989309, 0.31626732248, 0.016671699942],
      [0.011342803808, 0.92500444085, 0.018002649981, 0.045650105357],
      [0.0017899390599, 0.0051041704502, 0.98017020142, 0.01293568907],
      [0.0046795446803, 0.61772460984, 0.23906756657, 0.1385282789],
      [0.10004451775, 0.49523915913, 0.1200061134, 0.28471020972]
    ],
    [
      [0.00058624568162, 0.021195483316, 0.90568106587, 0.072537205132],
      [0.45497827682, 0.13659427214, 0.39395304781, 0.014474403224],
      [0.0081858970519, 0.93782511229, 0.019286478678, 0.034702511984],
      [0.00046532263402, 0.0049107323907, 0.98437405904, 0.010249885939],
      [0.0034028885434, 0.62891506751, 0.2624622039, 0.10521984005],
      [0.079081971638, 0.54464294781, 0.1423235388, 0.23395154174]
    ],
    [
      [0.0011858140694, 0.018117693094, 0.93465096934, 0.046045523497],
      [0.58628424754, 0.090391877392, 0.31647169409, 0.0068521809721],
      [0.016799137366, 0.93401774338, 0.024314527728, 0.024868591529],
      [0.0030357599194, 0.004661894951, 0.98987930851, 0.0024230366167],
      [0.0065566895362, 0.60736586006, 0.30962524229, 0.076452208119],
      [0.14775916032, 0.51907771916, 0.16575818354, 0.16740493699]
    ],
    [
      [0, 0.051429318377, 0.80044621504, 0.14812446658],
      [0.16505455618, 0.58005143558, 0.23371044239, 0.021183565854],
      [0.00037633703657, 0.98313059776, 0.0064218180942, 0.010071247108],
      [0, 0, 0.97095234921, 0.029047650794],
      [0.00027976886138, 0.92609412236, 0.03621681037, 0.037409298407],
      [0.0071348718604, 0.87194458356, 0.02299447176, 0.097926072815]
    ],
    [
      [0.0011098139261, 0.019658504942, 0.9262996057, 0.052932075434],
      [0.57365687551, 0.10048258578, 0.31765777389, 0.0082027648219],
      [0.014952030042, 0.93708931696, 0.02178157054, 0.026177082459],
      [0.0028952619859, 0.004358672204, 0.98745921647, 0.0052868493409],
      [0.0058892790251, 0.62450493217, 0.2869494448, 0.082656344005],
      [0.13234826416, 0.53337573161, 0.15322522831, 0.18105077592]
    ],
    [
      [0.0015102906582, 0.029596308306, 0.88102513558, 0.087868265455],
      [0.6232665441, 0.12112655436, 0.24453746269, 0.011069438842],
      [0.013675902273, 0.94228457256, 0.013609716227, 0.030429808937],
      [0.0037373735142, 0.0065858888785, 0.97863457777, 0.01104215984],
      [0.0059768154812, 0.68948366035, 0.20358809247, 0.10095143171],
      [0.127621338, 0.55943941048, 0.10345710163, 0.20948214989]
    ],
    [
      [0.0032472070896, 0.02100681063, 0.83601701096, 0.13972897132],
      [0.83402183953, 0.043273374388, 0.11399020247, 0.0087145836115],
      [0.040389717309, 0.88057372227, 0.01692425886, 0.062112301566],
      [0.0045747694292, 0.0090777073899, 0.96915527535, 0.01719224783],
      [0.016440911782, 0.57468086289, 0.21990603418, 0.18897219115],
      [0.27571729023, 0.34594913322, 0.083206080696, 0.29512749585]
    ],
    [
      [0.00093265333496, 0.0098556898654, 0.91111548392, 0.078096172881],
      [0.53285447908, 0.063766524043, 0.38810016929, 0.015278827587],
      [0.018830246619, 0.87468892208, 0.036038071696, 0.070442759605],
      [0.0031515761633, 0.0016136008929, 0.98464118314, 0.010593639808],
      [0.0058139765328, 0.44251052243, 0.3838905821, 0.16778491894],
      [0.1217557039, 0.34727509594, 0.1884180808, 0.34255111936]
    ],
    [
      [0.0021304931015, 0.027284259655, 0.76472228315, 0.20586296409],
      [0.7138066644, 0.091316638583, 0.17454846038, 0.020328236637],
      [0.01996621994, 0.90012918008, 0.016392336833, 0.063512263147],
      [0.0067660615545, 0.013597668377, 0.96406306779, 0.015573202274],
      [0.0076805992846, 0.59815162453, 0.16679117198, 0.2273766042],
      [0.13529144209, 0.40153084487, 0.070606618712, 0.39257109433]
    ],
    [
      [0.0012070610361, 0.018836426117, 0.92231057903, 0.057645933819],
      [0.59442363024, 0.092172823652, 0.30478029052, 0.0086232555885],
      [0.016952834429, 0.93015640564, 0.022546657861, 0.030344102066],
      [0.0030407420509, 0.0040254510885, 0.98647986626, 0.0064539405976],
      [0.0065671838089, 0.60801049612, 0.29369399197, 0.091728328108],
      [0.14407757896, 0.50696714318, 0.15321646137, 0.19573881649]
    ],
    [
      [0.0018735732384, 0.017260210894, 0.90695615871, 0.073910057159],
      [0.74105046262, 0.057048175962, 0.19427350708, 0.0076278543352],
      [0.0287372598, 0.90989149482, 0.021104925619, 0.040266319759],
      [0.0037287191748, 0.0023145494137, 0.9813660239, 0.012590707513],
      [0.011381166922, 0.58669834186, 0.28399427704, 0.11792621417],
      [0.22484176536, 0.42478124875, 0.12910776261, 0.22126922328]
    ],
    [
      [0.014206286661, 0, 0.94086662617, 0.044927087171],
      [0.99483610385, 0.00073646206342, 0.0040589717391, 0.00036846234621],
      [0.072256266081, 0.88745229015, 0.016260262934, 0.02403118084],
      [0.015121497295, 0, 0.97180969366, 0.013068809045],
      [0.031222861708, 0.56200208721, 0.31798681349, 0.088788237588],
      [0.64171833689, 0.18264505048, 0.082575857785, 0.093060754842]
    ],
    [
      [0.0011606441165, 0.025419277748, 0.90551618211, 0.067903896024],
      [0.59318291543, 0.12090572861, 0.27604677837, 0.0098645775914],
      [0.01120364354, 0.94835230912, 0.014348441096, 0.026095606248],
      [0.0033437362842, 0.0031631847929, 0.9822153935, 0.011277685423],
      [0.0049699283824, 0.68934963872, 0.21920164087, 0.08647879203],
      [0.11222951399, 0.58203711495, 0.11600462612, 0.18972874494]
    ],
    [
      [0.0019713640828, 0.020156583143, 0.89101842624, 0.086853626537],
      [0.72370407367, 0.067638022274, 0.19921106414, 0.009446839917],
      [0.025367056722, 0.91260925238, 0.01868736309, 0.043336327806],
      [0.0041306080193, 0.0033762750387, 0.97941194072, 0.013081176218],
      [0.010316454406, 0.60598801708, 0.25690194067, 0.12679358785],
      [0.20239773771, 0.44214300023, 0.11745968379, 0.23799957826]
    ],
    [
      [0.001223054266, 0.042231243771, 0.84249459464, 0.11405110732],
      [0.59345804077, 0.17317147076, 0.21925364323, 0.014116845247],
      [0.0072698329615, 0.95845967463, 0.0068384867309, 0.02743200568],
      [0.0032433516549, 0.0078704457466, 0.96896377052, 0.019922432074],
      [0.0035346632201, 0.76724429009, 0.13277911567, 0.096441931026],
      [0.079202479426, 0.64050334899, 0.070124263963, 0.21016990762]
    ],
    [
      [0.00080066476398, 0.011648487615, 0.89797374026, 0.089577107356],
      [0.52069825848, 0.075965656631, 0.38567370044, 0.017662384454],
      [0.01517857849, 0.88545380164, 0.030225028982, 0.069142590883],
      [0.0023621417044, 0.0024528464352, 0.98292768134, 0.012257330519],
      [0.005033159929, 0.47643828785, 0.34297986742, 0.1755486848],
      [0.10458509821, 0.37113082698, 0.16722405463, 0.35706002017]
    ],
    [
      [0.0034810516875, 0.053693132174, 0.85526091213, 0.087564904007],
      [0.76847472326, 0.11134228776, 0.11498629091, 0.0051966980755],
      [0.018648517365, 0.96539773004, 0.0023559927215, 0.013597759872],
      [0.010391338176, 0.018176827565, 0.96381344395, 0.007618390307],
      [0.0086871050919, 0.80807126895, 0.119615105, 0.063626520959],
      [0.17949370086, 0.63306971257, 0.058809350132, 0.12862723644]
    ],
    [
      [0.001168931652, 0.023112762855, 0.90302348412, 0.072694821368],
      [0.58428190984, 0.11218076294, 0.292638418, 0.010898909216],
      [0.013237755947, 0.93688967294, 0.017448807382, 0.032423763736],
      [0.0028094046884, 0.0039406379873, 0.98337009752, 0.0098798598042],
      [0.0055152765259, 0.64964280439, 0.24503913329, 0.099802785793],
      [0.12112255998, 0.53909026149, 0.12721359444, 0.21257358409]
    ],
    [
      [0.0010105838516, 0.024443359316, 0.88445897354, 0.090087083293],
      [0.55458858508, 0.12529984995, 0.3058420721, 0.014269492878],
      [0.01106731425, 0.9346492959, 0.016483937998, 0.037799451857],
      [0.0020304003941, 0.0048469619259, 0.98082020671, 0.012302430973],
      [0.004701048736, 0.64800611659, 0.2301134266, 0.11717940806],
      [0.1031132706, 0.5320819962, 0.11833134467, 0.24647338854]
    ],
    [
      [0.00068511747431, 0.018004044549, 0.92225134738, 0.059059490597],
      [0.49251958676, 0.11503146811, 0.38062707959, 0.011821865535],
      [0.0098041501641, 0.9344377542, 0.020323779574, 0.035434316066],
      [0.0013961856028, 0.0025293300822, 0.98694238287, 0.0091321014449],
      [0.0040942587859, 0.61264933573, 0.28713791443, 0.096118491059],
      [0.095079357732, 0.53317629847, 0.1553689957, 0.2163753481]
    ],
    [
      [0.0014770700667, 0.012606825974, 0.98591610396, 0],
      [0.71832839636, 0.035723931944, 0.2459476717, 0],
      [0.036753734242, 0.92259549853, 0.040650767229, 0],
      [0, 0, 1, 0],
      [0.035486216194, 0.49956563885, 0.46494814496, 0],
      [0.37517570995, 0.39064271501, 0.23418157504, 0]
    ],
    [
      [0.00083459537979, 0.0040871580275, 0.91385311805, 0.081225128545],
      [0.44262570301, 0.030783821041, 0.50627171672, 0.020318759229],
      [0.026275835, 0.72880984604, 0.08107151958, 0.16384279938],
      [0.0045134390272, 0.0048674024768, 0.98689668392, 0.0037224745803],
      [0.0050471389054, 0.22139175331, 0.53042582523, 0.24313528256],
      [0.10039537584, 0.16738287465, 0.24960676913, 0.48261498038]
    ],
    [
      [0.0021858624023, 0.015811444226, 0.89158940003, 0.090413293338],
      [0.78559223355, 0.045316903683, 0.16128182404, 0.0078090387292],
      [0.033698269401, 0.89566506114, 0.020700282778, 0.049936386685],
      [0.0044498124619, 0.0021818133583, 0.9780612584, 0.015307115778],
      [0.013167126751, 0.56084079749, 0.27905521967, 0.1469368561],
      [0.24696128796, 0.37583675999, 0.11822153012, 0.25898042193]
    ],
    [
      [0.0011346592001, 0.032049792654, 0.92251903898, 0.044296509164],
      [0.58815480705, 0.14762858161, 0.25762185644, 0.006594754905],
      [0.0076579641028, 0.97044486369, 0.008640528287, 0.013256643918],
      [0.0017887164257, 0.0080958108482, 0.98280675208, 0.0073087206477],
      [0.0040364206121, 0.78057312687, 0.16850286864, 0.046887583877],
      [0.098758430587, 0.69573735265, 0.09550360933, 0.11000060744]
    ],
    [
      [0, 0.016428784167, 0.89440294049, 0.089168275343],
      [0.40374629791, 0.13075798281, 0.44472826632, 0.020767452956],
      [0, 0.93723254115, 0.018219385264, 0.044548073586],
      [0, 0.0022610333574, 0.97829709236, 0.01944187428],
      [0.0024366712997, 0.59275218204, 0.26590760522, 0.13890354143],
      [0.055488633573, 0.493774938, 0.13986088705, 0.31087554137]
    ],
    [
      [0.0016329254844, 0.049740412254, 0.81476060189, 0.13386606037],
      [0.61051176731, 0.17921625033, 0.19546175591, 0.014810226445],
      [0.0087773074993, 0.95844125952, 0.0045828052288, 0.028198627757],
      [0.0041523338988, 0.013295144033, 0.96438560396, 0.018166918107],
      [0.004282827207, 0.77238790518, 0.12158152578, 0.10174774183],
      [0.092676977541, 0.63151680382, 0.062054852185, 0.21375136645]
    ],
    [
      [0.0013727373716, 0.023465805313, 0.87998929993, 0.095172157388],
      [0.61866496929, 0.10439012409, 0.26393061214, 0.013014294477],
      [0.015316012363, 0.92661425923, 0.017047100866, 0.041022627541],
      [0.0034154364283, 0.0044947371996, 0.97967440549, 0.012415420886],
      [0.0062586867141, 0.63366098133, 0.23384063763, 0.12623969432],
      [0.13012242038, 0.49959060651, 0.11543800936, 0.25484896375]
    ],
    [
      [0, 0.017675613389, 0.91970102319, 0.062623363424],
      [0.38674490686, 0.14405186513, 0.45435560754, 0.014847620464],
      [0, 0.95113141944, 0.017634373486, 0.03123420707],
      [0, 0.0016857404224, 0.98347227373, 0.014841985848],
      [0.0024368107816, 0.63125950965, 0.26898003003, 0.097323649537],
      [0.058069768234, 0.56260303453, 0.14981459566, 0.22951260157]
    ],
    [
      [0.0009668053942, 0.0020762753263, 0.97902002277, 0.01793689651],
      [0.74473476272, 0.008744589252, 0.24353936122, 0.0029812868075],
      [0.081443589786, 0.74149192167, 0.11348231478, 0.063582173765],
      [0, 0.0022225415136, 0.98618548362, 0.01159197487],
      [0.014377911265, 0.17417613779, 0.73238185812, 0.079064092822],
      [0.36499709198, 0.13408890576, 0.33797899328, 0.16293500898]
    ],
    [
      [0.0021554658854, 0.018565064966, 0.91555245859, 0.063727010556],
      [0.73374231535, 0.060346692454, 0.19905929634, 0.0068516958605],
      [0.029277854105, 0.91558969765, 0.021129370074, 0.034003078173],
      [0.0046009433471, 0.0030884871703, 0.98300768951, 0.0093028799701],
      [0.011786206506, 0.60329616184, 0.28435174139, 0.10056589026],
      [0.23191625267, 0.44513260779, 0.13164970369, 0.19130143585]
    ],
    [
      [0.0029343216828, 0.0029431264211, 0.98799262815, 0.0061299237428],
      [0.95349167632, 0.0061314538551, 0.04037686982, 0],
      [0.077150221954, 0.8513599723, 0.071489805741, 0],
      [0, 0, 1, 0],
      [0.045347793881, 0.33288704783, 0.58809213828, 0.033673020011],
      [0.69933232488, 0.16274867077, 0.13791900434, 0]
    ],
    [
      [0.00088875832889, 0.0076025146189, 0.95447159166, 0.037037135394],
      [0.48638853387, 0.05450826329, 0.45077978277, 0.0083234200663],
      [0.020728145638, 0.88625257022, 0.047136483692, 0.045882800455],
      [0.0044575474985, 0.0025461455372, 0.98628873354, 0.0067075734266],
      [0.0058071557808, 0.41035127231, 0.48589402106, 0.097947550848],
      [0.13499370418, 0.36816160892, 0.26939466647, 0.22745002043]
    ],
    [
      [0.0011962311411, 0.028274200091, 0.89645012795, 0.074079440813],
      [0.59700781175, 0.12858309292, 0.26431871175, 0.010090383579],
      [0.01031730778, 0.95227894295, 0.012679588757, 0.024724160511],
      [0.0030107836465, 0.005535889421, 0.98010565601, 0.011347670922],
      [0.0047181539539, 0.70998782812, 0.20018448341, 0.085109534508],
      [0.1075038339, 0.59872051706, 0.10669273599, 0.18708291304]
    ],
    [
      [0.00098358304939, 0.013243811845, 0.91778690373, 0.067985701377],
      [0.55751691183, 0.078013839843, 0.35164222748, 0.012827020851],
      [0.016345150861, 0.9101781496, 0.026571380393, 0.046905319146],
      [0.002618060565, 0.0014360301033, 0.98342417959, 0.012521729743],
      [0.0059012263695, 0.5319714069, 0.33510104083, 0.1270263259],
      [0.12769575827, 0.43187185143, 0.17054951963, 0.26988287068]
    ],
    [
      [0.0012326467757, 0.0085628136673, 0.94415463468, 0.046049904877],
      [0.64788871728, 0.042893731593, 0.3020035283, 0.007214022831],
      [0.032084207357, 0.87931363698, 0.040509302234, 0.048092853434],
      [0.0029325585752, 0, 0.98856752514, 0.0084999162848],
      [0.0098736573525, 0.44117890661, 0.43766782218, 0.11127961386],
      [0.21072072575, 0.34704398005, 0.21445862419, 0.22777667002]
    ],
    [
      [0.0013295558611, 0.0066289307123, 0.9602517203, 0.031789793123],
      [0.71032452447, 0.0286557245, 0.25684011217, 0.0041796388584],
      [0.045142006484, 0.86607838526, 0.048724425741, 0.040055182516],
      [0.0016996342733, 0, 0.99326607166, 0.00503429407],
      [0.013102668969, 0.39847721993, 0.49893659199, 0.089483519105],
      [0.28194369388, 0.3038716224, 0.2358672879, 0.17831739582]
    ],
    [
      [0.0012422528717, 0.0040433596978, 0.97840939554, 0.016304991894],
      [0.89211365142, 0.007406431281, 0.09946664086, 0.001013276441],
      [0.069546373718, 0.82827381589, 0.069616371475, 0.032563438922],
      [0.0023540703854, 0.0057048592011, 0.99183004368, 0.00011102672936],
      [0.016044607528, 0.29550073158, 0.62775585047, 0.060698810419],
      [0.43535156114, 0.20025755221, 0.25558855541, 0.10880233124]
    ],
    [
      [0.0051749075696, 0, 0.93112447012, 0.063700622313],
      [0.87690316361, 0.011933741453, 0.10735582903, 0.003807265904],
      [0.10431889504, 0.78901407807, 0.040661195456, 0.066005831439],
      [0.00059755773739, 0, 0.98228497048, 0.017117471783],
      [0.0084900969797, 0.35707078829, 0.47024886509, 0.16419024963],
      [0.22540682704, 0.24343644972, 0.20988633035, 0.32127039289]
    ],
    [
      [0.00056067517947, 0.014514677716, 0.83818085013, 0.14674379698],
      [0.44960228994, 0.10512531794, 0.41272832406, 0.032544068056],
      [0.0091509940578, 0.87840452734, 0.027109297001, 0.085335181598],
      [0.00026147185972, 0.015544426969, 0.97940388112, 0.0047902200473],
      [0.0032515148329, 0.48011937005, 0.27446778117, 0.24216133395],
      [0.064716329638, 0.35168110409, 0.12554569723, 0.45805686904]
    ],
    [
      [0.0014860637137, 0.017247790946, 0.91714038628, 0.064125759062],
      [0.65192676, 0.073567253911, 0.26609247351, 0.0084135125788],
      [0.022661389581, 0.91584015005, 0.0245046585, 0.036993801865],
      [0.003195535729, 0.0038428009753, 0.98531429895, 0.0076473643457],
      [0.0086408084289, 0.57841508864, 0.30669179495, 0.10625230798],
      [0.17961052814, 0.45535924454, 0.15124440461, 0.21378582272]
    ],
    [
      [0.0018706321019, 0.0206747044, 0.89723122046, 0.080223443039],
      [0.70734624126, 0.073355059089, 0.21030188286, 0.008996816799],
      [0.022827240369, 0.91948507481, 0.018213185143, 0.039474499681],
      [0.0041637265276, 0.0028408607815, 0.98085415956, 0.012141253129],
      [0.0093908840471, 0.61967456921, 0.25428469545, 0.11664985129],
      [0.18896481401, 0.46548561617, 0.11960912638, 0.22594044344]
    ],
    [
      [0.001921656895, 0.02312960551, 0.87988680219, 0.095061935406],
      [0.69628773063, 0.081932056272, 0.21134081004, 0.01043940305],
      [0.021717986906, 0.91976926407, 0.017188823146, 0.041323925877],
      [0.0044209870958, 0.0050953327135, 0.97815228726, 0.012331392934],
      [0.0089682323509, 0.62723423599, 0.23670147459, 0.12709605707],
      [0.17692246834, 0.46903591313, 0.11086009641, 0.24318152212]
    ],
    [
      [0.0016246616277, 0.040328812164, 0.82613014973, 0.13191637647],
      [0.6189349858, 0.15549333437, 0.21014456829, 0.015427111539],
      [0.010047998658, 0.94886357014, 0.0089334072227, 0.032155023974],
      [0.0046507377963, 0.0072410964825, 0.96988736213, 0.018220803588],
      [0.004633982796, 0.74075983429, 0.14021691313, 0.11438926978],
      [0.098567440686, 0.59267322106, 0.070812980708, 0.23794635754]
    ]
  ],
  "expected_outcome": [
    [
      [0.04694106832, 0.045005660949, 0.16587311517, 0.015455796518, 0.016786526571, 0.007999094898, 0.027249010908, 0.074867647912, 0, 0.014716855099, 0.031818769093, 0.01900572184, 0.0057041256867, 0.0067799325578, 0.013604587272, 0.058898940529, 0.065403450352, 0.025763798377, 0.0097216835338, 0.052643917017, 0.043265436902, 0.016460798613, 0.041620303785, 0.098871939129, 0.036118032417, 0.025794809991, 0.087750241133, 0, 0.01997665067, 0.1011894741, 0.042213692164, 0.025181640044, 0.053262327538, 0.036211831084, 0.050586477437, 0.11365029328, 0.0081245088156, 0.043370009821, 0.007338325596, 0.01601329528, 0.024367361812, 0.021040769736, 0.043455105618, 0.0075362922174, 0.0059082802667, 0.019195693735, 0.043717248046, 0.0022693184002, 0, 0.022860956782, 0.067264131209, 0, 0.0009668053942, 0.025865590625, 0, 0.0097763416178, 0.020335929399, 0.018688077938, 0.014791761308, 0.0066477793053, 0.0037267586151, 0.098323243822, 0.0039247262563, 0.19616041021, 0.018706321019, 0.12106438438, 0.037367217438],
      [0.90607897475, 0.39478927803, 0.50139754598, 0.095691841641, 0.27345225676, 0.4303466137, 0.35636272089, 1.4889027387, 0.2247529767, 0.14566746205, 0.73232698935, 0.45476411239, 0.39398671122, 0.15032227419, 0.48901699651, 1.1574251759, 0.89019896788, 0.90499670558, 0.17941925602, 0.74693212174, 0.64040529019, 0.24518632452, 0.62952619128, 0.62880792992, 0.84613717249, 0.93260126592, 1.3407092889, 0.82286909404, 0.35385308895, 1.9829526565, 0.27308853819, 0.26610362637, 0.68210649138, 0.5650927835, 0.46602569414, 0, 0.17793494423, 0.44344482915, 0.25338746263, 0.2329697523, 0.37585192522, 0.4160297314, 1.0510644506, 0.19804449004, 0.050427303896, 0.094004634633, 0.31622888452, 0.064099585307, 0.26286054667, 0.69636577156, 1.1498244603, 0.22978297406, 0.0020762753263, 0.22278077959, 0, 0.083627660808, 0.48066140155, 0.25163242506, 0.10275376401, 0.033144653561, 0.012130079093, 0, 0.10160274401, 2.2767084048, 0.206747044, 1.4571651471, 0.92756267978],
      [22.9184805415, 16.7238682442, 6.3327293388, 11.3730519946, 12.8949289973, 5.8239084312, 12.3672311949, 41.1605322639, 9.0698465706, 12.3340823303, 14.1740363427, 10.6160051245, 6.5174417173, 1.6522933543, 13.3168968163, 39.9352493555, 19.1183613812, 22.0381508303, 7.9247964728, 22.6534971905, 34.9240313054, 11.6736926584, 51.6039489767, 80.2415705444, 33.2632614057, 39.8499668983, 69.1641717311, 12.8071394407, 16.6733929026, 59.0286840839, 10.8682211424, 24.6001180658, 19.1180570787, 27.6693173708, 24.4878162851, 7.5269330093, 6.3386132748, 19.6024053772, 5.0549675679, 17.9594748053, 5.9868263849, 16.2544227142, 38.0317358622, 10.1447648212, 3.9436644158, 21.0186217151, 17.8317880007, 1.845038078, 14.3104470478, 11.4066484265, 43.1194756964, 11.9561133014, 0.97902002277, 10.9866295031, 0, 10.4991875082, 15.2396521752, 17.4379511708, 11.3298556162, 4.8012586015, 2.9352281866, 17.6913649322, 5.8672659509, 121.0625309888, 8.9723122046, 55.4328685379, 19.0009934439],
      [3.1284994155, 1.8363368168, 0, 0.51580036722, 0.81483221936, 0.73774586024, 1.2491570733, 4.2756973495, 3.7054004527, 0.50553335254, 2.0618178989, 0.91022504128, 1.0828674458, 0.19060443896, 1.1804816, 3.848426528, 4.9260362006, 5.0310886658, 0.88606258763, 2.5469267708, 2.3922979675, 1.0646602184, 2.7249045283, 3.0307495865, 3.8544833894, 3.1916370258, 3.4073687388, 2.3699914653, 0.95277735781, 5.8871737855, 1.8164766272, 2.1085966678, 5.1465741024, 1.7293780146, 1.9955715433, 0.35941669737, 0.47532727217, 1.9107797838, 0.68430664392, 1.7915421471, 0.61295432805, 1.3085067846, 3.8737445816, 0.64965439657, 0, 1.8681779565, 1.8082658668, 0.088593018327, 1.4266924055, 1.8741248451, 4.663435712, 0.81410372452, 0.01793689651, 0.76472412668, 0, 0.40740848933, 1.2593504938, 1.2917283262, 0.55259885852, 0.15894896561, 0.048914975681, 1.2103118239, 1.0272065788, 8.4646001961, 0.80223443039, 5.9889019306, 3.0340766589]
    ],
    [
      [32.5224467963, 20.0275589011, 0.73549081783, 6.6534962473, 11.4406017614, 4.3305420317, 6.9804467864, 54.8370911504, 4.9225299027, 7.2902075026, 13.7495565027, 6.2399676059, 4.0054588589, 1.5197954759, 7.3995628297, 32.5223492995, 19.1674025076, 24.9167288611, 16.7373572856, 77.2067385083, 14.7960985856, 13.0560908969, 31.6893017006, 66.3899656722, 29.5925985625, 27.7536748862, 38.1084760904, 0.99032733706, 17.7833631408, 72.9221856602, 13.3443494325, 11.7227985397, 16.4175532812, 31.5044524027, 11.8568074019, 0.99483610385, 4.7454633234, 30.395571094, 2.9672902038, 7.8104738772, 10.7586461256, 18.112739205, 31.6115493494, 7.3877938014, 5.0282987745, 5.3115084361, 6.2847378684, 7.6460124916, 2.8262240854, 18.9258647865, 28.4585885875, 2.707214348, 2.2342042882, 46.9595081823, 1.9069833526, 4.8638853387, 6.5670859292, 17.2830242666, 9.7183307591, 4.9722716713, 0, 0, 4.9456251893, 114.7391097599, 18.3910022727, 119.7614896691, 23.5195294605],
      [6.2262043301, 1.503628579, 0.7747378577, 0.3950539911, 1.8051342844, 1.8959330623, 0.90717113392, 10.8842333528, 0.75942211971, 0.73190856771, 3.0495130841, 1.4433653072, 1.8432074017, 0.2869708856, 2.2805119351, 6.2580413377, 2.6222339801, 7.4665356597, 2.9919005401, 11.0564805138, 2.1538068362, 1.8545547949, 5.2680247072, 4.2047348704, 6.4286942269, 8.3322506006, 5.8754720305, 3.4803086135, 3.1149601592, 14.1718068602, 0.69237399021, 1.402863529, 2.1002826874, 4.8851596536, 0.91277081539, 0.00073646206342, 0.96724582888, 2.8407969355, 0.86585735379, 1.1394848495, 1.5587920286, 3.4776036512, 7.1420914471, 1.7254720217, 0.25006752361, 0.36940585249, 0.36253522946, 1.9191715609, 0.91530587968, 5.5557037603, 4.801945708, 1.0083630559, 0.026233767756, 3.8621883171, 0.01226290771, 0.5450826329, 1.4144140222, 2.4184290351, 0.6434059739, 0.2005900715, 0, 0, 1.1563784974, 12.9478366884, 1.9072315363, 14.0923136788, 5.9087467059],
      [10.5871748521, 4.2490566589, 0.48977132447, 2.8875331577, 5.589080976, 1.6746770902, 2.0140638342, 20.3134993579, 1.9865350702, 3.9021559597, 3.9367162994, 2.229094934, 1.9952610971, 0.18265601498, 4.1508401111, 14.5789899713, 3.7844769992, 12.3660385897, 8.8165108955, 22.5296431079, 7.8049161242, 5.8411534585, 29.341031979, 36.7993490176, 17.0784354138, 24.0311359165, 20.5706601159, 1.4022626543, 9.8473909905, 28.6108831351, 1.8238432395, 8.5382037245, 4.0146145888, 16.1533553976, 3.1083761133, 0.0040589717391, 2.2083742269, 8.366864694, 1.0962682161, 5.7851055065, 1.6098080727, 9.0717909581, 17.4329981095, 5.7094061939, 1.7216337019, 6.0752606007, 1.2902545923, 3.3490841337, 3.1130978642, 6.0593144333, 12.1408081585, 3.1804892528, 0.73061808367, 12.7397949656, 0.080753739641, 4.5077978277, 2.9075058292, 10.9009090519, 4.5300529245, 1.7978807852, 0, 0, 4.5400115647, 46.8322753379, 5.4678489543, 36.3506193276, 7.9854935951],
      [0.6641740215, 0.21975586101, 0, 0.063916603959, 0.16518297823, 0.098847815844, 0.098318245521, 0.96517613896, 0.33151290744, 0.075727969978, 0.26421411373, 0.087572152825, 0.15607264223, 0.010577623569, 0.16908512408, 0.64061939144, 0.42588651301, 1.2506968895, 0.45423127876, 1.20713787, 0.24517845392, 0.24820084961, 0.70164161329, 0.60595043979, 0.90027179686, 0.88293859668, 0.44539176319, 0.12710139512, 0.25428570948, 1.2951243446, 0.13943333778, 0.33613420692, 0.46754944265, 0.45703254619, 0.12204566936, 0.00036846234621, 0.078916620731, 0.39676727651, 0.070584226236, 0.26493576681, 0.072753773057, 0.3378661857, 0.81336109406, 0.17732798303, 0, 0.24382511075, 0.062472309834, 0.085731813766, 0.14537217069, 0.4591170198, 0.59865754593, 0.10393334325, 0.0089438604224, 0.43850853507, 0, 0.083234200663, 0.11099421937, 0.39763764637, 0.10821034247, 0.029257472009, 0, 0, 0.35798474861, 1.4807782139, 0.23391723677, 1.7955773246, 0.58623023847]
    ],
    [
