{
  "Z_true": {},
  "V_true": [
    [854, 32, 593, 25],
    [138, 669, 449, 170],
    [266, 5806, 757, 324],
    [1236, 202, 17952, 358],
    [212, 630, 720, 223],
    [347, 210, 573, 216]
  ],
  "p_true": [
    [0.5678, 0.0213, 0.3943, 0.0166],
    [0.0968, 0.4691, 0.3149, 0.1192],
    [0.0372, 0.8117, 0.1058, 0.0453],
    [0.0626, 0.0102, 0.9091, 0.0181],
    [0.1188, 0.3529, 0.4034, 0.1249],
    [0.2578, 0.156, 0.4257, 0.1605]
  ],
  "Z_est": [
    [
      [42.3297, 20.3429, 44.8281, 65.2332, 9.3395, 31.5691, 35.3574, 11.1974, 9.0201, 39.0284, 43.8001, 38.5143, 6.3138, 2.5255, 1.2628, 9.4707, 25.2553, 25.6769, 13.6864, 3.1569, 0.6221, 47.3549, 18.9614, 0, 1.7846, 0, 0, 1.8941, 3.313, 0, 13.0277, 13.4482, 0, 275.2827, 24.0604, 52.4384, 4.9766],
      [1.385, 5.539, 1.509, 0.6424, 0.3895, 1.3322, 1.2119, 1.428, 4.0327, 0.9097, 1.4361, 1.052, 0.2164, 0.0866, 0.0433, 0.3246, 0.4743, 0.9738, 0.4552, 0.0819, 0.0216, 0.5691, 0.6492, 0, 0.0649, 0, 0, 0.0649, 0.1298, 0, 3.7716, 0.4545, 0, 9.4353, 0.8656, 1.8827, 3.0646],
      [15.8243, 11.091, 19.7139, 24.0617, 6.7575, 14.1512, 15.8818, 5.7864, 9.115, 16.6364, 18.5774, 16.9137, 2.7727, 1.0106, 0.5545, 4.1591, 12.5976, 14.5255, 5.8228, 1.3864, 0.2673, 18.0133, 8.3182, 0, 0.8318, 0, 0, 0.8318, 2.5572, 0, 7.2091, 5.8228, 0, 120.8914, 11.091, 24.1228, 3.6046],
      [4.461, 3.0271, 4.9489, 4.0627, 1.5136, 2.9475, 3.549, 2.5882, 1.8322, 3.4254, 3.1864, 4.52, 0.697, 0.3773, 0.1394, 1.0455, 1.6729, 3.8237, 1.0356, 0.3748, 0.089, 4.0627, 2.0712, 0, 0.3186, 0, 0, 0.2091, 0, 0, 1.9915, 1.2746, 0, 30.3906, 3.983, 8.5561, 1.3542]
    ],
    [
      [12.0178, 6.1058, 16.5996, 22.2549, 2.326, 8.9223, 4.9799, 3.489, 2.8106, 16.6698, 14.4407, 7.2623, 2.2291, 1.4525, 1.245, 2.075, 8.2998, 6.6873, 4.3574, 1.163, 0.1938, 18.0243, 8.3958, 0, 0.2075, 0.2075, 0, 0.7753, 0, 0, 3.8767, 5.8099, 0.4065, 66.8136, 7.7534, 16.7667, 1.5507],
      [5.316, 12.1277, 15.567, 5.5643, 3.1369, 8.5284, 4.7446, 5.3468, 12.8753, 13.8385, 11.2685, 6.9193, 4.6591, 1.3839, 1.1862, 1.9769, 4.1078, 16.7548, 5.3244, 0.7095, 0.1977, 4.9294, 7.5123, 0, 0.1977, 0.1977, 1, 1.4746, 0, 0.3475, 14.8174, 7.341, 0.05, 63.6571, 9.4893, 33.8819, 19.014],
      [9.1028, 10.6991, 21.9111, 15.2165, 4.186, 10.7139, 5.7062, 4.7044, 8.797, 21.1945, 15.7968, 8.3215, 4.0419, 0.8217, 1.6344, 2.3776, 19.4675, 20.9211, 4.9929, 1.6643, 0.2278, 13.3144, 9.0348, 0, 0.2378, 0.2378, 0, 2.6766, 0, 0.2378, 10.2236, 6.6572, 0.5435, 76.5579, 11.4124, 29.7197, 9.2096],
      [13.5635, 16.0674, 25.9222, 20.9644, 7.3511, 14.8354, 8.5693, 9.4597, 12.5171, 18.2972, 15.494, 12.4969, 6.0699, 3.342, 1.9345, 3.5705, 8.1249, 24.6367, 6.3253, 3.4632, 0.3807, 19.7318, 13.0571, 0, 0.3571, 0.3571, 0, 3.0734, 0, 0.4148, 14.0824, 8.1919, 0, 114.9714, 19.3449, 44.6318, 10.2258]
    ],
    [
      [1.587, 0, 4.3685, 19.5598, 0.7466, 2.9555, 1.8988, 1.12, 0, 5.3509, 4.6354, 15.6789, 0.7155, 3.4125, 0.56, 6.7391, 3.362, 0.5101, 1.0571, 0.2523, 0.0622, 16.787, 1.0091, 0.0311, 0.282, 2.5647, 0, 0, 0.1593, 0, 0, 1.0221, 1.0453, 23.5815, 2.1155, 0, 0],
      [99.6526, 109.8358, 304.7418, 131.4891, 74.1281, 282.7961, 127.4935, 382.3995, 46.2859, 178.8481, 230.9705, 215.5728, 471.7271, 239.4775, 53.8204, 89.3466, 97.0725, 110.8286, 38.1846, 16.556, 12.3505, 116.487, 70.7813, 61.2223, 37.0869, 90.3064, 11, 16.3039, 11.3399, 5.7427, 54.4087, 57.7426, 0.8825, 1847.1036, 285.3363, 558.4372, 36.3704],
      [0, 1.1896, 5.7809, 2.0634, 5.6965, 20.624, 7.5474, 1.2412, 0.6128, 2.4385, 3.0705, 8.238, 6.2151, 1.7373, 4.4541, 3.2157, 2.6705, 1.4881, 0, 0.0939, 0.0298, 1.8383, 0.9504, 3.151, 0.949, 1.5419, 0, 0.2975, 0.5008, 0, 0.1469, 0.5764, 0.0723, 24.7229, 7.5061, 4.9902, 0],
      [5.7604, 4.9745, 14.1088, 11.8877, 4.4288, 8.6244, 6.0604, 17.2394, 2.1013, 8.3624, 9.3237, 26.5103, 18.3422, 12.3727, 1.1655, 4.6987, 4.8949, 6.1732, 1.7582, 2.0978, 0.5575, 11.8877, 3.2592, 3.5955, 2.6821, 5.587, 0, 1.3986, 0, 0.2573, 2.4444, 2.6588, 0, 81.592, 15.0421, 26.5725, 1.6296]
    ],
    [
      [28.7664, 10.784, 34.0847, 30.1268, 0, 12.125, 5.4059, 6.1623, 4.9641, 37.1952, 27.6961, 27.9015, 1.5878, 1.085, 3.0811, 8.9011, 9.0714, 9.6624, 7.5317, 2.3319, 0.1565, 61.3313, 32.6063, 0.1712, 0.2117, 0.2131, 0, 1.3694, 0, 0, 6.847, 10.9029, 0.4234, 136.8413, 4.538, 18.666, 2.7388],
      [2.1679, 7.3308, 3.6421, 1.5505, 0.6114, 2.4106, 1.3763, 13.1341, 2.0994, 2.1956, 4.1568, 2.539, 0.2387, 0.1631, 0.6035, 0.8194, 0, 2.6612, 0.724, 0.3475, 0.0239, 1.3736, 6.5137, 0.0438, 0.0269, 0, 0, 0.1977, 0.1353, 0.3345, 3.5913, 5.7543, 0.0104, 29.8912, 1.5593, 6.5973, 5.8948],
      [514.0144, 576.8315, 1250.1785, 651.2584, 302.3617, 591.4121, 339.1851, 265.6499, 363.904, 1252.5483, 1013.0906, 857.4746, 58.1679, 39.7194, 158.3082, 196.2611, 288.9005, 656.6086, 173.7272, 104.7022, 5.8168, 833.223, 458.8433, 10.7695, 7.7557, 6.7863, 0, 64.2045, 36.8647, 10.6641, 332.5264, 395.3202, 15.5662, 5597.7242, 385.832, 1054.5754, 218.3424],
      [0.0514, 0.0537, 0.0948, 0.0644, 0.0269, 0.0523, 0.0326, 0.0537, 0.0325, 0.0608, 0.0566, 0.0849, 0.0057, 0.0325, 0.0071, 0.0184, 0.0281, 0.0679, 0.0172, 0.6184, 0.0028, 0.0721, 0.0368, 0.0156, 0.0057, 0.0007, 0, 0.2284, 0, 0.0014, 0.0354, 0.0226, 0, 0.5434, 0.0707, 0.1612, 0.024]
    ],
    [
      [2.0264, 1.0296, 2.5156, 7.8918, 0.3922, 1.3137, 0.8665, 0.5883, 0.4679, 4.7422, 1.3976, 1.6491, 0.3759, 0.7826, 0.1957, 0.2516, 1.979, 1.9007, 6.3405, 0.1957, 0.028, 12.3243, 1.6997, 0.0163, 0.0559, 0.1677, 0, 0.0839, 0.1398, 0, 0.6537, 0.4472, 0.1249, 16.6309, 1.1113, 0, 0.2615],
      [9.4843, 18.761, 19.9873, 8.5089, 4.7969, 11.351, 7.4868, 15.0824, 7.0038, 12.0495, 12.0756, 13.934, 18.9813, 14.7335, 1.6906, 2.1736, 7.4264, 16.4228, 10.7027, 1.085, 0.2415, 7.5381, 9.4189, 1.2076, 0.483, 1.4491, 0, 0.7245, 1.2076, 0.5754, 6.5208, 3.8642, 0.0571, 143.6991, 11.1095, 26.3247, 3.7805],
      [24.9607, 40.2775, 52.8047, 36.3065, 15.6467, 26.6626, 17.586, 13.6155, 16.794, 53.6869, 28.3644, 33.47, 8.2556, 7.391, 4.0066, 5.1056, 19.9431, 38.5756, 10.0783, 3.971, 0.5673, 40.8448, 22.1243, 2.8364, 1.1346, 3.4037, 0, 1.7019, 3.6527, 1.0981, 15.3168, 9.0766, 0.818, 337.5368, 26.0953, 57.4325, 8.5093],
      [7.5286, 10.932, 14.6924, 11.2928, 4.1642, 7.6727, 5.0607, 5.7137, 4.7342, 9.5214, 8.1625, 9.9469, 5.3872, 5.0929, 1.1071, 1.4692, 4.6516, 11.1009, 2.8786, 1.7483, 0.1632, 11.2928, 5.7571, 0.9397, 0.3265, 0.9795, 0, 0.4897, 0, 0.3265, 4.5087, 2.612, 0, 97.1332, 7.6839, 25.2428, 2.4487]
    ],
    [
      [37.2728, 24.7377, 97.6034, 30.9335, 11.1957, 38.1144, 30.4915, 13.443, 11.7373, 69.0134, 57.0302, 71.9938, 11.7779, 6.7419, 11.6555, 24.5626, 33.0325, 24.5626, 11.0268, 4.9002, 0.9374, 58.1782, 20.3277, 0.7814, 2.4583, 0.847, 0, 3.8773, 3.3879, 0, 15.5949, 15.3697, 0, 238.8501, 28.4215, 85.1289, 6.4724],
      [0.9942, 1.4057, 4.5529, 1.2449, 0.9372, 2.5816, 1.6869, 15.6093, 0.7029, 3.1585, 3.0926, 3.9829, 4.1774, 2.1555, 0.656, 1.3589, 0.919, 1.3589, 0.6091, 0.2199, 1.1648, 1.1028, 1.1246, 0.5264, 0.1406, 0.0469, 0, 0.2343, 0.1874, 0, 0.8903, 0.8434, 0, 13.2138, 1.64, 6.8761, 2.8758],
      [1.0978, 0.9114, 9.611, 1.0936, 6.3516, 1.4363, 1.0936, 1.0025, 0.7772, 2.4953, 2.1004, 2.5822, 0.5468, 0.32, 1.0421, 0.881, 3.4209, 0.881, 0.3789, 0.1823, 0.0911, 1.7662, 0.7291, 0.243, 0.0911, 0.0304, 0, 0.2877, 0.4246, 0, 0.5772, 0.5468, 0, 8.5667, 1.0632, 3.1594, 0.3342],
      [2.6352, 2.9452, 7.2328, 2.728, 1.5156, 2.8677, 2.728, 2.9452, 1.7826, 3.3327, 3.7768, 6.4411, 1.4979, 1.7826, 0.6464, 2.1976, 1.6276, 2.1976, 0.9851, 0.6975, 0.8067, 3.9528, 1.8187, 6.4492, 0.31, 0.0758, 0, 0.6008, 0, 0, 1.9376, 1.2401, 0, 21.3694, 3.8753, 8.8356, 1.3176]
    ]
  ],
  "V_est": [
    [935.0728, 44.4976, 420.9007, 103.5289],
    [276.1695, 305.4433, 362.5617, 481.8255],
    [123.17, 6574.1292, 125.651, 330.0498],
    [545.4812, 110.7197, 19089.1187, 2.6805],
    [70.6472, 431.9388, 989.6514, 292.7625],
    [1102.4592, 82.2714, 56.1166, 105.1528]
  ],
  "p_est": [
    [0.6217, 0.0296, 0.2799, 0.0688],
    [0.1937, 0.2142, 0.2543, 0.3379],
    [0.0172, 0.9191, 0.0176, 0.0461],
    [0.0276, 0.0056, 0.9666, 0.0001],
    [0.0396, 0.242, 0.5544, 0.164],
    [0.8191, 0.0611, 0.0417, 0.0781]
  ],
  "EI_Z": {},
  "EI_V": 11.0074,
  "MAE_Z": {},
  "MAE_V": 302.3554,
  "MAE_p": 0.1123,
  "runtime": 5.095
}
