{
  "X": [
    [5, 6, 12, 24, 0],
    [5, 5, 9, 24, 0],
    [3, 8, 8, 16, 0],
    [8, 10, 18, 19, 1],
    [3, 3, 7, 17, 2],
    [9, 5, 14, 34, 3],
    [2, 6, 9, 14, 0],
    [3, 0, 2, 4, 0],
    [8, 4, 11, 16, 1],
    [4, 9, 11, 20, 1],
    [1, 0, 2, 7, 0],
    [3, 1, 4, 6, 0],
    [0, 0, 1, 4, 1],
    [2, 0, 6, 9, 0],
    [3, 1, 4, 10, 0],
    [3, 1, 7, 9, 1],
    [4, 2, 10, 27, 1],
    [2, 0, 4, 6, 0],
    [0, 0, 5, 1, 1],
    [2, 0, 2, 6, 0],
    [5, 3, 16, 25, 0],
    [3, 0, 10, 8, 1],
    [1, 1, 4, 17, 0],
    [0, 0, 4, 9, 0],
    [1, 2, 2, 6, 0],
    [2, 5, 9, 10, 0],
    [2, 2, 3, 3, 0],
    [4, 12, 27, 35, 4],
    [0, 0, 4, 4, 1],
    [1, 0, 2, 5, 0],
    [5, 15, 46, 34, 4],
    [7, 19, 49, 37, 0],
    [2, 0, 5, 9, 1],
    [0, 5, 5, 10, 1],
    [2, 0, 3, 9, 2],
    [2, 0, 2, 3, 0],
    [0, 0, 4, 6, 1],
    [1, 1, 1, 15, 0],
    [2, 0, 4, 8, 0],
    [2, 2, 4, 10, 0],
    [0, 1, 0, 6, 0],
    [0, 0, 4, 9, 0],
    [1, 7, 6, 5, 3],
    [1, 1, 6, 20, 1],
    [2, 0, 2, 7, 0],
    [1, 1, 1, 5, 0],
    [2, 2, 4, 10, 0],
    [1, 1, 0, 11, 0],
    [4, 1, 8, 15, 1],
    [5, 3, 10, 7, 0],
    [1, 1, 10, 17, 0],
    [2, 2, 8, 21, 0],
    [1, 1, 4, 6, 0],
    [0, 0, 5, 8, 1],
    [3, 0, 0, 8, 0],
    [2, 0, 0, 5, 0],
    [1, 0, 1, 4, 0],
    [2, 1, 2, 6, 0],
    [1, 0, 3, 5, 0],
    [5, 24, 39, 34, 4],
    [2, 13, 33, 22, 3],
    [3, 15, 27, 30, 6],
    [7, 19, 27, 40, 6],
    [1, 12, 26, 25, 3],
    [4, 26, 20, 20, 3],
    [0, 8, 13, 7, 2],
    [8, 20, 50, 32, 7],
    [3, 34, 28, 42, 3],
    [0, 1, 8, 3, 1],
    [3, 16, 19, 15, 3],
    [1, 7, 28, 29, 4],
    [3, 16, 33, 32, 10],
    [10, 12, 46, 38, 12],
    [10, 15, 37, 56, 3],
    [9, 6, 24, 30, 3],
    [2, 10, 26, 24, 2],
    [9, 19, 44, 21, 3],
    [4, 15, 66, 18, 0],
    [3, 27, 39, 32, 1],
    [9, 23, 28, 31, 2],
    [4, 15, 42, 32, 1],
    [9, 36, 44, 38, 14],
    [3, 3, 19, 14, 1],
    [10, 9, 30, 25, 3],
    [1, 1, 10, 11, 1],
    [5, 12, 26, 30, 2],
    [4, 15, 22, 24, 4],
    [6, 12, 21, 24, 2],
    [3, 14, 32, 31, 1],
    [4, 28, 39, 29, 3],
    [1, 20, 31, 28, 7],
    [8, 19, 31, 17, 4],
    [4, 21, 28, 22, 9],
    [3, 27, 58, 27, 12],
    [6, 24, 41, 27, 4],
    [4, 13, 23, 14, 0],
    [5, 8, 16, 13, 2],
    [6, 10, 18, 38, 4],
    [2, 4, 21, 16, 1],
    [0, 0, 8, 8, 1],
    [1, 12, 21, 19, 2],
    [11, 12, 35, 35, 5],
    [3, 9, 13, 10, 1],
    [3, 3, 22, 26, 2],
    [12, 16, 33, 28, 5],
    [7, 14, 31, 50, 5],
    [4, 2, 17, 32, 2],
    [1, 2, 7, 6, 0],
    [4, 6, 12, 7, 1],
    [0, 6, 7, 12, 0],
    [10, 23, 52, 44, 3],
    [3, 8, 15, 40, 1],
    [13, 26, 44, 36, 2],
    [12, 16, 53, 55, 9],
    [7, 31, 62, 60, 7],
    [15, 49, 97, 88, 10],
    [7, 6, 26, 19, 0],
    [7, 6, 38, 33, 4],
    [8, 19, 39, 49, 9],
    [4, 6, 13, 16, 0],
    [3, 9, 30, 16, 1],
    [10, 22, 51, 52, 6],
    [5, 12, 38, 43, 10],
    [5, 18, 41, 37, 4],
    [8, 35, 75, 58, 6],
    [14, 49, 81, 70, 7],
    [5, 11, 20, 14, 4],
    [3, 10, 58, 39, 7],
    [2, 20, 35, 33, 9],
    [4, 29, 33, 33, 5],
    [4, 15, 28, 27, 3],
    [15, 28, 58, 94, 5],
    [1, 1, 1, 3, 0],
    [5, 2, 2, 12, 0],
    [1, 2, 5, 9, 1],
    [1, 1, 1, 4, 0],
    [8, 5, 22, 35, 2],
    [4, 12, 29, 27, 2],
    [2, 6, 6, 9, 2],
    [5, 9, 24, 27, 4],
    [5, 17, 31, 27, 1],
    [2, 5, 8, 15, 2],
    [1, 1, 5, 12, 1],
    [2, 4, 8, 17, 0],
    [1, 0, 5, 5, 0],
    [4, 2, 13, 24, 0],
    [8, 11, 24, 26, 1],
    [0, 11, 24, 17, 2],
    [5, 11, 25, 20, 6],
    [4, 14, 48, 22, 3],
    [7, 9, 27, 20, 7],
    [2, 4, 13, 5, 0],
    [3, 7, 20, 33, 5],
    [6, 20, 57, 36, 3],
    [2, 5, 5, 13, 2],
    [2, 2, 13, 15, 0],
    [2, 0, 5, 14, 0],
    [5, 2, 9, 21, 0],
    [5, 10, 17, 31, 3],
    [14, 21, 33, 36, 5],
    [4, 4, 6, 10, 0],
    [6, 6, 20, 18, 0],
    [4, 3, 8, 14, 0],
    [10, 2, 16, 19, 3],
    [4, 1, 11, 14, 0],
    [4, 3, 4, 20, 2],
    [2, 3, 10, 12, 1],
    [1, 1, 6, 10, 1],
    [5, 4, 1, 5, 0],
    [4, 2, 8, 20, 1],
    [6, 9, 28, 29, 1],
    [6, 0, 8, 19, 0],
    [2, 3, 10, 16, 2],
    [1, 1, 7, 9, 1],
    [1, 0, 3, 5, 0],
    [7, 3, 12, 20, 1],
    [1, 1, 12, 12, 1],
    [6, 1, 11, 16, 0],
    [1, 0, 0, 6, 0],
    [9, 1, 5, 15, 2],
    [5, 9, 13, 21, 1],
    [4, 5, 16, 19, 1],
    [8, 2, 10, 6, 0],
    [6, 1, 5, 16, 0],
    [2, 3, 11, 11, 3],
    [2, 2, 2, 0, 0],
    [3, 1, 2, 11, 0],
    [4, 2, 4, 4, 0],
    [2, 3, 17, 15, 0],
    [2, 0, 2, 8, 0],
    [1, 2, 7, 21, 0],
    [0, 0, 6, 7, 0],
    [0, 0, 3, 11, 2],
    [0, 1, 0, 7, 0],
    [1, 0, 3, 10, 0],
    [1, 2, 7, 7, 2],
    [1, 2, 6, 14, 0],
    [0, 4, 9, 10, 2],
    [0, 5, 12, 9, 1],
    [3, 7, 12, 12, 0],
    [1, 1, 5, 2, 0],
    [1, 7, 20, 11, 5],
    [1, 0, 3, 3, 0],
    [0, 1, 10, 7, 0],
    [2, 2, 2, 10, 1],
    [3, 1, 8, 5, 1],
    [2, 3, 13, 12, 1],
    [0, 3, 5, 9, 5],
    [1, 8, 19, 8, 1],
    [4, 1, 5, 4, 0],
    [4, 4, 14, 12, 3],
    [4, 10, 19, 16, 2],
    [0, 2, 3, 10, 0],
    [2, 1, 6, 4, 1],
    [0, 1, 6, 11, 0],
    [2, 3, 4, 7, 1],
    [1, 2, 5, 5, 0],
    [2, 2, 5, 9, 0],
    [0, 2, 1, 4, 0],
    [4, 1, 7, 19, 2],
    [4, 4, 14, 21, 2],
    [3, 1, 9, 15, 0],
    [1, 4, 6, 3, 1],
    [3, 1, 16, 27, 4],
    [3, 3, 5, 13, 0],
    [7, 11, 20, 16, 4],
    [3, 0, 4, 17, 0],
    [8, 7, 15, 21, 0],
    [6, 4, 14, 10, 2],
    [9, 5, 13, 38, 0],
    [2, 1, 3, 2, 1],
    [4, 2, 21, 36, 3],
    [1, 4, 10, 9, 1],
    [1, 2, 4, 6, 4],
    [2, 2, 4, 10, 0],
    [8, 6, 10, 8, 0],
    [3, 7, 4, 4, 1],
    [10, 1, 5, 5, 1],
    [4, 1, 10, 11, 0],
    [1, 0, 2, 4, 0],
    [0, 1, 1, 4, 1],
    [2, 0, 5, 5, 2],
    [0, 0, 6, 3, 0],
    [1, 1, 1, 4, 2],
    [3, 1, 9, 9, 1],
    [3, 5, 7, 18, 0],
    [0, 0, 3, 5, 0],
    [0, 0, 0, 6, 1],
    [2, 7, 11, 18, 1],
    [5, 2, 10, 6, 0],
    [2, 3, 14, 24, 3],
    [4, 4, 9, 20, 3],
    [0, 2, 10, 13, 1],
    [1, 7, 7, 10, 0],
    [1, 3, 11, 11, 0],
    [1, 6, 15, 16, 1],
    [1, 6, 12, 16, 4],
    [0, 1, 2, 7, 0],
    [1, 5, 12, 9, 0],
    [16, 31, 67, 80, 8],
    [0, 1, 6, 4, 0],
    [0, 2, 7, 7, 1],
    [4, 4, 8, 16, 0],
    [4, 4, 7, 7, 0],
    [12, 7, 28, 24, 1],
    [8, 23, 26, 22, 3],
    [6, 15, 38, 16, 7],
    [1, 2, 7, 7, 2],
    [4, 19, 47, 36, 12],
    [0, 2, 2, 6, 1],
    [3, 3, 8, 12, 1],
    [0, 0, 1, 8, 0],
    [2, 0, 4, 7, 0],
    [2, 1, 2, 3, 0],
    [6, 0, 6, 13, 1],
    [2, 7, 11, 7, 1],
    [2, 1, 2, 12, 2],
    [2, 3, 9, 33, 1],
    [3, 1, 3, 11, 1],
    [9, 19, 36, 61, 3],
    [5, 6, 7, 18, 0],
    [11, 10, 47, 33, 6],
    [4, 0, 0, 4, 1],
    [1, 0, 1, 4, 0],
    [1, 1, 4, 8, 0],
    [3, 0, 2, 4, 0],
    [1, 0, 2, 6, 0],
    [3, 4, 9, 11, 0],
    [4, 8, 14, 24, 1],
    [15, 5, 16, 25, 1],
    [5, 11, 27, 30, 7],
    [7, 5, 13, 43, 0],
    [3, 2, 2, 16, 0],
    [2, 2, 9, 11, 1],
    [6, 1, 3, 8, 0],
    [0, 0, 1, 5, 0],
    [7, 4, 13, 32, 2],
    [13, 6, 24, 76, 1],
    [4, 38, 47, 30, 5],
    [12, 7, 14, 29, 3],
    [36, 79, 146, 135, 17],
    [25, 100, 150, 145, 19],
    [23, 121, 231, 203, 27],
    [15, 23, 57, 65, 10],
    [7, 23, 32, 55, 10],
    [8, 13, 33, 38, 7],
    [14, 13, 40, 48, 2],
    [6, 12, 17, 24, 3],
    [1, 1, 7, 4, 1],
    [9, 24, 32, 57, 5],
    [1, 2, 13, 29, 1],
    [25, 51, 106, 85, 9],
    [205, 317, 581, 748, 59],
    [7, 16, 22, 43, 2]
  ],
  "W": [
    [15, 13, 8, 3, 4, 2, 2],
    [13, 7, 5, 6, 7, 5, 0],
    [5, 10, 4, 7, 1, 8, 0],
    [10, 20, 8, 7, 1, 7, 3],
    [3, 13, 3, 6, 4, 2, 1],
    [20, 14, 3, 13, 7, 7, 1],
    [7, 10, 2, 1, 5, 6, 0],
    [3, 3, 0, 1, 1, 1, 0],
    [13, 17, 2, 1, 3, 3, 1],
    [10, 6, 10, 9, 6, 4, 0],
    [2, 2, 1, 3, 1, 1, 0],
    [2, 5, 0, 0, 6, 1, 0],
    [0, 0, 1, 1, 2, 0, 2],
    [6, 5, 0, 2, 4, 0, 0],
    [4, 5, 2, 4, 1, 1, 1],
    [4, 7, 0, 3, 3, 4, 0],
    [10, 13, 3, 5, 11, 2, 0],
    [4, 5, 0, 1, 2, 0, 0],
    [3, 0, 0, 1, 2, 1, 0],
    [2, 2, 0, 4, 2, 0, 0],
    [12, 18, 5, 8, 4, 2, 0],
    [4, 5, 1, 0, 6, 6, 0],
    [1, 5, 2, 7, 3, 4, 1],
    [0, 3, 0, 4, 4, 2, 0],
    [1, 3, 0, 2, 4, 1, 0],
    [2, 9, 4, 6, 1, 4, 0],
    [0, 3, 1, 0, 4, 2, 0],
    [7, 40, 9, 6, 7, 9, 4],
    [1, 3, 0, 2, 2, 1, 0],
    [1, 2, 0, 1, 3, 1, 0],
    [3, 54, 17, 15, 5, 7, 3],
    [7, 63, 17, 16, 0, 5, 4],
    [1, 6, 2, 0, 7, 1, 0],
    [0, 6, 0, 3, 9, 3, 0],
    [1, 4, 0, 3, 6, 2, 0],
    [2, 0, 0, 0, 3, 1, 1],
    [0, 3, 0, 2, 5, 1, 0],
    [2, 1, 1, 5, 7, 2, 0],
    [5, 2, 0, 1, 5, 1, 0],
    [4, 4, 1, 1, 6, 1, 1],
    [2, 1, 3, 1, 0, 0, 0],
    [2, 0, 0, 2, 2, 6, 1],
    [3, 7, 2, 3, 0, 5, 2],
    [10, 5, 2, 3, 4, 4, 1],
    [3, 4, 0, 2, 2, 0, 0],
    [1, 3, 1, 0, 3, 0, 0],
    [6, 5, 3, 0, 2, 2, 0],
    [1, 2, 0, 2, 4, 3, 1],
    [3, 9, 3, 7, 5, 2, 0],
    [7, 10, 2, 4, 0, 2, 0],
    [5, 9, 2, 4, 7, 2, 0],
    [8, 12, 2, 1, 10, 0, 0],
    [5, 2, 1, 2, 2, 0, 0],
    [3, 4, 0, 0, 4, 3, 0],
    [1, 3, 0, 1, 5, 1, 0],
    [1, 1, 0, 1, 4, 0, 0],
    [1, 0, 0, 1, 2, 2, 0],
    [1, 2, 1, 4, 2, 1, 0],
    [0, 5, 0, 0, 4, 0, 0],
    [4, 44, 17, 18, 3, 16, 4],
    [5, 43, 10, 4, 3, 7, 1],
    [4, 31, 17, 10, 3, 12, 4],
    [7, 41, 22, 19, 3, 4, 3],
    [2, 23, 12, 12, 4, 14, 0],
    [4, 24, 21, 7, 1, 10, 6],
    [1, 10, 7, 6, 1, 3, 2],
    [12, 56, 19, 18, 3, 7, 2],
    [3, 44, 36, 12, 3, 9, 3],
    [0, 8, 1, 1, 0, 2, 1],
    [5, 21, 14, 6, 3, 5, 2],
    [1, 36, 9, 16, 0, 6, 1],
    [4, 44, 8, 15, 4, 12, 7],
    [8, 41, 15, 24, 8, 18, 4],
    [17, 42, 12, 21, 11, 16, 2],
    [8, 26, 5, 13, 6, 4, 10],
    [3, 28, 10, 9, 7, 5, 2],
    [12, 54, 10, 5, 1, 12, 2],
    [3, 62, 13, 6, 1, 17, 1],
    [7, 43, 19, 14, 4, 15, 0],
    [6, 48, 14, 9, 1, 11, 4],
    [7, 51, 10, 13, 3, 6, 4],
    [8, 49, 32, 18, 12, 15, 7],
    [2, 14, 7, 3, 4, 9, 1],
    [4, 35, 12, 9, 4, 10, 3],
    [2, 15, 1, 3, 0, 2, 1],
    [9, 28, 8, 9, 3, 15, 3],
    [5, 24, 9, 10, 1, 18, 2],
    [5, 31, 7, 9, 1, 9, 3],
    [7, 33, 21, 11, 1, 6, 2],
    [1, 50, 25, 11, 0, 13, 3],
    [4, 34, 18, 11, 2, 11, 7],
    [5, 42, 7, 6, 2, 13, 4],
    [6, 37, 19, 11, 1, 4, 6],
    [6, 68, 23, 8, 4, 10, 8],
    [4, 55, 20, 16, 0, 6, 1],
    [1, 34, 9, 2, 1, 4, 3],
    [7, 16, 7, 6, 1, 5, 2],
    [3, 23, 9, 15, 12, 12, 2],
    [0, 17, 7, 10, 1, 9, 0],
    [1, 8, 0, 4, 1, 3, 0],
    [3, 18, 14, 8, 2, 7, 3],
    [4, 46, 11, 14, 5, 13, 5],
    [3, 18, 6, 4, 2, 2, 1],
    [8, 22, 2, 12, 6, 5, 1],
    [13, 31, 19, 10, 1, 13, 7],
    [11, 40, 16, 25, 1, 10, 4],
    [3, 21, 5, 8, 3, 14, 3],
    [2, 4, 2, 2, 3, 1, 2],
    [1, 11, 5, 1, 3, 7, 2],
    [0, 7, 7, 5, 0, 5, 1],
    [7, 50, 19, 17, 18, 19, 2],
    [3, 28, 2, 18, 8, 5, 3],
    [4, 71, 15, 11, 1, 13, 6],
    [12, 63, 14, 18, 10, 25, 3],
    [11, 76, 32, 26, 4, 9, 9],
    [13, 130, 44, 30, 3, 25, 14],
    [2, 28, 5, 10, 3, 9, 1],
    [7, 40, 3, 19, 6, 10, 3],
    [9, 52, 19, 21, 3, 14, 6],
    [4, 14, 4, 5, 5, 5, 2],
    [5, 36, 6, 5, 5, 2, 0],
    [5, 71, 21, 11, 14, 13, 6],
    [6, 57, 11, 19, 2, 9, 4],
    [4, 51, 19, 16, 4, 9, 2],
    [4, 83, 34, 27, 5, 25, 4],
    [9, 117, 33, 34, 5, 17, 6],
    [3, 28, 3, 8, 1, 9, 2],
    [8, 50, 11, 17, 6, 15, 10],
    [6, 51, 13, 14, 1, 9, 5],
    [1, 54, 25, 12, 3, 6, 3],
    [4, 36, 13, 11, 3, 6, 4],
    [14, 86, 27, 37, 16, 18, 2],
    [2, 3, 1, 0, 0, 0, 0],
    [5, 5, 0, 4, 3, 3, 1],
    [6, 5, 1, 1, 4, 0, 1],
    [1, 1, 1, 1, 2, 1, 0],
    [3, 26, 9, 14, 10, 7, 3],
    [5, 24, 13, 14, 12, 4, 2],
    [1, 3, 8, 7, 0, 4, 2],
    [3, 33, 8, 4, 10, 10, 1],
    [7, 31, 14, 8, 11, 8, 2],
    [9, 8, 2, 6, 4, 1, 2],
    [5, 1, 1, 2, 6, 5, 0],
    [2, 12, 3, 2, 5, 7, 0],
    [1, 5, 0, 2, 1, 1, 1],
    [2, 20, 4, 5, 4, 5, 3],
    [13, 25, 6, 12, 4, 7, 3],
    [6, 25, 6, 8, 0, 6, 3],
    [7, 39, 4, 5, 6, 3, 3],
    [6, 46, 11, 7, 3, 13, 5],
    [3, 41, 7, 6, 4, 5, 4],
    [1, 13, 3, 2, 3, 2, 0],
    [4, 33, 8, 12, 3, 7, 1],
    [6, 76, 9, 12, 3, 15, 1],
    [6, 10, 2, 2, 3, 3, 1],
    [1, 12, 1, 7, 3, 7, 1],
    [3, 6, 2, 5, 4, 1, 0],
    [4, 16, 2, 7, 7, 1, 0],
    [7, 30, 8, 8, 3, 7, 3],
    [11, 43, 20, 11, 2, 20, 2],
    [7, 9, 1, 3, 3, 1, 0],
    [13, 16, 3, 8, 5, 5, 0],
    [9, 10, 2, 2, 2, 3, 1],
    [13, 15, 7, 6, 6, 0, 3],
    [6, 15, 0, 2, 7, 0, 0],
    [4, 10, 2, 10, 3, 2, 2],
    [5, 6, 1, 5, 3, 7, 1],
    [4, 8, 0, 4, 1, 2, 0],
    [1, 4, 3, 3, 1, 2, 1],
    [8, 9, 3, 8, 2, 3, 2],
    [8, 35, 6, 6, 6, 11, 1],
    [7, 13, 0, 3, 7, 2, 1],
    [4, 13, 2, 4, 4, 5, 1],
    [5, 7, 0, 1, 5, 1, 0],
    [1, 3, 1, 3, 1, 0, 0],
    [7, 12, 6, 8, 3, 4, 3],
    [4, 9, 4, 1, 5, 2, 2],
    [10, 10, 0, 3, 7, 4, 0],
    [2, 1, 0, 2, 1, 1, 0],
    [8, 5, 3, 5, 4, 5, 2],
    [11, 20, 9, 5, 3, 1, 0],
    [6, 14, 5, 8, 6, 4, 2],
    [3, 16, 1, 1, 2, 2, 1],
    [8, 9, 2, 2, 6, 0, 1],
    [3, 13, 2, 7, 1, 1, 3],
    [3, 1, 1, 1, 0, 0, 0],
    [5, 7, 0, 2, 0, 3, 0],
    [3, 7, 1, 2, 0, 0, 1],
    [2, 18, 1, 6, 2, 6, 2],
    [0, 2, 0, 0, 7, 3, 0],
    [2, 6, 1, 11, 4, 6, 1],
    [0, 5, 3, 1, 2, 1, 1],
    [1, 5, 0, 5, 3, 2, 0],
    [0, 4, 1, 1, 0, 2, 0],
    [1, 4, 0, 3, 4, 1, 1],
    [2, 7, 3, 3, 2, 2, 0],
    [5, 5, 6, 1, 5, 1, 0],
    [0, 13, 4, 3, 2, 2, 1],
    [0, 18, 1, 3, 1, 3, 1],
    [6, 21, 2, 2, 0, 3, 0],
    [0, 6, 0, 0, 1, 1, 1],
    [0, 19, 7, 4, 1, 8, 5],
    [1, 4, 0, 2, 0, 0, 0],
    [0, 12, 1, 2, 1, 2, 0],
    [1, 7, 4, 2, 1, 2, 0],
    [3, 8, 3, 1, 1, 2, 0],
    [4, 15, 6, 4, 2, 0, 0],
    [3, 12, 2, 2, 0, 3, 0],
    [5, 19, 5, 0, 4, 3, 1],
    [4, 6, 0, 1, 0, 3, 0],
    [5, 16, 3, 8, 1, 2, 2],
    [4, 22, 7, 4, 3, 8, 3],
    [0, 5, 1, 4, 4, 1, 0],
    [1, 8, 2, 1, 0, 1, 1],
    [2, 11, 0, 1, 1, 3, 0],
    [2, 4, 2, 2, 3, 2, 2],
    [2, 3, 2, 1, 5, 0, 0],
    [1, 11, 0, 1, 2, 2, 1],
    [1, 0, 2, 2, 1, 0, 1],
    [2, 8, 2, 10, 7, 4, 0],
    [6, 15, 3, 4, 9, 6, 2],
    [6, 8, 0, 6, 4, 3, 1],
    [2, 5, 1, 2, 0, 3, 2],
    [7, 24, 2, 12, 2, 3, 1],
    [5, 12, 3, 2, 1, 1, 0],
    [1, 32, 9, 5, 2, 7, 2],
    [7, 3, 2, 3, 4, 4, 1],
    [8, 16, 5, 10, 5, 6, 1],
    [5, 16, 1, 2, 3, 8, 1],
    [10, 18, 5, 15, 13, 3, 1],
    [1, 7, 0, 0, 0, 0, 1],
    [4, 25, 4, 14, 7, 7, 5],
    [3, 13, 2, 5, 1, 1, 0],
    [1, 5, 2, 5, 2, 0, 2],
    [3, 5, 2, 2, 3, 3, 0],
    [4, 9, 7, 1, 9, 2, 0],
    [6, 4, 4, 2, 3, 0, 0],
    [4, 9, 0, 1, 5, 3, 0],
    [6, 8, 0, 1, 8, 1, 2],
    [1, 1, 0, 1, 1, 3, 0],
    [0, 0, 1, 1, 3, 2, 0],
    [1, 3, 0, 1, 6, 2, 1],
    [1, 2, 0, 0, 2, 4, 0],
    [0, 0, 1, 1, 7, 0, 0],
    [3, 6, 1, 2, 5, 4, 2],
    [6, 8, 2, 8, 4, 5, 0],
    [1, 2, 0, 2, 2, 1, 0],
    [0, 1, 0, 2, 3, 1, 0],
    [2, 19, 2, 4, 4, 8, 0],
    [2, 7, 1, 2, 4, 7, 0],
    [2, 16, 0, 4, 12, 11, 1],
    [1, 15, 5, 6, 8, 5, 0],
    [4, 9, 0, 2, 6, 5, 0],
    [1, 4, 4, 2, 4, 9, 1],
    [3, 5, 2, 9, 6, 1, 0],
    [3, 18, 2, 4, 2, 9, 1],
    [3, 12, 2, 2, 9, 9, 2],
    [2, 1, 1, 1, 2, 3, 0],
    [4, 17, 4, 0, 1, 1, 0],
    [13, 72, 28, 37, 21, 27, 4],
    [0, 6, 2, 0, 0, 1, 2],
    [0, 10, 3, 2, 0, 1, 1],
    [2, 5, 4, 4, 11, 5, 1],
    [2, 7, 4, 2, 4, 3, 0],
    [3, 39, 4, 12, 6, 5, 3],
    [7, 39, 14, 12, 2, 4, 4],
    [6, 45, 12, 9, 0, 6, 4],
    [2, 12, 1, 1, 1, 0, 2],
    [5, 60, 19, 20, 4, 5, 5],
    [3, 2, 0, 5, 0, 1, 0],
    [3, 14, 4, 4, 2, 0, 0],
    [2, 2, 0, 0, 2, 2, 1],
    [3, 5, 0, 2, 3, 0, 0],
    [3, 1, 0, 0, 3, 1, 0],
    [7, 5, 1, 4, 8, 0, 1],
    [3, 11, 3, 2, 4, 4, 1],
    [3, 4, 2, 4, 5, 1, 0],
    [7, 11, 4, 9, 9, 6, 2],
    [8, 2, 0, 2, 4, 2, 1],
    [18, 52, 19, 28, 3, 5, 3],
    [6, 3, 7, 10, 4, 5, 1],
    [7, 57, 13, 13, 2, 13, 2],
    [0, 2, 0, 1, 4, 2, 0],
    [1, 0, 0, 1, 4, 0, 0],
    [2, 3, 0, 2, 4, 2, 1],
    [0, 3, 0, 2, 3, 1, 0],
    [0, 2, 0, 1, 6, 0, 0],
    [1, 12, 3, 7, 3, 1, 0],
    [5, 15, 9, 5, 13, 4, 0],
    [12, 25, 7, 7, 7, 3, 1],
    [5, 32, 12, 7, 10, 9, 5],
    [6, 16, 10, 28, 3, 5, 0],
    [4, 3, 3, 6, 5, 2, 0],
    [1, 7, 1, 1, 11, 4, 0],
    [9, 2, 2, 1, 2, 1, 1],
    [0, 0, 0, 0, 3, 2, 1],
    [9, 13, 3, 7, 15, 8, 3],
    [31, 26, 12, 24, 15, 9, 3],
    [2, 56, 33, 11, 9, 9, 4],
    [10, 19, 6, 6, 17, 6, 1],
    [31, 155, 68, 64, 18, 53, 24],
    [20, 159, 93, 70, 17, 68, 12],
    [18, 258, 117, 108, 19, 54, 31],
    [16, 68, 22, 24, 17, 17, 6],
    [20, 34, 19, 16, 16, 17, 5],
    [11, 43, 11, 12, 7, 9, 6],
    [11, 42, 14, 22, 13, 13, 2],
    [6, 19, 8, 11, 7, 10, 1],
    [1, 6, 2, 2, 0, 1, 2],
    [15, 40, 21, 28, 15, 7, 1],
    [6, 15, 3, 15, 5, 1, 1],
    [20, 126, 53, 34, 16, 17, 10],
    [236, 775, 259, 266, 167, 139, 68],
    [20, 28, 17, 11, 10, 3, 1]
  ],
  "method": "mvn_pdf",
  "cond_prob": [
    [
      [0.22166665241, 0.0057637233074, 0.072868146376, 0.69841977744, 0.0012817004702],
      [0.055394306295, 0.07762542115, 0.56360998182, 0.29352577668, 0.0098445140484],
      [0.0080147420776, 0.55715727576, 0.16639295852, 0.26190997435, 0.0065250492871],
      [0.018031322569, 0.015780602056, 0.075848601847, 0.88273897183, 0.0076005016937],
      [0.096278241141, 0.0024388831654, 0.048870746769, 0.84646750415, 0.0059446247784],
      [0.048903808866, 0.077844943781, 0.383698817, 0.48210618448, 0.0074462458735],
      [0.072510720466, 0.051976621102, 0.37129624144, 0.42198533068, 0.082231086309]
    ],
    [
      [0.2486642409, 0.0084777428831, 0.083374558333, 0.65806073019, 0.0014227277026],
      [0.054985205718, 0.10394695018, 0.5843076481, 0.24710683221, 0.0096533637929],
      [0.0066041503605, 0.6632466916, 0.14183979958, 0.1829727777, 0.0053365807636],
      [0.020688164078, 0.024034461005, 0.089616373335, 0.85696854087, 0.0086924607092],
      [0.11077392918, 0.0036904247216, 0.057540255923, 0.82120387338, 0.0067915167969],
      [0.050461830878, 0.1084980925, 0.41221472608, 0.42120102361, 0.0076243269323],
      [0.075052341155, 0.072058907785, 0.39868093186, 0.37019517574, 0.084012643463]
    ],
    [
      [0.27226391891, 0.02054706298, 0.065288205818, 0.64046218621, 0.0014386260812],
      [0.057512198504, 0.2535067826, 0.44245856388, 0.23684105697, 0.0096813980489],
      [0.0035125039512, 0.84852448101, 0.055722597698, 0.089525257747, 0.0027151595914],
      [0.021626795496, 0.058573313793, 0.070174297783, 0.84081775894, 0.0088078339864],
      [0.1198845334, 0.0090950817495, 0.045904447202, 0.81812176397, 0.0069941736748],
      [0.050363560395, 0.2541536058, 0.30064521995, 0.38752773467, 0.007309879185],
      [0.078858940319, 0.17431296353, 0.30547931109, 0.35621768931, 0.085131095749]
    ],
    [
      [0.44238583196, 0.010013320686, 0.078111989441, 0.4672125841, 0.0022762738111],
      [0.10190905437, 0.12830541875, 0.5635240114, 0.18951115607, 0.016750359411],
      [0.011511791102, 0.71473534934, 0.13210173847, 0.13300097445, 0.0086501466347],
      [0.045833211789, 0.036682160447, 0.10855066871, 0.79059960244, 0.018334356612],
      [0.22823021301, 0.0051520119962, 0.063770532679, 0.68984846892, 0.012998773394],
      [0.096573244007, 0.13921656689, 0.41709743259, 0.33346185472, 0.013650901791],
      [0.13165765097, 0.084799496661, 0.36937476577, 0.26836174994, 0.14580633665]
    ],
    [
      [0.26598803306, 0.0044400143205, 0.044716973249, 0.67927892025, 0.0055760591188],
      [0.080061886806, 0.075550350667, 0.4328088164, 0.35570025746, 0.055878688662],
      [0.010679801861, 0.53807208301, 0.12060990074, 0.29670512476, 0.03393308963],
      [0.020783538362, 0.012398209924, 0.047473664106, 0.88425218118, 0.035092406425],
      [0.11126901412, 0.0018874423754, 0.030134135723, 0.83002708478, 0.026682323002],
      [0.065765736006, 0.07054272952, 0.27459158709, 0.55000926603, 0.039090681346],
      [0.066538210714, 0.032119118385, 0.18067328803, 0.32688510126, 0.39378428162]
    ],
    [
      [0.30194711701, 0.0087302166766, 0.080271236699, 0.60107207584, 0.0079793537749],
      [0.067424134227, 0.10522957593, 0.54341670679, 0.22801964697, 0.05590993609],
      [0.0082510918489, 0.65303812589, 0.13649651666, 0.17155379458, 0.030660471018],
      [0.026153537883, 0.025569837874, 0.089237641779, 0.80660927143, 0.052429711036],
      [0.13765813937, 0.0038769106594, 0.056587696625, 0.76193266421, 0.03994458914],
      [0.062385015894, 0.11119079505, 0.39147719226, 0.39071543533, 0.044231561462],
      [0.062642256843, 0.049960325159, 0.25537391958, 0.23287209426, 0.39915140415]
    ],
    [
      [0.17900794711, 0.029921965116, 0.099948187375, 0.68958197593, 0.0015399244723],
      [0.028300878244, 0.27862144424, 0.50307184465, 0.18251154038, 0.0074942924833],
      [0.0015055536253, 0.88375943837, 0.053876148798, 0.059051129168, 0.0018077300414],
      [0.013382590741, 0.076850956785, 0.096325461857, 0.80506096101, 0.0083800296025],
      [0.077186670508, 0.012558277127, 0.066693598849, 0.83646833347, 0.0070931200455],
      [0.026208730459, 0.29461002705, 0.35870614898, 0.31450067368, 0.0059744198319],
      [0.04258901158, 0.20751429796, 0.37870232396, 0.30167049174, 0.069523874765]
    ],
    [
      [0.69974732672, 0.00046734895705, 0.02046732958, 0.27921666032, 0.00010133443055],
      [0.26801207182, 0.012495037594, 0.45689391991, 0.261220049, 0.0013789216731],
      [0.060095711201, 0.32536295147, 0.22114418206, 0.39148206272, 0.0019150925464],
      [0.07970382832, 0.0026482809279, 0.047260661675, 0.86948314695, 0.00090408212279],
      [0.38296027841, 0.00033247233079, 0.022752498384, 0.59338108746, 0.00057366341675],
      [0.2417569719, 0.011798113938, 0.28796432894, 0.45735007317, 0.0011305120486],
      [0.35023175584, 0.008891533805, 0.26038330468, 0.38049329731, 1.0836180995e-07]
    ],
    [
      [0.40155716879, 0.007205131644, 0.059659348467, 0.52901058933, 0.0025677617625],
      [0.10857843565, 0.110289736, 0.51070755231, 0.24796241984, 0.02246185621],
      [0.012425218283, 0.67901462053, 0.12122381589, 0.17559833539, 0.011738009912],
      [0.039387910424, 0.024734993343, 0.077676812414, 0.83875827613, 0.019442007694],
      [0.19705497704, 0.0035050111093, 0.046086327855, 0.739457536, 0.013896147992],
      [0.097762008338, 0.11301477519, 0.35623767282, 0.41572294923, 0.017262594426],
      [0.12647056702, 0.065295836983, 0.30029455289, 0.31709770436, 0.19084133875]
    ],
    [
      [0.25363893961, 0.014519665636, 0.14108387046, 0.58664563852, 0.0041118857708],
      [0.037404483414, 0.12002094565, 0.67433055146, 0.14898879686, 0.019255222615],
      [0.0044221995629, 0.71762482149, 0.15905023054, 0.10855317052, 0.010349577893],
      [0.020802044084, 0.041192981805, 0.15153729779, 0.76055919551, 0.025908480811],
      [0.11598671407, 0.0065334810318, 0.10045690539, 0.75624049135, 0.020782408156],
      [0.037917826623, 0.13887440506, 0.52681372698, 0.27962863403, 0.016765407309],
      [0.05060830599, 0.082811255185, 0.45286435216, 0.22140308244, 0.19231300423]
    ],
    [
      [0.18819541052, 0.00069967526389, 0.038873733812, 0.7719257136, 0.00030546680335],
      [0.056966845798, 0.011093777331, 0.52473504259, 0.40455273351, 0.0026516007659],
      [0.012892706467, 0.16374378943, 0.225702544, 0.59428840211, 0.003372557993],
      [0.012414037484, 0.0016583807714, 0.036785687073, 0.94785808274, 0.0012838119358],
      [0.068561805891, 0.00028183386919, 0.024361215477, 0.90569743198, 0.0010977127856],
      [0.046904537561, 0.0096497407555, 0.29198737805, 0.64952292214, 0.0019354214979],
      [0.07650315028, 0.0082242490996, 0.30151606521, 0.61244503289, 0.0013115025252]
    ],
    [
      [0.48677374785, 0.0064202834214, 0.074326995971, 0.43186351135, 0.00061546140402],
      [0.093763533711, 0.098004183552, 0.6414666499, 0.16267522225, 0.0040904105848],
      [0.005696798157, 0.85366371896, 0.078703811921, 0.060730212851, 0.0012054581143],
      [0.046520713255, 0.025735275752, 0.11208364885, 0.81083014402, 0.0048302181295],
      [0.24172878565, 0.003435405923, 0.063225200136, 0.68819613319, 0.0034144751026],
      [0.095002288934, 0.11228978327, 0.48006892307, 0.30899418794, 0.0036448167739],
      [0.14904901561, 0.073692793479, 0.47403304838, 0.28370001392, 0.019525128611]
    ],
    [
      [0.013443137033, 0.00036008581139, 0.038307630762, 0.94449213318, 0.0033970132174],
      [0.0086457528222, 0.0030835733306, 0.62850628406, 0.32498741246, 0.034776977325],
      [0.0031789293528, 0.035003552826, 0.26969864973, 0.64664702621, 0.045471841883],
      [0.0023509563491, 0.00064491863821, 0.029316387428, 0.9521249924, 0.015562745184],
      [0.0080443898476, 0.00012788975157, 0.02052405747, 0.95848733186, 0.012816331071],
      [0.0086827926145, 0.0029006162893, 0.32308417521, 0.6394960889, 0.02583632699],
      [0.009244709509, 0.0022500089831, 0.21885314275, 0.39446190682, 0.37519023194]
    ],
    [
      [0.2132112469, 0.0022950802886, 0.17552509944, 0.60813561525, 0.00083295812209],
      [0.024987656382, 0.014284710815, 0.83716982275, 0.12065307937, 0.00290473068],
      [0.0072054539835, 0.34164977643, 0.43373580747, 0.21333252605, 0.0040764360634],
      [0.016926308496, 0.0062165763478, 0.18574992862, 0.78647310859, 0.0046340779437],
      [0.094572127812, 0.0010119148607, 0.12106255208, 0.77953769009, 0.0038157151531],
      [0.028488078333, 0.018280381368, 0.69371589086, 0.25659544438, 0.0029202050602],
      [0.044693971948, 0.014030827724, 0.68722876518, 0.23785056829, 0.016195866864]
    ],
    [
      [0.40315002739, 0.0017848435719, 0.039125621116, 0.55531587909, 0.00062362883614],
      [0.12984219561, 0.035698408784, 0.48799798826, 0.33944219509, 0.0070192122657],
      [0.023159987096, 0.3974200865, 0.18110873833, 0.39212421563, 0.0061869724398],
      [0.034295340738, 0.0060174260225, 0.050530896376, 0.90475268953, 0.0044036473374],
      [0.18039877252, 0.00086713846461, 0.029982367631, 0.78556137983, 0.0031903415489],
      [0.10948673739, 0.0336620406, 0.3065620153, 0.54520953071, 0.0050796760009],
      [0.16360157534, 0.022945177882, 0.29611405719, 0.46985121577, 0.047487973818]
    ],
    [
      [0.36389712295, 0.0053981020218, 0.092915238917, 0.53282019575, 0.004969340361],
      [0.069674438656, 0.06375305003, 0.64617289164, 0.18624070171, 0.034158917959],
      [0.01010318592, 0.61050303238, 0.18864899427, 0.16831850308, 0.022426284349],
      [0.031075294498, 0.017407132331, 0.11386100959, 0.80085116307, 0.036805400517],
      [0.16642386527, 0.0025640110006, 0.069903556377, 0.73407280567, 0.027035761681],
      [0.068879246447, 0.071671252757, 0.48640712839, 0.34435197896, 0.028690393451],
      [0.071103698275, 0.03282199774, 0.32100739782, 0.21036047442, 0.36470643174]
    ],
    [
      [0.20393835766, 0.0035057272859, 0.065208327111, 0.72434536725, 0.0030022206921],
      [0.054726462671, 0.050425404998, 0.54364848055, 0.32608164505, 0.025118006731],
      [0.0093061254076, 0.44104894366, 0.18856299691, 0.3417062652, 0.019375668829],
      [0.01617447821, 0.0093149914815, 0.066100247891, 0.89071361879, 0.017696663629],
      [0.086364320613, 0.0014489130057, 0.042698651924, 0.85568869823, 0.013799416228],
      [0.047251818274, 0.049236105223, 0.36079329147, 0.52420893597, 0.01850984907],
      [0.060925275807, 0.02878508548, 0.30243009655, 0.39952532938, 0.20833421279]
    ],
    [
      [0.29174274934, 0.0014518244928, 0.080774193308, 0.62560046612, 0.00043076673513],
      [0.058111133243, 0.016461373306, 0.70247094443, 0.22032945958, 0.002627089436],
      [0.013762275038, 0.34133359851, 0.31710388364, 0.32456009444, 0.0032401483779],
      [0.022713904866, 0.0040742783533, 0.090022933158, 0.88092946791, 0.0022594157148],
      [0.12366990922, 0.00064630929977, 0.056238696648, 0.81763060692, 0.0018144779182],
      [0.058335607402, 0.017789323149, 0.50108900086, 0.42046631858, 0.0023197500081],
      [0.091962506477, 0.014077597424, 0.50433275013, 0.38614252151, 0.0034846244582]
    ],
    [
      [0.0031005174457, 4.9844202163e-05, 0.97795231531, 0.013661120693, 0.0052362023473],
      [8.4917035291e-06, 7.6102980389e-09, 0.99956703284, 5.7990201993e-05, 0.0003664776482],
      [0.001438385637, 0.35872096265, 0.60286731276, 0.022331717306, 0.014641621648],
      [0.00022833017524, 9.2226532644e-05, 0.90836079666, 0.013114202897, 0.07820444374],
      [0.0023549642546, 3.5517592928e-05, 0.87800234534, 0.027754716646, 0.091852456168],
      [1.506752574e-05, 5.2943250351e-08, 0.99901736599, 0.00016604590281, 0.0008014676423],
      [0.0061877404364, 0.011702199495, 0.87377610773, 0.01753954406, 0.090794408274]
    ],
    [
      [0.53580843882, 0.00062541370956, 0.049410994865, 0.4138382497, 0.00031690290989],
      [0.11119750357, 0.0066285870399, 0.67776360718, 0.20197161045, 0.0024386917691],
      [0.030712893856, 0.28290082845, 0.32222210251, 0.36064219784, 0.0035219773504],
      [0.04504797123, 0.0024438298958, 0.081082224618, 0.86896150019, 0.0024644740638],
      [0.24560493809, 0.00036871209494, 0.044723224053, 0.7075722414, 0.0017308843588],
      [0.11564778884, 0.0074058543989, 0.47595818058, 0.39868017106, 0.0023080051225],
      [0.18177502342, 0.0070565129877, 0.4465417699, 0.36269653582, 0.0019301578742]
    ],
    [
      [0.24568022965, 0.0039641173293, 0.090693059267, 0.6582248772, 0.0014377165538],
      [0.055459586648, 0.047869757168, 0.6349693803, 0.25172846189, 0.0099728139984],
      [0.010452909252, 0.44364183037, 0.24415633901, 0.2931195511, 0.0086293702707],
      [0.020518378872, 0.011211148376, 0.097742528074, 0.86167483543, 0.0088531092438],
      [0.10913732075, 0.0017239000397, 0.062492838373, 0.81977890868, 0.0068670321572],
      [0.051457414043, 0.050520142959, 0.45570867605, 0.43436021435, 0.0079535526024],
      [0.074890015153, 0.033273484987, 0.43163612447, 0.37332784318, 0.086872532203]
    ],
    [
      [0.31853986106, 0.0026895552293, 0.18879098492, 0.48426156721, 0.0057180315788],
      [0.037270210124, 0.017888468674, 0.8198388054, 0.1015636543, 0.023438861502],
      [0.011120779676, 0.29684892748, 0.4708351947, 0.18912109393, 0.032074004214],
      [0.027086649161, 0.008324587206, 0.22414761615, 0.69913127896, 0.041309868526],
      [0.15037055558, 0.0012971747383, 0.14331639363, 0.67329167007, 0.031724205986],
      [0.042052896626, 0.022949457836, 0.69962981536, 0.21279808671, 0.022569743475],
      [0.046996607275, 0.011817839068, 0.49251967735, 0.14088713357, 0.30777874273]
    ],
    [
      [0.12097099411, 0.0019988170903, 0.034118320764, 0.84202351372, 0.00088835432017],
      [0.045173814959, 0.039144071738, 0.39961496046, 0.50614765333, 0.009919499508],
      [0.0072413967593, 0.34657758044, 0.13127009151, 0.50748236476, 0.0074285665204],
      [0.0086067076947, 0.0047675243517, 0.031178967813, 0.95090924138, 0.0045375587643],
      [0.046245185496, 0.00076578626975, 0.020670270044, 0.92865805559, 0.0036607025964],
      [0.033012684415, 0.032238251753, 0.22150791584, 0.70699236352, 0.006248784471],
      [0.051124505697, 0.02267179332, 0.22304942484, 0.63236886, 0.070785416141]
    ],
    [
      [0.066506177073, 0.0019120352004, 0.10270892543, 0.82801619015, 0.00085667214136],
      [0.013397426388, 0.017646642208, 0.72808525703, 0.23642545585, 0.0044452185186],
      [0.00339127418, 0.32696906876, 0.31321579413, 0.35129951036, 0.0051243525674],
      [0.0051863798119, 0.0042787232562, 0.090218704665, 0.89634563955, 0.0039705527162],
      [0.026731805018, 0.00072307101543, 0.060610245684, 0.90856984159, 0.0033650366893],
      [0.013396762423, 0.019318344284, 0.51606639739, 0.44734063708, 0.0038778588275],
      [0.021293636413, 0.015016199022, 0.52053521342, 0.41551131106, 0.02764364008]
    ],
    [
      [0.22016445921, 0.071235179494, 0.072779501235, 0.63515681091, 0.00066404915645],
      [0.015730136291, 0.67352851525, 0.22704570731, 0.082221701847, 0.0014739393024],
      [2.4907573913e-05, 0.998563062, 0.00068867916325, 0.0007136894203, 9.6618466753e-06],
      [0.013851041076, 0.19270515441, 0.067626541394, 0.72276687382, 0.0030503892967],
      [0.091057972213, 0.030163151574, 0.050057499935, 0.82579959397, 0.0029217823074],
      [0.013882067112, 0.70182679541, 0.14777341875, 0.13535476259, 0.0011629561316],
      [0.034611676196, 0.52964850038, 0.23299886624, 0.19811197219, 0.0046289849993]
    ],
    [
      [0.32188654118, 0.011843660152, 0.10392660901, 0.56098896153, 0.0013542281274],
      [0.054777349245, 0.12570450753, 0.63330102582, 0.1784031401, 0.0078139772998],
      [0.0057345729925, 0.73851218469, 0.13462032888, 0.11728621051, 0.0038467029216],
      [0.025491048153, 0.036502729678, 0.12083030419, 0.80824127536, 0.0089346426149],
      [0.14296225594, 0.005556098397, 0.077147197683, 0.76738723727, 0.0069472107093],
      [0.053322800137, 0.1401645773, 0.47452325932, 0.32539425332, 0.0065951099298],
      [0.081424609438, 0.093815253652, 0.46462245296, 0.29020418424, 0.069933499708]
    ],
    [
      [0.70550364259, 0.0087394525498, 0.052830791489, 0.23260528249, 0.00032083087965],
      [0.11440501343, 0.17597384351, 0.595754407, 0.11141248771, 0.0024542483444],
      [0.0042021373655, 0.92402340364, 0.044604866148, 0.026684734596, 0.00048485824648],
      [0.07012685106, 0.057159692867, 0.12741044678, 0.74154684211, 0.0037561671821],
      [0.38176973789, 0.0065873871992, 0.063196879633, 0.54607201465, 0.0023739806294],
      [0.11834936297, 0.20966032665, 0.45373379313, 0.21595724225, 0.0022992750098],
      [0.19664052222, 0.13668615858, 0.45656317759, 0.20656196725, 0.0035481743608]
    ],
    [
      [0.18131746751, 0.0090974586778, 0.072959175989, 0.73118709243, 0.0054388053972],
      [0.043445701132, 0.11355593574, 0.51069386957, 0.29266216769, 0.039642325872],
      [0.0051892990803, 0.63312724499, 0.12613354245, 0.21429859275, 0.021251320725],
      [0.013953742514, 0.023296269076, 0.071072652741, 0.86082470462, 0.030852631048],
      [0.076034763442, 0.0036998228292, 0.047114276328, 0.84850010406, 0.024651033343],
      [0.037740198729, 0.11285130996, 0.34783795937, 0.47200428965, 0.029566242294],
      [0.045212931946, 0.060925387958, 0.27216860997, 0.33459645833, 0.2870966118]
    ],
    [
      [0.069758901251, 0.0024883194091, 0.23019396275, 0.67862240398, 0.018936412612],
      [0.0059659309496, 0.0094335779512, 0.84508771001, 0.081073101939, 0.058439679148],
      [0.0022105656485, 0.29228381185, 0.4572692381, 0.16721858239, 0.081017802013],
      [0.0051799945716, 0.0052877738236, 0.19367795771, 0.68033399704, 0.11552027686],
      [0.027777230205, 0.00093993962114, 0.13413468418, 0.74307385658, 0.09407428941],
      [0.0074731607763, 0.013184205993, 0.73247912683, 0.18710001064, 0.059763495754],
      [0.00019624208275, 0.00015801738099, 0.010086722302, 0.0034721145168, 0.98608690372]
    ],
    [
      [0.23864711493, 0.00079275596165, 0.057061171556, 0.70321939972, 0.00027955783241],
      [0.050530215484, 0.0079221152933, 0.66758136772, 0.27231133845, 0.001654963055],
      [0.013244592011, 0.24490343334, 0.30944840268, 0.43011090232, 0.0022926696482],
      [0.015809939653, 0.0018798559983, 0.057414545039, 0.92375751228, 0.0011381470313],
      [0.088620177583, 0.00033489671584, 0.037110034762, 0.8729494148, 0.00098547614413],
      [0.049598129075, 0.0077761032714, 0.42590098441, 0.51523768906, 0.0014870941779],
      [0.082358891582, 0.0074005995108, 0.41077049258, 0.4994663897, 3.6266284018e-06]
    ],
    [
      [0.25688169902, 0.0082879131778, 0.12178755621, 0.60753795011, 0.0055048814731],
      [0.046849759522, 0.079004372559, 0.6551875123, 0.18822216454, 0.03073619108],
      [0.0074213988414, 0.57255446746, 0.2146572793, 0.18343915231, 0.021927702089],
      [0.021489736212, 0.023392523962, 0.13082590817, 0.78986953435, 0.034422297307],
      [0.11637237564, 0.0036666524486, 0.085508844541, 0.76732843709, 0.027123690275],
      [0.045605755434, 0.088121678258, 0.50110186528, 0.33942191277, 0.025748788267],
      [0.055808828999, 0.048675998305, 0.39980365258, 0.24612736738, 0.24958415274]
    ],
    [
      [0.27848496113, 0.0096987427657, 0.10446150873, 0.6053975604, 0.0019572269711],
      [0.056376761046, 0.10254140652, 0.6209802161, 0.20808143818, 0.012020178151],
      [0.0076437082929, 0.6368759333, 0.17455466974, 0.17355799033, 0.0073676983373],
      [0.024234257382, 0.028434861441, 0.11653505649, 0.81818577873, 0.012610045958],
      [0.12914477135, 0.0043843566559, 0.074966649735, 0.7817072949, 0.0097969273574],
      [0.053283747112, 0.11107434535, 0.46146649101, 0.36438178632, 0.0097936302033],
      [0.076804489326, 0.072078450216, 0.43348412521, 0.31089770019, 0.10673523506]
    ],
    [
      [0.28829503811, 0.0010896103096, 0.061251854084, 0.64480765618, 0.004555841315],
      [0.071558874345, 0.015417145594, 0.58505639722, 0.28626122394, 0.041706358906],
      [0.017396109898, 0.20563799999, 0.28490513496, 0.44474314224, 0.047317612916],
      [0.022056088448, 0.003077324037, 0.067078152382, 0.87771062879, 0.030077806338],
      [0.11944705221, 0.00047885879549, 0.042248981917, 0.81524025129, 0.022584855791],
      [0.065230111601, 0.015491951051, 0.39206193906, 0.49543458351, 0.031781414772],
      [0.058602418277, 0.006641682126, 0.22147205793, 0.26055514922, 0.45272869246]
    ],
    [
      [0.092825236016, 0.26211735624, 0.11465255856, 0.52499353523, 0.0054113139527],
      [0.0035069180977, 0.81120367274, 0.1462270089, 0.032536363796, 0.0065260364692],
      [3.2853499811e-05, 0.99534676934, 0.0026243825349, 0.0017454752175, 0.00025051941274],
      [0.0047829593742, 0.48709748586, 0.075435877343, 0.41141471766, 0.021268959764],
      [0.045171411397, 0.12125459903, 0.085456556244, 0.71861246578, 0.029504967548],
      [0.0030920807904, 0.8401482162, 0.098926838499, 0.052905173473, 0.0049276910384],
      [0.0068801970118, 0.67103380243, 0.13918556534, 0.070504771619, 0.11239566359]
    ],
    [
      [0.33157512593, 0.0015805572105, 0.050183302463, 0.58159815963, 0.035062854774],
      [0.066241512735, 0.018466514569, 0.39401861198, 0.21835222243, 0.30292113828],
      [0.013521381034, 0.27572330993, 0.16447348166, 0.28188192496, 0.26439990242],
      [0.021288152765, 0.0038965029587, 0.048413061081, 0.69101284557, 0.23538943763],
      [0.12181846979, 0.00063537156209, 0.031719998403, 0.66951285224, 0.17631330801],
      [0.063728982772, 0.019649169817, 0.28156164174, 0.39697785256, 0.23808235312],
      [0.004896375009, 0.00066096485949, 0.012680424217, 0.018499456867, 0.96326277905]
    ],
    [
      [0.52482021338, 0.00026006905184, 0.11087940061, 0.3636340903, 0.00040622666389],
      [0.038006183759, 0.00011280468406, 0.90052567041, 0.060055629234, 0.0012997119125],
      [0.01033484686, 0.63255663521, 0.21278952174, 0.11995191365, 0.024367082542],
      [0.04544407674, 0.00083843542737, 0.18517568099, 0.76533971846, 0.0032020883814],
      [0.25296503657, 0.00016224465775, 0.099944408785, 0.64465104426, 0.0022772657326],
      [0.05488936896, 0.00017794045191, 0.78296705373, 0.16031417549, 0.001651461367],
      [0.092482181581, 0.00092131619934, 0.74524985954, 0.15890802197, 0.0024386207074]
    ],
    [
      [0.08313223116, 0.0022190881419, 0.19255841674, 0.71057271231, 0.011517551647],
      [0.0084010095034, 0.01032062906, 0.83444463634, 0.1076378834, 0.039195841693],
      [0.0028208656326, 0.30121109311, 0.43598138821, 0.20686290184, 0.053123751199],
      [0.0061445248285, 0.0049047262806, 0.16906414985, 0.75355309032, 0.06633350872],
      [0.033343146097, 0.00085768342007, 0.11513453239, 0.79625367646, 0.054410961625],
      [0.010086344409, 0.013721208715, 0.69738113549, 0.2395242297, 0.039287081687],
      [0.0046700923146, 0.0028576510357, 0.17304091495, 0.069682991433, 0.74974835026]
    ],
    [
      [0.14711249727, 0.0030993558736, 0.030447271775, 0.81846463426, 0.00087624082281],
      [0.052536698383, 0.066011291856, 0.38501102011, 0.48695978411, 0.0094812055361],
      [0.0052501648715, 0.61282727471, 0.075436046953, 0.30205483801, 0.0044316754598],
      [0.010624619685, 0.0076111944879, 0.028619021058, 0.94867144931, 0.0044737154562],
      [0.057234003612, 0.0012110781106, 0.018816796109, 0.91913366955, 0.0036044526182],
      [0.039480346246, 0.054202952024, 0.20818022255, 0.69200133728, 0.0061351418987],
      [0.061415299007, 0.037535944341, 0.20893659169, 0.62825778446, 0.063854380494]
    ],
    [
      [0.23199999452, 0.00144222033, 0.1722262789, 0.59377152695, 0.0005599793022],
      [0.024364935712, 0.0065245764098, 0.86041961451, 0.10708802814, 0.0016028452233],
      [0.0084927494912, 0.27403502466, 0.48775962289, 0.22690437772, 0.0028082252317],
