{
  "X": [
    [1, 5, 1, 2, 1, 0],
    [10, 95, 24, 6, 3, 9],
    [0, 12, 3, 2, 1, 1],
    [4, 37, 10, 4, 1, 6],
    [19, 204, 25, 6, 17, 29],
    [2, 13, 2, 2, 2, 2],
    [16, 166, 13, 12, 13, 26],
    [2, 17, 1, 2, 1, 3],
    [0, 6, 0, 0, 1, 0],
    [13, 139, 12, 9, 8, 17],
    [2, 10, 3, 1, 0, 2],
    [9, 67, 9, 5, 2, 5],
    [2, 34, 4, 5, 3, 6],
    [10, 21, 2, 2, 3, 6],
    [33, 264, 57, 14, 12, 33],
    [0, 5, 3, 0, 0, 1],
    [5, 18, 1, 0, 0, 3],
    [19, 263, 34, 8, 10, 39],
    [43, 255, 60, 12, 18, 33],
    [0, 6, 1, 0, 1, 1],
    [0, 16, 1, 1, 0, 2],
    [0, 11, 8, 0, 1, 2],
    [0, 9, 2, 0, 0, 3],
    [5, 40, 3, 4, 2, 12],
    [18, 161, 82, 1, 8, 31],
    [18, 105, 23, 5, 4, 19],
    [19, 96, 19, 7, 8, 11],
    [1, 4, 2, 0, 0, 0],
    [60, 91, 34, 3, 4, 7],
    [7, 117, 15, 13, 6, 19],
    [2, 6, 0, 0, 0, 1],
    [1, 16, 1, 2, 1, 5],
    [0, 26, 3, 0, 3, 1],
    [0, 13, 1, 0, 1, 0],
    [0, 4, 1, 0, 0, 1],
    [32, 344, 52, 5, 16, 45],
    [15, 132, 27, 1, 6, 16],
    [6, 13, 7, 0, 1, 3],
    [26, 128, 26, 8, 7, 11],
    [2, 14, 1, 1, 0, 3],
    [0, 20, 2, 0, 0, 3],
    [7, 78, 15, 2, 6, 7],
    [5, 64, 13, 2, 3, 15],
    [9, 96, 22, 6, 8, 16],
    [6, 39, 4, 2, 0, 8],
    [6, 163, 30, 4, 8, 29],
    [27, 312, 65, 7, 5, 38],
    [1, 22, 10, 2, 0, 6],
    [2, 13, 4, 0, 2, 2],
    [10, 52, 8, 3, 1, 9],
    [0, 15, 2, 0, 0, 2],
    [2, 11, 12, 1, 2, 1],
    [36, 368, 43, 16, 13, 48],
    [1, 14, 8, 0, 2, 0],
    [1, 10, 0, 1, 0, 0],
    [1, 18, 8, 1, 1, 1],
    [0, 6, 0, 0, 0, 0],
    [1, 5, 1, 0, 0, 0],
    [4, 32, 7, 5, 1, 8],
    [4, 34, 10, 3, 2, 6],
    [1, 6, 2, 1, 0, 3],
    [32, 408, 46, 9, 18, 48],
    [2, 22, 0, 0, 1, 2],
    [7, 57, 5, 4, 2, 10],
    [0, 16, 2, 0, 1, 2],
    [0, 29, 2, 8, 1, 3],
    [0, 2, 2, 2, 0, 0],
    [0, 9, 0, 0, 0, 1],
    [0, 17, 4, 0, 0, 6],
    [0, 10, 0, 1, 0, 0],
    [8, 115, 14, 2, 4, 13],
    [1, 9, 2, 0, 1, 0],
    [4, 64, 13, 4, 3, 11],
    [1, 9, 3, 8, 0, 4],
    [4, 53, 11, 7, 6, 8],
    [9, 75, 9, 8, 9, 7],
    [11, 98, 14, 10, 5, 20],
    [4, 62, 9, 5, 4, 6],
    [5, 50, 6, 7, 2, 12],
    [1, 8, 0, 1, 1, 2],
    [0, 46, 4, 0, 0, 6],
    [0, 6, 1, 0, 1, 1],
    [3, 66, 6, 5, 2, 2],
    [14, 200, 28, 7, 9, 33],
    [0, 7, 1, 0, 0, 1],
    [10, 117, 24, 14, 4, 25],
    [3, 23, 6, 5, 3, 5],
    [0, 9, 0, 0, 0, 2],
    [3, 36, 6, 1, 1, 4],
    [2, 14, 7, 0, 4, 1],
    [1, 37, 6, 2, 6, 5],
    [2, 75, 10, 1, 6, 13],
    [2, 8, 1, 1, 1, 3],
    [0, 7, 0, 0, 0, 0],
    [28, 116, 28, 4, 3, 20],
    [0, 5, 1, 0, 0, 0],
    [1, 11, 1, 0, 0, 2],
    [0, 10, 1, 1, 1, 2],
    [0, 4, 1, 0, 0, 1],
    [2, 12, 1, 3, 0, 0],
    [21, 284, 68, 11, 15, 55],
    [2, 7, 0, 0, 0, 0],
    [0, 23, 4, 1, 0, 2],
    [0, 8, 2, 0, 1, 3],
    [2, 8, 0, 0, 1, 4],
    [3, 37, 5, 5, 6, 7],
    [1, 9, 2, 1, 1, 1],
    [3, 38, 6, 7, 3, 4],
    [4, 54, 6, 5, 2, 7],
    [15, 158, 19, 5, 11, 19],
    [9, 275, 30, 4, 12, 37],
    [6, 106, 31, 0, 2, 10],
    [0, 3, 2, 0, 1, 1],
    [5, 130, 22, 14, 11, 33],
    [1, 3, 1, 1, 0, 1],
    [0, 7, 2, 0, 0, 3],
    [3, 134, 19, 4, 2, 16],
    [23, 404, 62, 6, 18, 48],
    [4, 68, 16, 0, 1, 11],
    [5, 69, 3, 5, 3, 10],
    [0, 14, 1, 1, 0, 1],
    [2, 20, 1, 2, 0, 2],
    [1, 11, 5, 4, 2, 1],
    [1, 13, 7, 1, 0, 1],
    [1, 27, 4, 0, 2, 5],
    [6, 18, 5, 1, 1, 1],
    [0, 4, 2, 0, 2, 0],
    [0, 12, 2, 1, 2, 3],
    [0, 8, 0, 0, 0, 2],
    [0, 5, 2, 1, 1, 1],
    [2, 46, 5, 1, 0, 9],
    [0, 6, 2, 1, 0, 1],
    [0, 3, 1, 1, 0, 1],
    [1, 2, 1, 1, 1, 1],
    [1, 4, 2, 2, 2, 0],
    [1, 8, 0, 0, 0, 3],
    [0, 15, 0, 2, 1, 1],
    [4, 17, 1, 1, 4, 2],
    [5, 16, 2, 1, 1, 11],
    [1, 26, 1, 1, 1, 2],
    [1, 4, 2, 0, 2, 1],
    [0, 4, 0, 1, 1, 0],
    [1, 19, 6, 3, 4, 2],
    [0, 7, 1, 1, 0, 2],
    [2, 2, 0, 0, 2, 1],
    [0, 2, 0, 2, 1, 3],
    [1, 17, 2, 2, 0, 7],
    [0, 3, 1, 1, 0, 3],
    [3, 6, 1, 2, 4, 7],
    [3, 4, 0, 0, 0, 2],
    [1, 10, 0, 2, 1, 7],
    [2, 8, 4, 4, 2, 3],
    [0, 10, 6, 1, 2, 5],
    [0, 2, 0, 1, 0, 3],
    [2, 6, 0, 2, 0, 1],
    [0, 21, 6, 2, 2, 9],
    [5, 20, 3, 1, 0, 1],
    [5, 41, 9, 2, 1, 8],
    [9, 71, 13, 2, 3, 7],
    [1, 19, 3, 2, 0, 5],
    [1, 16, 4, 0, 1, 7],
    [2, 29, 7, 1, 4, 7],
    [0, 10, 3, 0, 3, 4],
    [1, 10, 1, 1, 2, 5],
    [2, 12, 2, 0, 0, 2],
    [1, 8, 2, 1, 1, 4],
    [2, 15, 2, 0, 0, 4],
    [4, 23, 3, 1, 2, 4],
    [1, 9, 0, 3, 0, 1],
    [10, 30, 4, 0, 1, 8],
    [2, 4, 1, 0, 2, 4],
    [2, 8, 0, 1, 0, 4],
    [1, 7, 5, 0, 0, 0],
    [1, 14, 0, 2, 0, 2],
    [1, 5, 1, 2, 0, 1],
    [4, 16, 7, 1, 0, 8],
    [0, 1, 2, 0, 2, 1],
    [1, 17, 2, 2, 4, 1],
    [1, 6, 3, 1, 0, 3],
    [5, 46, 7, 2, 0, 5],
    [4, 46, 5, 3, 2, 4],
    [5, 47, 10, 1, 2, 14],
    [0, 29, 10, 3, 0, 9],
    [1, 11, 1, 1, 2, 2],
    [4, 28, 3, 0, 1, 3],
    [5, 24, 5, 2, 2, 2],
    [3, 41, 12, 2, 3, 13],
    [3, 17, 1, 1, 2, 1],
    [1, 18, 1, 5, 0, 4],
    [1, 10, 4, 2, 3, 0],
    [0, 16, 1, 2, 0, 1],
    [0, 8, 4, 1, 1, 2],
    [1, 25, 12, 0, 1, 7],
    [7, 54, 16, 3, 2, 10],
    [2, 27, 9, 1, 1, 6],
    [0, 17, 3, 0, 0, 1],
    [5, 80, 17, 8, 5, 13],
    [2, 15, 2, 0, 1, 0],
    [3, 56, 10, 2, 3, 4],
    [1, 17, 3, 0, 1, 1],
    [1, 12, 2, 0, 2, 2],
    [4, 15, 7, 2, 5, 5],
    [2, 25, 2, 0, 0, 6],
    [5, 32, 12, 2, 9, 7],
    [4, 35, 8, 4, 1, 8],
    [0, 5, 2, 1, 0, 1],
    [0, 13, 2, 0, 1, 3],
    [2, 8, 2, 0, 0, 2],
    [0, 3, 1, 5, 1, 0],
    [5, 16, 3, 3, 3, 0],
    [0, 5, 3, 4, 1, 1],
    [1, 4, 0, 1, 1, 2],
    [3, 18, 6, 4, 2, 2],
    [0, 8, 1, 0, 0, 1],
    [1, 5, 0, 0, 1, 0],
    [0, 38, 9, 1, 2, 6],
    [5, 45, 8, 0, 3, 5],
    [1, 20, 2, 0, 1, 0],
    [1, 31, 5, 2, 4, 8],
    [0, 29, 6, 1, 5, 4],
    [0, 8, 1, 1, 0, 2],
    [0, 18, 0, 0, 0, 4],
    [0, 7, 4, 1, 0, 1],
    [1, 11, 2, 0, 0, 0],
    [2, 14, 1, 1, 2, 3],
    [2, 41, 7, 2, 3, 5],
    [0, 20, 7, 0, 2, 6],
    [0, 2, 4, 2, 0, 0],
    [2, 19, 4, 4, 4, 5],
    [1, 34, 4, 0, 2, 0],
    [0, 29, 4, 1, 4, 7],
    [3, 15, 3, 0, 3, 3],
    [0, 2, 2, 2, 0, 1],
    [0, 3, 0, 3, 1, 0],
    [2, 3, 0, 0, 2, 1],
    [2, 2, 0, 0, 0, 2],
    [2, 10, 4, 2, 4, 5],
    [1, 3, 1, 1, 0, 1],
    [1, 5, 0, 1, 0, 2],
    [0, 10, 1, 3, 1, 1],
    [1, 9, 0, 1, 2, 5],
    [0, 4, 1, 1, 0, 0],
    [0, 18, 5, 0, 0, 6],
    [0, 7, 2, 2, 0, 0],
    [1, 9, 0, 0, 1, 0],
    [0, 13, 2, 1, 2, 1],
    [1, 10, 2, 3, 2, 3],
    [0, 13, 3, 0, 0, 2],
    [1, 7, 2, 2, 2, 1],
    [1, 7, 0, 0, 0, 3],
    [1, 9, 4, 5, 0, 2],
    [2, 36, 7, 2, 2, 5],
    [7, 58, 13, 0, 2, 7],
    [1, 2, 2, 2, 1, 0],
    [1, 12, 2, 1, 0, 3],
    [1, 10, 1, 0, 0, 2],
    [1, 2, 0, 1, 1, 1],
    [0, 5, 1, 1, 0, 0],
    [0, 8, 2, 0, 1, 1],
    [0, 15, 1, 2, 3, 2],
    [1, 21, 0, 1, 1, 3],
    [0, 7, 2, 1, 0, 4],
    [3, 55, 8, 1, 2, 5],
    [0, 6, 3, 2, 1, 2],
    [0, 5, 0, 1, 0, 2],
    [0, 3, 0, 1, 1, 3],
    [0, 10, 1, 1, 1, 0],
    [0, 14, 1, 0, 0, 2],
    [2, 6, 1, 1, 1, 3],
    [0, 36, 6, 0, 1, 3],
    [2, 21, 1, 2, 1, 3],
    [3, 11, 1, 0, 2, 3],
    [3, 31, 3, 1, 3, 2],
    [4, 23, 6, 8, 2, 7],
    [0, 4, 2, 1, 1, 2],
    [0, 1, 1, 2, 0, 2],
    [0, 4, 1, 0, 3, 0],
    [0, 3, 2, 1, 1, 6],
    [8, 43, 8, 2, 1, 11],
    [1, 8, 1, 1, 0, 1],
    [2, 1, 0, 0, 1, 2],
    [4, 7, 3, 0, 0, 1],
    [3, 26, 6, 3, 0, 0],
    [2, 15, 1, 0, 1, 0],
    [1, 9, 1, 0, 2, 1],
    [5, 26, 9, 5, 3, 3],
    [0, 7, 0, 1, 1, 0],
    [0, 11, 3, 1, 0, 1],
    [1, 3, 0, 0, 0, 2],
    [2, 10, 2, 1, 0, 3],
    [2, 31, 5, 3, 1, 6],
    [0, 8, 1, 0, 2, 3],
    [1, 3, 0, 1, 1, 0],
    [2, 6, 1, 4, 1, 1],
    [1, 8, 3, 2, 0, 1],
    [2, 13, 1, 4, 2, 1],
    [4, 31, 4, 0, 1, 4],
    [1, 13, 0, 3, 0, 1],
    [1, 18, 3, 0, 0, 3],
    [2, 38, 10, 1, 4, 9],
    [0, 10, 0, 0, 0, 0],
    [0, 29, 2, 2, 1, 2],
    [3, 14, 0, 0, 3, 0],
    [3, 24, 6, 0, 1, 4],
    [1, 12, 0, 3, 1, 2],
    [1, 24, 7, 3, 2, 3],
    [1, 12, 2, 3, 0, 3],
    [0, 3, 0, 2, 1, 0],
    [0, 14, 1, 2, 2, 3],
    [1, 24, 0, 7, 3, 1],
    [1, 9, 0, 0, 0, 0],
    [2, 20, 1, 5, 2, 3],
    [1, 30, 2, 0, 1, 6],
    [0, 3, 0, 2, 2, 0],
    [0, 1, 0, 1, 0, 6],
    [2, 27, 7, 1, 1, 4],
    [1, 50, 12, 1, 3, 9],
    [2, 54, 7, 1, 2, 11],
    [2, 27, 6, 0, 1, 8],
    [1, 5, 1, 0, 0, 0],
    [1, 1, 1, 2, 0, 1],
    [1, 7, 0, 2, 0, 6],
    [0, 5, 0, 1, 0, 1],
    [0, 17, 3, 3, 1, 3],
    [0, 13, 2, 1, 1, 3],
    [1, 13, 0, 0, 0, 0],
    [3, 30, 1, 0, 4, 3],
    [1, 3, 0, 1, 0, 2],
    [0, 4, 0, 3, 1, 0],
    [4, 45, 11, 0, 2, 7],
    [0, 2, 0, 2, 0, 2],
    [36, 236, 46, 9, 9, 54],
    [215, 2246, 461, 81, 102, 473],
    [130, 1302, 358, 70, 75, 314],
    [22, 133, 18, 30, 15, 31]
  ],
  "W": [
    [1, 1, 3, 5, 0],
    [1, 7, 47, 87, 5],
    [1, 0, 1, 16, 1],
    [0, 2, 17, 42, 1],
    [3, 9, 48, 228, 12],
    [0, 1, 3, 17, 2],
    [4, 9, 49, 172, 12],
    [1, 1, 4, 18, 2],
    [0, 0, 1, 6, 0],
    [3, 4, 55, 131, 5],
    [2, 1, 5, 10, 0],
    [2, 1, 24, 68, 2],
    [2, 3, 16, 31, 2],
    [0, 4, 11, 28, 1],
    [7, 17, 110, 267, 12],
    [0, 0, 1, 7, 1],
    [0, 0, 5, 22, 0],
    [5, 9, 73, 258, 28],
    [5, 16, 108, 285, 7],
    [0, 0, 2, 5, 2],
    [0, 1, 1, 18, 0],
    [0, 0, 8, 13, 1],
    [0, 0, 6, 7, 1],
    [0, 6, 16, 42, 2],
    [0, 3, 111, 178, 9],
    [2, 3, 46, 114, 9],
    [0, 5, 44, 106, 5],
    [0, 0, 3, 3, 1],
    [1, 1, 85, 112, 0],
    [7, 7, 38, 117, 8],
    [0, 0, 1, 8, 0],
    [1, 1, 6, 18, 0],
    [0, 0, 4, 29, 0],
    [0, 0, 3, 12, 0],
    [0, 0, 1, 5, 0],
    [2, 15, 124, 343, 10],
    [1, 5, 49, 141, 1],
    [0, 0, 7, 22, 1],
    [2, 5, 45, 151, 3],
    [1, 2, 5, 13, 0],
    [0, 0, 2, 22, 1],
    [1, 3, 24, 85, 2],
    [2, 5, 17, 73, 5],
    [4, 6, 34, 107, 6],
    [0, 1, 13, 43, 2],
    [0, 7, 66, 158, 9],
    [3, 9, 113, 316, 13],
    [0, 1, 14, 26, 0],
    [0, 0, 6, 16, 1],
    [0, 4, 17, 59, 3],
    [0, 1, 1, 16, 1],
    [0, 1, 13, 14, 1],
    [11, 14, 113, 367, 19],
    [0, 1, 9, 15, 0],
    [0, 0, 4, 7, 1],
    [0, 2, 12, 16, 0],
    [0, 0, 2, 4, 0],
    [0, 0, 2, 5, 0],
    [0, 2, 21, 33, 1],
    [3, 5, 13, 33, 5],
    [0, 1, 5, 6, 1],
    [7, 14, 108, 411, 21],
    [0, 0, 3, 24, 0],
    [3, 4, 23, 48, 7],
    [0, 0, 5, 16, 0],
    [2, 2, 10, 28, 1],
    [0, 0, 1, 5, 0],
    [0, 0, 0, 10, 0],
    [0, 2, 7, 18, 0],
    [1, 0, 2, 8, 0],
    [2, 3, 29, 119, 3],
    [0, 0, 4, 9, 0],
    [1, 2, 22, 72, 2],
    [0, 1, 5, 17, 2],
    [1, 3, 22, 57, 6],
    [5, 5, 23, 79, 5],
    [5, 4, 37, 110, 2],
    [4, 2, 19, 63, 2],
    [3, 3, 12, 59, 5],
    [1, 0, 2, 8, 2],
    [2, 0, 9, 40, 5],
    [0, 0, 4, 5, 0],
    [2, 2, 18, 62, 0],
    [6, 6, 67, 204, 8],
    [0, 1, 2, 5, 1],
    [10, 3, 48, 123, 10],
    [4, 1, 14, 25, 1],
    [0, 1, 1, 9, 0],
    [2, 4, 13, 31, 1],
    [0, 0, 6, 21, 1],
    [0, 1, 14, 40, 2],
    [0, 3, 19, 82, 3],
    [0, 2, 2, 11, 1],
    [0, 0, 1, 6, 0],
    [0, 6, 69, 115, 9],
    [0, 0, 1, 5, 0],
    [0, 1, 3, 11, 0],
    [1, 0, 4, 10, 0],
    [0, 0, 1, 4, 1],
    [0, 0, 5, 13, 0],
    [14, 17, 135, 272, 16],
    [0, 0, 0, 9, 0],
    [1, 0, 5, 24, 0],
    [0, 1, 2, 10, 1],
    [2, 2, 1, 10, 0],
    [2, 2, 15, 39, 5],
    [0, 0, 5, 9, 1],
    [3, 0, 16, 42, 0],
    [2, 3, 15, 53, 5],
    [5, 3, 36, 173, 10],
    [2, 14, 52, 290, 9],
    [0, 5, 31, 116, 3],
    [0, 0, 2, 4, 1],
    [8, 7, 55, 136, 9],
    [1, 0, 1, 4, 1],
    [0, 0, 3, 8, 1],
    [2, 3, 32, 130, 11],
    [3, 18, 89, 435, 16],
    [0, 4, 17, 77, 2],
    [6, 2, 17, 67, 3],
    [0, 0, 2, 15, 0],
    [0, 0, 4, 21, 2],
    [3, 0, 7, 14, 0],
    [0, 1, 13, 9, 0],
    [0, 2, 13, 21, 3],
    [0, 1, 6, 25, 0],
    [0, 0, 4, 4, 0],
    [1, 0, 7, 11, 1],
    [0, 1, 0, 9, 0],
    [0, 0, 5, 5, 0],
    [0, 3, 17, 40, 3],
    [1, 1, 2, 6, 0],
    [0, 2, 4, 0, 0],
    [0, 2, 2, 3, 0],
    [1, 1, 3, 6, 0],
    [1, 0, 3, 5, 3],
    [1, 0, 4, 12, 2],
    [0, 2, 2, 24, 1],
    [1, 4, 7, 21, 3],
    [1, 1, 5, 24, 1],
    [0, 0, 4, 6, 0],
    [0, 0, 3, 3, 0],
    [2, 2, 8, 22, 1],
    [1, 3, 2, 5, 0],
    [0, 1, 5, 1, 0],
    [0, 1, 3, 4, 0],
    [2, 1, 10, 15, 1],
    [1, 0, 3, 4, 0],
    [2, 5, 5, 9, 2],
    [0, 2, 2, 5, 0],
    [1, 0, 7, 12, 1],
    [2, 1, 8, 12, 0],
    [0, 0, 9, 14, 1],
    [1, 1, 4, 0, 0],
    [0, 0, 3, 8, 0],
    [1, 4, 11, 22, 2],
    [1, 1, 4, 24, 0],
    [0, 4, 19, 43, 0],
    [1, 1, 29, 71, 3],
    [2, 2, 6, 19, 1],
    [0, 0, 4, 23, 2],
    [3, 3, 13, 31, 0],
    [0, 1, 5, 12, 2],
    [1, 3, 9, 7, 0],
    [0, 0, 3, 15, 0],
    [0, 1, 3, 10, 3],
    [0, 0, 5, 17, 1],
    [0, 3, 6, 27, 1],
    [1, 0, 4, 8, 1],
    [0, 3, 14, 35, 1],
    [1, 1, 8, 3, 0],
    [1, 3, 2, 9, 0],
    [0, 0, 7, 6, 0],
    [1, 1, 6, 11, 0],
    [0, 0, 3, 6, 1],
    [0, 3, 14, 18, 1],
    [1, 0, 2, 3, 0],
    [2, 0, 5, 18, 2],
    [0, 1, 7, 5, 1],
    [0, 2, 18, 45, 0],
    [2, 3, 19, 39, 1],
    [1, 5, 20, 48, 5],
    [3, 5, 10, 31, 2],
    [1, 0, 6, 11, 0],
    [1, 0, 8, 29, 1],
    [0, 1, 11, 28, 0],
    [1, 6, 13, 52, 2],
    [1, 2, 4, 18, 0],
    [3, 2, 9, 14, 1],
    [2, 0, 6, 12, 0],
    [0, 1, 4, 15, 0],
    [0, 1, 8, 7, 0],
    [0, 3, 14, 29, 0],
    [3, 2, 24, 63, 0],
    [0, 0, 17, 27, 2],
    [0, 2, 4, 15, 0],
    [3, 6, 32, 81, 6],
    [0, 0, 5, 15, 0],
    [1, 1, 20, 52, 4],
    [0, 0, 9, 14, 0],
    [1, 1, 2, 14, 1],
    [0, 3, 8, 26, 1],
    [1, 1, 8, 22, 3],
    [2, 5, 29, 29, 2],
    [1, 4, 13, 42, 0],
    [0, 1, 3, 5, 0],
    [0, 0, 6, 13, 0],
    [0, 0, 3, 11, 0],
    [0, 0, 5, 5, 0],
    [0, 0, 13, 15, 2],
    [1, 0, 7, 6, 0],
    [0, 0, 3, 5, 1],
    [0, 2, 10, 22, 1],
    [0, 0, 3, 7, 0],
    [0, 0, 1, 6, 0],
    [0, 2, 17, 37, 0],
    [1, 2, 17, 45, 1],
    [0, 1, 6, 17, 0],
    [0, 0, 11, 36, 4],
    [0, 0, 13, 30, 2],
    [0, 1, 2, 7, 2],
    [0, 0, 7, 15, 0],
    [1, 1, 4, 7, 0],
    [0, 0, 8, 6, 0],
    [2, 0, 8, 13, 0],
    [1, 1, 18, 39, 1],
    [0, 2, 12, 19, 2],
    [0, 0, 4, 3, 1],
    [2, 3, 12, 19, 2],
    [1, 0, 12, 27, 1],
    [2, 2, 8, 30, 3],
    [1, 0, 8, 17, 1],
    [1, 0, 3, 3, 0],
    [1, 0, 1, 4, 1],
    [0, 1, 1, 6, 0],
    [0, 0, 0, 5, 1],
    [1, 3, 12, 11, 0],
    [0, 0, 4, 2, 1],
    [1, 1, 1, 6, 0],
    [3, 0, 2, 10, 1],
    [1, 3, 3, 8, 3],
    [0, 0, 1, 4, 1],
    [0, 3, 7, 18, 1],
    [1, 0, 5, 5, 0],
    [0, 0, 2, 8, 1],
    [2, 0, 3, 14, 0],
    [1, 1, 9, 10, 0],
    [1, 0, 7, 9, 1],
    [0, 0, 7, 8, 0],
    [0, 0, 5, 6, 0],
    [2, 2, 7, 10, 0],
    [1, 1, 14, 37, 1],
    [0, 3, 18, 61, 5],
    [0, 1, 5, 2, 0],
    [1, 0, 6, 12, 0],
    [0, 1, 3, 10, 0],
    [0, 1, 1, 2, 2],
    [0, 0, 4, 3, 0],
    [0, 1, 2, 9, 0],
    [2, 2, 5, 14, 0],
    [0, 0, 3, 24, 0],
    [0, 2, 4, 8, 0],
    [2, 2, 18, 50, 2],
    [2, 0, 4, 7, 1],
    [0, 0, 0, 8, 0],
    [2, 1, 2, 3, 0],
    [1, 0, 2, 10, 0],
    [0, 0, 5, 11, 1],
    [1, 0, 1, 8, 4],
    [0, 2, 13, 30, 1],
    [2, 0, 7, 19, 2],
    [1, 1, 5, 13, 0],
    [0, 0, 8, 33, 2],
    [2, 4, 16, 26, 2],
    [1, 0, 2, 6, 1],
    [1, 0, 2, 3, 0],
    [0, 0, 5, 3, 0],
    [2, 1, 6, 3, 1],
    [1, 1, 24, 41, 6],
    [0, 0, 3, 9, 0],
    [0, 0, 2, 4, 0],
    [0, 0, 7, 8, 0],
    [0, 1, 12, 24, 1],
    [0, 0, 7, 12, 0],
    [0, 1, 4, 9, 0],
    [2, 2, 23, 20, 4],
    [0, 0, 1, 8, 0],
    [1, 0, 3, 11, 1],
    [0, 1, 2, 3, 0],
    [0, 1, 6, 10, 1],
    [2, 3, 12, 30, 1],
    [1, 0, 1, 11, 1],
    [0, 1, 2, 3, 0],
    [1, 0, 5, 7, 2],
    [0, 1, 5, 8, 1],
    [0, 0, 7, 14, 2],
    [0, 2, 13, 29, 0],
    [0, 0, 3, 15, 0],
    [0, 0, 4, 19, 2],
    [1, 6, 16, 41, 0],
    [0, 0, 1, 9, 0],
    [1, 2, 2, 29, 2],
    [0, 0, 2, 18, 0],
    [0, 2, 9, 24, 3],
    [0, 2, 4, 13, 0],
    [4, 0, 13, 23, 0],
    [2, 1, 6, 11, 1],
    [1, 0, 1, 4, 0],
    [0, 0, 4, 18, 0],
    [4, 2, 9, 19, 2],
    [0, 0, 1, 9, 0],
    [2, 2, 6, 21, 2],
    [0, 0, 10, 29, 1],
    [0, 1, 0, 6, 0],
    [0, 5, 1, 2, 0],
    [1, 1, 8, 32, 0],
    [0, 1, 13, 59, 3],
    [0, 2, 12, 62, 1],
    [1, 1, 14, 27, 1],
    [0, 0, 3, 3, 1],
    [0, 3, 1, 2, 0],
    [2, 3, 3, 7, 1],
    [0, 0, 0, 5, 2],
    [0, 1, 18, 6, 2],
    [0, 0, 4, 14, 2],
    [0, 0, 3, 9, 2],
    [1, 3, 4, 33, 0],
    [0, 0, 1, 4, 2],
    [2, 0, 4, 2, 0],
    [0, 0, 23, 36, 10],
    [3, 0, 0, 3, 0],
    [4, 31, 113, 234, 8],
    [34, 116, 951, 2257, 220],
    [38, 67, 743, 1266, 135],
    [13, 11, 67, 146, 12]
  ],
  "method": "mvn_cdf",
  "mvncdf_method": "genz",
  "mvncdf_samples": 5000,
  "mvncdf_error": 0.001,
  "cond_prob": [
    [
      [0.00061554466771, 0, 0.0058672500598, 0.95646620658, 0.037050998689, 0],
      [0.49273435631, 0.075260582804, 0.013252227594, 0.26958033794, 0.14917249535, 0],
      [0.15609273072, 0.34414115137, 0.237256119, 0.15864045539, 0.10386954352, 0],
      [0.0076743813741, 0.77846319262, 0.053822433066, 0.059606417861, 0.10043357508, 0],
      [2.4272244116e-05, 0.3951302085, 0.016208777941, 0.1667305556, 0.0081528649922, 0.41375332072]
    ],
    [
      [5.8672306475e-05, 0.10930701309, 7.699944224e-05, 0.64003651057, 0.10673247916, 0.14378832543],
      [0.041802596126, 0.16410703872, 0.025712895193, 0.10053939805, 0.073721772006, 0.59411629991],
      [0.10514703207, 0.37986478073, 0.38884318492, 0.047455536055, 0.023887995435, 0.054801470788],
      [0.054757632101, 0.84363827615, 0.061454603184, 0.024931717781, 0.014205375715, 0.0010123950705],
      [0.00029973093032, 0.49835379936, 0.039550513163, 0.05134361231, 0.0037223288304, 0.40673001541]
    ],
    [
      [0, 0.01603341042, 0, 0.88898441981, 0.042203751526, 0.052778418245],
      [0.0058725555955, 0.063541089017, 0.033963259592, 0.14173066046, 0.074057087904, 0.68083534743],
      [0, 0.1361021687, 0.75194065968, 0.046547175792, 0.02050773994, 0.044902255883],
      [0, 0.72454279819, 0.1363201631, 0.06096627193, 0.058179278325, 0.019991488457],
      [0, 0.25517964981, 0.066936730764, 0.089008053521, 0.0064200553393, 0.58245551056]
    ],
    [
      [1.7099459803e-06, 0.036249373308, 1.420946313e-05, 0.80250018185, 0.03720654493, 0.12402798051],
      [0.020795823104, 0.07089684608, 0.015459872775, 0.12953498978, 0.035087798554, 0.72822466971],
      [0.088056299451, 0.27203146675, 0.40432220719, 0.094524076876, 0.019186708108, 0.12187924162],
      [0.058601561001, 0.76103764437, 0.072995053774, 0.048871911279, 0.01431887622, 0.04417495336],
      [0.00018570107071, 0.27009030974, 0.029810473648, 0.081400439836, 0.0022575638077, 0.6162555119]
    ],
    [
      [3.2018569767e-05, 0.089387959965, 3.7586107793e-05, 0.35585829352, 0.2992776148, 0.25540652704],
      [0.026721450594, 0.08949983757, 0.011391119966, 0.039705794152, 0.13680163697, 0.69588016075],
      [0.1133924778, 0.35312417217, 0.29394224699, 0.030528315863, 0.079198348246, 0.12981443893],
      [0.058398962797, 0.79780310637, 0.046153903855, 0.012295648298, 0.048093305906, 0.037255072774],
      [0.00013403640259, 0.3397724221, 0.022087435616, 0.025525499901, 0.0086798300512, 0.60380077593]
    ],
    [
      [8.2726999717e-07, 0.011727014249, 3.1932325735e-06, 0.88965542529, 0.069382572738, 0.029230967218],
      [0.027152692865, 0.058931424951, 0.010151781892, 0.18170027141, 0.20281251193, 0.51925131695],
      [0.12842392153, 0.25218069223, 0.28239195236, 0.13910710783, 0.11350991638, 0.084386409675],
      [0.093071668426, 0.68408997129, 0.064449715982, 0.06659576488, 0.08409314415, 0.0076997352757],
      [0.0026785896521, 0.27749849325, 0.023513594661, 0.13442520107, 0.013537144194, 0.54834697717]
    ],
    [
      [0, 0.071198120147, 0, 0.55460453768, 0.19196736193, 0.18222998025],
      [0.026848718289, 0.096104680965, 0.0068532848913, 0.081767817279, 0.11862742725, 0.66979807133],
      [0.12138858431, 0.40368365173, 0.20036235237, 0.067937150922, 0.073743912997, 0.13288434767],
      [0.057019141504, 0.81847570293, 0.017210343236, 0.029637779875, 0.043374217432, 0.034282815025],
      [0.0002523804513, 0.35766212938, 0.013365511103, 0.051587746675, 0.0075555476673, 0.56957668472]
    ],
    [
      [0.00069703165428, 0.049715773419, 0, 0.74701161211, 0.071499915973, 0.13107566684],
      [0.028213631108, 0.089335243863, 0.0052863578893, 0.089829420963, 0.060122890711, 0.72721245547],
      [0.14818773805, 0.42356914298, 0.17562257527, 0.078869597371, 0.042613682846, 0.13113726349],
      [0.076339432878, 0.80486654212, 0.015134170946, 0.040974966676, 0.038160485387, 0.024524401993],
      [0.0021142966266, 0.33953732633, 0.009904132008, 0.055065588637, 0.0055168624787, 0.58786179392]
    ],
    [
      [4.0780116259e-06, 0.08172526995, 2.1769641516e-05, 0.52071118999, 0.15835234254, 0.23918534988],
      [0.0030153734048, 0.12310418364, 0.0012056612018, 0.0026834087283, 0.37510632055, 0.49488505248],
      [0, 0.79747370722, 0, 0, 0.20252629278, 0],
      [0, 0.86708771546, 0, 0, 0.13291228454, 0],
      [4.8981610882e-06, 0.41286362359, 0.003812706512, 0.0036648438659, 0.023871517227, 0.55578241065]
    ],
    [
      [0, 0.089909047392, 0, 0.56234796389, 0.1524853478, 0.19525764092],
      [0.026835687668, 0.11484460915, 0.007238837965, 0.077530467679, 0.089311783491, 0.68423861405],
      [0.1145969953, 0.45287987955, 0.19124185355, 0.061190499417, 0.053517426287, 0.12657334589],
      [0.050297950643, 0.85017954734, 0.010592616655, 0.026033767676, 0.032172621402, 0.030723496282],
      [0.00015819468331, 0.39779606876, 0.013021984218, 0.045386640821, 0.005444994643, 0.53819211687]
    ],
    [
      [0.065351567143, 0.14234984071, 0.0029815382868, 0.44890251009, 0, 0.34041454377],
      [0.068589916005, 0.10464054774, 0.021104703423, 0.026355765001, 0, 0.77930906783],
      [0.16933060278, 0.30298735568, 0.44341386223, 0.01085691526, 0, 0.073411264049],
      [0.095405393581, 0.80957229924, 0.075586290885, 0.0021554638515, 0, 0.017280552439],
      [3.7608123607e-05, 0.38608973332, 0.035237415029, 0.01539986065, 0.001254400575, 0.5619809823]
    ],
    [
      [5.174404299e-05, 0.088299383715, 6.025943065e-05, 0.67104015397, 0.090110022724, 0.15043843611],
      [0.049475284839, 0.13266100568, 0.013293032558, 0.099508265085, 0.062362773632, 0.6426996382],
      [0.16241432276, 0.40013915503, 0.26539023961, 0.059960531847, 0.027426997765, 0.084668752991],
      [0.074298663519, 0.82653001647, 0.037827069802, 0.029539987517, 0.01606066054, 0.015743602155],
      [8.4180830709e-05, 0.44167969318, 0.022489975696, 0.055319755726, 0.0035221589409, 0.47690423563]
    ],
    [
      [0, 0.047495570688, 0, 0.74099036863, 0.10428832449, 0.10722573619],
      [0.014677041927, 0.098741919487, 0.0067987945918, 0.13717235637, 0.09950256938, 0.64310731824],
      [0.068207669387, 0.42859458749, 0.20501663526, 0.1102984483, 0.066923472966, 0.12095918659],
      [0.027891811743, 0.83927894321, 0.02170279283, 0.037892970073, 0.045439417455, 0.027794064692],
      [0, 0.36681123044, 0.013275437167, 0.083522474251, 0.0067590671621, 0.52963179098]
    ],
    [
      [2.6602503901e-05, 0.045611793598, 8.0421072849e-06, 0.54962794665, 0.20960602939, 0.19511958576],
      [0.13813685954, 0.073052165627, 0.0064434994245, 0.055096730338, 0.10571114394, 0.62155960113],
      [0.50511534294, 0.2121084174, 0.09708349049, 0.039957175732, 0.054660391904, 0.091075181541],
      [0.13897084963, 0.64775245346, 0.031928023292, 0.046307987389, 0.070234819756, 0.064805866476],
      [0, 0.23753004919, 0.012322954746, 0.04346049871, 0.0093161601507, 0.6973703372]
    ],
    [
      [2.6911220616e-05, 0.11115549164, 6.9615651586e-05, 0.52618597415, 0.15188459268, 0.21067741466],
      [0.044310923584, 0.12841721331, 0.02065005719, 0.06806176791, 0.080858401328, 0.65770163668],
      [0.12975264678, 0.35040027422, 0.36721561247, 0.036579811688, 0.032642769406, 0.083408885437],
      [0.067314242683, 0.81422105061, 0.059312388055, 0.017518856579, 0.022157397752, 0.019476064323],
      [6.9331542375e-05, 0.42481402127, 0.034861394678, 0.038194511188, 0.0046237661935, 0.49743697513]
    ],
    [
      [4.0780116259e-06, 0.08172526995, 2.1769641516e-05, 0.52071118999, 0.15835234254, 0.23918534988],
      [0.00398034234, 0.045679499764, 0.14012719879, 0.0044060319086, 0.0059855630514, 0.79982136414],
      [0, 0.042763694542, 0.94837091893, 0, 0, 0.008865386531],
      [0, 0.67933372602, 0.26073973647, 0, 0, 0.059926537519],
      [0, 0.20190022335, 0.22645092582, 0, 0, 0.57164885084]
    ],
    [
      [2.2585533982e-05, 0.096827033584, 1.2413436881e-05, 0.18316646708, 0.05352192519, 0.66644957518],
      [0.054404738464, 0.03654519321, 0.0026174491159, 0.0061764308263, 0.0088998879192, 0.89135630046],
      [0.42071577674, 0.26611870822, 0.11489769943, 0, 0, 0.1982678156],
      [0.13165550529, 0.75770029359, 0.019341431947, 0, 0, 0.091302769181],
      [5.3101821251e-05, 0.15848662376, 0.005746092711, 0.0047611624077, 0.00073485099446, 0.8302181683]
    ],
    [
      [1.1524414101e-05, 0.12778361031, 4.7202591924e-05, 0.43124723511, 0.16465668655, 0.27625374102],
      [0.02703675013, 0.12265793133, 0.013661281486, 0.04625813318, 0.072689136837, 0.71769676704],
      [0.098474424039, 0.41606629996, 0.30287836774, 0.03009046944, 0.036735926951, 0.11575451187],
      [0.044830688866, 0.85089239157, 0.043096360308, 0.0097408056566, 0.022187552641, 0.029252200959],
      [5.9319441751e-05, 0.4055029873, 0.023136808899, 0.025632446331, 0.004157253106, 0.54151118492]
    ],
    [
      [0, 0.09354473387, 5.83883238e-05, 0.47340259712, 0.20876880557, 0.22422547512],
      [0.053234498397, 0.10242954833, 0.019888367113, 0.05793010239, 0.10494081475, 0.66157666902],
      [0.16257553441, 0.29585668257, 0.37330544654, 0.032770415924, 0.045544142972, 0.089947777576],
      [0.086281018629, 0.76612305036, 0.067040809205, 0.017252315452, 0.036181847221, 0.027120959133],
      [0, 0.37083035527, 0.036839333484, 0.03571293608, 0.0066441481666, 0.549973227]
    ],
    [
      [4.0780116259e-06, 0.08172526995, 2.1769641516e-05, 0.52071118999, 0.15835234254, 0.23918534988],
      [0.0051568794952, 0.099315556297, 0.0077275317823, 0.0070579174548, 0.30008251631, 0.58065959866],
      [0, 0.53614112515, 0.29738474708, 0, 0.15863746811, 0.0078366596516],
      [0, 0.8111068028, 0.067578090783, 0, 0.12131510642, 0],
      [0, 0.43609186785, 0.03367002596, 0, 0.038074765841, 0.49216334035]
    ],
    [
      [4.3402776296e-07, 0.033636236663, 4.5844828354e-06, 0.85510592956, 0.0092079999205, 0.10204481534],
      [0, 0.089390276686, 0.0060614788851, 0.057656412961, 0, 0.84689183147],
      [0, 0.50129603177, 0.25740791536, 0.066394736343, 0, 0.17490131653],
      [0, 0.85607298286, 0.040918366986, 0.048663825039, 0, 0.054344825111],
      [4.9413203749e-06, 0.28703503866, 0.010418602995, 0.034740599918, 0.00098501358735, 0.66681580352]
    ],
    [
      [2.1274660823e-06, 0.099107758291, 0.0001491327549, 0.24826204488, 0.25090291512, 0.40157602149],
      [0.0079360729814, 0.061045538493, 0.051555504805, 0.014433293375, 0.064880806634, 0.80014878371],
      [0, 0.1565441312, 0.7396338927, 0, 0.034068714309, 0.069753261793],
      [0, 0.7310298468, 0.15308120473, 0, 0.055487093059, 0.060401855407],
      [0, 0.24425894197, 0.092873196903, 0, 0.0061180757659, 0.65674978536]
    ],
    [
      [1.4767093476e-06, 0.1343452321, 1.9954902414e-05, 0.16220682133, 0.033588064687, 0.66983845028],
      [0.0034601082765, 0.050811815295, 0.0043906879319, 0.0056202906354, 0.00721607662, 0.92850102124],
      [0, 0.45453838064, 0.27548882009, 0, 0, 0.26997279926],
      [0, 0.86590550161, 0.047889198562, 0, 0, 0.086205299823],
      [0, 0.21143120483, 0.011842689507, 0, 0, 0.77672610567]
    ],
    [
      [2.2767156116e-06, 0.044061528985, 5.7384046793e-06, 0.6831713119, 0.063132266212, 0.20962687778],
      [0.019576416206, 0.058037092591, 0.0018807342223, 0.081149297071, 0.039737024464, 0.79961943544],
      [0.12648328397, 0.35989787654, 0.16269549193, 0.097831532106, 0.037449028844, 0.21564278661],
      [0.068044598508, 0.79614201247, 0.0088209602934, 0.043840536035, 0.027539518032, 0.055612374661],
      [0.00046791097256, 0.22772344803, 0.0075536956972, 0.053248595213, 0.0028668171745, 0.70813953291]
    ],
    [
      [4.9689984116e-06, 0.099361861282, 7.8301423269e-05, 0.31927894502, 0.17497058056, 0.40630534271],
      [0.021755701425, 0.071772199051, 0.030463115117, 0.025492494064, 0.057583510796, 0.79293297955],
      [0.070213367297, 0.22096696864, 0.5627093281, 0.0070720680122, 0.025718179981, 0.11332008797],
      [0.056958318353, 0.7522402315, 0.10641172697, 0, 0.027746238297, 0.056643484876],
      [0.00027427320637, 0.26206540859, 0.056287537136, 0.015391440939, 0.0037445636596, 0.66223677647]
    ],
    [
      [0, 0.092374686897, 8.6748317912e-05, 0.48164560463, 0.12501957791, 0.30087338225],
      [0.044812533555, 0.084507891627, 0.014543170049, 0.047404504693, 0.052278853958, 0.75645304612],
      [0.16985271885, 0.30209531024, 0.34120371749, 0.033584642692, 0.027439282584, 0.12582432814],
      [0.08817839765, 0.77088889243, 0.061533309386, 0.018283974169, 0.0201892036, 0.040926222763],
      [0, 0.30933432701, 0.027336524288, 0.029469850838, 0.0032608970073, 0.63059840085]
    ],
    [
      [6.7785483964e-06, 0.065183036525, 1.7331794557e-05, 0.6160720067, 0.18297425769, 0.13574658874],
      [0.063631244671, 0.10226593812, 0.015233099461, 0.10090594618, 0.13144158208, 0.58652218948],
      [0.19980003198, 0.30702554493, 0.29514689139, 0.06025882836, 0.058742350401, 0.079026352933],
      [0.093307946882, 0.75508333423, 0.05462748482, 0.033203668258, 0.044478781375, 0.019298784438],
      [0, 0.38814258087, 0.029371578099, 0.064898597182, 0.008675569243, 0.50891167461]
    ],
    [
      [4.0780116259e-06, 0.08172526995, 2.1769641516e-05, 0.52071118999, 0.15835234254, 0.23918534988],
      [0.061943822474, 0.18475063832, 0.037632394803, 0.011666910642, 0.013379811265, 0.69062642249],
      [0.14482695378, 0.27567250785, 0.57950053837, 0, 0, 0],
      [0.063919593687, 0.86734158189, 0.068738824426, 0, 0, 0],
      [0.37376035761, 0.57095773078, 0.055281911614, 0, 0, 0]
    ],
    [
      [0, 0.10544531616, 0.0009684248641, 0.49145233123, 0.16246343768, 0.23967049007],
      [0.43109337538, 0.068050147418, 0.014984140517, 0.033096540771, 0.046150328516, 0.4066254674],
      [0.43385316043, 0.27839591112, 0.21766013937, 0.01331960953, 0.017460950481, 0.039310229068],
      [0.20260167847, 0.59966832224, 0.13824049632, 0.011993609982, 0.020600048598, 0.026895844391],
      [0.00058092222875, 0.3829722542, 0.041648755749, 0.03247667963, 0.004616043642, 0.53770534455]
    ],
    [
      [0, 0.067049531572, 3.2355097482e-05, 0.66809806091, 0.10037571978, 0.16444433264],
      [0.01859845183, 0.10238611736, 0.01054077097, 0.10901088875, 0.070484870965, 0.68897890013],
      [0.07797441651, 0.40083215508, 0.27099377496, 0.082811632946, 0.041520591149, 0.12586742935],
      [0.033391307776, 0.83500751306, 0.038261392969, 0.033302058606, 0.027271752907, 0.032765974681],
      [0, 0.36080619203, 0.018955211474, 0.064631805447, 0.0044247888735, 0.55118200218]
    ],
    [
      [4.0780116259e-06, 0.08172526995, 2.1769641516e-05, 0.52071118999, 0.15835234254, 0.23918534988],
      [0.053927322371, 0.025675138715, 0.00099264407191, 0.0011480969287, 0.0023569356221, 0.91589986229],
      [0.6322793057, 0.22881708466, 0, 0, 0, 0.13890360965],
      [0.17096508679, 0.72139786442, 0, 0, 0, 0.10763704879],
      [4.900863725e-05, 0.13950091358, 0.002053397401, 0.001210499974, 0.00035016184184, 0.85683601857]
    ],
    [
      [0, 0.031878064437, 0, 0.59334254373, 0.055736954978, 0.31904243685],
      [0.0048686907757, 0.026742037756, 0.0012166803951, 0.036931259169, 0.022262668059, 0.90797866385],
      [0.058973566395, 0.31341682829, 0.13375193314, 0.083994167376, 0.041161467609, 0.36870203719],
      [0.03562721727, 0.78115994045, 0.010903984488, 0.048097844047, 0.037501753962, 0.086709259786],
      [4.4704229848e-06, 0.11243668448, 0.0038554145665, 0.025626160399, 0.001604463197, 0.85647280693]
    ],
    [
      [1.0773844442e-06, 0.074757501694, 1.5810107403e-05, 0.11060936397, 0.67065127959, 0.14396496726],
      [0.0079245263103, 0.090486874136, 0.010709756764, 0.014944459035, 0.31165037565, 0.56428400811],
      [0, 0.42199254134, 0.31974035149, 0, 0.17076615344, 0.087500953734],
      [0, 0.83834585637, 0.059346158415, 0, 0.079894323664, 0.022413661554],
      [8.1171011009e-06, 0.4020407339, 0.024024456335, 0.011279359618, 0.020483558449, 0.5421637746]
    ],
    [
      [2.1813541485e-06, 0.21020811837, 1.9518286666e-05, 0.15106019689, 0.43675956332, 0.20195042178],
      [0.011032284557, 0.18683739106, 0.0090728511944, 0.015519800137, 0.16279960171, 0.61473807134],
      [0, 0.70151530176, 0.2200396359, 0, 0.078445062338, 0],
      [0, 0.90795450789, 0.028323424358, 0, 0.063722067749, 0],
      [7.6549645829e-06, 0.57979320018, 0.01354883834, 0.0078838566138, 0.0068801389212, 0.39188631098]
    ],
    [
      [4.0780116259e-06, 0.08172526995, 2.1769641516e-05, 0.52071118999, 0.15835234254, 0.23918534988],
      [0.0017146666123, 0.020983109779, 0.0054328838147, 0.00030731068732, 0.0001939753109, 0.9713680538],
      [0, 0.20977358083, 0.6088284924, 0, 0, 0.18139792677],
      [0, 0.75804528383, 0.07823430152, 0, 0, 0.16372041465],
      [1.8866020852e-06, 0.088868356912, 0.012544072012, 0.00048401683945, 0.00011111700241, 0.89799055063]
    ],
    [
      [1.3856503594e-05, 0.12960872735, 3.2060807307e-05, 0.3543141281, 0.19641395237, 0.31961727487],
      [0.028280759404, 0.11075988847, 0.012567244736, 0.033871503874, 0.07724993475, 0.73727066876],
      [0.11014241626, 0.4016880134, 0.29663766642, 0.021642339264, 0.042063595734, 0.12782596893],
      [0.052237482802, 0.84107771853, 0.043175792457, 0.0026339500415, 0.026782738499, 0.034092317672],
      [6.4467898259e-05, 0.37804131018, 0.021905975835, 0.019620425266, 0.0046057897987, 0.57576203102]
    ],
    [
      [2.7614131772e-05, 0.12706243209, 5.0049607392e-05, 0.32230299007, 0.19426821589, 0.35628869821],
      [0.031582426497, 0.098276388959, 0.016431228041, 0.027121967588, 0.068520461671, 0.75806752724],
      [0.12175500861, 0.33861419922, 0.37192751852, 0.01072986943, 0.035544274418, 0.1214291298],
      [0.062950484071, 0.81165853787, 0.0614462743, 0, 0.026363770951, 0.037580932809],
      [4.6577314925e-05, 0.34560602163, 0.02942072641, 0.016323569894, 0.0041683251649, 0.60443477958]
    ],
    [
      [3.2634081981e-05, 0.072189011695, 9.5496495561e-05, 0.23730250555, 0.17873653935, 0.51164381283],
      [0.099930181681, 0.034956875538, 0.025973972394, 0.010809733489, 0.036332451799, 0.7919967851],
      [0.26449980588, 0.11647669198, 0.51538043998, 0, 0.019608611294, 0.084034450875],
      [0.18846728284, 0.54677729285, 0.15156469368, 0, 0.039053604577, 0.074137126054],
      [0.0022211363128, 0.15556271353, 0.057913659215, 0, 0.0035604202481, 0.78074207069]
    ],
    [
      [0, 0.080312687869, 0.00012846533334, 0.60554303141, 0.1480971855, 0.16591862988],
      [0.082577331921, 0.10821051526, 0.020415379158, 0.086903442842, 0.091179334516, 0.6107139963],
      [0.22235049169, 0.28201492344, 0.3434642111, 0.044849180913, 0.035669724716, 0.071651468147],
      [0.10318769016, 0.75116617704, 0.068398421674, 0.027648974834, 0.030631361548, 0.018967374739],
      [0, 0.39385258656, 0.037871667109, 0.053729460656, 0.0058119168373, 0.50873436884]
    ],
    [
      [0.050272887325, 0.1241967142, 0, 0.53236064069, 0, 0.29316975778],
      [0.053700587312, 0.10503879093, 0.004675730319, 0.035276789002, 0, 0.80130810244],
      [0.17896166456, 0.49161119159, 0.16735806437, 0.030844450978, 0, 0.1312246285],
      [0.072885970405, 0.862128442, 0.011835247499, 0.018681809724, 0, 0.034468530373],
      [2.5300714406e-05, 0.39004656908, 0.010066878253, 0.019340399132, 0.0012582529471, 0.57926259987]
    ],
    [
      [1.6593464495e-06, 0.12304897075, 2.5683326974e-05, 0.19762345653, 0.052817638678, 0.62648259137],
      [0.0041052020572, 0.050791278429, 0.0059549392308, 0.0070158187109, 0.009924545727, 0.92220821584],
      [0, 0.43529220058, 0.34302864312, 0, 0, 0.22167915631],
      [0, 0.85986649522, 0.059129613241, 0, 0, 0.081003891537],
      [0, 0.21235270399, 0.01309122245, 0, 0, 0.77455607356]
    ],
    [
      [5.1666900453e-05, 0.10827467512, 5.5287030326e-05, 0.38285761371, 0.29243741799, 0.21632333925],
      [0.030449641573, 0.11576332878, 0.020140969368, 0.043317120708, 0.14099038725, 0.64933855232],
      [0.096839336225, 0.33897755373, 0.39400373389, 0.024254808567, 0.061153780964, 0.084770786624],
      [0.053931972073, 0.80690291557, 0.063655942413, 0.010039320852, 0.044704696411, 0.020765152676],
      [0.00011885638836, 0.41111311265, 0.036338543144, 0.025866673048, 0.0085007410842, 0.51806207368]
    ],
    [
      [6.0215107247e-05, 0.093161863119, 0, 0.35729027013, 0.14427862549, 0.40520902615],
      [0.017051569409, 0.067499910067, 0.014881993288, 0.027256485111, 0.047469245125, 0.825840797],
      [0.077381660941, 0.28507299061, 0.42968451637, 0.021875766135, 0.030112042197, 0.15587302374],
      [0.049288333523, 0.78578903804, 0.075039892475, 0.0094707430436, 0.026657435556, 0.053754557363],
      [0.00021702791485, 0.25346722122, 0.028608220919, 0.01717695354, 0.0032398020909, 0.69729077432]
    ],
    [
      [8.185235064e-06, 0.081127960025, 0, 0.47126706693, 0.21658038539, 0.23101640242],
      [0.025121956819, 0.089292977242, 0.018806793529, 0.056190626882, 0.10872710683, 0.7018605387],
      [0.089795042428, 0.29507938128, 0.4171141868, 0.036969462406, 0.053689797373, 0.10735212972],
      [0.054160702514, 0.77680635546, 0.070007530173, 0.021586900163, 0.043120452556, 0.034318059129],
      [0.00016815109814, 0.33145854972, 0.035745193197, 0.035171321947, 0.0069957138874, 0.59046107015]
    ],
    [
      [5.157307787e-06, 0.068541759472, 1.1490919081e-05, 0.52702043353, 0.041734538087, 0.36268662068],
      [0.040247466194, 0.054341837805, 0.0049893135939, 0.036960646148, 0, 0.86346073626],
      [0.18206638883, 0.33951373726, 0.20731537725, 0.047720280267, 0, 0.22338421639],
      [0.083530203846, 0.79316064724, 0.029767602761, 0.030077630954, 0, 0.063463915197],
      [0.00054535683464, 0.21303587319, 0.0099519317205, 0.024668789675, 0, 0.75179804858]
    ],
    [
      [2.4880871613e-06, 0.10628500515, 2.4726496398e-05, 0.37692182429, 0.1701397418, 0.34662621418],
      [0.01198575721, 0.088688069959, 0.011534270541, 0.034534525683, 0.064935135535, 0.78832224107],
      [0.053152142799, 0.38764372669, 0.32593832061, 0.028656440525, 0.043034131856, 0.16157523751],
      [0.015240875157, 0.8478635299, 0.052020307618, 0.010631885905, 0.029544328012, 0.044699073412],
      [0, 0.31469553612, 0.020902482456, 0.020788363615, 0.0041330580966, 0.63948055971]
    ],
    [
      [2.0121226931e-05, 0.13265175666, 4.9571338057e-05, 0.43140972715, 0.11618928622, 0.3196795374],
      [0.02856615953, 0.11502887383, 0.019393344391, 0.04183436783, 0.046203671892, 0.74897358253],
      [0.095276933503, 0.35851758778, 0.39291385589, 0.023898499004, 0.018543398085, 0.11084972574],
      [0.050555186864, 0.83903335926, 0.063296104969, 0.0073619044821, 0.0066772040634, 0.033076240365],
      [8.5512741934e-05, 0.37844276318, 0.032652023161, 0.023259177253, 0.0023229712811, 0.56323755238]
    ],
    [
      [1.1930741483e-06, 0.040182117426, 2.8196453222e-05, 0.61793215048, 0.028787562778, 0.31306877979],
      [0.018153564765, 0.036388204438, 0.013365198869, 0.042801639219, 0, 0.88929139271],
      [0.035218806717, 0.19955758813, 0.5196583579, 0.052181245234, 0, 0.19338400202],
      [0.018799351584, 0.73730021391, 0.10428529964, 0.047179266442, 0, 0.092435868422],
      [6.0896987657e-06, 0.14515389305, 0.028920174302, 0.028670756249, 0.00091671793283, 0.79633236876]
    ],
    [
      [3.9371470772e-06, 0.064656666315, 2.896662897e-05, 0.1135949244, 0.57880410579, 0.24291139972],
      [0.021857799112, 0.058213909102, 0.014612380784, 0.011900414745, 0.19335760313, 0.70005789312],
      [0.11350341353, 0.23057378646, 0.44437415933, 0, 0.10413075203, 0.10741788865],
      [0.081814617465, 0.71007295838, 0.081305830584, 0, 0.085181054144, 0.041625539427],
      [0.0099456393663, 0.25538994717, 0.032861754655, 0, 0.012318621526, 0.68948403728]
    ],
    [
      [8.7178232862e-06, 0.077422249227, 1.9034447768e-05, 0.62039994873, 0.071694522782, 0.23045552699],
