{
  "Z_true": {},
  "V_true": [
    [278, 23, 190, 36, 1418, 42],
    [14, 775, 75, 332, 172, 47],
    [76, 957, 430, 5209, 489, 364],
    [841, 345, 2158, 155, 17542, 414],
    [37, 163, 717, 445, 530, 698]
  ],
  "p_true": [
    [0.1399, 0.0116, 0.0956, 0.0181, 0.7136, 0.0211],
    [0.0099, 0.5477, 0.053, 0.2346, 0.1216, 0.0332],
    [0.0101, 0.1272, 0.0571, 0.6922, 0.065, 0.0484],
    [0.0392, 0.0161, 0.1006, 0.0072, 0.8176, 0.0193],
    [0.0143, 0.0629, 0.2768, 0.1718, 0.2046, 0.2695]
  ],
  "Z_est": [
    [
      [4.1381, 2.0226, 0.2798, 14.6982, 5.2691, 16.657, 18.5209, 15.2075, 15.6876, 10.6359, 10.9352, 0.1905, 0, 4.752, 4.5395, 1.8481, 9.391, 14.9015, 9.5157, 5.0261, 1.4822, 0.3324, 11.0789, 0.1131, 0.1286, 0.9128, 10.585, 4.8995, 0, 4.1554, 0.7635, 4.1756, 0, 0.1387, 26.2225, 16.8899, 3.5815, 1.8357, 1.1759, 23.73, 1.9043, 15.0905, 1.4901],
      [0.8377, 0.3267, 0.5631, 2.4312, 0.8035, 3.0372, 3.4443, 4.1676, 2.4856, 2.5527, 3.0912, 0.1657, 0.5737, 0.4435, 1.0523, 0.5477, 2.6272, 3.29, 1.7696, 1.7908, 0.5462, 0.0916, 2.3913, 0.219, 0.0414, 0.3009, 3.9892, 1.3764, 0, 0.6761, 0.168, 0.8852, 0.0314, 0.0714, 7.0125, 6.2812, 0.9842, 0.1232, 0.1604, 6.3034, 0.6488, 5.006, 0.8727],
      [5.6651, 3.7755, 0.5847, 34.1314, 9.7439, 36.0273, 36.3074, 32.3248, 34.7725, 35.7721, 22.0102, 0.4236, 3.0632, 4.7985, 8.2582, 2.1307, 20.1175, 29.021, 25.2102, 16.0187, 3.5178, 2.4312, 19.6548, 0.2035, 0.9198, 0.913, 24.952, 15.2221, 0, 10.1113, 0.8981, 4.6949, 0.4527, 0.8917, 64.8303, 53.7359, 10.766, 0.5552, 1.5952, 58.2114, 4.5861, 35.1718, 4.7792],
      [0.0544, 0.0107, 0.0468, 0.2209, 0.1028, 0.1908, 0.1876, 0.2899, 0.2807, 0.1267, 0.1285, 0.1372, 0.0076, 0.1221, 0.1261, 0.1034, 0.1589, 0.3855, 0.1133, 0.0621, 0.0164, 0.0099, 0.1661, 0.0933, 0.0029, 0.0318, 0.148, 0.0905, 0, 0.0527, 0.1771, 0.0536, 0.0576, 0.0032, 0.3289, 0.3353, 0.0824, 0.0116, 0.0214, 0.5306, 0.0336, 0.1532, 0.0526],
      [8.9949, 4.6505, 2.4722, 42.6537, 17.9019, 43.079, 43.6725, 41.768, 46.5993, 38.4118, 27.2479, 0.9566, 2.7915, 8.3907, 12.7735, 6.7272, 28.2343, 46.8406, 24.2495, 13.5994, 5.9073, 2.0129, 27.8889, 0.2608, 0.8949, 2.7253, 42.765, 14.3899, 0, 11.1687, 1.8251, 7.5483, 0.3393, 0.8209, 60.8282, 56.4972, 17.3125, 1.3992, 4.4095, 94.245, 5.0787, 37.4683, 13.1436],
      [0.3097, 0.214, 0.0534, 2.8646, 1.1788, 3.0086, 3.8672, 3.2421, 3.1743, 2.5008, 1.5871, 0.1264, 0.564, 0.4932, 1.2503, 0.6429, 1.4711, 4.5613, 1.1417, 0.5029, 0.5301, 0.122, 1.82, 0.1103, 0.0124, 0.1162, 3.5608, 1.0216, 0, 0.8357, 0.1682, 0.6424, 0.119, 0.074, 3.7776, 4.2604, 1.2733, 0.0751, 0.6376, 5.9796, 0.7485, 3.1101, 0.6618]
    ],
    [
      [0.0253, 0.0053, 0.0003, 0.1976, 0.0332, 0.158, 0.1291, 0.1431, 0.2081, 0.083, 0.0642, 0.0009, 0, 0.0474, 0.057, 0.0152, 0.0811, 0.15, 0.0661, 0.0348, 0.0095, 0.0127, 0.1308, 0, 0.0036, 0.0065, 0.0591, 0.0512, 0, 0.077, 0.004, 0.0516, 0, 0.0038, 0.2613, 0.2037, 0.025, 0.0022, 0.0197, 0.2328, 0.0412, 0.1942, 0.0251],
      [9.0785, 1.7917, 1.9705, 55.3017, 9.0642, 48.2655, 40.1522, 64.4729, 56.3907, 33.5595, 31.2473, 1.8466, 0.9232, 8.314, 22.4505, 7.9809, 37.6635, 56.1689, 20.7894, 21.2226, 6.4133, 7.9994, 46.9728, 0, 2.672, 3.775, 37.4316, 23.916, 0, 22.1188, 1.7906, 19.0328, 1.8363, 5.4022, 116.6864, 127.8626, 11.9349, 3.7666, 5.173, 102.8199, 23.4494, 107.0264, 39.8283],
      [0.2197, 0.0624, 0.0056, 2.936, 0.3994, 2.1684, 1.6078, 1.9111, 2.9668, 1.7757, 0.8306, 0.011, 0.0169, 0.3115, 0.6533, 0.1061, 1.0928, 1.8709, 1.1053, 0.6842, 0.1429, 0.6409, 1.4622, 0, 0.1344, 0.0303, 0.8818, 0.9818, 0, 1.1793, 0.0261, 0.3702, 0.0466, 0.1842, 4.1111, 4.1606, 0.4806, 0.0463, 0.18, 3.6385, 0.5952, 2.8538, 0.7843],
      [0.1123, 0.0151, 0.0047, 1.3901, 0.2971, 0.9506, 0.6195, 1.0772, 1.745, 0.5634, 0.341, 0.0302, 0.0034, 0.4155, 0.9565, 0.2708, 0.7482, 2.2036, 0.373, 0.1533, 0.054, 0.3139, 0.9332, 0, 0.0205, 0.0544, 0.5733, 0.4183, 0, 0.4262, 0.0467, 0.4733, 0.032, 0.069, 1.5062, 2.2136, 0.3737, 0.0223, 0.1787, 2.4728, 0.4792, 1.4063, 0.7492],
      [0.5028, 0.1069, 0.0157, 4.9184, 0.958, 3.5408, 2.6243, 3.4246, 5.3049, 2.3869, 1.2111, 0.0927, 0.0396, 0.747, 1.3827, 0.4621, 2.01, 4.1091, 1.4115, 0.7941, 0.2695, 0.8683, 2.8185, 0, 0.1601, 0.1124, 2.4259, 1.3002, 0, 1.6972, 0.1068, 0.8167, 0.0586, 0.2575, 5.2198, 5.8847, 0.8947, 0.1308, 1.0788, 7.9462, 0.9496, 4.2413, 3.0521],
      [0.0615, 0.0186, 0.0032, 1.2562, 0.248, 0.9167, 0.8671, 0.9711, 1.3845, 0.6315, 0.3058, 0.0185, 0.0169, 0.1646, 0.5, 0.1648, 0.4044, 1.4976, 0.2547, 0.1109, 0.1107, 0.1648, 0.6825, 0, 0.0092, 0.0215, 0.6285, 0.3325, 0, 0.5015, 0.0257, 0.2554, 0.0266, 0.0833, 1.2153, 1.6748, 0.2911, 0.0318, 0.3699, 1.8897, 0.4854, 1.2779, 0.561]
    ],
    [
      [3.1593, 0.8915, 0.1704, 11.8941, 2.8671, 9.7146, 10.5722, 11.7968, 7.581, 9.5084, 6.3341, 0.0507, 0, 3.128, 3.8907, 0.8627, 9.2904, 10.1056, 5.7396, 3.8582, 1.2209, 0.2902, 7.583, 0.1183, 0.1604, 0.4514, 3.3758, 2.5625, 0, 2.1651, 0.5233, 3.8327, 0, 0.2514, 18.8814, 9.4314, 3.0363, 1.5049, 1.9967, 13.9417, 1.76, 13.701, 1.1167],
      [6.4698, 1.4856, 4.9417, 19.249, 4.2783, 17.452, 19.4234, 31.6872, 11.7357, 22.4851, 17.6573, 0.4916, 0.7506, 2.9284, 8.7541, 3.5963, 25.5016, 21.6432, 10.5136, 13.5118, 4.5035, 0.8901, 16.1483, 1.2984, 0.534, 1.6003, 12.6902, 7.089, 0.5536, 3.4788, 1.1707, 8.3479, 0.043, 1.5184, 49.5834, 34.6114, 8.4788, 1.2262, 2.2552, 36.5346, 5.9683, 44.6164, 7.2661],
      [0.8347, 0.3237, 0.0378, 5.1777, 0.9448, 3.9513, 3.9248, 4.7107, 3.1263, 5.9246, 2.4103, 0.0124, 0.108, 0.5665, 1.1813, 0.0937, 3.7114, 3.2821, 2.7527, 2.1492, 0.5368, 0.4189, 2.522, 0.018, 0.2191, 0.0314, 1.4245, 1.4099, 0, 0.9702, 0.0797, 0.7348, 0.0224, 0.3441, 8.4505, 5.549, 1.7405, 0.1062, 0.1865, 6.3201, 0.8189, 5.9597, 0.5688],
      [46.0689, 14.9055, 17.5791, 269.2965, 81.8303, 190.4537, 165.8269, 287.2008, 203.4873, 212.638, 109.8634, 6.9892, 5.2705, 90.2714, 212.6717, 72.9882, 284.3207, 475.5996, 106.6438, 54.6009, 23.4488, 25.8875, 178.2803, 8.5273, 3.9344, 18.2235, 117.3863, 70.3517, 8.0431, 39.9574, 18.3444, 117.7326, 2.781, 17.9999, 350.9683, 330.9231, 159.1315, 5.4069, 100.0882, 482.2539, 74.7641, 326.4486, 77.3992],
      [11.8486, 3.7582, 3.9484, 58.2834, 15.8937, 42.9434, 42.6976, 54.1424, 37.0475, 58.9007, 26.7035, 0.2152, 1.2222, 9.8747, 18.432, 7.6135, 46.7941, 54.0722, 24.8309, 17.3278, 8.4206, 3.76, 32.3115, 0.8609, 2.0301, 2.3079, 24.6761, 12.0991, 2.4033, 9.5746, 2.088, 12.3365, 0.0774, 2.8881, 74.3702, 53.8617, 26.305, 2.2965, 16.6059, 93.8798, 8.2384, 58.931, 19.0455],
      [1.6187, 0.6355, 0.3227, 15.0993, 4.1859, 11.4851, 14.555, 16.462, 10.0222, 14.5432, 6.0314, 0.241, 0.6486, 2.2311, 7.0702, 2.8456, 9.3818, 20.2973, 4.5194, 2.552, 2.8694, 0.7533, 8.1549, 0.1771, 0.1219, 0.3855, 7.4471, 3.4878, 0, 2.8539, 0.7939, 4.0156, 0.0762, 0.998, 17.7463, 15.6233, 7.3079, 0.4593, 6.8676, 23.07, 4.4503, 18.3433, 3.6037]
    ],
    [
      [9.1372, 2.5516, 0.5044, 36.2845, 14.6325, 30.1679, 37.4012, 30.5591, 32.8835, 30.2629, 25.7331, 0.7402, 0, 9.458, 12.8532, 3.741, 25.3013, 26.6394, 18.9755, 10.3492, 4.8367, 1.1559, 29.2137, 0.7686, 0.3845, 1.4582, 14.2951, 13.0693, 0, 8.485, 1.6523, 11.8348, 0, 0.4806, 61.4528, 30.9496, 9.9448, 2.2297, 5.7839, 50.9616, 6.6128, 44.2891, 2.9219],
      [4.093, 0.9702, 1.0891, 11.8783, 3.9703, 11.5601, 14.9475, 17.3786, 9.8336, 15.3099, 14.6063, 1.4207, 0.5377, 1.568, 5.8719, 2.0982, 14.8732, 11.4056, 7.4913, 6.4828, 3.7255, 0.7135, 13.3573, 1.4826, 0.4307, 1.0345, 11.7822, 7.6902, 0.0818, 2.8402, 0.8118, 5.532, 0.0894, 0.6592, 33.4152, 24.0682, 5.6853, 0.731, 0.7489, 28.4381, 4.789, 29.1035, 5.6851],
      [21.4398, 7.682, 1.2626, 139.0994, 43.3367, 108.4241, 123.4509, 107.4519, 120.1015, 168.6575, 86.4554, 2.5121, 3.4596, 16.3874, 38.3662, 4.9758, 89.2061, 85.249, 81.5489, 51.7364, 18.5499, 17.6447, 86.1366, 1.7785, 5.0938, 1.828, 56.0712, 65.2395, 0, 33.5529, 2.927, 22.4021, 2.4783, 5.6233, 249.8014, 163.6612, 52.9491, 2.1222, 10.4636, 209.1519, 26.0817, 170.3492, 21.096],
      [1.1733, 0.2312, 0.7601, 6.5101, 3.3214, 4.541, 4.7997, 5.9081, 7.0209, 5.3281, 3.6845, 0.5548, 0.1352, 2.3449, 6.2187, 1.6111, 6.1198, 11.26, 2.8375, 1.8306, 0.6228, 0.9977, 5.165, 0.3794, 0.0907, 0.2397, 4.0496, 2.6221, 0.2347, 1.0786, 0.2537, 2.8886, 0.1294, 0.1422, 9.7445, 8.5446, 4.4321, 0.2812, 3.4911, 13.9903, 2.3537, 8.7813, 2.3993],
      [173.6519, 52.5737, 36.1246, 905.6887, 420.9303, 680.9145, 775.0725, 719.3472, 837.2166, 965.4855, 554.8992, 30.6266, 23.3367, 150.2768, 314.7875, 104.907, 657.866, 730.6263, 416.7803, 235.1467, 165.6625, 91.4229, 638.3432, 26.8783, 25.94, 33.8176, 552.6712, 324.8007, 14.6835, 192.3589, 31.8251, 192.9588, 9.5247, 29.8976, 1239.1167, 908.0319, 455.0359, 25.8885, 239.0313, 1777.5154, 157.627, 972.0729, 341.1861],
      [2.5048, 0.9912, 0.2591, 27.539, 12.8088, 21.3924, 30.3282, 25.3551, 25.9439, 27.9562, 14.6214, 2.1455, 1.5308, 3.9649, 13.9024, 4.6669, 14.6336, 31.8196, 8.3664, 3.4544, 6.6027, 2.0652, 18.7842, 0.7127, 0.0603, 0.622, 19.1306, 10.5782, 0, 6.6844, 1.5301, 7.3836, 0.7782, 1.197, 34.4693, 30.7445, 14.9528, 0.7473, 11.4811, 50.9428, 9.5359, 35.404, 7.7116]
    ],
    [
      [0.5402, 0.529, 0.0451, 3.9257, 1.1981, 5.3025, 3.3765, 6.2934, 4.6398, 3.5098, 3.9334, 0.0177, 0, 1.6145, 1.6596, 0.533, 3.9363, 4.2034, 2.703, 1.7317, 0.4507, 0.2087, 2.9936, 0, 0.3228, 0.1711, 1.685, 1.4175, 0, 1.1176, 0.0568, 2.1054, 0, 0.1254, 7.182, 4.5254, 1.4124, 0.4276, 1.0237, 6.1339, 0.6817, 5.7252, 0.4462],
      [0.5211, 0.4259, 0.4357, 3.1397, 0.8837, 4.6853, 3.0326, 8.2936, 3.5544, 4.0928, 5.3978, 0.0754, 0.2148, 0.7462, 1.8712, 0.7769, 5.3345, 4.4923, 2.4361, 2.9919, 0.8114, 0.3055, 3.1303, 0, 0.3218, 0.2894, 3.1068, 1.9284, 0.3646, 0.886, 0.059, 2.202, 0, 0.3487, 9.3025, 8.1766, 1.9168, 0.1529, 0.6625, 7.9041, 1.1445, 9.2476, 1.3478],
      [0.8406, 1.1563, 0.1094, 10.6554, 2.5752, 13.4289, 7.7091, 15.6015, 12.0329, 13.8701, 9.2935, 0.0409, 0.3522, 1.9361, 3.541, 0.6936, 9.8721, 9.5769, 8.3829, 6.4115, 1.2526, 1.8643, 6.2244, 0, 1.6328, 0.1974, 4.6705, 5.1467, 0, 3.1864, 0.0691, 2.798, 0, 0.9566, 20.8067, 16.8932, 5.0637, 0.1701, 1.5748, 17.6783, 1.9181, 15.6654, 1.7716],
      [1.5911, 1.8374, 0.6092, 19.5823, 7.4484, 22.8638, 11.5662, 33.524, 27.4661, 17.3438, 14.9826, 0.2886, 0.5833, 9.8461, 20.0269, 7.0265, 26.6525, 43.5514, 11.0324, 5.353, 1.858, 3.7909, 15.4554, 0, 0.9515, 1.4506, 12.8428, 8.5174, 0.7222, 4.4851, 0.1781, 13.852, 0, 1.7857, 29.4521, 34.9834, 15.9803, 0.2779, 11.2206, 46.7524, 6.3695, 30.2106, 6.3997],
      [3.0017, 4.9107, 1.4391, 41.4559, 14.316, 50.5223, 27.9331, 61.3178, 50.8317, 47.8151, 35.9383, 0.1088, 1.61, 10.7108, 17.6242, 7.2901, 44.0956, 49.3518, 25.7278, 17.132, 6.7402, 5.9358, 27.6379, 0, 3.9749, 2.0369, 27.4618, 15.4101, 2.9132, 11.2005, 0.155, 14.3397, 0, 3.136, 61.4652, 56.7245, 26.4519, 1.2851, 17.8745, 90.4136, 7.1063, 54.2865, 15.5727],
      [1.5053, 2.1406, 0.3615, 27.2409, 9.5785, 34.1972, 25.3825, 47.9697, 33.4752, 29.3683, 20.4544, 0.4687, 2.2396, 6.1463, 16.2771, 6.6799, 22.109, 45.8242, 11.7177, 6.3799, 5.8872, 2.8948, 17.5584, 0, 0.7961, 0.8547, 20.233, 10.5799, 0, 8.1244, 0.482, 11.703, 0, 2.6476, 36.7915, 40.697, 18.1748, 0.6864, 19.6439, 55.1178, 9.78, 41.8647, 7.4619]
    ]
  ],
  "V_est": [
    [294.9026, 74.1815, 679.2511, 5.309, 870.9446, 62.4112],
    [2.9148, 1246.5628, 43.6664, 25.0874, 76.3328, 20.4358],
    [199.3205, 494.9628, 83.6559, 5466.7885, 1005.9179, 274.3544],
    [660.9565, 340.2819, 2525.8057, 149.1032, 17232.5494, 546.3033],
    [87.9056, 107.011, 237.6209, 530.7119, 965.2553, 661.4953]
  ],
  "p_est": [
    [0.1484, 0.0373, 0.3418, 0.0027, 0.4383, 0.0314],
    [0.0021, 0.881, 0.0309, 0.0177, 0.0539, 0.0144],
    [0.0265, 0.0658, 0.0111, 0.7265, 0.1337, 0.0365],
    [0.0308, 0.0159, 0.1177, 0.0069, 0.8032, 0.0255],
    [0.0339, 0.0413, 0.0917, 0.2049, 0.3727, 0.2554]
  ],
  "EI_Z": {},
  "EI_V": 8.6335,
  "MAE_Z": {},
  "MAE_V": 201.2879,
  "MAE_p": 0.0658,
  "runtime": 0.325
}
