{
  "Z_true": {},
  "V_true": [
    [884, 241, 2143, 241],
    [1336, 1269, 14424, 736],
    [87, 7383, 388, 312],
    [98, 1246, 814, 898]
  ],
  "p_true": [
    [0.2519, 0.0687, 0.6107, 0.0687],
    [0.0752, 0.0714, 0.8119, 0.0414],
    [0.0106, 0.9037, 0.0475, 0.0382],
    [0.0321, 0.4077, 0.2664, 0.2938]
  ],
  "Z_est": [
    [
      [10.5488, 4.7304, 11.8367, 19.0594, 6.4538, 8.1194, 47.2154, 40.5652, 26.4917, 41.7214, 27.0116, 13.6027, 34.8536, 23.1877, 98.0417, 13.6333, 58.9063, 103.7129, 80.5247, 0, 2.4206, 7.5859, 7.9015, 18.6873, 5.7057, 14.7224, 35.7941, 34.0997, 13.3284, 15.635, 0, 97.5665, 69.4239, 39.6312, 30.2623, 11.6802, 44.9029, 27.5034, 17.922, 14.5575, 24.827, 23.9129, 3.6228, 2.1547, 1.6238, 17.1957, 20.2238, 6.822, 97.0857, 9.516, 155.552, 40.0793],
      [0.0558, 0.0682, 0.066, 0.0792, 0.0404, 0.0585, 0.3775, 0.1502, 0.1284, 0.3234, 0.0956, 0.0894, 0.1645, 0.0945, 0.4731, 0.0508, 0.3162, 0.2537, 0.3968, 0, 0, 0.0595, 0.0846, 0.153, 0.0297, 0.0882, 0.5514, 0.3519, 0.0836, 0.251, 0, 0.283, 0.2806, 0.4211, 0.1706, 0.0257, 0.0035, 0.2016, 0.2497, 0.3221, 0.2038, 0.1237, 0.0192, 0.0131, 0.0026, 0.157, 0.2776, 0.0277, 0.9301, 0.0555, 0.6164, 0.3536],
      [10.534, 7.3776, 18.6873, 21.4634, 0.4241, 7.3471, 52.0448, 33.4484, 18.7541, 42.18, 16.607, 13.9764, 34.2712, 15.0235, 86.272, 9.4612, 60.4709, 55.5221, 54.9878, 0, 1.9483, 11.1659, 9.1889, 20.5433, 3.2889, 10.2984, 54.2701, 41.515, 13.9868, 26.5812, 0, 73.753, 82.1636, 53.2725, 33.6643, 9.4109, 36.2438, 33.7353, 26.5129, 29.2949, 23.1458, 31.1437, 2.0817, 3.4117, 0.274, 23.9626, 32.3758, 9.8094, 124.9122, 17.4333, 98.2333, 69.4969],
      [1.8614, 0.8237, 4.41, 3.398, 0.0816, 1.475, 9.3623, 7.8361, 6.6258, 11.7753, 5.2858, 3.3316, 7.7107, 5.6942, 17.2132, 2.8547, 17.3066, 15.5113, 17.0906, 0, 0.6312, 2.1888, 1.825, 5.6164, 0.9758, 1.8911, 10.3844, 9.0333, 2.6011, 4.5328, 0, 23.3974, 19.1319, 6.6752, 6.9027, 1.8832, 10.8498, 7.5596, 5.3154, 4.8255, 4.8234, 4.8197, 0.2763, 0.4204, 0.0996, 3.6847, 5.1229, 2.341, 24.0719, 2.9952, 27.5983, 9.0702]
    ],
    [
      [11.45, 3.9606, 16.5794, 5.3983, 12.6782, 4.6835, 11.6085, 11.0929, 15.5886, 18.2168, 12.7709, 3.1764, 11.7238, 9.9742, 37.659, 5.4939, 18.4611, 39.5633, 28.6687, 0, 1.1921, 13.1538, 9.1521, 17.6789, 11.9518, 4.9797, 13.9896, 27.7283, 13.1973, 8.8368, 0.2749, 34.3467, 25.8421, 11.0388, 22.2474, 8.4962, 19.1633, 12.6329, 6.2679, 3.4425, 9.6728, 15.1846, 1.1391, 0.7028, 5.0077, 5.0369, 18.2503, 10.0202, 33.3657, 4.5785, 70.1303, 6.9516],
      [17.424, 17.9089, 30.4193, 7.4656, 8.135, 11.7066, 25.1852, 13.5957, 19.8489, 40.9799, 13.0703, 10.1475, 17.1783, 10.0599, 53.1975, 6.0982, 28.7928, 29.3706, 36.7619, 0, 0.6723, 31.8356, 29.4857, 41.7999, 19.288, 7.8389, 70.172, 87.137, 23.5363, 54.0545, 0, 35.0436, 39.4496, 28.6795, 36.9956, 7.6336, 15.45, 26.8409, 27.8803, 47.2215, 27.5031, 24.4505, 1.7778, 1.1602, 3.4085, 12.3029, 84.8892, 13.0126, 93.8532, 10.5838, 77.3548, 18.0727],
      [217.7139, 131.4278, 559.6259, 114.2501, 41.8472, 81.1016, 244.2904, 178.6688, 216.5747, 351.6432, 161.2209, 63.5159, 220.9622, 129.4908, 638.5582, 76.8649, 360.6697, 460.3478, 387.0314, 4.0909, 19.8387, 398.6056, 209.0454, 373.9792, 141.0795, 69.9425, 461.3177, 669.5837, 263.4505, 374.7551, 2.7251, 506.9214, 590.6458, 284.0435, 473.3852, 134.7671, 301.6542, 302.4712, 198.1499, 281.5706, 174.2258, 380.9702, 14.4721, 20.0793, 32.5371, 137.965, 663.3519, 287.8807, 850.9765, 192.7212, 900.8792, 257.8674],
      [12.4121, 2.7027, 42.3754, 5.8859, 3.3396, 5.5083, 13.9159, 13.6426, 22.9877, 31.1602, 15.9379, 5.1603, 16.1358, 14.4751, 40.5854, 7.543, 32.0764, 40.7182, 37.5381, 0.9091, 2.2969, 25.4051, 13.3168, 32.542, 13.6806, 4.239, 27.5207, 46.5511, 15.8159, 19.3536, 0, 48.6883, 44.0624, 9.2382, 31.3718, 9.1031, 27.7325, 22.055, 12.7018, 13.7653, 11.5984, 18.3947, 0.611, 1.0576, 4.0467, 6.6952, 30.5086, 22.0865, 51.8047, 11.1165, 79.6356, 10.1082]
    ],
    [
      [1.9772, 0.309, 1.5839, 0.5301, 0.8679, 0.1762, 1.1518, 1.3232, 1.8951, 2.0254, 1.2175, 0.2155, 2.3971, 1.8234, 7.2284, 0.8658, 3.5949, 8.7238, 3.7757, 0, 0.3866, 1.2521, 0.9292, 1.5983, 1.3301, 0.2889, 1.2163, 3.1457, 1.4495, 0.5282, 0.6873, 5.0267, 2.6789, 1.3026, 2.4303, 0.8135, 1.8939, 0.8427, 0.81, 0, 1.4655, 1.867, 0.2165, 0.1409, 0.3685, 0.7582, 1.5259, 2.1411, 5.5162, 0.9056, 11.3096, 0.969],
      [119.8343, 59.7819, 120.5832, 31.3211, 14.857, 19.1973, 99.1544, 66.1699, 94.7264, 180.307, 49.1957, 29.8378, 141.232, 73.2087, 404.9863, 40.3378, 221.7254, 260.9011, 191.2349, 1.9794, 14.1413, 119.1971, 123.594, 149.9165, 90.8219, 18.9191, 604.6508, 411.9968, 102.8895, 206.9089, 3.9422, 206.4905, 168.3576, 130.8317, 162.0519, 32.5615, 69.2324, 70.9728, 241.8883, 301.9772, 166.8529, 123.2508, 13.4314, 11.228, 9.0299, 74.3526, 332.4982, 128.5069, 642.5894, 89.478, 497.6715, 99.4654],
      [5.2879, 1.875, 7.4696, 1.6328, 1.0659, 0.44, 3.4746, 3.0627, 3.9438, 5.6166, 2.2506, 0.5992, 6.3944, 3.7029, 17.8454, 1.7144, 10.2849, 16.2383, 7.6171, 0.6323, 0.7591, 5.4442, 3.2407, 4.8792, 2.3736, 0.5723, 17.2349, 11.9219, 4.1184, 6.0443, 0.3706, 11.1981, 8.9409, 5.0648, 7.4818, 1.8714, 4.4154, 2.8963, 6.7152, 9.5686, 4.0944, 6.8729, 0.2527, 0.417, 0.3644, 2.9909, 10.574, 9.1864, 21.9744, 5.6489, 22.4323, 5.3296],
      [1.9005, 0.0341, 3.3633, 0.516, 0.2091, 0.1865, 1.2192, 1.4443, 2.4348, 3.051, 1.3362, 0.3474, 2.9764, 2.265, 6.9399, 1.0819, 5.3947, 8.1369, 4.3723, 0.3884, 0.713, 2.1065, 1.2361, 2.6059, 1.4744, 0.2197, 4.898, 4.9356, 1.5425, 1.5185, 0, 6.2847, 4.0226, 0.8009, 3.036, 0.7536, 2.4583, 1.2882, 2.5864, 1.4542, 1.5872, 2.0093, 0.0994, 0.2141, 0.2371, 0.8983, 2.402, 4.1656, 7.92, 1.9675, 11.5866, 1.2359]
    ],
    [
      [0.024, 0, 0, 0.0123, 0, 0.0209, 0.0243, 0.0187, 0.0246, 0.0364, 0, 0.0054, 0.0255, 0.0147, 0.0709, 0.007, 0.0376, 0, 0.0308, 0, 0.0007, 0.0082, 0.0172, 0.0355, 0.0124, 0.0091, 0, 0.0264, 0.0248, 0, 0.0378, 0.06, 0.0551, 0.0274, 0.0599, 0.0101, 0.0398, 0.021, 0, 0, 0.0347, 0.0356, 0.0216, 0.0016, 0, 0.0092, 0, 0.0166, 0.0324, 0, 0.008, 0],
      [11.6858, 16.2409, 22.9315, 5.134, 0.9675, 11.0376, 18.283, 10.0841, 13.2963, 28.3897, 15.6383, 5.9253, 13.4252, 8.6368, 41.3432, 3.5132, 20.1656, 18.4746, 22.6065, 0.0206, 0.1865, 18.9079, 23.8358, 31.1306, 13.8604, 6.1538, 60.6258, 67.5142, 14.4906, 34.7856, 0.0578, 31.1829, 36.9122, 24.0677, 35.7819, 3.7792, 15.3141, 20.9846, 16.9817, 41.4792, 32.4403, 22.1751, 3.7716, 0.5986, 1.559, 10.1875, 55.3351, 14.4529, 75.6273, 8.8827, 68.3573, 13.1083],
      [16.4642, 13.3196, 43.2173, 8.6536, 0.6628, 8.1113, 20.1902, 14.8202, 16.7274, 27.5603, 21.9216, 3.9085, 19.3721, 12.7828, 56.3245, 4.9595, 28.5745, 32.8919, 27.3637, 0.2768, 0.4539, 26.7843, 18.5249, 31.5983, 11.258, 6.1868, 45.1773, 57.9794, 18.4442, 26.6194, 0.9044, 50.1275, 60.2497, 27.6192, 51.4687, 6.9506, 29.6867, 26.8972, 13.622, 28.5658, 22.5339, 38.0131, 3.1935, 1.092, 1.8245, 13.0815, 48.6984, 31.1236, 78.1369, 17.1965, 91.4552, 21.306],
      [6.826, 3.4395, 23.8512, 3.2001, 0.3697, 3.8302, 8.5026, 8.077, 13.9517, 18.0136, 16.4401, 2.1607, 10.1771, 11.5657, 26.2615, 3.5203, 19.2223, 21.6336, 19.9991, 0.7026, 0.3589, 12.2996, 8.6221, 20.2357, 7.8692, 2.6502, 20.197, 29.48, 8.0404, 10.5951, 0, 37.6296, 32.783, 8.2857, 24.6895, 3.2601, 20.9594, 14.0972, 6.3963, 10.955, 10.9911, 13.7763, 1.0133, 0.3078, 1.6165, 4.7218, 17.9665, 17.4069, 35.2034, 6.9208, 60.1795, 6.5857]
    ]
  ],
  "V_est": [
    [1582.1633, 9.6733, 1565.9714, 351.1919],
    [724.4018, 1396.7298, 14611.7547, 1032.1136],
    [97.4767, 7640.2688, 306.3982, 125.8563],
    [0.9582, 1092.328, 1284.8757, 677.8381]
  ],
  "p_est": [
    [0.4509, 0.0028, 0.4463, 0.1001],
    [0.0408, 0.0786, 0.8225, 0.0581],
    [0.0119, 0.9352, 0.0375, 0.0154],
    [0.0003, 0.3574, 0.4204, 0.2218]
  ],
  "EI_Z": {},
  "EI_V": 6.6418,
  "MAE_Z": {},
  "MAE_V": 269.8218,
  "MAE_p": 0.0565,
  "runtime": 0.193
}
