{
  "X": [
    [28, 33, 170, 665, 86],
    [31, 33, 58, 434, 22],
    [83, 128, 245, 821, 83],
    [10, 9, 51, 188, 37],
    [12, 11, 36, 201, 36],
    [5, 10, 28, 182, 8],
    [51, 38, 114, 792, 49],
    [12, 14, 61, 246, 18],
    [52, 48, 417, 1711, 198],
    [29, 40, 296, 1009, 112],
    [16, 12, 235, 441, 50],
    [17, 20, 126, 353, 41],
    [38, 34, 180, 683, 81],
    [15, 33, 197, 782, 118],
    [4, 3, 31, 144, 27],
    [33, 25, 171, 647, 64],
    [19, 51, 58, 184, 21],
    [7, 5, 51, 155, 16],
    [20, 34, 231, 674, 122],
    [71, 56, 171, 570, 52],
    [13, 23, 70, 81, 17],
    [62, 106, 503, 598, 139],
    [26, 67, 333, 231, 82],
    [13, 30, 112, 118, 36],
    [72, 67, 294, 689, 82],
    [52, 118, 359, 854, 103],
    [30, 75, 233, 370, 70],
    [34, 73, 264, 382, 68],
    [41, 74, 395, 386, 96],
    [31, 55, 301, 435, 97],
    [28, 29, 167, 317, 50],
    [31, 66, 198, 296, 54],
    [33, 57, 285, 269, 65],
    [51, 74, 391, 1140, 96],
    [18, 43, 189, 183, 48],
    [25, 57, 309, 270, 68],
    [43, 41, 92, 742, 39],
    [9, 34, 95, 187, 30],
    [52, 134, 386, 1145, 106],
    [28, 36, 187, 604, 109],
    [153, 106, 791, 1361, 319],
    [26, 8, 76, 288, 17]
  ],
  "W": [
    [223, 609, 39, 111],
    [95, 371, 43, 69],
    [354, 744, 125, 137],
    [66, 185, 9, 35],
    [58, 191, 12, 35],
    [37, 158, 14, 24],
    [177, 696, 52, 119],
    [88, 217, 21, 25],
    [526, 1569, 77, 254],
    [379, 931, 49, 127],
    [274, 397, 19, 64],
    [157, 330, 26, 44],
    [252, 636, 49, 79],
    [250, 707, 66, 122],
    [52, 137, 5, 15],
    [224, 581, 44, 91],
    [112, 164, 26, 31],
    [66, 140, 9, 19],
    [321, 603, 51, 106],
    [248, 512, 73, 87],
    [87, 72, 19, 26],
    [641, 467, 145, 155],
    [388, 184, 71, 96],
    [133, 106, 31, 39],
    [414, 600, 83, 107],
    [496, 704, 155, 131],
    [299, 324, 77, 78],
    [340, 300, 88, 93],
    [505, 314, 104, 69],
    [392, 382, 65, 80],
    [206, 277, 38, 70],
    [247, 255, 71, 72],
    [348, 209, 64, 88],
    [511, 978, 100, 163],
    [210, 166, 46, 59],
    [349, 233, 63, 84],
    [152, 682, 46, 77],
    [123, 167, 46, 19],
    [507, 970, 167, 179],
    [245, 571, 57, 91],
    [995, 1306, 142, 287],
    [97, 252, 21, 45]
  ],
  "method": "mvn_pdf",
  "cond_prob": [
    [
      [0.033448375542, 0.060652562812, 0.69562979492, 0.090638932934, 0.11963033379],
      [0.0085454881392, 0.00033409398373, 0.0007966985066, 0.95187936494, 0.038444354429],
      [0.08215237014, 0.44180197014, 0.19626391349, 0.27586659694, 0.0039151492876],
      [0.10930511299, 0.018385030823, 0.060676339775, 0.48949718402, 0.32213633239]
    ],
    [
      [0.087373131377, 0.10914131502, 0.54078133323, 0.17225428912, 0.090449931253],
      [0.0119921648, 0.0021371171336, 0.0017077455488, 0.9780223653, 0.0061406072201],
      [0.12699066104, 0.47309107807, 0.090133524734, 0.30913320838, 0.00065152777968],
      [0.18536030368, 0.021678090718, 0.030673306972, 0.60140314562, 0.16088515301]
    ],
    [
      [0.086409248493, 0.12414920545, 0.61760155259, 0.086795652091, 0.085044341381],
      [0.0089717289906, 0, 0.0076050426701, 0.95387868228, 0.029544546056],
      [0.10847730739, 0.62732099826, 0.10644264436, 0.15601027524, 0.0017487747526],
      [0.23486493606, 0.041139098464, 0.05405524155, 0.44589281121, 0.22404791271]
    ],
    [
      [0.033482230914, 0.056593371701, 0.69966201069, 0.060324800546, 0.14993758615],
      [0.015693915192, 0.0014838725778, 0.0029570867895, 0.91969190578, 0.060173219657],
      [0.090540807276, 0.48241991633, 0.22118496663, 0.20078278785, 0.0050715219118],
      [0.11634089096, 0.018529765539, 0.065273758258, 0.34481472867, 0.45504085657]
    ],
    [
      [0.054502338403, 0.073638827255, 0.56148062423, 0.10091692556, 0.20946128454],
      [0.015439134177, 0.0020850452133, 0.0029137629273, 0.93235300506, 0.047209052622],
      [0.11466174789, 0.47987248126, 0.13616420589, 0.2640652379, 0.0052363270613],
      [0.128972822, 0.016349560238, 0.035532131562, 0.3971031856, 0.42204230059]
    ],
    [
      [0.032940244355, 0.077747358716, 0.6646865221, 0.14844029831, 0.076185576524],
      [0.0048288185131, 0.0023560700503, 0.002078376477, 0.98455429707, 0.006182437889],
      [0.062289279313, 0.44906168513, 0.14047664255, 0.34703963098, 0.0011327620197],
      [0.089425321809, 0.019342711156, 0.046314258467, 0.67039896632, 0.17451874224]
    ],
    [
      [0.081807860291, 0.078415085832, 0.57662732477, 0.16158461293, 0.10156511617],
      [0.011251169405, 0.0021013819936, 0.0027721482404, 0.97117261075, 0.012702689616],
      [0.14093965303, 0.39865114351, 0.11425180576, 0.34425597318, 0.0019014245151],
      [0.17949859551, 0.016202592248, 0.034171886055, 0.58455525905, 0.18557166714]
    ],
    [
      [0.051088977159, 0.061726688341, 0.64011082446, 0.14578679723, 0.10128671281],
      [0.010215551683, 0.0016753545373, 0.0022912990063, 0.9683845649, 0.017433229877],
      [0.10267779826, 0.37382833971, 0.14861580701, 0.37238871817, 0.0024893368561],
      [0.12524646126, 0.014164174299, 0.042084144643, 0.60844592718, 0.21005929262]
    ],
    [
      [0.033769597547, 0.034762230572, 0.71882771362, 0.096321764005, 0.11631869425],
      [0.0028629109797, 0, 0.0030222935603, 0.95782163692, 0.036293158543],
      [0.080285254761, 0.34536392261, 0.23409279556, 0.33585262392, 0.0044054031542],
      [0.09276897538, 0.012291514481, 0.0635019637, 0.51831477074, 0.31312277569]
    ],
    [
      [0.02683331912, 0.048871197556, 0.7246383586, 0.09224857195, 0.10740855277],
      [0.0039409196075, 0, 0.0020638608761, 0.9590505207, 0.034944698815],
      [0.071529849877, 0.39695827742, 0.22324687012, 0.30441112683, 0.0038538757573],
      [0.091781206733, 0.015959531754, 0.066941031329, 0.52161898617, 0.30369924401]
    ],
    [
      [0.029607294368, 0.019253512534, 0.80338049967, 0.072933538973, 0.074825154451],
      [0, 0, 0.0073840694984, 0.96242841538, 0.030187515123],
      [0.076817102964, 0.31370381921, 0.30878978574, 0.29736010951, 0.0033291825823],
      [0.10043869355, 0.011940078136, 0.094925962023, 0.52003573961, 0.27265952668]
    ],
    [
      [0.033720883164, 0.052177691321, 0.74246529091, 0.07496209924, 0.096674035368],
      [0.011452401116, 0, 0.00040515647707, 0.95064498233, 0.037497460073],
      [0.090057929529, 0.42297908682, 0.23044556322, 0.25299762452, 0.0035197959004],
      [0.12693233653, 0.018423777392, 0.075174160141, 0.47591290935, 0.30355681659]
    ],
    [
      [0.051151795421, 0.054783651776, 0.65961273039, 0.10290190144, 0.13154992097],
      [0.012355665675, 0, 0.0015042689029, 0.9494507784, 0.036689287019],
      [0.12066908019, 0.38881868746, 0.18087994081, 0.30547248981, 0.0041598017361],
      [0.14352859817, 0.014460810971, 0.050098225567, 0.48417561737, 0.30773674792]
    ],
    [
      [0.012392815641, 0.035234254912, 0.69440021931, 0.10077662391, 0.15719608623],
      [0, 0, 0.0023088949456, 0.95352061505, 0.044170490007],
      [0.062914688278, 0.34653452899, 0.22820027187, 0.35643688884, 0.0059136220209],
      [0.063519890684, 0.010820961959, 0.054969987734, 0.48476995509, 0.38591920453]
    ],
    [
      [0.034955714415, 0.029115616403, 0.52701935365, 0.12868392208, 0.28022539346],
      [0.0055538689975, 0, 0.016914906204, 0.93987537699, 0.037655847806],
      [0.092485333941, 0.28005709219, 0.16916209627, 0.44836221448, 0.0099332631214],
      [0.063933075204, 0.0057134990729, 0.028789398605, 0.42024655543, 0.48131747169]
    ],
    [
      [0.048549551815, 0.040313237511, 0.69512253346, 0.10969747709, 0.10631720013],
      [0.0091946890423, 0, 0.0023342977823, 0.96043577292, 0.028035240258],
      [0.11117246528, 0.33776602991, 0.20213283388, 0.34536722783, 0.0035614430948],
      [0.13067250096, 0.012177247048, 0.055411876963, 0.54086179167, 0.26087658336]
    ],
    [
      [0.10319250681, 0.225478333, 0.49628570833, 0.099192525324, 0.075850926546],
      [0, 0, 0, 0.96149223653, 0.038507763466],
      [0.040920256131, 0.85235549115, 0.038477756552, 0.065644432965, 0.0026020632044],
      [0.20575847027, 0.11565109465, 0.045663838618, 0.435450165, 0.19747643146]
    ],
    [
      [0.042570030835, 0.030310412559, 0.72241865428, 0.10245649144, 0.10224441088],
      [0.0078748535328, 0, 0.0010256455557, 0.96153248906, 0.029567011857],
      [0.10056856262, 0.31131119929, 0.22702204288, 0.35727617695, 0.0038220182549],
      [0.11488323193, 0.010405893552, 0.059662108104, 0.54778092129, 0.26726784513]
    ],
    [
      [0.025622842757, 0.043474554457, 0.6571166212, 0.10491941747, 0.16886656411],
      [0.00078995696428, 0, 0.0070740544814, 0.94935069378, 0.042785294779],
      [0.071346817673, 0.36884170582, 0.2061249628, 0.3479072927, 0.0057792210098],
      [0.072264487964, 0.011639066247, 0.049882421134, 0.47282195016, 0.39339207449]
    ],
    [
      [0.10832666303, 0.082685080828, 0.61563881837, 0.10520136584, 0.088148071932],
      [0.0018337301269, 0.0042420867242, 0.0099237623974, 0.95781957064, 0.026180850116],
      [0.21561054011, 0.4321555266, 0.12825241391, 0.22179853739, 0.0021829819882],
      [0.31559250937, 0.020399978277, 0.04457678714, 0.42890974571, 0.1905209795]
    ],
    [
      [0.048721460822, 0.10720776967, 0.73405937308, 0.036876484638, 0.073134911791],
      [0.021217714174, 0, 0.010067017624, 0.92400700142, 0.044708266784],
      [0.084569764421, 0.65316682111, 0.15659839088, 0.10357950404, 0.0020855195478],
      [0.21641276784, 0.048567478381, 0.093716917166, 0.35750889068, 0.28379394594]
    ],
    [
      [0.036188273707, 0.059238864576, 0.71912755531, 0.076954317429, 0.10849098897],
      [0.011627333, 2.324752245e-05, 0.00094064912703, 0.94673410199, 0.040674668358],
      [0.091782417352, 0.44779973808, 0.21233546402, 0.24434922189, 0.0037331586581],
      [0.12945097759, 0.019910123824, 0.069750397536, 0.45881819176, 0.32207030928]
    ],
    [
      [0.020942042774, 0.067543278841, 0.78373945611, 0.036708623422, 0.091066598848],
      [0.01132185101, 0.0017744665047, 0.0054407099317, 0.92476277713, 0.056700195421],
      [0.064562580503, 0.528450033, 0.24965798463, 0.15391877664, 0.0034106252301],
      [0.11674295419, 0.030695350309, 0.10606545304, 0.37158822894, 0.37490801352]
    ],
    [
      [0.029250833485, 0.07878344079, 0.75775287007, 0.033881333287, 0.10033152237],
      [0.016582742278, 0.0022031587368, 0.0063501811805, 0.9100059449, 0.064857972901],
      [0.069893536196, 0.57883604018, 0.21799113876, 0.13015615991, 0.0031231249537],
      [0.13295304725, 0.034470520597, 0.097128814714, 0.33329003989, 0.40215757755]
    ],
    [
      [0.070288273777, 0.069915012455, 0.66011198805, 0.10252051103, 0.097164214693],
      [0.01196572927, 0.0012373673986, 0.0034100569304, 0.95559215002, 0.027794696382],
      [0.15379620472, 0.42526345236, 0.15825531775, 0.26002581235, 0.0026592128195],
      [0.21454329068, 0.018840166904, 0.051704779601, 0.482421271, 0.23249049181]
    ],
    [
      [0.038907812578, 0.081492251597, 0.66018909489, 0.11560873131, 0.10380210963],
      [0.0082017492707, 0.00049173076741, 0.0015797261872, 0.96386629494, 0.025860498838],
      [0.077657267674, 0.47952379687, 0.15236304561, 0.28779395171, 0.0026619381334],
      [0.11367035867, 0.022194475062, 0.052044348324, 0.56097813069, 0.25111268725]
    ],
    [
      [0.035214032218, 0.090834254134, 0.71097291188, 0.063234450111, 0.09974435166],
      [0.011433686724, 0, 0.0036357847441, 0.94058905228, 0.044341476254],
      [0.069952588569, 0.58633775275, 0.17231386714, 0.16849592501, 0.0028998665289],
      [0.13307872498, 0.034519885279, 0.076576119509, 0.42779308017, 0.32803219006]
    ],
    [
      [0.035547373743, 0.076723302442, 0.7098285601, 0.083837558538, 0.094063205182],
      [0.010555552286, 3.7236177842e-05, 0.00092703361861, 0.95592446838, 0.03255570954],
      [0.078532490361, 0.50582296663, 0.18185455975, 0.23102167802, 0.0027683052403],
      [0.12727277516, 0.025704142504, 0.068569658321, 0.4987955045, 0.27965791952]
    ],
    [
      [0.036089344595, 0.054110777548, 0.72507453143, 0.071042517763, 0.11368282866],
      [0.012229941677, 0, 0.0013087755502, 0.94085380638, 0.045607476394],
      [0.095539133931, 0.43637483721, 0.22568408135, 0.23832474884, 0.0040771986659],
      [0.13041462846, 0.018711221276, 0.071815386143, 0.43347332533, 0.34558543879]
    ],
    [
      [0.031419544908, 0.059183107036, 0.71555084698, 0.070906943151, 0.12293955793],
      [0.010711156575, 0.00031822012484, 0.0018600658708, 0.93812340825, 0.048987149181],
      [0.083464794207, 0.46276559626, 0.21846215662, 0.23115530949, 0.0041521434179],
      [0.11458331201, 0.019986227462, 0.069918533022, 0.42270301521, 0.37280891229]
    ],
    [
      [0.041652619417, 0.054571331515, 0.74198028925, 0.069915768443, 0.091879991377],
      [0.014981884007, 0.00010829035927, 0.00071539233108, 0.94654193881, 0.037652494491],
      [0.10872687728, 0.43041178194, 0.22603027312, 0.23155375375, 0.0032773139085],
      [0.15911367419, 0.019609450922, 0.076639233725, 0.45151702868, 0.29312061248]
    ],
    [
      [0.040308666193, 0.090013233367, 0.72317643753, 0.058755095521, 0.087746567393],
      [0.015030463987, 0, 0.0040455548009, 0.93993197585, 0.040992005358],
      [0.080787426439, 0.58049986715, 0.17601720928, 0.16014986423, 0.0025456328958],
      [0.15937616467, 0.035433899869, 0.081202522188, 0.42269718338, 0.30129022989]
    ],
    [
      [0.034266443447, 0.066030256071, 0.75480396055, 0.059361594493, 0.085537745439],
      [0.013697893005, 0.00078127843963, 0.0020542976582, 0.94384346872, 0.039623062181],
      [0.086002773166, 0.49300359455, 0.22244741531, 0.19568385521, 0.0028623617642],
      [0.14441182454, 0.026204018661, 0.087070897025, 0.43812628888, 0.30418697089]
    ],
    [
      [0.035274168035, 0.059740811065, 0.70414345543, 0.1171405156, 0.083701049867],
      [0.0072334595043, 0.00051936696741, 0.0030885923452, 0.97136970303, 0.017788878157],
      [0.080679907295, 0.40154874583, 0.18556632276, 0.33000616715, 0.0021988569735],
      [0.10940236815, 0.017236994287, 0.058928948999, 0.59595711811, 0.21847457045]
    ],
    [
      [0.022960776639, 0.070806553001, 0.80267351504, 0.025331934276, 0.078227221047],
      [0.014693224048, 0.0036349973076, 0.0090152277805, 0.91388156558, 0.05877498528],
      [0.064633365587, 0.55222393896, 0.25531262066, 0.12504335291, 0.0027867218873],
      [0.13162757452, 0.03601547669, 0.12199412679, 0.34277897765, 0.36758384435]
    ],
    [
      [0.021504487045, 0.06244114949, 0.80423347349, 0.034698243298, 0.077122646675],
      [0.011922657408, 0.0023915745094, 0.0069715860636, 0.92793327207, 0.05078090995],
      [0.066992048785, 0.5093917734, 0.26766423764, 0.15305453534, 0.0028974048347],
      [0.12495780681, 0.030465717181, 0.11708680032, 0.38142172584, 0.34606794985]
    ],
    [
      [0.088630368022, 0.10840597647, 0.54954557949, 0.15392758545, 0.099490490561],
      [0.012005154003, 0.00072211048311, 0.0023221361177, 0.97082504136, 0.014125558039],
      [0.13327175488, 0.48496150853, 0.09481669178, 0.28529135716, 0.0016586876479],
      [0.19753465332, 0.022358218623, 0.032776717699, 0.56333670619, 0.18399370416]
    ],
    [
      [0.026138997757, 0.076107040397, 0.69258273165, 0.079739358068, 0.12543187213],
      [0.0065837371943, 0.00044771074802, 0.0011153248944, 0.94672757702, 0.045125650146],
      [0.062674347859, 0.52390760983, 0.182861203, 0.22666722407, 0.0038896152312],
      [0.094863113835, 0.024437699154, 0.063918390097, 0.45588743623, 0.36089336069]
    ],
    [
      [0.032371726416, 0.087252492488, 0.68382307348, 0.11019374491, 0.086358962706],
      [0.0060135609399, 0, 0.0027231801954, 0.97015080275, 0.021112456117],
      [0.064976322609, 0.50957989762, 0.15604177736, 0.2675490613, 0.0018529411119],
      [0.1056052219, 0.026051080485, 0.059224805245, 0.57768044372, 0.23143844865]
    ],
    [
      [0.033403120131, 0.046606028422, 0.67888029583, 0.078832713019, 0.1622778426],
      [0.0096284022841, 0, 0.0047374758114, 0.93352696395, 0.052107157955],
      [0.091166388682, 0.40892988816, 0.2232881104, 0.2712289365, 0.0053866762551],
      [0.10024102977, 0.013983729795, 0.057602269675, 0.39760482983, 0.43056814093]
    ],
    [
      [0.050121032523, 0.044381819191, 0.72900683644, 0.053460856002, 0.12302945585],
      [0.020304017613, 0, 0.0065354013316, 0.90962570719, 0.063534873868],
      [0.15119653655, 0.40308812074, 0.25029361197, 0.19087443933, 0.0045472914128],
      [0.19213455556, 0.016033368503, 0.075126378764, 0.32310489305, 0.39360080412]
    ],
    [
      [0.093458094938, 0.024155254584, 0.69270220207, 0.11921042312, 0.070474025286],
      [0.0067924158829, 0, 0.0097961894163, 0.97300928153, 0.010402113171],
      [0.20962811917, 0.2515440295, 0.19040395437, 0.34674184758, 0.0016820493832],
      [0.24045967746, 0.008322570798, 0.052016969435, 0.53237047139, 0.16683031091]
    ]
  ],
  "expected_outcome": [
    [
      [7.4589877458, 8.3004474809, 30.5888739666, 2.2098272403, 3.1611356274, 1.2187890411, 14.4799912714, 4.49582999, 17.7628083099, 10.1698279464, 8.1123986567, 5.2941786567, 12.8902524462, 3.0982039102, 1.8176971496, 10.8750996065, 11.5575607623, 2.8096220351, 8.224932525, 26.8650124315, 4.2387670915, 23.196683446, 8.1255125963, 3.8903608535, 29.0993453438, 19.2982750387, 10.5289956331, 12.0861070726, 18.2251190207, 12.316461604, 8.5804396, 9.9562405497, 11.9247223196, 18.0250998661, 4.8217630942, 7.5050659786, 13.4718159393, 3.2150967242, 16.412465293, 8.1837644321, 49.8704273608, 9.065435209],
      [13.5255215071, 10.3684249268, 43.9488187281, 3.7351625322, 4.2710519808, 2.8766522725, 13.8794701922, 5.431948574, 18.2849332807, 18.5221838738, 5.2754624343, 8.1918975373, 13.8054802475, 8.808563728, 1.514012053, 9.0301652024, 25.2535732959, 2.0004872289, 13.9553319808, 20.5059000454, 9.3270759611, 37.9721121929, 26.2067921902, 10.4781976251, 28.9448151565, 40.420156792, 27.1594419862, 26.0859228304, 27.3259426617, 23.1997779582, 11.2416942922, 22.2332686415, 22.9785291125, 30.5275544542, 14.8693761303, 21.7919611719, 16.4777084242, 9.3611659689, 44.2370136915, 11.4184769634, 44.1599100946, 2.3430596947],
      [155.1254442682, 51.3742266568, 218.6309496161, 46.1776927052, 32.5658762055, 24.5934013177, 102.0630364849, 56.3297525523, 378.1033773661, 274.6379379096, 220.1262569107, 116.5670506725, 166.2224080585, 173.6000548263, 27.4050063896, 155.7074474942, 55.5839993325, 47.6796311823, 210.934435405, 152.6784269558, 63.863165458, 460.9607629564, 304.0909089724, 100.7811317195, 273.2863630509, 327.4537910636, 212.5809006514, 241.3417104324, 366.1626383727, 280.495932015, 152.847939585, 178.624580069, 262.6717782717, 359.8173057238, 168.5614381577, 280.6774822488, 83.530928083, 85.1876759927, 346.6982982519, 166.3256724784, 725.3618022556, 67.1921136008],
      [20.2124820442, 16.3641574665, 30.7256608403, 3.981436836, 5.8531816827, 5.4922910373, 28.600476489, 12.8292381564, 50.6652478665, 34.9622087691, 19.9837896786, 11.7690495808, 25.9312791624, 25.1941559771, 6.6915639481, 24.5722348686, 11.1095628363, 6.7621284353, 33.6791330083, 26.0899387282, 3.2082541635, 49.3277174721, 14.2429458879, 4.5062173272, 42.4434915661, 57.3419307289, 18.9071005831, 28.5047699028, 35.8764714704, 27.7955217153, 14.4026482992, 14.5125085937, 20.6578348836, 59.8588034738, 5.3197061979, 12.1096869111, 23.3969929882, 9.8079410423, 55.8682286718, 19.3140146895, 53.1935517221, 11.5634110427],
      [26.6775644347, 8.592743469, 30.1056968489, 9.8958806862, 12.1487545036, 2.8188663314, 17.9770255625, 8.9132307273, 61.1836331768, 40.7078415012, 20.5020923196, 15.1778235527, 33.1505800854, 39.2990215584, 14.5717204597, 23.8150528283, 8.4953037731, 6.7481311184, 54.2061670808, 21.8607218391, 6.3627373258, 69.5427239326, 35.3338403532, 13.3440924747, 40.2259848828, 51.4858463768, 29.8235611462, 31.9814897618, 57.4098284744, 48.1923067075, 18.9272782237, 21.673402146, 29.7671354126, 42.7712364821, 16.4277164199, 26.9158036896, 15.1225545653, 15.4281202719, 43.7839940918, 39.7580714366, 122.4143085668, 6.8359804528]
    ],
    [
      [5.2042022768, 4.4490931409, 6.674966369, 2.9033743105, 2.9488746279, 0.76295332508, 7.8308139058, 2.2167747152, 4.4919073271, 3.6689961546, 0, 3.7792923683, 7.858203369, 0, 0.76088005266, 5.3421143336, 0, 1.1024794946, 0.47634404946, 0.93886982495, 1.5276754206, 5.429964511, 2.0832205858, 1.7577706815, 7.179437562, 5.7740314866, 3.7045144984, 3.1666656858, 3.8402016866, 4.0916618117, 4.1499818699, 3.8327683167, 2.8628596381, 7.0743233952, 2.4390751919, 2.777979176, 8.1875150302, 1.0994841114, 5.8331541117, 5.4978177042, 26.5170470026, 1.7116888025],
      [0.20346323609, 0.79287045657, 0, 0.2745164269, 0.39824363574, 0.37225906795, 1.4625618675, 0.36355193459, 0, 0, 0, 0, 0, 0, 0, 0, 0, 0, 0, 2.1719484028, 0, 0.010856592984, 0.32650183686, 0.2335348261, 0.74242043915, 0.34617846026, 0, 0.011170853353, 0, 0.12156008769, 0.029996429519, 0, 0.16328719388, 0.50794089413, 0.60340955306, 0.55723686069, 0.49247934948, 0.074767694919, 0, 0, 0, 0],
      [0.48518939052, 0.63357359859, 5.6581517466, 0.54706105605, 0.55652871911, 0.32838348337, 1.9294151753, 0.49721188438, 4.7419785961, 1.9214544756, 2.9314755909, 0.13370163743, 0.95671502225, 1.6323887266, 2.31734215, 1.3562270115, 0, 0.14359037779, 4.2656548523, 5.0809663475, 0.7248252689, 0.43928314232, 1.0010906274, 0.67311920513, 2.0460341582, 1.1121272358, 1.1779942571, 0.27811008558, 0.41095552275, 0.71054516264, 0.19816367571, 1.0316164742, 0.42934821056, 3.0206433136, 1.4965278116, 1.6243795528, 1.5836968323, 0.18625925736, 2.6414847896, 2.7050986883, 8.5352341391, 2.4686397329],
      [579.6945332493, 362.8462975252, 709.6857396191, 170.1430025701, 178.0794239664, 155.5595789371, 675.9361370786, 210.1394505826, 1502.8221483229, 892.8760347728, 382.0840809054, 313.7128441702, 603.8506950646, 674.1390748382, 128.762926648, 558.013184065, 157.6847267916, 134.6145484677, 572.4584683468, 490.4036201656, 66.5285041021, 442.1248256305, 170.1563509924, 96.4606301598, 573.3552900115, 678.5618716352, 304.7508529383, 286.7773405132, 295.4280952029, 358.3631419509, 262.1921170508, 239.6826538427, 197.2632849617, 949.99956956, 151.7043398871, 216.2084523922, 662.1026782057, 158.1035053619, 941.0462786651, 533.043896415, 1187.9711735869, 245.1983389454],
      [23.4126118473, 2.2781652787, 21.9811422653, 11.1320456365, 9.0169290509, 0.97682518647, 8.8410719728, 3.7830108832, 56.9439657539, 32.533514597, 11.9844435038, 12.374161824, 23.3343865441, 31.2285364352, 5.1588511494, 16.2884745899, 6.3152732084, 4.1393816599, 25.7995327515, 13.4045952592, 3.2189952084, 18.9950701232, 10.4328359575, 6.8749451275, 16.6768178291, 18.2057911822, 14.3666383062, 9.7667128621, 14.3207475877, 18.7130909871, 10.4297409741, 10.4529613663, 8.2812199958, 17.3975228371, 9.7566475564, 11.8319520183, 9.6336305824, 7.5359835744, 20.4790824336, 29.7531871925, 82.9765452714, 2.6213325192]
    ],
    [
      [3.2039424355, 5.4605984246, 13.5596634241, 0.81486726548, 1.3759409746, 0.87204991038, 7.3288619576, 2.1562337634, 6.1819646166, 3.504962644, 1.4595249563, 2.3415061677, 5.9127849291, 4.1523694264, 0.4624266697, 4.8915884723, 1.0639266594, 0.9051170636, 3.6386877013, 15.7395694283, 1.606825524, 13.3084505161, 4.5839432157, 2.1666996221, 12.7650849915, 12.0368764894, 5.3863493198, 6.9108591517, 9.9360699288, 5.4252116234, 4.1316213366, 5.7359072772, 5.5041774826, 8.0679907295, 2.973134817, 4.2204990734, 6.1305007247, 2.8830200015, 10.8510458757, 5.1964841549, 21.4699081897, 4.4021905026],
      [17.2302768354, 20.3429163571, 78.4151247824, 4.341779247, 5.7584697751, 6.2868635918, 20.7298594627, 7.8503951339, 26.5930220411, 19.4509555935, 5.960372565, 10.9974562574, 19.0521156857, 22.871278913, 1.400285461, 14.8617053162, 22.1612427698, 2.8018007936, 18.810926997, 31.5473534417, 12.410169601, 64.9309620214, 37.5199523433, 17.9439172455, 35.2968665457, 74.3261885146, 45.1480069621, 44.5124210634, 45.3829830702, 30.0797637571, 16.3556477137, 41.2154905679, 31.5522300514, 40.1548745828, 25.402301192, 32.0916817242, 22.3082293924, 24.0997500523, 85.0998429018, 23.3090036252, 57.2385131449, 5.2824246194],
      [7.6542926263, 3.8757415636, 13.3053305449, 1.9906646997, 1.6339704707, 1.9666729958, 5.9410938993, 3.1209319473, 18.025145258, 10.9390966359, 5.867005929, 5.9915846438, 8.8631170995, 15.0612179436, 0.84581048133, 8.8938446906, 1.0004216704, 2.0431983859, 10.5123731026, 9.3624262156, 2.9753694268, 30.7886422831, 17.7257169084, 6.7577253015, 13.1351913736, 23.6162720702, 13.2681677697, 16.0032012582, 23.4711444607, 14.2000401806, 8.5891503786, 12.4972218592, 14.2366345795, 18.5566322758, 11.7443805504, 16.8628469714, 4.3615678219, 8.4116153381, 26.0589768196, 12.7274222929, 35.5416929001, 3.9984830418],
      [10.7587972806, 13.2927279602, 19.5012844045, 1.8070450906, 3.1687828548, 4.8585548338, 17.9013106056, 7.8201630815, 25.8606520415, 14.9161452145, 5.6498420807, 6.5779382376, 14.9681520006, 23.5248346636, 2.2418110724, 15.1961580247, 1.7067552571, 3.2154855926, 17.7432719276, 16.1912932293, 1.9680105768, 35.430637174, 10.9282331412, 4.0348409573, 21.5821424252, 44.6080625151, 12.9741862256, 20.3299076655, 24.7857738791, 15.0250951167, 8.7990426425, 11.3706403601, 12.5237667336, 33.0006167146, 5.7519942338, 9.6424357264, 13.1234024293, 10.4266923074, 44.6806932373, 15.4600493806, 27.1041703847, 7.2815787991],
      [0.15269082221, 0.028015694526, 0.21859684408, 0.045643697206, 0.062835924735, 0.015858668276, 0.098874074784, 0.052276073979, 0.33921604288, 0.18883991211, 0.063254469063, 0.09151469341, 0.20383028507, 0.39029905338, 0.049666315607, 0.15670349617, 0.067653643314, 0.034398164294, 0.2947402715, 0.15935768514, 0.039624871408, 0.54130800542, 0.24215439134, 0.096816873565, 0.22071466402, 0.41260041067, 0.22328972272, 0.24361086114, 0.42402866125, 0.26988932216, 0.12453792852, 0.1807399356, 0.18319115291, 0.21988569735, 0.12818920682, 0.18253650458, 0.076299631805, 0.17892230063, 0.30944116568, 0.30704054654, 0.64571538062, 0.035323037046]
    ],
    [
      [12.132867542, 12.7898609536, 32.1764962402, 4.0719311837, 4.5140487701, 2.1462077234, 21.3603328652, 3.1311615314, 23.5633197464, 11.6562132551, 6.428076387, 5.5850228073, 11.3387592557, 7.7494266634, 0.95899612806, 11.8911975877, 6.3785125783, 2.1827814067, 7.6600357242, 27.4565483152, 5.6267319639, 20.064901527, 11.2073236022, 5.1851688429, 22.9561321027, 14.8908169853, 10.3801405487, 11.8363680898, 8.9986093639, 9.1666649609, 11.1379571935, 11.4750838564, 12.7082405598, 17.8325860093, 7.7660268969, 10.4964557719, 15.2101683058, 1.8023991629, 18.9033347197, 9.1219337089, 55.1426174469, 10.8206854858],
      [2.0407384214, 1.4957882596, 5.6360564895, 0.64854179387, 0.57223460833, 0.46422506774, 1.9281084775, 0.35410435748, 3.1220446782, 2.0268605328, 0.76416500073, 0.81064620526, 1.1424040667, 1.320157359, 0.085702486093, 1.1081294814, 3.5851839343, 0.19771197748, 1.2337410222, 1.7747981101, 1.2627544379, 3.0860691927, 2.9467536296, 1.3443503033, 2.0158978587, 2.9074762332, 2.6925510518, 2.3904852528, 1.2910742681, 1.598898197, 1.3726615646, 2.5512407906, 2.3059536422, 2.8096300688, 2.1249131247, 2.5591202432, 1.721582834, 0.46431628392, 4.6631434068, 1.2725194114, 4.6015767605, 0.37451568591],
      [6.735073715, 2.1164581811, 7.4055680924, 2.284581539, 1.2436246047, 1.1115422032, 4.0664544405, 1.0521036161, 16.1294987798, 8.5015109788, 6.0752615695, 3.3076630462, 3.9577598198, 6.7063385036, 0.43184097908, 5.0424808036, 1.4155789972, 1.133580054, 5.2875366402, 3.8781804812, 2.4366398463, 10.8113116181, 10.1822834917, 3.7880237739, 5.5324114173, 6.8178096304, 5.9729373217, 6.3769782238, 4.9552616438, 5.5934826418, 5.3647463608, 5.8465815975, 7.6622389382, 9.6054186868, 7.1976534804, 9.8352912269, 2.5238072628, 1.2144494118, 10.6012401389, 5.2418065405, 21.5612707052, 2.3407636246],
      [54.3341874258, 41.496817048, 61.0873151361, 12.0685155033, 13.8986114961, 16.0895751918, 69.5620758269, 15.2111481795, 131.6519517691, 66.2456112437, 33.2822873353, 20.9401680114, 38.2498737723, 59.1419345211, 6.3036983315, 49.2184230417, 13.498955115, 10.4078375044, 50.1191267173, 37.315147877, 9.2952311576, 71.1168197234, 35.6724699785, 12.9983115557, 51.6190759972, 73.4881351208, 33.367860253, 46.3879819185, 29.9096594476, 33.8162412171, 31.6061920074, 30.4341972034, 38.5551134211, 97.1410102516, 20.2239596812, 32.0394249704, 43.3769263769, 8.6618612884, 103.4047994258, 36.1820395149, 92.7311043062, 23.9566712127],
      [35.7571328958, 11.1010755578, 30.6945640417, 15.9264299801, 14.7714805208, 4.1884498139, 22.0830283899, 5.2514823155, 79.5331850265, 38.5698039897, 17.4502097075, 13.3564999299, 24.3112030854, 47.082142953, 7.2197620753, 23.7397690856, 6.1217693752, 5.0780890574, 41.6995598962, 16.5753252166, 7.3786425943, 49.9208979388, 35.991169298, 15.6841455243, 24.876482624, 32.8957620303, 25.5865108248, 26.008186515, 23.8453952766, 29.8247129833, 20.5184428737, 21.692896552, 26.7684534387, 35.6113549835, 21.6874468168, 29.0697077875, 14.1675152205, 6.856973853, 41.4274823089, 39.1817008244, 112.9634307812, 7.507363991]
    ]
  ],
  "prob": [
    [0.041640685658, 0.067874261418, 0.69851632453, 0.084671680376, 0.10729704802],
    [0.012216184217, 9.4529093329e-05, 0.00098889507845, 0.94989344038, 0.036806951235],
    [0.096649539317, 0.46601970396, 0.18873392967, 0.24526104131, 0.0033357857469],
    [0.14045948619, 0.021492374045, 0.063997603721, 0.47405110661, 0.29999942943]
  ],
  "iterations": 109,
  "time": 0.013188,
  "message": "Converged",
  "status": 0,
  "miniter": 0,
  "maxiter": 1000,
  "maxtime": 3600,
  "param_threshold": 0.001,
  "ll_threshold": "-Inf",
  "initial_prob": "random",
  "adjust_prob_cond_method": "project_lp",
  "adjust_prob_cond_every": false,
  "candidates_id": ["BAYLISS, Steve.c", "CATCHPOLE, Brent Stanley.c", "HEREORA, David Murray.c", "COLLINS, Judith Anne.c", "Other candidates votes.c"],
  "group_id": ["Labour Party.p", "National Party.p", "New Zealand First Party.p", "Other parties votes.p"]
}
