{
  "Z_true": {},
  "V_true": [
    [435, 73, 435, 214, 41],
    [569, 1132, 6393, 1523, 472],
    [93, 788, 86, 16505, 310],
    [28, 2735, 236, 1275, 89],
    [12, 58, 50, 893, 404],
    [44, 117, 157, 531, 521]
  ],
  "p_true": [
    [0.3631, 0.0609, 0.3631, 0.1786, 0.0342],
    [0.0564, 0.1122, 0.6337, 0.151, 0.0468],
    [0.0052, 0.0443, 0.0048, 0.9282, 0.0174],
    [0.0064, 0.6269, 0.0541, 0.2922, 0.0204],
    [0.0085, 0.0409, 0.0353, 0.6302, 0.2851],
    [0.0321, 0.0854, 0.1146, 0.3876, 0.3803]
  ],
  "Z_est": [
    [
      [5.8111, 6.5224, 11.714, 11.5385, 11.674, 1.7243, 5.8695, 9.4835, 12.5582, 18.0906, 20.4893, 6.9435, 2.853, 6.6741, 4.38, 16.864, 13.7689, 3.7725, 1.5521, 11.1211, 55.4317, 10.1237, 39.8246, 24.4355, 5.6444, 0, 8.6782, 5.0339, 12.7759, 5.5941, 8.2505, 14.8418, 21.3534, 29.9094, 0, 2.2319, 1.9665, 1.3417, 36.2513, 9.7638, 39.9691, 2.2717, 1.8142, 1.5776, 3.6478, 1.4708, 33.3356, 7.8615, 75.2961, 10.3495],
      [0.2094, 0.3013, 0.8204, 1.3073, 0.3767, 0.0471, 0.5275, 0.6683, 0.7033, 1.6307, 1.5636, 0.4836, 0.3119, 0.4215, 0.2022, 1.2313, 0.7836, 0.141, 0.072, 0.752, 3.1192, 0.7883, 2.7957, 1.3286, 1.6683, 0, 0.2748, 1.0167, 0.753, 0.4653, 0.6292, 0.7033, 1.6667, 1.8827, 0.2895, 0.0803, 0.0442, 0.1376, 2.6761, 1.1573, 2.4869, 0.121, 0.0802, 0.2437, 0.1983, 0.219, 2.5047, 0.5504, 3.9873, 0.4896],
      [0.2279, 0.4071, 0.7624, 0.7866, 0.317, 0.8087, 0.3078, 0.5867, 0.4145, 1.0682, 1.3578, 0.319, 0.1651, 0.2618, 0.1075, 0.7459, 0.8039, 0.1748, 0.059, 0.6889, 2.7339, 0.542, 2.1451, 1.1862, 0.5196, 0, 0.1865, 0.4985, 0.4785, 0.205, 0.3898, 0.3794, 1.4521, 1.553, 0.223, 0.118, 0.0633, 0.1111, 1.6135, 0.7272, 2.0437, 0.2371, 0.1228, 0.3899, 0.1664, 0.2023, 1.9166, 0.3942, 2.5491, 0.6872],
      [2.9355, 3.4263, 7.0903, 7.9299, 3.3348, 2.4046, 3.327, 4.9486, 5.6578, 12.1081, 12.3275, 3.1325, 1.0526, 2.8298, 1.2033, 9.7349, 7.6392, 1.6046, 1.0378, 7.948, 28.5728, 6.5596, 24.1269, 11.7397, 7.4674, 0, 2.0439, 4.9346, 5.1774, 1.9569, 4.2091, 5.0717, 19.2546, 16.6208, 2.2632, 1.1384, 0.7717, 1.3963, 18.9736, 9.1667, 20.9936, 2.324, 1.3579, 1.4359, 2.195, 1.6707, 20.1215, 4.1382, 26.811, 6.3473],
      [0.8162, 1.3429, 2.613, 1.4377, 1.2975, 1.0153, 0.9683, 1.3127, 1.6663, 3.1024, 3.2618, 1.1215, 0.6174, 0.8128, 0.107, 3.4239, 2.0043, 0.3071, 0.2792, 2.4899, 7.1424, 0.9865, 5.1078, 3.31, 1.7003, 0, 0.8166, 1.5163, 1.8152, 0.7787, 1.5215, 1.0038, 4.2732, 5.0341, 0.2243, 0.4314, 0.1544, 1.0132, 5.4855, 3.185, 5.5067, 1.0462, 0.6249, 0.3529, 0.7926, 0.4371, 5.1216, 1.0556, 11.3566, 2.1263]
    ],
    [
      [2.3786, 2.217, 2.5701, 0, 5.6855, 0, 1.3707, 1.5831, 5.2111, 4.1914, 8.3408, 4.1632, 0.3559, 2.4561, 0.8074, 3.744, 1.5069, 1.6311, 0.006, 1.5099, 11.8863, 1.0852, 12.6666, 9.2649, 0, 0.3679, 6.0812, 0, 2.0551, 0.8886, 1.3227, 4.6323, 2.0226, 9.5052, 4.5986e-16, 1.8521, 1.4005, 0.1611, 8.8142, 0.7664, 6.5826, 0.074, 1.0935, 0, 0.5337, 0.4595, 8.5882, 1.3425, 26.2787, 0.504],
      [6.8728, 7.0147, 16.0831, 6.5125, 8.4263, 0, 14.0474, 11.025, 23.2553, 39.9051, 58.3601, 26.6829, 4.0514, 13.4768, 2.7504, 23.2312, 7.4113, 4.8674, 0.9693, 9.2595, 52.3335, 14.5121, 78.1061, 38.2871, 9.1076, 1.8453, 10.3921, 5.2843, 9.5078, 6.2283, 8.8279, 16.8711, 30.8582, 48.2594, 1.4554, 2.6108, 0.8058, 1.8888, 56.2351, 21.3654, 33.7074, 0.2654, 2.5608, 0.5212, 2.7845, 9.1932, 56.7235, 8.9458, 85.6698, 1.432],
      [71.6866, 102.404, 132.2699, 38.4431, 68.4394, 15.8196, 63.9382, 80.7151, 122.3447, 219.4191, 439.5139, 138.2057, 16.3437, 70.4999, 14.5692, 125.2013, 67.755, 58.7945, 7.1376, 77.4468, 414.8754, 83.1173, 533.7561, 310.4668, 43.8281, 11.633, 63.9443, 33.0905, 53.1537, 23.197, 47.3167, 82.8504, 254.9039, 359.4272, 8.7018, 56.2932, 24.0591, 14.5809, 289.9268, 113.7645, 244.0755, 37.9765, 52.8807, 13.1355, 22.7287, 73.1257, 378.7288, 55.2971, 470.5903, 30.158],
      [30.573, 26.4084, 38.3169, 12.4827, 21.4199, 3.9705, 20.5318, 20.9391, 53.461, 79.6654, 121.5041, 39.4448, 2.4373, 23.5137, 4.3545, 52.1999, 21.1562, 17.4364, 3.7344, 29.2018, 141.64, 32.9607, 197.5291, 98.2262, 20.2897, 3.8987, 19.7858, 10.459, 17.8797, 6.0472, 15.8071, 34.0298, 115.0705, 124.8435, 2.7246, 17.1253, 9.4222, 5.7102, 106.8145, 46.7064, 81.0622, 11.7729, 19.0666, 3.3378, 9.6508, 17.7397, 127.9971, 18.3691, 145.4572, 9.0268],
      [10.4891, 14.9559, 19.7601, 2.5618, 12.0289, 2.21, 8.1118, 7.7377, 19.7279, 25.819, 44.281, 20.5033, 2.8117, 9.0535, 0.5186, 23.6236, 7.1707, 4.2706, 1.1527, 11.5821, 45.2648, 5.3247, 51.9421, 36.755, 4.7746, 0.2552, 11.7967, 4.1662, 8.4036, 3.6389, 7.7256, 8.6165, 28.1447, 48.9647, 0.1182, 9.1186, 2.3125, 5.6589, 40.2094, 20.3973, 27.5723, 6.9113, 11.3985, 1.0056, 4.3023, 6.4818, 41.9625, 6.0455, 91.0041, 3.8792]
    ],
    [
      [1.234, 0.6923, 0.4934, 0, 2.028, 0, 0.0987, 0.2051, 2.3192, 0, 1.5293, 1.7364, 0.2071, 1.3967, 0.6892, 1.9528, 0.4462, 0.7957, 0, 0, 4.1589, 0, 2.2279, 3.3432, 0, 0, 3.3575, 0, 3.0365, 0.862, 0.6386, 4.9746, 0, 4.0671, 0, 0.1189, 0, 0, 3.1741, 0, 2.5791, 0, 0, 0, 0.0253, 0, 2.2475, 0.2384, 18.9582, 0],
      [0.5705, 0.3797, 5.8918, 4.7144, 1.4165, 0, 8.3661, 5.1984, 10.1308, 18.9044, 22.6542, 18.0971, 4.845, 10.2962, 1.9621, 19.1551, 3.0063, 0.7222, 0, 3.1484, 16.6533, 5.1672, 37.5094, 11.8515, 2.9386, 1.4236, 3.1803, 5.0549, 11.6201, 8.2214, 6.748, 13.699, 0, 21.0953, 2.5335, 0, 0, 0.1419, 33.6593, 8.9919, 15.8394, 0, 0, 0, 0.5586, 5.9518, 39.9686, 4.5606, 39.9919, 0],
      [6.7872, 14.0431, 16.3278, 8.7159, 3.6138, 2.9573, 4.9149, 10.7321, 6.0939, 17.0066, 49.327, 16.2464, 4.4953, 8.6024, 1.0811, 15.6532, 13.9095, 10.5578, 1.0833, 15.2815, 40.8239, 6.0774, 56.3513, 31.8313, 3.8881, 1.8106, 4.1078, 8.9831, 11.1479, 3.7107, 6.5224, 6.7516, 14.3997, 48.3484, 4.0267, 5.4363, 2.9873, 2.5908, 24.9899, 8.5148, 30.797, 4.0644, 5.5291, 1.174, 1.772, 14.3845, 60.0089, 5.6613, 44.5178, 7.6282],
      [303.8187, 170.9033, 253.9505, 180.5697, 82.1079, 44.6431, 127.4155, 147.356, 318.5948, 467.6798, 744.6081, 303.8453, 39.5484, 206.9321, 33.267, 599.1821, 239.7366, 164.6382, 106.9167, 406.0711, 873.8329, 220.7554, 1554.2234, 584.1673, 242.1733, 49.7658, 104.1934, 166.5487, 257.1241, 72.6022, 148.92, 336.5027, 798.6003, 1061.1555, 93.4398, 88.2542, 128.0127, 66.8486, 755.0588, 301.3672, 633.7725, 86.8898, 136.6859, 15.826, 68.295, 173.094, 1302.2312, 125.3451, 982.0489, 142.402],
      [0.5896, 1.9816, 2.3364, 0, 0.8338, 0.3996, 0.2048, 0.5085, 0.8613, 0.4092, 2.8813, 2.0748, 0.9043, 0.7726, 0.0006, 3.0569, 0.9015, 0.286, 0, 1.4991, 2.531, 0, 0.6879, 2.8066, 0, 0, 1.1611, 0.4133, 2.0713, 0.6038, 1.1709, 0.072, 0, 5.3337, 0, 1.1906, 0, 2.4187, 2.1179, 1.1261, 2.0119, 1.0458, 1.785, 0, 0.3492, 0.5697, 2.5438, 0.1946, 13.4831, 0.9698]
    ],
    [
      [0.3767, 0.5018, 0.3585, 0, 2.0628, 0.0305, 0.4705, 0.3532, 1.3888, 1.0095, 2.9314, 1.3994, 0.0348, 0.532, 0.4721, 1.072, 0.5513, 0.3834, 0.0629, 0.5544, 2.4112, 0.2986, 3.069, 2.0286, 0, 0.095, 1.2434, 0, 0.7178, 0.22, 0.2314, 1.0962, 1.1978, 3.2927, 0, 0.2638, 0.2264, 0.0769, 2.1286, 0.311, 2.0389, 0.1007, 0.1529, 0.0141, 0.0993, 0.2606, 2.5099, 0.3088, 3.4415, 0.3463],
      [17.3845, 29.937, 31.5688, 32.7501, 51.5966, 2.8765, 62.918, 32.5622, 87.3924, 123.3118, 287.4035, 113.5158, 5.2618, 39.9152, 17.8501, 94.7197, 41.1034, 18.8909, 4.8316, 49.205, 161.644, 32.3506, 268.3865, 129.3132, 21.5922, 6.268, 34.7042, 21.9674, 45.8569, 18.8559, 21.544, 56.0122, 133.1303, 247.5722, 6.3425, 12.477, 7.4845, 12.5098, 182.6111, 53.6997, 151.594, 8.4379, 9.3303, 2.0941, 8.028, 63.4481, 233.508, 28.0888, 178.0588, 24.9508],
      [1.5167, 3.296, 2.4022, 2.1005, 3.3262, 0.5402, 2.9077, 2.4294, 3.8916, 6.5856, 22.563, 6.4195, 0.2287, 2.0469, 0.7722, 4.6315, 3.388, 1.8979, 0.2992, 3.6347, 11.5864, 1.8027, 16.7899, 9.6473, 1.0686, 0.3523, 1.9108, 1.3853, 2.443, 0.7403, 1.1122, 2.4499, 9.0266, 16.9383, 0.376, 1.4566, 0.8298, 0.7897, 9.0405, 2.7227, 10.3425, 1.2337, 1.1319, 0.2402, 0.5171, 5.5438, 14.8907, 1.6693, 9.6532, 2.5298],
      [6.5176, 8.8071, 7.3325, 7.037, 11.2565, 1.4802, 10.4205, 6.4543, 19.7121, 25.4563, 60.1581, 18.7305, 0.4346, 7.2626, 2.8876, 20.731, 10.6337, 5.7053, 1.7554, 14.1062, 40.2206, 7.4517, 64.3653, 30.9548, 5.2238, 1.2774, 6.7307, 4.4943, 8.5934, 2.0639, 3.935, 11.2165, 42.7838, 60.0202, 1.2695, 4.5732, 3.3851, 3.2542, 36.0726, 11.8102, 34.9823, 4.0092, 4.1551, 0.6354, 2.2623, 12.3602, 51.659, 5.7786, 32.881, 7.8551],
      [0.2044, 0.4582, 0.3379, 0.1123, 0.7579, 0.0726, 0.2833, 0.2009, 0.6151, 0.6367, 1.9439, 0.9347, 0.0401, 0.2433, 0.018, 0.8458, 0.3235, 0.1225, 0.051, 0.4997, 1.1377, 0.0964, 1.3893, 1.0561, 0.1155, 0.0073, 0.4109, 0.1529, 0.3889, 0.12, 0.1774, 0.2251, 0.8614, 2.1766, 0.012, 0.2294, 0.0743, 0.3693, 1.1473, 0.4564, 1.0422, 0.2185, 0.2298, 0.0163, 0.0932, 0.3874, 1.4324, 0.1545, 1.9655, 0.318]
    ],
    [
      [0.7046, 0.361, 0.5947, 0.1991, 0.3968, 0.0104, 0.0917, 0.1307, 1.0987, 1.1525, 1.3378, 0.9719, 0.0458, 0.5886, 0.0509, 1.4989, 0.3827, 0.4474, 0.0182, 0.4807, 1.9329, 0.4757, 1.9454, 1.3779, 0.1369, 0.089, 0.5676, 0.1677, 0.6952, 0.3787, 0.5604, 1.6873, 1.0478, 2.1311, 0, 0.2248, 0.3549, 0.026, 2.3155, 0.6078, 1.7717, 0.0232, 0.3116, 0.0161, 0.0815, 0.0819, 3.1824, 0.2604, 3.1478, 0.3028],
      [1.6813, 1.1223, 2.7082, 1.1088, 0.861, 0.0405, 0.523, 0.5934, 3.9198, 6.6832, 6.5137, 4.3723, 0.3414, 2.4168, 0.1496, 7.0126, 1.4516, 1.1431, 0.067, 2.1431, 6.9634, 2.4434, 8.6864, 4.7876, 1.1935, 0.2698, 1.1415, 1.3703, 2.5748, 1.9531, 2.768, 5.0123, 5.3771, 8.5321, 0.2777, 0.5482, 0.5858, 0.1967, 10.6946, 4.8347, 7.0157, 0.0918, 0.9407, 0.0728, 0.3203, 0.8337, 15.2437, 1.1857, 10.0748, 1.0461],
      [0.215, 0.2145, 0.354, 0.1142, 0.089, 0.0135, 0.0416, 0.068, 0.2569, 0.5507, 0.7786, 0.3885, 0.0252, 0.1946, 0.0127, 0.499, 0.1926, 0.1927, 0.007, 0.2507, 0.7916, 0.2072, 0.8581, 0.5698, 0.0917, 0.0257, 0.0996, 0.1413, 0.2163, 0.1197, 0.2251, 0.3095, 0.5522, 0.9238, 0.0277, 0.1128, 0.1012, 0.0204, 0.8028, 0.3476, 0.761, 0.0221, 0.1941, 0.0162, 0.033, 0.1054, 1.5354, 0.1125, 0.8568, 0.1816],
      [15.9576, 8.4868, 15.8869, 5.9851, 4.9206, 0.574, 2.3504, 3.0429, 21.53, 34.0017, 34.9935, 19.2634, 0.864, 11.1489, 0.6946, 37.7639, 9.3885, 8.7705, 0.6431, 15.2049, 42.8232, 13.835, 50.9122, 28.6116, 7.182, 1.4565, 5.847, 7.1227, 12.2879, 6.0639, 12.7574, 24.8483, 41.6288, 51.0671, 1.4715, 5.2343, 6.9228, 1.3338, 52.3198, 26.0892, 40.2011, 1.1224, 11.1099, 0.653, 2.3229, 4.3284, 83.3705, 6.1559, 47.3658, 8.3639],
      [6.4415, 4.8155, 8.4561, 1.5928, 2.7326, 0.3616, 0.9933, 1.165, 9.1946, 12.6119, 13.3764, 10.0039, 0.7236, 4.651, 0.0922, 19.2256, 3.5846, 2.4462, 0.2647, 6.9206, 15.4889, 3.0386, 15.5979, 11.6531, 2.3958, 0.159, 3.3443, 3.198, 6.2258, 3.4847, 6.6891, 7.1427, 13.394, 22.3459, 0.2231, 2.8799, 2.0353, 1.4231, 21.8672, 13.1208, 15.2505, 0.7406, 7.4437, 0.242, 1.2423, 1.6507, 30.668, 2.2855, 28.5548, 4.1055]
    ],
    [
      [2.4951, 1.7055, 4.2693, 2.2623, 3.1529, 0.2348, 2.099, 4.2444, 3.424, 5.556, 6.3713, 3.7855, 0.5035, 2.3524, 0.6004, 2.8683, 1.344, 1.9698, 0.3608, 2.3339, 13.179, 3.0168, 16.2664, 8.5499, 1.2187, 1.4481, 3.072, 0.7984, 3.7195, 1.0566, 1.9964, 4.7678, 8.3783, 19.0946, 0, 3.3084, 1.0518, 0.3943, 9.3163, 2.5511, 7.0585, 0.5305, 0.6279, 0.3922, 0.6125, 0.7272, 13.1365, 2.9884, 25.8777, 0.4975],
      [0.2814, 0.2451, 0.9277, 0.6069, 0.323, 0.0359, 0.618, 0.9526, 0.5984, 1.5648, 1.5049, 0.8483, 0.1885, 0.4735, 0.0857, 0.65, 0.2438, 0.2354, 0.0602, 0.4921, 2.2866, 0.7385, 3.5159, 1.432, 0.4997, 0.1932, 0.3072, 0.3064, 0.6873, 0.2761, 0.4829, 0.7021, 1.9677, 3.6582, 0.1015, 0.2838, 0.0798, 0.1251, 2.1237, 0.9511, 1.3565, 0.0839, 0.088, 0.0682, 0.1103, 0.3542, 3.0516, 0.6687, 4.2175, 0.0815],
      [2.5667, 2.6353, 6.8836, 3.8397, 2.2146, 0.8608, 2.8898, 6.4687, 2.9985, 8.3698, 10.4596, 4.4208, 0.742, 2.3945, 0.4573, 3.2691, 1.951, 2.3823, 0.414, 3.6975, 16.1888, 4.2534, 22.0994, 10.2986, 2.6039, 1.1785, 1.751, 1.9013, 3.5606, 1.0274, 2.4339, 3.2592, 14.6653, 24.8093, 0.6447, 4.5831, 0.9593, 0.9071, 10.6265, 4.9232, 8.9803, 1.4663, 1.1414, 1.0443, 0.7828, 2.6384, 18.9196, 3.8656, 21.8329, 0.8151],
      [4.1975, 2.9682, 8.4229, 4.9957, 2.9602, 0.9277, 3.9548, 7.2591, 5.0443, 12.0886, 12.4087, 5.5836, 0.6631, 3.3129, 0.593, 5.3883, 2.4458, 2.8449, 0.9126, 5.468, 21.9104, 6.4375, 31.8431, 13.3004, 4.6638, 1.6017, 2.3993, 2.4406, 4.9375, 1.2659, 3.3714, 5.331, 24.662, 34.2929, 0.8314, 5.6746, 1.4856, 1.4568, 15.7607, 7.8603, 11.9883, 1.8817, 1.6247, 1.112, 1.274, 2.8069, 25.6207, 5.2131, 29.4361, 1.0048],
      [5.4593, 5.4459, 14.4964, 4.2954, 5.3492, 1.9409, 5.4385, 9.0752, 6.9348, 14.4208, 15.2555, 9.3617, 1.9028, 4.4667, 0.2636, 8.8243, 3.0155, 2.5676, 1.2524, 8.0086, 25.4352, 4.5538, 31.2751, 17.4191, 5.0138, 0.5785, 4.4705, 3.5533, 8.0952, 2.374, 5.7155, 4.9399, 25.3266, 48.145, 0.4224, 10.1501, 1.4235, 5.1167, 21.1728, 12.7143, 14.6165, 4.0377, 3.518, 1.3833, 2.2204, 3.4733, 30.2717, 6.2643, 57.6358, 1.6011]
    ]
  ],
  "V_est": [
    [654.4507, 44.9126, 34.2057, 360.5135, 103.9176],
    [169.9582, 900.7882, 6132.5306, 2093.2017, 792.5213],
    [69.8321, 436.8194, 696.2672, 16511.9216, 67.1597],
    [42.7278, 3326.8558, 215.0989, 753.1535, 25.164],
    [36.4651, 151.8888, 14.821, 856.2804, 357.5447],
    [207.5662, 41.7351, 264.0767, 365.9293, 490.6927]
  ],
  "p_est": [
    [0.5463, 0.0375, 0.0286, 0.3009, 0.0867],
    [0.0168, 0.0893, 0.6078, 0.2075, 0.0786],
    [0.0039, 0.0246, 0.0392, 0.9286, 0.0038],
    [0.0098, 0.7625, 0.0493, 0.1726, 0.0058],
    [0.0257, 0.1072, 0.0105, 0.6043, 0.2523],
    [0.1515, 0.0305, 0.1928, 0.2671, 0.3582]
  ],
  "EI_Z": {},
  "EI_V": 8.0962,
  "MAE_Z": {},
  "MAE_V": 195.4916,
  "MAE_p": 0.0601,
  "runtime": 0.006
}
