{
  "X": [
    [13, 27, 83, 364, 24],
    [12, 39, 123, 221, 29],
    [20, 58, 159, 331, 48],
    [14, 47, 54, 219, 10],
    [25, 63, 78, 126, 23],
    [2, 3, 21, 54, 6],
    [10, 87, 75, 168, 16],
    [16, 51, 101, 190, 20],
    [26, 126, 136, 424, 39],
    [30, 192, 253, 631, 57],
    [41, 378, 524, 986, 81],
    [19, 164, 166, 390, 44],
    [4, 15, 22, 45, 7],
    [14, 67, 84, 255, 20],
    [7, 23, 17, 43, 1],
    [28, 146, 150, 725, 59],
    [18, 54, 88, 291, 17],
    [9, 26, 74, 201, 10],
    [2, 6, 9, 115, 3],
    [16, 65, 101, 478, 31],
    [89, 243, 487, 1149, 97],
    [15, 56, 96, 288, 14],
    [76, 399, 632, 1923, 106],
    [49, 187, 364, 767, 73],
    [7, 37, 52, 287, 14],
    [2, 10, 15, 58, 1],
    [23, 50, 72, 141, 22],
    [6, 35, 46, 196, 13],
    [23, 71, 71, 306, 27],
    [9, 36, 29, 90, 11],
    [13, 41, 58, 189, 23],
    [32, 93, 96, 417, 22],
    [34, 173, 295, 1042, 72],
    [68, 331, 452, 1348, 132],
    [0, 11, 14, 102, 1],
    [8, 16, 68, 122, 24],
    [5, 9, 29, 150, 6],
    [2, 15, 19, 80, 16],
    [62, 288, 337, 985, 92],
    [14, 91, 131, 403, 51],
    [60, 212, 297, 823, 66],
    [3, 9, 45, 108, 14],
    [4, 13, 61, 174, 25],
    [2, 3, 16, 23, 3],
    [5, 12, 26, 86, 9],
    [3, 80, 96, 212, 13],
    [63, 351, 476, 1611, 112],
    [13, 44, 67, 165, 16],
    [153, 322, 550, 1264, 204],
    [12, 28, 42, 175, 13]
  ],
  "W": [
    [10, 122, 313, 26, 25, 15],
    [12, 153, 188, 43, 15, 13],
    [23, 209, 279, 42, 28, 35],
    [23, 60, 194, 42, 9, 16],
    [17, 116, 90, 69, 9, 14],
    [6, 22, 48, 5, 1, 4],
    [11, 108, 141, 77, 4, 15],
    [17, 122, 164, 42, 5, 28],
    [21, 224, 338, 113, 36, 19],
    [36, 369, 504, 157, 55, 42],
    [39, 672, 821, 375, 57, 46],
    [12, 229, 342, 141, 35, 24],
    [5, 26, 50, 6, 2, 4],
    [11, 119, 228, 50, 19, 13],
    [6, 23, 37, 22, 1, 2],
    [32, 228, 639, 122, 66, 21],
    [25, 105, 258, 56, 15, 9],
    [6, 87, 177, 27, 13, 10],
    [3, 13, 108, 7, 1, 3],
    [23, 129, 426, 68, 25, 20],
    [97, 666, 938, 217, 68, 79],
    [19, 137, 232, 42, 20, 19],
    [74, 874, 1651, 354, 78, 105],
    [42, 493, 634, 173, 47, 51],
    [17, 78, 249, 28, 11, 14],
    [0, 18, 53, 8, 2, 5],
    [12, 112, 116, 45, 11, 12],
    [13, 53, 181, 28, 12, 9],
    [21, 91, 285, 58, 22, 21],
    [9, 40, 86, 22, 12, 6],
    [15, 81, 164, 27, 23, 14],
    [22, 147, 362, 71, 39, 19],
    [48, 431, 813, 187, 62, 75],
    [55, 591, 1140, 330, 85, 130],
    [3, 13, 100, 8, 2, 2],
    [4, 87, 95, 19, 9, 24],
    [3, 38, 131, 12, 10, 5],
    [4, 28, 72, 17, 3, 8],
    [65, 502, 819, 231, 88, 59],
    [24, 203, 320, 69, 45, 29],
    [71, 393, 685, 200, 65, 44],
    [6, 57, 92, 14, 2, 8],
    [4, 87, 144, 15, 20, 7],
    [4, 18, 17, 3, 1, 4],
    [7, 40, 71, 11, 4, 5],
    [4, 107, 194, 82, 7, 10],
    [63, 614, 1407, 304, 134, 91],
    [14, 90, 136, 36, 10, 19],
    [120, 819, 1099, 226, 90, 139],
    [20, 45, 151, 36, 14, 4]
  ],
  "method": "mult",
  "cond_prob": [
    [
      [0.57103295866, 0.018064714385, 0.054469776517, 0.29586324109, 0.060569309344],
      [0.040059318424, 0.059248450857, 0.56932348604, 0.25162318723, 0.079745557444],
      [0.0013112422291, 0.0016442584261, 0.018418889993, 0.9741996429, 0.0044259664567],
      [0.0020654353804, 0.65566228607, 0.15639854139, 0.18329201493, 0.002581722226],
      [0.019164069793, 0.072311176243, 0.012265432948, 0.6426088629, 0.25365045811],
      [0.09728077888, 0.01475934135, 0.19064843135, 0.30586910397, 0.39144234445]
    ],
    [
      [0.51336599897, 0.022524104434, 0.078756734619, 0.29771033786, 0.087642824119],
      [0.028388869644, 0.051899757837, 0.64677421029, 0.17834881803, 0.094588344202],
      [0.0015224583473, 0.0041619951582, 0.064312543535, 0.9161475842, 0.013855418759],
      [0.0015696606194, 0.66543489991, 0.18399280202, 0.14454905465, 0.0044535828004],
      [0.015184887792, 0.080176572156, 0.01811856051, 0.56624897603, 0.32027100351],
      [0.070355389536, 0.014634109972, 0.21724907167, 0.24577053591, 0.45199089291]
    ],
    [
      [0.49875072886, 0.030807143044, 0.075836537117, 0.30958655131, 0.085019039669],
      [0.02690224238, 0.082197763976, 0.61505776505, 0.18566559337, 0.090176635227],
      [5.0018719306e-05, 0.021416936547, 0.052879980524, 0.91378745005, 0.011865614156],
      [0.0010593016145, 0.7267232471, 0.14451822531, 0.12454025271, 0.0031589732706],
      [0.014330667945, 0.1033369859, 0.016602367602, 0.56740290501, 0.29832707355],
      [0.069898856741, 0.020599021692, 0.21201544081, 0.2574494225, 0.44003725826]
    ],
    [
      [0.51464363857, 0.037138642741, 0.072009269541, 0.33171288371, 0.04449556543],
      [0.010267174523, 0.12075685413, 0.60550620321, 0.21746088528, 0.046008882857],
      [0, 0.027684239191, 0.034861623787, 0.93745413702, 0],
      [0, 0.75821441386, 0.12147936303, 0.12025128559, 5.4937509543e-05],
      [0.015822125349, 0.1326859256, 0.015986411604, 0.66188282352, 0.17362271393],
      [0.087797919578, 0.030654928347, 0.25026554009, 0.34058428555, 0.29069732643]
    ],
    [
      [0.67526039022, 0.01936245479, 0.042330531167, 0.20359628578, 0.059450338041],
      [0.077089774335, 0.078684367426, 0.54721894157, 0.19623216199, 0.10077475469],
      [0.016724387987, 0.014964909417, 0.032564645675, 0.92397719193, 0.011768864989],
      [0.013414307903, 0.7393212925, 0.12151319081, 0.12015869163, 0.0055925171552],
      [0.029602923103, 0.10244968911, 0.012593114543, 0.55033954876, 0.30501472449],
      [0.13435364795, 0.018670958247, 0.16960124575, 0.24099852971, 0.43637561834]
    ],
    [
      [0.31056746824, 0.014290237869, 0.15548352462, 0.39511108304, 0.12454768623],
      [0, 0.0082614636543, 0.70559656687, 0.18765783531, 0.09848413416],
      [0, 0, 0.048795597407, 0.93669565627, 0.014508746325],
      [0, 0.53253700751, 0.25984700806, 0.20244368829, 0.0051722961483],
      [0.0071560803465, 0.043606468315, 0.017605269734, 0.57329917977, 0.35833300184],
      [0.032359777555, 0.0065537166308, 0.22123634888, 0.23848800072, 0.50136215622]
    ],
    [
      [0.52458904272, 0.041965658501, 0.061831505978, 0.30568186244, 0.065931930356],
      [0.027219014887, 0.14268796502, 0.55494995569, 0.2020508358, 0.073092228598],
      [0, 0.057103362618, 0.027181316265, 0.91247425231, 0.0032410688095],
      [0, 0.80539545908, 0.097546779369, 0.096867379698, 0.00019038185112],
      [0.015416234195, 0.13966945462, 0.013097297458, 0.58714603802, 0.24467097571],
      [0.081880132367, 0.033491682485, 0.199280095, 0.28998448548, 0.39536360467]
    ],
    [
      [0.55105061325, 0.033599023403, 0.074615012004, 0.28498786634, 0.055747485002],
      [0.031363864283, 0.098464461883, 0.63480051282, 0.17549015732, 0.0598810037],
      [0.00061729462419, 0.033267034136, 0.057390152063, 0.90395985719, 0.0047656619838],
      [0.0010954574196, 0.75114319222, 0.13859658367, 0.10771517229, 0.0014495944057],
      [0.018264725795, 0.12766954368, 0.017703309841, 0.60831502236, 0.22804739832],
      [0.091684963333, 0.027642745094, 0.24872586537, 0.28322779114, 0.34871863506]
    ],
    [
      [0.58283629033, 0.029725994552, 0.047078953374, 0.27882732218, 0.061531439562],
      [0.044487690073, 0.10946612073, 0.51541700349, 0.24591338601, 0.084715799696],
      [0.0026306018039, 0.027385358292, 0.014766762708, 0.9502650636, 0.0049522135955],
      [0.0019444980617, 0.76926951938, 0.097081768952, 0.13008696007, 0.0016172535371],
      [0.019902523173, 0.11637402993, 0.010023493054, 0.59909824002, 0.25460171382],
      [0.10367541062, 0.025377431579, 0.17029904006, 0.29489858644, 0.40574953131]
    ],
    [
      [0.48575667258, 0.039610633984, 0.068301695403, 0.34104744774, 0.065283550293],
      [0.023275543075, 0.11802125111, 0.56816052581, 0.22302123197, 0.067521448038],
      [0, 0.034772136522, 0.027986806856, 0.93424748491, 0.0029935717068],
      [8.7644312645e-05, 0.77155679179, 0.10935170753, 0.11809007352, 0.00091378284522],
      [0.013695910279, 0.12951614065, 0.013281800084, 0.61659016756, 0.22691598143],
      [0.075167837381, 0.029552730093, 0.2115675524, 0.31224105066, 0.37147082947]
    ],
    [
      [0.49171287569, 0.035888831579, 0.07895731308, 0.32826563858, 0.065175341071],
      [0.025770382813, 0.096593844495, 0.62122887273, 0.191782072, 0.064624827963],
      [0, 0.029456807762, 0.048302559167, 0.91691779592, 0.0053228371482],
      [0.00055539914605, 0.74493440843, 0.13822099694, 0.11463342977, 0.0016557657119],
      [0.014626983326, 0.12194188778, 0.016983253612, 0.61302199676, 0.23342587852],
      [0.075293214541, 0.026177002859, 0.23907699852, 0.29566928863, 0.36378349545]
    ],
    [
      [0.56516063656, 0.03569398477, 0.060017094265, 0.26790009777, 0.07122818664],
      [0.0369459454, 0.12534482121, 0.57047335007, 0.18084143717, 0.086394446146],
      [0.0020744969663, 0.052552035151, 0.040274313557, 0.89670927921, 0.0083898751123],
      [0.0015373043167, 0.79096853912, 0.11126476391, 0.093747815299, 0.0024815773572],
      [0.018353178298, 0.13367953835, 0.014170032702, 0.55146116769, 0.28233608296],
      [0.091202156376, 0.028731843614, 0.19513748376, 0.25743139153, 0.42749712472]
    ],
    [
      [0.56607728385, 0.054972701184, 0.07334490467, 0.21254760699, 0.093057503309],
      [0.028972257747, 0.16417663472, 0.61037379411, 0.093837638081, 0.10263967535],
      [0.0018372475943, 0.096321624458, 0.087401539314, 0.79268143409, 0.021758154541],
      [0.00085357068982, 0.8543060526, 0.093100643859, 0.048624191167, 0.0031155416882],
      [0.015502692076, 0.18201054031, 0.016546543895, 0.42952413763, 0.35641608609],
      [0.072086422831, 0.037651343087, 0.2004457283, 0.17815456202, 0.51166194376]
    ],
    [
      [0.59371232174, 0.0336773734, 0.055256265789, 0.2615329805, 0.055821058574],
      [0.041453191097, 0.11999998628, 0.56537664736, 0.20114250982, 0.072027665442],
      [0.0029635980605, 0.044250603606, 0.034649385498, 0.91280851126, 0.0053279015762],
      [0.0017322159916, 0.78569555521, 0.10647643397, 0.10454714166, 0.0015486531666],
      [0.020713344651, 0.13633384602, 0.013826739623, 0.58729753402, 0.24182853569],
      [0.10618230881, 0.029637851364, 0.20198233816, 0.28314059611, 0.37905690555]
    ],
    [
      [0.71442087222, 0.029589339849, 0.040664497926, 0.20182487738, 0.013500412625],
      [0.067859575416, 0.13038734305, 0.57852525351, 0.20164490249, 0.021582925536],
      [0.014689090823, 0.052361123671, 0.022015127198, 0.91093465831, 0],
      [0.0087755246464, 0.80231907948, 0.096266296132, 0.092639099746, 0],
      [0.034455717281, 0.16010392997, 0.015608844512, 0.69563687898, 0.094194629255],
      [0.19084545609, 0.037534908213, 0.25095255801, 0.35646927386, 0.16419780383]
    ],
    [
      [0.52650281165, 0.033419823542, 0.053601676126, 0.30624624892, 0.08022943976],
      [0.035051949159, 0.10882356374, 0.52194246423, 0.23509991642, 0.09908210645],
      [0.00047145115483, 0.028242644185, 0.020145692233, 0.94325427388, 0.0078859385504],
      [0.0011355856822, 0.77084995131, 0.10049045572, 0.12505954719, 0.0024644600991],
      [0.015552323784, 0.11385863409, 0.010329286077, 0.57224420607, 0.28801554998],
      [0.080657786098, 0.024446646126, 0.16510470017, 0.27773693938, 0.45205392823]
    ],
    [
      [0.53782329058, 0.027060473157, 0.070358008056, 0.30443890094, 0.06031932727],
      [0.031767475415, 0.077885812275, 0.61415912711, 0.20925022417, 0.066937361029],
      [0.00040401835108, 0.013291910986, 0.043527666035, 0.93710878666, 0.0056676179712],
      [0.0012433652621, 0.71365910431, 0.14681283349, 0.13629962585, 0.0019850710883],
      [0.017284989363, 0.10384556238, 0.016270597505, 0.62368327403, 0.23891557672],
      [0.087299198579, 0.021507952282, 0.22873621965, 0.29507320262, 0.36738342687]
    ],
    [
      [0.60472788509, 0.020409059423, 0.067195990337, 0.26957187845, 0.038095186699],
      [0.038750303316, 0.06084144321, 0.65135257003, 0.20306889545, 0.045986787995],
      [0.0028011521697, 0.0058983656551, 0.052396895637, 0.93610511086, 0.0027984756827],
      [0.0021206799159, 0.67104450193, 0.17554087381, 0.14993092069, 0.0013630236583],
      [0.022977282928, 0.094728904263, 0.019536097463, 0.67735297729, 0.18540473805],
      [0.11485893311, 0.019065205561, 0.26613270778, 0.31712466406, 0.2828184895]
    ],
    [
      [0.54722897641, 0.019719576376, 0.044061108648, 0.32769281212, 0.061297526441],
      [0.0080696138784, 0.073447518109, 0.54106187763, 0.2904450019, 0.086975988484],
      [0, 0, 0.0051320205131, 0.99350836855, 0.0013596109328],
      [0.0012306621334, 0.69491306789, 0.11617551881, 0.18547854455, 0.0022022066171],
      [0.013946120114, 0.073822648182, 0.0097159351307, 0.65361770377, 0.24889759281],
      [0.076949111764, 0.015936470681, 0.15226982754, 0.33008840651, 0.42475618351]
    ],
    [
      [0.48637730282, 0.027842213566, 0.066846715687, 0.3403623535, 0.078571414428],
      [0.023336238441, 0.082385058167, 0.57511388659, 0.23366567902, 0.085499137779],
      [0, 0.0064395751033, 0.02774015251, 0.9593411175, 0.0064791548871],
      [0.00088614090399, 0.71013652952, 0.13573648804, 0.15076143172, 0.0024794098226],
      [0.01359637415, 0.092591848845, 0.013110885917, 0.60935799573, 0.27134289535],
      [0.070139017052, 0.019230868095, 0.19488379328, 0.29318749853, 0.42255882305]
    ],
    [
      [0.55371517985, 0.027996419919, 0.064724680643, 0.29766390202, 0.055899817563],
      [0.03619669182, 0.08455288413, 0.59682722301, 0.21718962004, 0.065233581001],
      [0.0020327335888, 0.018043114869, 0.037514996886, 0.93773758443, 0.0046715702219],
      [0.0016666511376, 0.72705339696, 0.13561156949, 0.13397872181, 0.0016896606124],
      [0.018885324272, 0.10961563023, 0.015348431924, 0.62920058444, 0.22695002914],
      [0.096583055049, 0.023078920181, 0.22245954966, 0.30406883526, 0.35380963984]
    ],
    [
      [0.51649574584, 0.035560027859, 0.066361486628, 0.34317026195, 0.03841247773],
      [0.022540175278, 0.11193362796, 0.58284783236, 0.24404275263, 0.038635611785],
      [0, 0.021795963082, 0.022262403948, 0.95594163297, 0],
      [0.00033659098145, 0.75561628176, 0.11432216252, 0.12945740867, 0.00026755606097],
      [0.015939438258, 0.13039533762, 0.014185595493, 0.68948118493, 0.14999844371],
      [0.092929012088, 0.0309999168, 0.24415043525, 0.37055864218, 0.26136199368]
    ],
    [
      [0.52089546313, 0.03284523464, 0.066688751285, 0.32813545641, 0.051435094537],
      [0.030204199977, 0.096960337679, 0.58516746195, 0.23133513342, 0.056332866971],
      [0, 0.022191568788, 0.028492669361, 0.94725830123, 0.0020574606207],
      [0.00090216962882, 0.74308662262, 0.12286457263, 0.13216331549, 0.00098331962926],
      [0.016603619517, 0.11949884414, 0.01460596112, 0.65270938652, 0.1965821887],
      [0.08991251979, 0.026802506536, 0.22813285584, 0.33248065193, 0.32267146591]
    ],
    [
      [0.55793352305, 0.028051172679, 0.065537501528, 0.28776901304, 0.060708789703],
      [0.036472677546, 0.083932119329, 0.60375358007, 0.20443690549, 0.071404717567],
      [0.0024450223539, 0.019228386208, 0.043520622044, 0.92829012873, 0.0065158406599],
      [0.0018038760829, 0.72818101044, 0.1390186697, 0.12882717945, 0.002169264336],
      [0.018973701545, 0.10914712716, 0.015842130121, 0.60951646178, 0.24652057939],
      [0.094740848916, 0.022495868243, 0.21980442377, 0.28737234668, 0.37558651239]
    ],
    [
      [0.36401287214, 0.059990345585, 0.070695989927, 0.43275922755, 0.072541564793],
      [0, 0.12552314866, 0.54238218559, 0.26564298529, 0.066451680468],
      [0, 0.013034190882, 0.011068070006, 0.97589773911, 0],
      [0, 0.75988239298, 0.10221183255, 0.13699298493, 0.00091278953326],
      [0.0086539122842, 0.11647499983, 0.011329140144, 0.65100147168, 0.21254047606],
      [0.05118486703, 0.027565214191, 0.19641831508, 0.3519702481, 0.3728613556]
    ],
    [
      [0.79527812477, 0.016202799202, 0.03219821193, 0.14862050517, 0.00770035893],
      [0.051135338029, 0.11177358529, 0.61007092366, 0.21524302634, 0.011777126679],
      [0, 0.026196750665, 0.032126274789, 0.94167697455, 0],
      [0.0014110681356, 0.76811923458, 0.11564466019, 0.11482503709, 0],
      [0.034695722661, 0.14545419898, 0.017299260135, 0.72747975964, 0.075071058581],
      [0.19977678501, 0.032757080983, 0.27125500168, 0.3686372118, 0.12757392052]
    ],
    [
      [0.70918523272, 0.02053814261, 0.03789972651, 0.17875850413, 0.053618394038],
      [0.084547035646, 0.096893316693, 0.53887527399, 0.1798179305, 0.099866443165],
      [0.020594100101, 0.026036466507, 0.034034897503, 0.90684004819, 0.012494487696],
      [0.0095632995059, 0.76437167799, 0.11394787105, 0.10792517902, 0.0041919724353],
      [0.03416152812, 0.1116842102, 0.012527980936, 0.53594323589, 0.30568304485],
      [0.15212235969, 0.02133407352, 0.16480520807, 0.23081962444, 0.43091873428]
    ],
    [
      [0.41609243373, 0.043605864284, 0.084222915996, 0.37158324703, 0.084495538963],
      [0, 0.1193679541, 0.60031703817, 0.20459908524, 0.075715922502],
      [0, 0.028144281395, 0.041413596914, 0.92502901595, 0.0054131057377],
      [0, 0.76076610665, 0.12267823639, 0.11478684223, 0.001768814729],
      [0.0097826872877, 0.12267482786, 0.015150292165, 0.59134999256, 0.26104220012],
      [0.052600679338, 0.026550927135, 0.21951598921, 0.28724254338, 0.41408986094]
    ],
    [
      [0.61856574331, 0.030362486375, 0.049568827873, 0.23956402589, 0.061938916554],
      [0.048814542575, 0.11252707008, 0.54953120814, 0.20176409985, 0.087363079355],
      [0.0088294838193, 0.040144239353, 0.033994998549, 0.90759642846, 0.0094348498174],
      [0.0031100957663, 0.7817104543, 0.10635818998, 0.10628546907, 0.002535790884],
      [0.023115617972, 0.12645479431, 0.012882222068, 0.55996666459, 0.27758070106],
      [0.11250780847, 0.026671636608, 0.18147410396, 0.25999125865, 0.41935519231]
    ],
    [
      [0.62308273546, 0.045129874834, 0.051105628371, 0.21625674254, 0.064425018793],
      [0.045522811141, 0.1651103195, 0.54687809261, 0.15517080547, 0.087317971281],
      [0.0070554571467, 0.093899603575, 0.040772741229, 0.84897730376, 0.0092948942917],
      [0.0025845959848, 0.84574611363, 0.086189990523, 0.063420245057, 0.0020590548109],
      [0.02210756135, 0.17342188457, 0.0135425615, 0.50322355184, 0.28770444073],
      [0.10707029545, 0.037762554037, 0.18329656087, 0.23348016032, 0.43839042932]
    ],
    [
      [0.55047495639, 0.036053184734, 0.059326250202, 0.27890645147, 0.075239157206],
      [0.035085676139, 0.1154909077, 0.56015687829, 0.19840145288, 0.090865084986],
      [0.0017282204723, 0.040166891286, 0.036184733608, 0.91173074471, 0.010189409924],
      [0.0013036241694, 0.78435594074, 0.10667363526, 0.10511249121, 0.0025543086179],
      [0.016967612904, 0.12854519951, 0.013311703488, 0.55371942321, 0.28745606089],
      [0.085146770005, 0.027351324702, 0.1869103901, 0.26060424396, 0.43998727124]
    ],
    [
      [0.66995916763, 0.027403666317, 0.040194781451, 0.2288169433, 0.033625441309],
      [0.062905112052, 0.12033063808, 0.52909126764, 0.23292567691, 0.054747305321],
      [0.0098778359919, 0.035873126228, 0.017936142919, 0.93501610077, 0.0012967940899],
      [0.0035521395254, 0.78520459582, 0.09472261764, 0.11582925294, 0.00069139407401],
      [0.030276313747, 0.13808233329, 0.011480642787, 0.6388606084, 0.18130010177],
      [0.15816274048, 0.030931923561, 0.19333493723, 0.32161492503, 0.29595547369]
    ],
    [
      [0.44037925289, 0.029504511714, 0.068544268391, 0.39661787783, 0.064954089175],
      [0.016662309041, 0.07672297712, 0.56496893004, 0.27590367145, 0.065742112349],
      [0, 0, 0.010058821486, 0.98932091433, 0.00062026418109],
      [0.00012852622136, 0.70174384871, 0.12767756573, 0.16946364397, 0.00098641536888],
      [0.011648876613, 0.093197941344, 0.011834036336, 0.67152555075, 0.21179359496],
      [0.065787678811, 0.020157443029, 0.20561372477, 0.35207560731, 0.35636554608]
    ],
    [
      [0.5492425384, 0.028913326412, 0.061313049149, 0.29504682589, 0.065484260148],
      [0.036396920647, 0.089192274159, 0.57646665881, 0.21933009512, 0.07861405126],
      [0.0020194009123, 0.018827052298, 0.033781734285, 0.93842053935, 0.0069512731547],
      [0.0016686834799, 0.73667785413, 0.12722491521, 0.1320937982, 0.0023347489774],
      [0.018073650958, 0.10838737679, 0.013944504902, 0.60301847469, 0.25657599266],
      [0.091477210506, 0.022443650077, 0.20196388399, 0.28847230572, 0.39564294971]
    ],
    [
      [0, 0.079040400184, 0.162303882, 0.70907628504, 0.04957943277],
      [4.663737345e-17, 0.10998175611, 0.65616487691, 0.21618526295, 0.017668104034],
      [0, 0.028251101092, 0.033191611013, 0.93855728789, 0],
      [0, 0.76670246931, 0.12047901263, 0.11247931805, 0.00033920001174],
      [8.3266726847e-17, 0.14901795361, 0.018404646327, 0.72878560297, 0.10379179709],
      [0, 0.038175099542, 0.33157122957, 0.4246140934, 0.20563957749]
    ],
    [
      [0.56360758919, 0.016783812866, 0.065749761371, 0.27705145401, 0.076807382569],
      [0.039292552065, 0.036206865683, 0.62513490371, 0.20077255401, 0.09859312453],
      [0.00095633269854, 0, 0.048634580195, 0.93448419917, 0.01592488794],
      [0.0024150583271, 0.6305512271, 0.19112272466, 0.17082931496, 0.0050816749541],
      [0.018140563888, 0.066097718651, 0.016315135201, 0.58643096089, 0.31301562137],
      [0.084463117667, 0.0086464438038, 0.20632546782, 0.25520614301, 0.4453588277]
    ],
    [
      [0.65065151511, 0.012363805283, 0.048503841903, 0.25177431063, 0.036706527081],
      [0.055769191007, 0.02536640523, 0.61382990835, 0.24888559602, 0.0561488994],
      [0, 0, 0.01614658291, 0.98239076395, 0.0014626531439],
      [0.0028192266485, 0.60832986122, 0.18241710028, 0.20454634007, 0.0018874717816],
      [0.025109113978, 0.063476776369, 0.014097272735, 0.69830424479, 0.19901259213],
      [0.12877886737, 0.012851817421, 0.21675433306, 0.33124716274, 0.31036781941]
    ],
    [
      [0.36576402387, 0.030146592683, 0.062613884955, 0.35451252725, 0.18696297125],
      [0.0099900319579, 0.076262244518, 0.50304966035, 0.21610884148, 0.1945892217],
      [0, 0, 0.024240280536, 0.9342060557, 0.041553663761],
      [3.6653513524e-05, 0.73163392063, 0.11619170422, 0.1404092107, 0.011728510935],
      [0.0063864295709, 0.071664400887, 0.0087072603445, 0.45007616496, 0.46316574424],
      [0.029680076409, 0.011412616169, 0.11468412736, 0.1913601553, 0.65286302476]
    ],
    [
      [0.54760905065, 0.035957760665, 0.057322689196, 0.295259312, 0.063851187485],
      [0.036338364069, 0.11907210796, 0.54877373905, 0.21883958285, 0.076976206075],
      [0.0010695228863, 0.039710564913, 0.026193706125, 0.9281397623, 0.0048864437756],
      [0.0012075827266, 0.78025244058, 0.10334291261, 0.11370795746, 0.0014891066134],
      [0.017630154471, 0.12981185376, 0.01231828264, 0.59378074481, 0.24645896432],
      [0.092495059285, 0.028878606605, 0.19289391862, 0.29296550999, 0.39276690549]
    ],
    [
      [0.40210581614, 0.041855215968, 0.070650516617, 0.38547163968, 0.099916811592],
      [0.012330488847, 0.11418762617, 0.53980399706, 0.23659786368, 0.09708002424],
      [0, 0.025070604814, 0.021383167949, 0.94602577672, 0.0075204505219],
      [0, 0.76688398087, 0.10506543459, 0.12566095414, 0.0023896303911],
      [0.0089109012975, 0.11438027568, 0.010631944479, 0.57816711889, 0.28790975966],
      [0.049840710974, 0.025196071621, 0.17771068851, 0.28630826157, 0.46094426732]
    ],
    [
      [0.55085587979, 0.030349470436, 0.06387943698, 0.29643799044, 0.058477222359],
      [0.035649376804, 0.093312995924, 0.58866566941, 0.21409628752, 0.068275670338],
      [0.0017726143672, 0.023508966008, 0.036591846132, 0.93316205877, 0.0049645147249],
      [0.0015463830251, 0.74235650231, 0.12775777574, 0.12667499975, 0.001664339176],
      [0.018429880536, 0.11557503987, 0.014914794188, 0.6172369986, 0.2338432868],
      [0.094490176582, 0.02467864618, 0.21664819375, 0.29867378562, 0.36550919786]
    ],
    [
      [0.36691649614, 0.017595614128, 0.091038337987, 0.39327023704, 0.13117931471],
      [0.0085847896271, 0.012474481412, 0.64706575024, 0.21461465044, 0.11726032827],
      [0, 0, 0.032187226095, 0.95098555328, 0.016827220629],
      [0.00048248405567, 0.57311569766, 0.21808935419, 0.20233008542, 0.0059823786841],
      [0.0076861777218, 0.049399872878, 0.014580037829, 0.56287558651, 0.36545832506],
      [0.035880110275, 0.0076201702267, 0.19092329666, 0.24478752901, 0.52078889383]
    ],
    [
      [0.42707784729, 0.017952508065, 0.075620497645, 0.35688876692, 0.12246038009],
      [0.020168918639, 0.033370655095, 0.59732507531, 0.22382511089, 0.12531024007],
      [0, 0, 0.029869649297, 0.95315729113, 0.016973059577],
      [0.0012231155661, 0.59695147979, 0.19672632107, 0.19940797661, 0.0056911069645],
      [0.0097082193057, 0.050255424979, 0.0128871988, 0.55736561432, 0.36978354259],
      [0.046354509945, 0.009366039736, 0.17433830952, 0.24379691823, 0.52614422257]
    ],
    [
      [0.4428531751, 0.020328936968, 0.12288601794, 0.34976143792, 0.064170432064],
      [0, 0.045411006097, 0.70988464642, 0.18994660473, 0.054757742755],
      [0, 0, 0.060937306066, 0.93645869724, 0.0026039966934],
      [0, 0.65740205266, 0.19290979947, 0.14813121844, 0.001556929438],
      [0.010898117284, 0.077985955986, 0.020696629506, 0.65031693254, 0.24010236468],
      [0.054422295576, 0.012773507107, 0.27379301542, 0.29185173056, 0.36715945134]
    ],
    [
      [0.51293285129, 0.024658987128, 0.05708342101, 0.3190594048, 0.086265335768],
      [0.025040513253, 0.078349559832, 0.54736733181, 0.24592298934, 0.10331960576],
      [0, 0.0049148110563, 0.020406582392, 0.96602175836, 0.0086568481934],
      [0.00082553598578, 0.71969727429, 0.1252372584, 0.1511720196, 0.0030679117244],
      [0.013583428298, 0.085806331403, 0.011222546886, 0.58037828319, 0.30900941023],
      [0.068886980364, 0.016911553801, 0.16687108011, 0.27154288019, 0.47578750553]
    ],
    [
      [0.34784342296, 0.047100219765, 0.10898534643, 0.41568486301, 0.080386147837],
      [0.010760294629, 0.099294442472, 0.65066344988, 0.17952338703, 0.059758425987],
      [0, 0.034910647424, 0.057425543156, 0.90303443799, 0.0046293714323],
      [0, 0.74689589166, 0.14650944382, 0.1052709142, 0.001323750314],
      [0.0076826118099, 0.12723153781, 0.018467733041, 0.6159524169, 0.23066570044],
      [0.040349650016, 0.027834429517, 0.26594655797, 0.29956952836, 0.36629983413]
    ],
    [
      [0.52426442804, 0.033927212429, 0.067620355253, 0.31496000435, 0.059227999927],
      [0.031446649926, 0.09978593241, 0.58907434012, 0.21466862095, 0.06502445659],
      [0.00015886522269, 0.028619065906, 0.035789281404, 0.9316357281, 0.0037970593687],
      [0.0010151278026, 0.75173277278, 0.12329487609, 0.12258839182, 0.0013688315201],
      [0.016529251262, 0.12212407627, 0.014936572576, 0.62201057179, 0.22439952811],
      [0.086989627352, 0.026764925755, 0.2220836351, 0.30684867357, 0.35731313822]
    ],
    [
      [0.55768962411, 0.033623609855, 0.062707492249, 0.29107795401, 0.054901319776],
      [0.034414916187, 0.10687673764, 0.58589438704, 0.20911717169, 0.063696787445],
      [0.00048064505672, 0.033535929865, 0.035733677854, 0.92710955246, 0.0031401947642],
      [0.0010787729759, 0.76490425118, 0.11750616712, 0.11546170628, 0.0010491024401],
      [0.018187631778, 0.12734556445, 0.014756733852, 0.61518198123, 0.22452808869],
      [0.095206470161, 0.028393048706, 0.21863319643, 0.30047488521, 0.35729239949]
    ],
    [
      [0.62341281363, 0.029030863063, 0.04983379889, 0.22607007009, 0.071652454326],
      [0.056079232185, 0.10976127552, 0.55048427518, 0.17872522937, 0.10494998775],
      [0.012445778024, 0.03545285017, 0.038826908824, 0.89796198364, 0.015312479341],
      [0.0039735463055, 0.77626076296, 0.11159015075, 0.10431084135, 0.003864698624],
      [0.024044988627, 0.12014779643, 0.013051621886, 0.52770186259, 0.31505373046],
      [0.11166612025, 0.024538815392, 0.1734426613, 0.23430209305, 0.45605031]
    ],
    [
      [0.51378642298, 0.020831573573, 0.071183045719, 0.31399244476, 0.080206512967],
      [0.026335024597, 0.047494195394, 0.62594812949, 0.2130482007, 0.08717444982],
      [0, 0, 0.036222335934, 0.95408345961, 0.009694204451],
      [0.0010244294415, 0.6738129132, 0.16395924176, 0.1577395237, 0.0034638918984],
      [0.014977798154, 0.080381982312, 0.015286663262, 0.59387937265, 0.29547418362],
      [0.073156699876, 0.015879277087, 0.20563863589, 0.26836140025, 0.4369639869]
    ]
  ],
  "expected_outcome": [
    [
      [5.7103295866, 6.1603919877, 11.4712667638, 11.8368036872, 11.4794266338, 1.8634048094, 5.77047947, 9.3678604252, 12.239562097, 17.4872402128, 19.1768021518, 6.7819276387, 2.8303864192, 6.5308355391, 4.2865252333, 16.8480899728, 13.4455822645, 3.6283673106, 1.6416869292, 11.1866779648, 53.7103724456, 9.8134191709, 38.5462642714, 23.433207968, 6.1882188265, 0, 8.5102227926, 5.4092016385, 12.9898806095, 5.6077446192, 8.2571243458, 14.7391016878, 21.138204139, 30.2083396119, 0, 2.2544303567, 1.9519545453, 1.4630560955, 35.5945882925, 9.6505395874, 39.110767465, 2.2014989768, 1.7083113891, 1.7714127004, 3.590529959, 1.3913736918, 33.0286589668, 7.8076547375, 74.8095376353, 10.2757284596],
      [0.18064714385, 0.27028925321, 0.70856429001, 0.85418878305, 0.32916173143, 0.085741427213, 0.46162224351, 0.57118339786, 0.62424588559, 1.4259828234, 1.3996644316, 0.42832781724, 0.27486350592, 0.3704511074, 0.17753603909, 1.0694343534, 0.67651182891, 0.12245435654, 0.059158729129, 0.64037091203, 2.7156527321, 0.67564052932, 2.4305473634, 1.1781492525, 1.0198358749, 0, 0.24645771132, 0.56687623569, 0.63761221387, 0.4061688735, 0.54079777101, 0.60288065898, 1.4162165623, 1.5902329526, 0.23712120055, 0.067135251465, 0.037091415848, 0.12058637073, 2.3372544432, 1.0045251832, 2.154812401, 0.10557368477, 0.071810032262, 0.081315747873, 0.17261290989, 0.18840087906, 2.1374143831, 0.47073053797, 3.4837035676, 0.41663147146],
      [0.54469776517, 0.94508081543, 1.7442403537, 1.6562131994, 0.71961902985, 0.93290114771, 0.68014656576, 1.2684552041, 0.98865802085, 2.4588610345, 3.0793352101, 0.72020513118, 0.36672452335, 0.60781892368, 0.24398698755, 1.715253636, 1.7589502014, 0.40317594202, 0.13218332594, 1.5374744608, 6.2782940224, 1.2608682459, 4.9349675951, 2.7525750642, 1.2018318288, 0, 0.45479671812, 1.094897908, 1.0409453853, 0.45995065534, 0.88989375304, 0.88428519193, 3.2901248828, 3.3722177032, 0.48691164601, 0.26299904549, 0.14551152571, 0.25045553982, 3.7259747978, 1.6956123988, 4.5354400256, 0.54623002792, 0.30248199058, 0.49154407178, 0.39958394707, 0.43594138572, 4.2600823809, 0.87790489149, 5.9800558669, 1.4236609144],
      [2.9586324109, 3.5725240543, 7.1204906802, 7.6293963254, 3.4611368583, 2.3706664982, 3.3625004869, 4.8447937278, 5.8553737658, 12.2777081187, 12.8023599048, 3.2148011732, 1.0627380349, 2.8768627855, 1.2109492643, 9.7998799655, 7.6109725234, 1.6174312707, 0.98307843636, 7.8283341305, 28.8733984963, 6.520234977, 24.2820237744, 12.0862985478, 7.3569068684, 0, 2.1451020495, 4.8305822113, 5.0308445437, 1.9463106828, 4.183596772, 5.0339727525, 19.0376581356, 16.2275754241, 2.1272288551, 1.108205816, 0.75532293188, 1.418050109, 19.19185528, 9.2513193524, 21.047097321, 2.3596214222, 1.4275550677, 1.3990457517, 2.2334158336, 1.662739452, 19.8424802738, 4.0750913562, 27.1284084111, 6.2798488952],
      [0.60569309344, 1.0517138894, 1.9554379124, 1.0233980049, 1.0106557467, 0.74728611741, 0.72525123392, 0.94770724503, 1.2921602308, 2.3502078106, 2.5418383018, 0.85473823968, 0.46528751654, 0.61403164431, 0.081002475753, 2.5673420723, 1.5079831818, 0.2285711202, 0.18389257932, 1.8071425318, 5.4222823036, 0.72983707688, 3.8061969957, 2.5497691675, 1.2332066015, 0, 0.64342072845, 1.0984420065, 1.3007172476, 0.57982516914, 1.1285873581, 0.7397597088, 3.1177962804, 3.6016343081, 0.14873829831, 0.30722953028, 0.11011958124, 0.747851885, 4.1503271865, 2.3980034782, 4.1518827875, 0.78707588824, 0.48984152035, 0.25668172826, 0.60385735038, 0.32154459135, 3.7313639954, 0.76861847687, 8.5982945192, 1.6041302593]
    ],
    [
      [4.8872368478, 4.3434970556, 5.6225686574, 0.61603047139, 8.9424138228, 0, 2.9396536078, 3.8263914425, 9.9652425764, 8.5886753948, 17.31769725, 8.4606214967, 0.75327870143, 4.9329297406, 1.5607702346, 7.9918444082, 3.3355849186, 3.3712763885, 0.10490498042, 3.0103747589, 24.1069967519, 3.0880040131, 26.3984707796, 17.98103003, 0, 0.92043608452, 9.4692679924, 0, 4.4421233743, 1.8209124457, 2.8419397673, 9.2470514716, 7.1814551968, 21.5105801026, 6.0628585485e-16, 3.4184520297, 2.1192292583, 0.27972089482, 18.2418587625, 2.503089236, 14.010205084, 0.48933300874, 1.7546959216, 0, 1.0016205301, 1.1513515253, 19.3082430548, 3.0973424568, 45.9288911597, 1.1850761068],
      [7.2283110045, 7.9406629491, 17.179332671, 7.2454112477, 9.1273866215, 0.18175220039, 15.4103002223, 12.0126643497, 24.5204110444, 43.5498416593, 64.9110635009, 28.7039640565, 4.2685925026, 14.2799983678, 2.9989088902, 24.8117725333, 8.1780102889, 5.2932055593, 0.95481773542, 10.6276725036, 56.3122208306, 15.3349070299, 84.7433351314, 41.3785348293, 9.7908055953, 2.0119245352, 10.8520514696, 6.3265015671, 10.2399633773, 6.6044127802, 9.3547635237, 17.6886037977, 33.0676031387, 52.7126340282, 1.4297628294, 3.1499973144, 0.96392339873, 2.1353428465, 59.7741981977, 23.1800881135, 36.6720073983, 0.71104544048, 2.9032469932, 0.81739810974, 3.1339823933, 10.6245053445, 61.2685624995, 9.6189063879, 89.894484647, 2.1372387927],
      [69.4574652969, 98.9564541736, 128.5470728959, 36.3303721925, 63.4773972218, 15.5231244712, 59.9345952146, 77.4456625637, 115.4534087813, 209.6512340222, 417.4658024715, 130.6383971667, 15.8697186468, 67.2798210354, 13.3060808307, 119.0028818447, 64.4867083467, 56.6676735927, 7.0338044092, 74.1896913702, 397.4869305258, 79.8501530327, 511.4363617468, 297.6505149747, 42.3058104757, 10.981276626, 60.3540306873, 31.8168030228, 50.0073399407, 21.8751237042, 45.3727071416, 77.7764163429, 243.5016088477, 340.6917953578, 8.5301433998, 54.386736623, 23.3255365171, 14.0853904899, 275.484417001, 109.5802114023, 231.3456080791, 36.8827477638, 51.9672815519, 12.7779236355, 21.8946932726, 69.6209891375, 361.6916448343, 52.7304948334, 450.8466213739, 28.1676658269],
      [30.6980288427, 27.2873691588, 38.8041090134, 13.047653117, 22.7629307904, 4.1284723768, 21.8214902668, 21.4097991927, 55.084598466, 82.2948345979, 128.8775523863, 41.4126891126, 2.4397785901, 23.9359586686, 4.6378327572, 53.6027809432, 21.9712735378, 17.666993904, 3.7757850247, 30.1428725939, 144.6482869451, 33.4338571097, 202.1869066098, 100.7873944055, 20.7201528525, 3.8743744741, 20.1396082162, 10.8437515175, 18.3605330863, 6.2068322187, 16.0705176835, 34.2400745056, 118.9144823941, 129.6240862166, 2.8104084183, 17.4672121988, 9.4576526487, 6.0510475613, 109.8574705893, 48.0293663275, 84.1398409958, 12.2330350753, 19.4727846471, 3.4190388851, 9.8369195737, 19.2090024121, 131.806533265, 18.8205454518, 146.375962855, 9.5871690316],
      [9.7289580081, 14.472016663, 18.8469167624, 2.7605329714, 11.6898715435, 2.1666509515, 7.8939606886, 7.3054824514, 18.976339132, 24.9154143259, 43.4278843913, 19.7843281675, 2.668631559, 8.5712921876, 0.49640728734, 22.5907202706, 7.028422908, 4.0008505555, 1.1306878503, 11.0293887735, 43.4455649466, 5.2930788145, 49.2349257323, 35.2025257605, 5.1832310765, 0.21198828022, 11.1850416345, 4.0129438926, 7.9500402213, 3.4927188512, 7.3600718839, 8.0478538822, 28.3348504226, 46.4609042947, 0.22968535244, 8.5776018341, 2.1336581772, 5.4484982075, 38.6420554495, 19.7072449207, 26.8323384428, 6.6838387116, 10.9019908861, 0.98563936959, 4.1327842304, 6.3941515806, 39.9250163464, 5.7327108701, 85.9540399645, 3.9228502419]
    ],
    [
      [0.41041881771, 0.2862221693, 0.013955222686, 0, 1.5051949189, 0, 0, 0.10123631837, 0.88914340972, 0, 0, 0.70947796246, 0.091862379714, 0.6757003578, 0.54349636044, 0.30125728794, 0.10423673458, 0.49580393403, 0, 0, 1.9067041063, 0, 0, 1.5501441724, 0, 0, 2.3889156117, 0, 2.5164028885, 0.60676931462, 0.28342815745, 3.5757766291, 0, 2.30211704, 0, 0.090851606361, 0, 0, 0.87593924387, 0, 1.2142408415, 0, 0, 0, 0, 0, 0.22352336832, 0.065367727714, 13.6779100486, 0],
      [0.51465288738, 0.78245508973, 5.9753252966, 5.3707424031, 1.3468418475, 0, 8.0515741292, 5.4557935983, 9.2562511026, 17.525156807, 24.1840391722, 17.9727960215, 4.8160812229, 10.0891376223, 1.9373615758, 18.047049634, 3.4293130343, 1.0440107209, 0, 2.743258994, 16.9244417473, 5.0566634351, 36.6382800695, 12.1907968556, 3.2455135296, 1.3884277852, 3.0202301148, 5.0941149326, 11.4411082156, 8.0753659074, 6.5873701708, 12.9860716944, 0, 21.4628396194, 2.8251101092, 0, 0, 0, 32.5229526635, 8.0225935405, 16.1036417152, 0, 0, 0, 0.348951585, 6.7726656003, 40.2670257301, 4.5608864617, 38.9626823373, 0],
      [5.7651125678, 12.0907581847, 14.7535145661, 6.7631550147, 2.9308181107, 2.3421886755, 3.8325655934, 9.4119849383, 4.9911657952, 14.1053506556, 39.656401076, 13.7738152365, 4.3700769657, 7.9000598935, 0.81455970634, 12.873097337, 11.230137837, 9.2742505278, 0.55425821542, 11.8173049691, 35.189067079, 5.1648777158, 47.0413971152, 27.5920743759, 2.7559494314, 1.7026925638, 3.9480481103, 7.4958610414, 9.6885745864, 3.5064557457, 5.9342963117, 6.4928837366, 8.1778218685, 38.5111770846, 3.3191611013, 4.6202851185, 2.1152023612, 1.7453001986, 21.4526453167, 6.8426137435, 25.0654146007, 2.9612248007, 4.3012294988, 1.0359342031, 1.4488673499, 11.1405553723, 50.3555189349, 4.8597801881, 42.6707727979, 5.4695727261],
      [304.9244882262, 172.2357458296, 254.946698565, 181.8661025822, 83.1579472739, 44.9613915009, 128.6588695753, 148.2494165797, 321.1895914972, 470.8607323971, 752.789510453, 306.6745734912, 39.6340717046, 208.1203405671, 33.7045823574, 602.7394810073, 241.7740669575, 165.6906046214, 107.2989038038, 408.679316055, 879.5978541993, 221.778458849, 1563.9234553306, 588.5359416178, 242.998537039, 49.9088796509, 105.1934455905, 167.4302518875, 258.6649821116, 73.0120481232, 149.5238421325, 338.4758284794, 804.3179033523, 1069.7994148596, 93.8557287894, 88.7759989208, 128.693190077, 67.2628360106, 760.1464653238, 302.7282485489, 639.216010256, 87.4906709014, 137.2546499221, 15.9197978531, 68.5875448434, 175.1886809696, 1310.8114694349, 126.0868991346, 986.8602200203, 144.0666024018],
      [1.3853275009, 2.6048187267, 3.3105063495, 0, 1.059197849, 0.69641982361, 0.45699070214, 0.78156856534, 1.6738481953, 1.5087601402, 4.3700492987, 2.8693372884, 1.0879077271, 1.2147615594, 0, 5.0391147337, 1.4622454366, 0.49533019585, 0.14683798075, 2.7601199819, 4.3819328681, 0, 3.3968674848, 4.1310429783, 0, 0, 1.4493605727, 0.97977213852, 2.688932198, 0.79936090908, 1.6710632275, 0.46943946053, 0.50427477923, 7.9244513964, 0, 1.5128643543, 0.19160756185, 2.9918637908, 4.0019974522, 2.406544167, 3.4006925866, 1.5481042979, 2.4441205792, 0.044267943787, 0.61463622173, 0.89809805786, 5.3424625318, 0.42706648794, 16.8284147959, 1.4638248721]
    ],
    [
      [0.05370131989, 0.067495406635, 0.044490667807, 0, 0.92558724528, 0, 0, 0.046009211623, 0.21972828097, 0.013760157085, 0.20827467977, 0.21675990865, 0.0051214241389, 0.086610799582, 0.19306154222, 0.13854145323, 0.069628454679, 0.057258357731, 0.008614634934, 0.060257581471, 0.36166329687, 0.014136821221, 0.3193680486, 0.31207056234, 0, 0.011288545085, 0.43034847777, 0, 0.18038555444, 0.056861111665, 0.035197852575, 0.2522019063, 0.024034403395, 0.55066554837, 0, 0.045886108215, 0.033830719782, 0.0006231097299, 0.27895160984, 0, 0.30927660501, 0.0067547767794, 0.018346733491, 0, 0.0090808958435, 0, 0.30859885199, 0.038835827133, 0.89802146504, 0.036879459892],
