{
  "X": [
    [1, 28, 1],
    [8, 109, 2],
    [309, 173, 29],
    [158, 168, 26],
    [240, 139, 27],
    [10, 165, 9],
    [62, 123, 13],
    [5, 103, 13],
    [109, 55, 14],
    [344, 132, 43],
    [161, 78, 27],
    [53, 12, 11],
    [170, 296, 37],
    [75, 134, 20],
    [15, 75, 2],
    [75, 131, 11],
    [408, 161, 59],
    [291, 202, 54],
    [58, 209, 16],
    [101, 223, 17],
    [43, 111, 8],
    [107, 310, 30],
    [197, 495, 36],
    [53, 189, 14],
    [77, 235, 10],
    [104, 521, 31],
    [35, 109, 10],
    [73, 92, 4],
    [18, 67, 6],
    [53, 290, 24],
    [112, 248, 27],
    [16, 164, 6],
    [37, 67, 2],
    [2, 23, 0],
    [11, 94, 3],
    [131, 180, 22],
    [21, 112, 7],
    [72, 238, 16],
    [43, 54, 14],
    [13, 40, 3],
    [111, 99, 21],
    [7, 100, 1],
    [10, 78, 3],
    [98, 72, 20],
    [35, 47, 7],
    [366, 382, 48],
    [271, 204, 31],
    [129, 207, 36],
    [82, 191, 27],
    [255, 578, 64],
    [115, 282, 28],
    [367, 201, 65],
    [12, 83, 4],
    [5, 6, 2],
    [54, 90, 10],
    [32, 118, 9],
    [130, 304, 29],
    [142, 273, 17],
    [410, 255, 42],
    [272, 264, 32],
    [396, 218, 60],
    [183, 133, 24],
    [361, 519, 31],
    [267, 287, 47],
    [229, 183, 23],
    [397, 322, 55],
    [166, 118, 16],
    [310, 215, 45],
    [5, 71, 5],
    [3, 1, 0],
    [3995, 5121, 577],
    [349, 408, 66],
    [603, 735, 126],
    [106, 129, 17]
  ],
  "W": [
    [2, 1, 1, 24, 2, 0],
    [3, 3, 3, 102, 7, 1],
    [26, 48, 196, 154, 70, 17],
    [15, 45, 86, 144, 51, 11],
    [22, 33, 149, 140, 51, 11],
    [7, 1, 6, 155, 12, 3],
    [11, 20, 28, 109, 22, 8],
    [4, 3, 5, 96, 8, 5],
    [4, 21, 55, 44, 43, 11],
    [19, 41, 232, 119, 83, 25],
    [13, 19, 107, 68, 43, 16],
    [2, 4, 38, 10, 17, 5],
    [27, 30, 132, 232, 66, 16],
    [13, 9, 52, 113, 35, 7],
    [4, 3, 8, 67, 5, 5],
    [10, 16, 33, 123, 28, 7],
    [51, 49, 272, 137, 93, 26],
    [57, 45, 179, 159, 85, 22],
    [10, 10, 50, 181, 26, 6],
    [14, 29, 70, 187, 33, 8],
    [6, 7, 34, 94, 18, 3],
    [15, 30, 81, 257, 49, 15],
    [36, 35, 155, 382, 102, 18],
    [9, 15, 48, 144, 32, 8],
    [9, 18, 63, 200, 27, 5],
    [29, 15, 70, 462, 66, 14],
    [4, 5, 24, 100, 19, 2],
    [11, 16, 32, 91, 16, 3],
    [2, 6, 10, 61, 12, 0],
    [27, 12, 35, 252, 29, 12],
    [5, 19, 85, 216, 56, 6],
    [5, 4, 9, 147, 15, 6],
    [8, 5, 14, 58, 18, 3],
    [0, 1, 0, 20, 3, 1],
    [8, 2, 10, 76, 12, 0],
    [16, 25, 71, 174, 36, 11],
    [18, 2, 13, 90, 13, 4],
    [20, 16, 63, 183, 40, 4],
    [9, 5, 19, 55, 19, 4],
    [0, 4, 9, 38, 5, 0],
    [8, 15, 83, 82, 33, 10],
    [0, 1, 4, 98, 5, 0],
    [1, 0, 13, 73, 2, 2],
    [7, 22, 44, 77, 34, 6],
    [0, 9, 12, 60, 7, 1],
    [57, 45, 205, 371, 100, 18],
    [28, 35, 177, 195, 44, 27],
    [20, 24, 85, 174, 56, 13],
    [11, 13, 64, 174, 30, 8],
    [26, 39, 188, 484, 123, 37],
    [18, 24, 82, 245, 47, 9],
    [39, 46, 237, 193, 93, 25],
    [2, 0, 6, 81, 5, 5],
    [1, 3, 3, 5, 0, 1],
    [7, 12, 27, 80, 20, 8],
    [7, 5, 20, 106, 15, 6],
    [26, 20, 84, 254, 68, 11],
    [22, 29, 65, 270, 33, 13],
    [32, 66, 259, 238, 84, 28],
    [39, 59, 136, 250, 64, 20],
    [36, 46, 266, 208, 90, 28],
    [20, 23, 121, 120, 42, 14],
    [49, 93, 177, 502, 75, 15],
    [30, 46, 160, 257, 90, 18],
    [17, 67, 116, 182, 40, 13],
    [51, 74, 241, 295, 96, 17],
    [12, 31, 94, 124, 38, 1],
    [28, 49, 192, 201, 73, 27],
    [3, 0, 8, 60, 9, 1],
    [0, 0, 1, 0, 3, 0],
    [497, 634, 2491, 4631, 1159, 281],
    [31, 91, 222, 355, 79, 45],
    [72, 162, 407, 593, 157, 73],
    [11, 61, 38, 107, 9, 26]
  ],
  "method": "mvn_pdf",
  "cond_prob": [
    [
      [0, 0.9476938329, 0.052306167102],
      [0.3462289462, 0.62003844432, 0.03373260948],
      [0.6537710538, 0.25635110731, 0.089877838885],
      [0, 0.97900034744, 0.020999652556],
      [0, 0.86610722196, 0.13389277804],
      [0.1093688706, 0.38040503305, 0.51022609635]
    ],
    [
      [0.33528022798, 0.61910224893, 0.04561752309],
      [0.68563365008, 0.29036998888, 0.02399636104],
      [0.7734515213, 0.16817326059, 0.058375218103],
      [0.0042051888965, 0.99105281619, 0.0047419949168],
      [0.27750862528, 0.61076432787, 0.11172704685],
      [0.24541415749, 0.40432595869, 0.35025988382]
    ],
    [
      [0.69781598692, 0.24479785316, 0.057386159925],
      [0.90528201563, 0.075134081942, 0.019583902426],
      [0.92066641917, 0.03709049828, 0.042243082548],
      [0.10683227931, 0.88095374242, 0.012213978273],
      [0.60579148336, 0.2506388651, 0.14356965155],
      [0.47617968136, 0.14985207842, 0.37396824022]
    ],
    [
      [0.57405925919, 0.34409019658, 0.081850544226],
      [0.84711422067, 0.12059882608, 0.032286953249],
      [0.86556881188, 0.063638278279, 0.070792909846],
      [0.062677188574, 0.9225950745, 0.014727736924],
      [0.47100248751, 0.33436123308, 0.19463627941],
      [0.34394648572, 0.18479039367, 0.47126312061]
    ],
    [
      [0.73474993559, 0.19447284101, 0.070777223402],
      [0.91911964066, 0.056844890024, 0.024035469313],
      [0.92272614818, 0.02385268408, 0.053421167735],
      [0.13447192313, 0.8435245384, 0.022003538478],
      [0.62919722295, 0.19577966631, 0.17502311074],
      [0.46392996251, 0.11031525835, 0.42575477914]
    ],
    [
      [0.30814481595, 0.57396254263, 0.11789264142],
      [0.65321201283, 0.28235303834, 0.064434948829],
      [0.69538901154, 0.15573575543, 0.14887523303],
      [0, 0.98522977256, 0.01477022744],
      [0.21377929337, 0.52504045507, 0.26118025156],
      [0.15069622861, 0.25146480769, 0.59783896369]
    ],
    [
      [0.50895089596, 0.41181939075, 0.079229713295],
      [0.81167301003, 0.15472724872, 0.033599741247],
      [0.84252110916, 0.082808143799, 0.074670747037],
      [0.045826490568, 0.94061172575, 0.013561783685],
      [0.41454386774, 0.39754087499, 0.18791525727],
      [0.30780454063, 0.22302954311, 0.46916591626]
    ],
    [
      [0.21585663186, 0.48711222491, 0.29703114323],
      [0.53627513586, 0.27740216091, 0.18632270323],
      [0.45274672983, 0.17174556181, 0.37550770836],
      [0, 0.99024862216, 0.0097513778389],
      [0, 0.46741286046, 0.53258713954],
      [0.05280288317, 0.11148923948, 0.83570787735]
    ],
    [
      [0.70530536044, 0.23772723669, 0.056967402873],
      [0.90871771667, 0.071306187157, 0.019976096171],
      [0.92170714869, 0.034559924465, 0.04373292685],
      [0.10752421968, 0.87829259763, 0.014183182688],
      [0.61356731487, 0.24214898228, 0.14428370285],
      [0.4806684659, 0.14487134035, 0.37446019375]
    ],
    [
      [0.72368179491, 0.20496973627, 0.071348468824],
      [0.91550285572, 0.059936881844, 0.024560262437],
      [0.92461161296, 0.019924887594, 0.055463499445],
      [0.12877923655, 0.85073669422, 0.020484069229],
      [0.61989927529, 0.2036764887, 0.17642423601],
      [0.45712662429, 0.11531095035, 0.42756242536]
    ],
    [
      [0.6848200066, 0.22952189137, 0.085658102032],
      [0.89923421056, 0.070471536009, 0.030294253429],
      [0.90351117438, 0.028918933736, 0.067569891881],
      [0.10908355475, 0.86856909691, 0.022347348335],
      [0.57006081992, 0.22341399112, 0.20652518895],
      [0.40036857967, 0.11958938187, 0.48004203846]
    ],
    [
      [0.71559786627, 0.17698447835, 0.10741765538],
      [0.9128470407, 0.050650407822, 0.03650255148],
      [0.91600903658, 0.00042803741318, 0.083562926004],
      [0.13471217109, 0.83389187707, 0.031395951836],
      [0.58393638428, 0.15860884995, 0.25745476577],
      [0.36700649418, 0.078378954078, 0.55461455174]
    ],
    [
      [0.40543683071, 0.51651400639, 0.078049162908],
      [0.73866749038, 0.22344782514, 0.037884684485],
      [0.78971256337, 0.12243766506, 0.087849771561],
      [0.030527551168, 0.95746232824, 0.012010120592],
      [0.32640914733, 0.49191515006, 0.18167570261],
      [0.25160793121, 0.28695345185, 0.46143861695]
    ],
    [
      [0.47242814899, 0.42747645493, 0.10009539608],
      [0.78765996088, 0.16838818182, 0.043951857304],
      [0.81218692999, 0.090385540128, 0.097427529883],
      [0.041747813229, 0.94514618594, 0.013106000833],
      [0.37181102517, 0.39897413822, 0.22921483661],
      [0.2578407543, 0.20880721632, 0.53335202937]
    ],
    [
      [0.38385912639, 0.58514012867, 0.031000744941],
      [0.73051631288, 0.25423809035, 0.015245596774],
      [0.83439734742, 0.14628994385, 0.01931270873],
      [0.020589136816, 0.97941086318, 0],
      [0.32828342775, 0.59419196773, 0.07752460452],
      [0.31538929421, 0.4269835983, 0.2576271075]
    ],
    [
      [0.60781396948, 0.33149185442, 0.060694176095],
      [0.86550629789, 0.1115940222, 0.02289967991],
      [0.89016828451, 0.059239276852, 0.050592438639],
      [0.068247020891, 0.92037429303, 0.011378686079],
      [0.51639357893, 0.33381049167, 0.1497959294],
      [0.40640033867, 0.19884987926, 0.39474978207]
    ],
    [
      [0.69604196688, 0.21744330962, 0.086514723502],
      [0.90381342889, 0.065935936724, 0.030250634387],
      [0.9098542588, 0.023048081556, 0.067097659641],
      [0.11793989209, 0.85921400961, 0.022846098299],
      [0.58054812423, 0.21214605466, 0.20730582111],
      [0.40715009648, 0.11417498951, 0.478674914]
    ],
    [
      [0.60668873155, 0.2976885995, 0.095622668951],
      [0.86316440611, 0.10083093139, 0.0360046625],
      [0.87097542148, 0.051463369601, 0.077561208914],
      [0.078242983712, 0.90427790166, 0.017479114629],
      [0.49140438549, 0.28490610207, 0.22368951245],
      [0.33916983655, 0.14932771446, 0.51150244899]
    ],
    [
      [0.33904706293, 0.5815759649, 0.07937697217],
      [0.6821321717, 0.27575432013, 0.042113508177],
      [0.74334961299, 0.15702324579, 0.099627141222],
      [0.013212081745, 0.97468607166, 0.012101846597],
      [0.26855902436, 0.54794395116, 0.18349702448],
      [0.20780092917, 0.31846886, 0.47373021083]
    ],
    [
      [0.40048005776, 0.5359374161, 0.063582526136],
      [0.73586540001, 0.232925574, 0.031209025996],
      [0.79723357322, 0.1300437491, 0.072722677674],
      [0.028126487257, 0.96199146809, 0.0098820446545],
      [0.32845392094, 0.52047069466, 0.1510753844],
      [0.26852499467, 0.3213793294, 0.41009567594]
    ],
    [
      [0.38758417624, 0.55042473069, 0.061991093066],
      [0.72785003089, 0.24143812505, 0.030711844062],
      [0.7916686334, 0.13548811017, 0.072843256435],
      [0.023122477395, 0.96585123416, 0.011026288448],
      [0.31712105336, 0.53456468621, 0.14831426042],
      [0.26037311833, 0.3295362108, 0.41009067087]
    ],
    [
      [0.34360116541, 0.57619829215, 0.08020054244],
      [0.68479618229, 0.27256110529, 0.042642712419],
      [0.74563035042, 0.15424309833, 0.10012655125],
      [0.017110051029, 0.97018899716, 0.012700951814],
      [0.27234922164, 0.54279070478, 0.18486007358],
      [0.21090957942, 0.31674564607, 0.47234477451]
    ],
    [
      [0.34256737172, 0.60455920989, 0.052873418391],
      [0.68448824801, 0.28736906638, 0.028142685612],
      [0.76631713675, 0.16548649142, 0.068196371829],
      [0.022528776465, 0.96918546009, 0.0082857634476],
      [0.28305640736, 0.59078394402, 0.12615964862],
      [0.24742131006, 0.39104093931, 0.36153775063]
    ],
    [
      [0.25305741219, 0.69405163705, 0.052890950756],
      [0.58808846365, 0.37891125187, 0.033000284481],
      [0.68750417512, 0.22866474901, 0.083831075876],
      [0.0061026372096, 0.97973268935, 0.014164673445],
      [0.20483402698, 0.66948592255, 0.12568005048],
      [0.18343591357, 0.4486127186, 0.36795136783]
    ],
    [
      [0.34275094689, 0.61173302277, 0.045516030343],
      [0.68651778274, 0.28941756024, 0.024064657021],
      [0.77268697804, 0.16909558449, 0.058217437473],
      [0.019378870101, 0.97627548272, 0.0043456471813],
      [0.28566168848, 0.60445813288, 0.10988017864],
      [0.25800043262, 0.41127975133, 0.33071981605]
    ],
    [
      [0.36360672244, 0.563834191, 0.072559086568],
      [0.70373422053, 0.25913834958, 0.037127429895],
      [0.76568882213, 0.14718650037, 0.087124677495],
      [0.014630019619, 0.97483203021, 0.010537950166],
      [0.29214615253, 0.53878097751, 0.16907286996],
      [0.23288993291, 0.32333826548, 0.44377180161]
    ],
    [
      [0.44000208135, 0.4593517326, 0.10064618605],
      [0.766883867, 0.1872808755, 0.045835257493],
      [0.7961738708, 0.10081813901, 0.1030079902],
      [0.033073792836, 0.95278231639, 0.014143890775],
      [0.34309040562, 0.42569775334, 0.23121184104],
      [0.23565122502, 0.22003220178, 0.5443165732]
    ],
    [
      [0.70639238744, 0.25626268482, 0.037344927738],
      [0.90953188356, 0.078654192989, 0.011813923456],
      [0.93095364317, 0.042887136428, 0.026159220401],
      [0.10083931021, 0.89753928884, 0.0016214009531],
      [0.63068275417, 0.27167712731, 0.097640118522],
      [0.53978524145, 0.17578189732, 0.28443286123]
    ],
    [
      [0.39888120772, 0.48179651037, 0.11932228192],
      [0.73804370788, 0.20529866111, 0.056657631013],
      [0.76288681504, 0.10967334476, 0.12743984021],
      [0.025540649908, 0.95961051469, 0.014848835398],
      [0.29892729521, 0.43097001406, 0.27010269073],
      [0.18741717518, 0.20208581752, 0.6104970073]
    ],
    [
      [0.32487113876, 0.57533757488, 0.099791286357],
      [0.66764769398, 0.27855034634, 0.053801959675],
      [0.71846172903, 0.15662134481, 0.12491692617],
      [0.0065509534353, 0.98001919474, 0.013429851823],
      [0.25036494765, 0.52617576033, 0.22345929202],
      [0.17992688853, 0.28480001078, 0.53527310069]
    ],
    [
      [0.43218674166, 0.47590722016, 0.091906038181],
      [0.75893118056, 0.19834158571, 0.042727233731],
      [0.79535991858, 0.10812781031, 0.096512271105],
      [0.033244266925, 0.95449292751, 0.012262805569],
      [0.34190911961, 0.4468779455, 0.21121293489],
      [0.24768473796, 0.24424543409, 0.50806982796]
    ],
    [
      [0.3106332441, 0.63856412762, 0.050802628281],
      [0.65716239206, 0.31476805377, 0.028069554171],
      [0.74642591494, 0.18492703245, 0.068647052612],
      [0, 0.99316446297, 0.0068355370256],
      [0.25035720654, 0.62772906368, 0.12191372978],
      [0.22416547979, 0.41210864038, 0.36372587983]
    ],
    [
      [0.60107997876, 0.3703753686, 0.028544652644],
      [0.86478974219, 0.12494061013, 0.010269647682],
      [0.90884390805, 0.068836362672, 0.022319729278],
      [0.058600907712, 0.94139909229, 0],
      [0.57125338451, 0.39111588563, 0.03763072986],
      [0.48739439261, 0.2691172097, 0.24348839769]
    ],
    [
      [0.30461109611, 0.68221607958, 0.013172824312],
      [0.69275571835, 0.30724428165, 0],
      [0.80839012509, 0.17386320744, 0.017746667467],
      [0, 1, 0],
      [0.2925513229, 0.7074486771, 0],
      [0.42959031295, 0.57040968705, 0]
    ],
    [
      [0.2353531614, 0.72139563643, 0.043251202177],
      [0.57490923637, 0.39824362497, 0.026847138664],
      [0.68412157615, 0.24634988399, 0.069528539869],
      [0, 0.99133744101, 0.0086625589861],
      [0.093845039554, 0.80226694181, 0.10388801863],
      [0.18170768822, 0.48526087876, 0.33303143302]
    ],
    [
      [0.62580925428, 0.29235351109, 0.081837234621],
      [0.87284893581, 0.09679546711, 0.030355597083],
      [0.88336132044, 0.050449681926, 0.066188997631],
      [0.078818796784, 0.90398787999, 0.017193323224],
      [0.51748918445, 0.28630361022, 0.19620720533],
      [0.37300850038, 0.15633714921, 0.4706543504]
    ],
    [
      [0.31182974301, 0.62566359464, 0.062506662343],
      [0.66133270656, 0.30504572512, 0.033621568317],
      [0.74055948028, 0.1774063682, 0.082034151516],
      [0.0032879167123, 0.98342128141, 0.013290801877],
      [0.25330892661, 0.60088296259, 0.1458081108],
      [0.21204935475, 0.37557180471, 0.41237884054]
    ],
    [
      [0.28056978709, 0.66258282674, 0.056847386163],
      [0.62096274382, 0.34571782229, 0.033319433882],
      [0.71158886819, 0.2052410694, 0.083170062408],
      [0.009439696109, 0.97849824201, 0.012062061878],
      [0.22751193132, 0.63870855152, 0.13377951716],
      [0.19879000502, 0.41828764673, 0.38292234826]
    ],
    [
      [0.63422820891, 0.20992297554, 0.15584881555],
      [0.87579948695, 0.068562960129, 0.055637552921],
      [0.8520225548, 0.034710889679, 0.11326655552],
      [0.12174859905, 0.85986625799, 0.018385142969],
      [0.47344370243, 0.18461263129, 0.34194366628],
      [0.25822921252, 0.077021832981, 0.6647489545]
    ],
    [
      [0.43454493298, 0.46677655911, 0.098678507911],
      [0.77078307073, 0.18456757834, 0.044649350933],
      [0.80044567552, 0.097825870499, 0.10172845398],
      [0.027381930246, 0.95364849386, 0.018969575892],
      [0.33446865762, 0.42853081708, 0.23700052531],
      [0.21165691017, 0.20230762961, 0.58603546022]
    ],
    [
      [0.55848399072, 0.35164577869, 0.089870230586],
      [0.83918259167, 0.12506795736, 0.035749450975],
      [0.85511103241, 0.066110582792, 0.078778384798],
      [0.059306398373, 0.92555191137, 0.015141690257],
      [0.45170369006, 0.33707987347, 0.21121643646],
      [0.32008270706, 0.18047434813, 0.49944294481]
    ],
    [
      [0.38408570519, 0.57617990247, 0.039734392345],
      [0.73081153733, 0.24986873672, 0.019319725954],
      [0.81122323547, 0.14257627036, 0.04620049417],
      [0.014383597574, 0.98254975784, 0.0030666445894],
      [0.32294059172, 0.57798998276, 0.099069425521],
      [0.28873852459, 0.38852888705, 0.32273258836]
    ],
    [
      [0.28005628009, 0.66102037451, 0.058923345401],
      [0.63199175412, 0.33424850941, 0.03375973647],
      [0.68452959134, 0.23100945739, 0.084460951279],
      [0, 0.99035989396, 0.0096401060364],
      [0.22539718965, 0.63251581508, 0.14208699526],
      [0.18513232662, 0.38727639499, 0.4275912784]
    ],
    [
      [0.71709516737, 0.17000360788, 0.11290122475],
      [0.91321952827, 0.049052348687, 0.037728123041],
      [0.89908784992, 0.021158734217, 0.079753415861],
      [0.14951569249, 0.81761744, 0.032866867517],
      [0.57777576474, 0.15829631167, 0.26392792359],
      [0.36209241454, 0.076870215284, 0.56103737017]
    ],
    [
      [0.77285424532, 0.086915169047, 0.14023058564],
      [0.92576654075, 0.033922557143, 0.040310902107],
      [0.88839857955, 0.024555767705, 0.087045652745],
      [0.1932839041, 0.76270328248, 0.04401281342],
      [0.58546035949, 0.086349283988, 0.32819035653],
      [0.31206141634, 0.033385836414, 0.65455274724]
    ],
    [
      [0.67807696298, 0.2505678909, 0.071355146122],
      [0.89590102588, 0.078971949612, 0.025127024509],
      [0.90402446282, 0.041055730074, 0.054919807102],
      [0.098488998114, 0.88425945369, 0.017251548191],
      [0.57443987441, 0.25125775288, 0.17430237271],
      [0.42920257365, 0.14230195622, 0.42849547013]
    ],
    [
      [0.68985161677, 0.24810571907, 0.062042664165],
      [0.90134463338, 0.077091410655, 0.021563955967],
      [0.91340496254, 0.039458587356, 0.047136450108],
      [0.10240671169, 0.88340626814, 0.01418702017],
      [0.59341987595, 0.25255208143, 0.15402804263],
      [0.4586900323, 0.14793172819, 0.39337823951]
    ],
    [
      [0.4764668864, 0.41051414748, 0.11301896611],
      [0.78915010538, 0.16177611104, 0.049073783575],
      [0.80634992376, 0.086830954238, 0.106819122],
      [0.046588233813, 0.94217182825, 0.011239937938],
      [0.3694538239, 0.37717069308, 0.25337548302],
      [0.24581149242, 0.18976941134, 0.56441909623]
    ],
    [
      [0.42990142401, 0.42766799446, 0.14243058153],
      [0.75614800866, 0.17838074582, 0.065471245518],
      [0.76437066681, 0.095652994668, 0.13997633852],
      [0.042624666792, 0.94948540215, 0.0078899310551],
      [0.31834723632, 0.3753154074, 0.30633735628],
      [0.19429105452, 0.17312356374, 0.63258538175]
    ],
    [
      [0.41671607804, 0.50622016081, 0.077063761143],
      [0.74694305924, 0.2162753703, 0.03678157046],
      [0.79576267221, 0.11952035426, 0.084716973525],
      [0.029914676982, 0.95850857899, 0.011576744028],
      [0.33604441953, 0.4840478754, 0.17990770507],
      [0.25997440605, 0.28318023975, 0.45684535421]
    ],
    [
      [0.41654831341, 0.49268256387, 0.090769122713],
      [0.74709973289, 0.20979015864, 0.043110108471],
      [0.78715067595, 0.11498374628, 0.097865577767],
      [0.030096329691, 0.95776327695, 0.012140393356],
      [0.32950845305, 0.46220531834, 0.20828622861],
      [0.24054258593, 0.25471444809, 0.50474296598]
    ],
    [
      [0.68989954597, 0.20614116976, 0.10395928427],
      [0.9009748343, 0.062963375013, 0.036061790687],
      [0.89909219996, 0.024091006989, 0.07681679305],
      [0.12499580251, 0.84817450987, 0.02682968762],
      [0.56121782795, 0.19553610099, 0.24324607106],
      [0.36987104215, 0.098882907044, 0.53124605081]
    ],
    [
      [0.45892882985, 0.48230980323, 0.058761366915],
      [0.7849566285, 0.18916284299, 0.025880528512],
      [0.83670317174, 0.10361673596, 0.059680092307],
      [0.032517695568, 0.95801753884, 0.0094647655963],
      [0.38041552673, 0.47553165953, 0.14405281373],
      [0.30518246704, 0.28732020689, 0.40749732607]
    ],
    [
      [0.38973154507, 0.39127344931, 0.21899500562],
      [0.76387020517, 0.15396766573, 0.082162129099],
      [0.72187687712, 0.079480500834, 0.19864262205],
      [0.022146681097, 0.97403664633, 0.0038166725717],
      [0.22109552767, 0.2544582295, 0.52444624283],
      [0.042293802592, 0.038198819337, 0.91950737807]
    ],
    [
      [0.55675558945, 0.37670278657, 0.06654162398],
      [0.83987206955, 0.13346076823, 0.026667162226],
      [0.86956334921, 0.071038295362, 0.059398355426],
      [0.054589891505, 0.93298658551, 0.01242352298],
      [0.46498344991, 0.37299654437, 0.16202000573],
      [0.3598969115, 0.2180824465, 0.422020642]
    ],
    [
      [0.41671659781, 0.50919560978, 0.07408779241],
      [0.75073817696, 0.21430196161, 0.034959861422],
      [0.80093487928, 0.11831555674, 0.080749563987],
      [0.025555233645, 0.96202788999, 0.012416876361],
      [0.33649814521, 0.48833853016, 0.17516332463],
      [0.2590447334, 0.28296258284, 0.45799268376]
    ],
    [
      [0.43643260577, 0.48924355765, 0.074323836576],
      [0.7625297106, 0.20302671306, 0.034443576337],
      [0.80942717658, 0.11159246779, 0.078980355629],
      [0.032617863171, 0.95584176392, 0.011540372908],
      [0.35434458041, 0.47088150235, 0.17477391724],
      [0.27544604472, 0.2765105227, 0.44804343258]
    ],
    [
      [0.63250521953, 0.31084259785, 0.056652182625],
      [0.87670796791, 0.10253549276, 0.020756539338],
      [0.89967447182, 0.054591280752, 0.045734247427],
      [0.07633982145, 0.91376466049, 0.0098955180634],
      [0.54311211955, 0.3161442568, 0.14074362365],
      [0.43438936124, 0.19156011559, 0.37405052317]
    ],
    [
      [0.70024713171, 0.23893928462, 0.060813583674],
      [0.90590743943, 0.073186753149, 0.020905807424],
      [0.91842864816, 0.0361188173, 0.045452534544],
      [0.10914482989, 0.87683720344, 0.014017966671],
      [0.60496836586, 0.24361334085, 0.15141829329],
      [0.46912030946, 0.14350244479, 0.38737724575]
    ],
    [
      [0.67407196515, 0.26253054321, 0.06339749164],
      [0.89454992295, 0.082989749109, 0.022460327944],
      [0.9076300792, 0.043421737381, 0.048948183419],
      [0.09458340839, 0.89126237628, 0.014154215327],
      [0.57722167203, 0.2661159702, 0.15666235777],
      [0.44535090132, 0.15562705852, 0.39902204016]
    ],
    [
      [0.69724941301, 0.21463767854, 0.088112908448],
      [0.90393834059, 0.065419560721, 0.03064209869],
      [0.90583886369, 0.026905047745, 0.067256088565],
      [0.11961478405, 0.8565330435, 0.023852172456],
      [0.57967653153, 0.20924160154, 0.21108186693],
      [0.40406988585, 0.11129942474, 0.48463068941]
    ],
    [
      [0.66197052936, 0.26734388588, 0.070685584757],
      [0.88943272402, 0.085191571003, 0.025375704973],
      [0.90071777632, 0.04309822014, 0.05618400354],
      [0.091111996347, 0.89267681118, 0.016211192473],
      [0.55977549967, 0.26739934664, 0.17282515369],
      [0.41948394842, 0.151917258, 0.42859879358]
    ],
    [
      [0.63860808438, 0.30815086868, 0.053241046942],
      [0.87940306251, 0.10147913574, 0.019117801756],
      [0.90339747057, 0.054334876885, 0.042267652545],
      [0.079486847795, 0.91293224483, 0.0075809073713],
      [0.55187704136, 0.31522166147, 0.13290129717],
      [0.44861273777, 0.19414420571, 0.35724305652]
    ],
    [
      [0.60237792391, 0.31077885196, 0.086843224124],
      [0.86120113735, 0.10582318733, 0.032975675326],
      [0.87293827049, 0.05520759955, 0.071854129959],
      [0.07351976077, 0.91026920063, 0.016211038601],
      [0.4934095765, 0.30113524776, 0.20545517574],
      [0.35232479351, 0.16301083532, 0.48466437117]
    ],
    [
      [0.70316292541, 0.23207565758, 0.064761417017],
      [0.90677378387, 0.070577062545, 0.022649153583],
      [0.91522649276, 0.035943272894, 0.048830234344],
      [0.10994956212, 0.87342743007, 0.016623007816],
      [0.6036410787, 0.23562653316, 0.16073238813],
      [0.45920385654, 0.13598287508, 0.40481326837]
    ],
    [
      [0.64628514137, 0.27022815601, 0.083486702621],
      [0.88193963857, 0.087626014719, 0.030434346711],
      [0.88943386383, 0.044419537451, 0.066146598716],
      [0.089705474208, 0.89208520755, 0.01820931824],
      [0.53571257132, 0.26472014005, 0.19956728863],
      [0.38416715378, 0.14415651505, 0.47167633116]
    ],
    [
      [0.74381618521, 0.18758219966, 0.068601615132],
      [0.92216445319, 0.054583616523, 0.023251930291],
      [0.92311930153, 0.02611576609, 0.050764932376],
      [0.13683501845, 0.84088255975, 0.0222824218],
      [0.63877706161, 0.19013974934, 0.17108318905],
      [0.47282275584, 0.10729159513, 0.41988564903]
    ],
    [
      [0.67960925651, 0.24273346951, 0.077657273971],
      [0.89671708407, 0.075694488602, 0.027588427324],
      [0.90289841202, 0.03662277136, 0.060478816621],
      [0.10331702424, 0.87717910821, 0.019503867553],
      [0.57107284856, 0.24055222273, 0.18837492871],
      [0.41556551015, 0.13294621487, 0.45148827498]
    ],
    [
      [0.20461831949, 0.70466742418, 0.090714256323],
      [0.53390453704, 0.40719941394, 0.058896049018],
      [0.53420801059, 0.31667916664, 0.14911282278],
      [0, 0.98156192831, 0.018438071687],
      [0, 0.79097206221, 0.20902793779],
      [0.11248095683, 0.34010013565, 0.54741890752]
    ],
    [
      [0.80884366987, 0.18221811279, 0.0089382173384],
      [0.95772107331, 0.039633803676, 0.0026451230124],
      [0.94961609457, 0.050383905434, 0],
      [0.054487599873, 0.94398759911, 0.0015248010139],
      [0.68346130181, 0.31653869819, 0],
      [0.75815966189, 0.17613417631, 0.065706161798]
    ],
    [
      [0.58642754453, 0.34255182887, 0.071020626594],
      [0.85329985522, 0.11923154243, 0.027468602348],
      [0.87609992521, 0.063419177775, 0.060480897016],
      [0.066209077194, 0.92189893964, 0.011891983171],
      [0.49028614529, 0.33880953972, 0.17090431499],
      [0.37484914445, 0.19639688726, 0.42875396829]
    ],
    [
      [0.53865935868, 0.3743172327, 0.087023408621],
      [0.82740066129, 0.13714964004, 0.035449698669],
      [0.84899201461, 0.072923947864, 0.078084037529],
      [0.055704944223, 0.93089440191, 0.013400653868],
      [0.43695742077, 0.35935441296, 0.20368816626],
      [0.31637735601, 0.19710935145, 0.48651329254]
    ],
    [
      [0.47866898088, 0.42980852646, 0.091522492661],
      [0.79052452955, 0.16948750046, 0.039987969996],
      [0.8200666452, 0.090991805766, 0.088941549034],
      [0.044598979152, 0.94353000125, 0.0118710196],
      [0.38270906653, 0.4064564016, 0.21083453188],
      [0.27631803989, 0.2224137025, 0.5012682576]
    ],
    [
      [0.51510725175, 0.42424793908, 0.060644809167],
      [0.81590670987, 0.15831283512, 0.025780455012],
      [0.85674428874, 0.085815174333, 0.05744053693],
      [0.047380938212, 0.94354425401, 0.0090748077813],
      [0.43175670155, 0.4211408703, 0.14710242815],
      [0.34814066362, 0.25637346507, 0.39548587131]
    ]
  ],
  "expected_outcome": [
    [
      [0, 1.005840684, 18.1432156599, 8.6108888879, 16.164498583, 2.1570137117, 5.5984598556, 0.86342652743, 2.8212214418, 13.7499541033, 8.9026600858, 1.4311957325, 10.9467944291, 6.1415659368, 1.5354365056, 6.0781396948, 35.498140311, 34.5812576983, 3.3904706293, 5.6067208087, 2.3255050574, 5.1540174812, 12.3324253818, 2.2775167097, 3.084758522, 10.5445949506, 1.7600083254, 7.7703162618, 0.79776241543, 8.7715207465, 2.1609337083, 1.5531662205, 4.8086398301, 0, 1.8828252912, 10.0129480686, 5.6129353742, 5.6113957419, 5.7080538802, 0, 4.4678719258, 0, 0.28005628009, 5.0196661716, 0, 38.6503868897, 19.3158452695, 9.5293377281, 4.7289156641, 10.8346180291, 7.4978696415, 26.9060822927, 0.9178576597, 0.38973154507, 3.8972891261, 2.9170161847, 11.3472477501, 13.9151148296, 22.4079082146, 26.2888066409, 25.1009788684, 13.2394105872, 31.2917961345, 18.0713377173, 11.9537697319, 32.9605422097, 8.9257942225, 19.0290591824, 0.61385495848, 0, 291.4544896327, 16.6984401191, 34.4641666231, 5.6661797693],
      [1.8953876658, 1.8573067468, 6.3647441821, 5.1613529488, 4.2784025022, 4.0177377984, 4.5300132982, 1.9484488996, 0.95090894674, 3.8944249891, 2.9837845878, 0.35396895671, 13.9458781724, 5.5571939141, 2.3405605147, 3.3149185442, 11.0896087904, 16.9682501715, 5.815759649, 7.5031238254, 3.3025483842, 8.6429743822, 21.7641315561, 6.2464647335, 5.5055972049, 16.3511915389, 1.8374069304, 2.8188895331, 0.96359302074, 15.5341145219, 2.3795361008, 3.1928206381, 2.9630029488, 0, 5.7711650914, 4.6776561775, 11.2619447036, 13.2516565349, 1.8893067799, 0, 2.8131662296, 0, 0.66102037451, 1.1900252552, 0, 14.2823697814, 6.9469601339, 8.2102829497, 4.7043479391, 13.1617241812, 8.8682861497, 8.0395056208, 0.96461960647, 0.39127344931, 2.636919506, 3.5643692685, 12.720332499, 6.8385371527, 7.6460571079, 10.2386911852, 7.7269564274, 5.3468777176, 15.0993925654, 9.3233655589, 3.9452861788, 13.7816359566, 2.250986396, 6.7965371464, 2.1140022726, 0, 170.2482589501, 11.6038342137, 30.9462139053, 4.6667273299],
      [0.1046123342, 0.13685256927, 1.492040158, 1.2277581634, 1.5570989148, 0.82524848991, 0.87152684624, 1.1881245729, 0.22786961149, 1.3556209077, 1.1135553264, 0.21483531076, 2.1073273985, 1.3012401491, 0.12400297976, 0.60694176095, 4.4122508986, 5.4504921302, 0.7937697217, 0.8901553659, 0.37194655839, 1.2030081366, 1.9034430621, 0.4760185568, 0.40964427308, 2.1042135105, 0.40258474418, 0.41079420512, 0.23864456383, 2.6943647316, 0.4595301909, 0.25401314141, 0.22835722115, 0, 0.34600961742, 1.3093957539, 1.1251199222, 1.1369477233, 1.40263934, 0, 0.71896184469, 0, 0.058923345401, 0.79030857327, 0, 4.0672433289, 1.7371945966, 2.2603793222, 1.5667363969, 2.0036577897, 1.6338442088, 4.0544120865, 0.11752273383, 0.21899500562, 0.46579136786, 0.51861454687, 1.932419751, 1.2463480178, 1.9460346776, 2.472502174, 3.1720647041, 1.4137116951, 2.6088113001, 2.6052967237, 1.1009440893, 4.2578218337, 0.82321938159, 2.1744036712, 0.27214276897, 0, 35.2972514172, 2.6977256672, 6.5896194716, 0.66709290083]
    ],
    [
      [0.3462289462, 2.0569009502, 43.4535367503, 38.1201399303, 30.3309481419, 0.65321201283, 16.2334602006, 1.6088254076, 19.0830720501, 37.5356170845, 17.0854500007, 3.6513881628, 22.1600247113, 7.0889396479, 2.1915489386, 13.8481007663, 44.2868580156, 38.8423982751, 6.821321717, 21.3400966002, 5.0949502162, 20.5438854687, 23.9570886804, 8.8213269547, 12.3573200894, 10.5560133079, 3.834419335, 14.5525101369, 4.4282622473, 8.0117723278, 14.4196924307, 2.6286495682, 4.323948711, 0.69275571835, 1.1498184727, 21.8212233952, 1.3226654131, 9.9354039012, 4.3789974347, 3.0831322829, 12.587738875, 0.73081153733, 0, 20.090829622, 8.3318988667, 40.3155461646, 31.5470621683, 18.9396025292, 9.8299241126, 29.1307793103, 17.9303935894, 41.4448423778, 0, 2.2916106155, 10.0784648346, 3.7536908848, 15.250594212, 25.4245310693, 59.7898910022, 52.7784454539, 41.5811636671, 20.4569526526, 81.7844848133, 39.615252318, 60.7538435194, 65.2635332542, 28.5870980488, 43.9391371196, 0, 0, 540.9921082086, 75.2934601775, 128.0649737866, 49.7703093021],
      [0.62003844432, 0.87110996664, 3.6064359332, 5.4269471735, 1.8758813708, 0.28235303834, 3.0945449744, 0.83220648273, 1.4974299303, 2.4574121556, 1.3389591842, 0.20260163129, 6.7034347542, 1.5154936364, 0.76271427104, 1.7855043551, 3.2308608995, 4.5373919124, 2.7575432013, 6.7548416459, 1.6900668753, 8.1768331587, 10.0579173232, 5.6836687781, 5.2095160842, 3.8870752437, 0.93640437752, 1.2584670878, 1.2317919667, 3.3426041561, 3.7684901284, 1.2590722151, 0.62470305063, 0.30724428165, 0.79648724994, 2.4198866777, 0.61009145024, 5.5314851567, 0.34281480065, 0.73827031336, 1.8760193604, 0.24986873672, 0, 1.0791516711, 0.30530301429, 3.5537377325, 2.6981993729, 3.882626665, 2.3189496956, 8.4347394418, 5.0349638073, 2.8963152506, 0, 0.4619029972, 1.6015292187, 1.0715098081, 4.0605342613, 2.9735292899, 4.8303257078, 4.8963951974, 3.0092997932, 1.9594061331, 9.4375596234, 4.867866617, 4.7286631905, 6.4843250892, 1.6920921122, 3.7090299415, 0, 0, 75.5927979028, 12.4806172436, 27.456975074, 9.6570829422],
      [0.03373260948, 0.071989083119, 0.94002731643, 1.4529128962, 0.79317048733, 0.064434948829, 0.67199482494, 0.55896810969, 0.4194980196, 1.0069707599, 0.57559081515, 0.14601020592, 1.1365405346, 0.39556671573, 0.045736790323, 0.36639487856, 1.482281085, 1.6202098125, 0.42113508177, 0.9050617539, 0.21498290844, 1.2792813726, 0.98499399642, 0.49500426721, 0.43316382637, 0.55691144842, 0.22917628746, 0.1890227753, 0.33994578608, 0.6456235161, 0.8118174409, 0.11227821668, 0.051348238411, 0, 0.053694277327, 0.75888992708, 0.067243136634, 0.53311094212, 0.2781877646, 0.17859740373, 0.53624176463, 0.019319725954, 0, 0.83001870691, 0.36279811896, 1.1307161029, 0.75473845883, 1.1777708058, 0.85112619174, 1.4344812479, 1.0346426033, 1.6588423716, 0, 0.2464863873, 0.32000594671, 0.17479930711, 0.68887152674, 0.60193964081, 1.37978329, 1.3251593487, 1.4095365397, 0.58364121437, 1.7779555633, 1.516881065, 1.5174932901, 2.2521416566, 0.72080983902, 1.3518329389, 0, 0, 17.4150938886, 3.2259225789, 6.4780511394, 1.5726077557]
    ],
    [
      [0.6537710538, 2.3203545639, 180.4506181577, 74.4389178213, 137.4861960795, 4.1723340692, 23.5905910566, 2.2637336491, 50.6938931777, 214.5098942069, 96.675695659, 34.8083433902, 104.2420583654, 42.2337203594, 6.6751787794, 29.3755533888, 247.4803583945, 155.9046004458, 37.1674806495, 55.8063501256, 26.9167335356, 60.3960583841, 118.7791561967, 33.0002004055, 48.6792796163, 53.5982175494, 19.1081728991, 29.7905165815, 7.6288681504, 25.1461605159, 67.6055930794, 6.7178332344, 12.7238147127, 0, 6.8412157615, 62.7186537514, 9.6272732436, 44.8300986961, 16.1884285413, 7.2040110797, 70.9742156901, 3.2448929419, 8.8988846874, 39.5598653966, 10.6607829546, 185.3250148789, 161.6726783688, 68.5397435194, 48.9197226757, 149.6033823756, 64.5463554282, 213.0848513906, 5.0202190304, 2.1656306313, 23.4782104287, 16.0186975856, 67.991882833, 58.4788406683, 237.8730198723, 123.4376907713, 240.9531377415, 108.9868509346, 159.9013522909, 139.6701232786, 106.1662731604, 214.3535611836, 86.7732143442, 173.3564951077, 4.2736640847, 0.94961609457, 2182.3649136953, 188.4762272428, 333.7671245966, 32.556282972],
      [0.25635110731, 0.50451978178, 7.269737663, 5.472891932, 3.5540499279, 0.93441453258, 2.3186280264, 0.85872780907, 1.9007958456, 4.6225739218, 3.0943259098, 0.016265421701, 16.1617717886, 4.7000480867, 1.1703195508, 1.9548961361, 6.2690781832, 9.2119431587, 7.8511622894, 9.1030624372, 4.6065957456, 12.4936909645, 25.6504061698, 10.9759079524, 10.6530218229, 10.3030550259, 2.4196353361, 1.3723883657, 1.0967334476, 5.4817470683, 9.1908638767, 1.6643432921, 0.96370907741, 0, 2.4634988399, 3.5819274168, 2.3062827867, 12.9301873722, 0.65950690391, 0.88043283449, 5.4871783717, 0.57030508146, 3.003122946, 0.93098430555, 0.29466921246, 8.4164246652, 6.9841699621, 7.3806311102, 6.1217916588, 22.4698266017, 9.4286671949, 5.7095686565, 0.62170041574, 0.2384415025, 1.9180339748, 2.3663111347, 9.3737672942, 3.5484332489, 9.3547736807, 5.9053562837, 7.1567427003, 5.214884637, 9.6172732086, 8.833215928, 4.1694196557, 10.7051085258, 2.4548820125, 7.0315721011, 2.5334333331, 0.050383905434, 157.9771718366, 16.1891164257, 37.0336649467, 3.2609766247],
      [0.089877838885, 0.17512565431, 8.2796441793, 6.0881902467, 7.9597539925, 0.89325139819, 2.090780917, 1.8775385418, 2.4053109767, 12.8675318713, 7.2299784313, 3.1753911881, 11.5961698461, 5.0662315539, 0.15450166984, 1.6695504751, 18.2505634224, 13.8834563955, 4.9813570611, 5.0905874372, 2.4766707188, 8.1102506514, 10.5704376335, 4.023891642, 3.6676985608, 6.0987274247, 2.4721917647, 0.83709505282, 1.2743984021, 4.3720924158, 8.2035430439, 0.61782347351, 0.31247620989, 0, 0.69528539869, 4.6994188318, 1.0664439697, 5.2397139317, 2.1520645548, 0.91555608586, 6.5386059382, 0.18480197668, 1.0979923666, 3.5091502979, 1.0445478329, 11.258560456, 8.3431516691, 9.0796253704, 8.9584856655, 15.9267910228, 8.0249773769, 18.2055799529, 0.35808055384, 0.59592786615, 1.6037555965, 1.6149912797, 6.6343498728, 2.9727260828, 11.772206447, 6.6569529449, 17.8901195583, 6.7982644284, 7.4813745005, 11.4966607934, 5.6643071839, 15.9413302907, 4.7719036434, 11.6119327912, 1.1929025822, 0, 150.6579144681, 17.3346563315, 36.1992104567, 2.1827404033]
    ],
    [
      [0, 0.42892926745, 16.452171014, 9.0255151546, 18.8260692375, 0, 4.9950874719, 0, 4.7310656661, 15.3247291494, 7.4176817232, 1.3471217109, 7.082391871, 4.7175028949, 1.3794721666, 8.3943835695, 16.1577652166, 12.4406344102, 2.3913867959, 5.259653117, 2.1735128752, 4.3972831145, 8.6059926095, 0.87877975819, 3.8757740202, 6.759069064, 3.3073792836, 9.1763772288, 1.5579796444, 1.6508402657, 7.1807616557, 0, 3.3988526473, 0, 0, 13.7144706404, 0.29591250411, 1.727464388, 6.6961729475, 1.0405133494, 4.8631246666, 1.4095925622, 0, 11.5127083215, 11.5970342459, 36.5394183003, 19.9693087795, 8.1063526835, 7.4166920219, 14.4787036591, 7.3736007742, 24.1241898853, 2.633933341, 0.11073340548, 4.3671913204, 2.7088547664, 8.2849372453, 20.6117517914, 25.9764695143, 23.6458520974, 24.8798750816, 10.9334395617, 39.902397593, 18.894578518, 20.0108203051, 26.4631148914, 16.9675422874, 20.7667218714, 0, 0, 306.6142364838, 19.7752551992, 26.4471946369, 5.0697603887],
      [23.4960083387, 101.087387251, 135.666876332, 132.8536907283, 118.0934353755, 152.7106147468, 102.5266781064, 95.0638677275, 38.6448742956, 101.2376666124, 59.06269859, 8.3389187707, 222.1312601516, 106.801519011, 65.6205278334, 113.2060380428, 117.7123193164, 143.7801863637, 176.4181789701, 179.8924045326, 90.7900160107, 249.3385722692, 370.2288457535, 141.0815072657, 195.2550965436, 450.3723979593, 95.278231639, 81.6760752845, 58.5362413963, 246.9648370748, 206.1704723413, 145.9951760572, 54.6011473527, 20, 75.3416455171, 157.2938911187, 88.507915327, 179.0651782883, 47.2926441892, 36.2386427668, 75.8952567324, 96.289876268, 72.2962722593, 62.9565428797, 45.7621969489, 328.0602573207, 172.2642222873, 163.9378981153, 165.2104599745, 463.9181522311, 234.6520028536, 163.697680404, 77.5994206457, 4.8701832317, 74.6389268412, 101.9749563394, 242.7838080361, 246.7164583315, 208.6872544179, 222.8155940707, 178.1588730475, 107.1212173415, 458.2919869066, 233.9391845615, 158.9637922724, 263.1651362278, 104.2694374094, 176.3130007506, 58.8937156988, 0, 4269.3139894517, 330.4675126777, 559.5132907403, 100.9592351787],
