{
  "X": [
    [6, 20, 56, 192, 27],
    [0, 2, 9, 13, 0],
    [1, 0, 4, 6, 2],
    [53, 59, 209, 759, 145],
    [57, 81, 232, 702, 100],
    [2, 0, 2, 8, 0],
    [13, 35, 34, 228, 44],
    [13, 66, 20, 180, 18],
    [23, 36, 75, 434, 76],
    [23, 50, 55, 414, 85],
    [3, 1, 1, 7, 5],
    [3, 17, 9, 41, 12],
    [2, 10, 13, 64, 17],
    [1, 10, 7, 43, 6],
    [0, 4, 3, 19, 3],
    [2, 7, 3, 7, 4],
    [1, 10, 7, 39, 5],
    [2, 10, 9, 38, 6],
    [4, 16, 13, 42, 11],
    [15, 13, 27, 202, 19],
    [15, 16, 69, 245, 29],
    [18, 33, 23, 319, 46],
    [27, 17, 70, 403, 61],
    [8, 20, 19, 152, 32],
    [18, 14, 47, 237, 61],
    [1, 2, 9, 22, 0],
    [29, 12, 126, 186, 45],
    [65, 46, 259, 763, 126],
    [2, 1, 2, 5, 1],
    [45, 55, 130, 695, 123],
    [33, 45, 81, 499, 60],
    [13, 22, 40, 339, 38],
    [8, 14, 77, 205, 27],
    [9, 5, 11, 21, 4],
    [13, 74, 99, 406, 91],
    [0, 6, 4, 13, 6],
    [3, 7, 5, 18, 4],
    [42, 25, 195, 510, 73],
    [13, 15, 60, 178, 14],
    [20, 16, 101, 418, 33],
    [44, 23, 141, 406, 73],
    [37, 12, 104, 390, 37],
    [52, 27, 260, 610, 96],
    [28, 24, 141, 326, 44],
    [37, 19, 167, 532, 75],
    [17, 9, 108, 82, 15],
    [9, 28, 23, 133, 30],
    [7, 40, 70, 240, 54],
    [2, 8, 10, 51, 6],
    [0, 3, 3, 21, 0],
    [16, 75, 36, 249, 34],
    [1, 14, 24, 36, 10],
    [0, 5, 7, 14, 0],
    [0, 3, 3, 7, 2],
    [25, 41, 58, 449, 62],
    [34, 42, 102, 620, 82],
    [11, 10, 45, 272, 40],
    [21, 45, 80, 394, 78],
    [16, 18, 53, 197, 39],
    [56, 75, 177, 633, 121],
    [26, 44, 127, 385, 59],
    [18, 30, 102, 405, 62],
    [20, 30, 56, 281, 38],
    [32, 49, 125, 689, 96],
    [10, 16, 21, 166, 18],
    [18, 19, 63, 355, 51],
    [10, 16, 46, 222, 29],
    [0, 2, 27, 28, 5],
    [2, 4, 13, 12, 6],
    [32, 54, 287, 533, 112],
    [8, 9, 79, 223, 39],
    [14, 13, 49, 102, 29],
    [6, 6, 54, 48, 20],
    [7, 25, 143, 410, 54],
    [50, 84, 347, 867, 127],
    [7, 12, 34, 134, 25],
    [55, 167, 244, 712, 161],
    [4, 30, 30, 92, 19]
  ],
  "W": [
    [13, 18, 166, 47, 7, 15, 35],
    [0, 1, 13, 9, 0, 0, 1],
    [3, 0, 4, 3, 0, 0, 3],
    [60, 80, 661, 174, 72, 83, 95],
    [51, 76, 581, 220, 64, 93, 87],
    [1, 0, 8, 1, 0, 2, 0],
    [8, 39, 208, 33, 22, 17, 27],
    [0, 69, 154, 17, 19, 13, 25],
    [15, 34, 392, 66, 41, 30, 66],
    [18, 54, 382, 54, 32, 33, 54],
    [0, 6, 5, 2, 1, 1, 2],
    [6, 19, 33, 7, 3, 5, 9],
    [10, 12, 51, 14, 5, 4, 10],
    [3, 14, 35, 2, 3, 2, 8],
    [1, 2, 19, 3, 0, 0, 4],
    [0, 4, 7, 6, 0, 3, 3],
    [4, 9, 38, 4, 2, 1, 4],
    [4, 8, 34, 7, 1, 2, 9],
    [4, 17, 36, 14, 0, 4, 11],
    [6, 9, 196, 22, 11, 14, 18],
    [11, 13, 222, 57, 25, 20, 26],
    [11, 30, 292, 18, 17, 28, 43],
    [7, 17, 385, 70, 34, 25, 40],
    [4, 16, 144, 18, 18, 11, 20],
    [10, 21, 211, 49, 25, 30, 31],
    [0, 6, 19, 7, 1, 1, 0],
    [24, 17, 146, 104, 29, 50, 28],
    [68, 48, 703, 214, 62, 105, 59],
    [0, 0, 4, 3, 0, 3, 1],
    [34, 39, 649, 109, 75, 49, 93],
    [21, 40, 467, 69, 42, 37, 42],
    [7, 15, 309, 38, 28, 20, 35],
    [22, 14, 157, 66, 30, 22, 20],
    [1, 1, 19, 10, 4, 9, 6],
    [39, 87, 329, 90, 52, 35, 51],
    [0, 6, 12, 5, 1, 0, 5],
    [2, 4, 16, 3, 1, 5, 6],
    [29, 18, 456, 161, 65, 69, 47],
    [9, 11, 168, 48, 8, 20, 16],
    [9, 17, 372, 88, 31, 33, 38],
    [19, 21, 342, 117, 79, 55, 54],
    [6, 9, 347, 98, 31, 43, 46],
    [41, 24, 534, 230, 73, 73, 70],
    [15, 15, 309, 116, 37, 41, 30],
    [14, 18, 468, 157, 63, 61, 49],
    [10, 8, 58, 89, 27, 25, 14],
    [16, 25, 117, 19, 15, 11, 20],
    [12, 33, 241, 55, 23, 13, 34],
    [2, 9, 44, 7, 10, 0, 5],
    [1, 0, 18, 2, 2, 2, 2],
    [9, 82, 225, 34, 23, 15, 22],
    [7, 13, 34, 17, 7, 5, 2],
    [1, 6, 12, 6, 1, 0, 0],
    [0, 3, 7, 3, 0, 1, 1],
    [11, 39, 405, 49, 39, 22, 70],
    [20, 50, 570, 94, 55, 41, 50],
    [7, 16, 258, 38, 22, 9, 28],
    [18, 44, 368, 75, 31, 27, 55],
    [1, 20, 181, 51, 20, 24, 26],
    [47, 80, 565, 160, 68, 74, 68],
    [32, 51, 325, 105, 43, 47, 38],
    [12, 29, 347, 97, 49, 28, 55],
    [7, 26, 262, 48, 29, 23, 30],
    [15, 50, 652, 111, 56, 33, 74],
    [3, 10, 160, 21, 11, 12, 14],
    [16, 22, 326, 59, 22, 24, 37],
    [6, 12, 197, 44, 22, 9, 33],
    [4, 7, 22, 25, 3, 1, 0],
    [5, 2, 10, 9, 2, 6, 3],
    [70, 60, 438, 266, 75, 60, 49],
    [25, 8, 192, 66, 13, 32, 22],
    [8, 16, 85, 45, 14, 13, 26],
    [7, 5, 46, 43, 17, 9, 7],
    [9, 18, 397, 134, 31, 14, 36],
    [70, 90, 746, 290, 81, 90, 108],
    [10, 9, 128, 32, 12, 6, 15],
    [60, 162, 623, 220, 70, 74, 130],
    [7, 33, 87, 29, 4, 4, 11]
  ],
  "method": "mvn_pdf",
  "cond_prob": [
    [
      [1.7536755522e-07, 0.01018957231, 0.45461101789, 0.24001776081, 0.29518147362],
      [0.0074752641456, 0.73611694735, 0.00095601033313, 0.13297813252, 0.12247364564],
      [0.0040695291282, 0.01095672941, 0.0015842173472, 0.94018785108, 0.043201673039],
      [0.00040270208022, 0.0020574092116, 0.93626750666, 0.029516863731, 0.031755518315],
      [0.038286524338, 0.0032275963721, 0.22618441022, 0.55200203437, 0.18029943471],
      [0.27670978628, 0.02275719662, 0.28176066239, 0.3630127949, 0.055759559807],
      [0.037231241289, 0.11711094379, 0.00070832355745, 0.55237447199, 0.29257501938]
    ],
    [
      [7.9274006037e-09, 0.020489182818, 0.69255371981, 0.17109231767, 0.11586477177],
      [8.9766648985e-06, 0.99574064012, 1.9937451976e-05, 0.0030570513387, 0.0011733944224],
      [0.00020539289315, 0.026286770889, 0.0012395330109, 0.95513018959, 0.017138113616],
      [7.7085261389e-06, 0.0017705453082, 0.98336094399, 0.0090061480036, 0.0058546541755],
      [0.00059255945165, 0.0089891890239, 0.29143003108, 0.60583454946, 0.093153670984],
      [0.32237322729, 0.031770049326, 0.26336441917, 0.32432959286, 0.058162711354],
      [0.0005879038542, 0.42516548967, 0.00051457916943, 0.46467026865, 0.10906175866]
    ],
    [
      [1.1728508091e-06, 0.0015037438126, 0.40603348135, 0.25530436793, 0.33715723406],
      [0.096737037682, 0.5240686885, 0.00082821040822, 0.20633338994, 0.17203267346],
      [0.023836792459, 0.0012794069209, 0.00073585114397, 0.94256598131, 0.031581968171],
      [0.0017640409969, 0.00020800671611, 0.95345675185, 0.02055428373, 0.024016916706],
      [0.40955406762, 0.00033232881886, 0.086749925846, 0.39073365502, 0.11263002269],
      [0.63990583345, 0.0080408449495, 0.11742792838, 0.19297321837, 0.041652174849],
      [0.39470138795, 0.0079730197607, 0.00027624536274, 0.40632558559, 0.19072376133]
    ],
    [
      [3.2233833584e-07, 0.0065876854614, 0.36010432305, 0.23853585045, 0.3947718187],
      [0.018078443024, 0.59152664787, 0.0010311025065, 0.17352043906, 0.21584336755],
      [0.0074908866501, 0.0070691672251, 0.0012996002349, 0.92600307173, 0.058137274155],
      [0.00093310931251, 0.0016857549173, 0.90632510579, 0.037188703394, 0.05386732659],
      [0.067441796866, 0.0020000417703, 0.1748416576, 0.52385391253, 0.23186259123],
      [0.42461213494, 0.012508351437, 0.19250158627, 0.3065496971, 0.06382823025],
      [0.063274112413, 0.069216504837, 0.00053655939534, 0.50502138964, 0.36195143372]
    ],
    [
      [3.9498978473e-07, 0.015467389893, 0.30927999149, 0.31679022479, 0.35846199883],
      [0.012006518172, 0.75647525205, 0.00048045634116, 0.12485632983, 0.10618144361],
      [0.0070106433814, 0.01267359194, 0.0008533656775, 0.93915186836, 0.040310530642],
      [0.0012966125058, 0.0044869966384, 0.88275670695, 0.055987509776, 0.055472174126],
      [0.072260489432, 0.004104436554, 0.1313055587, 0.60831620553, 0.18401330978],
      [0.44097645817, 0.024887332336, 0.14009880281, 0.34493320358, 0.049104203111],
      [0.06253453408, 0.13129295201, 0.00037203079551, 0.54087919134, 0.26492129177]
    ],
    [
      [1.0444655961e-06, 0.00012910397119, 0.79775079993, 0.14575102417, 0.056368027464],
      [0.019712741922, 0.74514912445, 0.00068037188707, 0.098569098535, 0.1358886632],
      [0.023539787874, 0.00017934817894, 0.0011074350636, 0.96401723963, 0.011156189255],
      [0.00092191319714, 1.1343749433e-05, 0.99003172294, 0.0062847932372, 0.002750226872],
      [0.29850050462, 5.9791689211e-05, 0.22059806988, 0.43943387051, 0.041407763302],
      [0.95770956011, 2.010240646e-05, 0.020934543085, 0.020292243921, 0.0010435504793],
      [0.33087023103, 9.2619598273e-06, 0.00063120357666, 0.59102688388, 0.077462419553]
    ],
    [
      [3.4127332538e-07, 0.013594714301, 0.22829697299, 0.25965881665, 0.49844915478],
      [0.010992215539, 0.7244755433, 0.00037016719035, 0.10840389817, 0.15575817579],
      [0.0071465886356, 0.013135643609, 0.00073274986571, 0.91343439788, 0.065550620008],
      [0.0013896083901, 0.0048495031281, 0.84277187886, 0.056520698871, 0.094468310749],
      [0.068399635358, 0.0039310730936, 0.10489086543, 0.54503729478, 0.27774113133],
      [0.45335956088, 0.02512797365, 0.11842607327, 0.32529832037, 0.077788071829],
      [0.05517405934, 0.11801359238, 0.00027595275813, 0.45222904776, 0.37430734776]
    ],
    [
      [5.2126680255e-07, 0.022496176617, 0.34545411555, 0.31263225654, 0.31941693003],
      [0.011623917831, 0.82774153005, 0.00037601514156, 0.090605553097, 0.069652983884],
      [0.0092387904669, 0.018480343479, 0.00091169628987, 0.93556087649, 0.035808293279],
      [0.0014676110871, 0.0055296120882, 0.90433998316, 0.046878951829, 0.041783841834],
      [0.094966525273, 0.0059065707797, 0.14130758742, 0.59606912533, 0.1617501912],
      [0.51535889291, 0.03060628908, 0.12927805065, 0.287968816, 0.036787951365],
      [0.079092596059, 0.18354168814, 0.00037908254157, 0.51153741854, 0.22544921473]
    ],
    [
      [3.23652783e-07, 0.010723749481, 0.31383318004, 0.24608474579, 0.42935800104],
      [0.012846455888, 0.69394491259, 0.00063041167853, 0.12670278543, 0.16587543441],
      [0.0072271334533, 0.011063559579, 0.0010793840084, 0.92001654111, 0.060613381846],
      [0.0010377818065, 0.0030312388005, 0.88889763385, 0.04239582437, 0.064637521177],
      [0.066785476837, 0.0032055545827, 0.14938884045, 0.53263657658, 0.24798355154],
      [0.42943587701, 0.020274374173, 0.16649067658, 0.31488436473, 0.068914707513],
      [0.058235952626, 0.10354878242, 0.0004247287818, 0.4774906068, 0.36029992937]
    ],
    [
      [3.1470492299e-07, 0.012441196877, 0.20535697897, 0.2509624866, 0.53123902285],
      [0.010878896955, 0.69778903534, 0.00036108741916, 0.11246075442, 0.17851022587],
      [0.0068016719427, 0.012407786231, 0.00068693865143, 0.90766436351, 0.072439239662],
      [0.0014173050517, 0.0049313341931, 0.82093242789, 0.06065068888, 0.11206824398],
      [0.063906559168, 0.0036573188118, 0.096404054544, 0.53444488216, 0.30158718532],
      [0.43697049665, 0.024553509874, 0.11414177916, 0.3354172232, 0.088916991127],
      [0.051057215585, 0.10821967206, 0.00025194296641, 0.43887793086, 0.40159323853]
    ],
    [
      [3.4357462464e-06, 0.0011364678765, 0.0038248411388, 0.15510364686, 0.83993160838],
      [0.28800651223, 0.12594154679, 6.9836340677e-05, 0.13597526933, 0.45000683531],
      [0.10646517736, 0.0012293895698, 8.2064541981e-05, 0.79882659807, 0.093396770464],
      [0.037974003721, 0.00068650980325, 0.67653868142, 0.064348199256, 0.2204526058],
      [0.63177486696, 0.00016159324273, 0.0023468805277, 0.17769229065, 0.18802436862],
      [0.99866519884, 9.895576863e-06, 1.226322213e-05, 0.00088300192456, 0.00042964044116],
      [0.54267874059, 0.0047840175207, 1.5509919708e-05, 0.15642535651, 0.29609637546]
    ],
    [
      [2.5538122433e-07, 0.016363358268, 0.27022473491, 0.25141280738, 0.46199884406],
      [0.0068005328489, 0.78758883598, 0.0003407309859, 0.086898256963, 0.11837164322],
      [0.005385246332, 0.015936005781, 0.00082292501275, 0.91828313692, 0.059572685955],
      [0.00082514110875, 0.0045225867036, 0.88467538006, 0.042551308522, 0.067425583603],
      [0.05355299128, 0.0048964307794, 0.12453463951, 0.55399756346, 0.26301837498],
      [0.404033549, 0.03248180125, 0.14727240363, 0.34065121798, 0.075561028143],
      [0.042563779147, 0.14854113807, 0.0003168609374, 0.45446984152, 0.35410838032]
    ],
    [
      [1.883594722e-07, 0.011347178544, 0.15285998117, 0.32171306238, 0.51407958955],
      [0.0063159109892, 0.6905776547, 0.0002554772121, 0.13875468931, 0.16409626779],
      [0.0032091010471, 0.008868058093, 0.00039569689958, 0.93411380467, 0.053413339292],
      [0.00098643310596, 0.0051478765423, 0.7814267674, 0.089033270914, 0.12340565204],
      [0.035244701537, 0.0030455763687, 0.064784046467, 0.63450430815, 0.26242136748],
      [0.31742524187, 0.024542442709, 0.09252393704, 0.47384151272, 0.091666865654],
      [0.028322261735, 0.092405751523, 0.00017147130498, 0.52407908206, 0.35502143338]
    ],
    [
      [5.34791379e-08, 0.002112502185, 0.82729362812, 0.084457535387, 0.08613628083],
      [0.0086824280915, 0.65829834303, 0.0043103492122, 0.18509322657, 0.1436156531],
      [0.0033047082441, 0.0063550744473, 0.0050391144444, 0.95060757482, 0.03469352804],
      [6.4725833694e-05, 0.00022384082801, 0.9893945026, 0.0054356849941, 0.0048812457422],
      [0.01929024045, 0.0011433139469, 0.55612071037, 0.33370218617, 0.089743549058],
      [0.129307504, 0.0072378712408, 0.64230846518, 0.19621877392, 0.024927385658],
      [0.034212139132, 0.076871175223, 0.0025349838514, 0.61693158047, 0.26945012132]
    ],
    [
      [5.7656496087e-08, 0.04921451494, 0.2007275163, 0.25946878143, 0.49058912968],
      [0.00025768160828, 0.96593146435, 3.2046397901e-05, 0.014963604961, 0.01881520268],
      [0.0010913933341, 0.042809913505, 0.00041469848431, 0.9047755604, 0.050908434276],
      [6.7323994363e-05, 0.0050517453205, 0.95156437722, 0.016498542603, 0.026818010866],
      [0.010406009738, 0.015241592643, 0.076637374, 0.61701301467, 0.28070200895],
      [0.058347701222, 0.15955510392, 0.10278811704, 0.56218497132, 0.11712410649],
      [0.0058330695098, 0.39164990807, 0.00013191964368, 0.34381836125, 0.25856674153]
    ],
    [
      [1.1139745199e-07, 0.11446493357, 0.0039377084631, 0.10043117247, 0.7811660741],
      [0.00027702065367, 0.98475787712, 9.0391772776e-07, 0.002780308105, 0.012183890203],
      [0.0046977799822, 0.17646234777, 4.612322643e-05, 0.69645194687, 0.12234180215],
      [0.0025792658463, 0.16314808217, 0.24203033984, 0.097627741356, 0.49461457078],
      [0.040434256764, 0.048734762616, 0.0042201348934, 0.35877417994, 0.54783666579],
      [0.40847805454, 0.2832130593, 0.0045805013665, 0.18589468024, 0.11783370454],
      [0.0106505181, 0.64084398598, 5.3821762124e-06, 0.089769355446, 0.2587307583]
    ],
    [
      [1.499853757e-07, 0.017261660445, 0.56201334911, 0.16986842931, 0.25085641114],
      [0.0035488935087, 0.88674674204, 0.00050209275766, 0.052357334158, 0.056844937535],
      [0.0045886876068, 0.024705801345, 0.0019920280113, 0.9218956848, 0.046817798241],
      [0.00023712986265, 0.0023568937163, 0.96497361271, 0.014196229797, 0.018236133916],
      [0.040003427745, 0.0065757768677, 0.29395889774, 0.47787960754, 0.18158229011],
      [0.31530460591, 0.041251926537, 0.32042624448, 0.27425775918, 0.048759463897],
      [0.036276714944, 0.23715927579, 0.00076206187085, 0.44792291912, 0.27787902828]
    ],
    [
      [2.8792805486e-07, 0.02206255415, 0.44054303306, 0.22807984419, 0.30931428067],
      [0.0055015389595, 0.8811933345, 0.00034820964229, 0.056550998798, 0.056405918096],
      [0.0066379330906, 0.023721851666, 0.0012885996663, 0.92471108739, 0.043640528188],
      [0.0005691284549, 0.0037509306258, 0.94402085736, 0.023677735316, 0.02798134824],
      [0.065501742513, 0.0070533929152, 0.20145636356, 0.5382308333, 0.18775766772],
      [0.4519471643, 0.03890256717, 0.19307629669, 0.27157213394, 0.044501837897],
      [0.053651553608, 0.22863727051, 0.00049906707492, 0.45691087963, 0.26030122917]
    ],
    [
      [5.1308680328e-07, 0.019235676376, 0.21200465044, 0.27930399425, 0.48945516585],
      [0.011814446754, 0.79820875103, 0.00023213882356, 0.082735582576, 0.10700908082],
      [0.0097602853594, 0.016803329696, 0.00058539470704, 0.91644097404, 0.056410016193],
      [0.0019451061079, 0.0062292433205, 0.85280684203, 0.055264294962, 0.083754513582],
      [0.099600702776, 0.0051987520172, 0.08815858473, 0.55641584392, 0.25062611655],
      [0.59802409612, 0.02524079604, 0.075115374711, 0.24911084432, 0.052508888805],
      [0.076700304276, 0.15316855099, 0.00022095094381, 0.44261935158, 0.32729084221]
    ],
    [
      [7.2424899931e-07, 0.014358082161, 0.40868499452, 0.25531038977, 0.32164580929],
      [0.022199299917, 0.77969967328, 0.00061002126644, 0.10178204732, 0.095708958212],
      [0.015528831119, 0.014292628826, 0.0013003202755, 0.92541918775, 0.043459032028],
      [0.0017894960332, 0.0031011331157, 0.92456104935, 0.033610963904, 0.036937357596],
      [0.13921280165, 0.0039555862428, 0.1755161388, 0.51072717321, 0.17058830009],
      [0.62281332819, 0.016609633109, 0.12960103269, 0.19964944214, 0.031326563877],
      [0.12636141651, 0.13547937908, 0.0005124620514, 0.47837152028, 0.25927522208]
    ],
    [
      [3.540578977e-07, 0.010287470198, 0.46082572803, 0.2322030957, 0.29668335201],
      [0.014840479282, 0.73686409841, 0.00096287661825, 0.12639265538, 0.1209398903],
      [0.0084614016177, 0.011383687742, 0.0016714103325, 0.93373415055, 0.044749349755],
      [0.00081185566277, 0.0020762259848, 0.9366687475, 0.028554050818, 0.031889120035],
      [0.075642348404, 0.0031754688446, 0.22472500035, 0.51976428274, 0.17669289966],
      [0.44064634422, 0.017945387754, 0.22359804226, 0.27401432675, 0.043795899018],
      [0.073811511242, 0.11575258897, 0.0007102603676, 0.5220189856, 0.28770665382]
    ],
    [
      [3.4390344495e-07, 0.015301818237, 0.24186248531, 0.29410155298, 0.44873379957],
      [0.010162655445, 0.74775354003, 0.00036009237117, 0.11278587279, 0.12893783936],
      [0.006455216813, 0.013274829434, 0.00069624583057, 0.92644805111, 0.053125656812],
      [0.0013379067683, 0.0052168660504, 0.85096267187, 0.061131514433, 0.081351040876],
      [0.065374376955, 0.0042093927809, 0.10559862861, 0.58665130206, 0.23816629959],
      [0.43175958203, 0.027150446452, 0.12038446689, 0.35331733318, 0.067388171447],
      [0.05344947357, 0.12800476404, 0.00028146350715, 0.49333808479, 0.32492621409]
    ],
    [
      [5.7350115548e-07, 0.0082367991592, 0.27592285968, 0.25240597699, 0.46343379066],
      [0.026140952623, 0.61891757855, 0.00063564746125, 0.14915216427, 0.2051536571],
      [0.012415861239, 0.0082376247995, 0.0009189211299, 0.91515185595, 0.063275736886],
      [0.0020360436123, 0.0025748767842, 0.87026046965, 0.048078221781, 0.077050388176],
      [0.11137448965, 0.0023095149728, 0.12308973333, 0.5125042838, 0.25072197825],
      [0.58042755595, 0.011691268036, 0.10973047642, 0.24243703029, 0.055713669307],
      [0.097478738398, 0.074893663666, 0.00035157835937, 0.46133340519, 0.36594261439]
    ],
    [
      [2.7917045889e-07, 0.020114797986, 0.2035696339, 0.22382865784, 0.5524866311],
      [0.006396671221, 0.80479043115, 0.00023313820269, 0.066493804006, 0.12208595542],
      [0.0065803167958, 0.021884782699, 0.00073075531624, 0.88961410495, 0.081190040243],
      [0.0012155102625, 0.007621716705, 0.82854112115, 0.051854886835, 0.11076676504],
      [0.06011143978, 0.0062317059763, 0.10006134097, 0.50457397951, 0.32902153376],
      [0.42570101658, 0.041982641257, 0.1192183253, 0.31654780882, 0.096550208039],
      [0.043981022486, 0.17218838018, 0.00023827328669, 0.38007333061, 0.40351899344]
    ],
    [
      [2.6365939766e-07, 0.0056053924428, 0.17466619229, 0.22103148062, 0.59869667099],
      [0.014496590346, 0.50861047734, 0.00048818012161, 0.15751368673, 0.31889106546],
      [0.0063706582922, 0.0062464524198, 0.00065265366208, 0.89606614635, 0.090664089281],
      [0.0013406768607, 0.0025010984202, 0.79444319908, 0.060140657786, 0.14157436785],
      [0.056562386172, 0.0017394028281, 0.086560894781, 0.49746606518, 0.35767125104],
      [0.42289542625, 0.01267302863, 0.11146781977, 0.33881696163, 0.11414676372],
      [0.045992424591, 0.052300025686, 0.00023033504051, 0.41575500444, 0.48572221024]
    ],
    [
      [4.9720288274e-08, 0.00016413081175, 0.93784397552, 0.0474271288, 0.014564715145],
      [0.036586809269, 0.29383773297, 0.011923742123, 0.52139648056, 0.13625523508],
      [0.0046038637444, 0.0008595911709, 0.0046727821176, 0.97957688923, 0.010286873739],
      [5.7169206984e-05, 1.7515127932e-05, 0.99612325399, 0.0029125272815, 0.00088953439474],
      [0.028357914176, 0.00014666659008, 0.63779220434, 0.30877240929, 0.024930805611],
      [0.25455729834, 0.00080388037956, 0.58721177132, 0.15123021889, 0.006196831069],
      [0.069775533921, 0.012464770257, 0.0030850281993, 0.81310425878, 0.10157040884]
    ],
    [
      [3.4202453383e-07, 0.0049149919711, 0.44153254376, 0.20251359092, 0.35103853132],
      [0.023409995163, 0.5613637665, 0.0015287762291, 0.17989361957, 0.23380384254],
      [0.0092743715754, 0.0061584575158, 0.001841985593, 0.9227434998, 0.059981685517],
      [0.00082570575236, 0.0010467497199, 0.9320990415, 0.026271052708, 0.039757450316],
      [0.076452903209, 0.0015911296285, 0.2275570484, 0.47516884759, 0.21923007117],
      [0.44848802272, 0.0091683167225, 0.23097372452, 0.25590650826, 0.055463427785],
      [0.077187557995, 0.059457068914, 0.00074873149905, 0.49338132932, 0.36922531228]
    ],
    [
      [3.6614038462e-07, 0.0082267503808, 0.40102523078, 0.21982873387, 0.37091891883],
      [0.018200988927, 0.65934377366, 0.00101799087, 0.14175255956, 0.17968468698],
      [0.0091798090986, 0.0095261246684, 0.0015616186308, 0.92080779616, 0.058924651437],
      [0.0009672884361, 0.0019214526439, 0.91963975877, 0.031279614125, 0.046191886025],
      [0.07862447319, 0.002563034189, 0.19984258963, 0.49541948056, 0.22355042243],
      [0.45728988039, 0.014812054507, 0.20322541113, 0.26782586485, 0.056846789121],
      [0.074521698907, 0.089739391912, 0.00061962545337, 0.48254974288, 0.35256954084]
    ],
    [
      [3.8311977112e-07, 0.061134129437, 0.032037906212, 0.29681742626, 0.61001015497],
      [5.1411870845e-25, 1, 1.4322004305e-27, 8.5919671968e-25, 3.3811198131e-28],
      [0.0061285767691, 0.039460927445, 0.00011990023325, 0.92593965043, 0.028350945123],
      [0.0029118862672, 0.027634707731, 0.78289491311, 0.086944064472, 0.09961442842],
      [0.083053189061, 0.01527665857, 0.018170865255, 0.68528850398, 0.19821078313],
      [0.65023495256, 0.073968684586, 0.014092133927, 0.23217072769, 0.029533501234],
      [0.02083578505, 0.76296308012, 2.0352603122e-05, 0.14936219056, 0.066818591668]
    ],
    [
      [4.1839407832e-07, 0.014375903983, 0.3340521502, 0.22562814002, 0.42594338741],
      [0.013597418379, 0.75595432742, 0.0005528082661, 0.09509605331, 0.13479939263],
      [0.010074431361, 0.015987185466, 0.0012462292038, 0.9077373965, 0.064954757465],
      [0.0012847989977, 0.0038994673957, 0.89592443122, 0.037298558972, 0.061592743416],
      [0.087668379654, 0.0043653978651, 0.16207239139, 0.49570958347, 0.25018424762],
      [0.49544914605, 0.024409807086, 0.15944032641, 0.2591822062, 0.061518514253],
      [0.074566578702, 0.13744557473, 0.00045052669558, 0.43334062951, 0.35419669037]
    ],
    [
      [5.2523920099e-07, 0.015465471407, 0.34115642722, 0.27256508742, 0.37081248872],
      [0.015916698343, 0.76703922799, 0.00052362038786, 0.10713585723, 0.10938459605],
      [0.010663204035, 0.014506024946, 0.0010675284354, 0.92614284003, 0.047620402556],
      [0.0015724422931, 0.0040818081191, 0.89834324162, 0.043841207604, 0.052161300364],
      [0.10051783996, 0.0042814771055, 0.15042362027, 0.54638756921, 0.19838949347],
      [0.53084399777, 0.022188500203, 0.13719955427, 0.26458634541, 0.045181602346],
      [0.087236853845, 0.1378975507, 0.00042604638803, 0.48760425388, 0.28683529519]
    ],
    [
      [3.0990291915e-07, 0.017119594969, 0.25491485105, 0.32195223869, 0.40601300539],
      [0.0083136063676, 0.77356396781, 0.00034452682325, 0.11202630939, 0.10575158961],
      [0.0053708999177, 0.013714226161, 0.0006776439407, 0.93586695701, 0.044370272966],
      [0.001159174418, 0.0056232635236, 0.85778761115, 0.064458926347, 0.070971024558],
      [0.057057033417, 0.0045606574834, 0.10776506013, 0.62194273546, 0.2086745135],
      [0.39177885282, 0.030569673594, 0.12742334368, 0.3888980941, 0.061330035808],
      [0.046954835933, 0.14005305053, 0.00028921290757, 0.52633469066, 0.28636820996]
    ],
    [
      [2.0159280997e-07, 0.010003583868, 0.35139912815, 0.32974120578, 0.3088558806],
      [0.0081695238945, 0.69625211165, 0.00071806414632, 0.17323730325, 0.12162299705],
      [0.0034695087797, 0.0079554804627, 0.00092806166641, 0.95416660039, 0.033480348696],
      [0.00058694741602, 0.0025650077867, 0.90316489186, 0.051476278146, 0.042206874792],
      [0.037612229062, 0.0027058864602, 0.15096039395, 0.6476328785, 0.16108861203],
      [0.28377336105, 0.020031795727, 0.19688528141, 0.44698268454, 0.052326877265],
      [0.035053233233, 0.094011675491, 0.00045835545286, 0.6202891375, 0.25018759832]
    ],
    [
      [1.2486847632e-06, 0.093582103015, 0.36900545683, 0.19937998336, 0.33803120811],
      [0.0031333536743, 0.98267155635, 4.205729505e-05, 0.0064608880726, 0.0076921446069],
      [0.029026923218, 0.10177693547, 0.0011976867752, 0.82062245491, 0.047375999625],
      [0.0031205253237, 0.019558338976, 0.91435185786, 0.0258717506, 0.037097527242],
      [0.24591361559, 0.025216377405, 0.15288475389, 0.40235979608, 0.17362545704],
      [0.75408431951, 0.065885654298, 0.06781734048, 0.093438685296, 0.018774000413],
      [0.11260024316, 0.56082140433, 0.0002214129567, 0.19099437391, 0.13536256563]
    ],
    [
      [1.8233289227e-07, 0.012759491952, 0.25122530484, 0.28416600136, 0.45184901951],
      [0.0063165316061, 0.71321197143, 0.00044355794833, 0.12762527096, 0.15240266806],
      [0.0035607176525, 0.011498674386, 0.00076070111172, 0.92841405732, 0.05576584953],
      [0.00070628047841, 0.0043606654933, 0.85343253704, 0.059193180309, 0.082307336675],
      [0.036194219948, 0.0036753391337, 0.11565350708, 0.59292689418, 0.25155003965],
      [0.287638543, 0.028910163765, 0.16033681524, 0.436113484, 0.087000993994],
      [0.030148526393, 0.11323257466, 0.00031511922645, 0.50740597474, 0.34889780498]
    ],
    [
      [5.7039016759e-08, 0.01691791414, 0.037016086435, 0.17110061344, 0.77496532894],
      [0.0011820950223, 0.81146647249, 5.7639804647e-05, 0.045756023344, 0.14153776934],
      [0.0015439783962, 0.020774596666, 0.0002319603551, 0.86460682454, 0.11284264005],
      [0.00024422142994, 0.0061133588717, 0.81373101307, 0.03927589181, 0.14063551482],
      [0.012889026738, 0.0059332589438, 0.026062756085, 0.46260353011, 0.49251142812],
      [0.1835191694, 0.067488194987, 0.048071966883, 0.47483838733, 0.2260822814],
      [0.0080387409543, 0.15151195319, 6.7094129456e-05, 0.29535847798, 0.54502373374]
    ],
    [
      [3.1483800413e-07, 0.045496672937, 0.42547046616, 0.18189687611, 0.34713566996],
      [0.0022128573431, 0.95682028797, 0.00012262884648, 0.017165781643, 0.023678444193],
      [0.0081933539436, 0.056766821789, 0.0013889765218, 0.87820616834, 0.055444679404],
      [0.00061930053253, 0.0073349859186, 0.94462731672, 0.018186098842, 0.029232297984],
      [0.076659563476, 0.0157050057, 0.20991868876, 0.47047226941, 0.22724447265],
      [0.46634774316, 0.079750929487, 0.18921707644, 0.21626771689, 0.048416534022],
      [0.045930486891, 0.41825482678, 0.00037717446644, 0.29682195769, 0.23861555416]
    ],
    [
      [3.3044967207e-07, 0.0093700974173, 0.45065199735, 0.21708174922, 0.32289582557],
      [0.015221966179, 0.70910249297, 0.0010559673007, 0.12975271107, 0.14486686248],
      [0.0084300523489, 0.011047830555, 0.0017790628347, 0.92658344403, 0.052159610232],
      [0.00078628230418, 0.0019697837737, 0.9332616221, 0.027802158509, 0.036180153315],
      [0.072285480198, 0.002972586165, 0.22824043585, 0.49841865909, 0.19808283869],
      [0.42559188452, 0.017347908242, 0.23435224238, 0.27188683999, 0.050821124863],
      [0.070499696814, 0.10746592813, 0.00072691387834, 0.49968138034, 0.32162608084]
    ],
    [
      [3.4917544847e-07, 0.012112096461, 0.57648792171, 0.19747065639, 0.21392897626],
      [0.013118586952, 0.81084906677, 0.0010600298076, 0.096669904304, 0.078302412169],
      [0.009750142896, 0.015719821589, 0.0023981809361, 0.93438640688, 0.037745447698],
      [0.00065260534197, 0.0019878945105, 0.95889650704, 0.019744217552, 0.01871877555],
      [0.080593886018, 0.0040334395385, 0.30028028407, 0.47770291842, 0.13738947196],
      [0.43836708709, 0.021098556743, 0.27645073649, 0.23261051368, 0.031473105995],
      [0.084261991791, 0.15935816737, 0.0010078680607, 0.51520695299, 0.24016501979]
    ],
    [
      [3.0786631847e-07, 0.0068780098668, 0.44857851357, 0.27980947031, 0.26473369838],
      [0.017171739139, 0.63491637959, 0.0012586239162, 0.20268041811, 0.14397283925],
      [0.0062430652006, 0.0064548884488, 0.0013925240218, 0.95191343922, 0.03399608311],
      [0.00072747822246, 0.0014332251874, 0.93293182234, 0.035502160387, 0.029405313862],
      [0.061228507007, 0.0019832846629, 0.20503577736, 0.58430268869, 0.14744974228],
      [0.38564319071, 0.01228166179, 0.22382276299, 0.33809803129, 0.040154353229],
      [0.062350585312, 0.074816713585, 0.00067873271817, 0.61197499353, 0.25017897486]
    ],
    [
      [4.4861083925e-07, 0.0083253270211, 0.3989412202, 0.22813432085, 0.36459868332],
      [0.021738611549, 0.66183846064, 0.00098253455288, 0.14339606245, 0.17204433081],
      [0.010841183499, 0.009295804943, 0.0014910422043, 0.92262603814, 0.055745931213],
      [0.001184541656, 0.0019410911581, 0.91917798936, 0.032410738168, 0.045285639656],
      [0.093526384992, 0.0025146858398, 0.19231531847, 0.49877866053, 0.21286495017],
      [0.50635116542, 0.013443212965, 0.18092281628, 0.24925957696, 0.050023228374],
      [0.088689964704, 0.088314396307, 0.00059553273757, 0.48620582853, 0.33619427772]
    ],
    [
      [6.3304032935e-07, 0.0080470810834, 0.3917267949, 0.29045969605, 0.30976579493],
      [0.030440632964, 0.6423561178, 0.00095107580919, 0.18124739732, 0.14500477611],
      [0.012240044527, 0.007196263032, 0.0011638520492, 0.941514374, 0.03788546639],
      [0.0016833192855, 0.0018864153055, 0.91628990321, 0.041461212501, 0.038679149697],
      [0.11608140577, 0.0021348621119, 0.16509838344, 0.55801447558, 0.15867087311],
      [0.56754248934, 0.01022291098, 0.13920423959, 0.24963285014, 0.033397509943],
      [0.11225165604, 0.076523233204, 0.00052035505644, 0.55500672587, 0.25569802983]
    ],
    [
      [3.9910643828e-07, 0.0076664725332, 0.41707130805, 0.23380184343, 0.34145997688],
      [0.020767480931, 0.64726865832, 0.0011065675342, 0.15778116823, 0.17307612499],
      [0.0094895761209, 0.0084196512445, 0.0015381812635, 0.92912933249, 0.051423258883],
      [0.0010176312472, 0.001728165535, 0.92411123304, 0.032104043165, 0.041038927012],
      [0.083369135614, 0.002322203671, 0.20190985478, 0.51236741233, 0.20003139361],
      [0.47073560481, 0.012997266874, 0.19882499743, 0.26818613716, 0.049255993727],
      [0.08099898904, 0.083387177051, 0.00064139127839, 0.51157240957, 0.32340003306]
    ],
    [
      [3.4604702816e-07, 0.012726552299, 0.5304700309, 0.17443847045, 0.2823646003],
      [0.012879310906, 0.79954762384, 0.0009953660763, 0.084315128138, 0.10226257104],
      [0.010788497881, 0.018360512808, 0.0025369250556, 0.91264265033, 0.055671413928],
      [0.00070937202847, 0.0023015086965, 0.95055280474, 0.019227612722, 0.027208701811],
      [0.082303573257, 0.0043810924114, 0.29040559837, 0.43502897967, 0.18788075629],
      [0.44519072906, 0.023305580535, 0.27161381684, 0.21603256074, 0.04385731283],
      [0.081679715582, 0.16241274782, 0.00093724263944, 0.44417388246, 0.3107964115]
    ],
    [
      [3.3428903396e-07, 0.0076449013503, 0.34074753793, 0.2669168141, 0.38469041233],
      [0.016664541348, 0.62316649802, 0.00086495614726, 0.17259990736, 0.18670409713],
      [0.0069902679824, 0.0073856840667, 0.0011037549545, 0.93362723547, 0.05089305753],
      [0.0010101383078, 0.0020399679455, 0.89888560348, 0.043383402301, 0.054680887963],
      [0.066664598912, 0.0022111108831, 0.15736361711, 0.55873855598, 0.21502211712],
      [0.42365796326, 0.01391072246, 0.17431387265, 0.3286411719, 0.059476269722],
      [0.061657629354, 0.075628354853, 0.00047572570384, 0.53111351696, 0.33112477313]
    ],
    [
      [3.8032534322e-07, 0.0079186290401, 0.58959850204, 0.17516033478, 0.22732215381],
      [0.01960684227, 0.74801553318, 0.0015146059145, 0.11708757868, 0.11377543995],
      [0.011924733776, 0.011483660876, 0.0028039879449, 0.92902392872, 0.044763688683],
      [0.00070634965752, 0.0012954355888, 0.96074025524, 0.017459200219, 0.019798759297],
      [0.090519992775, 0.0027152303167, 0.31985716091, 0.43664027579, 0.1502673402],
      [0.46884272659, 0.013591848044, 0.28120095618, 0.20343958964, 0.032924879546],
      [0.10119887406, 0.11457096525, 0.001157791095, 0.50249276576, 0.28057960384]
    ],
    [
      [3.8080649414e-07, 0.023745936722, 0.24467935152, 0.2596716727, 0.47190265826],
      [0.0077589632949, 0.83066261189, 0.00024911237078, 0.068466961144, 0.092862351298],
      [0.0078963310041, 0.022701565891, 0.00077235658601, 0.90751032217, 0.061119424352],
      [0.0014570820119, 0.0079467090685, 0.85360035667, 0.053060468267, 0.083935383982],
      [0.076395877993, 0.0068340855082, 0.11161018457, 0.54390515013, 0.2612547018],
      [0.47753820819, 0.040335146677, 0.11596019753, 0.29883351025, 0.067332937353],
      [0.057393307852, 0.19331398987, 0.00027327844581, 0.42052010038, 0.32849932344]
    ],
    [
      [1.4286413312e-07, 0.014196575456, 0.48935362631, 0.12956964663, 0.36688000874],
      [0.0049000613782, 0.81408677203, 0.00083193625335, 0.057765655087, 0.12241557525],
      [0.0057168265542, 0.026293155464, 0.0029539913884, 0.8724381892, 0.092597837395],
      [0.00031035669177, 0.0027159669694, 0.94450052694, 0.015128377304, 0.037344772091],
      [0.038891494309, 0.0056017061454, 0.30520878516, 0.37064066321, 0.27965735117],
      [0.27215672468, 0.03836081354, 0.36851989333, 0.23705896667, 0.083903601779],
      [0.035434772516, 0.19073630958, 0.00089514025326, 0.34751836882, 0.42541540884]
    ],
    [
      [3.304564517e-07, 0.0098076171946, 0.4908414354, 0.23601540395, 0.263335213],
      [0.012927503555, 0.76916994944, 0.00081073563786, 0.11835036867, 0.098741442696],
      [0.0076624134029, 0.010520584625, 0.0014830763773, 0.94283190369, 0.037502021902],
      [0.00062562110837, 0.0016163353567, 0.95091574172, 0.023775431401, 0.023066870411],
      [0.074463137465, 0.0030738593658, 0.2233263117, 0.54192610258, 0.15721058889],
      [0.4946984892, 0.015796136864, 0.19825750822, 0.25624099739, 0.035006868324],
      [0.073308730271, 0.11623458381, 0.00066823957335, 0.54941207959, 0.26037636675]
    ],
    [
      [4.5866700556e-08, 0.49066403754, 0.18227004522, 0.23168990706, 0.095375964314],
      [3.0481480867e-07, 0.99997411317, 4.5069393273e-08, 2.1057900483e-05, 4.4790471556e-06],
      [0.00065345067104, 0.35053787137, 0.00030827678054, 0.63973598576, 0.008764415414],
      [0.00014741808041, 0.11728176926, 0.83304398036, 0.035994622311, 0.013532209989],
      [0.010804107661, 0.17147903598, 0.085946013919, 0.66456987422, 0.067200968222],
      [0.035511531159, 0.69693008506, 0.055240464403, 0.20229642239, 0.010021496994],
      [0.00041915820862, 0.96832613847, 1.0192306982e-05, 0.027057397214, 0.0041871137989]
    ],
    [
      [5.6554438581e-07, 0.021398736456, 0.27356072155, 0.30642330005, 0.3986166764],
      [0.013059567832, 0.80545918502, 0.00031653661257, 0.091659041358, 0.089505669178],
      [0.010181439758, 0.017778286629, 0.0007517734951, 0.92607673413, 0.045211765983],
      [0.0019861741113, 0.006594152825, 0.86841627995, 0.05758634211, 0.065417051002],
      [0.10234477068, 0.0055727217062, 0.11280255838, 0.57904035717, 0.20023959207],
      [0.54745089168, 0.028568779112, 0.10186396128, 0.27705977379, 0.045056594144],
      [0.082538284556, 0.16706815692, 0.00029640849382, 0.48047164333, 0.2696255067]
    ],
    [
      [8.4880688017e-08, 0.0198277131, 0.51734687191, 0.12698587182, 0.33583945829],
      [0.0018527959643, 0.8902974624, 0.00052668232802, 0.03635989475, 0.070963164553],
      [0.0033468570629, 0.036346692529, 0.0028901209288, 0.87631541283, 0.081100916648],
      [0.00016872208131, 0.0034072711037, 0.95251430947, 0.013432594268, 0.030477103079],
      [0.02374690113, 0.008080900632, 0.32494240536, 0.38107105717, 0.26215873571],
      [0.18287648873, 0.058863160385, 0.41876190089, 0.25735736777, 0.082141082223],
      [0.020080733387, 0.2704164552, 0.00085915678338, 0.33278173616, 0.37586191847]
    ],
    [
      [1.4732757603e-08, 0.0063411494357, 0.67994139122, 0.2172214044, 0.096496040215],
      [0.00064441285176, 0.82861299145, 0.00075727528727, 0.12631822279, 0.043667097613],
      [0.00031939785953, 0.0068584198776, 0.0011734812175, 0.97866342405, 0.012985276994],
      [1.6184872773e-05, 0.00062370474292, 0.98145993907, 0.012527032449, 0.0053731388617],
      [0.0018825441877, 0.0024760506404, 0.26700959765, 0.65930640811, 0.069325399415],
      [0.26095981679, 0.021579166617, 0.25823038548, 0.4108692732, 0.048361357908],
      [0.0025472797186, 0.11029870807, 0.00073730825361, 0.75939106069, 0.12702564327]
    ],
    [
      [3.2488361403e-08, 0.016208897832, 0.12698760551, 0.16276340986, 0.69404005431],
      [0.00030324494338, 0.89992277765, 7.5424793154e-05, 0.026255742755, 0.073442809855],
      [0.00064783875775, 0.017830365441, 0.00046823606092, 0.90061319728, 0.080440362459],
      [3.4242603249e-05, 0.0011276480423, 0.9680782526, 0.0076515223138, 0.023108334439],
      [0.005179516923, 0.0057191337512, 0.076008598966, 0.46667628509, 0.44641646527],
      [0.019982421613, 0.064070000991, 0.22527382763, 0.495669881, 0.19500386876],
      [0.0029617273569, 0.16615117087, 0.00015166894491, 0.29517315826, 0.53556227457]
    ],
    [
      [4.6462703929e-07, 0.011660683383, 0.34892420256, 0.26756590255, 0.37184874688],
      [0.017492464891, 0.7148688762, 0.00066093643242, 0.13065004849, 0.13632767399],
      [0.0096369966932, 0.011177290674, 0.0011086679006, 0.92927578288, 0.048801261849],
      [0.001353759187, 0.0029946953561, 0.9028848431, 0.04187896485, 0.050887737506],
      [0.090671412556, 0.0032917862384, 0.15631269857, 0.54687830416, 0.20284579847],
      [0.50492776132, 0.017940598799, 0.15000040789, 0.27853784351, 0.048593388484],
      [0.081429401925, 0.10953334489, 0.00045674590119, 0.50504118199, 0.30353932529]
    ],
    [
      [4.2663904167e-07, 0.0091559111058, 0.30067433469, 0.28460499694, 0.40556433062],
      [0.018635257067, 0.64698022353, 0.00066770218084, 0.16120557917, 0.17251123805],
      [0.008357599795, 0.0082828740328, 0.00091115632489, 0.93217681298, 0.050271556871],
      [0.0014247634983, 0.0026980027055, 0.88108990222, 0.051099506122, 0.063687825452],
      [0.081200499366, 0.0025242681699, 0.13225544473, 0.56790285236, 0.21611693538],
      [0.48239160066, 0.014775775812, 0.13634492044, 0.31085243302, 0.05563527007],
      [0.072596515455, 0.083419596786, 0.00038643018409, 0.52187021825, 0.32172723933]
    ],
    [
      [3.4611756873e-07, 0.0043469604603, 0.41220471364, 0.21346756646, 0.36998041333],
      [0.024791674317, 0.51786008505, 0.0014546773981, 0.19835657574, 0.2575369875],
      [0.0089124972221, 0.0051794235698, 0.0015930325157, 0.9243056466, 0.060009400088],
      [0.00086182629304, 0.00095269658903, 0.92658315123, 0.028502061221, 0.043100264668],
      [0.076149285904, 0.0013794374377, 0.20547145362, 0.49075702102, 0.22624280202],
      [0.46034547141, 0.0079684789124, 0.20938949444, 0.26494766976, 0.057348885483],
