{
  "Z_true": {},
  "V_true": [
    [13, 44, 1124, 109],
    [634, 796, 496, 18],
    [793, 9625, 1910, 161],
    [131, 252, 16088, 218],
    [57, 664, 494, 90],
    [173, 499, 786, 190]
  ],
  "p_true": [
    [0.0101, 0.0341, 0.8713, 0.0845],
    [0.3261, 0.4095, 0.2551, 0.0093],
    [0.0635, 0.7707, 0.1529, 0.0129],
    [0.0078, 0.0151, 0.964, 0.0131],
    [0.0437, 0.5088, 0.3785, 0.069],
    [0.105, 0.3028, 0.4769, 0.1153]
  ],
  "Z_est": {},
  "V_est": [
    [0, 0, 1290, 0],
    [1246.0094, 218.8272, 353.9577, 125.2058],
    [0, 10558.6253, 1930.3747, 0],
    [0, 0, 16689, 0],
    [0, 1102.5475, 0, 202.4525],
    [554.9906, 0, 634.6676, 458.3417]
  ],
  "p_est": [
    [0, 0, 1, 0],
    [0.641, 0.1126, 0.1821, 0.0644],
    [0, 0.8454, 0.1546, 0],
    [0, 0, 1, 0],
    [0, 0.8449, 0, 0.1551],
    [0.3368, 0, 0.3851, 0.2781]
  ],
  "EI_Z": {},
  "EI_V": 10.297,
  "MAE_Z": {},
  "MAE_V": 303.4623,
  "MAE_p": 0.119,
  "runtime": 0.024
}
