{
  "Z_true": {},
  "V_true": [
    [35, 200, 916, 531],
    [1311, 1764, 410, 83],
    [399, 8418, 423, 134],
    [233, 521, 17726, 280],
    [312, 1892, 1170, 413],
    [172, 403, 335, 205]
  ],
  "p_true": [
    [0.0208, 0.1189, 0.5446, 0.3157],
    [0.3674, 0.4944, 0.1149, 0.0233],
    [0.0426, 0.898, 0.0451, 0.0143],
    [0.0124, 0.0278, 0.9449, 0.0149],
    [0.0824, 0.4996, 0.309, 0.1091],
    [0.1543, 0.3614, 0.3004, 0.1839]
  ],
  "Z_est": [
    [
      [3.9494, 2.5823, 3.4937, 2.5823, 6.6836, 5.4684, 6.076, 2.8861, 2.7342, 7.4431, 5.7722, 0.6076, 2.2785, 0, 4.8608, 2.5823, 3.6456, 3.4937, 1.8228, 3.6456, 0.7595, 0.7595, 11.2406, 5.4684, 3.7975, 3.1899, 0, 1.2152, 0.7595, 4.4051, 4.4051, 7.595, 5.1646, 7.1393, 4.1013, 2.2785, 0, 105.5705, 6.5317, 7.4431, 1.0633],
      [6.7106, 4.3877, 5.9363, 4.3877, 11.3564, 9.2916, 10.324, 4.9039, 4.6458, 12.6469, 9.8078, 1.0324, 3.8715, 0, 8.2592, 4.3877, 6.1944, 5.9363, 3.0972, 6.1944, 1.2905, 1.2905, 19.0994, 9.2916, 6.4525, 5.4201, 0, 2.0648, 1.2905, 7.4849, 7.4849, 12.905, 8.7754, 12.1307, 6.9687, 3.8715, 0, 179.3795, 11.0983, 12.6469, 1.8067],
      [8.983, 5.8735, 7.9465, 5.8735, 15.202, 12.438, 13.82, 6.5645, 6.219, 16.9295, 13.129, 1.382, 5.1825, 0, 11.056, 5.8735, 8.292, 7.9465, 4.146, 8.292, 1.7275, 1.7275, 25.567, 12.438, 8.6375, 7.2555, 0, 2.764, 1.7275, 10.0195, 10.0195, 17.275, 11.747, 16.2385, 9.3285, 5.1825, 0, 240.1225, 14.8565, 16.9295, 2.4185],
      [6.357, 4.1565, 5.6235, 4.1565, 10.758, 8.802, 9.78, 4.6455, 4.401, 11.9805, 9.291, 0.978, 3.6675, 0, 7.824, 4.1565, 5.868, 5.6235, 2.934, 5.868, 1.2225, 1.2225, 18.093, 8.802, 6.1125, 5.1345, 0, 1.956, 1.2225, 7.0905, 7.0905, 12.225, 8.313, 11.4915, 6.6015, 3.6675, 0, 169.9275, 10.5135, 11.9805, 1.7115]
    ],
    [
      [5.7968, 10.869, 10.5067, 8.3329, 14.1297, 22.8249, 8.6952, 14.1297, 9.7821, 22.1003, 7.6083, 2.1738, 15.2166, 0, 17.7527, 22.1003, 25.7233, 16.3035, 14.492, 27.1725, 17.3904, 6.8837, 34.7808, 32.9693, 22.4626, 26.0856, 0, 5.4345, 3.9853, 31.5201, 29.7086, 30.7955, 17.7527, 39.1284, 40.2153, 14.492, 0.3623, 475.6999, 72.0977, 78.6191, 36.5923],
      [6.6752, 12.516, 12.0988, 9.5956, 16.2708, 26.2836, 10.0128, 16.2708, 11.2644, 25.4492, 8.7612, 2.5032, 17.5224, 0, 20.4428, 25.4492, 29.6212, 18.774, 16.688, 31.29, 20.0256, 7.9268, 40.0512, 37.9652, 25.8664, 30.0384, 0, 6.258, 4.5892, 36.2964, 34.2104, 35.462, 20.4428, 45.0576, 46.3092, 16.688, 0.4172, 547.7836, 83.0228, 90.5324, 42.1372],
      [2.56, 4.8, 4.64, 3.68, 6.24, 10.08, 3.84, 6.24, 4.32, 9.76, 3.36, 0.96, 6.72, 0, 7.84, 9.76, 11.36, 7.2, 6.4, 12, 7.68, 3.04, 15.36, 14.56, 9.92, 11.52, 0, 2.4, 1.76, 13.92, 13.12, 13.6, 7.84, 17.28, 17.76, 6.4, 0.16, 210.08, 31.84, 34.72, 16.16],
      [0.9696, 1.818, 1.7574, 1.3938, 2.3634, 3.8178, 1.4544, 2.3634, 1.6362, 3.6966, 1.2726, 0.3636, 2.5452, 0, 2.9694, 3.6966, 4.3026, 2.727, 2.424, 4.545, 2.9088, 1.1514, 5.8176, 5.5146, 3.7572, 4.3632, 0, 0.909, 0.6666, 5.2722, 4.9692, 5.151, 2.9694, 6.5448, 6.7266, 2.424, 0.0606, 79.5678, 12.0594, 13.1502, 6.1206]
    ],
    [
      [2.6312, 4.1745, 2.7071, 0.9361, 4.3516, 5.2371, 3.542, 6.0214, 3.6938, 6.325, 2.6312, 3.2131, 1.6951, 0.0759, 2.1758, 2.9854, 3.3396, 1.6698, 1.7204, 5.1612, 2.2011, 0.6072, 7.5141, 4.7564, 4.0986, 4.2757, 0.0506, 0.506, 0.4554, 2.2264, 2.9854, 3.8456, 2.4541, 4.5034, 4.9335, 1.0373, 0, 104.5902, 9.6899, 9.9935, 2.1505],
      [96.2624, 152.724, 99.0392, 34.2472, 159.2032, 191.5992, 129.584, 220.2928, 135.1376, 231.4, 96.2624, 117.5512, 62.0152, 2.7768, 79.6016, 109.2208, 122.1792, 61.0896, 62.9408, 188.8224, 80.5272, 22.2144, 274.9032, 174.0128, 149.9472, 156.4264, 1.8512, 18.512, 16.6608, 81.4528, 109.2208, 140.6912, 89.7832, 164.7568, 180.492, 37.9496, 0, 3826.4304, 354.5048, 365.612, 78.676],
      [2.6728, 4.2405, 2.7499, 0.9509, 4.4204, 5.3199, 3.598, 6.1166, 3.7522, 6.425, 2.6728, 3.2639, 1.7219, 0.0771, 2.2102, 3.0326, 3.3924, 1.6962, 1.7476, 5.2428, 2.2359, 0.6168, 7.6329, 4.8316, 4.1634, 4.3433, 0.0514, 0.514, 0.4626, 2.2616, 3.0326, 3.9064, 2.4929, 4.5746, 5.0115, 1.0537, 0, 106.2438, 9.8431, 10.1515, 2.1845],
      [2.444, 3.8775, 2.5145, 0.8695, 4.042, 4.8645, 3.29, 5.593, 3.431, 5.875, 2.444, 2.9845, 1.5745, 0.0705, 2.021, 2.773, 3.102, 1.551, 1.598, 4.794, 2.0445, 0.564, 6.9795, 4.418, 3.807, 3.9715, 0.047, 0.47, 0.423, 2.068, 2.773, 3.572, 2.2795, 4.183, 4.5825, 0.9635, 0, 97.149, 9.0005, 9.2825, 1.9975]
    ],
    [
      [1.6482, 1.8368, 1.7384, 2.1074, 2.9438, 2.9192, 1.517, 2.6978, 0.984, 3.7228, 1.1398, 0.3772, 1.8204, 0.0328, 2.6732, 1.0824, 1.8286, 1.7876, 0.697, 3.1242, 2.911, 0.6068, 5.9204, 4.8216, 3.1242, 3.3702, 0.0656, 0.779, 0.533, 3.198, 3.2964, 3.567, 2.4928, 4.1164, 3.28, 1.2054, 0.0164, 62.2544, 4.3132, 5.3054, 1.9762],
      [3.9195, 4.368, 4.134, 5.0115, 7.0005, 6.942, 3.6075, 6.4155, 2.34, 8.853, 2.7105, 0.897, 4.329, 0.078, 6.357, 2.574, 4.3485, 4.251, 1.6575, 7.4295, 6.9225, 1.443, 14.079, 11.466, 7.4295, 8.0145, 0.156, 1.8525, 1.2675, 7.605, 7.839, 8.4825, 5.928, 9.789, 7.8, 2.8665, 0.039, 148.044, 10.257, 12.6165, 4.6995],
      [193.6836, 215.8464, 204.2832, 247.6452, 345.9324, 343.0416, 178.266, 317.0244, 115.632, 437.4744, 133.9404, 44.3256, 213.9192, 3.8544, 314.1336, 127.1952, 214.8828, 210.0648, 81.906, 367.1316, 342.078, 71.3064, 695.7192, 566.5968, 367.1316, 396.0396, 7.7088, 91.542, 62.634, 375.804, 387.3672, 419.166, 292.9344, 483.7272, 385.44, 141.6492, 1.9272, 7315.6512, 506.8536, 623.4492, 232.2276],
      [1.7688, 1.9712, 1.8656, 2.2616, 3.1592, 3.1328, 1.628, 2.8952, 1.056, 3.9952, 1.2232, 0.4048, 1.9536, 0.0352, 2.8688, 1.1616, 1.9624, 1.9184, 0.748, 3.3528, 3.124, 0.6512, 6.3536, 5.1744, 3.3528, 3.6168, 0.0704, 0.836, 0.572, 3.432, 3.5376, 3.828, 2.6752, 4.4176, 3.52, 1.2936, 0.0176, 66.8096, 4.6288, 5.6936, 2.1208]
    ],
    [
      [3.311, 5.159, 3.619, 1.54, 7.931, 7.931, 4.004, 7.931, 3.388, 7.777, 3.311, 3.234, 2.31, 0.154, 3.619, 4.697, 4.004, 4.081, 2.464, 4.774, 2.618, 0.924, 7.7, 7.238, 4.312, 4.081, 0.077, 1.155, 0.154, 3.311, 3.08, 5.544, 2.464, 4.62, 3.465, 1.848, 0, 134.057, 9.779, 9.394, 0.539],
      [21.07, 32.83, 23.03, 9.8, 50.47, 50.47, 25.48, 50.47, 21.56, 49.49, 21.07, 20.58, 14.7, 0.98, 23.03, 29.89, 25.48, 25.97, 15.68, 30.38, 16.66, 5.88, 49, 46.06, 27.44, 25.97, 0.49, 7.35, 0.98, 21.07, 19.6, 35.28, 15.68, 29.4, 22.05, 11.76, 0, 853.09, 62.23, 59.78, 3.43],
      [13.5708, 21.1452, 14.8332, 6.312, 32.5068, 32.5068, 16.4112, 32.5068, 13.8864, 31.8756, 13.5708, 13.2552, 9.468, 0.6312, 14.8332, 19.2516, 16.4112, 16.7268, 10.0992, 19.5672, 10.7304, 3.7872, 31.56, 29.6664, 17.6736, 16.7268, 0.3156, 4.734, 0.6312, 13.5708, 12.624, 22.7232, 10.0992, 18.936, 14.202, 7.5744, 0, 549.4596, 40.0812, 38.5032, 2.2092],
      [5.0482, 7.8658, 5.5178, 2.348, 12.0922, 12.0922, 6.1048, 12.0922, 5.1656, 11.8574, 5.0482, 4.9308, 3.522, 0.2348, 5.5178, 7.1614, 6.1048, 6.2222, 3.7568, 7.2788, 3.9916, 1.4088, 11.74, 11.0356, 6.5744, 6.2222, 0.1174, 1.761, 0.2348, 5.0482, 4.696, 8.4528, 3.7568, 7.044, 5.283, 2.8176, 0, 204.3934, 14.9098, 14.3228, 0.8218]
    ],
    [
      [3.616, 3.616, 3.164, 3.164, 3.39, 7.684, 2.26, 4.746, 3.842, 4.746, 1.356, 3.164, 1.582, 0.226, 1.356, 4.294, 2.712, 1.808, 3.39, 5.876, 4.746, 1.356, 4.746, 4.52, 4.746, 3.39, 0, 0.678, 0.226, 5.876, 3.616, 3.39, 2.26, 5.876, 4.294, 1.13, 0, 101.248, 14.69, 16.046, 3.164],
      [5.1456, 5.1456, 4.5024, 4.5024, 4.824, 10.9344, 3.216, 6.7536, 5.4672, 6.7536, 1.9296, 4.5024, 2.2512, 0.3216, 1.9296, 6.1104, 3.8592, 2.5728, 4.824, 8.3616, 6.7536, 1.9296, 6.7536, 6.432, 6.7536, 4.824, 0, 0.9648, 0.3216, 8.3616, 5.1456, 4.824, 3.216, 8.3616, 6.1104, 1.608, 0, 144.0768, 20.904, 22.8336, 4.5024],
      [4.1856, 4.1856, 3.6624, 3.6624, 3.924, 8.8944, 2.616, 5.4936, 4.4472, 5.4936, 1.5696, 3.6624, 1.8312, 0.2616, 1.5696, 4.9704, 3.1392, 2.0928, 3.924, 6.8016, 5.4936, 1.5696, 5.4936, 5.232, 5.4936, 3.924, 0, 0.7848, 0.2616, 6.8016, 4.1856, 3.924, 2.616, 6.8016, 4.9704, 1.308, 0, 117.1968, 17.004, 18.5736, 3.6624],
      [3.0528, 3.0528, 2.6712, 2.6712, 2.862, 6.4872, 1.908, 4.0068, 3.2436, 4.0068, 1.1448, 2.6712, 1.3356, 0.1908, 1.1448, 3.6252, 2.2896, 1.5264, 2.862, 4.9608, 4.0068, 1.1448, 4.0068, 3.816, 4.0068, 2.862, 0, 0.5724, 0.1908, 4.9608, 3.0528, 2.862, 1.908, 4.9608, 3.6252, 0.954, 0, 85.4784, 12.402, 13.5468, 2.6712]
    ]
  ],
  "V_est": [
    [255.4958, 434.1242, 581.131, 411.249],
    [1292.6864, 1488.5696, 570.88, 216.2208],
    [237.1622, 8676.5744, 240.9118, 220.289],
    [153.832, 365.82, 18077.136, 165.088],
    [291.599, 1855.63, 1195.1772, 444.5938],
    [251.99, 358.584, 291.684, 212.742]
  ],
  "p_est": [
    [0.1519, 0.2581, 0.3455, 0.2445],
    [0.3623, 0.4172, 0.16, 0.0606],
    [0.0253, 0.9256, 0.0257, 0.0235],
    [0.0082, 0.0195, 0.9636, 0.0088],
    [0.077, 0.49, 0.3156, 0.1174],
    [0.226, 0.3216, 0.2616, 0.1908]
  ],
  "EI_Z": {},
  "EI_V": 4.1468,
  "MAE_Z": {},
  "MAE_V": 132.3032,
  "MAE_p": 0.0418,
  "runtime": 103.512
}
