{
  "Z_true": {},
  "V_true": [
    [854, 282, 408, 624, 41],
    [54, 74, 1761, 178, 28],
    [579, 712, 1748, 7019, 146],
    [97, 1719, 391, 382, 53],
    [145, 480, 125, 220, 191],
    [254, 464, 511, 1082, 149],
    [131, 117, 136, 248, 183]
  ],
  "p_true": [
    [0.3866, 0.1277, 0.1847, 0.2825, 0.0186],
    [0.0258, 0.0353, 0.8406, 0.085, 0.0134],
    [0.0567, 0.0698, 0.1713, 0.6879, 0.0143],
    [0.0367, 0.6506, 0.148, 0.1446, 0.0201],
    [0.1249, 0.4134, 0.1077, 0.1895, 0.1645],
    [0.1033, 0.1886, 0.2077, 0.4398, 0.0606],
    [0.1607, 0.1436, 0.1669, 0.3043, 0.2245]
  ],
  "Z_est": {},
  "V_est": [
    [1080.2194, 93.213, 984.3953, 51.1723, 0],
    [0, 0, 1896.2702, 197.0532, 1.6766],
    [744.6869, 0, 2011.4234, 7083.0519, 364.8378],
    [0, 2284.7197, 0, 357.2803, 0],
    [169.6736, 862.6347, 0, 0, 128.6916],
    [56.1892, 199.9188, 50.6299, 2059.1954, 94.0666],
    [63.2308, 407.5136, 137.2813, 5.2469, 201.7273]
  ],
  "p_est": [
    [0.489, 0.0422, 0.4456, 0.0232, 0],
    [0, 0, 0.9051, 0.0941, 0.0008],
    [0.073, 0, 0.1971, 0.6941, 0.0358],
    [0, 0.8648, 0, 0.1352, 0],
    [0.1461, 0.743, 0, 0, 0.1108],
    [0.0228, 0.0813, 0.0206, 0.8371, 0.0382],
    [0.0776, 0.5, 0.1684, 0.0064, 0.2475]
  ],
  "EI_Z": {},
  "EI_V": 18.2048,
  "MAE_Z": {},
  "MAE_V": 224.5534,
  "MAE_p": 0.1057,
  "runtime": 0.1384
}
