{
  "Z_true": {},
  "V_true": [
    [672, 58, 74, 112, 91, 1942, 28],
    [32, 20, 1499, 35, 246, 176, 29],
    [165, 369, 1011, 544, 6897, 1065, 378],
    [290, 128, 120, 271, 39, 6456, 102],
    [107, 110, 161, 2652, 340, 1530, 73],
    [51, 1099, 75, 234, 212, 1219, 101],
    [56, 60, 179, 133, 337, 340, 446]
  ],
  "p_true": [
    [0.2257, 0.0195, 0.0249, 0.0376, 0.0306, 0.6523, 0.0094],
    [0.0157, 0.0098, 0.7359, 0.0172, 0.1208, 0.0864, 0.0142],
    [0.0158, 0.0354, 0.0969, 0.0522, 0.6613, 0.1021, 0.0362],
    [0.0392, 0.0173, 0.0162, 0.0366, 0.0053, 0.8717, 0.0138],
    [0.0215, 0.0221, 0.0324, 0.5333, 0.0684, 0.3077, 0.0147],
    [0.0171, 0.3674, 0.0251, 0.0782, 0.0709, 0.4076, 0.0338],
    [0.0361, 0.0387, 0.1154, 0.0858, 0.2173, 0.2192, 0.2876]
  ],
  "Z_est": [
    [
      [18.7262, 2.6237, 0.6877, 60.2089, 12.9901, 32.9276, 8.6628, 0.9267, 4.9238, 47.8425, 34.6607, 28.2825, 25.6814, 31.0641, 27.7496, 7.5525, 6.398, 6.6097, 29.8814, 37.8405, 58.3646, 11.6778, 20.8329, 39.4454, 7.1602, 6.6224, 12.1369, 59.0911, 10.8724, 33.9249, 21.643, 39.6123, 0, 3.2109, 44.8935, 5.7344, 65.1486, 9.2823],
      [3.4216, 0.1105, 0, 2.926, 1.257, 4.4464, 0.8058, 0.0503, 0.6693, 3.9677, 3.2271, 1.8499, 3.0462, 2.9477, 2.9481, 0.3952, 0.3706, 0.969, 3.4938, 4.3803, 3.9752, 0.9076, 2.254, 6.4018, 0.2062, 1.5894, 1.3487, 5.0337, 1.0368, 2.3435, 1.4039, 5.1113, 0, 0.3805, 2.9707, 0.6015, 4.7619, 0.3563],
      [3.3634, 0.2221, 0.0881, 8.9013, 1.2647, 7.6372, 1.4605, 0.0669, 2.2784, 7.2949, 5.8494, 6.6979, 4.7929, 5.4257, 4.1963, 2.4406, 1.5347, 2.7004, 5.8225, 10.0213, 10.2622, 2.1429, 4.8991, 12.2826, 0.1118, 1.6584, 1.8153, 11.0456, 3.4959, 7.3121, 2.4396, 10.3374, 0, 0.5071, 8.5951, 2.0402, 11.341, 1.686],
      [0, 0, 0, 0, 0, 0.7628, 0, 0.0009, 0.0288, 1.2571, 0.5037, 0, 0.4063, 0.4055, 0.4849, 0.0132, 0.1616, 0.0608, 0.72, 0.5799, 0.1376, 0.0804, 0.1052, 0.4897, 0, 0.1358, 0, 0, 0, 0.1477, 0.1781, 0.7152, 0, 0.0605, 0.2846, 0.0581, 0.1609, 0],
      [0.668, 0.1171, 0.0202, 0.7838, 0.4424, 1.4978, 0, 0.0281, 0.4115, 1.6762, 1.3069, 0.0033, 1.9278, 1.57, 1.4602, 0.3773, 0.1341, 0.5542, 1.9607, 1.5427, 1.2347, 0.3073, 1.4426, 2.4, 0, 0.1138, 0, 0.4048, 0, 1.1057, 0.6294, 1.7224, 0, 0.2519, 2.0566, 0.4508, 0.8986, 0.3851],
      [34.7464, 0.9267, 1.204, 116.18, 23.0459, 94.7282, 20.0709, 0.9251, 15.6731, 89.9615, 64.4359, 54.0488, 63.1454, 57.5498, 64.1609, 20.2211, 18.37, 24.106, 69.1217, 98.6087, 78.9744, 20.8825, 58.4656, 104.9805, 3.5218, 33.8803, 17.6991, 106.3727, 28.569, 70.7145, 25.706, 89.5013, 0, 8.5779, 99.1996, 18.0839, 90.5063, 19.2902],
      [0.0744, 0, 0, 0, 0, 0, 0, 0.002, 0.0151, 0, 0.0163, 0.1177, 0, 0.0372, 0, 0, 0.0312, 0, 0, 0.0266, 0.0513, 0.0015, 0.0006, 0, 0, 0, 0, 0.052, 0.0259, 0.4516, 0, 0, 0, 0.0112, 0, 0.0312, 0.1827, 0]
    ],
    [
      [0.6365, 0, 0, 1.6846, 0.6445, 0.6495, 0.2773, 0.0407, 0.2256, 1.5467, 1.2163, 0.7478, 1.2201, 1.9359, 1.4428, 0.3672, 0.2587, 0.4324, 1.2438, 1.0196, 2.2407, 0.576, 0.9789, 1.4583, 0.4733, 0.3373, 0.4038, 3.1531, 0.0627, 1.6092, 1.4117, 1.432, 0, 0.3344, 2.3327, 0.2428, 4.706, 0.6698],
      [0.1357, 0, 0, 0, 0.0216, 0.0081, 0.0029, 0, 0, 0, 0.008, 0, 0.0068, 0.0011, 0.0076, 0, 0, 0, 0.0001, 0.0021, 0, 0.001, 0, 0.0942, 0, 0.0642, 0.0518, 0.1182, 0, 0, 0.0162, 0.0419, 0, 0, 0, 0, 0.0139, 0],
      [28.1178, 0, 0, 55.3785, 18.4799, 35.2246, 12.2773, 1.8292, 50.5723, 54.5508, 45.8925, 91.7956, 53.55, 75.6269, 52.1179, 33.8737, 21.5955, 48.5947, 56.3085, 60.8127, 83.2457, 24.6049, 53.93, 98.9501, 4.431, 29.1834, 15.9784, 183.4122, 43.4036, 89.6875, 35.6201, 82.1135, 0, 12.4743, 102.8745, 22.8878, 219.4239, 28.6213],
      [0, 0, 0, 0, 0, 0.0214, 0, 0, 0, 0.1001, 0.029, 0, 0.0319, 0.0509, 0.0502, 0, 0.0485, 0, 0.0876, 0.0191, 0, 0, 0, 0, 0, 0.0064, 0, 0, 0, 0, 0.0181, 0.0694, 0, 0.0077, 0, 0, 0, 0],
      [0, 0, 0, 0, 0.0003, 0, 0, 0.008, 0.1201, 0.003, 0.0118, 0, 0.1757, 0.1659, 0.0686, 0, 0, 0.1082, 0.1338, 0, 0, 0, 0.11, 0.0829, 0, 0, 0, 0, 0, 0, 0.0364, 0, 0, 0.0391, 0.0741, 0.0539, 0, 0],
      [0.36, 0, 0, 1.2271, 0.4507, 0.6551, 0.3235, 0.0232, 0, 0.9668, 0.7387, 1.3327, 0.9362, 1.0685, 1.1284, 0.3851, 0.4607, 0.4593, 0.8822, 0.9334, 0.8915, 0.3864, 0.9511, 1.1236, 0.0957, 1.0572, 0.2755, 3.5655, 0.7565, 1.2747, 0.5139, 0.9922, 0, 0.2747, 1.9049, 0.2343, 2.3704, 0.5853],
      [0.75, 0, 0, 0.7099, 0.403, 0.4412, 0.119, 0.0989, 1.082, 0.8326, 1.1037, 2.124, 1.0794, 2.1509, 1.1845, 0.3741, 0.6367, 0.4054, 1.3441, 1.2131, 1.6221, 0.4317, 1.0299, 1.2909, 0, 0.3515, 0.2906, 3.7511, 0.7771, 3.4285, 0.3836, 1.351, 0, 0.8699, 1.8138, 0.5812, 5.4858, 0.1236]
    ],
    [
      [0.1077, 0, 0, 1.8371, 0.1039, 0, 0.7647, 0, 0, 0, 0, 2.5232, 0, 0, 0, 0.148, 0.0796, 0, 0, 0, 2.0505, 0.6497, 0, 0, 1.5766, 0, 0.5258, 5.686, 1.1904, 0.2377, 1.0748, 0, 0, 0, 1.3605, 0, 5.2491, 0.2308],
      [6.4971, 0.8546, 0, 9.5132, 3.4015, 13.7858, 2.8522, 0.2333, 5.7055, 19.8753, 21.0209, 7.9638, 19.5983, 30.6666, 18.8201, 2.7015, 1.4882, 4.9602, 20.9185, 20.394, 15.8112, 10.8343, 16.938, 43.0692, 1.4302, 3.2902, 4.8937, 34.4978, 6.5767, 10.6483, 8.7566, 33.6306, 0.8324, 3.9784, 15.3531, 2.9627, 30.8445, 1.5306],
      [0.8425, 0, 0.0079, 2.5124, 0, 2.0325, 0.5056, 0, 10.3973, 1.4584, 3.4938, 7.544, 0, 3.6347, 0, 6.6789, 0.918, 3.9965, 0, 7.8326, 9.5594, 4.5342, 2.8889, 16.7185, 0, 0, 1.1006, 16.9047, 6.5012, 6.4603, 0.939, 13.151, 0, 0, 5.0934, 2.9313, 21.308, 0.795],
      [4.4218, 1.2694, 0.1153, 26.3663, 4.1808, 37.251, 2.8403, 1.1143, 13.7294, 80.6197, 60.9396, 12.1133, 62.2437, 96.0634, 65.3829, 12.2893, 12.2282, 11.9174, 77.2112, 57.8386, 39.3291, 27.4279, 34.7776, 81.8205, 2.4312, 6.6124, 4.9117, 56.3968, 10.5733, 35.8255, 22.771, 89.2989, 0, 27.2729, 54.2464, 11.1987, 69.5912, 4.3542],
      [48.8556, 17.5141, 1.5738, 194.2941, 41.1687, 177.1645, 35.4686, 10.4418, 123.1121, 290.7674, 274.499, 120.8591, 371.0989, 498.1842, 321.1506, 109.3375, 43.0843, 92.0028, 345.5595, 282.7499, 218.4568, 145.2777, 317.5234, 482.7338, 9.2921, 30.9475, 35.9788, 374.9225, 77.7659, 208.0639, 116.2988, 389.6969, 1, 144.4662, 366.1847, 78.0332, 361.7173, 52.9024],
      [9.4675, 0.3619, 0.303, 52.9949, 9.5962, 44.2996, 11.5151, 1.8499, 14.9739, 66.1245, 58.8154, 30.1425, 62.3095, 80.0354, 70.6425, 22.7152, 13.6157, 17.4226, 59.0829, 67.8301, 42.6301, 37.4957, 65.579, 89.3515, 3.1619, 11.1743, 9.6858, 109.5632, 26.1554, 47.3093, 21.9616, 78.9976, 0.1676, 16.756, 84.4564, 13.873, 80.2838, 11.6651],
      [2.8078, 0, 0, 6.482, 1.5488, 4.4666, 1.0536, 1.3607, 7.0818, 8.1546, 14.2312, 7.854, 10.7495, 27.4157, 11.004, 3.1296, 3.586, 1.7005, 14.228, 14.3548, 11.1627, 6.7806, 11.2931, 14.3064, 0.1079, 0.9757, 1.9035, 22.0289, 5.237, 21.455, 2.1981, 16.2251, 0, 12.5265, 13.3054, 5.0011, 26.0062, 0.522]
    ],
    [
      [3.9261, 0.5054, 0.0469, 15.0661, 3.27, 5.5214, 1.8891, 0, 0.8544, 13.0429, 10.0053, 6.6225, 6.2429, 11.9544, 7.5448, 2.16, 1.8995, 1.6321, 5.1032, 8.0638, 13.5823, 6.1243, 5.784, 7.6022, 3.1296, 1.1434, 4.2772, 22.0754, 3.435, 12.0976, 6.832, 8.6084, 0, 1.9441, 13.2235, 1.0001, 21.4883, 2.3889],
      [3.1914, 0.1933, 0, 1.1815, 1.047, 3.4178, 0.4949, 0.1477, 0.8932, 3.5987, 3.3627, 1.1996, 7.062, 5.5634, 6.6974, 0.2199, 0, 1.0995, 5.0092, 3.8437, 2.7122, 1.4925, 2.2129, 8.5419, 0.2187, 1.4191, 1.8775, 6.1544, 0.9152, 0.4706, 1.4747, 6.3632, 0.3773, 2.8812, 1.7666, 0.5105, 4.8038, 0.2072],
      [3.1751, 0.3001, 0.0863, 8.5093, 0.3947, 6.6668, 1.2257, 0.0609, 4.0284, 8.5857, 8.2161, 9.6164, 4.2701, 11.1669, 1.683, 4.6044, 2.2223, 5.594, 6.8733, 12.6869, 13.0284, 5.9882, 6.7695, 17.5911, 0.1845, 0.0814, 2.7403, 22.8632, 7.5751, 14.1193, 3.3316, 14.9765, 0, 0, 11.8764, 3.2279, 22.4218, 2.0405],
      [1.6691, 0.259, 0.0538, 9.3278, 1.6267, 13.5777, 0.6003, 0.0976, 2.3142, 27.5762, 16.2012, 2.9816, 15.994, 22.2533, 15.7986, 2.3473, 4.7854, 3.7819, 18.0037, 16.5431, 11.8047, 6.5405, 7.2472, 18.2966, 0.4402, 3.4654, 1.4227, 13.7453, 2.1827, 13.2181, 6.3664, 20.7347, 0, 7.5163, 15.1905, 2.6901, 18.1756, 1.3802],
      [4.8953, 0.6117, 0.1341, 11.6508, 3.4006, 11.1362, 1.0093, 0.1687, 4.045, 17.2537, 13.7725, 4.6935, 22.2299, 24.8966, 15.7823, 4.0368, 1.7522, 6.2264, 17.3447, 14.0302, 11.7824, 5.5552, 14.629, 21.6403, 0, 1.7672, 0.9617, 11.3419, 0.9565, 13.7852, 6.4189, 16.6592, 0, 9.5896, 20.8488, 3.9975, 14.2239, 3.4721],
      [78.3701, 3.1305, 2.6789, 294.9185, 58.0713, 218.989, 43.2854, 2.3374, 50.9163, 304.473, 226.9262, 136.4995, 252.2827, 303.2269, 238.865, 70.5094, 67.965, 90.7159, 218.8728, 277.697, 203.9845, 127.4011, 206.0857, 322.5008, 13.01, 79.4033, 57.3612, 426.7816, 99.3813, 278.878, 91.464, 282.067, 2.6227, 90.3468, 342.3948, 55.455, 331.3885, 57.2367],
      [2.7729, 0, 0, 4.3461, 1.1898, 2.6911, 0.4954, 0.1878, 1.9486, 4.4699, 6.5159, 4.387, 4.9184, 10.9385, 4.6289, 1.1222, 2.3756, 0.9502, 5.7932, 7.1354, 6.1055, 2.8982, 4.2717, 5.827, 0.0169, 0.7202, 1.3593, 11.0382, 2.5541, 16.4312, 1.1125, 6.5909, 0, 5.7221, 6.6994, 2.1188, 12.4981, 0.2744]
    ],
    [
      [0.0827, 0, 0, 0.762, 0.0952, 0.0323, 0.1553, 0, 0, 0.1722, 0.2725, 0.6137, 0.0291, 0, 0.1463, 0.0426, 0, 0, 0, 0.1569, 0.8331, 0.386, 0.1273, 0.0995, 1.3238, 0.0045, 0.1443, 1.8635, 0.2317, 0.1243, 0.3088, 0.0996, 0, 0, 0.1217, 0, 0.97, 0.0443],
      [0.1381, 0.0623, 0, 0, 0.0308, 0.1252, 0.0152, 0.1049, 0, 0, 0.086, 0, 0.0625, 0.1239, 0.1026, 0, 0, 0, 0, 0.0214, 0, 0.0126, 0, 0.4925, 0, 0.1593, 0.1009, 0.4142, 0, 0, 0.0531, 0.4164, 0, 0.7561, 0, 0, 0.0559, 0],
      [1.1114, 0.2715, 0.0623, 4.4468, 0.5436, 4.0527, 0.9048, 0, 4.9435, 4.8809, 4.5479, 6.6683, 4.0492, 10.1973, 3.9135, 4.7015, 1.5596, 2.4915, 4.9857, 7.6273, 7.2865, 4.4402, 5.3649, 9.1845, 0.1835, 0.6547, 0.9221, 15.1837, 4.301, 8.7113, 1.7512, 9.9852, 0, 0, 9.6039, 2.3931, 9.7381, 0.6008],
      [9.0124, 3.2222, 1.6548, 53.0326, 7.3416, 71.7116, 6.9574, 2.7345, 29.7218, 124.0801, 82.0663, 37.1221, 87.0894, 196.9739, 122.6414, 28.4522, 31.0524, 21.0039, 129.3113, 98.6453, 75.3414, 51.1568, 59.7566, 99.7662, 8.8258, 20.0946, 8.4065, 127.6919, 23.218, 94.9909, 30.8348, 132.4589, 0, 41.2982, 124.9284, 23.8701, 99.0397, 4.6801],
      [5.6825, 2.0154, 0.9003, 23.1027, 4.1039, 21.8047, 4.2572, 1.3246, 14.6175, 30.0501, 23.9835, 18.3777, 34.5246, 68.8068, 40.4473, 14.33, 6.3099, 9.7944, 40.3417, 30.3806, 25.1907, 16.2586, 32.6826, 37.0128, 1.2584, 5.5369, 3.3964, 46.1566, 8.7357, 32.8893, 10.001, 37.4816, 0, 14.9052, 52.294, 10.2358, 30.3247, 3.2479],
      [12.3648, 1.4286, 2.3826, 63.2043, 9.5896, 57.2489, 13.4647, 2.519, 26.1648, 73.2824, 55.7237, 50.8666, 66.3635, 126.973, 92.2565, 33.7092, 22.9007, 21.3848, 78.38, 78.2566, 55.9137, 44.2935, 71.9071, 80.3172, 6.4085, 21.2467, 9.6831, 143.352, 32.3268, 83.2077, 20.6793, 86.6355, 0, 23.745, 124.5443, 21.2785, 75.7887, 7.3546],
      [0.6081, 0, 0, 1.4515, 0.2953, 1.0247, 0.2454, 0.3171, 1.5523, 1.5345, 2.3202, 2.3515, 1.8818, 6.9252, 2.4923, 0.7645, 1.1775, 0.3255, 2.9813, 2.9118, 2.4346, 1.4522, 2.1615, 2.1274, 0, 0.3033, 0.3467, 5.3382, 1.1869, 7.0766, 0.3717, 2.9228, 0, 2.2955, 3.5077, 1.2226, 4.0829, 0.0723]
    ],
    [
      [0.5134, 0.1859, 0.0821, 4.1601, 0.5784, 1.4696, 0.4154, 0.0326, 0.2052, 3.6635, 4.0112, 1.6464, 2.8126, 3.6741, 2.2718, 0.6245, 0.4881, 0.4447, 4.1113, 2.9981, 4.3688, 3.2515, 2.9211, 3.4133, 0.1698, 0.4142, 1.0712, 7.17, 2.1214, 3.7091, 2.7109, 3.7004, 0, 0.4021, 5.0666, 0.4863, 7.4175, 0.2528],
      [12.3703, 1.734, 0, 35.9461, 8.2017, 30.9643, 5.7263, 0.4638, 4.5884, 48.0299, 57.9376, 18.7427, 53.5756, 54.8834, 37.8694, 5.6087, 5.0866, 10.7969, 79.9998, 54.9014, 45.0838, 38.5064, 50.2529, 86.0248, 1.053, 15.3228, 14.6662, 87.859, 31.204, 42.2017, 26.0295, 74.628, 1.7903, 7.7904, 54.555, 8.8529, 80.637, 1.8421],
      [1.0371, 0.2208, 0.1979, 6.8113, 0.7656, 4.0272, 0.7633, 0.043, 1.0747, 6.4667, 7.7108, 3.9291, 6.13, 7.3577, 4.0179, 2.2607, 1.3682, 2.1204, 9.417, 9.1628, 8.1268, 6.7705, 7.8531, 12.5938, 0.0689, 1.3376, 1.6236, 14.4393, 7.8823, 9.016, 3.3494, 11.3415, 0, 0.7343, 10.9313, 2.0606, 14.08, 0.5327],
      [0.6947, 0.1644, 0.1395, 6.7069, 0.7817, 5.8487, 0.4634, 0.0528, 0.7792, 12.8416, 11.9798, 2.2827, 10.0912, 11.2528, 7.6612, 1.5061, 2.1201, 1.7304, 18.3321, 10.7934, 8.0687, 7.0063, 7.2319, 12.4126, 0.1193, 2.2989, 1.1724, 11.221, 3.5056, 9.2341, 4.958, 14.1306, 0, 1.9804, 11.9038, 1.8785, 13.5004, 0.3526],
      [0.4829, 0.1443, 0.0909, 2.8648, 0.4804, 1.8359, 0.2606, 0.0288, 0.4094, 3.2073, 3.6817, 1.0963, 4.8022, 4.3191, 2.7339, 0.8099, 0.4434, 0.8888, 6.7686, 3.3446, 2.7321, 1.967, 4.7071, 5.0697, 0.0201, 0.4987, 0.2793, 3.2421, 0.1509, 3.2753, 1.7632, 4.1055, 0, 0.7696, 5.4069, 0.8983, 3.626, 0.2648],
      [6.6346, 0.5505, 1.4896, 53.4928, 7.0172, 30.3873, 6.2742, 0.3453, 4.7379, 48.8864, 52.8932, 21.5223, 50.4062, 48.4884, 37.5586, 11.9595, 10.1019, 11.8547, 71.1611, 56.1071, 40.2113, 40.4192, 58.6024, 66.0686, 0.5649, 15.9365, 9.908, 86.4522, 37.0102, 54.2021, 21.8734, 60.4274, 0.2097, 7.7972, 78.3134, 11.332, 69.6906, 3.7232],
      [0.267, 0, 0, 1.0181, 0.175, 0.467, 0.0969, 0.0336, 0.2052, 0.9045, 1.7857, 0.7804, 1.1821, 2.0244, 0.8872, 0.2306, 0.3917, 0.1641, 2.2101, 1.6927, 1.4085, 1.0791, 1.4316, 1.4172, 0.004, 0.1914, 0.2795, 2.6164, 1.1256, 3.3618, 0.3155, 1.6665, 0, 0.526, 1.8229, 0.4913, 3.0485, 0.0318]
    ],
    [
      [1.0074, 0.6851, 0.1834, 6.2813, 0.3179, 1.3996, 0.8354, 0, 0.7909, 4.7322, 2.8339, 2.564, 4.0139, 6.3714, 3.8446, 1.1053, 0.8762, 0.8811, 3.6604, 2.9211, 4.56, 2.3346, 2.3559, 5.9813, 2.1667, 0.4782, 0.4409, 7.9608, 2.0864, 4.2972, 3.0187, 4.5473, 0, 1.1085, 4.0015, 0.5363, 9.0205, 1.1312],
      [0.2457, 0.0451, 0, 0.4334, 0.0405, 0.2524, 0.1027, 0, 0.1436, 0.5284, 0.3577, 0.244, 0.6486, 0.8139, 0.5548, 0.0747, 0.0547, 0.1745, 0.5787, 0.4571, 0.4176, 0.2455, 0.3422, 1.3757, 0.0919, 0.1551, 0.0613, 0.9229, 0.2672, 0.3361, 0.266, 0.8086, 0, 0.2134, 0.3546, 0.0723, 0.883, 0.0639],
      [2.3527, 0.9856, 0.5575, 12.4403, 0.5515, 4.359, 1.8628, 0, 4.7054, 9.7627, 6.2895, 6.7487, 10.2079, 14.5909, 8.0714, 4.4402, 2.8018, 4.5026, 9.593, 9.8565, 9.491, 5.5191, 7.2945, 23.6794, 1.0202, 2.0845, 0.8198, 18.1512, 7.8408, 11.6936, 4.5691, 15.0949, 0, 2.2842, 10.0254, 2.4591, 18.6873, 2.7238],
      [0.202, 0.085, 0.0366, 1.5665, 0.0692, 0.8268, 0.1386, 0, 0.4265, 2.5251, 1.2805, 0.5002, 2.1435, 3.0002, 1.9808, 0.3918, 0.6039, 0.5055, 2.3342, 1.5806, 1.3186, 0.788, 0.8816, 3.2143, 0.1834, 0.3865, 0.0867, 1.945, 0.5203, 1.5838, 0.8735, 2.5923, 0, 0.864, 1.4462, 0.3045, 2.5322, 0.2328],
      [1.4159, 0.5974, 0.2806, 7.3037, 0.4036, 2.5609, 1.0044, 0, 2.2845, 6.0422, 3.7446, 2.9701, 8.2409, 10.0574, 6.3571, 2.1084, 1.276, 2.4252, 6.891, 4.952, 4.6032, 2.6344, 4.9053, 12.0604, 0.4295, 1.136, 0.3838, 7.932, 2.391, 5.8806, 2.8523, 7.3344, 0, 2.9785, 6.1349, 1.3305, 8.2095, 1.7277],
      [4.0566, 0.6018, 0.9419, 25.9825, 1.2292, 8.6919, 4.0663, 0, 5.534, 19.3054, 11.4668, 10.5875, 21.5565, 25.6581, 19.388, 6.5006, 5.5861, 7.0567, 18.4994, 16.567, 13.3944, 9.1217, 14.4091, 34.6578, 2.2373, 5.3017, 1.3872, 30.9129, 11.8009, 19.4135, 7.8018, 22.3789, 0, 6.5025, 19.1865, 3.7434, 26.9716, 5.1449],
      [6.7198, 0, 0, 21.9924, 1.388, 5.9094, 2.9897, 0, 10.115, 16.104, 16.0269, 15.3854, 22.1888, 43.5081, 19.8032, 5.379, 8.8013, 4.4543, 24.4433, 20.6657, 19.2153, 10.3567, 14.8114, 33.0311, 0.8711, 3.458, 1.8203, 38.1752, 14.0934, 42.7952, 5.6186, 26.2437, 0, 18.0489, 18.8509, 6.5538, 45.6958, 1.9758]
    ]
  ],
  "V_est": [
    [875.894, 81.9655, 174.0313, 7.9392, 29.8861, 1806.1555, 1.1284],
    [38.0127, 0.5954, 1927.4404, 0.5403, 1.1918, 29.5848, 39.6346],
    [25.3961, 457.1291, 160.7407, 1218.9754, 6810.1483, 1444.3656, 312.2449],
    [240.0868, 92.6221, 248.782, 326.2095, 336.7, 6008.494, 153.1055],
    [9.2431, 3.3339, 162.2639, 2170.1863, 762.7633, 1797.1465, 68.0629],
    [83.036, 1195.7264, 187.6239, 217.1979, 77.4705, 1194.6113, 35.334],
    [101.3312, 12.6276, 258.1178, 39.9514, 143.8401, 447.6423, 547.4896]
  ],
  "p_est": [
    [0.2942, 0.0275, 0.0585, 0.0027, 0.01, 0.6067, 0.0004],
    [0.0187, 0.0003, 0.9462, 0.0003, 0.0006, 0.0145, 0.0195],
    [0.0024, 0.0438, 0.0154, 0.1169, 0.653, 0.1385, 0.0299],
    [0.0324, 0.0125, 0.0336, 0.044, 0.0455, 0.8113, 0.0207],
    [0.0019, 0.0007, 0.0326, 0.4364, 0.1534, 0.3614, 0.0137],
    [0.0278, 0.3998, 0.0627, 0.0726, 0.0259, 0.3994, 0.0118],
    [0.0653, 0.0081, 0.1664, 0.0258, 0.0927, 0.2886, 0.353]
  ],
  "EI_Z": {},
  "EI_V": 11.4769,
  "MAE_Z": {},
  "MAE_V": 151.6076,
  "MAE_p": 0.0386,
  "runtime": 0.007
}
