{
  "Z_true": {},
  "V_true": [
    [658, 60, 902, 469, 64],
    [1046, 169, 7889, 5016, 431],
    [110, 6749, 105, 8402, 580],
    [8, 20, 12, 2006, 5],
    [55, 331, 234, 951, 668]
  ],
  "p_true": [
    [0.3056, 0.0279, 0.419, 0.2178, 0.0297],
    [0.0719, 0.0116, 0.5422, 0.3447, 0.0296],
    [0.0069, 0.4232, 0.0066, 0.5269, 0.0364],
    [0.0039, 0.0098, 0.0059, 0.9781, 0.0024],
    [0.0246, 0.1478, 0.1045, 0.4247, 0.2983]
  ],
  "Z_est": [
    [
      [7.009, 37.8041, 30.1658, 34.6211, 40.6724, 13.4891, 1.8769, 10.8351, 1.8769, 4.355, 49.0979, 12.7458, 65.5164, 51.307, 30.485, 1.4889, 43.1213, 24.3991, 82.8407, 20.074, 37.4848, 2.4147, 8.4459, 40.3532, 30.5807, 39.9245, 14.6565, 23.8955, 199.459, 40.9871, 6.9042, 19.121, 4.355, 3.7537, 3.2195, 7.244, 14.1275, 9.3438, 16.0337, 20.927, 23.6857, 36.6413, 2.9732, 97.0962, 1.8769, 149.7084, 51.0788],
      [0.6601, 3.4325, 3.1685, 3.3005, 3.7626, 1.3862, 0.264, 1.1882, 0.4832, 0.4621, 4.0266, 1.3202, 5.7429, 5.6109, 3.2345, 0.132, 4.3567, 2.7724, 8.1853, 2.0463, 3.3665, 0.198, 1.3862, 3.6966, 2.6404, 3.4325, 1.4522, 2.3104, 19.9351, 3.5646, 0.7261, 2.1123, 0.4621, 0.5281, 0.264, 0.5941, 1.5182, 0.7921, 1.3862, 1.7163, 2.4424, 3.6306, 0.264, 10.9577, 0.4621, 12.2779, 4.6867],
      [1.2922, 6.7213, 6.1389, 6.3724, 7.552, 2.7007, 0.8883, 2.3666, 1.5148, 0.9073, 7.7136, 2.6093, 11.4443, 11.1517, 6.4296, 0.2566, 8.535, 5.4609, 16.0474, 4.0169, 6.6179, 0.3794, 4.8085, 7.4468, 5.3811, 6.9271, 2.9628, 4.5495, 38.8788, 7.0388, 1.4113, 4.2421, 0.9018, 1.5376, 0.5058, 1.1381, 2.9545, 1.5534, 2.8262, 3.2877, 4.8116, 7.1727, 0.5769, 21.5909, 3.8146, 23.52, 9.195],
      [1.0387, 4.0421, 8.5268, 5.706, 5.013, 3.424, 0.9708, 3.6102, 0.1252, 1.2756, 0.1619, 3.3247, 4.2964, 16.9304, 8.8508, 0.1225, 9.987, 9.3676, 16.9266, 4.8627, 3.5307, 0.008, 6.3594, 4.5034, 1.3978, 1.7158, 2.9284, 4.2447, 43.7271, 2.4096, 1.9585, 6.5246, 1.2811, 2.1806, 0.0106, 0.0239, 4.3997, 0.3106, 0.7539, 0.069, 6.0603, 7.5555, 0.1858, 36.3552, 0.8465, 0.4936, 6.0395],
      [0, 0, 0, 0, 0, 0, 0, 0, 0, 0, 0, 0, 0, 0, 0, 0, 0, 0, 0, 0, 0, 0, 0, 0, 0, 0, 0, 0, 0, 0, 0, 0, 0, 0, 0, 0, 0, 0, 0, 0, 0, 0, 0, 0, 0, 0, 0]
    ],
    [
      [0.8823, 4.93, 2.3488, 2.6045, 10.4863, 1.6526, 0.0537, 0.748, 0.0537, 0.4713, 26.0599, 1.1816, 17.7097, 1.5294, 3.299, 0.4128, 5.7241, 0.6976, 11.5511, 3.0922, 4.574, 3.1367, 0.2415, 9.7096, 8.3857, 11.1143, 1.5172, 4.4396, 20.8451, 11.5952, 0.8179, 0.5634, 0.4189, 0.1073, 2.4386, 3.9033, 1.3166, 2.9065, 4.5215, 7.7462, 3.3415, 6.4476, 0.8878, 3.2907, 0.0537, 54.0105, 7.4651],
      [0.5593, 3.1322, 1.2305, 1.2429, 9.0733, 0, 0.2896, 3.5743, 0.1243, 0.5096, 0, 0, 2.5807, 19.0366, 5.5062, 0.2724, 3.7785, 4.8004, 7.6937, 4.2159, 2.8214, 1.9191, 2.7736, 7.2338, 0, 4.4615, 0, 0, 12.5038, 8.0112, 2.354, 0, 0.2486, 0, 2.5245, 1.5201, 1.4542, 0.6297, 0, 4.5587, 3.2813, 4.574, 2.0731, 21.4324, 0, 26.7547, 4.9468],
      [26.755, 145.0011, 63.2051, 47.0383, 361.8617, 44.2977, 62.8513, 88.2179, 6.1293, 22.6658, 368.5348, 80.4375, 449.5059, 405.4399, 242.9544, 3.4837, 181.8711, 109.4334, 360.9504, 100.012, 150.2491, 40.9361, 69.3958, 349.8927, 332.6049, 359.6085, 184.2003, 125.1207, 635.4503, 211.04, 20.3421, 197.0107, 14.1436, 27.8698, 24.5792, 46.7932, 46.3637, 35.4154, 174.5701, 172.3476, 137.6588, 214.2913, 66.3526, 591.2469, 27.13, 722.5102, 221.9916],
      [14.2009, 84.625, 25.7026, 40.7056, 300.8775, 25.0653, 12.7098, 47.3849, 2.8811, 13.2909, 188.1283, 64.7154, 266.9238, 248.7988, 166.203, 2.612, 91.0498, 54.396, 197.9607, 65.3948, 56.0231, 13.4049, 25.7202, 177.7428, 250.4448, 212.2316, 176.5595, 82.1462, 272.9252, 92.3415, 20.3012, 210.1967, 3.828, 9.7604, 5.2442, 50.2961, 60.0491, 35.2611, 83.0637, 95.7762, 102.7005, 118.7505, 29.8944, 322.0259, 5.4771, 293.9197, 140.3743],
      [2.6025, 14.3118, 6.5129, 8.4086, 47.7011, 1.9845, 4.0956, 10.0748, 0.8116, 4.0625, 38.277, 6.6656, 32.2799, 42.1953, 25.0374, 1.2191, 21.5765, 10.6726, 40.8441, 14.2851, 13.3325, 7.6033, 5.869, 37.4212, 25.5646, 32.5841, 16.723, 4.2935, 64.2757, 19.0121, 3.1848, 22.2292, 1.3608, 0.2624, 2.2136, 4.4873, 7.8164, 0.7873, 15.8446, 18.5713, 17.0178, 23.9366, 7.7921, 62.0041, 3.3392, 91.8049, 23.2221]
    ],
    [
      [1.055, 6.9674, 2.2764, 6.5116, 1.5247, 0.7628, 0.0575, 0.3452, 0.0575, 0.1438, 5.3585, 0.9831, 5.2425, 3.8232, 1.0069, 0.0887, 2.844, 0.748, 6.999, 0.6905, 7.6426, 0.4128, 0.2589, 2.6207, 2.7828, 3.6327, 1.7188, 1.4858, 21.2448, 3.0833, 0.2302, 1.1901, 0.1962, 0.1151, 0.306, 0.7811, 0.4603, 0.672, 1.3134, 2.1417, 0.8055, 1.6424, 0.1151, 2.992, 0.0575, 10.991, 8.056],
      [19.2258, 123.5224, 48.4914, 62.1388, 501.3965, 23.1283, 13.6835, 156.7118, 5.1844, 24.988, 195.2461, 45.946, 257.0475, 299.2091, 187.7917, 3.3875, 254.7036, 146.7627, 478.3534, 152.6572, 114.0379, 24.2587, 60.7999, 296.7181, 139.9791, 197.6271, 101.1785, 55.3026, 481.5854, 146.5114, 44.365, 139.7265, 11.0119, 9.0558, 14.934, 42.5681, 92.4324, 28.8846, 54.6719, 123.0783, 200.878, 167.1488, 68.4435, 539.9473, 11.2605, 478.5934, 203.1068],
      [1.7122, 5.0137, 5.1551, 0.0404, 0.2791, 1.7614, 0.9241, 6.7335, 2.5893, 0.018, 12.7973, 3.2101, 15.6531, 17.2441, 2.0265, 0.1805, 12.8154, 9.3381, 17.6624, 0.0786, 24.8868, 1.4018, 10.3069, 35.4744, 9.2404, 11.9775, 6.9947, 3.6511, 69.798, 8.5658, 0.0165, 8.9596, 2.8304, 1.0675, 0.7803, 2.5237, 0.0374, 1.7285, 6.6569, 7.2654, 0.1078, 12.5408, 9.1643, 31.3532, 2.0573, 27.8228, 2.323],
      [29.2134, 162.3951, 74.6904, 95.6706, 748.0957, 40.8748, 15.6635, 120.5361, 2.6096, 41.2823, 263.1986, 71.1753, 311.9972, 332.2777, 293.7512, 3.1917, 270.8083, 179.9743, 587.2991, 185.2769, 99.007, 26.7572, 50.8729, 297.7032, 194.3308, 237.7784, 154.2604, 76.5285, 459.7918, 165.6708, 55.6233, 189.6085, 17.2358, 10.613, 13.3298, 50.0046, 147.0829, 34.7814, 84.6057, 142.4287, 298.2491, 194.0725, 30.0376, 618.068, 13.5469, 533.3321, 178.646],
      [0.7938, 4.1013, 3.3868, 3.6385, 24.7039, 1.4727, 0.6714, 5.6734, 0.5591, 3.5678, 16.3995, 2.6856, 13.0597, 14.4459, 8.4237, 0.1516, 12.8286, 4.1769, 20.686, 10.2969, 4.4258, 1.1695, 1.7614, 17.4836, 7.6669, 9.9843, 5.8476, 3.0321, 33.5801, 7.1688, 1.7651, 7.5153, 0.7257, 0.1486, 0.6497, 2.1225, 3.987, 0.9335, 5.7521, 6.0859, 7.9596, 11.5955, 4.2395, 24.6396, 1.0777, 23.2606, 8.8682]
    ],
    [
      [0.0103, 0.0571, 0.0399, 0.0502, 0.0605, 0.0183, 0.0023, 0.0137, 0.0023, 0.0057, 0.0924, 0.0171, 0.1016, 0.065, 0.0399, 0, 0.0593, 0.0297, 0.1164, 0.0274, 0.0571, 0.0068, 0.0103, 0.0605, 0.0479, 0.0628, 0.0205, 0.0342, 0.2773, 0.0639, 0.0091, 0.024, 0.0057, 0.0046, 0.0068, 0.0137, 0.0183, 0.0148, 0.0251, 0.0354, 0.032, 0.0514, 0.0046, 0.1187, 0.0023, 0.2465, 0.0765],
      [0, 0, 0, 0, 0, 0, 0, 0, 0, 0, 0, 0, 0, 0, 0, 0, 0, 0, 0, 0, 0, 0, 0, 0, 0, 0, 0, 0, 0, 0, 0, 0, 0, 0, 0, 0, 0, 0, 0, 0, 0, 0, 0, 0, 0, 0, 0],
      [0.0118, 0.0624, 0.0296, 0.0213, 0.1473, 0.0193, 0, 0.0387, 0.013, 0.0095, 0.1548, 0.0343, 0.1895, 0.1725, 0.0999, 0, 0.0809, 0.0494, 0.1571, 0.0415, 0.0722, 0.017, 0.0336, 0.1563, 0.1382, 0.1504, 0.0774, 0.0529, 0.2953, 0.09, 0.0087, 0.0837, 0.0071, 0.0126, 0.0103, 0.0201, 0.0197, 0.0154, 0.073, 0.073, 0.0569, 0.0932, 0.0304, 0.2566, 0.8974, 0.3076, 0.0928],
      [8.9779, 34.8806, 21.9304, 8.9285, 133.7923, 3.9624, 2.9977, 27.9476, 0.9847, 3.9848, 90.7528, 21.9485, 101.7089, 98.7624, 75.8602, 0, 20.8597, 26.921, 72.7265, 19.9312, 37.8707, 6.9762, 12.9562, 81.7832, 77.8139, 83.7868, 52.9021, 23.9129, 93.4274, 40.8461, 1.9822, 85.8923, 2.9872, 4.9828, 5.9829, 29.9662, 24.962, 10.9698, 22.9019, 64.8916, 58.9112, 73.8555, 15.965, 183.6247, 4.1004, 127.4459, 34.8308],
      [0, 0, 0, 0, 0, 0, 0, 0, 0, 0, 0, 0, 0, 0, 0, 0, 0, 0, 0, 0, 0, 0, 0, 0, 0, 0, 0, 0, 0, 0, 0, 0, 0, 0, 0, 0, 0, 0, 0, 0, 0, 0, 0, 0, 0, 0, 0]
    ],
    [
      [0.0435, 0.2415, 0.1691, 0.2126, 0.256, 0.0773, 0.0097, 0.058, 0.0097, 0.0242, 0.3913, 0.0725, 0.43, 0.2754, 0.1691, 0.0097, 0.2512, 0.1256, 0.4928, 0.1159, 0.2415, 0.029, 0.0435, 0.256, 0.2029, 0.2657, 0.087, 0.1449, 1.1739, 0.2705, 0.0386, 0.1014, 0.0242, 0.0193, 0.029, 0.058, 0.0773, 0.0628, 0.1063, 0.1498, 0.1353, 0.2174, 0.0193, 0.5024, 0.0097, 1.0435, 0.3237],
      [0.5548, 2.9128, 1.1097, 1.3177, 7.7676, 0.4855, 0.7629, 1.5258, 0.2081, 1.0403, 6.7273, 1.7338, 7.6289, 7.1434, 3.4677, 0.2081, 4.1612, 1.6645, 7.7676, 2.0806, 2.7741, 0.6242, 1.0403, 7.3515, 6.3805, 5.4789, 4.3693, 1.3871, 7.9757, 2.9128, 0.5548, 4.1612, 0.2774, 0.4161, 0.2774, 1.3177, 1.5951, 0.6935, 1.9419, 4.6467, 3.3983, 4.6467, 2.2193, 13.6626, 0.2774, 11.374, 3.2596],
      [0.2288, 1.2015, 0.4712, 0.5276, 3.1598, 0.2209, 0.3362, 0.6433, 0.7535, 0.3995, 2.7996, 0.7087, 3.2072, 2.9917, 1.4896, 0.0792, 1.6975, 0.7183, 3.1827, 0.851, 1.174, 0.2658, 0.4552, 3.0298, 2.6354, 2.3364, 1.7648, 0.6258, 3.5777, 1.2654, 0.2215, 1.7039, 0.1171, 1.5125, 0.1244, 0.5248, 0.6246, 0.2873, 0.8737, 2.0262, 1.3649, 1.902, 0.8758, 5.5524, 0.1007, 4.8394, 1.3976],
      [5.5692, 29.0572, 10.1497, 11.9893, 71.2215, 4.6735, 7.6582, 13.5212, 1.3994, 10.1664, 63.7584, 17.8361, 77.0737, 68.2307, 31.3347, 2.0738, 39.2952, 15.3412, 74.0871, 17.5344, 27.5686, 4.8538, 10.0913, 71.2675, 66.0127, 52.4874, 45.3496, 14.1678, 65.1286, 26.7321, 5.1349, 40.7779, 2.6678, 3.4631, 2.4325, 13.7092, 15.5063, 7.6772, 16.6749, 47.8345, 33.079, 44.766, 22.9172, 136.9263, 2.0291, 100.8086, 29.1094],
      [1.6037, 8.5869, 4.1003, 4.9528, 29.595, 1.5428, 2.233, 6.2518, 0.6293, 3.3697, 23.3234, 4.6488, 21.6603, 24.3588, 13.5389, 0.6293, 14.5949, 6.1505, 26.4699, 9.418, 8.2418, 3.2272, 3.3697, 24.0952, 16.7685, 18.4316, 11.4294, 3.6744, 37.1442, 10.8191, 2.0502, 13.2555, 0.9135, 0.5889, 1.1367, 3.3903, 5.1966, 1.2792, 8.4033, 12.3428, 11.0225, 15.468, 5.9684, 40.3563, 1.5831, 45.9345, 12.9096]
    ]
  ],
  "V_est": [
    [1470.0733, 142.3394, 286.1509, 254.4364, 0],
    [271.2843, 183.6971, 8369.7616, 4860.0852, 866.1717],
    [124.4349, 6847.681, 414.7658, 8203.9484, 355.1699],
    [2.1398, 0, 4.4747, 2044.3855, 0],
    [9.0676, 155.2825, 66.847, 1481.1444, 526.6584]
  ],
  "p_est": [
    [0.6828, 0.0661, 0.1329, 0.1182, 0],
    [0.0186, 0.0126, 0.5752, 0.334, 0.0595],
    [0.0078, 0.4294, 0.026, 0.5145, 0.0223],
    [0.001, 0, 0.0022, 0.9968, 0],
    [0.004, 0.0694, 0.0299, 0.6615, 0.2352]
  ],
  "EI_Z": {},
  "EI_V": 7.6244,
  "MAE_Z": {},
  "MAE_V": 225.3164,
  "MAE_p": 0.0609,
  "runtime": 1.3646
}
