{
  "Z_true": {},
  "V_true": [
    [21, 863, 288, 365],
    [73, 339, 2763, 154],
    [112, 303, 9907, 136],
    [159, 12418, 1848, 266],
    [794, 472, 1595, 69],
    [58, 278, 484, 206]
  ],
  "p_true": [
    [0.0137, 0.5615, 0.1874, 0.2375],
    [0.0219, 0.1018, 0.83, 0.0463],
    [0.0107, 0.029, 0.9473, 0.013],
    [0.0108, 0.8453, 0.1258, 0.0181],
    [0.271, 0.1611, 0.5444, 0.0235],
    [0.0565, 0.271, 0.4717, 0.2008]
  ],
  "Z_est": [
    [
      [0, 0.0016, 0.0304, 0.0735, 0, 0.069, 0, 0.0343, 0.0198, 0.034, 0.036, 0.0678, 0.0221, 0.0869, 0.049, 0.1406, 0.0193, 0.007, 0.1477, 0.0252, 0.0768, 0.0366, 0.0556, 0.0025, 0.0143, 0.007, 0.0311, 0.0393, 0.0122, 0.0586, 0.0202, 0.0584, 0.0574, 0.0644, 0.0397, 0.0465, 0, 0.062, 0.0576, 0.0186, 0.0406, 0.0808, 0.0597, 0.0613, 0.0493, 0.0102, 0.8262, 0.0976, 0.2456, 0.0128],
      [0, 1.7808, 8.2271, 23.3807, 0.8732, 14.4598, 0, 8.5986, 5.4481, 9.8603, 15.5543, 24.915, 8.026, 24.2786, 23.1094, 78.1232, 9.1964, 0.8745, 26.6533, 18.4031, 20.1992, 8.4843, 12.501, 1.8203, 10.3269, 6.5992, 4.4468, 14.7706, 4.7905, 11.2107, 11.8639, 15.9483, 16.6194, 28.1645, 11.8936, 6.7689, 2.4187, 8.3125, 17.9794, 3.6745, 12.1582, 21.8674, 18.6113, 8.8141, 18.7571, 3.8442, 248.5482, 23.0819, 52.4384, 11.4508],
      [0, 0.3344, 3.3958, 9.3272, 0.1268, 6.8402, 0, 6.2612, 2.3521, 5.3223, 6.5077, 7.6762, 2.5527, 8.8295, 8.7383, 21.9518, 2.6785, 0.1185, 12.1563, 8.0421, 9.5858, 3.4093, 6.2886, 1.6951, 3.1334, 2.7736, 2.2796, 7.1742, 1.4888, 6.299, 3.4707, 6.9545, 9.7604, 12.5158, 5.0062, 3.4252, 0.2975, 5.2924, 7.3203, 2.2411, 5.1798, 8.2585, 7.1202, 4.5334, 7.0316, 0.5839, 94.2873, 8.1622, 17.1438, 5.6473],
      [0, 0.8832, 1.3467, 4.2186, 0, 3.631, 0, 3.1059, 1.18, 2.7835, 2.9019, 3.341, 1.3991, 5.805, 3.1033, 12.7844, 2.1058, 0, 9.0427, 4.5296, 6.1382, 1.0698, 3.1548, 0.4821, 0.5254, 1.6202, 1.2425, 3.0159, 0.7085, 8.4317, 2.6452, 4.0388, 3.5629, 7.2553, 2.0605, 1.7594, 0.2838, 3.3331, 4.6427, 1.0658, 2.6213, 3.7933, 3.2088, 2.5912, 5.1619, 0.5617, 61.3382, 6.6583, 15.1722, 1.889]
    ],
    [
      [0, 0.0022, 0.0108, 0.027, 0, 0.0272, 0.0452, 0.0067, 0.0139, 0.0123, 0.0207, 0.0515, 0.0233, 0.0366, 0.0215, 0.0165, 0.0179, 0.038, 0.0324, 0, 0.0455, 0.0161, 0.0493, 0.0012, 0.0077, 0.0005, 0.0151, 0.0132, 0.0061, 0.0407, 0.0047, 0.0032, 0.022, 0.0129, 0.0186, 0.0173, 0, 0.0252, 0.0236, 0.0137, 0.0172, 0.0232, 0.0392, 0.0146, 0.0266, 0.0039, 0.4202, 0.0684, 0.0748, 0.0011],
      [0.3287, 1.1254, 3.7208, 11.6817, 0.1819, 8.5371, 1.5397, 2.2081, 4.5543, 3.8137, 20.4904, 25.4512, 10.7241, 13.3829, 27.0608, 9.4417, 7.7835, 1.5341, 9.087, 7.3051, 16.431, 4.4995, 9.8435, 1.5632, 11.5556, 3.3032, 5.1417, 14.8975, 2.7461, 8.6085, 4.9938, 0.7447, 10.6588, 14.6999, 7.7385, 4.0936, 1.9685, 4.798, 10.1064, 2.9647, 7.1453, 8.0989, 15.9861, 5.9118, 15.9975, 1.9203, 185.4858, 27.1575, 56.1989, 19.1838],
      [0.6713, 2.0696, 14.2833, 43.1764, 0.8181, 39.1652, 1.4151, 13.505, 21.9687, 17.564, 84.9852, 73.6901, 32.7532, 45.145, 98.2629, 41.6786, 25.5452, 2.4279, 45.388, 30.8299, 72.3771, 16.6701, 49.9959, 6.8962, 28.2016, 13.5446, 24.7898, 69.8051, 7.6255, 44.1048, 14.3923, 5.5419, 58.056, 60.8113, 30.2532, 18.3791, 2.6515, 28.4309, 38.1063, 17.7614, 27.5633, 29.9063, 57.026, 28.5773, 56.6981, 2.674, 650.4256, 89.5318, 171.1112, 88.9298],
      [0, 0.8029, 0.985, 3.1149, 0, 3.2705, 0, 1.2802, 1.463, 1.61, 5.5037, 4.8072, 2.4994, 4.4355, 5.6548, 3.8632, 2.6534, 0, 5.4926, 2.865, 7.1463, 0.8143, 4.1113, 0.5394, 0.2352, 1.1518, 2.0534, 4.2842, 0.6224, 9.2461, 1.6092, 0.7101, 3.2633, 5.4759, 1.9897, 1.51, 0.38, 2.746, 3.7636, 1.2602, 2.2743, 1.9716, 3.9487, 2.4963, 6.2778, 0.4018, 65.6684, 11.2422, 23.6151, 5.8853]
    ],
    [
      [0, 0.4494, 5.3762, 7.4249, 0.393, 8.9534, 0.157, 4.4047, 4.3982, 6.9019, 2.8713, 5.6108, 1.9537, 2.8057, 3.4853, 7.6449, 6.9264, 0.0512, 11.4277, 1.1415, 7.6545, 1.7871, 1.98, 0.0731, 0.8723, 0.5381, 2.8933, 4.2382, 1.9496, 3.9692, 1.4949, 1.9257, 3.3106, 3.7707, 4.7408, 3.4402, 0, 4.0211, 4.7871, 3.6413, 6.8864, 3.6089, 6.8067, 3.8113, 5.4762, 0.4243, 59.8826, 12.3041, 23.4884, 0.4055],
      [0.0363, 0.2977, 2.7472, 5.9191, 0.1282, 4.0243, 0.2223, 2.2381, 2.4384, 3.0946, 4.6552, 5.0704, 1.9599, 1.5182, 5.2628, 13.0372, 4.8761, 0.1183, 6.5722, 4.7664, 4.5375, 0.9241, 2.1455, 0.4269, 2.0424, 1.1552, 0.9357, 4.1312, 1.6965, 2.2634, 1.9714, 2.993, 2.3861, 4.4215, 3.3461, 1.2395, 0.2681, 1.142, 3.619, 1.3883, 4.5265, 2.2689, 5.1706, 1.2041, 4.6166, 0.5252, 41.6598, 7.2625, 13.6181, 4.7067],
      [1.9637, 7.2923, 143.4004, 281.3217, 2.4788, 247.4312, 2.6206, 198.271, 166.1205, 218.2084, 185.0739, 209.297, 76.8778, 93.2115, 200.2265, 359.502, 217.9972, 1.8306, 303.9965, 171.257, 309.3019, 54.3204, 73.6755, 10.1547, 59.8373, 69.8686, 69.9046, 273.411, 68.209, 132.9701, 83.9456, 62.6564, 181.5289, 247.4403, 186.4222, 79.7638, 5.4162, 110.6774, 198.2075, 123.6105, 253.9701, 123.1106, 264.2409, 90.8853, 255.311, 9.4931, 2211.2065, 334.9101, 536.8242, 96.8263],
      [0, 0.9606, 3.4762, 7.3344, 0, 7.591, 0, 6.0863, 4.043, 6.7951, 4.3996, 5.0218, 2.2086, 3.4646, 4.0254, 11.8158, 8.2003, 0, 13.0036, 5.8352, 11.5061, 0.9684, 2.1989, 0.3453, 0.248, 2.438, 2.2664, 6.2196, 2.1449, 8.7973, 3.5882, 2.4249, 3.7743, 8.3674, 4.4908, 2.5565, 0.3157, 4.1595, 7.3863, 3.36, 7.617, 3.0115, 6.7818, 3.0993, 10.5962, 0.5574, 83.2512, 15.5233, 27.0694, 2.0615]
    ],
    [
      [0, 0, 0.0533, 0.1508, 0.0244, 0.0812, 0.0039, 0.0686, 0.1509, 0.0425, 0.0413, 0.3259, 0.2042, 0.2141, 0.0338, 0.0851, 0.126, 0.0577, 0.1368, 0.0213, 0.2057, 0.1557, 0.1854, 0.0012, 0.0118, 0.0032, 0.0289, 0.0393, 0.0733, 0.0359, 0.0079, 0.1751, 0.0487, 0.0423, 0.1386, 0.0309, 0, 0.0767, 0.1074, 0.1029, 0.0728, 0.1965, 0.1866, 0.0274, 0.0605, 0.0269, 1.4237, 0.0932, 0.1637, 0.0083],
      [7.635, 9.3841, 114.4442, 225.5547, 0.7418, 261.2357, 10.8637, 77.6622, 134.8509, 71.45, 382.195, 505.7012, 225.7876, 264.697, 317.1637, 854.7716, 188.9019, 8.6811, 483.2445, 299.5044, 315.7508, 109.4426, 123.4324, 10.5873, 178.616, 47.6018, 82.4471, 304.7367, 55.7173, 148.1164, 93.2042, 193.4567, 197.2908, 377.6641, 171.0279, 99.2295, 11.352, 81.6616, 178.982, 69.05, 117.5509, 196.8823, 281.5865, 79.9736, 326.9062, 70.0669, 3122.9115, 298.7571, 695.5195, 146.312],
      [0.365, 0.5751, 17.9749, 35.2563, 0.2339, 49.861, 0.1325, 21.5022, 27.2253, 12.9765, 66.0844, 62.6713, 28.9395, 38.2551, 48.2155, 96.4513, 25.7778, 0.2611, 87.6025, 50.3121, 59.474, 17.1177, 24.4206, 2.2359, 20.2957, 7.9827, 16.7842, 61.717, 5.9001, 33.6079, 11.1031, 25.9603, 45.6388, 66.5622, 28.0655, 18.9054, 0.4195, 20.3292, 28.6, 17.2763, 17.6944, 31.0557, 43.0211, 16.277, 49.6554, 3.377, 472.0858, 42.046, 91.8225, 30.1015],
      [0, 0.0408, 0.5275, 1.0382, 0, 1.822, 0, 0.767, 0.7729, 0.531, 1.6792, 1.3016, 1.0687, 1.8339, 0.587, 3.692, 1.1943, 0, 4.0162, 2.1622, 2.5694, 0.2841, 0.9616, 0.1756, 0.0765, 0.4123, 0.7397, 1.507, 0.3093, 1.2398, 0.6847, 1.408, 1.0218, 2.7314, 0.768, 0.8343, 0.2285, 0.9325, 1.3106, 0.5708, 0.6819, 0.8654, 1.2059, 0.7219, 2.378, 0.5292, 19.5789, 2.1037, 4.4943, 0.5783]
    ],
    [
      [0, 2.4677, 15.2048, 36.2297, 0.8864, 35.9923, 1.7939, 11.0167, 10.9069, 20.1457, 8.7094, 17.98, 6.4626, 17.271, 10.5187, 32.2844, 22.1428, 0.6911, 47.3591, 10.6542, 28.083, 7.8088, 4.1548, 0.7093, 4.7168, 2.3878, 15.3529, 16.1921, 5.8165, 9.2622, 5.2105, 11.7237, 11.1711, 15.6354, 18.5637, 6.0065, 0, 16.1758, 19.6235, 11.8276, 16.2788, 14.5662, 31.0159, 15.3562, 17.5789, 7.4455, 189.7515, 23.76, 70.5579, 2.1621],
      [0, 0.2786, 2.6655, 8.0527, 0.0133, 5.1435, 0.3743, 1.8605, 2.1286, 3.0915, 2.7586, 5.2704, 1.84, 4.1777, 3.8798, 13.8, 5.2078, 0.3704, 7.1378, 4.8513, 6.0491, 1.4936, 0.3726, 0.4534, 2.9834, 1.2041, 1.6387, 4.8476, 1.8036, 1.2529, 2.3296, 2.7951, 2.6193, 5.3487, 4.354, 0.3292, 0.6906, 1.7131, 4.8937, 1.6188, 3.7521, 3.2021, 7.4318, 1.6692, 5.4277, 1.3875, 47.0359, 4.0232, 11.8313, 1.1777],
      [0, 1.2124, 21.977, 73.1512, 0.1003, 53.3835, 0.8318, 27.8808, 22.8058, 35.4431, 28.335, 36.4987, 13.5843, 31.2139, 31.4183, 82.1371, 38.2329, 0.9385, 67.6734, 47.024, 62.2, 12.6343, 7.4052, 3.7746, 16.2801, 11.2966, 18.818, 52.6171, 11.2764, 17.1475, 15.271, 20.2504, 33.0128, 50.523, 39.8044, 6.5996, 2.2645, 23.8438, 44.002, 22.3758, 33.682, 27.0415, 65.0662, 18.7799, 44.4629, 8.0137, 385.0426, 33.7581, 83.4091, 11.5839],
      [0, 0.0413, 0.1527, 0.5664, 0, 0.4807, 0, 0.242, 0.1586, 0.3196, 0.1969, 0.2509, 0.1131, 0.3374, 0.1832, 0.7785, 0.4166, 0, 0.8297, 0.4705, 0.6679, 0.0633, 0.0674, 0.0626, 0.0198, 0.1115, 0.1904, 0.3433, 0.1035, 0.3374, 0.1889, 0.2308, 0.1968, 0.4929, 0.2779, 0.0648, 0.0449, 0.2673, 0.4808, 0.1777, 0.287, 0.1902, 0.4861, 0.1948, 0.5305, 0.1533, 4.17, 0.4587, 1.2017, 0.0763]
    ],
    [
      [0, 0.0791, 0.3245, 1.094, 0.6963, 0.8769, 0, 0.469, 0.5103, 0.8637, 0.3212, 0.964, 0.334, 0.5858, 0.8917, 0.8284, 0.7677, 0.155, 0.8962, 0.1577, 0.9345, 0.1956, 0.575, 0.2127, 0.3771, 0.0634, 0.6787, 0.478, 0.1423, 0.6334, 0.2617, 0.1139, 0.3902, 0.4743, 0.4986, 0.4586, 0, 0.6392, 0.4008, 0.3959, 0.7041, 0.5243, 0.8918, 0.7291, 0.8084, 0.0891, 7.6958, 1.6767, 4.4696, 0.4102],
      [0, 0.1335, 0.1952, 1.4112, 0.0617, 0.5995, 0, 0.4326, 0.5798, 0.6899, 0.3464, 1.5917, 0.6624, 0.9457, 1.5234, 1.8263, 1.0344, 0.4216, 0.3052, 0.1698, 1.0323, 0.1559, 0.7049, 0.149, 0.4757, 0.1365, 0.3899, 0.6164, 0.2461, 0.5481, 0.6371, 0.0622, 0.4256, 0.7013, 0.6399, 0.3394, 0.3021, 0.3728, 0.4194, 0.3037, 0.8669, 0.6804, 1.2138, 0.4272, 1.295, 0.256, 9.3588, 1.7177, 3.3938, 1.169],
      [0, 0.5162, 3.9685, 19.7672, 1.2421, 11.3188, 0, 10.5798, 9.5275, 13.4857, 9.0139, 17.1668, 6.2925, 9.3449, 23.1386, 18.2792, 11.7684, 1.4234, 11.1834, 5.5349, 18.0611, 2.8483, 10.2143, 6.2434, 11.2519, 2.5338, 7.4238, 13.2757, 2.5002, 10.8707, 6.8173, 1.6366, 10.0032, 13.1474, 9.4484, 4.927, 0.9509, 8.4264, 7.7638, 6.7349, 12.9105, 8.6273, 16.5256, 7.9471, 17.841, 0.8583, 134.9521, 21.5917, 45.6892, 18.911],
      [0, 1.2712, 1.5118, 7.7276, 0, 5.2047, 0, 4.5187, 3.3825, 5.9607, 3.3185, 6.2775, 2.7112, 5.1236, 7.4463, 9.0661, 6.4295, 0, 7.6153, 3.1375, 9.9721, 0.8002, 4.5059, 4.395, 1.8952, 1.2662, 3.5076, 4.63, 1.1113, 12.9478, 4.2839, 1.1873, 3.181, 6.677, 3.4131, 2.2749, 0.747, 4.5616, 4.416, 2.5655, 5.5185, 3.1679, 6.3687, 3.8965, 11.0557, 0.7967, 75.9933, 15.0138, 35.4474, 6.5097]
    ]
  ],
  "V_est": [
    [3.1072, 940.1274, 371.5714, 222.194],
    [1.4297, 654.3946, 2446.1807, 226.9951],
    [262.5596, 197.5754, 9666.4786, 331.3865],
    [5.5525, 12630.3039, 1980.2056, 74.938],
    [907.6124, 208.6316, 1796.0791, 17.6769],
    [36.7387, 41.9671, 624.4847, 322.8095]
  ],
  "p_est": [
    [0.002, 0.6117, 0.2418, 0.1446],
    [0.0004, 0.1966, 0.7348, 0.0682],
    [0.0251, 0.0189, 0.9243, 0.0317],
    [0.0004, 0.8597, 0.1348, 0.0051],
    [0.3098, 0.0712, 0.613, 0.006],
    [0.0358, 0.0409, 0.6087, 0.3146]
  ],
  "EI_Z": {},
  "EI_V": 5.3326,
  "MAE_Z": {},
  "MAE_V": 150.9608,
  "MAE_p": 0.053,
  "runtime": 0.516
}
