{
  "X": [
    [4, 24, 99, 6],
    [25, 81, 235, 12],
    [9, 23, 68, 4],
    [12, 32, 125, 5],
    [5, 15, 10, 2],
    [15, 63, 57, 7],
    [6, 77, 145, 3],
    [3, 24, 133, 2],
    [6, 49, 49, 3],
    [7, 28, 78, 5],
    [58, 360, 853, 34],
    [32, 155, 381, 10],
    [37, 96, 165, 11],
    [14, 49, 170, 8],
    [3, 33, 23, 3],
    [116, 436, 819, 31],
    [24, 42, 186, 24],
    [12, 70, 80, 4],
    [10, 23, 81, 7],
    [35, 160, 182, 7],
    [35, 199, 201, 14],
    [9, 19, 77, 8],
    [28, 40, 113, 18],
    [3, 21, 80, 13],
    [16, 57, 203, 8],
    [5, 25, 27, 0],
    [16, 84, 196, 11],
    [72, 276, 250, 18],
    [18, 142, 170, 13],
    [19, 140, 92, 6],
    [71, 314, 417, 24],
    [25, 129, 96, 6],
    [18, 120, 69, 8],
    [63, 279, 419, 23],
    [49, 347, 333, 18],
    [71, 369, 702, 30],
    [36, 264, 263, 14],
    [28, 166, 184, 11],
    [8, 85, 90, 3],
    [35, 149, 382, 8],
    [28, 139, 274, 13],
    [37, 164, 186, 13],
    [38, 159, 124, 5],
    [53, 319, 312, 22],
    [15, 77, 154, 7],
    [60, 387, 653, 35],
    [30, 218, 152, 9],
    [134, 370, 907, 62],
    [64, 186, 456, 30],
    [5, 16, 86, 4],
    [4, 11, 68, 1],
    [3, 51, 154, 2],
    [5, 6, 17, 3],
    [8, 14, 42, 3],
    [8, 25, 71, 11],
    [695, 2834, 5232, 288],
    [99, 386, 493, 46],
    [113, 731, 824, 62],
    [9, 139, 207, 12]
  ],
  "W": [
    [5, 2, 17, 92, 12, 5],
    [16, 25, 41, 220, 41, 10],
    [10, 2, 12, 62, 14, 4],
    [9, 12, 10, 115, 20, 8],
    [1, 3, 9, 6, 8, 5],
    [5, 18, 40, 45, 22, 12],
    [5, 37, 25, 141, 13, 10],
    [4, 7, 13, 125, 5, 8],
    [2, 10, 30, 46, 13, 6],
    [4, 14, 10, 77, 8, 5],
    [43, 81, 198, 848, 88, 47],
    [18, 59, 68, 363, 54, 16],
    [9, 10, 64, 160, 50, 16],
    [20, 10, 23, 162, 20, 6],
    [1, 3, 21, 21, 5, 11],
    [44, 86, 242, 760, 211, 59],
    [31, 21, 15, 173, 29, 7],
    [4, 20, 34, 77, 27, 4],
    [6, 10, 7, 76, 19, 3],
    [13, 15, 113, 168, 54, 21],
    [15, 26, 124, 189, 69, 26],
    [4, 6, 9, 77, 12, 5],
    [9, 11, 22, 115, 32, 10],
    [10, 3, 13, 77, 8, 6],
    [10, 9, 37, 195, 23, 10],
    [3, 5, 17, 23, 4, 5],
    [9, 22, 39, 179, 43, 15],
    [17, 29, 185, 240, 109, 36],
    [11, 23, 102, 149, 33, 25],
    [7, 15, 98, 85, 33, 19],
    [27, 51, 202, 407, 111, 28],
    [11, 21, 87, 81, 45, 11],
    [9, 14, 78, 59, 29, 26],
    [20, 47, 180, 404, 103, 30],
    [37, 46, 253, 308, 83, 20],
    [37, 120, 182, 663, 131, 39],
    [11, 36, 185, 251, 70, 24],
    [16, 29, 95, 170, 49, 30],
    [6, 18, 61, 78, 17, 6],
    [16, 42, 95, 328, 73, 20],
    [19, 32, 81, 255, 51, 16],
    [13, 27, 117, 180, 51, 12],
    [7, 13, 113, 115, 64, 14],
    [24, 37, 218, 295, 100, 32],
    [13, 21, 44, 145, 23, 7],
    [54, 66, 198, 641, 137, 39],
    [19, 22, 166, 137, 47, 18],
    [87, 66, 250, 836, 190, 44],
    [44, 20, 126, 418, 109, 19],
    [7, 5, 7, 79, 7, 6],
    [3, 0, 2, 69, 8, 2],
    [6, 8, 20, 153, 20, 3],
    [1, 2, 4, 16, 6, 2],
    [3, 8, 4, 39, 10, 3],
    [10, 13, 12, 63, 11, 6],
    [403, 529, 1815, 4826, 1126, 350],
    [42, 99, 243, 468, 123, 49],
    [50, 197, 419, 813, 175, 76],
    [11, 70, 56, 193, 23, 14]
  ],
  "method": "mvn_pdf",
  "cond_prob": [
    [
      [0.01383593975, 0.011322132515, 0.60097835922, 0.37386356851],
      [0.0032086525495, 0.58389942186, 0.33805961822, 0.074832307366],
      [0.02357371146, 0.94672175905, 0.02872723905, 0.0009772904374],
      [0.0025755951505, 0.019491257601, 0.95492528487, 0.023007862377],
      [0.2836468041, 0.25784539167, 0.43785222674, 0.020655577487],
      [0.026938225107, 0.43627335161, 0.25438599639, 0.2824024269]
    ],
    [
      [0.046479730439, 0.022223004082, 0.63775126023, 0.29354600525],
      [0.0068704923574, 0.7177423431, 0.23488438239, 0.040502782151],
      [0.041476900919, 0.94137582755, 0.016701741217, 0.00044553030967],
      [0.0080210607759, 0.03565259639, 0.93836386897, 0.017962473861],
      [0.48345857262, 0.26072673526, 0.24664675172, 0.0091679404055],
      [0.062707278988, 0.58661723975, 0.19136619939, 0.15930928187]
    ],
    [
      [0.057743451253, 0.03029614206, 0.66844466778, 0.24351573891],
      [0.0065382047638, 0.78627686819, 0.18264390122, 0.024541025818],
      [0.03621662975, 0.95175875362, 0.011779370436, 0.0002452461983],
      [0.0093295444889, 0.045771300011, 0.93120714015, 0.013692015348],
      [0.5044030049, 0.28964047029, 0.20016571579, 0.0057908090201],
      [0.063496723876, 0.67592925553, 0.15773508749, 0.1028389331]
    ],
    [
      [0.047112076337, 0.022968195388, 0.70460134306, 0.22531838522],
      [0.0066368733441, 0.71889280656, 0.24512772986, 0.02934259023],
      [0.039940616265, 0.94247568845, 0.017263458836, 0.00032023644525],
      [0.0073880414233, 0.033557899652, 0.94658635445, 0.012467704479],
      [0.47899920722, 0.25774337945, 0.25664648113, 0.0066109322003],
      [0.063131270213, 0.60915453807, 0.2074268875, 0.12028730422]
    ],
    [
      [0.038885415354, 0.016817038084, 0.57472203669, 0.36957550987],
      [0.0069986403536, 0.70342967715, 0.24022401355, 0.049347668949],
      [0.042246181829, 0.94105823936, 0.016177503172, 0.00051807564267],
      [0.0069575194842, 0.027560049138, 0.94714101044, 0.01834142094],
      [0.52376688154, 0.22826429849, 0.23793954255, 0.010029277421],
      [0.061860564076, 0.54299840168, 0.18744556834, 0.20769546591]
    ],
    [
      [0.045193707483, 0.018565153725, 0.55932996296, 0.37691117584],
      [0.0077262340999, 0.69943657374, 0.23540169518, 0.057435496981],
      [0.047472884603, 0.93502776502, 0.016863338031, 0.00063601234487],
      [0.0087365731188, 0.0333311076, 0.93332344626, 0.024608873017],
      [0.52105131142, 0.23591945648, 0.23099160908, 0.012037623017],
      [0.066448147249, 0.53614043444, 0.18025152451, 0.21715989381]
    ],
    [
      [0.037028927961, 0.04332895499, 0.72606192967, 0.19358018737],
      [0.0031980381384, 0.82579519458, 0.15537409493, 0.015632672352],
      [0.017331091301, 0.97257962092, 0.0099340919274, 0.00015519585522],
      [0.0055118941814, 0.060089429826, 0.924149934, 0.010248741991],
      [0.32963002018, 0.43015311332, 0.2351165532, 0.0051003133069],
      [0.03271891604, 0.75702880794, 0.14179242627, 0.068459849748]
    ],
    [
      [0.023781324161, 0.015730888147, 0.81271422825, 0.14777355944],
      [0.0041902547371, 0.61949670704, 0.35196304101, 0.024349997213],
      [0.029095450966, 0.94220098065, 0.02839814771, 0.00030542067442],
      [0.0033148125422, 0.02040963948, 0.96893430463, 0.0073412433488],
      [0.34504783195, 0.24324190752, 0.40567549369, 0.0060347668445],
      [0.041537964818, 0.54541341223, 0.30920693029, 0.10384169266]
    ],
    [
      [0.035129240432, 0.034147106676, 0.6125527682, 0.31817088469],
      [0.0037248716484, 0.81152355294, 0.15609919717, 0.028652378247],
      [0.020397409895, 0.96933214801, 0.0099869212091, 0.00028352088128],
      [0.0061029186808, 0.055111020033, 0.92072638887, 0.01805967242],
      [0.36900615312, 0.39716992428, 0.22501745261, 0.008806469983],
      [0.0362621113, 0.70491582653, 0.1357835646, 0.12303849757]
    ],
    [
      [0.063368237342, 0.023738358658, 0.56134710587, 0.35154629813],
      [0.0088636183482, 0.75363866679, 0.19402191845, 0.043475796409],
      [0.050736389139, 0.93592863371, 0.012889483625, 0.00044549352501],
      [0.011987850935, 0.042125374908, 0.92343373104, 0.022453043121],
      [0.59367680213, 0.22625756892, 0.17182868119, 0.0082369477567],
      [0.079839958782, 0.59582018878, 0.15407020064, 0.17026965181]
    ],
    [
      [0.050911805096, 0.033262826568, 0.6441510908, 0.27167427753],
      [0.0055842119205, 0.78864913146, 0.17735374935, 0.028412907266],
      [0.031247955489, 0.95670520779, 0.011755135463, 0.00029170125668],
      [0.0085840791996, 0.052080145662, 0.92281655909, 0.016519216049],
      [0.4452430267, 0.33253588208, 0.21478388123, 0.0074372099869],
      [0.05343306093, 0.67852142854, 0.15171697207, 0.11632853846]
    ],
    [
      [0.051815566144, 0.031272748197, 0.70848957395, 0.20842211171],
      [0.0058760062212, 0.77070124157, 0.20100813182, 0.022414620397],
      [0.033487379964, 0.95273803671, 0.013540616922, 0.00023396640122],
      [0.0080371067753, 0.045084585952, 0.93525983393, 0.011618473346],
      [0.45191770016, 0.30974534969, 0.2327315395, 0.0056054106546],
      [0.057264825315, 0.6742877304, 0.17493516335, 0.093512280937]
    ],
    [
      [0.071651035533, 0.024967039774, 0.54920799106, 0.35417393364],
      [0.009919580828, 0.75591303766, 0.18902737826, 0.045140003246],
      [0.056263387783, 0.93064741614, 0.012623334848, 0.00046586122675],
      [0.013986948435, 0.045306780883, 0.91652036574, 0.024185904937],
      [0.59113586538, 0.23226132186, 0.16797221439, 0.0086305983724],
      [0.087031966207, 0.59354838796, 0.14804969316, 0.17136995267]
    ],
    [
      [0.059696674904, 0.033237850799, 0.66650862977, 0.24055684452],
      [0.0064031538262, 0.79240621909, 0.1771865391, 0.024004087984],
      [0.035422011265, 0.95280712939, 0.011528941476, 0.00024191786414],
      [0.0096938540657, 0.050353154672, 0.92603229965, 0.013920691609],
      [0.49113142622, 0.30446482179, 0.19859394547, 0.0058098065259],
      [0.062072367457, 0.6852547839, 0.15297336645, 0.099699482195]
    ],
    [
      [0.032078754143, 0.030549987999, 0.56674872677, 0.37062253109],
      [0.003726183413, 0.80672619195, 0.15390478161, 0.035642843033],
      [0.020480345523, 0.96940530904, 0.0097624846416, 0.00035186079281],
      [0.005837855638, 0.051505334335, 0.92132161399, 0.021335196034],
      [0.38436332829, 0.38529837698, 0.21963041895, 0.010707875783],
      [0.035512441163, 0.68236529158, 0.13061996151, 0.15150230575]
    ],
    [
      [0.050272346737, 0.029940189367, 0.67703078922, 0.24275667468],
      [0.0059539985548, 0.76531137824, 0.20129148861, 0.027443134597],
      [0.034156912776, 0.95187297883, 0.013681163478, 0.00028894491484],
      [0.0081542083091, 0.045074934484, 0.93256367131, 0.014207185899],
      [0.45166727263, 0.30854060592, 0.23292841617, 0.0068637052876],
      [0.056945067228, 0.65854514946, 0.17217941253, 0.11233037078]
    ],
    [
      [0.05633824595, 0.01481618043, 0.45547112113, 0.47337445249],
      [0.011512701528, 0.66639063398, 0.23240556704, 0.089691097459],
      [0.072284637696, 0.90956025187, 0.017134009206, 0.0010211012275],
      [0.013234569347, 0.032421407666, 0.91514809463, 0.039195928361],
      [0.62091180959, 0.18082953657, 0.18303683875, 0.015221815092],
      [0.088381928286, 0.45526708825, 0.15895757556, 0.2973934079]
    ],
    [
      [0.044893523848, 0.045145666641, 0.60451160127, 0.30544920824],
      [0.0038047415597, 0.8478310553, 0.1254764931, 0.022887710045],
      [0.020066287736, 0.97191491344, 0.0077988145136, 0.00021998431313],
      [0.0078065256971, 0.073015590514, 0.90116888812, 0.01800899567],
      [0.3780579868, 0.42931028001, 0.18536766114, 0.0072640720555],
      [0.037721315947, 0.75252324504, 0.11120645292, 0.098548986084]
    ],
    [
      [0.031107889598, 0.016598549656, 0.48547642726, 0.46681713349],
      [0.0058347359654, 0.69639411385, 0.22300926538, 0.074761884801],
      [0.036257131783, 0.94677316002, 0.016139994398, 0.000829713795],
      [0.0068964449636, 0.03421061568, 0.92507870814, 0.033814231212],
      [0.45921097188, 0.26946141657, 0.2532235507, 0.018104060854],
      [0.04825411591, 0.51075000167, 0.16473549553, 0.2762603869]
    ],
    [
      [0.064651289524, 0.035307818294, 0.68062564183, 0.21941525035],
      [0.0066916971287, 0.79704563563, 0.17496365078, 0.02129901647],
      [0.036820642442, 0.95160558531, 0.011359394429, 0.00021437781723],
      [0.010302384619, 0.052296737296, 0.92492558276, 0.012475295327],
      [0.49396643551, 0.30657418125, 0.19435440652, 0.0051049767218],
      [0.064989896224, 0.69455066549, 0.15175354012, 0.08870589816]
    ],
    [
      [0.046912142362, 0.038930054834, 0.58366242353, 0.33049537928],
      [0.0045662663927, 0.8239192887, 0.14147839681, 0.030036048103],
      [0.024675632957, 0.96598722903, 0.0090400417147, 0.00029709630267],
      [0.0085313045672, 0.065740629254, 0.90442912928, 0.021298936902],
      [0.41007323048, 0.38865571229, 0.19246032302, 0.0088107342153],
      [0.043841038991, 0.71061805646, 0.12147821072, 0.12406269383]
    ],
    [
      [0.034689470765, 0.011019472082, 0.35438002087, 0.59991103628],
      [0.0089367616668, 0.63890174065, 0.2245137754, 0.12764772229],
      [0.05904657997, 0.922328408, 0.017138924799, 0.0014860872279],
      [0.010204520626, 0.030175541746, 0.90409082964, 0.055529107986],
      [0.58243157999, 0.19332847475, 0.20012619733, 0.024113747931],
      [0.062570085198, 0.39244269008, 0.13973029787, 0.40525692685]
    ],
    [
      [0.045460356374, 0.0088630928262, 0.23219986876, 0.71347668204],
      [0.014214804677, 0.61014379191, 0.18089920187, 0.19474220154],
      [0.09523027333, 0.88825264372, 0.014179397017, 0.0023376859285],
      [0.019236441409, 0.034872966544, 0.8460208618, 0.099869730247],
      [0.69421555635, 0.14854047101, 0.12785712451, 0.02938684813],
      [0.083142548368, 0.31669038597, 0.094377232626, 0.50578983303]
    ],
    [
      [0.0093077265336, 0.007912714198, 0.30380791083, 0.67897164844],
      [0.0030138164352, 0.57398356727, 0.23906614786, 0.18393646844],
      [0.02264529179, 0.9540994421, 0.020805469742, 0.0024497963633],
      [0.0032050994559, 0.02517283969, 0.8966735038, 0.074948557059],
      [0.30701096409, 0.28558750868, 0.35011855179, 0.057282975443],
      [0.018975111664, 0.31940210874, 0.13538559629, 0.52623718331]
    ],
    [
      [0.045840705463, 0.019379540477, 0.67241941419, 0.26236033987],
      [0.0073700821576, 0.68501996588, 0.26845074786, 0.03915920411],
      [0.046182025687, 0.93364226395, 0.019730475058, 0.00044523530936],
      [0.0075596356227, 0.029742735013, 0.94740255159, 0.015295077776],
      [0.49462980334, 0.23260248331, 0.26445988991, 0.0083078234387],
      [0.067408038541, 0.55929348791, 0.21874772448, 0.15455074907]
    ],
    [
      [0.105061627, 0.03009073623, 0.77513845449, 0.089709182277],
      [0.011449041651, 0.78306289975, 0.19617385232, 0.0093142062842],
      [0.06260189102, 0.92516993843, 0.012136659868, 9.1510685784e-05],
      [0.014346155253, 0.03927214331, 0.94174021547, 0.0046414859626],
      [0.68093891552, 0.1810718251, 0.13658255702, 0.0014067023546],
      [0.11477164484, 0.67788441761, 0.1694484411, 0.037895496448]
    ],
    [
      [0.024622675275, 0.022261159896, 0.63139947267, 0.32171669215],
      [0.0036498544975, 0.71978271833, 0.23244876813, 0.044118659039],
      [0.022381265649, 0.96033050955, 0.016795147075, 0.00049307772592],
      [0.0043024163565, 0.036090211583, 0.93988056868, 0.019726803377],
      [0.33017351956, 0.33970601187, 0.31716841445, 0.012952054121],
      [0.033745204871, 0.59725840872, 0.19221660973, 0.17677977668]
    ],
    [
      [0.072627892864, 0.037905208676, 0.55186510081, 0.33760179765],
      [0.0072722676243, 0.82285313024, 0.13810453238, 0.031770069758],
      [0.038814363172, 0.95215276261, 0.0087222846563, 0.00031058955922],
      [0.01384875286, 0.067114556356, 0.89611763435, 0.022919056439],
      [0.52669092534, 0.31407578802, 0.15170284888, 0.0075304377635],
      [0.067840125819, 0.68969430898, 0.1151835317, 0.1272820335]
    ],
    [
      [0.029450008768, 0.01993199087, 0.63046827861, 0.32014972176],
      [0.0047272512459, 0.69619544539, 0.25128514235, 0.047792161019],
      [0.029719460144, 0.95114924182, 0.018583910138, 0.00054738790083],
      [0.0051603474951, 0.032415142448, 0.94263917018, 0.019785339881],
      [0.38498364585, 0.2950247681, 0.30741029398, 0.012581292069],
      [0.042855328799, 0.56619868291, 0.20355474154, 0.18739124675]
    ],
    [
      [0.054981452139, 0.043711942823, 0.61844754589, 0.28285905915],
      [0.0048150859957, 0.83905127181, 0.13338946517, 0.022744177029],
      [0.025541955214, 0.96589442468, 0.0083431514404, 0.00022046866765],
      [0.0093874255014, 0.069371071222, 0.90433433103, 0.016907172248],
      [0.4290781643, 0.38635144248, 0.17803742976, 0.0065329634635],
      [0.047317443821, 0.73930140483, 0.11710679186, 0.096274359491]
    ],
    [
      [0.062579020866, 0.03541372816, 0.57860932631, 0.32339792467],
      [0.0065980496681, 0.80843282716, 0.15274150264, 0.032227620535],
      [0.03590992547, 0.95392813371, 0.0098405058923, 0.00032143493104],
      [0.011528571414, 0.060585150644, 0.90655585876, 0.021330419186],
      [0.49641399734, 0.32116921377, 0.17446671394, 0.0079500749433],
      [0.061815081422, 0.68073694554, 0.12795039528, 0.12949757776]
    ],
    [
      [0.055283049427, 0.03764494274, 0.65052773628, 0.25654427155],
      [0.0054495160308, 0.81301380797, 0.15825132501, 0.023285350984],
      [0.029633994465, 0.95999337128, 0.010141432085, 0.00023120217057],
      [0.0091316256802, 0.057795872005, 0.91818079393, 0.014891708384],
      [0.44974213767, 0.34786634294, 0.1961735037, 0.0062180156968],
      [0.053155212726, 0.71108166068, 0.13791018071, 0.097852945885]
    ],
    [
      [0.055555687375, 0.039911219572, 0.58510584832, 0.31942724473],
      [0.0052665974913, 0.83023034758, 0.13663005573, 0.027872999199],
      [0.028148249947, 0.96297757683, 0.0086021736679, 0.00027199955972],
      [0.0099890325593, 0.066695280113, 0.90320386138, 0.020111825945],
      [0.45173414821, 0.36592210513, 0.174683027, 0.0076607196604],
      [0.050709744681, 0.71614027797, 0.11746872763, 0.11568124972]
    ],
    [
      [0.05228605076, 0.029216917728, 0.58911258803, 0.32938444348],
      [0.0064049714031, 0.77482481344, 0.18067091964, 0.038099295516],
      [0.036259275393, 0.95124447516, 0.012101250903, 0.00039499854558],
      [0.0095905593107, 0.049758762319, 0.91905280468, 0.021597873688],
      [0.47937685373, 0.30607266282, 0.2052087714, 0.0093417120474],
      [0.059003365988, 0.64147751399, 0.1488128964, 0.15070622362]
    ],
    [
      [0.054432687523, 0.04059569044, 0.64213165045, 0.26283997159],
      [0.0050845470411, 0.82191063253, 0.14980433563, 0.023200484805],
      [0.027464666994, 0.96272950289, 0.0095761070668, 0.00022972304662],
      [0.0090918171657, 0.062978782586, 0.91217748271, 0.01575191754],
      [0.43186149998, 0.36844944612, 0.19322346737, 0.006465586519],
      [0.049700832998, 0.72219275659, 0.13094172615, 0.097164684257]
    ],
    [
      [0.045811810354, 0.030818250345, 0.65441646275, 0.26895347656],
      [0.0053259033425, 0.77396073002, 0.19092293418, 0.029790432457],
      [0.030355985031, 0.95644316392, 0.012889338608, 0.0003115124385],
      [0.0076503543747, 0.047776916104, 0.92839337756, 0.016179351959],
      [0.42840980698, 0.32996933181, 0.23373972216, 0.0078811390483],
      [0.05083668326, 0.66445128762, 0.1629602089, 0.12175182022]
    ],
    [
      [0.042045335244, 0.034165657104, 0.60499248077, 0.31879652688],
      [0.0045405722808, 0.80030531606, 0.16293848942, 0.032215622241],
      [0.025204790638, 0.96377398753, 0.010693951341, 0.00032727048699],
      [0.0074772525378, 0.056411032831, 0.91599308261, 0.020118632021],
      [0.40068860462, 0.3719456633, 0.21806656029, 0.0092991717882],
      [0.043285525149, 0.6856364355, 0.13891576715, 0.1321622722]
    ],
    [
      [0.053634842955, 0.040095605365, 0.63833215658, 0.2679373951],
      [0.005046000598, 0.82183094879, 0.14944706405, 0.02367598656],
      [0.027254964206, 0.96297300787, 0.0095378551698, 0.00023417275254],
      [0.0089912276951, 0.062458509165, 0.912535832, 0.016014431143],
      [0.43260803976, 0.36776259053, 0.19303269242, 0.0065966772853],
      [0.049310159355, 0.72095704949, 0.13048828009, 0.099244511064]
    ],
    [
      [0.030694000034, 0.026826473809, 0.74778352937, 0.19469599679],
      [0.0038629790386, 0.74428882643, 0.22946195627, 0.022386238262],
      [0.022895227223, 0.96095421027, 0.015909575009, 0.00024098749782],
      [0.0045518513338, 0.03698412696, 0.94833659966, 0.010127422048],
      [0.34714757033, 0.34065744905, 0.30577860477, 0.0064163758515],
      [0.038370411433, 0.66201759811, 0.20344175257, 0.096170237882]
    ],
    [
      [0.02934325328, 0.015984082723, 0.78900424042, 0.16566842358],
      [0.0052191799755, 0.61606929261, 0.35070017129, 0.02801135612],
      [0.036440653871, 0.93431002237, 0.02889167455, 0.00035764921022],
      [0.004226059277, 0.021369653204, 0.96581860608, 0.0085856814392],
      [0.37642947431, 0.23383649361, 0.38312871086, 0.0066053212174],
      [0.050218923105, 0.53258716936, 0.30150167646, 0.11569223108]
    ],
    [
      [0.042426895496, 0.027400237491, 0.66029477322, 0.26987809379],
      [0.0053663932506, 0.75431330312, 0.20825228812, 0.032068015511],
      [0.03126358746, 0.95407295912, 0.014321972762, 0.00034148065407],
      [0.0070528662272, 0.042317391648, 0.93463020492, 0.015999537203],
      [0.42769209714, 0.31396986989, 0.25003084437, 0.008307188605],
      [0.05088832596, 0.64195674634, 0.17645697165, 0.13069795605]
    ],
    [
      [0.065461441734, 0.029696775932, 0.54142730318, 0.36341447916],
      [0.0079610065229, 0.78734945277, 0.16385053939, 0.040839001323],
      [0.04404270947, 0.94485171131, 0.010693595377, 0.00041198383826],
      [0.012859103002, 0.054226519745, 0.90782772452, 0.02508665273],
      [0.54385385561, 0.27935942939, 0.16777688504, 0.009009829963],
      [0.071849653037, 0.63691121596, 0.13210983745, 0.15912929356]
    ],
    [
      [0.070413694337, 0.043149869698, 0.64419782539, 0.24223861057],
      [0.0062225283451, 0.83305819493, 0.14093775968, 0.019781517046],
      [0.032982439213, 0.95800579171, 0.0088199521221, 0.00019181695272],
      [0.011627944267, 0.066215235577, 0.90807408173, 0.014082738431],
      [0.48770733903, 0.34060751711, 0.16664266355, 0.005042480304],
      [0.060958624269, 0.73236084724, 0.12337248109, 0.083308047398]
    ],
    [
      [0.046616221325, 0.036484098563, 0.57178244926, 0.34511723085],
      [0.0048041044179, 0.81446230574, 0.14725847054, 0.033475119303],
      [0.026216644607, 0.96393769768, 0.0095109758923, 0.00033468182098],
      [0.0086763794005, 0.063041766893, 0.90536720058, 0.022914653124],
      [0.41931214657, 0.37568441347, 0.19541476798, 0.0095886719799],
      [0.045504511672, 0.69353443436, 0.12476776784, 0.13619328613]
    ],
    [
      [0.052676298054, 0.030479934453, 0.665851222, 0.2509925455],
      [0.006088667593, 0.77646886661, 0.19056893838, 0.026873527411],
      [0.034387561833, 0.95268021013, 0.012655850728, 0.00027637730755],
      [0.0086086564819, 0.04639551985, 0.93047763872, 0.014518184946],
      [0.4714084475, 0.30477644571, 0.21721101771, 0.0066040890763],
      [0.05852757154, 0.667093453, 0.16329931997, 0.11107965549]
    ],
    [
      [0.042699753538, 0.047098064774, 0.61012473711, 0.30007744458],
      [0.0035462610309, 0.84572843476, 0.12702702346, 0.023698280743],
      [0.018816587208, 0.9729638269, 0.0079887438621, 0.000230842029],
      [0.0073996730254, 0.075770378132, 0.89810959863, 0.018720350208],
      [0.35283841161, 0.44664701557, 0.1927425247, 0.0077720481209],
      [0.035060727114, 0.75228384498, 0.11235389225, 0.10030153565]
    ],
    [
      [0.06119363616, 0.043047794034, 0.64428411026, 0.25147445955],
      [0.0054260004351, 0.83217911534, 0.14158470663, 0.020810177595],
      [0.028916655954, 0.9619693084, 0.0089110679577, 0.00020296768946],
      [0.010121056598, 0.066180778961, 0.90889097023, 0.01480719421],
      [0.4531656896, 0.3628975538, 0.17828109565, 0.0056556609547],
      [0.053349660324, 0.73447210671, 0.12440645559, 0.087771777376]
    ],
    [
      [0.054378410272, 0.019267950704, 0.59200824418, 0.33434539484],
      [0.009034435804, 0.69095923384, 0.24702605996, 0.052980270399],
      [0.055810026131, 0.92551979303, 0.01807008557, 0.00060009526962],
      [0.010103975369, 0.033233132475, 0.93426294101, 0.02239995115],
      [0.5430324162, 0.2203666661, 0.22611992954, 0.010480988168],
      [0.077916270216, 0.53585855239, 0.19051913868, 0.19570603871]
    ],
    [
      [0.042968328977, 0.020415049101, 0.60196304893, 0.33465357299],
      [0.0068324109597, 0.70329355849, 0.23957673818, 0.050297292369],
      [0.042070738041, 0.93992457116, 0.017438152685, 0.0005665381164],
      [0.0078560241461, 0.034655960171, 0.93557352456, 0.021914491118],
      [0.47631451787, 0.25869424357, 0.25349958637, 0.011491652188],
      [0.060440033131, 0.55887659268, 0.18952474131, 0.19115863288]
    ],
    [
      [0.03742226153, 0.016288895737, 0.71397331987, 0.23231552286],
      [0.0065635717859, 0.64983668332, 0.30654964457, 0.037050100327],
      [0.042988298932, 0.93341455386, 0.02316314524, 0.00043400196588],
      [0.0058202823542, 0.023667130164, 0.9579133605, 0.012599226978],
      [0.47630067672, 0.21501958228, 0.30087665485, 0.0078030861482],
      [0.061444691165, 0.53494214945, 0.25344917214, 0.15016398725]
    ],
    [
      [0.046074975783, 0.043677451702, 0.74858288545, 0.16166468706],
      [0.0037197784367, 0.84093792897, 0.14388380438, 0.011458488221],
      [0.019600350017, 0.97142436293, 0.008865144585, 0.00011014246334],
      [0.0065982805205, 0.058775381767, 0.92653349174, 0.0080928459758],
      [0.38887964493, 0.39958469964, 0.20795031985, 0.0035853355747],
      [0.038813409935, 0.77722097671, 0.13328185017, 0.050683763184]
    ],
    [
      [0.021306667263, 0.052380722616, 0.75483536435, 0.17147724577],
      [0.0015576304088, 0.85208541276, 0.13488782094, 0.011469135886],
      [0.0082355646341, 0.98321786417, 0.0084351531042, 0.00011141808837],
      [0.0030481657018, 0.069641397427, 0.91864168242, 0.0086687544532],
      [0.19307967191, 0.5485039169, 0.25375150665, 0.004664904543],
      [0.016344206849, 0.80514394962, 0.12688367451, 0.051628169022]
    ],
    [
      [0.018751137413, 0.0034654199303, 0.15544941535, 0.8223340273],
      [0.011903148292, 0.51680120531, 0.23752472522, 0.23377092118],
      [0.091030067486, 0.88661402003, 0.019584674083, 0.0027712383954],
      [0.011294282764, 0.018979834072, 0.88666538371, 0.083060499457],
      [0.70416115817, 0.11006238899, 0.15570529324, 0.030071159594],
      [0.055180827988, 0.19799005402, 0.098107955371, 0.64872116263]
    ],
    [
      [0.076904355339, 0.019549960556, 0.58021198741, 0.32333369669],
      [0.012238940189, 0.72016963824, 0.22429435896, 0.043297062602],
      [0.071199081072, 0.91341545453, 0.014941298688, 0.00044416570639],
      [0.014078125291, 0.033575936743, 0.93318926909, 0.019156668876],
      [0.66708210295, 0.16896092018, 0.15749965073, 0.0064573261443],
      [0.10762124012, 0.55046170606, 0.17337807106, 0.16853898276]
    ],
    [
      [0.029396399567, 0.010152111016, 0.41146330279, 0.54898818662],
      [0.0077544291587, 0.59868712863, 0.26752535697, 0.12603308524],
      [0.054609301397, 0.92203775662, 0.021776375708, 0.0015765662754],
      [0.0076115903613, 0.024459033106, 0.92078912893, 0.047140247601],
      [0.52938451156, 0.19264419642, 0.25258091379, 0.025390378228],
      [0.05530730525, 0.37577860256, 0.16953895431, 0.39937513788]
    ],
    [
      [0.049290429882, 0.025096056389, 0.6354371786, 0.29017633513],
      [0.0067275279658, 0.73695208017, 0.21829991705, 0.038020474818],
      [0.039786023431, 0.94448642996, 0.015314352113, 0.00041319449921],
      [0.0085307099962, 0.040300222427, 0.93297087344, 0.018198194133],
      [0.47592741026, 0.27867218721, 0.23649190901, 0.0089084935199],
      [0.061796332807, 0.60953323619, 0.17940422338, 0.14926620762]
    ],
    [
      [0.070107113602, 0.025177245577, 0.50458991733, 0.40012572349],
      [0.0097951674237, 0.76021966049, 0.17692923924, 0.053055932845],
      [0.05541473265, 0.93218650098, 0.011848758603, 0.00055000776565],
      [0.014794104467, 0.049332351358, 0.90557642854, 0.030297115635],
      [0.5876253164, 0.24092466885, 0.16102158941, 0.010428425343],
      [0.083947162983, 0.58552867934, 0.1355484913, 0.19497566637]
    ],
    [
      [0.055291434871, 0.03598156374, 0.52678952325, 0.38193747814],
      [0.0058179636021, 0.81660998939, 0.13925637025, 0.038315676759],
      [0.031530470981, 0.95914263042, 0.0089457373005, 0.00038116130079],
      [0.011054530582, 0.066773456903, 0.89466349724, 0.027508515272],
      [0.4689288723, 0.34977677021, 0.1711189916, 0.01017536589],
      [0.053795854327, 0.67936237474, 0.1151684802, 0.15167329073]
    ],
    [
      [0.027102402252, 0.032017326012, 0.62937578116, 0.31150449058],
      [0.0030595187304, 0.78706119823, 0.17703498236, 0.032844300685],
      [0.017368925095, 0.9704163069, 0.011873700104, 0.00034106790268],
      [0.0046747033104, 0.051284870788, 0.92502677856, 0.019013647343],
      [0.30882924928, 0.41260128823, 0.26786004029, 0.010709422208],
      [0.029497397339, 0.68148093295, 0.15258926338, 0.13643240633]
    ]
  ],
  "expected_outcome": [
    [
      [0.069179698749, 0.74367568702, 0.57743451253, 0.42400868703, 0.038885415354, 0.22596853741, 0.1851446398, 0.095125296646, 0.070258480864, 0.25347294937, 2.1892076191, 0.93268019059, 0.6448593198, 1.1939334981, 0.032078754143, 2.2119832564, 1.7464856245, 0.17957409539, 0.18664733759, 0.84046676382, 0.70368213543, 0.13875788306, 0.40914320737, 0.093077265336, 0.45840705463, 0.315184881, 0.22160407748, 1.2346741787, 0.32395009645, 0.38487016497, 1.6896335634, 0.6081135437, 0.50000118638, 1.0457210152, 2.0140094383, 1.6950369831, 0.46249868768, 0.85815748728, 0.1841640002, 0.46949205249, 0.80611101443, 0.85099874254, 0.49289586036, 1.1187893118, 0.6847918747, 2.305786691, 1.162679087, 4.7309216936, 1.890606475, 0.26195583071, 0.13822492735, 0.12784000358, 0.018751137413, 0.23071306602, 0.29396399567, 19.8640432423, 2.9444987713, 2.7645717435, 0.29812642477],
      [0.056610662577, 0.35556806531, 0.3029614206, 0.20671375849, 0.016817038084, 0.092825768625, 0.21664477495, 0.062923552588, 0.068294213352, 0.09495343463, 1.4303015424, 0.56290946754, 0.22470335796, 0.66475701598, 0.030549987999, 1.3173683321, 0.45930159333, 0.18058266657, 0.099591297936, 0.45900163782, 0.58395082252, 0.044077888328, 0.079767835436, 0.07912714198, 0.19379540477, 0.090272208689, 0.20035043906, 0.64438854749, 0.21925189957, 0.30598359976, 0.95617066031, 0.41409437014, 0.35920097615, 0.58433835455, 1.5020405463, 1.1402752627, 0.37582222814, 0.64152968585, 0.16095884285, 0.25574532357, 0.52060451232, 0.38605808711, 0.30204908788, 0.87561836552, 0.39623914789, 2.5432954978, 0.81790808665, 1.6763117113, 0.89826216046, 0.11402227016, 0.1310323551, 0.31428433569, 0.0034654199303, 0.058649881667, 0.10152111016, 10.1137107247, 1.0574443142, 1.799078187, 0.35219058613],
      [3.0048917961, 10.2040201637, 6.6844466778, 6.3414120875, 0.57472203669, 2.7966498148, 3.6303096484, 3.250856913, 1.2251055364, 2.2453884235, 27.6984969046, 12.7528123311, 4.9428719195, 13.3301725954, 0.56674872677, 29.7893547256, 14.119604755, 2.4180464051, 2.9128585635, 8.8481333437, 8.7549363529, 1.4175200835, 2.0897988188, 3.0380791083, 6.7241941419, 2.3254153635, 5.6825952541, 9.3817067138, 6.9351510647, 4.3291328212, 15.6224518103, 7.1558050991, 5.2659526349, 11.7822517606, 23.7588710667, 24.2134091216, 6.6549172885, 10.2133145053, 4.4867011762, 12.6240678467, 12.5456006912, 7.0385549413, 4.5093847778, 13.7227787822, 8.6560658859, 32.946735804, 12.2413980949, 51.5047172438, 26.4863741528, 4.9978132391, 2.2457486564, 4.5290121861, 0.15544941535, 1.7406359622, 4.1146330279, 256.0811829747, 21.1927765278, 26.3394761623, 6.9231335927],
      [1.8693178426, 4.696736084, 2.4351573891, 2.027865467, 0.36957550987, 1.8845558792, 0.96790093687, 0.59109423775, 0.63634176938, 1.4061851925, 11.6819939339, 3.7515980108, 3.1875654027, 4.8111368905, 0.37062253109, 10.6812936858, 14.6746080272, 1.221796833, 2.8009028009, 2.8523982546, 4.9574306892, 2.3996441451, 6.4212901384, 6.7897164844, 2.6236033987, 0.26912754683, 2.8954502294, 5.73923056, 3.5216469393, 1.980013414, 8.731743966, 2.8219869871, 2.8748452026, 6.5876888696, 9.7250789487, 9.9512786325, 3.5067617957, 4.2869983216, 1.1681759807, 2.6506947772, 5.127683782, 4.7243882291, 1.695670274, 8.2828135405, 3.2629030915, 16.2041820072, 4.7780147314, 29.0880493513, 14.7247572117, 1.62620866, 0.48499406119, 1.0288634746, 0.8223340273, 0.97000109008, 5.4898818662, 116.9410630583, 16.8052803867, 19.0968739072, 3.4265493964]
    ],
    [
      [0.0064173050991, 0.17176230894, 0.013076409528, 0.079642480129, 0.020995921061, 0.1390722138, 0.11832741112, 0.02933178316, 0.037248716484, 0.12409065688, 0.45232116556, 0.34668436705, 0.09919580828, 0.064031538262, 0.011178550239, 0.51204387572, 0.24176673209, 0.076094831194, 0.058347359654, 0.10037545693, 0.11872292621, 0.053620570001, 0.15636285144, 0.0090414493055, 0.066330739419, 0.057245208255, 0.080296798945, 0.21089576111, 0.10872677866, 0.072226289936, 0.33650053307, 0.11443983665, 0.073732364878, 0.30103365594, 0.23388916389, 0.63910840109, 0.16346060211, 0.14633401734, 0.069533622696, 0.21920555897, 0.17172458402, 0.21494717612, 0.080892868486, 0.17775186346, 0.12786201945, 0.23405322804, 0.11937200957, 0.59627276306, 0.13664821919, 0.032817858929, 0, 0.012461043271, 0.023806296584, 0.097911521514, 0.10080757906, 3.5588622939, 0.96972157494, 1.1461388296, 0.21416631113],
      [1.1677988437, 17.9435585775, 1.5725537364, 8.6267136788, 2.1102890315, 12.5898583274, 30.5544221993, 4.3364769493, 8.1152355294, 10.5509413351, 63.8805796483, 45.4713732524, 7.5591303766, 7.9240621909, 2.4201785758, 65.8167785287, 13.9942033135, 16.956621106, 6.9639411385, 11.9556845344, 21.4219015061, 3.8334104439, 6.711581711, 1.7219507018, 6.1651796929, 3.9153144987, 15.8352198032, 23.862740777, 16.0124952439, 12.5857690771, 41.2300741851, 17.0732899674, 11.6232248661, 36.4167662317, 37.8078890963, 92.8752876027, 28.8109913781, 23.833097515, 13.3971988757, 25.8749102896, 24.1380256997, 21.2584352247, 10.8297565341, 30.1351053123, 16.3058461988, 55.8180766944, 18.3079405376, 45.6033094334, 14.0658711699, 3.2491834166, 0, 6.8166833021, 1.0336024106, 5.761357106, 7.7829326722, 389.8476504074, 75.2617463884, 160.8721679093, 55.0942838759],
      [0.67611923644, 5.8721095598, 0.36528780245, 2.9415327584, 0.72067204064, 4.2372305132, 5.7488415125, 2.463741287, 1.5609919717, 2.7163068583, 14.3656536976, 11.8594797772, 1.8902737826, 1.771865391, 0.46171434482, 17.3110680202, 4.8805169077, 2.5095298619, 2.2300926538, 2.6244547616, 3.678438317, 1.3470826524, 1.9898912206, 0.71719844357, 2.4160567307, 0.9808692616, 5.113872899, 4.0050314389, 5.779558274, 2.0008419775, 7.7898166346, 3.3232778253, 1.9128207802, 8.4915332231, 6.8909994388, 22.9107521013, 5.8657856191, 4.3339648574, 4.1303152129, 14.7294071944, 6.6640732199, 4.4239645635, 1.8321908758, 5.44856341, 4.0019477061, 8.3837835485, 3.1148635458, 16.3037199572, 4.7915347636, 1.5327482229, 0, 1.0791025675, 0.47504945044, 1.7943548717, 3.4778296407, 115.4806561201, 17.515994685, 27.4335049395, 12.392448765],
      [0.14966461473, 1.0125695538, 0.049082051635, 0.35211108276, 0.14804300685, 1.0338389457, 0.57840887704, 0.17044998049, 0.28652378247, 0.60866114972, 2.3014454885, 1.3224626034, 0.45140003246, 0.24004087984, 0.1069285291, 2.3601095753, 1.8835130466, 0.45775420089, 0.74761884801, 0.31948524705, 0.78093725068, 0.76588633374, 2.1421642169, 0.55180940532, 0.35243283699, 0.046571031421, 0.97061049887, 0.92133202299, 1.0992197034, 0.34116265543, 1.6436086473, 0.48899237066, 0.39022198879, 1.7906668892, 1.067222301, 3.5748518949, 1.1597624007, 0.68660361024, 0.40295228872, 1.176476957, 1.0261764963, 1.1026530357, 0.2571597216, 1.2385794142, 0.56434407563, 1.5640865291, 0.4578239071, 3.4966978463, 1.0059458474, 0.18525050164, 0, 0.091753087091, 0.46754184236, 0.34637650082, 1.6384301081, 20.1128311786, 5.2525373517, 7.5481883215, 2.299101048]
    ],
    [
      [0.40075309483, 1.7005529377, 0.43459955701, 0.39940616265, 0.38021563646, 1.8989153841, 0.43327728254, 0.37824086255, 0.61192229685, 0.50736389139, 6.1870951868, 2.2771418376, 3.6008568181, 0.81470625909, 0.43008725599, 8.2659728918, 1.0842695654, 0.68225378303, 0.25379992248, 4.1607325959, 3.0597784867, 0.53141921973, 2.0950660133, 0.29438879327, 1.7087349504, 1.0642321473, 0.87286936031, 7.1806571868, 3.0313849347, 2.503111611, 7.2538049449, 2.5781575184, 2.1955634958, 6.5266695708, 6.9485607496, 5.5247892756, 4.6628862681, 2.5892215996, 1.3966088606, 3.4618621177, 2.5323505842, 5.152997008, 3.7270156311, 5.7152285242, 1.5130527207, 3.7256842672, 4.8001648884, 13.9525065328, 5.3009129931, 0.30091809253, 0.039200700035, 0.16471129268, 0.36412026995, 0.28479632429, 0.65531161676, 72.2116325267, 13.465780034, 13.2112673411, 0.97265980531],
      [16.0942699039, 38.5964089297, 11.4211050434, 9.4247568845, 8.4695241542, 37.4011106009, 24.3144905229, 12.2486127484, 29.0799644404, 9.3592863371, 189.4276311427, 64.7861864965, 59.5614346331, 21.9145639761, 20.3575114899, 230.3532608771, 13.6434037781, 33.0451070569, 6.6274121202, 107.5314311403, 119.7824163991, 8.300955672, 19.5415581619, 12.4032927474, 34.544763766, 15.7278889532, 37.4528898725, 176.1482610834, 97.0172226654, 94.6576536184, 192.6934830087, 83.5194233013, 75.1122509924, 171.2240055286, 243.5705642317, 174.072655834, 178.2981876937, 91.4824357478, 58.6182068264, 88.759452125, 77.279909689, 110.5476502238, 108.2546544635, 210.1384180943, 41.9179292458, 192.6468377264, 159.6869051942, 231.3799482572, 118.4304959659, 6.533901877, 1.9428487259, 19.6643572835, 3.5464560801, 3.6536618181, 11.0644530794, 1714.2428703723, 226.5213197385, 401.8807621449, 54.3433131863],
      [0.48836306384, 0.6847713899, 0.14135244523, 0.17263458836, 0.14559752855, 0.67453352124, 0.24835229818, 0.36917592023, 0.29960763627, 0.12889483625, 2.3275168217, 0.92076195069, 0.80789343027, 0.26516565396, 0.20501217747, 3.3108415616, 0.25701013809, 0.26515969346, 0.11297996079, 1.2836115704, 1.1209651726, 0.1542503232, 0.31194673437, 0.27047110665, 0.73002757714, 0.20632321776, 0.65501073593, 1.6136226614, 1.895558834, 0.81762884116, 1.9877821903, 0.88230459142, 0.67096954609, 2.1782251625, 2.4227550879, 2.3458596266, 1.9783809981, 0.90609624113, 0.97048407557, 2.7447090823, 1.1600797937, 1.2511506591, 0.9966545898, 2.0733927445, 0.55685743201, 1.5817712847, 1.479237281, 4.5175213926, 2.1972072383, 0.16214201668, 0.01773028917, 0.16870306208, 0.078338696334, 0.059765194752, 0.2613165085, 27.7955490849, 2.8792483405, 3.7482639289, 0.6649272058],
      [0.016613937436, 0.018266742696, 0.0029429543796, 0.0032023644525, 0.004662680784, 0.025440493795, 0.0038798963805, 0.0039704687675, 0.0085056264384, 0.0044549352501, 0.057756848822, 0.015909715283, 0.029815118512, 0.0055641108752, 0.007389076649, 0.06992466939, 0.015316518413, 0.0074794666465, 0.005807996565, 0.024224693346, 0.036839941531, 0.013374785051, 0.051429090427, 0.031847352723, 0.016473706447, 0.0015556816583, 0.019230031311, 0.057459068456, 0.055833565885, 0.021605929429, 0.06492985607, 0.02011458884, 0.021215965658, 0.071099738205, 0.058119930794, 0.056695263806, 0.060545040093, 0.022246411491, 0.014700237367, 0.033976674971, 0.02765993298, 0.048202109077, 0.021675315657, 0.072960636974, 0.012160601532, 0.045706721742, 0.033692636451, 0.15002381741, 0.071383802667, 0.0030380137612, 0.00022028492667, 0.0022283617674, 0.011084953581, 0.0017766628256, 0.018918795305, 0.74994801607, 0.13365188705, 0.15970658503, 0.01909980255]
    ],
    [
