{
  "Z_true": {},
  "V_true": [
    [69, 1244, 70, 509, 15],
    [94, 136, 1269, 593, 68],
    [100, 146, 4585, 438, 109],
    [1072, 1385, 426, 17453, 291],
    [122, 449, 907, 824, 112],
    [573, 105, 264, 571, 126]
  ],
  "p_true": [
    [0.0362, 0.6523, 0.0367, 0.2669, 0.0079],
    [0.0435, 0.063, 0.5875, 0.2745, 0.0315],
    [0.0186, 0.0271, 0.8525, 0.0814, 0.0203],
    [0.052, 0.0671, 0.0207, 0.8461, 0.0141],
    [0.0505, 0.186, 0.3757, 0.3413, 0.0464],
    [0.3496, 0.0641, 0.1611, 0.3484, 0.0769]
  ],
  "Z_est": {},
  "V_est": [
    [0, 1448.4887, 0, 0, 458.5113],
    [157.8087, 49.5118, 949.3966, 829.1728, 174.1101],
    [0, 0, 5378, 0, 0],
    [559.8216, 1365.8522, 0, 18701.3262, 0],
    [0, 362.8956, 1193.6034, 857.501, 0],
    [1312.3696, 238.2517, 0, 0, 88.3786]
  ],
  "p_est": [
    [0, 0.7596, 0, 0, 0.2404],
    [0.0731, 0.0229, 0.4395, 0.3839, 0.0806],
    [0, 0, 1, 0, 0],
    [0.0271, 0.0662, 0, 0.9066, 0],
    [0, 0.1503, 0.4945, 0.3552, 0],
    [0.8007, 0.1454, 0, 0, 0.0539]
  ],
  "EI_Z": {},
  "EI_V": 12.566,
  "MAE_Z": {},
  "MAE_V": 285.8762,
  "MAE_p": 0.0934,
  "runtime": 0.0112
}
