{
  "X": [
    [0, 0, 3, 108, 1],
    [29, 47, 400, 231, 18],
    [17, 42, 193, 202, 11],
    [16, 24, 280, 235, 11],
    [1, 6, 14, 164, 6],
    [8, 4, 75, 109, 5],
    [11, 14, 123, 80, 12],
    [30, 35, 330, 136, 16],
    [19, 11, 196, 80, 14],
    [5, 4, 59, 20, 7],
    [21, 17, 130, 219, 19],
    [0, 1, 7, 81, 4],
    [24, 20, 148, 262, 15],
    [2, 11, 56, 116, 6],
    [32, 46, 413, 222, 31],
    [29, 33, 358, 261, 23],
    [8, 25, 136, 347, 10],
    [7, 6, 120, 352, 8],
    [10, 17, 96, 319, 8],
    [15, 31, 201, 403, 25],
    [10, 8, 52, 105, 3],
    [10, 13, 93, 221, 13],
    [4, 7, 65, 215, 10],
    [4, 14, 118, 654, 9],
    [8, 4, 39, 78, 6],
    [3, 10, 53, 112, 5],
    [4, 5, 14, 86, 1],
    [0, 1, 7, 24, 1],
    [20, 9, 39, 242, 8],
    [19, 26, 113, 275, 12],
    [1, 1, 6, 33, 2],
    [4, 5, 14, 151, 4],
    [3, 7, 29, 93, 2],
    [1, 1, 10, 70, 3],
    [11, 12, 147, 190, 4],
    [0, 1, 7, 27, 0],
    [7, 13, 94, 276, 14],
    [4, 6, 9, 62, 2],
    [0, 9, 12, 55, 2],
    [9, 9, 29, 81, 5],
    [42, 45, 112, 393, 19],
    [19, 15, 146, 151, 11],
    [2, 0, 9, 86, 5],
    [8, 10, 22, 73, 4],
    [10, 11, 82, 113, 5],
    [0, 0, 5, 4, 0],
    [10, 13, 29, 127, 1],
    [0, 4, 33, 68, 2],
    [36, 29, 418, 523, 27],
    [16, 30, 261, 303, 17],
    [30, 38, 501, 309, 18],
    [0, 2, 7, 94, 1],
    [0, 1, 5, 16, 0],
    [6, 6, 67, 98, 2],
    [8, 8, 21, 106, 5],
    [2, 7, 13, 107, 5],
    [22, 21, 117, 299, 17],
    [6, 21, 140, 354, 10],
    [0, 0, 1, 5, 0],
    [31, 41, 508, 339, 26],
    [23, 18, 342, 374, 19],
    [13, 38, 305, 365, 11],
    [34, 42, 491, 277, 31],
    [9, 21, 233, 164, 9],
    [13, 23, 177, 133, 8],
    [21, 36, 378, 752, 25],
    [25, 53, 362, 341, 21],
    [10, 24, 154, 160, 8],
    [43, 52, 518, 395, 24],
    [1, 1, 8, 77, 1],
    [1, 1, 4, 26, 0],
    [130, 127, 1298, 2142, 138],
    [12, 30, 116, 193, 7],
    [54, 109, 485, 690, 35],
    [0, 12, 41, 89, 4]
  ],
  "W": [
    [1, 1, 4, 102, 1, 3],
    [26, 78, 285, 209, 99, 28],
    [14, 70, 132, 192, 47, 10],
    [29, 59, 196, 218, 50, 14],
    [1, 7, 12, 161, 3, 7],
    [6, 27, 34, 99, 25, 10],
    [9, 29, 77, 81, 37, 7],
    [8, 46, 252, 133, 79, 29],
    [13, 25, 147, 73, 49, 13],
    [2, 8, 46, 15, 17, 7],
    [18, 31, 116, 187, 42, 12],
    [2, 4, 7, 73, 3, 4],
    [15, 27, 123, 232, 52, 20],
    [0, 21, 31, 113, 14, 12],
    [41, 68, 301, 181, 123, 30],
    [46, 74, 240, 234, 83, 27],
    [19, 44, 146, 267, 29, 21],
    [7, 26, 102, 317, 29, 12],
    [2, 29, 85, 280, 39, 15],
    [16, 46, 186, 327, 70, 30],
    [1, 9, 51, 96, 18, 3],
    [5, 24, 96, 182, 24, 19],
    [8, 17, 56, 180, 27, 13],
    [15, 26, 114, 537, 74, 33],
    [6, 6, 31, 73, 12, 7],
    [14, 17, 27, 102, 15, 8],
    [2, 10, 11, 74, 8, 5],
    [1, 1, 6, 20, 1, 4],
    [7, 16, 35, 208, 34, 18],
    [11, 37, 88, 237, 53, 19],
    [0, 1, 7, 30, 1, 4],
    [7, 4, 11, 141, 6, 9],
    [2, 9, 20, 89, 9, 5],
    [1, 3, 13, 63, 4, 1],
    [14, 37, 90, 186, 29, 8],
    [3, 4, 5, 22, 0, 1],
    [15, 32, 80, 223, 32, 22],
    [0, 8, 8, 57, 7, 3],
    [0, 16, 8, 49, 1, 4],
    [5, 12, 19, 73, 15, 9],
    [7, 40, 111, 351, 71, 31],
    [6, 23, 131, 117, 50, 15],
    [1, 3, 6, 82, 4, 6],
    [2, 12, 17, 68, 10, 8],
    [6, 25, 49, 103, 28, 10],
    [0, 1, 3, 4, 0, 1],
    [4, 8, 28, 110, 19, 11],
    [2, 13, 26, 62, 1, 3],
    [49, 75, 274, 498, 108, 29],
    [23, 78, 177, 276, 53, 20],
    [51, 54, 380, 275, 109, 27],
    [1, 5, 3, 86, 2, 7],
    [0, 2, 3, 16, 1, 0],
    [5, 16, 35, 91, 18, 14],
    [3, 5, 19, 106, 9, 6],
    [0, 8, 10, 101, 4, 11],
    [9, 32, 98, 257, 58, 22],
    [15, 34, 71, 343, 45, 23],
    [0, 0, 1, 3, 0, 2],
    [31, 83, 371, 330, 99, 31],
    [26, 70, 217, 354, 83, 26],
    [35, 108, 170, 333, 63, 23],
    [44, 71, 387, 263, 79, 31],
    [16, 78, 130, 148, 38, 26],
    [24, 40, 115, 119, 41, 15],
    [40, 145, 205, 727, 65, 30],
    [50, 88, 268, 282, 86, 28],
    [12, 38, 113, 154, 28, 11],
    [39, 112, 357, 365, 119, 40],
    [0, 2, 5, 72, 4, 5],
    [3, 0, 4, 23, 0, 2],
    [82, 301, 1017, 1960, 333, 142],
    [4, 42, 99, 172, 26, 15],
    [34, 165, 386, 611, 104, 73],
    [6, 30, 23, 77, 2, 8]
  ],
  "method": "mvn_cdf",
  "mvncdf_method": "genz",
  "mvncdf_samples": 5000,
  "mvncdf_error": 1e-06,
  "cond_prob": [
    [
      [0, 0, 0.56857630284, 0.41130713883, 0.020116558334],
      [0, 0, 0.46092850063, 0.42908441588, 0.10998708349],
      [0, 0, 0.38319948686, 0.57498133835, 0.041819174788],
      [0, 0, 0, 0.99582890166, 0.0041710983441],
      [0, 0, 0.30018960347, 0.63562554966, 0.064184846872],
      [0, 0, 0.04583588187, 0.88316985778, 0.070994260349]
    ],
    [
      [0.0031884917822, 0.017564608774, 0.89320267075, 0.078199583887, 0.0078446448018],
      [0.00047519018333, 0.26994218963, 0.65448812322, 0.070012654774, 0.0050818421979],
      [0.023003357967, 0.047972692737, 0.87003838697, 0.035696032337, 0.023289529992],
      [0.009459011019, 0.0082833893373, 0.056957819267, 0.91178357259, 0.013516207786],
      [0.19345400392, 0.025726710923, 0.6094130567, 0.12206711291, 0.049339115538],
      [0.042685630973, 0.26919425707, 0.19748713657, 0.38160870288, 0.10902427251]
    ],
    [
      [0.0041058674737, 0.029522597547, 0.85706809483, 0.099548262707, 0.0097551774448],
      [0.00051804035048, 0.38714550713, 0.53151411671, 0.075471746929, 0.0053505888812],
      [0.025695912849, 0.069647195801, 0.80863036678, 0.063700025275, 0.032326499291],
      [0.012034425608, 0, 0.055070402808, 0.91959588688, 0.013299284703],
      [0.22951673851, 0.039443929786, 0.53301049968, 0.14189647335, 0.056132358682],
      [0.041649810829, 0.34392035899, 0.14308392626, 0.36833541726, 0.10301048666]
    ],
    [
      [0.0030704055659, 0.01246845595, 0.88420846776, 0.092793873776, 0.0074587969494],
      [0.00049309127332, 0.20661793815, 0.69814566175, 0.0895363543, 0.0052069545343],
      [0.019920853271, 0.033295915233, 0.8623408117, 0.061599927431, 0.022842492368],
      [0.0093550356476, 0.0059345331101, 0.051522813862, 0.92320536809, 0.0099822492879],
      [0.18706657843, 0.018255644476, 0.60284744535, 0.14488842677, 0.046941904983],
      [0.041760851429, 0.19396047138, 0.19815825784, 0.46068252842, 0.10543789093]
    ],
    [
      [0.0026217009871, 0.028470897826, 0.68089749506, 0.25429179973, 0.033718106393],
      [0.0003206196463, 0.39051186307, 0.40415524371, 0.18706473316, 0.017947540423],
      [0.016580864208, 0.074566203813, 0.64366119321, 0.16359365371, 0.10159808506],
      [0.0018792233882, 0.0057343469872, 0.0079333972879, 0.96794878531, 0.016504247028],
      [0.13014480489, 0.032463711202, 0.35464487542, 0.31170843513, 0.17103817336],
      [0.014739172974, 0.1889329452, 0.060695698698, 0.52832164051, 0.20731054262]
    ],
    [
      [0.0037234879259, 0.0067121357686, 0.87165324423, 0.10947370199, 0.0084374300872],
      [0.00065600223349, 0.10022497763, 0.7546810529, 0.12341053738, 0.021027429857],
      [0.028630603583, 0, 0.87146527262, 0.07376590408, 0.026138219721],
      [0.010211217393, 0, 0.039318013853, 0.93996516991, 0.010505598845],
      [0.21907900933, 0.0092772627063, 0.55913256263, 0.16198204519, 0.050529120145],
      [0.04986207352, 0.10217212218, 0.18930754001, 0.53969295894, 0.11896530536]
    ],
    [
      [0.0034130838143, 0.015173653856, 0.90094854689, 0.062971548471, 0.01749316697],
      [0.00052748780866, 0.24516655353, 0.684031891, 0.058523314744, 0.011750752919],
      [0.021384379555, 0.039138703574, 0.84725858954, 0.040337096496, 0.051881230838],
      [0.020114894633, 0.016957722202, 0.086155740636, 0.85297429942, 0.023797343106],
      [0.1991532095, 0.02105650073, 0.58110045947, 0.093303077514, 0.10538675279],
      [0.044201808093, 0.22675155179, 0.19089926468, 0.29814162638, 0.24000574905]
    ],
    [
      [0.0039606909089, 0.016266029784, 0.91577648201, 0.056281803634, 0.0077149936617],
      [0.00060391038392, 0.25630364147, 0.68641136412, 0.051567078389, 0.0051140056409],
      [0.02996734889, 0.046490343335, 0.89700421183, 0.0023485286577, 0.024189567292],
      [0.015680477468, 0.01023782161, 0.07782862248, 0.87850936661, 0.01774371183],
      [0.23505697213, 0.023222446772, 0.6087756004, 0.085631415452, 0.047313565238],
      [0.059784771483, 0.28165979878, 0.22790775147, 0.30962769528, 0.12101998298]
    ],
    [
      [0.0044464215001, 0.0097199442145, 0.90628830021, 0.067108706096, 0.012436627976],
      [0.00075071822068, 0.16981854424, 0.75219039098, 0.068112649594, 0.0091276969741],
      [0.031974242948, 0.023680074064, 0.88456899553, 0.020168518485, 0.039608168975],
      [0.014846663905, 0.0051564670667, 0.064744407974, 0.8911261415, 0.024126319557],
      [0.25080159775, 0.013083634187, 0.56756661124, 0.096348417119, 0.0721997397],
      [0.065394622828, 0.16382200468, 0.21882648057, 0.3605167381, 0.19144015382]
    ],
    [
      [0.0031838152363, 0.0095936910813, 0.89320820804, 0.073483727582, 0.02053055806],
      [0.00053687450046, 0.17079173484, 0.73895891657, 0.074660341981, 0.01505213211],
      [0.030015938581, 0.028869755278, 0.85955748873, 0.033569910381, 0.047986907031],
      [0.0093340721659, 0.0044692203547, 0.055013943166, 0.89610311792, 0.03507964639],
      [0.18728004564, 0.013177486299, 0.56755400418, 0.10802324397, 0.12396521991],
      [0.040690334348, 0.14220206057, 0.18409150733, 0.34765600215, 0.28536009561]
    ],
    [
      [0.0077833433328, 0.01703723727, 0.73785604849, 0.20952666358, 0.027796707334],
      [0.0011464708645, 0.26130201912, 0.53428527311, 0.18546927472, 0.017796962179],
      [0.048648499527, 0.043787948794, 0.6918297673, 0.13362494683, 0.082108837544],
      [0.0063040990061, 0.0064719783125, 0.026437089968, 0.95478699818, 0.0059998345287],
      [0.31805007103, 0.016500144166, 0.3323189776, 0.21665767398, 0.11647313322],
      [0.053680315049, 0.13419158974, 0.08353014753, 0.52780731158, 0.2007906361]
    ],
    [
      [0, 0.0087781305382, 0.51432805828, 0.42361728863, 0.053276522558],
      [0, 0.15555892005, 0.40066277424, 0.40675336486, 0.037024940854],
      [0, 0.024028982525, 0.50748445397, 0.29677038996, 0.17171617354],
      [0, 0.00010447158566, 0, 0.98935458206, 0.010540946351],
      [0, 0.008648174912, 0.22865280856, 0.51688131613, 0.2458177004],
      [0, 0.039608557641, 0.032585795755, 0.66870769864, 0.25909794797]
    ],
    [
      [0.0067165023138, 0.018842734663, 0.78847020736, 0.1715876217, 0.014382933965],
      [0.00096828812641, 0.28274407301, 0.55860825124, 0.14866351725, 0.0090158703751],
      [0.042736342001, 0.049340268032, 0.75319665025, 0.11152527027, 0.043201469443],
      [0.006155269431, 0.0056350452409, 0.023137934944, 0.95138278573, 0.013688964652],
      [0.30882398973, 0.020654741471, 0.40192542933, 0.20067431013, 0.067921529342],
      [0.056483432296, 0.18165194943, 0.10896064465, 0.52693960244, 0.12596437118]
    ],
    [
      [0.0016117793238, 0.016384237601, 0.87746422852, 0.093953108174, 0.010586646384],
      [0.00024278422169, 0.26017175, 0.64750102104, 0.08514589437, 0.0069385503671],
      [0.0088801545589, 0.043657878963, 0.85149627961, 0.062057919259, 0.033907767605],
      [0, 0.0088190855517, 0.043879589556, 0.92856066452, 0.018740660372],
      [0.10574491013, 0.025732671411, 0.63827400125, 0.15793096227, 0.072317454942],
      [0.019932333184, 0.23551541126, 0.17598868773, 0.42914601321, 0.13941755461]
    ],
    [
      [0.0032194786679, 0.018325916934, 0.86974788811, 0.095526127933, 0.013180588353],
      [0.00047339356104, 0.27793082215, 0.62879706081, 0.084375171313, 0.0084235521727],
      [0.021228054798, 0.048763221977, 0.83600623512, 0.054047988488, 0.039954499619],
      [0.0078974009516, 0.0071476601654, 0.045885044806, 0.92029499797, 0.018774896105],
      [0.18624171495, 0.025627263768, 0.56656988261, 0.14235461511, 0.079206523568],
      [0.036966853583, 0.24085772504, 0.16503236703, 0.39981534266, 0.15732771169]
    ],
    [
      [0.0039375730853, 0.013127320808, 0.87961342544, 0.092086421742, 0.011235258922],
      [0.0006266512442, 0.21522523699, 0.68833085707, 0.088045227112, 0.0077720275849],
      [0.027337441934, 0.035814418135, 0.84989026133, 0.051341258043, 0.035616620555],
      [0.010008584473, 0.0053040682639, 0.048041818346, 0.92005751718, 0.016588011742],
      [0.2231153859, 0.017914689322, 0.55910806329, 0.13395149869, 0.065910362804],
      [0.050034355023, 0.19059052467, 0.18444005707, 0.42649416492, 0.14844089832]
    ],
    [
      [0.002919991757, 0.017757618712, 0.56985415078, 0.39836166339, 0.011106575356],
      [0.00041198056304, 0.25998603536, 0.39518973183, 0.33760030105, 0.0068119512057],
      [0.020591235937, 0.051560239001, 0.60394053043, 0.2869212758, 0.036986718837],
      [0.0021551372576, 0.010742298288, 0.036748867476, 0.94572787299, 0.0046258239883],
      [0.13869646546, 0.020230692142, 0.30206471848, 0.48452307746, 0.054485046459],
      [0.015354924713, 0.10669243236, 0.049394335268, 0.76789035943, 0.060667948225]
    ],
    [
      [0.0027471070235, 0.0082778951955, 0.73967185597, 0.23942148399, 0.0098816578253],
      [0.00045973843201, 0.14309562545, 0.60851998906, 0.24073594167, 0.0071887053898],
      [0.018754761349, 0.0096502646215, 0.77185645756, 0.16787720969, 0.031861306784],
      [0.0013980483198, 0, 0.019066741283, 0.97363430309, 0.0059009073022],
      [0.14977094147, 0.01081857141, 0.44954733517, 0.33420889669, 0.055654255254],
      [0.02244106449, 0.076958575804, 0.099199076246, 0.71727563796, 0.084125645498]
    ],
    [
      [0.0033756123288, 0.018706428433, 0.69613244786, 0.27104512755, 0.010740383824],
      [0.00047873017483, 0.27691999081, 0.48499616043, 0.23098212514, 0.006622993454],
      [0.022738931589, 0.051915094564, 0.70466565057, 0.18651232655, 0.034167996723],
      [0.0035334554864, 0.0051301049389, 0.014534337038, 0.97131758281, 0.0054845197237],
      [0.17211186381, 0.022840910053, 0.39508585676, 0.35344135499, 0.056520014375],
      [0.02298841268, 0.14612663312, 0.077886891243, 0.67684962178, 0.076148441168]
    ],
    [
      [0.0029511798189, 0.019310225361, 0.70012791067, 0.25941563127, 0.018195052878],
      [0.00041681515756, 0.28226212229, 0.48606313092, 0.22008812564, 0.011169805989],
      [0.019503242931, 0.052563743041, 0.69574488221, 0.17536452695, 0.056823604871],
      [0.00095586749389, 0.0057458687035, 0.024421375886, 0.95915129278, 0.0097255951327],
      [0.14863708902, 0.023479272045, 0.3962663578, 0.33639003941, 0.095227241724],
      [0.019627984627, 0.1469224818, 0.076868878509, 0.63059062029, 0.12599003478]
    ],
    [
      [0.0083402328302, 0.023796571582, 0.77516869202, 0.18407850754, 0.0086159960276],
      [0.0011055566395, 0.34298701199, 0.50414911665, 0.14678812683, 0.0049701878878],
      [0.053226324144, 0.062519945286, 0.73916554174, 0.11921996798, 0.025868220852],
      [0.0038638300361, 0.0062504625906, 0.022052526397, 0.96022240797, 0.0076107730107],
      [0.37203267851, 0.024207317853, 0.3651692056, 0.2006737623, 0.037917035725],
      [0.066550443113, 0.22167566028, 0.099986131436, 0.54037703269, 0.071410732478]
    ],
    [
      [0.0046013889055, 0.015085569232, 0.67772070351, 0.28276095816, 0.019831380189],
      [0.00068758683103, 0.23489081997, 0.49759282405, 0.25394403502, 0.012884734125],
      [0.03053179129, 0.041168787455, 0.67477765754, 0.19134519233, 0.062176571378],
      [0.0075004496327, 0.0047184202699, 0.017940015697, 0.9596234221, 0.0102176923],
      [0.21287177622, 0.016543204409, 0.34519909878, 0.33132269289, 0.094063227703],
      [0.029233397114, 0.10943155178, 0.070560650179, 0.65890486596, 0.13186953497]
    ],
    [
      [0.0023903765101, 0.011835084618, 0.64501211318, 0.32165119293, 0.019111232762],
      [0.00037214419568, 0.19259005595, 0.49318384183, 0.30092045997, 0.012933498059],
      [0.010234908509, 0.033375369512, 0.66358605623, 0.22472439565, 0.068079270099],
      [0, 0.0017626204051, 0.021206998711, 0.96836786373, 0.008662517153],
      [0.11901548734, 0.014127288258, 0.35728865124, 0.41060156797, 0.098967005192],
      [0.014459807848, 0.081812247954, 0.063915791013, 0.71800912875, 0.12180302443]
    ],
    [
      [0.0017834477647, 0.012248231918, 0.5276551524, 0.44909474151, 0.0092184264137],
      [0.00027019464811, 0.19210564968, 0.3928769768, 0.40867600453, 0.0060711743445],
      [0, 0.036968876286, 0.59462569058, 0.33650873653, 0.031896696598],
      [0, 0.0010925140089, 0.013312423368, 0.98554516958, 4.9893046066e-05],
      [0.049590797643, 0.022903390052, 0.31738017665, 0.56351046229, 0.046615173362],
      [0.0089849756692, 0.070471116556, 0.043882974835, 0.82843868251, 0.048222250429]
    ],
    [
      [0.010401253857, 0.01294801167, 0.81130775735, 0.14419709191, 0.021145885209],
      [0.0016401136159, 0.21945655992, 0.627326122, 0.13705477752, 0.014522426943],
      [0.064669364305, 0.032918102207, 0.74974385025, 0.090657946061, 0.062010737176],
      [0.0021342888123, 0.0072519928082, 0.031241575036, 0.93931536764, 0.020056775702],
      [0.42718899477, 0.011696128287, 0.33755346903, 0.13969288807, 0.083868519848],
      [0.091561497305, 0.13076605537, 0.11355153717, 0.46510799442, 0.19901291574]
    ],
    [
      [0.002387798756, 0.021221686967, 0.80791221871, 0.15596505176, 0.012513243805],
      [0.00033068484831, 0.31388107147, 0.54833251918, 0.12991602617, 0.0075396983238],
      [0.015477855771, 0.056784463886, 0.78614758952, 0.10316557101, 0.038424519812],
      [0.0025624767775, 0.005982580451, 0.023338297534, 0.95279134952, 0.015325295721],
      [0.14065404905, 0.029564588256, 0.52112369846, 0.23268333891, 0.075974325332],
      [0.021482962764, 0.22250570158, 0.11802867121, 0.51843483485, 0.1195478296]
    ],
    [
      [0.0071432919647, 0.019291778713, 0.59413506898, 0.37096588148, 0.008463978857],
      [0.00097511716058, 0.29195061413, 0.39672722441, 0.30530272309, 0.0050443212022],
      [0.049473223474, 0.069802943871, 0.59555434617, 0.2577159203, 0.027453566185],
      [0.0096670986519, 0.0072256485046, 0, 0.98153800994, 0.0015692429033],
      [0.3154938166, 0.018080993024, 0.25520387598, 0.37644290818, 0.034778406216],
      [0.038488190637, 0.11894639703, 0.050345760442, 0.74496197636, 0.047257675533]
    ],
    [
      [0, 0.0094213925983, 0.7610291337, 0.22038395825, 0.0091655154469],
      [0, 0.179624474, 0.5935551183, 0.22059833392, 0.0062220737851],
      [0, 0.026833063897, 0.7876160643, 0.15288353045, 0.032667341346],
      [0, 0.010294153603, 0.0026427719226, 0.96604486519, 0.021018209286],
      [0, 0.054853421411, 0.51433083025, 0.3723768503, 0.058438898041],
      [0, 0.09730481414, 0.088133273372, 0.73711059276, 0.077451319731]
    ],
    [
      [0.013719382921, 0.016745804222, 0.59714738286, 0.35528864522, 0.017098784769],
      [0.0019820040067, 0.25497328773, 0.42355664081, 0.30873655802, 0.01075150943],
      [0.089002764765, 0.04461813379, 0.57413613396, 0.23438238176, 0.057860585726],
      [0.0021851959065, 0.0048567758209, 0, 0.98278404534, 0.010173982934],
      [0.44134479749, 0.012520355469, 0.20675134915, 0.28405018032, 0.055333317567],
      [0.072050645851, 0.10031503485, 0.051041750396, 0.68294575735, 0.093646811547]
    ],
    [
      [0.0053374085143, 0.026618437253, 0.73027785908, 0.22410200832, 0.013664286838],
      [0.0006860742648, 0.35738793829, 0.46117486901, 0.1731134905, 0.0076376279271],
      [0.034365403331, 0.070586000864, 0.70612059295, 0.14738258706, 0.041545415789],
      [0.0077899603289, 0.0027488986752, 0.016500523078, 0.9623344578, 0.010626160123],
      [0.25173166119, 0.029984760896, 0.38247789017, 0.2694544895, 0.066351198246],
      [0.037039453915, 0.21218916231, 0.083311003613, 0.56871877143, 0.098741608734]
    ],
    [
      [0.0038614767574, 0.010929165279, 0.71505949755, 0.24724983029, 0.022900030124],
      [0.0006138347403, 0.20520575526, 0.53970572446, 0.23850232742, 0.01597235812],
      [0.026105616256, 0.02997525772, 0.69357764345, 0.16532499356, 0.085016489017],
      [0.015866442441, 0.0080023910935, 0, 0.95784814453, 0.01828302194],
      [0.23709414399, 0.012041150768, 0.3354593321, 0.29854641333, 0.11685895981],
      [0.025889858563, 0.083213639282, 0.067447859826, 0.64255799214, 0.18089065019]
    ],
    [
      [0.007510269155, 0.027487280753, 0.61674635464, 0.32814616449, 0.02010993096],
      [0.00091785387223, 0.38049490446, 0.36612581932, 0.24172831384, 0.010733108514],
      [0.049142198441, 0.073949871262, 0.56567067748, 0.21648676677, 0.094750486044],
      [0.008160119262, 0.0057041743824, 0, 0.9770077448, 0.0091279615544],
      [0.31641948253, 0.025102348439, 0.25631492423, 0.32156923092, 0.08059401388],
      [0.039344311829, 0.16858423938, 0.050889471396, 0.62968908403, 0.11149289337]
    ],
    [
      [0.0032011774062, 0.026555913091, 0.8080363903, 0.15467189851, 0.0075346206922],
      [0.00040699223212, 0.37540543695, 0.50152926579, 0.11848163569, 0.0041766693366],
      [0.02073726742, 0.071134453787, 0.78325915402, 0.10185600388, 0.023013120888],
      [0.0081502347911, 0.004734990615, 0.023539404764, 0.9552978692, 0.008277500633],
      [0.18981637525, 0.036005913953, 0.50441230717, 0.22531833673, 0.044447066904],
      [0.028294218615, 0.28001655505, 0.11405259165, 0.50756520301, 0.07007143167]
    ],
    [
      [0.0025955900845, 0.0081502723646, 0.52128827458, 0.43505504277, 0.032910820198],
      [0.00041658730882, 0.14725472163, 0.40914991431, 0.42026738937, 0.02291138738],
      [0.018117442087, 0.023385554718, 0.5428297078, 0.3049056292, 0.11076166619],
      [0.0043806236438, 0.0027693870627, 0.0032060890899, 0.97896976421, 0.010674135991],
      [0.11829601939, 0.0082072949691, 0.23913255245, 0.48007599434, 0.15428813885],
      [0.01146453373, 0.038772786592, 0.035961958556, 0.7449704868, 0.16883023432]
    ],
    [
      [0.0035128391747, 0.010511879174, 0.89222505761, 0.088441177168, 0.0053090468698],
      [0.00058232185517, 0.18052958048, 0.72692864879, 0.088132160199, 0.0038272886717],
      [0.022907733238, 0.028192395401, 0.87364116381, 0.058938370194, 0.016320337356],
      [0.012051948169, 0.0041896605498, 0.052929795068, 0.92702592064, 0.0038026755749],
      [0.21423091908, 0.015217565688, 0.60076253309, 0.13672737975, 0.033061602403],
      [0.051652417346, 0.17691717007, 0.21471613786, 0.47557062794, 0.081143646793]
    ],
    [
      [0, 0.0074910698192, 0.55523956552, 0.43726936466, 0],
      [0, 0.13769697864, 0.43635721306, 0.4259458083, 0],
      [0, 0.023552182663, 0.64706737532, 0.32938044202, 0],
      [0, 0.011611431046, 0.014291861644, 0.97409670731, 0],
      [0.01376143643, 0.0096299483023, 0.31597093909, 0.64410556745, 0.016532108727],
      [0, 0.053526479667, 0.039094618421, 0.90737890191, 0]
    ],
    [
      [0.0029632723046, 0.013167721556, 0.63478945293, 0.3290784211, 0.020001132107],
      [0.00045216013428, 0.20861115545, 0.47596903051, 0.30170085723, 0.013266796674],
      [0.020181432084, 0.036915898803, 0.64960683668, 0.22886880908, 0.064427023351],
      [0.0017637728127, 0.0033489663963, 0.022771629943, 0.96211032379, 0.010005307063],
      [0.14219213445, 0.01513768256, 0.33912798464, 0.40411395205, 0.099428246306],
      [0.017413526585, 0.088292270449, 0.061292423173, 0.70989285707, 0.12310892272]
    ],
    [
      [0.010058227129, 0.042801579433, 0.64145575375, 0.28985330234, 0.015831137355],
      [0.00099621814947, 0.5094209333, 0.30154514589, 0.17358208869, 0.014455613968],
      [0.063527486421, 0.11099177013, 0.59600549034, 0.18246940934, 0.047005843764],
      [0.0079180372652, 0.00014963060652, 0, 0.97714580988, 0.014786522247],
      [0.41115496994, 0.034929443731, 0.23816753151, 0.25767788127, 0.05807017354],
      [0.051465816575, 0.26122110728, 0.050807396518, 0.55017722786, 0.086328451769]
    ],
    [
      [0.0011822378167, 0.037462533057, 0.67529946146, 0.26866730646, 0.017388461201],
      [0, 0.44688458528, 0.35828110424, 0.17623510269, 0.018599207784],
      [0, 0.10120337594, 0.65938544541, 0.17739433527, 0.06201684337],
      [0, 0, 0.0071421461471, 0.97933144239, 0.013526411458],
      [0, 0.048817798157, 0.40267489372, 0.44457894222, 0.1039283659],
      [0, 0.24785045743, 0.059944678494, 0.58231601378, 0.10988885029]
    ],
    [
      [0.012186030535, 0.028727045903, 0.75604670577, 0.18434333223, 0.018696885561],
      [0.0015140493143, 0.39049710523, 0.45974811442, 0.13810919822, 0.010131532821],
      [0.068710982212, 0.071935938258, 0.68607973482, 0.11377276117, 0.059500583538],
      [0, 0.0051254374212, 0.021970124708, 0.95362876556, 0.019275672314],
      [0.45726385805, 0.023743141702, 0.2876738243, 0.16352693621, 0.067792239746],
      [0.084048302535, 0.23036806928, 0.083149740938, 0.46572072991, 0.13671315734]
    ],
    [
      [0.013219611173, 0.052120368305, 0.67882448319, 0.23764851282, 0.018187024513],
      [0.0012822222031, 0.52908332684, 0.32342077405, 0.13854117606, 0.007672500847],
      [0.074608543236, 0.096696414713, 0.6013488677, 0.16186553922, 0.065480635135],
      [0, 0, 0.022440909551, 0.96678700621, 0.010772084235],
      [0.44247037901, 0.041540539431, 0.25155813637, 0.20202116668, 0.062409778517],
      [0.069652536295, 0.31577883921, 0.058847948583, 0.45619343548, 0.099527240433]
    ],
    [
      [0.0051622776576, 0.015310733737, 0.79422674529, 0.17371737041, 0.011582872902],
      [0.00078264856986, 0.24151236904, 0.5917976883, 0.15827232957, 0.007634964519],
      [0.034265118244, 0.04336720858, 0.77115511117, 0.11262072953, 0.038591832478],
      [0.0071636168494, 0.0033757066877, 0.023593033176, 0.95652811053, 0.0093395327569],
      [0.25858870453, 0.018308971671, 0.44170627625, 0.22172740806, 0.059668639486],
      [0.046314435278, 0.15745603464, 0.11708496265, 0.57093048629, 0.10821408114]
    ],
    [
      [0.0045182322514, 0, 0.691397032, 0.25567592249, 0.048408813262],
      [0.00079231369416, 0, 0.59329560296, 0.36898666998, 0.036925413363],
      [0.028702073124, 0, 0.64998387063, 0.17438856551, 0.14692549074],
      [0.0071823485887, 0, 0.012759927407, 0.96638881442, 0.013668909586],
      [0.21401690465, 0, 0.30340182307, 0.2652422572, 0.21733901508],
      [0.062645364175, 0, 0.061481932612, 0.54769681057, 0.32817589264]
    ],
    [
      [0.018384978692, 0.040156179172, 0.74348643991, 0.18011814515, 0.017854257074],
      [0.0019778671407, 0.48174306476, 0.39086470757, 0.11702230175, 0.0083920587762],
      [0.074633510578, 0.091563204768, 0.64170796932, 0.10580734208, 0.086287973255],
      [0, 0, 0.031180887329, 0.95482499699, 0.013994115684],
      [0.57576487341, 0.026061563018, 0.22129733799, 0.12583962558, 0.051036599999],
      [0.11413465288, 0.29019759416, 0.072542679072, 0.4062844028, 0.11684067109]
    ],
    [
      [0.0043887458412, 0.014337581599, 0.85821440186, 0.11475927528, 0.0082999954142],
      [0.00068076322578, 0.23288840816, 0.65375623622, 0.10707342797, 0.005601164422],
      [0.028384313851, 0.038141275444, 0.83242532064, 0.075723471798, 0.025325618271],
      [0.011285234592, 0.0074567184999, 0.032693015648, 0.93662221116, 0.011942820102],
      [0.24611616913, 0.018919430073, 0.52569605224, 0.16193355686, 0.047334791695],
      [0.051218516698, 0.1925055762, 0.16310968976, 0.49179311897, 0.10137309837]
    ],
    [
      [1.6052724205e-05, 0.00079051763043, 0.98736203064, 0.01166011175, 0.00017128725673],
      [0, 0, 0.98473162676, 0.015268373238, 0],
      [0, 0, 0.99163689084, 0.0083631091572, 0],
      [0, 0, 0.10988038789, 0.89011961211, 0],
      [0.21928629241, 0.021129572179, 0.50009768185, 0.19388616628, 0.065600287284],
      [0, 0, 0.60083614913, 0.39916385087, 0]
    ],
    [
      [0.009034194898, 0.061981246018, 0.6426738705, 0.27940831031, 0.0069023782758],
      [0.00076458157463, 0.58868582474, 0.26548533793, 0.14251361404, 0.0025506417145],
      [0.055702391525, 0.1054220669, 0.59166414199, 0.24557673442, 0.0016346651679],
      [0.0087109180997, 0, 0.018010610405, 0.9732784715, 0],
      [0.36584936906, 0.057215579597, 0.27348145569, 0.27599719275, 0.027456402909],
      [0.044430963823, 0.36397041204, 0.051046457848, 0.50559370509, 0.034958461201]
    ],
    [
      [0, 0.011180770485, 0.80100036363, 0.17769144703, 0.010127418855],
      [0, 0.19106146831, 0.63064155019, 0.17180870876, 0.0064882727476],
      [0, 0.031067004548, 0.81090258926, 0.1218259146, 0.036204491593],
      [0, 0.0031975753569, 0.019093041947, 0.96784317644, 0.0098662062594],
      [0, 0.085074230579, 0.56257661195, 0.29178556869, 0.060563588782],
      [0, 0.13425778337, 0.12328219564, 0.6485225349, 0.093937486095]
    ],
    [
      [0.003708803708, 0.010695622452, 0.87442553775, 0.10113402784, 0.010036008253],
      [0.00061253745679, 0.18167310056, 0.71017320095, 0.10033672915, 0.0072044318829],
      [0.023975729571, 0.028457466185, 0.85001080077, 0.066925830694, 0.030630172784],
      [0.0097542363625, 0.0017939909359, 0.045590683201, 0.92832359698, 0.014537492517],
      [0.21259162592, 0.01480278758, 0.56377792789, 0.14917278205, 0.059654876558],
      [0.047774934461, 0.15727509236, 0.1860352663, 0.47467891655, 0.13423579033]
    ],
    [
      [0.0031467199431, 0.013669856543, 0.85492241844, 0.11723205608, 0.011028948996],
      [0.00049412085389, 0.22134444316, 0.6600355747, 0.11059808678, 0.0075277745085],
      [0.020368460145, 0.036418163415, 0.83186127132, 0.077637450163, 0.033714654954],
      [0.0067549231985, 0.004988439252, 0.035774310167, 0.93784957709, 0.014632750297],
      [0.18296395054, 0.019116229366, 0.55671091164, 0.17484380455, 0.066365103901],
      [0.036120919373, 0.17923712093, 0.16175883012, 0.49109891728, 0.13178421229]
    ],
    [
      [0.0028786093235, 0.014140001179, 0.88875690757, 0.087253722118, 0.0069707598067],
      [0.00045092046946, 0.2281457974, 0.68455757808, 0.082099569566, 0.0047461344813],
      [0.019111453988, 0.03944585899, 0.87296200164, 0.050485917708, 0.017994767671],
      [0.0077653416453, 0.0060652367362, 0.051576544252, 0.92367351362, 0.010919363747],
      [0.17764321231, 0.021100284357, 0.61787816235, 0.13874081537, 0.044637525614],
      [0.039552207743, 0.22228479136, 0.20183179659, 0.43700257651, 0.099328627799]
    ],
    [
      [0, 0.011403838587, 0.67579717829, 0.3028385586, 0.0099604245313],
      [0, 0.19586931388, 0.51238850226, 0.28569367206, 0.0060485118001],
      [0, 0.033067583239, 0.71281251235, 0.22506724696, 0.029052657452],
      [0, 0.0014095675564, 0.0036654714355, 0.99095778881, 0.0039671722001],
      [0, 0.051308619094, 0.41081887538, 0.487365198, 0.05050730753],
      [0, 0.098029542037, 0.069564925597, 0.77091301525, 0.061492517121]
    ],
    [
      [0.00029595060473, 0.011276175814, 0.8957032817, 0.091846994894, 0.00087759699106],
      [0, 0.26141180791, 0.65122325465, 0.087364937439, 0],
      [0, 0.036063461267, 0.90211905919, 0.061817479545, 0],
      [0, 0.020831558108, 0.014301197719, 0.96486724417, 0],
      [0, 0.035681070659, 0.76237714964, 0.2019417797, 0],
      [0.0036015594481, 0.22858416852, 0.17398301908, 0.58581303389, 0.0080182190554]
    ],
    [
      [0.0029512972906, 0.008549851048, 0.89981154896, 0.084459655043, 0.0042276476574],
      [0.00050574453276, 0.15257743952, 0.75664855295, 0.087113800589, 0.003154462408],
      [0.019406454191, 0.023108174472, 0.88770580739, 0.056919326723, 0.012860237222],
      [0.013279673218, 0.0031071828497, 0.051809090165, 0.93180405377, 0],
      [0.19067801067, 0.012958917784, 0.63184841375, 0.13693682747, 0.027577830329],
      [0.046947946391, 0.15651510332, 0.23121167834, 0.49519090662, 0.070134365322]
    ],
    [
      [0.017775839022, 0.054913052495, 0.73322695374, 0.17178517915, 0.022298975594],
      [0.001589136958, 0.57814496682, 0.31877039812, 0.092782433798, 0.0087130642976],
      [0.10085718252, 0.12759306497, 0.61353835671, 0.098010662924, 0.06000073288],
      [0.00385706513, 0, 0.030093915742, 0.9435068823, 0.022542136826],
      [0.55848913033, 0.036058089434, 0.21986706242, 0.12115599972, 0.064429718101],
      [0.09786487559, 0.36595749486, 0.063413290034, 0.34273269609, 0.13003164343]
    ],
    [
      [0.003875392312, 0.029716082659, 0.70576667795, 0.23422554853, 0.026416298553],
      [0.00046966892049, 0.40007501738, 0.41444475918, 0.17103900721, 0.013971547309],
      [0.024633184694, 0.077780211546, 0.66727278294, 0.15070759833, 0.079606222493],
      [0.0070190946809, 0.0055962133406, 0.0083193732378, 0.96267792877, 0.016387389972],
      [0.19563162397, 0.033198228792, 0.35848296809, 0.28164562782, 0.13104155133],
      [0.02349597664, 0.21123520754, 0.067047775253, 0.52432351292, 0.17389752765]
    ],
    [
      [0.0058791348849, 0.020247701227, 0.72011032307, 0.23515322692, 0.018609613903],
      [0.00082259531586, 0.2950366395, 0.49509568246, 0.19772394114, 0.011321141586],
      [0.037888309917, 0.053718949672, 0.69693359439, 0.15480396817, 0.05665517785],
      [0.0078657564208, 0.0053087703838, 0.014651121757, 0.9604814739, 0.01169287754],
      [0.26382915581, 0.021719684177, 0.35914861186, 0.26920285012, 0.086099698035],
      [0.040187269406, 0.1585475221, 0.080931601101, 0.58764372098, 0.13268988641]
    ],
    [
      [0.0017884511902, 0.016788292497, 0.86083726777, 0.11282437428, 0.0077616142599],
      [0.00026749807671, 0.26096390407, 0.63231154683, 0.1014089521, 0.0050480989165],
      [0.0043957224657, 0.045113256211, 0.84403915759, 0.07965970906, 0.026792154675],
      [0, 0.0065518230777, 0.040474171933, 0.9434113193, 0.0095626856857],
      [0.11480206704, 0.02603460445, 0.62075541705, 0.1866183278, 0.05178958365],
      [0.021125608068, 0.22841431162, 0.16719275921, 0.48765145213, 0.095615868983]
    ],
    [
      [3.3069644477e-05, 0.0016193186106, 0.99750799583, 6.0875316992e-18, 0.00083961591127],
      [9.0252883512e-06, 0.0021482839488, 0.99697773241, 1.4933404357e-17, 0.00086495834854],
      [0, 0, 0.89283183734, 0.10716816266, 0],
      [0, 0, 0.012278858614, 0.98772114139, 0],
      [0.21928629241, 0.021129572179, 0.50009768185, 0.19388616628, 0.065600287284],
      [0, 0, 0.03516579341, 0.96483420659, 0]
    ],
    [
      [0.0029940579327, 0.01241572197, 0.9067273954, 0.069217736476, 0.0086450882237],
      [0.0004835186651, 0.20625694262, 0.720042196, 0.067149166522, 0.0060681761923],
      [0.021206804469, 0.034684488579, 0.88759748537, 0.029437753124, 0.027073468455],
      [0.0099449887411, 0.0065569494709, 0.064775371874, 0.90204555041, 0.016677139501],
      [0.18503744025, 0.018540574279, 0.63085130237, 0.11014175598, 0.055428927118],
      [0.045121768636, 0.2138235787, 0.22577837899, 0.38001282129, 0.13526345239]
    ],
    [
      [0.0028884851402, 0.0081838825609, 0.89042015757, 0.090064459554, 0.0084430151703],
      [0.00049799375589, 0.14501260892, 0.75487599755, 0.093286301835, 0.0063270979432],
      [0.018834757241, 0.01422904939, 0.87915651041, 0.060117521052, 0.027662161903],
      [0.0084369275363, 0, 0.05269759573, 0.92602715496, 0.012838321774],
      [0.17735679773, 0.012126025426, 0.61450323578, 0.14226348694, 0.053750454126],
      [0.042138882419, 0.13623740773, 0.21431060988, 0.47928071474, 0.12803238523]
    ],
    [
      [0.0022834329889, 0.013523855142, 0.8667175478, 0.11075849644, 0.0067166676281],
      [0.00035955878545, 0.21926592941, 0.67100678957, 0.10477036255, 0.0045973596898],
      [0.014952062167, 0.036460326079, 0.8535810977, 0.074242250596, 0.020764263462],
      [0.0018976752681, 0.0056486561168, 0.043060376672, 0.94350919345, 0.0058840984889],
      [0.14359164852, 0.020528737899, 0.61280678022, 0.17927173647, 0.043801096891],
      [0.028747704666, 0.19449462112, 0.18006231999, 0.50888652392, 0.087808830308]
    ],
    [
      [0.0040369117614, 0.014061739281, 0.89627768465, 0.073917836813, 0.011705827499],
      [0.00063533118135, 0.22784467255, 0.69362774405, 0.069884889822, 0.0080073623949],
      [0.027451057995, 0.03907620088, 0.86586509193, 0.031892547983, 0.035715101215],
      [0.012518077654, 0.0069328088076, 0.05977524185, 0.89969532014, 0.021078551552],
      [0.22999905704, 0.019312121314, 0.57345654536, 0.10817098588, 0.069061290403],
      [0.054565419212, 0.21718824773, 0.20007954135, 0.36380628558, 0.16436050613]
    ],
    [
      [0.0021438078933, 0.0092484180298, 0.90874949884, 0.0735591488, 0.006299126435],
      [0.00036393155735, 0.16159615755, 0.75834825857, 0.075042756754, 0.0046488955654],
      [0.014003530756, 0.02455863122, 0.89282980753, 0.04918215853, 0.019425871966],
      [0.0054071689923, 0, 0.075956896615, 0.90797631389, 0.010659620502],
      [0.14221630293, 0.014749171036, 0.67468369091, 0.12514556548, 0.043205269645],
      [0.03509126507, 0.17286286403, 0.24466799682, 0.44000046306, 0.10737741102]
    ],
    [
      [0.0033819023315, 0.018020778669, 0.87998236826, 0.090860472062, 0.0077544786805],
      [0.00049874055928, 0.27629692413, 0.63769854036, 0.080533349497, 0.0049724454499],
      [0.021686091686, 0.047580070594, 0.84768816889, 0.059575188578, 0.023470480251],
      [0.012378147558, 0.0091986538968, 0.051827388749, 0.91448385867, 0.01211195113],
      [0.20235818468, 0.025772629273, 0.58548590484, 0.13864343235, 0.047739848865],
      [0.042353269778, 0.2595065743, 0.18106405104, 0.41592720643, 0.10114889846]
    ],
    [
      [0.0029921973904, 0.010105617609, 0.85632746223, 0.12034674114, 0.010227981633],
      [0.00049709416923, 0.17242957327, 0.69959251542, 0.12009544669, 0.0073853704559],
      [0.019548044063, 0.026857928029, 0.8412539478, 0.080481010411, 0.031859069701],
      [0.0059026049361, 0, 0.038486820887, 0.94308815525, 0.012522418929],
      [0.1758379357, 0.014327786818, 0.56562745694, 0.18189608948, 0.062310731059],
      [0.036007493594, 0.1385435261, 0.17010746637, 0.52751162561, 0.12782988832]
    ],
    [
      [0.0033943866435, 0.021185767747, 0.82436902618, 0.14060349076, 0.010447328673],
      [0.00047592526093, 0.30643271771, 0.56830782776, 0.11841659921, 0.0063669300518],
      [0.021843176635, 0.056135153112, 0.79768082002, 0.092596951272, 0.031743898958],
      [0.0059667634082, 0.0032141826858, 0.030887537656, 0.94837050536, 0.011561010892],
      [0.18990999457, 0.028606567157, 0.51851306789, 0.20236630364, 0.060604066741],
      [0.032840753295, 0.23442311168, 0.13177109373, 0.49604275595, 0.10492228535]
    ],
    [
      [0.0032662496983, 0.021956906816, 0.87551131524, 0.090803027361, 0.0084625008843],
      [0.00045501840359, 0.31917713841, 0.59921161792, 0.076030286264, 0.0051259390036],
      [0.020795062619, 0.057571164286, 0.83710465811, 0.05909646183, 0.025432653151],
      [0.010926110322, 0.0061523292033, 0.051786528673, 0.91666999206, 0.014465039738],
      [0.19600153562, 0.031382078009, 0.58197668327, 0.13852054126, 0.052119161842],
      [0.038455294671, 0.29782612844, 0.16913852929, 0.39068715216, 0.10389289544]
    ],
    [
      [0.0039075447786, 0.013667242205, 0.88995367861, 0.084520884673, 0.0079506497343],
      [0.00061750851696, 0.22208557491, 0.69160087637, 0.080234756602, 0.0054612835976],
      [0.025086126931, 0.036114987983, 0.85915489472, 0.055551247669, 0.024092742695],
      [0.012971424652, 0.0079492696355, 0.060281761889, 0.90704542674, 0.011752117088],
      [0.22650657758, 0.019133398291, 0.58050469207, 0.12608281206, 0.047772519991],
      [0.053346118883, 0.21304961601, 0.20078273796, 0.42025404866, 0.11256747848]
    ],
    [
      [0.0023094851911, 0.0084506498503, 0.73968695737, 0.24218088552, 0.007372022067],
      [0.00038465312038, 0.15478904609, 0.59605361407, 0.24340287002, 0.0053698166926],
      [0.015963281827, 0.024037360548, 0.76642310441, 0.16952746543, 0.024048787794],
      [0.0037463616858, 0.0017973041946, 0.010003940002, 0.97927887526, 0.0051735188604],
      [0.13907744737, 0.01147665952, 0.4506295615, 0.35490771459, 0.043908617017],
      [0.018673290757, 0.078984512998, 0.090595064736, 0.74756941118, 0.064177720325]
    ],
    [
      [0.010901495808, 0.023565016142, 0.58817422139, 0.37735926666, 0],
