{
  "Z_true": {},
  "V_true": [
    [660, 1077, 181, 71],
    [902, 10481, 613, 418],
    [170, 345, 14700, 379],
    [93, 552, 1045, 335],
    [102, 625, 1216, 726]
  ],
  "p_true": [
    [0.3318, 0.5415, 0.091, 0.0357],
    [0.0727, 0.8443, 0.0494, 0.0337],
    [0.0109, 0.0221, 0.9427, 0.0243],
    [0.0459, 0.2726, 0.516, 0.1654],
    [0.0382, 0.2342, 0.4556, 0.272]
  ],
  "Z_est": {},
  "V_est": [
    [1525.3201, 197.3627, 22.126, 244.1913],
    [401.6799, 12012.3201, 0, 0],
    [0, 0, 15562.4965, 31.5035],
    [0, 636.8773, 582.1798, 805.9429],
    [0, 233.4399, 1588.1977, 847.3624]
  ],
  "p_est": [
    [0.7669, 0.0992, 0.0111, 0.1228],
    [0.0324, 0.9676, 0, 0],
    [0, 0, 0.998, 0.002],
    [0, 0.3145, 0.2875, 0.398],
    [0, 0.0875, 0.5951, 0.3175]
  ],
  "EI_Z": {},
  "EI_V": 12.9189,
  "MAE_Z": {},
  "MAE_V": 448.1708,
  "MAE_p": 0.116,
  "runtime": 0.0291
}
