{
  "X": [
    [24, 72, 56, 226, 40],
    [1, 5, 7, 36, 3],
    [10, 66, 19, 54, 15],
    [10, 45, 16, 153, 13],
    [7, 50, 7, 83, 8],
    [45, 202, 140, 356, 49],
    [6, 14, 10, 136, 13],
    [6, 71, 18, 112, 8],
    [21, 43, 37, 166, 23],
    [5, 9, 14, 144, 10],
    [151, 257, 239, 1140, 163],
    [139, 217, 260, 919, 155],
    [3, 21, 7, 9, 4],
    [22, 22, 32, 73, 18],
    [16, 23, 21, 109, 8],
    [13, 87, 20, 131, 8],
    [5, 12, 9, 11, 2],
    [6, 18, 18, 172, 30],
    [13, 11, 18, 134, 11],
    [44, 68, 102, 540, 53],
    [5, 37, 14, 63, 4],
    [41, 74, 113, 234, 36],
    [106, 139, 271, 586, 94],
    [13, 49, 34, 408, 19],
    [15, 31, 35, 185, 18],
    [5, 8, 15, 136, 8],
    [17, 21, 31, 226, 9],
    [31, 143, 90, 315, 36],
    [10, 41, 50, 99, 12],
    [1, 4, 14, 145, 9],
    [3, 11, 10, 68, 1],
    [29, 40, 71, 175, 49],
    [46, 93, 140, 415, 56],
    [61, 119, 177, 378, 73],
    [16, 68, 108, 202, 28],
    [1, 17, 8, 46, 2],
    [4, 39, 27, 64, 9],
    [23, 42, 90, 170, 27],
    [24, 68, 96, 204, 32],
    [27, 82, 120, 207, 37],
    [49, 197, 227, 408, 53],
    [47, 158, 201, 380, 43],
    [13, 101, 110, 134, 33],
    [12, 17, 21, 174, 12],
    [16, 32, 67, 219, 23],
    [38, 88, 110, 180, 51],
    [33, 89, 100, 235, 49],
    [121, 231, 312, 493, 106],
    [60, 152, 143, 592, 63],
    [21, 30, 37, 157, 28],
    [14, 64, 49, 105, 14],
    [12, 15, 55, 138, 16],
    [99, 296, 261, 904, 111],
    [9, 21, 15, 48, 8],
    [2, 22, 7, 128, 8],
    [23, 109, 84, 263, 26],
    [20, 77, 60, 303, 36],
    [3, 36, 10, 79, 12],
    [27, 179, 106, 563, 45],
    [364, 721, 879, 2626, 304],
    [3, 17, 4, 67, 2],
    [16, 111, 79, 312, 23],
    [91, 401, 308, 917, 136],
    [0, 57, 22, 116, 4]
  ],
  "W": [
    [30, 47, 66, 210, 50, 15],
    [1, 4, 6, 32, 4, 5],
    [6, 47, 26, 52, 18, 15],
    [6, 35, 22, 149, 15, 10],
    [3, 31, 16, 79, 14, 12],
    [26, 131, 157, 360, 84, 34],
    [13, 7, 15, 128, 5, 11],
    [8, 52, 25, 115, 8, 7],
    [14, 32, 32, 160, 37, 15],
    [13, 13, 8, 128, 9, 11],
    [133, 161, 258, 1064, 230, 104],
    [99, 162, 233, 882, 244, 70],
    [1, 11, 13, 9, 7, 3],
    [3, 12, 44, 71, 30, 7],
    [0, 12, 27, 101, 26, 11],
    [6, 63, 35, 117, 29, 9],
    [3, 9, 16, 5, 3, 3],
    [9, 12, 18, 168, 17, 20],
    [5, 6, 16, 132, 19, 9],
    [27, 43, 105, 532, 73, 27],
    [1, 23, 23, 59, 9, 8],
    [26, 39, 121, 215, 71, 26],
    [58, 98, 261, 525, 193, 61],
    [8, 38, 38, 384, 33, 22],
    [6, 14, 46, 183, 27, 8],
    [5, 7, 19, 126, 5, 10],
    [8, 9, 37, 213, 24, 13],
    [22, 106, 101, 313, 56, 17],
    [7, 29, 48, 95, 25, 8],
    [6, 4, 11, 140, 3, 9],
    [2, 6, 9, 69, 6, 1],
    [24, 24, 86, 167, 45, 18],
    [29, 65, 126, 388, 108, 34],
    [34, 81, 179, 366, 102, 46],
    [19, 62, 90, 184, 45, 22],
    [0, 10, 11, 48, 3, 2],
    [0, 43, 18, 63, 10, 9],
    [12, 33, 87, 163, 40, 17],
    [18, 42, 96, 207, 46, 15],
    [27, 58, 116, 201, 55, 16],
    [32, 142, 233, 393, 92, 42],
    [34, 111, 202, 363, 91, 28],
    [15, 76, 108, 130, 44, 18],
    [11, 8, 24, 158, 21, 14],
    [11, 26, 62, 218, 30, 10],
    [19, 51, 131, 181, 70, 15],
    [24, 62, 113, 221, 68, 18],
    [52, 142, 327, 474, 213, 55],
    [35, 101, 166, 571, 102, 35],
    [13, 21, 32, 157, 40, 10],
    [9, 44, 52, 102, 26, 13],
    [7, 5, 55, 124, 33, 12],
    [57, 189, 260, 908, 202, 55],
    [9, 13, 23, 42, 13, 1],
    [7, 13, 7, 120, 11, 9],
    [19, 63, 105, 267, 41, 10],
    [18, 53, 67, 300, 41, 17],
    [6, 29, 15, 75, 6, 9],
    [25, 109, 136, 549, 64, 37],
    [159, 549, 887, 2550, 570, 179],
    [3, 10, 8, 68, 3, 1],
    [9, 76, 87, 313, 33, 23],
    [53, 274, 359, 928, 146, 93],
    [2, 38, 31, 111, 3, 14]
  ],
  "method": "mult",
  "cond_prob": [
    [
      [0.088251447679, 0.0092298946689, 0.038653498206, 0.25272078967, 0.61114436978],
      [5.040698104e-07, 0.9890659202, 0.008294292208, 0.0013260805065, 0.0013132030128],
      [0, 0.24793761478, 0.6269326393, 0.089998634344, 0.035131111583],
      [0, 0.025434488591, 0, 0.96150597269, 0.013059538719],
      [0.42618058492, 0.036470162165, 0.24604175819, 0.04356937337, 0.24773812136],
      [0.0028935754804, 0.11389144152, 0.051394747813, 0.55476118173, 0.27705905345]
    ],
    [
      [0.052241953822, 0.006941916303, 0.055258889439, 0.27250961482, 0.61304762562],
      [0, 0.98375830686, 0.013371073874, 0.0016114290799, 0.0012591901826],
      [0, 0.095200070962, 0.82731085545, 0.055435793194, 0.022053280391],
      [0, 0, 0.0015962972286, 0.99568793522, 0.0027157675532],
      [0.23693951154, 0.01491047458, 0.37856885388, 0.1387596475, 0.2308215125],
      [0, 0.085436506431, 0.072406951098, 0.59427547855, 0.24788106392]
    ],
    [
      [0.10268898353, 0.0097206675294, 0.031560174807, 0.20818546628, 0.64784470786],
      [0, 0.99768598348, 0, 0.0010331147621, 0.0012809017611],
      [0.007916308633, 0.37689072321, 0.56315102877, 0.011623211592, 0.040418727796],
      [0, 0.13335050903, 0, 0.85087931708, 0.015770173889],
      [0.50683917203, 0.019181167829, 0.19326984511, 0.034267248386, 0.24644256664],
      [0.0036624651874, 0.13145256517, 0.045990332743, 0.50250615652, 0.31638848037]
    ],
    [
      [0.12060467754, 0.0085160750161, 0.031824817262, 0.24053663035, 0.59851779983],
      [7.3450155554e-07, 0.98996231892, 0, 0.0039272800386, 0.0061096665436],
      [0.026010634098, 0.27131711679, 0.57480152428, 0.089742747853, 0.038127976988],
      [0.002200815878, 0.020039995024, 0, 0.96180601261, 0.015953176488],
      [0.55565123486, 0.01558922183, 0.18106730133, 0.03680719598, 0.210885046],
      [0.0041422188304, 0.11114482325, 0.04474080424, 0.55837811452, 0.28159403916]
    ],
    [
      [0.11495708409, 0.013197441765, 0.021471230338, 0.27999527875, 0.57037896505],
      [0, 0.99898064855, 0, 0.0010193514526, 0],
      [0, 0.65928566486, 0.29701083727, 0.01740135871, 0.026302139163],
      [0, 0.060155034609, 0, 0.93984496539, 0],
      [0.47236005025, 0.13222424259, 0.13292903516, 0.046433810335, 0.21605286167],
      [0.0035073370188, 0.15333748348, 0.026867201701, 0.57934724323, 0.23694073458]
    ],
    [
      [0.11095841117, 0.010770284587, 0.047627151545, 0.25309589482, 0.57754825788],
      [5.4891537116e-07, 0.98893083157, 0.008841320556, 0.0011491138321, 0.001078185123],
      [0.011103526595, 0.23281068373, 0.71768895581, 0.010584769336, 0.027812064532],
      [0, 0.082144594871, 0.0024013938247, 0.90524148261, 0.010212528699],
      [0.4791668335, 0.019165828252, 0.26126176623, 0.03768615939, 0.20271941263],
      [0.0035806386088, 0.13049331156, 0.062230143071, 0.54572332089, 0.25797258587]
    ],
    [
      [0.15079511377, 0.0088717028518, 0.032549628499, 0.25664142132, 0.55114213357],
      [8.2699828181e-07, 0.99070805435, 0.0068394573083, 0.0013203418899, 0.0011313194522],
      [0.030791120095, 0.24945424665, 0.54912444352, 0.13684548428, 0.033784705444],
      [0.0031175528962, 0.014743944098, 0, 0.96896509935, 0.013173403659],
      [0.62474910156, 0.013960743826, 0.16001227659, 0.033740661406, 0.16753721662],
      [0.0049998774636, 0.11371538355, 0.04473187205, 0.58231825836, 0.25423460858]
    ],
    [
      [0.14232513273, 0.012011235911, 0.043381613766, 0.28073464251, 0.52154737508],
      [0, 0.99804123197, 0, 0.0011310121439, 0.00082775588688],
      [0.0086958309294, 0.33159813955, 0.62327871272, 0.011928730366, 0.024498586436],
      [0, 0.083350381377, 0, 0.91325232523, 0.0033972933893],
      [0.57670619424, 0.018815434583, 0.21118404165, 0.036747332077, 0.15654699745],
      [0.0043362301388, 0.1399993181, 0.054500991234, 0.58272798725, 0.21843547328]
    ],
    [
      [0.11345079565, 0.0086297168852, 0.04793810276, 0.25053545537, 0.57944592933],
      [6.8457183095e-07, 0.98642353084, 0.010880103369, 0.0013905956379, 0.001305085579],
      [0.018503204269, 0.18877900803, 0.75356897807, 0.010785081607, 0.028363728025],
      [0.0042909334216, 0.019312564403, 0.007826581778, 0.95229960788, 0.016270312521],
      [0.48855381659, 0.015154421844, 0.26064728891, 0.0367824267, 0.19886204595],
      [0.0037682571037, 0.10813192047, 0.064686212081, 0.55826632698, 0.26514728336]
    ],
    [
      [0.080348859772, 0, 0.07708902508, 0.3569115232, 0.48565059195],
      [1.0183569717e-06, 0.59047200433, 0.028031939105, 0.3797648001, 0.0017302381103],
      [0.011890475961, 0.077719411952, 0.88446032934, 0.0097074819803, 0.016222300763],
      [0, 0, 0.0088401176473, 0.99078111064, 0.00037877171562],
      [0.42510995361, 0.0079527360156, 0.37798980713, 0.042448768829, 0.14649873441],
      [0.0031216540108, 0.057321274907, 0.093118318891, 0.64941153275, 0.19702721944]
    ],
    [
      [0.12978201312, 0.0094750868946, 0.042947342562, 0.26672265681, 0.55107290062],
      [7.3174443971e-07, 0.98836678235, 0.009073727672, 0.0013787017463, 0.0011800564914],
      [0.022836247342, 0.23151941645, 0.67484429837, 0.041196787683, 0.029603250149],
      [0.0042973445503, 0.019919589069, 0, 0.96331783507, 0.012465231315],
      [0.53407511448, 0.016149636257, 0.2254983889, 0.038054746458, 0.18622211391],
      [0.0042064586346, 0.11511435512, 0.056275719787, 0.5764651562, 0.24793831026]
    ],
    [
      [0.11024540212, 0.0078452303552, 0.047115866196, 0.24556322016, 0.58923028117],
      [7.4802172796e-07, 0.98497559402, 0.011978859577, 0.0015274094778, 0.0015173889043],
      [0.018855351156, 0.17863432433, 0.76070752378, 0.011055748899, 0.030747051839],
      [0.0076274329449, 0.0052374726343, 0.0090566128257, 0.95692298543, 0.021155496162],
      [0.47829245491, 0.014097732438, 0.26083397949, 0.0369366267, 0.20983920646],
      [0.0037361762046, 0.099659725946, 0.064552534968, 0.5549600187, 0.27709154418]
    ],
    [
      [0.077571690501, 0.011163978019, 0.023621441979, 0.18194993182, 0.70569295768],
      [0, 0.99503167844, 0.0039676224663, 0, 0.0010006990954],
      [0, 0.56060875023, 0.43155299066, 0, 0.0078382591033],
      [0, 0.18232170731, 0.0015279895544, 0.79610479605, 0.020045507088],
      [0.41627214416, 0.091212564354, 0.17153103487, 0.034586760166, 0.28639749645],
      [0.0028411001259, 0.15873016327, 0.036025560734, 0.4703331942, 0.33206998166]
    ],
    [
      [0.11573445903, 0.0062294864277, 0.026976187225, 0.18691532293, 0.66414454439],
      [9.4806973872e-07, 0.98827752939, 0.0083263159229, 0.0014080161021, 0.0019871905105],
      [0.07185258771, 0.20696625805, 0.60649046695, 0.012988164285, 0.10170252301],
      [0.027434953631, 0, 0, 0.95003330362, 0.022531742744],
      [0.55037495071, 0.012016450871, 0.16095898711, 0.03009035545, 0.24655925586],
      [0.00459159398, 0.093567472529, 0.043543641188, 0.49940048408, 0.35889680822]
    ],
    [
      [0.14876122374, 0.010824619123, 0.03901662928, 0.29531517118, 0.50608235667],
      [6.9852003183e-07, 0.99094909173, 0.0069092793374, 0.001278121457, 0.00086280895372],
      [0.020189826559, 0.25984324799, 0.56748685819, 0.1262036002, 0.026276467064],
      [0, 0.022329610029, 0, 0.96867489625, 0.0089954937166],
      [0.59248784265, 0.017407475661, 0.19456368255, 0.039665901596, 0.15587509755],
      [0.0045620356195, 0.12590529303, 0.048753430051, 0.60997157946, 0.21080766184]
    ],
    [
      [0.12705506522, 0.014285365663, 0.036151503732, 0.37946171557, 0.44304634981],
      [0, 0.99306635363, 0, 0.0069336463652, 0],
      [0, 0.40563326322, 0.38893014028, 0.2054365965, 0],
      [0, 0.029986134228, 0, 0.97001386577, 0],
      [0.42096634734, 0.18576743543, 0.20094099658, 0.056919382354, 0.13540583829],
      [0.0032939484277, 0.13981222024, 0.03813857411, 0.66153830271, 0.15721695451]
    ],
    [
      [0.26000312539, 0.0078391719003, 0.030125915916, 0.35905024583, 0.34298154096],
      [1.556922918e-06, 0.99017752167, 0.007113732715, 0.0020099754331, 0.00069721325581],
      [0.11148315953, 0.17028980499, 0.52738341638, 0.16808125593, 0.022762363182],
      [0.0027883018417, 0.010501189669, 0.00098900303281, 0.98068201214, 0.0050394933147],
      [0.8001184937, 0.0081562912145, 0.09803265283, 0.030353841265, 0.063338720994],
      [0.0073163562587, 0.08775769582, 0.0361403407, 0.7403292681, 0.12845633912]
    ],
    [
      [0.047916114609, 0.0053398687024, 0.029899652882, 0.17734135869, 0.73950300512],
      [4.5250945889e-07, 0.98517781041, 0.010673879053, 0.0015496199903, 0.0025982380364],
      [0.0088525827852, 0.18162332847, 0.73898553946, 0.011815624961, 0.058722924315],
      [0, 0.0060963428847, 0, 0.95300632633, 0.040897330788],
      [0.31820017931, 0.014176602481, 0.24690378913, 0.039357853322, 0.38136157576],
      [0, 0.079769984869, 0.0051856224927, 0.46992523766, 0.44511915498]
    ],
    [
      [0.13828585098, 0.0074014719726, 0.045913439091, 0.25060289428, 0.55779634367],
      [9.1332621202e-07, 0.98566512669, 0.011455986479, 0.0015301293126, 0.001347844193],
      [0.023395700996, 0.17048762747, 0.76710945999, 0.011236983022, 0.027770228521],
      [0.010405010195, 0.0093229653668, 0.0037793532372, 0.9601328129, 0.0163598583],
      [0.55359914014, 0.011865178119, 0.22916209783, 0.033562945195, 0.17181063872],
      [0.0047098934208, 0.096125558641, 0.063887893312, 0.57586508474, 0.25941156988]
    ],
    [
      [0.11180251494, 0.0073119964509, 0.044368033379, 0.24286773814, 0.59364971709],
      [8.0525271304e-07, 0.98478571753, 0.01199412514, 0.0016062659606, 0.0016130861188],
      [0.020164469016, 0.17613553311, 0.75967999457, 0.011546522139, 0.032473481166],
      [0.0054787423365, 0.006481141669, 0.001489268385, 0.96695973812, 0.019591109486],
      [0.49103581386, 0.013219098581, 0.24740245473, 0.036743912931, 0.2115987199],
      [0.0038415884866, 0.094429544502, 0.0617498634, 0.55763816606, 0.28234083755]
    ],
    [
      [0.13601811816, 0.013333487911, 0.038908232634, 0.31433698754, 0.49740317376],
      [0, 0.99347266894, 0, 0.0058566683778, 0.00067066268698],
      [0, 0.44963800322, 0.51308877844, 0.013896416607, 0.023376801732],
      [0, 0.034138074618, 0, 0.96499828096, 0.00086364442399],
      [0.53699307892, 0.068077329659, 0.19924463002, 0.043171059676, 0.15251390172],
      [0.0038805214419, 0.14603483539, 0.045856024131, 0.61348799303, 0.19074062601]
    ],
    [
      [0.12524593916, 0.010114180787, 0.051771791725, 0.28329911, 0.52956897833],
      [6.5307540534e-07, 0.98746967873, 0.010133651197, 0.0013557524731, 0.0010402645281],
      [0.014493548055, 0.20422853659, 0.74579447709, 0.011268403465, 0.024215034803],
      [0, 0.029118397009, 0.0023441802391, 0.96358468969, 0.0049527330619],
      [0.50547930539, 0.016797360747, 0.26514438407, 0.039352186918, 0.17322676287],
      [0.0038780813452, 0.11773049737, 0.064936125781, 0.58665993922, 0.22679535628]
    ],
    [
      [0.11709153455, 0.0076403490526, 0.052771980363, 0.2796443527, 0.54285178334],
      [8.1265472115e-07, 0.98306472169, 0.013727110544, 0.0017792951234, 0.0014280599878],
      [0.018421328051, 0.13068190146, 0.78386532941, 0.041008061652, 0.026023379427],
      [0.0012895445627, 0, 0.007846155005, 0.98059075198, 0.010273548457],
      [0.48443232666, 0.013082879944, 0.27837913291, 0.040075208525, 0.18403045196],
      [0.0037408982748, 0.091533523253, 0.068175627869, 0.59604086062, 0.24050908999]
    ],
    [
      [0.09197938324, 0.0091044967371, 0.046481877498, 0.31545285303, 0.5369813895],
      [0, 0.98711728333, 0, 0.011728442407, 0.0011542742595],
      [0, 0.20241122426, 0.60803017723, 0.16278960983, 0.026768988681],
      [0, 0.0023757342894, 0, 0.99226940431, 0.0053548614041],
      [0.36983661503, 0.017838237627, 0.28180687544, 0.12473782823, 0.20578044368],
      [0.0027071199197, 0.10109713313, 0.055607788899, 0.62258598206, 0.21800197599]
    ],
    [
      [0.10004839276, 0.0088145269603, 0.034370511088, 0.23039084391, 0.62637572528],
      [5.8407813437e-07, 0.98984609296, 0.0075636204727, 0.0012398657911, 0.0013498366991],
      [0.020663287786, 0.25061419739, 0.62155648193, 0.061189065222, 0.045976967668],
      [0.00085241158712, 0.022755342756, 0, 0.95882686503, 0.017565380625],
      [0.49131504304, 0.017532581235, 0.21144714133, 0.038313268482, 0.24139196591],
      [0.0034615932014, 0.1154258799, 0.048401907735, 0.53572815816, 0.296982461]
    ],
    [
      [0.15554137528, 0.0048699714346, 0.041440295599, 0.26596960178, 0.53217875591],
      [1.5326881678e-06, 0.97985180164, 0.015744774277, 0.0024730328801, 0.0019288585102],
      [0.029711952111, 0.023029107564, 0.69162547114, 0.22563887372, 0.029994595462],
      [0.0040359020806, 0, 0, 0.9839794645, 0.011984633419],
      [0.61927708327, 0.0072007934401, 0.19097413975, 0.032854531117, 0.14969345242],
      [0.0052846226203, 0.064313052041, 0.058683045166, 0.62200169775, 0.24971758242]
    ],
    [
      [0.18212603313, 0.011007797126, 0.05339903443, 0.35077370679, 0.40269342852],
      [8.4146904668e-07, 0.98850815608, 0.0093051826418, 0.0014953670749, 0.00069045273022],
      [0.020303903456, 0.21109040443, 0.65663159733, 0.094907466528, 0.017066628258],
      [0, 0.010909626597, 0, 0.98643443229, 0.0026559411176],
      [0.61355539356, 0.014983710128, 0.22502342745, 0.039923729613, 0.10651373925],
      [0.0051084837318, 0.11705074969, 0.061009978527, 0.66154401485, 0.1552867732]
    ],
    [
      [0.10896934848, 0.009521267822, 0.045576898837, 0.25545332292, 0.58047916195],
      [0, 0.99548959766, 0.0019852413771, 0.001308284469, 0.0012168764977],
      [0.01553704944, 0.21621605572, 0.72746665279, 0.011311125402, 0.029469116647],
      [0, 0.039865614947, 0, 0.94711788437, 0.013016500682],
      [0.48166052909, 0.017277015611, 0.25514232714, 0.038782098505, 0.20713802966],
      [0.003555453608, 0.11678604566, 0.06028061103, 0.55760175012, 0.26177613957]
    ],
    [
      [0.088569149476, 0.0096611261187, 0.0595196019, 0.28320972666, 0.55904039584],
      [0, 0.98545224046, 0.012043697369, 0.0013996904182, 0.0011043717533],
      [0, 0.17656370338, 0.7907548903, 0.010172921509, 0.022508484812],
      [0, 0.019453863471, 0.023556120289, 0.95540960996, 0.0015804062765],
      [0.37433888132, 0.045690909319, 0.33801853871, 0.043437445299, 0.19851422536],
      [0.0026929900953, 0.11110120234, 0.073695741708, 0.57984894747, 0.23266111839]
    ],
    [
      [0.034528343614, 0.0036354028821, 0.065022209029, 0.27374879047, 0.62306525401],
      [5.4869560923e-07, 0.96265067954, 0.031360490316, 0.0031203572876, 0.0028679241558],
      [0, 0, 0.89338964457, 0.082276068555, 0.024334286872],
      [0, 0, 0.0089529504836, 0.97868762388, 0.01235942564],
      [0.26427591451, 0.0076764437484, 0.43142331888, 0.046558437418, 0.25006588544],
      [0, 0.011617281476, 0.12327285221, 0.58711626878, 0.27799359753]
    ],
    [
      [0.16960626695, 0.017792911758, 0.092061414182, 0.43529555376, 0.28524385335],
      [0, 0.98942094458, 0.0092572467853, 0.001071418682, 0.00025038995337],
      [0, 0.1980450893, 0.7925955693, 0.0093593414043, 0],
      [0, 0.034549261131, 0.0072974107505, 0.95815332812, 0],
      [0.44283349402, 0.11772220012, 0.33959575603, 0.042452396285, 0.057396153542],
      [0.0037865019551, 0.15525048655, 0.085877689279, 0.6714522899, 0.083633032321]
    ],
    [
      [0.094867044406, 0.0058464641445, 0.032839239807, 0.1936001358, 0.67284711584],
      [8.4633394723e-07, 0.9851454994, 0.011011770425, 0.0015869093054, 0.0022549745369],
      [0.022268379311, 0.16448062974, 0.6937279489, 0.01198347501, 0.10753956704],
      [0.020030746599, 0, 0, 0.95074573054, 0.029223522858],
      [0.47548930994, 0.012000532783, 0.20802342073, 0.033226453125, 0.27126028341],
      [0.0036631317799, 0.085046374557, 0.051439900878, 0.50084470418, 0.35900588861]
    ],
    [
      [0.089719459115, 0.0082493212771, 0.053165928747, 0.26969078084, 0.57917451003],
      [5.7470813959e-07, 0.98424046573, 0.0127731052, 0.0015848203732, 0.0014010339884],
      [0, 0.16997002368, 0.77803853338, 0.024830252668, 0.027161190269],
      [0, 0.0059782194123, 0.0060288269663, 0.97885453511, 0.0091384185123],
      [0.40093379911, 0.015669885473, 0.32336653875, 0.042866230525, 0.21716354614],
      [0.0028602360579, 0.098735872457, 0.06859735219, 0.57418322577, 0.25562331352]
    ],
    [
      [0.10896253105, 0.0074565364249, 0.046019404963, 0.22692260164, 0.61063892592],
      [7.7402652488e-07, 0.98461837038, 0.012262266335, 0.0014788367448, 0.0016397525165],
      [0.019105847311, 0.1743425604, 0.76353260601, 0.010480149352, 0.032538836928],
      [0.01363196025, 0.0051189661289, 0.023464524761, 0.92957729749, 0.028207251368],
      [0.47754299444, 0.013485241228, 0.25650351449, 0.034339948877, 0.21812830096],
      [0.0038387324976, 0.098609461757, 0.065617079167, 0.53393333405, 0.29800139253]
    ],
    [
      [0.07473857025, 0.0075837755282, 0.067204944286, 0.28604617292, 0.56442653701],
      [0, 0.97928234107, 0.017439748357, 0.0018152118887, 0.0014626986825],
      [0, 0.050820344719, 0.89111220973, 0.03604120133, 0.022026244218],
      [0, 0, 0.02806581897, 0.96880633301, 0.0031278480206],
      [0.32287895899, 0.014248150012, 0.40974529007, 0.044942478927, 0.208185122],
      [0.0022915459337, 0.087518424691, 0.083595183676, 0.58754975601, 0.23904508969]
    ],
    [
      [0.063079377744, 0.010565606343, 0.037794871373, 0.23252363216, 0.65603651238],
      [0, 0.991479253, 0.0066500904163, 0.00099958484425, 0.00087107174321],
      [0, 0.32223381017, 0.63964260592, 0.010985948728, 0.027137635183],
      [0, 0.060115849817, 0, 0.93037775075, 0.0095063994305],
      [0.33196363246, 0.12612342434, 0.26375604916, 0.042920680004, 0.23523621403],
      [0.0020545513121, 0.13835224695, 0.053081141637, 0.5411323197, 0.26537974039]
    ],
    [
      [0.062144287916, 0.005158812509, 0.053900245925, 0.1809158507, 0.69788080295],
      [6.1228105105e-07, 0.84263682834, 0.13170929678, 0.0016617082301, 0.023991554369],
      [0.009727663496, 0.10968936757, 0.842133244, 0.0075563950829, 0.030893329849],
      [0.0069944784942, 0, 0.030169722848, 0.93960851815, 0.023227280506],
      [0.33626899994, 0.010768809166, 0.35066637667, 0.031510919837, 0.27078489438],
      [0.002392620492, 0.076057741482, 0.085638393378, 0.47578728808, 0.36012395657]
    ],
    [
      [0.10586462139, 0.0062352478303, 0.050939131466, 0.23704693952, 0.5999140598],
      [8.8359916624e-07, 0.98031717337, 0.01599174056, 0.0018190144935, 0.0018711879765],
      [0.017529545321, 0.088926312661, 0.8403013146, 0.010355843211, 0.04288698421],
      [0.0099705039959, 0, 0.020216132473, 0.95312299666, 0.016690366875],
      [0.46291483546, 0.011138852878, 0.28085192785, 0.035406169952, 0.20968821386],
      [0.0036905512867, 0.081915705189, 0.072087170993, 0.55406797854, 0.28823859399]
    ],
    [
      [0.097830378614, 0.0086650998789, 0.050624161806, 0.23544937991, 0.60743097979],
      [5.9308524797e-07, 0.98577093752, 0.011535910318, 0.0013117723702, 0.0013807867024],
      [0.015478468995, 0.18340852067, 0.76231389013, 0.0098253944127, 0.028973725791],
      [0.0021821189776, 0.031134955909, 0.034484827414, 0.91349848912, 0.018699608583],
      [0.44025581761, 0.015969175354, 0.28786912855, 0.036289802471, 0.21961607601],
      [0.0033086008804, 0.11032752684, 0.069452280879, 0.53333737985, 0.28357421155]
    ],
    [
      [0.09556393384, 0.0084932394743, 0.055370260073, 0.25516237432, 0.58541019229],
      [5.9265495848e-07, 0.98428188813, 0.012898527456, 0.0014531484441, 0.0013658433146],
      [0.0088870773846, 0.16851845786, 0.78631196238, 0.0099879189584, 0.026294583416],
      [0, 0.013025948372, 0.041053533814, 0.93447208458, 0.011448433238],
      [0.42434621648, 0.015483576252, 0.31133477846, 0.038904379269, 0.20993104954],
      [0.0031122830952, 0.10402372462, 0.073095477365, 0.55619405155, 0.26357446337]
    ],
    [
      [0.11199752855, 0.009475140765, 0.057159409685, 0.27497573083, 0.54639219017],
      [6.282023351e-07, 0.98539730151, 0.012028498524, 0.0014152366486, 0.0011583351183],
      [0.011957031541, 0.17994934706, 0.77411819534, 0.010321025648, 0.023654400419],
      [0, 0.022086771475, 0.031792420071, 0.93848924482, 0.007631563634],
      [0.46176765787, 0.016112562049, 0.29950330331, 0.039128725786, 0.18348775099],
      [0.0035089764025, 0.11142199808, 0.072490180806, 0.5754499535, 0.23712889121]
    ],
    [
      [0.1172484768, 0.010112837239, 0.061667404403, 0.30105872249, 0.50991255906],
      [6.1542516893e-07, 0.98539448736, 0.012144013186, 0.0014499518029, 0.0010109322261],
      [0.0025916766082, 0.1789655115, 0.78736423523, 0.01052659404, 0.020551982625],
      [0, 0.020532305586, 0.022287283449, 0.95579106935, 0.001389341617],
      [0.46584840732, 0.016569998466, 0.31138568994, 0.041275973151, 0.16491993112],
      [0.0034914191187, 0.11304447594, 0.074334485489, 0.5988719664, 0.21025765305]
    ],
    [
      [0.054121660477, 0.0082302867958, 0.051366874849, 0.22829970903, 0.65798146885],
      [0, 0.98470333914, 0.012374223206, 0.0013437296302, 0.0015787080208],
      [0, 0.174668018, 0.78432217379, 0.009555996028, 0.031453812179],
      [0, 0.027839488792, 0.051671460964, 0.90970113697, 0.010787913274],
      [0.27625643869, 0.038030000649, 0.35450867445, 0.042694298366, 0.28851058785],
      [0.0018273217037, 0.10458291154, 0.070366085709, 0.51675757819, 0.30646610286]
    ],
    [
      [0.13172648477, 0.010224789022, 0.046732312368, 0.32510453602, 0.48621187782],
      [6.4701632628e-07, 0.98897538292, 0.0086622559606, 0.0014743012909, 0.00088741281221],
      [0, 0.21964250595, 0.60838633352, 0.14893244782, 0.023038712708],
      [0, 0.011219554693, 0, 0.98820338058, 0.00057706472646],
      [0.49988358884, 0.016927946425, 0.24010136551, 0.086649980642, 0.15643711858],
      [0.0038177232607, 0.11258054273, 0.055231845429, 0.63442094433, 0.19394894425]
    ],
    [
      [0.094686048783, 0.0059291458664, 0.05165885072, 0.23431077389, 0.61341518074],
      [8.2480792946e-07, 0.97918097986, 0.016948606264, 0.0018800069899, 0.0019895820777],
      [0.015563649865, 0.086493038764, 0.84217098941, 0.01017738376, 0.045594938197],
      [0.0044155261179, 0, 0.01897996316, 0.95940869411, 0.017195816613],
      [0.43325994216, 0.011026797413, 0.29681913856, 0.036442917137, 0.22245120473],
      [0.0033102768248, 0.078270159336, 0.073428140982, 0.54983206824, 0.29515935461]
    ],
    [
      [0.088784525554, 0.0076294978042, 0.035442042737, 0.19603453055, 0.67210940335],
      [6.1512578588e-07, 0.98778493117, 0.0092185570858, 0.0012463220614, 0.0017495745599],
      [0.018792853004, 0.21568660973, 0.70349204162, 0.010930490571, 0.051098005077],
      [0.013319463455, 0.035954151934, 0, 0.91189109528, 0.038835289333],
      [0.44843807836, 0.0158526016, 0.22707280558, 0.034061990188, 0.27457452427],
      [0.0033140352438, 0.10704523769, 0.053593395635, 0.48955064473, 0.3464966867]
    ],
    [
      [0.08503935178, 0.0075916778112, 0.039341455923, 0.22835799467, 0.63966951982],
      [5.9202248701e-07, 0.986582275, 0.010282317733, 0.0014592506594, 0.0016755645877],
      [0.014653718886, 0.19927569029, 0.71018798821, 0.02210325013, 0.053779352482],
      [0, 0.010247708594, 0, 0.9711865946, 0.018565696806],
      [0.43014290911, 0.015794058072, 0.25243564009, 0.039737108232, 0.2618902845],
      [0.0029683776811, 0.099600340647, 0.055635286923, 0.53316147534, 0.30863451941]
    ],
    [
      [0.11605092772, 0.0090883726731, 0.047637336585, 0.24668997336, 0.58053338966],
      [6.8080465958e-07, 0.98690858158, 0.010473396019, 0.0013265591947, 0.001290782397],
      [0.019140254667, 0.19958937251, 0.74138775996, 0.010709220139, 0.029173392728],
      [0.0085653526321, 0.032656148325, 0.015606672961, 0.92526332049, 0.017908505592],
      [0.49029739845, 0.015896765069, 0.25665710033, 0.03611112345, 0.20103761269],
      [0.003873978002, 0.11373883565, 0.064296607293, 0.54937003249, 0.26872054656]
    ],
    [
      [0.11643569881, 0.009007969415, 0.043040627244, 0.26066287407, 0.57085283045],
      [6.8756295736e-07, 0.98777917873, 0.0095333798087, 0.0014124036535, 0.001274350242],
      [0.020669563244, 0.21318778231, 0.68856930559, 0.046775516444, 0.030797832419],
      [0.0014361451501, 0.019283944419, 0, 0.96505424679, 0.014225663643],
      [0.50529516644, 0.01613169098, 0.23757455487, 0.039067433609, 0.20193115411],
      [0.0038110783299, 0.11066535465, 0.057017067486, 0.56967307899, 0.25883342055]
    ],
    [
      [0.092033587251, 0.0070774401547, 0.041064497126, 0.21208222531, 0.64774225015],
      [6.7108889395e-07, 0.98555872429, 0.011259003713, 0.0014219670771, 0.0017596338334],
      [0.017534332213, 0.18109325155, 0.75373790604, 0.010661503206, 0.036973006983],
      [0.0083558684028, 0.012008851781, 0.0089912998594, 0.93824617453, 0.032397805424],
      [0.44742989113, 0.01404787748, 0.25233844558, 0.035190145282, 0.25099364053],
      [0.0033383657727, 0.096897118942, 0.060493756501, 0.51596464467, 0.32330611411]
    ],
    [
      [0.11819111073, 0.010894419469, 0.054112012636, 0.2748700681, 0.54193238906],
      [5.6792636675e-07, 0.98801456164, 0.0098030087042, 0.0012164926433, 0.00096536908628],
      [0.003933090602, 0.2084754948, 0.75420363473, 0.010353996112, 0.023033783758],
      [0, 0.073162831294, 0.006955537103, 0.91676371844, 0.003117913166],
      [0.48785682709, 0.018206219264, 0.27958560479, 0.038378340255, 0.1759730086],
      [0.003650523008, 0.12712409925, 0.06802922987, 0.57126921429, 0.22992693359]
    ],
    [
      [0.078501879857, 0.0069987491825, 0.05351057282, 0.28830504984, 0.5726837483],
      [5.6521138327e-07, 0.98205552093, 0.014506287127, 0.0019099491839, 0.0015276775484],
      [0, 0.14752933727, 0.77895101169, 0.046853516283, 0.026666134761],
      [0, 0.0038372141524, 0, 0.99418547368, 0.0019773121689],
      [0.34609585091, 0.013978227793, 0.33024741873, 0.087371402722, 0.22230709984],
      [0.0024434112349, 0.082460127436, 0.067702007803, 0.60275970697, 0.24463474656]
    ],
    [
      [0.10090711944, 0.0099886423228, 0.048496434585, 0.25296714352, 0.58764066013],
      [5.3947073631e-07, 0.98785137344, 0.009716982169, 0.0012400195608, 0.0011910853596],
      [0.0076850487042, 0.21261405085, 0.74041997778, 0.010647684752, 0.028633237915],
      [0, 0.047395132425, 0.0050399735337, 0.93454464239, 0.013020251647],
      [0.45084186126, 0.01847366182, 0.27631325291, 0.03916182808, 0.21520939593],
      [0.0032731562579, 0.12146590286, 0.063607751258, 0.54728884584, 0.26436434378]
    ],
    [
      [0.13398413898, 0.010251972576, 0.034237876301, 0.2893454807, 0.53218053144],
      [6.5691599059e-07, 0.99137561807, 0.0063661750667, 0.0013110001425, 0.00094654980807],
      [0.009101756587, 0.27296197514, 0.52977493826, 0.15789312849, 0.030268201517],
      [0, 0.033130882567, 0, 0.96667367983, 0.00019543760442],
      [0.58312732636, 0.017642852827, 0.18314815601, 0.041468182292, 0.17461348251],
      [0.0041385651493, 0.12086962908, 0.043349229208, 0.60792479401, 0.22371778255]
    ],
    [
      [0.043452610402, 0.013693640335, 0.043841560273, 0.33386282076, 0.56514936823],
      [0, 0.99203353025, 0, 0.0079664697517, 0],
      [0.0064978168514, 0.27916074472, 0.67614403786, 0.013301441174, 0.024895959399],
      [0, 0.021362367791, 0, 0.97863763221, 0],
      [0.14908369115, 0.2938193291, 0.13884289491, 0.23542784525, 0.18282623958],
      [0.0011584896236, 0.13978740626, 0.048092107672, 0.6044515441, 0.20651045235]
    ],
    [
      [0.11309747997, 0.011491693999, 0.046346572564, 0.26890667584, 0.56015757763],
      [5.2094815928e-07, 0.98986565581, 0.008027388672, 0.0011389894628, 0.00096744511052],
      [0.006589069028, 0.27323937393, 0.68210274698, 0.011264277239, 0.026804532821],
      [0, 0.058218895017, 0, 0.93401445245, 0.0077666525358],
      [0.49082906483, 0.020398903888, 0.2538140649, 0.039930472975, 0.19502749341],
      [0.0035271154939, 0.13491872067, 0.058652454099, 0.56172595173, 0.24117575801]
    ],
    [
      [0.085055051061, 0.0082914112478, 0.039936165464, 0.23004317748, 0.63667419475],
      [5.4037111995e-07, 0.98759744551, 0.0095402466784, 0.0013442712128, 0.0015174962278],
      [0.011777362791, 0.22108344031, 0.70708730009, 0.011542400895, 0.048509495913],
      [0, 0.023880992872, 0, 0.95786814357, 0.01825086356],
      [0.43000217813, 0.017137293296, 0.25491384836, 0.039777378827, 0.25816930138],
      [0.002929872402, 0.10756309401, 0.055835238748, 0.53078352757, 0.30288826727]
    ],
    [
      [0.067193997735, 0.0075066838988, 0.027134368488, 0.20781762718, 0.6903473227],
      [0, 0.98992650078, 0, 0.0013202969657, 0.0087532022539],
      [0, 0.30390045945, 0.55149691058, 0.068344352355, 0.076258277611],
      [0, 0.021648441006, 0, 0.95769802283, 0.020653536167],
      [0.43280600227, 0.017707378054, 0.20003534585, 0.040922549172, 0.30852872466],
      [0, 0.10652301537, 0.040503117252, 0.51297259251, 0.34000127487]
    ],
    [
      [0.087944607565, 0.011490248557, 0.043981578746, 0.2824028458, 0.57418071933],
      [0, 0.99013696287, 0.0076553955033, 0.0012029365392, 0.0010047050839],
      [0, 0.32278957716, 0.62231534284, 0.026055525131, 0.028839554869],
      [0, 0.032388804705, 0, 0.9618792317, 0.0057319635988],
      [0.38598155815, 0.066696426326, 0.27240688465, 0.047475248593, 0.22743988228],
      [0.0026639213241, 0.13076776408, 0.053975545344, 0.5717606282, 0.24083214105]
    ],
    [
      [0.13028219062, 0.0081016649733, 0.04990930784, 0.26012235396, 0.55158448261],
      [8.5871520109e-07, 0.98472372333, 0.012321959524, 0.0015712786097, 0.0013821798217],
      [0.021200376407, 0.17304491745, 0.76488058253, 0.011140154405, 0.029733969199],
      [0.01130610706, 0, 0.011608649206, 0.96102763281, 0.016057610927],
      [0.51732724555, 0.013345634342, 0.25313255889, 0.035873080794, 0.18032148043],
      [0.0043174492512, 0.1005623341, 0.066832254342, 0.57446076591, 0.25382719639]
    ],
    [
      [0.209811851, 0.014290216709, 0.032288143192, 0.31700287136, 0.42660691774],
      [0, 0.99850689034, 0, 0.0010100295402, 0.00048308011864],
      [0.018188079832, 0.51005631414, 0.43744698159, 0.014610048709, 0.019698575728],
      [0, 0.039410311129, 0, 0.95875182763, 0.0018378612389],
      [0.73970963387, 0.016960499804, 0.12152451762, 0.031381164913, 0.090424183791],
      [0.0059309067527, 0.16082727716, 0.038986164823, 0.63274292713, 0.16151272414]
    ],
    [
      [0.099533011484, 0.010342689068, 0.051819912585, 0.26923897235, 0.56906541452],
      [5.0828030804e-07, 0.98768366029, 0.0099621052832, 0.0012660475651, 0.0010876785812],
      [0.0038215978437, 0.20753507125, 0.75230369423, 0.01066550647, 0.025674130211],
      [0, 0.045892628217, 0.0038073452369, 0.94001808628, 0.010281940267],
      [0.44545950404, 0.018853400798, 0.29156087646, 0.041061200662, 0.20306501805],
      [0.0031096357259, 0.12177615476, 0.065777017612, 0.56400217147, 0.24533502043]
    ],
    [
      [0.10515456183, 0.0084009583014, 0.04019571144, 0.21500491798, 0.63124385045],
      [6.6879703972e-07, 0.9876381971, 0.0095843881766, 0.0012542053039, 0.0015225406239],
      [0.019966593205, 0.21239102656, 0.72035219813, 0.010751154652, 0.03653902745],
      [0.0083976144264, 0.044081824956, 0.0054900980871, 0.91461800874, 0.027412453787],
      [0.4802475872, 0.015866056627, 0.23382873203, 0.033989775545, 0.2360678486],
      [0.0037578934732, 0.11257125638, 0.05809956884, 0.51261723904, 0.31295404227]
    ],
    [
      [1.9457850027e-32, 0.017245005354, 0.066111211335, 0.41957952738, 0.49706425593],
      [1.3400841039e-32, 0.99882793062, 0, 0.0011720693793, 0],
      [0, 0.36361533104, 0.62138089449, 0.012312031674, 0.0026917427953],
      [0, 0.049752983391, 0, 0.95024701661, 0],
      [0, 0.049046184123, 0.58359495593, 0.099709149927, 0.26764971002],
      [0, 0.1477324039, 0.061013212883, 0.63986307383, 0.15139130939]
    ]
  ],
  "expected_outcome": [
    [
      [2.6475434304, 0.052241953822, 0.61613390116, 0.72362806524, 0.34487125226, 2.8849186904, 1.960336479, 1.1386010618, 1.5883111391, 1.044535177, 17.2610077446, 10.9142948102, 0.077571690501, 0.34720337708, 0, 0.76233039135, 0.78000937618, 0.43124503148, 0.69142925492, 3.0186679033, 0.13601811816, 3.2563944181, 6.7913090037, 0.73583506592, 0.60029035655, 0.77770687638, 1.457008265, 2.3973256665, 0.61998404633, 0.20717006168, 0.3392125339, 2.2768090657, 2.6018643143, 3.7047260556, 1.4200328348, 0, 0, 1.2703754567, 1.7609468151, 2.5802262137, 3.5839209136, 3.9864482113, 0.81182490716, 1.4489913325, 1.0415465366, 1.6869059855, 2.0409444427, 6.0346482413, 4.0752494585, 1.1964366343, 1.0637199966, 0.549513159, 5.7517058079, 1.2058572508, 0.30416827281, 2.1488521195, 1.5309909191, 0.40316398641, 2.1986151891, 20.7148683083, 0.62943555299, 0.89579710336, 5.5731917772, 3.8915700055e-32],
      [0.27689684007, 0.006941916303, 0.058324005176, 0.051096450097, 0.039592325296, 0.28002739927, 0.11533213707, 0.096089887286, 0.12081603639, 0, 1.260186557, 0.77667780517, 0.011163978019, 0.018688459283, 0, 0.085712193981, 0.023517515701, 0.048058818322, 0.037007359863, 0.19742390417, 0.013333487911, 0.26296870045, 0.44314024505, 0.072835973897, 0.052887161762, 0.024349857173, 0.08806237701, 0.20946789209, 0.067627882831, 0.021812417292, 0.035585823516, 0.14031513947, 0.23923031703, 0.25352223845, 0.14409173504, 0, 0, 0.074822973963, 0.15597179782, 0.22931746581, 0.30320450448, 0.34383646613, 0.12345430194, 0.11247267924, 0.065220604531, 0.14496045828, 0.18220026747, 0.472595379, 0.31527892952, 0.092006722011, 0.098049775224, 0.048991244277, 0.5693526124, 0.092267753184, 0.095855482346, 0.21834218599, 0.14924540246, 0.045040103393, 0.28725621391, 1.2881647307, 0.042870650127, 0.093084201611, 0.44525078998, 0.034490010708],
      [1.1596049462, 0.055258889439, 0.18936104884, 0.19094890357, 0.064413691015, 1.2383059402, 0.42314517048, 0.34705291013, 0.67113343865, 1.002157326, 5.7119965607, 4.6644707534, 0.023621441979, 0.080928561675, 0, 0.21690902239, 0.090377747749, 0.26909687594, 0.22956719546, 1.1979369012, 0.038908232634, 1.3460665848, 3.060774861, 0.37185501998, 0.20622306653, 0.207201478, 0.42719227544, 1.0026917744, 0.4166372133, 0.39013325417, 0.18412282836, 0.78814175537, 1.5418119337, 1.5646597687, 1.2768939414, 0, 0, 0.61126957759, 0.91123491251, 1.494997022, 1.8291011099, 2.0966917497, 0.77050312273, 0.51405543604, 0.56824735792, 0.673398812, 0.94419494214, 2.4771415024, 1.5064219535, 0.53383846264, 0.48700811373, 0.37457400974, 2.7642967714, 0.30814088671, 0.30689092191, 0.88058487872, 0.71885097835, 0.16280621093, 1.0995394687, 7.9355799466, 0.096864429577, 0.46637921326, 2.1303727063, 0.13222242267],
      [7.5816236901, 0.27250961482, 1.2491127977, 1.4432197821, 0.83998583626, 6.5804932652, 3.3363384771, 2.2458771401, 3.5074963752, 4.6398498016, 35.4741133557, 24.3107587955, 0.18194993182, 0.56074596879, 0, 2.2767702934, 1.0771507375, 1.5960722282, 1.2530144714, 6.5574289298, 0.31433698754, 7.36577686, 16.2193724567, 2.5236228242, 1.3823450635, 1.3298480089, 2.8061896543, 5.6199731042, 1.9824680866, 1.6424927428, 0.87059110751, 4.6464032593, 7.8210326442, 7.7153684558, 5.4348772856, 0, 0, 2.8445632742, 4.2380888383, 6.8893841066, 8.7992233866, 10.2359965647, 3.4244956354, 3.5761498962, 2.5774185128, 3.7246560805, 5.480591872, 12.8278786149, 9.1232005926, 2.7570689291, 2.4738306129, 2.0181353489, 14.4191271807, 2.6041093263, 2.3370397453, 5.1092268409, 4.1407771946, 1.2469057631, 7.060071145, 41.3594542793, 0.95100861407, 2.4231507511, 11.395260653, 0.83915905476],
