{
  "X": [
    [1, 5, 12, 1, 2],
    [0, 0, 1, 4, 1],
    [3, 2, 8, 7, 4],
    [4, 0, 2, 1, 0],
    [3, 1, 7, 15, 1],
    [16, 9, 51, 19, 13],
    [2, 1, 20, 8, 0],
    [9, 9, 44, 23, 7],
    [6, 5, 18, 15, 4],
    [18, 8, 85, 56, 13],
    [10, 8, 59, 28, 7],
    [7, 8, 31, 24, 6],
    [4, 3, 9, 3, 3],
    [268, 100, 847, 711, 139],
    [8, 2, 40, 27, 4],
    [4, 1, 6, 6, 2],
    [0, 1, 1, 17, 0],
    [1, 0, 4, 4, 2],
    [48, 24, 126, 117, 11],
    [17, 0, 16, 31, 1],
    [6, 2, 38, 18, 3],
    [9, 7, 60, 27, 21],
    [25, 7, 91, 60, 12],
    [128, 46, 593, 382, 82],
    [3, 7, 4, 11, 0],
    [22, 43, 71, 29, 20],
    [18, 8, 51, 35, 11],
    [36, 16, 152, 75, 29],
    [138, 51, 658, 414, 106],
    [11, 14, 72, 47, 7],
    [438, 251, 1602, 1239, 190],
    [23, 8, 43, 30, 4],
    [32, 51, 126, 144, 26],
    [3, 3, 7, 13, 3],
    [2, 1, 7, 8, 2],
    [9, 2, 23, 15, 3],
    [3, 4, 33, 20, 2],
    [92, 41, 212, 263, 54],
    [90, 42, 312, 314, 30],
    [1, 0, 2, 6, 4],
    [43, 26, 155, 117, 16],
    [1, 0, 4, 1, 0],
    [49, 20, 256, 168, 32],
    [33, 18, 215, 121, 24],
    [793, 261, 3175, 2079, 484],
    [55, 20, 211, 112, 21],
    [3, 1, 7, 14, 0],
    [11, 4, 33, 13, 3],
    [14, 9, 14, 13, 8],
    [19, 7, 52, 41, 4],
    [20, 7, 156, 40, 6],
    [16, 12, 62, 60, 16],
    [4, 5, 32, 20, 3],
    [253, 78, 629, 693, 91],
    [2, 0, 8, 1, 1],
    [2, 0, 20, 7, 3],
    [3, 0, 3, 7, 1],
    [41, 16, 66, 120, 23],
    [11, 1, 36, 49, 6],
    [24, 6, 68, 60, 21],
    [2, 0, 5, 4, 3],
    [66, 10, 118, 154, 24],
    [63, 9, 125, 149, 28],
    [50, 6, 90, 160, 17],
    [39, 14, 124, 68, 30],
    [19, 7, 40, 44, 7],
    [2, 0, 6, 8, 0],
    [0, 1, 3, 3, 0],
    [5, 1, 5, 11, 1],
    [2, 0, 7, 5, 1],
    [0, 1, 5, 2, 0],
    [4, 5, 36, 32, 7],
    [0, 1, 4, 4, 2],
    [4, 2, 14, 12, 2],
    [2, 0, 12, 1, 1],
    [33, 1, 60, 100, 19],
    [0, 1, 1, 5, 0],
    [16, 7, 27, 55, 7],
    [30, 4, 23, 56, 8],
    [65, 10, 123, 188, 19],
    [27, 12, 48, 90, 12],
    [14, 6, 45, 82, 12],
    [79, 10, 197, 149, 42],
    [44, 19, 137, 109, 20],
    [79, 26, 196, 206, 35],
    [58, 18, 152, 120, 28],
    [24, 11, 54, 75, 7],
    [11, 4, 21, 39, 9],
    [133, 26, 383, 481, 67],
    [6, 0, 9, 27, 0],
    [1, 1, 5, 0, 2],
    [79, 13, 299, 224, 45],
    [57, 15, 195, 111, 38],
    [163, 36, 543, 426, 96],
    [84, 18, 277, 206, 36],
    [1, 0, 1, 3, 2],
    [38, 8, 75, 60, 13],
    [46, 10, 115, 121, 15],
    [25, 13, 70, 47, 20],
    [47, 17, 97, 116, 20],
    [26, 7, 28, 75, 13],
    [73, 26, 112, 146, 28],
    [46, 17, 218, 156, 37],
    [1, 2, 9, 10, 3],
    [1, 1, 0, 5, 0],
    [34, 4, 90, 103, 11],
    [159, 22, 320, 492, 70],
    [1, 0, 4, 1, 1],
    [1, 1, 3, 3, 2],
    [22, 1, 11, 55, 4],
    [16, 2, 26, 57, 6],
    [33, 77, 274, 104, 36],
    [346, 184, 1404, 906, 248],
    [268, 106, 995, 684, 205],
    [18, 8, 21, 18, 14]
  ],
  "W": [
    [3, 1, 13, 2, 2],
    [0, 0, 2, 4, 0],
    [3, 1, 5, 15, 0],
    [1, 2, 1, 3, 0],
    [3, 0, 5, 18, 1],
    [6, 4, 52, 41, 5],
    [2, 0, 18, 11, 0],
    [11, 1, 41, 32, 7],
    [4, 3, 16, 19, 6],
    [7, 9, 83, 75, 6],
    [5, 7, 53, 42, 5],
    [7, 3, 30, 32, 4],
    [2, 1, 10, 8, 1],
    [77, 87, 751, 1030, 120],
    [5, 2, 35, 38, 1],
    [2, 0, 4, 11, 2],
    [0, 0, 2, 16, 1],
    [0, 0, 5, 5, 1],
    [17, 20, 122, 160, 7],
    [1, 5, 14, 43, 2],
    [4, 3, 33, 24, 3],
    [9, 5, 58, 41, 11],
    [10, 10, 85, 84, 6],
    [42, 53, 550, 537, 49],
    [3, 0, 6, 16, 0],
    [18, 7, 92, 57, 11],
    [3, 11, 47, 56, 6],
    [14, 15, 153, 112, 14],
    [41, 51, 612, 584, 79],
    [11, 4, 64, 68, 4],
    [156, 143, 1473, 1799, 149],
    [4, 3, 42, 57, 2],
    [26, 8, 122, 201, 22],
    [0, 0, 7, 19, 3],
    [0, 0, 9, 10, 1],
    [2, 3, 21, 25, 1],
    [4, 1, 28, 25, 4],
    [22, 26, 204, 375, 35],
    [34, 17, 258, 456, 23],
    [0, 2, 2, 7, 2],
    [20, 21, 140, 165, 11],
    [0, 0, 4, 2, 0],
    [17, 16, 208, 256, 28],
    [11, 13, 203, 167, 17],
    [216, 250, 2882, 3037, 407],
    [17, 23, 189, 170, 20],
    [0, 1, 7, 16, 1],
    [0, 4, 31, 27, 2],
    [4, 3, 19, 24, 8],
    [7, 9, 42, 61, 4],
    [7, 6, 150, 58, 8],
    [13, 5, 49, 83, 16],
    [7, 2, 27, 26, 2],
    [60, 65, 514, 1006, 99],
    [0, 0, 9, 3, 0],
    [1, 1, 20, 9, 1],
    [2, 0, 2, 10, 0],
    [12, 8, 57, 175, 14],
    [1, 2, 30, 69, 1],
    [12, 10, 64, 82, 11],
    [1, 0, 5, 8, 0],
    [9, 18, 94, 235, 16],
    [14, 27, 86, 223, 24],
    [2, 16, 79, 216, 10],
    [18, 8, 114, 117, 18],
    [6, 9, 35, 58, 9],
    [0, 3, 4, 8, 1],
    [0, 0, 3, 4, 0],
    [2, 0, 4, 16, 1],
    [0, 1, 8, 6, 0],
    [1, 0, 4, 2, 1],
    [4, 2, 39, 35, 4],
    [1, 2, 2, 6, 0],
    [0, 0, 15, 14, 5],
    [2, 0, 10, 2, 2],
    [7, 10, 44, 139, 13],
    [1, 0, 1, 5, 0],
    [4, 6, 20, 78, 4],
    [2, 11, 20, 86, 2],
    [9, 17, 102, 257, 20],
    [4, 7, 37, 125, 16],
    [4, 2, 39, 108, 6],
    [13, 34, 175, 221, 34],
    [9, 7, 123, 179, 11],
    [32, 32, 165, 290, 23],
    [13, 20, 114, 206, 23],
    [8, 7, 51, 101, 4],
    [2, 3, 19, 56, 4],
    [30, 33, 290, 694, 43],
    [0, 1, 9, 32, 0],
    [0, 1, 5, 1, 2],
    [15, 26, 240, 336, 43],
    [17, 12, 167, 181, 39],
    [39, 92, 451, 596, 86],
    [16, 29, 227, 319, 30],
    [0, 1, 2, 2, 2],
    [8, 14, 65, 100, 7],
    [8, 16, 104, 170, 9],
    [10, 13, 69, 73, 10],
    [7, 12, 92, 175, 11],
    [4, 8, 35, 97, 5],
    [11, 24, 110, 218, 22],
    [16, 15, 211, 213, 19],
    [4, 0, 5, 14, 2],
    [0, 0, 0, 7, 0],
    [7, 7, 73, 143, 12],
    [21, 52, 231, 712, 47],
    [2, 1, 1, 3, 0],
    [1, 0, 4, 4, 1],
    [2, 6, 9, 69, 7],
    [0, 6, 26, 69, 6],
    [64, 8, 244, 173, 35],
    [200, 172, 1292, 1200, 224],
    [127, 146, 853, 940, 192],
    [6, 6, 16, 40, 11]
  ],
  "method": "mvn_pdf",
  "cond_prob": [
    [
      [0.0025886241865, 0.8511054241, 0.1157437608, 0, 0.03056219091],
      [0.57062728224, 0, 0.19261757697, 0.054777040248, 0.18197810054],
      [0.0092220981702, 0.1487931141, 0.79866290929, 0, 0.043321878431],
      [0.12919028021, 0.16974827232, 0.194406297, 0.45664537277, 0.050009777704],
      [0.021669504281, 0.086438349857, 0.3443603629, 0.015966107109, 0.53156567586]
    ],
    [
      [0.021307568648, 3.704501656e-57, 0.00040739050173, 0.073388733176, 0.90489630767],
      [0.0065428260409, 1.9700318717e-07, 0.0031007069513, 0.040752666364, 0.94960360364],
      [0, 0, 0.45380830865, 0.061074169505, 0.48511752185],
      [0, 0, 0.023095845675, 0.96946291525, 0.0074412390772],
      [4.5170742425e-110, 2.1796652987e-130, 1.1169921302e-142, 1.38170721e-99, 1]
    ],
    [
      [0.013312858021, 0.25451466667, 0.23117101691, 0.01750349157, 0.48349796683],
      [0.19182876729, 0.0023345738761, 0.08867775334, 0.037047450884, 0.68011145461],
      [0.020865265048, 0.05298418431, 0.78487263088, 0.028351577631, 0.11292634213],
      [0.17759375556, 0.064613366971, 0.21956306943, 0.45124561242, 0.086984195617],
      [0.0034957833778, 0.0024366570711, 0.040603016458, 0.0030967262106, 0.95036781688]
    ],
    [
      [0.10933043515, 0, 0.85836143864, 0.032308126212, 0],
      [0.93489743932, 0, 0.015600891378, 0.049501669305, 0],
      [0.0087822569305, 0, 0.96587443411, 0.025343308964, 0],
      [0.67069747643, 0, 0.048187448167, 0.2811150754, 0],
      [0.5346712501, 0.0013960339841, 0.31905083654, 0.044923724496, 0.09995815488]
    ],
    [
      [0.024684194719, 0.28697876481, 0.5350179105, 0.045330811901, 0.10798831807],
      [0.68439847811, 1.5175779473e-05, 0.066326655584, 0.20684580248, 0.042413888044],
      [0.01741758547, 0.024013826039, 0.90478974935, 0.030586097309, 0.02319274183],
      [0.15150686008, 0.00055123990171, 0.029942539249, 0.8069785304, 0.011020830362],
      [0.11173600699, 0.0090722571482, 0.33203181526, 0.18546353049, 0.36169639011]
    ],
    [
      [0.011038352709, 0.47301049792, 0.27546125504, 0.0062377364443, 0.23425215788],
      [0.63661727547, 0.00028541187963, 0.084100974981, 0.052838001389, 0.22615833628],
      [0.010977435866, 0.084786508687, 0.81937116416, 0.011108249881, 0.073756641403],
      [0.30598383518, 0.040692120156, 0.13464033767, 0.4404871276, 0.078196579398],
      [0.05422737488, 0.016703997368, 0.17665483777, 0.022724070112, 0.72968971987]
    ],
    [
      [0.055678618763, 0.26860937614, 0.6587666985, 0.016945306594, 0],
      [0.67697272959, 2.4512554884e-05, 0.1386880064, 0.15316327484, 0.031151476615],
      [0.012870677416, 0.020900252273, 0.96594995216, 0.00027911815246, 0],
      [0.15063368809, 0.0078706097085, 0.11776067856, 0.72373502364, 0],
      [0.077654981909, 0.012692532674, 0.5969482931, 0.1065913427, 0.20611284961]
    ],
    [
      [0.016234984769, 0.48366176427, 0.36692018006, 0.017139655598, 0.1160434153],
      [0.70659173203, 0.00010688380998, 0.08380587973, 0.12619241194, 0.083303092489],
      [0.015459563507, 0.069666935161, 0.86011560451, 0.01517924372, 0.039578653106],
      [0.2110748094, 0.020654951507, 0.075127881834, 0.66901910704, 0.024123250223],
      [0.10379820444, 0.023187274204, 0.31589144802, 0.093472994096, 0.46365007924]
    ],
    [
      [0.010158642022, 0.64992066043, 0.25755689656, 0.012503890603, 0.069859910389],
      [0.67005249841, 0, 0.091017819703, 0.15849054993, 0.080439131958],
      [0.015050288759, 0.10461551765, 0.83526645354, 0.013121786516, 0.031945953534],
      [0.1663673167, 0.026188454584, 0.071304000488, 0.7165629467, 0.01957728153],
      [0.091237383202, 0.038148073139, 0.32961328145, 0.10831136938, 0.43268989282]
    ],
    [
      [0.011923819437, 0.37253631584, 0.41841217895, 0.019415191859, 0.17771249391],
      [0.57780502545, 0.00018362997328, 0.11367695573, 0.15568711716, 0.15264727169],
      [0.0092834859461, 0.049009908692, 0.87356613977, 0.015862343404, 0.05227812219],
      [0.154355595, 0.016483009175, 0.091058102374, 0.70221211978, 0.035891173679],
      [0.06151484613, 0.014424168298, 0.28544581116, 0.080071019466, 0.55854415495]
    ],
    [
      [0.005509175211, 0.50463566672, 0.38934880928, 0.0089194630082, 0.091586885787],
      [0.51866358986, 0.00033326091907, 0.19760264822, 0.13344833284, 0.14995216816],
      [0.0043600688116, 0.069229063614, 0.88470964963, 0.01027027718, 0.031430940768],
      [0.1401802307, 0.039522205734, 0.15973831266, 0.62370615057, 0.036853100347],
      [0.044631131746, 0.029083165521, 0.41428337087, 0.056256268125, 0.45574606374]
    ],
    [
      [0.0081425459941, 0.58606932997, 0.28016823225, 0.012705819059, 0.11291407273],
      [0.58777366508, 0, 0.10884886208, 0.16361204265, 0.13976543019],
      [0.0097155407693, 0.096099796508, 0.83135644676, 0.013064281935, 0.049763934028],
      [0.14521544091, 0.027890066951, 0.082638647581, 0.70921056927, 0.035045275284],
      [0.060330212614, 0.030509663142, 0.28178641565, 0.08338911599, 0.54398459261]
    ],
    [
      [0.0050215849591, 0.67443903364, 0.15529738626, 0.0028166450218, 0.16242535012],
      [0.76251660463, 0, 0.046569997879, 0.030478612532, 0.16043478496],
      [0, 0.12429884173, 0.77157903078, 0.0058151619374, 0.098306965554],
      [0.39807517427, 0.048934253674, 0.1028610627, 0.3617602704, 0.088369238948],
      [0.042838831261, 0.016659486029, 0.10415642019, 0.011654314834, 0.82469094768]
    ],
    [
      [0.013308374686, 0.42464725485, 0.41156852999, 0.016808917931, 0.13366692255],
      [0.63218322591, 7.3369181923e-05, 0.1160402523, 0.13413150302, 0.11757164958],
      [0.010207282485, 0.057846482888, 0.8765609105, 0.015528251108, 0.039857073016],
      [0.18890962745, 0.020802976703, 0.10353324841, 0.65690123179, 0.029852915652],
      [0.081106075657, 0.020216696708, 0.33564359661, 0.081385726919, 0.48164790411]
    ],
    [
      [0.013760510392, 0.25151691845, 0.56335773997, 0.019865418971, 0.15149941222],
      [0.60906844861, 0, 0.13136001035, 0.14718848315, 0.11238305789],
      [0.010386507626, 0.018483221102, 0.92294527436, 0.0099863218758, 0.038198675037],
      [0.16532005678, 0.0022742771643, 0.11185712706, 0.68882560583, 0.031722933164],
      [0.067370626333, 0.0090801369651, 0.36683584856, 0.081401651532, 0.47531173661]
    ],
    [
      [0.021322697165, 0.31429680101, 0.48613198664, 0.014853436511, 0.16339507867],
      [0.84985804471, 1.1799411069e-05, 0.045966119732, 0.05517269055, 0.0489913456],
      [0.0055702350657, 0.031530023836, 0.91080161105, 0.011259825275, 0.040838304776],
      [0.3358445497, 0.02037194685, 0.07690186331, 0.52896412606, 0.037917514076],
      [0.12039180933, 0.010597443638, 0.26930454306, 0.053324219619, 0.54638198436]
    ],
    [
      [0.00057592323883, 0.98419011722, 0.0095463271476, 0.0043446724915, 0.0013429599024],
      [0.44861177703, 8.3472428165e-05, 0.044753587066, 0.48306203001, 0.023489133463],
      [0, 0.33314939072, 0.38890901595, 0.27794159332, 0],
      [0, 0, 0, 1, 0],
      [0, 0.33370121855, 0.22218196809, 0.44411681335, 0]
    ],
    [
      [0.010313262722, 0.010942886259, 0.25825505311, 0.021708645334, 0.69878015258],
      [0.58801020538, 3.1811195051e-06, 0.031412328527, 0.13772347018, 0.24285081478],
      [0.048464899494, 0, 0.78161419467, 0.0044154622546, 0.16550544359],
      [0.14905078068, 0, 0.015708315307, 0.79432028287, 0.040920621136],
      [0.012421599106, 0, 0.013387450133, 0.0063212743694, 0.96786967639]
    ],
    [
      [0.014596976015, 0.55434292217, 0.3298613953, 0.01867363656, 0.082525069955],
      [0.69053709024, 0, 0.091115163383, 0.14696253074, 0.071385215636],
      [0.014688275882, 0.087317253978, 0.84912307295, 0.022104795894, 0.026766601291],
      [0.19595008725, 0.023080456699, 0.078461093924, 0.68897260369, 0.01353575843],
      [0.1138751407, 0.032941752258, 0.34618044057, 0.11584226766, 0.39116039882]
    ],
    [
      [0.27465924866, 0, 0.57051047652, 0.043275241921, 0.1115550329],
      [0.81895804553, 0, 0.045258606796, 0.11016843797, 0.025614909705],
      [0.050328050053, 0, 0.89885928252, 0.0394987724, 0.011313895032],
      [0.26661810379, 0, 0.046038747893, 0.68734314832, 0],
      [0.23068967999, 0, 0.31975018743, 0.14857218851, 0.30098794406]
    ],
    [
      [0.011905611697, 0.2749253537, 0.59233845071, 0.018866488579, 0.10196409531],
      [0.60503598575, 0, 0.15250932481, 0.15760103103, 0.084853658407],
      [0.0098457154982, 0.021218272915, 0.93686660017, 0.0092146376287, 0.022854773793],
      [0.15022136351, 0.0069276111924, 0.12046591508, 0.70311687594, 0.019268234275],
      [0.06901608674, 0.011277636799, 0.45511281847, 0.090947629406, 0.37364582858]
    ],
    [
      [0.0072349511883, 0.30675908223, 0.33516610162, 0.011202456346, 0.33963740862],
      [0.40950830732, 0.00063710588052, 0.11604434213, 0.10032890614, 0.37348133853],
      [0.01021692687, 0.053012481471, 0.84413201177, 0.019552882046, 0.073085697841],
      [0.14694148004, 0.025765803797, 0.13783637983, 0.60816895751, 0.081287378821],
      [0.024560132948, 0.0095328045013, 0.16293955628, 0.029867176873, 0.77310032939]
    ],
    [
      [0.017751723987, 0.32056358889, 0.47524902535, 0.02170167704, 0.16473398473],
      [0.65902627662, 0, 0.099324358559, 0.13319891677, 0.10845044806],
      [0.012704587841, 0.034785808318, 0.8912174682, 0.016835323878, 0.044456811767],
      [0.19785913522, 0.0091182118878, 0.090625996245, 0.6726191754, 0.029777481244],
      [0.088693778117, 0.011940100922, 0.31469961327, 0.086663466459, 0.49800304123]
    ],
    [
      [0.012133104671, 0.34816443416, 0.46093386508, 0.017937849839, 0.16083074625],
      [0.58263843105, 0, 0.13081628405, 0.14411411077, 0.14243117412],
      [0.0082961065058, 0.041374410039, 0.89130032228, 0.015359715399, 0.043669445777],
      [0.16545233273, 0.014735450368, 0.11220209541, 0.67301818808, 0.034591933414],
      [0.065302275605, 0.014453701963, 0.33142473722, 0.076529631975, 0.51228965324]
    ],
    [
      [0.0095844429788, 0.94287624268, 0.026295515679, 0.021243798667, 0],
      [0.74530772729, 0.00096671914091, 0.060922920243, 0.15218007338, 0.040622559953],
      [0.026253750756, 0.59561764268, 0.32899293479, 0.049135671776, 0],
      [0.17585776041, 0.037354088494, 0.12169724026, 0.66509091083, 0],
      [0.072306421895, 0.40721100971, 0.1968818567, 0.085625510953, 0.23797520074]
    ],
    [
      [0.0072394332592, 0.85315623927, 0.083129584476, 0.0088890084075, 0.047585734589],
      [0.64387529844, 0, 0.089038039102, 0.071481403707, 0.19560525875],
      [0.033219827304, 0.22740697628, 0.61970883286, 0.043251454328, 0.076412909231],
      [0.23917765298, 0.094861986861, 0.17297382904, 0.42078261542, 0.072203915703],
      [0.061201161879, 0.11951023861, 0.18251639337, 0.034171376879, 0.60260082926]
    ],
    [
      [0.0077553153269, 0.54624829046, 0.3054653729, 0.0085055840964, 0.13202543722],
      [0.5845753141, 0, 0.12949467301, 0.10680614083, 0.17912387206],
      [0.0096641593599, 0.085815613748, 0.84558812392, 0.0089333739864, 0.049998728988],
      [0.19223098522, 0.038685724935, 0.12854184677, 0.59090427985, 0.049637163225],
      [0.05454248949, 0.026920114347, 0.28636287246, 0.048184574931, 0.58398994877]
    ],
    [
      [0.014234230715, 0.37539893269, 0.37834425679, 0.015250216499, 0.21677236331],
      [0.62284815526, 0.00021086503238, 0.095388074045, 0.11054685315, 0.17100605252],
      [0.012225734351, 0.054639664875, 0.85521913666, 0.015242590425, 0.062672873689],
      [0.21107859216, 0.019540918852, 0.098844361816, 0.62491197221, 0.045624154963],
      [0.067618483119, 0.013771452119, 0.23951877584, 0.057574067798, 0.62151722112]
    ],
    [
      [0.01205216971, 0.35228942829, 0.44962047398, 0.017530672786, 0.16850725524],
      [0.58059873862, 0, 0.12816883546, 0.14138478324, 0.14984764267],
      [0.0084626149099, 0.043052954864, 0.88684803693, 0.015344486035, 0.046291907257],
      [0.16723549151, 0.015530426166, 0.11144652219, 0.66926854801, 0.036519012126],
      [0.063932632993, 0.014404508638, 0.31890104301, 0.07375899972, 0.52900281564]
    ],
    [
      [0.0049284684673, 0.55357374731, 0.35116756747, 0.010449374819, 0.079880841934],
      [0.51849287399, 0, 0.18827116411, 0.15715322065, 0.13608274125],
      [0.0022023085711, 0.080485885482, 0.87528244703, 0.013666757735, 0.028362601184],
      [0.12559665657, 0.038474424243, 0.14284162679, 0.6632438014, 0.029843490999],
      [0.047573738881, 0.035832815051, 0.41319121753, 0.070298251036, 0.4331039775]
    ],
    [
      [0.010489598989, 0.51833537973, 0.35897385139, 0.014043813002, 0.098157356882],
      [0.62387114119, 0, 0.12742039145, 0.14013650797, 0.10857195939],
      [0.0092990918121, 0.077997664335, 0.86503378314, 0.015296012218, 0.032373448494],
      [0.17877109664, 0.028175928089, 0.11073171822, 0.65684642189, 0.025474835159],
      [0.079485129371, 0.030608231974, 0.36495194332, 0.084375205047, 0.44057949028]
    ],
    [
      [0.020384387963, 0.5822795426, 0.30476819044, 0.011718813354, 0.080849065643],
      [0.83033842288, 0.00011855615584, 0.058962856629, 0.061182404071, 0.049397760266],
      [0, 0.091794958344, 0.84905437783, 0.026191374142, 0.032959289687],
      [0.3520249847, 0.030716622017, 0.093067275985, 0.50063858218, 0.023552535122],
      [0.18101152587, 0.032145227848, 0.31946003424, 0.066570318145, 0.4008128939]
    ],
    [
      [0.0035985164413, 0.77660067125, 0.15268486366, 0.0096834949597, 0.057432453687],
      [0.54372397934, 0, 0.13034125266, 0.17084970893, 0.15508505907],
      [0.0060069947033, 0.19371509104, 0.73140435877, 0.027641659204, 0.041231896284],
      [0.12764049378, 0.027057939301, 0.12607598546, 0.68268860503, 0.036536976425],
      [0.053093369764, 0.078931620031, 0.29158448527, 0.08130633751, 0.49508418743]
    ],
    [
      [0.00079746922506, 0.96090580608, 0.024672421964, 0.0014146748338, 0.012209627893],
      [0.59432267153, 0.00040099859828, 0.09195425705, 0.15433697817, 0.15898509465],
      [0.011583712412, 0.33150329615, 0.59384008049, 0.019546376301, 0.043526534648],
      [0.14625338137, 0.02154039104, 0.11780308664, 0.66682319807, 0.047579942874],
      [0.046699922332, 0.090069832404, 0.20162026348, 0.064511534171, 0.59709844762]
    ],
    [
      [0.01361841862, 0.50400998073, 0.2343797202, 0.025373804206, 0.22261807625],
      [0.68059233709, 2.2372770066e-05, 0.038170105628, 0.16077537473, 0.12043980978],
      [0.038484791104, 0.078040584528, 0.76824448971, 0.018787971181, 0.096442163481],
      [0.16077650794, 0.028923308711, 0, 0.77680968046, 0.03349050289],
      [0.045871800675, 0.0084016521459, 0.085799592641, 0.062811454767, 0.79711549977]
    ],
    [
      [0.017671771684, 0.34413690306, 0.47454167385, 0.014001333587, 0.14964831782],
      [0.72931908708, 0.00061063146088, 0.089731531898, 0.087194629024, 0.093144120539],
      [0.007647465951, 0.040129140121, 0.90053114771, 0.0072301724127, 0.044462073809],
      [0.26083484665, 0.018201781702, 0.10215086322, 0.57996624299, 0.038846265433],
      [0.095231244067, 0.012137814422, 0.31679637423, 0.05942375035, 0.51641081693]
    ],
    [
      [0.0053864908025, 0.43710095978, 0.48074864624, 0.016899325291, 0.059864577887],
      [0.50933479815, 0.00034143993048, 0.19477601013, 0.21519823941, 0.080349512381],
      [0, 0.052888020586, 0.92257975392, 0.01521793569, 0.0093142898046],
      [0.090797296035, 0.026791465449, 0.12030833214, 0.75427773095, 0.0078251754342],
      [0.049796709443, 0.025150877081, 0.51057199794, 0.10853974661, 0.30594066892]
    ],
    [
      [0.012058959852, 0.53045246977, 0.28617246045, 0.01580744087, 0.15550866906],
      [0.62569098673, 0, 0.087872523217, 0.137183038, 0.14925345206],
      [0.012917117024, 0.093328478449, 0.81222976252, 0.020402949121, 0.061121692883],
      [0.18718857333, 0.025078233195, 0.078220126279, 0.67248070852, 0.037032358671],
      [0.07531229588, 0.025334246092, 0.23977432449, 0.078371714181, 0.58120741936]
    ],
    [
      [0.010611614408, 0.44647096096, 0.43358634352, 0.015606337246, 0.093724743872],
      [0.60629103698, 0.00010161663974, 0.14600217649, 0.14883302014, 0.098772149755],
      [0.0079193531352, 0.058651137992, 0.89340364173, 0.014388698742, 0.025637168402],
      [0.16567554266, 0.024382250641, 0.12009840385, 0.66929530393, 0.020548498918],
      [0.075696387903, 0.024693910888, 0.41360937379, 0.088186100985, 0.39781422644]
    ],
    [
      [0.0042725460733, 3.501116883e-05, 0.18582716802, 0.014494253584, 0.79537102115],
      [0.20915880853, 0, 0.049392895524, 0.12266343949, 0.61878485645],
      [0.010836502559, 0, 0.71300788661, 0.032334393899, 0.24382121693],
      [0.077949891227, 0, 0.060862613946, 0.80564907774, 0.05553841709],
      [0.0071800696187, 0, 0.024580069053, 0.025230394526, 0.9430094668]
    ],
    [
      [0.0099290541414, 0.5179987168, 0.36939368624, 0.014245461377, 0.088433081441],
      [0.61720009224, 2.28082171e-05, 0.13377738242, 0.14846399418, 0.10053572294],
      [0.0088046271312, 0.075740672723, 0.87312957891, 0.014361122272, 0.027963998961],
      [0.16820487174, 0.028461504628, 0.11098912592, 0.67034033228, 0.022004165426],
      [0.077615031263, 0.030882204253, 0.38649585626, 0.089148631887, 0.41585827633]
    ],
    [
      [0.0013541175392, 0, 1.417776881e-15, 0.99864588246, 0],
      [1, 8.4739328596e-31, 4.1753364046e-29, 9.1634016833e-15, 9.7757926617e-61],
      [0, 0, 0.96735767187, 0.032642328133, 0],
      [0.5, 0, 0.065284656266, 0.43471534373, 0],
      [1.0450225668e-09, 5.9448518667e-07, 1.1165450844e-05, 0.99998823902, 9.5877344397e-137]
    ],
    [
      [0.0078956277275, 0.34891263565, 0.51271115581, 0.012366024857, 0.11811455596],
      [0.52470845964, 2.8595013551e-05, 0.19849709815, 0.133335727, 0.1434301202],
      [0.0047472953465, 0.038894293388, 0.91289495908, 0.013419082005, 0.030044370181],
      [0.14878258571, 0.021506238688, 0.1647505763, 0.62955877341, 0.035401825889],
      [0.049809271428, 0.016872055181, 0.43034492001, 0.060649674795, 0.44232407858]
    ],
    [
      [0.0093060719607, 0.39136691754, 0.45307788655, 0.016261674731, 0.12998744922],
      [0.54983395325, 0.00010144570209, 0.15369249863, 0.15799866032, 0.1383734421],
      [0.0050256545529, 0.049163301373, 0.8947066885, 0.014482218459, 0.03662213712],
      [0.14223473878, 0.020362255635, 0.12040389628, 0.68553710581, 0.031462003501],
      [0.057434268584, 0.018411661366, 0.36971954841, 0.078973645669, 0.47546087597]
    ],
    [
      [0.013717226815, 0.36276531261, 0.45578581673, 0.017064125925, 0.15066751791],
      [0.62070893213, 0, 0.12293229651, 0.12974382888, 0.12661494248],
      [0.0096817137028, 0.044229876512, 0.89006887156, 0.014754682417, 0.041264855809],
      [0.18964665667, 0.016072128251, 0.11282635591, 0.64858211444, 0.032872744732],
      [0.07616769235, 0.015629324003, 0.3390296283, 0.075212076926, 0.49396127842]
    ],
    [
      [0.013799011473, 0.39870971111, 0.46857038659, 0.014665734453, 0.10425515637],
      [0.66195007291, 0.00014488775211, 0.13025230626, 0.11683275923, 0.090819973844],
      [0.0096616813544, 0.04896881542, 0.90239161505, 0.012383924479, 0.026593963698],
      [0.21123904001, 0.020957028137, 0.12546164629, 0.61883648224, 0.023505803329],
      [0.09019352755, 0.020040079752, 0.40790026355, 0.076038267229, 0.40582786192]
    ],
    [
      [0.010699749124, 0.66814783684, 0.26942073127, 0.026958287468, 0.024773395293],
      [0.69502846112, 0.001406796358, 0.06693883379, 0.23662590874, 0],
      [0.020828086392, 0.068193640945, 0.87831414559, 0.032664127076, 0],
      [0.11433612725, 0.030906206081, 0.02410686751, 0.83065079915, 0],
      [0.32979689807, 0.026738419726, 0.39915226695, 0.24431241526, 0]
    ],
    [
      [0.0089098123363, 0.59165306537, 0.32980085795, 0.0052481683909, 0.064388095956],
      [0.72006056976, 0.00042779172191, 0.12967160569, 0.064358084835, 0.085481947985],
      [0.0058647559043, 0.083426052913, 0.87774734483, 0.0042661430421, 0.028695703309],
      [0.28746589303, 0.049665442547, 0.16400631633, 0.46404150685, 0.034820841241],
      [0.088185587989, 0.035557122016, 0.42148767329, 0.040598270727, 0.41417134598]
    ],
    [
      [0.0061200444018, 0.85070561061, 0.070089589107, 0.012121242849, 0.060963513037],
      [0.86007359046, 0, 0.025787058635, 0.050669600168, 0.06346975074],
      [0.015787389966, 0.27405040615, 0.57056918232, 0.052391328749, 0.087201692813],
      [0.40222399856, 0, 0.069897350726, 0.46913490501, 0.058743745708],
      [0.18024533454, 0.048777480082, 0.14049119827, 0.068104157703, 0.5623818294]
    ],
    [
      [0.012521143092, 0.43876927039, 0.4602878288, 0.014197478387, 0.074224279332],
      [0.6663980693, 0.00066508309246, 0.13628777833, 0.1266893517, 0.069959717579],
      [0.010130779793, 0.054072194205, 0.9083002489, 0.010815887065, 0.016680890032],
      [0.19866508219, 0.025500342425, 0.12424015664, 0.63872243982, 0.01287197892],
      [0.092676652477, 0.024019078726, 0.45603379604, 0.086019350011, 0.34125112274]
    ],
    [
      [0.017732631517, 0.31354295708, 0.56509031884, 0.017884257106, 0.085749835454],
      [0.70330637081, 0, 0.12348824468, 0.1144443959, 0.05876098861],
      [0.011497718195, 0.027078601045, 0.93554700654, 0.014415914413, 0.01146075981],
      [0.22490430095, 0.010810005766, 0.12481995133, 0.6261905435, 0.013275198453],
      [0.11086577126, 0.01455360116, 0.46647876781, 0.088338142471, 0.31976371729]
    ],
    [
      [0.0084585187143, 0.4702780309, 0.37283710777, 0.014585389425, 0.13384095319],
      [0.55581786066, 0.00018759425042, 0.13468394247, 0.15690382832, 0.15240677429],
      [0.0064161666059, 0.067479909908, 0.86841718636, 0.013845656661, 0.043841080462],
      [0.14338685229, 0.026657765889, 0.10601831481, 0.68827489082, 0.035662176192],
      [0.055965565614, 0.022896092046, 0.32048347658, 0.076288605104, 0.52436626066]
    ],
    [
      [0.0060234416814, 0.42071977971, 0.46589621896, 0.015459166974, 0.091901392673],
      [0.52193897454, 0.00042775588636, 0.17493223418, 0.19140977585, 0.11129125953],
      [0.0013508666673, 0.052003456164, 0.9091510742, 0.010874547646, 0.026620055319],
      [0.10690110394, 0.023369079022, 0.11459994236, 0.73204458467, 0.023085290012],
      [0.049027928315, 0.021208329638, 0.43109224708, 0.091097145821, 0.40757434915]
    ],
    [
      [0.014299441355, 0.43223145713, 0.4271813642, 0.017779777839, 0.10850795948],
      [0.65511930437, 7.9532246582e-05, 0.11620497475, 0.13655204451, 0.092044144121],
      [0.010738425194, 0.057224018639, 0.88517725074, 0.016374603706, 0.030485701717],
      [0.19363830186, 0.020344859797, 0.10325945825, 0.66155756781, 0.021199812281],
      [0.09332925774, 0.022028974134, 0.37328962531, 0.092059302152, 0.41929284067]
    ],
    [
      [0.057656323011, 0.05678414413, 0.52783770826, 0.008143770084, 0.34957805452],
      [0.99680166205, 9.0364695512e-08, 0.00082374626954, 0.0019531616279, 0.00042133968341],
      [0, 0, 0.84274623593, 0.054962801602, 0.10229096246],
      [0.66666666667, 0, 0.13842795887, 0.16844492853, 0.02646044594],
      [0.051097034917, 0.0006135292531, 0.058070030848, 0.0057803785646, 0.88443902642]
    ],
    [
      [0.150774673, 0, 0.53541960132, 0.019003938321, 0.29480178736],
      [0.5371526532, 0, 0.11300796361, 0.14946485624, 0.20037452695],
      [0.0086614619854, 0, 0.91595944278, 0.0055940575093, 0.069785037723],
      [0.122721536, 0, 0.090942472738, 0.74116481006, 0.045171181198],
      [0.034349610049, 0, 0.21390132478, 0.049166764721, 0.70258230045]
    ],
    [
      [0.15059332216, 0, 0.54214193265, 0.044467616969, 0.26279712822],
      [0.86344626644, 2.6155160163e-06, 0.022577231413, 0.086469975489, 0.027503911138],
      [0.031520286683, 0, 0.89673685644, 0.027754144095, 0.043988712779],
      [0.26357727823, 0, 0.012224242182, 0.68555564779, 0.038642831799],
      [0.11890239451, 0.0020993644305, 0.13258157679, 0.085053881716, 0.66136278255]
    ],
    [
      [0.012736323582, 0.51057058859, 0.28428034481, 0.015884419068, 0.17652832395],
      [0.62821584365, 8.8316715337e-05, 0.081762106857, 0.13059845205, 0.15933528074],
      [0.01342772804, 0.08893247733, 0.80891405905, 0.019898591738, 0.068827143845],
      [0.19450146503, 0.025689998345, 0.073025638397, 0.66639162814, 0.040391270092],
      [0.072735749236, 0.02196753464, 0.21763935159, 0.072274621562, 0.61538274297]
    ],
    [
      [0.011224801719, 0.22256319507, 0.51591456796, 0.020111480817, 0.23018595443],
      [0.5258534104, 0, 0.13249102114, 0.15342658269, 0.18822898577],
      [0.0066981081583, 0.020525172682, 0.90386135119, 0.014298636563, 0.054616731408],
      [0.14043688236, 0.0022474486488, 0.1134378761, 0.69824250309, 0.0456352898],
      [0.045980250114, 0.006607667701, 0.27604940305, 0.065343543528, 0.6060191356]
    ],
    [
      [0.01821408919, 0.27025661186, 0.39051663074, 0.023365571396, 0.29764709681],
      [0.61156430346, 0, 0.076543226395, 0.13031712439, 0.18157534576],
      [0.016582911986, 0.03380867768, 0.84542683033, 0.024052357433, 0.080129222574],
      [0.19367834422, 0.0062775253704, 0.077388146712, 0.68458518977, 0.038070793923],
      [0.065714300176, 0.0071280187054, 0.1904748178, 0.067373223837, 0.66930963948]
    ],
    [
      [0.016576220057, 0, 0.059783996418, 0.019319433869, 0.90432034966],
      [0.077776285816, 1.4605094047e-06, 0.011042708474, 0.010434261027, 0.90074528417],
      [0.063574340784, 0, 0.53636384484, 0.096190951368, 0.30387086301],
      [0.2081940095, 0, 0.28229959742, 0.43746572616, 0.072040666912],
      [8.5679767603e-05, 7.0453225181e-06, 0.00032208035085, 7.1325215482e-05, 0.99951386934]
    ],
    [
      [0.01759316241, 0.33740795251, 0.45830337955, 0.018496520525, 0.168198985],
      [0.66725415297, 0, 0.10075364539, 0.1161325925, 0.11585960914],
      [0.011511339321, 0.040230940809, 0.88691059853, 0.015815635893, 0.045531485451],
      [0.21835248016, 0.012653039949, 0.10095842333, 0.63431101267, 0.033725043895],
      [0.089761753267, 0.013009725205, 0.31042988895, 0.074586681162, 0.51221195141]
    ],
    [
      [0.014539084846, 0.29205672158, 0.51954895264, 0.017352983517, 0.15650225741],
      [0.62262276514, 0, 0.13020353707, 0.12422874733, 0.12294495047],
      [0.0093439087055, 0.03051108923, 0.90847743212, 0.013189162858, 0.038478407082],
      [0.19451748814, 0.0090523477444, 0.12320706689, 0.63926645831, 0.033956638922],
      [0.075194256256, 0.011190778212, 0.35860767012, 0.071341410207, 0.48366588521]
    ],
    [
      [0.017612761339, 0.3433079331, 0.44008385474, 0.026334472855, 0.17266097797],
      [0.6360194236, 0, 0.092069020602, 0.15825505883, 0.11365649697],
      [0.013285763723, 0.04142281142, 0.87411606814, 0.023328871391, 0.047846485326],
      [0.17533688266, 0.0088632419835, 0.072761255922, 0.7154878551, 0.027550764342],
      [0.08661217121, 0.012652176321, 0.28751272987, 0.10268925721, 0.51053366539]
    ],
    [
      [0.016308982537, 0.34160589792, 0.39720777216, 0.013022361789, 0.2318549856],
      [0.66504766026, 0.00012022264318, 0.089473177881, 0.081747465618, 0.1636114736],
      [0.0095630873229, 0.047469442392, 0.86430290336, 0.014764648645, 0.063899918276],
      [0.26442285558, 0.019010192784, 0.11386637172, 0.5522440141, 0.050456565818],
      [0.075466165228, 0.011912392665, 0.23786545576, 0.045327675996, 0.62942831035]
    ],
    [
      [0.016210770762, 0.50408225213, 0.36086821809, 0.021141107273, 0.097697651747],
      [0.69160246045, 0.00055347435531, 0.084950421455, 0.14950604773, 0.07338759601],
      [0.015281068234, 0.071959899539, 0.86063016722, 0.020978744907, 0.031150120101],
      [0.19202260472, 0.021109857739, 0.068433312142, 0.70231993082, 0.016114294585],
      [0.11179608551, 0.025284109479, 0.33100543794, 0.1176429853, 0.41427138177]
    ],
    [
      [0.0088148359527, 0.059026777592, 0.86124828648, 0.037433741115, 0.033476358866],
      [0.50973903492, 0, 0.18858566886, 0.30167529622, 0],
      [0, 0, 0.98588676769, 0.014113232313, 0],
      [0.036017090168, 0, 0.10613733897, 0.85784557087, 0],
      [0.18264617389, 0, 0.64159721095, 0.17575661516, 0]
    ],
    [
      [1.332165285e-265, 1, 4.1911619646e-284, 8.8613305213e-270, 2.0887712122e-318],
      [0.35189749451, 0.00047484219696, 0.29089217936, 0.35346273125, 0.0032727526762],
      [0, 0.1585078605, 0.8414921395, 0, 0],
      [0, 0.13111910463, 0.11888089537, 0.75, 0],
      [5.0646928548e-23, 4.0013381674e-47, 3.1686537568e-71, 1, 0]
    ],
    [
      [0.041475783842, 0.36127834511, 0.44690071644, 0.036491809796, 0.11385334481],
      [0.8568572165, 9.4676931134e-06, 0.030587806083, 0.088843591395, 0.023701918331],
      [0.025027102571, 0.033007133136, 0.88237386872, 0.030985894323, 0.02860600125],
      [0.28784132291, 0.0084609565895, 0.019756447582, 0.66685521283, 0.01708606009],
      [0.21147885547, 0.010039471807, 0.26059993093, 0.13338939786, 0.38449234393]
    ],
    [
      [0.026557124733, 0.086575809113, 0.53971488554, 0.043983467173, 0.30316871344],
      [0.75847539691, 0, 0.031875169271, 0.14201651553, 0.067632918289],
      [0.035363819528, 0, 0.86714917042, 0.011707458675, 0.085779551376],
      [0.15976900781, 0, 0.0051552445604, 0.79405396918, 0.041021778451],
      [0.053750343775, 0.0013456177637, 0.10548933444, 0.068396233497, 0.77101847052]
    ],
    [
      [0, 0.64918942575, 0.34581212892, 0.0049984453244, 0],
      [0.34836474162, 6.440414793e-05, 0.19458846401, 0.43780301707, 0.019179373154],
      [0, 0.044498440176, 0.95353881533, 0.0019627444956, 0],
      [0, 0.017830890682, 0.0360324989, 0.94613661042, 0],
      [0, 0.13715503218, 0.76796761196, 0.094877355858, 0]
    ],
    [
      [0.0087379269625, 0.43803516256, 0.33190866058, 0.032841343951, 0.18847690594],
      [0.4860300214, 0.00028628987131, 0.088565229038, 0.26466550377, 0.16045295593],
      [0.0009409087357, 0.067776298872, 0.8243381377, 0.040549441748, 0.066395212943],
      [0.079130792048, 0.015469803712, 0.042471335186, 0.83556634634, 0.02736172271],
      [0.046678771745, 0.015641996021, 0.21488769943, 0.12826331662, 0.59452821619]
    ],
    [
      [0, 0.49817351479, 0.29355379616, 0.01881820816, 0.18945448089],
      [0, 0.069970066988, 0.19044927559, 0.087715536662, 0.65186512076],
      [0, 0.027125796759, 0.90883172041, 0.034802640004, 0.029239842831],
      [0, 0.051272459619, 0.25131403531, 0.62269090642, 0.074722598656],
      [0.0010784139029, 0.0027298177489, 0.048761747839, 0.0033526031314, 0.94407741738]
    ],
    [
      [0.017506726688, 0.66334909351, 0.24205175474, 0.025428897363, 0.051663527705],
      [0.77945219751, 3.305822503e-05, 0.040552160972, 0.15125570999, 0.0287068733],
      [0.029275735254, 0.101274511, 0.81718719154, 0.029500002213, 0.022762559997],
      [0.19186036912, 0.022686408438, 0.0222141041, 0.75729909563, 0.0059400227158],
      [0.17496376071, 0.032654523376, 0.28623893391, 0.1910625256, 0.31508025641]
    ],
    [
      [0, 0, 0.889799758, 0.018657940821, 0.091542301175],
      [0.99518343527, 1.9354577153e-07, 0.0021739106875, 0.0018649754391, 0.00077748505991],
      [0, 0, 0.91554956002, 0.049563790244, 0.034886649739],
      [0.62854832739, 0, 0.17366442515, 0.18898206196, 0.0088051855043],
      [0.37145167261, 0, 0.35878801676, 0.044541046001, 0.22521926462]
    ],
    [
      [0.072681499595, 0.14285714286, 0.50582907647, 0.025493747674, 0.2531385334],
      [0.60802086346, 0, 0.097816658268, 0.14114219963, 0.15302027864],
      [0.02934336931, 0, 0.88928445324, 0.020476748902, 0.060895428545],
      [0.17375520785, 0, 0.093483124385, 0.69424066952, 0.038520998242],
      [0.074456825188, 0, 0.25833535767, 0.077668596511, 0.58953922063]
    ],
    [
      [0, 0.93540467188, 0.05014084716, 0.014454480961, 0],
      [0.47620179887, 3.6794704681e-05, 0.047300221969, 0.47188819597, 0.0045729884877],
      [0, 0.064595328121, 0.89451675897, 0.040887912905, 0],
      [0, 0, 0.011068478773, 0.98893152123, 0],
      [0.066162755551, 0.067651582408, 0.28368894873, 0.55694655163, 0.025550161684]
    ],
    [
      [0.0079390963188, 0.59428112451, 0.27936348, 0.012589202423, 0.10582709675],
      [0.58918646655, 2.1291729164e-05, 0.11581154273, 0.1551065612, 0.13987413779],
      [0.0083159224802, 0.098231787999, 0.83467649569, 0.015119551635, 0.043656242197],
      [0.15401926023, 0.032435182886, 0.093796920151, 0.68453184959, 0.035216787143],
      [0.063326017051, 0.032041931619, 0.29449678452, 0.080782130527, 0.52935313628]
    ],
    [
      [0.020825524785, 0.44171550299, 0.31237927677, 0.018646085771, 0.20643360969],
      [0.71344882691, 0.00058107403711, 0.058349602558, 0.1033241158, 0.1242963807],
      [0.01782378318, 0.066597273398, 0.82007228759, 0.022338383725, 0.073168272108],
      [0.25063000419, 0.020338245047, 0.057461155324, 0.6306962453, 0.040874350131],
      [0.099877915105, 0.01457131879, 0.19514535435, 0.069748892002, 0.62065651975]
    ],
    [
      [0.019963487655, 0.3559814313, 0.46710925663, 0.026528192329, 0.13041763209],
      [0.67693474844, 0, 0.092441179731, 0.14981575544, 0.080808316389],
      [0.014354115275, 0.04130582962, 0.88750333043, 0.023141647317, 0.03369507736],
      [0.19329668588, 0.0089132530031, 0.077520379433, 0.7025907453, 0.017678936388],
      [0.10855349291, 0.014613323761, 0.33882197086, 0.11440544297, 0.42360576951]
    ],
    [
      [0.008309453186, 0.66656031897, 0.2415409439, 0.012618398001, 0.070970885945],
      [0.63481206501, 0, 0.10669441421, 0.15976014346, 0.098733377329],
      [0.010473530193, 0.12680146382, 0.81113351244, 0.018643803257, 0.03294769029],
      [0.16629380183, 0.031147247218, 0.088151144237, 0.69210956399, 0.022298242722],
      [0.084301992881, 0.046793666285, 0.32850889594, 0.10173057403, 0.43866487087]
    ],
    [
      [0.0091231377016, 0.39879637021, 0.36328437149, 0.020644488098, 0.20815163249],
      [0.50479505164, 0.00011277547295, 0.11123103541, 0.18260341721, 0.20125772026],
      [0.0054497416419, 0.056819596539, 0.84988482485, 0.021810481073, 0.066035355895],
      [0.11547046361, 0.019470382221, 0.081278512865, 0.74283385369, 0.040946787613],
