{
  "Z_true": {},
  "V_true": [
    [381, 314, 683, 207, 17103, 547],
    [72, 119, 128, 3720, 510, 223],
    [37, 615, 44, 144, 464, 107],
    [390, 49, 348, 142, 733, 303]
  ],
  "p_true": [
    [0.0198, 0.0163, 0.0355, 0.0108, 0.8892, 0.0284],
    [0.0151, 0.0249, 0.0268, 0.7795, 0.1069, 0.0467],
    [0.0262, 0.4359, 0.0312, 0.1021, 0.3288, 0.0758],
    [0.1985, 0.0249, 0.1771, 0.0723, 0.373, 0.1542]
  ],
  "Z_est": [
    [
      [0.4303, 1.0854, 1.8556, 1.1173, 15.5362, 38.7888, 17.8532, 37.8315, 61.5691, 6.2539, 0, 0, 1.4963, 1.066, 1.22, 4.7063, 2.7163, 0, 0.576, 14.381, 9.1045, 0.7685, 5.7209, 11.8525, 14.3329, 13.6055, 7.296, 3.227, 12.456, 14.7795, 10.7309, 2.8508, 9.2346, 2.6847, 9.4835, 6.4276, 23.3159, 10.6008, 11.4058, 0, 0.533, 0, 1.753, 5.6183, 4.1929, 0.5988, 6.2453, 76.2079, 44.977],
      [0.0749, 0.0106, 0.0106, 0.0712, 1.4863, 0.6353, 1.1647, 1.8314, 0.8259, 0.542, 0, 0, 0.0635, 2.4882, 0.1192, 1.0529, 0.1165, 0, 0, 0.6499, 0.7233, 0.0318, 0.3018, 3.0031, 0.6465, 0.7142, 0.0741, 0.0106, 0.1059, 0.18, 1.2926, 0.8645, 0.6473, 0.1165, 0.1482, 0.5073, 0.6962, 0.2753, 0.0635, 0.0426, 0.7752, 0.8202, 3.7595, 0.4493, 0.2567, 0.4324, 0.0635, 8.13, 2.0505],
      [0.0466, 0.1658, 0.1397, 0.1397, 0.745, 3.5926, 6.0994, 2.8402, 2.2815, 4.4889, 0.0931, 1.0845, 1.0203, 1.6397, 0, 4.9468, 0.4656, 0, 0, 1.0243, 0.8846, 0.1862, 7.0808, 0.6518, 0.745, 0.419, 0.419, 0.0931, 0.419, 0.5587, 8.1716, 6.1137, 2.3746, 0.9908, 0.7915, 0.8846, 0.8846, 1.0243, 1.0734, 0, 0.8581, 1.8614, 1.6976, 2.3631, 1.7679, 0.4538, 1.0243, 13.6147, 28.7656],
      [0.0409, 0.0614, 0.1228, 0.6898, 1.5656, 5.5259, 33.5438, 9.4544, 3.0506, 3.3645, 0.2094, 0, 0.7361, 2.3815, 0.0862, 2.1437, 6.3409, 0.1024, 0.0409, 1.4536, 2.0474, 0.1433, 1.6941, 6.7852, 1.2489, 0.9623, 1.2447, 0.0409, 0.5118, 0.43, 5.0775, 15.9934, 4.9751, 1.3513, 2.2931, 2.4431, 1.7978, 1.597, 1.0534, 0.1433, 0.5948, 0.2885, 2.7911, 2.1293, 1.3717, 0.2282, 1.2694, 19.2319, 12.3818],
      [14.4474, 32.6768, 71.9826, 36.8992, 391.4938, 1277.6356, 755.5841, 1291.8883, 1935.8686, 373.2596, 13.6561, 5.9155, 77.81, 99.8338, 43.5332, 135.8345, 231.7946, 3.808, 18.383, 454.0948, 443.0558, 13.565, 203.7745, 438.4007, 477.4371, 498.838, 237.0871, 91.0812, 389.6718, 400.1538, 405.9741, 283.0186, 252.013, 260.1834, 423.4758, 438.5183, 477.8434, 378.6914, 351.485, 28.8141, 36.3355, 20.7045, 108.4564, 249.5504, 150.971, 6.2869, 178.3963, 2109.9183, 1484.0158],
      [0.9598, 0, 0.8887, 0.0828, 2.1731, 21.8217, 10.7548, 16.1542, 25.4043, 5.0911, 0.0414, 0, 0.8738, 0.5908, 0.0414, 2.3158, 2.5661, 0.0897, 0, 6.3963, 13.1843, 0.3052, 3.4278, 3.3066, 7.5897, 7.461, 4.879, 1.5472, 1.8354, 3.8981, 5.7533, 1.159, 4.7554, 6.6734, 8.8079, 8.219, 7.462, 6.8112, 4.9189, 0, 1.9034, 1.3253, 1.5423, 3.8896, 2.4397, 0, 1.0011, 46.8972, 26.8093]
    ],
    [
      [0.002, 0.004, 0.006, 0.004, 0.3199, 0.1232, 0.0715, 0.1192, 0.2126, 0.0199, 0, 0, 0.006, 0.004, 0.004, 0.0139, 0.0099, 0, 0.002, 0.6955, 0.0278, 0.0354, 0.0179, 0.0358, 0.0457, 0.0417, 0.0238, 0.7344, 0.0437, 3.1181, 0.0417, 0.0219, 0.0358, 0.0119, 0.0298, 0.0219, 1.4763, 0.0338, 1.9636, 0, 0.002, 0, 0.006, 0.0179, 0.0139, 0.002, 0.0996, 0.2365, 0.2228],
      [0.0243, 0.0215, 0.4217, 0.3362, 0.24, 0.3552, 1.1726, 6.9675, 0.9949, 0.4227, 0, 0, 0.0355, 0.0701, 0.0271, 0.1596, 0.0651, 0, 0, 2.1717, 0.4807, 0.0427, 1.2021, 0.3987, 0.3878, 0.3831, 0.0414, 0.0184, 0.0592, 0.1973, 4.1951, 1.1689, 1.0998, 0.0651, 0.0829, 0.3476, 2.7394, 0.1539, 0.0355, 0.0337, 0.0739, 1.6561, 0.2176, 6.3221, 0.9413, 0.0398, 0.0355, 2.0252, 6.116],
      [0.3635, 0.761, 0.7097, 0.7097, 5.4566, 25.7469, 55.2856, 17.3561, 16.634, 8.9847, 0.5925, 6.9843, 2.7814, 1.8385, 0, 3.6218, 3.1418, 0, 0, 7.5923, 8.1361, 1.0775, 6.9935, 4.1478, 2.8041, 1.5773, 3.0246, 0.5387, 1.5773, 3.5618, 26.3456, 28.0918, 19.2283, 6.9402, 5.5738, 6.5244, 5.6291, 7.5923, 4.9491, 0, 1.548, 0.9493, 3.9642, 12.842, 6.9238, 0.4917, 6.697, 45.3553, 37.1884],
      [1.9031, 2.8542, 5.7926, 9.5678, 29.9819, 220.78, 600.3237, 245.0169, 131.417, 94.2843, 5.1824, 0, 19.6908, 10.4336, 2.7592, 30.4531, 64.0568, 4.5702, 1.9313, 68.1662, 96.5817, 6.2216, 46.6324, 31.1187, 58.0414, 44.7067, 34.2582, 1.9023, 23.7855, 19.9763, 237.989, 226.3663, 231.2761, 60.908, 106.5854, 60.6412, 49.471, 73.2637, 29.5056, 6.2689, 15.4037, 5.7107, 40.2003, 100.4458, 64.7109, 2.4666, 55.2813, 359.2741, 295.0235],
      [0, 1.3593, 1.441, 0, 0.0848, 4.3818, 9.0786, 2.3869, 0.9991, 1.1741, 0, 0.0157, 0, 0, 0, 0, 0, 0.0766, 1.0668, 4.8548, 4.9949, 0, 1.3047, 0, 2.0873, 11.3531, 0.4853, 0, 4.043, 0.5148, 10.0024, 0, 12.9823, 0.2276, 3.722, 0.4266, 1.857, 0, 0.8143, 0.6974, 0.0966, 0.0548, 0.9835, 4.3314, 2.4648, 0, 0, 0, 3.2453],
      [1.7072, 0, 0.629, 0.3822, 2.9168, 27.6129, 21.0679, 15.1533, 20.7424, 4.1143, 0.2251, 0, 1.4863, 0.6538, 0.2097, 1.7516, 2.7264, 0.3532, 0, 5.5195, 9.7788, 0.6228, 2.8494, 3.2991, 11.6339, 5.9382, 5.1667, 0.8062, 2.4913, 3.6318, 9.4261, 5.3511, 8.3778, 4.8472, 7.0061, 5.0383, 7.8272, 6.9563, 2.7319, 0, 0.8758, 0.629, 1.6285, 4.0408, 2.9453, 0, 2.8866, 28.1089, 20.204]
    ],
    [
      [0.0026, 0.0885, 0, 0.0052, 0.0596, 0.1608, 0.0934, 0.1556, 0.2775, 0.0259, 0, 0, 0.0078, 0.0052, 0.0052, 0.0182, 0.013, 0, 0.422, 0.0596, 0.0363, 0.0052, 0.0233, 0.0467, 0.0596, 0.0545, 0.0311, 0.0156, 0.0571, 0, 0.0545, 0.0285, 0.0467, 0.0156, 0.0389, 0.0285, 0.0856, 0.0441, 0, 0, 0.0026, 0, 0.0078, 0.0233, 0.0182, 0.0026, 0.3626, 0.3086, 0.1815],
      [0.6793, 0.793, 0, 2.4177, 13.2202, 40.7924, 77.9925, 47.5226, 55.4444, 9.2164, 0, 0, 3.7283, 1.061, 2.0019, 5.024, 7.7804, 0, 0, 18.2443, 12.3886, 2.0019, 8.2348, 14.2791, 17.0354, 21.0006, 5.5513, 0.793, 7.176, 10.4639, 32.8277, 40.2266, 27.2721, 8.3462, 8.8948, 9.8595, 19.4531, 18.8136, 3.438, 1.3975, 1.4163, 0.3551, 6.9676, 14.8835, 8.4234, 1.4106, 5.3698, 66.2256, 51.4492],
      [0.0006, 0.1034, 0, 0.0017, 0.0092, 0.0412, 0.075, 0.0349, 0.0281, 0.0126, 0.0011, 0, 0.0052, 0, 0, 0.0063, 0.0057, 0, 0, 0.0126, 0.0109, 0.0023, 0.012, 0.008, 0.0092, 0.0052, 0.0052, 0.0011, 0.0052, 0.0069, 0.0418, 0.0464, 0.0292, 0.0115, 0.0097, 0.0109, 0.0109, 0.0126, 0, 0, 0, 0.0017, 0.0057, 0.0137, 0.0097, 0.6117, 0.0126, 0, 0.0659],
      [0.0278, 0.0421, 0, 0.1517, 0.4525, 3.1989, 8.9392, 0.8767, 10.198, 1.3511, 0.5233, 0, 4.2206, 0.0016, 0.0436, 0.4032, 1.8499, 0.2569, 0.0278, 0.9862, 1.3709, 0.4064, 0.6735, 0.5462, 0.8496, 0.6683, 0.4971, 0.0286, 0.3501, 0.1975, 1.4367, 3.4802, 3.3225, 1.9641, 2.4391, 0.0133, 0.7312, 2.0396, 0.0039, 0.0969, 0.0016, 0.0008, 0.0086, 1.4249, 0.9174, 0.3053, 2.7066, 0.0796, 2.5947],
      [0.1973, 0.973, 0, 0.8187, 8.2085, 20.8712, 57.7426, 15.7835, 32.6624, 3.6134, 0.2655, 0, 4.8283, 0.3946, 1.4618, 1.7756, 4.3684, 0.5331, 0.5502, 9.4043, 5.9097, 0.8616, 3.1411, 5.9273, 7.645, 13.8861, 4.6222, 0.3946, 5.5215, 3.5513, 10.8512, 26.4368, 12.4066, 5.1095, 19.4594, 3.354, 9.6536, 15.332, 0.9865, 1.5056, 0.3946, 0.1973, 2.1702, 5.2518, 3.7411, 0.6698, 5.4482, 20.124, 18.1511],
      [0.0925, 0, 0, 0.605, 4.05, 18.9354, 26.1572, 15.6266, 23.3897, 3.7805, 0.21, 0, 2.2099, 0.5376, 0.4874, 1.7727, 2.9827, 0.21, 0, 6.2929, 6.2836, 0.7225, 2.9153, 4.1926, 7.4011, 7.3853, 3.2931, 0.7671, 2.8902, 3.7805, 9.7881, 10.7815, 8.9229, 4.5532, 7.1581, 3.7339, 7.0656, 7.7581, 0.5717, 0, 0.1849, 0.4451, 1.8401, 4.4027, 2.8902, 0, 3.1002, 15.2621, 19.5576]
    ],
    [
      [0.5651, 0.8222, 1.1384, 0.8735, 7.0843, 22.9272, 17.9819, 21.8937, 44.9407, 3.7003, 0, 0, 1.4899, 0.9249, 0.7709, 2.2617, 2.2608, 0, 0, 7.8639, 4.8313, 1.1909, 3.2379, 6.0651, 8.5618, 7.2983, 4.649, 2.023, 9.4432, 12.1025, 10.1729, 8.0988, 8.683, 3.2879, 5.4478, 4.522, 8.1222, 6.3213, 6.6306, 0, 0.4624, 0, 1.2333, 3.3405, 2.775, 0.3966, 5.2924, 42.2471, 24.6187],
      [1.2215, 0.1749, 0.5677, 1.1748, 5.0535, 18.2171, 29.6702, 21.6784, 20.7348, 3.8188, 0, 0, 2.1727, 1.3806, 0.8518, 1.7634, 3.038, 0, 0, 6.9342, 4.4074, 0.9236, 3.2613, 5.319, 7.9304, 8.9021, 1.3332, 0.178, 2.659, 6.1588, 15.6846, 17.74, 12.9808, 2.4722, 4.8741, 5.2857, 7.1112, 6.7571, 2.463, 0.5262, 0.7346, 0.1686, 1.0553, 2.345, 3.3786, 0.1173, 0.5311, 36.6191, 22.3843],
      [0.5894, 1.9698, 2.1506, 2.1489, 9.7893, 42.6193, 69.5399, 40.7688, 30.0565, 8.5138, 1.3132, 0.9311, 5.1931, 3.5218, 0, 2.4251, 6.3869, 0, 0, 13.3707, 9.9684, 2.734, 6.9137, 9.1924, 12.4418, 6.9985, 5.5512, 1.367, 6.9985, 7.8726, 38.441, 46.7481, 29.3679, 12.0575, 10.625, 11.58, 12.4754, 13.3707, 9.9775, 0, 1.5939, 0.1876, 4.3325, 8.7812, 8.2986, 0.4428, 14.2661, 83.03, 48.9801],
      [0.0282, 0.0423, 0.0846, 0.5907, 0, 2.4952, 9.1932, 3.6519, 4.3344, 0, 0.0848, 0, 0.3525, 0.1833, 0.1109, 0, 1.7524, 0.0705, 0, 0.3939, 0, 0.2286, 0, 0.5499, 0.8601, 0.6627, 0, 0.0282, 0.3525, 0.3963, 3.4968, 7.1602, 3.4263, 1.7766, 0.6825, 0.9024, 0, 1.0998, 0.4371, 0.4909, 0, 0, 0, 0, 0, 0, 2.7427, 5.4144, 0],
      [0.3553, 2.9909, 1.5764, 1.282, 1.2129, 5.1113, 13.5947, 14.9413, 46.4698, 0.953, 2.0785, 0.0689, 2.3617, 0.7716, 3.0049, 0.3898, 1.837, 1.5823, 0, 1.646, 1.0396, 2.5734, 0.7797, 1.6719, 5.8306, 4.9229, 0.8053, 2.5243, 6.7637, 7.7801, 10.1723, 15.5446, 11.5981, 7.4796, 1.3428, 3.7011, 1.646, 1.9766, 4.7143, 0.9829, 0.1733, 0.0433, 0.3898, 0.8663, 0.823, 0.0433, 14.1555, 16.9577, 5.5878],
      [3.2405, 0, 1.4823, 0.93, 4.8601, 26.6299, 30.0201, 23.0659, 33.4636, 5.0141, 0.5235, 0, 2.4301, 1.2178, 0.2615, 2.1599, 3.7249, 0.3472, 0, 7.7913, 3.7533, 1.3494, 3.8075, 5.2017, 10.3754, 8.2155, 3.6613, 2.8796, 4.7831, 6.6896, 15.0324, 10.7083, 12.9439, 6.9262, 8.0279, 7.0088, 8.6452, 8.4744, 4.7775, 0, 1.0359, 0.6005, 1.9891, 4.667, 3.7249, 0, 6.0121, 42.7317, 27.4292]
    ]
  ],
  "V_est": [
    [528.4872, 38.3257, 116.9871, 163.035, 18104.1169, 284.0481],
    [9.9789, 44.0469, 418.833, 3933.182, 93.6087, 272.3504],
    [2.9789, 711.8734, 1.2977, 62.7061, 377.1563, 254.9876],
    [338.5549, 302.7541, 665.8822, 54.0769, 235.118, 368.6139]
  ],
  "p_est": [
    [0.0275, 0.002, 0.0061, 0.0085, 0.9412, 0.0148],
    [0.0021, 0.0092, 0.0878, 0.8242, 0.0196, 0.0571],
    [0.0021, 0.5045, 0.0009, 0.0444, 0.2673, 0.1807],
    [0.1723, 0.1541, 0.3389, 0.0275, 0.1197, 0.1876]
  ],
  "EI_Z": {},
  "EI_V": 9.4368,
  "MAE_Z": {},
  "MAE_V": 215.3401,
  "MAE_p": 0.0561,
  "runtime": 0.8687
}
