{
  "X": [
    [4, 0, 79, 26, 5],
    [9, 25, 178, 125, 12],
    [8, 7, 20, 35, 4],
    [7, 0, 24, 20, 1],
    [8, 10, 25, 22, 2],
    [31, 9, 31, 90, 5],
    [8, 3, 18, 23, 4],
    [17, 22, 151, 98, 15],
    [3, 0, 26, 8, 1],
    [14, 0, 61, 51, 7],
    [5, 4, 77, 101, 5],
    [4, 3, 39, 26, 5],
    [6, 8, 32, 77, 13],
    [38, 19, 129, 253, 20],
    [39, 13, 88, 98, 23],
    [28, 6, 82, 75, 18],
    [15, 19, 57, 95, 6],
    [3, 5, 14, 33, 1],
    [4, 4, 36, 43, 2],
    [13, 11, 103, 80, 10],
    [8, 27, 56, 41, 2],
    [6, 7, 30, 38, 7],
    [8, 10, 21, 73, 2],
    [25, 7, 102, 169, 35],
    [26, 19, 133, 131, 21],
    [6, 13, 23, 55, 7],
    [12, 17, 139, 234, 29],
    [15, 8, 130, 151, 16],
    [24, 12, 148, 187, 22],
    [5, 11, 137, 134, 15],
    [8, 1, 30, 18, 4],
    [12, 0, 31, 11, 3],
    [43, 3, 80, 48, 12],
    [40, 13, 115, 185, 31],
    [60, 19, 146, 213, 24],
    [14, 2, 53, 34, 7],
    [36, 11, 108, 159, 15],
    [38, 22, 141, 183, 19],
    [5, 4, 16, 22, 3],
    [12, 4, 62, 54, 5],
    [8, 2, 24, 16, 1],
    [11, 3, 42, 56, 6],
    [3, 6, 58, 53, 5],
    [20, 8, 64, 75, 9],
    [23, 18, 91, 118, 18],
    [13, 5, 35, 37, 3],
    [8, 2, 49, 30, 3],
    [28, 18, 89, 101, 17],
    [16, 38, 131, 186, 15],
    [32, 130, 417, 456, 40],
    [7, 19, 40, 51, 1],
    [6, 0, 41, 7, 7],
    [8, 6, 52, 54, 10],
    [11, 39, 123, 196, 7],
    [22, 44, 171, 306, 20],
    [16, 60, 248, 411, 40],
    [40, 60, 231, 495, 29],
    [2, 6, 52, 25, 1],
    [24, 28, 53, 94, 15],
    [33, 21, 180, 164, 12],
    [13, 2, 29, 13, 6],
    [4, 0, 51, 39, 2],
    [18, 9, 44, 109, 2],
    [10, 23, 56, 145, 10],
    [14, 16, 13, 92, 4],
    [20, 6, 31, 65, 3],
    [38, 12, 210, 171, 18],
    [14, 18, 75, 95, 7],
    [16, 17, 18, 50, 4],
    [6, 13, 13, 36, 2],
    [8, 7, 41, 41, 1],
    [8, 10, 113, 77, 7],
    [23, 3, 44, 50, 3],
    [46, 2, 110, 109, 11],
    [6, 4, 28, 31, 6],
    [4, 17, 50, 66, 3],
    [17, 21, 98, 174, 9],
    [2, 15, 52, 71, 6],
    [41, 7, 88, 71, 5],
    [4, 2, 26, 14, 0],
    [59, 11, 115, 228, 25],
    [8, 15, 61, 72, 3],
    [5, 3, 39, 24, 2],
    [25, 48, 54, 134, 28],
    [7, 12, 32, 58, 4],
    [52, 35, 80, 149, 17],
    [34, 24, 145, 152, 16],
    [14, 26, 148, 209, 10],
    [5, 6, 27, 27, 3],
    [6, 13, 70, 126, 5],
    [5, 22, 71, 103, 5],
    [19, 45, 138, 224, 21],
    [8, 4, 24, 23, 3],
    [15, 4, 35, 76, 6],
    [2, 6, 70, 28, 3],
    [73, 81, 579, 442, 59],
    [17, 2, 42, 67, 3],
    [27, 10, 147, 309, 19],
    [12, 4, 144, 227, 15],
    [18, 7, 113, 292, 13],
    [14, 6, 88, 211, 15],
    [11, 5, 46, 32, 11],
    [387, 535, 3110, 4236, 437],
    [35, 94, 277, 369, 36],
    [137, 202, 535, 764, 109],
    [13, 70, 111, 196, 8]
  ],
  "W": [
    [5, 3, 11, 88, 4, 3],
    [17, 41, 59, 213, 12, 7],
    [0, 16, 16, 31, 6, 5],
    [0, 1, 8, 37, 3, 3],
    [2, 13, 11, 33, 4, 4],
    [7, 14, 64, 37, 23, 21],
    [1, 5, 15, 20, 9, 6],
    [25, 36, 36, 173, 18, 15],
    [2, 0, 5, 30, 1, 0],
    [3, 10, 19, 80, 16, 5],
    [13, 11, 47, 100, 13, 8],
    [6, 7, 9, 43, 3, 9],
    [5, 11, 58, 44, 11, 7],
    [20, 16, 174, 160, 56, 33],
    [14, 33, 38, 135, 11, 30],
    [6, 7, 41, 98, 37, 20],
    [6, 35, 42, 82, 22, 5],
    [1, 22, 6, 21, 5, 1],
    [2, 13, 9, 60, 2, 3],
    [12, 27, 39, 123, 7, 9],
    [0, 33, 21, 65, 7, 8],
    [3, 14, 14, 46, 4, 7],
    [0, 13, 51, 20, 17, 13],
    [22, 11, 114, 132, 37, 22],
    [18, 22, 60, 168, 45, 17],
    [1, 13, 43, 39, 3, 5],
    [16, 21, 140, 195, 39, 20],
    [19, 13, 84, 152, 39, 13],
    [15, 16, 115, 190, 39, 18],
    [12, 13, 64, 188, 18, 7],
    [5, 3, 2, 44, 5, 2],
    [2, 1, 7, 41, 4, 2],
    [7, 9, 20, 112, 21, 17],
    [21, 20, 89, 194, 35, 25],
    [23, 57, 106, 208, 39, 29],
    [5, 8, 12, 77, 6, 2],
    [11, 28, 92, 160, 22, 16],
    [18, 40, 103, 200, 27, 15],
    [4, 6, 10, 20, 6, 4],
    [3, 6, 19, 91, 10, 8],
    [0, 7, 10, 25, 7, 2],
    [7, 7, 29, 59, 10, 6],
    [7, 14, 15, 77, 7, 5],
    [5, 18, 29, 102, 9, 13],
    [17, 39, 51, 128, 16, 17],
    [0, 12, 17, 48, 6, 10],
    [1, 5, 13, 61, 9, 3],
    [9, 27, 53, 127, 23, 14],
    [28, 75, 70, 154, 44, 15],
    [58, 211, 192, 510, 61, 43],
    [2, 38, 23, 43, 4, 8],
    [12, 3, 0, 43, 3, 0],
    [7, 10, 17, 79, 13, 4],
    [17, 43, 114, 147, 46, 9],
    [30, 80, 159, 206, 68, 20],
    [43, 107, 204, 308, 80, 33],
    [30, 125, 273, 306, 87, 34],
    [4, 3, 16, 58, 3, 2],
    [3, 53, 39, 86, 16, 17],
    [18, 56, 75, 219, 28, 14],
    [2, 2, 4, 38, 11, 6],
    [5, 1, 21, 54, 8, 7],
    [5, 18, 72, 49, 23, 15],
    [9, 80, 52, 68, 22, 13],
    [6, 76, 29, 19, 3, 6],
    [8, 25, 19, 52, 8, 13],
    [18, 16, 82, 280, 36, 17],
    [7, 49, 39, 95, 9, 10],
    [3, 33, 22, 25, 9, 13],
    [2, 29, 12, 21, 2, 4],
    [5, 17, 19, 50, 3, 4],
    [16, 19, 27, 132, 13, 8],
    [1, 7, 32, 54, 14, 15],
    [12, 9, 59, 143, 33, 22],
    [6, 1, 25, 34, 6, 3],
    [3, 24, 34, 58, 12, 9],
    [10, 53, 80, 128, 28, 20],
    [3, 16, 38, 63, 18, 8],
    [4, 15, 33, 123, 20, 17],
    [2, 2, 6, 30, 4, 2],
    [14, 18, 155, 130, 86, 35],
    [16, 35, 19, 66, 14, 9],
    [10, 6, 8, 37, 7, 5],
    [3, 84, 85, 76, 16, 25],
    [4, 23, 33, 35, 6, 12],
    [10, 62, 76, 119, 23, 43],
    [27, 25, 64, 187, 39, 29],
    [26, 85, 67, 191, 25, 13],
    [4, 4, 20, 26, 7, 7],
    [10, 29, 62, 87, 20, 12],
    [11, 42, 31, 106, 15, 1],
    [21, 85, 104, 180, 41, 16],
    [3, 12, 10, 27, 6, 4],
    [8, 14, 39, 45, 17, 13],
    [11, 6, 12, 71, 6, 3],
    [90, 113, 225, 650, 111, 45],
    [5, 7, 28, 61, 17, 13],
    [23, 32, 178, 199, 54, 26],
    [14, 19, 130, 177, 38, 24],
    [17, 15, 191, 155, 49, 16],
    [15, 9, 113, 127, 50, 20],
    [6, 4, 6, 72, 9, 8],
    [573, 1154, 2087, 3766, 721, 404],
    [43, 155, 173, 324, 67, 49],
    [82, 313, 398, 690, 139, 125],
    [7, 154, 76, 136, 6, 19]
  ],
  "method": "mult",
  "cond_prob": [
    [
      [6.1677503323e-05, 0, 0.67231755518, 0.22134590194, 0.10627486538],
      [0.0090238800262, 0, 0.073163859474, 0.906195587, 0.0116166735],
      [0.0042136273901, 0, 0.072951833399, 0.88124559797, 0.041588941239],
      [0.026357498684, 0, 0.83364998822, 0.10301751094, 0.036975002161],
      [0.086989459058, 0, 0.2301889948, 0.61538315253, 0.067438393612],
      [0.41961745022, 0, 0.11149851198, 0.31796952635, 0.15091451145]
    ],
    [
      [5.4706137413e-05, 0.015691713657, 0.61006064822, 0.28246123226, 0.091731699727],
      [0.002951172793, 0.49432041261, 0.03034853207, 0.46833355279, 0.0040463297421],
      [0.0027582745529, 0.021766770312, 0.054289168533, 0.89203915417, 0.029146632437],
      [0.025726837478, 0.01203894684, 0.75267660783, 0.17631222802, 0.033245379831],
      [0.068687561115, 0.017810558483, 0.18309098708, 0.67910048842, 0.051310404909],
      [0.34446665662, 0.057691731986, 0.094915558415, 0.38035183748, 0.1225742155]
    ],
    [
      [0.00080712761107, 0.012461414711, 0.49525614578, 0.32157277208, 0.16990253981],
      [0.018818772381, 0.41188394865, 0.013253881279, 0.54677066368, 0.0092727340128],
      [0.017304691539, 0.011346763626, 0.025758123765, 0.89776846842, 0.047821952651],
      [0.10725287459, 0.0017888288332, 0.59728759274, 0.22747251065, 0.066198193194],
      [0.18020472087, 0.010009530266, 0.11337466983, 0.62115137518, 0.075259703856],
      [0.60319142798, 0.02255954563, 0.03592890507, 0.22176356107, 0.11655656025]
    ],
    [
      [0.00097623394432, 0, 0.56840534102, 0.37532526977, 0.055293155271],
      [0.019986047247, 0, 0.036412426929, 0.93995798977, 0.003643536059],
      [0.012819390207, 0, 0.031742888285, 0.94200926802, 0.013428453492],
      [0.11410243919, 0, 0.6278535531, 0.23861581423, 0.019428193481],
      [0.19644123251, 0, 0.12013818343, 0.66145957068, 0.021961013387],
      [0.68878162782, 0, 0.039549483988, 0.23693467584, 0.034734212348]
    ],
    [
      [0.0019150873163, 0.024578732213, 0.6132341958, 0.26614860671, 0.094123377958],
      [0.016570068898, 0.62039103861, 0.01695529843, 0.34286591594, 0.0032176781275],
      [0.018774377672, 0.039546967617, 0.046253228282, 0.86561936961, 0.029806056816],
      [0.11755952616, 0.035701494125, 0.67471131303, 0.14077466128, 0.031253005412],
      [0.23381761213, 0.025016053516, 0.15206178137, 0.54532928829, 0.043775264698],
      [0.6898764909, 0.043132217419, 0.042651690561, 0.1654379596, 0.058901641519]
    ],
    [
      [0.0069835661425, 0.016380892505, 0.55404591736, 0.3400096037, 0.082580020284],
      [0.025445758477, 0.46690445367, 0.016476468215, 0.487572117, 0.0036012026402],
      [0.066442363716, 0.017812719188, 0.016345673395, 0.87583604817, 0.023563195533],
      [0.1525087619, 0.009712643687, 0.61168067386, 0.19697180309, 0.029126117457],
      [0.25245177757, 0.013268696106, 0.11249249792, 0.58777416171, 0.034012866692],
      [0.70920705076, 0.025909978388, 0.029779644813, 0.18731683903, 0.047786487004]
    ],
    [
      [0.0018414504471, 0.012430007754, 0.58202013897, 0.2369940893, 0.16671431353],
      [0.016320137055, 0.51173661798, 0.03313907208, 0.42953087889, 0.009273293995],
      [0.028263550526, 0.012595212414, 0.068365430479, 0.82910608262, 0.061669723963],
      [0.1012893333, 0, 0.71680895361, 0.11789162343, 0.064010089656],
      [0.1984787561, 0.0099037771674, 0.17164195379, 0.53100206281, 0.088973450127],
      [0.61341818923, 0.025137453608, 0.057641064513, 0.17365154051, 0.13015175213]
    ],
    [
      [0, 0.015297975849, 0.60282679146, 0.2644009375, 0.11747429519],
      [0.0052819517231, 0.50469502253, 0.032031527865, 0.45256932131, 0.0054221765757],
      [0.0054064033116, 0.021936608695, 0.055499089017, 0.8780092491, 0.039148649877],
      [0.044005095913, 0.00960229304, 0.74229259552, 0.16130309363, 0.042796921897],
      [0.11318846485, 0.017168072577, 0.17838758237, 0.62675858966, 0.064497290544],
      [0.4643296839, 0.045905991835, 0.076708833161, 0.28680388111, 0.12625161]
    ],
    [
      [0.0010751867916, 0, 0.70926198942, 0.21671283046, 0.072949993331],
      [0.02773505373, -0, 0.073393971966, 0.89130642244, 0.0075645518677],
      [0.014776044827, 0, 0.075445111525, 0.88245286282, 0.027325980825],
      [0.08955856147, 0, 0.80005354512, 0.087749084505, 0.022638808902],
      [0.23721255819, 0, 0.20264410981, 0.52183748983, 0.038305842164],
      [0.75242665797, 0, 0.053246514756, 0.14608950876, 0.048237318519]
    ],
    [
      [0.0011787202711, 0, 0.56379490569, 0.2997607478, 0.13526562624],
      [0.020504911995, 0, 0.048545896285, 0.91931896022, 0.0116302315],
      [0.01247455569, 0, 0.048614983043, 0.89762173796, 0.041288723306],
      [0.094915269083, 0, 0.69109188487, 0.16219954156, 0.051793304485],
      [0.18027135851, 0, 0.14722635867, 0.60804674761, 0.064455535215],
      [0.61536697968, 0, 0.051299822823, 0.22960076925, 0.10373242824]
    ],
    [
      [0, 0.0067321392068, 0.54375000723, 0.38489324426, 0.064624609299],
      [0.0026034164102, 0.27726717019, 0.024167189988, 0.6929037608, 0.0030584626089],
      [0, 0.0062155559861, 0.02576286837, 0.95259313663, 0.015428439014],
      [0.019050056091, 0.0025626909409, 0.66044065633, 0.29467353868, 0.023273057954],
      [0.050481835549, 0.0070169595013, 0.13533558492, 0.7767850455, 0.030380574536],
      [0.30126161853, 0.027865327409, 0.081390970713, 0.50462619681, 0.084855886543]
    ],
    [
      [0, 0.0059765759438, 0.59325803207, 0.26883360426, 0.13193178772],
      [0.0019982913675, 0.3937606838, 0.039098263993, 0.55826207319, 0.0068806876499],
      [0.011237791903, 0, 0.057643208361, 0.88901186106, 0.042107138672],
      [0.010382193395, 0, 0.77282817707, 0.17002385569, 0.046765773842],
      [0.069616555314, 0.0098743215893, 0.17993484117, 0.6663324605, 0.074241821419],
      [0.3588430946, 0.019799199221, 0.097395438523, 0.3520037707, 0.17195849696]
    ],
    [
      [0.00026797720822, 0.015659321455, 0.45009647076, 0.2916693912, 0.24230683938],
      [0.0046559045255, 0.49629045958, 0.01654412875, 0.47185783563, 0.010651671522],
      [0.0035532141191, 0.023295162908, 0.020344653186, 0.88025271793, 0.072554251858],
      [0.046031027764, 0.014353447046, 0.60718869505, 0.23157361654, 0.1008532136],
      [0.093451003748, 0.016757647046, 0.12068445312, 0.64499982464, 0.12410707145],
      [0.38400464035, 0.042214728745, 0.049101539822, 0.28747457334, 0.23720451775]
    ],
    [
      [0.00091769525458, 0.020202961946, 0.54139430366, 0.32834767081, 0.10913736833],
      [0.0069924336154, 0.52156573311, 0.018888942458, 0.44843696377, 0.0041159270415],
      [0.0098697030256, 0.027634144868, 0.029313707549, 0.90272039988, 0.030462044676],
      [0.069875594657, 0.017125382183, 0.6475135483, 0.22490520231, 0.040580272551],
      [0.13796438674, 0.020110507308, 0.13286299341, 0.65789738738, 0.051164725166],
      [0.52261630389, 0.047766614112, 0.052327587147, 0.28356422789, 0.093725266964]
    ],
    [
      [0.0043896008261, 0.0092193305444, 0.46934522688, 0.30668277397, 0.21036306778],
      [0.021245665122, 0.3665500135, 0.018380217799, 0.58137111326, 0.012452990321],
      [0.025943793506, 0.0040667338869, 0.028384220012, 0.87913754474, 0.062467707853],
      [0.12955297527, 0, 0.57420117728, 0.20871230774, 0.087533539711],
      [0.1857813029, 0.0086348835062, 0.1124520192, 0.59755866967, 0.095573124718],
      [0.59061094978, 0.017508644022, 0.032996271051, 0.21215536051, 0.14672877464]
    ],
    [
      [0.0017132627175, 0.012936868248, 0.55961978825, 0.23821796903, 0.18751211175],
      [0.011613401983, 0.49800626325, 0.029358184069, 0.45110267292, 0.0099194777746],
      [0.017381661643, 0.018902223455, 0.059027639287, 0.83640695362, 0.068281521992],
      [0.092938857042, 0.0059988008767, 0.70100333712, 0.12688190723, 0.073177097738],
      [0.18187757572, 0.013146380284, 0.16684955187, 0.53695427031, 0.10117222181],
      [0.56791500953, 0.029352261483, 0.057244015724, 0.19092767335, 0.15456103991]
    ],
    [
      [0.001014294847, 0.016799843418, 0.52877308665, 0.35420727664, 0.099205498449],
      [0.010722652885, 0.45610744562, 0.01048135079, 0.51894498358, 0.0037435671284],
      [0.010380076323, 0.02196765443, 0.023015870981, 0.91910987149, 0.025526526775],
      [0.090961946675, 0.018194409229, 0.6065863911, 0.24874489506, 0.035512357936],
      [0.16961087439, 0.016231626644, 0.1155122192, 0.65617886197, 0.042466417796],
      [0.59846786208, 0.032752302778, 0.04249894567, 0.25521019087, 0.071070698601]
    ],
    [
      [0.00067564003196, 0.006601008705, 0.50012457842, 0.42031913681, 0.07227963604],
      [0.012977358639, 0.22426541034, 0.0093142373773, 0.74965934501, 0.0037836486294],
      [0.0062620051869, 0.0044033927316, 0.024014681368, 0.94969848132, 0.015621439399],
      [0.069440091782, 0, 0.59984347123, 0.30427581147, 0.02644062552],
      [0.12844823907, 0.0038165243217, 0.10252663402, 0.73685819877, 0.028350403822],
      [0.57576731603, 0.014056985713, 0.041528045158, 0.3149013504, 0.053746302697]
    ],
    [
      [0.0002579797613, 0.0084840855308, 0.47552341938, 0.44990452814, 0.065829987192],
      [0.0041174011188, 0.26578727992, 0.012703208421, 0.71478447237, 0.002607638177],
      [0.0029084459, 0.007711011478, 0.020442811689, 0.9553843887, 0.013553342234],
      [0.041900218019, 0.0062520976261, 0.57233966602, 0.3550674612, 0.024440557134],
      [0.077898516587, 0.0069993050404, 0.10151899794, 0.78724148768, 0.026341692759],
      [0.41665723283, 0.023091206356, 0.052136063205, 0.44366755238, 0.064447945224]
    ],
    [
      [0.0006228598076, 0.0092388336745, 0.59424634049, 0.27813622519, 0.11775574083],
      [0.0093113342635, 0.39151526457, 0.038187272772, 0.55429167279, 0.0066944555992],
      [0.018101752445, 0, 0.058065175575, 0.8857187022, 0.038114369781],
      [0.053130509521, 0, 0.73797917628, 0.16463809299, 0.044252221207],
      [0.12891371171, 0.01038241913, 0.16771644499, 0.6312002075, 0.06178721667],
      [0.51085585097, 0.027282768728, 0.069776878252, 0.27606376179, 0.11602074025]
    ],
    [
      [0.00048272473173, 0.024422313615, 0.69141002156, 0.23454641422, 0.049138525868],
      [0.00072612370116, 0.66254772281, 0.033240453868, 0.30246075825, 0.0010249413763],
      [0.0046816158073, 0.050259131389, 0.070111597517, 0.85731296703, 0.017634688262],
      [0.040404463459, 0.049814737004, 0.78794917254, 0.10676932931, 0.015062297691],
      [0.13647408664, 0.032797106323, 0.21674808266, 0.58562743408, 0.028353290302],
      [0.53701440683, 0.076618217324, 0.087098585134, 0.24697802833, 0.052290762384]
    ],
    [
      [0.00040174254842, 0.012890318484, 0.46063433426, 0.32306577566, 0.20300782905],
      [0.0057442196292, 0.42572185112, 0.013438765706, 0.54582825742, 0.0092669061249],
      [0.004964335136, 0.0156286686, 0.025263157917, 0.89859032569, 0.055553512652],
      [0.052897799097, 0.01085117198, 0.59327852934, 0.26085421898, 0.082118280608],
      [0.10261736613, 0.01268658674, 0.11618841147, 0.67162891994, 0.096878715719],
      [0.42930096895, 0.033217358625, 0.045814867291, 0.30330467954, 0.18836212559]
    ],
    [
      [0.0004089584378, 0.018287942356, 0.61742551004, 0.31761933432, 0.046258254844],
      [0.0012823256785, 0.5203236438, 0.023639061624, 0.45326904369, 0.0014859252089],
      [0, 0.025917198753, 0.047520400456, 0.91445643395, 0.012105966842],
      [0.01674749511, 0.038139598971, 0.72221121117, 0.207036609, 0.015865085751],
      [0.096394276248, 0.022775411579, 0.16553962142, 0.69237931487, 0.022911375886],
      [0.46228285906, 0.058772424453, 0.077750306776, 0.35069567446, 0.05049873525]
    ],
    [
      [0.0012759885298, 0.0090894438955, 0.47185786964, 0.28792919985, 0.22984749808],
      [0.0087736991591, 0.3726285498, 0.024959829903, 0.58067431822, 0.012963602921],
      [0.010633708678, 0.010620788866, 0.033162507174, 0.87266986977, 0.072913125516],
      [0.066720249294, 0.0048852797455, 0.61992548685, 0.21268398261, 0.095785001495],
      [0.12610674548, 0.0091015447148, 0.12620063375, 0.62203163047, 0.11655944558],
      [0.46318874012, 0.023124280678, 0.048384327604, 0.25928722352, 0.20601542807]
    ],
    [
      [0.00075505528954, 0.019522690955, 0.54331803765, 0.28557749618, 0.15082671992],
      [0.0068938252347, 0.54041064557, 0.021567653197, 0.42495631243, 0.006171563571],
      [0.0079217853813, 0.027460253963, 0.042937820383, 0.87486631663, 0.046813823644],
      [0.064147627014, 0.019913203022, 0.67005078507, 0.18884013081, 0.057048254082],
      [0.13512872227, 0.021230040187, 0.14739678068, 0.61976350915, 0.076480947708],
      [0.50010846389, 0.047716012139, 0.056948865097, 0.25906395937, 0.13616269951]
    ],
    [
      [0.00057343122357, 0.026983135374, 0.44893363121, 0.31177881809, 0.2117309841],
      [0.005378983378, 0.61929850238, 0.0039444507727, 0.36557533136, 0.0058027321172],
      [0.00559268817, 0.062565552016, 0, 0.87597812041, 0.055863639406],
      [0.071964321594, 0.047397527928, 0.56385312235, 0.2348614237, 0.081923604429],
      [0.13554696198, 0.027254802695, 0.10941368265, 0.6295758232, 0.098208729472],
      [0.49515295309, 0.060309919956, 0.036255137859, 0.24407194055, 0.16421004855]
    ],
    [
      [0, 0.015304544941, 0.48437671747, 0.33391265467, 0.16640608292],
      [0.0023610150719, 0.45516190421, 0.017872522839, 0.51776206499, 0.0068424928961],
      [0, 0.019470472188, 0.019193007563, 0.91739100494, 0.043945515306],
      [0.022685236048, 0.014420393661, 0.6252013145, 0.272342368, 0.065350687797],
      [0.053424831842, 0.016130380303, 0.12679473803, 0.72019560887, 0.083454440956],
      [0.27216146062, 0.051489979528, 0.066418868587, 0.40776314817, 0.2021665431]
    ],
    [
      [0, 0.010503587465, 0.56708358935, 0.30525683377, 0.11715598942],
      [0.0052196707837, 0.39296450574, 0.028869905876, 0.56698917501, 0.0059567425924],
      [0.0028645006006, 0.012582643188, 0.049255242775, 0.9003951947, 0.03490241874],
      [0.037998922915, 0.0051030324843, 0.70730344598, 0.20562896099, 0.043965637627],
      [0.090541562849, 0.01082457929, 0.15975173218, 0.67816397863, 0.060718147056],
      [0.41419761502, 0.033625515826, 0.074786253012, 0.34554363777, 0.13184697837]
    ],
    [
      [0.00046394051201, 0.013273902236, 0.5418234998, 0.30655593007, 0.13788272738],
      [0.0065971243962, 0.43984653631, 0.024742545938, 0.52232494405, 0.0064888493031],
      [0.0058897989163, 0.016639624419, 0.042048394602, 0.8944509443, 0.040971237762],
      [0.054135724824, 0.00883143035, 0.67296671532, 0.21141741938, 0.052648710127],
      [0.11535175675, 0.013466440594, 0.14541973333, 0.65667220204, 0.069089867283],
      [0.4680918776, 0.035923729314, 0.061453104364, 0.30017098818, 0.13436030054]
    ],
    [
      [0, 0.01603845315, 0.52543908276, 0.33440126745, 0.12412119663],
      [0.0016239792068, 0.46951692011, 0.020124590801, 0.50371002022, 0.0050244896684],
      [0.00086618706249, 0.019740572356, 0.032011808322, 0.9137479283, 0.033633503955],
      [0.014928369014, 0.014375994398, 0.6659528549, 0.25727696794, 0.047465813743],
      [0.036404884375, 0.016939230935, 0.14388201235, 0.73884700356, 0.063926868785],
      [0.20880442926, 0.061832695203, 0.085048949928, 0.47025301136, 0.17406091424]
    ],
    [
      [0.0088940279316, 0, 0.51253756591, 0.31967442885, 0.15889397731],
      [0.024805890519, 0.32014310716, 0.025391138941, 0.62140194828, 0.0082579151028],
      [0.012492911104, 0.0082143116015, 0.035273759732, 0.9008744972, 0.043144520362],
      [0.12300021915, 0, 0.60553964485, 0.21302979254, 0.058430343451],
      [0.22099036975, 0, 0.1155556379, 0.59635578011, 0.067098212244],
      [0.66958243756, 0.011571027662, 0.034534335583, 0.19029162202, 0.094020577172]
    ],
    [
      [0.0035616863909, 0, 0.65103437891, 0.19700456174, 0.14839937297],
      [0.0614743559, 0, 0.072349240851, 0.84954888295, 0.016627520302],
      [0.037426464408, 0, 0.071344723969, 0.83117783498, 0.060050976639],
      [0.20570678929, 0, 0.69361758007, 0.054752318711, 0.045923311925],
      [0.39553863524, 0, 0.15600632774, 0.38326752631, 0.065187510712],
      [0.8266420593, 0, 0.031911419789, 0.080140988165, 0.06130553275]
    ],
    [
      [0.0051594575689, 0.0066139939617, 0.5808913964, 0.24361628077, 0.1637188713],
      [0.044764584441, 0.32818911581, 0.035739096462, 0.58044052397, 0.01086667932],
      [0.040770773019, 0, 0.049983015891, 0.85135019526, 0.057896015834],
      [0.19757853461, 0, 0.63522038003, 0.10840391946, 0.0587971659],
      [0.3203916493, 0, 0.13785164576, 0.46772797721, 0.074028727731],
      [0.75815097444, 0, 0.033698877347, 0.12236417131, 0.085785976896]
    ],
    [
      [0.0019548516582, 0.013563590868, 0.42615000749, 0.35924846332, 0.19908308666],
      [0.010699823944, 0.40624199251, 0.013825409861, 0.56058673439, 0.0086460392994],
      [0.013239074719, 0.015281625313, 0.0096215530513, 0.91069009157, 0.051167655344],
      [0.10088333359, 0.011055206107, 0.52045602663, 0.28742383521, 0.080181598469],
      [0.15656442194, 0.0118786133, 0.09098976559, 0.65551411338, 0.085053085784],
      [0.54062210008, 0.026791945541, 0.03059649851, 0.25957645734, 0.14241299853]
    ],
    [
      [0.0040173299468, 0.0080021982796, 0.5133421223, 0.33409355967, 0.14054478981],
      [0.023715468182, 0.31859338045, 0.02252440776, 0.62715779681, 0.0080089467901],
      [0.031538282164, 0, 0.029680326058, 0.89899873466, 0.039782657117],
      [0.13485453301, 0, 0.59738259807, 0.21402928936, 0.053733579561],
      [0.2136877725, 0.0060517886866, 0.1144060681, 0.60586390828, 0.05999046243],
      [0.64928261455, 0.014486448101, 0.036058907884, 0.21128286982, 0.088889159639]
    ],
    [
      [0.0020390745655, 0.0054394019485, 0.53324208071, 0.28889023317, 0.17038920961],
      [0.060446753169, 0.24082002504, 0.032997697266, 0.65510642669, 0.01062909784],
      [0.023695028081, 0, 0.04281924419, 0.88176102649, 0.051724701239],
      [0.13403826379, 0, 0.63295155736, 0.17057377021, 0.062436408636],
      [0.25075590757, 0.0046619704171, 0.12488415849, 0.54567406374, 0.074023899784],
      [0.69820425372, 0.0091354837316, 0.034701110223, 0.16267020697, 0.095288945359]
    ],
    [
      [0.0020222189737, 0.0094519556431, 0.51681324556, 0.34398370823, 0.1277288716],
      [0.01667682099, 0.33702891201, 0.02232832401, 0.61741192041, 0.0065540225804],
      [0.019773240579, 0.0083674872849, 0.027312375482, 0.90955890046, 0.034987996196],
      [0.11981106472, 0.001515215214, 0.60020031177, 0.23059726187, 0.047876146425],
      [0.19832826462, 0.0077592550525, 0.11538044151, 0.62425336523, 0.054278673587],
      [0.63491714332, 0.017267004746, 0.037918942854, 0.22625566637, 0.083641242703]
    ],
    [
      [0.0018154186916, 0.014160811059, 0.52652644106, 0.32664762994, 0.13084969925],
      [0.013637573275, 0.43489766699, 0.020524615498, 0.52500899376, 0.0059311504795],
      [0.015795426006, 0.016869598126, 0.032028497869, 0.89844892275, 0.036857555245],
      [0.10715644777, 0.0093168822142, 0.61730927847, 0.21772066934, 0.048496722209],
      [0.19004238911, 0.012695439852, 0.12296953597, 0.61650219771, 0.057790437357],
      [0.6154971063, 0.027031786382, 0.041371399628, 0.22600337744, 0.090096330243]
    ],
    [
      [0.0019169752484, 0.017701833681, 0.52386770829, 0.30946058791, 0.14705289487],
      [0.0095263750811, 0.52370981103, 0.014061660401, 0.44677568745, 0.0059264660323],
      [0.011147429587, 0.02274770341, 0.028225319559, 0.89630998985, 0.04156955759],
      [0.080844451344, 0.015329900131, 0.63094718047, 0.2179345559, 0.054943912151],
      [0.15543413584, 0.017421835622, 0.12502507837, 0.633780962, 0.068337988161],
      [0.56855142767, 0.037081937157, 0.042202982286, 0.23925668377, 0.11290696911]
    ],
    [
      [0.00065345579881, 0.013245384724, 0.53847727194, 0.35361872248, 0.094005165055],
      [0.0076232793727, 0.42303343958, 0.020987582587, 0.54441089869, 0.0039447997705],
      [0.0070053418443, 0.014759268526, 0.032653225539, 0.92114927843, 0.024432885656],
      [0.068533818446, 0.0084515640443, 0.63675668729, 0.25145239894, 0.034805531285],
      [0.13221052835, 0.012096125803, 0.12780602736, 0.68575346777, 0.04213385072],
      [0.53256446241, 0.031447940035, 0.051914073332, 0.30389239615, 0.080181128076]
    ],
    [
      [0.0011938597779, 0.0074210386284, 0.71938304803, 0.21450615194, 0.057495901616],
      [0.13146184081, 0.28305983647, 0.071589822362, 0.5097466272, 0.0041418731609],
      [0.033972169526, 0, 0.10791324514, 0.83516116896, 0.022953416376],
      [0.11991020157, 0, 0.83185918305, 0.029270451748, 0.018960163627],
      [0.30935392417, 0, 0.21651964816, 0.44531580685, 0.028810620822],
      [0.78840645532, 0.0092905723502, 0.0538108393, 0.11559498919, 0.032897143842]
    ],
    [
      [0.0016781782069, 0.0087882545956, 0.51399508461, 0.34581737565, 0.12972110693],
      [0.01178201404, 0.34257551823, 0.022320297021, 0.61690991586, 0.0064122548457],
      [0.012314831662, 0.0084295924924, 0.026494591337, 0.91800184434, 0.034759140166],
      [0.091755005139, 0.0018207662491, 0.61088717919, 0.24650160902, 0.049035440402],
      [0.16246086265, 0.007596666342, 0.11808721294, 0.65491882391, 0.056936434159],
      [0.5850824344, 0.018767255967, 0.042372246358, 0.25767871703, 0.096099346241]
    ],
    [
      [0, 0.01019764302, 0.53596884189, 0.35419845481, 0.099635060284],
      [0.0017369533811, 0.36135700947, 0.023293837992, 0.60925682666, 0.0043553724968],
      [0.0011549347525, 0.011587733576, 0.034446007543, 0.92712546076, 0.025685863368],
      [0.017115053397, 0.0055057915754, 0.67536579622, 0.26509404032, 0.036919318482],
      [0.044946934089, 0.010539730817, 0.14106446044, 0.75445330902, 0.048995565631],
      [0.26517419624, 0.039615659131, 0.0829593459, 0.47814381273, 0.134106986]
    ],
    [
      [0.0014215099875, 0.011358945823, 0.49164206295, 0.35883996683, 0.13673751441],
      [0.012828650565, 0.36964918544, 0.016894522925, 0.59421704908, 0.0064105919991],
      [0.01224907382, 0.01195154287, 0.024451700758, 0.9160287409, 0.035318941656],
      [0.10178461281, 0.0055030785462, 0.5789219205, 0.26112067809, 0.052669710056],
      [0.16402491315, 0.0097604326331, 0.10991734865, 0.6580097127, 0.058287592861],
      [0.58065375953, 0.022597483417, 0.037638224755, 0.26066640134, 0.098444130965]
    ],
    [
      [0.0017112598943, 0.011873305822, 0.49161484009, 0.32370612533, 0.17109446886],
      [0.011520218658, 0.40225406898, 0.018220400192, 0.55938483109, 0.0086204810804],
      [0.010896176362, 0.013663335517, 0.029258693625, 0.89763855713, 0.048543237368],
      [0.083014051666, 0.0060687516459, 0.60752250156, 0.23567744193, 0.067717253201],
      [0.14632707421, 0.011208775859, 0.12046024772, 0.64258838103, 0.079415521191],
      [0.52934607406, 0.026898492657, 0.044089092507, 0.26195849297, 0.1377078478]
    ],
    [
      [0.00081238280701, 0.011117414209, 0.5859949616, 0.3133625909, 0.088712650488],
      [0.01668142636, 0.39394188593, 0.028333546159, 0.55621116017, 0.0048319813793],
      [0.02645944366, 0.00065649088026, 0.043902492156, 0.90279115501, 0.02619041829],
      [0.10235068481, 0, 0.67803742411, 0.18646637951, 0.033145511574],
      [0.18497226104, 0.0091239693188, 0.1437153013, 0.6213939481, 0.040794520255],
      [0.63273459043, 0.020679320791, 0.050556691457, 0.22992665378, 0.066102743542]
    ],
    [
      [0.00071732249586, 0.0084351624775, 0.62752530484, 0.27561841811, 0.087703792078],
      [0.011398261852, 0.37913675234, 0.036567861042, 0.56797498406, 0.0049221407074],
      [0.020094432637, 0, 0.058027898493, 0.89358315148, 0.028294517394],
      [0.070743162839, 0, 0.74871872196, 0.14945801109, 0.031080104104],
      [0.17131414766, 0.0040129346231, 0.17495712203, 0.60524212943, 0.044473666256],
      [0.60796782727, 0.019921554744, 0.062938857155, 0.23460261696, 0.074569143871]
    ],
    [
      [0.0019277916559, 0.017210533939, 0.51343836209, 0.28981706329, 0.17760624903],
      [0.013867453664, 0.5086596341, 0.019085650045, 0.45047015313, 0.0079171090599],
      [0.017223677232, 0.023779865966, 0.035274800622, 0.86918982464, 0.054531831543],
      [0.10945800333, 0.015719045651, 0.61821374879, 0.18859219781, 0.068017004426],
      [0.19240606974, 0.0168570152, 0.12661470054, 0.58088045136, 0.083241763166],
      [0.59777626473, 0.033352287879, 0.04063525347, 0.20360229196, 0.12463390195]
    ],
    [
      [0, 0.01457013438, 0.551868957, 0.33028501012, 0.1032758985],
      [0.0027708873708, 0.43569567108, 0.020747992118, 0.53674575401, 0.0040396954203],
      [0.0024406661315, 0.019099565594, 0.036377623859, 0.91358484235, 0.028497302062],
      [0.037128757884, 0.014525446366, 0.67539887828, 0.23495731222, 0.037989605241],
      [0.086520105949, 0.015608561537, 0.14502721799, 0.70174627756, 0.051097836968],
      [0.4064415628, 0.043613057765, 0.070167418514, 0.36565912709, 0.11411883382]
    ],
    [
      [0, 0.018493246687, 0.57233042642, 0.30639500836, 0.10278131852],
      [0.0011108112782, 0.50294116485, 0.021708550824, 0.47087453776, 0.0033649352865],
      [0.0013522582524, 0.02752625118, 0.041702707982, 0.89950971316, 0.029909069426],
      [0.025069940336, 0.026784059447, 0.70145570862, 0.21003535306, 0.036654938529],
      [0.06840796898, 0.020281358886, 0.16208474041, 0.69475173049, 0.054474201231],
      [0.33831231528, 0.06104029006, 0.083437919715, 0.38769329063, 0.12951618432]
    ],
    [
      [0.00026309116968, 0.014355343731, 0.67266711517, 0.28475494281, 0.027959507125],
      [0.0024763807862, 0.47113702412, 0.054711621397, 0.4704841078, 0.0011908659015],
      [0.0040543472168, 0.018230307008, 0.068809232467, 0.90012207542, 0.0087840378891],
      [0.045535243972, 0.0058809277679, 0.7798911459, 0.15933345829, 0.0093592240734],
      [0.12651169164, 0.015403843754, 0.19173417701, 0.65163422071, 0.014716066889],
      [0.54350738805, 0.041786258225, 0.086344478502, 0.2989263368, 0.029435538417]
    ],
    [
      [0.001096278758, 0, 0.63676229911, 0.12260700001, 0.23953442212],
      [0.051999418477, 0, 0.10179502267, 0.80746779997, 0.038737758884],
      [0.025148858959, 0, 0.087661109268, 0.75607286891, 0.13111716286],
      [0.11352111159, 0, 0.75471105637, 0.04833790493, 0.08342992711],
      [0.31647953366, 0, 0.20029730631, 0.34259422931, 0.14062893071],
      [0.73922564634, 0, 0.042222000304, 0.078276536946, 0.14027581641]
    ],
    [
      [0.00048149345579, 0.013851020012, 0.46281388469, 0.33501132896, 0.18784227288],
      [0.0061892993401, 0.43769878876, 0.016605623693, 0.53141947089, 0.0080868173088],
      [0.0055220853663, 0.016264827642, 0.026822399013, 0.90101782539, 0.050372862591],
      [0.058297596994, 0.011889475216, 0.58846488403, 0.26619622392, 0.075151819837],
      [0.11012567222, 0.013374562251, 0.11247987473, 0.6763600557, 0.087659835105],
      [0.45092929996, 0.034103762769, 0.046825394249, 0.30031013573, 0.16783140729]
    ],
    [
      [0, 0.026815891414, 0.58761380459, 0.33240309217, 0.053167211821],
      [0.0016858209573, 0.57370993948, 0.014366032568, 0.40883742167, 0.0014007853185],
      [0, 0.048373504866, 0.028378063581, 0.90951169939, 0.013736732162],
      [0.028877694477, 0.041649324233, 0.68968731953, 0.22155532793, 0.018230333828],
      [0.0726940624, 0.032616047565, 0.15311469343, 0.71519086298, 0.026384333628],
      [0.37095130448, 0.081914893689, 0.081157200479, 0.40193240754, 0.064044193812]
    ],
    [
      [0, 0.015205733392, 0.54807156681, 0.33978346551, 0.096939234288],
      [0.003154910286, 0.43912227102, 0.018861603922, 0.53510151234, 0.003759702426],
      [0.0012510836983, 0.020939354512, 0.030009941137, 0.92201725761, 0.025782363041],
      [0.037440556069, 0.014927549683, 0.66675129194, 0.24522573031, 0.035654871995],
      [0.084936680504, 0.016209135468, 0.14031775667, 0.71134085079, 0.047195576562],
      [0.40301180223, 0.045369625126, 0.069248522355, 0.37549763946, 0.10687241083]
    ],
    [
      [0, 0.014665425072, 0.52055794275, 0.3323272303, 0.13244940187],
      [0.00066100642451, 0.43856944934, 0.017883479017, 0.53808010423, 0.0048059609898],
      [0, 0.019965886309, 0.028195878441, 0.91681746267, 0.03502077258],
      [0.015370594995, 0.017060775951, 0.66243147615, 0.25544411741, 0.049693035494],
      [0.042464055381, 0.016567845066, 0.14079715865, 0.73231066016, 0.067860280746],
      [0.23630317041, 0.05422024963, 0.080540898751, 0.44978650256, 0.17914917865]
    ],
    [
      [0.000173162417, 0.013339259183, 0.52741882178, 0.35999564802, 0.099073108604],
      [0.0046963789017, 0.39739036559, 0.015620808547, 0.57823609214, 0.0040563548193],
      [0.0024584501006, 0.015962688113, 0.02003016995, 0.93630251341, 0.025246178431],
      [0.048434134323, 0.010500960925, 0.63643588141, 0.26769604222, 0.036932981121],
      [0.10016621741, 0.01283220838, 0.12641289681, 0.71477278753, 0.045815889867],
      [0.44709690794, 0.036426955858, 0.059096945568, 0.35911210134, 0.098267089302]
    ],
    [
      [0, 0.037192780742, 0.68781631147, 0.24464056806, 0.030350339731],
      [0.001381304689, 0.7563356649, 0.017888318048, 0.2236877928, 0.00070691955726],
      [0.0021115058672, 0.058790656543, 0.068454625616, 0.86031548873, 0.010327723247],
      [0.018795341307, 0.03814103235, 0.8138113187, 0.11944033214, 0.0098119755081],
      [0.064323150461, 0.045651614222, 0.22324715746, 0.64851044876, 0.018267629101],
      [0.33948637244, 0.14621832934, 0.11449891662, 0.35612795976, 0.043668421835]
    ],
    [
      [0.0014094652218, 0.015670384847, 0.45952080802, 0.31036518601, 0.2130341559],
      [0.021058350905, 0.4712884443, 0.0032164963834, 0.49390655443, 0.010530153984],
      [0.017614222612, 0.021227589552, 0.021316630437, 0.87828585777, 0.061555699631],
      [0.11169666394, 0.01603974601, 0.56254967706, 0.22443642137, 0.085277491623],
      [0.17924419762, 0.01519799149, 0.10621753133, 0.60281088427, 0.096529395288],
      [0.57170023906, 0.03083760496, 0.031815408963, 0.21718836576, 0.14845838125]
    ],
    [
      [0.0012810128493, 0.0092068270782, 0.60725998811, 0.30172392356, 0.080528248396],
      [0.017222274452, 0.36219457048, 0.037619314113, 0.57843851464, 0.0045253263136],
      [0.021029341023, 0, 0.055284905361, 0.89896984024, 0.024715913376],
      [0.078803591447, 0, 0.71928114357, 0.17257824655, 0.02933701843],
      [0.16963535723, 0.0085207969002, 0.15930927927, 0.62360599394, 0.038928572665],
      [0.60196552095, 0.022342775189, 0.059502890007, 0.24986219377, 0.066326620086]
    ],
    [
      [0.0028767391853, 0.016302552356, 0.57480493477, 0.18576573815, 0.22025003554],
      [0.015284254472, 0.65508334605, 0.023623853686, 0.29651910161, 0.0094894441875],
      [0.022469977426, 0.029522658787, 0.060355039958, 0.79611820839, 0.091534115437],
      [0.14821684209, 0.0051251841996, 0.67250270201, 0.092931302498, 0.081223969204],
      [0.28303362002, 0.016296442535, 0.16076317657, 0.4235474616, 0.11635929927],
      [0.68803138057, 0.027519950096, 0.039704107419, 0.11009098573, 0.13465357619]
    ],
    [
      [0, 0, 0.65977130405, 0.29383109982, 0.046397596133],
      [0.0063284033918, 0, 0.055142691019, 0.93460183099, 0.0039270745994],
      [0, 0, 0.068325857153, 0.91783535159, 0.013838791261],
      [0.013204484784, 0, 0.81110223959, 0.16085753933, 0.014835736298],
      [0.067946163902, 0, 0.2006239054, 0.70601657313, 0.025413357572],
      [0.39100858673, 0, 0.11523508679, 0.42675151111, 0.067004815373]
    ],
    [
      [0.001144411373, 0.012428935578, 0.60714723896, 0.34861153952, 0.030667874569],
      [0.011122242945, 0.39815907378, 0.025489494853, 0.5638163463, 0.0014128421234],
      [0.014280064, 0.011469859582, 0.03945405253, 0.92635661287, 0.0084394110159],
      [0.080076926361, 0.0058592496082, 0.68382153135, 0.2195367974, 0.010705495284],
      [0.16153107389, 0.010544795399, 0.14414624161, 0.67000117708, 0.013776712025],
      [0.60846192473, 0.027701905276, 0.056142834839, 0.28288278647, 0.024810548687]
    ],
    [
      [7.2767101332e-05, 0.0069950660837, 0.51107660216, 0.35444007908, 0.12741548558],
      [0.0054718917746, 0.28000176674, 0.023773127173, 0.68353231858, 0.0072208957308],
      [0.0023615231984, 0.0025338271261, 0.032744663009, 0.92851298761, 0.033846999053],
      [0.036906506904, 0, 0.64907542878, 0.26397884675, 0.050039217572],
      [0.082098469612, 0.0050657497709, 0.1290092451, 0.72322949421, 0.060597041306],
      [0.39407582668, 0.022592120031, 0.063108106256, 0.38332061495, 0.13690333207]
    ],
    [
      [0.0045545014281, 0.005621467664, 0.41581609164, 0.42983951326, 0.14416842601],
      [0.059758334054, 0.20938293599, 0.0055416194557, 0.71579396548, 0.0095231450195],
      [0.027851653742, 0, 0.017574415813, 0.9227129241, 0.031861006346],
      [0.18124912746, 0, 0.48652302619, 0.28060584211, 0.05162200424],
      [0.26187916867, 0.0040927808938, 0.072318052726, 0.6142847498, 0.047425247908],
      [0.73232845285, 0.006814952686, 0.018898442849, 0.18126358259, 0.060694569023]
    ],
    [
      [0.0070434560377, 0.0064030511058, 0.46412656263, 0.45204531242, 0.070381617811],
      [0.037793059473, 0.22846161765, 0, 0.73028176143, 0.003463561444],
      [0.024152058808, 0.0038553095832, 0.007816358208, 0.94917544784, 0.015000825559],
      [0.15794277918, 0, 0.50458971367, 0.31158193565, 0.025885571496],
      [0.20056964785, 0.0042577947881, 0.081607403288, 0.68865734859, 0.024907805484],
      [0.67095038824, 0.0099939930411, 0.018996335083, 0.26005696255, 0.040002321085]
    ],
    [
      [0.00093467517283, 0.013607857625, 0.57134020551, 0.31218650225, 0.10193075944],
      [0.0094330172569, 0.44056460436, 0.025516609124, 0.51978902975, 0.0046967395073],
      [0.0096021878692, 0.016898194098, 0.04346197349, 0.90008103763, 0.029956606917],
      [0.077667139634, 0.0082637107792, 0.67697487336, 0.1997904297, 0.037303846526],
      [0.15677606583, 0.013118458704, 0.14583495703, 0.63569709884, 0.04857341959],
      [0.56789004107, 0.031427614436, 0.055335631476, 0.26064456017, 0.084702152845]
    ],
    [
