{
  "X": [
    [55, 201, 268, 787, 64],
    [99, 601, 476, 1528, 131],
    [49, 284, 228, 989, 82],
    [56, 382, 320, 989, 74],
    [44, 164, 266, 488, 53],
    [21, 50, 352, 212, 38],
    [24, 19, 294, 56, 34],
    [43, 78, 95, 483, 29],
    [12, 61, 68, 192, 23],
    [68, 383, 256, 1488, 68],
    [49, 306, 292, 1163, 89],
    [41, 224, 193, 812, 54],
    [26, 26, 708, 69, 59],
    [9, 12, 31, 77, 2],
    [23, 104, 96, 351, 32],
    [78, 184, 169, 863, 63],
    [42, 78, 115, 353, 32],
    [15, 25, 48, 129, 16],
    [38, 102, 88, 411, 26],
    [1, 2, 28, 15, 3],
    [50, 339, 214, 1085, 71],
    [35, 190, 120, 681, 46],
    [11, 7, 117, 17, 14],
    [2, 2, 77, 2, 8],
    [4, 35, 39, 127, 9],
    [7, 23, 25, 56, 8],
    [0, 3, 4, 3, 0],
    [46, 92, 92, 454, 26],
    [0, 7, 7, 27, 1],
    [7, 5, 50, 125, 21],
    [96, 362, 511, 1698, 122],
    [29, 39, 90, 231, 29],
    [123, 303, 712, 1146, 117],
    [23, 24, 61, 275, 26]
  ],
  "W": [
    [77, 301, 862, 135],
    [137, 660, 1834, 204],
    [76, 298, 1102, 156],
    [101, 392, 1159, 169],
    [40, 329, 554, 92],
    [15, 372, 224, 62],
    [3, 272, 57, 95],
    [46, 102, 511, 69],
    [14, 98, 220, 24],
    [146, 341, 1637, 139],
    [103, 387, 1288, 121],
    [65, 316, 859, 84],
    [6, 656, 68, 158],
    [7, 30, 78, 16],
    [26, 134, 387, 59],
    [90, 212, 931, 124],
    [36, 146, 371, 67],
    [15, 52, 135, 31],
    [44, 99, 450, 72],
    [0, 30, 9, 10],
    [95, 287, 1223, 154],
    [66, 165, 751, 90],
    [2, 111, 19, 34],
    [0, 64, 5, 22],
    [8, 46, 146, 14],
    [3, 39, 68, 9],
    [0, 4, 5, 1],
    [40, 129, 494, 47],
    [1, 7, 31, 3],
    [9, 63, 105, 31],
    [135, 614, 1809, 231],
    [12, 120, 237, 49],
    [93, 820, 1271, 217],
    [11, 73, 282, 43]
  ],
  "method": "mvn_pdf",
  "cond_prob": [
    [
      [0.037688990634, 0.17167930262, 0, 0.7893707646, 0.0012609421472],
      [0.030172316296, 0.073216650217, 0.73672124063, 0.067258725965, 0.092631066894],
      [0.020345351448, 0.18490917396, 5.1903950111e-05, 0.79153811444, 0.0031554561995],
      [0.1887287968, 0.047042770596, 0.34223826197, 0.17531644415, 0.24667372649]
    ],
    [
      [0.032230404849, 0.23998903016, 0.00016827881762, 0.7264855701, 0.0011267160799],
      [0.034239961356, 0.13572477013, 0.63515040518, 0.085982590804, 0.10890227253],
      [0.017505946738, 0.25212155966, 0.001128067676, 0.72636721845, 0.0028772074697],
      [0.19549094962, 0.079177520392, 0.26818040325, 0.19394847218, 0.26320265456]
    ],
    [
      [0.024114634532, 0.18921224372, 4.5277398941e-05, 0.78555975748, 0.001068086869],
      [0.028541208078, 0.12180678412, 0.62711996189, 0.10399006149, 0.11854198442],
      [0.01228867465, 0.20200420238, 0.00066916808706, 0.78249535215, 0.0025426027399],
      [0.16102492503, 0.068671902487, 0.25882940411, 0.23075988489, 0.28071388348]
    ],
    [
      [0.025657912981, 0.24057933672, 0.00014415170858, 0.73269329028, 0.00092530831087],
      [0.02581731878, 0.13029151215, 0.67637523203, 0.083414183604, 0.084101753438],
      [0.013272052773, 0.2523248073, 0.001129221724, 0.73085532912, 0.0024185890832],
      [0.16512338854, 0.083921672011, 0.31679042453, 0.20851059915, 0.22565391577]
    ],
    [
      [0.040171218635, 0.20223656174, 0.00066343390543, 0.75573194316, 0.0011968425526],
      [0.034246282827, 0.090991957112, 0.71677836412, 0.067792858637, 0.090190537306],
      [0.021547250527, 0.21791603439, 0.00023451620576, 0.75735217518, 0.0029500237037],
      [0.20857551535, 0.057051093369, 0.32634194425, 0.17275833407, 0.23527311296]
    ],
    [
      [0.04208964912, 0.15098421763, 0.0048635845922, 0.80045571099, 0.0016068376729],
      [0.017246910331, 0.027407542712, 0.85848493393, 0.033425017338, 0.06343559569],
      [0.022610929936, 0.15998861354, 0.0075356797866, 0.80570312128, 0.0041616554586],
      [0.1433541341, 0.02745453895, 0.49810739576, 0.114218689, 0.21686524219]
    ],
    [
      [0.066136058732, 0.18475053194, 0.00017731427798, 0.74743143532, 0.0015046597278],
      [0.022032584456, 0.020048944422, 0.88817546249, 0.013659999742, 0.056083008888],
      [0.034826734483, 0.19016608087, 0.025225454972, 0.74480167511, 0.0049800545648],
      [0.16656426301, 0.022662830652, 0.53660938238, 0.079878845083, 0.19428467888]
    ],
    [
      [0.060404604547, 0.11993813674, 0.00022126236191, 0.81807427929, 0.0013617170534],
      [0.051472256285, 0.054080887148, 0.73157485039, 0.058390141788, 0.10448186439],
      [0.030693275653, 0.12701252544, 0.0010200540264, 0.83747039446, 0.0038037504169],
      [0.27952107523, 0.02990137274, 0.28765129832, 0.16616546552, 0.23676078818]
    ],
    [
      [0.032541578592, 0.19660587796, 0.00044382258791, 0.76890813936, 0.0015005814905],
      [0.032881865028, 0.1048346392, 0.63074875882, 0.084224097881, 0.14731063907],
      [0.018334818947, 0.21189806832, 0.00081145725525, 0.76749978134, 0.0014558741392],
      [0.17868062328, 0.05650616821, 0.25007864679, 0.1721405234, 0.34259403831]
    ],
    [
      [0.028067145508, 0.17538567289, 4.358952243e-05, 0.79567299375, 0.0008305983359],
      [0.035566444296, 0.1196695156, 0.64130082582, 0.10699061271, 0.096472601568],
      [0.014848103582, 0.18767607176, 0.00052299786894, 0.79478112173, 0.0021717050659],
      [0.1976093071, 0.067342859535, 0.26225832239, 0.24669962381, 0.22608988716]
    ],
    [
      [0.026278734462, 0.17617867057, 0.00019006761844, 0.79604978892, 0.0013027384335],
      [0.026382868632, 0.096104910071, 0.66401965554, 0.088311343953, 0.12518122181],
      [0.013537752625, 0.18936606789, 0.00054677326772, 0.79402188382, 0.0025275223988],
      [0.15410326288, 0.05584711816, 0.28347580474, 0.19942310139, 0.30715071283]
    ],
    [
      [0.022456801141, 0.17003074039, 0.00060447751687, 0.80614885761, 0.00075912334703],
      [0.040060754133, 0.16243874103, 0.54779721952, 0.14473251749, 0.10497076784],
      [0.012001677796, 0.18024321433, 0.0037659639815, 0.80100037076, 0.00298877313],
      [0.19728176658, 0.080814745235, 0.19787886351, 0.3072086934, 0.21681593128]
    ],
    [
      [0.049538398816, 0.17852152648, 0.057965532092, 0.71171279558, 0.0022617470268],
      [0.0091579236322, 0.012399040508, 0.92568376648, 0.0066848399659, 0.046074429413],
      [0.027457623188, 0.19816117832, 0.03123962733, 0.73817992492, 0.0049616462464],
      [0.11283578055, 0.021013545204, 0.62202127429, 0.064229324776, 0.17990007518]
    ],
    [
      [0.055732063282, 0.11106129534, 0.00032770558252, 0.83280124379, 7.7692003447e-05],
      [0.054599960056, 0.043497551089, 0.81308684627, 0.070573854023, 0.018241788559],
      [0.02692258329, 0.12090157678, 0.0036502310269, 0.84829610932, 0.00022949958263],
      [0.30449470367, 0.030457588211, 0.39502391579, 0.1803799466, 0.089643845736]
    ],
    [
      [0.028118236589, 0.18762430475, 6.4241789506e-05, 0.78319943308, 0.00099378379236],
      [0.036327349302, 0.12951792449, 0.60990760416, 0.10844715932, 0.11579996273],
      [0.015402715553, 0.20063066792, 0.00053998737368, 0.78067217478, 0.0027544543729],
      [0.19390186649, 0.06986945273, 0.23833450242, 0.23702989406, 0.26086428429]
    ],
    [
      [0.056262574899, 0.14813079579, 4.3615772537e-05, 0.7942406478, 0.0013223657382],
      [0.056191437148, 0.079939145915, 0.6556293374, 0.081132295753, 0.12710778379],
      [0.028266830584, 0.15974211026, 0.00053448679149, 0.80812403261, 0.0033325397517],
      [0.27989809928, 0.040332457998, 0.23794393427, 0.17705500513, 0.26477050332]
    ],
    [
      [0.06064635993, 0.14541677008, 8.2455177901e-05, 0.79264590756, 0.0012085072478],
      [0.058553821257, 0.077438210229, 0.67103948195, 0.087133224209, 0.10583526236],
      [0.02896514318, 0.15844546345, 0.00084893277617, 0.80805214561, 0.0036883149791],
      [0.3062955973, 0.039936576772, 0.24940765954, 0.17844702343, 0.22591314295]
    ],
    [
      [0.062486695777, 0.1364375046, 0.00016654045708, 0.79909931711, 0.0018099420591],
      [0.041091790328, 0.046718187275, 0.7360189276, 0.056080132427, 0.12009096237],
      [0.033187277047, 0.1456944759, 0.0016470006301, 0.81467694146, 0.004794304968],
      [0.24018206661, 0.027591530542, 0.30652169589, 0.13277278259, 0.29293192437]
    ],
    [
      [0.049133428311, 0.16836307253, 1.1261239043e-06, 0.78148342337, 0.0010189496649],
      [0.049088365521, 0.090444092775, 0.68762138484, 0.079970715588, 0.092875441272],
      [0.025366085743, 0.18228238259, 0.00011337689201, 0.78945236772, 0.0027857870571],
      [0.27171725532, 0.050152603618, 0.2760335243, 0.18672309797, 0.21537351879]
    ],
    [
      ["NaN", "NaN", "NaN", "NaN", "NaN"],
      [0.0067695807339, 0.044215111484, 0.7436209112, 0.15676673178, 0.048627664801],
      [0.0023858460793, 0.038859344572, 0.31476449901, 0.63962609527, 0.0043642150669],
      [0.077543996327, 0.032381255433, 0.28584921729, 0.45403631892, 0.15018921204]
    ],
    [
      [0.022264514084, 0.20400067675, 0.0001815625047, 0.77266005677, 0.00089318989021],
      [0.029520966995, 0.14682745677, 0.60589840831, 0.11389001604, 0.10386315189],
      [0.011223436628, 0.21644387693, 0.0012397116528, 0.76846838325, 0.0026245915397],
      [0.16679279635, 0.082919442385, 0.25047883782, 0.25372744996, 0.24608147348]
    ],
    [
      [0.026590949714, 0.18598351609, 7.5749723546e-05, 0.7863491435, 0.0010006409748],
      [0.035297249514, 0.13279464672, 0.59857979201, 0.11292850508, 0.12039980668],
      [0.014211668869, 0.19897906275, 0.00053404545914, 0.78364638685, 0.0026288360726],
      [0.18608875365, 0.070896612289, 0.23142518553, 0.24388129627, 0.26770815226]
    ],
    [
      [0.089413626974, 0.17798625032, 0.050090018237, 0.67891635521, 0.0035937492562],
      [0.02379489809, 0.016122817819, 0.89171690786, 0.0058173027689, 0.062548073463],
      [0.056140091928, 0.22049458713, 0.0030384773763, 0.71396990284, 0.0063569407277],
      [0.20921403857, 0.019558751942, 0.5253385918, 0.042088780243, 0.20379983745]
    ],
    [
      ["NaN", "NaN", "NaN", "NaN", "NaN"],
      [0.0020231983743, 0.00055076514021, 0.94437837533, 0.00017432250912, 0.052873338649],
      [0.093554857262, 0.31639472564, 0.16938727746, 0.39547964485, 0.025183494784],
      [0.063760955351, 0.017398972856, 0.71422034508, 0.00052023341619, 0.2040994933]
    ],
    [
      [0.02103808229, 0.18542850857, 6.4271934918e-05, 0.79217034385, 0.0012987933563],
      [0.019133524059, 0.078983836294, 0.73782718809, 0.066537342677, 0.097518108884],
      [0.0091437454492, 0.19947701829, 1.1442701006e-05, 0.78737133841, 0.00399645515],
      [0.11546902853, 0.054262199391, 0.36126889559, 0.18897886274, 0.28002101376]
    ],
    [
      [0.053711421539, 0.23023198222, 0, 0.71501138606, 0.0010452101902],
      [0.059557964057, 0.13150257883, 0.59271633735, 0.081712398448, 0.13451072132],
      [0.027327746945, 0.24420782542, 0.00061228521893, 0.72382470554, 0.0040274368778],
      [0.29531314943, 0.063841261123, 0.20471416096, 0.16090025843, 0.27523117005]
    ],
    [
      ["NaN", "NaN", "NaN", "NaN", "NaN"],
      [0, 0.12236634889, 0.8368753037, 0.040758347404, 0],
      [0, 0.46230213609, 0, 0.53769786391, 0],
      [0, 0.19902392399, 0.65249878519, 0.14847729082, 0]
    ],
    [
      [0.071254649049, 0.13635395012, 0.00037340428931, 0.7908958318, 0.0011221647404],
      [0.078415757209, 0.083075883525, 0.62980168223, 0.099114170208, 0.10959250682],
      [0.031579453673, 0.14988972235, 0.0016401117258, 0.81315329224, 0.0037374200109],
      [0.37093470731, 0.037947450596, 0.21128577931, 0.16767473204, 0.21215733074]
    ],
    [
      [0, 0.18614923246, 0, 0.81327708456, 0.00057368298344],
      [0, 0.090883360541, 0.80324007682, 0.059311042386, 0.046565520254],
      [0, 0.19040391153, 0, 0.80527882965, 0.0043172588239],
      [0, 0.091715328786, 0.45910648742, 0.26930063323, 0.17987755057]
    ],
    [
      [0.018548157689, 0.04460942435, 0.0053210537245, 0.92959933024, 0.001922033995],
      [0.026842921151, 0.019982319957, 0.66007860326, 0.13449222644, 0.1586039292],
      [0.010120356565, 0.028271968331, 0.0077367478063, 0.95287953151, 0.00099139578618],
      [0.13159113255, 0.011970075767, 0.24370322554, 0.26155628883, 0.35117927732]
    ],
    [
      [0.031999318953, 0.14744649393, 6.2401488157e-05, 0.81937872661, 0.0011130590248],
      [0.030220048233, 0.074785001242, 0.71287986152, 0.08477918871, 0.0973359003],
      [0.017198994423, 0.15784564032, 7.2941506881e-05, 0.82214911205, 0.0027333116972],
      [0.18187013599, 0.046034498778, 0.31667268243, 0.20805933479, 0.247363348]
    ],
    [
      [0.059230819979, 0.1171907888, 7.7912557055e-05, 0.82244282601, 0.0010576526559],
      [0.059672657368, 0.062938170223, 0.65304244696, 0.095689859919, 0.12865686553],
      [0.02823478829, 0.12037007139, 0.001898794082, 0.84585489552, 0.0036414507179],
      [0.29462992758, 0.030886187524, 0.22824402483, 0.1873529114, 0.25888694866]
    ],
    [
      [0.05556534159, 0.16767831707, 0.00029235029802, 0.77515941752, 0.0013045735313],
      [0.035884735538, 0.058811266918, 0.76933532612, 0.05613469761, 0.079833973819],
      [0.029418590954, 0.18156290381, 0.0014158451908, 0.78428852663, 0.0033141334129],
      [0.235096364, 0.038775239146, 0.3655221418, 0.14308297136, 0.2175232837]
    ],
    [
      [0.057932039715, 0.082365687009, 9.9862720452e-05, 0.85821070476, 0.0013917057995],
      [0.048652781658, 0.033933816403, 0.68044833804, 0.08299361805, 0.15397144585],
      [0.029849900444, 0.070423546868, 0.0027284725127, 0.89395484317, 0.0030432370086],
      [0.24170750179, 0.017613223925, 0.24550566475, 0.17222982226, 0.32294378728]
    ]
  ],
  "expected_outcome": [
    [
      [2.8058983507, 4.2593844541, 1.7463923423, 2.4708961649, 1.5397265438, 0.61794750076, 0.20178983992, 2.6601088269, 0.43987980995, 3.9538463876, 2.5923597769, 1.390828044, 0.29950812393, 0.37174346014, 0.70127380621, 4.8652348972, 2.0768318783, 0.91271373006, 2.0704884855, 0, 2.0117927133, 1.6884146892, 0.1832053136, 0, 0.15963450712, 0.15455819757, 0, 2.6743650303, 0, 0.15343425991, 4.170033762, 0.6801147194, 4.9848080862, 0.63767384388],
      [13.2507732743, 32.7666001748, 14.4191063928, 24.2268408646, 8.1131505397, 2.2446951204, 0.5585320543, 5.4591159947, 2.7595210945, 25.6466941233, 18.1699158871, 11.0622187638, 1.042258517, 0.76412532591, 4.8949122235, 13.3639620605, 5.2569866739, 2.0464718229, 7.435545827, 0, 19.379828885, 12.2952903227, 0.34499168886, 0, 1.4873414934, 0.69600795652, 0, 5.4580805885, 0.18736155378, 0.3398001077, 19.9040425818, 1.4131930479, 15.6456794721, 0.87739492757],
      [0, 0.023083719034, 0.0021276033595, 0.012547145559, 0.036666802656, 0.096569764513, 0.00032889749662, 0.011278548411, 0.0080467343539, 0.0039348716594, 0.023798449136, 0.04105922431, 0.47945870526, 0.0014183306399, 0.001633022257, 0.0024270665449, 0.0018353379257, 0.0015445665189, 3.0636169175e-05, 0, 0.016874462743, 0.0045578712416, 0.13793046227, 0, 0.00071043892531, 0, 0, 0.016649431287, 0, 0.062450898971, 0.011068858746, 0.00057807516152, 0.030554637765, 0.000679190626],
      [60.8691782354, 99.832725132, 59.7709177208, 74.2188525104, 30.2734431926, 12.0214149886, 2.2362643998, 37.8216091203, 10.7759920412, 116.3034200541, 82.1102351741, 52.4681077418, 4.1662968347, 5.8619614512, 20.3825316115, 71.6787677186, 28.6313773666, 12.0190237521, 34.4602375275, 0, 73.5268973825, 51.9613506387, 1.3264281887, 0, 6.3443745801, 2.1474951018, 0, 31.8163504563, 0.81221457825, 8.4264527181, 110.7995099086, 9.8982668637, 72.2453633047, 9.4747867086],
      [0.074150139544, 0.11820652002, 0.061455940676, 0.070863314541, 0.037012921217, 0.019372625795, 0.003084808525, 0.047887509749, 0.016560319949, 0.092104563371, 0.10369071271, 0.037786226183, 0.012477819167, 0.00075143210745, 0.019649336556, 0.08960825716, 0.032968743307, 0.020246128376, 0.033697523874, 0, 0.064606556464, 0.05038647809, 0.0074443465368, 0, 0.0079389804677, 0.0019387441266, 0, 0.034554493636, 0.00042386797831, 0.01786201527, 0.11534488887, 0.0078472938506, 0.09359449925, 0.0094653292929]
    ],
    [
      [9.3651724431, 23.2892068101, 8.7068173383, 10.394675205, 11.5373945138, 6.4884461012, 5.8458290166, 5.4695245166, 3.3213581659, 12.5376597191, 10.5081195255, 12.9576676565, 6.5424539361, 1.5425293891, 4.9990245075, 12.2819367631, 8.7258297596, 2.19809438, 5.0211329369, 0.22994589548, 8.6516567771, 5.9981605674, 2.6985472218, 0.17890967566, 0.85607329636, 2.3754753933, 0, 10.1589525663, 0, 1.700624417, 19.133111185, 7.3238376162, 30.2079698573, 3.6611629988],
      [21.6422189811, 87.8051182029, 35.7433743525, 50.3287161172, 29.546820059, 10.2426420903, 5.7406023543, 5.4378902729, 10.0999677094, 40.0784170503, 36.5405769366, 50.4436475318, 8.8481657707, 1.2775204277, 17.0842657829, 16.6424581937, 11.0495259567, 2.3575322606, 8.8536724564, 1.439382718, 41.3691105184, 21.5093476537, 1.8115910468, 0.048703683163, 3.5764297941, 5.0625621636, 0.51466318682, 10.4223853891, 0.58313800323, 1.2693831342, 44.9805323198, 7.4161740359, 47.0545362814, 2.3336247289],
      [221.4991659663, 419.3030950895, 186.6125481982, 264.9539918716, 235.5657095997, 319.2458764775, 240.8103155178, 74.8039160933, 61.7876487831, 218.5933161528, 256.7605009794, 173.8542418571, 604.5414316981, 24.4018197455, 81.6420905144, 138.9848927252, 97.8942314617, 38.2790538336, 67.9628898307, 21.6592329938, 173.8298497132, 98.6882441057, 98.7450297194, 60.536800626, 33.9181991816, 23.0848067025, 3.3518894597, 81.2985156991, 5.6469304182, 41.6928688504, 437.225521551, 78.3513352567, 630.6850158294, 49.8369918201],
      [20.4521563312, 57.4735853579, 31.645304036, 33.3037073701, 22.5797510911, 12.5238258262, 4.5232799967, 5.4299309032, 8.4435086412, 36.6782947953, 34.763318328, 45.2968295169, 6.0591295912, 2.1542162383, 14.7277867089, 16.9320649873, 12.8106841124, 2.8911902026, 7.9000589003, 5.2280260582, 33.2817793795, 18.8674593452, 0.8921955106, 0.01541518813, 3.1024725383, 3.2053003948, 0.1334473535, 12.8623161607, 0.42789562546, 8.3840999894, 52.631230815, 11.4379451532, 46.4235978746, 5.9173856172],
      [28.0412862784, 72.1289945396, 35.291956075, 33.0189094362, 29.7703247364, 23.4992095048, 15.0799731147, 10.858738214, 14.3475167003, 33.1123122825, 48.4274842305, 33.4476134378, 30.0088190039, 0.6239141994, 15.5468324864, 27.1586473308, 15.5197287095, 6.2741293231, 9.2622458758, 1.4434123346, 29.8676036117, 19.936788328, 6.8526365015, 3.220170827, 4.5468251896, 5.2718553458, 0, 14.2578301847, 0.34203595313, 9.9530236091, 60.0296041292, 15.470707938, 65.6288801573, 11.250834835]
    ],
    [
      [16.8892060436, 30.7236715152, 13.0780651872, 14.7841326152, 11.4294979762, 4.9660585468, 1.972942385, 15.373081748, 3.8231436782, 23.4585239675, 16.9119651499, 9.8170788328, 1.9069185601, 2.1253870473, 5.6563414717, 25.820972975, 10.6919130973, 4.3736770377, 11.0554495105, 0.016440648085, 13.3060872545, 10.251987662, 1.1322905871, 0.59835993896, 1.3617783634, 1.7828378542, 0, 15.8171074417, 0, 0.98615510222, 29.9925062829, 6.5725634393, 36.3024035079, 8.1728121521],
      [160.4131796406, 465.9689003151, 224.1442754231, 294.645565887, 121.604674113, 36.0397979104, 10.8181427076, 65.2624843827, 46.9220466444, 308.8519870257, 245.2080050678, 156.3596185979, 13.3745578674, 9.5222507854, 78.2963407542, 149.5103357691, 59.2897023447, 19.8393162486, 82.4562368769, 0.25154643406, 266.7127920168, 150.4456168975, 4.2945460323, 1.7074591163, 29.2520294694, 16.7232991936, 2.2947641663, 74.5195782121, 6.0017873698, 3.0641847956, 287.593427873, 28.8116268373, 232.8094550516, 20.1387164788],
      [0.061819154882, 1.2882830359, 0.46741634137, 0.81241165463, 0.17951387051, 1.3894143634, 1.8403592365, 0.37704838829, 0.11389825849, 0.57303819431, 0.46569298112, 2.1596306977, 2.7954933284, 0.17603967584, 0.13950279009, 0.36745062218, 0.19473446254, 0.15285293817, 0.066828860909, 3.9029850984, 0.94245915653, 0.25025687871, 0.035694821394, 0.5691185841, 0.0023083241376, 0.057527840955, 0, 0.51153660396, 0, 0.61640385256, 0.081584734233, 0.34366820548, 1.1786866287, 0.51252314007],
      [682.3988025263, 1331.7266476281, 861.9923521221, 846.5119108975, 419.4509075383, 180.8199116587, 42.1181658398, 428.4376020409, 168.7722188853, 1301.2356033537, 1022.5400982364, 688.788485578, 49.6082548525, 66.151588632, 302.060807283, 752.7284196634, 299.7561877319, 110.0949059352, 355.4192781093, 4.7799204277, 939.5394909034, 588.4606972662, 13.4283605681, 1.9687710093, 114.9285485407, 49.2219491863, 2.7052358337, 401.7336623403, 24.906839264, 100.1894254964, 1487.2436935424, 200.5750263661, 997.2246962813, 252.3652855555],
      [2.2369926346, 4.2924975058, 2.3178909262, 2.2459789457, 1.335406502, 0.78481752065, 0.25038983119, 1.5497834402, 0.36869253358, 2.8808474588, 2.8742385648, 1.8751862936, 0.31477539163, 0.024733859518, 0.84700770094, 2.5728209704, 1.0674623635, 0.53924784032, 1.0022066423, 0.049107391703, 2.4991706687, 1.5914412956, 0.10910799106, 0.15629135134, 0.45533530243, 0.214385925, 0, 1.418115402, 0.091373366227, 0.1438307532, 4.0887875675, 0.6971151517, 3.4847585306, 0.8106626736]
    ],
    [
      [25.9397231626, 40.7277372205, 25.4687251321, 28.3502960149, 19.4933809661, 8.9275478512, 15.9794387586, 19.4972849085, 4.4156183459, 28.0499699258, 18.9875555477, 16.8344254667, 17.2511193798, 4.9603401035, 11.6433602146, 35.0318553647, 20.5054252647, 7.5155148522, 19.8529290671, 0.75361345643, 26.0304632551, 17.0614370814, 6.9859568775, 1.2227303854, 1.6225138331, 2.687128555, 0, 17.3495749617, 0, 4.1597862209, 42.7043487701, 14.423484225, 51.5048185487, 10.5283510052],
      [5.693828104, 14.4593813073, 9.6932438316, 12.7988771313, 4.7353552883, 1.4728648789, 1.8827228838, 1.8405093498, 1.2184645517, 8.4229018007, 6.0815021084, 6.1345151066, 2.735017845, 0.43610346095, 3.7244812394, 4.4832439767, 2.4037850247, 0.75667966782, 3.2545448397, 0.30907084795, 11.5382685798, 5.7497451262, 0.54887123207, 0.24383720053, 0.6841992431, 0.51813068621, 0.19057264687, 1.5999558104, 0.2277130732, 0.32663196242, 9.5219972254, 1.3590060789, 7.4903291949, 0.65026386478],
      [46.4390148789, 55.3855381556, 40.9179078571, 54.2210493282, 30.2181097272, 31.2681393946, 51.3489963482, 19.80775697, 6.0904062241, 36.8297107812, 34.7500075904, 16.9450682209, 100.1836162682, 6.420722248, 14.2167736733, 29.6452295861, 16.9091987378, 9.5665486617, 19.9702506722, 2.4377819078, 39.2108166675, 21.0569411443, 18.081344997, 15.8940807899, 5.0787820554, 1.8576654566, 0.64811054032, 10.1732982656, 1.3530695818, 7.6282763981, 73.6818248561, 11.3044184626, 80.1057429042, 10.6498058492],
      [23.279862907, 38.967041882, 35.5914261211, 34.965529222, 15.695898178, 6.6348475265, 7.1222897638, 11.3108579357, 4.0082804322, 33.7826817969, 23.5863482615, 25.4465771634, 9.1663187217, 2.8322336785, 13.8288743967, 21.6607476308, 11.801750789, 3.99488011, 13.2204254629, 4.9920535141, 38.6518323345, 21.7104927498, 1.3530157326, 0.015813802577, 2.624604341, 1.4252553172, 0.16131681281, 7.5876710426, 0.85305053232, 8.0000217961, 47.325565734, 9.088761617, 30.1063425394, 7.2425421187],
      [33.6475709475, 54.4603014346, 44.3286970581, 38.6642483036, 21.8572558404, 13.6966003488, 18.6665522456, 16.543590836, 8.2672304461, 31.9147356954, 37.594586492, 18.6394140424, 28.6639277853, 1.350600509, 15.5865104761, 33.1789234416, 15.3798401837, 9.1663767082, 15.701849958, 1.5074802737, 38.5686191631, 24.4213838983, 7.0308111609, 4.6235378216, 3.9899005275, 2.511819985, 0, 10.2894999197, 0.56616681267, 10.8852836225, 57.7662634144, 12.8243296165, 47.7927668128, 13.9290371621]
    ]
  ],
  "prob": [
    [0.036578386901, 0.17841387036, 0.00053042983946, 0.78336073978, 0.0011165731234],
    [0.031972733842, 0.083583948847, 0.71713946182, 0.073615535585, 0.093688319906],
    [0.018852860762, 0.1901462357, 0.0014120637709, 0.78671234341, 0.0028764963567],
    [0.19784461539, 0.052508932721, 0.32155720326, 0.18611923971, 0.24197000891]
  ],
  "iterations": 195,
  "time": 0.018411,
  "message": "Converged",
  "status": 0,
  "miniter": 0,
  "maxiter": 1000,
  "maxtime": 3600,
  "param_threshold": 0.001,
  "ll_threshold": "-Inf",
  "initial_prob": "group_proportional",
  "adjust_prob_cond_method": "project_lp",
  "adjust_prob_cond_every": false,
  "candidates_id": ["COOPER, Peter Ernest.c", "WANG, Kenneth.c", "TAWA, Koro Alaster Richard.c", "WONG, Pansy.c", "Other candidates votes.c"],
  "group_id": ["ACT New Zealand.p", "Labour Party.p", "National Party.p", "Other parties votes.p"]
}
