{
  "X": [
    [2, 4, 16, 0],
    [90, 506, 219, 33],
    [3, 67, 68, 6],
    [4, 11, 19, 1],
    [2, 11, 12, 3],
    [42, 174, 183, 21],
    [84, 498, 278, 25],
    [24, 78, 73, 9],
    [11, 33, 56, 0],
    [25, 143, 217, 14],
    [13, 48, 82, 6],
    [3, 35, 23, 1],
    [3, 7, 26, 1],
    [2, 14, 10, 1],
    [29, 204, 97, 17],
    [31, 219, 89, 21],
    [22, 184, 80, 19],
    [25, 147, 50, 18],
    [14, 116, 45, 15],
    [8, 47, 22, 4],
    [19, 103, 139, 16],
    [25, 210, 253, 15],
    [69, 289, 299, 35],
    [34, 207, 253, 23],
    [24, 97, 297, 14],
    [5, 34, 106, 2],
    [1, 6, 3, 5],
    [17, 168, 142, 27],
    [29, 166, 280, 16],
    [96, 260, 678, 20],
    [16, 72, 123, 10],
    [27, 155, 227, 30],
    [23, 144, 140, 14],
    [3, 8, 12, 1],
    [76, 387, 196, 54],
    [21, 59, 54, 7],
    [3, 9, 28, 2],
    [43, 259, 158, 21],
    [29, 228, 162, 22],
    [45, 327, 148, 29],
    [34, 247, 226, 26],
    [32, 243, 101, 29],
    [33, 194, 189, 14],
    [63, 445, 355, 41],
    [69, 341, 499, 34],
    [41, 276, 271, 16],
    [56, 193, 196, 10],
    [26, 127, 248, 9],
    [74, 451, 576, 45],
    [36, 89, 190, 14],
    [10, 51, 37, 5],
    [4, 34, 13, 4],
    [4, 25, 21, 2],
    [138, 819, 1015, 96],
    [51, 494, 372, 42],
    [48, 345, 561, 35],
    [22, 139, 64, 12],
    [3, 13, 24, 0],
    [0, 3, 6, 3],
    [26, 155, 188, 15],
    [64, 306, 269, 32],
    [387, 1163, 1135, 148],
    [58, 130, 145, 9]
  ],
  "W": [
    [3, 2, 16, 0, 1],
    [146, 337, 275, 49, 41],
    [12, 40, 75, 11, 6],
    [6, 6, 17, 2, 4],
    [1, 8, 16, 2, 1],
    [85, 118, 175, 16, 26],
    [202, 279, 319, 37, 48],
    [41, 48, 79, 4, 12],
    [24, 15, 53, 5, 3],
    [81, 84, 200, 18, 16],
    [33, 25, 81, 7, 3],
    [6, 26, 20, 7, 3],
    [4, 3, 28, 0, 2],
    [2, 10, 13, 1, 1],
    [62, 126, 108, 28, 23],
    [48, 175, 99, 13, 25],
    [39, 140, 83, 19, 24],
    [49, 109, 48, 14, 20],
    [22, 88, 51, 13, 16],
    [12, 35, 18, 10, 6],
    [35, 72, 139, 9, 22],
    [67, 121, 276, 21, 18],
    [94, 215, 305, 40, 38],
    [87, 115, 261, 25, 29],
    [60, 53, 289, 14, 16],
    [17, 15, 109, 2, 4],
    [2, 4, 3, 5, 1],
    [30, 124, 159, 23, 18],
    [51, 110, 284, 28, 18],
    [148, 156, 682, 23, 45],
    [27, 43, 126, 11, 14],
    [49, 110, 230, 18, 32],
    [37, 110, 147, 18, 9],
    [9, 4, 10, 0, 1],
    [112, 291, 201, 55, 54],
    [24, 51, 56, 5, 5],
    [5, 9, 28, 0, 0],
    [97, 158, 171, 36, 19],
    [69, 135, 183, 31, 23],
    [115, 190, 157, 53, 34],
    [55, 168, 247, 30, 33],
    [46, 199, 115, 21, 24],
    [73, 116, 198, 23, 20],
    [137, 313, 362, 40, 52],
    [165, 194, 488, 39, 57],
    [113, 162, 267, 28, 34],
    [101, 110, 188, 24, 32],
    [47, 88, 224, 23, 28],
    [248, 243, 561, 32, 62],
    [57, 52, 186, 18, 16],
    [15, 38, 38, 4, 8],
    [6, 25, 14, 6, 4],
    [9, 15, 24, 2, 2],
    [257, 582, 1003, 109, 117],
    [170, 302, 368, 64, 55],
    [107, 242, 535, 60, 45],
    [36, 94, 69, 21, 17],
    [3, 8, 27, 2, 0],
    [1, 3, 5, 1, 2],
    [61, 113, 186, 9, 15],
    [98, 232, 264, 40, 37],
    [520, 862, 1197, 92, 162],
    [106, 65, 146, 5, 20]
  ],
  "method": "mult",
  "cond_prob": [
    [
      [0.42117570531, 0.46636927444, 0.11245502025, 0],
      [0.1196405286, 0.87486162223, 0.0054978491745, 0],
      [0.017190309514, 0.021694947119, 0.96111474337, 0],
      ["NaN", "NaN", "NaN", "NaN"],
      [0.22214687465, 0.5040497783, 0.27380334705, 0]
    ],
    [
      [0.32916889648, 0.5999630947, 0.067150661442, 0.0037173473799],
      [0.03683322692, 0.90185259615, 0.00043006412707, 0.060884112808],
      [0.084532317626, 0.16393958254, 0.74418576191, 0.0073423379267],
      [0.002028947085, 0.90401578184, 0.02015845598, 0.073796815096],
      [0.15079848507, 0.61221718939, 0.083224950007, 0.15375937553]
    ],
    [
      [0.11873490231, 0.75832865924, 0.11802339007, 0.0049130483787],
      [0.012082272679, 0.90786037117, 0, 0.080057356147],
      [0.010950279351, 0.10983656316, 0.87225266267, 0.006960494824],
      [0.00030904102768, 0.87796238658, 0.029891093476, 0.091837478919],
      [0.044536643754, 0.61505212548, 0.13932793182, 0.20108329894]
    ],
    [
      [0.40077532557, 0.37359459149, 0.22473157331, 0.00089850962488],
      [0.10499693277, 0.81485234824, 0.031603216883, 0.048547502109],
      [0.013042910602, 0.022030166006, 0.96389399664, 0.0010329267569],
      [0.0018363351617, 0.83806595184, 0.08670531714, 0.073392395863],
      [0.18499107485, 0.45466840896, 0.22559567044, 0.13474484575]
    ],
    [
      [0.49120524243, 0.47728608925, 0.025698422897, 0.0058102454287],
      [0.05696962523, 0.73916796781, 0, 0.20386240696],
      [0.056244972859, 0.16974787439, 0.74533949194, 0.028667660813],
      [0.0014325033716, 0.75679323994, 0.0012159671847, 0.2405582895],
      [0.15025318325, 0.37981769821, 0.046437771651, 0.4234913469]
    ],
    [
      [0.31423388226, 0.51286353207, 0.16836139484, 0.0045411908399],
      [0.067316518973, 0.81290855029, 0.018701431732, 0.10107349901],
      [0.022028140611, 0.049782199894, 0.92326344154, 0.0049262179507],
      [0.0014779294257, 0.82016081646, 0.055303159215, 0.1230580949],
      [0.13339228045, 0.4864974152, 0.15486767989, 0.22524262446]
    ],
    [
      [0.26511159265, 0.64773858868, 0.083961215878, 0.0031886027842],
      [0.033848630173, 0.9155666925, 0, 0.050584677327],
      [0.047392325403, 0.14710322972, 0.80023927218, 0.0052651726948],
      [0.00098882606604, 0.91442862856, 0.023424436839, 0.06115810854],
      [0.1218531687, 0.64487309041, 0.10201671678, 0.13125702412]
    ],
    [
      [0.36744697856, 0.5245872646, 0.1027670817, 0.0051986751377],
      [0.075502543149, 0.82214204608, 0, 0.10235541077],
      [0.042638394935, 0.097319466179, 0.85215502018, 0.0078871187091],
      [0.0011447982081, 0.84600951574, 0.026580731405, 0.12626495464],
      [0.16146161792, 0.49640233738, 0.11333167756, 0.22880436714]
    ],
    [
      [0.33626153525, 0.47134691429, 0.19239155046, 0],
      [0.086669533313, 0.90332243683, 0.010008029853, 0],
      [0.020155482942, 0.031711356828, 0.94813316023, 0],
      [0.0009627661221, 0.93911483652, 0.05992239736, 0],
      [0.18554190923, 0.58718713671, 0.22727095406, 0]
    ],
    [
      [0.22295881817, 0.54212826862, 0.23088743216, 0.0040254810411],
      [0.046127810715, 0.83872636029, 0.022099868636, 0.093045960361],
      [0.0078939247443, 0.029094382817, 0.96024937903, 0.0027623134109],
      [0.00055577712136, 0.8213586506, 0.06849999833, 0.10958557395],
      [0.092300668186, 0.50195398145, 0.19742832836, 0.20831702201]
    ],
    [
      [0.29556141307, 0.52127568417, 0.1771495521, 0.0060133506661],
      [0.06422494979, 0.79482839527, 0.0066605913462, 0.13428606359],
      [0.015801581691, 0.048512305087, 0.92970000681, 0.0059861064131],
      [0.00044284643812, 0.8077968731, 0.032112516448, 0.15964776401],
      [0.1192738606, 0.44770590564, 0.15235394351, 0.28066629024]
    ],
    [
      [0.22798315278, 0.59817893306, 0.17282918705, 0.0010087271209],
      [0.040042801058, 0.88789552105, 0.049615603838, 0.022446074052],
      [0.013894496871, 0.0031890747413, 0.98207682394, 0.0008396044477],
      [0.00065928123463, 0.90205930232, 0.069433869482, 0.027847546961],
      [0.10282778326, 0.64914874774, 0.18181520425, 0.066208264746]
    ],
    [
      [0.41139258279, 0.54345297247, 0.041237421758, 0.0039170229766],
      [0.10555574354, 0.76525468498, 0.0021224018058, 0.12706716968],
      [0.024816268121, 0.058773477652, 0.91281417022, 0.0035960840115],
      ["NaN", "NaN", "NaN", "NaN"],
      [0.17145346542, 0.44238334046, 0.13494317076, 0.25122002336]
    ],
    [
      [0.36477535698, 0.60705830154, 0.02502491703, 0.0031414244485],
      [0.032415743274, 0.90307276396, 0, 0.064511492762],
      [0.061164352028, 0.17396685924, 0.75757678546, 0.0072920032797],
      [0.0012355737378, 0.90482315451, 0.016153638121, 0.077787633629],
      [0.14991970318, 0.5887634327, 0.085298316897, 0.17601854722]
    ],
    [
      [0.26918889927, 0.63382228723, 0.092381851671, 0.0046069618268],
      [0.033612070411, 0.89102381141, 0.002353361137, 0.073010757043],
      [0.050000076919, 0.12713567419, 0.81505182118, 0.0078124277149],
      [0.001402364711, 0.88558216039, 0.025506434382, 0.087509040519],
      [0.11460403715, 0.60465498483, 0.097218471428, 0.18352250659]
    ],
    [
      [0.29886995735, 0.60507984523, 0.091486848588, 0.0045633488341],
      [0.041582636648, 0.87567316463, 0.0037343113494, 0.079009887376],
      [0.062754539442, 0.10835420476, 0.82060333415, 0.0082879216436],
      [0.0016677441446, 0.8743120757, 0.029084240803, 0.094935939349],
      [0.12571602221, 0.58480961454, 0.093492062811, 0.19598230044]
    ],
    [
      [0.26563659329, 0.62265843673, 0.10695145548, 0.0047535145],
      [0.041429037658, 0.87177319262, 0.0051007881986, 0.081696981524],
      [0.038898614305, 0.0859671779, 0.86738920672, 0.0077450010698],
      [0.0013292289075, 0.86818227548, 0.032686685324, 0.097801810289],
      [0.10776113555, 0.58488895837, 0.10418465454, 0.20316525154]
    ],
    [
      [0.30756581122, 0.59731322933, 0.089177184868, 0.005943774574],
      [0.05334921915, 0.84364004568, 0.0039208145023, 0.099089920667],
      [0.034703547386, 0.06137823326, 0.89416790882, 0.0097503105396],
      [0.0018053765895, 0.84853352621, 0.029598402334, 0.12006269487],
      [0.1211582408, 0.547463111, 0.093425595245, 0.23795305296]
    ],
    [
      [0.28117576144, 0.62327992093, 0.089454924543, 0.0060893930829],
      [0.030740679138, 0.86537592542, 0.0031706189396, 0.10071277651],
      [0.06572760552, 0.11739532455, 0.80545331707, 0.011423752864],
      [0.001407970681, 0.85474315924, 0.024862882326, 0.11898598775],
      [0.10865887398, 0.56474610504, 0.08447753455, 0.24211748643]
    ],
    [
      [0.34246031984, 0.48005930054, 0.17510871267, 0.0023716669401],
      [0.068964683252, 0.83196840245, 0.037116472963, 0.061950441335],
      [0.030507745173, 0.010228666007, 0.95611557053, 0.0031480182863],
      [0.0023947529689, 0.86393857746, 0.055082321358, 0.078584348213],
      [0.15060421754, 0.54948209084, 0.13978590183, 0.16012778979]
    ],
    [
      [0.28484855682, 0.53310001357, 0.17644264829, 0.0056087813188],
      [0.057904510469, 0.81891743411, 0.0081396504318, 0.11503840499],
      [0.017184857415, 0.055025192591, 0.92180336417, 0.0059865858295],
      [0.0011590846651, 0.80620276228, 0.056679769226, 0.13595838383],
      [0.11191130977, 0.47614171083, 0.16353031531, 0.2484166641]
    ],
    [
      [0.21283869938, 0.67278487802, 0.110485329, 0.0038910936021],
      [0.037343572035, 0.89248808994, 0, 0.070168338021],
      [0.016614946985, 0.099669026477, 0.8783791981, 0.0053368284366],
      [0.00068744050483, 0.88997907256, 0.027273685079, 0.082059801853],
      [0.090059628163, 0.59634124765, 0.14400427192, 0.16959485226]
    ],
    [
      [0.3727737669, 0.4833776921, 0.13964603873, 0.0042025022725],
      [0.084258041093, 0.80793782685, 0.01304654635, 0.094757585704],
      [0.031327035753, 0.061042551054, 0.9024038373, 0.0052265758951],
      [0.0024434303244, 0.82364929973, 0.057729187522, 0.11617808243],
      [0.16292905155, 0.48136616075, 0.14541913204, 0.21028565566]
    ],
    [
      [0.24504669028, 0.60172229642, 0.14790762683, 0.0053233864715],
      [0.048701386118, 0.85077562366, 0.0015505881672, 0.098972402052],
      [0.015993470485, 0.077840939229, 0.89954404789, 0.0066215423941],
      [0.00069775246652, 0.84591473899, 0.036781660575, 0.11660584797],
      [0.09960479082, 0.52919344403, 0.14666140732, 0.22454035783]
    ],
    [
      [0.26966135636, 0.50829697323, 0.21684946328, 0.0051922071347],
      [0.064910695902, 0.79713357074, 0.0081976930814, 0.12975804028],
      [0.0090727385739, 0.022031447947, 0.96610130517, 0.002794508313],
      [0.00088067072145, 0.79170874448, 0.060288725729, 0.14712185907],
      [0.10910630612, 0.42519321735, 0.2192021948, 0.24649828173]
    ],
    [
      [0.18784900056, 0.69276240324, 0.11657381422, 0.0028147819802],
      [0.043349584084, 0.88589481968, 0.0041094281921, 0.066646168039],
      [0.0076318370744, 0.044512750874, 0.94573609453, 0.002119317523],
      [0.00062483391057, 0.91147766156, 0.014013209987, 0.073884294538],
      [0.080800830087, 0.5649429203, 0.21083575294, 0.14342049667]
    ],
    [
      [0.39454265997, 0.48071744053, 0.098951050976, 0.025788848527],
      [0.023497876001, 0.54366537584, 0.0040586051748, 0.42877814299],
      [0.01808166201, 0.058966489129, 0.89224693558, 0.030704913277],
      [0.00064032266071, 0.49491045161, 0.012331247553, 0.49211797817],
      [0.059476576724, 0.21245189015, 0.047466432834, 0.68060510029]
    ],
    [
      [0.24081752365, 0.62850926655, 0.12309806161, 0.0075751481882],
      [0.030630602452, 0.83973156342, 0, 0.12963783413],
      [0.0276937814, 0.10746597565, 0.85210498958, 0.012735253374],
      [0.00089548686438, 0.81508485818, 0.034058754521, 0.14996090043],
      [0.086298452552, 0.51022034851, 0.11327852525, 0.29020267369]
    ],
    [
      [0.29188946584, 0.52481868203, 0.17963873224, 0.0036531198866],
      [0.064048514365, 0.84731095858, 0.0070627502535, 0.081577776797],
      [0.01679394669, 0.047744259939, 0.93233299649, 0.0031287968785],
      [0.0012552226265, 0.83536148329, 0.067120635878, 0.0962626582],
      [0.12575964268, 0.50447502318, 0.18886518442, 0.18090014972]
    ],
    [
      [0.37811330324, 0.46373720488, 0.15583438177, 0.0023151101141],
      [0.10409917795, 0.82097366568, 0.0067480382622, 0.068179118109],
      [0.022629998793, 0.033175383093, 0.9428415367, 0.0013530814145],
      [0.0015411980218, 0.85729116573, 0.059184063449, 0.081983572801],
      [0.18512561396, 0.46559319448, 0.2112145787, 0.13806661286]
    ],
    [
      [0.31914739698, 0.52990284836, 0.14615329973, 0.0047964549248],
      [0.070279361213, 0.817261581, 0.0046345643573, 0.10782449343],
      [0.019841227069, 0.054876596927, 0.92026584067, 0.0050163353301],
      [0.0012101690893, 0.8211624226, 0.049985613402, 0.12764179491],
      [0.13197866275, 0.47165266069, 0.16794549769, 0.22842317886]
    ],
    [
      [0.28089377484, 0.53752323115, 0.17444909151, 0.0071339025026],
      [0.055969145744, 0.79726163856, 0.0057692789898, 0.14099993671],
      [0.016240804482, 0.054957386191, 0.92066103403, 0.0081407752959],
      [0.0010593534785, 0.77905789716, 0.055461098992, 0.16442165037],
      [0.10391080024, 0.44685438937, 0.15834488182, 0.29088992858]
    ],
    [
      [0.3075599535, 0.54564942089, 0.14252392127, 0.0042667043413],
      [0.063089388887, 0.8451786823, 0.006424036712, 0.085307892097],
      [0.023676522431, 0.074211173164, 0.89655791727, 0.0055543871301],
      [0.0015522586664, 0.84407716349, 0.051940677172, 0.10242990067],
      [0.13022883219, 0.52654277508, 0.14344720512, 0.19978118762]
    ],
    [
      [0.28620945407, 0.4748050986, 0.23646154578, 0.0025239015477],
      [0.056766585837, 0.77684471802, 0.016681049379, 0.14970764676],
      [0.0090245084611, 0.02228561812, 0.96576909867, 0.0029207747498],
      ["NaN", "NaN", "NaN", "NaN"],
      [0.10680348539, 0.39651905933, 0.14743090376, 0.34924655152]
    ],
    [
      [0.35136489969, 0.53875972317, 0.10409626612, 0.005779111018],
      [0.067848691037, 0.819037938, 0.0061849377297, 0.10692843324],
      [0.044613001751, 0.075342862205, 0.87064305985, 0.0094010761912],
      [0.0026137833327, 0.83112218532, 0.036131050985, 0.13013298036],
      [0.14429982792, 0.50857843615, 0.10286923112, 0.24425250481]
    ],
    [
      [0.46472019507, 0.41595795263, 0.11573633555, 0.0035855167452],
      [0.11847622325, 0.77350737999, 0.011056228588, 0.096960168172],
      [0.048305456593, 0.058378410085, 0.88827318216, 0.0050429511664],
      [0.0042395119933, 0.81677908349, 0.054680290544, 0.12430111397],
      [0.21562496064, 0.44300927504, 0.12835212709, 0.21301363723]
    ],
    [
      [0.37129796862, 0.41274863234, 0.20834283202, 0.0076105670181],
      [0.083662643374, 0.70267172354, 0.0095623772533, 0.20410325584],
      [0.013948084518, 0.021864690231, 0.95972230159, 0.0044649236569],
      ["NaN", "NaN", "NaN", "NaN"],
      ["NaN", "NaN", "NaN", "NaN"]
    ],
    [
      [0.27981595089, 0.60794181838, 0.10756608861, 0.0046761421172],
      [0.04453954429, 0.8760122336, 0.0016332939194, 0.077814928193],
      [0.037903132506, 0.11209972255, 0.84271631975, 0.0072808251893],
      [0.0013589810607, 0.87430523694, 0.030573730625, 0.093762051379],
      [0.12053925204, 0.57766682223, 0.1106781045, 0.19111582122]
    ],
    [
      [0.24141064739, 0.64773970464, 0.10527666306, 0.0055729849099],
      [0.029828402029, 0.88242453747, 0, 0.087747060496],
      [0.032949695428, 0.13045143649, 0.82746112651, 0.0091377415714],
      [0.00092651420998, 0.86940402903, 0.026189982011, 0.10347947475],
      [0.09814412401, 0.58063087146, 0.10863628934, 0.21258871519]
    ],
    [
      [0.24877091534, 0.64803895183, 0.097885906073, 0.0053042267596],
      [0.033570700752, 0.88342178397, 0.0029941684842, 0.080013346793],
      [0.040983732262, 0.1135951356, 0.83698163203, 0.0084395001129],
      [0.00108802035, 0.87693194461, 0.026289274285, 0.095690760752],
      [0.10355295733, 0.59745741859, 0.099258265419, 0.19973135866]
    ],
    [
      [0.27873778088, 0.59283261839, 0.1238324535, 0.004597147225],
      [0.047682396732, 0.8670153635, 0, 0.08530223977],
      [0.027594069343, 0.10002166238, 0.86529656372, 0.0070877045592],
      [0.0012439007452, 0.85845191219, 0.039230753983, 0.10107343309],
      [0.1153250682, 0.55383990752, 0.12981943026, 0.20101559402]
    ],
    [
      [0.3016081367, 0.6009664642, 0.091747767544, 0.0056776315506],
      [0.038494845646, 0.86009756717, 0.0036182255903, 0.097789361596],
      [0.065582426887, 0.11229009165, 0.81152906773, 0.010598413735],
      [0.0016285124177, 0.8542083395, 0.027893994314, 0.11626915377],
      [0.12039056565, 0.55601629629, 0.08949829713, 0.23409484094]
    ],
    [
      [0.27184594243, 0.5871111939, 0.13757853363, 0.00346433004],
      [0.054420583046, 0.87874275134, 0, 0.066836665617],
      [0.02229238374, 0.088456517289, 0.88468193437, 0.0045691646015],
      [0.0010906321786, 0.87839229357, 0.040220877819, 0.080296196433],
      [0.12017410243, 0.57446552574, 0.1432331925, 0.16212717932]
    ],
    [
      [0.25446002625, 0.59803074111, 0.14320561208, 0.0043036205637],
      [0.049245197528, 0.86487956854, 0.0070047873433, 0.078870446592],
      [0.019694758467, 0.079175586041, 0.89547859126, 0.0056510642291],
      [0.0011341627852, 0.85895159666, 0.045658908926, 0.094255331624],
      [0.10673770195, 0.5642857212, 0.13843704448, 0.19053953238]
    ],
    [
      [0.26679347036, 0.54400313722, 0.18534095691, 0.0038624355129],
      [0.057122798704, 0.84830012812, 0.0084891534458, 0.086087919731],
      [0.015033616285, 0.050085969473, 0.93137055819, 0.0035098560552],
      [0.00087633772319, 0.84337428913, 0.053419487975, 0.10232988517],
      [0.11450302674, 0.51466152851, 0.17859041956, 0.19224502519]
    ],
    [
      [0.23004548187, 0.60104836471, 0.16630487742, 0.0026012760109],
      [0.045766484282, 0.89177571726, 0.0092234031558, 0.053234395304],
      [0.015240832728, 0.068937627256, 0.91296761707, 0.0028539229497],
      [0.00083950852507, 0.8859728202, 0.049293945243, 0.063893726036],
      [0.10287886819, 0.60000832793, 0.16384627403, 0.13326652985]
    ],
    [
      [0.35144883728, 0.49300743284, 0.15418357416, 0.0013601557215],
      [0.084138508455, 0.85727948828, 0.01446625981, 0.044115743452],
      [0.029683509123, 0.052954120983, 0.91594876057, 0.0014136093221],
      [0.0019995575541, 0.88755154895, 0.054830723918, 0.055618169573],
      [0.17562320025, 0.55152792664, 0.16630831467, 0.10654055844]
    ],
    [
      [0.29209640999, 0.46301007666, 0.24324074291, 0.0016527704418],
      [0.075273533171, 0.77820465166, 0.099919588204, 0.046602226965],
      [0.0081423234741, 0.019020403322, 0.97201595999, 0.00082131321048],
      [0.0012959793426, 0.81836386255, 0.11891795469, 0.061422203418],
      [0.13548963673, 0.48834206672, 0.26100261875, 0.11516567781]
    ],
    [
      [0.21115876421, 0.60199167517, 0.1817859192, 0.005063641423],
      [0.04140921046, 0.85471103585, 0.0073061474257, 0.096573606261],
      [0.011064799242, 0.060460819515, 0.92309646667, 0.0053779145705],
      [0.00049098130829, 0.845412308, 0.040600290721, 0.11349641997],
      [0.086243944475, 0.53289627809, 0.16105437272, 0.21980540472]
    ],
    [
      [0.40356876377, 0.41140944249, 0.18072339252, 0.0042984012212],
      [0.10450717036, 0.76074512677, 0.0087360414089, 0.12601166146],
      [0.025232018543, 0.030168214975, 0.94166295687, 0.0029368096158],
      [0.0016260074604, 0.77977330031, 0.065220100262, 0.15338059197],
      [0.17748650146, 0.39648173718, 0.1825762932, 0.24345546816]
    ],
    [
      [0.33552777763, 0.53884660504, 0.12195959396, 0.0036660233661],
      [0.068672751246, 0.84816433108, 0.007004018111, 0.076158899568],
      [0.031147331236, 0.076739207361, 0.88691799746, 0.0051954639469],
      [0.0019979447666, 0.85969222062, 0.044724467371, 0.093585367246],
      [0.14574105276, 0.54152469767, 0.12783395369, 0.18490029587]
    ],
    [
      [0.2990199177, 0.60335382282, 0.092561070958, 0.005065188518],
      [0.039534515586, 0.86552104293, 0.0040654810463, 0.090878960435],
      [0.053458834985, 0.092838790028, 0.84460198026, 0.0091003947303],
      [0.0014096931372, 0.86305890512, 0.02627634582, 0.10925505592],
      [0.11515893888, 0.56593862465, 0.090227687396, 0.22867474907]
    ],
    [
      [0.27162209527, 0.63492681592, 0.088925371667, 0.0045257171454],
      [0.036419238759, 0.88417048806, 0, 0.07941027318],
      [0.032669963272, 0.12937234172, 0.83076888781, 0.0071888071999],
      [0.00070698665246, 0.88265948931, 0.021364285157, 0.095269238885],
      [0.11180973469, 0.57642307792, 0.10924488867, 0.20252229871]
    ],
    [
      [0.28256332655, 0.53552458217, 0.17749623629, 0.0044158549913],
      [0.058423393454, 0.82929456629, 0.019294746119, 0.092987294141],
      [0.01747124315, 0.050079428415, 0.92821637823, 0.004232950203],
      [0.0012589147588, 0.82277620736, 0.065169804554, 0.11079507333],
      [0.11724727775, 0.50263650856, 0.1713622989, 0.20875391479]
    ],
    [
      [0.18837313628, 0.6531942895, 0.15391370391, 0.0045188703067],
      [0.033345850546, 0.88117442568, 0.0093413858113, 0.076138337962],
      [0.012672625687, 0.078370415711, 0.90330845601, 0.0056485025942],
      [0.00050728126506, 0.86543480314, 0.04417116732, 0.089886748272],
      [0.076547776623, 0.59298461539, 0.14125646001, 0.18921114799]
    ],
    [
      [0.24045714251, 0.53394998305, 0.22194179727, 0.0036510771683],
      [0.049811172757, 0.83498985499, 0.033730926684, 0.081468045569],
      [0.01058402879, 0.026646702981, 0.96104417175, 0.001725096477],
      [0.00086075297202, 0.81540891716, 0.088115267337, 0.095615062533],
      [0.10005958584, 0.50265079514, 0.21430656683, 0.18298305218]
    ],
    [
      [0.31423722338, 0.58707365544, 0.094780785402, 0.0039083357719],
      [0.050322641442, 0.87509744554, 0.0043202124644, 0.07025970055],
      [0.052007972071, 0.10300070304, 0.83819973071, 0.0067915941817],
      [0.0020883167951, 0.88244598336, 0.029957750633, 0.085507949211],
      [0.13674864336, 0.58633966838, 0.10099397482, 0.17591771344]
    ],
    [
      [0.4322916765, 0.53356262649, 0.034145697011, 0],
      [0.10094058873, 0.89905941127, 0, 0],
      [0.033023827086, 0.084537477063, 0.88243869585, 0],
      [0.0019784646515, 0.96216247485, 0.035859060497, 0],
      ["NaN", "NaN", "NaN", "NaN"]
    ],
    [
      [0, 0.63002140429, 0.34082799741, 0.0291505983],
      [6.162975822e-33, 0.48412836502, 0.11368508387, 0.40218655111],
      [0, 0.012464735494, 0.98124068943, 0.0062945750725],
      [0, 0.48004582009, 0.090926437547, 0.42902774236],
      [0, 0.18761200154, 0.16049343313, 0.65189456533]
    ],
    [
      [0.25675906855, 0.5562950716, 0.18265271814, 0.0042931417133],
      [0.051923829328, 0.84586129715, 0.014202552728, 0.088012320792],
      [0.015318408009, 0.054472311503, 0.9258718008, 0.0043374796865],
      [0.0010780624151, 0.83658082296, 0.057564161034, 0.10477695359],
      [0.10742517687, 0.52150644721, 0.16820422245, 0.20286415347]
    ],
    [
      [0.343331898, 0.50778438197, 0.14517169583, 0.0037120242075],
      [0.074671325547, 0.81990396214, 0.022301288334, 0.083123423984],
      [0.027889846636, 0.05210926644, 0.91567450391, 0.0043263830173],
      [0.002273642909, 0.83641514743, 0.059099064184, 0.10221214548],
      [0.15069895246, 0.50826916525, 0.14857414371, 0.19245773859]
    ],
    [
      [0.41718528071, 0.45738924488, 0.12084528949, 0.0045801849249],
      [0.099215911657, 0.79537015701, 0.0016168262035, 0.10379710513],
      [0.04489758237, 0.074373013452, 0.87402246671, 0.0067069374641],
      [0.0024604833439, 0.8228806884, 0.045063529082, 0.12959529917],
      [0.18870844209, 0.46184565982, 0.12602474041, 0.22342115769]
    ],
    [
      [0.39449802261, 0.48058681809, 0.12256909601, 0.0023460632925],
      [0.097988322364, 0.8295765689, 0.0013120093388, 0.071123099395],
      [0.040363602498, 0.071903418278, 0.88440432077, 0.0033286584539],
      [0.0012601800462, 0.89043095119, 0.01722519315, 0.09108367561],
      [0.19572908925, 0.50926332398, 0.13566192087, 0.1593456659]
    ]
  ],
  "expected_outcome": [
    [
      [1.2750406858, 47.9800122064, 1.437125966, 2.4376571712, 0.48358335041, 26.9043642604, 53.6656898357, 15.0984752506, 8.1312035216, 18.337945593, 9.8560833851, 1.3795525574, 1.6389609755, 0.72538737309, 16.7310793765, 14.3327571905, 10.3713783786, 15.1853039392, 6.1824774522, 4.1094010855, 10.0427832442, 14.3117024976, 35.0934093201, 21.4676202717, 16.468357098, 3.2231382112, 0.80575894132, 7.2420604204, 14.9869125435, 56.3222960589, 8.6622153284, 13.8679753752, 11.4091289705, 2.601243415, 39.346725133, 11.1426199952, 1.8901070785, 27.2352613254, 16.7102579906, 28.7353969674, 15.3441272641, 13.8519015273, 19.9282313946, 35.0411971638, 44.4374737803, 26.1929619235, 35.6529125357, 13.9499873402, 52.9350035423, 23.1816786554, 5.0406767267, 1.7944563804, 2.4505392904, 73.1495736476, 32.3029424068, 26.0825731868, 11.3143439573, 1.2840506437, 0, 15.8050016317, 33.7478204641, 217.0876215024, 41.981225921],
      [1.3983602102, 88.4895184624, 9.1345305547, 2.2703226538, 0.47773989483, 44.3727783079, 132.2632206871, 21.7829588088, 11.6196401781, 45.1583518424, 17.5378150152, 3.628684265, 2.1408627889, 1.2061685315, 39.6012160413, 29.2065846647, 24.4014680292, 29.300363664, 13.7732508421, 5.8936787389, 19.0995143549, 45.3280964128, 46.300919292, 53.1066795485, 31.3249620919, 11.7477602591, 0.93896432575, 19.0476039233, 27.4784983375, 69.8689283871, 14.5171924251, 26.920617671, 20.550077728, 4.3411878579, 60.7659928024, 10.1691395959, 2.1346465226, 59.6038767934, 45.1451803871, 74.9841680515, 33.0455423173, 27.8030405028, 43.5409753528, 83.0586908283, 91.8284320152, 69.1378794686, 50.6865421387, 22.6049200151, 152.0698288375, 24.115113193, 8.1834248643, 3.6317638243, 5.7581486371, 140.7514511132, 112.4036853981, 58.9546890268, 21.2829027532, 1.5893208878, 0.64777685698, 34.7169265414, 50.5255318848, 242.3882807471, 51.6844400251],
      [0.32659910397, 8.9564145882, 1.3670293723, 1.2879022607, 0.031767320833, 13.3332190214, 15.3888934934, 3.8953007789, 4.2491563003, 17.1732769932, 5.3991718768, 0.98582162438, 0.20390393801, 0.061869521822, 5.3681760344, 4.2340350415, 4.0366051009, 4.215565394, 1.904723828, 1.9698388588, 5.6553569865, 7.0876297224, 12.2003647853, 11.9429114821, 11.8801209249, 1.9788529237, 0.19753109574, 3.4724812801, 8.3415207552, 21.4544224808, 3.6862710502, 7.8483051165, 4.8774518722, 2.0402179777, 11.2190431548, 2.601296894, 0.93479825983, 9.6851192175, 6.7390831892, 10.6400692561, 6.3471034371, 4.0736737187, 9.2684716133, 18.2928167465, 28.0817813539, 17.3694950618, 14.5305194482, 10.368725563, 41.6942153511, 9.4535171389, 1.7197376165, 0.54235739662, 0.7484222183, 41.9357257281, 24.5009895551, 21.5627997466, 3.2572564224, 0.12662846857, 0.32186274553, 10.2087106245, 13.3586152121, 58.0671053427, 12.0875467914],
      [0, 0.57405474295, 0.061314106977, 0.0041179142813, 0.0069094339321, 0.38963841031, 0.68219598377, 0.22326516159, 0, 0.33042557145, 0.20692972282, 0.0059415531807, 0.016272297638, 0.0065745735443, 0.29952854787, 0.22662310328, 0.19054849137, 0.29876700288, 0.13954787769, 0.02708131674, 0.20234541449, 0.27257136715, 0.4053066026, 0.48278869769, 0.32655988519, 0.050248606008, 0.05774563719, 0.23785437619, 0.19306836382, 0.35435307327, 0.13432119639, 0.36310183723, 0.16334142928, 0.017350749408, 0.66823890989, 0.086943514913, 0.040448139053, 0.47574266359, 0.40547843318, 0.64036572507, 0.26322698143, 0.27138425123, 0.26232163929, 0.60729526145, 0.65231285063, 0.29966354612, 0.13002587744, 0.07636708169, 1.3009522691, 0.24969101271, 0.05616079253, 0.031422398681, 0.042889854215, 1.1632495112, 0.79238263997, 0.39993803986, 0.14549686711, 0, 0.030360397488, 0.26936120237, 0.36803243903, 2.4569924077, 0.2467872625]
    ],
    [
      [0.2285166461, 10.5121202428, 0.41987610696, 0.64199830586, 0.40942340096, 7.9948746543, 8.4557271742, 3.5887453172, 1.2885385346, 3.8814546465, 1.5932455812, 1.059461597, 0.3009351717, 0.25613185119, 3.8639272587, 6.8899172437, 5.7370600024, 5.8686252813, 2.422301078, 2.4685843247, 4.1928078434, 4.4107059902, 18.3469089467, 5.6227051132, 3.3731061672, 0.6265156467, 0.087505732019, 3.5431143891, 7.039580529, 15.924861142, 3.0156636744, 6.190746233, 7.0353548805, 0.22482201489, 19.9614997674, 6.1316155672, 0.73765080592, 6.7995555115, 3.6494713475, 6.0125612303, 7.8577494376, 7.1275147478, 6.3361515312, 15.6376065984, 11.0776093855, 7.4670966218, 9.3124379577, 6.7642222733, 10.0583515241, 5.3874876617, 2.6493200781, 0.95232954883, 0.50426364408, 34.2707990835, 10.1897842081, 12.097603441, 4.61122009, 0.78763608624, 2.2855242636e-32, 5.8928042358, 17.5829421318, 86.1150417753, 6.3939858858],
      [1.7578909292, 305.9054905175, 36.4178963552, 4.8886220594, 5.9910624106, 95.8591481845, 256.5250141859, 39.5506575776, 13.5258888158, 70.3100097491, 19.8751231676, 22.987013348, 2.3301233669, 9.1052942796, 112.7350491255, 153.7971550543, 122.2967262924, 92.01226372, 76.5071763995, 28.9426567795, 58.9408020708, 108.2317323783, 173.8011768209, 97.9302506572, 42.3338379038, 13.3329473949, 2.1926872592, 104.501042829, 93.1134377859, 128.2982754813, 35.175526785, 87.7225146177, 93.0527079043, 3.0946638715, 238.6121372009, 39.4667577577, 6.3196642029, 138.7518328891, 119.5974522463, 168.3794603553, 145.945210532, 171.8672650555, 101.9772445857, 270.9834689906, 164.3807214965, 144.3495025466, 94.1867583229, 67.8238319746, 207.5771917463, 39.5555020073, 32.2690624761, 21.698262636, 13.3172118673, 482.7446266654, 266.2816914905, 202.2758169282, 82.4861867668, 7.2123639138, 1.4349876535, 95.5223187271, 190.2138424307, 685.9091622361, 53.9185492341],
      [0.013592424665, 0.11070479631, 0, 0.19386701018, 0, 2.2902169837, 0, 0, 0.18557264964, 2.0371257146, 0.20583864531, 1.3712043987, 0.0078708743379, 0, 0.22649699292, 0.49917392496, 0.54546720448, 0.32644206156, 0.21312286206, 1.4263181963, 0.6865544189, 0, 2.593198802, 0.22042884415, 0.53708329123, 0.076198561489, 0.012400526196, 0, 0.96037457078, 1.3012964719, 0.24634938955, 0.78449168308, 0.56912493275, 0.08248167595, 1.3747750397, 0.46406476567, 0.10638551502, 0.19711730383, 0, 0.43454339568, 0, 0.54998650753, 0, 1.8282176537, 2.0358240062, 1.6249625612, 1.6743773129, 9.420404588, 2.194667955, 0.56155480166, 0.20329850037, 0.077634590647, 0, 11.2683597176, 2.6586451711, 8.0197312797, 0.31019605997, 0, 0.37822770022, 1.7037487886, 4.9887496077, 1.0645692634, 0.10542033708],
      [0, 20.4716844434, 3.1622275378, 0.27551262452, 1.5995141884, 11.8557601775, 14.01925864, 4.8605971053, 0, 7.7714098898, 3.3257926059, 0.58232065631, 0.36107058705, 0.63857386923, 9.1745266229, 13.813753777, 11.4207465007, 10.7926689371, 8.8573996605, 2.1624406995, 8.1798356669, 8.3575616316, 20.2587154305, 11.2266153855, 6.7559726378, 0.96433839695, 1.7074064826, 15.9558427819, 8.8866071143, 10.4755669048, 4.5624601511, 15.3022474662, 9.3428122825, 0.5980324377, 31.051587992, 4.9375619094, 1.8362994761, 12.2514942956, 11.7530764062, 15.1734350187, 14.1970400304, 19.4552336892, 7.686603883, 24.5507067572, 16.5058451118, 8.5584382705, 4.8264264065, 3.991541164, 23.1697887746, 6.4954555293, 2.8783189454, 2.2717732245, 1.1785244887, 53.7162145335, 22.8698791302, 19.6068483511, 6.5923970832, 0, 1.1867846463, 9.8811282484, 19.2144658299, 88.9112267252, 4.582044543]
    ],
    [
      [0.27074848405, 25.2021671909, 0.86937036894, 0.16936620524, 0.95413840123, 3.5957193005, 15.9754450898, 3.3758863584, 1.0131257104, 1.2813133079, 1.1906700605, 0.24371166368, 0.72269506511, 0.86695699986, 5.7099740619, 6.5915237467, 3.2555208352, 1.4848603157, 3.6205654145, 0.49003000769, 2.2700016023, 4.6345474646, 9.243914625, 3.9883976905, 2.3889576277, 0.82477908834, 0.041877595281, 4.6263538557, 4.6564740364, 15.3532710359, 2.4508903454, 3.5672355831, 3.3484725392, 0.068932951569, 8.7113658079, 2.6301941608, 0.37224211557, 6.6147420671, 6.3383591144, 6.6484414297, 6.9265727079, 8.0750267757, 4.2943701679, 6.6816412484, 6.8800785509, 3.7901875248, 5.3496997229, 1.3931558027, 5.615583187, 4.5600931012, 1.1289212516, 0.77895468013, 0.81959092708, 16.5986741205, 4.2233691933, 5.2026046574, 3.6886187579, 0.92404080383, 0, 2.6697153257, 6.971432309, 53.04021655, 5.7309843956],
      [0.31202597028, 42.0595368079, 8.0174580287, 0.28606848051, 2.6275133962, 7.7966281147, 44.2460597953, 7.2783538184, 1.3252750755, 4.4447000971, 3.567575944, 0.078844029359, 1.6319572609, 2.1904696292, 12.8662869988, 10.0144739616, 6.7554687271, 2.9008090213, 5.5640316566, 0.22759652173, 7.0142052164, 26.8379634389, 17.2185836169, 19.1970143398, 5.1667301302, 4.7774651668, 0.16455090371, 16.3483877449, 12.5082499567, 20.4006342642, 6.4887180627, 11.688956106, 10.3114199983, 0.17022682633, 14.3256730861, 3.0219798885, 0.54568927448, 18.0435212354, 22.7677989305, 16.6957741955, 23.6734090484, 12.0251674598, 16.5848277614, 26.8807741394, 21.8699278337, 16.9470246866, 8.8639758334, 3.2544009512, 30.7440996114, 4.7026333161, 2.7410275451, 1.2235897359, 2.9963084274, 45.3285590292, 26.8450299472, 11.0209678155, 6.6779471025, 2.2679356839, 0.047605418722, 9.2455507741, 12.6192159376, 83.16893372, 9.6897498296],
      [15.4172255457, 205.7166473188, 65.5571883456, 16.5311524427, 11.9186467662, 162.7882183475, 257.0787375528, 67.7117886909, 50.6615992141, 193.7762281111, 75.7478556301, 19.6646178105, 25.5402328974, 9.8417372414, 88.5860947511, 81.6010493249, 72.371217504, 43.1743379898, 41.2472537179, 17.235058375, 128.8823138937, 242.9571276929, 276.9830343124, 236.0195966099, 280.6696011934, 103.1524588118, 2.6944210046, 135.9048114844, 265.955376891, 645.4157024264, 116.4177358482, 212.8168344468, 132.516275534, 9.738530129, 176.130546202, 50.0830223491, 26.9588162251, 145.0907599795, 152.1529260075, 132.3518651935, 214.5841681851, 93.7105511958, 176.2010859939, 326.402776774, 457.5909437639, 245.5251209544, 173.5735754369, 219.2119161265, 521.5777613173, 176.2584009462, 33.9391646542, 11.875573419, 20.0037283401, 936.9669681779, 334.8632040643, 518.0395388988, 58.1792320583, 23.8080235123, 4.9162781495, 173.2882160756, 243.3376996549, 1052.8368470422, 130.1225009478],
      [0, 2.0216486824, 0.55598325676, 0.013412871593, 0.49970143636, 0.81943423738, 1.6997575621, 0.63397113222, 0, 0.49775848395, 0.49389836544, 0.012826496419, 0.10511477665, 0.1008361295, 0.83764418819, 0.79295296684, 0.61779293363, 0.43999267322, 0.56814921106, 0.047315095537, 0.83347928764, 1.5703614035, 1.5544674457, 1.7949913598, 0.77471104877, 0.24529693306, 0.099150496393, 2.120446915, 0.87989911585, 0.83039227349, 0.64265574364, 1.9269738641, 0.82383192858, 0.022310093147, 1.8324149041, 0.26480360156, 0.1232523848, 1.250976718, 1.7409159475, 1.3039191813, 1.8158500585, 1.1892545687, 0.91971607677, 2.0348078382, 1.6590498515, 0.73766683424, 0.21274900682, 0.14052711965, 3.0625558844, 0.47887263646, 0.19088654905, 0.12188216494, 0.18037230536, 4.1057986724, 2.0683967952, 0.73688862826, 0.45420208124, 0, 0.036116431764, 0.79651782458, 1.0716520985, 7.9540026878, 0.456764827]
    ],
    [
      [0, 0.10926768108, 0.0032819885263, 0.0033157635279, 0.0035416020962, 0.023069609627, 0.043264696724, 0.0056606075963, 0.0055197159497, 0.0085003200324, 0.0038319983507, 0.0035251051212, 0, 0.0014020332102, 0.040812734159, 0.021375144938, 0.024381283101, 0.023797550488, 0.018243814042, 0.020961371071, 0.010406684832, 0.015620439684, 0.097025625414, 0.018731030466, 0.012447329966, 0.0013066967246, 0.0024455254904, 0.021098013214, 0.034922771257, 0.038819547906, 0.01396420771, 0.019033408161, 0.027921331211, 0, 0.14075806279, 0.020531591534, 0, 0.051800168781, 0.031045511792, 0.057254048037, 0.038753440249, 0.034054495332, 0.026544878602, 0.044542128334, 0.034775264976, 0.02305734189, 0.049393075276, 0.025923443984, 0.016812785423, 0.031324846045, 0.0078381168816, 0.0081637360431, 0.0017212849848, 0.13197356834, 0.028235765388, 0.046497206088, 0.044475799274, 0.0042724662719, 0, 0.0096119527382, 0.08699221892, 0.23952158702, 0.0077889106261],
      [0, 44.4344226428, 9.7029046672, 1.6957607016, 1.5222890584, 13.2167814459, 33.9194690023, 3.392222855, 4.718988626, 14.9186607311, 5.6624534218, 6.3490958185, 0, 0.90700695209, 24.8918788266, 11.3992259757, 16.5506710644, 11.9075805825, 11.150267597, 8.6588465482, 7.3228596478, 18.7405146506, 33.2205706122, 21.2465186391, 11.1739594189, 1.8193393969, 2.4946616064, 18.8672389569, 23.6294646641, 19.854462623, 9.0988100252, 14.1606691633, 15.305870283, 0, 45.9068891522, 4.1131590569, 0, 31.6034406354, 27.0734110331, 46.6534334982, 25.9077848916, 17.9983910092, 20.3015295145, 34.5619277312, 33.115810361, 24.9499764208, 21.4214269649, 19.1989037583, 27.1771965898, 14.1556661106, 3.4581455957, 5.1948895938, 1.7695559678, 90.56289789, 55.6887313462, 49.612369051, 18.6001581551, 1.9303795146, 0.49453226066, 7.5906544893, 33.7140411707, 76.148809783, 4.441343804],
      [0, 0.87547745552, 0.29684853189, 0.15414063079, 0.0030062560519, 0.79997680742, 0.80334131248, 0.1038234627, 0.27549165802, 1.1031246934, 0.22357667026, 0.45168212467, 0, 0.014987683963, 0.63793651103, 0.35327361585, 0.57679169081, 0.39760911894, 0.29651543376, 0.53240993531, 0.45377317396, 0.54579222646, 2.0473682087, 0.85604888232, 0.76475788079, 0.03464509393, 0.047095600498, 0.6979280934, 1.6472810841, 1.2299531884, 0.49737583414, 0.88852813977, 0.82755094615, 0, 1.8285565459, 0.24391340921, 0, 0.99549337221, 0.72703125006, 1.2573379618, 1.0511104038, 0.54150453964, 0.84088336842, 1.646922451, 1.8898715821, 1.24953614, 1.1984266247, 2.3503885056, 1.2159504876, 1.0579757135, 0.16164147242, 0.14421042401, 0.040805698336, 6.2672632286, 2.5712802016, 4.5911593407, 0.56927916873, 0.06534801914, 0.081296698899, 0.46023157015, 2.1135252582, 3.7597045304, 0.10076457648],
