{
  "Z_true": {},
  "V_true": [
    [1092, 582, 2401, 184, 77],
    [414, 2704, 2028, 267, 166],
    [499, 185, 8125, 14268, 358],
    [155, 280, 1020, 1116, 433]
  ],
  "p_true": [
    [0.2518, 0.1342, 0.5537, 0.0424, 0.0178],
    [0.0742, 0.4847, 0.3635, 0.0479, 0.0298],
    [0.0213, 0.0079, 0.3467, 0.6088, 0.0153],
    [0.0516, 0.0932, 0.3395, 0.3715, 0.1441]
  ],
  "Z_est": [
    [
      [4.0129, 6.7079, 0, 0.9109, 8.1912, 49.4928, 43.2188, 17.1695, 59.4489, 26.1103, 39.9505, 15.5006, 29.8835, 19.8517, 3.1743, 11.3705, 2.9688, 0, 0.9888, 35.1394, 35.8395, 3.1507, 39.2122, 17.9287, 86.9383, 12.3389, 58.9738, 1.0972, 53.8955, 52.8523, 36.4351, 4.2075, 10.4167, 5.5435, 18.9748, 16.7083, 6.7866, 24.8695, 15.5553, 41.3716, 41.9497, 4.9888, 4.1267, 0, 7.1539, 148.3072, 6.636, 42.7016, 245.8726, 67.3429],
      [1.245, 1.2254, 0.3084, 0.9917, 3.1231, 10.8174, 10.7863, 4.0523, 16.6154, 6.7045, 11.1625, 3.6429, 8.4282, 6.1229, 0.3283, 1.0356, 0.0754, 0.0665, 1.1761, 5.7646, 5.6193, 0.5815, 11.0743, 5.0496, 21.165, 4.3377, 13.6005, 0.2686, 11.0659, 9.4118, 6.9849, 0.582, 1.476, 0.764, 5.472, 5.4155, 1.0801, 4.7961, 3.3148, 5.6028, 6.9608, 1.7249, 1.0936, 0.0961, 2.8944, 35.8993, 2.7917, 14.3602, 41.3149, 18.1972],
      [7.7173, 13.0164, 2.6916, 3.9545, 17.434, 77.883, 54.1733, 36.5262, 76.7476, 48.5274, 96.8079, 20.543, 49.3233, 35.2863, 3.469, 10.436, 0.9319, 0.9265, 3.6325, 58.6262, 41.9851, 7.2385, 81.7244, 45.7571, 163.2682, 30.2721, 114.1676, 1.6192, 98.2108, 117.835, 76.0512, 8.2105, 15.0175, 7.6578, 33.1537, 37.4675, 20.9913, 57.8407, 31.7795, 84.3178, 84.3696, 15.139, 9.725, 0.8893, 21.7275, 263.9636, 7.5134, 47.2172, 241.1001, 101.9948],
      [0.0248, 0.012, 0, 0, 0.0362, 0.1026, 0.0876, 0.0456, 0.2565, 0.0619, 0.125, 0.0389, 0.0743, 0.0841, 0.0283, 0.0297, 0, 0.007, 0.1158, 0.0965, 0.107, 0.0029, 0.1613, 0.0675, 0.2632, 0.0483, 0.2058, 0.0021, 0.1264, 0.1811, 0.1287, 0, 0.0222, 0.0096, 0.0623, 0.0568, 0.0392, 0.1012, 0.0735, 0.1927, 0.195, 0.013, 0.0144, 0.0147, 0.0292, 0.3203, 0.0229, 0.1588, 0.8784, 0.2537],
      [0, 0.0384, 0, 0.1429, 0.2155, 0.7041, 0.7339, 0.2064, 0.9316, 0.5959, 0.954, 0.2746, 0.2907, 0.655, 0, 0.1282, 0.024, 0, 0.0868, 0.3733, 0.4491, 0.0265, 0.8278, 0.1971, 1.3653, 0.003, 1.0524, 0.0129, 0.7013, 0.7198, 0.4, 0, 0.0676, 0.025, 0.3372, 0.352, 0.1028, 0.3925, 0.2769, 0.5151, 0.5249, 0.1343, 0.0403, 0, 0.195, 2.5096, 0.036, 0.5622, 2.8341, 0.2115]
    ],
    [
      [1.2458, 1.0616, 0, 0.0333, 2.5301, 12.2881, 22.6762, 7.2054, 22.9561, 9.464, 10.6146, 5.7052, 6.0515, 7.0905, 0.5987, 3.1379, 0.9125, 0, 0.0084, 11.4081, 11.1171, 1.2766, 10.4305, 4.1937, 25.2622, 2.9009, 14.3387, 0.2755, 14.4765, 11.8313, 7.0208, 0.5048, 3.4659, 1.8046, 5.3304, 6.3228, 3.198, 7.0304, 4.7432, 14.3684, 10.7924, 1.4636, 0.8696, 0, 1.3448, 38.329, 2.442, 7.0831, 57.5487, 12.2772],
      [12.8859, 6.3068, 2.5684, 2.3581, 31.8467, 85.7779, 180.1475, 54.5343, 203.6388, 77.7339, 94.9781, 43.5286, 54.9481, 70.074, 2.4715, 10.1262, 0.7877, 1.761, 0.7634, 60.0848, 56.6133, 8.0282, 94.326, 38.1074, 195.1646, 33.4313, 105.1166, 3.2952, 94.6335, 67.3168, 43.0897, 2.1351, 16.1538, 8.5458, 49.606, 65.9215, 13.068, 43.4831, 32.5781, 58.0262, 57.3551, 16.9611, 7.9084, 1.7787, 18.2713, 294.1283, 33.9817, 77.2325, 308.909, 105.7335],
      [6.4104, 5.5402, 2.4263, 0.5, 14.8032, 52.8616, 77.5881, 41.9533, 80.2293, 48.1575, 70.7065, 20.6733, 27.2118, 34.544, 1.9088, 8.7217, 1.1395, 2.1258, 0.082, 52.0498, 36.194, 8.0609, 59.4867, 29.4552, 129.2137, 19.9117, 75.5905, 1.2657, 71.9771, 72.0393, 40.0303, 2.3387, 13.8667, 7.0538, 25.5363, 38.9416, 22.2256, 44.7616, 26.5944, 75.1197, 59.3346, 12.3946, 5.689, 2.1998, 11.4181, 186.0829, 7.5693, 21.4, 156.2086, 50.7435],
      [0.0818, 0.0435, 0.0053, 0, 0.1504, 0.5271, 0.8729, 0.349, 1.6279, 0.4477, 0.6563, 0.2078, 0.2216, 0.516, 0.021, 0.0704, 0.0057, 0.1132, 0.0047, 0.5643, 0.3385, 0.0516, 0.4882, 0.2616, 1.0838, 0.1884, 0.6177, 0.0084, 0.5821, 0.7015, 0.3316, 0.0214, 0.1405, 0.0556, 0.3207, 0.4243, 0.2459, 0.5068, 0.3848, 0.9502, 0.7766, 0.0882, 0.0412, 0.0216, 0.0839, 1.6845, 0.1627, 0.2738, 1.7478, 0.4908],
      [0.3761, 2.0478, 0, 0.1086, 3.6696, 9.5453, 21.7153, 4.9579, 19.5479, 12.1969, 14.0446, 5.8851, 3.5669, 13.7756, 0, 0.9438, 0.1546, 0, 0.1416, 6.893, 7.7371, 0.5827, 11.2686, 2.9821, 21.2758, 1.5678, 13.3365, 0.1552, 10.3309, 9.1112, 4.5276, 0, 1.3731, 0.5403, 5.2067, 7.3899, 2.2625, 6.2181, 4.6995, 9.5355, 7.7413, 2.0926, 0.4918, 0, 1.882, 35.7752, 0.8443, 5.0106, 43.5859, 4.7549]
    ],
    [
      [0.5404, 0.1279, 0, 0.0385, 0.9757, 6.7132, 10.3682, 3.7629, 12.3416, 6.275, 3.7739, 1.5269, 2.2127, 4.8746, 0.227, 0.2155, 0, 0, 0.0015, 3.5799, 3.8203, 0.5452, 2.3115, 1.5336, 7.6246, 0.5015, 4.3032, 0.6095, 7.0034, 10.5183, 4.4372, 0.13, 4.2005, 2.2897, 3.8641, 4.0259, 0.7822, 5.826, 4.5546, 6.8324, 8.3766, 0.4118, 0.8206, 0, 0.3734, 26.886, 2.5432, 8.0135, 26.8026, 7.9669],
      [0.5116, 0.0802, 0, 0.0147, 1.3731, 5.9637, 10.6461, 3.8062, 13.3226, 6.8699, 6.1194, 1.3882, 2.2119, 7.5237, 0.2001, 0.1786, 0.064, 0.0435, 0.0177, 1.9062, 3.3097, 0.2704, 2.8782, 2.6312, 7.738, 1.1224, 4.0946, 0.3125, 5.7826, 5.0339, 3.1491, 0.086, 2.3767, 1.5074, 4.4787, 6.6719, 0, 3.1425, 3.537, 0, 2.6271, 1.2064, 0.8901, 0, 1.613, 27.0882, 2.5585, 7.1968, 28.6404, 8.4617],
      [15.2382, 3.6866, 1.5644, 2.3126, 41.3948, 204.8571, 250.2818, 151.9866, 278.835, 228.5582, 240.3526, 38.4508, 66.9429, 168.1147, 6.6223, 7.7066, 7.5965, 1.1974, 0.1764, 111.5899, 110.6576, 15.3398, 98.8947, 95.6188, 280.3097, 31.445, 160.6547, 13.4333, 242.5232, 459.401, 168.9516, 3.8332, 118.5573, 62.5369, 129.5066, 214.8938, 90.8424, 288.5958, 196.3473, 280.3935, 329.0518, 44.6689, 30.6439, 9.5051, 52.5551, 947.5154, 48.001, 164.2625, 711.4629, 227.7132],
      [16.6589, 7.8468, 5.4356, 5.3478, 40.8107, 466.4068, 535.9927, 265.5449, 908.8037, 475.4338, 497.31, 56.1319, 107.6723, 437.1859, 6.9506, 10.6672, 10.7152, 0.7592, 2.7709, 262.5694, 143.554, 29.5597, 115.3318, 178.4573, 429.0988, 60.795, 234.9533, 12.8984, 418.3171, 972.3615, 287.2955, 10.9508, 264.3383, 106.1472, 347.428, 516.3506, 208.4274, 706.4257, 606.0104, 727.172, 904.4077, 77.5741, 44.0304, 21.4949, 77.0405, 1942.1494, 65.9487, 253.1425, 1010.9454, 362.553],
      [0.0508, 0.2585, 0, 0.2864, 2.4458, 9.0592, 15.7112, 3.8993, 17.6971, 12.8631, 11.4442, 2.5022, 1.9601, 11.301, 0, 0.2322, 0.6242, 0, 0.0335, 3.3547, 5.6584, 0.2849, 4.5838, 1.7591, 11.2289, 0.1362, 6.9941, 0.7463, 8.3737, 12.6854, 4.1666, 0, 1.5272, 0.5187, 6.7225, 10.0578, 1.948, 9.0099, 8.5507, 7.6022, 8.5368, 2.1388, 0.615, 0, 2.418, 43.361, 0.9486, 9.3847, 41.1486, 2.3052]
    ],
    [
      [0.2009, 0.1026, 0, 0.0172, 0.303, 1.5059, 2.7367, 0.8621, 3.2534, 1.1508, 1.6609, 0.2673, 0.8522, 1.1832, 0, 0.2761, 0.1187, 0, 0.0013, 0.8726, 1.2231, 0.0276, 1.0457, 0.3439, 2.1749, 0.2588, 1.3843, 0.0178, 1.6246, 1.7982, 1.1069, 0.1578, 0.9169, 0.3622, 0.8307, 0.943, 0.2332, 1.2741, 1.1469, 1.4276, 1.8813, 0.1358, 0.1831, 0, 0.128, 5.4779, 0.3788, 1.2019, 6.7761, 1.413],
      [1.3574, 0.3875, 0.1232, 0.6355, 2.6571, 7.441, 15.4201, 4.6071, 20.4232, 6.6917, 10.74, 1.4403, 5.4117, 8.2794, 0, 0.6597, 0.073, 0.129, 0.0427, 3.2444, 4.4576, 0.1199, 6.7215, 2.2118, 11.9324, 2.1086, 7.1883, 0.1238, 7.518, 7.2376, 4.7762, 0.1969, 2.9935, 1.1828, 5.4433, 6.9911, 0.852, 5.5782, 5.5702, 4.371, 7.0569, 1.1077, 1.108, 0.1252, 1.2213, 29.8842, 3.6681, 9.2104, 26.1357, 8.6075],
      [7.6342, 3.7568, 1.3177, 2.2329, 13.368, 48.3983, 69.9569, 37.5338, 85.1881, 43.7569, 84.1331, 7.333, 28.5219, 43.055, 0, 6.1357, 1.3321, 1.7504, 0.1091, 29.7341, 30.1633, 1.3608, 44.8942, 18.169, 83.2084, 13.3712, 54.5871, 0.6818, 60.2888, 81.7247, 46.9669, 2.6175, 27.5585, 10.7515, 29.8034, 43.6971, 14.9408, 60.8019, 48.2787, 59.1689, 77.244, 8.7975, 8.942, 1.4058, 8.2993, 198.4381, 8.9162, 27.1203, 138.2284, 43.5485],
      [1.2344, 1.0977, 0.5591, 0.6522, 2.0027, 16.9635, 23.0468, 10.0605, 41.3118, 14.0566, 26.9087, 1.6214, 7.0318, 17.214, 0, 1.2327, 0.2791, 0.1206, 0.1087, 10.7698, 6.0006, 0.3858, 8.0187, 5.2135, 19.5543, 3.9684, 12.2232, 0.0912, 15.9744, 26.7558, 12.2443, 1.0278, 9.499, 2.7876, 12.189, 16.1683, 5.2874, 22.9663, 22.5313, 23.6851, 32.6207, 2.3247, 1.914, 0.4689, 1.8465, 62.8457, 1.8657, 6.4249, 30.4284, 10.7025],
      [0.5731, 1.6553, 0, 0.4621, 3.6691, 9.6914, 21.8395, 4.9364, 22.8234, 12.3441, 18.5573, 2.3381, 4.1823, 19.2684, 0, 0.6958, 0.1972, 0, 0.7381, 4.379, 7.1554, 0.1059, 9.3199, 2.0618, 15.13, 1.2931, 10.6171, 0.0855, 9.5942, 11.4837, 5.9058, 0, 3.0321, 0.916, 6.7336, 9.2004, 1.6867, 9.3795, 9.4729, 8.3473, 11.197, 1.6343, 0.8529, 0, 1.505, 42.3542, 1.1711, 7.0425, 43.4314, 4.7284]
    ]
  ],
  "V_est": [
    [1486.2664, 336.6681, 2486.859, 4.9788, 21.2277],
    [407.0303, 2948.2216, 1862.3368, 19.5613, 341.85],
    [215.4641, 200.6463, 7455.5814, 15256.1737, 307.1346],
    [51.2393, 265.464, 1769.2228, 554.2861, 363.7877]
  ],
  "p_est": [
    [0.3428, 0.0776, 0.5735, 0.0011, 0.0049],
    [0.073, 0.5284, 0.3338, 0.0035, 0.0613],
    [0.0092, 0.0086, 0.3181, 0.651, 0.0131],
    [0.0171, 0.0884, 0.589, 0.1845, 0.1211]
  ],
  "EI_Z": {},
  "EI_V": 7.2983,
  "MAE_Z": {},
  "MAE_V": 265.324,
  "MAE_p": 0.0478,
  "runtime": 0.014
}
