{
  "X": [
    [0, 0, 4, 9, 0],
    [24, 44, 112, 457, 22],
    [9, 25, 72, 230, 10],
    [13, 19, 52, 274, 21],
    [21, 22, 154, 243, 22],
    [13, 29, 157, 198, 12],
    [2, 7, 19, 12, 4],
    [9, 28, 68, 206, 12],
    [33, 43, 214, 239, 22],
    [45, 113, 695, 511, 36],
    [19, 40, 252, 178, 17],
    [5, 7, 10, 6, 0],
    [4, 13, 23, 37, 3],
    [0, 6, 12, 23, 1],
    [0, 4, 6, 15, 1],
    [25, 70, 196, 273, 13],
    [21, 26, 98, 112, 9],
    [0, 9, 11, 17, 2],
    [7, 27, 62, 111, 8],
    [4, 13, 16, 24, 5],
    [21, 45, 106, 205, 23],
    [3, 8, 15, 41, 0],
    [15, 40, 179, 138, 8],
    [3, 10, 23, 26, 0],
    [2, 3, 18, 12, 1],
    [39, 42, 481, 164, 25],
    [39, 156, 298, 609, 44],
    [22, 85, 180, 373, 40],
    [33, 57, 182, 320, 20],
    [28, 115, 257, 514, 25],
    [9, 24, 176, 76, 6],
    [0, 1, 6, 2, 4],
    [82, 148, 652, 723, 49],
    [1, 3, 8, 16, 4],
    [59, 86, 643, 483, 40],
    [34, 87, 245, 324, 34],
    [20, 47, 99, 232, 20],
    [33, 118, 422, 432, 44],
    [21, 55, 175, 209, 15],
    [31, 165, 352, 591, 47],
    [14, 20, 70, 179, 13],
    [7, 13, 32, 124, 7],
    [370, 831, 3194, 4733, 321],
    [31, 114, 302, 422, 59],
    [91, 326, 691, 949, 141],
    [9, 62, 109, 149, 5]
  ],
  "W": [
    [0, 5, 3, 4, 1, 0],
    [20, 41, 335, 137, 103, 23],
    [10, 37, 153, 89, 45, 12],
    [13, 26, 220, 62, 38, 20],
    [16, 38, 175, 181, 44, 8],
    [15, 32, 117, 192, 42, 11],
    [1, 3, 12, 20, 6, 2],
    [12, 20, 161, 86, 33, 11],
    [29, 55, 148, 263, 43, 13],
    [39, 122, 319, 797, 100, 23],
    [20, 46, 106, 279, 39, 16],
    [1, 8, 4, 14, 1, 0],
    [2, 22, 16, 31, 7, 2],
    [0, 8, 13, 20, 1, 0],
    [0, 6, 12, 7, 0, 1],
    [23, 74, 175, 240, 51, 14],
    [12, 24, 67, 111, 43, 9],
    [0, 5, 21, 11, 1, 1],
    [3, 31, 71, 66, 32, 12],
    [2, 10, 21, 19, 8, 2],
    [15, 48, 147, 128, 46, 16],
    [2, 13, 24, 18, 4, 6],
    [14, 30, 103, 194, 28, 11],
    [1, 7, 19, 30, 5, 0],
    [1, 4, 9, 19, 1, 2],
    [25, 55, 98, 513, 51, 9],
    [32, 200, 402, 349, 123, 40],
    [24, 111, 237, 209, 81, 38],
    [18, 80, 214, 220, 64, 16],
    [26, 156, 319, 307, 96, 35],
    [7, 33, 39, 184, 19, 9],
    [1, 2, 3, 5, 1, 1],
    [59, 163, 462, 788, 147, 35],
    [2, 3, 13, 10, 4, 0],
    [32, 121, 300, 733, 98, 27],
    [27, 119, 221, 268, 64, 25],
    [22, 45, 183, 108, 40, 20],
    [31, 116, 310, 476, 80, 36],
    [17, 60, 158, 193, 36, 11],
    [27, 256, 345, 423, 107, 28],
    [16, 30, 102, 93, 42, 13],
    [5, 20, 94, 38, 21, 5],
    [324, 1153, 3157, 3627, 936, 252],
    [23, 134, 332, 314, 76, 49],
    [69, 356, 692, 789, 200, 92],
    [7, 111, 84, 116, 9, 7]
  ],
  "method": "mult",
  "cond_prob": [
    [
      [-0, 0, 0.032488989197, 0.9675110108, 0],
      [0, 0, 0.031255510168, 0.96874448983, 0],
      [0, 0, 0.011283689741, 0.98871631026, 0],
      [0, 0, 0.95105652701, 0.048943472986, 0],
      [0, 0, 0.0056452718786, 0.99435472812, 0],
      [0, 0, 0.0050050705188, 0.99499492948, -0]
    ],
    [
      [0.52793274757, 0.011783940579, 0.014533305164, 0.37723240573, 0.068517600955],
      [0, 0.51958763199, 0.0057557716272, 0.45913840029, 0.015518196095],
      [0, 0.015328671699, 0, 0.961415957, 0.023255371302],
      [0.04775486642, 0.058114708505, 0.81353153673, 0.074087969256, 0.0065109190906],
      [0.066302628324, 0.016138255494, 0, 0.88045709474, 0.037102021438],
      [0.0030329405053, 0.3348768642, 0.00084898818236, 0.33561736227, 0.32562384484]
    ],
    [
      [0.45029669077, 0.010490193904, 0.015614393679, 0.45249809704, 0.071100624613],
      [0, 0.45624191791, 0.00083818062443, 0.52810061931, 0.01481928216],
      [0, 0, 0, 0.98086537104, 0.019134628957],
      [0.028387396407, 0.044938242141, 0.80688588068, 0.11462679647, 0.0051616843074],
      [0.043217304611, 0.010997920602, 0, 0.91300107249, 0.032783702296],
      [0.0021480087144, 0.29331142673, 0, 0.38133843315, 0.32320213141]
    ],
    [
      [0.52535548791, 0.0069881794815, 0.014439193038, 0.35909248094, 0.094124658632],
      [0.00018034371353, 0.41385282213, 0.008344809873, 0.55071267372, 0.026909350565],
      [0, 0.0063792378333, 0, 0.96026433935, 0.03335642282],
      [0.055225016105, 0.033955690805, 0.83149873587, 0.069890023475, 0.0094305337466],
      [0.070521976761, 0.0094978060665, 0.00058704096505, 0.86634316766, 0.053050008546],
      [0.0030951802596, 0.21396892538, 0.0010048126627, 0.32504458741, 0.45688649428]
    ],
    [
      [0.53238589266, 0.0064008385537, 0.013460133637, 0.3298459337, 0.11790720145],
      [0.00064870380458, 0.41289713798, 0.0076902117355, 0.54209075141, 0.036673195064],
      [0, 0.012165134754, 0, 0.93855639233, 0.049278472912],
      [0.049958374599, 0.012074275332, 0.84795676772, 0.075074666455, 0.014935915894],
      [0.077054849501, 0.0092063835049, 3.5163903681e-05, 0.84263240893, 0.07107119416],
      [0.0030369740509, 0.18600900606, 0.0013359558594, 0.27641340342, 0.53320466061]
    ],
    [
      [0.43162942213, 0.013280331752, 0.014638874715, 0.45276889876, 0.087682472636],
      [0, 0.50287968907, 0.00089884522519, 0.47896738082, 0.017254084884],
      [0, 0.0075109366899, 0, 0.96632313232, 0.026165930986],
      [0.024801638912, 0.040243745915, 0.81641486371, 0.11075466507, 0.0077850863934],
      [0.041555613982, 0.016042384591, 0, 0.90158926779, 0.040812733639],
      [0.0016643827044, 0.31175327384, 0, 0.33545990088, 0.35112244258]
    ],
    [
      [0.64423699336, 0.022057149771, 0.016239305649, 0.16035902587, 0.15710752534],
      [0, 0.81316360964, 0.013663533003, 0.1444861946, 0.028686662751],
      [0.058289772377, 0.19267281817, 0.034292697068, 0.60803776275, 0.10670694964],
      [0, 0.055164169284, 0.919841028, 0, 0.024994802713],
      [0.10897830828, 0.062854058396, 0.020221775636, 0.6587305151, 0.14921534259],
      [0.0012079442208, 0.3729852336, 0.0065532583332, 0.078673073368, 0.54058049047]
    ],
    [
      [0.44817976222, 0.018180574531, 0.014890148132, 0.4269676873, 0.091781827816],
      [0, 0.58833797454, 0.0022753972666, 0.39351592827, 0.015870699921],
      [0, 0.016196078865, 0, 0.95469157228, 0.029112348858],
      [0.024000749322, 0.098520650891, 0.78809081718, 0.080660070456, 0.0087277121553],
      [0.046787278233, 0.023707625692, 0, 0.88485233061, 0.044652765468],
      [0.0012543845414, 0.37748884483, 0, 0.28762118918, 0.33363558145]
    ],
    [
      [0.54809003108, 0.0099784728502, 0.010148437479, 0.33505596593, 0.09672709266],
      [0.00094889642471, 0.50364085476, 0.0012833398324, 0.46833002267, 0.025796886305],
      [0, 0.01894590941, 0, 0.94101170375, 0.040042386845],
      [0.052104823809, 0.030492256044, 0.81229335963, 0.091375601684, 0.013733958838],
      [0.076905926307, 0.01542886133, 0, 0.84956740864, 0.058097803718],
      [0.0032827924983, 0.27103679278, 0.0001506185133, 0.28402398246, 0.44150581375]
    ],
    [
      [0.46218080457, 0.014782123916, 0.018383032121, 0.40824372968, 0.096410309706],
      [0, 0.54680461951, 0.0071299105193, 0.42712163736, 0.018943832611],
      [0.0019352989625, 0.035395650179, 0, 0.93114885154, 0.031520199323],
      [0.025937120965, 0.031166288475, 0.86970487043, 0.065022733055, 0.0081689870792],
      [0.056359906426, 0.019393572943, 0.0021585001569, 0.8735287469, 0.048559273572],
      [0.002161400055, 0.33231443352, 0.0018513443028, 0.29379035692, 0.3698824652]
    ],
    [
      [0.47391625172, 0.013030669857, 0.020133758577, 0.39214583624, 0.1007734836],
      [0, 0.52939918741, 0.011384192702, 0.43822799782, 0.020988622069],
      [0.0028630332504, 0.031239357883, 0.0067334109414, 0.92547287401, 0.033691323917],
      [0.024697772875, 0.023259292076, 0.89647801038, 0.048322973329, 0.0072419513416],
      [0.05880449196, 0.017390577178, 0.0050118912741, 0.86664726726, 0.052145772332],
      [0.0021337264038, 0.30675481544, 0.0029426093309, 0.28856985931, 0.39959898952]
    ],
    [
      [0.94651817207, 0.0046701833339, 0.00044022895864, 0.048371415635, 0],
      [0.030772066901, 0.74801452368, 0, 0.22121340942, 0],
      [0.040185262955, 0.068425255643, 0, 0.8913894814, 0],
      [0.23501908572, 0.050726644919, 0.71425426936, 0, 0],
      [0.35629704081, 0.027339575776, 0, 0.61636338341, 0],
      [0.018553178447, 0.70016889658, 0.0023460705056, 0.27893185447, 0]
    ],
    [
      [0.63919709934, 0.0078972108292, 0.0061079645924, 0.27293363942, 0.073864085816],
      [0, 0.47261553092, 0, 0.5021659787, 0.025218490382],
      [0, 0.0093201374075, 0, 0.95413955949, 0.036540303101],
      [0.068585100969, 0.058537482679, 0.74154142164, 0.11751004549, 0.013825949219],
      [0.084537300482, 0.014823668106, 0, 0.84775214472, 0.05288688669],
      [0.0018532839532, 0.25955702988, 0, 0.28158590731, 0.45700377886]
    ],
    [
      [5.5511151231e-17, 0.022582399561, 0.018320822531, 0.76508401753, 0.19401276038],
      [0, 0.47452262081, 0, 0.50449975238, 0.020977626807],
      [0, 0, 0, 0.96695532919, 0.033044670811],
      [0, 0.10963890113, 0.6, 0.27280995567, 0.017551143195],
      [0, 0.011041010814, 0, 0.93738358809, 0.051575401098],
      [0, 0.23457397617, 0.00084846637086, 0.23766701451, 0.52691054295]
    ],
    [
      [0, 0.023599161212, 0.031845618865, 0.74513794894, 0.19941727098],
      [0, 0.54115147332, 0, 0.44095284434, 0.01789568234],
      [0, 0.0047244488807, 0, 0.96652156269, 0.028753988425],
      [0, 0.06297047428, 0.85714285714, 0.073707195297, 0.0061794732804],
      [0, 0.017241949635, 0.0026507171108, 0.92605171271, 0.054055620547],
      [0, 0.25560445355, 0, 0.24007381455, 0.5043217319]
    ],
    [
      [0.53577863045, 0.01630104701, 0.01300361616, 0.3743775501, 0.060539156283],
      [0, 0.58365960838, 0, 0.40426286587, 0.012077525747],
      [0, 0.031735455024, 0, 0.94671765287, 0.021546892108],
      [0.03835948717, 0.058208370239, 0.81539989421, 0.082197098347, 0.005835150029],
      [0.067263285608, 0.024051254736, 0, 0.8754481502, 0.033237309459],
      [0.0028847866303, 0.40599553001, 0.00035301549181, 0.31593683988, 0.27482982799]
    ],
    [
      [0.65759666605, 0.011994983053, 0.014631477625, 0.25434928024, 0.06142759303],
      [0.0022510059804, 0.60677805693, 0.010796681794, 0.36377255154, 0.016401703758],
      [0.014009198154, 0.044644532169, 0.0091295740899, 0.90129723961, 0.03091945598],
      [0.062509422165, 0.034634026235, 0.8700872268, 0.026130623718, 0.0066387010828],
      [0.11932458774, 0.023668198124, 0.0080463475056, 0.80366979396, 0.045291072667],
      [0.0051884949296, 0.38223263892, 0.003105035999, 0.26356133038, 0.34591249977]
    ],
    [
      [0, 0.061469984235, 0.04192038427, 0.58001775899, 0.3165918725],
      [0, 0.81077769891, 0.01401587098, 0.15792703123, 0.017279398877],
      [2.4681729863e-18, 0.17645074191, 0.037051798354, 0.72673634071, 0.059761119023],
      [0, 0.068222291418, 0.92209346161, 0, 0.0096842469764],
      [0, 0.056653003295, 0.0058257198295, 0.83492409715, 0.10259717972],
      [0, 0.43354771639, 0.002979082176, 0.11397759177, 0.44949560967]
    ],
    [
      [0.57242646805, 0.012673706371, 0.017878220582, 0.32861880637, 0.06840279863],
      [9.1642208506e-05, 0.56798857815, 0.018090148547, 0.39917170102, 0.014657930069],
      [0.005350001153, 0.036607663349, 0.022464657218, 0.91073364208, 0.024844036205],
      [0.035048349783, 0.026768695432, 0.89870380841, 0.035543897118, 0.0039352492557],
      [0.07964156956, 0.019928154063, 0.012675187381, 0.8473438645, 0.040411224493],
      [0.0031923578253, 0.36256283599, 0.0058768932928, 0.29306928233, 0.33529863057]
    ],
    [
      [0.69315747323, 0.018487305931, 0.0098151529754, 0.15799911922, 0.12054094865],
      [0.0023395555774, 0.75700097861, 0.0050663518665, 0.20149265866, 0.034100455284],
      [0.026745718838, 0.12124458373, 0, 0.76054809875, 0.091461598688],
      [0.047880172266, 0.091181472488, 0.83732905626, 0, 0.023609298986],
      [0.13906877898, 0.054639161034, 0.0023196031735, 0.68314928061, 0.12082317621],
      [0.003177948659, 0.33865903908, 0.00094864052722, 0.11618542822, 0.54102894351]
    ],
    [
      [0.58167431489, 0.012446270828, 0.011902976729, 0.28945990892, 0.10451652863],
      [0.001347174084, 0.57511679992, 0.0031692791856, 0.39246401907, 0.027902727741],
      [0, 0.042520674528, 0, 0.90647856641, 0.05100075906],
      [0.062084792412, 0.039659805239, 0.82552227086, 0.056699649881, 0.01603348161],
      [0.091464871102, 0.022269064843, 0, 0.81602071301, 0.07024535105],
      [0.0034989638243, 0.30352052077, 0.00015495489271, 0.23581070034, 0.45701486018]
    ],
    [
      [0.68707924728, 0.0041962938089, 0.0097866466594, 0.29893781225, 0],
      [0.0019648095486, 0.4219926021, 0.00065312477473, 0.57538946357, 0],
      [0, 0, 0, 1, 0],
      [0.065771598569, 0, 0.83177422692, 0.10245417451, 0],
      [0.092740537079, 0.0070640015155, 0, 0.90019546141, 0],
      [0.0075746764588, 0.41290792983, 0, 0.57951739371, 0]
    ],
    [
      [0.53641148527, 0.019798237579, 0.021725318013, 0.35875024366, 0.06331471547],
      [0, 0.64505965905, 0.012321877252, 0.33180003843, 0.010818425273],
      [0.0029453744168, 0.055200200141, 0.017308087547, 0.9023954066, 0.022150931299],
      [0.026623040648, 0.045388060212, 0.9086952856, 0.015928280571, 0.003365332971],
      [0.071245395301, 0.029052487168, 0.007620082896, 0.85685324221, 0.035228792426],
      [0.0024658806497, 0.46060554238, 0.0039280441578, 0.27225375853, 0.26074677429]
    ],
    [
      [0.72737009061, 0.017997543785, 0.0088170864473, 0.24581527916, 0],
      [0, 0.72629241645, 0, 0.27370758355, 0],
      [0, 0.069316074112, 0, 0.93068392589, 0],
      [0.058229669774, 0.11243071899, 0.76637276379, 0.06296684745, 0],
      [0.10514796323, 0.041605712648, 0, 0.85324632412, 0],
      [0.004580259208, 0.68757796225, 0.0019131974798, 0.30592858106, 0]
    ],
    [
      [0.75161287272, 0.0049641179977, 0.013059187596, 0.1931620067, 0.037201814989],
      [0.0013072110845, 0.53915470136, 0.020348664348, 0.42618792393, 0.01300149928],
      [0.018407562467, 0.019638639732, 0.025401475543, 0.92505392358, 0.011498398675],
      [0.050134008959, 0.0016724659812, 0.92925167139, 0.018941853674, 0],
      [0.1144295565, 0.013864313931, 0.0056570454232, 0.83100173836, 0.035047345785],
      [0.0052572470135, 0.30801407571, 0.0077470366812, 0.29285201358, 0.38612962702]
    ],
    [
      [0.56329437922, 0.0095153864852, 0.019583253075, 0.2813262344, 0.12628074683],
      [0.000301831579, 0.53006537531, 0.015876591505, 0.41849891161, 0.035257289993],
      [0.006716532711, 0.030874450198, 0.010386559244, 0.8945776242, 0.057444833648],
      [0.038144034067, 0.012777551811, 0.93212240867, 0.0067908369661, 0.010165168489],
      [0.09114526978, 0.016277634386, 0.0081374044678, 0.80032652025, 0.084113171113],
      [0.0029468157842, 0.24419779374, 0.0028355622505, 0.22004943706, 0.52997039117]
    ],
    [
      [0.52012838881, 0.013845671631, 0.015647900935, 0.36173872387, 0.088639314752],
      [0, 0.5567780407, 0.0033460621982, 0.42052809816, 0.019347798945],
      [0, 0.037032769542, 0, 0.93022248941, 0.032744741046],
      [0.038997438665, 0.038139556684, 0.85036607868, 0.06368097453, 0.0088159514407],
      [0.070236922826, 0.02098225619, 7.6649302282e-05, 0.85912340168, 0.049580769997],
      [0.0026660989082, 0.33556585544, 0.0010716351691, 0.28681154859, 0.3738848619]
    ],
    [
      [0.46409075377, 0.013156636588, 0.016654159133, 0.38836226756, 0.11773618295],
      [0, 0.52774397195, 0.0035684954134, 0.4427395501, 0.025947982538],
      [0, 0.027907983296, 0, 0.92998728966, 0.042104727045],
      [0.029306015578, 0.034088616802, 0.85734562621, 0.066706854359, 0.012552887053],
      [0.057627372132, 0.018022545614, 0, 0.86233671848, 0.062013363773],
      [0.0018170397638, 0.28700317599, 0.00049898191278, 0.27203213449, 0.43864866784]
    ],
    [
      [0.61776256347, 0.0087854982118, 0.011479629033, 0.29548114458, 0.066491164704],
      [0.0019614705655, 0.50877599792, 0.0032716008181, 0.46635319218, 0.019637738519],
      [0, 0.02534929745, 0, 0.9443396598, 0.030311042751],
      [0.069519946166, 0.022360881239, 0.82507206937, 0.07462693877, 0.0084201644593],
      [0.099283274943, 0.014648462935, 0, 0.8415489885, 0.044519273627],
      [0.004677403723, 0.30363350275, 0.00098645947079, 0.31295843957, 0.37774419449]
    ],
    [
      [0.48908533154, 0.013435674888, 0.015912133933, 0.4158494167, 0.065717442943],
      [0, 0.52334293858, 0, 0.46380028709, 0.012856774325],
      [0, 0.017792536074, 0, 0.96214842713, 0.020059036799],
      [0.03180774077, 0.043185465129, 0.83575041032, 0.084514842146, 0.0047415416344],
      [0.056574881459, 0.01754974282, 0, 0.89311736588, 0.03275800984],
      [0.0025033241051, 0.3540183406, 0.00031167283501, 0.34926852751, 0.29389813495]
    ],
    [
      [0.4974210783, 0.012574738193, 0.023698324806, 0.39148223191, 0.074823626782],
      [0, 0.52845946633, 0.019588020985, 0.436894649, 0.015057863689],
      [0.0035963113713, 0.02935195352, 0.01226611363, 0.93017951119, 0.024606110285],
      [0.022785757641, 0.010755821854, 0.94835026356, 0.016673112031, 0.0014350449156],
      [0.061194167584, 0.016421778524, 0.0087454738904, 0.87491208399, 0.038726496016],
      [0.0025030798075, 0.33744480483, 0.0051906781708, 0.31932420153, 0.33553723566]
    ],
    [
      [0, 0, 0.059886242175, 0.15665329719, 0.78346046064],
      [0, 0.48322697977, 0.18034649603, 0.16220588077, 0.17422064343],
      [3.081487911e-33, 0, 0.31411689332, 0.33771708071, 0.34816602598],
      [0, 0, 0.91440553861, 0, 0.085594461395],
      [0, 0.0050083008596, 0.034971197638, 0.50578369915, 0.45423680236],
      [0, 0.028537739603, 0.030071195157, 0, 0.94139106524]
    ],
    [
      [0.55538357484, 0.012505431315, 0.01281228436, 0.34097194451, 0.078326764977],
      [0.0004277032664, 0.54798493543, 0.0028684563283, 0.43004263578, 0.018676269199],
      [0, 0.030344443182, 0, 0.93840058343, 0.031254973386],
      [0.047602832489, 0.037210129054, 0.82582028672, 0.080022828928, 0.0093439228144],
      [0.078474312658, 0.019357474497, 0, 0.85573410018, 0.046434112666],
      [0.0033113568596, 0.33583919664, 0.00086088312208, 0.29696383358, 0.3630247298]
    ],
    [
      [0.35746660693, 0.013968875931, 0.0083660685353, 0.27517824843, 0.34502020017],
      [0, 0.63633905463, 0, 0.29741407327, 0.066246872108],
      [0, 0.015260595477, 0, 0.84088824434, 0.14385116019],
      [0.015834488549, 0.077391289761, 0.79832678629, 0.066731140135, 0.041716295262],
      [0.031680475163, 0.022686111363, 0, 0.7396356764, 0.20599773707],
      [0.00049235412376, 0.13563332871, 0.000548844428, 0.078285978169, 0.78503949457]
    ],
    [
      [0.55532231217, 0.0090095488742, 0.015485437856, 0.33161700592, 0.088565695172],
      [0.00048924954848, 0.48141242954, 0.010009990142, 0.48377750919, 0.024310821577],
      [0.0064710818188, 0.024355052903, 0.0026729108843, 0.93078380831, 0.035717146081],
      [0.042490754866, 0.015921139171, 0.87327631196, 0.059156075101, 0.0091557189037],
      [0.081534750254, 0.013625454549, 0.0032657437259, 0.8482389869, 0.053335064574],
      [0.0034456825124, 0.26476981601, 0.0022149764997, 0.30100781258, 0.4285617124]
    ],
    [
      [0.56309888686, 0.011014250493, 0.017671342342, 0.3061552187, 0.1020603016],
      [0.0012720818092, 0.54465426994, 0.017001971028, 0.41066516014, 0.026406517091],
      [0.008104792276, 0.032547329582, 0.015924180582, 0.89930209636, 0.044121601201],
      [0.041902280882, 0.023381084395, 0.88964790848, 0.033966373243, 0.011102352997],
      [0.086579400551, 0.017838472459, 0.0072543077082, 0.82363921211, 0.064688607169],
      [0.0033160125966, 0.29152017686, 0.0036192051644, 0.25211976556, 0.44942483982]
    ],
    [
      [0.5468807159, 0.014888941244, 0.018520008325, 0.33024093465, 0.089469399881],
      [9.7436197046e-05, 0.58814650026, 0.011497459717, 0.38074428564, 0.019514318184],
      [0.0052693920061, 0.046778304966, 0.014524393101, 0.89794552775, 0.035482382173],
      [0.035363432482, 0.033906750136, 0.88066267184, 0.041486476027, 0.0085806695123],
      [0.078100731245, 0.023171951421, 0.005913433123, 0.8394568437, 0.053357040506],
      [0.0028330463209, 0.35283069503, 0.00345521541, 0.26091809228, 0.37996295096]
    ],
    [
      [0.47527616835, 0.016977649561, 0.018925732425, 0.37269744131, 0.11612300836],
      [0, 0.59331650855, 0.0091331787897, 0.37518871158, 0.022361601082],
      [0.0026756210377, 0.047330548917, 0.0044297630414, 0.9041578946, 0.041406172403],
      [0.026169922574, 0.041495308209, 0.87940350717, 0.041873861288, 0.011057400763],
      [0.061388209411, 0.024241643926, 0.0038097481725, 0.84818088737, 0.06237951112],
      [0.0019182322568, 0.3412613746, 0.0022160485438, 0.24580868022, 0.40879566438]
    ],
    [
      [0.56640302091, 0.014455354238, 0.018001301016, 0.31889036072, 0.082249963112],
      [0.00027522899985, 0.59490993474, 0.013308639889, 0.3733965795, 0.01810961687],
      [0.0061571523706, 0.045809287272, 0.014555079257, 0.90024221139, 0.033236269715],
      [0.038014779866, 0.036155056099, 0.88779494025, 0.030694281279, 0.0073409425073],
      [0.083634204797, 0.023274363889, 0.0060748017524, 0.83648177959, 0.050534849977],
      [0.0031019039214, 0.36418114341, 0.0029673305238, 0.26358721335, 0.3661624088]
    ],
    [
      [0.45473291443, 0.012852621843, 0.015587182916, 0.40116719929, 0.11566008151],
      [0, 0.51027978116, 0, 0.46429981927, 0.025420399567],
      [0, 0.018514020497, 0, 0.94187310263, 0.039612876869],
      [0.030670263905, 0.04229984925, 0.83112861534, 0.083507205554, 0.012394065949],
      [0.053194359631, 0.017155047148, 0, 0.87039708651, 0.059253506711],
      [0.002031899931, 0.28234256727, 0.00041934898849, 0.28233840254, 0.43286778128]
    ],
    [
      [0.49086238108, 0.0080829310511, 0.0067078627087, 0.40781528605, 0.086531539103],
      [0, 0.42933200903, 0, 0.54904887245, 0.021619118528],
      [0, 0, 0, 0.97094790612, 0.029052093882],
      [0.046774106396, 0.036531450346, 0.75153413115, 0.15567903796, 0.0094812741487],
      [0.042766904948, 0.0095711398446, 0, 0.90298591963, 0.044676035574],
      [0, 0.24548462128, 0, 0.3510187439, 0.40349663482]
    ],
    [
      [0.58133841495, 0.0077360555314, 0.013159389028, 0.32286331738, 0.074902823111],
      [0.00052329486235, 0.46706491963, 0.0065888417725, 0.50422847194, 0.021594471796],
      [0, 0.012427436026, 0, 0.95725662637, 0.030315937607],
      [0.061364264187, 0.02387168704, 0.83667130785, 0.069856963513, 0.0082357774069],
      [0.082508879945, 0.011159204945, 7.9309391827e-05, 0.8598587075, 0.046393898215],
      [0.0036627020094, 0.26207498638, 0.0014502047556, 0.32147872496, 0.41133338189]
    ],
    [
      [0.51410502257, 0.010995710152, 0.017022031531, 0.37062318574, 0.08725405001],
      [4.8917553821e-05, 0.50413910964, 0.0091345902451, 0.46618773469, 0.020489647879],
      [0.004528532415, 0.026181920339, 0.0016294895583, 0.93645806462, 0.03120199307],
      [0.034081702557, 0.020491500521, 0.87386646962, 0.063767615848, 0.0077927114579],
      [0.069161131244, 0.015127915404, 0.0029383885093, 0.86487012227, 0.047902442571],
      [0.0028882535633, 0.29772330469, 0.002160173618, 0.31032516906, 0.38690309907]
    ],
    [
      [0.53041091552, 0.012853986305, 0.020121380531, 0.31059979473, 0.12601392291],
      [0.00033972411881, 0.56978061078, 0.022454174794, 0.3768385364, 0.030586953911],
      [0.0060327311904, 0.039276670021, 0.033684055031, 0.86642669735, 0.054579846412],
      [0.033800099874, 0.027342805665, 0.91147988491, 0.013613706054, 0.013763503492],
      [0.079093553709, 0.020630818506, 0.010686465079, 0.81144320568, 0.078145957022],
      [0.002608524765, 0.28898609876, 0.0067017825669, 0.21962836717, 0.48207522674]
    ],
    [
      [0.54194887847, 0.015183202992, 0.015717212923, 0.29424938133, 0.13290132428],
      [0.00055240345544, 0.60897947853, 0.0091831701642, 0.34862344893, 0.03266149892],
      [0.0067723328524, 0.055394230716, 0.0037189070763, 0.87192650247, 0.062188026889],
      [0.03995562031, 0.046078117393, 0.86585384563, 0.028940291851, 0.019172124815],
      [0.084778192811, 0.026584093358, 0.0036786504555, 0.79878965614, 0.086169407234],
      [0.0026282003751, 0.30598264879, 0.0019391928227, 0.20241177893, 0.48703817908]
    ],
    [
      [0.56038970749, 0.010613497099, 0.018810184459, 0.36478950791, 0.04539710305],
      [0.00013437342879, 0.50330962696, 0.027528676979, 0.45964379048, 0.0093835321575],
      [0.0050103629939, 0.022469705246, 0.014766827954, 0.94200548367, 0.01574762014],
      [0.034059483907, 0.012813225122, 0.9009100068, 0.049582673374, 0.0026346107943],
      [0.073882134214, 0.01563987425, 0.0044228001769, 0.88046221587, 0.025592975494],
      [0.003663823489, 0.36339838645, 0.003838003603, 0.37454314563, 0.25455664084]
    ]
  ],
  "expected_outcome": [
    [
      [0, 10.5586549515, 4.5029669077, 6.8296213428, 8.5181742826, 6.474441332, 0.64423699336, 5.3781571467, 15.8946109012, 18.0250513784, 9.4783250345, 0.94651817207, 1.2783941987, 0, 0, 12.3229085003, 7.8911599926, 0, 1.7172794041, 1.3863149465, 8.7251147234, 1.3741584946, 7.5097607938, 0.72737009061, 0.75161287272, 14.0823594804, 16.644108442, 11.1381780904, 11.1197261424, 12.71621862, 3.4819475481, 0, 32.7676309157, 0.71493321386, 17.7703139896, 15.2036699451, 12.0313757497, 14.7335612189, 9.6288513555, 12.2777886897, 7.8537980973, 2.9066920747, 166.5700273118, 12.199451057, 37.3944726144, 3.9227279524],
      [0, 0.23567881159, 0.10490193904, 0.090846333259, 0.10241341686, 0.19920497628, 0.022057149771, 0.21816689437, 0.28937571265, 0.57650283274, 0.26061339714, 0.0046701833339, 0.015794421658, 0, 0, 0.37492408123, 0.14393979664, 0, 0.038021119112, 0.036974611862, 0.18669406242, 0.0083925876178, 0.27717532611, 0.017997543785, 0.0049641179977, 0.23788466213, 0.4430614922, 0.31575927811, 0.15813896781, 0.34932754709, 0.088023167349, 0, 0.73782044757, 0.027937751862, 0.28830556398, 0.2973847633, 0.32755670737, 0.52630713638, 0.24574102204, 0.34702078977, 0.12932689682, 0.038680277657, 3.5626100894, 0.29564168501, 1.0476410065, 0.074294479694],
      [0, 0.29066610329, 0.15614393679, 0.1877095095, 0.21536213819, 0.21958312072, 0.016239305649, 0.17868177759, 0.2943046869, 0.7169382527, 0.40267517154, 0.00044022895864, 0.012215929185, 0, 0, 0.29908317168, 0.17557773151, 0, 0.053634661745, 0.019630305951, 0.17854465094, 0.019573293319, 0.30415445218, 0.0088170864473, 0.013059187596, 0.48958132686, 0.50073282992, 0.3996998192, 0.20663332259, 0.41371548225, 0.16588827364, 0.059886242175, 0.75592477725, 0.016732137071, 0.49553401138, 0.47712624322, 0.40744018316, 0.58669770516, 0.30602211727, 0.42085393873, 0.10732580334, 0.06579694514, 5.5151382161, 0.46279175222, 1.0844876917, 0.13167129121],
      [0, 7.5446481146, 4.5249809704, 4.6682022522, 5.2775349391, 6.7915334814, 0.16035902587, 5.1236122476, 9.7166230121, 15.9215054577, 7.8429167249, 0.048371415635, 0.54586727884, 0, 0, 8.6106836522, 3.0521913629, 0, 0.98585641911, 0.31599823843, 4.3418986338, 0.5978756245, 5.0225034113, 0.24581527916, 0.1931620067, 7.03315586, 11.5756391638, 9.3206944214, 5.3186606025, 10.8120848342, 2.7403756234, 0.15665329719, 20.1173447259, 0.55035649686, 10.6117441896, 8.266190905, 7.2653005624, 11.5536206805, 5.4211361323, 10.8315143809, 6.5250445769, 1.6143165869, 120.0819121796, 7.1437952789, 20.3032073119, 2.5535265553],
      [0, 1.3703520191, 0.71100624613, 1.2236205622, 1.8865152233, 1.3152370895, 0.15710752534, 1.1013819338, 2.8050856871, 3.7600020785, 2.015469672, 0, 0.14772817163, 0, 0, 1.3924005945, 0.73713111636, 0, 0.20520839589, 0.2410818973, 1.5677479294, 0, 0.88640601658, 0, 0.037201814989, 3.1570186706, 2.8364580721, 2.8256683908, 1.1968409647, 1.7086535165, 0.52376538747, 0.78346046064, 4.6212791336, 0.69004040035, 2.8341022455, 2.7556281433, 1.9683267974, 3.5998132591, 1.3982493729, 3.1228222008, 1.3845046256, 0.37451411555, 28.2703122031, 2.8983202268, 9.1701913755, 0.31777972135]
    ],
    [
      [0, 0, 0, 0.0046889365519, 0.024650744574, 0, 0, 0, 0.052189303359, 0, 0, 0.24617653521, 0, 0, 0, 0, 0.05402414353, 0, 0.0028409084637, 0.023395555774, 0.06466435603, 0.025542524132, 0, 0, 0.0052288443379, 0.016600736845, 0, 0, 0.15691764524, 0, 0, 0, 0.069715632424, 0, 0.059199195366, 0.1513777353, 0.0043846288671, 0, 0.016513739991, 0, 0, 0.010465897247, 0.056401939556, 0.045523031921, 0.19665563014, 0.014915450595],
      [0, 21.3030929116, 16.8809509625, 10.7601733753, 15.6900912433, 16.0921500504, 2.4394908289, 11.7667594908, 27.7002470119, 66.7101635804, 24.352362621, 5.9841161894, 10.3975416803, 3.7961809665, 3.2469088399, 43.1908110204, 14.5626733663, 4.0538884946, 17.6076459227, 7.5700097861, 27.6056063963, 5.4859038274, 19.3517897714, 5.0840469151, 2.1566188054, 29.1535956422, 111.3556081401, 58.5795808865, 40.7020798334, 81.641498419, 17.4391623888, 0.96645395954, 89.3215444747, 1.9090171639, 58.2509039745, 64.8138581224, 26.4665925118, 68.824714992, 35.6945960843, 130.6316239775, 12.8799602708, 9.3412983926, 581.2723934095, 76.3506018439, 216.7966943552, 55.8673685922],
      [0.15627755084, 0.23598663671, 0.031012683104, 0.2169650567, 0.29222804595, 0.028763047206, 0.040990599009, 0.045507945331, 0.070583690784, 0.86984908336, 0.52367286428, 0, 0, 0, 0, 0, 0.25912036305, 0.070079354899, 0.56079460497, 0.050663518665, 0.15212540091, 0.0084906220715, 0.36965631755, 0, 0.08139465739, 0.87321253276, 0.66921243964, 0.39610299089, 0.26172806545, 0, 0.64640469251, 0.36069299205, 0.46755838152, 0, 1.2112088072, 2.0232345523, 0.51738568727, 1.0594487396, 0.79851839333, 0, 0, 0.13177683545, 10.5321825526, 3.0088594224, 3.2692085784, 3.0556831447],
      [4.8437224492, 18.8246744118, 19.5397229145, 14.3185295167, 20.5994485537, 15.3269561861, 0.43345858381, 7.8703185655, 25.7581512471, 52.1088397578, 20.1584878996, 1.7697072753, 11.0476515313, 4.035998019, 2.645717066, 29.9154520743, 8.7305412369, 0.78963515617, 12.3743227317, 2.0149265866, 18.8382729152, 7.4800630264, 9.9540011528, 1.9159530849, 1.7047516957, 23.0174401386, 84.1056196312, 49.144090061, 37.3082553744, 72.3528447862, 14.4175234169, 0.32441176154, 70.0969496319, 0.8922422198, 58.5370786122, 48.8691540563, 17.1334928538, 43.5218905429, 22.4037947702, 118.8607537334, 16.4714661734, 10.0845694388, 537.5144580942, 50.4963638778, 124.1099478208, 51.020460743],
      [0, 0.63624603991, 0.54831343992, 0.69964311468, 1.3935814124, 0.55213071629, 0.086059988252, 0.31741399843, 1.4188287468, 2.3111475785, 0.96547661518, 0, 0.55480678841, 0.16782101445, 0.10737409404, 0.8937369053, 0.39364089019, 0.086396994385, 0.45439583213, 0.34100455284, 1.3393309316, 0, 0.32455275819, 0, 0.05200599712, 1.9391509496, 3.8695597891, 2.8802260617, 1.5710190815, 2.0056567947, 0.49690950174, 0.34844128687, 3.0442318794, 0.19874061632, 2.9416094108, 3.1423755338, 0.87814431827, 2.5939457255, 1.0865770122, 6.5076222891, 0.64857355585, 0.43188943592, 23.6245640041, 4.098651824, 11.6274936154, 1.0415720695]
    ],
    [
      [0, 0, 0, 0, 0, 0, 0.69947726852, 0, 0, 0.61736036904, 0.30348152455, 0.16074105182, 0, 0, 0, 0, 0.93861627635, 5.1831632712e-17, 0.37985008187, 0.56166009559, 0, 0, 0.30337356493, 0, 0.1656680622, 0.65822020568, 0, 0, 0, 0, 0.14025614348, 9.2444637331e-33, 0, 0, 1.9413245456, 1.791159093, 0.96429873711, 0.8294425217, 0.97283007455, 0, 0, 0, 14.2965768343, 2.0028667552, 4.6864543339, 0.42087049149],
      [0, 5.1351050191, 0, 1.4034323233, 2.128898582, 0.87877959271, 2.312073818, 2.6075686972, 2.8039945926, 11.291212407, 3.3113719356, 0.27370102257, 0.14912219852, 0, 0.056693386568, 5.5537046292, 2.9911836553, 3.7054655802, 2.5991440978, 2.5461362583, 6.2505391556, 0, 5.6856206145, 1.3170054081, 0.17674775759, 3.0256961194, 14.887173356, 6.6141920412, 5.4247496543, 5.6758190075, 1.1447261873, 0, 14.01913275, 0.1983877412, 7.306515871, 7.1929598376, 8.5604298088, 14.6724701644, 7.2378673891, 6.3873370714, 0, 1.1681789865, 82.6563225107, 13.0398544468, 38.3328076551, 1.8874552406],
      [0.033851069224, 0, 0, 0, 0, 0, 0.41151236482, 0, 0, 0, 0.71374155979, 0, 0, 0, 0, 0, 0.61168146403, 0.77808776544, 1.5949906625, 0, 0, 0, 1.7827330173, 0, 0.22861327989, 1.0178828059, 0, 0, 0, 0, 0.47837843159, 0.94235067995, 0, 0, 0.80187326528, 3.5192439087, 2.6579639375, 1.3732265428, 2.2997025225, 0, 0, 0, 5.1442985357, 11.1831062705, 2.5734836968, 1.2404135481],
      [2.9661489308, 322.0743455948, 150.0724017696, 211.2581546562, 164.2473686585, 113.0598064819, 7.296453153, 153.7053431367, 139.2697321543, 297.0364836399, 98.1001246448, 3.5655579256, 15.2662329519, 12.5704192795, 11.5982587523, 165.6755892518, 60.3869150537, 15.2614631549, 64.6620885874, 15.9715100737, 133.2523492625, 24, 92.9467268795, 17.6829945919, 8.3254853123, 87.6686071715, 373.9494407436, 220.406987649, 202.0886871969, 306.9253482535, 36.2770009365, 1.0131512421, 433.5410695458, 10.9315471764, 279.2351424937, 198.7457632953, 164.3240315791, 280.2889473263, 142.2382693989, 324.9462204089, 99.0366864241, 89.9821228785, 2956.3981099964, 287.6536635187, 603.3731397069, 79.1284606281],
      [0, 7.7905493862, 2.9275982304, 7.3384130204, 8.6237327596, 3.0614139254, 1.2804833957, 4.6870881661, 5.9262732531, 10.0549435841, 3.5712803352, 0, 0.58464484961, 0.42958072055, 0.3450478611, 3.770706119, 2.0716035507, 1.2549834995, 1.7639265705, 1.9206935725, 7.4971115818, 0, 2.2815459238, 0, 0.10348558807, 5.6295936975, 13.1633859004, 9.9788203097, 6.4865631488, 6.398832739, 0.95963830111, 1.0444980779, 14.4397977042, 1.8700650824, 10.7151438243, 9.7508738654, 6.4932759376, 12.8359134448, 5.251330615, 13.6664425196, 2.9633135759, 2.8496981351, 98.504692123, 18.1205090088, 43.0341146073, 1.3228000917]
    ],
    [
      [0, 6.5424166995, 2.5264782803, 3.4239509985, 9.0424658024, 4.761914671, 0, 2.0640644417, 13.7035686617, 20.6718854088, 6.8906786321, 3.2902672001, 2.12613813, 0, 0, 9.2062769208, 6.9385458603, 0, 2.3131910857, 0.90972327305, 7.9468534287, 1.1838887742, 5.1648698857, 1.7468900932, 0.95254617022, 19.5678894762, 13.6101060941, 6.1249572559, 15.2943881564, 9.7649764163, 4.192579406, 0, 37.5110320011, 0.15834488549, 31.1457233167, 11.2298112764, 3.8192507081, 12.4568831453, 7.3368525142, 12.9735216317, 4.3499918949, 2.3318420391, 123.6143351725, 10.6132313604, 31.5249844248, 3.9509001332],
      [0, 7.9617150652, 3.9995035506, 2.1052528299, 2.1854438351, 7.7267992156, 1.1032833857, 8.4727759766, 8.0194633395, 24.8395319147, 6.4893424893, 0.71017302887, 1.814661963, 2.1927780227, 0.44079331996, 13.9700088574, 3.8443769121, 0.7504452056, 1.7667338985, 1.7324479773, 5.0764550706, 0, 8.8052836811, 3.3729215697, 0.031776853643, 6.5548840789, 13.3107052827, 7.1245209117, 4.9193938727, 13.2579377946, 1.9790712211, 0, 29.3215816942, 0.77391289761, 11.6701950124, 6.2661306178, 3.6619290147, 19.7517667076, 6.9779258271, 17.8928362329, 3.3974248822, 0.90712410752, 74.3226723905, 8.5856409787, 36.3556346233, 1.4863341141],
      [3.8042261081, 111.4538205318, 71.8128433801, 51.5529216239, 153.4801749572, 156.7516538321, 18.39682056, 67.7758102771, 213.6331535816, 693.1547817293, 250.1173648954, 9.999559771, 22.9877840708, 12, 6, 195.6959746114, 96.5796821747, 10.1430280777, 59.3144513551, 15.9092520689, 105.6668506699, 14.9719360846, 176.2868854062, 22.9911829136, 17.6557817563, 478.1787956464, 296.7777614595, 179.1852358772, 181.5158552604, 256.5753759685, 174.4964484948, 4.572027693, 650.746385932, 7.9832678629, 640.1115366656, 238.4256394734, 95.111568559, 418.596069411, 171.344423468, 351.5674042896, 69.8926741967, 31.7935096984, 3169.5136852992, 286.2046838632, 683.1586842023, 104.5055607892],
      [0.19577389195, 10.1500517881, 10.2017848857, 4.3331814554, 13.5885146284, 21.2648956937, 0, 6.9367660592, 24.0317832428, 51.8231182451, 13.4821095589, 0, 3.6428114103, 5.4561991134, 0.51595036708, 19.7273036034, 2.9004992327, 0, 2.3458972098, 0, 7.2575551847, 1.8441751411, 3.0900864307, 1.8890054235, 0.3598952198, 3.4836993636, 22.2246601109, 13.9417325611, 16.4179265294, 25.9460565388, 3.0678526136, 0, 63.057989195, 0.66731140135, 43.3614030489, 9.1029880292, 4.480539411, 19.9319579729, 5.9239962868, 35.3235479492, 14.4781505304, 2.6545646135, 231.28514268, 4.2747037011, 22.8338902703, 5.7515901114],
      [0, 0.89199591542, 0.45938990336, 0.58469309229, 2.7034007768, 1.4947365875, 0.49989605427, 0.75058324536, 3.6120311744, 6.5106827021, 2.0205044243, 0, 0.42860442579, 0.3510228639, 0.043256312963, 1.400436007, 0.73689582019, 0.10652671674, 0.25972645088, 0.44857668074, 2.0522856461, 0, 0.65287459637, 0, 0, 5.2147314349, 3.0767670528, 2.6235533941, 1.852436181, 1.4556532818, 0.26404826446, 0.42797230697, 7.3630111778, 0.41716295262, 6.7111419564, 2.9754306032, 0.92671230733, 5.2633227632, 1.4168019039, 5.2426898966, 0.88175849583, 0.31295954146, 28.2641644578, 4.3217400966, 15.1268064793, 0.30561485214]
    ],
    [
      [0, 6.8291707174, 1.9447787075, 2.6798351169, 3.390413378, 1.7453357872, 0.65386984968, 1.5439801817, 3.3069548312, 5.6359906426, 2.2933751864, 0.35629704081, 0.59176110337, 0, 0, 3.430427566, 5.1309572728, 0, 2.5485302259, 1.1125502318, 4.2073840707, 0.37096214832, 1.9948710684, 0.52573981617, 0.1144295565, 4.6484087588, 8.6391415076, 4.6678171427, 6.3541295963, 5.43118862, 1.1626891841, 0, 11.5357239607, 0.12672190065, 7.9904055248, 5.5410816353, 3.1240292498, 4.9110567529, 3.0108313727, 5.6917964805, 1.7962100078, 1.7326864788, 64.7348188439, 6.0111100819, 16.9556385622, 0.66493920793],
      [0, 1.6622403159, 0.49490642708, 0.36091663053, 0.40508087422, 0.67378015282, 0.37712435038, 0.78235164783, 0.6634410372, 1.9393572943, 0.67823250993, 0.027339575776, 0.10376567674, 0.011041010814, 0, 1.2266139916, 1.0177325193, 0.056653003295, 0.63770093002, 0.43711328827, 1.0243769828, 0.028256006062, 0.81346964071, 0.20802856324, 0.013864313931, 0.83015935368, 2.5808175114, 1.4598261947, 0.93750162786, 1.6847753107, 0.31201379196, 0.0050083008596, 2.8455487511, 0.090744445451, 1.3352945458, 1.1416622374, 0.92687805683, 1.9393315141, 0.83787710001, 1.8355900449, 0.40198787347, 0.23434330384, 14.1597288183, 1.5679422065, 5.3168186716, 0.14075886825],
      [0.0056452718786, 0, 0, 0.022307556672, 0.001547211762, 0, 0.12133065382, 0, 0, 0.21585001569, 0.19546375969, 0, 0, 0, 0, 0, 0.34599294274, 0.0058257198295, 0.40560599621, 0.018556825388, 0, 0, 0.21336232109, 0, 0.0056570454232, 0.41500762786, 0.0094278641807, 0, 0, 0, 0.16616400392, 0.034971197638, 0, 0, 0.32004288514, 0.46427569332, 0.23653732492, 0.3047798538, 0.21869286308, 0, 0, 0.0016654972284, 2.7503316447, 0.81217134597, 0.73573009111, 0.039805201592],
      [0.99435472812, 90.6870807586, 41.0850482621, 32.9210403711, 37.075825993, 37.8667492471, 3.9523830906, 29.20012691, 36.5313985717, 87.3528746903, 33.799243423, 0.61636338341, 5.934265013, 0.93738358809, 0, 44.6478556601, 34.5578011404, 0.83492409715, 27.1150036641, 5.4651942449, 37.5369527983, 3.6007818456, 23.9918907819, 4.2662316206, 0.83100173836, 40.8166525329, 105.6721784072, 69.849274197, 53.8591352637, 85.7392671246, 16.6233295957, 0.50578369915, 125.7929127262, 2.9585427056, 83.127420716, 52.7129095753, 33.5782737482, 67.8544709896, 30.1133440651, 93.1324882566, 37.9254086246, 18.0570328576, 809.5184344463, 61.669683632, 159.7579312283, 7.9241599428],
      [0, 3.8215082082, 1.4752666033, 2.0159003247, 3.127132543, 1.7141348128, 0.89529205551, 1.4735412604, 2.4982055599, 4.8559273572, 2.0336851209, 0, 0.37020820683, 0.051575401098, 0, 1.6951027824, 1.9475161247, 0.10259717972, 1.2931591838, 0.96658540964, 3.2312861483, 0, 0.98640618793, 0, 0.035047345785, 4.2897717268, 6.0984347097, 5.0230824656, 2.8492335121, 3.1447689446, 0.7358034243, 0.45423680236, 6.825814562, 0.82399094829, 5.2268363283, 4.1400708588, 2.1342816203, 4.9903608896, 1.8192545992, 6.3401252181, 1.8763934941, 0.97427186252, 44.8366862469, 5.9390927336, 17.2338814468, 0.23033677944]
    ],
    [
