{
  "Z_true": {},
  "V_true": [
    [554, 46, 78, 1074, 63],
    [901, 363, 331, 13159, 604],
    [151, 581, 9152, 885, 645],
    [29, 85, 320, 332, 488],
    [10, 729, 261, 221, 45],
    [74, 101, 243, 454, 566]
  ],
  "p_true": [
    [0.3052, 0.0253, 0.043, 0.5917, 0.0347],
    [0.0587, 0.0236, 0.0216, 0.8568, 0.0393],
    [0.0132, 0.0509, 0.8018, 0.0775, 0.0565],
    [0.0231, 0.0678, 0.2552, 0.2648, 0.3892],
    [0.0079, 0.5758, 0.2062, 0.1746, 0.0355],
    [0.0515, 0.0702, 0.169, 0.3157, 0.3936]
  ],
  "Z_est": [
    [
      [26.9596, 1.6554, 16.1236, 1.5548, 10.5836, 5.2128, 52.0549, 91.559, 36.3393, 11.4664, 9.8587, 13.9581, 7.3795, 20.1088, 28.5958, 9.3986, 17.4164, 11.3914, 23.5759, 22.0604, 4.2776, 10.2953, 4.0048, 23.3688, 61.5377, 56.4555, 12.7343, 1.2395, 20.2354, 5.5184, 15.9168, 16.6731, 5.1119, 9.846, 34.2441, 11.3258, 14.2993, 17.9048, 11.5562, 31.7367, 1.6383, 65.9771, 11.2311, 86.2195, 28.2657],
      [3.7305, 0.259, 1.8763, 0.1156, 1.4525, 0.5285, 4.8764, 9.4372, 6.096, 1.5913, 1.2122, 2.2797, 0.5784, 5.1826, 5.3913, 1.27, 2.7398, 1.7648, 3.4798, 2.7599, 0.4869, 1.5053, 0.3488, 2.9305, 11.3533, 15.5431, 1.7972, 0.0972, 2.097, 0.894, 3.2236, 2.529, 1.1081, 0.6988, 3.183, 2.4555, 1.4154, 3.0628, 1.1526, 6.0779, 0.4764, 15.0535, 0.7818, 5.7047, 2.5487],
      [1.3253, 0.0866, 0.9886, 0.0665, 0.7243, 0.1006, 0.9316, 1.4322, 2.634, 0.647, 0.6705, 0.5737, 0.1996, 2.3552, 2.821, 0.8098, 1.1157, 0.7139, 1.601, 1.2646, 0.1778, 0.8985, 0.5027, 1.1801, 2.657, 2.8292, 0.4288, 0.077, 0.8501, 0.2585, 1.1839, 0.7885, 0.5033, 0.3192, 2.0796, 0.7732, 0.9363, 1.1101, 1.4064, 2.3467, 0.2668, 6.1899, 0.3269, 2.5628, 1.6583],
      [15.1423, 1.2677, 6.0044, 0.8617, 5.2436, 2.8353, 29.5798, 59.5496, 13.5867, 4.1709, 4.5918, 7.1655, 3.2395, 12.255, 14.8902, 5.403, 10.4686, 6.1084, 15.6928, 12.088, 2.6518, 8.8901, 0.9031, 9.9797, 31.4511, 30.9964, 10.6515, 0.5205, 12.4047, 2.907, 9.5155, 12.3638, 4.4384, 5.8248, 18.6816, 10.1162, 6.2685, 10.6636, 7.8106, 20.2251, 2.3286, 51.1672, 3.8803, 29.5691, 14.4904],
      [2.8423, 0.7314, 1.0071, 0.4014, 0.9959, 0.3228, 4.5574, 11.0221, 2.344, 1.1243, 0.6668, 1.023, 0.603, 2.0984, 2.3016, 1.1187, 1.2596, 1.0215, 2.6505, 1.827, 0.406, 1.4107, 0.2406, 1.5408, 5.001, 4.1758, 2.3882, 0.0658, 2.4128, 0.4223, 1.1602, 1.6456, 0.8382, 1.3112, 2.8118, 1.3293, 1.0806, 1.2588, 2.0742, 3.6136, 0.2899, 8.6123, 0.7799, 4.9439, 1.0369]
    ],
    [
      [14.0326, 1.6757, 13.3136, 0.7403, 5.6079, 1.1629, 5.7909, 14.3069, 26.835, 11.5621, 7.2332, 11.8427, 5.3438, 7.861, 10.2667, 5.1011, 8.0323, 4.6221, 13.6232, 13.4088, 4.3054, 7.2832, 4.81, 10.0373, 22.4085, 20.4331, 1.0982, 1.1993, 17.5057, 6.2208, 11.3342, 15.6123, 5.2002, 9.6668, 22.2249, 8.5142, 10.4858, 9.7284, 5.4017, 19.9466, 1.0115, 18.8556, 8.1416, 46.7984, 7.0897],
      [11.0387, 1.7564, 9.0747, 0.3493, 4.4263, 0.7927, 2.8071, 7.4961, 25.1847, 9.4551, 5.1877, 11.235, 2.412, 11.4671, 11.0413, 3.8493, 7.1852, 4.0863, 11.4263, 9.5315, 2.7862, 5.8955, 2.6716, 7.3721, 21.8551, 24.4324, 0.8453, 0.5789, 9.4131, 6.0094, 12.7437, 13.898, 7.3042, 2.4731, 10.3546, 11.2724, 5.7836, 9.4139, 2.0105, 21.804, 2.4608, 25.1431, 3.4414, 18.2278, 3.3844],
      [3.1088, 1.1948, 3.8047, 0.2945, 1.9572, 0.1093, 3.3448, 6.4925, 8.651, 3.6446, 1.844, 5.8772, 0.8218, 3.606, 3.8519, 2.2488, 2.0635, 1.2598, 3.3305, 2.7491, 0.6907, 2.6314, 1.1156, 1.6952, 4.3932, 6.3171, 1.0158, 0.3299, 3.2836, 1.3744, 3.4497, 3.9767, 2.4274, 2.2593, 5.7557, 2.522, 2.9716, 2.0592, 3.1993, 6.2715, 0.8761, 7.9636, 0.9569, 6.8373, 2.3831],
      [366.3815, 73.81, 249.2551, 19.5845, 132.2619, 34.3563, 167.7898, 425.715, 483.7122, 229.1251, 163.3861, 305.9286, 116.5832, 226.2049, 251.8632, 141.1914, 225.4703, 115.2865, 421.8608, 340.4279, 139.5829, 314.3629, 87.4624, 203.3466, 542.2033, 519.4049, 53.4375, 28.4327, 552.058, 188.9193, 322.2302, 633.8105, 282.0988, 314.8498, 571.2743, 398.3482, 223.638, 270.1966, 169.9788, 608.6448, 95.8651, 712.9371, 145.4524, 795.6958, 175.3157],
      [51.4384, 22.5632, 29.5519, 6.0314, 18.7468, 2.5787, 17.2674, 54.9894, 60.6171, 40.2132, 17.349, 30.1165, 15.8391, 28.861, 28.9769, 21.6095, 20.2488, 14.7453, 53.7592, 38.8826, 14.6348, 36.827, 10.9405, 23.5489, 63.1398, 50.4125, 7.6031, 2.4592, 72.7397, 16.4761, 28.2422, 53.7026, 32.9695, 44.751, 63.3905, 36.3432, 28.1211, 23.602, 33.4097, 79.3331, 8.7865, 88.1005, 21.0078, 98.4408, 8.8271]
    ],
    [
      [6.9019, 0.4639, 3.2568, 0.4673, 3.7704, 0.4282, 4.7878, 13.2429, 6.1686, 2.2494, 1.7349, 5.3444, 2.2039, 5.2756, 4.7821, 2.9825, 5.1235, 2.848, 2.9194, 2.3268, 0.4616, 1.2189, 0.3871, 3.5494, 6.5416, 6.4782, 0.7651, 0.2214, 3.8403, 1.3879, 2.0856, 4.9104, 0.8079, 2.9313, 4.8206, 2.4962, 2.4368, 3.3948, 0.9047, 8.4097, 0.1878, 7.4002, 2.1697, 17.9821, 3.2741],
      [23.4247, 1.9519, 9.7147, 0.932, 12.7314, 1.1729, 10.0782, 30.9017, 25.5313, 7.9028, 5.3379, 21.8763, 4.4172, 33.9946, 22.2194, 9.7009, 19.6508, 10.7836, 10.5769, 7.166, 1.3405, 4.4553, 0.935, 11.2816, 29.3165, 40.1241, 2.8242, 0.4422, 9.6885, 5.7718, 10.2907, 18.8443, 4.7451, 4.9402, 10.5758, 14.028, 5.9168, 14.186, 1.8496, 39.8527, 1.949, 44.0851, 3.9836, 30.8868, 6.7337],
      [298.9327, 29.7259, 219.9015, 15.8552, 260.3381, 15.2239, 294.3155, 578.8443, 429.5581, 152.984, 114.6213, 492.5036, 81.3698, 536.5741, 421.5621, 258.6942, 271.3912, 152.0147, 179.5157, 122.8939, 20.2639, 103.9296, 23.8846, 161.8061, 254.5752, 281.0515, 116.2597, 17.583, 156.7341, 79.1729, 142.5393, 271.5894, 88.0417, 108.3679, 265.8585, 174.945, 154.1575, 186.1589, 98.9133, 630.5602, 41.7214, 703.1832, 64.6627, 493.1994, 202.1984],
      [24.6861, 3.4526, 8.3454, 2.0666, 11.6478, 1.698, 19.3838, 52.8926, 15.4489, 5.9578, 5.1705, 18.8704, 6.6013, 20.9156, 15.6527, 11.1052, 19.3299, 9.6027, 12.0044, 7.1158, 1.1305, 6.2558, 0.3523, 9.979, 21.9255, 24.0324, 5.9346, 0.54, 16.4136, 5.7607, 7.4416, 27.9064, 4.8452, 13.6059, 16.5766, 16.0513, 7.0672, 13.0868, 4.6606, 35.6393, 2.2917, 41.5294, 5.2982, 43.1333, 11.6523],
      [13.0547, 3.4057, 3.7815, 1.6789, 6.5122, 0.477, 7.4347, 26.1186, 7.2931, 3.906, 2.1355, 6.4053, 3.4078, 10.2401, 6.7837, 6.5172, 6.5046, 4.751, 5.9836, 3.4976, 0.8034, 3.1404, 0.441, 4.3839, 9.6412, 8.3139, 3.2164, 0.2133, 8.3235, 1.9066, 2.6428, 8.7495, 2.5602, 7.1547, 7.1685, 5.4794, 3.4217, 4.1735, 2.6718, 17.5381, 0.8502, 18.8022, 2.8858, 19.7983, 1.1415]
    ],
    [
      [0.3873, 0.0321, 0.3055, 0.0151, 0.1555, 0, 0.0873, 0.4479, 0.8039, 0.2395, 0.1462, 0.2266, 0.0603, 0.2099, 0.2161, 0.1168, 0.1683, 0.152, 0.2307, 0.223, 0.0374, 0.115, 0.1263, 0.32, 0.4117, 0.3752, 0.0406, 0.0281, 0.4918, 0.1503, 0.3697, 0.2989, 0.1607, 0.1902, 0.8598, 0.2246, 0.3396, 0.1862, 0.0689, 0.5652, 0.0329, 0.5622, 0.1908, 0.7245, 0.1251],
      [2.9416, 0.2973, 2.016, 0.0645, 1.1922, 0, 0.5198, 2.3314, 7.5075, 1.9037, 1.0091, 2.0999, 0.2758, 2.9797, 2.2303, 0.8773, 1.4549, 1.2994, 1.8642, 1.5333, 0.2356, 0.9393, 0.6689, 2.2543, 4.2406, 5.6986, 0.327, 0.1399, 2.8448, 1.426, 4.1253, 2.6081, 2.1269, 0.7607, 4.351, 2.8224, 1.8768, 1.7558, 0.3604, 5.9928, 0.6571, 7.14, 0.7745, 2.8062, 0.6316],
      [1.6445, 0.207, 2.0023, 0.0721, 1.1862, 0, 0.3519, 2.3834, 4.834, 1.6216, 0.9539, 1.9351, 0.1094, 2.0844, 1.7488, 1.0443, 0.8638, 0.8607, 1.3015, 1.0857, 0.1253, 0.8773, 0.7145, 1.296, 1.4765, 1.5599, 0.8058, 0.2458, 1.8973, 0.8359, 2.2682, 1.5711, 1.6122, 0.6775, 3.8928, 1.487, 1.8642, 0.9479, 0.5878, 3.9517, 0.5797, 4.9457, 0.5405, 1.4253, 0.6888],
      [32.4285, 4.6379, 18.4834, 1.3456, 11.7912, 0, 9.078, 41.4499, 45.9734, 15.4807, 10.7543, 18.8467, 3.9659, 19.2541, 16.8462, 10.3671, 15.1352, 12.1378, 22.6794, 18.071, 3.1949, 15.2517, 7.5598, 20.7121, 32.0857, 31.2775, 5.9736, 2.3912, 50.0564, 15.2496, 33.1869, 39.1337, 26.9007, 20.4216, 67.9341, 33.3904, 22.9762, 16.6262, 6.5699, 55.2376, 8.9196, 67.0322, 10.9308, 38.1327, 9.9947],
      [4.5981, 1.8257, 2.1927, 0.5027, 1.675, 0, 0.963, 5.3875, 5.8811, 2.7544, 1.1365, 1.8917, 0.5886, 2.472, 1.9586, 1.5945, 1.3778, 1.5501, 2.9241, 2.087, 0.4068, 1.8167, 0.9305, 2.4176, 3.7855, 3.0887, 0.8529, 0.195, 6.7097, 1.3383, 3.05, 3.3881, 3.1995, 2.95, 7.9623, 3.0756, 2.9432, 1.4838, 1.413, 7.2528, 0.8107, 8.3199, 1.5634, 4.9113, 0.5599]
    ],
    [
      [0.6561, 0.0541, 0.6665, 0.0938, 0.3872, 0.0734, 0.3702, 1.1839, 1.1889, 0.4587, 0.3092, 0.5749, 0.2745, 0.4987, 0.6678, 0.3489, 0.4668, 0.5877, 0.5042, 0.5503, 0.2733, 0.3424, 0.1077, 0.4551, 1.1584, 0.7189, 0.0655, 0.0889, 0.4614, 0.2582, 0.6394, 0.8716, 0.172, 0.3793, 1.0726, 0.4535, 0.5744, 0.5981, 0.4687, 1.1491, 0.0415, 1.8817, 0.3649, 3.1269, 0.4832],
      [13.7251, 1.4427, 12.015, 1.382, 8.1955, 1.3106, 5.4639, 17.6025, 30.1528, 9.9356, 5.9392, 14.5201, 3.4433, 19.448, 19.0665, 7.2178, 11.1507, 14.1624, 11.1991, 10.4069, 5.0447, 7.6185, 1.5996, 8.8148, 32.3116, 30.0402, 1.5582, 1.4381, 7.2425, 6.7485, 19.7147, 20.4382, 5.9269, 4.1077, 14.8239, 15.2512, 8.7479, 15.6066, 6.7965, 33.1568, 2.0571, 65.5262, 4.0692, 31.4289, 6.6874],
      [5.6916, 0.68, 8.9407, 0.6181, 5.5666, 0.4937, 4.7659, 10.7162, 16.5391, 6.3555, 4.1681, 10.6456, 2.0485, 9.7302, 11.9589, 6.2061, 5.0487, 6.0129, 6.2414, 5.8586, 2.3429, 5.7278, 1.2876, 4.1203, 9.1358, 6.4472, 1.7321, 1.4774, 3.73, 2.9939, 8.8595, 9.7041, 3.5698, 2.8135, 12.0271, 6.2483, 7.3294, 6.6926, 9.8258, 17.4274, 1.3806, 33.3755, 2.1133, 16.4856, 6.318],
      [6.7739, 0.9889, 5.0684, 1.0346, 3.6988, 0.9825, 4.3871, 14.3866, 8.7391, 3.8091, 2.9199, 5.9477, 2.5119, 5.6981, 6.6306, 3.9131, 5.2766, 5.5598, 6.291, 5.7635, 3.5008, 5.8314, 0.7886, 3.6683, 11.4909, 7.1466, 1.2416, 0.8217, 4.851, 3.3729, 7.334, 14.3147, 3.4383, 5.0925, 11.3434, 8.381, 4.9801, 6.789, 4.288, 14.2122, 1.2758, 26.5324, 2.642, 20.4103, 4.9329],
      [2.1532, 0.8343, 1.3095, 0.8714, 1.1518, 0.1399, 1.0129, 4.1108, 2.3802, 1.4411, 0.6636, 1.3117, 0.7218, 1.6249, 1.6762, 1.314, 1.0572, 1.6771, 1.7643, 1.4207, 0.8383, 1.4798, 0.2165, 0.9415, 2.9033, 1.6471, 0.4025, 0.1739, 1.7152, 0.6265, 1.4524, 2.6714, 0.893, 1.607, 2.7329, 1.6659, 1.3683, 1.3138, 2.6211, 4.0546, 0.2449, 7.6841, 0.8105, 5.5482, 0.5785]
    ],
    [
      [1.0625, 0.1188, 1.334, 0.1287, 0.4954, 0.1226, 0.9089, 2.2594, 2.6642, 2.0239, 0.7178, 2.0534, 0.738, 1.046, 1.4715, 1.0522, 0.7927, 0.3989, 1.1466, 1.4308, 0.6448, 0.7451, 0.5642, 1.2694, 2.9422, 2.5392, 0.2962, 0.2228, 2.4654, 0.4644, 1.6544, 1.6337, 0.5473, 0.9864, 2.7781, 0.9856, 0.8642, 1.1878, 0.5999, 2.1928, 0.0881, 3.3232, 0.9019, 6.1486, 0.7622],
      [2.1394, 0.2928, 2.3032, 0.1566, 1.0021, 0.1953, 1.2545, 3.2311, 6.5277, 4.2115, 1.3139, 4.989, 0.8733, 3.9279, 4.0511, 2.0847, 1.8185, 0.9034, 2.4537, 2.6024, 1.1061, 1.5861, 0.776, 2.3467, 7.9228, 10.1617, 0.6481, 0.3037, 3.7141, 1.1503, 4.9021, 3.6823, 1.7888, 1.0196, 3.7116, 3.1705, 1.2597, 2.975, 0.8305, 6.1158, 0.3995, 11.0521, 0.9495, 5.9456, 1.0142],
      [0.2971, 0.1058, 1.3622, 0.0936, 0.2277, 0.0725, 1.2904, 2.1314, 2.7838, 1.7473, 0.7423, 2.4648, 0.4509, 1.6501, 2.0573, 0.9968, 0.5172, 0.1379, 1.0099, 1.148, 0.3994, 0.9354, 0.4951, 0.9023, 1.7623, 1.795, 0.7576, 0.2868, 1.505, 0.3644, 1.6993, 1.3703, 0.8456, 0.5625, 2.3862, 1.0245, 0.741, 1.0313, 1.0674, 2.4425, 0.1754, 4.342, 0.3997, 2.4896, 0.7534],
      [14.5878, 2.8429, 13.8433, 2.107, 6.3567, 2.1279, 14.7815, 38.0064, 26.5398, 21.4563, 9.1774, 29.241, 9.0982, 16.6724, 20.1171, 16.0203, 12.3195, 5.3047, 19.4716, 20.5337, 11.9391, 17.4081, 5.9339, 14.3143, 39.8435, 37.1421, 7.7612, 3.2938, 43.2163, 7.7906, 26.2918, 36.4709, 15.2786, 18.2055, 40.1901, 24.7129, 10.07, 18.6378, 10.6921, 37.041, 3.3192, 67.8016, 8.7963, 55.0587, 10.614],
      [6.9132, 3.6397, 5.1573, 2.5142, 2.9183, 0.4817, 4.7647, 15.3717, 10.4845, 12.5609, 3.0486, 9.2518, 3.8397, 6.7036, 7.3031, 7.846, 3.5521, 2.255, 7.9183, 7.285, 3.9106, 6.3253, 2.2308, 5.1673, 14.5292, 11.362, 3.5369, 0.8928, 18.0992, 2.2303, 7.4524, 9.8428, 5.5398, 8.226, 13.9339, 7.1065, 4.0652, 5.1681, 6.8101, 15.2078, 1.0178, 26.481, 3.9526, 21.3576, 1.8561]
    ]
  ],
  "V_est": [
    [978.8666, 143.1468, 53.3733, 548.8446, 90.7688],
    [477.6759, 381.3778, 137.011, 12839.7407, 1522.1947],
    [166.3415, 589.1123, 9768.1775, 615.058, 275.3107],
    [11.2196, 91.9628, 63.1652, 969.8662, 117.7862],
    [26.1223, 574.5358, 311.4521, 279.0616, 74.8281],
    [58.7741, 124.8645, 51.821, 872.429, 330.1115]
  ],
  "p_est": [
    [0.5393, 0.0789, 0.0294, 0.3024, 0.05],
    [0.0311, 0.0248, 0.0089, 0.836, 0.0991],
    [0.0146, 0.0516, 0.8558, 0.0539, 0.0241],
    [0.0089, 0.0733, 0.0504, 0.7734, 0.0939],
    [0.0206, 0.4538, 0.246, 0.2204, 0.0591],
    [0.0409, 0.0868, 0.036, 0.6067, 0.2296]
  ],
  "EI_Z": {},
  "EI_V": 10.3474,
  "MAE_Z": {},
  "MAE_V": 224.5048,
  "MAE_p": 0.0909,
  "runtime": 0.221
}
