{
  "Z_true": {},
  "V_true": [
    [11, 589, 182, 205],
    [318, 65, 826, 21],
    [325, 125, 11949, 436],
    [211, 9848, 1895, 1072],
    [49, 199, 874, 191],
    [89, 335, 733, 729]
  ],
  "p_true": [
    [0.0111, 0.5968, 0.1844, 0.2077],
    [0.2585, 0.0528, 0.6715, 0.0171],
    [0.0253, 0.0097, 0.931, 0.034],
    [0.0162, 0.756, 0.1455, 0.0823],
    [0.0373, 0.1516, 0.6657, 0.1455],
    [0.0472, 0.1776, 0.3887, 0.3865]
  ],
  "Z_est": [
    [
      [0.03, 0.343, 0.5664, 0.0696, 0.1517, 0.1224, 0.3032, 0.028, 0.1533, 0.0491, 0.4004, 0.6418, 0.8485, 0.2704, 0.4269, 0, 0.4097, 0.1097, 0.2254, 0.4787, 0.4964, 0.2214, 0.4105, 0.4482, 0.4721, 0.3346, 0.1217, 0.0503, 0.223, 0.0265, 0.9083, 0.085, 1.7887, 0.1162],
      [1.7229, 17.7564, 26.339, 3.7142, 9.8031, 7.6649, 22.5589, 1.6261, 5.9057, 2.7211, 18.0844, 24.561, 37.4082, 9.2068, 21.1876, 0.6992, 25.1084, 5.6892, 13.4639, 18.9797, 18.1947, 8.7801, 30.34, 30.0954, 26.5469, 19.9908, 4.8968, 3.9305, 13.1993, 2.0137, 43.2898, 2.4889, 39.6174, 4.3145],
      [1.1488, 15.4415, 26.2321, 3.0159, 8.2284, 6.6706, 18.2712, 1.2954, 7.5548, 3.9045, 14.6229, 20.5254, 24.9176, 7.5196, 13.9146, 1.1839, 13.0864, 3.8362, 9.7467, 18.2309, 15.8602, 9.0901, 20.6748, 24.1351, 21.9076, 19.0212, 2.6036, 2.7923, 8.1674, 1.7633, 29.6523, 2.1582, 32.4146, 2.3469],
      [0.0983, 1.4591, 1.8625, 0.2003, 0.8168, 0.5421, 1.8667, 0.0504, 0.3861, 0.3253, 1.8923, 2.2718, 2.8257, 1.0032, 1.4709, 0.117, 1.3956, 0.365, 1.5639, 1.3107, 1.4487, 0.9084, 1.5747, 2.3213, 2.0734, 1.6534, 0.3779, 0.2269, 1.4103, 0.1965, 3.1496, 0.2679, 4.1793, 0.2225]
    ],
    [
      [1.4122, 8.3921, 12.7278, 2.6514, 5.5736, 1.6811, 7.5172, 0.6299, 1.2852, 1.6567, 9.1889, 11.3235, 17.6701, 6.1027, 8.5508, 0, 9.1775, 1.2486, 7.7049, 18.6497, 23.159, 10.4919, 15.5482, 9.0715, 14.3605, 10.8023, 4.767, 1.5902, 5.3756, 1.4252, 18.258, 4.2998, 43.7498, 10.615],
      [1.3787, 7.6557, 10.4637, 2.4484, 6.2639, 1.8264, 9.616, 0.6237, 0.8703, 1.5652, 7.3234, 7.6372, 13.7386, 3.6277, 7.4824, 0.2226, 9.9374, 1.1247, 8.0567, 13.0965, 14.9354, 7.3277, 20.1788, 10.6086, 14.2146, 11.2714, 3.2383, 2.1377, 5.5946, 1.8785, 15.3899, 2.1702, 16.7921, 6.7265],
      [3.1826, 22.7495, 35.5788, 6.8588, 17.9914, 5.4507, 26.6094, 1.7426, 3.8274, 7.7154, 20.2456, 21.8122, 31.2572, 10.1442, 16.7992, 0.77, 17.7064, 2.6034, 19.958, 42.9848, 44.5138, 25.933, 46.9509, 29.0563, 40.0667, 36.6246, 5.9113, 5.2314, 11.8459, 5.637, 35.9926, 6.4545, 46.8879, 12.5333],
      [0.0265, 0.2027, 0.2297, 0.0414, 0.171, 0.0418, 0.2575, 0.0038, 0.017, 0.0626, 0.2421, 0.227, 0.334, 0.1255, 0.1676, 0.0074, 0.1788, 0.0233, 0.2804, 0.2689, 0.3918, 0.2474, 0.3221, 0.2637, 0.3583, 0.3017, 0.0834, 0.0407, 0.1839, 0.0593, 0.3595, 0.0754, 0.5703, 0.1253]
    ],
    [
      [3.1688, 17.1209, 17.5392, 2.997, 6.0825, 4.7492, 11.3062, 1.3703, 4.1134, 2.2337, 16.2318, 23.373, 27.3175, 11.9961, 17.8112, 0, 11.8123, 5.7815, 4.6123, 11.1795, 13.48, 10.7426, 19.0964, 15.5345, 16.7383, 10.2626, 3.6603, 2.6488, 4.7164, 3.9471, 30.4035, 10.016, 72.0238, 5.4677],
      [4.3495, 23.9828, 22.5065, 3.9799, 11.0648, 8.1283, 25.8384, 1.7822, 4.3378, 4.6066, 19.4952, 23.8746, 32.6043, 10.9571, 23.5864, 0.2998, 19.8189, 7.6901, 7.5212, 11.9144, 13.2075, 11.3294, 39.5657, 29.7211, 25.6652, 17.5114, 4.0213, 5.5513, 7.6285, 10.1606, 39.0072, 7.9282, 50.2874, 5.7801],
      [74.6032, 516.7436, 540.0056, 81.7661, 230.6854, 175.7055, 514.5731, 35.4329, 126.622, 162.2157, 390.7079, 496.4808, 535.0641, 222.3376, 383.6442, 33.5635, 249.338, 130.5682, 133.35, 280.0734, 286.83, 289.5817, 661.5919, 588.1949, 524.4732, 405.5175, 52.0224, 99.7209, 114.2606, 219.5138, 659.9151, 172.1235, 983.4961, 75.9159],
      [8.8786, 66.1527, 50.9487, 7.257, 31.1673, 19.417, 71.2823, 1.4146, 7.9268, 18.9441, 67.5651, 74.2715, 82.0141, 39.7092, 54.9582, 5.1367, 36.0309, 16.9602, 28.5165, 26.8327, 35.4825, 39.3463, 66.7461, 76.5495, 67.1234, 47.7085, 10.2959, 11.079, 26.3945, 33.3786, 94.6742, 28.9323, 170.1927, 9.8363]
    ],
    [
      [0.5926, 3.6179, 5.8748, 0.7555, 1.3467, 0.9019, 1.5162, 0.4033, 0.9557, 0.3289, 3.27, 4.8112, 6.798, 2.7208, 4.0495, 0, 3.9049, 1.4665, 1.7041, 3.5095, 3.7302, 3.432, 4.0703, 3.1232, 4.4348, 3.0891, 1.5313, 0.4815, 2.1706, 0.4447, 9.9337, 2.0358, 11.4894, 1.1499],
      [48.3148, 344.6756, 485.3386, 58.801, 200.3661, 108.602, 349.4607, 24.5258, 57.5536, 53.7825, 256.1689, 328.4072, 543.7951, 166.6782, 347.7067, 7.5033, 394.2135, 118.8813, 184.6749, 234.5864, 245.5534, 233.2874, 661.7889, 500.3363, 481.0466, 441.9877, 112.345, 73.3419, 207.2005, 119.2941, 837.2245, 112.8253, 754.1158, 110.3917],
      [14.7271, 139.6467, 225.3947, 22.0724, 78.3623, 43.9196, 132.5316, 9.071, 34.1809, 35.8068, 96.7656, 127.8979, 168.5105, 63.5845, 106.036, 5.8478, 93.5716, 37.0012, 62.9499, 105.0147, 99.6577, 112.036, 212.161, 187.6223, 185.1738, 195.9224, 26.869, 24.1431, 59.855, 48.8, 266.8409, 45.5746, 292.9719, 27.5824],
      [1.3655, 13.0598, 14.3919, 1.3711, 7.9249, 3.5764, 13.4915, 0, 1.3098, 3.0819, 11.7954, 13.8838, 18.8965, 8.0165, 11.2078, 0.6488, 10.31, 3.6509, 8.6711, 6.8895, 9.0587, 11.2446, 13.9797, 17.9181, 17.3448, 17.0008, 4.2548, 2.0335, 8.7739, 5.4612, 28.0009, 5.5643, 36.4229, 2.8759]
    ],
    [
      [0.0021, 0, 0.0022, 0.0004, 0, 0, 0, 0.0007, 0.0003, 0, 0.0017, 0.0013, 0.0005, 0.0003, 0.0019, 0, 0.0036, 0.0041, 0.0001, 0.0056, 0.0008, 0.0024, 0, 0, 0, 0, 0.0001, 0, 0.0014, 0, 0.003, 0, 0, 0],
      [3.2505, 22.48, 26.8806, 1.4417, 8.4855, 9.6675, 23.5193, 0.7258, 1.0556, 1.4512, 13.0359, 17.7367, 29.393, 6.1127, 17.2874, 0.6188, 21.548, 8.9034, 6.9781, 15.8715, 14.155, 11.6797, 42.3376, 26.2337, 28.6259, 14.3368, 3.6975, 1.9595, 8.0811, 13.7295, 42.9749, 7.9503, 27.6695, 3.6573],
      [4.7275, 42.337, 57.9483, 2.5505, 15.4433, 18.2627, 41.285, 1.2725, 2.938, 4.5311, 22.8333, 32.1016, 42.3885, 10.8234, 24.5921, 2.3666, 24.3289, 13.0332, 10.9479, 33.0255, 26.7322, 26.1971, 62.4711, 45.5655, 51.153, 29.5461, 4.2737, 3.0292, 10.8393, 26.1296, 63.7155, 14.9652, 49.045, 4.3234],
      [0.0199, 0.1831, 0.1688, 0.0074, 0.0712, 0.0698, 0.1957, 0.001, 0.0061, 0.0176, 0.1291, 0.1605, 0.218, 0.0637, 0.1186, 0.0146, 0.1196, 0.0592, 0.0738, 0.0975, 0.112, 0.1208, 0.1913, 0.2008, 0.2212, 0.117, 0.0287, 0.0113, 0.0783, 0.1409, 0.3066, 0.0845, 0.2855, 0.0193]
    ],
    [
      [0.7943, 6.5261, 6.2897, 0.526, 2.8455, 1.5454, 4.3573, 0.5677, 1.492, 0.7317, 5.9072, 6.8493, 11.3653, 5.9097, 6.1597, 0, 4.6921, 2.3897, 1.7533, 5.177, 6.1337, 4.1096, 7.8747, 6.8226, 7.9944, 4.5114, 0.9196, 1.2292, 2.513, 1.1565, 11.4935, 2.5634, 29.9484, 2.6512],
      [0.9836, 7.4494, 6.4716, 0.6149, 4.0165, 2.1109, 7.0068, 0.7164, 1.277, 0.8734, 5.8923, 5.7833, 11.0608, 4.4175, 6.7494, 0.6564, 6.3739, 2.7114, 2.3051, 4.5515, 4.954, 3.5958, 12.789, 10.0049, 9.9009, 5.9019, 0.8012, 2.0792, 3.2961, 1.9236, 12.1137, 1.6371, 14.5178, 2.1299],
      [3.6109, 35.0818, 34.8404, 2.7363, 18.2893, 9.9908, 30.7297, 3.1857, 8.8769, 6.8265, 25.8246, 26.182, 39.8621, 19.5908, 24.014, 4.2682, 17.9688, 9.9577, 9.0474, 23.6708, 23.4061, 20.162, 47.1503, 43.4258, 44.2258, 30.3681, 2.32, 8.083, 11.0318, 9.1563, 44.8837, 7.724, 64.1845, 6.2981],
      [3.6112, 37.9427, 28.3984, 2.1227, 20.8488, 9.3528, 35.9062, 1.5301, 5.3541, 6.5685, 38.3759, 33.1854, 51.7117, 30.0819, 29.0769, 5.0754, 21.9653, 10.9412, 16.8942, 19.6007, 24.5063, 23.1326, 41.186, 47.7466, 47.879, 30.2186, 3.9593, 7.6086, 22.1591, 11.7635, 54.5091, 11.0755, 94.3493, 6.9207]
    ]
  ],
  "V_est": [
    [11.331, 521.8994, 411.935, 41.8346],
    [306.6579, 247.4234, 669.6269, 6.2919],
    [419.5342, 535.7035, 10446.6381, 1433.1243],
    [99.6444, 9204.7754, 3388.1028, 333.4773],
    [0.0324, 483.5313, 825.7228, 3.7134],
    [165.8001, 167.667, 716.9744, 835.5585]
  ],
  "p_est": [
    [0.0115, 0.5288, 0.4174, 0.0424],
    [0.2493, 0.2012, 0.5444, 0.0051],
    [0.0327, 0.0417, 0.8139, 0.1117],
    [0.0076, 0.7066, 0.2601, 0.0256],
    [0, 0.3683, 0.6289, 0.0028],
    [0.0879, 0.0889, 0.3802, 0.443]
  ],
  "EI_Z": {},
  "EI_V": 12.3926,
  "MAE_Z": {},
  "MAE_V": 323.0037,
  "MAE_p": 0.0773,
  "runtime": 0.074
}
