{
  "Z_true": {},
  "V_true": [
    [1992, 2442, 1050, 111],
    [670, 7306, 1187, 392],
    [339, 445, 14607, 537],
    [119, 735, 438, 609],
    [156, 344, 1078, 688]
  ],
  "p_true": [
    [0.356, 0.4365, 0.1877, 0.0198],
    [0.0701, 0.7646, 0.1242, 0.041],
    [0.0213, 0.0279, 0.9171, 0.0337],
    [0.0626, 0.3866, 0.2304, 0.3204],
    [0.0688, 0.1518, 0.4757, 0.3036]
  ],
  "Z_est": [
    [
      [7.3203, 111.2681, 39.5295, 27.329, 49.3073, 83.4511, 110.2921, 163.486, 125.9086, 175.2779, 44.8977, 66.4532, 69.2986, 125.9086, 61.9783, 19.5207, 65.3944, 96.6276, 54.658, 35.1373, 101.5077, 83.9391, 65.3944, 45.3857, 35.1373, 103.4598, 37.1555, 70.2746, 5, 313.3076, 57.0981, 212.7758, 46.5961],
      [7.4603, 113.3967, 40.2857, 27.8518, 33.464, 85.0475, 112.4019, 166.6135, 128.3173, 238.2467, 45.7565, 68.6905, 70.6242, 128.3173, 63.1639, 19.8941, 66.6454, 98.476, 55.7036, 35.8095, 103.4496, 85.5448, 66.6454, 46.2539, 35.8095, 105.439, 47.503, 71.6189, 5.4709, 319.3011, 58.1904, 216.8462, 32.6123],
      [0.2032, 3.0893, 1.0975, 0.7588, 1.1382, 2.317, 3.0622, 4.5392, 3.4958, 5.7013, 1.2466, 1.8563, 1.9241, 3.4958, 1.7208, 0.542, 1.8157, 2.6829, 1.5176, 0.9756, 2.8184, 2.3306, 1.8157, 1.2601, 0.9756, 2.8726, 1.8558, 2.1065, 0.5172, 8.6989, 1.5853, 5.9077, 1.6742],
      [0.0162, 0.2459, 0.0874, 0.0604, 0.0906, 0.1844, 0.2437, 0.3613, 0.2782, 0.7741, 0.0992, 0, 0.1531, 0.2782, 0.137, 0.0431, 0.1445, 0.2135, 0.1208, 0.0777, 0.2243, 0.1855, 0.1445, 0.1003, 0.0777, 0.2286, 0.4857, 0, 0.0119, 0.6924, 0.1262, 0.4702, 0.1174]
    ],
    [
      [2.061, 5.7319, 9.0551, 3.5083, 3.8401, 11.8522, 12.4806, 12.514, 12.0419, 19.7221, 20.0623, 5.5468, 14.9874, 38.1972, 2.0217, 8.9361, 17.3042, 10.3724, 9.342, 6.8627, 16.4923, 24.3208, 15.6056, 5.2257, 5.9844, 31.542, 2.8445, 12.1367, 0, 35.6924, 15.3422, 64.7618, 2.3704],
      [16.9202, 249.7739, 140.9845, 61.817, 67.6645, 208.8411, 192.0892, 319.4245, 212.1825, 347.5115, 221.8941, 99.8025, 170.9902, 534.8295, 138.6705, 61.6857, 304.908, 360.7858, 221.3985, 161.151, 493.7003, 428.5419, 406.36, 211.7936, 66.403, 315.0305, 50.1219, 210.4832, 10.2004, 1139.2786, 96.77, 366.101, 41.7682],
      [1.1862, 28.3989, 20.1282, 4.1799, 4.5753, 14.1213, 12.8786, 21.069, 14.3472, 23.4978, 6.0539, 6.6088, 11.4665, 0, 21.6238, 4.5188, 20.6171, 30.7737, 28.6907, 20.0765, 44.9092, 28.9769, 26.9999, 18.151, 4.6318, 26.3131, 3.3891, 33.3802, 2.1278, 75.1818, 7.1736, 37.3025, 2.8243],
      [0.8326, 15.0953, 20.8322, 4.4949, 4.9201, 15.1854, 10.5516, 19.9926, 15.4284, 25.2685, 2.9897, 5.0419, 5.5559, 45.9733, 3.6841, 4.8593, 22.1707, 40.0681, 12.5689, 9.9098, 35.8983, 31.1605, 29.0345, 14.8297, 4.9808, 24.1144, 3.6445, 0, 2.6718, 80.8472, 7.7142, 36.8347, 3.0371]
    ],
    [
      [2.6188, 0, 8.4154, 12.1627, 6.8526, 6.6967, 13.2273, 0, 1.0495, 0, 1.0401, 0, 1.7141, 1.8942, 0, 2.5431, 2.3013, 0, 0, 0, 0, 15.7401, 0, 1.3887, 7.8783, 2.9981, 0, 0.5887, 0, 0, 11.5597, 4.4624, 2.0335],
      [0, 4.0024, 0, 9.318, 0, 12.3816, 5.4429, 20.812, 7.9961, 7.021, 2.3938, 5.7195, 6.9654, 41.2255, 3.5066, 0, 9.0578, 0, 0, 0, 9.4217, 18.3168, 35.8891, 3.1962, 0, 0, 1.6717, 0, 0.1739, 42.3689, 0, 0, 0],
      [69.3812, 565.9976, 505.1558, 82.5603, 355.3865, 272.0916, 388.3297, 542.188, 421.9258, 509.4371, 173.6938, 141.2805, 286.3205, 279.4704, 733.4934, 208.0495, 595.5929, 860.7061, 534, 332, 904.7495, 739.5513, 719.5299, 231.9152, 153.5527, 506.106, 121.2946, 454.4113, 12.6902, 2612.7952, 214.4186, 755.5044, 102.8578],
      [0, 0, 5.4287, 0.9589, 5.7609, 1.8301, 0, 0, 4.0286, 8.5419, 1.8723, 0, 0, 3.4099, 0, 1.4073, 21.048, 26.2939, 0, 0, 2.8288, 1.3918, 5.581, 2.4999, 2.569, 6.8959, 2.0338, 0, 0.136, 66.8358, 7.0216, 8.0332, 1.1088]
    ],
    [
      [0, 0, 0, 0, 0, 0, 0, 0, 0, 0, 0, 0, 0, 0, 0, 0, 0, 0, 0, 0, 0, 0, 0, 0, 0, 0, 0, 0, 0, 0, 0, 0, 0],
      [0.6194, 8.8271, 5.7299, 2.0132, 3.8715, 5.7299, 10.066, 11.15, 6.5042, 10.2208, 4.9556, 2.7875, 5.4201, 13.6278, 6.659, 5.4201, 12.3889, 18.7382, 7.8979, 6.0396, 18.4285, 20.5965, 16.1055, 9.7562, 2.7875, 10.5305, 1.7035, 7.8979, 0.1549, 43.0513, 6.0396, 8.0528, 0.6194],
      [2.0962, 29.8715, 19.3903, 6.8128, 13.1015, 19.3903, 34.064, 37.7324, 22.0106, 34.5881, 16.77, 9.4331, 18.3422, 46.1174, 22.5346, 18.3422, 41.9249, 63.4115, 26.7271, 20.4384, 62.3633, 69.7002, 54.5024, 33.0159, 9.4331, 35.6362, 5.7647, 26.7271, 0.5241, 145.6891, 20.4384, 27.2512, 2.0962],
      [1.2843, 18.3014, 11.8799, 4.174, 8.0269, 11.8799, 20.87, 23.1176, 13.4853, 21.1911, 10.2745, 5.7794, 11.2377, 28.2548, 13.8063, 11.2377, 25.6862, 38.8504, 16.375, 12.522, 38.2082, 42.7033, 33.3921, 20.2279, 5.7794, 21.8333, 3.5319, 16.375, 0.3211, 89.2595, 12.522, 16.696, 1.2843]
    ],
    [
      [0, 0, 0, 0, 0, 0, 0, 0, 0, 0, 0, 0, 0, 0, 0, 0, 0, 0, 0, 0, 0, 0, 0, 0, 0, 0, 0, 0, 0, 0, 0, 0, 0],
      [0, 0, 0, 0, 0, 0, 0, 0, 0, 0, 0, 0, 0, 0, 0, 0, 0, 0, 0, 0, 0, 0, 0, 0, 0, 0, 0, 0, 0, 0, 0, 0, 0],
      [5.1331, 37.6426, 30.2281, 13.6882, 30.7985, 33.0798, 25.6654, 52.4715, 34.2205, 42.7756, 26.2357, 18.8213, 27.9468, 43.9163, 45.6274, 12.5475, 49.0494, 76.4258, 41.0646, 32.5095, 66.1597, 68.441, 70.1521, 29.6578, 11.4068, 37.0722, 9.6958, 35.375, 1.1407, 191.6349, 23.384, 57.0342, 12.5475],
      [3.8669, 28.3574, 22.7719, 10.3118, 23.2015, 24.9202, 19.3346, 39.5285, 25.7795, 32.2244, 19.7643, 14.1787, 21.0532, 33.0837, 34.3726, 9.4525, 36.9506, 57.5742, 30.9354, 24.4905, 49.8403, 51.559, 52.8479, 22.3422, 8.5932, 27.9278, 7.3042, 24.625, 0.8593, 144.3651, 17.616, 42.9658, 9.4525]
    ]
  ],
  "V_est": [
    [2710.0758, 2800.8516, 77.5985, 6.474],
    [458.7587, 7929.877, 606.1735, 560.1909],
    [107.1655, 246.8808, 15386.4377, 187.5161],
    [0, 294.3907, 996.241, 610.3683],
    [0, 0, 1293.5492, 972.4508]
  ],
  "p_est": [
    [0.4844, 0.5006, 0.0139, 0.0012],
    [0.048, 0.8299, 0.0634, 0.0586],
    [0.0067, 0.0155, 0.966, 0.0118],
    [0, 0.1549, 0.5241, 0.3211],
    [0, 0, 0.5709, 0.4291]
  ],
  "EI_Z": {},
  "EI_V": 10.5208,
  "MAE_Z": {},
  "MAE_V": 370.8042,
  "MAE_p": 0.0839,
  "runtime": 1.4261
}
