{
  "X": [
    [48, 533, 310, 64],
    [24, 245, 206, 26],
    [3, 11, 59, 3],
    [6, 32, 92, 5],
    [15, 67, 188, 20],
    [9, 199, 25, 28],
    [10, 107, 83, 20],
    [9, 34, 54, 7],
    [2, 21, 64, 4],
    [11, 382, 112, 60],
    [12, 226, 132, 34],
    [10, 203, 88, 28],
    [8, 88, 10, 16],
    [11, 402, 139, 60],
    [0, 14, 51, 4],
    [27, 543, 646, 80],
    [25, 301, 197, 32],
    [28, 442, 358, 33],
    [16, 325, 167, 40],
    [5, 114, 318, 13],
    [27, 260, 654, 19],
    [34, 459, 1142, 49],
    [36, 422, 465, 61],
    [23, 277, 510, 32],
    [35, 286, 685, 32],
    [12, 118, 244, 15],
    [4, 10, 60, 4],
    [36, 397, 318, 47],
    [66, 872, 807, 124],
    [12, 76, 223, 12],
    [27, 280, 249, 38],
    [38, 700, 494, 70],
    [6, 57, 159, 15],
    [10, 53, 151, 12],
    [26, 138, 167, 34],
    [3, 45, 97, 17],
    [11, 179, 150, 18],
    [19, 234, 170, 22],
    [30, 321, 438, 55],
    [3, 123, 78, 20],
    [0, 24, 94, 2],
    [4, 56, 202, 19],
    [7, 30, 150, 13],
    [7, 54, 69, 5],
    [4, 22, 96, 12],
    [10, 355, 194, 44],
    [24, 606, 525, 68],
    [2, 19, 89, 5],
    [3, 6, 60, 6],
    [11, 148, 219, 23],
    [0, 18, 14, 1],
    [7, 64, 129, 4],
    [7, 66, 266, 7],
    [14, 55, 137, 9],
    [5, 60, 81, 10],
    [18, 243, 341, 21],
    [22, 209, 195, 26],
    [23, 247, 209, 30],
    [10, 184, 204, 24],
    [20, 474, 621, 63],
    [0, 14, 55, 4],
    [8, 221, 263, 62],
    [74, 909, 1327, 131],
    [16, 171, 172, 20],
    [119, 870, 835, 151],
    [19, 116, 132, 12]
  ],
  "W": [
    [41, 467, 301, 60, 86],
    [18, 218, 203, 30, 32],
    [2, 11, 58, 1, 4],
    [8, 19, 89, 11, 8],
    [15, 62, 180, 12, 21],
    [6, 199, 28, 7, 21],
    [3, 98, 80, 13, 26],
    [3, 36, 50, 7, 8],
    [5, 17, 63, 2, 4],
    [9, 374, 103, 30, 49],
    [4, 219, 109, 20, 52],
    [10, 194, 77, 19, 29],
    [3, 92, 7, 6, 14],
    [11, 365, 134, 44, 58],
    [0, 12, 54, 2, 1],
    [35, 460, 617, 79, 105],
    [24, 282, 187, 32, 30],
    [32, 385, 346, 51, 47],
    [24, 247, 149, 27, 101],
    [14, 83, 302, 22, 29],
    [26, 224, 631, 31, 48],
    [79, 355, 1091, 58, 101],
    [33, 378, 459, 42, 72],
    [37, 230, 488, 35, 52],
    [66, 255, 649, 37, 31],
    [16, 105, 222, 25, 21],
    [2, 9, 61, 2, 4],
    [38, 360, 297, 54, 49],
    [98, 786, 742, 93, 150],
    [17, 70, 217, 5, 14],
    [25, 258, 231, 35, 45],
    [39, 644, 457, 63, 99],
    [6, 49, 156, 12, 14],
    [8, 47, 147, 14, 10],
    [30, 131, 161, 21, 22],
    [3, 52, 87, 9, 11],
    [15, 153, 138, 28, 24],
    [12, 223, 157, 28, 25],
    [27, 293, 402, 51, 71],
    [5, 114, 67, 19, 19],
    [2, 17, 91, 8, 2],
    [11, 44, 196, 10, 20],
    [8, 30, 145, 10, 7],
    [11, 38, 72, 6, 8],
    [4, 26, 90, 4, 10],
    [17, 314, 206, 26, 40],
    [26, 558, 480, 70, 89],
    [2, 15, 87, 2, 9],
    [4, 10, 54, 3, 4],
    [11, 124, 221, 21, 24],
    [6, 11, 14, 1, 1],
    [5, 57, 125, 8, 9],
    [8, 47, 260, 12, 19],
    [27, 45, 132, 6, 5],
    [7, 56, 74, 8, 11],
    [26, 205, 321, 34, 37],
    [20, 185, 183, 33, 31],
    [10, 219, 210, 30, 40],
    [11, 166, 191, 24, 30],
    [28, 423, 581, 73, 73],
    [0, 11, 51, 6, 5],
    [10, 202, 266, 36, 40],
    [111, 767, 1239, 144, 180],
    [16, 154, 162, 29, 18],
    [103, 778, 843, 91, 160],
    [25, 93, 143, 5, 13]
  ],
  "method": "mvn_pdf",
  "cond_prob": [
    [
      [0.48489773912, 0.31267895396, 0.19695842641, 0.0054648805134],
      [0.034032637835, 0.89607770455, 0.002457965557, 0.067431692055],
      [0.022982210826, 0.034818916082, 0.92720312695, 0.014995746139],
      [0.048211825443, 0.61371059665, 0.21235031567, 0.12572726224],
      [0.028088323742, 0.63265982932, 0.10404272616, 0.23520912078]
    ],
    [
      [0.50031568912, 0.28599268522, 0.20912553585, 0.0045660898109],
      [0.036586108048, 0.89730433154, 0.0052220289707, 0.060887531438],
      [0.021984856708, 0.029908269287, 0.93631532757, 0.011791546433],
      [0.051997166999, 0.5969571371, 0.23922943392, 0.11181626199],
      [0.031115784995, 0.6331154566, 0.12026386014, 0.21550489826]
    ],
    [
      [0.56893382217, 0.10674997667, 0.32101916517, 0.0032970359906],
      [0.071762636507, 0.80657582298, 0.012890419062, 0.10877112145],
      [0.014619799807, 0, 0.9757693775, 0.0096108226888],
      [0.060894227751, 0.31936522833, 0.50143794133, 0.11830260259],
      [0.040975184375, 0.39870019139, 0.28002630586, 0.28029831838]
    ],
    [
      [0.42555613951, 0.28109173234, 0.28888387863, 0.0044682495135],
      [0.03161901827, 0.90238775666, 0.0057293597837, 0.060263865288],
      [0.015502218399, 0.018705148246, 0.95454335523, 0.011249278122],
      [0.038610831118, 0.55214600562, 0.30568483385, 0.10355832942],
      [0.023796619613, 0.60844181364, 0.15789741838, 0.20986414837]
    ],
    [
      [0.50911907402, 0.16629161877, 0.31773061049, 0.0068586967187],
      [0.059485375474, 0.79187449694, 0.0096006463427, 0.13903948125],
      [0.012789727326, 0.0134611792, 0.96550635999, 0.0082427334852],
      [0.055366764225, 0.3733318931, 0.38919133581, 0.18211000686],
      [0.033741358135, 0.40506723501, 0.19892190199, 0.36226950487]
    ],
    [
      [0.44247805016, 0.4269677306, 0.12002689403, 0.010527325219],
      [0.022799238325, 0.88368704887, 0, 0.093513712803],
      [0.0430688736, 0.10807369747, 0.80817047115, 0.040686957782],
      [0.033726568134, 0.66927312177, 0.10243820334, 0.19456210676],
      [0.017431849265, 0.61302359569, 0.044476096201, 0.32506845884]
    ],
    [
      [0.57931311153, 0.21730973207, 0.19788539016, 0.0054917662384],
      [0.045620169836, 0.853605287, 0.0073470487788, 0.093427494385],
      [0.02453761364, 0.023271851183, 0.93761083227, 0.014579702906],
      [0.064866886584, 0.52054757053, 0.25959244216, 0.15499310072],
      [0.037884823259, 0.54099562178, 0.12702941228, 0.29409014268]
    ],
    [
      [0.83855965806, 0.046572816905, 0.11353945007, 0.001328074965],
      [0.1079249321, 0.71827480862, 0.060160533958, 0.11363972532],
      [0, 0.057377889194, 0.93666727022, 0.0059548405863],
      [0.20518953948, 0.29688596346, 0.3976292591, 0.10029523795],
      [0.14533708675, 0.38191152936, 0.23460426284, 0.23814712106]
    ],
    [
      [0.25555447204, 0.33688074073, 0.39968362318, 0.0078811640456],
      [0.015232455471, 0.89140630066, 0.0061202299025, 0.087241013971],
      [0.0061115099504, 0.015193421182, 0.96229246474, 0.016402604131],
      [0.017992547924, 0.51466267775, 0.32223831439, 0.14510645993],
      [0.010566418518, 0.54379457381, 0.15715901714, 0.28847999054]
    ],
    [
      [0.31163030561, 0.39782742098, 0.27986028407, 0.010681989341],
      [0.01559899423, 0.88347703792, 0.003172525641, 0.097751442211],
      [0.01032888429, 0.031053760994, 0.93804928264, 0.020568072078],
      [0.022721397054, 0.57466471906, 0.22144219967, 0.18117168422],
      [0.012567069673, 0.56246249134, 0.10270185208, 0.3222685869]
    ],
    [
      [0.34201306874, 0.2159232678, 0.43717874327, 0.0048849201974],
      [0.036749444269, 0.86947534745, 0.0074551020492, 0.086320106234],
      [0.007447202031, 0.011229901256, 0.97505502928, 0.0062678674362],
      [0.032142398546, 0.40710343828, 0.45268030509, 0.10807385809],
      [0.021715893036, 0.48759765068, 0.25546179587, 0.23522466042]
    ],
    [
      [0.34095827726, 0.32389172479, 0.3279588962, 0.0071911017468],
      [0.024892670177, 0.88394446937, 0.0058388128726, 0.085324047579],
      [0.0096375032578, 0.021762832129, 0.95666230505, 0.01193735956],
      [0.028078016501, 0.53557862569, 0.29658325942, 0.13976009839],
      [0.016747212026, 0.56634909421, 0.14791730767, 0.26898638609]
    ],
    [
      [0.64608495723, 0.19915050044, 0.1485983787, 0.006166163629],
      [0.05229670913, 0.83605400661, 0.0045468876278, 0.10710239663],
      [0.030986598386, 0.025312869695, 0.92421160894, 0.019488922979],
      [0.075124180515, 0.51963617531, 0.21442699824, 0.19081264594],
      [0.041628329756, 0.51361233933, 0.098560567865, 0.34619876305]
    ],
    [
      [0.30455981006, 0.44886304827, 0.23627643851, 0.010300703155],
      [0.012141672958, 0.89996389879, 0, 0.087894428255],
      [0.01184892428, 0.042493576018, 0.92240397856, 0.023253521147],
      [0.021532719608, 0.62811325771, 0.18118150154, 0.16917252114],
      [0.011774757647, 0.60766484286, 0.083221379, 0.29733902049]
    ],
    [
      [0.11843754258, 0.55170061113, 0.30942534168, 0.020436504613],
      [0, 0.85943277744, 0.0068521321124, 0.13371509045],
      [0, 0.038051989876, 0.93580983666, 0.026138173467],
      [0, 0.57352383926, 0.16005782053, 0.26641834021],
      [0, 0.48495153889, 0.063927594102, 0.451120867]
    ],
    [
      [0.29765677036, 0.34660157803, 0.34870833534, 0.0070333162687],
      [0.02014001258, 0.89635448568, 0.0059034144548, 0.077602087286],
      [0.0063539439206, 0.023327974894, 0.9582347222, 0.012083358984],
      [0.023867364778, 0.54517497526, 0.30130444083, 0.12965321913],
      [0.014397162231, 0.58174950287, 0.15281679228, 0.25103654262]
    ],
    [
      [0.4357527218, 0.30266810731, 0.25625677964, 0.0053223912509],
      [0.033622889059, 0.89411390858, 0.0045847489059, 0.067678453458],
      [0.015954941806, 0.026168625229, 0.94652277377, 0.0113536592],
      [0.041497277546, 0.57378091856, 0.2663393859, 0.118382418],
      [0.024959765434, 0.61137736315, 0.13447730181, 0.22918556961]
    ],
    [
      [0.36092450386, 0.36259840837, 0.27189760956, 0.0045794782057],
      [0.024843538053, 0.92699564604, 0.0053224277674, 0.042838388136],
      [0.012683929915, 0.029865587908, 0.94815153689, 0.009298945289],
      [0.031350850479, 0.62112908195, 0.2556062522, 0.09191381537],
      [0.019108948953, 0.67005214063, 0.1309317272, 0.17990718322]
    ],
    [
      [0.31904557775, 0.39728886745, 0.27774679604, 0.0059187587606],
      [0.018290457164, 0.92091667727, 0.0035950988931, 0.057197766668],
      [0.010867716676, 0.031817322252, 0.94562247575, 0.011692485317],
      [0.025373398359, 0.6255805238, 0.23979942946, 0.10924664838],
      [0.015057343308, 0.65710091818, 0.11954211867, 0.20829961984]
    ],
    [
      [0.21724590713, 0.31317511315, 0.46497795813, 0.0046010215938],
      [0.015003490144, 0.91771760016, 0.010064391055, 0.057214518644],
      [0, 0.018726127114, 0.97789980139, 0.0033740714985],
      [0.017302792398, 0.4952904582, 0.40208336182, 0.085323387577],
      [0.011469178812, 0.5825278322, 0.22356517758, 0.18243781141]
    ],
    [
      [0.37503805332, 0.22881588697, 0.39320477738, 0.0029412823303],
      [0.038237443902, 0.90232722621, 0.017636320547, 0.041799009341],
      [0.0098785950045, 0.016673933983, 0.97344747101, 0],
      [0.038071528201, 0.45947089852, 0.433305656, 0.06915191728],
      [0.026462757447, 0.56592995981, 0.25308980084, 0.1545174819]
    ],
    [
      [0.26108082569, 0.30942483228, 0.42486157791, 0.0046327641204],
      [0.020207456484, 0.91328053967, 0.0082114265207, 0.058300577322],
      [0.0031946810149, 0.019772554772, 0.97346228177, 0.0035704824424],
      [0.021862619824, 0.50684210465, 0.38240768884, 0.088887586684],
      [0.014332067145, 0.58784304298, 0.21083053035, 0.18699435953]
    ],
    [
      [0.41962836366, 0.30881537417, 0.26510628551, 0.0064499766598],
      [0.03124216176, 0.88494470882, 0.0049631796764, 0.078849949747],
      [0.015431555712, 0.025272770369, 0.94520081797, 0.014094855951],
      [0.038562164257, 0.56022637859, 0.26401063642, 0.13720082073],
      [0.022778220605, 0.58569837805, 0.13110817337, 0.26041522797]
    ],
    [
      [0.31476148855, 0.30110262654, 0.37917960257, 0.0049562823491],
      [0.024555733824, 0.90459123704, 0.0074139681481, 0.063439060983],
      [0.0078612164571, 0.019033706824, 0.96680705194, 0.0062980247813],
      [0.027376999836, 0.51631266903, 0.35668746612, 0.099622865013],
      [0.01752956767, 0.58545819138, 0.19190844944, 0.20510379151]
    ],
    [
      [0.3189315361, 0.25341395131, 0.42296550457, 0.0046890080222],
      [0.029215808204, 0.89084790655, 0.0096880492136, 0.070248236032],
      [0.0074275793844, 0.013324380177, 0.97373901958, 0.0055090208605],
      [0.029153783507, 0.45511208819, 0.4169992612, 0.098734867098],
      [0.019396726304, 0.53618687242, 0.23316863801, 0.21124776326]
    ],
    [
      [0.32686064214, 0.20737540066, 0.46180290241, 0.0039610547865],
      [0.035183396235, 0.8808055437, 0.012542295721, 0.071468764348],
      [0.0082836783046, 0.0086687616415, 0.9786201437, 0.0044274163544],
      [0.031154735302, 0.39653856383, 0.48340108248, 0.088905618389],
      [0.021815626428, 0.49330868196, 0.28359588321, 0.2012798084]
    ],
    [
      [0.74690864919, 0.085537387833, 0.16396872336, 0.0035852396103],
      [0.10111229363, 0.7603003377, 0.0079437759171, 0.13064359275],
      [0.01897193794, 0.011864835769, 0.95392208782, 0.015241138471],
      [0.10132087292, 0.35939800903, 0.35608985558, 0.18319126247],
      [0.059060524702, 0.38591779626, 0.17478537545, 0.38023630358]
    ],
    [
      [0.42394166665, 0.29124247128, 0.27940114491, 0.0054147171537],
      [0.033832260716, 0.8895440625, 0.0054104603028, 0.071213216478],
      [0.014523818484, 0.023438201164, 0.95129726886, 0.010740711488],
      [0.040524180511, 0.54995021194, 0.28963711915, 0.11988848839],
      [0.024667815759, 0.59262176326, 0.14814892852, 0.23456149247]
    ],
    [
      [0.33938334004, 0.30457001079, 0.34944226898, 0.0066043801909],
      [0.025750223004, 0.88523950376, 0.0066529110436, 0.082357362195],
      [0.0095353104638, 0.019948355643, 0.95986758282, 0.010648751071],
      [0.029350245774, 0.5149792687, 0.3248346642, 0.13083582133],
      [0.017973227829, 0.55772758076, 0.16729399557, 0.25700519585]
    ],
    [
      [0.38412968007, 0.22295474014, 0.38779262751, 0.0051229522844],
      [0.037237657015, 0.86855725805, 0.0095535278504, 0.084651557082],
      [0.010801269677, 0.010135025255, 0.97023484187, 0.0088288632026],
      [0.036806444196, 0.43416261084, 0.41149739455, 0.11753355042],
      [0.023946550501, 0.50290341567, 0.22430933752, 0.24884069631]
    ],
    [
      [0.44209347443, 0.25599703742, 0.29663811302, 0.005271375135],
      [0.038332376337, 0.87652037484, 0.0066821054998, 0.078465143323],
      [0.014195031404, 0.019425926396, 0.95651315878, 0.009865883417],
      [0.04419160189, 0.509131578, 0.32367591544, 0.12300090467],
      [0.027381149416, 0.55890718063, 0.16837482747, 0.24533684248]
    ],
    [
      [0.33936959763, 0.31477161666, 0.34076589004, 0.0050928956594],
      [0.02575006549, 0.90700841549, 0.0067807709811, 0.060460748041],
      [0.0097225147954, 0.021075970618, 0.96080347682, 0.0083980377646],
      [0.029881877111, 0.54364725061, 0.32342343952, 0.10304743276],
      [0.018745414111, 0.60332315167, 0.17050957757, 0.20742185665]
    ],
    [
      [0.36545986853, 0.25815416788, 0.36737673619, 0.0090092273947],
      [0.028785253736, 0.83929684937, 0.0075081399448, 0.12440975695],
      [0.011462949969, 0.016189639717, 0.96127343927, 0.011073971042],
      [0.030130646505, 0.44359797903, 0.34285431303, 0.18341706143],
      [0.017641100183, 0.4626264164, 0.16820946019, 0.35152302323]
    ],
    [
      [0.51888111111, 0.18301662855, 0.29256241041, 0.0055398499248],
      [0.055803296554, 0.82939775212, 0.0083227475922, 0.10647620373],
      [0.014187573947, 0.013286422529, 0.96059463191, 0.011931371619],
      [0.056528660402, 0.42361790588, 0.36812968153, 0.15172375218],
      [0.034922155727, 0.46704178279, 0.19071051484, 0.30732554665]
    ],
    [
      [0.52393669525, 0.23277826093, 0.23312094086, 0.010164102968],
      [0.045604643974, 0.79993800294, 0.005168391808, 0.14928896128],
      [0.016264313986, 0.042572004826, 0.94115266431, 1.1016879968e-05],
      [0.05132739036, 0.45983285549, 0.25172883858, 0.23711091558],
      [0.027784592393, 0.44155413841, 0.11442854017, 0.41623272902]
    ],
    [
      [0.23527126093, 0.14516430995, 0.60852436091, 0.011040068221],
      [0.028000749946, 0.73918456354, 0.037690260703, 0.19512442581],
      [0.0062939990253, 0.012752393409, 0.98095360757, 0],
      [0.018234841917, 0.23435508797, 0.53418736875, 0.21322270137],
      [0.011495975237, 0.26438688616, 0.27853483489, 0.44558230371]
    ],
    [
      [0.32840548357, 0.34162017999, 0.32475024449, 0.0052240919584],
      [0.023423128769, 0.91246784024, 0.0057789863322, 0.058330044655],
      [0.009526305092, 0.023450820995, 0.95815930466, 0.008863569255],
      [0.027473151593, 0.57230353327, 0.29750906188, 0.10271425326],
      [0.016929195733, 0.62530856308, 0.15368015202, 0.20408208916]
    ],
    [
      [0.45583102521, 0.24508001009, 0.29517439971, 0.0039145649937],
      [0.041070755124, 0.89260893559, 0.0075334965724, 0.058786812708],
      [0.014467953811, 0.018558151626, 0.95965679492, 0.0073170996384],
      [0.047671781955, 0.51530775823, 0.34048340292, 0.096537056895],
      [0.030598826466, 0.58660000823, 0.18313141531, 0.19966974999]
    ],
    [
      [0.39232746876, 0.22402577127, 0.378156781, 0.0054899789681],
      [0.03908701346, 0.86142600159, 0.0094704941885, 0.090016490764],
      [0.010516818254, 0.01272251024, 0.9675725272, 0.0091881443063],
      [0.038461609706, 0.43421304863, 0.40253955183, 0.12478578983],
      [0.024864230515, 0.4971010016, 0.21860900054, 0.25942576734]
    ],
    [
      [0.22476290054, 0.33235388666, 0.43447983076, 0.0084033820453],
      [0.0092045684411, 0.8849777066, 0.0090569173259, 0.096760807636],
      [0.0048369935388, 0.016948558269, 0.96760553413, 0.010608914067],
      [0.016465310188, 0.48939797729, 0.34833675973, 0.14579995279],
      [0.0099971175973, 0.5271924759, 0.17616542367, 0.28664498282]
    ],
    [
      [0, 0.36333061054, 0.63248363494, 0.0041857545283],
      [0, 0.93929624519, 0.016202731709, 0.044501023097],
      [0, 0.018669898439, 0.97749056796, 0.0038395335983],
      [0, 0.54227038677, 0.38584426414, 0.071885349091],
      [0, 0.63408937926, 0.21059524667, 0.15531537407]
    ],
    [
      [0.23618424716, 0.29638000605, 0.45436481561, 0.013070931172],
      [0.016422354545, 0.82138975832, 0.0079685584267, 0.15421932871],
      [0.0016709913787, 0.020496723671, 0.96868618436, 0.0091461005858],
      [0.01648528719, 0.41715077445, 0.34800941606, 0.2183545223],
      [0.0093511249549, 0.42049024916, 0.16543920807, 0.40471941781]
    ],
    [
      [0.41881581041, 0.16322299368, 0.40644872244, 0.011512473475],
      [0.043873393355, 0.72663187744, 0.011175894071, 0.21831883513],
      [0.012588024257, 0.012088363641, 0.97238198534, 0.0029416267636],
      [0.036393131057, 0.30115735253, 0.40685288903, 0.25559662738],
      [0.020582412602, 0.30441049628, 0.19274523345, 0.48226185767]
    ],
    [
      [0.38015992071, 0.44878520403, 0.16599429014, 0.005060585131],
      [0.018891726046, 0.93437890039, 0.0021746167831, 0.044554756783],
      [0.024920632543, 0.045795387758, 0.91213925411, 0.017144725592],
      [0.0290546391, 0.72942730642, 0.14448161927, 0.097036435205],
      [0.016467738094, 0.73539159798, 0.068813919931, 0.17932674399]
    ],
    [
      [0.36329291709, 0.11858491731, 0.50707880722, 0.011043358382],
      [0.045629182442, 0.67165648489, 0.052211925259, 0.23050240741],
      [0.011770899611, 0.0093743084864, 0.9788547919, 0],
      [0.030243344883, 0.21838110836, 0.50487871557, 0.24649683118],
      [0.018011524364, 0.23453795265, 0.24977285808, 0.49767766491]
    ],
    [
      [0.2716174052, 0.54084738519, 0.17740466168, 0.010130547928],
      [0.0055256447094, 0.91655771711, 0.0043438177131, 0.073572820472],
      [0.013603350806, 0.063473698816, 0.8935619219, 0.029361028478],
      [0.017798603702, 0.70196024728, 0.12586800319, 0.15437314582],
      [0.0095599427614, 0.66699807238, 0.056845949881, 0.26659603498]
    ],
    [
      [0.27709802526, 0.30365917012, 0.41383222007, 0.0054105845536],
      [0.01912604368, 0.90414940374, 0.0088663933699, 0.067858159214],
      [0.0065992242799, 0.016893919333, 0.96909302885, 0.0074138275342],
      [0.023223405886, 0.49898078893, 0.37362663951, 0.10416916568],
      [0.014942167456, 0.56799727851, 0.20195950744, 0.21510104659]
    ],
    [
      [0.31658139444, 0.21979428003, 0.45789528211, 0.0057290434236],
      [0.026705312691, 0.86892600744, 0.0104936118, 0.093875068072],
      [0.0088104080104, 0.0054712909152, 0.97547113044, 0.010247170632],
      [0.025529173319, 0.40283007338, 0.44691263684, 0.12472811646],
      [0.016521519689, 0.47165098578, 0.24077684851, 0.27105064602]
    ],
    [
      [0.35030966577, 0.064275556917, 0.57586928209, 0.0095454952248],
      [0.058926512953, 0.48009259868, 0.15143358804, 0.30954730033],
      [0.01581482086, 0, 0.98418517914, 0],
      [0.028582520456, 0.12577117804, 0.60637117046, 0.23927513105],
      [0.017437079891, 0.14116456285, 0.30426845159, 0.53712990567]
    ],
    [
      [0.36532139191, 0.36342433882, 0.26372919953, 0.0075250697465],
      [0.0227401531, 0.89422376122, 0.0041845300722, 0.078851555611],
      [0.014192721175, 0.028165362238, 0.94091337754, 0.01672853905],
      [0.029473418988, 0.59191633054, 0.23449029539, 0.14411995508],
      [0.016923021924, 0.60265824526, 0.11308101823, 0.26733771459]
    ],
    [
      [0, 0.79065159247, 0.16323783627, 0.046110571259],
      [0, 0.96992889968, 0.0032403939884, 0.026830706332],
      [0, 0.063336454276, 0.92026812897, 0.01639541675],
      [0, 0.86113136455, 0.068712381225, 0.070156254221],
      [0, 0.83903082427, 0.032462461659, 0.12850671407]
    ],
    [
      [0.43956380513, 0.21833687415, 0.33955402734, 0.0025452933793],
      [0.042943575851, 0.90754874682, 0.011896761942, 0.037610915387],
      [0.013670859553, 0.016121897993, 0.97020724245, 0],
      [0.045591348274, 0.48176385437, 0.40693207837, 0.065712718988],
      [0.031200991164, 0.58985433072, 0.23252805544, 0.14641662268]
    ],
    [
      [0.33084269547, 0.26369089909, 0.40192644254, 0.003539962909],
      [0.028294186564, 0.91129208608, 0.0088075392325, 0.051606188128],
      [0.0087719522927, 0.015778140946, 0.97371769143, 0.0017322153317],
      [0.029981937751, 0.48810872764, 0.40517238264, 0.076736951977],
      [0.020154779929, 0.58421702022, 0.22852451328, 0.16710368656]
    ],
    [
      [0.39422429608, 0.28649177693, 0.31181356237, 0.0074703646246],
      [0.029722716268, 0.86785911789, 0.0059604627361, 0.096457703107],
      [0.012965879591, 0.019073262014, 0.95285148488, 0.01510937352],
      [0.034376879211, 0.50792373815, 0.30000515031, 0.15769423233],
      [0.020132878492, 0.52916974066, 0.1472772175, 0.30342016335]
    ],
    [
      [0.32183166738, 0.24600633763, 0.42608911852, 0.0060728764658],
      [0.027497191219, 0.87195778522, 0.0092713531496, 0.091273670409],
      [0.010756366909, 0.0065212511716, 0.97065734355, 0.012065038364],
      [0.027360333401, 0.43594462801, 0.40941740088, 0.1272776377],
      [0.017498345596, 0.49801727757, 0.21765434217, 0.26683003466]
    ],
    [
      [0.32189352952, 0.30326427564, 0.37068168542, 0.0041605094169],
      [0.025064624793, 0.91428735511, 0.0072456542193, 0.053402365881],
      [0.0088558850216, 0.02204918662, 0.96767281334, 0.0014221150161],
      [0.028444871271, 0.53066595221, 0.35557147805, 0.085317698468],
      [0.018450146881, 0.60988620963, 0.19363550615, 0.17802813734]
    ],
    [
      [0.46779003209, 0.26320957067, 0.2641627527, 0.0048376445465],
      [0.03851615143, 0.88471499498, 0.0060645664266, 0.070704287159],
      [0.016574831316, 0.022184706269, 0.95117324214, 0.010067220273],
      [0.047759132998, 0.53928792158, 0.29661522623, 0.11633771919],
      [0.029337607225, 0.58733005984, 0.15296110902, 0.23037122392]
    ],
    [
      [0.55398531748, 0.26347440353, 0.17804188213, 0.0044983968594],
      [0.037650840173, 0.88909778069, 0.0073807271646, 0.065870651971],
      [0.028024363509, 0.031980206737, 0.92651048024, 0.013484949517],
      [0.062063911083, 0.59706251358, 0.22127542033, 0.11959815501],
      [0.03668947895, 0.62562807928, 0.10994346174, 0.22773898002]
    ],
    [
      [0.30994899227, 0.3003463602, 0.38388132186, 0.005823325679],
      [0.023598278673, 0.89515075384, 0.0073571008659, 0.073893866626],
      [0.0081387459094, 0.01600787751, 0.96587387688, 0.0099794997046],
      [0.026094017753, 0.50537772345, 0.35348995613, 0.11503830267],
      [0.016416331018, 0.56381983113, 0.18634524285, 0.233418595]
    ],
    [
      [0.26311005043, 0.30620468032, 0.42457229185, 0.0061129774028],
      [0.020119527158, 0.8955190919, 0.0081109027286, 0.076250478214],
      [0.0026788690902, 0.018102828122, 0.97046589178, 0.008752411009],
      [0.02147994967, 0.49034811498, 0.37344212795, 0.1147298074],
      [0.013669853874, 0.55217174719, 0.19971377411, 0.23444462482]
    ],
    [
      [0.12961197931, 0.23427581807, 0.62920948647, 0.0069027161505],
      [0, 0.87036095582, 0.012920393111, 0.11671865107],
      [0, 0.0027059396643, 0.98692519986, 0.010368860471],
      [0, 0.35630822488, 0.51749358471, 0.12619819041],
      [0, 0.43003544277, 0.28394579489, 0.28601876234]
    ],
    [
      [0.27798174421, 0.40833722859, 0.29346656124, 0.020214465959],
      [0.014228045624, 0.8105579671, 0.013721202318, 0.16149278496],
      [0.0052306928381, 0.066334454387, 0.92843485277, 0],
      [0.017041026577, 0.49741139815, 0.19555111391, 0.28999646136],
      [0.0085319022531, 0.440803579, 0.082253514509, 0.46841100424]
    ],
    [
      [0.32717625987, 0.29191538166, 0.37499847991, 0.0059098785553],
      [0.026214063025, 0.88943316157, 0.007503858593, 0.076848916812],
      [0.0082329273015, 0.018045751915, 0.96460476556, 0.0091165552214],
      [0.028675777721, 0.49975335065, 0.35305517434, 0.11851569728],
      [0.018040777201, 0.55599438108, 0.18685810862, 0.23910673309]
    ],
    [
      [0.42189644724, 0.28082213533, 0.29216547965, 0.0051159377708],
      [0.03392869578, 0.89097712617, 0.0059697811619, 0.069124396884],
      [0.014910416889, 0.019153807035, 0.95475419493, 0.011181581151],
      [0.04014378951, 0.53824273711, 0.30644265147, 0.11517082192],
      [0.024721125671, 0.5880229049, 0.15827719757, 0.22897877186]
    ],
    [
      [0.5494005231, 0.26431816767, 0.17960694672, 0.0066743625116],
      [0.046684134899, 0.85709341192, 0.0038264695726, 0.092395983611],
      [0.018093150017, 0.040971480871, 0.9233075763, 0.017627792809],
      [0.05971144099, 0.563213944, 0.21041160788, 0.16666300713],
      [0.033782641096, 0.56353204362, 0.10017342513, 0.30251189016]
    ],
    [
      [0.46133870307, 0.40715721946, 0.12566313913, 0.0058409383436],
      [0.026002052058, 0.91618378657, 0.0018242922573, 0.055989869116],
      [0.031906032046, 0.055004916781, 0.89062856297, 0.022460488202],
      [0.039849386479, 0.71843314919, 0.12024041701, 0.12147704733],
      [0.022040928224, 0.70446988591, 0.055975057853, 0.21751412801]
    ]
  ],
  "expected_outcome": [
    [
      [19.8808073038, 9.0056824041, 1.1378676443, 3.4044491161, 7.6367861103, 2.6548683009, 1.7379393346, 2.5156789742, 1.2777723602, 2.8046727505, 1.368052275, 3.4095827726, 1.9382548717, 3.3501579107, 0, 10.4179869624, 10.4580653232, 11.5495841236, 7.6570938661, 3.0414426998, 9.7509893864, 20.6253852295, 13.8477360007, 11.6461750762, 21.0494813824, 5.2297702742, 1.4938172984, 16.1097833327, 33.2595673236, 6.5302045611, 11.0523368607, 13.2354143077, 2.1927592112, 4.1510488889, 15.7181008574, 0.70581378278, 4.9260822535, 5.4699723025, 10.5928416566, 1.1238145027, 0, 2.5980267188, 3.3505264832, 4.1817591278, 1.4531716684, 4.6174958884, 7.2045486568, 0.63316278888, 1.4012386631, 4.018535311, 0, 2.1978190257, 2.6467415637, 10.6440559942, 2.2528216717, 8.3692317676, 9.3558006417, 5.5398531748, 3.4094389149, 7.367081412, 0, 2.7798174421, 36.3165648455, 6.7503431559, 56.588253879, 11.5334675767],
      [12.8198371123, 5.1478683339, 0.21349995334, 2.2487338588, 2.4943742815, 2.5618063836, 0.65192919622, 0.13971845071, 1.6844037037, 3.5804467888, 0.86369307118, 3.2389172479, 0.59745150132, 4.9374935309, 0, 12.1310552311, 7.2640345755, 11.603149068, 9.5349328187, 4.3844515841, 5.9492130612, 24.4445617499, 10.1909073475, 11.1407971819, 16.7253207867, 3.3180064106, 0.17107477567, 11.0672139088, 29.8478610571, 3.7902305825, 6.3999259355, 12.2760930499, 1.5489250073, 1.4641330284, 6.9833478278, 0.43549292984, 5.1243026998, 2.940960121, 6.0486958242, 1.6617694333, 0.72666122107, 3.2601800666, 1.3057839495, 4.9366372443, 0.47433966922, 9.1944055482, 7.8951384231, 0.43958856005, 0.25710222767, 3.997667727, 4.7439095548, 1.0916843707, 2.1095271927, 7.735277977, 1.7220443634, 7.8848711667, 5.2641914133, 2.6347440353, 3.3038099622, 8.5737310488, 0, 4.0833722859, 32.4026073644, 4.4931541653, 27.2247712704, 10.1789304866],
      [8.0752954828, 3.7642596454, 0.64203833034, 2.311071029, 4.7659591574, 0.72016136416, 0.59365617049, 0.3406183502, 1.9984181159, 2.5187425566, 1.7487149731, 3.279588962, 0.4457951361, 2.5990408237, 0, 12.2047917371, 6.1501627113, 8.7007235059, 6.665923105, 6.5096914138, 10.2233242118, 33.5640646551, 8.748507422, 14.0296452949, 27.9157233014, 7.3888464386, 0.32793744672, 10.6172435067, 34.2453423605, 6.5924746676, 7.4159528254, 13.2898697117, 2.2042604172, 2.3404992833, 6.9936282257, 1.8255730827, 4.8712536673, 3.5420927965, 10.210233087, 2.1723991538, 1.2649672699, 4.9980129717, 3.2515897795, 1.8259371915, 2.0283152289, 3.0158792486, 10.7596377217, 0.91579056422, 2.3034771284, 2.9010211948, 0.97942701762, 1.6977701367, 3.2154115403, 8.4189661839, 2.9826238296, 9.6377238208, 5.283255054, 1.7804188213, 4.2226945404, 11.8880241719, 0, 2.9346656124, 41.6248312704, 4.6746476745, 18.4995155119, 3.1415784782],
      [0.22406010105, 0.082189616597, 0.0065940719813, 0.035745996108, 0.10288045078, 0.063163951316, 0.016475298715, 0.0039842248951, 0.039405820228, 0.096137904068, 0.01953968079, 0.071911017468, 0.018498490887, 0.11330773471, 0, 0.2461660694, 0.12773739002, 0.14654330258, 0.14205021025, 0.064414302313, 0.076473340587, 0.36598836551, 0.21284922977, 0.18338244692, 0.30947452946, 0.063376876584, 0.0071704792206, 0.20575925184, 0.64722925871, 0.087090188835, 0.13178437838, 0.19862293072, 0.054055364368, 0.044318799399, 0.30492308905, 0.033120204663, 0.078361379376, 0.046974779924, 0.14822943214, 0.042016910226, 0.0083715090565, 0.14378024289, 0.092099787803, 0.055666436441, 0.044173433529, 0.17221931477, 0.14067519839, 0.011458086847, 0.038181980899, 0.082775767212, 0.27666342755, 0.012726466896, 0.028319703272, 0.20169984486, 0.04251013526, 0.10817324484, 0.09675289093, 0.044983968594, 0.064056582468, 0.17116336728, 0, 0.20214465959, 0.65599651964, 0.081855004333, 0.68745933869, 0.14602345859]
    ],
    [
      [15.893241869, 7.9757715544, 0.78938900158, 0.60076134713, 3.6880932794, 4.5370484268, 4.4707766439, 3.8852975555, 0.25895174301, 5.8340238421, 8.0481282949, 4.8291780143, 4.8112972399, 4.4317106296, 0, 9.2644057868, 9.4816547147, 9.5647621506, 4.5177429194, 1.2452896819, 8.5651874341, 7.1736470518, 11.8095371453, 5.6478187796, 7.4500310919, 3.6942566046, 0.91001064263, 12.1796138578, 20.239675281, 2.606635991, 9.8897530951, 16.5830421758, 1.4104774331, 2.622754938, 5.9742083606, 1.4560389972, 3.5837387016, 9.1587783927, 11.4524949437, 1.0493208023, 0, 0.72258359997, 1.3162018006, 0.71788558976, 1.1863587435, 1.7350524388, 10.6723323733, 0.40057969037, 0.58926512953, 2.8197789844, 0, 2.4477838235, 1.3298267685, 1.3375222321, 1.5398427083, 5.1382480826, 7.1254880145, 8.2455339979, 3.9173142597, 8.510559988, 0, 2.8740652161, 20.1061863398, 5.2250191501, 36.3202569514, 2.4181908414],
      [418.4682880261, 195.6123442766, 8.8723340528, 17.1453673765, 49.0962188101, 175.8537227254, 83.653318126, 25.8578931104, 15.1539071111, 330.4204121812, 190.415101091, 171.4852270581, 76.9169686084, 328.4868230574, 10.3131933293, 412.3230634123, 252.1401222186, 356.8933237267, 227.4664192869, 76.1705608131, 202.121298671, 324.2145915839, 334.5090999328, 208.0559845203, 227.1662161704, 92.4845820882, 6.8427030393, 320.2358625011, 695.7982499531, 60.7990080637, 226.1422567086, 584.1134195742, 41.1255456189, 38.9816943496, 104.7918783849, 38.4375973041, 139.6075795573, 199.0517926376, 252.3978184651, 100.887458552, 15.9680361683, 36.1411493662, 21.7989563232, 35.5063982147, 17.4630686071, 287.7991231712, 504.515367285, 13.0338901116, 4.8009259868, 110.8837463908, 10.6692178965, 51.7302785687, 42.8307280455, 39.053660305, 48.8296359724, 187.4289077968, 163.6722740722, 194.7124139713, 148.5950251367, 378.8045758733, 9.573970514, 163.7327093536, 682.1952349244, 137.2104774308, 666.8186744716, 85.2050921509],
      [1.1478699151, 1.1384023156, 0.14179460968, 0.10885783589, 0.59524007325, 0, 0.72001078032, 2.1657792225, 0.10404390834, 1.1865245897, 1.6326673488, 1.1327296973, 0.41831366176, 0, 0.082225585349, 2.7155706492, 1.2928991915, 2.0491346905, 0.8879894266, 0.83534445753, 3.9505358026, 2.9150564149, 1.8760819177, 1.7052126741, 2.4704525495, 1.3169410507, 0.071493983254, 1.947765709, 5.2291880803, 0.66874694953, 1.7239832189, 4.3668165118, 0.3678988573, 0.39116913683, 0.67705932684, 1.9598935566, 0.88418490882, 1.6799697356, 2.7748547972, 1.0324885752, 0.27544643905, 0.35061657078, 0.33527682213, 0.082635437757, 1.3575100567, 1.3639587619, 4.9474475004, 0.15740417699, 1.5143358804, 0.51888172895, 0.035644333872, 0.67811543067, 0.41395434393, 0.26822082312, 0.51919577638, 1.4853591149, 1.1219447889, 1.616379249, 1.2212787437, 3.4309118542, 0.14212432422, 2.7716828683, 5.7554595408, 0.91934629893, 2.9769933275, 0.16965917993],
      [31.4906001897, 13.2734818534, 1.196482336, 1.1450134405, 8.6204478373, 18.6092288478, 9.1558944498, 4.0910301117, 1.4830972375, 36.559039387, 18.9041032653, 16.5528652304, 9.8534204899, 32.081466313, 1.6045810854, 35.6969601517, 19.0853238752, 16.4927794323, 14.1278483671, 4.7488050475, 9.3629780924, 20.6967049494, 29.8052810042, 14.590984026, 17.9133001882, 7.5042202565, 1.1757923348, 25.6367579321, 64.7328866856, 5.9256089957, 20.2440069774, 38.9367217381, 6.0960780907, 5.0043815755, 19.5568539276, 10.1464701422, 8.9244968323, 13.109459234, 26.374831794, 11.0307320705, 0.75651739264, 6.7856504631, 6.549565054, 1.6930807578, 5.9930625927, 23.1018656282, 37.8648528413, 1.4081260211, 3.0954730033, 9.7775928958, 0.29513776965, 2.1438221771, 2.425490842, 4.3405966398, 5.1113255429, 10.9474850057, 13.0802931244, 14.4256727817, 12.2663818599, 32.2539522845, 1.2839051618, 32.621542562, 58.943119195, 10.6451571201, 71.8840752495, 5.2070578277]
    ],
    [
      [6.9176454588, 4.4629259117, 0.84794838883, 1.3796974376, 2.3021509187, 1.2059284608, 1.9630090912, 0, 0.38502512687, 1.0638750819, 0.81174502137, 0.74208775085, 0.2169061887, 1.5877558535, 0, 3.920383399, 2.9835741176, 4.3886397506, 1.6192897848, 0, 6.2333934479, 3.4853969873, 7.0830840717, 3.8362736311, 4.8204990205, 1.8389765836, 1.1572882143, 4.3135740897, 7.0752003641, 2.3438755199, 3.2790522544, 4.4431892615, 1.7882201951, 2.0855733702, 2.6185545518, 0.5475779152, 1.3146301027, 2.2714687484, 4.2277609381, 0.3240785671, 0, 0.32751431023, 1.8252635173, 1.7942855431, 1.059380965, 2.8022902661, 3.1676276544, 0.76650549691, 0.85400032646, 3.1365913797, 0, 1.7088574441, 2.2807075961, 1.711496106, 0.79597115129, 2.8427390919, 3.0331941309, 5.8851163368, 1.5545004687, 1.5564229414, 0, 1.3913642949, 10.2005969266, 2.4154875361, 15.2525254642, 4.5625625826],
      [10.4804937406, 6.0713786654, 0, 1.6647581939, 2.4230122561, 3.0260635291, 1.8617480946, 2.8688944597, 0.95718553447, 3.1985373824, 1.2240592369, 1.6757380739, 0.17719008787, 5.6941391864, 2.0548074533, 14.3933605094, 4.8935329177, 10.333493416, 4.7407810156, 5.6552903885, 10.521252343, 21.5718572557, 11.6002015992, 9.2884489302, 8.6475227347, 1.9244650844, 0.72375498188, 6.9611457456, 14.8016798874, 2.1993004803, 4.4873889975, 9.6317185726, 2.5255837958, 1.9531041117, 6.854092777, 1.1094582266, 3.2362132973, 2.9136298053, 5.1144491166, 1.135553404, 1.698960758, 4.0173578395, 1.752812728, 3.2972679186, 0.84368776378, 13.0755819561, 8.1090812797, 0.47600230962, 0, 6.2245450545, 0.88671035987, 2.0152372492, 4.1023166459, 2.5176705858, 0.4825725867, 7.0777889049, 4.0598012473, 6.7158434147, 3.0575046045, 10.517743139, 0.13800292288, 17.6449648671, 22.3586866226, 3.1029167396, 34.5389583746, 7.8657030998],
      [279.0881412127, 190.0720114969, 56.5946238952, 84.9543586157, 173.7911447979, 22.6287731922, 75.0088665817, 46.833363511, 60.6244252784, 96.6190761116, 106.2809981912, 73.6629974891, 6.4694812626, 123.6021331264, 50.5337311795, 591.2308235987, 176.9997586942, 328.0604317634, 140.8977488874, 295.325740019, 614.2453542091, 1062.0473494124, 433.8471754477, 471.8018413455, 631.9566237063, 217.2536719013, 58.1892473571, 282.5352888529, 712.2217464535, 210.5409606848, 220.9545396788, 439.0871889075, 149.9586565265, 141.2074108901, 151.5255789535, 85.3429638582, 132.2259840428, 150.6661168031, 388.9641559342, 64.8295707864, 88.9516416846, 189.8624921355, 140.9953878739, 65.6740262957, 88.0969312713, 184.0737559113, 465.1646538495, 84.8659883485, 53.1459996735, 207.9418564357, 12.8837538056, 121.2759053067, 253.1665997717, 125.7763960036, 71.8286434231, 310.622973083, 174.0647033118, 194.5672008499, 184.4819104833, 563.8406831233, 50.3331851931, 246.963670838, 1195.1453045315, 154.6701795779, 778.348286823, 127.3598845048],
      [4.513719588, 2.393683926, 0.55742771595, 1.0011857529, 1.4836920273, 1.1392348179, 1.1663762325, 0.29774202931, 1.0333640602, 2.1185114241, 0.68319755054, 0.91917668612, 0.13642246086, 3.1159718338, 1.4114613672, 7.4554324929, 2.1231342705, 3.21743507, 1.7421803122, 1.0189695926, 0, 3.8953963446, 6.4695388814, 3.0734360933, 3.5753545385, 0.98288643068, 0.92970944674, 3.1899913118, 7.901373295, 1.915863315, 2.2790190693, 3.8379032584, 1.7275394825, 1.753911628, 0.0017737176748, 0, 1.2231725572, 1.1487846432, 3.6936340111, 0.7107972425, 0.34939755744, 1.7926357148, 0.42653588073, 1.2344202426, 0, 6.0483718664, 3.5586372164, 0.89150384495, 0, 3.6970071302, 0.2295358345, 0, 0.45037598624, 1.9944373046, 0.89281283896, 0.45649892018, 1.84230131, 2.8318393986, 1.9060844436, 5.0851507963, 0.52881188403, 0, 11.2954119193, 1.8114161464, 14.8602293382, 3.2118498129]
    ],
    [
      [2.8927095266, 1.55991501, 0.060894227751, 0.4247191423, 0.6644011707, 0.23608597694, 0.84326952559, 1.4363267764, 0.035985095847, 0.68164191162, 0.64284797091, 0.53348231351, 0.45074508309, 0.94743966274, 0, 1.8855218174, 1.3279128815, 1.5988933744, 0.68508175569, 0.38066143276, 1.1802173742, 1.2680319498, 1.6196108988, 0.95819499427, 1.0786899898, 0.77886838254, 0.20264174585, 2.1883057476, 2.7295728569, 0.18403222098, 1.5467060662, 1.882558258, 0.36156775806, 0.79140124562, 1.0778751976, 0.16411357725, 0.76924824461, 1.3348098948, 1.961542095, 0.31284089358, 0, 0.1648528719, 0.36393131057, 0.1743278346, 0.12097337953, 0.46276369624, 1.625638412, 0.051058346639, 0.085747561369, 0.61894179875, 0, 0.36473078619, 0.35978325301, 0.20626127526, 0.21888266721, 0.96712562322, 1.5760513889, 1.8619173325, 0.62625642607, 1.5680363259, 0, 0.61347695678, 4.1293119919, 1.1641698958, 5.4337411301, 0.1992469324],
