{
  "Z_true": {},
  "V_true": [
    [285, 1314, 91, 3343, 36],
    [391, 1334, 260, 15363, 266],
    [172, 212, 8566, 1059, 270],
    [48, 45, 291, 721, 777],
    [703, 95, 133, 553, 25],
    [46, 53, 164, 220, 149]
  ],
  "p_true": [
    [0.0562, 0.2592, 0.018, 0.6595, 0.0071],
    [0.0222, 0.0757, 0.0148, 0.8722, 0.0151],
    [0.0167, 0.0206, 0.8333, 0.103, 0.0263],
    [0.0255, 0.0239, 0.1546, 0.3831, 0.4129],
    [0.4659, 0.063, 0.0881, 0.3665, 0.0166],
    [0.0728, 0.0839, 0.2595, 0.3481, 0.2358]
  ],
  "Z_est": [
    [
      [1, 16, 11, 11, 9, 51, 8, 0.9997, 2, 0.8687, 0, 2, 4, 4, 3, 2, 2, 0, 0.8879, 1.9994, 3, 1.9981, 0.4526, 0, 0.4059, 6, 3, 5, 4.0002, 6, 5, 3, 7, 5.0001, 3.0314, 3, 0.9902, 1.9924, 3, 3, 2.9997, 1.8364, 3, 0, 4, 4, 8, 5, 6, 1.9991, 3, 4.9909, 5, 5, 3, 4, 3, 0.8226, 0.1504, 2, 3, 9, 4, 2.9992, 17, 35, 18],
      [2, 30, 19, 10, 19, 98, 7, 1.0058, 1, 0.025, 0, 1, 11, 4, 2, 2, 1, 0, 0.5983, 1.6015e-06, 1, 0.0014, 0.0881, 0, 0.7874, 5, 3, 4, 2.0002, 4, 5, 5, 4, 4.0001, 0.9727, 2.9855e-14, 0.9991, 0.0004, 2.0003, 2, 1, 3.082, 3, 0, 5, 2, 10, 9, 6, 6.5564e-06, 2, 3.012, 12, 4, 2, 2, 1, 0.5314, 0.0885, 2, 1, 11, 2, 1.0005, 49, 51, 26],
      [5, 106, 43, 40, 21, 153, 22, 4.9968, 17, 1.1159, 0.5954, 11, 15, 16, 7, 12, 12, 0.2832, 2.0464, 2.0009, 5, 0.001, 0.1289, 0, 6.051, 10, 7.0001, 17, 3.9998, 18, 16, 8, 11, 6.9999, 3.0297, 5, 4.0088, 6.9902, 4.9999, 15, 8.0005, 4.0535, 30, 0, 29, 18, 20, 16, 14, 5.0005, 9, 1.0031, 13, 9, 24, 19, 7, 0.1112, 0.4112, 9.9999, 14, 20, 19, 5.0007, 49, 100, 61],
      [12, 232, 100, 106, 91, 573, 56, 10.9915, 18, 1.9557, 0.4046, 10, 70, 29, 21, 13, 20, 0.6414, 4.2015, 5.9997, 20, 2.999, 1.252, 0, 1.7418, 30, 17.9999, 29, 14.9998, 40, 31, 24, 31, 18.9998, 6.9622, 14, 3.0097, 4.017, 10.9997, 30, 16.9997, 14.0326, 33, 0, 55, 33, 75, 67, 73, 4.0005, 30, 18.991, 51, 30, 39, 24, 21, 2.4546, 1.3244, 17.0001, 15, 49, 35, 12.9993, 196, 219, 121],
      [1, 14, 4, 4, 4, 18, 2, 0.0062, 1, 0.0348, 0, 3, 4, 1, 1, 2, 1, 0.0754, 0.266, 1.8131e-06, 2, 0.0005, 0.0784, 0, 0.0138, 1.1478e-06, 1, 1, 1, 3, 1, 1, 1, 1.5874e-06, 0.004, 1, 0.9922, 0.9999, 0.0001, 2, 2.0001, 0.9955, 1, 0, 4, 1, 7, 5, 1, 1, 2, 0.003, 2, 2, 2, 1, 1, 0.0802, 0.0254, 0, 3, 5, 2, 0.0003, 4, 16, 11]
    ],
    [
      [2, 45, 21, 19, 27, 96, 17, 1.9997, 3, 2.9639, 0, 2, 10, 13, 7, 1, 2, 0, 1.7174, 3.0003, 12, 3.0001, 1.2678, 0, 0.0226, 11, 2, 5, 6.9997, 19, 9, 5, 11, 4.9999, 5.9759, 9, 0, 0.0068, 2.9998, 9, 4.0005, 1.0551, 5, 0.3414, 17, 13, 18, 17, 15, 0.0005, 14, 7.0027, 15, 13, 8, 10, 5, 2.6589, 2.2984, 1, 3, 10, 14, 2.9995, 30, 101, 64],
      [10, 97, 49, 28, 56, 196, 20, 3.9988, 10, 1.7861, 0, 9, 49, 22, 18, 10, 12, 0, 4.1448, 8.9997, 27, 4.9982, 2.2244, 2.3411, 1.7599, 14, 11, 12, 11.9996, 17, 16, 16, 12, 10.9998, 4.9507, 8, 4.0175, 2.993, 8.9997, 18, 5.9998, 4.9198, 12, 1.2724, 35, 16, 29, 39, 18, 6.9986, 22, 11.9816, 39, 20, 13, 16, 15, 2.8747, 4.9011, 7, 12, 19, 20, 6.998, 91, 161, 103],
      [40, 330, 105, 95, 62, 303, 58, 34.9889, 113, 8.4963, 1.3297, 69, 62, 85, 49, 71, 103, 2.8908, 12.8732, 36.9988, 76, 7.9974, 4.586, 0.673, 15.2156, 26, 21, 38, 17.9998, 73, 42, 25, 29, 16.0001, 11.9472, 75, 31.9559, 19.0015, 19.9996, 115, 22.9997, 7.8466, 103, 11.2169, 197, 109, 56, 66, 38, 49.0018, 68, 3.9998, 43, 36, 105, 98, 54, 0.7087, 14.7826, 35, 73, 31, 152, 21.9995, 90, 311, 242],
      [92, 724, 244, 250, 269, 1130, 146, 71.0159, 117, 15.5702, 0.6703, 63, 294, 149, 146, 74, 172, 7.0836, 21.0296, 91.0009, 289, 42.0052, 26.6156, 5.2376, 3.2169, 78, 51.9999, 65, 63.0009, 161, 80, 72, 78, 39.0002, 23.1353, 188, 25.0267, 10.0035, 43.0009, 232, 47.0001, 24.0826, 116, 12.602, 365, 198, 211, 278, 200, 34.0023, 219, 58.0158, 164, 120, 168, 126, 159, 11.2033, 29.4464, 61, 79, 73, 272, 59.0024, 358, 679, 476],
      [11, 43, 10, 11, 12, 35, 6, 2.9967, 7, 1.1835, 0, 18, 17, 9, 12, 15, 15, 1.0255, 2.235, 9.0003, 28, 3.9991, 4.3062, 0.7482, 0.7849, 1, 3, 3, 5.0001, 12, 2, 4, 3, 1, 0.9908, 21, 7.9999, 2.9953, 2, 19, 5.9998, 2.0959, 5, 2.5673, 28, 11, 21, 22, 3, 10.9968, 14, 2, 6, 10, 9, 6, 13, 0.5543, 1.5715, 3, 17, 7, 21, 2.0006, 7, 49, 45]
    ],
    [
      [1, 26, 12, 11, 9, 42, 9, 1.0002, 4, 1.9435, 0, 2, 2, 8, 2, 2, 1, 0, 1.2643, 0.9997, 3, 0.001, 0.0915, 0, 1.5701, 4, 1, 4, 2.9999, 11, 5, 2, 8, 2.9999, 3.9763, 3, 0.0098, 0.9994, 2, 4, 1.9997, 0.0938, 6, 0.4944, 10, 8, 6, 4, 4, 1.2244e-07, 4, 0.0089, 3, 4, 6, 11, 2, 0.2258, 1.4607, 1, 3, 7, 9, 1.0008, 9, 59, 40],
      [4, 57, 29, 15, 17, 85, 12, 1.9949, 8, 1.0008, 0, 9, 12, 15, 6, 9, 6, 0, 2.8068, 1.9997, 6, 0.9996, 0.548, 0.4668, 2.8714, 7, 5.9998, 9, 4.9999, 12, 11, 6, 8, 5, 2.0518, 4, 3.9815, 2.0022, 4, 11, 3.9998, 1.9344, 14, 0.6101, 25, 11, 13, 13, 9, 8.0004, 9, 1, 13, 8, 12, 17, 5, 0.3468, 2.7375, 3, 10, 12, 13, 2.0004, 29, 96, 63],
      [21, 196, 63, 61, 18, 135, 34, 22.0135, 134, 8.9998, 2.8125, 85, 16, 58, 22, 82, 71, 2.2176, 8.7081, 20.9988, 24, 3.0009, 0.7346, 0.2078, 72.0232, 12, 14.9998, 32, 8.0004, 47, 31, 11, 22, 11, 11.0078, 33, 43.049, 53.0043, 15.0001, 64, 18.9997, 4.9772, 132, 15.7339, 134, 73, 24, 22, 14, 81.0014, 26, 1.9969, 13, 15, 99, 109, 22, 0.0611, 8.6937, 25, 80, 25, 101, 14.9986, 30, 184, 154],
      [45, 429, 145, 151, 79, 496, 83, 43.9878, 135, 13.0016, 1.1875, 77, 72, 100, 56, 84, 115, 4.0766, 16.1228, 42.0012, 81, 10.9987, 6.0414, 1.1654, 18.0114, 34, 35.0003, 53, 26.9998, 101, 56, 28, 56, 21.9999, 16.938, 81, 32.9695, 24.9944, 25.9998, 128, 37.0007, 11.8782, 146, 15.6239, 248, 132, 85, 85, 76, 53.9977, 81, 5.9943, 49, 44, 156, 139, 60, 1.3272, 13.9195, 40, 84, 54, 180, 32.0002, 113, 401, 298],
      [5, 26, 6, 6, 3, 15, 3, 1.0036, 8, 1.0542, 0, 22, 4, 6, 4, 17, 10, 0.7059, 1.098, 4.0006, 8, 0.9998, 0.5846, 0.1601, 4.5239, 1.3012e-06, 2, 3, 2, 7, 2, 1, 2, 0.0001, 0.0261, 9, 10.9902, 7.9997, 1, 10, 5.0002, 1.1165, 7, 2.5377, 19, 7, 8, 6, 1, 18.0005, 5, 0, 2, 3, 8, 6, 5, 0.0392, 1.1887, 2, 19, 5, 14, 1, 2, 29, 28]
    ],
    [
      [2.4033e-07, 5, 1, 1, 1, 3, 1, 0.0003, 6.1053e-11, 0.1376, 0, 4.1103e-12, 1, 1, 1, 1.0215e-10, 1.5309e-08, 0, 0.1242, 0.0003, 1, 0.0001, 0.1739, 0, 0.0011, 7.7535e-07, 1.5705e-06, 4.7152e-08, 5.5517e-08, 1, 8.674e-08, 9.9085e-07, 2.6005e-10, 5.169e-07, 0.0017, 1, 0, 0.0001, 0.0001, 3.2153e-17, 0.0002, 0.0094, 5.476e-16, 0.1039, 1, 1, 2, 1, 1.7881e-14, 3.1238e-06, 1, 0.0001, 1.6751e-12, 1, 4.4374e-14, 1, 7.9572e-10, 0.1465, 0.0905, 1.1923e-06, 3.5938e-14, 2, 1, 0.0003, 1, 7, 6],
      [1, 10, 3, 1, 4, 6, 1, 0.0003, 1.0517e-10, 0.1499, 0, 2, 4, 2, 2, 2, 1, 0, 0.3124, 0.0006, 3, 0.0002, 0.1224, 0.1921, 0.5619, 2.4067e-07, 1.0001, 1, 7.8311e-07, 1, 1, 1, 9.5769e-10, 7.3833e-06, 0.0028, 1, 1.0019, 0.0037, 0.9999, 1, 0.0002, 0.0385, 1, 0.0915, 5, 1, 3, 5, 1, 1.0005, 2, 0.003, 1, 1, 1, 1, 1, 0.0765, 0.273, 0, 2, 3, 3, 0.0003, 3, 12, 9],
      [8, 39, 9, 7, 4, 10, 5, 5.0038, 12, 3.2252, 0, 21, 8, 13, 8, 18, 10, 0.6084, 1.1817, 5.0012, 10, 1.0002, 0.4762, 0.1192, 7.1785, 2, 2, 6, 3.9999, 9, 4, 3, 3, 2, 0.9964, 16, 12.006, 7.005, 3.0002, 11, 5.0003, 1.0043, 13, 3.9408, 23, 14, 6, 9, 4, 17.9977, 11, 0.997, 4, 4, 11, 11, 9, 0.0426, 2.1125, 4, 19, 6, 23, 4.0008, 4, 27, 23],
      [17, 82, 22, 19, 14, 35, 9, 11.9991, 14, 8.4013, 0, 23, 31, 21, 25, 21, 20, 1.1984, 2.2164, 14.998, 38, 4.9992, 5.4651, 0.597, 1.228, 2, 8.9998, 9, 5.0001, 16, 7, 9, 2, 3, 0.9989, 35, 10.9755, 4.9885, 7.9997, 25, 9.9995, 3.8919, 15, 4.1815, 42, 24, 27, 38, 12, 12, 30, 6.9969, 8, 14, 17, 17, 26, 0.6961, 1.3097, 7, 22, 16, 37, 13.9981, 15, 54, 46],
      [2, 5, 2.2136e-13, 5.4433e-16, 1.0099e-23, 1, 1.7486e-13, 0.9966, 1.6591e-10, 0.0859, 0, 5, 1, 1, 1, 4, 1, 0.1932, 0.1653, 1, 3, 0.0004, 0.7625, 0.0917, 0.0306, 3.6117e-07, 0.0001, 4.1589e-08, 4.7745e-06, 1, 8.5767e-08, 7.7645e-08, 1.5135e-07, 1.3723e-06, 0.0002, 4, 3.0166, 1.0027, 0.0001, 1, 0.9998, 0.056, 3.4541e-16, 0.6823, 3, 1, 2, 2, 1.3014e-13, 3.0019, 2, 0.0031, 4.5478e-13, 1, 1.3367e-11, 4.4849e-17, 2, 0.0382, 0.2144, 6.5404e-06, 4, 1, 2, 0.0005, 2.9661e-27, 3, 4]
    ],
    [
      [8.3508e-07, 2, 2, 2, 2, 13, 2, 0, 2.4874e-11, 0.0825, 0, 4.2146e-12, 9.0882e-22, 1, 7.8669e-11, 7.7917e-11, 1.1061e-12, 0, 0.0062, 0.0003, 2.9953e-17, 0.0006, 0, 0, 0.0001, 1, 1.1398e-06, 3.5785e-09, 0.0002, 2, 1, 1.5414e-08, 1, 1, 1.0111, 1.689e-15, 0, 0.0012, 0.0001, 4.2773e-17, 5.3297e-06, 0.005, 1.816e-16, 0.0603, 4.5073e-22, 3.847e-14, 1, 2.1722e-14, 1.5585e-13, 1.9075e-08, 1.7854e-19, 0.9974, 5.5292e-14, 1, 2.6674e-11, 3.7156e-17, 1.2989e-06, 0.1075, 0, 5.4369e-07, 2.3685e-15, 1, 1.1695e-27, 0.0001, 2, 12, 7],
      [1.6356e-10, 5, 4, 2, 6, 28, 2, 0, 2.5288e-11, 0.0309, 0, 1.7196e-10, 2, 2, 7.7257e-09, 1.4782e-10, 2.4347e-14, 0, 0.1377, 1.7151e-06, 5.9905e-17, 0.0006, 0, 0, 0.0185, 1, 1, 1, 0.0002, 2, 2, 1, 1, 1.0001, 0.0219, 3.0733e-13, 0, 0.0007, 0.0001, 2.0359e-13, 0, 0.0146, 1, 0.0261, 1, 5.0645e-19, 2, 2, 2.1829e-14, 0.0005, 1, 1.0033, 2, 1, 2.6694e-11, 1, 2.5622e-10, 0.1003, 0, 5.7802e-07, 4.1491e-14, 2, 1.5665e-23, 0.0005, 9, 20, 11],
      [8.3433e-07, 18, 10, 10, 7, 43, 8, 0, 2, 1.1015, 0, 2, 2, 10, 1, 3, 2, 0, 0.1906, 0.9997, 1, 1.0005, 0, 0, 1.5438, 3, 2.0001, 5, 2.0001, 9, 6, 2, 4, 2.9999, 1.9854, 2, 2.9912, 2.0029, 1, 4, 1.9998, 0.0945, 9, 1.1084, 12, 5, 5, 3, 3, 2.0005, 4, 0.0032, 2, 2, 6, 9, 1, 0.0333, 0, 0, 3, 4, 8, 2.0003, 9, 39, 27],
      [3, 44, 23, 29, 30, 165, 24, 0, 3, 1.9905, 0, 2, 14, 19, 6, 3, 3, 0, 0.4297, 4.0006, 9, 6.9984, 0, 0, 0.0229, 13, 6.9999, 11, 7.9994, 22, 13, 8, 14, 10.9999, 5.9922, 9, 2.9902, 0.9973, 4.9999, 8, 5.0001, 2.0877, 12, 1.5926, 18, 11, 21, 17, 9, 2.9991, 14, 10.9961, 12, 11, 11, 13, 6, 0.7321, 0, 3, 4, 11, 16, 5.0001, 39, 87, 55],
      [2.2303e-07, 2, 2, 2, 1, 5, 2, 0, 1, 0.7946, 0, 2, 1, 1, 2, 2, 1, 0, 0.2358, 1.9994, 2.9972e-17, 0.9999, 0, 0, 0.4146, 1, 1, 2, 0.0001, 1, 5.8432e-10, 7.4088e-08, 6.0032e-10, 0.0001, 0.9894, 1, 1.0186, 1.9978, 0.9999, 2, 1, 1.7982, 1, 0.2127, 1, 2, 2, 3, 2.7292e-16, 1, 9.315e-18, 1, 1, 1, 1, 1, 1, 0.0268, 0, 5.1913e-06, 1, 2, 1, 1.999, 1.2658e-22, 6, 5]
    ],
    [
      [7.2808e-10, 1, 5.3775e-14, 5.4433e-16, 5.1859e-24, 4, 5.5305e-16, 0.0002, 2.5448e-15, 0.0038, 0, 6.8714e-12, 4.459e-22, 3.0438e-09, 6.5724e-11, 8.227e-13, 1.0131e-13, 0, 0, 3.3707e-07, 2.9956e-17, 0, 0.0143, 0, 0.0003, 3.3067e-07, 4.3681e-07, 8.3597e-11, 6.6855e-09, 1.1196e-17, 6.2436e-12, 8.2247e-07, 1.5158e-07, 0, 0.0035, 2.731e-13, 1.2631e-06, 0.0001, 1.0898e-06, 5.3312e-21, 6.9669e-08, 0.0004, 3.1592e-16, 0, 2.4728e-25, 5.1292e-14, 3.069e-15, 1.0706e-26, 9.5315e-14, 0.0005, 6.858e-13, 5.8888e-06, 8.7371e-13, 5.1723e-13, 1.3331e-11, 4.544e-17, 2.5621e-10, 0.0386, 0, 2.3085e-06, 3.244e-14, 7.9089e-13, 1.6935e-19, 0.0001, 5.0632e-23, 3, 2],
      [2.3751e-09, 2, 1, 1, 1, 8, 3.4863e-13, 0.0002, 5.0121e-11, 0.0073, 0, 1.684e-10, 7.8034e-23, 3.0926e-15, 3.8195e-09, 3.0979e-10, 1.9764e-12, 0, 0, 7.054e-09, 2.9962e-17, 0, 0.0172, 0, 0.0008, 5.0785e-07, 0.0001, 3.631e-10, 0.0001, 7.9736e-18, 1, 1.1673e-08, 1.5129e-07, 0, 0.0001, 6.2993e-13, 0, 0.0001, 0, 8.1434e-13, 0.0002, 0.0107, 3.6412e-16, 0, 1.3522e-21, 5.614e-19, 1, 1, 6.1992e-14, 1.7716e-07, 9.2663e-18, 0.0002, 1, 2.6962e-12, 6.199e-20, 3.839e-18, 6.5941e-15, 0.0702, 0, 0, 1.7606e-14, 1, 5.6246e-27, 0.0002, 2, 5, 4],
      [2, 9, 2, 3, 2, 12, 1, 0.997, 1, 0.0613, 1.2624, 2, 3.1953e-22, 3, 1.872e-11, 2, 4, 0, 0, 0.0006, 1, 0.0001, 0.0744, 0, 0.9878, 3.6086e-07, 1, 1, 1.8195e-08, 2, 2, 8.8334e-07, 1, 1, 0.0334, 2, 1.9892, 1.9961, 0.0002, 2, 1, 0.0239, 5, 0, 4, 3, 3, 2, 1, 4.9981, 2, 0, 1, 1, 1, 3, 2, 0.0431, 0, 1, 4, 2, 6, 0.0002, 2, 11, 9],
      [4, 22, 5, 9, 10, 46, 4, 2.0057, 1, 0.0807, 0.7376, 1, 4, 5, 1, 2, 7, 0, 0, 0.9997, 6, 0.9996, 0.6259, 0, 0.7789, 2, 2, 2, 2.0001, 6, 5, 2, 6, 4.0001, 0.9734, 6, 1.0283, 0.9992, 1, 4, 1.9998, 1.0271, 6, 0, 10, 5, 11, 9, 11, 4.0005, 9, 2.0059, 4, 4, 2, 3, 6, 0.5868, 0, 3, 4, 5, 10, 1, 9, 24, 19],
      [2, 3, 2, 3, 2, 3, 2, 0.9969, 1, 0.847, 0, 2, 2, 2, 1, 2, 2, 0, 0, 0.9997, 3, 1.0002, 1.2683, 0, 0.2321, 2, 1.9999, 1, 1.9998, 2, 2, 2, 2, 2.9999, 0.9895, 2, 1.9825, 1.0045, 1.9998, 1, 1, 0.938, 2, 0, 2, 2, 4, 2, 2, 3.0009, 3, 1.9939, 1, 2, 1, 2, 2, 0.2613, 0, 2, 3, 2, 3, 0.9995, 3, 4, 3]
    ]
  ],
  "V_est": [
    [352.4249, 461.1931, 1143.8286, 2960.9775, 150.5759],
    [785.3109, 1544.1594, 4347.5096, 10248.9682, 688.0518],
    [397.1396, 794.3525, 2998.2409, 5669.2375, 420.0295],
    [43.7901, 108.8315, 550.8976, 1109.1386, 69.3421],
    [56.2727, 115.3561, 332.0557, 927.8287, 77.4869],
    [10.0618, 29.1074, 132.4676, 342.8494, 117.5138]
  ],
  "p_est": [
    [0.0695, 0.091, 0.2257, 0.5841, 0.0297],
    [0.0446, 0.0877, 0.2468, 0.5819, 0.0391],
    [0.0386, 0.0773, 0.2917, 0.5515, 0.0409],
    [0.0233, 0.0578, 0.2927, 0.5893, 0.0368],
    [0.0373, 0.0764, 0.2201, 0.6149, 0.0513],
    [0.0159, 0.0461, 0.2096, 0.5425, 0.1859]
  ],
  "EI_Z": {},
  "EI_V": 36.2257,
  "MAE_Z": {},
  "MAE_V": 893.2043,
  "MAE_p": 0.1385,
  "runtime": 0.5681
}
