{
  "Z_true": {},
  "V_true": [
    [465, 37, 49, 2453, 35],
    [35, 924, 713, 293, 55],
    [87, 736, 6309, 423, 423],
    [1030, 380, 184, 21064, 348],
    [66, 139, 588, 630, 754]
  ],
  "p_true": [
    [0.153, 0.0122, 0.0161, 0.8072, 0.0115],
    [0.0173, 0.4574, 0.353, 0.145, 0.0272],
    [0.0109, 0.0923, 0.7908, 0.053, 0.053],
    [0.0448, 0.0165, 0.008, 0.9156, 0.0151],
    [0.0303, 0.0638, 0.2701, 0.2894, 0.3463]
  ],
  "Z_est": [
    [
      [13.0544, 8.6081, 0.9064, 1.854, 2.7433, 0.2364, 5.0019, 9.8145, 4.2193, 8.3033, 11.8487, 12.8451, 19.9692, 14.221, 32.6355, 9.2849, 17.9988, 22.9341, 35.4137, 1.79, 23.0368, 2.3938, 2.8408, 16.6103, 16.1492, 0.5606, 0.7783, 14.9963, 7.8781, 10.5341, 17.9682, 8.7509, 34.7698, 16.4192, 0.8873, 45.7671, 5.3979, 42.4261, 8.2257],
      [4.783, 3.721, 0.5451, 0.7249, 0.6762, 0.2078, 0.7707, 3.5427, 0.5457, 4.1335, 5.6789, 5.6985, 7.5907, 3.6297, 12.0562, 5.2271, 5.1413, 8.0343, 11.7861, 0.8431, 6.0732, 0.6193, 0.6059, 7.5476, 3.0673, 0.3835, 0.198, 3.6774, 2.2852, 1.6482, 4.7817, 2.3067, 10.303, 5.1946, 0.2191, 15.4984, 2.0457, 16.715, 4.2647],
      [0.1084, 0.0574, 0.0025, 0.0175, 0.1524, 0.0342, 0.0868, 0.1119, 0.1498, 0.5758, 0.3951, 0.0221, 0.0172, 0.0089, 0.0833, 0.1022, 0.0709, 0.3323, 0.3921, 0.0335, 0.094, 0.005, 0.5455, 0.1702, 0.0774, 0.0107, 0.0819, 0.0366, 0.4267, 0.4483, 0.0563, 0.0101, 0.0396, 0.0263, 0.0001, 0.1097, 0.0117, 9.8282, 3.9498],
      [48.7494, 39.5818, 6.5435, 8.3744, 9.416, 2.5199, 17.1298, 46.4277, 15.0764, 61.9106, 63.8839, 63.4192, 130.3405, 59.1017, 187.0827, 49.3359, 64.7045, 97.9067, 144.1487, 9.3185, 95.6829, 9.9787, 6.7359, 91.5612, 70.5917, 4.0435, 3.9381, 53.2378, 24.049, 26.9853, 82.1251, 51.8841, 150.7426, 69.2509, 3.892, 279.4699, 27.5346, 121.1718, 30.6105],
      [0.3048, 0.0317, 0.0025, 0.0292, 0.0122, 0.0016, 0.0109, 0.1033, 0.0088, 0.0768, 0.1934, 0.0151, 0.0825, 0.0387, 0.1423, 0.0498, 0.0846, 0.7926, 0.2594, 0.0151, 0.1131, 0.0031, 0.2719, 0.1108, 0.1144, 0.0016, 0.0037, 0.0519, 0.3611, 0.3842, 0.066, 0.0482, 0.1451, 0.1091, 0.0015, 0.1549, 0.0101, 3.859, 0.9493]
    ],
    [
      [5.5085, 3.9817, 0.4341, 0.8958, 1.4765, 0.116, 2.0118, 4.6302, 2.2955, 3.1698, 5.2689, 6.765, 6.1129, 4.262, 12.262, 4.2967, 7.0225, 8.2983, 14.148, 0.6553, 6.9993, 0.9482, 1.7667, 7.3432, 3.6636, 0.3685, 0.1808, 5.621, 3.4392, 2.5122, 6.518, 2.8605, 12.8263, 7.104, 0.4428, 15.2375, 2.3766, 24.1415, 5.1634],
      [16.6712, 15.8584, 2.399, 3.3412, 6.6872, 2.6451, 4.4138, 17.7769, 6.4338, 14.2812, 24.311, 29.7661, 19.6816, 10.3169, 38.4774, 22.2895, 17.4856, 25.8892, 41.5299, 1.9486, 16.8094, 2.4364, 3.5811, 29.7951, 6.9079, 3.8008, 1.3509, 12.4726, 8.8927, 3.6025, 15.3318, 7.0547, 33.8293, 20.4208, 2.9335, 50.6757, 9.213, 90.0994, 29.9996],
      [2.8165, 2.0562, 0.144, 0.5268, 2.6234, 0.8678, 0.8522, 3.8202, 2.3631, 7.0442, 5.7396, 2.4955, 1.9666, 1.0951, 5.499, 3.5271, 3.4077, 6.9662, 8.6581, 0.3255, 2.9158, 0.1653, 1.4207, 6.2386, 1.167, 0.6552, 0.4748, 1.9422, 1.5176, 2.3339, 2.9718, 0.9318, 4.5766, 3.1705, 0.1525, 7.2815, 0.7272, 13.8247, 5.3307],
      [20.3739, 17.8108, 4.02, 4.1107, 7.1627, 1.3645, 5.7129, 27.013, 9.8863, 26.4238, 27.7562, 56.9476, 30.4332, 15.3234, 67.9951, 25.1366, 26.1002, 34.0625, 53.4286, 2.002, 24.9304, 4.4469, 8.1291, 47.5749, 11.459, 5.1656, 0.9909, 18.9532, 11.6755, 5.1599, 29.2581, 15.2802, 54.8698, 35.5634, 5.4652, 90.4864, 16.6692, 91.0657, 49.4334],
      [1.6298, 0.2929, 0.0029, 0.1256, 0.0502, 0.0067, 0.0093, 0.7598, 0.0214, 0.0809, 0.9242, 0.0258, 1.8055, 1.0025, 2.7665, 0.75, 0.984, 2.7838, 3.2354, 0.0685, 1.345, 0.0032, 0.1022, 2.0482, 0.8023, 0.0099, 0.0026, 1.0109, 0.4752, 0.3915, 0.9457, 0.8726, 2.8982, 1.7411, 0.006, 4.3192, 0.014, 0.8686, 0.0729]
    ],
    [
      [2.3162, 2.3795, 0.2812, 0.4885, 1.3482, 0.2285, 5.8987, 1.7281, 5.249, 0.8262, 2.1776, 2.3751, 4.636, 4.0743, 5.6342, 1.4586, 3.8297, 2.8903, 6.649, 0.5486, 5.1544, 1.0441, 0.8233, 2.6687, 4.4595, 0.1872, 0.659, 4.8686, 2.0251, 0.6538, 2.6147, 1.4038, 6.078, 2.667, 0.2175, 6.4288, 1.4005, 13.4663, 1.2863],
      [6.4588, 11.9999, 3.9741, 1.5929, 4.9728, 8.0551, 10.0762, 5.331, 9.5298, 2.2297, 8.0219, 20.1502, 15.6308, 10.9413, 23.0487, 11.4166, 7.6501, 4.9527, 16.3789, 1.6642, 10.6256, 2.8884, 1.1669, 11.091, 5.8902, 2.689, 4.2472, 11.9113, 4.8752, 0.405, 5.3042, 3.6907, 19.0564, 7.4491, 2.9551, 21.4393, 7.0845, 62.4944, 8.2619],
      [112.3034, 137.3513, 27.1384, 27.3469, 269.696, 182.5383, 283.1106, 168.6867, 441.4686, 82.7371, 234.4334, 207.537, 112.8382, 66.1889, 269.3649, 126.0809, 111.7335, 214.3727, 405.7616, 9.9502, 139.3418, 45.1954, 53.1565, 269.1921, 58.6594, 62.6336, 169.5038, 102.3877, 51.5579, 33.9576, 102.0906, 53.0555, 199.1201, 119.1152, 98.04, 480.9806, 128.3711, 578.4492, 169.448],
      [1.1286, 3.4878, 1.9562, 0.5223, 0.9897, 1.3003, 3.8278, 1.7793, 5.8119, 0.9931, 2.3355, 8.0252, 12.9097, 5.132, 11.6347, 2.2475, 1.8019, 0.913, 5.4475, 0.5934, 3.6704, 2.4308, 0.6829, 4.5363, 3.0886, 1.3152, 0.8316, 4.2504, 1.0052, 0.0116, 2.024, 2.5462, 5.8775, 2.5935, 4.8331, 14.2549, 5.5051, 11.2704, 2.211],
      [28.793, 17.7815, 4.6501, 7.0494, 23.9933, 19.8778, 33.0867, 27.4749, 43.9408, 10.2139, 35.0316, 20.9126, 29.9854, 15.6637, 46.3175, 12.7964, 16.9848, 50.8711, 55.7628, 1.243, 23.2079, 6.4412, 5.1704, 35.512, 12.9022, 6.175, 17.7585, 17.5821, 7.5367, 4.972, 13.9634, 13.3038, 42.8681, 28.1752, 28.9543, 67.8963, 18.6387, 66.3196, 16.7928]
    ],
    [
      [21.6032, 12.7821, 1.2567, 2.5249, 7.2966, 0.413, 9.9931, 14.7528, 8.878, 10.0896, 14.5622, 21.5425, 26.5345, 23.6619, 43.9092, 13.061, 31.0411, 35.8508, 55.0479, 1.929, 36.085, 4.1958, 6.3055, 22.8078, 23.1762, 0.816, 1.3486, 25.5641, 14.849, 19.0172, 27.1135, 11.9035, 56.5899, 27.0141, 3.3689, 66.0523, 9.1457, 76.1647, 15.4886],
      [26.2256, 19.0733, 3.7537, 2.9824, 6.4397, 2.9168, 3.8531, 17.7631, 4.2004, 19.57, 21.8465, 43.2251, 36.2363, 20.1742, 54.9768, 29.2216, 27.3587, 40.6846, 57.1373, 2.4409, 28.9176, 3.6326, 3.3796, 36.8736, 11.7865, 3.858, 2.118, 19.1932, 13.3088, 5.0298, 21.9538, 10.0619, 55.989, 29.0422, 10.7508, 83.5185, 14.3952, 102.5521, 43.2389],
      [0.6077, 0.4965, 0.0395, 0.0424, 1.8936, 0.3034, 0.2843, 1.2416, 0.5438, 2.3947, 1.2234, 1.4133, 0.1358, 0.1471, 0.8331, 1.1755, 1.535, 3.3003, 3.9284, 0.0093, 1.3186, 0.1048, 0.8932, 2.0202, 0.229, 0.2381, 0.4873, 0.4655, 0.617, 0.7948, 0.9439, 0.0962, 0.9232, 0.6078, 1.0797, 4.225, 0.6332, 4.4739, 3.0092],
      [437.6727, 326.2545, 64.8956, 57.2271, 120.2222, 27.0955, 135.8211, 419.8788, 134.3437, 519.9043, 402.2644, 872.1542, 945.2453, 527.8237, 1407.6098, 443.8959, 611.1731, 837.1917, 1152.6528, 35.5785, 746.3688, 103, 101.2242, 762.7146, 418.4188, 55.0578, 32.7132, 458.7039, 269.4381, 143.6049, 665.4408, 387.9116, 1425.9045, 707.4239, 299.9812, 2601.1608, 349.4395, 1471.3219, 679.1736],
      [2.8907, 0.3935, 0.0545, 0.2233, 0.1479, 0.2713, 0.0484, 1.3637, 0.0341, 2.0414, 1.1035, 0.6649, 1.8482, 1.1933, 2.6711, 0.646, 1.892, 8.9726, 3.2337, 0.0427, 2.31, 0.0668, 0.1974, 1.5838, 1.3896, 0.03, 0.3328, 1.0733, 0.787, 1.5533, 1.5296, 1.0268, 4.593, 2.9121, 1.8194, 5.0432, 0.3864, 2.4873, 1.0896]
    ],
    [
      [1.5177, 1.2485, 0.1216, 0.2368, 0.1354, 0.0061, 1.0945, 1.0745, 0.3583, 0.6111, 1.1426, 1.4723, 0.7474, 1.7808, 3.5591, 0.8988, 1.108, 2.0265, 3.7413, 0.0771, 1.7245, 0.418, 0.2637, 1.5701, 1.5514, 0.0676, 0.0332, 1.95, 0.8087, 0.2827, 1.7856, 1.0813, 4.7361, 1.7957, 0.0835, 4.5143, 0.6793, 5.8014, 0.836],
      [1.8614, 2.3473, 0.328, 0.3586, 0.224, 0.1752, 0.8863, 1.5864, 0.2902, 0.7856, 2.1418, 1.1602, 0.8607, 0.938, 4.4409, 0.8451, 0.3643, 2.4391, 4.1679, 0.1032, 0.5742, 0.4232, 0.2664, 2.6928, 0.3481, 0.2686, 0.0859, 0.7456, 0.6381, 0.3145, 1.6285, 0.886, 4.8223, 1.8932, 0.1416, 5.8681, 1.2615, 5.139, 0.2349],
      [26.164, 30.0386, 4.6756, 5.0665, 39.6346, 21.2564, 53.6661, 42.1397, 58.4747, 17.2482, 43.2085, 43.5321, 28.0421, 19.5601, 61.2197, 23.1143, 19.2529, 46.0284, 76.2598, 1.6814, 26.3298, 8.5296, 5.9841, 50.379, 14.8673, 7.4624, 24.4522, 21.1681, 10.8808, 8.4654, 28.9374, 15.9064, 60.3405, 27.0803, 21.7276, 126.4032, 23.2567, 89.4241, 22.2624],
      [4.0754, 5.8651, 1.5848, 0.7656, 0.2095, 0.7198, 1.5084, 3.9011, 1.8817, 1.7682, 2.7599, 10.4539, 17.0714, 12.6192, 22.6777, 3.384, 3.2203, 2.9261, 8.3224, 0.5076, 6.3475, 2.1435, 0.2278, 5.6129, 7.4418, 0.4179, 0.5262, 7.8547, 2.8323, 0.2383, 7.152, 7.3778, 24.6057, 7.1684, 4.8284, 29.6279, 4.8517, 14.1701, 1.5714],
      [18.3816, 11.5005, 2.29, 3.5726, 12.7965, 8.8425, 18.8448, 19.2983, 20.995, 6.5869, 19.7472, 13.3816, 20.2784, 12.1019, 30.1026, 7.7578, 9.0545, 30.5798, 32.5088, 0.6307, 13.024, 3.4857, 2.2581, 20.7453, 8.7914, 2.7835, 8.9024, 10.2817, 4.8401, 3.6991, 11.4954, 10.7486, 35.4955, 18.0626, 16.2188, 51.5864, 9.9508, 34.4655, 8.0953]
    ]
  ],
  "V_est": [
    [510.0729, 172.7709, 18.6822, 2328.4575, 9.0139],
    [203.1251, 671.4106, 120.5931, 989.641, 35.2552],
    [113.1242, 377.6012, 6404.8947, 145.7759, 936.6004],
    [803.7365, 939.6805, 44.7093, 21157.9071, 59.9484],
    [52.9414, 54.5368, 1254.1207, 241.2185, 574.1821]
  ],
  "p_est": [
    [0.1678, 0.0569, 0.0061, 0.7662, 0.003],
    [0.1006, 0.3324, 0.0597, 0.4899, 0.0175],
    [0.0142, 0.0473, 0.8028, 0.0183, 0.1174],
    [0.0349, 0.0408, 0.0019, 0.9197, 0.0026],
    [0.0243, 0.0251, 0.5761, 0.1108, 0.2637]
  ],
  "EI_Z": {},
  "EI_V": 7.8517,
  "MAE_Z": {},
  "MAE_V": 240.075,
  "MAE_p": 0.0721,
  "runtime": 92.372
}
