{
  "Z_true": {},
  "V_true": [
    [42, 29, 1082, 255],
    [1702, 842, 341, 104],
    [1743, 6861, 815, 603],
    [597, 303, 17552, 930],
    [360, 720, 858, 980]
  ],
  "p_true": [
    [0.0298, 0.0206, 0.7685, 0.1811],
    [0.5694, 0.2817, 0.1141, 0.0348],
    [0.1739, 0.6846, 0.0813, 0.0602],
    [0.0308, 0.0156, 0.9056, 0.048],
    [0.1234, 0.2467, 0.294, 0.3358]
  ],
  "Z_est": [
    [
      [6.3537, 11.8432, 12.1531, 5.0186, 1.5967, 2.1169, 6.8536, 4.3448, 7.5536, 4.759, 2.3007, 4.8407, 9.8965, 4.5286, 10.049, 5.8306, 5.1528, 7.4263, 5.4912, 0.9626, 1.7653, 0, 16.2457, 6.7387, 13.9242, 9.513, 12.3787, 3.6582, 6.3032, 19.387, 13.1771, 8.2596, 13.4971, 5.3881, 2.1451, 9.4431, 4.4429, 5.9881, 0.4979, 0, 0.2091, 0, 0.2091, 0.0525, 3.8974, 0.9175, 2.7188, 26.9794, 3.9752, 24.8539, 7.2504],
      [0.4853, 1.8291, 0.7287, 0.395, 0.1917, 0.3546, 0.8314, 0.7528, 0.8729, 0.6682, 0.268, 0.3401, 0.7965, 0.4858, 0.875, 1.398, 0.3627, 0.8066, 0.4407, 0.0419, 0.0398, 0, 0.2946, 0.1034, 0.4861, 1.1456, 0.2534, 0.1335, 0.3933, 1.1949, 0.8538, 0.2893, 0.4913, 0.5266, 0.2023, 0.5581, 3.7292, 0.6753, 0.0412, 0, 0.0124, 0, 0.3101, 1.0469, 0.2744, 0.0103, 0.5092, 1.6058, 0.2387, 1.4353, 0.3685],
      [18.1723, 33.5707, 39.9305, 15.8894, 2.8395, 6.7894, 16.3916, 7.8607, 23.986, 13.091, 6.6953, 10.569, 23.5887, 7.9482, 20.5665, 15.9256, 13.0113, 20.473, 15.3744, 1.7736, 1.9017, 0, 46.477, 26.5203, 39.332, 31.038, 42.9719, 12.8867, 16.4583, 44.2653, 38.7797, 26.6627, 34.1935, 13.5316, 5.0588, 23.3441, 11.2844, 16.4995, 0.387, 0, 0.705, 0, 0.407, 1.6805, 9.7194, 0.9252, 7.8713, 81.663, 10.6074, 58.0052, 13.6899],
      [1.9887, 3.757, 4.1877, 1.697, 0.3721, 0.7391, 1.9235, 1.0417, 2.5875, 1.4818, 0.7361, 1.2503, 2.7183, 1.0374, 2.5095, 1.8458, 1.4732, 2.2941, 1.6937, 0.2218, 0.2932, 0, 4.9828, 2.6376, 4.2577, 3.3034, 4.396, 1.3216, 1.8453, 5.1527, 4.1895, 2.7884, 3.8181, 1.5537, 0.5937, 2.6547, 1.5434, 1.8371, 0.0739, 0, 0.0736, 0, 0.0739, 0.2201, 1.1087, 0.147, 0.9007, 8.7518, 1.1787, 6.7056, 1.6912]
    ],
    [
      [54.0508, 81.752, 85.0179, 33.5369, 19.2064, 13.2363, 47.8144, 38.8511, 48.4621, 41.4092, 18.3143, 42.9217, 57.8709, 60.4249, 111.956, 45.1797, 50.3643, 67.0964, 47.3793, 10.2513, 14.1351, 3.3081, 75.2321, 26.4727, 86.8237, 61.9117, 60.4876, 19.5038, 57.5239, 201.8273, 94.7859, 61.1263, 134.0616, 46.8445, 19.9879, 95.5553, 30.5631, 48.9615, 8.3619, 0.8236, 1.445, 2.9745, 1.4382, 1.5901, 30.8977, 1.9768, 22.0007, 218.9133, 40.1243, 244.4874, 102.8939],
      [2.1492, 0.036, 1.2768, 0.689, 0.3393, 0.617, 0.0211, 0.0171, 1.3313, 1.1707, 0.469, 0.0189, 0.0255, 0.8666, 1.5534, 0.9578, 1.3849, 1.4182, 0.7759, 0.076, 0.8029, 1.4378, 0.507, 0.1713, 0.0382, 0.5487, 0.4326, 0.2305, 0.9713, 2.1311, 0.0418, 0.5119, 0.8879, 0.0207, 0.0088, 2.0612, 0.2999, 0.3613, 0.0751, 0.5656, 0.1795, 0.0181, 1.5243, 0.0545, 0.0136, 0.0176, 0.8896, 2.833, 0.4265, 2.5527, 7.5151],
      [3.6875, 0, 10.5447, 0.6605, 0.4057, 0.0887, 0, 0, 0, 3.2768, 1.1786, 0, 0, 6.6015, 3.3058, 0.7295, 3.165, 7.2814, 3.7509, 0.279, 0.6918, 0.0954, 2.1643, 1.3096, 0, 5.4326, 0, 0.2224, 2.3729, 8.7608, 0, 8.2771, 9.9097, 0, 0, 7.2077, 4.0737, 1.6026, 0.5578, 0.6065, 0.2968, 0, 0.0318, 0.3498, 0, 0, 1.9455, 26.8486, 6.3787, 1.5514, 9.292],
      [0.1126, 0.2119, 0.1606, 0.1137, 0.0486, 0.058, 0.1645, 0.1317, 0.2066, 0.1433, 0.0381, 0.0594, 0.1036, 0.107, 0.1848, 0.1331, 0.0857, 0.204, 0.0939, 0.3938, 0.3703, 0.1586, 0.0965, 0.0464, 0.138, 0.107, 0.0798, 0.0433, 0.1319, 0.2808, 0.1724, 0.0847, 0.1408, 0.1348, 0.0033, 0.1758, 0.0632, 0.0746, 0.0052, 0.0043, 0.0787, 0.0075, 0.0057, 0.0056, 0.0887, 0.0056, 0.1642, 0.4051, 0.0705, 0.4085, 2.2989]
    ],
    [
      [14.0208, 30.4571, 15.8642, 11.0136, 6.7782, 3.902, 39.5486, 30.6364, 16.4778, 10.7138, 5.1134, 23.0385, 24.1867, 16.8727, 37.0078, 16.0118, 15.0136, 15.4724, 13.2979, 2.6754, 1.5597, 0.3886, 17.8458, 5.4171, 31.3787, 14.8714, 19.1529, 6.1131, 16.7772, 58.9501, 35.527, 11.5472, 35.0614, 19.0401, 8.405, 26.9777, 5.4617, 16.4249, 2.07, 0.0971, 0.1943, 0.2997, 0.1943, 0.1943, 15.8696, 0.6626, 4.5392, 46.3716, 7.3804, 70.9946, 18.4347],
      [179.0847, 253.3544, 267.9218, 137.2165, 70.0725, 134.4451, 314.6324, 287.2553, 329.5243, 251.8475, 100.701, 128.3744, 108.7614, 174.0368, 324.5849, 187.5174, 135.0971, 303.1598, 165.2565, 16.4824, 14.123, 6.1097, 103.8685, 34.6323, 178.4631, 96.3858, 89.047, 48.5913, 138.3453, 445.4505, 313.4741, 105.8257, 181.5309, 195.8457, 76.1827, 208.1481, 62.0583, 73.4602, 15.0892, 8.5676, 3.9587, 3.7664, 4.1259, 10.5197, 102.4862, 3.5268, 192.4659, 594.949, 89.1876, 539.1198, 140.1519],
      [3.8201, 18.518, 21.7609, 1.9636, 0.976, 8.9317, 22.8694, 30.1159, 12.1994, 5.7196, 2.7806, 7.2706, 6.2316, 2.4516, 8.5045, 2.6259, 3.8012, 8.4907, 9.6205, 0.8432, 0.1975, 0.093, 3.188, 4.7208, 16.4427, 1.4873, 6.11, 5.5291, 2.0566, 7.8551, 9.1679, 7.962, 2.7886, 4.7953, 8.94, 3.0791, 0.9412, 1.1852, 0.2091, 0.9141, 0.0581, 0.0581, 0.0255, 0.0887, 2.6614, 0.1789, 13.4028, 31.0359, 5.6076, 20.4635, 10.0971],
      [16.0745, 43.6705, 21.4531, 18.8063, 6.1733, 9.7212, 18.9496, 20.9924, 36.7985, 22.7191, 5.4049, 6.3165, 15.8203, 17.6388, 29.9028, 19.8449, 14.0881, 38.877, 13.825, 4.999, 1.1198, 1.4088, 14.0976, 7.2298, 16.7155, 15.2556, 10.6901, 6.7665, 19.8209, 42.7443, 27.8311, 12.665, 20.6192, 22.3189, 10.4722, 26.7952, 12.5389, 10.9297, 0.6317, 0.4211, 0.7889, 0.8758, 0.6543, 1.1973, 13.9828, 0.6317, 31.5921, 57.6435, 10.8245, 77.4221, 17.3163]
    ],
    [
      [6.0484, 13.1016, 9.1847, 4.0323, 3.1988, 1.5681, 11.0114, 7.0371, 5.8991, 4.6297, 2.0908, 7.2016, 9.454, 6.6458, 19.9359, 5.4511, 6.0306, 7.3179, 5.3764, 2.0991, 1.5376, 0.2987, 12.0235, 3.1362, 16.0002, 7.1623, 9.4282, 2.5283, 9.8216, 39.0286, 17.5616, 6.5711, 20.298, 8.1962, 3.1062, 12.1876, 3.2856, 7.1754, 1.3183, 0.0747, 0.1493, 0.8872, 0.1493, 0.1493, 6.8948, 0.3652, 2.3895, 23.7457, 4.1816, 61.405, 10.3794],
      [3.191, 1.6268, 5.9479, 11.4151, 2.7628, 1.8373, 2.0231, 2.5978, 3.5584, 3.4591, 2.1742, 0.8223, 0.7039, 12.3274, 9.647, 11.6067, 2.8802, 4.3119, 2.035, 0.1006, 0.9744, 0.3328, 0.6684, 0.2248, 1.1476, 17.3385, 0.5738, 0.3135, 8.482, 7.12, 11.3759, 0.6803, 1.1653, 5.4577, 0.491, 1.3428, 0.4023, 0.4792, 0.661, 0.0953, 0.7896, 0.0333, 0.7145, 0.1307, 0.6625, 0.0237, 1.2422, 7.9506, 0.5738, 3.4546, 0.8873],
      [324.7605, 546.6699, 679.8674, 356.1543, 204.0384, 157.5946, 498.9655, 326.0053, 541.4562, 294.9112, 142.735, 157.9761, 381.309, 275.2202, 504.417, 304.9422, 296.7202, 460.8638, 422.5886, 30.6696, 27.1221, 14.6378, 516.0226, 481.1197, 788.8522, 502.1716, 655.998, 173.6218, 339.8316, 831.8514, 858.0625, 488.7486, 772.5366, 282.6057, 110.2808, 477.9256, 139.9627, 232.797, 49.0207, 15.8301, 14.8532, 11.8673, 4.1362, 11.7071, 192.9679, 10.6111, 269.7052, 1785.3036, 254.3007, 1146.8509, 379.3567],
      [0, 0.6018, 0, 0.3983, 4.655e-06, 5.7293e-06, 0, 0.3598, 4.0863, 0, 3.5808e-06, 5.3712e-06, 0.5331, 1.8066, 0, 0, 2.3691, 0.5065, 8.7729e-06, 0.1307, 0.3659, 0.7307, 0.2855, 0.5193, 0, 3.3276, 7.1616e-06, 0.5363, 3.8648, 0, 0, 7.5197e-06, 0, 2.7403, 0.1221, 8.544, 2.3495, 0.5484, 5.3712e-07, 3.5808e-07, 0.2078, 0.2122, 5.3712e-07, 0.0128, 1.4747, 5.3712e-07, 1.663, 0, 0.9439, 2.2895, 2.3766]
    ],
    [
      [0.5263, 0.8461, 0.7801, 0.3987, 0.2199, 0.1766, 0.7721, 1.1306, 0.6074, 0.4884, 0.1808, 4.9975, 0.5919, 0.528, 1.0513, 0.5269, 0.4387, 0.687, 0.4552, 0.0116, 0.0023, 0.0046, 0.6529, 0.2353, 0.8731, 0.5416, 0.5525, 0.1967, 0.5742, 1.807, 0.9485, 0.4957, 1.082, 0.531, 0.3558, 0.8363, 0.2467, 0.4501, 0.7519, 0.0046, 0.0023, 0.8386, 0.0091, 0.0137, 1.4405, 0.0778, 0.3517, 1.99, 0.3384, 2.2591, 0.0416],
      [13.0898, 18.1537, 19.1248, 11.2844, 5.6337, 8.7461, 24.492, 20.3769, 22.7131, 17.8545, 6.3879, 9.4444, 8.7127, 12.2834, 22.3398, 22.5201, 8.2751, 21.3035, 11.4919, 0.2992, 0.0598, 0.1197, 7.6615, 2.8682, 13.865, 8.5815, 6.6931, 3.7311, 11.8081, 31.1035, 21.2545, 7.6927, 12.9246, 14.1493, 6.1151, 14.8898, 1.5103, 6.024, 1.1335, 0.7716, 0.0598, 0.1822, 1.3252, 0.2482, 8.5632, 0.4216, 14.8931, 43.6615, 6.5735, 37.4376, 1.0771],
      [13.5597, 9.2414, 17.8965, 13.3322, 8.7404, 4.5956, 30.7735, 11.0181, 13.3584, 17.0014, 2.6105, 15.1843, 10.8708, 5.7784, 14.2061, 10.7768, 3.3022, 13.8911, 9.6656, 0.4345, 0.0869, 0.1738, 5.1481, 2.3296, 19.3731, 6.8706, 5.9202, 3.7399, 12.2806, 23.2674, 10.9899, 6.3496, 9.5715, 11.0674, 8.7204, 7.4436, 1.738, 7.9157, 1.8253, 2.6493, 0.0869, 1.0746, 0.3995, 0.1738, 8.6512, 1.2848, 16.0751, 46.149, 6.1057, 17.1291, 1.5642],
      [40.8242, 65.7588, 57.1987, 40.9847, 19.406, 21.4817, 68.9624, 49.4744, 70.3211, 53.6557, 13.8209, 22.3738, 34.8246, 34.4102, 62.4028, 50.1763, 25.984, 68.1185, 33.3873, 4.2547, 0.8509, 1.7019, 28.5376, 13.5669, 49.8888, 33.0064, 24.8342, 14.3323, 44.3371, 92.8221, 57.8071, 26.4619, 42.4219, 46.2523, 23.8087, 52.8303, 16.5049, 24.6102, 2.2893, 1.5746, 0.8509, 2.9046, 2.2662, 1.5643, 31.3452, 2.2158, 57.6801, 142.1995, 22.9824, 124.1742, 15.317]
    ]
  ],
  "V_est": [
    [342.8883, 30.1483, 931.313, 103.6503],
    [2792.1355, 43.3237, 144.9354, 8.6055],
    [846.3047, 7948.783, 350.8355, 876.0768],
    [428.751, 160.8179, 18748.5239, 43.9072],
    [33.9205, 571.9271, 472.3922, 1839.7602]
  ],
  "p_est": [
    [0.2435, 0.0214, 0.6614, 0.0736],
    [0.9341, 0.0145, 0.0485, 0.0029],
    [0.0844, 0.7931, 0.035, 0.0874],
    [0.0221, 0.0083, 0.9673, 0.0023],
    [0.0116, 0.196, 0.1619, 0.6305]
  ],
  "EI_Z": {},
  "EI_V": 13.0976,
  "MAE_Z": {},
  "MAE_V": 480.9316,
  "MAE_p": 0.1071,
  "runtime": 1.437
}
