{
  "Z_true": {},
  "V_true": [
    [11, 105, 809, 580],
    [1657, 1778, 510, 87],
    [556, 6434, 509, 158],
    [328, 467, 16437, 426],
    [327, 961, 900, 354],
    [151, 287, 531, 487]
  ],
  "p_true": [
    [0.0073, 0.0698, 0.5375, 0.3854],
    [0.411, 0.441, 0.1265, 0.0216],
    [0.0726, 0.8403, 0.0665, 0.0206],
    [0.0186, 0.0264, 0.9309, 0.0241],
    [0.1286, 0.378, 0.3541, 0.1393],
    [0.1037, 0.1971, 0.3647, 0.3345]
  ],
  "Z_est": [
    [
      [5, 9, 6, 4, 7, 6, 5, 4, 9, 2, 6, 3, 0.4297, 5, 1.1192, 5, 2, 0.2372, 5, 8, 4, 5, 3, 9, 0.1018, 1.5574, 1.1565, 29, 5, 15, 4],
      [15, 24, 16, 7, 16, 7, 9, 7, 22, 7, 15, 7, 0.2417, 19, 1.3161, 15, 2, 1.2187, 7, 22, 6, 11, 4, 27, 0.4151, 0.7753, 0.8501, 110, 11, 27, 4],
      [14, 29, 22, 10, 28, 17, 31, 16, 48, 9, 21, 14, 0.2917, 30, 2.4258, 34, 10, 1.3994, 16, 35, 20, 32, 16, 70, 1.3029, 2.1354, 1.8754, 226, 18, 48, 10],
      [1, 3, 2, 1, 3, 1.0088e-14, 2, 1, 4, 1, 3, 2, 0.0369, 4, 1.139, 4, 2.1045e-10, 0.1447, 1, 4, 1, 3, 8.8207e-13, 6, 0.1802, 0.5319, 0.1179, 23, 2, 7, 2.4936e-10]
    ],
    [
      [9, 34, 13, 7, 13, 26, 11, 6, 16, 3, 6, 4, 1.5473, 3, 0.799, 6, 7, 0.3479, 6, 14, 12, 10, 6, 17, 0.0412, 1.2692, 1.9797, 59, 15, 48, 21],
      [39, 114, 54, 23, 42, 59, 35, 21, 53, 7, 25, 16, 2.9913, 21, 1.0012, 23, 10, 1.7397, 17, 52, 29, 29, 14, 59, 0.2616, 1.6088, 2.7167, 236, 48, 97, 37],
      [36, 138, 73, 30, 73, 136, 110, 45, 114, 9, 34, 28, 3.0584, 31, 2.2867, 49, 45, 1.6951, 37, 81, 84, 79, 56, 149, 0.5751, 3.2321, 6.8608, 477, 73, 169, 88],
      [4, 15, 8, 3, 9, 7, 6, 4, 11, 1, 6, 4, 0.4031, 4, 0.9131, 5, 1, 0.2173, 3, 10, 5, 8, 1, 13, 0.122, 0.8899, 0.4428, 48, 10, 26, 7]
    ],
    [
      [25, 57, 37, 14, 22, 23, 13, 8, 25, 4, 26, 10, 2.9562, 10, 0.87, 13, 5, 1.2509, 10, 38, 17, 19, 6, 22, 0.1248, 1.365, 0.7187, 126, 25, 81, 13],
      [120, 189, 141, 52, 78, 52, 41, 30, 86, 48, 100, 52, 8.5705, 84, 1.9323, 55, 12, 8.6118, 24, 147, 41, 60, 19, 85, 0.8822, 1.5968, 1.6007, 503, 79, 166, 23],
      [114, 233, 197, 71, 134, 123, 135, 66, 185, 60, 142, 91, 9.2521, 127, 2.8092, 117, 44, 8.366, 58, 236, 123, 162, 81, 208, 2.6606, 4.0151, 6.5522, 1022, 122, 289, 58],
      [13, 25, 23, 8, 16, 6, 8, 6, 18, 10, 25, 13, 1.2211, 19, 1.3884, 14, 1, 0.7713, 6, 30, 8, 16, 2, 18, 0.3324, 1.0231, 0.1285, 104, 16, 45, 4]
    ],
    [
      [28, 87, 61, 24, 47, 80, 63, 22, 63, 8, 37, 21, 3.9353, 17, 1.6765, 34, 30, 0.8977, 29, 64, 54, 54, 27, 77, 0.5912, 2.6365, 6.2483, 301, 49, 162, 50],
      [134, 285, 231, 82, 159, 176, 193, 76, 212, 83, 141, 106, 12.9298, 137, 4.0733, 141, 53, 6.2502, 69, 243, 130, 161, 75, 284, 4.1558, 3.6764, 7.7625, 1197, 153, 330, 85],
      [130, 355, 325, 117, 279, 422, 633, 175, 467, 111, 207, 191, 13.0975, 214, 6.5608, 308, 225, 7.1926, 161, 392, 393, 456, 317, 717, 11.4859, 10.2119, 32.136, 2440, 240, 580, 212],
      [15, 38, 39, 14, 35, 23, 39, 17, 46, 18, 36, 27, 2.0374, 32, 3.6895, 36, 5, 0.6595, 16, 50, 26, 46, 9, 64, 1.7671, 2.4752, 1.8532, 248, 32, 91, 16]
    ],
    [
      [7, 17, 14, 6, 7, 9, 4, 1, 8, 1, 5, 3, 0.4462, 2, 0.3015, 4, 2, 0.208, 4, 9, 4, 8, 1, 8, 0.0752, 0.7071, 0.5569, 48, 7, 23, 2],
      [36, 57, 53, 23, 25, 20, 13, 6, 29, 15, 20, 16, 1.6175, 22, 1.0949, 19, 4, 0.7736, 10, 36, 10, 23, 5, 30, 0.7819, 0.9698, 1.1179, 190, 21, 47, 4],
      [36, 71, 74, 33, 44, 49, 43, 14, 64, 22, 30, 31, 2.5633, 33, 1.6354, 44, 17, 0.9182, 23, 58, 34, 68, 23, 78, 1.7577, 2.6151, 4.083, 389, 35, 84, 11],
      [4, 9, 9, 4, 7, 4, 4, 3, 7, 3, 5, 4, 0.373, 7, 0.9683, 6, 1, 0.1002, 4, 8, 3, 7, 2, 8, 0.3852, 0.7079, 0.2422, 40, 5, 15, 2]
    ],
    [
      [1, 9, 5, 3, 4, 3, 3, 1, 4, 3.3082e-06, 5, 1, 0.6854, 1, 0.2339, 2, 1, 0.0584, 1, 8, 2, 6, 1, 4, 0.0657, 0.4649, 0.3399, 23, 4, 18, 3],
      [9, 29, 20, 11, 15, 7, 10, 5, 14, 7, 21, 8, 1.6491, 13, 0.5823, 10, 2, 0.4059, 3, 33, 6, 19, 4, 15, 0.5035, 0.3728, 0.9521, 93, 14, 37, 5],
      [8, 36, 29, 16, 26, 17, 33, 11, 31, 10, 31, 16, 1.737, 20, 1.2822, 23, 8, 0.4287, 6, 54, 18, 55, 16, 39, 1.2177, 0.7904, 2.4926, 189, 22, 66, 12],
      [3, 5, 5, 4, 4, 2, 3, 2, 4, 4, 8, 4, 0.9285, 4, 0.9017, 4, 1, 0.107, 2, 9, 2, 7, 2, 5, 0.2131, 0.372, 0.2154, 21, 5, 12, 2]
    ]
  ],
  "V_est": [
    [169.6018, 421.817, 833.4306, 80.1506],
    [377.9843, 1170.3193, 2261.7081, 221.9883],
    [656.2856, 2310.1943, 4231.6553, 458.8648],
    [1504.9855, 4974.848, 10147.6846, 1030.4819],
    [206.2948, 740.3557, 1421.5727, 173.7768],
    [114.8481, 414.4656, 799.9486, 126.7377]
  ],
  "p_est": [
    [0.1127, 0.2803, 0.5538, 0.0533],
    [0.0937, 0.2903, 0.5609, 0.0551],
    [0.0857, 0.3017, 0.5527, 0.0599],
    [0.0852, 0.2817, 0.5747, 0.0584],
    [0.0812, 0.2913, 0.5592, 0.0684],
    [0.0789, 0.2847, 0.5494, 0.087]
  ],
  "EI_Z": {},
  "EI_V": 39.362,
  "MAE_Z": {},
  "MAE_V": 1143.1378,
  "MAE_p": 0.181,
  "runtime": 0.2679
}
