{
  "X": [
    [12, 9, 19, 47, 7, 3, 9],
    [9, 8, 23, 7, 5, 1, 3],
    [114, 77, 678, 792, 173, 140, 130],
    [49, 40, 279, 326, 69, 67, 54],
    [75, 69, 598, 404, 131, 97, 125],
    [33, 36, 448, 207, 92, 49, 85],
    [44, 31, 232, 237, 61, 70, 47],
    [17, 20, 305, 169, 60, 30, 40],
    [26, 13, 243, 208, 45, 42, 46],
    [50, 49, 460, 389, 107, 75, 89],
    [48, 19, 54, 118, 37, 20, 19],
    [6, 4, 40, 64, 11, 11, 2],
    [33, 11, 135, 132, 43, 29, 27],
    [19, 4, 14, 75, 4, 12, 4],
    [15, 4, 42, 72, 14, 11, 6],
    [4, 4, 12, 14, 1, 3, 5],
    [2, 3, 7, 4, 1, 0, 1],
    [7, 5, 6, 5, 3, 1, 2],
    [52, 33, 157, 220, 72, 61, 41],
    [37, 24, 231, 194, 63, 53, 60],
    [10, 2, 17, 60, 11, 5, 5],
    [47, 25, 118, 195, 50, 37, 31],
    [19, 3, 30, 91, 9, 12, 7],
    [12, 7, 63, 66, 13, 2, 9],
    [26, 29, 129, 52, 38, 22, 23],
    [18, 8, 20, 41, 12, 14, 5],
    [25, 17, 49, 91, 20, 21, 17],
    [9, 6, 25, 40, 10, 6, 9],
    [10, 11, 18, 24, 1, 4, 9],
    [6, 2, 27, 7, 9, 7, 4],
    [30, 6, 73, 135, 20, 8, 16],
    [8, 1, 26, 9, 4, 4, 3],
    [8, 2, 28, 14, 7, 3, 9],
    [43, 15, 81, 126, 26, 27, 22],
    [30, 8, 60, 98, 22, 27, 13],
    [15, 9, 25, 64, 8, 13, 8],
    [40, 25, 108, 175, 28, 23, 23],
    [19, 10, 52, 105, 20, 14, 7],
    [14, 3, 15, 49, 8, 6, 9],
    [8, 10, 29, 65, 13, 13, 7],
    [17, 3, 18, 97, 11, 14, 7],
    [55, 44, 240, 266, 69, 128, 48],
    [65, 64, 265, 261, 70, 89, 63],
    [17, 27, 73, 60, 12, 26, 21],
    [17, 0, 20, 63, 10, 3, 5],
    [41, 8, 56, 179, 17, 10, 14],
    [86, 53, 217, 383, 57, 46, 58],
    [3, 3, 24, 20, 8, 6, 5],
    [19, 6, 11, 56, 4, 4, 8],
    [10, 9, 49, 87, 12, 22, 11],
    [18, 1, 12, 61, 3, 3, 2],
    [93, 35, 261, 210, 69, 84, 46],
    [46, 30, 249, 260, 72, 37, 58],
    [13, 4, 8, 22, 3, 3, 7],
    [127, 95, 615, 413, 167, 124, 128],
    [2, 0, 11, 11, 7, 2, 1],
    [23, 10, 50, 92, 37, 17, 22],
    [4, 0, 5, 11, 1, 0, 1],
    [30, 37, 172, 190, 30, 80, 47],
    [4, 15, 64, 67, 22, 3, 14],
    [26, 17, 107, 120, 38, 35, 28],
    [13, 10, 29, 54, 31, 10, 10],
    [37, 37, 118, 155, 38, 43, 23],
    [55, 32, 456, 244, 103, 52, 72],
    [15, 5, 41, 98, 12, 12, 8],
    [51, 15, 105, 152, 40, 21, 22],
    [111, 49, 224, 363, 89, 93, 53],
    [20, 3, 24, 84, 12, 11, 9],
    [29, 1, 13, 54, 1, 5, 12],
    [54, 24, 129, 166, 67, 38, 32],
    [0, 3, 104, 97, 17, 3, 17],
    [154, 67, 487, 571, 144, 91, 110],
    [16, 14, 69, 60, 17, 14, 11],
    [166, 176, 506, 603, 118, 133, 132],
    [29, 24, 78, 75, 9, 4, 24]
  ],
  "W": [
    [1, 9, 2, 15, 71, 8],
    [0, 6, 0, 26, 19, 5],
    [62, 90, 79, 671, 1098, 104],
    [30, 41, 28, 274, 468, 43],
    [53, 91, 71, 604, 596, 84],
    [41, 44, 33, 462, 317, 53],
    [28, 21, 24, 234, 375, 40],
    [20, 26, 16, 321, 237, 21],
    [19, 28, 20, 246, 287, 23],
    [43, 61, 50, 461, 555, 49],
    [12, 14, 16, 65, 190, 18],
    [0, 8, 13, 37, 76, 4],
    [15, 14, 30, 129, 192, 30],
    [1, 4, 7, 9, 103, 8],
    [5, 3, 9, 41, 97, 9],
    [3, 5, 3, 12, 17, 3],
    [1, 2, 0, 5, 9, 1],
    [0, 4, 1, 7, 12, 5],
    [36, 36, 42, 158, 330, 34],
    [27, 30, 36, 233, 290, 46],
    [3, 3, 0, 14, 86, 4],
    [8, 24, 32, 107, 304, 28],
    [6, 6, 6, 29, 120, 4],
    [2, 8, 3, 55, 91, 13],
    [24, 35, 16, 124, 105, 15],
    [6, 5, 6, 22, 69, 10],
    [10, 12, 14, 45, 144, 15],
    [5, 5, 8, 16, 66, 5],
    [3, 10, 1, 17, 40, 6],
    [0, 5, 8, 25, 18, 6],
    [11, 10, 12, 59, 181, 15],
    [2, 0, 5, 26, 17, 5],
    [1, 3, 6, 30, 22, 9],
    [19, 18, 13, 81, 183, 26],
    [6, 10, 33, 51, 148, 10],
    [2, 6, 17, 22, 90, 5],
    [17, 20, 25, 92, 240, 28],
    [5, 7, 14, 43, 138, 20],
    [5, 1, 5, 11, 77, 5],
    [1, 8, 22, 31, 80, 3],
    [4, 2, 4, 12, 137, 8],
    [16, 33, 148, 229, 387, 37],
    [43, 45, 69, 271, 398, 51],
    [15, 20, 14, 83, 88, 16],
    [1, 0, 6, 19, 84, 8],
    [9, 11, 14, 42, 237, 12],
    [29, 59, 33, 196, 523, 60],
    [1, 2, 9, 25, 26, 6],
    [3, 5, 1, 12, 85, 2],
    [7, 8, 4, 49, 125, 7],
    [1, 2, 1, 6, 82, 8],
    [34, 18, 51, 281, 355, 59],
    [16, 35, 33, 242, 379, 47],
    [2, 6, 0, 11, 38, 3],
    [74, 77, 134, 598, 670, 116],
    [1, 1, 1, 9, 18, 4],
    [16, 7, 13, 54, 140, 21],
    [2, 0, 1, 3, 15, 1],
    [9, 28, 131, 169, 223, 26],
    [0, 14, 7, 65, 92, 11],
    [7, 10, 37, 107, 180, 30],
    [2, 16, 12, 35, 82, 10],
    [32, 31, 27, 121, 219, 21],
    [18, 40, 59, 468, 344, 85],
    [2, 7, 11, 42, 121, 8],
    [12, 15, 18, 103, 229, 29],
    [42, 46, 63, 221, 539, 71],
    [5, 6, 2, 23, 120, 7],
    [6, 2, 6, 9, 85, 7],
    [14, 25, 22, 135, 264, 50],
    [9, 5, 1, 99, 106, 21],
    [53, 66, 66, 491, 851, 97],
    [4, 10, 16, 62, 97, 12],
    [47, 170, 89, 506, 870, 152],
    [4, 24, 3, 86, 103, 23]
  ],
  "method": "mvn_pdf",
  "cond_prob": [
    [
      [0.064555694501, 0.10239628296, 0.19284490658, 0.02240077398, 0.1166733587, 0.18113926674, 0.31998971654],
      [0.0024084890448, 0.71798069896, 0.072759038695, 0.019992043813, 0.043817991831, 0.00090161153659, 0.14214012612],
      [0.017018613392, 0.17716480396, 0.12906536783, 0.12314579963, 0.094369723583, 0.33024074954, 0.12899494206],
      [0.00099667147495, 0.0071589589797, 0.84222566302, 0.0021403622176, 0.042184502999, 0.0059554780898, 0.099338363216],
      [0.14235106608, 0.010731447378, 0.054051417706, 0.64858395227, 0.060476461998, 0.028058139948, 0.055747514626],
      [0.2197318642, 0.15151633375, 0.17789467588, 0.058726648541, 0.1717036151, 0.0086005778364, 0.21182628469]
    ],
    [
      [0.20235581655, 0.23961028212, 0.13636993958, 0.0092488527292, 0.14050266919, 0.12493224569, 0.14698019416],
      [0, 0.90868594993, 0.022010115452, 0.0095022377851, 0.027503630653, 0.0024157424494, 0.029882323729],
      [0.049832758331, 0.40742017168, 0.087876022519, 0.049078169625, 0.10862058258, 0.23986412824, 0.057308167024],
      [0, 0, 0.79369725849, 0.027467944197, 0.091722018577, 0.014985086352, 0.072127692383],
      [0.35111722199, 0.073576932904, 0.096652316564, 0.3223804948, 0.093172932154, 0.029895360229, 0.033204741359],
      [0.46575455644, 0.22998451505, 0.07908331436, 0.020718124592, 0.13598400443, 0.0055762911614, 0.06289919397]
    ],
    [
      [0.044689510057, 0.050436625591, 0.18848463362, 0.026152890797, 0.14722383056, 0.35088569101, 0.19212681836],
      [0.0020876845401, 0.55825079452, 0.13092907365, 0.043937048621, 0.10193035129, 0.0048542285823, 0.1580108188],
      [0.009629576128, 0.073069041264, 0.10741255871, 0.11996589323, 0.10063176776, 0.52204980261, 0.067241360302],
      [0, 0.0012758291248, 0.85084743534, 0.0052800929348, 0.059618371046, 0.014964015037, 0.068014256513],
      [0.083275929081, 0.0070315074178, 0.048533803253, 0.69654956496, 0.072596778662, 0.058551935232, 0.03346048139],
      [0.18118896272, 0.089242566916, 0.2099615275, 0.082620347502, 0.25993549321, 0.02149416543, 0.15555693672]
    ],
    [
      [0.040324461229, 0.060463345468, 0.17631241291, 0.022584015568, 0.12926051298, 0.39329198821, 0.17776326364],
      [0.0016852267909, 0.62731621799, 0.11319838677, 0.03504203037, 0.082720688159, 0.0048533827281, 0.13518406719],
      [0.0084204791703, 0.084479181633, 0.096810177096, 0.099670829116, 0.085155159136, 0.56554255675, 0.059921617101],
      [0, 0.0030618293951, 0.85206062711, 0.0051083717392, 0.055832722119, 0.016687584863, 0.067248864769],
      [0.085359319785, 0.0092604297142, 0.050978131776, 0.67611161014, 0.071668213973, 0.071578972238, 0.03504332237],
      [0.17528457648, 0.11460221516, 0.21014956502, 0.07616385276, 0.24435818466, 0.025481460763, 0.15396014515]
    ],
    [
      [0.042521846034, 0.048061718009, 0.19984764574, 0.0206758282, 0.14759086168, 0.30871488239, 0.23258721795],
      [0.0020779292044, 0.52932582381, 0.13797948592, 0.034573702849, 0.10162665626, 0.0042810951988, 0.19013530676],
      [0.0099803899675, 0.074931508214, 0.12248604844, 0.10190802576, 0.1085512123, 0.49468604997, 0.087456765349],
      [0, 0.0021058785896, 0.84811468465, 0.0046047098897, 0.056255819236, 0.012598536995, 0.076320370644],
      [0.096581313413, 0.0077845058364, 0.059455333343, 0.6448498836, 0.084947410005, 0.06031409501, 0.046067458791],
      [0.17007357287, 0.083957449392, 0.21974742761, 0.064413439497, 0.25732561138, 0.018679822042, 0.18580267721]
    ],
    [
      [0.032606477866, 0.048771683454, 0.21928176238, 0.017938752731, 0.16838825187, 0.26059653435, 0.25241653735],
      [0.0013106949646, 0.51549023169, 0.14429934448, 0.028311291458, 0.11044573525, 0.0034496072614, 0.19669309489],
      [0.0080518806683, 0.08075212712, 0.14268611108, 0.092105894838, 0.13145779493, 0.44422581591, 0.10072037545],
      [0, 0, 0.84934850809, 0.0081546999945, 0.057621463031, 0.010052168352, 0.074823160537],
      [0.07744001874, 0.013382317042, 0.072778208229, 0.61626857099, 0.10746859649, 0.056920745171, 0.055741543334],
      [0.12813709106, 0.083241058239, 0.23550815425, 0.053862478928, 0.28697549208, 0.015402442434, 0.196873283]
    ],
    [
      [0.033886737458, 0.071361310115, 0.14518683331, 0.016189772965, 0.11426034705, 0.45839987518, 0.16071512392],
      [0.001537825571, 0.70111623773, 0.087088333072, 0.023082674781, 0.068301891872, 0.0047432163773, 0.11412982059],
      [0.0068585338647, 0.09537530472, 0.07621338819, 0.066772895361, 0.071952575793, 0.63102966729, 0.051797634787],
      [0, 0.0065460800228, 0.83667498844, 0.0076402826114, 0.05944572947, 0.016847008607, 0.07284591085],
      [0.096727425598, 0.011703907622, 0.055313804669, 0.61405272327, 0.082811079624, 0.097849930492, 0.041541128724],
      [0.16453719005, 0.15171717319, 0.19380420777, 0.060045083496, 0.24187632949, 0.032113999696, 0.15590601631]
    ],
    [
      [0.03333911861, 0.047681940073, 0.21850997903, 0.023892892541, 0.18787867324, 0.2947365146, 0.19396088191],
      [0.0011966908424, 0.52606880057, 0.14777907365, 0.038988882964, 0.12656722764, 0.0039904640895, 0.15540886025],
      [0.0075490707032, 0.073067299779, 0.13142476861, 0.11512671055, 0.13557376796, 0.46568393693, 0.07157444546],
      [0, 0, 0.85486513521, 0.0083009995375, 0.065243485525, 0.011618576758, 0.059971802973],
      [0.056733243517, 0.010565976004, 0.064931130219, 0.68141923899, 0.097760489344, 0.052576993423, 0.036012928501],
      [0.13026380101, 0.080731394014, 0.23258866397, 0.071686825261, 0.31762397625, 0.017155431912, 0.14994990758]
    ],
    [
      [0.038440391326, 0.025780607652, 0.1956790076, 0.024725528223, 0.12824188873, 0.37335221051, 0.21378036595],
      [0.002398837485, 0.37896123863, 0.19863812984, 0.055819585859, 0.11978792077, 0.0069638911412, 0.23743039628],
      [0.008340058806, 0.037771686458, 0.11241284783, 0.11417821478, 0.088434832456, 0.56353987947, 0.075322480203],
      [0, 0, 0.85306317496, 0.0066393798176, 0.050756766782, 0.015995946336, 0.073544732105],
      [0.073598768581, 0, 0.056350408061, 0.69723432612, 0.067211082296, 0.065986835991, 0.03961857895],
      [0.17012249375, 0.049731306252, 0.23677678739, 0.084528836195, 0.24630001896, 0.024665075248, 0.1878754822]
    ],
    [
      [0.03709797287, 0.051158025963, 0.20707037828, 0.022915002923, 0.15790421524, 0.30332260921, 0.22053179552],
      [0.0013269571172, 0.54319360493, 0.13724074483, 0.036712104511, 0.1043531447, 0.0040462473704, 0.17312719655],
      [0.0083184206703, 0.078760718288, 0.12528917295, 0.11098269836, 0.11465134651, 0.48006809351, 0.081929549711],
      [0, 0, 0.85192442729, 0.0063548111563, 0.058428533075, 0.012138621295, 0.071153607186],
      [0.073232126851, 0.0096926693051, 0.058822381901, 0.67358806902, 0.086095313527, 0.056250562944, 0.042318876448],
      [0.14824676218, 0.088733216409, 0.22604585137, 0.070512965914, 0.27333789464, 0.018202758939, 0.17492055055]
    ],
    [
      [0.12424233195, 0.096493159145, 0.095322848377, 0.024837454368, 0.20829231943, 0.27208363008, 0.17872825665],
      [0.0029929647066, 0.73628631715, 0.042633218603, 0.027109733262, 0.093095782726, 0.0026183534466, 0.095263630103],
      [0.027770101977, 0.14888630817, 0.057286840718, 0.11696487169, 0.15064029334, 0.43227123571, 0.0661803484],
      [0, 0.0070085473395, 0.72074825873, 0.012306247024, 0.13636170188, 0.01943608536, 0.10413915966],
      [0.20760481469, 0.013080615019, 0.016470474347, 0.59816058746, 0.09031628404, 0.043689269174, 0.030677955268],
      [0.36544189374, 0.12283446049, 0.075813575771, 0.055586592283, 0.26462788473, 0.012094057116, 0.10360153587]
    ],
    [
      [0.053949337116, 0.027642944143, 0.2152272667, 0.043388211949, 0.1774938738, 0.38186513256, 0.10043323373],
      [0.0033143204528, 0.43418449198, 0.1944896036, 0.094824247099, 0.15948049961, 0.0071134067675, 0.10659343048],
      [0.018904569841, 0.02650603228, 0.11075191584, 0.18258866222, 0.10987269808, 0.5226627374, 0.028713384349],
      [0.0082716913109, 0, 0.89004662438, 0.0085229070417, 0.06436777412, 0.015989037672, 0.012801965477],
      [0.060426486871, 0, 0.041762357826, 0.78992523992, 0.062205737566, 0.045680177812, 0],
      [0.20731511194, 0.045486411122, 0.22466099212, 0.1295219049, 0.29664180765, 0.021297313031, 0.075076459232]
    ],
    [
      [0.064329866299, 0.037042086119, 0.20586432291, 0.024601161899, 0.18464504423, 0.28471859849, 0.19879892005],
      [0.0039823038645, 0.46680943097, 0.15775141643, 0.04566867761, 0.14095231736, 0.0043124818364, 0.18052337193],
      [0.015671881435, 0.05829411041, 0.12720062382, 0.12346871734, 0.13693268757, 0.4629563884, 0.075475591022],
      [0.0011181795153, 0.001062802979, 0.85260022917, 0.002709612984, 0.067048135067, 0.011008571074, 0.064452469215],
      [0.12752791114, 0.00156011299, 0.051374603294, 0.65042241598, 0.08797422399, 0.0463686598, 0.034772072806],
      [0.22931797376, 0.057452336132, 0.20127144056, 0.068563854029, 0.28695836122, 0.015242209161, 0.14119382514]
    ],
    [
      [0.090805672767, 0.041656465615, 0.15490233183, 0.031257867236, 0.082822919332, 0.4662654945, 0.13228924872],
      [0.0056773509822, 0.61695471104, 0.12207061034, 0.059504088213, 0.064584223305, 0.0070442932173, 0.1241647229],
      [0.017992803694, 0.053802791096, 0.078084465395, 0.12886753845, 0.049319176788, 0.63131497342, 0.040618251166],
      [0.00046332387584, 0.0039733606905, 0.87675944379, 0.0058573479625, 0.037333945369, 0.02182483562, 0.053787742688],
      [0.15309836463, 0.0047045383297, 0.034337191076, 0.708539567, 0.017572749477, 0.064763499593, 0.016984089894],
      [0.37340422827, 0.074197182295, 0.17283228675, 0.099545184705, 0.14595090569, 0.02741106751, 0.10665914478]
    ],
    [
      [0.078403047713, 0.048967630561, 0.18020743509, 0.03447099482, 0.17335070141, 0.33805074285, 0.14654944755],
      [0.0041420545357, 0.58949218594, 0.11871928328, 0.055088512981, 0.11366636085, 0.0043154680805, 0.11457613433],
      [0.017062046883, 0.069197648746, 0.099036313183, 0.15517402756, 0.1147659514, 0.49569450248, 0.049069509747],
      [0.0014197032261, 0.0044531695685, 0.85462269433, 0.0035602951288, 0.071115041856, 0.014144995356, 0.050684100539],
      [0.12269049194, 0.0052531193229, 0.033638638357, 0.71414120993, 0.066620008545, 0.042264372602, 0.015392159293],
      [0.27586829166, 0.074641547114, 0.17211108534, 0.094238197231, 0.26461070031, 0.017328934123, 0.10120124422]
    ],
    [
      [0.095897652135, 0.056106052047, 0.15121050211, 0.036481620281, 0.067819403671, 0.27762747654, 0.31485729322],
      [0.0072208591734, 0.62048310982, 0.082982917646, 0.047492710341, 0.032729784323, 0.0039944409577, 0.20509617774],
      [0.023545566784, 0.084821273487, 0.088771057055, 0.18342499433, 0.047376171105, 0.4620509017, 0.11001003554],
      [0.0081695112875, 0.0075847729996, 0.83416958766, 0.0025534771074, 0.014868814033, 0.014246513227, 0.11840732369],
      [0.14423238874, 0.0079297450438, 0.025613529979, 0.75118872006, 0.00024114055839, 0.032276636441, 0.038517839179],
      [0.35186043446, 0.082993177528, 0.13989189091, 0.10065554605, 0.10274639872, 0.013777227414, 0.20807532492]
    ],
    [
      [0.055576467076, 0.31149177956, 0.39578826549, 0.0056346927098, 0.070984550086, 0, 0.16052424508],
      [0.0071570244877, 0.96768985068, 0.010028996279, 0.00053461069774, 0.0042481527102, 0, 0.010341365146],
      [0.0070746153313, 0.57470238709, 0.2315363293, 0.029463094585, 0.053391438799, 0.048112818014, 0.055719316875],
      [0.0072832234872, 0, 0.95104451883, 0.00021622772261, 0.014087930448, 0, 0.027368099513],
      [0.20064657247, 0.036132414252, 0.16996173169, 0.44213908889, 0.084768986065, 0, 0.066351206632],
      [0.087874214252, 0.42793679081, 0.29927556261, 0.01296314728, 0.087158617674, 0, 0.084791667372]
    ],
    [
      [0.27377465478, 0.14970191745, 0.097840697195, 0.012089399029, 0.1460826064, 0.14803743014, 0.17247329501],
      [0, 0.85109055175, 0.017864977074, 0.022998330145, 0.046239053248, 0.0064080883217, 0.055398999459],
      [0.060112351326, 0.27250651573, 0.066403868935, 0.073549708843, 0.12394366613, 0.33081984755, 0.072664041483],
      [0, 0, 0.73867407649, 0.031405537166, 0.10829143349, 0.01839098184, 0.10323797101],
      [0.34633693103, 0.054892535906, 0.038916577369, 0.36821894135, 0.1025643989, 0.038231690705, 0.050838924744],
      [0.55676889525, 0.13288416928, 0.044883751781, 0.039198182855, 0.14045745994, 0.011206127565, 0.074601413331]
    ],
    [
      [0.058422473952, 0.054347774472, 0.1419901764, 0.022325194226, 0.18541128736, 0.36509474152, 0.17240835207],
      [0.0032444072788, 0.59558190106, 0.096270737282, 0.036561629331, 0.12501442288, 0.0048760208409, 0.13845088133],
      [0.012976296833, 0.078236677452, 0.080353696573, 0.1019591262, 0.12555216994, 0.54100507838, 0.059916954624],
      [0.00077083838155, 0.0057219392113, 0.80344781592, 0.0042117644496, 0.090859517583, 0.018910524492, 0.076077599961],
      [0.1256627873, 0.0069756933141, 0.039358107264, 0.63832912539, 0.09266407351, 0.064401310244, 0.03260890298],
      [0.22483751576, 0.091486648206, 0.15043592761, 0.067168261473, 0.31225103699, 0.021133647437, 0.13268696252]
    ],
    [
      [0.040056297594, 0.040863185621, 0.17436797332, 0.019518207478, 0.14458713578, 0.33851267042, 0.24209452979],
      [0.0022089659796, 0.49954887855, 0.13188154671, 0.0355559795, 0.10899050333, 0.00506896801, 0.21674515791],
      [0.0092023844858, 0.062670832029, 0.10507506895, 0.094418683518, 0.1045674716, 0.53489475787, 0.089170801553],
      [0, 0.0017243064731, 0.82927555548, 0.0047500545765, 0.061803513895, 0.015049033499, 0.087397536078],
      [0.095694343087, 0.0061890732925, 0.055338891372, 0.63779734632, 0.087746069113, 0.068825231097, 0.048409045714],
      [0.16890360106, 0.075162674251, 0.20181375897, 0.063897027304, 0.265552706, 0.021437733736, 0.20323249868]
    ],
    [
      [0.059278770586, 0.031895900556, 0.18355376311, 0.02933832888, 0.20527840426, 0.306265513, 0.18438931961],
      [0.0035403741286, 0.47889335838, 0.13890014865, 0.05376256322, 0.15427214485, 0.0044358548957, 0.16619555587],
      [0.013488865756, 0.047506770446, 0.10643936245, 0.14100066578, 0.14345532007, 0.48310069208, 0.065008323423],
      [0.00027110912657, 0.0023797672504, 0.84467222354, 0.002548799666, 0.077233749082, 0.011850754308, 0.061043597032],
      [0.10406599283, 0.0027186683499, 0.040511769881, 0.69051016848, 0.087683006274, 0.044630569142, 0.029879825038],
      [0.21451791365, 0.050127500901, 0.18080373136, 0.082784909696, 0.32483433148, 0.01593909746, 0.13099251546]
    ],
    [
      [0.058457275535, 0.066267652972, 0.18142868989, 0.020731763581, 0.16793141789, 0.3049447501, 0.20023845003],
      [0.0027166821965, 0.6268200063, 0.10466738654, 0.028882111386, 0.096487561236, 0.0034967868581, 0.13692946549],
      [0.013725119527, 0.10142426103, 0.10882845622, 0.10080492247, 0.12086676464, 0.48061892032, 0.073731555803],
      [0.00042121299977, 0.0055377074174, 0.83890432946, 0.002394151675, 0.068023073973, 0.012981730552, 0.071737793919],
      [0.13141457444, 0.0085443993105, 0.051469406175, 0.62166680659, 0.090894014801, 0.056693129871, 0.039317668806],
      [0.21545847057, 0.10680607815, 0.18373499554, 0.059726223775, 0.27010218944, 0.016891321949, 0.14728072057]
    ],
    [
      [0.12465751477, 0, 0.15107884942, 0.039624920389, 0.12600705722, 0.39562341138, 0.16300824683],
      [0.018043780555, 0.4364887141, 0.14382273012, 0.090435785391, 0.11926816621, 0.0073142509562, 0.18462657268],
      [0.020518069751, 0.035731039488, 0.08005166732, 0.17049214697, 0.080347912822, 0.56007603656, 0.052783127084],
      [0.0028947409505, 0, 0.84360532079, 0.0079007253519, 0.058676537417, 0.019496548302, 0.067426127193],
      [0.13749753829, 0, 0.022384333962, 0.73767621453, 0.037885630347, 0.046439078005, 0.018117204865],
      [0.35925793179, 0.041670369623, 0.14990153518, 0.11160402613, 0.19959148895, 0.020957136314, 0.11701751201]
    ],
    [
      [0.056420548911, 0.060233680835, 0.32657086228, 0.028842671292, 0.15963490229, 0.15740957945, 0.21088775493],
      [0.0025439192627, 0.56719122031, 0.17379074666, 0.037587485175, 0.085039691632, 0.00054273246137, 0.1333042045],
      [0.014949724321, 0.10467526527, 0.22002654488, 0.15880487271, 0.12975104718, 0.28494972864, 0.086842816995],
      [0, 0.001567874829, 0.90828403847, 0.0054358716014, 0.039681484484, 0, 0.045030730619],
      [0.1036478739, 0.0091189220062, 0.0722680024, 0.7023034622, 0.071296535276, 0.0082456223958, 0.033119581828],
      [0.18384629618, 0.085532466301, 0.28957248719, 0.073585550766, 0.22620716647, 0.0058183198038, 0.13543771329]
    ],
    [
      [0.067391714756, 0.068383354874, 0.21282104962, 0.012293478506, 0.1997913401, 0.26191170736, 0.17740735479],
      [0.0027930649058, 0.62837935683, 0.11943702164, 0.016727908801, 0.11068954212, 0.00362582483, 0.11834728087],
      [0.016855177412, 0.1123525619, 0.13733057951, 0.062777581054, 0.15481978754, 0.44559861283, 0.070265699748],
      [0, 0.0057507605997, 0.85761164864, 0.0032302328156, 0.065017493112, 0.01217887503, 0.056210989804],
      [0.19553886638, 0.012630095681, 0.077849453281, 0.46887101664, 0.13619582049, 0.064214605413, 0.044700142108],
      [0.2322385177, 0.10190844285, 0.19977818359, 0.032202186289, 0.29940179767, 0.0136615518, 0.1208093201]
    ],
    [
      [0.086516257955, 0.084566986409, 0.082395259013, 0.018257799987, 0.13086834999, 0.49197088112, 0.10542446553],
      [0.0025651865874, 0.80436525458, 0.040701891132, 0.021385231025, 0.064746987254, 0.0041690735359, 0.062066375888],
      [0.015878350553, 0.10771456854, 0.040599793889, 0.070470371824, 0.078161267449, 0.65518577221, 0.031989875539],
      [0, 0.010958748523, 0.76893380595, 0.0085634455959, 0.10371500215, 0.035758731422, 0.072070266354],
      [0.19982253388, 0.015605898785, 0.017872522397, 0.57408157082, 0.084381878987, 0.087458587336, 0.020777007791],
      [0.35850515782, 0.15065849138, 0.090877245057, 0.056068062412, 0.23180076617, 0.027488009487, 0.084602267676]
    ],
    [
      [0.059504893883, 0.10689476664, 0.14684243691, 0.018866329864, 0.12705596356, 0.33326953809, 0.20756607106],
      [0.0020418069819, 0.76227399074, 0.06050368545, 0.018765440419, 0.052275539535, 0.0027923043442, 0.10134723253],
      [0.013281949333, 0.1556500706, 0.083441979632, 0.0877348306, 0.086829613961, 0.50082848988, 0.072233065999],
      [0.00062018261935, 0.0092438214904, 0.82066320554, 0.0022618352489, 0.061947687129, 0.016892112339, 0.088371155637],
      [0.14424038788, 0.010536230988, 0.044534219266, 0.6139714093, 0.075975110335, 0.066520167271, 0.044222474959],
      [0.22639853427, 0.1780982818, 0.15297145781, 0.056279884182, 0.21056383236, 0.018876597761, 0.15681141181]
    ],
    [
      [0.041438442124, 0.070169969214, 0.29186861142, 0.015895842904, 0.13784602306, 0.17098158533, 0.27179952596],
      [0.001971542238, 0.62237136464, 0.13761651113, 0.01832084785, 0.065639821369, 0.0014571395332, 0.15262277324],
      [0.012097258688, 0.12946759321, 0.20553970242, 0.090573159245, 0.11851031218, 0.3271374836, 0.11667449066],
      [0.0014414306236, 0.0042661521933, 0.89235989888, 0.002764143422, 0.035956272714, 0.0039976681761, 0.059214433987],
      [0.1200975922, 0.013404824506, 0.083433238098, 0.58852188074, 0.096725763611, 0.036548337308, 0.06126836354],
      [0.14733360673, 0.10971514652, 0.28478093426, 0.043532169751, 0.21505750374, 0.0089107107448, 0.19066992825]
    ],
    [
      [0.073735342114, 0.13582581231, 0.14007058148, 0.016171877605, 0.050115049368, 0.24191194265, 0.34216939448],
      [0.0017907700849, 0.80362666321, 0.045747294533, 0.013879195855, 0.0080174004993, 0.0040478736074, 0.12289080221],
      [0.018177455215, 0.22127853741, 0.088062756995, 0.080141581857, 0.039380102326, 0.42381630327, 0.12914326293],
      [0.00030230962059, 0.013306287446, 0.81433307316, 0.0069366680403, 0.011392578266, 0.015713311537, 0.13801577193],
      [0.20273044693, 0.020468276874, 0.05905878787, 0.58367127499, 0.0018729834976, 0.061503098196, 0.070695131638],
      [0.27139194614, 0.215006572, 0.13803979913, 0.044629411728, 0.076917929027, 0.013786484784, 0.2402278572]
    ],
    [
      [0.063990591882, 0.019095876226, 0.21798125028, 0.0076978048156, 0.2134478598, 0.33795652371, 0.13983009329],
      [0.0059592909785, 0.35100062387, 0.22443806781, 0.017917315961, 0.21682028044, 0.0080128140377, 0.17585160689],
      [0.0193644752, 0.0088077187535, 0.1467996752, 0.036510573959, 0.152575879, 0.58159971349, 0.054341964392],
      [0, 0, 0.86995528107, 0, 0.061788593628, 0.019045986566, 0.049210138732],
      [0.23896712067, 0, 0.090295603056, 0.3606352032, 0.16896404123, 0.095250106917, 0.045887924936],
      [0.25231326192, 0.029089188436, 0.22153489625, 0.021149195168, 0.35153733049, 0.019414438867, 0.10496168887]
    ],
    [
      [0.089495099459, 0.034055927741, 0.27612215674, 0.036471413752, 0.15333508964, 0.19143474099, 0.21908557167],
      [0.0054043638771, 0.4206439307, 0.20332041633, 0.064671990359, 0.1126033298, 0.0020196919931, 0.19133627694],
      [0.023197188139, 0.057502133933, 0.18192876034, 0.1935421006, 0.1215306099, 0.33387571122, 0.08842349587],
      [0.001867727824, 0.00063645713379, 0.89250344532, 0.0059712104589, 0.043362879357, 0.0010798279287, 0.054578451973],
      [0.13473795805, 0, 0.052802301914, 0.71797174582, 0.055530173861, 0.0093184567279, 0.029639363631],
      [0.27902517739, 0.046091260651, 0.23542580453, 0.088293461882, 0.20796946975, 0.007810791929, 0.13538403387]
    ],
    [
      [0.20125534868, 0.036823821575, 0.20866427516, 0.018177817479, 0.12563579776, 0.25228145795, 0.15716148139],
      [0.010977577197, 0.60156772065, 0.14371028486, 0.02740570365, 0.085812130112, 0.0033175340053, 0.12720904953],
      [0.041773720323, 0.066310944677, 0.14154996994, 0.096438262261, 0.1044505064, 0.48346235665, 0.06601423975],
      [0, 0, 0.84758664837, 0.025203490214, 0.056518106963, 0.013932639428, 0.056759115028],
      [0.27032735625, 0.0232264804, 0.12569561003, 0.44952213234, 0.062942822942, 0.039216622259, 0.02906897578],
      [0.55861112894, 0.039989493335, 0.14016867439, 0.036857211687, 0.13739542028, 0.0098388194655, 0.077139251897]
    ],
    [
      [0.10407007369, 0.028576569431, 0.16972312805, 0.018923965261, 0.14724018862, 0.15855538937, 0.37291068558],
      [0.0053461905699, 0.39209367745, 0.1273122394, 0.034446641041, 0.11052913598, 0.0021266440584, 0.3281454715],
      [0.030122415882, 0.057657689084, 0.13302895596, 0.12226771113, 0.14024160427, 0.34570764856, 0.17097397512],
      [0, 0, 0.804345152, 0.007838682104, 0.068641218714, 0.0046067281, 0.11456821908],
      [0.21162090209, 0.004826203546, 0.055319110464, 0.56732351629, 0.081539066685, 0.025562770921, 0.053808430005],
      [0.33816633482, 0.038113309521, 0.14475460308, 0.047539113701, 0.2029585277, 0.0066928870921, 0.22177522409]
    ],
    [
      [0.10151364603, 0.045521864827, 0.13934267212, 0.028334932155, 0.12855511122, 0.37937683979, 0.17735493385],
      [0.0054238526489, 0.57368343966, 0.10604044892, 0.05155697907, 0.097477997954, 0.005775096518, 0.16004218524],
      [0.021806630193, 0.065099695685, 0.078141900446, 0.12657943334, 0.086556293595, 0.56081292416, 0.061003122584],
      [0, 0.0018217398461, 0.82241190449, 0.007593205435, 0.066520979192, 0.020752776332, 0.080899394707],
      [0.1702830544, 0.0052828908418, 0.028737081832, 0.65701890379, 0.05505601172, 0.055663490747, 0.027958566662],
      [0.36647408575, 0.071082948422, 0.13667946941, 0.078406499912, 0.20054490952, 0.020381792421, 0.12643029456]
    ],
    [
      [0.093979396094, 0.037372340256, 0.1993763951, 0.024655579543, 0.15415097202, 0.31956798106, 0.17089733592],
      [0.0055317557746, 0.49880138625, 0.15892165543, 0.04751044301, 0.12247402134, 0.0050742103288, 0.16168652786],
      [0.020806063357, 0.057015104558, 0.11990065243, 0.12034200511, 0.11180498095, 0.50703393787, 0.063097255728],
      [0, 0.00042453990492, 0.86720244051, 0.003783557098, 0.058946013725, 0.012848310992, 0.056795137771],
      [0.17187371678, 0.0022013046744, 0.048325341447, 0.62534087044, 0.073260759631, 0.050541276922, 0.028456730111],
      [0.32568958921, 0.055880901856, 0.18783285448, 0.066226568715, 0.23119504577, 0.016435721558, 0.11673931841]
    ],
    [
      [0.078807126662, 0.1001338453, 0.16360608195, 0.02771741709, 0.11389371912, 0.30635117365, 0.20949063622],
      [0.0026722033808, 0.75313525404, 0.066786706409, 0.027270835784, 0.046225078218, 0.0024992394942, 0.10141068267],
      [0.017853158753, 0.14676703568, 0.092916146507, 0.1281392657, 0.077446693557, 0.46369030787, 0.073187391934],
      [0.00075339903942, 0.0084946765519, 0.84462245744, 0.0033246100299, 0.048778808511, 0.013744243628, 0.080281804804],
      [0.14568166124, 0.0092303428951, 0.036972224733, 0.67944327518, 0.047064217477, 0.045645636959, 0.035962641518],
      [0.27898490738, 0.15365348676, 0.15665976349, 0.075907289555, 0.17387098836, 0.01581725917, 0.14510630528]
    ],
    [
      [0.075105953154, 0.089900871532, 0.22546813194, 0.030517237419, 0.13241848458, 0.25316354547, 0.1934257759],
      [0.0029064489157, 0.68904674871, 0.10454129258, 0.034257188051, 0.061060483202, 0.0020167225215, 0.10617111601],
      [0.017639570636, 0.13713909675, 0.13475120957, 0.14745160948, 0.094867509129, 0.39729185957, 0.070859144868],
      [0.00094142530229, 0.0061682556984, 0.87845071601, 0.0042437388637, 0.044474339815, 0.0075970549518, 0.058124469358],
      [0.12970209322, 0.0084496177542, 0.050471306948, 0.69789756645, 0.052832377093, 0.032007290564, 0.028639747965],
      [0.2503202518, 0.13096017878, 0.2063162902, 0.079426180073, 0.19230637873, 0.012246785588, 0.12842393483]
    ],
    [
      [0.063823627314, 0.072222465164, 0.21856942517, 0.034091948133, 0.16844223566, 0.30573255799, 0.13711774057],
      [0.0026935214842, 0.66041565973, 0.11555627191, 0.043637399744, 0.088818594172, 0.0031322365612, 0.085746316397],
      [0.01388189454, 0.1028507714, 0.1214907249, 0.15403555879, 0.11258447512, 0.44915248251, 0.046004092749],
      [0.00035728728636, 0.0056253277679, 0.88035716363, 0.0041217411039, 0.059274528913, 0.010763319671, 0.039500631624],
      [0.1014434538, 0.0082013765634, 0.046136263489, 0.72707705279, 0.067307410532, 0.03901753989, 0.010816902938],
      [0.22265603559, 0.11011940984, 0.20876132123, 0.092685624286, 0.25613243071, 0.015701677416, 0.09394350093]
    ],
    [
      [0.073127648871, 0.064205407799, 0.16770753851, 0.021119728556, 0.12522286799, 0.21598471202, 0.33263209624],
      [0.0027876945471, 0.64152284717, 0.080599790516, 0.025032324839, 0.060171603453, 0.0020201254776, 0.187865614],
      [0.019421668048, 0.1139876645, 0.11400943278, 0.11861405287, 0.1027482756, 0.39582112157, 0.13539778463],
      [0.0002291251466, 0.0056866415, 0.81889981131, 0.0023915973569, 0.050541704453, 0.0086215495882, 0.11362957065],
      [0.15904086543, 0.011877522272, 0.048135431753, 0.62286276782, 0.068741319876, 0.036224692617, 0.053117400228],
      [0.2571597412, 0.098077903971, 0.15929783673, 0.057911614974, 0.19018645983, 0.010962465906, 0.22640397739]
    ],
    [
      [0.060148962153, 0.091548959246, 0.13917774445, 0.038158452039, 0.19059027283, 0.29859799548, 0.1817776138],
      [0.0020470707283, 0.71718649794, 0.06040015801, 0.040365040876, 0.083198027413, 0.002459846399, 0.094343358634],
      [0.012689907699, 0.12812187878, 0.074200392425, 0.16901759026, 0.12527898834, 0.42997430347, 0.060716939032],
      [0.0001208621367, 0.0092529779245, 0.79782264931, 0.0062832818962, 0.093833074442, 0.014452813752, 0.07823434054],
      [0.087718985789, 0.0081851071892, 0.020283728354, 0.75524179, 0.070285647806, 0.034115079638, 0.024169661223],
      [0.20767697108, 0.13687561112, 0.13000398706, 0.10213643218, 0.28533687737, 0.015014986548, 0.12295513463]
    ],
    [
      [0.055736936377, 0.041549071052, 0.15341325281, 0.026934217375, 0.11906497967, 0.43856266153, 0.16473888119],
      [0.0032946730168, 0.5913043387, 0.11492564628, 0.048912180004, 0.088907730047, 0.0062652467502, 0.1463901852],
      [0.011370858838, 0.055506120605, 0.079991145648, 0.11481661211, 0.074732663792, 0.61112848508, 0.052454113931],
      [0.0002240591206, 0.0039435537309, 0.84932254302, 0.0040731634644, 0.055172230303, 0.020423989326, 0.066840461036],
      [0.10777868796, 0.005415622452, 0.037735769034, 0.69744340304, 0.055195718287, 0.068034687637, 0.028396111587],
      [0.24457631409, 0.07998845441, 0.18435752997, 0.092068517996, 0.22788922464, 0.027858105232, 0.14326185367]
    ],
    [
      [0.049042823755, 0.061800063272, 0.16450099692, 0.020334063586, 0.12943183812, 0.41106389956, 0.16382631479],
      [0.0025307114997, 0.64440981547, 0.10668289119, 0.031932840052, 0.083659867069, 0.0049978816561, 0.12578599306],
      [0.010488248552, 0.085883897269, 0.089767293199, 0.089756947648, 0.084803330835, 0.58447760399, 0.054822678505],
      [0.00031103187868, 0.0060297292137, 0.84723313094, 0.0037153166174, 0.059417221077, 0.017628812365, 0.065664757913],
      [0.11551883561, 0.0086728374013, 0.049988144919, 0.6407120576, 0.07500073635, 0.076857792005, 0.033249596122],
      [0.21087905066, 0.1161530329, 0.19459703185, 0.068391059839, 0.2428538762, 0.026335096868, 0.14079085169]
    ],
    [
      [0.051888848225, 0.10316059382, 0.14620637289, 0.019095258679, 0.12166409183, 0.37115925984, 0.18682557472],
      [0.0019736714756, 0.75353545274, 0.065949078654, 0.020835822834, 0.054699025974, 0.0032399068277, 0.099767041498],
      [0.011292746738, 0.14462062178, 0.08060034473, 0.084879335886, 0.080458022078, 0.5348589043, 0.063290024481],
      [0.00097551366592, 0.0080221462728, 0.82454959092, 0.0038043903672, 0.061216517234, 0.018854229037, 0.082577612502],
      [0.12811565618, 0.01058512512, 0.046389880173, 0.62635508127, 0.07350705454, 0.074710090668, 0.040337112045],
      [0.20875234159, 0.18214303435, 0.16211533709, 0.060084422302, 0.21391961729, 0.0224505778, 0.15053466958]
    ],
    [
      [0.051167761969, 0.12635361315, 0.099091660246, 0.018940936159, 0.074140295757, 0.44736696049, 0.18293877224],
      [0.0026467152396, 0.82833802455, 0.038037376574, 0.017821354058, 0.027178247452, 0.0027120913573, 0.083266190769],
      [0.010696941718, 0.16360781075, 0.050191786027, 0.075151371623, 0.044656993698, 0.59879884787, 0.056896248314],
      [0.0049463578445, 0.013159691102, 0.78511619401, 0.0089585192831, 0.045796542857, 0.028782536709, 0.11324015819],
      [0.13608144352, 0.013347203587, 0.03340515101, 0.6424565621, 0.040761728227, 0.090919752465, 0.043028159096],
      [0.22775483444, 0.24878860526, 0.12161844803, 0.064225319288, 0.14568672261, 0.028886320727, 0.16303974965]
    ],
    [
      [0.15595512362, 0, 0.18068323147, 0.043611239348, 0.20244284648, 0.2067456465, 0.21056191258],
      [0.0089053921746, 0.36109185318, 0.15366162865, 0.089569304036, 0.1712921881, 0.003416898012, 0.21206273585],
      [0.069647083284, 0, 0.11445538291, 0.22681311912, 0.15500272813, 0.35293840203, 0.081143284531],
      [0.0008804061128, 0, 0.83580002218, 0.0084409377418, 0.07881656692, 0.0049656434474, 0.071096423597],
      [0.15710906245, 0, 0.025761922365, 0.72229161985, 0.064360600833, 0.0062434505875, 0.024233343912],
      [0.40153417682, 0, 0.13604782137, 0.095329520182, 0.24546694291, 0.0071033583125, 0.11451818041]
    ],
    [
      [0.11231565829, 0.042566176682, 0.24411441597, 0.041368952203, 0.13770454316, 0.21878159033, 0.20314866336],
      [0.0062235773663, 0.49320002675, 0.16843263354, 0.068910303964, 0.094634024337, 0.0023912996951, 0.16620813435],
      [0.02753394563, 0.068157832784, 0.15290576335, 0.20873342714, 0.10354172252, 0.36124987013, 0.077877438441],
      [0.00072047021667, 0.002503587203, 0.8864144502, 0.0067666674029, 0.04263016613, 0.0049200775267, 0.056044581325],
      [0.14959883278, 0.0019651990922, 0.042926513178, 0.73209041872, 0.039332884108, 0.011097456774, 0.022988695339],
      [0.33750344722, 0.055549300777, 0.20054500576, 0.096480736485, 0.17981168478, 0.0092018914076, 0.12090793357]
    ],
    [
      [0.075869346599, 0.068316337738, 0.19456375501, 0.031415064686, 0.12672921458, 0.28590573502, 0.21720054637],
      [0.0035375388415, 0.62272730229, 0.11036212787, 0.043182329109, 0.071291506899, 0.0030074639232, 0.14589173106],
      [0.017578525574, 0.10316758002, 0.1154753453, 0.15043750026, 0.090141599811, 0.44408888628, 0.079110562755],
      [0.0006957053411, 0.0055091245021, 0.85536923358, 0.0050464308159, 0.047998686444, 0.010908237703, 0.074472581615],
      [0.1281190821, 0.0067735339592, 0.042411383225, 0.70448646199, 0.048134386898, 0.037950847751, 0.03212430407],
      [0.26447241042, 0.10418397611, 0.18670126595, 0.085687468938, 0.19269923643, 0.014834201705, 0.15142144045]
    ],
    [
      [0.040849100181, 0.054333980221, 0.17605670668, 0.026518586285, 0.20023993606, 0.29398611042, 0.20801558016],
      [0.0016918954204, 0.61035854819, 0.098531353874, 0.036002187537, 0.11186756174, 0.0031643484771, 0.13838410477],
      [0.0087517648849, 0.083043406435, 0.10034486199, 0.12623755471, 0.1401367752, 0.46647529124, 0.075010345538],
      [0, 0.0039224582606, 0.82880005598, 0, 0.078997814462, 0.011397602143, 0.076882069159],
      [0.07489826513, 0.013200761719, 0.035841375074, 0.70402589126, 0.090625580697, 0.043167575315, 0.038240550809],
      [0.15494105527, 0.089379500714, 0.17864994606, 0.076777645592, 0.33059725066, 0.015685093289, 0.15396950841]
    ],
    [
      [0.12902502903, 0.11292143278, 0.099206774715, 0.027507385399, 0.089991273053, 0.22763515144, 0.31371295357],
      [0.0022644750994, 0.7922926298, 0.032146854179, 0.022450378497, 0.028907723655, 0.0014459816138, 0.12049195715],
      [0.031888990971, 0.18690787163, 0.063251130404, 0.1385682029, 0.069144523625, 0.39085953355, 0.11937974691],
      [0, 0.011838915695, 0.74512277995, 0.0092334754039, 0.054362868892, 0.014074815125, 0.16536714493],
      [0.20916347418, 0.012610050971, 0.016175275569, 0.65211670837, 0.03093019214, 0.032120450254, 0.046883848514],
      [0.39540912064, 0.14947168007, 0.081011245885, 0.062967915877, 0.11746114019, 0.0099345254658, 0.18374437187]
    ],
    [
      [0.026751574045, 0.054126356836, 0.11069159465, 0.018561068527, 0.078537136046, 0.58374306543, 0.12758920447],
      [0.0011420706666, 0.71310137183, 0.080537740921, 0.031792313922, 0.056847032166, 0.006409039838, 0.11017043066],
      [0.004763476918, 0.064710955542, 0.051895233831, 0.067199413876, 0.044239980329, 0.73053890783, 0.036652031675],
      [0, 0.0052898468226, 0.83051757733, 0.011655444215, 0.051038886286, 0.02762310542, 0.073875139929],
      [0.068994137748, 0.010978551883, 0.042980026921, 0.68147849963, 0.054748499849, 0.10588847846, 0.034931805505],
      [0.16575447002, 0.14656274651, 0.18648733151, 0.08442959037, 0.2105765657, 0.050111231291, 0.15607806459]
    ],
    [
      [0.14283644844, 0.024942610271, 0.26171622521, 0.042427847191, 0.10448103868, 0.28774960661, 0.1358462236],
