{
  "X": [
    [8, 6, 7, 121, 4, 9],
    [30, 75, 320, 374, 29, 20],
    [40, 100, 373, 389, 28, 31],
    [9, 23, 82, 134, 6, 9],
    [11, 25, 89, 240, 11, 11],
    [40, 72, 280, 336, 24, 19],
    [19, 20, 70, 141, 6, 5],
    [7, 15, 61, 182, 9, 3],
    [17, 44, 167, 334, 21, 12],
    [10, 13, 103, 153, 13, 3],
    [23, 39, 226, 320, 26, 10],
    [13, 5, 14, 156, 5, 5],
    [22, 39, 176, 306, 34, 9],
    [17, 16, 81, 192, 6, 5],
    [13, 31, 115, 234, 18, 14],
    [36, 124, 621, 371, 29, 25],
    [8, 12, 52, 85, 4, 6],
    [13, 26, 35, 217, 4, 16],
    [44, 151, 397, 719, 42, 32],
    [5, 24, 59, 152, 6, 5],
    [9, 10, 34, 107, 4, 4],
    [7, 12, 28, 146, 4, 4],
    [10, 15, 44, 134, 6, 0],
    [30, 126, 261, 732, 35, 30],
    [30, 40, 309, 275, 24, 25],
    [22, 59, 245, 293, 24, 25],
    [21, 47, 184, 194, 14, 17],
    [29, 48, 130, 311, 8, 26],
    [6, 23, 77, 42, 11, 11],
    [106, 138, 554, 856, 55, 80],
    [12, 52, 206, 122, 22, 16],
    [59, 94, 448, 473, 29, 63],
    [27, 51, 202, 387, 24, 44],
    [58, 143, 555, 692, 55, 73],
    [26, 47, 237, 255, 22, 32],
    [23, 44, 257, 240, 28, 27],
    [6, 12, 31, 66, 6, 9],
    [17, 21, 88, 239, 15, 7],
    [5, 8, 3, 80, 1, 2],
    [14, 26, 68, 263, 14, 20],
    [45, 34, 168, 302, 23, 6],
    [42, 47, 235, 426, 28, 17],
    [8, 12, 52, 109, 4, 4],
    [15, 11, 14, 136, 5, 4],
    [7, 11, 34, 183, 3, 5],
    [23, 23, 69, 174, 10, 12],
    [7, 12, 26, 138, 4, 6],
    [2, 8, 14, 83, 0, 6],
    [32, 45, 127, 227, 12, 3],
    [19, 38, 156, 187, 14, 4],
    [22, 41, 137, 313, 26, 5],
    [17, 39, 121, 323, 22, 7],
    [56, 72, 247, 616, 33, 11],
    [4, 3, 7, 105, 4, 2],
    [5, 7, 29, 128, 4, 5],
    [65, 47, 378, 387, 23, 8],
    [139, 249, 969, 1836, 127, 73],
    [10, 42, 149, 221, 13, 12],
    [56, 223, 471, 801, 35, 45],
    [0, 16, 54, 123, 0, 5]
  ],
  "W": [
    [7, 4, 9, 121, 6, 8],
    [26, 84, 244, 386, 78, 30],
    [31, 136, 252, 433, 75, 34],
    [9, 33, 51, 137, 20, 13],
    [11, 39, 48, 242, 30, 17],
    [36, 85, 211, 356, 55, 28],
    [23, 33, 37, 138, 19, 11],
    [9, 17, 42, 186, 16, 7],
    [22, 49, 117, 322, 52, 33],
    [17, 15, 68, 148, 27, 20],
    [20, 45, 175, 306, 66, 32],
    [13, 6, 12, 146, 9, 12],
    [14, 33, 141, 309, 56, 33],
    [14, 16, 49, 181, 42, 15],
    [19, 27, 84, 225, 44, 26],
    [32, 165, 445, 376, 140, 48],
    [6, 18, 35, 83, 16, 9],
    [8, 30, 27, 223, 10, 13],
    [30, 209, 265, 739, 90, 52],
    [11, 35, 36, 149, 15, 5],
    [8, 12, 30, 105, 4, 9],
    [11, 10, 19, 139, 11, 11],
    [12, 13, 43, 118, 14, 9],
    [26, 140, 166, 766, 61, 55],
    [36, 49, 256, 283, 52, 27],
    [21, 66, 182, 308, 64, 27],
    [12, 54, 148, 202, 38, 23],
    [32, 52, 89, 330, 32, 17],
    [6, 25, 54, 45, 19, 21],
    [78, 188, 433, 911, 106, 73],
    [11, 54, 176, 120, 54, 15],
    [53, 118, 346, 503, 101, 45],
    [19, 54, 166, 400, 72, 24],
    [50, 184, 384, 739, 136, 83],
    [23, 55, 181, 278, 59, 23],
    [22, 34, 213, 242, 85, 23],
    [8, 14, 16, 67, 14, 11],
    [13, 24, 68, 231, 31, 20],
    [4, 9, 2, 70, 5, 9],
    [10, 38, 44, 277, 17, 19],
    [41, 43, 125, 290, 62, 17],
    [34, 61, 179, 405, 74, 42],
    [5, 19, 32, 108, 18, 7],
    [10, 7, 13, 141, 8, 6],
    [9, 14, 27, 165, 8, 20],
    [17, 18, 58, 176, 21, 21],
    [9, 5, 20, 132, 10, 17],
    [5, 10, 9, 82, 6, 1],
    [27, 50, 105, 207, 38, 19],
    [21, 43, 132, 174, 29, 19],
    [24, 46, 122, 307, 27, 18],
    [18, 40, 110, 305, 30, 26],
    [60, 73, 215, 577, 71, 39],
    [4, 3, 3, 105, 5, 5],
    [1, 7, 24, 132, 3, 11],
    [52, 70, 243, 381, 121, 41],
    [110, 312, 747, 1828, 222, 174],
    [9, 53, 118, 205, 32, 30],
    [43, 230, 385, 795, 95, 83],
    [0, 28, 35, 120, 5, 10]
  ],
  "method": "mvn_pdf",
  "cond_prob": [
    [
      [0.67308895782, 0.0016732458383, 0.013458875998, 0.29376029978, 0.013880268239, 0.0041383523271],
      [0.0069295009565, 0.72560582361, 0.15082842246, 0.064369831921, 0.005690005949, 0.046576415103],
      [0.040080335011, 0.10538926266, 0.59156513988, 0.07198467017, 0.11222140144, 0.078759190839],
      [0.014564071827, 0.010027789681, 0.0052095989468, 0.89972923863, 0.013056102743, 0.057413198175],
      [0.10577707217, 0.020195853305, 0.37685474754, 0.24437851699, 0.14585860707, 0.10693520292],
      [0.022861996082, 0.058108483771, 0.043954952245, 0.74587219485, 0.017035621284, 0.11216675176]
    ],
    [
      [0.63219590828, 0.0034168817361, 0.075817251004, 0.26411960004, 0.022183485516, 0.0022668734236],
      [0.0034021152244, 0.57293261307, 0.38106238152, 0.026731707051, 0.0041927572693, 0.011678425866],
      [0.011663050184, 0.057036985104, 0.85354229115, 0.017921098011, 0.048028111291, 0.011808464264],
      [0.016799452502, 0.022153447524, 0.031947178385, 0.87268807603, 0.022663528723, 0.033748316833],
      [0.041079100039, 0.015128715142, 0.75667494915, 0.081949216977, 0.083613654496, 0.021554364198],
      [0.021193510683, 0.10244305094, 0.21806321821, 0.58187549622, 0.023799819094, 0.052624904856]
    ],
    [
      [0.699313184, 0.0031602710566, 0.086881400259, 0.18825745847, 0.019793359639, 0.002594326577],
      [0.003745040567, 0.5255906173, 0.43464746223, 0.018982779536, 0.0037239244053, 0.01331017596],
      [0.011593177882, 0.047407776073, 0.87884902856, 0.011494701905, 0.038501470073, 0.012153845511],
      [0.024562553413, 0.027089083819, 0.04841207434, 0.82211161902, 0.02674278232, 0.051081887087],
      [0.041896409974, 0.012909606553, 0.79974036614, 0.053916847914, 0.068774332965, 0.022762436454],
      [0.027116784079, 0.10962715407, 0.28929442396, 0.47966717867, 0.024577777489, 0.069716681736]
    ],
    [
      [0.60575206137, 0.002832992241, 0.080720041319, 0.28998914604, 0.017623147164, 0.0030826118729],
      [0.0032167165613, 0.51353374421, 0.43256765344, 0.030532730511, 0.0034997201569, 0.016649435125],
      [0.0099153288593, 0.045149749335, 0.87530767564, 0.018371207076, 0.036146645187, 0.015109393897],
      [0.013872422096, 0.016742599161, 0.030918559117, 0.87993247273, 0.016405816293, 0.042128130608],
      [0.035169307188, 0.011998932633, 0.77722489377, 0.084534193536, 0.063318086665, 0.027754586211],
      [0.017943409951, 0.079881985408, 0.21790342726, 0.59912369429, 0.017698993754, 0.067448489344]
    ],
    [
      [0.56250069669, 0.0022443913664, 0.068032488364, 0.34208743594, 0.022497578282, 0.0026374093537],
      [0.0037461238717, 0.48870632048, 0.44084319729, 0.043978239133, 0.0054188768422, 0.017307242383],
      [0.011060954269, 0.041424161382, 0.85346655609, 0.025365806311, 0.053628530346, 0.015053991601],
      [0.01160214163, 0.011612666409, 0.022843375403, 0.90418418006, 0.018343163368, 0.031414473126],
      [0.037458698521, 0.010529780538, 0.72430697219, 0.11149004101, 0.089804422588, 0.026410085154],
      [0.016345932218, 0.060080422431, 0.174640934, 0.67268624573, 0.021517238899, 0.054729226718]
    ],
    [
      [0.69526918093, 0.0030573851352, 0.071536960183, 0.20911182732, 0.019035682859, 0.0019889635749],
      [0.0040888043493, 0.56282957246, 0.39470622978, 0.023195506628, 0.0039452294179, 0.01123465737],
      [0.01365644071, 0.054566849229, 0.86152753808, 0.015149680782, 0.044033251765, 0.011066239433],
      [0.022796248745, 0.024517794284, 0.037279492488, 0.85471213007, 0.024054937887, 0.036639396522],
      [0.048485014953, 0.01458305357, 0.76951796978, 0.069804748222, 0.077254893978, 0.020354319495],
      [0.027412194729, 0.10815872067, 0.2427716777, 0.54310275346, 0.024087127915, 0.054467525523]
    ],
    [
      [0.6452036291, 0.0020196998413, 0.066707360792, 0.26846826676, 0.015900616673, 0.0017004268337],
      [0.0045502571951, 0.4765779761, 0.46613676393, 0.03670995153, 0.0040982903091, 0.011926760941],
      [0.013051961558, 0.038994885423, 0.87790939395, 0.020558682334, 0.039415039235, 0.010070037495],
      [0.016736484376, 0.013205197933, 0.028278352115, 0.89976158792, 0.016371882249, 0.025646495402],
      [0.045503099598, 0.010180953468, 0.76528800784, 0.092978177431, 0.067883587469, 0.018166174196],
      [0.022638695895, 0.065887902587, 0.20854254449, 0.64153746133, 0.018473249497, 0.042920146207]
    ],
    [
      [0.51030911508, 0.0030780044051, 0.078349387761, 0.37809345584, 0.028454425707, 0.0017156112001],
      [0.0026344195267, 0.54204593868, 0.40294950329, 0.038130052487, 0.005397429957, 0.0088426560583],
      [0.0084520295779, 0.048917067166, 0.85217174164, 0.023873154074, 0.058232575133, 0.0083534324135],
      [0.0094583432888, 0.014514462247, 0.023920768544, 0.91236585549, 0.021123581875, 0.01861698856],
      [0.029191766614, 0.012655359154, 0.73648775335, 0.10708745031, 0.09963165869, 0.014946011883],
      [0.013226563524, 0.074900504559, 0.18229845529, 0.67279297207, 0.024627037493, 0.032154467055]
    ],
    [
      [0.51282795565, 0.0034246600272, 0.072876462944, 0.38091588921, 0.027588817074, 0.0023662150993],
      [0.0027359992131, 0.57622045913, 0.36544806426, 0.038293014386, 0.0051844055002, 0.012118057514],
      [0.0095344946181, 0.057932679771, 0.83352115198, 0.026085626646, 0.060474269511, 0.012451777477],
      [0.0097854784775, 0.015992234597, 0.022104206978, 0.90645512623, 0.020291900448, 0.025371053275],
      [0.032460455778, 0.014838883405, 0.71352018463, 0.11535349877, 0.10185053058, 0.021976446841],
      [0.013675337397, 0.081980091856, 0.16724613777, 0.66965980029, 0.023608056405, 0.043830576284]
    ],
    [
      [0.48170772592, 0.0031329755847, 0.12350429099, 0.34810876007, 0.041745630598, 0.0018006168319],
      [0.0020686449448, 0.44169334385, 0.51361244435, 0.028604752914, 0.0064527457105, 0.0075680682249],
      [0.0054221307855, 0.032912996371, 0.88435301719, 0.014646835047, 0.056819143556, 0.0058458770486],
      [0.009571862127, 0.015518330642, 0.039625978054, 0.88225141481, 0.03251864096, 0.020513773404],
      [0.019321221336, 0.0088308297212, 0.79271466975, 0.067859414455, 0.10046936193, 0.010804502801],
      [0.011964093104, 0.07150801031, 0.26983102893, 0.58109063776, 0.033926841114, 0.031679388779]
    ],
    [
      [0.60552213942, 0.0022886492157, 0.060056259891, 0.30733505959, 0.023113271957, 0.0016846199252],
      [0.0044031366021, 0.52451108157, 0.41109396461, 0.042252622602, 0.0059413793637, 0.011797815256],
      [0.013763096369, 0.047394112841, 0.84004270057, 0.025813587837, 0.062114338011, 0.010872164372],
      [0.01426437897, 0.013234006561, 0.022559491115, 0.90652009118, 0.02105492765, 0.022367104526],
      [0.046135872842, 0.011951280412, 0.70781271659, 0.11233005574, 0.1028916556, 0.018878418824],
      [0.020118017994, 0.068395131627, 0.17212569295, 0.6756607712, 0.024716593516, 0.038983792707]
    ],
    [
      [0.66621256296, 0.00098417438388, 0.016978620866, 0.30058776169, 0.013546314033, 0.0016905660694],
      [0.010586944761, 0.57800295828, 0.279132059, 0.096378975943, 0.0081370772898, 0.027761984728],
      [0.039728586308, 0.058139916188, 0.69789022699, 0.070253805987, 0.10344047642, 0.030546988108],
      [0.015452065878, 0.0059883197805, 0.0066884073426, 0.9352125158, 0.012962989858, 0.023695701343],
      [0.10667886908, 0.011521429272, 0.45882720378, 0.24366107451, 0.13703054439, 0.042280878971],
      [0.025425699424, 0.03610057751, 0.059388963158, 0.81303737553, 0.017739792295, 0.048307592082]
    ],
    [
      [0.66651776037, 0.0027416989846, 0.052685902455, 0.24088721067, 0.035779256039, 0.0013881714786],
      [0.0045699504046, 0.60227641507, 0.34358360133, 0.031558650027, 0.0087540537635, 0.0092573294104],
      [0.016043909693, 0.060767551583, 0.78901733452, 0.021644488903, 0.1029483108, 0.0095784045035],
      [0.019126868455, 0.01950887257, 0.024337022596, 0.87424904985, 0.040099443749, 0.02267874278],
      [0.053004969332, 0.015081861539, 0.65462429294, 0.092755365819, 0.1681538953, 0.016379615061],
      [0.025651029473, 0.095993528098, 0.17666788233, 0.61935367153, 0.044763084685, 0.037570803888]
    ],
    [
      [0.66324893974, 0.0018962245464, 0.040354230027, 0.28335328815, 0.0097814317317, 0.0013658858065],
      [0.0059592682592, 0.57374245151, 0.35529912342, 0.04957889942, 0.0032136047938, 0.012206652595],
      [0.021328066449, 0.057735553045, 0.83499807985, 0.03458941093, 0.038494015107, 0.012854874621],
      [0.016702760734, 0.012093892919, 0.016673821212, 0.92468186412, 0.0098149173936, 0.020032743619],
      [0.070001419311, 0.014162670425, 0.68467931334, 0.14712811719, 0.06221977307, 0.021808706659],
      [0.024840974499, 0.066100084839, 0.13438888624, 0.72570127332, 0.012151802498, 0.036816978606]
    ],
    [
      [0.49115766659, 0.0042700117471, 0.069383917269, 0.39874252819, 0.032808290474, 0.0036375857276],
      [0.0022702428379, 0.63676428319, 0.3043757676, 0.034938013015, 0.0053825594321, 0.016269133921],
      [0.0090935362094, 0.072679698564, 0.79937493069, 0.027334230415, 0.07231020587, 0.019207398251],
      [0.0087488819823, 0.018754172702, 0.019771574994, 0.89331138069, 0.022674344333, 0.036739645303],
      [0.030659242091, 0.018401897805, 0.67693133615, 0.11973475461, 0.12068593658, 0.033586832771],
      [0.012132953454, 0.095607920437, 0.14859303476, 0.65443171272, 0.026190753597, 0.063043625026]
    ],
    [
      [0.62546983731, 0.0036671461595, 0.10298202259, 0.24639303912, 0.019030249448, 0.0024577053709],
      [0.0028971200661, 0.52114260152, 0.44076956353, 0.021308217582, 0.0030696286916, 0.010812868613],
      [0.0089559938233, 0.047027503826, 0.88958980308, 0.01288777725, 0.031676348129, 0.0098625738868],
      [0.017558347562, 0.024926842928, 0.045519498417, 0.85327309725, 0.020385079813, 0.038337134027],
      [0.032660895814, 0.012934180772, 0.81761432309, 0.061036302116, 0.057107072644, 0.018647225568],
      [0.020176261244, 0.10487798497, 0.28276208521, 0.51823442693, 0.019494940325, 0.054454301322]
    ],
    [
      [0.70172887729, 0.0015125279914, 0.044542077662, 0.23863153592, 0.011256426734, 0.0023285544026],
      [0.0061733133431, 0.49736367089, 0.42603673296, 0.044192769249, 0.0039657923599, 0.022267721196],
      [0.01879006865, 0.042303185886, 0.85233553799, 0.026167157271, 0.04051092952, 0.019893120686],
      [0.018564634992, 0.010978273129, 0.020907812467, 0.89736799763, 0.012865927211, 0.039315354573],
      [0.063267096742, 0.010570931625, 0.71081701364, 0.11387730588, 0.066934939038, 0.034532713069],
      [0.026391710726, 0.057559415415, 0.16196797422, 0.66956588472, 0.015255306056, 0.069259708862]
    ],
    [
      [0.7233930956, 0.001685781963, 0.022000682949, 0.24156015142, 0.0080979412361, 0.0032623468268],
      [0.0079555225921, 0.64976986994, 0.24823346594, 0.053639799475, 0.0033709629627, 0.037030379098],
      [0.035796220676, 0.082514911486, 0.73483596042, 0.047031160738, 0.05084132499, 0.048980421692],
      [0.020004691777, 0.012214166853, 0.010345843472, 0.89366713372, 0.0092502488618, 0.054517915321],
      [0.10697796622, 0.018282900091, 0.5432361497, 0.18141241724, 0.074630575257, 0.075459991497],
      [0.029941566217, 0.067135764592, 0.083820466649, 0.70651163092, 0.011511141495, 0.10107943012]
    ],
    [
      [0.65226252484, 0.0026373384936, 0.059413826723, 0.26340165697, 0.020310334737, 0.0019743182383],
      [0.0045267243967, 0.56189176234, 0.38149779348, 0.034163178199, 0.0049077789334, 0.013012762645],
      [0.015244058427, 0.055245994897, 0.83887289718, 0.02250747759, 0.055201751749, 0.01292782016],
      [0.01784806844, 0.0174778061, 0.025608767266, 0.88783851738, 0.021219607489, 0.030007233329],
      [0.051884948534, 0.014169271678, 0.71882648711, 0.099448819754, 0.0928677666, 0.022802706326],
      [0.023964133425, 0.085881454098, 0.18581609927, 0.63084448954, 0.02370038874, 0.049793434921]
    ],
    [
      [0.40193479909, 0.0034178397165, 0.078483111336, 0.48907821862, 0.02428415197, 0.002801879263],
      [0.0019516063113, 0.55729271574, 0.37727615448, 0.045731740325, 0.004289904245, 0.013457878898],
      [0.0066530770863, 0.054049957634, 0.84616114505, 0.030448992169, 0.049172430556, 0.013514397508],
      [0.0058969906223, 0.012601896492, 0.018763916567, 0.92479562228, 0.014100748679, 0.023840825364],
      [0.022670602386, 0.013798607392, 0.72155837304, 0.1350136917, 0.08305598731, 0.023902738179],
      [0.0086261687517, 0.068002849726, 0.1495167944, 0.71348347258, 0.017203698901, 0.043167015639]
    ],
    [
      [0.69905362392, 0.0014792353031, 0.033254680104, 0.25272268607, 0.01195080944, 0.001538965157],
      [0.0069139517514, 0.55863547273, 0.3607305943, 0.052536195142, 0.0047173457213, 0.016466440359],
      [0.023689342886, 0.052644883112, 0.81761895847, 0.035001237271, 0.054489798546, 0.016555779719],
      [0.01803478571, 0.01043907135, 0.015180262799, 0.91793351089, 0.013284490602, 0.025127878649],
      [0.076634382581, 0.01256886685, 0.65054847849, 0.14613088129, 0.086560963589, 0.027556427208],
      [0.027134664798, 0.057982136388, 0.12449718899, 0.7269374123, 0.01666121817, 0.04678737935]
    ],
    [
      [0.48514371173, 0.0036897403127, 0.049692974827, 0.44176341254, 0.017399605901, 0.0023105546922],
      [0.0024851112143, 0.68092102042, 0.25681666697, 0.044546890536, 0.0032974037078, 0.011932907147],
      [0.011543961167, 0.085637896465, 0.79462008233, 0.040277942552, 0.051625603293, 0.016294514197],
      [0.0077847813547, 0.015202071367, 0.013229299656, 0.93061479777, 0.011257421863, 0.021911627986],
      [0.038279550142, 0.021092791861, 0.65463431153, 0.1733277374, 0.084686082943, 0.027979526122],
      [0.011730382055, 0.084798106621, 0.10848859623, 0.73998931324, 0.014133341817, 0.040860260039]
    ],
    [
      [0.54353274844, 0.0022966907872, 0.027683363571, 0.41186217807, 0.013618098865, 0.0010069202632],
      [0.0045199635243, 0.68223282051, 0.2329521906, 0.067573659566, 0.0042346820077, 0.0084866837916],
      [0.021858437104, 0.090425525923, 0.74305638274, 0.063574342488, 0.069022762717, 0.012062549024],
      [0.0095026618832, 0.010337794305, 0.0080693891557, 0.95203646916, 0.0096382010146, 0.010415484483],
      [0.065230150273, 0.019973667975, 0.54895776096, 0.24588997844, 0.10137908339, 0.018569358967],
      [0.015461434862, 0.061937283212, 0.071081051118, 0.81752163163, 0.013059761118, 0.020938838059]
    ],
    [
      [0.5783058041, 0.0044258430152, 0.075020324997, 0.3141635402, 0.025683347351, 0.0024011403349],
      [0.0026823800725, 0.63289172886, 0.32245363032, 0.02724456081, 0.0041481118251, 0.010579588118],
      [0.010552992394, 0.072509114645, 0.82915593292, 0.020969313711, 0.054532994558, 0.012279651774],
      [0.013188015626, 0.024458259178, 0.026957011687, 0.88259760264, 0.022372092737, 0.030427018136],
      [0.036983440647, 0.019145957602, 0.73162276824, 0.095419796882, 0.094519741658, 0.022308294972],
      [0.017085391773, 0.11606806541, 0.18886836757, 0.60514808514, 0.024111985356, 0.048718104752]
    ],
    [
      [0.59795818432, 0.002811308006, 0.095021868133, 0.27537545203, 0.024827245088, 0.0040059424218],
      [0.0031954578413, 0.46897858191, 0.47501635308, 0.027639989463, 0.0046636567102, 0.020505960995],
      [0.0090183305363, 0.038399964772, 0.87626146828, 0.015255722989, 0.043993841278, 0.017070672143],
      [0.014863579407, 0.017037952444, 0.037419209573, 0.85114706618, 0.023702893432, 0.055829298966],
      [0.031874005535, 0.010225639965, 0.77970194072, 0.070029630821, 0.076880479985, 0.031288302976],
      [0.018159954217, 0.076355010578, 0.24761353606, 0.54934659017, 0.024124975922, 0.084399933049]
    ],
    [
      [0.6072903766, 0.0037783654068, 0.083496292877, 0.27608168132, 0.0255420675, 0.003811216298],
      [0.0029209505573, 0.57207671189, 0.37790004723, 0.025101775419, 0.0043412761311, 0.017659238777],
      [0.010031944706, 0.056889546689, 0.84848482409, 0.016855946577, 0.049851712292, 0.017886025641],
      [0.014974747787, 0.022862072727, 0.03282090456, 0.85196706575, 0.024347699045, 0.05302751013],
      [0.035371018629, 0.015099401335, 0.75276243149, 0.077167047245, 0.086905935962, 0.032694165342],
      [0.018431188756, 0.10324328215, 0.2187545973, 0.55389485683, 0.024953611203, 0.080722463763]
    ],
    [
      [0.75167997528, 0.0023389122432, 0.050555794444, 0.17976503064, 0.013312979804, 0.0023473075917],
      [0.0056645920908, 0.57589404313, 0.37079800334, 0.0263895746, 0.0036622728367, 0.017591514003],
      [0.019722323361, 0.057797644401, 0.84387321738, 0.017943875526, 0.042619667546, 0.018043271782],
      [0.027505356532, 0.02162733011, 0.030348588091, 0.85109389261, 0.019398108137, 0.050026724524],
      [0.06819054705, 0.014989264053, 0.73153030432, 0.0803793139, 0.072646761373, 0.032263809303],
      [0.034460492557, 0.099501105574, 0.20605823133, 0.56222376338, 0.020240295534, 0.077516111625]
    ],
    [
      [0.63691193606, 0.0036543930608, 0.065463462231, 0.27687899338, 0.012645573489, 0.004445641783],
      [0.0033649401352, 0.61582825757, 0.32801704988, 0.027725645654, 0.0023684809693, 0.02269562579],
      [0.013142126448, 0.06923777601, 0.83941024539, 0.021163451236, 0.030914972937, 0.026131427979],
      [0.015809245241, 0.022311206624, 0.025952017591, 0.86131366195, 0.012161368967, 0.062452499627],
      [0.046048193294, 0.018223064295, 0.73853833863, 0.096238798173, 0.053492713572, 0.047458892041],
      [0.020237286439, 0.10496615567, 0.18016850666, 0.58272469647, 0.012962498938, 0.098940855832]
    ],
    [
      [0.63530462127, 0.0052839253263, 0.11124031717, 0.17813884844, 0.061037656263, 0.0089946315272],
      [0.0019381967356, 0.58903524434, 0.36067551141, 0.011358399255, 0.0073373448667, 0.029655303397],
      [0.0066602955801, 0.056966807379, 0.81354202395, 0.0076150322277, 0.085224212588, 0.029991628271],
      [0.016944759388, 0.038377747862, 0.052219191449, 0.66982731716, 0.069607985456, 0.15302299868],
      [0.023517702748, 0.015089285374, 0.72161987489, 0.034868239309, 0.14986505887, 0.055039838807],
      [0.016227717967, 0.13664843044, 0.27398525065, 0.33461332087, 0.055845266219, 0.18268001385]
    ],
    [
      [0.75865989319, 0.0016609312396, 0.043942381162, 0.17856461977, 0.014252385285, 0.002919789362],
      [0.0077137841494, 0.51473878603, 0.41070432267, 0.033771201781, 0.005019013943, 0.028052891426],
      [0.023918521435, 0.046636683628, 0.8313330211, 0.020488501766, 0.05195878994, 0.025664482134],
      [0.029324251756, 0.015468676272, 0.026620213339, 0.84529575813, 0.020923736504, 0.062367363995],
      [0.079102884752, 0.011626548339, 0.69239562819, 0.08796319976, 0.084917643207, 0.043994095747],
      [0.03799964841, 0.073326940518, 0.18634587095, 0.57985687651, 0.022554108898, 0.099916554711]
    ],
    [
      [0.59187821525, 0.0044962340244, 0.076755868426, 0.29020065841, 0.031931704157, 0.0047373197339],
      [0.0025601105395, 0.62924735469, 0.31895859485, 0.024091488438, 0.0049816054866, 0.020160845994],
      [0.0099830487095, 0.07061685939, 0.81284480783, 0.01835507801, 0.06502570107, 0.023174504986],
      [0.013394359832, 0.025434981982, 0.028191499383, 0.84270384636, 0.028439369097, 0.061835943341],
      [0.034711193057, 0.018452582777, 0.71038769709, 0.082887343627, 0.1117848876, 0.041776295849],
      [0.016670264863, 0.11632906415, 0.19012681269, 0.5520480801, 0.029497803636, 0.095327974574]
    ],
    [
      [0.68626846723, 0.0025805810111, 0.066582409503, 0.22362793924, 0.015140215954, 0.0058003870566],
      [0.0045208711603, 0.52258529786, 0.40561495731, 0.027506515315, 0.0034731365782, 0.03629922178],
      [0.014475054268, 0.048770570428, 0.84810864047, 0.017228620582, 0.037129177911, 0.034287936338],
      [0.020360048297, 0.018530489115, 0.031087983843, 0.81722175922, 0.017132979964, 0.095666739558],
      [0.049877913328, 0.012664595619, 0.7358995262, 0.077078528576, 0.063219316072, 0.061260120201],
      [0.024793969236, 0.082628696158, 0.20467411114, 0.52641797994, 0.01736311926, 0.14412212426]
    ],
    [
      [0.64015358481, 0.0023248328829, 0.04207825849, 0.29252182725, 0.016611917806, 0.0063095787584],
      [0.0050961030265, 0.58297220102, 0.31485022261, 0.044032806939, 0.0046700054759, 0.048378660927],
      [0.019141640183, 0.063280152916, 0.77304377945, 0.032322772216, 0.058640981029, 0.053570674203],
      [0.01500777216, 0.01337296691, 0.015726906826, 0.85736190329, 0.015055820766, 0.083474630044],
      [0.060438152095, 0.015016706496, 0.61302082993, 0.13244376697, 0.091421043383, 0.087659501129],
      [0.020895338395, 0.068195045039, 0.11835752515, 0.63127689343, 0.017439823313, 0.14383537467]
    ],
    [
      [0.64553172483, 0.0031833578134, 0.081570092367, 0.2403347051, 0.024832943732, 0.004547176157],
      [0.003539571754, 0.53243624078, 0.41122692231, 0.024513561005, 0.0047167263463, 0.023566977802],
      [0.011233599307, 0.0493588145, 0.85212743166, 0.015223065827, 0.049987286715, 0.022069801992],
      [0.018130217911, 0.02155240589, 0.035917777883, 0.82727472019, 0.026499013579, 0.070625864546],
      [0.039330166158, 0.01303328849, 0.7518187428, 0.069212788578, 0.086537421971, 0.040067592001],
      [0.021628282662, 0.094093157457, 0.23154555793, 0.52226587152, 0.026299868887, 0.10416726154]
    ],
    [
      [0.66174937663, 0.0029860382569, 0.076995423492, 0.23034319604, 0.022410285657, 0.0055156799213],
      [0.003708186597, 0.52947873403, 0.40793910205, 0.024497730108, 0.0044578934681, 0.029918353745],
      [0.011801325511, 0.048751193309, 0.84869919711, 0.01524132503, 0.047431747728, 0.028075211308],
      [0.018598182707, 0.0206714575, 0.034620472212, 0.81373894965, 0.024439571118, 0.087931366809],
      [0.041163223138, 0.012795745723, 0.74450563292, 0.069003781745, 0.081762690761, 0.050768925713],
      [0.022117763644, 0.090219445577, 0.22303834613, 0.51098477649, 0.024206774992, 0.12943289316]
    ],
    [
      [0.60316503138, 0.0037936660891, 0.069208909434, 0.29328201962, 0.025605417823, 0.004944955654],
      [0.0030669392198, 0.60960781328, 0.33038326014, 0.028140995745, 0.0045962529361, 0.024204738682],
      [0.01159147286, 0.066351997182, 0.81620589069, 0.02078766915, 0.058085008556, 0.026977961558],
      [0.013990123383, 0.021573788939, 0.025561031246, 0.85125123668, 0.022927628574, 0.064696191174],
      [0.039751938839, 0.017116427543, 0.70412162578, 0.092579073871, 0.098457263203, 0.047973670769],
      [0.017932751975, 0.10147290897, 0.17730264068, 0.5761896811, 0.02447112306, 0.10263089421]
    ],
    [
      [0.56578603548, 0.0036909313822, 0.072603959759, 0.31117512937, 0.03786103489, 0.0088829091188],
      [0.0024048878103, 0.59387440341, 0.33002858044, 0.027174278419, 0.0062577034444, 0.040260146477],
      [0.0087352627313, 0.058721779726, 0.79311265648, 0.019212760049, 0.077266707521, 0.042950833492],
      [0.010649840182, 0.018673955845, 0.023694570836, 0.81161821841, 0.030048473788, 0.10531494093],
      [0.029490048181, 0.014748532332, 0.66625720171, 0.084240151286, 0.12986562781, 0.075398438683],
      [0.013435466354, 0.08773429822, 0.16398354211, 0.53728904785, 0.031699453771, 0.1658581917]
    ],
    [
      [0.65914284787, 0.0016739482149, 0.036621235437, 0.28137290004, 0.019712590952, 0.0014764774872],
      [0.0066285922478, 0.55713962933, 0.35934977863, 0.054954561835, 0.0072140776163, 0.014713360349],
      [0.022297153156, 0.053340899612, 0.79231034393, 0.036069500681, 0.081412481965, 0.014569620652],
      [0.016651600636, 0.010667507516, 0.015140587771, 0.91612082154, 0.019786957372, 0.021632525163],
      [0.069959975806, 0.012522746758, 0.62116894678, 0.14665367262, 0.12606326802, 0.023631390021],
      [0.02504596155, 0.058858730578, 0.12330264953, 0.72780801882, 0.024769979856, 0.040214659671]
    ],
    [
      [0.67961601108, 0.0011925451014, 0.010337257956, 0.30136458148, 0.0062415397361, 0.0012480646449],
      [0.008597460465, 0.7155620316, 0.16366316995, 0.089488125839, 0.0035061304646, 0.019183081682],
      [0.050069262855, 0.10554932758, 0.64189585513, 0.10040652976, 0.069569922, 0.03250910267],
      [0.013580354776, 0.0072982952126, 0.0040946987516, 0.95137459749, 0.0060054769694, 0.017646576805],
      [0.12935773218, 0.019366223547, 0.3904062087, 0.33066543085, 0.087543688619, 0.042660716114],
      [0.023000017225, 0.045343333216, 0.037097805359, 0.84904404013, 0.0084459189971, 0.037068885071]
    ],
    [
      [0.65797008942, 0.0017275531131, 0.042896413224, 0.26894594665, 0.024699518832, 0.0037604787543],
      [0.0059719690379, 0.51999490798, 0.3840190598, 0.047748811857, 0.0081994417129, 0.034065809613],
      [0.018690255876, 0.046638454435, 0.78792781914, 0.029181719379, 0.086167847695, 0.031393903473],
      [0.016525304446, 0.011011721584, 0.017751467052, 0.87466739044, 0.024822461105, 0.05522165537],
      [0.059234205049, 0.01106107227, 0.62346346165, 0.1198111248, 0.13495718943, 0.051472946805],
      [0.023462395, 0.057369749874, 0.1366331449, 0.65616438675, 0.029326219799, 0.097044103673]
    ],
    [
      [0.71739559833, 0.0014341596642, 0.035275855543, 0.22890430379, 0.015979877724, 0.0010102049392],
      [0.0084084424426, 0.53265350055, 0.3901805363, 0.050722092082, 0.0066256642464, 0.011409764374],
      [0.026751241455, 0.048822880861, 0.81165181396, 0.031532217009, 0.070543390306, 0.010698456404],
      [0.022804360557, 0.011181291138, 0.017865485906, 0.91043929336, 0.019627179897, 0.01808238914],
      [0.084839164935, 0.011627096369, 0.64577203744, 0.12974066176, 0.11046204521, 0.01755899429],
      [0.033515389893, 0.060231532066, 0.14206351891, 0.70733313841, 0.02401146938, 0.032844951334]
    ],
    [
      [0.68269267564, 0.0015531923385, 0.040270530584, 0.25775534862, 0.016123419778, 0.0016048330388],
      [0.0072775404862, 0.51698481352, 0.40157163026, 0.051732399822, 0.0060413407476, 0.016392275163],
      [0.022755461697, 0.046869321369, 0.82049281809, 0.03162162473, 0.063148787534, 0.01511198658],
      [0.019351995335, 0.010749692185, 0.018114642445, 0.90870654609, 0.017584331476, 0.025492792472],
      [0.072820638478, 0.011281749805, 0.65973744675, 0.13131251199, 0.099802825876, 0.025044827105],
      [0.028316886138, 0.05757951324, 0.14327360535, 0.70331257983, 0.021407765056, 0.046109650387]
    ],
    [
      [0.70272085783, 0.0013538406823, 0.042187813802, 0.24201353084, 0.010305025409, 0.0014189314281],
      [0.0068045279414, 0.48448414626, 0.44084919222, 0.049098687372, 0.0039649146129, 0.014798531598],
      [0.020171193732, 0.040253014154, 0.85897494884, 0.028319339069, 0.039404844943, 0.012876659265],
      [0.018850111959, 0.0099071208662, 0.019972918997, 0.91533157925, 0.011887521779, 0.024050747151],
      [0.067582342748, 0.010013614515, 0.71283654419, 0.12257797086, 0.064773516761, 0.022216010917],
      [0.027531915847, 0.053283491943, 0.15879459744, 0.70252179041, 0.014465765265, 0.043402439092]
    ],
    [
      [0.82979219875, 0.001595507642, 0.011714008949, 0.14766715496, 0.008394560442, 0.00083656925252],
      [0.0099759587767, 0.78412539247, 0.1531488946, 0.037784242172, 0.0040225657827, 0.0109429462],
      [0.063502825742, 0.12900763929, 0.65386207985, 0.046578983376, 0.086660801761, 0.020387669986],
      [0.03572845317, 0.01898889761, 0.0089997240675, 0.8976962826, 0.015696419273, 0.022890223281],
      [0.1840980792, 0.027238699337, 0.46159830911, 0.17346202996, 0.12331411131, 0.030288771088],
      [0.053356076909, 0.10528882296, 0.072837231915, 0.70676559995, 0.019489802173, 0.042262466085]
    ],
    [
      [0.50442739517, 0.0017620645916, 0.037115461789, 0.44256031997, 0.011964679231, 0.0021700792548],
      [0.0045683037872, 0.55335798551, 0.33906488791, 0.07913176753, 0.0040204605433, 0.019856594719],
      [0.016373408602, 0.055438597388, 0.80356428506, 0.055276898981, 0.048416984474, 0.020929825497],
      [0.0082039916517, 0.0073643381829, 0.010055444839, 0.945631361, 0.0078709603622, 0.020873903965],
      [0.050201847429, 0.012655616149, 0.61120182738, 0.21958679257, 0.073179331996, 0.03317458448],
      [0.01319659911, 0.04346581897, 0.087616920694, 0.80362987869, 0.010536091012, 0.041554691526]
    ],
    [
      [0.78502036382, 0.0020255895939, 0.027921701034, 0.17152060804, 0.011645773709, 0.0018659637998],
      [0.007550881558, 0.66975942022, 0.26770476064, 0.032665980436, 0.0041592129055, 0.018159744247],
      [0.033138102121, 0.082456990987, 0.77177827532, 0.027939692833, 0.061242551166, 0.023444387575],
      [0.030339333665, 0.020117495395, 0.017966537592, 0.87066784267, 0.018200844295, 0.042707946383],
      [0.10690886347, 0.019816505627, 0.62034915726, 0.11658083354, 0.097296691133, 0.039047948965],
      [0.041600259943, 0.1016214443, 0.13365871624, 0.62986339411, 0.020782489021, 0.072473696382]
    ],
    [
      [0.53823583368, 0.0054957077544, 0.046341003315, 0.39057345463, 0.016522915643, 0.0028310849749],
      [0.0020263846879, 0.77823542022, 0.17700599148, 0.029472147617, 0.0023346219024, 0.010925434096],
      [0.012820349306, 0.12948219431, 0.75134608444, 0.036224765403, 0.049821490725, 0.020305115814],
      [0.0094100646103, 0.025110802157, 0.013650876554, 0.910253924, 0.011830019453, 0.02974431323],
      [0.044040292456, 0.032909370418, 0.6411379093, 0.16123577712, 0.084589441936, 0.036087208771],
      [0.01336582286, 0.13270687619, 0.10549701314, 0.68211707471, 0.013997633379, 0.05231557972]
    ],
    [
      [0.36261051728, 0.0028323424982, 0.042402048625, 0.57627449751, 0.0085188012109, 0.0073617928759],
      [0.0019992301843, 0.63067084323, 0.25781145417, 0.064677604734, 0.0018322712659, 0.043008596418],
      [0.0089269828165, 0.074028467048, 0.77713614547, 0.056061401652, 0.027517613328, 0.056329389685],
      [0.0041872823684, 0.008761741877, 0.0084602644271, 0.92108998382, 0.0041386962576, 0.053362031252],
      [0.027887530802, 0.016951845455, 0.59312357423, 0.2280709637, 0.042276621736, 0.091689464076],
      [0.0065589770065, 0.050852681646, 0.07216336827, 0.76055581026, 0.0054046106255, 0.1044645522]
    ],
    [
      [0.72681857611, 0.001765981696, 0.027464006059, 0.23344312226, 0.0096735703369, 0.00083474354186],
      [0.0080660863934, 0.6360542538, 0.29323048251, 0.0497056685, 0.0038657188884, 0.0090777899155],
      [0.033135741156, 0.074964593073, 0.78790935489, 0.039866846686, 0.053139654351, 0.010983809839],
      [0.022580477689, 0.013662947419, 0.013799349993, 0.92333321026, 0.01179007536, 0.01483393928],
      [0.10376080114, 0.01756697211, 0.61712310566, 0.16179919411, 0.081979496427, 0.017770430553],
      [0.034042886401, 0.075572163767, 0.11258115884, 0.73537150038, 0.014796615153, 0.027635675467]
    ],
    [
      [0.60614850581, 0.0028485489601, 0.060164875361, 0.30991165684, 0.019517601607, 0.0014088114164],
      [0.0038218581372, 0.58119533038, 0.36451018229, 0.037360970572, 0.0044250089239, 0.008686649697],
      [0.013469668007, 0.05886120289, 0.84070734641, 0.025721988255, 0.052217470291, 0.0090223241439],
      [0.014006202782, 0.016360615098, 0.022435317227, 0.91094133458, 0.017654320062, 0.018602210253],
      [0.046031846898, 0.015095261927, 0.72070256128, 0.11409148686, 0.088121734989, 0.015957108045],
      [0.019612237576, 0.084182546578, 0.17033820164, 0.67306795313, 0.020602313137, 0.032196747934]
    ],
    [
      [0.58407468951, 0.0024940145725, 0.047440097374, 0.33042024698, 0.03417900578, 0.0013919457888],
      [0.0043552834294, 0.59376997026, 0.33603674158, 0.046747752798, 0.0090512946158, 0.010038957311],
      [0.015346324244, 0.060213507105, 0.77486771802, 0.032188045732, 0.10695831446, 0.010426090437],
      [0.012813158221, 0.013477687833, 0.016652409599, 0.91068433692, 0.029102049107, 0.01727035832],
      [0.048829963066, 0.014382134466, 0.61837053077, 0.13292523423, 0.16831662576, 0.017175511699],
      [0.01885998151, 0.072775807956, 0.13270541132, 0.70858084776, 0.035663636632, 0.031414314823]
    ],
    [
      [0.54597097344, 0.002571444689, 0.041385313125, 0.38094745673, 0.027444495991, 0.001680316031],
      [0.0041332990366, 0.62358038523, 0.29777798651, 0.054800734361, 0.0073870085263, 0.012320586333],
      [0.01613883596, 0.069905925375, 0.76126796337, 0.041799630261, 0.096710530458, 0.014177114577],
      [0.01053989023, 0.012251435124, 0.01280695392, 0.92542407723, 0.020598366317, 0.01837927718],
      [0.050184764538, 0.016307051378, 0.59335194431, 0.16868251041, 0.14864897494, 0.022824754425],
      [0.016117962636, 0.068688623304, 0.10593387054, 0.74830326873, 0.026215217167, 0.034741057615]
    ],
    [
      [0.61277860365, 0.0022396998076, 0.03641792661, 0.33042702698, 0.016772864578, 0.0013638783686],
      [0.0054956105688, 0.62037554067, 0.30205713387, 0.055246080117, 0.0052305083767, 0.011595126398],
      [0.021754719125, 0.071242195602, 0.78148668608, 0.042766163408, 0.069212088097, 0.013538147689],
      [0.014006866999, 0.012375222503, 0.013082816819, 0.92865536855, 0.014603532739, 0.017276192394],
      [0.067909585781, 0.016734535541, 0.61338221353, 0.17331951559, 0.106757647, 0.021896502558],
      [0.021383135773, 0.069154053613, 0.10790078424, 0.75041872047, 0.018546221852, 0.032597084052]
    ],
    [
      [0.57968996612, 0.0015639086597, 0.030736584121, 0.36014159297, 0.026259814938, 0.0016081331904],
      [0.0050634600879, 0.59347895479, 0.30801332456, 0.068451372769, 0.0093277957696, 0.015665092021],
      [0.017999004271, 0.052607150476, 0.75235414895, 0.047102268999, 0.11365984237, 0.016277584932],
      [0.010313986033, 0.0078999490885, 0.0099918086086, 0.93225594089, 0.020834415282, 0.018703900095],
      [0.054676901856, 0.011713804833, 0.55173483988, 0.18463342728, 0.1717866714, 0.025454354761],
      [0.016487424551, 0.04663963353, 0.086961938825, 0.78520912383, 0.027718767411, 0.036983111853]
    ],
    [
      [0.73931104499, 0.0013331014854, 0.035238008447, 0.21136102712, 0.011298359096, 0.0014584588625],
      [0.0071237749631, 0.52627614435, 0.39957175719, 0.04609640664, 0.0046548858323, 0.016277031026],
      [0.022491074569, 0.045369335435, 0.83932838875, 0.028279013446, 0.049461293996, 0.015070893808],
      [0.021019385395, 0.011133594389, 0.019027370297, 0.90581182516, 0.014894618628, 0.028113206127],
      [0.075020593789, 0.011151476245, 0.6861641666, 0.1211463749, 0.080755010163, 0.025762378303],
      [0.030478028692, 0.059566892344, 0.15064885734, 0.69097489826, 0.017974983941, 0.050356339433]
    ],
    [
      [0.75238953689, 0.0014568999908, 0.057714337281, 0.17589603118, 0.011614581968, 0.00092861268956],
      [0.0072274914081, 0.43313941817, 0.5155380401, 0.031682538251, 0.0039041537117, 0.0085083583593],
      [0.019106032577, 0.033304824238, 0.89011699647, 0.016379488337, 0.034459184648, 0.0066334737323],
      [0.030383942869, 0.014299361482, 0.036818039059, 0.87962704304, 0.01796236512, 0.020909248427],
      [0.066492324093, 0.0087313315766, 0.77960641862, 0.073979852564, 0.059233274167, 0.011956798975],
      [0.038572055456, 0.066481886903, 0.25279702268, 0.59037168303, 0.018979208762, 0.032798143162]
    ],
    [
      [0.65977854191, 0.0021548919217, 0.05179467096, 0.26213368896, 0.022353832381, 0.0017843738647],
      [0.0054966727375, 0.5410425903, 0.39280931699, 0.040325462002, 0.0063954342213, 0.013930523756],
      [0.017671039171, 0.050926628513, 0.82418166657, 0.025372626532, 0.068630729731, 0.013217309485],
      [0.018513172957, 0.014461813194, 0.022617011713, 0.89332698966, 0.023648469582, 0.027432542895],
      [0.058315958699, 0.012681171333, 0.68565647354, 0.1087447464, 0.1119853712, 0.022616278825],
      [0.025705905055, 0.073407394953, 0.16952740278, 0.65697731795, 0.027307757033, 0.047074222235]
    ],
    [
      [0.53920417339, 0.0028297669838, 0.061949614159, 0.37348405459, 0.019763497918, 0.0027688929585],
      [0.003324878916, 0.56359890417, 0.36769654026, 0.044234594259, 0.0043915142368, 0.016753568157],
      [0.011526504686, 0.056329532041, 0.83410886347, 0.02995758266, 0.050961813296, 0.01711570385],
      [0.010305639063, 0.013510952993, 0.019208622682, 0.91168737765, 0.014865714942, 0.030421692665],
      [0.038681900698, 0.014195804294, 0.70237951422, 0.13051413574, 0.08447456166, 0.029754083391],
