{
  "X": [
    [209, 97, 390, 56],
    [81, 74, 198, 19],
    [37, 39, 63, 10],
    [41, 10, 61, 4],
    [54, 43, 66, 13],
    [27, 15, 27, 1],
    [4, 32, 23, 1],
    [60, 51, 84, 7],
    [225, 357, 464, 30],
    [172, 249, 380, 39],
    [109, 64, 179, 22],
    [194, 248, 549, 51],
    [132, 113, 280, 33],
    [171, 283, 478, 62],
    [86, 113, 183, 22],
    [3, 6, 8, 1],
    [61, 61, 195, 35],
    [63, 130, 218, 29],
    [51, 51, 149, 21],
    [156, 223, 548, 69],
    [131, 117, 274, 34],
    [25, 95, 168, 19],
    [93, 165, 337, 35],
    [101, 213, 386, 45],
    [106, 146, 248, 30],
    [126, 306, 510, 55],
    [31, 109, 154, 26],
    [105, 74, 262, 16],
    [3, 3, 3, 0],
    [17, 16, 20, 2],
    [7, 13, 22, 5],
    [10, 4, 15, 3],
    [17, 15, 29, 0],
    [6, 6, 8, 3],
    [60, 46, 163, 24],
    [270, 129, 662, 63],
    [146, 89, 354, 45],
    [53, 35, 80, 11],
    [77, 61, 245, 24],
    [31, 18, 47, 11],
    [57, 38, 126, 16],
    [102, 113, 226, 24],
    [163, 202, 586, 72],
    [102, 178, 133, 16],
    [47, 187, 148, 18],
    [78, 268, 232, 26],
    [123, 202, 524, 59],
    [10, 4, 10, 0],
    [11, 20, 9, 0],
    [40, 45, 49, 12],
    [6, 2, 11, 0],
    [18, 6, 15, 1],
    [48, 28, 84, 17],
    [48, 95, 118, 11],
    [2147, 2780, 5606, 667],
    [306, 278, 675, 88],
    [690, 551, 1128, 143],
    [509, 307, 630, 50]
  ],
  "W": [
    [285, 233, 151, 32, 51],
    [111, 120, 99, 18, 24],
    [48, 40, 50, 6, 5],
    [40, 46, 21, 8, 1],
    [57, 48, 53, 9, 9],
    [28, 20, 19, 0, 3],
    [0, 15, 37, 4, 4],
    [59, 47, 71, 7, 18],
    [288, 220, 469, 39, 60],
    [201, 215, 349, 37, 38],
    [134, 100, 99, 23, 18],
    [244, 316, 372, 56, 54],
    [189, 181, 153, 17, 18],
    [220, 270, 383, 72, 49],
    [94, 103, 150, 25, 32],
    [1, 4, 9, 1, 3],
    [85, 116, 98, 33, 20],
    [86, 136, 168, 31, 19],
    [67, 84, 85, 28, 8],
    [220, 333, 337, 55, 51],
    [177, 172, 145, 31, 31],
    [38, 93, 143, 20, 13],
    [114, 191, 245, 44, 36],
    [129, 244, 294, 48, 30],
    [120, 143, 219, 25, 23],
    [153, 299, 436, 65, 44],
    [42, 85, 138, 38, 17],
    [132, 175, 111, 23, 16],
    [0, 2, 4, 1, 2],
    [19, 9, 20, 2, 5],
    [9, 15, 19, 3, 1],
    [13, 10, 7, 1, 1],
    [16, 19, 17, 5, 4],
    [9, 5, 9, 0, 0],
    [85, 119, 54, 12, 23],
    [400, 419, 191, 50, 64],
    [193, 249, 108, 36, 48],
    [60, 54, 45, 14, 6],
    [94, 168, 86, 32, 27],
    [29, 36, 34, 4, 4],
    [76, 71, 73, 6, 11],
    [119, 142, 144, 29, 31],
    [172, 408, 313, 56, 74],
    [92, 78, 220, 18, 21],
    [56, 69, 243, 14, 18],
    [92, 123, 339, 27, 23],
    [137, 364, 287, 69, 51],
    [10, 6, 7, 0, 1],
    [12, 3, 24, 0, 1],
    [48, 23, 62, 4, 9],
    [5, 8, 4, 2, 0],
    [20, 8, 9, 0, 3],
    [64, 42, 50, 8, 13],
    [62, 54, 133, 10, 13],
    [2973, 3463, 3528, 652, 584],
    [371, 438, 391, 67, 80],
    [706, 754, 763, 127, 162],
    [669, 367, 370, 27, 63]
  ],
  "method": "mvn_cdf",
  "mvncdf_method": "genz",
  "mvncdf_samples": 5000,
  "mvncdf_error": 1e-06,
  "cond_prob": [
    [
      [0.59171974042, 0.0076116275542, 0.39480245305, 0.0058661789787],
      [0.080784829697, 0.019993959467, 0.72687555201, 0.17234565883],
      [0.0099049502376, 0.5650922688, 0.39362603018, 0.031376750782],
      [0.014829686815, 0.050371732615, 0.65024481015, 0.28455377042],
      [0.38366296466, 0.063358148198, 0.54654770161, 0.0064311855383]
    ],
    [
      [0.56330075963, 0.012314644336, 0.41785233928, 0.006532256758],
      [0.076649573881, 0.031299219462, 0.78161124908, 0.11043995758],
      [0.0067943101809, 0.65895792365, 0.31797900588, 0.016268760284],
      [0.014499682202, 0.079664648745, 0.72206653506, 0.18376913399],
      [0.34758482617, 0.09193208434, 0.55616338487, 0.0043197046177]
    ],
    [
      [0.63947089855, 0.013101960925, 0.33870361089, 0.008723529631],
      [0.094013186978, 0.036962843472, 0.69900777265, 0.1700161969],
      [0.0075565411787, 0.71654887626, 0.25387033814, 0.022024244422],
      [0.016968834092, 0.090472237409, 0.61777719832, 0.27478173018],
      [0.41304586538, 0.10446297985, 0.47634713488, 0.0061440198811]
    ],
    [
      [0.7749081824, 0, 0.2250918176, 0],
      [0.18543349946, 0.0078217584778, 0.74815681376, 0.058587928307],
      [0.025538543738, 0.44459260723, 0.51606639544, 0.013802453594],
      [0.040680626083, 0.034956603692, 0.79767634851, 0.12668642171],
      [0.61197730172, 0.024101528664, 0.36230877093, 0.0016123986804]
    ],
    [
      [0.73490645299, 0.012492978501, 0.24598430127, 0.0066162672389],
      [0.13695975633, 0.03909452558, 0.64325956353, 0.18068615455],
      [0.011787736874, 0.73088480315, 0.23451451155, 0.022812948424],
      [0.025246960735, 0.093860813311, 0.58196762673, 0.29892459922],
      [0.52047679716, 0.092191234543, 0.38171755836, 0.0056144099329]
    ],
    [
      [0.76619147219, 0.0090428279226, 0.22476569989, 0],
      [0.18021239862, 0.03696102063, 0.7361658044, 0.046660776355],
      [0.012438667948, 0.72564052557, 0.25854762039, 0.0033731860937],
      [0.036874599969, 0.10400717213, 0.75528183964, 0.10383638827],
      [0.56868537178, 0.07347013993, 0.35694650925, 0.00089797904264]
    ],
    [
      [0.70076069683, 0.016077628233, 0.28105690041, 0.0021047745227],
      [0.12593898641, 0.062548164188, 0.77082271069, 0.040690138717],
      [0.0070183205283, 0.80780660567, 0.1851750738, 0],
      [0.021384332347, 0.15641140353, 0.72539954468, 0.096804719441],
      [0.44142500374, 0.13682187828, 0.42114585761, 0.00060726036857]
    ],
    [
      [0.72576590443, 0.0079090684104, 0.26208242378, 0.0042426033835],
      [0.14439383087, 0.030255465625, 0.73060251646, 0.094748187043],
      [0.01133255222, 0.665935493, 0.30782502651, 0.014906928272],
      [0.02913973866, 0.082440049017, 0.7194056818, 0.16901453053],
      [0.52137290054, 0.069603207405, 0.40596678159, 0.0030571104647]
    ],
    [
      [0.61332163231, 0.014420637674, 0.3697161443, 0.0025415857224],
      [0.094683357548, 0.040270421904, 0.77701101246, 0.088035208083],
      [0.0074725055884, 0.7112558053, 0.27308766701, 0.0081840220946],
      [0.0181919451, 0.10304144059, 0.72755434067, 0.15121227364],
      [0.38864900425, 0.10649624435, 0.50210987641, 0.0027448749889]
    ],
    [
      [0.64475564693, 0.010656060791, 0.33914700809, 0.0054412841933],
      [0.10390630092, 0.032161771538, 0.74907882012, 0.11485310742],
      [0.0088475552474, 0.6693547675, 0.30499551071, 0.016802166538],
      [0.019973735397, 0.083257261934, 0.70226775461, 0.19450124806],
      [0.42730092837, 0.08573732503, 0.48295170758, 0.0040100390164]
    ],
    [
      [0.65978909612, 0.0068017923472, 0.32629184994, 0.0071172616012],
      [0.10805702714, 0.022140505915, 0.73653270404, 0.13326976291],
      [0.011737200461, 0.5902523035, 0.37354801053, 0.024462485516],
      [0.020846385665, 0.058464270586, 0.69411641694, 0.22657292681],
      [0.45228381615, 0.06082516469, 0.48209394849, 0.0047970706638]
    ],
    [
      [0.58591634102, 0.010164033737, 0.39867934182, 0.0052402834286],
      [0.084536565094, 0.026751565514, 0.78349001882, 0.10522185058],
      [0.0087002718978, 0.61597374975, 0.35857156, 0.016754418348],
      [0.016280292538, 0.068301875982, 0.73636099002, 0.17905684146],
      [0.37360482767, 0.075913724109, 0.54656590536, 0.003915542853]
    ],
    [
      [0.58041271876, 0.012282402262, 0.39950529367, 0.007799585308],
      [0.07977479766, 0.031653832639, 0.75262522938, 0.13594614032],
      [0.0070198726544, 0.66609538197, 0.30700689779, 0.01987784758],
      [0.014844536657, 0.079432564932, 0.68313330962, 0.22258958879],
      [0.36313111886, 0.093685289947, 0.5379450751, 0.0052385160862]
    ],
    [
      [0.58140182301, 0.013139543725, 0.39802708349, 0.0074315497727],
      [0.080162580031, 0.033762910743, 0.74991508312, 0.1361594261],
      [0.0068432795742, 0.67900621541, 0.29501802691, 0.019132478097],
      [0.01486636472, 0.084314812464, 0.67834586724, 0.22247295558],
      [0.36237444883, 0.099250356712, 0.53314617223, 0.0052290222304]
    ],
    [
      [0.64234532486, 0.011554605413, 0.33944892724, 0.006651142487],
      [0.10105218122, 0.034357412224, 0.7370322686, 0.12755813795],
      [0.0082663272469, 0.68805863054, 0.28516063189, 0.01851441032],
      [0.019097215607, 0.087790927489, 0.68075519929, 0.21235665762],
      [0.42168079126, 0.092858933246, 0.48076570023, 0.0046945752606]
    ],
    [
      [0.77508396367, 0.0035663638992, 0.21566539572, 0.0056842767099],
      [0.12063848487, 0.017752798483, 0.76120295936, 0.10040575729],
      [0.0090752263763, 0.63570295438, 0.31268251078, 0.042539308466],
      [0.022600227222, 0.062453926021, 0.74195661702, 0.17298922974],
      [0.54602827741, 0.04721397558, 0.3944745176, 0.012283229404]
    ],
    [
      [0.53763284516, 0.0092878950056, 0.44637339312, 0.0067058667127],
      [0.064425876708, 0.020399864099, 0.73139669412, 0.18377756508],
      [0.0079025219731, 0.56032216127, 0.40100425855, 0.030771058205],
      [0.011627265165, 0.048253951808, 0.63849844374, 0.30162033929],
      [0.33348297797, 0.067009623741, 0.59236895429, 0.0071384440015]
    ],
    [
      [0.5402660884, 0.01597998291, 0.43546574495, 0.0082881837369],
      [0.068004574172, 0.037950759572, 0.75868316311, 0.13536150315],
      [0.0047893105424, 0.70453237565, 0.27262064828, 0.018057665533],
      [0.012402981368, 0.093676987158, 0.67645410034, 0.21746593113],
      [0.32102093245, 0.11573644511, 0.55782577528, 0.0054168471552]
    ],
    [
      [0.59178316646, 0.0075057851204, 0.39265356533, 0.0080574830868],
      [0.082956578135, 0.019708746361, 0.75886503459, 0.13846964091],
      [0.010257192319, 0.55248566927, 0.4100112659, 0.027245872507],
      [0.015790179258, 0.050269618802, 0.70289350294, 0.231046699],
      [0.38352361467, 0.05909331098, 0.55194656669, 0.0054365076645]
    ],
    [
      [0.52505554051, 0.011325339906, 0.45522706068, 0.0083920588999],
      [0.064526408087, 0.025742665591, 0.77024694311, 0.13948398321],
      [0.0060930686809, 0.60651698277, 0.36404693227, 0.023343016285],
      [0.011987903551, 0.062769015748, 0.69718679097, 0.22805628973],
      [0.31936839909, 0.080148990584, 0.59468088071, 0.0058017296101]
    ],
    [
      [0.58823079218, 0.01422079311, 0.38985411361, 0.0076943011023],
      [0.08216680066, 0.037191560455, 0.74620301299, 0.1344386259],
      [0.0065298765991, 0.70258954443, 0.27311180805, 0.017768770917],
      [0.015192614891, 0.092729544304, 0.67339438943, 0.21868345137],
      [0.36556957747, 0.107608755, 0.52169243285, 0.0051292346741]
    ],
    [
      [0.44920994204, 0.013635734128, 0.52842844787, 0.0087258759554],
      [0.046679761701, 0.028210656734, 0.80113064272, 0.12397893885],
      [0.00074827047797, 0.62443645901, 0.35346037332, 0.021354897186],
      [0.0085501998063, 0.068461634931, 0.72234233868, 0.20064582658],
      [0.25467674537, 0.091892668431, 0.64791454224, 0.005516043961]
    ],
    [
      [0.55822682873, 0.010985428651, 0.42447027295, 0.006317469668],
      [0.075424200346, 0.027450033127, 0.78500891858, 0.11211684795],
      [0.0075220649226, 0.62260894269, 0.35169591164, 0.018173080748],
      [0.014344769976, 0.069359695525, 0.72869976712, 0.18759576738],
      [0.34672342982, 0.08093575679, 0.56792770361, 0.0044131097774]
    ],
    [
      [0.54992915075, 0.013350198809, 0.42978038325, 0.0069402671881],
      [0.072181730916, 0.032744333324, 0.77475447744, 0.12031945832],
      [0.0059976363724, 0.66797036564, 0.30863558439, 0.017396413601],
      [0.01348721199, 0.082419106008, 0.70637901291, 0.19771466909],
      [0.33453686467, 0.098293414569, 0.56243945451, 0.0047302662529]
    ],
    [
      [0.6517943854, 0.008816140512, 0.3329644981, 0.0064249759877],
      [0.10474437949, 0.02665107228, 0.7374002062, 0.13120434203],
      [0.010025801465, 0.62898794478, 0.33896217739, 0.022024076368],
      [0.020069122603, 0.068825357767, 0.68967525433, 0.2214302653],
      [0.43951516952, 0.072259389236, 0.48354054496, 0.0046848962775]
    ],
    [
      [0.55542383871, 0.012535352719, 0.4256953364, 0.0063454721757],
      [0.074374511918, 0.03121691954, 0.78013074809, 0.11427782045],
      [0.006571404466, 0.65492018255, 0.32169370802, 0.016814704968],
      [0.01401753586, 0.0789165962, 0.71731970248, 0.18974616546],
      [0.34104321446, 0.092578494252, 0.56193823856, 0.0044400527277]
    ],
    [
      [0.49710738599, 0.018730047553, 0.47409727319, 0.010065293271],
      [0.055190399763, 0.040120110502, 0.74732302236, 0.15736646737],
      [0.0019734877428, 0.71722936472, 0.26132747501, 0.019469672534],
      [0.0094220124711, 0.095655967076, 0.64749318808, 0.24742883237],
      [0.28234870743, 0.12885585473, 0.58220734866, 0.0065880891759]
    ],
    [
      [0.60794735526, 0.008978067636, 0.38307457711, 0],
      [0.096019334815, 0.024962827019, 0.8106500566, 0.068367781568],
      [0.010387137543, 0.59367722444, 0.38726146355, 0.0086741744658],
      [0.018876471661, 0.064811789583, 0.78418002115, 0.13213171761],
      [0.39752714986, 0.066097329402, 0.53426456105, 0.0021109596818]
    ],
    [
      [0.99508676654, 0.00014922312441, 0.004751617494, 1.2392840565e-05],
      [0.49596704881, 0.090692078414, 0.41334087277, 0],
      [0, 0.67957990072, 0.32042009928, 0],
      [0.15287588174, 0.091663509768, 0.75546060849, 0],
      [0.92759501032, 0.0043163652684, 0.068088624413, 0]
    ],
    [
      [0.70172535089, 0.0094039494611, 0.27722129418, 0.011649405468],
      [0.12249951042, 0.038818188141, 0.72975030854, 0.1089319929],
      [0.0066691070363, 0.73943067508, 0.23402022565, 0.019879992237],
      [0.023271877745, 0.10353245343, 0.68578421788, 0.18741145094],
      [0.47695936863, 0.095256571719, 0.42261393698, 0.0051701226795]
    ],
    [
      [0.59663646851, 0.0095073722451, 0.38504135045, 0.0088148087974],
      [0.070098311916, 0.023667149101, 0.68554379325, 0.22069074573],
      [0.0091368660995, 0.64752957627, 0.315675276, 0.02765828163],
      [0.011976275768, 0.057985497214, 0.57132057428, 0.35871765274],
      [0.36926782149, 0.082407972491, 0.53967898034, 0.0086452256824]
    ],
    [
      [0.65954099737, 0.0037444798384, 0.32684459183, 0.0098699309637],
      [0.088285631344, 0.012928440537, 0.67959192351, 0.2191940046],
      [0.011089234506, 0.53534833817, 0.4107195146, 0.042842912731],
      [0.015342070765, 0.032599795269, 0.57994857712, 0.37210955684],
      [0.45014400846, 0.041999194287, 0.50011589179, 0.0077409054706]
    ],
    [
      [0.71839382448, 0.013269930017, 0.2683362455, 0],
      [0.15699233946, 0.054387443308, 0.78862021723, 0],
      [0, 0.75085247076, 0.24914752924, 0],
      [0.094256643292, 0.1235977601, 0.78214559661, 0],
      [0.51289028551, 0.092959723344, 0.39414999115, 0]
    ],
    [
      [0.57344528555, 0.028999121853, 0.3975555926, 0],
      [0.068061749781, 0.021416125851, 0.31052212437, 0.6],
      [0.055409297907, 0.62576969712, 0.31882100497, 0],
      [0.0029536673468, 0.013368365942, 0.12595471707, 0.85772324964],
      [0.3958510132, 0.075599668889, 0.48862153174, 0.039927786168]
    ],
    [
      [0.52835091834, 0.015292870064, 0.44715397307, 0.0092022385274],
      [0.062816381771, 0.03441746248, 0.74412216594, 0.15864398981],
      [0.0048124146035, 0.68735669885, 0.28659530566, 0.021235580883],
      [0.011399552307, 0.082645606791, 0.65225392765, 0.25370091325],
      [0.31384163016, 0.10849647782, 0.57122525675, 0.0064366352626]
    ],
    [
      [0.54094250892, 0.0088741541242, 0.44355221651, 0.006631120447],
      [0.071439695124, 0.021927953088, 0.79481394726, 0.11181840453],
      [0.007976273446, 0.57102366422, 0.40104460221, 0.019955460122],
      [0.013633137749, 0.056895981794, 0.74156736435, 0.18790351611],
      [0.33569748529, 0.068003235174, 0.59178409776, 0.0045151817798]
    ],
    [
      [0.56548802172, 0.012650663595, 0.41406878137, 0.0077925333168],
      [0.075638410864, 0.031397646124, 0.75934517638, 0.13361876663],
      [0.0066876113818, 0.66141654503, 0.31238634498, 0.019509498609],
      [0.014079563273, 0.078157687928, 0.68933364227, 0.21842910653],
      [0.34995252492, 0.093619675263, 0.55112583117, 0.0053019686407]
    ],
    [
      [0.7050490862, 0.0094203542044, 0.27803429389, 0.0074962657125],
      [0.12834949796, 0.032779199805, 0.71450140042, 0.12436990182],
      [0.010261994043, 0.68849478719, 0.28229533913, 0.018947879635],
      [0.024788777049, 0.085836908039, 0.67816471312, 0.21120960179],
      [0.49289155466, 0.080119970345, 0.42287841662, 0.0041100583781]
    ],
    [
      [0.5644375783, 0.009787230075, 0.42082132818, 0.0049538634388],
      [0.078504103118, 0.025119152165, 0.7974105239, 0.098966220813],
      [0.008275074118, 0.60241679497, 0.37322118985, 0.016086941065],
      [0.015137833175, 0.064680419661, 0.75067636596, 0.1695053812],
      [0.35400412147, 0.073420926402, 0.56885781842, 0.0037171337048]
    ],
    [
      [0.76948382516, 0.0044747154968, 0.22604145935, 0],
      [0.15064645019, 0.014615764464, 0.61492880827, 0.21980897707],
      [0.022924041682, 0.50215892755, 0.4307490039, 0.044168026865],
      [0.027446671449, 0.033842475963, 0.54841159716, 0.39029925543],
      [0.59312319011, 0.033823072347, 0.36706201493, 0.0059917226175]
    ],
    [
      [0.60071210791, 0.006300818049, 0.38527424119, 0.0077128328529],
      [0.084305025099, 0.015537164812, 0.74170344398, 0.15845436611],
      [0.012400486096, 0.48880939806, 0.46452244273, 0.034267673112],
      [0.0157125085, 0.03797976444, 0.6806598142, 0.26564791286],
      [0.39642840736, 0.046094043758, 0.55128326753, 0.0061942813431]
    ],
    [
      [0.62416066141, 0.012700855346, 0.35761735927, 0.0055211239786],
      [0.096086173892, 0.036614345336, 0.75658404821, 0.11071543256],
      [0.0076777081774, 0.69788971956, 0.27974050795, 0.014692064315],
      [0.01827001462, 0.093805928964, 0.70229268464, 0.18563137178],
      [0.40145884509, 0.099124826457, 0.49546704521, 0.0039492832355]
    ],
    [
      [0.57711123072, 0.0089535531504, 0.40699236847, 0.0069428476672],
      [0.080413244791, 0.023030165038, 0.77020097325, 0.12635561693],
      [0.0090301706781, 0.58376889998, 0.38461207428, 0.022588855068],
      [0.015268509483, 0.058542979932, 0.7152607826, 0.21092772798],
      [0.36819979039, 0.068454175051, 0.55833962791, 0.0050064066464]
    ],
    [
      [0.78351825215, 0.013453456259, 0.19872175944, 0.0043065321576],
      [0.18405706688, 0.048198285887, 0.65583200602, 0.11191264121],
      [0.012270715345, 0.76742488256, 0.20549363759, 0.014810764508],
      [0.036753003549, 0.12312471999, 0.64286577365, 0.19725650281],
      [0.58089324507, 0.093004600133, 0.3229770222, 0.0031251325933]
    ],
    [
      [0.59204776062, 0.017173128028, 0.38298834189, 0.0077907694615],
      [0.081532103378, 0.043999385467, 0.73088169788, 0.14358681328],
      [0.00614022127, 0.73772719267, 0.23831400419, 0.017818581865],
      [0.014790057664, 0.10636200117, 0.64819483124, 0.23065310993],
      [0.36224864979, 0.12475396654, 0.50759916912, 0.0053982145495]
    ],
    [
      [0.60707525365, 0.017846914885, 0.36876326994, 0.0063145615197],
      [0.088666821814, 0.047681829526, 0.74085001933, 0.12280132933],
      [0.0064106342417, 0.7504880969, 0.2288938193, 0.014207449555],
      [0.016353591238, 0.11601305513, 0.66775178832, 0.19988156531],
      [0.37514372215, 0.12806093308, 0.49238798957, 0.004407355201]
    ],
    [
      [0.55255298173, 0.011414558043, 0.42993784625, 0.0060946139815],
      [0.073952513287, 0.02842824944, 0.78702890083, 0.11059033644],
      [0.0070284850684, 0.63014555497, 0.34568439842, 0.017141561547],
      [0.014042910859, 0.071739613155, 0.7291373734, 0.18508010258],
      [0.34108609026, 0.084049317034, 0.57055086372, 0.0043137289867]
    ],
    [
      [0.79715942515, 0.0025186020654, 0.20032197279, 0],
      [0.21057225802, 0.014795317789, 0.77463242419, 0],
      [0.018873939684, 0.55126425954, 0.42986180078, 0],
      [0.043468155884, 0.046946301484, 0.86389086629, 0.045694676343],
      [0.63285462264, 0.027192255832, 0.33995312153, 0]
    ],
    [
      [0.79488722226, 0.015425211613, 0.18968756613, 0],
      [0.21300970133, 0.056697333438, 0.73029296524, 0],
      [0.010276430358, 0.81425800755, 0.17546556209, 0],
      [0.037188444761, 0.15900529996, 0.74756934521, 0.056236910064],
      [0.57568990032, 0.10261327921, 0.32169682048, 0]
    ],
    [
      [0.67570741207, 0.018788734809, 0.30550385312, 0],
      [0.087095417083, 0.029545970913, 0.5175794835, 0.36577912851],
      [0.021485705245, 0.6835392006, 0.27359106186, 0.021384032291],
      [0.013637731783, 0.054871559754, 0.39095769015, 0.54053301831],
      [0.46402055283, 0.091074080205, 0.43389003707, 0.011015329896]
    ],
    [
      [0.82684022106, 0.0039208069502, 0.16923897199, 0],
      [0.20135860733, 0.013257592244, 0.78538380042, 0],
      [0.0172781684, 0.45342237768, 0.52929945392, 0],
      [0.092908681225, 0.030322858296, 0.87676846048, 0],
      [0.69314147527, 0.014304842471, 0.29196807285, 0.00058560941831]
    ],
    [
      [0.74858040226, 0.0020413032389, 0.23700119156, 0.012377102944],
      [0.15482041851, 0.020572629589, 0.74965963038, 0.074947321529],
      [0.014066346485, 0.62807321535, 0.34202746182, 0.015832976335],
      [0.032207190752, 0.062253102595, 0.76705263514, 0.13848707151],
      [0.55441049616, 0.047311320105, 0.39481732311, 0.0034608606248]
    ],
    [
      [0.59505527336, 0.010005088216, 0.39493963843, 0],
      [0.074211693761, 0.016885375019, 0.6273219008, 0.28158103042],
      [0.029762401932, 0.51383580371, 0.42701064781, 0.02939114655],
      [0.012484936368, 0.033340500087, 0.50339572575, 0.45077883779],
      [0.40089013691, 0.053228801327, 0.53835731619, 0.0075237455762]
    ],
    [
      [0.60072408378, 0.011977905787, 0.38071802002, 0.0065799904149],
      [0.086733591263, 0.033524990422, 0.76357192082, 0.11616949749],
      [0.0073320389946, 0.67928400814, 0.29590208564, 0.017481867227],
      [0.016355133171, 0.086150149585, 0.70379755347, 0.19369716377],
      [0.37944464306, 0.095441983049, 0.52074200845, 0.0043713654451]
    ],
    [
      [0.55912640075, 0.015413823973, 0.4182273158, 0.0072324594846],
      [0.07440962033, 0.038027183902, 0.7584252377, 0.12913795807],
      [0.0056829291263, 0.70164969295, 0.27604963253, 0.016617745389],
      [0.013735409118, 0.094219058964, 0.68230432766, 0.20974120426],
      [0.33909560732, 0.11238976078, 0.54352408697, 0.0049905449312]
    ],
    [
      [0.61726740037, 0.010243767182, 0.3656022118, 0.0068866206448],
      [0.091728609453, 0.028300052632, 0.74061457428, 0.13935676364],
      [0.0088602400489, 0.64076540746, 0.32865190281, 0.021722449678],
      [0.017266221681, 0.071673606428, 0.67971738665, 0.23134278524],
      [0.40244341012, 0.080784167168, 0.51160546231, 0.0051669604044]
    ],
    [
      [0.70594376389, 0.0086829664234, 0.27982808667, 0.0055451830178],
      [0.13105904608, 0.029694795843, 0.71257549057, 0.12667066751],
      [0.011238208545, 0.65648537721, 0.31224072029, 0.020035693954],
      [0.025680370601, 0.077547057112, 0.67934176551, 0.21743080678],
      [0.49968531954, 0.07242673195, 0.42372455011, 0.0041633983924]
    ],
    [
      [0.65507096643, 0.014707564096, 0.32632070888, 0.0039007605995],
      [0.10954976489, 0.043613026453, 0.74308956865, 0.10374764001],
      [0.0081580044514, 0.73305432763, 0.2469911243, 0.011796543628],
      [0.020908786752, 0.11092343639, 0.69272272486, 0.17544505199],
      [0.42809144218, 0.10999404615, 0.45852927789, 0.0033852337774]
    ]
  ],
  "expected_outcome": [
    [
      [168.640126019, 62.5263843185, 30.6946031305, 30.9963272961, 41.8896678205, 21.4533612213, 0, 42.8201883611, 176.6366301045, 129.5958850327, 88.4117388796, 142.9635872078, 109.6980038447, 127.9084010623, 60.3804605365, 0.77508396367, 45.6987918387, 46.4628836026, 39.6494721529, 115.5122189125, 104.1168502164, 17.0699777976, 63.6378584753, 70.9408604474, 78.2153262481, 84.979847322, 20.8785102114, 80.249050894, 0, 13.3327816669, 5.3697282166, 8.5740329658, 11.4943011918, 5.1610075699, 44.9098280591, 216.3770035686, 109.1391881914, 42.3029451718, 53.0571323606, 22.3150309296, 45.654120201, 74.2751187078, 99.2631316832, 72.0836791974, 33.1546745948, 55.8509233361, 75.6997584965, 7.9715942515, 9.5386466671, 32.4339557793, 4.1342011053, 14.9716080451, 38.0835374948, 37.2448931941, 1662.2827894191, 229.0062055382, 498.3962973064, 438.2424765396],
      [2.1693138529, 1.3669255212, 0.6288941244, 0, 0.71209977455, 0.25319918183, 0, 0.46663503622, 4.15314365, 2.141868219, 0.91144017452, 2.4800242319, 2.3213740276, 2.8906996196, 1.0861329088, 0.0035663638992, 0.78947107547, 1.3742785302, 0.50288760307, 2.4915747794, 2.5170803804, 0.51815789687, 1.2523388663, 1.7221756463, 1.0579368614, 1.917908966, 0.78666199721, 1.185104928, 0, 0.17867503976, 0.085566350206, 0.048678237899, 0.21231888027, 0.26099209668, 1.2998939554, 3.5496616497, 2.4415780738, 0.56522125226, 0.91999962705, 0.12976674941, 0.47886217172, 1.5114017861, 1.5400111419, 1.2377179758, 0.96169516954, 1.6419161695, 1.5637944519, 0.025186020654, 0.18510253936, 0.90185927082, 0.019604034751, 0.040826064778, 0.64032564583, 0.74263015877, 45.8252986704, 3.8004376247, 6.1301742949, 9.8393603805],
      [112.5186991191, 46.3816096601, 16.2577733228, 9.0036727039, 14.0211051723, 6.2934395969, 0, 15.462863003, 106.4782495574, 68.1685486255, 43.7231078913, 97.2777594037, 75.5065005045, 87.5659583681, 31.9081991608, 0.21566539572, 37.9417384152, 37.4500540658, 26.3077888772, 100.1499533501, 69.0041781081, 20.0802810192, 48.3896111162, 55.4416694391, 39.955739772, 65.1313864692, 19.912085474, 50.565844178, 0, 5.2672045895, 3.465372154, 4.2489796938, 4.293379928, 3.5780003334, 38.0080877106, 177.4208866029, 79.9152748047, 16.6820576332, 39.5572048492, 6.555202321, 29.2808423305, 42.5564657526, 70.0026873761, 18.2824018683, 21.4473471458, 33.9262208346, 58.9014849361, 2.0032197279, 2.2762507935, 14.6641849499, 0.84619485996, 4.7400238312, 25.2761368594, 23.6045172414, 1243.3898098629, 135.638420578, 197.5586291882, 218.3085542388],
      [1.6718610089, 0.72508050014, 0.41872942229, 0, 0.37712723262, 0, 0, 0.25031359963, 0.73197668805, 1.0936981229, 0.95371305456, 1.2786291566, 1.4741216232, 1.63494095, 0.62520739378, 0.0056842767099, 0.56999867058, 0.71278380137, 0.53985136682, 1.846252958, 1.3618912951, 0.33158328631, 0.72019154215, 0.89529446726, 0.77099711853, 0.97085724288, 0.42274231739, 0, 0, 0.22133870389, 0.079333279176, 0.12830910253, 0, 0, 0.78219027483, 2.6524481788, 1.5039589301, 0.44977594275, 0.46566316324, 0, 0.58617529682, 0.65701375345, 1.1941697988, 0.3962009585, 0.43628308985, 0.58093965981, 0.83496211547, 0, 0, 0, 0, 0.24754205888, 0, 0.40795940573, 21.5021020477, 2.5549362592, 3.9148992105, 2.6096088411]
    ],
    [
      [18.8228653194, 9.1979488657, 3.7605274791, 8.529940975, 6.5740683041, 3.6042479724, 1.8890847961, 6.7865100509, 20.8303386606, 22.3398546981, 10.8057027137, 26.7135545697, 14.4392383765, 21.6438966084, 10.4083746658, 0.48255393948, 7.4734016982, 9.2486220874, 6.9683525633, 21.4872938931, 14.1326897135, 4.3412178382, 14.406022266, 17.6123423434, 14.978446267, 22.2379790635, 4.6911839798, 16.8033835927, 0.99193409762, 1.1024955938, 1.0514746787, 0.88285631344, 2.9828544498, 0.34030874891, 7.4751494308, 29.9332322571, 18.8339643052, 6.9308728896, 13.1886893239, 5.423272207, 5.9856567821, 13.6442366927, 32.8086038746, 14.3564512163, 5.6257151331, 10.9060190832, 26.9187148365, 1.2634335481, 0.63902910398, 2.0031945929, 1.6108688587, 1.2385633481, 3.1168911379, 4.6836139282, 257.6805152011, 40.1771309404, 98.8185207413, 40.2047637137],
      [4.6585925559, 3.7559063354, 1.4785137389, 0.35980088998, 1.8765372279, 0.73922041261, 0.93822246282, 1.4220068844, 8.8594928188, 6.9147808806, 2.2140505915, 8.4534947025, 5.7293437076, 9.1159859005, 3.538813459, 0.07101119393, 2.3663842355, 5.1613033018, 1.6555346943, 8.572307642, 6.3969483983, 2.6235910763, 5.2429563273, 7.989617331, 3.811103336, 9.3338589426, 3.4102093927, 4.3684947284, 0.18138415683, 0.34936369327, 0.35500723651, 0.12928440537, 1.0333614229, 0.10708062926, 4.0956780351, 9.1878123437, 7.8180138849, 1.7700767895, 4.2200175638, 0.52616752071, 1.1031387017, 5.1992370377, 9.3963073353, 3.7594662992, 3.0359575972, 5.8648650316, 10.3478827962, 0.088771906732, 0.17009200031, 0.679557331, 0.10606073795, 0.16458103671, 0.70918575078, 1.8103494828, 131.6881378531, 12.3954230526, 22.3898760653, 16.0059807081],
      [169.3620036174, 93.7933498897, 27.9603109058, 34.4152134329, 30.8764590496, 14.7233160879, 11.5623406603, 34.3383182738, 170.9424227423, 161.0519463266, 73.6532704039, 247.5828459456, 136.2251665178, 202.4770724435, 75.9143236658, 3.0448118374, 84.8420165176, 103.1809101827, 63.7446629056, 256.4922320563, 128.3469182337, 74.5051497726, 149.9367034489, 189.0400924953, 105.4482294871, 233.2590936779, 63.5224569006, 141.8637599046, 0.82668174555, 6.5677527769, 10.2831568988, 6.7959192351, 14.9837841274, 1.5526106218, 88.5505377466, 333.0270439008, 189.0769489196, 38.5830756226, 133.9649680157, 22.1374370979, 52.6609445222, 107.4349348463, 314.241997084, 51.1548964699, 50.4308371537, 91.1245523772, 286.4785199035, 4.6477945452, 2.1908788957, 11.9043281204, 6.2830704034, 5.997277043, 26.3475198336, 41.2328837245, 2626.4265981441, 324.3891835342, 537.2819198917, 272.7138716934],
      [40.1565385072, 13.2527949092, 6.8006478762, 2.6950447021, 8.6729354185, 0.93321552709, 0.61035208076, 4.453164791, 19.3677457783, 24.6934180947, 13.3269762909, 33.2501047822, 24.6062513981, 36.7630450477, 13.1384882094, 0.40162302915, 21.3181975487, 18.4091644281, 11.6314498367, 46.4481664087, 23.1234436546, 11.530041313, 21.4143179579, 29.3579478302, 18.7622209099, 34.169068316, 13.3761497269, 11.9643617744, 0, 0.98038793608, 3.310361186, 2.191940046, 0, 3, 18.8786347875, 46.8519114984, 33.2710728903, 6.7159746983, 16.6263250966, 7.9131231744, 11.250259994, 15.7215914233, 51.5530917061, 8.7291860147, 9.907490116, 15.104563508, 40.2548824638, 0, 0, 8.4129199557, 0, 0.59957857223, 11.8264032777, 6.2731528645, 447.2047488017, 61.0382624728, 95.5096833017, 38.0753838848]
    ],
    [
      [1.4956474859, 0.67263670791, 0.37782705894, 0.53630941849, 0.62475005432, 0.236334691, 0.25967785955, 0.80461120761, 3.504605121, 3.0877967813, 1.1619828457, 3.236501146, 1.0740405161, 2.6209760769, 1.239949087, 0.081677037387, 0.77444715336, 0.80460417112, 0.87186134713, 2.0533641455, 0.94683210687, 0.10700267835, 1.842905906, 1.7633050935, 2.1956505209, 2.8651323472, 0.27234130851, 1.1529722673, 0, 0.13338214073, 0.17360045589, 0.077624641544, 0, 0.49868368117, 0.25987038859, 1.5234682282, 0.72226202923, 0.46178973195, 0.71165637415, 0.7794174172, 0.90523548497, 1.1055899775, 2.8264434222, 2.6995573759, 1.4920737686, 2.1732050079, 2.0171752146, 0.13211757779, 0.2466343286, 1.3321137252, 0.069112673601, 0.12659711837, 1.4881200966, 0.97516118628, 20.0493739575, 3.4643538591, 8.5747531202, 3.018461647],
      [85.3289325894, 65.2368344418, 35.827443813, 9.3364447518, 38.7368945669, 13.7871699858, 29.88884441, 47.281420003, 333.5789726875, 233.6048138577, 58.4349780461, 229.1422349087, 101.912593442, 260.0593805036, 103.208794581, 5.7213265894, 54.9115718046, 118.3614391089, 46.9612818883, 204.3962231927, 101.8754839429, 89.2944136387, 152.5391909589, 196.3832874973, 137.7483599059, 285.5451995913, 98.9776523307, 65.8981719128, 2.7183196029, 14.7886135015, 12.3030619492, 3.7474383672, 12.764492003, 5.6319272741, 37.1172617381, 109.0655198657, 71.4329868633, 30.9822654236, 51.8078443672, 17.0734035366, 35.6830860586, 100.4961196161, 182.7196656928, 168.8334741623, 179.2677078192, 254.4154648495, 180.8517742754, 3.8588498168, 19.5421921811, 42.3794304373, 1.8136895107, 5.6526589382, 25.6917901854, 90.344773083, 2475.4201167375, 250.5392743186, 500.8983428105, 271.2301012213],
      [59.4375305567, 31.4799215823, 12.693516907, 10.8373943042, 12.4292691123, 4.9124047874, 6.8514777305, 21.8555768821, 128.0781158292, 106.4434332392, 36.9812530422, 133.3886203197, 46.9720553623, 112.9919043082, 42.7740947839, 2.814142597, 39.298417338, 45.8002689105, 34.8509576015, 122.6838161739, 39.6012121673, 50.5448333854, 86.1654983517, 90.7388618106, 74.2327168486, 140.2584566954, 36.063191551, 42.9860224541, 1.2816803971, 4.680404513, 5.997830244, 2.8750366022, 4.235507997, 2.8693890448, 15.4761465057, 76.5995190227, 33.7377252576, 12.7032902608, 32.097022327, 14.6454661327, 33.9101383192, 40.282633145, 120.3835792487, 45.20860027, 57.910303019, 77.5950047435, 99.2114223458, 3.0090326054, 4.2111734903, 16.9626458355, 2.1171978157, 3.0782471564, 21.3505323905, 39.3549773895, 973.9031035711, 128.502893998, 238.2396695821, 91.3867159894],
      [4.737889368, 1.6106072681, 1.1012122211, 0.28985152547, 1.2090862665, 0.064090535781, 0, 1.0583919073, 3.8383063624, 5.8639561217, 2.421786066, 6.2326436256, 3.0413106797, 7.3277391112, 2.777161548, 0.38285377619, 3.0155637041, 3.0336878095, 2.3158991631, 7.8665964879, 2.5764717829, 3.0537502976, 4.4524047833, 5.1145455986, 4.8232727246, 7.3312113661, 2.6868148097, 0.9628333657, 0, 0.39759984474, 0.52550735097, 0.29990038912, 0, 0, 1.1467213677, 3.8114928834, 2.1070258498, 0.85265458359, 1.3834769316, 1.5017129134, 2.5015401372, 2.1156572614, 7.0703116362, 3.2583681918, 4.3299153932, 4.8163253991, 4.9196281641, 0, 0, 1.325810002, 0, 0.14249678702, 1.4695573275, 2.3250883412, 58.627405734, 8.4934778243, 15.2872344872, 4.3647211423]
    ],
    [
      [0.47454997807, 0.26099427964, 0.10181300455, 0.32544500866, 0.22722264662, 0, 0.085537329386, 0.20397817062, 0.70948585892, 0.73902820968, 0.47946687029, 0.91169638214, 0.25235712318, 1.0703782598, 0.47743039017, 0.022600227222, 0.38369975043, 0.3844924224, 0.44212501923, 0.65933469528, 0.47097106163, 0.17100399613, 0.63116987894, 0.64738617554, 0.50172806507, 0.91113983092, 0.3580364739, 0.43415884821, 0.15287588174, 0.046543755489, 0.035928827304, 0.015342070765, 0.47128321646, 0, 0.13679462769, 0.68165688747, 0.50686427784, 0.34704287869, 0.48441066161, 0.1097866858, 0.094275051001, 0.52983042397, 0.85503653104, 0.66155406389, 0.20706080729, 0.44154696343, 0.96896084928, 0, 0, 0.054550927134, 0.18581736245, 0, 0.099879490941, 0.16355133171, 8.955486745, 1.1568368526, 3.2614070663, 0.5645372423],
      [1.6118954437, 1.4339636774, 0.54283342445, 0.27965282954, 0.8447473198, 0, 0.62564561412, 0.57708034312, 4.0186161829, 3.0805186915, 1.3446782235, 3.824905055, 1.3503536038, 6.0706664974, 2.1947731872, 0.062453926021, 1.5923804097, 2.9039866019, 1.4075493265, 3.4522958662, 2.8746158734, 1.3692326986, 3.0518266031, 3.9561170884, 1.7206339442, 5.129578753, 3.6349267489, 1.4906711604, 0.091663509768, 0.20706490686, 0.17395649164, 0.032599795269, 0.61798880051, 0, 0.99174728149, 2.8447990897, 2.8136767654, 1.2017167126, 2.0697734291, 0.13536990385, 0.22787858664, 2.72037194, 3.2784068762, 2.2162449599, 1.4890680164, 3.1323524886, 4.9500333077, 0, 0, 0.21948623902, 0.060645716592, 0, 0.2667240007, 0.86150149585, 61.4308264445, 4.8021316306, 9.8484762533, 2.9949327825],
      [20.8078339249, 12.9971976311, 3.7066631899, 6.3814107881, 5.2377086406, 0, 2.9015981787, 5.0358397726, 28.3746192863, 25.9839069206, 15.9646775897, 41.2362154413, 11.6132662635, 48.8409024409, 17.0188799821, 0.74195661702, 21.0704486434, 20.9700771107, 19.6810180822, 38.3452735033, 20.8752260724, 14.4468467736, 32.0627897533, 33.9061926198, 17.2418813582, 46.6257806611, 24.6047411472, 18.0361404864, 0.75546060849, 1.3715684358, 1.7139617228, 0.57994857712, 3.910727983, 0, 7.8270471318, 37.0783682173, 24.8160111218, 9.4943059837, 24.0216437108, 2.1936463886, 4.0839588852, 20.3664878545, 40.0546038256, 11.5715839256, 9.0747276373, 18.0292982845, 50.3104787647, 0, 0, 1.5638307606, 1.753536921, 0, 4.027165806, 7.0379755347, 444.8624216337, 45.5410649054, 86.2764042195, 18.7035135713],
      [9.1057206534, 3.3078444118, 1.6486903811, 1.0134913737, 2.690321393, 0, 0.38721887777, 1.1831017137, 5.897278672, 7.1965461781, 5.2111773166, 10.0271831216, 3.7840230095, 16.0180528018, 5.3089164405, 0.17298922974, 9.9534711965, 6.741443865, 6.4693075721, 12.5430959353, 6.7791869925, 4.0129165316, 8.2542137647, 9.4903041163, 5.5357566326, 12.333500755, 9.40229563, 3.039029505, 0, 0.37482290189, 1.0761529582, 0.37210955684, 0, 0, 3.044410959, 9.3951758055, 7.863447835, 2.9569344251, 5.4241721985, 1.5611970217, 1.5938874772, 5.3833097815, 11.8119527672, 3.5506170506, 3.229143539, 5.3968022635, 12.7705270783, 0, 0, 2.1621320732, 0, 0, 3.6062307024, 1.9369716377, 136.7512651769, 15.4999666114, 27.6137124609, 4.7370164038]
    ],
    [
      [19.5668111976, 8.3420358282, 2.0652293269, 0.61197730172, 4.6842911745, 1.7060561153, 1.765700015, 9.3847122098, 23.318940255, 16.2374352782, 8.1411086907, 20.1746606944, 6.5363601395, 17.7563479925, 13.4937853204, 1.6380848322, 6.6696595593, 6.0993977166, 3.0681889174, 16.2877883537, 11.3326569016, 3.3107976898, 12.4820434737, 10.0361059402, 10.108848899, 15.0059014364, 4.7999280263, 6.3604343978, 1.8551900206, 2.3847968431, 0.36926782149, 0.45014400846, 2.051561142, 0, 7.2183574938, 21.4846390586, 16.7977211963, 2.9573493279, 9.5581112798, 2.3724927604, 4.360712481, 12.4452241979, 27.2467844889, 12.1987581465, 6.5204756962, 8.6283056094, 17.3953906031, 0.63285462264, 0.57568990032, 4.1761849754, 0, 1.6632314885, 5.2115717798, 4.9327803598, 198.0318346774, 32.1954728097, 80.9490217659, 26.9697608573],
      [3.2312655581, 2.2063700242, 0.52231489927, 0.024101528664, 0.82972111089, 0.22041041979, 0.5472875131, 1.2528577333, 6.3897746609, 3.2580183511, 1.0948529644, 4.0993411019, 1.686335219, 4.8632674789, 2.9714858639, 0.14164192674, 1.3401924748, 2.1989924571, 0.47274648784, 4.0875985198, 3.335871405, 1.1946046896, 2.9136872444, 2.9488024371, 1.6619659524, 4.0734537471, 2.1905495305, 1.0575572704, 0.0086327305368, 0.47628285859, 0.082407972491, 0.041999194287, 0.37183889338, 0, 2.4954189899, 4.3522070512, 4.4937444126, 0.48071982207, 1.9823650129, 0.13529228939, 0.50703448134, 3.0728696202, 5.0656089538, 1.9530966028, 2.2455713977, 2.9454014609, 4.2865151687, 0.027192255832, 0.10261327921, 0.81966672185, 0, 0.14193396032, 0.69197441726, 1.2407457796, 65.6356202945, 6.4627333734, 11.733130576, 6.9296249076],
      [27.8739327819, 13.3479212369, 2.3817356744, 0.36230877093, 3.4354580252, 1.0708395277, 1.6845834305, 7.3074020686, 30.1265925848, 18.3521648881, 8.6776910729, 29.5145588897, 9.6830113519, 26.1241624393, 15.3845024073, 1.1834235528, 11.8473790858, 10.5986897304, 4.4155725335, 30.3287249164, 16.1724654185, 8.4228890491, 20.4453973299, 16.8731836352, 11.1214325342, 24.7252824965, 9.8975249272, 8.5482329768, 0.13617724883, 2.1130696849, 0.53967898034, 0.50011589179, 1.5765999646, 0, 13.1381809053, 37.8741822564, 26.4540398963, 2.5372704997, 15.3591610973, 1.4682480597, 6.0641159429, 15.3594784016, 41.3171324655, 6.7825174662, 9.1367850442, 11.3249237601, 29.0980940498, 0.33995312153, 0.32169682048, 3.9050103337, 0, 1.1844519693, 6.9986451105, 6.7696461098, 317.4180667882, 40.9284369845, 68.6433771186, 28.8873445071],
