{
  "X": [
    [8, 0, 29, 11, 7, 11, 6, 6, 8, 14],
    [6, 2, 34, 17, 5, 12, 3, 7, 6, 8],
    [8, 3, 31, 18, 7, 8, 9, 6, 6, 4],
    [6, 5, 39, 12, 4, 10, 5, 5, 5, 9],
    [4, 5, 33, 12, 2, 14, 2, 8, 9, 11],
    [6, 5, 31, 15, 12, 8, 3, 8, 4, 8],
    [7, 3, 31, 13, 10, 11, 7, 11, 2, 5],
    [6, 5, 30, 21, 6, 10, 6, 5, 3, 8],
    [13, 3, 18, 16, 3, 16, 6, 10, 5, 10],
    [15, 3, 21, 14, 8, 16, 8, 4, 6, 5],
    [12, 4, 15, 21, 7, 14, 2, 11, 8, 6],
    [10, 2, 19, 21, 8, 19, 4, 7, 7, 3],
    [17, 1, 17, 22, 7, 15, 4, 6, 6, 5],
    [15, 1, 10, 26, 7, 19, 6, 8, 8, 0],
    [11, 4, 20, 18, 8, 16, 8, 6, 4, 5],
    [13, 2, 27, 20, 4, 15, 5, 6, 4, 4],
    [11, 4, 17, 18, 8, 25, 5, 6, 2, 4],
    [8, 4, 26, 7, 1, 18, 12, 4, 5, 15],
    [10, 9, 19, 2, 5, 18, 13, 5, 8, 11],
    [9, 7, 17, 16, 0, 16, 13, 4, 7, 11],
    [11, 5, 20, 10, 1, 14, 17, 5, 3, 14],
    [6, 10, 22, 8, 2, 14, 20, 6, 5, 7],
    [8, 8, 22, 13, 4, 17, 12, 4, 5, 7],
    [10, 3, 26, 8, 9, 12, 15, 2, 6, 9],
    [10, 2, 25, 8, 6, 22, 7, 3, 6, 11],
    [9, 7, 26, 16, 5, 9, 8, 4, 3, 13],
    [4, 7, 31, 18, 2, 12, 6, 10, 3, 7],
    [4, 17, 26, 5, 5, 10, 4, 11, 5, 13],
    [4, 13, 25, 16, 4, 6, 5, 14, 5, 8],
    [7, 14, 27, 12, 1, 15, 5, 7, 5, 7],
    [4, 11, 22, 13, 4, 15, 6, 10, 7, 8],
    [4, 9, 24, 19, 4, 7, 4, 11, 5, 13],
    [8, 13, 25, 15, 1, 9, 8, 11, 6, 4],
    [5, 10, 19, 16, 8, 7, 8, 4, 11, 12],
    [7, 4, 14, 7, 5, 6, 5, 3, 26, 23],
    [10, 2, 14, 5, 5, 13, 9, 3, 24, 15],
    [8, 0, 20, 8, 6, 9, 8, 1, 18, 22],
    [9, 3, 21, 8, 6, 12, 9, 3, 13, 16],
    [13, 5, 25, 9, 4, 6, 7, 3, 11, 17],
    [9, 4, 23, 9, 3, 6, 10, 5, 11, 20],
    [10, 3, 19, 4, 7, 4, 14, 8, 10, 21],
    [6, 4, 23, 10, 5, 9, 14, 5, 12, 12],
    [5, 9, 34, 19, 3, 14, 5, 1, 3, 7],
    [11, 9, 38, 18, 1, 6, 4, 1, 4, 8],
    [5, 10, 31, 17, 2, 6, 11, 4, 7, 7],
    [4, 5, 45, 14, 3, 7, 8, 6, 5, 3],
    [5, 10, 31, 26, 4, 4, 8, 3, 6, 3],
    [2, 5, 38, 20, 1, 10, 5, 4, 8, 7],
    [3, 6, 43, 21, 1, 4, 6, 7, 5, 4],
    [10, 5, 33, 23, 3, 4, 10, 2, 2, 8]
  ],
  "W": [
    [62, 4, 9, 7, 14, 4],
    [61, 5, 6, 7, 10, 11],
    [56, 9, 11, 8, 5, 11],
    [58, 6, 6, 12, 10, 8],
    [54, 8, 8, 8, 8, 14],
    [65, 9, 12, 6, 1, 7],
    [65, 7, 14, 6, 4, 4],
    [61, 5, 12, 8, 9, 5],
    [24, 44, 10, 12, 7, 3],
    [12, 59, 8, 8, 6, 7],
    [9, 54, 11, 6, 9, 11],
    [10, 60, 10, 6, 6, 8],
    [4, 63, 13, 8, 3, 9],
    [8, 63, 10, 8, 4, 7],
    [5, 53, 9, 6, 17, 10],
    [15, 46, 10, 9, 6, 14],
    [10, 49, 23, 6, 4, 8],
    [10, 6, 49, 9, 14, 12],
    [4, 5, 66, 6, 12, 7],
    [9, 11, 57, 9, 7, 7],
    [8, 13, 54, 6, 13, 6],
    [6, 7, 63, 6, 7, 11],
    [6, 14, 52, 6, 9, 13],
    [10, 12, 50, 7, 11, 10],
    [8, 11, 62, 5, 5, 9],
    [5, 13, 6, 62, 4, 10],
    [7, 9, 7, 60, 10, 7],
    [3, 3, 11, 69, 7, 7],
    [6, 7, 6, 61, 10, 10],
    [8, 8, 10, 57, 9, 8],
    [6, 12, 6, 66, 5, 5],
    [7, 5, 7, 62, 6, 13],
    [11, 9, 4, 61, 5, 10],
    [11, 12, 6, 25, 40, 6],
    [10, 10, 5, 13, 57, 5],
    [5, 6, 9, 10, 64, 6],
    [5, 10, 8, 3, 62, 12],
    [10, 9, 16, 9, 52, 4],
    [9, 10, 5, 3, 64, 9],
    [11, 5, 8, 13, 55, 8],
    [9, 5, 6, 10, 59, 11],
    [13, 10, 4, 5, 43, 25],
    [5, 10, 9, 6, 14, 56],
    [11, 9, 7, 5, 9, 59],
    [5, 7, 14, 8, 9, 57],
    [8, 8, 6, 10, 12, 56],
    [3, 6, 10, 10, 15, 56],
    [12, 9, 8, 4, 4, 63],
    [6, 7, 11, 8, 8, 60],
    [8, 12, 9, 8, 9, 54]
  ],
  "method": "mvn_cdf",
  "mvncdf_method": "genz",
  "mvncdf_samples": 5000,
  "mvncdf_error": 1e-06,
  "cond_prob": [
    [
      [0.062274391268, 0.0020534924103, 0.32847984023, 0.16008668683, 0.084241884285, 0.094160940296, 0.01907714963, 0.078708221437, 0.050371563473, 0.12054583015],
      [0.26431571925, 4.3557861245e-55, 0.08736329224, 0.19875956191, 0.092039673724, 0.2114618621, 0.023668813969, 0.074763114459, 0.047627962339, 7.9734655653e-21],
      [0.12698459902, 0.023725076173, 0.15146355057, 0.028793394094, 0.042687665668, 0.19714342567, 0.18352079798, 0.031497744727, 0.040689875996, 0.17349387011],
      [0.045916311265, 0.059823753561, 0.22332575118, 0.1398446345, 0.032217572702, 0.12548115389, 0.052411699499, 0.1184561156, 0.055566568785, 0.14695643901],
      [0.10783370896, 0.0042610843025, 0.11354210329, 0.0070430080111, 0.03931532405, 0.042249531637, 0.12312326705, 0.017067245463, 0.2688331972, 0.27673153003],
      [0.043681860318, 0.035472338881, 0.51544759076, 0.21954313175, 1.3633275644e-53, 0.03575451624, 0.058047090541, 0.018506477907, 0.045114378668, 0.028432614934]
    ],
    [
      [0.043108453961, 0.0043874600884, 0.39602457006, 0.16244889752, 0.056895453622, 0.12687928155, 0.014594352436, 0.086412446229, 0.039177177964, 0.070071906564],
      [0.18927427311, 5.3973082291e-55, 0.071167906187, 0.28651982165, 0.064984786319, 0.26183600389, 0.013165637047, 0.07391150869, 0.0391400631, 4.0389447135e-21],
      [0.095593438122, 0.047874730935, 0.16781018363, 0.041565000447, 0.029058727395, 0.31684492578, 0.13195792281, 0.027261004526, 0.027375637207, 0.11465842915],
      [0.024937830227, 0.098603884775, 0.29143776785, 0.15600250996, 0.019935246187, 0.12849886753, 0.02783127307, 0.14822504443, 0.035577364809, 0.068950211154],
      [0.10266612188, 0.010251032823, 0.14233869164, 0.0096642669891, 0.045912698104, 0.063267583653, 0.082219911229, 0.016532713641, 0.255815351, 0.27133162903],
      [0.029191127718, 0.056226553427, 0.49713340753, 0.28410173993, 1.0672395969e-53, 0.039120736972, 0.033828209426, 0.019440950005, 0.027396679738, 0.013560595255]
    ],
    [
      [0.054678805953, 0.010279406669, 0.27577562361, 0.25402567604, 0.10383185934, 0.06694650772, 0.035108303149, 0.087339527881, 0.040774613965, 0.071239675672],
      [0.2221673618, 6.7506369477e-55, 0.039952816453, 0.37581800029, 0.052325641697, 0.18432335221, 0.040513959248, 0.043368193251, 0.041530675053, 3.2737741747e-21],
      [0.11105196219, 0.055751520279, 0.13092766755, 0.036360796236, 0.024062568257, 0.13246612426, 0.42505003804, 0.020768126001, 0.025709368756, 0.037851828423],
      [0.031197700401, 0.20501060906, 0.13895061771, 0.18972462202, 0.023762927803, 0.079534597272, 0.06977039407, 0.14168602782, 0.044137499138, 0.076225004707],
      [0.097760307641, 0.0091909051493, 0.11373317985, 0.0085306120906, 0.051683162344, 0.024806962079, 0.18325080275, 0.010189596557, 0.31919175898, 0.18166271256],
      [0.032788669817, 0.060805586424, 0.51937883697, 0.20808592321, 1.3210010769e-53, 0.02405254659, 0.089535349978, 0.019298051228, 0.040764956907, 0.0052900788749]
    ],
    [
      [0.042200919807, 0.011441307213, 0.47326483345, 0.13501000804, 0.054865978514, 0.091504382133, 0.022160789964, 0.059157631144, 0.033769985799, 0.076624163945],
      [0.22266523326, 1.3585479245e-54, 0.10673064313, 0.24159880959, 0.063875295439, 0.24691785762, 0.023980236479, 0.058169875443, 0.03606204903, 5.059357956e-21],
      [0.084297207212, 0.092189700159, 0.21410771175, 0.026912220419, 0.02364586519, 0.22752350554, 0.18255533674, 0.018901788016, 0.026238127964, 0.10362853701],
      [0.022739632927, 0.21596270951, 0.31861925669, 0.099346874211, 0.014141731194, 0.084804361427, 0.042382481336, 0.082106819725, 0.030422193931, 0.089473939048],
      [0.10173940773, 0.023170870986, 0.1824526491, 0.0068084779542, 0.039824444414, 0.039810077902, 0.13057960415, 0.011442914938, 0.19804708713, 0.26612446569],
      [0.023680517763, 0.11001022638, 0.54849380242, 0.19278329623, 1.0133373881e-53, 0.031260818057, 0.041174842621, 0.011151865886, 0.025296521799, 0.016148108852]
    ],
    [
      [0.028306784721, 0.008669048237, 0.37830945438, 0.11632183991, 0.043450121845, 0.13144586681, 0.014798712232, 0.10394464641, 0.061328081719, 0.11342544374],
      [0.16155179744, 1.0883803713e-54, 0.098192803028, 0.21411095176, 0.048725033627, 0.30789417551, 0.012092092789, 0.087004076505, 0.070429069341, 6.3989747057e-21],
      [0.056909195954, 0.12014178011, 0.14860315588, 0.027412838159, 0.014134756597, 0.28420856687, 0.08064059332, 0.024678039306, 0.071001421494, 0.17226965231],
      [0.015108671609, 0.218695563, 0.25234134702, 0.073692543534, 0.010742337096, 0.12532153843, 0.020369557746, 0.1397968889, 0.041685034505, 0.10224651816],
      [0.052388624707, 0.017015723494, 0.10675247886, 0.0036020555625, 0.017776524518, 0.060816664656, 0.042734007377, 0.014607671978, 0.38548457048, 0.29882167837],
      [0.023971153826, 0.10940114386, 0.48299759268, 0.19072638701, 6.8640703482e-54, 0.050761412665, 0.029483551934, 0.020312540137, 0.065046792788, 0.027299425091]
    ],
    [
      [0.040989738126, 0.013174001163, 0.37535808353, 0.14346851478, 0.1619999247, 0.063275982393, 0.013295842062, 0.076818269196, 0.035372014438, 0.076247629609],
      [0.18952915959, 1.4423394161e-54, 0.07721953169, 0.25938405616, 0.1743704195, 0.15838111054, 0.01432138792, 0.086422108581, 0.040372226025, 5.4528026122e-21],
      [0.086543993564, 0.1277725842, 0.19088650369, 0.032153714755, 0.079146646843, 0.16903584922, 0.12387611022, 0.029742293557, 0.029725421697, 0.13111688226],
      [0.021159664797, 0.27182625115, 0.21234697798, 0.10941496715, 0.040602405647, 0.063724792957, 0.026006220264, 0.13917758863, 0.025323483907, 0.090417647521],
      [0.081314534267, 0.026202264837, 0.12920568725, 0.0070818394439, 0.099823533379, 0.032792510298, 0.074562647255, 0.018499144561, 0.23214511257, 0.29837272613],
      [0.028021305874, 0.16220992082, 0.45085336482, 0.2316648474, 3.1354280833e-53, 0.022479912508, 0.034283245446, 0.020294266084, 0.030678304985, 0.019514832054]
    ],
    [
      [0.038481605783, 0.0094370901286, 0.33908413036, 0.12570284489, 0.14429571714, 0.10688943978, 0.021692433796, 0.14926698717, 0.013045518419, 0.052104232537],
      [0.18910746466, 9.0010853901e-55, 0.069607863123, 0.19697689617, 0.12606883101, 0.259936841, 0.032371772531, 0.10792023571, 0.018010095806, 4.8857861213e-21],
      [0.089478945085, 0.05334004971, 0.16845784124, 0.02566779222, 0.043546963211, 0.21448560884, 0.25549815402, 0.053124033741, 0.014332996767, 0.082067615166],
      [0.026287062651, 0.12187089495, 0.2363352632, 0.087156438799, 0.026893119219, 0.080439098141, 0.059526831782, 0.29048253214, 0.017824822312, 0.053183936804],
      [0.14664352863, 0.02128685331, 0.091549965112, 0.008833494965, 0.11186422232, 0.046747239885, 0.13347273889, 0.028044997882, 0.17013140944, 0.24142554957],
      [0.020689658431, 0.064967295101, 0.49010194251, 0.26654920103, 2.8002388842e-53, 0.035309464082, 0.065080020305, 0.03385438268, 0.015117716134, 0.0083303197317]
    ],
    [
      [0.035505787864, 0.012115967337, 0.39569782814, 0.26131490005, 0.060550078948, 0.085895426898, 0.02241817542, 0.050348211854, 0.017801151757, 0.058352471735],
      [0.15636694223, 1.2389718258e-54, 0.079019285894, 0.41307317089, 0.072235696924, 0.19737113263, 0.017956189419, 0.04338405264, 0.020593529379, 3.5315710509e-21],
      [0.081503040933, 0.12447101869, 0.16326970975, 0.060991339119, 0.031333418657, 0.19568595119, 0.20526678544, 0.020047767173, 0.016615259567, 0.10081570948],
      [0.024074202508, 0.21179043029, 0.22625288362, 0.22691222028, 0.019887058962, 0.073087912987, 0.040350617788, 0.090117558511, 0.017167358852, 0.070359756207],
      [0.10159102838, 0.03196025422, 0.14415565711, 0.016421181727, 0.055555778836, 0.048968859835, 0.13569329981, 0.012397434091, 0.15757710905, 0.29567939694],
      [0.02104295167, 0.12528819474, 0.38331168903, 0.36784057033, 1.0859310577e-53, 0.025765236508, 0.039813949184, 0.01130704196, 0.013026643627, 0.012603722952]
    ],
    [
      [0.05427359326, 0.0078936453526, 0.3770908319, 0.15145832888, 0.044546122031, 0.064663149191, 0.026881598515, 0.10735807806, 0.031475493958, 0.13435915885],
      [0.15652006548, 3.8400524051e-55, 0.074303581451, 0.31420582055, 0.050394505246, 0.27382032517, 0.016650652316, 0.09345908264, 0.020645967148, 1.0742339342e-20],
      [0.077473944027, 0.04958562785, 0.12996482123, 0.049883718375, 0.02675577611, 0.27011666699, 0.10873118665, 0.033498080693, 0.051241726324, 0.20274845175],
      [0.031785688195, 0.12824383455, 0.18426364313, 0.19092459621, 0.010993510515, 0.088463730567, 0.035724487231, 0.15411015194, 0.026937930157, 0.14855242751],
      [0.058128765547, 0.010498756967, 0.088823535479, 0.0061199883649, 0.023672590721, 0.040012577706, 0.17590288201, 0.023542400578, 0.16141409854, 0.41188440408],
      [0.030357756463, 0.11416210214, 0.38533972072, 0.21874615802, 1.1720223394e-53, 0.0537333273, 0.07950667671, 0.039097044988, 0.03214376769, 0.046913445973]
    ],
    [
      [0.039917772188, 0.0067704203571, 0.48750209762, 0.085490795784, 0.086823353719, 0.075636260435, 0.051451902797, 0.03628814283, 0.047611995177, 0.082507259093],
      [0.20895108032, 1.0554285391e-54, 0.092698659663, 0.26315144935, 0.099064181404, 0.19683255756, 0.050607017641, 0.034323558663, 0.054371495397, 7.9788929564e-21],
      [0.072803949775, 0.067282788879, 0.19672563522, 0.018611612178, 0.034098400643, 0.1839800696, 0.26574600185, 0.0094291195126, 0.030751941743, 0.12057048061],
      [0.017164592688, 0.14715241303, 0.33915587008, 0.088844322281, 0.021801219966, 0.06821797821, 0.079877789358, 0.084237625472, 0.042181575169, 0.11136661374],
      [0.064390208718, 0.016343002393, 0.11750099185, 0.0056789153186, 0.048985241808, 0.038447235833, 0.2333644299, 0.0075623544276, 0.23355719589, 0.23417042386],
      [0.020867559179, 0.10479745153, 0.50300433492, 0.17290786058, 1.5547588272e-53, 0.028186268928, 0.1014054335, 0.010649364109, 0.038030841952, 0.020150885303]
    ],
    [
      [0.039006993185, 0.0084171696936, 0.30447871023, 0.14429778618, 0.087321180375, 0.080878379028, 0.012107165641, 0.17282635284, 0.062672796985, 0.087993465844],
      [0.16363476082, 1.0001836446e-54, 0.066552865338, 0.26525491247, 0.097365950112, 0.19288285416, 0.0088525696151, 0.1412941059, 0.064161981586, 4.9138054314e-21],
      [0.092905738141, 0.088843799008, 0.17998606669, 0.029639109807, 0.038318931429, 0.18464464233, 0.11164638158, 0.061070723035, 0.057651888118, 0.15529271987],
      [0.017924359371, 0.19080302504, 0.18376892911, 0.12229043678, 0.02112758131, 0.071466954353, 0.017388697658, 0.23199721994, 0.043903306984, 0.099329489456],
      [0.061047791462, 0.022091849483, 0.12181281359, 0.0078216970252, 0.06133488511, 0.0288092118, 0.069467564642, 0.029984892786, 0.27091938058, 0.32670991353],
      [0.025545536286, 0.13280919817, 0.43091546714, 0.24580581433, 1.6907736305e-53, 0.028220606162, 0.027111057878, 0.040433640472, 0.046262359538, 0.022896320022]
    ],
    [
      [0.033079002224, 0.0050779723856, 0.46409812634, 0.14034021186, 0.066234044064, 0.088887127768, 0.022490781754, 0.10196263465, 0.038974189485, 0.038855909459],
      [0.16339108597, 8.0829474208e-55, 0.072293157141, 0.26085388442, 0.11003084831, 0.2592758034, 0.017884768194, 0.068552652371, 0.047717800187, 4.6545566413e-21],
      [0.075197325926, 0.060896535608, 0.25250647469, 0.039107046694, 0.018630562925, 0.23658012316, 0.16569356057, 0.02541989556, 0.036797806685, 0.089170668179],
      [0.025675619893, 0.13887651311, 0.22552629729, 0.15827018939, 0.015217693656, 0.12552377534, 0.037730838097, 0.1228088921, 0.063164114929, 0.087206066186],
      [0.092001204908, 0.013467240836, 0.1753571403, 0.0080470565152, 0.055189674101, 0.041606442906, 0.1107517813, 0.017041197109, 0.34425185166, 0.14228641036],
      [0.020248247219, 0.063129395416, 0.58928270309, 0.20743062291, 1.6404019287e-53, 0.02068458992, 0.041637954526, 0.01502238147, 0.03015414544, 0.012409960004]
    ],
    [
      [0.04042045194, 0.0036087270141, 0.44534804838, 0.16100495637, 0.084065398653, 0.065658331201, 0.010622328688, 0.065444732297, 0.05247401752, 0.071353007936],
      [0.21088752277, 4.4153113434e-55, 0.10189186308, 0.26292354756, 0.088053929894, 0.19158395681, 0.014786911508, 0.067246243907, 0.062626024477, 7.3244347884e-21],
      [0.11171071356, 0.027689238675, 0.22196452657, 0.043920276961, 0.034328705098, 0.18198975157, 0.14587073863, 0.031332764188, 0.047480097124, 0.15371318762],
      [0.02812932232, 0.084137776886, 0.28134226994, 0.16832428771, 0.018760322434, 0.09513224994, 0.039818449985, 0.083446925723, 0.058913677731, 0.14199471734],
      [0.032959103362, 0.0059548265324, 0.12086479746, 0.0044870795659, 0.065345731929, 0.011792312661, 0.10282184289, 0.010711587039, 0.32548307492, 0.31957964365],
      [0.028092768821, 0.041134257072, 0.5663852406, 0.20095133992, 1.9334670918e-53, 0.028185885578, 0.04122965897, 0.014405481193, 0.054466646604, 0.025148721251]
    ],
    [
      [0.039975495041, 0.0021236629224, 0.21899906859, 0.14174783532, 0.043256926382, 0.19205409181, 0.012836222763, 0.17739761516, 0.15378479415, 0.017824287861],
      [0.15121347037, 3.1044534492e-55, 0.036416888632, 0.30292017336, 0.13983683446, 0.21517972731, 0.027614366874, 0.038011317888, 0.088807221108, 1.4860073543e-21],
      [0.087868908624, 0.073535862156, 0.075612339333, 0.050821293625, 0.025210461465, 0.25812923176, 0.300494063, 0.019278199451, 0.054628708374, 0.054420932213],
      [0.018788352489, 0.017026800011, 0.28599882083, 0.19782678234, 0.026706274532, 0.24593456923, 0.012351641085, 0.064712786064, 0.07594507928, 0.054708894138],
      [0.053897174474, 0.0089230130138, 0.086917033319, 0.0089297298911, 0.035391952039, 0.028554501106, 0.24878880337, 0.0078452893645, 0.48875437073, 0.031998132697],
      [0.011957234432, 0.018242449161, 0.16677414369, 0.3764864006, 1.6135618954e-53, 0.043789998914, 0.20454382808, 0.028440031539, 0.14266475352, 0.0071011600638]
    ],
    [
      [0.034708420978, 0.0076422940541, 0.45027947436, 0.1504174082, 0.10068116309, 0.076278905899, 0.025132227334, 0.074374586759, 0.020984543339, 0.059500975986],
      [0.17202415834, 1.0123889631e-54, 0.089218676693, 0.28038827309, 0.12310302338, 0.18730059585, 0.036710720005, 0.089154903308, 0.02209964933, 4.4345844234e-21],
      [0.06382052061, 0.09361363659, 0.22430058028, 0.027140947421, 0.034440916786, 0.19657717442, 0.26728069496, 0.022554556775, 0.016906688412, 0.053364283742],
      [0.015845869075, 0.2559090614, 0.26835180646, 0.12728774622, 0.019889576739, 0.085089216332, 0.046870255287, 0.1101916671, 0.017280105736, 0.053284695654],
      [0.075626566551, 0.018895110377, 0.20059570437, 0.0071163053152, 0.05458569427, 0.049019785841, 0.16760423851, 0.014544821112, 0.11169119968, 0.30032057397],
      [0.017053409777, 0.12745018895, 0.55352065397, 0.18111690662, 1.6699734422e-53, 0.021674917411, 0.061000653077, 0.01404955368, 0.012006731715, 0.012126984795]
    ],
    [
      [0.03936834055, 0.0039688263519, 0.49922444222, 0.14143933642, 0.054027047063, 0.081913962898, 0.018393581152, 0.067832885918, 0.025359245631, 0.068472331804],
      [0.19749685753, 5.312489633e-55, 0.1034765946, 0.28246475214, 0.053721062605, 0.23490511602, 0.02106024135, 0.069994069054, 0.036881306705, 3.774128458e-21],
      [0.10488767759, 0.047699964598, 0.22565414154, 0.038871721355, 0.023193735367, 0.21255903399, 0.19406565158, 0.025750364585, 0.022794376274, 0.10452333312],
      [0.025099285085, 0.096745154763, 0.37069630621, 0.13191383008, 0.017069759646, 0.096170714468, 0.041028531866, 0.12000696364, 0.028054535936, 0.073214918304],
      [0.12484927833, 0.0091782094577, 0.16612748356, 0.0087496539649, 0.040589476794, 0.042081482605, 0.12412628345, 0.013956969687, 0.20567313642, 0.26466802573],
      [0.027919917574, 0.048357711827, 0.59493492979, 0.21796923621, 8.9293126462e-54, 0.021473424825, 0.042928212205, 0.013774371418, 0.018286145056, 0.014356051089]
    ],
    [
      [0.036564251703, 0.0068589658311, 0.41543210159, 0.18685898444, 0.093875987229, 0.086026115707, 0.010548195834, 0.081345161327, 0.023462857071, 0.059027379269],
      [0.11819921669, 7.0662952262e-55, 0.03325068829, 0.25953836245, 0.11829685522, 0.37030719124, 0.016978558216, 0.067444185737, 0.015984942159, 4.8486642696e-21],
      [0.093183197771, 0.063836153732, 0.10980377149, 0.043201452243, 0.050881996506, 0.37288098529, 0.13198245691, 0.02698575837, 0.02030860765, 0.086935620045],
      [0.021134786972, 0.13004982811, 0.27487051795, 0.15104957675, 0.032493541011, 0.14066031737, 0.029104818935, 0.11042948821, 0.016140204294, 0.094066920392],
      [0.066767445489, 0.019632255135, 0.22635191155, 0.010798653296, 0.075063570233, 0.097629431018, 0.10901179805, 0.014971152577, 0.13505226431, 0.24472151835],
      [0.025477222636, 0.11495121387, 0.50262873543, 0.21677375862, 2.465207573e-53, 0.051190393318, 0.041213039419, 0.017131356741, 0.018553918454, 0.01208036152]
    ],
    [
      [0.045252256985, 0.0046818952692, 0.42215135007, 0.11457140694, 0.025495306513, 0.14601961671, 0.022517085774, 0.064721619771, 0.041271832602, 0.11331762937],
      [0.19133158911, 7.4181284845e-55, 0.081723855332, 0.25627185867, 0.043167911799, 0.28963065349, 0.030552693748, 0.074427436855, 0.032894000995, 8.29911036e-21],
      [0.079333281155, 0.045477436539, 0.1633386296, 0.025235633915, 0.01827763088, 0.23673547665, 0.20747122179, 0.031346508372, 0.029249234455, 0.16353494665],
      [0.021301010188, 0.12346360476, 0.33590513615, 0.089143357763, 0.010952531524, 0.13663174381, 0.030302394331, 0.10517891462, 0.025700876849, 0.12142043],
      [0.096917677304, 0.013752368407, 0.14794410305, 0.005237675585, 0.027136582403, 0.068486270031, 0.11037155559, 0.011128244151, 0.11832767184, 0.40069785163],
      [0.037040618563, 0.07570352415, 0.57828058572, 0.15065272988, 7.3749743556e-54, 0.037319721606, 0.058656886414, 0.017580249037, 0.022821232349, 0.021944452284]
    ],
    [
      [0.057208480754, 0.011077259927, 0.38986133486, 0.071098236833, 0.1056578222, 0.10830526245, 0.022308161342, 0.1051639956, 0.062338095303, 0.066981350733],
      [0.2330862002, 1.3463213068e-54, 0.088840747979, 0.12809060559, 0.12003395601, 0.24526460368, 0.022400852389, 0.10102331162, 0.061259722531, 5.5940744073e-21],
      [0.10289630595, 0.1004874415, 0.17650026441, 0.01506395963, 0.040440928175, 0.21723624509, 0.1643551821, 0.031152274758, 0.045855648034, 0.10601175035],
      [0.026229069168, 0.2162527367, 0.23575860887, 0.053746155921, 0.026220336606, 0.088820481028, 0.036711004137, 0.18277435131, 0.04493873865, 0.088548517611],
      [0.10312900222, 0.019099475997, 0.10060035122, 0.0033308648572, 0.059967455399, 0.043811449242, 0.092558736326, 0.017780180663, 0.31148356907, 0.24823891501],
      [0.038070235821, 0.14779177809, 0.50459056365, 0.12000829642, 2.2362677309e-53, 0.037119593753, 0.049881501431, 0.028352165322, 0.05407083855, 0.020115026963]
    ],
    [
      [0.044437358305, 0.0074979720097, 0.29833547762, 0.32190126035, 0.024443245904, 0.090757382676, 0.020673407526, 0.06267687685, 0.056329194042, 0.072947824716],
      [0.15577670016, 8.3074044928e-55, 0.055725966555, 0.47015474689, 0.023157813375, 0.17538619769, 0.018798014893, 0.049287564091, 0.051712996349, 5.0096725528e-21],
      [0.097653552101, 0.078400756689, 0.14937349808, 0.069411989392, 0.013447002293, 0.20951576104, 0.17800388283, 0.02386985129, 0.050810123275, 0.12951358301],
      [0.023676741405, 0.15126228685, 0.20014677081, 0.25087708272, 0.0072087804502, 0.080565617624, 0.041915032139, 0.10127050418, 0.052245078314, 0.090832105507],
      [0.08965073565, 0.014052226477, 0.096904505542, 0.014592968854, 0.018180343228, 0.040551303706, 0.10431073474, 0.012115314376, 0.3509422136, 0.25869965382],
      [0.025431142637, 0.083364016895, 0.31673679769, 0.4463639118, 4.3632138717e-54, 0.023175469765, 0.037471852553, 0.012834119194, 0.03811086858, 0.016511820883]
    ],
    [
      [0.060783535328, 0.0068922590495, 0.34299785612, 0.18351713852, 0.043129471596, 0.067012404423, 0.037843131463, 0.096293477334, 0.022501017163, 0.13902970901],
      [0.22641481039, 8.5640505747e-55, 0.088025947079, 0.28578977917, 0.03194702865, 0.22133350116, 0.034223780197, 0.086681143895, 0.025584009456, 6.0232174527e-21],
      [0.097754054851, 0.055848987891, 0.19027993696, 0.034542184003, 0.014111139133, 0.19772018201, 0.21169426918, 0.028790507992, 0.015044532944, 0.15421420503],
      [0.027911445796, 0.12802502741, 0.25723532141, 0.14385751408, 0.0098801616032, 0.084162705463, 0.049133263202, 0.16114083317, 0.021776042765, 0.1168776851],
      [0.11765258901, 0.011128794327, 0.14888603401, 0.0098415703099, 0.029449633269, 0.046757807639, 0.12878162815, 0.016517720384, 0.13573323438, 0.35525098851],
      [0.024235173895, 0.085193576447, 0.43151464786, 0.30489693949, 8.005577452e-54, 0.028407882788, 0.063734656085, 0.019656205739, 0.021643839563, 0.020717078129]
    ],
    [
      [0.028778835258, 0.01371276468, 0.40111687504, 0.11464282918, 0.044514586194, 0.10325824743, 0.035172660669, 0.16085749036, 0.050658425379, 0.047287285804],
      [0.16256504153, 1.6794362759e-54, 0.09866610026, 0.28208946509, 0.063822086531, 0.16290242659, 0.044149697808, 0.13052663182, 0.055278550369, 3.0744750252e-21],
      [0.064218566984, 0.099996273499, 0.17049549018, 0.024311865182, 0.016903518283, 0.18224549579, 0.29323556338, 0.038411022719, 0.023753611403, 0.086428592577],
      [0.017325163798, 0.14389022644, 0.22667187731, 0.14065252492, 0.011328653028, 0.071050963635, 0.069116244026, 0.22699783939, 0.036055584778, 0.056910922672],
      [0.065339673768, 0.022879825941, 0.15936983296, 0.0066945434063, 0.039671826183, 0.045272001946, 0.19387224199, 0.019392501911, 0.23586251231, 0.21164503959],
      [0.031647742811, 0.14271121629, 0.45287006013, 0.19952251774, 1.0083766344e-53, 0.028859916148, 0.057015112748, 0.041937945992, 0.029407137507, 0.016028350629]
    ],
    [
      [0.033149440313, 0.009442682215, 0.45784280549, 0.16783091957, 0.062367408538, 0.083817143871, 0.025054345655, 0.066894751375, 0.0372996477, 0.056300855273],
      [0.15815997079, 1.1870259121e-54, 0.085989269804, 0.36691813742, 0.058801820392, 0.2134754076, 0.019069955664, 0.066387683605, 0.031197754728, 3.5129369584e-21],
      [0.075120915785, 0.088071402232, 0.18395260525, 0.040819303586, 0.032259503833, 0.2461596891, 0.19498389608, 0.026599852204, 0.029859269699, 0.082173562223],
      [0.022830294511, 0.2031296234, 0.25606598531, 0.16123986508, 0.016389860931, 0.09387005214, 0.044511710322, 0.098590066421, 0.029262648823, 0.074109893061],
      [0.089502593981, 0.023872841089, 0.14880595207, 0.011699896905, 0.062449619549, 0.040088447717, 0.13359062282, 0.018478060927, 0.24423237089, 0.22727959405],
      [0.0269204795, 0.060069115641, 0.48102140949, 0.31086773032, 1.3262782511e-53, 0.02989787895, 0.040711030371, 0.015159094786, 0.022693193861, 0.012660067078]
    ],
    [
      [0.047528667874, 0.0036860901977, 0.4101760979, 0.1158240294, 0.21072860694, 0.061735824256, 0.02345534275, 0.036980828393, 0.033790539568, 0.056093972724],
      [0.21668875599, 5.2000156504e-55, 0.091378598435, 0.20542591391, 0.22547137529, 0.1527687177, 0.032118425592, 0.039043840008, 0.03710437307, 4.4345634534e-21],
      [0.09087970607, 0.03787749224, 0.20781821302, 0.023616771398, 0.091947521696, 0.16538717766, 0.23180868418, 0.013640556558, 0.03111921793, 0.10590465924],
      [0.029720734351, 0.098811034388, 0.3445070649, 0.11454924142, 0.066372058999, 0.081695432977, 0.058494602066, 0.075588146693, 0.04191841388, 0.088343270325],
      [0.096354184847, 0.0075737118238, 0.15080971197, 0.0056785466227, 0.13090152177, 0.032172442361, 0.12976625598, 0.0065839609273, 0.22908613465, 0.21107352905],
      [0.031499499268, 0.044972852791, 0.58959848805, 0.19535727379, 4.1635426673e-53, 0.022399002963, 0.059226838617, 0.0092307171347, 0.032256839381, 0.015458488009]
    ],
    [
      [0.042377809382, 0.0029954794363, 0.41998201681, 0.13170642966, 0.10601359119, 0.10448266203, 0.013497179217, 0.056245698821, 0.048035583698, 0.07466354975],
      [0.21569878408, 3.4933030189e-55, 0.08894521236, 0.20727221108, 0.11353991958, 0.26279080383, 0.012061289208, 0.050114944304, 0.049576835556, 5.1366587851e-21],
      [0.1025710331, 0.0358056708, 0.20841544764, 0.030411033121, 0.050335088403, 0.26759936945, 0.11311608413, 0.017763696481, 0.047490305221, 0.12649227165],
      [0.023036529659, 0.065361259018, 0.35285914442, 0.12906708672, 0.034275208766, 0.12253665079, 0.02560574535, 0.092498616518, 0.053448897245, 0.10131086151],
      [0.083789523789, 0.005055908027, 0.13475087895, 0.0048990256875, 0.083333404673, 0.057017925001, 0.061523278242, 0.0082311428983, 0.29653473095, 0.26486418179],
      [0.031933627719, 0.041365653918, 0.57594107348, 0.20472204173, 2.3572787707e-53, 0.039587948067, 0.023948966602, 0.012793446459, 0.049601086468, 0.020106155563]
    ],
    [
      [0.048945057997, 0.003172402801, 0.53896538146, 0.15798588852, 0.054321699546, 0.028446447122, 0.026459144883, 0.036540911956, 0.027075718297, 0.078087347414],
      [0.36377767665, 3.3439805361e-55, 0.099685911613, 0.17549498848, 0.15589301606, 0.11639837978, 0.029457873013, 0.045058429581, 0.014233724816, 5.2338551328e-21],
      [0.31803211378, 0.025944999814, 0.13651052714, 0.016233253018, 0.026775073979, 0.097455978354, 0.21925038732, 0.0036455500869, 0.011821950395, 0.14433016611],
      [0.038703331817, 0.14135817946, 0.17962259434, 0.1770443945, 0.036337641277, 0.08594715409, 0.072054271534, 0.049366240247, 0.017832978203, 0.20173321453],
      [0.133541534, 0.0098925357332, 0.15824450423, 0.0037264321358, 0.098474147788, 0.026784650461, 0.12069609443, 0.005387605961, 0.12937180735, 0.31388068791],
      [0.062029274673, 0.094087818263, 0.18006279902, 0.49955987449, 2.8175992372e-53, 0.026646995039, 0.07279166309, 0.0069635665965, 0.026769509863, 0.031088498965]
    ],
    [
      [0.028613475155, 0.0049555594825, 0.48882377751, 0.22124089478, 0.0394997493, 0.067398707721, 0.013538239283, 0.056622320634, 0.018199585639, 0.061107690495],
      [0.1475026372, 6.1937324091e-55, 0.10446515726, 0.34714395557, 0.049207966601, 0.24247227334, 0.017856890598, 0.070291986305, 0.02105913312, 3.1904175927e-21],
      [0.074150081594, 0.04620682057, 0.23675159126, 0.050781173308, 0.018080704313, 0.21070210823, 0.25549343361, 0.030018136035, 0.013856762936, 0.063959188133],
      [0.017598558952, 0.11080461461, 0.35835980969, 0.13677375692, 0.013542073099, 0.090093214981, 0.04458454522, 0.14826116594, 0.017572565689, 0.062409694911],
      [0.083193324873, 0.013883468433, 0.27530886928, 0.015192332727, 0.03980771, 0.075933460407, 0.1382518264, 0.021476953066, 0.16813890812, 0.1688131467],
      [0.018862244719, 0.046183492122, 0.54884144394, 0.26742081647, 9.2313258154e-54, 0.031768125345, 0.047259588481, 0.015380996435, 0.01404114811, 0.010242144375]
    ],
    [
      [0.035582609537, 0.011417945537, 0.337761478, 0.090629899187, 0.19386658396, 0.098415546461, 0.020391869366, 0.078722004303, 0.035722058507, 0.09749000514],
      [0.24984508877, 2.0073194365e-54, 0.099161170335, 0.17338037028, 0.09622263092, 0.24191598172, 0.016098677567, 0.0799647359, 0.043411344509, 7.4404445616e-21],
      [0.05836083808, 0.0939612917, 0.14625270777, 0.017420136029, 0.04079938226, 0.27106245743, 0.14005614124, 0.028347563849, 0.028382869168, 0.17535661248],
      [0.015118673067, 0.19984740268, 0.27607938528, 0.080474838941, 0.028294946766, 0.075860881285, 0.032423916922, 0.12364351723, 0.043205561106, 0.12505087671],
      [0.071025927003, 0.025028672509, 0.12926850461, 0.0029886666065, 0.083198828681, 0.034766032444, 0.090356880451, 0.014224302596, 0.18562374454, 0.36351844056],
      [0.026440019194, 0.11304597255, 0.53058326177, 0.16845281954, 1.8275845082e-53, 0.024993866973, 0.035062889888, 0.026001870388, 0.043362262478, 0.032057037224]
    ],
    [
      [0.034646487511, 0.0097018938174, 0.38864556762, 0.19614605084, 0.087399999333, 0.053379549608, 0.018572363539, 0.10706169474, 0.030490762385, 0.073955630599],
      [0.17104509569, 1.0850459282e-54, 0.078484496372, 0.35086903143, 0.096427883637, 0.12605834862, 0.019157213862, 0.11943478425, 0.038523146133, 4.5771042254e-21],
      [0.062478780397, 0.10189683682, 0.20610413718, 0.046025868442, 0.046975085396, 0.18413213985, 0.16210245139, 0.046762021124, 0.023210725708, 0.12031195369],
      [0.016051858471, 0.15817118632, 0.25195554403, 0.17133150946, 0.02730438534, 0.065001660892, 0.030334091755, 0.19786192961, 0.027063312482, 0.054924521634],
      [0.080961564632, 0.02458091823, 0.18386661433, 0.010002605684, 0.057574916599, 0.036800422307, 0.1136216099, 0.027073096278, 0.2173393594, 0.24817889264],
      [0.020581673256, 0.096879470437, 0.48467259993, 0.27314893142, 1.6802080662e-53, 0.021752555223, 0.037715439897, 0.027363117773, 0.023059050514, 0.014827161548]
    ],
    [
      [0.050732768345, 0.010410397444, 0.47854179809, 0.13340496, 0.03829763966, 0.11987815851, 0.014128958806, 0.06195896146, 0.037822535252, 0.054823822433],
      [0.21702311478, 1.5106251083e-54, 0.087799115692, 0.26192119649, 0.031726457182, 0.29295295579, 0.018285755975, 0.054854771158, 0.035436632926, 3.4041334553e-21],
      [0.10743744589, 0.08951976101, 0.14997911049, 0.026865519661, 0.015148331706, 0.32752746716, 0.13807715583, 0.018047171659, 0.022722607557, 0.10467542904],
      [0.031589587391, 0.20246574396, 0.29482414172, 0.10039717624, 0.0093984030067, 0.13115267891, 0.031359094348, 0.11644666438, 0.024611506611, 0.057755003431],
      [0.15303518942, 0.026255687051, 0.16668030631, 0.0071000240889, 0.029133613394, 0.081741150652, 0.11307695547, 0.013017414213, 0.22972713747, 0.18023252194],
      [0.035014444, 0.10096700596, 0.48948325924, 0.23902232467, 5.9514156062e-54, 0.045697821127, 0.033008033562, 0.013125230373, 0.029290078636, 0.014391802434]
    ],
    [
      [0.033925391977, 0.0067879141922, 0.36966232354, 0.15488798451, 0.091084741636, 0.10747273163, 0.026149944088, 0.081232059123, 0.049680072907, 0.079116836393],
      [0.13038961691, 7.6906740802e-55, 0.061194860576, 0.24734210649, 0.079325364741, 0.33717524861, 0.026014392076, 0.05310677109, 0.065451639511, 4.7698276068e-21],
      [0.068209715301, 0.050908363436, 0.13833616702, 0.025121415735, 0.033427964479, 0.31279879776, 0.18761152889, 0.024772848636, 0.044090169231, 0.11472302951],
      [0.016875698994, 0.1609437574, 0.2399865765, 0.102862777, 0.020990177708, 0.12297831719, 0.050999970283, 0.12986077269, 0.057330289363, 0.097171662872],
      [0.065158391971, 0.012523288913, 0.10018279803, 0.006120351698, 0.050782721321, 0.047052502744, 0.12867830347, 0.012944561202, 0.31688288334, 0.25967419731],
      [0.020185239494, 0.071270135464, 0.45288561692, 0.266215553, 1.668744195e-53, 0.046899489825, 0.058053208157, 0.015705345533, 0.052672846729, 0.016112564884]
    ],
    [
      [0.034151136209, 0.0070694514519, 0.37111883649, 0.15004785646, 0.12336893455, 0.058136804961, 0.018233768693, 0.065336027894, 0.041697869411, 0.13083931389],
      [0.15923733626, 7.6877576804e-55, 0.056964181794, 0.40124800755, 0.11786635403, 0.13996056895, 0.016724162999, 0.065663308232, 0.042336080181, 6.8625812568e-21],
      [0.081902150334, 0.056510858272, 0.2222319326, 0.047867256051, 0.05088021156, 0.11447489324, 0.11908448255, 0.037207627542, 0.040067773332, 0.22977281452],
      [0.01757192757, 0.14903228502, 0.18169247347, 0.22469610944, 0.030563764761, 0.077137634619, 0.037256528213, 0.14027347454, 0.02814664119, 0.11362916117],
      [0.080185522407, 0.010733447038, 0.15998061345, 0.0079463741203, 0.078354675877, 0.026736140389, 0.078229886212, 0.012356298574, 0.19584969506, 0.34962734687],
      [0.01831840565, 0.066795384309, 0.4660277736, 0.32264299672, 1.7888586137e-53, 0.023820003606, 0.030538821232, 0.023424219562, 0.022732845096, 0.025699550232]
    ],
    [
      [0.074821031115, 0.0094579497552, 0.45461342951, 0.13869527447, 0.048456203569, 0.058627027366, 0.038881761001, 0.092389979068, 0.036759970796, 0.047297373356],
      [0.27685324033, 1.2274359474e-54, 0.10812271301, 0.24448651869, 0.025484009183, 0.17668830875, 0.040027842884, 0.074288567018, 0.054048800146, 1.637215616e-21],
      [0.1405022276, 0.1035787722, 0.062120181581, 0.020063741371, 0.012390054347, 0.16863347078, 0.34836877165, 0.026770473323, 0.041743299713, 0.075829007441],
      [0.043459424144, 0.11131991708, 0.25263544771, 0.14445043972, 0.0095698492567, 0.07992589768, 0.068146179261, 0.20637452276, 0.039820081997, 0.044298240394],
      [0.16709103253, 0.028340629688, 0.11949195603, 0.0096126105105, 0.024029154508, 0.053974404338, 0.2432527138, 0.01830757695, 0.22955176541, 0.10634815624],
      [0.047274598574, 0.1374856832, 0.36795926414, 0.22309983511, 6.3201497772e-54, 0.02739520435, 0.12868920271, 0.018674253282, 0.041743193571, 0.0076787650601]
    ],
    [
      [0.0266325142, 0.014573458312, 0.3419144773, 0.25185856298, 0.13021865938, 0.066192561343, 0.018282273614, 0.056754119827, 0.034559000703, 0.059014372342],
      [0.11183714042, 1.6125421413e-54, 0.072578216619, 0.43687244614, 0.11588097284, 0.15722263716, 0.020853429695, 0.052450656292, 0.032304500839, 4.0216655371e-21],
      [0.065559586992, 0.17752389079, 0.18718381674, 0.049218077405, 0.048689483681, 0.15893988856, 0.17805072985, 0.020328743286, 0.025351466606, 0.0891543161],
      [0.013644768853, 0.28861228848, 0.2027210245, 0.21505641063, 0.031783304801, 0.054721206828, 0.033428168396, 0.07737318943, 0.021824926176, 0.060834711899],
      [0.073747764456, 0.038595166835, 0.1536922763, 0.01463664862, 0.11369108728, 0.039809899989, 0.13435264863, 0.012710065345, 0.19219386607, 0.22657057647],
      [0.015741454864, 0.15699709226, 0.34541174481, 0.3803457879, 2.4529548283e-53, 0.018556809734, 0.038396306881, 0.010016310884, 0.024409454704, 0.010125037964]
    ],
    [
      [0.040949628743, 0.0096986165988, 0.32064386006, 0.16161870823, 0.055388886823, 0.089702798552, 0.01804647524, 0.042141533727, 0.10845655898, 0.15335293305],
      [0.18120702838, 1.0692571026e-54, 0.073469376954, 0.31854766082, 0.073064542799, 0.16129984644, 0.013401574009, 0.044870195096, 0.13413977551, 9.8209846664e-21],
      [0.082298001079, 0.063382656109, 0.15956263965, 0.027407691413, 0.047893507778, 0.1962711689, 0.15471608749, 0.01493826991, 0.084221226632, 0.16930875104],
      [0.025252037426, 0.14612884506, 0.23533232098, 0.10241457654, 0.027302431452, 0.067825922785, 0.031602548265, 0.10036464072, 0.11601669434, 0.14775998243],
      [0.05665985566, 0.01258048879, 0.063672424798, 0.0036057503077, 0.038609785457, 0.02441782844, 0.077769659298, 0.0073498041195, 0.39561635134, 0.31971805179],
      [0.032971719892, 0.1137990369, 0.41164883164, 0.21268488226, 1.4660586086e-53, 0.035315569712, 0.039102075475, 0.016183452811, 0.100293604, 0.038000827304]
    ],
    [
      [0.050731781407, 0.0037727986874, 0.38782544073, 0.13852640106, 0.071454481216, 0.15394110261, 0.015892797553, 0.052911924825, 0.059380069814, 0.065563202101],
      [0.20819022311, 3.5404517813e-55, 0.061057716308, 0.18405536213, 0.073970726396, 0.38382559069, 0.0099401037324, 0.030497766162, 0.048462511464, 3.1854906426e-21],
      [0.073404991086, 0.028722375776, 0.1229030431, 0.020210896054, 0.031809622855, 0.42121907494, 0.15751059943, 0.01896319385, 0.050049837526, 0.075206365383],
      [0.031396906543, 0.12490148862, 0.2165932345, 0.097727341399, 0.028315393464, 0.19613079666, 0.039521354183, 0.10984833447, 0.059930213728, 0.095634936435],
      [0.13069508637, 0.0076544283995, 0.096705320159, 0.005773997062, 0.042563094755, 0.061802307424, 0.095805320481, 0.0079382268511, 0.33212598355, 0.21893623495],
      [0.045936309098, 0.061902004626, 0.4601612226, 0.19860308055, 2.5259726537e-53, 0.080808781487, 0.052143870957, 0.020361181557, 0.06304782079, 0.017035728333]
    ],
    [
      [0.044778753573, 0.0023648003429, 0.34836477268, 0.15112077705, 0.10916530529, 0.1432606818, 0.019023404554, 0.031084177491, 0.044536148251, 0.10630117896],
      [0.17802479507, 2.6372310102e-55, 0.085973141234, 0.2884420529, 0.10259235293, 0.24663257356, 0.019040701398, 0.032090567258, 0.047203815651, 7.1199803173e-21],
      [0.087901738541, 0.024673959097, 0.17197056405, 0.037463871571, 0.043676746538, 0.23842563029, 0.17290127442, 0.012475520027, 0.041568822902, 0.16894187257],
