{
  "X": [
    [20, 11, 9, 13, 3, 6, 14, 4, 11, 9],
    [7, 9, 4, 17, 3, 22, 14, 7, 5, 12],
    [5, 8, 10, 18, 10, 21, 5, 4, 9, 10],
    [13, 6, 6, 18, 6, 11, 12, 3, 14, 11],
    [12, 8, 4, 17, 7, 17, 10, 10, 6, 9],
    [13, 8, 6, 16, 7, 16, 14, 2, 4, 14],
    [11, 5, 2, 28, 5, 11, 20, 1, 6, 11],
    [9, 9, 6, 16, 8, 15, 12, 8, 8, 9],
    [10, 13, 7, 12, 7, 13, 12, 4, 11, 11],
    [4, 22, 4, 11, 2, 5, 21, 5, 8, 18],
    [3, 19, 9, 8, 4, 5, 25, 6, 7, 14],
    [1, 19, 5, 10, 4, 10, 20, 10, 9, 12],
    [7, 20, 5, 3, 7, 9, 20, 6, 14, 9],
    [6, 22, 8, 5, 3, 3, 19, 10, 5, 19],
    [8, 15, 5, 6, 6, 8, 19, 6, 8, 19],
    [4, 22, 4, 4, 7, 10, 23, 5, 9, 12],
    [6, 17, 11, 5, 5, 11, 15, 14, 13, 3],
    [18, 11, 10, 6, 14, 10, 9, 6, 14, 2],
    [16, 12, 19, 7, 9, 2, 12, 8, 11, 4],
    [15, 14, 12, 5, 14, 2, 10, 14, 12, 2],
    [20, 12, 16, 11, 6, 6, 9, 8, 8, 4],
    [18, 15, 10, 12, 7, 7, 7, 12, 7, 5],
    [16, 10, 8, 12, 11, 3, 7, 18, 12, 3],
    [19, 12, 9, 8, 10, 4, 6, 9, 15, 8],
    [19, 7, 10, 12, 9, 4, 11, 13, 10, 5],
    [6, 18, 2, 8, 21, 7, 8, 15, 6, 9],
    [9, 8, 7, 7, 20, 6, 10, 13, 7, 13],
    [7, 13, 8, 10, 19, 3, 6, 7, 11, 16],
    [9, 6, 6, 9, 21, 7, 9, 14, 2, 17],
    [4, 14, 5, 7, 23, 4, 6, 21, 6, 10],
    [10, 21, 9, 5, 25, 4, 10, 6, 2, 8],
    [9, 9, 7, 9, 18, 4, 15, 10, 5, 14],
    [11, 16, 3, 6, 10, 3, 9, 14, 13, 15],
    [6, 10, 8, 9, 14, 1, 16, 7, 18, 11],
    [17, 13, 7, 6, 6, 5, 6, 6, 19, 15],
    [16, 5, 8, 13, 9, 3, 18, 2, 8, 18],
    [11, 11, 8, 11, 6, 7, 11, 4, 14, 17],
    [22, 7, 13, 8, 5, 3, 12, 3, 19, 8],
    [15, 5, 6, 12, 11, 6, 17, 3, 15, 10],
    [11, 10, 9, 11, 8, 7, 14, 7, 14, 9],
    [15, 7, 3, 9, 11, 3, 16, 9, 15, 12],
    [9, 9, 8, 16, 9, 5, 15, 8, 14, 7],
    [1, 12, 6, 25, 11, 3, 18, 9, 6, 9],
    [2, 6, 2, 32, 17, 0, 21, 10, 6, 4],
    [5, 14, 5, 29, 8, 6, 17, 4, 3, 9],
    [3, 9, 5, 30, 19, 3, 11, 7, 8, 5],
    [2, 7, 5, 36, 15, 4, 17, 6, 3, 5],
    [7, 11, 4, 21, 17, 0, 15, 9, 4, 12],
    [3, 6, 5, 30, 18, 3, 12, 8, 10, 5],
    [5, 6, 4, 31, 12, 2, 18, 6, 8, 8]
  ],
  "W": [
    [55, 10, 14, 7, 8, 6],
    [56, 9, 10, 10, 5, 10],
    [61, 8, 5, 13, 8, 5],
    [56, 5, 10, 8, 15, 6],
    [51, 8, 13, 11, 8, 9],
    [58, 9, 10, 7, 9, 7],
    [67, 7, 6, 8, 8, 4],
    [53, 6, 9, 12, 9, 11],
    [27, 41, 11, 5, 9, 7],
    [13, 65, 8, 5, 3, 6],
    [10, 57, 6, 7, 6, 14],
    [7, 51, 13, 6, 15, 8],
    [10, 55, 8, 11, 12, 4],
    [7, 61, 7, 7, 7, 11],
    [11, 60, 11, 3, 5, 10],
    [9, 52, 8, 13, 13, 5],
    [8, 50, 23, 6, 7, 6],
    [10, 8, 60, 9, 9, 4],
    [8, 13, 48, 12, 8, 11],
    [8, 8, 57, 10, 5, 12],
    [12, 10, 55, 10, 3, 10],
    [7, 12, 60, 7, 6, 8],
    [12, 8, 54, 9, 7, 10],
    [7, 6, 62, 13, 6, 6],
    [5, 9, 63, 11, 4, 8],
    [12, 14, 7, 56, 5, 6],
    [7, 11, 9, 52, 10, 11],
    [9, 7, 6, 60, 7, 11],
    [10, 6, 10, 59, 6, 9],
    [8, 5, 6, 65, 11, 5],
    [7, 4, 12, 61, 8, 8],
    [11, 8, 7, 53, 11, 10],
    [10, 12, 11, 53, 10, 4],
    [4, 9, 8, 26, 46, 7],
    [11, 8, 13, 9, 57, 2],
    [9, 4, 8, 9, 61, 9],
    [8, 6, 4, 9, 64, 9],
    [7, 9, 6, 6, 65, 7],
    [7, 5, 8, 10, 57, 13],
    [9, 8, 6, 12, 55, 10],
    [12, 11, 9, 8, 51, 9],
    [9, 6, 10, 9, 43, 23],
    [9, 12, 7, 10, 7, 55],
    [4, 6, 5, 9, 11, 65],
    [12, 9, 7, 7, 10, 55],
    [7, 8, 11, 9, 9, 56],
    [7, 13, 7, 1, 7, 65],
    [5, 8, 9, 6, 8, 64],
    [6, 7, 8, 4, 10, 65],
    [6, 10, 8, 10, 9, 57]
  ],
  "method": "mvn_cdf",
  "mvncdf_method": "genz",
  "mvncdf_samples": 5000,
  "mvncdf_error": 1e-06,
  "cond_prob": [
    [
      [0.26995846412, 0.05287709519, 0.070633094122, 0.17217473355, 0.0088181797108, 0.11780414365, 0.12647213129, 0.0059217522859, 0.092956446962, 0.082383959125],
      [6.1577133782e-13, 0.35455977469, 0.066143212886, 1.7701617712e-07, 8.4452029862e-18, 0.035948478371, 0.24507709497, 0.052896410465, 0.088145656408, 0.1572291952],
      [0.32625884305, 0.11185997815, 0.19165370401, 0.034554498553, 0.045162962467, 0.013928894384, 0.026008940903, 0.10847749473, 0.14209468375, 7.8299160223e-41],
      [0.084208773902, 0.26182586807, 0.060726117936, 0.0064923122801, 0.17656879667, 0.0052211249847, 0.061152201255, 0.15427204966, 0.063201661202, 0.12633109404],
      [0.26324419264, 0.058805513187, 0.11496002796, 0.034744145118, 0.01875083732, 0.01232103438, 0.13764185139, 0.012058454195, 0.24302462237, 0.10444932143],
      [2.4382287087e-66, 0.088010856112, 0.021724891389, 0.37453519825, 0.13277160939, 5.6242079789e-82, 0.24752200693, 0.06285229076, 0.028497653545, 0.044085493623]
    ],
    [
      [0.081663658104, 0.039134594258, 0.031983951349, 0.23792649043, 0.006796873444, 0.30948315526, 0.11802439396, 0.0072767291978, 0.04695361478, 0.12075653921],
      [1.7710460091e-13, 0.26734198203, 0.034692650241, 1.9944775912e-07, 6.525656319e-18, 0.1276656082, 0.27851756251, 0.060327204556, 0.035746213878, 0.19570857914],
      [0.18202401045, 0.11840136079, 0.12868137774, 0.054582805063, 0.052312450596, 0.056795697728, 0.042666678044, 0.24787473901, 0.11666088057, 1.5442609373e-40],
      [0.037330506699, 0.23404244812, 0.033365475314, 0.0090449811493, 0.15041403728, 0.024436725862, 0.056473752885, 0.18902800984, 0.040041687056, 0.2258223758],
      [0.15458981961, 0.069246584576, 0.084102870007, 0.054593497698, 0.022197532297, 0.056266408327, 0.16365913684, 0.032058816158, 0.14859723345, 0.21468810104],
      [7.1068581805e-67, 0.06798364213, 0.010182185976, 0.45298685295, 0.12091273833, 1.8864785992e-81, 0.19172352046, 0.077732883555, 0.016443585766, 0.062034590839]
    ],
    [
      [0.062334270238, 0.034965686745, 0.094179084357, 0.23723807978, 0.023057026211, 0.31265605259, 0.058354701043, 0.0057166095084, 0.074251082993, 0.097247406543],
      [1.9683484389e-13, 0.30509908264, 0.11352938455, 3.2410323575e-07, 3.2567838304e-17, 0.10904794957, 0.13896128952, 0.059190169719, 0.093885110458, 0.18028668943],
      [0.11451782727, 0.079804277616, 0.3041471296, 0.044816016836, 0.13375869265, 0.034182283582, 0.014829746724, 0.13094954514, 0.1429944806, 8.2997890847e-41],
      [0.017581126742, 0.14195134387, 0.059614890158, 0.0067901081445, 0.48859370773, 0.010886530744, 0.020520954743, 0.11531974643, 0.043094643401, 0.095646948039],
      [0.10300933864, 0.047427952674, 0.20152171041, 0.060818509211, 0.081004192459, 0.035719243119, 0.067274633452, 0.020304006604, 0.2470851208, 0.13583529263],
      [5.9058647335e-67, 0.066949059802, 0.029119381752, 0.39596976517, 0.3080021742, 1.3305517492e-81, 0.088620088841, 0.060481955108, 0.019629857095, 0.03122771803]
    ],
    [
      [0.13938331548, 0.030673668167, 0.044088942202, 0.22728217663, 0.01254178489, 0.2039072695, 0.11544460863, 0.0047952132034, 0.11166127079, 0.11022175051],
      [3.2557819477e-13, 0.24380929496, 0.044910288388, 3.1571903007e-07, 1.787258484e-17, 0.070699763913, 0.26411429101, 0.045459480678, 0.14298003127, 0.18802653406],
      [0.24685896919, 0.081544174667, 0.12649029145, 0.053778154172, 0.088105115531, 0.023831319292, 0.031689916114, 0.10385950705, 0.24384255253, 1.3334345997e-40],
      [0.046793105248, 0.15861066798, 0.045622977795, 0.0088887442546, 0.33209571311, 0.010553795877, 0.052090417659, 0.11342503752, 0.086838764686, 0.14508077586],
      [0.17934852218, 0.044100786411, 0.0784861729, 0.04939262672, 0.038478762928, 0.019767799713, 0.13359435298, 0.011817851287, 0.30946279032, 0.13555033456],
      [9.0276583366e-67, 0.052470107169, 0.012323055897, 0.44757102465, 0.18627403284, 7.3605796429e-82, 0.18651580368, 0.041617262638, 0.033516245093, 0.039712468025]
    ],
    [
      [0.12935785817, 0.033680433571, 0.032288229972, 0.25389434376, 0.012019405277, 0.29147074089, 0.10021977814, 0.015287784653, 0.051323507459, 0.080457918111],
      [2.9849672093e-13, 0.25982623661, 0.029030501828, 2.9664502549e-07, 1.6337168648e-17, 0.11200701236, 0.2353268906, 0.15796973185, 0.060448814998, 0.14539051511],
      [0.20066190866, 0.074871285702, 0.10237248501, 0.049819161518, 0.070328986169, 0.036438431589, 0.023229985382, 0.36188481955, 0.080392936424, 1.0359515847e-40],
      [0.040102185032, 0.13454070848, 0.025764942647, 0.0069514412708, 0.25613355995, 0.012927134104, 0.034531899905, 0.34607563509, 0.028961865591, 0.11401062793],
      [0.21190204398, 0.054520846703, 0.067203079934, 0.060623044993, 0.048654367823, 0.041603151342, 0.13059977243, 0.050510217093, 0.18070855659, 0.15367491911],
      [8.393536544e-67, 0.057707487901, 0.0090059629079, 0.42139891295, 0.18030350784, 1.0947688662e-81, 0.13458002689, 0.15484926552, 0.0131187771, 0.029036058888]
    ],
    [
      [0.16808007695, 0.027804924679, 0.038322195377, 0.19093873946, 0.011839273829, 0.30210175269, 0.11481378613, 0.0028755406822, 0.035492850847, 0.10773085936],
      [3.4157284988e-13, 0.17764633074, 0.046425012678, 3.0984089167e-07, 2.7098120114e-17, 0.11781192729, 0.21233300328, 0.053358221464, 0.048795697183, 0.34362949752],
      [0.41697829347, 0.052476555617, 0.18701288495, 0.04060017371, 0.12124310859, 0.034353380411, 0.024312802661, 0.05663912662, 0.066383673975, 2.1512097428e-40],
      [0.048556536138, 0.30303305844, 0.029196271459, 0.008910234819, 0.27443640878, 0.018442226912, 0.054084910237, 0.08237577915, 0.016249707429, 0.16471486663],
      [0.17260991966, 0.049711503696, 0.076759076007, 0.046217458809, 0.061929513323, 0.043973662046, 0.13317242285, 0.016101530284, 0.1385276336, 0.26099727972],
      [1.3479808807e-66, 0.063865036825, 0.010229756562, 0.2543768301, 0.21598735611, 1.1224438908e-81, 0.36328247084, 0.03659091186, 0.0095157634091, 0.046151874293]
    ],
    [
      [0.096477158003, 0.017744465941, 0.018338993568, 0.38324404389, 0.0092136484871, 0.13816270455, 0.19783199555, 0.0022572860618, 0.041865128497, 0.094864575449],
      [2.9985996396e-13, 0.18209385128, 0.024148201662, 4.468287076e-07, 1.3139010618e-17, 0.065107465815, 0.47252121968, 0.027410117756, 0.055429427431, 0.17328926955],
      [0.28986007163, 0.081362644871, 0.097801544479, 0.130463055, 0.096879292706, 0.028083716941, 0.067301981784, 0.072822489168, 0.13542520342, 1.6593955425e-40],
      [0.045179690811, 0.13922500061, 0.024033351564, 0.018570505516, 0.36213965556, 0.010109075857, 0.09898543821, 0.067629142912, 0.050896460138, 0.18323167882],
      [0.15036408052, 0.0368838861, 0.049309969908, 0.10641177096, 0.040945316872, 0.023409257345, 0.2734119952, 0.0075744949082, 0.13455397398, 0.17713525422],
      [6.5113084512e-67, 0.028714005869, 0.0048579471185, 0.55312816979, 0.11391150446, 5.8153167303e-82, 0.2449482764, 0.017281413175, 0.010817461057, 0.026341222128]
    ],
    [
      [0.11650216102, 0.048229092665, 0.0458214415, 0.20133834277, 0.012692997447, 0.26832157371, 0.13591324787, 0.014388100274, 0.065278972792, 0.091514069954],
      [2.394689081e-13, 0.35187165388, 0.047708410172, 2.5090609426e-07, 1.7337080963e-17, 0.075476626483, 0.22082250019, 0.10909582281, 0.067840913942, 0.12718382161],
      [0.1686175172, 0.10864068813, 0.15178448975, 0.041598817605, 0.083923871595, 0.030849067012, 0.026087877395, 0.261507036, 0.12699063531, 1.0866986526e-40],
      [0.03067891418, 0.17965875296, 0.040734654183, 0.0060010456793, 0.28158621035, 0.0094414124362, 0.041381355457, 0.26982757349, 0.038410901564, 0.1022791797],
      [0.15356270897, 0.069551009189, 0.093455683546, 0.047439278704, 0.059463740356, 0.033829700396, 0.12663856498, 0.037497080316, 0.22258597207, 0.15597626147],
      [8.593152273e-67, 0.077552078978, 0.013816776749, 0.36528014145, 0.20973069272, 1.0263197764e-81, 0.17539522954, 0.10487158469, 0.017381627239, 0.035971868627]
    ],
    [
      [0.14616057462, 0.022288424874, 0.045344694236, 0.24783609968, 0.019190429392, 0.28930458723, 0.075595913924, 0.0041993444507, 0.076841744762, 0.073238186825],
      [5.3891199585e-13, 0.2845502234, 0.056978830758, 3.7799908561e-07, 3.0531159957e-17, 0.11373154601, 0.22232869583, 0.050697236992, 0.11483936022, 0.15687372878],
      [0.33082151063, 0.065332738586, 0.1536086036, 0.053638029154, 0.12745224174, 0.033750267036, 0.022101145234, 0.08722881564, 0.12606664837, 8.7737699129e-41],
      [0.04743904663, 0.10612311891, 0.043269726837, 0.0072490630217, 0.50778456899, 0.012475146902, 0.031996665013, 0.088438130148, 0.052808130235, 0.10241640331],
      [0.25041109831, 0.037666265462, 0.096345813351, 0.059058811968, 0.079108367999, 0.033201795418, 0.082144538612, 0.010754126957, 0.24070197775, 0.11060720418],
      [1.1904784913e-66, 0.040584538676, 0.013516547744, 0.47286126303, 0.30062016305, 9.7469500832e-82, 0.093037716143, 0.034598077324, 0.019392273824, 0.025389420207]
    ],
    [
      [0.090923536896, 0.026997849567, 0.026169584047, 0.38761139182, 0.0059847217351, 0.12225008255, 0.13003637552, 0.0033399880974, 0.05910918046, 0.14757728931],
      [2.5615020447e-13, 0.28878272651, 0.027381330156, 1.1182583186e-06, 1.0102722362e-17, 0.05231589181, 0.26309411644, 0.036355358308, 0.072108821822, 0.25996063669],
      [0.25531969471, 0.10881986588, 0.12840924503, 0.14587021959, 0.064386408124, 0.027314961589, 0.03380555583, 0.083128376835, 0.15294567241, 1.8652654604e-40],
      [0.034016879465, 0.20232894801, 0.044086503652, 0.023239491373, 0.19096845482, 0.007864927944, 0.061059322446, 0.16254744338, 0.067029742786, 0.20685828612],
      [0.13468610299, 0.058877699036, 0.05626577314, 0.18198259912, 0.025103462094, 0.024828757558, 0.15014698461, 0.013903527814, 0.20653645787, 0.14766863577],
      [3.4052035975e-67, 0.041045134357, 0.0047099765586, 0.72593507503, 0.059414167239, 3.7463115751e-82, 0.099550873777, 0.027375173712, 0.010619075208, 0.031350524123]
    ],
    [
      [0.089872434563, 0.04134865299, 0.093374746024, 0.21012120553, 0.0084764322164, 0.18879881345, 0.18048237108, 0.0066128734905, 0.064347748206, 0.11656472245],
      [1.8162203258e-13, 0.26799990669, 0.073003020546, 1.8993461254e-07, 9.2586579304e-18, 0.055061518828, 0.32444040112, 0.053074912936, 0.060243813888, 0.16617623606],
      [0.16452619383, 0.090104936057, 0.33238606869, 0.035086869233, 0.053857825073, 0.022373410162, 0.039976432624, 0.13800817463, 0.1236800897, 1.2600210827e-40],
      [0.03366411699, 0.20874267276, 0.088492087614, 0.0074867065307, 0.21345580599, 0.0086928340705, 0.068341223305, 0.16819073517, 0.050410421917, 0.15252339565],
      [0.11412972587, 0.062807201932, 0.177863539, 0.046873619694, 0.034480353064, 0.020599050473, 0.18563735161, 0.018079699998, 0.17600164732, 0.16352781105],
      [7.2491541443e-67, 0.068480872415, 0.028973132745, 0.38711754081, 0.14029644027, 7.1406806952e-82, 0.25614556972, 0.05508840538, 0.0187821017, 0.045115936968]
    ],
    [
      [0.033798781754, 0.035130619717, 0.02642172745, 0.33071576734, 0.0066893283757, 0.33027221256, 0.11975376184, 0.0085080909563, 0.037834117759, 0.070875592247],
      [1.0193670692e-13, 0.27992941687, 0.029136937856, 4.0717566194e-07, 1.055475128e-17, 0.12139387457, 0.28187002627, 0.078586115159, 0.052456044627, 0.15662717747],
      [0.096085141419, 0.11678235648, 0.1351491551, 0.11095619747, 0.060667750081, 0.058394936956, 0.044632014126, 0.24969891505, 0.12763353332, 1.2953989365e-40],
      [0.017082550556, 0.22251483577, 0.030634996917, 0.016451855184, 0.20342797033, 0.019685393168, 0.063841576572, 0.2371584818, 0.042692486934, 0.14650985276],
      [0.073946156454, 0.073977381471, 0.079108409883, 0.1082738458, 0.036478143085, 0.05553680303, 0.19169683636, 0.032611405923, 0.2025538695, 0.14581714849],
      [2.460733724e-67, 0.051386102348, 0.0079924732224, 0.56880685496, 0.10512328124, 1.0514968309e-81, 0.1601866177, 0.068767889626, 0.010889369497, 0.02684741141]
    ],
    [
      [0.15301843523, 0.033834935341, 0.029694000604, 0.13813986326, 0.013653343675, 0.27336512443, 0.14994779903, 0.0053174912935, 0.097014938025, 0.10601406911],
      [4.5212580772e-13, 0.29509781664, 0.032440703455, 1.6819752204e-07, 2.1117737562e-17, 0.091228450754, 0.32671207074, 0.049503039784, 0.12047879095, 0.084538959478],
      [0.30094480986, 0.10243383634, 0.10213923035, 0.024113247886, 0.10177532226, 0.034581733342, 0.031450993738, 0.10344258008, 0.19911824614, 7.7150600789e-41],
      [0.055019709004, 0.13289349347, 0.031213223329, 0.0042247016291, 0.42269318301, 0.010181776789, 0.039824702531, 0.15678395835, 0.065640551141, 0.081524700744],
      [0.30257614314, 0.048820405644, 0.063790943614, 0.031262774011, 0.034798663998, 0.04603084467, 0.10301523058, 0.015610187597, 0.25798296505, 0.0961118417],
      [1.4647470964e-66, 0.066765333305, 0.012819528801, 0.34394753437, 0.26181149143, 8.4597356305e-82, 0.19415059242, 0.075418416069, 0.024823232603, 0.020263870999]
    ],
    [
      [0.21594456016, 0.047057496041, 0.0798729131, 0.16427105202, 0.0094409064584, 0.11155001177, 0.16724643094, 0.0082133027774, 0.040359938816, 0.15604338792],
      [4.0013693858e-13, 0.28567280334, 0.066609758961, 1.4543296656e-07, 7.4537474812e-18, 0.039087462453, 0.19876798115, 0.11969319595, 0.038030458251, 0.25213819446],
      [0.29372431306, 0.046501846267, 0.20279045004, 0.023753161198, 0.046857330972, 0.015380255305, 0.020522064837, 0.27068302663, 0.079787551697, 1.4540649072e-40],
      [0.057806771002, 0.27337716925, 0.044679276701, 0.0040593796151, 0.12912655575, 0.0037427705197, 0.062779538447, 0.25485811452, 0.023956218201, 0.145614206],
      [0.25198970414, 0.049414930495, 0.12628523704, 0.026742791089, 0.023983313195, 0.018714386476, 0.087357671324, 0.039221348501, 0.12020344975, 0.25608716799],
      [2.3503542068e-66, 0.12811194874, 0.033817688001, 0.347283056, 0.14027498737, 6.9129122917e-82, 0.13202626431, 0.11855432966, 0.013298790965, 0.086632934947]
    ],
    [
      [0.22214107197, 0.030162586377, 0.033012884489, 0.14543393695, 0.014991396027, 0.25616847901, 0.11544593677, 0.006546176283, 0.052123318093, 0.12397421403],
      [4.8876504263e-13, 0.313926166, 0.050535002121, 1.8798924098e-07, 2.0101179266e-17, 0.10620474881, 0.14891756479, 0.035476931513, 0.087405515762, 0.25753388301],
      [0.32829962251, 0.063218346729, 0.12238195007, 0.039039385772, 0.14875312533, 0.022481757142, 0.023472342813, 0.12873200222, 0.12362146741, 2.0146793007e-40],
      [0.072288059687, 0.067283569068, 0.029867409639, 0.00389805682, 0.47369769589, 0.0085963041836, 0.035511964687, 0.11678906557, 0.030698500227, 0.16136937423],
      [0.31351277668, 0.044470534076, 0.048198203426, 0.038091855336, 0.0718316469, 0.021827826612, 0.11121320112, 0.011865808598, 0.22015669732, 0.11883144993],
      [1.9112983299e-66, 0.029500059521, 0.011793655401, 0.36522566583, 0.30330530024, 9.9909845905e-82, 0.14946020545, 0.066449061222, 0.022647827277, 0.051618225054]
    ],
    [
      [0.072907306278, 0.045748936013, 0.031083849602, 0.14691965297, 0.010932775877, 0.36131069257, 0.17040348372, 0.0047850978049, 0.058687892625, 0.097220312546],
      [1.8045663458e-13, 0.30679602631, 0.029814346433, 1.7014186157e-07, 1.4701301452e-17, 0.10829835072, 0.31255049284, 0.040798122686, 0.068955433069, 0.13278705781],
      [0.18584752867, 0.14855617787, 0.13246357367, 0.044151078524, 0.095391937815, 0.053361667246, 0.053587605761, 0.12614769582, 0.16049273462, 1.4485269713e-40],
      [0.027048910122, 0.23402844728, 0.031516038546, 0.0058946007846, 0.30908724379, 0.018174069498, 0.069741869799, 0.11688942491, 0.04812558011, 0.13949381516],
      [0.12975780242, 0.073600236377, 0.063896246746, 0.036935730142, 0.048438739899, 0.044936474067, 0.215373549, 0.015240944819, 0.22081579001, 0.15100448652],
      [6.3154931868e-67, 0.088966848806, 0.010339679966, 0.31036391452, 0.20910795808, 1.3790108606e-81, 0.27108136331, 0.051426393279, 0.018546204031, 0.040167638003]
    ],
    [
      [0.066049133994, 0.11509566064, 0.088807485003, 0.28739567237, 0.01145104462, 0.15330900223, 0.048962410385, 0.03091356229, 0.1144730721, 0.083542956369],
      [1.1557139817e-13, 0.15160164176, 0.021311594436, 2.1290914069e-07, 2.2501729007e-17, 0.1947880343, 0.20160006707, 0.22512003927, 0.068855642627, 0.13672276762],
      [0.2038635199, 0.054978339585, 0.090446357264, 0.083139685528, 0.04875663046, 0.065592459612, 0.017686792114, 0.18091812302, 0.25461809252, 7.0904580922e-41],
      [0.10174176014, 0.090909929987, 0.13981518618, 0.0050240575414, 0.26210792724, 0.025894344327, 0.035643980724, 0.14876602761, 0.085160601354, 0.1049361849],
      [0.079134845314, 0.041209786482, 0.25493454432, 0.046484674073, 0.019467609783, 0.05206715424, 0.21557081507, 0.023347090082, 0.18206074883, 0.085722731806],
      [9.4468544977e-67, 0.13853407473, 0.019059784923, 0.322344861, 0.1697472552, 4.2802688385e-81, 0.15680287338, 0.13994136407, 0.030612961017, 0.022956825675]
    ],
    [
      [0.11110848666, 0.040718919527, 0.035045840341, 0.19939045728, 0.024315820842, 0.35096941582, 0.13321835825, 0.0044885203912, 0.043485023135, 0.057259157755],
      [4.2853564593e-13, 0.24467078123, 0.056048577068, 1.6913048092e-07, 2.9165646925e-17, 0.24309168943, 0.23216568612, 0.033384523417, 0.099228468076, 0.091410105531],
      [0.28809257565, 0.11299626287, 0.16091258473, 0.047552733003, 0.10353619878, 0.096512398233, 0.027500368342, 0.050513252376, 0.11238362602, 5.3681754716e-41],
      [0.053167062518, 0.12023921257, 0.02790502144, 0.0074888331843, 0.43203426978, 0.019217206847, 0.082531552934, 0.11037937534, 0.061721961877, 0.085315503504],
      [0.16926306667, 0.027953255403, 0.076240437621, 0.04262658008, 0.054542667038, 0.04466474047, 0.18466011729, 0.013638420577, 0.33112269687, 0.055288017988],
      [5.033728971e-67, 0.043259193191, 0.010570099045, 0.4212326167, 0.29332104813, 2.2315037603e-81, 0.14707083605, 0.030133792113, 0.020745605908, 0.033666808858]
    ],
    [
      [0.14810804352, 0.04826862148, 0.131178004, 0.15534360904, 0.011810713848, 0.17355766884, 0.18355207395, 0.0046250303131, 0.091414257979, 0.052141977019],
      [3.0133946532e-13, 0.28059120903, 0.14317818515, 1.7333339765e-07, 1.7985118694e-17, 0.041302312129, 0.30836098265, 0.049319200845, 0.066415469419, 0.11083246745],
      [0.2183547121, 0.084513506509, 0.35228608352, 0.025359475848, 0.047440122849, 0.011739460512, 0.032122328349, 0.087801899955, 0.14038241035, 5.1174296502e-41],
      [0.07427753391, 0.16583410408, 0.14142876502, 0.007428238178, 0.24471944873, 0.0057311284382, 0.069440563886, 0.14901510651, 0.041359504666, 0.10076560658],
      [0.21787136279, 0.056577333257, 0.16757853627, 0.039090263075, 0.03196617209, 0.0172966703, 0.16985640455, 0.011385405091, 0.19379459451, 0.094583258075],
      [1.283107798e-66, 0.088112179815, 0.035987001583, 0.31647640581, 0.15516146144, 6.0219322538e-82, 0.27556411938, 0.075956276836, 0.02237865281, 0.030363902322]
    ],
    [
      [0.2573681586, 0.065942844686, 0.031063258423, 0.10262837349, 0.030022716508, 0.13559869503, 0.23054109359, 0.009942393655, 0.088595362334, 0.048297103682],
      [6.6955099534e-13, 0.3478219481, 0.06510272643, 2.1460316667e-07, 1.41920924e-17, 0.048663459959, 0.2089581941, 0.09505426096, 0.07367277153, 0.16072642432],
      [0.18208004165, 0.11599957974, 0.23285908521, 0.022655810297, 0.13375886826, 0.015589621159, 0.027577512656, 0.16027550521, 0.10920397582, 1.1403057182e-40],
      [0.033953916835, 0.18777200501, 0.026833915674, 0.0061627588577, 0.35418655517, 0.0047092291337, 0.034873970686, 0.19878734661, 0.033052243701, 0.11966805832],
      [0.21884465533, 0.05303383047, 0.14821773341, 0.035831834138, 0.047630973078, 0.0090508263886, 0.13261045913, 0.02377509166, 0.26564648298, 0.065358113423],
      [1.0888285457e-66, 0.079095098836, 0.0058974161397, 0.26971210688, 0.22839530404, 5.6340529755e-82, 0.2704467813, 0.10105462199, 0.016321110237, 0.029077560575]
    ],
    [
      [0.16473991686, 0.041709988294, 0.071927484438, 0.24733275075, 0.0066646859508, 0.24132355652, 0.1178429927, 0.0052799844327, 0.048622574367, 0.054556065697],
      [4.2193565614e-13, 0.3200491858, 0.075402663694, 2.851726992e-07, 1.1558127234e-17, 0.077912057966, 0.27344238856, 0.048888982646, 0.053013354671, 0.15129108149],
      [0.30618235544, 0.096290942777, 0.23089859631, 0.045310190028, 0.047711429308, 0.029600939701, 0.027874138897, 0.10417102571, 0.11196038184, 7.3119847662e-41],
      [0.065712720505, 0.23110989161, 0.084354313024, 0.01045010207, 0.21720590582, 0.012222425981, 0.05991078977, 0.14597321884, 0.046176236505, 0.12688439588],
      [0.26521984161, 0.058128438176, 0.14972254325, 0.053347769856, 0.028488940304, 0.028029042546, 0.15032663217, 0.0137817157, 0.13761012723, 0.11534494916],
      [1.2710852966e-66, 0.068516203024, 0.023521816468, 0.48284160963, 0.12822721841, 9.4010127702e-82, 0.20037436336, 0.051581312457, 0.014390474255, 0.030547002384]
    ],
    [
      [0.12533900306, 0.040924325641, 0.032430469282, 0.33522052895, 0.0091201866334, 0.23371411193, 0.091442885472, 0.0044359708257, 0.025879114276, 0.10149340394],
      [3.7492704285e-13, 0.38361894899, 0.036571951505, 3.9083458215e-07, 1.2313853859e-17, 0.12643500443, 0.21330701197, 0.069418278487, 0.03859483663, 0.13205357715],
      [0.24536763266, 0.12541665233, 0.15399313039, 0.079097196411, 0.075524522551, 0.038959904806, 0.02598452947, 0.14519421108, 0.1104622203, 1.1286246398e-40],
      [0.04174734976, 0.29485459841, 0.035491081952, 0.007657234156, 0.2551012959, 0.01467660969, 0.034280724317, 0.1460329848, 0.022968204655, 0.14718991636],
      [0.21714084387, 0.089105474762, 0.082737287761, 0.086324897719, 0.032814832591, 0.044107782105, 0.13699094061, 0.021680278575, 0.14582333634, 0.14327432568],
      [6.3790198017e-67, 0.077212991383, 0.010338416015, 0.59033070582, 0.11515015574, 1.1650280901e-81, 0.12881639627, 0.041726241255, 0.010202193099, 0.026222900412]
    ],
    [
      [0.14160350804, 0.040585638646, 0.061449990878, 0.17947751253, 0.014108317228, 0.14183520038, 0.20259163533, 0.017388079779, 0.12593418316, 0.075025934026],
      [4.1547134192e-13, 0.29105989708, 0.061134897271, 4.9780978098e-07, 1.7465139906e-17, 0.042297384677, 0.23336040321, 0.16801880473, 0.088930284662, 0.11519783056],
      [0.19846333848, 0.051918451377, 0.10502365422, 0.041059863365, 0.090641603267, 0.012177803873, 0.021657664043, 0.34718190268, 0.13187571869, 5.1593735288e-41],
      [0.05938414498, 0.18348038937, 0.041874782452, 0.010444571372, 0.24385700425, 0.0075246206679, 0.068198525666, 0.24894585372, 0.049310449342, 0.086979658178],
      [0.16710398612, 0.066656331537, 0.081400260231, 0.083267268096, 0.089537478889, 0.010667877845, 0.11317228301, 0.049303755714, 0.22198631668, 0.11690444188],
      [1.2042533778e-66, 0.017580763321, 0.011433192842, 0.48344836105, 0.24126469888, 4.489358287e-82, 0.094276040395, 0.11475630208, 0.014630291524, 0.022610349917]
    ],
    [
      [0.072416831424, 0.055900670887, 0.031748356915, 0.14016575318, 0.0062557928776, 0.23787769984, 0.17341987585, 0.0066214010088, 0.074490906599, 0.20110271141],
      [2.0583166752e-13, 0.34822139151, 0.040032497167, 2.4731163056e-07, 1.2522099981e-17, 0.098568754054, 0.094276227889, 0.035780692439, 0.12646500615, 0.25665518348],
      [0.2877938843, 0.12494798876, 0.084402726705, 0.049579076018, 0.043396284368, 0.035877911909, 0.03605576784, 0.072549301259, 0.26539705884, 1.4927423796e-40],
      [0.046859382507, 0.23712212959, 0.038575243188, 0.0066381371554, 0.22046515957, 0.0085014240305, 0.036760172354, 0.14688632424, 0.049341228171, 0.20885079919],
      [0.072487238727, 0.072636753741, 0.040530706519, 0.045315871909, 0.05480091191, 0.019852977396, 0.14516636798, 0.023790140824, 0.28443675241, 0.24098227858],
      [1.5186801784e-66, 0.13555347018, 0.011744449466, 0.33883982164, 0.1826299808, 1.1324186193e-81, 0.15720812048, 0.067936543945, 0.02066517415, 0.085422439353]
    ],
    [
      [0.12914926969, 0.023008954396, 0.031273444805, 0.34872647832, 0.0080845810074, 0.14701880657, 0.16984067083, 0.0066382984076, 0.043074762794, 0.093184733189],
      [3.7069974676e-13, 0.16984647785, 0.040521668633, 4.7602578133e-07, 1.264058406e-17, 0.072695367967, 0.41678672218, 0.064805659781, 0.066100400877, 0.16924322669],
      [0.29557559203, 0.050221111742, 0.13915549163, 0.096816331333, 0.082834868374, 0.029482619134, 0.054552101237, 0.11731782998, 0.13404405454, 1.34220011e-40],
      [0.047546454346, 0.090421880061, 0.048351894337, 0.018042228418, 0.27472716124, 0.012239443447, 0.10737027705, 0.18770886174, 0.04813907135, 0.16545272801],
      [0.16489605982, 0.033294544579, 0.077983220784, 0.079933246939, 0.038769550003, 0.027987624566, 0.18570534041, 0.018730533868, 0.21443308984, 0.15826678919],
      [9.2062619142e-67, 0.03772250911, 0.0079124689107, 0.57236369234, 0.13093224177, 6.1457667908e-82, 0.15259942453, 0.057979164618, 0.014171990208, 0.026318508516]
    ],
    [
      [0.10367935103, 0.040144284613, 0.015479687938, 0.23785883104, 0.014883847596, 0.36824779203, 0.087158019636, 0.0082191298246, 0.045430814099, 0.078898242202],
      [2.3280726792e-13, 0.35904131088, 0.021276852225, 3.5616071695e-07, 1.4462746203e-17, 0.11911054115, 0.20957141795, 0.068972776077, 0.066515670179, 0.15551107538],
      [0.14090698093, 0.1244239264, 0.084945461677, 0.08536462609, 0.10784903448, 0.04655128041, 0.028256544338, 0.25220197255, 0.12950017313, 9.7218532457e-41],
      [0.038220759722, 0.1889709599, 0.023582911884, 0.0092992150527, 0.30519805717, 0.01572323247, 0.037690783741, 0.24420704336, 0.044028753681, 0.093078283029],
      [0.17679120624, 0.065854156427, 0.047429048354, 0.084259529116, 0.054168154221, 0.049678701379, 0.13693186952, 0.030717695287, 0.21612475019, 0.13804488927],
      [7.5597001418e-67, 0.055909200987, 0.0089949795535, 0.47173908167, 0.19170561614, 1.1726631005e-81, 0.13758757853, 0.094110084184, 0.012540935273, 0.027412523665]
    ],
    [
      [0.14094288293, 0.0182663344, 0.04571669231, 0.16811334513, 0.010342703392, 0.36620666442, 0.10148915038, 0.0066613957096, 0.052505150671, 0.089755680661],
      [4.1856285341e-13, 0.1795737301, 0.059408028718, 2.4226263614e-07, 1.7672457169e-17, 0.14211263781, 0.27562175855, 0.07456797637, 0.071950670279, 0.19676495591],
      [0.2946009373, 0.051516884504, 0.18407666733, 0.041852766796, 0.079769955074, 0.048379488265, 0.025470397035, 0.149936776, 0.1243961277, 1.1097102802e-40],
      [0.057602608151, 0.1078705665, 0.054827797518, 0.0079937688916, 0.31810378147, 0.020819877716, 0.049100751864, 0.18048040857, 0.045499065993, 0.15770137333],
      [0.23611341669, 0.032065179275, 0.099721727188, 0.044611783028, 0.046205900493, 0.04931551451, 0.13265624348, 0.020125473704, 0.18627614377, 0.15290861786],
      [1.2047803089e-66, 0.042681617874, 0.017416957917, 0.40827423623, 0.20526125715, 1.6756278374e-81, 0.18220468509, 0.080747422886, 0.019431122416, 0.043982700437]
    ],
    [
      [0.11504859601, 0.033714479976, 0.060311295144, 0.27091627931, 0.010489455865, 0.18405827071, 0.095024420673, 0.0039198099306, 0.11412068405, 0.11239670833],
      [4.2877002023e-13, 0.31530041212, 0.077763276354, 3.9256774443e-07, 8.1477897767e-18, 0.062988255338, 0.15507848538, 0.038199477663, 0.14939739942, 0.20127230116],
      [0.20622154232, 0.074327244426, 0.21369449288, 0.06307239103, 0.051400311719, 0.028182205213, 0.020621755986, 0.09980120559, 0.24267885084, 1.4948203112e-40],
      [0.038769694246, 0.1593864383, 0.093560624986, 0.012834728266, 0.19813826317, 0.0085575603261, 0.044798156916, 0.095799533098, 0.12673175674, 0.22142324395],
      [0.15744125146, 0.042313566673, 0.14204411606, 0.048501592401, 0.028254518798, 0.018862751358, 0.10317437818, 0.0091214316076, 0.2666020162, 0.18368437726],
      [8.2138237252e-67, 0.041100443533, 0.018767716661, 0.61857543323, 0.081584288672, 4.7298139696e-82, 0.10781397089, 0.046766212371, 0.038908198661, 0.046483735983]
    ],
    [
      [0.091443738464, 0.014704464585, 0.029356900986, 0.18336083193, 0.0089659943701, 0.4700404629, 0.082079057791, 0.0079287023166, 0.021953159948, 0.090166686707],
      [2.4925990152e-13, 0.16019159073, 0.045225131547, 2.8191068425e-07, 1.3220903876e-17, 0.19200867225, 0.24954506615, 0.068373564883, 0.025765617611, 0.25889007491],
      [0.3881421954, 0.034520305098, 0.13024233966, 0.050418871456, 0.067719951066, 0.047310068523, 0.035239011052, 0.15140640302, 0.09500085472, 1.5781545891e-40],
      [0.051553184814, 0.12813680778, 0.038298878043, 0.0079451326007, 0.2292446359, 0.01844579553, 0.052687778653, 0.19601074816, 0.026066666481, 0.25161037205],
      [0.21542864398, 0.016764100734, 0.059111200719, 0.064514336625, 0.059926184839, 0.045947364146, 0.15200980143, 0.020833719878, 0.11497100441, 0.25049364323],
      [8.287911161e-67, 0.025208908125, 0.0096041026536, 0.6161087978, 0.12726638244, 1.2359863187e-81, 0.12643915193, 0.045135430202, 0.0076394531106, 0.042597773737]
    ],
    [
      [0.067385287509, 0.041447588668, 0.051762354269, 0.34092580221, 0.016350973112, 0.22012548983, 0.082522052975, 0.016255909747, 0.067551659802, 0.09567288188],
      [1.5295511467e-13, 0.36220679039, 0.04033862914, 3.7280790858e-07, 1.8858990177e-17, 0.070148993221, 0.2029431599, 0.14780231494, 0.058720138619, 0.11783960099],
      [0.16158486879, 0.085445053471, 0.13318912988, 0.072239706596, 0.10519086795, 0.033944060264, 0.021646209536, 0.29186152332, 0.094898580187, 1.2590138134e-40],
      [0.022122644494, 0.17198004091, 0.036693669947, 0.0070026605437, 0.26806612209, 0.0092289740151, 0.037665091188, 0.33485926686, 0.023883905166, 0.088497624783],
      [0.14242681353, 0.083371120145, 0.092672508971, 0.083596445284, 0.064253184639, 0.040507185803, 0.15098606538, 0.052908944102, 0.18028828176, 0.10898945039],
      [4.3974065378e-67, 0.040967249472, 0.0084710743442, 0.55011463146, 0.15663428977, 7.5871179394e-82, 0.083975029762, 0.11661247123, 0.011907001608, 0.031318252364]
    ],
    [
      [0.16495428406, 0.05289364806, 0.082141156743, 0.17006393259, 0.014554724698, 0.26216344538, 0.14799265652, 0.0040024358403, 0.030769584556, 0.070464131551],
      [3.2868085505e-13, 0.43267905821, 0.055597270385, 1.7496646945e-07, 1.7023146426e-17, 0.064478893189, 0.26783933185, 0.033981552137, 0.03327420319, 0.11214951607],
      [0.2645734793, 0.13341082164, 0.24540760061, 0.035485479374, 0.10468110182, 0.031033287154, 0.037067157623, 0.086997435032, 0.061343637445, 8.747883075e-41],
      [0.048777980759, 0.29177537895, 0.071571376757, 0.0062255489002, 0.299341749, 0.011542070102, 0.062171912159, 0.080657436481, 0.024095795541, 0.10384075136],
      [0.23720050246, 0.099914072371, 0.14905453273, 0.037973174789, 0.05461718167, 0.029564735218, 0.16201266533, 0.01095310405, 0.1040247647, 0.11468526668],
      [1.1742769789e-66, 0.11706162835, 0.023382230918, 0.3311945682, 0.23466926452, 9.0087859717e-82, 0.21568181422, 0.044841057228, 0.0083245155904, 0.024844920968]
    ],
    [
      [0.13672903663, 0.023378886862, 0.048191400902, 0.2212472908, 0.010791091133, 0.1892880768, 0.20545813314, 0.0051594075433, 0.042540218278, 0.11721645791],
      [3.4318161459e-13, 0.17739231262, 0.046187376972, 3.0144215763e-07, 1.4827280754e-17, 0.064075906023, 0.43278625465, 0.047942150688, 0.048285282966, 0.18333041463],
      [0.2925517956, 0.060420993946, 0.19915327255, 0.063054853087, 0.078899427149, 0.022312952126, 0.047041550367, 0.13734832044, 0.099216834736, 1.2919396424e-40],
      [0.058209509815, 0.12840964649, 0.051003849586, 0.010052071851, 0.30940075752, 0.0114678554, 0.097109666658, 0.14295101179, 0.033400768001, 0.15799486288],
      [0.20087236518, 0.033630041223, 0.10922905929, 0.053876393455, 0.041286867802, 0.024338978646, 0.23961791121, 0.014492021159, 0.12760598254, 0.15505037949],
      [8.4424415983e-67, 0.034936513839, 0.014424022577, 0.43577502671, 0.14095778065, 7.3536828521e-82, 0.27121625243, 0.056327180298, 0.0099602092986, 0.036403014188]
    ],
    [
      [0.1672449347, 0.03975537097, 0.020797154377, 0.23649645172, 0.0068828896603, 0.17318416869, 0.094634769002, 0.0078942687473, 0.12773775309, 0.12537223904],
      [4.9868918731e-13, 0.24977068328, 0.027717373417, 2.9401902644e-07, 1.0576085447e-17, 0.052412535636, 0.26248510703, 0.075474979973, 0.13876934304, 0.19336968361],
      [0.35115409456, 0.085981274558, 0.091155192181, 0.045541404401, 0.046167375296, 0.022185527098, 0.023475942594, 0.12720932145, 0.20712986786, 1.2143062165e-40],
      [0.062409982527, 0.17805912641, 0.025618573095, 0.0073649489912, 0.2101923287, 0.0092131087125, 0.043521371897, 0.17993312384, 0.099684624204, 0.18400281162],
      [0.2053703745, 0.040191953533, 0.043851085032, 0.04126475682, 0.021316775466, 0.012542290201, 0.1101931161, 0.017388872967, 0.35703551588, 0.1508452595],
      [1.6097265621e-66, 0.057429405482, 0.010114374988, 0.50328022763, 0.10842181313, 7.1980956931e-82, 0.1609068023, 0.07782772992, 0.039685002435, 0.042334644115]
    ],
    [
      [0.071831822633, 0.034842818647, 0.056608117285, 0.3094911281, 0.01426679696, 0.12242493627, 0.18287433965, 0.0071721160513, 0.095492799143, 0.10499512525],
      [1.8794304162e-13, 0.19986901565, 0.049522115059, 3.010128529e-07, 1.780582526e-17, 0.035450275455, 0.40688054047, 0.065347154831, 0.094832040238, 0.14809855728],
      [0.17592676837, 0.083906628588, 0.19199760104, 0.060817882887, 0.076462478894, 0.011633428995, 0.03858226305, 0.15802788666, 0.20264506151, 9.3690055621e-41],
      [0.025665955068, 0.15581816564, 0.044160011785, 0.012367515859, 0.35252206173, 0.0039923786671, 0.07899337651, 0.15330672264, 0.049270046251, 0.12390376585],
      [0.11871943755, 0.051785220171, 0.11393648566, 0.069667687525, 0.067148174287, 0.014051075176, 0.19078522038, 0.019013484875, 0.2153280661, 0.13956514827],
      [4.5885266975e-67, 0.041578066528, 0.0089974791551, 0.47070501738, 0.20319510001, 3.1038375782e-82, 0.19092195099, 0.040580103349, 0.020864234779, 0.023158047802]
    ],
    [
      [0.13392128174, 0.06874104248, 0.036058054807, 0.20814141785, 0.0073310785188, 0.236457326, 0.081344793846, 0.0064135998846, 0.091853780608, 0.12973762427],
      [3.1938602156e-13, 0.43658333615, 0.03439316861, 2.3977570021e-07, 1.0721294901e-17, 0.059701982526, 0.10137696579, 0.061374469994, 0.10547581231, 0.20109402485],
      [0.24001396054, 0.1375369097, 0.12763658708, 0.040228556112, 0.085858956153, 0.027009556762, 0.019744069643, 0.1527864555, 0.1691849485, 1.3238155897e-40],
      [0.05004126905, 0.23933570317, 0.03345778295, 0.0053520203286, 0.26212101934, 0.0078780496816, 0.025736970049, 0.17512295372, 0.059610487588, 0.14134374412],
      [0.21479826436, 0.099248917408, 0.065747856572, 0.035520789585, 0.036912442569, 0.025433734109, 0.090262701318, 0.02099363475, 0.2306545729, 0.18042708643],
      [1.1435514633e-66, 0.13302512248, 0.011763957521, 0.40837422478, 0.1730352101, 9.9682387458e-82, 0.10173628271, 0.09016294643, 0.026693869877, 0.055208386118]
    ],
    [
      [0.13764126109, 0.021237092113, 0.022645838409, 0.222370693, 0.012932203066, 0.18779492578, 0.2168365615, 0.0037035301593, 0.036235517432, 0.13860237745],
      [1.8970795872e-13, 0.13680267027, 0.018900880991, 1.8887423101e-07, 9.4384411315e-18, 0.026843386525, 0.57990711615, 0.037659131412, 0.039216344909, 0.16067028087],
      [0.38033530826, 0.084755911547, 0.17393144713, 0.090734913164, 0.087519785694, 0.021670406684, 0.037573844012, 0.055929887905, 0.067548495605, 2.029275152e-40],
      [0.059404819729, 0.09159600616, 0.051518935289, 0.019246996058, 0.31155690647, 0.010469731553, 0.096800654568, 0.11192114597, 0.041518933979, 0.20596587023],
      [0.12464521889, 0.031650010855, 0.090243102964, 0.064878925858, 0.063394918038, 0.033171054358, 0.20221778128, 0.016976242662, 0.16364632075, 0.20917642434],
      [5.612692029e-67, 0.024665217849, 0.0099088673998, 0.6114127834, 0.083728339063, 4.2829702239e-82, 0.20835734554, 0.012264876634, 0.0086710576323, 0.040991512484]
    ],
    [
      [0.080266891231, 0.034292687917, 0.024123733312, 0.1834602389, 0.0078267710891, 0.45524028114, 0.072503866235, 0.0030410678295, 0.037605350359, 0.10163911199],
