{
  "Z_true": {},
  "V_true": [
    [21, 17, 50, 509, 363],
    [726, 33, 454, 438, 38],
    [342, 266, 6664, 605, 373],
    [234, 141, 156, 15406, 526],
    [79, 1196, 637, 612, 120],
    [117, 65, 245, 526, 225]
  ],
  "p_true": [
    [0.0219, 0.0177, 0.0521, 0.5302, 0.3781],
    [0.4298, 0.0195, 0.2688, 0.2593, 0.0225],
    [0.0415, 0.0322, 0.8078, 0.0733, 0.0452],
    [0.0142, 0.0086, 0.0095, 0.9358, 0.032],
    [0.0299, 0.4523, 0.2409, 0.2315, 0.0454],
    [0.0993, 0.0552, 0.208, 0.4465, 0.191]
  ],
  "Z_est": [
    [
      [0.0369, 0.0245, 0.1419, 0.1233, 0, 0.0326, 0.0622, 0.1063, 0.2324, 0.0437, 0, 0.0027, 0, 0.0034, 0.0024, 0.0318, 0, 0, 0.0721, 0.0032, 0.1016, 0.078, 0.0324, 0.1375, 0.0754, 0.1559, 0.0475, 0.0928, 0.1413, 0.064, 0.1229, 0.0486, 0.019, 0, 0.142, 0.0385, 0.0587, 0.1228, 0.0025, 0.0429, 0.1821, 0.0072, 0.2, 0.0114],
      [0.0015, 0, 0.0099, 0.011, 0, 0, 0.0068, 0, 0, 0, 0, 0.0001, 0, 0.0045, 0.0004, 0.0043, 0, 0, 0.0008, 0.0002, 0.0366, 0.0071, 0.0062, 0.0149, 0, 0.0205, 0.0017, 0.025, 0.0172, 0.0074, 0.0292, 0.0072, 0, 0, 0.0089, 0.0063, 0.0105, 0, 0.0007, 0.0011, 0.0124, 0.0004, 0.0168, 0],
      [0.1624, 0.0706, 0.2823, 0.352, 0, 0.3319, 0.2236, 0.6556, 1.1805, 0.1951, 0, 0.0082, 0, 0.0195, 0.0141, 0.1547, 0, 0, 0.3233, 0.0264, 0.3346, 0.2991, 0.0648, 0.5806, 0.2943, 0.7056, 0.169, 0.3266, 0.4258, 0.3497, 0.3163, 0.2996, 0.0137, 0.1368, 0.6866, 0.1526, 0.2004, 0.3289, 0.013, 0.202, 0.7652, 0.0355, 0.6513, 0.0801],
      [6.7004, 4.4849, 13.2064, 16.5338, 0, 14.1298, 9.3763, 21.2993, 40.872, 7.4368, 0, 0.3673, 0, 0.9969, 0.4275, 4.6426, 0, 0, 15.6858, 0.6117, 16.1234, 11.0212, 3.6674, 21.1781, 13.3364, 28.6728, 5.8962, 13.9499, 17.7433, 12.9321, 15.9594, 13.0259, 1.3138, 2.3817, 35.5171, 6.3111, 8.0845, 16.3477, 0.4949, 7.2959, 32.6993, 1.275, 23.2241, 2.7983],
      [8.0989, 3.42, 8.3595, 19.9799, 0, 14.5057, 5.3312, 30.9387, 43.7152, 9.3244, 0, 0.6218, 0, 0.9757, 0.5556, 8.1665, 0, 0, 15.918, 1.3585, 18.4039, 9.5947, 4.2291, 20.0888, 13.2938, 26.4451, 8.8856, 10.6058, 17.6724, 15.6468, 13.5721, 9.6187, 2.6534, 3.4814, 31.6455, 6.4915, 6.646, 18.2006, 0.4888, 5.458, 36.3411, 0.6818, 23.9079, 2.1102]
    ],
    [
      [8.7438, 12.9163, 15.9226, 42.6106, 0, 6.4416, 14.8955, 22.8688, 54.5835, 12.8514, 0, 3.5986, 0, 1.7096, 1.3932, 4.8059, 0.8952, 0.851, 21.2545, 1.7818, 25.3549, 11.2772, 10.6179, 36.0696, 22.7637, 45.1067, 25.4424, 22.8159, 32.0825, 15.865, 19.8332, 16.6843, 4.8705, 1, 36.1494, 9.2118, 15.3637, 22.3515, 1.8046, 23.4203, 53.352, 13.2673, 75.5031, 8.0975],
      [0.0401, 0, 0.0591, 0.2031, 0, 0, 0.0862, 0, 0.1476, 0.0055, 0, 0.0102, 0, 0.0348, 0.0108, 0.0247, 0.0124, 0, 0, 0.0124, 0.2122, 0.0531, 0.0705, 0.1924, 0.0835, 0.2719, 0.0866, 0.1877, 0.166, 0.0955, 0.1318, 0.1181, 0, 0, 0.2173, 0.0546, 0.1038, 0.0474, 0.0224, 0.076, 0.2684, 0.0356, 0.3555, 0],
      [0.8387, 0.7967, 0.8309, 2.8979, 0, 0.9291, 1.198, 2.6574, 5.7247, 1.035, 0, 0.2269, 0, 0.1475, 0.157, 0.4433, 0.0226, 0.4312, 2.1092, 0.2594, 2.0211, 0.9465, 0.541, 3.3636, 1.9893, 4.3901, 2.1103, 1.8511, 2.305, 1.7716, 1.3569, 1.9762, 0.1356, 0.784, 3.761, 0.8085, 1.1988, 1.522, 0.1773, 2.4644, 5.0018, 1.5388, 5.8688, 0.9705],
      [10.0689, 15.0142, 11.0236, 39.069, 0, 11.3364, 14.6154, 27.4368, 60.873, 11.734, 0, 3.042, 0, 2.0679, 1.3963, 4.5206, 0.0698, 3.526, 28.8954, 1.8472, 26.6275, 10.4932, 8.5223, 36.4972, 25.5215, 52.0189, 21.5029, 22.7172, 27.7423, 19.6568, 18.2951, 24.7748, 2.848, 3.1112, 52.6896, 9.6732, 14.0434, 20.4966, 1.9556, 25.5578, 61.6151, 14.9593, 60.6535, 9.7713],
      [0.3084, 0.2728, 0.1639, 1.2193, 0, 0.293, 0.2049, 1.037, 1.6712, 0.374, 0, 0.1224, 0, 0.0402, 0.0427, 0.2055, 0, 0.1918, 0.7409, 0.0992, 0.7844, 0.23, 0.2483, 0.8773, 0.6421, 1.2123, 0.8578, 0.4281, 0.7042, 0.6111, 0.383, 0.4466, 0.1459, 0.1049, 1.1827, 0.2519, 0.2903, 0.5825, 0.0401, 0.4815, 1.7626, 0.1989, 1.6192, 0.1606]
    ],
    [
      [1.5597, 0.9704, 4.137, 10.7026, 0, 0.4051, 0.8728, 0, 7.2565, 1.7025, 0, 1.5769, 0, 0.0403, 0, 0, 0, 0, 3.7681, 0, 12.2015, 3.61, 7.045, 3.5933, 4.8519, 5.1003, 2.4383, 8.1026, 9.9784, 1.828, 8.7978, 2.7399, 2.317, 0, 6.0251, 3.3878, 5.7631, 5.047, 0.0743, 2.4833, 13.352, 0, 8.9039, 0.2772],
      [0, 0, 0.2255, 0.6322, 0, 0, 0.1793, 0, 0, 0, 0, 0, 0, 0.8142, 0, 0, 0.1367, 0, 0, 0, 7.0386, 1.3984, 3.1754, 0.8572, 0, 1.242, 0, 4.3853, 2.3808, 0.4665, 1.9241, 1.0489, 0, 0, 0, 1.2746, 3.9188, 0, 0.0429, 0, 1.1709, 0, 3.758, 0],
      [74.1177, 29.7567, 48.6016, 135.3305, 2.8428, 34.4162, 39.5903, 623.2765, 515.2543, 81.4555, 17, 36.4173, 48.0379, 9.6333, 53.0977, 125.8056, 3.8633, 21.6124, 189.6255, 81.9994, 319.9279, 291.7152, 121.2944, 207.9371, 167.0829, 283.128, 206.7226, 307.2482, 358.9247, 127.2795, 175.5971, 242.0554, 7.3612, 3.8701, 256.1955, 169.2716, 294.9609, 64.6495, 5.6644, 310.6452, 575.345, 150.0991, 709.5137, 22.8802],
      [0.1738, 9.0013, 0.1117, 0.3634, 1.1572, 0.1511, 0.0715, 0, 0, 0.2067, 0, 0.3798, 0, 0.0404, 0, 0, 0, 0, 13.4583, 0, 1.3375, 0, 2.8107, 0, 1.9605, 0.5879, 0, 0.144, 0, 0, 1.5537, 3.0669, 0.0283, 0, 18.9548, 0.0627, 0, 0.523, 0, 0, 2.6332, 0, 0, 0.053],
      [5.1488, 2.2716, 1.9243, 10.9713, 0, 2.0277, 1.2862, 50.7235, 29.4892, 5.6353, 0, 3.626, 2.9621, 0.4718, 2.9023, 12.1944, 0, 2.3876, 13.1482, 6.0006, 23.4945, 13.2763, 9.6745, 10.6124, 10.1047, 14.9418, 16.8391, 13.1199, 20.7161, 8.426, 9.1273, 10.0889, 1.2934, 0.1299, 15.8246, 10.0033, 13.3572, 4.7805, 0.2185, 11.8715, 38.4988, 3.9009, 38.8244, 0.7896]
    ],
    [
      [1.7353, 0, 5.0812, 5.0525, 0, 0, 4.5379, 8.0769, 0.3029, 0, 1.1767, 0.0398, 0.9645, 0, 0.6706, 3.6433, 0.9223, 0, 0, 0.0487, 0, 4.9047, 0, 6.3865, 0, 4.9794, 7.6571, 2.0481, 8.3677, 2.6682, 0, 0.2754, 0, 0, 0, 1.4302, 4.0554, 0, 0.1018, 2.8142, 6.8699, 1.2667, 29.4552, 0],
      [0, 0, 0.7141, 2.0318, 0, 0, 1.8324, 0, 0, 0, 0, 0, 0, 0.2267, 0.7015, 0.8484, 0.0672, 0, 0, 0, 4.0478, 0.1842, 0, 1.1757, 0, 1.6645, 0, 2.9423, 2.4797, 0.4845, 1.8126, 0.2058, 0, 0, 0, 0.612, 1.3764, 0, 0.6661, 0, 0, 0, 2.7621, 0],
      [1.1694, 0, 0, 0, 0, 0, 0.4245, 14.7931, 28.2516, 2.7047, 0.9025, 0, 1.0622, 0, 2.5742, 3.9293, 0.0803, 0.9456, 0, 0.1663, 0, 1.9911, 0, 9.0289, 0, 3.1364, 7.5652, 0, 0, 6.7008, 0, 0, 0, 2.209, 0, 0.2486, 0.3757, 0, 0.4246, 12.3733, 0, 7.0114, 20.8632, 1.2553],
      [404.842, 284.223, 294.3289, 878.1671, 3, 408.1996, 465.6285, 460.9283, 1259.4429, 286.4842, 1.9208, 53.3472, 7.7441, 30.4507, 20.5262, 109.9447, 1.9302, 15.4937, 822.0668, 6.5411, 519.4846, 185.1437, 128.3071, 606.4152, 344.0659, 815.577, 322.2766, 313.2594, 590.6158, 496.0183, 288.4742, 256.7786, 56.4148, 44.5071, 1036.6305, 169.5676, 215.1473, 482.088, 44.1891, 465.9835, 1367.6475, 202.8866, 1028.405, 100.9255],
      [9.2533, 2.777, 1.8758, 20.7486, 0, 6.8004, 3.5767, 14.2017, 25.0026, 6.8112, 0, 1.6129, 0.2292, 0.3226, 0.5275, 4.6343, 0, 0.5607, 13.9332, 0.244, 11.4676, 2.7763, 2.6929, 9.9937, 5.9341, 12.6427, 10.5011, 3.7502, 10.5368, 12.1282, 3.7132, 2.7401, 2.5852, 1.2839, 14.3695, 3.1416, 3.0452, 9.912, 0.6183, 5.829, 28.4826, 1.8353, 20.5144, 0.8192]
    ],
    [
      [2.3587, 2.5606, 2.9943, 5.0428, 0, 0.6849, 1.4099, 2.7896, 19.8991, 6.0796, 0, 0.6002, 0.364, 0.0216, 0.186, 0.8337, 0, 0, 4.6496, 0.1992, 5.8264, 3.7379, 2.6523, 4.2193, 4.8038, 4.8964, 4.711, 4.0544, 4.4185, 1.6803, 2.7421, 2.5576, 0.1749, 0, 4.4539, 2.9469, 2.6418, 5.4381, 0.0314, 6.6381, 11.3742, 3.3271, 6.8466, 0.5046],
      [22.709, 10.2545, 29.7162, 64.839, 0, 7, 22.7371, 27, 114.8137, 17.4942, 0, 5.7467, 3.8514, 1.7452, 4.9759, 12.815, 0, 1.953, 24.924, 5.3494, 97.6782, 50.4557, 31.6656, 61.2996, 55.1761, 80.5436, 52.2539, 65.421, 57.226, 29.9939, 38.8055, 54.2959, 1.9149, 0, 74.711, 45.6124, 40.2475, 22.3043, 1.6718, 47.9794, 173.5148, 22.5894, 82.5152, 0.9176],
      [4.0215, 1.8965, 4.0687, 8.9976, 0.1572, 2.6334, 2.9892, 6.7089, 26.7226, 5.9901, 0, 0.8596, 0.5936, 0.0623, 0.6357, 2.0468, 0, 2.6779, 4.9845, 1.7206, 11.9175, 8.2664, 3.4386, 10.1076, 9.0699, 12.4858, 9.7353, 8.5723, 8.2398, 4.9203, 4.9705, 8.3015, 0.1663, 0, 11.0167, 6.8249, 5.3723, 4.6495, 0.092, 10.1541, 27.8616, 4.9149, 13.2404, 2.0387],
      [7.541, 5.8769, 8.3112, 18.6881, 0.8428, 6.7826, 5.677, 11.3186, 44.5919, 9.8657, 0, 1.7636, 0.7719, 0.1313, 0.8129, 3.1717, 0, 2.3461, 10.4935, 0, 24.9367, 13.9721, 8.6625, 17.2314, 18.2887, 23.1285, 15.3192, 16.3582, 15.3853, 8.5382, 10.2844, 16.4603, 0.4389, 0, 23.9625, 12.7431, 9.7487, 9.6329, 0.1562, 16.5751, 53.8989, 7.6434, 21.8431, 2.0057],
      [3.3698, 1.4114, 1.9096, 8.4325, 0, 1.8992, 1.1868, 6.1829, 17.9728, 4.5704, 0, 1.03, 0.419, 0.0396, 0.3895, 2.1328, 0, 2.023, 3.9484, 0.7308, 10.6412, 4.5678, 3.581, 6.1422, 6.6615, 7.9457, 8.9806, 4.5942, 5.7304, 3.8673, 3.1974, 4.3847, 0.305, 0, 7.8558, 4.8726, 2.9898, 3.9751, 0.0487, 4.6533, 22.3506, 1.5252, 8.5548, 0.5334]
    ],
    [
      [4.5655, 3.5281, 6.7231, 17.4683, 0, 4.4359, 7.2217, 16.1584, 12.7256, 3.3228, 0.8233, 1.1818, 0.6716, 0.2251, 0.7479, 4.6852, 0.1825, 0.149, 11.2557, 1.9672, 15.5156, 11.3922, 4.6524, 12.5937, 6.5051, 13.7613, 7.7037, 9.8864, 7.0116, 5.8945, 8.504, 8.6942, 1.6185, 0, 14.2296, 4.9847, 8.1174, 9.0407, 0.9853, 11.6012, 27.8697, 5.1316, 37.0912, 1.1093],
      [1.2494, 0.7455, 1.2752, 4.2829, 0, 0, 2.1582, 0, 3.0387, 0.5003, 0, 0.243, 0.1486, 0.1747, 0.3113, 1.3076, 0.7837, 0.047, 3.0753, 0.638, 4.9867, 2.9015, 1.0823, 3.4602, 1.7405, 4.2574, 1.6578, 3.0387, 1.7304, 1.9521, 2.2967, 3.3241, 0.0851, 0, 5.0628, 1.4401, 2.3431, 1.6483, 0.5961, 2.9434, 8.0336, 1.3746, 8.5924, 0.0824],
      [2.6903, 1.4795, 2.2165, 7.422, 0, 3.6895, 3.5745, 8.9085, 7.8664, 1.6196, 0.0975, 0.488, 0.3063, 0.1374, 0.5213, 2.6204, 0.0338, 0.3329, 6.9575, 3.8279, 7.7989, 5.7816, 1.6612, 6.9822, 3.5637, 8.1541, 3.6976, 5.0018, 3.1046, 3.9781, 3.7592, 6.3673, 0.3232, 0, 9.3401, 2.6938, 3.8919, 3.85, 0.6287, 7.1611, 16.0265, 3.4002, 16.8626, 0.7751],
      [5.6739, 4.3998, 5.0182, 17.1786, 0, 8.4006, 7.6313, 17.017, 15.2202, 3.2726, 0.0792, 1.1002, 0.4839, 0.3127, 0.8371, 4.7204, 0, 0.6343, 16.4003, 0, 17.4904, 11.3697, 4.03, 13.6781, 7.8269, 17.0148, 7.0051, 10.5713, 6.5133, 7.8546, 8.4332, 13.8934, 0.9562, 0, 22.2455, 5.6422, 7.9762, 8.9117, 1.2041, 13.5877, 34.506, 6.2357, 31.8745, 1.4461],
      [3.8208, 1.8471, 1.767, 11.6483, 0, 4.474, 2.4143, 13.9162, 9.1491, 2.2846, 0, 0.9869, 0.3897, 0.1501, 0.5825, 4.6665, 0, 0.8369, 9.3112, 2.5668, 11.2084, 5.555, 2.5742, 7.2856, 4.3638, 8.8124, 5.9358, 4.5018, 3.6401, 5.3207, 4.007, 5.7211, 1.017, 0, 11.122, 3.2392, 3.6715, 5.5493, 0.5857, 5.7067, 21.5643, 1.8579, 18.5794, 0.587]
    ]
  ],
  "V_est": [
    [2.8442, 0.2696, 11.4323, 468.0211, 477.4328],
    [776.4289, 3.4971, 69.5596, 818.2807, 21.2337],
    [150.9097, 36.0703, 7551.1038, 58.8314, 453.0848],
    [115.5332, 26.8358, 130.1874, 15896.019, 294.4246],
    [141.3515, 1566.7176, 264.1236, 486.2008, 185.6064],
    [331.9325, 84.6096, 179.5932, 368.647, 213.2177]
  ],
  "p_est": [
    [0.003, 0.0003, 0.0119, 0.4875, 0.4973],
    [0.4597, 0.0021, 0.0412, 0.4845, 0.0126],
    [0.0183, 0.0044, 0.9153, 0.0071, 0.0549],
    [0.007, 0.0016, 0.0079, 0.9656, 0.0179],
    [0.0535, 0.5926, 0.0999, 0.1839, 0.0702],
    [0.2818, 0.0718, 0.1525, 0.3129, 0.181]
  ],
  "EI_Z": {},
  "EI_V": 8.7723,
  "MAE_Z": {},
  "MAE_V": 182.3712,
  "MAE_p": 0.0606,
  "runtime": 0.007
}
