{
  "X": [
    [19, 24, 83, 435, 30],
    [20, 11, 34, 323, 12],
    [35, 32, 56, 332, 16],
    [81, 72, 155, 970, 73],
    [0, 0, 3, 5, 0],
    [12, 7, 42, 449, 30],
    [29, 27, 48, 503, 14],
    [50, 27, 657, 538, 117],
    [95, 118, 585, 1421, 127],
    [24, 18, 93, 319, 29],
    [2, 0, 18, 2, 0],
    [7, 6, 38, 60, 8],
    [2, 4, 50, 9, 4],
    [2, 3, 10, 34, 2],
    [3, 6, 57, 24, 5],
    [14, 15, 135, 127, 32],
    [2, 1, 4, 2, 0],
    [1, 2, 26, 22, 6],
    [41, 28, 204, 907, 57],
    [4, 6, 88, 9, 11],
    [59, 114, 342, 606, 76],
    [35, 55, 309, 232, 36],
    [25, 36, 127, 156, 23],
    [63, 67, 238, 695, 55],
    [39, 57, 182, 411, 41],
    [74, 88, 312, 937, 72],
    [48, 54, 230, 372, 52],
    [47, 76, 323, 377, 37],
    [62, 64, 373, 658, 59],
    [28, 33, 145, 545, 46],
    [40, 45, 186, 343, 34],
    [31, 59, 259, 328, 33],
    [9, 2, 8, 62, 8],
    [1, 0, 7, 50, 5],
    [61, 80, 281, 1190, 82],
    [22, 49, 180, 204, 28],
    [36, 48, 306, 255, 30],
    [42, 24, 75, 538, 43],
    [3, 3, 7, 48, 2],
    [47, 51, 343, 529, 34],
    [113, 183, 625, 1553, 149],
    [23, 24, 167, 233, 10],
    [158, 98, 767, 1166, 112],
    [10, 1, 28, 117, 5]
  ],
  "W": [
    [15, 20, 81, 417, 40, 18],
    [8, 29, 42, 287, 22, 12],
    [22, 28, 55, 302, 47, 17],
    [37, 86, 158, 906, 106, 58],
    [0, 0, 4, 3, 1, 0],
    [29, 19, 37, 415, 19, 21],
    [15, 31, 42, 476, 34, 23],
    [53, 54, 674, 498, 54, 56],
    [86, 123, 552, 1313, 224, 48],
    [17, 26, 89, 296, 44, 11],
    [0, 0, 17, 4, 0, 1],
    [1, 7, 42, 55, 10, 4],
    [0, 0, 51, 10, 6, 2],
    [2, 4, 11, 31, 2, 1],
    [1, 3, 56, 25, 7, 3],
    [13, 10, 138, 123, 21, 18],
    [0, 1, 4, 3, 0, 1],
    [0, 5, 24, 17, 9, 2],
    [32, 53, 220, 836, 49, 47],
    [2, 4, 88, 7, 8, 9],
    [35, 55, 364, 535, 151, 57],
    [21, 23, 310, 195, 81, 37],
    [8, 20, 144, 131, 50, 14],
    [42, 77, 223, 633, 99, 44],
    [27, 51, 184, 350, 94, 24],
    [56, 103, 305, 838, 129, 52],
    [15, 50, 226, 348, 91, 26],
    [25, 48, 333, 322, 99, 33],
    [36, 63, 392, 612, 91, 22],
    [29, 38, 138, 518, 49, 25],
    [30, 40, 197, 294, 60, 27],
    [23, 44, 259, 260, 86, 38],
    [4, 8, 11, 59, 3, 4],
    [6, 5, 4, 48, 0, 0],
    [68, 94, 297, 1051, 122, 62],
    [13, 20, 184, 175, 73, 18],
    [15, 31, 318, 224, 61, 26],
    [35, 45, 75, 492, 46, 29],
    [1, 4, 6, 46, 2, 4],
    [13, 52, 325, 487, 86, 41],
    [70, 122, 631, 1403, 289, 108],
    [2, 30, 154, 213, 40, 18],
    [48, 144, 761, 1102, 133, 113],
    [5, 19, 24, 103, 6, 4]
  ],
  "method": "mult",
  "cond_prob": [
    [
      [0.00017101678978, 0, 0.0056486915811, 0.41470362704, 0.57947666459],
      [0.43811234985, 0.00056955758073, 0.061841804613, 0.49477796934, 0.0046983186191],
      [0.016420956609, 0, 0.92136283108, 0.00038920040535, 0.061827011901],
      [0.0034789907697, 0, 0.0015859357953, 0.97510669578, 0.019828377656],
      [0.066888601781, 0.56144786458, 0.084567506268, 0.19101332702, 0.09608270035],
      [0.2654892802, 0.085038570287, 0.16688937438, 0.25512976413, 0.22745301101]
    ],
    [
      [0.00028489360995, 0, 0.0039655096754, 0.52435966063, 0.47138993609],
      [0.44681644372, 0, 0.041631637828, 0.50895139652, 0.002600521928],
      [0.021735154571, 0, 0.70276125716, 0.22187952746, 0.053624060809],
      [0, 0, 0, 0.99226711476, 0.0077328852373],
      [0.10837258341, 0.45786960287, 0.071596108158, 0.28773417438, 0.074427531187],
      [0.31191422135, 0.077239061412, 0.13915593711, 0.30131485745, 0.17037592268]
    ],
    [
      [0.0015316989267, 0.00016521070287, 0.0066347900079, 0.57865567267, 0.41301262769],
      [0.56644273837, 0.00080000438435, 0.044311052504, 0.38713222162, 0.0013139831288],
      [0.079375588651, 0.0017759120046, 0.88536438586, 0.00046806986277, 0.033016043625],
      [0.014815322119, 0.0019992776776, 0, 0.97963672066, 0.0035486795475],
      [0.069085759602, 0.63212455076, 0.073046071985, 0.18032075815, 0.045422859507],
      [0.41288179954, 0.091920843369, 0.14618344379, 0.23992728722, 0.10908662609]
    ],
    [
      [0.00050367041525, 0.00010270196376, 0.0047354192393, 0.41667973498, 0.5779784734],
      [0.49569628352, 0.00090502264016, 0.050174770399, 0.44879851188, 0.0044254115609],
      [0.077356502718, 0.0017701108218, 0.85268090676, 0.00063554679891, 0.067556932903],
      [0.0027613931372, 0.0021736659221, 0, 0.97458334717, 0.020481593769],
      [0.051445766655, 0.60801354703, 0.070996551152, 0.17913379673, 0.090410338439],
      [0.3133462575, 0.089998504487, 0.14242313007, 0.2400873517, 0.21414475625]
    ],
    [
      [1.1102230246e-16, 0, 0.0056477262684, 0.99435227373, -0],
      [0, 0, 0.05017077353, 0.94982922647, 0],
      [0, 0, 0.7180791495, 0.2819208505, 0],
      [0, 0, 0, 1, 0],
      [0, 0, 0.12768340199, 0.87231659801, 0],
      [1.1102230246e-16, 0, 0.23556876165, 0.76443123835, 0]
    ],
    [
      [0, 0, 0.0054448634005, 0.45942744421, 0.53512769239],
      [0.33897365102, 0, 0.072497095277, 0.58405657282, 0.0044726808836],
      [0.010171193348, 0, 0.91938924034, 0.018610621379, 0.051828944935],
      [0, 0, 0, 0.98667263512, 0.013327364881],
      [0.039607438766, 0.36842105263, 0.11847933408, 0.36039751883, 0.11309465569],
      [0.21098214953, 0, 0.19981642434, 0.36067808625, 0.22852333988]
    ],
    [
      [0.0005051844644, 0.00012511385445, 0.0079814263466, 0.59643229723, 0.3949559781],
      [0.47844811897, 0.0010236166606, 0.057233827621, 0.46143736061, 0.0018570761387],
      [0.027128018426, 0.0017724092808, 0.94113902093, 0.00025902364804, 0.029701527717],
      [0.0082483606838, 0.0032458738612, 0, 0.98265366121, 0.0058521042418],
      [0.045396344722, 0.66820023633, 0.075081137645, 0.17086067166, 0.040461609636],
      [0.32832427674, 0.11426547794, 0.17501879955, 0.26894229546, 0.11344915032]
    ],
    [
      [6.2448684411e-05, 0, 0.0069606279506, 0.3756486104, 0.61732831296],
      [0.42389984445, 0, 0.068500897616, 0.50162256132, 0.0059766966132],
      [0, 0, 0.92613830379, 0, 0.07386169621],
      [0.012929498286, 0, 0.026917748282, 0.93498870221, 0.025164051217],
      [0.057595953573, 0.5, 0.10209383152, 0.21254941227, 0.12776080264],
      [0.31351833893, 0, 0.17494135618, 0.24823148879, 0.2633088161]
    ],
    [
      [0.00023133009161, 0, 0.0078076152481, 0.44728148643, 0.54467956823],
      [0.44366486821, 0, 0.067216561824, 0.48509182233, 0.0040267476415],
      [0.0088453040985, 0, 0.93966507122, 0, 0.051489624678],
      [0.00022481973594, 0, 0.019907130389, 0.96363448676, 0.016233563111],
      [0.097532061861, 0.50998081342, 0.10031271718, 0.20192952211, 0.090244885432],
      [0.27884059979, 0.078422870719, 0.18245162126, 0.25798341556, 0.20230149268]
    ],
    [
      [0, 0, 0.0059839757568, 0.40855448066, 0.58546154358],
      [0.49422922729, 0, 0.058192844235, 0.44321121182, 0.0043667166478],
      [0.016792319053, 0, 0.92172777125, 0.00035847872271, 0.06112143097],
      [0, 0, 0.0074744888603, 0.97251840903, 0.020007102109],
      [0.1401491032, 0.39503037684, 0.12120897421, 0.22672100868, 0.11689053708],
      [0.31717846853, 0.056242129019, 0.16416756842, 0.24163675091, 0.22077508311]
    ],
    [
      [0.0044011600268, 0, 0.027362029368, 0.96823681061, 0],
      [0.94241359408, 0, 0.011899767289, 0.045686638634, 0],
      [0, 0, 1, 0, 0],
      [0.28924777576, 0, 0.22524377905, 0.4855084452, 0],
      [0.45997129226, 0, 0.26945907565, 0.2705696321, 0],
      [0.84300889698, 0, 0.099024883806, 0.057966219215, 0]
    ],
    [
      [0.00035162898056, 0, 0.003913379176, 0.33345812309, 0.66227686875],
      [0.51607133675, 0.00032825170403, 0.048006091961, 0.42998349182, 0.0056108277676],
      [0.035968733185, 0, 0.86729550521, 0.010768083072, 0.085967678532],
      [0, 0, 0, 0.97357271273, 0.026427287269],
      [0.065188492488, 0.56995528705, 0.070027394509, 0.17735542073, 0.11747340522],
      [0.30614432378, 0.074537341881, 0.13333970329, 0.22108613441, 0.26489249664]
    ],
    [
      [0.00036200847644, 1.4887602495e-05, 0.006117358203, 0.3585681292, 0.63493761651],
      [0.58668874291, 0.00066416361384, 0.055615983194, 0.35337787946, 0.0036532308246],
      [0, 0, 0.94268264027, 0, 0.057317359726],
      [0.086437720249, 0, 0.11059130667, 0.78326165034, 0.019709322745],
      [0.073409552111, 0.63629298956, 0.081359627944, 0.1304030779, 0.078534752478],
      [0.34758274242, 0.091121031312, 0.16455725585, 0.19248251459, 0.20425645583]
    ],
    [
      [0, 0.0018407262983, 0.0039077496873, 0.46128257687, 0.53296894715],
      [0.42998798882, 0.0053046376416, 0.054612889128, 0.50743108602, 0.0026633983916],
      [0.0022057181275, 0.082548033381, 0.87051431658, 0.0025977989981, 0.042134132918],
      [0, 0.003276010455, 0, 0.98842349835, 0.0083004911973],
      [0.011676780907, 0.87548700301, 0.024990946372, 0.065531474549, 0.022313795163],
      [0.23243158351, 0.21454129952, 0.14809356904, 0.24694331533, 0.1579902326]
    ],
    [
      [0.0002070519831, 0.00015825077757, 0.0075553844722, 0.39631738062, 0.59576193215],
      [0.46279584548, 0.0014657759712, 0.074121742674, 0.45729781919, 0.0043188166808],
      [0, 0, 0.94863993214, 0, 0.05136006786],
      [0.025492487831, 0.024218104791, 0.10225868497, 0.82960242387, 0.018428298543],
      [0.028733393256, 0.71539265473, 0.075276337426, 0.1177077982, 0.062889816388],
      [0.25765315433, 0.12741440614, 0.18761390051, 0.22259132589, 0.20472721313]
    ],
    [
      [0.00030808289898, 0.00017857204279, 0.0068404376815, 0.3339183118, 0.65875459558],
      [0.47977224942, 0.0008915539032, 0.063653082095, 0.44908857535, 0.0065945392296],
      [0, 0, 0.91341557778, 0, 0.086584422217],
      [0.028009645389, 0.0049506313236, 0.029796617448, 0.9032700822, 0.033973023636],
      [0.042859981431, 0.60869850138, 0.080837995685, 0.15449601332, 0.11310750818],
      [0.26961257973, 0.088731491256, 0.15892288331, 0.2123077668, 0.2704252789]
    ],
    [
      [0.0028535087838, 0.0005267785489, 0.021454586997, 0.97516512567, 0],
      [0.8971040975, 0.0040278569403, 0.027697511167, 0.071170534392, 0],
      [0.0076160381639, 0.015404866242, 0.97697909559, 0, 0],
      [0.33660246749, 0.004139157634, 0.016315219673, 0.6429431552, 0],
      [0, 1, 0, 0, 0],
      [0.062624347373, 0.92193520519, 0.015440447437, 0, 0]
    ],
    [
      [4.586273997e-05, 2.6800661856e-06, 0.0034053219105, 0.24339525999, 0.75315087529],
      [0.16887387863, 0, 0.11706506101, 0.70353378931, 0.01052727105],
      [0, 0, 0.9038451114, 0, 0.096154888602],
      [0, 0, 0.054926165601, 0.9180404357, 0.027033398697],
      [0, 0.21561327632, 0.26904875443, 0.26223249751, 0.25310547174],
      [0.077815303418, 0.02974025655, 0.18360420816, 0.25777558448, 0.4510646474]
    ],
    [
      [0.00015399028463, 0, 0.004753721778, 0.45734946879, 0.53774281915],
      [0.40197090259, 0, 0.058627291246, 0.53523106119, 0.0041707449775],
      [0.014706039357, 0, 0.85822298055, 0.068329815675, 0.058741164414],
      [0, 0, 0, 0.98564042738, 0.014359572618],
      [0.093196610496, 0.49401727529, 0.084756519652, 0.23555399629, 0.092475598265],
      [0.25295004044, 0.080705393842, 0.16550019749, 0.28569081272, 0.2151535555]
    ],
    [
      [0, 0, 0.0070256256881, 0.29136040625, 0.70161396806],
      [0.43280477911, 0.00084207713888, 0.090801953063, 0.46835040462, 0.0072007860612],
      [0, 0, 0.9327595907, 0, 0.067240409296],
      [0.005995308982, 0, 0.030796073604, 0.93483965272, 0.028368964698],
      [0.02678825118, 0.66738917156, 0.2038527232, 0, 0.10196985406],
      [0.22361196791, 0.073057590993, 0.41038918373, 0, 0.29294125736]
    ],
    [
      [0.00036085212174, 0.00081593874903, 0.0043653051748, 0.43581762059, 0.55864028336],
      [0.45912063107, 0.0021016951357, 0.05450684771, 0.47993616655, 0.0043346595322],
      [0.031095062745, 0.02367408449, 0.88027696971, 0.0027905459393, 0.062163337115],
      [0, 0.0028233768648, 0, 0.97862919141, 0.01854743173],
      [0.041562699446, 0.64641770518, 0.064667862739, 0.16870590354, 0.078645829102],
      [0.28317833354, 0.10734915882, 0.15199427099, 0.25075309756, 0.2067251391]
    ],
    [
      [0.00047294882904, 8.1527643915e-05, 0.0076523655473, 0.50391070248, 0.4878824555],
      [0.48494150521, 0.00078731259197, 0.059204338026, 0.4522612231, 0.0028056210642],
      [0.011901657769, 0.0022303891463, 0.94536286766, 0, 0.040505085427],
      [0.021852321617, 0.00060336280798, 0.0058959874945, 0.9601942415, 0.011454086581],
      [0.049751211416, 0.62459505394, 0.084849127837, 0.17810375005, 0.062700856755],
      [0.32042834341, 0.096727134534, 0.17277336916, 0.25274557486, 0.15732557803]
    ],
    [
      [0.00079339118514, 0.00059956585724, 0.0031915559327, 0.43238643094, 0.56302905608],
      [0.5299251141, 0.0021633715035, 0.041453613237, 0.42266668832, 0.0037912128417],
      [0.046634279544, 0.020752002472, 0.84439481084, 0.023038068212, 0.065180838928],
      [0, 0, 0, 0.98225535342, 0.017744646584],
      [0.056879419502, 0.63265819897, 0.054306192883, 0.17618076475, 0.079975423895],
      [0.3454173828, 0.095052695622, 0.13123092016, 0.23468595916, 0.19361304226]
    ],
    [
      [0.00040239224648, 0.00010928434781, 0.0075761170054, 0.47780157134, 0.51411063506],
      [0.46645784147, 0.00090984340692, 0.063076884348, 0.46628587491, 0.0032695558602],
      [0.013857469375, 0.0017474097227, 0.93854796738, 0, 0.045847153521],
      [0.00984089448, 0.0014052854342, 0.011531142784, 0.96412008935, 0.013102587951],
      [0.046327291798, 0.62017171321, 0.085690558729, 0.17784884228, 0.069961593978],
      [0.29908959018, 0.096571237703, 0.17604789929, 0.25302885661, 0.17526241622]
    ],
    [
      [0.00024026914606, 0, 0.0051834524398, 0.46853386064, 0.52604241777],
      [0.44494313663, 0.00018647293045, 0.057550882854, 0.49370442313, 0.0036150844568],
      [0.021254315304, 0, 0.90982408151, 0.016408975875, 0.05251262731],
      [0, 0, 0, 0.98600260639, 0.013997393613],
      [0.059170678074, 0.58332123363, 0.080164853359, 0.19823016175, 0.079113073181],
      [0.28452395876, 0.089928913286, 0.16590935603, 0.26736921592, 0.19226855601]
    ],
    [
      [0.00021295524909, 0.00012514365218, 0.0065908399991, 0.48499097011, 0.50808009099],
      [0.43673276565, 0.00098061987812, 0.06208620232, 0.49684176616, 0.0033586459954],
      [0.015789398166, 0.0019101442699, 0.93435628796, 0.00068145367987, 0.047262715927],
      [0.0052890923482, 0.0016308157587, 0.00090524250727, 0.97968726041, 0.012487588974],
      [0.041276984755, 0.62553432853, 0.080839655247, 0.18288879421, 0.069460237252],
      [0.27753543812, 0.10093927152, 0.17443187588, 0.26706503286, 0.18002838161]
    ],
    [
      [0.0004999012179, 0, 0.0061482036333, 0.36516140794, 0.62819048721],
      [0.5084632835, 0.00048056625342, 0.060513297888, 0.42490265178, 0.0056402005783],
      [0.0061482282305, 0, 0.92093718233, 0, 0.072914589439],
      [0.022740930065, 0, 0.018791043858, 0.93136675418, 0.027101271899],
      [0.058080929565, 0.57082212909, 0.089521763997, 0.17044752317, 0.11112765417],
      [0.30694728745, 0.078121459225, 0.15632865607, 0.21734966266, 0.24125293459]
    ],
    [
      [0.00049096951776, 0.00071454769158, 0.0064998826556, 0.53432732327, 0.45796727686],
      [0.47246139082, 0.0021671673967, 0.056233864565, 0.46673507037, 0.0024025068473],
      [0.027405887282, 0.010770197735, 0.92357931582, 0.00057863139786, 0.037665967765],
      [0.0014554444241, 0.008942840546, 0, 0.98030032791, 0.0093013871195],
      [0.044337818126, 0.66328095663, 0.071219348497, 0.16917788728, 0.051983989474],
      [0.31288852845, 0.11355233531, 0.16774696258, 0.26183432901, 0.14397784465]
    ],
    [
      [0.00065395921882, 0.00027598359607, 0.0059982071658, 0.46320334991, 0.52986850011],
      [0.51058662127, 0.001181884411, 0.053250362414, 0.4316543941, 0.0033267378062],
      [0.027687045523, 0.0042272479059, 0.91638532433, 0, 0.051700382238],
      [0.011158762919, 0.0044090773322, 0, 0.96953533837, 0.014896821381],
      [0.052673843695, 0.63104947002, 0.074655214713, 0.17055513863, 0.071066332947],
      [0.33334980913, 0.097030345215, 0.15511909238, 0.23883217628, 0.17566857699]
    ],
    [
      [0.0001396781585, 5.5692205216e-05, 0.0065328319831, 0.41640730864, 0.57686448902],
      [0.41805143179, 0.00084851585855, 0.067898781013, 0.50825286893, 0.0049484024114],
      [0.01081003929, 0.0014210736533, 0.92843814952, 0, 0.059330737535],
      [0.0050479461912, 0.00074820368735, 0.010747980507, 0.96249379725, 0.020962072366],
      [0.037363900144, 0.61200451534, 0.08416908177, 0.17705524461, 0.089407258136],
      [0.24690169078, 0.095769695911, 0.17656762602, 0.25452340278, 0.22623758451]
    ],
    [
      [0.0007930359999, 0.00071797609743, 0.0045585830145, 0.50866555204, 0.48526485285],
      [0.49402952349, 0.001697506954, 0.050200074664, 0.45155098158, 0.0025219133129],
      [0.042379088068, 0.014539147202, 0.89140107967, 0.0075623942951, 0.044118290766],
      [0, 0.0012079094887, 0, 0.98900908414, 0.0097830063682],
      [0.049499145071, 0.64771681462, 0.068045912068, 0.17533710298, 0.059401025256],
      [0.32949625654, 0.10474867308, 0.15431378164, 0.25552983638, 0.15591145236]
    ],
    [
      [0, 1.8931887885e-05, 0.0064096732081, 0.54415641149, 0.44941498342],
      [0.37511426752, 0.00083346220169, 0.065122348945, 0.55634954066, 0.0025803806772],
      [0.0099321224223, 0.0013650317903, 0.9344071098, 0.017532709617, 0.036763026368],
      [0, 0, 0, 0.99209546217, 0.0079045378281],
      [0.032263728072, 0.63345602229, 0.079739635741, 0.19755411511, 0.05698649879],
      [0.24073347126, 0.10874029156, 0.18731958027, 0.30340991821, 0.15979673871]
    ],
    [
      [0.0017415491944, 0, 0.00039992527295, 0.29932736944, 0.69853115609],
      [0.61292644749, 0, 0.02690564312, 0.35319205589, 0.0069758534945],
      [0.20128865123, 0, 0.66300507088, 0.019991151478, 0.11571512641],
      [0, 0, 0, 0.95837002955, 0.041629970449],
      [0.063152936403, 0.62730476694, 0.04552754062, 0.1486401595, 0.11537459653],
      [0.42149706264, 0.029521424792, 0.088379188089, 0.19187479671, 0.26872752777]
    ],
    [
      [0, 0, 0.013939493912, 0.36961702462, 0.61644348147],
      [0.2, 0, 0.19802827761, 0.59558822925, 0.0063834931391],
      [0, 0, 0.96950168632, 0, 0.030498313683],
      [0, 0, 0.042671143817, 0.93342409804, 0.023904758141],
      [0.039301483802, 0, 0.32967618713, 0.41059960405, 0.22042272502],
      [0.13077048945, -0, 0.33038159809, 0.27296315353, 0.26588475893]
    ],
    [
      [0, 0, 0.004591824791, 0.49469488663, 0.50071328858],
      [0.38442003588, 0.00063512943241, 0.059299059196, 0.55207522475, 0.0035705507441],
      [0.013506708306, 0, 0.86007966171, 0.075102052792, 0.051311577192],
      [0, 0, 0, 0.98894689484, 0.01105310516],
      [0.047642496762, 0.60380877284, 0.075223995639, 0.2006826945, 0.07264204026],
      [0.24259096218, 0.10121979914, 0.16923640894, 0.29506276932, 0.19189006042]
    ],
    [
      [0.00032061431044, 0.00026245973323, 0.0060200385706, 0.46138997731, 0.53200691007],
      [0.45781193051, 0.0011428401836, 0.059064294108, 0.47828706103, 0.0036938741689],
      [0.018856794995, 0.0048236778792, 0.92438422589, 0, 0.051935301235],
      [0.005667103743, 0.0033243002044, 0, 0.97598187823, 0.015026717822],
      [0.043518832535, 0.62635567203, 0.077504683303, 0.17837562284, 0.074245189287],
      [0.28896251081, 0.098914327541, 0.1664396762, 0.25655221759, 0.18913126787]
    ],
    [
      [0.00053984439851, 0.00043273253159, 0.0067857309602, 0.51336538772, 0.47887630438],
      [0.4931534317, 0.0016715483934, 0.055860672126, 0.44663033898, 0.0026840087991],
      [0.022269585677, 0.01026230011, 0.9267708236, 0, 0.040697290616],
      [0.010299628304, 0.0061633397461, 0.0034094384604, 0.96877391896, 0.01135367453],
      [0.046844756182, 0.66245938928, 0.072334738437, 0.16321410907, 0.05514700703],
      [0.32529887841, 0.11106418183, 0.1645106937, 0.24971385291, 0.14941239315]
    ],
    [
      [0.00056562380795, 0, 0.0043521641023, 0.43994520354, 0.55513700855],
      [0.49688541185, 0, 0.050214209054, 0.44902711304, 0.003873266058],
      [0.057034415272, 0, 0.85822826544, 0.023652391715, 0.061084927569],
      [0, 0, 0, 0.9827936338, 0.0172063662],
      [0.12712697831, 0.47773028208, 0.084822472967, 0.21323046828, 0.097089798364],
      [0.32741163745, 0.069807138763, 0.14893383394, 0.25098962207, 0.20285776778]
    ],
    [
      [0.00019273091238, 0.00031154794885, 0.0066083847457, 0.45482133328, 0.53806600312],
      [0.44842558747, 0.0025045370749, 0.064492506219, 0.48156125163, 0.0030161176114],
      [0.01064709257, 0.0036863597526, 0.94945711968, 0, 0.036209427995],
      [0.0020400582377, 0.013036016992, 0.0059369361262, 0.96720780281, 0.011779185831],
      [0.017672660097, 0.83048231964, 0.039700807375, 0.082728227775, 0.029415985118],
      [0.25325859117, 0.17673268108, 0.17154454893, 0.24047956882, 0.15798461]
    ],
    [
      [0.00033922784915, 0, 0.0083688355743, 0.53229277357, 0.45899916301],
      [0.44720470892, 3.4516524423e-05, 0.067615352734, 0.4824906526, 0.0026547692176],
      [0.0039885724566, 0, 0.9603547015, 0, 0.035656726047],
      [0.0050165879781, 0, 0.022172664833, 0.9629148937, 0.0098958534914],
      [0.091193566067, 0.55063412833, 0.099070630849, 0.19711748258, 0.061984192175],
      [0.29655936826, 0.088870002545, 0.19370162884, 0.27070788477, 0.15016111559]
    ],
    [
      [0.0002428151427, 0, 0.0055641954215, 0.4399976654, 0.55419532403],
      [0.43596989865, 0.0006676837401, 0.060258372354, 0.49876680425, 0.0043372410038],
      [0.025389224967, 0, 0.91305408439, 0.002689319399, 0.058867371244],
      [0.0013652665711, 0, 0, 0.98115876496, 0.017475968474],
      [0.044034248133, 0.59865756206, 0.080435100097, 0.18992672113, 0.086946368581],
      [0.26974729297, 0.091726918044, 0.16551957144, 0.26110262152, 0.21190359604]
    ],
    [
      [0.00039593380472, 0, 0.009445860179, 0.60965537043, 0.38050283558],
      [0.43803588676, 0, 0.072185232128, 0.48787622638, 0.0019026547352],
      [0, 0, 0.97502197677, 0, 0.024978023235],
      [0.0035173078549, 0, 0.03054923671, 0.95872631101, 0.0072071444252],
      [0.092973768889, 0.55732288716, 0.1095767449, 0.19588586915, 0.044240729901],
      [0.29944412228, 0.094838028541, 0.20956164881, 0.28334796981, 0.11280823056]
    ],
    [
      [0.0007003621624, 0.00011982209397, 0.0072392946326, 0.4546848275, 0.53725569361],
      [0.52230418996, 0.0010087740029, 0.057983912706, 0.41526294238, 0.0034401809504],
      [0.010065163899, 0.0029312847739, 0.93674020407, 0, 0.050263347253],
      [0.026489742705, 0.0023753285092, 0.014515310555, 0.94036734436, 0.016252273867],
      [0.055772560975, 0.62040208347, 0.08271343782, 0.16775618978, 0.073355727959],
      [0.3405800218, 0.092806975678, 0.16324580235, 0.2281493615, 0.17521783867]
    ],
    [
      [0, 0, 0.008222456678, 0.52446785713, 0.46730968619],
      [0.4238386651, 0, 0.07220227821, 0.5021482789, 0.0018107777902],
      [0.010419808418, 0, 0.95572349553, 0.0012006184416, 0.032656077609],
      [0, 0, 0.0084264736775, 0.98604710627, 0.0055264200537],
      [0.085491236073, 0.14930265434, 0.31911592238, 0.3421033284, 0.10398685881],
      [0.29601063614, 0.026046018491, 0.21676455371, 0.29813916416, 0.1630396275]
    ]
  ],
  "expected_outcome": [
    [
      [0.0025652518466, 0.0022791488796, 0.033697376387, 0.018635805364, 0, 0, 0.0075777669661, 0.0033097802738, 0.019894387878, 0, 0, 0.00035162898056, 0, 0, 0.0002070519831, 0.0040050776868, 0, 0, 0.0049276891082, 0, 0.012629824261, 0.0099319254098, 0.0063471294811, 0.016900474352, 0.0064872669437, 0.011925493949, 0.0074985182684, 0.012274237944, 0.023542531877, 0.0040506665965, 0.023791079997, 0, 0.0069661967776, 0, 0, 0.0041679860358, 0.0080976659776, 0.019796833278, 0.00019273091238, 0.004409962039, 0.016997059989, 0.00079186760945, 0.033617383795, 0],
      [0, 0, 0.0036346354632, 0.0037999726592, 0, 0, 0.0018767078167, 0, 0, 0, 0, 0, 0, 0.0036814525967, 0.00015825077757, 0.0023214365563, 0, 0, 0, 0, 0.028557856216, 0.0017120805222, 0.0047965268579, 0.0045899426079, 0, 0.007008044522, 0, 0.01786369229, 0.0099354094585, 0.0016150739513, 0.021539282923, 0.00043543342135, 0, 0, 0, 0.003411976532, 0.0064909879739, 0, 0.00031154794885, 0, 0, 0, 0.0057514605104, 0],
      [0.084730373717, 0.031724077403, 0.14596538017, 0.17521051185, 0, 0.15790103861, 0.1197213952, 0.36891328138, 0.67145491134, 0.10172758787, 0, 0.003913379176, 0, 0.0078154993745, 0.0075553844722, 0.08892568986, 0, 0, 0.15211909689, 0.014051251376, 0.15278568112, 0.16069967649, 0.025532447461, 0.31819691423, 0.13995321588, 0.36908703995, 0.0922230545, 0.16249706639, 0.21593545797, 0.18945212751, 0.13675749044, 0.14742248379, 0.0015997010918, 0.08363696347, 0.31224408579, 0.078260501418, 0.1017859644, 0.15232574358, 0.0066083847457, 0.10879486247, 0.3894936795, 0.018891720358, 0.34748614237, 0.04111228339],
      [6.2205544056, 4.194877285, 12.7304247987, 15.4171501944, 0, 13.323395882, 8.9464844585, 19.9093763513, 38.466207833, 6.9454261712, 0, 0.33345812309, 0, 0.92256515373, 0.39631738062, 4.3409380534, 0, 0, 14.6351830011, 0.5827208125, 15.2536167206, 10.5821247521, 3.4590914475, 20.0676659962, 12.6504142373, 27.1594943263, 5.4774211191, 13.3581830818, 16.6753205967, 12.0758119505, 15.2599665613, 12.5155974642, 1.1973094778, 2.2177021477, 33.6392522907, 5.9980697051, 7.7004808159, 15.398082124, 0.45482133328, 6.9198060563, 30.7998365783, 1.2193107409, 21.8248717199, 2.6223392856],
      [8.6921499688, 3.7711194887, 9.0862778093, 21.3852035158, 0, 15.5187030794, 5.9243396715, 32.718400587, 46.8424428678, 9.9528462409, 0, 0.66227686875, 0, 1.0659378943, 0.59576193215, 8.5638097425, 0, 0, 17.2077702129, 1.4032279361, 19.5524099178, 10.2455315654, 4.5042324487, 21.5926466726, 14.2031452799, 28.4524850952, 9.4228573081, 11.4491819215, 19.075266004, 16.7290701815, 14.5579455854, 10.3365446186, 2.7941246244, 3.6986608888, 34.0485036235, 6.9160898309, 7.1831445658, 19.4297952992, 0.53806600312, 5.9669891191, 38.7936726822, 0.76100567117, 25.7882732934, 2.336548431]
    ],
    [
      [8.762246997, 12.957676868, 15.8603966743, 42.6298803825, 0, 6.4404993695, 14.8318916882, 22.8905916002, 54.5707787897, 12.8499599096, 0, 3.6124993573, 0, 1.7199519553, 1.3883875364, 4.7977224942, 0.8971040975, 0.84436939316, 21.3044578372, 1.7312191165, 25.2516347088, 11.1536546199, 10.5985022819, 35.9172537933, 22.692099968, 44.983474862, 25.4231641749, 22.6781467595, 32.1669571399, 15.8859544078, 19.7611809396, 16.5050277707, 4.9034115799, 1, 36.1354833729, 9.1562386102, 15.2877563828, 22.3598435331, 1.7937023499, 23.254644864, 53.1883276359, 13.1410766027, 75.2118033548, 8.052934637],
      [0.011391151615, 0, 0.022400122762, 0.077831947054, 0, 0, 0.031732116479, 0, 0, 0, 0, 0.0022977619282, 0, 0.021218550566, 0.0043973279137, 0.008915539032, 0.0040278569403, 0, 0, 0.0033683085555, 0.11559323247, 0.018108189615, 0.043267430069, 0.070057942333, 0.0095101194531, 0.10100384745, 0.024028312671, 0.10402403504, 0.074458717892, 0.032243602625, 0.067900278158, 0.036672336875, 0, 0, 0.059702166647, 0.022856803672, 0.051818000196, 0, 0.0100181483, 0.00179485927, 0.081457416293, 0, 0.14526345642, 0],
      [1.2368360923, 1.207317497, 1.2407094701, 4.3150302544, 0, 1.3774448103, 1.7742486562, 3.6990484713, 8.2676371044, 1.5130139501, 0, 0.33604264372, 0, 0.21845155651, 0.22236522802, 0.63653082095, 0.027697511167, 0.58532530504, 3.1072464361, 0.36320781225, 2.9978766241, 1.3616997746, 0.82907226474, 4.8569200948, 2.9350950255, 6.394878839, 3.0256648944, 2.6992254991, 3.3547728321, 2.5801536785, 2.0080029865, 2.8653833536, 0.21524514496, 0.99014138806, 5.5741115644, 1.1812858822, 1.7316808359, 2.2596394074, 0.25797002488, 3.5159983422, 7.3515214272, 2.1655569639, 8.3496834297, 1.371843286],
      [9.8955593867, 14.7595904991, 10.8397022052, 38.5966720219, 0, 11.0970748835, 14.3045581788, 27.0876183114, 59.666294146, 11.5234915074, 0, 3.0098844427, 0, 2.0297243441, 1.3718934576, 4.4908857535, 0.071170534392, 3.5176689465, 28.3672462429, 1.8734016185, 26.3964891604, 10.4020081314, 8.4533337664, 35.9040123683, 25.1789255797, 51.174701914, 21.2451325891, 22.4032833777, 27.1942268283, 19.3136090194, 18.0620392632, 24.4793797891, 2.8255364471, 2.9779411462, 51.8950711261, 9.5657412206, 13.8455405083, 20.2062200869, 1.9262450065, 25.0895139353, 60.8495501182, 14.6362867914, 59.7978637022, 9.540817299],
      [0.093966372382, 0.075415135913, 0.036791527606, 0.38058539424, 0, 0.084980936788, 0.057569360299, 0.32274161711, 0.4952899599, 0.11353463284, 0, 0.039275794373, 0, 0.010653593566, 0.012956450042, 0.065945392296, 0, 0.05263635525, 0.22104948381, 0.028803144245, 0.23840627427, 0.064529284476, 0.075824256833, 0.25175580124, 0.1843693073, 0.34594053752, 0.28201002892, 0.11532032867, 0.20958448179, 0.18803929163, 0.10087653252, 0.1135367498, 0.055806827956, 0.031917465695, 0.33563176994, 0.073877483377, 0.083204272772, 0.17429697261, 0.012064470446, 0.13804799931, 0.52914340247, 0.057079642057, 0.49538605686, 0.034404778014]
    ],
    [
      [1.3300974853, 0.91287649197, 4.3656573758, 12.2223274295, 0, 0.37633415389, 1.1393767739, 0, 4.8826078624, 1.4945163957, 0, 1.5106867938, 0, 0.024262899402, 0, 0, 0.030464152656, 0, 3.2353286586, 0, 11.318602839, 3.6895139085, 6.7153362543, 3.0902156707, 3.9107940159, 4.8157664406, 1.3894995801, 9.1261604648, 10.853321845, 1.4917854221, 8.3486803495, 2.5724197074, 2.2141751635, 0, 4.0114923669, 3.4696502791, 7.0817282453, 4.2775811454, 0.063882555422, 1.2962860484, 16.020600954, 0, 7.6595897272, 0.25007540204],
      [0, 0, 0.097675160255, 0.27967750985, 0, 0, 0.074441189796, 0, 0, 0, 0, 0, 0, 0.9080283672, 0, 0, 0.061619464969, 0, 0, 0, 8.6173667544, 0.69142063536, 2.988288356, 0.38967236816, 0, 0.58259400233, 0, 3.5864758458, 1.6570811791, 0.19610816416, 2.8642119988, 0.35354323369, 0, 0, 0, 0.88755672978, 3.263411435, 0, 0.022118158516, 0, 0, 0, 2.230707713, 0],
      [74.6303893178, 29.5159728008, 48.6950412221, 134.7235832677, 2.872316598, 34.0174018925, 39.527838879, 624.2172167545, 518.6951193156, 82.0337716416, 17, 36.4264112189, 48.076814654, 9.5756574823, 53.1238361999, 126.0513497341, 3.9079163824, 21.6922826735, 188.8090557219, 82.082843982, 320.4208169749, 293.0624889737, 121.5928527614, 209.2961967258, 167.4076309981, 284.978667827, 208.1318032068, 307.551912168, 359.2230471387, 128.124464634, 175.6060126947, 242.0114414388, 7.2930557797, 3.8780067453, 255.4436595278, 170.0866975638, 294.7131219037, 64.3671199083, 5.6967427181, 312.1152779865, 576.1371272503, 150.1533844218, 712.8592953, 22.9373638927],
      [0.031525232833, 9.3189401532, 0.025743842453, 0.10041639423, 1.127683402, 0.68859299103, 0.010878993218, 0, 0, 0.031904606322, 0, 0.45225948904, 0, 0.028575788979, 0, 0, 0, 0, 15.0325594485, 0, 1.0157587219, 0, 3.3174818226, 0, 3.019251561, 0.20784337236, 0, 0.19268425549, 0, 0, 1.4897916761, 4.5409717908, 0.21990266626, 0, 22.3053096792, 0, 0, 1.7739293786, 0, 0, 1.6969605408, 0, 0, 0.028814842598],
      [5.007987964, 2.252210554, 1.8158823994, 10.6739953987, 0, 1.9176709626, 1.2474641641, 49.7827832455, 28.422272822, 5.4398073564, 0, 3.6106424984, 2.923185346, 0.4634754621, 2.8761638001, 11.9486502659, 0, 2.3077173265, 12.9230561711, 5.917156018, 22.6274547097, 12.5565764824, 9.3860408056, 10.2239152353, 9.662323425, 14.4151283577, 16.4786972131, 12.5427672659, 20.2665498372, 8.1876417798, 8.6913032809, 9.5216238293, 1.2728663905, 0.12199325473, 15.2395384261, 9.5560954273, 12.941738416, 4.5813695677, 0.21725656797, 11.5884359651, 37.1453112549, 3.8466155782, 38.2504072598, 0.78374586262]
    ],
    [
      [1.450739151, 0, 4.47422728, 2.5018221823, 0, 0, 3.9262196855, 6.4388901467, 0.29518831329, 0, 1.156991103, 0, 0.86437720249, 0, 0.63731219579, 3.4451863829, 1.0098074025, 0, 0, 0.041967162874, 0, 4.2612027153, 0, 6.2292862058, 0, 4.4322593878, 7.9138436627, 0.46865310455, 6.8291629061, 2.614836127, 0, 0, 0, 0, 0, 0.99174315502, 2.3071167401, 0, 0.093842678935, 2.4430783453, 1.9154689993, 0.7491865731, 29.1916964608, 0],
      [0, 0, 0.60378185864, 1.9693413254, 0, 0, 1.5450359579, 0, 0, 0, 0, 0, 0, 0.10155632411, 0.60545261978, 0.60892765281, 0.012417472902, 0, 0, 0, 1.5105066227, 0.11765574756, 0, 0.88954567987, 0, 1.3666236058, 0, 2.8795946558, 2.6983553273, 0.38756951005, 0.35512538969, 0, 0, 0, 0, 0.58175253577, 1.3805881031, 0, 0.59965678165, 0, 0, 0, 2.6176120171, 0],
      [0.66133522664, 0, 0, 0, 0, 0, 0, 13.4050386443, 26.1380622007, 2.2124487026, 0.90097511619, 0, 1.1059130667, 0, 2.5564671241, 3.6649839461, 0.04894565902, 0.93374481521, 0, 0.21557251522, 0, 1.1497175614, 0, 7.2992133823, 0, 0.75859322109, 6.5392832627, 0, 0, 5.5674539028, 0, 0, 0, 2.0482149032, 0, 0, 0.76371421514, 0, 0.2730990618, 10.7980877735, 0, 6.5069874192, 15.9958722318, 0.86792678878],
      [406.6194921398, 284.7806619369, 295.850289638, 882.9725125379, 3, 409.4691435744, 467.7431427375, 465.6243737027, 1265.2520811209, 287.8654490732, 1.9420337808, 53.5464992002, 7.8326165034, 30.6411284488, 20.7400605967, 111.1022201109, 1.9288294656, 15.6066874069, 823.9953972913, 6.543877569, 523.5666174019, 187.2378770924, 128.6754512975, 610.2880165588, 345.1009122355, 820.9779242252, 324.1156304537, 315.6567055872, 593.3556270815, 498.5717869744, 290.7686707381, 257.9448201647, 56.5438317435, 44.804356706, 1039.3831864772, 170.7968286904, 217.0053578469, 483.5344678298, 44.4915589294, 468.9395532308, 1376.565747232, 204.2087042452, 1036.2848134884, 101.5628519457],
      [8.2684334826, 2.2193380631, 1.0717012233, 18.5563239544, 0, 5.5308564256, 2.7856016191, 12.5316975063, 21.3146683651, 5.9221022242, 0, 1.4535007998, 0.19709322745, 0.25731522712, 0.46070746357, 4.1786819072, 0, 0.45956777786, 12.0046027087, 0.19858275289, 9.9228759754, 2.2335468833, 2.3245487025, 8.2939381732, 4.8990877645, 10.4645995602, 9.431242621, 2.9950466525, 9.1168546851, 10.8583534857, 2.8762038722, 2.0551798353, 2.4561682565, 1.1474283908, 11.6168135228, 2.6296756188, 2.5432230947, 8.4655321702, 0.54184254822, 4.8192806503, 24.5187837687, 1.5351217626, 17.9100058019, 0.56922126554]
    ],
    [
      [2.6755440712, 2.384196835, 3.2470307013, 5.4532512654, 0, 0.75254133656, 1.5434757205, 3.1101814929, 21.8471818569, 6.1665605408, 0, 0.65188492488, 0.44045731267, 0.023353561815, 0.20113375279, 0.90005961006, 0, 0, 4.5666339143, 0.21430600944, 6.2759676163, 4.0298481247, 2.8439709751, 4.586401888, 5.562043739, 5.3247310334, 5.2853645904, 4.3894439944, 4.7933197762, 1.8308311071, 2.9699487043, 2.7746806142, 0.18945880921, 0, 5.812384605, 3.1768747751, 2.8575301271, 5.8478410022, 0.035345320194, 7.8426466817, 12.7258977104, 3.7189507556, 7.4177506096, 0.51294741644],
      [22.4579145832, 10.0731312631, 29.7098538856, 64.4494359848, 0, 7, 22.7188080354, 27, 114.2357022055, 17.3813365808, 0, 5.6995528705, 3.8177579374, 1.750974006, 5.0077485831, 12.782668529, 0, 1.9405194869, 24.2068464894, 5.3391133725, 97.6090734817, 50.5921993692, 31.6329099483, 61.3969996081, 54.8321959617, 80.6939283809, 51.9448137475, 65.664814706, 57.4255017715, 29.9882212514, 38.8630088772, 54.4772179168, 1.8819143008, 0, 73.6646702865, 45.7239640585, 40.4100227461, 21.9755929759, 1.6609646393, 47.3545350364, 173.012035435, 22.2929154863, 82.5134771013, 0.89581592603],
      [3.3827002507, 1.5751143795, 3.4331653833, 7.5256344221, 0.12768340199, 2.2511073475, 2.5527586799, 5.5130669022, 22.4700486474, 5.3331948651, 0, 0.70027394509, 0.48815776766, 0.049981892744, 0.52693436198, 1.6975979094, 0, 2.4214387899, 4.153069463, 1.6308217856, 9.7648472736, 6.8727793548, 2.7153096441, 8.4833653142, 7.5354962158, 10.4283155269, 8.1464805238, 7.0507155012, 6.7936245389, 4.1242850067, 4.0827547241, 6.8576086737, 0.13658262186, 0, 9.1773274679, 5.6578418811, 4.4124190446, 3.9018337565, 0.07940161475, 8.520074253, 23.2457439279, 4.3830697961, 11.00088723, 1.9146955343],
      [7.6405330808, 6.3301518364, 8.475075633, 18.9881824532, 0.87231659801, 6.8475528578, 5.8092628365, 11.4776682625, 45.2322129535, 9.9757243818, 0, 1.7735542073, 0.78241846743, 0.1310629491, 0.82395458741, 3.2444162798, 0, 2.3600924776, 11.5421458183, 0, 25.474591434, 14.4264037541, 8.8090382377, 17.6070353859, 18.6336352045, 23.5926544534, 15.5107246089, 16.7486108404, 15.5205176153, 8.6757069861, 10.520226179, 16.9896538993, 0.44592047849, 0, 24.4832887288, 13.0214204674, 9.9560606533, 9.8086015407, 0.16545645555, 16.9521035019, 54.888822407, 7.835434766, 22.3115732405, 2.0526199704],
      [3.843308014, 1.6374056861, 2.1348743968, 9.5834958745, 0, 2.1487984581, 1.3756947276, 6.8990833423, 20.2148543367, 5.1431836315, 0, 1.1747340522, 0.47120851487, 0.044627590326, 0.44022871472, 2.3752576718, 0, 2.2779492456, 4.531304315, 0.81575883246, 11.8755201944, 5.0787693972, 3.9987711948, 6.9261978038, 7.436628879, 8.9603706055, 10.1126165295, 5.1464149579, 6.4670362981, 4.3809556487, 3.5640615154, 4.9008388959, 0.3461237896, 0, 8.8623289118, 5.419898818, 3.3639674289, 4.4661307247, 0.058831970236, 5.330640527, 25.1275005198, 1.769629196, 9.7563118186, 0.62392115287]
    ],
    [
      [4.7788070436, 3.7429706562, 7.0189905922, 18.174082935, 0, 4.4306251401, 7.5514583649, 17.5570269799, 13.3843487898, 3.4889631539, 0.84300889698, 1.2245772951, 0.69516548484, 0.23243158351, 0.77295946299, 4.8530264352, 0.062624347373, 0.15563060684, 11.8886519008, 2.0125077112, 16.1411650116, 11.8558487061, 4.8358433592, 13.1599419678, 6.8285750102, 14.4318427823, 7.9806294737, 10.3253214388, 7.3336958008, 6.1725422694, 8.8963989267, 9.1478719077, 1.6859882506, 0, 15.0406396552, 5.2013251946, 8.4577708387, 9.494937486, 1.0130343647, 12.1589340985, 29.1327076405, 5.389994201, 38.4855424638, 1.1840425445],
      [1.5306942652, 0.92686873694, 1.5626543373, 5.2199132602, 0, 0, 2.6281059926, 0, 3.7642977945, 0.61866341921, 0, 0.29814936752, 0.18224206262, 0.21454129952, 0.38224321843, 1.5971668426, 0.92193520519, 0.0594805131, 3.7931535106, 0.65751831893, 6.1189020525, 3.5789039778, 1.3307377387, 4.2491344589, 2.1582939189, 5.2488421191, 2.0311579398, 3.7472270651, 2.1346675947, 2.3942423978, 2.8282141732, 4.1321310792, 0.11808569917, 0, 6.2756275469, 1.7804578957, 2.8876687275, 2.0244070241, 0.70693072431, 3.6436701044, 9.9065071487, 1.7070845137, 10.4871882517, 0.10418407397],
      [3.0040087388, 1.6698712453, 2.4851185443, 8.2605415439, 0, 4.1961449112, 4.0254323897, 9.7967159463, 8.7576778205, 1.8058432527, 0.099024883806, 0.53335881316, 0.32911451169, 0.14809356904, 0.56284170153, 2.8606118996, 0.015440447437, 0.36720841631, 7.7785092822, 3.6935026536, 8.6636734463, 6.392614659, 1.8372328822, 7.7461075686, 3.9818245447, 9.070457546, 4.0645450579, 5.5356497652, 3.4126200324, 4.4141906504, 4.1664721042, 7.1181440501, 0.35351675236, 0, 10.4926573541, 2.9959141715, 4.2772780363, 4.3190811843, 0.68617819573, 7.9417667824, 17.8761137151, 3.7721096787, 18.4467756661, 0.86705821485],
      [4.5923357543, 3.6157782894, 4.0787638827, 13.9250663985, 0, 7.5742398112, 6.1856727955, 13.900963372, 12.3832039467, 2.65800426, 0.057966219215, 0.88434453764, 0.38496502918, 0.24694331533, 0.66777397766, 3.8215398024, 0, 0.51555116895, 13.4274681979, 0, 14.2929265611, 9.35158627, 3.2856034283, 11.1332696909, 6.416861182, 13.8873817088, 5.6510912291, 8.6405328574, 5.2543078782, 6.3630850696, 6.8993055823, 11.5295768919, 0.76749918684, 0, 18.2938916979, 4.6179399165, 6.4925601756, 7.27869904, 0.96191827528, 11.0990232757, 28.1990831237, 5.1002634566, 25.7808778491, 1.1925566567],
