{
  "X": [
    [6, 0, 12, 42, 1],
    [36, 35, 264, 739, 28],
    [4, 0, 19, 25, 2],
    [22, 3, 70, 139, 4],
    [10, 3, 67, 69, 3],
    [11, 6, 52, 61, 1],
    [8, 1, 22, 60, 1],
    [5, 14, 36, 122, 4],
    [124, 182, 1013, 1174, 72],
    [2, 7, 37, 52, 4],
    [1, 6, 28, 49, 3],
    [7, 3, 20, 54, 2],
    [0, 0, 6, 17, 1],
    [13, 34, 225, 756, 29],
    [3, 5, 28, 100, 2],
    [1, 1, 10, 28, 0],
    [88, 227, 807, 2669, 122],
    [0, 0, 3, 7, 0],
    [2, 1, 31, 58, 1],
    [1, 5, 39, 95, 9],
    [1, 2, 15, 16, 1],
    [19, 82, 300, 674, 35],
    [90, 153, 808, 2104, 117],
    [7, 30, 102, 352, 27],
    [0, 1, 7, 12, 0],
    [1, 3, 11, 22, 1],
    [85, 109, 488, 606, 41],
    [31, 29, 148, 256, 9],
    [1, 2, 4, 13, 1],
    [1, 2, 11, 30, 2],
    [30, 42, 236, 807, 46],
    [24, 27, 125, 457, 24],
    [98, 88, 585, 636, 54],
    [56, 40, 241, 328, 21],
    [25, 69, 301, 667, 32],
    [18, 18, 126, 354, 15],
    [2, 3, 14, 16, 2],
    [1, 4, 6, 12, 0],
    [3, 3, 12, 20, 1],
    [0, 2, 3, 5, 0],
    [1, 1, 17, 19, 3],
    [0, 0, 6, 14, 1],
    [14, 27, 133, 320, 32],
    [55, 53, 250, 516, 30],
    [37, 42, 178, 626, 27],
    [22, 28, 104, 415, 18],
    [14, 15, 67, 180, 7],
    [11, 8, 51, 103, 7],
    [29, 55, 166, 550, 37],
    [44, 65, 273, 870, 50],
    [5, 8, 26, 105, 3],
    [59, 27, 293, 327, 24],
    [1, 1, 10, 17, 0],
    [31, 17, 148, 200, 16],
    [22, 35, 166, 355, 23],
    [35, 59, 264, 609, 40],
    [47, 39, 173, 501, 28],
    [48, 74, 203, 659, 24],
    [81, 50, 674, 896, 32],
    [112, 128, 691, 1346, 82],
    [134, 134, 623, 1233, 78]
  ],
  "W": [
    [1, 14, 43, 1, 2],
    [47, 281, 695, 46, 33],
    [5, 18, 21, 1, 5],
    [25, 69, 124, 4, 16],
    [34, 49, 48, 5, 16],
    [21, 45, 56, 2, 7],
    [9, 21, 56, 0, 6],
    [9, 40, 119, 9, 4],
    [262, 873, 1166, 171, 93],
    [6, 34, 51, 6, 5],
    [5, 20, 53, 8, 1],
    [0, 22, 54, 3, 7],
    [0, 4, 18, 0, 2],
    [50, 222, 718, 42, 25],
    [10, 28, 87, 7, 6],
    [5, 6, 25, 3, 1],
    [155, 798, 2631, 210, 119],
    [2, 2, 6, 0, 0],
    [6, 31, 51, 2, 3],
    [2, 41, 97, 6, 3],
    [7, 11, 14, 3, 0],
    [48, 285, 676, 80, 21],
    [177, 752, 2102, 125, 116],
    [14, 111, 325, 47, 21],
    [2, 6, 12, 0, 0],
    [3, 12, 19, 2, 2],
    [107, 441, 628, 98, 55],
    [29, 153, 249, 24, 18],
    [1, 6, 11, 2, 1],
    [3, 13, 24, 5, 1],
    [83, 229, 744, 53, 52],
    [22, 141, 442, 29, 23],
    [144, 508, 665, 74, 70],
    [77, 222, 328, 31, 28],
    [38, 289, 666, 55, 46],
    [19, 130, 335, 22, 25],
    [1, 13, 18, 2, 3],
    [1, 8, 11, 3, 0],
    [1, 14, 23, 1, 0],
    [1, 3, 4, 2, 0],
    [0, 19, 20, 0, 2],
    [0, 7, 13, 1, 0],
    [23, 136, 320, 25, 22],
    [49, 239, 511, 58, 47],
    [55, 177, 575, 59, 44],
    [36, 102, 398, 28, 23],
    [23, 62, 167, 18, 13],
    [7, 57, 103, 10, 3],
    [51, 157, 536, 60, 33],
    [57, 281, 843, 63, 58],
    [4, 27, 101, 7, 8],
    [69, 260, 319, 34, 48],
    [3, 6, 16, 1, 3],
    [39, 145, 194, 17, 17],
    [29, 149, 354, 35, 34],
    [39, 264, 583, 73, 48],
    [38, 172, 480, 48, 50],
    [59, 196, 630, 75, 48],
    [201, 578, 813, 48, 93],
    [203, 625, 1288, 109, 134],
    [187, 605, 1135, 117, 158]
  ],
  "method": "mvn_pdf",
  "cond_prob": [
    [
      [0.78928424671, 0.00045139560104, 0.1881019232, 0.021996623519, 0.00016581096753],
      [0.38287990696, 0.0025707235987, 0.54311730236, 0.0654893693, 0.0059426977786],
      [0.074300854084, 0.0054878106327, 0.025169450137, 0.88043237342, 0.01460951173],
      [0.2687277412, 0.25391758708, 0.017700074518, 0.36637124523, 0.093283351978],
      [0.9158418255, 0.00028423884712, 0.017973928745, 0.060830081104, 0.0050699258072]
    ],
    [
      [0.18681702172, 0.0061270764831, 0.67749133038, 0.12826326411, 0.0013013073106],
      [0.048290529345, 0.01433646, 0.76155612297, 0.15662078013, 0.019196107558],
      [0.0051241810013, 0.014241305072, 0.019659929876, 0.93904158038, 0.02193300367],
      [0.016135055466, 0.49579344204, 0.012252526265, 0.35721094379, 0.11860803243],
      [0.26953216522, 0.0060617229917, 0.10416087347, 0.55612782572, 0.064117412592]
    ],
    [
      [0.19949250378, 0.0015399592709, 0.70611684125, 0.091572068633, 0.0012786270642],
      [0.050202302909, 0.0036397678344, 0.81320353191, 0.11363261192, 0.019321785422],
      [0.0064631661764, 0.0046332672959, 0.023804103439, 0.93654860173, 0.02855086136],
      [0.027547409002, 0.25983464581, 0.02009313795, 0.46125333389, 0.23127147335],
      [0.33573797128, 0.0017527163202, 0.11535934368, 0.47130027061, 0.075849698116]
    ],
    [
      [0.32989996068, 0.0035914316388, 0.56412910134, 0.10155628164, 0.00082322470046],
      [0.097317630904, 0.0097297406391, 0.73538344577, 0.14350799144, 0.014061191245],
      [0.011003993458, 0.010452620363, 0.020063986708, 0.94109249594, 0.017386903529],
      [0.039248693831, 0.436780866, 0.014163729127, 0.40228446489, 0.10752224616],
      [0.45521784726, 0.003381252464, 0.081585437614, 0.42111032145, 0.038705141209]
    ],
    [
      [0.13787895769, 0.0041260548638, 0.73102577794, 0.12601372403, 0.00095548547677],
      [0.034284632826, 0.0093311213989, 0.79406431126, 0.14868179321, 0.013638141308],
      [0.0037443288746, 0.009668510508, 0.020768486751, 0.94955522346, 0.016263450407],
      [0.01398331755, 0.44104868389, 0.015367550932, 0.42273080637, 0.10686964125],
      [0.21680846926, 0.0044759004754, 0.12050915119, 0.60613854537, 0.052067933707]
    ],
    [
      [0.23059270187, 0.013111060215, 0.6721721962, 0.083566568718, 0.00055747299556],
      [0.061222251825, 0.03224713059, 0.79121707821, 0.10671879812, 0.0085947412547],
      [0.0087270686291, 0.044375163219, 0.02705636027, 0.9062513484, 0.013590059487],
      [0.011347554417, 0.81241520733, 0.0069841606188, 0.13928177242, 0.029971305215],
      [0.39767411952, 0.015383404886, 0.11980035173, 0.43451381922, 0.032628304651]
    ],
    [
      [0.34020142939, 0.004067538479, 0.55187895676, 0.10321029212, 0.00064178325001],
      [0.098163718172, 0.011174795316, 0.7320149218, 0.14756190063, 0.011084664076],
      [0.010239757811, 0.01150946699, 0.017979248327, 0.94710776986, 0.013163757008],
      [0.033138413671, 0.52014879393, 0.011538342789, 0.36183101813, 0.073343431473],
      [0.46566234785, 0.003765882813, 0.075865353928, 0.42501928413, 0.029687131277]
    ],
    [
      [0.17597152127, 0.023321277818, 0.645095202, 0.15414709623, 0.0014649026805],
      [0.043004874175, 0.052960807116, 0.70094925075, 0.18212399247, 0.020961075482],
      [0.0036743129314, 0.043759353304, 0.014317578419, 0.91835266627, 0.019896089075],
      [0.0053363976832, 0.78114801333, 0.0041193724896, 0.15947640325, 0.049919813249],
      [0.2246434852, 0.020710428545, 0.085688265329, 0.60366004818, 0.065297772745]
    ],
    [
      [0.16261005859, 0.0084135622729, 0.76460743834, 0.063379810733, 0.00098913006802],
      [0.041615067756, 0.019428382224, 0.84817804007, 0.076381859947, 0.014396650003],
      [0.0085298186992, 0.037153083141, 0.042396817227, 0.88025543987, 0.031664841067],
      [0.014557070901, 0.69678518986, 0.014323061118, 0.18168357808, 0.092651100042],
      [0.34310255025, 0.012160276139, 0.17250587423, 0.40109618274, 0.071135116646]
    ],
    [
      [0.085736433895, 0.0091828379762, 0.82942812681, 0.074341147866, 0.0013114534486],
      [0.02028116838, 0.019855009703, 0.85832703153, 0.083636619264, 0.017900171124],
      [0.0035909507135, 0.034275769375, 0.035431356851, 0.89122811367, 0.035473809386],
      [0.0057017574511, 0.7158471862, 0.011155839443, 0.16744432996, 0.099850886941],
      [0.19135392668, 0.014097462523, 0.18622479268, 0.50578023028, 0.10254358784]
    ],
    [
      [0.059598271123, 0.0025967637947, 0.90363815847, 0.03367603946, 0.00049076715229],
      [0.014197161176, 0.0055701758256, 0.93586861376, 0.037727118838, 0.0066369304008],
      [0.0051757361208, 0.020776021768, 0.077277536306, 0.86829764111, 0.028473064698],
      [0.011857822231, 0.60155034253, 0.034858552227, 0.23488601594, 0.11684726708],
      [0.22982592739, 0.0065880465382, 0.32370323945, 0.37710044509, 0.062782341522]
    ],
    [
      [0.37785672236, 0.0034279832242, 0.56018301791, 0.05795897189, 0.00057330461738],
      [0.11077340933, 0.0097881969554, 0.78301278324, 0.08613648988, 0.010289120597],
      [0.019170182224, 0.016760243773, 0.030986214927, 0.91288566714, 0.020197691935],
      [0.048913609296, 0.57016833496, 0.015629742691, 0.27492629766, 0.090362015396],
      [0.61367831506, 0.0035736293425, 0.085714608131, 0.26714875913, 0.02988468834]
    ],
    [
      [0.0065806869128, 0.00033629001253, 0.97365353021, 0.019191772676, 0.00023772018523],
      [0.0022470579514, 0.00068698779715, 0.97221995154, 0.021647612542, 0.0031983901654],
      [0.0014107709616, 0.0043517403544, 0.074802320773, 0.89606680185, 0.023368366057],
      [0.0058539707749, 0.32701752904, 0.062852003489, 0.42991724493, 0.17435925177],
      [0.059730818124, 0.0016897786458, 0.42134263892, 0.45222842369, 0.065008340627]
    ],
    [
      [0.10882931198, 0.00740709489, 0.73028917945, 0.15185721828, 0.0016171954015],
      [0.026199577602, 0.016117333433, 0.76306113712, 0.17243508501, 0.022186866837],
      [0.0025322174333, 0.014585783587, 0.017918796857, 0.941866838, 0.023096364118],
      [0.0078887989642, 0.50290785071, 0.011050072061, 0.35453543644, 0.12361784182],
      [0.15438270208, 0.0072253588749, 0.11044768022, 0.64932598449, 0.078618274335]
    ],
    [
      [0.1247284161, 0.0078380314494, 0.65872808602, 0.20755656456, 0.001148901871],
      [0.029943134574, 0.017327905248, 0.69758876835, 0.2391188022, 0.016021389628],
      [0.002028510254, 0.011363169209, 0.011152563096, 0.96339004521, 0.012065712235],
      [0.0072977629368, 0.49535998226, 0.0079445515956, 0.41356313521, 0.075834567997],
      [0.14000157767, 0.0062305093821, 0.076919465918, 0.73107569524, 0.045772751786]
    ],
    [
      [0.087565008307, 0.0017095954687, 0.81336512023, 0.097098559854, 0.00026171613901],
      [0.020736404878, 0.003701252518, 0.86140168392, 0.11061418239, 0.003546476299],
      [0.0024648184114, 0.0050296785896, 0.021892592912, 0.96509515854, 0.0055177515492],
      [0.012456050846, 0.35314213084, 0.021747879975, 0.56205609505, 0.050597843293],
      [0.17675029785, 0.0025306112389, 0.15008721242, 0.65198047315, 0.01865140534]
    ],
    [
      [0.14660222113, 0.011001165943, 0.72040494787, 0.12042715809, 0.0015645069762],
      [0.036429951908, 0.024664860658, 0.77588004113, 0.14091565314, 0.022109493166],
      [0.0042324668248, 0.026717747034, 0.021979076678, 0.91952319036, 0.027547519108],
      [0.0092037123736, 0.63675097077, 0.0094613684609, 0.24194131728, 0.10264263112],
      [0.22693133036, 0.011673846449, 0.1193095271, 0.55949093897, 0.082594357114]
    ],
    [
      [0.015194228525, 0.0004914916364, 0.79539980104, 0.1888137497, 0.00010072909945],
      [0.0052863315926, 0.00090341302545, 0.78120694558, 0.21150872788, 0.0010945819193],
      [0.00016014789429, 0.00041773093396, 0.0040714863266, 0.99472692414, 0.00062371070114],
      [0.0069053835842, 0.51900898744, 0.0085044614551, 0.36019701519, 0.10538415233],
      [0.0005212713087, 0.0003909844737, 0.02340967485, 0.97361699854, 0.0020610708321]
    ],
    [
      [0.10524781768, 0.0033811374234, 0.75741471062, 0.13324701877, 0.00070931551434],
      [0.02528435994, 0.0074622846882, 0.80374855967, 0.15362295598, 0.0098818397181],
      [0.0025796971754, 0.0074450008594, 0.019239480822, 0.95938832182, 0.011347499321],
      [0.010982580699, 0.40586928714, 0.016214570899, 0.48187866318, 0.085054898085],
      [0.16804151512, 0.0037670882209, 0.12333916074, 0.66518414424, 0.039668091673]
    ],
    [
      [0.078776217785, 0.005612466516, 0.81532828295, 0.097139144515, 0.0031438882342],
      [0.018181574425, 0.011807020497, 0.82152819555, 0.10656393724, 0.041919272289],
      [0.0025639055672, 0.016063005541, 0.027179281786, 0.88847769649, 0.06571611062],
      [0.00606148989, 0.45437598823, 0.012719431099, 0.25066405655, 0.27617903424],
      [0.1367960205, 0.0067688920457, 0.14469961245, 0.51760984371, 0.19412563129]
    ],
    [
      [0.091596556841, 0.0041230917614, 0.80893638358, 0.094570208322, 0.00077375949187],
      [0.021625501986, 0.0090666730849, 0.85000341833, 0.10854248395, 0.010761922644],
      [0.0025448149671, 0.01201722927, 0.022985812619, 0.9461550148, 0.01629712834],
      [0.0075757526584, 0.56917248342, 0.013508535552, 0.31553542432, 0.094207804058],
      [0.17145991935, 0.0059007880742, 0.15026234737, 0.61583317035, 0.056543774857]
    ],
    [
      [0.11447829438, 0.0099791464323, 0.7830290944, 0.091226833922, 0.001286630861],
      [0.027873834541, 0.021960279544, 0.82755884161, 0.10475831913, 0.017848725175],
      [0.004257930406, 0.031417132608, 0.030733330806, 0.90422407971, 0.029367526473],
      [0.0082231954843, 0.67164932192, 0.0117478797, 0.21097677014, 0.097402832756],
      [0.21903293919, 0.013090421256, 0.15947457236, 0.52432658868, 0.08407547852]
    ],
    [
      [0.14488711776, 0.0093851453593, 0.74278120602, 0.10127874578, 0.0016677850833],
      [0.036035201626, 0.021060855717, 0.80069754215, 0.11861522493, 0.023591175582],
      [0.0049058650857, 0.026739328698, 0.026576218349, 0.90732602314, 0.034452564722],
      [0.010384340565, 0.62113675871, 0.011136268148, 0.23235460427, 0.12498802831],
      [0.24490459224, 0.010873407418, 0.13429235175, 0.51377259403, 0.09615705456]
    ],
    [
      [0.1140871618, 0.0082119365017, 0.71997145082, 0.15497846333, 0.0027509875471],
      [0.027084389419, 0.017676423299, 0.7438333358, 0.17404437953, 0.03736147195],
      [0.0025371001885, 0.015571943607, 0.016809224632, 0.92723461338, 0.037847118191],
      [0.0071143246514, 0.48661795617, 0.0093281793817, 0.31356486327, 0.18337467653],
      [0.15010655136, 0.0074565805606, 0.10032261557, 0.61727009065, 0.12484416186]
    ],
    [
      [0.028634307314, 0.010235871472, 0.87186773474, 0.089069991237, 0.00019209523227],
      [0.0076324096124, 0.021951347544, 0.87023724459, 0.097768702656, 0.002410295595],
      [0.00083274673681, 0.029597807193, 0.018916294144, 0.94694668199, 0.0037064699353],
      [7.9004192381e-05, 0.99075827738, 0.00039170110369, 0.0086226471957, 0.00014837013005],
      [0.049355022918, 0.01763993108, 0.15922707654, 0.75910509222, 0.014672877243]
    ],
    [
      [0.10669076224, 0.019644342968, 0.70247896313, 0.1699161731, 0.0012697585546],
      [0.024392935504, 0.043022765304, 0.72356249335, 0.19156851837, 0.017453287472],
      [0.0017750731715, 0.032477282265, 0.011664044755, 0.93909703506, 0.01498656475],
      [0.002197289371, 0.83057464443, 0.0029021364796, 0.13188426998, 0.032441659738],
      [0.12817318473, 0.017936476789, 0.083916036555, 0.71032005689, 0.05965424503]
    ],
    [
      [0.22621355646, 0.0086505996487, 0.71136554166, 0.052836312597, 0.00093398963964],
      [0.061193336714, 0.021156010394, 0.83582465698, 0.067428872146, 0.014397123763],
      [0.013841398721, 0.044755799245, 0.046050931218, 0.8603249907, 0.035026880112],
      [0.020294876121, 0.72576563084, 0.013365097841, 0.15241709967, 0.088157295521],
      [0.45424664118, 0.011880315135, 0.15224134281, 0.31777389373, 0.063857807138]
    ],
    [
      [0.28931344074, 0.0087692810126, 0.6243159662, 0.076820338968, 0.00078097307502],
      [0.082310111277, 0.022749828723, 0.77823309312, 0.10394076874, 0.012766198147],
      [0.012544507773, 0.032709931714, 0.028793688414, 0.90485109648, 0.021100775615],
      [0.023440971546, 0.69453130912, 0.010648160623, 0.20355536206, 0.067824196653],
      [0.46852561897, 0.0096826567407, 0.10672776471, 0.37210560297, 0.042958356608]
    ],
    [
      [0.21329869599, 0.016219780157, 0.53270821636, 0.23562229818, 0.0021510093202],
      [0.044241995038, 0.038353140059, 0.59947768717, 0.28563035236, 0.032296825379],
      [0.0018534569303, 0.018782135437, 0.0052858922562, 0.95634293148, 0.017735583898],
      [0.0031943609254, 0.75773630583, 0.0018443077804, 0.17818990905, 0.059035116414],
      [0.15301511896, 0.010791575287, 0.040307765766, 0.72125547303, 0.074630066953]
    ],
    [
      [0.11273879856, 0.0051784412715, 0.64417096225, 0.23596084623, 0.0019509516914],
      [0.025652841228, 0.011280232961, 0.66796877353, 0.26802122584, 0.027076926439],
      [0.0013734898382, 0.0063450199767, 0.0081102705583, 0.96680192329, 0.017369296332],
      [0.0059992128801, 0.35637145516, 0.0069973103912, 0.4868244488, 0.14380757277],
      [0.099821311354, 0.0037082351444, 0.059955157523, 0.76471154188, 0.071803754094]
    ],
    [
      [0.14581630851, 0.0089541176434, 0.6689814017, 0.173672589, 0.0025755831475],
      [0.03559028434, 0.019758135659, 0.70884244142, 0.19997243061, 0.035836707964],
      [0.0029500964564, 0.015318566668, 0.014288576456, 0.93548244504, 0.031960315375],
      [0.0086003320248, 0.49343640584, 0.0082460440511, 0.3295907086, 0.16012650949],
      [0.17464996331, 0.0073735493733, 0.085536378773, 0.62671119826, 0.10572891029]
    ],
    [
      [0.23218658092, 0.008426415809, 0.62362943552, 0.13383633195, 0.001921235801],
      [0.06141582447, 0.02028126122, 0.721090478, 0.16805173105, 0.029160705254],
      [0.0059677860631, 0.018528922132, 0.016994362161, 0.92786571332, 0.030643216322],
      [0.015665801335, 0.5431537234, 0.0088288346955, 0.29387264386, 0.13847899671],
      [0.30056725458, 0.0074836633715, 0.085617772173, 0.52118802045, 0.085143289423]
    ],
    [
      [0.20834365906, 0.0075308613344, 0.73224414831, 0.050698817672, 0.0011825136267],
      [0.055398106189, 0.018091135213, 0.84504955312, 0.0635546186, 0.01790658688],
      [0.013175450199, 0.0402083235, 0.048968941281, 0.85187139274, 0.045775892276],
      [0.020297103511, 0.68512407174, 0.014933393364, 0.15858590346, 0.12105952792],
      [0.43060695171, 0.010650121863, 0.16145915438, 0.31399067664, 0.083293095404]
    ],
    [
      [0.29280415536, 0.0089415149368, 0.63156658088, 0.065560218126, 0.001127530692],
      [0.083616289922, 0.023172493266, 0.7861648785, 0.088626943066, 0.018419395244],
      [0.014611250917, 0.038033262786, 0.033427797365, 0.87915705062, 0.034770638311],
      [0.023770198182, 0.69569957385, 0.010764428008, 0.17246071577, 0.097305084189],
      [0.48734477973, 0.010171511266, 0.11166277182, 0.32685797475, 0.063962962437]
    ],
    [
      [0.11825108381, 0.010558003574, 0.78342221656, 0.086599868823, 0.0011688272304],
      [0.028921264498, 0.023334464384, 0.83159492913, 0.099866906356, 0.016282435629],
      [0.0046189745427, 0.034864087643, 0.032265316248, 0.90027370612, 0.027977915443],
      [0.0083231556919, 0.69761576894, 0.011510000082, 0.1960097141, 0.086541361183],
      [0.23246352482, 0.014218475731, 0.16386644063, 0.51104083064, 0.078410728178]
    ],
    [
      [0.17184529534, 0.0060696878056, 0.7055376745, 0.11527034886, 0.0012769934984],
      [0.043778963344, 0.014043923568, 0.78439100705, 0.13915579352, 0.018630312513],
      [0.0051589073814, 0.015565690647, 0.022355103366, 0.93317260974, 0.023747688866],
      [0.015272994831, 0.51737755991, 0.013098562639, 0.33310553215, 0.12114535047],
      [0.26810328197, 0.0064906762561, 0.11637388049, 0.54090119059, 0.068130970698]
    ],
    [
      [0.11791868346, 0.0075360055168, 0.83728039294, 0.036223369616, 0.0010415484674],
      [0.027552286468, 0.016770777634, 0.89939494427, 0.0416767348, 0.014605256828],
      [0.0082229446506, 0.052394205254, 0.056274701423, 0.83097489367, 0.052133254998],
      [0.0062621830643, 0.84065193026, 0.0085960897984, 0.071761204825, 0.072728592053],
      [0.36186424639, 0.014321101083, 0.21248141583, 0.30644639194, 0.10488684475]
    ],
    [
      [0.22293502334, 0.030051131159, 0.60721175166, 0.13929286689, 0.00050922695459],
      [0.045344373928, 0.072724685129, 0.70006793795, 0.17423330513, 0.0076296978559],
      [0.0027620152923, 0.056998448443, 0.0096982013098, 0.92392377891, 0.006617556044],
      [0.0017994428367, 0.9259811516, 0.0012509708481, 0.063709759399, 0.0072586753186],
      [0.28010639154, 0.028307572557, 0.072821030412, 0.59673346215, 0.022031543343]
    ],
    [
      [0.62590844997, 0.007138066711, 0.34272180973, 0.023937501184, 0.00029417240673],
      [0.20268772901, 0.030346386615, 0.70675150051, 0.052434814033, 0.0077795698298],
      [0.040666906858, 0.074348061286, 0.035143366217, 0.82798750217, 0.02185416347],
      [0.019731760505, 0.91645202827, 0.0033703387737, 0.043944699656, 0.016501172796],
      [0.88564313105, 0.0046089656746, 0.033821384352, 0.06681783011, 0.0091086888184]
    ],
    [
      [0.0080945875616, 0.012259217136, 0.83519202024, 0.14420919724, 0.00024497782433],
      [0.0040291961794, 0.026111943019, 0.80712101097, 0.15969962746, 0.0030382223655],
      [0.00018656705923, 0.020108984792, 0.005661568537, 0.97163652251, 0.0024063570968],
      [0.00017271878754, 0.91000087121, 0.001091304875, 0.084972528237, 0.0037625768882],
      [0.00012401818459, 0.014882394585, 0.040265165723, 0.93332029044, 0.01140813107]
    ],
    [
      [0.090168581015, 0.0048460385722, 0.83730276087, 0.063844662675, 0.0038379568674],
      [0.020383747363, 0.010223712858, 0.84682742779, 0.070147007207, 0.052418104787],
      [0.0036987641679, 0.018474791903, 0.033803641681, 0.83270203986, 0.11132076239],
      [0.0055438769479, 0.53347667443, 0.010241557661, 0.1404200498, 0.31031784116],
      [0.17631704139, 0.0062351756805, 0.15070052132, 0.37828910706, 0.28845815454]
    ],
    [
      [0.014135704825, 0.0011570050317, 0.86590947169, 0.11765784358, 0.001139974873],
      [0.0049916407891, 0.0023406916477, 0.85051789897, 0.12712069317, 0.015029075418],
      [0.00048570993856, 0.0024959631626, 0.01439239603, 0.96409865012, 0.018527280745],
      [0.0026755583407, 0.17129833439, 0.015863164957, 0.58246728722, 0.22769565509],
      [0.010517146924, 0.0016103168551, 0.11801167808, 0.7836524694, 0.086208388738]
    ],
    [
      [0.14320960804, 0.010347184452, 0.73417653479, 0.10855960437, 0.0037070683514],
      [0.034413526979, 0.022567217877, 0.76850433159, 0.12349163678, 0.051023286768],
      [0.004296259388, 0.026499388794, 0.023215719846, 0.87705644514, 0.068932186835],
      [0.0080750527308, 0.56055834928, 0.0086386086424, 0.19874656004, 0.22398142931],
      [0.20968441967, 0.010411622969, 0.11384872817, 0.47912926529, 0.1869259639]
    ],
    [
      [0.25310565945, 0.0063431436349, 0.66816250862, 0.07132201896, 0.0010666693285],
      [0.069947401489, 0.015884173634, 0.80413536219, 0.093195387111, 0.016837675578],
      [0.011919615749, 0.025370395673, 0.033303613531, 0.89847911769, 0.030927257353],
      [0.025812695348, 0.60984603304, 0.014273500094, 0.23495268991, 0.11511508161],
      [0.43763491053, 0.0074977970326, 0.12272209571, 0.3693437974, 0.062801399326]
    ],
    [
      [0.20625249318, 0.0074504839791, 0.64004115852, 0.14474697878, 0.0015088855288],
      [0.053857344002, 0.017623859338, 0.72735032141, 0.17866597857, 0.022502496676],
      [0.0050121161171, 0.015370295365, 0.016441444716, 0.94060665671, 0.022569487092],
      [0.015149470012, 0.51434884212, 0.0098357348269, 0.34340127816, 0.11726467489],
      [0.26903862707, 0.0066723155955, 0.088880798153, 0.56809664226, 0.067311616912]
    ],
    [
      [0.21001289714, 0.010320729585, 0.63232948418, 0.14560499943, 0.0017318896691],
      [0.054467680725, 0.02434413442, 0.71628099991, 0.17914917176, 0.025758013175],
      [0.0049819054899, 0.020966576432, 0.015869706747, 0.9326670911, 0.025514720235],
      [0.012461245199, 0.58837351979, 0.0078565157296, 0.28143162313, 0.10987709615],
      [0.26832845824, 0.0090672629492, 0.085669134354, 0.56101101752, 0.075924126935]
    ],
    [
      [0.21269400757, 0.0075230244767, 0.66048167923, 0.11816923073, 0.0011320580014],
      [0.055760932408, 0.018047000799, 0.7612377687, 0.14783095818, 0.017123339913],
      [0.0060972414293, 0.018786017966, 0.020034922696, 0.93459426056, 0.020487557347],
      [0.016309481362, 0.57784380079, 0.010602854804, 0.3003277024, 0.09491616064],
      [0.31147782288, 0.0075705421092, 0.10143348636, 0.5226148859, 0.056903262753]
    ],
    [
      [0.37610922404, 0.0043948400443, 0.55010348028, 0.068219920059, 0.0011725355723],
      [0.11320877082, 0.012481348788, 0.7522254368, 0.10105037821, 0.02103406539],
      [0.016984784021, 0.018228491781, 0.02729368261, 0.90216037987, 0.035332661714],
      [0.041833245671, 0.52799082982, 0.013268739988, 0.26472700438, 0.15218018013],
      [0.55672125988, 0.0043597158755, 0.083126612067, 0.29741575491, 0.058376657271]
    ],
    [
      [0.18520852234, 0.010925160747, 0.67720178966, 0.1244131746, 0.0022513526559],
      [0.046904019813, 0.025075580205, 0.74645245233, 0.14898411165, 0.032583836002],
      [0.0050689723879, 0.0254273009, 0.019581668303, 0.91192033964, 0.038001718765],
      [0.010858864851, 0.60485588815, 0.0083025257616, 0.23591459826, 0.14006812297],
      [0.25858168342, 0.010475915328, 0.10053926054, 0.5227341519, 0.10766898881]
    ],
    [
      [0.18393960421, 0.010037050681, 0.67908405276, 0.12497144575, 0.0019678465983],
      [0.046838241573, 0.023117448281, 0.7512763425, 0.1501945536, 0.028573414047],
      [0.005077904673, 0.0234354592, 0.019811169337, 0.91835837366, 0.033317093127],
      [0.011641754998, 0.59374153711, 0.008990986824, 0.25448138952, 0.13114433155],
      [0.26055249694, 0.0097512152864, 0.10256998834, 0.5318832802, 0.095243019227]
    ],
    [
      [0.18106210936, 0.0099179692168, 0.6842837272, 0.12372082952, 0.0010153647025],
      [0.045328843551, 0.023098416695, 0.76665037161, 0.15002923011, 0.014893138035],
      [0.0047781366265, 0.023554907998, 0.018875627585, 0.93535640619, 0.017434921603],
      [0.010824716444, 0.65888135805, 0.0084659150162, 0.25322432612, 0.068603684373],
      [0.27182012788, 0.010206222262, 0.10387033398, 0.56177380973, 0.052329506148]
    ],
    [
      [0.23426729761, 0.0039333852165, 0.70621302637, 0.054619778194, 0.00096651260614],
      [0.064071161897, 0.009740167646, 0.84051802948, 0.07058141992, 0.015089221054],
      [0.014173907116, 0.020196734423, 0.045198547743, 0.88444445022, 0.035986360497],
      [0.03397663926, 0.54021780889, 0.021445154551, 0.25579166747, 0.14856872982],
      [0.46079042627, 0.0052850520963, 0.14753503367, 0.32164553467, 0.064743953294]
    ],
    [
      [0.054182623902, 0.0017712931578, 0.90142601691, 0.042470218223, 0.00014984780457],
      [0.012974149737, 0.0037182829119, 0.93432010753, 0.047037790503, 0.0019496693206],
      [0.0035797546578, 0.011261742646, 0.049211359199, 0.92925969486, 0.0066874486319],
      [0.008917565579, 0.67554816239, 0.024576151008, 0.26321344227, 0.027744678753],
      [0.20878915962, 0.004485318741, 0.27523455602, 0.49344667208, 0.018044293541]
    ],
    [
      [0.2790247982, 0.006002525449, 0.64045968712, 0.072999282106, 0.0015137071298],
      [0.078118987379, 0.015315871204, 0.78504602982, 0.097153375358, 0.024365736237],
      [0.012524277824, 0.023176112528, 0.030557438022, 0.89132592347, 0.042416248156],
      [0.027056971606, 0.56973336104, 0.013064823357, 0.23158335214, 0.15856149186],
      [0.44916913129, 0.0065974530678, 0.10892934833, 0.35205224921, 0.083251818101]
    ],
    [
      [0.14382714261, 0.0073608990214, 0.77170402518, 0.075806224542, 0.0013017086453],
      [0.035942601247, 0.016663553505, 0.8392833761, 0.089531714772, 0.018578754381],
      [0.0063289096157, 0.0275650661, 0.035751924803, 0.89501221269, 0.035341886789],
      [0.01287790899, 0.62912627205, 0.014399070777, 0.21970802418, 0.123888724],
      [0.28631577477, 0.010027250801, 0.16241800326, 0.45275044969, 0.088488521479]
    ],
    [
      [0.16297667473, 0.007160058423, 0.73153285654, 0.096790634084, 0.0015397762294],
      [0.041242758306, 0.016390897761, 0.80451807254, 0.1156251496, 0.022223121798],
      [0.0057596003154, 0.021426004691, 0.027296502609, 0.91210965227, 0.033408240112],
      [0.013851974461, 0.57004489977, 0.012993650536, 0.26499406629, 0.13811540894],
      [0.2767621718, 0.0083314646148, 0.13217130041, 0.4934641408, 0.089270922372]
    ],
    [
      [0.26727922388, 0.0063902087188, 0.62966535137, 0.095331166638, 0.0013340493943],
      [0.074276706147, 0.016109518681, 0.76301475442, 0.12539713037, 0.02120189038],
      [0.0095967250889, 0.019519681125, 0.023922027519, 0.91741856239, 0.029543003875],
      [0.024430565855, 0.55217537997, 0.012052309757, 0.28197850838, 0.12936323604],
      [0.39899292803, 0.0065287189957, 0.099766470086, 0.42679670933, 0.067915173559]
    ],
    [
      [0.23475487971, 0.010889425661, 0.63960173957, 0.1136202028, 0.0011337522654],
      [0.063120919863, 0.026524925678, 0.74854049456, 0.14440714687, 0.01740651303],
      [0.0071363962927, 0.028098727057, 0.020566207765, 0.92299497655, 0.021203692337],
      [0.015165968297, 0.66185075894, 0.0086505660234, 0.23696657038, 0.077366136353],
      [0.3401577249, 0.01081430161, 0.098619177803, 0.49435798004, 0.056050815647]
    ],
    [
      [0.14675936466, 0.0057078857368, 0.75648218321, 0.090165673287, 0.00088489310863],
      [0.037126614295, 0.013031389292, 0.82967523291, 0.10743291571, 0.012733847797],
      [0.0056723618979, 0.018582076691, 0.030891934346, 0.92396733009, 0.020886296972],
      [0.015566610922, 0.56280622061, 0.016783186514, 0.30653331867, 0.098310663286],
      [0.27566287467, 0.0073466992766, 0.15185767607, 0.50844423665, 0.056688513328]
    ],
    [
      [0.17592654629, 0.010282203882, 0.71431234651, 0.097906976703, 0.0015719266144],
      [0.044922330322, 0.023697176083, 0.79078900857, 0.11775583451, 0.022835650511],
      [0.0061329893093, 0.030182569747, 0.0263157413, 0.90391457704, 0.033454122602],
      [0.012024135861, 0.65095858804, 0.010213911475, 0.21434151789, 0.11246184674],
      [0.28990752752, 0.011613347736, 0.12586304123, 0.4842459524, 0.088370131126]
    ],
    [
      [0.21602826942, 0.011992830983, 0.66115087472, 0.10914705071, 0.0016809741657],
      [0.056828071827, 0.028482385997, 0.75425385875, 0.13527172086, 0.025163962563],
      [0.0067796053343, 0.031698717253, 0.021932851496, 0.90737811198, 0.032210713934],
      [0.012914615025, 0.66455355966, 0.0082713369601, 0.20904283646, 0.1052176519],
      [0.31773752523, 0.012090125362, 0.10398182288, 0.48184505308, 0.084345473451]
    ]
  ],
  "expected_outcome": [
    [
      [0.78928424671, 8.7804000207, 0.99746251891, 8.247499017, 4.6878845615, 4.8424467394, 3.0618128645, 1.5837436914, 42.6038353498, 0.51441860337, 0.29799135561, 0, 0, 5.4414655992, 1.247284161, 0.43782504153, 22.7233442744, 0.03038845705, 0.63148690606, 0.15755243557, 0.64117589789, 5.4949581304, 25.6450198427, 1.5972202652, 0.057268614628, 0.32007228673, 24.204850541, 8.3900897815, 0.21329869599, 0.33821639567, 12.102753606, 5.1081047802, 30.0014869041, 22.5459199628, 4.4935411847, 3.2650606114, 0.11791868346, 0.22293502334, 0.62590844997, 0.0080945875616, 0, 0, 3.293820985, 12.4021773132, 11.3438871251, 7.5604642971, 4.891962174, 2.6327645683, 9.4456346391, 10.4845574401, 0.72424843743, 16.1644435351, 0.16254787171, 10.8819671298, 4.1709871358, 6.3560903144, 10.1566105075, 13.8505379029, 29.498632297, 35.7130888969, 40.3972863822],
      [0.00045139560104, 0.28797259471, 0.0076997963546, 0.08978579097, 0.14028586537, 0.27533226452, 0.036607846311, 0.20989150036, 2.2043533155, 0.055097027857, 0.012983818974, 0, 0, 0.3703547445, 0.078380314494, 0.0085479773434, 1.7051807211, 0.00098298327281, 0.02028682454, 0.011224933032, 0.02886164233, 0.47899902875, 1.6611707286, 0.11496711102, 0.020471742945, 0.058933028903, 0.92561416241, 0.25430914937, 0.016219780157, 0.015535323815, 0.7431917644, 0.1853811478, 1.0844440322, 0.68849665013, 0.40120413581, 0.11532406831, 0.0075360055168, 0.030051131159, 0.007138066711, 0.012259217136, 0, 0, 0.2379852424, 0.31081403811, 0.40977661885, 0.37154626507, 0.17302956296, 0.03076388031, 0.55718319808, 0.57211188882, 0.039671876867, 0.27140357994, 0.0053138794733, 0.23409849251, 0.21346607162, 0.2792422785, 0.24282793131, 0.64247611401, 1.1472850331, 2.0872873881, 2.2426593938],
      [0.1881019232, 31.842092528, 3.5305842063, 14.1032275335, 24.8548764498, 14.1156161201, 4.9669106108, 5.805856818, 200.3271488448, 4.9765687609, 4.5181907923, 0, 0, 36.5144589723, 6.5872808602, 4.0668256012, 111.6627669192, 1.5907996021, 4.5444882637, 1.6306565659, 5.6625546851, 37.5853965312, 131.4722734663, 10.0796003115, 1.7437354695, 2.1074368894, 76.1161129573, 18.1051630199, 0.53270821636, 1.9325128867, 55.5254563414, 13.7198475815, 105.4431573567, 48.630626728, 29.7700442294, 13.4052158155, 0.83728039294, 0.60721175166, 0.34272180973, 0.83519202024, 0, 0, 16.8860603001, 32.7399629225, 35.2022637188, 22.7638614303, 15.1910786222, 3.850724362, 34.5372912726, 38.7077910074, 2.7371349088, 48.7286988198, 2.7042780507, 24.9779277975, 22.3794167301, 28.5297814049, 23.927283352, 37.7365026344, 152.0529188243, 145.0054063416, 123.6352135724],
      [0.021996623519, 6.0283734129, 0.45786034316, 2.538907041, 4.2844666171, 1.7548979431, 0.92889262911, 1.3873238661, 16.6055104122, 0.44604688719, 0.1683801973, 0, 0, 7.5928609139, 2.0755656456, 0.48549279927, 18.6662095039, 0.37762749939, 0.79948211263, 0.19427828903, 0.66199145825, 4.3788880283, 17.9263380027, 2.1696984866, 0.17813998247, 0.50974851931, 5.6534854479, 2.2277898301, 0.23562229818, 0.70788253869, 14.4148248869, 2.9443993028, 7.3006297448, 5.0481367957, 3.2907950153, 2.1901366283, 0.036223369616, 0.13929286689, 0.023937501184, 0.14420919724, 0, 0, 2.4968709004, 3.4947789291, 7.9610838331, 5.2417799795, 2.7178923068, 0.47753944041, 6.3450719047, 7.1233724076, 0.49488331809, 3.7687646954, 0.12741065467, 2.8469720021, 2.1983805117, 3.7748347293, 3.6225843322, 6.703591965, 18.1233003307, 19.8751162707, 20.4104984825],
      [0.00016581096753, 0.061161443597, 0.0063931353212, 0.020580617512, 0.03248650621, 0.011706932907, 0.0057760492501, 0.013184124124, 0.25915207782, 0.0078687206918, 0.0024538357615, 0, 0, 0.080859770075, 0.01148901871, 0.001308580695, 0.24249858132, 0.00020145819889, 0.0042558930861, 0.0062877764685, 0.0054163164431, 0.061758281329, 0.29519795974, 0.038513825659, 0.00038419046455, 0.0038092756638, 0.099936891442, 0.022648219176, 0.0021510093202, 0.0058528550742, 0.21377340124, 0.042267187621, 0.17028196224, 0.086819863287, 0.044415434755, 0.024262876469, 0.0010415484674, 0.00050922695459, 0.00029417240673, 0.00024497782433, 0, 0, 0.085262572083, 0.052266797096, 0.082988704082, 0.062348028086, 0.026037334031, 0.0082077490062, 0.11481898545, 0.1121672561, 0.00406145881, 0.066689369824, 0.00044954341372, 0.059034578063, 0.037749550715, 0.060051272947, 0.050693876984, 0.066891383661, 0.17786351483, 0.31910110273, 0.31434216899]
    ],
    [
      [5.3603186974, 13.569638746, 0.90364145236, 6.7149165324, 1.6799470085, 2.7550013321, 2.0614380816, 1.720194967, 36.3299541513, 0.6895597249, 0.28394322351, 2.4370150053, 0.0089882318055, 5.8163062277, 0.83840776807, 0.12441842927, 29.0711016228, 0.010572663185, 0.78381515815, 0.74544455142, 0.23788052184, 7.9440428441, 27.0984716231, 3.0063672256, 0.045794457674, 0.29271522604, 26.9862614909, 12.5934470254, 0.26545197023, 0.33348693596, 8.1501751138, 8.6596312503, 28.1422379441, 18.5628163628, 8.35824544, 5.6912652348, 0.35817972408, 0.36275499143, 2.8376282062, 0.012087588538, 0.3872911999, 0.034941485524, 4.6802396691, 16.7174289558, 9.5327498884, 5.555703434, 3.4571778093, 6.4528999365, 7.3639311107, 13.1615458821, 1.2238787759, 16.6585020933, 0.07784489842, 11.32725317, 5.3554475858, 10.8880881928, 12.7755934574, 12.3717002931, 21.4591830627, 28.076456451, 34.3809834553],
      [0.035990130382, 4.02854526, 0.06551582102, 0.6713521041, 0.45722494854, 1.4511208765, 0.23467070164, 2.1184322846, 16.9609776812, 0.6750703299, 0.11140351651, 0.21534033302, 0.0027479511886, 3.5780480222, 0.48518134694, 0.022207515108, 19.6825588051, 0.0018068260509, 0.23133082533, 0.48408784038, 0.099733403934, 6.25867967, 15.8377634992, 1.9620829862, 0.13170808527, 0.51627318365, 9.3298005837, 3.4807237946, 0.23011884035, 0.14664302849, 4.524613066, 2.859657832, 9.190296688, 5.1442935051, 6.743660207, 1.8257100639, 0.21802010924, 0.58179748103, 0.42484941261, 0.078335829058, 0.1942505443, 0.016384841534, 3.0691416313, 3.7963174985, 3.1194231028, 2.4831017109, 1.1189140495, 0.71143688091, 3.9368660922, 6.496002967, 0.62365725078, 2.532443588, 0.022309697472, 2.2208013246, 2.4828694722, 4.3271970088, 2.7708372132, 5.1988854329, 7.5321430105, 14.8107350519, 17.2318435279],
      [7.6036422331, 213.9972705535, 14.6376635744, 50.7414577579, 38.9091512515, 35.6047685193, 15.3723133578, 28.0379700301, 740.4594289812, 29.183119072, 18.7173722752, 17.2262812312, 3.8888798062, 169.3995724397, 19.5324855139, 5.1684101035, 619.1522728187, 1.5624138912, 24.9162053497, 33.6826560174, 9.3500376016, 235.8542698579, 602.1245516937, 82.565500274, 5.2214234676, 8.6827499203, 368.5986737295, 119.0696632469, 3.596866123, 8.6835940559, 162.3249190862, 101.6737573982, 429.2851729838, 174.5286030273, 240.3309345193, 101.9708309164, 11.6921342755, 5.6005435036, 9.8945210072, 2.4213630329, 16.0897211279, 5.9536252928, 104.5165890967, 192.1883515629, 128.7410068897, 73.0606619913, 47.1967416596, 42.8768498973, 117.1930350159, 211.1086522422, 20.6995600334, 218.5346876654, 5.6059206452, 113.8316743242, 125.0532230382, 212.39277115, 131.2385377597, 146.7139369337, 479.5522846195, 494.2431303567, 456.3235845452],
      [0.9168511702, 44.0104392167, 2.0453870146, 9.9020514096, 7.2854078673, 4.8023459156, 3.0987999133, 7.284959699, 66.6813637335, 2.843645055, 0.75454237675, 1.8950027774, 0.086590450169, 38.2805888727, 6.6953264615, 0.66368509431, 112.4506912072, 0.42301745577, 4.7623116355, 4.369121427, 1.1939673235, 29.8561209532, 89.1986491461, 19.3189261277, 0.58661221593, 2.2988222204, 29.7361326163, 15.9029376166, 1.7137821142, 3.484275936, 45.7936866102, 23.6952940787, 32.2857462489, 19.6751813607, 28.8615359368, 18.0902531582, 0.5417975524, 1.3938664411, 0.73408739646, 0.47909888239, 1.3327931369, 0.8898448522, 16.7948626024, 22.2736975196, 31.6238782075, 18.27321552, 9.165519407, 5.759871558, 23.3905055289, 42.2046695616, 4.050789213, 18.3511691792, 0.28222674302, 14.087239427, 13.340225501, 30.5250394937, 21.5683064245, 28.3038007864, 62.0962252808, 73.5973965713, 81.8393911209],
      [0.083197768901, 5.3941062239, 0.3477921376, 0.97022219593, 0.66826892411, 0.38676335646, 0.23277794559, 0.83844301929, 12.5682754529, 0.60860581821, 0.13273860802, 0.22636065314, 0.012793560661, 4.9254844378, 0.4485989096, 0.021278857794, 17.6433755461, 0.0021891638386, 0.30633703126, 1.7186901638, 0.11838114908, 5.0868866748, 17.7405640378, 4.1471233865, 0.01446177357, 0.20943944967, 6.3491315797, 1.9532283164, 0.19378095227, 0.3520000437, 8.2066061238, 4.1116594408, 9.0965461352, 4.0891057442, 4.7056238968, 2.4219406267, 0.18986833876, 0.061037582848, 0.10891397762, 0.0091146670964, 0.99594399095, 0.10520352792, 6.9391670005, 4.0242044631, 3.9829419116, 2.6273173438, 1.0616470746, 1.1989417272, 5.1156622523, 8.0291293471, 0.40211472695, 3.9231974741, 0.011698015924, 3.5330317543, 2.7682344028, 5.8669041548, 3.6467251453, 3.4116765538, 7.3601640266, 14.2722815691, 15.2241973507]
    ],
    [
