{
  "X": [
    [4, 7, 6, 1],
    [4, 12, 11, 3],
    [0, 3, 3, 1],
    [2, 10, 5, 1],
    [1, 7, 5, 0],
    [1, 13, 7, 5],
    [4, 115, 200, 30],
    [31, 388, 590, 79],
    [81, 480, 599, 83],
    [30, 364, 456, 52],
    [67, 565, 485, 46],
    [19, 651, 382, 66],
    [17, 160, 146, 27],
    [42, 702, 480, 50],
    [19, 136, 212, 19],
    [34, 284, 319, 48],
    [41, 318, 416, 44],
    [16, 83, 80, 18],
    [22, 140, 144, 16],
    [63, 714, 737, 110],
    [22, 192, 275, 45],
    [15, 220, 160, 23],
    [21, 262, 229, 26],
    [18, 152, 168, 22],
    [29, 356, 428, 57],
    [15, 124, 159, 21],
    [18, 126, 136, 24],
    [19, 138, 397, 42],
    [45, 561, 561, 76],
    [30, 335, 450, 67],
    [9, 116, 132, 17],
    [47, 460, 478, 41],
    [13, 282, 165, 23],
    [17, 175, 163, 22],
    [15, 209, 311, 29],
    [25, 252, 240, 32],
    [31, 485, 352, 50],
    [19, 102, 149, 17],
    [17, 99, 260, 31],
    [29, 227, 349, 49],
    [19, 365, 315, 44],
    [2, 23, 8, 2],
    [22, 110, 217, 25],
    [60, 408, 583, 82],
    [56, 527, 590, 89],
    [14, 198, 364, 47],
    [31, 436, 363, 45],
    [1, 0, 6, 0],
    [6, 85, 29, 5],
    [9, 182, 207, 46],
    [112, 1266, 1164, 107],
    [21, 168, 168, 34],
    [169, 835, 902, 147],
    [35, 232, 216, 34]
  ],
  "W": [
    [2, 6, 8, 1, 1],
    [4, 10, 11, 0, 5],
    [0, 4, 3, 0, 0],
    [1, 6, 9, 0, 2],
    [1, 5, 6, 0, 1],
    [2, 8, 8, 2, 6],
    [14, 171, 102, 26, 36],
    [59, 526, 360, 67, 76],
    [102, 522, 475, 50, 94],
    [32, 409, 340, 53, 68],
    [111, 390, 551, 20, 91],
    [30, 360, 587, 37, 104],
    [27, 115, 155, 12, 41],
    [93, 396, 659, 44, 82],
    [39, 163, 131, 15, 38],
    [62, 258, 268, 26, 71],
    [32, 393, 280, 35, 79],
    [34, 58, 80, 0, 25],
    [13, 125, 139, 14, 31],
    [64, 680, 703, 75, 102],
    [31, 246, 178, 28, 51],
    [23, 130, 216, 20, 29],
    [50, 175, 233, 8, 72],
    [38, 142, 143, 11, 26],
    [69, 346, 336, 32, 87],
    [12, 139, 120, 22, 26],
    [11, 128, 113, 18, 34],
    [40, 350, 132, 31, 43],
    [73, 498, 526, 50, 96],
    [30, 426, 302, 34, 90],
    [13, 109, 109, 8, 35],
    [88, 396, 439, 31, 72],
    [45, 126, 269, 8, 35],
    [33, 137, 162, 15, 30],
    [16, 275, 185, 24, 64],
    [36, 205, 231, 22, 55],
    [55, 289, 461, 28, 85],
    [18, 131, 99, 9, 30],
    [12, 255, 91, 27, 22],
    [27, 313, 231, 28, 55],
    [27, 274, 335, 38, 69],
    [5, 6, 19, 0, 5],
    [17, 194, 102, 25, 36],
    [85, 489, 390, 80, 89],
    [89, 512, 495, 49, 117],
    [22, 335, 186, 30, 50],
    [80, 300, 402, 22, 71],
    [3, 4, 0, 0, 0],
    [4, 27, 85, 3, 6],
    [8, 207, 177, 28, 24],
    [197, 992, 1174, 97, 189],
    [22, 164, 159, 20, 26],
    [174, 815, 796, 64, 204],
    [67, 180, 225, 6, 39]
  ],
  "method": "mvn_cdf",
  "mvncdf_method": "genz",
  "mvncdf_samples": 5000,
  "mvncdf_error": 1e-06,
  "cond_prob": [
    [
      [0.99248737124, 0, 0, 0.0075126287626],
      [0.018387150778, 0.023348040199, 0.83645910812, 0.1218057009],
      [0.011192214792, 0.84712234042, 0.1130307834, 0.028654661392],
      [0.9688465831, 0, 0.018540677922, 0.012612738979],
      [0.84631805142, 0.08293303544, 0.058458406187, 0.012290506951]
    ],
    [
      [0.74772313584, 0.065911323918, 0.12332123699, 0.063044303249],
      [0, 0.022356581019, 0.75560815766, 0.22203526133],
      [0, 0.84088739325, 0.15087898918, 0.0082336175663],
      [0.45461672827, 0.021527217827, 0.2426218019, 0.28123425201],
      [0.20182149132, 0.45260551368, 0.25819291889, 0.087380076105]
    ],
    [
      [0.39845304652, 0.20574797499, 0.32324745344, 0.07255152505],
      [0, 0.27346638972, 0.47653361028, 0.25],
      [0, 0.63537814704, 0.36462185296, 0],
      [0.23112064414, 0.051685015228, 0.49719461837, 0.21999972226],
      [0.097550028446, 0.53735999577, 0.31723880339, 0.047851172394]
    ],
    [
      [0.99208132689, 0.0049131448079, 0, 0.0030055282996],
      [0, 0.097389876295, 0.78256484269, 0.12004528102],
      [0, 0.95212392918, 0.020654676492, 0.027221394325],
      [0.98243317111, 0.002498991472, 0.010941346423, 0.0041264909959],
      [0.50395933655, 0.42081611739, 0.059359427731, 0.015865118326]
    ],
    [
      [0.89649551336, 0.097135330398, 0.0063691562411, 0],
      [0, 0.099475297894, 0.90052470211, 0],
      [0, 0.94642490078, 0.053575099221, 0],
      [0.78285840937, 0.037444060901, 0.17178779328, 0.0079097364515],
      [0.10350448664, 0.72693877546, 0.1695567379, 0]
    ],
    [
      [0.19906937169, 0.26837726222, 0.20465036126, 0.32790300484],
      [0.026597289366, 0.17711743202, 0.51331537269, 0.28296990593],
      [0, 0.88299513703, 0.11700486297, 0],
      [0.058276318302, 0.04220866924, 0.17499752967, 0.72451748279],
      [0.045421717515, 0.64965459745, 0.19969038882, 0.10523329622]
    ],
    [
      [0.19248573616, 0.22962062497, 0.47159696892, 0.10629666995],
      [0, 0.034254357287, 0.85465240024, 0.11109324247],
      [0, 0.82277417331, 0.17288940925, 0.0043364174345],
      [0.050199988221, 0.08701874121, 0.59647635294, 0.26630491763],
      [0, 0.54839897792, 0.39191602982, 0.059684992256]
    ],
    [
      [0.2906654857, 0.22728920854, 0.39806485354, 0.083980452212],
      [0, 0.046636808266, 0.85131815513, 0.1020450366],
      [0, 0.84617161529, 0.15121892972, 0.0026094549966],
      [0.15356505903, 0.052262630531, 0.56072777857, 0.23344453187],
      [0.046866807745, 0.55178418156, 0.35149010763, 0.04985890306]
    ],
    [
      [0.50336699387, 0.15411152077, 0.27664627401, 0.065875211352],
      [0, 0.042670081356, 0.8435436974, 0.11378622125],
      [0, 0.8345524421, 0.16234761441, 0.0030999434907],
      [0.30863875425, 0.038194372825, 0.44448024283, 0.20868663009],
      [0.15132583949, 0.4647309976, 0.33099086197, 0.052952300936]
    ],
    [
      [0.37550096204, 0.22231314867, 0.33908815118, 0.063097738109],
      [0.00079273559041, 0.054516866668, 0.85531791949, 0.089372478255],
      [0.00036287728661, 0.86409700323, 0.13430399566, 0.0012361238145],
      [0.2195318128, 0.05653125879, 0.52936969505, 0.19456723336],
      [0.086782000037, 0.55587416117, 0.31770879012, 0.039635048666]
    ],
    [
      [0.45491489862, 0.19062120024, 0.30162125477, 0.052842646379],
      [0.00050127799546, 0.053273374845, 0.8614789848, 0.084746362357],
      [0, 0.85982098004, 0.13969274045, 0.00048627950866],
      [0.28079674243, 0.05112461698, 0.49578683026, 0.17229181034],
      [0.11750563722, 0.53055580487, 0.3149098907, 0.037028667215]
    ],
    [
      [0.27964158432, 0.32605392705, 0.30439657638, 0.089907912246],
      [0, 0.084740230025, 0.78415221505, 0.13110755492],
      [0, 0.91523546166, 0.083038175128, 0.001726363211],
      [0.16372657571, 0.083232682477, 0.47539399193, 0.27764674989],
      [0.043777588165, 0.67681802051, 0.23307998835, 0.046324402971]
    ],
    [
      [0.38188322603, 0.17672957091, 0.33020862633, 0.11117857673],
      [0.0026537807085, 0.041875636511, 0.8060413034, 0.14942927938],
      [0.00052743613076, 0.83848355154, 0.16098901233, 0],
      [0.19610761411, 0.039749593914, 0.45635792228, 0.30778486969],
      [0.096315223075, 0.48708921392, 0.34048842, 0.076107143008]
    ],
    [
      [0.30775789776, 0.29697996302, 0.33589288763, 0.059369251584],
      [0, 0.072924220717, 0.84325989796, 0.083815881318],
      [0, 0.89535943036, 0.10420298353, 0.00043758610961],
      [0.18850417195, 0.077818639903, 0.54362097951, 0.19005620864],
      [0.062004048078, 0.63459740577, 0.27124332451, 0.03215522164]
    ],
    [
      [0.33297781936, 0.17497504778, 0.42802703399, 0.064020098864],
      [0.0013127242875, 0.037840228985, 0.88678280568, 0.07406424105],
      [0.00088460184446, 0.80158074606, 0.19645192279, 0.001082729307],
      [0.17522281162, 0.040266908165, 0.60508046717, 0.17942981304],
      [0.080412262367, 0.45781406462, 0.41973524885, 0.042038424164]
    ],
    [
      [0.36196240542, 0.18996443451, 0.35753230882, 0.09054085125],
      [0.00070076214085, 0.043479608378, 0.83633992411, 0.11947970537],
      [0.00039375578271, 0.83727223541, 0.15977359952, 0.0025604092922],
      [0.19273164163, 0.044011880686, 0.5085244604, 0.25473201729],
      [0.088182887319, 0.4995943396, 0.35234275763, 0.059880015452]
    ],
    [
      [0.5400689273, 0.1727887142, 0.24281006734, 0.044332291166],
      [0, 0.059155560179, 0.85385818364, 0.086986256183],
      [0, 0.87307131314, 0.12615887625, 0.00076981060669],
      [0.35992800007, 0.050345251943, 0.43330571122, 0.15642103676],
      [0.14076347245, 0.54431106959, 0.2806788156, 0.034246642358]
    ],
    [
      [0.3773043896, 0.14634286976, 0.32725843129, 0.14909430936],
      [0.010720858165, 0.046780472649, 0.76680876357, 0.17568990562],
      [0, 0.80697642461, 0.19302357539, 0],
      [0.17305950015, 0.029470808577, 0.40169711402, 0.39577257726],
      [0.10199363921, 0.43011844182, 0.35825676073, 0.10963115824]
    ],
    [
      [0.70137046556, 0.097628312848, 0.16776671732, 0.033234504267],
      [0, 0.043358049424, 0.85984105655, 0.096800894021],
      [0, 0.84348101676, 0.152749335, 0.0037696482389],
      [0.50716003035, 0.031680470711, 0.33153781372, 0.12962168522],
      [0.18651430719, 0.50398993018, 0.273071408, 0.036424354634]
    ],
    [
      [0.46193841757, 0.18602387509, 0.28001706132, 0.072020646031],
      [0.00036868833641, 0.05377590143, 0.82593929337, 0.11991611686],
      [0, 0.86486483613, 0.13292546124, 0.002209702633],
      [0.27693414238, 0.048496198509, 0.44741190482, 0.2271577543],
      [0.12171737773, 0.52833004252, 0.2984087889, 0.051543790847]
    ],
    [
      [0.37092303704, 0.18592483713, 0.34872414264, 0.09442798319],
      [0.0010260193342, 0.042940866246, 0.82994889839, 0.12608421603],
      [0.00053995204753, 0.83782506233, 0.1594124339, 0.0022225517193],
      [0.19645911912, 0.042947163816, 0.49507855493, 0.26551516213],
      [0.091216045014, 0.49681363275, 0.34871587847, 0.063254443765]
    ],
    [
      [0.36176766623, 0.23602473533, 0.3249572643, 0.077250334143],
      [0.00073218085827, 0.058267929555, 0.8293589298, 0.11164095979],
      [0.0005367104773, 0.87553122179, 0.12098768919, 0.0029443785408],
      [0.20671034627, 0.05889970459, 0.4992307622, 0.23515918694],
      [0.080483578502, 0.57599524988, 0.29625399787, 0.047267173746]
    ],
    [
      [0.30614404312, 0.2389018153, 0.3799056434, 0.075048498186],
      [0, 0.051700772402, 0.85286020553, 0.095439022065],
      [0, 0.85836897314, 0.13895429815, 0.0026767287194],
      [0.16813618727, 0.057036653976, 0.55732942959, 0.21749772917],
      [0.060384838138, 0.5632084735, 0.33221104107, 0.044195647284]
    ],
    [
      [0.35677478897, 0.21391793146, 0.35239647078, 0.076910808797],
      [0.00063744475628, 0.049389934021, 0.8452186246, 0.10475399663],
      [0.00030843329404, 0.85519229877, 0.1413127841, 0.0031864838383],
      [0.19758702278, 0.051692166664, 0.5246503672, 0.22607044336],
      [0.082095294317, 0.53833213139, 0.33111566356, 0.04845691073]
    ],
    [
      [0.28677711016, 0.21141235179, 0.41075039522, 0.091060142838],
      [0, 0.042766813868, 0.85025245499, 0.10698073114],
      [0, 0.83256067495, 0.1643606292, 0.0030786958498],
      [0.14683775056, 0.047096009779, 0.56074161542, 0.24532462424],
      [0.051880130818, 0.52146863254, 0.37128701378, 0.055364222855]
    ],
    [
      [0.46667669528, 0.16964207829, 0.30026480441, 0.063416422021],
      [0.00074841768861, 0.046124815892, 0.85078128798, 0.10234547844],
      [0.00024583405524, 0.84657837959, 0.15000680293, 0.003168983433],
      [0.27532267799, 0.043978949791, 0.48003534536, 0.20066302685],
      [0.12343271521, 0.49984627715, 0.32987036035, 0.046850647296]
    ],
    [
      [0.5707779966, 0.15213936039, 0.21425708842, 0.062825554594],
      [0, 0.054920006885, 0.81044156759, 0.13463842553],
      [0, 0.8722189293, 0.12451095466, 0.0032701160373],
      [0.36578070901, 0.043293571915, 0.37369492023, 0.21723079884],
      [0.15109968457, 0.52813773084, 0.26795308633, 0.052809498262]
    ],
    [
      [0.29045524501, 0.16107924125, 0.46898860321, 0.07947691053],
      [0, 0.030521201455, 0.88426776879, 0.085211029753],
      [0, 0.77043109507, 0.22682886702, 0.0027400379125],
      [0.14264030121, 0.034531469543, 0.61658337765, 0.2062448516],
      [0.068835833997, 0.42109371479, 0.45793585212, 0.052134599099]
    ],
    [
      [0.36176939659, 0.23201339322, 0.33097380721, 0.075243402972],
      [0.00048695516865, 0.057034393472, 0.83502559362, 0.10745305774],
      [0.00011699274849, 0.87122724722, 0.12642880207, 0.0022269579602],
      [0.20790688858, 0.057911600282, 0.50678767989, 0.22739383125],
      [0.082202580831, 0.56769564887, 0.30370033925, 0.046401431041]
    ],
    [
      [0.4111860562, 0.19503148226, 0.31379495579, 0.079987505746],
      [0.0009043853121, 0.050044823443, 0.82969391169, 0.11935687956],
      [0.00038055661731, 0.85708201891, 0.14024224836, 0.0022951761063],
      [0.23385266711, 0.04833088035, 0.47738074509, 0.24043570745],
      [0.10236923768, 0.52608823446, 0.31724934011, 0.05429318776]
    ],
    [
      [0.34606811237, 0.19414885024, 0.37643005091, 0.083352986483],
      [0.0011272839744, 0.042185921568, 0.84928114948, 0.10740564498],
      [0.00084469463923, 0.83439039172, 0.16088945867, 0.0038754549667],
      [0.18188259457, 0.044919098119, 0.53726378677, 0.23593452054],
      [0.080888803248, 0.50199697182, 0.36284865014, 0.054265574792]
    ],
    [
      [0.37731540106, 0.22069877605, 0.34856771667, 0.053418106227],
      [0.0013803754701, 0.054671959112, 0.87155361914, 0.072394046281],
      [0, 0.85972870748, 0.14027129252, 0],
      [0.22393210587, 0.056908551925, 0.55090318636, 0.16825615584],
      [0.087607232485, 0.55199089175, 0.32685710502, 0.033544770746]
    ],
    [
      [0.22704463452, 0.31682937212, 0.3664762483, 0.089649745072],
      [0, 0.063137189999, 0.8229483655, 0.11391444451],
      [0, 0.8834857655, 0.11322721982, 0.0032870146857],
      [0.13688896942, 0.069569542368, 0.53441371496, 0.25912777326],
      [0.048225134041, 0.6163761445, 0.28810408353, 0.04729463793]
    ],
    [
      [0.35031567272, 0.23760815823, 0.33774656826, 0.07432960079],
      [0.0005994905308, 0.056746568716, 0.83799137567, 0.10466256508],
      [0.00028027453977, 0.87220201583, 0.12450555409, 0.0030121555397],
      [0.19954607543, 0.058999179537, 0.51670257764, 0.22475216739],
      [0.077295233017, 0.57343122022, 0.30430354512, 0.044970001645]
    ],
    [
      [0.33735686862, 0.21752528605, 0.38370536926, 0.061412476072],
      [0.00060177678839, 0.048557213839, 0.87380446728, 0.077036542097],
      [0.00023892875686, 0.84715368319, 0.1522940012, 0.00031338685802],
      [0.18871038317, 0.053144067954, 0.57586177986, 0.18228376901],
      [0.07599297608, 0.53386675932, 0.35264707271, 0.037493191892]
    ],
    [
      [0.39888620604, 0.21674129742, 0.31451972868, 0.069852767865],
      [0.00090341416566, 0.055830275794, 0.83777789314, 0.1054884169],
      [0.00052442700556, 0.86953688788, 0.12732566061, 0.0026130245064],
      [0.23384088122, 0.055366728037, 0.49402311188, 0.21676927887],
      [0.094350084612, 0.55765486616, 0.30276519293, 0.045229856301]
    ],
    [
      [0.3448736315, 0.24215283615, 0.33105823944, 0.081915292902],
      [0.00028471640879, 0.058969959157, 0.82529175356, 0.11545357087],
      [0, 0.87597272325, 0.12166283946, 0.0023644372923],
      [0.19533143249, 0.059637082637, 0.50033799687, 0.244693488],
      [0.076239848421, 0.57818837745, 0.29631114293, 0.049260631201]
    ],
    [
      [0.59039719915, 0.11624898611, 0.24460188678, 0.048751927959],
      [0, 0.036591119091, 0.86497285883, 0.098436022078],
      [0, 0.8205367177, 0.17568560084, 0.0037776814585],
      [0.37597566778, 0.032810029612, 0.42438378187, 0.16683052073],
      [0.16630231351, 0.452855211, 0.33577976704, 0.045062708452]
    ],
    [
      [0.49377167059, 0.14842807845, 0.29988722151, 0.057913029452],
      [0.00033110245922, 0.041142001875, 0.86395352052, 0.094573375143],
      [6.4280025786e-05, 0.82909737897, 0.16851585408, 0.002322486922],
      [0.29360231052, 0.038841253769, 0.4831933855, 0.18436305021],
      [0.13896349815, 0.46504896557, 0.35054733993, 0.045440196344]
    ],
    [
      [0.48938357475, 0.13398332342, 0.30279559027, 0.073837511565],
      [0.00015531360409, 0.03657639112, 0.84617301802, 0.11709527726],
      [0, 0.81076355353, 0.18574278723, 0.003493659244],
      [0.2790247106, 0.03344927499, 0.46400307771, 0.22352293669],
      [0.14409706231, 0.43111053241, 0.36497626178, 0.05981614351]
    ],
    [
      [0.30780285887, 0.26984114254, 0.3445704793, 0.077785519287],
      [0, 0.063281540743, 0.83034832062, 0.10637013864],
      [0, 0.88304373632, 0.1144504386, 0.0025058250817],
      [0.17519504713, 0.0668555652, 0.52408660097, 0.2338627867],
      [0.058433493036, 0.60891280931, 0.28876767308, 0.043886024574]
    ],
    [
      [0.31920303715, 0.3151173975, 0.26592398409, 0.099755581266],
      [0.0023018517947, 0.079471569378, 0.76097463381, 0.15725194502],
      [0.0061416986745, 0.9211432415, 0.056907504201, 0.015807555625],
      [0.16662526962, 0.075629645138, 0.41482377177, 0.34292131347],
      [0.054696285735, 0.68917240155, 0.20465793938, 0.051473373341]
    ],
    [
      [0.52010894457, 0.13401974703, 0.29157343766, 0.054297870741],
      [0, 0.037606295919, 0.87051488292, 0.091878821165],
      [0, 0.81751995398, 0.1799186279, 0.0025614181202],
      [0.31386448893, 0.035525956713, 0.47562828934, 0.17498126502],
      [0.14754265886, 0.44863496302, 0.35891547207, 0.044906906047]
    ],
    [
      [0.39175184951, 0.18028196638, 0.35087156926, 0.077094614858],
      [0.00083082519866, 0.042752185725, 0.85052561207, 0.10589137701],
      [0.00040619145816, 0.83250180638, 0.16437954462, 0.0027124575403],
      [0.21648015867, 0.04326792657, 0.51642187344, 0.22383004132],
      [0.099078560756, 0.49025927443, 0.35783280936, 0.052829355451]
    ],
    [
      [0.38339413238, 0.19803537402, 0.33312062268, 0.085449870917],
      [0.00068777988377, 0.048145600477, 0.83104113313, 0.12012548651],
      [0.00030986770423, 0.8514011845, 0.14612630013, 0.0021626476618],
      [0.21224107254, 0.047615628767, 0.49118432398, 0.24895897471],
      [0.093782750852, 0.52091924898, 0.32870644427, 0.056591555896]
    ],
    [
      [0.29497455622, 0.20158666461, 0.41542733238, 0.088011446789],
      [0, 0.040631208579, 0.85592104715, 0.10344774427],
      [0, 0.82510007668, 0.17191021222, 0.002989711094],
      [0.15024386501, 0.044871459865, 0.56736988332, 0.23751479181],
      [0.06006487626, 0.50277760892, 0.3826130384, 0.054544476425]
    ],
    [
      [0.28706683933, 0.2764994058, 0.36065207344, 0.075781681426],
      [0, 0.059891386815, 0.84012802756, 0.099980585628],
      [0, 0.87623221796, 0.12134507656, 0.0024227054761],
      [0.16758002885, 0.065348862471, 0.54219783054, 0.22487327814],
      [0.061237918573, 0.59478316756, 0.30141341982, 0.042565494043]
    ],
    [
      [0.28, 0, 0.72, 0],
      [0.040000000001, 0, 0.96, 0],
      [2.7025036085e-14, 7.3613501605e-11, 3.742320611e-10, 0.99999999955],
      [0.067466210473, 0.0073763523178, 0.89457004527, 0.030587391943],
      [1.3110445852e-13, 2.6387461233e-13, 7.1427454808e-12, 0.99999999999]
    ],
    [
      [0.77644418337, 0.10289682506, 0.091913674046, 0.028745317531],
      [0, 0.086762829227, 0.77679829308, 0.13643887769],
      [0, 0.92299034919, 0.070219580308, 0.0067900704992],
      [0.60499191866, 0.03962232454, 0.21862412233, 0.13676163447],
      [0.17987458509, 0.61212827593, 0.17237578291, 0.035621356062]
    ],
    [
      [0.31992635844, 0.22689117987, 0.32413510268, 0.12904735901],
      [0.0010977795375, 0.057245079865, 0.78049430001, 0.16116284059],
      [0, 0.8679013476, 0.1320986524, 0],
      [0.16108614152, 0.05023575019, 0.44106357094, 0.34761453734],
      [0.070955700232, 0.55458331243, 0.29638990064, 0.0780710867]
    ],
    [
      [0.37051946572, 0.24968703144, 0.32723945545, 0.052554047392],
      [0.001340811516, 0.065182553776, 0.8587174948, 0.074759139907],
      [0, 0.88025993106, 0.11974006894, 0],
      [0.22801447191, 0.066631246141, 0.53469097419, 0.17066330776],
      [0.082328975944, 0.59397974347, 0.29230797358, 0.031383307004]
    ],
    [
      [0.50916604445, 0.1746055033, 0.23386481391, 0.082363638342],
      [0.00017720929098, 0.058594129181, 0.78741986011, 0.15380880141],
      [0, 0.87926949251, 0.12073050749, 0],
      [0.30662046985, 0.046293157173, 0.38030478362, 0.26678158936],
      [0.13987981928, 0.53152035728, 0.26599502584, 0.062604797593]
    ],
    [
      [0.61812483804, 0.12094524868, 0.20204300919, 0.058886904084],
      [0, 0.04511941623, 0.81988202144, 0.13499856233],
      [0, 0.84818479867, 0.14879177817, 0.0030234231559],
      [0.4080706038, 0.034676164079, 0.35349951712, 0.203753715],
      [0.17318509577, 0.48925896204, 0.28224727651, 0.055308665672]
    ],
    [
      [0.43197920191, 0.17915915458, 0.30237306992, 0.086488573587],
      [0.00076319495191, 0.046990876176, 0.82010526105, 0.13214066782],
      [0.00035647883693, 0.85120638914, 0.14632735903, 0.0021097729856],
      [0.24279049826, 0.043912888146, 0.45477184909, 0.25852476451],
      [0.11238635007, 0.50648882167, 0.31973770381, 0.061387124448]
    ]
  ],
  "expected_outcome": [
    [
      [1.9849747425, 2.9908925434, 0, 0.99208132689, 0.89649551336, 0.39813874338, 2.6948003063, 17.1492636563, 51.3434333749, 12.0160307852, 50.4955537463, 8.3892475296, 10.3108471029, 28.6214844917, 12.9861349552, 22.4416691359, 17.2822056736, 12.8283492463, 9.1178160523, 29.5640587244, 11.4986141482, 8.3206563233, 15.3072021559, 13.5574419808, 19.7876206007, 5.6001203433, 6.2785579625, 11.6182098006, 26.4091659514, 12.335581686, 4.4988854608, 33.2037552929, 10.2170085532, 11.5604171998, 5.3977098979, 14.3599034173, 18.9680497325, 10.6271495848, 5.9252600471, 13.2133565181, 8.3106771895, 1.5960151857, 8.8418520577, 33.2989072081, 34.1220777819, 6.4894402368, 22.9653471466, 0.84, 3.1057767335, 2.5594108676, 72.9923347474, 11.201652978, 107.5537218195, 28.942606528],
      [0, 0.26364529567, 0, 0.0049131448079, 0.097135330398, 0.53675452444, 3.2146887496, 13.4100633041, 15.7193751181, 7.1140207575, 21.1589532265, 9.7816178115, 4.7716984147, 27.6191365611, 6.8240268633, 11.7777949396, 5.5292388543, 4.9756575719, 1.269168067, 11.9055280055, 5.7636699511, 5.4285689125, 11.9450907649, 8.1288813953, 14.5874522732, 2.0357049395, 1.6735329643, 6.4431696499, 16.936977705, 5.8509444678, 2.5239350531, 19.4214922924, 14.2573217452, 7.8410692216, 3.4804045768, 7.802686707, 13.3184059885, 2.09248175, 1.7811369413, 3.6175497322, 7.2857108486, 1.5755869875, 2.2783356995, 15.3239671422, 17.6251482879, 4.4349066215, 22.1199524638, 0, 0.41158730022, 1.8151294389, 49.1883451936, 3.8413210725, 21.0444732707, 12.0036633572],
      [0, 0.49328494796, 0, 0, 0.0063691562411, 0.40930072251, 6.6023575648, 23.485826359, 28.2179199491, 10.8508208378, 33.4799592791, 9.1318972915, 8.9156329108, 31.2380385498, 16.6930543258, 22.167003147, 7.7699221548, 11.1267866637, 2.1809673252, 17.9210919242, 10.8104484218, 7.4740170789, 18.9952821699, 13.3910658896, 28.3417772702, 3.6031776529, 2.3568279726, 18.7595441283, 24.1610879267, 9.4138486738, 4.8935906618, 30.6739590668, 16.4914311733, 11.1456367525, 6.1392859082, 11.3227102326, 18.2082031694, 4.402833962, 3.5986466581, 8.1754809374, 9.3034029411, 1.3296199204, 4.9567484402, 29.8240833868, 29.6477354185, 9.1394013124, 28.8521658755, 2.16, 0.36765469618, 2.5930808215, 64.4661727227, 5.145025906, 35.1554835991, 20.2589956845],
      [0.015025257525, 0.25217721299, 0, 0.0030055282996, 0, 0.65580600967, 1.4881533793, 4.9548466805, 6.7192715579, 2.0191276195, 5.8655337481, 2.6972373674, 3.0018215716, 5.5213403974, 2.4967838557, 5.6135327775, 1.4186333173, 5.0692065181, 0.43204855547, 4.609321346, 2.9272674789, 1.7767576853, 3.7524249093, 2.9226107343, 6.2831498558, 0.76099706425, 0.69108110053, 3.1790764212, 5.492768417, 2.3996251724, 1.0835888243, 4.700793348, 4.0342385283, 2.4528768261, 0.98259961715, 2.5146996431, 4.5053411096, 0.87753470327, 0.69495635342, 1.9936128123, 2.1002090208, 0.49877790633, 0.9230638026, 6.5530422629, 7.6050385116, 1.9362518293, 6.0625345141, 0, 0.11498127012, 1.032378872, 10.3531473363, 1.8120000435, 10.2463213106, 5.7947344303]
    ],
    [
      [0.11032290467, 0, 0, 0, 0, 0.21277831493, 0, 0, 0, 0.32422885648, 0.19549841823, 0, 0.30518478147, 0, 0.21397405886, 0.18079663234, 0, 0.62180977359, 0, 0.25070806876, 0.25240075621, 0.095183511575, 0, 0.090517155391, 0, 0.10403005872, 0, 0, 0.24250367399, 0.38526814295, 0.12287395321, 0.54662868615, 0, 0.08213020272, 0.16548861681, 0.18519990396, 0.082283042139, 0, 0.084431127102, 0.048613158081, 0, 0.013811110768, 0, 0.40627352214, 0.35214330049, 0, 0, 0.16, 0, 0.22724036426, 1.3300850239, 0.02906232372, 0, 0.13737509134],
      [0.14008824119, 0.22356581019, 1.0938655589, 0.58433925777, 0.49737648947, 1.4169394561, 5.857495096, 24.5309611481, 22.2737824681, 22.2973984672, 20.7766161894, 30.5064828089, 4.8156981988, 28.877991404, 6.1679573245, 11.2177389616, 23.2481351505, 2.7132674136, 5.419756178, 36.5676129726, 10.5634530964, 7.5748308421, 9.0476351704, 7.013370631, 14.7973175982, 6.411349409, 7.0297608812, 10.6824205093, 28.4031279492, 21.3190947867, 4.5982654509, 21.6500958083, 7.9552859399, 7.774279914, 13.3532338057, 11.4452065379, 17.0423181964, 4.793436601, 10.4912104781, 11.4484104205, 17.3391421637, 0.47682941627, 7.2956214083, 20.9058188193, 24.6505474441, 13.611454874, 17.9674160444, 0, 2.3425963891, 11.8497315321, 64.6610933459, 9.6094371857, 36.7723242275, 8.4583577117],
      [5.0187546487, 7.5560815766, 1.9061344411, 4.6953890561, 4.5026235105, 4.1065229815, 146.1455604413, 447.7933495989, 440.3298100405, 349.8250290702, 335.9768040731, 282.2947974182, 92.6947498911, 333.9309195941, 144.5455973255, 215.7757004205, 335.5662661696, 44.474908287, 107.4801320694, 561.6387194942, 204.167429004, 107.8166608737, 149.2505359683, 120.0210446927, 294.1873494272, 118.258599029, 103.7365206516, 309.4937190771, 415.8427456233, 353.4496063783, 92.5716452935, 345.1352331782, 103.6914940524, 114.8048184669, 240.2962285007, 171.7444680939, 238.5093167789, 113.3114445068, 220.3081477333, 264.8521546395, 227.5154398496, 4.5658478029, 168.8798872857, 415.907024303, 425.4930601603, 286.7335507944, 252.0384082671, 3.84, 20.9735539132, 161.5623201022, 851.8477548429, 129.1368570587, 668.2038474727, 147.6189469895],
      [0.73083420541, 2.2203526133, 1, 0.72027168612, 0, 2.2637592474, 18.9969444627, 53.675689253, 59.3964074914, 36.5533436061, 33.0510813193, 47.1987197729, 17.1843671287, 33.191089002, 12.0724712912, 30.8257639855, 34.1855986798, 10.1900145258, 12.1001117526, 81.5429594644, 31.0167171433, 14.5133247726, 16.7018288613, 14.8750675209, 37.0153329745, 14.2260215033, 17.2337184672, 29.8238604136, 53.5116227535, 50.846030692, 11.7072153023, 28.6680423274, 14.3532200077, 14.3387714163, 21.1850490768, 21.6251254642, 33.3660819825, 12.8951188922, 24.1162106615, 36.6508217819, 29.1454179867, 0.9435116701, 17.824491306, 51.7808833556, 61.5042490951, 34.6549943317, 29.9941756884, 0, 3.6838496977, 33.3607080015, 74.1610667873, 25.2246434319, 110.0238282998, 23.7853202074]
    ],
    [
      [0.089537718333, 0, 0, 0, 0, 0, 0, 0, 0, 0.12337827745, 0, 0, 0.081752600269, 0, 0.11588284162, 0.10552654977, 0, 0, 0, 0, 0.09611146446, 0.1159294631, 0, 0.044105961047, 0, 0.029500086629, 0, 0, 0.061538185707, 0.11492809843, 0.092071715676, 0, 0, 0.045404475443, 0.04420182002, 0.12114263828, 0, 0, 0.0058494823465, 0, 0, 0.11669227482, 0, 0.15841466868, 0.15338451359, 0, 0, 0, 0, 0, 0, 0, 0, 0.08020773831],
      [6.7769787234, 9.2497613257, 1.9061344411, 8.5691153626, 5.6785494047, 7.0639610963, 83.9229656779, 304.6217815036, 396.4124099985, 293.7929810996, 473.7613600014, 537.2432159949, 129.9649504888, 590.0418646061, 105.0070777343, 224.3889590892, 244.4599676793, 64.558113969, 117.2438613295, 607.9999797963, 149.1328610953, 189.1147439069, 199.9999707406, 122.2924987241, 279.7403867844, 101.5894055503, 98.5607390113, 101.696904549, 458.2655320398, 258.8387697122, 90.9485526975, 377.4209025838, 237.6576709185, 141.2967265647, 156.7234313902, 200.8630210995, 403.8234254181, 81.2331350524, 75.4478614862, 187.2863808653, 295.8196516678, 17.5017215885, 83.3870353056, 324.6757044887, 421.443586328, 153.4686142627, 352.2453516204, 0, 78.4541796814, 153.6185385254, 1033.425159069, 139.8038493089, 675.1550997436, 191.5214375572],
      [0.90424626717, 1.659668881, 1.0938655589, 0.18589208843, 0.32145059533, 0.93603890373, 17.6347197438, 54.4388146976, 77.1151168435, 45.663358526, 76.9706999893, 48.7434088002, 24.9532969109, 68.6697661477, 25.7352018849, 42.8193246707, 35.3244853509, 15.441886031, 21.2321575653, 93.4465992527, 28.3754132343, 26.1333408652, 32.3763514678, 20.207728126, 55.2251714101, 18.0008163511, 14.0697378765, 29.9414104465, 66.5015498874, 42.3531590053, 17.5369509954, 61.5790974162, 30.4581221311, 20.1698997624, 28.1743902211, 29.4122276012, 56.0865689902, 17.3928744832, 15.3349427216, 42.9065838493, 38.3408969298, 1.0812425798, 18.3517000462, 64.1080224019, 72.3325185658, 31.9752994738, 48.7807207782, 0, 5.9686643261, 23.3814614746, 140.574840931, 19.1961506911, 118.4382554243, 32.9236557827],
      [0.22923729114, 0.090569793229, 0, 0.24499254893, 0, 0, 0.44231457832, 0.93940379878, 1.4724731581, 0.42028209694, 0.26794000927, 1.0133752049, 0, 0.28836924623, 0.14183753922, 0.6861896903, 0.21554696987, 0, 0.52398110521, 1.553420951, 0.39561420604, 0.63598576481, 0.62367779161, 0.45566718888, 1.0344418055, 0.38027801196, 0.36952311221, 0.36168500445, 1.1713798871, 0.69314318411, 0.42242459137, 0, 0.88420695044, 0.48796919743, 0.057976568734, 0.60360866097, 1.0900055917, 0.37399046439, 0.21134630991, 0.80703528536, 0.83945140238, 0.30034355687, 0.26126464826, 1.0578584407, 1.0705105926, 0.55608626348, 0.97392760138, 0, 0.57715599243, 0, 0, 0, 2.4066448321, 0.47469892176]
    ],
    [
      [0.9688465831, 0, 0, 0, 0, 0.1165526366, 1.3051996937, 10.2888589551, 15.4319377127, 11.6351860784, 5.6159348485, 6.0578833012, 2.3532913693, 8.2941835659, 2.6283421743, 5.0110226824, 12.5974800026, 0, 7.1002404249, 20.7700606783, 5.5008553354, 4.1342069255, 1.3450894982, 2.1734572505, 4.6988080181, 6.0570989159, 6.5840527622, 4.4218493375, 10.3953444291, 7.9509906819, 1.4550607566, 6.9418952821, 1.0951117553, 2.9931911315, 4.5290491962, 5.1444993868, 5.4692801096, 3.3837810101, 7.927262384, 7.8126918969, 6.657411791, 0, 7.8466122233, 17.3184126938, 10.3998125544, 4.5073159502, 3.6867606347, 0, 1.814975756, 4.5104119626, 22.1174037752, 6.1324093969, 26.1165186432, 1.4567429895],
      [0, 0, 0, 0, 0, 0.08441733848, 2.2624872715, 3.5015962456, 1.9097186412, 2.9961567159, 1.0224923396, 3.0796092516, 0.47699512697, 3.4240201558, 0.60400362247, 1.1443088978, 1.762083818, 0, 0.44352658995, 3.6372148881, 1.2025205869, 1.1779940918, 0.45629323181, 0.56861383331, 1.5070723129, 0.9675368954, 0.77928429447, 1.0704755558, 2.8955800141, 1.6432499319, 0.35935278495, 1.7641651097, 0.55655633894, 0.88498769305, 1.2754576309, 1.2180680168, 1.6698383138, 0.29529026651, 1.0487138518, 0.93657969971, 2.5405114776, 0, 0.88814891782, 3.4614341256, 2.3331658096, 1.346143796, 1.4376749744, 0, 0.11886697362, 1.4066010053, 6.4632308757, 0.92586314346, 2.2192745011, 0.26347732888],
      [0.018540677922, 0, 0, 0, 0, 0.34999505934, 15.5083851764, 37.5687611642, 22.2240121415, 28.0565938376, 9.9157366051, 17.5895777013, 5.4762950674, 23.9193230984, 9.0762070076, 13.2216359703, 15.1656998927, 0, 4.6415293921, 33.5558928614, 13.862199538, 9.984615244, 4.4586354367, 5.7711540392, 17.9437316933, 10.560777598, 6.7265085642, 19.1140847072, 25.3393839943, 16.2309453331, 4.2981102942, 17.0779987773, 4.2753097197, 7.7505386646, 13.8206827167, 10.8685084613, 14.0094639125, 3.8194540369, 13.0462214086, 12.992086176, 19.9152908369, 0, 11.8907072334, 41.313749875, 24.0680318753, 17.0210964996, 11.9283522719, 0, 0.65587236699, 12.3497799864, 51.8650244964, 7.6060956724, 22.6239690955, 2.7286310945],
      [0.012612738979, 0, 0, 0, 0, 1.4490349656, 6.9239278584, 15.6407836352, 10.4343315046, 10.3120633682, 3.4458362068, 10.2729297458, 3.6934184363, 8.36247318, 2.6914471957, 6.6230324495, 5.4747362867, 0, 1.814703593, 17.0368315722, 7.4344245397, 4.7031837387, 1.7399818334, 2.486774877, 7.8503879757, 4.4145865908, 3.9101543791, 6.3935903995, 11.3696915625, 8.1748140531, 1.8874761643, 5.2159408309, 2.0730221861, 3.3712825109, 4.3748104562, 4.7689241351, 6.8514176641, 1.5014746866, 4.9778023556, 6.2586422274, 8.8867858946, 0, 4.3745316255, 17.9064033056, 12.1989897608, 7.1254437543, 4.947212119, 0, 0.41028490341, 9.7332070457, 16.5543408527, 5.3356317872, 13.0402377603, 1.5511485871]
    ],
    [
      [0.84631805142, 1.0091074566, 0, 1.0079186731, 0.10350448664, 0.27253030509, 0, 3.5618773886, 14.2246289124, 5.9011760025, 10.693012987, 4.5528691692, 3.9489241461, 5.0843319424, 3.05566597, 6.2609849996, 11.1203143238, 2.5498409802, 5.7819435228, 12.4151725286, 4.6520182957, 2.3340237766, 4.347708346, 2.1344776523, 4.5135713812, 3.2092505955, 5.1373892753, 2.9599408619, 7.8914477598, 9.2132313908, 2.8311081137, 6.3077207389, 1.6878796914, 2.3188569905, 4.8635504691, 5.1892546537, 6.4803871158, 4.9890694052, 3.0571969594, 7.9253384269, 4.0319110195, 0.27348142868, 5.311535719, 8.8179919073, 10.9725818497, 3.003243813, 4.3478922187, 0, 1.0792475105, 1.7029368056, 15.5601764534, 3.6368753014, 35.3297595373, 4.3830676528],
      [0.08293303544, 2.2630275684, 0, 0.84163223478, 0.72693877546, 3.8979275847, 19.7423632051, 41.9355977986, 43.6847137741, 37.7994429597, 48.2805782431, 70.389074133, 19.9706577708, 52.0369872731, 17.3969344555, 35.4711981118, 43.0005744979, 10.7529610454, 15.6236878355, 53.8896643375, 25.3374952704, 16.7038622466, 40.5510100923, 13.9966354162, 45.3677710312, 12.9960032058, 17.9566828486, 18.1070297359, 54.4987822919, 47.3479411014, 17.5698940135, 39.7433442059, 21.5731650575, 17.2029366066, 34.1674725964, 30.6710176388, 49.1460120832, 13.5856563301, 10.2310772426, 23.7110792823, 42.0149838423, 3.4458620077, 16.1508586688, 43.6330754243, 60.9475521304, 25.1388804459, 42.229604897, 0, 3.6727696556, 13.3099994983, 112.2621715159, 13.8195292894, 99.8088282571, 19.753064045],
      [0.058458406187, 1.2909645945, 0, 0.11871885546, 0.1695567379, 1.1981423329, 14.1089770737, 26.7132481803, 31.1131410255, 21.6041977285, 28.6568000534, 24.2403187888, 13.9600252198, 22.24195261, 15.9499394563, 25.0163357915, 22.173626432, 8.9564190183, 8.4652136481, 30.4376964675, 17.7845098019, 8.5913659382, 23.9191949573, 8.6090072525, 32.3019701992, 8.576629369, 9.1104049352, 19.691241641, 29.1552325683, 28.5524406095, 12.699702755, 23.5337115615, 10.0836429235, 9.1291063536, 22.5694126534, 16.6520856109, 25.186447149, 10.0733930111, 7.7120414784, 20.0736943978, 19.9249694427, 1.0232896969, 12.9209569945, 31.8471200333, 38.4586539801, 19.1306519198, 21.4003528072, 0, 1.0342546975, 7.1133576153, 55.246207007, 6.9158706718, 57.5784444085, 12.4697704487],
      [0.012290506951, 0.43690038053, 0, 0.031730236652, 0, 0.63139977731, 2.1486597212, 3.7892766325, 4.977516288, 2.6951833093, 3.3696087165, 4.817737909, 3.1203928633, 2.6367281745, 1.5974601182, 4.2514810971, 2.7054847462, 2.7407789561, 1.1291549936, 5.2574666664, 3.225976632, 1.3707480386, 3.1820866044, 1.259879679, 4.8166873884, 1.2181168297, 1.7955229409, 2.2417877613, 4.45453738, 4.8863868984, 1.8992951177, 2.4152234937, 1.6553123275, 1.3491000494, 2.3995642811, 2.4876420966, 4.1871536521, 1.3518812536, 0.99968431958, 3.289887893, 3.0281356956, 0.2573668667, 1.6166486177, 4.7018126352, 6.6212120398, 2.7272238213, 3.0221500771, 0, 0.21372813637, 1.8737060808, 5.9314450237, 1.6277247374, 11.2829677971, 2.3940978535]
    ]
  ],
  "prob": [
    [0.39845304652, 0.20574797499, 0.32324745344, 0.07255152505],
    [0.0005437065983, 0.052349296501, 0.84054449268, 0.10656250422],
    [0.00012792824005, 0.85964627171, 0.13822211031, 0.0020036897326],
    [0.23112064414, 0.051685015228, 0.49719461837, 0.21999972226],
    [0.097550028446, 0.53735999577, 0.31723880339, 0.047851172394]
  ],
  "iterations": 100,
  "time": 0.157864,
  "message": "Converged",
  "status": 0,
  "miniter": 0,
  "maxiter": 1000,
  "maxtime": 3600,
  "param_threshold": 0.001,
  "ll_threshold": "-Inf",
  "initial_prob": "random",
  "adjust_prob_cond_method": "project_lp",
  "adjust_prob_cond_every": true,
  "candidates_id": ["O'HALLORAN, Lawrence John.c", "PLIMMER, Malcolm Ross.c", "LEES-GALLOWAY, Iain Francis.c", "Other candidates votes.c"],
  "group_id": ["Green Party.p", "Labour Party.p", "National Party.p", "New Zealand First Party.p", "Other parties votes.p"]
}
