{
  "X": [
    [0, 0, 0, 5, 4, 2],
    [1, 0, 2, 3, 14, 3],
    [0, 0, 1, 1, 9, 0],
    [1, 0, 6, 5, 16, 6],
    [0, 0, 2, 2, 3, 0],
    [1, 1, 0, 3, 2, 2],
    [0, 1, 2, 0, 6, 0],
    [0, 0, 3, 8, 10, 0],
    [1, 0, 1, 1, 3, 0],
    [1, 8, 1, 6, 11, 4],
    [1, 7, 0, 4, 8, 2],
    [1, 2, 0, 2, 1, 0],
    [0, 0, 2, 1, 7, 0],
    [0, 0, 0, 4, 9, 1],
    [1, 0, 0, 3, 9, 1],
    [1, 1, 7, 10, 27, 7],
    [0, 0, 6, 14, 25, 5],
    [6, 8, 8, 34, 80, 17],
    [3, 2, 6, 19, 33, 7],
    [6, 4, 9, 22, 49, 14],
    [7, 8, 30, 56, 138, 15],
    [5, 4, 11, 45, 60, 12],
    [2, 1, 8, 13, 14, 1],
    [1, 2, 5, 18, 38, 8],
    [4, 1, 6, 28, 31, 3],
    [4, 3, 10, 49, 52, 13],
    [2, 1, 7, 14, 17, 2],
    [1, 2, 9, 10, 40, 7],
    [2, 3, 1, 5, 20, 3],
    [3, 4, 15, 33, 75, 14],
    [1, 0, 0, 4, 8, 0],
    [2, 1, 15, 26, 22, 6],
    [2, 1, 2, 3, 7, 1],
    [0, 2, 0, 3, 2, 0],
    [1, 0, 1, 24, 24, 3],
    [1, 0, 1, 9, 21, 5],
    [1, 0, 2, 1, 0, 4],
    [0, 0, 0, 3, 6, 0],
    [0, 0, 4, 13, 28, 8],
    [0, 3, 2, 8, 9, 5],
    [0, 1, 7, 3, 4, 3],
    [5, 4, 8, 24, 62, 11],
    [4, 3, 13, 44, 70, 13],
    [0, 0, 1, 12, 17, 1],
    [0, 0, 0, 1, 3, 2],
    [0, 2, 0, 1, 6, 2],
    [0, 1, 1, 3, 15, 5],
    [1, 2, 5, 7, 19, 3],
    [1, 0, 0, 8, 21, 1],
    [1, 1, 4, 16, 24, 3],
    [1, 2, 1, 0, 6, 1],
    [1, 2, 3, 15, 31, 4],
    [1, 2, 1, 10, 9, 0],
    [0, 1, 0, 8, 8, 1],
    [3, 6, 5, 19, 40, 6],
    [4, 1, 1, 5, 8, 0],
    [1, 2, 2, 8, 9, 4],
    [6, 6, 3, 8, 45, 10],
    [0, 0, 0, 4, 19, 2],
    [1, 4, 0, 7, 14, 2],
    [1, 0, 2, 4, 2, 3],
    [0, 3, 1, 5, 6, 1],
    [3, 6, 7, 15, 29, 13],
    [1, 4, 2, 11, 12, 1],
    [0, 4, 3, 7, 15, 3],
    [2, 3, 2, 6, 7, 3],
    [3, 3, 7, 9, 15, 3],
    [1, 2, 14, 17, 28, 6],
    [2, 3, 2, 4, 7, 3],
    [3, 3, 18, 13, 20, 8],
    [4, 4, 9, 12, 34, 5],
    [4, 3, 29, 64, 119, 20],
    [1, 2, 2, 5, 1, 0],
    [1, 2, 46, 74, 113, 12],
    [0, 2, 12, 12, 25, 3],
    [0, 4, 9, 11, 44, 1],
    [4, 7, 13, 32, 52, 11],
    [2, 1, 12, 20, 47, 5],
    [2, 1, 5, 5, 21, 4],
    [1, 4, 5, 7, 7, 0],
    [0, 1, 1, 3, 8, 0],
    [0, 0, 1, 6, 12, 0],
    [1, 0, 7, 11, 8, 3],
    [1, 2, 0, 6, 15, 1],
    [1, 3, 7, 20, 32, 7],
    [1, 0, 19, 25, 27, 3],
    [1, 2, 8, 11, 19, 3],
    [2, 1, 66, 39, 69, 8],
    [0, 2, 16, 12, 19, 7],
    [2, 1, 3, 8, 26, 10],
    [0, 0, 0, 2, 2, 2],
    [2, 1, 0, 5, 2, 1],
    [0, 0, 23, 23, 25, 5],
    [1, 2, 0, 7, 0, 1],
    [0, 2, 1, 12, 14, 1],
    [2, 5, 14, 31, 52, 3],
    [2, 5, 16, 26, 45, 9],
    [1, 1, 4, 18, 16, 5],
    [5, 4, 17, 17, 32, 4],
    [8, 8, 45, 60, 81, 17],
    [3, 6, 13, 11, 15, 4],
    [6, 5, 17, 35, 43, 12],
    [3, 1, 8, 19, 22, 4],
    [4, 5, 5, 21, 31, 5],
    [2, 1, 3, 19, 29, 6],
    [1, 1, 2, 0, 0, 2],
    [3, 3, 18, 25, 40, 8],
    [2, 3, 13, 17, 19, 4],
    [2, 6, 17, 33, 54, 8],
    [0, 7, 27, 42, 58, 14],
    [2, 4, 18, 23, 63, 9],
    [1, 7, 35, 39, 81, 7],
    [1, 6, 21, 33, 59, 9],
    [0, 0, 3, 2, 4, 0],
    [0, 3, 5, 5, 17, 3],
    [5, 2, 3, 10, 26, 3],
    [1, 2, 1, 1, 18, 2],
    [0, 0, 1, 3, 1, 2],
    [1, 2, 8, 18, 22, 7],
    [2, 1, 5, 25, 40, 3],
    [2, 4, 2, 6, 20, 2],
    [0, 3, 7, 7, 4, 3],
    [1, 2, 3, 7, 12, 1],
    [10, 23, 24, 54, 60, 27],
    [4, 3, 10, 14, 27, 4],
    [4, 4, 12, 20, 36, 8],
    [1, 4, 3, 10, 17, 3],
    [1, 5, 3, 18, 35, 2],
    [0, 2, 0, 4, 12, 2],
    [1, 1, 6, 12, 22, 2],
    [2, 2, 5, 7, 20, 2],
    [0, 1, 0, 3, 4, 1],
    [1, 0, 2, 4, 9, 1],
    [1, 1, 0, 1, 2, 1],
    [0, 0, 0, 1, 4, 1],
    [2, 1, 7, 10, 19, 2],
    [1, 2, 6, 21, 30, 12],
    [0, 0, 0, 4, 9, 3],
    [1, 1, 6, 15, 35, 8],
    [0, 0, 4, 1, 18, 2],
    [2, 0, 7, 26, 69, 6],
    [5, 6, 21, 67, 195, 18],
    [2, 0, 0, 2, 4, 1],
    [0, 0, 2, 0, 4, 1],
    [2, 3, 0, 5, 16, 3],
    [0, 4, 3, 13, 16, 5],
    [0, 3, 2, 4, 26, 6],
    [0, 0, 0, 2, 13, 0],
    [1, 2, 3, 1, 3, 2],
    [3, 0, 1, 7, 19, 3],
    [0, 0, 4, 14, 39, 3],
    [2, 4, 7, 8, 16, 3],
    [3, 5, 25, 63, 104, 19],
    [3, 7, 14, 47, 221, 10],
    [1, 3, 22, 60, 108, 5],
    [2, 0, 0, 4, 6, 1],
    [0, 5, 0, 9, 7, 0],
    [0, 0, 4, 3, 11, 0],
    [1, 1, 2, 6, 3, 0],
    [5, 2, 4, 9, 21, 2],
    [0, 1, 0, 5, 9, 1],
    [2, 1, 0, 13, 24, 7],
    [0, 0, 0, 2, 9, 1],
    [0, 0, 1, 3, 19, 4],
    [1, 2, 5, 20, 35, 8],
    [3, 6, 7, 27, 48, 4],
    [1, 0, 2, 2, 3, 0],
    [0, 0, 0, 4, 5, 0],
    [0, 0, 3, 1, 2, 1],
    [0, 1, 0, 4, 8, 1],
    [1, 4, 5, 6, 6, 3],
    [2, 0, 0, 2, 2, 0],
    [1, 3, 3, 4, 5, 1],
    [1, 3, 4, 10, 22, 4],
    [2, 4, 0, 6, 7, 1],
    [0, 1, 2, 1, 3, 1],
    [2, 1, 3, 17, 19, 0],
    [2, 1, 2, 0, 2, 1],
    [1, 2, 2, 5, 9, 2],
    [0, 0, 1, 6, 9, 1],
    [5, 1, 0, 6, 11, 2],
    [0, 0, 0, 0, 4, 3],
    [0, 0, 5, 7, 11, 1],
    [0, 1, 3, 1, 6, 0],
    [1, 2, 2, 2, 5, 0],
    [1, 0, 1, 3, 10, 2],
    [0, 1, 1, 6, 3, 2],
    [1, 0, 2, 7, 15, 5],
    [1, 0, 2, 15, 18, 2],
    [0, 2, 0, 8, 7, 4],
    [0, 5, 0, 3, 8, 1],
    [1, 7, 10, 17, 34, 7],
    [6, 5, 25, 81, 117, 12],
    [3, 3, 3, 9, 14, 1],
    [0, 0, 0, 4, 16, 0],
    [0, 0, 2, 7, 6, 0],
    [4, 7, 73, 33, 54, 10],
    [0, 1, 0, 3, 5, 2],
    [0, 2, 7, 7, 19, 3],
    [0, 1, 2, 6, 8, 3],
    [3, 4, 4, 12, 21, 3],
    [0, 2, 4, 14, 16, 3],
    [2, 3, 3, 7, 4, 1],
    [1, 2, 5, 19, 65, 7],
    [3, 3, 2, 22, 76, 4],
    [2, 0, 0, 4, 2, 1],
    [0, 1, 1, 2, 3, 2],
    [0, 0, 2, 2, 6, 1],
    [0, 1, 0, 4, 5, 2],
    [0, 0, 4, 5, 1, 1],
    [4, 1, 8, 10, 16, 6],
    [7, 6, 8, 17, 35, 4],
    [6, 5, 12, 13, 38, 8],
    [0, 0, 0, 1, 5, 1],
    [0, 0, 6, 2, 7, 1],
    [1, 1, 2, 5, 4, 0],
    [0, 0, 0, 4, 2, 1],
    [3, 2, 9, 41, 52, 12],
    [2, 5, 18, 44, 81, 19],
    [0, 0, 1, 1, 6, 0],
    [0, 0, 0, 3, 5, 1],
    [3, 0, 1, 3, 2, 2],
    [0, 3, 2, 1, 8, 1],
    [0, 1, 0, 2, 3, 0],
    [1, 0, 6, 6, 26, 3],
    [0, 3, 1, 3, 1, 0],
    [3, 4, 8, 14, 31, 8],
    [2, 8, 8, 41, 73, 11],
    [0, 0, 0, 6, 3, 0],
    [3, 2, 3, 14, 35, 9],
    [1, 1, 1, 11, 15, 1],
    [1, 0, 0, 9, 2, 0],
    [2, 1, 2, 17, 33, 4],
    [6, 1, 10, 17, 39, 13],
    [3, 0, 3, 13, 24, 10],
    [1, 3, 5, 18, 32, 8],
    [1, 1, 5, 11, 30, 8],
    [6, 5, 1, 13, 11, 4],
    [0, 2, 0, 4, 8, 3],
    [2, 3, 26, 33, 96, 10],
    [7, 2, 12, 29, 61, 13],
    [2, 0, 7, 6, 9, 3],
    [2, 0, 6, 13, 42, 20],
    [0, 1, 1, 2, 4, 0],
    [1, 1, 0, 4, 1, 0],
    [0, 1, 6, 0, 4, 0],
    [0, 2, 3, 8, 12, 1],
    [0, 0, 2, 0, 5, 0],
    [16, 16, 10, 37, 86, 15],
    [4, 3, 13, 12, 34, 8],
    [9, 15, 51, 47, 131, 35],
    [0, 2, 6, 19, 31, 3],
    [46, 73, 237, 314, 711, 120],
    [1, 1, 4, 6, 14, 3]
  ],
  "W": [
    [0, 3, 7, 0, 0, 1, 0],
    [0, 5, 14, 2, 0, 0, 2],
    [0, 1, 8, 1, 0, 1, 0],
    [1, 12, 12, 2, 0, 4, 3],
    [0, 3, 4, 0, 0, 0, 0],
    [0, 2, 5, 0, 1, 0, 1],
    [0, 2, 4, 1, 0, 1, 1],
    [1, 2, 10, 2, 0, 5, 1],
    [0, 0, 4, 0, 0, 2, 0],
    [2, 2, 11, 0, 6, 5, 5],
    [1, 1, 10, 1, 3, 3, 3],
    [0, 0, 0, 0, 1, 4, 1],
    [0, 1, 5, 0, 0, 4, 0],
    [1, 0, 10, 0, 0, 1, 2],
    [2, 0, 6, 0, 0, 4, 2],
    [0, 0, 23, 1, 1, 18, 10],
    [4, 4, 27, 1, 1, 9, 4],
    [6, 13, 86, 3, 6, 20, 19],
    [5, 5, 33, 3, 1, 12, 11],
    [3, 7, 53, 6, 1, 19, 15],
    [10, 17, 151, 9, 6, 31, 30],
    [2, 9, 76, 7, 2, 26, 15],
    [0, 3, 22, 2, 2, 5, 5],
    [1, 2, 35, 1, 4, 20, 9],
    [3, 7, 36, 1, 1, 16, 9],
    [3, 13, 76, 2, 2, 21, 14],
    [2, 2, 25, 2, 0, 5, 7],
    [1, 5, 40, 1, 1, 11, 10],
    [1, 0, 18, 1, 2, 7, 5],
    [4, 9, 80, 8, 4, 15, 24],
    [2, 0, 7, 0, 1, 2, 1],
    [2, 18, 28, 3, 4, 13, 4],
    [0, 5, 4, 0, 1, 2, 4],
    [0, 2, 3, 0, 1, 1, 0],
    [2, 7, 33, 2, 1, 3, 5],
    [1, 4, 24, 0, 0, 3, 5],
    [0, 1, 3, 0, 0, 1, 3],
    [0, 4, 3, 0, 0, 0, 2],
    [2, 10, 17, 3, 2, 14, 5],
    [2, 6, 11, 1, 1, 4, 2],
    [0, 0, 7, 1, 1, 5, 4],
    [1, 9, 63, 6, 4, 22, 9],
    [3, 14, 87, 4, 1, 26, 12],
    [0, 2, 19, 0, 2, 5, 3],
    [0, 2, 3, 0, 1, 0, 0],
    [0, 0, 7, 1, 2, 0, 1],
    [0, 4, 14, 0, 1, 6, 0],
    [1, 7, 17, 1, 1, 8, 2],
    [0, 3, 20, 0, 0, 5, 3],
    [0, 11, 25, 2, 2, 5, 4],
    [0, 0, 4, 1, 2, 3, 1],
    [1, 9, 37, 2, 3, 2, 2],
    [0, 5, 9, 1, 2, 4, 2],
    [1, 3, 9, 0, 1, 3, 1],
    [1, 8, 45, 0, 3, 11, 11],
    [0, 5, 5, 0, 0, 3, 6],
    [1, 6, 6, 0, 1, 5, 7],
    [1, 12, 39, 0, 5, 10, 11],
    [0, 4, 17, 0, 0, 4, 0],
    [0, 4, 15, 0, 3, 4, 2],
    [0, 2, 6, 1, 0, 2, 1],
    [0, 0, 9, 1, 1, 5, 0],
    [0, 11, 39, 1, 2, 15, 5],
    [1, 6, 11, 2, 1, 6, 4],
    [0, 5, 17, 0, 3, 6, 1],
    [1, 3, 9, 1, 4, 4, 1],
    [0, 2, 26, 2, 3, 1, 6],
    [6, 11, 31, 1, 2, 13, 4],
    [1, 4, 7, 0, 2, 3, 4],
    [4, 8, 36, 3, 3, 3, 8],
    [2, 13, 31, 6, 4, 4, 8],
    [13, 15, 144, 9, 8, 26, 24],
    [0, 2, 3, 0, 2, 3, 1],
    [15, 16, 146, 21, 2, 24, 24],
    [0, 8, 31, 7, 1, 2, 5],
    [1, 8, 39, 7, 1, 7, 6],
    [3, 11, 63, 9, 4, 19, 10],
    [5, 2, 55, 6, 3, 10, 6],
    [0, 6, 22, 2, 0, 4, 4],
    [0, 1, 11, 2, 1, 3, 6],
    [0, 1, 9, 0, 1, 0, 2],
    [1, 4, 8, 2, 0, 2, 2],
    [3, 1, 14, 3, 0, 4, 5],
    [2, 2, 14, 2, 2, 1, 2],
    [5, 11, 30, 2, 2, 10, 10],
    [1, 16, 35, 6, 2, 7, 8],
    [4, 9, 16, 2, 1, 7, 5],
    [4, 31, 97, 33, 1, 12, 7],
    [3, 4, 24, 7, 5, 7, 6],
    [1, 5, 33, 0, 0, 6, 5],
    [0, 3, 2, 0, 0, 0, 1],
    [0, 0, 3, 0, 1, 3, 4],
    [2, 13, 37, 5, 6, 7, 6],
    [0, 2, 4, 1, 0, 0, 4],
    [1, 3, 17, 1, 4, 2, 2],
    [11, 5, 60, 2, 6, 17, 6],
    [1, 9, 55, 3, 7, 19, 9],
    [0, 8, 21, 2, 2, 8, 4],
    [1, 7, 40, 6, 7, 11, 7],
    [9, 24, 100, 23, 6, 33, 24],
    [0, 8, 22, 4, 4, 7, 7],
    [4, 11, 66, 5, 0, 18, 14],
    [1, 5, 34, 2, 1, 12, 2],
    [0, 9, 37, 1, 4, 7, 13],
    [5, 6, 37, 2, 2, 5, 3],
    [0, 0, 0, 0, 1, 3, 2],
    [4, 13, 47, 8, 4, 11, 10],
    [2, 2, 31, 4, 2, 12, 5],
    [9, 14, 63, 10, 4, 12, 8],
    [1, 19, 76, 10, 5, 27, 10],
    [3, 9, 79, 5, 2, 13, 8],
    [7, 15, 89, 14, 6, 20, 19],
    [3, 15, 68, 6, 7, 18, 12],
    [1, 0, 4, 2, 0, 2, 0],
    [0, 0, 19, 4, 0, 8, 2],
    [0, 5, 28, 1, 3, 4, 8],
    [0, 1, 16, 0, 3, 1, 4],
    [0, 0, 1, 0, 0, 6, 0],
    [2, 8, 36, 1, 2, 6, 3],
    [4, 8, 40, 3, 0, 13, 8],
    [3, 3, 18, 0, 4, 4, 4],
    [2, 1, 9, 1, 2, 6, 3],
    [2, 1, 14, 2, 0, 5, 2],
    [8, 3, 59, 4, 15, 85, 24],
    [2, 2, 39, 3, 2, 6, 8],
    [4, 13, 41, 0, 5, 9, 12],
    [0, 2, 21, 0, 2, 11, 2],
    [2, 6, 42, 0, 2, 9, 3],
    [0, 1, 15, 0, 1, 2, 1],
    [0, 7, 16, 2, 2, 11, 6],
    [2, 1, 20, 1, 1, 9, 4],
    [0, 0, 6, 0, 0, 2, 1],
    [0, 1, 7, 4, 1, 3, 1],
    [0, 0, 2, 0, 0, 3, 1],
    [0, 0, 4, 0, 0, 1, 1],
    [0, 5, 23, 1, 1, 6, 5],
    [4, 7, 40, 5, 3, 2, 11],
    [2, 0, 7, 0, 0, 3, 4],
    [2, 3, 38, 4, 3, 7, 9],
    [0, 6, 14, 0, 0, 4, 1],
    [1, 8, 77, 2, 4, 7, 11],
    [11, 19, 196, 15, 9, 38, 24],
    [0, 2, 4, 0, 0, 3, 0],
    [0, 0, 1, 1, 0, 4, 1],
    [0, 3, 15, 2, 4, 2, 3],
    [1, 2, 15, 6, 5, 8, 4],
    [0, 4, 21, 0, 0, 7, 9],
    [2, 2, 9, 0, 0, 2, 0],
    [1, 3, 3, 0, 1, 2, 2],
    [1, 5, 17, 1, 1, 5, 3],
    [4, 4, 41, 2, 0, 8, 1],
    [0, 5, 18, 4, 3, 4, 6],
    [9, 16, 134, 5, 9, 32, 14],
    [7, 10, 224, 20, 3, 21, 17],
    [8, 13, 122, 7, 10, 23, 16],
    [3, 0, 8, 0, 0, 1, 1],
    [0, 0, 7, 0, 3, 7, 4],
    [0, 4, 8, 0, 0, 4, 2],
    [4, 1, 3, 0, 0, 3, 2],
    [1, 2, 22, 5, 0, 7, 6],
    [1, 0, 8, 0, 3, 3, 1],
    [1, 7, 27, 1, 0, 5, 6],
    [0, 1, 8, 0, 0, 1, 2],
    [0, 2, 19, 0, 0, 2, 4],
    [1, 1, 51, 2, 1, 7, 8],
    [1, 6, 65, 6, 4, 4, 9],
    [0, 3, 5, 0, 0, 0, 0],
    [1, 2, 2, 0, 0, 3, 1],
    [0, 0, 3, 0, 0, 4, 0],
    [0, 3, 7, 0, 1, 3, 0],
    [0, 3, 8, 0, 1, 10, 3],
    [0, 0, 2, 0, 0, 2, 2],
    [0, 7, 6, 0, 3, 1, 0],
    [3, 7, 22, 0, 2, 7, 3],
    [1, 0, 8, 0, 2, 6, 3],
    [0, 1, 3, 1, 1, 0, 2],
    [5, 2, 25, 4, 2, 3, 1],
    [0, 1, 3, 0, 1, 1, 2],
    [0, 2, 14, 1, 1, 0, 3],
    [1, 0, 9, 1, 1, 3, 2],
    [1, 0, 11, 0, 1, 8, 4],
    [0, 0, 4, 0, 0, 2, 1],
    [3, 1, 9, 3, 1, 5, 2],
    [0, 0, 6, 1, 0, 4, 0],
    [0, 1, 6, 0, 2, 2, 1],
    [2, 1, 11, 0, 0, 1, 2],
    [2, 1, 5, 0, 0, 3, 2],
    [1, 2, 18, 0, 0, 8, 1],
    [0, 10, 18, 2, 0, 4, 4],
    [0, 3, 12, 0, 0, 5, 1],
    [1, 2, 6, 1, 3, 3, 1],
    [0, 9, 33, 5, 4, 15, 10],
    [7, 25, 133, 18, 6, 30, 27],
    [1, 2, 13, 1, 3, 9, 4],
    [0, 1, 18, 0, 0, 1, 0],
    [1, 0, 5, 1, 0, 6, 2],
    [4, 33, 72, 25, 5, 24, 18],
    [0, 1, 3, 0, 2, 5, 0],
    [3, 1, 14, 2, 1, 8, 9],
    [0, 4, 10, 0, 0, 5, 1],
    [0, 2, 29, 1, 2, 3, 10],
    [4, 0, 16, 4, 1, 2, 12],
    [1, 2, 9, 0, 3, 4, 1],
    [6, 11, 58, 2, 5, 7, 10],
    [6, 8, 73, 2, 4, 10, 7],
    [0, 2, 3, 0, 0, 2, 2],
    [0, 2, 4, 0, 0, 2, 1],
    [0, 0, 0, 5, 2, 0, 4],
    [1, 3, 3, 0, 1, 3, 1],
    [1, 1, 2, 3, 0, 4, 0],
    [1, 3, 20, 1, 2, 10, 8],
    [3, 7, 30, 3, 4, 18, 12],
    [1, 6, 46, 1, 6, 11, 11],
    [1, 1, 5, 0, 0, 0, 0],
    [0, 2, 8, 3, 1, 1, 1],
    [1, 0, 6, 3, 1, 1, 1],
    [0, 0, 3, 1, 0, 1, 2],
    [5, 11, 55, 3, 5, 29, 11],
    [7, 14, 87, 7, 6, 28, 20],
    [0, 1, 7, 0, 0, 0, 0],
    [0, 1, 6, 0, 1, 0, 1],
    [0, 2, 4, 0, 0, 2, 3],
    [0, 0, 6, 4, 3, 2, 0],
    [0, 0, 2, 1, 0, 3, 0],
    [0, 3, 28, 2, 1, 4, 4],
    [0, 1, 1, 1, 3, 1, 1],
    [1, 4, 42, 3, 3, 12, 3],
    [6, 13, 78, 5, 7, 22, 12],
    [2, 0, 4, 0, 0, 3, 0],
    [3, 6, 38, 2, 1, 7, 9],
    [3, 2, 15, 2, 2, 2, 4],
    [0, 0, 7, 0, 0, 5, 0],
    [2, 5, 36, 0, 2, 11, 3],
    [4, 8, 38, 8, 1, 16, 11],
    [4, 4, 26, 1, 1, 11, 6],
    [2, 9, 37, 2, 1, 9, 7],
    [0, 4, 26, 2, 0, 14, 10],
    [1, 1, 20, 1, 7, 3, 7],
    [2, 2, 9, 0, 2, 2, 0],
    [5, 7, 103, 11, 2, 22, 20],
    [4, 5, 79, 9, 3, 11, 13],
    [2, 3, 15, 1, 0, 2, 4],
    [3, 1, 49, 5, 1, 13, 11],
    [0, 1, 5, 0, 0, 2, 0],
    [0, 1, 1, 0, 3, 0, 2],
    [0, 0, 7, 3, 0, 0, 1],
    [2, 0, 11, 1, 3, 6, 3],
    [0, 0, 5, 1, 0, 0, 1],
    [8, 19, 90, 8, 11, 23, 21],
    [4, 5, 31, 13, 5, 11, 5],
    [7, 35, 155, 9, 13, 37, 32],
    [4, 3, 29, 5, 2, 13, 5],
    [46, 200, 717, 130, 64, 200, 144],
    [1, 5, 14, 2, 2, 2, 3]
  ],
  "method": "mult",
  "cond_prob": [
    [
      [0, 0, 0, 0.91526377828, 0.079668611468, 0.0050676102514],
      [0, 0, 0, 0.537357538, 0.13831194028, 0.32433052172],
      [0, 0, 0, 0.40602583879, 0.49942996385, 0.094544197353],
      [6.5052130349e-17, 0, 0, 0.42392062005, 0.57005647581, 0.0060229041387],
      [0, -0, 0, 0.84213649615, 0.11379496907, 0.044068534784],
      [0, 0, 0, 0.54574651445, 0.089054432182, 0.36519905337],
      [1.1102230246e-16, 0, 0, 0.34653256382, 0.11353465153, 0.53993278465]
    ],
    [
      [9.7454270779e-05, 0, 0.0037888489741, 0.65041203091, 0.33580755884, 0.0098941070021],
      [0.02212187894, 0, 0.11766146489, 0.23058799292, 0.31760362252, 0.31202504073],
      [0.022449972248, 1.8406176731e-18, 0.024069255535, 0.1063351017, 0.79777965696, 0.049366013564],
      [0.0028058075151, 0, 0.51568677269, 0.061306746069, 0.4181422752, 0.0020583985277],
      [0.040598097821, 0, 0.027826498662, 0.50314210811, 0.36419460888, 0.064238686519],
      [0.065048209063, 0, 0.05644640241, 0.26142190798, 0.23247045144, 0.38461302911],
      [0.2847396894, 0, 0.021674776353, 0.11787755976, 0.20339106981, 0.37231690469]
    ],
    [
      [0, 0, 0.0040341273882, 0.58806141449, 0.40790445813, 0],
      [0, 0, 0.19249091379, 0.2551739331, 0.55233515311, 0],
      [0, 0, 0.015633103143, 0.041952877234, 0.94241401962, 0],
      [0, 0, 0.56932316901, 0.034194689615, 0.39648214138, 0],
      [0, -0, 0.035022812423, 0.44963550294, 0.51534168464, 0],
      [0, 0, 0.11312109206, 0.37500835941, 0.51187054853, 0],
      [0, 0, 0.065306326703, 0.24724046736, 0.68745320594, 0]
    ],
    [
      [6.9169368552e-05, 0, 0.0090605669275, 0.58932339403, 0.3912867649, 0.010260104774],
      [0.010253371375, 7.190138459e-33, 0.23717420417, 0.16937021304, 0.33266954429, 0.25053266712],
      [0.012070616482, 0, 0.093582281921, 0.084455567432, 0.77205649971, 0.037835034455],
      [0.001165398187, 0, 0.67706858169, 0.035271384087, 0.28524281379, 0.0012518222438],
      [0.026774881054, 0, 0.062131841378, 0.45173635767, 0.39726536064, 0.062091559261],
      [0.042054748138, 0, 0.1251720731, 0.23168759803, 0.25358089224, 0.34750468849],
      [0.18716439581, 0, 0.055678714737, 0.12249135999, 0.25573050351, 0.37893502595]
    ],
    [
      [5.5511151231e-17, 0, 0.0068440194054, 0.87029567647, 0.12286030412, 0],
      [0, 0, 0.41585137426, 0.39211994278, 0.19202868296, 0],
      [0, 0, 0.1881114693, 0.20591004292, 0.60597848778, 0],
      [1.3877787808e-17, 0, 0.91129943303, 0.023705807706, 0.064994759261, 0],
      [0, -0, 0.074102829904, 0.73660903513, 0.18928813497, 0],
      [2.2204460493e-16, 0, 0.2334576848, 0.58834762411, 0.17819469109, 0],
      [0, 0, 0.17546193187, 0.50371689059, 0.32082117755, 0]
    ],
    [
      [9.9857045517e-05, 3.6149837377e-09, 0, 0.92771272313, 0.064928310785, 0.0072591054253],
      [0.036600071041, 0.013732206427, 0, 0.43552144831, 0.096949758524, 0.4171965157],
      [0.081677503747, 0.016550439536, 0, 0.38239752977, 0.35197948469, 0.16739504225],
      [0.01813340581, 0.035010489819, 0, 0.42558646591, 0.51179787455, 0.0094717639101],
      [0.0067184377414, 0.88100080304, 0, 0.0938038608, 0.010948585226, 0.0075283131882],
      [0.088181517286, 0.050768602271, 0, 0.38975872745, 0.054340514729, 0.41695063826],
      [0.51169390144, 0.0087825864233, 0, 0.12316559374, 0.035254474259, 0.32110344414]
    ],
    [
      [0, 6.5593847745e-08, 0.019432960623, 0, 0.98056697378, 0],
      [0, 0.095591337584, 0.37316234189, 0, 0.53124632052, 0],
      [0, 0.013949529111, 0.061480575704, 0, 0.92456989518, 0],
      [0, 0.020799636615, 0.73294860341, 2.7755575616e-17, 0.24625175998, 0],
      [0, 1, 0, 0, 0, 0],
      [0, 0.51611826917, 0.14929251095, 0, 0.33458921988, 0],
      [0, 0.21610130261, 0.12551189904, 0, 0.65838679835, 0]
    ],
    [
      [0, 0, 0.0037361446755, 0.82293276136, 0.17333109397, 0],
      [0, 0, 0.20281759293, 0.51306924924, 0.28411315783, 0],
      [0, 0, 0.068625131076, 0.21318827298, 0.71818659595, 0],
      [0, 0, 0.64016303599, 0.096751803607, 0.26308516041, 0],
      [0, -0, 0.031825927408, 0.75090236879, 0.2172717038, 0],
      [2.3111159333e-33, 0, 0.10941550633, 0.65596020724, 0.23462428643, 0],
      [0, 0, 0.076973755091, 0.54574136697, 0.37728487793, 0]
    ],
    [
      [0.00030389945825, 0, 0.0081851808977, 0.79759599229, 0.19391492736, 0],
      [0.090323093586, 0, 0.44783803077, 0.23994364043, 0.22189523522, 0],
      [0.076921492933, 0, 0.1580139313, 0.099922642606, 0.66514193317, 0],
      [0, 0, 1, 0, 0, 0],
      [0.16398673184, 0, 0.07501114254, 0.51187031063, 0.24913181499, 0],
      [0.34615701413, 0, 0.18397213741, 0.30015471479, 0.16971613367, 0],
      [1, 0, 0, 0, 0, 0]
    ],
    [
      [4.9368692258e-05, 1.1656121778e-08, 0.003244459801, 0.68834870115, 0.30024773704, 0.0081097216579],
      [0.01193315671, 0.029885782321, 0.11227414806, 0.27608533692, 0.3060414, 0.26378017598],
      [0.0018664337791, 0.21229804597, 0.033775674466, 0.096933118235, 0.65057541718, 0.0045513103715],
      [0.0014711648065, 0.018448672285, 0.51824106553, 0.072623258204, 0.38746577431, 0.0017500648693],
      [0.0042141627731, 0.79647648358, 0.0049319767178, 0.11629314816, 0.067232373962, 0.010851854803],
      [0.031773246522, 0.12489386073, 0.049102797402, 0.28853514799, 0.20775549849, 0.29793944886],
      [0.15427059368, 0.040324340245, 0.024464903567, 0.17288659887, 0.23778408014, 0.3702694835]
    ],
    [
      [7.498571555e-05, 1.8366582241e-08, 0, 0.73546181995, 0.25817230042, 0.0062908755463],
      [0.022061321797, 0.057133374817, 0, 0.34587166234, 0.31853912831, 0.25639451275],
      [0.0041204933868, 0.3416670605, 0, 0.10767853761, 0.54009352701, 0.0064403815047],
      [0.00508192158, 0.06616879208, 0, 0.16778598272, 0.75788018968, 0.0030831139401],
      [0.0038672302405, 0.88423945917, 0, 0.072127508626, 0.034691571625, 0.0050742303361],
      [0.050730573573, 0.20587334892, 0, 0.30965339895, 0.18423934777, 0.24950333079],
      [0.25592780853, 0.063229595166, 0, 0.17625081207, 0.20256011778, 0.30203166645]
    ],
    [
      [0.00011138502639, 8.3648374602e-09, 0, 0.80756158575, 0.19232702085, 0],
      [0.053981218498, 0.042284661193, 0, 0.51194864639, 0.39178547392, 0],
      [0.0244718987, 0.025357547582, 0, 0.10681943605, 0.84335111767, 0],
      [0.0098891262486, 0.039583546559, -0, 0.1843620139, 0.7661653133, 0],
      [0.0056325470737, 0.90951799377, 0, 0.062569004845, 0.022280454308, 0],
      [0.086865947651, 0.264983046, 0, 0.4433212164, 0.20482978995, 0],
      [0.64690366232, 0.030549822212, 0, 0.16414612956, 0.15840038591, 0]
    ],
    [
      [0, 0, 0.014355473698, 0.47288931232, 0.51275521399, 0],
      [3.4211388289e-49, 0, 0.44712563651, 0.13284625386, 0.42002810964, 0],
      [0, 0, 0.068725686589, 0, 0.93127431341, 0],
      [1.1102230246e-16, 0, 0.85075152045, 0.0085749970107, 0.14067348254, 0],
      [0, -0, 0.10803544948, 0.33747575215, 0.55448879836, 0],
      [0, 0, 0.30231148264, 0.21678843654, 0.48090008083, 0],
      [0, 0, 0.17961737856, 0.16377208379, 0.65661053765, 0]
    ],
    [
      [0, 0, 0, 0.7960126355, 0.20059694766, 0.0033904168446],
      [2.7755575616e-17, 0, 0, 0.46818847201, 0.33075711512, 0.20105441287],
      [4.2500725161e-18, 0, 0, 0.2010819588, 0.79634010105, 0.0025779401508],
      [0, 0, 0, 0.21722823939, 0.780575192, 0.0021965686034],
      [1.3530843113e-16, -0, 0, 0.70974974576, 0.26334451554, 0.026905738705],
      [0, 0, 0, 0.51892468374, 0.23456004435, 0.24651527191],
      [0, 0, 0, 0.33712154636, 0.30072099877, 0.36215745487]
    ],
    [
      [8.9355219276e-05, 2.4651903288e-32, 0, 0.59815829532, 0.39841424752, 0.0033381019397],
      [0.028338243976, 0, 0, 0.29521211438, 0.52739251721, 0.14905712444],
      [0, 0, 0, 0.025855863386, 0.97414413661, 0],
      [0.0046169283303, 0, 0, 0.10071283523, 0.89342438537, 0.0012458510722],
      [0.039314288844, 0, 0, 0.48684789739, 0.45094187492, 0.022895938843],
      [0.07198918952, 0, 0, 0.33938352478, 0.42698461898, 0.16164266672],
      [0.35593226574, 0, 0, 0.14550706496, 0.32518410468, 0.17337656463]
    ],
    [
      [2.0911465177e-05, 2.3661045499e-09, 0.0092350156858, 0.64536996043, 0.33974542763, 0.0056286824193],
      [0.0045620943867, 0.0055194756208, 0.27574922352, 0.23911959819, 0.31389756228, 0.161152046],
      [0, 0, 0.1082323608, 0.089544365147, 0.80222327406, 0],
      [0.00035765368306, 0.0021533596555, 0.70519916815, 0.040242912545, 0.25134888154, 0.00069802443102],
      [0.0044771742518, 0.46861724134, 0.0352323873, 0.28016577758, 0.19257702974, 0.018930389786],
      [0.014240300175, 0.023807176438, 0.16263380725, 0.31061801939, 0.26717647574, 0.22152422101],
      [0.073883976891, 0.010070022312, 0.084281561564, 0.20289465625, 0.32957622222, 0.29929356077]
    ],
    [
      [0, 0, 0.006599333651, 0.74598751432, 0.2420902604, 0.0053228916269],
      [0, 0, 0.23148821712, 0.3244143274, 0.26256349359, 0.18153396189],
      [6.162975822e-33, 0, 0.10666090355, 0.15475563968, 0.71733029964, 0.021253157123],
      [0, 0, 0.69065210068, 0.063581737941, 0.24486390311, 0.00090225827086],
      [0, 0, 0.049943494061, 0.64222478787, 0.27229365771, 0.035538060358],
      [0, 0, 0.12590904268, 0.40996872759, 0.21666889121, 0.24745333851],
      [0, 0, 0.07350710552, 0.28611632188, 0.286572328, 0.3538042446]
    ],
    [
      [5.8490494103e-05, 5.8975879043e-09, 0.00322021765, 0.71356617569, 0.27674430607, 0.0064108042046],
      [0.015401700668, 0.016580592588, 0.11328027756, 0.32612672084, 0.30908275761, 0.21952795073],
      [0.016298941636, 0.023160247114, 0.04034660616, 0.14876962335, 0.73611860875, 0.035305972992],
      [0.002071484216, 0.011094993064, 0.46652541178, 0.095127895881, 0.42353312751, 0.0016470875568],
      [0.0084842112724, 0.64673284715, 0.0083226898004, 0.21496000749, 0.10687857831, 0.014621665972],
      [0.04224101774, 0.07214050808, 0.053912940289, 0.3547146744, 0.22051230163, 0.25647855786],
      [0.18398831013, 0.022956778183, 0.02686609348, 0.21133319716, 0.24700742514, 0.3078481959]
    ],
    [
      [5.0208229698e-05, 4.1586672695e-09, 0.0044113297887, 0.74249695524, 0.2484025761, 0.004638926483],
      [0.013858557751, 0.012279902322, 0.1644542297, 0.35107197494, 0.29033837731, 0.16799695798],
      [0.01237850698, 0.012512454702, 0.059853690794, 0.1676160722, 0.72273794554, 0.024901329782],
      [0.0015395200406, 0.0067863476365, 0.57718883643, 0.084146562292, 0.32930732991, 0.0010314036948],
      [0.007985418888, 0.62134190227, 0.012493349941, 0.24180188704, 0.10478617086, 0.011591270996],
      [0.03991016986, 0.056720694013, 0.081304239141, 0.39989094578, 0.21634577638, 0.20582817483],
      [0.18458540204, 0.018485471736, 0.041889970677, 0.24617200394, 0.25155323208, 0.25731391953]
    ],
    [
      [7.9442311232e-05, 6.6979097482e-09, 0.0045617514301, 0.7177494776, 0.27045157086, 0.0071577511004],
      [0.019471275435, 0.017555474533, 0.14967261255, 0.30349552426, 0.2809985195, 0.22880659372],
      [0.026923977544, 0.02453603987, 0.051151348788, 0.14992813978, 0.69805110027, 0.049409393747],
      [0.0023586205101, 0.010575146244, 0.55895805851, 0.079511866612, 0.34705489165, 0.0015414164677],
      [0.0097208076975, 0.69739563993, 0.0099424035832, 0.18119010723, 0.0879836712, 0.01376737036],
      [0.053482874569, 0.077044357137, 0.071136829891, 0.33035667264, 0.20039395222, 0.26758531354],
      [0.22642965251, 0.023467482804, 0.034152963298, 0.18940356014, 0.21647661488, 0.31006972638]
    ],
    [
      [4.2030120839e-05, 4.4293554525e-09, 0.0066601634923, 0.7165784704, 0.27313872089, 0.0035806106722],
      [0.010921807269, 0.012294412536, 0.23010343217, 0.32480969952, 0.30127087592, 0.12059977258],
      [0.0067523136228, 0.012213193071, 0.094885851382, 0.1412009714, 0.73270842673, 0.012239243801],
      [0.0010108808643, 0.0056581216764, 0.64354408739, 0.065318679886, 0.28384336264, 0.00062486754696],
      [0.0073492215509, 0.57310723022, 0.020755145522, 0.26161017485, 0.12732990203, 0.0098483258215],
      [0.033151458664, 0.059204600907, 0.12176247982, 0.39145664324, 0.23838328809, 0.15604152928],
      [0.15711403808, 0.020729789479, 0.066760397517, 0.25661395383, 0.29331946192, 0.20546235917]
    ],
    [
      [4.1343412715e-05, 3.2707047781e-09, 0.0030660714595, 0.82076183932, 0.17256078193, 0.0035699606093],
      [0.013323707173, 0.011260906826, 0.13184439376, 0.45809589968, 0.23579874934, 0.14967634323],
      [0.016203749501, 0.016293159083, 0.050738172224, 0.25779782776, 0.62568717808, 0.033279913356],
      [0.0017754989819, 0.0074646953493, 0.53712738098, 0.13227619173, 0.32024408542, 0.0011121475388],
      [0.0084288206691, 0.52867136994, 0.011134454327, 0.34669774758, 0.09362572162, 0.011441885861],
      [0.036935791493, 0.049666397002, 0.063409221706, 0.5034093306, 0.16990944203, 0.17666981717],
      [0.17726015157, 0.017296654154, 0.034691125627, 0.32900045878, 0.20892390829, 0.23282770159]
    ],
    [
      [5.0551989885e-05, 1.6783829836e-09, 0.0072131204788, 0.8626463295, 0.12908437492, 0.0010056214294],
      [0.015974231383, 0.005649929747, 0.31183195824, 0.45201361885, 0.17199931807, 0.042530943704],
      [0.014850521193, 0, 0.18521358023, 0.2703736013, 0.52103670597, 0.008525591308],
      [0.001220284288, 0.0021558003506, 0.78813342207, 0.073547203514, 0.1347674581, 0.00017583167621],
      [0.013069028356, 0.42086803572, 0.033134930032, 0.44086509961, 0.087986358222, 0.0040765480553],
      [0.050334700937, 0.01732433801, 0.17662419874, 0.56013553905, 0.13872885945, 0.056852363817],
      [0.26902274193, 0.010076169711, 0.092829532464, 0.37324752268, 0.17640851691, 0.078415516313]
    ],
    [
      [1.6826662002e-05, 2.0747245344e-09, 0.0041495769491, 0.71146519165, 0.27956852161, 0.0047998810506],
      [0.0046331598712, 0.0060926117267, 0.15486317461, 0.33542956334, 0.32594435748, 0.17303713298],
      [0.0020319470189, 0, 0.059086890621, 0.13454354701, 0.79108140307, 0.013256212283],
      [0.00051308854936, 0.003361675771, 0.54637384206, 0.080131708422, 0.36855836916, 0.0010613160354],
      [0.0041906336105, 0.4113160153, 0.01840577926, 0.36263475221, 0.18467524564, 0.018777573983],
      [0.013980677581, 0.012343639005, 0.080069085553, 0.40032181762, 0.27128615487, 0.22199862537],
      [0.069189948148, 0.010257361935, 0.044078247995, 0.26350494075, 0.31641235632, 0.29655714485]
    ],
    [
      [5.4664333372e-05, 1.4431314936e-09, 0.0035619166222, 0.82366248326, 0.1713106611, 0.0014102732456],
      [0.019026980727, 0.0053689195597, 0.16757640268, 0.49134173067, 0.2524278474, 0.064258118954],
      [0.016538041599, 0.0033397324342, 0.068651303111, 0.25658444115, 0.64514134145, 0.009745140254],
      [0.0021151847059, 0.00297075376, 0.59002515983, 0.11792820007, 0.28656500713, 0.0003956945033],
      [0.015240857709, 0.36368059994, 0.017682222743, 0.47052829582, 0.12669232582, 0.0061756979645],
      [0.055440296965, 0.025019078978, 0.08374589656, 0.56596233951, 0.19025310834, 0.079579279639],
      [0.26298631672, 0.0083589526416, 0.044132310204, 0.35652518066, 0.22629752514, 0.10169971464]
    ],
    [
      [3.3201860395e-05, 2.463267458e-09, 0.003157244898, 0.85008393735, 0.14291884822, 0.0038067652093],
      [0.010868748409, 0.0086148493322, 0.13823186502, 0.48175137393, 0.19833695475, 0.16219620856],
      [0.01461434585, 0.01262398777, 0.067023526362, 0.30186597522, 0.56211271665, 0.041759448145],
      [0.0014729065495, 0.0058079090121, 0.57603920405, 0.14147177114, 0.27398320338, 0.001225005872],
      [0.0077861458173, 0.46292381976, 0.013188824605, 0.41288881766, 0.089179534369, 0.014032857781],
      [0.030191026542, 0.038087737548, 0.066503525798, 0.53028097226, 0.14314522026, 0.19179151759],
      [0.14967047988, 0.013662709622, 0.037478279817, 0.35718175822, 0.18142296263, 0.26058380982]
    ],
    [
      [4.387619414e-05, 3.9905165928e-09, 0.0066568995411, 0.8411241292, 0.15022630677, 0.0019487843049],
      [0.013290443628, 0.013003794724, 0.27600838358, 0.42675019671, 0.1922108614, 0.078736319952],
      [0.01091736352, 0.019243086046, 0.14634249223, 0.25427131218, 0.55561502972, 0.013610716312],
      [0.0011031477954, 0.0053611320944, 0.75413881154, 0.075694240754, 0.16334765492, 0.00035501289317],
      [0.0044717820056, 0.76860705657, 0.012069840413, 0.17128135481, 0.040452483702, 0.003117482506],
      [0.039959324301, 0.064402339095, 0.140485815, 0.50594846769, 0.14854410901, 0.1006599449],
      [0.21405633647, 0.022883041679, 0.080771489996, 0.34661967482, 0.19361915227, 0.14205030477]
    ],
    [
      [2.352073052e-05, 5.5301144017e-09, 0.0099329508571, 0.61240179761, 0.3711289123, 0.0065128129817],
      [0.0048006418663, 0.012071529504, 0.27460661567, 0.21330343121, 0.32066890143, 0.17454888031],
      [0.0011655134904, 0.0092165609831, 0.11047283729, 0.084761564473, 0.78596999146, 0.0084135323016],
      [0.00038257655266, 0.0047868569672, 0.69650215197, 0.036600586104, 0.26095972969, 0.00076809871816],
      [0.003050253424, 0.67114037028, 0.022938909694, 0.16192308786, 0.12767933148, 0.013268047268],
      [0.015348509316, 0.061863136777, 0.15042477962, 0.26975941387, 0.26521455248, 0.23738960795],
      [0.075708629787, 0.021455817583, 0.082400684167, 0.17647412409, 0.32807277837, 0.315887966]
    ],
    [
      [8.9888008442e-05, 8.8214593416e-09, 0.0022532609437, 0.60130271955, 0.39074556329, 0.0056085593856],
      [0.023082982254, 0.024129327539, 0.080666450056, 0.25564903255, 0.42319256417, 0.19327964343],
      [0.01132111659, 0.030299495929, 0.016362012642, 0.081398830719, 0.85047384893, 0.010144695192],
      [0.0029444497625, 0.015375425971, 0.35712980334, 0.069404242534, 0.5538154369, 0.0013306414977],
      [0.0081905620782, 0.77828412, 0.0036522150178, 0.10812265309, 0.093736445396, 0.0080140044214],
      [0.063109639981, 0.10501337297, 0.03680203121, 0.27487726835, 0.29590042559, 0.22429726189],
      [0.26700739192, 0.029514357542, 0.016236411931, 0.14474558006, 0.29762676983, 0.24486948871]
    ],
    [
      [2.4609897047e-05, 3.4989534749e-09, 0.0051021817317, 0.73478358248, 0.25499342904, 0.0050961933518],
      [0.0065423168734, 0.0099388816063, 0.18103645185, 0.33858607498, 0.28758668715, 0.17630958754],
      [0.0046938808808, 0.0080534171499, 0.073321019808, 0.16118562606, 0.72966376331, 0.023082292794],
      [0.00070673402689, 0.005339153691, 0.59721003226, 0.079228067632, 0.31645430681, 0.0010617055795],
      [0.0048105878142, 0.53123355514, 0.01777174217, 0.29780215512, 0.13271556173, 0.015666398024],
      [0.019347846142, 0.046742896842, 0.09299830805, 0.39735226594, 0.22132234991, 0.22223633312],
      [0.093766513437, 0.016561907368, 0.051701657261, 0.26389265666, 0.27651304521, 0.29756422007]
    ],
    [
      [0.00011463760493, 0, 0, 0.73228637832, 0.26759898407, 0],
      [0.049468624371, 0, 0, 0.47590356901, 0.47462780662, 0],
      [0.0052011181431, 0, 0, 0.10000951236, 0.8947893695, 0],
      [0.0081718983507, 0, 0, 0.16529916777, 0.82652893388, 0],
      [0.054311657057, 0, 0, 0.62270493832, 0.32298340463, 0],
      [0.14509020526, 0, 0, 0.52170108992, 0.33320870482, 0],
      [0.61887083022, 0, 0, 0.16925353869, 0.21187563109, 0]
    ],
    [
      [4.5403987324e-05, 9.9614223358e-10, 0.0075751989781, 0.83763785011, 0.15149709923, 0.0032444466965],
      [0.01272745912, 0, 0.28453219058, 0.40153326636, 0.17936677723, 0.1218403067],
      [0.013859559715, 0, 0.17327934994, 0.24996671025, 0.53218477117, 0.030709608923],
      [0.0010933100709, 0.0012744837544, 0.76473326627, 0.074640504855, 0.15769207732, 0.0005663577282],
      [0.014410312017, 0.24392145552, 0.054291354206, 0.543958971, 0.12727015476, 0.0161477525],
      [0.039699471412, 0, 0.16663138444, 0.49278240329, 0.14400332639, 0.15688341446],
      [0.2014332373, 0.0051226811691, 0.083468789992, 0.32303224421, 0.1782575311, 0.20868551623]
    ],
    [
      [0.00012039787713, 5.5588760209e-09, 0.0070193139057, 0.64736665647, 0.34329216382, 0.00220146237],
      [0.020278254294, 0, 0.23836955334, 0.25551777725, 0.41555463946, 0.070279775649],
      [0.022931551476, 0, 0.081501664736, 0.093437526239, 0.79324945631, 0.0088798012355],
      [0.0020371129298, 0.0050220033467, 0.70473328415, 0.035550672341, 0.25238739677, 0.00026953045875],
      [0.0094864813779, 0.81353463963, 0.0098346256494, 0.094549834819, 0.069881175606, 0.0027132429138],
      [0.094966889142, 0.076014906435, 0.13003976342, 0.31297052161, 0.28628819902, 0.099719720379],
      [0.40186556574, 0.0086088868738, 0.053057855464, 0.15704253268, 0.27669285095, 0.10273230829]
    ],
    [
      [0, 6.0344773415e-09, 0, 0.91645752165, 0.083542472316, 0],
      [0, 0.040818992729, 0, 0.73624366715, 0.22293734012, 0],
      [0, 0.27493664778, 0, 0.25417993933, 0.47088341289, 0],
      [0, 0.052293810135, 0, 0.35542464907, 0.59228154079, 0],
      [0, 0.93250725504, 0, 0.058363291948, 0.009129453015, 0],
      [0, 0.16104481616, 0, 0.70660955576, 0.13234562808, 0],
      [1.1102230246e-16, 0.08316011966, 0, 0.65929536745, 0.25754451289, 0]
    ],
    [
      [1.8815127114e-05, 9.8607613153e-32, 0.00053942347151, 0.87579017289, 0.12155950814, 0.0020920803653],
      [0.0079777721045, 0, 0.030962350967, 0.62564237398, 0.21738458893, 0.11803291402],
      [0.0079225725951, 0, 0.007799279508, 0.36619796494, 0.59518772627, 0.022892456681],
      [0.0017406169409, 0, 0.21745056344, 0.29331423967, 0.48609238201, 0.001402197939],
      [0.0087705213703, 0, 0.0044668062089, 0.82168421065, 0.14978536153, 0.015293100241],
      [0.021860944096, 0, 0.014400509793, 0.67374615609, 0.15284228694, 0.13715010308],
      [0.12096769637, 0, 0.008447802012, 0.47096780699, 0.20269938158, 0.19691731306]
    ],
    [
      [3.3092706094e-05, 0, 0.001485389707, 0.75724030919, 0.23450701815, 0.0067341902495],
      [0.0097736713812, 2.9711685796e-18, 0.060842287327, 0.37050989845, 0.29191371264, 0.2669604302],
      [0.0096786519376, 0, 0.024955176679, 0.18049760266, 0.74151870472, 0.043349864008],
      [0.0016581466844, 0, 0.35385953286, 0.13389506875, 0.5081434552, 0.0024437965084],
      [0.014520709426, 0, 0.011588034088, 0.65627404838, 0.27128861557, 0.046328592538],
      [0.027649850502, 0, 0.028777064303, 0.41191472521, 0.21124325567, 0.32041510432],
      [0.12912700475, 0, 0.013978005554, 0.23860669153, 0.23353189021, 0.38475640796]
    ],
    [
      [0.00013162098555, 0, 0.025838448114, 0.94851817244, 0, 0.025511758463],
      [0.013659580018, 0, 0.47447643993, 0.12847839266, 0, 0.38338558739],
      [0.090746285335, 0, 0.34064084662, 0.15162673251, 0, 0.41698613553],
      [0.00021017134615, 0, 0.99570620885, 0.0037894995358, 0, 0.00029412026753],
      [0.054155312424, 0, 0.19014255272, 0.59170622599, 0, 0.16399590886],
      [0.046372422414, 0, 0.22865480634, 0.17199446098, 0, 0.55297831027],
      [0.22257638052, 0, 0.091648737958, 0.081548982939, 0, 0.60422589858]
    ],
    [
      [0, 0, 0, 0.75988612287, 0.24011387713, 0],
      [0, 0, 0, 0.41993571688, 0.58006428312, 0],
      [1.1102230246e-16, 0, 0, 0.1401472045, 0.8598527955, 0],
      [0, 0, 0, 0.16463081066, 0.83536918934, 0],
      [5.5511151231e-17, -0, 0, 0.66831500277, 0.33168499723, 0],
      [5.5511151231e-17, 0, 0, 0.62418809163, 0.37581190837, 0],
      [0, 0, 0, 0.4499077595, 0.5500922405, 0]
    ],
    [
      [5.8052012899e-32, 0, 0.0032339218712, 0.65130319496, 0.33936275469, 0.0061001284782],
      [0, 0, 0.11553714164, 0.29297600568, 0.37958555205, 0.21190130062],
      [9.1442060411e-18, 0, 0.024968171606, 0.073964925147, 0.89771608199, 0.0033508212613],
      [0, 0, 0.44797002306, 0.076971723552, 0.47363152066, 0.001426732731],
      [0, 0, 0.024231468301, 0.55762170651, 0.37781881263, 0.040328012553],
      [0, 0, 0.061139361159, 0.35780552698, 0.30269157848, 0.27836353338],
      [4.4476789975e-33, 0, 0.033075552101, 0.23095877288, 0.37000625809, 0.36595941693]
    ],
    [
      [2.2845920076e-33, 1.1883512674e-08, 0.0033368377323, 0.79995744581, 0.18789481694, 0.0088108876376],
      [0, 0.032621591591, 0.11903469921, 0.33815219221, 0.20333619986, 0.30685531713],
      [8.254274737e-19, 0.11403666575, 0.039195334223, 0.21207135978, 0.5625111417, 0.07218549855],
      [0, 0.022918960384, 0.57935244162, 0.10120778859, 0.29421430203, 0.0023065073759],
      [0, 0.88063219564, 0.0031325598286, 0.082912680022, 0.02602523436, 0.0072973301523],
      [0, 0.13625418092, 0.051187076588, 0.34252587931, 0.13364642292, 0.33638644026],
      [2.1696570372e-33, 0.050649611858, 0.030368072512, 0.24208150587, 0.18087269012, 0.49602811964]
    ],
    [
      [0, 5.7199117915e-09, 0.027329810683, 0.7792772456, 0.18485840227, 0.0085345357353],
      [1.1102230246e-16, 0.0084936909748, 0.55064123226, 0.17014431284, 0.10831806607, 0.16240269786],
      [1.0410034828e-18, 0, 0.48174803958, 0.11849222397, 0.39753555677, 0.0022241796769],
      [0, 0.0018393151879, 0.93414883132, 0.01528861088, 0.048350916147, 0.0003723264697],
      [0, 0.76627516562, 0.04457535434, 0.13282376004, 0.044070512573, 0.012255207433],
      [0, 0.029639332896, 0.35738347234, 0.25130434477, 0.10285093808, 0.25882191191],
      [4.2958323146e-34, 0.020922213678, 0.21553054389, 0.19148008435, 0.15264374587, 0.41942341221]
    ],
    [
      [7.6818552984e-05, 3.8576773096e-09, 0.0034866046452, 0.70424489915, 0.28667523731, 0.0055164364861],
      [0.020581389274, 0.011026184043, 0.12477566727, 0.32555273126, 0.32533865336, 0.19272537479],
      [0.020512898514, 0.0069045823597, 0.037090928629, 0.14204976194, 0.76559066871, 0.02785115985],
      [0.0025898380142, 0.0069098562018, 0.48278290074, 0.088703802104, 0.41766474469, 0.0013488582536],
      [0.014100526064, 0.55190399557, 0.011392847628, 0.26681545946, 0.13987768615, 0.015909485132],
      [0.058011344927, 0.049280245438, 0.060817132093, 0.36309674616, 0.23779488025, 0.23099965113],
      [0.24157637232, 0.014726125776, 0.028506465031, 0.20322582792, 0.25067535286, 0.2612898561]
    ],
    [
      [3.8607615225e-05, 2.9304820784e-09, 0.0039466824434, 0.7954762372, 0.19643998718, 0.0040984826321],
      [0.011555731482, 0.0093716142353, 0.15759596796, 0.41271763821, 0.24924513953, 0.15951390859],
