{
  "X": [
    [7, 92, 54, 278, 21, 13],
    [2, 11, 5, 14, 3, 0],
    [16, 18, 19, 275, 21, 6],
    [2, 15, 17, 67, 4, 0],
    [16, 21, 55, 190, 37, 9],
    [0, 5, 6, 6, 1, 0],
    [10, 4, 18, 101, 18, 4],
    [1, 7, 4, 17, 2, 0],
    [1, 8, 2, 14, 0, 0],
    [24, 57, 75, 489, 64, 16],
    [20, 65, 108, 405, 69, 20],
    [6, 110, 69, 88, 15, 3],
    [7, 114, 78, 183, 27, 6],
    [1, 1, 5, 90, 2, 2],
    [9, 35, 61, 350, 29, 14],
    [6, 25, 23, 127, 13, 5],
    [17, 47, 69, 159, 36, 8],
    [5, 83, 73, 168, 14, 5],
    [17, 14, 11, 100, 10, 1],
    [2, 34, 44, 130, 12, 4],
    [10, 12, 31, 137, 12, 4],
    [5, 17, 19, 87, 10, 4],
    [3, 7, 11, 67, 7, 4],
    [6, 19, 27, 121, 14, 2],
    [1, 3, 9, 28, 3, 0],
    [0, 3, 2, 7, 0, 0],
    [2, 2, 10, 33, 3, 2],
    [1, 10, 5, 25, 7, 1],
    [1, 3, 7, 14, 2, 1],
    [18, 28, 49, 234, 24, 10],
    [16, 20, 22, 189, 17, 6],
    [7, 13, 11, 115, 10, 3],
    [14, 50, 52, 438, 41, 13],
    [13, 20, 37, 213, 10, 4],
    [3, 14, 14, 75, 10, 4],
    [4, 6, 9, 130, 6, 3],
    [1, 18, 3, 21, 3, 0],
    [61, 98, 191, 631, 100, 31],
    [55, 140, 166, 819, 76, 29],
    [11, 46, 48, 222, 18, 5],
    [0, 3, 0, 32, 1, 0],
    [15, 119, 79, 152, 24, 15],
    [13, 41, 28, 130, 15, 6],
    [4, 11, 3, 30, 3, 2],
    [2, 3, 4, 70, 6, 1],
    [2, 13, 2, 37, 1, 1],
    [2, 3, 3, 24, 1, 1],
    [57, 149, 183, 1191, 84, 28],
    [16, 54, 151, 511, 100, 21],
    [0, 6, 5, 14, 2, 4],
    [48, 99, 186, 954, 91, 21],
    [69, 184, 340, 1522, 175, 56],
    [0, 4, 1, 25, 3, 1],
    [11, 24, 42, 176, 30, 6],
    [0, 1, 2, 2, 3, 1],
    [27, 76, 69, 363, 54, 17],
    [4, 24, 29, 110, 25, 7],
    [23, 47, 39, 320, 35, 12],
    [7, 18, 11, 141, 18, 5],
    [27, 72, 76, 387, 24, 4],
    [22, 80, 189, 591, 101, 18],
    [2, 8, 5, 38, 5, 0],
    [19, 41, 53, 417, 27, 7],
    [77, 135, 153, 1222, 90, 20],
    [9, 7, 3, 106, 4, 3],
    [20, 21, 33, 287, 40, 4],
    [270, 778, 880, 4542, 474, 151],
    [15, 105, 90, 529, 52, 29],
    [75, 311, 319, 1543, 174, 86],
    [10, 109, 51, 195, 10, 12]
  ],
  "W": [
    [11, 56, 83, 305, 10],
    [0, 2, 11, 20, 2],
    [8, 17, 24, 301, 5],
    [6, 10, 15, 72, 2],
    [28, 47, 30, 212, 11],
    [1, 7, 2, 7, 1],
    [12, 19, 4, 114, 6],
    [1, 2, 8, 19, 1],
    [0, 1, 7, 15, 2],
    [55, 66, 54, 535, 15],
    [76, 81, 57, 456, 17],
    [6, 60, 113, 103, 9],
    [7, 69, 120, 213, 6],
    [2, 3, 0, 96, 0],
    [35, 42, 34, 378, 9],
    [6, 26, 27, 138, 2],
    [38, 44, 54, 183, 17],
    [6, 59, 101, 176, 6],
    [12, 4, 16, 115, 6],
    [4, 34, 37, 143, 8],
    [12, 31, 18, 139, 6],
    [5, 24, 11, 99, 3],
    [8, 9, 7, 67, 8],
    [8, 31, 14, 130, 6],
    [8, 5, 0, 28, 3],
    [0, 1, 2, 9, 0],
    [3, 8, 6, 35, 0],
    [5, 8, 5, 30, 1],
    [1, 6, 3, 17, 1],
    [39, 26, 33, 249, 16],
    [12, 18, 22, 208, 10],
    [9, 12, 12, 122, 4],
    [38, 38, 46, 471, 15],
    [5, 30, 23, 233, 6],
    [9, 10, 15, 81, 5],
    [6, 5, 6, 138, 3],
    [0, 4, 17, 24, 1],
    [80, 145, 124, 721, 42],
    [40, 134, 164, 912, 35],
    [18, 37, 44, 238, 13],
    [1, 0, 4, 31, 0],
    [27, 72, 121, 163, 21],
    [16, 21, 41, 142, 13],
    [1, 6, 9, 33, 4],
    [1, 3, 2, 74, 6],
    [2, 6, 7, 41, 0],
    [1, 3, 2, 24, 4],
    [62, 159, 138, 1293, 40],
    [72, 139, 60, 557, 25],
    [1, 8, 4, 17, 1],
    [63, 135, 122, 1045, 34],
    [121, 278, 220, 1676, 51],
    [2, 4, 3, 25, 0],
    [40, 30, 21, 190, 8],
    [3, 0, 2, 3, 1],
    [42, 71, 76, 397, 20],
    [36, 16, 28, 117, 2],
    [17, 30, 57, 361, 11],
    [6, 10, 18, 160, 6],
    [16, 57, 86, 417, 14],
    [53, 191, 87, 644, 26],
    [5, 5, 9, 39, 0],
    [22, 41, 47, 444, 10],
    [52, 117, 155, 1317, 56],
    [5, 5, 8, 109, 5],
    [17, 27, 23, 328, 10],
    [355, 734, 796, 4987, 223],
    [44, 83, 99, 572, 22],
    [131, 290, 357, 1650, 80],
    [7, 63, 93, 217, 7]
  ],
  "method": "mvn_cdf",
  "mvncdf_method": "genz",
  "mvncdf_samples": 5000,
  "mvncdf_error": 0.001,
  "cond_prob": [
    [
      [0.015868124766, 0.0097934707318, 0.30263895704, 0.068844096134, 0.43565339628, 0.16720195505],
      [0, 0.23625536277, 0.59235835209, 0.013699292003, 0.07947131192, 0.078215681221],
      [0.0019954760005, 0.85742508116, 0.10883167261, 0.010867183405, 0.0023644498184, 0.018516137006],
      [0.015109197, 0.017513754373, 0.021909354569, 0.89790602426, 0.035446016657, 0.01211565314],
      [0.20515210344, 0.21539946871, 0.17835217854, 0.17122409682, 0.075013475792, 0.1548586767]
    ],
    [
      [0.0088930232203, 0.0055191859702, 0.25850822166, 0.0088850986772, 0.69398197914, 0.024212491334],
      [0.0015716134526, 0.19016247178, 0.71716808697, 0.006503798464, 0.084594029338, 0],
      [0, 0.8396277044, 0.13286419201, 0.027508103584, 0, 0],
      [0.071238169887, 0.04526075527, 0.076022701573, 0.67989248246, 0.12758589081, 0],
      [0.28604668767, 0.2392776013, 0.29185184124, 0.043276807195, 0.13954706259, 0]
    ],
    [
      [0.04191455558, 0.0019661526067, 0.16067969437, 0.084317091702, 0.60594325619, 0.10517924954],
      [0.00014948934736, 0.090049093819, 0.58907683879, 0.029204689532, 0.20086131077, 0.090658577739],
      [0.0289780918, 0.66306912603, 0.21180239396, 0.043143796488, 0.011161223423, 0.041845368303],
      [0.04138441401, 0.0011310280719, 0.0072720484998, 0.90311907979, 0.039876665443, 0.0072167641885],
      [0.50199188323, 0.039867541967, 0.085622426442, 0.19093788257, 0.093413201375, 0.088167064418]
    ],
    [
      [0.063938882721, 0.008287415532, 0.52215876409, 0.074367449612, 0.33124748804, 0],
      [0.015109439258, 0.14750345029, 0.78414674709, 0.010730217447, 0.042510145911, 0],
      [0.0064611506869, 0.79074212623, 0.19041635035, 0.011300214387, 0.0010801583483, 0],
      [0.011406784646, 0.017476677909, 0.035575175836, 0.91526670037, 0.020274661236, 0],
      [0.27353327815, 0.17789415052, 0.30396101452, 0.1888937426, 0.055717814204, 0]
    ],
    [
      [0.031742792287, 0.0012029274695, 0.23245798592, 0.057390898652, 0.59371715445, 0.083488241224],
      [0.0014664240485, 0.062438717091, 0.69529657568, 0.016802962631, 0.16409639271, 0.059898927839],
      [0.022862737157, 0.58571049608, 0.31493770742, 0.030615960413, 0.011103118002, 0.034769980937],
      [0.043967411722, 0, 0.022290362366, 0.87248064083, 0.052402220801, 0.0088593642784],
      [0.45775513508, 0.041853040483, 0.14895902667, 0.15626735683, 0.11100226073, 0.084163180196]
    ],
    [
      [0, 0.074624589825, 0.51220174288, 0.022577499524, 0.39059616777, 0],
      [0, 0.32795630609, 0.63529811323, 0, 0.036745580684, 0],
      [0, 0.94169191214, 0.055978897571, 0, 0.0023291902867, 0],
      [0, 0.018490543456, 0.093386513944, 0.84598922515, 0.042133717454, 0],
      [0, 0.61686363908, 0.27504807178, 0.05549792445, 0.052590364689, 0]
    ],
    [
      [0.041203191922, 0.0012235881896, 0.18178517699, 0.058233963319, 0.6362641138, 0.08128996578],
      [0.0015997346821, 0.067361569741, 0.64419938687, 0.019709358085, 0.19955882191, 0.067571128713],
      [0.031367506027, 0.62594934867, 0.26246109694, 0.032381275862, 0.012476752779, 0.035364019719],
      [0.052925975724, 0, 0.016856599357, 0.8680646225, 0.051888209195, 0.010264593222],
      [0.5526892469, 0.033608286994, 0.10121546851, 0.13963709465, 0.10134169314, 0.071508209808]
    ],
    [
      [0.057268987573, 0.0040141418822, 0.2756160818, 0.047427394026, 0.61567339472, 0],
      [0.023342249908, 0.13338883439, 0.74578796242, 0.0070488638226, 0.090432089461, 0],
      [0.010800790144, 0.81524959225, 0.1659050003, 0, 0.0080446173055, 0],
      [0.024123484135, 0.0041453881684, 0.03542028117, 0.88222470588, 0.054086140651, 0],
      [0.3512939929, 0.12844907612, 0.23258264874, 0.1762054667, 0.11146881555, 0]
    ],
    [
      [0.024494256166, 0.022395750734, 0.54768985293, 0.090264409968, 0.214889229, 0.1002665012],
      [0.01522277604, 0.33613841409, 0.64235589908, 0.0062829107835, 0, 0],
      [0, 0.93323087834, 0.066769121662, 0, 0, 0],
      [0.023725768631, 0.030180040719, 0.032839004331, 0.91325518632, 0, 0],
      [0.31444534725, 0.33927241338, 0.19883759216, 0.14744464722, 0, 0]
    ],
    [
      [0.027164371089, 0.004398561021, 0.23860620643, 0.074410542131, 0.55664711262, 0.098773206708],
      [0.00014819102154, 0.1432047799, 0.63508292659, 0.019013530864, 0.13937756299, 0.063173008631],
      [0.010563288827, 0.76755108023, 0.17282909775, 0.021190698216, 0.0058442260302, 0.022021608949],
      [0.030792247469, 0.0081542375454, 0.015748940145, 0.89644947485, 0.041794510329, 0.0070605896624],
      [0.36346059935, 0.09975255008, 0.14684874905, 0.19385069317, 0.10065589442, 0.095431513923]
    ],
    [
      [0.019448541933, 0.005579560704, 0.32833225948, 0.053689923638, 0.48620026849, 0.10674944575],
      [8.3110183177e-05, 0.14770032409, 0.69058691716, 0.011162901793, 0.096442704106, 0.054024042661],
      [0.0058674037606, 0.77551586316, 0.1841406819, 0.012059368681, 0.0039339604019, 0.018482722099],
      [0.029377582431, 0.013168742342, 0.028260257022, 0.87010163253, 0.049099285681, 0.0099924999919],
      [0.28144466383, 0.14134567216, 0.21920658347, 0.15068484172, 0.095494738165, 0.11182350066]
    ],
    [
      [0.016390284807, 0.0087321680865, 0.38676223935, 0.039094573383, 0.48334809507, 0.065672639302],
      [0.0001139898136, 0.1910641433, 0.69678402624, 0.007075035316, 0.079622800343, 0.025340004991],
      [0.0036516270531, 0.82802120454, 0.15705715926, 0.0067618167197, 0.0022041684219, 0.0023040240073],
      [0.031659171101, 0.028916984796, 0.046330794472, 0.83074450818, 0.060437369187, 0.0019111722668],
      [0.24681004688, 0.21543476077, 0.26142824027, 0.11224008991, 0.094269261228, 0.069817600938]
    ],
    [
      [0.012852846547, 0.006377685903, 0.31395779016, 0.039419084574, 0.55746032106, 0.06993227175],
      [0, 0.16812260159, 0.67629090409, 0.010251730529, 0.10974275606, 0.035592007731],
      [0.0031617288765, 0.80709295073, 0.16573231322, 0.011852013338, 0.0018012332459, 0.010359760585],
      [0.024393173381, 0.020612323402, 0.036464833583, 0.84417829122, 0.068291639072, 0.0060597393442],
      [0.22247944648, 0.18555295273, 0.24722265777, 0.13074656193, 0.1272100788, 0.086788302289]
    ],
    [
      [0.015884699976, 0.0035593616127, 0.37983860378, 0.095733297523, 0.33233550795, 0.17264852915],
      [0, 0.08235214997, 0.77360474912, 0.016696818771, 0.054199879452, 0.073146402683],
      [0.0044463050541, 0.75551134719, 0.19116000884, 0.019758716791, 0.0023973741342, 0.026726247984],
      [0.010085735417, 0.0077690086132, 0.019994880678, 0.93498378072, 0.012215930685, 0.014950663892],
      [0.22248346109, 0.083254196805, 0.22189250208, 0.25029807104, 0.057472245247, 0.16459952374]
    ],
    [
      [0.016958425416, 0.0050392213271, 0.35595662871, 0.075097339106, 0.40203374277, 0.14491464267],
      [0, 0.12308913403, 0.71681227268, 0.014800234178, 0.075669467284, 0.069628891833],
      [0.0052441129926, 0.73360545804, 0.21325393159, 0.017939996331, 0.0033746872818, 0.026581813764],
      [0.016102119971, 0.0096717444983, 0.024228353354, 0.91093645869, 0.029002268811, 0.010059054678],
      [0.23795043552, 0.11726429231, 0.22516125565, 0.20067133738, 0.07478937765, 0.14416330148]
    ],
    [
      [0.030568820306, 0.0036397095082, 0.19916753734, 0.082486940728, 0.57094167844, 0.11319531368],
      [0.00062026647383, 0.13605755925, 0.60483050563, 0.022666692737, 0.15476148855, 0.081063487364],
      [0.013691195904, 0.76083476756, 0.16476414342, 0.025456416018, 0.0066069077702, 0.028646569337],
      [0.033450498668, 0.0053742403374, 0.0101608851, 0.90449544052, 0.037568905611, 0.0089500297633],
      [0.40731452211, 0.078240655996, 0.11428380685, 0.20402516005, 0.093827871474, 0.10230798351]
    ],
    [
      [0.027389730549, 0.0043068068872, 0.34645606612, 0.044713191053, 0.50238477569, 0.074749429701],
      [0.00011474841224, 0.10694300451, 0.74443559085, 0.0098196551578, 0.10037764277, 0.038309358294],
      [0.010543619989, 0.70691542056, 0.24779806001, 0.013338937461, 0.0050488277331, 0.016355134245],
      [0.047828443548, 0.012645305802, 0.032314615135, 0.84206848743, 0.058011118022, 0.007132030067],
      [0.39012827414, 0.096666203982, 0.22263727526, 0.12058812301, 0.09435829096, 0.075621832645]
    ],
    [
      [0.018863180484, 0.0047952933486, 0.35134890759, 0.088566194471, 0.46012865526, 0.076297768846],
      [0, 0.12155551341, 0.73380003146, 0.018375354416, 0.088665921966, 0.037603178749],
      [0.0052034578748, 0.72936918456, 0.22404629448, 0.023264435051, 0.0041053821394, 0.014011245894],
      [0.015704476133, 0.0083080727631, 0.020650317045, 0.9238779214, 0.028891321482, 0.0025678911729],
      [0.26621397871, 0.11182408364, 0.22242885932, 0.23870580259, 0.084737082579, 0.076090193169]
    ],
    [
      [0.16323327696, 0.0046831663717, 0.24694559927, 0.081945833517, 0.44701374104, 0.056178382841],
      [0, 0.14496697911, 0.68955746017, 0.021648050597, 0.10984649356, 0.033981016554],
      [0.052701242295, 0.745615811, 0.16273749127, 0.028335268853, 0.0049954489184, 0.0056147376593],
      [0.080922534004, 0.010883496326, 0.020805565111, 0.85288859399, 0.03449981057, 0],
      [0.81531489821, 0.030413172253, 0.046997186667, 0.06575086417, 0.024840622507, 0.016683256189]
    ],
    [
      [0.0088993571625, 0.0050293836662, 0.41054733867, 0.052065245001, 0.44443751013, 0.079021165365],
      [0, 0.11188741854, 0.76637850571, 0.010952763014, 0.075618117829, 0.035163194906],
      [0.00056810410708, 0.72494034366, 0.24190965727, 0.013903968899, 0.0041043974084, 0.014573528657],
      [0.0047955222248, 0.015290784005, 0.033315739665, 0.89170318606, 0.04678246421, 0.0081123038372],
      [0.15720288016, 0.14579192586, 0.32326667, 0.17391782774, 0.1011848584, 0.098635837839]
    ],
    [
      [0.062702560142, 0.0013649385037, 0.23164744155, 0.14774307537, 0.47406223544, 0.082479748992],
      [0.021206078116, 0.048187734936, 0.69905284419, 0.043876560586, 0.12900351523, 0.058673266941],
      [0.03973435797, 0.57406372917, 0.27890778559, 0.069741736406, 0.0074361002344, 0.030116290629],
      [0.032864280157, 0, 0.0072909266581, 0.94379294985, 0.013465012671, 0.0025868306657],
      [0.55113791189, 0.026108971652, 0.085968930887, 0.23738973886, 0.051109606192, 0.048284840512]
    ],
    [
      [0.025834301732, 0.0081675161138, 0.26122068283, 0.058656971995, 0.52242833865, 0.12369218868],
      [0.00090957645667, 0.23336686377, 0.58557491374, 0.010834738172, 0.10390639806, 0.065407509802],
      [0.0055625994332, 0.86801132067, 0.10065286894, 0.0080840263987, 0.0029774515037, 0.014711733058],
      [0.038108013042, 0.012862468796, 0.021140649015, 0.86797702694, 0.046567239811, 0.0133446024],
      [0.33837225714, 0.17894958359, 0.1466642818, 0.14267715558, 0.083732015176, 0.10960470671]
    ],
    [
      [0.018739302947, 0.003284155236, 0.24057193966, 0.11184358408, 0.48381858967, 0.14174242841],
      [0, 0.11117121206, 0.65804739117, 0.028091824061, 0.11419195406, 0.088497618652],
      [0.0074807927676, 0.73238549408, 0.1882024658, 0.033701985931, 0.0049106588188, 0.033318602607],
      [0.0098926721584, 0.003477627267, 0.010059982798, 0.94439378209, 0.020978398066, 0.011197537617],
      [0.26686387405, 0.076685795521, 0.14519523177, 0.29276595112, 0.082724551744, 0.13576459579]
    ],
    [
      [0.025931213013, 0.0057939548343, 0.25864919054, 0.084189966896, 0.56447271175, 0.060962962971],
      [0.0023101817882, 0.17598627151, 0.64278375488, 0.019142259354, 0.12653421584, 0.03324331662],
      [0.0077391759643, 0.81694054378, 0.14302902317, 0.01783524777, 0.0045483189111, 0.0099076904066],
      [0.026986553893, 0.0099591371211, 0.016013349784, 0.9091939036, 0.037847055607, 0],
      [0.35072236515, 0.1277030843, 0.153394713, 0.21469488145, 0.096310653546, 0.057174302554]
    ],
    [
      [0.043257738507, 0.030934191394, 0.51335250937, 0.10024488747, 0.31221067325, 0],
      [0.010818669794, 0.29041629146, 0.65224121019, 0.014056802771, 0.032467025783, 0],
      [0.00086650045498, 0.94284987119, 0.05030273612, 0.0039507367125, 0.00044829432486, 0.0015818612022],
      [0, 0.010947647629, 0.033617534292, 0.94759875023, 0.0078360678539, 0],
      [0.19994824766, 0.33130362598, 0.23022763796, 0.19833062669, 0.040189861715, 0]
    ],
    [
      [0.00029886178539, 0.019024822887, 0.96031044239, 0.0037431296121, 0.0034679973912, 0.013154745937],
      [0, 0.18241221059, 0.81039566504, 0.0071921243723, 0, 0],
      [0, 0.9650977566, 0.020800967645, 0.014101275757, 0, 0],
      [0, 0.098599141801, 0.12755582219, 0.77384503601, 0, 0],
      [1.9872722796e-10, 0.55024295139, 0.43221689876, 0.0036473361585, 0.0053203980276, 0.0085724154582]
    ],
    [
      [0.044209595185, 0, 0.2667084249, 0.10132923506, 0.46183525336, 0.12591749149],
      [0.02740075052, 0, 0.76797803418, 0.022254825776, 0.103297969, 0.07906842052],
      [0.093683286084, 0.33333333333, 0.44421497292, 0.058705677406, 0.0093840956452, 0.060678634616],
      [0.031030442679, 0, 0.011164588981, 0.91902113212, 0.020908740401, 0.017875095819],
      [0.58173276204, 0.01167108403, 0.09671174779, 0.1864102085, 0.047968756073, 0.075505441569]
    ],
    [
      [0.0097894617863, 0.011985530572, 0.18351204795, 0.033720726786, 0.69671361651, 0.064278616396],
      [0.0018047712734, 0.50484079203, 0.35073700826, 0.010992318336, 0.10314081109, 0.028484299015],
      [0.0016900007244, 0.96335496014, 0.025498916414, 0.0051369017171, 0.0011013249594, 0.0032178960489],
      [0.026747017413, 0.019238607815, 0.034534748682, 0.82123199528, 0.085826173013, 0.012421457793],
      [0.12575399488, 0.50741297578, 0.11300665165, 0.080813452272, 0.11101361355, 0.061999311874]
    ],
    [
      [0.010917300895, 0.0036127088547, 0.41567491038, 0.024838092146, 0.46159648167, 0.083360506053],
      [0, 0.076647749077, 0.82015308475, 0, 0.062984093814, 0.04021507236],
      [0.0058596243745, 0.7183886317, 0.25315275412, 0.00012481735097, 0.0041690104915, 0.018305161954],
      [0.043417104166, 0.0161018734, 0.032644503269, 0.81607512326, 0.061809561529, 0.029951834372],
      [0.23341305516, 0.10760305377, 0.34899176317, 0.10151036031, 0.097229377982, 0.11125238961]
    ],
    [
      [0.03901430622, 0.0039326727188, 0.35246238236, 0.089998188596, 0.40188084968, 0.11271160042],
      [0.00018736917965, 0.10205714813, 0.7440020052, 0.018263945507, 0.078827619212, 0.056661912768],
      [0.014742953573, 0.68435406683, 0.24791732272, 0.025013307963, 0.0035590200133, 0.024413328897],
      [0.037015016408, 0.0058626976885, 0.019939955855, 0.9083801181, 0.021026390273, 0.0077758216791],
      [0.42314461908, 0.071852748922, 0.17272464342, 0.18769496831, 0.057756870279, 0.086826149996]
    ],
    [
      [0.049401365171, 0.0034621364392, 0.22377560904, 0.082179511522, 0.52692594695, 0.11425543088],
      [0, 0.12207874951, 0.64148162425, 0.022254688535, 0.13711950278, 0.077065434918],
      [0.021500689288, 0.73059228565, 0.18613517576, 0.026630255158, 0.0062365180363, 0.028905076108],
      [0.046793805304, 0.0052290313224, 0.012682430179, 0.89136353912, 0.03540459082, 0.0085266032544],
      [0.52010569503, 0.060036807205, 0.10351041112, 0.16237797178, 0.070737929907, 0.08323118496]
    ],
    [
      [0.045247508176, 0.0048258240361, 0.19530723839, 0.11153047102, 0.54168657958, 0.1014023788],
      [0.00042712033184, 0.17535180314, 0.58207373407, 0.030649069124, 0.14163823969, 0.06986003365],
      [0.015068199205, 0.81154543024, 0.12267479607, 0.026938378712, 0.0045647945534, 0.019208401225],
      [0.036898676611, 0.0064943126772, 0.0035768408722, 0.92166249482, 0.025356692597, 0.00601098242],
      [0.47629751136, 0.080373659142, 0.087219476625, 0.21558800457, 0.069216969029, 0.071304379265]
    ],
    [
      [0.020527876969, 0.0058626001963, 0.272451479, 0.083531648802, 0.50226757044, 0.1153588246],
      [0, 0.16850297364, 0.63785504251, 0.018886922555, 0.11013446333, 0.064620597971],
      [0.0059653262607, 0.79954148905, 0.15215089846, 0.018471014528, 0.0040731261898, 0.019798145512],
      [0.018643435305, 0.0097324630789, 0.01674950281, 0.91293942786, 0.034348040321, 0.0075871306222],
      [0.27763184257, 0.13408063921, 0.16802633534, 0.21759713977, 0.090895461399, 0.11176858172]
    ],
    [
      [0.042900347317, 0.0037553165695, 0.37069516108, 0.087624479629, 0.4034455127, 0.091579182706],
      [0.00018636823174, 0.094810803691, 0.76719488166, 0.01719101123, 0.075881156582, 0.04473577861],
      [0.016354086948, 0.66939248478, 0.26578204446, 0.024571005849, 0.0038444595408, 0.020055918417],
      [0.041416515111, 0.0057756527297, 0.021332093699, 0.90308666038, 0.022679357387, 0.0057097206961],
      [0.45895253263, 0.065857511741, 0.1745521484, 0.17697037708, 0.055604149754, 0.0680632804]
    ],
    [
      [0.015918192392, 0.0040454445944, 0.2540056404, 0.066943416374, 0.53605358405, 0.12303372218],
      [0, 0.13107208874, 0.65904608376, 0.015425806954, 0.12092769534, 0.073528325208],
      [0.0056568148023, 0.76839385522, 0.17749263308, 0.016975845008, 0.005145320591, 0.026335531294],
      [0.018200539644, 0.0071037331839, 0.019285659042, 0.90076226332, 0.041381058394, 0.01326674642],
      [0.25952806705, 0.110311979, 0.17979210403, 0.20537403587, 0.10743905027, 0.13755476377]
    ],
    [
      [0.025189265167, 0.0039283009539, 0.29565923802, 0.1037856652, 0.43489166063, 0.13654587003],
      [5.3116615964e-05, 0.11327284601, 0.70207851117, 0.022419906222, 0.089266230861, 0.072909389119],
      [0.008672540247, 0.74160815526, 0.19303645486, 0.026275681644, 0.0037664413833, 0.026640726614],
      [0.020564520563, 0.005166239486, 0.014997542171, 0.93019251146, 0.019668783617, 0.0094104027053],
      [0.31955324891, 0.082491994545, 0.16259082242, 0.24698860222, 0.069142698168, 0.11923263374]
    ],
    [
      [0.0085105189383, 0.0050109667177, 0.10000575586, 0.032872522802, 0.82474143999, 0.028858795694],
      [0.028951201008, 0.28709431566, 0.46771020263, 0.010808124379, 0.20543615632, 0],
      [0.0057800938397, 0.9282044658, 0.057979204266, 0.0029327353332, 0.0051035007591, 0],
      [0.019989940802, 0.035132961766, 0.00098028502247, 0.86450139937, 0.079395413041, 0],
      [0.30617502143, 0.22895573635, 0.11998587641, 0.15887741697, 0.18600594883, 0]
    ],
    [
      [0.036359631367, 0.0026979184618, 0.2968826687, 0.052986803419, 0.51096244123, 0.10011053682],
      [0, 0.081818254317, 0.72692600002, 0.013565813173, 0.1184695477, 0.059220384786],
      [0.018354190796, 0.63569532229, 0.28771363039, 0.021048852431, 0.0071790932277, 0.030008910866],
      [0.050445000178, 0.0064110673893, 0.026286170731, 0.85547496726, 0.051864670551, 0.0095181238866],
      [0.46296344532, 0.058855240359, 0.17181660085, 0.12825008851, 0.087149648988, 0.090964975969]
    ],
    [
      [0.034052007379, 0.0037432362969, 0.28580019849, 0.068140987763, 0.49495972807, 0.113303842],
      [0, 0.11137859705, 0.69276277513, 0.016007095643, 0.1136011762, 0.066250355976],
      [0.014343918009, 0.70469924943, 0.22618934641, 0.021317306824, 0.0057753903078, 0.027674789026],
      [0.040267279256, 0.0072650222214, 0.020833889362, 0.88262994972, 0.040737413023, 0.0082664464152],
      [0.41605024199, 0.077976039182, 0.16120629384, 0.16213877733, 0.082267673706, 0.10036097395]
    ],
    [
      [0.025989709592, 0.0071137215473, 0.36568306881, 0.085725194833, 0.43392693991, 0.081561365307],
      [0.00014190180581, 0.16766987271, 0.70231729852, 0.015807936994, 0.076944020945, 0.037118969026],
      [0.0064263676891, 0.79725010662, 0.1671800069, 0.015455770333, 0.0025318021644, 0.011155946289],
      [0.025863238319, 0.011361071483, 0.022975813383, 0.91005752727, 0.02658355916, 0.00315879039],
      [0.31451722787, 0.14501753983, 0.20060006363, 0.1998698031, 0.069546148577, 0.070449217]
    ],
    [
      [0, 0.0013187447368, 0, 0.33919332964, 0.65948792563, 0],
      [7.0803485001e-05, 0.12840981779, 0.50781229641, 0.083684123723, 0.20848642848, 0.071536530111],
      [0, 0.74967031382, 0, 0.24526371471, 0.0050659714697, 0],
      [0, 0, 0, 0.98966941327, 0.010330586726, 0],
      [0.26589282339, 0.038508873115, 0.043236109313, 0.51126703286, 0.08219467316, 0.058900488166]
    ],
    [
      [0.030772836162, 0.0078396426051, 0.3214026423, 0.071104041279, 0.42975766425, 0.13912317341],
      [0.00057244907573, 0.19468588622, 0.64409012819, 0.013361555989, 0.079996595454, 0.067293385077],
      [0.0079225744548, 0.82060063937, 0.13911394182, 0.01146283072, 0.0015381280616, 0.01936188558],
      [0.035862411202, 0.014106382172, 0.022256307504, 0.88621418632, 0.031223502129, 0.010337210672],
      [0.34874821691, 0.1513775326, 0.16605115931, 0.15610685557, 0.064821135722, 0.11289509988]
    ],
    [
      [0.041665329635, 0.0070277394718, 0.29079539022, 0.077570055389, 0.47059210769, 0.11234937759],
      [0.00013974850528, 0.19067672583, 0.64010398984, 0.015940509932, 0.094561141297, 0.058577884595],
      [0.010435758994, 0.82027538904, 0.13615135033, 0.013626871413, 0.0030047032454, 0.016505926987],
      [0.043548562559, 0.011659179867, 0.018003168635, 0.88626517773, 0.031920780067, 0.0086031311449],
      [0.43989676963, 0.12280387957, 0.13587958925, 0.15505934154, 0.063753746707, 0.082606673304]
    ],
    [
      [0.048696567481, 0.0075411600461, 0.13553083637, 0.077263430896, 0.58652423637, 0.14444376884],
      [0.00086080594871, 0.29817271742, 0.43836041372, 0.019270986232, 0.14019524545, 0.10313983123],
      [0.058283605734, 0.9064761318, 0.0024030989686, 0.0083075273983, 0.0045870614203, 0.019942574676],
      [0.03859753739, 0.017520952545, 0, 0.88428159679, 0.039007260769, 0.020592652503],
      [0.53696685284, 0.11673647881, 0.053169697653, 0.13776255273, 0.060945283193, 0.094419134771]
    ],
    [
      [0.011611304314, 0.0024803546705, 0.15253714954, 0.071698210509, 0.70798532205, 0.053687658913],
      [0, 0.11375901411, 0.6068412996, 0.024059236161, 0.20905904383, 0.0462814063],
      [0.0057139746813, 0.79555001932, 0.1487753228, 0.025976199466, 0.0082395844659, 0.015744899271],
      [0.007044323097, 0.0073266524173, 0.011862558967, 0.92068933929, 0.049051114391, 0.0040260118414],
      [0.24261347286, 0.087161714248, 0.14192649041, 0.27886009582, 0.1697626521, 0.079675574563]
    ],
    [
      [0.050066068782, 0.064668341627, 0.27048669608, 0.11107689595, 0.34481589792, 0.15888609965],
      [0.0016307067919, 0.72544733952, 0.21433375955, 0.011014232668, 0.019979591266, 0.027594370204],
      [0.0014205074923, 0.98073163443, 0.009239361091, 0.0057659648666, 0, 0.0028425321245],
      [0.045857074859, 0.04031360582, 0.0026426469005, 0.89442436727, 0.004646113575, 0.012116191576],
      [0.26963794943, 0.51972847115, 0.050864358758, 0.095303549031, 0.018020754451, 0.046444917177]
    ],
    [
      [0.031293109607, 0.0062823786085, 0.26217654902, 0.13618155243, 0.4351145149, 0.12895189544],
      [0.00052464706706, 0.18367691525, 0.65226400056, 0.02568020994, 0.072837687846, 0.065016539336],
      [0.0058332977965, 0.87417952534, 0.088999846641, 0.016442577836, 0.0011115572665, 0.013433195122],
      [0.021130630692, 0.010702912494, 0.0060410865048, 0.94428569103, 0.00624552895, 0.011594150327],
      [0.36208280425, 0.10936448128, 0.11451141998, 0.27275901933, 0.048564153057, 0.092718122115]
    ],
    [
      [0.031241140163, 0.0059040147449, 0.3160441602, 0.086941498715, 0.45802355686, 0.10184562932],
      [0.00010014589778, 0.15586799442, 0.67962389617, 0.018216925911, 0.093335370096, 0.052855667499],
      [0.0092864562979, 0.77609218615, 0.1746216593, 0.019077535433, 0.0035704233332, 0.017351739486],
      [0.030433877948, 0.0093473152826, 0.018934777265, 0.90660298298, 0.028907799086, 0.0057732474401],
      [0.36036477391, 0.1166034906, 0.16911516473, 0.19606947444, 0.072292824801, 0.085554271514]
    ],
    [
      [0.01273130742, 0.0021472300404, 0.25086040635, 0.057388282172, 0.59974876998, 0.077124004042],
      [0, 0.079248034235, 0.69587900858, 0.016698312669, 0.15645932442, 0.051715320093],
      [0.0076586355791, 0.64421400774, 0.28539118437, 0.026106876718, 0.0095466572702, 0.027082638328],
      [0.015207337749, 0.0041212243094, 0.024572979406, 0.89376031607, 0.055113116233, 0.0072250262353],
      [0.24613362419, 0.075262410959, 0.21600991836, 0.20624278281, 0.15197749155, 0.10437377213]
    ],
    [
      [0, 0.0079685101052, 0.13990327648, 0.015592688384, 0.24366699595, 0.59286852908],
      [0, 0.20314065439, 0.41682779538, 0.013303908567, 0.061071021964, 0.3056566197],
      [0, 0.86782554982, 0.071968639481, 0.007251702285, 0.0056611735506, 0.047292934864],
      [0, 0.042319937181, 0.067191168393, 0.81217445826, 0.070710720924, 0.0076037152382],
      [0, 0.17616512342, 0.095349939886, 0.042003443447, 0.043037878431, 0.64344361481]
    ],
    [
      [0.026663190635, 0.0030555489812, 0.32412789303, 0.072381387875, 0.49573618396, 0.078035795515],
      [0.00011918644623, 0.08672046196, 0.7455995151, 0.016171279885, 0.10813223341, 0.043257323195],
      [0.012691616789, 0.64744399744, 0.28675515408, 0.025361787058, 0.0064975200292, 0.021249924599],
      [0.031031256312, 0.0054362457411, 0.02200630734, 0.89724756909, 0.039469783204, 0.0048088383128],
      [0.36259084487, 0.071505693005, 0.20421435978, 0.19232358995, 0.092122000236, 0.077243512155]
    ],
    [
      [0.022436883199, 0.0029953258134, 0.29286211656, 0.065734485277, 0.50991857026, 0.10605261889],
      [4.6063223972e-05, 0.090576318661, 0.7131071193, 0.015639145199, 0.11817227378, 0.062459079841],
      [0.011053026648, 0.6592465275, 0.26877837782, 0.023959800368, 0.0068924213876, 0.030069846275],
      [0.02817461704, 0.0057112354713, 0.022138794059, 0.89194420282, 0.044002041408, 0.0080291092053],
      [0.32588250067, 0.075511417428, 0.19772632879, 0.18683931208, 0.10165111338, 0.11238932764]
    ],
    [
      [0, 0.0039692270191, 0.062171529843, 0.12980137812, 0.70297825898, 0.10107960604],
      [0, 0.30804400119, 0.192396506, 0.15087449688, 0.23851981597, 0.11016517997],
      [0, 0.91996184706, 0.03535697211, 0.024274369948, 0.0041436906075, 0.01626312027],
      [0, 0, 0, 0.96256304586, 0.025101325854, 0.01233562829],
      [0.20543320204, 0.10257242891, 0.048093900792, 0.40175677499, 0.1165620988, 0.12558159447]
    ],
    [
      [0.031268329201, 0.0056824318386, 0.31166959683, 0.078296293048, 0.49341513641, 0.079668212675],
      [0.00036614337143, 0.15108522766, 0.68905173545, 0.016288607558, 0.101314693, 0.041893592963],
      [0.0094171566886, 0.7818348578, 0.17417360469, 0.017067798574, 0.0039553024784, 0.01355127977],
      [0.034167015852, 0.010058743607, 0.020171689351, 0.89758322237, 0.034235543412, 0.003783785407],
      [0.38109865357, 0.1138065747, 0.17142467354, 0.18503175384, 0.079517394152, 0.0691209502]
    ],
    [
      [0, 0.011375056082, 0.1324932274, 0, 0.73828199713, 0.11784971938],
      [4.6327434488e-06, 0.011154911122, 0.74489898477, 0.0015430088383, 0.20654764033, 0.035850822203],
      [0, 0.39481777466, 0.51443141717, 0, 0, 0.09075080817],
      [0, 0.03815738173, 0.061828187163, 0.65593140955, 0.14684393226, 0.0972390893],
      [0, 0.061767137244, 0.38817292196, 0.032205771353, 0.34462221182, 0.17323195762]
    ],
    [
      [0.035908598966, 0.0044889554592, 0.20514949273, 0.074675407384, 0.57005706107, 0.10972048439],
      [0.00012844310186, 0.15651432713, 0.59211089382, 0.020772542673, 0.15436071391, 0.076113079362],
      [0.014131825157, 0.78250184778, 0.15072271925, 0.021635179415, 0.0060728072763, 0.024935621114],
      [0.039589478507, 0.0086274562066, 0.0116443414, 0.88980827377, 0.042293939621, 0.0080365105001],
      [0.4345838852, 0.090185304943, 0.11330588225, 0.17453120197, 0.092288268264, 0.095105457377]
    ],
    [
      [0.019344783074, 0.0039152632428, 0.27779715912, 0.073801358945, 0.5153842696, 0.10975716602],
      [7.0049189853e-05, 0.12439504036, 0.67944881506, 0.016977741516, 0.11581197412, 0.063296379752],
      [0.0073083641225, 0.74615785175, 0.19737149614, 0.020080864991, 0.0049557955617, 0.024125627438],
      [0.021524456917, 0.0065978920491, 0.019098705936, 0.90671668214, 0.036373185011, 0.0096890779468],
      [0.28973568377, 0.10217832937, 0.1835853722, 0.21169559184, 0.099374893181, 0.11343012964]
    ],
    [
      [0.035260411099, 0.0028495343425, 0.18760455543, 0.061252391931, 0.58809952456, 0.12493358263],
      [0, 0.11156188777, 0.6005000373, 0.018865866064, 0.17388946571, 0.095182743163],
      [0.019128013193, 0.71420708125, 0.19394101321, 0.024999655131, 0.0084344928438, 0.039289744372],
      [0.045041511079, 0.0061303984673, 0.015311094359, 0.87338397753, 0.050407765431, 0.0097252531323],
      [0.4591173418, 0.061983982292, 0.11034351111, 0.15237610218, 0.10069588168, 0.11548318094]
    ],
    [
      [0.016626558657, 0.0031002556133, 0.13156838915, 0.047166839581, 0.69881132447, 0.10272663252],
      [0.00020731949678, 0.14489322651, 0.51038318905, 0.017136096953, 0.23500861151, 0.092371556473],
      [0.0089161397244, 0.80056137121, 0.13276669819, 0.018557514754, 0.0081243862081, 0.031073889916],
      [0.030274461353, 0.0096083646271, 0.012764156503, 0.86996839876, 0.064440346514, 0.012944272239],
      [0.31562718693, 0.097503863197, 0.11244869442, 0.16944315423, 0.16672525733, 0.13825184389]
    ],
    [
      [0.050896977441, 0.004376912187, 0.3288834848, 0.098974345781, 0.45537998084, 0.061488298944],
      [1.2043369853e-05, 0.11872994513, 0.73268351732, 0.021709337179, 0.094516011086, 0.03234914591],
      [0.023783720998, 0.71323112422, 0.22477479052, 0.027374316622, 0.0041487778192, 0.0066872698152],
      [0.041212563101, 0.0067865071263, 0.018251344852, 0.9094238751, 0.024325709818, 0],
      [0.4967087907, 0.071036598383, 0.14524721198, 0.18535936436, 0.058992270579, 0.042655763994]
    ],
    [
      [0.016028354097, 0.0025068399355, 0.24860532024, 0.061377169803, 0.60793734478, 0.063544971146],
      [0, 0.088031496958, 0.69257741436, 0.017657763215, 0.15925085112, 0.042482474343],
      [0.0091135057601, 0.66642094993, 0.26783175739, 0.026520264417, 0.0091152068758, 0.020998315623],
      [0.020140256993, 0.0047349080133, 0.023276263037, 0.8953707435, 0.05247245061, 0.0040053778492],
      [0.28412679725, 0.077893006146, 0.20193675369, 0.20955213113, 0.14527411426, 0.081217197522]
    ],
    [
      [0.085835567361, 0.0030121833353, 0.15457812245, 0.12819826788, 0.62837585898, 0],
      [0.035797422935, 0.14644211953, 0.59416486328, 0.041341269793, 0.18225432446, 0],
      [0.028000670348, 0.79662800866, 0.13030699728, 0.038815973808, 0.0062483499067, 0],
      [0.02922638501, 0.0021301643012, 0.0021415922015, 0.94366560378, 0.022836254709, 0],
      [0.56078785457, 0.047136492012, 0.061109242751, 0.23793586173, 0.066578393439, 0.026452155491]
    ],
    [
      [0.036144748084, 0.0038348392917, 0.28788844538, 0.10478067265, 0.48268382356, 0.084667471032],
      [0.00016862861853, 0.11521396126, 0.70128479447, 0.02465169443, 0.10946041606, 0.049220505159],
      [0.014665076034, 0.71123732519, 0.21803525846, 0.031390868776, 0.0050807505038, 0.019590721033],
      [0.030232262454, 0.0045671330298, 0.013931030725, 0.92325289532, 0.024607645827, 0.0034090326457],
      [0.40855186658, 0.073589977442, 0.1480742839, 0.22844493757, 0.072848880247, 0.068490054256]
    ],
    [
      [0.039731648453, 0.0036660888654, 0.26264637866, 0.093268526058, 0.52367010646, 0.077017251504],
      [0.00010527049772, 0.11723348603, 0.68198258514, 0.02363908429, 0.12885781782, 0.048181756228],
      [0.017363080522, 0.71292876705, 0.21399097103, 0.030265229211, 0.0062216735199, 0.019230278668],
      [0.035897009882, 0.0050394290259, 0.014227717795, 0.90983699358, 0.032069197507, 0.0029296522122],
      [0.44560710959, 0.070574260607, 0.13649858934, 0.20424701273, 0.080237451199, 0.062835576537]
    ],
    [
      [0.17091172595, 0.0029889428085, 0.050698784225, 0.16426779967, 0.45600593957, 0.15512680777],
      [0.00034610573706, 0.14466024514, 0.51283698446, 0.057786596523, 0.14970636389, 0.13466370425],
      [0.15324470791, 0.74828595902, 0, 0.054751953162, 0.0046126910531, 0.039104688851],
      [0.034807523715, 0.0010477421829, 0, 0.94901290159, 0.0069172736096, 0.008214558907],
      [0.62474661865, 0.032252498023, 0.036464231315, 0.2018612242, 0.036110826169, 0.068564601645]
    ],
    [
      [0.028086531764, 0.0021894920687, 0.17874158915, 0.050574839905, 0.69196158483, 0.048445962283],
      [0.00010117205687, 0.093780867695, 0.62661267051, 0.01739594217, 0.2217066525, 0.040402695068],
      [0.019071952818, 0.69541162988, 0.22906748387, 0.025659070127, 0.0118446884, 0.018945174901],
      [0.044332363958, 0.005624182507, 0.019732505956, 0.86441992488, 0.062557914916, 0.0033331077849],
      [0.45401270213, 0.059149585743, 0.13020367979, 0.15506433105, 0.14591495147, 0.055654749819]
    ],
    [
      [0.030014988375, 0.0049509886713, 0.28818172595, 0.073729037067, 0.49974431663, 0.1033789433],
      [7.6591185292e-05, 0.14171926418, 0.67183851053, 0.016735719438, 0.11124606002, 0.058383854646],
      [0.010481549857, 0.75793060671, 0.1870763872, 0.018975817068, 0.0047843090423, 0.020751330123],
      [0.033732917181, 0.0091131452261, 0.019769546226, 0.89202764554, 0.038525442036, 0.0068313037896],
      [0.3709376212, 0.10520377099, 0.16619950364, 0.17890383442, 0.085208386155, 0.093546883592]
    ],
    [
      [0.016457402253, 0.0062737423146, 0.25939247802, 0.07263540734, 0.45757634511, 0.18766462496],
      [0, 0.17717140879, 0.60157682858, 0.016809651573, 0.10028919361, 0.10415291745],
      [0.0041776042463, 0.80560311801, 0.13992064019, 0.016081214274, 0.0038340566576, 0.03038336662],
      [0.015466070435, 0.012355899893, 0.019592441246, 0.90661192528, 0.037231679765, 0.00874198338],
      [0.2279863269, 0.14529295395, 0.16349247379, 0.19248997827, 0.084842968681, 0.1858952984]
    ],
    [
      [0.02453127085, 0.0036892437126, 0.23217361652, 0.08048078104, 0.50387740979, 0.15524767809],
      [1.0452704869e-05, 0.12079347471, 0.62713412214, 0.021362717274, 0.12970096617, 0.100998267],
      [0.01098382722, 0.72143113335, 0.19472108216, 0.026992609993, 0.0063650221936, 0.039506325088],
      [0.02538383362, 0.0068665563766, 0.015619966834, 0.90906782628, 0.03683775664, 0.0062240602504],
      [0.32473525554, 0.082573359756, 0.14284986511, 0.20829443184, 0.09155209685, 0.1499949909]
    ],
    [
      [0.029278529247, 0.014992539931, 0.33725097639, 0.072368054982, 0.34327443275, 0.2028354667],
      [0.00041730132673, 0.3035243245, 0.5529653191, 0.012783713127, 0.050641073312, 0.079668268632],
      [0.0029068096296, 0.88964847956, 0.082682237022, 0.0090276316968, 0, 0.015734842096],
      [0.034561044176, 0.024472076652, 0.023379231401, 0.88433993953, 0.018885680128, 0.014362028109],
      [0.2855257757, 0.24646722068, 0.14852668643, 0.13524472304, 0.04407125205, 0.1401643421]
    ]
  ],
  "expected_outcome": [
    [
      [0.17454937242, 0, 0.33531644464, 0.38363329633, 0.88879818404, 0, 0.49443830307, 0.057268987573, 0, 1.4940404099, 1.4780891869, 0.098341708842, 0.089969925831, 0.031769399952, 0.59354488956, 0.18341292184, 1.0408097609, 0.1131790829, 1.9587993236, 0.03559742865, 0.7524307217, 0.12917150866, 0.14991442358, 0.2074497041, 0.34606190806, 0, 0.13262878556, 0.048947308932, 0.010917300895, 1.5215579426, 0.59281638205, 0.40722757358, 0.78005932483, 0.21450173659, 0.14326373153, 0.151135591, 0, 2.9087705093, 1.3620802952, 0.46781477266, 0, 0.83086657639, 0.66664527415, 0.048696567481, 0.011611304314, 0.10013213756, 0.031293109607, 1.9369506901, 0.91665413425, 0, 1.67978101, 2.7148628671, 0, 1.2507331681, 0, 1.5081611566, 0.69641219065, 0.59942698869, 0.099759351943, 0.81435163906, 0.84950276712, 0.4291778368, 0.79518445784, 2.0660457196, 0.85455862976, 0.47747103999, 10.6553208731, 0.72412569912, 3.2135964813, 0.20494970473],
