{
  "Z_true": {},
  "V_true": [
    [16, 12, 122, 633, 45],
    [883, 33, 102, 116, 30],
    [29, 848, 134, 169, 13],
    [59, 86, 8587, 418, 241],
    [45, 156, 435, 9997, 210],
    [415, 535, 1213, 1339, 264]
  ],
  "p_true": [
    [0.0193, 0.0145, 0.1473, 0.7645, 0.0543],
    [0.7586, 0.0284, 0.0876, 0.0997, 0.0258],
    [0.0243, 0.7108, 0.1123, 0.1417, 0.0109],
    [0.0063, 0.0092, 0.9144, 0.0445, 0.0257],
    [0.0042, 0.0144, 0.0401, 0.922, 0.0194],
    [0.1102, 0.1421, 0.3221, 0.3555, 0.0701]
  ],
  "Z_est": [
    [
      [4, 4, 3, 4, 1, 3, 3, 4, 2, 1.9986, 4, 3, 2, 2, 2, 2, 3, 3, 1.9993, 3, 2, 1, 2, 3, 2, 1, 0, 2, 2, 2, 3, 2, 2.0001, 3, 2, 1.9567, 2, 3, 2, 3, 2, 2, 2, 3, 2, 3, 2, 2, 2, 2, 2, 2, 1.9997, 1, 1, 2, 2, 1, 2, 3, 2, 2, 5],
      [1, 1, 2.2987e-10, 2, 2, 1, 5.7593e-07, 1, 6.433e-11, 0.0027, 2, 8.8755e-10, 2.263e-13, 5.0932e-15, 5.8159e-14, 6.3403e-13, 3.2865e-13, 2.5869e-13, 2.6732e-08, 5.0949e-15, 7.6021e-11, 3.0925e-13, 5.0518e-13, 1, 1, 5.9443e-13, 0, 1, 8.445e-15, 1.0924e-12, 1.0126e-11, 6.7337e-10, 0, 1.6286e-09, 8.0931e-07, 1.2186e-10, 1.017e-09, 6.7409e-10, 1.7469e-12, 1, 9.904e-09, 1.8781e-09, 1, 1.1433e-17, 1.2801e-18, 4.916e-10, 6.5192e-11, 1.6982e-16, 5.8435e-07, 9.8867e-11, 1.0777e-13, 1.3475e-12, 2.2557e-07, 0.9999, 1, 2.5206e-11, 5.2042e-11, 4.6401e-10, 1, 3.037e-11, 6.69e-07, 4.6623e-06, 2],
      [8, 8, 4, 10, 6, 15, 6, 11, 2, 2.9972, 14, 6, 1, 3, 2, 2, 6, 4, 1.0003, 2, 2, 1, 2, 7, 5, 1, 0, 4, 3, 4, 6, 4.9999, 3.9999, 6, 1, 1, 1, 7, 5.4715e-14, 5, 5, 3, 5, 4, 3, 4, 2, 3.2337e-10, 3, 2, 3, 7, 3.9997, 4.0002, 2, 1, 2, 1.0367e-11, 2, 4, 3, 3, 14],
      [20, 20, 13, 22, 34, 30, 12, 20, 5, 6.0014, 25, 6, 1, 4, 1, 1, 10, 7, 1.0003, 2, 2, 1, 1, 9, 9, 2, 0, 4, 2, 4, 6, 4.0001, 4, 5, 1, 1.0433, 2, 7, 8.1255e-17, 9, 7, 5, 6, 5, 3, 6, 2, 5.0171e-08, 3, 1, 4, 6, 3.0005, 2.9998, 2, 1, 2, 1.5464e-10, 2, 2, 1, 1, 19],
      [1, 5.1199e-12, 5.9466e-10, 1, 6.3467e-08, 1, 5.1847e-08, 3.3353e-13, 1.2312e-07, 6.0962e-06, 1, 1.0111e-09, 6.6127e-15, 3.8719e-16, 6.1158e-15, 1.2549e-15, 1, 5.4258e-15, 0, 1.4736e-17, 1.6723e-10, 3.5691e-12, 5.7948e-15, 1.718e-13, 3.5974e-14, 1.3028e-12, 0, 1.704e-12, 1.2889e-14, 2.9082e-14, 4.9412e-12, 8.4386e-12, 4.6935e-08, 8.3263e-10, 3.9439e-08, 1.5968e-08, 4.1347e-09, 4.7007e-14, 5.139e-14, 1.9512e-12, 2.0077e-13, 4.2504e-10, 9.3557e-12, 5.2314e-18, 3.0731e-19, 5.0566e-12, 3.4215e-06, 3.9327e-08, 8.9593e-10, 4.0544e-11, 8.4758e-14, 1, 0.0002, 2.5507e-10, 1.9239e-09, 7.9961e-12, 9.2118e-12, 7.1795e-11, 3.0465e-07, 5.7957e-11, 2.8398e-06, 7.0855e-08, 3.8624e-48]
    ],
    [
      [4.6646e-13, 5.9616e-11, 4.886e-10, 1, 9.4025e-11, 2, 1, 1.8806e-12, 2, 0.9986, 1, 2, 2, 1, 5, 2, 1.3263e-09, 1, 3.001, 8, 5, 6, 3, 2.9792e-13, 5.7785e-12, 3, 2.9998, 1, 5.5453e-14, 1, 1, 0, 1, 2.7173e-09, 8.4535e-07, 0.0216, 1.3692e-08, 4.4702e-12, 3, 1, 1, 1.6288e-09, 6.9074e-09, 1, 3, 1.0478e-09, 2, 1, 5.0893e-11, 1.5101e-07, 1, 1, 2.2664e-07, 1.9679e-10, 2.5745e-06, 2, 2, 2, 5.2743e-08, 2.6534e-11, 1, 1.9247e-06, 10],
      [2, 3, 2, 2, 1, 7.5061e-08, 2, 3, 1, 0.9987, 3, 2, 3, 3, 2, 4, 2, 3, 3.9993, 7, 4, 5, 2, 3, 3, 2, 0, 2, 3, 3, 2, 2, 1.952e-07, 2, 2, 1.9567, 1, 3, 3, 2, 1, 2, 2, 5, 3, 3, 9.8357e-07, 2, 2, 2, 2, 2, 1.9997, 1.0001, 1, 2, 1, 1, 1, 3, 1, 2, 12],
      [3, 3, 3, 3, 6.0338e-10, 3, 5, 6, 4, 2.0013, 7, 7, 11, 6, 18, 14, 3, 5, 11.999, 22, 16, 16, 11, 4, 3, 8, 6.9997, 7, 6, 6, 7, 3, 2, 3, 4, 2.0216, 2, 6, 13, 5, 3, 2, 4, 12, 14, 4, 5, 7, 6, 5, 3, 5, 2, 3.0001, 1, 8, 4, 4, 1, 7, 3, 4, 55],
      [7, 8, 8, 6, 3, 6, 10, 11, 11, 4.0014, 12, 7, 10, 7, 14, 11, 4, 8, 13.0007, 23, 13, 16, 9, 6, 6, 14, 7.0003, 6, 6, 6, 6, 2, 2, 3, 3, 2, 3, 6, 12, 8, 4, 3, 4, 14, 13, 7, 5, 5, 5, 3, 4, 4, 2.0003, 2.9998, 6.673e-07, 8, 4, 4, 1, 3, 1, 2, 74],
      [7.4859e-13, 1.2506e-11, 5.6652e-12, 1.0745e-12, 2.5229e-09, 4.0504e-09, 5.1844e-08, 3.5079e-13, 9.2059e-12, 1.358e-07, 4.3678e-13, 1.6112e-09, 4.6386e-13, 2.2963e-14, 4.5524e-12, 1, 1.1757e-12, 1.2371e-13, 0, 1, 8.0878e-12, 1, 1.5722e-10, 3.6385e-14, 7.9272e-12, 1.3091e-13, 0.0001, 9.0522e-13, 1.3103e-14, 4.0604e-14, 1.9846e-14, 5.8272e-10, 2.3391e-08, 1.649e-09, 2.486e-09, 5.7098e-08, 1.6994e-08, 6.6521e-10, 7.8767e-15, 1.4159e-12, 9.9189e-09, 4.4741e-10, 7.1498e-12, 4.3795e-18, 9.0708e-11, 2.2972e-10, 1.4105e-11, 1.6326e-10, 2.9151e-07, 1.389e-10, 1.1324e-11, 3.6197e-13, 2.9967e-09, 1.4848e-10, 2.575e-06, 1.8646e-07, 3.7828e-12, 2.2167e-10, 2.8515e-09, 1, 3.9165e-07, 1.0118e-06, 2]
    ],
    [
      [9.2454e-14, 4.4918e-11, 1.527e-08, 1.1313e-12, 4.2169e-11, 5.532e-08, 5.1846e-08, 5.3329e-13, 1.5941e-09, 0.0014, 5.5793e-14, 1, 1, 1, 2, 2, 6.6317e-10, 4.835e-13, 1.9993, 4, 2, 3, 1, 1.1765e-13, 1.9807e-12, 1, 0.0001, 1, 1, 4.5601e-13, 2.1214e-14, 0, 1.0893e-07, 1.6564e-11, 8.8463e-07, 4.1953e-07, 1.091e-06, 6.6958e-10, 1, 1.1618e-11, 1.9812e-08, 2.1363e-09, 3.2981e-11, 1, 2, 2.3979e-10, 0, 1, 2.9374e-07, 2.3059e-07, 7.5096e-12, 4.8742e-13, 7.6563e-10, 0.0001, 2.5782e-06, 1, 1.0624e-07, 1, 4.9226e-07, 3.1254e-11, 3.23e-06, 1.0038e-06, 9],
      [1, 5.6317e-11, 1.9985e-10, 1, 8.5604e-08, 1, 2, 1, 2, 1.9972, 1, 2, 5, 4, 5, 2, 1, 2, 3.0007, 5, 4, 3, 3, 1, 6.0904e-12, 3, 1.9999, 2, 2, 1, 2, 1, 3, 4.6176e-09, 2.4328e-06, 0.9784, 1, 1, 2, 2, 3, 1, 7.5526e-11, 3, 5, 1, 4, 3, 1, 1.2693e-07, 2, 1.3797e-13, 0.0003, 7.1962e-10, 0, 2, 3, 3, 2, 1, 2, 3, 10],
      [4, 6, 2, 6, 2, 3, 3, 8, 4, 2.0014, 8, 6, 11, 12, 14, 14, 5, 6, 10.0003, 16, 10, 11, 11, 10, 6, 6, 4.0002, 11, 14, 11, 5, 5, 7, 4, 8, 4.0433, 4, 8, 12, 7, 7, 7, 7, 11, 13, 4, 8, 15, 6, 5, 6, 6, 6.9998, 6, 6, 10, 8, 9, 10, 11, 6, 9, 49],
      [6, 8, 3, 8, 5, 6, 7, 11, 10, 4, 10, 5, 10, 12, 11, 9, 6, 8, 9.9997, 14, 9, 9, 8, 8, 8, 11, 3.9998, 9, 12, 8, 4, 3, 7, 2, 5, 2.9784, 4, 7, 10, 8, 9, 8, 5, 12, 12, 4, 8, 9, 5, 3, 5, 4, 3.9998, 3.9999, 4, 8, 7, 7, 7, 5, 2, 4, 65],
      [1.5546e-15, 1.2245e-13, 1.9725e-12, 1.2862e-12, 1.1298e-08, 4.8513e-11, 9.8924e-13, 2.7778e-13, 1.4618e-10, 1.4538e-08, 5.182e-13, 8.3623e-10, 1.4077e-07, 2.899e-15, 1.6097e-12, 1.9946e-14, 3.1153e-13, 1.6714e-13, 0, 5.3341e-15, 8.3308e-13, 6.6074e-12, 5.0507e-13, 1.4833e-18, 1.2925e-13, 8.452e-14, 2.631e-08, 1.7118e-13, 3.8819e-14, 1.0476e-12, 9.437e-15, 8.0625e-11, 2.2739e-10, 7.8471e-12, 5.1773e-10, 1.6853e-07, 2.4464e-10, 4.428e-12, 9.2886e-13, 6.7025e-12, 3.1403e-14, 8.3366e-10, 6.9258e-09, 5.8023e-18, 1.035e-18, 4.5399e-10, 4.3697e-11, 3.9169e-08, 3.3829e-12, 1.1911e-07, 3.8973e-12, 2.384e-13, 1.0611e-09, 1.5362e-10, 2.3075e-07, 3.8755e-11, 3.5401e-08, 1.7165e-10, 1.2971e-06, 1, 4.7212e-06, 7.8047e-09, 2]
    ],
    [
      [5, 3, 4, 5, 1.1019e-08, 5, 4, 5, 4, 2.9973, 6, 9, 9, 6, 17, 16, 4, 6, 13.0013, 18, 13, 15, 14, 6, 4, 8, 7.0005, 10, 9, 8, 8, 4.9999, 3, 4, 4, 2.9784, 3, 5, 12, 5, 3, 2, 4, 9, 14, 5, 7, 10, 3, 6, 5, 5, 3.0006, 2.9999, 4, 7, 7, 8, 3, 8, 5, 3, 62],
      [4, 4, 2, 5, 1, 5, 4, 6, 4, 2.9986, 6, 4, 18, 15, 12, 12, 5, 9, 10.9993, 15, 14, 10, 12, 10, 6, 7, 6.0001, 10, 13, 9, 8, 6, 7, 5, 5, 6.0865, 5, 6, 14, 8, 7, 4, 6, 14, 15, 4, 9, 13, 6, 7, 7, 7, 4.9998, 6.9999, 10, 11, 10, 10, 9, 11, 3, 9, 62],
      [29, 26, 20, 27, 10, 39, 39, 41, 27, 15.9974, 37, 53, 69, 67, 93, 84, 46, 50, 57.0003, 56, 64, 49, 89, 62, 45, 39, 49.0005, 73, 80, 77, 75, 60.0005, 55.0001, 57, 60, 42.0865, 55, 61, 84, 36, 44, 37, 53, 69, 81, 35, 74, 79, 70, 88, 56, 74, 75.0005, 77.0006, 67, 73, 71, 63, 42, 83, 54, 54, 331],
      [70, 63, 63, 59, 43, 77, 71, 76, 61, 29.0039, 71, 46, 62, 74, 70, 69, 67, 72, 59.999, 58, 52, 49, 72, 77, 83, 62, 49.999, 63, 81, 73, 65, 53.9997, 55, 54, 56, 42.8919, 66, 64, 80, 56, 58, 53, 69, 83, 73, 54, 68, 57, 59, 65, 64, 67, 69.9992, 70.9998, 60, 67, 61, 55, 39, 45, 29, 30, 445],
      [4, 2, 1, 3, 1, 2, 1, 2, 1, 0.0028, 3, 3, 2, 4, 3, 6, 7, 3, 0, 3, 2, 4, 4, 6, 6, 2, 0.9999, 4, 5, 8, 5, 4.9999, 4.9999, 5, 3, 5.9567, 3, 5, 4, 3, 2, 2, 4, 4, 3, 3, 3, 5, 3, 4, 9, 10, 3.9998, 3.9998, 6, 3, 6, 5, 4, 12, 4, 2, 14]
    ],
    [
      [10, 8, 11, 9, 1, 9, 8, 8, 10, 6.0027, 9, 7, 9, 7, 13, 11, 6, 7, 16.999, 19, 12, 16, 12, 7, 7, 12, 6.9996, 9, 8, 7, 7, 4, 3, 3, 4, 3.0216, 5, 6, 11, 7, 4, 4, 5, 10, 14, 8, 7, 7, 3, 4, 5, 5, 2.9995, 2.9998, 4, 7, 6, 7, 3, 4, 3, 2, 81],
      [8, 9, 5, 10, 7, 7, 9, 9, 8, 6.0027, 9, 3, 17, 17, 9, 9, 7, 10, 14.9987, 16, 13, 11, 10, 11, 11, 12, 7.0002, 8, 12, 8, 8, 4.9999, 7, 4, 5, 7.0433, 6, 6, 12, 11, 11, 7, 8, 16, 16, 6, 8, 10, 6, 5, 7, 6, 4.9998, 6.0001, 10, 11, 9, 9, 8, 6, 2, 5, 81],
      [52, 55, 49, 46, 38, 66, 69, 63, 55, 30.0027, 57, 42, 71, 72, 70, 60, 59, 56, 76.0013, 59, 56, 50, 72, 70, 76, 57, 52.9988, 63, 72, 63, 73, 45.9998, 48.9998, 49, 60, 45.8919, 67, 66, 74, 50, 63, 59, 66, 75, 81, 50, 63, 59, 64, 62, 56, 63, 71.0009, 68.9994, 68, 71, 60, 54, 37, 46, 35, 31, 426],
      [126, 135, 159, 99, 199, 133, 136, 121, 134, 61.9932, 104, 42, 63, 84, 59, 50, 88, 89, 85.001, 62, 50, 50, 58, 87, 144, 100, 57.0012, 59, 71, 61, 65, 41.0001, 51.0003, 50, 57, 50.0865, 88, 69, 74, 82, 87, 91, 87, 93, 78, 81, 64, 46, 57, 48, 67, 56, 65.9998, 64.0006, 62, 70, 57, 51, 36, 25, 20, 18, 576],
      [10, 6, 5, 5, 5, 5, 2, 4, 3, 1.9986, 6, 3, 2, 4, 2, 4, 11, 5, 0, 4, 2, 5, 4, 9, 10, 5, 1.0001, 4, 5, 7, 5, 3.0001, 4, 5, 3, 6.9567, 4, 6, 4, 4, 3, 3, 5, 5, 4, 6, 3, 4, 3, 3, 10, 9, 3.9998, 5, 7, 3, 6, 4, 4, 8, 3, 2, 18]
    ],
    [
      [3, 2, 2, 3, 3.1778e-10, 3, 2, 1, 2, 1.0013, 2, 2, 3, 2, 4, 4, 1, 2, 5, 7, 4, 6, 3, 1, 1, 3, 1.9999, 4, 3, 3, 3, 2, 1, 1, 1, 1.0216, 1, 2, 3, 2, 1, 1, 2, 3, 4, 2, 2, 4, 1, 2, 1, 1, 1.0002, 1.0002, 1, 2, 2, 3, 1, 2, 2, 1, 30],
      [2, 2, 1, 4, 1, 2, 2, 1, 2, 1, 2, 1, 6, 5, 3, 3, 2, 2, 4.002, 5, 4, 4, 3, 3, 2, 3, 1.9998, 3, 4, 3, 3, 2.0001, 3, 2, 2, 2.9351, 1, 2, 4, 3, 3, 1, 3, 4, 4, 1, 3, 6, 2, 2, 2, 2, 1.0003, 2, 3, 4, 4, 4, 3, 3, 1, 3, 30],
      [15, 15, 11, 19, 7, 24, 19, 12, 14, 7, 15, 14, 26, 23, 24, 21, 18, 14, 22.9987, 21, 20, 19, 22, 18, 18, 14, 15.0007, 28, 26, 27, 33, 25.9998, 21.0002, 25, 26, 22.9567, 17, 26, 24, 15, 21, 16, 26, 21, 24, 12, 26, 35, 27, 30, 19, 21, 21.9991, 23.9997, 20, 26, 26, 27, 17, 25, 21, 16, 157],
      [36, 38, 35, 40, 41, 48, 39, 23, 34, 17.0001, 28, 13, 26, 26, 19, 16, 26, 22, 26.9993, 21, 17, 19, 17, 23, 33, 23, 15.9997, 24, 26, 26, 31, 22.0001, 20.9998, 23, 24, 26, 23, 27, 23, 25, 28, 23, 34, 26, 22, 18, 26, 26, 24, 23, 22, 19, 19.0003, 21.9999, 18, 25, 23, 25, 16, 13, 11, 9, 212],
      [4, 4, 2, 4, 3, 3, 2, 4, 2, 1.9986, 4, 4, 2, 4, 4, 3, 5, 3, 0, 4, 3, 3, 3, 4, 5, 2, 0.9999, 4, 3, 5, 4, 4, 4.0001, 5, 4, 5.0865, 3, 4, 4, 4, 3, 3, 4, 4, 3, 3, 3, 4, 4, 3, 7, 5, 3.0002, 2.0002, 4, 4, 4, 5, 4, 5, 4, 2, 8]
    ]
  ],
  "V_est": [
    [145.9544, 20.0027, 258.9973, 397.0454, 6.0002],
    [87.0211, 148.9545, 430.0218, 492.0025, 6.0001],
    [38.001, 122.9764, 526.045, 502.9776, 3],
    [473.9779, 558.0843, 3848.0864, 4257.8925, 252.9589],
    [534.0223, 622.0448, 4085.8947, 5294.0828, 306.9554],
    [168.0233, 197.9373, 1443.9548, 1727.9991, 228.0855]
  ],
  "p_est": [
    [0.1763, 0.0242, 0.3128, 0.4795, 0.0072],
    [0.0748, 0.128, 0.3694, 0.4227, 0.0052],
    [0.0319, 0.1031, 0.4409, 0.4216, 0.0025],
    [0.0505, 0.0594, 0.4098, 0.4534, 0.0269],
    [0.0493, 0.0574, 0.3768, 0.4882, 0.0283],
    [0.0446, 0.0526, 0.3834, 0.4588, 0.0606]
  ],
  "EI_Z": {},
  "EI_V": 43.7438,
  "MAE_Z": {},
  "MAE_V": 792.7828,
  "MAE_p": 0.1837,
  "runtime": 0.5173
}
