{
  "Z_true": {},
  "V_true": [
    [623, 195, 159],
    [6278, 1022, 507],
    [104, 16980, 598],
    [462, 1552, 506],
    [282, 1118, 1008]
  ],
  "p_true": [
    [0.6377, 0.1996, 0.1627],
    [0.8042, 0.1309, 0.0649],
    [0.0059, 0.9603, 0.0338],
    [0.1833, 0.6159, 0.2008],
    [0.1171, 0.4643, 0.4186]
  ],
  "Z_est": {},
  "V_est": [
    [620.434, 131.5928, 224.9732],
    [6897.3672, 23.1387, 886.4941],
    [0, 17682, 0],
    [231.1987, 1570.3731, 718.4281],
    [0, 1459.8954, 948.1046]
  ],
  "p_est": [
    [0.635, 0.1347, 0.2303],
    [0.8835, 0.003, 0.1136],
    [0, 1, 0],
    [0.0917, 0.6232, 0.2851],
    [0, 0.6063, 0.3937]
  ],
  "EI_Z": {},
  "EI_V": 7.4522,
  "MAE_Z": {},
  "MAE_V": 311.9375,
  "MAE_p": 0.0625,
  "runtime": 0.0317
}
