{
  "X": [
    [8, 32, 31, 29],
    [14, 42, 22, 22],
    [16, 31, 29, 24],
    [22, 34, 26, 18],
    [9, 38, 22, 31],
    [19, 23, 25, 33],
    [19, 52, 14, 15],
    [16, 59, 9, 16],
    [21, 55, 9, 15],
    [17, 60, 7, 16],
    [16, 58, 15, 11],
    [13, 54, 17, 16],
    [24, 34, 12, 30],
    [24, 18, 24, 34],
    [20, 22, 24, 34],
    [18, 28, 22, 32],
    [26, 25, 20, 29],
    [28, 19, 25, 28],
    [29, 18, 33, 20],
    [18, 26, 44, 12],
    [14, 24, 48, 14],
    [25, 22, 42, 11],
    [15, 21, 52, 12],
    [20, 14, 55, 11],
    [15, 21, 53, 11],
    [39, 28, 18, 15],
    [32, 39, 16, 13],
    [36, 28, 18, 18],
    [29, 31, 21, 19],
    [23, 42, 19, 16],
    [32, 35, 19, 14],
    [15, 27, 23, 35],
    [18, 33, 12, 37],
    [12, 23, 27, 38],
    [20, 26, 20, 34],
    [24, 18, 17, 41],
    [16, 18, 22, 44],
    [14, 39, 12, 35],
    [9, 56, 18, 17],
    [16, 53, 14, 17],
    [11, 59, 17, 13],
    [9, 42, 20, 29],
    [12, 54, 16, 18],
    [12, 50, 11, 27],
    [19, 29, 9, 43],
    [22, 25, 10, 43],
    [32, 23, 10, 35],
    [16, 36, 19, 29],
    [19, 22, 19, 40],
    [16, 32, 15, 37]
  ],
  "W": [
    [58, 7, 6, 6, 5, 6, 4, 8],
    [60, 9, 6, 3, 4, 6, 5, 7],
    [53, 7, 8, 8, 4, 8, 6, 6],
    [55, 8, 4, 5, 7, 5, 9, 7],
    [59, 9, 4, 6, 6, 7, 5, 4],
    [62, 2, 8, 7, 6, 3, 6, 6],
    [17, 43, 8, 3, 7, 4, 9, 9],
    [9, 57, 7, 1, 6, 4, 5, 11],
    [6, 58, 8, 3, 6, 5, 8, 6],
    [7, 60, 6, 7, 4, 5, 4, 7],
    [7, 57, 6, 10, 3, 8, 4, 5],
    [7, 49, 9, 7, 5, 5, 11, 7],
    [2, 32, 26, 8, 13, 5, 8, 6],
    [3, 5, 61, 3, 6, 6, 8, 8],
    [6, 7, 66, 8, 1, 4, 4, 4],
    [8, 9, 55, 6, 3, 4, 6, 9],
    [5, 5, 53, 5, 8, 9, 8, 7],
    [13, 1, 50, 5, 9, 12, 4, 6],
    [5, 7, 42, 22, 9, 3, 7, 5],
    [7, 9, 9, 51, 11, 4, 4, 5],
    [5, 11, 3, 58, 9, 5, 5, 4],
    [4, 6, 10, 54, 2, 3, 11, 10],
    [10, 8, 2, 61, 6, 3, 6, 4],
    [7, 4, 6, 62, 4, 7, 4, 6],
    [3, 6, 5, 64, 7, 7, 6, 2],
    [6, 6, 5, 3, 56, 7, 7, 10],
    [10, 9, 4, 5, 56, 7, 7, 2],
    [5, 8, 9, 6, 51, 9, 6, 6],
    [6, 8, 9, 11, 47, 10, 6, 3],
    [5, 6, 4, 6, 61, 6, 5, 7],
    [2, 8, 8, 5, 57, 5, 10, 5],
    [4, 5, 4, 9, 17, 45, 9, 7],
    [3, 8, 6, 3, 9, 62, 5, 4],
    [4, 5, 5, 7, 7, 56, 10, 6],
    [7, 6, 6, 6, 5, 58, 9, 3],
    [5, 6, 9, 4, 8, 58, 5, 5],
    [6, 4, 2, 10, 9, 55, 8, 6],
    [4, 6, 6, 2, 6, 38, 29, 9],
    [6, 4, 8, 7, 9, 3, 55, 8],
    [5, 7, 7, 5, 10, 7, 50, 9],
    [5, 6, 4, 5, 7, 7, 58, 8],
    [12, 4, 8, 7, 3, 4, 50, 12],
    [8, 6, 3, 4, 6, 8, 62, 3],
    [4, 7, 6, 5, 7, 9, 36, 26],
    [5, 9, 9, 5, 8, 3, 5, 56],
    [4, 4, 6, 6, 4, 8, 4, 64],
    [7, 3, 7, 9, 10, 2, 6, 56],
    [9, 5, 4, 8, 8, 10, 8, 48],
    [6, 5, 9, 7, 8, 8, 6, 51],
    [9, 4, 9, 7, 5, 2, 12, 52]
  ],
  "method": "mcmc",
  "mcmc_stepsize": 3000,
  "mcmc_samples": 1000,
  "burn_in": 10000,
  "cond_prob": [
    [
      [0.007307762255, 0.37929282653, 0.35564651912, 0.25775289209],
      [0.1940568713, 0.61110238196, 0.018537333323, 0.17630341342],
      [0.39380461462, 0.055502753415, 0.38337729446, 0.1673153375],
      [0.11360437237, 0.19390446919, 0.65223077402, 0.040260384421],
      [0.3897185047, 0.18019787887, 0.3722367616, 0.057846854824],
      [0.052578465172, 0.0055455829243, 0.071611124263, 0.87026482764],
      [0.011604807865, 0.73784071383, 0.10941300207, 0.14114147624],
      [0.10785190278, 0.042653788052, 0.16257369812, 0.68692061105]
    ],
    [
      [0.11075172935, 0.49687892865, 0.20465193978, 0.18771740221],
      [0.19260825651, 0.47939834203, 0.13799123798, 0.19000216348],
      [0.17060738861, 0.16208459225, 0.55607938678, 0.11122863237],
      [0.32509069699, 0.10047056216, 0.56864559873, 0.005793142131],
      [0.67549342744, 0.1472676273, 0.17695379432, 0.0002851509386],
      [0.004180521206, 0.099078553196, 0.12543419732, 0.77130672828],
      [0.12183422624, 0.68223118524, 0.19427098224, 0.0016636062775],
      [0.040896791379, 0.28629460114, 0.14353915457, 0.52926945291]
    ],
    [
      [0.11319768218, 0.29024570406, 0.33682174397, 0.25973486978],
      [0.010607100623, 0.69618926466, 0.14283147079, 0.15037216392],
      [0.1251002216, 0.24168872255, 0.38237354656, 0.25083750929],
      [0.24102080059, 0.2349166497, 0.50070409444, 0.023358455269],
      [0.53098485835, 0.23316286836, 0.23565314712, 0.0001991261707],
      [0.24180660709, 0.13399895643, 0.015021533377, 0.60917290311],
      [0.3330195293, 0.5001552972, 0.16656482232, 0.00026035117648],
      [0.15679924941, 0.320872491, 0.17030539273, 0.35202286685]
    ],
    [
      [0.18182337409, 0.38173288488, 0.30910659364, 0.12733714739],
      [0.12535713704, 0.62475353481, 8.18607371e-05, 0.24980746741],
      [0.24975269188, 0.00024713083508, 0.74940656743, 0.0005936098466],
      [0.59939711135, 0.00052023111434, 0.20016194665, 0.19992071089],
      [0.71417238778, 0.00012287722019, 0.28567739678, 2.7338221647e-05],
      [0.00039461473457, 0.19991959036, 0.00027651247101, 0.79940928243],
      [0.22201059987, 0.55573302597, 0.22195970286, 0.00029667130524],
      [0.0002265453625, 0.28585972117, 0.14304068503, 0.57087304844]
    ],
    [
      [0.0030128747792, 0.46954161792, 0.20470941599, 0.32273609132],
      [0.31068196221, 0.56481803952, 0.0069872732076, 0.11751272506],
      [0.44545266305, 0.021004085316, 0.49183778675, 0.041705464883],
      [0.019955966185, 0.0051264035047, 0.93824452806, 0.036673102249],
      [0.50220624059, 0.15395623114, 0.17594506428, 0.167892464],
      [0.025220449848, 0.004372149739, 0.012717430686, 0.95768996973],
      [0.0085489124814, 0.79006793665, 0.021689578132, 0.17969357273],
      [0.22300778099, 0.048556326644, 0.25232509785, 0.47611079451]
    ],
    [
      [0.12780378252, 0.27717271224, 0.22577957022, 0.36924393502],
      [0.0089558665124, 0.91946804804, 0.00094791811502, 0.070628167334],
      [0.17570959614, 0.12348075678, 0.65819497253, 0.042614674549],
      [0.28635240584, 0.0029918403685, 0.53875014888, 0.17190560491],
      [0.78482525419, 0.039837858876, 0.15130320126, 0.024033685669],
      [0.052726212523, 0.0021587849667, 0.0033778353507, 0.94173716716],
      [0.45594192828, 0.39258228855, 0.14680740235, 0.0046683808235],
      [0.0075547347363, 0.06109492814, 0.027360476692, 0.90398986043]
    ],
    [
      [0.15142478109, 0.41955502852, 0.29348866548, 0.13553152491],
      [0.13756282889, 0.76229049981, 0.014671598714, 0.085475072585],
      [0.34291319466, 0.15842629343, 0.40599294517, 0.092667566747],
      [0.31342947388, 0.017192043457, 0.53901577633, 0.13036270634],
      [0.56917203686, 0.1405811042, 0.20939400454, 0.08085285441],
      [0.23456164889, 0.39088641377, 0.0028694608046, 0.37168247653],
      [0.18808050662, 0.69568551706, 0.04818658921, 0.068047387111],
      [0.023534187478, 0.21792261193, 0.178211986, 0.58033121459]
    ],
    [
      [0.002661641527, 0.4413579075, 0.32927207614, 0.22670837483],
      [0.1237742092, 0.82260765879, 0.00070322501412, 0.052914906996],
      [0.41852973486, 0.004469678811, 0.55836418644, 0.018636399898],
      [0.96758852277, 0.0022173436778, 0.02774715594, 0.0024469776077],
      [0.81770612932, 0.16881850064, 0.010671014048, 0.0028043559914],
      [0.01468183938, 0.020258454408, 0.0043324119617, 0.96072729425],
      [0.0036120481721, 0.79644566679, 0.0069633927819, 0.19297889226],
      [0.0036903873545, 0.27540582096, 0.17672712108, 0.5441766706]
    ],
    [
      [0.10225281824, 0.3149672475, 0.2212143865, 0.36156554776],
      [0.17029063656, 0.73661638117, 0.022652156638, 0.070440825627],
      [0.32694722573, 0.054183449563, 0.39852838207, 0.22034094264],
      [0.55011550851, 0.2072632846, 0.22576156764, 0.016859639247],
      [0.63879112599, 0.12695370018, 0.077771812317, 0.15648336151],
      [0.21158015675, 0.19504790307, 0.0083070540782, 0.5850648861],
      [0.15529746523, 0.69579062589, 0.054957565631, 0.093954343243],
      [0.018445762842, 0.3379837055, 0.25759169454, 0.38597883712]
    ],
    [
      [0.013640692834, 0.56452547207, 0.1397494004, 0.2820844347],
      [0.14897194954, 0.79590427357, 0.0017817344973, 0.053342042384],
      [0.040941800155, 0.3086249675, 0.46810134318, 0.18233188917],
      [0.42279315968, 0.024174312739, 0.15950588587, 0.39352664171],
      [0.70086982575, 0.041908482425, 0.23601420251, 0.021207489312],
      [0.3591879963, 0.050863424096, 0.010875393222, 0.57907318638],
      [0.015295744052, 0.94269791729, 0.010650015972, 0.03135632269],
      [0.014341856876, 0.29719322394, 0.13552386102, 0.55294105816]
    ],
    [
      [0.022300215122, 0.42112106003, 0.42325904793, 0.13331967692],
      [0.09722534604, 0.79987401812, 0.033143662991, 0.069756972853],
      [0.49574932475, 0.15294503655, 0.34714095255, 0.0041646861556],
      [0.27776440859, 0.10823706405, 0.60322542256, 0.0107731048],
      [0.59699933173, 0.34450068327, 0.022438325943, 0.036061659054],
      [0.23433662356, 0.15322925464, 0.013132597325, 0.59930152448],
      [0.0075221064484, 0.74688682145, 0.002530972056, 0.24306010004],
      [0.1708268652, 0.44248186293, 0.37007965769, 0.016611614176]
    ],
    [
      [0.068024535449, 0.4915440433, 0.37282425814, 0.067607163115],
      [0.15313668332, 0.76407129167, 0.00093395048994, 0.081858074519],
      [0.17772449824, 0.0054858933487, 0.46798351934, 0.34880608907],
      [0.068763226858, 0.20937342625, 0.58795517565, 0.13390817124],
      [0.097121283957, 0.2024482561, 0.50217893175, 0.1982515282],
      [0.19894743139, 0.098719436614, 0.0030873557936, 0.6992457762],
      [0.13185381144, 0.64001748213, 0.13615235592, 0.091976350511],
      [0.0012188849444, 0.43695437342, 0.28470305181, 0.27712368983]
    ],
    [
      [0.00012251707259, 0.4245967797, 0.075039183673, 0.50024151955],
      [0.24520661108, 0.65924565697, 0.04059590218, 0.054951829763],
      [0.27874241684, 0.10592423149, 0.14811377874, 0.46721957293],
      [0.2687534013, 0.019326498615, 0.46186007985, 0.25006002023],
      [0.3541725299, 0.36123725308, 0.076967720385, 0.20762249663],
      [0.22975605529, 0.16983280271, 0.00048573351541, 0.59992540848],
      [0.019296543414, 0.41244122543, 0.23125784067, 0.33700439048],
      [0.14140297506, 0.050254217129, 0.025323686478, 0.78301912133]
    ],
    [
      [0.00060463435388, 0.011671437474, 0.98316334018, 0.004560587989],
      [0.20738065988, 0.59355671985, 0.0001273353044, 0.19893528497],
      [0.27805879118, 0.099198362876, 0.24650904012, 0.37623380583],
      [0.32786054559, 0.00010212794649, 0.3391442127, 0.33289311376],
      [0.50587901352, 0.16438936333, 0.32937040241, 0.00036122073741],
      [0.1652541239, 0.16394991669, 0.16809123795, 0.50270472146],
      [0.12357887834, 0.74869173066, 0.12645509623, 0.0012742947689],
      [8.5630924737e-05, 0.12327825546, 0.12487232573, 0.75176378789]
    ],
    [
      [0.10204337176, 0.33515362908, 0.23372602398, 0.32907697519],
      [0.063568140064, 0.6522974138, 0.056998764391, 0.22713568175],
      [0.23226736307, 0.18116296752, 0.21666195551, 0.3699077139],
      [0.17910156017, 0.074358341517, 0.73944132717, 0.0070987711376],
      [0.58588456635, 0.39232316105, 0.0046480141238, 0.01714425848],
      [0.0056282123442, 0.0058634365546, 0.0042120017175, 0.98429634938],
      [0.28825994029, 0.49916566167, 0.2057996869, 0.0067747111368],
      [0.10471679196, 0.11473354666, 0.28468451396, 0.49586514742]
    ],
    [
      [0.031985902581, 0.41211757296, 0.31662033089, 0.23927619356],
      [0.30166195535, 0.49441268883, 0.0093203555725, 0.19460500025],
      [0.20712461862, 0.23676506352, 0.24784430115, 0.30826601671],
      [0.17819788392, 0.27985109318, 0.48437963519, 0.057571387708],
      [0.63714430186, 0.27465891173, 0.02864339797, 0.059553388434],
      [0.090301889651, 0.007254863027, 0.029601522968, 0.87284172435],
      [0.034377336855, 0.67954230353, 0.023555265092, 0.26252509452],
      [0.009912152042, 0.069101128405, 0.27775243356, 0.643234286]
    ],
    [
      [0.0015307200975, 0.20390651123, 0.58923803867, 0.20532473],
      [0.20219846714, 0.59519176042, 0.0028167898963, 0.19979298255],
      [0.30100907869, 0.20777474779, 0.15313276175, 0.33808341177],
      [0.40072141337, 0.0038412806391, 0.59404686123, 0.0013904447626],
      [0.49956112952, 0.0044787172069, 0.49438653649, 0.0015736167847],
      [0.22052095893, 0.32869942912, 0.0013652018422, 0.44941441011],
      [0.12632217901, 0.74447707648, 0.12504428766, 0.0041564568529],
      [0.0046443896775, 0.14618562772, 0.1408173955, 0.70835258711]
    ],
    [
      [0.15642456095, 0.3121965811, 0.19524724314, 0.3361316148],
      [0.45216288676, 0.41695266981, 0.031049794565, 0.09983464887],
      [0.33254235172, 0.1174053747, 0.30413951095, 0.24591276264],
      [0.12423625561, 0.12431341469, 0.50321904661, 0.24823128308],
      [0.57979281595, 0.10648511862, 0.24845966603, 0.065262399394],
      [0.099106133782, 0.25682573535, 0.075779864173, 0.56828826669],
      [0.31959473421, 0.38163760497, 0.25357448498, 0.045193175841],
      [0.096705178502, 0.41097177597, 0.091311993327, 0.4010110522]
    ],
    [
      [6.1819112449e-05, 0.20000530166, 0.39990682396, 0.40002605527],
      [0.42853524987, 0.4285030759, 7.1416378288e-05, 0.14289025785],
      [0.30955377565, 0.071469847946, 0.42850469149, 0.19047168491],
      [0.31807072996, 4.7641826004e-05, 0.4546430061, 0.22723862212],
      [0.55552260244, 0.33324476312, 0.11117538081, 5.7253630803e-05],
      [0.33339126742, 0.33325278435, 8.9197664983e-06, 0.33334702846],
      [0.00010607027725, 0.85702537404, 0.14285936262, 9.1930624621e-06],
      [0.00010196056765, 0.19990627741, 0.20000041275, 0.59999134927]
    ],
    [
      [0.018058077556, 0.42873178033, 0.26762840899, 0.28558173312],
      [0.31888090745, 0.4590193882, 0.01382782348, 0.20827188087],
      [0.13899831202, 0.3051168014, 0.44451691436, 0.11136797222],
      [0.15929270246, 0.10310341994, 0.67637337787, 0.061230499735],
      [0.43159680076, 0.27246451934, 0.11438145772, 0.18155722218],
      [0.21897896964, 0.28098724603, 0.00036170513385, 0.49967207919],
      [0.00082557537667, 0.74942048867, 0.24947726782, 0.00027666813139],
      [0.00039393358059, 0.7489273526, 0.2497808597, 0.000897854122]
    ],
    [
      [0.0032336783224, 0.41057581957, 0.39387826342, 0.19231223869],
      [0.3833322921, 0.43300225461, 0.0065820652625, 0.17708338803],
      [0.023070080845, 0.3240643622, 0.5410183426, 0.11184721435],
      [0.084724827703, 0.11305038207, 0.68140627227, 0.12081851796],
      [0.38502006928, 0.26185774146, 0.31077107482, 0.042351114442],
      [0.25577849111, 0.33535394737, 0.0005569107443, 0.40831065077],
      [0.0070497166398, 0.69761185822, 0.24176523118, 0.053573193958],
      [0.0011511209353, 0.53335803846, 0.20125919059, 0.26423165001]
    ],
    [
      [6.4055862629e-05, 0.25006329405, 0.49992787561, 0.24994477448],
      [0.49996465767, 0.33337763575, 1.4521932872e-05, 0.16664318465],
      [0.30001661569, 0.10001292918, 0.4999474543, 0.10002300083],
      [0.25925928757, 0.074081381891, 0.61110309753, 0.055556233007],
      [0.99973329629, 9.2732662193e-05, 0.00016201479192, 1.1956256331e-05],
      [0.33328086276, 0.33333868676, 4.2263473691e-05, 0.33333818701],
      [5.3665600249e-05, 0.90895748421, 0.090952358927, 3.6491261722e-05],
      [0.19998886422, 0.30002232435, 0.10002327881, 0.39996553261]
    ],
    [
      [0.087062738361, 0.40652764784, 0.34140311389, 0.16500649991],
      [0.34681223567, 0.46353444596, 0.013018656972, 0.1766346614],
      [0.38221907561, 0.32667770148, 0.19290426199, 0.098198960912],
      [0.11226296849, 0.080515566527, 0.73407658041, 0.073144884572],
      [0.48446005445, 0.12199356212, 0.25884678585, 0.13469959757],
      [0.14908438628, 0.23583947769, 0.054152811748, 0.56092332429],
      [0.056337579567, 0.76378812615, 0.11314130605, 0.066732988235],
      [0.012589134707, 0.40985860754, 0.23073817244, 0.34681408531]
    ],
    [
      [0.1424259463, 0.42661502712, 0.42801026665, 0.0029487599269],
      [0.25206001606, 0.74268645296, 0.0027910997652, 0.0024624312124],
      [0.17139945295, 0.0014241387713, 0.8256404296, 0.0015359786798],
      [0.19277928977, 0.080089723287, 0.67823099908, 0.048899987863],
      [0.50364810088, 0.24742827479, 0.24853776807, 0.00038585625432],
      [0.28632996722, 0.005289130495, 0.14259750776, 0.56578339453],
      [0.24729742483, 0.25752400279, 0.24933949249, 0.24583907988],
      [0.00099562582509, 0.16866804967, 0.33315126953, 0.49718505497]
    ],
    [
      [0.0014545599468, 0.33919119151, 0.48598186075, 0.17337238779],
      [0.32584943544, 0.42960629679, 0.0020218503834, 0.24252241739],
      [0.20549123544, 0.29165502825, 0.40015837697, 0.10269535934],
      [0.13103925078, 0.095685879476, 0.73364672336, 0.039628146382],
      [0.36186937201, 0.15061089851, 0.21601959461, 0.27150013488],
      [0.15344459126, 0.3472444725, 0.0031285022277, 0.49618243401],
      [0.0020902605766, 0.89263947155, 0.089789874064, 0.015480393811],
      [0.0034160868972, 0.49089639534, 0.25148260675, 0.25420491101]
    ],
    [
      [0.011284810031, 0.4462860897, 0.15482349697, 0.3876056033],
      [0.21584316788, 0.3940951684, 0.11110178894, 0.27895987478],
      [0.13837239847, 0.38925539842, 0.3950296336, 0.077342569506],
      [0.20270608535, 0.12009950131, 0.6736100969, 0.0035843164453],
      [0.63167824492, 0.17114703713, 0.15620238414, 0.04097233381],
      [0.021914459173, 0.36374081028, 0.13961989206, 0.47472483848],
      [0.10802553478, 0.74709550434, 0.13976475105, 0.0051142098304],
      [0.0053690210826, 0.32910486736, 0.17054438125, 0.49498173031]
    ],
    [
      [0.096890878392, 0.6531860563, 0.14207871841, 0.10784434689],
      [0.12316425616, 0.6512984204, 0.092740197128, 0.13279712631],
      [0.025073329651, 0.46745201545, 0.30424667753, 0.20322797737],
      [0.35817234788, 0.040043617805, 0.57429342648, 0.027490607833],
      [0.45289416571, 0.33354097556, 0.15221291803, 0.061351940709],
      [0.23108057596, 0.093221290673, 0.12028734883, 0.55541078454],
      [0.14199777986, 0.72521552022, 0.014610010238, 0.11817668969],
      [0.028918041144, 0.064537597563, 0.093946138093, 0.8125982232]
    ],
    [
      [8.8732635274e-05, 0.39921020619, 0.39904326213, 0.20165779904],
      [0.12664791309, 0.62336668961, 5.0696331291e-05, 0.24993470097],
      [0.0019524317143, 0.33272350787, 0.44399133527, 0.22133272515],
      [0.33322895731, 0.16599349774, 0.33335117494, 0.16742637001],
      [0.58761582881, 0.13783074636, 0.15708955142, 0.1174638734],
      [0.22135385927, 0.44332426813, 0.00052404175033, 0.33479783085],
      [0.16740280466, 0.66648572414, 0.16600554728, 0.00010592392513],
      [0.0007364286661, 0.33472367873, 0.16600537829, 0.49853451431]
    ],
    [
      [0.005459474792, 0.49477623398, 0.32980749811, 0.16995679311],
      [0.13323386296, 0.7395849375, 0.001734881281, 0.12544631826],
      [0.0054076071288, 0.22454234901, 0.4451070556, 0.32494298827],
      [0.35985285587, 0.088781343095, 0.28640695516, 0.26495884587],
      [0.44548880903, 0.1970278939, 0.21011412734, 0.14736916973],
      [0.19632389976, 0.39001795381, 0.0034468098601, 0.41021133657],
      [0.16527488386, 0.66673052704, 0.16183206134, 0.0061625277615],
      [0.00048668125858, 0.65210448916, 0.32333716744, 0.024071662147]
    ],
    [
      [0.06244176575, 0.3473538684, 0.27254766201, 0.31765670383],
      [0.22877651536, 0.53963837607, 0.0034439149031, 0.22814119366],
      [0.081357473939, 0.33059901428, 0.58132857367, 0.0067149381126],
      [0.37421681656, 0.11763674099, 0.27835660252, 0.22978983993],
      [0.28557660379, 0.40879499499, 0.2060482597, 0.09958014152],
      [0.21377256301, 0.34500040599, 0.057092520481, 0.38413451052],
      [0.0075145654541, 0.92869464489, 0.0020972408691, 0.061693548783],
      [0.00057432107529, 0.47817336337, 0.099879874542, 0.42137244101]
    ],
    [
      [0.00029597238632, 0.016073536583, 0.49865570681, 0.48497478422],
      [0.12509182196, 0.62475315864, 0.00028553537969, 0.24986948403],
      [0.0014182242061, 0.2566196326, 0.48602497581, 0.25593716739],
      [0.58869197295, 0.19477428955, 0.022110628404, 0.1944231091],
      [0.47328353085, 0.26433130158, 0.2105169254, 0.051868242163],
      [0.0065160926959, 0.39350487196, 0.00045798542106, 0.59952104993],
      [0.10276046416, 0.78883520456, 0.10288876652, 0.0055155647635],
      [0.0013042915531, 0.40404771071, 0.1942018029, 0.40044619484]
    ],
    [
      [0.00027206635349, 0.038276341108, 0.71038390841, 0.25106768412],
      [0.031535284199, 0.79883973311, 0.16900442486, 0.00062055782886],
      [0.42251506032, 0.0020252746185, 0.5741741669, 0.0012854981631],
      [0.11083799943, 0.017629026225, 0.85432283509, 0.017210139254],
      [0.29450829406, 0.5275724899, 0.15953993469, 0.018379281355],
      [0.15852244618, 0.15266845709, 0.026013700694, 0.66279539604],
      [0.0012054845331, 0.42784665842, 0.47671685681, 0.094231000232],
      [0.00037609137883, 0.42807154465, 0.16494184664, 0.40661051734]
    ],
    [
      [0.32278250566, 0.65115474353, 0.014069779454, 0.01199297136],
      [0.12590675026, 0.86537031517, 0.0047893881196, 0.0039335464552],
      [0.023945815221, 0.47862488015, 0.33077553731, 0.16665376732],
      [0.32332872301, 0.022957792295, 0.33897338523, 0.31474009947],
      [0.44505244504, 0.01661173284, 0.53029531232, 0.0080405098034],
      [0.17461774827, 0.25880655417, 0.065445665739, 0.50113003182],
      [0.0088625111942, 0.7874341762, 0.007940860029, 0.19576245258],
      [0.0086631166373, 0.26256693876, 0.011977197581, 0.71679274702]
    ],
    [
      [7.1595825928e-06, 0.014357206036, 0.74091024631, 0.24472538807],
      [0.010708442372, 0.7912383937, 0.19587276845, 0.0021803954742],
      [0.3895701145, 0.00057002975535, 0.60106717244, 0.0087926833042],
      [0.13894871385, 0.14487149065, 0.7103926452, 0.0057871503017],
      [0.70120138574, 0.14214968003, 0.15220055349, 0.0044483807389],
      [0.071833122019, 0.17813037401, 0.1607674042, 0.58926909978],
      [0.005094939855, 0.40468365265, 0.39665028137, 0.19357112613],
      [0.0073206080855, 0.49204056549, 0.17400491181, 0.32663391461]
    ],
    [
      [0.0040148845875, 0.42536423457, 0.28879912443, 0.28182175641],
      [0.49097947893, 0.50579094532, 0.0010264742672, 0.002203101488],
      [0.0025431620077, 0.0036616618724, 0.8263660226, 0.16742915352],
      [0.0020383816437, 0.0014278623202, 0.83097506172, 0.16555869432],
      [0.59981685156, 0.19786479045, 0.20010439658, 0.0022139614084],
      [0.19018142942, 0.25696572503, 0.05304985598, 0.49980298957],
      [0.32939902643, 0.33820436861, 0.32986147111, 0.0025351338554],
      [0.001443756758, 0.33999740649, 0.3273446359, 0.33121420084]
    ],
    [
      [0.00055054409005, 0.029463140764, 0.60066372164, 0.36932259351],
      [0.53220271956, 0.32144489305, 0.003384088533, 0.14296829885],
      [0.11629535403, 0.1931588958, 0.56787415568, 0.12267159449],
      [0.46183308706, 0.00039213300064, 0.50547814928, 0.032296630667],
      [0.82221710978, 0.01886118146, 0.036418464875, 0.12250324389],
      [0.19259381274, 0.13889280715, 0.07870135661, 0.5898120235],
      [0.029406819627, 0.76983555932, 0.19640822495, 0.0043493961024],
      [0.002965662538, 0.4256332561, 0.20110586704, 0.37029521432]
    ],
    [
      [9.4571301192e-05, 0.33206415953, 0.49985334203, 0.16798792713],
      [0.24984311764, 0.7484046094, 0.0016057662693, 0.00014650668558],
      [0.00032893068716, 4.603206926e-06, 0.9970366682, 0.0026297979093],
      [0.10000710594, 0.099741674104, 0.70036501762, 0.099886202344],
      [0.66606847527, 0.11127748552, 0.22229590069, 0.00035813851912],
      [0.12735846184, 0.10930648194, 0.054650083835, 0.70868497238],
      [0.12499564067, 0.37598180617, 0.3744123037, 0.12461024946],
      [5.7294815348e-06, 0.33256038865, 0.33250287057, 0.3349310113]
    ],
    [
      [0.041307111697, 0.45804045076, 0.0024870350329, 0.49816540252],
      [0.3048062604, 0.69386788289, 0.0010415430479, 0.00028431366365],
      [0.19434964019, 0.0018658319185, 0.63583133375, 0.16795319414],
      [0.4158171801, 0.00056512282451, 0.58353195127, 8.5745804999e-05],
      [0.58192099658, 0.22321363577, 0.13913245307, 0.055732914582],
      [0.048623417712, 0.25815229759, 0.039315636423, 0.65390864827],
      [0.16083149824, 0.6553366662, 0.13214305872, 0.051688776843],
      [0.00054138756705, 0.3153859133, 0.093423676786, 0.59064902235]
    ],
    [
      [0.0046956837898, 0.49493360727, 0.16753277313, 0.33283793581],
      [0.32432195502, 0.66347769225, 0.0029394487326, 0.0092609040005],
      [0.16136133612, 0.1248572845, 0.5792766275, 0.13450475189],
      [0.093425661424, 0.099785138894, 0.39305319713, 0.41373600255],
      [0.19420441918, 0.33358132278, 0.2539272268, 0.21828703124],
      [0.018690198256, 0.22568021702, 0.011548187852, 0.74408139687],
      [0.071046398589, 0.7644719136, 0.11389292681, 0.050588760999],
      [0.0022756835696, 0.36923819186, 0.1266699484, 0.50181617618]
    ],
    [
      [0.073513378321, 0.48364792928, 0.3536603066, 0.089178385793],
      [0.33923282687, 0.61965010355, 0.0048361152028, 0.036280954379],
      [0.025237551967, 0.060405394801, 0.62725290548, 0.28710414776],
      [0.32824448167, 0.22203950487, 0.13744190203, 0.31227411143],
      [0.54597092705, 0.21002547395, 0.14448262193, 0.09952097707],
      [0.1931886584, 0.042706930381, 0.11573974149, 0.64836466973],
      [0.072264034064, 0.78867665654, 0.073484340011, 0.065574969389],
      [0.11274294063, 0.31979314021, 0.13229382242, 0.43517009674]
    ],
    [
      [0.0014390698985, 0.39740992043, 0.40221724261, 0.19893376706],
      [0.16550197856, 0.83253670559, 0.00048754903875, 0.0014737668095],
      [0.0021328715207, 0.0048518503094, 0.9884368125, 0.0045784656683],
      [0.394580063, 0.0035600191568, 0.40269041374, 0.19916950411],
      [0.56962284852, 0.14183613683, 0.28792980298, 0.00061121166582],
      [0.14606248834, 0.0041155166769, 0.00020363750276, 0.84961835748],
      [0.051713551034, 0.82723165699, 0.086145548841, 0.034909243137],
      [0.0011472075134, 0.37242812342, 0.25067665723, 0.37574801184]
    ],
    [
      [0.00011157677275, 0.1668007519, 0.33311792977, 0.49996974156],
      [0.0012118318925, 0.74923688233, 0.00017201200646, 0.24937927377],
      [0.12479862139, 0.12494672885, 0.12623072822, 0.62402392153],
      [0.42753623485, 0.0002483083084, 0.57091116586, 0.0013042909802],
      [0.99787515929, 0.00092834398344, 0.00055280281306, 0.0006436939127],
      [0.00067632093952, 0.0005217822637, 0.00029514343373, 0.99850675336],
      [0.040104302105, 0.61998849769, 0.19982448805, 0.14008271215],
      [9.3772432093e-05, 0.41631953443, 0.083467451942, 0.50011924119]
    ],
    [
      [6.4185817309e-05, 0.37497151306, 0.1253407866, 0.49962351452],
      [0.33300844791, 0.6666630096, 0.00017800113672, 0.00015054135666],
      [0.0008505447164, 0.00035747718309, 0.33285429211, 0.66593768599],
      [0.00049807555895, 0.00034008794894, 0.74956881869, 0.2495930178],
      [0.66609827053, 0.16682942811, 0.16679297586, 0.00027932550117],
      [0.12510149536, 0.12511782226, 0.12488446913, 0.62489621324],
      [0.080630144265, 0.70961748032, 0.1290237592, 0.080728616219],
      [0.00014045303793, 0.33320470933, 0.33335362362, 0.33330121401]
    ],
    [
      [0.13918392829, 0.31186889926, 0.23500972034, 0.31393745211],
      [0.24774629333, 0.56360457589, 0.016214194727, 0.17243493604],
      [0.22262810251, 0.13106777808, 0.40654080653, 0.23976331288],
      [0.24083516013, 0.22956449987, 0.36506738682, 0.16453295317],
      [0.27865354583, 0.32466123123, 0.21399399946, 0.18269122348],
      [0.18253072386, 0.20917586679, 0.076476283818, 0.53181712553],
      [0.08412344484, 0.79202654077, 0.04459823883, 0.079251775559],
      [0.021050018001, 0.39249601217, 0.072696108993, 0.51375786084]
    ],
    [
      [0.0087501100203, 0.39198717621, 0.012219687237, 0.58704302653],
      [0.22704953888, 0.55518569397, 0.0027251676912, 0.21503959946],
      [0.52836573661, 0.01086432377, 0.43069689335, 0.030073046272],
      [0.40572415152, 0.18644413901, 0.37529532737, 0.032536382102],
      [0.62013904584, 0.12499361038, 0.016846742881, 0.2380206009],
      [0.02911303105, 0.30305728949, 0.00024716555247, 0.6675825139],
      [0.0098268276429, 0.97067477271, 0.016296103428, 0.0032022962228],
      [0.089844743122, 0.25448033302, 0.052582686085, 0.60309223777]
    ],
    [
      [0.074571726105, 0.48439741617, 0.23288452157, 0.20814633615],
      [0.45412152082, 0.49315317527, 0.035635573851, 0.017089730064],
      [0.6118390295, 0.18500410946, 0.16752957767, 0.035627283379],
      [0.61833680568, 0.0026136241829, 0.37184158653, 0.0072079836019],
      [0.67033201535, 0.093012001738, 0.22814320443, 0.008512778483],
      [0.36417032461, 0.13228569897, 0.097653081421, 0.405890895],
      [0.29896624404, 0.28530399395, 0.024038742402, 0.39169101961],
      [0.089275255731, 0.27175846341, 0.060933440538, 0.57803284033]
    ],
    [
      [0.41260232183, 0.28247842028, 0.14624709609, 0.15867216179],
      [0.42344572178, 0.23417958506, 0.10568527888, 0.23668941428],
      [0.69761681966, 0.1063317401, 0.10469772478, 0.091353715458],
      [0.23720662858, 0.076880688153, 0.38010419216, 0.3058084911],
      [0.87846384456, 0.0686049282, 0.016007917862, 0.036923309374],
      [0.51618705111, 0.010742218493, 0.001665376269, 0.47140535412],
      [0.20796267969, 0.6145594541, 0.11249093176, 0.064986934454],
      [0.17425858145, 0.25873166938, 0.065482806537, 0.50152694264]
    ],
    [
      [0.002443008102, 0.55440175337, 0.11218210688, 0.33097313165],
      [0.40439174399, 0.59108898294, 0.00015164131948, 0.0043676317517],
      [7.2253019583e-05, 0.00021855831036, 0.99080923461, 0.0088999540604],
      [0.24713126509, 0.0066692064812, 0.62530828888, 0.12089123955],
      [0.86119250775, 0.12646719553, 0.0122354888, 0.00010480791433],
      [0.29367673601, 0.3007840875, 0.20000445846, 0.20553471803],
      [0.0056512564288, 0.86941991992, 0.12491895194, 9.8717152317e-06],
      [0.043899950017, 0.35470361711, 0.12347123899, 0.47792519388]
    ],
    [
      [0.0075768611089, 0.66580333335, 0.30299887827, 0.023620927278],
      [0.4545181327, 0.49110142317, 0.00021112040461, 0.054169323723],
      [0.42901761451, 0.035786601174, 0.39917382945, 0.13602195487],
      [0.24681717236, 0.14265033893, 0.37690281476, 0.23362967395],
      [0.62445386338, 0.14217602031, 0.13097621699, 0.10239389932],
      [0.34004943136, 0.040857576709, 0.12485369082, 0.49423930112],
      [0.29562355028, 0.50737020915, 0.18218530169, 0.014820938882],
      [0.031437289669, 0.19059904059, 0.15314344877, 0.62482022097]
    ],
    [
      [0.073355854106, 0.45369733781, 0.17249598626, 0.30045082182],
      [0.29959870664, 0.46248140378, 0.019286938369, 0.21863295122],
      [0.25519843266, 0.0783993594, 0.41190521872, 0.25449698923],
      [0.22574538027, 0.29511980192, 0.38010463803, 0.099030179778],
      [0.40230654585, 0.14026338449, 0.34968295584, 0.10774711381],
      [0.43649268988, 0.26575768243, 0.030663168231, 0.26708645946],
      [0.19149061251, 0.58701501702, 0.10775240277, 0.11374196769],
      [0.097730643683, 0.28881448086, 0.074994980512, 0.53845989494]
    ]
  ],
  "expected_outcome": [
    [
      [0.42385021079, 6.645103761, 5.9994771557, 10.0002855749, 0.17775961197, 7.9238345161, 2.5742212785, 0.023954773743, 0.61351690941, 0.09548484984, 0.15610150586, 0.47617174814, 0.00024503414518, 0.0018139030616, 0.61226023056, 0.25588722065, 0.0076536004877, 2.0335192924, 0.00030909556224, 0.12640654289, 0.016168391612, 0.00025622345052, 0.87062738361, 0.99698162409, 0.0043636798405, 0.067708860184, 0.96890878392, 0.00044366317637, 0.032756848752, 0.31220882875, 0.00059194477264, 0.0010882654139, 0.96834751697, 2.8638330371e-05, 0.028104192113, 0.0027527204503, 0.00056742780715, 0.16522844679, 0.028174102739, 0.36756689161, 0.0071953494926, 0.001338921273, 0.00051348653847, 0.55673571315, 0.043750550102, 0.29828690442, 2.8882162528, 0.021987072918, 0.045461166653, 0.66020268695],
      [21.998983939, 29.8127357193, 15.3830223153, 20.9953086683, 27.7029554572, 17.1847081588, 7.1324354849, 3.9722211675, 1.889803485, 3.9516783045, 2.9478474202, 3.4408083031, 0.84919355941, 0.035014312421, 2.0109217745, 3.2969405837, 1.0195325561, 4.0585555543, 1.0000265083, 3.0011224623, 2.0528790978, 1.0002531762, 4.0652764784, 2.9863051899, 1.0175735745, 2.6777165382, 6.531860563, 1.996051031, 2.9686574039, 1.736769342, 0.032147073166, 0.15310536443, 1.9534642306, 0.057428824145, 2.977549642, 0.14731570382, 1.9923849572, 1.832161803, 2.9696016436, 2.4182396464, 1.9870496021, 2.0016090228, 2.9997721045, 1.2474755971, 1.959935881, 1.9375896647, 1.977348942, 4.9896157804, 3.9948200001, 4.0832760403],
      [20.627498109, 12.2791163869, 17.8515524307, 17.0008626505, 12.0778555432, 13.9983333536, 4.9893073131, 2.9634486853, 1.327286319, 0.97824580277, 2.9628133355, 2.6097698069, 0.15007836735, 2.9494900206, 1.4023561439, 2.5329626471, 2.9461901933, 2.5382141608, 1.9995341198, 1.873398863, 1.9693913171, 1.9997115024, 3.4140311389, 2.9960718665, 1.4579455822, 0.92894098181, 1.4207871841, 1.9952163107, 1.9788449887, 1.3627383101, 0.99731141362, 2.8415356337, 0.042209338361, 2.9636409852, 2.021593871, 3.0033186082, 2.9991200522, 0.0099481401315, 1.0051966388, 1.768301533, 2.0110862131, 3.9974151572, 1.0027262928, 0.94003888135, 0.061098436186, 0.93153808628, 1.0237296727, 1.0096389619, 1.8179932696, 1.5524638763],
      [14.9496677412, 11.2630441329, 13.7659480984, 7.0035431064, 19.0414293876, 22.8931239715, 2.3040359235, 2.0403753735, 2.1693932866, 1.9745910429, 0.93323773841, 0.47325014181, 1.0004830391, 0.013681763967, 1.9744618511, 1.9142095485, 1.02662365, 4.3697109924, 2.0001302763, 1.9990721318, 0.96156119343, 0.99977909793, 1.6500649991, 0.020641319488, 0.52011716338, 2.3256336198, 1.0784434689, 1.0082889952, 1.0197407587, 1.5882835192, 0.96994956844, 1.0042707365, 0.03597891408, 0.97890155228, 1.9727522949, 1.8466129675, 1.0079275628, 1.9926616101, 1.9970276149, 0.44589192896, 0.99466883529, 5.9996368987, 3.9969881162, 1.2557498085, 2.9352151327, 0.8325853446, 1.1107051325, 2.9787581848, 0.14172556367, 2.7040573964]
    ],
    [
      [1.3583980991, 1.7334743086, 0.074249704364, 1.0028570963, 2.7961376599, 0.017911733025, 5.9152016421, 7.0551299243, 9.8768569206, 8.9383169726, 5.5418447243, 7.5036974825, 7.8466115546, 1.0369032994, 0.44497698045, 2.7149575982, 1.0109923357, 0.45216288676, 2.9997467491, 2.8699281671, 4.2166552131, 2.999787946, 2.7744978853, 1.0082400643, 1.9550966126, 1.2950590073, 1.1084783055, 1.0131833047, 1.0658709036, 1.3726590922, 1.0007345756, 0.15767642099, 1.007254002, 0.053542211859, 2.9458768736, 3.1932163174, 0.99937247057, 1.8288375624, 1.2972878201, 2.3746297881, 0.99301187135, 0.0048473275698, 1.9980506875, 1.7342240533, 2.0434458499, 1.8164860833, 1.2703371653, 2.0219587199, 2.2725906635, 1.1983948266],
      [4.2777166737, 4.3145850783, 4.8733248526, 4.9980282785, 5.0833623557, 1.8389360961, 32.778491492, 46.8886365511, 42.723750108, 47.7542564145, 45.5928190326, 37.4394932921, 21.0958610232, 2.9677835992, 4.5660818966, 4.4497141994, 2.9759588021, 0.41695266981, 2.9995215313, 4.1311744938, 4.7630248007, 2.0002658145, 3.7082755677, 2.9707458118, 2.5776377807, 2.3645710104, 5.8616857836, 4.9869335169, 5.9166795, 3.2378302564, 4.9980252691, 3.9941986656, 6.9229625214, 3.9561919685, 3.0347456719, 1.9286693583, 2.9936184376, 4.1632072974, 2.653910769, 4.3375507248, 4.9952202336, 2.9969475293, 3.9999780576, 3.9452320313, 4.9966712457, 1.9726127011, 0.70253875517, 2.9554449147, 2.4555071159, 1.8499256151],
      [0.12976133326, 1.2419211418, 0.99982029555, 0.0006548858968, 0.062885458868, 0.00189583623, 0.63087874469, 0.040083825805, 1.313825085, 0.10690406984, 1.8891887905, 0.045763574007, 1.2990688698, 0.00063667652198, 0.39899135074, 0.083883200153, 0.014083949481, 0.031049794565, 0.00049991464801, 0.12445041132, 0.072402717888, 8.7131597231e-05, 0.10414925578, 0.011164399061, 0.0121311023, 0.66661073366, 0.83466177415, 0.00040557065033, 0.013879050248, 0.020663489419, 0.0022842830375, 0.84502212429, 0.038315104957, 0.97936384225, 0.0061588456032, 0.020304531198, 0.0064230650773, 0.0062492582875, 0.01175779493, 0.033852806419, 0.0029252942325, 0.00068804802582, 0.0010680068203, 0.11349936309, 0.024526509221, 0.1425422954, 0.31705583665, 0.0007582065974, 0.001055602023, 0.077147753475],
      [1.2341238939, 1.7100194713, 1.0526051474, 1.9984597393, 1.0576145255, 0.14125633467, 3.6754281211, 3.0161496988, 4.0855678864, 3.2005225431, 3.9761474526, 4.0110456514, 1.7584585524, 0.99467642485, 1.5899497722, 1.7514450022, 0.99896491275, 0.09983464887, 1.0002318049, 1.8744469278, 1.9479172683, 0.9998591079, 1.4130772912, 0.0098497248495, 1.4551345043, 1.6737592487, 1.1951741368, 1.9994776078, 1.0035705461, 1.368847162, 1.9989558722, 0.0031027891443, 0.031468371641, 0.010901977371, 0.013218608928, 0.85780979312, 0.00058602674231, 0.0017058819819, 0.037043616002, 0.25396668065, 0.0088426008569, 0.99751709508, 0.00090324813997, 1.2070445523, 1.9353563951, 0.068358920254, 0.71006824283, 0.021838158758, 0.27084661862, 0.87453180486]
    ],
    [
      [2.3628276877, 1.0236443316, 1.0008017728, 0.99901076754, 1.7818106522, 1.4056767691, 2.7433055573, 2.929708144, 2.6155778058, 0.24565080093, 2.9744959485, 1.5995204842, 7.2473028379, 16.9615862621, 15.3296459629, 11.391854024, 15.9534811706, 16.627117586, 13.0012585773, 1.2509848082, 0.069210242534, 3.0001661569, 0.76443815123, 1.0283967177, 1.0274561772, 0.69186199237, 0.10029331861, 0.017571885429, 0.04866846416, 0.32542989575, 0.011345793649, 1.6900602413, 0.14367489132, 1.9478505725, 0.015258972046, 1.0466581862, 0.00065786137432, 1.1660978411, 1.2908906889, 0.17666286377, 0.0085314860826, 0.99838897115, 0.0025516341492, 1.3357686151, 4.7552916295, 3.671034177, 4.8833177376, 0.00028901207833, 3.8611585306, 2.2967858939],
      [0.33301652049, 0.97250755349, 1.9335097804, 0.00098852334031, 0.084016341263, 0.98784605426, 1.2674103474, 0.031287751677, 0.4334675965, 1.851749805, 0.91767021927, 0.049373040138, 2.7540300187, 6.0511001355, 11.9567558562, 13.0220784936, 11.012061633, 5.8702687349, 3.0017336137, 2.7460512126, 0.97219308659, 1.0001292918, 0.65335540297, 0.0085448326278, 1.4582751413, 1.9462769921, 1.8698080618, 2.9945115708, 2.020881141, 1.3223960571, 2.0529570608, 0.008101098474, 2.8717492809, 0.0028501487767, 0.021969971234, 1.7384300622, 9.2064138519e-06, 0.011194991511, 0.99885827599, 0.42283776361, 0.019407401237, 0.99957383082, 0.0010724315493, 0.78640666846, 0.097778913934, 1.1100246567, 0.74432218073, 0.00087423324143, 0.32207941056, 0.7055942346],
      [2.3002637668, 3.3364763207, 3.0589883725, 2.9976262697, 1.967351147, 5.2655597802, 3.2479435614, 3.908549305, 3.1882270565, 2.8086080591, 2.0828457153, 4.211851674, 3.8509582472, 15.0370514471, 14.2996890636, 13.6314365632, 8.1160363728, 15.2069755473, 17.9971970427, 4.0006522293, 1.6230550278, 4.999474543, 0.38580852398, 4.9538425776, 2.0007918848, 1.975148168, 1.2169867101, 3.9959220175, 4.0059635004, 2.3253142947, 3.8881998065, 2.2966966676, 1.9846532239, 3.0053358622, 4.9581961356, 5.1108674011, 1.9940733364, 3.8149880025, 4.63421302, 4.3907703383, 3.95374725, 1.0098458258, 0.99856287633, 2.4392448392, 3.8762720401, 1.005177466, 0.73288407345, 3.9632369384, 3.592564465, 3.7071469685],
