{
  "X": [
    [11, 15, 30, 44],
    [13, 19, 39, 29],
    [13, 15, 44, 28],
    [11, 13, 41, 35],
    [9, 13, 35, 43],
    [11, 18, 34, 37],
    [13, 14, 45, 28],
    [24, 13, 47, 16],
    [23, 25, 34, 18],
    [19, 14, 42, 25],
    [25, 14, 44, 17],
    [17, 18, 40, 25],
    [37, 14, 39, 10],
    [60, 6, 20, 14],
    [51, 15, 15, 19],
    [54, 10, 22, 14],
    [61, 7, 15, 17],
    [57, 10, 17, 16],
    [54, 11, 16, 19],
    [25, 21, 18, 36],
    [29, 14, 21, 36],
    [33, 14, 23, 30],
    [26, 12, 19, 43],
    [38, 6, 15, 41],
    [28, 16, 20, 36],
    [24, 9, 42, 25],
    [25, 9, 31, 35],
    [28, 9, 35, 28],
    [18, 8, 41, 33],
    [30, 11, 33, 26],
    [20, 13, 36, 31],
    [39, 16, 25, 20],
    [57, 14, 9, 20],
    [44, 16, 17, 23],
    [45, 28, 11, 16],
    [46, 15, 18, 21],
    [52, 18, 16, 14],
    [32, 15, 34, 19],
    [18, 17, 43, 22],
    [19, 20, 37, 24],
    [16, 15, 52, 17],
    [22, 15, 50, 13],
    [20, 10, 51, 19],
    [13, 14, 39, 34],
    [16, 24, 32, 28],
    [18, 20, 22, 40],
    [15, 27, 28, 30],
    [16, 27, 25, 32],
    [18, 24, 26, 32],
    [18, 19, 23, 40]
  ],
  "W": [
    [57, 7, 9, 4, 6, 1, 8, 8],
    [57, 7, 1, 9, 1, 9, 8, 8],
    [58, 7, 3, 7, 4, 8, 8, 5],
    [64, 10, 1, 4, 7, 6, 3, 5],
    [65, 3, 3, 7, 6, 2, 4, 10],
    [55, 7, 5, 9, 3, 9, 3, 9],
    [19, 45, 7, 3, 4, 4, 6, 12],
    [5, 59, 6, 3, 3, 11, 5, 8],
    [6, 51, 6, 10, 7, 8, 5, 7],
    [5, 55, 5, 12, 6, 4, 7, 6],
    [5, 54, 11, 5, 4, 6, 8, 7],
    [6, 57, 8, 7, 3, 5, 5, 9],
    [5, 37, 31, 4, 3, 5, 11, 4],
    [1, 3, 60, 2, 12, 12, 4, 6],
    [5, 3, 61, 8, 8, 3, 6, 6],
    [6, 6, 50, 5, 8, 10, 5, 10],
    [5, 10, 59, 10, 0, 7, 3, 6],
    [7, 8, 56, 7, 4, 5, 6, 7],
    [4, 6, 47, 21, 6, 8, 4, 4],
    [6, 7, 7, 50, 6, 6, 10, 8],
    [4, 5, 6, 54, 10, 4, 10, 7],
    [5, 7, 6, 57, 8, 6, 5, 6],
    [4, 5, 3, 60, 6, 6, 9, 7],
    [8, 3, 16, 59, 4, 4, 3, 3],
    [2, 7, 7, 57, 6, 7, 6, 8],
    [10, 3, 7, 3, 61, 5, 5, 6],
    [8, 9, 7, 7, 53, 8, 3, 5],
    [4, 7, 5, 7, 59, 6, 6, 6],
    [5, 7, 2, 6, 63, 6, 5, 6],
    [8, 4, 7, 5, 55, 8, 7, 6],
    [5, 8, 6, 6, 60, 4, 6, 5],
    [5, 10, 5, 6, 18, 38, 6, 12],
    [4, 5, 5, 4, 9, 62, 4, 7],
    [9, 8, 4, 3, 6, 50, 10, 10],
    [6, 4, 8, 6, 3, 58, 8, 7],
    [8, 5, 4, 9, 5, 55, 6, 8],
    [5, 5, 3, 6, 4, 62, 8, 7],
    [7, 9, 7, 10, 4, 23, 33, 7],
    [7, 5, 11, 4, 6, 10, 50, 7],
    [5, 2, 8, 3, 10, 5, 60, 7],
    [9, 7, 3, 2, 6, 8, 59, 6],
    [7, 5, 7, 7, 6, 8, 55, 5],
    [5, 5, 6, 8, 9, 7, 53, 7],
    [4, 7, 5, 9, 8, 2, 49, 16],
    [6, 5, 5, 4, 8, 7, 13, 52],
    [6, 9, 5, 9, 8, 8, 3, 52],
    [7, 8, 12, 5, 7, 5, 3, 53],
    [5, 5, 7, 8, 6, 8, 8, 53],
    [11, 6, 8, 7, 6, 8, 8, 46],
    [5, 8, 4, 7, 10, 8, 5, 53]
  ],
  "method": "mcmc",
  "mcmc_stepsize": 3000,
  "mcmc_samples": 1000,
  "burn_in": 10000,
  "cond_prob": [
    [
      [0.050627785092, 0.087359038521, 0.35976739568, 0.50224578071],
      [0.027562913345, 0.19603971789, 0.51458168518, 0.26181568359],
      [0.62964189853, 0.20057025865, 0.020893094078, 0.14889474873],
      [0.19680711177, 0.030030703244, 0.064011478266, 0.70915070672],
      [0.15052596845, 0.06821376652, 0.3317284589, 0.44953180613],
      [0.089423928423, 0.89612230512, 0.0043973643812, 0.010056402073],
      [0.037895051738, 0.62713694532, 0.30068773771, 0.034280265232],
      [0.021441271176, 0.050062646421, 0.13085410887, 0.79764197354]
    ],
    [
      [0.052562218756, 0.15819741093, 0.45949077353, 0.32974959679],
      [0.022148219737, 0.41076233267, 0.54767320379, 0.0194162438],
      [0.92695223088, 0.030283697873, 0.038987299876, 0.0037767713662],
      [0.01203893159, 0.018651584907, 0.20932269083, 0.75998679267],
      [0.045251534998, 0.037390837924, 0.021670124538, 0.89568750254],
      [0.75386140149, 0.12243603589, 0.10575154547, 0.017951017155],
      [0.011141124083, 0.2454946975, 0.50610206258, 0.23726211584],
      [0.23681002957, 0.47574881815, 0.25377142884, 0.033669723445]
    ],
    [
      [0.049033988404, 0.12690064396, 0.54128740865, 0.28277795898],
      [0.15059275589, 0.09324584558, 0.30330837383, 0.4528530247],
      [0.91873926162, 0.014222569909, 0.042259984005, 0.024778184467],
      [0.085248311314, 0.12725463025, 0.35322068542, 0.43427637301],
      [0.042822171836, 0.195298733, 0.56295323902, 0.19892585615],
      [0.56616258534, 0.27183230845, 0.018589902938, 0.14341520328],
      [0.028617273987, 0.2682812458, 0.56313037433, 0.13997110589],
      [0.16387917106, 0.19029764873, 0.19545435147, 0.45036882873]
    ],
    [
      [0.056630415784, 0.090914968397, 0.43277189523, 0.41968272059],
      [0.0063430467957, 0.30048856308, 0.6125737041, 0.080594686031],
      [0.88492028746, 0.0092017595605, 0.029683745134, 0.076194207841],
      [0.10282052138, 0.028343624652, 0.02563948558, 0.84319636839],
      [0.082646925255, 0.15833085111, 0.4432760927, 0.31574613093],
      [0.74756953566, 0.048212838717, 0.12976334935, 0.074454276276],
      [0.061300909854, 0.266824126, 0.65469468437, 0.01718027978],
      [0.15363442572, 0.37118295312, 0.23980463579, 0.23537798537]
    ],
    [
      [0.048104382181, 0.11666489618, 0.41790596398, 0.41732475766],
      [0.088088541397, 0.29866553078, 0.28997455317, 0.32327137464],
      [0.51318537283, 0.18341673366, 0.15256663251, 0.15083126099],
      [0.18777731078, 0.053948721172, 0.12778239435, 0.63049157369],
      [0.14686330297, 0.1377454476, 0.29450792057, 0.42088332886],
      [0.35948754752, 0.10608656006, 0.10198695687, 0.43243893555],
      [0.058715862985, 0.29902801116, 0.3562464669, 0.28600965896],
      [0.091993387521, 0.13581360564, 0.22180047189, 0.55039253496]
    ],
    [
      [0.046141392802, 0.16457263286, 0.43544068009, 0.35384529425],
      [0.024154547738, 0.30658701261, 0.33429961399, 0.33495882566],
      [0.4590310949, 0.21341574138, 0.10642237897, 0.22113078475],
      [0.14869831731, 0.071734469524, 0.14344006334, 0.63612714983],
      [0.017233994266, 0.32933847565, 0.22866736683, 0.42476016325],
      [0.3489053594, 0.24650149279, 0.053933885608, 0.3506592622],
      [0.37640471189, 0.094764894975, 0.49107992654, 0.037750466596],
      [0.037626319817, 0.17765373608, 0.3603273313, 0.4243926128]
    ],
    [
      [0.066148236362, 0.058679586033, 0.60650959487, 0.26866258274],
      [0.071801672731, 0.15964753765, 0.58776286082, 0.1807879288],
      [0.62014006903, 0.18195716828, 0.036879763001, 0.16102299969],
      [0.035788010224, 0.072449853139, 0.29600693013, 0.59575520651],
      [0.039391369444, 0.55880643563, 0.065431240265, 0.33637095466],
      [0.74369045726, 0.06499600697, 0.00083061020054, 0.19048292557],
      [0.14736482309, 0.15904063414, 0.50423214148, 0.18936240129],
      [0.0039372897472, 0.063370446545, 0.21586413155, 0.71682813216]
    ],
    [
      [0.12269819697, 0.24139935965, 0.35824936968, 0.27765307371],
      [0.087685138403, 0.11868976111, 0.68216175759, 0.1114633429],
      [0.76560310855, 0.073205469069, 0.060201176602, 0.10099024578],
      [0.0061371868097, 0.00031385183673, 0.20064387957, 0.79290508178],
      [0.12032104678, 0.13161091527, 0.0063603751488, 0.7417076628],
      [0.8770393526, 0.055736905535, 0.062548570281, 0.0046751715876],
      [0.30944799089, 0.12967477868, 0.39921841419, 0.16165881624],
      [0.25567745804, 0.33672754079, 0.16185791078, 0.2457370904]
    ],
    [
      [0.29818339994, 0.04028641553, 0.59108252864, 0.07044765589],
      [0.092845234809, 0.32428919275, 0.44226873987, 0.14059683257],
      [0.67004954718, 0.19074620901, 0.0014918992372, 0.13771234457],
      [0.24056352751, 0.086630352354, 0.035298632651, 0.63750748749],
      [0.24529064345, 0.25114305664, 0.37794594204, 0.12562035787],
      [0.76744492754, 0.10373029356, 0.02179849846, 0.10702628044],
      [0.16138576555, 0.048517260322, 0.74363787247, 0.046459101657],
      [0.19804818782, 0.48261740748, 0.14252320404, 0.17681120065]
    ],
    [
      [0.19507884567, 0.1635928593, 0.36143820062, 0.27989009441],
      [0.097454654873, 0.14616246785, 0.57467391373, 0.18170896355],
      [0.64320948387, 0.067696745785, 0.21241937632, 0.076674394018],
      [0.33059516024, 0.12681012111, 0.049717507418, 0.49287721123],
      [0.14044197607, 0.11526683938, 0.054109417949, 0.69018176661],
      [0.85401325148, 0.066455778153, 0.013951029605, 0.065579940764],
      [0.1232210743, 0.13028156357, 0.54662261165, 0.19987475049],
      [0.06002633817, 0.23558328264, 0.45336964387, 0.25102073532]
    ],
    [
      [0.388224785, 0.19201478754, 0.41856861223, 0.0011918152343],
      [0.18493042085, 0.13032263762, 0.59361570693, 0.091131234597],
      [0.70691518316, 0.09681451698, 0.010616586429, 0.18565371343],
      [0.012062561611, 0.00057720019802, 0.0020143577985, 0.98534588039],
      [0.25050008557, 0.23507244831, 0.25143151386, 0.26299595226],
      [0.52681409457, 0.3144974769, 0.0004116149952, 0.15827681353],
      [0.1322555017, 0.12489507939, 0.73569688459, 0.007152534307],
      [0.0021892289712, 0.15831752188, 0.4044691004, 0.43502414875]
    ],
    [
      [0.1509460042, 0.38050367463, 0.20095168466, 0.26759863651],
      [0.087790562441, 0.15884127768, 0.54828912176, 0.20507903812],
      [0.62264035821, 0.11032844172, 0.19536410844, 0.071667091622],
      [0.21134782431, 0.11683808872, 0.10851494402, 0.56329914295],
      [0.3067675543, 0.3362712454, 0.067698449456, 0.28926275084],
      [0.44855008223, 0.30635156677, 0.0079419588238, 0.23715639218],
      [0.10189103026, 0.046106574476, 0.68680129433, 0.16520110093],
      [0.10635511716, 0.24349183638, 0.17138676243, 0.47876628403]
    ],
    [
      [0.17819710816, 0.13073719506, 0.56716565804, 0.12390003874],
      [0.1285939637, 0.1758831886, 0.60295799004, 0.092564857655],
      [0.71719862251, 0.083089148433, 0.17322620478, 0.026486024274],
      [0.25246989319, 0.065137260701, 0.1871852143, 0.49520763182],
      [0.32801153833, 0.018612391359, 0.38719419586, 0.26618187445],
      [0.64673377202, 0.1555558929, 0.069814887532, 0.12789544755],
      [0.24184796398, 0.17855503251, 0.51633390758, 0.063263095928],
      [0.30749246319, 0.30115035149, 0.13641071607, 0.25494646925]
    ],
    [
      [0.0021935192418, 0.048215577543, 0.095265298123, 0.85432560509],
      [0.28786567896, 0.0058738846577, 0.66311529591, 0.043145140472],
      [0.73813524572, 0.049401793777, 0.14269459751, 0.069768363],
      [0.44400530628, 0.018083583874, 0.036303411546, 0.5016076983],
      [0.19526438744, 0.081913601502, 0.2759258404, 0.44689617066],
      [0.81550337128, 0.14952315199, 0.019800596234, 0.015172880501],
      [0.025642947915, 0.010033864088, 0.7206221431, 0.2437010449],
      [0.28771653203, 0.019418579313, 0.47498338809, 0.21788150056]
    ],
    [
      [0.12763686261, 0.16329413762, 0.38682739028, 0.32224160949],
      [0.26757732139, 0.23259256624, 0.25140630285, 0.24842380951],
      [0.67215835761, 0.14279059464, 0.084147462212, 0.10090358554],
      [0.2763221884, 0.055269262715, 0.09533148989, 0.573077059],
      [0.40490586321, 0.09831061427, 0.23771434386, 0.25906917866],
      [0.64197131797, 0.18452866306, 0.021668386979, 0.15183163199],
      [0.043526280174, 0.23308571684, 0.52180413985, 0.20158386314],
      [0.1534213101, 0.26579767236, 0.21974204585, 0.36103897169]
    ],
    [
      [0.01444734837, 0.083652104237, 0.65154958482, 0.25035096257],
      [0.16369233224, 0.0070882521994, 0.60508124238, 0.22413817318],
      [0.77157781914, 0.080282991686, 0.098575627934, 0.049563561236],
      [0.30327620322, 0.019218926813, 0.15433651451, 0.52316835545],
      [0.33946428346, 0.04239743804, 0.48772699385, 0.13041128465],
      [0.74864245188, 0.14410350161, 0.069526569706, 0.03772747681],
      [0.061566538636, 0.067442471548, 0.60287446898, 0.26811652083],
      [0.23259184634, 0.32278867649, 0.11482970748, 0.32978976969]
    ],
    [
      [0.18118939392, 0.099013362393, 0.66185963472, 0.057937608964],
      [0.12277966234, 0.15107158364, 0.50054755616, 0.22560119787],
      [0.83246511857, 0.048763096354, 0.043920629764, 0.074851155316],
      [0.26089121269, 0.011281711504, 0.066235869198, 0.66159120661],
      [0, 0, 0, 0],
      [0.79088177064, 0.074783319484, 0.017562936424, 0.11677197346],
      [0.14384921473, 0.027606916225, 0.76663740361, 0.061906465433],
      [0.195697041, 0.23301226112, 0.16811627516, 0.40317442272]
    ],
    [
      [0.14943983092, 0.23898769377, 0.54174337128, 0.06982910402],
      [0.033421693838, 0.25538106809, 0.57805385598, 0.13314338209],
      [0.78625345602, 0.064273747344, 0.029380368194, 0.12009242844],
      [0.50010842785, 0.0091669102711, 0.037985021503, 0.45273964037],
      [0.69618336774, 0.076668077181, 0.20499734477, 0.022151210309],
      [0.95864193865, 0.02038407344, 0.0097583285635, 0.011215659344],
      [0.040484274136, 0.202726915, 0.72814131845, 0.028647492411],
      [0.047820898797, 0.14222645854, 0.20493440731, 0.60501823535]
    ],
    [
      [0.047854388626, 0.022874996486, 0.56364717229, 0.3656234426],
      [0.21497014005, 0.22126223414, 0.44426311948, 0.11950450633],
      [0.76274905316, 0.08440974966, 0.059529289446, 0.093311907738],
      [0.33017133427, 0.081084335493, 0.14216889926, 0.44657543097],
      [0.46368592245, 0.13491111235, 0.27675749733, 0.12464546787],
      [0.75596197272, 0.082444045216, 0.0019903797665, 0.1596036023],
      [0.088168023954, 0.29419028388, 0.60909324767, 0.0085484444976],
      [0.13836866872, 0.31627928963, 0.29589202316, 0.24946001849]
    ],
    [
      [0.16719553372, 0.4600353948, 0.026801467222, 0.34596760426],
      [0.026038572456, 0.16887793062, 0.66145454654, 0.14362895038],
      [0.94664069181, 0.03350599846, 0.002900949093, 0.016952360641],
      [0.26011936734, 0.13724361377, 0.10037732745, 0.50225969143],
      [0.16688964961, 0.32870405838, 0.32576769012, 0.17863860189],
      [0.36008504259, 0.6010888498, 0.01223974711, 0.026586360501],
      [0.011534932809, 0.31234118321, 0.57594427552, 0.10017960846],
      [0.11311326243, 0.15734376972, 0.047793622003, 0.68174934585]
    ],
    [
      [0.24912473379, 0.24756279026, 0.25726159125, 0.2460508847],
      [0.0039714937703, 0.20124341952, 0.59257187678, 0.20221320994],
      [0.66563134699, 0.005864327533, 0.0042151357894, 0.32428918968],
      [0.31490518554, 0.074450090711, 0.0939137713, 0.51673095245],
      [0.10484659086, 0.1970967455, 0.58915701476, 0.10889964888],
      [0.50099986673, 0.24638999135, 0.0039604963933, 0.24864964553],
      [0.19759386181, 0.29739849509, 0.40217740545, 0.10283023765],
      [0.27951021444, 0.28821835807, 0.28318194266, 0.14908948483]
    ],
    [
      [0.461293142, 0.021434620249, 0.43096169964, 0.086310538115],
      [0.1555015513, 0.059724181336, 0.55408763126, 0.2306866361],
      [0.68554984259, 0.16580885183, 0.13289882646, 0.015742479133],
      [0.30207916321, 0.15386616844, 0.13746064055, 0.4065940278],
      [0.1580792276, 0.17079879945, 0.41792977371, 0.25319219924],
      [0.87839541209, 0.032847131695, 0.05584679963, 0.032910656586],
      [0.024489927181, 0.031931263813, 0.76193840595, 0.18164040305],
      [0.26929269055, 0.33106723547, 0.14095293257, 0.25868714141]
    ],
    [
      [0.074299972635, 0.091832732855, 0.74317093219, 0.090696362318],
      [0.090283341533, 0.30570634252, 0.52051020366, 0.083500112287],
      [0.89711268922, 0.034288319813, 0.0079837486508, 0.060615242312],
      [0.22320271367, 0.098662439571, 0.097258618577, 0.58087622819],
      [0.22634161057, 0.11528369246, 0.26330262691, 0.39507207006],
      [0.83952819361, 0.075070895318, 0.056173673207, 0.029227237863],
      [0.18263160254, 0.21778943867, 0.38856090881, 0.21101804997],
      [0.16128275232, 0.13989907822, 0.3073415589, 0.39147661056]
    ],
    [
      [0.18005083792, 0.014825531778, 0.4547011301, 0.3504225002],
      [0.16601162565, 0.32402247034, 0.29262849426, 0.21733740975],
      [0.73656015354, 0.071798013002, 0.068239967027, 0.12340186643],
      [0.33437413397, 0.033279019456, 0.09734409471, 0.53500275187],
      [0.14732345623, 0.06952654484, 0.35303812942, 0.4301118695],
      [0.56182461357, 0.0650744235, 0.010609856518, 0.36249110641],
      [0.38452369537, 0.23985366206, 0.34065295639, 0.034969686182],
      [0.18611956458, 0.17971103976, 0.39093786773, 0.24323152794]
    ],
    [
      [0.14048715196, 0.011095703266, 0.50065475947, 0.34776238531],
      [0.10274125705, 0.27550073088, 0.4791799803, 0.14257803178],
      [0.39013957727, 0.27998001625, 0.14099116264, 0.18888924383],
      [0.2533649407, 0.1235857642, 0.11615134653, 0.50689794858],
      [0.4135383253, 0.12531094461, 0.20414785095, 0.25700287914],
      [0.7130844801, 0.1735873793, 0.040789674818, 0.072538465784],
      [0.20645695485, 0.15788159788, 0.57766361274, 0.057997834522],
      [0.13943689931, 0.26634848679, 0.3825586528, 0.21165596109]
    ],
    [
      [0.14894218033, 0.062504304562, 0.47353318619, 0.31502032892],
      [0.18487278487, 0.29049598451, 0.37402457194, 0.15060665867],
      [0.67276083255, 0.080911661419, 0.10083317996, 0.14549432607],
      [0.20086123087, 0.13091509162, 0.19432869681, 0.47389498071],
      [0.18826525017, 0.080556904945, 0.46133310928, 0.2698447356],
      [0.55318743389, 0.032952571613, 0.28837555118, 0.12548444332],
      [0.18753806603, 0.20552803923, 0.49360755112, 0.11332634362],
      [0.24270709359, 0.072994640036, 0.46709014909, 0.21720811728]
    ],
    [
      [0.00073261175281, 0.00051719074472, 0.53912024073, 0.45962995677],
      [0.053276421582, 0.34632023613, 0.55104795607, 0.049355386226],
      [0.86796734037, 0.0032302694738, 0.11907238348, 0.009730006677],
      [0.0039154189922, 0.059896105665, 0.080546677444, 0.8556417979],
      [0.24274920148, 0.10162241217, 0.30395716695, 0.3516712194],
      [0.51111613793, 0.00036970858246, 0.052207065111, 0.43630708838],
      [0.19552320865, 0.014246963312, 0.78889800545, 0.0013318225823],
      [0.17405311771, 0.001081863832, 0.28723853147, 0.53762648699]
    ],
    [
      [0.0031332138863, 5.9550721506e-05, 0.7841915796, 0.2126156558],
      [0.12099643131, 0.29943683833, 0.57593594672, 0.0036307836417],
      [0.81039546738, 0.0095191609909, 0.012822473206, 0.16726289842],
      [0.016078516274, 0.002193108798, 0.38393140803, 0.5977969669],
      [0.24234727553, 0.11318519791, 0.34047453422, 0.30399299235],
      [0.81130086918, 0.00071433069544, 0.0032811249988, 0.18470367513],
      [0.32928665903, 0.022435622122, 0.64676776138, 0.0015099574713],
      [0.30565845817, 0.0039883281537, 0.18195983252, 0.50839338116]
    ],
    [
      [0.16213825534, 0.013421702321, 0.56717655985, 0.25726348249],
      [0.12606075853, 0.13805835881, 0.5996633436, 0.13621753906],
      [0.50063389876, 0.001392068198, 0.41648078523, 0.08149324782],
      [0.052689371115, 0.017048352943, 0.17199210932, 0.75827016662],
      [0.1299130668, 0.091582935017, 0.41019787531, 0.36830612288],
      [0.53281877031, 0.13870244645, 0.17250016327, 0.15597861997],
      [0.20378579908, 0.02159826761, 0.77100146378, 0.0036144695373],
      [0.43151909395, 0.025246299979, 0.2281808544, 0.31505375167]
    ],
    [
      [0.23566301628, 0.033885760277, 0.39615031631, 0.33430090713],
      [0.087714080308, 0.090534911787, 0.48474737707, 0.33700363083],
      [0.58398619057, 0.025301124753, 0.2239517894, 0.16676089527],
      [0.21440074405, 0.03676217271, 0.21955502712, 0.52928205613],
      [0.24905123905, 0.15785399413, 0.32267345597, 0.27042131085],
      [0.77514371104, 0.049711187633, 0.15142904142, 0.023716059903],
      [0.10731047606, 0.11933225853, 0.48068999032, 0.29266727509],
      [0.32563188761, 0.015145090943, 0.48384465968, 0.17537836177]
    ],
    [
      [0.12833551532, 0.073111486958, 0.34390949158, 0.45464350613],
      [0.12420946668, 0.2498805787, 0.48996305723, 0.1359468974],
      [0.61968143699, 0.010468818374, 0.2025212964, 0.16732844824],
      [0.11346877133, 0.10891970866, 0.11802360947, 0.65958791054],
      [0.16498387912, 0.14265785545, 0.38983122177, 0.30252704366],
      [0.51783367546, 0.15618869275, 0.0051746080412, 0.32080302375],
      [0.22398483209, 0.10562875031, 0.46541664316, 0.20496977445],
      [0.13029379965, 0.020213634731, 0.44688141032, 0.40261115529]
    ],
    [
      [0.0041231430302, 0.18514673946, 0.26408381079, 0.54664630672],
      [0.024883177437, 0.12373478807, 0.73130607008, 0.12007596442],
      [0.40154426501, 0.22504780724, 0.18628898697, 0.18711894077],
      [0.32078056322, 0.014267484466, 0.16404211603, 0.50090983629],
      [0.20348396555, 0.20866566992, 0.31420996655, 0.27364039798],
      [0.6709888257, 0.17633833236, 0.033916152853, 0.11875668908],
      [0.024248461198, 0.1779746594, 0.7657813723, 0.031995507108],
      [0.45769752353, 0.09178231952, 0.24262843117, 0.20789172578]
    ],
    [
      [0.30500188118, 0.1536797667, 0.090193401647, 0.45112495048],
      [0.0092335630244, 0.23519587539, 0.45802803969, 0.2975425219],
      [0.74444369111, 0.17740568855, 0.004716287851, 0.07343433249],
      [0.35362401513, 0.00845625479, 0.0059688655818, 0.6319508645],
      [0.088514303986, 0.1757869408, 0.24200488302, 0.49369387219],
      [0.78741625171, 0.12122427069, 0.0037357193968, 0.087623758206],
      [0.030888064945, 0.2975127103, 0.59068477451, 0.080914450248],
      [0.12244593466, 0.14291571474, 0.21846166365, 0.51617668695]
    ],
    [
      [0.19044056456, 0.21967030835, 0.092078769744, 0.49781035735],
      [0.010411298045, 0.15529581726, 0.68381251829, 0.1504803664],
      [0.93666457771, 0.0050127971863, 0.044935914294, 0.013386710812],
      [0.27888319492, 0.314146005, 0.036822956632, 0.37014784344],
      [0.028552711489, 0.31219125267, 0.19191214989, 0.46734388595],
      [0.72342946974, 0.10116645232, 0.0033645160819, 0.17203956186],
      [0.026600838288, 0.30172599112, 0.61941628912, 0.052256881473],
      [0.10106385005, 0.18693814399, 0.28967168042, 0.42232632554]
    ],
    [
      [0.157972597, 0.46222118448, 0.3125222387, 0.067283979815],
      [0.025261264192, 0.27030552578, 0.29028112927, 0.41415208076],
      [0.52636886856, 0.36239106327, 0.003897256647, 0.10734281153],
      [0.15659595052, 0.04926954781, 0.16892259148, 0.62521191019],
      [0.025929258664, 0.31213206509, 0.29757481353, 0.36436386272],
      [0.6433207621, 0.26075369289, 0.005285138178, 0.09064040683],
      [0.11022460062, 0.25356197518, 0.58174364831, 0.054469775889],
      [0.075486275283, 0.40887125892, 0.15225954389, 0.3633829219]
    ],
    [
      [0.076128915273, 0.20876324266, 0.53266787928, 0.18243996278],
      [0.11840289934, 0.22352656149, 0.3976136185, 0.26045692068],
      [0.6261427284, 0.095254823287, 0.044714198702, 0.23388824961],
      [0.11173456087, 0.19141559625, 0.12813139526, 0.56871844763],
      [0.10963457702, 0.1875299871, 0.48963319486, 0.21320224101],
      [0.71109742118, 0.10733080887, 0.048197189183, 0.13337458077],
      [0.047287495903, 0.19748720456, 0.59514451647, 0.16008078307],
      [0.16831452429, 0.26034174267, 0.21858388037, 0.35275985268]
    ],
    [
      [0.13770247785, 0.19782418454, 0.43697451221, 0.2274988254],
      [0.024052181944, 0.16991716223, 0.6440722516, 0.16195840422],
      [0.70126191332, 0.15589478087, 0.066310752127, 0.076532553681],
      [0.17746211451, 0.2315991468, 0.17108412261, 0.41985461607],
      [0.25396011718, 0.29113399377, 0.2860065875, 0.16889930155],
      [0.72665725439, 0.16982720498, 0.0058969248491, 0.097618615788],
      [0.0078403764485, 0.24662870623, 0.70780854, 0.037722377324],
      [0.27019357453, 0.091023101326, 0.31388931118, 0.32489401297]
    ],
    [
      [0.14337617857, 0.28485000657, 0.28539037338, 0.28638344149],
      [0.00106467183, 0.11101887238, 0.6664327783, 0.22148367749],
      [0.57096832318, 0.00097496932339, 0.14308832042, 0.28496838708],
      [0.29912553721, 0.19964550896, 0.00089722088592, 0.50033173294],
      [0.00094835071014, 0.00099133378331, 0.74902351641, 0.24903679909],
      [0.73917397933, 0.17396440548, 0.043285827642, 0.043575787555],
      [0.15134124258, 0.15152066924, 0.60590616448, 0.091231923698],
      [0.28567073381, 0.14261021167, 0.14388720009, 0.42783185443]
    ],
    [
      [0.22530521628, 0.2262122295, 0.31859908681, 0.2298834674],
      [0.010533318078, 0.22928496011, 0.46796621792, 0.29221550389],
      [0.29221190955, 0.22074263757, 0.18181949016, 0.30522596272],
      [0.38198351331, 0.17865540708, 0.064781849581, 0.37457923003],
      [0.09362393019, 0.023291330081, 0.51447738307, 0.36860735666],
      [0.59224371336, 0.1475022451, 0.028998197393, 0.23125584415],
      [0.071701492806, 0.15810621143, 0.6184259623, 0.15176633346],
      [0.2226680689, 0.22960256406, 0.26752701787, 0.28020234917]
    ],
    [
      [0.13395735537, 0.30208444728, 0.30683603146, 0.2571221659],
      [0.38274372579, 0.076165111129, 0.38780413809, 0.153287025],
      [0.6755818499, 0.13552555577, 0.041527777652, 0.14736481668],
      [0.039056323955, 0.060537988599, 0.18191266015, 0.7184930273],
      [0.23697264468, 0.1489284926, 0.26487042065, 0.34922844207],
      [0.63844973658, 0.14723318829, 0.074290389458, 0.14002668567],
      [0.088513523861, 0.21923947196, 0.49531346238, 0.1969335418],
      [0.16715934845, 0.24165856346, 0.15332678119, 0.4378553069]
    ],
    [
      [0.088450454198, 0.055756166904, 0.56302431828, 0.29276906062],
      [0.041553070351, 0.16236189799, 0.68849568581, 0.10758934585],
      [0.21955107115, 0.047943920524, 0.12119845797, 0.61130655035],
      [0.13673297297, 0.043919348487, 0.11689485379, 0.70245282475],
      [0.31766728534, 0.23461418066, 0.27927790709, 0.16844062692],
      [0.59427457333, 0.24677375125, 0.12459048369, 0.034361191734],
      [0.10618119902, 0.14397201796, 0.62693022863, 0.1229165544],
      [0.1760107033, 0.20896110001, 0.3091085754, 0.3059196213]
    ],
    [
      [0.083643013973, 0.11648251156, 0.55404025367, 0.24583422079],
      [0.21358697217, 0.14720298532, 0.56386021597, 0.075349826538],
      [0.6374724799, 0.13452585596, 0.13409205474, 0.093909609404],
      [0.31692061366, 0.02934881133, 0.14885243889, 0.50487813612],
      [0.37315780847, 0.18426424302, 0.27430648644, 0.16827146207],
      [0.60248362204, 0.1986399071, 0.044574262626, 0.15430220823],
      [0.10577635086, 0.14819383773, 0.67518581719, 0.070843994228],
      [0.1578594524, 0.2912238063, 0.43683054484, 0.11408619646]
    ],
    [
      [0.0027257014393, 0.035673666546, 0.43330238495, 0.52829824706],
      [0.0020444190545, 0.2317916345, 0.73033968042, 0.035824266024],
      [0.39148097769, 0.00080504689303, 0.30502310614, 0.30269086928],
      [0.20812984497, 0.021988242818, 0.12618949229, 0.64369241992],
      [0.20375635163, 0.20407608924, 0.31556839428, 0.27659916485],
      [0.9947374049, 0.0019223284177, 0.0010188428976, 0.0023214237807],
      [0.088508614483, 0.12163390873, 0.68240107802, 0.10745639877],
      [0.353471315, 0.026457000879, 0.47537578772, 0.1446958964]
    ],
    [
      [0.21597887721, 0.040230265276, 0.26967341415, 0.47411744336],
      [0.013923517054, 0.27608018869, 0.55953100788, 0.15046528638],
      [0.28311960169, 0.18128930961, 0.35681036238, 0.17878072633],
      [0.19507426748, 0.089408686242, 0.024950023209, 0.69056702307],
      [0.014687431302, 0.13041450522, 0.032521127364, 0.82237693611],
      [0.87336939821, 0.073352660788, 0.022039754332, 0.031238186669],
      [0.099167895023, 0.14186012873, 0.60130089999, 0.15767107626],
      [0.13399302207, 0.12838907642, 0.13924966502, 0.59836823649]
    ],
    [
      [0.025232802147, 0.18759617329, 0.47977623595, 0.30739478861],
      [0.0053074405026, 0.37674822323, 0.59918427899, 0.018760057279],
      [0.61557091294, 0.3790116783, 0.0019006927941, 0.0035167159635],
      [0.4763781493, 0.0064329484431, 0.0063313281116, 0.51085757415],
      [0.019613370785, 0.35459268293, 0.037049771973, 0.58874417431],
      [0.55783904866, 0.2897956694, 0.13073109378, 0.021634188156],
      [0.016020548074, 0.16793887083, 0.81281716668, 0.0032234144138],
      [0.12632021906, 0.23118029209, 0.27523948873, 0.36726000013]
    ],
    [
      [0.27469064722, 0.28677589004, 0.3355484633, 0.10298499944],
      [0.014548884284, 0.1545408359, 0.60603654894, 0.22487373088],
      [0.61246252556, 0.05365314444, 0.044822510748, 0.28906181925],
      [0.19768558348, 0.17658098753, 0.043950508356, 0.58178292063],
      [0.11688959376, 0.12355453733, 0.53349839575, 0.22605747315],
      [0.66730276395, 0.16232845942, 0.021268887352, 0.14909988928],
      [0.0035624562323, 0.26898667157, 0.42742676555, 0.30002410664],
      [0.097984750936, 0.22955689496, 0.15754412672, 0.51491422739]
    ],
    [
      [0.016965944166, 0.0095544429584, 0.54678982069, 0.42668979219],
      [0.0045773426439, 0.4816754865, 0.49474910791, 0.018998062945],
      [0.35644169267, 0.2474669065, 0.17533787312, 0.22075352771],
      [0.17691269149, 0.23335371017, 0.20150287955, 0.38823071878],
      [0.12444682558, 0.061993516646, 0.43647171483, 0.37708794294],
      [0.258587612, 0.53397750637, 0.0024043909994, 0.20503049063],
      [0.26780974321, 0.37629579713, 0.30549334285, 0.050401116815],
      [0.12670303418, 0.27755875545, 0.24753029301, 0.34820791737]
    ],
    [
      [0.052333459784, 0.30436467705, 0.39557288576, 0.24772897741],
      [0.04004710247, 0.35568185288, 0.5382063586, 0.06606468605],
      [0.50993550842, 0.38640958836, 0.003864028721, 0.099790874498],
      [0.14969637024, 0.054980174771, 0.13339982365, 0.66192363133],
      [0.081674393498, 0.31761275319, 0.083623123785, 0.51708972953],
      [0.74286478101, 0.079431928963, 0.089544966899, 0.088158323127],
      [0.1067264374, 0.2549902909, 0.50353105712, 0.13475221459],
      [0.065739652068, 0.30139631237, 0.26397188779, 0.36889214777]
    ],
    [
      [0.17641623522, 0.19216771793, 0.28697029862, 0.34444574823],
      [0.00079050641372, 0.61769439893, 0.35691492456, 0.024600170096],
      [0.61077140989, 0.35372193465, 0.0066688329903, 0.028837822468],
      [0.15101902921, 0.0077389699234, 0.13700233897, 0.7042396619],
      [0.024951544271, 0.31707110967, 0.33728295486, 0.3206943912],
      [0.62208795257, 0.1335041877, 0.22796050527, 0.016447354456],
      [0.014487070647, 0.12029980343, 0.7336812801, 0.13153184582],
      [0.10584922694, 0.24702569251, 0.21679648085, 0.43032859971]
    ],
    [
      [0.014932838394, 0.0043330922032, 0.58619474193, 0.39453932747],
      [0.0052286236975, 0.59905972458, 0.38630695383, 0.0094046978991],
      [0.72481548446, 0.24074230066, 0.026753903106, 0.0076883117762],
      [0.27498130014, 0.012709072261, 0.14236139988, 0.56994822772],
      [0.011086313478, 0.19317251105, 0.023142752386, 0.77259842308],
      [0.73461752193, 0.13728494911, 0.12095137227, 0.0071461566899],
      [0.0091298529324, 0.2061118751, 0.58559512017, 0.1991631518],
      [0.13256458877, 0.17119547085, 0.22166058765, 0.47457935274]
    ]
  ],
  "expected_outcome": [
    [
      [2.8857837502, 2.9960464691, 2.8439713274, 3.6243466102, 3.1267848418, 2.5377766041, 1.2568164909, 0.61349098484, 1.7891003996, 0.97539422833, 1.941123925, 0.90567602519, 0.89098554081, 0.0021935192418, 0.63818431307, 0.086684090217, 0.90594696962, 1.0460788165, 0.1914175545, 1.0031732023, 0.99649893518, 2.30646571, 0.29719989054, 1.4404067034, 0.28097430391, 1.4894218033, 0.0058608940225, 0.012532855545, 0.81069127672, 1.8853041303, 0.64167757662, 0.020615715151, 1.2200075247, 1.713965081, 0.947835582, 0.60903132219, 0.68851238927, 1.00363325, 1.577136514, 0.66978677685, 0.79605408778, 0.58550109781, 0.013628507196, 0.86391550884, 0.15139681288, 1.6481438833, 0.11876160917, 0.26166729892, 1.9405785874, 0.074664191971],
      [4.9794651957, 9.0172524232, 7.3602373498, 5.8185579774, 7.5832182517, 9.0514948074, 1.1149121346, 1.2069967982, 0.24171849318, 0.81796429651, 0.96007393768, 2.2830220478, 0.65368597529, 0.048215577543, 0.8164706881, 0.50191262542, 0.49506681197, 1.6729138564, 0.091499985945, 2.7602123688, 0.99025116103, 0.10717310125, 0.36733093142, 0.11860425422, 0.022191406532, 0.62504304562, 0.0041375259578, 0.00023820288602, 0.067108511607, 0.27108608221, 0.36555743479, 0.92573369728, 0.61471906679, 1.9770327751, 2.7733271069, 1.6701059413, 0.98912092268, 1.993950046, 1.5834856065, 1.5104222364, 0.50180550214, 0.81537758095, 0.17836833273, 0.16092106111, 1.1255770397, 1.7206553403, 0.066881100709, 1.5218233852, 2.1138448972, 0.021665461016],
      [20.5067415536, 26.190974091, 31.3946697016, 27.6974012945, 27.1638876589, 23.9492374049, 11.5236823025, 1.7912468484, 3.5464951718, 1.8071910031, 2.0928430612, 1.205710108, 2.8358282902, 0.095265298123, 1.9341369514, 3.9092975089, 3.3092981736, 3.792203599, 2.2545886892, 0.16080880333, 1.029046365, 2.1548084982, 2.9726837288, 3.6376090408, 1.0013095189, 4.7353318619, 4.3129619258, 3.1367663184, 2.8358827992, 3.1692025305, 1.7195474579, 1.320419054, 0.36077360659, 0.82870892769, 1.8751334322, 4.2613430343, 2.1848725611, 1.9977326136, 2.2301936077, 1.5341801573, 5.0672188645, 3.8782817757, 2.1665119248, 1.0786936566, 2.8786574157, 2.0132907798, 3.8275287448, 1.9778644288, 3.1566732848, 2.9309737097],
      [28.6280095004, 18.7957270168, 16.4011216211, 26.8596941179, 27.1261092476, 19.4614911836, 5.104589072, 1.3882653685, 0.42268593534, 1.3994504721, 0.0059590761713, 1.6055918191, 0.61950019371, 0.85432560509, 1.6112080474, 1.5021057754, 0.28968804482, 0.48880372814, 1.4624937704, 2.0758056255, 0.9842035388, 0.43155269057, 0.36278544927, 2.8033800016, 0.69552477062, 3.1502032892, 3.6770396542, 0.85046262318, 1.2863174124, 2.674407257, 2.2732175307, 2.7332315336, 1.8044998019, 4.4802932162, 0.40370387889, 1.4595197023, 1.137494127, 2.0046840904, 1.6091842718, 1.2856108295, 2.6349215455, 1.7208395456, 2.6414912353, 1.8964697735, 1.8443687317, 0.61790999666, 2.9868285453, 1.2386448871, 3.7889032305, 1.9726966374]
    ],
    [
      [0.19294039342, 0.15503753816, 1.0541492913, 0.063430467957, 0.26426562419, 0.16908183417, 3.2310752729, 5.1734231658, 4.7351069752, 5.360006018, 9.986242726, 5.0040620591, 4.7579766569, 0.86359703688, 0.80273196418, 0.98215399343, 1.2277966234, 0.26737355071, 1.2898208403, 0.18227000719, 0.019857468852, 1.0885108591, 0.45141670767, 0.49803487695, 0.71918879934, 0.55461835461, 0.47948779424, 0.84697501916, 0.88242530974, 0.35085632123, 0.99367573343, 0.24883177437, 0.046167815122, 0.083290384363, 0.10104505677, 0.59201449668, 0.12026090972, 0.0095820464697, 0.052666590388, 0.76548745158, 0.29087149246, 1.0679348609, 0.010222095272, 0.097464619381, 0.026537202513, 0.13093995856, 0.036618741151, 0.20023551235, 0.0047430384823, 0.04182898958],
      [1.3722780252, 2.8753363287, 0.65272091906, 3.0048856308, 0.89599659235, 2.1461090883, 7.1841391943, 7.0026959055, 16.5387488302, 8.0389357315, 7.0374224316, 9.0539528275, 6.5076779784, 0.017621653973, 0.69777769872, 0.042529513196, 1.5107158364, 2.0430485447, 1.3275734048, 1.1821455144, 1.0062170976, 0.41806926935, 1.5285317126, 0.97206741101, 1.9285051161, 0.87148795354, 3.1168821251, 2.0960578683, 0.96640851166, 0.36213964715, 1.9990446296, 1.2373478807, 1.1759793769, 1.2423665381, 1.0812221031, 1.1176328074, 0.84958581117, 0.99916985143, 1.1464248005, 0.15233022226, 1.1365332859, 0.73601492659, 1.1589581725, 1.9325613208, 1.8837411161, 1.3908675231, 3.853403892, 1.7784092644, 3.7061663936, 4.7924777966],
      [3.6020717962, 3.8337124265, 2.1231586168, 6.125737041, 0.86992365952, 2.3400972979, 26.4493287368, 40.2475436976, 22.5557057336, 31.6070652554, 32.0552481742, 31.2524799404, 22.3094456315, 1.9893458877, 0.75421890856, 3.6304874543, 5.0054755616, 4.6244308479, 2.6655787169, 4.6301818258, 2.9628593839, 3.8786134188, 2.6025510183, 0.87788548278, 3.3542598621, 1.1220737158, 4.9594316046, 4.0315516271, 4.1976434052, 1.9389895083, 3.9197044578, 7.3130607008, 2.2901401985, 5.4705001463, 1.1611245171, 1.9880680925, 3.220361258, 5.9978950047, 2.3398310896, 0.77560827617, 4.8194698007, 2.8193010799, 3.6516984021, 3.9167170552, 2.9959213949, 5.4543289404, 3.9579928633, 2.691031793, 2.1414895474, 3.0904556306],
      [1.8327097851, 0.1359137066, 3.1699711729, 0.80594686031, 0.96981412393, 2.3447117796, 8.135456796, 6.5763372312, 7.1704384609, 9.9939929951, 4.9210866682, 11.689505173, 3.4248997332, 0.12943542141, 0.74527142854, 1.3448290391, 2.2560119787, 1.0651470567, 0.717027038, 1.0054026527, 1.0110660497, 1.6148064527, 0.41750056143, 0.65201222926, 0.99804622243, 0.45181997602, 0.44419847604, 0.025415485492, 0.9535227734, 1.3480145233, 1.0875751792, 1.2007596442, 1.4877126095, 1.2038429312, 1.656608323, 1.3022846034, 0.80979202112, 1.9933530974, 1.4610775195, 0.30657404999, 0.75312542097, 0.37674913269, 0.17912133012, 1.0532570047, 0.093800286395, 2.0238635779, 0.15198450356, 0.33032343025, 0.14760102057, 0.075237583193]
    ],
    [
      [5.6667770868, 0.92695223088, 2.7562177849, 0.88492028746, 1.5395561185, 2.2951554745, 4.3409804832, 4.5936186513, 4.0202972831, 3.2160474194, 7.7760670148, 4.9811228657, 22.2331572978, 44.2881147429, 41.0016598143, 38.5788909572, 49.1154419954, 44.0301935372, 35.8492054983, 6.6264848426, 3.993788082, 4.1132990555, 2.6913380677, 11.7849624566, 2.7309770409, 4.7093258278, 6.0757713826, 4.0519773369, 1.0012677975, 4.087903334, 3.7180886219, 2.007721325, 3.7222184555, 3.7466583108, 4.2109509485, 2.5045709136, 2.10378574, 3.9967782622, 3.2143310051, 5.4046547992, 0.65865321345, 4.4623073593, 2.3488858661, 1.4155980084, 3.0778545647, 3.0623126278, 4.2773003121, 3.5695485589, 4.8861712791, 2.8992619378],
      [1.8051323279, 0.030283697873, 0.042667709728, 0.0092017595605, 0.55025020099, 1.0670787069, 1.273700178, 0.43923281441, 1.1444772541, 0.33848372893, 1.0649596868, 0.88262753377, 2.5757636014, 2.9641076266, 8.7102262729, 4.0141495843, 2.8770226849, 3.5993298513, 3.967258234, 0.23454198922, 0.035185965198, 0.99485311096, 0.10286495944, 1.148768208, 1.9598601138, 0.56638162993, 0.022611886316, 0.047595804955, 0.0027841363959, 0.17710787327, 0.062812910242, 1.1252390362, 0.88702844276, 0.020051188745, 2.8991285062, 0.38101929315, 0.46768434261, 0.0068247852637, 2.4281690132, 1.0842044461, 0.14383176157, 0.94168099171, 0.0048302813582, 0.90644654804, 1.8950583915, 0.2682657222, 2.969602878, 2.7048671185, 2.8297754772, 0.96296920264],
      [0.18803784671, 0.038987299876, 0.12677995201, 0.029683745134, 0.45769989753, 0.53211189485, 0.25815834101, 0.36120705961, 0.0089513954229, 1.0620968816, 0.11678245072, 1.5629128675, 5.3700123483, 8.5616758505, 5.132995195, 4.9287813967, 2.5913171561, 1.6453006188, 2.797876604, 0.020306643651, 0.025290814736, 0.79739295873, 0.023951245952, 1.0918394724, 0.98693813851, 0.70583225974, 0.83350668438, 0.064112366029, 0.83296157045, 1.5676625258, 1.2151277784, 0.93144493487, 0.023581439255, 0.17974365717, 0.031178053176, 0.17885679481, 0.19893225638, 1.0016182429, 2.0000143918, 0.33222222122, 0.36359537392, 0.93864438316, 1.8301386369, 1.7840518119, 0.0095034639704, 0.22411255374, 2.1040544775, 0.027048201047, 0.053350663923, 0.10701561243],
      [1.3400527386, 0.0037767713662, 0.074334553402, 0.076194207841, 0.45249378298, 1.1056539238, 1.1271609978, 0.6059414747, 0.8262740674, 0.38337197009, 2.0421908477, 0.57333673298, 0.82106675249, 4.18610178, 6.1551187178, 2.4781780618, 4.4162181637, 6.7251759927, 4.3856596637, 0.11866652449, 1.9457351381, 0.094454874799, 0.18184572694, 1.9744298629, 1.3222247068, 1.0184602825, 0.068110046739, 0.83631449212, 0.16298649564, 1.1673262669, 1.0039706894, 0.93559470387, 0.36717166245, 0.053546843248, 0.85874249221, 0.93555299843, 0.22959766104, 1.9947787096, 3.3574855899, 1.1789185334, 1.8339196511, 0.65736726583, 1.8161452157, 0.89390363163, 0.017583579817, 1.4453090963, 2.6490423325, 0.69853612148, 0.23070257974, 0.030753247105]
    ],
    [
