{
  "X": [
    [33, 31, 50, 144, 450, 20],
    [16, 11, 68, 196, 219, 30],
    [34, 20, 78, 247, 589, 41],
    [60, 54, 177, 576, 1317, 61],
    [15, 15, 31, 86, 276, 7],
    [30, 25, 111, 340, 597, 26],
    [24, 21, 71, 266, 409, 32],
    [21, 28, 106, 294, 511, 38],
    [14, 16, 29, 141, 299, 19],
    [9, 27, 57, 229, 377, 32],
    [3, 3, 2, 21, 137, 5],
    [12, 16, 31, 66, 177, 9],
    [0, 1, 0, 2, 11, 1],
    [9, 10, 10, 33, 141, 6],
    [6, 16, 14, 53, 63, 7],
    [19, 12, 51, 84, 265, 11],
    [25, 23, 54, 143, 538, 13],
    [33, 17, 66, 204, 822, 22],
    [12, 5, 37, 106, 316, 12],
    [11, 19, 40, 139, 197, 27],
    [13, 2, 15, 50, 138, 7],
    [25, 41, 91, 254, 429, 25],
    [20, 13, 51, 120, 292, 16],
    [25, 37, 86, 323, 642, 45],
    [11, 19, 27, 117, 150, 17],
    [44, 38, 123, 425, 744, 55],
    [13, 26, 64, 204, 214, 18],
    [28, 25, 64, 273, 273, 34],
    [13, 12, 26, 67, 203, 9],
    [3, 10, 17, 119, 21, 44],
    [23, 16, 28, 113, 175, 15],
    [37, 44, 41, 222, 392, 25],
    [9, 8, 16, 43, 140, 5],
    [4, 4, 5, 59, 51, 9],
    [12, 29, 56, 175, 212, 32],
    [4, 10, 34, 131, 125, 20],
    [5, 29, 51, 207, 301, 33],
    [7, 7, 31, 101, 166, 10],
    [9, 3, 16, 53, 196, 4],
    [3, 7, 19, 39, 130, 4],
    [15, 10, 22, 90, 241, 9],
    [3, 1, 16, 23, 93, 3],
    [18, 19, 72, 316, 441, 41],
    [25, 29, 76, 227, 308, 46],
    [30, 25, 81, 298, 463, 41],
    [18, 62, 111, 280, 609, 35],
    [32, 18, 52, 139, 385, 23],
    [3, 14, 12, 62, 92, 12],
    [10, 18, 46, 137, 211, 17],
    [3, 10, 14, 66, 102, 15],
    [37, 36, 105, 318, 454, 38],
    [22, 39, 44, 164, 241, 24],
    [8, 5, 51, 117, 118, 27],
    [72, 47, 118, 436, 1120, 51],
    [3, 9, 46, 74, 170, 11],
    [62, 131, 157, 530, 1005, 116],
    [12, 17, 16, 69, 142, 9]
  ],
  "W": [
    [43, 202, 376, 68, 39],
    [15, 235, 171, 76, 43],
    [37, 346, 465, 91, 70],
    [87, 738, 1073, 203, 144],
    [15, 121, 223, 41, 30],
    [39, 421, 463, 118, 88],
    [32, 325, 324, 84, 58],
    [21, 404, 395, 110, 68],
    [24, 193, 227, 40, 34],
    [30, 294, 279, 65, 63],
    [6, 43, 103, 9, 10],
    [16, 87, 154, 27, 27],
    [4, 1, 9, 0, 1],
    [10, 48, 123, 16, 12],
    [28, 58, 52, 14, 7],
    [16, 124, 227, 36, 39],
    [29, 185, 469, 73, 40],
    [36, 300, 698, 68, 62],
    [16, 145, 252, 32, 43],
    [29, 179, 140, 41, 44],
    [9, 58, 118, 22, 18],
    [52, 313, 385, 66, 49],
    [13, 157, 251, 59, 32],
    [52, 495, 437, 92, 82],
    [25, 149, 114, 22, 31],
    [52, 523, 591, 135, 128],
    [29, 257, 167, 60, 26],
    [22, 342, 216, 66, 51],
    [13, 99, 164, 25, 29],
    [6, 150, 11, 11, 36],
    [24, 143, 156, 19, 28],
    [68, 259, 336, 47, 51],
    [7, 57, 123, 23, 11],
    [9, 64, 41, 3, 15],
    [19, 226, 170, 58, 43],
    [12, 160, 83, 41, 28],
    [26, 259, 248, 62, 31],
    [5, 134, 133, 26, 24],
    [9, 70, 172, 16, 14],
    [6, 60, 98, 23, 15],
    [21, 107, 220, 13, 26],
    [7, 23, 85, 14, 10],
    [25, 390, 329, 92, 71],
    [22, 308, 232, 85, 64],
    [30, 374, 376, 85, 73],
    [77, 359, 480, 132, 67],
    [37, 187, 332, 60, 33],
    [19, 80, 67, 13, 16],
    [21, 168, 168, 55, 27],
    [16, 87, 60, 15, 32],
    [54, 409, 361, 109, 55],
    [57, 185, 217, 42, 33],
    [5, 137, 112, 42, 30],
    [86, 531, 940, 139, 148],
    [18, 93, 142, 39, 21],
    [125, 753, 786, 163, 174],
    [23, 91, 123, 13, 15]
  ],
  "method": "mvn_pdf",
  "cond_prob": [
    [
      [0.13834078235, 0.4744743264, 0.0091118296662, 0.13146146279, 0.2463221453, 0.00028945350422],
      [0.0097292681707, 0.040110534872, 0.05540950989, 0.58121374653, 0.24590749865, 0.067629441889],
      [0.061498700038, 0.0010427075018, 0.009636592161, 0.0069841292891, 0.91983300473, 0.0010048662764],
      [0.0030851294752, 0.021066782338, 0.47215673941, 0.14813024029, 0.35401835912, 0.0015427493672],
      [0.044941901795, 0.017196838486, 0.068857779332, 0.21136131665, 0.50780448269, 0.14983768105]
    ],
    [
      [0.13164443355, 0.37366049299, 0.01729478987, 0.25349888433, 0.22350017339, 0.00040122586835],
      [0.0067394094894, 0.017809694501, 0.065813139911, 0.69098759743, 0.13339213091, 0.085258027756],
      [0.063894648831, 0, 0.020454217137, 0.015438377266, 0.89971954544, 0.00049321132872],
      [0.0021814740194, 0.010445058031, 0.5875700075, 0.18809758752, 0.2096554334, 0.0020504395276],
      [0.031390588166, 0.0096741857475, 0.095848804013, 0.29953609706, 0.33754631227, 0.22600401274]
    ],
    [
      [0.14312509478, 0.33091992515, 0.013746596662, 0.18756346367, 0.32429976076, 0.00034515898136],
      [0.0093524671527, 0.017982614079, 0.060586763343, 0.59844852074, 0.23291571721, 0.080713917469],
      [0.049187871536, 0, 0.011614201575, 0.0086103532029, 0.92988756914, 0.00070000454578],
      [0.0024938894294, 0.010264976066, 0.50399951662, 0.15041771829, 0.33108229531, 0.0017416042849],
      [0.033844480802, 0.0085695068048, 0.075197086603, 0.21864481519, 0.48408374532, 0.17966036528]
    ],
    [
      [0.1037099803, 0.38284420119, 0.014054254993, 0.20554855319, 0.29370390608, 0.00013910424154],
      [0.0068876555984, 0.022527018964, 0.060879132096, 0.6453417819, 0.20937001148, 0.054994399968],
      [0.038865270794, 0, 0.012858598019, 0.0099035794456, 0.93837255174, 0],
      [0.0017098612822, 0.01221238378, 0.51718935123, 0.16584580778, 0.30204126769, 0.0010013282456],
      [0.026698642216, 0.011031254125, 0.083762266352, 0.26084584103, 0.47739282183, 0.14026917445]
    ],
    [
      [0.10550687349, 0.5176029744, 0.0088338981074, 0.11974731545, 0.24830893856, 0],
      [0.015674468315, 0.045881907701, 0.058586853537, 0.57763487359, 0.26799162078, 0.03423027607],
      [0.046044455757, 0.00069139174734, 0.010571170602, 0.010193601105, 0.93249938079, 0],
      [0.0028410404609, 0.022761703287, 0.46913467471, 0.13887653566, 0.36620341695, 0.00018262893962],
      [0.037879664624, 0.019894478591, 0.072886318109, 0.21142865184, 0.56288925987, 0.095021626968]
    ],
    [
      [0.1099483065, 0.36882442921, 0.016441230478, 0.22148010505, 0.28330592876, 0],
      [0.010630213447, 0.020059267584, 0.068497108975, 0.66868247132, 0.19460723876, 0.037523699911],
      [0.039980667477, 0, 0.015561809779, 0.012058911691, 0.93239861105, 0],
      [0.0018190379318, 0.010535419867, 0.55625922898, 0.16412002948, 0.26726628373, 0],
      [0.028534098495, 0.010542227997, 0.098611388466, 0.28292631688, 0.46344821433, 0.11593775384]
    ],
    [
      [0.11345545167, 0.38800640469, 0.013471180326, 0.23166881691, 0.25308688824, 0.00031125815649],
      [0.0064548345458, 0.021158091051, 0.054823642724, 0.68241305935, 0.16872358934, 0.06642678299],
      [0.050595477453, 0, 0.013973647206, 0.010620548256, 0.92426317732, 0.00054714976496],
      [0.0021687297845, 0.012706027907, 0.51861398921, 0.19416925436, 0.27070718008, 0.0016348186633],
      [0.029249936594, 0.011036364035, 0.080348302694, 0.29398411326, 0.41147207694, 0.17390920648]
    ],
    [
      [0.081285054177, 0.49914705037, 0.014458085246, 0.17146946234, 0.23342055504, 0.00021979282762],
      [0.0048612805408, 0.035092124392, 0.072689703451, 0.62724666843, 0.19404255447, 0.066067668719],
      [0.039279062602, 0.0008454281694, 0.015915269362, 0.0087708520716, 0.93494867125, 0.00024071654942],
      [0.0014339484889, 0.017038649828, 0.57455174056, 0.14813649026, 0.2575339164, 0.0013052544667],
      [0.024354300914, 0.016654383526, 0.10062525229, 0.25341156983, 0.44222824109, 0.16272625235]
    ],
    [
      [0.10572479673, 0.4015855296, 0.0092423410456, 0.17940542746, 0.30369223741, 0.00034966776309],
      [0.0066605471597, 0.026627862339, 0.043185497347, 0.61970336437, 0.23501810642, 0.06880462236],
      [0.040233809358, 0.00089662021854, 0.0062820933606, 0.0092071405861, 0.94221217, 0.001168166481],
      [0.0022759474954, 0.015427107606, 0.42624679105, 0.17553445584, 0.37877924133, 0.0017364566809],
      [0.028029607429, 0.011828022481, 0.057866940944, 0.23470944915, 0.50939880941, 0.15816717058]
    ],
    [
      [0.057465754711, 0.49465517029, 0.011456470353, 0.19124283637, 0.24487889137, 0.00030087692013],
      [0, 0.031936466418, 0.053813638555, 0.65214227589, 0.19210388113, 0.070003738003],
      [0.022466550829, 0.0020227870047, 0.012425583704, 0.0095720020259, 0.9528906765, 0.0006223999369],
      [0.00024487052395, 0.018564725865, 0.50088291893, 0.1815600119, 0.29706470393, 0.0016827688504],
      [0.015745128464, 0.015872365223, 0.076364580484, 0.27080788028, 0.44459345568, 0.17661658987]
    ],
    [
      [0.10449042914, 0.2472916551, 0.0038720795988, 0.093155099038, 0.55043026032, 0.00076047680335],
      [0.026240984324, 0.020116371015, 0, 0.38707965014, 0.4986388662, 0.067924128314],
      [0.0087192296191, 0.004923720181, 0, 0.019278609928, 0.95706000498, 0.01001843529],
      [0.0018073649704, 0.0093562835116, 0.20819337843, 0.09150313198, 0.68706841598, 0.0020714251329],
      [0.033034816374, 0.0059896385501, 0.010302711656, 0.09874194393, 0.74951509343, 0.10241579606]
    ],
    [
      [0.082449031114, 0.62642472417, 0.012426058643, 0.11781899481, 0.16065911384, 0.00022207742998],
      [0.011557427294, 0.052753094101, 0.08788991946, 0.60472535597, 0.18574955171, 0.057324651468],
      [0.056349198055, 0, 0.018299905644, 0.0099020494801, 0.91453875433, 0.00091009249529],
      [0.0021776711315, 0.024208361602, 0.62995360495, 0.12500891527, 0.21755511783, 0.0010963292205],
      [0.034768359502, 0.027187387531, 0.1232528617, 0.24457902895, 0.42801062342, 0.14220173889]
    ],
    [
      [0, 0.23109672131, 0, 0.31055554015, 0.45834773854, 7.1557343384e-18],
      [0, 0.074734683168, 0, 0.75219023631, 0.16004166036, 0.013033420155],
      [0, 0, 0, 0, 1, 0],
      [0.00077809426939, 0.0091899412757, 0.022294335721, 0.29416075661, 0.65904433564, 0.01453253648],
      [2.1553939189e-16, 0.00087843160111, 0, 0.0055876030773, 0.0065673854762, 0.98696657985]
    ],
    [
      [0.090143921355, 0.63049819133, 0.0050229709977, 0.089621646231, 0.18430314423, 0.00041012586239],
      [0.017146975376, 0.057821732587, 0.042769006201, 0.55383839975, 0.25368114071, 0.074742745374],
      [0.054797006528, 0, 0.0057372483028, 0.006085326199, 0.93001267308, 0.0033677458893],
      [0.0035575434948, 0.036879855054, 0.40971074838, 0.15086391407, 0.39696135669, 0.0020265823159],
      [0.039879455797, 0.027458103474, 0.052983706417, 0.19643521683, 0.51977777565, 0.16346574183]
    ],
    [
      [0.087846420058, 0.49544934429, 0.015155081627, 0.22883920468, 0.17104531014, 0.0016646392099],
      [0.0075557798267, 0.029132389283, 0.061183876422, 0.70362195574, 0.11075761248, 0.087748386256],
      [0.055789675356, 0.0018998830061, 0.022190810244, 0.015033146195, 0.90258060209, 0.0025058831035],
      [0.0023185733768, 0.016673702906, 0.5879600332, 0.19859468065, 0.19187863829, 0.0025743715807],
      [0.024077408945, 0.015073432083, 0.091661469217, 0.31719710071, 0.30947107822, 0.24251951082]
    ],
    [
      [0.14461477784, 0.42663991171, 0.024507893459, 0.14397150984, 0.26011268984, 0.00015321732058],
      [0.0094712055906, 0.031161764105, 0.12732868675, 0.55236882929, 0.22773009763, 0.051939416624],
      [0.061056411296, 0.0018975350003, 0.013570755795, 0.010041396316, 0.91343390159, 0],
      [0.0018389199175, 0.009984371493, 0.70352744981, 0.086035991578, 0.19797573715, 0.00063753005182],
      [0.040659681545, 0.013321149869, 0.16439914842, 0.20066739359, 0.46469340146, 0.11625922512]
    ],
    [
      [0.096160463225, 0.47666328886, 0.010347409159, 0.15326962716, 0.26350640614, 5.280545711e-05],
      [0.010215774444, 0.036183441722, 0.056974351693, 0.61365622625, 0.23815129524, 0.04481891065],
      [0.04042221023, 0.00093973966812, 0.010532370393, 0.0089102120385, 0.93919546767, 0],
      [0.0020977359641, 0.018907387978, 0.4822264084, 0.15541167592, 0.34059022946, 0.00076656228261],
      [0.030256924276, 0.016546266947, 0.075436513591, 0.23762092919, 0.52386408788, 0.11627527812]
    ],
    [
      [0.12279538597, 0.3014647014, 0.014322775948, 0.17041794099, 0.39085231769, 0.00014687800824],
      [0.0099451790147, 0.016875824188, 0.065607703119, 0.56563849807, 0.29172732981, 0.0502054658],
      [0.033939124073, 0, 0.011087034412, 0.01045764857, 0.94451619294, 0],
      [0.0018582867196, 0.0088236840158, 0.48904532781, 0.12748082843, 0.3719217855, 0.00087008751687],
      [0.028708714527, 0.0078147254846, 0.077552206763, 0.19685918818, 0.57819570213, 0.11086946291]
    ],
    [
      [0.11752215026, 0.25097817849, 0.019587955808, 0.20717267715, 0.40459723722, 0.0001418010715],
      [0.014216804491, 0.0040465353867, 0.07764615013, 0.59493582171, 0.26046446383, 0.048690224452],
      [0.027571662156, 0, 0.014363248523, 0.012030843491, 0.94603424583, 0],
      [0.0014333090162, 0.0054623379848, 0.55202960623, 0.12653212564, 0.31380432498, 0.00073829615084],
      [0.02475079518, 0.0051815511061, 0.096358486306, 0.21718005669, 0.54224950233, 0.11427960838]
    ],
    [
      [0.093814374392, 0.44541721276, 0.014255645898, 0.20089301148, 0.24550069475, 0.00011906071626],
      [0.0067855049314, 0.026950765564, 0.062291584532, 0.63562678974, 0.17513860664, 0.093206748589],
      [0.042395744981, 0.0007481304316, 0.015510174236, 0.0099730330028, 0.93137291735, 0],
      [0.0018618641245, 0.014652160074, 0.55069154305, 0.16846657046, 0.26263622565, 0.0016916366467],
      [0.023932659852, 0.012573567509, 0.083786704087, 0.25212621122, 0.39478126326, 0.23279959407]
    ],
    [
      [0.25129075667, 0.205826704, 0.011255290698, 0.21684005333, 0.3143370205, 0.00045017480827],
      [0.017466438001, 0, 0.04638064583, 0.65557559738, 0.21452043194, 0.066056886843],
      [0.072632596497, 0, 0.0088850895213, 0.01157103383, 0.90424641244, 0.0026648677106],
      [0.0058865708314, 0.002996692827, 0.45677405431, 0.18703165487, 0.34534223415, 0.0019687930044],
      [0.056954380055, 0.0045351345454, 0.061730842619, 0.25249869293, 0.46834310797, 0.15593784188]
    ],
    [
      [0.075944394152, 0.52894089958, 0.019705401996, 0.19810839633, 0.17708232921, 0.00021857873895],
      [0.0047433723717, 0.035074455502, 0.091737828015, 0.67756762058, 0.13552452518, 0.055352198343],
      [0.047577633454, 0.0015814468866, 0.02426679919, 0.01868073702, 0.90765310998, 0.00024027347048],
      [0.0012285582904, 0.015142698203, 0.67697997559, 0.14307804546, 0.16260136872, 0.00096935374384],
      [0.023831473977, 0.018540684019, 0.14771393573, 0.30580537541, 0.35090622084, 0.15320231002]
    ],
    [
      [0.12871744516, 0.46386485747, 0.013303803054, 0.16709774422, 0.22677392528, 0.00024222480659],
      [0.0080561265914, 0.033001378908, 0.06903538902, 0.62986101349, 0.19314527717, 0.066900814814],
      [0.062419722727, 0.0012879505354, 0.015004551652, 0.0076079105051, 0.91291465588, 0.00076520869787],
      [0.002435886769, 0.016463422839, 0.56284890799, 0.15240791672, 0.26438312329, 0.0014607423886],
      [0.039087300442, 0.015435088512, 0.094195826508, 0.25118429948, 0.43712336107, 0.16297412399]
    ],
    [
      [0.10016688653, 0.39438757676, 0.012292529358, 0.1574447648, 0.33539698934, 0.0003112532066],
      [0.0055419143231, 0.028051430265, 0.061667357039, 0.56953598189, 0.26879656226, 0.066406754222],
      [0.03381162686, 0.00093538325968, 0.010751323333, 0.0090375584581, 0.94460446357, 0.00085964451608],
      [0.0017082740118, 0.013601156327, 0.47984827391, 0.13578121016, 0.36763598149, 0.0014251041013],
      [0.02579551419, 0.011540477573, 0.073061917597, 0.200625327, 0.5474438702, 0.14153289344]
    ],
    [
      [0.098477623175, 0.5094902401, 0.012742879335, 0.18286413941, 0.19596390348, 0.00046121449861],
      [0.0075577676517, 0.034868301433, 0.063726943261, 0.66237598054, 0.15796479733, 0.073506209779],
      [0.056215574456, 0.00098270632325, 0.01706486169, 0.0099614757538, 0.91471543331, 0.0010599484657],
      [0.0021921925521, 0.018835635362, 0.56338198601, 0.17480553762, 0.2390654502, 0.0017191982574],
      [0.030811236013, 0.017450147908, 0.091816630514, 0.28235630163, 0.38797252608, 0.18959315786]
    ],
    [
      [0.11426222503, 0.41116133436, 0.01364529117, 0.21058478319, 0.25010570664, 0.00024065960797],
      [0.0064337131311, 0.024876420421, 0.059552696655, 0.66555386237, 0.17931414694, 0.064269160481],
      [0.051522341654, 0.00025023417519, 0.014299643674, 0.01000746034, 0.92384178996, 7.8530199727e-05],
      [0.0021313897339, 0.013873262647, 0.53165981579, 0.17927384322, 0.27166614469, 0.0013955439269],
      [0.030906959368, 0.012409874048, 0.085306405986, 0.280066745, 0.42615450786, 0.16515550774]
    ],
    [
      [0.08139527053, 0.52393153521, 0.015895638361, 0.19822851335, 0.18038923146, 0.00015981108491],
      [0.0058261917176, 0.035259289996, 0.075987813858, 0.69072667104, 0.1379033612, 0.054296672186],
      [0.050066419757, 0.0012885003235, 0.022306860678, 0.015101644895, 0.91123657435, 0],
      [0.0016657559136, 0.017389950698, 0.61977082767, 0.16710775411, 0.19305702367, 0.0010086879357],
      [0.02619878573, 0.018683513612, 0.11917934355, 0.31485302736, 0.36798535088, 0.15309997887]
    ],
    [
      [0.15904284445, 0.47763513403, 0.011069850446, 0.18588696568, 0.16605921559, 0.00030598980377],
      [0.0026869126314, 0.034882857638, 0.05761811135, 0.69296813336, 0.14137046767, 0.070473517351],
      [0.096236143329, 0.0014163760079, 0.016920166889, 0.014057709047, 0.87046213397, 0.00090747076232],
      [0.0021908862863, 0.020406361487, 0.54607782159, 0.20075651593, 0.22869676026, 0.001871654444],
      [0.051971134279, 0.01783005222, 0.085395626194, 0.30645078315, 0.35067039608, 0.18768200808]
    ],
    [
      [0.12031668338, 0.50254319922, 0.011633989185, 0.12048074687, 0.24487878245, 0.00014659888541],
      [0.010162564942, 0.04302672799, 0.074718078417, 0.56181140321, 0.25539278314, 0.054888442297],
      [0.055962853388, 0.001225179754, 0.013663927024, 0.0057289250959, 0.92327787208, 0.00014124265582],
      [0.002728223909, 0.019085452927, 0.54255102135, 0.12095950935, 0.31371277045, 0.00096302201684],
      [0.040816401153, 0.018249190907, 0.091276165922, 0.20175482494, 0.52663103497, 0.12127238211]
    ],
    [
      [0.073230287848, 0.58806069402, 0.011506915777, 0.21736334785, 0.10983875451, 0],
      [0.0084921394488, 0.037828505032, 0.056299283479, 0.70850223368, 0.029286748457, 0.1595910899],
      [0.064010734013, 0.0018023765212, 0.024944933573, 0.030899609492, 0.8783423464, 0],
      [0.0020465255388, 0.024734961274, 0.57323340526, 0.24453056407, 0.15489768922, 0.0005568546365],
      [0.015560208348, 0.01404026015, 0.052947340453, 0.23307647087, 0.12728652257, 0.55708919761]
    ],
    [
      [0.20964627281, 0.42487316122, 0.013716262554, 0.17542201276, 0.17588881805, 0.0004534726069],
      [0, 0.029463529502, 0.072091370428, 0.66969351953, 0.16010711205, 0.068644468497],
      [0.10324882432, 0.0054818287515, 0.019339435967, 0.012717974586, 0.8575809096, 0.0016310267718],
      [0.0019926491137, 0.015812684829, 0.6032406115, 0.16599956052, 0.21142801686, 0.0015264771831],
      [0.065136161622, 0.015505468386, 0.10297214636, 0.28163223987, 0.36012846878, 0.17462551498]
    ],
    [
      [0.13044535045, 0.48121350791, 0.0085717262203, 0.18787717527, 0.19157178633, 0.0003204538143],
      [0.0061595785007, 0.034371655216, 0.043740484759, 0.69238306788, 0.16102951548, 0.062315698159],
      [0.072087973622, 0.0012607745345, 0.010545607537, 0.011981342564, 0.90349489535, 0.00062940638755],
      [0.0028378452285, 0.022197265258, 0.47069952828, 0.21860544412, 0.28401633095, 0.001643586164],
      [0.042734264211, 0.017810412755, 0.067100688293, 0.3058225593, 0.39889062012, 0.16764145532]
    ],
    [
      [0.095421794699, 0.59428832604, 0.007289796057, 0.1173353062, 0.18545136664, 0.00021341037482],
      [0.010220129616, 0.051114366846, 0.052068558145, 0.61347609838, 0.2159823182, 0.057138528821],
      [0.058877911061, 0, 0.010246666001, 0.0067907217312, 0.92251842841, 0.0015662728],
      [0.0032025075095, 0.028662126189, 0.47599504741, 0.16233743339, 0.32831984044, 0.001483045061],
      [0.039441755972, 0.024293991382, 0.070257964064, 0.24013595531, 0.48815684293, 0.13771349034]
    ],
    [
      [0.10114112142, 0.34053491355, 0.010830196876, 0.3322816238, 0.21402614752, 0.0011859968359],
      [0.0088575235588, 0.012276155116, 0.03365016033, 0.76267221534, 0.099994518103, 0.082549427551],
      [0.052905910311, 0, 0.01242472236, 0.018986994032, 0.9120355844, 0.0036467888965],
      [0.0019937142367, 0.010934503783, 0.45998282227, 0.28747147959, 0.2370356448, 0.0025818353233],
      [0.023181662269, 0.0077805559485, 0.05730372556, 0.37050416067, 0.30463664126, 0.2365932543]
    ],
    [
      [0.053411012048, 0.69198595683, 0.0092440319414, 0.12832279145, 0.11685779392, 0.0001784138126],
      [0.0082840543097, 0.055185252668, 0.064956770931, 0.64988115049, 0.12813829142, 0.093554480178],
      [0.047049295222, 0, 0.021505089548, 0.019963543835, 0.91148207139, 0],
      [0.0017629827639, 0.034870183241, 0.57769723497, 0.17835981228, 0.20536358373, 0.0019462030146],
      [0.023543286258, 0.031579746263, 0.092600658396, 0.27790826481, 0.32459088515, 0.24977715913]
    ],
    [
      [0.064732048775, 0.43837539237, 0.013815426139, 0.24667140036, 0.23597747541, 0.00042825694197],
      [0.0015307750886, 0.023478940872, 0.053822066241, 0.68874522434, 0.14771934628, 0.084703647181],
      [0.030240466, 0.00086218722339, 0.015772801209, 0.012762996318, 0.93977823836, 0.00058331089161],
      [0.00073848106829, 0.014130657254, 0.52933361421, 0.20421895707, 0.24931818376, 0.0022601066328],
      [0.015644821382, 0.011855223754, 0.078959414453, 0.30030004882, 0.36819769903, 0.22504279256]
    ],
    [
      [0.036575200585, 0.60060788605, 0.0097589879059, 0.18530670592, 0.16754231327, 0.00020890627239],
      [0, 0.041460222965, 0.049232935444, 0.67717146359, 0.13970670813, 0.092428669871],
      [0.014924854782, 0.0013146203484, 0.015927103456, 0.018053489197, 0.94630901884, 0.0034709133806],
      [0, 0.026821982845, 0.51291824259, 0.21311130826, 0.24556462129, 0.0015838450148],
      [0.011215509644, 0.021193820389, 0.072389785064, 0.29369194013, 0.34032965345, 0.26117929132]
    ],
    [
      [0.08361435874, 0.45702982359, 0.016941340192, 0.19946431985, 0.24279825124, 0.00015190638263],
      [0.0061826026357, 0.028527973291, 0.076598326217, 0.65780060853, 0.18062842307, 0.050262066262],
      [0.038680102925, 0.0016195642688, 0.017707095552, 0.0094143112667, 0.93257892599, 0],
      [0.0014753936333, 0.013160206023, 0.60036023711, 0.15034036464, 0.23386984817, 0.00079395041912],
      [0.023776897068, 0.013938960695, 0.1119461547, 0.27901849912, 0.43617445183, 0.13514503659]
    ],
    [
      [0.13137196175, 0.25653344968, 0.015673655994, 0.2116006867, 0.38474789833, 7.2347549461e-05],
      [0.017097947755, 0.0071663711493, 0.063478528798, 0.62318775812, 0.25184249983, 0.03722689435],
      [0.035907725902, 0, 0.012444820685, 0.010754388186, 0.94089306523, 0],
      [0.0020107989202, 0.0065412852577, 0.50796992312, 0.14565130477, 0.33720131373, 0.0006253742003],
      [0.029463883107, 0.0060637434488, 0.081958010891, 0.23516250766, 0.54853326344, 0.098818591453]
    ],
    [
      [0.059315235234, 0.54683424652, 0.01095685925, 0.11052354166, 0.2723239858, 4.6131531598e-05],
      [0.0045324750352, 0.046231073685, 0.073686162043, 0.5377516245, 0.29528773625, 0.042510928482],
      [0.021039052501, 0.0020942073052, 0.013922020403, 0.0071227000163, 0.95582201977, 0],
      [0.00054335652014, 0.01986473214, 0.5154190674, 0.1119814531, 0.35167892465, 0.00051246619484],
      [0.019855716098, 0.018867262977, 0.086272838153, 0.18654421713, 0.59264124701, 0.095818718629]
    ],
    [
      [0.11664300624, 0.3633340375, 0.017603812349, 0.23666895201, 0.2655777146, 0.00017247730223],
      [0.0077749840138, 0.018529306885, 0.069771385601, 0.68167402667, 0.1716938339, 0.05055646293],
      [0.049674098585, 0, 0.017744724449, 0.010226158317, 0.92235501865, 0],
      [0.001806674962, 0.0098595023022, 0.58251765118, 0.16651830789, 0.23831481307, 0.00098305059687],
      [0.029491735245, 0.0099683017612, 0.10339280143, 0.29524378162, 0.42443965742, 0.13746372251]
    ],
    [
      [0.14469830796, 0.14285714286, 0.037181289719, 0.31330905129, 0.36135880833, 0.00059539983715],
      [0.0083135968798, 0, 0.10655607544, 0.66230839295, 0.16871220949, 0.054109725239],
      [0.018635100055, 0, 0.021621478055, 0.013769493266, 0.94226382464, 0.0037101039875],
      [0.002155089009, 0, 0.70560498163, 0.11751062043, 0.173363183, 0.0013661259319],
      [0.018174436519, 0, 0.15726458593, 0.27581879895, 0.40705978673, 0.14168239187]
    ],
    [
      [0.090995604195, 0.3820487193, 0.01234836135, 0.24249408078, 0.27177679838, 0.00033643599326],
      [0.0043588301051, 0.019379836067, 0.047435213767, 0.68342749514, 0.17471649451, 0.070682130405],
      [0.037398686815, 0, 0.01140564344, 0.011091067209, 0.93943244327, 0.00067215926804],
      [0.0015536624268, 0.012616422542, 0.48313314327, 0.20602746053, 0.294803352, 0.0018659592344],
      [0.022226214769, 0.010280775741, 0.070293686265, 0.29292165344, 0.42071781635, 0.18355985343]
    ],
    [
      [0.1206208927, 0.55221211193, 0.010651069744, 0.14550667012, 0.17093149405, 7.7761448367e-05],
      [0.0084077531587, 0.043599819504, 0.062953780045, 0.62085545287, 0.16631930806, 0.097863886366],
      [0.073129753845, 0.00018348999769, 0.016245072558, 0.012208260677, 0.89823342292, 0],
      [0.0023878855264, 0.02436226627, 0.5560719776, 0.16657562185, 0.24918737384, 0.0014148749141],
      [0.040432487904, 0.020456669031, 0.083452145028, 0.2435020225, 0.36628248992, 0.24587418562]
    ],
    [
      [0.11748500693, 0.42759350988, 0.013603178558, 0.21181479075, 0.2292006389, 0.00030287498272],
      [0.0065850809007, 0.026048695195, 0.059660244051, 0.67142347906, 0.1640670166, 0.072215484202],
      [0.057119707893, 0.00060288390803, 0.015521131554, 0.010696024373, 0.91552394376, 0.0005363085137],
      [0.002214657829, 0.014706693242, 0.54291382884, 0.18419566731, 0.25428183747, 0.0016873153188],
      [0.032155800712, 0.013057937339, 0.086237704835, 0.28568271542, 0.39605421354, 0.18681162816]
    ],
    [
      [0.05601027872, 0.55421639723, 0.012302730757, 0.15912088614, 0.21810027248, 0.00024943467262],
      [0.00058277048748, 0.041704876158, 0.066833432611, 0.6278356996, 0.19718115505, 0.065862066097],
      [0.025577142127, 0.00038226322986, 0.015201613456, 0.0097252002147, 0.94875118669, 0.00036259428719],
      [0, 0.021346558189, 0.54956081425, 0.15554189439, 0.27215737112, 0.0013933620465],
      [0.017924861382, 0.020179922997, 0.09284605201, 0.25604551417, 0.44914778745, 0.16385586199]
    ],
    [
      [0.17825059297, 0.3479817924, 0.014022313635, 0.18030227606, 0.27910067323, 0.0003423517031],
      [0.0082367629287, 0.02204510643, 0.064793654705, 0.6053273197, 0.21274051891, 0.086856637325],
      [0.067006697836, 0, 0.013352558346, 0.0082268900757, 0.91100206704, 0.00041178670443],
      [0.0025284788912, 0.011363509979, 0.5373259479, 0.15028109054, 0.29671631931, 0.0017846533825],
      [0.044440029616, 0.0097099448519, 0.081580446092, 0.22377012318, 0.44348886782, 0.19701058844]
    ],
    [
      [0.052506997804, 0.5474720735, 0.0093787044212, 0.17719644432, 0.213374335, 7.1444950172e-05],
      [0.0010191044028, 0.036711234774, 0.046524771926, 0.64132307447, 0.17523261054, 0.09918920389],
      [0.024976083113, 0.001382670184, 0.011656255329, 0.010603946702, 0.95138104467, 0],
      [0.00073507263631, 0.02256377823, 0.48440498615, 0.19327620419, 0.29677348833, 0.0022464704584],
      [0.01486782354, 0.017197737636, 0.063849308429, 0.2565229073, 0.39541834067, 0.25214388242]
    ],
    [
      [0.075021317715, 0.51002475803, 0.012818880221, 0.19630968739, 0.20546260774, 0.00036274889563],
      [0.0047025832832, 0.033321073939, 0.060732416376, 0.67339395381, 0.15799703684, 0.069852935757],
      [0.041279791248, 0.0012759246359, 0.016595939671, 0.010631759422, 0.92915812234, 0.0010584626788],
      [0.0015910981264, 0.018552858352, 0.5512055773, 0.18269417457, 0.24412326804, 0.0018330236104],
      [0.02266677814, 0.016917670793, 0.089753072152, 0.29307396817, 0.39320143528, 0.18438707546]
    ],
    [
      [0.065866320673, 0.43269066823, 0.010966921186, 0.18649635753, 0.30351965022, 0.00046008216186],
      [0.000806504017, 0.027370366489, 0.049036527333, 0.60706643734, 0.22257301541, 0.093147149416],
      [0.023024256329, 0.001449111928, 0.0096126594288, 0.0076999670868, 0.9577116201, 0.00050238512504],
      [0.00076288588819, 0.015065086208, 0.46525497572, 0.16790682615, 0.34884947355, 0.002160752489],
      [0.01509607349, 0.011962637969, 0.062586474424, 0.22564618168, 0.47138731083, 0.21332132161]
    ],
    [
      [0.14044596661, 0.41932646861, 0.015476630671, 0.20050065544, 0.22394410614, 0.00030617252327],
      [0.0065536854045, 0.026688850377, 0.070216756211, 0.66037265304, 0.1675890307, 0.068579024272],
      [0.067470497438, 0.00062274875869, 0.01744360677, 0.010865623353, 0.90314033226, 0.00045719142117],
      [0.0020888205127, 0.013688106871, 0.58366771281, 0.16458327207, 0.23448326185, 0.0014888258806],
      [0.039107808392, 0.013160271636, 0.10052156205, 0.27669968777, 0.39583216774, 0.17467850241]
    ],
    [
      [0.095012196066, 0.53454828453, 0.012972220222, 0.20404535796, 0.15290286719, 0.00051907402292],
      [0.0057332383302, 0.035671726529, 0.06051512181, 0.69893800626, 0.11342823074, 0.085713676333],
      [0.066615701461, 0.0019779424754, 0.021910455031, 0.01914009621, 0.8894640077, 0.00089179712282],
      [0.0020344133775, 0.021008736752, 0.57804920665, 0.20221915905, 0.19455824842, 0.0021302357478],
      [0.029775853162, 0.01878478524, 0.091898499739, 0.31573569334, 0.30652053876, 0.23728462976]
    ],
    [
      [0.089342963134, 0.40915761369, 0.028909181649, 0.29819936313, 0.17402597033, 0.00036490805919],
      [0.011194111204, 0.016786594908, 0.09009595206, 0.6949303825, 0.066844217888, 0.12014874144],
      [0.048593287176, 0.0005381005558, 0.041370815196, 0.042454080779, 0.86704371629, 0],
      [0.0013324468361, 0.0081624381773, 0.71448565596, 0.16510064248, 0.11091881656, 0],
      [0.017376033953, 0.0083786254483, 0.12901266025, 0.28714855837, 0.20682419258, 0.3512599294]
    ],
    [
      [0.13576547113, 0.36866925423, 0.011970841093, 0.20069655122, 0.28275339632, 0.00014448600695],
      [0.0089999287909, 0.022368971413, 0.05343743808, 0.6509734108, 0.20812031683, 0.056099934086],
      [0.053035894078, 0, 0.010741300323, 0.010063403454, 0.92615940214, 0],
      [0.0025280100458, 0.012935208081, 0.48613683842, 0.17782699981, 0.31941572827, 0.0011572153707],
      [0.036081577467, 0.010935989141, 0.073820170273, 0.26280853541, 0.47420740157, 0.14214632613]
    ],
    [
      [0.056056653139, 0.38182948566, 0.033265780536, 0.24070468791, 0.28745679115, 0.00068660160623],
      [0, 0.015428773156, 0.11588534802, 0.62301707464, 0.17285467513, 0.072814129052],
      [0.012418913699, 0.0022634587702, 0.020853249455, 0.015885621343, 0.94565091988, 0.0029278368562],
      [0, 0.0048173921146, 0.72098475851, 0.1078477647, 0.16457720705, 0.001772877627],
      [0.010833071346, 0.0087097103218, 0.16877674191, 0.25070983914, 0.38330244165, 0.17766819563]
    ],
    [
      [0.075315249336, 0.64076997622, 0.0085686988863, 0.11477609468, 0.16056998088, 0],
      [0.013529033596, 0.053943384641, 0.060128510813, 0.58623960926, 0.18786348865, 0.098295973043],
      [0.0468398423, 0, 0.014571259424, 0.012344499138, 0.92624439914, 0],
      [0.0022642005433, 0.033805976367, 0.52583091709, 0.15673385777, 0.27962511663, 0.0017399316054],
      [0.029960062061, 0.027436840172, 0.077521233357, 0.22393199572, 0.40149743509, 0.2396524336]
    ],
    [
      [0.11010562918, 0.54445547978, 0.010448584169, 0.14969816065, 0.18480119881, 0.00049094741239],
      [0.0084897770901, 0.042305689428, 0.061124402134, 0.6425953834, 0.17737285126, 0.068111896688],
      [0.065650960275, 0.00013371192694, 0.015194137504, 0.0075668797767, 0.90978654755, 0.0016677629674],
      [0.0026419793174, 0.022999187713, 0.54208888201, 0.1673716314, 0.26333612797, 0.0015621915939],
      [0.039039131246, 0.020818014653, 0.085421839391, 0.26494699963, 0.41876853007, 0.17100548501]
    ]
  ],
  "expected_outcome": [
    [
      [5.9486536408, 1.9746665033, 5.2956285068, 9.0227682865, 1.5826031023, 4.2879839534, 3.6305744533, 1.7069861377, 2.5373951214, 1.7239726413, 0.62694257483, 1.3191844978, 0, 0.90143921355, 2.4596997616, 2.3138364454, 2.7886534335, 4.4206338948, 1.8803544042, 2.7206168574, 2.26161681, 3.9491084959, 1.6733267871, 5.2086780997, 2.4619405794, 5.9416357016, 2.3604628454, 3.4989425779, 1.5641168839, 0.43938172709, 5.0315105475, 8.8702838309, 0.66795256289, 0.91027009275, 1.0148092289, 0.7767845853, 0.95095521522, 0.4180717937, 1.1823476558, 0.3558914114, 2.449503131, 1.0128881557, 2.2748901049, 2.6536596395, 3.5245502078, 4.3127914615, 6.59527194, 0.99763295828, 1.575447672, 1.0538611308, 7.5840821969, 5.4156951757, 0.44671481567, 11.675830517, 1.0090197565, 9.414406167, 2.5324294711],
      [20.4023960352, 5.6049073949, 12.2440372305, 33.3074455037, 7.764044616, 14.3841527392, 12.4162049502, 10.4820880577, 9.6380527103, 14.8396551086, 1.4837499306, 10.0227955867, 0.92438688523, 6.3049819133, 13.87258164, 6.8262385873, 13.8232353769, 10.8527292505, 4.0156508559, 12.9170991702, 1.852440336, 27.5049267782, 6.0302431472, 20.5081539915, 12.7372560025, 21.3803893867, 15.1940145212, 10.5079729486, 6.5330615899, 3.5283641641, 10.1969558694, 32.7225185379, 4.1600182822, 3.064814222, 13.1477331798, 5.2605047084, 15.6158050373, 2.285149118, 2.3088010471, 3.2810054791, 7.6300147876, 1, 9.5512179824, 12.1486664625, 12.8278052963, 42.674662587, 12.8753263187, 10.4019693965, 10.7105199187, 6.9230506916, 22.6436293051, 30.4692522185, 2.0457880685, 31.7055558638, 6.8729307419, 80.096247028, 12.5224760349],
      [0.39180867565, 0.25942184805, 0.50862407649, 1.2227201844, 0.13250847161, 0.64120798866, 0.43107777043, 0.30361979016, 0.22181618509, 0.3436941106, 0.023232477593, 0.19881693828, 0, 0.050229709977, 0.42434228556, 0.39212629534, 0.30007486562, 0.51561993412, 0.31340729293, 0.41341373104, 0.10129761628, 1.0246809038, 0.1729494397, 0.63921152664, 0.31857198338, 0.70955514086, 0.46097351247, 0.2435367098, 0.15124185941, 0.069041494663, 0.32919030129, 0.58287738298, 0.051028572399, 0.097471771887, 0.17563660689, 0.16578511367, 0.25373368555, 0.084706700959, 0.14106290395, 0.065741155503, 0.36968005933, 0.26026902803, 0.30870903376, 0.23432353437, 0.40809535674, 0.94731026829, 0.51882560449, 0.178195384, 0.26919648464, 0.17547073897, 0.83573805623, 0.73941655266, 0.14454590824, 1.029492334, 0.59878404965, 1.0710873608, 0.2403174359],
      [5.6528428998, 3.802483265, 6.9398481559, 17.8827241272, 1.7962097317, 8.637724097, 7.4134021413, 3.6008587092, 4.3057302591, 5.737285091, 0.55893059423, 1.8851039169, 1.2422221606, 0.89621646231, 6.4074977311, 2.3035441574, 4.4448191877, 6.1350458755, 3.3147628344, 5.825897333, 1.9515604799, 10.301636609, 2.1722706749, 8.1871277696, 4.5716034852, 10.9504087261, 5.7486268873, 4.0895132449, 1.5662497093, 1.3041800871, 4.2101283061, 12.7756479187, 0.82134714337, 2.9905346142, 2.4381330375, 2.9600568043, 4.8179743539, 0.99732159926, 1.9044061803, 0.66314124995, 4.9700479921, 2.1931633591, 6.0623520195, 3.2011467426, 6.3544437226, 12.2523082327, 6.6711842141, 3.3667324421, 4.1225034353, 2.9839417205, 10.8270353939, 11.6305854039, 1.4909968157, 17.2599034047, 4.3326843824, 14.3470118347, 3.443057695],
      [10.5918522478, 3.3525026008, 11.9990911481, 25.5522398292, 3.7246340784, 11.0489312218, 8.0987804237, 4.9018316558, 7.2886136978, 7.346366741, 3.3025815619, 2.5705458215, 1.8333909542, 1.8430314423, 4.7892686839, 4.1618030375, 7.641685778, 14.0706834368, 6.4735557955, 7.1195201477, 2.8290331845, 9.2082811187, 2.9480610287, 17.4406434457, 4.8990975871, 13.0054967451, 5.2312877122, 3.6533027431, 3.1834241719, 0.65903252705, 4.2213316332, 13.0268814701, 1.2981595665, 1.9262353277, 2.2202980845, 2.831729705, 4.3561001449, 1.2139912562, 3.4627310849, 1.6339439148, 5.5771320067, 2.5295116583, 6.7944199595, 3.7604928692, 6.8760191671, 16.7937209807, 10.3267249096, 4.054112365, 4.3147147626, 4.8563144035, 12.0929817317, 8.7154634299, 0.87012985165, 24.3167920839, 5.1742222406, 20.0712476095, 4.2504275726],
      [0.012446500681, 0.0060183880253, 0.01277088231, 0.012102069014, 0, 0, 0.0099602610077, 0.0046156493801, 0.0083920263142, 0.0090263076039, 0.0045628608201, 0.0035532388797, 2.8622937354e-17, 0.0041012586239, 0.046609897878, 0.0024514771293, 0.0015313582562, 0.0052876082966, 0.002268817144, 0.0034527607716, 0.0040515732744, 0.011366094426, 0.0031489224856, 0.016185166743, 0.011530362465, 0.012514299614, 0.0046345214625, 0.0067317756829, 0.0019057855103, 0, 0.010883342565, 0.021790859373, 0.0014938726237, 0.010673971524, 0.0033898624394, 0.0051390833036, 0.0054315630821, 0.00075953191314, 0.00065112794515, 0.00027678918959, 0.0036220233468, 0.0041677988601, 0.0084108998315, 0.0017107518641, 0.0090862494817, 0.019206469792, 0.012667013015, 0.0013574540533, 0.0076177268083, 0.0073613145897, 0.016533316256, 0.029587219307, 0.001824540296, 0.012425796598, 0.012358828912, 0, 0.011291790485]
    ],
    [
      [1.9653121705, 1.58376123, 3.2359536348, 5.0830898316, 1.8966106662, 4.475319861, 2.0978212274, 1.9639573385, 1.2854856018, 0, 1.1283623259, 1.0054961746, 0, 0.82305481803, 0.43823522995, 1.1744294932, 1.8899182721, 2.9835537044, 2.0614366512, 1.2146053827, 1.013053404, 1.4846755523, 1.2648118748, 2.7432475899, 1.1261073801, 3.3648319675, 1.4973312714, 0.91892411994, 1.0060939293, 1.2738209173, 0, 1.5953308317, 0.58254738814, 0.56688150776, 1.872196274, 0.24492401417, 0, 0.82846875319, 1.1968563428, 0.27194850211, 0.83192328948, 0.19121272823, 1.699943741, 2.5895879729, 2.4628202569, 0.20921460501, 1.5402746677, 0.081528352226, 0.79003399158, 0.070165849479, 2.6804573304, 1.0606490911, 1.533593235, 4.778962188, 0, 10.1873622981, 0.7725697152],
      [8.1023280442, 4.1852782076, 6.2219844712, 16.6249399951, 5.5517108318, 8.4449516528, 6.8763795916, 14.1772182545, 5.1391774315, 9.3893211269, 0.86500395366, 4.5895191867, 0.074734683168, 2.7754431642, 1.6896785784, 3.864058749, 6.6939367185, 5.0627472564, 0.58674763108, 4.824187036, 0, 10.9783045722, 5.1812164886, 13.8854579809, 5.1953769135, 13.0103678801, 9.061637529, 11.9299373123, 4.259646071, 5.6742757547, 4.2132847188, 8.9022587009, 2.9135189102, 0.78567392745, 12.471867103, 3.7566305395, 10.7381977478, 3.822748421, 0.50164598045, 2.7738644211, 1.9826358367, 0, 7.5581360661, 13.4287444071, 9.742212003, 14.9720505408, 4.1224349024, 2.936898782, 5.5979404217, 2.3812218846, 10.9157398041, 6.5992694078, 2.2997635024, 11.87792382, 1.4348759035, 40.6193686343, 3.849817738],
      [11.1927209977, 15.466087879, 20.9630201166, 44.9287994869, 7.089009278, 28.8372828786, 17.8176838854, 29.3666401943, 8.334800988, 15.8212097351, 0, 7.646422993, 0, 2.0529122977, 3.5486648325, 15.7887571576, 10.5402550632, 19.6823109358, 11.2586917689, 11.1501936312, 2.6900774582, 28.7139401688, 10.8385560761, 30.5253417345, 9.4953145459, 31.1460603505, 19.5288681616, 19.7053940815, 7.3970897632, 8.4448925218, 10.3090659712, 11.3287855525, 2.9679078142, 2.1536102611, 14.6802302305, 8.6115305985, 12.75133028, 10.2641757131, 4.4434970159, 4.4211697226, 7.4655382593, 2.4507897352, 18.4997333693, 19.389764254, 22.3129312749, 23.9932023072, 12.1164134299, 3.7219817541, 10.2030459511, 4.266177878, 28.7186532903, 11.1952975348, 12.3431454323, 28.3752796207, 10.7773373657, 45.2767686422, 5.5623205942],
