{
  "Z_true": {},
  "V_true": [
    [11, 8, 216, 2127, 13],
    [1130, 530, 488, 438, 32],
    [1162, 4095, 879, 1223, 159],
    [301, 170, 6283, 16794, 202],
    [183, 309, 354, 520, 277]
  ],
  "p_true": [
    [0.0046, 0.0034, 0.0909, 0.8956, 0.0055],
    [0.4316, 0.2024, 0.1864, 0.1673, 0.0122],
    [0.1546, 0.5447, 0.1169, 0.1627, 0.0211],
    [0.0127, 0.0072, 0.2645, 0.7071, 0.0085],
    [0.1114, 0.1881, 0.2155, 0.3165, 0.1686]
  ],
  "Z_est": [
    [
      [0.0112, 0.0014, 0, 0.2124, 0.0677, 0.033, 0.0782, 0.0611, 0.1284, 0.0699, 0.1172, 0.0191, 0.0261, 0.065, 0.0019, 0.001, 0.0544, 0.0443, 0.194, 0.026, 0.1407, 0.0305, 0.0875, 0.0039, 0.1674, 0.1007, 0.1481, 0.0158, 0.122, 0.0536, 0.0911, 0.0591, 0.0799, 0.1129, 0.0681, 0.0073, 0.3074, 0.0758, 0.453, 0.2687],
      [0.0106, 0.0342, 0, 0.2406, 0.0616, 0.0582, 0.1761, 0.1093, 0.133, 0.0808, 0.1916, 0.0263, 0.1337, 0.1833, 0.0033, 0.0047, 0.0386, 0.099, 0.2871, 0.0267, 0.1993, 0.1043, 0.1348, 0.0399, 0.1799, 0.1101, 0.1839, 0.0478, 0.111, 0.093, 0.0996, 0.0777, 0.098, 0.1235, 0.0941, 0.0266, 0.4281, 0.12, 0.5182, 0.4409],
      [1.6341, 0.4457, 0, 9.2654, 7.3384, 2.9935, 9.5695, 5.5824, 9.7801, 6.2239, 2.3276, 2.0987, 6.4076, 0.3098, 0.2964, 0.1047, 5.2854, 2.23, 3.3465, 1.3124, 6.2076, 1.1805, 3.8144, 0.7698, 8.9044, 6.1735, 9.3694, 2.942, 7.0636, 5.0538, 7.2827, 6.3956, 6.5494, 9.5032, 8.9791, 2.3467, 26.1324, 4.8429, 21.561, 20.1873],
      [13.3426, 0.5168, 0, 72.2706, 56.5261, 30.9133, 85.1654, 51.2427, 96.9501, 60.6196, 11.3522, 13.855, 51.4232, 3.4398, 3.6983, 0.8896, 52.6112, 23.6218, 22.171, 15.6316, 59.4479, 9.6814, 34.9577, 3.9866, 88.7408, 60.612, 124.2907, 21.9899, 85.6998, 45.7921, 70.522, 64.4644, 71.2699, 107.2489, 124.8418, 3.6194, 219.1179, 26.9539, 162.437, 72.0795],
      [0.0015, 0.002, 0, 0.011, 0.0062, 0.0021, 0.0108, 0.0045, 0.0084, 0.0058, 0.0114, 0.0009, 0.0094, 0.0021, 0.0001, 0, 0.0104, 0.0049, 0.0015, 0.0033, 0.0044, 0.0034, 0.0055, 0.1998, 0.0074, 0.0036, 0.008, 0.0045, 0.0036, 0.0075, 0.0045, 0.0032, 0.0027, 0.0115, 0.0169, 0, 0.0142, 0.0073, 0.0308, 0.0236]
    ],
    [
      [22.5364, 1.7684, 0, 73.544, 48.2497, 16.8947, 36.3648, 20.3447, 44.6111, 39.3695, 27.4303, 34.3849, 19.1405, 14.0993, 4.0642, 0.53, 44.8766, 29.1882, 65.035, 14.5645, 123.0356, 18.1203, 61.9508, 0.4393, 79.3238, 53.0989, 62.2298, 13.4507, 18.394, 19.0374, 25.5654, 21.005, 14.8226, 38.1508, 40.5165, 8.0864, 119.0826, 33.7495, 228.5402, 100.5255],
      [5.2186, 0.6282, 0, 18.357, 16.3071, 8.1871, 16.797, 8.1078, 11.9426, 11.4439, 9.2682, 12.4743, 12.141, 6.3835, 1.5119, 0.2344, 11.7704, 10.0081, 11.8303, 5.0672, 31.3872, 7.0037, 16.6251, 0.2386, 19.9451, 12.3441, 18.156, 6.9646, 3.6552, 6.8379, 6.6676, 6.4272, 4.0424, 10.6714, 14.3153, 5.7511, 37.2722, 12.0908, 59.9147, 38.2123],
      [3.2162, 0.5114, 0, 7.6013, 10.2203, 3.1336, 9.2993, 4.2062, 8.0324, 8.3913, 1.5972, 7.1142, 6.5456, 1.8757, 0.6219, 0.1188, 9.3617, 4.3859, 5.5873, 1.5874, 14.7175, 3.3796, 8.3476, 0.1916, 9.6302, 7.5061, 9.5857, 4.3822, 1.9377, 3.8933, 4.8075, 5.4327, 2.6436, 7.8448, 14.7674, 2.7742, 23.2939, 5.251, 25.9132, 19.2107],
      [1.9998, 0.0797, 0, 5.4083, 7.0924, 2.7587, 7.439, 3.3032, 7.3423, 7.7234, 0.6267, 3.9911, 5.0636, 1.5731, 0.7985, 0.1167, 7.8759, 4.3534, 3.5254, 1.7444, 12.7506, 2.4506, 6.9751, 0.1237, 9.0087, 7.0051, 11.9355, 3.1242, 0.9975, 3.167, 3.9244, 5.1047, 1.4761, 8.2588, 18.2483, 0.3362, 18.2096, 2.8213, 18.2655, 6.8024],
      [0.0291, 0.0122, 0, 0.0894, 0.1306, 0.0259, 0.1, 0.038, 0.0716, 0.072, 0.0775, 0.0356, 0.1092, 0.0684, 0.0036, 0, 0.1155, 0.0644, 0.0219, 0.0365, 0.1091, 0.0458, 0.1014, 0.0067, 0.0923, 0.0459, 0.0929, 0.0783, 0.0157, 0.0644, 0.0351, 0.0304, 0.0153, 0.0743, 0.1524, 0.0521, 0.1417, 0.0874, 0.3663, 0.249]
    ],
    [
      [7.8698, 1.1305, 0.7887, 53.3345, 51.9653, 17.966, 34.6514, 17.3199, 38.7507, 31.5442, 14.2625, 16.3049, 10.9721, 3.5358, 2.6645, 0.3776, 24.9814, 23.2602, 58.1437, 12.3086, 81.9893, 10.0724, 42.5355, 0.5519, 39.668, 32.9348, 36.5594, 4.2107, 19.3997, 15.6563, 20.0398, 13.4512, 12.8063, 24.573, 13.6062, 10.1804, 69.9105, 17.8347, 137.8456, 38.6753],
      [23.9415, 5.9881, 2.9212, 164.8261, 217.8199, 109.4615, 204.259, 86.249, 128.336, 113.3722, 59.0295, 73.7247, 99.0487, 22.5142, 13.503, 3.2112, 81.7663, 99.1928, 134.4342, 53.9467, 258.8689, 49.8494, 141.9978, 5.6261, 123.4702, 94.3683, 131.8096, 29.5599, 48.4493, 70.3441, 65.1794, 51.3863, 44.0127, 85.1894, 59.6804, 99.7387, 269.3088, 79.4961, 444.6125, 181.1351],
      [7.0725, 1.862, 0.0537, 32.5449, 64.826, 20.0482, 53.8869, 21.5007, 41.0961, 39.4854, 4.5726, 20.2258, 25.0244, 2.8777, 2.5574, 0.7683, 31.0767, 20.5224, 29.9276, 7.9271, 57.5803, 11.4463, 33.8072, 1.9204, 28.3333, 27.2934, 32.923, 8.6215, 14.175, 19.1612, 22.5637, 20.5874, 14.1128, 29.7256, 29.259, 22.3897, 79.8167, 16.1425, 91.4817, 42.3005],
      [6.412, 0.4021, 0.0119, 28.9823, 55.6219, 23.8203, 54.9466, 22.6221, 46.7738, 44.3074, 2.0129, 15.2904, 23.0888, 3.7448, 3.7254, 0.643, 33.9077, 23.825, 21.7876, 11.0856, 60.6087, 10.479, 33.9179, 1.2983, 32.2411, 31.187, 49.725, 6.6839, 18.7122, 20.0292, 24.6671, 23.4838, 15.3037, 38.2053, 45.7371, 1.9743, 74.1269, 10.1142, 79.1027, 17.8612],
      [1.7042, 0.6173, 0.2245, 12.3121, 26.7669, 5.7041, 18.2561, 6.3082, 12.0434, 11.2908, 5.1224, 3.4543, 13.866, 1.3275, 0.5496, 0, 11.2679, 9.1996, 3.7069, 5.7321, 14.9527, 4.1529, 12.7417, 2.6034, 9.2874, 6.2165, 10.9831, 5.9239, 3.2638, 10.8092, 5.55, 4.0913, 2.7644, 9.3067, 9.7172, 22.7168, 17.8371, 9.4125, 40.9575, 19.028]
    ],
    [
      [0.1586, 0.0705, 0.1065, 1.0381, 0.6138, 0.154, 0.3119, 0.2771, 0.8957, 0.7691, 1.5291, 0.2179, 0.1304, 0.1694, 0.1315, 0.0196, 0.6812, 0.3256, 0.8404, 0.3776, 0.8211, 0.1613, 0.5229, 0.0048, 0.7675, 0.3732, 1.2167, 0.0892, 0.5752, 0.2458, 0.7437, 0.6142, 0.6621, 0.9676, 1.2133, 0.103, 2.1106, 0.8902, 2.4661, 3.2808],
      [0.5206, 0.0686, 0.1228, 9.0719, 6.4523, 3.53, 6.8259, 4.3109, 4.5996, 3.849, 5.2087, 2.2688, 3.9698, 0.5209, 0.6849, 0.0333, 1.7202, 2.2293, 3.3212, 2.0496, 6.7781, 1.131, 3.3784, 0.0955, 6.3665, 3.5044, 7.3719, 2.5596, 3.8067, 3.3101, 3.5856, 2.8963, 3.7984, 4.2496, 3.9739, 6.2923, 17.0531, 5.2917, 19.8116, 16.2913],
      [21.52, 7.79, 2.7541, 239.517, 263.543, 97.4948, 271.6609, 158.1672, 216.2475, 188.3363, 50.8937, 71.8124, 162.8683, 4.2715, 22.5707, 4.4984, 89.4102, 61.4774, 69.768, 45.9029, 176.7056, 29.8095, 103.475, 10.1183, 205.8769, 140.4427, 247.5174, 103.8644, 156.1225, 127.3875, 186.142, 156.3023, 178.78, 217.8628, 233.0147, 118.0369, 702.4393, 147.6159, 542.0168, 467.0597],
      [53.6534, 3.8972, 3.7643, 579.9605, 625.6216, 312.3401, 749.6485, 450.0837, 664.6079, 569.5571, 76.6707, 147.4896, 405.1398, 14.9658, 89.5337, 11.4487, 277.1516, 204.1365, 145.9074, 171.6567, 528.8962, 77.526, 296.5638, 16.5914, 637.3826, 428.1318, 1034.8605, 241.4301, 615.9348, 357.5734, 559.4758, 488.5958, 608.2234, 765.9521, 1023.0421, 49.9044, 1830.8063, 257.2049, 1267.1518, 541.1921],
      [0.1475, 0.1738, 0.2522, 2.4126, 2.7692, 0.4811, 2.5528, 1.1611, 1.6494, 1.4885, 1.6978, 0.2113, 1.8917, 0.0723, 0.0792, 0, 1.0369, 0.8311, 0.163, 1.0131, 0.7991, 0.3723, 1.0599, 0.1901, 1.6065, 0.5478, 2.0336, 1.0567, 0.5608, 1.4833, 1.0529, 0.5914, 0.536, 1.9678, 2.7559, 2.6634, 2.5907, 1.9973, 6.5537, 5.1761]
    ],
    [
      [0.4241, 0.0292, 0.1048, 2.8711, 2.1035, 0.9523, 1.5937, 0.9971, 1.6142, 2.2473, 0.6609, 1.0733, 0.7308, 0.1305, 0.1379, 0.0718, 0.4065, 1.1817, 2.7869, 0.7233, 3.0133, 0.6155, 1.9032, 0, 2.0732, 2.4924, 1.846, 0.2336, 1.5091, 1.007, 1.5601, 0.8705, 0.629, 1.1956, 0.5959, 0.623, 4.5889, 1.4497, 7.6951, 1.2497],
      [2.3088, 0.2809, 0.956, 16.5043, 16.3592, 10.7632, 16.9421, 9.2229, 9.9888, 15.2541, 5.3019, 9.5059, 10.7067, 1.3981, 1.2969, 0.5164, 2.7044, 9.4708, 12.1272, 5.9097, 17.7665, 5.9117, 11.8638, 0, 12.0384, 13.6731, 12.4786, 2.8681, 6.9777, 8.4149, 9.4678, 6.2124, 4.0484, 7.7661, 4.9361, 11.1912, 32.9378, 12.0014, 46.1431, 11.9203],
      [2.5572, 0.3909, 0.1922, 12.0714, 18.0723, 7.33, 16.5834, 8.5434, 11.8438, 19.5632, 1.6089, 9.749, 10.1542, 0.6653, 0.9536, 0.5098, 3.866, 7.3842, 10.3706, 3.2703, 14.7889, 5.1841, 10.5558, 0, 10.2553, 14.5842, 11.6046, 3.1898, 7.7013, 8.5042, 12.204, 9.2821, 4.9142, 10.0636, 8.9797, 9.4524, 36.3178, 9.1477, 35.0273, 9.2417],
      [3.5922, 0.1042, 0.2237, 16.3783, 24.1379, 13.1676, 25.8006, 13.7483, 20.326, 30.7926, 1.3375, 10.3739, 14.2847, 1.2764, 2.2441, 0.9021, 5.4536, 13.0633, 11.6086, 6.8817, 24.2966, 6.8631, 16.5856, 0, 17.6267, 23.0641, 26.1883, 3.7719, 16.6558, 13.4383, 20.4107, 16.3513, 7.7268, 19.3349, 20.1306, 2.1657, 52.7393, 8.9057, 46.0429, 4.0648],
      [1.1177, 0.1948, 0.5233, 8.1749, 13.3271, 3.7868, 10.0803, 4.4882, 6.2272, 10.1429, 3.0909, 3.298, 10.1237, 0.5296, 0.3675, 0, 2.5694, 5.9, 3.1067, 4.215, 7.1347, 3.4256, 7.0915, 0, 6.0064, 6.1862, 6.8825, 3.9366, 3.1561, 8.6356, 5.3574, 3.2837, 1.6816, 5.6397, 5.3576, 26.5677, 14.4162, 9.4954, 28.0917, 8.5234]
    ]
  ],
  "V_est": [
    [3.6057, 5.1294, 241.8113, 2123.9946, 0.459],
    [1636.1217, 496.2013, 268.9183, 213.8008, 2.9579],
    [1064.6334, 4031.6287, 1031.4977, 1018.4704, 371.7699],
    [26.6472, 182.9046, 6301.0943, 17183.674, 55.6798],
    [55.992, 396.1359, 376.6784, 562.0603, 252.1334]
  ],
  "p_est": [
    [0.0015, 0.0022, 0.1018, 0.8943, 0.0002],
    [0.625, 0.1895, 0.1027, 0.0817, 0.0011],
    [0.1416, 0.5363, 0.1372, 0.1355, 0.0495],
    [0.0011, 0.0077, 0.2653, 0.7235, 0.0023],
    [0.0341, 0.2411, 0.2293, 0.3421, 0.1535]
  ],
  "EI_Z": {},
  "EI_V": 3.8776,
  "MAE_Z": {},
  "MAE_V": 117.5798,
  "MAE_p": 0.029,
  "runtime": 0.132
}
