{
  "Z_true": {},
  "V_true": [
    [23, 51, 802, 182],
    [643, 1139, 180, 35],
    [644, 10511, 397, 557],
    [195, 297, 11705, 556],
    [25, 520, 160, 394],
    [146, 554, 460, 646]
  ],
  "p_true": [
    [0.0217, 0.0482, 0.758, 0.172],
    [0.322, 0.5704, 0.0901, 0.0175],
    [0.0532, 0.868, 0.0328, 0.046],
    [0.0153, 0.0233, 0.9178, 0.0436],
    [0.0227, 0.4732, 0.1456, 0.3585],
    [0.0808, 0.3068, 0.2547, 0.3577]
  ],
  "Z_est": [
    [
      [0.3583, 0.4551, 0.2711, 0.426, 0.7649, 1.2923, 0.3486, 0.3292, 0.0581, 0.0775, 0.1356, 0.1065, 0.1646, 0.5519, 0.6294, 0.1162, 0.7262, 0.0871, 0.8591, 0.1065, 0.4087, 0, 0.1162, 0.9005, 0.794, 0.2808, 0.6003, 0.2033, 0.3389, 0.4357, 1.1038, 0.3002, 0.3583, 0.5325, 0.0871, 0.029, 1.1135, 0.2421, 2.3142, 0.3486],
      [1.4845, 4.145, 4.4328, 5.9301, 11.4498, 2.7901, 2.7633, 4.4965, 0.307, 1.5352, 1.751, 2.3923, 1.6761, 10.8012, 16.2554, 0.307, 20.8656, 1.4808, 1.1243, 1.286, 2.2025, 0, 0.1535, 16.8155, 7.3239, 3.0112, 2.7633, 3.5082, 2.569, 3.3774, 17.2212, 2.3733, 6.38, 29.8276, 1.4152, 0.1535, 15.4893, 0.9211, 14.3054, 1.4384],
      [6.1278, 22.3007, 15.2227, 20.5447, 37.6016, 8.8699, 14.822, 15.1009, 1.6275, 8.3506, 6.0841, 5.4719, 6.1299, 32.4853, 64.814, 1.5694, 89.9967, 4.41, 3.9946, 4.5855, 9.3448, 0, 0.7266, 53.0232, 13.8013, 12.6492, 14.5702, 11.2334, 11.0407, 18.1061, 73.3371, 9.2824, 30.1258, 55.324, 4.4756, 0.8138, 53.1401, 4.8148, 57.1086, 4.191],
      [0.0294, 0.0992, 0.0735, 0.0992, 0.1837, 0.0478, 0.0661, 0.0735, 0.0073, 0.0367, 0.0294, 0.0294, 0.0294, 0.1616, 0.3012, 0.0073, 0.4114, 0.022, 0.022, 0.022, 0.0441, 0, 0.0037, 0.2608, 0.0808, 0.0588, 0.0661, 0.0551, 0.0514, 0.0808, 0.338, 0.0441, 0.1359, 0.3159, 0.022, 0.0037, 0.2571, 0.022, 0.2718, 0.022]
    ],
    [
      [32.1238, 32.059, 24.0197, 33.978, 51.8504, 12.1382, 24.2813, 23.6492, 2.8561, 7.6837, 7.1401, 7.0609, 12.5414, 44.8966, 48.1421, 8.4522, 53.0949, 6.4287, 0.714, 9.9281, 5.7121, 0.6745, 9.5274, 74.554, 67.4931, 18.8431, 48.269, 14.5225, 23.2484, 25.7045, 93.3773, 21.9841, 33.9158, 48.785, 6.0703, 1.428, 98.711, 16.5036, 150.6569, 29.6573],
      [23.7922, 13.9185, 19.1917, 20.1946, 20.4529, 4.636, 10.1313, 11.0872, 1.0908, 7.3543, 2.7271, 2.7271, 6.4668, 27.8377, 27.8353, 4.0289, 27.8161, 3.2204, 0.2727, 7.493, 2.1816, 0.304, 6.0902, 39.7114, 46.5143, 7.363, 29.5015, 7.1853, 9.6812, 9.8174, 61.0865, 10.4726, 26.5073, 32.2544, 2.8101, 0.5454, 62.0823, 6.8089, 57.5408, 16.5893],
      [0.4419, 1.4818, 3.2592, 1.1965, 1.8518, 0.0343, 1.1819, 0.858, 0.0081, 0.7818, 0.0202, 0.0994, 0.7665, 1.4208, 0.1552, 0.3725, 0.1652, 0.2382, 0.002, 0.3761, 0.0161, 0.0102, 0.2022, 10.3152, 0.6858, 0.4896, 1.3282, 0.0443, 0.6873, 0.0725, 3.7337, 1.1603, 0.8784, 10.8732, 0.0181, 0.004, 11.2465, 0.4171, 0.4252, 4.1788],
      [0.6421, 0.5408, 0.5295, 0.6309, 0.8449, 0.1915, 0.4056, 0.4056, 0.0451, 0.1803, 0.1127, 0.1127, 0.2253, 0.8449, 0.8675, 0.1465, 0.9238, 0.1127, 0.0113, 0.2028, 0.0901, 0.0113, 0.1803, 1.4195, 1.3068, 0.3042, 0.9013, 0.2478, 0.383, 0.4056, 1.8025, 0.383, 0.6985, 4.0874, 0.1014, 0.0225, 1.9602, 0.2704, 2.377, 0.5745]
    ],
    [
      [2.4874, 6.2329, 0.7825, 3.7741, 15.114, 7.7593, 2.8758, 4.6951, 2.8, 0.2236, 3.552, 0.3802, 1.5863, 5.5253, 7.6642, 2.1743, 11.967, 0.909, 1.8235, 0.3074, 5.4716, 0.1087, 1.5673, 7.9457, 10.0957, 0.8104, 3.3502, 3.1812, 6.1383, 12.8452, 9.6939, 5.4169, 1.3086, 1.537, 0.6959, 0.0838, 5.1691, 3.1406, 59.4389, 2.1903],
      [71.0491, 429.7999, 239.483, 412.0995, 700.2857, 154.166, 576.6762, 230.8069, 28.3641, 191.7902, 168.6194, 179.0718, 77.522, 169.6707, 665.7885, 131.2617, 656.7202, 106.6883, 36.5877, 59.5487, 61.8209, 1.4655, 44.5191, 356.3103, 113.325, 316.9718, 710.9254, 224.9473, 284.6836, 361.9472, 444.2106, 94.8964, 86.3363, 212.0332, 27.294, 74.5177, 815.9857, 121.8487, 1012.4654, 76.156],
      [2.0043, 25.9476, 4.804, 2.6702, 10.9245, 1.0287, 12.9885, 7.088, 0.7181, 5.4633, 4.9032, 1.2084, 15.3598, 3.5036, 53.5786, 0.6115, 21.8175, 0.572, 1.382, 1.2642, 5.8693, 0.0361, 7.1839, 21.9742, 0.7984, 5.2324, 4.2192, 7.2359, 5.5522, 8.1944, 9.1384, 7.2129, 4.3265, 4.3705, 2.0624, 0.3001, 18.2584, 1.274, 8.5401, 1.5351],
      [3.4592, 21.0195, 20.9306, 31.4562, 45.6759, 8.0459, 51.4595, 30.4099, 1.1178, 17.5229, 15.9255, 13.3395, 5.5318, 15.3004, 28.9687, 9.9525, 51.4953, 13.8307, 5.2069, 8.8797, 5.8382, 0.3897, 4.7297, 10.7698, 7.781, 26.9853, 72.5052, 25.6356, 6.6259, 29.0132, 42.9571, 3.4738, 5.0287, 24.0593, 2.9476, 6.0983, 59.5868, 9.7367, 107.5556, 5.1186]
    ],
    [
      [0.4722, 1.2086, 0.0292, 1.0249, 1.7743, 0.5446, 1.0105, 0.7177, 0.1011, 0.0083, 0.2869, 0.2103, 0.2686, 2.8342, 0.0677, 0.3491, 0.0781, 0.2205, 0.151, 0.0115, 1.318, 0.2165, 0.1502, 3.1444, 2.1099, 0.6, 1.1967, 0.0219, 0.575, 1.1269, 0.1188, 2.5537, 0.0386, 0.0573, 0.9715, 0.379, 0.1198, 3.4758, 9.0538, 3.234],
      [1.7276, 3.2557, 7.2074, 8.6437, 11.2023, 2.2872, 4.9094, 2.8146, 1.1198, 3.6301, 0.7645, 0.5584, 1.9561, 3.0582, 15.99, 4.2518, 20.6578, 3.2522, 1.3984, 5.1392, 1.0065, 0.5888, 0.3866, 12.7588, 1.6394, 2.9956, 29.8122, 3.3679, 2.8142, 8.6522, 18.2969, 1.484, 2.7161, 9.2578, 0.4516, 4.774, 35.4301, 5.9025, 29.0344, 13.9326],
      [91.6251, 371.1004, 276.2845, 307.3274, 534.8658, 104.1433, 308.6083, 217.1627, 29.5369, 168.7596, 86.8988, 63.3546, 78.9479, 353.5138, 1258.8701, 104.1954, 1342.0125, 61.5028, 42.8889, 98.7555, 142.1058, 13.6182, 44.0389, 746.4295, 123.1344, 197.9871, 334.7851, 256.6075, 171.278, 340.0158, 961.5797, 132.8529, 197.0593, 536.0991, 62.4456, 49.3005, 987.0497, 106.5579, 879.718, 126.713],
      [0.175, 3.4353, 2.4789, 3.004, 5.1577, 1.0249, 3.4718, 2.305, 0.2422, 1.602, 1.0497, 0.8767, 0.8274, 4.5937, 1.0722, 1.2038, 7.2516, 4.0245, 3.5617, 7.0938, 1.5697, 1.5765, 0.4243, 0.6674, 1.1163, 2.4173, 4.206, 6.0027, 1.3329, 3.205, 16.0046, 0.1094, 0.186, 5.5858, 0.1313, 0.5466, 2.4004, 1.0638, 9.1938, 0.1203]
    ],
    [
      [0.011, 0.0139, 0.0083, 0.013, 0.0234, 0.0071, 0.0107, 0.0101, 0.0018, 0.0024, 0.0041, 0.0033, 0.005, 0.0169, 0.0193, 0.0036, 0.0222, 0.0027, 0.0012, 0.0033, 0.0041, 0.0003, 0.0036, 0.0276, 0.0243, 0.0086, 0.0184, 0.0062, 0.0104, 0.0133, 0.0338, 0.0092, 0.011, 0.0163, 0.0027, 0.0009, 0.0341, 0.0074, 0.0708, 0.0107],
      [7.7405, 35.4716, 21.8678, 32.292, 46.5393, 3.9532, 53.496, 21.7045, 0.9208, 25.7587, 5.8816, 4.1868, 7.4474, 21.8148, 56.0189, 5.8594, 56.6129, 7.9214, 4.4713, 2.7403, 9.5181, 0.6417, 3.3953, 37.0222, 15.8357, 14.4053, 57.056, 20.4856, 22.9476, 46.7069, 56.8905, 4.609, 10.0414, 42.8042, 1.8365, 12.573, 84.3867, 7.6631, 60.987, 3.6809],
      [1.0477, 4.5925, 3.54, 3.858, 6.1979, 0.9097, 5.14, 2.6986, 0.0538, 2.6046, 0.929, 0.6667, 1.3376, 3.5864, 7.5293, 0.9732, 7.8713, 0.8599, 0.5935, 0.1615, 2.2144, 0.3354, 0.508, 6.9655, 1.7475, 2.141, 5.4547, 3.9335, 2.4652, 7.0757, 9.536, 0.2691, 1.6843, 6.082, 0.1076, 2.1022, 18.2747, 1.1195, 9.1935, 0.2153],
      [0.2008, 0.9221, 0.584, 0.837, 1.2394, 0.13, 1.3533, 0.5868, 0.0236, 0.6343, 0.1852, 0.1432, 0.21, 0.5819, 1.4325, 0.1639, 1.4936, 0.216, 0.934, 0.095, 0.2634, 0.0225, 0.0932, 0.9848, 0.3925, 0.4451, 1.4709, 0.5746, 0.5769, 1.2041, 1.5397, 0.1127, 0.2634, 1.0975, 0.0532, 0.3239, 2.3046, 0.21, 1.7487, 0.0932]
    ],
    [
      [1.5474, 7.0305, 2.8892, 4.7839, 9.473, 2.2584, 7.4732, 4.5987, 0.183, 0.0045, 2.8813, 3.2388, 2.434, 3.175, 8.4774, 0.9047, 9.1116, 1.352, 0.4512, 0.6433, 1.0854, 0, 0.6353, 6.428, 1.4831, 8.457, 8.5655, 3.0649, 4.6891, 4.8743, 9.6724, 0.7359, 1.3678, 4.0718, 1.1724, 1.0792, 9.8526, 1.6304, 17.4654, 0.5591],
      [3.206, 10.4094, 2.8174, 4.84, 14.07, 4.1676, 8.0238, 5.0903, 0.1974, 0.9316, 4.2564, 6.0637, 1.9315, 3.8174, 12.1117, 0.2912, 12.3274, 0.4369, 0.1456, 2.7929, 1.2704, 0, 0.4554, 13.3818, 1.3616, 17.2531, 5.9416, 1.5056, 11.3044, 5.4988, 10.2944, 1.1647, 2.0189, 3.8229, 1.1925, 1.4363, 13.6259, 1.8557, 20.667, 0.2028],
      [0.7532, 6.577, 0.8897, 2.4032, 4.5585, 1.0141, 3.2593, 2.0918, 0.0556, 3.0402, 1.1648, 1.199, 4.4583, 1.4901, 8.0529, 0.278, 3.1368, 0.4171, 0.139, 0.8572, 0.4496, 0, 0.3404, 4.2925, 0.8326, 3.5007, 3.6425, 0.9454, 1.9766, 2.5355, 6.6751, 0.2224, 0.9257, 1.2512, 1.8906, 0.4794, 3.0307, 0.8167, 8.0146, 0.1668],
      [11.4934, 53.9832, 25.4036, 40.9728, 76.8984, 17.5599, 64.2437, 39.2192, 1.564, 19.0237, 23.6975, 25.4986, 18.1761, 26.5174, 65.358, 8.526, 76.4243, 12.7941, 4.2641, 16.7066, 9.1946, 0, 5.5689, 46.8977, 12.3227, 64.7893, 76.8505, 28.4841, 34.0299, 41.0914, 80.3581, 5.877, 10.6876, 35.8541, 8.7444, 9.005, 82.4908, 13.6971, 146.853, 5.0712]
    ]
  ],
  "V_est": [
    [18.3718, 228.5236, 807.218, 3.8865],
    [1232.6764, 677.3222, 61.498, 25.5034],
    [222.8233, 10728.6597, 301.1524, 856.3647],
    [41.8312, 289.1265, 12309.7303, 112.312],
    [0.4966, 936.1859, 136.5763, 25.7413],
    [159.8008, 212.1821, 87.825, 1346.1921]
  ],
  "p_est": [
    [0.0174, 0.216, 0.763, 0.0037],
    [0.6173, 0.3392, 0.0308, 0.0128],
    [0.0184, 0.886, 0.0249, 0.0707],
    [0.0033, 0.0227, 0.9652, 0.0088],
    [0.0005, 0.8519, 0.1243, 0.0234],
    [0.0885, 0.1175, 0.0486, 0.7454]
  ],
  "EI_Z": {},
  "EI_V": 9.8123,
  "MAE_Z": {},
  "MAE_V": 252.0293,
  "MAE_p": 0.111,
  "runtime": 1.1498
}
