{
  "Z_true": {},
  "V_true": [
    [629, 25, 777, 131, 53],
    [981, 431, 7598, 895, 451],
    [184, 1030, 163, 17474, 820],
    [42, 1657, 276, 952, 85],
    [16, 189, 92, 482, 380],
    [66, 164, 209, 717, 427]
  ],
  "p_true": [
    [0.3895, 0.0155, 0.4811, 0.0811, 0.0328],
    [0.0947, 0.0416, 0.7337, 0.0864, 0.0435],
    [0.0094, 0.0524, 0.0083, 0.8883, 0.0417],
    [0.0139, 0.5501, 0.0916, 0.3161, 0.0282],
    [0.0138, 0.1631, 0.0794, 0.4159, 0.3279],
    [0.0417, 0.1036, 0.132, 0.4529, 0.2697]
  ],
  "Z_est": [
    [
      [10.7166, 3.2261, 30.7786, 7.4394, 24.5933, 10.4654, 0, 28.6687, 5.6443, 26.9093, 25.8469, 56.5905, 18.4066, 47.8301, 23.7148, 7.8322, 10.7123, 27.0986, 29.5902, 16.3877, 31.846, 21.2041, 10.7599, 62.2544, 2.5355, 9.6801, 7.7306, 65.9554, 24.585, 37.9068, 17.854, 37.4849, 3.5736, 102.3105, 8.2224, 103.3519, 17.7512],
      [0, 0, 0, 0, 0, 0, 0, 0, 0, 0.0426, 0.0372, 0, 0.0079, 0.0972, 0.0136, 0, 0.0084, 0.065, 0.0463, 0.0083, 0.0053, 0.0099, 0.0035, 0.0373, 0.0064, 0, 0.0004, 0, 0.0251, 0, 0.0061, 0.0341, 0.0028, 0.082, 0.0004, 0, 0],
      [2.1553, 0.2443, 8.9424, 0.9136, 6.6936, 3.3653, 0, 7.9318, 1.0367, 5.9375, 8.1562, 11.7756, 6.5237, 14.9671, 9.1468, 1.513, 1.4142, 13.5845, 8.7691, 4.7895, 9.2692, 6.0121, 2.055, 12.9057, 0.4117, 2.3716, 1.3682, 19.4686, 10.2261, 7.5198, 4.7145, 7.3217, 1.4153, 30.5833, 1.9243, 13.673, 4.015],
      [2.7531, 0.4825, 12.2658, 1.2947, 7.8512, 3.4839, 0, 6.7878, 1.7303, 6.1744, 8.7072, 12.8039, 6.3353, 14.1468, 9.0261, 1.996, 2.4016, 10.6175, 8.9748, 5.4038, 10.0849, 5.6582, 3.2062, 13.7288, 0.6891, 2.7693, 1.9354, 19.8183, 10.737, 9.956, 4.5535, 8.1328, 1.4278, 31.3433, 2.1197, 16.1069, 4.8213],
      [1.3749, 0.0471, 4.0132, 0.3522, 2.862, 1.6854, 0, 2.6117, 0.5887, 2.9362, 3.2525, 5.83, 2.7265, 5.9588, 3.0987, 0.6589, 1.4635, 4.6344, 4.6195, 2.4107, 3.7947, 2.1156, 0.9755, 6.0738, 0.3572, 1.1791, 0.9654, 7.7577, 5.4268, 4.6175, 1.872, 4.0265, 0.5805, 12.681, 0.7332, 7.8681, 1.4125]
    ],
    [
      [2.8271, 1.7932, 7.3758, 4.6462, 9.4386, 1.1648, 0.3781, 7.0134, 0.9175, 14.491, 7.8054, 11.88, 9.9786, 17.6938, 9.9262, 6.1504, 3.8068, 0.9369, 12.8859, 10.4727, 8.2159, 14.5155, 3.799, 32.4216, 0.403, 2.6418, 1.8756, 14.2738, 4.6566, 12.0671, 5.2783, 22.9867, 4.8522, 32.3867, 4.1147, 51.598, 5.0924],
      [3.4854, 1.141, 23.2496, 6.0182, 25.3549, 2.2173, 0.1428, 6.8185, 1.01, 52.0483, 36.9461, 21.2207, 36.7854, 79.3082, 44.5079, 13.7896, 9.8226, 10.719, 56.9604, 37.906, 26.0835, 42.8458, 13.1181, 80.2471, 2.1672, 4.3159, 4.9256, 37.1212, 26.4182, 29.7986, 14.1949, 61.3765, 24.8227, 116.1816, 10.3771, 53.6976, 12.8733],
      [44.4977, 9.2432, 174.3427, 43.4768, 202.3213, 31.8184, 5.8418, 121.9689, 13.2627, 243.9588, 202.772, 169.7245, 290.3346, 454.0492, 332.2617, 91.8164, 38.9239, 89.1375, 309.6265, 243.4378, 192.0126, 321.5278, 58.0802, 485.1081, 6.331, 51.6921, 26.8261, 332.5516, 180.6454, 180.4024, 107.3588, 326.9766, 161.6038, 776.1089, 75.9466, 410.2044, 89.676],
      [11.2641, 3.4884, 48.7802, 12.3996, 47.8157, 6.4833, 0.7807, 18.887, 4.3013, 45.8476, 41.5422, 35.5036, 52.4878, 74.8795, 62.0243, 25.9692, 13.0312, 12.7911, 57.591, 54.2445, 41.2849, 53.914, 18.3326, 96.864, 1.988, 11.9963, 7.4312, 66.3753, 36.7721, 48.3961, 19.2751, 68.1601, 29.908, 151.8071, 16.5341, 90.9378, 21.868],
      [5.9257, 0.3343, 16.2517, 3.4593, 18.0695, 3.3163, 0.8567, 8.3123, 1.5085, 25.6544, 16.9343, 17.6711, 25.4136, 38.0693, 23.2799, 8.2744, 8.4155, 6.4155, 34.9362, 25.939, 16.4032, 23.1969, 5.6702, 48.3591, 1.1108, 5.3539, 3.9414, 27.6781, 20.5077, 23.3358, 8.8929, 38.5001, 13.8134, 67.5157, 6.0275, 49.5621, 6.4904]
    ],
    [
      [5.0452, 1.5505, 7.8788, 7.6866, 12.8943, 1.407, 0.1135, 3.8054, 0.9234, 19.3135, 8.3029, 16.3142, 8.8586, 15.4555, 7.0242, 5.0154, 5.172, 0, 11.682, 11.2054, 9.46, 11.9502, 5.165, 32.4053, 0.4534, 4.4133, 3.3688, 14.5694, 2.5221, 12.9904, 5.653, 21.6248, 3.2897, 30.6848, 4.6835, 60.845, 4.873],
      [1.4582, 0.1318, 13.017, 2.3624, 14.6886, 0.6358, 0.0045, 0.8196, 0, 43.5049, 29.4275, 9.3013, 17.827, 47.7566, 19.5138, 4.1379, 6.441, 6.929, 34.3591, 22.4006, 16.1644, 18.0237, 9.5782, 38.0494, 2.7644, 2.2732, 3.8684, 15.6787, 16.234, 13.142, 7.3292, 29.5703, 9.8084, 64.9522, 5.1448, 16.3176, 5.2075],
      [8.8735, 0, 31.3885, 5.3184, 44.7138, 8.8876, 0.3231, 12.8152, 1.168, 56.6775, 47.1747, 29.7132, 56.0688, 87.3353, 55.4123, 8.2111, 3.4435, 26.7066, 57.0458, 45.6333, 42.7279, 53.5434, 8.1463, 76.0756, 1.1557, 12.686, 5.4369, 66.4344, 37.0225, 22.0479, 21.6379, 46.2864, 21.9863, 149.251, 13.8677, 46.0734, 11.9386],
      [201.375, 30.3177, 876.5348, 178.0973, 783.5356, 115.6484, 3.3908, 119.8569, 75.7211, 690.9027, 623.8404, 426.3614, 594.9189, 882.1154, 613.4361, 214.8739, 170.2575, 199.0481, 675.6237, 700.698, 602.3862, 529.6506, 311.0093, 1001.6439, 43.1456, 226.0041, 142.7493, 797.6609, 475.4515, 522.5684, 231.5326, 673.8919, 254.4096, 1798.8367, 204.1139, 862.9843, 221.4714],
      [6.2482, 0, 14.1809, 2.5353, 16.1677, 3.4212, 0.1682, 2.7029, 1.1875, 22.6013, 14.2544, 12.3098, 16.3268, 24.3373, 12.6136, 3.7616, 6.6859, 5.3163, 24.2894, 20.0628, 13.2616, 11.8321, 4.1012, 28.8259, 1.481, 5.6233, 4.5766, 18.6567, 16.7699, 15.2513, 5.8472, 22.6266, 6.506, 45.2754, 4.1902, 26.7797, 3.5094]
    ],
    [
      [0.1973, 0.0241, 0.6433, 0.3145, 0.8898, 0.162, 0.0361, 0.7018, 0.0946, 1.2105, 0.6876, 0.8675, 0.9365, 1.7344, 0.9303, 0.5811, 0.6674, 0.133, 0.9614, 0.9084, 0.6479, 1.3389, 0.2978, 1.6752, 0.034, 0.1914, 0.097, 1.7432, 0.3385, 1.2729, 0.3899, 1.4981, 0.3559, 3.2891, 0.3752, 2.9857, 0.3313],
      [5.172, 0.5349, 41.2267, 8.6715, 48.6409, 6.6664, 0.8078, 19.5798, 2.8516, 82.369, 64.2639, 32.7392, 68.8276, 148.7426, 82.7908, 27.1481, 32.1103, 15.7574, 81.2741, 65.5398, 41.1278, 78.3331, 20.8764, 83.3879, 4.2513, 6.5236, 5.2698, 93.7797, 36.5575, 63.0459, 21.1457, 77.9776, 35.3175, 233.4827, 19.3605, 70.6351, 17.2503],
      [2.1005, 0.1192, 10.1725, 1.9919, 12.8026, 2.9369, 0.3648, 8.8825, 1.001, 13.6888, 12.2147, 8.5751, 18.3535, 30.7793, 21.0039, 5.7416, 4.0107, 4.6855, 15.6175, 14.2162, 10.1281, 20.0922, 3.041, 17.254, 0.3724, 2.5064, 0.9255, 27.5022, 8.5077, 12.515, 5.3567, 14.4036, 7.9309, 53.6663, 4.6446, 17.3454, 3.9212],
      [3.7746, 0.2917, 19.9321, 4.0093, 21.4525, 4.2984, 0.4335, 10.9575, 2.3085, 19.8474, 18.4435, 13.2451, 24.9001, 39.8737, 29.0313, 11.179, 10.3994, 5.3031, 22.3555, 22.8892, 15.6462, 26.1174, 6.8685, 26.0127, 0.9066, 4.1403, 1.8502, 39.6216, 12.6604, 23.9279, 7.3198, 22.669, 11.1602, 77.4669, 7.2904, 28.9882, 6.6797],
      [1.7557, 0.0301, 6.0255, 1.0128, 7.2143, 1.9363, 0.3578, 3.8784, 0.7442, 8.8843, 6.3903, 5.5731, 9.9823, 15.8701, 9.2437, 3.3502, 5.8123, 2.121, 10.7916, 9.4465, 5.45, 9.1184, 1.9163, 10.6702, 0.4356, 1.6383, 0.8575, 14.3533, 5.9359, 10.2384, 2.7879, 10.4517, 4.2356, 29.095, 2.3293, 13.0454, 1.8175]
    ],
    [
      [0.0218, 0.0127, 0.0493, 0.0102, 0.0448, 0.0064, 0, 0.0137, 0.0016, 0.0804, 0.0407, 0.0269, 0.0618, 0.0642, 0.0302, 0.0274, 0.0089, 0.0029, 0.0622, 0.067, 0.0602, 0.0983, 0.0545, 0.2424, 0.0025, 0.0241, 0.0136, 0.0862, 0.0145, 0.0532, 0.0536, 0.1099, 0.019, 0.2104, 0.0097, 0.2304, 0.0205],
      [0.3566, 0.1233, 2.4667, 0.1895, 1.7053, 0.1992, 0, 0.2613, 0.0314, 3.7154, 2.7431, 0.6762, 3.3788, 3.7806, 1.8343, 0.8636, 0.3034, 0.9932, 3.8508, 3.504, 2.8318, 3.9421, 2.8992, 7.3332, 0.2645, 0.5569, 0.4793, 3.2605, 3.2828, 1.7605, 1.8885, 3.6957, 1.335, 10.903, 0.342, 2.9131, 0.7221],
      [0.8624, 0.1864, 3.5636, 0.2608, 2.6249, 0.5279, 0, 0.6826, 0.0688, 3.5603, 3.0235, 1.035, 5.2168, 4.4602, 2.6784, 1.0923, 0.2379, 1.7207, 4.2634, 4.424, 4.0669, 5.8184, 2.4624, 8.7952, 0.1458, 1.2721, 0.5033, 5.556, 4.4426, 2.0674, 2.8038, 3.9612, 1.7364, 14.462, 0.4827, 4.1931, 0.9695],
      [3.8578, 1.16, 17.1218, 1.2769, 10.782, 1.9072, 0, 2.1512, 0.384, 13.0327, 11.3397, 3.9564, 17.6857, 14.9019, 9.2855, 5.0633, 1.3978, 4.8839, 15.3205, 17.5596, 15.5081, 19.1165, 13.7667, 32.9024, 0.8685, 5.2159, 2.4978, 19.8344, 16.3475, 9.5168, 9.513, 15.4916, 6.1266, 52.009, 1.864, 17.3298, 4.0376],
      [6.9013, 0.5177, 19.7987, 1.2626, 13.8431, 3.3592, 0, 2.8912, 0.5142, 21.6113, 14.853, 6.3055, 26.657, 21.7931, 11.1716, 5.9534, 3.052, 7.3994, 27.5031, 27.4453, 20.533, 25.0246, 14.8171, 50.7268, 1.7188, 7.9309, 4.506, 27.2629, 28.9126, 15.6021, 13.7412, 26.7415, 8.783, 73.4156, 2.3016, 29.3336, 4.2503]
    ],
    [
      [2.1919, 0.3934, 5.2743, 2.9031, 5.1392, 0.7944, 0.4723, 1.7969, 0.4186, 4.9954, 4.3164, 5.3209, 4.7578, 8.222, 4.3744, 2.3934, 2.6326, 1.8286, 5.8182, 3.9589, 4.7701, 6.893, 3.9239, 12.0012, 0.5716, 1.0494, 0.9145, 6.372, 3.8833, 6.7097, 2.7712, 8.2956, 1.9097, 19.1186, 1.5945, 16.9889, 1.9316],
      [0.5279, 0.069, 3.04, 0.7585, 2.6103, 0.2813, 0.0449, 0.5209, 0.1069, 3.3198, 3.5822, 2.0626, 3.1733, 6.3148, 3.3395, 1.0609, 1.3143, 1.5365, 4.5093, 2.6413, 2.7872, 3.8454, 2.5246, 5.9451, 0.5462, 0.3303, 0.4566, 3.1599, 3.4825, 3.253, 1.4357, 4.3458, 1.7136, 12.3985, 0.7751, 4.4366, 0.9468],
      [2.5107, 0.207, 8.5904, 2.0385, 7.8439, 1.464, 0.4704, 2.719, 0.4628, 6.1772, 7.659, 6.1765, 9.5027, 14.4089, 9.4969, 2.6257, 1.9697, 5.1652, 9.6778, 6.4992, 7.7954, 11.006, 4.2151, 13.8613, 0.5834, 1.4718, 0.9399, 10.4871, 9.1556, 7.4475, 4.1283, 9.0505, 4.3274, 31.9285, 2.1342, 12.5106, 2.4797],
      [10.9753, 1.2597, 40.3653, 9.9221, 31.563, 5.1787, 1.3951, 8.3596, 2.5548, 22.1952, 28.1269, 23.1295, 31.6722, 47.0827, 32.1968, 11.9186, 11.5125, 14.3562, 34.1345, 25.2049, 29.0898, 35.5432, 22.8167, 50.8481, 3.4022, 5.874, 4.536, 36.6896, 33.0316, 33.6349, 13.806, 34.6546, 14.9678, 112.537, 8.0779, 50.6529, 10.122],
      [2.7942, 0.0709, 6.73, 1.3778, 5.8435, 1.2816, 0.6174, 1.6036, 0.4569, 5.3125, 5.3155, 5.3105, 6.8939, 9.9715, 5.5924, 2.0015, 3.5709, 3.1135, 8.8601, 5.6957, 5.5576, 6.7124, 3.5197, 11.3442, 0.8966, 1.2745, 1.153, 7.2913, 8.4471, 7.9549, 2.8588, 8.6536, 3.0816, 23.0173, 1.4182, 12.411, 1.5199]
    ]
  ],
  "V_est": [
    [977.4579, 0.5399, 253.1152, 270.3249, 113.5621],
    [362.7611, 1030.0165, 6895.8686, 1411.9572, 655.3966],
    [378.5999, 548.8229, 1223.2282, 17076.0641, 444.2849],
    [29.5433, 1744.0367, 399.3718, 604.2515, 234.7966],
    [1.9362, 79.387, 104.2285, 395.0141, 578.4342],
    [167.7015, 93.197, 239.1876, 893.3883, 189.5256]
  ],
  "p_est": [
    [0.6052, 0.0003, 0.1567, 0.1674, 0.0703],
    [0.035, 0.0995, 0.6659, 0.1363, 0.0633],
    [0.0192, 0.0279, 0.0622, 0.8681, 0.0226],
    [0.0098, 0.579, 0.1326, 0.2006, 0.078],
    [0.0017, 0.0685, 0.0899, 0.3408, 0.4991],
    [0.1059, 0.0589, 0.1511, 0.5644, 0.1197]
  ],
  "EI_Z": {},
  "EI_V": 10.7035,
  "MAE_Z": {},
  "MAE_V": 266.8459,
  "MAE_p": 0.0685,
  "runtime": 0.005
}
