{
  "Z_true": {},
  "V_true": [
    [939, 19, 48, 631, 21],
    [39, 1964, 1492, 519, 31],
    [92, 589, 4333, 266, 108],
    [806, 621, 469, 21162, 445],
    [263, 340, 724, 706, 172],
    [60, 195, 214, 499, 307]
  ],
  "p_true": [
    [0.5663, 0.0115, 0.029, 0.3806, 0.0127],
    [0.0096, 0.4855, 0.3689, 0.1283, 0.0077],
    [0.0171, 0.1093, 0.8042, 0.0494, 0.02],
    [0.0343, 0.0264, 0.02, 0.9004, 0.0189],
    [0.1193, 0.1542, 0.3283, 0.3202, 0.078],
    [0.0471, 0.1529, 0.1678, 0.3914, 0.2408]
  ],
  "Z_est": [
    [
      [49.6272, 12.8631, 0.9778, 35.3638, 31.2244, 19.6271, 16.5121, 20.9836, 96.708, 29.8693, 0, 0.5316, 2.4103, 9.5764, 29.5877, 37.8533, 51.7814, 13.505, 42.4246, 50.5661, 6.6983, 9.1114, 15.9593, 0, 0, 8.7334, 37.9472, 63.8917, 21.138, 26.9993, 26.4081, 252.98, 33.3044, 53.9815, 14.8604],
      [0.043, 0.018, 0.0609, 0.0247, 0.0383, 0.0293, 0.0161, 0.0275, 0.0763, 0.0027, 0, 0, 0.002, 0.0191, 0.0377, 0.0289, 0.0532, 0.0254, 0.0377, 0.0544, 0.0018, 0.0128, 0.0201, 0.0005, 0, 0.0186, 0.0336, 0.0475, 0.0385, 0.0221, 0.0278, 0.2042, 0.0411, 0.0942, 0.0271],
      [0.2004, 0.0786, 0.0235, 0.1077, 0.1289, 0.1233, 0.088, 0.1336, 0.3519, 0.1223, 0, 0.002, 0.0045, 0.078, 0.1576, 0.1196, 0.1384, 0.0922, 0.1724, 0.2813, 0.0151, 0.046, 0.1098, 0.3399, 0, 0.0818, 0.1599, 0.2749, 0.1398, 0.061, 0.1439, 1.1723, 0.1613, 0.3321, 0.1217],
      [10.9434, 6.5629, 0.8862, 18.6201, 16.3354, 7.6857, 4.9164, 7.2865, 27.3342, 10.079, 0, 0.4506, 0.5641, 6.052, 11.9064, 10.4883, 22.0989, 8.6859, 19.0175, 29.18, 1.1191, 5.5196, 5.6182, 0.5392, 0, 3.8535, 12.5989, 24.092, 11.5044, 6.2204, 19.1276, 117.9235, 16.4251, 32.6487, 13.28],
      [1.1859, 0.4774, 0.0516, 0.8837, 1.273, 0.5346, 0.4673, 0.5688, 2.5296, 0.9267, 0, 0.0158, 0.0191, 0.2745, 1.3106, 2.5099, 0.9281, 0.6915, 1.3478, 1.9182, 0.1656, 0.3103, 0.2925, 0.1204, 0, 0.3126, 1.2604, 2.6939, 1.1793, 0.6972, 1.2926, 6.72, 1.0681, 2.9436, 0.7108]
    ],
    [
      [0, 0.0035, 0, 0.0244, 0.0089, 0.0149, 0.0465, 0.061, 0, 0.0062, 0.0349, 0.237, 0.0031, 0, 0.0106, 0, 0, 0, 0.0123, 0.0024, 0, 0.002, 0, 0, 0, 0, 0.0055, 0, 0, 0, 0, 0.0349, 0.0179, 0, 0],
      [139.5103, 59.3553, 4.2406, 95.3522, 65.6622, 163.5035, 105.2327, 94.2176, 71.0972, 31.3706, 5.7883, 0, 7.1241, 46.7925, 80.9684, 46.9448, 76.4857, 32.6519, 68.9851, 81.3757, 5.4712, 15.2131, 87.1933, 1.0684, 1.9783, 44.8215, 51.5168, 59.5427, 70.706, 21.1833, 57.4494, 463.1861, 98.6764, 247.6835, 154.6639],
      [80.1128, 26.9487, 0.6968, 44.3416, 25.034, 64.2103, 71.6172, 49.5981, 35.7206, 25.9537, 2.079, 1.6007, 1.7288, 19.0485, 34.0718, 20.1654, 27.6044, 11.5162, 33.2687, 43.2233, 3.2793, 6.248, 60.2392, 0.8693, 0, 17.42, 26.8842, 33.1619, 24.7267, 8.13, 29.6217, 263.5564, 41.171, 90.4476, 73.0227],
      [3.306, 1.6812, 0.0488, 5.28, 2.2892, 3.2713, 3.0366, 2.1233, 2.176, 1.6628, 0.0824, 0.153, 0.1419, 1.159, 1.9492, 1.8897, 2.9098, 0.8211, 2.728, 3.3935, 0.2496, 0.5311, 2.5676, 0.0623, 0.0217, 0.7475, 1.5911, 2.2953, 1.5657, 0.6867, 2.9214, 20.2225, 3.1259, 6.8689, 6.2939],
      [0.071, 0.0114, 0.0138, 0.0018, 0.0058, 0, 0.0671, 0, 0.0062, 0.0067, 0.0154, 0.0093, 0.0021, 0, 0, 0, 0, 0.0108, 0.0059, 0.0052, 0, 0.0058, 0, 0, 0, 0.011, 0.0024, 0, 0.0017, 0, 0.0075, 0, 0.0087, 0, 0.0195]
    ],
    [
      [14.7441, 4.6353, 0, 9.6339, 5.1852, 9.6296, 7.5144, 5.6726, 21.6566, 9.1149, 0.5522, 0.1126, 1.0663, 3.3971, 8.5855, 10.2997, 7.3157, 1.9462, 10.7728, 13.8072, 4.0526, 1.3695, 4.7918, 0, 0, 2.3173, 10.6601, 16.3634, 4.1798, 5.0511, 5.5876, 59.0636, 7.7874, 15.1643, 3.918],
      [14.6067, 7.7674, 1.2662, 8.6472, 7.266, 18.8703, 7.9149, 9.0934, 18.8479, 5.3214, 0.7321, 0, 1.1855, 8.4154, 13.3651, 6.0341, 7.7587, 4.6841, 11.3443, 17.8077, 1.4886, 2.1813, 6.4265, 0.2424, 0, 7.1516, 10.6893, 14.903, 9.7013, 3.4568, 7.4941, 58.66, 11.2517, 31.6343, 8.627],
      [187.1861, 79.499, 6.9333, 90.2368, 62.3483, 167.5927, 119.7797, 107.941, 211.4348, 101.8048, 6.999, 2.809, 7.6391, 77.5248, 126.3759, 56.322, 62.9197, 37.7862, 122.6402, 211.567, 21.4137, 20.994, 96.6908, 5.5556, 0, 64.5873, 125.1598, 186.0053, 76.6068, 30.327, 86.9806, 742.9745, 105.1938, 257.4574, 90.7083],
      [19.1671, 13.5946, 0.5923, 28.9034, 15.5029, 21.6851, 12.9915, 11.4303, 35.106, 17.7399, 1.0553, 0.8793, 1.767, 12.5729, 19.683, 13.796, 17.83, 7.3321, 27.4606, 45.3258, 4.4187, 4.9081, 9.6986, 1.0326, 0, 6.2354, 20.249, 35.0773, 13.0849, 6.8768, 23.2453, 155.385, 21.8773, 52.585, 20.6389],
      [11.296, 5.5037, 0.2083, 7.5786, 6.6977, 8.2223, 6.7995, 4.8627, 17.9548, 9.019, 0.6614, 0.1991, 0.3421, 3.0898, 11.9905, 16.5482, 4.1759, 3.2514, 10.7821, 16.4924, 3.6264, 1.547, 2.3923, 1.1694, 0, 2.7084, 11.2419, 21.651, 7.4273, 4.2883, 8.6924, 48.9168, 7.8898, 26.1589, 6.1078]
    ],
    [
      [31.0211, 8.7592, 0, 22.5486, 14.1887, 14.6028, 14.5499, 10.9733, 32.54, 13.0745, 0.8642, 0, 1.5603, 6.5171, 18.941, 17.851, 18.2101, 3.4984, 21.9848, 22.5396, 4.5574, 2.472, 11.3905, 0, 0, 6.1716, 16.1051, 23.3537, 10.661, 8.8968, 10.6336, 121.5203, 12.8894, 21.4147, 4.2049],
      [20.2747, 9.0484, 0.597, 11.299, 12.4533, 15.8374, 9.9722, 10.3718, 18.765, 3.3648, 0.5042, 0, 1.0687, 10.7194, 17.4592, 8.9562, 12.4148, 5.6075, 14.0963, 18.2067, 1.3473, 2.484, 9.8889, 0, 0.0217, 9.8692, 10.1652, 12.8293, 14.9823, 4.7455, 9.264, 71.7266, 11.4058, 29.8526, 10.5722],
      [78.073, 29.8301, 2.5336, 35.8766, 32.1364, 49.0757, 42.7066, 38.3221, 67.3292, 29.4069, 1.3427, 0.0787, 1.9853, 33.7497, 54.4206, 28.682, 28.4123, 14.9556, 48.5452, 70.6388, 6.9339, 7.1424, 42.2858, 1.2403, 0, 32.436, 37.6277, 53.2049, 40.5658, 12.5256, 35.7369, 303.3172, 33.9776, 78.8119, 34.6508],
      [653.8642, 406.6004, 16.5766, 1041.1487, 661.6286, 500.9768, 388.2646, 334.1657, 874.191, 401.7447, 20.985, 11.5622, 41.2196, 422.8792, 671.2574, 489.5107, 689.6881, 231.0689, 871.8197, 1195.6439, 102.2563, 138.9899, 354.4347, 21.7597, 8.9783, 256.5515, 483.9814, 778.2745, 545.0871, 222.8747, 783.4088, 4981.6186, 563.5112, 1265.5516, 612.6872],
      [6.767, 2.7619, 0.2928, 4.127, 4.5929, 2.5073, 3.5067, 2.167, 7.1749, 3.409, 0.304, 0.3592, 0.166, 0.1345, 5.9219, 0, 1.2747, 1.8696, 5.554, 6.971, 0.9051, 0.9116, 0, 0, 0, 1.9716, 4.1205, 5.3375, 4.7037, 1.9574, 4.9567, 20.8173, 3.216, 9.3693, 2.8849]
    ],
    [
      [11.2738, 3.9425, 0.0222, 6.9285, 3.3364, 5.8264, 5.7288, 5.1349, 11.9628, 4.9715, 0.3782, 0.0821, 0.8862, 2.6914, 7.5433, 5.2247, 4.5319, 1.3044, 7.6154, 9.7364, 2.3643, 0.7218, 2.0727, 0, 0, 1.3324, 4.9138, 12.9468, 4.5351, 5.6229, 3.7001, 46.6532, 5.5409, 10.3578, 2.1055],
      [4.0675, 2.4277, 0.1412, 2.2918, 1.7198, 4.2543, 2.2118, 3.0495, 3.8045, 1.082, 0.1896, 0, 0.3459, 2.4309, 4.3327, 1.3126, 1.7676, 1.1429, 2.9554, 4.6203, 0.3071, 0.4185, 1.0215, 0.0184, 0, 1.5283, 1.8097, 4.3508, 3.8641, 1.4017, 1.82, 17.1082, 2.9487, 7.9091, 1.665],
      [37.0689, 17.6205, 0.4885, 16.9624, 10.469, 26.6219, 23.9031, 25.6684, 30.3103, 14.4635, 1.2623, 0.4442, 1.5668, 15.8587, 29.0569, 8.9567, 10.1712, 6.5223, 22.6682, 38.95, 3.112, 2.8459, 11.2523, 0.2867, 0, 9.6459, 15.0452, 38.5234, 21.6431, 8.695, 14.9753, 153.8316, 19.561, 45.6918, 12.4271],
      [27.694, 22.5724, 0.2911, 40.4707, 19.4547, 25.4447, 19.142, 19.9867, 37.4839, 18.7768, 1.6131, 1.3293, 2.8794, 19.1441, 33.7622, 16.1444, 21.508, 9.5194, 37.8908, 62.1953, 4.7907, 5.0693, 8.2208, 0.3867, 0, 6.6932, 18.2048, 54.074, 27.5844, 14.7525, 29.8355, 239.3375, 30.415, 69.3812, 21.0727],
      [9.8957, 5.4368, 0.0571, 6.3466, 5.02, 5.8527, 6.0143, 5.1605, 11.4385, 5.7062, 0.5568, 0.1444, 0.3216, 2.8748, 12.3049, 13.3616, 3.0214, 2.511, 8.8702, 13.4979, 2.426, 0.9444, 1.4328, 0.3083, 0, 1.8001, 6.0265, 20.1051, 9.3733, 5.5278, 6.669, 45.0695, 6.5344, 20.6601, 3.7297]
    ],
    [
      [2.3338, 0.7963, 0, 2.5007, 1.0564, 1.2992, 1.6483, 1.1747, 6.1326, 1.9636, 0.1706, 0.0367, 0.0737, 0.818, 1.3319, 0.7713, 2.161, 0.746, 2.1901, 2.3483, 0.3274, 0.3233, 0.7857, 0, 0, 0.4453, 2.3683, 3.4444, 0.4861, 1.4299, 0.6706, 10.7479, 2.4599, 4.0817, 0.9112],
      [7.4977, 4.3833, 1.6941, 7.385, 4.8604, 8.5051, 5.6523, 6.2401, 17.4091, 3.8585, 0.7859, 0, 0.2737, 6.6227, 6.8369, 1.7234, 7.52, 5.8882, 7.5812, 9.9353, 0.384, 1.6903, 3.4496, 0.6703, 0, 4.6108, 7.7854, 10.3267, 3.7078, 3.1906, 2.9448, 35.1148, 11.6764, 27.8264, 6.4447],
      [4.3589, 2.0231, 0.3244, 3.4748, 1.8835, 3.3761, 3.9054, 3.3368, 8.8532, 3.2487, 0.317, 0.0654, 0.0755, 2.7403, 2.9172, 0.7542, 2.754, 2.1275, 3.7053, 5.3396, 0.246, 0.7236, 2.4221, 0.7083, 0, 1.8289, 4.1232, 5.8295, 1.3178, 1.2613, 1.5417, 20.1479, 4.9353, 10.2592, 3.0695],
      [10.0252, 7.9886, 0.6051, 25.577, 10.7891, 9.9364, 9.6488, 8.0074, 33.709, 12.9967, 1.2641, 0.6257, 0.428, 10.1927, 10.4418, 4.1709, 17.965, 9.5726, 19.0834, 26.2615, 1.1656, 3.9819, 5.4602, 2.2195, 0, 3.9188, 15.3747, 25.1868, 5.1735, 6.5889, 9.4613, 96.5129, 23.6454, 47.9646, 16.0272],
      [10.7844, 5.8087, 0.3764, 12.0624, 8.4105, 6.8831, 9.1452, 6.241, 30.896, 11.9324, 1.4624, 0.2722, 0.149, 4.6263, 11.4722, 10.5803, 7.5999, 7.6657, 13.44, 17.1153, 1.877, 2.2808, 2.8824, 5.4019, 0, 3.1962, 15.3483, 28.2125, 5.3148, 7.5292, 6.3817, 54.4765, 15.2829, 42.8681, 8.5473]
    ]
  ],
  "V_est": [
    [1124.0057, 1.1852, 5.564, 489.564, 37.6811],
    [0.5258, 2657.0127, 1297.3185, 89.8541, 0.2889],
    [285.9487, 344.8361, 3757.9939, 699.7279, 299.4933],
    [528.4958, 400.1713, 1408.558, 21044.7619, 121.0131],
    [201.9891, 90.3189, 696.5703, 967.1215, 249.0002],
    [58.035, 234.4758, 113.9952, 491.9706, 376.5233]
  ],
  "p_est": [
    [0.6779, 0.0007, 0.0034, 0.2953, 0.0227],
    [0.0001, 0.6569, 0.3207, 0.0222, 0.0001],
    [0.0531, 0.064, 0.6975, 0.1299, 0.0556],
    [0.0225, 0.017, 0.0599, 0.8954, 0.0051],
    [0.0916, 0.041, 0.3159, 0.4386, 0.1129],
    [0.0455, 0.1839, 0.0894, 0.3859, 0.2953]
  ],
  "EI_Z": {},
  "EI_V": 8.1435,
  "MAE_Z": {},
  "MAE_V": 206.7032,
  "MAE_p": 0.0483,
  "runtime": 0.021
}
