{
  "X": [
    [15, 31, 87, 181, 300, 22],
    [19, 12, 23, 85, 138, 24],
    [20, 9, 41, 152, 137, 17],
    [17, 7, 19, 73, 51, 19],
    [40, 35, 136, 425, 360, 47],
    [31, 33, 73, 149, 323, 14],
    [20, 19, 69, 202, 148, 27],
    [21, 33, 74, 250, 385, 33],
    [43, 66, 202, 585, 822, 50],
    [13, 25, 37, 78, 178, 7],
    [19, 29, 94, 294, 370, 37],
    [22, 41, 113, 353, 419, 43],
    [9, 12, 59, 153, 191, 6],
    [20, 23, 82, 274, 312, 35],
    [12, 15, 42, 113, 195, 12],
    [10, 30, 40, 189, 358, 19],
    [24, 13, 52, 177, 230, 23],
    [3, 9, 9, 32, 109, 7],
    [9, 24, 37, 64, 132, 11],
    [3, 12, 16, 49, 121, 3],
    [23, 2, 21, 48, 52, 8],
    [14, 23, 63, 76, 187, 11],
    [19, 23, 87, 137, 361, 24],
    [21, 35, 88, 214, 519, 28],
    [8, 12, 59, 150, 275, 15],
    [12, 20, 32, 147, 140, 28],
    [3, 8, 20, 49, 115, 8],
    [35, 12, 78, 226, 243, 16],
    [8, 27, 57, 176, 221, 11],
    [12, 9, 35, 140, 119, 17],
    [31, 38, 132, 393, 430, 42],
    [28, 46, 142, 514, 523, 77],
    [24, 17, 70, 205, 132, 25],
    [40, 39, 120, 292, 230, 62],
    [9, 19, 35, 79, 108, 9],
    [11, 4, 17, 94, 24, 9],
    [15, 24, 30, 111, 162, 21],
    [42, 33, 63, 212, 247, 32],
    [6, 4, 31, 43, 117, 6],
    [4, 8, 9, 46, 31, 2],
    [20, 10, 69, 192, 128, 20],
    [18, 8, 55, 151, 101, 27],
    [12, 18, 88, 238, 249, 31],
    [5, 9, 27, 94, 122, 15],
    [0, 9, 19, 63, 143, 14],
    [8, 12, 20, 46, 96, 13],
    [8, 25, 26, 103, 201, 11],
    [7, 5, 21, 13, 71, 2],
    [31, 33, 140, 320, 292, 30],
    [24, 23, 72, 202, 193, 33],
    [16, 27, 94, 312, 355, 55],
    [6, 8, 22, 49, 93, 3],
    [52, 22, 104, 280, 420, 36],
    [31, 31, 45, 175, 201, 18],
    [5, 4, 53, 110, 121, 36],
    [35, 59, 117, 358, 617, 30],
    [13, 9, 33, 67, 76, 12],
    [140, 94, 258, 568, 770, 136],
    [14, 10, 17, 44, 65, 11]
  ],
  "W": [
    [69, 36, 207, 165, 96, 22, 41],
    [35, 35, 99, 66, 26, 13, 27],
    [36, 23, 151, 69, 54, 12, 31],
    [16, 33, 62, 22, 20, 7, 26],
    [84, 64, 440, 189, 176, 33, 57],
    [65, 54, 144, 178, 115, 32, 35],
    [26, 32, 206, 78, 96, 11, 36],
    [59, 32, 275, 198, 141, 45, 46],
    [142, 88, 641, 455, 280, 77, 85],
    [42, 18, 81, 103, 52, 14, 28],
    [61, 37, 326, 175, 118, 43, 83],
    [64, 41, 367, 249, 162, 62, 46],
    [19, 14, 154, 126, 78, 24, 15],
    [44, 25, 303, 180, 118, 25, 51],
    [41, 20, 129, 95, 56, 25, 23],
    [63, 25, 198, 206, 98, 30, 26],
    [29, 32, 200, 108, 81, 23, 46],
    [28, 9, 36, 57, 19, 2, 18],
    [47, 27, 74, 63, 37, 13, 16],
    [18, 6, 55, 72, 32, 13, 8],
    [16, 39, 47, 24, 22, 1, 5],
    [41, 31, 91, 115, 71, 12, 13],
    [63, 32, 146, 224, 116, 34, 36],
    [103, 42, 240, 287, 142, 40, 51],
    [49, 11, 168, 159, 80, 28, 24],
    [31, 32, 146, 70, 45, 22, 33],
    [15, 8, 56, 67, 26, 17, 14],
    [42, 49, 227, 129, 111, 18, 34],
    [39, 20, 176, 117, 86, 27, 35],
    [16, 34, 139, 50, 53, 14, 26],
    [79, 66, 421, 212, 171, 56, 61],
    [78, 69, 531, 269, 190, 86, 107],
    [23, 32, 214, 83, 72, 12, 37],
    [74, 54, 309, 111, 130, 34, 71],
    [29, 18, 70, 59, 54, 3, 26],
    [4, 15, 91, 8, 18, 6, 17],
    [35, 19, 141, 79, 36, 22, 31],
    [76, 87, 188, 111, 89, 40, 38],
    [16, 15, 34, 77, 50, 5, 10],
    [5, 8, 51, 20, 9, 5, 2],
    [15, 25, 180, 71, 78, 31, 39],
    [16, 23, 158, 50, 52, 20, 41],
    [30, 19, 266, 131, 110, 24, 56],
    [15, 13, 113, 62, 38, 10, 21],
    [26, 12, 56, 83, 36, 17, 18],
    [16, 10, 53, 37, 19, 22, 38],
    [45, 26, 108, 104, 43, 21, 27],
    [25, 11, 14, 38, 14, 6, 11],
    [46, 46, 361, 163, 151, 25, 54],
    [31, 33, 223, 103, 93, 20, 44],
    [50, 38, 343, 178, 130, 56, 64],
    [16, 8, 61, 59, 24, 3, 10],
    [56, 92, 280, 225, 154, 39, 68],
    [58, 57, 184, 93, 57, 19, 33],
    [3, 2, 134, 100, 56, 4, 30],
    [132, 77, 388, 341, 180, 48, 50],
    [18, 18, 68, 44, 37, 5, 20],
    [180, 207, 625, 426, 269, 94, 165],
    [15, 19, 50, 43, 20, 1, 13]
  ],
  "method": "mvn_pdf",
  "cond_prob": [
    [
      [0.00037822407924, 0.26964987177, 0.027372108407, 0.0037177031198, 0.69870360175, 0.00017849086798],
      [0.35694764511, 0.0813146838, 0.098473774575, 0.20201780616, 0.21371762185, 0.047528468499],
      [0.0030284629775, 0.017903203034, 0.08714571616, 0.73145858006, 0.12505460254, 0.035409435229],
      [0, 0.010236446525, 0.038956894563, 0.0027060279953, 0.94364882357, 0.0044518073443],
      [0.00058019348957, 0.0088736295088, 0.49775299253, 0.14297208082, 0.34698103981, 0.0028400638334],
      [0, 0.085488475069, 0.041652917532, 0.16927303719, 0.68866542772, 0.014920142484],
      [0.035151143981, 0.032664357122, 0.20484308094, 0.1015387852, 0.34259607916, 0.28320655359]
    ],
    [
      [0, 0.20422482886, 0.019042490867, 0.0044019989448, 0.77233068133, 0],
      [0.48238447879, 0.047172772774, 0.051079418613, 0.15611108729, 0.18041977695, 0.082832465582],
      [0.0079548586936, 0.012832856429, 0.058545267644, 0.71496218172, 0.13432164767, 0.071383187847],
      [0.0010228067928, 0.0069400318837, 0.025423448722, 0.0036604090538, 0.95883134751, 0.0041219560403],
      [0.0018505145348, 0.0073986644419, 0.38535146914, 0.16384632303, 0.43633156598, 0.0052214628735],
      [0.00023601778666, 0.06136161959, 0.026682305917, 0.16071178675, 0.71901324973, 0.031995020228],
      [0.044826865712, 0.017871211926, 0.10021466227, 0.074442272867, 0.27337884976, 0.48926613746]
    ],
    [
      [0.0019390603814, 0.1921455456, 0.030357487929, 0.008203991432, 0.76682007787, 0.00053383678937],
      [0.66281633966, 0.020623240872, 0.039124241259, 0.16077319211, 0.086146140152, 0.030516845951],
      [0.0069875202775, 0.0012571473179, 0.052378674846, 0.83504109964, 0.07063145082, 0.033704107096],
      [0, 0.0032838572091, 0.040392108631, 0.0055414985905, 0.94344041467, 0.0073421208962],
      [0.0022533463485, 0.0030070087681, 0.43230012238, 0.25003927634, 0.30801084996, 0.0043893961946],
      [0, 0.048461404981, 0.035761693159, 0.29105211728, 0.60409554261, 0.020629241972],
      [0.11318134676, 0.014454680409, 0.1463771149, 0.1464050681, 0.25060147993, 0.32898030991]
    ],
    [
      [0.0024025750469, 0.25676111025, 0.03308591202, 0.0092406911503, 0.69848600888, 2.370265472e-05],
      [0.45696871549, 0.03870401779, 0.059805299185, 0.26632973438, 0.10160629983, 0.076585933329],
      [0.008505547789, 0.0070936080303, 0.049929739037, 0.84358225217, 0.042357034804, 0.048531818173],
      [0.0016940272998, 0.0090814160368, 0.046816156779, 0.0054890243835, 0.92430866886, 0.012610706638],
      [0.0028848142198, 0.0061356444358, 0.44121753713, 0.28246951515, 0.2609971355, 0.0062953535668],
      [0.00057021481712, 0.061546978099, 0.037040583795, 0.33586178271, 0.52874816444, 0.036232276141],
      [0.04828041679, 0.016209733185, 0.12645447831, 0.13999949055, 0.17650420114, 0.49255168002]
    ],
    [
      [0.0013728060131, 0.25723775164, 0.031786873162, 0.0064540376771, 0.70289663579, 0.00025189571993],
      [0.51819290911, 0.043222766894, 0.061917320627, 0.20561396323, 0.11942928914, 0.051623750995],
      [0.0061026630125, 0.0094331229671, 0.061895017972, 0.80794073413, 0.072461542982, 0.04216691894],
      [0.00024761614311, 0.0091521145405, 0.045479227766, 0.0040123086647, 0.93280377698, 0.0083049559012],
      [0.0018117171728, 0.0067460929847, 0.47188847096, 0.22086168617, 0.29397798353, 0.0047140491753],
      [9.0345497446e-05, 0.070401761308, 0.040590593654, 0.26673525662, 0.59710526241, 0.025076780508],
      [0.064324970373, 0.021664518223, 0.16045529296, 0.12934030879, 0.24009853623, 0.38411637343]
    ],
    [
      [5.235519034e-05, 0.28932946187, 0.020023976305, 0.003878453512, 0.68671575312, 0],
      [0.50524787526, 0.070878971943, 0.056583256399, 0.16815516913, 0.17053788256, 0.028596844701],
      [0.0066588928006, 0.018852392773, 0.064320534477, 0.76083656942, 0.12440507403, 0.024926536508],
      [0.00083528264034, 0.011379085005, 0.030205393713, 0.0031578533818, 0.95426296465, 0.00015942061173],
      [0.0017974720349, 0.011074397798, 0.4123058251, 0.17255524272, 0.40164746324, 0.00061959910695],
      [0.0001244618151, 0.093351319861, 0.030071129806, 0.17642818172, 0.68895694941, 0.011067957386],
      [0.068427391802, 0.039002880604, 0.16076521739, 0.11586865036, 0.37557746766, 0.24035839218]
    ],
    [
      [0.001209131467, 0.35587112635, 0.027378395367, 0.0056210275199, 0.60969584092, 0.00022447837012],
      [0.50854279662, 0.064680093761, 0.058398968041, 0.20157139905, 0.1127658453, 0.054040897242],
      [0.0061311052334, 0.015329427426, 0.059896063489, 0.80577045887, 0.067977881156, 0.04489506383],
      [0.000289633131, 0.014699297011, 0.045001015269, 0.003770011696, 0.92715920441, 0.0090808384805],
      [0.0019253871639, 0.010949066127, 0.46589697843, 0.22598155923, 0.28997317366, 0.0052738353939],
      [8.7679998105e-05, 0.10550047264, 0.038302277589, 0.26207520617, 0.56779904733, 0.02623531627],
      [0.06177201056, 0.032265693072, 0.15064698585, 0.1262148923, 0.22595348424, 0.40314693398]
    ],
    [
      [0.00091750161955, 0.27653339777, 0.014447098815, 0.0037394002981, 0.70409848559, 0.00026411590766],
      [0.50056432319, 0.068598545867, 0.043363926049, 0.16222907408, 0.17715496812, 0.048089162694],
      [0.0067260796201, 0.018865394371, 0.047264968687, 0.74968494957, 0.13130882189, 0.046149785862],
      [0.00033816453739, 0.010668137065, 0.01982895949, 0.0033699602385, 0.95996511832, 0.0058296603487],
      [0.0018278426604, 0.011670679278, 0.34582304566, 0.18178678665, 0.45415779866, 0.0047338470921],
      [0.00011142446798, 0.088818472649, 0.022296432071, 0.16752945628, 0.70257482728, 0.018669387251],
      [0.059748710267, 0.033624009256, 0.11025187581, 0.099710202222, 0.34682813227, 0.34983707017]
    ],
    [
      [0.00042950318912, 0.24915211512, 0.022540133582, 0.0040484638961, 0.72382978421, 0],
      [0.40880315111, 0.068273362464, 0.071343384407, 0.20909808648, 0.20061682801, 0.041865187527],
      [0.0042936372945, 0.014804091499, 0.065857002921, 0.76617620723, 0.11856954454, 0.030299516513],
      [5.3714158028e-05, 0.0091886807424, 0.032020121119, 0.0026980145033, 0.95289950145, 0.0031399680313],
      [0.0010356410971, 0.0086639538108, 0.42554932153, 0.1758126798, 0.38664401254, 0.0022943912218],
      [3.5790702483e-05, 0.076684666719, 0.032346404764, 0.18746277193, 0.68950190294, 0.013968462953],
      [0.045822781301, 0.030722881913, 0.16580124738, 0.11783243883, 0.3604419827, 0.27937866787]
    ],
    [
      [0, 0.37967841295, 0.018050881394, 0.004176470847, 0.59809423481, 0],
      [0.5433429811, 0.09355257523, 0.050176054182, 0.14130828039, 0.15149327138, 0.020126837711],
      [0.010841863934, 0.027842422172, 0.067476216327, 0.75018303503, 0.13169923853, 0.011957224013],
      [0, 0.0085624732313, 0.03157466182, 0.0051613223965, 0.95470154255, 0],
      [0.0011878292586, 0.013496176827, 0.41548010843, 0.16483788979, 0.4049979957, 0],
      [0.00017996405764, 0.13537260578, 0.029107394755, 0.16124163404, 0.66586977861, 0.0082286227517],
      [0.081333883687, 0.058406131682, 0.16458789827, 0.11270157099, 0.38461404903, 0.19835646635]
    ],
    [
      [0.00047435690917, 0.23026226257, 0.021594114737, 0.0039229032231, 0.74374636256, 0],
      [0.38560495035, 0.066697361255, 0.072228640044, 0.21284346851, 0.21805819599, 0.044567383856],
      [0.0037362806379, 0.014285333605, 0.065382900144, 0.76067829268, 0.1241698781, 0.031747314835],
      [0, 0.0083431586455, 0.030049345282, 0.002586680876, 0.95560363796, 0.0034171772373],
      [0.00088050312229, 0.0081668411831, 0.41381215151, 0.17160410013, 0.40297766843, 0.0025587356302],
      [1.6061851045e-05, 0.070422499857, 0.03081959792, 0.17929262046, 0.70547980882, 0.013969411085],
      [0.040735705419, 0.02864184753, 0.16002122722, 0.11437151213, 0.37308801296, 0.28314169474]
    ],
    [
      [0.00083124965137, 0.31692491123, 0.023697649944, 0.0047581397805, 0.65369449143, 9.3557968641e-05],
      [0.43610413172, 0.071677189963, 0.062312815092, 0.21643586356, 0.15008985723, 0.063380142433],
      [0.0045677002738, 0.0152507795, 0.057124737069, 0.78792712674, 0.087930972327, 0.047198684091],
      [0.00015742592686, 0.012503944584, 0.03672017082, 0.0026375688229, 0.94009068701, 0.0078902028385],
      [0.0013258977266, 0.010500402421, 0.43415911612, 0.21171419623, 0.33736089149, 0.0049394960171],
      [6.8971250244e-05, 0.095855872061, 0.033628734325, 0.23083957276, 0.61431985227, 0.025286997325],
      [0.0463459547, 0.030943333809, 0.13916664363, 0.11708359125, 0.2590505485, 0.40740992811]
    ],
    [
      [0.0004409503207, 0.26601035479, 0.030268592919, 0.0056296676778, 0.69765043429, 0],
      [0.49485495059, 0.052951696622, 0.070747570433, 0.21421718799, 0.14171458601, 0.02551400836],
      [0.0065091277282, 0.012929455664, 0.067377660445, 0.81305333336, 0.086529528439, 0.013600894368],
      [0, 0.010352576272, 0.044154402686, 0.0049470440672, 0.94054597698, 0],
      [0.00094092571737, 0.0080264293838, 0.47920247884, 0.20345885221, 0.30837131385, 0],
      [0.00015693348739, 0.076293112604, 0.041110693514, 0.24585532639, 0.62626829752, 0.010315636487],
      [0.065605890392, 0.030121501963, 0.20869108716, 0.15267576583, 0.32285969634, 0.22004605831]
    ],
    [
      [0.0011892738865, 0.26036762029, 0.022293967123, 0.0043065491756, 0.71167886566, 0.00016372386799],
      [0.5567838457, 0.048780740318, 0.048771507684, 0.16533927289, 0.13538166006, 0.044942973344],
      [0.0069506037463, 0.013913535836, 0.057105368291, 0.77590796621, 0.10249021417, 0.043632311742],
      [0, 0.0098245205866, 0.031845391077, 0.0019312600517, 0.94980567501, 0.0065931532753],
      [0.0018604938643, 0.0089271855327, 0.41552640909, 0.1973321183, 0.37185811745, 0.0044956757537],
      [4.9078322504e-05, 0.077607608691, 0.031272161881, 0.20980122575, 0.65992738911, 0.021342536239],
      [0.072574071321, 0.026401824023, 0.13628942056, 0.11174644781, 0.29224685151, 0.36074138478]
    ],
    [
      [0.00097734691656, 0.21160763414, 0.021499608339, 0.0032858547413, 0.76262955587, 0],
      [0.48379975547, 0.054261479923, 0.063211742909, 0.1639547791, 0.19802116624, 0.036751076353],
      [0.006495638748, 0.014366657569, 0.071810316713, 0.73417093496, 0.13991040907, 0.03324604294],
      [0.00058881201334, 0.0075183914201, 0.029465348543, 0.001848972832, 0.95722206652, 0.0033564086707],
      [0.0015833750782, 0.0076163916957, 0.41685043784, 0.15118292333, 0.42016114447, 0.0026057275859],
      [0.00018439153595, 0.065370254331, 0.030829572683, 0.15710747749, 0.73338541521, 0.013122888755],
      [0.056381753671, 0.026545091187, 0.15987732157, 0.1003717696, 0.38798114457, 0.2688429194]
    ],
    [
      [0.00038052923336, 0.27054797067, 0.0088806277871, 0.0050076067342, 0.71475979176, 0.00042347380773],
      [0.33762850782, 0.091540431482, 0.044781484066, 0.22793046362, 0.24548190409, 0.052637208924],
      [0.0029550358256, 0.018696450158, 0.030184890589, 0.77517122985, 0.13557965943, 0.037412734144],
      [0, 0.010642953359, 0.0079191211913, 0.0072345389312, 0.96889096211, 0.0053124244058],
      [0.00081498696262, 0.012336885244, 0.28316729389, 0.20237270153, 0.49706542848, 0.0042427038938],
      [7.1513506171e-06, 0.086534195261, 0.016162057588, 0.17184644305, 0.71050568423, 0.01494446852],
      [0.033466677169, 0.037214650976, 0.095299212181, 0.1163124082, 0.39881508603, 0.31889196545]
    ],
    [
      [0.0010944697593, 0.19524748478, 0.017856435041, 0.0037516023541, 0.78192440772, 0.00012560034555],
      [0.57917516502, 0.04008359962, 0.042865364161, 0.14119203856, 0.16265233612, 0.034031496516],
      [0.007874929008, 0.0120006577, 0.056522541497, 0.74889959579, 0.1375267935, 0.037175482502],
      [0, 0.0062060124865, 0.023505776096, 0.0029157644634, 0.96313159743, 0.0042408495198],
      [0.0018523653787, 0.0070286073714, 0.36787945103, 0.17007692556, 0.44971929701, 0.0034433536471],
      [1.571567548e-05, 0.05898697088, 0.025407867362, 0.1654006408, 0.73524724936, 0.014941555918],
      [0.080636222575, 0.023016289951, 0.12792876369, 0.10212588846, 0.37516948703, 0.29112334829]
    ],
    [
      [0.00031986005839, 0.20972103138, 0.006061553984, 0.0075858024998, 0.77374102885, 0.0025707232316],
      [0.27261181569, 0.093626334969, 0.048791927809, 0.18539911261, 0.35231676939, 0.047254039528],
      [0.0027444306632, 0.021264290311, 0.041393146429, 0.69627005612, 0.20044152285, 0.03788655362],
      [0.00017822950379, 0.0097604051076, 0.0058125927338, 0.012383266213, 0.96422633007, 0.0076391763758],
      [0.00060628806258, 0.010936364547, 0.2578695928, 0.13614326375, 0.59007191115, 0.0043725796938],
      [1.8587578104e-05, 0.068366093674, 0.014377643522, 0.10597821426, 0.80107479965, 0.010184661313],
      [0.023167907958, 0.034377413925, 0.091188918369, 0.086042160126, 0.50967159556, 0.25555200407]
    ],
    [
      [0, 0.33865661503, 0.02460938304, 0.0035967017881, 0.63133678851, 0.0018005116375],
      [0.31113664647, 0.1173184414, 0.10738221174, 0.18154452611, 0.22444597873, 0.058172195558],
      [0.0020088013039, 0.022966416133, 0.099543181105, 0.69036293055, 0.13836932995, 0.046749340951],
      [0, 0.010271430759, 0.039736721234, 0.0029208736752, 0.94004408677, 0.0070268875656],
      [0.00026237821477, 0.010060982617, 0.52019163865, 0.12111001459, 0.34399053279, 0.0043844531454],
      [0, 0.11685010678, 0.042616595258, 0.14246312342, 0.68082455684, 0.017245617707],
      [0.027559453429, 0.042351156217, 0.20458275451, 0.082830610274, 0.32666579248, 0.31601023309]
    ],
    [
      [0.00027700113847, 0.34730655582, 0.010752222819, 0.0037965544601, 0.63786766577, 0],
      [0.36341499002, 0.13288294435, 0.050805908167, 0.17293867424, 0.25238386862, 0.027573614598],
      [0.0059388247984, 0.028891096027, 0.051516893178, 0.72650141323, 0.16640762735, 0.020744145423],
      [0.0017497870731, 0.010592139534, 0.016609394354, 0.0078082116715, 0.96324046737, 0],
      [0.0017508925733, 0.015711416116, 0.3197998135, 0.15302903047, 0.50888218203, 0.00082666531138],
      [0.00040160643761, 0.12319379648, 0.018749226949, 0.12773554202, 0.72276824958, 0.0071515785377],
      [0.037581820022, 0.061906916416, 0.12437312993, 0.10209624816, 0.47726607257, 0.1967758129]
    ],
    [
      [0.014269940893, 0.12039058041, 0.045502514976, 0.0073188308969, 0.81152873645, 0.00098939638067],
      [0.57567606783, 0, 0.07021828204, 0.17191363081, 0.11804105867, 0.064150960652],
      [6.5117152072e-05, 0, 0.079198448899, 0.77428283176, 0.087089375963, 0.059364226231],
      [0, 0, 0.050142878679, 0.0049164140281, 0.93407563778, 0.010865069511],
      [0, 0, 0.53305470916, 0.17908312475, 0.28156799236, 0.0062941737318],
      [0.00011217651636, 0.035452863747, 0.04993166569, 0.2406007073, 0.64099086119, 0.032911725552],
      [0.063428323545, 0.0076595699445, 0.16611106141, 0.097710124607, 0.21308725175, 0.45200366874]
    ],
    [
      [0.00099959472618, 0.33597218529, 0.028752573425, 0.0023493262592, 0.63112596452, 0.00080035578552],
      [0.40741633206, 0.098410319938, 0.10571580171, 0.1488768148, 0.19010262634, 0.049478105147],
      [0.0059216337401, 0.024234299943, 0.11492443623, 0.66866839222, 0.14004090276, 0.046210335103],
      [0.0012582269911, 0.01189146997, 0.042799957028, 0.0010495654002, 0.93617307759, 0.0068277030226],
      [0.001611665843, 0.0097331647626, 0.55771133911, 0.10790219939, 0.31893591022, 0.0041057206765],
      [0.00015986513762, 0.11556824623, 0.049933761905, 0.13856730681, 0.67858029263, 0.017190527289],
      [0.040707607032, 0.040285114683, 0.22824043552, 0.076546831792, 0.31073960206, 0.30348040891]
    ],
    [
      [0.00097389251073, 0.22085385404, 0.027276663917, 0.0032100763573, 0.74741581881, 0.00026969436888],
      [0.49407310166, 0.050235106574, 0.07235819073, 0.15899415003, 0.17238454003, 0.051954910976],
      [0.006305417622, 0.013107587866, 0.082136352421, 0.72337891642, 0.12658553489, 0.048486190781],
      [0.00034669313024, 0.0074870154321, 0.037071876358, 0.00076450798346, 0.94799483899, 0.0063350681081],
      [0.0014706876959, 0.0068201764663, 0.47620396781, 0.14602611502, 0.36532731059, 0.0041517424134],
      [9.0518571175e-05, 0.067020146381, 0.038881575977, 0.16893868588, 0.70437806604, 0.020691007151],
      [0.054343830013, 0.022723862579, 0.16967962396, 0.090067670566, 0.31214843982, 0.35103657306]
    ],
    [
      [0.00073118953633, 0.20904080209, 0.017644091075, 0.0036849310874, 0.76868563949, 0.00021334672098],
      [0.40940965157, 0.064636417684, 0.062659058656, 0.17723463584, 0.24042299882, 0.045637237435],
      [0.0050278855448, 0.015029836024, 0.064209593354, 0.72201337164, 0.15546095539, 0.038258358044],
      [0.00052275518877, 0.0069071406274, 0.024036545414, 0.0037125337949, 0.9607415834, 0.0040794415759],
      [0.0012540381889, 0.0079684597164, 0.37452877042, 0.14962787191, 0.46335225734, 0.0032686024247],
      [9.7688976174e-05, 0.065808668834, 0.025760417459, 0.14385573944, 0.75057840979, 0.013899075499],
      [0.042956428628, 0.027464505948, 0.13781735527, 0.094637325685, 0.40911750039, 0.28800688408]
    ],
    [
      [0.0010234678553, 0.1673646516, 0.025305965931, 0.0039630237511, 0.8021981745, 0.00014471635981],
      [0.49062492653, 0.038088152918, 0.06652966559, 0.17868615054, 0.18476776915, 0.041303335267],
      [0.0059869300275, 0.005805531522, 0.070878478327, 0.75443687393, 0.12716003797, 0.035732148227],
      [0.00064214953267, 0.0021376506849, 0.032890553326, 0.0020197486348, 0.95781805936, 0.0044918384633],
      [0.0015383428505, 0.0035621203543, 0.4368625849, 0.16399130132, 0.3909020153, 0.0031436352737],
      [0.00014644693888, 0.048178740803, 0.03420290687, 0.1809893324, 0.72082859819, 0.015653974797],
      [0.054912580025, 0.017957177665, 0.16601295107, 0.10778016314, 0.35618850825, 0.29714861985]
    ],
    [
      [0, 0.33440687065, 0.019121423484, 0.0055851124389, 0.64088659342, 0],
      [0.33745110293, 0.084524572889, 0.057414859698, 0.26581494446, 0.16558724632, 0.0892072737],
      [0.0014475716863, 0.015719475303, 0.042217619529, 0.80532111012, 0.082390711446, 0.052903511915],
      [0, 0.013271192602, 0.029983579832, 0.0039531598349, 0.94398831925, 0.0088037484778],
      [0.00055846055735, 0.011863188565, 0.38252356263, 0.24644442401, 0.35272881274, 0.0058815514974],
      [0, 0.098964065078, 0.027054272525, 0.24829852739, 0.59472316722, 0.03095996779],
      [0.029245106513, 0.030106693448, 0.10601766692, 0.11862464674, 0.23541791668, 0.48058796969]
    ],
    [
      [0.00029165662211, 0.23718172775, 0.019189506476, 0.0025773468289, 0.74014708387, 0.00061267845124],
      [0.30992530318, 0.084736302907, 0.079578363291, 0.19939113246, 0.26978328395, 0.056585614212],
      [0.0024898149973, 0.019418512974, 0.072030465205, 0.71466500568, 0.14879723314, 0.042598967999],
      [0, 0.01050571303, 0.028170350201, 0.00074813533191, 0.95418525441, 0.006390547029],
      [0.00053066661989, 0.0097937842945, 0.40638591828, 0.14032197555, 0.43885927046, 0.0041083847894],
      [0, 0.075599528948, 0.028862752283, 0.14023491064, 0.73991089845, 0.015391909672],
      [0.025928268091, 0.030945269794, 0.14983645124, 0.090177179091, 0.39197457595, 0.31113825584]
    ],
    [
      [0.001177471465, 0.18297769043, 0.028784443724, 0.0062494541234, 0.78081094026, 0],
      [0.60634908195, 0.026781939201, 0.050400211996, 0.17067755154, 0.1197926543, 0.025998561004],
      [0.0075273380699, 0.0032019462076, 0.06103116251, 0.81113162595, 0.094231863634, 0.022876063625],
      [0, 0.0035824709471, 0.038101807655, 0.0046401872007, 0.95127491021, 0.0024006239909],
      [0.0019982122222, 0.0029363423683, 0.44228135527, 0.21158684038, 0.34001127436, 0.0011859754033],
      [4.4513818559e-05, 0.049453908406, 0.036366299164, 0.24368607097, 0.65642040743, 0.01402880021],
      [0.097298018692, 0.017574620169, 0.1707180023, 0.14048150299, 0.31394662351, 0.25998123234]
    ],
    [
      [0, 0.35626894832, 0.018881846714, 0.0047937872511, 0.62005541771, 0],
      [0.31546325441, 0.11593230077, 0.07105465745, 0.25947846048, 0.20586851479, 0.032202812101],
      [0.0026488227545, 0.019047286891, 0.055970596811, 0.80315205361, 0.10574303878, 0.013438201156],
      [0, 0.011938631815, 0.031449383153, 0.0049557804224, 0.95165620461, 0],
      [0, 0.012203778654, 0.40304610159, 0.20758530874, 0.37716481101, 0],
      [0, 0.11694239076, 0.029038318513, 0.2088800047, 0.63617905143, 0.0089602345976],
      [0.034986917344, 0.052307230573, 0.16760321785, 0.14847967613, 0.37522598609, 0.22139697201]
    ],
    [
      [0.0002724625718, 0.21296808831, 0.02112950632, 0.0049086251127, 0.76044389531, 0.00027742237019],
      [0.32750001633, 0.057846234326, 0.067198654554, 0.2780637762, 0.20953365314, 0.059857665448],
      [0.00037570779093, 0.010706421743, 0.048247695808, 0.80521262418, 0.098664859554, 0.03679269092],
      [0, 0.0068314957085, 0.028421501476, 0.0019803338555, 0.95678328306, 0.0059833858992],
      [1.1103884914e-05, 0.0071316711608, 0.38350162696, 0.22094129936, 0.38397194835, 0.0044423502811],
      [0, 0.059403383022, 0.027984984023, 0.22920736264, 0.66493817761, 0.018466092697],
      [0.031070313641, 0.022551741473, 0.13585741723, 0.13557423883, 0.32675100338, 0.34819528543]
    ],
    [
      [0.00063157393299, 0.24695653839, 0.02599517941, 0.004370844236, 0.72192891301, 0.00011695101441],
      [0.40369865809, 0.062092595994, 0.075848298752, 0.22267647411, 0.18376436769, 0.051919605362],
      [0.0036536861019, 0.012922443098, 0.066360675932, 0.77618348124, 0.10360629956, 0.03727341407],
      [0, 0.0089247925477, 0.03662004087, 0.0021313936718, 0.94687942967, 0.0054443432413],
      [0.00089893272428, 0.0078413329442, 0.45018941056, 0.18553694415, 0.35198268829, 0.0035506913349],
      [6.706990178e-07, 0.073172828539, 0.036057450121, 0.20943966906, 0.66303197396, 0.01829740762],
      [0.042853070843, 0.026579856317, 0.16782776172, 0.1193035416, 0.31415813377, 0.32927763575]
    ],
    [
      [0.00034628490138, 0.2655248075, 0.023597431783, 0.005031485012, 0.70538335828, 0.00011663253158],
      [0.34604917525, 0.068664409624, 0.070757271555, 0.25808862536, 0.18471826846, 0.07172224975],
      [0.0010822011059, 0.013180346732, 0.054675718789, 0.79335015316, 0.092404687545, 0.045306892673],
      [0, 0.0092708463804, 0.034030291787, 0.0027485948372, 0.9465471356, 0.0074031313918],
      [0.00031828757658, 0.0086930122094, 0.41855037765, 0.21469270467, 0.35293189561, 0.004813722282],
      [0, 0.076984219834, 0.03209981643, 0.23158546671, 0.63521339347, 0.024117103556],
      [0.032340871579, 0.026040034906, 0.13836483597, 0.12227253885, 0.27907529872, 0.40190641997]
    ],
    [
      [0.0017687595801, 0.35815136804, 0.038435824597, 0.0071786749035, 0.59409107918, 0.00037429370591],
      [0.59355339931, 0.048527720305, 0.06133584526, 0.17513597847, 0.080646109754, 0.040800946902],
      [0.0075235867212, 0.014009512504, 0.072091501904, 0.81627627703, 0.049231788774, 0.040867333068],
      [0.00012355522521, 0.015060654986, 0.063175538559, 0.0068769454696, 0.90497359341, 0.0097897123461],
      [0.0021136492311, 0.0091755050069, 0.53875052055, 0.21631752868, 0.22882181771, 0.0048209788228],
      [8.6715918111e-05, 0.10158116372, 0.05172615758, 0.29135496048, 0.52986750335, 0.025383498945],
      [0.086272534437, 0.029241922179, 0.19111693264, 0.13258129236, 0.1965739919, 0.36421332649]
    ],
    [
      [0.0011848872993, 0.33546468195, 0.038828865702, 0.0082911411789, 0.61623042387, 0],
      [0.58493728084, 0.045578325582, 0.06109682136, 0.15738748666, 0.083513894296, 0.067486191259],
      [0.0094699198935, 0.013675588294, 0.076799697626, 0.77793782922, 0.058014167849, 0.064102797115],
      [0.00054963970526, 0.013642014048, 0.061119068825, 0.0072217746885, 0.90467548574, 0.012792016991],
      [0.0026804243285, 0.0087620643443, 0.543570273, 0.19915051, 0.24092789614, 0.0049088321865],
      [0.00022458987081, 0.095753090178, 0.051721045811, 0.26214149793, 0.54782755134, 0.042332224865],
      [0.070174629604, 0.022249157487, 0.15337269481, 0.097193631315, 0.16333913119, 0.4936707556]
    ],
    [
      [0.00042546100605, 0.43005765424, 0.020110303075, 0.0045558600553, 0.54485072162, 0],
      [0.39682411922, 0.11468044198, 0.062463924045, 0.24081788835, 0.15219790809, 0.033015718316],
      [0.0052938632421, 0.015783168521, 0.05411096363, 0.8177752859, 0.086305476199, 0.020731242508],
      [0.0012319017943, 0.014131754254, 0.037344813128, 0.0034468808784, 0.94136581561, 0.0024788343391],
      [0.0021613184073, 0.011194870579, 0.4237335856, 0.22848484699, 0.33336199545, 0.0010633829751],
      [9.2810868986e-05, 0.14423602598, 0.03097317133, 0.23716829951, 0.57528414451, 0.012245547805],
      [0.049407124057, 0.057240526335, 0.16641561589, 0.15522444027, 0.31347692635, 0.2582353671]
    ],
    [
      [0.0018958162211, 0.32302377556, 0.032783090577, 0.0094812828706, 0.63263789627, 0.00017813850252],
      [0.58530674382, 0.037817759025, 0.047269799117, 0.22272284635, 0.073567696604, 0.033315155084],
      [0.0070499952932, 0.011028386482, 0.050591714824, 0.87725076488, 0.025927428807, 0.028151709715],
      [0.000199157053, 0.012209681712, 0.051105862685, 0.0061694430067, 0.92253467514, 0.0077811804015],
      [0.0023619906403, 0.0079009794678, 0.45328379755, 0.29834872372, 0.23418907849, 0.0039154301219],
      [0.0001597294694, 0.078031019479, 0.039125485715, 0.36719454181, 0.49500751811, 0.020481705415],
      [0.089776384789, 0.025233773031, 0.16195684884, 0.18638898514, 0.20240064834, 0.33424335987]
    ],
    [
      [0.0010242855119, 0.36923032978, 0.014659902478, 0.0027761108652, 0.61182515757, 0.00048421379544],
      [0.58231679528, 0.08419915901, 0.039293742884, 0.10821248404, 0.14369816922, 0.04227964957],
      [0.0099182093367, 0.025489265957, 0.063459837316, 0.69515163174, 0.14945029413, 0.056530761519],
      [0.0001304723682, 0.012233445961, 0.024601186956, 0.0024754970052, 0.95411557539, 0.0064438223223],
      [0.002230346281, 0.015626218003, 0.38147994095, 0.14691855554, 0.44879142166, 0.0049535175684],
      [8.023325672e-05, 0.13206918594, 0.024746800339, 0.13447674643, 0.68885523662, 0.01977179742],
      [0.077719305339, 0.046730960217, 0.11520270922, 0.077009618155, 0.32570728894, 0.35763011813]
    ],
    [
      [0.0012350602652, 0.26925610875, 0.024752439963, 0.0055587136184, 0.69889867808, 0.00029899932326],
      [0.44700372986, 0.053698436023, 0.057084612274, 0.23904475037, 0.14028533347, 0.062883137995],
      [0.0049662064392, 0.011132770841, 0.048832726064, 0.81480529836, 0.076261508886, 0.044001489408],
      [0.00046638167536, 0.010252322856, 0.035801373362, 0.0025798989994, 0.94231784809, 0.008582175019],
      [0.0016842760446, 0.0083837144798, 0.41302759718, 0.24303067053, 0.3285846869, 0.0052890548655],
      [0.00019537476876, 0.074610987189, 0.032042816036, 0.2660473753, 0.60096173393, 0.026141712769],
      [0.049307373326, 0.023768762359, 0.13044156739, 0.13261197139, 0.24899803036, 0.41487229516]
    ],
    [
      [0.00062563709432, 0.16038405805, 0.028359307706, 0.0048681218693, 0.80526214168, 0.00050073360413],
      [0.36489837285, 0.039509659353, 0.082955031206, 0.25639018242, 0.20345627338, 0.052790480794],
      [0.0030461035853, 0.005644780117, 0.063419375748, 0.79442920579, 0.10016682985, 0.033293704907],
      [0.00028375611183, 0.0020098795063, 0.036464244632, 0.0015884837579, 0.95282181583, 0.0068318201648],
      [0.00093058696965, 0.002436702624, 0.44868010047, 0.19115865036, 0.35234871921, 0.0044452403611],
      [4.2264950879e-05, 0.04336051741, 0.03632177549, 0.22127761227, 0.68207021109, 0.016927618787],
      [0.034435679804, 0.01558892167, 0.17223060953, 0.12790304883, 0.32632225827, 0.32351948189]
    ],
    [
      [0.0010023185002, 0.67896068199, 0.012676834831, 0.0037307231072, 0.30353903913, 9.0402439655e-05],
      [0.41142235065, 0.21077825571, 0.052848899102, 0.1857109876, 0.11364510285, 0.025594404093],
      [0.010251260404, 0.0073073296536, 0.06233811453, 0.80634411042, 0.091126289918, 0.022632895079],
      [0.002445023823, 0.028643946388, 0.040920115243, 0.0079868815459, 0.91582506467, 0.0041789683352],
      [0.0022797988671, 0.028264531629, 0.4492456508, 0.21576878183, 0.30199261208, 0.0024486248004],
      [0.0006336711422, 0.29315189631, 0.028704337784, 0.19800356876, 0.46931929921, 0.010187226783],
      [0.054104149862, 0.12663876904, 0.16472297053, 0.14021717063, 0.27233594883, 0.24198099111]
    ],
    [
      [0.0020025630601, 0.26363630689, 0.042949579657, 0.0086666601854, 0.68254915688, 0.00019573332872],
      [0.59676806411, 0.031559373728, 0.06071765067, 0.19579092599, 0.082116203311, 0.033047782187],
      [0.0071312388585, 0.0073748748766, 0.06754347826, 0.84204994262, 0.045923899853, 0.029976565531],
      [0.00021342492099, 0.0093525957916, 0.062656526637, 0.0073255381545, 0.91283818168, 0.0076137328138],
      [0.0021747356131, 0.0054850586839, 0.52282963512, 0.23840298601, 0.22738028784, 0.0037272967325],
      [0.00013643394381, 0.06611037031, 0.051350975538, 0.32628163226, 0.53541334511, 0.020707242833],
      [0.091746793776, 0.020197518398, 0.2015072764, 0.15835796301, 0.21275816772, 0.31543228069]
    ],
    [
      [0.0018837737931, 0.23595254018, 0.044523821707, 0.0072973246585, 0.70996652905, 0.00037601060296],
      [0.5866337929, 0.03018557639, 0.067616446095, 0.17272614547, 0.092233750231, 0.050604288915],
      [0.0079682081976, 0.0065300578879, 0.077286636102, 0.79784224696, 0.060851174853, 0.049521676],
      [0.00032831099857, 0.0077089051149, 0.061504552791, 0.0056266514636, 0.91435588404, 0.010475695596],
      [0.0021347979215, 0.0046126726689, 0.55055605617, 0.19673936077, 0.2406171853, 0.0053399271659],
      [0.00017742154114, 0.06108412961, 0.054827692158, 0.27664289667, 0.57684454895, 0.030423311071],
      [0.075300780847, 0.015896466514, 0.18830379719, 0.11723973594, 0.19848523992, 0.4047739796]
    ],
    [
      [0.00073603982426, 0.252570459, 0.026771826584, 0.0040840303378, 0.71573117397, 0.00010647028877],
      [0.42530063022, 0.062132773945, 0.077026365058, 0.20632156548, 0.17899141446, 0.050227250836],
      [0.0045699576274, 0.01414492378, 0.071216867629, 0.76478431351, 0.10691222181, 0.038371715646],
      [0.0001689942584, 0.0094514318432, 0.037848419076, 0.0017725205671, 0.94532872427, 0.0054299099838],
      [0.0011517687782, 0.0081535895221, 0.465002559, 0.17417964314, 0.34798348123, 0.0035289583281],
      [5.9579359323e-05, 0.07565445741, 0.037784700305, 0.20031144487, 0.66793227118, 0.018257546866],
      [0.045202417573, 0.027304900053, 0.17454286215, 0.11295189886, 0.31324922466, 0.3267486967]
    ],
    [
      [0.00026421192548, 0.23677657965, 0.01730470005, 0.0031089568065, 0.74219478725, 0.00035076431738],
      [0.32225834857, 0.080658804231, 0.068992284444, 0.2030528756, 0.2572261962, 0.067811490958],
      [0.0019631994077, 0.018820861006, 0.062354171994, 0.72472842415, 0.1411608427, 0.050972500739],
      [0, 0.0089356092749, 0.024483403573, 0.0022333045609, 0.95823407034, 0.0061136122464],
      [0.00041298673941, 0.009818628608, 0.37792415932, 0.15515747719, 0.45187796679, 0.0048087813391],
      [0, 0.074239651926, 0.02567685149, 0.14898078011, 0.73241887014, 0.018683846334],
      [0.027102060027, 0.028738922625, 0.12674527502, 0.090243310407, 0.36504279117, 0.36212764075]
    ],
    [
      [0, 0.19843931569, 0.0156901827, 0.0061256010534, 0.778959515, 0.00078538556018],
      [0, 0.17986881748, 0.097014596202, 0.33365808438, 0.28054406049, 0.10891444145],
      [0, 0.003230645317, 0.038660074638, 0.79463288264, 0.11008227535, 0.053394122057],
      [0, 0, 0.015207359175, 0.0071201497452, 0.96820597844, 0.0094665126359],
      [0, 0.0026788571724, 0.33045423772, 0.22490262335, 0.43527035269, 0.0066939290656],
      [0, 0.054653176485, 0.021518308161, 0.21137275856, 0.68641703393, 0.02603872287],
      [0, 0.026427388119, 0.096585628187, 0.1142551204, 0.30644433224, 0.45628753105]
    ],
    [
      [0.0013913013427, 0.31151154133, 0.017585389435, 0.0018461696818, 0.66751231821, 0.00015327999941],
      [0.50274578563, 0.087342789912, 0.055864259946, 0.12711806377, 0.19213840031, 0.034790700431],
      [0.0092545236668, 0.026578354757, 0.077353272272, 0.68771168653, 0.1610352671, 0.038066895675],
      [0.0016878595963, 0.011678914067, 0.027841162894, 0.00042129258341, 0.95474431725, 0.003626453608],
      [0.0022305063022, 0.013005023336, 0.40469562127, 0.12830532992, 0.4488470343, 0.0029164848775],
      [0.0010231768692, 0.10716383725, 0.028668697084, 0.12336216955, 0.72701888283, 0.012763236419],
      [0.061380296105, 0.044655656686, 0.15026885716, 0.081136958873, 0.39514476151, 0.26741346967]
    ],
    [
      [0, 0.3131127628, 0.011330095486, 0.0056757160665, 0.66988142565, 0],
      [0.27774073314, 0.12533280856, 0.056977208695, 0.22702615147, 0.27307248095, 0.039850617183],
      [0.00028739838975, 0.023207212611, 0.045570606323, 0.75922978673, 0.14504891053, 0.026656085413],
      [0, 0.0092797663167, 0.01678685154, 0.0082873162924, 0.96331264614, 0.0023334197089],
      [0.00018418839778, 0.013708556166, 0.31835437469, 0.17745901484, 0.48799363743, 0.0023002284689],
      [0, 0.10613301861, 0.019199177671, 0.15324632482, 0.71142507234, 0.0099964065562],
      [0.027399326342, 0.050427284694, 0.1203281256, 0.11608535251, 0.44377781022, 0.24198210063]
    ],
    [
      [0.0023138562876, 0.15923616294, 0.038189603764, 0.0055204276695, 0.79473994934, 0],
      [0.52784234389, 0.031652978435, 0.13931842656, 0.11493996141, 0.16749599833, 0.01875029137],
      [0.019898397353, 0.0087197096587, 0.18579474164, 0.62939462136, 0.14699054552, 0.009201984472],
      [0.0042944789151, 0.0018231885843, 0.042449464953, 0.0055660700549, 0.94586679749, 0],
      [0.0025724581943, 0.0017834381214, 0.68611828198, 0.071203243063, 0.23832257864, 0],
      [0.0010291395991, 0.047811760999, 0.082340117961, 0.1322036163, 0.72864849063, 0.0079668745101],
      [0.059266435996, 0.015247032964, 0.3817140461, 0.071322479184, 0.32543929982, 0.14701070593]
    ],
    [
      [0.0011436384666, 0.33443737262, 0.033677024781, 0.0046720467686, 0.62606991736, 0],
      [0.52856070719, 0.065994395907, 0.07847095334, 0.16635472604, 0.12585705332, 0.034762164197],
      [0.006997935747, 0.017620332494, 0.085580981669, 0.76321708808, 0.094465145949, 0.032118516061],
      [0.00020012889837, 0.013463806204, 0.052085495106, 0.0041662630738, 0.92521801818, 0.0048662885427],
      [0.0016281801178, 0.0095552970502, 0.54409846896, 0.16212498147, 0.28010880066, 0.0024842717501],
      [7.9046497241e-05, 0.10552643666, 0.050638779776, 0.21183820489, 0.6153334277, 0.016584104478],
      [0.070868387486, 0.035992359909, 0.22280897435, 0.11399021202, 0.27442852048, 0.28191154575]
    ],
    [
      [0.0012569965146, 0.34747400098, 0.024973398543, 0.0042327096512, 0.6219657027, 9.7191611213e-05],
      [0.57107706698, 0.061932153862, 0.052203613696, 0.15094650907, 0.11319929108, 0.050641365312],
      [0.0075231988103, 0.018063858476, 0.066638584585, 0.76377508531, 0.091724288348, 0.052274984473],
      [0, 0.013983519137, 0.040430940922, 0.0026433126131, 0.93466985128, 0.0082723760506],
      [0.0019377410502, 0.011504370643, 0.46641779638, 0.18908808348, 0.32599550481, 0.0050565036381],
      [4.1571122117e-05, 0.10954940929, 0.037168782997, 0.2127075237, 0.61386800461, 0.026664708283],
      [0.074017618702, 0.033070621028, 0.14450189529, 0.10122963047, 0.24234167246, 0.40483856205]
    ],
    [
      [0.0001172251411, 0.24086093367, 0.022687374615, 0.0044685557177, 0.73186591085, 0],
      [0.35216461915, 0.064553195705, 0.070565491933, 0.22691789275, 0.19884813175, 0.08695066871],
      [0.0018750766984, 0.013291367465, 0.059499016896, 0.75970410102, 0.10856873185, 0.057061706069],
      [0, 0.0083056337247, 0.031739767418, 0.0030153514013, 0.95007616577, 0.0068630816817],
