{
  "X": [
    [49, 74, 113, 200, 426, 51],
    [31, 53, 47, 168, 265, 48],
    [8, 7, 6, 21, 76, 10],
    [0, 5, 4, 3, 8, 0],
    [14, 65, 58, 158, 159, 28],
    [6, 5, 4, 16, 19, 5],
    [44, 110, 60, 225, 225, 36],
    [131, 197, 161, 425, 557, 90],
    [34, 43, 73, 130, 362, 62],
    [52, 72, 143, 348, 578, 77],
    [16, 19, 34, 62, 186, 27],
    [44, 109, 92, 433, 351, 62],
    [10, 11, 25, 54, 91, 20],
    [37, 91, 112, 364, 328, 40],
    [39, 85, 89, 292, 282, 65],
    [19, 42, 68, 169, 188, 38],
    [27, 46, 57, 224, 230, 34],
    [13, 32, 50, 155, 153, 25],
    [39, 29, 71, 132, 518, 60],
    [40, 42, 56, 103, 358, 51],
    [5, 6, 18, 19, 153, 18],
    [13, 9, 19, 21, 103, 15],
    [17, 15, 53, 73, 343, 33],
    [48, 47, 67, 100, 265, 36],
    [94, 58, 122, 200, 604, 81],
    [8, 9, 21, 16, 113, 9],
    [93, 68, 135, 196, 586, 79],
    [18, 24, 14, 71, 69, 7],
    [5, 4, 7, 9, 29, 7],
    [51, 23, 83, 119, 559, 66],
    [16, 12, 31, 90, 236, 28],
    [32, 38, 63, 175, 526, 81],
    [30, 21, 67, 68, 308, 53],
    [48, 38, 90, 194, 673, 79],
    [31, 15, 50, 100, 439, 80],
    [54, 42, 58, 172, 555, 91],
    [27, 14, 38, 93, 401, 53],
    [15, 29, 38, 72, 185, 34],
    [24, 21, 52, 82, 264, 34],
    [27, 19, 78, 121, 292, 40],
    [72, 130, 158, 461, 824, 111],
    [2, 13, 11, 40, 129, 23],
    [70, 92, 121, 315, 608, 84],
    [14, 12, 9, 40, 105, 16],
    [221, 108, 171, 460, 936, 161],
    [38, 29, 13, 74, 169, 15]
  ],
  "W": [
    [76, 55, 417, 165, 61, 95, 44],
    [50, 20, 258, 145, 51, 54, 34],
    [6, 3, 79, 16, 8, 7, 9],
    [4, 2, 6, 3, 0, 3, 2],
    [60, 16, 140, 164, 27, 56, 19],
    [7, 7, 17, 16, 2, 3, 3],
    [151, 74, 190, 187, 31, 43, 24],
    [214, 183, 480, 389, 83, 134, 78],
    [37, 45, 344, 115, 50, 64, 49],
    [105, 54, 528, 280, 95, 141, 67],
    [21, 24, 170, 46, 29, 31, 23],
    [135, 31, 366, 363, 64, 89, 43],
    [17, 11, 94, 42, 11, 18, 18],
    [134, 42, 299, 290, 64, 110, 33],
    [104, 41, 264, 251, 51, 97, 44],
    [46, 20, 191, 150, 38, 58, 21],
    [66, 28, 207, 169, 43, 70, 35],
    [57, 14, 126, 113, 44, 57, 17],
    [41, 41, 493, 100, 47, 62, 65],
    [28, 45, 344, 87, 41, 49, 56],
    [6, 11, 149, 14, 16, 15, 8],
    [8, 8, 107, 18, 13, 15, 11],
    [10, 17, 337, 60, 33, 50, 27],
    [52, 65, 248, 84, 41, 46, 27],
    [72, 106, 568, 172, 59, 98, 84],
    [7, 13, 115, 14, 6, 9, 12],
    [85, 106, 562, 161, 66, 112, 65],
    [43, 22, 66, 46, 6, 11, 9],
    [4, 4, 29, 4, 2, 7, 11],
    [23, 51, 516, 90, 84, 69, 68],
    [21, 14, 208, 64, 47, 29, 30],
    [33, 34, 478, 109, 108, 71, 82],
    [16, 24, 297, 39, 51, 59, 61],
    [48, 43, 648, 128, 80, 113, 62],
    [23, 42, 420, 72, 52, 43, 63],
    [44, 58, 509, 129, 90, 58, 84],
    [22, 26, 381, 63, 40, 48, 46],
    [30, 30, 173, 55, 21, 33, 31],
    [30, 25, 244, 68, 34, 40, 36],
    [22, 30, 261, 111, 38, 67, 48],
    [144, 83, 770, 350, 133, 173, 103],
    [6, 4, 116, 43, 29, 5, 15],
    [132, 86, 525, 250, 109, 104, 84],
    [17, 14, 97, 37, 13, 7, 11],
    [152, 220, 927, 366, 110, 151, 131],
    [51, 56, 128, 64, 10, 15, 14]
  ],
  "method": "mvn_pdf",
  "cond_prob": [
    [
      [0.0025194965757, 0.67734472783, 0.0072977515988, 0.28731650975, 0.025437333482, 8.4180761264e-05],
      [0.58376595522, 0.062702349348, 0.18252911666, 3.8780696926e-05, 0.16412391387, 0.0068398842056],
      [0.0014570969248, 0.00031031420892, 0, 0.029637260378, 0.88579788317, 0.082797445319],
      [0.037218520859, 0.037719634416, 0.072261842286, 0.80972693432, 0.022509070625, 0.020563997497],
      [0.0073180577222, 0.13089184584, 0.13277967058, 0.2467133662, 0.44295033906, 0.039346720599],
      [0.005568709952, 0.042756426759, 0.75261408853, 0.17819303244, 0.014175064084, 0.0066926782339],
      [0.20402946358, 0.015312900662, 0.24739016294, 0.0050062990919, 0.30867344743, 0.21958772629]
    ],
    [
      [0.0032312548289, 0.6964915255, 0.0034748855955, 0.27166682422, 0.025019509739, 0.00011600011318],
      [0.70417147638, 0.058700247918, 0.079826035465, 3.3666560794e-05, 0.14858825372, 0.0086803199635],
      [0, 0, 0, 0.026236713698, 0.85990904115, 0.11385424516],
      [0.046376434769, 0.036198512173, 0.038337029142, 0.82478982472, 0.02397162418, 0.03032657502],
      [0.010091830163, 0.14347369634, 0.067905590958, 0.250484256, 0.46962567742, 0.058418949121],
      [0.011867494584, 0.072432972967, 0.59723240608, 0.27997717475, 0.023161843473, 0.015328108142],
      [0.26102637187, 0.015414571994, 0.11638619759, 0.0046742425601, 0.30127035945, 0.30122825653]
    ],
    [
      [0.0057973483152, 0.73041957555, 0.0026125436869, 0.24130902523, 0.019790739844, 7.076738056e-05],
      [0.87954762417, 0.025511222807, 0.030873546989, 1.4711377923e-05, 0.061265585692, 0.0027873089683],
      [0, 0.00070728098018, 0.00057967997132, 0.027257611205, 0.87973497013, 0.091720457714],
      [0.031567812607, 0.040493858517, 0.035479705717, 0.82757747079, 0.020093072379, 0.044788079986],
      [0.021938491768, 0.15137511977, 0.061394278, 0.26224239398, 0.45916401704, 0.043885699447],
      [0.025406779494, 0.073974910933, 0.57845379951, 0.28948445048, 0.021608882978, 0.011071176607],
      [0.49645918281, 0.012038512212, 0.081989251902, 0.0036867323871, 0.22803696537, 0.17778935531]
    ],
    [
      [0, 0.93437522593, 0.0013955298542, 0.057107171348, 0.0071220728699, 0],
      [0, 0.28887671498, 0.31980632977, 4.9055756973e-05, 0.39126789949, 0],
      [0, 0, 0.00081497102318, 0.0056472593078, 0.99353776967, 0],
      [0, 0.11005268559, 0.063379178222, 0.80505418746, 0.021513948729, 0],
      [0.00061597031114, 0.32931529733, 0.1043551885, 0.16784058266, 0.39077622294, 0.0070967382567],
      [0, 0.084466460683, 0.80130836488, 0.10421937623, 0.010005798203, 0],
      [0, 0.050594113747, 0.3779263828, 0.0048844780868, 0.56659502536, 0]
    ],
    [
      [0.0012979175814, 0.76952908184, 0.0042696908879, 0.19686994127, 0.027927847004, 0.00010552141235],
      [0.4536258668, 0.10480106746, 0.15911008316, 3.9524738585e-05, 0.26961851534, 0.012804942506],
      [0.0002653005003, 0.00069777162169, 0.00071813988033, 0.017419080148, 0.88617361471, 0.094726093135],
      [0.024541002904, 0.050344417759, 0.06699779098, 0.78137688833, 0.037609499857, 0.039130400171],
      [0.0040241868168, 0.15682863066, 0.082820770628, 0.1800055752, 0.52340285803, 0.052917978664],
      [0.0044767029429, 0.074947857562, 0.69267034897, 0.19052752392, 0.024278103437, 0.013099463173],
      [0.11804716427, 0.01925328523, 0.16232524016, 0.0038420185045, 0.38351147045, 0.31302082139]
    ],
    [
      [0.0040640557441, 0.60064248828, 0.0055531856007, 0.33920155692, 0.050234350076, 0.00030436337906],
      [0.67824736892, 0.025406515503, 0.082435880374, 2.3887163647e-05, 0.19893997811, 0.014946369933],
      [0, 0.00082275654926, 0.0081100858987, 0.0037414309352, 0.85062449138, 0.13670123523],
      [0.043716042915, 0.023738093463, 0.046906539108, 0.78840503824, 0.035921569445, 0.061312716828],
      [0.0075211774708, 0.057890063237, 0.062849499878, 0.16697513744, 0.60800273347, 0.0967613885],
      [0.009357252178, 0.031193730818, 0.70404745786, 0.20203738571, 0.028472949402, 0.024891224028],
      [0.16041640976, 0.0048330992893, 0.085953026275, 0.0024248405347, 0.30633130763, 0.44004131651]
    ],
    [
      [0.0019519495873, 0.62476808638, 0.0060090188794, 0.32872823987, 0.038392392649, 0.00015031262863],
      [0.48979075676, 0.063135863516, 0.16370225019, 4.8138246853e-05, 0.2700301044, 0.01329288688],
      [0, 0, 0.00073810973602, 0.021200474901, 0.8789218743, 0.099139541058],
      [0.021779756029, 0.031254069853, 0.056611124253, 0.82670214889, 0.030331628374, 0.033321272602],
      [0.0045072862258, 0.096230637901, 0.086851561754, 0.22370437579, 0.53277319579, 0.055932942539],
      [0.0047817781545, 0.043874640113, 0.68901950092, 0.2253949246, 0.023691566604, 0.013237589603],
      [0.12677428754, 0.011403945565, 0.16382973315, 0.0045943361716, 0.37577683028, 0.31762086729]
    ],
    [
      [0.002270870553, 0.69728050999, 0.0051067124768, 0.26326775297, 0.031952077932, 0.00012207607969],
      [0.55941441055, 0.07032194839, 0.13750032323, 3.8398016155e-05, 0.22204562226, 0.010679297559],
      [0.00041053987824, 0, 0.00076274630523, 0.019654903448, 0.88250937789, 0.096662432473],
      [0.034340232003, 0.039718995172, 0.058948407815, 0.80390305752, 0.030733599556, 0.032355707933],
      [0.0061389086511, 0.12659523017, 0.086448841884, 0.21066607442, 0.51711183902, 0.053039105856],
      [0.0065696883639, 0.058241945542, 0.6850916748, 0.21405917041, 0.023325549859, 0.012711971022],
      [0.16917845541, 0.01475051766, 0.15987201556, 0.0042540767307, 0.35797600657, 0.29396892807]
    ],
    [
      [0.002039336453, 0.69236909007, 0.0057515091363, 0.26474237458, 0.034946477482, 0.00015121228042],
      [0.51487862836, 0.069007515892, 0.15672126561, 3.884758596e-05, 0.2459529809, 0.013400761659],
      [0.00014057883742, 0, 0.001439129119, 0.018079678643, 0.87362233003, 0.10671828337],
      [0.029356238353, 0.039987640511, 0.063705134364, 0.79476769444, 0.03288448638, 0.039298805947],
      [0.0051505213332, 0.11497434277, 0.090913996191, 0.19730757277, 0.53009522552, 0.061558341419],
      [0.0053782781652, 0.051551012403, 0.70967725955, 0.19581044911, 0.023234162157, 0.014348838607],
      [0.13732538521, 0.012866221651, 0.16221514122, 0.0038335163955, 0.35386838927, 0.32989134626]
    ],
    [
      [0.0031400958805, 0.51437157896, 0.0076500437505, 0.42680769673, 0.047872004352, 0.00015858032347],
      [0.56335583982, 0.037393700731, 0.14877484769, 4.493412681e-05, 0.24040281796, 0.010027859675],
      [0.00038265174856, 0, 0.00076966283202, 0.022684150715, 0.89183556316, 0.08432797154],
      [0.030265997539, 0.018282114426, 0.055909382174, 0.83894760311, 0.029561847766, 0.027033054982],
      [0.0059909707248, 0.065758580402, 0.091372584045, 0.24088342441, 0.54733026367, 0.04866417675],
      [0.0061441421887, 0.029006610111, 0.69537703716, 0.23467366185, 0.023631170841, 0.011167377852],
      [0.16622520717, 0.0076975398008, 0.16975129736, 0.0048849748077, 0.38054958971, 0.27089139115]
    ],
    [
      [0.0021144383874, 0.59684790735, 0.0063048269693, 0.34984416308, 0.044725750919, 0.00016291329103],
      [0.49284748599, 0.05260450607, 0.15570528801, 4.5894443947e-05, 0.28569696664, 0.013099858844],
      [0, 0.00075331881481, 0.0013907811309, 0.019166358862, 0.88480541081, 0.093884130385],
      [0.021512075213, 0.029380451079, 0.054465330777, 0.82829846602, 0.033058693331, 0.033284983575],
      [0.0044163090063, 0.080196381525, 0.082283946209, 0.21387957152, 0.56413787352, 0.055085918219],
      [0.0048905971981, 0.038138746097, 0.69194667741, 0.2254734686, 0.026013232415, 0.013537278286],
      [0.12426174765, 0.0093967242853, 0.15444575103, 0.0043467636646, 0.39565233756, 0.31189667581]
    ],
    [
      [0.0025279969592, 0.60668143982, 0.0047733893277, 0.36808451234, 0.017848725108, 8.3936442913e-05],
      [0.66338237402, 0.063963387051, 0.1348425092, 5.6272996871e-05, 0.13005312023, 0.007702336492],
      [0.0020882010617, 0.0027541946524, 0.0037450142688, 0.048538933829, 0.83241391497, 0.11045974121],
      [0.028779132126, 0.028588554508, 0.041399870862, 0.87073170002, 0.013271814372, 0.017228928115],
      [0.0083551809126, 0.13443115357, 0.098870088126, 0.36025837324, 0.35346568532, 0.044619518826],
      [0.0071585394085, 0.04946829168, 0.62910572926, 0.29295956371, 0.01275277065, 0.0085551052926],
      [0.24909113208, 0.016818332751, 0.19671048294, 0.0078151726922, 0.2632747311, 0.26629014844]
    ],
    [
      [0.0024193457407, 0.49481149583, 0.010015486286, 0.46349166774, 0.029101216633, 0.00016078776671],
      [0.54298915644, 0.039670856339, 0.23159689896, 5.5701349475e-05, 0.17360463714, 0.012082749777],
      [0.00043987837181, 0.00075093944506, 0, 0.034522102037, 0.83438213442, 0.12990494572],
      [0.027593804916, 0.018388453591, 0.059762810627, 0.85203705495, 0.016697522773, 0.02552035314],
      [0.0055822130332, 0.072185144225, 0.14478983378, 0.31022650379, 0.40697074973, 0.060245555439],
      [0.003764381996, 0.020806775381, 0.75661759291, 0.19846580306, 0.011364049031, 0.0089813976236],
      [0.14758548938, 0.0077979582823, 0.25335155302, 0.0058066131846, 0.26562114371, 0.31983724242]
    ],
    [
      [0.0023538755279, 0.53970139162, 0.0067945035845, 0.41885381463, 0.032194644156, 0.00010177048451],
      [0.55527695075, 0.051348115871, 0.17310498629, 5.7703323013e-05, 0.21178651598, 0.008425727791],
      [0, 0.0012743821945, 0.0012644291661, 0.03362526939, 0.88705141579, 0.076784503458],
      [0.023149594325, 0.022405197799, 0.0513887889, 0.86397184287, 0.020870325243, 0.018214250862],
      [0.0056785825883, 0.0872711276, 0.10266076274, 0.29891757024, 0.46596224954, 0.039509707303],
      [0.005076357988, 0.033536519111, 0.68220569965, 0.25377054543, 0.017512893713, 0.0078979841065],
      [0.17356780998, 0.011226537894, 0.20986055205, 0.0066633583978, 0.35642769972, 0.24225404197]
    ],
    [
      [0.0023646312116, 0.6179451425, 0.0049301240936, 0.34290553931, 0.031678309863, 0.00017625302724],
      [0.57823984117, 0.06063246529, 0.13000191804, 4.8878977791e-05, 0.21595347995, 0.015123416573],
      [0.0010264569302, 0.00044756345549, 0.0011805537959, 0.026876460987, 0.8453832867, 0.12508567814],
      [0.027748943413, 0.029941488448, 0.044086937122, 0.83661274387, 0.024286435233, 0.037323451918],
      [0.0059957117824, 0.10459926964, 0.078233952172, 0.25696672669, 0.48221783538, 0.071986504335],
      [0.006563118135, 0.049234057812, 0.63708689885, 0.26732615292, 0.022179398089, 0.017610374196],
      [0.15608799272, 0.01145539526, 0.13618955196, 0.0048794447369, 0.31431293059, 0.37707468473]
    ],
    [
      [0.002092911126, 0.62940296732, 0.007693801123, 0.33737295616, 0.023310082341, 0.00012728192708],
      [0.54521749608, 0.063800076513, 0.21300759869, 5.021777591e-05, 0.1664807598, 0.011443851138],
      [0.00048448358379, 0.0013536410972, 0, 0.03557511645, 0.83507044099, 0.12751631788],
      [0.02728998342, 0.03088471323, 0.066294259738, 0.8303766705, 0.01799915663, 0.027155216481],
      [0.005941989224, 0.11793128903, 0.13691155944, 0.28278740958, 0.39810535535, 0.05832239737],
      [0.0042990200338, 0.03659453027, 0.74336781258, 0.19426764436, 0.01206623318, 0.0094047595744],
      [0.15896207317, 0.013158942871, 0.24399151548, 0.0054784241441, 0.26533086975, 0.31307817458]
    ],
    [
      [0.0022936065864, 0.51329389724, 0.0044287046551, 0.44692443997, 0.032946016671, 0.00011333488285],
      [0.58490384387, 0.051825492579, 0.12070321687, 6.5645498901e-05, 0.23243992803, 0.010061873162],
      [0, 0.0019239025588, 1.3239203824e-05, 0.031336438583, 0.88049315033, 0.086233269322],
      [0.021350838318, 0.020622299504, 0.032146895702, 0.88591014015, 0.020497065418, 0.019472760905],
      [0.0055621724233, 0.082782402982, 0.067178597507, 0.31980024979, 0.48038093716, 0.044295640142],
      [0.0063453498442, 0.040617959268, 0.57181981859, 0.34694891858, 0.022983848325, 0.011284105397],
      [0.17656213594, 0.011004916206, 0.14218235821, 0.0073673535609, 0.38074025886, 0.28214297722]
    ],
    [
      [0.0026409925154, 0.457692097, 0.0066067904023, 0.48245399464, 0.050411099656, 0.00019502577938],
      [0.53349754517, 0.035833619386, 0.14014018347, 5.4983224926e-05, 0.27699238321, 0.013481285543],
      [1.0173722054e-05, 0, 0.00061186712707, 0.023222099817, 0.87868791388, 0.097467945453],
      [0.022633625025, 0.011816590687, 0.045244953699, 0.85978606421, 0.028184945232, 0.03233382115],
      [0.0047823459788, 0.054930774654, 0.074806249841, 0.25711808561, 0.55124745149, 0.057115092422],
      [0.0054905925575, 0.027145600256, 0.64541425092, 0.28096306027, 0.026399361148, 0.014587134854],
      [0.13518995756, 0.0064912795532, 0.14068165042, 0.0052619120913, 0.38761450256, 0.32476069781]
    ],
    [
      [0.0036028231536, 0.51529983749, 0.0081256653768, 0.41538046485, 0.057421403966, 0.00016980516159],
      [0.5683268772, 0.032220564182, 0.13807096379, 3.7949846506e-05, 0.25195846386, 0.0093851811144],
      [0.00037031530512, 0, 0.001120680959, 0.018561386618, 0.9047127043, 0.075234912815],
      [0.036783200868, 0.016743149824, 0.059655074051, 0.82204358582, 0.035660848008, 0.02911414143],
      [0.0061820395798, 0.058405670305, 0.087229837504, 0.20994536829, 0.59131092597, 0.046926158359],
      [0.0067332163787, 0.027359243942, 0.71013121047, 0.21731985418, 0.027043604469, 0.011412870559],
      [0.16895356119, 0.0067078295442, 0.15938457961, 0.0041763006772, 0.40396400614, 0.25681372284]
    ],
    [
      [0.0016920048114, 0.77743635182, 0.0035215651139, 0.19561889358, 0.021655190238, 7.5994436843e-05],
      [0.56344129709, 0.10075400934, 0.1263150858, 3.7735254725e-05, 0.20058598628, 0.0088658862298],
      [0.00045117951307, 0, 0.00077369323657, 0.022573830095, 0.88682925738, 0.089372039774],
      [0.039928413433, 0.029998031223, 0.062826575146, 0.80656100072, 0.032821619949, 0.027864359526],
      [0.0061652130075, 0.18448832844, 0.080348102249, 0.2105122992, 0.47386176365, 0.044624293464],
      [0.0067296954119, 0.086274528771, 0.65610498688, 0.21829336879, 0.021719039063, 0.010878381084],
      [0.18546891011, 0.02315267208, 0.16145961171, 0.0045962310684, 0.35624954629, 0.26907302874]
    ],
    [
      [0.0017859046299, 0.59742550569, 0.0090068492098, 0.32660954575, 0.064949780108, 0.00022241461132],
      [0.37868707499, 0.042770405323, 0.19696450258, 3.7055405372e-05, 0.36577363497, 0.015767326723],
      [0, 0.00044253600321, 0.0022230522893, 0.0086416164507, 0.8982113611, 0.090481434155],
      [0.014633932165, 0.030574618814, 0.07814319109, 0.78303644851, 0.04806601128, 0.04554579814],
      [0, 0.059943565356, 0.090377352493, 0.15208698705, 0.63893780068, 0.058654294418],
      [0, 0.029383086394, 0.77335461174, 0.15551688488, 0.028022135428, 0.013723281558],
      [0.077356462129, 0.0063933297261, 0.16346913674, 0.0029598649744, 0.42962969128, 0.32019151515]
    ],
    [
      [0.0083699492816, 0.71997827387, 0.0087064511066, 0.23409762119, 0.028728605027, 0.00011909952889],
      [0.82933536354, 0.020871377093, 0.079068945884, 1.1061967117e-05, 0.067187083541, 0.0035261679765],
      [0, 0.00053496887353, 0.0013557764927, 0.019784190276, 0.87010787143, 0.10821719293],
      [0.061051221275, 0.051652649364, 0.1203071374, 0.71035746607, 0.026371122248, 0.030260403635],
      [0.02279240971, 0.11499480687, 0.14842931671, 0.18465247871, 0.47622038011, 0.052910607899],
      [0.015624852696, 0.033396524165, 0.80979886365, 0.11986114366, 0.01337888921, 0.007939726619],
      [0.42443285435, 0.0082120984108, 0.17369419946, 0.0023080370779, 0.20590034259, 0.18545246811]
    ],
    [
      [0.002701570771, 0.6474510459, 0.0073116213353, 0.30145904329, 0.040963790745, 0.00011292795964],
      [0.55557640019, 0.049663589119, 0.1579549368, 3.496158319e-05, 0.22882360368, 0.0079465086294],
      [0.00099237298638, 0.0013330793163, 0.00062692964515, 0.017939009598, 0.91002952735, 0.069079081103],
      [0.034382876293, 0.032484828305, 0.070952438313, 0.80221336393, 0.034047094874, 0.025919398286],
      [0.0060877843183, 0.093271766455, 0.10302293794, 0.20017629337, 0.55630759648, 0.041133621444],
      [0.0058128369037, 0.038206255544, 0.74323982188, 0.18181569015, 0.02219246798, 0.0087329275456],
      [0.1718238699, 0.010910741774, 0.19301778613, 0.0040727763532, 0.38925223473, 0.23092259111]
    ],
    [
      [0.0032293777948, 0.66315279003, 0.0091654586648, 0.28889786693, 0.03542294271, 0.00013156387793],
      [0.58606536153, 0.047437737901, 0.179426483, 3.0279158825e-05, 0.17868529242, 0.0083548459936],
      [0.00052417997561, 0.00068478750976, 0, 0.019682919189, 0.88382292103, 0.095285192298],
      [0.045940665056, 0.037708335284, 0.082494832894, 0.77360801193, 0.029737148993, 0.030511005841],
      [0.0076270677072, 0.10314755588, 0.13561224668, 0.20083402642, 0.50267524723, 0.050103856088],
      [0.0059001889918, 0.034210266306, 0.78761904439, 0.14734639663, 0.016289033254, 0.0086350704372],
      [0.19128492174, 0.010835275844, 0.22742706059, 0.0036583883459, 0.31475842131, 0.25203593217]
    ],
    [
      [0.0044868368706, 0.58461090014, 0.0088358750931, 0.35184122409, 0.050056359602, 0.00016880420725],
      [0.62769765281, 0.033030820632, 0.13438659721, 2.8894540287e-05, 0.19651059704, 0.0083454377657],
      [0, 0, 0.0010783700136, 0.017673967973, 0.89499947531, 0.086248186701],
      [0.047832230121, 0.025802927659, 0.072725851586, 0.78582464805, 0.035119454103, 0.032694888475],
      [0.0084687733859, 0.073531995332, 0.10440961476, 0.19614732538, 0.56618691612, 0.051255375022],
      [0.008161103432, 0.030462288904, 0.74784581762, 0.17951974808, 0.022963036158, 0.01104800581],
      [0.20969532382, 0.0076780072423, 0.17319547203, 0.0035486697731, 0.35131148982, 0.25457103731]
    ],
    [
      [0.0012485308325, 0.79138119797, 0.013102383394, 0.1771365782, 0.017088620815, 4.2688792069e-05],
      [0.37226839161, 0.073655692775, 0.38081718758, 2.8078979494e-05, 0.16895762493, 0.0042730241303],
      [0.00041490971539, 0.00094898702663, 0, 0.024516923361, 0.91255793069, 0.061561249208],
      [0.12126488622, 0.076511263401, 0, 0.73378510061, 0.05411539337, 0.014323356398],
      [0.0042840689725, 0.15203708063, 0.28614537045, 0.17653652237, 0.35711191247, 0.023885045107],
      [0.001661513864, 0.024272874361, 0.90319492011, 0.063189071558, 0.0056583738388, 0.0020232462668],
      [0.11380751086, 0.015986504955, 0.5093361145, 0.0032767127096, 0.23237967953, 0.12521347744]
    ],
    [
      [0.0047371405824, 0.59963887741, 0.009512441552, 0.34001853275, 0.045927025914, 0.00016598179193],
      [0.64383331784, 0.03290642259, 0.14037032156, 2.7099942404e-05, 0.17490240532, 0.0079604327535],
      [0, 0.00019335333778, 0.0011079010234, 0.018529367479, 0.88797530883, 0.092194069331],
      [0.051552890705, 0.027151950636, 0.079924479188, 0.775614378, 0.032915554877, 0.032840746597],
      [0.0093496647077, 0.078958960646, 0.11754228122, 0.19826698584, 0.54317696179, 0.052705145791],
      [0.0082021160863, 0.029772631591, 0.76647580749, 0.16515820807, 0.020052318834, 0.010338917929],
      [0.22331201668, 0.0079486131748, 0.18797885937, 0.0034583441944, 0.32491508844, 0.25238707814]
    ],
    [
      [0.0026321642133, 0.48375763709, 0.0050540459805, 0.48450915862, 0.023979271067, 6.7723026092e-05],
      [0.6592554459, 0.044186273925, 0.13070757119, 6.4714530928e-05, 0.16011290505, 0.0056730894129],
      [0, 0.0062337709127, 0.0054353157815, 0.041174377197, 0.8822117955, 0.064944740608],
      [0.022949140759, 0.017913393675, 0.034325809032, 0.90004891398, 0.013909513548, 0.010853229007],
      [0.0072634155998, 0.08635338252, 0.087269057431, 0.3872422437, 0.4015880278, 0.03028387295],
      [0.006546597783, 0.033286000983, 0.60840995227, 0.3308007722, 0.014932474602, 0.0060242021581],
      [0.24577150945, 0.011845809263, 0.1948075089, 0.0091846183564, 0.3340895466, 0.20430100743]
    ],
    [
      [0.0014175476146, 0.6736164959, 0.0030807604549, 0.30769770192, 0.014121512405, 6.5981706555e-05],
      [0.64704489601, 0.068021622108, 0.1234435137, 5.7015895503e-05, 0.15240497606, 0.0090279762239],
      [0.0019585035472, 0.0036016189729, 0.003767739282, 0.040979527978, 0.83419403005, 0.11549858017],
      [0.018273332344, 0.026828858891, 0.030747149331, 0.89665595555, 0.012001269966, 0.015493433914],
      [0.0059990634477, 0.13780270782, 0.080464738533, 0.35970071506, 0.37000076894, 0.046032006193],
      [0.0054668724586, 0.052419171568, 0.6060009018, 0.31328440106, 0.013652011873, 0.0091766412373],
      [0.20236309628, 0.016285956872, 0.16897400702, 0.0074144325085, 0.296245134, 0.30871737332]
    ],
    [
      [0.0046221737269, 0.5428369554, 0.0088249514706, 0.38573716981, 0.057800252103, 0.00017849748941],
      [0.61968405859, 0.028874737805, 0.12753904504, 3.004027415e-05, 0.21548796555, 0.0083841527372],
      [0.00047139744779, 0, 0.0007428912287, 0.016605945371, 0.90319945422, 0.078980311738],
      [0.045787653967, 0.01722339564, 0.070806159276, 0.79627524895, 0.038010432372, 0.03189710979],
      [0.007902975797, 0.061322004958, 0.094462419572, 0.19468861847, 0.59250417478, 0.049119806421],
      [0.0082345784914, 0.027455019998, 0.734260127, 0.19266131217, 0.025952081698, 0.011436880639],
      [0.20137701755, 0.0065674704967, 0.1608508324, 0.0036117401788, 0.37717362281, 0.25041931657]
    ],
    [
      [0.0036029713214, 0.41881698045, 0.0069537278731, 0.51011576571, 0.060333539415, 0.00017701522965],
      [0.58287101942, 0.025767466325, 0.11771633832, 4.6046803494e-05, 0.26384393272, 0.0097551964057],
      [0.0003495412669, 0, 0.00055460325797, 0.021248748645, 0.90250974377, 0.075337363059],
      [0.032602957911, 0, 0.046296136798, 0.8622325654, 0.032918391383, 0.025949948505],
      [0.0074762968918, 0.04281019577, 0.07057395098, 0.24277293413, 0.58996722526, 0.046399396963],
      [0.0070929856767, 0.023185232951, 0.64721512065, 0.28010995875, 0.029876773381, 0.012519928586],
      [0.16825889673, 0.0053215975073, 0.13471395168, 0.0050261217634, 0.42051636153, 0.26616307079]
    ],
    [
      [0.0018847385457, 0.56380536441, 0.0039142510747, 0.39340999984, 0.036849600911, 0.00013604522639],
      [0.52244893705, 0.062398302624, 0.11714386029, 6.352931933e-05, 0.28470309026, 0.01324228045],
      [0, 0.00039582018755, 0, 0.02636483529, 0.87970412456, 0.093535219958],
      [0.018250649978, 0.028112093313, 0.027464386024, 0.87194538438, 0.0279708651, 0.026256621209],
      [0.0044587533403, 0.088532936123, 0.057950386778, 0.27508542161, 0.52221022198, 0.051762280168],
      [0.0058026736168, 0.049509004287, 0.56080788715, 0.34019701991, 0.028610881874, 0.015072533163],
      [0.13770346016, 0.01149712267, 0.11973559302, 0.0061909499448, 0.40398275215, 0.32089012205]
    ],
    [
      [0.0031915092382, 0.63377676621, 0.0072242789884, 0.32324450166, 0.032426517704, 0.00013642620187],
      [0.62074923424, 0.047282187341, 0.14946799443, 3.5867234186e-05, 0.17327217987, 0.0091925368905],
      [0.0010756308999, 0.0013285220683, 0.00038578675492, 0.024674986829, 0.86774926446, 0.10478580899],
      [0.038264018427, 0.030463418339, 0.066060849372, 0.81030642084, 0.025397880641, 0.029507412384],
      [0.0079531485348, 0.1025249262, 0.11262960171, 0.23731894485, 0.48482091189, 0.05475246681],
      [0.0068900934715, 0.03808320917, 0.73144643435, 0.19535233308, 0.017634325977, 0.010593603955],
      [0.20372244335, 0.010925808155, 0.19191440269, 0.0043893741033, 0.30892299625, 0.28012497545]
    ],
    [
      [0.0041013465455, 0.51180310438, 0.0053721333844, 0.42626059556, 0.052296956242, 0.00016586388756],
      [0.64160590016, 0.031934556063, 0.09024606038, 3.8707627983e-05, 0.2271017102, 0.0090730655619],
      [0.00045997123221, 0, 0, 0.02076161853, 0.89763186248, 0.081146547759],
      [0.041354309952, 0.01938415448, 0.035508881197, 0.84269584988, 0.032675866094, 0.028380938401],
      [0.0076244008461, 0.06331557936, 0.062457003863, 0.23410142106, 0.58287327034, 0.049628324527],
      [0.010065832084, 0.035969636229, 0.61311419539, 0.29383516917, 0.032368956127, 0.014646211001],
      [0.20766576667, 0.0072464203705, 0.11351541645, 0.0046409934296, 0.39659453461, 0.27033686848]
    ],
    [
      [0.003088456356, 0.44638638024, 0.0076117128945, 0.47521470712, 0.067384039831, 0.00031470355268],
      [0.50850978153, 0.029058810853, 0.13522892202, 4.5231959322e-05, 0.30898007504, 0.018177178601],
      [0, 0, 0.00052662942733, 0.017216014361, 0.87022192916, 0.11203542705],
      [0.025474453458, 0, 0.055144662809, 0.835081542, 0.036918178984, 0.047381162753],
      [0.0045751419588, 0.043483248082, 0.070536777392, 0.20699386076, 0.59927691573, 0.075134056082],
      [0.0057902365058, 0.023680240908, 0.66844445291, 0.24904325319, 0.031824567533, 0.021217248951],
      [0.11508740443, 0.0037026022108, 0.11972526821, 0.0037940363832, 0.37763220279, 0.38005848598]
    ],
    [
      [0.0029926867211, 0.57389162853, 0.0045492325268, 0.37144902987, 0.046929838456, 0.00018758390443],
      [0.58769194401, 0.045125531578, 0.096695283747, 4.2583179325e-05, 0.25748043244, 0.012964225046],
      [0.00036681817383, 0.00031644439422, 0, 0.019758188863, 0.87938481009, 0.10017373848],
      [0.037018930997, 0.027596615253, 0.02705036369, 0.83745020283, 0.034348810626, 0.036535076599],
      [0.0060987252879, 0.077651665269, 0.05802554747, 0.22356083, 0.57315587151, 0.061507360461],
      [0.0084529481975, 0.046262818942, 0.59836309935, 0.29442835527, 0.033426980478, 0.019065797762],
      [0.16405809775, 0.0087923878111, 0.10446013525, 0.0043864197532, 0.38619718829, 0.33210577115]
    ],
    [
      [0.0041398291401, 0.44467888288, 0.0054075942163, 0.47352487361, 0.072008960662, 0.00023985949037],
      [0.59588398254, 0.024799573482, 0.082559788827, 3.8762189427e-05, 0.28476815561, 0.011949737347],
      [0.00033596931459, 0, 0, 0.016547685591, 0.89758656478, 0.085529780314],
      [0.047732708092, 0.0036556329058, 0.020658771891, 0.8425054531, 0.04284138612, 0.042606047891],
      [0.0061068081816, 0.042911284671, 0.049790383266, 0.20506789681, 0.63901880382, 0.057104823252],
      [0.0096429626012, 0.029221300967, 0.5902163161, 0.30858303745, 0.042247547415, 0.020088835466],
      [0.16464436439, 0.0048455860817, 0.089369071417, 0.0040050334373, 0.42921104096, 0.30792490372]
    ],
    [
      [0.001168822397, 0.66484135127, 0.0049903500723, 0.29725428183, 0.031606277348, 0.00013891708094],
      [0.40464376403, 0.088493519258, 0.18565882581, 5.8755894919e-05, 0.30431742827, 0.016827706744],
      [0, 0, 0.00072597165191, 0.022530965508, 0.86776665312, 0.10897640972],
      [0, 0.033372541552, 0.055083695912, 0.84321317333, 0.033404397059, 0.034926192149],
      [0.0031128243861, 0.1143277163, 0.083075952315, 0.23189103466, 0.50775372887, 0.059838743462],
      [0, 0.052444247213, 0.67480809379, 0.23587314576, 0.022652075843, 0.014222437388],
      [0.089040422424, 0.013965222531, 0.16490536319, 0.0049194117492, 0.3726151353, 0.3545544448]
    ],
    [
      [0.0040791592038, 0.53580322694, 0.011041432322, 0.38947760777, 0.059408662081, 0.00018991167687],
      [0.57015834815, 0.028832001727, 0.16399024329, 3.0879907403e-05, 0.22781447281, 0.0091740541134],
      [0.0004010729508, 0, 0.00060234821897, 0.015825810673, 0.90048875522, 0.082682012941],
      [0.042934951825, 0.01686130788, 0.081699028092, 0.7868490858, 0.038433840922, 0.033221785483],
      [0.0066799724078, 0.057193332817, 0.1130926858, 0.18695254786, 0.58586603784, 0.050215423283],
      [0.0060764300254, 0.022362465788, 0.77745873561, 0.16167487332, 0.022263358887, 0.010164136369],
      [0.17044588148, 0.0060961740382, 0.1923053703, 0.0034522936313, 0.37165670055, 0.25604358]
    ],
    [
      [0.0032625040544, 0.53496342346, 0.010138038375, 0.39234118024, 0.059111843611, 0.00018301025649],
      [0.52071215859, 0.033453234709, 0.17364274918, 3.6130477217e-05, 0.26194610354, 0.010209623507],
      [0.00032374150968, 0, 0.00071764410108, 0.016196056278, 0.90260608309, 0.080156475018],
      [0.033494399442, 0.01880599926, 0.075733120752, 0.80087741952, 0.03874441777, 0.032344643259],
      [0.0054160329369, 0.0581613116, 0.10522480964, 0.19167571836, 0.59051691902, 0.049005208435],
      [0.0052199329238, 0.0241232869, 0.7604612608, 0.17582383969, 0.023836408153, 0.010535271525],
      [0.14476959424, 0.0065281596155, 0.18801149847, 0.0037285689202, 0.39424283345, 0.26271934531]
    ],
    [
      [0.001966675885, 0.6143737411, 0.0044186746388, 0.3481088041, 0.031027131557, 0.00010497272257],
      [0.54499825885, 0.069479987223, 0.13339025996, 5.6966853451e-05, 0.24177343062, 0.010301096493],
      [0, 0, 0.00068243614126, 0.028752700763, 0.88542654332, 0.085138319777],
      [0.023013158876, 0.030060434675, 0.040476212777, 0.85986669214, 0.024089586703, 0.022493914827],
      [0.0052228621769, 0.10957111662, 0.073479241592, 0.27381996822, 0.4931101382, 0.044796673196],
      [0.0058885676711, 0.053111089033, 0.61308851328, 0.2931515814, 0.023445932763, 0.011314315848],
      [0.16227159907, 0.01437876984, 0.15303997131, 0.0062272113418, 0.38461465888, 0.27946778956]
    ],
    [
      [0.00065034394565, 0.81677237921, 0.0031762167168, 0.15048410726, 0.02879090092, 0.00012605195055],
      [0.31254727336, 0.13369951658, 0.16053696277, 4.0049823861e-05, 0.37263172416, 0.020544473311],
      [0, 0, 0.00050942822293, 0.012498547669, 0.87720724354, 0.10978478057],
      [0, 0.053022794625, 0.068120121585, 0.75694248279, 0.06756106928, 0.054353531721],
      [0, 0.15732318659, 0.066684829265, 0.14306150584, 0.5664778554, 0.066452622904],
      [0.0028076803492, 0.088837019681, 0.67665101812, 0.18104798658, 0.03114033478, 0.019515960493],
      [0.048791362744, 0.018535331995, 0.13556138716, 0.0029702176956, 0.40613346585, 0.38800823456]
    ],
    [
      [0.0030968163664, 0.54397621524, 0.0071872069536, 0.39253533327, 0.053029689758, 0.00017473841878],
      [0.54795199245, 0.039153221942, 0.13839547242, 4.0880162912e-05, 0.26352392677, 0.010934506261],
      [0.00034259445623, 0, 0.001290506483, 0.018962042524, 0.89487891589, 0.084525940645],
      [0.031887835479, 0.022108057228, 0.055349928822, 0.82384455829, 0.034985089438, 0.031824530747],
      [0.0056682848938, 0.066735254005, 0.082363996617, 0.21243295271, 0.58137452659, 0.051424985178],
      [0.0064169361223, 0.03248846129, 0.6919530758, 0.22839504466, 0.027716810268, 0.013029671857],
      [0.15512289904, 0.0077143515939, 0.15111290988, 0.0042539515305, 0.39913033786, 0.28266555009]
    ],
    [
      [0.0051764049976, 0.56915194223, 0.0056203265868, 0.35440983172, 0.065391981555, 0.00024951291163],
      [0.67054354863, 0.025337642504, 0.073147942982, 2.3948089491e-05, 0.22036577597, 0.010581141828],
      [0.00044663549248, 0.00020448874014, 0, 0.012298194565, 0.88914876687, 0.097901914331],
      [0.055653952547, 0.024149477575, 0.041611119881, 0.78346419093, 0.045108910034, 0.05001234903],
      [0.0083675620329, 0.057022564949, 0.056642175955, 0.16465679006, 0.64729056089, 0.066020346112],
      [0.012350769153, 0.036163627542, 0.65947455414, 0.231725134, 0.038992673914, 0.021293241247],
      [0.20242162334, 0.0056259247188, 0.089827422205, 0.0028166764858, 0.38172994393, 0.31757840932]
    ],
    [
      [0.0056767121853, 0.52899382494, 0.0067621885661, 0.42024986425, 0.038144134423, 0.00017327563916],
      [0.73074271785, 0.027895272842, 0.095068243613, 3.2010672729e-05, 0.13834683198, 0.007914923039],
      [0, 0, 0.00082647981959, 0.028352822147, 0.85931819512, 0.11150250292],
      [0.052324843575, 0.019430681807, 0.051071494378, 0.82416227611, 0.023521092425, 0.029489611703],
      [0.012233463485, 0.076649321074, 0.091271419362, 0.26816643822, 0.49168980134, 0.059989556519],
      [0.012125013132, 0.032660114294, 0.66904341398, 0.25228881804, 0.020560991745, 0.013321648811],
      [0.28279611531, 0.0074904310358, 0.14147639975, 0.0045389265001, 0.28533216741, 0.27836595999]
    ],
    [
      [0.0049763300219, 0.49162802055, 0.0046825779121, 0.36126461683, 0.13716196693, 0.00028648775464],
      [0.51924798456, 0.019866023279, 0.052190459233, 2.1312540425e-05, 0.39823676694, 0.010437453446],
      [0.010060845583, 0.0049963716675, 0, 0.019258210339, 0.91320358389, 0.052480988521],
      [0.082392005132, 0.02006934847, 0.0031172938597, 0.75300665497, 0.089606586675, 0.051808110898],
      [0.0047343589192, 0.030299405387, 0.027685625638, 0.099284027921, 0.79371527498, 0.044281307153],
      [0.012909826294, 0.03581505515, 0.57552535481, 0.25969850177, 0.089380112481, 0.026671149494],
      [0.13331803476, 0.0035914208291, 0.052091387419, 0.0020368851722, 0.557196144, 0.25176612782]
    ]
  ],
  "expected_outcome": [
    [
      [0.19148173976, 0.16156274144, 0.034784089891, 0, 0.077875054885, 0.028448390209, 0.29474438769, 0.48596629835, 0.075455448763, 0.32971006745, 0.044403206136, 0.34127958949, 0.041128877592, 0.31541932073, 0.24592164601, 0.096273911795, 0.1513780347, 0.15053657338, 0.1477157493, 0.047376134718, 0.01071542778, 0.066959594253, 0.02701570771, 0.16792764533, 0.32305225469, 0.0087397158274, 0.40265694951, 0.11318306117, 0.0056701904583, 0.10630999572, 0.075662397749, 0.062196372008, 0.051064147811, 0.19686463418, 0.071034496188, 0.13167821573, 0.091076241082, 0.035064671911, 0.12237477612, 0.071775089197, 0.28320132744, 0.0039020636739, 0.40877976037, 0.087998884959, 0.86286025217, 0.25379283112],
      [51.4781993149, 34.8245762751, 4.3825174533, 3.7375009037, 46.1717449106, 4.2044974179, 94.339981044, 149.2180291383, 25.6176563327, 54.0090157906, 12.5338060544, 81.9019943759, 8.4117954292, 72.3199864766, 64.2662948196, 28.9525364966, 33.8773972177, 26.0884495292, 21.1272933371, 21.768217851, 3.5845530341, 5.759826191, 6.474510459, 34.4839450814, 42.09198481, 5.5396683858, 50.9693045801, 20.8015783951, 2.6944659836, 12.4852499743, 8.7951565895, 18.6055770254, 10.1404282594, 24.5665490101, 10.2668867456, 25.2512316552, 9.7829354234, 19.9452405381, 16.0740968083, 11.7691953162, 88.4698187178, 4.9006342753, 71.8048604113, 9.6755830178, 80.4070613911, 25.0730290481],
      [0.55462912151, 0.17374427977, 0.015675262122, 0.0055821194168, 0.25618145328, 0.038872299205, 0.90736185079, 1.09283647, 0.21280583804, 0.8032545938, 0.13240136636, 0.64440755925, 0.17026326687, 0.91046348033, 0.51273290574, 0.35391485166, 0.29229450724, 0.37658705293, 0.33315228045, 0.098603823188, 0.054041095259, 0.069651608853, 0.073116213353, 0.47660385057, 0.6361830067, 0.091716683759, 0.80855753192, 0.21732397716, 0.01232304182, 0.20297388382, 0.14602828534, 0.12917028547, 0.11558846381, 0.25786240245, 0.17506939657, 0.20016623118, 0.11896707276, 0.14971050217, 0.33124296965, 0.22303684425, 0.63628914799, 0.019057300301, 0.94871131787, 0.095545551975, 1.027852662, 0.23881147352],
      [21.8360547413, 13.583341211, 1.4478541514, 0.22842868539, 11.8121964763, 2.3744108985, 49.6379642206, 56.3392991348, 9.7954678593, 44.8148081572, 7.3467274247, 49.691409166, 7.8793583516, 56.1264111605, 35.662176088, 15.5191559836, 29.4970130378, 27.4998776947, 17.030599059, 5.4773290202, 1.9596572745, 1.8727809695, 3.0145904329, 15.0226890801, 25.3325681343, 1.2399560474, 28.9015752835, 20.8338938206, 1.2307908077, 8.8719549056, 10.7124310799, 12.9825299946, 5.1719120265, 20.460508587, 10.9299382638, 16.3437573141, 10.4175472194, 8.9176284549, 11.6843282332, 8.6315059652, 50.1276677905, 0.90290464354, 51.814663991, 6.0249671393, 63.8779793653, 18.4244954583],
      [1.9332373446, 1.250975487, 0.11874443907, 0.02848829148, 1.6756708202, 0.35164045053, 5.79725129, 6.8377446774, 1.2930196668, 5.026560457, 0.9392407693, 2.4095778895, 0.49472068277, 4.3140823169, 3.2945442258, 1.0722637877, 2.1744371003, 2.8734326804, 2.3542775626, 0.60634532666, 0.38969868065, 0.22982884022, 0.40963790745, 1.8419930209, 3.6040578914, 0.1196203457, 3.9037972027, 1.0311086559, 0.056486049618, 1.3294057984, 1.2670043277, 1.2160368301, 0.51882428327, 2.5102538996, 1.5498329161, 2.064912892, 1.5841971346, 0.94818832043, 1.7822598624, 1.3004605595, 4.4679069443, 0.17274540552, 6.9999190481, 1.1116636864, 5.7979084323, 6.9952603134],
