{
  "Z_true": {},
  "V_true": [
    [43, 2947, 148, 3368, 92],
    [972, 217, 684, 176, 69],
    [540, 1036, 6187, 1010, 438],
    [81, 1809, 113, 7207, 195],
    [79, 506, 275, 884, 229],
    [24, 421, 223, 752, 421],
    [92, 123, 314, 166, 342]
  ],
  "p_true": [
    [0.0065, 0.4467, 0.0224, 0.5105, 0.0139],
    [0.4589, 0.1025, 0.3229, 0.0831, 0.0326],
    [0.0586, 0.1125, 0.6717, 0.1097, 0.0476],
    [0.0086, 0.1923, 0.012, 0.7663, 0.0207],
    [0.04, 0.2565, 0.1394, 0.448, 0.1161],
    [0.013, 0.2287, 0.1211, 0.4085, 0.2287],
    [0.0887, 0.1186, 0.3028, 0.1601, 0.3298]
  ],
  "Z_est": [
    [
      [0.0103, 0.6773, 0.4716, 0, 0.0637, 0, 0, 0, 0, 0, 0, 0.2115, 0.0418, 0.2886, 0.1595, 0.5791, 0, 1.1125, 0, 0, 0, 0, 0, 0, 0, 0, 0, 0, 0, 0, 0.4233, 6.5285, 0],
      [15.3008, 12.2765, 8.3719, 137.9956, 103.6236, 115.9315, 107.9843, 162.2732, 108.2355, 14.3918, 98.1592, 72.2818, 43.6269, 37.3722, 108.8098, 74.4834, 5.8141, 152.3716, 334.9757, 80.2328, 148.2815, 96.5233, 281.2512, 195.494, 96.7124, 123.7668, 134.3934, 176.5796, 13.9492, 234.2058, 40.4087, 390.6825, 93.5219],
      [0.3292, 0.5515, 0.2065, 0, 0.6963, 0, 0.3, 0, 0, 0.7468, 0, 0.5323, 0.4985, 0.4535, 1.6231, 1.2982, 0.0704, 1.3612, 0, 0, 0, 0, 0, 0, 0, 0, 0, 0, 0.1345, 0.8836, 0, 3.3455, 0],
      [9.3455, 5.4651, 2.8626, 96.0044, 61.3666, 95.0685, 83.6741, 122.7268, 98.7645, 10.3973, 69.8408, 42.9744, 30.8328, 21.825, 75.3565, 57.4378, 2.1071, 85.1547, 225.0029, 50.7672, 129.7185, 45.4767, 214.7488, 128.506, 68.2876, 84.2332, 111.6066, 149.4204, 18.7996, 198.421, 37.168, 263.5971, 54.4781],
      [0.0143, 0.0296, 0.0874, 0, 0.2498, 0, 0.0416, 0, 0, 0.4641, 0, 0, 0, 0.0607, 0.0512, 0.2015, 0.0083, 0, 0.0214, 0, 0, 0, 0, 0, 0, 0, 0, 0, 0.1167, 0.4895, 0, 0.8464, 0]
    ],
    [
      [23.9196, 6.6227, 8.2145, 47.3307, 33.7969, 38.3487, 30.3081, 41.589, 41.5594, 14.2349, 26.6165, 36.0107, 33.959, 52.9511, 102.726, 86.414, 1.9927, 64.2425, 84.1726, 14.5573, 20.1616, 23.8622, 43.4066, 35.5408, 17.6628, 18.7982, 13.7979, 50.5946, 4.6489, 40.3548, 18.3197, 246.7788, 49.298],
      [2.9003, 0.7106, 0.8203, 6.7538, 4.6885, 5.8396, 3.9477, 6.8204, 6.4327, 1.4411, 3.1508, 4.788, 4.1998, 4.9678, 12.5934, 8.2667, 0.6302, 8.4386, 13.2612, 2.3909, 2.4974, 5.0278, 6.3406, 4.1775, 2.3802, 2.9665, 1.6005, 7.7822, 0.4493, 7.109, 1.3664, 23.1443, 8.572],
      [12.8346, 2.5777, 2.695, 20.0724, 12.9028, 17.7311, 13.1515, 20.5843, 19.6459, 7.4515, 8.7194, 13.7246, 15.5767, 18.2944, 46.3892, 33.9191, 1.3247, 23.8001, 37.6713, 6.7549, 7.9115, 9.6882, 16.3931, 10.739, 6.6256, 6.8549, 4.3827, 21.1996, 2.6972, 25.3337, 5.117, 72.3899, 18.3591],
      [0, 0, 0, 0.2338, 0, 0.3595, 0.1258, 0.3238, 0.6016, 0, 0.111, 0, 0, 0, 0, 0, 0, 0, 0.3911, 0.0507, 0.1225, 0.0878, 0.3057, 0.1158, 0.0821, 0.1178, 0.0707, 0.6503, 0.0125, 0.3285, 0.0562, 0, 0.5007],
      [0.3455, 0.089, 0.2702, 0.6093, 0.6118, 0.7211, 0.4668, 0.6825, 0.7604, 0.8725, 0.4023, 0.4767, 0.2645, 0.7868, 1.2914, 1.4002, 0.0525, 0.5189, 1.5039, 0.2462, 0.3069, 0.3339, 0.5541, 0.427, 0.2494, 0.2626, 0.1482, 0.7732, 0.1921, 0.8739, 0.1407, 3.687, 0.2702]
    ],
    [
      [3.7435, 1.5281, 1.2607, 10.1715, 15.4601, 8.2741, 14.3192, 9.1057, 7.1114, 0.7463, 13.9667, 12.764, 14.3757, 22.545, 28.0305, 22.2073, 0, 21.6847, 13.4059, 4.3103, 7.5281, 5.9807, 10.0754, 20.9215, 5.2275, 3.0206, 7.0784, 2.1969, 6.1274, 1.4406, 10.0591, 94.1645, 9.4504],
      [5.9385, 1.774, 1.1059, 24.3766, 27.0047, 37.6204, 25.4758, 39.8043, 41.9548, 1.1802, 22.1441, 20.0517, 19.6134, 15.6512, 35.7334, 17.2191, 2.6557, 32.0748, 48.7975, 13.8832, 21.6436, 35.1551, 57.6467, 33.8755, 14.5961, 24.0343, 24.2343, 42.9626, 6.7316, 26.2935, 6.645, 77.7158, 36.2227],
      [107.7304, 23.9279, 13.0905, 200.7572, 233.4018, 251.8317, 273.2961, 290.0945, 269.0331, 23.9701, 172.0051, 179.922, 253.4013, 233.8867, 463.6299, 268.2156, 15.9885, 279.2257, 358.5757, 109.2152, 141.298, 134.3229, 207.6429, 215.0923, 89.9399, 73.6616, 94.9998, 156.5852, 171.1139, 236.6077, 89.8164, 835.5985, 157.3525],
      [0, 0, 0, 15.0182, 11.2913, 27.0425, 20.2353, 26.5228, 37.2074, 0.6333, 14.8192, 7.8852, 8.5407, 0, 14.4636, 7.4461, 0.1585, 10.4514, 26.5389, 7.2961, 13.9, 10.2632, 22.7847, 17.8209, 7.543, 7.8472, 10.6673, 18.778, 3.4282, 18.6465, 7.1359, 32.5046, 15.3504],
      [9.5876, 2.7701, 3.5429, 22.6765, 38.8422, 38.2313, 34.6736, 35.4728, 39.6932, 6.47, 29.065, 22.3772, 17.0688, 32.917, 45.1426, 35.9119, 2.1972, 29.5634, 51.682, 14.2952, 20.6303, 18.2781, 27.8503, 32.2898, 12.6934, 11.4365, 13.0202, 23.4773, 46.5989, 29.0117, 9.3436, 146.0166, 10.624]
    ],
    [
      [2.1269, 0.126, 0.0164, 0, 0.1716, 0, 0, 0, 0, 0, 0, 0.5928, 0.1377, 3.0923, 0.2615, 0.7969, 0, 1.402, 0, 0, 0, 0, 0, 0, 0, 0, 0, 0, 0, 0, 0.8408, 15.2481, 0],
      [5.0647, 2.5822, 0.7849, 41.1857, 42.4806, 44.3006, 42.1508, 48.8386, 29.9006, 1.7082, 29.6917, 30.3384, 17.9758, 11.8314, 31.6935, 18.5217, 3.0765, 43.9905, 89.7467, 32.3688, 37.133, 39.2112, 82.3198, 69.3181, 33.6584, 39.2929, 38.9022, 46.8377, 15.0662, 44.9783, 9.6374, 134.5479, 33.3133],
      [0.617, 0.3869, 0.0234, 0, 1.6596, 0, 0.6503, 0, 0, 0.2467, 0, 1.3382, 1.4966, 0.7176, 2.487, 1.6935, 0.2063, 1.5967, 0, 0, 0, 0, 0, 0, 0, 0, 0, 0, 5.6562, 0.6379, 0, 7.0966, 0],
      [26.9541, 12.7679, 3.1053, 255.9768, 223.9079, 377.6405, 301.0229, 349.6733, 301.0658, 12.6938, 192.8608, 160.5281, 115.9522, 61.6201, 201.2125, 134.648, 10.5844, 220.7341, 544.0317, 181.4018, 323.5065, 160.7888, 619.6802, 404.3597, 219.3715, 251.7071, 329.0085, 425.9061, 211.265, 363.5501, 84.3434, 848.9466, 179.6867],
      [0.2374, 0.137, 0.07, 0.8375, 2.7803, 2.0589, 2.176, 1.4881, 1.0336, 0.3513, 1.4475, 1.2026, 0.4377, 0.7386, 1.3455, 1.3398, 0.1328, 1.2767, 4.2216, 1.2294, 1.3606, 0, 0, 1.3222, 0.97, 0, 0.0892, 0.2562, 9.0126, 2.8337, 0.1783, 10.1609, 0]
    ],
    [
      [0.0108, 0.0184, 0.0043, 0, 0.0131, 0, 0, 0, 0, 0, 0.0207, 0.0442, 0.017, 0.086, 0.0284, 0.089, 0, 0.094, 0, 0, 0, 0, 0, 0.0333, 0, 0, 0, 0, 0, 0, 0.0981, 0.6757, 0],
      [2.1138, 0.6102, 0.2071, 4.1995, 5.5745, 5.937, 7.9829, 6.14, 8.6453, 0.426, 4.9943, 4.9654, 3.7658, 2.9846, 6.0695, 3.8731, 0.4027, 7.0546, 9.6146, 4.4359, 5.0604, 7.1405, 11.3992, 6.4318, 4.5917, 5.626, 4.0778, 5.7943, 2.3677, 6.3173, 2.0161, 17.5772, 2.3339],
      [1.324, 0.3056, 0.0724, 1.5466, 1.9947, 2.0201, 3.4259, 2.1741, 2.2716, 0.275, 1.6422, 1.8653, 1.8642, 1.387, 2.9046, 2.008, 0.1247, 2.5913, 3.3374, 1.5238, 1.8747, 1.4512, 3.2107, 1.9843, 1.4955, 1.38, 1.2644, 1.6806, 2.2904, 2.9155, 0.9216, 7.0311, 0.6386],
      [16.1829, 4.0063, 1.0826, 34.1595, 39.6979, 55.6876, 74.0684, 53.1154, 88.0223, 4.3224, 41.5334, 35.5179, 32.1766, 21.4613, 50.8866, 36.7346, 1.903, 48.0878, 75.3522, 33.0612, 50.4043, 37.681, 95.7097, 49.2272, 37.4544, 42.1932, 37.7661, 53.2293, 40.8556, 62.8049, 22.5466, 145.0641, 15.3954],
      [3.3686, 1.0596, 0.6336, 6.0943, 10.7198, 11.3553, 14.5228, 9.5705, 16.0609, 1.9766, 9.8093, 7.6071, 4.1764, 6.081, 9.1107, 8.2953, 0.5696, 9.1723, 16.6958, 6.979, 9.6606, 7.7274, 15.6805, 10.3234, 7.4584, 7.8009, 5.8918, 9.2958, 16.4863, 11.9623, 3.4176, 39.6518, 1.6321]
    ],
    [
      [0.0148, 0.0035, 0.0115, 0.0106, 0.0538, 0, 0.0167, 0, 0, 0, 0.0689, 0.0542, 0.0419, 0.1862, 0.0654, 0.1907, 0, 0.0663, 0, 0, 0.0133, 0, 0.0048, 0.0848, 0.0118, 0, 0.0169, 0, 0.0039, 0, 0.0483, 0.7934, 0.0053],
      [7.6249, 1.0366, 1.7052, 21.1517, 33.3521, 39.0937, 39.2615, 48.8836, 43.5737, 3.8499, 31.6864, 20.3872, 19.6108, 21.0649, 30.7674, 28.4787, 2.4018, 21.8449, 57.2927, 17.5832, 19.2259, 22.7615, 39.6848, 35.4777, 16.001, 22.1706, 14.736, 38.8937, 2.424, 40.9351, 6.8704, 94.7564, 6.8291],
      [1.6683, 0.1769, 0.2316, 3.3118, 4.8982, 5.9387, 6.8667, 7.4627, 6.2592, 0.8352, 4.4864, 3.1106, 3.8566, 3.8813, 5.8444, 5.7877, 0.2949, 3.2778, 8.5343, 2.604, 3.1346, 2.2346, 5.2347, 4.7211, 2.3082, 2.569, 2.0642, 5.196, 0.7606, 7.6523, 1.2973, 15.2263, 0.8244],
      [6.4372, 0.7467, 0.9444, 19.8758, 27.2842, 42.3843, 41.34, 49.0463, 51.4785, 3.93, 30.4308, 16.7787, 19.0378, 16.9377, 29.3368, 30.2221, 1.2334, 17.2043, 52.027, 15.2179, 21.8534, 14.4771, 38.9201, 31.511, 15.1256, 19.611, 15.7349, 41.6141, 4.4801, 45.7721, 8.5474, 88.6287, 5.2402],
      [0.2548, 0.0362, 0.1073, 0.6502, 1.4118, 1.5833, 1.5151, 1.6074, 1.6885, 0.3849, 1.3275, 0.6694, 0.453, 0.9299, 0.986, 1.3208, 0.0698, 0.6068, 2.1459, 0.595, 0.7728, 0.5268, 1.1556, 1.2053, 0.5534, 0.6493, 0.448, 1.2962, 0.3313, 1.6404, 0.2365, 4.5953, 0.101]
    ],
    [
      [0.1742, 0.0241, 0.021, 0.4872, 0.4408, 0.3772, 0.356, 0.3053, 0.3292, 0.0188, 0.3272, 0.3227, 0.4269, 0.8508, 0.7288, 0.723, 0.0073, 0.3981, 0.4216, 0.1324, 0.2971, 0.157, 0.5132, 0.4196, 0.0979, 0.1813, 0.1068, 0.2085, 0.2197, 0.2046, 0.2106, 1.8111, 0.2463],
      [0.0571, 0.0099, 0.0048, 0.3371, 0.276, 0.2773, 0.1971, 0.2399, 0.2575, 0.0028, 0.1736, 0.1874, 0.2075, 0.1278, 0.333, 0.1574, 0.0189, 0.2251, 0.3115, 0.1053, 0.1582, 0.1806, 0.3578, 0.2255, 0.0601, 0.143, 0.0557, 0.1499, 0.012, 0.1609, 0.056, 0.5758, 0.207],
      [10.4965, 1.0735, 0.6806, 26.312, 20.4465, 23.4784, 19.3094, 19.6844, 21.7902, 1.4746, 13.1468, 14.507, 23.3061, 26.3795, 38.1218, 29.0778, 0.9904, 17.1472, 23.8813, 7.9021, 14.7812, 8.3031, 24.5187, 15.4633, 4.6308, 8.5345, 4.2889, 11.3386, 17.3471, 16.9693, 6.8476, 56.3121, 11.8255],
      [0.0804, 0.014, 0.0051, 0.7316, 0.4521, 0.8171, 0.5336, 0.5917, 0.8598, 0.0232, 0.4039, 0.3159, 0.4599, 0.156, 0.7439, 0.5113, 0.0135, 0.3677, 0.6562, 0.2051, 0.4947, 0.2255, 0.8508, 0.4593, 0.1359, 0.2906, 0.1459, 0.4017, 0.159, 0.4768, 0.2026, 1.259, 0.3484],
      [6.1918, 0.8785, 1.2886, 19.1322, 21.3845, 22.05, 15.6039, 15.1787, 19.7633, 2.4805, 13.9485, 11.667, 10.5996, 23.4859, 24.0726, 24.5305, 0.9698, 11.862, 21.7294, 6.6552, 13.2688, 7.1337, 19.7595, 14.4323, 4.0754, 7.8507, 3.4026, 9.9013, 27.2622, 13.1884, 4.6832, 62.042, 5.3728]
    ]
  ],
  "V_est": [
    [10.5676, 3820.2823, 13.0313, 2751.4363, 2.6825],
    [1372.7918, 176.4561, 543.5126, 4.6479, 20.5916],
    [408.2817, 841.8161, 6625.2306, 422.2203, 913.4513],
    [24.8129, 1192.4485, 26.5104, 8110.502, 50.7262],
    [1.233, 170.7305, 62.7973, 1437.3919, 300.8473],
    [1.7667, 851.4173, 132.5509, 823.4095, 31.8555],
    [11.5463, 5.8492, 540.3669, 13.3921, 465.8456]
  ],
  "p_est": [
    [0.0016, 0.579, 0.002, 0.417, 0.0004],
    [0.6482, 0.0833, 0.2566, 0.0022, 0.0097],
    [0.0443, 0.0914, 0.7193, 0.0458, 0.0992],
    [0.0026, 0.1268, 0.0028, 0.8624, 0.0054],
    [0.0006, 0.0865, 0.0318, 0.7285, 0.1525],
    [0.001, 0.4625, 0.072, 0.4473, 0.0173],
    [0.0111, 0.0056, 0.5211, 0.0129, 0.4492]
  ],
  "EI_Z": {},
  "EI_V": 14.1955,
  "MAE_Z": {},
  "MAE_V": 261.0592,
  "MAE_p": 0.0825,
  "runtime": 0.003
}
