{
  "X": [
    [4, 12, 80, 6],
    [4, 5, 70, 4],
    [2, 22, 73, 16],
    [6, 13, 90, 8],
    [5, 5, 38, 2],
    [9, 21, 71, 4],
    [3, 6, 5, 0],
    [1, 4, 19, 4],
    [2, 5, 15, 1],
    [2, 13, 86, 4],
    [1, 1, 28, 0],
    [3, 0, 7, 0],
    [8, 3, 42, 2],
    [3, 6, 64, 4],
    [52, 161, 479, 38],
    [57, 308, 698, 64],
    [10, 23, 181, 4],
    [16, 27, 175, 4],
    [5, 4, 26, 0],
    [25, 61, 135, 17],
    [81, 234, 639, 62],
    [4, 9, 55, 3],
    [7, 18, 171, 15],
    [9, 13, 155, 8],
    [22, 36, 167, 8],
    [11, 20, 101, 6],
    [1, 5, 74, 8],
    [6, 2, 39, 7],
    [4, 14, 145, 3],
    [0, 4, 38, 0],
    [1, 1, 7, 0],
    [4, 10, 84, 5],
    [3, 4, 46, 4],
    [2, 5, 60, 2],
    [12, 44, 235, 13],
    [7, 13, 106, 3],
    [5, 21, 140, 11],
    [5, 8, 13, 1],
    [3, 20, 122, 2],
    [37, 53, 393, 12],
    [1, 2, 20, 0],
    [14, 9, 98, 5],
    [6, 25, 223, 10],
    [57, 92, 445, 33],
    [14, 25, 48, 8],
    [0, 11, 60, 4],
    [8, 14, 43, 4],
    [4, 5, 45, 2],
    [4, 6, 100, 0],
    [32, 100, 287, 14],
    [53, 159, 680, 62],
    [7, 15, 96, 5],
    [10, 24, 205, 6],
    [19, 37, 298, 19],
    [0, 1, 17, 0],
    [97, 104, 664, 39],
    [9, 19, 184, 4],
    [7, 15, 129, 3],
    [6, 18, 144, 7],
    [2, 9, 74, 2],
    [353, 295, 420, 45],
    [2, 6, 60, 3],
    [4, 8, 82, 6],
    [49, 65, 267, 15],
    [30, 170, 263, 21],
    [15, 125, 235, 19],
    [42, 315, 610, 62],
    [51, 239, 523, 33],
    [0, 3, 8, 0],
    [2, 2, 25, 1],
    [5, 10, 41, 1],
    [51, 205, 504, 33],
    [107, 303, 847, 46],
    [67, 186, 579, 48],
    [35, 130, 303, 19],
    [71, 233, 738, 56],
    [11, 26, 67, 4],
    [14, 32, 233, 10],
    [14, 40, 82, 8],
    [40, 132, 378, 28],
    [25, 65, 152, 13],
    [45, 128, 384, 22],
    [16, 17, 141, 8],
    [65, 91, 320, 24],
    [8, 22, 249, 10],
    [6, 10, 43, 1],
    [8, 18, 39, 4],
    [18, 35, 225, 12],
    [1, 4, 44, 5],
    [5, 17, 237, 6],
    [8, 14, 36, 6],
    [44, 68, 369, 19],
    [6, 13, 50, 1],
    [3, 18, 13, 2],
    [8, 20, 42, 9],
    [29, 29, 58, 2],
    [23, 15, 77, 6],
    [3, 15, 43, 3],
    [6, 8, 70, 2],
    [6, 10, 89, 3],
    [8, 9, 93, 5],
    [23, 48, 197, 13],
    [7, 86, 177, 11],
    [187, 529, 1902, 117],
    [50, 104, 251, 21],
    [272, 356, 1066, 91],
    [40, 18, 170, 4]
  ],
  "W": [
    [12, 2, 9, 71, 4, 4],
    [8, 3, 5, 63, 0, 4],
    [11, 2, 23, 72, 1, 4],
    [10, 4, 14, 81, 2, 6],
    [7, 2, 6, 32, 1, 2],
    [5, 5, 22, 58, 11, 4],
    [0, 2, 5, 4, 3, 0],
    [2, 1, 4, 18, 0, 3],
    [2, 0, 8, 10, 2, 1],
    [6, 1, 15, 80, 1, 2],
    [3, 0, 0, 26, 1, 0],
    [0, 1, 1, 6, 0, 2],
    [4, 6, 5, 37, 2, 1],
    [8, 0, 7, 57, 3, 2],
    [27, 26, 178, 420, 32, 47],
    [41, 40, 312, 606, 58, 70],
    [8, 12, 21, 164, 6, 7],
    [11, 11, 26, 168, 1, 5],
    [0, 3, 9, 21, 0, 2],
    [12, 16, 65, 117, 15, 13],
    [52, 34, 241, 552, 75, 62],
    [6, 2, 10, 42, 5, 6],
    [15, 3, 23, 159, 5, 6],
    [9, 4, 15, 144, 5, 8],
    [13, 14, 37, 147, 9, 13],
    [11, 12, 20, 95, 0, 0],
    [11, 1, 8, 61, 0, 7],
    [9, 5, 0, 38, 0, 2],
    [13, 0, 15, 127, 3, 8],
    [4, 0, 0, 34, 4, 0],
    [0, 3, 0, 6, 0, 0],
    [6, 3, 9, 75, 4, 6],
    [9, 4, 3, 37, 4, 0],
    [5, 2, 5, 52, 3, 2],
    [10, 7, 51, 201, 18, 17],
    [9, 5, 16, 93, 4, 2],
    [11, 4, 19, 125, 13, 5],
    [1, 3, 11, 11, 0, 1],
    [12, 6, 18, 102, 4, 5],
    [30, 34, 57, 353, 12, 9],
    [0, 0, 3, 19, 1, 0],
    [7, 5, 12, 90, 7, 5],
    [11, 7, 32, 199, 7, 8],
    [28, 34, 97, 409, 22, 37],
    [2, 8, 26, 44, 9, 6],
    [5, 0, 9, 56, 2, 3],
    [7, 8, 15, 33, 3, 3],
    [4, 2, 8, 40, 0, 2],
    [9, 4, 7, 84, 4, 2],
    [16, 20, 105, 254, 21, 17],
    [57, 20, 187, 594, 36, 60],
    [8, 4, 17, 81, 6, 7],
    [18, 11, 25, 175, 10, 6],
    [30, 10, 38, 266, 13, 16],
    [0, 1, 0, 14, 0, 3],
    [67, 59, 132, 580, 31, 35],
    [13, 4, 24, 163, 7, 5],
    [8, 5, 16, 115, 3, 7],
    [20, 6, 12, 126, 7, 4],
    [11, 2, 7, 65, 0, 2],
    [21, 218, 364, 375, 44, 91],
    [8, 1, 5, 51, 3, 3],
    [17, 3, 10, 58, 4, 8],
    [22, 20, 76, 237, 18, 23],
    [10, 27, 171, 218, 26, 32],
    [16, 9, 145, 200, 10, 14],
    [34, 33, 321, 514, 79, 48],
    [24, 39, 248, 443, 51, 41],
    [0, 0, 2, 7, 1, 1],
    [3, 0, 4, 21, 1, 1],
    [2, 1, 11, 39, 1, 3],
    [20, 27, 217, 437, 40, 52],
    [61, 46, 332, 723, 66, 75],
    [51, 36, 210, 483, 65, 35],
    [21, 18, 126, 247, 39, 36],
    [60, 33, 247, 651, 54, 53],
    [4, 5, 23, 62, 5, 9],
    [21, 7, 35, 199, 6, 21],
    [4, 3, 51, 73, 6, 7],
    [23, 20, 139, 338, 27, 31],
    [12, 11, 74, 130, 14, 14],
    [35, 18, 139, 332, 27, 28],
    [8, 12, 25, 120, 10, 7],
    [26, 51, 92, 277, 20, 34],
    [9, 6, 26, 229, 4, 15],
    [2, 6, 12, 35, 2, 3],
    [3, 9, 17, 36, 2, 2],
    [9, 14, 43, 204, 6, 14],
    [6, 1, 6, 38, 1, 2],
    [15, 5, 20, 211, 3, 11],
    [5, 2, 16, 30, 3, 8],
    [29, 23, 72, 321, 24, 31],
    [5, 3, 16, 39, 3, 4],
    [3, 4, 13, 13, 3, 0],
    [8, 2, 23, 36, 6, 4],
    [9, 22, 28, 48, 2, 9],
    [5, 5, 29, 70, 2, 10],
    [3, 4, 14, 35, 5, 3],
    [9, 2, 10, 58, 4, 3],
    [7, 4, 13, 81, 1, 2],
    [15, 5, 12, 76, 5, 2],
    [16, 10, 52, 186, 7, 10],
    [5, 5, 84, 157, 15, 15],
    [121, 129, 551, 1685, 137, 112],
    [18, 29, 104, 229, 19, 27],
    [80, 132, 424, 949, 68, 132],
    [11, 30, 25, 157, 4, 5]
  ],
  "method": "mvn_cdf",
  "mvncdf_method": "genz",
  "mvncdf_samples": 5000,
  "mvncdf_error": 1e-06,
  "cond_prob": [
    [
      [0.03039619754, 0.0064688225537, 0.66523137464, 0.29790360527],
      [0.84530314375, 0.064753391614, 0.079796328861, 0.01014713577],
      [0.021414084477, 0.79732783973, 0.10596299964, 0.075295076157],
      [0.0012632789789, 0.029197259616, 0.96441507748, 0.0051243839214],
      [0.088256548446, 0.56200478292, 0.28110984102, 0.068628827612],
      [0.32729839511, 0.073973056034, 0.32651349612, 0.27221505274]
    ],
    [
      [0.023128623089, 0.0036603169247, 0.71561565461, 0.25759540537],
      [0.84666800974, 0.043121373469, 0.099872669293, 0.010337947498],
      [0.023965594642, 0.71472957744, 0.16640141397, 0.094903413944],
      [8.3629745959e-05, 0.017117132638, 0.97717520277, 0.005624034848],
      [0.089112632406, 0.43407962464, 0.39912644043, 0.077681302521],
      [0.28746758471, 0.0473315252, 0.39535297774, 0.26984791234]
    ],
    [
      [0.0082009645509, 0.0033638482221, 0.18710237012, 0.80133281711],
      [0.73104123226, 0.10975839261, 0.075395519057, 0.083804856071],
      [0.0024863752231, 0.69540826219, 0.14494567036, 0.15715969222],
      [0, 0.070589402657, 0.92941059734, 0],
      [0.041395321065, 0.50367115861, 0.14214598428, 0.31278753604],
      [0.087281243556, 0.040745675992, 0.099405869803, 0.77256721065]
    ],
    [
      [0.025916765129, 0.0040516540035, 0.59991180663, 0.37011977423],
      [0.84522101157, 0.049739823847, 0.089524096525, 0.015515068063],
      [0.026458443208, 0.69753707486, 0.14217533482, 0.13382914711],
      [0.0010118698843, 0.022269596686, 0.97671853343, 0],
      [0.099269462377, 0.45054459048, 0.33748492201, 0.11270102513],
      [0.28483828536, 0.048346434013, 0.3105266347, 0.35628864593]
    ],
    [
      [0.08711693051, 0.003646735286, 0.7212166717, 0.18801966251],
      [0.97033817468, 0.0086606748493, 0.019605456929, 0.0013956935388],
      [0.10284800516, 0.68362082636, 0.15356209058, 0.059969077898],
      [0, 0.015377377205, 0.98030812894, 0.0043144938555],
      [0.33976184004, 0.32309267808, 0.29752911002, 0.039616371867],
      [0.74632763302, 0.02012889826, 0.16175530235, 0.071788166369]
    ],
    [
      [0.040374963299, 0.0041152329711, 0.77705564799, 0.17845415574],
      [0.8796918485, 0.035068349979, 0.079868119969, 0.0053716815493],
      [0.04274311837, 0.70193209804, 0.18515970164, 0.070165081949],
      [0.0035712306162, 0.01201733612, 0.97875996185, 0.0056514714131],
      [0.14291687965, 0.40738465255, 0.39833132001, 0.051367147788],
      [0.42002507125, 0.045834813838, 0.37303635415, 0.16110376076]
    ],
    [
      [0.086747568059, 0.0084506388784, 0.85832142582, 0.046480367243],
      [0.97002497407, 0.015527061234, 0.0144479647, 0],
      [0.079933324368, 0.82890731365, 0.09115936198, 0],
      [0.0013326326469, 0.027580143598, 0.97108722376, 0],
      [0.21831763315, 0.57136291163, 0.21031945523, 0],
      [0.800625825, 0.042444639305, 0.14142504164, 0.015504494059]
    ],
    [
      [0.0065980337712, 0.0026812782355, 0.23158698857, 0.75913369942],
      [0.77549369443, 0.082771815934, 0.084681507073, 0.057052982562],
      [0, 0.7715089634, 0.19550883467, 0.032982201931],
      [0, 0.039923840876, 0.96007615912, 0],
      [0.032219762899, 0.54559709013, 0.18162310929, 0.24056003768],
      [0.070436746009, 0.03573354608, 0.12957943762, 0.76425027029]
    ],
    [
      [0.047740715073, 0.0019455886074, 0.86001036795, 0.090303328373],
      [0.96043871261, 0.0070333256657, 0.031322919455, 0.0012050422644],
      [0.081729517431, 0.56332406404, 0.28419933252, 0.070747086008],
      [0.013902182719, 0, 0.97356161954, 0.012536197738],
      [0.2384529525, 0.23614670702, 0.49261010815, 0.03279023232],
      [0.63475469821, 0.017222896408, 0.28554819221, 0.062474213173]
    ],
    [
      [0.021458264547, 0.0044267168797, 0.71521696923, 0.25889804934],
      [0.83954715267, 0.051511534795, 0.098701365815, 0.01023994672],
      [0.021143881945, 0.73074000723, 0.15674792681, 0.091368184014],
      [0.0011341619712, 0.017224107778, 0.97606556759, 0.0055761626637],
      [0.078947662124, 0.46791009031, 0.37835059274, 0.074791654827],
      [0.27243220553, 0.057494671509, 0.39759095842, 0.27248216454]
    ],
    [
      [0.12668704816, 0.04078948338, 0.83252346846, 0],
      [0.99968042769, 9.2334826399e-05, 0.0002221792545, 5.0582318791e-06],
      [0.076160578445, 0.80862695698, 0.10675703987, 0.0084554247097],
      [0.0015517955482, 0.025148083234, 0.97330012122, 0],
      [0.57959217127, 0.22378138577, 0.19662644296, 0],
      [0.99999999579, 1.4463512633e-09, 2.7519739246e-09, 1.1433687431e-11]
    ],
    [
      [0.089636981888, 0.00029834946252, 0.90270883311, 0.0073558355384],
      [0.99310944942, 0, 0.006890550576, 0],
      [0.32083891335, 0, 0.67916108665, 0],
      [0, 0, 1, 0],
      [0.570318141, 0.0075738795749, 0.41278178472, 0.0093261947061],
      [0.84302581861, 0, 0.15697418139, 0]
    ],
    [
      [0.076168754029, 0.0019011823766, 0.72107892116, 0.20085114243],
      [0.9625477016, 0, 0.028555591132, 0.0088967072646],
      [0.12047606849, 0.51141631145, 0.24447967588, 0.12362794418],
      [0.0001350103952, 0, 0.99196513301, 0.0078998565965],
      [0.32777495536, 0.21067771374, 0.40095848103, 0.060588849863],
      [0.65711313648, 0.013958285756, 0.2173255058, 0.11160307196]
    ],
    [
      [0.059735528855, 0.0028948685822, 0.66205457893, 0.27531502363],
      [0.94957885688, 0.012543966951, 0.03386070027, 0.0040164758995],
      [0.074206280105, 0.6221544894, 0.18275225488, 0.12088697562],
      [0.0024819418484, 0.010996312882, 0.98037198224, 0.0061497630344],
      [0.24280471136, 0.31571064831, 0.36036320648, 0.081121433844],
      [0.56639349449, 0.023918923154, 0.2310024888, 0.17868509356]
    ],
    [
      [0.040923806782, 0.0054814452557, 0.68160171515, 0.27199303282],
      [0.85648452913, 0.052255095482, 0.081856185817, 0.0094041895727],
      [0.03552035556, 0.73724668484, 0.13808140762, 0.089151551974],
      [0.00058865280691, 0.024308537421, 0.97243183798, 0.0026709717921],
      [0.12802152268, 0.47813302501, 0.32198519299, 0.071860259316],
      [0.38212581415, 0.058587576091, 0.32266179097, 0.23662481879]
    ],
    [
      [0.025973697328, 0.0069445721298, 0.67529513702, 0.29178659352],
      [0.77335274271, 0.095205603606, 0.11690591908, 0.014535734607],
      [0.0054059235747, 0.78959624674, 0.12201394581, 0.082983883872],
      [0, 0.031863024605, 0.96576419143, 0.0023727839618],
      [0.074917033106, 0.55866968249, 0.29506905274, 0.071344231666],
      [0.27098760894, 0.083445498871, 0.3600172351, 0.28554965708]
    ],
    [
      [0.013657057931, 0.0044813108613, 0.84990658348, 0.13195504773],
      [0.68333312061, 0.092487167966, 0.21438566315, 0.009794048271],
      [0.0041646479497, 0.73815438663, 0.19746291024, 0.060218055178],
      [0, 0.018973222533, 0.98014752213, 0.00087925533922],
      [0.048740339298, 0.45924751287, 0.45244044438, 0.039571703455],
      [0.18726377807, 0.069423972221, 0.57465170916, 0.16866054055]
    ],
    [
      [0.083668964991, 0.0073071465341, 0.72316941197, 0.1858544765],
      [0.92728431518, 0.031561121679, 0.038298971169, 0.0028555919764],
      [0.055467035751, 0.78881555953, 0.10993979985, 0.045777604873],
      [0.0013730194367, 0.031482225819, 0.96630465574, 0.00084009900815],
      [0.20483862998, 0.50159080937, 0.25673255467, 0.036838005988],
      [0.60037301866, 0.054527951004, 0.2338996542, 0.11119937614]
    ],
    [
      [0.033847588741, 0.00084387994495, 0.94968907034, 0.015619460971],
      [0.93641339939, 0.0059125469597, 0.057674053649, 0],
      [0.094812162143, 0.42324693479, 0.48194090307, 0],
      [0.0098337258357, 0.0072751261384, 0.98289114803, 0],
      [0.20745339148, 0.12407737761, 0.65910469508, 0.0093645358346],
      [0.56547104999, 0.010131148558, 0.42439780145, 0]
    ],
    [
      [0.047118848696, 0.0058435158764, 0.5802032068, 0.36683442863],
      [0.88262826957, 0.047677416126, 0.059057829569, 0.010636484737],
      [0.03806811004, 0.74290446908, 0.1085770209, 0.11045039998],
      [0.0032960199192, 0.031205430871, 0.96453353885, 0.00096501036454],
      [0.14374936714, 0.4993123514, 0.26433950565, 0.092598775812],
      [0.40740150094, 0.056732921393, 0.24766255827, 0.2882030194]
    ],
    [
      [0.04985094106, 0.0056952635855, 0.63643885776, 0.3080149376],
      [0.87963417324, 0.046165865757, 0.065134139599, 0.0090658214017],
      [0.041715807329, 0.73635115578, 0.12452720755, 0.097405829338],
      [0.0015432735286, 0.027652737076, 0.96877468385, 0.0020293055447],
      [0.15070897756, 0.47948487311, 0.29103704501, 0.078769104318],
      [0.42405837586, 0.055611322017, 0.27561544789, 0.24471485423]
    ],
    [
      [0.018803914856, 0.0027560440073, 0.84704293605, 0.13139710509],
      [0.7921538736, 0.043363152002, 0.15708283622, 0.0074001381838],
      [0.026042771924, 0.64737747989, 0.2587927217, 0.067787026492],
      [0.0021286459633, 0.010928138499, 0.97942979379, 0.0075134217514],
      [0.081140485462, 0.34357227039, 0.5285386496, 0.046748594548],
      [0.25788924778, 0.041019910691, 0.53948415122, 0.16160669031]
    ],
    [
      [0.027550694483, 0.0024219729767, 0.47170863215, 0.49831870039],
      [0.87622225188, 0.030034012322, 0.072476078406, 0.02126765739],
      [0.039086126028, 0.57700672154, 0.22012669649, 0.16378045594],
      [0.0042378692976, 0.017532051094, 0.97823007961, 0],
      [0.13496456582, 0.33017721017, 0.34063450734, 0.19422371667],
      [0.28507464684, 0.027321933026, 0.23371217812, 0.45389124202]
    ],
    [
      [0.039904991142, 0.0029228379135, 0.64569819386, 0.31147397709],
      [0.89537691772, 0.025560293251, 0.069529543208, 0.0095332458177],
      [0.051383104776, 0.61056343748, 0.19104304006, 0.14701041769],
      [0.00195230558, 0.012292673081, 0.98383078396, 0.0019242373759],
      [0.16550235897, 0.33860520329, 0.39252792014, 0.1033645176],
      [0.39749462985, 0.031228847938, 0.30133499878, 0.26994152343]
    ],
    [
      [0.049361067582, 0.0053061328752, 0.74628791933, 0.19904488021],
      [0.8831430209, 0.040639174295, 0.070747170636, 0.0054706341732],
      [0.043241432219, 0.74088452208, 0.15055978333, 0.065314262378],
      [0.0011471047067, 0.021274092775, 0.97531376372, 0.0022650387947],
      [0.15147712778, 0.45802058426, 0.33978263961, 0.050719648356],
      [0.45095786884, 0.053835970719, 0.33137828099, 0.16382787945]
    ],
    [
      [0.032504736767, 0.0070425856138, 0.62043501891, 0.34001765871],
      [0.85299085023, 0.066167626891, 0.070219477036, 0.010622045846],
      [0.020327884642, 0.79956326175, 0.095464091419, 0.084644762186],
      [0, 0.033023734742, 0.96235051831, 0.0046257469511],
      [0.092444327354, 0.57676691947, 0.25505933982, 0.075729413364],
      [0.33614261199, 0.076997494398, 0.29209043125, 0.29476946236]
    ],
    [
      [0, 0.0017748085935, 0.67941664231, 0.3188085491],
      [0.69231455697, 0.049876138476, 0.22701347055, 0.030795834006],
      [0, 0.52953486597, 0.27349262881, 0.19697250522],
      [0, 0.0081489829094, 0.99079114072, 0.0010598763676],
      [0.04797403002, 0.28113702727, 0.53329499591, 0.13759394681],
      [0.04395506329, 0.028176297393, 0.52474326421, 0.4031253751]
    ],
    [
      [0.027625067459, 0.051494936718, 0.28044358086, 0.64043641496],
      [0.92866736955, 0.026456136526, 0.025587472673, 0.019289021248],
      [0.027137605185, 0.71065641609, 0.050602455657, 0.21160352307],
      [0.013358196364, 0.035450011077, 0.95119179256, 0],
      [0.13065728734, 0.49973231372, 0.1504422676, 0.21916813133],
      [0.30021304163, 0.028582232997, 0.10139114583, 0.56981357954]
    ],
    [
      [0.02622301885, 0.0038022953685, 0.8550722928, 0.11490239298],
      [0.82421477098, 0.045670759976, 0.12508537064, 0.0050290983949],
      [0.040853323166, 0.70523511295, 0.22773413445, 0.026177429427],
      [0.0010903255104, 0.013837441679, 0.98507223281, 0],
      [0.09726200561, 0.40269299759, 0.4646544745, 0.0353905223],
      [0.32700544385, 0.050826172497, 0.49623889829, 0.12592948537]
    ],
    [
      [0, 0.022771214853, 0.97722878515, 0],
      [0.75578274974, 0.11636885152, 0.12531956494, 0.002528833806],
      [0.0045097817201, 0.90338218744, 0.083911826029, 0.0081962048113],
      [0, 0.029282244113, 0.97071775589, 0],
      [0, 0.72832971019, 0.27167028981, 0],
      [0.16177850334, 0.14884821791, 0.61725240819, 0.072120870565]
    ],
    [
      [0.04816825678, 0.0053928632471, 0.69624885264, 0.25019002733],
      [0.058365588008, 0.33333333333, 0.60830107866, 0],
      [0.042454357393, 0.72997317947, 0.14393957877, 0.083632884362],
      [0.13748387266, 0, 0.86251612734, 0],
      [0.14813303426, 0.46108087196, 0.32529276124, 0.065493332545],
      [0.42325655058, 0.054813753009, 0.31476364837, 0.20716604804]
    ],
    [
      [0.011062764654, 0.0038796360145, 0.72035539858, 0.26470220075],
      [0.77818663921, 0.064139351027, 0.1429740481, 0.014699961667],
      [0, 0.7077246109, 0.17362741986, 0.11864796923],
      [0, 0.017656661173, 0.97941491835, 0.0029284204778],
      [0.067931099116, 0.44191682174, 0.4100244107, 0.080127668453],
      [0.221223183, 0.05381095963, 0.43168036108, 0.29328549629]
    ],
    [
      [0, 0.0023011571429, 0.68450808773, 0.31319075513],
      [0.69427088978, 0.072866247541, 0.1864047955, 0.046458067179],
      [0.013704588393, 0.61669844919, 0.21809275297, 0.15150420945],
      [0, 0.012003835468, 0.9858071343, 0.0021890302363],
      [0.045450668927, 0.34839683391, 0.49116645014, 0.11498604701],
      [0.12286578265, 0.035717469256, 0.4557632182, 0.38565352989]
    ],
    [
      [0, 0.0026250723033, 0.84699784508, 0.15037708261],
      [0.74305005465, 0.052752380774, 0.19449523163, 0.0097023329433],
      [0.0058032918004, 0.65556280362, 0.2575595781, 0.081074326486],
      [0, 0.0088564751906, 0.98570277708, 0.0054407477283],
      [0.049568961848, 0.35206844241, 0.54761942146, 0.050743174281],
      [0.16808827308, 0.043406910846, 0.59440987412, 0.19409494195]
    ],
    [
      [0.019650192262, 0.0032489666299, 0.77919798775, 0.19790285336],
      [0.76725839887, 0.055354339724, 0.16522882141, 0.012158439999],
      [0.016555687251, 0.65019745571, 0.2297109789, 0.10353587813],
      [0, 0.014585828513, 0.98263583524, 0.0027783362488],
      [0.080487351005, 0.37283179927, 0.4786850041, 0.067995845626],
      [0.24350452455, 0.045719752722, 0.48294267599, 0.22783304673]
    ],
    [
      [0.034128424794, 0.0031627588787, 0.8218860443, 0.14082277203],
      [0.87774761389, 0.02866088178, 0.089079961783, 0.0045115425492],
      [0.043447799453, 0.65654158104, 0.23360943025, 0.066401189254],
      [0.0028289641132, 0.0090951622406, 0.98600924342, 0.0020666302273],
      [0.1363557348, 0.35041229342, 0.46797219771, 0.045259774063],
      [0.40021235722, 0.038033101247, 0.42456323975, 0.13719130179]
    ],
    [
      [0.015950866148, 0.0033627546561, 0.59316767849, 0.38751870071],
      [0.76694608973, 0.065357046606, 0.14182241616, 0.025874447501],
      [0, 0.65249876379, 0.20166942297, 0.14583181325],
      [0, 0.021048105425, 0.97895189457, 0],
      [0.06263800442, 0.41916047549, 0.38259711147, 0.13560440862],
      [0.1884924112, 0.044801128186, 0.34667951293, 0.42002694769]
    ],
    [
      [0.12552886095, 0.0047919523285, 0.7137961766, 0.15588301013],
      [0.97937409204, 0.0076964754268, 0.012065365124, 0.00086406740464],
      [0.09967700903, 0.7039748972, 0.12516874031, 0.071179353451],
      [0.0016908981964, 0.018947215168, 0.97833149425, 0.0010303923878],
      [0.36810097197, 0.35978552755, 0.24048414445, 0.031629356028],
      [0.82130188343, 0.019975385295, 0.11150514785, 0.047217583428]
    ],
    [
      [0, 0.004980891184, 0.90599214264, 0.089026966174],
      [0.39391468373, 0.20320896538, 0.39345824924, 0.0094181016463],
      [0, 0.80388258962, 0.18879441281, 0.0073229975738],
      [0, 0.017917722195, 0.9820822778, 0],
      [0.024085081644, 0.49770976327, 0.45257061038, 0.025634544708],
      [0.1080343142, 0.086528436688, 0.67727411693, 0.12816313218]
    ],
    [
      [0.035105220062, 0.0042661577827, 0.78524820031, 0.17538042185],
      [0.84451930404, 0.045103451293, 0.10369325763, 0.0066839870393],
      [0.036921131057, 0.70231914175, 0.19139051843, 0.069369208765],
      [0.00095053640475, 0.016602220047, 0.9812625594, 0.0011846841522],
      [0.12250821466, 0.41583689595, 0.41035730669, 0.051297582692],
      [0.36922718485, 0.050631157164, 0.4108613927, 0.16928026528]
    ],
    [
      [0.072681468364, 0.0017498139887, 0.92519287363, 0.0003758440142],
      [0.9998605805, 3.9214868211e-05, 9.9271653109e-05, 9.3297404638e-07],
      [0.10622644072, 0.61702870043, 0.27674485885, 0],
      [0, 0.0015833892058, 0.99841661079, 0],
      [0.68132067785, 0.1188295038, 0.19984981834, 0],
      [0.42325655058, 0.054813753009, 0.31476364837, 0.20716604804]
    ],
    [
      [0.15425291067, 0.0024563819223, 0.58807007422, 0.25522063319],
      [0.97563451992, 0.0056950675766, 0.016615628541, 0.002054783963],
      [0.070911654596, 0.51162822992, 0.24352877713, 0.17393133835],
      [0, 0.014759408493, 0.98300435268, 0.0022362388247],
      [0.47923018653, 0.20382283932, 0.25618278846, 0.060764185693],
      [0.76730117297, 0.011936917993, 0.12288295032, 0.097878958715]
    ],
    [
      [0, 0.0026412177631, 0.77071266969, 0.22664611254],
      [0.67155400724, 0.067081776853, 0.24184922561, 0.019514990298],
      [0, 0.60886352905, 0.25783385981, 0.13330261114],
      [0, 0.010655774284, 0.98779671738, 0.0015475083318],
      [0.050021541035, 0.3402735345, 0.52763737372, 0.08206755074],
      [0.11862139526, 0.064415926625, 0.53919052057, 0.27777215755]
    ],
    [
      [0.052156614251, 0.0049435445704, 0.60922721415, 0.33367262703],
      [0.89310873443, 0.038251940754, 0.059321169136, 0.0093181556748],
      [0.047866436012, 0.70645666895, 0.13045656064, 0.1152203344],
      [0.0016234850325, 0.025661719971, 0.97124059015, 0.0014742048432],
      [0.16826606508, 0.44516391253, 0.29618210652, 0.090387915865],
      [0.43689228992, 0.047174819862, 0.25721686905, 0.25871602117]
    ],
    [
      [0.060706953021, 0.0049943667009, 0.43232341192, 0.50197526836],
      [0.92702320862, 0.030354266303, 0.032419933365, 0.010202591714],
      [0.05283442033, 0.7156089549, 0.08650555973, 0.14505106504],
      [0.010393605219, 0.039297738751, 0.95030865603, 0],
      [0.20029887406, 0.46255102032, 0.2085903096, 0.12855979602],
      [0.47144950004, 0.04154743681, 0.15599258409, 0.33101047906]
    ],
    [
      [0, 0.0071009969069, 0.65233416053, 0.34056484256],
      [0.68282525182, 0.14230567704, 0.15322280333, 0.021646267815],
      [0, 0.82686423213, 0.093024765084, 0.080111002787],
      [0, 0.032390628308, 0.96502868865, 0.002580683046],
      [0, 0.62987883983, 0.26915777106, 0.10096338911],
      [0, 0.14969468713, 0.44039473509, 0.40991057778]
    ],
    [
      [0.023642320394, 0.0048299060738, 0.75104426357, 0.22048350996],
      [0.81442683249, 0.062097338356, 0.11381226873, 0.0096635604215],
      [0.014791496974, 0.75304984769, 0.15190592929, 0.080252726042],
      [0, 0.015937515318, 0.97516639812, 0.0088960865596],
      [0.081180604721, 0.48603822438, 0.37191505012, 0.060866120777],
      [0.28455827618, 0.063203852199, 0.41912225914, 0.23311561248]
    ],
    [
      [0.055488127856, 0.0024135074225, 0.767015959, 0.17508240573],
      [0.9523611549, 0.009753952997, 0.035408425405, 0.0024764666981],
      [0.077949254576, 0.60176154381, 0.23119187801, 0.089097323601],
      [0.0016320256447, 0.002891136838, 0.98684748576, 0.0086293517595],
      [0.24159743452, 0.27469314795, 0.42858239536, 0.055127022176],
      [0.59222505819, 0.020550120157, 0.26884242939, 0.11838239226]
    ],
    [
      [0.012098722834, 0.0020737728434, 0.98582750432, 0],
      [0.72981684435, 0.042465212671, 0.22771794298, 0],
      [0.020764057241, 0.59591718699, 0.38331875577, 0],
      [0.00014971491248, 0.00522866461, 0.99462162048, 0],
      [0.066478931536, 0.28228341477, 0.65123765369, 0],
      [0.27400196881, 0.035856699221, 0.69014133197, 0]
    ],
    [
      [0.045879193165, 0.0062856303794, 0.74247327159, 0.20536190487],
      [0.86347089394, 0.052586485837, 0.077731868746, 0.0062107514757],
      [0.035971524847, 0.76821197905, 0.13513200937, 0.060684486735],
      [0.0011999242822, 0.025775573301, 0.97210179253, 0.0009227098834],
      [0.13110706379, 0.50136473571, 0.31821357675, 0.049314623745],
      [0.42126328319, 0.06528160754, 0.34003464006, 0.1734204692]
    ],
    [
      [0.036663864835, 0.0041998028206, 0.64125904182, 0.31787729053],
      [0.85641032209, 0.044853973813, 0.086416842526, 0.012318861571],
      [0.038332962479, 0.67944019219, 0.1592879361, 0.12293890923],
      [0.0011121268922, 0.021622689804, 0.9772651833, 0],
      [0.13212008828, 0.42164482831, 0.34942936083, 0.09680572258],
      [0.35327937879, 0.046418737665, 0.31430129738, 0.28600058617]
    ],
    [
      [0.02589550046, 0.0033150049314, 0.79146237194, 0.17932712266],
      [0.82971131319, 0.041700099874, 0.12056811641, 0.0080204705217],
      [0.031841599766, 0.66635915566, 0.21988467498, 0.081914569597],
      [0.0015541400046, 0.011374618864, 0.98165794086, 0.0054133002671],
      [0.10339331745, 0.37533237471, 0.46256095795, 0.058713349901],
      [0.31234832893, 0.04360507696, 0.45119001806, 0.19285657606]
    ],
    [
      [0.014454759112, 0.0032705819082, 0.84677402423, 0.13550063475],
      [0.70928867293, 0.067090394415, 0.21364563909, 0.009975293565],
      [0.0061105501423, 0.67375039549, 0.24835340297, 0.071785651396],
      [0, 0.012977007691, 0.98613362438, 0.00088936793358],
      [0.059072776604, 0.37832423083, 0.5161704364, 0.046432556166],
      [0.19902456903, 0.050859440934, 0.57734030499, 0.17277568505]
    ],
    [
      [0.03624307413, 0.0039573135194, 0.67298846882, 0.28681114353],
      [0.86166903743, 0.040880425804, 0.086833943123, 0.010616593638],
      [0.039221437831, 0.67569256366, 0.16899522144, 0.11609077707],
      [0.0010823873742, 0.017970910696, 0.97885987031, 0.0020868316167],
      [0.13338734961, 0.40812516753, 0.37067363973, 0.087813843138],
      [0.36147826111, 0.044391843383, 0.33279407936, 0.26133581615]
    ],
    [
      [0.00054425765978, 0.0022092000005, 0.99654150545, 0.00070503688608],
      [0, 0.42191908636, 0.57808091364, 0],
      [0.0001849929969, 0.9575872047, 0.042034320632, 0.00019348167243],
      [0, 0.023278808433, 0.97672119157, 0],
      [0.00099211997347, 0.76801677912, 0.2305655633, 0.0004255376097],
      [0, 0.084059198527, 0.91594080147, 0]
    ],
    [
      [0.073962920558, 0.0034859689193, 0.68774697196, 0.23480413856],
      [0.92593739542, 0.019852919929, 0.049358594452, 0.004851090195],
      [0.078503374521, 0.62552901834, 0.18893112399, 0.10703648315],
      [0, 0.015150713592, 0.98294734573, 0.0019019406809],
      [0.25136163055, 0.32913746689, 0.35223491576, 0.067265986797],
      [0.55027205739, 0.029560343682, 0.25831841513, 0.1618491838]
    ],
    [
      [0.039318622043, 0.0029391496836, 0.83115378022, 0.12658844805],
      [0.88130496005, 0.025706642511, 0.088991894975, 0.0039965024604],
      [0.052827164065, 0.62909715598, 0.25754739637, 0.060528283583],
      [0.0028447110073, 0.008188443361, 0.98896684563, 0],
      [0.1561114507, 0.32226750406, 0.48031941256, 0.041301632676],
      [0.42786361732, 0.034008788829, 0.4188128077, 0.11931478615]
    ],
    [
      [0.022633523748, 0.0038972125628, 0.84982811244, 0.12364115125],
      [0.79965891824, 0.053374134919, 0.14083605868, 0.0061308881585],
      [0.025054993201, 0.71117229192, 0.21248080814, 0.051291906747],
      [0.0011675453348, 0.014767510162, 0.98361261835, 0.00045232614921],
      [0.08407959126, 0.41478326135, 0.46294798046, 0.038189166935],
      [0.29046440576, 0.054368785946, 0.51331526068, 0.14185154762]
    ],
    [
      [0, 0.0073123919597, 0.75704184562, 0.23564576243],
      [0.74971378564, 0.09819221499, 0.14052155992, 0.011572439447],
      [0.013028552143, 0.79919092372, 0.12851315224, 0.059267371898],
      [0, 0.027192931728, 0.97127039303, 0.0015366752386],
      [0.05770391292, 0.55745614158, 0.33209546114, 0.052744484356],
      [0.2353618175, 0.086451349349, 0.44228453778, 0.23590229537]
    ],
    [
      [0.0062696596637, 0.018730386541, 0.83924780757, 0.13575214623],
      [0.72935056415, 0.12472200328, 0.13914591423, 0.006781518333],
      [0.0078756147799, 0.87162197708, 0.095196647078, 0.025305761065],
      [0, 0.03372092934, 0.96627907066, 0],
      [0.034467984897, 0.66055293301, 0.27938873987, 0.025590342222],
      [0.20860165597, 0.12565374743, 0.50773308292, 0.15801151368]
    ],
    [
      [0.19434956406, 0.0057418347335, 0.55481235111, 0.24509625009],
      [0.96857340842, 0.013224659898, 0.016148825795, 0.002053105888],
      [0.13447233187, 0.6882842139, 0.099615393078, 0.07762806115],
      [0, 0.063377058198, 0.93420542031, 0.0024175214892],
      [0.42376060348, 0.34808656013, 0.18291497782, 0.045237858565],
      [0.7711677007, 0.026140508617, 0.11201320749, 0.090678583193]
    ],
    [
      [0.017337520863, 0.0038081579695, 0.79398749908, 0.18486682209],
      [0.80813956833, 0.053427557205, 0.12957364762, 0.0088592268461],
      [0.019264526031, 0.72862883463, 0.18306905838, 0.069037580958],
      [0, 0.015451943154, 0.9775381013, 0.007009955549],
      [0.069691454277, 0.44049794701, 0.4340972107, 0.055713388016],
      [0.24925442393, 0.054473354661, 0.48214875654, 0.21412346487]
    ],
    [
      [0, 0.0021629333954, 0.82975331387, 0.16808375274],
      [0.72453813045, 0.046884337287, 0.21668087863, 0.011896653627],
      [0.0064037064457, 0.58618781254, 0.30015506206, 0.10725341896],
      [0, 0.0086110115974, 0.98838297652, 0.0030060118801],
      [0.062991909073, 0.2964259545, 0.57980859968, 0.060773536753],
      [0.18879761349, 0.034444563047, 0.57464417134, 0.20211365212]
    ],
    [
      [0.11802507757, 0.004624144695, 0.66054715715, 0.21680362059],
      [0.95120015429, 0.016496693425, 0.029507499712, 0.00279565257],
      [0.079529533751, 0.68360919103, 0.15427876791, 0.08258250731],
      [0, 0.023510305343, 0.97469047994, 0.0017992147128],
      [0.32510438441, 0.35357286594, 0.2714787258, 0.049844023855],
      [0.67318790101, 0.029468803327, 0.18540719028, 0.11193610538]
    ],
    [
      [0.023521192496, 0.0080042554899, 0.7465617898, 0.22191276222],
      [0.74034460239, 0.11429731743, 0.1338718288, 0.01148625139],
      [0, 0.82432425137, 0.11977788718, 0.055897861447],
      [0, 0.033060005693, 0.96531661428, 0.0016233800302],
      [0.062033390117, 0.59119462591, 0.2972404327, 0.04953155127],
      [0.25508173961, 0.10301066796, 0.4147047142, 0.22720287823]
    ],
    [
      [0.028159390759, 0.0063126536927, 0.7248864615, 0.24064149405],
      [0.79684842595, 0.078919352888, 0.11337048716, 0.010861734005],
      [0.016106629269, 0.77525542521, 0.13439774798, 0.074240197545],
      [0, 0.027114286368, 0.97107076061, 0.0018149530218],
      [0.084390392349, 0.52850379648, 0.32641568703, 0.060690124146],
      [0.2998891962, 0.076342247953, 0.38682141304, 0.23694714281]
    ],
    [
      [0.022164500795, 0.0063235397732, 0.67262607948, 0.29888587995],
      [0.751966378, 0.098641805042, 0.13246250091, 0.016929316039],
      [0, 0.77706418617, 0.13188988244, 0.091045931381],
      [0, 0.029177137497, 0.9683778235, 0.002445039005],
      [0.061407265537, 0.54796687003, 0.31285517281, 0.077770691626],
      [0.24125713586, 0.079287185696, 0.3741883036, 0.30526737484]
    ],
    [
      [0.027692837959, 0.0063774298523, 0.75634824354, 0.20958148865],
      [0.78395997783, 0.082650280017, 0.12351922204, 0.0098705201142],
      [0.013665158352, 0.7817031781, 0.14177215355, 0.062859510001],
      [0, 0.026351899928, 0.97211659495, 0.0015315051174],
      [0.082006171555, 0.52670970087, 0.33869267823, 0.052591449343],
      [0.29730874958, 0.078661126388, 0.41341268929, 0.21061743474]
    ],
    [
      [0.0025198637293, 0.0051563591356, 0.9900519589, 0.0022718182306],
      [0.71618100058, 0.13358041486, 0.14832804703, 0.0019105375289],
      [0, 0.94323822175, 0.056761778254, 0],
      [0, 0.019351727279, 0.98064827272, 0],
      [0, 0.76222168694, 0.23777831306, 0],
      [0, 0.21583977862, 0.78416022138, 0]
    ],
    [
      [0.089372415164, 0.0014330816392, 0.79216002676, 0.11703447644],
      [0.987904857, 0.0016925967005, 0.0098872673128, 0.00051527898494],
      [0.10813390195, 0.46292079739, 0.28700411572, 0.14194118495],
      [0, 0, 0.99924040485, 0.00075959514666],
      [0.442770699, 0.13877302037, 0.38415133422, 0.034304946405],
      [0.85657644771, 0.0052445451618, 0.10730362072, 0.030875386413]
    ],
    [
      [0.14935703758, 0.0060880468093, 0.69251966774, 0.15203524788],
      [0.97485371651, 0.010523587475, 0.013674890318, 0.00094780569294],
      [0.08468712952, 0.76427438285, 0.10746022029, 0.043578267342],
      [0, 0.028128536066, 0.97077680851, 0.0010946554257],
      [0.36153543387, 0.39808713357, 0.21328652754, 0.027090905021],
      [0.81111278325, 0.025060689152, 0.11521376387, 0.048612763725]
    ],
    [
      [0.035366043285, 0.0062830206726, 0.73538439505, 0.22296654099],
      [0.82546147986, 0.067036597248, 0.098856826058, 0.0086450968337],
      [0.025813687649, 0.76983967658, 0.13701688608, 0.067329749699],
      [0, 0.02679887486, 0.97152830495, 0.0016728201871],
      [0.1038282771, 0.51448184069, 0.32627262302, 0.055417259186],
      [0.35097149758, 0.071514609659, 0.37080267946, 0.2067112133]
    ],
    [
      [0.05644903745, 0.0057874921478, 0.74451658779, 0.19324688262],
      [0.88521981755, 0.041798027169, 0.067899663877, 0.0050824914059],
      [0.047164540201, 0.74623822196, 0.14792515749, 0.058672080349],
      [0.0012086306635, 0.025051507413, 0.97373986192, 0],
      [0.16290013884, 0.46477962664, 0.32503546162, 0.047284772903],
      [0.47403494172, 0.055806250922, 0.31844920912, 0.15170959824]
    ],
    [
      [0.043431232462, 0.0044568300005, 0.69299744336, 0.25911449418],
      [0.8705152164, 0.040827063824, 0.080044557024, 0.0086131627481],
      [0.043792209825, 0.69432042901, 0.16317510827, 0.098712252892],
      [0.0011572995394, 0.019513938925, 0.97711917742, 0.0022095841116],
      [0.14771797617, 0.42175212549, 0.35605121644, 0.074478681897],
      [0.40255574748, 0.047329046347, 0.32619605242, 0.22391915375]
    ],
    [
      [0.034598785764, 0.0065462306988, 0.77010881166, 0.18874617188],
      [0.81871465921, 0.070225188096, 0.10371105104, 0.0073491016522],
      [0.024142950362, 0.78203329897, 0.14059822806, 0.053225522615],
      [0, 0.027986038849, 0.97201396115, 0],
      [0.098940456202, 0.52349928199, 0.33193067535, 0.045629586462],
      [0.3509964471, 0.075923791843, 0.39479984885, 0.1782799122]
    ],
    [
      [0.046681545319, 0.0058581498652, 0.66925725723, 0.27820304759],
      [0.86926018862, 0.050007248556, 0.072106685951, 0.0086258768696],
      [0.038466601074, 0.74596803344, 0.12891392056, 0.086651444928],
      [0.0010168498676, 0.026531555793, 0.96986201136, 0.0025895829828],
      [0.13952959467, 0.48762847545, 0.30249044449, 0.07035148539],
      [0.41161704179, 0.059248812286, 0.30016324822, 0.2289708977]
    ],
    [
      [0.065699534269, 0.0098892956076, 0.6798671101, 0.24454406002],
      [0.89630208065, 0.053948096908, 0.045047833427, 0.004701989012],
      [0.03352572893, 0.84144169664, 0.078972551855, 0.046060022579],
      [0.0029998146481, 0.041272941049, 0.95157893974, 0.0041483045673],
      [0.13970408549, 0.60763635998, 0.21044479162, 0.042214762911],
      [0.5111211954, 0.082271018386, 0.24320060867, 0.16340717754]
    ],
    [
      [0.025537562629, 0.0040773390725, 0.81014803544, 0.16023706286],
      [0.79982623555, 0.055434658566, 0.13684972252, 0.0078893833627],
      [0.027677421103, 0.7041638014, 0.20277672888, 0.065382048618],
      [0.00018424638832, 0.016254307666, 0.98177450271, 0.0017869432327],
      [0.092699284621, 0.41839220439, 0.44005038503, 0.048858125961],
      [0.30015985992, 0.054078084228, 0.47230139701, 0.17346065884]
    ],
    [
      [0.11488646406, 0.0049483103108, 0.59461788858, 0.28554733705],
      [0.95602289067, 0.016396275843, 0.024233944171, 0.0033468893197],
      [0.079438774501, 0.69555554328, 0.12106815421, 0.10393752801],
      [0, 0.027162141453, 0.97032878047, 0.0025090780817],
      [0.31964486567, 0.37716289399, 0.23936971929, 0.063822521049],
      [0.67187696832, 0.030267362017, 0.15773306553, 0.14012260413]
    ],
    [
      [0.046024043107, 0.0062736035785, 0.66873696235, 0.27896539096],
      [0.86667777228, 0.053306216674, 0.071441942888, 0.008574068156],
      [0.035905285722, 0.76046441733, 0.12159583756, 0.082034459387],
      [0.0010664311392, 0.027904085593, 0.96787923483, 0.0031502484343],
      [0.13328110977, 0.5069459492, 0.29175912416, 0.068013816872],
      [0.40832300512, 0.063416361826, 0.29895844713, 0.22930218592]
    ],
    [
      [0.067075057502, 0.0056224388012, 0.67233278902, 0.25496971467],
      [0.91200220229, 0.033178635391, 0.049417599838, 0.0054015624758],
      [0.055856252561, 0.73493773146, 0.12954253262, 0.079663483359],
      [0.0002991597661, 0.024201854715, 0.97062320641, 0.0048757791072],
      [0.19446687219, 0.45411852509, 0.28998488494, 0.061429717782],
      [0.51916324392, 0.048448082329, 0.25439002123, 0.17799865252]
    ],
    [
      [0.064360018802, 0.0060135687172, 0.72072520557, 0.20890120691],
      [0.90031025232, 0.037880809932, 0.05703694371, 0.0047719940422],
      [0.051677180242, 0.75019069176, 0.13479911489, 0.063333013107],
      [0.00080131654762, 0.026154947479, 0.97241016069, 0.00063357527925],
      [0.1798827093, 0.46809409779, 0.3028428681, 0.049180324814],
      [0.50842201792, 0.053899327093, 0.28549803781, 0.15218061717]
    ],
    [
      [0.030123045436, 0.0020816279401, 0.75074263575, 0.21705269087],
      [0.85814137928, 0.024442725274, 0.10838199443, 0.009033901016],
      [0.049224680343, 0.5383289621, 0.28028089291, 0.13216546465],
      [0.0037350899413, 0.0031960191851, 0.98909419877, 0.0039746921032],
      [0.13927444803, 0.26659678807, 0.51191911656, 0.082209647337],
      [0.34139240047, 0.026045719683, 0.41085109143, 0.22171078842]
    ],
    [
      [0.044309570568, 0.005886658028, 0.69205182725, 0.25775194416],
      [0.86311885543, 0.051960793243, 0.076701190404, 0.0082191609241],
      [0.036276270249, 0.75232478482, 0.13191102474, 0.079487920184],
