{
  "Z_true": {},
  "V_true": [
    [179, 186, 768, 531, 99],
    [406, 1323, 4419, 1000, 135],
    [823, 353, 65, 19798, 318],
    [99, 2046, 311, 515, 30],
    [751, 179, 235, 1558, 269]
  ],
  "p_true": [
    [0.1015, 0.1055, 0.4356, 0.3012, 0.0562],
    [0.0557, 0.1817, 0.6068, 0.1373, 0.0185],
    [0.0385, 0.0165, 0.003, 0.927, 0.0149],
    [0.033, 0.6818, 0.1036, 0.1716, 0.01],
    [0.251, 0.0598, 0.0785, 0.5207, 0.0899]
  ],
  "Z_est": [
    [
      [2.6663, 4.7173, 0.2051, 0.8204, 6.5632, 10.8703, 7.3836, 10.6652, 0.2051, 2.6663, 0.2051, 0.4102, 1.0255, 0.6153, 11.4856, 5.3326, 16.8182, 5.3326, 13.1264, 21.5355, 16.6131, 5.5377, 16.2029, 8.204, 3.2816, 6.5632, 2.6663, 3.0765, 0.4102, 0.6153, 0.2051, 1.6408, 2.2561, 1.2306, 2.4612, 6.153, 16.408, 7.9989, 11.0754, 3.2816, 0, 15.5876, 9.0244, 17.8437, 9.4346, 0.2051, 3.8969, 28.3038, 4.9224, 28.714, 5.1275],
      [2.0189, 3.5719, 0.1553, 0.6212, 4.9696, 8.2309, 5.5908, 8.0756, 0.1553, 2.0189, 0.1553, 0.3106, 0.7765, 0.4659, 8.6968, 4.0378, 12.7346, 4.0378, 9.9392, 16.3065, 12.5793, 4.1931, 12.2687, 6.212, 2.4848, 4.9696, 2.0189, 2.3295, 0.3106, 0.4659, 0.1553, 1.2424, 1.7083, 0.9318, 1.8636, 4.659, 12.424, 6.0567, 8.3862, 2.4848, 0, 11.8028, 6.8332, 13.5111, 7.1438, 0.1553, 2.9507, 21.4314, 3.7272, 21.742, 3.8825],
      [2.9913, 5.2923, 0.2301, 0.9204, 7.3632, 12.1953, 8.2836, 11.9652, 0.2301, 2.9913, 0.2301, 0.4602, 1.1505, 0.6903, 12.8856, 5.9826, 18.8682, 5.9826, 14.7264, 24.1605, 18.6381, 6.2127, 18.1779, 9.204, 3.6816, 7.3632, 2.9913, 3.4515, 0.4602, 0.6903, 0.2301, 1.8408, 2.5311, 1.3806, 2.7612, 6.903, 18.408, 8.9739, 12.4254, 3.6816, 0, 17.4876, 10.1244, 20.0187, 10.5846, 0.2301, 4.3719, 31.7538, 5.5224, 32.214, 5.7525],
      [3.7102, 6.5642, 0.2854, 1.1416, 9.1328, 15.1262, 10.2744, 14.8408, 0.2854, 3.7102, 0.2854, 0.5708, 1.427, 0.8562, 15.9824, 7.4204, 23.4028, 7.4204, 18.2656, 29.967, 23.1174, 7.7058, 22.5466, 11.416, 4.5664, 9.1328, 3.7102, 4.281, 0.5708, 0.8562, 0.2854, 2.2832, 3.1394, 1.7124, 3.4248, 8.562, 22.832, 11.1306, 15.4116, 4.5664, 0, 21.6904, 12.5576, 24.8298, 13.1284, 0.2854, 5.4226, 39.3852, 6.8496, 39.956, 7.135],
      [1.6146, 2.8566, 0.1242, 0.4968, 3.9744, 6.5826, 4.4712, 6.4584, 0.1242, 1.6146, 0.1242, 0.2484, 0.621, 0.3726, 6.9552, 3.2292, 10.1844, 3.2292, 7.9488, 13.041, 10.0602, 3.3534, 9.8118, 4.968, 1.9872, 3.9744, 1.6146, 1.863, 0.2484, 0.3726, 0.1242, 0.9936, 1.3662, 0.7452, 1.4904, 3.726, 9.936, 4.8438, 6.7068, 1.9872, 0, 9.4392, 5.4648, 10.8054, 5.7132, 0.1242, 2.3598, 17.1396, 2.9808, 17.388, 3.105]
    ],
    [
      [2.2908, 3.0876, 0.3984, 7.5696, 14.442, 24.1032, 20.3184, 41.7324, 1.3944, 6.2748, 1.3944, 0.6972, 1.494, 0.2988, 17.928, 4.0836, 20.2188, 7.968, 9.0636, 48.4056, 33.4656, 9.6612, 47.0112, 24.9996, 4.3824, 5.7768, 5.0796, 6.8724, 0.3984, 0.498, 1.2948, 1.7928, 2.5896, 1.5936, 1.992, 9.5616, 47.1108, 31.1748, 13.1472, 4.482, 0.996, 34.86, 17.0316, 33.0672, 6.3744, 0, 19.92, 71.6124, 9.0636, 41.4336, 4.98],
      [2.8681, 3.8657, 0.4988, 9.4772, 18.0815, 30.1774, 25.4388, 52.2493, 1.7458, 7.8561, 1.7458, 0.8729, 1.8705, 0.3741, 22.446, 5.1127, 25.3141, 9.976, 11.3477, 60.6042, 41.8992, 12.0959, 58.8584, 31.2997, 5.4868, 7.2326, 6.3597, 8.6043, 0.4988, 0.6235, 1.6211, 2.2446, 3.2422, 1.9952, 2.494, 11.9712, 58.9831, 39.0311, 16.4604, 5.6115, 1.247, 43.645, 21.3237, 41.4004, 7.9808, 0, 24.94, 89.6593, 11.3477, 51.8752, 6.235],
      [13.2526, 17.8622, 2.3048, 43.7912, 83.549, 139.4404, 117.5448, 241.4278, 8.0668, 36.3006, 8.0668, 4.0334, 8.643, 1.7286, 103.716, 23.6242, 116.9686, 46.096, 52.4342, 280.0332, 193.6032, 55.8914, 271.9664, 144.6262, 25.3528, 33.4196, 29.3862, 39.7578, 2.3048, 2.881, 7.4906, 10.3716, 14.9812, 9.2192, 11.524, 55.3152, 272.5426, 180.3506, 76.0584, 25.929, 5.762, 201.67, 98.5302, 191.2984, 36.8768, 0, 115.24, 414.2878, 52.4342, 239.6992, 28.81],
      [4.1975, 5.6575, 0.73, 13.87, 26.4625, 44.165, 37.23, 76.4675, 2.555, 11.4975, 2.555, 1.2775, 2.7375, 0.5475, 32.85, 7.4825, 37.0475, 14.6, 16.6075, 88.695, 61.32, 17.7025, 86.14, 45.8075, 8.03, 10.585, 9.3075, 12.5925, 0.73, 0.9125, 2.3725, 3.285, 4.745, 2.92, 3.65, 17.52, 86.3225, 57.1225, 24.09, 8.2125, 1.825, 63.875, 31.2075, 60.59, 11.68, 0, 36.5, 131.2175, 16.6075, 75.92, 9.125],
      [0.3887, 0.5239, 0.0676, 1.2844, 2.4505, 4.0898, 3.4476, 7.0811, 0.2366, 1.0647, 0.2366, 0.1183, 0.2535, 0.0507, 3.042, 0.6929, 3.4307, 1.352, 1.5379, 8.2134, 5.6784, 1.6393, 7.9768, 4.2419, 0.7436, 0.9802, 0.8619, 1.1661, 0.0676, 0.0845, 0.2197, 0.3042, 0.4394, 0.2704, 0.338, 1.6224, 7.9937, 5.2897, 2.2308, 0.7605, 0.169, 5.915, 2.8899, 5.6108, 1.0816, 0, 3.38, 12.1511, 1.5379, 7.0304, 0.845]
    ],
    [
      [1.4592, 3.4504, 0.0152, 1.9912, 6.46, 8.7096, 5.7912, 10.4728, 0.532, 3.2224, 0.7296, 0.6232, 0.836, 0.4256, 12.7832, 4.1952, 11.552, 4.6208, 6.1712, 21.6904, 13.0112, 4.3472, 18.4376, 7.752, 3.4504, 5.168, 1.672, 1.6872, 0.3192, 0.3496, 0.3192, 1.1704, 0.6536, 0.1824, 1.0184, 5.9888, 17.7536, 11.324, 11.1872, 3.8912, 0.1976, 13.9536, 6.612, 12.0688, 3.4048, 0.1064, 8.0256, 41.6024, 3.4352, 15.9296, 3.876],
      [1.0272, 2.4289, 0.0107, 1.4017, 4.5475, 6.1311, 4.0767, 7.3723, 0.3745, 2.2684, 0.5136, 0.4387, 0.5885, 0.2996, 8.9987, 2.9532, 8.132, 3.2528, 4.3442, 15.2689, 9.1592, 3.0602, 12.9791, 5.457, 2.4289, 3.638, 1.177, 1.1877, 0.2247, 0.2461, 0.2247, 0.8239, 0.4601, 0.1284, 0.7169, 4.2158, 12.4976, 7.9715, 7.8752, 2.7392, 0.1391, 9.8226, 4.6545, 8.4958, 2.3968, 0.0749, 5.6496, 29.2859, 2.4182, 11.2136, 2.7285],
      [1.4304, 3.3823, 0.0149, 1.9519, 6.3325, 8.5377, 5.6769, 10.2661, 0.5215, 3.1588, 0.7152, 0.6109, 0.8195, 0.4172, 12.5309, 4.1124, 11.324, 4.5296, 6.0494, 21.2623, 12.7544, 4.2614, 18.0737, 7.599, 3.3823, 5.066, 1.639, 1.6539, 0.3129, 0.3427, 0.3129, 1.1473, 0.6407, 0.1788, 0.9983, 5.8706, 17.4032, 11.1005, 10.9664, 3.8144, 0.1937, 13.6782, 6.4815, 11.8306, 3.3376, 0.1043, 7.8672, 40.7813, 3.3674, 15.6152, 3.7995],
      [91.5168, 216.3991, 0.9533, 124.8823, 405.1525, 546.2409, 363.2073, 656.8237, 33.3655, 202.0996, 45.7584, 39.0853, 52.4315, 26.6924, 801.7253, 263.1108, 724.508, 289.8032, 387.0398, 1360.3591, 816.0248, 272.6438, 1156.3529, 486.183, 216.3991, 324.122, 104.863, 105.8163, 20.0193, 21.9259, 20.0193, 73.4041, 40.9919, 11.4396, 63.8711, 375.6002, 1113.4544, 710.2085, 701.6288, 244.0448, 12.3929, 875.1294, 414.6855, 756.9202, 213.5392, 6.6731, 503.3424, 2609.1821, 215.4458, 999.0584, 243.0915],
      [0.5568, 1.3166, 0.0058, 0.7598, 2.465, 3.3234, 2.2098, 3.9962, 0.203, 1.2296, 0.2784, 0.2378, 0.319, 0.1624, 4.8778, 1.6008, 4.408, 1.7632, 2.3548, 8.2766, 4.9648, 1.6588, 7.0354, 2.958, 1.3166, 1.972, 0.638, 0.6438, 0.1218, 0.1334, 0.1218, 0.4466, 0.2494, 0.0696, 0.3886, 2.2852, 6.7744, 4.321, 4.2688, 1.4848, 0.0754, 5.3244, 2.523, 4.6052, 1.2992, 0.0406, 3.0624, 15.8746, 1.3108, 6.0784, 1.479]
    ],
    [
      [0.5628, 1.8492, 0.4824, 5.0652, 6.5928, 9.3264, 9.7284, 14.07, 0.1608, 2.0904, 1.206, 0.0804, 0.8844, 0, 6.03, 2.01, 6.5124, 2.01, 3.6984, 15.1152, 7.0752, 2.6532, 13.5072, 6.1104, 1.2864, 3.1356, 1.4472, 2.4924, 0.2412, 0.2412, 0.402, 1.0452, 0.2412, 0.402, 0.804, 3.4572, 17.1252, 7.3968, 5.5476, 1.6884, 0.1608, 11.4168, 4.824, 9.8892, 2.01, 0, 10.452, 28.7028, 2.5728, 6.9948, 0.4824],
      [4.6312, 15.2168, 3.9696, 41.6808, 54.2512, 76.7456, 80.0536, 115.78, 1.3232, 17.2016, 9.924, 0.6616, 7.2776, 0, 49.62, 16.54, 53.5896, 16.54, 30.4336, 124.3808, 58.2208, 21.8328, 111.1488, 50.2816, 10.5856, 25.8024, 11.9088, 20.5096, 1.9848, 1.9848, 3.308, 8.6008, 1.9848, 3.308, 6.616, 28.4488, 140.9208, 60.8672, 45.6504, 13.8936, 1.3232, 93.9472, 39.696, 81.3768, 16.54, 0, 86.008, 236.1912, 21.1712, 57.5592, 3.9696],
      [0.7014, 2.3046, 0.6012, 6.3126, 8.2164, 11.6232, 12.1242, 17.535, 0.2004, 2.6052, 1.503, 0.1002, 1.1022, 0, 7.515, 2.505, 8.1162, 2.505, 4.6092, 18.8376, 8.8176, 3.3066, 16.8336, 7.6152, 1.6032, 3.9078, 1.8036, 3.1062, 0.3006, 0.3006, 0.501, 1.3026, 0.3006, 0.501, 1.002, 4.3086, 21.3426, 9.2184, 6.9138, 2.1042, 0.2004, 14.2284, 6.012, 12.3246, 2.505, 0, 13.026, 35.7714, 3.2064, 8.7174, 0.6012],
      [0.7861, 2.5829, 0.6738, 7.0749, 9.2086, 13.0268, 13.5883, 19.6525, 0.2246, 2.9198, 1.6845, 0.1123, 1.2353, 0, 8.4225, 2.8075, 9.0963, 2.8075, 5.1658, 21.1124, 9.8824, 3.7059, 18.8664, 8.5348, 1.7968, 4.3797, 2.0214, 3.4813, 0.3369, 0.3369, 0.5615, 1.4599, 0.3369, 0.5615, 1.123, 4.8289, 23.9199, 10.3316, 7.7487, 2.3583, 0.2246, 15.9466, 6.738, 13.8129, 2.8075, 0, 14.599, 40.0911, 3.5936, 9.7701, 0.6738],
      [0.3185, 1.0465, 0.273, 2.8665, 3.731, 5.278, 5.5055, 7.9625, 0.091, 1.183, 0.6825, 0.0455, 0.5005, 0, 3.4125, 1.1375, 3.6855, 1.1375, 2.093, 8.554, 4.004, 1.5015, 7.644, 3.458, 0.728, 1.7745, 0.819, 1.4105, 0.1365, 0.1365, 0.2275, 0.5915, 0.1365, 0.2275, 0.455, 1.9565, 9.6915, 4.186, 3.1395, 0.9555, 0.091, 6.461, 2.73, 5.5965, 1.1375, 0, 5.915, 16.2435, 1.456, 3.9585, 0.273]
    ],
    [
      [2.071, 6.0059, 0.2071, 6.0059, 9.7337, 19.0532, 14.0828, 21.3313, 0.8284, 6.0059, 1.2426, 2.071, 1.2426, 0.6213, 23.4023, 6.6272, 16.1538, 9.1124, 12.0118, 36.2425, 20.2958, 11.1834, 32.1005, 13.4615, 6.8343, 8.6982, 3.7278, 4.9704, 0.4142, 0.8284, 2.071, 1.0355, 2.6923, 1.4497, 1.8639, 12.8402, 32.3076, 20.5029, 21.5384, 7.8698, 1.0355, 33.3431, 23.1952, 26.7159, 7.4556, 0, 11.3905, 65.0294, 8.9053, 37.4851, 4.3491],
      [2.292, 6.6468, 0.2292, 6.6468, 10.7724, 21.0864, 15.5856, 23.6076, 0.9168, 6.6468, 1.3752, 2.292, 1.3752, 0.6876, 25.8996, 7.3344, 17.8776, 10.0848, 13.2936, 40.11, 22.4616, 12.3768, 35.526, 14.898, 7.5636, 9.6264, 4.1256, 5.5008, 0.4584, 0.9168, 2.292, 1.146, 2.9796, 1.6044, 2.0628, 14.2104, 35.7552, 22.6908, 23.8368, 8.7096, 1.146, 36.9012, 25.6704, 29.5668, 8.2512, 0, 12.606, 71.9688, 9.8556, 41.4852, 4.8132],
      [1.971, 5.7159, 0.1971, 5.7159, 9.2637, 18.1332, 13.4028, 20.3013, 0.7884, 5.7159, 1.1826, 1.971, 1.1826, 0.5913, 22.2723, 6.3072, 15.3738, 8.6724, 11.4318, 34.4925, 19.3158, 10.6434, 30.5505, 12.8115, 6.5043, 8.2782, 3.5478, 4.7304, 0.3942, 0.7884, 1.971, 0.9855, 2.5623, 1.3797, 1.7739, 12.2202, 30.7476, 19.5129, 20.4984, 7.4898, 0.9855, 31.7331, 22.0752, 25.4259, 7.0956, 0, 10.8405, 61.8894, 8.4753, 35.6751, 4.1391],
      [2.765, 8.0185, 0.2765, 8.0185, 12.9955, 25.438, 18.802, 28.4795, 1.106, 8.0185, 1.659, 2.765, 1.659, 0.8295, 31.2445, 8.848, 21.567, 12.166, 16.037, 48.3875, 27.097, 14.931, 42.8575, 17.9725, 9.1245, 11.613, 4.977, 6.636, 0.553, 1.106, 2.765, 1.3825, 3.5945, 1.9355, 2.4885, 17.143, 43.134, 27.3735, 28.756, 10.507, 1.3825, 44.5165, 30.968, 35.6685, 9.954, 0, 15.2075, 86.821, 11.8895, 50.0465, 5.8065],
      [0.9, 2.61, 0.09, 2.61, 4.23, 8.28, 6.12, 9.27, 0.36, 2.61, 0.54, 0.9, 0.54, 0.27, 10.17, 2.88, 7.02, 3.96, 5.22, 15.75, 8.82, 4.86, 13.95, 5.85, 2.97, 3.78, 1.62, 2.16, 0.18, 0.36, 0.9, 0.45, 1.17, 0.63, 0.81, 5.58, 14.04, 8.91, 9.36, 3.42, 0.45, 14.49, 10.08, 11.61, 3.24, 0, 4.95, 28.26, 3.87, 16.29, 1.89]
    ]
  ],
  "V_est": [
    [361.5913, 273.7939, 405.6663, 503.1602, 218.9646],
    [725.3868, 908.1901, 4196.4646, 1329.1475, 123.0827],
    [324.6264, 228.5199, 318.2193, 20359.6281, 123.8706],
    [241.2804, 1985.4616, 300.7002, 337.0123, 136.5455],
    [619.6432, 685.7664, 589.7232, 827.288, 269.28]
  ],
  "p_est": [
    [0.2051, 0.1553, 0.2301, 0.2854, 0.1242],
    [0.0996, 0.1247, 0.5762, 0.1825, 0.0169],
    [0.0152, 0.0107, 0.0149, 0.9533, 0.0058],
    [0.0804, 0.6616, 0.1002, 0.1123, 0.0455],
    [0.2071, 0.2292, 0.1971, 0.2765, 0.09]
  ],
  "EI_Z": {},
  "EI_V": 8.1488,
  "MAE_Z": {},
  "MAE_V": 237.2656,
  "MAE_p": 0.0576,
  "runtime": 125.549
}
