{
  "X": [
    [7, 21, 25, 73, 97, 39],
    [14, 21, 14, 62, 114, 44],
    [15, 15, 24, 105, 165, 54],
    [15, 23, 35, 83, 93, 33],
    [3, 25, 39, 39, 68, 28],
    [7, 19, 39, 110, 124, 56],
    [7, 20, 25, 84, 121, 56],
    [11, 24, 45, 124, 124, 58],
    [2, 10, 12, 53, 104, 45],
    [4, 7, 6, 61, 139, 50],
    [5, 6, 12, 66, 156, 35],
    [4, 7, 12, 38, 131, 35],
    [6, 25, 27, 64, 137, 45],
    [6, 16, 27, 99, 203, 56],
    [2, 6, 10, 59, 135, 41],
    [10, 23, 27, 94, 140, 44],
    [7, 7, 7, 75, 102, 33],
    [1, 10, 2, 63, 114, 45],
    [2, 5, 12, 73, 142, 48],
    [6, 22, 20, 65, 172, 53],
    [12, 55, 119, 92, 82, 39],
    [26, 90, 119, 101, 87, 48],
    [23, 101, 96, 133, 85, 44],
    [17, 87, 76, 121, 100, 48],
    [12, 59, 65, 65, 86, 28],
    [8, 36, 60, 74, 69, 24],
    [12, 45, 55, 94, 93, 45],
    [20, 84, 57, 109, 109, 49],
    [14, 75, 61, 78, 79, 43],
    [18, 67, 66, 81, 71, 30],
    [18, 77, 101, 84, 69, 18],
    [17, 72, 107, 108, 117, 40],
    [19, 71, 128, 87, 75, 29],
    [16, 44, 91, 90, 72, 25],
    [15, 64, 90, 103, 42, 48],
    [9, 34, 45, 119, 123, 38],
    [24, 43, 65, 66, 78, 22],
    [13, 30, 47, 74, 126, 42],
    [10, 71, 50, 92, 128, 38],
    [18, 63, 73, 94, 79, 36],
    [20, 45, 54, 102, 108, 32],
    [19, 40, 67, 82, 85, 36],
    [16, 27, 59, 51, 32, 21],
    [9, 26, 34, 75, 127, 43],
    [9, 87, 66, 143, 113, 63],
    [11, 61, 55, 122, 134, 78],
    [17, 34, 38, 72, 113, 57],
    [14, 27, 38, 120, 134, 77],
    [17, 26, 42, 125, 134, 74],
    [19, 36, 35, 105, 118, 68],
    [18, 27, 26, 65, 139, 51],
    [13, 42, 24, 115, 151, 53],
    [18, 21, 17, 126, 212, 59],
    [6, 23, 17, 99, 201, 46],
    [7, 37, 14, 76, 157, 44],
    [26, 60, 85, 155, 86, 63],
    [11, 33, 56, 125, 118, 40],
    [4, 42, 36, 76, 128, 49],
    [16, 36, 30, 82, 116, 39],
    [10, 20, 49, 85, 99, 48],
    [12, 30, 21, 70, 91, 47],
    [8, 24, 82, 86, 98, 42],
    [11, 33, 71, 88, 124, 37],
    [21, 28, 77, 82, 126, 50],
    [6, 17, 43, 80, 143, 48],
    [11, 19, 63, 111, 126, 73],
    [14, 37, 46, 98, 110, 49],
    [12, 19, 81, 87, 87, 36],
    [5, 16, 58, 91, 94, 65],
    [7, 34, 90, 110, 119, 49],
    [6, 22, 53, 65, 92, 41],
    [8, 81, 60, 95, 75, 39],
    [14, 43, 63, 126, 102, 57],
    [11, 32, 54, 101, 114, 41],
    [9, 24, 16, 95, 119, 52],
    [7, 13, 28, 81, 116, 35],
    [8, 23, 28, 79, 136, 38],
    [12, 37, 23, 67, 122, 41],
    [8, 30, 67, 100, 131, 72],
    [9, 36, 40, 83, 137, 61],
    [2, 18, 5, 56, 86, 33],
    [12, 16, 12, 52, 119, 32],
    [5, 26, 40, 86, 128, 56],
    [17, 32, 44, 67, 133, 48],
    [7, 19, 44, 92, 139, 43],
    [6, 38, 34, 88, 161, 51],
    [10, 30, 36, 92, 148, 50],
    [11, 22, 37, 100, 150, 38],
    [9, 51, 65, 85, 121, 49],
    [14, 50, 46, 87, 89, 52],
    [9, 22, 28, 53, 78, 32],
    [13, 37, 51, 64, 98, 31],
    [4, 26, 39, 69, 59, 30],
    [14, 53, 88, 59, 64, 44],
    [22, 54, 89, 91, 76, 43],
    [11, 29, 55, 69, 48, 31],
    [8, 35, 28, 108, 238, 74],
    [138, 488, 940, 1036, 1343, 611]
  ],
  "W": [
    [15, 25, 52, 69, 86, 15],
    [22, 17, 56, 55, 99, 20],
    [22, 27, 54, 99, 150, 26],
    [19, 26, 69, 71, 90, 7],
    [26, 29, 43, 35, 60, 9],
    [22, 32, 88, 96, 106, 11],
    [24, 21, 74, 61, 123, 10],
    [25, 33, 119, 100, 100, 9],
    [20, 8, 47, 41, 87, 23],
    [9, 3, 49, 53, 133, 20],
    [12, 10, 34, 58, 148, 18],
    [9, 10, 36, 34, 127, 11],
    [16, 19, 66, 53, 132, 18],
    [23, 26, 84, 76, 176, 22],
    [14, 10, 40, 47, 129, 13],
    [24, 23, 68, 80, 125, 18],
    [13, 9, 40, 65, 87, 17],
    [13, 3, 30, 59, 110, 20],
    [7, 11, 28, 70, 136, 30],
    [19, 17, 72, 60, 144, 26],
    [66, 115, 51, 80, 68, 19],
    [104, 114, 50, 98, 79, 26],
    [113, 114, 46, 117, 76, 16],
    [97, 90, 51, 99, 95, 17],
    [74, 57, 43, 54, 83, 4],
    [42, 58, 19, 68, 71, 13],
    [58, 57, 35, 84, 89, 21],
    [109, 60, 45, 86, 113, 15],
    [91, 53, 36, 83, 76, 11],
    [89, 58, 32, 81, 61, 12],
    [88, 94, 32, 83, 65, 5],
    [92, 110, 40, 92, 109, 18],
    [70, 130, 33, 91, 70, 15],
    [78, 88, 17, 81, 65, 9],
    [72, 102, 27, 99, 48, 14],
    [45, 54, 28, 116, 113, 12],
    [56, 65, 27, 56, 83, 11],
    [55, 50, 35, 68, 105, 19],
    [84, 53, 33, 82, 121, 16],
    [78, 68, 36, 91, 74, 16],
    [67, 57, 28, 96, 98, 15],
    [62, 60, 36, 71, 88, 12],
    [45, 62, 20, 39, 33, 7],
    [34, 23, 75, 59, 107, 16],
    [101, 53, 93, 115, 106, 13],
    [68, 48, 107, 91, 128, 19],
    [31, 27, 112, 56, 90, 15],
    [29, 30, 126, 96, 106, 23],
    [27, 26, 150, 88, 112, 15],
    [34, 31, 116, 81, 106, 13],
    [25, 19, 118, 45, 103, 16],
    [53, 23, 73, 81, 135, 33],
    [24, 14, 100, 100, 193, 22],
    [41, 18, 65, 77, 176, 15],
    [42, 14, 42, 60, 153, 24],
    [67, 85, 102, 121, 80, 20],
    [34, 50, 82, 100, 101, 16],
    [50, 38, 76, 51, 99, 21],
    [43, 33, 53, 75, 108, 7],
    [22, 48, 67, 65, 94, 15],
    [31, 22, 70, 61, 77, 10],
    [20, 70, 89, 70, 74, 17],
    [37, 64, 88, 62, 98, 15],
    [24, 64, 102, 80, 98, 16],
    [27, 46, 46, 76, 124, 18],
    [20, 64, 98, 92, 102, 27],
    [44, 42, 64, 84, 103, 17],
    [16, 71, 72, 71, 81, 11],
    [16, 57, 72, 83, 93, 8],
    [29, 91, 72, 94, 109, 14],
    [16, 62, 47, 48, 91, 15],
    [100, 50, 43, 71, 83, 11],
    [58, 55, 81, 99, 98, 14],
    [59, 52, 49, 75, 105, 13],
    [27, 18, 45, 79, 127, 19],
    [18, 27, 39, 65, 117, 14],
    [29, 27, 45, 65, 131, 15],
    [44, 21, 60, 48, 119, 10],
    [29, 54, 109, 84, 115, 17],
    [35, 36, 86, 67, 132, 10],
    [22, 13, 23, 51, 81, 10],
    [32, 9, 40, 50, 104, 8],
    [35, 36, 67, 64, 124, 15],
    [35, 46, 47, 55, 144, 14],
    [20, 37, 68, 83, 123, 13],
    [36, 39, 57, 74, 151, 21],
    [43, 33, 44, 86, 131, 29],
    [25, 41, 70, 73, 125, 24],
    [57, 52, 82, 72, 94, 23],
    [50, 40, 75, 71, 81, 21],
    [31, 25, 52, 35, 57, 22],
    [33, 40, 66, 56, 84, 15],
    [24, 25, 46, 56, 66, 10],
    [52, 82, 77, 40, 53, 18],
    [52, 71, 103, 77, 62, 10],
    [28, 35, 69, 55, 49, 7],
    [27, 29, 85, 95, 223, 32],
    [563, 824, 788, 883, 1339, 159]
  ],
  "method": "mvn_pdf",
  "cond_prob": [
    [
      [0.068740061594, 0.77208545181, 0.027029296273, 0.11263981168, 0.0052713388435, 0.014234039805],
      [0.03454831053, 0.11763040612, 0.78137750326, 0.05726908852, 1.9118379926e-05, 0.0091555731873],
      [0.054276789505, 0.0826457082, 0.077622380781, 0.23737303772, 0.23381162537, 0.31427045842],
      [0.030100416317, 0.030148831449, 0.014818063501, 0.75167793705, 0.058392369252, 0.11486238243],
      [0.0018053856312, 0, 0, 0.048739222859, 0.83773383377, 0.11172155774],
      [0.0033737578943, 0.0066741249046, 8.7519472317e-05, 0.09852845519, 0.57920428374, 0.3121318588]
    ],
    [
      [0.18824609455, 0.6327892952, 0.019016231149, 0.13161882707, 0.0080465476829, 0.020283004347],
      [0.10620540254, 0.11429452729, 0.68651072196, 0.077519657199, 0.00078875402388, 0.014680936993],
      [0.090188234898, 0.064916946625, 0.028527747743, 0.23456753555, 0.25145952229, 0.3303400129],
      [0.053715613311, 0.025379157776, 0.0056983048703, 0.71678083242, 0.06856248582, 0.12986360581],
      [0, 0, 0, 0.035570261273, 0.84935391711, 0.11507582162],
      [0.0024097095219, 0.0052212926432, 0, 0.085318399632, 0.59354296854, 0.31350762967]
    ],
    [
      [0.21523836015, 0.48695706322, 0.033522540619, 0.22349076815, 0.01210924392, 0.028682023947],
      [0.08153229909, 0.059583953852, 0.75563434243, 0.088467687903, 0.00053572505556, 0.014245991668],
      [0.084082215095, 0.02816736637, 0.049150794477, 0.24353504682, 0.26845977621, 0.32660480103],
      [0.034770019424, 0.011123670367, 0.0020831713031, 0.76601999805, 0.067174432021, 0.11882870883],
      [0, 0, 0, 0.041969870418, 0.85224710526, 0.10578302433],
      [0.0031043255066, 0.0021498732657, 0, 0.092777793427, 0.60519113784, 0.29677686996]
    ],
    [
      [0.14239753472, 0.68522795869, 0.046338525832, 0.11274603468, 0.0039820430184, 0.0093079030638],
      [0.043319497876, 0.068407231198, 0.84632744455, 0.037959257899, 0.00043423666692, 0.0035523318094],
      [0.11417340998, 0.082418427223, 0.14430440454, 0.25714160137, 0.17475310591, 0.22720905097],
      [0.045542040481, 0.034540547075, 0.030347436065, 0.76844699787, 0.042758106247, 0.078364872266],
      [0, 0, 0, 0.073537420974, 0.821545029, 0.10491755002],
      [0.0080985333101, 0.0089757790171, 0.00048322528223, 0.13571562923, 0.55431550967, 0.29241132349]
    ],
    [
      [0.048073787295, 0.73797986995, 0.083843136354, 0.10533828624, 0.0068167502752, 0.017948169891],
      [0.0067982846806, 0.043887419508, 0.92299787477, 0.019282328845, 0.0010021577193, 0.0060319344751],
      [0.022528942799, 0.076142818378, 0.19639262986, 0.1879719967, 0.2181637425, 0.29879986976],
      [0.016414994773, 0.03443902836, 0.045950200071, 0.70522837559, 0.066593653969, 0.13137374723],
      [0, 0, 0, 0.036466461065, 0.8465487244, 0.11698481454],
      [0.0010735463521, 0.0066978925317, 0, 0.083137817046, 0.58766218208, 0.32142856199]
    ],
    [
      [0.084164532795, 0.59463343161, 0.05963208756, 0.22343446903, 0.010722671217, 0.027412807781],
      [0.020993412918, 0.047665931014, 0.86386856699, 0.058244377403, 0.00014007497882, 0.0090876366954],
      [0.034283559276, 0.035565683728, 0.09337221063, 0.25498407546, 0.25251944731, 0.3292750236],
      [0.015003926016, 0.012832497964, 0.019010365267, 0.77571740657, 0.061172202326, 0.11626360186],
      [0, 0, 0, 0.049204395161, 0.84151231531, 0.10928328953],
      [0.0017509955714, 0.0028231581318, 0.00023184808506, 0.099771458782, 0.58773369314, 0.30768884629]
    ],
    [
      [0.087841818843, 0.61089403824, 0.045618541983, 0.22031818216, 0.0080851178495, 0.02724230092],
      [0.02751551025, 0.060553808787, 0.83016213796, 0.070689929274, 0.00040093621543, 0.010677677519],
      [0.041956334967, 0.040719499387, 0.076286792494, 0.27509602237, 0.20263890272, 0.36330244807],
      [0.018482076615, 0.014865360037, 0.013536831139, 0.78744993503, 0.046625217143, 0.11904058004],
      [0.00047265838779, 0.00090627940342, 0, 0.062360910861, 0.79573986135, 0.14052029],
      [0.0023658189702, 0.003541081419, 7.8075132194e-05, 0.11659313855, 0.50821175185, 0.36921013408]
    ],
    [
      [0.093664070564, 0.61510493647, 0.05904679302, 0.20270543688, 0.0087695964551, 0.02070916661],
      [0.024321687733, 0.050649894655, 0.86462731316, 0.053534914429, 0.00013351571758, 0.0067326743038],
      [0.046450361787, 0.043974315627, 0.10823483644, 0.26906851719, 0.24043777359, 0.29183419536],
      [0.021743582728, 0.016290212602, 0.020301272771, 0.78735596443, 0.056029195313, 0.098279772156],
      [0.0013005392269, 0.00055301563307, 0.00078630124806, 0.054040248835, 0.84233982032, 0.10098007474],
      [0.0026419213849, 0.0037404090521, 0.00026954461292, 0.11188189214, 0.59192860555, 0.28953762726]
    ],
    [
      [0.073759170476, 0.47004847817, 0.067575305978, 0.3135936916, 0.02032314653, 0.054700207249],
      [0.015363109398, 0.031123942067, 0.86923950442, 0.068789755151, 0.0006723618025, 0.014811327156],
      [0.0024737691927, 0.003379071857, 0.066400531334, 0.24086648891, 0.28272190908, 0.40415822962],
      [0.0069669405666, 0.0046639639707, 0.013993972496, 0.73992502243, 0.077230227311, 0.15721987323],
      [0, 0, 0, 0.031772062242, 0.84674006791, 0.12148786985],
      [0, 0, 0, 0.076347296233, 0.58553927045, 0.33811343332]
    ],
    [
      [0.10146140793, 0.56709969742, 0.044806827327, 0.2363887419, 0.013031660417, 0.037211665005],
      [0.030484465225, 0.052407111005, 0.82915472727, 0.073414973243, 0.00033448557789, 0.014204237677],
      [0.036198074041, 0.027440071737, 0.058795730167, 0.23056556823, 0.26099857389, 0.38600198194],
      [0.022326208391, 0.0068675652389, 0.0043072376233, 0.75527395613, 0.067584969912, 0.14364006271],
      [0, 0, 0, 0.042293493735, 0.83527647441, 0.12243003185],
      [0.0019199630089, 0.0015168458721, 0, 0.084999460938, 0.57095034884, 0.34061338134]
    ],
    [
      [0.13597600296, 0.45158325635, 0.056802123488, 0.30287322604, 0.017980917206, 0.034784473964],
      [0.032815995578, 0.034000832041, 0.84641165945, 0.075641359162, 0.00041708906326, 0.010713064705],
      [0.041884040395, 0.0066721584177, 0.06460689551, 0.26532614312, 0.31067955934, 0.31083120322],
      [0.027180377029, 0, 0.011321145135, 0.77678715472, 0.075707472596, 0.10900385052],
      [0, 0, 0, 0.040088750899, 0.8728222028, 0.087089046299],
      [0.0022004870922, 0.00078551206527, 5.5392136727e-05, 0.088957151278, 0.64712409223, 0.2608773652]
    ],
    [
      [0.11453135727, 0.58100121622, 0.052573667006, 0.2016205177, 0.015204263903, 0.035068977902],
      [0.030096052594, 0.046564634727, 0.85667229719, 0.054541341364, 0.00032125252256, 0.011804421598],
      [0.045993152119, 0.023775465949, 0.067551883666, 0.19444124705, 0.3052939681, 0.36294428312],
      [0.023529499674, 0.01261435712, 0.015512896335, 0.71018746935, 0.087727344508, 0.15042843302],
      [0.0014929832959, 0, 0, 0.029564659505, 0.86593195045, 0.10301040675],
      [0.0020810831682, 0.0018670718668, 7.3430695553e-05, 0.067184665313, 0.62847989341, 0.30031385555]
    ],
    [
      [0.046092491487, 0.82930655983, 0.034128558822, 0.077313926072, 0.0035892264521, 0.0095692373398],
      [0.019610523029, 0.10658147477, 0.83460609773, 0.033708809277, 0.00018508189822, 0.0053080132945],
      [0.052442502833, 0.10545236714, 0.13754355913, 0.2207389931, 0.20542833321, 0.27839424458],
      [0.025876492544, 0.048270220547, 0.028441804058, 0.73408565311, 0.055216413868, 0.10810941587],
      [0, 0, 0, 0.051559987374, 0.83456690673, 0.1138731059],
      [0.0031811614899, 0.010437172309, 0.00061870467996, 0.10229323964, 0.57174912257, 0.31172059931]
    ],
    [
      [0.089625059989, 0.53340367083, 0.045730684874, 0.2811178911, 0.017627524902, 0.032495168296],
      [0.027407890873, 0.05201269898, 0.81785802309, 0.089225427346, 0.00057419611915, 0.012921763588],
      [0.025823232906, 0.019822198261, 0.047300433996, 0.27138168837, 0.32628831825, 0.30938412821],
      [0.013685988153, 0.0089684990786, 0.0093506472608, 0.77813225289, 0.079999855792, 0.10986275682],
      [0, 0, 0, 0.036166622345, 0.87835979233, 0.085473585329],
      [0.00076053608525, 0.0014870369748, 0, 0.08704494625, 0.65909575479, 0.2516117259]
    ],
    [
      [0.08333689963, 0.40236456691, 0.046796793109, 0.38956723794, 0.022965484009, 0.054969018409],
      [0.023213186739, 0.036689606332, 0.81136310585, 0.10814084753, 0.000745469497, 0.01984778405],
      [0.014931078756, 0, 0.030780345948, 0.26829228817, 0.30624429912, 0.37975198801],
      [0, 0, 0, 0.78417156795, 0.077376039664, 0.13845239238],
      [0, 0, 0, 0.029537946161, 0.8591063777, 0.11135567614],
      [0.00030064519678, 0, 0, 0.082038455271, 0.61229692129, 0.30536397824]
    ],
    [
      [0.10296362367, 0.6587382872, 0.041142996737, 0.17189249995, 0.0080067589308, 0.017255833508],
      [0.035722168613, 0.071963795232, 0.82391119987, 0.060854123425, 0.00013558393566, 0.0074131289219],
      [0.058795407261, 0.053846847099, 0.086183401318, 0.26312930456, 0.25515297942, 0.28289206034],
      [0.029021143194, 0.020465341988, 0.015008034511, 0.77960975334, 0.059990145838, 0.095905581132],
      [0.0026027499034, 0.0012442503845, 0, 0.050418842204, 0.85309379837, 0.092640359143],
      [0.0034522370379, 0.004487197609, 8.3135040829e-05, 0.10616705055, 0.61213223843, 0.27367814133]
    ],
    [
      [0.164410375, 0.4432081376, 0.027934375124, 0.31507082102, 0.015995027036, 0.033381264221],
      [0.066552986922, 0.056487811303, 0.72681178452, 0.13207230672, 0.000741132077, 0.017333978455],
      [0.059813609524, 0.018247597736, 0.0023886765676, 0.30989025692, 0.29377935895, 0.3158805003],
      [0.028323346847, 0, 0, 0.80008963488, 0.066741272297, 0.10484574598],
      [0, 0, 0, 0.041080962749, 0.86271831383, 0.096200723419],
      [0.0017721362761, 0, 0, 0.10234989783, 0.62585553524, 0.27002243066]
    ],
    [
      [0.055864561696, 0.6102211586, 0, 0.27668194763, 0.014027816733, 0.043204515341],
      [0.026707614569, 0.088560345605, 0.66666666667, 0.19153183719, 0.000657551077, 0.025875984897],
      [0.0064545951414, 0.028856428612, 0, 0.2752281641, 0.26000299478, 0.42945781737],
      [0, 0.01586018717, 0, 0.75847833615, 0.068350455946, 0.15731102074],
      [0, 0, 0, 0.037448620038, 0.82736373709, 0.13518764287],
      [0, 0, 0, 0.085106210476, 0.54864439524, 0.36624939428]
    ],
    [
      [0.080490005287, 0.52667696452, 0.051934889684, 0.28460060568, 0.014505153949, 0.04179238088],
      [0.021000900518, 0.04225931128, 0.84511447272, 0.077266947628, 0.00037394973269, 0.013984418123],
      [0.024809795307, 0.022470528721, 0.060696794384, 0.24676097544, 0.25897914626, 0.38628275989],
      [0.0069982599911, 0.0027230742465, 0.0091526618507, 0.77875999038, 0.06432979096, 0.13803622257],
      [0, 0, 0, 0.044064172054, 0.83202108703, 0.12391474091],
      [0.00070025297712, 0.00095396076044, 0, 0.091420843269, 0.56616603922, 0.34075890378]
    ],
    [
      [0.068159246863, 0.74048949764, 0.03338710037, 0.12694041283, 0.01018169483, 0.020842047472],
      [0.028320186875, 0.095997066409, 0.81041112212, 0.053961526483, 0.00028997016326, 0.011020127946],
      [0.039638866121, 0.060190351051, 0.064911950391, 0.18993726943, 0.31674503132, 0.32857653168],
      [0.022109223017, 0.027756662129, 0.015249926479, 0.70256756315, 0.092804032208, 0.13951259302],
      [0, 0.0012919092412, 0, 0.028624130375, 0.87780816011, 0.092275800274],
      [0.0016530535017, 0.0043695954527, 0, 0.066129778617, 0.6547445793, 0.27310299313]
    ],
    [
      [0.081965097747, 0.673959838, 0.073667314315, 0.14688870203, 0.0060866261152, 0.017432421793],
      [0.017504711661, 0.046967658624, 0.89763887532, 0.032280317875, 0, 0.0056084365214],
      [0.048587645778, 0.059021778394, 0.16252048618, 0.23643868826, 0.20453806472, 0.28889333667],
      [0.024700134486, 0.024128864764, 0.032532217448, 0.75924747884, 0.052239473388, 0.10715183107],
      [0.00096864701631, 0.0010467246253, 0.0001861192682, 0.054758966516, 0.82786525189, 0.11517429069],
      [0.003021737734, 0.005566989298, 0.00030043643045, 0.10901726205, 0.56278138823, 0.31931218626]
    ],
    [
      [0.11879344168, 0.71289696655, 0.059136474803, 0.093455328079, 0.0022612769475, 0.013456511937],
      [0.029811846551, 0.062717442012, 0.87798402503, 0.023863438008, 0, 0.0056232483997],
      [0.096251568403, 0.086466493245, 0.17884552074, 0.20824846879, 0.15080053607, 0.27938741275],
      [0.051920332105, 0.039310344345, 0.038487416485, 0.71732651111, 0.041073513197, 0.11188188276],
      [0.002071162342, 0.0034105949912, 0.0004364647424, 0.061476613934, 0.78827881255, 0.14432635144],
      [0.007020721813, 0.010144295257, 0.00042708460363, 0.11512076607, 0.49713730419, 0.37014982806]
    ],
    [
      [0.093870217552, 0.7217613937, 0.029065271863, 0.13508698927, 0.0047189277377, 0.015497199879],
      [0.04585856427, 0.11098888222, 0.76620834989, 0.06704717444, 9.7286139791e-05, 0.0097997430392],
      [0.068882174554, 0.078078480004, 0.077431709162, 0.26919956371, 0.19771624392, 0.30869182865],
      [0.032420784836, 0.026368463667, 0.014902004809, 0.77726954069, 0.045522840078, 0.10351636593],
      [0.0017595966643, 0, 0.00076127886192, 0.063427917479, 0.80942001962, 0.12463118738],
      [0.0043279930026, 0.0069693506007, 0.00028887587737, 0.12172215048, 0.53241434658, 0.33427728346]
    ],
    [
      [0.079888365981, 0.7249932012, 0.027308952997, 0.14573755625, 0.0050496594928, 0.017022264079],
      [0.039921815028, 0.1145081378, 0.76047589141, 0.07394711206, 0.00024213041694, 0.010904913291],
      [0.056020619006, 0.074601345092, 0.071235762915, 0.27753560259, 0.19662584763, 0.32398082277],
      [0.026319217569, 0.024785816443, 0.012693736264, 0.78533703977, 0.044472947672, 0.10639124228],
      [0.001427256233, 0, 0.00016739206534, 0.065312211197, 0.80215426547, 0.13093887504],
      [0.0035071586163, 0.0065566267432, 0.00015266398503, 0.12358083674, 0.52076447199, 0.34543824193]
    ],
    [
      [0.088830555536, 0.69716329921, 0.067428619854, 0.12563104779, 0.0061575424548, 0.014788935151],
      [0.020538408717, 0.05086690219, 0.89523243471, 0.028748766561, 0.00016049048702, 0.0044529973293],
      [0.056744029675, 0.066423374815, 0.16585501873, 0.22136419502, 0.22149959558, 0.26811378619],
      [0.030659503665, 0.028376323204, 0.034240696745, 0.74423504833, 0.059115822331, 0.10337260573],
      [0.0017615205308, 0.0011741296096, 0, 0.047671503618, 0.84846043793, 0.10093240831],
      [0.0035092288641, 0.0061307764638, 0.00031748065822, 0.10013374333, 0.59906013409, 0.29084863659]
    ],
    [
      [0.082335614613, 0.70080755683, 0.065350870283, 0.13623504188, 0.0033452247844, 0.011925691614],
      [0.020242300134, 0.052461652075, 0.8908117461, 0.032747669491, 0, 0.0037366321956],
      [0.060119692588, 0.074976695371, 0.17971051215, 0.2729555683, 0.16119944888, 0.25103808271],
      [0.028696943619, 0.027588718385, 0.031657003652, 0.79213585235, 0.03631869274, 0.083602789253],
      [0.003024645196, 0.0016457246383, 0.00023990896684, 0.076543776976, 0.7970980471, 0.12144789712],
      [0.004571895716, 0.0081438677963, 0.00030558909597, 0.14559703752, 0.51792912151, 0.32345248837]
    ],
    [
      [0.099542747815, 0.65030299221, 0.046181743897, 0.17462355619, 0.0065945042825, 0.022754455604],
      [0.032006089859, 0.06565577747, 0.83715486392, 0.056227341428, 0.00015568753062, 0.0088002397916],
      [0.052790404847, 0.050628728263, 0.091470827458, 0.25216992304, 0.19710723658, 0.35583287981],
      [0.026943441713, 0.019324887878, 0.016674940287, 0.76591352598, 0.047655317313, 0.12348788683],
      [0.0024560075115, 0.00057851470359, 0, 0.058439735258, 0.79752692524, 0.14099881729],
      [0.0034607410816, 0.0044411074405, 6.9412634136e-05, 0.10966930251, 0.51080706102, 0.3715523753]
    ],
    [
      [0.1059851803, 0.67808130326, 0.035184311042, 0.15687999165, 0.0051012482929, 0.018767965458],
      [0.041350005131, 0.08539229078, 0.80125232859, 0.062689367323, 0.00010620875135, 0.0092097994242],
      [0.066087072911, 0.063049924372, 0.084449537716, 0.26753626012, 0.18310088499, 0.33577631989],
      [0.031119770098, 0.022964482094, 0.014976690913, 0.77639963369, 0.042346615862, 0.11219280734],
      [0.0022370858466, 0.00058084354654, 0, 0.066304832813, 0.78827983755, 0.14259740024],
      [0.0042403886373, 0.005851541355, 0.00010305101762, 0.12245150403, 0.49870806528, 0.36864544968]
    ],
    [
      [0.085676868227, 0.72748512003, 0.061946475123, 0.10072872024, 0.0064094299428, 0.01775338644],
      [0.022061870395, 0.059727018029, 0.88707659604, 0.025015589608, 0.0008248852019, 0.0052940407281],
      [0.055063471244, 0.069979530331, 0.14863008546, 0.18127308144, 0.18870615555, 0.35634767596],
      [0.033977679159, 0.034503434543, 0.035423452481, 0.6851992441, 0.057667882487, 0.15322830723],
      [0.002531384104, 0.0023303581055, 0.00069543633445, 0.042049594369, 0.804410176, 0.14798305108],
      [0.0035734848732, 0.0066515224682, 0.00037530724583, 0.083156622236, 0.514363067, 0.39187999618]
    ],
    [
      [0.11837186317, 0.67097469253, 0.068854719247, 0.11893755211, 0.0063065240935, 0.016554648849],
      [0.026674488097, 0.048680216046, 0.89287174887, 0.026394953037, 0.00024414263542, 0.0051344513165],
      [0.073984575626, 0.062589831359, 0.16373332899, 0.2056597499, 0.21589914273, 0.27813337139],
      [0.041728060518, 0.028362749106, 0.035100768234, 0.7215386437, 0.06036569685, 0.11290408159],
      [0.0018703286286, 0.0014551538964, 0, 0.044762496995, 0.84492592869, 0.10698609179],
      [0.0046845416427, 0.0058981804527, 0.00022831649433, 0.093949677718, 0.59047361835, 0.30476566534]
    ],
    [
      [0.10173334051, 0.73341587198, 0.066364819834, 0.092750019537, 0.0057359481397, 0],
      [0.021441979454, 0.058030949373, 0.89569714758, 0.022482054754, 0.0023478688434, 0],
      [0.088062368405, 0.097447530388, 0.22404273066, 0.2244973491, 0.18114738901, 0.18480263243],
      [0.047906013427, 0.043185993271, 0.045689668373, 0.74705101127, 0.049831933322, 0.066335380338],
      [0.0031412445685, 0.003785338551, 0, 0.060138864047, 0.85096780112, 0.081966751711],
      [0.0067088332226, 0.011137720992, 0.00055082524854, 0.12530197287, 0.60577258105, 0.25052806661]
    ],
    [
      [0.0967215146, 0.66423428417, 0.055633971431, 0.15914893133, 0.0067482534021, 0.017513045069],
      [0.027305528681, 0.058584119437, 0.86319855923, 0.044636152656, 0, 0.0062756399986],
      [0.055876971129, 0.05690343605, 0.12019574849, 0.25010764637, 0.22858399619, 0.28833220177],
      [0.027959484135, 0.022022688326, 0.022943797799, 0.7690482435, 0.05580407657, 0.10222170967],
      [0.0021026520556, 0.00050225999527, 7.1912563655e-05, 0.052792837964, 0.83990362376, 0.10462671366],
      [0.003415113458, 0.0049567561373, 0.00018529483785, 0.10761988506, 0.58624060027, 0.29758235023]
    ],
    [
      [0.098543087197, 0.75895647657, 0.054039017402, 0.077519691629, 0.0030383931412, 0.0079033340611],
      [0.028839987115, 0.072021848454, 0.87484338192, 0.020984649601, 0.000374203498, 0.0029359294133],
      [0.097418088797, 0.11083459596, 0.1968067498, 0.2111316965, 0.15907216766, 0.22473670128],
      [0.052975063257, 0.048847422077, 0.042876057951, 0.7230722934, 0.043662076293, 0.088567087025],
      [0.0029018445844, 0.0030228610626, 0.0011621340406, 0.060846460081, 0.81876421186, 0.11330248837],
      [0.0076085842415, 0.013063266069, 0.0006623821885, 0.12129601656, 0.54683604799, 0.31053370295]
    ],
    [
      [0.13428557866, 0.51836032777, 0.090443779419, 0.21951695343, 0.011269337869, 0.02612402285],
      [0.026176322528, 0.025560879508, 0.90210317863, 0.039503190533, 0, 0.0066564288041],
      [0.052770241576, 0.030004131499, 0.13154770995, 0.23654200912, 0.25817814049, 0.29095776735],
      [0.028096736328, 0.0097374520801, 0.027680225432, 0.7609577692, 0.065554211867, 0.10797360509],
      [0.00034264743616, 0, 0.0012063920244, 0.04448274064, 0.85906303024, 0.094905189662],
      [0.0030007387996, 0.0021925758951, 0.00038674171038, 0.094580584858, 0.62033057013, 0.2795087886]
    ],
    [
      [0.091463579794, 0.70484320247, 0.038441808017, 0.14422331564, 0.0035399434205, 0.017488150662],
      [0.036358231988, 0.086124439809, 0.81396318947, 0.060909760622, 0.00073222464223, 0.0019121534728],
      [0.056916140279, 0.065126113063, 0.088402576452, 0.23948049477, 0.1086526914, 0.44142198403],
      [0.030021915517, 0.02565121231, 0.018021660805, 0.74918556202, 0.027682554808, 0.14943709454],
      [0.0028889205537, 0.0015565333667, 0.00067722366848, 0.084762411094, 0.65425586198, 0.25585904934],
      [0.0041792129858, 0.0067148491803, 0.0003159840899, 0.12137042567, 0.32799715654, 0.53942237154]
    ],
    [
      [0.088919190244, 0.59844897058, 0.032357544882, 0.23805816148, 0.013547968605, 0.028668164202],
      [0.036100918521, 0.078336534545, 0.77143739203, 0.098651000564, 0.00043517638025, 0.015038977959],
      [0.035102138105, 0.034911250594, 0.048177411492, 0.25655051828, 0.30261629283, 0.32264238869],
      [0.017654777366, 0.01578295777, 0.0046321016279, 0.77566965571, 0.072743517469, 0.11351699005],
      [0, 0, 0, 0.041730811565, 0.86591365612, 0.092355532317],
      [0.0015310664636, 0.0026071116937, 0, 0.090296035078, 0.63392454344, 0.27164124333]
    ],
    [
      [0.23531907332, 0.58835625142, 0.055242511167, 0.10877958985, 0.0043457861209, 0.007956788115],
      [0.0047984477168, 0.087048461384, 0.85379716592, 0.049101016758, 0.0019540981358, 0.0033008100864],
      [0.20949905444, 0.077358647912, 0.16097128845, 0.23579645522, 0.13092007636, 0.18545447762],
      [0.083800962677, 0.038860897684, 0.036537024347, 0.73905046342, 0.034304702196, 0.067445949678],
      [0, 0, 0, 0.08742089541, 0.8006996357, 0.11187946889],
      [0.014627673868, 0.011727833322, 0.0015732216642, 0.15522839252, 0.51960404096, 0.29723883767]
    ],
    [
      [0.14180937676, 0.48640481678, 0.052263431479, 0.24885599187, 0.022838964514, 0.047827418591],
      [0.039652132087, 0.042747419857, 0.8304130044, 0.070459175411, 0, 0.01672826825],
      [0.037347402194, 0.018378660782, 0.050837443182, 0.17771024357, 0.35096736417, 0.36475888611],
      [0.025753080178, 0.0065960099934, 0.012131027205, 0.68715906143, 0.10677292983, 0.16158789137],
      [0.0011688214695, 0, 0, 0.026384692433, 0.88180711932, 0.090639366782],
      [0.001935941613, 0.0009780145888, 3.3720395744e-05, 0.056468119412, 0.66366802366, 0.27691618033]
    ],
    [
      [0.065979407226, 0.73192298641, 0.034901247044, 0.14208014996, 0.0072650730564, 0.017851136298],
      [0.026383949006, 0.094065506369, 0.8121710634, 0.058270074045, 5.9852023542e-05, 0.0090495551545],
      [0.041298035848, 0.066829413681, 0.08191283621, 0.23861818411, 0.26357488977, 0.30776664037],
      [0.020285380755, 0.026980051072, 0.016079972798, 0.75750292033, 0.066363132541, 0.1127885425],
      [0, 0.00024964425596, 0, 0.045448805482, 0.8549941242, 0.099307426057],
      [0.0020715056748, 0.0053159693445, 9.6720230188e-05, 0.093000529513, 0.6120327779, 0.28748249734]
    ],
    [
      [0.11489985361, 0.687066766, 0.059957372331, 0.11957039578, 0.0038739725526, 0.014631639733],
      [0.02922962202, 0.056695647115, 0.87789024141, 0.030955992813, 0, 0.0052284966437],
      [0.081278252481, 0.072034601904, 0.15943022264, 0.23092596371, 0.17583626584, 0.28049469343],
      [0.042304758159, 0.02986541312, 0.031680208842, 0.7464671926, 0.044515500877, 0.10516692641],
      [0.0024880362104, 0.0016642229246, 0, 0.060310668515, 0.80849372577, 0.12704334658],
      [0.0056457724978, 0.0074585930851, 0.00027509516997, 0.11647893302, 0.53051739275, 0.33962421347]
    ],
    [
      [0.16886050979, 0.57323152453, 0.046008539774, 0.18286805891, 0.0095007227125, 0.019530644289],
      [0.051544978377, 0.059269951682, 0.82135360766, 0.059616990529, 0.0003749805018, 0.0078394912449],
      [0.084118582129, 0.042596801763, 0.084420312943, 0.24706780683, 0.2623184149, 0.27947808144],
      [0.034723135721, 0.02048912424, 0.01764228635, 0.76310491711, 0.064668368254, 0.099372168325],
      [0, 0, 0.00039415230408, 0.047879952577, 0.86130111303, 0.090424782089],
      [0.0039693832026, 0.0036956156139, 0.00028113469591, 0.098764373768, 0.62543264289, 0.26785684983]
    ],
    [
      [0.17292693075, 0.55943873191, 0.080829428674, 0.16230969292, 0.004968752072, 0.019526463672],
      [0.030409509356, 0.035368712653, 0.89494924552, 0.033547195029, 0, 0.0057253374458],
      [0.094430858308, 0.045608722388, 0.16524887656, 0.24031551713, 0.16458691381, 0.28980911181],
      [0.041991226555, 0.021018360438, 0.032663476705, 0.75717520855, 0.040994591275, 0.10615713648],
      [0, 0, 0.00021385828892, 0.06853695732, 0.79287042366, 0.13837876073],
      [0.0060893123122, 0.0048715221027, 0.00039456330223, 0.12349305577, 0.50696626763, 0.35818527888]
    ],
    [
      [0.21583846567, 0.50386998658, 0.062181566005, 0.19052102699, 0.0042664355446, 0.02332251921],
      [0.037432135557, 0.046078535837, 0.85374034993, 0.053564306318, 0, 0.0091846723611],
      [0.11142503783, 0.039371468661, 0.11441610713, 0.26468263935, 0.14016358847, 0.32994115856],
      [0.043433134982, 0.016673067535, 0.023556750173, 0.77385718029, 0.03196191537, 0.11051795165],
      [0, 0, 0.0017328332372, 0.08112549447, 0.74786454312, 0.16927712917],
      [0.006297659929, 0.0044717678283, 0.00081556259865, 0.13633466543, 0.43981342983, 0.41226691439]
    ],
    [
      [0.098241863773, 0.61565804736, 0.072139660083, 0.18253959075, 0.0099993129297, 0.021421525098],
      [0.021180374475, 0.041774235847, 0.89118872903, 0.040089702586, 0, 0.0057669580651],
      [0.046709349305, 0.040774276371, 0.12527558923, 0.23069064604, 0.26822390878, 0.28832623027],
      [0.024273299232, 0.01689621929, 0.025985309016, 0.75504199119, 0.069510321536, 0.10829285974],
      [0.0018239496022, 0, 0.0010773985725, 0.04267939063, 0.86313450544, 0.091284755756],
      [0.0026337224232, 0.0032419562059, 0.00036416986978, 0.090976251525, 0.63042057181, 0.27236332817]
    ],
    [
      [0.047790547994, 0.72270267424, 0.053028967033, 0.15384258309, 0.0047991416549, 0.017836085981],
      [0.0129157116, 0.069589621712, 0.8639003745, 0.04680180605, 1.6161845405e-05, 0.006776324294],
      [0.03002401261, 0.071711374865, 0.12771275886, 0.27201598065, 0.1821511948, 0.31638467822],
      [0.005878604626, 0.030946870036, 0.025795335199, 0.78818101376, 0.042205845257, 0.10699233112],
      [0, 0, 7.4645469877e-05, 0.069681604856, 0.79349855064, 0.13674519903],
      [0.0015653256221, 0.0069793872374, 0.00043784151551, 0.1274500376, 0.50845003279, 0.35511737523]
    ],
    [
      [0.064922842343, 0.70547807491, 0.043267071548, 0.16012823481, 0.0059233425128, 0.020280433877],
      [0.021944291704, 0.078178251667, 0.83431549846, 0.056616676219, 0.00040344913808, 0.0085418328149],
      [0.036541842461, 0.063912757414, 0.095804506384, 0.25873413127, 0.18547124678, 0.35953551569],
      [0.017381205749, 0.02425025318, 0.018304312129, 0.77179627095, 0.044785753328, 0.12348220466],
      [0, 0.00093113132075, 0.00069301274404, 0.064704117747, 0.78392293486, 0.14974880333],
      [0.0021186238072, 0.0058058912789, 0.0002744731922, 0.11544946318, 0.49025181736, 0.38609973118]
    ],
    [
      [0.12210138327, 0.70607559978, 0.043021011022, 0.10732383526, 0.0058524709355, 0.015625699736],
      [0.041653277306, 0.077124008357, 0.83636825723, 0.037655545621, 0.00025213297126, 0.0069467785185],
      [0.083730689295, 0.071734694407, 0.11211690468, 0.20216878802, 0.22369468861, 0.30655423499],
      [0.046449728126, 0.031854243815, 0.024961834916, 0.71092184055, 0.062456876341, 0.12335547625],
      [0.00042599324765, 0.0012762821783, 0.0013680783408, 0.042975175552, 0.83958934902, 0.11436512167],
      [0.0048571508717, 0.0064212905211, 0.00042150556929, 0.088931216409, 0.57982227999, 0.31954655664]
    ],
    [
      [0.11068368118, 0.61791658571, 0.046430039912, 0.19149002244, 0.0085159564827, 0.024963714277],
      [0.034973643638, 0.061961640481, 0.83132841062, 0.061655146412, 0.00024588682108, 0.0098352720327],
      [0.055087567139, 0.043294130954, 0.081416221611, 0.24903927829, 0.22672247757, 0.34444032443],
      [0.026886859842, 0.016880084944, 0.015158672928, 0.76361255219, 0.055700037167, 0.12176179293],
      [0.0013772034405, 0.00058817755028, 0, 0.052411302973, 0.82204996729, 0.12357334875],
      [0.0031655812027, 0.0036380141204, 0, 0.10242533769, 0.55191862535, 0.33885244164]
    ],
    [
      [0.12372762131, 0.5995499364, 0.05619860001, 0.1930359942, 0.006952206411, 0.020535641672],
      [0.033446217116, 0.051599676376, 0.85478978504, 0.053121398653, 5.1465082008e-05, 0.0069914577323],
      [0.065445223556, 0.045652458955, 0.10926939359, 0.27076296483, 0.20324665065, 0.30562330842],
      [0.030159102795, 0.016768138378, 0.020128054527, 0.7843926693, 0.046733189614, 0.10181884538],
      [0.0023049426384, 0.00075086952487, 0.00081909519792, 0.061920349436, 0.81327530931, 0.1209294339],
      [0.0040542949878, 0.0041998482718, 0.00031245929263, 0.12205286881, 0.54163996058, 0.32774056806]
    ],
    [
      [0.12754005088, 0.67905749329, 0.031101191986, 0.1392718462, 0.0053091153575, 0.017720302289],
      [0.055222371401, 0.094407784727, 0.77791576089, 0.062383824797, 0.00025211775637, 0.0098181404287],
      [0.083389004823, 0.066633437321, 0.075065643221, 0.25030495231, 0.19285301354, 0.33175394878],
      [0.039668242497, 0.025673198577, 0.013819869213, 0.75731550549, 0.046986468124, 0.1165367161],
      [0, 0.00091219665946, 0, 0.061177480202, 0.80104146809, 0.13686885505],
      [0.0050378888456, 0.0061310185865, 1.1297308821e-05, 0.11293194971, 0.51726348626, 0.3586243593]
    ],
    [
      [0.15671459542, 0.66249386759, 0.03452730742, 0.12179249982, 0.008528211238, 0.015943518518],
      [0.062372330371, 0.084686632301, 0.79410187245, 0.050331134673, 0.00035610392248, 0.0081519262864],
      [0.088947559469, 0.063768272983, 0.078542775624, 0.20340043666, 0.2885374665, 0.27680348876],
      [0.051810316934, 0.027211399854, 0.017314722717, 0.71087680187, 0.080913433175, 0.11187332545],
      [0, 0, 0, 0.036499080838, 0.87915346812, 0.084347451046],
      [0.0043615348792, 0.0049648806987, 0.0001044807564, 0.078048938067, 0.65866849929, 0.25385166631]
    ],
    [
      [0.099839674119, 0.64228748527, 0.029424742354, 0.20286767498, 0.0076470190239, 0.017933404253],
      [0.04321098408, 0.089390745692, 0.7670628798, 0.090105311892, 0.00051742872682, 0.0097126498048],
      [0.057433233071, 0.054321948668, 0.063440940441, 0.31395185719, 0.22433303559, 0.28651898504],
      [0.029925489105, 0.019247788102, 0.002059923056, 0.81549505476, 0.047211778037, 0.086059966938],
      [0, 0.001583981849, 0, 0.065075852252, 0.82746618976, 0.10587397614],
      [0.0029713335211, 0.0049807724574, 0, 0.13384139358, 0.56589108771, 0.29231541274]
    ],
    [
      [0.17624755597, 0.56590244521, 0.030853445759, 0.19929750069, 0.0094458912099, 0.018253161158],
      [0.073581934077, 0.075621902169, 0.75485752383, 0.085802583998, 0.00050850378119, 0.009627552147],
      [0.087118759504, 0.046794536169, 0.048628122006, 0.28607977378, 0.26184606197, 0.26953274657],
      [0.039351303525, 0.0160005293, 0.0082869976763, 0.78767419659, 0.060531360015, 0.088155612889],
      [0, 0, 0, 0.052743631779, 0.8594333463, 0.08782302192],
      [0.0042229671214, 0.0036421880807, 0, 0.11185026532, 0.62080916014, 0.25947541934]
    ],
    [
      [0.085564294209, 0.49233530192, 0.036706798422, 0.32361632956, 0.024383355766, 0.037393920128],
      [0.02995, 0.055395210816, 0.78072144348, 0.11642783098, 0.0010010515622, 0.016504463165],
      [0.023118979643, 0.01995982725, 0.022185158186, 0.26257673906, 0.37351043205, 0.29864886381],
      [0.005798943467, 0.0065072597358, 0, 0.78459760723, 0.094443280304, 0.10865290926],
      [0, 0, 0, 0.028331738592, 0.89766153412, 0.074006727289],
      [0.00023410758097, 0.0012460703811, 0, 0.077875982876, 0.69623485424, 0.22440898492]
    ],
    [
      [0.070921355194, 0.72970505337, 0.02245210907, 0.15288785915, 0.0066960225227, 0.017337600699],
      [0.036079739543, 0.11807988188, 0.75555423984, 0.079091831085, 0.0002229810795, 0.010971326573],
      [0.045491735702, 0.067897898606, 0.059029810982, 0.26457536897, 0.24875000317, 0.31425518258],
      [0.025944338038, 0.028576277982, 0, 0.78068786883, 0.058094862081, 0.10669665307],
      [0, 0, 0, 0.052243075436, 0.84099426544, 0.10676265913],
      [0.0020363977705, 0.0055408746659, 0, 0.10519983802, 0.58793045205, 0.29929243749]
    ],
    [
      [0.12823629153, 0.65002584278, 0.04124515383, 0.16260160554, 0.0017942184532, 0.01609688787],
      [0.042842296729, 0.075817425796, 0.81312769604, 0.059906850289, 0, 0.0083057311467],
      [0.08805442443, 0.067293962582, 0.10514593904, 0.3046928218, 0.13886928024, 0.29594357191],
      [0.037481576037, 0.023302702634, 0.01880285038, 0.80358522467, 0.024947128243, 0.091880518038],
      [0.0015653016568, 0.0021486103734, 0.0013769792984, 0.093176573881, 0.74678410253, 0.15494843226],
      [0.0062263560233, 0.0074143654717, 0.00052657541907, 0.16235021178, 0.44768950296, 0.37579298835]
    ],
    [
      [0.083995031763, 0.66223717161, 0.050804611514, 0.1836462068, 0.0070658247379, 0.012251153579],
      [0.025335764758, 0.063049865221, 0.85181855918, 0.055633396082, 0.0010815512371, 0.0030808635216],
      [0.052651135302, 0.060502688517, 0.11683094845, 0.30804502869, 0.22340762991, 0.23856256913],
      [0.022866241823, 0.020989950524, 0.020014241234, 0.81733947936, 0.048863729015, 0.069926358039],
      [0.0021770149012, 0.0017938942299, 0.00093456668275, 0.066987885897, 0.84175514877, 0.086351489523],
      [0.0033428062518, 0.005627754768, 0.00036013241331, 0.13843389999, 0.59266348861, 0.25957191797]
    ],
    [
