{
  "X": [
    [0, 2, 6, 3],
    [7, 49, 98, 14],
    [10, 42, 80, 23],
    [8, 33, 111, 15],
    [1, 26, 30, 3],
    [12, 53, 222, 40],
    [74, 456, 590, 111],
    [3, 50, 170, 25],
    [2, 15, 55, 12],
    [41, 217, 923, 132],
    [2, 26, 64, 14],
    [1, 10, 45, 3],
    [12, 167, 154, 24],
    [19, 86, 145, 17],
    [295, 4399, 3074, 452],
    [11, 91, 76, 9],
    [6, 54, 59, 12],
    [2, 10, 13, 0],
    [105, 1292, 2070, 299],
    [2, 89, 38, 2],
    [8, 51, 81, 15],
    [11, 89, 113, 22],
    [10, 67, 193, 28],
    [16, 84, 107, 14],
    [0, 30, 33, 8],
    [14, 117, 140, 22],
    [0, 46, 26, 1],
    [6, 50, 107, 13],
    [2, 16, 13, 0],
    [2, 25, 75, 9],
    [167, 1595, 2078, 324],
    [2, 59, 143, 12],
    [0, 4, 2, 2],
    [13, 36, 57, 12],
    [14, 147, 132, 20],
    [4, 39, 24, 6],
    [4, 55, 41, 10],
    [0, 6, 8, 2],
    [20, 241, 141, 40],
    [1, 3, 1, 2],
    [0, 10, 6, 2],
    [6, 43, 58, 12],
    [1, 26, 33, 1],
    [19, 89, 191, 28],
    [11, 134, 133, 38],
    [12, 102, 163, 25],
    [1, 51, 10, 4],
    [3, 60, 26, 7],
    [4, 122, 52, 9],
    [2, 14, 42, 10],
    [21, 150, 176, 28],
    [8, 70, 40, 12],
    [2, 20, 67, 12],
    [6, 23, 79, 20],
    [7, 26, 111, 19],
    [2, 28, 98, 18],
    [2, 8, 77, 4],
    [14, 363, 265, 50],
    [7, 124, 152, 37],
    [21, 110, 115, 23],
    [18, 195, 107, 25],
    [34, 414, 228, 61],
    [24, 250, 139, 26],
    [12, 258, 128, 20],
    [12, 153, 110, 36],
    [7, 53, 26, 11],
    [1, 43, 13, 6],
    [15, 106, 123, 38],
    [35, 236, 311, 62],
    [2, 54, 30, 13],
    [7, 166, 66, 22],
    [1, 4, 9, 1],
    [17, 174, 186, 37],
    [16, 161, 262, 50],
    [2, 12, 7, 1],
    [3, 68, 34, 15],
    [1, 22, 7, 0],
    [7, 74, 63, 13],
    [6, 105, 76, 26],
    [2, 71, 30, 14],
    [6, 77, 46, 15],
    [12, 123, 127, 26],
    [3, 69, 20, 6],
    [1, 86, 21, 10],
    [10, 148, 60, 20],
    [8, 41, 30, 5],
    [0, 42, 10, 6],
    [4, 50, 19, 8],
    [9, 75, 113, 26],
    [10, 141, 200, 43],
    [2, 86, 25, 7],
    [6, 31, 11, 6],
    [1, 18, 7, 3],
    [1, 6, 10, 2],
    [3, 4, 2, 1],
    [2, 18, 10, 3],
    [29, 111, 130, 27],
    [2, 81, 49, 14],
    [6, 136, 71, 13],
    [8, 59, 47, 14],
    [2, 28, 15, 9],
    [2, 14, 3, 6],
    [0, 8, 8, 3],
    [0, 3, 1, 3],
    [2, 29, 14, 5],
    [0, 48, 5, 6],
    [101, 235, 363, 57],
    [185, 1048, 1427, 313],
    [115, 604, 900, 289],
    [0, 4, 1, 1]
  ],
  "W": [
    [0, 2, 7, 0, 2],
    [7, 8, 108, 33, 12],
    [10, 6, 80, 33, 26],
    [6, 13, 104, 32, 12],
    [4, 5, 27, 15, 9],
    [12, 9, 228, 38, 40],
    [116, 76, 611, 343, 85],
    [15, 11, 170, 27, 25],
    [1, 1, 52, 17, 13],
    [45, 41, 933, 162, 132],
    [2, 3, 67, 26, 8],
    [0, 1, 47, 8, 3],
    [28, 12, 168, 113, 36],
    [21, 34, 131, 62, 19],
    [895, 481, 3213, 3180, 451],
    [16, 10, 86, 67, 8],
    [17, 2, 67, 38, 7],
    [2, 3, 13, 5, 2],
    [237, 183, 2105, 933, 308],
    [25, 1, 47, 55, 3],
    [15, 7, 79, 37, 17],
    [16, 4, 120, 68, 27],
    [15, 19, 184, 46, 34],
    [23, 15, 113, 60, 10],
    [9, 8, 27, 23, 4],
    [28, 10, 135, 94, 26],
    [14, 3, 25, 21, 10],
    [15, 8, 105, 34, 14],
    [5, 1, 15, 9, 1],
    [6, 3, 81, 16, 5],
    [313, 239, 2143, 1150, 319],
    [13, 3, 147, 40, 13],
    [4, 0, 2, 0, 2],
    [8, 14, 58, 30, 8],
    [46, 23, 122, 111, 11],
    [6, 4, 25, 38, 0],
    [13, 8, 38, 42, 9],
    [0, 1, 7, 7, 1],
    [67, 14, 154, 179, 28],
    [1, 0, 2, 1, 3],
    [1, 0, 6, 7, 4],
    [11, 3, 66, 23, 16],
    [1, 3, 32, 21, 4],
    [30, 18, 192, 54, 33],
    [21, 13, 150, 80, 52],
    [14, 26, 161, 77, 24],
    [9, 2, 13, 39, 3],
    [10, 8, 21, 50, 7],
    [25, 6, 55, 87, 14],
    [3, 2, 43, 8, 12],
    [42, 22, 171, 106, 34],
    [13, 10, 36, 64, 7],
    [5, 3, 76, 8, 9],
    [3, 4, 82, 10, 29],
    [4, 4, 108, 21, 26],
    [9, 2, 96, 20, 19],
    [3, 1, 74, 3, 10],
    [53, 11, 326, 247, 55],
    [25, 14, 162, 76, 43],
    [36, 23, 115, 74, 21],
    [44, 8, 131, 135, 27],
    [90, 38, 263, 289, 57],
    [41, 25, 159, 178, 36],
    [57, 21, 131, 179, 30],
    [38, 18, 122, 107, 26],
    [13, 5, 31, 36, 12],
    [15, 4, 8, 28, 8],
    [21, 11, 157, 65, 28],
    [46, 30, 345, 164, 59],
    [16, 2, 29, 40, 12],
    [39, 15, 74, 109, 24],
    [3, 1, 8, 2, 1],
    [38, 22, 199, 120, 35],
    [23, 15, 294, 106, 51],
    [2, 0, 12, 7, 1],
    [16, 3, 42, 51, 8],
    [7, 1, 9, 13, 0],
    [32, 9, 54, 52, 10],
    [36, 9, 76, 73, 19],
    [16, 1, 37, 60, 3],
    [19, 3, 44, 68, 10],
    [20, 12, 140, 85, 31],
    [13, 6, 19, 49, 11],
    [20, 2, 24, 57, 15],
    [44, 11, 56, 114, 13],
    [9, 12, 27, 29, 7],
    [9, 0, 11, 36, 2],
    [17, 7, 22, 31, 4],
    [14, 8, 121, 55, 25],
    [27, 6, 207, 102, 52],
    [22, 3, 28, 56, 11],
    [6, 5, 17, 23, 3],
    [1, 1, 9, 16, 2],
    [2, 0, 12, 5, 0],
    [2, 1, 2, 3, 2],
    [3, 1, 11, 17, 1],
    [27, 34, 133, 77, 26],
    [19, 2, 53, 56, 16],
    [14, 5, 76, 116, 15],
    [15, 1, 59, 45, 8],
    [4, 5, 20, 21, 4],
    [5, 1, 5, 10, 4],
    [2, 0, 7, 7, 3],
    [5, 0, 1, 1, 0],
    [5, 0, 18, 26, 1],
    [22, 1, 4, 26, 6],
    [40, 119, 396, 129, 72],
    [205, 209, 1567, 718, 274],
    [150, 107, 998, 426, 227],
    [1, 0, 1, 4, 0]
  ],
  "method": "mvn_pdf",
  "cond_prob": [
    [
      [0.001366021819, 0.83245524285, 0.0096219483526, 0.15655678697],
      [0, 0.55150769461, 0.4006843967, 0.047807908687],
      [0, 0.11285501371, 0.72686219802, 0.16028278827],
      [0.00051444323095, 0.95590144594, 0.0048307663285, 0.038753344503],
      [0, 0.053499757392, 0.055297910236, 0.89120233237]
    ],
    [
      [0.019111195101, 0.85432304084, 0.030143049878, 0.096422714176],
      [0.40718224914, 0.21123362885, 0.36807731458, 0.013506807422],
      [0.026898394233, 0.073130658501, 0.84052713802, 0.059443809243],
      [0.007948183941, 0.94952167584, 0.014575985388, 0.027954154827],
      [0.036787249499, 0.17479527186, 0.29887014248, 0.48954733616]
    ],
    [
      [0.0550590616, 0.72369141838, 0.049490611433, 0.17175890859],
      [0.6125643244, 0.087426267097, 0.28820181333, 0.011807595176],
      [0.041744011616, 0.030994602639, 0.86109284173, 0.06616854402],
      [0.021826573887, 0.89116633105, 0.032515172623, 0.054491922444],
      [0.065931752695, 0.09040273377, 0.30059442197, 0.54307109157]
    ],
    [
      [0.032853212545, 0.6756564172, 0.084210863446, 0.2072795068],
      [0.36554053688, 0.085015419523, 0.53407194633, 0.015372097272],
      [0.016822035728, 0, 0.93236094781, 0.050817016466],
      [0.029138875246, 0.8461159917, 0.056944102514, 0.067801030536],
      [0.030743168475, 0.06376244237, 0.39700413873, 0.50849025042]
    ],
    [
      [0.0038894716998, 0.9422455294, 0.024342794818, 0.029522204082],
      [0.1792971517, 0.36223914503, 0.45357901609, 0.0048846871824],
      [0, 0.10499583658, 0.88221360028, 0.012790563136],
      [0, 0.9790516706, 0.019391861216, 0.001556468182],
      [0.0097729283008, 0.32212883451, 0.3915654016, 0.27653283559]
    ],
    [
      [0.031402567269, 0.73623233946, 0.056137692194, 0.17622740108],
      [0.42700184775, 0.12038825597, 0.43657722144, 0.016032674841],
      [0.025358096832, 0.023385305445, 0.88919618966, 0.062060408066],
      [0.01346416483, 0.89713330303, 0.034176791531, 0.055225740605],
      [0.037171705543, 0.09147006165, 0.33404258452, 0.53731564829]
    ],
    [
      [0.037518619501, 0.7816762642, 0.043262242819, 0.13754287348],
      [0.51310527084, 0.13305377647, 0.34107688503, 0.012764067651],
      [0.034446683792, 0.048817807036, 0.85694974196, 0.05978576721],
      [0.014548870093, 0.91797123749, 0.026092910237, 0.041386982177],
      [0.054290039003, 0.12378413861, 0.31192442377, 0.51000139862]
    ],
    [
      [0.010653575495, 0.80861508613, 0.049487254659, 0.13124408371],
      [0.22761554032, 0.19367097165, 0.56111301929, 0.017600468742],
      [0, 0.043268157705, 0.9016519643, 0.055079877998],
      [0, 0.93262891287, 0.028381120899, 0.038989966236],
      [0.013457016964, 0.1281530225, 0.36153295093, 0.4968570096]
    ],
    [
      [0.029810027835, 0.64364139547, 0.084290100572, 0.24225847612],
      [0.36594332637, 0.078941305945, 0.537727651, 0.017387716685],
      [0.006248686059, 0, 0.93309333759, 0.060657976352],
      [0.05504194006, 0.80360330449, 0.059634059311, 0.081720696139],
      [0.026430922285, 0.047397009404, 0.37256536042, 0.55360670789]
    ],
    [
      [0.027956998478, 0.74791115077, 0.061668041955, 0.1624638088],
      [0.37531155093, 0.12570279765, 0.48393428396, 0.015051367456],
      [0.019357332136, 0.021073235623, 0.90592805094, 0.053641381297],
      [0.011630080272, 0.90008369383, 0.037649274128, 0.050636951772],
      [0.033406799949, 0.096328002089, 0.37161801917, 0.4986471788]
    ],
    [
      [0.016643394152, 0.64337551394, 0.055067564419, 0.28491352749],
      [0.29965665889, 0.12648523645, 0.54275072895, 0.031107375709],
      [0.011390504213, 0.022581057306, 0.88337947872, 0.082648959759],
      [0.0072731761416, 0.86005500946, 0.042243224872, 0.09042858953],
      [0.014434609131, 0.057429022174, 0.24710797041, 0.68102839828]
    ],
    [
      [0.013802633234, 0.85076742505, 0.049768231118, 0.085661710602],
      [0.28464513954, 0.16793628451, 0.53704461773, 0.01037395822],
      [0.012799546305, 0.03955294302, 0.91379853833, 0.033848972346],
      [0.0053902503819, 0.94465420121, 0.026039957713, 0.023915590694],
      [0.02355139369, 0.13861392795, 0.4353681397, 0.40246653866]
    ],
    [
      [0.014767165588, 0.91134625226, 0.021281435852, 0.052605146302],
      [0.38373397194, 0.29171880957, 0.31536767253, 0.0091795459653],
      [0.028455693954, 0.11078273602, 0.81835139502, 0.042410175002],
      [0.0063683943234, 0.96789354278, 0.013149667554, 0.012588395339],
      [0.041153515482, 0.27772803433, 0.29585447024, 0.38526397995]
    ],
    [
      [0.028845039216, 0.81002372439, 0.055827617891, 0.1053036185],
      [0.399725609, 0.13675143687, 0.45365751957, 0.0098654345706],
      [0.024545715766, 0.034757285043, 0.90406687227, 0.036630126921],
      [0.012538685301, 0.9245622999, 0.032211181714, 0.030687833086],
      [0.042668221927, 0.12967821052, 0.41965320133, 0.40800036622]
    ],
    [
      [0.015206678386, 0.89164925377, 0.026269282095, 0.066874785745],
      [0.3612728386, 0.26726940738, 0.36075110208, 0.010706651949],
      [0.023115651328, 0.094672239112, 0.8364328764, 0.045779233164],
      [0.0052834151671, 0.96280917578, 0.015164892072, 0.016742516985],
      [0.036687227346, 0.2361468951, 0.31326945404, 0.41389642351]
    ],
    [
      [0.027864646316, 0.88987964367, 0.023037977115, 0.059217732904],
      [0.54795659435, 0.19711557085, 0.24768581967, 0.007242015131],
      [0.045027814317, 0.097541009261, 0.81351270138, 0.043918475039],
      [0.0094718238045, 0.96241423095, 0.012326412254, 0.015787532987],
      [0.070949436162, 0.24006121531, 0.29582152868, 0.39316781984]
    ],
    [
      [0.040504420348, 0.79907266327, 0.032900173568, 0.12752274281],
      [0.61192003533, 0.12274656142, 0.25431723834, 0.011016164907],
      [0.045510682713, 0.059246104505, 0.82655202762, 0.068691185164],
      [0.015421214345, 0.9281286394, 0.017597796273, 0.038852349982],
      [0.064623270933, 0.13312775751, 0.26919435198, 0.53305461957]
    ],
    [
      [0.020907403323, 0.96229466401, 0.016797932669, 0],
      [0.43325340611, 0.2721711267, 0.2945754672, 0],
      [0.017628166573, 0.1188163942, 0.86355543923, 0],
      [0, 0.99063616031, 0.0093638396943, 0],
      [0.21462940479, 0.38055168288, 0.40481891232, 0]
    ],
    [
      [0.016029865211, 0.84105214352, 0.040310450015, 0.10260754125],
      [0.31753864462, 0.20745162044, 0.46120337414, 0.013806360806],
      [0.014120094658, 0.059707602099, 0.87697582994, 0.049196473298],
      [0.0050762304665, 0.94243968811, 0.022822403878, 0.029661677541],
      [0.028027362657, 0.16144890915, 0.35298305528, 0.45754067291]
    ],
    [
      [0.0082777812364, 0.95665621557, 0.015510174026, 0.019555829168],
      [0.31380229502, 0.42893037104, 0.25074232345, 0.0065250104883],
      [0.029423506492, 0.19584990082, 0.7617462281, 0.012980364592],
      [0, 0.98496403522, 0.015035964783, 0],
      [0.032116122984, 0.42556565481, 0.24415084738, 0.29816737482]
    ],
    [
      [0.037577744234, 0.78365356717, 0.052495944017, 0.12627274457],
      [0.49138778554, 0.11614903619, 0.38175373187, 0.010709446403],
      [0.031794902577, 0.033150171454, 0.88724106714, 0.047813858826],
      [0.016077049361, 0.91518122425, 0.030095131005, 0.038646595381],
      [0.052351247517, 0.11479908217, 0.37263062148, 0.46021904883]
    ],
    [
      [0.040825607831, 0.8251256262, 0.035660552206, 0.09838821376],
      [0.58245350332, 0.13263053967, 0.2760783647, 0.0088375923078],
      [0.042493661763, 0.061306156791, 0.84444910689, 0.051751074556],
      [0.014175905979, 0.93643307147, 0.019896556474, 0.029494466077],
      [0.072362046046, 0.1567881536, 0.31993551996, 0.45091428039]
    ],
    [
      [0.01985834876, 0.79475965949, 0.057197640048, 0.1281843517],
      [0.31434350867, 0.15166558943, 0.52021326326, 0.013777638649],
      [0.013345336967, 0.031911302225, 0.90864297519, 0.046100385619],
      [0.0075770862899, 0.92054288123, 0.033379114854, 0.038500917626],
      [0.027220886252, 0.11706784596, 0.39800696116, 0.45770430663]
    ],
    [
      [0.04395957817, 0.8159765295, 0.040256993595, 0.099806898733],
      [0.57955822334, 0.12271318277, 0.28916419224, 0.0085644016491],
      [0.040918569778, 0.053470303671, 0.85780572932, 0.047805397234],
      [0.015350703968, 0.93124312505, 0.023353155617, 0.03005301537],
      [0.075071572911, 0.14751102623, 0.34033895138, 0.43707844948]
    ],
    [
      [0, 0.71170658547, 0.063116230045, 0.22517718449],
      [0, 0.27880981743, 0.69414393645, 0.02704624612],
      [0, 0.024738599201, 0.91130408984, 0.06395731096],
      [0, 0.88664892557, 0.046586619229, 0.0667644552],
      [0, 0.075823681199, 0.30052494252, 0.62365137628]
    ],
    [
      [0.044064554214, 0.78849316178, 0.057034867699, 0.11040741631],
      [0.51333511439, 0.10793854418, 0.37033092841, 0.0083954130262],
      [0.032334869928, 0.03468671094, 0.89504482247, 0.037933596667],
      [0.017349224299, 0.91507622642, 0.034468078069, 0.033106471213],
      [0.06295410822, 0.12088210647, 0.40879477112, 0.40736901419]
    ],
    [
      [0, 0.96550526901, 0.034494730989, 0],
      [0, 0.66990284303, 0.32914016712, 0.00095698985176],
      [0, 0.17518383593, 0.82481616407, 0],
      [0, 0.95935520935, 0.040644790652, 0],
      [0, 0.59471624102, 0.30557085594, 0.099712903044]
    ],
    [
      [0.023250453526, 0.80898519557, 0.056165939245, 0.11159841166],
      [0.35530628738, 0.14495046968, 0.48847922729, 0.011264015654],
      [0.019132553419, 0.03316078916, 0.90812244903, 0.039584208392],
      [0.0095969720232, 0.92566484439, 0.031899765929, 0.032838417656],
      [0.033826981449, 0.125080767, 0.41515913595, 0.4259331156]
    ],
    [
      [0.03547708817, 0.94902527791, 0.01549763392, 0],
      [0.7279123476, 0.13543319739, 0.13665445501, 0],
      [0.051661358682, 0.12373551402, 0.8246031273, 0],
      [0.0021241306348, 0.99018381351, 0.0076920558559, 0],
      [0.30066465561, 0.35175338114, 0.34758196325, 0]
    ],
    [
      [0.013264434016, 0.81555371909, 0.042195000106, 0.12898684679],
      [0.2856520773, 0.19333916261, 0.50350777892, 0.017500981174],
      [0.010927804247, 0.048638576574, 0.87942735614, 0.061006263041],
      [0.0048501597933, 0.93424941052, 0.022881775671, 0.038018654012],
      [0.020140492666, 0.12778898536, 0.32731648094, 0.52475404104]
    ],
    [
      [0.020168822739, 0.84556489802, 0.035876219808, 0.098390059436],
      [0.38234875887, 0.20304116752, 0.40173865449, 0.012871419112],
      [0.022739084727, 0.065876522758, 0.85978290282, 0.051601489698],
      [0.0076591171615, 0.94455343854, 0.019516176931, 0.028271267372],
      [0.036890162403, 0.17053763416, 0.33165153783, 0.46092066561]
    ],
    [
      [0.011788763201, 0.85517147141, 0.048019636617, 0.085020128768],
      [0.24472332205, 0.20195409862, 0.54212830272, 0.011194276613],
      [0.0048707382036, 0.049937997983, 0.91234727557, 0.032843988246],
      [0.0030147274636, 0.94599330283, 0.027476284631, 0.023515685072],
      [0.021229884444, 0.16125313531, 0.42578914785, 0.3917278324]
    ],
    [
      [0, 0.90175194112, 0.0067366682918, 0.091511390593],
      [1.3530843113e-16, 0.29003873337, 0.69338793939, 0.016573327245],
      [0, 0.060545209751, 0.86383712023, 0.075617670023],
      [0.00021935862751, 0.97443593433, 0.0048465118701, 0.02049819517],
      [0, 0.13595090802, 0.12268954319, 0.74135954879]
    ],
    [
      [0.057914665388, 0.71128242227, 0.047836200279, 0.18296671206],
      [0.6303187689, 0.082736907638, 0.2747743593, 0.012169964155],
      [0.043401571328, 0.032131140404, 0.85430377389, 0.070163514374],
      [0.021917839398, 0.88666515052, 0.033819205171, 0.057597804908],
      [0.067174199164, 0.085982906973, 0.27578429082, 0.57105860305]
    ],
    [
      [0.02665283205, 0.79153805315, 0.058241261781, 0.12356785302],
      [0.37212107443, 0.13643377826, 0.47962336528, 0.011821782026],
      [0.020541974475, 0.035254072134, 0.90258710658, 0.041616846815],
      [0.011831083956, 0.91758623982, 0.033471541253, 0.037111134973],
      [0.035983073513, 0.11801847593, 0.40532695228, 0.44067149827]
    ],
    [
      [0.037668817072, 0.67113982362, 0.045808230433, 0.24538312887],
      [0.55625147842, 0.092419696, 0.33407864543, 0.017250180144],
      [0.032306656491, 0.038835592448, 0.85029677379, 0.078560977267],
      [0.019508283463, 0.88506822271, 0.029774123443, 0.065649370383],
      [0.034600482919, 0.064211223992, 0.222508417, 0.67867987609]
    ],
    [
      [0.015877640144, 0.82820177586, 0.037727415058, 0.11819316894],
      [0.32759103604, 0.19603486632, 0.46016313025, 0.016210967386],
      [0.016964729215, 0.052987496759, 0.87245309974, 0.057594674285],
      [0.0071211913413, 0.93764063088, 0.018283224607, 0.036954953167],
      [0.025456960367, 0.14118517881, 0.32301392651, 0.51034393432]
    ],
    [
      [0.0041690077399, 0.59745641512, 0.073021086335, 0.3253534908],
      [0, 0.075089113382, 0.89497297211, 0.029937914505],
      [0, 0, 0.93263903493, 0.067360965071],
      [0, 0.84391085002, 0.053503244188, 0.10258590579],
      [0, 0.017534936489, 0.20203107407, 0.78043398944]
    ],
    [
      [0.032414608829, 0.82142385958, 0.02902042973, 0.11714110186],
      [0.54870906935, 0.16451510433, 0.27390622182, 0.012869604506],
      [0.042280280304, 0.074049593893, 0.8124169324, 0.071253193407],
      [0.011310093548, 0.93781233352, 0.01644027595, 0.034437296987],
      [0.057522297344, 0.15676231389, 0.25592596852, 0.52978942024]
    ],
    [
      [0.013849373326, 0.93791175635, 0, 0.048238870322],
      [1, 2.8571866668e-188, 2.834925386e-189, 1.6777755449e-191],
      [0.23685542185, 0.17393339456, 0.47086624682, 0.11834493677],
      [0, 0.97706108818, 0, 0.022938911819],
      [0.17081326099, 0.24572012212, 0.019422502121, 0.56404411477]
    ],
    [
      [0, 0.96151037145, 0.0093280085237, 0.029161620028],
      [0.025242068751, 0.54707506238, 0.4153084117, 0.012374457169],
      [0, 0.12546619331, 0.82975818959, 0.0447756171],
      [0, 0.98578027491, 0.00039931083743, 0.013820414256],
      [0, 0.34630763609, 0.25233191952, 0.40136044439]
    ],
    [
      [0.02402521881, 0.88934692663, 0.020139800263, 0.066488054292],
      [0.53660430681, 0.21200151501, 0.24233441821, 0.0090597599644],
      [0.044542877862, 0.10146157268, 0.79706109586, 0.056934453597],
      [0.0093327300197, 0.96170139621, 0.0099083973485, 0.019057476424],
      [0.060714183959, 0.23534895953, 0.26359584228, 0.44034101424]
    ],
    [
      [0.0074878471309, 0.92986569904, 0.031521439629, 0.0311250142],
      [0.21443298711, 0.27599722323, 0.50546466416, 0.0041051255083],
      [0.0077953875239, 0.08212854869, 0.91007606379, 0],
      [0, 0.97905047964, 0.020949520365, 0],
      [0.024940197696, 0.26349225021, 0.47242764978, 0.23913990232]
    ],
    [
      [0.037151836474, 0.80573426426, 0.048098141456, 0.10901575781],
      [0.4951951828, 0.12933948252, 0.3657309131, 0.0097344215783],
      [0.032711640329, 0.042124456899, 0.88111200687, 0.044051895897],
      [0.01481367576, 0.925660866, 0.027284372938, 0.0322410853],
      [0.057313884278, 0.13412966358, 0.37354660188, 0.43500985026]
    ],
    [
      [0.01139930338, 0.90754035515, 0.016725090534, 0.064335250939],
      [0.35209698438, 0.34707103297, 0.28703888521, 0.013793097438],
      [0.027414459852, 0.1274197966, 0.77430817004, 0.070857573516],
      [0.0050618389841, 0.96366599583, 0.011983428851, 0.019288736332],
      [0.032043033376, 0.27352846072, 0.2271609188, 0.46726758711]
    ],
    [
      [0.016030682547, 0.83166440617, 0.039929151306, 0.11237575998],
      [0.32060516094, 0.20142557011, 0.46268895442, 0.015280314533],
      [0.014800199024, 0.057040608013, 0.8734735427, 0.054685650264],
      [0.0054308975744, 0.93953154563, 0.021762408453, 0.033275148341],
      [0.026617712658, 0.1496736078, 0.33775555172, 0.48595312782]
    ],
    [
      [0.0052874143937, 0.93176869087, 0.0076841506113, 0.055259744127],
      [0.26871045422, 0.49139205394, 0.22335959748, 0.016537894366],
      [0.018608293983, 0.20221207882, 0.68967821208, 0.089501415112],
      [0.0031504653016, 0.97540366185, 0.0025640376347, 0.01888183521],
      [0.016738797824, 0.3205992791, 0.13943640824, 0.52322551483]
    ],
    [
      [0.012063149443, 0.85515455632, 0.035843629439, 0.096938664802],
      [0.2813068941, 0.22050750742, 0.48345130696, 0.014734291519],
      [0.012882928028, 0.057227532752, 0.88141872288, 0.048470816339],
      [0.0040807995054, 0.94693986832, 0.017086998361, 0.03189233381],
      [0.022047412705, 0.16223182479, 0.34425859305, 0.47146216946]
    ],
    [
      [0.0096443306608, 0.92892146052, 0.018530205614, 0.042904003205],
      [0.31279069604, 0.35348496084, 0.32467182877, 0.0090525143597],
      [0.020512774788, 0.13062290536, 0.80925397776, 0.039610342091],
      [0.00377145806, 0.97758006799, 0.012600381123, 0.0060480928281],
      [0.030416292334, 0.31588057229, 0.28453656805, 0.36916656733]
    ],
    [
      [0.016228229658, 0.81476102974, 0.038198730243, 0.13081201036],
      [0.35141908662, 0.18191215274, 0.44951926985, 0.017149490785],
      [0.020561538605, 0.051096840546, 0.86463767534, 0.063703945505],
      [0.0069777993153, 0.93513373943, 0.019818312942, 0.038070148308],
      [0.025709048603, 0.12613821219, 0.30403322719, 0.54411951202]
    ],
    [
      [0.034640771963, 0.8241245576, 0.045475384387, 0.095759286054],
      [0.48554494083, 0.14016694364, 0.36534378401, 0.008944331522],
      [0.031912406258, 0.048825936397, 0.87926430208, 0.03999735527],
      [0.013645301263, 0.93293281342, 0.025777097442, 0.027644787874],
      [0.05763751398, 0.14891124925, 0.38135007717, 0.4121011596]
    ],
    [
      [0.037716579477, 0.7297925428, 0.051342733244, 0.18114814448],
      [0.50064183891, 0.10757231086, 0.37754743142, 0.014238418811],
      [0.029937658159, 0.036709038947, 0.87222048279, 0.0611328201],
      [0.017536461132, 0.89828303083, 0.03167237549, 0.052508132553],
      [0.043310981645, 0.089333494307, 0.30430010596, 0.56305541809]
    ],
    [
      [0.0098546548609, 0.84354863194, 0.027369185234, 0.11922752797],
      [0.28095274614, 0.26456669048, 0.43315919506, 0.021321368327],
      [0.012112263178, 0.078939098096, 0.83142236831, 0.077526270419],
      [0.0036331223562, 0.94798135607, 0.014465737012, 0.033919784562],
      [0.017585722991, 0.15614827389, 0.25109451125, 0.57517149187]
    ],
    [
      [0.023833049183, 0.83969563198, 0.031840127856, 0.10463119099],
      [0.46329681198, 0.18187206763, 0.34198442812, 0.012846692272],
      [0.032785121485, 0.068652263765, 0.83918073608, 0.059381878669],
      [0.0095566737523, 0.94392910843, 0.016522619708, 0.029991598114],
      [0.044529893283, 0.16153959036, 0.29512052925, 0.4988099871]
    ],
    [
      [0.040782687843, 0.74481519345, 0.064767419778, 0.14963469893],
      [0.475912162, 0.097262424704, 0.41562714263, 0.01119827067],
      [0.030350816985, 0.013541090774, 0.90748167043, 0.048626421807],
      [0.017515777661, 0.89671899704, 0.039127077889, 0.04663814741],
      [0.04951927059, 0.089928953308, 0.39418202722, 0.46636974888]
    ],
    [
      [0.017588551899, 0.74004942589, 0.066352515482, 0.17600950672],
      [0.27846703949, 0.13183949244, 0.57202439884, 0.017669069232],
      [0.0081374794809, 0.015724861288, 0.91976401326, 0.056373645968],
      [0.0067139333468, 0.89763768139, 0.04070500084, 0.054943384418],
      [0.01943643457, 0.084922940557, 0.37617543542, 0.51946518946]
    ],
    [
      [0.02341981595, 0.82494535923, 0.072996770906, 0.078638053916],
      [0.32744762326, 0.1207908314, 0.54512922224, 0.0066323231004],
      [0.016612890562, 0.018989306586, 0.95528344122, 0.0091143616369],
      [0.0090340185998, 0.92935051394, 0.03956264637, 0.022052821093],
      [0.034583697148, 0.12111128618, 0.5426217876, 0.30168322907]
    ],
    [
      [0.0085792918606, 0.92750046872, 0.014933355854, 0.048986883567],
      [0.30991526005, 0.41529106184, 0.26278894324, 0.012004734873],
      [0.02394549749, 0.16038831692, 0.75203773043, 0.063628455166],
      [0.0030444423016, 0.96533119871, 0.017906032695, 0.013718326293],
      [0.0286912771, 0.33728865602, 0.21328661036, 0.42073345652]
    ],
    [
      [0.0089930614185, 0.87960722862, 0.023864413406, 0.087535296556],
      [0.27823014877, 0.31056047333, 0.39405888954, 0.017150488367],
      [0.0116305963, 0.096569530943, 0.82379938643, 0.06800048633],
      [0.0016184425047, 0.95936482457, 0.013742677694, 0.025274055229],
      [0.020297515138, 0.21176702274, 0.26480514199, 0.50313032014]
    ],
    [
      [0.039701754075, 0.80796363991, 0.039661810923, 0.11267279509],
      [0.55359705136, 0.13123022903, 0.30471724169, 0.01045547792],
      [0.038461907152, 0.053956144416, 0.85313419023, 0.054447758205],
      [0.014122080667, 0.92866719984, 0.02294476127, 0.034265958227],
      [0.065231018105, 0.14136591904, 0.32168257323, 0.47172048962]
    ],
    [
      [0.030861649839, 0.89001142937, 0.018137120148, 0.060989800647],
      [0.63438323862, 0.1954764023, 0.16272963582, 0.007410723254],
      [0.066035452177, 0.1316830337, 0.73944686805, 0.062834646075],
      [0.0034457965106, 0.96222002834, 0.016151987533, 0.018182187613],
      [0.090784990151, 0.26390757957, 0.21674339243, 0.42856403785]
    ],
    [
      [0.018434075088, 0.88748518276, 0.017853628832, 0.076227113324],
      [0.45712646852, 0.27654560413, 0.25328655228, 0.013041375069],
      [0.038702169462, 0.12310295006, 0.76457493953, 0.073619940955],
      [0.0075556367408, 0.95972947597, 0.010994091474, 0.021720795813],
      [0.045752243011, 0.2435036171, 0.21943478749, 0.4913093524]
    ],
    [
      [0.01989078919, 0.91517235261, 0.016738035135, 0.04819882307],
      [0.49296741062, 0.27661915251, 0.22263139758, 0.0077820392849],
      [0.046052460056, 0.13949419582, 0.76472052873, 0.04973281539],
      [0.0074822787788, 0.96808420429, 0.013465319191, 0.010968197742],
      [0.061280711284, 0.30733025641, 0.24334902044, 0.38804001186]
    ],
    [
      [0.01133049217, 0.92027643813, 0.021781077466, 0.046611992231],
      [0.32725919008, 0.32309780644, 0.34099714824, 0.008645855232],
      [0.021306816131, 0.11829400694, 0.82291964084, 0.03747953609],
      [0.0038299791627, 0.97449418638, 0.014782770105, 0.0068930643488],
      [0.033498659044, 0.2942738273, 0.30496498909, 0.36726252456]
    ],
    [
      [0.015244765158, 0.83316949769, 0.023146960499, 0.12843877665],
      [0.38433841634, 0.25908172749, 0.33502899814, 0.021550858031],
      [0.025354700228, 0.092625452851, 0.78888937378, 0.093130473137],
      [0.006617449812, 0.94540055483, 0.013987193453, 0.033994801904],
      [0.026971802773, 0.16222782223, 0.20572154744, 0.60507882755]
    ],
    [
      [0.031286108258, 0.87016719987, 0.015245753866, 0.083300938003],
      [0.66716484664, 0.17229200763, 0.15073593847, 0.0098072072525],
      [0.067501736952, 0.12093764434, 0.72691874102, 0.084641877682],
      [0.0064011600748, 0.95777593936, 0.0080701426812, 0.027752757888],
      [0.077871729271, 0.216447131, 0.18525994992, 0.5204211898]
    ],
    [
      [0.0010766292361, 0.88307890786, 0.032689486557, 0.083154976346],
      [0.20335923024, 0.26156960394, 0.52061892657, 0.014452239255],
      [0.0072842057647, 0.061923675597, 0.88778316054, 0.043008958103],
      [0, 0.95468547842, 0.017677297952, 0.027637223625],
      [0.014017499299, 0.18511939571, 0.35374404605, 0.44711905893]
    ],
    [
      [0.021154679119, 0.84730652825, 0.017251103091, 0.11428768954],
      [0.51631967083, 0.24547629144, 0.22033517074, 0.017868866995],
      [0.045481274712, 0.11865288423, 0.73102979654, 0.10483604452],
      [0.0082945542469, 0.94924726879, 0.012839249739, 0.029618927229],
      [0.042733185843, 0.18488387162, 0.16456466669, 0.60781827585]
    ],
    [
      [0.029100040101, 0.83939009309, 0.028460314447, 0.10304955236],
      [0.51445954938, 0.18215193758, 0.29108868177, 0.01229983126],
      [0.038368299643, 0.07803435478, 0.8185095333, 0.065087812276],
      [0.01066407254, 0.94381614, 0.015484465204, 0.030035322251],
      [0.054943057635, 0.17314912255, 0.27174447118, 0.50016334864]
    ],
    [
      [0.014887760363, 0.8109705869, 0.033124693698, 0.14101695904],
      [0.3341859317, 0.20850925899, 0.43690524392, 0.020399565387],
      [0.017597617415, 0.058185320771, 0.85173365475, 0.072483407067],
      [0.0079629832723, 0.93390600107, 0.01760611949, 0.040524896167],
      [0.022047811238, 0.1303198122, 0.26597280381, 0.58165957275]
    ],
    [
      [0.0075848240491, 0.91479640299, 0.015095529383, 0.062523243575],
      [0.29389609926, 0.41112018394, 0.27939865472, 0.015585062077],
      [0.020483375743, 0.15819324355, 0.74437393036, 0.076949450345],
      [0.0019981688036, 0.96658614585, 0.012676843218, 0.018738842129],
      [0.02342417369, 0.29549781681, 0.19811865734, 0.48295935216]
    ],
    [
      [0.12603491759, 0.69085049595, 0.081732985445, 0.10138160102],
      [0.51007805973, 0.042442776685, 0.4404311015, 0.0070480620813],
      [0.0050956600488, 0, 0.95813153805, 0.036772801898],
      [0.017069382768, 0.91106449264, 0.041664848316, 0.030201276275],
      [0.036913141579, 0.062876750191, 0.56598794111, 0.33422216712]
    ],
    [
      [0.018627879547, 0.8570526428, 0.02795154685, 0.096367930798],
      [0.40116480171, 0.22792514732, 0.35674636607, 0.014163684896],
      [0.02648331434, 0.079889723605, 0.83136722751, 0.062259734542],
      [0.0075840562107, 0.95035884855, 0.014145031114, 0.027912064124],
      [0.036749961162, 0.18504370025, 0.28428397593, 0.49392236266]
    ],
    [
      [0.016209866603, 0.86591874058, 0.025270401831, 0.092600990981],
      [0.38321464078, 0.25240159716, 0.3495205094, 0.014863252664],
      [0.025415264588, 0.08880317889, 0.82000030112, 0.065781255406],
      [0.0063899781145, 0.95401015249, 0.01319886623, 0.026401003167],
      [0.033912313478, 0.19734576964, 0.26856479938, 0.5001771175]
    ],
    [
      [0.022813603121, 0.93991744767, 0.022059579235, 0.015209369972],
      [0.99548576833, 0.0036926333128, 0.0007802527558, 4.1345605378e-05],
      [0.14031805711, 0.27325662909, 0.5320655842, 0.054359729599],
      [0, 0.9164805462, 0.068674259902, 0.014845193901],
      [0.27055610844, 0.42572173219, 0.090374011813, 0.21334814756]
    ],
    [
      [0.012644538643, 0.82126948141, 0.018179512659, 0.14790646729],
      [0.38380245178, 0.29195472015, 0.29496083846, 0.029281989613],
      [0.025977536903, 0.10882591947, 0.73716284795, 0.12803369568],
      [0.0077520542075, 0.94596445681, 0.013987055127, 0.032296433857],
      [0.019983588983, 0.14611852775, 0.14375823211, 0.69013965116]
    ],
    [
      [0.014569482701, 0.98139106257, 0.00403945473, 0],
      [0.43303342055, 0.38568474959, 0.18128182986, 0],
      [0.051664466727, 0.19384197916, 0.75449355411, 0],
      [0, 1, 0, 0],
      [0.035232687699, 0.47839833385, 0.22072300155, 0.2656459769]
    ],
    [
      [0.034270378353, 0.75377642941, 0.073374999601, 0.13857819264],
      [0.38873433734, 0.10290954726, 0.49766667625, 0.010689439153],
      [0.021684069025, 0.02375136893, 0.91758454511, 0.036980016933],
      [0.016298095107, 0.89866402021, 0.042018696612, 0.043019188074],
      [0.038629818375, 0.093986536066, 0.44384622667, 0.42353741889]
    ],
    [
      [0.01627818456, 0.79179165008, 0.036070538462, 0.1558596269],
      [0.34422858423, 0.20008168638, 0.43416634177, 0.021523387625],
      [0.018130096672, 0.060150572888, 0.84598339908, 0.075735931365],
      [0.0068045349173, 0.92855554814, 0.021211884207, 0.043428032734],
      [0.023226826409, 0.12309299294, 0.26056619277, 0.59311398788]
    ],
    [
      [0.013170889903, 0.7286966261, 0.024138389675, 0.23399409432],
      [0.38151753172, 0.23722328721, 0.33793394374, 0.043325237337],
      [0.021854557867, 0.08714998945, 0.73948289874, 0.15151255394],
      [0.0092907923893, 0.92688328573, 0.025873299933, 0.03795262195],
      [0.013894015134, 0.088694647277, 0.12086219067, 0.77654914692]
    ],
    [
      [0.048073809454, 0.71556842433, 0.055327558142, 0.18103020807],
      [0.56532549269, 0.08759805182, 0.334871728, 0.012204727498],
      [0.034247335051, 0.035630308006, 0.87342284487, 0.05669951207],
      [0.019727706972, 0.89287935827, 0.034236197807, 0.053156736954],
      [0.0542254326, 0.085787586772, 0.31854945861, 0.54143752202]
    ],
    [
      [0.018224158162, 0.88443770439, 0.022396235431, 0.074941902021],
      [0.42886408837, 0.25204395459, 0.30721235171, 0.011879605329],
      [0.032123167878, 0.097981999458, 0.81079375326, 0.059101079404],
      [0.0077633223023, 0.95953601406, 0.011284612169, 0.021416051465],
      [0.042968447668, 0.22608636573, 0.27081321226, 0.46013197434]
    ],
    [
      [0.0089013360008, 0.93632163112, 0.014587030966, 0.04019000191],
      [0.31313118213, 0.38943727151, 0.28819238808, 0.0092391582806],
      [0.022000316299, 0.1500671772, 0.78169110058, 0.046241405924],
      [0.0053976799716, 0.97730947703, 0.010398132487, 0.0068947105092],
      [0.029363928266, 0.34106858409, 0.24723407874, 0.38233340891]
    ],
    [
      [0.0033961868244, 0.9402391748, 0.010940793539, 0.04542384484],
      [0.23069229537, 0.5051151225, 0.25065464613, 0.013537935998],
      [0.0091556251543, 0.20943485884, 0.71117509621, 0.070234419796],
      [0, 0.97647640668, 0.0091431910987, 0.014380402219],
      [0.016730444605, 0.36662629774, 0.17936737568, 0.43727588198]
    ],
    [
      [0.02838535465, 0.80732607193, 0.038122958105, 0.12616561532],
      [0.4649670679, 0.15766544308, 0.36377454038, 0.013592948637],
      [0.029329674355, 0.054466968713, 0.85689269166, 0.059310665272],
      [0.012521091045, 0.92914556473, 0.02057403122, 0.037759313002],
      [0.043580038885, 0.13619910259, 0.3068953544, 0.51332550413]
    ],
    [
      [0.027590620314, 0.87612870107, 0.030099256526, 0.066181422086],
      [0.50573071983, 0.17460942119, 0.31190409024, 0.0077557687424],
      [0.035051019545, 0.070039245336, 0.85667456787, 0.038235167251],
      [0.010789438112, 0.95613841289, 0.014108044896, 0.018964104103],
      [0.060520649459, 0.20006500546, 0.34955871057, 0.38985563451]
    ],
    [
      [0, 0.79873720247, 0.022661983755, 0.17860081377],
      [0.15399914547, 0.31547433693, 0.49060842463, 0.039918092968],
      [0, 0.075831712837, 0.81131635088, 0.11285193629],
      [0, 0.93741362988, 0.015543542666, 0.047042827452],
      [0, 0.11516283038, 0.15599737529, 0.72883979432]
    ],
    [
      [0.013617668623, 0.86453479474, 0.013590163188, 0.10825737345],
      [0.3940035634, 0.3203194034, 0.26319512598, 0.022481907222],
      [0.029542286873, 0.12422943887, 0.73252261185, 0.11370566241],
      [0.0085018856984, 0.9537256433, 0.0067525088966, 0.031019962102],
      [0.024246480444, 0.19053251701, 0.15044402686, 0.63477697568]
    ],
    [
      [0.024032149583, 0.81107963934, 0.034105559716, 0.13078265137],
      [0.44420758206, 0.17740670498, 0.36251466827, 0.015871044685],
      [0.029563431004, 0.061430752365, 0.8402728505, 0.068732966126],
      [0.010428390471, 0.9331211044, 0.018087489273, 0.038363015856],
      [0.038366104878, 0.13883398525, 0.27818311987, 0.54461679]
    ],
    [
      [0.019464369402, 0.83687986269, 0.036136499575, 0.10751926834],
      [0.37823354507, 0.19839807169, 0.40931425014, 0.014054133106],
      [0.022370707775, 0.062352138996, 0.85933608757, 0.055941065663],
      [0.0078792921573, 0.94160962954, 0.019105727671, 0.031405350635],
      [0.034050700891, 0.15889962101, 0.32186682042, 0.48518285768]
    ],
    [
      [0.006861068549, 0.94155051576, 0.013131211732, 0.038457203963],
      [0.28640651026, 0.43970356114, 0.26356783466, 0.010322093942],
      [0.020233334672, 0.17881694138, 0.74882562285, 0.052124101097],
      [0.0026244219059, 0.98073974256, 0.010296030643, 0.0063398048919],
      [0.025121451236, 0.36713436618, 0.2160649711, 0.39167921148]
    ],
    [
      [0.033813706752, 0.84343900864, 0.0095333059432, 0.11321397867],
      [0.76335872077, 0.14600433514, 0.079777412647, 0.010859531443],
      [0.10068385845, 0.15569559492, 0.59469495833, 0.1489255883],
      [0.0024729292257, 0.95905772966, 0.0072852691112, 0.031184072004],
      [0.070607063264, 0.16806379223, 0.08884587333, 0.67248327117]
    ],
    [
      [0.0085656466534, 0.88958922512, 0.010019460692, 0.091825667539],
      [0.45795715564, 0.29944053684, 0.2229435478, 0.019658759722],
      [0.042187595623, 0.11966934928, 0.72507878433, 0.11306427077],
      [0.0073585843842, 0.96193820836, 0, 0.030703207254],
      [0.018025743473, 0.17146738037, 0.12066396627, 0.68984290989]
    ],
    [
      [0.043103861106, 0.68460865094, 0.033835077069, 0.23845241089],
      [0.95183498669, 0.0076314259776, 0.03855265355, 0.0019809337865],
      [0.064512589848, 0.013507700178, 0.82468210444, 0.097297605529],
      [0.027928239921, 0.8937380592, 0.0072289185051, 0.071104782375],
      [0.027835545222, 0.039843965386, 0.16263139922, 0.76968909017]
    ],
    [
      [0.23070119636, 0.55618617911, 0.12027555013, 0.092837074412],
      [0.82900688822, 0.079661820856, 0.055076275443, 0.03625501548],
      [0.33310902734, 0.16783969008, 0.41915278419, 0.079898498385],
      [0, 0.7064218331, 0.17457486954, 0.11900329736],
      [0.52168633219, 0.17651047074, 0.17117122365, 0.13063197342]
    ],
    [
      [0.05200196776, 0.73793184239, 0.0346578678, 0.17540832205],
      [0.81257327956, 0.045171430933, 0.13534873733, 0.0069065521841],
      [0.05075755989, 0.031501614715, 0.84385359168, 0.073887233715],
      [0.024357580876, 0.90097631843, 0.015303409598, 0.059362691094],
      [0.059008783481, 0.077917866681, 0.21813018762, 0.64494316222]
    ],
    [
      [0.039639097769, 0.81445332331, 0.034006674893, 0.11190090403],
      [0.5754521419, 0.13939413697, 0.27412869983, 0.011025021304],
      [0.042064872591, 0.064041472506, 0.83231600578, 0.061577649126],
      [0.012995032745, 0.93314961709, 0.019981310651, 0.033874039513],
      [0.068043306146, 0.15001243286, 0.28941747289, 0.4925267881]
    ],
    [
      [0.0084740493372, 0.89514884054, 0.020363080248, 0.07601402988],
      [0.28471744178, 0.32888257234, 0.37084116377, 0.015558822109],
      [0.015133318274, 0.10540888435, 0.81459264314, 0.064865154227],
      [0.0022402042957, 0.96455938395, 0.010275890586, 0.022924521165],
      [0.021377554371, 0.23327565706, 0.25765994927, 0.4876868393]
    ],
    [
      [0.017070243048, 0.89261362196, 0.024130512944, 0.066185622049],
      [0.40903759892, 0.25004161486, 0.33063008431, 0.010290701906],
      [0.028025064477, 0.093184616634, 0.83105594087, 0.047734378017],
