{
  "Z_true": {},
  "V_true": [
    [45, 52, 653, 37, 97],
    [231, 204, 15836, 765, 237],
    [91, 3097, 1441, 252, 325],
    [575, 57, 891, 67, 78],
    [57, 151, 578, 250, 460]
  ],
  "p_true": [
    [0.0509, 0.0588, 0.7387, 0.0419, 0.1097],
    [0.0134, 0.0118, 0.9168, 0.0443, 0.0137],
    [0.0175, 0.5949, 0.2768, 0.0484, 0.0624],
    [0.3447, 0.0342, 0.5342, 0.0402, 0.0468],
    [0.0381, 0.1009, 0.3864, 0.1671, 0.3075]
  ],
  "Z_est": [
    [
      [0, 0.1923, 0.5769, 0.1923, 0, 0.5769, 0, 0, 0, 0.5769, 7.3074, 3.0768, 8.6535, 0.3846, 5.5767, 8.0766, 5.1921, 1.1538, 1.3461, 3.6537, 2.3076, 1.5384, 2.6922, 1.1538, 1.3461, 2.4999, 11.7303, 0.1923, 2.6922, 5.1921, 7.3074, 8.6535, 4.9998, 5.9613, 6.9228, 5.5767, 3.0768, 4.8075, 3.846, 4.0383, 3.4614, 0, 0.5769, 14.6148, 0, 0.3846, 2.8845, 14.4225, 0.5769],
      [0, 0.1413, 0.4239, 0.1413, 0, 0.4239, 0, 0, 0, 0.4239, 5.3694, 2.2608, 6.3585, 0.2826, 4.0977, 5.9346, 3.8151, 0.8478, 0.9891, 2.6847, 1.6956, 1.1304, 1.9782, 0.8478, 0.9891, 1.8369, 8.6193, 0.1413, 1.9782, 3.8151, 5.3694, 6.3585, 3.6738, 4.3803, 5.0868, 4.0977, 2.2608, 3.5325, 2.826, 2.9673, 2.5434, 0, 0.4239, 10.7388, 0, 0.2826, 2.1195, 10.5975, 0.4239],
      [0, 0.2796, 0.8388, 0.2796, 0, 0.8388, 0, 0, 0, 0.8388, 10.6248, 4.4736, 12.582, 0.5592, 8.1084, 11.7432, 7.5492, 1.6776, 1.9572, 5.3124, 3.3552, 2.2368, 3.9144, 1.6776, 1.9572, 3.6348, 17.0556, 0.2796, 3.9144, 7.5492, 10.6248, 12.582, 7.2696, 8.6676, 10.0656, 8.1084, 4.4736, 6.99, 5.592, 5.8716, 5.0328, 0, 0.8388, 21.2496, 0, 0.5592, 4.194, 20.97, 0.8388],
      [0, 0.1958, 0.5874, 0.1958, 0, 0.5874, 0, 0, 0, 0.5874, 7.4404, 3.1328, 8.811, 0.3916, 5.6782, 8.2236, 5.2866, 1.1748, 1.3706, 3.7202, 2.3496, 1.5664, 2.7412, 1.1748, 1.3706, 2.5454, 11.9438, 0.1958, 2.7412, 5.2866, 7.4404, 8.811, 5.0908, 6.0698, 7.0488, 5.6782, 3.1328, 4.895, 3.916, 4.1118, 3.5244, 0, 0.5874, 14.8808, 0, 0.3916, 2.937, 14.685, 0.5874],
      [0, 0.1909, 0.5727, 0.1909, 0, 0.5727, 0, 0, 0, 0.5727, 7.2542, 3.0544, 8.5905, 0.3818, 5.5361, 8.0178, 5.1543, 1.1454, 1.3363, 3.6271, 2.2908, 1.5272, 2.6726, 1.1454, 1.3363, 2.4817, 11.6449, 0.1909, 2.6726, 5.1543, 7.2542, 8.5905, 4.9634, 5.9179, 6.8724, 5.5361, 3.0544, 4.7725, 3.818, 4.0089, 3.4362, 0, 0.5727, 14.5084, 0, 0.3818, 2.8635, 14.3175, 0.5727]
    ],
    [
      [0.1513, 0.7209, 0.2759, 0.0979, 0.0801, 0.3916, 0.0267, 0.2314, 0.2047, 0.2848, 5.4913, 3.5333, 6.3368, 0.4895, 2.6255, 5.3133, 4.3076, 3.8359, 2.0915, 7.0666, 3.7558, 3.0705, 5.8206, 5.1353, 2.0737, 1.691, 6.2033, 0.5518, 2.7234, 2.7412, 4.9039, 5.785, 3.7825, 3.56, 4.6369, 5.1353, 2.937, 1.7444, 1.1303, 1.9936, 1.2282, 1.2371, 0.5785, 18.0759, 0.0623, 0.0534, 3.4799, 15.6551, 0.4272],
      [0.1836, 0.8748, 0.3348, 0.1188, 0.0972, 0.4752, 0.0324, 0.2808, 0.2484, 0.3456, 6.6636, 4.2876, 7.6896, 0.594, 3.186, 6.4476, 5.2272, 4.6548, 2.538, 8.5752, 4.5576, 3.726, 7.0632, 6.2316, 2.5164, 2.052, 7.5276, 0.6696, 3.3048, 3.3264, 5.9508, 7.02, 4.59, 4.32, 5.6268, 6.2316, 3.564, 2.1168, 1.3716, 2.4192, 1.4904, 1.5012, 0.702, 21.9348, 0.0756, 0.0648, 4.2228, 18.9972, 0.5184],
      [16.2095, 77.2335, 29.5585, 10.4885, 8.5815, 41.954, 2.8605, 24.791, 21.9305, 30.512, 588.3095, 378.5395, 678.892, 52.4425, 281.2825, 569.2395, 461.494, 410.9585, 224.0725, 757.079, 402.377, 328.9575, 623.589, 550.1695, 222.1655, 181.165, 664.5895, 59.117, 291.771, 293.678, 525.3785, 619.775, 405.2375, 381.4, 496.7735, 550.1695, 314.655, 186.886, 121.0945, 213.584, 131.583, 132.5365, 61.9775, 1936.5585, 6.6745, 5.721, 372.8185, 1677.2065, 45.768],
      [0.3434, 1.6362, 0.6262, 0.2222, 0.1818, 0.8888, 0.0606, 0.5252, 0.4646, 0.6464, 12.4634, 8.0194, 14.3824, 1.111, 5.959, 12.0594, 9.7768, 8.7062, 4.747, 16.0388, 8.5244, 6.969, 13.2108, 11.6554, 4.7066, 3.838, 14.0794, 1.2524, 6.1812, 6.2216, 11.1302, 13.13, 8.585, 8.08, 10.5242, 11.6554, 6.666, 3.9592, 2.5654, 4.5248, 2.7876, 2.8078, 1.313, 41.0262, 0.1414, 0.1212, 7.8982, 35.5318, 0.9696],
      [0.1122, 0.5346, 0.2046, 0.0726, 0.0594, 0.2904, 0.0198, 0.1716, 0.1518, 0.2112, 4.0722, 2.6202, 4.6992, 0.363, 1.947, 3.9402, 3.1944, 2.8446, 1.551, 5.2404, 2.7852, 2.277, 4.3164, 3.8082, 1.5378, 1.254, 4.6002, 0.4092, 2.0196, 2.0328, 3.6366, 4.29, 2.805, 2.64, 3.4386, 3.8082, 2.178, 1.2936, 0.8382, 1.4784, 0.9108, 0.9174, 0.429, 13.4046, 0.0462, 0.0396, 2.5806, 11.6094, 0.3168]
    ],
    [
      [0.0603, 0.0402, 0.0402, 0.0402, 0, 0.1005, 0.0402, 0.0201, 0.0201, 0.1608, 3.2361, 2.1507, 3.2562, 0.3015, 2.0904, 3.1758, 2.7939, 0.3819, 0.2814, 0.6231, 0.2814, 0.3417, 0.5628, 0.4221, 0.2613, 0.8241, 7.638, 0.2211, 1.9497, 5.3667, 6.6129, 5.7084, 4.623, 6.3114, 3.5577, 3.4572, 3.8793, 2.8542, 2.5326, 2.9748, 2.0904, 0.1206, 0.2412, 13.8489, 0.0201, 0.2211, 1.9698, 6.3516, 0.5829],
      [1.7085, 1.139, 1.139, 1.139, 0, 2.8475, 1.139, 0.5695, 0.5695, 4.556, 91.6895, 60.9365, 92.259, 8.5425, 59.228, 89.981, 79.1605, 10.8205, 7.973, 17.6545, 7.973, 9.6815, 15.946, 11.9595, 7.4035, 23.3495, 216.41, 6.2645, 55.2415, 152.0565, 187.3655, 161.738, 130.985, 178.823, 100.8015, 97.954, 109.9135, 80.869, 71.757, 84.286, 59.228, 3.417, 6.834, 392.3855, 0.5695, 6.2645, 55.811, 179.962, 16.5155],
      [0.9927, 0.6618, 0.6618, 0.6618, 0, 1.6545, 0.6618, 0.3309, 0.3309, 2.6472, 53.2749, 35.4063, 53.6058, 4.9635, 34.4136, 52.2822, 45.9951, 6.2871, 4.6326, 10.2579, 4.6326, 5.6253, 9.2652, 6.9489, 4.3017, 13.5669, 125.742, 3.6399, 32.0973, 88.3503, 108.8661, 93.9756, 76.107, 103.9026, 58.5693, 56.9148, 63.8637, 46.9878, 41.6934, 48.9732, 34.4136, 1.9854, 3.9708, 227.9901, 0.3309, 3.6399, 32.4282, 104.5644, 9.5961],
      [0.1422, 0.0948, 0.0948, 0.0948, 0, 0.237, 0.0948, 0.0474, 0.0474, 0.3792, 7.6314, 5.0718, 7.6788, 0.711, 4.9296, 7.4892, 6.5886, 0.9006, 0.6636, 1.4694, 0.6636, 0.8058, 1.3272, 0.9954, 0.6162, 1.9434, 18.012, 0.5214, 4.5978, 12.6558, 15.5946, 13.4616, 10.902, 14.8836, 8.3898, 8.1528, 9.1482, 6.7308, 5.9724, 7.0152, 4.9296, 0.2844, 0.5688, 32.6586, 0.0474, 0.5214, 4.6452, 14.9784, 1.3746],
      [0.0966, 0.0644, 0.0644, 0.0644, 0, 0.161, 0.0644, 0.0322, 0.0322, 0.2576, 5.1842, 3.4454, 5.2164, 0.483, 3.3488, 5.0876, 4.4758, 0.6118, 0.4508, 0.9982, 0.4508, 0.5474, 0.9016, 0.6762, 0.4186, 1.3202, 12.236, 0.3542, 3.1234, 8.5974, 10.5938, 9.1448, 7.406, 10.1108, 5.6994, 5.5384, 6.2146, 4.5724, 4.0572, 4.7656, 3.3488, 0.1932, 0.3864, 22.1858, 0.0322, 0.3542, 3.1556, 10.1752, 0.9338]
    ],
    [
      [0.1832, 0, 0.1832, 0.3664, 0, 0.1832, 0.1832, 0.1832, 0, 0.5496, 14.656, 5.3128, 11.908, 1.2824, 6.5952, 10.4424, 10.6256, 6.412, 3.4808, 8.6104, 1.6488, 3.8472, 3.8472, 3.2976, 1.4656, 2.9312, 13.74, 0.5496, 6.5952, 8.4272, 12.0912, 17.404, 10.8088, 7.8776, 8.9768, 7.6944, 4.3968, 8.7936, 4.2136, 10.8088, 4.7632, 0.5496, 1.0992, 52.7616, 0, 0.5496, 6.7784, 18.32, 0.1832],
      [0.1103, 0, 0.1103, 0.2206, 0, 0.1103, 0.1103, 0.1103, 0, 0.3309, 8.824, 3.1987, 7.1695, 0.7721, 3.9708, 6.2871, 6.3974, 3.8605, 2.0957, 5.1841, 0.9927, 2.3163, 2.3163, 1.9854, 0.8824, 1.7648, 8.2725, 0.3309, 3.9708, 5.0738, 7.2798, 10.4785, 6.5077, 4.7429, 5.4047, 4.6326, 2.6472, 5.2944, 2.5369, 6.5077, 2.8678, 0.3309, 0.6618, 31.7664, 0, 0.3309, 4.0811, 11.03, 0.1103],
      [0.3568, 0, 0.3568, 0.7136, 0, 0.3568, 0.3568, 0.3568, 0, 1.0704, 28.544, 10.3472, 23.192, 2.4976, 12.8448, 20.3376, 20.6944, 12.488, 6.7792, 16.7696, 3.2112, 7.4928, 7.4928, 6.4224, 2.8544, 5.7088, 26.76, 1.0704, 12.8448, 16.4128, 23.5488, 33.896, 21.0512, 15.3424, 17.4832, 14.9856, 8.5632, 17.1264, 8.2064, 21.0512, 9.2768, 1.0704, 2.1408, 102.7584, 0, 1.0704, 13.2016, 35.68, 0.3568],
      [0.161, 0, 0.161, 0.322, 0, 0.161, 0.161, 0.161, 0, 0.483, 12.88, 4.669, 10.465, 1.127, 5.796, 9.177, 9.338, 5.635, 3.059, 7.567, 1.449, 3.381, 3.381, 2.898, 1.288, 2.576, 12.075, 0.483, 5.796, 7.406, 10.626, 15.295, 9.499, 6.923, 7.889, 6.762, 3.864, 7.728, 3.703, 9.499, 4.186, 0.483, 0.966, 46.368, 0, 0.483, 5.957, 16.1, 0.161],
      [0.1886, 0, 0.1886, 0.3772, 0, 0.1886, 0.1886, 0.1886, 0, 0.5658, 15.088, 5.4694, 12.259, 1.3202, 6.7896, 10.7502, 10.9388, 6.601, 3.5834, 8.8642, 1.6974, 3.9606, 3.9606, 3.3948, 1.5088, 3.0176, 14.145, 0.5658, 6.7896, 8.6756, 12.4476, 17.917, 11.1274, 8.1098, 9.2414, 7.9212, 4.5264, 9.0528, 4.3378, 11.1274, 4.9036, 0.5658, 1.1316, 54.3168, 0, 0.5658, 6.9782, 18.86, 0.1886]
    ],
    [
      [0.1901, 0.3802, 0, 0, 0.1901, 0.3802, 0.1901, 0, 0.1901, 0, 8.1743, 4.9426, 13.6872, 0.1901, 4.9426, 9.3149, 8.9347, 4.7525, 2.6614, 8.3644, 4.9426, 5.1327, 7.9842, 5.5129, 2.0911, 3.0416, 14.6377, 0.7604, 5.703, 9.3149, 8.7446, 14.6377, 7.4139, 8.9347, 7.9842, 10.4555, 4.3723, 3.6119, 3.6119, 8.3644, 4.5624, 1.7109, 1.5208, 36.119, 0, 0.3802, 5.1327, 29.6556, 0.5703],
      [0.0725, 0.145, 0, 0, 0.0725, 0.145, 0.0725, 0, 0.0725, 0, 3.1175, 1.885, 5.22, 0.0725, 1.885, 3.5525, 3.4075, 1.8125, 1.015, 3.19, 1.885, 1.9575, 3.045, 2.1025, 0.7975, 1.16, 5.5825, 0.29, 2.175, 3.5525, 3.335, 5.5825, 2.8275, 3.4075, 3.045, 3.9875, 1.6675, 1.3775, 1.3775, 3.19, 1.74, 0.6525, 0.58, 13.775, 0, 0.145, 1.9575, 11.31, 0.2175],
      [0.2084, 0.4168, 0, 0, 0.2084, 0.4168, 0.2084, 0, 0.2084, 0, 8.9612, 5.4184, 15.0048, 0.2084, 5.4184, 10.2116, 9.7948, 5.21, 2.9176, 9.1696, 5.4184, 5.6268, 8.7528, 6.0436, 2.2924, 3.3344, 16.0468, 0.8336, 6.252, 10.2116, 9.5864, 16.0468, 8.1276, 9.7948, 8.7528, 11.462, 4.7932, 3.9596, 3.9596, 9.1696, 5.0016, 1.8756, 1.6672, 39.596, 0, 0.4168, 5.6268, 32.5104, 0.6252],
      [0.23, 0.46, 0, 0, 0.23, 0.46, 0.23, 0, 0.23, 0, 9.89, 5.98, 16.56, 0.23, 5.98, 11.27, 10.81, 5.75, 3.22, 10.12, 5.98, 6.21, 9.66, 6.67, 2.53, 3.68, 17.71, 0.92, 6.9, 11.27, 10.58, 17.71, 8.97, 10.81, 9.66, 12.65, 5.29, 4.37, 4.37, 10.12, 5.52, 2.07, 1.84, 43.7, 0, 0.46, 6.21, 35.88, 0.69],
      [0.299, 0.598, 0, 0, 0.299, 0.598, 0.299, 0, 0.299, 0, 12.857, 7.774, 21.528, 0.299, 7.774, 14.651, 14.053, 7.475, 4.186, 13.156, 7.774, 8.073, 12.558, 8.671, 3.289, 4.784, 23.023, 1.196, 8.97, 14.651, 13.754, 23.023, 11.661, 14.053, 12.558, 16.445, 6.877, 5.681, 5.681, 13.156, 7.176, 2.691, 2.392, 56.81, 0, 0.598, 8.073, 46.644, 0.897]
    ]
  ],
  "V_est": [
    [169.9932, 124.9092, 247.1664, 173.0872, 168.7556],
    [153.7297, 186.5484, 16469.8055, 348.9146, 114.0018],
    [104.6406, 2964.817, 1722.6654, 246.7644, 167.6332],
    [305.5776, 183.9804, 595.1424, 268.548, 314.5848],
    [284.3896, 108.46, 311.7664, 344.08, 447.304]
  ],
  "p_est": [
    [0.1923, 0.1413, 0.2796, 0.1958, 0.1909],
    [0.0089, 0.0108, 0.9535, 0.0202, 0.0066],
    [0.0201, 0.5695, 0.3309, 0.0474, 0.0322],
    [0.1832, 0.1103, 0.3568, 0.161, 0.1886],
    [0.1901, 0.0725, 0.2084, 0.23, 0.299]
  ],
  "EI_Z": {},
  "EI_V": 8.3738,
  "MAE_Z": {},
  "MAE_V": 177.7045,
  "MAE_p": 0.0885,
  "runtime": 129.36
}
