{
  "Z_true": {},
  "V_true": [
    [10, 4, 569, 57, 1172, 53],
    [179, 219, 849, 152, 12770, 481],
    [369, 309, 175, 9144, 415, 444],
    [25, 773, 42, 433, 419, 86],
    [452, 49, 74, 597, 549, 797]
  ],
  "p_true": [
    [0.0054, 0.0021, 0.3051, 0.0306, 0.6284, 0.0284],
    [0.0122, 0.0149, 0.058, 0.0104, 0.8717, 0.0328],
    [0.034, 0.0285, 0.0161, 0.8423, 0.0382, 0.0409],
    [0.0141, 0.4348, 0.0236, 0.2435, 0.2357, 0.0484],
    [0.1795, 0.0195, 0.0294, 0.2371, 0.218, 0.3165]
  ],
  "Z_est": [
    [
      [0.6678, 0, 0, 0, 0, 0, 0, 0, 0, 6.5287e-06, 0.0008, 0.0034, 0.0002, 0.0003, 0, 0, 0, 0, 0, 0.0004, 0.0051, 0.001, 0, 0, 0.0004, 0, 0, 0.0004, 0.0011, 0.0027, 0, 0.0156, 0, 0, 0, 0, 0.0094, 0, 7.1199e-06, 0, 0, 0.0165, 0.3049],
      [0.0105, 0.0545, 0.122, 0.1144, 0.1053, 0.001, 0, 0.0343, 0.0008, 0.0055, 0.0197, 0.0124, 0.0199, 0.0504, 0.0382, 0.0001, 0.0129, 0.1586, 0.0002, 0.0011, 0.0381, 0.0225, 0.0774, 0, 0.0016, 0.2141, 0, 0.0073, 0.0844, 0, 0.0221, 0.1038, 0, 0.0482, 0, 0.0438, 0, 0.1575, 0.0052, 0.0907, 0, 0.1265, 0.0461],
      [28.7023, 23.3471, 41.811, 24.2443, 40.3349, 6.9145, 26.4361, 18.0584, 2.268, 2.3712, 11.4009, 6.5624, 5.8739, 32.2877, 10.9269, 6.496, 9.3052, 41.9902, 3.5737, 2.0683, 8.1646, 10.1096, 17.1861, 5.8864, 1.5104, 72.1094, 51.0768, 8.2068, 35.7988, 6.2365, 3.0469, 67.9075, 68.721, 29.7373, 31.0556, 18.5404, 38.9104, 23.4329, 0.5359, 50.0542, 12.3082, 122.4836, 14.6704],
      [1.0998, 1.6104, 2.8394, 1.9573, 2.5675, 0.5083, 2.2427, 1.3488, 0.0687, 0.1533, 1.0309, 0.363, 0.4834, 2.8564, 1.2943, 0.7558, 0.4969, 2.4761, 0.3879, 0.0995, 0.9453, 0.5517, 1.1762, 0.2982, 0.0381, 5.8965, 2.5655, 0.5124, 3.1735, 0.3027, 0.1406, 4.6539, 5.3103, 1.412, 2.445, 0.5334, 2.1906, 1.2261, 0.1542, 5.5479, 0.868, 4.5206, 2.0271],
      [26.4212, 18.9747, 29.2219, 21.6841, 27.9856, 4.5762, 18.3212, 13.5546, 0.6623, 1.4697, 9.5457, 4.0528, 5.6173, 26.801, 13.7367, 6.7481, 6.1834, 23.3751, 4.0362, 0.8299, 8.8208, 6.3097, 12.5522, 2.8133, 0.4492, 57.7799, 46.3577, 5.2707, 35.9206, 3.451, 1.7904, 40.3156, 47.9687, 16.7887, 20.4994, 10.8825, 31.7678, 13.1785, 1.3041, 48.3072, 9.8238, 45.8316, 15.9515],
      [0.0984, 0.0132, 0.0058, 0, 0.0067, 0, 0, 0.0038, 0.0002, 0.0004, 0.002, 0.006, 0.0053, 0.0041, 0.004, 0, 0.0016, 0, 0.0019, 0.0008, 0.0261, 0.0056, 0.0081, 0.0021, 0.0005, 0, 0, 0.0024, 0.0216, 0.0072, 0, 0.0037, 0, 0.0137, 0, 0, 0.1218, 0.005, 0.0005, 0, 0, 0.0211, 0]
    ],
    [
      [0.0396, 0, 9.4402, 1.9983, 6.1082, 2.7062e-16, 2.4713, 3.7668, 0.3983, 0.7542, 15.0715, 2.1236, 0, 11.2881, 9.64, 1.0545, 0, 3.703, 1.1058, 1.8857, 1.362, 0.707, 0.5471, 0.8351, 0.2026, 5.4247, 0, 6.9249, 5.8888, 0.3428, 0, 10.1599, 9.0662, 0, 1.3676, 0, 0, 0.7467, 0.5364, 12.6616, 0.0653, 10.78, 0.7106],
      [0.8017, 1.6792, 9.8259, 15.2345, 20.3232, 0.8177, 1.133, 4.3071, 0.3225, 0.8796, 5.7713, 2.6926, 1.3081, 7.1936, 10.4609, 0, 1.3208, 6.549, 0, 0.1952, 1.9188, 2.2058, 7.5053, 0, 0.8609, 8.2364, 0, 1.4695, 12.061, 0, 1.0918, 7.91, 4.59, 2.8154, 0.9466, 0.9055, 0.8214, 6.2054, 2.331, 9.0143, 0.5152, 17.8777, 1.4819],
      [0.445, 9.4028, 10.5849, 6.5889, 21.4148, 2.7022, 3.7861, 5.5881, 2.4416, 0.8063, 10.3313, 4.1945, 1.8235, 12.4417, 5.6424, 1.5738, 4.2904, 7.3647, 0.9828, 3.2811, 0.4837, 3.2177, 4.5986, 3.1601, 2.53, 6.9419, 1.0931, 9.5203, 10.5968, 3.6099, 0.9431, 14.5602, 12.8725, 7.1414, 2.6108, 2.0901, 2.0128, 4.541, 0.1768, 6.7033, 2.1406, 80.297, 0],
      [0, 0, 1.5579, 0, 0, 2.51, 5.7629, 1.3483, 0.0471, 0.524, 15.1871, 0, 0, 13.6604, 0, 4.7233, 0, 1.8425, 0.2835, 2.4684, 0.2572, 0, 0, 0.8489, 0, 4.2752, 0, 0.1652, 0, 0, 0, 10.227, 12.984, 0, 2.0043, 0, 0, 0, 2.0864, 23.7767, 0, 0, 4.2733],
      [74.0723, 549.7343, 480.8985, 517.3404, 957.8152, 127.1153, 174.8745, 306.0784, 37.0351, 43.4717, 589.7222, 160.1947, 163.7499, 732.143, 666.7086, 186.4248, 183.5831, 227.2515, 123.0231, 78.9996, 88.4543, 122.9312, 245.641, 79.886, 44.2241, 438.7029, 151.1301, 384.2475, 984.0175, 111.3223, 46.1951, 520.0921, 579.8851, 192.7067, 105.3695, 53.5585, 114.341, 152.4719, 71.0926, 675.0566, 129.4684, 1105.2444, 99.6263],
      [6.6414, 49.1838, 31.6926, 29.8379, 68.3386, 13.8548, 9.9723, 26.9114, 3.7553, 3.5642, 42.9165, 16.7946, 17.1184, 61.2732, 51.5481, 14.2236, 13.8057, 14.2893, 10.6048, 11.17, 15.5241, 9.9383, 24.7081, 8.2698, 3.1824, 31.4188, 8.7767, 33.6725, 80.4359, 12.7249, 4.7701, 47.0507, 31.6023, 17.3365, 7.7013, 1.4459, 11.8248, 15.035, 10.7768, 41.7875, 9.8106, 114.801, 4.9079]
    ],
    [
      [1.1882, 15.5068, 17.2989, 11.0604, 22.95, 0, 4.481, 4.1001, 0.4494, 0.4451, 34.4721, 6.6677, 4.821, 31.719, 8.2033, 0.9546, 2.9589, 8.7418, 1.6602, 2.1082, 3.6818, 7.168, 7.8989, 1.7104, 3.1062, 15.9633, 0.5637, 4.2763, 23.5256, 4.678, 9.2377e-33, 26.2607, 20.23, 8.0542, 3.4724, 4.1264, 6.2847, 8.451, 0.4909, 23.0006, 1.9908, 28.8478, 0.9531],
      [0.6562, 12.6081, 8.0675, 6.7295, 8.8927, 0.4693, 1.0837, 2.2088, 0.2313, 0.2384, 6.1772, 1.1882, 3.6736, 8.8861, 3.0817, 0.0002, 1.2126, 9.3629, 0, 0.2787, 3.0649, 2.3966, 5.5181, 0, 0.5863, 11.7273, 1.2862, 0.99, 4.7239, 0.2593, 2.5481, 9.6972, 5.2289, 3.007, 1.1256, 1.5927, 1.4366, 11.4082, 0.8267, 8.2668, 0.6574, 10.0804, 0.9361],
      [0.2504, 4.1235, 5.6481, 2.4651, 6.6046, 0.8521, 2.2584, 1.7923, 0.764, 0.149, 6.7833, 1.1266, 0.7534, 9.3072, 1.3436, 0.3159, 0.5306, 7.1452, 0.3321, 1.2654, 0, 2.2883, 2.3376, 1.5651, 1.0838, 4.7556, 2.325, 1.7438, 2.9357, 1.0576, 0.2913, 12.0532, 10.1397, 4.5062, 2.4175, 3.1194, 2.1315, 5.1552, 0.0643, 2.5771, 1.0314, 24.8655, 0],
      [48.977, 306.3006, 392.0426, 250.324, 424.1529, 68.3966, 188.7206, 148.9194, 20.9243, 12.7404, 696.3217, 61.9924, 78.8483, 1004.2314, 186.3065, 46.1839, 28.7924, 310.8975, 50.656, 58.2695, 140.1718, 117.5524, 186.6597, 63.5636, 25.8873, 592.4585, 108.8596, 111.3706, 299.5786, 48.4065, 17.2567, 701.6071, 757.0262, 164.2271, 160.1158, 73.2491, 175.1538, 236.0718, 37.8644, 668.2419, 88.4817, 608.4099, 68.3612],
      [2.768, 18.4272, 14.5318, 11.3735, 18.852, 2.282, 3.4562, 5.7676, 0.6021, 0.4117, 11.8355, 2.702, 4.5411, 26.5508, 7.7835, 1.5248, 1.4595, 6.8527, 2.2426, 0.7889, 4.1945, 6.1725, 8.0811, 1.9958, 1.2121, 21.0952, 6.9496, 4.3865, 14.5266, 2.3098, 0.8952, 11.8286, 18.3752, 7.8129, 3.8687, 4.7844, 11.8447, 8.4925, 0.7238, 11.9136, 4.8301, 16.7125, 1.7496],
      [0.1602, 1.0337, 0.4112, 0.0475, 0.5478, 0, 0, 0.2118, 0.0288, 0.0153, 0.4101, 0.3232, 0.3626, 0.3054, 0.2814, 0.0205, 0.0461, 0, 0.1091, 0.2894, 1.8869, 0.4222, 0.5045, 0.165, 0.1243, 0, 0.0158, 0.2328, 0.7097, 0.2888, 0.0088, 0.5532, 0, 0.3926, 0, 0.128, 1.1487, 0.4212, 0.03, 0, 0.0087, 1.084, 0]
    ],
    [
      [0.0318, 0.5108, 0.8264, 0.3556, 0.8709, 0, 0.318, 0.215, 0.0192, 0.0055, 0.8193, 0.2414, 0.0223, 1.0429, 0.5745, 0.105, 0.071, 0.2768, 0.4099, 0.1321, 0.1269, 0.2393, 0.198, 0.255, 0.0856, 0.5725, 0.0182, 0.3427, 0.9655, 0.1195, 0, 1.2755, 0.6846, 0.1629, 0.1421, 0.0582, 0.0703, 0.1239, 0.0478, 0.803, 0.0855, 0.6789, 0.0436],
      [3.2106, 46.9133, 51.4122, 40.0971, 71.0122, 6.2721, 22.4189, 18.557, 2.3245, 0.709, 30.5346, 11.5347, 2.492, 62.3929, 38.0397, 7.7827, 5.9974, 29.7394, 4.9998, 6.3436, 16.4523, 14.9406, 23.7976, 5, 4.3484, 54.1277, 8.5058, 14.9373, 56.791, 3.6029, 3.0497, 78.6003, 39.4352, 13.574, 11.6566, 4.246, 4.4882, 18.7498, 11.606, 46.0417, 10.4746, 52.4459, 7.1576],
      [0, 0.0435, 0.0656, 0.0059, 0.094, 0.0102, 0.0315, 0.0184, 0.0121, 0.0004, 0.0381, 0.0199, 0.0015, 0.062, 0.0089, 0.0031, 0.0097, 0.0731, 0.0027, 0.0244, 0, 0.0319, 0.0144, 0.0357, 0.0207, 0.0071, 0.0098, 0.0355, 0.02, 0.0144, 0.0012, 0.1786, 0.0738, 0.0455, 0.0241, 0.0165, 0.0074, 0.0272, 0, 0, 0.0112, 0.2858, 0],
      [0.6419, 8.4717, 9.2755, 5.9191, 12.0901, 1.8039, 6.2681, 3.8601, 0.4313, 0.0749, 8.3165, 1.926, 0.344, 16.384, 7.4099, 3.3382, 1.0998, 4.5199, 2.3709, 1.8547, 2.9364, 2.5415, 3.4124, 2.0244, 0.5816, 10.385, 2.4119, 4.4102, 11.5035, 1.2442, 0.21, 17.1636, 11.4869, 2.478, 3.0285, 0.615, 1.2688, 2.0261, 2.1245, 11.1014, 2.746, 9.9729, 1.615],
      [1.9853, 27.2698, 26.158, 17.8523, 36.0385, 4.534, 15.3017, 10.6606, 1.1292, 0.1983, 21.1722, 5.8476, 1.0605, 42.5121, 21.734, 8.2933, 3.6191, 11.8236, 6.7886, 4.225, 7.5144, 7.7861, 9.8529, 5.2882, 1.8675, 28.4079, 7.7124, 12.4853, 35.6031, 3.7228, 0.6857, 42.0107, 30.0474, 7.2611, 7.7197, 2.019, 3.8743, 5.664, 4.7031, 27.7669, 8.2144, 26.6245, 4.0266],
      [0.1303, 1.7908, 1.2623, 0.7701, 1.8942, 0.3799, 0.6617, 0.6889, 0.0837, 0.0119, 1.1194, 0.4304, 0.0797, 2.6061, 1.2331, 0.4777, 0.203, 0.5672, 0.4281, 0.4201, 0.9701, 0.4606, 0.7246, 0.3967, 0.0963, 1.4997, 0.3419, 0.7889, 2.1169, 0.2963, 0.0535, 2.7713, 1.2721, 0.4786, 0.4291, 0.0454, 0.291, 0.409, 0.5186, 1.2871, 0.4684, 1.992, 0.1571]
    ],
    [
      [3.0726, 15.9824, 33.4345, 13.5857, 27.0708, 1.2684e-31, 4.7297, 8.9181, 1.133, 1.7951, 34.6362, 9.9639, 4.1565, 35.9498, 17.5822, 2.8859, 4.9701, 9.2784, 3.8241, 3.8736, 3.8241, 5.8847, 7.356, 3.1995, 3.6053, 15.0395, 0.418, 12.4556, 33.6191, 4.8571, 0, 36.2882, 27.0193, 5.7829, 3.018, 2.8155, 3.6356, 7.6784, 0.925, 38.5348, 2.8584, 37.6768, 2.9877],
      [0.3209, 1.7449, 2.5725, 1.8245, 2.6667, 0.44, 0.3644, 0.8929, 0.1209, 0.1675, 1.4971, 0.5721, 0.5065, 2.4771, 1.3796, 0.2169, 0.4563, 1.1902, 0, 0.1815, 0.5259, 0.4345, 1.1016, 0, 0.2028, 1.6944, 0.208, 0.5959, 2.3397, 0.1378, 0.2883, 2.6887, 1.746, 0.5553, 0.2712, 0.212, 0.2538, 1.4791, 0.2311, 2.5865, 0.3529, 3.4694, 0.3784],
      [1.6022, 8.0831, 11.8904, 5.6959, 12.5516, 3.521, 2.4878, 4.5427, 1.5142, 0.673, 8.4464, 3.0967, 1.5477, 13.9014, 4.0783, 1.6113, 2.8642, 5.4267, 1.1087, 2.3606, 1.3518, 2.3526, 3.8632, 2.3527, 1.8551, 7.1859, 1.4953, 5.4936, 9.6487, 2.0816, 0.7177, 16.3006, 13.193, 3.5696, 1.892, 1.2336, 1.9379, 4.8438, 0.223, 10.6655, 2.5087, 32.0681, 1.3296],
      [1.2813, 5.6172, 8.2846, 4.7997, 8.1895, 2.7811, 2.0056, 3.5233, 0.5286, 0.5075, 8.1438, 1.7186, 1.3243, 12.8677, 4.9893, 1.9988, 1.6109, 3.2641, 1.3017, 1.3079, 1.6893, 1.3544, 2.7517, 1.2649, 0.493, 5.9848, 1.163, 3.5416, 8.7445, 1.0466, 0.3927, 11.3485, 10.1926, 1.8829, 1.4064, 0.6025, 1.3868, 2.6759, 0.7704, 12.3321, 1.9043, 12.0966, 1.7234],
      [7.7532, 34.594, 43.1899, 26.7497, 45.3086, 12.4926, 9.0465, 17.9389, 2.5712, 2.4487, 36.7244, 10.2029, 8.0312, 59.993, 27.0372, 9.0089, 10.1549, 15.6971, 6.9095, 5.1566, 8.0161, 7.8005, 14.8728, 6.0166, 3.2472, 30.014, 6.8501, 18.6101, 50.9322, 6.1941, 2.4336, 49.7531, 47.7236, 10.4307, 6.5427, 3.7557, 8.1722, 14.1931, 3.1765, 53.9557, 10.6634, 60.587, 7.646],
      [7.9697, 34.9785, 32.6281, 18.3446, 37.2127, 16.7653, 6.366, 18.1841, 3.1321, 2.4082, 30.5521, 11.4459, 9.4338, 57.8111, 23.9335, 8.2783, 8.9436, 12.1435, 6.8561, 8.1197, 15.5929, 7.1733, 17.0547, 7.1664, 2.5966, 25.0814, 4.8655, 18.3034, 46.7159, 7.6828, 3.1676, 51.621, 32.1256, 10.7786, 5.8697, 1.3808, 9.6137, 16.1298, 5.674, 39.9254, 9.7124, 71.102, 4.935]
    ]
  ],
  "V_est": [
    [1.0301, 1.8508, 1042.663, 71.13, 747.9325, 0.3936],
    [139.1785, 181.5798, 297.5287, 110.8139, 12875.9008, 1044.9983],
    [384.5218, 162.4111, 142.2556, 9834.5735, 319.5089, 12.7291],
    [13.9479, 966.8127, 1.3857, 203.6881, 559.0618, 33.1039],
    [496.3217, 41.3456, 225.167, 162.7946, 822.596, 769.7751]
  ],
  "p_est": [
    [0.0006, 0.001, 0.5591, 0.0381, 0.401, 0.0002],
    [0.0095, 0.0124, 0.0203, 0.0076, 0.8789, 0.0713],
    [0.0354, 0.015, 0.0131, 0.9059, 0.0294, 0.0012],
    [0.0078, 0.5438, 0.0008, 0.1146, 0.3144, 0.0186],
    [0.1971, 0.0164, 0.0894, 0.0647, 0.3267, 0.3057]
  ],
  "EI_Z": {},
  "EI_V": 8.4212,
  "MAE_Z": {},
  "MAE_V": 177.7831,
  "MAE_p": 0.0498,
  "runtime": 0.005
}
