{
  "X": [
    [5, 5, 31, 52, 113, 15],
    [32, 63, 45, 322, 649, 87],
    [61, 72, 70, 414, 594, 66],
    [27, 64, 39, 263, 595, 49],
    [57, 103, 81, 447, 1086, 108],
    [0, 8, 14, 76, 151, 31],
    [12, 25, 35, 205, 221, 17],
    [17, 26, 30, 159, 354, 46],
    [2, 3, 7, 22, 42, 7],
    [3, 2, 4, 14, 48, 6],
    [85, 44, 37, 729, 669, 75],
    [19, 16, 15, 66, 183, 29],
    [9, 8, 10, 81, 183, 27],
    [80, 81, 68, 1050, 888, 122],
    [36, 53, 22, 200, 737, 77],
    [5, 8, 10, 57, 212, 23],
    [8, 9, 17, 32, 205, 23],
    [22, 47, 62, 323, 285, 27],
    [7, 5, 6, 55, 143, 18],
    [8, 7, 9, 64, 90, 20],
    [9, 22, 10, 146, 117, 34],
    [14, 20, 18, 122, 151, 18],
    [16, 38, 28, 194, 291, 43],
    [6, 5, 13, 68, 96, 16],
    [7, 6, 7, 27, 51, 6],
    [37, 76, 91, 619, 576, 58],
    [1, 10, 56, 115, 219, 14],
    [24, 18, 25, 120, 425, 53],
    [64, 76, 59, 323, 1121, 130],
    [10, 4, 13, 51, 127, 21],
    [0, 7, 5, 18, 52, 8],
    [74, 99, 111, 745, 664, 102],
    [57, 51, 105, 797, 724, 65],
    [14, 20, 45, 170, 235, 29],
    [8, 14, 38, 169, 144, 14],
    [7, 7, 25, 75, 75, 3],
    [10, 7, 45, 180, 170, 23],
    [17, 38, 38, 242, 194, 32],
    [2, 15, 1, 43, 81, 17],
    [75, 66, 70, 721, 817, 83],
    [5, 12, 18, 94, 163, 20],
    [78, 84, 260, 635, 1255, 189],
    [5, 10, 16, 78, 129, 10]
  ],
  "W": [
    [57, 82, 54, 6, 22],
    [44, 610, 358, 85, 101],
    [74, 544, 438, 89, 132],
    [48, 571, 282, 65, 71],
    [71, 1074, 482, 122, 133],
    [12, 147, 72, 13, 36],
    [47, 198, 200, 45, 25],
    [33, 348, 163, 34, 54],
    [3, 44, 23, 4, 9],
    [4, 50, 14, 1, 8],
    [22, 679, 756, 62, 120],
    [11, 186, 74, 20, 37],
    [12, 184, 93, 4, 25],
    [62, 838, 1081, 125, 183],
    [26, 744, 207, 69, 79],
    [14, 208, 49, 20, 24],
    [16, 203, 35, 11, 29],
    [68, 261, 343, 47, 47],
    [8, 136, 55, 15, 20],
    [3, 98, 63, 13, 21],
    [18, 108, 153, 28, 31],
    [17, 139, 136, 26, 25],
    [31, 283, 211, 38, 47],
    [9, 93, 69, 13, 20],
    [2, 51, 32, 7, 12],
    [136, 495, 646, 95, 85],
    [100, 161, 120, 19, 15],
    [14, 436, 123, 33, 59],
    [75, 1093, 346, 107, 152],
    [10, 128, 57, 9, 22],
    [5, 53, 21, 4, 7],
    [113, 610, 762, 142, 168],
    [122, 651, 811, 83, 132],
    [48, 220, 188, 24, 33],
    [54, 120, 171, 23, 19],
    [30, 58, 87, 7, 10],
    [73, 129, 198, 10, 25],
    [38, 179, 270, 27, 47],
    [2, 87, 40, 19, 11],
    [104, 769, 714, 87, 158],
    [23, 142, 97, 22, 28],
    [173, 1329, 690, 92, 217],
    [33, 111, 72, 13, 19]
  ],
  "method": "mult",
  "cond_prob": [
    [
      [0.012283779672, 0.0020927422403, 0.50346149726, 0.01810329369, 0.46211812844, 0.001940558702],
      [0, 0.0086951103114, 0.0031707841238, 0, 0.90327409795, 0.084860007614],
      [0.022336586787, 0.01296773428, 0.0028996754681, 0.90009872929, 0.058566063223, 0.0031312109469],
      [0.0036669739776, 0.5031203919, 0.0012262164943, 0.097115512375, 0.34513869572, 0.049732209539],
      [0.13962031947, 0.020397029284, 0.085397753811, 0.080913081979, 0.33442686631, 0.33924494915]
    ],
    [
      [0, 0.00152936291, 0.53328383421, 0.039019999062, 0.42589830055, 0.00026850327051],
      [0, 0.0040471328495, 0.01356165357, 0, 0.90027628092, 0.082114932663],
      [0.043453615758, 0.035880243415, 0.0098973283539, 0.85107406017, 0.057003104601, 0.0026916476999],
      [0.0040761961941, 0.53071906529, 0.0018923055651, 0.089517837554, 0.32794739421, 0.045847201183],
      [0.15937751369, 0.024828804964, 0.094641713796, 0.07910485453, 0.32484458873, 0.3172025243]
    ],
    [
      [1.1552065363e-05, 0.0018913176483, 0.56541171189, 0.040871948484, 0.39170488856, 0.00010858135826],
      [0.017722668576, 0.018226640369, 0.017194881283, 0.002806116072, 0.88361650685, 0.060433186853],
      [0.040177353667, 0.019439102185, 0.011121407777, 0.88958601961, 0.038540063779, 0.001136052982],
      [0.006461866382, 0.56013346289, 0.0022343028835, 0.094899367168, 0.30433760769, 0.031933392987],
      [0.25140323051, 0.02711019075, 0.10405672984, 0.08609263941, 0.30575654169, 0.2255806678]
    ],
    [
      [0, 0.0026763809978, 0.5091817706, 0.043331173769, 0.44481067463, 0],
      [0.0040192281112, 0.026600437861, 0.0099643402459, 0, 0.90573822875, 0.053677765029],
      [0.038810675466, 0.025108521312, 0.0074086053698, 0.88253944379, 0.045767073885, 0.00036568018088],
      [0.003732064996, 0.60078022643, 0.0012069614296, 0.083138766073, 0.28462070088, 0.026521280185],
      [0.19039191609, 0.035934731909, 0.094393767935, 0.093520573473, 0.35304082545, 0.23271818514]
    ],
    [
      [0, 0.0017424222401, 0.57224297457, 0.038317600845, 0.38760306298, 9.3939368188e-05],
      [0.0062076231532, 0.019306885733, 0.018122601919, 0, 0.89147269429, 0.064890194903],
      [0.047192757576, 0.019787514603, 0.012103016328, 0.87542000394, 0.044344431758, 0.0011522757914],
      [0.0049014966461, 0.56422543269, 0.0023345430466, 0.089928260552, 0.30440476842, 0.034205498647],
      [0.20291820294, 0.028327879073, 0.11119252799, 0.08538165904, 0.31975271432, 0.25242701664]
    ],
    [
      [0, 0.00030425928526, 0.57461601064, 0.044732589371, 0.38034714071, 0],
      [0, 0.0063157578717, 0.01543599096, 0.01429730518, 0.86534358143, 0.098607364554],
      [0, 0.0076266627432, 0.0099059472726, 0.94427419146, 0.038193198521, 0],
      [6.9388939039e-17, 0.45204942299, 0.0024973408746, 0.12348622436, 0.35593887984, 0.066028131931],
      [8.2440000453e-34, 0.017838062919, 0.11360621017, 0.10467895456, 0.32925589192, 0.43462088043]
    ],
    [
      [0, 0, 0.56662358052, 0.050686064281, 0.3826903552, 0],
      [0.012897230279, 0.0065473553815, 0.017098543874, 0.030549936004, 0.88273765798, 0.05016927648],
      [0.022549257275, 0.0067205415451, 0.0097388932064, 0.94046037426, 0.020530933718, 0],
      [0.0048235858655, 0.48506735237, 0.0024528705636, 0.12730728744, 0.3481153419, 0.032233561861],
      [0.18877742343, 0.021259378758, 0.11700088848, 0.10991859456, 0.33840479585, 0.22463891893]
    ],
    [
      [0, 0.0012860452311, 0.54953533744, 0.043262451144, 0.40581416195, 0.00010200423587],
      [0.010844206552, 0.0128897311, 0.014098910848, 0.0034101674555, 0.87940880954, 0.079348174506],
      [0.025468648378, 0.014721059116, 0.0094800036536, 0.90817752441, 0.040915962913, 0.0012368015264],
      [0.0043333168169, 0.5235425389, 0.0020225200226, 0.10256671792, 0.32255692127, 0.044977985069],
      [0.16532395671, 0.023554724562, 0.098979752092, 0.090099924982, 0.31365980848, 0.30838183317]
    ],
    [
      [2.3533911275e-05, 0.00041211752984, 0.75619412638, 0.024224009129, 0.21905830092, 8.7912125674e-05],
      [0.0089328912609, 0.0080849045028, 0.051494006843, 0, 0.84229336354, 0.089194833858],
      [0.020651809899, 0.011282303666, 0.030269688101, 0.90507683755, 0.031219213068, 0.001500147713],
      [0.0033378141799, 0.55262493623, 0.0060089321464, 0.097794586014, 0.29271537623, 0.047518355203],
      [0.12428214427, 0.01922612445, 0.19393808499, 0.079931373871, 0.26589041069, 0.31673186174]
    ],
    [
      [5.9923277079e-06, 0.001559859877, 0.59424137341, 0.040114590783, 0.36395338456, 0.00012479904109],
      [0.015213270829, 0.016979449261, 0.014084598412, 0.008390683732, 0.87063498752, 0.074697010247],
      [0.032476506592, 0.017652208775, 0.0092803589091, 0.9043559838, 0.035037822166, 0.001197119759],
      [0.0041095167065, 0.67165351366, 0.0015366973192, 0.072539986167, 0.22102234764, 0.029137938498],
      [0.22256648503, 0.028250457615, 0.098417857966, 0.085810461365, 0.28761065348, 0.27734408455]
    ],
    [
      [3.9205380815e-05, 0.001091801936, 0.52432228513, 0.049565154713, 0.42491424635, 6.7306495646e-05],
      [0.022441909122, 0.00874319427, 0.013784512033, 0.023200520904, 0.86664362219, 0.065186241477],
      [0.04601703821, 0.0088666915873, 0.0078802601786, 0.91721289579, 0.019753468177, 0.00026964605783],
      [0.0091873999754, 0.47136425296, 0.0021316430179, 0.12309242381, 0.35350745651, 0.040716823729],
      [0.28668817918, 0.01759624104, 0.083463229119, 0.092597778418, 0.28624819054, 0.2334063817]
    ],
    [
      [0.00029396433574, 0.0013946644354, 0.59643819074, 0.035080350612, 0.36629013995, 0.00050268992649],
      [0.010966059102, 0.015093157623, 0.020365893266, 0, 0.86109853513, 0.092476354875],
      [0.092012657151, 0.017469649379, 0.013398029557, 0.83063544764, 0.042368381143, 0.0041158351249],
      [0.0084724670395, 0.55359207124, 0.0026429747076, 0.086606802685, 0.30151713585, 0.047168548477],
      [0.26969441701, 0.021965834988, 0.097481353324, 0.065269107131, 0.26056427038, 0.28502501717]
    ],
    [
      [4.93010291e-06, 0.0018991086885, 0.49393974632, 0.042633952198, 0.46110729923, 0.00041496345897],
      [0, 0.0062681007244, 0.0085590869704, 0, 0.88909346441, 0.096079347893],
      [0.051764691232, 0.040690511164, 0.0069205547782, 0.84186681171, 0.055001246702, 0.0037561844157],
      [0.0039433286427, 0.58692247352, 0.0013968612222, 0.080203363672, 0.28146590942, 0.046068063523],
      [0.16680204958, 0.027678909204, 0.073946080092, 0.074958625203, 0.30530141506, 0.35131292085]
    ],
    [
      [3.3182207473e-06, 0.0010412525241, 0.5244931683, 0.048991919467, 0.42543577557, 3.4565916784e-05],
      [0.013634329835, 0.0090909715418, 0.013148179193, 0.017096212033, 0.87177107692, 0.075259230474],
      [0.029559305622, 0.009262515116, 0.0072388303324, 0.92512039246, 0.028818956469, 0],
      [0.005729850679, 0.47798493685, 0.0019715226919, 0.11918771671, 0.34858621455, 0.04653975851],
      [0.19619882599, 0.019433400242, 0.089571767628, 0.096624406942, 0.30793579613, 0.29023580307]
    ],
    [
      [0, 0.0017938602383, 0.42552476026, 0.052568677815, 0.51998399812, 0.00012870356358],
      [0.012875425688, 0.014584376272, 0.0064780418866, 0, 0.89585663223, 0.070205523923],
      [0.040151756556, 0.016174559889, 0.0056075704429, 0.89365757152, 0.043156425831, 0.0012521157584],
      [0.0057037467999, 0.53292092745, 0.0010308619181, 0.097063154351, 0.32411253217, 0.039168777306],
      [0.22424950825, 0.025100073373, 0.061832867286, 0.087958726852, 0.32488527597, 0.27597354826]
    ],
    [
      [0, 0.00016438023487, 0.46737119449, 0.056852139741, 0.47561228554, 0],
      [0.0060248714066, 0, 0.0059708254757, 0.021833737541, 0.89695465182, 0.069215913755],
      [0.015649795409, 0.0048796512291, 0.0054610998742, 0.93744053174, 0.036299002017, 0.00026991973339],
      [0.0035383596184, 0.37171572982, 0.001504422237, 0.14893359003, 0.42205567501, 0.052252223284],
      [0.1212174825, 0.013511715424, 0.079882884986, 0.1145581158, 0.35646232602, 0.31436747526]
    ],
    [
      [0, 0.0010018257251, 0.58339941899, 0.032516582756, 0.38297437612, 0.00010779640179],
      [0, 0.0053489452461, 0.018785768192, 0, 0.90554323037, 0.070322056191],
      [0.085258252944, 0.043768816372, 0.013353293219, 0.80786670628, 0.048454884092, 0.0012980470953],
      [0.0044433224097, 0.52017168776, 0.0026171933422, 0.089774070607, 0.3414741361, 0.041519589781],
      [0.17127877933, 0.022218543624, 0.11572220564, 0.076444316535, 0.33086199229, 0.28347416258]
    ],
    [
      [0, 0.002587746697, 0.62076347592, 0.038865386533, 0.33778339085, 0],
      [0.013948187136, 0.025230097107, 0.025962754173, 0.0080040313352, 0.8699829578, 0.05687197245],
      [0.026284262478, 0.028052285109, 0.019111901642, 0.90275148391, 0.023800066863, 0],
      [0.0040560144822, 0.61633212538, 0.0032307247094, 0.088428523081, 0.26062137725, 0.027331235098],
      [0.19475294568, 0.035094344564, 0.13413996753, 0.095068127067, 0.30962871854, 0.23131589661]
    ],
    [
      [0, 0.00020622907939, 0.44953490717, 0.051424875363, 0.49868060608, 0.00015338230374],
      [0.0091584381542, 0, 0.0057681843408, 0.0021785670356, 0.90437209519, 0.078522715281],
      [0.031420834596, 0, 0.0049686771563, 0.91571261807, 0.046435734285, 0.001462135896],
      [0.0065544792016, 0.33224900362, 0.0014842944639, 0.14039436873, 0.45759059001, 0.061727263974],
      [0.19639946601, 0.00073075565513, 0.066185300586, 0.091110317778, 0.3299062985, 0.31566786147]
    ],
    [
      [0.00012436500292, 0.0005441040966, 0.68942269256, 0.03527435084, 0.27442879838, 0.00020568912732],
      [0.019320450255, 0.0035096232175, 0.030453721693, 0.024842533862, 0.80564093686, 0.11623273411],
      [0.033914607939, 0.0059911324489, 0.017997572443, 0.92115465539, 0.01721309901, 0.0037289327705],
      [0.0070574237157, 0.46139218865, 0.0045167658328, 0.12734890782, 0.32941110856, 0.070273605427],
      [0.18465980817, 0.013280229319, 0.13117629413, 0.084349025612, 0.23129200684, 0.35524263594]
    ],
    [
      [0.00023952931045, 0.0026492239481, 0.45479811031, 0.056292395428, 0.48481447703, 0.0012062639775],
      [0.013816864149, 0.019227325234, 0.0017384494043, 0.0034704326235, 0.81581883794, 0.14592809065],
      [0.022790435499, 0.022612856559, 0, 0.91225123168, 0.031875631148, 0.010469845113],
      [0.0036179192624, 0.55891689085, 0, 0.093697221577, 0.27064075888, 0.073127209428],
      [0.12629770237, 0.024720091816, 0.052447789637, 0.077869984117, 0.24870942263, 0.46995500943]
    ],
    [
      [5.5486352817e-05, 0.0015798908314, 0.59802022676, 0.034768196802, 0.36527033207, 0.00030586717719],
      [0.006550217556, 0.016548138846, 0.021137657549, 0, 0.88305662707, 0.072707358981],
      [0.051745979578, 0.019037706302, 0.0150784786, 0.86171175811, 0.049484229658, 0.0029418477511],
      [0.0063554317083, 0.55633737125, 0.0029268348034, 0.08869291455, 0.30715755768, 0.038529890005],
      [0.23543528179, 0.024762033868, 0.11075003805, 0.076405030923, 0.29318325836, 0.25946435701]
    ],
    [
      [0, 0.0028008788758, 0.55737361005, 0.040425784994, 0.39914175476, 0.0002579713197],
      [0.002576472468, 0.026848552669, 0.014417361057, 0, 0.86677173402, 0.089385879786],
      [0.036749489915, 0.027508735271, 0.0095386622081, 0.88049432976, 0.043308467945, 0.0024003149011],
      [0.0035733476785, 0.60439983541, 0.0016517842533, 0.081470918792, 0.26683563273, 0.042068481139],
      [0.15704103633, 0.032840328978, 0.097146369822, 0.082268131316, 0.2989864701, 0.33171766345]
    ],
    [
      [0, 0, 0.65519184046, 0.035207136186, 0.30947060736, 0.0001304159943],
      [0.010418451471, 0, 0.030967849951, 0.0090788681453, 0.85872436165, 0.090810468785],
      [0.026523451882, 0, 0.020423798215, 0.91737110923, 0.034011357675, 0.0016702829984],
      [0.0057296096488, 0.37327303375, 0.0052614210099, 0.13843764571, 0.41072508309, 0.066573206791],
      [0.15632404539, 0.0073725280623, 0.13728114202, 0.087025255289, 0.28335945704, 0.3286375722]
    ],
    [
      [0.00020461414806, 0.00096058580939, 0.75432137058, 0.020406283285, 0.22387331755, 0.00023382862923],
      [0.0045538323394, 0.01719203293, 0.046014071021, 0, 0.86738782855, 0.064852235158],
      [0.098688626706, 0.019641105619, 0.030778204488, 0.80418478776, 0.042674144507, 0.0040331309175],
      [0.0087801855316, 0.6016578993, 0.0058019012407, 0.075589900303, 0.27768498549, 0.030485128135],
      [0.29565399742, 0.023430372838, 0.17659364871, 0.058012076908, 0.25050888218, 0.19580102195]
    ],
    [
      [0, 0.0018317284133, 0.53377045089, 0.046365705471, 0.41803211522, 0],
      [0.011021551052, 0.017100592661, 0.01222304611, 0.0098257254285, 0.88511524941, 0.064713835341],
      [0.02497020664, 0.019222625611, 0.0058176411734, 0.91339751708, 0.036592009494, 0],
      [0.0041222119041, 0.55224585483, 0.0014160355979, 0.099872729798, 0.30739941676, 0.034943751108],
      [0.17672904246, 0.028293167232, 0.0995775444, 0.097503818862, 0.33146118998, 0.26643523707]
    ],
    [
      [0, 0, 0.51316374313, 0.028759046443, 0.45807721043, 0],
      [0, 0, 0.0059233895676, 0, 0.93904832024, 0.055028290195],
      [0.0047316784406, 0.012923448068, 0.016015546986, 0.90268541151, 0.063535425012, 0.00010848998737],
      [0.00064396641348, 0.42880680001, 0.0021150416557, 0.11432842496, 0.41496150825, 0.039144258709],
      [0.027997548352, 0.020123802106, 0.11786056911, 0.10864039339, 0.43313198273, 0.29224570431]
    ],
    [
      [2.98502595e-05, 0.00068547891265, 0.58939455211, 0.038556555137, 0.37118962849, 0.00014393509758],
      [0.015754068793, 0.0041370004339, 0.01977726812, 0, 0.88162938956, 0.078702273097],
      [0.036054573331, 0.0089886870601, 0.012535441125, 0.89945020868, 0.041276282531, 0.0016948072772],
      [0.0071175492671, 0.43071902066, 0.0031550657783, 0.11959751144, 0.38693030348, 0.052480549378],
      [0.2112070586, 0.014700591794, 0.10982391425, 0.08273075735, 0.29774997608, 0.28378770193]
    ],
    [
      [0, 0.001409626871, 0.47996099853, 0.044809499556, 0.47356644692, 0.00025342812136],
      [0.005030551283, 0.011646521246, 0.0081708218292, 0, 0.90025773129, 0.074894374354],
      [0.069378636387, 0.014921056759, 0.0072457181794, 0.85860521851, 0.047951528751, 0.0018978414113],
      [0.0061864714154, 0.51060086201, 0.0013674488634, 0.096674904144, 0.34181253651, 0.043357777063],
      [0.22259636063, 0.022155607824, 0.075124219291, 0.080379389374, 0.31799766993, 0.28174675295]
    ],
    [
      [0.00024917199267, 0.00013517996039, 0.62534876342, 0.032148477706, 0.34150334163, 0.000615065287],
      [0.0023534204924, 0.00091646463527, 0.025884610748, 0, 0.86945580534, 0.10138969878],
      [0.083160371107, 0.0055499114697, 0.016600385266, 0.84378161641, 0.046417705682, 0.0044900100622],
      [0.0090423554551, 0.37298614098, 0.0041092974316, 0.12263146227, 0.41930476358, 0.07192598029],
      [0.22157945931, 0.0094600229328, 0.11136711605, 0.067239996681, 0.26704870018, 0.32330470485]
    ],
    [
      [0, 0.0046965705773, 0.61254338905, 0.029965657582, 0.35279438279, 0],
      [0, 0.019135186604, 0.015640041896, 0, 0.87152817443, 0.093696597066],
      [0, 0.12411803928, 0.012020246563, 0.81434915379, 0.048645743108, 0.00086681725825],
      [0, 0.73931035137, 0.0012512147717, 0.048232423285, 0.18034084121, 0.030865169365],
      [0, 0.05694743238, 0.12156154248, 0.079415684197, 0.32887298157, 0.41320235938]
    ],
    [
      [0.00014777679353, 0.0011969468238, 0.60189936522, 0.043844823171, 0.35290819432, 2.8936715215e-06],
      [0.016895998302, 0.013722984593, 0.021357719006, 0.017232344439, 0.85151909312, 0.079271860546],
      [0.03494554113, 0.014129762025, 0.013914908861, 0.91666000573, 0.019797637232, 0.0005521450208],
      [0.0062413484643, 0.53434821527, 0.0030221903382, 0.10975546534, 0.30325422384, 0.04337855674],
      [0.21524981212, 0.022913090329, 0.11264792593, 0.091985740648, 0.27706445169, 0.28013897928]
    ],
    [
      [0, 0, 0.56662690104, 0.046152147511, 0.38722095145, 0],
      [0.014106024688, 0.0073903535453, 0.017646366722, 0.020394428694, 0.88995212447, 0.050510701877],
      [0.025460440122, 0.0071956889609, 0.010840974831, 0.92940862709, 0.027094268996, 0],
      [0.0056756733816, 0.4563877957, 0.0027702813529, 0.12660378577, 0.37383576361, 0.034726700181],
      [0.20225363711, 0.018734765542, 0.11637704089, 0.10480419799, 0.33635144208, 0.22147891639]
    ],
    [
      [0, 0.0012226692024, 0.62264569905, 0.031557103459, 0.34431490823, 0.00025962005949],
      [3.0113108002e-05, 0.013977069712, 0.03030644439, 0, 0.87501612023, 0.080670252556],
      [0.043169039816, 0.016296619411, 0.022137543442, 0.87019902218, 0.046239418546, 0.0019583566099],
      [0.0046598998051, 0.54235082063, 0.0038457655889, 0.093720444896, 0.31130360441, 0.044119464671],
      [0.17471994047, 0.023823405981, 0.12701309511, 0.07995612689, 0.2971224473, 0.29736498424]
    ],
    [
      [0, 0, 0.57853600825, 0.048201602052, 0.3732623897, 0],
      [0.011900641629, 0.0085586952845, 0.019534139498, 0.017694990556, 0.87751909069, 0.064792442344],
      [0.020232428659, 0.0078875130117, 0.012413448482, 0.93320148377, 0.026265126076, 0],
      [0.0042140488577, 0.4883420182, 0.0028475578732, 0.11983333662, 0.34363857123, 0.04112446722],
      [0.15869760948, 0.020648706439, 0.11719817333, 0.1021102187, 0.32350086191, 0.27784443014]
    ],
    [
      [0, 0.0014421038205, 0.62122598994, 0.02035417395, 0.35697773229, 0],
      [0, 0.015562420783, 0.033808864036, 0, 0.92325072041, 0.027377994772],
      [0.048349519422, 0.01877819243, 0.033934146429, 0.83888286828, 0.059228687503, 0.00082658593366],
      [0.0057879082763, 0.58977958428, 0.0041822229566, 0.081773528019, 0.30356513456, 0.01491162191],
      [0.27530764524, 0.029195664862, 0.14207598876, 0.083415054478, 0.3464274493, 0.12357819736]
    ],
    [
      [9.0686287953e-05, 6.1183159665e-05, 0.53583793536, 0.032979755198, 0.42953817305, 0.0014922669435],
      [0.0005219535795, 0.0067982660297, 0.01374172782, 0, 0.88414537144, 0.094792681126],
      [0.031451614416, 0.0080140970167, 0.0090408780952, 0.88120674297, 0.065000156078, 0.0052865114241],
      [0.0047926357492, 0.41727094557, 0.0024500192844, 0.11456118622, 0.39608026598, 0.064844947192],
      [0.14602807509, 0.01436226586, 0.091862150959, 0.078717236009, 0.31032507552, 0.35870519656]
    ],
    [
      [0, 0.0043317899251, 0.61882122336, 0.034639368367, 0.34200292638, 0.00020469197173],
      [0.0050391398627, 0.034408905021, 0.023042509954, 0, 0.8498598787, 0.087649566458],
      [0.031146337411, 0.04269093437, 0.017282280757, 0.87066695747, 0.036094141809, 0.0021193481787],
      [0.0032004662237, 0.6720830246, 0.0023800773869, 0.069095521706, 0.21864193748, 0.034598972597],
      [0.16174617608, 0.042625617874, 0.11978098589, 0.079532902081, 0.28149404061, 0.31482027746]
    ],
    [
      [0, 0.0032070020063, 0.27175955951, 0.082103607224, 0.64274508691, 0.00018474435176],
      [0.0058452240516, 0.029215776844, 0.0015194925901, 0.024915230186, 0.81586766191, 0.12263661442],
      [0.01228470669, 0.022924038152, 0.0012087748264, 0.94144828354, 0.021968933776, 0.00016526301906],
      [0.0018156184977, 0.58905275555, 0, 0.10055589144, 0.25016368585, 0.058412048661],
      [0.087780044407, 0.031168139001, 0.025084912054, 0.099970407321, 0.28201416889, 0.47398232833]
    ],
    [
      [0, 0.0010843806072, 0.48345090675, 0.05649231225, 0.45897240039, 0],
      [0.016630332525, 0.011845098793, 0.0070925661308, 0.030879051192, 0.87700953237, 0.056543418987],
      [0.032784690605, 0.012274264367, 0.0023941916705, 0.93076351103, 0.021783342325, 0],
      [0.0063987672467, 0.51014233784, 0.0011473395988, 0.11705500653, 0.3314165092, 0.033840039579],
      [0.24206526864, 0.022988198066, 0.078845892059, 0.10525238427, 0.31936707117, 0.2314811858]
    ],
    [
      [0, 0.00018044309243, 0.53657377781, 0.040320397016, 0.42292538208, 0],
      [0.00031553236309, 0.004643661611, 0.012777292734, 0, 0.91140897727, 0.070854536017],
      [0.020882020282, 0.008139127211, 0.0087799768043, 0.90671011606, 0.05548020706, 8.5525785545e-06],
      [0.0025893482594, 0.45559858382, 0.0020546274713, 0.11186840473, 0.38072836446, 0.047160671267],
      [0.10259545626, 0.018706631309, 0.10527028528, 0.095023025233, 0.36053704772, 0.3178675542]
    ],
    [
      [0.00011303148374, 0.00089828499281, 0.7097722936, 0.027612602282, 0.26149237899, 0.0001114086535],
      [0.0076315217385, 0.01373466989, 0.057476947244, 0, 0.83186282927, 0.089294031853],
      [0.043705274883, 0.01566617329, 0.033600540905, 0.87620002898, 0.02932431382, 0.0015036681227],
      [0.0051150864922, 0.54302060913, 0.0059390149569, 0.098257350467, 0.29909567594, 0.04857226301],
      [0.17147891952, 0.022228870054, 0.17092980516, 0.076522228421, 0.26020985994, 0.29863031691]
    ],
    [
      [0.017771011209, 0.0015765652023, 0.43776240591, 0.064256412877, 0.47863360481, 0],
      [0.0044832905967, 0.013419089427, 0, 0.037409532455, 0.89817517617, 0.046512911355],
      [0.012688118473, 0.013807455959, 0, 0.9434649873, 0.030039438266, 0],
      [0.0028948947182, 0.53323646995, 0, 0.11377464716, 0.3222420733, 0.027851914865],
      [0.15603859013, 0.028012814919, 0.081781084478, 0.12202793546, 0.3766136831, 0.23552589191]
    ]
  ],
  "expected_outcome": [
    [
      [0.70017544132, 0, 0.00085485283688, 0, 0, 0, 0, 0, 7.0601733824e-05, 2.3969310831e-05, 0.00086251837793, 0.0032336076931, 5.916123492e-05, 0.00020572968633, 0, 0, 0, 0, 0, 0.00037309500876, 0.0043115275881, 0.00094326799789, 0, 0, 0.00040922829613, 0, 0, 0.000417903633, 0, 0.0024917199267, 0, 0.016698777669, 0, 0, 0, 0, 0.0066200990206, 0, 0, 0, 0, 0.019554446687, 0.58644336988],
      [0.1192863077, 0.067291968042, 0.13995750598, 0.1284662879, 0.12371197905, 0.0036511114232, 0, 0.042439492627, 0.0012363525895, 0.0062394395078, 0.024019642593, 0.015341308789, 0.022789304263, 0.064557656496, 0.046640366195, 0.0023013232882, 0.016029211602, 0.17596677539, 0.0016498326351, 0.0016323122898, 0.047686031066, 0.026858144134, 0.086827245151, 0, 0.0019211716188, 0.24911506421, 0, 0.009596704777, 0.10572201533, 0.0013517996039, 0.023482852886, 0.13525499109, 0, 0.058688121713, 0, 0.043263114614, 0.0044663706556, 0.16460801715, 0.0064140040126, 0.11277558315, 0.004150191126, 0.15540330376, 0.052026651676],
      [28.6973053438, 23.4644887051, 41.8404666795, 24.440724989, 40.6292511944, 6.8953921276, 26.6313082842, 18.1346661356, 2.2685823791, 2.3769654936, 11.5350902728, 6.5608200981, 5.9272769559, 32.5185764344, 11.0636437667, 6.5431967228, 9.3343907039, 42.2119163624, 3.5962792574, 2.0682680777, 8.1863659856, 10.166343855, 17.2785819116, 5.8967265641, 1.5086427412, 72.5927813217, 51.3163743132, 8.2515237295, 35.99707489, 6.2534876342, 3.0627169452, 68.0146282696, 69.1284819263, 29.8869935544, 31.2409444455, 18.6367796983, 39.1161692815, 23.5152064876, 0.54351911902, 50.2788943022, 12.3411968896, 122.7906067925, 14.4461593949],
      [1.0318877403, 1.7168799587, 3.0245241878, 2.0798963409, 2.72054966, 0.53679107246, 2.3822450212, 1.4276608878, 0.072672027388, 0.16045836313, 1.0904334037, 0.38588385674, 0.51160742638, 3.037499007, 1.3667856232, 0.79592995638, 0.52026532409, 2.6428462843, 0.4113990029, 0.10582305252, 1.0132631177, 0.59105934563, 1.2531993348, 0.31686422567, 0.040812566569, 6.305735944, 2.8759046443, 0.53979177191, 3.3607124667, 0.32148477706, 0.14982828791, 4.9544650183, 5.6305619963, 1.5147409661, 2.6028865108, 0.61062521849, 2.4075221295, 1.3162959979, 0.16420721445, 5.875200474, 0.92736913136, 4.7769801948, 2.1204616249],
      [26.3407333209, 18.7395252242, 28.9861617533, 21.3509123822, 27.5198174714, 4.5641656885, 17.9864466945, 13.3918673443, 0.65717490277, 1.4558135383, 9.3481134196, 4.0291915395, 5.5332875907, 26.3770180856, 13.5195839512, 6.6585719975, 6.127590018, 22.969270578, 3.9894448487, 0.82328639513, 8.7266605865, 6.2095956452, 12.3733943975, 2.7852354662, 0.4477466351, 56.8523676701, 45.8077210426, 5.1966547988, 35.5174835189, 3.4150334163, 1.763971914, 39.8786259584, 47.2409560774, 16.527115595, 20.1561690437, 10.7093319686, 31.3562866324, 12.9961112024, 1.2854901738, 47.7331296406, 9.7272837879, 45.2381815652, 15.7949089586],
      [0.11061184602, 0.011814143902, 0.0080350205113, 0, 0.0066696951413, 0, 0, 0.0033661397836, 0.00026373637702, 0.00049919616436, 0.0014807429042, 0.0055295891914, 0.0049795615076, 0.0021430868406, 0.003346292653, 0, 0.0017247424286, 0, 0.00122705843, 0.00061706738197, 0.021712751595, 0.0051997420123, 0.0079971109106, 0.0011737439487, 0.00046765725846, 0, 0, 0.0020150913661, 0.019007109102, 0.00615065287, 0, 0.00032698488193, 0, 0.012461762856, 0, 0, 0.10893548688, 0.0077782949258, 0.00036948870352, 0, 0, 0.019273697055, 0]
    ],
    [
      [0, 0, 9.6411317055, 2.2949792515, 6.6669872665, 0, 2.5536515952, 3.7737838801, 0.39304721548, 0.76066354146, 15.2380562942, 2.0396869929, 0, 11.425568402, 9.5793167116, 1.2531732526, 0, 3.6404768425, 1.245547589, 1.8934041249, 1.4922213281, 0.91048024029, 0.72914170844, 0.96891598683, 0.23224544931, 5.455667771, 0, 6.8687739935, 5.4983925523, 0.30123782303, 0, 10.3065589641, 9.1830220722, 0.0066248837604, 1.4280769954, 0, 0.067332011756, 0.90200603543, 0.50853449249, 12.788725712, 0.044805595558, 10.1422923905, 0.49764525624],
      [0.71299904553, 2.4687510382, 9.9152923607, 15.1888500184, 20.7355952775, 0.92841640714, 1.2963763655, 4.4856264226, 0.35573579812, 0.84897246306, 5.9366289093, 2.8073273179, 1.1533305333, 7.618234152, 10.8507759461, 0, 1.085835885, 6.5850553448, 0, 0.34394307532, 2.0765511253, 2.3001912996, 7.5981404052, 0, 0.87679367945, 8.4647933672, 0, 1.8037321892, 12.7296477224, 0.11730747331, 1.01416489, 8.3710206019, 4.811120158, 3.0749553365, 1.0270434341, 0.90262040541, 0.87697631783, 6.1591939987, 2.5417725854, 9.1088809721, 0.65939994877, 18.2533762839, 1.4895189264],
      [0.26000429816, 8.2726086778, 9.3540154181, 5.6896382804, 19.4636744614, 2.2690906712, 3.3855116871, 4.9064209751, 2.2657363011, 0.70422992059, 9.3596836707, 3.7880561475, 1.5748720026, 11.0181741639, 4.8196631636, 1.2419316989, 3.8135109429, 6.7762788391, 0.78447307035, 2.984464726, 0.18775253566, 2.9381343993, 4.0801131793, 2.8800100454, 2.3467176221, 6.0504078246, 0.95366572038, 8.6228889005, 8.9307082593, 3.3132301757, 0.8289222205, 13.0282085935, 11.4877847358, 6.6674177657, 2.3440967397, 1.9609141141, 1.7726828888, 4.1246092817, 0.13219585533, 5.4541833546, 1.8143755683, 76.386862887, 0],
      [0, 0, 1.5265271432, 0, 0, 2.1017038614, 6.0488873287, 1.1867382745, 0, 0.4195341866, 15.7531536939, 0, 0, 14.326625684, 0, 4.5414174086, 0, 2.0890521785, 0.29628511684, 2.4345683185, 0.37480672333, 0, 0, 0.84433473751, 0, 4.8637340871, 0, 0, 0, 0, 0, 10.5117301076, 13.2767730798, 0, 2.1233988667, 0, 0, 0, 2.1676250262, 23.7459903664, 0, 0, 4.1524581025],
      [74.0684760319, 549.1685313593, 480.6873797246, 517.176528618, 957.4416736692, 127.2055064708, 174.7820562803, 306.0342657195, 37.0609079956, 43.531749376, 588.4510194694, 160.1643275349, 163.5931974518, 730.5441624608, 666.5173343802, 186.5665675788, 183.8252757653, 227.0655519856, 122.9946049456, 78.9528118124, 88.1084344977, 122.7448711624, 245.2964007278, 79.8613656333, 44.2367792561, 438.1320484561, 151.1867795582, 384.3904138466, 983.9817002969, 111.2903430836, 46.190993245, 519.4266468002, 579.3588330322, 192.5035464516, 105.3022908827, 53.5485417837, 114.0547529163, 152.1249182881, 70.9804865861, 674.4203303941, 129.420074773, 1105.5457001057, 99.6974445544],
      [6.9585206244, 50.0901089247, 32.875653648, 30.6500038318, 69.6920693255, 14.4952825895, 9.9335167431, 27.6131647281, 3.9245726898, 3.7348505123, 44.2614579626, 17.2006020068, 17.6786000124, 63.0672351373, 52.2329097984, 14.3969100611, 14.2753774068, 14.8435848096, 10.6790892782, 11.3908079429, 15.7602337899, 10.1063228984, 25.2962039793, 8.445373597, 3.307463993, 32.033348494, 8.8595547214, 34.3141910701, 81.859551169, 12.9778814444, 4.9659196445, 48.3558349328, 32.8824669219, 17.7474555624, 7.7750930813, 1.5879236968, 12.2282558653, 15.689272396, 10.6693854544, 43.4818892009, 10.0613441144, 118.6717683328, 5.1629331604]
    ],
    [
      [1.2061756865, 15.5563944413, 17.5976809063, 10.9446104814, 22.7469091518, 0, 4.5098514551, 4.1513896856, 0.47499162768, 0.45467109229, 34.7888808869, 6.8089366291, 4.8141162846, 31.9536093774, 8.3114136071, 0.76683997505, 2.984038853, 9.0155020298, 1.7281459028, 2.1366203001, 3.4869366314, 7.0374532227, 7.754142372, 1.8301181799, 3.1580360546, 16.1307534893, 0.56780141287, 4.4347125197, 24.00500819, 4.7401411531, 0, 26.6285023408, 20.6484169391, 8.1157794853, 3.4597453007, 4.2064081897, 6.2274196544, 8.4095111009, 0.49138826759, 23.4082690919, 2.0255559674, 30.1566396692, 0.91354453003],
      [0.70025765115, 12.8451271424, 8.5143267569, 7.0806030101, 9.5375820388, 0.54911971751, 1.344108309, 2.3995326359, 0.25949298431, 0.24713092285, 6.70321884, 1.2927540541, 3.7842175383, 10.0127788404, 3.3481338969, 0.23910291022, 1.531908573, 9.6219337925, 0, 0.37744134428, 3.4597670535, 2.5891280571, 5.8043431422, 0, 0.6285153798, 12.4178161448, 1.5508137682, 1.1056085084, 5.1626856386, 0.31634495377, 2.6064788249, 10.7668786634, 5.8357037473, 3.0637644492, 1.348764725, 1.6337027414, 1.5867912093, 11.5265522798, 0.9169615261, 8.763824758, 0.78949533947, 10.8096595704, 0.99413682908],
      [0.15658247527, 3.5432435507, 4.8711766063, 2.0892267143, 5.8336538703, 0.71322820363, 1.9477786413, 1.5452405955, 0.69620282632, 0.12992502473, 5.957476695, 0.99145418725, 0.64361159437, 7.8251755893, 1.1607670817, 0.26759389384, 0.46736526268, 6.5553822632, 0.2732772436, 1.1338470639, 0, 2.0506730896, 2.0126577259, 1.4092420768, 0.9849025436, 3.758196198, 1.9218656383, 1.5418592584, 2.5070184901, 0.94622196018, 0.25242517783, 10.6031605523, 8.7920305879, 4.1618581671, 2.1226996904, 2.9522707393, 1.7900938629, 4.6662158044, 0.048350993057, 1.7094528527, 0.85165775002, 23.1843732248, 0],
      [48.6053313819, 304.6845135417, 389.638676589, 248.8761231478, 421.9524419004, 67.9877417854, 188.0920748511, 148.0329364793, 20.8167672637, 12.6609837732, 693.4129492163, 61.4670231257, 78.2936134888, 1000.0551442499, 184.9871173052, 45.9345860551, 28.2753347197, 309.6437589803, 50.3641939937, 58.0327432895, 139.5744384472, 117.192799103, 185.7843035792, 63.2986065368, 25.7339132084, 590.0547960348, 108.3222493807, 110.632375667, 297.0774056051, 48.0955521355, 17.1013322296, 698.4949243666, 753.75039657, 163.597416169, 159.5774537249, 72.9828095406, 174.4789351081, 235.0800785182, 37.6579313415, 664.565146877, 87.9508812582, 604.5780199949, 67.9294790857],
      [3.162567414, 20.4071114473, 16.8805479354, 12.9063148355, 21.3740161073, 2.7499102935, 4.1061867435, 6.6693019548, 0.71804190057, 0.49052951032, 14.933621942, 3.1352602046, 5.1151159433, 31.1532919429, 8.9333801471, 1.7786510988, 1.6959209432, 8.1634229342, 2.5539653857, 1.0844252376, 4.8769715657, 6.7298552335, 9.1380867365, 2.3467836796, 1.3655726242, 23.6384381331, 7.6242510014, 5.0769827513, 16.5912289479, 2.6458092239, 1.0215606053, 15.0857995709, 21.9734521557, 8.6930106866, 4.4913365591, 5.1528958127, 12.8700309034, 9.7454182885, 0.87875735103, 15.5533064203, 5.3815800849, 20.2337765361, 2.1628395552],
      [0.16908539113, 0.96360987657, 0.49759120611, 0.10312181101, 0.55539693144, 0, 0, 0.2015986488, 0.034503397398, 0.016759676627, 0.20385241972, 0.30457179924, 0.34932515066, 0, 0.25918796199, 0.013226066936, 0.045431648335, 0, 0.080417474278, 0.23492276454, 1.6018863022, 0.40009129415, 0.50646644413, 0.11524952689, 0.12906018936, 0, 0.013018798484, 0.2084612951, 0.65665312832, 0.25593057355, 0.018203162423, 0.42073450585, 0, 0.36817104266, 0, 0.071912976229, 1.046729262, 0.57222400825, 0.0066105207625, 0, 0.00082960011978, 1.0375310046, 0]
    ],
    [
      [0.022001843866, 0.3464766765, 0.575106108, 0.24258422474, 0.59798259082, 9.0205620751e-16, 0.21706136395, 0.14733277177, 0.01335125672, 0.0041095167065, 0.56961879848, 0.16944934079, 0.015773314571, 0.71623133488, 0.39355852919, 0.070767192368, 0.048876546506, 0.19063268066, 0.098317188024, 0.091746508304, 0.10130173935, 0.16524122442, 0.13578721178, 0.074484925435, 0.061461298721, 0.39161013089, 0.012235361856, 0.23487912581, 0.66195244145, 0.081381199096, 0, 0.88627148193, 0.47108089067, 0.11183759532, 0.096923123726, 0.040515357934, 0.047926357492, 0.086412588039, 0.034496751456, 0.55669275046, 0.056965661707, 0.47058795728, 0.037633631337],
      [3.0187223514, 45.11112055, 49.8518781974, 39.0507147181, 68.8355027879, 5.8766424988, 21.8280308565, 17.8004463224, 2.2104997449, 0.67165351366, 29.2245836833, 11.0718414247, 2.3476898941, 59.7481171069, 36.7715439943, 7.4343145963, 5.7218885653, 28.9676098928, 4.9837350543, 5.9980984524, 15.6496729438, 14.4647716525, 22.9671937455, 4.8525494388, 4.2116052951, 52.4633562091, 8.1473292002, 14.2137276818, 54.6342922345, 3.3568752688, 2.9572414055, 75.8774465683, 37.8801870432, 13.0164196952, 11.2318664185, 4.1284570899, 4.1727094557, 18.1462416642, 11.1920023554, 44.3823833923, 10.023168844, 49.9578960402, 6.9320741094],
      [0.0073572989659, 0.16084597303, 0.19885295663, 0.078452492923, 0.28481425169, 0.03246543137, 0.11037917536, 0.068765680768, 0.024035728586, 0.0015366973192, 0.13216186711, 0.052859494152, 0.0055874448887, 0.24644033649, 0.071129472349, 0.030088444741, 0.028789126765, 0.15184406134, 0.022264416959, 0.058717955827, 0, 0.076097704888, 0.062767801626, 0.068398473129, 0.040613308685, 0.1345233818, 0.040185791459, 0.10411717068, 0.14631702838, 0.036983676885, 0.0050048590869, 0.42915102802, 0.22993335229, 0.092298374134, 0.065493831084, 0.029275560696, 0.024500192844, 0.064262089446, 0, 0.099818545097, 0.045201804369, 0.54638937604, 0],
      [0.58269307425, 7.6090161921, 8.4460436779, 5.4040197947, 10.9712477873, 1.6053209167, 5.728827935, 3.4872684094, 0.39117834406, 0.072539986167, 7.6317302761, 1.7321360537, 0.32081345469, 14.8984645889, 6.6973576502, 2.9786718007, 0.98751477668, 4.1561405848, 2.105915531, 1.6555358016, 2.6235222042, 2.3060157783, 3.0958949141, 1.7996893942, 0.52912930212, 9.4879093308, 2.1722400742, 3.9467178774, 10.3442147434, 1.1036831604, 0.19292969314, 15.5852760786, 10.5081142189, 2.2492906775, 2.7561667423, 0.57241469613, 1.1456118622, 1.8655790861, 1.9105619373, 10.1837855681, 2.461104904, 9.039676243, 1.4790704131],
      [2.0708321743, 27.8755285079, 27.0860470842, 18.5003455575, 37.1373817473, 4.627205438, 15.6651903855, 10.9669353233, 1.1708615049, 0.22102234764, 21.9174623039, 6.0303427171, 1.1258636377, 43.5732768191, 22.3637647199, 8.4411135002, 3.7562154971, 12.2492047308, 6.8638588501, 4.2823444113, 7.5779412487, 7.9860964998, 10.1397540438, 5.3394260802, 1.9437948984, 29.2029445922, 7.8842686568, 12.7687000148, 36.5739414064, 3.7737428722, 0.72136336482, 43.062099786, 31.02836838, 7.4712865058, 7.9036871383, 2.1249559419, 3.9608026598, 5.9033323121, 4.7531100312, 28.8332363007, 8.3760240181, 27.5168021866, 4.1891469529],
      [0.29839325723, 3.8970121006, 2.8420719758, 1.723883212, 4.1730708349, 0.8583657151, 1.4505102837, 1.5292514923, 0.19007342081, 0.029137938498, 2.5244430712, 0.94337096954, 0.18427225409, 5.8174698138, 2.7026456341, 1.0450444657, 0.45671548759, 1.2845680496, 0.92590895962, 0.91355687056, 2.047561864, 1.0017771401, 1.5986022833, 0.86545168828, 0.21339589695, 3.3196563552, 0.74374091546, 1.7318581295, 4.6392821458, 0.64733382261, 0.12346067746, 6.1597550571, 2.882316115, 1.0588671521, 0.94586274606, 0.10438135337, 0.64844947192, 0.93417226013, 1.1098289246, 2.9440834434, 1.0375347679, 4.4686481969, 0.36207489325]
    ],
    [
      [3.0716470283, 16.0971288822, 33.1852264274, 13.5178260424, 26.9881209909, 2.9678400163e-32, 4.7194355858, 8.9274936626, 1.1185392984, 1.7805318802, 34.4025815021, 9.9786934295, 4.1700512396, 35.904385156, 17.7157111521, 2.90921958, 4.9670846004, 9.153388447, 3.9279893202, 3.8778559716, 3.9152287736, 5.8858820446, 7.3809287077, 3.1264809079, 3.5478479691, 15.0219686089, 0.41996322528, 12.4612164573, 33.8346468162, 4.8747481048, 0, 36.1619684355, 26.697480098, 5.7657580356, 3.0152545801, 2.7530764524, 3.6507018774, 7.6020702757, 0.96558048847, 38.2463124457, 2.8726727753, 37.2109255363, 2.9647332125],
      [0.44873464424, 2.5077093014, 3.578545179, 2.5513659655, 3.7676079167, 0.6421702651, 0.53148446894, 1.2719551264, 0.17303512005, 0.22600366092, 2.1115489248, 0.81273589454, 0.6919727301, 3.5563122442, 1.9829057965, 0.32428117018, 0.64433776511, 1.6494341945, 0.014615113103, 0.27888481569, 0.76632284631, 0.6190508467, 1.5434954619, 0.14745056125, 0.28116447406, 2.4049192147, 0.30185703159, 0.86733491585, 3.3676523892, 0.20812050452, 0.39863202666, 3.8493991753, 2.4729890515, 0.78617239737, 0.39232542234, 0.29195664862, 0.35905664651, 2.0034040401, 0.34284952902, 3.6321352944, 0.52378567667, 4.8236648017, 0.53224348346],
