{
  "Z_true": {},
  "V_true": [
    [44, 935, 268, 138],
    [237, 7674, 1106, 578],
    [249, 97, 18280, 430],
    [817, 206, 933, 73],
    [53, 318, 1421, 731]
  ],
  "p_true": [
    [0.0318, 0.6751, 0.1935, 0.0996],
    [0.0247, 0.7998, 0.1153, 0.0602],
    [0.0131, 0.0051, 0.9593, 0.0226],
    [0.4027, 0.1015, 0.4598, 0.036],
    [0.021, 0.126, 0.5632, 0.2897]
  ],
  "Z_est": [
    [
      [0.2796, 0.1947, 0.0494, 0.2397, 0.0247, 0.163, 0.1136, 0, 0.4794, 0.005, 0.1448, 0.0899, 0.0449, 0.2124, 2.0106, 0.3705, 0.1498, 0.005, 0.1087, 0.6175, 0.0649, 0.0692, 0.2124, 0.0593, 1.1293, 0.0543, 0.163, 0.0099, 0.2667, 0, 0.0649, 0.5874, 0.0692, 0.2297, 0.2124, 0.1648, 0.084, 0.005, 0.3945, 0.0988, 0.5992, 0.0296],
      [20.9591, 15.1226, 6.5919, 18.6124, 1.0736, 16.1172, 13.1805, 1.1633, 37.2248, 0.3878, 11.245, 6.9796, 3.4898, 11.8252, 15.5103, 13.4989, 11.6327, 0.3878, 6.2041, 19.7757, 5.0409, 35.704, 8.9184, 11.245, 19.502, 4.2653, 7.836, 2.3265, 38.2213, 0.0896, 5.0409, 37.8104, 4.2653, 17.8369, 11.7494, 11.3061, 5.8185, 0.3878, 30.6329, 6.9707, 47.5369, 10.0817],
      [25.6826, 17.8861, 7.504, 26.0478, 1.3759, 26.5471, 17.6445, 1.3089, 44.0274, 0.4586, 14.9101, 8.2551, 4.1276, 18.6117, 19.3122, 23.5909, 13.6804, 0.4586, 7.1865, 22.5409, 5.962, 20.7887, 9.541, 13.2999, 22.0137, 5.0448, 12.1507, 2.7517, 60.2836, 0.7618, 5.962, 6.7248, 5.0306, 21.0965, 11.0251, 16.6243, 9.0918, 0.4586, 36.2309, 8.2551, 48.3228, 14.094],
      [9.0786, 5.7966, 2.8547, 3.1001, 0.5259, 5.1727, 3.0614, 0.5278, 14.2685, 0.1486, 2.7001, 2.6753, 1.3377, 5.3507, 3.167, 6.5397, 4.537, 0.1486, 2.5006, 8.0659, 1.9322, 6.4381, 4.3282, 4.3958, 5.3551, 1.6355, 2.8503, 0.9119, 6.2284, 0.1486, 1.9322, 7.8774, 1.6349, 6.837, 4.013, 4.9048, 2.0057, 0.1486, 11.7418, 2.6753, 23.5411, 1.7946]
    ],
    [
      [2.1135, 1.8116, 0.4298, 0.7737, 0.6048, 1.4184, 0.9886, 0, 3.9113, 0.2149, 0.9456, 0.8167, 1.4184, 4.4601, 1.5044, 3.2236, 2.0631, 0.1289, 1.1289, 5.3727, 1.7435, 0.6017, 2.4513, 0.5158, 1.6933, 0.4728, 1.7734, 0.086, 2.321, 0, 0, 1.4184, 0.6017, 2.1664, 2.9664, 1.3324, 0.7307, 1.3469, 3.6312, 0.8596, 4.771, 0.2579],
      [271.1998, 280.7413, 106.3871, 114.9228, 15.6965, 241.5629, 151.7324, 5.9836, 517.5722, 13.4216, 88.4244, 197.6665, 153.2347, 142.1401, 176.8302, 202.3098, 309.5689, 12.9239, 150.9935, 753.4298, 240.1549, 135.8882, 162.9602, 101.5115, 232.1934, 86.0597, 114.2981, 29.602, 293.5985, 0.8389, 41.1038, 131.8534, 31.0376, 465.3021, 404.7422, 109.4683, 87.2025, 48.6535, 485.6958, 76.7382, 707.1529, 76.633],
      [8.1684, 10.7366, 0.1847, 3.4062, 0.4848, 14.5214, 13.6378, 0, 26.7367, 0, 2.7739, 25.1043, 13.3916, 17.7593, 9.3814, 25.3988, 1.8722, 1.726, 4.363, 1.5182, 3.7303, 0, 3.2337, 3.1174, 6.5444, 2.8427, 5.5728, 0.7397, 16.1552, 0.0242, 0.1103, 0, 0.0037, 40.2607, 4.1643, 6.0869, 5.8536, 0.4227, 14.0342, 4.9749, 0, 2.1815],
      [55.5183, 43.7105, 17.9985, 17.8973, 3.214, 31.4973, 18.6413, 2.0164, 68.7798, 2.3634, 12.856, 36.4125, 22.9553, 27.6405, 19.2841, 43.0677, 49.4957, 2.2211, 23.5147, 108.6794, 32.3713, 20.51, 26.3549, 21.8553, 29.5689, 13.6249, 17.3556, 4.5723, 37.9253, 0.1369, 7.7859, 23.7282, 5.357, 67.2708, 61.1271, 29.1124, 12.2132, 7.577, 75.6389, 15.4272, 131.0761, 10.9276]
    ],
    [
      [0.569, 0.4176, 0.0979, 0.1762, 2.0725, 0.3231, 0.2252, 0, 0.5172, 0.049, 0.2154, 0.186, 0.3231, 1.4543, 0.6323, 0.7343, 0.454, 0, 0.2154, 1.2238, 0.3525, 0.1371, 0.421, 0.1175, 0.5184, 0.1077, 0.6781, 0.0196, 0.5287, 0, 0.0899, 2.5591, 0.1371, 0.4895, 0.421, 0.746, 0.1664, 1.136, 1.1455, 0.1597, 1.0868, 0.0587],
      [3.1841, 4.4334, 1.2491, 3.0387, 0.1843, 2.836, 0, 0.0248, 4.2399, 0.1843, 1.0612, 2.2525, 1.7303, 1.6689, 2.0989, 0, 3.6346, 0, 6.1681, 39.3419, 2.7541, 1.9453, 1.2894, 0, 2.9272, 0.9829, 1.331, 0.3993, 0, 0.0068, 0.6106, 1.8941, 2.1291, 5.324, 4.5766, 1.3412, 0, 0.8455, 7.4481, 0, 15.8888, 1.1555],
      [780.4027, 885.1611, 224.4134, 610.5454, 63.5218, 928.6716, 481.4909, 4.7538, 712.4788, 17.5454, 211.8379, 639.6395, 612.4857, 544.3852, 469.9407, 830.2995, 396.5024, 11.8775, 214.9669, 674.5279, 301.5071, 212.9391, 256.4745, 250.3773, 531.5179, 242.4989, 367.7956, 50.3501, 973.8593, 4.949, 123.7239, 199.6874, 141.0815, 1488.7593, 330.505, 496.6431, 328.9924, 34.2811, 1497.607, 220.8062, 1199.8819, 231.0332],
      [6.8442, 3.9878, 1.2396, 1.2396, 0.2214, 2.1693, 1.2839, 0.2214, 1.7641, 0.2214, 0.8854, 2.9221, 1.461, 2.4917, 1.3281, 2.9662, 3.4089, 0.1225, 2.6496, 6.9064, 1.3863, 0.9785, 1.8151, 1.5052, 2.0365, 1.4105, 1.1953, 0.231, 2.612, 0.0443, 0.5755, 1.8594, 0.6524, 4.4272, 3.4975, 2.2697, 0.8412, 0.7373, 6.7994, 1.0341, 23.1426, 0.7526]
    ],
    [
      [35.8562, 37.3411, 8.8907, 15.3364, 1.2269, 29.3394, 20.4487, 0, 81.7219, 4.4552, 19.5596, 16.8964, 29.4575, 34.585, 28.9903, 66.6805, 42.6755, 2.7775, 19.3764, 111.1342, 31.9198, 12.447, 38.2302, 10.6689, 25.1261, 9.7798, 28.6294, 1.7781, 48.0488, 0, 11.4613, 26.3562, 12.447, 44.4537, 37.112, 26.9555, 15.1143, 11.7139, 106.3071, 18.1437, 98.6363, 5.3344],
      [0, 0.9392, 0.8665, 0.3354, 0.0268, 0.805, 0.1097, 0, 1.8649, 1.2044, 0.1987, 0.6489, 0.9794, 0, 0, 0, 1.047, 0.0671, 0.3354, 2.5482, 0.5635, 9.4935, 0.7916, 0.2952, 0.483, 0.2147, 0, 1.0307, 1.3014, 0.0082, 0.5528, 0.3623, 0.2549, 1.3014, 0.6306, 0, 0.2949, 0.161, 2.3613, 0.2595, 1.8247, 1.1877],
      [15.6017, 30.9899, 7.8379, 9.0675, 0.7254, 29.324, 19.1269, 0, 54.2523, 0.7022, 9.0247, 27.8798, 41.8019, 19.9485, 16.6842, 34.5926, 22.4421, 2.1033, 5.0276, 26.6251, 9.0788, 12.6945, 19.3631, 10.4713, 10.3909, 5.8032, 14.0777, 2.0936, 47.0097, 0.5181, 7.254, 0, 6.0999, 50.2335, 8.7674, 15.5961, 28.3847, 0, 65.4965, 11.284, 34.121, 12.2934],
      [0.5422, 0.7299, 0.4049, 0.2607, 0.0209, 0.5316, 0.3146, 0, 1.1608, 0.6382, 0.217, 0.575, 0.7611, 0.4665, 0.3255, 0.7269, 0.8354, 0.0521, 0.2607, 1.6924, 0.4379, 0.3649, 0.6152, 0.5646, 0, 0.2023, 0.2929, 0.0976, 0.6401, 0.4737, 0.7319, 0.2815, 0.1981, 1.0114, 0.49, 0.4483, 0.2061, 0.1251, 1.8351, 0.3128, 1.418, 0.1844]
    ],
    [
      [2.1818, 2.235, 0.5321, 1.474, 1.0711, 1.7561, 1.2239, 0, 4.3702, 0.2759, 1.1346, 1.0111, 1.7561, 2.2882, 1.8625, 3.9911, 2.6575, 0.0886, 1.1707, 6.6518, 1.9193, 0.745, 1.6852, 0.6386, 4.533, 0.5854, 1.7561, 0.1064, 2.8347, 0, 0.3839, 2.0789, 0.745, 2.6607, 2.2882, 1.8012, 0.9046, 0.7982, 5.5218, 0.7382, 5.9068, 0.3193],
      [15.6569, 19.7635, 6.9055, 11.0906, 1.0188, 15.6788, 8.9774, 0.8283, 32.0982, 2.8019, 4.0706, 12.4525, 9.5658, 7.3658, 10.5606, 16.1913, 29.1167, 0.6212, 8.2988, 48.9044, 20.4866, 6.9689, 7.0404, 4.9483, 17.8944, 4.4774, 6.5349, 5.6415, 19.8788, 0.0566, 2.6919, 13.0798, 3.3131, 30.2356, 25.3012, 8.8843, 6.6841, 3.9522, 34.8619, 4.0315, 44.5967, 7.9421],
      [50.1445, 71.2263, 20.06, 48.933, 4.8922, 66.936, 40.0998, 0.9373, 90.5048, 2.2938, 13.4534, 44.1213, 47.1932, 26.2953, 32.6815, 79.1182, 39.5029, 1.8346, 17.456, 55.7879, 32.7217, 18.5777, 17.3878, 17.734, 49.533, 12.8105, 21.4032, 14.0649, 61.6923, 0.7469, 7.9497, 26.5878, 9.7843, 120.65, 27.5382, 41.0496, 29.6776, 4.8376, 121.6315, 15.6798, 96.6742, 22.3979],
      [14.0168, 13.7752, 5.5023, 5.5023, 1.0179, 9.6291, 5.6989, 2.2345, 21.0268, 1.6284, 3.3414, 10.4152, 6.4849, 7.0507, 5.8954, 13.6995, 18.7229, 0.4556, 7.0744, 30.6559, 9.8723, 4.7084, 7.8866, 5.6791, 9.0396, 4.1268, 5.3058, 3.1872, 11.5942, 0.1965, 1.9745, 8.2535, 2.1576, 20.4537, 9.8723, 9.2648, 3.7337, 2.412, 24.9849, 4.5505, 43.8222, 3.3407]
    ]
  ],
  "V_est": [
    [9.8716, 553.5688, 636.6717, 184.8879],
    [65.0703, 7969.4309, 301.2182, 1259.2806],
    [20.9625, 130.1806, 18800.7189, 104.138],
    [1227.4131, 35.3496, 744.7889, 21.4484],
    [76.6826, 541.47, 1524.6023, 380.245]
  ],
  "p_est": [
    [0.0071, 0.3997, 0.4597, 0.1335],
    [0.0068, 0.8306, 0.0314, 0.1312],
    [0.0011, 0.0068, 0.9866, 0.0055],
    [0.6049, 0.0174, 0.3671, 0.0106],
    [0.0304, 0.2146, 0.6043, 0.1507]
  ],
  "EI_Z": {},
  "EI_V": 7.8274,
  "MAE_Z": {},
  "MAE_V": 270.7339,
  "MAE_p": 0.0772,
  "runtime": 4.71
}
