{
  "Z_true": {},
  "V_true": [
    [464, 12, 1328, 172, 72],
    [679, 229, 10972, 705, 523],
    [116, 228, 374, 15716, 552],
    [31, 871, 372, 834, 72],
    [1, 23, 184, 778, 290],
    [43, 48, 373, 696, 509]
  ],
  "p_true": [
    [0.2266, 0.0059, 0.6484, 0.084, 0.0352],
    [0.0518, 0.0175, 0.837, 0.0538, 0.0399],
    [0.0068, 0.0134, 0.022, 0.9252, 0.0325],
    [0.0142, 0.3995, 0.1706, 0.3826, 0.033],
    [0.0008, 0.018, 0.1442, 0.6097, 0.2273],
    [0.0258, 0.0288, 0.2235, 0.417, 0.305]
  ],
  "Z_est": [
    [
      [17.7154, 13.9816, 13.8699, 21.3666, 20.254, 15.5495, 18.2539, 10.1282, 10.6539, 8.3511, 8.7473, 10.7245, 10.3766, 13.1456, 3.4233, 0, 22.1847, 27.9918, 30.1967, 43.0131, 45.7367, 1.1033, 2.1548, 43.7452, 68.5822, 4.0754, 3.8668, 13.306, 0, 0, 3.6967, 4.1656, 0.9363, 8.0132, 2.4625, 5.7727, 5.4615, 34.57, 10.7403, 6.5483, 1.351, 2.2073, 0, 37.176, 5.7699, 82.3542, 13.4676],
      [0.0246, 0.036, 0.0095, 0.0316, 0.0362, 0.0159, 0.0243, 0.012, 0.0081, 0.0178, 0.0096, 0.024, 0.0141, 0.0163, 0.0027, 0, 0.0319, 0.0038, 0.0378, 0.0387, 0.0346, 0, 0.0004, 0.0073, 0.0601, 0.0035, 0.0058, 0.0147, 0, 0, 0.0072, 0.0071, 0.0018, 0.0056, 0.0575, 0.006, 0.0048, 0.0508, 0.0183, 0.0149, 0.0017, 0.0016, 0, 0.0711, 0.0016, 0.0549, 0.0081],
      [41.5427, 43.911, 19.4541, 44.7053, 48.1016, 27.5034, 31.9971, 18.6584, 13.5096, 24.3737, 17.1782, 27.6552, 21.2379, 27.6034, 3.1447, 0, 35.9023, 37.1248, 46.2265, 70.3919, 59.5931, 1.6098, 0.7786, 81.5056, 99.5018, 2.6492, 3.7671, 18.1476, 0, 1.8197, 8.4366, 4.581, 1.8298, 14.0697, 2.3304, 13.3005, 13.4887, 72.4019, 28.9086, 12.4357, 1.4966, 0.7048, 0, 78.9135, 5.0665, 75.5041, 29.3733],
      [0.4271, 0.4667, 0.2177, 0.3452, 0.444, 0.1843, 0.813, 0.1229, 0.1033, 0.4163, 0.1236, 0.4042, 0.9075, 0.3111, 0.0766, 0, 0.8025, 0.4531, 0.5847, 0.6226, 0.4758, 0.2293, 0.0043, 0.6955, 0.9119, 0.0728, 0.1106, 0.4463, 0, 0, 0.3578, 0.0584, 0.0099, 0.1682, 0.0041, 0.166, 0.1124, 0.8475, 0.5082, 0.1398, 0.0662, 0.0094, 0, 0.8535, 0.035, 0.5124, 0.2172],
      [2.2901, 2.6047, 1.4488, 2.5514, 2.1641, 1.747, 1.9117, 1.0785, 0.725, 0.841, 0.9412, 1.1921, 1.4639, 1.9236, 0.3527, 0, 2.0785, 1.4264, 2.9543, 3.9338, 3.1598, 0.0576, 0.0619, 4.0464, 7.944, 0.1992, 0.2498, 1.0854, 0, 0.1803, 0.5018, 0.1879, 0.2221, 0.7433, 0.1455, 0.7548, 0.9325, 4.1298, 1.8246, 0.8614, 0.0845, 0.0769, 0, 3.986, 0.127, 6.5745, 0.9338]
    ],
    [
      [19.8372, 11.3613, 5.4555, 11.1483, 9.8275, 22.7622, 13.2453, 9.205, 10.3085, 5.9431, 10.897, 7.3132, 7.7973, 15.845, 3.7633, 5.4636, 14.1129, 18.9776, 18.7099, 19.5887, 24.9866, 0.8085, 2.7223, 20.735, 33.2975, 3.2677, 3.3046, 9.8699, 2.803, 0, 2.9151, 4.1488, 0.8219, 8.4876, 0.484, 9.161, 8.2052, 19.2544, 4.2572, 2.8414, 1.5513, 1.1857, 1.4923, 33.2095, 10.1513, 76.7712, 5.7848],
      [13.6644, 15.9273, 1.8228, 6.5769, 8.6269, 16.1416, 6.6643, 3.846, 3.3853, 4.6781, 8.3907, 6.607, 4.4998, 10.0612, 1.3057, 1.33, 7.4508, 2.9709, 10.0558, 8.0769, 7.5806, 0, 1.1541, 5.581, 12.8145, 1.4311, 2.1428, 4.1298, 0.622, 0, 2.2241, 3.218, 1.3725, 3.0093, 0.7218, 6.636, 5.6234, 11.782, 3.9779, 3.8982, 0.136, 0.3743, 0.3459, 28.8398, 1.8768, 23.6946, 2.0553],
      [567.1963, 467.4836, 92.5283, 269.7628, 278.0213, 517.404, 265.046, 194.4737, 153.6789, 211.0824, 260.023, 222.694, 184.0336, 407.3613, 40.3709, 35.5308, 260.5876, 290.4322, 327.5296, 375.548, 379.3027, 14.6008, 20.6448, 446.5831, 561.7148, 28.889, 39.2404, 155.453, 12.178, 5.9489, 78.2663, 55.1512, 20.3399, 175.7613, 7.0805, 301.862, 295.215, 465.1411, 145.1024, 64.046, 20.9291, 6.7891, 31.2754, 809.063, 134.7753, 861.7353, 149.4358],
      [30.2018, 21.5073, 5.4779, 10.5235, 14.0433, 16.7311, 16.0993, 4.7364, 6.1548, 8.7834, 9.6254, 8.5104, 18.3417, 23.3523, 5.6298, 0.5542, 16.2573, 9.1293, 12.8849, 17.7914, 12.915, 0.8473, 0.285, 19.6404, 26.9874, 1.5733, 2.7202, 7.1481, 1.5657, 0, 6.3891, 3.5342, 0.4339, 10.738, 0.0609, 18.9765, 11.6476, 24.324, 14.6489, 3.4258, 1.0369, 0.1328, 0.1582, 40.2694, 4.0737, 29.6146, 5.7603],
      [53.1003, 48.7205, 11.7154, 26.9886, 21.4811, 52.9611, 27.9452, 19.7388, 14.4725, 12.5129, 24.0638, 16.8754, 22.3276, 47.3802, 7.9304, 1.1214, 26.5915, 19.4901, 36.8197, 35.995, 35.215, 0.7435, 2.1938, 38.4605, 77.1858, 3.8389, 4.5921, 16.3992, 0.8313, 1.0511, 8.2055, 3.9478, 3.0318, 16.0038, 0.6528, 25.3645, 30.3089, 46.4984, 16.0136, 7.7886, 1.3465, 1.5181, 2.7282, 71.6183, 4.1229, 128.1842, 7.9638]
    ],
    [
      [0.098, 0.0485, 0.1233, 0.1014, 0.02, 0.2006, 0.1977, 0.1604, 0.0794, 0.0157, 0.0986, 0.0166, 0.0594, 0.0859, 0.0216, 0.0257, 0.1613, 0.1117, 0.1691, 0.1769, 0.0709, 0, 0.0596, 0.4076, 0.2881, 0.0205, 0.1403, 0.2812, 0.0043, 0, 0.0328, 0.2066, 0.146, 0.2216, 0.0029, 0.0473, 0.0612, 0.0736, 0.0238, 0.164, 0.0268, 0.0339, 0.1765, 0.1531, 0.0411, 0.3748, 0.1319],
      [8.9536, 7.4602, 1.0394, 2.8377, 2.0589, 6.0753, 2.7884, 2.0685, 1.327, 1.5143, 3.078, 1.9062, 1.5123, 7.6998, 1.101, 0.2707, 2.2617, 1.3164, 3.5545, 2.5389, 3.1116, 0, 1.4961, 3.0901, 4.5294, 0.9401, 2.7284, 4.7614, 0.0082, 0, 1.8775, 3.6955, 2.3472, 1.5201, 0.1009, 4.1739, 5.1161, 4.3323, 2.1546, 3.5946, 0.0397, 0.1993, 0.8083, 18.3085, 1.1099, 12.3021, 1.1043],
      [6.2804, 4.4493, 0.5217, 2.3645, 1.6122, 3.4809, 1.9375, 1.5887, 1.8011, 1.7892, 1.8762, 1.4164, 1.7578, 4.8736, 0.2772, 1.0429, 1.5312, 2.4314, 1.512, 1.89, 2.2489, 0, 1.8235, 4.3051, 3.6493, 0.3322, 0.415, 2.4086, 0.0822, 0.1509, 0.841, 1.1542, 0.933, 1.3361, 0.0003, 4.0447, 5.3542, 3.022, 2.5794, 0.9517, 0.0648, 1.1564, 1.1783, 7.9758, 1.714, 13.022, 1.3895],
      [1230.7301, 712.552, 179.8294, 250.8094, 189.7658, 369.1601, 376.1984, 153.8332, 126.9887, 174.6835, 200.5046, 147.1876, 394.6054, 1072.3763, 232.3015, 39.2868, 278.0385, 229.9035, 263.1839, 312.69, 308.2404, 14.9193, 106.9747, 720.3681, 529.2499, 95.7675, 236.7185, 498.056, 6.893, 7.8305, 307.0261, 277.9841, 51.9065, 356.3049, 1.8529, 837.4978, 806.2802, 503.9781, 623.1437, 236.8155, 31.5337, 25.3379, 33.0464, 1502.0067, 144.4047, 1049.5463, 172.4554],
      [18.9379, 14.49, 3.4862, 5.8869, 2.5432, 10.0832, 5.8779, 5.3492, 2.8038, 1.9972, 4.4427, 2.4732, 4.0651, 18.9645, 3.2986, 0.3739, 4.0073, 4.2369, 6.5804, 5.7042, 7.3282, 0.0807, 3.6461, 12.829, 13.2834, 1.9398, 2.9978, 9.4928, 0.0123, 1.0186, 3.2226, 1.9596, 2.6673, 4.6173, 0.043, 9.2363, 17.1884, 8.5941, 6.0986, 4.4743, 0.335, 2.2725, 3.7906, 23.5559, 0.7303, 39.7548, 1.9189]
    ],
    [
      [0.1865, 0.1257, 0.0409, 0.1093, 0.0658, 0.187, 0.1241, 0.1568, 0.1663, 0.0721, 0.1463, 0.0608, 0.0633, 0.1803, 0.0944, 0.0187, 0.1043, 0.2433, 0.1434, 0.1355, 0.2266, 0.0531, 0.112, 0.2996, 0.2321, 0.0391, 0.0453, 0.2115, 0.0053, 0, 0.0484, 0.0297, 0.0022, 0.0881, 0.0006, 0.0935, 0.0881, 0.1756, 0.0575, 0.0372, 0.0187, 0.0427, 0.0342, 0.3579, 0.1239, 0.6854, 0.0432],
      [40.0438, 58.4859, 4.6821, 20.5796, 19.6044, 43.5681, 19.9097, 20.8016, 18.9354, 19.7779, 38.528, 18.6652, 12.06, 36.6933, 10.916, 1.2355, 17.6421, 14.6115, 25.1466, 18.4113, 22.2357, 0, 8.9042, 28.2851, 29.2956, 5.1151, 10.0725, 28.8386, 0.3246, 0, 12.3419, 8.2267, 1.8693, 10.4364, 0.9807, 20.5671, 17.604, 34.9262, 15.3044, 17.1415, 0.8102, 1.3373, 2.6848, 102.1115, 7.6172, 62.0339, 5.2683],
      [19.5344, 20.982, 2.569, 9.8518, 7.0362, 15.7712, 9.1503, 11.7627, 8.9671, 9.7894, 12.3339, 7.1175, 5.5353, 17.1762, 3.8091, 0.38, 7.0748, 13.8098, 9.2718, 9.6314, 12.8349, 0.2787, 3.0081, 23.8087, 14.5477, 1.2766, 1.9846, 12.3067, 0.1077, 0, 4.8349, 1.4342, 0.0628, 6.7022, 0.0034, 11.1114, 11.0525, 15.8647, 6.9867, 3.013, 0.9644, 0.8146, 3.0732, 32.6853, 6.1266, 28.3715, 4.115],
      [42.756, 39.467, 6.2636, 15.1525, 14.5419, 21.3192, 22.5286, 12.6122, 14.704, 17.5115, 19.3746, 11.4273, 23.4385, 41.2541, 19.1591, 0.3399, 18.2068, 18.0436, 15.0372, 18.5634, 18.1085, 0.6529, 3.5358, 41.8354, 28.1729, 3.3362, 6.5787, 24.8883, 0.5547, 0, 17.0874, 3.1634, 0.0531, 16.9529, 0.0109, 28.9544, 18.691, 33.8978, 27.6133, 7.3086, 2.1266, 0.5264, 0.8081, 65.9543, 7.8437, 38.0577, 6.2639],
      [2.4793, 2.9394, 0.4443, 1.3068, 0.7517, 2.1545, 1.2873, 1.6666, 1.2272, 0.8492, 1.6172, 0.7292, 0.903, 2.6961, 1.0215, 0.0259, 0.972, 1.2918, 1.4009, 1.2584, 1.5942, 0.0152, 0.4398, 2.7712, 2.7517, 0.233, 0.3188, 1.7549, 0.0078, 0, 0.6874, 0.1461, 0.0126, 0.8205, 0.0044, 1.2736, 1.5644, 2.1357, 1.0381, 0.4998, 0.0801, 0.2789, 0.3996, 3.8909, 0.2886, 5.8515, 0.3096]
    ],
    [
      [0.3055, 0.2181, 0.1123, 0.2914, 0.1103, 0.449, 0.3077, 0.1686, 0.2368, 0.0708, 0.109, 0.1134, 0.0613, 0.2306, 0.1804, 0.1036, 0.0819, 0.3273, 0.2061, 0.2063, 0.3567, 0, 0.1385, 0.5032, 0.538, 0.1054, 0.1187, 0.1406, 0, 0, 0.0405, 0.0692, 0, 0.1637, 0, 0.2234, 0.1579, 0.3534, 0.0619, 0.0526, 0, 0.1005, 0.0425, 0.6649, 0.1339, 1.152, 0.1412],
      [0.9644, 1.2435, 0.1823, 0.8573, 0.4651, 1.5761, 0.7612, 0.3309, 0.3705, 0.2462, 0.4181, 0.4847, 0.1761, 0.6965, 0.308, 0.0675, 0.2285, 0.2781, 0.5437, 0.4197, 0.5144, 0, 0.137, 0.7049, 1.0082, 0.1814, 0.3808, 0.2857, 0, 0, 0.151, 0.2679, 0, 0.2892, 0, 0.7174, 0.4591, 1.05, 0.2377, 0.3619, 0, 0.0347, 0.0476, 2.8102, 0.1186, 1.4934, 0.254],
      [16.5037, 15.7905, 3.7239, 12.8016, 5.8968, 19.0875, 11.456, 7.1118, 6.7023, 4.6905, 4.9434, 6.5399, 2.6978, 11.2532, 3.8637, 1.2851, 2.5818, 9.7749, 7.002, 7.6578, 10.5078, 0, 1.7467, 21.1045, 17.6275, 1.7255, 2.7698, 4.1623, 0, 0, 2.0914, 1.7816, 0, 6.6528, 0, 13.7934, 10.2469, 16.3032, 3.7183, 2.308, 0, 0.9619, 2.2026, 31.6263, 3.4278, 23.8322, 7.0374],
      [38.4734, 31.6532, 9.6596, 22.8574, 13.1669, 28.6781, 31.0073, 7.8725, 11.4328, 8.5659, 8.1855, 11.3494, 12.3249, 28.1568, 19.704, 1.319, 8.4259, 13.3462, 12.2735, 15.9619, 15.8119, 0, 2.011, 39.599, 36.478, 4.8272, 10.1019, 8.0662, 0, 0, 7.5939, 5.225, 0, 17.8981, 0, 38.4784, 18.7667, 37.9259, 14.8661, 5.8513, 0, 0.6267, 0.6206, 68.033, 4.7045, 34.2052, 11.5647],
      [7.753, 8.0946, 2.322, 7.1922, 2.3608, 10.2093, 6.4677, 3.5162, 3.2575, 1.4265, 2.344, 2.5126, 1.7399, 6.6629, 3.9438, 0.2247, 1.6818, 3.2735, 3.9747, 3.7543, 4.8092, 0, 0.9668, 9.0884, 12.3483, 1.1605, 1.6288, 2.3452, 0, 0, 1.1231, 0.6563, 0, 2.9962, 0, 5.7874, 5.3695, 8.3675, 2.116, 1.4261, 0, 1.2762, 1.0866, 13.8656, 0.6153, 18.3172, 2.0027]
    ],
    [
      [1.8573, 1.2648, 0.398, 0.9831, 0.7224, 1.8518, 0.8713, 1.1809, 1.5551, 0.5471, 1.0018, 0.7716, 0.6422, 1.5126, 0.517, 0.3884, 1.3549, 2.3483, 1.5748, 1.8795, 2.6225, 0.035, 0.8127, 2.3094, 3.0621, 0.492, 0.5243, 1.1908, 0.1874, 0, 0.2665, 0.3801, 0.0936, 1.0258, 0.05, 0.702, 1.0261, 1.573, 0.8594, 0.3566, 0.0522, 0.4298, 0.2545, 3.4386, 0.78, 6.6624, 0.4313],
      [2.3492, 2.8471, 0.2639, 1.1169, 1.2084, 2.623, 0.8521, 0.9411, 0.9736, 0.7656, 1.5756, 1.3129, 0.7376, 1.8329, 0.3665, 0.0963, 1.385, 0.8192, 1.6615, 1.5145, 1.5231, 0, 0.3082, 1.3317, 2.2922, 0.3288, 0.6698, 0.9698, 0.0452, 0, 0.3984, 0.5849, 0.4092, 0.7395, 0.139, 0.8997, 1.1927, 1.8587, 1.3071, 0.9889, 0.0124, 0.0529, 0.1133, 5.859, 0.2759, 3.4211, 0.31],
      [39.9426, 35.3836, 5.2029, 18.514, 15.3319, 32.753, 13.4131, 19.4047, 17.341, 14.2748, 18.6453, 17.577, 11.7377, 29.7323, 4.5345, 1.7612, 19.3223, 27.4269, 21.4581, 27.881, 30.5125, 0.5107, 3.9982, 38.6929, 39.9589, 3.1276, 4.8231, 14.5217, 0.6321, 1.0804, 5.5298, 3.8978, 1.8345, 16.4779, 0.5855, 16.8879, 26.6428, 29.2671, 20.7046, 6.2457, 0.545, 1.5732, 5.2705, 64.736, 7.8897, 54.5349, 8.649],
      [25.4117, 19.3538, 3.5518, 8.312, 9.0381, 12.9272, 9.3534, 5.8227, 7.6163, 7.0393, 8.1863, 8.121, 14.3819, 20.5494, 7.129, 0.5001, 14.2691, 10.1242, 10.0357, 15.3707, 12.4484, 0.3513, 1.1892, 19.8617, 22.1999, 2.4229, 4.7702, 8.3952, 0.9866, 0.1695, 5.5457, 3.0349, 0.5966, 11.9378, 0.0713, 11.9269, 13.502, 18.0266, 22.2197, 4.459, 0.2366, 0.3668, 0.3667, 37.8832, 2.9385, 21.0638, 3.7384],
      [14.4393, 14.1507, 2.5834, 7.0741, 4.6992, 12.8449, 5.5101, 7.6506, 6.514, 3.3732, 6.591, 5.2175, 5.5006, 13.3727, 3.453, 0.2541, 7.6688, 7.2813, 9.2699, 10.3543, 10.8935, 0.103, 1.6917, 12.8044, 21.4869, 1.6287, 2.2127, 5.9225, 0.1487, 0.7501, 2.2596, 1.1023, 1.0661, 5.819, 0.1543, 5.5835, 10.6364, 11.2746, 8.9092, 2.9498, 0.1538, 1.5774, 1.995, 22.0833, 1.1159, 32.3179, 1.8713]
    ]
  ],
  "V_est": [
    [727.1912, 0.8343, 1232.4361, 14.8387, 72.6997],
    [534.08, 277.3246, 10707.3126, 505.2427, 1084.0401],
    [5.162, 144.8127, 106.5673, 16420.7675, 308.6905],
    [5.5764, 914.6308, 408.9242, 794.6781, 56.1905],
    [9.1492, 22.1237, 346.992, 717.67, 180.0652],
    [52.8412, 51.2738, 800.7678, 447.8031, 316.314]
  ],
  "p_est": [
    [0.3551, 0.0004, 0.6018, 0.0072, 0.0355],
    [0.0407, 0.0212, 0.8169, 0.0385, 0.0827],
    [0.0003, 0.0085, 0.0063, 0.9667, 0.0182],
    [0.0026, 0.4196, 0.1876, 0.3645, 0.0258],
    [0.0072, 0.0173, 0.2719, 0.5624, 0.1411],
    [0.0317, 0.0307, 0.4798, 0.2683, 0.1895]
  ],
  "EI_Z": {},
  "EI_V": 6.0928,
  "MAE_Z": {},
  "MAE_V": 151.3735,
  "MAE_p": 0.0435,
  "runtime": 0.26
}
