{
  "X": [
    [4, 35, 40, 4],
    [3, 31, 41, 4],
    [5, 88, 117, 3],
    [11, 82, 108, 3],
    [13, 75, 91, 7],
    [1, 36, 33, 0],
    [7, 68, 60, 3],
    [11, 128, 207, 13],
    [12, 174, 287, 14],
    [4, 52, 66, 2],
    [11, 43, 65, 1],
    [6, 69, 79, 5],
    [1, 30, 29, 0],
    [4, 35, 58, 0],
    [6, 90, 196, 3],
    [6, 21, 23, 1],
    [2, 45, 68, 2],
    [1, 30, 40, 0],
    [2, 22, 18, 0],
    [0, 4, 6, 0],
    [2, 65, 55, 1],
    [0, 6, 16, 0],
    [3, 41, 41, 0],
    [2, 11, 19, 0],
    [5, 38, 32, 2],
    [2, 2, 4, 0],
    [11, 164, 154, 3],
    [5, 80, 62, 1],
    [3, 60, 90, 3],
    [1, 31, 59, 2],
    [3, 67, 83, 0],
    [1, 2, 8, 0],
    [3, 62, 89, 3],
    [4, 40, 204, 3],
    [0, 4, 5, 0],
    [5, 14, 24, 1],
    [1, 21, 30, 0],
    [2, 33, 35, 1],
    [3, 5, 5, 0],
    [0, 14, 26, 3],
    [5, 30, 34, 3],
    [3, 19, 20, 4],
    [12, 48, 71, 3],
    [0, 9, 6, 0],
    [6, 84, 71, 6],
    [2, 18, 31, 2],
    [8, 29, 41, 3],
    [2, 40, 69, 1],
    [4, 45, 48, 1],
    [4, 54, 87, 1],
    [11, 43, 90, 3],
    [6, 28, 36, 0],
    [7, 20, 20, 2],
    [5, 23, 38, 3],
    [5, 7, 9, 1],
    [1, 4, 5, 0],
    [0, 1, 9, 2],
    [2, 29, 42, 1],
    [4, 22, 26, 2],
    [1, 2, 8, 0],
    [6, 13, 20, 1],
    [3, 23, 36, 2],
    [1, 6, 6, 0],
    [2, 86, 57, 2],
    [13, 52, 133, 6],
    [6, 64, 135, 8],
    [2, 7, 8, 1],
    [13, 86, 101, 7],
    [4, 6, 5, 0],
    [6, 12, 24, 2],
    [9, 16, 25, 1],
    [7, 17, 30, 3],
    [1, 7, 12, 0],
    [3, 65, 57, 3],
    [1, 15, 22, 2],
    [4, 44, 50, 6],
    [6, 24, 28, 0],
    [1, 24, 30, 3],
    [6, 31, 46, 1],
    [0, 4, 3, 0],
    [0, 9, 7, 1],
    [2, 25, 33, 1],
    [0, 10, 6, 1],
    [2, 10, 42, 1],
    [4, 17, 46, 1],
    [9, 44, 53, 4],
    [3, 28, 26, 3],
    [4, 22, 28, 2],
    [6, 19, 19, 1],
    [2, 13, 10, 1],
    [4, 40, 32, 1],
    [1, 7, 8, 0],
    [5, 34, 30, 0],
    [1, 6, 6, 0],
    [2, 65, 85, 1],
    [9, 60, 87, 4],
    [14, 148, 228, 4],
    [1, 9, 9, 1],
    [2, 2, 2, 0],
    [3, 3, 7, 1],
    [0, 3, 6, 0],
    [6, 19, 7, 0],
    [3, 1, 3, 0],
    [2, 8, 7, 0],
    [6, 16, 27, 2],
    [1, 15, 9, 0],
    [2, 3, 1, 0],
    [2, 28, 22, 1],
    [0, 2, 4, 0],
    [0, 16, 7, 1],
    [1, 2, 4, 0],
    [3, 8, 11, 1],
    [0, 3, 6, 0],
    [0, 5, 2, 0],
    [2, 22, 33, 3],
    [1, 15, 9, 0],
    [4, 4, 7, 1],
    [1, 9, 7, 1],
    [5, 15, 15, 1],
    [5, 3, 9, 1],
    [9, 68, 96, 5],
    [2, 13, 7, 0],
    [3, 20, 29, 0],
    [0, 10, 18, 2],
    [4, 24, 29, 2],
    [4, 30, 57, 2],
    [2, 16, 14, 3],
    [3, 40, 59, 2],
    [1, 8, 21, 0],
    [4, 27, 35, 1],
    [3, 22, 24, 1],
    [5, 35, 42, 1],
    [6, 12, 31, 2],
    [6, 17, 32, 0],
    [0, 8, 13, 1],
    [0, 11, 10, 0],
    [0, 6, 12, 0],
    [1, 18, 9, 1],
    [6, 18, 16, 0],
    [8, 21, 28, 1],
    [10, 50, 58, 6],
    [5, 6, 30, 1],
    [4, 55, 31, 0],
    [8, 91, 116, 1],
    [9, 35, 16, 0],
    [4, 54, 57, 2],
    [10, 100, 118, 2],
    [9, 121, 96, 5],
    [8, 78, 87, 7],
    [9, 78, 68, 2],
    [17, 114, 138, 9],
    [9, 48, 42, 3],
    [6, 43, 23, 0],
    [4, 31, 27, 0],
    [4, 21, 15, 2],
    [5, 31, 24, 2],
    [1, 3, 3, 0],
    [1, 6, 2, 0],
    [0, 8, 4, 0],
    [3, 9, 7, 0],
    [3, 30, 35, 0],
    [0, 3, 3, 0],
    [1, 21, 5, 1],
    [7, 28, 34, 3],
    [16, 70, 85, 11],
    [1, 58, 46, 0],
    [2, 2, 2, 0],
    [8, 54, 45, 2],
    [9, 76, 74, 4],
    [2, 78, 38, 2],
    [1, 2, 5, 1],
    [4, 36, 25, 2],
    [5, 23, 25, 0],
    [1, 6, 9, 0],
    [4, 5, 11, 1],
    [4, 12, 21, 1],
    [8, 19, 20, 1],
    [1, 17, 18, 1],
    [0, 5, 1, 0],
    [1, 4, 6, 0],
    [0, 3, 3, 0],
    [2, 19, 8, 0],
    [12, 40, 70, 3],
    [6, 48, 39, 1],
    [3, 10, 7, 1],
    [4, 24, 18, 0],
    [2, 3, 3, 2],
    [1, 27, 16, 0],
    [1, 13, 15, 2],
    [5, 14, 18, 0],
    [0, 2, 6, 0],
    [1, 10, 15, 1],
    [1, 5, 8, 1],
    [5, 24, 51, 0],
    [3, 18, 25, 0],
    [4, 41, 55, 2],
    [1, 15, 24, 2],
    [1, 10, 7, 1],
    [3, 12, 10, 2],
    [4, 30, 27, 1],
    [1, 8, 2, 1],
    [3, 20, 19, 0],
    [2, 7, 8, 0],
    [0, 3, 3, 0],
    [0, 2, 3, 2],
    [0, 4, 6, 0],
    [5, 21, 33, 1],
    [4, 17, 13, 3],
    [1, 26, 26, 1],
    [5, 11, 15, 1],
    [1, 9, 1, 1],
    [1, 7, 6, 2],
    [4, 71, 48, 3],
    [8, 30, 42, 1],
    [1, 17, 9, 0],
    [3, 24, 28, 2],
    [0, 6, 4, 0],
    [4, 7, 12, 0],
    [5, 30, 23, 2],
    [0, 13, 20, 2],
    [2, 6, 3, 1],
    [1, 2, 3, 1],
    [0, 7, 1, 0],
    [0, 10, 13, 1],
    [5, 10, 18, 3],
    [2, 17, 8, 0],
    [1, 8, 4, 2],
    [12, 28, 21, 2],
    [3, 20, 22, 3],
    [1, 3, 3, 0],
    [3, 25, 10, 0],
    [3, 22, 38, 0],
    [3, 28, 17, 0],
    [3, 15, 23, 1],
    [9, 34, 38, 1],
    [0, 3, 2, 1],
    [3, 43, 42, 3],
    [0, 5, 4, 0],
    [7, 38, 24, 2],
    [3, 42, 55, 2],
    [57, 591, 675, 23],
    [17, 131, 128, 3],
    [86, 653, 725, 37],
    [5, 42, 30, 2]
  ],
  "W": [
    [3, 48, 16, 6, 5, 5],
    [8, 35, 18, 11, 3, 4],
    [5, 146, 45, 3, 9, 5],
    [6, 122, 52, 3, 9, 12],
    [8, 102, 45, 12, 8, 11],
    [2, 33, 17, 7, 7, 4],
    [7, 67, 37, 9, 12, 6],
    [17, 221, 74, 14, 22, 11],
    [7, 305, 119, 13, 26, 17],
    [4, 72, 33, 5, 9, 1],
    [8, 71, 19, 9, 8, 5],
    [5, 98, 36, 5, 8, 7],
    [1, 32, 17, 6, 2, 2],
    [4, 60, 18, 5, 8, 2],
    [6, 202, 58, 11, 7, 11],
    [3, 30, 10, 5, 2, 1],
    [6, 74, 21, 4, 5, 7],
    [6, 42, 19, 1, 2, 1],
    [0, 20, 14, 2, 4, 2],
    [0, 6, 1, 2, 1, 0],
    [7, 71, 36, 4, 4, 1],
    [1, 15, 4, 0, 1, 1],
    [10, 47, 20, 3, 5, 0],
    [2, 15, 10, 2, 1, 2],
    [2, 44, 25, 3, 1, 2],
    [1, 5, 0, 2, 0, 0],
    [12, 137, 111, 20, 44, 8],
    [1, 69, 61, 6, 10, 1],
    [1, 98, 39, 4, 12, 2],
    [2, 53, 18, 2, 16, 2],
    [3, 68, 42, 3, 31, 6],
    [1, 6, 2, 1, 1, 0],
    [5, 92, 43, 3, 10, 4],
    [5, 173, 33, 6, 25, 9],
    [0, 5, 1, 2, 0, 1],
    [6, 18, 8, 6, 5, 1],
    [1, 36, 12, 2, 1, 0],
    [2, 35, 28, 2, 2, 2],
    [0, 10, 3, 0, 0, 0],
    [0, 25, 10, 3, 3, 2],
    [2, 54, 10, 4, 0, 2],
    [1, 29, 11, 1, 2, 2],
    [4, 99, 18, 5, 3, 5],
    [1, 5, 5, 1, 3, 0],
    [6, 90, 52, 4, 8, 7],
    [3, 30, 10, 2, 4, 4],
    [1, 43, 23, 4, 3, 7],
    [2, 73, 21, 5, 11, 0],
    [5, 57, 31, 0, 3, 2],
    [4, 91, 32, 4, 13, 2],
    [9, 92, 27, 6, 7, 6],
    [2, 48, 13, 4, 2, 1],
    [3, 21, 14, 7, 3, 1],
    [2, 46, 11, 3, 2, 5],
    [0, 12, 7, 1, 2, 0],
    [1, 4, 4, 0, 0, 1],
    [0, 6, 1, 1, 3, 1],
    [1, 48, 15, 2, 5, 3],
    [2, 31, 13, 5, 3, 0],
    [0, 8, 3, 0, 0, 0],
    [3, 23, 6, 6, 1, 1],
    [3, 36, 18, 4, 3, 0],
    [0, 8, 3, 1, 1, 0],
    [2, 74, 54, 6, 5, 6],
    [3, 129, 57, 2, 2, 11],
    [3, 156, 35, 2, 7, 10],
    [0, 11, 2, 3, 2, 0],
    [5, 122, 49, 12, 11, 8],
    [1, 8, 2, 1, 3, 0],
    [3, 32, 3, 5, 1, 0],
    [3, 35, 8, 2, 0, 3],
    [4, 28, 13, 3, 6, 3],
    [0, 14, 4, 0, 0, 2],
    [1, 59, 52, 3, 5, 8],
    [1, 30, 5, 3, 1, 0],
    [2, 61, 26, 9, 2, 4],
    [2, 34, 10, 3, 5, 4],
    [3, 30, 14, 7, 3, 1],
    [1, 47, 24, 2, 7, 3],
    [3, 2, 0, 2, 0, 0],
    [1, 8, 6, 2, 0, 0],
    [0, 31, 26, 2, 1, 1],
    [0, 11, 0, 4, 0, 2],
    [2, 36, 12, 0, 3, 2],
    [0, 51, 10, 5, 0, 2],
    [3, 58, 33, 7, 3, 6],
    [1, 31, 21, 5, 1, 1],
    [3, 28, 17, 4, 1, 3],
    [4, 26, 7, 5, 3, 0],
    [1, 8, 10, 4, 1, 2],
    [2, 46, 19, 2, 6, 2],
    [0, 8, 5, 0, 2, 1],
    [0, 26, 40, 0, 1, 2],
    [0, 7, 2, 1, 3, 0],
    [1, 96, 49, 2, 3, 2],
    [3, 104, 39, 4, 5, 5],
    [5, 264, 83, 6, 15, 21],
    [0, 11, 7, 1, 0, 1],
    [0, 4, 2, 0, 0, 0],
    [1, 9, 1, 1, 2, 0],
    [1, 5, 2, 0, 1, 0],
    [3, 11, 14, 2, 1, 1],
    [1, 4, 1, 0, 1, 0],
    [0, 12, 5, 0, 0, 0],
    [2, 30, 10, 6, 1, 2],
    [1, 8, 5, 6, 4, 1],
    [1, 1, 1, 2, 1, 0],
    [0, 29, 16, 2, 3, 3],
    [0, 4, 1, 1, 0, 0],
    [1, 11, 5, 3, 4, 0],
    [0, 2, 2, 1, 1, 1],
    [1, 16, 3, 2, 0, 1],
    [1, 4, 1, 3, 0, 0],
    [0, 4, 3, 0, 0, 0],
    [0, 29, 18, 2, 6, 5],
    [0, 13, 8, 3, 1, 0],
    [2, 8, 4, 1, 0, 1],
    [0, 8, 6, 3, 0, 1],
    [0, 18, 6, 6, 4, 2],
    [1, 9, 1, 2, 2, 3],
    [6, 112, 38, 6, 7, 9],
    [4, 8, 5, 2, 2, 1],
    [0, 33, 11, 2, 5, 1],
    [1, 20, 3, 3, 0, 3],
    [1, 38, 10, 1, 7, 2],
    [1, 63, 20, 1, 5, 3],
    [2, 16, 12, 1, 2, 2],
    [2, 66, 23, 1, 5, 7],
    [1, 21, 4, 1, 3, 0],
    [1, 47, 6, 9, 2, 2],
    [1, 25, 14, 7, 1, 2],
    [3, 40, 20, 10, 3, 7],
    [2, 33, 6, 2, 5, 3],
    [3, 37, 8, 1, 4, 2],
    [0, 9, 7, 2, 3, 1],
    [1, 12, 4, 0, 4, 0],
    [0, 9, 2, 0, 6, 1],
    [0, 11, 10, 1, 6, 1],
    [0, 28, 7, 3, 2, 0],
    [2, 37, 8, 5, 5, 1],
    [6, 72, 37, 1, 3, 5],
    [0, 35, 4, 2, 1, 0],
    [2, 49, 35, 1, 3, 0],
    [2, 134, 67, 4, 5, 4],
    [1, 33, 17, 2, 2, 5],
    [2, 49, 48, 5, 9, 4],
    [9, 125, 71, 9, 9, 7],
    [5, 125, 77, 9, 4, 11],
    [2, 117, 45, 7, 3, 6],
    [3, 94, 41, 2, 5, 12],
    [6, 185, 69, 8, 2, 8],
    [5, 55, 25, 8, 5, 4],
    [3, 35, 20, 6, 5, 3],
    [3, 31, 18, 2, 7, 1],
    [0, 19, 15, 2, 1, 5],
    [6, 27, 25, 3, 0, 1],
    [1, 3, 2, 0, 1, 0],
    [0, 5, 2, 2, 0, 0],
    [0, 7, 2, 1, 2, 0],
    [1, 4, 9, 3, 1, 1],
    [2, 37, 17, 2, 5, 5],
    [0, 3, 3, 0, 0, 0],
    [0, 5, 14, 6, 2, 1],
    [1, 41, 18, 2, 5, 5],
    [10, 100, 46, 7, 1, 18],
    [1, 43, 52, 1, 7, 1],
    [1, 2, 0, 2, 0, 1],
    [3, 67, 29, 5, 2, 3],
    [2, 90, 45, 10, 6, 10],
    [0, 53, 56, 2, 3, 6],
    [0, 4, 2, 1, 1, 1],
    [1, 35, 23, 4, 1, 3],
    [1, 21, 25, 0, 3, 3],
    [0, 10, 2, 3, 1, 0],
    [1, 13, 2, 2, 1, 2],
    [1, 22, 11, 4, 0, 0],
    [5, 20, 9, 5, 6, 3],
    [1, 20, 13, 1, 0, 2],
    [0, 3, 1, 2, 0, 0],
    [0, 4, 4, 0, 1, 2],
    [0, 1, 2, 2, 0, 1],
    [2, 12, 15, 0, 0, 0],
    [5, 87, 22, 0, 4, 7],
    [2, 40, 35, 6, 7, 4],
    [1, 11, 6, 1, 2, 0],
    [0, 28, 14, 1, 2, 1],
    [2, 4, 1, 1, 0, 2],
    [0, 17, 19, 5, 3, 0],
    [1, 17, 7, 0, 4, 2],
    [1, 16, 12, 3, 3, 2],
    [1, 4, 0, 2, 1, 0],
    [0, 16, 6, 1, 4, 0],
    [2, 10, 2, 0, 1, 0],
    [3, 52, 15, 4, 4, 2],
    [0, 23, 13, 0, 10, 0],
    [2, 58, 32, 2, 5, 3],
    [1, 22, 11, 1, 6, 1],
    [2, 9, 3, 2, 1, 2],
    [1, 14, 5, 3, 1, 3],
    [4, 32, 12, 4, 5, 5],
    [1, 3, 3, 3, 0, 2],
    [7, 17, 7, 4, 5, 2],
    [2, 8, 5, 1, 1, 0],
    [0, 5, 1, 0, 0, 0],
    [0, 2, 2, 2, 0, 1],
    [0, 5, 1, 2, 2, 0],
    [6, 31, 14, 6, 1, 2],
    [0, 23, 4, 5, 3, 2],
    [0, 28, 17, 5, 2, 2],
    [2, 17, 8, 1, 2, 2],
    [0, 4, 4, 3, 1, 0],
    [1, 6, 5, 2, 1, 1],
    [2, 62, 48, 1, 7, 6],
    [2, 48, 13, 5, 9, 4],
    [0, 13, 5, 2, 5, 2],
    [1, 31, 12, 8, 5, 0],
    [0, 4, 2, 1, 1, 2],
    [0, 15, 5, 0, 2, 1],
    [2, 31, 15, 3, 4, 5],
    [0, 19, 11, 3, 0, 2],
    [0, 6, 3, 3, 0, 0],
    [0, 3, 1, 2, 0, 1],
    [1, 4, 2, 1, 0, 0],
    [0, 17, 2, 4, 1, 0],
    [1, 17, 2, 4, 6, 6],
    [1, 8, 8, 8, 1, 1],
    [0, 4, 5, 3, 1, 2],
    [5, 21, 23, 2, 10, 2],
    [1, 21, 16, 3, 4, 3],
    [0, 2, 1, 2, 2, 0],
    [3, 18, 11, 2, 1, 3],
    [1, 40, 18, 1, 2, 1],
    [1, 27, 11, 5, 2, 2],
    [0, 21, 17, 1, 1, 2],
    [4, 43, 24, 5, 3, 3],
    [0, 4, 1, 0, 1, 0],
    [1, 44, 31, 5, 6, 4],
    [0, 2, 6, 0, 1, 0],
    [6, 24, 12, 17, 7, 5],
    [0, 60, 31, 1, 4, 6],
    [43, 721, 376, 70, 79, 57],
    [10, 143, 94, 13, 10, 9],
    [53, 819, 456, 58, 58, 57],
    [3, 31, 34, 7, 4, 0]
  ],
  "method": "mvn_pdf",
  "cond_prob": [
    [
      [0.2360101879, 0.42127609654, 0.32483246609, 0.017881249474],
      [0.039195036348, 0.26718210309, 0.66597734349, 0.027645517072],
      [0.016990562285, 0.81752968343, 0.16068275495, 0.0047969993296],
      [0.096344376632, 0.71776037822, 0.066410165115, 0.11948508003],
      [0.043656740638, 0.38069335398, 0.56051870142, 0.01513120396],
      [0.068481746407, 0.32418535761, 0.25732230741, 0.35001058857]
    ],
    [
      [0.16868589183, 0.33619984102, 0.47695284212, 0.018161425033],
      [0.01071246999, 0.17659981014, 0.78916379716, 0.023523922704],
      [0.0076566514325, 0.72305226795, 0.26316769078, 0.006123389832],
      [0.079037887776, 0.66718655768, 0.11404579419, 0.13972976035],
      [0.026312124019, 0.25786661081, 0.70289245887, 0.012928806301],
      [0.047350888085, 0.25045378171, 0.36586120386, 0.33633412635]
    ],
    [
      [0.17873118042, 0.45961836951, 0.35405916762, 0.007591282449],
      [0.019544880894, 0.27821079727, 0.6896648672, 0.012579454633],
      [0.0094060138295, 0.82250457372, 0.1657268888, 0.0023625236539],
      [0.075944361735, 0.7988515129, 0.075087007445, 0.050117117921],
      [0.031268647947, 0.39092463801, 0.5717021106, 0.0061046034424],
      [0.064053989676, 0.43110993057, 0.34206870731, 0.16276737244]
    ],
    [
      [0.28466175494, 0.36812111056, 0.34136254635, 0.0058545881505],
      [0.047832080441, 0.23773027638, 0.70586837351, 0.0085692696714],
      [0.022998262894, 0.78700120633, 0.18850283145, 0.0014976993217],
      [0.13827961483, 0.73413388795, 0.082936807706, 0.044649689517],
      [0.054545788738, 0.34063050704, 0.59977062441, 0.0050530798124],
      [0.11290458691, 0.38300338848, 0.36558248965, 0.13850953497]
    ],
    [
      [0.32034657303, 0.3419214107, 0.32431370318, 0.013418313094],
      [0.055390180519, 0.22751134425, 0.6946226658, 0.022475809427],
      [0.027390131657, 0.77771124044, 0.19025924547, 0.0046393824315],
      [0.15286888767, 0.66935803479, 0.077115144631, 0.10065793291],
      [0.063833688389, 0.32968679991, 0.59436997928, 0.012109532422],
      [0.10997971992, 0.30833408764, 0.3010882588, 0.28059793364]
    ],
    [
      [0.13190840124, 0.500196096, 0.36789550276, 0],
      [0, 0.29299486831, 0.70700513169, 0],
      [0, 0.8341195852, 0.1658804148, 0],
      [0.051160304709, 0.87016168392, 0.078678011373, 0],
      [0.018441996344, 0.40674761603, 0.57481038763, 0],
      [0.062241772539, 0.55309477644, 0.38466345102, 0]
    ],
    [
      [0.23948428628, 0.44672035013, 0.30531746027, 0.0084779033175],
      [0.040515185121, 0.29191237286, 0.65092688662, 0.016645555405],
      [0.016829317146, 0.83214425775, 0.14685968942, 0.0041667356816],
      [0.10141696246, 0.77948092806, 0.064605541784, 0.054496567695],
      [0.045734108971, 0.41131089178, 0.53530309047, 0.0076519087803],
      [0.087474314794, 0.42907199615, 0.30196348408, 0.18149020497]
    ],
    [
      [0.19490989211, 0.36907528116, 0.41369873058, 0.022316096147],
      [0.019319857295, 0.21091033355, 0.74465361705, 0.025116192106],
      [0.012117893265, 0.75960745187, 0.22362008969, 0.0046545651751],
      [0.086294461846, 0.66456790708, 0.091558901619, 0.15757872945],
      [0.032912817022, 0.30412815496, 0.64596336435, 0.016995663668],
      [0.053446802727, 0.26443772356, 0.3052515397, 0.37686393402]
    ],
    [
      [0.19685133644, 0.35863588027, 0.42841971489, 0.016093068394],
      [0.019875741291, 0.19987347123, 0.75904517863, 0.02120560885],
      [0.012290259136, 0.74847975352, 0.23462438934, 0.0046055979991],
      [0.09292498812, 0.68781688762, 0.10083316723, 0.11842495702],
      [0.033024498497, 0.29250356902, 0.66218910391, 0.01228282858],
      [0.060631582797, 0.28896100651, 0.35554307683, 0.29486433386]
    ],
    [
      [0.20428668196, 0.40429570027, 0.38234797794, 0.0090696398394],
      [0.026463969718, 0.2369728102, 0.71949435276, 0.017068867317],
      [0.012944219064, 0.79062254164, 0.1919419133, 0.0044913259937],
      [0.09241680162, 0.75669941375, 0.086583556912, 0.064300227716],
      [0.035234767752, 0.34178546165, 0.61541961665, 0.0075601539523],
      [0.071091305502, 0.37066476658, 0.36123721603, 0.19700671189]
    ],
    [
      [0.35970638186, 0.31342326128, 0.32347288906, 0.0033974677979],
      [0.062498674487, 0.21757483758, 0.71765903953, 0.0022674484013],
      [0.031603157397, 0.76478115337, 0.20342857607, 0.00018711316679],
      [0.19115866058, 0.69082405578, 0.086354169609, 0.031663114033],
      [0.072999567152, 0.31153625652, 0.61233778608, 0.0031263902517],
      [0.15601171672, 0.36085039471, 0.38347846404, 0.099659424528]
    ],
    [
      [0.21632615346, 0.44448416865, 0.32531896639, 0.013870711499],
      [0.032340433454, 0.28074212368, 0.66346866838, 0.023448774477],
      [0.013910003613, 0.82524298109, 0.15643520841, 0.0044118068897],
      [0.089102272966, 0.75358307298, 0.067118142715, 0.090196511342],
      [0.039830859202, 0.39667016266, 0.55181298942, 0.011685988715],
      [0.069155483669, 0.37354672148, 0.2816733621, 0.27562443275]
    ],
    [
      [0.14187456122, 0.47177881296, 0.38634662582, 0],
      [0.004494085188, 0.27359645265, 0.72190946216, 0],
      [0, 0.82352460412, 0.17647539588, 0],
      [0.073351605812, 0.84278846981, 0.08385992438, 0],
      [0.024406969858, 0.37810443298, 0.59748859717, 0],
      [0.11269556909, 0.48013837361, 0.4071660573, 0]
    ],
    [
      [0.21886812371, 0.36657563148, 0.41455624482, 0],
      [0.026557083943, 0.21249475359, 0.76094816247, 0],
      [0.014577880277, 0.76333809, 0.22208402972, 0],
      [0.13078301243, 0.76490508585, 0.10431190173, 0],
      [0.038098580615, 0.30482502204, 0.65707639735, 0],
      [0.15499845827, 0.39040051671, 0.45460102502, 0]
    ],
    [
      [0.17387754459, 0.32598770905, 0.49444239036, 0.0056923559916],
      [0.011811876015, 0.1677239223, 0.81570184124, 0.0047623604486],
      [0.010881014754, 0.70669291638, 0.28136185105, 0.0010642178158],
      [0.094470091712, 0.72266538985, 0.13429217571, 0.048572342723],
      [0.0275389885, 0.24969853857, 0.71870940256, 0.004053070371],
      [0.06433572666, 0.31622211216, 0.49403696504, 0.12540519614]
    ],
    [
      [0.47812258077, 0.29235946083, 0.22395614087, 0.0055618175277],
      [0.084507719858, 0.25809362024, 0.63816039293, 0.019238266978],
      [0.038600308213, 0.80190537965, 0.15461010852, 0.0048842036104],
      [0.24264230587, 0.65669354485, 0.059696449072, 0.040967700212],
      [0.11017364544, 0.35762109736, 0.52631887414, 0.0058863830551],
      [0.21083875957, 0.36234929498, 0.28609871064, 0.1407132348]
    ],
    [
      [0.14692092012, 0.43033140694, 0.41625740994, 0.0064902629945],
      [0.0035912940351, 0.24354759173, 0.74277313188, 0.010087982351],
      [0.0051691496217, 0.7934623716, 0.19928628521, 0.002082193566],
      [0.065889233587, 0.79583792551, 0.093389214414, 0.044883626488],
      [0.023416609806, 0.34189220559, 0.62984581164, 0.0048453729615],
      [0.051932370748, 0.40570960524, 0.40420655368, 0.13815147034]
    ],
    [
      [0.13097676546, 0.43976782951, 0.42925540503, 0],
      [0, 0.24414877442, 0.75585122558, 0],
      [0, 0.7969775147, 0.2030224853, 0],
      [0.062928801763, 0.84030369909, 0.096767499147, 0],
      [0.022389973446, 0.33984694539, 0.63776308117, 0],
      [0.10643065856, 0.44457412803, 0.44899521341, 0]
    ],
    [
      [0.25459828144, 0.44741604683, 0.29601641113, 0.0019692605968],
      [0.049167005539, 0.29576829734, 0.65506469712, 0],
      [0.02065956541, 0.8402079399, 0.13913249469, 0],
      [0.1178213503, 0.81850888961, 0.063669760091, 0],
      [0.04861727663, 0.41802052769, 0.53336219568, 0],
      [0.14865708318, 0.50631150235, 0.34503141447, 0]
    ],
    [
      [0.046825621827, 0.42452273434, 0.52810999167, 0.00054165216656],
      [0, 0.18819649841, 0.81180350159, 0],
      [0, 0.79087657715, 0.20912342285, 0],
      [0, 0.89940926582, 0.10059073418, 0],
      [0, 0.28112590074, 0.71887409926, 0],
      [0.021803941895, 0.42941048809, 0.54855193629, 0.00023363372914]
    ],
    [
      [0.13945690413, 0.54518707701, 0.3101503593, 0.0052056595634],
      [0.00867563803, 0.34177044333, 0.6404494344, 0.0091044842374],
      [0.0012903763448, 0.86371877775, 0.13315845875, 0.0018323871496],
      [0.05299222993, 0.85720825669, 0.059577509888, 0.030222003492],
      [0.02437833346, 0.46711649537, 0.504359304, 0.0041458671649],
      [0.051895568962, 0.52681397687, 0.30758587198, 0.11370458219]
    ],
    [
      [0, 0.4169333641, 0.5830666359, 0],
      [0, 0.14374646339, 0.85625353661, 0],
      [0, 0.70186441907, 0.29813558093, 0],
      [0.047966340223, 0.78885325916, 0.15342376679, 0.0097566338228],
      [0, 0.23185650897, 0.76814349103, 0],
      [0, 0.3875554998, 0.6124445002, 0]
    ],
    [
      [0.16791772945, 0.49755745291, 0.33452481764, 0],
      [0.017124451415, 0.3075584892, 0.67531705938, 0],
      [0.0055608437956, 0.84494755859, 0.14949159761, 0],
      [0.084091510206, 0.84718039751, 0.068728092283, 0],
      [0.030496416506, 0.42573682277, 0.54376676073, 0],
      [0.066765086515, 0.51887957023, 0.35683240444, 0.057522938824]
    ],
    [
      [0.24424097005, 0.25077718708, 0.50498184288, 0],
      [0.039657554458, 0.12375871914, 0.8365837264, 0],
      [0.027424473546, 0.65285266283, 0.31972286362, 0],
      [0.16618447349, 0.67848112915, 0.15533439736, 0],
      [0.037625815484, 0.19444724091, 0.76792694361, 0],
      [0.13620762256, 0.28106435558, 0.58272802186, 0]
    ],
    [
      [0.33770267232, 0.39849547397, 0.25360133747, 0.010200516235],
      [0.065950413633, 0.2952519753, 0.61398679599, 0.024810815076],
      [0.027294744667, 0.83382892407, 0.13218840509, 0.0066879261801],
      [0.14443358169, 0.72877133099, 0.055503030589, 0.071292056726],
      [0.069444159459, 0.41572136945, 0.50505083295, 0.0097836381413],
      [0.11883146714, 0.38208183747, 0.25055412471, 0.24853257069]
    ],
    [
      [0.75407803377, 0.11066547377, 0.13525649246, 0],
      [0.06969447877, 0.18336684985, 0.74693867138, 0],
      [0.07149842431, 0.7265233849, 0.20182570915, 0.00015248163851],
      [0.44872478619, 0.48625013848, 0.065025075331, 0],
      [0.15615394775, 0.21371728373, 0.62979206154, 0.00033670698178],
      [0.39393983784, 0.2552264358, 0.35080844138, 2.5284977577e-05]
    ],
    [
      [0.20231544955, 0.42129502824, 0.37078680091, 0.005602721299],
      [0.025325508216, 0.25491714062, 0.71317631255, 0.0065810386082],
      [0.010146488394, 0.80334910886, 0.18632446228, 0.00017994047048],
      [0.09199531266, 0.78284781389, 0.084700246039, 0.040456627414],
      [0.034583636118, 0.36032579122, 0.60102170698, 0.0040688656868],
      [0.076846690719, 0.41722115266, 0.37805352857, 0.12787862805]
    ],
    [
      [0.23257607592, 0.44369390179, 0.3188431563, 0.0048868659878],
      [0.038134679308, 0.2869557342, 0.66701015396, 0.0078994325335],
      [0.016486134093, 0.82787364264, 0.15412543805, 0.0015147852138],
      [0.10094602874, 0.79620138705, 0.06952024873, 0.033332335482],
      [0.043426636229, 0.40227233992, 0.5501107601, 0.0041902637572],
      [0.090534337417, 0.45613651603, 0.33757540586, 0.11575374069]
    ],
    [
      [0.17905575394, 0.39580141774, 0.41365566525, 0.011487163074],
      [0.01688674258, 0.22284098891, 0.74101379723, 0.019258471283],
      [0.0095753920297, 0.77589579607, 0.20989598297, 0.004632828931],
      [0.081318914229, 0.74100970934, 0.094129125103, 0.083542251328],
      [0.029227962855, 0.32200806405, 0.63956249931, 0.0092014737915],
      [0.058295986455, 0.33885500818, 0.36489118934, 0.23795781602]
    ],
    [
      [0.14502835572, 0.37024095949, 0.47353782595, 0.01119285885],
      [0.0019488247061, 0.19337752938, 0.78426084782, 0.020412798092],
      [0.0049241393836, 0.74429588646, 0.24543283186, 0.0053471422956],
      [0.069147085126, 0.7323831728, 0.11296795358, 0.085501788501],
      [0.018002624983, 0.28300351135, 0.68907779423, 0.0099160694359],
      [0.04584245013, 0.31018027019, 0.40906391261, 0.23491336707]
    ],
    [
      [0.16871643928, 0.42200705349, 0.40927650723, 0],
      [0.0095740986117, 0.24470322612, 0.74572267526, 0],
      [0.0011341903196, 0.79504118444, 0.20382462524, 0],
      [0.099225149289, 0.805612586, 0.095162264709, 0],
      [0.022232536539, 0.34477112846, 0.632996335, 0],
      [0.13471531709, 0.43294782937, 0.43233685354, 0]
    ],
    [
      [0.26634953219, 0.14772630069, 0.58592416711, 0],
      [0.071024767068, 0.020390382336, 0.9085848506, 0],
      [0.037809802537, 0.52234241064, 0.43984778682, 0],
      [0.19563832513, 0.5850898597, 0.21927181517, 0],
      [0.036243935188, 0.10015672431, 0.8635993405, 0],
      [0.090826208162, 0.18686004183, 0.72231375, 7.419773248e-12]
    ],
    [
      [0.1682601924, 0.39367853492, 0.42760387217, 0.010457400509],
      [0.012279472304, 0.21855000082, 0.75191278785, 0.01725773902],
      [0.0070293126232, 0.77106132279, 0.21737493811, 0.0045344264832],
      [0.077934391854, 0.74778922767, 0.098746371801, 0.075530008675],
      [0.026900886885, 0.31487583662, 0.6501324841, 0.0080907923945],
      [0.055978774711, 0.3443110802, 0.38532946538, 0.21438067971]
    ],
    [
      [0.16022214254, 0.21847129832, 0.61508809831, 0.0062184608312],
      [0.0060337181363, 0.064020847848, 0.92307409991, 0.0068713341012],
      [0.012983718905, 0.56274310041, 0.42202575725, 0.002247423433],
      [0.11008616062, 0.6125932924, 0.21072372842, 0.066596818562],
      [0.021822709018, 0.14911458826, 0.8249427947, 0.0041199080211],
      [0.057834292967, 0.20645445068, 0.60199755511, 0.13371370124]
    ],
    [
      [0.041554711462, 0.43212335164, 0.52523487086, 0.0010870660353],
      [0, 0.18519852014, 0.81480147986, 0],
      [0, 0.80033389666, 0.19966610334, 0],
      [0, 0.90610119843, 0.093898801572, 0],
      [0.0072888548885, 0.27085834834, 0.72118565745, 0.00066713931618],
      [0, 0.46147110579, 0.53852889421, 0]
    ],
    [
      [0.33764579207, 0.23665775628, 0.41620213406, 0.0094943175975],
      [0.056962612021, 0.12423931194, 0.79876302052, 0.020035055516],
      [0.036002191232, 0.66663485651, 0.28976823095, 0.0075947213176],
      [0.20352168619, 0.61601295454, 0.12380785677, 0.056657502496],
      [0.06145191962, 0.21075001167, 0.71989727762, 0.0079007910856],
      [0.1323909861, 0.26083920973, 0.46457344999, 0.14219635418]
    ],
    [
      [0.15810505645, 0.43685394443, 0.40504099912, 0],
      [0.015448624883, 0.24771643157, 0.73683494355, 0],
      [0.0076407988357, 0.80365083068, 0.18870837048, 0],
      [0.083603365248, 0.825852176, 0.090544458753, 0],
      [0.026848131232, 0.34984019885, 0.62331166991, 0],
      [0.06134888279, 0.45646045739, 0.43594869996, 0.046241959858]
    ],
    [
      [0.19251722154, 0.38953637298, 0.41172680499, 0.0062196004917],
      [0.025095780725, 0.21680102307, 0.74523906875, 0.012864127463],
      [0.012606909153, 0.77519767513, 0.20667979901, 0.0055156167153],
      [0.09013314914, 0.76771756268, 0.096892109253, 0.045257178924],
      [0.031824326019, 0.31841496409, 0.64493398316, 0.0048267267363],
      [0.069852412469, 0.37754574485, 0.41124621344, 0.14135562924]
    ],
    [
      [0.99668656264, 0.0019835230457, 0.001329005223, 9.0909526533e-07],
      [0.21594781158, 0.32945868806, 0.45459350035, 0],
      [0.28017396139, 0.56847103978, 0.15135499882, 0],
      [0.9496861914, 0.046913318461, 0.0033947162695, 5.7738649171e-06],
      [0.78763848108, 0.099450149712, 0.11287172474, 3.9644474823e-05],
      [1, 1.0958987213e-34, 1.0365332462e-69, 0]
    ],
    [
      [0.11254693975, 0.33055887428, 0.51063702991, 0.046257156064],
      [0, 0.1639979875, 0.81154849479, 0.024453517713],
      [0, 0.71280685713, 0.28536750082, 0.001825642045],
      [0, 0.57448472547, 0.10015683812, 0.32535843641],
      [0, 0.25496168868, 0.71709841882, 0.027939892495],
      [0, 0.14182124941, 0.2029234256, 0.65525532499]
    ],
    [
      [0.3153654292, 0.42673336292, 0.24104547463, 0.016855733252],
      [0.06406578085, 0.31662765763, 0.58713451346, 0.032172048063],
      [0.022721700319, 0.85041018394, 0.12209911151, 0.0047690042308],
      [0.12407644834, 0.71538639753, 0.048509669394, 0.11202748473],
      [0.064778196688, 0.44251474803, 0.47645641727, 0.016250638009],
      [0.093097089582, 0.34149616628, 0.19880776571, 0.36659897842]
    ],
    [
      [0.31185001049, 0.33898176146, 0.22876214717, 0.12040608087],
      [0.080693154391, 0.29078861856, 0.58389818103, 0.044620046018],
      [0.010768714598, 0.82506483174, 0.16416645366, 0],
      [0.068014896501, 0.32709648203, 0.028849984083, 0.57603863739],
      [0.063610548532, 0.36063852947, 0.46314887719, 0.11260204482],
      [0.01717832901, 0.052030805095, 0.038605937098, 0.8921849288]
    ],
    [
      [0.41713836882, 0.32535361541, 0.25034625591, 0.0071617598583],
      [0.075929761828, 0.26246668549, 0.64436341712, 0.017240135567],
      [0.035158075898, 0.8026400895, 0.15916908239, 0.003032752212],
      [0.20695635907, 0.6741970259, 0.063009604621, 0.055837010415],
      [0.094418685577, 0.36482131509, 0.53330141351, 0.0074585858195],
      [0.1727033771, 0.36028259788, 0.285328187, 0.18168583802]
    ],
    [
      [0, 0.66190821179, 0.33809178821, 0],
      [0, 0.32732479651, 0.67267520349, 0],
      [0, 0.87011318406, 0.12988681594, 0],
      [0, 0.94168700204, 0.058312997963, 0],
      [0, 0.46973829445, 0.53026170555, 0],
      [0.02650932952, 0.61834032936, 0.3551502894, 5.1711952726e-08]
    ],
    [
      [0.2113807544, 0.47544933711, 0.2938678741, 0.019302034396],
      [0.033296610017, 0.31320183803, 0.6246166025, 0.028884949452],
      [0.012918015076, 0.84633657576, 0.13708233248, 0.0036630766878],
      [0.080494867171, 0.74487207533, 0.056184194324, 0.11844886318],
      [0.039854542577, 0.43407118136, 0.50964381087, 0.016430465197],
      [0.060352568397, 0.35679698042, 0.22730428248, 0.3555461687]
    ],
    [
      [0.19465913614, 0.35453116655, 0.43904909031, 0.011760606989],
      [0.023892095683, 0.18894681302, 0.76299152397, 0.024169567324],
      [0.01374540732, 0.74774168352, 0.23205220111, 0.006460708057],
      [0.092942061334, 0.71654596771, 0.10486754914, 0.085644421816],
      [0.031339618336, 0.2835522395, 0.67569219221, 0.0094159499462],
      [0.062640762966, 0.30582109527, 0.39002028293, 0.24151785883]
    ],
    [
      [0.50214348701, 0.21844989374, 0.27147392004, 0.0079326992084],
      [0.080227523699, 0.1768298423, 0.72036374997, 0.022578884033],
      [0.046989796639, 0.71477749655, 0.23079094941, 0.0074417574036],
      [0.29271310435, 0.54860476615, 0.082719553777, 0.075962575729],
      [0.1144523948, 0.2597294142, 0.61670514183, 0.0091130491654],
      [0.20758543849, 0.25205387993, 0.32338562205, 0.21697505953]
    ],
    [
      [0.16411871671, 0.39263440302, 0.43747995692, 0.0057669233575],
      [0.011307432825, 0.21627868179, 0.76311630396, 0.0092975814269],
      [0.0085112048686, 0.76832611796, 0.22109380861, 0.0020688685599],
      [0.07786504794, 0.77440154459, 0.10442278368, 0.043310623789],
      [0.025296311675, 0.31086647484, 0.65931509072, 0.0045221227655],
      [0.060191446531, 0.37727072771, 0.43309367275, 0.12944415301]
    ],
    [
      [0.22637780888, 0.43238592252, 0.33571934976, 0.0055169188492],
      [0.03642379978, 0.2706371978, 0.68212791647, 0.010811085949],
      [0.016005769467, 0.81879214434, 0.1623076688, 0.0028944173854],
      [0.098908391156, 0.79038831545, 0.074091473005, 0.036611820389],
      [0.041118177293, 0.3848092639, 0.56953237495, 0.0045401838555],
      [0.086210491411, 0.43738292332, 0.34998857718, 0.12641800809]
    ],
    [
      [0.19193528555, 0.38456569128, 0.41856585509, 0.0049331680711],
      [0.021096550222, 0.2186714479, 0.7545032586, 0.0057287432742],
      [0.011942148393, 0.76994534304, 0.21708275631, 0.0010297522559],
      [0.093086923883, 0.76768751133, 0.10145081382, 0.037774750967],
      [0.031697958379, 0.31435086759, 0.65027876594, 0.003672408093],
      [0.072951442291, 0.38353658721, 0.42993231626, 0.11357965425]
    ],
    [
      [0.32758377294, 0.26990220373, 0.3947288569, 0.0077851664324],
      [0.053147518312, 0.15732202879, 0.77527779414, 0.014252658758],
      [0.031522293194, 0.70015056494, 0.26471106267, 0.0036160791997],
      [0.18618002181, 0.6340442868, 0.11233094656, 0.067444744832],
      [0.061497098806, 0.24644140438, 0.68543882779, 0.0066226690258],
      [0.12725210334, 0.27730545221, 0.41710451014, 0.17833793431]
    ],
    [
      [0.4029667991, 0.33645066992, 0.26058253098, 0],
      [0.073077479246, 0.26625294101, 0.66066957975, 0],
      [0.031650328448, 0.8087791848, 0.15957048675, 0],
      [0.2148366634, 0.71843105691, 0.066732279687, 0],
      [0.087462970396, 0.36821832136, 0.54431870825, 0],
      [0.24062053375, 0.42266721902, 0.33671224723, 0]
    ],
    [
      [0.57054034474, 0.20577574826, 0.21224878599, 0.011435121012],
      [0.087829596066, 0.20395240154, 0.67402123286, 0.034196769536],
      [0.0425383821, 0.74388945578, 0.20096521421, 0.012606947905],
      [0.31439526135, 0.51560177209, 0.067341836982, 0.10266112958],
      [0.14198658111, 0.28282103901, 0.56104807865, 0.014144301229],
      [0.22169352625, 0.22754442032, 0.24075765816, 0.31000439527]
    ],
    [
      [0.3409359825, 0.32174785085, 0.32469219145, 0.012623975195],
      [0.060870581429, 0.21347663582, 0.70042486505, 0.025227917701],
      [0.02914266977, 0.7696444169, 0.19599721338, 0.0052156999449],
      [0.16359573574, 0.65785905992, 0.079162793304, 0.099382411036],
      [0.066092066283, 0.314836926, 0.60752395221, 0.01154705551],
      [0.1149081164, 0.29344788662, 0.30451323861, 0.28713075837]
    ],
    [
      [0.98490166283, 0.0067598154383, 0.0076829479606, 0.0006555737731],
      [0.12328667085, 0.27235850747, 0.54415095686, 0.060203864816],
      [0.18989271468, 0.49193746247, 0.28693887961, 0.031230943241],
      [0.86635482056, 0.069078848657, 0.033906341786, 0.030659989],
      [0.66247806324, 0.10952841221, 0.2138550093, 0.014138515258],
      [0.5421389303, 0.024377486258, 0.028608205354, 0.40487537809]
    ],
    [
      [0.36436153243, 0.24902401051, 0.38661445706, 0],
      [0.068745471403, 0.13090417577, 0.80035035282, 0],
      [0.056343825688, 0.72333978494, 0.22031638937, 0],
      [0.16334149732, 0.72220485342, 0.11225169495, 0.0022019543011],
      [0.041959352214, 0.22511872858, 0.73254382116, 0.00037809804478],
      [0.1352812792, 0.33400014663, 0.53071857417, 0]
    ],
    [
      [0.062629232213, 0.15438302973, 0.58727190256, 0.1957158355],
      [0, 0.026605699348, 0.96561710789, 0.007777192758],
      [0, 0.49485174541, 0.46213700195, 0.043011252645],
      [0, 0.078726089128, 0.065762572406, 0.85551133847],
      [0, 0.088929323125, 0.88156580346, 0.02950487342],
      [0, 0, 0.033700367918, 0.96629963208]
    ],
    [
      [0.18504629546, 0.42611551097, 0.38350014845, 0.0053380451235],
      [0.023324566256, 0.24816316399, 0.71816798642, 0.010344283333],
      [0.011348471686, 0.80259035654, 0.18377969139, 0.0022814803785],
      [0.082056004572, 0.79489746972, 0.08563279152, 0.037413734186],
      [0.031104078558, 0.35469226928, 0.60977698285, 0.0044266693101],
      [0.068505015673, 0.41998032783, 0.3891968784, 0.1223177781]
    ],
    [
      [0.3423557529, 0.33401403799, 0.30524206994, 0.01838813917],
      [0.063378703741, 0.2247461931, 0.67685084951, 0.03502425365],
      [0.030243437195, 0.7838624825, 0.17815382293, 0.0077402573745],
      [0.15139671939, 0.63553758793, 0.068052048352, 0.14501364432],
      [0.066800132575, 0.33231324195, 0.58362652847, 0.01726009701],
      [0.090404142186, 0.245431378, 0.23111165511, 0.43305282471]
    ],
    [
      [0.68742504232, 0.06997334814, 0.24256148951, 4.01200286e-05],
      [0.10162036415, 0.042276584437, 0.85610305142, 0],
      [0.062345695612, 0.55392910817, 0.38372519622, 0],
      [0.41191423397, 0.4378460808, 0.15021081225, 2.8872982773e-05],
      [0.06825644336, 0.12196135084, 0.80971667036, 6.5535443748e-05],
      [0.001656832766, 0.037432660225, 0.96091050701, 7.4366348456e-140]
    ],
    [
      [0.53966629647, 0.20610152282, 0.24819300317, 0.0060391775364],
      [0.07739693251, 0.18223771478, 0.7177926035, 0.022572749212],
      [0.051862173898, 0.72292520051, 0.21965045919, 0.0055621664005],
      [0.31912298464, 0.55310537199, 0.08048725011, 0.047284393261],
      [0.12558590364, 0.26105788392, 0.60775178315, 0.0056044292819],
      [0.24937480797, 0.27298667271, 0.33761307105, 0.14002544827]
    ],
    [
      [0.23963879903, 0.30853853893, 0.43251100391, 0.019311658126],
      [0.036476361311, 0.16463501988, 0.76836846324, 0.030520155564],
      [0.021654300438, 0.7163890385, 0.25335403596, 0.0086026251046],
      [0.11442426153, 0.62124555486, 0.10351874758, 0.16081143603],
      [0.04015338056, 0.25584625166, 0.68891822468, 0.015082143106],
      [0.061029691421, 0.21323695649, 0.30808786575, 0.41764548634]
    ],
    [
      [0.36080639921, 0.38796214315, 0.25090726076, 0.00032419688264],
      [0.089490313613, 0.27603211143, 0.63447757496, 0],
      [0.03290804219, 0.85293547392, 0.11415648389, 0],
      [0.12744363142, 0.81903465829, 0.053521710295, 0],
      [0.057909733108, 0.4139020285, 0.52818823839, 0],
      [0.1299052831, 0.52397353087, 0.34611841005, 2.7759746544e-06]
    ],
    [
      [0.14417675732, 0.56100716764, 0.28874799912, 0.0060680759224],
      [0.012659272799, 0.36354095527, 0.61268781893, 0.011111953002],
      [0.00036817624262, 0.87374281223, 0.1233339628, 0.0025550487253],
      [0.052843746146, 0.85765765726, 0.054367153554, 0.035131443036],
      [0.025539428334, 0.48979380386, 0.47962568346, 0.0050410843484],
      [0.051703193772, 0.53315469185, 0.28320667856, 0.13193543582]
    ],
    [
      [0.36566829227, 0.20055456767, 0.42238884424, 0.011388295818],
      [0.057684193272, 0.10146556691, 0.82105818273, 0.019792057087],
      [0.042024295356, 0.61025733299, 0.34138313676, 0.0063352348914],
      [0.2308358427, 0.5218000382, 0.13371360302, 0.11365051608],
      [0.068761550384, 0.18439494145, 0.7370754717, 0.0097680364634],
      [0.13337768814, 0.19202002054, 0.41962826819, 0.25497402313]
    ],
    [
      [0.20831969711, 0.3523387239, 0.41969942791, 0.019642151077],
      [0.024426165367, 0.19718093774, 0.75365098112, 0.024741915766],
      [0.01507851241, 0.74765723394, 0.23191393037, 0.0053503232828],
      [0.095984437888, 0.66388430625, 0.096462062642, 0.14366919322],
      [0.03556668886, 0.29102451145, 0.65826805767, 0.015140742026],
      [0.059587547937, 0.26498141599, 0.32535605689, 0.35007497918]
    ],
    [
      [0.50397931364, 0.28701935195, 0.19836020389, 0.010641130512],
      [0.098929998389, 0.24638256341, 0.59962790236, 0.055059535846],
      [0.036731771076, 0.82310172232, 0.13068550595, 0.0094810006577],
      [0.21176532747, 0.63267121151, 0.042734965054, 0.11282849597],
      [0.10150524659, 0.37278736169, 0.50725858349, 0.018448808232],
      [0.11573180567, 0.23029249178, 0.16149692551, 0.49247877703]
    ],
    [
      [0.31668945083, 0.36402452333, 0.30485188875, 0.014434137097],
      [0.056170704836, 0.24964768215, 0.67014796907, 0.024033643946],
      [0.02601436728, 0.79720484742, 0.17234757381, 0.0044332114997],
      [0.14462687476, 0.68164903474, 0.069449584299, 0.1042745062],
      [0.064131383085, 0.35621530585, 0.56642424554, 0.013229065523],
      [0.10600688102, 0.3202082321, 0.27607443758, 0.2977104493]
    ],
    [
      [0.8993163987, 0.06238669773, 0.038296903566, 0],
      [0.11974667757, 0.40199154708, 0.47826177535, 0],
      [0.1243605238, 0.75514094897, 0.12049852723, 0],
      [0.71566201838, 0.2509182734, 0.033419708227, 0],
      [0.39277570493, 0.32016025143, 0.28706404364, 0],
      [0.76977181272, 0.15387507974, 0.076324799936, 2.8307598015e-05]
    ],
    [
      [0.52639564777, 0.22097363997, 0.23743356078, 0.015197151479],
      [0.086444533835, 0.19565928065, 0.68053152437, 0.037364661143],
      [0.053503952862, 0.7396899759, 0.19977898421, 0.007027087027],
      [0.27405801956, 0.51534458168, 0.066548278051, 0.14404912071],
      [0.12378601756, 0.28018926327, 0.57861219481, 0.017412524369],
      [0.16282670319, 0.19534069866, 0.21577437557, 0.42605822259]
    ],
    [
      [0.73235054203, 0.13656317908, 0.12796450806, 0.0031217708308],
      [0.10748083277, 0.23526648391, 0.63959607384, 0.017656609478],
      [0.090647382319, 0.72483941946, 0.18064982093, 0.0038633772871],
      [0.50367413999, 0.41926255966, 0.049629783081, 0.027433517269],
      [0.26292886323, 0.26576442612, 0.46708938706, 0.0042173235839],
      [0.43619729614, 0.23958101692, 0.22859525263, 0.09562643431]
    ],
    [
      [0.50904125024, 0.19249747786, 0.28104365571, 0.017417616203],
