{
  "X": [
    [0, 2, 0, 3, 4, 0],
    [2, 1, 2, 5, 18, 7],
    [30, 70, 87, 164, 733, 75],
    [33, 55, 39, 69, 399, 56],
    [28, 74, 72, 123, 653, 81],
    [4, 21, 17, 21, 228, 28],
    [27, 60, 60, 120, 557, 82],
    [40, 76, 104, 162, 787, 82],
    [0, 6, 12, 29, 68, 11],
    [35, 27, 41, 96, 543, 84],
    [37, 91, 96, 185, 770, 86],
    [11, 18, 20, 37, 235, 27],
    [14, 35, 46, 83, 548, 80],
    [21, 27, 34, 75, 381, 55],
    [45, 49, 57, 146, 523, 78],
    [49, 78, 92, 198, 797, 116],
    [4, 4, 2, 9, 27, 2],
    [1, 1, 6, 9, 22, 6],
    [6, 2, 1, 5, 26, 5],
    [16, 39, 33, 58, 277, 47],
    [29, 47, 53, 79, 434, 48],
    [13, 41, 44, 128, 565, 58],
    [35, 42, 39, 124, 478, 52],
    [18, 41, 27, 106, 426, 43],
    [49, 102, 130, 373, 1268, 133],
    [53, 72, 107, 248, 1070, 103],
    [48, 73, 89, 181, 691, 92],
    [65, 116, 122, 275, 841, 106],
    [47, 59, 97, 267, 969, 101],
    [1, 16, 34, 33, 179, 43],
    [15, 54, 59, 129, 443, 49],
    [8, 5, 21, 36, 194, 30],
    [86, 135, 166, 294, 1574, 293],
    [5, 1, 2, 19, 93, 19]
  ],
  "W": [
    [0, 1, 3, 2, 0, 2, 1],
    [4, 2, 15, 4, 2, 3, 5],
    [50, 29, 637, 161, 101, 94, 87],
    [37, 22, 323, 74, 68, 71, 56],
    [50, 43, 582, 92, 102, 96, 66],
    [10, 17, 187, 23, 30, 18, 34],
    [39, 26, 442, 116, 121, 81, 81],
    [55, 49, 675, 173, 144, 80, 75],
    [6, 4, 49, 27, 22, 15, 3],
    [24, 32, 496, 111, 60, 35, 68],
    [44, 33, 619, 203, 168, 109, 89],
    [15, 19, 205, 34, 31, 24, 20],
    [21, 35, 478, 80, 85, 42, 65],
    [29, 42, 314, 67, 54, 43, 44],
    [65, 41, 454, 135, 82, 68, 53],
    [73, 60, 672, 188, 152, 94, 91],
    [1, 2, 22, 14, 5, 2, 2],
    [2, 8, 17, 6, 4, 1, 7],
    [5, 1, 22, 6, 3, 0, 8],
    [36, 38, 233, 46, 41, 43, 33],
    [32, 21, 353, 74, 90, 57, 63],
    [41, 49, 417, 96, 114, 67, 65],
    [35, 61, 390, 93, 73, 51, 67],
    [33, 33, 352, 87, 61, 59, 36],
    [101, 81, 1024, 279, 222, 176, 172],
    [105, 89, 799, 230, 191, 117, 122],
    [81, 48, 540, 176, 154, 101, 74],
    [99, 46, 672, 234, 200, 161, 113],
    [92, 61, 762, 251, 179, 94, 101],
    [3, 1, 180, 46, 44, 9, 23],
    [46, 28, 339, 100, 87, 83, 66],
    [12, 9, 167, 38, 37, 11, 20],
    [103, 172, 1422, 260, 196, 173, 222],
    [11, 11, 67, 28, 5, 2, 15]
  ],
  "method": "mvn_pdf",
  "cond_prob": [
    [
      [0.27991133166, 0.0060678599204, 0.020239512836, 0.49029730461, 0.20342123003, 6.2760940437e-05],
      [0, 0.024102086595, 0, 0.50816000271, 0.46773791069, 0],
      [0, 0, 0, 0, 1, 0],
      [0, 0, 0, 0.89606788449, 0.10393211551, 0],
      [5.8181332101e-06, 0.2652541297, 0.03560629146, 0.37308690613, 0.32598257782, 6.4276756844e-05],
      [0, 0.76509546621, 0, 0.1889755167, 0.04592901709, 0],
      [0, 0.44570698099, 0, 0.32175319491, 0.2325398241, 0]
    ],
    [
      [0.3907173655, 0, 0.03443401069, 0.26979676439, 0.30505185943, 0],
      [0.072074880117, 0.00093880487103, 0.0094712763015, 0.062353626674, 0.28868762343, 0.5664737886],
      [0.01311748024, 0, 0.024810785849, 0.0031948486593, 0.74852389582, 0.21035298943],
      [0, 0, 0.081935105457, 0.48581109322, 0.43225380132, 0],
      [0.001205805942, 0.01369658214, 0.23348947969, 0.12024365467, 0.63136447756, 0],
      [0.0014162997823, 0.29907851818, 0.070181945026, 0.43590639268, 0.19341684433, 0],
      [0.017911612588, 0.014698734286, 0.093178880122, 0.051346419793, 0.28051283695, 0.54235151626]
    ],
    [
      [0.42460867842, 0.0047613620643, 0.046108896034, 0.31157191294, 0.21294915055, 0],
      [0.197723338, 0.011931018134, 0.023403571684, 0.16519435606, 0.43032158869, 0.17142612743],
      [0, 0.00010378588597, 0, 0.0025901177481, 0.90752524376, 0.089780852601],
      [0.0022789149881, 0.003183469104, 0.14265148843, 0.54599389094, 0.30533641429, 0.00055582224953],
      [0.0004223338953, 0.078180684045, 0.3325220701, 0.14492288228, 0.44375313886, 0.00019889083274],
      [7.3949701889e-05, 0.53536873733, 0.064758512597, 0.31247920582, 0.087319594551, 0],
      [0.030104332973, 0.12202726251, 0.24571187033, 0.11569643821, 0.34015361505, 0.14630648093]
    ],
    [
      [0.63587049141, 0.0035025432992, 0.02260719901, 0.15723069388, 0.18058168987, 0.0002073825237],
      [0.30552642483, 0.0089242610665, 0.011993024313, 0.0870712356, 0.38136353396, 0.20512152023],
      [0, 0, 0, 0, 0.87943802843, 0.12056197157],
      [0, 0.001993542431, 0.12317923223, 0.43700009986, 0.43580550255, 0.0020216229344],
      [0, 0.083406430806, 0.24288609785, 0.108800096, 0.56390102569, 0.0010063496461],
      [0, 0.59227834256, 0.049183739715, 0.24353657253, 0.11461492017, 0.00038642502603],
      [0.049128758419, 0.12148482854, 0.15671649541, 0.075703331715, 0.37745464778, 0.21951193814]
    ],
    [
      [0.38199319981, 0.0058715336069, 0.050187289654, 0.32958594563, 0.23226119637, 0.00010083493596],
      [0.16479469528, 0.013680748444, 0.023511465994, 0.16158990297, 0.43454488027, 0.20187830704],
      [0, 0, 0, 0.0021580599426, 0.89267477922, 0.10516716084],
      [0.00036743292074, 0.0016848771534, 0.1481475799, 0.53840245839, 0.31023929703, 0.0011583546046],
      [0.0018029145885, 0.089063340506, 0.32701716473, 0.14023030814, 0.44131400733, 0.00057226470596],
      [4.5669587714e-05, 0.5728629602, 0.060722368389, 0.28447051168, 0.081765100684, 0.00013338945961],
      [0.024122465387, 0.1346035989, 0.23734798425, 0.10864635275, 0.32968628913, 0.16559330958]
    ],
    [
      [0.26921416513, 0.0088787843498, 0.045157614006, 0.2737882143, 0.40274036701, 0.00022085520492],
      [0.076932844042, 0.015292004421, 0.015876409925, 0.098353776352, 0.56637645526, 0.22716851],
      [0, 0, 0, 0, 0.90526592231, 0.094734077688],
      [0, 0.0023743224715, 0.11881636134, 0.39806634728, 0.47899276901, 0.0017501998948],
      [0, 0.10195144864, 0.22648186644, 0.086833379088, 0.58378555982, 0.00094774601336],
      [0, 0.67700907754, 0.041123184619, 0.17586334024, 0.10570911668, 0.00029528092653],
      [0, 0.1574097591, 0.1767963313, 0.048942240428, 0.43018542753, 0.18666624164]
    ],
    [
      [0.48113631846, 0.0038489076206, 0.029549183827, 0.25046282001, 0.23500277008, 0],
      [0.19676511956, 0.0084933867939, 0.013235378805, 0.11725690887, 0.41964577718, 0.2446034288],
      [0.00048974559308, 0.00058089286285, 0.00017062612735, 0.0010748741037, 0.87067582306, 0.12700803826],
      [0.00061735648294, 0.0014747435131, 0.10714044178, 0.50316554831, 0.3861698329, 0.0014320770145],
      [0.00056841402921, 0.071330058186, 0.24054986069, 0.13186122807, 0.55518764492, 0.00050279409764],
      [2.2208584387e-05, 0.52555713035, 0.050700153797, 0.30636691905, 0.11735358821, 0],
      [0.034088056476, 0.09876759326, 0.15785812822, 0.093457325817, 0.37785607003, 0.2379728262]
    ],
    [
      [0.47303786703, 0.0058375143324, 0.046821636979, 0.27517550174, 0.19912747991, 0],
      [0.22665674754, 0.015243640004, 0.024349651878, 0.15003656015, 0.41346088982, 0.17025251061],
      [0, 0, 0, 0.0016286836664, 0.90525180449, 0.093119511845],
      [0.0016384430103, 0.00083808158806, 0.15617321465, 0.52983050366, 0.31078926362, 0.00073049347067],
      [0.00045144086508, 0.099562719663, 0.34467436573, 0.13098292372, 0.42410339649, 0.00022515353218],
      [4.2260463982e-05, 0.61244085397, 0.060264675641, 0.25249102359, 0.074761186335, 0],
      [0.033665302951, 0.1527294705, 0.25012570898, 0.10256925926, 0.31900147157, 0.14190878674]
    ],
    [
      [0, 0.0027912372301, 0.12034853273, 0.51142405249, 0.36543617755, 0],
      [0, 0.014104446067, 0.037090782433, 0.1459648635, 0.4200683465, 0.3827715615],
      [0, 0, 0, 0, 0.82682983106, 0.17317016894],
      [0, 0, 0.11172773472, 0.55232293285, 0.33594933243, 0],
      [0, 0.028884032691, 0.29297292248, 0.15565834128, 0.52248470355, 0],
      [0, 0.34224476241, 0.075172905293, 0.44659911808, 0.13598321422, 0],
      [0, 0.052571545676, 0.17996632083, 0.10380225494, 0.33580138663, 0.32785849192]
    ],
    [
      [0.73835795809, 0.0016616168449, 0.015010643988, 0.13724648727, 0.10759791795, 0.0001253758532],
      [0.44133935148, 0.0054297978209, 0.0099718109784, 0.095131253505, 0.28400022462, 0.16412756159],
      [0, 0, 0, 0, 0.8711141619, 0.1288858381],
      [0, 0.0010473703255, 0.10690194556, 0.54267782379, 0.34744829191, 0.0019245684164],
      [0.0005360858618, 0.064138342529, 0.25453222831, 0.15069708418, 0.52913712741, 0.00095913171037],
      [0, 0.48009727058, 0.054039600336, 0.3528435214, 0.11278735501, 0.00023225267289],
      [0.04594683245, 0.088505949077, 0.16604721949, 0.11813672724, 0.36756577952, 0.21379749221]
    ],
    [
      [0.55076213761, 0.0042450078207, 0.029797813778, 0.23052081822, 0.18459684396, 7.7378611136e-05],
      [0.26982441216, 0.01133187027, 0.015968051773, 0.12914433016, 0.39389741134, 0.1798339243],
      [0, 0, 4.6303064574e-05, 0.001305961693, 0.89507888788, 0.10356884736],
      [0, 0.0011506693816, 0.1240225653, 0.52773719369, 0.34576634733, 0.0013232242872],
      [0, 0.090602396542, 0.27555771112, 0.13797989341, 0.49520602195, 0.00065397698108],
      [0, 0.58011013594, 0.050486907202, 0.27823671512, 0.091030194207, 0.00013604753364],
      [0.043396183638, 0.13205027658, 0.19280831212, 0.102784904, 0.35413282391, 0.17482749976]
    ],
    [
      [0.44210969679, 0.0043907255232, 0.038984162347, 0.2737990966, 0.2406185084, 9.7810336362e-05],
      [0.18788830318, 0.010278993869, 0.01847876318, 0.13484088417, 0.4556189804, 0.1928940752],
      [0.00080946688962, 0.00050280597538, 0.0011391898816, 0.00081229645935, 0.90017646137, 0.096559779423],
      [0.0005444602017, 0.0014813373925, 0.12991238267, 0.50510081275, 0.36172132678, 0.0012396802111],
      [0.00048218983302, 0.07347171739, 0.2871386664, 0.1284859641, 0.50982318146, 0.00059828081745],
      [0.00010922232708, 0.54480097549, 0.058471141195, 0.2923170443, 0.10417011153, 0.00013150514529],
      [0.029822760391, 0.11162754432, 0.20544900405, 0.099620719686, 0.37973303764, 0.17374693392]
    ],
    [
      [0.3672961147, 0.004556097588, 0.0382788858, 0.30885070945, 0.2809302076, 8.7984863483e-05],
      [0.13737942306, 0.0092679258827, 0.015716815703, 0.13220912587, 0.45951103525, 0.24591567424],
      [0, 0.00045456661011, 0.00071251971868, 0.0013581965525, 0.8787125815, 0.11876213561],
      [0.00031224719399, 0.0013742338814, 0.11337099919, 0.50678231256, 0.37663598881, 0.001524218366],
      [0.00021645050959, 0.069547002117, 0.25482172377, 0.13270152098, 0.5420106138, 0.00070268882644],
      [1.4182009291e-05, 0.51970357553, 0.054079406574, 0.31084144043, 0.11526249841, 9.8897044754e-05],
      [0.022069662634, 0.10021042527, 0.17391705987, 0.097846814747, 0.38384860363, 0.22210743386]
    ],
    [
      [0.4238292117, 0.0032809708711, 0.034830163788, 0.28315025863, 0.25477453915, 0.00013485585818],
      [0.1708333002, 0.0072043921496, 0.015434441117, 0.13031736586, 0.44835004739, 0.22786045329],
      [0.00036025900667, 0, 0.001157744165, 0.0013775162565, 0.88319358739, 0.11391089318],
      [0.0015033200842, 0, 0.1130722105, 0.50949234372, 0.37436042001, 0.0015717056819],
      [0.00085113059868, 0.05603033742, 0.25856787766, 0.135564465, 0.54820501932, 0.00078117000775],
      [0.00010411790642, 0.46395019254, 0.060078459023, 0.34822640537, 0.12745029059, 0.00019053456726],
      [0.028856189916, 0.082426610787, 0.17855158683, 0.10119476044, 0.39301064213, 0.2159602099]
    ],
    [
      [0.50652161604, 0.0045412948657, 0.031968475605, 0.27931879456, 0.17763396672, 1.5852210431e-05],
      [0.24124502376, 0.0098267880996, 0.016560628527, 0.15117102039, 0.36683087555, 0.21436566368],
      [0, 9.8838824748e-05, 0.00099637133072, 0.0022988424104, 0.86869174555, 0.12791420189],
      [0, 0.0019034395594, 0.11916897594, 0.57747726542, 0.3002185792, 0.0012317398788],
      [0, 0.079915390907, 0.28913939161, 0.16362428551, 0.46672024683, 0.00060068514786],
      [0, 0.52143117771, 0.05407750867, 0.33702934558, 0.087428138973, 3.3829065474e-05],
      [0.041227339313, 0.11301317389, 0.19464525054, 0.11901838339, 0.32607531897, 0.2060205339]
    ],
    [
      [0.45843024661, 0.0047320361667, 0.035493142627, 0.29441563299, 0.20690032029, 2.8621317936e-05],
      [0.20303164848, 0.011315040616, 0.017078061613, 0.14803376815, 0.39639382134, 0.2241476598],
      [0.00024257201066, 3.1573820243e-05, 0.00071013480116, 0.0017707569593, 0.87290346091, 0.1243415015],
      [0.00050735761499, 0.0015493044103, 0.1209696242, 0.55606991078, 0.31963987483, 0.0012639281656],
      [0.0004708162058, 0.086814972714, 0.28234047977, 0.15180986337, 0.47799391077, 0.00056995716213],
      [4.3957310232e-05, 0.55502175558, 0.051679764772, 0.30554719431, 0.087679915423, 2.7412607924e-05],
      [0.033171488083, 0.12412363967, 0.19111171584, 0.11096709123, 0.33551910607, 0.2051069591]
    ],
    [
      [0.99792064602, 0, 0.00034925806692, 0.00028978699333, 0.0010785963177, 0.0003617126022],
      [0.85228310854, 3.438893185e-05, 0.00080403400297, 0.0021729086597, 0.14232525103, 0.002380308841],
      [0, 0, 0, 0, 0.91624332627, 0.083756673732],
      [0, 0, 0.077525068392, 0.59045494164, 0.32620833151, 0.0058116584596],
      [0, 0.34875898025, 0.16904408176, 0.11964062203, 0.36046948811, 0.0020868278416],
      [0, 0.94460983529, 0.0045912454795, 0.037871023003, 0.012199183586, 0.00072871263755],
      [0.64875656845, 0.18345832515, 0.029144408337, 0.027525028293, 0.08162763742, 0.029488032348]
    ],
    [
      [0.18977380593, 0.003170710306, 0.084355892191, 0.52323142902, 0.19785994237, 0.0016082201835],
      [0.070105511065, 0.022366258004, 0, 0.25755565006, 0.3892259224, 0.26074665846],
      [0, 0, 0, 0, 0.8476173898, 0.1523826102],
      [0, 0.0028737307473, 0.18115184179, 0.62447135758, 0.18598807696, 0.0055149929208],
      [0, 0.030286212956, 0.50212627294, 0.1665183726, 0.29753861152, 0.0035305299846],
      [0, 0.31389377073, 0.11662766725, 0.49268903949, 0.075944892099, 0.00084463043694],
      [0.0085154713748, 0.051778215475, 0.37417777227, 0.14107160945, 0.24270704422, 0.18174988722]
    ],
    [
      [0.89670380333, 0.0038879853095, 0, 0.053280300614, 0.042218662903, 0.0039092478476],
      [0.64216937645, 0.0066070148818, 0.0026227605748, 0.058186179601, 0.18257462899, 0.1078400395],
      [0, 0, 0, 0, 0.85710856869, 0.14289143131],
      [0, 0.005357498846, 0.051000129352, 0.5770845564, 0.36034954692, 0.0062082684791],
      [0.00020589762221, 0.13325319019, 0.13948549189, 0.15038246043, 0.57355727814, 0.0031156817237],
      [8.5655713954e-05, 0.79189242788, 0.012752424717, 0.14494079059, 0.050282507979, 4.6193124797e-05],
      [0.10921173926, 0.19275606187, 0.034114998456, 0.095219699703, 0.35839680367, 0.21030069705]
    ],
    [
      [0.32041420507, 0.0086056453798, 0.057803653436, 0.33588441316, 0.27718285357, 0.00010922939698],
      [0.10375809894, 0.017208963871, 0.023059087836, 0.14761000498, 0.44633131615, 0.26203252823],
      [0, 0, 0, 0, 0.87001097597, 0.12998902403],
      [0, 0, 0.15701503009, 0.50296341353, 0.33849325888, 0.001528297501],
      [0, 0.11202488513, 0.32219717898, 0.11997943395, 0.44514806067, 0.0006504412579],
      [0, 0.65372228801, 0.055688652946, 0.21707664343, 0.073427445389, 8.497022422e-05],
      [0.015826692666, 0.16161143832, 0.21864955575, 0.088157922878, 0.3142160397, 0.20153835069]
    ],
    [
      [0.6099428645, 0.00337265553, 0.027728740046, 0.18971789457, 0.16917332793, 6.4517433035e-05],
      [0.31533322393, 0.0094536665126, 0.015815195546, 0.11302626675, 0.38440656765, 0.16196507962],
      [0, 0, 0, 0.00012347541807, 0.90370294396, 0.096173580624],
      [0, 0.0016470634865, 0.131795736, 0.50073249553, 0.36461333235, 0.0012113726321],
      [0, 0.079220085975, 0.28640224833, 0.12666002376, 0.5071381135, 0.00057952843616],
      [0, 0.55928557276, 0.057555894508, 0.2807774549, 0.10227219837, 0.00010887945924],
      [0.045394137042, 0.12004095148, 0.20588553034, 0.096094717662, 0.36592768655, 0.16665697693]
    ],
    [
      [0.24387868115, 0.0038058126798, 0.032328626465, 0.38286018946, 0.33703639718, 9.029307065e-05],
      [0.061244368835, 0.007485526574, 0.012646946317, 0.17840961688, 0.54048961416, 0.19972392724],
      [0, 0, 0, 0, 0.91350877005, 0.086491229946],
      [0, 0.00094022888691, 0.080343007681, 0.53345970864, 0.3841313688, 0.001125685998],
      [0, 0.053315068702, 0.19209507597, 0.15671131336, 0.59729173991, 0.00058680205733],
      [0, 0.43134379097, 0.044794605594, 0.38519190502, 0.13856027275, 0.00010942565841],
      [0, 0.083214724275, 0.14525876881, 0.13347048641, 0.4540454074, 0.18401061312]
    ],
    [
      [0.48213092899, 0.0038932855451, 0.023728678913, 0.31389747595, 0.1763496306, 0],
      [0.2485751041, 0.01078105741, 0.013230597855, 0.18407300147, 0.39456103312, 0.14877920604],
      [0, 0.00025022518234, 0, 0.001430292938, 0.91392136952, 0.084398112363],
      [0, 0.0042398181931, 0.083019798805, 0.62530846317, 0.28720180323, 0.00023011660137],
      [0.00011391684839, 0.084675195452, 0.22873251758, 0.19485461721, 0.49125839671, 0.00036535619339],
      [0, 0.50887986615, 0.038738247172, 0.36778089645, 0.084600990236, 0],
      [0.044089853808, 0.12806025596, 0.16370841926, 0.15063315159, 0.36483469604, 0.14867362335]
    ],
    [
      [0.3575626505, 0.0048134923389, 0.026908155292, 0.36299826528, 0.24771743659, 0],
      [0.15399352711, 0.011148673127, 0.012510385799, 0.17814226203, 0.46446215787, 0.17974299406],
      [0, 0, 0, 0.00044714742316, 0.91162398291, 0.087928869671],
      [0.0019657112793, 0.004645125731, 0.067879292701, 0.59582407312, 0.32894309854, 0.00074269862548],
      [0.00037583231236, 0.081952141821, 0.20345065805, 0.17558958182, 0.538282043, 0.00034974299168],
      [7.0705440303e-05, 0.51860969134, 0.036028414684, 0.34811266799, 0.097178520551, 0],
      [0.025570329605, 0.12422417114, 0.14604230754, 0.13607390116, 0.40054568031, 0.16754361025]
    ],
    [
      [0.32654799247, 0.0034046081197, 0.03446408829, 0.40317242301, 0.23241088811, 0],
      [0.14649528876, 0.0082025219677, 0.016735022348, 0.20443781725, 0.44849891075, 0.17563043892],
      [0, 0, 7.5165593936e-05, 0, 0.91125975349, 0.088665080919],
      [0, 0.00094226324343, 0.098105392554, 0.61029763952, 0.29013275763, 0.00052194705783],
      [3.3627671881e-05, 0.057870549952, 0.25320174632, 0.19190020787, 0.49679110035, 0.00020276783782],
      [0, 0.41106719768, 0.052101169933, 0.4340487624, 0.10278286999, 0],
      [0.024099238534, 0.090312499856, 0.18799199181, 0.15379449025, 0.38223053597, 0.16157124358]
    ],
    [
      [0.35538407581, 0.003289121723, 0.036754030092, 0.31588167035, 0.28869110203, 0],
      [0.14402680978, 0.0072997199173, 0.016149098772, 0.14487619687, 0.50392668251, 0.18372149214],
      [0, 0, 0.0001524934696, 0.002775596063, 0.9147560108, 0.082315899667],
      [0, 0, 0.10799605361, 0.51002243084, 0.38148554365, 0.00049597190292],
      [0, 0.050170595209, 0.24870654022, 0.13783555491, 0.56325293224, 3.4377420116e-05],
      [0, 0.4396936913, 0.059469125545, 0.36465329922, 0.13618388394, 0],
      [0.023494147288, 0.081788701474, 0.18263758661, 0.11003734219, 0.43189678194, 0.1701454405]
    ],
    [
      [0.44820552382, 0.0041811403426, 0.036907158918, 0.27883648049, 0.23180238243, 6.7314006608e-05],
      [0.18870136163, 0.0094481741304, 0.016878859999, 0.13329214165, 0.42237060164, 0.22930886095],
      [0.00030103193511, 0.00027988691942, 0.00064168124368, 0.0010449523936, 0.8774606977, 0.12027174981],
      [0.00051982333322, 0.0014202238958, 0.12405419122, 0.51933845067, 0.35323232585, 0.0014349850281],
      [0.00046783490363, 0.07247068094, 0.27955791511, 0.13680835659, 0.51003880825, 0.00065640420316],
      [6.4648970266e-05, 0.52397457466, 0.057937524875, 0.31204675655, 0.10589322471, 8.3270231759e-05],
      [0.031149526212, 0.10438918954, 0.1907659511, 0.1008536668, 0.36096432258, 0.21187734375]
    ],
    [
      [0.49637958505, 0.0040389082396, 0.032737215999, 0.28803283013, 0.17868954778, 0.00012191280022],
      [0.2428865374, 0.010585336947, 0.017368237917, 0.15989526386, 0.37808818802, 0.19117643586],
      [0, 0.00012209488954, 0.00093797207506, 0.0023579047067, 0.88316594343, 0.1134160849],
      [0, 0.0019178015116, 0.11931147501, 0.58213753926, 0.29533985528, 0.0012933289424],
      [0.00022442160198, 0.082189241789, 0.29014555338, 0.16589625579, 0.46084208559, 0.00070244185356],
      [0, 0.52531698521, 0.053569521971, 0.33601696032, 0.084915809863, 0.00018072263547],
      [0.041068637519, 0.12007545389, 0.20139000507, 0.12430875894, 0.3316882787, 0.18146886589]
    ],
    [
      [0.37169020978, 0.0031776050226, 0.033435787832, 0.34635564801, 0.24533634622, 4.40313597e-06],
      [0.16082645833, 0.0075087764535, 0.015670152442, 0.1697453585, 0.45785025917, 0.1883989951],
      [0, 0, 1.2161415042e-05, 0.0013151179293, 0.90511723574, 0.093555484911],
      [0.00035186234442, 0, 0.099880475936, 0.56891121297, 0.3299791562, 0.00087729255712],
      [0.00093424942573, 0.054271221859, 0.24867066382, 0.1666407793, 0.52906343085, 0.00041965475801],
      [3.1503449735e-05, 0.42493608068, 0.054643895777, 0.40353470451, 0.11683372099, 2.0094598347e-05],
      [0.027084923978, 0.08506024433, 0.18059590828, 0.13090116316, 0.39892440201, 0.17743335824]
    ],
    [
      [0.25905792904, 0.012208876979, 0.090961461929, 0.37305631384, 0.26471541821, 0],
      [0.068054508632, 0.019580892153, 0.029308583894, 0.12499355816, 0.34183806687, 0.41622439028],
      [0, 0, 0, 0.0054063803303, 0.79583497185, 0.19875864782],
      [0, 0.0027547976584, 0.20446022875, 0.4935975001, 0.29255558667, 0.0066318868223],
      [0, 0.1281561767, 0.40876014871, 0.10922018046, 0.35386349412, 0],
      [0, 0.70913886334, 0.060598077366, 0.17730242332, 0.052960635971, 0],
      [0.0067292045323, 0.16504131477, 0.25051335948, 0.072860621145, 0.22215323016, 0.28270226992]
    ],
    [
      [0.26224403118, 0.0049157500498, 0.047997670196, 0.39867822764, 0.28605348908, 0.00011083185636],
      [0.10488480591, 0.010370692694, 0.020514408842, 0.17574419422, 0.48723524895, 0.20125064938],
      [0, 0, 0, 0.0004587118718, 0.90507467241, 0.094466615714],
      [0, 0.00056524163119, 0.12103955207, 0.55027966524, 0.32700595138, 0.0011095896669],
      [0, 0.066318668645, 0.28622914042, 0.15191314816, 0.49496688196, 0.00057216082003],
      [0, 0.48749226181, 0.059704390147, 0.3489881775, 0.10367139145, 0.00014377909513],
      [0, 0.10902106117, 0.21600528663, 0.12687926695, 0.37895756401, 0.16913682124]
    ],
    [
      [0.46109546923, 0.0014423298765, 0.035596441579, 0.2683613866, 0.23349410947, 1.0263245252e-05],
      [0.18032252298, 0.0037256508326, 0.015882811519, 0.124137803, 0.41571486693, 0.26021634474],
      [0, 0, 0, 0.00097081677014, 0.86441888562, 0.13461029761],
      [9.8305514887e-05, 0, 0.12262652876, 0.51229761909, 0.36350994295, 0.001467603681],
      [0.0059751725593, 0.0084823537255, 0.2992400087, 0.14328420467, 0.54243517257, 0.0005830877754],
      [0.00010378581434, 0.33694522618, 0.079930439472, 0.43074374304, 0.15219638254, 8.0422951074e-05],
      [0.030899651208, 0.046445830409, 0.19094870742, 0.099664523074, 0.37705217805, 0.25498910984]
    ],
    [
      [0.44897175945, 0.0045269780984, 0.043007349355, 0.28662603484, 0.21686787826, 0],
      [0.18759484694, 0.010140005044, 0.019471414485, 0.13549298537, 0.39011390868, 0.25718683948],
      [0.00038879825821, 0.00042581407532, 0, 0.0017786607568, 0.85841085605, 0.13899587086],
      [0.0007218950375, 0.0015164359394, 0.14321460989, 0.52705863314, 0.32655851133, 0.00092991466562],
      [0.00045120053579, 0.076638541594, 0.31964762845, 0.13749185365, 0.46555561214, 0.00021516363009],
      [6.5947788625e-05, 0.53675122386, 0.06404042277, 0.30466869179, 0.09447371379, 0],
      [0.029951292783, 0.10770605202, 0.21286231008, 0.098883503245, 0.32164285378, 0.2289539881]
    ],
    [
      [0.32964060084, 0.00037579712185, 0.014634526517, 0.25863436962, 0.39671470589, 0],
      [0.087595111998, 0.001938593514, 0.0027247743526, 0.082004852994, 0.48042328365, 0.34531338349],
      [0, 0, 0, 0, 0.85527178896, 0.14472821104],
      [0.0010736520969, 0, 0.0091565432498, 0.45486024329, 0.53054577963, 0.004363781734],
      [0.0003902760609, 0.024992808097, 0.11025500689, 0.10801758519, 0.75546928613, 0.00087503762844],
      [8.5497531693e-05, 0.32539281778, 0.036321335459, 0.39300345976, 0.2450862033, 0.00011068616213],
      [0.025214834977, 0.013252801797, 0.061916451603, 0.079385792911, 0.46169810586, 0.35853201285]
    ]
  ],
  "expected_outcome": [
    [
      [0, 1.562869462, 21.2304339208, 23.5272081823, 19.0996599905, 2.6921416513, 18.7643164199, 26.0170826868, 0, 17.7205909942, 24.233534055, 6.6316454519, 7.7132184087, 12.2910471394, 32.9239050423, 33.4654080024, 0.99792064602, 0.37954761186, 4.4835190166, 11.5349113824, 19.5181716639, 9.9990259271, 16.8745825147, 11.7995674663, 32.9813472395, 37.3153279601, 36.3046474291, 49.1415789196, 34.1954992998, 0.77717378712, 12.0632254344, 5.5331456308, 46.2440912233, 3.6260466093],
      [0, 0, 0.23806810321, 0.12959410207, 0.29357668035, 0.088787843498, 0.1501073972, 0.32106328828, 0.016747423381, 0.039878804278, 0.18678034411, 0.065860882848, 0.095678049347, 0.095148155263, 0.29518416627, 0.34543864017, 0, 0.006341420612, 0.019439926547, 0.30980323367, 0.10792497696, 0.15603831987, 0.13626499408, 0.15884524718, 0.34386542009, 0.34535778092, 0.33867236775, 0.39985191572, 0.29233966208, 0.036626630937, 0.22612450229, 0.017307958518, 0.46627874413, 0.0041337683404],
      [0, 0.13773604276, 2.3054448017, 0.83646636338, 2.5093644827, 0.45157614006, 1.1524181692, 2.5751900338, 0.72209119639, 0.36025545571, 1.3111038062, 0.58476243521, 0.80385660181, 1.0100747498, 2.0779509143, 2.5909994118, 0.00034925806692, 0.16871178438, 0, 2.0809315237, 0.88731968147, 1.3254736851, 0.83050376196, 0.88796912465, 3.4808729173, 3.8591731597, 2.9894798723, 3.2409843839, 3.0760924805, 0.27288438579, 2.207892829, 0.42715729894, 4.4297569836, 0.16097979169],
      [0, 1.0791870575, 15.5785956468, 5.8175356737, 16.4792972813, 2.737882143, 9.7680499804, 15.134652596, 3.0685443149, 3.2939156945, 10.1429160015, 4.1069864491, 6.4858648984, 8.2113575001, 18.1557216467, 21.4923412083, 0.00028978699333, 1.046462858, 0.26640150307, 12.0918388736, 6.0709726262, 15.6972677677, 10.9864116581, 11.9789427543, 40.7204147236, 33.1675753866, 22.5857549194, 28.5152501831, 31.8647196171, 1.1191689415, 18.3391984713, 3.2203366392, 29.5224815887, 2.8449780659],
      [0, 1.2202074377, 10.6474575275, 6.6815225252, 11.6130598184, 4.0274036701, 9.1651080333, 10.9520113952, 2.1926170653, 2.5823500308, 8.1222611342, 3.609277626, 5.8995343597, 7.3884616355, 11.5462078367, 15.1037233811, 0.0010785963177, 0.39571988474, 0.21109331451, 9.9785827283, 5.4135464936, 13.8184922844, 6.1722370712, 8.1746754076, 23.4734996995, 30.3125657128, 18.7759929769, 17.6902652305, 22.570943852, 0.79414625464, 13.1584604975, 2.8019293136, 22.3373914603, 4.3638617648],
      [0, 0, 0, 0.007673153377, 0.0050417467981, 0.0022085520492, 0, 0, 0, 0.0030090204767, 0.00340465889, 0.0014671550454, 0.0018476821331, 0.0039108198871, 0.001030393678, 0.0020893562093, 0.0003617126022, 0.0032164403671, 0.019546239238, 0.0039322582912, 0.0020645578571, 0.0037020158967, 0, 0, 0, 0, 0.0054524345352, 0.012069367222, 0.00040508850924, 0, 0.0050982653926, 0.00012315894302, 0, 0]
    ],
    [
      [0, 0.14414976023, 5.733976802, 6.7215813463, 7.0861718969, 1.3078583487, 5.1158931085, 11.1061806294, 0, 14.1228592474, 8.9042056012, 3.5698777604, 4.8082798069, 7.1749986082, 9.8910459741, 12.1818989088, 1.7045662171, 0.56084408852, 0.64216937645, 3.9428077597, 6.6219977025, 3.0009740729, 15.1630813502, 5.0817863946, 11.8661183896, 12.8183860708, 9.0576653584, 11.1727807204, 9.8104139584, 0.068054508632, 2.9367745656, 1.6229027068, 32.2663136735, 0.96354623197],
      [0.024102086595, 0.0018776097421, 0.34599952588, 0.19633374346, 0.5882721831, 0.25996407516, 0.22082805664, 0.74693836018, 0.056417784267, 0.17375353027, 0.37395171891, 0.19530088351, 0.3243774059, 0.30258447028, 0.40289831208, 0.67890243693, 6.87778637e-05, 0.17893006403, 0.0066070148818, 0.65394062709, 0.19852699677, 0.36679080212, 0.65764450203, 0.36790621319, 0.66440427939, 0.64967507264, 0.45351235826, 0.48692549956, 0.45803536366, 0.019580892153, 0.29037939542, 0.033530857493, 1.7440808676, 0.021324528654],
      [0, 0.018942552603, 0.67870357882, 0.26384653488, 1.0109930377, 0.26989896872, 0.34411984893, 1.193132942, 0.14836312973, 0.31909795131, 0.5269457085, 0.35109650042, 0.55008854961, 0.64824652692, 0.6789857696, 1.0246836968, 0.0016080680059, 0, 0.0026227605748, 0.87624533779, 0.33211910648, 0.61970036953, 0.80706646918, 0.41284273138, 1.3555368102, 1.4372697907, 0.81018527994, 0.79893894418, 0.95587929893, 0.029308583894, 0.57440344757, 0.14294530368, 3.3490832914, 0.029972517879],
      [0.50816000271, 0.12470725335, 4.7906363257, 1.9155671832, 6.9483658277, 1.672014198, 3.0486796306, 7.3517914474, 0.58385945399, 3.0442001122, 4.2617628952, 2.5619767992, 4.6273194054, 5.4733293661, 6.198011836, 8.882026089, 0.0043458173193, 2.0604452005, 0.058186179601, 5.6091801892, 2.3735516017, 8.7420712269, 11.2284530898, 5.8786946471, 16.5594631972, 12.8939815218, 6.3980227991, 7.3551821374, 10.3544668687, 0.12499355816, 4.9208374382, 1.117240227, 23.3047934839, 0.90205338293],
      [0.46773791069, 0.57737524687, 12.4793260721, 8.389997747, 18.6854298516, 9.6283997394, 10.9107902066, 20.2595836012, 1.680273386, 9.0880071879, 12.9986145741, 8.6567606277, 16.0828862338, 18.8307019904, 15.0400658976, 23.7836292804, 0.28465050206, 3.1138073792, 0.18257462899, 16.9605900136, 8.0725379206, 26.4839910939, 24.0682230206, 15.3272512099, 36.3284117709, 44.8494747433, 20.2737888788, 17.3920566488, 27.9288658091, 0.34183806687, 13.6425869705, 3.7414338023, 67.0995922926, 5.2846561201],
      [0, 1.1329475772, 4.9713576956, 4.5126734451, 8.6807672029, 3.86186467, 6.3596891488, 8.3423730198, 1.531086246, 5.2520819709, 5.934519502, 3.6649874287, 8.6070485984, 9.570139038, 8.7889922107, 13.448859588, 0.0047606176819, 2.0859732677, 0.1078400395, 9.9572360726, 3.401266672, 9.7864724346, 9.0755315681, 5.9315188039, 14.2260655528, 16.3512128008, 11.0068253254, 8.7941160497, 11.4923387012, 0.41622439028, 5.6350181828, 2.3419471027, 44.236136391, 3.7984472184]
    ],
    [
      [0, 0.19676220361, 0, 0, 0, 0, 0.21646755214, 0, 0, 0, 0, 0.16594071237, 0, 0.11312132809, 0, 0.16300839116, 0, 0, 0, 0, 0, 0, 0, 0, 0, 0, 0.16255724496, 0, 0, 0, 0, 0, 0.55287112318, 0],
      [0, 0, 0.06611160936, 0, 0, 0, 0.25675464538, 0, 0, 0, 0, 0.10307522495, 0.21728283963, 0, 0.044872826435, 0.021217607204, 0, 0, 0, 0, 0, 0, 0.097587821111, 0, 0, 0, 0.15113893649, 0.082047765772, 0, 0, 0, 0, 0.60550761511, 0],
      [0, 0.37216178774, 0, 0, 0, 0, 0.07541674829, 0, 0, 0, 0.028661596971, 0.23353392574, 0.34058442553, 0.36353166782, 0.45235258415, 0.47721058638, 0, 0, 0, 0, 0, 0, 0, 0, 0.076969568191, 0.12184228221, 0.34650787159, 0.63031723444, 0.0092669982623, 0, 0, 0, 0, 0],
      [0, 0.047922729889, 1.6499050056, 0, 1.2559908866, 0, 0.47509435385, 1.0993614748, 0, 0, 0.80839028796, 0.16652077417, 0.64921795209, 0.43254010453, 1.0436744543, 1.1899486767, 0, 0, 0, 0, 0.043586822579, 0, 0.55781424583, 0.15739589295, 0, 2.2177012543, 0.56427429254, 1.5845119629, 1.0021198622, 0.97314845945, 0.15550332454, 0.16212640061, 2.5292555962, 0],
      [3, 11.2278584373, 578.093580278, 284.0584831843, 519.5367215073, 169.2847274724, 384.8387137907, 611.0449680297, 40.5146617218, 432.0726243021, 554.0538315993, 184.536174581, 420.0246139593, 277.3227864407, 394.3860524786, 586.5911257303, 20.1573531779, 14.4094956265, 18.8563885112, 202.7125574, 319.007139217, 380.9331571126, 356.4293341114, 320.8916419827, 933.1299875702, 730.8900526296, 473.8287767578, 593.4875139868, 689.6993336371, 143.2502949329, 306.8203139485, 144.3579538978, 1220.6602372985, 57.3032098602],
      [0, 3.1552948415, 57.1904031071, 38.9415168157, 61.2072876061, 17.7152725276, 56.1375529096, 62.8556704955, 8.4853382782, 63.9273756979, 64.1091165158, 19.7947547817, 56.7683008234, 35.7680204588, 58.0730476565, 83.5574890083, 1.8426468221, 2.5905043735, 3.1436114888, 30.2874426, 33.9492739604, 36.0668428874, 32.9152638217, 30.9509621243, 90.7930428616, 65.7704038339, 64.9467448966, 76.2156090501, 71.2892795025, 35.7765566077, 32.0241827269, 22.4799197016, 197.6521283671, 9.6967901398]
    ],
    [
      [0, 0, 0.36690531309, 0, 0.033803828708, 0, 0.071613352021, 0.28345064078, 0, 0, 0, 0.018511646858, 0.024979775519, 0.10072244564, 0, 0.095383231618, 0, 0, 0, 0, 0, 0, 0, 0.1710168813, 0, 0, 0.091488906647, 0, 0.08831744845, 0, 0, 0.0037356095657, 0.18769270975, 0.030062258713],
      [0, 0, 0.51253852575, 0.14752213989, 0.15500869811, 0.054609416845, 0.17107024752, 0.14498811473, 0, 0.11625810613, 0.23358588446, 0.050365471346, 0.10993871051, 0, 0.25696434052, 0.29126922914, 0, 0.017242384484, 0.032144993076, 0, 0.121882698, 0.090261973144, 0.39430309195, 0.4041259386, 0.26289144492, 0, 0.24995940566, 0.44876555372, 0, 0.12672069229, 0.056524163119, 0, 0.39427334424, 0],
      [0, 0.32774042183, 22.9668896369, 9.1152631849, 13.6295773511, 2.7327763108, 12.4282912461, 27.0179661345, 3.0166488375, 11.8661159568, 25.1765807565, 4.4170210107, 9.0696799353, 7.5758381036, 16.0878117519, 22.7422893496, 1.0853509575, 1.0869110507, 0.30600077611, 7.222691384, 9.7528844643, 7.7129287374, 7.7208412889, 5.905498465, 27.3714045225, 24.8390923295, 21.8335376554, 27.918885152, 25.0699994599, 9.4051705226, 12.1039552073, 4.6598080929, 37.2357985711, 0.256383211],
      [1.792135769, 1.9432443729, 87.9050164409, 32.3380073896, 49.5330261717, 9.1555259875, 58.3672036039, 91.6606771339, 14.9127191868, 60.2372384411, 107.1306503199, 17.1734276336, 40.5425850044, 34.1359870293, 77.9594308324, 104.5411432261, 8.2663691829, 3.7468281455, 3.4625073384, 23.1363170224, 37.0542046692, 51.2121320292, 58.1536870747, 51.8366943615, 170.2730414252, 117.3051590934, 91.4035673185, 136.2201841866, 142.7967144548, 22.7054850044, 55.0279665244, 19.4673095255, 137.035244616, 12.7360868121],
      [0.20786423103, 1.7290152053, 49.1591627012, 32.2496071885, 28.5420153267, 11.0168336872, 44.7957006167, 53.7665426056, 9.0706319757, 38.5667604017, 70.1905685089, 12.2985251104, 30.130879105, 25.0821481408, 40.5295081915, 60.0922964684, 4.5669166412, 1.1159284618, 2.1620972815, 15.5706899085, 26.9813865938, 36.8766114044, 26.7097677006, 28.6180495732, 80.9470393782, 87.7416750394, 62.1688893489, 69.1095261352, 82.824768205, 13.4575569869, 32.7005951385, 13.8133778322, 84.9052129458, 14.8552818297],
      [0, 0, 0.089487382174, 0.14960009715, 0.10656862362, 0.040254597579, 0.16612093368, 0.12637537043, 0, 0.21362709422, 0.26861453031, 0.042149127178, 0.12193746928, 0.10530428069, 0.16628488364, 0.23761849513, 0.081363218434, 0.033089957525, 0.037249610875, 0.070301685044, 0.089641574776, 0.10806585581, 0.021400843927, 0.064614780417, 0.14562322913, 0.11407353767, 0.25255736494, 0.30263897252, 0.22020043184, 0.30506679382, 0.11095896669, 0.055768939877, 0.24177781306, 0.12218588855]
    ],
    [
      [0, 0.002411611884, 0.042655723425, 0, 0.18389728802, 0, 0.068778097534, 0.065007484571, 0, 0.032165151708, 0, 0.014947884824, 0.018398293315, 0.045961052329, 0, 0.071564063281, 0, 0, 0.00061769286664, 0, 0, 0, 0.0083159299325, 0.022925771054, 0.0074653431577, 0, 0.072046575159, 0.044884320396, 0.16723064721, 0, 0, 0.22108138469, 0.088435305014, 0.0019513803045],
      [0, 0.027393164279, 7.8962490885, 5.6716372948, 9.0844607316, 3.0585434593, 8.6309370404, 14.3370316314, 0.63544871921, 3.8483005517, 15.2212026191, 2.2776232391, 5.91149518, 3.0256382207, 6.5530620544, 13.1958758525, 1.7437949013, 0.12114485182, 0.39975957057, 4.5930202905, 7.1298077378, 6.077917832, 6.181289268, 4.9990806511, 12.8472620894, 9.5825836849, 11.1604848648, 16.4378483578, 9.7145487127, 5.6388717749, 5.7697241721, 0.31384708784, 15.0211541525, 0.12496404048],
      [0, 0.46697895938, 33.5847290796, 16.516254654, 33.3557508029, 6.7944559931, 29.106533144, 49.6331086649, 6.4454042945, 15.2719336988, 46.2936954685, 8.9012986584, 21.6598465203, 13.9626653935, 23.7094301118, 42.9157529255, 0.84522040881, 2.0085050918, 0.41845647566, 13.2100843382, 25.7762023496, 21.8988386609, 16.6974737836, 12.4104901412, 56.2107876829, 47.5029491828, 43.0519189267, 58.0291106751, 44.512048823, 17.9854465434, 24.9019352165, 11.0718803219, 62.6509351771, 0.55127503447],
      [0, 0.24048730934, 14.6372111099, 7.398406528, 14.3034914299, 2.6050013726, 15.9552085971, 18.8615410164, 3.4244835082, 9.0418250505, 23.1806220922, 3.983064887, 11.279629283, 7.3204811098, 13.4171914117, 23.0750992326, 0.59820311017, 0.66607349038, 0.4511473813, 4.9191567921, 11.3994021382, 17.8650897231, 14.2243870566, 10.7109644913, 42.6018461478, 26.3265909876, 21.0684869151, 33.179251158, 29.8286994941, 4.8056879403, 13.2164438899, 5.3015155728, 26.9484033154, 0.54008792595],
      [0, 1.2627289551, 44.8190670244, 38.3452697472, 45.0140287475, 17.5135667946, 67.1777050352, 61.0708890941, 11.4946634781, 31.7482276446, 83.1946116874, 15.8045186254, 46.0709021732, 29.6030710433, 38.2710602399, 72.6550744375, 1.8023474406, 1.1901544461, 1.7206718344, 18.2510704876, 45.6424302152, 68.0912583495, 35.8618629598, 32.8352046229, 110.2876242767, 107.5813100575, 78.545976471, 92.1684171179, 94.7023541213, 15.5699937414, 43.0621187302, 20.0701013851, 91.2488999785, 3.7773464306],
      [0, 0, 0.020087974107, 0.068431775935, 0.058371000008, 0.028432380401, 0.060838085814, 0.032422108634, 0, 0.057547902622, 0.10986813282, 0.018546705341, 0.059728550247, 0.042183180419, 0.049256182124, 0.086633488644, 0.010434139208, 0.014122119939, 0.0093470451711, 0.026668091574, 0.052157559254, 0.066895434535, 0.026671002118, 0.021334322493, 0.045014459996, 0.0065660872421, 0.10108624729, 0.14048837071, 0.075118201684, 0, 0.049777991342, 0.02157424769, 0.042172071497, 0.0043751881422]
    ],
    [
      [0, 0.0042488993469, 0.0069512719776, 0, 0.0043842804205, 0, 0.0017988953353, 0.0033808371186, 0, 0, 0, 0.0026213358499, 0.00059564439023, 0.0044770699762, 0, 0.0041319871618, 0, 0, 0, 0, 0, 0, 0, 0.0041716209779, 0, 0, 0.0065295459969, 0, 0.002961324275, 0, 0, 0.0011416439578, 0.011408967432, 0.00017099506339],
      [1.5301909324, 0.89723555455, 50.3246613093, 42.0517623216, 54.9948441796, 12.1861633957, 42.5701275587, 48.9952683176, 5.1336714361, 16.8034044703, 63.2320048176, 13.0752234119, 21.8275501724, 19.9498582791, 35.4573200844, 52.1720450244, 1.8892196706, 0.31389377073, 0, 28.1100583843, 31.8792776474, 28.900033995, 25.9528731734, 30.5979717889, 72.3478267909, 51.4441618818, 52.9214320409, 84.5760346183, 39.9439915842, 6.3822497701, 40.46185773, 3.706397488, 92.8579617284, 0.65078563556],
      [0, 0.21054583508, 6.0873001841, 3.4920455197, 5.8293473653, 0.74021732315, 4.1067124575, 4.8211740512, 1.1275935794, 1.8913860117, 5.5030728851, 1.4033073887, 2.2713350761, 2.583373738, 3.6772705896, 4.8578978886, 0.0091824909591, 0.11662766725, 0, 2.3946120767, 3.280685987, 3.0012385748, 1.9756506058, 2.1256764664, 9.1698059082, 6.9578876888, 5.8516900123, 8.6246930374, 5.136526203, 0.54538269629, 4.9554643822, 0.87923483419, 11.0789931392, 0.072642670917],
      [0.3779510334, 1.307719178, 29.3730453468, 17.2910966495, 27.3091691209, 3.1655401243, 24.815720443, 20.1992818873, 6.6989867712, 12.3495232491, 30.3278019476, 7.0156090633, 13.0553404981, 14.973735431, 22.9179954994, 28.721436265, 0.075742046006, 0.49268903949, 0, 9.3342956676, 16.0043149294, 25.8078576366, 18.7568257188, 20.5386474112, 76.392582183, 42.6644360088, 31.5167224119, 54.098730612, 37.9322622236, 1.5957218099, 28.9660187328, 4.7381811735, 52.7076836794, 0.78600691953],
