{
  "X": [
    [80, 378, 542, 83, 70],
    [5, 24, 16, 3, 2],
    [115, 210, 495, 52, 50],
    [50, 46, 144, 8, 18],
    [18, 5, 15, 1, 3],
    [36, 48, 157, 5, 34],
    [79, 240, 507, 61, 64],
    [59, 217, 308, 49, 55],
    [2, 7, 14, 1, 3],
    [4, 7, 13, 0, 0],
    [29, 65, 203, 17, 32],
    [61, 193, 302, 46, 30],
    [32, 101, 187, 23, 24],
    [8, 16, 29, 4, 1],
    [7, 38, 41, 2, 5],
    [10, 28, 59, 7, 11],
    [11, 25, 31, 4, 4],
    [125, 288, 605, 45, 72],
    [35, 47, 215, 16, 35],
    [18, 54, 70, 4, 8],
    [32, 131, 148, 23, 12],
    [2, 32, 12, 3, 1],
    [6, 13, 5, 0, 3],
    [2, 16, 5, 0, 0],
    [6, 19, 11, 1, 5],
    [63, 249, 313, 52, 52],
    [6, 22, 19, 6, 4],
    [127, 175, 299, 36, 57],
    [32, 362, 80, 35, 38],
    [27, 101, 352, 15, 25],
    [200, 400, 1188, 97, 109],
    [120, 592, 487, 110, 109],
    [59, 167, 290, 25, 25],
    [69, 203, 242, 44, 33],
    [87, 297, 348, 38, 45],
    [78, 385, 350, 68, 61],
    [51, 400, 140, 48, 30],
    [72, 147, 247, 49, 36],
    [16, 96, 65, 14, 26],
    [100, 409, 577, 88, 92],
    [73, 278, 345, 64, 55],
    [118, 456, 545, 85, 98],
    [82, 341, 407, 65, 57],
    [72, 291, 381, 70, 61],
    [63, 172, 264, 51, 49],
    [51, 208, 239, 65, 41],
    [70, 253, 351, 61, 45],
    [63, 214, 256, 37, 42],
    [99, 266, 298, 44, 62],
    [1, 8, 10, 0, 0],
    [6, 10, 28, 0, 4],
    [79, 254, 306, 37, 42],
    [262, 1218, 1436, 243, 208],
    [40, 59, 104, 7, 17],
    [50, 186, 175, 22, 17],
    [254, 675, 809, 86, 132],
    [63, 56, 142, 6, 16]
  ],
  "W": [
    [64, 474, 556, 59],
    [4, 15, 28, 3],
    [82, 471, 349, 20],
    [38, 136, 87, 5],
    [7, 12, 22, 1],
    [15, 159, 100, 6],
    [43, 472, 417, 19],
    [15, 301, 352, 20],
    [0, 13, 9, 5],
    [2, 11, 11, 0],
    [16, 201, 119, 10],
    [28, 277, 309, 18],
    [14, 171, 171, 11],
    [0, 29, 28, 1],
    [8, 33, 45, 7],
    [11, 51, 49, 4],
    [6, 25, 41, 3],
    [98, 541, 453, 43],
    [14, 202, 124, 8],
    [15, 63, 73, 3],
    [17, 125, 187, 17],
    [3, 9, 35, 3],
    [4, 5, 18, 0],
    [1, 4, 18, 0],
    [4, 11, 23, 4],
    [31, 284, 393, 21],
    [7, 15, 29, 6],
    [53, 298, 324, 19],
    [22, 74, 424, 27],
    [11, 318, 173, 18],
    [100, 1093, 762, 39],
    [81, 426, 854, 57],
    [30, 234, 292, 10],
    [33, 215, 328, 15],
    [60, 315, 408, 32],
    [58, 297, 541, 46],
    [40, 118, 485, 26],
    [36, 233, 267, 15],
    [9, 57, 140, 11],
    [47, 495, 689, 35],
    [33, 305, 439, 38],
    [61, 502, 693, 46],
    [48, 366, 502, 36],
    [40, 344, 457, 34],
    [31, 243, 304, 21],
    [27, 214, 338, 25],
    [43, 322, 383, 32],
    [35, 232, 329, 16],
    [45, 272, 435, 17],
    [1, 6, 12, 0],
    [2, 27, 19, 0],
    [39, 294, 366, 19],
    [152, 1322, 1784, 109],
    [18, 98, 107, 4],
    [42, 157, 238, 13],
    [211, 762, 927, 56],
    [35, 136, 105, 7]
  ],
  "method": "mvn_cdf",
  "mvncdf_method": "genz",
  "mvncdf_samples": 5000,
  "mvncdf_error": 0.001,
  "cond_prob": [
    [
      [0.5696384069, 0.28978860395, 0.13883435416, 1.2346804732e-05, 0.0017262881769],
      [0.032420462741, 0.001107056915, 0.94199239352, 9.1443539393e-05, 0.024388643285],
      [0.050675975933, 0.58751791677, 0.14012581682, 0.12919130001, 0.092488990461],
      [0, 0.54692919733, 0.14746190936, 0.18856784342, 0.11704104989]
    ],
    [
      [0.59142027671, 0.33883238355, 0.067269348067, 0.0015839420334, 0.0008940496458],
      [0.056274384176, 0, 0.91533373073, 0.005939782642, 0.022452102456],
      [0.063842981424, 0.73076274811, 0.063104860745, 0.09043708894, 0.051852320782],
      [0.00086655022025, 0.72777117292, 0.077993515326, 0.12410966731, 0.069259094225]
    ],
    [
      [0.69843062039, 0.1934152291, 0.10666769006, 0, 0.0014864604512],
      [0.054888618426, 0, 0.91968746557, 0, 0.025423916002],
      [0.091334600474, 0.527298354, 0.14312314181, 0.13715273258, 0.10109117114],
      [1.8714183859e-05, 0.50564128347, 0.15652383197, 0.20668481646, 0.13113135391]
    ],
    [
      [0.77888483361, 0.12004964997, 0.098948256754, 0.00054345834742, 0.0015738013159],
      [0.062477690307, 0, 0.90729759565, 0.0019450088298, 0.028279705213],
      [0.13684283062, 0.45006480061, 0.18158644673, 0.081377212939, 0.1501287091],
      [1.6835404747e-05, 0.45649512952, 0.20989447396, 0.12700197126, 0.20659158985]
    ],
    [
      [0.91294503735, 0.016668579643, 0.051108664424, 0.0040097993757, 0.015267919206],
      [0.18881746172, 0.011785012514, 0.7561132073, 0.0068739417891, 0.036410376677],
      [0.42470796354, 0.19733694, 0.23819954322, 0.036391405572, 0.10336414766],
      [0, 0.40048711223, 0.32849091063, 0.088833180328, 0.18218879681]
    ],
    [
      [0.79225761407, 0.12027980346, 0.08746258247, 0, 0],
      [0.072580960875, 0.023063969481, 0.87905098396, 0, 0.025304085686],
      [0.12574758732, 0.40286191856, 0.1501400668, 0.045397119818, 0.2758533075],
      [0.00016737962147, 0.37373999078, 0.15082468888, 0.076714669692, 0.39855327102]
    ],
    [
      [0.64940337722, 0.22376088873, 0.12502616449, 0, 0.0018095695603],
      [0.043849689538, 9.3377424977e-05, 0.92781561304, 0, 0.028241319997],
      [0.072850362871, 0.52975403159, 0.14565048024, 0.1370699704, 0.11467515491],
      [0, 0.49614612989, 0.15571870075, 0.20220117607, 0.14593399329]
    ],
    [
      [0.68517747568, 0.23039824923, 0.08273707422, 1.1498609852e-05, 0.0016757022605],
      [0.067827704749, 0.00025559306568, 0.89340540357, 0.00023073879247, 0.038280559826],
      [0.080414556869, 0.57527854495, 0.10123198871, 0.12815366022, 0.11492124925],
      [1.3735865865e-05, 0.54845224637, 0.11051286927, 0.19101433739, 0.1500068111]
    ],
    [
      [0.82389855541, 0.10178563011, 0.07322178942, 5.3738297601e-16, 0.0010940250567],
      [0.048440010634, 0, 0.90836438782, 0.0024911814177, 0.040704420131],
      [0.14862151037, 0.487876796, 0.14779759697, 0.057650737749, 0.15805335891],
      [0.0065372536814, 0.52182176719, 0.17221691713, 0.089751600366, 0.20967246162]
    ],
    [
      [0.8060755221, 0.10779327198, 0.086131205917, 0, 0],
      [0.036059485961, 0.01001393487, 0.95392657917, 0, 0],
      [0.18101769184, 0.60675092477, 0.21223138339, 0, 0],
      [2.4690594275e-10, 0.65511453002, 0.25504739766, 0.041472793941, 0.048365278136]
    ],
    [
      [0.67288521169, 0.20417400362, 0.12067515809, 0.00026511448204, 0.0020005121146],
      [0.047351888174, 0.003510332772, 0.91057623005, 0.0033305006956, 0.035231048311],
      [0.073236808253, 0.47619763528, 0.13956324205, 0.12255548067, 0.18844683374],
      [9.2690778574e-05, 0.43601204565, 0.14353494272, 0.17422253285, 0.24613778801]
    ],
    [
      [0.68005458518, 0.21755962904, 0.10147080848, 0, 0.0009149773019],
      [0.056827826419, 0.00053134389959, 0.92372368811, 0, 0.018917141567],
      [0.084842649749, 0.57237891422, 0.13171044753, 0.13680602338, 0.074261965123],
      [4.3606902178e-05, 0.54978131289, 0.14382374825, 0.20705215428, 0.099299177681]
    ],
    [
      [0.6747628561, 0.2075376476, 0.11604972383, 8.6263758702e-05, 0.0015635087103],
      [0.047391069278, 0, 0.92581692982, 0.0010536502097, 0.025738350691],
      [0.084496292697, 0.5402047137, 0.14779488725, 0.12179143822, 0.10571266813],
      [5.2828800851e-05, 0.51995153547, 0.16251664973, 0.18111656236, 0.13636242364]
    ],
    [
      [0.87509508375, 0.085994273381, 0.038644050761, 8.6864646016e-16, 0.00026659211169],
      [0.10819681206, 0.0083998549527, 0.87151848237, 0.011235954954, 0.00064889566626],
      [0.1736533018, 0.54152199927, 0.12809831523, 0.1240095426, 0.032716841097],
      [0, 0.59378822676, 0.1392111848, 0.20189011348, 0.065110474961]
    ],
    [
      [0.51909710263, 0.32909005274, 0.14950729875, 0, 0.0023055458806],
      [0.016877009789, 0.0017958248687, 0.96025000572, 0, 0.021077159618],
      [0.050895152354, 0.68194509238, 0.15466270163, 0.032724770054, 0.079772283588],
      [0, 0.66006974291, 0.16512426399, 0.075340763936, 0.099465229158]
    ],
    [
      [0.58495298593, 0.23690701677, 0.17453517588, 0.0011836897483, 0.0024211316694],
      [0.022676594638, 0.00089681762357, 0.93971661011, 0.0054880161171, 0.031221961515],
      [0.049163486291, 0.48182292319, 0.17235492739, 0.12310257348, 0.17355608965],
      [0, 0.43474047012, 0.17729362689, 0.16876612262, 0.21919978037]
    ],
    [
      [0.76006002447, 0.14657102051, 0.091571051123, 0.00063106010485, 0.0011668437944],
      [0.056138654452, 0, 0.92457330322, 0.0026294171114, 0.016658625218],
      [0.12283171369, 0.54683960177, 0.1647691205, 0.08617709844, 0.079382465593],
      [2.4410152997e-05, 0.56671673477, 0.19356905741, 0.13240572518, 0.10728407249]
    ],
    [
      [0.66019923088, 0.20292413603, 0.13519927295, 0, 0.0016773601418],
      [0.041612828277, 0.0028072604372, 0.93184782743, 0, 0.023732083857],
      [0.083415787964, 0.53919185057, 0.1748641567, 0.086739366426, 0.11578883834],
      [1.3565776251e-05, 0.51955345265, 0.19551938669, 0.13272248858, 0.15219110631]
    ],
    [
      [0.75615034246, 0.10582833732, 0.13583634227, 0.00061895021674, 0.0015660277296],
      [0.050511534544, 0.0033125277941, 0.91527931093, 0.008930567421, 0.021966059312],
      [0.11458877596, 0.34107794587, 0.21273518216, 0.10490775742, 0.2266903386],
      [0.00019462609742, 0.31945092194, 0.22908847665, 0.14734976972, 0.30391620559]
    ],
    [
      [0.63076541163, 0.26271180192, 0.10469696544, 0, 0.0018258210135],
      [0.044679127986, 0, 0.93097785083, 0, 0.024343021184],
      [0.078403396946, 0.65890916544, 0.1280582158, 0.0509056279, 0.083723593914],
      [9.5261792189e-05, 0.65298463139, 0.14323038757, 0.094629721098, 0.10905999815]
    ],
    [
      [0.64668606197, 0.24257354647, 0.11044285684, 0.0002110698695, 8.6464849174e-05],
      [0.050473756818, 0.0012472158481, 0.93725317744, 0.0015519843479, 0.0094738655426],
      [0.078579208089, 0.62252168993, 0.14084818474, 0.1073077518, 0.050743165437],
      [0.00016502538793, 0.60639951247, 0.15454198278, 0.16093318713, 0.077960292235]
    ],
    [
      [0.40309843489, 0.49904501563, 0.09695755664, 0.00089899283515, 0],
      [0.027049123683, 0.0021814157054, 0.9560136476, 0.0026969785194, 0.012058834488],
      [0.015636073776, 0.80496486472, 0.081695743715, 0.076273000562, 0.021430317231],
      [0, 0.76982064891, 0.081884490535, 0.10115839838, 0.047136462173]
    ],
    [
      [0.7974099254, 0.16770316249, 0.027074771036, 0, 0.0078121410747],
      [0.12179853307, 0.0015729033831, 0.81794287081, 0, 0.058685692733],
      [0.12229820184, 0.68451793517, 0.04455480899, 0, 0.148629054],
      [1.9821094771e-10, 0.70960702856, 0.067204511939, 0.051063522615, 0.17212493669]
    ],
    [
      [0.5581326745, 0.38486466993, 0.057002655576, 0, 0],
      [0.05664553622, 0.0040246174128, 0.93932984637, 0, 0],
      [0.067515843368, 0.86661315891, 0.06587099772, 0, 0],
      [7.2619707333e-11, 0.85771395659, 0.066275933936, 0.042162518586, 0.033847590816]
    ],
    [
      [0.72367956311, 0.22779633153, 0.04437355641, 0, 0.0041505489515],
      [0.088629392891, 0.00046486120104, 0.84535066422, 0, 0.06555508169],
      [0.092396739697, 0.67058856738, 0.053978424046, 0.031065928214, 0.15197034066],
      [0.0013083531822, 0.66504103772, 0.070536178728, 0.071370912771, 0.1917435176]
    ],
    [
      [0.64518603956, 0.25003756684, 0.10309210755, 2.7915822123e-05, 0.0016563702296],
      [0.051969344637, 0, 0.91717102056, 0.00025574496905, 0.030603889838],
      [0.07185658703, 0.58411217473, 0.11862653765, 0.12242018197, 0.10298451863],
      [1.429495372e-05, 0.5567976552, 0.12892121583, 0.18168435834, 0.13258247567]
    ],
    [
      [0.58513563383, 0.29228132981, 0.11778883019, 0.000800700711, 0.0039935054539],
      [0.027368518685, 0, 0.94102523699, 0.0017157872591, 0.029890457062],
      [0.051500785617, 0.5761301013, 0.11548842379, 0.15874276694, 0.098137922348],
      [0, 0.54104295893, 0.11848922395, 0.22751967415, 0.11294814297]
    ],
    [
      [0.84174373547, 0.10471616644, 0.051792413721, 0.00051415936032, 0.0012335250067],
      [0.10592740863, 0.0066833825781, 0.84691145319, 0.0028909337754, 0.03758682183],
      [0.15685559953, 0.4867887098, 0.12730850931, 0.098932853936, 0.13011432742],
      [0, 0.51257122077, 0.1382858951, 0.16089508493, 0.18824779921]
    ],
    [
      [0.56961151211, 0.33778249606, 0.092605991829, 0, 0],
      [0.029580205891, 0.062604568804, 0.88069034253, 0, 0.027124882773],
      [0.040753800702, 0.78824581931, 0.024444421268, 0.07132215852, 0.075233800198],
      [0, 0.58221554098, 0.08989437833, 0.17627425139, 0.15161582929]
    ],
    [
      [0.61689403549, 0.18972184406, 0.19194751889, 0, 0.0014366015626],
      [0.023522438108, 0.0095141171352, 0.95159892571, 0, 0.015364519047],
      [0.07360711151, 0.50422979351, 0.24499188093, 0.074929375919, 0.10224183813],
      [0, 0.48087867716, 0.27202908419, 0.11317877589, 0.13391346277]
    ],
    [
      [0.70990151331, 0.15616221706, 0.1324251634, 0.00017899893232, 0.0013321073053],
      [0.046401247061, 0.0021356675513, 0.92980284125, 0.0019564583405, 0.019703785793],
      [0.10274676193, 0.47768367741, 0.19664109561, 0.11557458129, 0.10735388376],
      [6.4882775958e-06, 0.46293670456, 0.22160162338, 0.17374000501, 0.14171517878]
    ],
    [
      [0.60071595055, 0.29991414718, 0.097448793087, 8.6755024459e-05, 0.0018343541517],
      [0.051306291082, 0.00053637618206, 0.91226076798, 0.00045626718605, 0.035440297571],
      [0.057945583143, 0.62508845293, 0.098741196032, 0.11708944614, 0.10113532175],
      [0, 0.5904020881, 0.10804524895, 0.17200378975, 0.12954887321]
    ],
    [
      [0.68243789402, 0.16937285134, 0.1474904009, 2.4789499927e-05, 0.00067406424365],
      [0.040426726349, 0.0086080583714, 0.94040323177, 0.00019335810592, 0.0103686254],
      [0.0995434354, 0.52993994546, 0.21564930754, 0.081148989139, 0.073718322458],
      [3.2607675251e-05, 0.5162064727, 0.25513339352, 0.12585056897, 0.10277695714]
    ],
    [
      [0.71147185427, 0.19931679631, 0.088163400586, 6.3226839838e-05, 0.00098472199075],
      [0.066406887926, 0, 0.91089191493, 0.0004119324587, 0.022289264682],
      [0.095255938735, 0.57318394954, 0.12548825519, 0.12514063124, 0.080931225297],
      [0, 0.56121401826, 0.13924655774, 0.19088139931, 0.10865802469]
    ],
    [
      [0.6417519974, 0.25993388661, 0.097084233679, 0, 0.0012298823152],
      [0.055274274914, 0.00019204124515, 0.91991667207, 0, 0.024617011775],
      [0.076180160597, 0.64035741438, 0.11811193171, 0.082881681697, 0.082468811622],
      [6.1813576364e-05, 0.62742652328, 0.13161019196, 0.13075855836, 0.11014291282]
    ],
    [
      [0.58837960072, 0.29924938184, 0.11069691601, 0.0001042536439, 0.0015698477871],
      [0.044332648744, 0, 0.92782482479, 0.00053385057298, 0.027308675893],
      [0.056760048949, 0.62873153021, 0.11514785874, 0.11141339043, 0.087947171671],
      [0, 0.59782126109, 0.12436118114, 0.16436424877, 0.113453309]
    ],
    [
      [0.53480983565, 0.39114169945, 0.073023433581, 0.00038174390126, 0.0006432874257],
      [0.060076619658, 0.003057921866, 0.90818306075, 0.001126144531, 0.02755625319],
      [0.046430031865, 0.75327685474, 0.057654378809, 0.091558490002, 0.051080244585],
      [0, 0.71747010361, 0.075041837127, 0.13253759762, 0.074950461639]
    ],
    [
      [0.75006690535, 0.16668093457, 0.081725410438, 0, 0.0015267496479],
      [0.068696708517, 0.0021283227809, 0.89898350758, 0, 0.030191461123],
      [0.10858149185, 0.49961578459, 0.12226355965, 0.16847104371, 0.10106812021],
      [0, 0.47374484419, 0.1300238355, 0.26788208869, 0.12834923161]
    ],
    [
      [0.5994430865, 0.30731909218, 0.090842224966, 9.853065636e-05, 0.00229706569],
      [0.05162689817, 0.0030602049137, 0.89001626326, 0.00062402750672, 0.054672606148],
      [0.05473056447, 0.61951451341, 0.088606910492, 0.089550279781, 0.14759773185],
      [0, 0.57524223755, 0.095138681859, 0.12968222608, 0.19993685451]
    ],
    [
      [0.63764955692, 0.23141462164, 0.12921237407, 3.8173104118e-05, 0.0016852742671],
      [0.042135166411, 0.0001501243646, 0.93169854403, 0.00040203589772, 0.025614129296],
      [0.071369467999, 0.55119635456, 0.1509362264, 0.11854258874, 0.1079553623],
      [0, 0.52214036943, 0.16403368948, 0.17495298442, 0.13887295666]
    ],
    [
      [0.66566226877, 0.22905921578, 0.10382866618, 0, 0.0014498492742],
      [0.053678611988, 0, 0.91960619894, 0, 0.026715189073],
      [0.078951008814, 0.56893887108, 0.1271718149, 0.12905542196, 0.095882883243],
      [4.409486781e-05, 0.54412845988, 0.13856148945, 0.19328078309, 0.12398517271]
    ],
    [
      [0.64775743683, 0.25440728123, 0.096115738195, 3.653600198e-05, 0.0016830077334],
      [0.056475716238, 0, 0.90954260576, 0.0003006733452, 0.033681004662],
      [0.072345409013, 0.59763722764, 0.11104425426, 0.11140656042, 0.10756654866],
      [1.344252091e-05, 0.5721425454, 0.12158442778, 0.16613232421, 0.14012726008]
    ],
    [
      [0.6243697933, 0.2689890435, 0.10518847112, 5.8473325797e-05, 0.001394218758],
      [0.049933828694, 0, 0.92372842285, 0.00044585912663, 0.025891889329],
      [0.06723997733, 0.61159689185, 0.11800087903, 0.11669955179, 0.086462699998],
      [0, 0.58519128342, 0.12860859308, 0.17363427333, 0.11256585017]
    ],
    [
      [0.63056187353, 0.25796979706, 0.10974080102, 0, 0.0017275283931],
      [0.04762148721, 0.00023843282775, 0.92210825116, 0, 0.030031828803],
      [0.06651145177, 0.57397423885, 0.12042011207, 0.13791831654, 0.10117588077],
      [0, 0.5380282373, 0.12862171602, 0.20503909826, 0.12831094842]
    ],
    [
      [0.70433330833, 0.1970933959, 0.09684426116, 0, 0.0017290346072],
      [0.058743618375, 0.0004507809488, 0.9065857365, 0, 0.034219864173],
      [0.088452338343, 0.51214537522, 0.12472669534, 0.15188390916, 0.12279168194],
      [6.9396206017e-05, 0.4803986138, 0.13240850235, 0.22987102934, 0.1572524583]
    ],
    [
      [0.64147391392, 0.25477352507, 0.10203078032, 0, 0.0017217806841],
      [0.046404781541, 0.0043903922814, 0.918425755, 0, 0.03077907118],
      [0.070260208968, 0.55501556073, 0.10907976942, 0.17240508848, 0.093239372392],
      [6.5217715843e-05, 0.50345245389, 0.11332381189, 0.26908320369, 0.11407531282]
    ],
    [
      [0.63599063448, 0.25731256595, 0.1052787383, 0, 0.0014180612616],
      [0.050129044506, 0.00066791580362, 0.92324118856, 0, 0.025961851131],
      [0.069217498658, 0.58511639861, 0.117858088, 0.14153136246, 0.086276652276],
      [1.7137508519e-05, 0.55065344086, 0.12655324479, 0.21229650561, 0.11047967124]
    ],
    [
      [0.66588556054, 0.23719972234, 0.095328846559, 5.0806712697e-05, 0.001535063845],
      [0.057427992835, 0, 0.91250512691, 0.00033677593946, 0.02973010432],
      [0.08015290964, 0.59700344541, 0.11814145505, 0.10454559175, 0.10015659814],
      [2.5235743783e-05, 0.58024226104, 0.13086013856, 0.1577868788, 0.13108548585]
    ],
    [
      [0.73760240453, 0.184960083, 0.076043361, 3.2657180388e-06, 0.0013908857434],
      [0.076860879719, 0.00088592270418, 0.88825603399, 1.9739465352e-05, 0.033977424117],
      [0.10322237359, 0.56971188151, 0.11667678133, 0.09533692478, 0.11505203878],
      [0, 0.56536216655, 0.13047103696, 0.14840715464, 0.15575964184]
    ],
    [
      [0.45429707748, 0.24407894545, 0.30162397707, 0, 0],
      [0, 0.017153305339, 0.98284669466, 0, 0],
      [0.045475243543, 0.63775010188, 0.31677465458, 0, 0],
      [6.1145014179e-11, 0.55961842257, 0.36805213357, 0.034939300915, 0.03739014289]
    ],
    [
      [0.80461028602, 0.10853575937, 0.084728517239, 0, 0.0021254373795],
      [0.048945553003, 0.0058309484375, 0.90788472053, 0, 0.037338778027],
      [0.16153944721, 0.50660488808, 0.17461344795, 0, 0.15724221676],
      [2.3623113732e-10, 0.52285239057, 0.21216912754, 0.051522819909, 0.21345566174]
    ],
    [
      [0.6823668303, 0.23921622812, 0.077195634801, 0, 0.001221306779],
      [0.072455163206, 0.00022704097925, 0.89816189707, 0, 0.029155898746],
      [0.084934086437, 0.63574250377, 0.10046162681, 0.093584200708, 0.085277582279],
      [0, 0.62747687768, 0.11372721542, 0.14464118637, 0.11415472052]
    ],
    [
      [0.60155622282, 0.29397857648, 0.10291433877, 1.6862033489e-05, 0.0015339998921],
      [0.049162604669, 0.00088008087006, 0.92071256962, 0.00014665533825, 0.0290980895],
      [0.059176284058, 0.62119518996, 0.10681954904, 0.12483325545, 0.087975721503],
      [0, 0.58660156499, 0.11567823837, 0.1844131275, 0.11330706914]
    ],
    [
      [0.82494651122, 0.10922117259, 0.064178965385, 0, 0.0016533508073],
      [0.08294693755, 0.0068462230055, 0.87904783448, 0, 0.031159004964],
      [0.15908563475, 0.50662066381, 0.14952091868, 0.061287363027, 0.12348541974],
      [0, 0.53866950289, 0.1748381363, 0.11056303903, 0.17592932177]
    ],
    [
      [0.60491948688, 0.3033358372, 0.091604691279, 5.0257207594e-05, 8.9727429838e-05],
      [0.056596042174, 0.0013106481736, 0.92445552751, 0.00018786624297, 0.017449915899],
      [0.065993973119, 0.69026109573, 0.10306145447, 0.085184561435, 0.055498915249],
      [9.5179035231e-05, 0.67476786849, 0.1141891526, 0.13034373659, 0.080604063273]
    ],
    [
      [0.64954204608, 0.26137285376, 0.087418053226, 0, 0.0016670469282],
      [0.061307149804, 0.00082815864577, 0.90279142412, 0, 0.035073267432],
      [0.075759561411, 0.6309394451, 0.10372630388, 0.084759788756, 0.10481490085],
      [2.619103466e-05, 0.61318581005, 0.11559717665, 0.13263706827, 0.138553754]
    ],
    [
      [0.85235499365, 0.082377760402, 0.063033358536, 0, 0.0022338874174],
      [0.083387681571, 0.0086507762984, 0.88167914946, 0, 0.026282392667],
      [0.20787476694, 0.4599124311, 0.17492620638, 0.050404860739, 0.10688173484],
      [0, 0.52135250629, 0.21688806485, 0.10106994606, 0.16068948279]
    ]
  ],
  "expected_outcome": [
    [
      [36.4568580419, 2.3656811068, 57.271310872, 29.5976236772, 6.3906152615, 11.8838642111, 27.9243452206, 10.2776621353, 0, 1.6121510442, 10.7661633871, 19.0415283851, 9.4466799855, 0, 4.152776821, 6.4344828452, 4.5603601468, 64.699524626, 10.5861047945, 9.4614811745, 10.9936630535, 1.2092953047, 3.1896397016, 0.5581326745, 2.8947182524, 20.0007672263, 4.0959494368, 44.6124179798, 12.5314532664, 6.7858343903, 70.9901513307, 48.6579919949, 20.4731368207, 23.4785711909, 38.5051198439, 34.1260168417, 21.3923934259, 27.0024085925, 5.3949877785, 29.969529175, 21.9668548692, 39.5132036469, 29.9697500783, 25.222474941, 21.8343325584, 17.3197956759, 27.3475972828, 23.305994619, 33.1921082041, 0.45429707748, 1.609220572, 26.6123063817, 91.4365458687, 14.8490372019, 25.406618449, 137.0533717232, 29.8324247776],
      [18.5464706529, 1.3553295342, 15.8600487859, 4.561886699, 0.1166800575, 1.8041970519, 9.6217182153, 3.4559737384, 0, 0.21558654397, 3.266784058, 6.0916696131, 2.9055270664, 0, 2.6327204219, 2.6059771845, 0.87942612306, 19.8865653313, 1.4815967225, 3.9406770287, 4.1237502901, 1.4971350469, 0.67081264997, 0.38486466993, 0.91118532612, 7.751164572, 2.0459693087, 5.5499568215, 7.4312149133, 2.0869402847, 15.6162217056, 24.2930459218, 5.0811855401, 6.5774542783, 15.5960331964, 17.356464147, 15.6456679778, 6.0005136444, 2.7658718297, 10.8764872172, 7.5589541207, 15.5188441553, 12.9114740878, 10.3187918824, 6.1098952728, 6.878885177, 11.0644403359, 8.3019902819, 8.3232037352, 0.24407894545, 0.21707151873, 9.3294328967, 44.6847436256, 1.9659811066, 12.7401051625, 55.1496721443, 2.8832216141],
      [8.8853986663, 0.26907739227, 8.7467505851, 3.7600337566, 0.35776065096, 1.3119387371, 5.3761250731, 1.2410561133, 0, 0.17226241183, 1.9308025294, 2.8411826373, 1.6246961336, 0, 1.19605839, 1.9198869347, 0.54942630674, 13.2495287488, 1.9017087918, 1.5704544816, 1.8775285662, 0.29087266992, 0.10829908414, 0.057002655576, 0.17749422564, 3.195855334, 0.82452181133, 2.7449979272, 2.0373318202, 2.1114227078, 13.24251634, 7.8933522401, 4.4247120269, 2.9093922193, 5.8250540208, 6.4204211283, 2.9209373432, 2.9421147758, 0.81758002469, 6.0729815813, 3.426345984, 5.8630600299, 5.0490466139, 4.3896320408, 3.002172096, 2.7548310686, 4.526985747, 3.3365096296, 3.421951245, 0.30162397707, 0.16945703448, 3.0106297572, 15.6429794931, 1.1552213769, 3.8473970337, 18.4452092307, 2.2061675488],
      [0.00079019550283, 0.0063357681337, 0, 0.020651417202, 0.02806859563, 0, 0, 0.00017247914778, 0, 0, 0.0042418317127, 0, 0.0012076926218, 0, 0, 0.013020587231, 0.0037863606291, 0, 0.0086653030344, 0, 0.0035881877814, 0.0026969785054, 0, 0, 0, 0.0008653904858, 0.005604904977, 0.027250446097, 0, 0, 0.017899893232, 0.0070271569812, 0.00074368499781, 0.0020864857147, 0, 0.0060467113463, 0.01526975605, 0, 0.00088677590724, 0.0017941358936, 0, 0.0022286961208, 0.0028067196383, 0, 0, 0, 0, 0.0017782349444, 0.00014695731175, 0, 0, 0, 0.0025630290903, 0, 0.0021108027189, 0, 0],
      [0.11048244332, 0.0035761985832, 0.121889757, 0.059804450004, 0.10687543444, 0, 0.077811491095, 0.025135533908, 0, 0, 0.032008193834, 0.025619364453, 0.021889121944, 0, 0.018444367045, 0.026632448363, 0.0070010627662, 0.1643812939, 0.021924388214, 0.027387315203, 0.001469902436, 0, 0.031248564299, 0, 0.016602195806, 0.051347477116, 0.027954538178, 0.065376825352, 0, 0.015802617188, 0.13321073053, 0.14858268628, 0.02022192731, 0.032495825695, 0.073792938911, 0.091051171653, 0.025731497028, 0.054962987325, 0.02067359121, 0.079207890553, 0.047845026049, 0.10266347174, 0.066922500386, 0.069101135725, 0.053600072824, 0.04648807847, 0.060976634249, 0.053727234577, 0.062589858452, 0, 0.0042508747591, 0.04763096438, 0.23316798359, 0.029760314532, 0.0037685520532, 0.35174690184, 0.078186059609]
    ],
    [
      [15.3672993393, 0.84411576264, 25.8525392788, 8.4969658817, 2.2658095407, 11.5403727792, 20.6970534621, 20.4161391294, 0.62972013825, 0.39665434557, 9.517729523, 15.7413079182, 8.1038728465, 3.1377075497, 0.55694132304, 1.1565063265, 1.4034663613, 22.5125400981, 10.203329978, 2.8147850631, 6.3092196022, 0.24344211315, 0.60899266537, 0.22658214488, 0.97492332181, 14.7592938768, 0.41052778027, 31.5663677713, 2.188935236, 7.4801353185, 50.7165630376, 21.856480001, 9.4598539657, 14.2774809041, 17.4113965979, 13.1667966769, 7.0890411197, 16.0063330845, 2.9427331957, 20.8569073733, 16.3719766564, 28.3508095513, 18.2757813019, 16.3817916003, 14.2746992651, 9.9306232498, 16.1415523309, 13.3232943376, 20.9061592836, 0, 1.3215299311, 21.3018179826, 64.992963372, 8.1287998799, 8.8855786213, 46.7160481504, 11.3407246937],
      [0.52474497771, 0, 0, 0, 0.14142015016, 3.6671711475, 0.044074144589, 0.076933512768, 0, 0.11015328357, 0.70557688716, 0.14718226019, 0, 0.24359579363, 0.059262220667, 0.045737698802, 0, 1.5187278965, 0.66913061441, 0, 0.15590198102, 0.019632741349, 0.0078645169157, 0.016098469651, 0.0051134732115, 0, 0, 1.9916480083, 4.6327380915, 3.025489249, 2.3342846336, 0.22849625356, 2.0142856589, 0, 0.060492992222, 0, 0.36083478019, 0.49589920794, 0.17443168008, 0.074311560475, 0, 0, 0, 0.082020892745, 0.10953977056, 0.93954394821, 0.21506888876, 0, 0.24097097554, 0.10291983203, 0.15743560781, 0.0667500479, 1.1634669102, 0.67092985454, 0.20577176326, 0.63105688807, 1.1765055766],
      [446.5043945283, 13.7300059609, 433.1727962841, 123.3924730084, 9.0733584876, 139.7691064493, 437.9289693546, 268.9150264737, 11.8087370416, 10.4931923709, 183.0258222395, 255.8714616075, 158.3146949995, 25.2740359886, 31.6882501889, 47.9255471155, 23.1143325805, 504.1296746388, 184.8864208076, 58.6516046023, 117.1566471804, 8.6041228284, 4.089714354, 3.7573193855, 9.2988573064, 260.4765698381, 14.1153785549, 252.3796130502, 65.1710853473, 302.6084583757, 1016.2745054912, 388.6230871591, 220.054356235, 195.8417617108, 289.7737517007, 275.5639729629, 107.1656011691, 209.463157266, 50.7309270059, 461.1907792954, 280.4798906763, 456.590388089, 338.0846027635, 317.2052383987, 220.3003339702, 196.5431115694, 297.2836627161, 211.7011894422, 241.6056412463, 5.897080168, 24.5128874544, 264.0595977381, 1217.1820170415, 86.1466877791, 145.139517819, 687.9270651782, 119.908364327],
      [0.043344237672, 0.08909673963, 0, 0.26452120085, 0.082487301469, 0, 0, 0.069452376534, 0.032385358431, 0, 0.66943063982, 0, 0.18017418586, 0.32584269368, 0, 0.27988882197, 0.065735427786, 0, 1.803974619, 0, 0.19399804349, 0.024272806675, 0, 0, 0, 0.072631571211, 0.025736808886, 0.86149826506, 0, 0, 2.1384089662, 0.19436982126, 0.045245796785, 0.08856547862, 0, 0.15855362018, 0.13288505465, 0, 0.035569567883, 0.19900776937, 0, 0.15093801929, 0.16318444035, 0, 0, 0, 0, 0.078132017954, 0.0053691345757, 0, 0, 0, 0.19387835717, 0, 0.029495000146, 0, 0],
      [11.5602169171, 0.33678153684, 11.9746644371, 3.846039909, 0.43692452012, 4.023349624, 13.3299030387, 11.5224485076, 0.5291574617, 0, 7.0814407105, 5.2400482142, 4.4012579681, 0.018817974321, 0.69554626741, 1.5923200372, 0.41646563044, 12.8390573665, 4.437143981, 1.5336103346, 1.1842331928, 0.10852951039, 0.29342846367, 0, 0.72110589859, 8.6915047139, 0.44835685593, 11.2008729052, 2.0072413252, 4.8859170568, 21.5362378714, 15.0975667651, 2.4262583436, 4.7921919065, 7.7543587091, 8.1106767401, 3.2516378764, 7.0346104416, 3.1163385504, 12.6789940015, 8.1481326673, 16.9078643404, 9.4764314943, 10.3309491083, 8.3154269941, 6.5867212325, 8.3597160643, 6.8973842023, 9.2418593599, 0, 1.0081470067, 8.5718342314, 38.4676743191, 3.0535824864, 2.7396367962, 26.7258297834, 3.5744054027]
    ],
    [
      [28.1758426188, 1.7876034799, 31.8757755655, 11.905326264, 9.3435751979, 12.574758732, 30.3786013174, 28.305924018, 1.3375935933, 1.9911946102, 8.7151801821, 26.2163787725, 14.4488660512, 4.8622924503, 2.2902818559, 2.4090108283, 5.0361002614, 37.7873519475, 14.2090082187, 5.7234479771, 14.6943119127, 0.54726258217, 2.201367633, 1.2152851806, 2.125125013, 28.2396387028, 1.4935227829, 50.8212142489, 17.2796114976, 12.7340302912, 78.2930325889, 49.4855280041, 29.0666831369, 31.243947905, 31.0815055237, 30.7071864814, 22.5185654545, 28.9912583231, 7.6622790258, 49.1735634516, 34.6594928694, 50.1353684459, 33.7544686199, 30.3957334587, 26.8895108562, 23.7479506313, 26.5103019861, 26.3703072714, 44.9017325123, 0.54570292252, 3.0692494969, 31.0858756358, 105.5704907593, 17.0221629182, 15.7065656022, 70.2291134284, 21.8268505287],
      [326.6599617268, 20.461356947, 184.0271255447, 39.1556376534, 4.3414126801, 40.2861918559, 220.9074311722, 202.4980478214, 4.390891164, 6.6742601725, 56.6675185984, 176.8650844947, 92.3750060435, 15.1626159796, 30.687529157, 23.6093232362, 22.4204236726, 244.2539083084, 42.2936652875, 48.1003690771, 116.4115560169, 28.173770265, 12.3213228331, 15.5990368604, 15.4235370498, 229.5560846688, 16.7077729378, 157.7195419757, 334.2162273886, 87.2317542775, 363.9949621829, 533.8255388029, 154.742464074, 188.0043354478, 261.2658250663, 340.1437578431, 365.339274548, 133.3974144848, 86.7320318772, 379.7742882921, 249.7641644038, 414.1625987561, 307.0216397091, 262.3062271565, 155.6921940667, 187.5952595276, 224.0995806679, 196.4141335415, 247.8246684579, 7.6530012225, 9.6254928735, 232.6817563794, 1108.2122188808, 54.2084110273, 164.2821407838, 584.8808656051, 48.2908052653],
      [77.9099541531, 1.7669361009, 49.9499764914, 15.7980208651, 5.2403899508, 15.0140066804, 60.7362502581, 35.6336600276, 1.3301783727, 2.3345452173, 16.6080258039, 40.6985282866, 25.2729257198, 3.5867528266, 6.9598215731, 8.4453914423, 6.7555339406, 79.2134629849, 26.3791625875, 9.3482497534, 26.3386105462, 2.85935103, 0.80198656181, 1.185677959, 1.2415037531, 46.6202292955, 3.34916429, 41.2479570157, 10.3644346175, 42.3835954011, 149.8405148571, 84.324981411, 62.9695978029, 41.1601477038, 48.1896681357, 62.2949915763, 27.9623737224, 32.6443704257, 12.4049674689, 103.9950599914, 55.8284267407, 76.9536682031, 59.2364412719, 55.0319912159, 37.9169153844, 36.8689620647, 45.1396477037, 38.8685387113, 50.7543998803, 3.801295855, 3.3176555111, 36.7689554116, 190.5660754826, 15.9987382987, 24.5286261634, 96.1542836987, 18.3672516703],
      [71.830362805, 2.5322384903, 47.8663036708, 7.0798175257, 0.80061092257, 4.5397119818, 57.1581776547, 45.1100883965, 0.51885663974, 0, 14.5841022, 42.273061223, 20.8263359355, 3.4722671928, 1.4726146525, 6.0320261003, 3.5332610361, 39.292932991, 13.0085619201, 3.7161108367, 20.0665495875, 2.6695550197, 0, 0, 0.71451634892, 48.1111315131, 4.6035402412, 32.0542446752, 30.2405952124, 12.962782034, 88.0678309454, 99.9943870063, 23.6955048286, 41.046127046, 33.8157261325, 60.274644225, 44.4058676512, 44.9817686696, 12.5370391693, 81.6758436399, 56.6553302426, 77.204746371, 58.583175, 63.0286706592, 46.1727083838, 58.2729199079, 54.2065118204, 34.3954996862, 41.4715622792, 0, 0, 34.251817459, 222.7025277157, 6.5577478439, 20.2739256214, 78.5723241768, 5.2925103776],
      [51.4238786963, 1.4518649819, 35.2808187277, 13.0611976917, 2.2740112486, 27.5853307498, 47.8195395976, 40.4522797365, 1.4224802302, 0, 22.4251732156, 22.9469472231, 18.07686625, 0.91607155072, 3.5897527614, 8.5042483929, 3.2546810893, 52.4523437682, 28.1096019861, 6.1118223557, 9.4889719367, 0.75006110309, 2.675322972, 0, 3.4953178352, 40.4729158198, 2.8459997481, 42.1570420845, 31.8991312838, 17.6878379962, 81.8036594258, 86.3695647758, 21.5257501576, 26.5454418974, 33.6472751418, 47.5794198743, 24.773918624, 26.9851880968, 20.6636824587, 74.381244625, 42.0925857436, 74.543618224, 43.4042753992, 46.2373775096, 37.3286713088, 31.5149078685, 33.0439578219, 32.9515207896, 50.0476368704, 0, 2.9876021185, 31.2115951143, 156.9486871616, 13.2129399119, 13.2087418292, 97.163413091, 11.2225821581]
    ],
    [
      [0, 0.0025996506608, 0.00037428367717, 8.4177023733e-05, 0, 0.0010042777288, 0, 0.0002747173173, 0.032686268407, 0, 0.00092690778574, 0.00078492423921, 0.00058111680936, 0, 0, 0, 7.3230458991e-05, 0.00058332837878, 0.0015570087794, 0.00028578537657, 0.0028054315948, 0, 0, 0, 0.0052334127289, 0.00030019402813, 0, 0, 0, 0, 0.00025304282624, 0, 0.00032607675251, 0, 0.0019780344437, 0, 0, 0, 0, 0, 0.0016756049768, 0.00061835596184, 0, 0, 0.0014573203264, 0.0016304428961, 0.0005484002726, 0.00040377190053, 0, 0, 0, 0, 0, 0, 0.001237327458, 0.001466697941, 0],
      [32.2688226426, 2.1833135188, 10.1128256694, 2.2824756476, 0.40048711223, 2.2424399447, 9.4267764679, 10.9690449275, 2.609108836, 0, 4.3601204565, 9.896063632, 5.7194668901, 0.59378822676, 4.6204882004, 1.7389618805, 1.7001502043, 22.3407984638, 2.5556073756, 1.9589538942, 10.308791712, 2.3094619467, 0, 0, 2.6601641509, 11.6927507592, 3.2462577536, 9.7388531945, 15.7198196066, 8.6558161888, 18.054531478, 33.6529190218, 5.162064727, 8.4182102739, 20.0776487451, 27.4997780099, 18.654222694, 7.1061726628, 6.3276646131, 18.2749129302, 20.6768814755, 26.3185570885, 21.0668862031, 18.2929600683, 10.0883708899, 12.5863113472, 17.6209101074, 9.2838761766, 9.6111568314, 0, 0, 11.922060676, 63.9395705834, 2.1546780116, 8.7719822904, 34.3384053626, 3.6494675441],
      [8.7002526523, 0.23398054598, 3.1304766395, 1.0494723698, 0.32849091063, 0.90494813327, 2.9586553142, 2.2102573854, 0.86108458567, 0, 1.4353494272, 2.5888274686, 1.7876831471, 0.1392111848, 1.155869848, 0.70917450756, 0.58070717222, 8.4073336275, 1.8327078132, 0.4296911627, 2.6272137072, 0.24565347161, 0, 0, 0.28214471491, 2.7073455324, 0.71093534371, 2.6274320069, 2.4271482149, 4.8965235154, 8.6424633117, 6.1585791899, 2.5513339352, 2.0886983661, 4.2115261428, 5.7206143326, 1.9510877653, 1.9503575326, 1.0465255004, 5.741179132, 5.265336599, 5.592883678, 4.6299093507, 4.3731383446, 2.7805785494, 2.8330952973, 4.0497038331, 2.093762217, 2.2180076284, 0, 0, 2.160817093, 12.6089279828, 0.69935254522, 1.4844589838, 6.4734418925, 1.5182164539],
      [11.1255027619, 0.37232900192, 4.1336963292, 0.63500985628, 0.088833180328, 0.46028801815, 3.8418223453, 3.8202867478, 0.44875800183, 0, 1.7422253285, 3.726938777, 1.992282186, 0.20189011348, 0.52738534755, 0.67506449046, 0.39721717553, 5.707067009, 1.1787981578, 0.28388916329, 2.7358641812, 0.30347519515, 0, 0, 0.28548365108, 3.8153715252, 1.3651180449, 3.0570066136, 4.7594047876, 2.037217966, 6.7758601952, 9.8042160155, 1.2585056897, 2.8632209897, 4.1842738675, 7.5607554435, 3.4459775381, 4.0182313304, 1.4265044869, 6.1233544549, 7.3446697574, 7.6420869136, 6.2508338401, 6.9713293408, 4.8272916162, 6.7270800921, 6.7934881796, 2.5245900609, 2.5229216289, 0, 0, 2.748182541, 20.101030898, 0.44225215613, 1.6944685757, 7.4276758232, 0.70748962245],
      [6.9054219433, 0.20777728267, 2.6226270782, 1.0329579493, 0.18218879681, 2.3913196261, 2.7727458726, 3.000136222, 1.0483623081, 0, 2.4613778801, 1.7873851983, 1.49998666, 0.065110474961, 0.69625660411, 0.87679912149, 0.32185221747, 6.5442175714, 2.4313296447, 0.32717999445, 1.325324968, 0.14140938652, 0, 0, 0.76697407038, 2.7842319892, 0.67768885782, 3.5767081849, 4.0936273909, 2.4104423298, 5.5268919723, 7.3842857729, 1.0277695714, 1.6298703703, 3.5245732101, 5.218852214, 1.9487120026, 1.9252384742, 2.1993053996, 4.860553483, 4.7114365631, 6.4458539639, 4.0523706061, 4.3625722463, 3.3023016242, 2.8518828205, 3.5353494796, 2.0973677736, 2.6479139112, 0, 0, 2.1689396899, 12.3504705357, 0.70371728709, 1.0478528225, 7.7590102238, 1.1248263796]
    ]
  ],
  "prob": [
    [0.66166699796, 0.23401585941, 0.10268731495, 9.5645818412e-05, 0.0015341818564],
    [0.053068131987, 0.0021111425885, 0.91685825332, 0.00062643674054, 0.027336035366],
    [0.077535956649, 0.58686933876, 0.12446932793, 0.11211968282, 0.099005693846],
    [5.5133741741e-05, 0.55880518671, 0.13822550541, 0.17134331876, 0.13157085538]
  ],
  "iterations": 999,
  "logLik": -985.1254404479,
  "time": 1.106349,
  "message": "Maximum iterations reached",
  "status": 2,
  "miniter": 0,
  "maxiter": 1000,
  "maxtime": 3600,
  "param_threshold": 0.001,
  "ll_threshold": "-Inf",
  "initial_prob": "group_proportional",
  "adjust_prob_cond_method": "project_lp",
  "adjust_prob_cond_every": false,
  "candidates_id": ["Green Party.p", "Labour Party.p", "National Party.p", "New Zealand First Party.p", "Other parties votes.p"],
  "group_id": ["WOODLEY, Tane Hohepa.c", "FLETCHER, Jonathan Murray.c", "HIPKINS, Christopher John.c", "Other candidates votes.c"]
}
