{
  "Z_true": {},
  "V_true": [
    [1082, 1561, 754, 177],
    [423, 6627, 698, 373],
    [213, 406, 15959, 544],
    [61, 675, 443, 669],
    [111, 260, 1054, 734]
  ],
  "p_true": [
    [0.3027, 0.4368, 0.211, 0.0495],
    [0.0521, 0.816, 0.086, 0.0459],
    [0.0124, 0.0237, 0.9321, 0.0318],
    [0.033, 0.3653, 0.2397, 0.362],
    [0.0514, 0.1204, 0.4882, 0.34]
  ],
  "Z_est": [
    [
      [116.7818, 35.3061, 56.257, 19.9636, 66.9604, 99.7107, 65.9565, 27.9293, 82.6396, 17.0711, 35.6941, 16.2657, 1.9399, 31.4263, 0.776, 37.634, 0, 2.3279, 25.6066, 58.0406, 46.7287, 57.033, 43.8417, 21.7268, 74.5696, 0, 5.4317, 3.1038, 6.9836, 140.8365, 17.0711, 112.514, 26.7706],
      [142.8984, 43.2018, 68.8381, 34.3881, 86.6046, 122.0096, 80.7067, 40.3534, 101.1208, 20.8888, 43.6766, 20.4141, 2.3737, 38.4544, 0.9495, 46.0503, 1.7254, 2.8485, 31.3332, 77.1502, 49.269, 69.7876, 53.6462, 26.5857, 104.9187, 1.7396, 6.6464, 1.238, 8.5454, 172.3326, 20.8888, 137.6762, 32.7574],
      [39.1951, 11.8497, 18.8814, 8.2036, 23.1785, 35.2797, 22.1368, 16.1173, 27.7361, 5.7295, 11.9799, 6.0167, 0.6511, 10.5475, 0.2604, 12.631, 0.2604, 0.7813, 8.5943, 20.7044, 33.0024, 19.1418, 14.7145, 7.2921, 39.9516, 0.2604, 1.823, 3.6582, 2.3439, 47.2686, 5.7295, 37.7628, 8.9849],
      [2.1247, 0.6424, 1.0235, 0.4447, 1.2565, 0, 1.2, 0.6, 1.5035, 0.3106, 0.6494, 0.3035, 0.0353, 0.5718, 0.0141, 0.6847, 0.0141, 0.0424, 0.4659, 3.1047, 0, 1.0376, 0.7976, 0.3953, 1.56, 0, 0.0988, 0, 0.1271, 2.5623, 0.3106, 2.0471, 0.4871]
    ],
    [
      [12.8947, 0.8456, 1.3803, 0, 0, 0.8398, 0.6519, 0, 1.0512, 2.1872, 1.0894, 0, 1.1183, 0.875, 0.0264, 0.7693, 0, 0.0603, 0.3641, 0, 0.3259, 0.737, 1.0365, 4.7654, 0, 0, 0.0382, 0.0176, 0.1086, 3.1947, 0.4434, 1.8146, 0.185],
      [533.2725, 258.5563, 389.735, 181.041, 305.3378, 243.21, 197.1973, 124.4478, 321.3999, 139.2229, 333.0709, 182.2463, 19.7508, 267.534, 5.4874, 235.2145, 5.4042, 22.5876, 111.3229, 525.1926, 99.6519, 216.1159, 298.8379, 49.0943, 379.7546, 11.4544, 11.6709, 5.3866, 20.9504, 976.7684, 137.9643, 554.8188, 56.5592],
      [26.2524, 12.7284, 19.0043, 8.8834, 14.9824, 41.9503, 11.918, 6.8929, 15.8221, 6.9388, 16.3967, 8.9718, 0.9723, 13.1704, 0.3978, 11.5793, 0.2652, 1.1491, 5.4803, 25.8546, 11.0221, 20.3164, 33.6744, 20.3139, 28.0009, 0.5456, 0.5745, 0.5958, 6.4899, 48.0852, 6.6736, 27.3131, 2.7843],
      [21.5805, 15.8696, 19.8804, 11.0756, 18.6798, 0, 12.2328, 7.6593, 19.7268, 8.6511, 20.4431, 11.7819, 0.1586, 16.4206, 3.0885, 14.4369, 0.3306, 2.203, 6.8327, 33.9528, 0, 13.8308, 19.4512, 0.8264, 15.2445, 0, 0.7163, 0, 9.451, 59.9517, 5.9187, 34.0535, 3.4715]
    ],
    [
      [16.1322, 4.8717, 4.7394, 0, 0, 5.985, 5.7741, 0, 15.5737, 5.1652, 4.2948, 0, 1.2777, 8.3222, 1.6957, 3.5758, 0, 0, 4.6518, 0, 0, 5.7404, 0.8371, 2.3299, 0, 0, 0.5416, 1.6418, 0.2397, 0.7125, 5.2871, 57.7211, 0.4493],
      [28.8738, 19.5386, 38.4093, 16.1875, 28.0219, 0, 0, 0, 19.7436, 0, 10.8566, 2.5931, 1.4975, 2.4935, 0, 6.2468, 0.294, 0, 6.9654, 23.6311, 0, 0, 0, 0, 28.7513, 0.4999, 1.6752, 0, 0, 8.2055, 4.335, 14.7543, 4.4849],
      [816.994, 261.5172, 552.8513, 195.9817, 577.6399, 905.015, 1074.3045, 351.1508, 827.1038, 250.2476, 465.1215, 338.7367, 38.2248, 491.5568, 23.2601, 553.1635, 13.6045, 32.3999, 274.5221, 840.5474, 468, 741.0636, 825.8994, 290.6701, 1334.2487, 16.5001, 35.3104, 58.3582, 88.8509, 2143.9858, 256.3778, 1102.2516, 225.8927],
      [0, 7.0725, 0, 22.8309, 13.3382, 0, 3.9214, 2.8492, 32.5789, 2.5872, 1.7271, 7.6702, 0, 5.6276, 1.0443, 15.0139, 0.1015, 1.6001, 5.8606, 8.8215, 0, 5.196, 17.2635, 0, 0, 0, 0.4728, 0, 0.9094, 38.0962, 0, 30.273, 0.173]
    ],
    [
      [9.4854, 3.2768, 5.5188, 2.8744, 5.5188, 3.9092, 3.3918, 1.8971, 5.1164, 2.4145, 3.7942, 0, 0.115, 4.1391, 0.1725, 2.5869, 0, 0.1725, 2.8744, 6.4386, 1.5522, 2.472, 5.0589, 1.3222, 5.9787, 0, 0, 1.0171, 0.4599, 14.6018, 1.7821, 6.0362, 0.0575],
      [30.8377, 10.653, 17.9419, 9.3447, 17.9419, 12.7089, 11.0268, 6.1675, 16.6337, 7.8496, 12.3351, 9.7185, 0.3738, 13.4564, 0.5607, 8.4103, 0.2444, 0.5607, 9.3447, 20.9322, 5.0462, 8.0365, 16.4468, 4.2986, 19.4371, 0.8941, 0, 0.3738, 1.4952, 47.4713, 5.7937, 19.624, 0.1869],
      [17.4735, 6.0363, 10.1664, 5.295, 10.1664, 7.2012, 6.2481, 3.4947, 9.4251, 4.4478, 6.9894, 6.2826, 0.2118, 7.6248, 0.3177, 4.7655, 0.1059, 0.3177, 5.295, 11.8608, 2.8593, 4.5537, 9.3192, 2.4357, 11.0136, 0.1059, 0, 0.2118, 0.8472, 26.8986, 3.2829, 11.1195, 0.1059],
      [107.2034, 37.0339, 62.3729, 32.4859, 62.3729, 44.1808, 38.3333, 21.4407, 57.8249, 27.2881, 42.8814, 35.9989, 1.2994, 46.7797, 1.9492, 29.2373, 0.6497, 1.9492, 32.4859, 72.7684, 17.5424, 27.9379, 57.1752, 14.9435, 67.5706, 0, 0, 0.3973, 5.1977, 165.0283, 20.1412, 68.2204, 0.6497]
    ],
    [
      [15.7059, 6.6997, 10.1045, 5.1621, 12.5208, 9.5553, 9.2258, 4.1736, 13.6191, 5.1621, 8.1275, 3.7343, 0.5492, 8.2374, 0.3295, 10.434, 0, 0.4393, 4.5031, 12.5208, 4.3933, 8.0177, 9.2258, 2.8556, 18.4517, 0, 0.9885, 0.2197, 1.2081, 29.6545, 2.4163, 16.914, 1.5376],
      [0.1177, 0.0502, 0.0757, 0.0387, 0.0938, 0.0716, 0.0691, 0.0313, 0.1021, 0.0387, 0.0609, 0.028, 0.0041, 0.0617, 0.0025, 0.0782, 0.332, 0.0033, 0.0337, 0.0938, 0.0329, 0.0601, 0.0691, 0.0214, 0.1383, 0.412, 0.0074, 0.0016, 0.0091, 0.2222, 0.0181, 0.1267, 0.0115],
      [84.085, 35.8684, 54.0966, 27.6363, 67.0328, 61.5539, 49.3926, 22.3443, 72.9129, 27.6363, 43.5125, 19.9922, 2.94, 44.1005, 1.764, 55.8607, 1.764, 2.352, 24.1083, 67.0328, 25.1162, 42.9245, 49.3926, 15.2882, 98.7852, 0.588, 5.2921, 1.176, 6.4681, 158.7619, 12.9362, 90.5531, 8.2321],
      [43.0914, 18.3817, 27.7231, 14.1629, 34.3526, 15.8192, 25.3124, 11.4509, 37.366, 14.1629, 22.2991, 10.2455, 1.5067, 22.6004, 0.904, 28.6272, 0.904, 1.2054, 12.3549, 34.3526, 10.4576, 21.9977, 25.3124, 7.8348, 50.6249, 0, 2.712, 0.6027, 3.3147, 81.3614, 6.6294, 46.4061, 4.2187]
    ]
  ],
  "V_est": [
    [1354.8985, 1692.0178, 502.6685, 24.4152],
    [36.8204, 7220.2592, 456.0002, 407.9202],
    [157.5599, 268.0589, 16471.3522, 225.0291],
    [104.0347, 346.1466, 196.4787, 1201.34],
    [236.6866, 2.5175, 1281.5004, 638.2955]
  ],
  "p_est": [
    [0.3791, 0.4734, 0.1406, 0.0068],
    [0.0045, 0.8891, 0.0562, 0.0502],
    [0.0092, 0.0157, 0.962, 0.0131],
    [0.0563, 0.1873, 0.1063, 0.6501],
    [0.1096, 0.0012, 0.5936, 0.2956]
  ],
  "EI_Z": {},
  "EI_V": 7.5342,
  "MAE_Z": {},
  "MAE_V": 247.301,
  "MAE_p": 0.0695,
  "runtime": 0.2208
}
