{
  "Z_true": {},
  "V_true": [
    [17, 390, 34, 42, 1936, 62],
    [45, 14, 1148, 506, 183, 51],
    [369, 70, 1028, 5647, 452, 179],
    [269, 1205, 451, 205, 19333, 809],
    [837, 19, 45, 436, 320, 54],
    [62, 62, 184, 227, 474, 632]
  ],
  "p_true": [
    [0.0069, 0.1572, 0.0137, 0.0169, 0.7803, 0.025],
    [0.0231, 0.0072, 0.5896, 0.2599, 0.094, 0.0262],
    [0.0476, 0.009, 0.1327, 0.7291, 0.0584, 0.0231],
    [0.0121, 0.0541, 0.0202, 0.0092, 0.868, 0.0363],
    [0.4892, 0.0111, 0.0263, 0.2548, 0.187, 0.0316],
    [0.0378, 0.0378, 0.1121, 0.1383, 0.2888, 0.3851]
  ],
  "Z_est": [
    [
      [3, 0, 5, 4, 4, 3, 4, 5, 5, 6, 5, 7, 6, 3, 6, 4, 8, 4, 1, 5, 9, 5, 6, 3, 3, 3, 6, 7, 7, 1.82, 6, 4, 19, 3, 5, 2],
      [2, 0.3559, 8, 3, 4, 2, 1.0662e-14, 4, 2, 4, 3, 3, 4, 1, 3, 2, 4, 3, 2, 6, 6, 2, 3, 3, 1, 1, 4, 5, 2, 0.0385, 5, 2.4245e-22, 13, 2, 6, 1],
      [3, 0.3698, 8, 4, 4, 2, 4, 4, 3, 12, 3, 5, 6, 1.6116e-17, 3, 7, 5, 6, 1, 7, 5, 2, 7, 4, 3, 2, 8, 6, 4, 0.0707, 9, 2.4245e-22, 20, 2, 14, 1],
      [4, 0.9163, 14, 11, 11, 6, 5, 12, 12, 10, 14, 19, 21, 4, 8, 6, 18, 13, 3, 16, 20, 6, 20, 9, 4, 2, 14, 14, 7, 0.0578, 30, 4, 63, 5, 20, 2],
      [24, 1.2425, 101, 39, 68, 17, 6, 43, 41, 52, 37, 47, 55, 22, 30, 21, 58, 49, 16, 78, 48, 32, 51, 24, 28, 18, 44, 35, 29, 2.0008, 74, 7, 194, 13, 69, 15],
      [1, 0.1154, 4, 2, 4, 1, 6.2612e-11, 4, 2, 2, 4, 3, 4, 1, 2.3483e-21, 1, 6, 3, 1, 7, 3, 2, 5, 3, 2, 1.9435e-07, 2, 3, 2, 0.0121, 8, 7.2734e-22, 11, 1, 6, 2.697e-17]
    ],
    [
      [1, 0, 1, 1, 1.7693e-41, 1, 2, 2, 1, 3, 1, 5, 2, 2.9296e-19, 2, 4, 2, 3, 2.1946e-10, 1, 3, 4.388e-28, 3, 1, 4.8505e-19, 1.0947e-09, 6, 4, 5, 0.0452, 2, 1, 13, 2, 5, 4.5386e-18],
      [4, 0.2645, 7, 3, 3, 3, 5, 4, 4, 8, 3, 6, 4, 2, 4, 4, 5, 3, 1, 6, 5, 3, 6, 4, 2, 2, 7, 5, 4, 2.8172, 5, 2, 11, 2, 7, 1],
      [2, 0.1418, 4, 3, 2, 1, 13, 3, 2, 14, 4, 5, 3, 3.1858e-17, 1, 13, 3, 4, 3, 5, 3, 1, 9, 4, 3, 3, 9, 5, 3, 1.088, 6, 1, 17, 4, 15, 4],
      [2, 0.5679, 7, 7, 3, 3, 18, 9, 7, 11, 10, 19, 11, 1, 4, 12, 9, 10, 2, 9, 12, 2, 24, 9, 2, 1, 16, 11, 7, 1.0169, 20, 4, 50, 7, 22, 3],
      [15, 0.9556, 53, 25, 23, 10, 20, 31, 24, 61, 25, 49, 28, 7, 16, 38, 30, 35, 11, 46, 28, 11, 61, 24, 15, 12, 52, 27, 28, 6.0143, 49, 8, 154, 18, 75, 17],
      [3.5313e-22, 0.0702, 2, 1, 1, 3.9109e-11, 2, 3, 1, 3, 2, 3, 2, 1.5924e-19, 6.8908e-25, 2, 3, 2, 8.3264e-10, 4, 2, 1.2895e-26, 6, 3, 1, 1.7697e-09, 2, 3, 1, 0.0185, 5, 1.2122e-21, 9, 1, 6, 7.9519e-18]
    ],
    [
      [2, 0, 3, 5, 1, 1, 6, 10, 6, 5, 10, 26, 12, 1, 6, 5, 16, 7, 3.7391e-08, 5, 22, 4, 13, 5, 1, 5.7902e-07, 16, 13, 13, 0.0759, 13, 25, 58, 7, 11, 1],
      [3, 0.8453, 11, 7, 7, 4, 4, 12, 7, 9, 12, 17, 15, 2, 7, 9, 12, 12, 1, 12, 22, 4, 18, 10, 1, 1, 14, 16, 5, 0.0892, 20, 7, 42, 3, 23, 1],
      [7, 0.951, 14, 12, 8, 5, 30, 18, 14, 26, 16, 30, 22, 4, 9, 22, 21, 22, 4, 16, 26, 6, 35, 19, 6, 4, 29, 19, 13, 4.7167, 36, 8, 73, 14, 52, 5],
      [6, 3.5054, 20, 28, 17, 10, 44, 43, 44, 19, 62, 103, 66, 8, 15, 20, 62, 44, 9, 28, 81, 12, 90, 38, 8, 6, 46, 38, 20, 1.9948, 115, 76, 222, 27, 73, 10],
      [38, 5.167, 140, 99, 100, 27, 46, 148, 139, 99, 155, 259, 171, 45, 59, 63, 191, 159, 33, 139, 190, 60, 231, 100, 38, 24, 146, 96, 79, 9.0196, 283, 144, 678, 62, 246, 46],
      [2, 0.5313, 6, 6, 6, 1, 5, 15, 8, 4, 16, 20, 13, 3, 1, 3, 22, 10, 2, 12, 14, 5, 24, 13, 2, 3.9052e-07, 8, 10, 5, 0.1038, 33, 13, 41, 4, 22, 2]
    ],
    [
      [11, 0, 18, 17, 8, 4, 6, 33, 22, 22, 24, 60, 27, 9, 18, 12, 49, 25, 2, 22, 47, 16, 32, 12, 6, 3, 42, 28, 38, 2.0103, 30, 39, 164, 14, 32, 5],
      [18, 1.4323, 67, 23, 36, 9, 5, 42, 25, 35, 28, 40, 32, 12, 21, 16, 37, 34, 6, 55, 46, 18, 42, 26, 6, 7, 36, 32, 17, 2.0268, 45, 11, 118, 7, 62, 6],
      [25, 1.4497, 65, 38, 34, 11, 32, 50, 40, 91, 36, 64, 43, 10, 22, 53, 55, 64, 18, 64, 47, 16, 89, 41, 22, 17, 68, 40, 30, 7.0324, 79, 9, 201, 24, 145, 23],
      [34, 5.5919, 116, 95, 87, 29, 48, 146, 142, 75, 145, 238, 151, 45, 48, 50, 183, 150, 31, 135, 173, 52, 231, 97, 31, 19, 124, 86, 61, 6.7662, 265, 121, 619, 54, 213, 44],
      [189, 9.4464, 792, 330, 515, 73, 51, 487, 452, 378, 365, 592, 382, 228, 176, 152, 563, 524, 155, 635, 396, 249, 585, 246, 166, 124, 379, 209, 228, 29.1876, 645, 229, 1900, 122, 705, 230],
      [11, 1.0797, 38, 20, 30, 4, 5, 49, 28, 18, 38, 46, 30, 15, 4, 9, 66, 35, 12, 57, 30, 21, 62, 32, 12, 4, 21, 23, 15, 0.9766, 76, 21, 116, 9, 65, 10]
    ],
    [
      [1.3638e-24, 0, 4.6432e-34, 3.0311e-38, 5.8978e-42, 3.9232e-08, 3.1308e-11, 2, 1, 1.2841e-51, 2, 7, 2, 2.3519e-19, 1, 1.8725e-21, 5, 1, 6.6617e-13, 1, 4, 2.5729e-27, 1, 5.8282e-31, 4.9508e-17, 3.8688e-07, 3, 2, 2, 0.0361, 1, 8, 17, 1, 1, 2.4099e-18],
      [7.0473e-22, 0.0448, 1, 1, 1, 9.8057e-08, 3.1296e-11, 3, 2, 1, 3, 5, 3, 4.7747e-17, 2, 1.377e-22, 3, 2, 6.5877e-13, 3, 4, 1, 2, 1, 3.3266e-17, 3.1236e-09, 3, 2, 1, 0.013, 2, 2, 12, 3.2083e-19, 3, 4.2394e-18],
      [3.5233e-22, 0.0496, 1, 2, 1, 2.6339e-08, 4, 3, 3, 3, 4, 8, 4, 4.7691e-17, 2, 3, 5, 4, 1.2397e-08, 3, 5, 9.917e-27, 5, 1, 1, 1.9378e-07, 5, 3, 2, 0.0204, 4, 1, 21, 3, 7, 4.2729e-18],
      [1, 0.1865, 3, 5, 2, 3, 5, 11, 10, 4, 16, 31, 14, 2, 5, 3, 18, 9, 1.2402e-08, 7, 18, 2, 13, 4, 1, 1.9767e-07, 10, 7, 3, 0.1087, 17, 24, 65, 7, 11, 4.44e-18],
      [9, 0.6471, 22, 20, 19, 8, 10, 38, 37, 17, 44, 81, 37, 13, 18, 11, 60, 38, 2, 37, 44, 16, 36, 11, 9, 6, 35, 19, 17, 3.7903, 40, 48, 204, 17, 39, 6],
      [3.5444e-22, 0.0719, 1, 1, 8.2855e-43, 1.3055e-08, 2.4857e-14, 3, 2, 3.2043e-22, 4, 6, 4, 1, 5.9275e-22, 3.0584e-23, 7, 2, 1, 3, 3, 2, 3, 1, 2.0064e-20, 1, 1, 2, 1, 0.0315, 4, 4, 12, 1, 4, 8.4428e-18]
    ],
    [
      [1.0486e-21, 0, 1.393e-33, 1, 5.0693e-42, 1.9719e-08, 1, 3, 1, 1, 2, 4, 2, 1.5978e-17, 2.3217e-17, 1.9838e-21, 4, 1, 2.188e-10, 1, 4, 1, 2, 1, 9.2119e-19, 1.7031e-09, 3, 3, 3, 0.0125, 2, 2, 9, 1, 2, 2.0895e-20],
      [1, 0.0573, 3, 1, 2, 1.9941e-08, 6.2592e-11, 4, 1, 1, 2, 3, 2, 3.1913e-17, 1.562e-17, 1, 3, 1, 1.2594e-08, 2, 4, 1, 3, 3, 4.662e-19, 8.8203e-10, 2, 4, 1, 0.0152, 4, 1.2122e-21, 6, 2.9085e-19, 5, 4.2663e-18],
      [1, 0.038, 2, 2, 1, 1.3163e-08, 5, 4, 2, 4, 3, 4, 3, 1.5978e-17, 1.0433e-17, 3, 4, 3, 1, 3, 4, 1, 7, 4, 2, 7.8604e-10, 5, 5, 2, 0.0717, 7, 7.2734e-22, 11, 2, 13, 1],
      [2, 0.2319, 5, 7, 4, 2, 7, 13, 7, 3, 13, 17, 11, 1, 1, 3, 15, 7, 1, 6, 17, 3, 19, 11, 2, 2.4837e-09, 8, 11, 4, 0.0556, 25, 8, 34, 4, 19, 2],
      [15, 0.5414, 36, 26, 30, 6, 7, 47, 25, 20, 33, 43, 29, 6, 8, 9, 49, 27, 8, 33, 42, 20, 50, 30, 17, 2, 27, 27, 18, 2.9874, 63, 15, 107, 12, 64, 12],
      [4, 0.1315, 4, 3, 4, 2, 3, 7, 4, 4, 6, 6, 4, 2, 2, 3, 8, 5, 3, 5, 6, 4, 8, 5, 3, 2, 4, 5, 3, 1.8576, 10, 5, 9, 3, 8, 3]
    ]
  ],
  "V_est": [
    [177.82, 114.3944, 174.4406, 427.9742, 1488.2434, 98.1275],
    [77.0452, 148.0817, 173.2298, 345.5848, 1132.9699, 70.0887],
    [329.0759, 350.9345, 650.6677, 1515.5003, 4547.1866, 351.6351],
    [899.0103, 1023.4591, 1674.4821, 4150.3581, 13490.634, 1034.0563],
    [62.0361, 63.0579, 108.07, 331.2952, 1072.4374, 74.1034],
    [54.0125, 60.0725, 109.1098, 292.2874, 966.5287, 158.989]
  ],
  "p_est": [
    [0.0717, 0.0461, 0.0703, 0.1725, 0.5999, 0.0396],
    [0.0396, 0.076, 0.089, 0.1775, 0.5819, 0.036],
    [0.0425, 0.0453, 0.084, 0.1957, 0.5871, 0.0454],
    [0.0404, 0.046, 0.0752, 0.1863, 0.6057, 0.0464],
    [0.0363, 0.0369, 0.0632, 0.1936, 0.6268, 0.0433],
    [0.0329, 0.0366, 0.0665, 0.1781, 0.589, 0.0969]
  ],
  "EI_Z": {},
  "EI_V": 36.6926,
  "MAE_Z": {},
  "MAE_V": 770.4831,
  "MAE_p": 0.1437,
  "runtime": 0.3267
}
