{
  "X": [
    [18, 4, 24, 18, 36],
    [13, 2, 32, 18, 35],
    [16, 6, 25, 26, 27],
    [9, 8, 22, 28, 33],
    [10, 6, 28, 19, 37],
    [13, 5, 30, 22, 30],
    [17, 4, 25, 26, 28],
    [8, 5, 22, 28, 37],
    [17, 14, 17, 35, 17],
    [24, 19, 10, 26, 21],
    [30, 15, 7, 26, 22],
    [34, 10, 5, 23, 28],
    [22, 12, 4, 36, 26],
    [39, 12, 13, 19, 17],
    [25, 16, 9, 22, 28],
    [22, 14, 7, 28, 29],
    [21, 14, 10, 29, 26],
    [16, 14, 14, 31, 25],
    [20, 11, 13, 32, 24],
    [18, 10, 10, 34, 28],
    [20, 12, 8, 34, 26],
    [23, 8, 12, 33, 24],
    [15, 12, 12, 25, 36],
    [11, 11, 11, 42, 25],
    [14, 12, 11, 38, 25],
    [10, 8, 16, 29, 37],
    [12, 5, 24, 32, 27],
    [9, 6, 20, 34, 31],
    [12, 5, 20, 39, 24],
    [10, 6, 19, 35, 30],
    [12, 4, 19, 25, 40],
    [2, 5, 20, 36, 37],
    [12, 6, 16, 38, 28],
    [17, 5, 22, 28, 28],
    [13, 2, 21, 41, 23],
    [25, 6, 20, 25, 24],
    [26, 8, 11, 31, 24],
    [20, 3, 23, 34, 20],
    [13, 4, 20, 36, 27],
    [16, 3, 21, 44, 16],
    [15, 5, 21, 34, 25],
    [19, 2, 15, 39, 25],
    [20, 10, 13, 33, 24],
    [23, 7, 11, 39, 20],
    [24, 3, 17, 37, 19],
    [21, 9, 20, 31, 19],
    [28, 7, 11, 29, 25],
    [25, 10, 11, 33, 21],
    [11, 10, 20, 44, 15],
    [17, 9, 15, 36, 23]
  ],
  "W": [
    [56, 8, 7, 12, 9, 8],
    [67, 3, 7, 9, 11, 3],
    [53, 7, 8, 8, 13, 11],
    [60, 7, 7, 7, 13, 6],
    [58, 9, 6, 13, 6, 8],
    [57, 10, 9, 9, 7, 8],
    [60, 8, 9, 9, 7, 7],
    [55, 8, 10, 10, 7, 10],
    [24, 34, 4, 15, 11, 12],
    [12, 55, 7, 5, 9, 12],
    [8, 57, 9, 5, 17, 4],
    [10, 60, 9, 7, 6, 8],
    [5, 53, 10, 11, 10, 11],
    [6, 57, 8, 7, 11, 11],
    [12, 62, 8, 3, 8, 7],
    [8, 62, 9, 8, 7, 6],
    [14, 38, 25, 9, 8, 6],
    [9, 7, 64, 2, 6, 12],
    [10, 9, 58, 9, 8, 6],
    [9, 6, 60, 7, 6, 12],
    [8, 9, 63, 11, 3, 6],
    [3, 11, 59, 15, 5, 7],
    [10, 12, 54, 7, 5, 12],
    [9, 9, 56, 9, 9, 8],
    [8, 6, 55, 5, 10, 16],
    [8, 5, 14, 59, 2, 12],
    [10, 9, 5, 54, 13, 9],
    [9, 6, 10, 54, 12, 9],
    [5, 10, 4, 52, 7, 22],
    [10, 8, 6, 50, 17, 9],
    [7, 13, 7, 60, 5, 8],
    [7, 12, 8, 60, 4, 9],
    [7, 8, 6, 65, 3, 11],
    [7, 6, 4, 32, 42, 9],
    [8, 7, 11, 8, 58, 8],
    [6, 12, 5, 4, 63, 10],
    [6, 7, 14, 10, 58, 5],
    [11, 12, 6, 7, 58, 6],
    [7, 11, 8, 8, 58, 8],
    [13, 6, 9, 5, 58, 9],
    [8, 5, 8, 8, 62, 9],
    [5, 11, 12, 8, 45, 19],
    [5, 13, 8, 10, 9, 55],
    [9, 5, 15, 13, 9, 49],
    [7, 9, 7, 9, 7, 61],
    [12, 6, 9, 13, 5, 55],
    [6, 10, 10, 12, 10, 52],
    [11, 13, 8, 10, 3, 55],
    [7, 10, 9, 4, 6, 64],
    [12, 13, 9, 6, 7, 53]
  ],
  "method": "mvn_cdf",
  "mvncdf_method": "genz",
  "mvncdf_samples": 5000,
  "mvncdf_error": 0.001,
  "cond_prob": [
    [
      [0.11600469612, 0.023150483063, 0.3252151519, 0.11432818682, 0.42130148209],
      [0.48577933449, 0.14762803658, 0.010038508378, 0.13960774578, 0.21694637477],
      [0.24757491083, 0.10856003318, 0.054070582548, 0.28212975676, 0.30766471668],
      [0.044473820094, 0.020540059925, 0.20743070422, 0.27625064858, 0.45130476718],
      [0.27925567745, 0.0091124406385, 0.20202089447, 0.29601914352, 0.21359184392],
      [0.35468637842, 0.054266967337, 0.12772410596, 0.31583389998, 0.1474886483]
    ],
    [
      [0.097693447424, 0.01119761874, 0.3870033706, 0.12024003742, 0.38386552582],
      [0.4487037648, 0.12272028081, 0.013674497405, 0.17536516414, 0.23953629284],
      [0.2099369021, 0.082489209981, 0.071614320659, 0.32429715591, 0.31166241135],
      [0.035730364334, 0.013412661473, 0.25035156695, 0.2873564491, 0.41314895815],
      [0.22165070865, 0.0057444162956, 0.25235497257, 0.31793403976, 0.20231586274],
      [0.29304611312, 0.040090566548, 0.16646054412, 0.35475314326, 0.14564963296]
    ],
    [
      [0.10504036219, 0.035120062826, 0.35293711981, 0.16943950216, 0.33746295301],
      [0.39484932971, 0.22876280161, 0.010017341144, 0.19467869582, 0.17169183173],
      [0.19047822379, 0.15729733512, 0.053637721574, 0.36943600575, 0.22915071377],
      [0.036710673383, 0.02992073624, 0.21334043289, 0.3734566041, 0.34657155339],
      [0.22010606555, 0.01365840838, 0.20674056013, 0.39734595731, 0.16214900863],
      [0.27182049695, 0.078363016288, 0.12734170405, 0.41348338099, 0.10899140172]
    ],
    [
      [0.062607975773, 0.041955113796, 0.29337285899, 0.19962273481, 0.40244131663],
      [0.227248789, 0.36273898997, 0.0078762352746, 0.2138506513, 0.18828533446],
      [0.10438823766, 0.23300212585, 0.039992843627, 0.38480273777, 0.23781405509],
      [0.020671001793, 0.043528330524, 0.16388531529, 0.40159161868, 0.37032373372],
      [0.13758224955, 0.019229639921, 0.17577596086, 0.47350947723, 0.19390267244],
      [0.16479933506, 0.12630362148, 0.10504336838, 0.47754960884, 0.12630406624]
    ],
    [
      [0.062300310693, 0.030285852239, 0.37178964792, 0.11907513314, 0.41654905601],
      [0.29953171173, 0.24568127838, 0.013382904049, 0.17639790774, 0.26500619811],
      [0.13485804267, 0.15673683321, 0.066314530648, 0.31229457994, 0.32979601353],
      [0.022803611092, 0.026742724734, 0.23289328933, 0.27791646811, 0.43964390673],
      [0.15655615749, 0.012986646526, 0.25715200036, 0.33781190554, 0.23549329008],
      [0.20573305364, 0.083286595599, 0.16841779209, 0.37406351378, 0.1684990449]
    ],
    [
      [0.078531052356, 0.023026492917, 0.41256808484, 0.14072847727, 0.34514589262],
      [0.36857182607, 0.18819718852, 0.014070395539, 0.2062595289, 0.22290106097],
      [0.16528246428, 0.12039976298, 0.074601456513, 0.36346920313, 0.2762471131],
      [0.02826966165, 0.020302505893, 0.26336036468, 0.32201706941, 0.36605039836],
      [0.17670024367, 0.0093479324868, 0.26992265825, 0.36209072976, 0.18193843584],
      [0.2323926145, 0.059220258914, 0.1764750263, 0.40148374321, 0.13042835709]
    ],
    [
      [0.11814145616, 0.022491542095, 0.34157301812, 0.18648341382, 0.3313105698],
      [0.46382748582, 0.14663303994, 0.0099594619976, 0.21200900437, 0.16757100788],
      [0.22197031608, 0.10121036577, 0.05178531361, 0.40188757691, 0.22314642763],
      [0.04167367563, 0.019217280519, 0.20278569121, 0.40236410532, 0.33395924731],
      [0.2435368464, 0.0080268789659, 0.18810981963, 0.40989043344, 0.15043602157],
      [0.30333412763, 0.048200883629, 0.11686220517, 0.42963213739, 0.10197064617]
    ],
    [
      [0.043477957994, 0.025835582187, 0.30961318934, 0.18057794744, 0.44049532303],
      [0.2532725639, 0.19576261375, 0.011379039964, 0.25972288309, 0.27986289929],
      [0.10250616679, 0.11409785989, 0.050467830458, 0.41705229627, 0.31587584659],
      [0.015897490311, 0.019657532621, 0.17514509939, 0.37004364761, 0.41925623007],
      [0.11979342667, 0.0098070359793, 0.19405934645, 0.45088122159, 0.2254589693],
      [0.15599412414, 0.060673889276, 0.12656975428, 0.49633018359, 0.16043204871]
    ],
    [
      [0.084470635168, 0.040006190756, 0.38050423321, 0.23137246598, 0.26364647488],
      [0.29552658176, 0.30523776092, 0.02096182164, 0.25832074069, 0.119953095],
      [0.13003016261, 0.1962437177, 0.051979651975, 0.45732726507, 0.16441920264],
      [0.029255518247, 0.03630904431, 0.21208510203, 0.47232956636, 0.25002076905],
      [0.15585837857, 0.015192065093, 0.20570548991, 0.50632293514, 0.11692113129],
      [0.18761711565, 0.097087024939, 0.12527007832, 0.51502923257, 0.074996548526]
    ],
    [
      [0.082933812939, 0.036625599697, 0.35630789306, 0.16684452173, 0.35728817257],
      [0.31821968833, 0.2844717613, 0.013630330666, 0.19833878776, 0.18533943194],
      [0.14974865263, 0.19729475193, 0.053166675609, 0.36065786681, 0.23913205303],
      [0.029025413886, 0.036409858897, 0.21176401097, 0.36301645615, 0.35978426009],
      [0.18147892299, 0.015110916572, 0.21688110146, 0.40797970161, 0.17854935737],
      [0.22300278682, 0.1012862604, 0.13264336662, 0.42314397915, 0.11992360701]
    ],
    [
      [0.11043681104, 0.031948138055, 0.28253153868, 0.1757626212, 0.39932089104],
      [0.38939519084, 0.22226403956, 0.0070620106473, 0.19085909962, 0.19041965933],
      [0.19065244073, 0.15348100981, 0.040004230171, 0.36192021369, 0.2539421056],
      [0.037575956453, 0.029871260245, 0.16460901533, 0.37487181343, 0.39307195454],
      [0.22923416009, 0.013473542931, 0.16239089268, 0.40664377296, 0.18825763134],
      [0.28006179089, 0.078907255339, 0.098371189962, 0.41758630535, 0.12507345846]
    ],
    [
      [0.12121010864, 0.019347236768, 0.224789006, 0.1563117752, 0.4783418734],
      [0.44004103822, 0.138488815, 0.0013660734201, 0.17988470205, 0.24021937131],
      [0.2177908949, 0.10053586377, 0.032667531938, 0.33301620924, 0.31598950015],
      [0.041399800195, 0.01849190709, 0.13209221919, 0.33408692377, 0.47392914975],
      [0.25942848007, 0.0079456893204, 0.13282627876, 0.36885685371, 0.23094269814],
      [0.3223686356, 0.051907309093, 0.081816817562, 0.38686308161, 0.15704415613]
    ],
    [
      [0.079936052785, 0.024463932939, 0.20753907996, 0.2343508259, 0.45371010841],
      [0.30129622276, 0.18480591477, 0, 0.26854654952, 0.24535131296],
      [0.13050308269, 0.11070622805, 0.02597675478, 0.45812152138, 0.2746924131],
      [0.055520780721, 0.021002863285, 0.075769331172, 0.44732004117, 0.40038698365],
      [0.15738194933, 0.010082153099, 0.11200589333, 0.5160521931, 0.20447781114],
      [0.19473100199, 0.058550140462, 0.068092316017, 0.53936555894, 0.13926098259]
    ],
    [
      [0.11407587498, 0.019717529281, 0.5095837836, 0.102286384, 0.25433642815],
      [0.51007226503, 0.17506460788, 0.014008897296, 0.14279003416, 0.15806419563],
      [0.27051827772, 0.12474281358, 0.095847911628, 0.28702114737, 0.2218698497],
      [0.046475517947, 0.022578707744, 0.35922284454, 0.26549420459, 0.30622872518],
      [0.26609724012, 0.01040817624, 0.32452126709, 0.26388460272, 0.13508871383],
      [0.3477164686, 0.057502615772, 0.20844663724, 0.28999004618, 0.0963442322]
    ],
    [
      [0.071254637485, 0.025244230868, 0.34437028084, 0.13230170854, 0.42682914227],
      [0.32188494631, 0.22321184354, 0.014675698661, 0.18317791944, 0.25704959205],
      [0.14723012225, 0.14399524429, 0.058088781911, 0.32602577061, 0.32466008094],
      [0.025655071074, 0.024667549405, 0.21003992932, 0.29685688434, 0.44278056586],
      [0.17166711215, 0.012007645411, 0.22896555421, 0.3546016644, 0.23275802383],
      [0.22284779862, 0.076558452067, 0.1473012623, 0.38853690842, 0.1647555786]
    ],
    [
      [0.065074140731, 0.02225572605, 0.2982652873, 0.16920280038, 0.44520204554],
      [0.29020397405, 0.19583505063, 0.012830781496, 0.23391696993, 0.2672132239],
      [0.12603023964, 0.11853838443, 0.047443853975, 0.39088431735, 0.3171032046],
      [0.021520053441, 0.020589605931, 0.17066473615, 0.3555366041, 0.43168900038],
      [0.14780067106, 0.010071797851, 0.1867897973, 0.42697225341, 0.22836548037],
      [0.19095386689, 0.063019360088, 0.11975468213, 0.46541133306, 0.16086075783]
    ],
    [
      [0.084990987706, 0.030194954422, 0.31779873307, 0.17220978445, 0.39480554035],
      [0.33714722462, 0.23414856817, 0.011062298704, 0.20775569011, 0.20988621839],
      [0.15524677113, 0.15376991211, 0.048852823357, 0.37616982872, 0.26596066468],
      [0.028982378508, 0.028238137653, 0.18542498407, 0.36850426281, 0.38885023696],
      [0.18444989475, 0.012920404422, 0.19108751707, 0.41723261942, 0.19430956434],
      [0.23015363231, 0.079645128405, 0.11860080151, 0.43928362579, 0.13231681199]
    ],
    [
      [0.066796265971, 0.027070382996, 0.45425995621, 0.1262703718, 0.32560302302],
      [0.32396942788, 0.25885319462, 0.015819017054, 0.18808747337, 0.21327088709],
      [0.14948621409, 0.1687008104, 0.078350808321, 0.3341074079, 0.26935475929],
      [0.025245162515, 0.028094996655, 0.29271908963, 0.29825090409, 0.35568984711],
      [0.1616097228, 0.012928267159, 0.30491313257, 0.34074771497, 0.17980116249],
      [0.21198177062, 0.08448189406, 0.19762988063, 0.37692434472, 0.12898210997]
    ],
    [
      [0.10002192351, 0.025374203906, 0.39524695947, 0.14926388816, 0.33009302496],
      [0.41542721134, 0.20091467834, 0.012449965107, 0.18836941285, 0.18283873237],
      [0.19827316661, 0.14160112242, 0.066964256138, 0.35326792129, 0.23989353355],
      [0.036467341534, 0.025463729667, 0.24721880888, 0.34166108848, 0.34918903145],
      [0.22004654513, 0.011178686115, 0.24008396844, 0.3642638502, 0.16442695011],
      [0.27875229408, 0.067759616639, 0.15098547266, 0.38890606171, 0.11359655491]
    ],
    [
      [0.091005894286, 0.023810027584, 0.31751571942, 0.15921488596, 0.40845347275],
      [0.3745704209, 0.18942182878, 0.0099372306624, 0.20057618255, 0.22549433711],
      [0.17435302898, 0.12752493327, 0.052030601499, 0.35972046351, 0.28637097275],
      [0.03170704375, 0.022694341607, 0.18894694964, 0.34649299919, 0.41015866582],
      [0.2003504265, 0.010387523172, 0.19420152892, 0.39088133345, 0.20417918796],
      [0.25402423519, 0.064708104399, 0.12275510253, 0.41747017713, 0.14104238075]
    ],
    [
      [0.1146675084, 0.029526492264, 0.29088297575, 0.17618785588, 0.38873516771],
      [0.41092629963, 0.20370614687, 0.0077052046603, 0.1918310127, 0.18583133614],
      [0.19850813641, 0.14529466485, 0.041632155404, 0.36516333472, 0.24940170862],
      [0.039051503042, 0.028010815391, 0.1706104322, 0.37752793568, 0.38479931369],
      [0.23687409609, 0.011936106395, 0.16601216708, 0.40348366391, 0.18169396652],
      [0.28968697008, 0.072156927663, 0.10100205103, 0.41591161121, 0.12124244002]
    ],
    [
      [0.11233422218, 0.017123242531, 0.41220749963, 0.14300923899, 0.31532579667],
      [0.47941853237, 0.14190791996, 0.01342343599, 0.18552694751, 0.17972316417],
      [0.22651898859, 0.097734389088, 0.073060341998, 0.35866753318, 0.24401874714],
      [0.040208196068, 0.017219617939, 0.26439061788, 0.33576466765, 0.34241690046],
      [0.24480917027, 0.0071798212278, 0.24738607577, 0.34474026007, 0.15588467266],
      [0.31394347978, 0.04673154592, 0.15748141147, 0.3726600125, 0.10918355033]
    ],
    [
      [0.060581646975, 0.023887459476, 0.33979898333, 0.10414172972, 0.47159018049],
      [0.29692352894, 0.21968449529, 0.014018112321, 0.1577545374, 0.31161932605],
      [0.13636633773, 0.14727165442, 0.068953140013, 0.273123612, 0.37428525584],
      [0.02247300379, 0.023640001386, 0.21335778705, 0.23951288098, 0.50101632679],
      [0.15688644021, 0.012250824993, 0.24674129659, 0.30423089388, 0.27989054432],
      [0.21046464317, 0.07879233236, 0.16525935548, 0.34325904748, 0.20222462151]
    ],
    [
      [0.058166712589, 0.026970533493, 0.34326408106, 0.20751956317, 0.36407910969],
      [0.26254916293, 0.22642629127, 0.012277645104, 0.28165898758, 0.21708791312],
      [0.099485777498, 0.14006078804, 0.058061283804, 0.44979499433, 0.25259715633],
      [0.017871123987, 0.024269394814, 0.19139875692, 0.42416839121, 0.34229233307],
      [0.12404766908, 0.011815338799, 0.20087060216, 0.48858774873, 0.17467864123],
      [0.15813555535, 0.068907730529, 0.12728354248, 0.52425851268, 0.12141465896]
    ],
    [
      [0.069206243721, 0.030020210943, 0.33889457187, 0.17714443776, 0.3847345357],
      [0.29380571305, 0.24716789325, 0.011059194991, 0.22941813707, 0.21854906163],
      [0.12660326215, 0.15815927297, 0.055839274775, 0.39249435545, 0.26690383465],
      [0.023331266099, 0.027850732195, 0.19641969766, 0.37597841571, 0.37641988833],
      [0.15260957118, 0.013299676759, 0.20740447007, 0.43432157892, 0.19236470307],
      [0.19234901945, 0.081613781942, 0.13094905959, 0.46225239113, 0.1328357479]
    ],
    [
      [0.086476341139, 0.038169220815, 0.30432386595, 0.1373813494, 0.43364922269],
      [0.32627639459, 0.29043933493, 0.0087158050428, 0.15705922295, 0.2175092425],
      [0.15925103891, 0.20061099762, 0.046891361845, 0.30015834173, 0.2930882599],
      [0.034895599089, 0.035574883259, 0.18668159765, 0.30145654465, 0.44139137535],
      [0.20101165044, 0.017451851338, 0.19732476641, 0.35528340375, 0.22892832807],
      [0.24886909218, 0.10833948144, 0.12137393226, 0.36807778035, 0.15333971378]
    ],
    [
      [0.087163464872, 0.023688273362, 0.4258124372, 0.14869412946, 0.3146416951],
      [0.39240111746, 0.20418790078, 0.013448220735, 0.2020418609, 0.18792090013],
      [0.18129000268, 0.13476512065, 0.073280241188, 0.36866081963, 0.24200381585],
      [0.03490423499, 0.028083343382, 0.26456304186, 0.34152410425, 0.33092527552],
      [0.19533706205, 0.011226488679, 0.26464096563, 0.36931233893, 0.15948314471],
      [0.2517883094, 0.065461740071, 0.16974484689, 0.40089064704, 0.1121144566]
    ],
    [
      [0.070686983278, 0.029466114685, 0.36670606463, 0.16059970574, 0.37254113166],
      [0.30799577287, 0.2517253376, 0.012024145273, 0.21224757935, 0.2160071649],
      [0.13797453877, 0.16048818633, 0.059658202985, 0.37396926114, 0.26790981077],
      [0.025532018379, 0.031723784861, 0.22102922224, 0.34790405159, 0.37381092293],
      [0.16007534982, 0.01367627431, 0.23119417368, 0.40405205132, 0.19100215087],
      [0.20405154835, 0.082485711639, 0.14677893684, 0.43399790658, 0.13268589659]
    ],
    [
      [0.078152489613, 0.021146133556, 0.40131672694, 0.1834708111, 0.31591383879],
      [0.35547927013, 0.18737299466, 0.014110368353, 0.25241084362, 0.19062652323],
      [0.15443370501, 0.11606211222, 0.065982528603, 0.43314954627, 0.23037210791],
      [0.029746059951, 0.023599759429, 0.24139603584, 0.3935115994, 0.31174654538],
      [0.16639350535, 0.009201242296, 0.23779982972, 0.43428788406, 0.15231753857],
      [0.21478001707, 0.057486125018, 0.15323590434, 0.46924186209, 0.10525609147]
    ],
    [
      [0.074125481157, 0.031411177167, 0.34662991399, 0.17053398978, 0.37729943791],
      [0.30781631124, 0.25699382881, 0.010978067262, 0.21531364175, 0.20889815094],
      [0.13875193775, 0.16412113064, 0.054208937947, 0.38217924788, 0.26073874578],
      [0.02644464302, 0.032686213592, 0.20562744751, 0.36293396418, 0.3723077317],
      [0.16388136198, 0.014564602825, 0.21369801688, 0.41910156752, 0.18875445079],
      [0.20616530749, 0.084811320708, 0.13404267018, 0.44529451379, 0.12968618783]
    ],
    [
      [0.080358460183, 0.015326959764, 0.3466567124, 0.11471201767, 0.44294584999],
      [0.39009930078, 0.1454665345, 0.013757121704, 0.16713698492, 0.28354005809],
      [0.17759191861, 0.095310920056, 0.064182198221, 0.3024023186, 0.36051264451],
      [0.033837766657, 0.015055670578, 0.22502736932, 0.25888934579, 0.46718984765],
      [0.19696022119, 0.0073694739331, 0.23665412612, 0.31291223725, 0.24610394151],
      [0.26349866661, 0.049285286051, 0.15754653168, 0.35118711357, 0.17848240208]
    ],
    [
      [0.02399109861, 0.016665949491, 0.38234189443, 0.16364862589, 0.41335243158],
      [0.026051999977, 0.29765339565, 0.046728984933, 0.29777118424, 0.3317944352],
      [0.057716883337, 0.10020971883, 0.071376107626, 0.43153273374, 0.33916455647],
      [0, 0, 0.225956663, 0.35813675661, 0.41590658039],
      [0.065899503272, 0.0080226596432, 0.25879498181, 0.43919617209, 0.22808668318],
      [0.088233914469, 0.053081024055, 0.17769670575, 0.50932816143, 0.17166019429]
    ],
    [
      [0.12050468152, 0.032412564034, 0.31078048366, 0.19473213809, 0.3415701327],
      [0.41765666005, 0.2178932731, 0.0080872810319, 0.20131740901, 0.15504537681],
      [0.20326912816, 0.15242559317, 0.043549761366, 0.38959326883, 0.21116224848],
      [0.041524260586, 0.034575568567, 0.18244266236, 0.41001746908, 0.33144003941],
      [0.23867053778, 0.012530269571, 0.17021341323, 0.42601087459, 0.15257490484],
      [0.28913732987, 0.07549177658, 0.1026478641, 0.43269163947, 0.10003138997]
    ],
    [
      [0.096452883076, 0.030619147082, 0.36907015725, 0.12201614043, 0.38184167216],
      [0.38840970599, 0.2455110381, 0.011344579778, 0.14960150012, 0.20513317601],
      [0.19268420558, 0.17221689961, 0.061492974676, 0.29231428433, 0.2812916358],
      [0.036468792206, 0.033797344716, 0.23745484979, 0.28044961262, 0.41182940067],
      [0.22611468623, 0.017847447299, 0.24151596071, 0.3111825009, 0.20333940486],
      [0.28442406531, 0.088069369543, 0.15113821989, 0.33721869301, 0.13914965224]
    ],
    [
      [0.059218816229, 0.010947645252, 0.38377400448, 0.17904434848, 0.36701518557],
      [0.31477971085, 0.12119223271, 0.015735021996, 0.28838689599, 0.25990613845],
      [0.12835668898, 0.065136174165, 0.068198988595, 0.45152578678, 0.28678236148],
      [0.019773762623, 0.010234585042, 0.2255397805, 0.38234303622, 0.36210883562],
      [0.1266164935, 0, 0.24135888194, 0.44043023556, 0.19159438901],
      [0.17611514895, 0.033212326604, 0.15829256739, 0.4973069167, 0.13507304036]
    ],
    [
      [0.10230908483, 0.029722747309, 0.35178465004, 0.10844874056, 0.40773477726],
      [0.40593724242, 0.23541762373, 0.011585228257, 0.13004514134, 0.21701476426],
      [0.20636124439, 0.16906979477, 0.05939716973, 0.26200753657, 0.30316425454],
      [0.038558115076, 0.030668880692, 0.22847150488, 0.25736007862, 0.44494142074],
      [0.24213451279, 0.018289871493, 0.23910865619, 0.27608131071, 0.22438564882],
      [0.3074385594, 0.08763656307, 0.14755521526, 0.30561652888, 0.1517531334]
    ],
    [
      [0.14516569245, 0.054264711808, 0.23526502006, 0.14854376733, 0.41676080835],
      [0.40513604735, 0.309694077, 0.0037066246987, 0.12594135404, 0.15552189692],
      [0.221564469, 0.24106321597, 0.027822656735, 0.27168082913, 0.23786882916],
      [0.049596409186, 0.05241959554, 0.14259562876, 0.32776826884, 0.42762009768],
      [0.2924908559, 0.016670284264, 0.12692618111, 0.35370562396, 0.21020705476],
      [0.34614344273, 0.12811914477, 0.077054304086, 0.32620148637, 0.12248162205]
    ],
    [
      [0.086995028015, 0.014424670086, 0.42051472513, 0.15566125276, 0.32240432401],
      [0.41403534469, 0.13791399015, 0.014623462593, 0.22680236844, 0.20662483413],
      [0.1852790465, 0.087886644571, 0.074624946313, 0.39731119705, 0.25489816557],
      [0.031748807363, 0.014471339571, 0.26238031334, 0.35302226966, 0.33837727007],
      [0.1937203468, 0.0053241650463, 0.25688204343, 0.3823286471, 0.16174479762],
      [0.25082241847, 0.041489988367, 0.16921434701, 0.42266886611, 0.11580438005]
    ],
    [
      [0.053962771957, 0.016998415774, 0.35424694034, 0.14957280895, 0.42521906299],
      [0.28225095537, 0.17211777552, 0.014498044284, 0.2362058981, 0.29492732672],
      [0.11662645133, 0.10099959285, 0.063726584844, 0.38207712397, 0.33657024701],
      [0.017914592396, 0.016354776494, 0.21253160368, 0.32506163884, 0.42813738858],
      [0.12150537252, 0.010818596031, 0.23944514393, 0.39860040524, 0.22963048228],
      [0.17423251637, 0.052675254288, 0.15786363432, 0.44734898149, 0.16787961353]
    ],
    [
      [0.081166574413, 0.017932761268, 0.3902347183, 0.22009633121, 0.29056961481],
      [0.35610655809, 0.15432146503, 0.013939939977, 0.30152746892, 0.17410456798],
      [0.15006406987, 0.091929657152, 0.061869130519, 0.49542344666, 0.20071369579],
      [0.026887183285, 0.01596610241, 0.22101171783, 0.45823699554, 0.27789800093],
      [0.16383712995, 0.0093544293043, 0.22312036805, 0.48009621239, 0.1235918603],
      [0.20229212242, 0.043465665253, 0.13782743461, 0.52600072935, 0.090414048369]
    ],
    [
      [0.067742255553, 0.029691664488, 0.3543955448, 0.14220650544, 0.40596402972],
      [0.29668742426, 0.26255606472, 0.011770410239, 0.19050762382, 0.23847847697],
      [0.13518386248, 0.16796586244, 0.059084522525, 0.3387824632, 0.29898328936],
      [0.023911394502, 0.028944132765, 0.21620912146, 0.3150679543, 0.41586739698],
      [0.15892379325, 0.017419419722, 0.23477483076, 0.3715960226, 0.21728593366],
      [0.20539862186, 0.088266930678, 0.14973277013, 0.40445034405, 0.15215133328]
    ],
    [
      [0.079146049279, 0.0097397226895, 0.31342496822, 0.17072538098, 0.42696387883],
      [0.37111842313, 0.10079947969, 0.011796355047, 0.24577765908, 0.27050808306],
      [0.15927297328, 0.059748250047, 0.053260469314, 0.40991327964, 0.31780502772],
      [0.027726645485, 0.0080146427127, 0.18327256628, 0.3619846551, 0.41900149043],
      [0.16893486958, 0, 0.19510868745, 0.41840632263, 0.21755012035],
      [0.25193732237, 0.0032321561967, 0.12725885032, 0.46314198582, 0.15442968529]
    ],
    [
      [0.075137372122, 0.029698004978, 0.3067996112, 0.13710066574, 0.45126434596],
      [0.31462990772, 0.24620504418, 0.01037467195, 0.1756286033, 0.25316177285],
      [0.14604931743, 0.16215639995, 0.05004636224, 0.31830114743, 0.32344677295],
      [0.026551812758, 0.028890641052, 0.18564383246, 0.30077136763, 0.4581423461],
      [0.1782529226, 0.01410342111, 0.20354873502, 0.36195008775, 0.24214483352],
      [0.22719882488, 0.08977738183, 0.13167969765, 0.38581183969, 0.16553225594]
    ],
    [
      [0.11902977214, 0.027871634687, 0.28049571402, 0.19147943515, 0.38112344401],
      [0.4209153195, 0.18681595258, 0.0068800062857, 0.20589950442, 0.17948921721],
      [0.2028043067, 0.13024513525, 0.038211769887, 0.38917177932, 0.23956700884],
      [0.039583820286, 0.026310602614, 0.16129671948, 0.40248049098, 0.37032836664],
      [0.23761864708, 0.011532950126, 0.15509963596, 0.42372326326, 0.17202550358],
      [0.28834557888, 0.06970539002, 0.089289957494, 0.43599704326, 0.11666203034]
    ],
    [
      [0.091907932793, 0.010814045271, 0.39150050674, 0.15297121751, 0.35280629768],
      [0.43140838056, 0.11181297183, 0.014185297346, 0.21977066197, 0.22282268829],
      [0.19477897311, 0.071987282753, 0.069171258072, 0.38726210978, 0.27680037629],
      [0.033543170371, 0.01026831373, 0.24283548533, 0.34476638192, 0.36858664865],
      [0.20281430413, 0.0037922283557, 0.24095199052, 0.37534735106, 0.17709412594],
      [0.26867094379, 0.021231369431, 0.16025322408, 0.41819839109, 0.13164607161]
    ],
    [
      [0.09020056557, 0.031264589822, 0.42336758371, 0.13208174299, 0.3230855179],
      [0.37742422912, 0.25725941185, 0.013101575331, 0.17023043376, 0.18198434994],
      [0.18371173901, 0.1779510277, 0.071406226485, 0.32321203856, 0.24371896825],
      [0.034250471289, 0.032284349685, 0.27244764846, 0.31040328518, 0.35061424538],
      [0.20672272002, 0.014109414704, 0.27119351915, 0.33924779593, 0.1687265502],
      [0.26401404474, 0.090717556042, 0.16910066326, 0.35914993541, 0.11701780055]
    ],
    [
      [0.12151070722, 0.023525469352, 0.2631618617, 0.12768134718, 0.46412061456],
      [0.45242749901, 0.16664260177, 0.0074102646005, 0.1439535451, 0.22956608952],
      [0.22896820923, 0.12159477662, 0.041372456745, 0.28605421099, 0.3220103464],
      [0.041520966367, 0.024044000486, 0.16331002093, 0.28706389023, 0.48406112199],
      [0.27277682636, 0.011231568857, 0.16417980844, 0.31666006537, 0.23515173097],
      [0.33136459258, 0.068762109723, 0.10253237078, 0.33312436576, 0.16421656115]
    ],
    [
      [0.11324130136, 0.034515331904, 0.28088190047, 0.16301139822, 0.40835006804],
      [0.39547098395, 0.23429605193, 0.0065556891761, 0.17329201929, 0.19038525565],
      [0.19673965062, 0.16603315734, 0.040126863575, 0.33665172609, 0.26044860237],
      [0.038909250505, 0.03283650234, 0.16708282222, 0.35266180993, 0.408509615],
      [0.24095908974, 0.014263706686, 0.16591849978, 0.38339053226, 0.19546817153],
      [0.28958792572, 0.088637477669, 0.097008663734, 0.3924377248, 0.13232820808]
    ],
    [
      [0.041810039491, 0.026900766946, 0.48056921667, 0.17238288136, 0.27833709553],
      [0.23028965216, 0.27465190141, 0.018512779956, 0.27826629675, 0.19827936972],
      [0.09227080856, 0.15915480167, 0.084948746586, 0.44165644492, 0.22196919826],
      [0.014322018196, 0.025988434481, 0.29255010502, 0.38109704225, 0.28604240005],
      [0.099584175476, 0.012467496608, 0.30574456815, 0.43707889176, 0.14512486801],
      [0.10811254374, 0.085219120072, 0.19815126774, 0.49826386467, 0.11025320377]
    ],
    [
      [0.064570501341, 0.026542049215, 0.33837563236, 0.15670275059, 0.4138090665],
      [0.29367358002, 0.22878459232, 0.012157407699, 0.21582779235, 0.24955662761],
      [0.12890539852, 0.14291639578, 0.05595693034, 0.37069502211, 0.30152625325],
      [0.022174479659, 0.024787480377, 0.20070482249, 0.33931009193, 0.41302312555],
      [0.15083000226, 0.012156757129, 0.21749586077, 0.40332754519, 0.21618983465],
      [0.18978098044, 0.079004263493, 0.14247422223, 0.43619617218, 0.15254436166]
    ]
  ],
  "expected_outcome": [
    [
      [6.4962629828, 6.5454609774, 5.5671391961, 3.7564785464, 3.6134180202, 4.4762699843, 7.0884873699, 2.3912876896, 2.027295244, 0.99520575527, 0.88349448828, 1.2121010864, 0.39968026393, 0.68445524988, 0.85505564982, 0.52059312585, 1.1898738279, 0.60116639374, 1.0002192351, 0.81905304857, 0.91734006719, 0.33700266653, 0.60581646975, 0.5235004133, 0.55364994977, 0.69181072911, 0.87163464872, 0.63618284951, 0.39076244806, 0.74125481157, 0.56250922128, 0.16793769027, 0.84353277061, 0.67517018153, 0.47375052983, 0.61385450899, 0.87099415471, 0.95694530817, 0.3777394037, 1.0551654674, 0.54193804443, 0.39573024639, 0.37568686061, 1.0712679492, 0.64335552955, 1.0824067868, 0.72906424329, 1.245654315, 0.29267027644, 0.77484601609],
      [1.2964270515, 0.75024045556, 1.8613633298, 2.5173068277, 1.7565794299, 1.3125100962, 1.3494925257, 1.4209570203, 0.96014857814, 0.43950719637, 0.25558510444, 0.19347236768, 0.12231966469, 0.11830517569, 0.30293077042, 0.1780458084, 0.42272936191, 0.24363344696, 0.25374203906, 0.21429024826, 0.23621193811, 0.051369727594, 0.23887459476, 0.24273480144, 0.24016168754, 0.30535376652, 0.23688273362, 0.26519503216, 0.10573066778, 0.31411177167, 0.10728871835, 0.11666164643, 0.22688794824, 0.21433402958, 0.087581162012, 0.17833648385, 0.32558827085, 0.15867137095, 0.11898891042, 0.23312589648, 0.23753331591, 0.048698613448, 0.14849002489, 0.25084471218, 0.075698316899, 0.37517507786, 0.14115281611, 0.37966865094, 0.18830536862, 0.31850459058],
      [18.2120485065, 25.92922583, 18.7056673501, 17.6023715393, 21.5637995795, 23.5163808357, 20.494381087, 17.0287254138, 9.1321015971, 4.2756947167, 2.2602523094, 2.24789006, 1.0376953998, 3.0575027016, 4.13244337, 2.3861222984, 4.449182263, 4.0883396059, 3.9524695947, 2.8576414748, 2.327063806, 1.2366224989, 3.3979898333, 3.0893767295, 2.711156575, 2.4345909276, 4.258124372, 3.3003545817, 2.0065836347, 3.4662991399, 2.4265969868, 2.676393261, 2.1754633857, 2.5834911007, 3.0701920358, 2.1107079003, 1.4115901203, 4.6256619764, 2.4797285824, 5.0730513378, 2.8351643584, 1.5671248411, 1.533998056, 2.5244614262, 2.7405035472, 5.0804110046, 1.5789711702, 3.0897009052, 3.3639845167, 4.0605075883],
      [6.4023784619, 8.0560825072, 8.9802936145, 11.9773640887, 6.9063577218, 8.0215232042, 11.1890048291, 9.9317871094, 5.5529391835, 2.0021342607, 1.4061009696, 1.563117752, 1.1717541295, 0.61371830398, 1.5876205025, 1.3536224031, 2.4109369823, 1.1364333462, 1.4926388816, 1.4329339736, 1.409502847, 0.42902771697, 1.0414172972, 1.8676760685, 1.4171555021, 1.0990507952, 1.4869412946, 1.4453973517, 0.91735405551, 1.7053398978, 0.80298412367, 1.1455403812, 1.3631249666, 0.85411298301, 1.4323547878, 0.65069244334, 0.89126260398, 1.7122737803, 1.0470096626, 2.8612523058, 1.1376520435, 0.85362690492, 0.68550332872, 1.7233149163, 1.0707985226, 1.5849809159, 0.76608808306, 1.7931253805, 1.2066801695, 1.8804330071],
      [23.5928829972, 25.7189902297, 17.8855365095, 24.146478998, 24.1598452486, 19.6733158796, 19.8786341882, 24.2272427668, 6.3275153972, 4.2874580709, 3.1945671283, 4.783418734, 2.268550542, 1.5260185689, 5.1219497073, 3.5616163643, 5.5272775649, 2.9304272072, 3.3009302496, 3.6760812548, 3.1098813417, 0.94597739001, 4.7159018049, 3.2767119872, 3.0778762856, 3.4691937816, 3.146416951, 3.352870185, 1.579569194, 3.7729943791, 3.1006209499, 2.893467021, 2.3909909289, 2.6728917052, 2.9361214845, 2.4464086636, 2.5005648501, 3.5464475641, 2.9765334409, 3.7774049925, 3.2477122377, 2.1348193941, 2.2563217298, 3.4301109961, 2.4696440838, 3.8770262148, 2.7847236874, 4.4918507484, 1.9483596687, 4.965708798]
    ],
    [
      [3.8862346759, 1.3461112944, 2.763945308, 1.590741523, 2.6957854055, 3.6857182607, 3.7106198865, 2.0261805112, 10.0479037797, 17.5020828582, 22.1955258778, 26.4024622929, 15.9686998061, 29.0741191069, 19.9568666714, 17.9926463911, 12.8115945356, 2.2677859951, 3.738844902, 2.2474225254, 3.6983366967, 5.2736038561, 3.5630823473, 2.3629424664, 1.7628342783, 1.6313819729, 3.5316100571, 1.8479746372, 3.5547927013, 2.4625304899, 5.0712909102, 0.31262399973, 3.3412532804, 2.3304582359, 2.2034579759, 4.871246909, 2.8359523314, 4.9684241363, 3.1047605091, 2.1366393485, 1.4834371213, 4.0823026544, 4.0901888004, 2.1045765975, 3.8826754251, 2.2645453747, 4.5242749901, 5.1411227913, 2.3028965216, 3.8177565403],
      [1.1810242927, 0.36816084243, 1.6013396113, 2.5391729298, 2.2111315054, 1.8819718852, 1.1730643195, 1.56610091, 10.3780838711, 15.6459468717, 12.6690502549, 8.3093289001, 9.7947134826, 9.9786826493, 13.8391342993, 12.1417731388, 8.8976455905, 1.8119723623, 1.808232105, 1.1365309727, 1.8333553219, 1.5609871195, 2.6362139434, 2.0378366214, 1.4830073595, 1.4521966746, 1.8376911071, 1.5103520256, 1.8737299466, 2.0559506305, 1.8910649485, 3.5718407479, 1.7431461848, 1.4730662286, 0.848345629, 2.8250114848, 2.167858539, 1.6549678818, 1.8932955307, 0.92592879018, 1.3127803236, 1.1087942765, 3.2006655743, 0.93407976292, 1.0063167465, 1.5435564711, 1.6664260177, 3.0458486751, 2.7465190141, 2.9741997001],
      [0.080308067024, 0.041023492214, 0.070121388007, 0.055133646922, 0.12044613644, 0.14070395539, 0.079675695981, 0.091032319713, 0.71270193575, 0.74966818663, 0.4025346069, 0.081964405206, 0, 0.7985071459, 0.90989331697, 0.79550845277, 0.42036735075, 0.11073311938, 0.11204968596, 0.059623383974, 0.069346841942, 0.14765779589, 0.16821734785, 0.11049880594, 0.066355169948, 0.043579025214, 0.12103398661, 0.072144871637, 0.14110368353, 0.087824538098, 0.17884258215, 0.56074781919, 0.064698248256, 0.068067478665, 0.11014515397, 0.13902273909, 0.025946372891, 0.17548155111, 0.15947848712, 0.083639639862, 0.058852051196, 0.12975990551, 0.13487073535, 0.034400031428, 0.12766767612, 0.078609451988, 0.074102646005, 0.085223959289, 0.18512779956, 0.15804630009],
      [1.1168619662, 0.52609549243, 1.3627508707, 1.4969545591, 1.5875811696, 2.062595289, 1.6960720349, 2.0777830647, 8.7829051834, 10.9086333265, 10.8789686784, 10.7930821233, 14.2329671245, 8.1390319469, 11.3570310055, 14.5028521357, 7.8947162242, 1.3166123136, 1.6953247157, 1.2034570953, 1.7264791143, 2.0407964226, 1.8930544488, 2.5349308882, 1.3765088224, 0.78529611473, 1.8183767481, 1.2734854761, 2.5241084362, 1.722509134, 2.172780804, 3.5732542109, 1.610539272, 0.8976090007, 2.0187082719, 1.560541696, 0.88158947828, 2.7216284212, 2.5982648791, 1.8091648135, 0.95253811908, 2.7035542499, 2.2831718429, 1.0294975221, 1.9779359577, 1.0213826026, 1.439535451, 2.2527962508, 2.7826629675, 2.8057613006],
      [1.7355709982, 0.71860887853, 1.2018428221, 1.3179973412, 2.385055783, 2.2290106097, 1.340568063, 2.2389031943, 4.07840523, 10.193668757, 10.853920582, 14.4131622785, 13.0036195868, 9.009659151, 15.9370747068, 16.5672198816, 7.9756762989, 1.4928962096, 1.6455485913, 1.3529660227, 1.6724820253, 1.9769548059, 3.7394319126, 1.9537912181, 1.3112943698, 1.0875462125, 1.6912881011, 1.2960429894, 1.9062652323, 1.6711852075, 3.6860207552, 3.9815332224, 1.2403630145, 1.2307990561, 1.8193429692, 2.6041771711, 1.0886532784, 2.4794980096, 3.2442005939, 1.0446274079, 1.1923923848, 2.9755889137, 3.2911030471, 0.89744608607, 2.0054041946, 1.0919060996, 2.2956608952, 2.4750083235, 1.9827936972, 3.2442361589]
    ],
    [
      [1.7330243758, 1.4695583147, 1.5238257903, 0.73071766363, 0.80914825604, 1.4875421785, 1.9977328447, 1.0250616679, 0.52012065046, 1.0482405684, 1.7158719665, 1.9601180541, 1.3050308269, 2.1641462217, 1.177840978, 1.1342721567, 3.8811692782, 9.5671177019, 11.4998436636, 10.4611817385, 12.506012594, 13.3646203266, 7.3637822373, 5.5712035399, 6.9631794185, 2.2295145447, 0.90645001341, 1.3797453877, 0.61773482004, 0.83251162649, 1.2431434303, 0.4617350667, 1.219614769, 0.77073682233, 1.4119235788, 1.031806222, 3.101902566, 1.111674279, 0.93301161066, 1.3505766288, 1.0814708998, 1.9112756793, 1.1683945394, 3.0420646005, 1.3634528118, 1.6534056511, 2.2896820923, 1.573917205, 0.83043727704, 1.1601485867],
      [0.75992023226, 0.57742446987, 1.2583786809, 1.631014881, 0.94042099926, 1.0835978668, 0.91089329196, 1.1409785989, 0.78497487078, 1.3810632635, 1.3813290883, 0.90482277391, 1.1070622805, 0.99794250865, 1.1519619543, 1.0668454599, 3.8442478029, 10.7968518657, 8.2128651001, 7.651495996, 9.1535638856, 5.7663289562, 7.9526693388, 7.8434041304, 8.6987600133, 2.8085539667, 0.67382560325, 1.6048818633, 0.46424844886, 0.98472678386, 0.66717644039, 0.80167775065, 0.91455355902, 0.68886759846, 0.71649791582, 0.84534897387, 3.3748850236, 0.52731986743, 0.80799674276, 0.82736691437, 1.3437268995, 0.71697900056, 1.2972511996, 1.9536770288, 0.50391097927, 1.6015592493, 1.2159477662, 1.3282652587, 1.432393215, 1.286247562],
      [0.37849407783, 0.50130024461, 0.42910177259, 0.27994990539, 0.39788718389, 0.67141310861, 0.46606782249, 0.50467830458, 0.2079186079, 0.37216672926, 0.36003807154, 0.29400778744, 0.2597675478, 0.76678329302, 0.46471025529, 0.42699468578, 1.2213205839, 5.0144517325, 3.883926856, 3.12183609, 2.6228257905, 4.3105601779, 3.7234695607, 3.251431893, 3.0711601126, 0.65647906583, 0.36640120594, 0.59658202985, 0.26393011441, 0.32525362768, 0.44927538755, 0.57100886101, 0.2612985682, 0.2459718987, 0.75018887455, 0.29698584865, 0.38951719429, 0.44774967788, 0.50981267875, 0.55682217467, 0.4726761802, 0.63912563177, 0.40037089792, 0.5731765483, 0.4841988065, 0.64265603836, 0.41372456745, 0.3210149086, 0.76453871927, 0.50361237306],
      [1.9749082973, 2.2700800914, 2.955488046, 2.6936191644, 1.8737674796, 3.2712228282, 3.6169881922, 4.1705229627, 1.8293090603, 2.5246050677, 3.2572819232, 2.9971458832, 4.5812152138, 2.296169179, 2.6082061648, 3.5179588562, 9.4042457181, 21.3828741055, 20.4895394346, 21.5832278105, 23.0052900872, 21.1613844579, 14.748675048, 25.1885196823, 21.5871895497, 4.2022167842, 1.8433040981, 3.7396926114, 1.7325981851, 2.2930754873, 2.1168162302, 3.4522618699, 2.337559613, 1.1692571373, 4.9667836546, 1.3100376829, 3.8035316078, 2.3838671823, 3.0566169918, 4.45881102, 2.7102597056, 4.9189593556, 2.5464091795, 5.8375766897, 2.7108347685, 2.908908347, 2.8605421099, 2.6932138088, 3.9749080043, 3.336255199],
      [2.1536530168, 2.1816368794, 1.8332057101, 1.6646983856, 1.9787760812, 2.4862240179, 2.0083178487, 3.1587584659, 0.65767681057, 1.6739243712, 2.2854789504, 2.8439055014, 2.746924131, 1.7749587976, 2.5972806475, 2.8539288414, 6.6490166169, 17.2387045944, 13.9138249457, 17.182258365, 15.7123076428, 14.3971060815, 20.2114038153, 14.1454407543, 14.6797109059, 4.1032356386, 1.2100190793, 2.6790981077, 0.92148843163, 1.5644324747, 2.5235885115, 2.7133164517, 1.2669734909, 1.1251665432, 3.1546059762, 1.5158212727, 3.3301636083, 1.5293889934, 2.6925619761, 1.8064232622, 2.3918663149, 3.8136603327, 2.5875741836, 3.5935051326, 1.937602634, 2.1934707142, 3.220103464, 2.083588819, 1.9977227844, 2.7137362792]
    ],
    [
