{
  "X": [
    [22, 17, 15, 29, 17],
    [21, 11, 14, 40, 14],
    [21, 13, 16, 43, 7],
    [29, 19, 16, 30, 6],
    [23, 13, 16, 31, 17],
    [15, 19, 21, 33, 12],
    [32, 13, 13, 34, 8],
    [16, 15, 20, 35, 14],
    [9, 29, 15, 40, 7],
    [11, 32, 20, 25, 12],
    [9, 35, 17, 29, 10],
    [12, 31, 10, 25, 22],
    [16, 38, 16, 21, 9],
    [13, 38, 13, 20, 16],
    [5, 32, 14, 33, 16],
    [9, 40, 11, 26, 14],
    [13, 31, 16, 27, 13],
    [18, 14, 27, 31, 10],
    [18, 16, 13, 28, 25],
    [20, 18, 14, 22, 26],
    [8, 14, 25, 28, 25],
    [14, 23, 17, 31, 15],
    [12, 15, 17, 32, 24],
    [14, 19, 20, 24, 23],
    [13, 23, 13, 35, 16],
    [21, 22, 29, 21, 7],
    [16, 20, 39, 15, 10],
    [10, 22, 30, 28, 10],
    [25, 16, 35, 18, 6],
    [13, 26, 32, 22, 7],
    [13, 21, 38, 25, 3],
    [15, 25, 33, 18, 9],
    [14, 28, 29, 19, 10],
    [15, 24, 31, 20, 10],
    [17, 23, 30, 13, 17],
    [26, 31, 26, 8, 9],
    [18, 30, 27, 9, 16],
    [18, 34, 26, 12, 10],
    [19, 35, 17, 18, 11],
    [22, 34, 22, 15, 7],
    [18, 32, 33, 7, 10],
    [12, 29, 36, 18, 5],
    [8, 22, 33, 20, 17],
    [7, 20, 34, 20, 19],
    [10, 21, 41, 16, 12],
    [8, 23, 42, 18, 9],
    [15, 16, 39, 17, 13],
    [13, 23, 22, 24, 18],
    [8, 14, 42, 19, 17],
    [9, 19, 30, 24, 18]
  ],
  "W": [
    [56, 2, 11, 5, 15, 11],
    [61, 7, 11, 7, 5, 9],
    [57, 11, 9, 5, 9, 9],
    [51, 7, 5, 13, 11, 13],
    [59, 10, 7, 7, 6, 11],
    [54, 10, 9, 5, 10, 12],
    [65, 10, 4, 5, 8, 8],
    [63, 7, 8, 6, 11, 5],
    [25, 44, 8, 7, 6, 10],
    [3, 58, 8, 12, 9, 10],
    [3, 59, 11, 5, 9, 13],
    [14, 51, 14, 6, 7, 8],
    [8, 51, 6, 8, 15, 12],
    [10, 55, 6, 10, 9, 10],
    [7, 66, 3, 12, 6, 6],
    [8, 62, 5, 7, 12, 6],
    [8, 44, 23, 10, 5, 10],
    [7, 5, 61, 8, 7, 12],
    [12, 6, 62, 7, 11, 2],
    [8, 6, 65, 12, 5, 4],
    [4, 6, 67, 7, 6, 10],
    [14, 5, 59, 11, 6, 5],
    [10, 8, 63, 8, 4, 7],
    [8, 6, 52, 11, 9, 14],
    [5, 10, 57, 9, 6, 13],
    [12, 10, 8, 60, 4, 6],
    [5, 12, 7, 56, 11, 9],
    [6, 7, 12, 57, 13, 5],
    [7, 8, 7, 56, 7, 15],
    [3, 6, 10, 61, 9, 11],
    [9, 10, 5, 62, 7, 7],
    [7, 9, 1, 60, 13, 10],
    [7, 9, 12, 62, 6, 4],
    [11, 9, 5, 28, 40, 7],
    [7, 9, 9, 10, 53, 12],
    [9, 10, 10, 4, 63, 4],
    [6, 7, 6, 8, 59, 14],
    [12, 9, 6, 4, 58, 11],
    [8, 9, 6, 8, 63, 6],
    [9, 8, 11, 7, 61, 4],
    [8, 7, 5, 8, 55, 17],
    [10, 5, 7, 9, 42, 27],
    [12, 9, 10, 6, 6, 57],
    [11, 7, 5, 7, 4, 66],
    [6, 12, 9, 15, 5, 53],
    [6, 16, 7, 7, 12, 52],
    [6, 11, 8, 10, 9, 56],
    [10, 11, 11, 8, 13, 47],
    [12, 7, 13, 11, 6, 51],
    [15, 11, 9, 6, 7, 52]
  ],
  "method": "mvn_cdf",
  "mvncdf_method": "genz",
  "mvncdf_samples": 5000,
  "mvncdf_error": 0.001,
  "cond_prob": [
    [
      [0.29140517163, 0.075322683393, 0.069674270917, 0.41466635086, 0.1489315232],
      [0.045583703701, 0.51849115787, 0.030863213051, 0.23781301436, 0.16724891101],
      [0.12017426577, 0.15126190587, 0.098341293596, 0.26596294523, 0.36425958953],
      [0.17021045658, 0.25890979403, 0.36501956275, 0.16758242005, 0.038277766599],
      [0.19903319643, 0.45204205438, 0.21757125736, 0.023882636129, 0.1074708557],
      [0.039243257158, 0.18235333308, 0.44237213625, 0.10739220758, 0.22863906594]
    ],
    [
      [0.27010767255, 0.04648719115, 0.067252321548, 0.49907563327, 0.11707718149],
      [0.052687991316, 0.39963019715, 0.036891262159, 0.35745316374, 0.15333738564],
      [0.12533882689, 0.10584910897, 0.10631718421, 0.36113796352, 0.3013569164],
      [0.17539689703, 0.1781646066, 0.39045184573, 0.22401299058, 0.031973660064],
      [0.23558716639, 0.3579906123, 0.26749439656, 0.036828901818, 0.10209892292],
      [0.041130536488, 0.12949160594, 0.48880506902, 0.14771790917, 0.19285487938]
    ],
    [
      [0.27498808768, 0.045780931607, 0.078813229053, 0.54988363546, 0.050534116196],
      [0.056968220558, 0.39459831409, 0.043962082035, 0.41781786855, 0.086653514759],
      [0.1390418434, 0.10977394749, 0.12985723048, 0.44167725885, 0.17964971978],
      [0.1692287147, 0.16077646341, 0.41514360034, 0.23906107963, 0.015790141916],
      [0.24571260979, 0.34802547931, 0.30770961917, 0.041974054888, 0.056578236845],
      [0.043343880407, 0.12509203168, 0.55669371034, 0.16805211144, 0.10681826614]
    ],
    [
      [0.39343682551, 0.071995106388, 0.058208298408, 0.42809562953, 0.048264140168],
      [0.072966882933, 0.5406602197, 0.029971224897, 0.28106342436, 0.075338248106],
      [0.21006914176, 0.17064192961, 0.10206844344, 0.33860251601, 0.17861796918],
      [0.24788121616, 0.2436063783, 0.31517625803, 0.18021729748, 0.013118850028],
      [0.29833638225, 0.43548816447, 0.19342622683, 0.029005356061, 0.043743870398],
      [0.066880922702, 0.2102435124, 0.46817354925, 0.14190635073, 0.11279566493]
    ],
    [
      [0.31094070306, 0.054321126044, 0.080403338513, 0.40525594075, 0.14907889163],
      [0.057663986713, 0.42624772052, 0.041356991245, 0.27462047301, 0.2001108285],
      [0.13102934488, 0.10859034307, 0.11344747837, 0.26661012879, 0.38032270489],
      [0.1858280498, 0.18488589646, 0.42214787322, 0.16771776132, 0.039420419204],
      [0.23410040443, 0.34744574271, 0.27099092738, 0.026040670798, 0.12142225468],
      [0.041386769346, 0.12668802047, 0.4970472809, 0.10428686454, 0.23059106474]
    ],
    [
      [0.21649173886, 0.083853707742, 0.11319066874, 0.4725611079, 0.11390277676],
      [0.032425363368, 0.54726385911, 0.049200709302, 0.25703011, 0.11407995822],
      [0.093533284021, 0.17013112275, 0.16838720021, 0.30578047265, 0.26216792037],
      [0.10472275469, 0.22732724348, 0.49483712282, 0.15075810252, 0.022354776495],
      [0.13563804427, 0.44274356475, 0.32741825673, 0.024903396083, 0.069296738167],
      [0.021949891316, 0.1586674351, 0.59432031763, 0.09637919553, 0.12868316043]
    ],
    [
      [0.39589071625, 0.050768361019, 0.066595840641, 0.41835100519, 0.0683940769],
      [0.086175145698, 0.44590340832, 0.038925680976, 0.32349295378, 0.10550281123],
      [0.21603845649, 0.1214002787, 0.1137440554, 0.33562373077, 0.21319347864],
      [0.2620141767, 0.17656207827, 0.3614565039, 0.18067496376, 0.01929227737],
      [0.33604660235, 0.33798878935, 0.23664229635, 0.029645271034, 0.059677040911],
      [0.067844307294, 0.14608757869, 0.51582705458, 0.13615290186, 0.13408815757]
    ],
    [
      [0.20486039444, 0.074071090736, 0.12018701292, 0.46366188065, 0.13721962125],
      [0.034064498328, 0.48632320348, 0.05899982278, 0.27104889816, 0.14956357725],
      [0.08647849035, 0.13550696998, 0.18128984563, 0.28797831698, 0.30874637706],
      [0.098284545408, 0.18383605062, 0.54662260828, 0.14468865557, 0.02656814012],
      [0.13375616028, 0.37564719793, 0.37840314976, 0.025620184917, 0.086573307117],
      [0.02049814077, 0.1220135237, 0.62454607287, 0.087635745645, 0.14530651702]
    ],
    [
      [0.19058010243, 0.065634838096, 0.078457486074, 0.61040399457, 0.054923578825],
      [0.031791560407, 0.46575128335, 0.046015006733, 0.39207406404, 0.064368085474],
      [0.094029116515, 0.14304234495, 0.12681512632, 0.46448473104, 0.17162868118],
      [0.11598065431, 0.209438146, 0.40784903229, 0.25251461651, 0.014217550893],
      [0.16547492541, 0.44116883874, 0.29589869484, 0.043829021252, 0.053628519755],
      [0.027972171655, 0.16086537662, 0.53690461464, 0.17421870266, 0.10003913443]
    ],
    [
      [0.33197522397, 0.050708600341, 0.10173846385, 0.42420982241, 0.091367889427],
      [0.069807511706, 0.43246997241, 0.054386194955, 0.31252764491, 0.13080867602],
      [0.15654064762, 0.11624629216, 0.16703949021, 0.31159429079, 0.24857927923],
      [0.17580618948, 0.15488109638, 0.49354347291, 0.15424893815, 0.021520303082],
      [0.24229926018, 0.31691943819, 0.34498730214, 0.026481546844, 0.069312452647],
      [0.041254585286, 0.11237973616, 0.61766619853, 0.10186916225, 0.12683031778]
    ],
    [
      [0.28044667707, 0.057280841027, 0.08494242702, 0.50311626093, 0.074213793958],
      [0.057329451196, 0.45987731071, 0.046748073851, 0.34430672315, 0.091738441101],
      [0.13648644665, 0.13482161922, 0.14351503403, 0.37883634643, 0.20634055367],
      [0.15884472871, 0.1879221492, 0.44032852746, 0.1951255044, 0.017779090229],
      [0.21889449193, 0.38173792281, 0.30712364499, 0.033077546665, 0.059166393605],
      [0.039276720322, 0.14131586789, 0.5725088881, 0.13354071529, 0.1133578084]
    ],
    [
      [0.29838651171, 0.061620409403, 0.056860005894, 0.40844054829, 0.1746925247],
      [0.058321694794, 0.45230281631, 0.027636464773, 0.2636553492, 0.19808367492],
      [0.12229071939, 0.11986071847, 0.080395421506, 0.25852712705, 0.41892601358],
      [0.1961032647, 0.2283478098, 0.34217756711, 0.18472323877, 0.048648119627],
      [0.23029481093, 0.39684057751, 0.20391539646, 0.027522623976, 0.14142659113],
      [0.043428633186, 0.15548120959, 0.39856139189, 0.11437899193, 0.2881497734]
    ],
    [
      [0.43185495516, 0.06314159536, 0.068602614331, 0.36570849002, 0.070692345138],
      [0.074396749672, 0.52664062822, 0.042318175834, 0.26337823942, 0.093266206855],
      [0.21981051856, 0.15704391965, 0.12160426628, 0.29186916703, 0.20967212847],
      [0.25327045781, 0.21549858354, 0.36482599202, 0.14870503661, 0.017699930024],
      [0.30842155424, 0.38871717733, 0.22704026844, 0.023640061174, 0.05218093881],
      [0.06496466984, 0.17826544599, 0.51992621311, 0.11221547138, 0.12462819968]
    ],
    [
      [0.36195073024, 0.070279812913, 0.065633022534, 0.36484636575, 0.13729006857],
      [0.063876750313, 0.51616189819, 0.032362214453, 0.22171512025, 0.16588401679],
      [0.15730643904, 0.14954855083, 0.099527495345, 0.24774762874, 0.34586988604],
      [0.21563229495, 0.24363568264, 0.35600194049, 0.14900776842, 0.035722313494],
      [0.25067955022, 0.41977551264, 0.21021985868, 0.020586892145, 0.098738186313],
      [0.051099389463, 0.17966697251, 0.45145848747, 0.099535924277, 0.21823922629]
    ],
    [
      [0.16825243362, 0.052020511406, 0.078696303959, 0.5613808869, 0.13964986411],
      [0.020935793371, 0.39529320754, 0.043972506329, 0.36435991593, 0.17543857683],
      [0.071269110457, 0.10658411174, 0.11494932115, 0.36697066188, 0.34022679478],
      [0.10252427048, 0.18404621194, 0.4411263734, 0.23512182542, 0.037181318761],
      [0.1444986422, 0.37984274441, 0.31188437744, 0.04052897783, 0.12324525813],
      [0.021563361976, 0.12319022964, 0.50621162428, 0.14283859712, 0.20619618699]
    ],
    [
      [0.25854143733, 0.069806417408, 0.066225158978, 0.48280691958, 0.12262006671],
      [0.044041572134, 0.49148853485, 0.030842511707, 0.28937854972, 0.14424883159],
      [0.11309414411, 0.14980839091, 0.10070568236, 0.32775784561, 0.30863393702],
      [0.15636497466, 0.24646636227, 0.36527794238, 0.1996586514, 0.032232069292],
      [0.19347601357, 0.4515453968, 0.22924114093, 0.030585050839, 0.095152397863],
      [0.036558887163, 0.17940137466, 0.4577658838, 0.13210902713, 0.19416482724]
    ],
    [
      [0.33968522962, 0.061465368228, 0.076223486368, 0.43613695219, 0.086488963597],
      [0.063868860904, 0.49008939939, 0.041402519538, 0.29384038581, 0.11079883436],
      [0.16375050205, 0.14342925842, 0.12779242195, 0.32604129515, 0.23898652243],
      [0.19643261776, 0.20765786347, 0.40100230833, 0.1733462016, 0.021561008853],
      [0.25116240791, 0.39458136085, 0.26054567458, 0.027407956123, 0.066302600546],
      [0.048588851894, 0.15959850985, 0.53165240883, 0.12124758219, 0.13891264724]
    ],
    [
      [0.34673013212, 0.045087290805, 0.10459517099, 0.45268615888, 0.050901247207],
      [0.075550716817, 0.41977288084, 0.065065938101, 0.35987221718, 0.079738247056],
      [0.18556001249, 0.11768470337, 0.18657182109, 0.37859883242, 0.13158463061],
      [0.18371473452, 0.13716314091, 0.50471891973, 0.16569062334, 0.0087125814999],
      [0.26523686282, 0.29304090697, 0.37108299662, 0.031067834283, 0.0395713993],
      [0.045799901086, 0.10484718152, 0.6605242243, 0.11619226645, 0.072636426642]
    ],
    [
      [0.32421606728, 0.051915200817, 0.061871851138, 0.43436613934, 0.12763074143],
      [0.062091380083, 0.43027969608, 0.033864096111, 0.30329919536, 0.17046563236],
      [0.14923435639, 0.11486175636, 0.097142444852, 0.30687022193, 0.33189122046],
      [0.21076243768, 0.19579685996, 0.3645261369, 0.19336817603, 0.035546389437],
      [0.26454429675, 0.36514303944, 0.2329038035, 0.030054523182, 0.10735433713],
      [0.04950224387, 0.14337953292, 0.45894841603, 0.12884020445, 0.21932960273]
    ],
    [
      [0.40240167257, 0.062079372369, 0.061199979424, 0.3446248627, 0.12969411294],
      [0.073614908184, 0.49441451551, 0.03239685616, 0.23270934307, 0.16686437708],
      [0.17904599108, 0.1422412076, 0.098056173749, 0.23955941368, 0.34109721389],
      [0.2499932189, 0.22375901844, 0.34415195177, 0.14697862021, 0.03511719068],
      [0.29181018023, 0.38597888862, 0.20403104137, 0.020911966395, 0.097267923382],
      [0.060534555596, 0.16904919233, 0.44809727647, 0.10176996908, 0.22054900653]
    ],
    [
      [0.20440208593, 0.053000867133, 0.12282742715, 0.48997048153, 0.12979913826],
      [0.036393842332, 0.41432427974, 0.062961269936, 0.32300139251, 0.16331921548],
      [0.07746050543, 0.10886487169, 0.1724059673, 0.32474099123, 0.31652766434],
      [0.10033600487, 0.15164245223, 0.55389619869, 0.16595885382, 0.028166490402],
      [0.14491100647, 0.32427212904, 0.40532619016, 0.030030490415, 0.095460183917],
      [0.02023566656, 0.10009745096, 0.62704923308, 0.10025683872, 0.15236081067]
    ],
    [
      [0.26535745856, 0.090425023541, 0.080067762509, 0.48280299983, 0.081346755564],
      [0.038665496171, 0.59199735742, 0.033025969325, 0.25389800994, 0.082413167138],
      [0.12459450068, 0.19306704872, 0.12998867926, 0.34344939434, 0.208900377],
      [0.14106029606, 0.28718628247, 0.37788365977, 0.17579472115, 0.018075040544],
      [0.16888631289, 0.51927861665, 0.23145570853, 0.026558329793, 0.053821032138],
      [0.035122285059, 0.2216772404, 0.49982697864, 0.12293235501, 0.1204411409]
    ],
    [
      [0.2469529991, 0.053009470005, 0.078177952568, 0.4999987067, 0.12186087163],
      [0.045423604118, 0.4227809489, 0.041115707418, 0.33485124228, 0.15582849728],
      [0.1100901592, 0.11422757339, 0.12208750092, 0.34297958587, 0.31061518062],
      [0.14918912418, 0.18595660004, 0.4267777124, 0.20640415719, 0.031672406187],
      [0.20036465711, 0.3717195452, 0.29180253527, 0.034143454696, 0.10196980773],
      [0.033775646381, 0.13096994343, 0.51662148809, 0.13224028692, 0.18639263518]
    ],
    [
      [0.2963678033, 0.065051080865, 0.074019052552, 0.43360228037, 0.13095978291],
      [0.051088169746, 0.48466108512, 0.036352503612, 0.27123166373, 0.15666657779],
      [0.132224238, 0.13823024342, 0.11183315087, 0.29133060342, 0.3263817643],
      [0.1751110428, 0.22297582033, 0.39427973429, 0.17475440841, 0.032878994165],
      [0.2162644511, 0.41012596554, 0.24867525508, 0.026447696977, 0.09848663131],
      [0.041019046334, 0.15998460507, 0.48566102427, 0.11387661653, 0.19945870779]
    ],
    [
      [0.25740939377, 0.068058574202, 0.044897356082, 0.55395766853, 0.075677007411],
      [0.045275480781, 0.50211074677, 0.020719573837, 0.34231665566, 0.089577542944],
      [0.1358203459, 0.16432705015, 0.069143962709, 0.41738000134, 0.21332863991],
      [0.17586924497, 0.26845765629, 0.27704780823, 0.25633599842, 0.022289292089],
      [0.21871153558, 0.49931068273, 0.17667055183, 0.039063898605, 0.066243331253],
      [0.047949699161, 0.21999806154, 0.39028138628, 0.19038289593, 0.15138795709]
    ],
    [
      [0.37090330717, 0.06082825669, 0.071002581309, 0.40789733299, 0.089368521841],
      [0.069061809183, 0.49519083168, 0.038221465473, 0.28031873407, 0.11720715959],
      [0.17994038515, 0.14323203076, 0.11957241645, 0.30709460001, 0.25016056762],
      [0.21641809958, 0.21052935803, 0.37950675048, 0.1671796441, 0.026366147806],
      [0.2757124165, 0.38816204244, 0.24238740921, 0.025635292152, 0.068102839694],
      [0.055180583334, 0.16464778419, 0.51153672873, 0.11866134144, 0.14997356231]
    ],
    [
      [0.32478740674, 0.05423177998, 0.10600045487, 0.37623250356, 0.13874785485],
      [0.062291739228, 0.44092275644, 0.056075260654, 0.25762088424, 0.18308935944],
      [0.13893167306, 0.11224782425, 0.15650300264, 0.24787662553, 0.34444087452],
      [0.17581668479, 0.16276684467, 0.49522652831, 0.1305669446, 0.035622997627],
      [0.22416393133, 0.32042610236, 0.33544046609, 0.021084349365, 0.098885150848],
      [0.038278087932, 0.11248920281, 0.58656031853, 0.083174861356, 0.17949752937]
    ],
    [
      [0.16589815377, 0.051051472066, 0.064233880097, 0.60470437125, 0.11411212282],
      [0.029169506056, 0.39476576045, 0.033982236247, 0.39763866031, 0.14444383693],
      [0.0731637376, 0.1112266444, 0.10036788452, 0.41773628841, 0.29750544506],
      [0.10126483366, 0.20269969309, 0.39064919677, 0.26502055565, 0.040365720829],
      [0.15588884407, 0.41104565731, 0.27609937977, 0.045022482156, 0.11194363669],
      [0.024761838479, 0.13962701207, 0.46320205969, 0.17680074983, 0.19560833993]
    ],
    [
      [0.47889860726, 0.038982142569, 0.071087081931, 0.34752126606, 0.063510902186],
      [0.11295386363, 0.41351677919, 0.051113217954, 0.31317477188, 0.10924136735],
      [0.26150076601, 0.10438246489, 0.13367495215, 0.29817963657, 0.20226218037],
      [0.26958064682, 0.14246626204, 0.40783032151, 0.16124138069, 0.018881388935],
      [0.38953476335, 0.27239141618, 0.25916052549, 0.025325676571, 0.053587618415],
      [0.072687594179, 0.12023086177, 0.56700922233, 0.11785989678, 0.12221242494]
    ],
    [
      [0.24371543281, 0.071974355846, 0.071107187933, 0.52482905152, 0.088373971895],
      [0.040232839843, 0.51250940998, 0.033317553355, 0.31275830896, 0.10118188786],
      [0.11320095302, 0.16143738969, 0.11373298776, 0.37508646742, 0.23654220211],
      [0.1450940504, 0.2429693911, 0.37481558902, 0.21145236678, 0.025668602704],
      [0.18396151242, 0.46855500953, 0.24532630096, 0.033195421538, 0.06896175555],
      [0.035368767849, 0.18695623935, 0.48888687269, 0.14552228636, 0.14326583374]
    ],
    [
      [0.24042791549, 0.057880415247, 0.095696942469, 0.55166900402, 0.054325722776],
      [0.045056740329, 0.46011334913, 0.05090501826, 0.37321954153, 0.070705350751],
      [0.1192646122, 0.13752761713, 0.16371755259, 0.4214271418, 0.15806307628],
      [0.13295577137, 0.18591426914, 0.4700436172, 0.20891669297, 0.002169649319],
      [0.18875298426, 0.38614217625, 0.34447508959, 0.036625422456, 0.044004327436],
      [0.032104225963, 0.13723210932, 0.60815138267, 0.14091927401, 0.081593008038]
    ],
    [
      [0.26998926825, 0.065005168589, 0.075701740886, 0.44063152433, 0.14867229795],
      [0.045712526034, 0.47361947188, 0.036149479007, 0.26960185758, 0.1749166655],
      [0.1126077694, 0.13184371557, 0.10960063236, 0.28323995624, 0.36270792643],
      [0.16101632258, 0.22139582529, 0.39942837818, 0.17885267629, 0.039306797656],
      [0.19747902039, 0.40937655179, 0.25379452391, 0.027334882158, 0.11201502175],
      [0.035784799846, 0.15449001665, 0.47701103689, 0.11194086099, 0.22077328563]
    ],
    [
      [0.26732163368, 0.085838769788, 0.076923506321, 0.42917921346, 0.14073687675],
      [0.039696918355, 0.55366530785, 0.03256884667, 0.22967418934, 0.14439473778],
      [0.11027230319, 0.17154911549, 0.10934120777, 0.27262513886, 0.33621223469],
      [0.14964034274, 0.26876020797, 0.3812992162, 0.16284905785, 0.037451175237],
      [0.17243166815, 0.48370900446, 0.22698699689, 0.023450945183, 0.093421385313],
      [0.033979350456, 0.19804113351, 0.46346198917, 0.10495721938, 0.19956030748]
    ],
    [
      [0.22229739291, 0.046741550672, 0.081028640637, 0.54160265699, 0.10832975878],
      [0.042741638731, 0.39246608652, 0.044364124358, 0.37631809121, 0.14411005918],
      [0.10209933615, 0.10535531714, 0.12854189954, 0.38118580913, 0.28281763805],
      [0.1353321996, 0.16563173284, 0.44451812004, 0.22244566115, 0.032072286368],
      [0.19135623859, 0.3489642076, 0.32093688791, 0.037974989041, 0.10076767686],
      [0.030858016629, 0.11865925067, 0.54038792265, 0.14315726179, 0.16693754826]
    ],
    [
      [0.26782309904, 0.044162861165, 0.08694112834, 0.43044314865, 0.1706297628],
      [0.052657165768, 0.37002435582, 0.048259595988, 0.30029615879, 0.22876272363],
      [0.11072605414, 0.088210689769, 0.12315185747, 0.2714003975, 0.40651100111],
      [0.16168524261, 0.15495650636, 0.4663844621, 0.17516027363, 0.0418135153],
      [0.21915466197, 0.29837285246, 0.31961797054, 0.03469536015, 0.12815915487],
      [0.035228318077, 0.10028485977, 0.52042599673, 0.10426434405, 0.23979648137]
    ],
    [
      [0.45506012106, 0.064895215175, 0.10019362152, 0.28973847543, 0.09011256681],
      [0.086508060089, 0.53429682712, 0.05571109266, 0.20261439411, 0.12086962602],
      [0.21820647255, 0.1508177382, 0.1666881423, 0.21536194382, 0.24892570313],
      [0.23187091548, 0.19033836399, 0.45775354627, 0.10017759508, 0.019859579173],
      [0.28100673706, 0.35269533746, 0.29580738158, 0.0084650459853, 0.062025497924],
      [0.056601371921, 0.14590942356, 0.60184645809, 0.06964551611, 0.12599723032]
    ],
    [
      [0.30716589775, 0.061790240494, 0.080181145047, 0.37332051824, 0.17754219847],
      [0.053667435849, 0.45879021258, 0.039916705197, 0.23345894921, 0.21416669717],
      [0.12371360081, 0.12016042194, 0.11130828077, 0.23012160069, 0.41469609579],
      [0.18021644548, 0.20906867859, 0.41985923227, 0.14749867383, 0.043356969831],
      [0.22106146605, 0.37398637052, 0.26233173773, 0.022225113488, 0.12039531221],
      [0.039620921209, 0.13992994627, 0.48108572318, 0.089561682538, 0.2498017268]
    ],
    [
      [0.31035867779, 0.074685615058, 0.091004007256, 0.4185084706, 0.1054432293],
      [0.051329311322, 0.53714264, 0.042829895436, 0.24838009182, 0.12031806142],
      [0.13879474387, 0.16382977543, 0.14061241402, 0.28741193907, 0.26935112761],
      [0.16369829176, 0.23175448568, 0.43175644066, 0.14884542515, 0.023945356748],
      [0.20512439132, 0.42228772121, 0.27510251044, 0.022910503146, 0.074574873886],
      [0.038995976193, 0.16970949398, 0.54507609105, 0.099437728085, 0.14678071069]
    ],
    [
      [0.21435526887, 0.048618005264, 0.039074225785, 0.61082934956, 0.087123150515],
      [0.042429040046, 0.39778110539, 0.020805928759, 0.42237673081, 0.116607195],
      [0.10685310384, 0.11571799569, 0.06810365447, 0.46324813952, 0.24607710648],
      [0.16589670145, 0.21460115086, 0.27649063546, 0.31357023286, 0.029441279377],
      [0.23301118317, 0.43814321748, 0.1846073396, 0.042567911066, 0.10167034868],
      [0.042549952335, 0.16948102115, 0.37489057163, 0.22369092151, 0.18938753338]
    ],
    [
      [0.31997119539, 0.062697684382, 0.068973676208, 0.48087202756, 0.067485416458],
      [0.059233759629, 0.49796016577, 0.036426997524, 0.31965605356, 0.086723023515],
      [0.16095816279, 0.15261902183, 0.11949667482, 0.37149377684, 0.19543236372],
      [0.1937703549, 0.22019587782, 0.3731830669, 0.19580120485, 0.017049495521],
      [0.251144379, 0.41845832252, 0.24769474931, 0.034251074759, 0.04845147441],
      [0.049912442663, 0.17647536391, 0.51292408364, 0.142136946, 0.11855116379]
    ],
    [
      [0.36649052946, 0.081307787837, 0.11547091684, 0.3201579228, 0.11657284305],
      [0.059812304405, 0.56815426657, 0.053526472452, 0.18720738962, 0.13129956695],
      [0.1578067457, 0.16974329046, 0.17223821123, 0.21241358425, 0.28779816835],
      [0.17107018254, 0.21977864788, 0.48514933028, 0.099927845201, 0.024073994097],
      [0.21453495169, 0.40148589097, 0.30552118571, 0.0036500961095, 0.074807875529],
      [0.040727770698, 0.1578698937, 0.59738214386, 0.062708171845, 0.1413120199]
    ],
    [
      [0.21835138343, 0.06761318016, 0.093324853711, 0.56839271297, 0.052317869729],
      [0.038069061603, 0.49446560831, 0.046270205604, 0.35476001399, 0.066435110491],
      [0.10667591986, 0.15693307126, 0.1555869144, 0.4252485123, 0.15555558218],
      [0.11952090286, 0.210543528, 0.45148065469, 0.20933729402, 0.0091176204277],
      [0.16688967615, 0.43960292342, 0.32781884166, 0.041084879246, 0.024603679529],
      [0.029420551647, 0.16277015269, 0.58942869601, 0.14651602369, 0.07186457596]
    ],
    [
      [0.24206327347, 0.076371536112, 0.073993555203, 0.4850565928, 0.12251504241],
      [0.037595551755, 0.52262525383, 0.032863092796, 0.27419251397, 0.13272358765],
      [0.10392565681, 0.16089570902, 0.11085248244, 0.3223754082, 0.30195074353],
      [0.13843295022, 0.25748149674, 0.38394993286, 0.18963258373, 0.030503036446],
      [0.1698485122, 0.4712585355, 0.24098426657, 0.028816757078, 0.089091928652],
      [0.032770796666, 0.18243012278, 0.47295051722, 0.1259147041, 0.18593385923]
    ],
    [
      [0.22554866588, 0.068926073673, 0.065714294849, 0.50416359845, 0.13564736715],
      [0.036338877799, 0.48439633648, 0.030384408218, 0.2957638503, 0.15311652721],
      [0.095691204486, 0.14259974815, 0.097640737971, 0.33103582963, 0.33303247976],
      [0.1387927389, 0.24737319169, 0.36612276704, 0.21171123472, 0.03600006764],
      [0.17180256807, 0.4564243827, 0.23214898351, 0.032342432823, 0.1072816329],
      [0.032232985813, 0.17546560941, 0.44067868039, 0.13814130216, 0.21348142223]
    ],
    [
      [0.32526970576, 0.067215231562, 0.09553097885, 0.41675143124, 0.095232652585],
      [0.057381188281, 0.51226833974, 0.047122254814, 0.26649864089, 0.11672957627],
      [0.14906421262, 0.15023832211, 0.15248863209, 0.29659777275, 0.25161106042],
      [0.17074414345, 0.20519689965, 0.45291332808, 0.14932713857, 0.021818490239],
      [0.21898650411, 0.39211434636, 0.29852555459, 0.023675887033, 0.066697707907],
      [0.044568583398, 0.15205317751, 0.56986078653, 0.099506438742, 0.13401101382]
    ],
    [
      [0.26013750872, 0.06624233106, 0.10737217027, 0.48932103029, 0.076926959648],
      [0.046112101877, 0.49787359499, 0.052746323431, 0.31148685908, 0.091781120625],
      [0.12061151723, 0.14882536576, 0.17303057246, 0.35119948345, 0.2063330611],
      [0.13122413315, 0.19358258034, 0.49063096868, 0.16884210593, 0.015720211898],
      [0.18027666341, 0.39357201046, 0.34280023733, 0.029677615391, 0.053673473413],
      [0.034138688539, 0.14455478357, 0.61062677245, 0.11699733774, 0.093682417695]
    ],
    [
      [0.44831536246, 0.039178406849, 0.068586500473, 0.36619188904, 0.077727841182],
      [0.10136603271, 0.40353660311, 0.047337542639, 0.31877932667, 0.12898049487],
      [0.23387568684, 0.10130505025, 0.126096898, 0.3022895932, 0.23643277172],
      [0.28146741317, 0.14524629275, 0.39037771994, 0.16075455342, 0.022154020726],
      [0.36814964599, 0.27926192901, 0.25903580471, 0.026654332587, 0.066898287704],
      [0.057072411164, 0.11696011132, 0.5504266679, 0.1255450857, 0.14999572391]
    ],
    [
      [0.29069255281, 0.055435183928, 0.037823151077, 0.50933575796, 0.10671335422],
      [0.055404021869, 0.4397972295, 0.01837085284, 0.34707971327, 0.13934818252],
      [0.13958862652, 0.12714138663, 0.0646937983, 0.37669707793, 0.29187911062],
      [0.2129772819, 0.23098038276, 0.26782173602, 0.25396364058, 0.034256958738],
      [0.26583766929, 0.42708310073, 0.16790907799, 0.038176270264, 0.10099388172],
      [0.059328667737, 0.1874340428, 0.34856734946, 0.1790871719, 0.2255827681]
    ],
    [
      [0.23409971527, 0.052330292858, 0.11012348635, 0.46720579166, 0.13624071387],
      [0.042422202231, 0.41864531665, 0.057358280922, 0.30948298785, 0.17209121235],
      [0.098241529797, 0.1077982241, 0.16138571315, 0.30415267003, 0.32842186292],
      [0.1213805786, 0.15980077739, 0.52115754029, 0.16610324789, 0.031557855837],
      [0.16896924683, 0.3308489741, 0.3699983315, 0.028684141995, 0.10149930557],
      [0.024856985651, 0.1038674502, 0.5926720195, 0.10341028031, 0.17519326434]
    ],
    [
      [0.23318320929, 0.057597056004, 0.064177880125, 0.52169515251, 0.12334670206],
      [0.041382635818, 0.43892516298, 0.032343357189, 0.33533934009, 0.15200950393],
      [0.10357640505, 0.12376952718, 0.099787888932, 0.35809050032, 0.31477567852],
      [0.14941715239, 0.21357550742, 0.37476902187, 0.22808057829, 0.034157740031],
      [0.19449844147, 0.41342557935, 0.2493188203, 0.0363431151, 0.10641404378],
      [0.035708908011, 0.1542021062, 0.45749265376, 0.14692577294, 0.20567055909]
    ]
  ],
  "expected_outcome": [
    [
      [16.318689611, 16.4765680255, 15.674320998, 20.0652781008, 18.3455014808, 11.6905538982, 25.7328965564, 12.9062048495, 4.7645025608, 0.99592567191, 0.8413400312, 4.1774111639, 3.4548396412, 3.6195073024, 1.1777670354, 2.0683314986, 2.7174818369, 2.4271109248, 3.8905928073, 3.2192133806, 0.81760834372, 3.7150044198, 2.469529991, 2.3709424264, 1.2870469689, 4.450839686, 1.6239370337, 0.99538892262, 3.3522902508, 0.73114629842, 2.1638512394, 1.8899248777, 1.8712514358, 2.445271322, 1.8747616933, 4.0955410895, 1.8429953865, 3.7243041334, 1.714842151, 2.8797407585, 2.9319242357, 2.1835138343, 2.9047592817, 2.4810353247, 1.9516182346, 1.5608250523, 2.6898921747, 2.9069255281, 2.8091965832, 3.4977481394],
      [4.21807027, 2.8357186602, 2.6095131016, 3.6717504258, 3.2049464366, 4.5281002181, 3.2999434663, 4.6664787164, 1.6408709524, 0.15212580102, 0.17184252308, 0.86268573165, 0.50513276288, 0.70279812913, 0.36414357984, 0.55845133926, 0.49172294583, 0.31561103563, 0.6229824098, 0.49663497895, 0.21200346853, 1.2659503296, 0.53009470005, 0.52040864692, 0.34029287101, 0.72993908028, 0.2711588999, 0.30630883239, 0.27287499799, 0.21592306754, 0.52092373722, 0.45503618012, 0.60087138852, 0.51415705739, 0.30914002816, 0.58405693657, 0.37074144297, 0.89622738069, 0.38894404211, 0.56427915944, 0.6504623027, 0.6761318016, 0.91645843335, 0.75818681041, 0.40329138937, 0.39745398636, 0.2350704411, 0.55435183928, 0.6279635143, 0.86395584006],
      [3.9017591714, 4.1023916144, 4.492354056, 2.9686232188, 4.7437969722, 6.1122961122, 4.3287296417, 7.5717818141, 1.9614371518, 0.30521539156, 0.25482728106, 0.79604008252, 0.54882091465, 0.65633022534, 0.55087412771, 0.52980127182, 0.60978789095, 0.73216619692, 0.74246221366, 0.48959983539, 0.49130970862, 1.1209486751, 0.78177952568, 0.59215242041, 0.22448678041, 0.85203097571, 0.53000227433, 0.38540328058, 0.49760957352, 0.2133215638, 0.86127248222, 0.5299121862, 0.53846454425, 0.89131504701, 0.60858789838, 0.9017425937, 0.48108687028, 1.0920480871, 0.31259380628, 0.62076308587, 0.92376733476, 0.93324853711, 0.88792266243, 0.72285724334, 0.5731858731, 0.64423302164, 0.41151900284, 0.37823151077, 1.3214818362, 0.96266820187],
      [23.2213156482, 30.4436136294, 31.3433672212, 21.832877106, 23.9101005043, 25.5182998264, 27.1928153372, 29.2106984813, 15.2600998644, 1.2726294672, 1.5093487828, 5.7181676761, 2.9256679201, 3.6484636575, 3.9296662083, 3.8624553566, 3.4890956175, 3.1688031122, 5.2123936721, 2.7569989016, 1.9598819261, 6.7592419976, 4.999987067, 3.468818243, 2.7697883427, 4.8947679959, 1.8811625178, 3.6282262275, 2.4326488624, 1.5744871546, 4.9650210362, 3.0844206703, 3.0042544942, 5.9576292269, 3.0131020406, 2.6076462789, 2.2399231095, 5.0221016471, 4.8866347965, 4.327848248, 2.5612633824, 5.6839271297, 5.8206791136, 5.5457995829, 2.5005085875, 2.9359261818, 2.1971513342, 5.0933575796, 5.6064694999, 7.8254272877],
      [8.3401652994, 7.1417080706, 2.8804446232, 2.4614711486, 8.7956546061, 6.1507499451, 4.4456149985, 8.6448361387, 1.3730894706, 0.27410366828, 0.22264138188, 2.4456953458, 0.5655387611, 1.3729006857, 0.97754904879, 0.9809605337, 0.69191170878, 0.35630873045, 1.5315688971, 1.0375529035, 0.51919655303, 1.1388545779, 1.2186087163, 1.0476782633, 0.37838503705, 1.0724222621, 0.69373927427, 0.68467273692, 0.4445763153, 0.26512191569, 0.48893150498, 1.0407060857, 0.98515813725, 1.1916273466, 1.1944083396, 0.81101310129, 1.0652531908, 1.2653187516, 0.69698520412, 0.60736874812, 0.93258274441, 0.52317869729, 1.4701805089, 1.4921210386, 0.57139591551, 0.46156175789, 0.46636704709, 1.0671335422, 1.6348885664, 1.8502005309]
    ],
    [
      [0.091167407402, 0.36881593921, 0.62665042614, 0.51076818053, 0.57663986713, 0.32425363368, 0.86175145698, 0.2384514883, 1.3988286579, 4.0488356789, 3.3824376205, 2.9744064345, 3.7942342333, 3.5132212672, 1.3817623625, 2.7305774723, 2.8102298798, 0.37775358409, 0.3725482805, 0.4416894491, 0.21836305399, 0.19332748086, 0.36338883295, 0.30652901847, 0.45275480781, 0.69061809183, 0.74750087074, 0.2041865424, 0.90363090904, 0.24139703906, 0.45056740329, 0.41141273431, 0.3572722652, 0.38467474858, 0.47391449191, 0.86508060089, 0.37567205094, 0.4619638019, 0.38186136042, 0.47387007703, 0.41868613083, 0.19034530801, 0.3383599658, 0.2543721446, 0.68857425938, 0.73779363003, 1.1150263598, 0.60944424056, 0.29695541562, 0.45520899399],
      [1.0369823157, 2.79741138, 4.340581455, 3.7846215379, 4.2624772052, 5.4726385911, 4.4590340832, 3.4042624244, 20.4930564673, 25.0832583998, 27.1327613316, 23.0674436317, 26.858672039, 28.3889044007, 26.0893516974, 30.4722891608, 21.5639335731, 2.0988644042, 2.5816781765, 2.9664870931, 2.4859456785, 2.9599867871, 3.3822475912, 2.9079665107, 5.0211074677, 4.9519083168, 5.2910730773, 2.7633603232, 3.3081342335, 3.0750564599, 4.6011334913, 4.2625752469, 4.9829877707, 3.5321947786, 3.3302192024, 5.3429682712, 3.2115314881, 4.83428376, 3.5800299485, 3.9836813262, 3.977079866, 2.4723280416, 4.7036272845, 3.3907743553, 6.1472200769, 7.9659775198, 4.4389026342, 4.8377695245, 2.9305172165, 4.8281767927],
      [0.061726426102, 0.25823883511, 0.48358290238, 0.20979857428, 0.41356991245, 0.49200709302, 0.38925680976, 0.41299875946, 2.0246602962, 3.1543993074, 2.7581363572, 1.4094597034, 2.1582269675, 1.7799217949, 2.9021854177, 1.9122357258, 1.8217108597, 0.32532969051, 0.20318457667, 0.19438113696, 0.37776761962, 0.16512984663, 0.32892565934, 0.21811502167, 0.20719573837, 0.38221465473, 0.67290312784, 0.23787565373, 0.40890574363, 0.19990532013, 0.5090501826, 0.32534531106, 0.29311962003, 0.39927711922, 0.43433636389, 0.5571109266, 0.27941693638, 0.38546905892, 0.18725335883, 0.29141598019, 0.37468530716, 0.23135102802, 0.29576783517, 0.21269085753, 0.56546705777, 0.8439411749, 0.52071296903, 0.20207938124, 0.40150796646, 0.35577692908],
      [0.47562602872, 2.5021721462, 4.5959965541, 1.9674439705, 2.7462047301, 2.5703011, 3.2349295378, 1.8973422871, 17.2512588176, 18.1266034046, 20.3140966657, 13.4464228092, 13.4322902106, 12.1943316138, 24.0477544513, 17.9414700827, 12.9289769757, 1.7993610859, 1.8197951722, 1.3962560584, 1.938008355, 1.2694900497, 2.6788099382, 1.6273899824, 3.4231665566, 2.8031873407, 3.0914506108, 2.7834706222, 2.505398175, 1.8765498538, 3.7321954153, 2.4264167182, 2.067067704, 3.3868628209, 2.7026654291, 2.0261439411, 1.6342126444, 2.2354208264, 3.8013905773, 2.5572484285, 1.3104517273, 1.7738000699, 2.4677326258, 2.0703469521, 3.1979836907, 4.9837897453, 3.5065725934, 3.8178768459, 2.166380915, 3.688732741],
      [0.33449782203, 1.0733616995, 0.95318866235, 0.52736773674, 2.001108285, 1.1407995822, 1.0550281123, 1.0469450407, 2.8321957609, 7.5869032093, 5.412568025, 10.1022674211, 4.7565765496, 9.1236209234, 11.5789460711, 8.9434275584, 4.8751487117, 0.39869123528, 1.0227937942, 1.0011862625, 0.97991529288, 0.41206583569, 1.2466279783, 0.93999946674, 0.89577542944, 1.1720715959, 2.1970723133, 1.0111068585, 0.87393093878, 0.60709132717, 0.70705350751, 1.5742499895, 1.2995526401, 1.2969905326, 2.0588645127, 1.2086962602, 1.4991668802, 1.0828625528, 1.049464755, 0.69378418812, 0.91909696867, 0.33217555246, 1.1945122888, 1.0718156904, 1.4007549153, 1.46849793, 1.4187854436, 1.5328300078, 1.2046384864, 1.6721045432]
    ],
    [
      [1.3219169235, 1.3787270958, 1.2513765906, 1.0503457088, 0.91720541418, 0.84179955619, 0.86415382594, 0.6918279228, 0.75223293212, 1.2523251809, 1.5013509131, 1.7120700714, 1.3188631114, 0.94383863427, 0.21380733137, 0.56547072053, 3.7662615472, 11.3191607622, 9.2525300964, 11.6379894201, 5.1898538638, 7.3510755401, 6.9356800295, 6.8756603758, 7.7417597161, 1.4395230812, 0.97252171142, 0.8779648512, 1.8305053621, 1.1320095302, 0.59632306099, 0.1126077694, 1.3232676383, 0.51049668077, 0.99653448729, 2.1820647255, 0.74228160484, 0.83276846324, 0.64111862303, 1.7705397906, 0.78903372852, 0.74673143903, 1.0392565681, 0.47845602243, 1.3415779136, 0.8442806206, 1.8710054947, 1.5354748917, 1.2771398874, 0.93218764541],
      [1.6638809646, 1.1643401987, 0.98796552738, 0.85320964804, 0.76013240151, 1.5311801047, 0.48560111482, 1.0840557599, 1.1443387596, 0.92997033727, 1.4830378115, 1.6780500586, 0.94226351788, 0.89729130496, 0.31975233522, 0.74904195453, 3.2988729437, 7.1787669058, 7.1214288943, 9.2456784943, 7.2939464035, 11.3909558742, 7.1963371237, 7.1879726578, 9.3666418583, 1.1458562461, 0.78573476978, 1.3347197328, 0.73067725423, 1.6143738969, 0.68763808567, 0.13184371557, 2.0585893859, 0.52677658568, 0.79389620792, 1.508177382, 0.72096253164, 0.9829786526, 0.69430797415, 1.6788092401, 0.84871645232, 1.0985314988, 1.6089570902, 0.71299874077, 1.352144899, 1.0417775603, 0.81044040197, 1.398555253, 1.4013769134, 1.1139257447],
      [1.0817542296, 1.1694890264, 1.1687150743, 0.5103422172, 0.79413234856, 1.5154848019, 0.45497622161, 1.450318765, 1.0145210105, 1.3363159217, 1.5786653743, 1.1255359011, 0.72962559771, 0.59716497207, 0.34484796345, 0.50352841178, 2.9392257049, 11.3808810868, 6.0228315808, 6.3736512937, 11.5511998092, 7.6693320764, 7.691512558, 5.8153238452, 3.9412058744, 0.95657933163, 1.0955210184, 1.2044146143, 0.93572466506, 1.1373298776, 0.81858776293, 0.10960063236, 1.3120944933, 0.64270949768, 1.1083667172, 1.666881423, 0.66784968459, 0.84367448411, 0.40862192682, 1.3144634231, 0.86119105616, 1.0891084008, 1.1085248244, 0.48820368985, 1.3723976888, 1.2112140072, 1.008775184, 0.7116317813, 2.0980142709, 0.89809100039],
      [2.9255923975, 3.9725175988, 3.9750953297, 1.6930125801, 1.8662709015, 2.7520242538, 1.3424949231, 2.3038265359, 3.7158778483, 2.4927543263, 4.1671998107, 3.6193797788, 1.7512150022, 1.4864857724, 1.1009119856, 1.6387892281, 7.4989497883, 23.0945287778, 19.0259537596, 15.5713618892, 21.7576464124, 20.2635142662, 21.60771391, 15.1491913779, 23.7906600762, 2.4567568001, 1.7351363787, 5.012835461, 2.087257456, 3.7508646742, 2.107135709, 0.28323995624, 3.2715016663, 1.9059290456, 2.4426035775, 2.1536194382, 1.3807296042, 1.7244716344, 2.7794888371, 4.0864315452, 1.0620679213, 2.9767395861, 3.223754082, 1.6551791481, 2.6693799548, 2.4583963842, 2.4183167456, 4.1436678572, 3.9539847104, 3.2228145028],
      [4.0068554848, 3.3149260804, 1.6168474781, 0.89308984591, 2.6622589342, 2.3595112834, 0.85277391455, 2.4699710165, 1.3730294494, 1.9886342338, 2.2697460904, 5.8649641902, 1.2580327708, 2.0752193163, 1.0206803843, 1.5431696851, 5.4966900159, 8.0266624675, 20.5772556688, 22.1713189029, 21.207353511, 12.3251222431, 19.5687563788, 16.9718517434, 12.159732475, 2.001284541, 2.4110861217, 3.5700653407, 1.4158352626, 2.3654220211, 0.79031538141, 0.36270792643, 4.0345468162, 1.4140881902, 3.65859901, 2.4892570313, 2.4881765748, 1.6161067656, 1.4764626389, 2.1497560009, 1.4389908417, 1.0888890753, 3.0195074353, 1.6651623988, 2.2644995438, 1.4443314277, 1.8914621737, 3.2106702168, 4.269484218, 2.8329811067]
    ],
    [
