{
  "X": [
    [42, 8, 15, 15, 20],
    [44, 7, 8, 13, 28],
    [34, 4, 18, 15, 29],
    [40, 11, 13, 12, 24],
    [43, 9, 14, 15, 19],
    [42, 10, 23, 9, 16],
    [34, 5, 14, 22, 25],
    [34, 9, 21, 16, 20],
    [35, 5, 14, 20, 26],
    [33, 7, 12, 25, 23],
    [38, 1, 13, 23, 25],
    [40, 9, 12, 15, 24],
    [37, 8, 12, 17, 26],
    [32, 8, 13, 22, 25],
    [35, 7, 15, 15, 28],
    [43, 8, 6, 20, 23],
    [30, 14, 8, 27, 21],
    [24, 27, 10, 23, 16],
    [31, 24, 6, 24, 15],
    [25, 16, 12, 23, 24],
    [29, 19, 12, 22, 18],
    [32, 25, 5, 24, 14],
    [29, 20, 10, 27, 14],
    [34, 18, 6, 27, 15],
    [30, 20, 10, 25, 15],
    [23, 19, 10, 27, 21],
    [29, 17, 11, 26, 17],
    [31, 17, 8, 34, 10],
    [23, 20, 13, 32, 12],
    [20, 22, 15, 33, 10],
    [22, 14, 11, 32, 21],
    [22, 17, 5, 37, 19],
    [29, 22, 7, 26, 16],
    [32, 12, 12, 20, 24],
    [24, 6, 13, 11, 46],
    [24, 8, 9, 11, 48],
    [27, 5, 17, 13, 38],
    [33, 11, 11, 12, 33],
    [23, 12, 13, 7, 45],
    [22, 6, 10, 13, 49],
    [27, 8, 17, 7, 41],
    [25, 11, 16, 7, 41],
    [28, 10, 11, 8, 43],
    [32, 7, 17, 7, 37],
    [29, 6, 14, 7, 44],
    [29, 5, 14, 11, 41],
    [28, 11, 13, 10, 38],
    [26, 9, 16, 16, 33],
    [18, 10, 9, 15, 48],
    [38, 6, 19, 7, 30]
  ],
  "W": [
    [61, 19, 20],
    [61, 19, 20],
    [66, 18, 16],
    [66, 12, 22],
    [63, 21, 16],
    [68, 16, 16],
    [62, 25, 13],
    [76, 15, 9],
    [71, 17, 12],
    [59, 23, 18],
    [72, 12, 16],
    [71, 13, 16],
    [70, 18, 12],
    [66, 17, 17],
    [61, 15, 24],
    [63, 22, 15],
    [51, 33, 16],
    [18, 64, 18],
    [19, 66, 15],
    [16, 63, 21],
    [15, 62, 23],
    [22, 63, 15],
    [22, 68, 10],
    [21, 65, 14],
    [20, 67, 13],
    [20, 57, 23],
    [26, 57, 17],
    [16, 71, 13],
    [17, 64, 19],
    [11, 74, 15],
    [16, 66, 18],
    [20, 66, 14],
    [15, 63, 22],
    [17, 40, 43],
    [20, 19, 61],
    [12, 21, 67],
    [15, 20, 65],
    [14, 25, 61],
    [11, 13, 76],
    [12, 18, 70],
    [17, 21, 62],
    [17, 16, 67],
    [17, 13, 70],
    [12, 13, 75],
    [19, 12, 69],
    [15, 15, 70],
    [21, 14, 65],
    [11, 24, 65],
    [13, 18, 69],
    [23, 14, 63]
  ],
  "method": "mvn_cdf",
  "mvncdf_method": "genz",
  "mvncdf_samples": 5000,
  "mvncdf_error": 0.001,
  "cond_prob": [
    [
      [0.51017499132, 0.031000912662, 0.16807621593, 0.13019037998, 0.16055750011],
      [0.26454652387, 0.27434043933, 0.070275236291, 0.35116439318, 0.039673407329],
      [0.2926470788, 0.044823799019, 0.17060606693, 0.019313167548, 0.4726098877]
    ],
    [
      [0.5365355856, 0.025695317846, 0.089305450682, 0.10680087451, 0.24166277136],
      [0.31032550107, 0.25172749645, 0.043699833418, 0.32693992315, 0.06730724591],
      [0.2687572379, 0.032488158942, 0.086103533672, 0.013664405763, 0.59898666373]
    ],
    [
      [0.40216192981, 0.0077601716135, 0.2035764883, 0.11891232598, 0.2675890843],
      [0.251981757, 0.17837341489, 0.10438114459, 0.3845741877, 0.080689495824],
      [0.1826025629, 0.017319200343, 0.1678181981, 0.01434069418, 0.61791934447]
    ],
    [
      [0.4868967135, 0.049363702195, 0.14402026239, 0.12955920359, 0.19016011831],
      [0.18497264289, 0.48174536825, 0.0442606116, 0.25408908972, 0.034932287541],
      [0.25659750882, 0.089138692551, 0.13470615195, 0.018182885738, 0.50137476094]
    ],
    [
      [0.51849460775, 0.033042159027, 0.15958607074, 0.12287023138, 0.1660069311],
      [0.2673181611, 0.29336683778, 0.066387696166, 0.33210972701, 0.040817577939],
      [0.29507239554, 0.04735252424, 0.15949599524, 0.01780444724, 0.48027463774]
    ],
    [
      [0.49588523486, 0.043000884699, 0.24926414591, 0.076034348309, 0.13581538622],
      [0.24732650915, 0.38176851863, 0.10798302669, 0.22925661039, 0.033665335143],
      [0.2701612427, 0.060477721397, 0.27014435318, 0.010097409299, 0.38911927342]
    ],
    [
      [0.41442064676, 0.0082081290842, 0.1660414006, 0.16307719577, 0.24825262779],
      [0.22720900608, 0.16887372803, 0.073859537619, 0.46487874165, 0.065178986622],
      [0.20197651914, 0.020711753547, 0.14299574786, 0.020557332402, 0.61375864704]
    ],
    [
      [0.38844604343, 0.041451836574, 0.2318233492, 0.1425416462, 0.19573712459],
      [0.17858632268, 0.3558251374, 0.089173464559, 0.33324263366, 0.043172441701],
      [0.19992287322, 0.056920373268, 0.22709149916, 0.018688375978, 0.49737687838]
    ],
    [
      [0.40799549268, 0.018388098456, 0.15816795493, 0.16800528342, 0.24744317052],
      [0.21343088322, 0.19835102211, 0.066423997597, 0.45998775226, 0.061806344801],
      [0.2003329171, 0.026873136141, 0.13673893675, 0.020986090701, 0.6150689193]
    ],
    [
      [0.41724768659, 0.026735421804, 0.14121285446, 0.21316716503, 0.20163687211],
      [0.1829320945, 0.20557785017, 0.050581360355, 0.51796420657, 0.042944488407],
      [0.2319415732, 0.038573308864, 0.13917057214, 0.028331139579, 0.56198340622]
    ],
    [
      [0.43241284528, 0, 0.14085251173, 0.21589486624, 0.21083977675],
      [0.23126349574, 0.083333333333, 0.055024705458, 0.58113643125, 0.049242034218],
      [0.25569457443, 0, 0.13739516813, 0.030120778486, 0.57678947895]
    ],
    [
      [0.47043367839, 0.043303568811, 0.13242367295, 0.14659335093, 0.20724572891],
      [0.20445531297, 0.3768132995, 0.046722154199, 0.32887141106, 0.043137822274],
      [0.24633061035, 0.064179607555, 0.12440820099, 0.019783983761, 0.54529759735]
    ],
    [
      [0.43628266549, 0.032676182938, 0.13696475247, 0.14344323986, 0.25063315924],
      [0.21898148979, 0.2904334725, 0.055677416612, 0.37486145964, 0.060046161454],
      [0.2098788833, 0.040405390779, 0.11752281902, 0.01762224467, 0.61457066223]
    ],
    [
      [0.38946128316, 0.038087727648, 0.14836610614, 0.20553517913, 0.21854970392],
      [0.16382450872, 0.27237132269, 0.050292395593, 0.46944476769, 0.044067005309],
      [0.2065022743, 0.050346911148, 0.13840389821, 0.026712772164, 0.57803414419]
    ],
    [
      [0.43355141758, 0.031047838129, 0.16893752469, 0.14448255575, 0.22198066385],
      [0.21981872079, 0.27535381091, 0.068993085161, 0.38209751366, 0.053736869473],
      [0.21900344649, 0.040657279601, 0.15249644652, 0.018962558107, 0.56888026928]
    ],
    [
      [0.52501221864, 0.030296330264, 0.06654544689, 0.16612209483, 0.21202390938],
      [0.25584312612, 0.24882314775, 0.027527473534, 0.41722127264, 0.050584979949],
      [0.2863787634, 0.041148129523, 0.080135495213, 0.023696001855, 0.56864161001]
    ],
    [
      [0.41558236935, 0.047004987843, 0.10399693487, 0.22540843883, 0.2080072691],
      [0.15650172937, 0.318623384, 0.030183868336, 0.45503853761, 0.039652480678],
      [0.22754638086, 0.068010871746, 0.10625554166, 0.030493617397, 0.56769358834]
    ],
    [
      [0.43870905817, 0.046107243257, 0.17075482018, 0.14022913212, 0.20419974627],
      [0.18855489111, 0.39002045137, 0.063884430307, 0.31452108698, 0.043019140239],
      [0.22420688455, 0.067153374105, 0.15765609428, 0.019251447512, 0.53173219955]
    ],
    [
      [0.53143734321, 0.037492891886, 0.10473784313, 0.12936927139, 0.19696265039],
      [0.25201335364, 0.34002051455, 0.037617596158, 0.32232932303, 0.048019212622],
      [0.28465394258, 0.056418739593, 0.10181464228, 0.017883234909, 0.53922944064]
    ],
    [
      [0.38646503609, 0.020492040756, 0.18621711734, 0.1018147605, 0.30501104531],
      [0.24425284096, 0.24076442687, 0.095948763835, 0.33535867885, 0.083675289489],
      [0.16326811628, 0.023998497872, 0.14170257148, 0.011588907838, 0.65944190653]
    ],
    [
      [0.47893908567, 0.02793667156, 0.18589160369, 0.11299007564, 0.19424256343],
      [0.25900674168, 0.28458719155, 0.083179065148, 0.32222509316, 0.051001908462],
      [0.25032590134, 0.040719306547, 0.17628364806, 0.014225786487, 0.51844535756]
    ],
    [
      [0.54824146514, 0.04278043303, 0.091239250484, 0.14156642781, 0.17617242354],
      [0.24284666296, 0.36547101843, 0.025056382921, 0.32639678599, 0.040229149697],
      [0.30928986671, 0.068943754139, 0.094278957688, 0.02150273805, 0.50598468341]
    ],
    [
      [0.46565099043, 0.028208775194, 0.16341131698, 0.12873804438, 0.21399087301],
      [0.24103555945, 0.27909954176, 0.072200873311, 0.35297873725, 0.054685288222],
      [0.23652601676, 0.040063810581, 0.14952916414, 0.016520889056, 0.55736011947]
    ],
    [
      [0.54848159287, 0.026745928127, 0.098762145835, 0.13361674317, 0.19239358999],
      [0.2809678634, 0.25957617276, 0.039113624374, 0.36804340025, 0.052298939212],
      [0.30135538777, 0.040420305697, 0.09882923951, 0.019373384068, 0.54002168295]
    ],
    [
      [0.4831671985, 0.028058944847, 0.16005666974, 0.11929062069, 0.20942656623],
      [0.25554240954, 0.28237983291, 0.072761321013, 0.33457217981, 0.05474425673],
      [0.24733189162, 0.039951715215, 0.14798908441, 0.015219349173, 0.54950795958]
    ],
    [
      [0.40522337517, 0.035050627988, 0.15880725941, 0.16922739324, 0.23169134419],
      [0.1805150886, 0.30152248698, 0.062063739179, 0.4056774015, 0.050221283741],
      [0.20026836724, 0.048356768794, 0.14287920341, 0.021384358688, 0.58711130187]
    ],
    [
      [0.45954281962, 0.028868499609, 0.16631908809, 0.14624510346, 0.19902448923],
      [0.22675963909, 0.27239900854, 0.069850786264, 0.38361065292, 0.047379913177],
      [0.24274042716, 0.042510324898, 0.15848287604, 0.019518829025, 0.53674754288]
    ],
    [
      [0.53356463064, 0.024850907884, 0.13156684403, 0.17195941961, 0.13805819784],
      [0.2552146716, 0.22585689583, 0.055716225862, 0.43505607195, 0.028156134755],
      [0.33405570971, 0.043580451528, 0.14915988149, 0.027666782893, 0.44553717438]
    ],
    [
      [0.41103772215, 0.035903894649, 0.21840796567, 0.1950940755, 0.13955634203],
      [0.1770856113, 0.28540680441, 0.074893733524, 0.43931936177, 0.023294488995],
      [0.24625682106, 0.059136753085, 0.23651924411, 0.029840082274, 0.42824709947]
    ],
    [
      [0.36198723291, 0.032016506117, 0.30144723333, 0.1655929241, 0.13895610354],
      [0.17441808434, 0.28227437789, 0.094945545604, 0.41611303788, 0.032248954283],
      [0.20741347978, 0.050634297931, 0.31054067058, 0.025740868774, 0.40567068294]
    ],
    [
      [0.36552708364, 0.018643462302, 0.17927384968, 0.15338412066, 0.28317148371],
      [0.20016854686, 0.20123894226, 0.083667594011, 0.44271155706, 0.072213359809],
      [0.16335792049, 0.023329689658, 0.14497540002, 0.018160627986, 0.65017636184]
    ],
    [
      [0.38924736429, 0.029470058593, 0.096363877876, 0.20949638716, 0.27542231208],
      [0.17622565917, 0.24060712493, 0.028988425268, 0.49193951435, 0.062239276282],
      [0.18458280065, 0.037894898752, 0.082820455344, 0.024433164985, 0.67026868026]
    ],
    [
      [0.51943630247, 0.037291448166, 0.11565594925, 0.15459375988, 0.17302254024],
      [0.23347550734, 0.31969304317, 0.041930400656, 0.367810022, 0.037091026831],
      [0.29543175003, 0.059089388984, 0.11925206909, 0.023139191622, 0.50308760028]
    ],
    [
      [0.51666051027, 0.026020109141, 0.14805085966, 0.15470679479, 0.15456172614],
      [0.2532533026, 0.24233772793, 0.063035043274, 0.4074372572, 0.033936668984],
      [0.30434044701, 0.04335230296, 0.16190078267, 0.024941725589, 0.46546474177]
    ],
    [
      [0.41120617236, 0.019428318707, 0.16206844632, 0.12748659062, 0.27981047199],
      [0.23519488536, 0.22226099595, 0.076235281176, 0.39027936814, 0.076029469373],
      [0.18536350379, 0.022761880374, 0.13623214313, 0.01696656054, 0.63867591217]
    ],
    [
      [0.4409644136, 0.025616578405, 0.11974629471, 0.1365122462, 0.27716046709],
      [0.23341757395, 0.25811290805, 0.050733635439, 0.38811386725, 0.069622015314],
      [0.20606952215, 0.033913880449, 0.096979673422, 0.018081519901, 0.64495540408]
    ],
    [
      [0.43984136689, 0.01578069854, 0.19570259524, 0.15595966976, 0.19271566957],
      [0.23741023991, 0.17518984102, 0.085335718111, 0.45202650651, 0.050037694453],
      [0.2408334569, 0.019376810794, 0.19011918014, 0.024924228052, 0.52474632411]
    ],
    [
      [0.54418800686, 0.03157128851, 0.12355288892, 0.13326019799, 0.16742761772],
      [0.26551433708, 0.29380094896, 0.05057763964, 0.35091085037, 0.039196223951],
      [0.30727064716, 0.052671774375, 0.13124292728, 0.022321081456, 0.48649356972]
    ],
    [
      [0.42693292852, 0.058502289232, 0.15308294315, 0.13969040642, 0.22179143268],
      [0.16452076921, 0.45626632913, 0.048597437024, 0.2892896912, 0.041325773433],
      [0.21269694456, 0.071381743944, 0.14058317032, 0.022403151892, 0.55293498929]
    ],
    [
      [0.40014300169, 0.022188810122, 0.12405371512, 0.19325935696, 0.2603551161],
      [0.19063686186, 0.20239776866, 0.048068461036, 0.49967535461, 0.059221553829],
      [0.1966688638, 0.02986534918, 0.10923033028, 0.024096161907, 0.64013929483]
    ],
    [
      [0.44939798993, 0.022766194525, 0.21152758814, 0.077050403245, 0.23925782416],
      [0.28475945281, 0.2692219057, 0.1083136715, 0.2645012328, 0.073203737187],
      [0.21581105907, 0.03160184957, 0.17950715968, 0.0021873750987, 0.57089255659]
    ],
    [
      [0.43522081123, 0.043050424922, 0.19321567442, 0.10710107616, 0.22141201326],
      [0.20525224175, 0.40000067739, 0.074363172074, 0.27040872076, 0.049975188031],
      [0.21368970658, 0.057733312508, 0.17202272808, 0.012727495123, 0.5438267577]
    ],
    [
      [0.47684399922, 0.04385369723, 0.12740641634, 0.13729919371, 0.21459669349],
      [0.20862017941, 0.37897631372, 0.045463631374, 0.32196336695, 0.044976508545],
      [0.24545128116, 0.061825643838, 0.11775805306, 0.021148427665, 0.55381659428]
    ],
    [
      [0.5227899304, 0.025582730564, 0.17811146158, 0.11172018261, 0.16179569484],
      [0.2848652011, 0.26433446447, 0.079386657724, 0.32931077323, 0.042102903475],
      [0.29364364294, 0.043422122601, 0.18440847881, 0.01837757009, 0.46014818556]
    ],
    [
      [0.48245144099, 0.024302330438, 0.15944371446, 0.10867552767, 0.22512698644],
      [0.2728610558, 0.26122340463, 0.073659188285, 0.33129291942, 0.060963431867],
      [0.23998681089, 0.034834418349, 0.14618346617, 0.013907970163, 0.56508733442]
    ],
    [
      [0.47386924232, 0.018695817891, 0.15173338985, 0.16240304294, 0.193298507],
      [0.24448786092, 0.18944530886, 0.064271936955, 0.45424047539, 0.047554417879],
      [0.26035204931, 0.026826901411, 0.15371314426, 0.025004960357, 0.53410294467]
    ],
    [
      [0.45389797395, 0.048333841601, 0.1445712539, 0.1631039351, 0.19009299545],
      [0.18033503091, 0.39068701757, 0.047218685399, 0.34574164785, 0.036017618272],
      [0.24528387868, 0.06946724739, 0.14312218573, 0.026683604507, 0.51544308369]
    ],
    [
      [0.42742758489, 0.028045571884, 0.17753824332, 0.21037117498, 0.15661742493],
      [0.18596360571, 0.22866336076, 0.062731940922, 0.49167638311, 0.030964709492],
      [0.25900261583, 0.049285816169, 0.19294634987, 0.029010521238, 0.46975469689]
    ],
    [
      [0.33582422375, 0.041187572043, 0.11094475241, 0.26702175409, 0.24502169771],
      [0.11986789851, 0.28006009667, 0.03218578605, 0.52400504657, 0.043881172203],
      [0.16632844809, 0.064108403238, 0.10113585608, 0.030385889254, 0.63804140333]
    ],
    [
      [0.5550500163, 0.021018412756, 0.19500751783, 0.089082733737, 0.13984131937],
      [0.33934188066, 0.2306229686, 0.097149263937, 0.2917016688, 0.041184218005],
      [0.32512798882, 0.036315157876, 0.20880535547, 0.013766250172, 0.41598524766]
    ]
  ],
  "expected_outcome": [
    [
      [31.1206744704, 32.7286707217, 26.5426873676, 32.1351830913, 32.6651602883, 33.7201959704, 25.6940800991, 29.5218993009, 28.96767998, 24.6176135089, 31.1337248602, 33.4007911659, 30.5397865841, 25.7044446888, 26.4466364724, 33.0757697743, 21.194700837, 7.8967630471, 10.0973095209, 6.1834405774, 7.1840862851, 12.061312233, 10.2443217896, 11.5181134503, 9.6633439701, 8.1044675034, 11.94811331, 8.5370340903, 6.9876412766, 3.981859562, 5.8484333383, 7.7849472858, 7.791544537, 8.7832286746, 8.2241234472, 5.2915729632, 6.5976205033, 7.618632096, 4.6962622137, 4.8017160203, 7.6397658288, 7.398753791, 8.1063479868, 6.2734791648, 9.1665773789, 7.1080386347, 9.5318574529, 4.7017034337, 4.3657149087, 12.766150375],
      [1.8910556724, 1.5674143886, 0.51217132649, 3.2580043449, 2.0816560187, 2.9240601595, 0.50890400322, 3.1503395797, 1.3055549904, 1.5773898865, 0, 3.0745533856, 2.2873328057, 2.5137900248, 1.8939181259, 1.9086688066, 2.39725438, 0.82993037862, 0.71236494583, 0.32787265209, 0.4190500734, 0.94116952665, 0.62059305427, 0.56166449066, 0.56117889694, 0.70101255976, 0.75058098983, 0.39761452614, 0.61036620903, 0.35218156729, 0.29829539683, 0.58940117185, 0.55937172248, 0.4423418554, 0.38856637413, 0.30739894086, 0.2367104781, 0.44199803914, 0.64352518156, 0.26626572146, 0.38702530692, 0.73185722367, 0.74551285291, 0.30699276677, 0.46174427832, 0.28043726837, 1.0150106736, 0.30850129073, 0.53543843656, 0.48342349338],
      [10.2526491718, 5.4476324916, 13.4360482277, 9.505337318, 10.0539224567, 16.9499619221, 10.2945668373, 17.6185745392, 11.2299247998, 8.3315584133, 10.1413808444, 9.4020807796, 9.5875326727, 9.7921630054, 10.3051890061, 4.1923631541, 5.3038436783, 3.0735867633, 1.9900190194, 2.9794738774, 2.7883740554, 2.0072635107, 3.5950489735, 2.0740050625, 3.2011333948, 3.1761451883, 4.3242962903, 2.1050695044, 3.7129354163, 3.3159195666, 2.8683815949, 1.9272775575, 1.7348392388, 2.5168646141, 3.2413689265, 1.4369555365, 2.9355389285, 1.7297404448, 1.6839123747, 1.4886445814, 3.5959689984, 3.2846664652, 2.1659090778, 2.137337539, 3.0294305747, 2.2760008478, 3.0359963318, 1.9529206766, 1.4422817813, 4.4851729101],
      [7.9416131786, 6.5148533449, 7.8482135145, 8.5509074371, 7.740824577, 5.170335685, 10.1107861375, 10.8331651112, 11.9283751231, 12.5768627366, 15.5444303692, 10.408127916, 10.0410267904, 13.5653218224, 8.8134359005, 10.465691974, 11.4958303804, 2.5241243781, 2.4580161565, 1.6290361681, 1.6948511347, 3.1144614117, 2.8322369764, 2.8059516066, 2.3858124137, 3.3845478647, 3.8023726899, 2.7513507138, 3.3165992836, 1.8215221651, 2.4541459306, 4.1899277432, 2.3189063982, 2.6300155115, 2.5497318124, 1.6381469544, 2.3393950464, 1.8656427719, 1.5365944706, 2.3191122835, 1.3098568552, 1.8207182947, 2.3340862931, 1.3406421913, 2.0648350257, 2.4360456441, 3.4251826372, 2.3140829248, 3.4712828032, 2.048902876],
      [9.7940075068, 14.7414290532, 17.6608795637, 12.5505678087, 10.4584366594, 9.2354462629, 15.3916629229, 14.8760214691, 17.5684651068, 11.8965754547, 15.1804639262, 14.7144467529, 17.5443211471, 14.4242804586, 13.5408204951, 13.357506291, 10.6083707242, 3.6755954329, 3.7422903574, 4.880176725, 2.9136384515, 3.875793318, 4.7077992062, 4.0402653899, 4.1885313245, 4.6338268838, 5.17463672, 2.2089311654, 2.3724578145, 1.5285171389, 4.5307437394, 5.5084462417, 2.5953381036, 2.6275493443, 5.5962094398, 3.3259256051, 2.8907350436, 2.3439866481, 2.4397057595, 3.1242613932, 4.0673830107, 3.7640042255, 3.6481437894, 1.9415483381, 4.2774127424, 2.899477605, 3.9919529045, 1.7227916742, 3.1852820703, 3.2163503456]
    ],
    [
      [5.0263839535, 5.8961845203, 4.5356716259, 2.2196717146, 5.6136813832, 3.9572241464, 5.680225152, 2.6787948402, 3.6283250148, 4.2074381735, 2.7751619488, 2.6579190686, 3.9416668162, 2.7850166482, 3.2972808119, 5.6285487747, 5.1645570692, 12.0675130309, 16.6328813403, 15.3879289807, 16.058417984, 15.2993397663, 16.3904180429, 18.2629111208, 17.1213414389, 10.2893600502, 12.9252994282, 18.1202416835, 11.3334791232, 12.9069382413, 13.2111240929, 11.6308935051, 14.7089569623, 10.1301321041, 4.4687028219, 4.9017690529, 4.7482047982, 6.637858427, 2.1387699997, 3.4314635136, 5.979948509, 3.2840358679, 2.7120623323, 3.7032476143, 3.2743326696, 3.6673179138, 2.5246904327, 4.463126537, 2.1576221731, 4.7507863292],
      [5.2124683472, 4.7828224326, 3.210721468, 5.780944419, 6.1607035935, 6.1082962981, 4.2218432007, 5.3373770609, 3.3719673759, 4.728290554, 1, 4.8985728935, 5.227802505, 4.6303124857, 4.1303071637, 5.4741092505, 10.5145716721, 24.9613088875, 22.4413539603, 15.1681588926, 17.644405876, 23.0246741613, 18.9787688399, 16.8724512296, 18.9194488053, 17.186781758, 15.5267434869, 16.035839604, 18.2660354824, 20.8883039637, 13.2817701893, 15.8800702456, 20.1406617199, 9.6935091173, 4.222958923, 5.420371069, 3.5037968203, 7.345023724, 5.9314622787, 3.6431598359, 5.6536600198, 6.4000108383, 4.9266920784, 3.4363480382, 3.1346808556, 2.8416796329, 5.469618246, 5.4879206583, 5.04108174, 3.2287215604],
      [1.3352294895, 0.83029683494, 1.8788606026, 0.5311273392, 1.3941416195, 1.7277284271, 1.8464884405, 1.3376019684, 1.1292079591, 1.1633712882, 0.6602964655, 0.60738800458, 1.002193499, 0.85497072507, 1.0348962774, 0.60560441775, 0.99606765507, 4.0886035397, 2.4827613464, 6.0447721216, 5.1571020392, 1.578552124, 4.9096593851, 2.5423855843, 4.8750085079, 3.5376331332, 3.9814948171, 3.9558520362, 4.7931989456, 7.0259703747, 5.5220612047, 1.9132360677, 2.6416152413, 2.521401731, 1.4484703423, 1.0654063442, 1.7067143622, 1.264440991, 0.63176668131, 0.86523229866, 2.2745871016, 1.1898107532, 0.59102720786, 1.0320265504, 0.88391025942, 0.96407905433, 0.66106159559, 1.5055665821, 0.5793441489, 1.3600896951],
      [6.6721234704, 6.2118585399, 6.9223353786, 3.0490690767, 6.9743042672, 3.6681057662, 11.6219685413, 4.998639505, 7.8197917885, 11.913176751, 6.973637175, 4.2753283438, 6.7475062736, 7.9805610508, 5.7314627049, 9.1788679982, 15.0162717413, 20.1293495667, 21.2737353199, 21.1275967673, 19.9779557761, 20.5629975175, 24.002554133, 23.9228210165, 22.416336047, 23.1236118854, 21.8658072167, 30.8889811086, 28.1164391532, 30.7923648033, 29.2189627657, 32.468007947, 23.1720313862, 16.2974902882, 7.4153079947, 8.1503912122, 9.0405301302, 8.7727712593, 3.7607659856, 8.9941563829, 5.5545258887, 4.3265395321, 4.1855237704, 4.2810400519, 3.975515033, 6.8136071308, 4.8403830699, 11.8002331947, 9.4320908383, 4.0838233632],
      [0.75379473925, 1.2788376723, 1.4524109248, 0.4191874505, 0.85716913673, 0.53864536229, 1.6294746655, 0.64758662552, 1.0507078616, 0.98772323337, 0.59090441062, 0.56079168956, 1.0808309062, 0.74913909025, 0.80605304209, 1.1128695589, 1.3085318624, 2.7532249753, 3.169268033, 5.2715432378, 3.1621183247, 2.5344364309, 3.7185995991, 3.3994310488, 3.6678652009, 2.8626131732, 2.7006550511, 1.9990855676, 1.4908472957, 2.386422617, 4.7660817474, 4.1077922346, 2.3367346904, 1.3574667594, 1.4445599181, 1.4620623216, 1.0007538891, 0.97990559877, 0.53723505463, 1.0659879689, 1.5372784809, 0.79960300849, 0.58469461109, 0.54733774517, 0.7315611824, 0.71331626819, 0.50424665581, 0.74315302782, 0.78986109966, 0.57657905208]
    ],
    [
      [5.852941576, 5.375144758, 2.9216410065, 5.645145194, 4.7211583286, 4.3225798832, 2.6256947489, 1.799305859, 2.4039950052, 4.1749483176, 4.091113191, 3.9412897655, 2.5185465996, 3.510538663, 5.2560827157, 4.2956814511, 3.6407420938, 4.035723922, 4.2698091388, 3.4286304419, 5.7574957309, 4.6393480007, 2.3652601676, 4.2189754288, 3.215314591, 4.6061724464, 4.1265872617, 4.3427242262, 4.6788796002, 3.1112021966, 2.9404425688, 2.5841592092, 6.4994985007, 13.0866392213, 11.3071737309, 13.8066579839, 15.6541746984, 18.743509477, 16.1649677866, 13.7668204661, 13.3802856622, 14.3172103411, 17.1815896809, 22.0232732208, 16.5590899515, 18.2246434515, 15.9434521144, 16.8351700292, 11.4766629182, 20.4830632958],
      [0.89647598038, 0.64976317883, 0.27710720549, 1.9610512361, 0.75764038783, 0.96764354235, 0.26925279612, 0.51228335941, 0.3224776337, 0.69431955955, 0, 1.0268737209, 0.48486468935, 0.85589748951, 0.97577471043, 0.61722194284, 1.0881739479, 1.2087607339, 0.84628109389, 0.50396845532, 0.93654405058, 1.0341563121, 0.40063810581, 0.56588427976, 0.51937229779, 1.1122056823, 0.72267552327, 0.56654586986, 1.1235983086, 0.75951446897, 0.41993441384, 0.53052858253, 1.2999665577, 1.8641490273, 1.3884747028, 2.2722299901, 1.2594927016, 3.2129782369, 5.4250125397, 2.0905744426, 1.9593146733, 3.8681319381, 4.3277950687, 3.2566591951, 2.4035748661, 1.8778830987, 4.5153710804, 3.203578051, 4.4234798234, 2.2878549462],
      [3.4121213386, 1.7220706734, 2.6850911697, 2.9635353428, 2.5519359238, 4.3223096508, 1.8589447222, 2.0438234924, 1.640867241, 2.5050702985, 2.1983226901, 1.9905312158, 1.4102738283, 2.3528662695, 3.6599147165, 1.2020324282, 1.7000886666, 2.8378096971, 1.5272196342, 2.975754001, 4.0545239054, 1.4141843653, 1.4952916414, 1.3836093531, 1.9238580973, 3.2862216785, 2.6942088927, 1.9390784594, 4.4938656381, 4.6581100587, 2.6095572004, 1.1594863748, 2.6235455199, 6.9617336549, 8.3101607312, 6.4976381193, 12.3577467093, 8.0058185642, 10.684320944, 7.6461231199, 11.1294439, 11.5255227816, 8.2430637143, 13.8306359106, 10.0866591659, 10.7599200979, 9.3029420726, 12.5415127413, 6.9783740698, 13.1547373948],
      [0.38626335096, 0.27328811525, 0.22945110688, 0.40002348623, 0.28487115585, 0.16155854879, 0.26724532123, 0.1681953838, 0.25183308841, 0.50996051243, 0.48193245577, 0.31654374018, 0.21146693604, 0.45411712678, 0.45510139457, 0.35544002783, 0.48789787835, 0.34652605521, 0.26824852363, 0.2433670646, 0.32719308921, 0.32254107075, 0.16520889056, 0.27122737695, 0.19785153925, 0.49184024984, 0.33182009342, 0.3596681776, 0.56696156321, 0.38611303161, 0.32689130375, 0.34206430979, 0.50906221568, 1.0724942003, 1.0349601929, 1.2114618334, 1.6200748234, 1.3615859688, 1.7026395438, 1.6867313335, 0.13561725612, 0.85274217321, 1.4803899365, 1.3783177567, 0.95964994126, 1.750347225, 1.7344342929, 1.8856838805, 2.0966263585, 0.86727376086],
      [9.452197754, 11.9797332745, 9.8867095115, 11.0302447408, 7.6843942039, 6.2259083748, 7.9788624116, 4.4763919054, 7.3808270316, 10.1157013119, 9.2286316632, 8.7247615576, 7.3748479467, 9.8265804512, 13.6531264628, 8.5296241501, 9.0830974134, 9.5711795918, 8.0884416095, 13.8482800371, 11.9242432239, 7.5897702511, 5.5736011947, 7.5603035613, 7.1436034746, 13.5035599429, 9.1247082289, 5.791983267, 8.1366948899, 6.0850602441, 11.7031745132, 9.3837615237, 11.0679272061, 20.0149838963, 38.9592306421, 43.2120120733, 34.1085110673, 29.6761077531, 42.0230591859, 44.8097506379, 35.3953385084, 36.436392766, 38.7671615996, 34.5111139168, 38.9910260752, 37.3872061269, 33.5038004397, 30.534055298, 44.0248568301, 26.2070706023]
    ]
  ],
  "prob": [
    [0.45477743001, 0.030034472851, 0.15546323272, 0.15025671231, 0.2094681521],
    [0.22496392774, 0.27917731449, 0.062705646779, 0.3842467042, 0.048906406779],
    [0.24061894155, 0.044744268006, 0.14964734566, 0.020397841934, 0.54459160285]
  ],
  "iterations": 19,
  "logLik": -512.7001770377,
  "time": 0.008449,
  "message": "Converged",
  "status": 0,
  "miniter": 0,
  "maxiter": 1000,
  "maxtime": 3600,
  "param_threshold": 0.001,
  "ll_threshold": "-Inf",
  "initial_prob": "group_proportional",
  "adjust_prob_cond_method": "project_lp",
  "adjust_prob_cond_every": false
}
