{
  "X": [
    [17, 25, 8, 15, 35],
    [15, 25, 5, 12, 43],
    [10, 25, 4, 26, 35],
    [8, 23, 17, 17, 35],
    [12, 27, 13, 22, 26],
    [9, 27, 10, 20, 34],
    [11, 29, 8, 14, 38],
    [18, 26, 15, 12, 29],
    [16, 26, 9, 16, 33],
    [14, 19, 5, 21, 41],
    [14, 28, 15, 19, 24],
    [18, 26, 8, 15, 33],
    [14, 20, 11, 26, 29],
    [14, 26, 17, 15, 28],
    [14, 21, 10, 17, 38],
    [14, 28, 11, 16, 31],
    [20, 19, 8, 13, 40],
    [27, 12, 8, 17, 36],
    [17, 11, 8, 20, 44],
    [28, 13, 7, 16, 36],
    [20, 10, 12, 9, 49],
    [23, 11, 9, 14, 43],
    [20, 19, 9, 15, 37],
    [20, 14, 4, 12, 50],
    [23, 12, 7, 12, 46],
    [15, 13, 10, 14, 48],
    [20, 15, 6, 13, 46],
    [25, 5, 11, 12, 47],
    [23, 15, 7, 10, 45],
    [27, 15, 5, 12, 41],
    [23, 15, 7, 11, 44],
    [20, 13, 11, 17, 39],
    [24, 11, 9, 9, 47],
    [12, 9, 12, 35, 32],
    [5, 9, 16, 32, 38],
    [6, 10, 19, 35, 30],
    [8, 6, 15, 37, 34],
    [10, 13, 13, 29, 35],
    [12, 8, 18, 36, 26],
    [11, 5, 17, 40, 27],
    [12, 5, 16, 37, 30],
    [9, 11, 6, 36, 38],
    [15, 9, 12, 35, 29],
    [6, 4, 16, 44, 30],
    [9, 8, 22, 31, 30],
    [11, 9, 14, 31, 35],
    [9, 10, 18, 36, 27],
    [13, 9, 16, 33, 29],
    [10, 13, 16, 30, 31],
    [6, 11, 8, 45, 30]
  ],
  "W": [
    [63, 16, 21],
    [59, 23, 18],
    [64, 15, 21],
    [59, 16, 25],
    [70, 11, 19],
    [68, 11, 21],
    [65, 21, 14],
    [75, 17, 8],
    [67, 19, 14],
    [63, 20, 17],
    [71, 14, 15],
    [75, 16, 9],
    [63, 13, 24],
    [62, 24, 14],
    [62, 16, 22],
    [78, 12, 10],
    [57, 32, 11],
    [21, 58, 21],
    [16, 67, 17],
    [14, 67, 19],
    [10, 68, 22],
    [21, 61, 18],
    [16, 70, 14],
    [18, 67, 15],
    [15, 69, 16],
    [20, 62, 18],
    [13, 74, 13],
    [17, 67, 16],
    [13, 70, 17],
    [23, 65, 12],
    [13, 73, 14],
    [27, 53, 20],
    [12, 72, 16],
    [16, 35, 49],
    [10, 19, 71],
    [19, 14, 67],
    [14, 14, 72],
    [19, 22, 59],
    [15, 12, 73],
    [16, 14, 70],
    [17, 16, 67],
    [19, 21, 60],
    [15, 20, 65],
    [13, 12, 75],
    [19, 26, 55],
    [9, 23, 68],
    [24, 10, 66],
    [13, 16, 71],
    [20, 19, 61],
    [19, 15, 66]
  ],
  "method": "mvn_cdf",
  "mvncdf_method": "genz",
  "mvncdf_samples": 5000,
  "mvncdf_error": 0.001,
  "cond_prob": [
    [
      [0.16086048877, 0.36174270226, 0.068276680222, 0.087685858621, 0.32143427013],
      [0.34739555574, 0.097178561547, 0.02744157804, 0.029893806825, 0.49809049785],
      [0.062260015043, 0.031207274906, 0.1552144713, 0.42845190465, 0.3228663341]
    ],
    [
      [0.13292660785, 0.37374133422, 0.041396071404, 0.074686240664, 0.37724974587],
      [0.26944708463, 0.10090028178, 0.016548047745, 0.025044382418, 0.58806020343],
      [0.053335955037, 0.034919711112, 0.12094592717, 0.3898606114, 0.40093779528]
    ],
    [
      [0.094466368505, 0.35729335162, 0.032493923814, 0.1817975148, 0.33394884127],
      [0.22652306141, 0.10888404866, 0.019236584736, 0.070063844972, 0.57529246022],
      [0.026490785453, 0.023807846027, 0.077706671661, 0.63400006564, 0.23799463122]
    ],
    [
      [0.072758442157, 0.34909187574, 0.14826941593, 0.10629403734, 0.32358622884],
      [0.19664340486, 0.10973692871, 0.070798897086, 0.041749593167, 0.58107117618],
      [0.022438297402, 0.025911538879, 0.28477288427, 0.40242633226, 0.26445094719]
    ],
    [
      [0.11645863768, 0.3611542029, 0.12254812562, 0.15402619054, 0.24581284326],
      [0.29138681634, 0.11685281267, 0.057226560122, 0.062484423111, 0.47204938775],
      [0.03382317804, 0.022832887232, 0.19958626555, 0.55425463199, 0.18950303718]
    ],
    [
      [0.087853969674, 0.37061749041, 0.089989745717, 0.12887957536, 0.32265921884],
      [0.22049601023, 0.11415946612, 0.040175850911, 0.049399351133, 0.5757693216],
      [0.028593997601, 0.025821739278, 0.16375061577, 0.50918076253, 0.27265288482]
    ],
    [
      [0.090289391672, 0.39995377296, 0.077224835732, 0.1032770248, 0.32925497484],
      [0.22206664925, 0.12190241624, 0.034779619363, 0.039574018941, 0.58167729621],
      [0.033413564788, 0.031646715496, 0.1607152622, 0.46113849928, 0.31308595824]
    ],
    [
      [0.15418241605, 0.32288295985, 0.15293299967, 0.10734194697, 0.26265967746],
      [0.35550290641, 0.094157006679, 0.067481998389, 0.038866254929, 0.4439918336],
      [0.04909617344, 0.022888612226, 0.29785388149, 0.41107845544, 0.2190828774]
    ],
    [
      [0.13925594385, 0.35376295581, 0.088701357093, 0.12188403845, 0.29639570479],
      [0.31677205803, 0.10204496735, 0.037542585601, 0.044043185114, 0.49959720391],
      [0.046513047105, 0.0256448272, 0.16740713917, 0.49978206474, 0.26065292178]
    ],
    [
      [0.12946481028, 0.27385264928, 0.047613101367, 0.16353802065, 0.38553141843],
      [0.26083605747, 0.07277426408, 0.019642507887, 0.054356230614, 0.59239093994],
      [0.03688210605, 0.017164577295, 0.094560262126, 0.56529294629, 0.28610010824]
    ],
    [
      [0.1266184602, 0.36564499111, 0.14450130305, 0.14670305994, 0.2165321857],
      [0.31834117385, 0.11991152141, 0.070897402349, 0.059394585183, 0.4314553172],
      [0.036887526144, 0.024029622081, 0.2498562567, 0.5168372368, 0.17238935827]
    ],
    [
      [0.15894461083, 0.32489808197, 0.08147756404, 0.1291765425, 0.30550320066],
      [0.35044127419, 0.088923446702, 0.032767666157, 0.043894822092, 0.48397279086],
      [0.05245486675, 0.023318745017, 0.15165555983, 0.51216023986, 0.26041058854]
    ],
    [
      [0.14144090585, 0.29341271208, 0.10592053744, 0.17402926879, 0.28519657584],
      [0.32136444557, 0.085825781892, 0.044565273169, 0.064736742373, 0.48350775699],
      [0.03797854746, 0.016635998924, 0.15615239958, 0.59144076731, 0.19779228672]
    ],
    [
      [0.109849919, 0.36571277055, 0.16714012008, 0.12446237733, 0.23283481304],
      [0.28042453802, 0.12373582539, 0.085593375426, 0.052404918411, 0.45784134275],
      [0.032794007818, 0.025439172592, 0.32736225321, 0.43040104028, 0.1840035261]
    ],
    [
      [0.13619777206, 0.30932091898, 0.091076579825, 0.10726592073, 0.3561388084],
      [0.28408958486, 0.082956534842, 0.03571165245, 0.036149292085, 0.56109293576],
      [0.04592294429, 0.02249083936, 0.17190298235, 0.44414201097, 0.31554122303]
    ],
    [
      [0.12844002473, 0.34035350149, 0.1092847221, 0.13252388024, 0.28939787143],
      [0.29860755542, 0.10169267209, 0.046993525333, 0.049040885223, 0.50366536193],
      [0.039838740583, 0.023211481837, 0.19118693724, 0.50746467185, 0.23829816849]
    ],
    [
      [0.15766922726, 0.28791093137, 0.089244992261, 0.11668480903, 0.34849004008],
      [0.32633830981, 0.073891704136, 0.034700751272, 0.038556746464, 0.52651248832],
      [0.051820739285, 0.020412943594, 0.16387376367, 0.46501363623, 0.29887891722]
    ],
    [
      [0.17731670958, 0.31054420636, 0.095256425712, 0.13917680309, 0.27770585526],
      [0.38236747456, 0.086569338681, 0.042380650332, 0.049494544101, 0.43918799232],
      [0.052335027343, 0.021788096326, 0.16864463528, 0.53364778939, 0.22358445167]
    ],
    [
      [0.089972663629, 0.28115602991, 0.10927672293, 0.22848589704, 0.29110868649],
      [0.22718560556, 0.093292158562, 0.057495576054, 0.078209383454, 0.54381727637],
      [0.019941282908, 0.014760523398, 0.14113934338, 0.65318805623, 0.17097079408]
    ],
    [
      [0.15970970952, 0.36540581045, 0.086079696838, 0.13791061171, 0.25089417148],
      [0.37035120842, 0.11017569873, 0.041235826572, 0.052796288362, 0.42544097792],
      [0.050028058015, 0.026449833634, 0.15958336126, 0.55431053241, 0.20962821468]
    ],
    [
      [0.11725294938, 0.31762927921, 0.14591237974, 0.072924170057, 0.34628122161],
      [0.26327814764, 0.092165715536, 0.058606384536, 0.018789877732, 0.56715987456],
      [0.042025293938, 0.025292661428, 0.29798372974, 0.31786575517, 0.31683255973]
    ],
    [
      [0.14522588852, 0.28671864225, 0.11412564126, 0.12691558058, 0.32701424739],
      [0.31402237671, 0.076155242382, 0.049413882066, 0.044504086776, 0.51590441207],
      [0.044160631222, 0.018524373744, 0.19939526265, 0.47889019525, 0.25902953714]
    ],
    [
      [0.086536264611, 0.46275521981, 0.10638112192, 0.13984097735, 0.20448641631],
      [0.26017035995, 0.15969935877, 0.064523393018, 0.068361062158, 0.44724582611],
      [0.028821040695, 0.029782954956, 0.19866175272, 0.56980500081, 0.17292925082]
    ],
    [
      [0.11544370503, 0.36415632734, 0.056998100123, 0.10930892377, 0.35409294373],
      [0.25822528548, 0.10469268186, 0.017742068142, 0.041651527175, 0.57768843735],
      [0.041394612172, 0.028718428214, 0.11902104215, 0.48278580343, 0.32808011403]
    ],
    [
      [0.13225986031, 0.33653062966, 0.091330195856, 0.11279501234, 0.32708430183],
      [0.29431450147, 0.095028351937, 0.04077235471, 0.0403291322, 0.52955565968],
      [0.044275093364, 0.024692766966, 0.1760471617, 0.47033529332, 0.28464968465]
    ],
    [
      [0.087817079307, 0.32358425093, 0.12486783574, 0.12537848881, 0.33835234521],
      [0.20627583457, 0.098892241218, 0.057873220414, 0.049231616243, 0.58772708756],
      [0.025253148371, 0.022055334771, 0.2174724233, 0.46889277871, 0.26632631484]
    ],
    [
      [0.097675557187, 0.40363971901, 0.07995017636, 0.13421877813, 0.28451576931],
      [0.24754605774, 0.12685983764, 0.04071449809, 0.055591298266, 0.52928830826],
      [0.031677652624, 0.028081205177, 0.14982883451, 0.54933844712, 0.24107386057]
    ],
    [
      [0.15883354843, 0.18419335646, 0.16342770318, 0.12673295061, 0.36681244132],
      [0.32218515574, 0.02640124091, 0.060796865118, 0.044796649981, 0.54582008825],
      [0.044589015134, 0.006239362449, 0.25927119269, 0.42776026818, 0.26214016155]
    ],
    [
      [0.12162646149, 0.42640157315, 0.08000404791, 0.08033266523, 0.29163525222],
      [0.2937884416, 0.12607520529, 0.039132588061, 0.027899423269, 0.51310434178],
      [0.050215593455, 0.0371479517, 0.1894509537, 0.4119244543, 0.31126104684]
    ],
    [
      [0.15842633285, 0.35456647596, 0.069161287681, 0.12233801475, 0.29550788876],
      [0.34938691037, 0.10037675004, 0.027181697275, 0.045380777532, 0.47767386477],
      [0.053837097508, 0.026706858337, 0.13687333837, 0.51970626009, 0.26287644569]
    ],
    [
      [0.11564591607, 0.41380001086, 0.088379398692, 0.10343153526, 0.27874313912],
      [0.28633291855, 0.12560985973, 0.044360983565, 0.041515993219, 0.50218024495],
      [0.042450002664, 0.03222000706, 0.18662257263, 0.4731944669, 0.26551295075]
    ],
    [
      [0.12841154081, 0.29791509469, 0.13239002484, 0.14530303499, 0.29598030467],
      [0.29807251286, 0.086597074312, 0.058596935077, 0.054160537201, 0.50257294055],
      [0.036752260825, 0.018332375246, 0.21599158851, 0.51031547918, 0.21860829624]
    ],
    [
      [0.13637776385, 0.32863697867, 0.11817025313, 0.085842377894, 0.33097262645],
      [0.29984898902, 0.092312401582, 0.051430311906, 0.026500385246, 0.52990791224],
      [0.048396226499, 0.025616458879, 0.24243590657, 0.37886648297, 0.30468492508]
    ],
    [
      [0.10404003671, 0.30052104303, 0.11392893098, 0.19340747715, 0.28810251212],
      [0.25757525776, 0.093906863128, 0.055594724805, 0.07184046275, 0.52108269155],
      [0.026943375326, 0.018467818408, 0.16798615788, 0.59981763611, 0.18678501228]
    ],
    [
      [0.06518225123, 0.41280847483, 0.092542131304, 0.094888448602, 0.33457869404],
      [0.16590726682, 0.12810927854, 0.044932409522, 0.038254318318, 0.6227967268],
      [0.016844217157, 0.034335759993, 0.20029384375, 0.42710258403, 0.32142359508]
    ],
    [
      [0.08209061056, 0.35392872156, 0.13275055837, 0.12726974826, 0.30396036125],
      [0.21037990209, 0.1113295185, 0.062591202024, 0.051264485303, 0.56443489209],
      [0.02231283239, 0.025623000468, 0.23285765019, 0.47558465655, 0.2436218604]
    ],
    [
      [0.11918084264, 0.27025143267, 0.10457621122, 0.13267092797, 0.37332058551],
      [0.25589252193, 0.071662713066, 0.042052538645, 0.044768954581, 0.58562327178],
      [0.038180179112, 0.016850027218, 0.17982218753, 0.4793866895, 0.28576091664]
    ],
    [
      [0.10178878383, 0.42939022353, 0.080326685581, 0.094006335548, 0.29448797151],
      [0.25404516449, 0.13160167496, 0.038133027632, 0.036734636175, 0.53948549675],
      [0.041983381161, 0.03298896447, 0.18025197231, 0.44755453608, 0.29722114598]
    ],
    [
      [0.18623344889, 0.32956276843, 0.10975631365, 0.11151581926, 0.26293164978],
      [0.41204325034, 0.08843321196, 0.044553348305, 0.038299729809, 0.41667045959],
      [0.05838327757, 0.027333697672, 0.2166988372, 0.4639406295, 0.23364355806]
    ],
    [
      [0.16912955166, 0.22623613324, 0.1306420159, 0.1608040259, 0.3131882733],
      [0.35776488333, 0.058402777511, 0.051333272752, 0.053164978657, 0.47933408775],
      [0.04693169724, 0.0080368997561, 0.2027294561, 0.52404036978, 0.21826157712]
    ],
    [
      [0.17524634405, 0.2181889972, 0.12220330544, 0.14877335047, 0.33558800282],
      [0.35722387423, 0.053881983035, 0.046487345117, 0.047408212473, 0.49499858514],
      [0.049331793483, 0.0063981390889, 0.19669770576, 0.50316897974, 0.24440338194]
    ],
    [
      [0.10114583292, 0.36654191134, 0.046059428584, 0.13219544175, 0.3540573854],
      [0.23210939544, 0.10546314706, 0.015180256255, 0.050679583169, 0.59656761808],
      [0.036732197841, 0.030349626604, 0.080101424593, 0.540400256, 0.31241649496]
    ],
    [
      [0.19077116707, 0.34569258678, 0.076924228418, 0.11511614891, 0.27149586882],
      [0.414151958, 0.092133491306, 0.03082981149, 0.039181410929, 0.42370332827],
      [0.059313743597, 0.030337559572, 0.15737754375, 0.49984045458, 0.2531306985]
    ],
    [
      [0.10285993074, 0.21783245474, 0.12708606855, 0.18181462016, 0.37040692581],
      [0.22763633545, 0.059171971749, 0.052566874252, 0.063220047809, 0.59740477074],
      [0.025749131665, 0.0061081923652, 0.18289438157, 0.54503692486, 0.24021136954]
    ],
    [
      [0.09092054719, 0.25924852049, 0.20637111102, 0.15521962836, 0.28824019294],
      [0.22968227763, 0.082756336447, 0.088369267967, 0.067466338413, 0.53172577954],
      [0.023650370637, 0.016774788418, 0.28693359861, 0.47812185932, 0.19451938302]
    ],
    [
      [0.11774553325, 0.41964124506, 0.079395855637, 0.089778831781, 0.29343853427],
      [0.28659528871, 0.12368442622, 0.036702603246, 0.033522055119, 0.5194956267],
      [0.049244096477, 0.034977749872, 0.18295996213, 0.43266151833, 0.3001566732]
    ],
    [
      [0.13098927923, 0.31911315701, 0.12591354098, 0.13260524325, 0.29137877953],
      [0.30581001692, 0.092555105335, 0.054680043674, 0.048993994932, 0.49796083914],
      [0.042396320141, 0.021450502702, 0.21865567545, 0.48981112444, 0.22768637727]
    ],
    [
      [0.17487998257, 0.37987184553, 0.089453664397, 0.093760484828, 0.26203402268],
      [0.3971444234, 0.10440984291, 0.037840859167, 0.032862311689, 0.42774256284],
      [0.061580978201, 0.033677584812, 0.20044575516, 0.44021572831, 0.26407995352]
    ],
    [
      [0.10741623659, 0.42672183206, 0.099240484658, 0.097394459411, 0.26922698729],
      [0.27452818575, 0.13409568604, 0.047743088252, 0.039023455043, 0.50460958491],
      [0.043207208836, 0.031438447937, 0.21488642016, 0.44771582239, 0.26275210067]
    ],
    [
      [0.079496641056, 0.38536741286, 0.061621209199, 0.17187240051, 0.30164233637],
      [0.20782970163, 0.12364555593, 0.028730287514, 0.070620796884, 0.56917365803],
      [0.020789671143, 0.027626300251, 0.096943071402, 0.61628958238, 0.23835137483]
    ]
  ],
  "expected_outcome": [
    [
      [10.1342107923, 7.8426698629, 6.0458475843, 4.2927480872, 8.1521046375, 5.9740699378, 5.8688104587, 11.5636812036, 9.330148238, 8.1562830477, 8.9899106739, 11.9208458122, 8.9107770685, 6.810694978, 8.4442618679, 10.0183219291, 8.9871459541, 3.7236509011, 1.4395626181, 2.2359359332, 1.1725294938, 3.0497436589, 1.3845802338, 2.0779866906, 1.9838979046, 1.7563415861, 1.2697822434, 2.7001703233, 1.5811439993, 3.6438056555, 1.5033969089, 3.4671116018, 1.6365331662, 1.6646405873, 0.6518225123, 1.5597216006, 1.6685317969, 1.9339868928, 2.7935017333, 2.7060728266, 2.9791878489, 1.9217708254, 2.8615675061, 1.3371790997, 1.7274903966, 1.0597097992, 3.1437427015, 2.2734397734, 2.1483247317, 1.5104361801],
      [22.7897902422, 22.050738719, 22.8667745036, 20.5964206687, 25.2807942032, 25.2019893478, 25.9969952421, 24.2162219886, 23.7021180395, 17.2527169044, 25.9607943691, 24.3673561476, 18.4850008612, 22.6741917744, 19.1778969766, 26.5475731166, 16.4109230881, 6.5214283336, 4.4984964786, 5.1156813463, 3.1762927921, 6.0210914873, 7.404083517, 6.5548138921, 5.0479594449, 6.4716850186, 5.2473163471, 3.1312870598, 5.543220451, 8.155028947, 5.3794001412, 8.0437075565, 3.9436437441, 4.8083366885, 4.1280847483, 6.7246457097, 3.7835200574, 8.1584142471, 4.9434415264, 3.6197781319, 3.7092129525, 6.9642963155, 5.1853888017, 2.8318219116, 4.9257218894, 3.7767712056, 7.6587157683, 4.9383339918, 8.5344366411, 7.3219808444],
      [4.301430854, 2.4423682128, 2.0796111241, 8.7478955399, 8.5783687931, 6.1193027088, 5.0196143226, 11.4699749754, 5.9429909252, 2.9996253861, 10.2595925166, 6.110817303, 6.6729938589, 10.3626874448, 5.6467479492, 8.5242083236, 5.0869645589, 2.0003849399, 1.7484275669, 1.2051157557, 1.4591237974, 2.3966384664, 1.7020979506, 1.0259658022, 1.3699529378, 2.4973567149, 1.0393522927, 2.778270954, 1.0400526228, 1.5907096167, 1.148932183, 3.5745306707, 1.4180430376, 1.8228628957, 0.92542131304, 2.522260609, 1.4640669571, 1.526207026, 1.6463447047, 2.0902722543, 2.0774561925, 0.87512914309, 1.1538634263, 1.6521188912, 3.9210511094, 0.71456270073, 3.0219249835, 1.1628976372, 1.9848096932, 1.1708029748],
      [5.5242090931, 4.4064881992, 11.635040947, 6.2713482029, 10.7818333379, 8.7638111244, 6.7130066123, 8.0506460227, 8.1662305765, 10.3028953007, 10.4159172555, 9.6882406878, 10.9638439336, 7.7166673942, 6.6504870853, 10.3368626588, 6.6510341146, 2.9227128649, 3.6557743526, 1.930748564, 0.72924170057, 2.6652271922, 2.2374556376, 1.9675606279, 1.6919251851, 2.5075697761, 1.7448441157, 2.1544601604, 1.044324648, 2.8137743393, 1.3446099584, 3.9231819448, 1.0301085347, 3.0945196345, 0.94888448602, 2.418125217, 1.8573929915, 1.7861203754, 1.6727372889, 2.5728644144, 2.5291469581, 2.5117133933, 1.7267422336, 2.3635900621, 2.9491729388, 0.80800948603, 3.182525838, 1.2188863028, 1.9478891882, 3.2655756098],
      [20.2503590184, 22.2577350061, 21.3727258411, 19.0915875013, 17.2068990283, 21.9408268811, 21.4015733643, 19.6994758096, 19.8585122208, 24.2884793611, 15.373785185, 22.9127400494, 17.9673842778, 14.4357584087, 22.080606121, 22.5730339719, 19.8639322843, 5.8318229604, 4.6577389839, 3.5125184007, 3.4628122161, 6.8672991953, 3.271782661, 6.3736729872, 4.9062645275, 6.7670469042, 3.6987050011, 6.2358115024, 3.7912582789, 6.7966814415, 3.6236608085, 7.9914682262, 3.9716715174, 4.609640194, 3.3457869404, 5.7752468637, 5.2264881971, 5.5952714586, 3.9439747467, 5.0110123728, 5.704996048, 6.7270903226, 4.0724380323, 4.8152900355, 5.4765636658, 2.6409468084, 6.9930907087, 3.4064422949, 5.3845397458, 5.731204391]
    ],
    [
      [5.5583288918, 6.1972829464, 3.3978459212, 3.1462944777, 3.2052549797, 2.4254561125, 4.6633996343, 6.0435494089, 6.0186691025, 5.2167211495, 4.456776434, 5.6070603871, 4.1777377924, 6.7301889126, 4.5454333577, 3.5832906651, 10.4428259138, 22.1773135247, 15.2214355725, 24.8135309645, 17.9029140396, 19.1553649791, 18.2119251965, 17.3010941268, 20.3077006015, 12.7891017432, 18.3184082725, 21.5864054345, 20.565190912, 22.7101491744, 20.9023030538, 15.7978431817, 21.5891272098, 9.0151340217, 3.1522380696, 2.9453186292, 3.582495307, 5.5889936187, 4.9445190041, 5.0087083666, 5.7155819877, 4.8742973041, 8.28303916, 2.7316360254, 5.9717392183, 6.5916916403, 3.0581001692, 6.3543107744, 5.2160355293, 3.1174455245],
      [1.5548569848, 2.320706481, 1.6332607299, 1.7557908594, 1.2853809394, 1.2557541273, 2.559950741, 1.6006691135, 1.9388543797, 1.4554852816, 1.6787612997, 1.4227751472, 1.1157351646, 2.9696598093, 1.3273045575, 1.220312065, 2.3645345323, 5.0210216435, 6.2505746236, 7.3817718146, 6.2672686565, 4.6454697853, 11.1789551137, 7.0144096846, 6.5569562837, 6.1313189555, 9.3876279856, 1.768883141, 8.8252643701, 6.5244887529, 9.1695197599, 4.5896449386, 6.6464929139, 3.2867402095, 2.4340762922, 1.558613259, 1.0032779829, 2.8952368492, 1.0611985435, 0.81763888516, 0.86211172856, 2.2147260882, 1.8426698261, 0.71006366099, 2.1516647476, 2.8447418031, 0.92555105335, 1.6705574865, 2.5478180347, 1.854683339],
      [0.43906524864, 0.38060509814, 0.28854877105, 1.1327823534, 0.62949216134, 0.44193436002, 0.73037200662, 1.1471939726, 0.71330912641, 0.39285015773, 0.99256363288, 0.5242826585, 0.5793485512, 2.0542410102, 0.57138643921, 0.563922304, 1.1104240407, 2.4580777193, 3.8522035956, 2.7628003803, 3.9852341484, 3.014246806, 4.5166375112, 1.1887185655, 2.813292475, 3.5881396657, 3.0128728587, 4.0733899629, 2.7392811642, 1.7668103228, 3.2383518002, 3.1056375591, 3.7029824573, 1.9458153682, 0.85371578092, 0.87627682833, 0.58873554103, 0.8389266079, 0.53464017966, 0.71866581853, 0.74379752188, 0.31878538135, 0.61659622981, 0.63080249102, 2.2976009671, 0.84415987467, 0.54680043674, 0.60545374668, 0.90711867679, 0.4309543127],
      [0.4783009092, 0.57602079561, 1.0509576746, 0.66799349067, 0.68732865422, 0.54339286247, 0.83105439777, 0.66072633379, 0.83682051717, 1.0871246123, 0.83152419256, 0.70231715348, 0.84157765084, 1.2577180419, 0.57838867337, 0.58849062267, 1.2338158868, 2.8706835578, 5.2400286914, 3.5373513203, 1.2777116858, 2.7147492933, 4.7852743511, 2.7906523207, 2.7827101218, 3.0523602071, 4.1137560717, 3.0013755488, 1.9529596288, 2.9497505396, 3.030667505, 2.8705084716, 1.9080277377, 2.5144161962, 0.72683204804, 0.71770279425, 0.62676536414, 0.80816199585, 0.45959675771, 0.7443097012, 0.75853139956, 1.0642712465, 0.78362821858, 0.75864057371, 1.7541247987, 0.77100726773, 0.48993994932, 0.52579698703, 0.74144564581, 1.0593119533],
      [7.9694479656, 13.5253846788, 8.6293869033, 9.2971388189, 5.1925432653, 6.3334625376, 12.2152232204, 7.5478611712, 9.4923468742, 11.8478187989, 6.0403744409, 7.7435646537, 6.2856008409, 10.988192226, 8.9774869722, 6.0439843432, 16.8483996263, 25.4729035547, 36.4357575168, 28.5045455203, 38.5668714698, 31.4701691362, 31.3072078276, 38.7051253023, 36.539340518, 36.4390794286, 39.1673348115, 36.5699459128, 35.9173039249, 31.0488012103, 36.6591578811, 26.636365849, 38.1533696814, 18.2378942044, 11.8331378092, 7.9020884892, 8.1987258049, 11.8686809284, 5.000045515, 6.7106772285, 7.9199773623, 12.5279199797, 8.4740665655, 7.1688572489, 13.8248702682, 11.9483994142, 4.9796083914, 6.8438810054, 9.5875821134, 8.5376048705]
    ],
    [
      [1.3074603159, 0.96004719067, 0.55630649451, 0.56095743504, 0.64264038275, 0.60047394962, 0.46778990703, 0.39276938752, 0.65118265946, 0.62699580284, 0.55331289217, 0.47209380075, 0.91148513905, 0.45911610945, 1.0103047744, 0.39838740583, 0.57002813213, 1.0990355742, 0.33900180943, 0.95053310229, 0.92455646663, 0.79489136199, 0.40349456973, 0.62091918258, 0.70840149382, 0.45455667068, 0.41180948411, 0.71342424214, 0.85366508873, 0.6460451701, 0.5943000373, 0.7350452165, 0.77433962399, 1.320225391, 1.1959394181, 1.4949597701, 2.748972896, 2.4770194885, 4.2619792626, 3.2852188068, 3.3052301634, 2.2039318704, 3.8553933338, 1.9311848749, 1.300770385, 3.3485985605, 2.7981571293, 4.3722494522, 2.635639739, 1.3721182954],
      [0.65535277302, 0.62855480001, 0.49996476656, 0.64778847196, 0.43382485741, 0.54225652484, 0.44305401695, 0.18310889781, 0.35902758079, 0.29179781402, 0.36044433122, 0.20986870515, 0.39926397418, 0.35614841629, 0.49479846592, 0.23211481837, 0.22454237953, 0.45755002284, 0.25092889777, 0.50254683904, 0.55643855141, 0.33343872739, 0.41696136938, 0.43077642321, 0.39508427145, 0.39699602587, 0.3650556673, 0.099829799184, 0.63151517891, 0.32048230005, 0.45108009884, 0.36664750492, 0.40986334206, 0.904923102, 2.4378389595, 1.7167410313, 1.2132019597, 1.9463489038, 1.99535993, 0.56258298293, 0.42867531896, 1.8209775962, 1.9719413722, 0.45811442739, 0.922613363, 2.3784869913, 1.4157331783, 2.3911085216, 1.9177453242, 1.8233358166],
      [3.2595038974, 2.177026689, 1.6318401049, 7.1193221068, 3.7921390455, 3.4387629312, 2.2500136708, 2.3828310519, 2.3436999484, 1.6075244561, 3.7478438505, 1.3649000385, 3.7476575899, 4.5830715449, 3.7818656116, 1.9118693724, 1.8026114004, 3.5415373408, 2.3993688375, 3.032083864, 6.5556420542, 3.5891147276, 2.7812645381, 1.7853156323, 2.8167545872, 3.9145036194, 1.9477748486, 4.148339083, 3.2206662129, 1.6424800605, 2.6127160168, 4.3198317702, 3.8789745051, 8.2313217361, 14.220862906, 15.6014625627, 12.9471975019, 10.6348663661, 15.8190151156, 14.1910619271, 13.1787462856, 4.8060854756, 10.2295403439, 13.7170786178, 15.7813479235, 12.4412774246, 14.4312745797, 14.2316486162, 13.10807163, 6.3982427125],
      [8.9974899977, 7.0174910052, 13.3140013784, 10.0606583064, 10.5308380079, 10.6927960131, 6.4559389899, 3.2886276435, 6.9969489064, 9.609980087, 7.752558552, 4.6094421587, 14.1945784156, 6.025614564, 9.7711242413, 5.0746467185, 5.1151499986, 11.2066035772, 11.104196956, 10.5319001157, 6.9930466136, 8.6200235145, 7.9772700114, 7.2417870515, 7.5253646931, 8.4400700168, 7.1413998126, 6.8441642909, 7.0027157232, 6.2364751211, 6.6247225367, 10.2063095835, 6.0618637276, 29.3910641693, 30.3242834659, 31.8641719888, 34.5158416443, 26.4057176287, 33.8676659534, 36.6828258844, 33.7123216424, 32.4240153601, 32.4896295478, 40.8777693642, 26.2967022625, 29.4209832462, 32.3275342127, 31.2553167102, 27.310665166, 40.675112437],
      [6.780193016, 7.2168803151, 4.9978872556, 6.6112736798, 3.6005577064, 5.7257105812, 4.3832034153, 1.7526630192, 3.649140905, 4.86370184, 2.5858403741, 2.3436952969, 4.7470148813, 2.5760493654, 6.9419069068, 2.3829816849, 3.2876680894, 4.695273485, 2.9065034993, 3.982936079, 6.9703163141, 4.6625316685, 2.4210095114, 4.9212017105, 4.5543949545, 4.7938736672, 3.1339601874, 4.1942425848, 5.2914377963, 3.1545173482, 3.7171813104, 4.3721659248, 4.8749588012, 9.1524656016, 22.8210752504, 16.322664647, 20.574785998, 17.5360476129, 17.0559797383, 15.2783103987, 16.3750265897, 18.7449896977, 16.4534954023, 18.0158527157, 10.698566066, 20.4106537774, 15.0273008999, 18.7496766998, 16.0278781409, 15.7311907385]
    ]
  ],
  "prob": [
    [0.12598070298, 0.33943991253, 0.10083515454, 0.12852788156, 0.30521634839],
    [0.28849262653, 0.10048040218, 0.046076691451, 0.046572646922, 0.51837763292],
    [0.039659639682, 0.023801221724, 0.18793394522, 0.49166111585, 0.25694407752]
  ],
  "iterations": 15,
  "logLik": -501.8876521342,
  "time": 0.006646,
  "message": "Converged",
  "status": 0,
  "miniter": 0,
  "maxiter": 1000,
  "maxtime": 3600,
  "param_threshold": 0.001,
  "ll_threshold": "-Inf",
  "initial_prob": "group_proportional",
  "adjust_prob_cond_method": "project_lp",
  "adjust_prob_cond_every": false
}
