{
  "Z_true": {},
  "V_true": [
    [292, 19, 15, 42, 1567, 18],
    [110, 519, 427, 7200, 719, 200],
    [571, 171, 141, 112, 15353, 171],
    [11, 22, 803, 398, 347, 33],
    [73, 552, 118, 787, 830, 323]
  ],
  "p_true": [
    [0.1495, 0.0097, 0.0077, 0.0215, 0.8024, 0.0092],
    [0.012, 0.0566, 0.0465, 0.7847, 0.0784, 0.0218],
    [0.0346, 0.0104, 0.0085, 0.0068, 0.9294, 0.0104],
    [0.0068, 0.0136, 0.4975, 0.2466, 0.215, 0.0204],
    [0.0272, 0.2057, 0.044, 0.2933, 0.3094, 0.1204]
  ],
  "Z_est": [
    [
      [4, 4, 3, 9, 3, 5, 3, 7, 3, 0, 0.3804, 0.6643, 2, 5, 3, 2, 3, 5, 3, 5, 3, 3, 4, 4, 4, 3, 0.4603, 0.2647, 7, 2, 3, 5, 2, 7, 2, 6, 2],
      [2, 3, 3, 4, 3, 2, 2, 4, 2, 0.0923, 0.4097, 0.0079, 1, 3, 4, 2, 1, 5, 2, 3, 3, 1, 4, 3, 2, 2, 1.0049, 0, 3, 1, 2, 4, 3.3168e-10, 4, 1, 8, 7.806e-06],
      [2, 2, 1, 4, 7.012e-13, 1, 1, 4, 1, 0, 0.0584, 0.0104, 6.3262e-07, 2, 5, 1, 1, 5, 3, 7, 1, 2, 2, 1, 3, 2, 0.0465, 0, 2, 2, 1, 1, 3.4564e-12, 7, 1, 4, 8.0618e-06],
      [6, 5, 7, 16, 5, 7, 22, 43, 7, 0.5046, 2.3139, 0.2463, 4, 12, 18, 9, 6, 21, 15, 23, 10, 12, 19, 13, 14, 16, 0.3446, 0.4847, 21, 12, 12, 10, 1, 35, 6, 40, 2],
      [42, 48, 27, 95, 37, 53, 24, 79, 21, 0.4031, 1.7345, 0.0615, 5, 60, 34, 7, 9, 65, 25, 68, 15, 13, 36, 28, 24, 20, 8.1437, 8.1515, 82, 16, 13, 57, 3, 95, 11, 56, 8],
      [9.612e-19, 4.4658e-17, 5.519e-12, 2, 2.5742e-13, 3.4838e-16, 1, 3, 1.8969e-11, 0, 0.1031, 0.0097, 2.2711e-07, 1, 1, 2.007e-21, 4.8424e-10, 2, 1, 1, 3.7538e-21, 1, 7.9908e-26, 1.3813e-15, 1, 1, 0, 0.0992, 1, 1, 2.6865e-18, 4.8625e-13, 6.6569e-10, 2, 4.2105e-12, 4, 2.8857e-10]
    ],
    [
      [4, 2, 3, 9, 3, 2, 16, 27, 2, 0, 0.1113, 1.1092, 3, 10, 7, 6, 6, 8, 8, 12, 9, 8, 16, 7, 6, 9, 0.1031, 0.0748, 13, 7, 7, 4, 2, 19, 4, 35, 1],
      [2, 3, 4, 8, 2, 5, 17, 28, 6, 0.548, 2.2607, 2.5831, 6, 9, 21, 18, 9, 19, 12, 15, 11, 20, 16, 10, 15, 15, 0.9829, 0, 12, 9, 16, 5, 8, 26, 6, 54, 6],
      [4, 2, 7, 7, 2, 1, 17, 25, 5, 0, 1.4288, 2.6729, 5, 8, 36, 26, 10, 14, 23, 28, 18, 28, 19, 10, 14, 17, 0.1679, 0, 11, 11, 14, 4, 24, 38, 7, 37, 1],
      [10, 3, 18, 25, 8, 7, 221, 241, 28, 4.159, 22.1914, 28.6017, 49, 38, 123, 163, 43, 61, 92, 94, 83, 155, 117, 56, 64, 117, 1.3526, 0.2885, 75, 72, 106, 14, 65, 177, 37, 301, 8],
      [64, 34, 66, 145, 53, 53, 240, 441, 77, 2.293, 15.7648, 8.0491, 60, 177, 230, 136, 62, 190, 156, 268, 121, 166, 217, 122, 111, 144, 10.3935, 3.5403, 283, 96, 116, 78, 112, 472, 64, 426, 35],
      [1, 1.8312e-22, 1, 3, 1, 4.4441e-15, 14, 16, 2, 0, 2.243, 3.984, 6, 4, 13, 11, 3, 6, 9, 4, 5, 13, 5, 3, 8, 9, 0, 0.0964, 5, 6, 6, 1, 11, 14, 2, 31, 9.2485e-09]
    ],
    [
      [23, 15, 9, 47, 16, 16, 17, 43, 5, 0, 0.3893, 0.0863, 3, 34, 9, 4, 5, 19, 10, 24, 11, 7, 26, 14, 8, 9, 0.3978, 0.6437, 36, 6, 6, 21, 2, 42, 6, 46, 7],
      [11, 14, 12, 32, 9, 17, 17, 41, 11, 0.2462, 0.8441, 0.2166, 4, 26, 27, 11, 5, 36, 12, 27, 14, 16, 26, 16, 17, 13, 3.8636, 0, 28, 7, 13, 21, 8, 50, 6, 69, 12],
      [13, 17, 14, 36, 4, 13, 17, 44, 11, 0, 0.9413, 1.0953, 4, 25, 53, 15, 11, 36, 30, 59, 17, 27, 27, 15, 19, 14, 0.771, 0, 28, 14, 12, 11, 31, 83, 12, 48, 8],
      [60, 29, 60, 132, 43, 46, 234, 391, 67, 2.1535, 15.3552, 9.0263, 47, 133, 170, 105, 39, 135, 113, 191, 104, 138, 187, 104, 85, 115, 5.1128, 2.1524, 200, 72, 91, 64, 82, 381, 62, 396, 32],
      [348, 268, 201, 748, 269, 338, 253, 715, 180, 1.6003, 15.8931, 2.3404, 54, 604, 317, 86, 54, 423, 191, 543, 147, 147, 347, 222, 146, 137, 38.8548, 37.4639, 749, 97, 98, 355, 139, 1015, 104, 560, 130],
      [7, 2, 5, 20, 5, 2, 15, 27, 6, 0, 1.5769, 1.235, 5, 14, 18, 7, 3, 14, 11, 9, 6, 11, 9, 7, 10, 8, 0, 0.7399, 14, 6, 5, 5, 14, 31, 3, 42, 5.6743e-08]
    ],
    [
      [1, 1, 5.5902e-12, 2, 3.0501e-13, 6.9455e-16, 1, 4, 2.0456e-09, 0, 0.0024, 0.0238, 3.5716e-07, 1, 1, 1.334e-19, 1, 1, 2, 2, 2, 1, 1, 1, 1, 1, 0.0041, 0, 1, 1, 1, 4.432e-18, 3.4213e-10, 4, 1.7413e-08, 3, 1.3029e-08],
      [9.5121e-18, 7.1054e-12, 1, 1, 3.9447e-13, 3.4738e-16, 1, 3, 3.6677e-11, 0, 0.0052, 0.0399, 6.5892e-07, 1, 4, 2, 1, 3, 2, 2, 3, 2, 1, 1, 2, 1, 0.0357, 0, 1, 1, 2, 1.4588e-12, 2, 5, 8.4822e-10, 5, 9.7291e-08],
      [2.4374e-23, 1, 1, 2, 2.2376e-13, 1, 1, 3, 2.6259e-09, 0, 0.0192, 0.0523, 4.4729e-07, 1, 8, 3, 1, 2, 5, 6, 3, 4, 1, 1, 2, 2, 0.0067, 0, 1, 2, 1, 4.8625e-13, 8, 8, 1, 3, 3.9297e-06],
      [2, 2, 5, 7, 7.9231e-13, 3, 23, 40, 5, 0, 0.1427, 4.1112, 2, 5, 31, 20, 10, 14, 24, 23, 22, 26, 12, 13, 10, 15, 0.0768, 0, 11, 17, 15, 2, 25, 40, 7, 31, 2],
      [17, 20, 22, 46, 8, 15, 26, 69, 15, 0, 0.822, 1.7167, 5, 28, 56, 18, 13, 39, 38, 60, 35, 26, 25, 29, 18, 22, 0.8767, 0, 40, 20, 19, 15, 41, 106, 14, 46, 4],
      [1, 7.8937e-19, 1, 1, 3.7791e-13, 4.4905e-20, 2, 2, 2.6003e-09, 0, 0.0085, 0.0561, 1.4966e-07, 6.6407e-38, 3, 1, 4.2728e-10, 1, 2, 1, 1, 2, 1, 5.5307e-16, 1, 1, 0, 0, 3.9564e-29, 1, 1, 4.6866e-21, 4, 3, 1, 3, 7.6144e-08]
    ],
    [
      [2, 1, 1, 4, 1, 1, 4, 5, 1.4315e-11, 0, 0.1165, 0.1164, 4.1807e-07, 3, 2, 1, 1, 3, 1, 3, 2, 1, 4, 1, 2, 2, 0.0348, 0.0168, 3, 2, 2, 2, 9.1719e-10, 4, 1, 11, 1],
      [1, 1, 1, 3, 1.0491e-12, 1, 4, 5, 1, 0.1134, 0.4802, 0.1525, 1, 2, 7, 4, 1, 6, 2, 3, 3, 3, 4, 2, 5, 3, 0.113, 0, 2, 2, 4, 2, 2.2546e-09, 5, 1, 17, 1],
      [1, 1, 2, 3, 3.1827e-13, 1, 4, 5, 1, 0, 0.5524, 0.1691, 1, 2, 12, 6, 2, 5, 4, 8, 4, 5, 4, 1, 5, 3, 0.0078, 0, 2, 3, 4, 1, 3, 9, 1, 11, 1.2423e-07],
      [5, 2, 7, 13, 2, 5, 56, 53, 7, 1.1829, 6.9969, 7.0145, 11, 12, 43, 39, 12, 24, 19, 27, 24, 32, 29, 13, 24, 28, 0.1131, 0.0744, 20, 22, 32, 6, 10, 44, 10, 98, 4],
      [31, 24, 28, 75, 17, 38, 61, 99, 22, 0.7036, 5.7856, 2.8323, 15, 59, 82, 33, 19, 77, 35, 80, 34, 37, 55, 28, 41, 34, 1.7313, 0.8443, 76, 32, 35, 35, 18, 119, 17, 139, 20],
      [2, 2, 3, 4, 2, 2, 5, 5, 3, 0, 2.0685, 2.7152, 3, 4, 6, 5, 3, 5, 3, 2, 4, 4, 3, 4, 5, 4, 0, 0.0645, 4, 3, 3, 2, 3, 6, 2, 12, 1]
    ]
  ],
  "V_est": [
    [127.7696, 85.5148, 69.1153, 452.894, 1194.4943, 23.212],
    [276.3984, 419.3748, 477.2695, 2727.5932, 5055.0408, 219.3234],
    [547.5171, 633.1706, 770.8076, 4141.8003, 10081.1525, 344.5519],
    [34.0304, 47.0808, 72.0782, 468.3307, 958.4153, 34.0646],
    [71.2845, 97.859, 114.7294, 748.3818, 1526.8971, 123.8481]
  ],
  "p_est": [
    [0.0654, 0.0438, 0.0354, 0.2319, 0.6116, 0.0119],
    [0.0301, 0.0457, 0.052, 0.2973, 0.551, 0.0239],
    [0.0331, 0.0383, 0.0467, 0.2507, 0.6103, 0.0209],
    [0.0211, 0.0292, 0.0447, 0.2902, 0.5938, 0.0211],
    [0.0266, 0.0365, 0.0428, 0.2789, 0.5691, 0.0461]
  ],
  "EI_Z": {},
  "EI_V": 37.0396,
  "MAE_Z": {},
  "MAE_V": 788.7945,
  "MAE_p": 0.1204,
  "runtime": 0.2969
}
