{
  "X": [
    [30, 4, 50, 16],
    [38, 3, 46, 13],
    [28, 5, 47, 20],
    [38, 4, 46, 12],
    [35, 9, 44, 12],
    [27, 7, 54, 12],
    [26, 6, 54, 14],
    [33, 7, 49, 11],
    [30, 4, 50, 16],
    [23, 6, 52, 19],
    [37, 6, 44, 13],
    [32, 7, 39, 22],
    [25, 4, 47, 24],
    [25, 6, 58, 11],
    [34, 3, 52, 11],
    [39, 8, 42, 11],
    [21, 9, 42, 28],
    [11, 18, 30, 41],
    [13, 14, 22, 51],
    [12, 14, 28, 46],
    [18, 15, 30, 37],
    [16, 13, 30, 41],
    [10, 14, 38, 38],
    [11, 11, 41, 37],
    [13, 11, 38, 38],
    [12, 15, 35, 38],
    [15, 17, 28, 40],
    [15, 13, 34, 38],
    [22, 15, 19, 44],
    [14, 12, 39, 35],
    [13, 13, 33, 41],
    [16, 13, 35, 36],
    [11, 10, 34, 45],
    [21, 8, 39, 32],
    [22, 10, 43, 25],
    [20, 12, 40, 28],
    [22, 8, 41, 29],
    [20, 9, 49, 22],
    [19, 10, 36, 35],
    [31, 8, 34, 27],
    [28, 6, 34, 32],
    [28, 16, 28, 28],
    [22, 8, 42, 28],
    [16, 11, 46, 27],
    [22, 5, 54, 19],
    [21, 7, 47, 25],
    [14, 13, 39, 34],
    [9, 4, 44, 43],
    [23, 7, 51, 19],
    [25, 6, 44, 25]
  ],
  "W": [
    [70, 16, 14],
    [68, 16, 16],
    [69, 17, 14],
    [68, 14, 18],
    [68, 14, 18],
    [64, 22, 14],
    [64, 17, 19],
    [71, 10, 19],
    [63, 21, 16],
    [63, 15, 22],
    [63, 19, 18],
    [60, 23, 17],
    [59, 21, 20],
    [63, 16, 21],
    [77, 11, 12],
    [74, 9, 17],
    [46, 32, 22],
    [14, 71, 15],
    [17, 72, 11],
    [14, 70, 16],
    [23, 61, 16],
    [15, 67, 18],
    [14, 70, 16],
    [19, 68, 13],
    [18, 67, 15],
    [23, 58, 19],
    [13, 64, 23],
    [22, 64, 14],
    [21, 59, 20],
    [22, 67, 11],
    [16, 62, 22],
    [17, 64, 19],
    [19, 71, 10],
    [19, 34, 47],
    [16, 12, 72],
    [15, 21, 64],
    [19, 13, 68],
    [13, 18, 69],
    [11, 23, 66],
    [15, 21, 64],
    [18, 18, 64],
    [17, 25, 58],
    [17, 14, 69],
    [21, 18, 61],
    [14, 15, 71],
    [14, 17, 69],
    [15, 21, 64],
    [13, 23, 64],
    [17, 13, 70],
    [16, 13, 71]
  ],
  "method": "mvn_cdf",
  "mvncdf_method": "genz",
  "mvncdf_samples": 5000,
  "mvncdf_error": 1e-06,
  "cond_prob": [
    [
      [0.38029378554, 0.014893643384, 0.57574660044, 0.029065970633],
      [0.036156340559, 0.12630702771, 0.22988966816, 0.60764696357],
      [0.19738151904, 0.057372074924, 0.44478276434, 0.3004636417]
    ],
    [
      [0.47805480707, 0.0096072525499, 0.49502490716, 0.017313033212],
      [0.066209711273, 0.11773281979, 0.29054398066, 0.52551348828],
      [0.29297379411, 0.042917210328, 0.45448609126, 0.2096229043]
    ],
    [
      [0.36763875674, 0.022347686808, 0.56429270222, 0.045720854232],
      [0.024934300422, 0.1295563213, 0.16139660686, 0.68411277141],
      [0.16060251835, 0.069488642947, 0.36939212974, 0.40051670897]
    ],
    [
      [0.47338981052, 0.012145079725, 0.49702156062, 0.01744354913],
      [0.063144911381, 0.14561342492, 0.28135902291, 0.50988264079],
      [0.28653494128, 0.054660710202, 0.45037530899, 0.20842903953]
    ],
    [
      [0.44027278482, 0.037057519445, 0.50120055284, 0.021469142901],
      [0.041346005301, 0.32182212965, 0.19819870282, 0.43863316223],
      [0.23202430246, 0.14715678101, 0.39440288921, 0.22641602732]
    ],
    [
      [0.35628098903, 0.01697695277, 0.61205324468, 0.014688813523],
      [0.046555045688, 0.19982235423, 0.3388203442, 0.41480225589],
      [0.21191552531, 0.074531878847, 0.54361801026, 0.16993458557]
    ],
    [
      [0.34076151888, 0.018112626838, 0.62041116171, 0.020714692569],
      [0.037633533429, 0.17950616214, 0.28832893571, 0.49453136873],
      [0.18902220276, 0.074109040903, 0.51144963491, 0.22541912142]
    ],
    [
      [0.39602933419, 0.029521736754, 0.55211314311, 0.022335785943],
      [0.038640856604, 0.26337415792, 0.22161777436, 0.47636721111],
      [0.21116573974, 0.11767766188, 0.43448886912, 0.23666772926]
    ],
    [
      [0.39828893918, 0.011258610283, 0.57088074483, 0.019571705706],
      [0.049291080234, 0.12430754741, 0.29855200126, 0.52784937109],
      [0.23137193336, 0.048224191516, 0.49502693755, 0.22537693757]
    ],
    [
      [0.31647200134, 0.02334933214, 0.62324701384, 0.036931652682],
      [0.024278076564, 0.15922079087, 0.20024925684, 0.61625187573],
      [0.14636213023, 0.080070936078, 0.43239414287, 0.34117279082]
    ],
    [
      [0.48924899114, 0.014833996484, 0.480147723, 0.015769289372],
      [0.066782658635, 0.18326997987, 0.28266509624, 0.46728226525],
      [0.29933807242, 0.067408497248, 0.44319158683, 0.1900618435]
    ],
    [
      [0.45427801929, 0.022488740207, 0.48902631412, 0.034206926381],
      [0.037755058444, 0.16727373218, 0.17177555212, 0.62319565725],
      [0.22306416811, 0.08231983173, 0.35940172107, 0.33521427909]
    ],
    [
      [0.35821414427, 0.014902181308, 0.58651975448, 0.040363919943],
      [0.027439457847, 0.10239604889, 0.18832688316, 0.6818376101],
      [0.16560022994, 0.05225870198, 0.4068013498, 0.37533971828]
    ],
    [
      [0.32330002667, 0.016163285876, 0.64542150647, 0.015115180983],
      [0.041398601596, 0.18539861473, 0.35249262085, 0.42071016282],
      [0.18614357567, 0.069758520053, 0.55861515531, 0.18548274897]
    ],
    [
      [0.40227818365, 0.012293507451, 0.56323147098, 0.022196837925],
      [0.045164779343, 0.12495602336, 0.26947858564, 0.56040061166],
      [0.22453124155, 0.051438260972, 0.47417358472, 0.24985691276]
    ],
    [
      [0.47047848182, 0.042365414589, 0.46146407781, 0.025692025773],
      [0.036594388232, 0.32699223819, 0.16275430683, 0.47365906675],
      [0.23864273383, 0.16380317547, 0.32702999238, 0.27052409833]
    ],
    [
      [0.3582239601, 0.024759032233, 0.58180518758, 0.03521182009],
      [0.028402001024, 0.17491674689, 0.19486294566, 0.60181830643],
      [0.16936027512, 0.087306921171, 0.41240101199, 0.33093179171]
    ],
    [
      [0.38399409088, 0.027811875313, 0.56182592424, 0.026368109566],
      [0.034972040011, 0.22769594778, 0.21895178677, 0.51838022543],
      [0.19540455216, 0.10659403288, 0.4318158598, 0.26618555516]
    ],
    [
      [0.4421386343, 0.023824057925, 0.49662635528, 0.037410952499],
      [0.03608200536, 0.17397302985, 0.1261084368, 0.66383652799],
      [0.20035165326, 0.08855522096, 0.33977265276, 0.37132047302]
    ],
    [
      [0.4168096853, 0.021733822714, 0.53097665131, 0.030479840677],
      [0.037083938228, 0.17306699598, 0.20391795985, 0.58593110594],
      [0.21004623408, 0.081619896735, 0.4042154289, 0.30411844028]
    ],
    [
      [0.47537004047, 0.022697963828, 0.47768590724, 0.024246088466],
      [0.048197099129, 0.21143505273, 0.20943623025, 0.53093161789],
      [0.25635109653, 0.093186427563, 0.39031980062, 0.26014267528]
    ],
    [
      [0.48938326959, 0.016398812781, 0.47219140135, 0.022026516278],
      [0.055652389421, 0.16880209602, 0.23225075753, 0.54329475702],
      [0.27588899786, 0.069265258833, 0.40790157674, 0.24694416657]
    ],
    [
      [0.32205563073, 0.017761465868, 0.63933540682, 0.020847496586],
      [0.035405020434, 0.17422826849, 0.30156119781, 0.48880551326],
      [0.17617428238, 0.072157353793, 0.52766107458, 0.22400728925]
    ],
    [
      [0.31515762241, 0.014035335637, 0.65107869151, 0.019728350444],
      [0.036679456056, 0.14409365234, 0.32449268463, 0.49473420697],
      [0.17666223295, 0.056804343996, 0.54879659457, 0.21773682849]
    ],
    [
      [0.37014021327, 0.013995632151, 0.59533677648, 0.0205273781],
      [0.043486894852, 0.14580283962, 0.2996227944, 0.51108747113],
      [0.20373651704, 0.058954579545, 0.51031371229, 0.22699519113]
    ],
    [
      [0.32916400089, 0.028634950209, 0.61129547061, 0.030905578288],
      [0.027561687523, 0.21267991122, 0.21387504888, 0.54588335238],
      [0.15847761985, 0.10348229913, 0.44213090678, 0.29590917424]
    ],
    [
      [0.47044883036, 0.024777975155, 0.47985294115, 0.024920253332],
      [0.045859778804, 0.22718333872, 0.20549489312, 0.52146198936],
      [0.25053925367, 0.10154834143, 0.38625097277, 0.26166143213]
    ],
    [
      [0.40811608478, 0.018854909078, 0.54927099916, 0.023758006983],
      [0.042769923371, 0.17628598468, 0.24621948545, 0.5347246065],
      [0.2216531772, 0.075881722789, 0.447906302, 0.25455879801]
    ],
    [
      [0.59669259692, 0.02612882299, 0.35273737794, 0.024441202151],
      [0.048897600707, 0.22578103486, 0.10359057925, 0.62173078518],
      [0.32383386723, 0.10109883777, 0.26313495289, 0.31193234211]
    ],
    [
      [0.37535169854, 0.014580719731, 0.59166647884, 0.018401102883],
      [0.046006061782, 0.15953799297, 0.3112350312, 0.48322091405],
      [0.21622354692, 0.06231445472, 0.51268741313, 0.20877458523]
    ],
    [
      [0.38329207459, 0.020265033709, 0.56917816559, 0.027264726103],
      [0.03659271611, 0.17214910992, 0.23027855644, 0.56097961753],
      [0.20005830646, 0.07845363896, 0.441455816, 0.28003223858]
    ],
    [
      [0.44465867404, 0.015869872881, 0.52052159202, 0.018949861058],
      [0.054365050813, 0.17403732978, 0.27387849936, 0.49771912004],
      [0.25875442422, 0.06866116812, 0.45621995208, 0.21636445558]
    ],
    [
      [0.35108988722, 0.015574547471, 0.60446403091, 0.028871534404],
      [0.033710008298, 0.13080909087, 0.24897880436, 0.58650209647],
      [0.18100985575, 0.059067015917, 0.47157965977, 0.28834346856]
    ],
    [
      [0.42809379129, 0.014726595327, 0.53309430554, 0.024085307842],
      [0.046780430049, 0.14216761671, 0.24571491666, 0.56533703658],
      [0.23767786978, 0.059920327441, 0.43896814813, 0.26343365465]
    ],
    [
      [0.39635565997, 0.024722600825, 0.55421763901, 0.024704100196],
      [0.039309964659, 0.21268008004, 0.23134469369, 0.5166652616],
      [0.20966850871, 0.095329190524, 0.43910417058, 0.25589813019]
    ],
    [
      [0.39639528208, 0.027810372772, 0.54987477753, 0.025919567622],
      [0.037288135037, 0.23014268743, 0.2167154329, 0.51585374463],
      [0.20543739808, 0.10659273316, 0.42358813031, 0.26438173845]
    ],
    [
      [0.40152921424, 0.020356948775, 0.54722200048, 0.030891836503],
      [0.036249708458, 0.16156135648, 0.20851978148, 0.59366915358],
      [0.20315807297, 0.075958248509, 0.41425048231, 0.30663319622]
    ],
    [
      [0.35784231622, 0.017161143389, 0.6070489821, 0.017947558294],
      [0.043664673967, 0.18436624289, 0.31222887255, 0.45974021059],
      [0.21683176106, 0.076113401072, 0.49498023258, 0.21207460529]
    ],
    [
      [0.4126877642, 0.022667363744, 0.53167470779, 0.032970164265],
      [0.035312864749, 0.1708508757, 0.19308355766, 0.60075270189],
      [0.20359807575, 0.082813683889, 0.3938815651, 0.31970667526]
    ],
    [
      [0.57255260805, 0.013907535449, 0.39410656561, 0.019433290898],
      [0.073671967255, 0.1626394997, 0.22100281522, 0.54268571783],
      [0.34957515138, 0.063371993691, 0.35436625983, 0.2326865951]
    ],
    [
      [0.52763482369, 0.013565863801, 0.43044703855, 0.028352273965],
      [0.051590450172, 0.13097219547, 0.18872184738, 0.62871550698],
      [0.26880465816, 0.053063531062, 0.3416199484, 0.33651186237]
    ],
    [
      [0.54402101555, 0.03990892937, 0.39274332706, 0.023326728017],
      [0.053089819659, 0.34086429342, 0.15494946547, 0.45109642145],
      [0.2948957798, 0.15717579511, 0.30889355406, 0.23903487103]
    ],
    [
      [0.40269317716, 0.019080185717, 0.5505220183, 0.027704618827],
      [0.039152320646, 0.16310896616, 0.22658682073, 0.57115189246],
      [0.21066715716, 0.073679317786, 0.43136707338, 0.28428645167]
    ],
    [
      [0.31264244526, 0.028672337121, 0.62961595346, 0.029069264152],
      [0.027385533433, 0.21837208072, 0.2311415806, 0.52310080524],
      [0.15612752045, 0.1050035439, 0.46461467113, 0.27425426452]
    ],
    [
      [0.40546266842, 0.0081937824684, 0.57148237379, 0.014861175319],
      [0.047053693755, 0.13553175446, 0.36558508442, 0.45182946737],
      [0.21501961558, 0.042539717607, 0.56452043418, 0.17792023264]
    ],
    [
      [0.37767550898, 0.01439206536, 0.58702190258, 0.020910523083],
      [0.044073877417, 0.1478849126, 0.29029956371, 0.51774164627],
      [0.21329990416, 0.059932749281, 0.49610207847, 0.23066526809]
    ],
    [
      [0.31863664076, 0.037406016717, 0.60489909362, 0.039058248905],
      [0.022985537715, 0.23264997061, 0.17551711719, 0.56884737449],
      [0.13601575229, 0.12473723304, 0.40322529482, 0.33602171985]
    ],
    [
      [0.29681932274, 0.012255890847, 0.63954674289, 0.051378043519],
      [0.015107635138, 0.087919005674, 0.20283160698, 0.69414175221],
      [0.09941271243, 0.040812586477, 0.43370503465, 0.42606966644]
    ],
    [
      [0.37398315148, 0.014257852965, 0.59544841928, 0.016310576272],
      [0.049555985957, 0.16402110285, 0.3317942571, 0.45462865409],
      [0.222194149, 0.060831210403, 0.52668449062, 0.19029014998]
    ],
    [
      [0.4317363161, 0.01341241473, 0.53271509947, 0.022136169704],
      [0.050382001346, 0.13744320075, 0.26403863057, 0.54813616733],
      [0.24536423977, 0.056216768404, 0.45265727629, 0.24576171554]
    ]
  ],
  "expected_outcome": [
    [
      [26.6205649877, 32.507726881, 25.3670742152, 32.1905071156, 29.9385493676, 22.8019832979, 21.8087372085, 28.1180827277, 25.0922031685, 19.9377360846, 30.822686442, 27.2566811574, 21.1346345118, 20.3679016805, 30.9754201408, 34.815407655, 16.4783021645, 5.3759172723, 7.5163567831, 5.8353355941, 10.9335109307, 7.3407490438, 4.5087788302, 5.9879948258, 6.6625238389, 7.5707720204, 6.1158347947, 8.9785538652, 12.5305445353, 8.2577373679, 6.1326731935, 7.5591974587, 6.6707078571, 8.1337820346, 6.3416905595, 5.9459292311, 7.6290550706, 4.6519501109, 4.5395654062, 8.5882891207, 9.4974268264, 9.2483572643, 6.8457840117, 6.5654913505, 5.6764773579, 5.2874571257, 4.7795496114, 3.8586511956, 6.3577135751, 6.9077810576],
      [1.0425550369, 0.65329317339, 1.5419903898, 0.82586542129, 2.5199113223, 1.0865249773, 1.1592081176, 2.0960433095, 0.70929244786, 1.4710079248, 0.9345417785, 1.3493244124, 0.87922869715, 1.0182870102, 0.9466000737, 3.1350406796, 1.1389154827, 0.38936625439, 0.40500898473, 0.30427351799, 0.52205316804, 0.24598219171, 0.24866052215, 0.2666713771, 0.25192137872, 0.65860385481, 0.32211367701, 0.41480799972, 0.5487052828, 0.32077583407, 0.32424053935, 0.26978783898, 0.29591640196, 0.27980531121, 0.3955616132, 0.41715559158, 0.38678202673, 0.22309486406, 0.24934100119, 0.20861303173, 0.24418554841, 0.67845179929, 0.3243631572, 0.60211907954, 0.11471295456, 0.20148891504, 0.56109025075, 0.15932658102, 0.24238350041, 0.21459863568],
      [40.3022620311, 33.6616936872, 38.936196453, 33.7974661223, 34.0816375929, 39.1714076593, 39.7063143495, 39.2000331608, 35.9654869241, 39.2645618716, 30.2493065491, 29.3415788474, 34.6046655144, 40.6615549073, 43.3688232653, 34.1483417582, 26.7630386286, 7.8655629394, 8.4426480397, 7.4336731184, 10.9867758665, 7.0828710203, 8.9506956955, 12.3704951387, 10.7160619766, 14.0597958241, 6.238088235, 12.0839619814, 7.4074849368, 13.0166625346, 9.1068506495, 8.8488670643, 11.4848165873, 10.1287918053, 8.8674822242, 8.248121663, 10.3972180091, 7.8916367673, 5.8484217857, 5.9115984841, 7.7480466939, 6.6766365601, 9.3588743111, 13.2219350227, 8.0007532331, 8.2183066361, 9.0734864042, 8.3141076576, 10.1226231278, 8.5234415915],
      [2.0346179443, 1.1772862584, 3.154738942, 1.1861613408, 1.4599017173, 0.9400840655, 1.3257403244, 1.585840802, 1.2330174595, 2.326694119, 0.99346523042, 2.0524155829, 2.3814712767, 0.95225640196, 1.7091565202, 1.9012099072, 1.6197437241, 0.36915353392, 0.63598619248, 0.42671776948, 0.55766003472, 0.33039774417, 0.2918649522, 0.37483865844, 0.36949280579, 0.71082830062, 0.32396329332, 0.52267615363, 0.51326524518, 0.40482426342, 0.43623561765, 0.32214763799, 0.54855915367, 0.45762084899, 0.39526560313, 0.38879351432, 0.58694489356, 0.23331825782, 0.36267180691, 0.29149936347, 0.51034093137, 0.39655437629, 0.47097852007, 0.6104545472, 0.20805645447, 0.29274732316, 0.58587373357, 0.66791456575, 0.27727979662, 0.35417871526]
    ],
    [
      [0.57850144894, 1.0593553804, 0.42388310718, 0.88402875933, 0.57884407421, 1.0242110051, 0.63977006829, 0.38640856604, 1.0351126849, 0.36417114847, 1.2688705141, 0.86836634422, 0.5762286148, 0.66237762554, 0.49681257277, 0.32934949408, 0.90886403278, 2.4830148407, 2.5979043859, 2.5958756759, 2.9400230468, 3.7287100912, 2.4783514304, 2.4942030118, 2.9136219551, 1.5985778763, 2.9350258434, 2.7372750957, 2.8849584417, 3.0824061394, 2.2687483988, 3.4793632521, 2.3934105892, 1.5905346217, 0.47171957591, 0.78305083577, 0.47124620996, 0.78596413141, 0.81219588923, 1.5471113124, 0.9286281031, 1.3272454915, 0.54813248905, 0.49293960179, 0.70580540632, 0.74925591609, 0.48269629202, 0.34747560818, 0.64422781745, 0.6549660175],
      [2.0209124434, 1.8837251167, 2.2024574621, 2.0385879489, 4.5055098151, 4.396091793, 3.0516047563, 2.6337415792, 2.6104584957, 2.388311863, 3.4821296175, 3.8472958401, 2.1503170267, 2.9663778357, 1.374516257, 2.9429301437, 5.5973359004, 16.1664122927, 12.5260581489, 12.1146897183, 12.8975382165, 11.3097404336, 12.1959787944, 9.7983683588, 9.7687902545, 12.3354348506, 14.5397336784, 11.2823030198, 13.3210810566, 10.6890455291, 10.673244815, 11.1383891059, 9.2874454516, 4.8336989683, 2.5521609605, 4.832996436, 2.1002976342, 3.318592372, 3.929570141, 3.4154294936, 2.3574995184, 8.5216073354, 2.2835255262, 3.930697453, 2.0329763168, 2.5140435143, 4.8856493827, 2.0221371305, 2.132274337, 1.7867616097],
      [3.6782346905, 4.6487036905, 2.7437423167, 3.9390263207, 2.7747818394, 7.4540475724, 4.901591907, 2.2161777436, 6.2695920265, 3.0037388526, 5.3706368286, 3.9508376989, 3.9548645463, 5.6398819336, 2.964264442, 1.4647887614, 6.2356142611, 15.5455768608, 9.0798074496, 14.2742571898, 12.7756100454, 15.5608007547, 21.1092838469, 22.0655025551, 20.0747272248, 12.4047528349, 13.1516731594, 15.7580470687, 6.1118441758, 20.8527470901, 14.2772704991, 17.5282239592, 17.6774951095, 8.3543071663, 2.7761363243, 4.551024091, 2.7107571593, 5.6201197059, 4.4409218263, 4.6410591196, 3.3969932529, 3.8737366367, 3.1722154902, 4.1605484508, 5.4837762662, 4.9350925831, 3.685859461, 4.6651269605, 4.3133253423, 3.4325021974],
      [9.7223514171, 8.4082158124, 11.629917114, 7.138356971, 6.1408642712, 9.1256496295, 8.4070332684, 4.7636721111, 11.0848367929, 9.2437781359, 8.8783630398, 14.3335001168, 14.3185898122, 6.7313626052, 6.1644067282, 4.2629316007, 19.2581858057, 36.8049960058, 47.7962300155, 41.015177416, 32.3868286913, 36.4007487206, 34.2163859284, 33.6419260743, 34.2428605655, 31.6612344381, 33.3735673188, 34.2223748158, 36.6821163259, 32.3758012414, 34.780736287, 31.8540236828, 41.6416488497, 19.2214592437, 6.1999831393, 10.8329286373, 7.7176989966, 8.2753237906, 13.8173121434, 11.3964000744, 11.3168791257, 11.2774105364, 7.9961264945, 9.4158144944, 6.7774420106, 8.8016079865, 11.9457948643, 15.9652603008, 5.9101725032, 7.1257701754]
    ],
    [
      [2.7633412665, 4.6875807057, 2.2484352569, 5.157628943, 4.1764374443, 2.9668173544, 3.5914218525, 4.012149055, 3.7019509338, 3.219966865, 5.3880853036, 3.7920908579, 3.3120045987, 3.9090150891, 2.6943748986, 4.0569264751, 3.7259260527, 2.9310682824, 2.2038681858, 3.3607397454, 4.1016175445, 4.9660019614, 2.818788518, 2.2966090283, 3.0560477557, 3.0110747772, 5.7624028344, 3.1031444807, 6.4766773445, 2.3784590161, 4.4012827421, 4.9163340602, 1.8100985575, 11.1708598795, 15.0961326268, 13.1479934768, 13.8147489617, 14.9613915129, 13.4374729995, 22.3728096885, 17.2034981224, 17.1039552287, 14.5360338442, 9.5237787474, 15.2663927062, 14.717693387, 8.7050081463, 6.3624135955, 15.5535904303, 17.4208610234],
      [0.80320904893, 0.68667536525, 0.97284100126, 0.98389278363, 2.6488220582, 1.0434463039, 1.4080717772, 2.2358755758, 0.77158706426, 1.7615605937, 1.2133529505, 1.3994371394, 1.0451740396, 1.4649289211, 0.61725913167, 2.7846539829, 1.9207522658, 1.5989104932, 0.97410743056, 1.3059183478, 1.490982841, 1.246774659, 1.1545176607, 0.73845647194, 0.88431869317, 1.9661636835, 2.335611853, 1.062344119, 2.0219767555, 0.68545900192, 1.7259800571, 1.3045621943, 0.59067015917, 2.8162553897, 6.8637017178, 6.8219349223, 5.1651608986, 5.251824674, 5.4657031367, 4.0558075962, 3.396065988, 9.1161961164, 5.0838729272, 6.4052161779, 3.0203199501, 4.1353597004, 7.9831829146, 2.6120055345, 4.2581847282, 3.9913905567],
      [6.2269587008, 7.2717774602, 5.1714898163, 8.1067555619, 7.0992520058, 7.6106521437, 9.7175430633, 8.2552885132, 7.9204310008, 9.5126711432, 7.977448563, 6.1098292582, 8.1360269961, 11.7309182614, 5.6900830167, 5.5595098704, 9.0728222638, 6.477237897, 3.7374991804, 6.4674468624, 6.24511681, 7.3422283812, 8.4425771933, 7.1343557294, 7.6547056843, 8.4004872288, 8.8837723736, 6.270688228, 5.2626990577, 5.6395615444, 9.712027952, 8.6681790895, 4.7157965977, 20.6315029623, 31.6155002816, 27.10964034, 28.1690327969, 34.1536360482, 25.9961832964, 22.679440629, 21.8636766978, 17.9158261354, 29.764328063, 28.3414949389, 40.0809508265, 34.2310434144, 25.8064188686, 27.7571222177, 36.8679143432, 32.1386666165],
      [4.2064909838, 3.3539664688, 5.6072339256, 3.7517227115, 4.0754884917, 2.379084198, 4.2829633071, 4.496686856, 3.6060310011, 7.5058013981, 3.421113183, 5.6986427445, 7.5067943656, 3.8951377283, 2.9982829531, 4.5989096716, 7.2804994177, 3.9927833274, 4.0845252033, 4.8658950445, 4.1622828045, 4.4449949983, 3.584116628, 2.8305787704, 3.4049278669, 5.6222743106, 6.0182129391, 3.5638231722, 6.2386468423, 2.2965204375, 6.1607092488, 4.1109246561, 2.8834346856, 12.3813817685, 18.4246653739, 16.920431261, 20.8510573428, 14.6331477649, 21.1006405674, 14.8919420863, 21.5367591918, 13.8640225195, 19.6157651656, 16.7295101358, 12.6323365173, 15.9159034981, 21.5053900704, 27.2684586523, 13.3203104983, 17.4490818034]
    ]
  ],
  "prob": [
    [0.40347480175, 0.020272345661, 0.55038706262, 0.02586578997],
    [0.041711173778, 0.17686358906, 0.23815457624, 0.54327066093],
    [0.21643258994, 0.078714568875, 0.43850419179, 0.2663486494]
  ],
  "iterations": 29,
  "time": 3.213349,
  "message": "Converged",
  "status": 0,
  "miniter": 0,
  "maxiter": 1000,
  "maxtime": 3600,
  "param_threshold": 0.001,
  "ll_threshold": "-Inf",
  "initial_prob": "group_proportional",
  "ballotbox_id": ["1", "2", "3", "4", "5", "6", "7", "8", "9", "10", "11", "12", "13", "14", "15", "16", "17", "18", "19", "20", "21", "22", "23", "24", "25", "26", "27", "28", "29", "30", "31", "32", "33", "34", "35", "36", "37", "38", "39", "40", "41", "42", "43", "44", "45", "46", "47", "48", "49", "50"],
  "candidates_id": ["1", "2", "3", "4"],
  "group_id": ["1", "2", "3"]
}
