{
  "X": [
    [38, 32, 22, 8],
    [40, 20, 28, 12],
    [38, 16, 33, 13],
    [31, 22, 36, 11],
    [32, 21, 27, 20],
    [33, 29, 21, 17],
    [42, 21, 22, 15],
    [37, 21, 21, 21],
    [36, 17, 29, 18],
    [31, 23, 32, 14],
    [40, 27, 21, 12],
    [40, 21, 21, 18],
    [32, 24, 31, 13],
    [36, 24, 23, 17],
    [32, 15, 36, 17],
    [31, 20, 36, 13],
    [30, 28, 24, 18],
    [16, 36, 16, 32],
    [20, 32, 13, 35],
    [28, 28, 15, 29],
    [25, 40, 14, 21],
    [25, 31, 13, 31],
    [30, 31, 16, 23],
    [20, 28, 18, 34],
    [25, 27, 20, 28],
    [22, 38, 14, 26],
    [20, 35, 15, 30],
    [32, 37, 6, 25],
    [22, 36, 16, 26],
    [32, 30, 16, 22],
    [24, 28, 18, 30],
    [31, 22, 10, 37],
    [30, 30, 15, 25],
    [21, 16, 32, 31],
    [17, 5, 35, 43],
    [15, 9, 45, 31],
    [12, 11, 48, 29],
    [11, 13, 30, 46],
    [6, 17, 45, 32],
    [15, 7, 35, 43],
    [18, 6, 40, 36],
    [20, 9, 36, 35],
    [17, 12, 35, 36],
    [18, 14, 43, 25],
    [10, 12, 45, 33],
    [16, 6, 35, 43],
    [12, 12, 41, 35],
    [11, 14, 35, 40],
    [13, 6, 45, 36],
    [12, 8, 39, 41]
  ],
  "W": [
    [71, 19, 10],
    [70, 13, 17],
    [69, 18, 13],
    [74, 15, 11],
    [68, 16, 16],
    [65, 19, 16],
    [61, 21, 18],
    [58, 22, 20],
    [64, 19, 17],
    [67, 17, 16],
    [69, 18, 13],
    [73, 12, 15],
    [59, 23, 18],
    [72, 16, 12],
    [70, 13, 17],
    [67, 19, 14],
    [51, 32, 17],
    [13, 63, 24],
    [13, 69, 18],
    [14, 68, 18],
    [13, 68, 19],
    [18, 68, 14],
    [24, 61, 15],
    [14, 63, 23],
    [14, 68, 18],
    [19, 67, 14],
    [18, 68, 14],
    [12, 73, 15],
    [13, 71, 16],
    [20, 68, 12],
    [17, 65, 18],
    [10, 74, 16],
    [24, 62, 14],
    [19, 32, 49],
    [16, 12, 72],
    [18, 13, 69],
    [20, 16, 64],
    [15, 21, 64],
    [8, 18, 74],
    [16, 15, 69],
    [17, 19, 64],
    [20, 15, 65],
    [11, 23, 66],
    [18, 21, 61],
    [17, 15, 68],
    [16, 11, 73],
    [18, 11, 71],
    [15, 16, 69],
    [21, 12, 67],
    [18, 9, 73]
  ],
  "method": "mvn_cdf",
  "mvncdf_method": "genz",
  "mvncdf_samples": 5000,
  "mvncdf_error": 1e-06,
  "cond_prob": [
    [
      [0.41083633696, 0.32044810341, 0.24428156716, 0.024433992477],
      [0.2293589929, 0.61004474115, 0.015110964165, 0.14548530178],
      [0.041153814035, 0.0099893823518, 0.5585074653, 0.39034933831]
    ],
    [
      [0.50701851628, 0.19997156432, 0.26474565117, 0.028264268237],
      [0.31436492084, 0.4350742909, 0.020567738929, 0.22999304933],
      [0.042488778629, 0.0060391740549, 0.53597531023, 0.41549673709]
    ],
    [
      [0.45860418391, 0.14708934246, 0.36099329574, 0.033313177887],
      [0.31309462652, 0.35555683321, 0.030980233842, 0.30036830643],
      [0.03059451916, 0.0034744129613, 0.57482222488, 0.391108843]
    ],
    [
      [0.37731944877, 0.19760622933, 0.39220009948, 0.03287422242],
      [0.2376558391, 0.44929269856, 0.031910855648, 0.2811406067],
      [0.022975767101, 0.0045953026739, 0.6039996392, 0.36842929102]
    ],
    [
      [0.41994340893, 0.21636470803, 0.30053796362, 0.063153919418],
      [0.20449098207, 0.36922102816, 0.018215749497, 0.40807224028],
      [0.022178668244, 0.0041462957335, 0.38103850074, 0.59263653529]
    ],
    [
      [0.42509493836, 0.30629424699, 0.22655467559, 0.042056139065],
      [0.20766668037, 0.51642005878, 0.01320403164, 0.26270922921],
      [0.033121476202, 0.0083675260596, 0.39167437929, 0.56683661845]
    ],
    [
      [0.56244589547, 0.1920578418, 0.21558305453, 0.029913208194],
      [0.34170997683, 0.41206566879, 0.016388059404, 0.22983629497],
      [0.050640264456, 0.0064313689017, 0.47667990518, 0.46624846146]
    ],
    [
      [0.52220347598, 0.20832029449, 0.22460865823, 0.044867571304],
      [0.27897225465, 0.3912173904, 0.015232892069, 0.31457746289],
      [0.03746784823, 0.0054113333718, 0.39302703072, 0.56409378768]
    ],
    [
      [0.46605844509, 0.17485791042, 0.31473619169, 0.044347452796],
      [0.27940431682, 0.3457938561, 0.023525452022, 0.35127637506],
      [0.029306878074, 0.003756653495, 0.47598498561, 0.49095148282]
    ],
    [
      [0.39966354337, 0.2229286027, 0.34148084503, 0.035927008901],
      [0.23619489388, 0.46143463295, 0.025051909382, 0.27731856378],
      [0.026704591122, 0.0053961914232, 0.5475257892, 0.42037342825]
    ],
    [
      [0.49331518545, 0.25866775779, 0.21835129249, 0.029665764268],
      [0.27316393396, 0.49987904269, 0.014584395301, 0.21237262805],
      [0.044350948025, 0.0081842180998, 0.47979303838, 0.4676717955]
    ],
    [
      [0.49766720131, 0.22167207365, 0.22628462773, 0.054376097314],
      [0.24179800355, 0.37651548597, 0.013592129461, 0.36809438102],
      [0.031305199968, 0.0049416196831, 0.33238391837, 0.63136926198]
    ],
    [
      [0.4258707718, 0.21571672411, 0.33117318417, 0.027239319911],
      [0.26954128355, 0.48046496462, 0.025926422219, 0.22406732961],
      [0.032351646383, 0.0058983509742, 0.60480735992, 0.35694264273]
    ],
    [
      [0.44650841613, 0.24058823807, 0.25671954243, 0.056183803378],
      [0.2157491738, 0.40705805061, 0.015392048434, 0.36180072715],
      [0.023559794136, 0.0052260008884, 0.3688381217, 0.60237608327]
    ],
    [
      [0.40201244766, 0.15762568377, 0.38889377994, 0.051468088626],
      [0.24747430638, 0.33223394237, 0.030211907865, 0.39007984338],
      [0.022260817312, 0.0028736454322, 0.52145850422, 0.45340703303]
    ],
    [
      [0.38144537117, 0.17607126873, 0.40954516968, 0.03293819042],
      [0.25827230213, 0.41159924309, 0.034109427721, 0.29601902706],
      [0.025087163441, 0.0042374183573, 0.58767433953, 0.38300107867]
    ],
    [
      [0.42957482039, 0.24723680608, 0.28728685328, 0.035901520249],
      [0.23868415403, 0.48181396747, 0.019822021347, 0.25967985716],
      [0.031711162086, 0.0066144147976, 0.50020267804, 0.46147174508]
    ],
    [
      [0.36503352051, 0.29572893835, 0.29115202533, 0.048085515811],
      [0.17797178733, 0.51179733173, 0.017676881514, 0.29255399942],
      [0.023302963836, 0.00688881403, 0.45076579635, 0.51904242578]
    ],
    [
      [0.4115720505, 0.23377960919, 0.30041011791, 0.054238222399],
      [0.20833429012, 0.41482574372, 0.018696233109, 0.35814373305],
      [0.024121208453, 0.0049417965948, 0.42640337836, 0.54453361659]
    ],
    [
      [0.49158778642, 0.17450254732, 0.29732037977, 0.036589286482],
      [0.30334893064, 0.3769849383, 0.02180277089, 0.29786336016],
      [0.034101226299, 0.0044236488731, 0.50626615874, 0.45520896609]
    ],
    [
      [0.46415310034, 0.28145313014, 0.22689149379, 0.02750227573],
      [0.25854382965, 0.53521177255, 0.015936930353, 0.19030746744],
      [0.042414868013, 0.0091218909658, 0.52187501432, 0.4265882267]
    ],
    [
      [0.44804533445, 0.21042705102, 0.29364767131, 0.047879943213],
      [0.24286138278, 0.39931374481, 0.019491797179, 0.33833307523],
      [0.02821796813, 0.004817700118, 0.44714401551, 0.51982031624]
    ],
    [
      [0.48480126715, 0.20172244409, 0.28068912116, 0.032787167594],
      [0.29392608469, 0.42748222073, 0.020934605987, 0.25765708859],
      [0.036832504038, 0.0055606234259, 0.52085065611, 0.43675621642]
    ],
    [
      [0.39343400524, 0.20009092188, 0.35783270547, 0.048642367409],
      [0.22119929981, 0.39669061563, 0.024743636511, 0.35736644805],
      [0.022323368006, 0.0041472065951, 0.49531949116, 0.47820993424]
    ],
    [
      [0.37646123284, 0.14833085101, 0.44092304592, 0.034284870232],
      [0.28125224358, 0.36206551698, 0.039879256112, 0.31680298333],
      [0.021955247407, 0.0029966254593, 0.62646778011, 0.34858034703]
    ],
    [
      [0.399089613, 0.26546554183, 0.29571245213, 0.039732393043],
      [0.2098931404, 0.49591131188, 0.019171378696, 0.27502416902],
      [0.02737765906, 0.0066285983964, 0.49489755991, 0.47109618263]
    ],
    [
      [0.36856032338, 0.23202752016, 0.35247636402, 0.046935792439],
      [0.19893413536, 0.44917190807, 0.023139432999, 0.32875452357],
      [0.021732690228, 0.0050257685347, 0.49809883111, 0.47514271013]
    ],
    [
      [0.61231178386, 0.23539855569, 0.12186659913, 0.030423061317],
      [0.31271773067, 0.4595460733, 0.0085228193955, 0.21921337663],
      [0.072168359101, 0.0097284380139, 0.33478561769, 0.58331758519]
    ],
    [
      [0.38340894169, 0.21720792599, 0.3650109175, 0.034372214828],
      [0.23417883264, 0.46725285769, 0.026913266921, 0.27165504274],
      [0.025169509707, 0.0051468150022, 0.58034007818, 0.38934359711]
    ],
    [
      [0.47470988289, 0.16166560398, 0.3354936657, 0.028130847427],
      [0.32722697317, 0.39145105548, 0.02821239529, 0.25310957606],
      [0.035747084015, 0.0043461066606, 0.59720543012, 0.3627013792]
    ],
    [
      [0.40727011798, 0.176816713, 0.37463863495, 0.041274534064],
      [0.25344663991, 0.38426612769, 0.02847579607, 0.33381143633],
      [0.024532574492, 0.0038529377675, 0.54581374735, 0.42580074039]
    ],
    [
      [0.59445608494, 0.12133893631, 0.22842605604, 0.055778922713],
      [0.31705507779, 0.3336748311, 0.018991744055, 0.33027834705],
      [0.039635170268, 0.0041420698431, 0.40019035011, 0.55603240978]
    ],
    [
      [0.48811731323, 0.19638812895, 0.27872770011, 0.036766857701],
      [0.28908583181, 0.40728425501, 0.020244390051, 0.28338552313],
      [0.035857354532, 0.0053150691916, 0.49183625049, 0.46699132578]
    ],
    [
      [0.49250010315, 0.17737813204, 0.29547496776, 0.034646797047],
      [0.30920313443, 0.38852462378, 0.022939241457, 0.27933300034],
      [0.035723392557, 0.0046404343998, 0.52288878912, 0.43674738392]
    ],
    [
      [0.59671919164, 0.11901066027, 0.24263533162, 0.04163481647],
      [0.3719226515, 0.26530943888, 0.01916683791, 0.34360107171],
      [0.041673771575, 0.0030488248422, 0.42625577725, 0.52902162633]
    ],
    [
      [0.47671518854, 0.17818419632, 0.31437172204, 0.030728893103],
      [0.30642806479, 0.41137212368, 0.025286749286, 0.25691306224],
      [0.034288257035, 0.004668443683, 0.56625239514, 0.39479090414]
    ],
    [
      [0.3490882622, 0.18382601794, 0.43124788454, 0.035837835319],
      [0.23203205667, 0.42977289302, 0.035286246675, 0.30290880363],
      [0.02111282621, 0.0038299680571, 0.61150670424, 0.36355050149]
    ],
    [
      [0.3934118758, 0.2471074525, 0.29781785389, 0.061662817811],
      [0.19297880756, 0.41183676441, 0.017623258183, 0.37756116985],
      [0.02104996148, 0.0048184852995, 0.39187685913, 0.58225469409]
    ],
    [
      [0.29012316645, 0.42046040531, 0.26459683793, 0.024819590309],
      [0.11478465903, 0.71722365204, 0.017063522504, 0.15092816643],
      [0.023654783802, 0.014567361822, 0.56981832738, 0.391959527]
    ],
    [
      [0.51440836472, 0.14704383075, 0.28911644282, 0.049431361723],
      [0.29780575745, 0.30501485511, 0.021266275091, 0.37591311234],
      [0.030730273716, 0.0032517890052, 0.43442812375, 0.53158981352]
    ],
    [
      [0.51607613721, 0.10540003685, 0.33843690094, 0.040086924999],
      [0.36474262128, 0.25929347903, 0.029353737563, 0.34661016213],
      [0.032212933965, 0.0024402849419, 0.52528497867, 0.44006180242]
    ],
    [
      [0.58379008622, 0.15802738311, 0.22713882625, 0.031043704422],
      [0.36866138427, 0.35644372381, 0.01808008079, 0.25681481113],
      [0.049411108861, 0.0048983338185, 0.47369041221, 0.47200014511]
    ],
    [
      [0.56203886328, 0.1856152346, 0.2227743437, 0.029571558415],
      [0.34242226741, 0.40587530712, 0.016779213821, 0.23492321165],
      [0.048549567065, 0.0058918536675, 0.48782750062, 0.45773107865]
    ],
    [
      [0.4843302745, 0.20229232942, 0.29008210443, 0.023295291647],
      [0.31730775765, 0.46135861778, 0.022537463305, 0.19879616127],
      [0.04060335586, 0.0061454724634, 0.60901205898, 0.3442391127]
    ],
    [
      [0.34338158079, 0.24190780712, 0.37615681631, 0.038553795778],
      [0.19582737164, 0.49413559479, 0.026715739539, 0.28332129403],
      [0.020897026552, 0.0052628610023, 0.56336304028, 0.41047707216]
    ],
    [
      [0.57806681431, 0.14459602913, 0.23604018529, 0.041296971275],
      [0.34645660875, 0.31142238528, 0.017952835665, 0.32416817031],
      [0.040402170769, 0.0037088034287, 0.4327400639, 0.5231489619]
    ],
    [
      [0.40323529965, 0.30247062361, 0.26181012873, 0.032483948013],
      [0.20605801254, 0.56104429284, 0.016851365305, 0.21604632931],
      [0.031312811578, 0.0083938725489, 0.5079738063, 0.45231950957]
    ],
    [
      [0.39068748711, 0.32356737629, 0.24637063037, 0.039374506223],
      [0.18653455416, 0.5538045265, 0.014819145619, 0.24484177372],
      [0.028580293403, 0.0084398179598, 0.44957871481, 0.51340117383]
    ],
    [
      [0.39359617385, 0.12724605722, 0.42933247066, 0.049825298276],
      [0.25295114092, 0.29064845853, 0.034744300962, 0.42165609958],
      [0.019596659423, 0.0023251468138, 0.53513922647, 0.4429389673]
    ],
    [
      [0.43914186568, 0.21242199645, 0.30160136419, 0.046834773675],
      [0.23707969537, 0.41246480176, 0.020475720331, 0.32997978253],
      [0.026717749118, 0.004649978882, 0.45786752686, 0.51076474514]
    ]
  ],
  "expected_outcome": [
    [
      [29.1693799241, 35.4912961393, 31.6436886898, 27.9216392093, 28.5561518074, 27.6311709935, 34.3091996237, 30.2878016066, 29.827740486, 26.7774574056, 34.0387477962, 36.3297056954, 25.1263755365, 32.1486059613, 28.1408713364, 25.5568398682, 21.9083158399, 4.7454357666, 5.3504366565, 6.8822290099, 6.0339903044, 8.0648160202, 11.6352304117, 5.5080760734, 5.2704572598, 7.582702647, 6.6340858209, 7.3477414064, 4.9843162419, 9.4941976579, 6.9235920057, 5.9445608494, 11.7148155176, 9.3575019598, 9.5475070663, 8.5808733937, 6.981765244, 5.9011781369, 2.3209853316, 8.2305338355, 8.7732943326, 11.6758017243, 6.1824274961, 8.717944941, 5.8374868735, 9.249069029, 7.2582353937, 5.8603123067, 8.2655196509, 7.9045535822],
      [22.7518153418, 13.9980095021, 10.1491646301, 14.6228609701, 14.7128001461, 19.9091260541, 11.71552835, 12.0825770802, 11.1909062669, 14.9362163807, 17.8480752877, 16.1820613768, 12.7272867227, 17.3223531408, 11.033797864, 11.796775005, 12.6090771102, 3.8444761986, 3.0391349195, 2.4430356625, 3.6588906918, 3.7876869184, 4.8413386581, 2.8012729063, 2.0766319141, 5.0438452948, 4.1764953628, 2.8247826683, 2.8237030378, 3.2333120797, 3.005884121, 1.2133893631, 4.7133150948, 3.3701845088, 1.9041705643, 3.2073155338, 3.6765203589, 3.7066117875, 3.3636832425, 2.3527012919, 1.7918006264, 3.1605476622, 2.0417675806, 3.6412619296, 4.112432721, 2.313536466, 5.4444712249, 4.8535106444, 2.6721672015, 3.8235959362],
      [17.3439912682, 18.532195582, 24.9085374059, 29.0228073615, 20.4365815261, 14.7260539132, 13.1505663265, 13.0273021775, 20.1431162682, 22.8792166172, 15.0662391816, 16.518777824, 19.539217866, 18.4838070547, 27.2225645958, 27.4395263686, 14.6516295173, 3.7849763293, 3.9053315328, 4.1624853168, 2.9495894193, 5.2856580836, 6.7365389079, 5.0096578766, 6.1729226429, 5.6185365904, 6.3445745524, 1.4623991895, 4.7451419275, 6.7098733139, 6.3688567942, 2.2842605604, 6.6894648028, 5.6140243875, 3.8821653059, 5.6586909967, 8.6249576908, 4.4672678084, 2.1167747034, 4.625863085, 5.753427316, 4.542776525, 2.4505177807, 5.2214778797, 6.3946658772, 3.7766429646, 4.7125823172, 3.6955594556, 9.0159818838, 5.4288245555],
      [1.7348134658, 1.9784987766, 2.2986092742, 2.4326924591, 4.2944665204, 2.7336490392, 1.8247056999, 2.6023191356, 2.8382369789, 2.4071095964, 2.0469377345, 3.9694551039, 1.6071198748, 4.0452338432, 3.6027662038, 2.2068587582, 1.8309775327, 0.62511170554, 0.70509689119, 0.51225001074, 0.3575295845, 0.86183897783, 0.78689202225, 0.68099314372, 0.47998818325, 0.75491546782, 0.84484426391, 0.3650767358, 0.44683879277, 0.56261694854, 0.70166707908, 0.55778922713, 0.88240458482, 0.6582891439, 0.66615706352, 0.55312007585, 0.71675670638, 0.92494226716, 0.19855672247, 0.79090178757, 0.68147772498, 0.62087408845, 0.32528714256, 0.41931524964, 0.65541452823, 0.6607515404, 0.58471106424, 0.59061759335, 1.0463312638, 0.84302592616]
    ],
    [
      [4.3578208652, 4.0867439709, 5.6357032773, 3.5648375864, 3.2718557131, 3.945666927, 7.1759095134, 6.1373896022, 5.3086820196, 4.015313196, 4.9169508113, 2.9015760426, 6.1994495218, 3.4519867808, 3.217165983, 4.9071737405, 7.637892929, 11.2122226019, 14.3750660182, 20.6277272838, 17.5809804165, 16.5145740292, 17.9294911659, 13.9355558879, 19.1251525634, 14.062840407, 13.5275212048, 22.8283943391, 16.6266971178, 22.2514341759, 16.4740315941, 23.4620757568, 17.9233215721, 9.8945003018, 4.463071818, 3.9835648423, 3.7125129068, 4.0525549587, 2.0661238626, 4.4670863618, 6.9301098042, 5.529920764, 7.8757121503, 6.6634629106, 2.9374105746, 3.8110226962, 2.266638138, 2.9845528666, 3.0354136911, 2.1337172584],
      [11.5908500819, 5.6559657817, 6.4000229978, 6.7393904784, 5.9075364505, 9.8119811168, 8.6533790447, 8.6067825887, 6.5700832659, 7.8443887602, 8.9978227684, 4.5181858316, 11.0506941863, 6.5129288098, 4.3190412508, 7.8203856187, 15.4180469589, 32.2432318992, 28.622976317, 25.6349758047, 36.3944005333, 27.1533346474, 26.0764154647, 24.9915087844, 24.6204551544, 33.2260578957, 30.5436897487, 33.5468633508, 33.1749528963, 26.6186717724, 24.9772983001, 24.6919375014, 25.2516238105, 12.4327879608, 3.1837132665, 5.3478376079, 6.8763662883, 8.6485720526, 12.9100257367, 4.5752228267, 4.9265761015, 5.3466558572, 9.3351320638, 9.6885309733, 7.4120339218, 3.425646238, 6.1714872212, 8.860872424, 3.4877815024, 3.7121832159],
      [0.28710831913, 0.26738060608, 0.55764420916, 0.47866283472, 0.29145199196, 0.25087660116, 0.34414924749, 0.33512362551, 0.44698358841, 0.42588245949, 0.26251911542, 0.16310555353, 0.59630771103, 0.24627277495, 0.39275480225, 0.6480791267, 0.6343046831, 1.1136435354, 1.2900400845, 1.4825884205, 1.083711264, 1.3254422082, 1.2770109652, 1.5588491002, 2.7117894156, 1.2844823726, 1.5734814439, 0.62216581587, 1.9108419514, 1.9184428797, 1.8509267446, 1.4053890601, 1.2551521832, 0.73405572661, 0.23000205492, 0.32872774072, 0.5645799468, 0.37008842184, 0.30714340506, 0.31899412636, 0.5577210137, 0.27120121185, 0.38592191789, 0.47328672941, 0.40073609309, 0.19748119232, 0.18536501835, 0.2371063299, 0.41693161154, 0.18428148298],
      [2.7642207338, 2.9899096413, 5.4066295158, 4.2171091005, 6.5291558444, 4.991475355, 4.8265621944, 6.9207041836, 6.6742511261, 4.7144155843, 3.8227073049, 4.4171325723, 5.1535485809, 5.7888116344, 5.0710379639, 5.6243615141, 8.309755429, 18.4309019635, 24.7119175803, 20.254708491, 12.9409077862, 23.0066491153, 15.7170824042, 22.5140862274, 21.5426028666, 18.4266193246, 22.3553076026, 16.0025764942, 19.2875080346, 17.211451172, 21.6977433612, 24.4405976817, 17.5699024342, 8.9386560108, 4.1232128605, 3.3398698091, 4.8465408581, 7.9287845669, 2.7167069957, 5.6386966851, 6.5855930805, 3.8522221669, 5.4032338679, 4.1747193867, 4.2498194105, 3.5658498734, 2.3765096225, 3.9174683795, 5.059873195, 2.9698180428]
    ],
    [
      [0.41153814035, 0.72230923669, 0.39772874909, 0.25273343811, 0.35485869191, 0.52994361923, 0.9115247602, 0.74935696459, 0.49821692726, 0.42727345795, 0.57656232432, 0.46957799952, 0.58232963489, 0.28271752963, 0.3784338943, 0.35122028818, 0.53908975547, 0.55927113206, 0.43418175215, 0.61382207338, 0.80588249224, 0.39505155382, 0.55248756057, 0.51343746413, 0.39519445333, 0.38328722684, 0.30425766319, 1.0825253865, 0.40271215531, 0.42896500818, 0.44158634085, 0.63416272428, 0.50200296344, 1.7504462353, 3.0005115534, 2.3658897354, 1.3512208774, 1.3471975347, 1.7504540013, 2.1203888864, 2.0616277737, 3.211722076, 3.2042714263, 2.4768047075, 1.4209978056, 2.9493584661, 2.223209622, 1.9720402448, 1.3129761814, 1.9503956856],
      [0.099893823518, 0.10266595893, 0.045167368497, 0.050548329413, 0.066340731735, 0.13388041695, 0.11576464023, 0.10822666744, 0.063863109415, 0.086339062771, 0.1063948353, 0.074124295246, 0.10617031753, 0.062712010661, 0.048851972348, 0.059323857003, 0.11244505156, 0.16533153672, 0.088952338706, 0.079625679715, 0.17331592835, 0.067447801652, 0.083409351389, 0.095385751686, 0.053939258267, 0.09280037755, 0.070360759486, 0.14592657021, 0.082349040035, 0.052153279927, 0.069352879815, 0.066273117489, 0.074410968682, 0.22738128559, 0.21951538864, 0.32212261412, 0.24511795566, 0.30838305917, 1.0779847749, 0.22437344136, 0.15617823628, 0.31839169821, 0.38886234206, 0.37487382027, 0.35787454816, 0.27074265029, 0.59596495097, 0.58234743923, 0.15578483652, 0.33944845839],
      [5.585074653, 9.1115802739, 7.4726889235, 6.6439960312, 6.0966160118, 6.2667900686, 8.5802382932, 7.8605406145, 8.0917447554, 8.7604126273, 6.2373094989, 4.9857587756, 10.8865324785, 4.4260574604, 8.8647945718, 8.2274407535, 8.5034455267, 10.8183791125, 7.6752608105, 9.1127908573, 9.9156252721, 6.2600162172, 7.8127598417, 11.3923482967, 11.2764200419, 6.9285658388, 6.9733836355, 5.0217842654, 9.2854412509, 7.1664651614, 9.8246474523, 6.4030456018, 6.8857075069, 25.6215506668, 30.6904159619, 39.0714152645, 39.1364290714, 25.080118984, 42.1665562262, 29.9755405391, 33.6182386351, 30.7898767937, 32.1966150407, 37.1497355978, 38.3086867392, 31.5900246646, 36.0661402477, 31.020931322, 35.8543281732, 33.4243294609],
      [3.9034933831, 7.0634445305, 5.084414959, 4.0527222013, 9.4821845646, 9.0693858952, 8.3924723063, 11.2818757535, 8.3461752079, 6.725974852, 6.0797333415, 9.4705389296, 6.4249675691, 7.2285129993, 7.7079195616, 5.3620151013, 7.8450196663, 12.4570182187, 9.8016050986, 8.1937613896, 8.1051763073, 7.2774844273, 6.5513432464, 10.9988284875, 6.2744462465, 6.5953465568, 6.6519979418, 8.7497637779, 6.2294975538, 4.3524165505, 7.6644133271, 8.8965185565, 6.537878561, 21.4006218123, 38.089557096, 27.240572386, 23.2672320955, 37.264300422, 29.0050049977, 36.6796971332, 28.1639553549, 30.6800094321, 30.210251191, 20.9985858744, 27.9124409071, 38.189874219, 32.1146851793, 35.4246809939, 29.676910809, 37.2858263951]
    ]
  ],
  "prob": [
    [0.45116325406, 0.21130324855, 0.29838626958, 0.039147227806],
    [0.26284003647, 0.42421584632, 0.021696894265, 0.29124722295],
    [0.032200650969, 0.0054280464708, 0.49799353559, 0.46437776697]
  ],
  "iterations": 91,
  "time": 7.704155,
  "message": "Converged",
  "status": 0,
  "miniter": 0,
  "maxiter": 1000,
  "maxtime": 3600,
  "param_threshold": 0.001,
  "ll_threshold": "-Inf",
  "initial_prob": "group_proportional",
  "ballotbox_id": ["1", "2", "3", "4", "5", "6", "7", "8", "9", "10", "11", "12", "13", "14", "15", "16", "17", "18", "19", "20", "21", "22", "23", "24", "25", "26", "27", "28", "29", "30", "31", "32", "33", "34", "35", "36", "37", "38", "39", "40", "41", "42", "43", "44", "45", "46", "47", "48", "49", "50"],
  "candidates_id": ["1", "2", "3", "4"],
  "group_id": ["1", "2", "3"]
}
