{
  "Z_true": {},
  "V_true": [
    [19, 1443, 296, 735],
    [1125, 154, 3760, 97],
    [1169, 685, 18500, 1109],
    [50, 7025, 368, 430],
    [203, 526, 1007, 1668]
  ],
  "p_true": [
    [0.0076, 0.5788, 0.1187, 0.2948],
    [0.219, 0.03, 0.7321, 0.0189],
    [0.0545, 0.0319, 0.8619, 0.0517],
    [0.0064, 0.8923, 0.0467, 0.0546],
    [0.0596, 0.1545, 0.2958, 0.49]
  ],
  "Z_est": {},
  "V_est": [
    [0, 1747.4305, 592.8963, 152.6732],
    [1316.1265, 212.5695, 3607.304, 0],
    [263.7449, 0, 19730.7997, 1468.4554],
    [0, 7873, 0, 0],
    [986.1286, 0, 0, 2417.8714]
  ],
  "p_est": [
    [0, 0.7009, 0.2378, 0.0612],
    [0.2563, 0.0414, 0.7024, 0],
    [0.0123, 0, 0.9193, 0.0684],
    [0, 1, 0, 0],
    [0.2897, 0, 0, 0.7103]
  ],
  "EI_Z": {},
  "EI_V": 11.9455,
  "MAE_Z": {},
  "MAE_V": 482.2278,
  "MAE_p": 0.0922,
  "runtime": 0.0602
}
