{
  "Z_true": {},
  "V_true": [
    [1553, 898, 643, 154],
    [552, 5197, 287, 419],
    [456, 168, 22341, 1102],
    [181, 572, 381, 279],
    [119, 216, 1185, 755]
  ],
  "p_true": [
    [0.4781, 0.2765, 0.198, 0.0474],
    [0.0855, 0.8051, 0.0445, 0.0649],
    [0.0189, 0.007, 0.9283, 0.0458],
    [0.1281, 0.4048, 0.2696, 0.1975],
    [0.0523, 0.0949, 0.5209, 0.3319]
  ],
  "Z_est": [
    [
      [5.3857, 1.9864, 0.852, 34.4307, 51.646, 8.4455, 3.8775, 7.2834, 15.229, 9.2698, 19.8639, 48.9975, 19.8639, 54.4272, 63.9701, 74.8205, 58.2673, 35.0928, 111.2376, 50.9839, 130.4393, 110.648, 0.8706, 52.9703, 12.5804, 7.6874, 73.4963, 52.1207, 3.9728, 3.4078, 4.6349, 0.9743, 4.6349, 42.3762, 47.6733, 9.9319, 29.1337, 2.3683, 48.9975, 17.8775, 122.4938, 39.9418, 54.9567, 10.1769, 18.6914, 5.9592, 224.1162, 40.3898, 205.922, 52.3082],
      [0.6601, 0.1352, 0.0451, 2.3435, 3.5152, 0.5408, 0.8582, 0.4957, 1.0365, 0.6309, 1.352, 3.335, 1.352, 5.0479, 14.1351, 5.7372, 3.9659, 2.3885, 7.5713, 3.4702, 8.8782, 13.8184, 0.5843, 3.6054, 0.8563, 0.7661, 5.0024, 0, 0.2704, 0.1803, 0, 0.4401, 0.3155, 2.8843, 3.2448, 0.676, 1.9829, 0.2465, 3.335, 1.2168, 8.3374, 2.9294, 3.7406, 4.0343, 8.8892, 0.4056, 15.3228, 2.7491, 14.0158, 3.5603],
      [0.7208, 0.3089, 0.103, 5.3547, 8.032, 3.0137, 2.424, 1.1327, 2.3684, 1.4416, 3.0892, 21.6675, 3.0892, 11.8198, 10.4004, 11.6361, 9.0618, 5.4576, 17.2997, 7.929, 20.286, 18.1235, 0.2059, 8.238, 1.9565, 5.3193, 11.4302, 13.1742, 0.6178, 0.4119, 0.7208, 0.2059, 0.7208, 6.5904, 7.4142, 1.5446, 4.5309, 4.9705, 7.9722, 2.7803, 47.8649, 9.7899, 8.5469, 3.857, 4.016, 0.9268, 36.0188, 6.2814, 32.0251, 8.135],
      [0.2334, 0.5695, 0, 9.8712, 14.8067, 0, 4.8402, 2.0881, 4.3661, 2.6576, 5.6949, 0, 5.6949, 16.705, 12.4944, 20.8062, 16.705, 10.061, 31.8914, 14.6169, 37.3965, 33.4101, 0.3391, 15.1864, 3.6068, 3.2271, 21.0711, 18.7051, 1.139, 0, 1.6443, 0.3797, 1.3288, 12.1491, 13.6678, 2.8475, 8.3525, 4.4147, 13.6953, 5.1254, 6.3039, 12.339, 15.7559, 2.9318, 7.4034, 1.7085, 64.5422, 11.5796, 59.0371, 14.9966]
    ],
    [
      [0.077, 0.1711, 0.1332, 1.1548, 1.5783, 2.6828, 0, 8.0998, 4.3242, 6.5959, 0, 0.3839, 1.0276, 0.9239, 0, 1.9504, 1.7579, 2.8682, 15.1406, 21.4455, 3.1309, 0, 0.0128, 1.5013, 0.7699, 0, 3.0924, 1.0265, 1.065, 0.3226, 0.0513, 0.0257, 5.6648, 7.4872, 1.142, 2.5712, 0.7442, 0.1155, 1.2062, 0, 2.4637, 0, 1.8991, 0.1668, 0.4619, 0.6838, 0, 1.6553, 7.5963, 1.1933],
      [5.6377, 6.5773, 9.8668, 79.1716, 117.0207, 10.9635, 33.826, 19.521, 330.4657, 241.1365, 285.8205, 126.8474, 436.71, 67.6519, 217.3668, 146.21, 104.4292, 62.8503, 205.8259, 109.1027, 229.2649, 266.5548, 0.9396, 98.8368, 50.347, 57.3162, 226.4461, 73.876, 31.0071, 6.2455, 3.7584, 1.8792, 203.2206, 75.2136, 74.3407, 31.5896, 41.8985, 8.4565, 82.3388, 49.7993, 180.4052, 71.6232, 125.6235, 12.2149, 33.826, 9.7931, 524.3025, 121.2097, 556.2492, 87.3837],
      [0.1516, 0.1768, 0, 2.2735, 3.1071, 0.3537, 1.3713, 0.7326, 0, 0, 0, 7.7687, 0, 1.8188, 5.6332, 3.8396, 29.3379, 1.743, 5.8605, 3.385, 6.1636, 7.0478, 0.0253, 2.9555, 4.9462, 2.0907, 6.0879, 3.3137, 0.8336, 3.4319, 0.101, 0.0505, 0, 2.223, 11.6897, 1.275, 1.4651, 0.2273, 10.455, 2.0189, 9.1312, 17.1972, 3.7386, 0.3284, 0.9094, 0.2779, 21.2555, 3.2586, 14.9544, 2.3493],
      [0.1338, 0.0748, 0, 7.4001, 1.294, 0, 0.8027, 0.6466, 2.2101, 7.2676, 1.1795, 0, 25.2624, 1.6054, 0, 0, 1.475, 1.5385, 5.173, 0.0669, 5.4406, 5.3975, 0.0223, 13.7064, 3.937, 1.593, 5.3737, 1.7838, 0.0943, 0, 0.0892, 0.0446, 7.1146, 3.0763, 1.8276, 2.5642, 13.8921, 0.2007, 0, 1.1818, 0, 6.1796, 16.7388, 0.2899, 0.8027, 0.2453, 12.442, 2.8764, 13.2001, 2.0737]
    ],
    [
      [0.173, 1.7113, 0.041, 5.8332, 5.1956, 0.4109, 0, 4.9899, 6.7442, 0.2048, 0, 0, 1.0444, 0, 0, 0.7316, 13.9246, 4.0915, 21.5647, 4.2177, 15.7265, 0, 0, 4.894, 0.3558, 0, 5.2211, 0, 2.8103, 0.5406, 0.0895, 0, 0.2457, 3.1469, 3.4281, 0.8669, 6.7782, 0, 4.7339, 0, 1.421, 0, 6.5763, 0, 0, 2.2346, 0, 11.4002, 36.4911, 2.6507],
      [0.0495, 0.1223, 0.7577, 0, 13.1069, 0, 0.5145, 0, 7.3392, 4.0886, 9.7557, 1.8206, 21.9331, 2.7656, 11.7658, 12.273, 0, 0, 0, 0, 0.8643, 19.0443, 0.2323, 0, 0, 0.5244, 8.4174, 0, 2.0783, 0, 0, 1.6807, 8.6591, 0, 0, 0, 0, 0, 0, 0.3504, 3.6592, 0, 0, 1.9246, 4.663, 0, 26.4566, 1.5927, 28.0541, 5.3064],
      [9.7775, 10.1664, 5.2013, 356.4357, 391.6976, 18.5891, 102.4609, 72.089, 105.7246, 25.4111, 108.072, 366.1794, 128.5153, 547.4341, 417.2342, 904.9954, 996.0754, 494.405, 1354.2175, 431.7823, 1244.5852, 998.9557, 19.7677, 734.2066, 104.6, 103.7078, 756.005, 577.2567, 33.1114, 24.4594, 26.4161, 6.7435, 26.7405, 447.8603, 531.5719, 124.2537, 271.7239, 99.0149, 718.2661, 389.6542, 1592.9198, 662.36, 809.3329, 87.0754, 303.5812, 66.0517, 3591.9184, 302.3557, 1473.6166, 453.2495],
      [0, 0, 0, 3.7311, 0, 0, 1.0245, 0.9211, 1.192, 0.2955, 1.1723, 0, 1.5072, 8.8003, 0, 0, 0, 2.5036, 44.2178, 0, 14.824, 0, 0, 30.8994, 1.0442, 1.7678, 39.3565, 5.7433, 0, 0, 0.4944, 0.5757, 0.3546, 9.9929, 0, 1.8794, 4.498, 0.9851, 0, 7.9954, 0, 14.64, 13.0907, 0, 4.7558, 0.7137, 9.6251, 4.6514, 24.8383, 0.7933]
    ],
    [
      [0.2331, 0, 0, 2.3309, 3.3799, 0, 0.4662, 0.2331, 3.846, 1.7482, 3.0671, 4.6619, 4.895, 1.3986, 3.7295, 5.1281, 4.6619, 4.7784, 10.2561, 3.4964, 9.7899, 9.2072, 0.1165, 3.4964, 1.9813, 0, 4.1957, 3.846, 0.2331, 0.1165, 0.6993, 0, 1.7482, 2.2144, 1.9813, 1.3986, 1.9813, 0.4662, 4.6619, 2.564, 8.5079, 4.5453, 3.3799, 0, 1.5151, 0.4662, 20.1626, 1.7482, 10.1396, 0.4662],
      [0.4876, 0, 0, 4.8758, 7.0699, 0, 0.9752, 0.4876, 8.0451, 3.6569, 14.9497, 9.7516, 10.2392, 2.9255, 7.8013, 10.7268, 9.7516, 9.9954, 21.4535, 7.3137, 20.4784, 19.2594, 0.2438, 7.3137, 4.1444, 5.7409, 8.7764, 8.0451, 0.4876, 0.2438, 0.5806, 0, 3.6569, 4.632, 4.1444, 2.9255, 4.1444, 0.9752, 9.7516, 5.3634, 17.7967, 9.5078, 7.0699, 0, 3.1693, 0.9752, 42.1757, 3.6569, 21.2098, 0.9752],
      [0.0022, 0, 0, 0.0222, 0.0322, 0, 0.0044, 0.0022, 0.0366, 0.0166, 0.0555, 0.0444, 0.0466, 0.0133, 0.0355, 0.0488, 0.0444, 0.0455, 0.0977, 0.0333, 0.0932, 0.0877, 0.0011, 0.0333, 0.0189, 0.4037, 0.04, 0.0366, 0.0022, 0.0011, 0.3706, 0, 0.0166, 0.0211, 0.0189, 0.0133, 0.0189, 0.0044, 0.0444, 0.0244, 0.081, 0.0433, 0.0322, 0, 0.0144, 0.0044, 0.192, 0.0166, 0.0966, 0.0044],
      [1.2771, 0, 0, 12.7711, 18.518, 0, 2.5542, 1.2771, 21.0722, 9.5783, 31.9276, 25.5421, 26.8192, 7.6626, 20.4337, 28.0963, 25.5421, 26.1807, 56.1927, 19.1566, 53.6384, 50.4457, 0.6386, 19.1566, 10.8554, 10.8554, 22.9879, 21.0722, 1.2771, 0.6386, 4.3495, 0, 9.5783, 12.1325, 10.8554, 7.6626, 10.8554, 2.5542, 25.5421, 14.0482, 46.6144, 24.9036, 18.518, 0, 8.3012, 2.5542, 110.4697, 9.5783, 55.5541, 2.5542]
    ],
    [
      [0.1313, 0.1313, 0.9738, 5.2503, 4.2003, 0.4608, 0.6563, 0.3938, 4.8566, 1.1813, 4.069, 6.9567, 6.1691, 5.2503, 6.3004, 10.3694, 13.3883, 6.1691, 16.801, 4.8566, 13.9134, 16.1448, 0, 8.138, 1.3126, 1.3126, 12.9946, 8.0067, 0.9188, 0.6124, 0.525, 0, 1.7064, 5.7754, 5.7754, 2.2314, 2.3626, 1.0501, 8.4005, 2.5585, 18.1136, 5.5128, 9.1881, 0.6563, 4.3315, 0.6563, 38.7212, 3.8065, 17.8511, 5.3816],
      [0.1652, 0.1652, 0.3305, 6.6091, 5.2873, 0.4957, 0.8261, 0.4957, 6.1135, 1.4871, 5.1221, 12.2454, 7.7658, 6.6091, 7.931, 13.0531, 16.8533, 7.7658, 21.1493, 6.1135, 17.5142, 20.3231, 0, 10.2442, 1.6523, 1.6523, 16.3576, 10.079, 1.1566, 0.3305, 0.6609, 0, 2.148, 7.2701, 7.2701, 2.8089, 2.9741, 1.3218, 10.5746, 7.2701, 22.8016, 6.9396, 11.566, 0.8261, 5.4525, 0.8261, 48.7425, 4.7916, 22.4711, 6.7744],
      [0.3478, 0.3478, 0.6957, 13.9139, 11.1311, 1.0435, 1.7392, 1.0435, 12.8704, 3.1306, 10.7833, 22.34, 16.3489, 13.9139, 16.6967, 27.48, 35.4805, 16.3489, 44.5246, 12.8704, 36.8719, 42.7854, 0, 21.5666, 3.4785, 3.4785, 34.437, 21.2188, 2.4349, 0.6957, 1.3914, 0, 4.522, 15.3053, 15.3053, 5.9134, 6.2613, 2.7828, 22.2623, 18.5222, 48.0031, 14.6096, 24.3494, 1.7392, 11.479, 1.7392, 102.6153, 10.0876, 47.3074, 14.2618],
      [0.3557, 0.3557, 0, 14.2266, 11.3813, 1, 1.7783, 1.067, 13.1596, 3.201, 11.0256, 11.4579, 16.7162, 14.2266, 17.0719, 28.0975, 36.2778, 16.7162, 45.5251, 13.1596, 37.7005, 43.7468, 0, 22.0512, 3.5566, 3.5566, 35.2108, 21.6955, 2.4897, 0.3614, 1.4227, 0, 4.6236, 15.6492, 15.6492, 6.0463, 6.402, 2.8453, 22.7625, 15.6492, 49.0817, 14.9379, 24.8965, 1.7783, 11.7369, 1.7783, 104.9211, 10.3143, 48.3704, 14.5823]
    ]
  ],
  "V_est": [
    [2107.6826, 170.9042, 401.0262, 568.387],
    [116.3647, 5952.9615, 207.3555, 178.3184],
    [180.4897, 199.8004, 23427.8254, 258.8846],
    [159.9393, 347.9503, 2.317, 902.7935],
    [296.5237, 379.3837, 798.476, 800.6166]
  ],
  "p_est": [
    [0.6489, 0.0526, 0.1235, 0.175],
    [0.018, 0.9222, 0.0321, 0.0276],
    [0.0075, 0.0083, 0.9734, 0.0108],
    [0.1132, 0.2462, 0.0016, 0.6389],
    [0.1303, 0.1668, 0.351, 0.3519]
  ],
  "EI_Z": {},
  "EI_V": 10.2888,
  "MAE_Z": {},
  "MAE_V": 385.3974,
  "MAE_p": 0.1073,
  "runtime": 2.0196
}
