{
  "Z_true": {},
  "V_true": [
    [11, 589, 182, 205],
    [318, 65, 826, 21],
    [325, 125, 11949, 436],
    [211, 9848, 1895, 1072],
    [49, 199, 874, 191],
    [89, 335, 733, 729]
  ],
  "p_true": [
    [0.0111, 0.5968, 0.1844, 0.2077],
    [0.2585, 0.0528, 0.6715, 0.0171],
    [0.0253, 0.0097, 0.931, 0.034],
    [0.0162, 0.756, 0.1455, 0.0823],
    [0.0373, 0.1516, 0.6657, 0.1455],
    [0.0472, 0.1776, 0.3887, 0.3865]
  ],
  "Z_est": [
    [
      [0.0298, 0.3402, 0.562, 0.0693, 0.1503, 0.1214, 0.3005, 0.0282, 0.1526, 0.0485, 0.3972, 0.637, 0.8421, 0.2684, 0.4237, 0, 0.4066, 0.109, 0.2234, 0.475, 0.4925, 0.2196, 0.407, 0.4444, 0.4682, 0.3318, 0.1209, 0.0499, 0.2211, 0.0263, 0.9014, 0.0845, 1.7755, 0.1157],
      [1.7231, 17.7566, 26.3397, 3.7147, 9.8017, 7.6645, 22.559, 1.6302, 5.9059, 2.7181, 18.0834, 24.5614, 37.4115, 9.2049, 21.1888, 0.6933, 25.1101, 5.6891, 13.4575, 18.9803, 18.1949, 8.7785, 30.3428, 30.0958, 26.5475, 19.9895, 4.8938, 3.9307, 13.1942, 2.0131, 43.2929, 2.4879, 39.6237, 4.315],
      [1.1478, 15.4501, 26.242, 3.0136, 8.232, 6.6712, 18.2812, 1.2904, 7.5541, 3.9058, 14.6344, 20.5389, 24.9343, 7.5259, 13.922, 1.1849, 13.0915, 3.8364, 9.7516, 18.2374, 15.8681, 9.0948, 20.6826, 24.1488, 21.92, 19.0297, 2.6027, 2.7915, 8.1721, 1.7638, 29.67, 2.1593, 32.4451, 2.3462],
      [0.0993, 1.4532, 1.8563, 0.2024, 0.8159, 0.5429, 1.8593, 0.0512, 0.3874, 0.3276, 1.885, 2.2628, 2.8121, 1.0008, 1.4655, 0.1217, 1.3918, 0.3655, 1.5675, 1.3073, 1.4444, 0.907, 1.5676, 2.311, 2.0642, 1.649, 0.3826, 0.2279, 1.4126, 0.1969, 3.1356, 0.2683, 4.1557, 0.2232]
    ],
    [
      [1.4183, 8.3985, 12.7431, 2.6638, 5.5746, 1.6825, 7.519, 0.6434, 1.2918, 1.6539, 9.1944, 11.3366, 17.6892, 6.1097, 8.5619, 0, 9.1909, 1.2519, 7.6992, 18.676, 23.1864, 10.5013, 15.5606, 9.0763, 14.3701, 10.8089, 4.7819, 1.591, 5.3729, 1.423, 18.2787, 4.309, 43.7922, 10.6596],
      [1.377, 7.646, 10.4509, 2.4454, 6.257, 1.8247, 9.6054, 0.6227, 0.8687, 1.5628, 7.3123, 7.6251, 13.7185, 3.6205, 7.4719, 0.2191, 9.9249, 1.1229, 8.0479, 13.08, 14.9147, 7.3169, 20.1595, 10.5962, 14.1974, 11.2582, 3.2307, 2.1368, 5.588, 1.8769, 15.3682, 2.165, 16.7592, 6.7091],
      [3.1777, 22.747, 35.5695, 6.849, 17.993, 5.4497, 26.6107, 1.7301, 3.8219, 7.7189, 20.2441, 21.8048, 31.2488, 10.1409, 16.7938, 0.773, 17.7003, 2.601, 19.9658, 42.9712, 44.5016, 25.9284, 46.9484, 29.0562, 40.0645, 36.6227, 5.9022, 5.2306, 11.8496, 5.6388, 35.9829, 6.4484, 46.862, 12.5071],
      [0.0271, 0.2085, 0.2366, 0.0417, 0.1753, 0.0431, 0.2649, 0.0038, 0.0176, 0.0644, 0.2491, 0.2335, 0.3435, 0.1289, 0.1724, 0.0078, 0.1839, 0.0241, 0.2872, 0.2728, 0.3973, 0.2535, 0.3315, 0.2714, 0.3681, 0.3102, 0.0852, 0.0416, 0.1896, 0.0613, 0.3702, 0.0776, 0.5866, 0.1242]
    ],
    [
      [3.1677, 17.1136, 17.5313, 2.9931, 6.0804, 4.7496, 11.3031, 1.4043, 4.1086, 2.2396, 16.2277, 23.3649, 27.3053, 11.9925, 17.8049, 0, 11.8086, 5.7825, 4.6071, 11.1673, 13.4665, 10.7372, 19.0835, 15.5268, 16.7281, 10.256, 3.6572, 2.6498, 4.7088, 3.9497, 30.3933, 10.0131, 71.9889, 5.4654],
      [4.3497, 23.985, 22.5049, 3.9775, 11.073, 8.1334, 25.839, 1.7601, 4.339, 4.6445, 19.5041, 23.8778, 32.5885, 10.9726, 23.5783, 0.3699, 19.8072, 7.6911, 7.532, 11.9201, 13.2158, 11.3452, 39.546, 29.7133, 25.6614, 17.5115, 4.0207, 5.5511, 7.6301, 10.1808, 38.9832, 7.9514, 50.2537, 5.7815],
      [74.5951, 516.7534, 539.9466, 81.7405, 230.6484, 175.6945, 514.564, 35.463, 126.6483, 162.2063, 390.7052, 496.4584, 535.0481, 222.3295, 383.6192, 33.6294, 249.2633, 130.5408, 133.2067, 280.0601, 286.8127, 289.5256, 661.5839, 588.1833, 524.4613, 405.4353, 51.8888, 99.7214, 114.1341, 219.4752, 659.8324, 172.0728, 983.5243, 75.8686],
      [8.8874, 66.148, 51.0172, 7.2889, 31.1982, 19.4225, 71.294, 1.3727, 7.9041, 18.9095, 67.5631, 74.2988, 82.0581, 39.7054, 54.9976, 5.0007, 36.121, 16.9856, 28.6543, 26.8525, 35.505, 39.392, 66.7866, 76.5766, 67.1493, 47.7972, 10.4333, 11.0778, 26.527, 33.3943, 94.7911, 28.9628, 170.2331, 9.8844]
    ],
    [
      [0.5897, 3.6131, 5.8585, 0.7477, 1.3525, 0.9032, 1.5185, 0.3472, 0.949, 0.3312, 3.27, 4.8016, 6.7795, 2.7191, 4.0398, 0, 3.8943, 1.4619, 1.7279, 3.4903, 3.7132, 3.4294, 4.0595, 3.1222, 4.4289, 3.0891, 1.5266, 0.4845, 2.1968, 0.4501, 9.911, 2.0314, 11.4325, 1.1029],
      [48.3218, 344.702, 485.3715, 58.8086, 200.3794, 108.6093, 349.4915, 24.5442, 57.5562, 53.7569, 256.1903, 328.4349, 543.8519, 166.6862, 347.7395, 7.4725, 394.2545, 118.8935, 184.6995, 234.6086, 245.5797, 233.3008, 661.8413, 500.3754, 481.0888, 442.0161, 112.3665, 73.35, 207.2351, 119.2951, 837.3022, 112.8237, 754.2024, 110.4152],
      [14.7902, 139.8347, 225.6458, 22.146, 78.5342, 44.0124, 132.7127, 9.1086, 34.2402, 35.8855, 96.931, 128.0786, 168.7552, 63.7401, 106.2148, 5.8989, 93.7722, 37.1188, 63.1809, 105.1826, 99.8338, 112.2362, 212.4096, 187.8696, 185.4271, 196.1947, 27.051, 24.2299, 60.0916, 48.9077, 267.1739, 45.6981, 293.3148, 27.7243],
      [1.2983, 12.8503, 14.1242, 1.2977, 7.7339, 3.4751, 13.2774, 0, 1.2546, 3.0265, 11.6087, 13.6848, 18.6134, 7.8547, 11.0059, 0.6286, 10.0789, 3.5258, 8.3917, 6.7185, 8.8734, 11.0337, 13.6896, 17.6328, 17.0551, 16.7001, 4.0558, 1.9357, 8.4766, 5.3471, 27.613, 5.4468, 36.0503, 2.7577]
    ],
    [
      [0.0021, 0, 0.0021, 0.0004, 0, 0, 0, 0.0006, 0.0003, 0, 0.0018, 0.0013, 0.0004, 0.0003, 0.0019, 0, 0.0035, 0.004, 0.0003, 0.0053, 0.0006, 0.0025, 0, 0, 0, 0, 0.0001, 0, 0.0015, 0, 0.0029, 0, 0, 0],
      [3.2505, 22.457, 26.8553, 1.4417, 8.4769, 9.6606, 23.4962, 0.7284, 1.0549, 1.4486, 13.0206, 17.7177, 29.3652, 6.1047, 17.2723, 0.6144, 21.533, 8.8979, 6.9701, 15.8576, 14.1414, 11.666, 42.3043, 26.2075, 28.5972, 14.322, 3.6953, 1.9587, 8.0723, 13.716, 42.9349, 7.9407, 27.637, 3.6561],
      [4.7284, 42.3624, 57.9763, 2.5506, 15.453, 18.2724, 41.3106, 1.27, 2.9387, 4.5339, 22.8499, 32.1221, 42.4184, 10.832, 24.6085, 2.3726, 24.3454, 13.0409, 10.9568, 33.0422, 26.7478, 26.2126, 62.5073, 45.5939, 51.1844, 29.562, 4.2762, 3.0301, 10.8489, 26.1485, 63.7579, 14.9767, 49.079, 4.3249],
      [0.019, 0.1806, 0.1663, 0.0074, 0.0701, 0.0669, 0.1932, 0.0009, 0.0061, 0.0175, 0.1278, 0.159, 0.216, 0.063, 0.1173, 0.013, 0.118, 0.0572, 0.0729, 0.0948, 0.1101, 0.119, 0.1883, 0.1986, 0.2184, 0.116, 0.0284, 0.0111, 0.0773, 0.1356, 0.3042, 0.0827, 0.284, 0.019]
    ],
    [
      [0.7924, 6.5346, 6.3029, 0.5257, 2.8421, 1.5433, 4.359, 0.5764, 1.4977, 0.7268, 5.9089, 6.8586, 11.3835, 5.9101, 6.1679, 0, 4.696, 2.3907, 1.7423, 5.186, 6.1408, 4.11, 7.8893, 6.8304, 8.0047, 4.5143, 0.9132, 1.2249, 2.499, 1.1509, 11.5127, 2.562, 30.0109, 2.6565],
      [0.978, 7.4535, 6.4778, 0.612, 4.0119, 2.1074, 7.0089, 0.7144, 1.2753, 0.8691, 5.8893, 5.783, 11.0645, 4.4111, 6.7491, 0.6307, 6.3703, 2.7054, 2.293, 4.5533, 4.9535, 3.5926, 12.8061, 10.0117, 9.9077, 5.9028, 0.793, 2.0728, 3.2803, 1.9181, 12.1186, 1.6314, 14.5241, 2.1232],
      [3.5608, 34.8524, 34.6199, 2.7003, 18.1394, 9.8997, 30.5209, 3.1378, 8.7967, 6.7496, 25.6354, 25.9972, 39.5952, 19.4317, 23.8417, 4.1412, 17.8273, 9.862, 8.9382, 23.5064, 23.2359, 20.0025, 46.8682, 43.1482, 43.9426, 30.1555, 2.2791, 7.9965, 10.9037, 9.0661, 44.5829, 7.6448, 63.7747, 6.2289],
      [3.6688, 38.1594, 28.5994, 2.162, 21.0065, 9.4495, 36.1112, 1.5714, 5.4303, 6.6545, 38.5663, 33.3611, 51.9568, 30.2472, 29.2412, 5.2281, 22.1064, 11.0419, 17.0264, 19.7542, 24.6698, 23.2949, 41.4364, 48.0097, 48.1449, 30.4275, 4.0147, 7.7059, 22.3169, 11.8649, 54.7859, 11.1618, 94.6903, 6.9915]
    ]
  ],
  "V_est": [
    [11.2438, 521.8944, 412.1403, 41.7215],
    [307.0106, 247.0803, 669.4546, 6.4545],
    [419.3765, 535.793, 10445.6404, 1434.19],
    [99.3727, 9205.5652, 3393.9456, 327.1165],
    [0.0319, 483.0728, 826.2355, 3.6598],
    [165.9645, 167.5942, 711.5835, 840.8578]
  ],
  "p_est": [
    [0.0114, 0.5288, 0.4176, 0.0423],
    [0.2496, 0.2009, 0.5443, 0.0052],
    [0.0327, 0.0417, 0.8138, 0.1117],
    [0.0076, 0.7067, 0.2606, 0.0251],
    [0, 0.3679, 0.6293, 0.0028],
    [0.088, 0.0889, 0.3773, 0.4458]
  ],
  "EI_Z": {},
  "EI_V": 12.4298,
  "MAE_Z": {},
  "MAE_V": 323.9721,
  "MAE_p": 0.0775,
  "runtime": 0.021
}
