{
  "Z_true": {},
  "V_true": [
    [28, 1892, 832, 162, 16],
    [423, 3244, 5580, 407, 107],
    [452, 903, 183, 19839, 320],
    [1421, 264, 257, 741, 58],
    [79, 455, 244, 555, 214]
  ],
  "p_true": [
    [0.0096, 0.6457, 0.284, 0.0553, 0.0055],
    [0.0433, 0.3323, 0.5717, 0.0417, 0.011],
    [0.0208, 0.0416, 0.0084, 0.9144, 0.0147],
    [0.5184, 0.0963, 0.0938, 0.2703, 0.0212],
    [0.0511, 0.2941, 0.1577, 0.3588, 0.1383]
  ],
  "Z_est": {},
  "V_est": [
    [0, 2431.9225, 498.0775, 0, 0],
    [0, 3725.0945, 6027.1573, 0, 8.7481],
    [0, 0, 0, 21633.6808, 63.3192],
    [1993.3559, 95.5076, 570.7652, 69.1899, 12.1814],
    [409.6441, 505.4753, 0, 1.1293, 630.7513]
  ],
  "p_est": [
    [0, 0.83, 0.17, 0, 0],
    [0, 0.3816, 0.6175, 0, 0.0009],
    [0, 0, 0, 0.9971, 0.0029],
    [0.7272, 0.0348, 0.2082, 0.0252, 0.0044],
    [0.2648, 0.3267, 0, 0.0007, 0.4077]
  ],
  "EI_Z": {},
  "EI_V": 12.7905,
  "MAE_Z": {},
  "MAE_V": 395.7478,
  "MAE_p": 0.0961,
  "runtime": 0.0514
}
