{
  "X": [
    [52, 24, 24],
    [52, 23, 25],
    [45, 28, 27],
    [46, 21, 33],
    [57, 17, 26],
    [59, 20, 21],
    [54, 21, 25],
    [58, 17, 25],
    [56, 20, 24],
    [68, 22, 10],
    [63, 18, 19],
    [56, 15, 29],
    [43, 27, 30],
    [29, 51, 20],
    [28, 49, 23],
    [34, 39, 27],
    [34, 44, 22],
    [39, 41, 20],
    [36, 44, 20],
    [39, 41, 20],
    [30, 50, 20],
    [43, 35, 22],
    [33, 42, 25],
    [37, 43, 20],
    [38, 42, 20],
    [37, 26, 37],
    [41, 27, 32],
    [40, 21, 39],
    [36, 23, 41],
    [42, 13, 45],
    [34, 27, 39],
    [42, 19, 39],
    [31, 32, 37],
    [45, 29, 26],
    [40, 23, 37],
    [33, 28, 39],
    [34, 25, 41],
    [30, 33, 37],
    [14, 68, 18],
    [15, 67, 18],
    [22, 60, 18],
    [18, 61, 21],
    [16, 67, 17],
    [12, 69, 19],
    [22, 59, 19],
    [19, 64, 17],
    [28, 60, 12],
    [25, 63, 12],
    [17, 64, 19],
    [20, 66, 14]
  ],
  "W": [
    [59, 14, 13, 14],
    [58, 14, 15, 13],
    [59, 17, 10, 14],
    [61, 10, 15, 14],
    [60, 15, 13, 12],
    [64, 15, 10, 11],
    [54, 21, 17, 8],
    [74, 7, 13, 6],
    [65, 12, 14, 9],
    [55, 17, 15, 13],
    [68, 11, 7, 14],
    [67, 12, 11, 10],
    [42, 40, 11, 7],
    [10, 62, 14, 14],
    [10, 59, 11, 20],
    [15, 55, 19, 11],
    [12, 62, 13, 13],
    [13, 64, 10, 13],
    [13, 66, 10, 11],
    [9, 61, 13, 17],
    [8, 59, 15, 18],
    [18, 55, 15, 12],
    [20, 62, 11, 7],
    [17, 64, 11, 8],
    [17, 62, 12, 9],
    [15, 10, 60, 15],
    [20, 12, 52, 16],
    [13, 8, 69, 10],
    [14, 8, 65, 13],
    [9, 12, 67, 12],
    [12, 14, 62, 12],
    [10, 20, 62, 8],
    [8, 16, 60, 16],
    [11, 22, 56, 11],
    [16, 13, 62, 9],
    [8, 16, 62, 14],
    [13, 11, 66, 10],
    [10, 15, 48, 27],
    [9, 6, 13, 72],
    [7, 15, 13, 65],
    [14, 15, 12, 59],
    [11, 15, 11, 63],
    [11, 12, 8, 69],
    [7, 11, 12, 70],
    [15, 10, 10, 65],
    [11, 9, 14, 66],
    [18, 8, 12, 62],
    [10, 10, 19, 61],
    [11, 12, 11, 66],
    [19, 14, 6, 61]
  ],
  "method": "mcmc",
  "mcmc_stepsize": 3000,
  "mcmc_samples": 100,
  "burn_in": 10000,
  "cond_prob": [
    [
      [0.7112655825, 0.073042000445, 0.21569241706],
      [0.44937248904, 0.37282334435, 0.1778041666],
      [0.23089609665, 0.21333619728, 0.55576770607],
      [0.053033323549, 0.83554461344, 0.11142206301]
    ],
    [
      [0.72228332625, 0.070906381464, 0.20681029229],
      [0.44787377104, 0.40099944364, 0.15112678532],
      [0.19756021634, 0.21084091065, 0.591598873],
      [0.067225464461, 0.77775569264, 0.1550188429]
    ],
    [
      [0.59547389163, 0.12109183325, 0.28343427512],
      [0.41042001091, 0.41712796761, 0.17245202149],
      [0.20707231899, 0.27718686385, 0.51574081716],
      [0.058512644194, 0.78518126788, 0.15630608793]
    ],
    [
      [0.67029171398, 0.052213773296, 0.27749451273],
      [0.23541102003, 0.40939502867, 0.3551939513],
      [0.14230055729, 0.24496570034, 0.61273374237],
      [0.044541920564, 0.71760885979, 0.23784921965]
    ],
    [
      [0.75985324686, 0.064134055676, 0.17601269747],
      [0.56624214473, 0.21270581405, 0.22105204122],
      [0.20606174421, 0.12926956249, 0.66466869329],
      [0.019697528565, 0.69007209469, 0.29023037674]
    ],
    [
      [0.76602344613, 0.092288396418, 0.14168815745],
      [0.52524150701, 0.3344429705, 0.14031552249],
      [0.20107287616, 0.11055866268, 0.68836846116],
      [0.007740734628, 0.72466467682, 0.26759458855]
    ],
    [
      [0.74064587939, 0.084283959628, 0.17507016098],
      [0.44262985893, 0.35548853061, 0.20188161046],
      [0.24086177154, 0.14631013916, 0.61282808929],
      [0.07690566989, 0.81201683395, 0.11107749616]
    ],
    [
      [0.70054142521, 0.11483374484, 0.18462482995],
      [0.40303501075, 0.22854988123, 0.36841510803],
      [0.24919356963, 0.19867797454, 0.55212845583],
      [0.016528842346, 0.71994000738, 0.26353115027]
    ],
    [
      [0.73711153728, 0.078230630318, 0.1846578324],
      [0.38138277984, 0.40684889297, 0.21176832718],
      [0.21281020046, 0.18422506966, 0.60296472988],
      [0.05909043471, 0.82818570426, 0.11272386103]
    ],
    [
      [0.91907665173, 0.041699851763, 0.039223496508],
      [0.600278167, 0.3317075542, 0.068014278801],
      [0.41151409281, 0.2581889197, 0.33029698749],
      [0.082564917211, 0.78420353355, 0.13323154924]
    ],
    [
      [0.78078184229, 0.085562989199, 0.13365516851],
      [0.6257608129, 0.19376388598, 0.18047530112],
      [0.32556656515, 0.13353028106, 0.54090315378],
      [0.053178559009, 0.65111443009, 0.2957070109]
    ],
    [
      [0.68836390441, 0.072917693858, 0.23871840174],
      [0.64776936234, 0.1769389855, 0.17529165216],
      [0.18745077087, 0.093235527747, 0.71931370138],
      [0.0044427577065, 0.69656558803, 0.29899165427]
    ],
    [
      [0.6226351471, 0.13420962413, 0.24315522877],
      [0.36048199089, 0.39236355144, 0.24715445768],
      [0.22085068416, 0.10177030193, 0.67737901391],
      [9.8094341414e-05, 0.64988291543, 0.35001899023]
    ],
    [
      [0.64511474159, 0.27050349289, 0.084381765518],
      [0.33176329036, 0.5196297385, 0.14860697114],
      [0.14106201864, 0.24580461032, 0.61313337104],
      [0.00033288004712, 0.90261833856, 0.097048781389]
    ],
    [
      [0.47067898656, 0.26923809191, 0.26008292153],
      [0.36354500323, 0.43374566205, 0.20270933472],
      [0.14221305073, 0.36039534765, 0.49739160163],
      [0.013985569286, 0.83761380979, 0.14840062092]
    ],
    [
      [0.46834155768, 0.22603631663, 0.30562212569],
      [0.39523608086, 0.38729520502, 0.21746871412],
      [0.27513857954, 0.17843100592, 0.54643041454],
      [0.00084174330643, 0.99254816925, 0.0066100874466]
    ],
    [
      [0.56379874693, 0.18723999593, 0.24896125714],
      [0.39127827274, 0.47739185786, 0.13132986939],
      [0.22625011559, 0.028101542066, 0.74564834234],
      [0.0026085095403, 0.90688498572, 0.090506504742]
    ],
    [
      [0.53898779499, 0.17574011338, 0.28527209163],
      [0.46602549261, 0.41909667615, 0.11487783125],
      [0.19371600775, 0.10583230352, 0.70045168873],
      [0.017720543144, 0.83345140134, 0.14882805552]
    ],
    [
      [0.49751506984, 0.21876237956, 0.2837225506],
      [0.40924372122, 0.42199765379, 0.16875862499],
      [0.23858046065, 0.28015593913, 0.48126360022],
      [0.012401262276, 0.95478950221, 0.032809235513]
    ],
    [
      [0.77248315974, 0.11483686446, 0.11267997579],
      [0.4924570447, 0.35977724929, 0.14776570601],
      [0.15414299885, 0.23223948203, 0.61361751912],
      [0.00023016769433, 0.88240839686, 0.11736143544]
    ],
    [
      [0.7537628677, 0.099181599599, 0.1470555327],
      [0.3722481584, 0.47141438231, 0.15633745928],
      [0.13342343846, 0.34729599199, 0.51928056955],
      [0.00032800753767, 0.89909215371, 0.10057983875]
    ],
    [
      [0.55429660404, 0.22305066554, 0.22265273042],
      [0.55355471922, 0.28079740445, 0.16564787634],
      [0.16359892704, 0.29032289407, 0.54607817888],
      [0.010263972054, 0.93219894706, 0.057537080887]
    ],
    [
      [0.48937494578, 0.21567767137, 0.29494738285],
      [0.34124932948, 0.46094694913, 0.19780372139],
      [0.18346242395, 0.3000431246, 0.51649445145],
      [0.0052794276195, 0.82960876515, 0.16511180723]
    ],
    [
      [0.58827630313, 0.23023034872, 0.18149334814],
      [0.38776375035, 0.41813596726, 0.19410028239],
      [0.19262262623, 0.43192821415, 0.37544915962],
      [0.0079467419927, 0.9467714764, 0.045281781603]
    ],
    [
      [0.53195322953, 0.28612954281, 0.18191722766],
      [0.43308416256, 0.3791039774, 0.18781186004],
      [0.17227460421, 0.40847692401, 0.41924847178],
      [0.0042535298541, 0.96995867615, 0.025787793999]
    ],
    [
      [0.85278210201, 0.13447340086, 0.012744497135],
      [0.59325302599, 0.1084909027, 0.2982560713],
      [0.28699020531, 0.18354635949, 0.52946343521],
      [0.070421726099, 0.79234722606, 0.13723104784]
    ],
    [
      [0.89729265063, 0.10261810928, 8.9240088097e-05],
      [0.66666754811, 0.087686198507, 0.24564625338],
      [0.26826922563, 0.21357726573, 0.51815350864],
      [0.069008542327, 0.79933660091, 0.13165485676]
    ],
    [
      [0.83680658488, 0.15193507835, 0.011258336771],
      [0.54132207627, 0.13425832594, 0.32441959778],
      [0.35782002923, 0.15564758386, 0.48653238692],
      [0.010135576978, 0.72110940879, 0.26875501424]
    ],
    [
      [0.74327072783, 0.096603961448, 0.16012531073],
      [0.46635099667, 0.17679856645, 0.35685043688],
      [0.33064222951, 0.15418583367, 0.51517193682],
      [0.02858899377, 0.78546744766, 0.18594355857]
    ],
    [
      [0.65353332556, 0.16304268833, 0.18342398611],
      [0.66203949842, 0.050911511477, 0.2870489901],
      [0.40574404594, 0.056895361164, 0.5373605929],
      [0.082406250925, 0.59247403911, 0.32511970997]
    ],
    [
      [0.78682124832, 0.19410257782, 0.019076173863],
      [0.70210753318, 0.14006755961, 0.15782490721],
      [0.2142476626, 0.23062647041, 0.55512586699],
      [0.1204403729, 0.70091517216, 0.17864445494]
    ],
    [
      [0.75594102274, 0.20598184977, 0.038077127488],
      [0.77311762536, 0.095711850985, 0.13117052366],
      [0.2998583769, 0.15116612529, 0.54897549781],
      [0.048377237181, 0.70670558935, 0.24491717347]
    ],
    [
      [0.7295119585, 0.25906725955, 0.01142078195],
      [0.71789025233, 0.10138747807, 0.1807222696],
      [0.20773994625, 0.26302826967, 0.52923178408],
      [0.075828969993, 0.7827228809, 0.14144814911]
    ],
    [
      [0.73848228726, 0.26114473249, 0.00037298025336],
      [0.71986879079, 0.23539825507, 0.044732954142],
      [0.35442077084, 0.22888634254, 0.41669288661],
      [0.10836529779, 0.73918283169, 0.15245187052]
    ],
    [
      [0.83976440973, 0.1334387424, 0.026796847865],
      [0.64905318391, 0.12219649672, 0.22875031937],
      [0.29127972592, 0.21058579571, 0.49813447837],
      [0.0074150051416, 0.69112292557, 0.30146206929]
    ],
    [
      [0.73236135016, 0.25703005845, 0.010608591382],
      [0.70947068568, 0.094039330815, 0.1964899835],
      [0.2359160277, 0.2209565527, 0.5431274196],
      [0.083056036446, 0.7671302837, 0.14981367986]
    ],
    [
      [0.78584646015, 0.1427746058, 0.071378934056],
      [0.59257949588, 0.17355807497, 0.23386242916],
      [0.25458356632, 0.21096642713, 0.53445000655],
      [0.04631061862, 0.73110071096, 0.22258867042]
    ],
    [
      [0.60867717532, 0.11733699848, 0.2739858262],
      [0.72224384586, 0.19265429162, 0.085101862526],
      [0.24689220855, 0.21902582856, 0.53408196289],
      [0.045509057356, 0.68235466185, 0.27213628079]
    ],
    [
      [0.6569875321, 0.24041534802, 0.10259711989],
      [0.51349437623, 0.30985092184, 0.17665470192],
      [0.19488023238, 0.37626281184, 0.42885695578],
      [0.034343096288, 0.82063527476, 0.14502162895]
    ],
    [
      [0.53366890748, 0.23658034248, 0.22975075004],
      [0.45218699967, 0.44770204304, 0.10011095729],
      [0.20994442139, 0.33465155659, 0.45540402202],
      [0.026957464223, 0.83504518033, 0.13799735545]
    ],
    [
      [0.68321021636, 0.1662822302, 0.15050755344],
      [0.46671881245, 0.40630483874, 0.12697634881],
      [0.21537422906, 0.40119334462, 0.38343242632],
      [0.048301424332, 0.79259586543, 0.15910271023]
    ],
    [
      [0.67662206774, 0.20069520163, 0.12268273063],
      [0.45537676948, 0.41506351407, 0.12955971645],
      [0.20536541287, 0.39798257526, 0.39665201187],
      [0.023293431288, 0.76489828164, 0.21180828708]
    ],
    [
      [0.70361793276, 0.18919938591, 0.10718268133],
      [0.34823518906, 0.5596098815, 0.092154929435],
      [0.25372321407, 0.25470555609, 0.49157122984],
      [0.029733257367, 0.81399773519, 0.15626900744]
    ],
    [
      [0.59259908248, 0.16899242888, 0.23840848864],
      [0.4459507701, 0.42515232149, 0.12889690841],
      [0.12326537981, 0.43536213503, 0.44137248516],
      [0.020959477055, 0.82737188344, 0.1516686395]
    ],
    [
      [0.72158490601, 0.16020454858, 0.11821054542],
      [0.53889724201, 0.34011951621, 0.12098324178],
      [0.21543754352, 0.21173803963, 0.57282441685],
      [0.055890439301, 0.78582086481, 0.15828869588]
    ],
    [
      [0.72530326317, 0.15517310634, 0.11952363049],
      [0.47674624521, 0.3483452617, 0.17490849309],
      [0.22067828946, 0.38154292871, 0.39777878182],
      [0.055173512816, 0.8153998102, 0.12942667699]
    ],
    [
      [0.78471900479, 0.13902579638, 0.07625519884],
      [0.59304206175, 0.34705738094, 0.059900557314],
      [0.41006581015, 0.25684442432, 0.33308976553],
      [0.067902124163, 0.8328861859, 0.099211689936]
    ],
    [
      [0.76216399015, 0.15678649176, 0.081049518095],
      [0.65768575054, 0.20072069976, 0.1415935497],
      [0.38926989837, 0.36897325294, 0.2417568487],
      [0.055825811871, 0.85925305376, 0.084921134374]
    ],
    [
      [0.67864730618, 0.20533221607, 0.11602047776],
      [0.4027649539, 0.48933670394, 0.10789834217],
      [0.25989620674, 0.30622421682, 0.43387957644],
      [0.027921847138, 0.79546725441, 0.17661089845]
    ],
    [
      [0.67094483658, 0.19164399667, 0.13741116674],
      [0.2498389443, 0.59744801659, 0.15271303911],
      [0.29590002278, 0.22310799626, 0.48099198096],
      [0.032441028656, 0.86321055497, 0.10434841637]
    ]
  ],
  "expected_outcome": [
    [
      [41.9646693673, 41.8924329224, 35.132959606, 40.8877945526, 45.5911948115, 49.0255005523, 39.9948774871, 51.8400654655, 47.9122499231, 50.5492158451, 53.0931652759, 46.1203815952, 26.1506761784, 6.4511474159, 4.7067898656, 7.0251233652, 6.7655849632, 7.0068413349, 6.4676959079, 6.9523484377, 6.0301029416, 9.9773388727, 9.7874989155, 10.0006971532, 9.0432049021, 12.7917315301, 17.9458530127, 10.8784856035, 10.4057901896, 5.88179993, 9.4418549798, 7.5594102274, 5.836095668, 8.1233051598, 13.4362305557, 5.8588908013, 10.2160039819, 6.0867717532, 5.9128877889, 3.7356823524, 9.564943029, 7.4428427451, 7.7397972603, 4.1481935774, 10.8237735901, 7.9783358948, 14.1249420861, 7.6216399015, 7.4651203679, 12.7479518951],
      [4.3094780263, 4.1125701249, 7.1444181618, 3.1850401711, 3.8480433405, 5.9064573707, 4.5513338199, 8.4976971181, 5.0849909707, 2.293491847, 5.8182832655, 4.8854854885, 5.6368042133, 2.7050349289, 2.6923809191, 3.3905447495, 2.2468799512, 2.284621474, 2.8439109343, 1.0335317802, 0.79345279679, 4.0149119797, 4.3135534275, 3.9139159283, 4.8642022277, 2.0171010129, 2.0523621856, 1.9751560185, 1.3524554603, 1.467384195, 2.3292309338, 2.0598184977, 2.0725380764, 2.8725920574, 2.1350198785, 2.0562404676, 1.8560698754, 1.1733699848, 2.1637381321, 1.6560623973, 2.3279512229, 2.207647218, 2.081193245, 1.1829470022, 2.4030682287, 1.7069041698, 2.5024643348, 1.5678649176, 2.2586543767, 3.6412359368],
      [12.7258526065, 11.9949969527, 16.7226222322, 16.9271652764, 10.560761848, 9.068042077, 9.453788693, 13.6622374164, 12.0027591062, 2.1572923079, 9.0885514586, 15.9941329163, 10.2125196083, 0.84381765518, 2.6008292153, 4.5843318854, 2.9875350856, 3.7085371911, 3.6883931578, 1.0141197821, 1.1764442616, 4.0077491476, 5.898947657, 3.0853869185, 3.0925928702, 0.19116745703, 0.0017848017619, 0.14635837802, 2.2417543502, 1.650815875, 0.22891408636, 0.38077127488, 0.091366255601, 0.004102782787, 0.42874956585, 0.084868731057, 0.92792614273, 2.739858262, 0.92337407897, 1.6082552503, 2.1071057482, 1.3495100369, 1.1790094946, 1.6688594205, 1.7731581813, 1.3147599354, 1.3725935791, 0.81049518095, 1.2762252553, 2.6108121681]
    ],
    [
      [6.2912148466, 6.2702327945, 6.9771401854, 2.3541102003, 8.493632171, 7.8786226052, 9.2952270375, 2.8212450752, 4.5765933581, 10.204728839, 6.8833689419, 7.7732323481, 14.4192796354, 20.5693240025, 21.4491551907, 21.7379844472, 24.2592529101, 29.8256315267, 27.0100856006, 30.0398797265, 21.9626413459, 30.445509557, 21.1574584277, 24.8168800223, 26.8512180787, 5.9325302599, 8.0000105774, 4.3305766102, 3.7308079734, 7.9444739811, 9.8295054645, 15.4623525072, 11.4862440374, 15.8371133974, 8.4376913908, 11.3515309709, 6.5183744546, 10.8336576878, 3.0809662574, 6.782804995, 7.0007821867, 6.8306515422, 4.1788222687, 4.9054584711, 5.3889724201, 4.2907162068, 4.744336494, 6.5768575054, 4.8331794468, 3.4977452202],
      [5.2195268209, 5.613992211, 7.0911754493, 4.0939502867, 3.1905872107, 5.0166445575, 7.4652591428, 1.5998491686, 4.8821867157, 5.6390284214, 2.1314027457, 2.123267826, 15.6945420575, 32.2170437867, 25.590994061, 21.3012362763, 29.5982951876, 26.8221872734, 27.85184515, 21.9464122068, 27.8134485565, 15.4438572445, 28.5787108458, 26.7607019048, 23.5044465988, 1.084909027, 1.0522343821, 1.0740666076, 1.4143885316, 0.61093813773, 1.9609458346, 1.9142370197, 1.6221996491, 5.1787616115, 1.5885544574, 1.504629293, 1.9091388246, 2.8898143743, 1.8591055311, 6.7155306456, 6.0945725811, 6.2259527111, 6.715318578, 4.6766755364, 3.4011951621, 3.1351073553, 2.7764590475, 2.0072069976, 5.8720404472, 8.3642722323],
      [2.4892583325, 2.1157749945, 2.9316843652, 3.551939513, 3.3157806183, 2.1047328373, 4.2395138197, 2.5789057562, 2.5412199262, 1.1562427396, 1.9852283123, 2.1034998259, 9.8861783071, 9.2136322108, 11.9598507483, 11.9607792765, 8.1424519023, 7.3521811998, 11.1380692494, 9.0137080667, 9.2239100977, 9.1106331985, 12.2638307265, 12.4224180728, 11.6443353224, 2.982560713, 2.9477550406, 2.5953567823, 2.854803495, 3.4445878812, 2.2095487009, 2.6234104731, 2.8915563135, 0.98412499113, 2.9737541518, 3.143839736, 2.5724867207, 1.2765279379, 1.0599282115, 1.5016643594, 1.9046452322, 1.9433957467, 1.1058591532, 1.4178659925, 1.2098324178, 1.5741764378, 0.47920445851, 1.415935497, 1.294780106, 2.1379825475]
    ],
    [
      [3.0016492564, 2.9634032452, 2.0707231899, 2.1345083593, 2.6788026748, 2.0107287616, 4.0946501163, 3.2395164052, 2.9793428064, 6.1727113922, 2.2789659561, 2.0619584796, 2.4293575258, 1.9748682609, 1.564343558, 5.2276330112, 2.9412515027, 1.9371600775, 2.3858046065, 2.003858985, 2.0013515768, 2.4539839057, 2.0180866635, 2.1188488885, 2.0672952505, 17.2194123185, 13.9499997327, 24.6895820166, 21.491744918, 27.1848510778, 13.2833550809, 18.591219368, 12.4643967748, 19.8475631671, 18.0593430072, 14.6267937175, 16.8025153772, 11.8508260103, 2.533443021, 2.7292774781, 2.5844907487, 2.2590195415, 2.0297857126, 1.4791845577, 2.1543754352, 3.0894960525, 4.9207897218, 7.396128069, 2.8588582742, 1.7754001367],
      [2.7733705647, 3.1626136598, 2.7718686385, 3.6744855052, 1.6805043124, 1.1055866268, 2.4872723657, 2.582813669, 2.5791509753, 3.8728337955, 0.93471196745, 1.0255908052, 1.1194733212, 3.4412645445, 3.9643488241, 3.3901891125, 0.36532004686, 1.0583230352, 2.8015593913, 3.0191132664, 5.2094398799, 4.3548434111, 3.3004743706, 4.7512103556, 4.9017230881, 11.0127815692, 11.1060178178, 10.7396832861, 10.0220791885, 3.811989198, 14.2988411656, 9.3722997678, 15.7816961801, 12.8176351825, 13.0563193341, 13.6993062676, 13.9237841905, 10.513239771, 4.8914165539, 4.3504702356, 4.8143201354, 4.3778083279, 2.0376444487, 5.2243456204, 2.1173803963, 5.341601002, 3.0821330919, 7.0104918058, 3.368466385, 1.3386479776],
      [7.2249801789, 8.873983095, 5.1574081716, 9.1910061355, 8.6406930128, 6.8836846116, 10.418077518, 7.1776699258, 8.4415062183, 4.9544548124, 3.7863220765, 7.9124507152, 7.451169153, 8.5838671946, 5.4713076179, 10.3821778762, 9.6934284504, 7.0045168873, 4.8126360022, 7.9770277486, 7.7892085432, 8.1911726832, 5.6814389659, 4.1299407559, 5.0309816613, 31.7678061124, 26.9439824495, 33.5707346973, 33.4861758935, 36.0031597242, 34.4178037534, 34.0364808642, 31.7539070451, 23.3348016504, 30.8843376587, 33.6739000149, 35.2737004323, 25.6359342187, 5.5751404251, 5.9202522863, 4.6011891159, 4.3631721306, 3.9325698387, 5.296469822, 5.7282441685, 5.5689029455, 3.9970771864, 4.5933801252, 4.7726753408, 2.8859518858]
    ],
    [
      [0.74246652969, 0.87393103799, 0.81917701872, 0.6235868879, 0.23637034278, 0.085148080908, 0.61524535912, 0.099173054075, 0.53181391239, 1.0733439237, 0.74449982612, 0.044427577065, 0.0006866603899, 0.0046603206596, 0.27971138573, 0.0092591763707, 0.033910624024, 0.23036706087, 0.13641388504, 0.0039128508036, 0.005904135678, 0.12316766465, 0.036955993337, 0.063573935942, 0.038281768687, 1.0563258915, 1.1041366772, 0.10135576978, 0.37165691901, 0.9888750111, 1.4452844748, 0.38701789745, 1.2132635199, 1.1920182757, 0.066735046274, 1.1627845102, 0.4631061862, 1.2287445486, 2.4727029328, 1.7522351745, 2.8497840356, 1.4674861711, 2.0515947583, 1.4671633938, 3.6328785546, 3.6414518459, 4.2099316981, 3.4053745241, 1.8428419111, 1.978902748],
      [11.6976245881, 10.1108240043, 10.9925377503, 10.046524037, 8.2808651363, 7.971311445, 6.4961346716, 4.3196400443, 7.4536713384, 10.1946459362, 9.1156020213, 6.9656558803, 4.549180408, 12.6366567399, 16.7522761958, 10.9180298617, 11.7895048143, 10.8348682174, 10.5026845243, 15.0009427466, 16.1836587668, 11.1863873647, 5.807261356, 7.5741718112, 8.7296280853, 11.8852083909, 12.7893856146, 7.2110940879, 10.2110768196, 7.1096884693, 8.4109820659, 5.6536447148, 12.5235660943, 8.1310111486, 6.2201063301, 10.7398239718, 7.3110071096, 18.42357587, 59.0857397829, 54.2779367215, 46.7631560606, 48.188591743, 56.1658437282, 57.9160318411, 51.0783562129, 53.816387473, 51.6389435259, 52.4144362791, 52.500838791, 52.6558438533],
      [1.5599088822, 2.0152449577, 2.188285231, 3.3298890751, 3.4827645209, 2.9435404741, 0.88861996927, 1.5811869016, 1.0145147492, 1.7320101401, 4.1398981526, 2.9899165427, 2.4501329316, 1.3586829394, 2.9680124185, 0.072710961913, 1.1765845616, 1.9347647217, 0.36090159064, 1.9951444026, 1.8104370975, 0.69044497064, 1.1557826506, 0.36225425283, 0.23209014599, 2.0584657176, 2.1064777082, 2.6875501424, 2.4172662614, 3.9014365196, 2.1437334593, 1.9593373878, 2.2631703858, 1.6769705757, 2.7131586236, 2.097391518, 2.2258867042, 7.3476795814, 10.4415572844, 8.969828104, 9.3870599038, 13.3439220858, 10.7825615135, 10.6168047651, 10.2887652325, 8.5421606812, 6.151124776, 5.1801891968, 11.6563192979, 6.3652533987]
    ]
  ],
  "prob": [
    [0.70734175083, 0.12100447647, 0.1716537727],
    [0.46063974373, 0.36794843644, 0.17141181983],
    [0.26631018959, 0.21467778085, 0.51901202957],
    [0.039308315849, 0.80676930624, 0.15392237791]
  ],
  "iterations": 32,
  "time": 0.035137,
  "message": "Converged",
  "status": 0,
  "miniter": 0,
  "maxiter": 1000,
  "maxtime": 3600,
  "param_threshold": 0.001,
  "ll_threshold": "-Inf",
  "initial_prob": "group_proportional",
  "ballotbox_id": ["1", "2", "3", "4", "5", "6", "7", "8", "9", "10", "11", "12", "13", "14", "15", "16", "17", "18", "19", "20", "21", "22", "23", "24", "25", "26", "27", "28", "29", "30", "31", "32", "33", "34", "35", "36", "37", "38", "39", "40", "41", "42", "43", "44", "45", "46", "47", "48", "49", "50"],
  "candidates_id": ["1", "2", "3"],
  "group_id": ["1", "2", "3", "4"]
}
