{
  "Z_true": {},
  "V_true": [
    [27, 186, 41, 173, 187, 13],
    [9, 505, 22, 27, 112, 5],
    [563, 19, 45, 20, 66, 10],
    [26, 8, 42, 64, 615, 11],
    [21, 79, 114, 252, 312, 27],
    [39, 69, 359, 3906, 342, 46],
    [30, 62, 592, 77, 7427, 29],
    [352, 180, 465, 410, 963, 365]
  ],
  "p_true": [
    [0.0431, 0.2967, 0.0654, 0.2759, 0.2982, 0.0207],
    [0.0132, 0.7426, 0.0324, 0.0397, 0.1647, 0.0074],
    [0.7787, 0.0263, 0.0622, 0.0277, 0.0913, 0.0138],
    [0.0339, 0.0104, 0.0548, 0.0836, 0.8029, 0.0144],
    [0.0261, 0.0981, 0.1416, 0.313, 0.3876, 0.0335],
    [0.0082, 0.0145, 0.0754, 0.8204, 0.0718, 0.0097],
    [0.0037, 0.0075, 0.072, 0.0094, 0.9039, 0.0035],
    [0.1287, 0.0658, 0.17, 0.1499, 0.3521, 0.1335]
  ],
  "Z_est": [
    [
      [0.2374, 0.3979, 0.061, 0.7756, 1.1378, 0.5591, 0.2716, 0.6943, 0.4358, 0.6971, 0.351, 0.1219, 1.6857, 0.1626, 0.7973, 1.6031, 0.0668, 0.1873, 0.8538, 0.2207, 0.1002, 0.1205, 0.8611, 1.0601, 1.4592, 0.5692, 0.408, 0.3195, 1.0744, 1.0613, 0.2092, 0.4444, 0.2251, 0.2454, 0.0881, 0.5287, 0.3181, 0.0813, 0.3036, 0.2396, 0.3515, 0.2672, 0.4052, 0.5752, 0.199, 0.2847, 0.2861, 0.1187, 0.3762, 0.4285, 2.9874],
      [5.9859, 5.4671, 2.1885, 10.0563, 8.1408, 9.5243, 3.549, 7.0634, 4.2164, 4.5234, 3.3655, 4.5759, 2.466, 5.9688, 11.9985, 13.8479, 1.5829, 3.7113, 6.0477, 4.2434, 1.9421, 2.4742, 15.7231, 18.1973, 31.7653, 14.2452, 5.981, 5.64, 24.5691, 26.7928, 21.5854, 6.1721, 2.6471, 3.3521, 2.9929, 5.2942, 4.23, 2.9691, 2.3013, 4.5657, 4.7621, 6.2567, 6.6909, 5.8263, 2.6471, 3.6891, 4.4163, 2.9929, 3.3521, 3.1792, 44.0829],
      [0.1188, 0.1415, 0.0446, 0.2379, 0.236, 0.2167, 0.0743, 0.2086, 0.0891, 0.1784, 0.1143, 0.1047, 0.1235, 0.1188, 0.2887, 0.3352, 0.0328, 0.0985, 0.2002, 0.1247, 0.059, 0.0726, 0.4078, 0.4565, 0.7412, 0.2923, 1.1488, 0.1565, 0.8716, 0.6155, 0.5318, 0.1607, 0.0814, 0.0843, 0.0594, 0.1383, 0.1073, 0.0594, 0.0726, 0.0891, 0.1077, 0.1245, 0.1537, 0.1651, 0.0707, 0.0743, 0.114, 0.0594, 0.09, 0.1, 1.0336],
      [1.1176, 1.3483, 0.4191, 2.5569, 2.4502, 2.2519, 0.6985, 1.9258, 0.8382, 1.6133, 1.062, 0.8382, 1.2568, 1.1176, 2.945, 3.3263, 0.2794, 0.9966, 2.0035, 1.3222, 0.5775, 0.7929, 6.4812, 4.4439, 7.2498, 3.0859, 3.1035, 1.3414, 5.9876, 6.6377, 6.3483, 1.5293, 0.7413, 0.8948, 0.5588, 1.4137, 0.924, 0.5588, 0.8962, 0.8382, 1.1707, 1.1176, 1.2574, 1.6601, 0.8437, 0.6985, 1.243, 0.5588, 0.7445, 0.9776, 10.3733],
      [0, 0.2274, 0, 0.8581, 2.3362, 1.0385, 0, 0.5259, 0, 0.662, 0.7786, 0, 1.0337, 0, 1.3828, 1.0743, 0, 0.5551, 2.0232, 0.6852, 0.1263, 0.3309, 0.9335, 4.1932, 5.8094, 0.4203, 1.9938, 0.186, 6.6644, 3.8148, 5.2306, 0.4455, 0.1881, 0.2312, 0, 0.2686, 0, 0, 0.2787, 0, 0.4185, 0, 0, 0.4641, 0, 0, 0.6593, 0, 0, 0, 3.1918],
      [0.5403, 0.4177, 0.2868, 0.5153, 0.699, 0.4094, 0.4066, 0.582, 0.4205, 0.3259, 0.3286, 0.3592, 0.4344, 0.6321, 0.5877, 0.8132, 0.038, 0.4511, 0.8716, 0.4038, 0.1949, 0.2089, 0.5933, 0.649, 0.975, 0.3872, 0.3649, 0.3565, 0.8329, 1.0779, 1.0948, 0.2479, 0.117, 0.1922, 0.3008, 0.3565, 0.4205, 0.3314, 0.1476, 0.2674, 0.1894, 0.234, 0.4929, 0.3092, 0.2395, 0.2534, 0.2813, 0.2701, 0.4372, 0.3147, 2.3311]
    ],
    [
      [0.2507, 0.8423, 0.7673, 1.3922, 1.009, 1.1011, 0.5085, 1.5175, 1.2345, 0.1671, 0.3333, 0.2089, 0.7906, 1.1343, 1.2587, 0.376, 0.2004, 0.2502, 0.7578, 0.3086, 0.0916, 0.1334, 1.5351, 1.81, 2.8294, 0.2327, 0.5589, 0.5755, 1.8366, 1.7782, 1.3682, 0.2925, 0.0418, 0.4753, 0.425, 0.2089, 0.5835, 0.5337, 0.0836, 0.9793, 0.5584, 2.1741, 2.5664, 1.5968, 0.3167, 0.2507, 0.5171, 0.4335, 0.1253, 0.2844, 5.1522],
      [4.9407, 8.0019, 7.4188, 12.7671, 9.4588, 12.184, 5.5491, 9.5749, 14.8308, 3.2942, 2.9656, 4.1177, 3.1264, 11.1282, 13.0791, 7.4118, 2.5433, 3.2125, 5.1371, 3.971, 0.7731, 1.597, 17.9042, 20.2868, 37.4472, 18.7967, 6.092, 6.7255, 26.573, 26.9524, 21.452, 5.7665, 0.8235, 4.5036, 3.7598, 4.1179, 5.509, 5.5962, 1.6472, 8.3891, 5.3482, 10.7805, 10.1733, 8.1547, 2.9656, 4.9422, 5.2978, 4.1317, 2.4717, 3.1768, 52.537],
      [0.0229, 0.0681, 0.0726, 0.0848, 0.068, 0.0758, 0.0267, 2.5284, 0.0922, 0.0152, 0.0359, 0.019, 0.0351, 0.1029, 0.0823, 0.0343, 0.0178, 0.0152, 0.0447, 0.0361, 0.0038, 0.0076, 0.129, 0.1317, 0.2252, 0.0997, 0.0503, 0.0653, 0.148, 0.1509, 0.1203, 0.0267, 0.0038, 0.4495, 0.033, 0.019, 0.0455, 0.046, 0.0076, 0.0616, 0.0298, 0.0656, 0.0826, 0.0823, 0.0245, 0.0229, 0.0387, 0.0337, 0.0114, 0.0152, 0.3425],
      [0.4245, 1.1126, 1.6569, 2.6242, 1.4893, 2.8425, 0.4952, 2.5793, 1.7518, 0.283, 0.4245, 0.3537, 0.587, 2.0194, 1.2026, 0.6367, 0.4183, 0.283, 0.6376, 0.3835, 0.0707, 0.1415, 3.3594, 2.3799, 4.2044, 1.9996, 0.9247, 0.8239, 2.8808, 2.8302, 3.8351, 0.4952, 0.0707, 0.6594, 0.4818, 0.3537, 0.7906, 0.7906, 0.1415, 1.4523, 0.6446, 1.345, 1.3824, 1.6684, 0.4529, 0.4245, 0.7877, 0.6577, 0.2122, 0.283, 6.2916],
      [0.2489, 2.7355, 1.8635, 1.7824, 2.6977, 1.4661, 0.2904, 5.3949, 1.7229, 0.166, 0.166, 0.2075, 0.3675, 3.2827, 1.0643, 0.3734, 0.7436, 0.166, 0.2904, 0.2075, 0.0415, 0.083, 2.5954, 3.8599, 7.3228, 2.4317, 1.2084, 0.6438, 3.9016, 2.6451, 1.6922, 0.2904, 0.0415, 0.7834, 0.2075, 0.2075, 0.9231, 0.8855, 0.083, 2.8606, 0.2904, 1.3415, 1.5004, 2.2407, 0.166, 0.2489, 1.2112, 0.6323, 0.1245, 0.166, 6.3513],
      [0.1124, 0.2396, 0.2209, 0.3493, 0.2773, 0.3305, 0.1301, 0.4049, 0.3678, 0.0745, 0.0747, 0.0931, 0.0935, 0.3324, 0.3129, 0.1678, 0.0765, 0.0731, 0.1324, 0.0933, 0.0192, 0.0375, 0.477, 0.5318, 0.9711, 0.4396, 0.1657, 0.1661, 0.66, 0.6432, 0.5322, 0.1288, 0.0187, 0.1288, 0.0929, 0.0929, 0.1484, 0.148, 0.0371, 0.2571, 0.1286, 0.2933, 0.2949, 0.2571, 0.0743, 0.1109, 0.1474, 0.111, 0.0549, 0.0747, 1.3255]
    ],
    [
      [13.8185, 10.4183, 8.6094, 21.7385, 12.0096, 13.8081, 4.5145, 16.7783, 14.9432, 13.6396, 4.4064, 22.679, 18.0637, 13.6631, 13.0492, 14.0294, 0.9029, 1.8059, 12.5576, 2.7088, 1.5861, 0.9029, 15.6275, 18.582, 20.1628, 9.506, 5.2144, 5.4175, 13.1291, 9.2936, 11.3149, 11.0724, 6.5672, 5.2144, 7.0233, 11.5216, 8.8322, 7.4031, 10.1902, 3.6116, 8.6094, 0.9029, 4.5145, 13.312, 0.7947, 7.2514, 5.2144, 4.3755, 11.5535, 12.0148, 76.3179],
      [0.6773, 0.3341, 0.2967, 0.6365, 0.4032, 0.5479, 0.0365, 0.417, 2.2852, 0.3071, 0.1447, 1.1188, 0.0927, 0.9918, 0.6041, 0.5342, 0.0073, 0.0146, 0.1855, 0.0219, 0.0919, 0.0073, 0.7562, 0.8635, 1.4882, 0.7514, 0.2447, 0.0438, 1.0506, 0.7166, 0.8969, 0.7914, 0.9201, 0.1829, 0.2048, 0.3113, 0.2731, 0.7139, 0.3319, 0.0292, 0.2813, 0.0073, 0.0365, 0.2318, 0.1155, 0.2821, 0.2138, 0.1756, 0.4769, 0.2259, 2.6453],
      [0.1678, 0.1306, 0.1041, 0.2765, 0.1388, 0.1842, 0.0458, 0.1787, 0.2139, 1.0511, 0.0458, 0.2845, 0.2036, 0.1669, 0.1375, 0.1466, 0.0092, 0.0183, 0.1283, 0.0275, 0.0198, 0.0092, 0.1961, 0.2134, 0.2411, 0.1293, 0.0569, 0.055, 0.1755, 0.103, 0.157, 0.131, 0.0847, 0.056, 0.0842, 0.1191, 0.1118, 0.1124, 0.1296, 0.0367, 0.1012, 0.0092, 0.0458, 0.2471, 0.0092, 0.0841, 0.056, 0.0458, 0.139, 0.1309, 0.9614],
      [0.8264, 0.5501, 0.5062, 2.7324, 0.6804, 1.916, 0.1267, 0.576, 1.2543, 0.7928, 0.1267, 1.1293, 0.7937, 0.8002, 0.3802, 0.4055, 0.0253, 0.0507, 0.3548, 0.076, 0.1848, 0.0253, 0.9054, 0.9153, 1.1196, 0.588, 0.1521, 0.1521, 1.8727, 0.2788, 3.0659, 0.5851, 0.3826, 0.2151, 0.4559, 0.3295, 0.5315, 0.4808, 0.9228, 0.1014, 0.442, 0.0253, 0.1267, 0.3802, 0.0253, 0.4176, 0.1842, 0.1267, 0.66, 0.6872, 3.8486],
      [2.504, 2.5622, 1.48, 4.6064, 1.7629, 3.5372, 0.2747, 1.0438, 2.2965, 7.2019, 0.2747, 2.7793, 2.839, 2.372, 0.824, 0.8789, 0.0549, 0.1099, 0.7691, 0.1648, 0.1168, 0.0549, 3.508, 2.4183, 2.9798, 3.0207, 0.3299, 0.3296, 2.7659, 0.6043, 1.5596, 1.4155, 1.0426, 0.3296, 1.2287, 0.7141, 2.2473, 1.2865, 2.4209, 0.2197, 1.5625, 0.0549, 0.2747, 0.824, 0.0549, 0.9618, 0.3296, 0.2747, 2.1634, 0.9366, 20.1926],
      [0.0059, 0.0046, 0.0036, 0.0098, 0.005, 0.0065, 0.0017, 0.0063, 0.0069, 0.0075, 0.0017, 0.0091, 0.0072, 0.006, 0.005, 0.0053, 0.0003, 0.0006, 0.0047, 0.001, 0.0007, 0.0003, 0.0069, 0.0075, 0.0085, 0.0046, 0.002, 0.002, 0.0062, 0.0037, 0.0056, 0.0046, 0.0029, 0.002, 0.003, 0.0043, 0.004, 0.0033, 0.0046, 0.0013, 0.0036, 0.0004, 0.0017, 0.0049, 0.0004, 0.003, 0.002, 0.0017, 0.0072, 0.0046, 0.0341]
    ],
    [
      [0.3834, 0.2761, 0.2454, 0.5522, 0.3528, 0.3221, 0.1994, 0.5522, 0.3681, 0.2761, 0.1534, 0.5982, 0.5368, 0.3528, 0.5061, 0.4755, 0.0348, 0.3131, 0.4295, 0.092, 0.046, 0.046, 0.4141, 0.5522, 0.5675, 0.2147, 0.1687, 0.209, 0.3068, 0.2914, 0.2454, 0.3068, 0.1687, 0.1687, 0.3626, 0.4295, 0.2301, 0.1841, 0.2607, 0.138, 0.1098, 0.1227, 0.2628, 0.4601, 0.138, 0.4474, 0.1687, 0.6631, 0.6387, 0.6817, 1.9786],
      [0.2217, 0.1848, 1.4822, 0.3326, 0.2341, 0.3203, 0.1971, 0.2217, 0.3573, 0.1109, 0.0862, 0.1725, 0.0739, 0.2587, 0.3942, 0.3326, 0.1389, 0.4255, 0.1478, 0.1232, 0.3829, 0.0739, 0.4805, 0.5544, 1.0348, 0.359, 0.1602, 0.4444, 0, 0.1835, 0.616, 0.2094, 0.0862, 0.1109, 0.1109, 0.1725, 0.1478, 0.1478, 0.0616, 0.1725, 0.1602, 0.271, 0.5555, 0.1848, 0.0862, 0.1725, 0.1355, 0.1109, 0.4271, 0.0986, 1.503],
      [13.5644, 8.8986, 17.0899, 10.4271, 5.4621, 3.7964, 9.6183, 19.1921, 8.3731, 11.9753, 10.249, 14.0133, 7.9081, 9.6629, 8.2234, 6.5083, 3.2117, 8.5599, 11.5833, 9.9782, 8.474, 5.4621, 19.5805, 11.749, 15.4242, 4.0066, 8.838, 16.5397, 4.2678, 7.7585, 5.2519, 11.4943, 6.1616, 1.5498, 13.0842, 6.7247, 13.7425, 11.5227, 9.1927, 5.4015, 1.5606, 4.2013, 14.188, 15.0198, 5.6117, 9.2424, 6.3314, 9.6468, 10.0672, 21.9995, 45.4924],
      [0.2761, 0.1457, 0.1696, 0.2914, 0.224, 0.1381, 0.2674, 0.2457, 0.2544, 0.1566, 0.1413, 0.5047, 0.1761, 0.2566, 0, 0, 0.1022, 0.3666, 0.2066, 0.2174, 0.2325, 0.1479, 0.2783, 0.2479, 0.3435, 0, 0.2174, 0.3308, 0, 0, 0, 0.1718, 0, 0, 0.3174, 0, 0.3523, 0.1696, 0.2131, 0.1087, 0, 0.4364, 0.7423, 0.2544, 0.2109, 0.5359, 0.1674, 0.6911, 0.2087, 0.2479, 0.9045],
      [4.5384, 1.4834, 6.0037, 5.3854, 0.7089, 0.4151, 2.7052, 4.7723, 1.6346, 1.4732, 2.3609, 6.7011, 1.2925, 3.4497, 0.8637, 0.6642, 4.9505, 5.3189, 4.6066, 3.5778, 3.8588, 1.2644, 8.2375, 2.8875, 5.6185, 0.4151, 2.6088, 4.467, 0.4151, 0.7473, 0.8754, 2.8132, 0.5812, 0.1661, 8.1158, 0.6642, 8.5148, 5.9655, 5.2685, 2.1724, 0.1661, 1.964, 5.2378, 5.074, 1.9462, 3.595, 3.1901, 4.8801, 4.6445, 14.9633, 18.068],
      [0.016, 0.0114, 0.0091, 0.0114, 0.0182, 0.008, 0.0125, 0.016, 0.0125, 0.008, 0.0091, 0.0103, 0.0125, 0.0194, 0.0125, 0.0194, 0.5618, 0.0161, 0.0262, 0.0114, 0.0057, 0.0057, 0.0091, 0.0091, 0.0114, 0.0046, 0.0068, 0.0091, 0.0103, 0.0194, 0.0114, 0.0046, 0.0023, 0.0046, 0.0091, 0.0091, 0.0125, 0.0103, 0.0034, 0.0068, 0.0034, 0.0046, 0.0137, 0.0068, 0.0068, 0.0068, 0.0068, 0.008, 0.0137, 0.0091, 0.0536]
    ],
    [
      [0.3879, 0.2793, 0.2482, 0.5586, 0.3569, 0.3258, 0.2017, 0.5586, 0.3724, 0.2793, 0.1859, 0.6051, 0.543, 0.3569, 0.512, 0.481, 0.031, 0.0776, 0.4344, 0.1055, 0.0465, 0.2788, 0.4189, 0.5586, 0.5741, 0.2172, 0.1707, 0.1862, 0.3103, 0.2948, 0.2482, 0.3103, 0.3535, 0.1707, 0.2017, 1.5631, 0.2327, 0.1862, 0.5463, 0.1396, 0.3839, 0.1241, 0.2638, 0.4655, 0.1396, 0.2172, 0.1707, 0.1707, 0.3258, 0.3879, 2.0015],
      [0.4097, 0.1267, 0.1183, 0.2281, 0.1605, 0.2197, 0.1352, 0.1521, 0.245, 0.076, 0.0591, 0.1183, 0.0507, 0.1774, 0.2704, 0.2281, 0.0422, 0.076, 0.1014, 0.0845, 0.3755, 0.5572, 0.3295, 0.3802, 0.7097, 0.3549, 0.1098, 0.1352, 0.4985, 0.5576, 0.4224, 0.1436, 0.3395, 0.076, 0.076, 0.1183, 0.1014, 0.1014, 0.0422, 0.1183, 0.1098, 0.1859, 0.169, 0.1267, 0.0591, 0.1183, 0.0929, 0.076, 0.076, 0.0676, 1.0308],
      [2.0627, 1.137, 1.7555, 0.9888, 1.1146, 0.5259, 1.5331, 2.4776, 1.9033, 1.7555, 1.7726, 1.4221, 1.3739, 1.3887, 1.7796, 1.6516, 0.1296, 0.8776, 1.9278, 1.833, 0.9628, 1.0453, 2.9291, 1.7146, 2.1441, 0.8221, 1.5368, 2.0851, 1.2775, 2.1032, 1.1849, 1.5628, 2.1863, 0.537, 1.0666, 1.496, 1.1591, 1.0222, 1.3997, 0.7814, 0.5221, 0.5591, 1.7405, 2.0294, 0.9554, 1.0406, 0.8221, 0.9924, 1.2998, 1.9182, 6.436],
      [15.3741, 2.8364, 7.3592, 6.589, 10.5338, 2.4923, 12.2174, 10.9131, 17.5535, 7.4306, 12.6483, 8.7825, 9.7896, 11.5448, 16.3857, 12.4166, 6.6253, 7.5986, 16.2104, 16.0176, 6.088, 8.3428, 21.954, 11.913, 17.4298, 7.7416, 12.4465, 8.7449, 14.2674, 19.2671, 13.3058, 8.2113, 7.9278, 1.9643, 6.5277, 11.4694, 7.674, 4.1261, 13.8895, 6.2233, 6.4262, 6.5316, 10.9997, 13.0216, 9.3238, 6.7307, 7.6401, 8.279, 11.3041, 14.8725, 51.3345],
      [2.923, 0.0186, 0.0372, 0.0335, 0.871, 0.0149, 1.2504, 0.0559, 6.2636, 0.0372, 2.8525, 0.5302, 1.5806, 0.5089, 2.3902, 1.1993, 2.0882, 2.6478, 4.9414, 5.3573, 1.2262, 1.4749, 8.8869, 0.952, 2.5404, 0.6234, 3.375, 1.3671, 1.1045, 6.7538, 1.2366, 0.5311, 1.0725, 0.0112, 0.6464, 1.8716, 0.1706, 0.0223, 4.9417, 1.3763, 1.3774, 0.3585, 2.1046, 1.9956, 1.1609, 0.532, 0.913, 1.0605, 2.2718, 3.2722, 10.3679],
      [0.8428, 0.602, 0.4816, 0.602, 0.9632, 0.4214, 0.6622, 0.8428, 0.6622, 0.4214, 0.4816, 0.5418, 0.6622, 1.0234, 0.6622, 1.0234, 1.0836, 0.7224, 1.3846, 0.6021, 0.301, 0.301, 0.4816, 0.4816, 0.602, 0.2408, 0.3612, 0.4816, 0.5418, 1.0234, 0.602, 0.2408, 0.1204, 0.2408, 0.4816, 0.4816, 0.6622, 0.5418, 0.1806, 0.3612, 0.1806, 0.2408, 0.7224, 0.3612, 0.3612, 0.3612, 0.3612, 0.4214, 0.7224, 0.4816, 2.8294]
    ],
    [
      [0.778, 0.5055, 0.4976, 1.5462, 0.5957, 0.2178, 1.3458, 4.8163, 0.2489, 0.1867, 0.3375, 0.7404, 1.1987, 0.5421, 0.7929, 0.7934, 0.0207, 0.0519, 0.6688, 0.0622, 0.0311, 0.0311, 0.7137, 0.8368, 0.9832, 0.1452, 0.3634, 0.4136, 0.2074, 0.1971, 0.166, 1.0521, 0.3649, 0.3734, 0.4197, 0.6433, 0.4236, 0.1245, 0.5547, 0.3017, 0.4295, 0.3678, 0.6164, 2.4915, 0.7448, 0.43, 0.4414, 0.467, 0.6583, 0.7269, 2.962],
      [1.0458, 0.1858, 0.6995, 1.2989, 0.2354, 1.1769, 2.6458, 0.223, 4.1557, 0.1115, 0.0867, 0.7062, 0.0743, 0.9953, 1.1113, 1.0831, 0.2502, 0.4217, 0.1486, 0.5312, 0.4127, 0.5262, 1.171, 1.4061, 2.6759, 1.2238, 0.161, 1.242, 1.6287, 3.1441, 1.3208, 0.7367, 1.0454, 0.1637, 0.5634, 0.7332, 0.668, 0.7557, 0.0619, 0.1734, 1.2175, 1.3003, 0.8278, 0.1858, 0.6635, 0.6253, 0.1363, 0.6713, 0.759, 0.3876, 4.0877],
      [6.734, 5.874, 6.316, 2.0774, 3.6143, 2.9776, 5.7121, 9.7979, 5.4524, 10.14, 5.1131, 4.9544, 4.4518, 5.1331, 7.8793, 5.7856, 0.4328, 1.2983, 5.1005, 4.8809, 3.2008, 3.3768, 7.8889, 6.0853, 7.1761, 3.4677, 6.305, 8.6919, 4.1815, 6.4356, 2.4066, 5.5592, 7.2689, 3.4517, 2.9693, 4.6147, 3.1261, 4.691, 1.8177, 2.3909, 0.576, 0.779, 5.6366, 7.1668, 3.6291, 3.8096, 1.3849, 1.8322, 3.0797, 3.5488, 20.3147],
      [94.7232, 55.8647, 59.4616, 107.5274, 71.2932, 70.164, 92.0924, 87.892, 86.3962, 56.2432, 44.2159, 60.9116, 59.6561, 86.3481, 91.8897, 85.6499, 35.8556, 32.9786, 67.5664, 70.7925, 35.2157, 51.4198, 82.998, 84.8129, 113.3336, 59.3123, 75.8602, 48.3054, 82.6035, 84.4651, 89.6579, 59.8054, 39.9488, 46.8281, 46.0432, 64.3047, 59.0431, 66.0635, 73.3466, 37.2035, 43.3415, 55.3479, 65.8295, 91.038, 70.6214, 50.3883, 59.1355, 62.5855, 73.1835, 85.5026, 302.8999],
      [18.1128, 12.1959, 10.6387, 29.8459, 7.8376, 22.981, 16.6153, 22.6451, 22.1581, 14.9136, 4.9717, 11.2949, 10.2391, 15.4351, 3.2292, 17.1321, 12.1847, 11.0141, 12.1164, 10.3008, 12.8823, 11.3159, 9.2203, 15.4353, 16.8211, 11.6602, 8.3043, 9.009, 8.8287, 11.2265, 9.9339, 10.8426, 10.3699, 10.179, 16.6712, 12.2932, 13.3544, 17.9195, 13.216, 8.6866, 16.1912, 9.1428, 12.6602, 21.1118, 12.9032, 11.4156, 15.8958, 17.0342, 16.6662, 19.6043, 49.8343],
      [0.6062, 0.3741, 0.3866, 0.7041, 0.4238, 0.4827, 0.5887, 0.6256, 0.5887, 0.405, 0.275, 0.3925, 0.3799, 0.5462, 1.0975, 0.5559, 0.2559, 0.2353, 3.3992, 0.4323, 0.2574, 0.3302, 0.0081, 0.4236, 0.0101, 0.1908, 0.006, 0.3381, 0.5502, 0.5316, 0.5148, 0.004, 0.002, 0.004, 0.3332, 0.4109, 0.3848, 0.4459, 0.003, 0.2439, 0.2443, 0.0621, 0.4295, 0.006, 0.438, 0.3312, 0.006, 0.4099, 1.6533, 0.2297, 1.9014]
    ],
    [
      [4.9937, 2.8324, 1.9856, 5.9145, 3.8811, 2.5126, 2.3505, 6.3761, 2.8716, 2.1537, 2.1934, 8.7659, 8.0991, 2.7519, 10.9938, 9.0806, 0.2393, 0.5982, 6.3507, 0.7179, 0.3589, 0.3589, 3.4021, 9.0781, 5.352, 1.6751, 1.9013, 2.0622, 2.393, 2.2733, 1.9144, 3.4856, 1.7275, 2.09, 2.2457, 9.5652, 1.7947, 1.4358, 2.504, 1.4422, 4.1237, 2.4477, 5.435, 6.8765, 4.9457, 2.5196, 1.4184, 2.4148, 4.2527, 4.8539, 21.2635],
      [3.8606, 0.2115, 1.0676, 1.0044, 0.2679, 1.4201, 3.0721, 0.2538, 1.6355, 0.1269, 0.0987, 2.2003, 0.0846, 0.6166, 3.742, 2.7006, 0.0705, 0.7092, 0.1692, 0.2956, 0.6572, 0.3398, 1.7112, 2.5417, 6.3862, 5.7985, 0.1833, 1.1286, 1.9987, 6.1124, 1.4049, 1.3911, 0.8286, 0.1269, 0.8302, 2.5789, 0.5275, 1.2384, 0.0705, 0.1974, 0.8455, 2.7776, 0.8966, 0.2115, 0.0987, 2.8331, 0.1551, 0.3359, 0.8443, 0.1128, 12.7027],
      [8.6678, 10.3288, 12.6706, 1.6577, 1.4505, 0.967, 5.4024, 18.3568, 3.8707, 12.8347, 12.6402, 2.4866, 7.3333, 2.3166, 4.8287, 9.4263, 0.3454, 1.0361, 2.5602, 5.1447, 3.3865, 3.6747, 10.9085, 9.5271, 4.4001, 2.6735, 4.0536, 17.9863, 2.8658, 4.5288, 3.0911, 12.5249, 10.7022, 3.6593, 1.8649, 7.5975, 2.0031, 4.2155, 1.4505, 1.1051, 0.4144, 0.6216, 8.7765, 8.9454, 2.0554, 3.3945, 1.1051, 1.4505, 1.7268, 2.8319, 12.9818],
      [4.9624, 0.189, 2.3142, 2.3789, 8.0236, 0.2426, 6.982, 0.3187, 0.33, 0.2031, 1.6194, 1.616, 2.6846, 7.1822, 1.6008, 2.2371, 0.1326, 0.1298, 0.268, 3.7078, 0.1298, 1.7937, 2.7629, 1.2717, 2.8992, 2.0193, 0.7285, 0.1833, 0.7593, 0.347, 0.9543, 2.0385, 0.1495, 1.584, 0.1664, 0.9683, 2.9514, 0.22, 1.7027, 0.141, 0.158, 2.5796, 0.2454, 0.33, 8.9797, 0.829, 2.0026, 1.9621, 2.7295, 2.6406, 9.3116],
      [231.9515, 128.06, 166.9075, 182.8263, 119.2326, 134.0488, 151.0528, 223.7317, 153.347, 106.8889, 150.6932, 167.9087, 132.3962, 154.0117, 80.0147, 122.2745, 113.368, 109.0763, 183.9783, 170.0708, 88.943, 86.7219, 148.1953, 154.5614, 204.9375, 69.8237, 63.5868, 97.9937, 65.3857, 97.7279, 84.1213, 84.5498, 83.5871, 87.5297, 97.3113, 109.8933, 109.9931, 95.0743, 133.2648, 113.7989, 82.4509, 81.5634, 163.9659, 194.6215, 142.0317, 150.4078, 169.3036, 147.1474, 209.6997, 215.5408, 867.6519],
      [2.5641, 2.3783, 0.0545, 1.2182, 4.1443, 0.8088, 1.1402, 1.9629, 0.9451, 0.7927, 1.7551, 0.0226, 2.4022, 4.121, 0.82, 4.2808, 3.8443, 1.4505, 3.6737, 1.0632, 0.5246, 0.111, 0.02, 0.02, 0.0251, 0.01, 0.5464, 0.6458, 0.5975, 3.0106, 1.5141, 0.01, 0.005, 0.01, 1.5816, 0.3968, 2.7302, 1.8161, 0.0075, 0.3153, 0.0075, 0.01, 2.6806, 0.015, 0.8888, 0.0159, 0.015, 0.6893, 1.747, 0.02, 6.0885]
    ],
    [
      [4.1504, 2.4482, 3.5856, 3.5223, 3.6572, 2.1534, 3.6079, 4.7068, 3.5255, 0.6004, 2.0392, 5.2806, 4.0823, 4.0363, 5.0898, 4.161, 0.504, 1.7159, 5.9475, 1.7842, 0.7395, 1.1283, 4.0276, 3.5223, 5.0718, 1.4399, 2.2147, 2.8165, 0.7425, 3.8103, 0.5337, 3.036, 1.5514, 2.262, 2.234, 3.5398, 2.585, 2.0515, 2.5569, 2.1479, 1.4339, 1.5934, 2.936, 4.2224, 1.7215, 2.599, 2.7832, 2.3568, 3.0694, 5.6219, 16.337],
      [0.8584, 0.488, 0.7283, 0.6761, 0.0992, 0.6067, 0.8151, 0.094, 1.2741, 0.4499, 0.1934, 0.9903, 0.0313, 0.8631, 0.8005, 0.8617, 0.3646, 0.4292, 0.0627, 0.7292, 0.3646, 0.4244, 0.9244, 0.7701, 2.4928, 0.4707, 0.0679, 0.6404, 2.6813, 1.5405, 2.3016, 1.7891, 0.3095, 0.4838, 0.4619, 0.6737, 0.5431, 0.4776, 0.4833, 0.3544, 0.2754, 0.4206, 0.6504, 0.0784, 0.3641, 1.3374, 0.5522, 0.5056, 0.593, 0.7515, 3.4107],
      [13.6618, 9.4214, 13.9468, 8.25, 8.9157, 5.2565, 11.5874, 19.2599, 11.0053, 14.05, 10.0291, 12.7155, 9.5708, 11.1101, 10.7805, 13.1121, 0.8207, 3.096, 13.4549, 10.9749, 6.8932, 7.3517, 15.9601, 11.1225, 14.648, 4.5089, 9.0104, 14.4202, 7.2123, 12.3046, 6.2564, 11.5404, 8.5111, 6.2123, 7.8384, 10.2905, 8.7046, 8.3308, 6.9296, 6.1337, 2.6882, 2.6396, 11.3762, 16.3441, 5.644, 8.3317, 6.1477, 6.9391, 8.586, 10.4554, 44.4377],
      [9.2957, 4.9532, 6.1133, 9.2997, 8.3056, 5.9525, 10.1203, 8.5494, 8.6215, 5.2775, 4.7618, 6.8638, 6.056, 8.7311, 10.596, 9.3279, 3.5612, 3.5961, 7.7527, 7.483, 3.5011, 5.3361, 9.2608, 8.0155, 11.4201, 5.2533, 6.567, 5.1182, 7.6288, 9.1741, 3.8326, 6.1633, 3.7792, 4.8544, 4.4487, 7.1607, 5.7331, 5.5906, 6.8876, 3.9316, 3.8169, 6.6165, 6.4166, 8.6472, 6.5423, 4.9756, 5.8393, 6.139, 6.9574, 8.7887, 31.036],
      [32.7215, 15.7169, 29.0693, 20.662, 30.5531, 14.4983, 32.8112, 31.8305, 33.5773, 14.6572, 13.9024, 50.5783, 23.2515, 33.9399, 23.2311, 28.4031, 13.6101, 17.112, 45.2746, 33.6358, 15.8052, 17.7541, 29.4232, 19.6924, 39.9704, 6.6048, 16.5931, 22.0038, 17.934, 37.4803, 16.3505, 24.1118, 9.1171, 22.7698, 17.8191, 27.0875, 19.7968, 15.8463, 22.5264, 21.8855, 8.543, 13.5749, 21.2565, 33.6683, 11.737, 22.8388, 30.4974, 20.9709, 23.4298, 32.5169, 126.3421],
      [9.3124, 5.9722, 6.5567, 6.5899, 9.4691, 4.5326, 8.0581, 9.5594, 7.9963, 4.965, 5.0743, 7.5714, 7.008, 10.3196, 7.5022, 10.1343, 12.1394, 9.0508, 13.5076, 7.3929, 3.6965, 4.0053, 6.4041, 5.8773, 7.3969, 2.7224, 4.5469, 6.0008, 5.8012, 10.6902, 5.7252, 3.3594, 1.7317, 3.4177, 5.1978, 6.2479, 6.6374, 5.7033, 2.6161, 4.5469, 2.2426, 3.1548, 7.3643, 5.0397, 3.991, 4.9175, 5.1802, 5.0886, 7.3643, 6.8656, 32.4365]
    ]
  ],
  "V_est": [
    [27.314, 409.8589, 11.3868, 105.4175, 49.03, 23.9927],
    [44.7575, 479.4053, 6.0517, 65.0415, 72.2182, 12.5258],
    [561.1778, 25.0195, 7.7109, 34.2927, 94.5588, 0.2403],
    [18.0026, 15.0305, 527.8828, 11.6711, 192.2926, 1.1204],
    [18.56, 10.739, 76.7425, 567.297, 101.2006, 30.461],
    [34.6295, 47.8628, 250.5885, 3677.9678, 726.4918, 23.4598],
    [203.2741, 81.474, 280.8479, 102.6619, 7483.2243, 65.5179],
    [159.2846, 38.6101, 518.7889, 364.6506, 1304.9837, 348.6821]
  ],
  "p_est": [
    [0.0436, 0.6537, 0.0182, 0.1681, 0.0782, 0.0383],
    [0.0658, 0.705, 0.0089, 0.0956, 0.1062, 0.0184],
    [0.7762, 0.0346, 0.0107, 0.0474, 0.1308, 0.0003],
    [0.0235, 0.0196, 0.6891, 0.0152, 0.251, 0.0015],
    [0.0231, 0.0133, 0.0953, 0.7047, 0.1257, 0.0378],
    [0.0073, 0.0101, 0.0526, 0.7725, 0.1526, 0.0049],
    [0.0247, 0.0099, 0.0342, 0.0125, 0.9107, 0.008],
    [0.0582, 0.0141, 0.1897, 0.1333, 0.4771, 0.1275]
  ],
  "EI_Z": {},
  "EI_V": 11.7451,
  "MAE_Z": {},
  "MAE_V": 94.5187,
  "MAE_p": 0.0777,
  "runtime": 1.7409
}
