{
  "Z_true": {},
  "V_true": [
    [29, 287, 369, 270, 305],
    [195, 3510, 4464, 2068, 658],
    [464, 82, 4336, 11312, 218],
    [22, 30, 4488, 238, 35],
    [569, 30, 301, 704, 23],
    [44, 81, 332, 428, 428]
  ],
  "p_true": [
    [0.023, 0.2278, 0.2929, 0.2143, 0.2421],
    [0.0179, 0.3222, 0.4097, 0.1898, 0.0604],
    [0.0283, 0.005, 0.2642, 0.6893, 0.0133],
    [0.0046, 0.0062, 0.9325, 0.0494, 0.0073],
    [0.3497, 0.0184, 0.185, 0.4327, 0.0141],
    [0.0335, 0.0617, 0.2529, 0.326, 0.326]
  ],
  "Z_est": [
    [
      [0.0692, 0.0619, 0, 0.0328, 0, 0.0911, 0.1384, 0, 0, 0, 0.0437, 0.0219, 0.1894, 0.306, 0.051, 0.1348, 0.0984, 0.2914, 1.2915, 0.1129, 0.1384, 0.2805, 0.1639, 0.1821, 0.0984, 0.051, 0, 0.0729, 0.0109, 0.0255, 0.2769, 0.0692, 0.5974, 0.0692],
      [0.6271, 0.5611, 0.297, 0.297, 0.132, 0.8251, 1.2542, 1.5512, 1.8813, 0.9901, 0.3961, 0.198, 1.7162, 2.7724, 0.4621, 1.2212, 0.8911, 2.6404, 2.3103, 1.0231, 1.2542, 2.5413, 1.4852, 1.6502, 0.8911, 0.4621, 1.0891, 0.6601, 0.099, 0.231, 2.5083, 0.6271, 5.4127, 0.6271],
      [7.9741, 7.6085, 4.0278, 2.3551, 1.2151, 10.2863, 16.0752, 16.9974, 24.909, 11.9858, 5.4111, 2.0647, 21.5762, 36.4726, 6.3567, 14.8256, 5.7329, 34.808, 31.5286, 11.4351, 16.5337, 31.8057, 21.4469, 21.7804, 8.482, 6.1212, 15.8694, 8.9851, 1.1775, 0.8287, 31.1288, 8.2866, 76.3863, 6.9812],
      [1.1769, 1.053, 1.0631, 1.3478, 0.2623, 3.8178, 5.6148, 9.2667, 9.0437, 7.7034, 0.9136, 0.3717, 7.5088, 9.8333, 2.0062, 4.5385, 4.3111, 8.7765, 10.4036, 5.299, 4.5755, 10.8995, 3.8438, 6.912, 5.5308, 1.5642, 3.3136, 2.7822, 0.1858, 0.4336, 12.1544, 2.1228, 16.0209, 8.0573],
      [9.1527, 7.7155, 3.612, 4.9673, 2.3905, 9.9797, 14.9174, 19.1846, 21.1661, 9.3207, 5.2355, 3.3438, 21.0094, 34.6158, 5.124, 16.28, 15.9666, 33.4837, 24.466, 13.1298, 15.4982, 31.473, 18.0602, 19.4753, 11.9977, 5.8016, 12.7279, 7.4997, 1.5267, 5.4812, 29.9316, 7.8943, 65.5827, 3.2652]
    ],
    [
      [0.693, 0.8371, 0.01, 1.3257, 0.0067, 0.4464, 1.2792, 0.0831, 0.0599, 0.0299, 0.0266, 0.532, 1.7147, 2.1941, 0.323, 4.8901, 7.2258, 0.2261, 1.5897, 0.9574, 1.965, 2.3156, 0.0865, 0.123, 1.8211, 0.7339, 0.0366, 0.5911, 0.1737, 0.4708, 3.5792, 0.3734, 2.4805, 0.3244],
      [60.9235, 77.2497, 11.0006, 54.4237, 10.3144, 51.8498, 130.6175, 94.5296, 92.4373, 62.8627, 18.8124, 63.6094, 201.5176, 231.363, 36.3176, 172.1994, 108.2432, 337.6968, 180.4309, 80.4869, 118.1794, 248.107, 150.091, 108.7589, 144.4554, 32.2374, 42.0292, 64.2249, 9.6921, 90.3025, 198.7163, 46.776, 268.9734, 44.0163],
      [129.1533, 139.338, 28.9336, 93.199, 16.6441, 84.2205, 199.9296, 151.0712, 174.5662, 95.451, 52.0199, 91.3556, 313.3993, 420.3913, 59.5249, 226.5719, 214.1322, 511.0584, 287.2468, 148.0228, 221.6122, 450.981, 255.009, 195.4128, 266.0248, 66.8161, 62.6928, 112.5254, 38.378, 79.9268, 311.3031, 56.016, 420.0326, 49.1091],
      [11.0944, 14.0977, 2.7077, 16.1783, 3.1842, 9.1981, 27.0225, 14.6945, 21.6531, 10.4396, 9.3239, 8.8133, 33.0251, 41.5932, 5.4435, 46.7542, 22.2047, 40.7862, 26.6472, 10.2765, 21.4219, 45.2789, 28.9162, 20.3812, 26.6167, 6.3628, 7.3901, 11.2895, 3.4967, 11.1327, 29.4985, 6.8726, 61.3256, 5.8765],
      [12.1359, 8.4775, 3.3481, 10.8733, 3.8508, 9.2852, 12.1511, 18.6216, 16.2836, 6.2168, 5.8172, 5.6897, 21.3433, 35.4584, 3.391, 19.5844, 27.1941, 40.2324, 18.0854, 17.2563, 15.8215, 32.3175, 17.8973, 17.3242, 15.0819, 5.8497, 10.8513, 5.3691, 2.2595, 13.1672, 25.9028, 7.962, 60.1879, 3.6736]
    ],
    [
      [3.8079, 7.9015, 0.0328, 0.7109, 0.0219, 0.4095, 3.1204, 0.2735, 0.1969, 0.0984, 0.0875, 0.4108, 14.6824, 3.9348, 1.4771, 2.1768, 2.7973, 3.5671, 6.365, 1.0871, 2.5039, 6.4049, 0.2844, 0.4047, 4.3725, 0.7586, 0.1203, 2.8358, 0.4864, 0.1531, 8.8468, 2.4969, 15.044, 1.2093],
      [0, 0, 0, 0.8148, 0, 2.0721, 6.631, 4.4237, 0, 4.2689, 0, 8.0953, 14.7617, 0, 1.7059, 2.2911, 0, 4.4824, 10.8783, 1.0515, 0, 0, 4.0787, 0, 0, 0, 0.1979, 1.0577, 0, 15.5215, 10.8551, 7.1693, 7.9007, 10.4687],
      [122.158, 108.7198, 11.4373, 9.9551, 2.1665, 27.7238, 66.5281, 75.424, 70.4341, 31.7874, 45.5854, 50.3001, 110.7898, 128.6475, 49.4389, 27.9935, 42.7488, 60.3392, 181.0579, 12.8481, 62.7207, 193.1844, 113.2621, 88.5555, 191.3356, 20.0993, 36.2544, 42.5447, 22.7341, 12.009, 153.6028, 18.7591, 120.0963, 8.168],
      [454.1977, 639.3786, 59.5832, 104.9048, 32.8842, 217.237, 480.7205, 425.2112, 473.1735, 254.8452, 275.236, 327.6755, 632.1577, 666.1621, 187.378, 294.8109, 380.8967, 541.3922, 918.6988, 135.2203, 317.0252, 903.393, 717.6045, 569.6873, 573.2601, 99.1422, 187.7806, 227.5618, 124.4601, 186.1082, 1192.6953, 137.8942, 838.2432, 206.154],
      [2.8365, 0, 0.9467, 0.6144, 3.9274, 3.5575, 0, 2.6677, 0.1955, 0, 3.091, 0.5183, 0.6083, 6.2555, 0, 1.7277, 14.5572, 3.2191, 0, 0.793, 1.7502, 4.0177, 0.7703, 2.3525, 1.0318, 0, 1.6469, 0, 0.3194, 10.2082, 0, 2.6806, 21.7158, 0]
    ],
    [
      [0.088, 0.1374, 0.0064, 0.0258, 0.0043, 0.0279, 0.0709, 0.0537, 0.0386, 0.0193, 0.0172, 0.058, 0.1481, 0.1889, 0.0322, 0.1074, 0.1202, 0.146, 0.1632, 0.0666, 0.1181, 0.1868, 0.0558, 0.0794, 0.1095, 0.0322, 0.0236, 0.0558, 0.0215, 0.0301, 0.292, 0.0429, 0.2362, 0.0365],
      [3.1297, 3.4462, 0.5275, 2.0044, 0.422, 1.7934, 4.7121, 3.3055, 2.8484, 3.0945, 1.3714, 3.1648, 11.3231, 10.8308, 2.0747, 5.6615, 6.1187, 15.6132, 9.811, 3.3407, 4.8527, 11.5692, 7.0681, 6.1538, 10.0923, 1.7582, 3.1297, 3.3758, 0.8791, 4.2549, 9.9165, 2.8484, 7.5253, 1.2308],
      [85.6426, 94.309, 14.4267, 54.5753, 11.061, 49.0712, 129.063, 90.4295, 77.9267, 78.9543, 37.5433, 86.1732, 308.1876, 295.4213, 56.8501, 154.4544, 166.7932, 426.8841, 267.2793, 91.1826, 132.2981, 315.3529, 193.679, 164.5884, 275.6722, 47.9672, 85.4039, 92.1144, 24.0743, 115.5779, 271.1498, 77.779, 205.5292, 33.6862],
      [0, 0, 0, 0.305, 0.4661, 0, 0, 0, 0, 5.853, 0, 0.5431, 2.1083, 1.1578, 0, 0.5618, 0.6598, 0.9555, 1.5173, 0.249, 0.5556, 1.5328, 0, 3.9813, 0.9648, 0.1743, 0.3175, 0.3859, 0, 0.3206, 0.3301, 0.2365, 0, 0],
      [0.1397, 0.1075, 0.0394, 0.0896, 0.0466, 0.1075, 0.154, 0.2114, 0.1863, 0.0788, 0.0681, 0.0609, 0.2329, 0.4012, 0.043, 0.2149, 0.3081, 0.4012, 0.2293, 0.1612, 0.1755, 0.3582, 0.197, 0.197, 0.1612, 0.0681, 0.1254, 0.0681, 0.0251, 0.8165, 0.3117, 0.0931, 0.7093, 0.0466]
    ],
    [
      [31.6228, 49.3115, 2.7075, 7.7825, 1.8775, 10.4339, 23.3826, 21.0202, 14.8536, 7.3685, 6.7461, 23.2543, 45.1383, 71.1648, 11.8679, 36.128, 38.1341, 54.5989, 59.2218, 25.0093, 44.9997, 68.2218, 22.8156, 31.959, 39.071, 11.3114, 9.2782, 18.3636, 8.2829, 10.3162, 111.1455, 14.8964, 79.1477, 13.3019],
      [0.7684, 1.1918, 0.0784, 0.1568, 0.0627, 0.2666, 0.5018, 0.7213, 0.392, 1.577, 0.2823, 0.6429, 0.9095, 1.8347, 0.3294, 0.7997, 0.7684, 1.3956, 1.8114, 0.6429, 1.1761, 1.6936, 0.6429, 0.9409, 0.9409, 0.2666, 0.2509, 0.392, 0.2195, 0.2352, 2.901, 0.345, 1.7406, 0.409],
      [11.2714, 17.4119, 1.6451, 1.1181, 0.9332, 4.537, 5.0994, 16.4845, 7.3979, 6.0265, 8.8404, 8.8077, 6.4852, 31.8536, 4.7606, 8.7222, 5.4789, 23.6932, 22.2834, 11.2426, 21.218, 26.4236, 13.6268, 20.103, 13.4003, 3.6512, 4.656, 3.6099, 3.9809, 2.7249, 51.612, 4.4564, 19.6491, 3.8944],
      [5.1514, 7.8811, 0.5501, 0.9046, 1.1113, 1.698, 2.8948, 4.8515, 2.2615, 1.9634, 2.0629, 8.1394, 5.2468, 11.7028, 2.0014, 5.1564, 4.4326, 8.9744, 9.6834, 3.9495, 7.3215, 11.2511, 3.7591, 6.7694, 6.3601, 1.7063, 1.7542, 2.6345, 1.4635, 1.6667, 18.6392, 2.2187, 10.0412, 3.3946],
      [0.186, 0.2036, 0.019, 0.038, 0.0152, 0.0645, 0.1215, 2.9225, 0.0949, 0.0645, 0.0683, 0.1556, 0.2202, 0.4441, 0.0407, 0.1936, 0.186, 0.3379, 0, 0.1556, 0.2847, 0.41, 0.1556, 0.2278, 0.2278, 0.0645, 0.0607, 0, 0.0531, 0.0569, 0.7023, 0.0835, 0.4214, 0]
    ],
    [
      [4.7191, 5.7505, 0.2433, 2.1224, 0.0897, 1.5912, 5.0085, 3.5696, 2.851, 1.4838, 1.0789, 2.723, 7.1269, 10.2114, 1.2487, 6.563, 7.6242, 9.1705, 7.3688, 3.7666, 5.2749, 9.5904, 2.5938, 4.2517, 5.5276, 2.1129, 1.5413, 4.0808, 1.0245, 3.0043, 11.8597, 2.1211, 12.4942, 2.0586],
      [0.5513, 0.5513, 0.0965, 0.3032, 0.0689, 0.193, 2.2834, 0.4686, 0.4411, 0.2068, 0.1378, 0.2895, 0.7719, 1.1992, 0.1103, 0.827, 0.9786, 1.1716, 0.7581, 0.4549, 0.5376, 1.0889, 0.634, 0.4962, 0.6203, 0.2757, 0.3032, 0.2895, 0.1103, 0.4549, 1.1027, 0.2343, 1.4473, 0.2481],
      [13.8007, 13.6127, 2.5296, 7.7973, 0.98, 3.1612, 18.3047, 9.5935, 9.7661, 4.795, 2.5998, 7.2988, 17.5619, 27.2137, 2.0687, 21.4324, 23.114, 27.217, 17.604, 10.2688, 11.6173, 24.2524, 16.9762, 10.56, 15.0851, 7.3451, 7.1235, 7.2206, 2.6551, 9.9327, 24.2035, 4.703, 25.3065, 3.1611],
      [6.3796, 6.5895, 1.0959, 3.3595, 1.0919, 2.049, 7.7474, 4.9762, 4.8682, 2.1954, 1.4636, 3.4571, 8.9532, 13.5508, 1.1709, 9.1782, 11.495, 13.1152, 8.0497, 5.0057, 6.1003, 12.6448, 7.8764, 5.2689, 7.2675, 3.0503, 3.4441, 3.3461, 1.3939, 6.3382, 12.6824, 2.6551, 16.3691, 6.5176],
      [14.5492, 13.4959, 3.0347, 8.4175, 2.7695, 7.0057, 15.656, 15.3921, 14.0737, 6.3191, 4.7199, 7.2317, 21.586, 34.8249, 3.4014, 21.9994, 27.7881, 34.3257, 21.2194, 13.504, 15.4699, 31.4235, 17.9195, 15.4232, 16.4995, 7.2161, 9.5879, 6.0631, 2.8162, 13.27, 30.1517, 7.2864, 49.3829, 6.0147]
    ]
  ],
  "V_est": [
    [4.9707, 41.5855, 529.4594, 172.7083, 511.276],
    [39.5253, 3643.446, 6022.0694, 660.9976, 528.9616],
    [99.0811, 118.7265, 2319.4093, 13782.7738, 92.0093],
    [2.8406, 169.2484, 4611.1007, 23.1761, 6.6342],
    [1024.7351, 27.2881, 397.0992, 169.5975, 8.2802],
    [151.8471, 19.7055, 410.862, 210.7467, 519.8387]
  ],
  "p_est": [
    [0.0039, 0.033, 0.4202, 0.1371, 0.4058],
    [0.0036, 0.3344, 0.5527, 0.0607, 0.0486],
    [0.006, 0.0072, 0.1413, 0.8398, 0.0056],
    [0.0006, 0.0352, 0.9581, 0.0048, 0.0014],
    [0.6298, 0.0168, 0.2441, 0.1042, 0.0051],
    [0.1156, 0.015, 0.3129, 0.1605, 0.3959]
  ],
  "EI_Z": {},
  "EI_V": 15.5795,
  "MAE_Z": {},
  "MAE_V": 377.2322,
  "MAE_p": 0.0803,
  "runtime": 1.402
}
