{
  "Z_true": {},
  "V_true": [
    [725, 9, 1103, 66, 2345, 74],
    [5, 416, 205, 537, 122, 61],
    [185, 746, 3007, 10098, 1537, 531],
    [365, 35, 2885, 67, 11015, 306],
    [60, 136, 1262, 554, 616, 1283]
  ],
  "p_true": [
    [0.1677, 0.0021, 0.2552, 0.0153, 0.5426, 0.0171],
    [0.0037, 0.3091, 0.1523, 0.399, 0.0906, 0.0453],
    [0.0115, 0.0463, 0.1867, 0.627, 0.0954, 0.033],
    [0.0249, 0.0024, 0.1966, 0.0046, 0.7507, 0.0209],
    [0.0153, 0.0348, 0.3227, 0.1417, 0.1575, 0.328]
  ],
  "Z_est": {},
  "V_est": [
    [0, 0, 1641.8923, 0, 2680.1077, 0],
    [0, 782.1537, 0, 154.356, 0, 409.4904],
    [687.566, 312.3286, 1392.3024, 11167.644, 2434.1962, 109.9629],
    [205.0042, 0, 3947.2997, 0, 10520.6961, 0],
    [447.4298, 247.5177, 1480.5057, 0, 0, 1735.5467]
  ],
  "p_est": [
    [0, 0, 0.3799, 0, 0.6201, 0],
    [0, 0.5811, 0, 0.1147, 0, 0.3042],
    [0.0427, 0.0194, 0.0865, 0.6935, 0.1512, 0.0068],
    [0.014, 0, 0.269, 0, 0.717, 0],
    [0.1144, 0.0633, 0.3785, 0, 0, 0.4438]
  ],
  "EI_Z": {},
  "EI_V": 15.5871,
  "MAE_Z": {},
  "MAE_V": 419.3567,
  "MAE_p": 0.0839,
  "runtime": 0.047
}
