{
  "X": [
    [15, 32, 128, 12],
    [1, 8, 16, 2],
    [2, 10, 20, 4],
    [0, 12, 23, 1],
    [12, 36, 165, 15],
    [19, 14, 106, 10],
    [8, 29, 61, 11],
    [19, 51, 209, 14],
    [31, 93, 289, 34],
    [13, 32, 123, 17],
    [5, 18, 45, 1],
    [0, 10, 14, 1],
    [1, 50, 66, 13],
    [5, 57, 129, 17],
    [1, 24, 62, 4],
    [1, 16, 18, 1],
    [46, 467, 938, 100],
    [2, 13, 15, 3],
    [5, 42, 121, 25],
    [18, 187, 813, 104],
    [14, 41, 175, 12],
    [5, 15, 110, 12],
    [6, 23, 93, 10],
    [21, 150, 610, 48],
    [4, 7, 35, 5],
    [9, 44, 138, 14],
    [96, 604, 2006, 214],
    [11, 20, 81, 7],
    [131, 122, 429, 41],
    [3, 31, 28, 5],
    [9, 7, 55, 4],
    [3, 7, 24, 1],
    [4, 7, 49, 4],
    [4, 18, 55, 8],
    [1, 5, 4, 1],
    [0, 3, 2, 1],
    [23, 109, 275, 44],
    [108, 446, 1114, 156],
    [8, 41, 84, 9],
    [3, 26, 78, 11],
    [28, 80, 404, 43],
    [139, 530, 2084, 205],
    [12, 28, 119, 11],
    [20, 35, 81, 10],
    [56, 215, 607, 70],
    [56, 288, 694, 66],
    [1, 4, 21, 6],
    [41, 256, 740, 96],
    [138, 1451, 2223, 356],
    [7, 106, 143, 22],
    [0, 0, 16, 1],
    [4, 117, 302, 47],
    [13, 17, 76, 12],
    [9, 19, 114, 12],
    [3, 20, 33, 3],
    [0, 4, 1, 1],
    [0, 4, 9, 0],
    [0, 9, 9, 2],
    [4, 42, 63, 6],
    [0, 2, 11, 0],
    [1, 3, 12, 2],
    [5, 12, 28, 4],
    [3, 4, 6, 2],
    [0, 4, 3, 0],
    [9, 132, 144, 32],
    [16, 163, 188, 31],
    [1, 17, 19, 4],
    [7, 35, 59, 10],
    [3, 30, 39, 11],
    [11, 29, 107, 21],
    [2, 36, 66, 10],
    [6, 34, 137, 20],
    [11, 52, 152, 23],
    [0, 0, 6, 0],
    [8, 51, 152, 18],
    [9, 47, 107, 21],
    [4, 25, 141, 21],
    [4, 20, 62, 13],
    [6, 59, 104, 12],
    [3, 27, 79, 12],
    [9, 50, 172, 20],
    [4, 4, 11, 5],
    [1, 0, 7, 0],
    [0, 1, 9, 0],
    [3, 1, 10, 0],
    [1, 4, 10, 4],
    [11, 35, 57, 7],
    [0, 11, 28, 7],
    [4, 45, 117, 14],
    [1, 32, 50, 9],
    [9, 37, 55, 10],
    [4, 3, 14, 2],
    [6, 24, 64, 6],
    [1, 1, 10, 0],
    [17, 64, 186, 25],
    [18, 58, 145, 13],
    [13, 45, 184, 31],
    [9, 54, 140, 29],
    [10, 21, 31, 13],
    [0, 1, 12, 2],
    [9, 41, 76, 21],
    [11, 31, 85, 13],
    [4, 15, 24, 5],
    [4, 14, 48, 5],
    [4, 6, 31, 7],
    [1, 39, 94, 14],
    [1, 4, 6, 0],
    [7, 73, 102, 27],
    [18, 215, 274, 57],
    [5, 113, 133, 26],
    [0, 10, 0, 2],
    [85, 103, 429, 31],
    [296, 831, 2236, 422],
    [147, 493, 1162, 274],
    [2, 3, 7, 3]
  ],
  "W": [
    [10, 33, 99, 25, 20],
    [2, 2, 14, 3, 6],
    [4, 2, 17, 11, 2],
    [1, 1, 24, 8, 2],
    [10, 33, 136, 29, 20],
    [7, 32, 81, 14, 15],
    [5, 22, 45, 25, 12],
    [5, 50, 164, 42, 32],
    [35, 36, 251, 80, 45],
    [12, 57, 73, 21, 22],
    [1, 15, 36, 15, 2],
    [1, 3, 12, 6, 3],
    [4, 9, 60, 44, 13],
    [23, 16, 105, 47, 17],
    [8, 4, 53, 22, 4],
    [5, 2, 18, 10, 1],
    [105, 121, 826, 392, 107],
    [7, 2, 14, 7, 3],
    [13, 8, 109, 48, 15],
    [77, 31, 751, 170, 93],
    [9, 28, 153, 38, 14],
    [3, 16, 96, 13, 14],
    [10, 19, 70, 19, 14],
    [39, 35, 547, 138, 70],
    [4, 4, 33, 3, 7],
    [15, 12, 125, 35, 18],
    [130, 141, 1842, 577, 230],
    [6, 46, 45, 10, 12],
    [39, 254, 274, 79, 77],
    [7, 7, 23, 27, 3],
    [2, 8, 54, 6, 5],
    [2, 6, 20, 5, 2],
    [3, 5, 44, 7, 5],
    [3, 6, 49, 17, 10],
    [1, 0, 4, 4, 2],
    [0, 0, 1, 5, 0],
    [22, 65, 230, 95, 39],
    [78, 200, 1010, 391, 145],
    [3, 13, 80, 35, 11],
    [8, 6, 73, 24, 7],
    [24, 66, 336, 70, 59],
    [133, 300, 1768, 490, 267],
    [11, 23, 96, 24, 16],
    [12, 22, 70, 30, 12],
    [53, 121, 500, 199, 75],
    [45, 115, 593, 256, 95],
    [2, 4, 15, 3, 8],
    [55, 123, 628, 229, 98],
    [295, 252, 1999, 1288, 334],
    [20, 17, 135, 87, 19],
    [2, 2, 11, 0, 2],
    [11, 6, 279, 125, 49],
    [8, 25, 54, 15, 16],
    [5, 27, 88, 19, 15],
    [2, 7, 26, 17, 7],
    [0, 0, 1, 4, 1],
    [1, 1, 8, 2, 1],
    [0, 1, 9, 8, 2],
    [4, 2, 57, 36, 16],
    [1, 3, 7, 1, 1],
    [1, 2, 9, 5, 1],
    [3, 3, 30, 13, 0],
    [4, 2, 4, 3, 2],
    [0, 0, 3, 4, 0],
    [26, 13, 125, 118, 35],
    [44, 20, 175, 131, 28],
    [5, 0, 20, 12, 4],
    [6, 11, 50, 31, 13],
    [11, 2, 38, 24, 8],
    [12, 10, 95, 32, 19],
    [7, 2, 60, 38, 7],
    [16, 6, 117, 33, 25],
    [16, 20, 131, 46, 25],
    [0, 0, 4, 2, 0],
    [13, 17, 130, 43, 26],
    [17, 11, 95, 41, 20],
    [16, 5, 125, 18, 27],
    [13, 9, 45, 15, 17],
    [11, 11, 91, 51, 17],
    [15, 8, 69, 21, 8],
    [15, 13, 147, 55, 21],
    [2, 3, 10, 5, 4],
    [0, 2, 6, 0, 0],
    [1, 0, 6, 2, 1],
    [0, 2, 8, 0, 4],
    [3, 0, 12, 4, 0],
    [3, 12, 48, 35, 12],
    [3, 9, 15, 8, 11],
    [4, 8, 111, 43, 14],
    [10, 7, 39, 22, 14],
    [8, 11, 45, 34, 13],
    [1, 6, 9, 6, 1],
    [7, 12, 52, 21, 8],
    [0, 1, 6, 2, 3],
    [14, 19, 169, 51, 39],
    [16, 31, 122, 38, 27],
    [21, 29, 138, 44, 41],
    [14, 11, 124, 51, 32],
    [10, 8, 28, 15, 14],
    [2, 0, 11, 1, 1],
    [11, 17, 69, 36, 14],
    [8, 22, 61, 31, 18],
    [2, 6, 17, 13, 10],
    [4, 5, 46, 10, 6],
    [2, 5, 30, 5, 6],
    [8, 7, 83, 37, 13],
    [1, 0, 5, 3, 2],
    [20, 16, 84, 62, 27],
    [50, 28, 242, 180, 64],
    [30, 15, 113, 91, 28],
    [1, 0, 2, 8, 1],
    [21, 119, 375, 83, 50],
    [178, 311, 2162, 759, 375],
    [120, 162, 1099, 443, 252],
    [2, 3, 5, 4, 1]
  ],
  "method": "mvn_pdf",
  "cond_prob": [
    [
      [0.0055293816964, 0.53515778368, 0.31137543047, 0.14793740416],
      [0.33423601213, 0.032797336835, 0.63073582673, 0.0022308242983],
      [0.025843225702, 0.033444103008, 0.91511554969, 0.025597121597],
      [0.0024743636045, 0.84741743459, 0.078950147733, 0.071158054073],
      [0.064728967402, 0.053485399261, 0.57508851501, 0.30669711833]
    ],
    [
      [0.00054959101751, 0.9185847766, 0.053441178311, 0.027424454071],
      [0.20453964751, 0.1883286093, 0.60495296589, 0.0021787772997],
      [0.029794600815, 0.090934971468, 0.85586954415, 0.023400883564],
      [0.00016567734021, 0.98184282538, 0.0091412867369, 0.0088502105412],
      [0.028700013252, 0.26125919192, 0.44560237221, 0.26443842262]
    ],
    [
      [0.0085240357063, 0.38041260658, 0.36655081544, 0.24451254227],
      [0.50235531533, 0.013478939417, 0.48207565789, 0.0020900873596],
      [0.044391264681, 0.005727274046, 0.90499163127, 0.044889830007],
      [0.0043540136686, 0.75454587585, 0.10554751651, 0.13555259396],
      [0.079323788286, 0.027011700828, 0.51188250466, 0.38178200623]
    ],
    [
      [0, 0.87548363805, 0.084514783203, 0.040001578751],
      [0, 0.16347482743, 0.83414336972, 0.0023818028552],
      [0, 0.11525137981, 0.87222091597, 0.012527704221],
      [0, 0.97198040625, 0.014791249551, 0.0132283442],
      [0, 0.20958258455, 0.5148549337, 0.27556248174]
    ],
    [
      [0.0040722762102, 0.51829651428, 0.31232919324, 0.16530201627],
      [0.26809859358, 0.035125250684, 0.69403547866, 0.0027406770754],
      [0.015621273907, 0.032287314732, 0.92142775114, 0.030663660218],
      [0.0018625057994, 0.83599199222, 0.080954647639, 0.081190854344],
      [0.046675886507, 0.051152950341, 0.56558391674, 0.33658724641]
    ],
    [
      [0.011827293988, 0.36361540884, 0.42470689866, 0.19985039851],
      [0.44999987019, 0.013847091132, 0.53429850562, 0.0018545330576],
      [0.035896248276, 0.0036038536463, 0.93171944111, 0.028780456971],
      [0.006655624642, 0.73732602767, 0.13530553825, 0.12071280944],
      [0.10109588272, 0.026473912608, 0.57106315095, 0.30136705372]
    ],
    [
      [0.0031058978875, 0.60244709147, 0.20382904746, 0.19061796318],
      [0.29553585132, 0.055361433812, 0.64475618101, 0.0043465338546],
      [0.021133778588, 0.049481923431, 0.87643563398, 0.052948664004],
      [0.0012581014809, 0.86933873791, 0.046767244859, 0.082635915752],
      [0.041684100672, 0.067471499722, 0.4322861775, 0.45855822211]
    ],
    [
      [0.0041402056406, 0.59050567933, 0.29031583184, 0.11503828319],
      [0.28305109088, 0.041903351843, 0.67303973005, 0.0020058272275],
      [0.018283919434, 0.042615754504, 0.92394764592, 0.015152680147],
      [0.0017513748275, 0.87630987266, 0.06961530553, 0.05232344698],
      [0.054831996809, 0.067447050649, 0.60766179925, 0.27005915329]
    ],
    [
      [0.0098985173855, 0.49443270397, 0.32708550771, 0.16858327093],
      [0.46188283669, 0.024151917652, 0.51197247086, 0.0019927747934],
      [0.035800986896, 0.028445713462, 0.90746671198, 0.02828658766],
      [0.0047144936773, 0.8205887291, 0.08835246137, 0.086344315849],
      [0.10361250146, 0.045298087074, 0.5395257036, 0.31156370787]
    ],
    [
      [0.0025655105886, 0.56132255408, 0.24627424962, 0.18983768572],
      [0.21480252148, 0.049819633438, 0.7255438253, 0.0098340197873],
      [0, 0.044185917875, 0.91441388201, 0.041400200111],
      [0.0011025270011, 0.85150673733, 0.059973379251, 0.087417356416],
      [0.031923503716, 0.05987257983, 0.48532075506, 0.42288316139]
    ],
    [
      [0.0029571854043, 0.70891418409, 0.21872215954, 0.069406470966],
      [0.27456308289, 0.057356982733, 0.66658735784, 0.0014925765367],
      [0.020984293664, 0.064479358062, 0.91287432811, 0.0016620201677],
      [0.00106137361, 0.92748603904, 0.044398877011, 0.027053710338],
      [0.053620697621, 0.098591799537, 0.62650425291, 0.22128324994]
    ],
    [
      [0, 0.93181453697, 0.044055781735, 0.024129681299],
      [0, 0.24257805633, 0.75502882884, 0.0023931148273],
      [0, 0.12829007707, 0.86237095283, 0.0093389701037],
      [0, 0.98463574624, 0.0075935270873, 0.0077707266703],
      [0, 0.2977186306, 0.43228171175, 0.26999965765]
    ],
    [
      [0.0010085769416, 0.70717567964, 0.14090175511, 0.15091398831],
      [0.11066285469, 0.1073941833, 0.74313223012, 0.038810731879],
      [0, 0.079029426967, 0.86769965397, 0.053270919065],
      [0, 0.91110618685, 0.029651969893, 0.059241843261],
      [0, 0.10571629173, 0.41396438424, 0.48031932404]
    ],
    [
      [0.0029836024302, 0.53238203346, 0.29946329543, 0.16517106868],
      [0.21877306376, 0.040159638682, 0.73803877408, 0.0030285234726],
      [0.0072887279182, 0.034303144054, 0.92528324827, 0.033124879761],
      [0.0013444525447, 0.84211895446, 0.076467303089, 0.080069289904],
      [0.035441318996, 0.054778707418, 0.56205997098, 0.34772000261]
    ],
    [
      [0.002621211497, 0.49237150823, 0.3840113574, 0.12099592288],
      [0.16538394358, 0.030060069943, 0.80272893087, 0.0018270556077],
      [0.0032487866955, 0.026002890069, 0.95731152883, 0.01343679441],
      [0.0012303057378, 0.83533453332, 0.10185175127, 0.06158340967],
      [0.029560528149, 0.046318686927, 0.68468596541, 0.23943481952]
    ],
    [
      [0.0012123434964, 0.82204052391, 0.1151351809, 0.061611951702],
      [0.24112276066, 0.11003558657, 0.64657335429, 0.0022682984787],
      [0.026342960761, 0.1075286184, 0.8565514856, 0.0095769352402],
      [0.00039175020221, 0.95714432925, 0.021042961142, 0.021420959409],
      [0.03360196548, 0.16276778368, 0.50282103471, 0.30080921612]
    ],
    [
      [0.0030389826939, 0.61646248465, 0.2417676228, 0.13873090986],
      [0.2530089165, 0.055406318837, 0.68858154031, 0.0030032243538],
      [0.012126089894, 0.051107282295, 0.90766439765, 0.02910223016],
      [0.0012551829708, 0.88049591411, 0.056652431021, 0.061596471898],
      [0.042604167692, 0.076619261925, 0.53605128793, 0.34472528245]
    ],
    [
      [0.0038989787243, 0.73777863632, 0.14324191636, 0.11508046859],
      [0.52297227627, 0.054133419679, 0.42062945712, 0.0022648469396],
      [0.0488996609, 0.065590673862, 0.83395553894, 0.051554126293],
      [0.00134322325, 0.92828270781, 0.027979214185, 0.04239485475],
      [0.077588260351, 0.10367810587, 0.42827187558, 0.3904617582]
    ],
    [
      [0.0043001925425, 0.35540487908, 0.32074197988, 0.31955294849],
      [0.28117995114, 0.023479287401, 0.69026917369, 0.0050715877651],
      [0.01850346747, 0.027627179108, 0.91571516715, 0.038154186272],
      [0.0024088333412, 0.70367576091, 0.10180047979, 0.19211492596],
      [0.037477062213, 0.026940215081, 0.44058830819, 0.49499441451]
    ],
    [
      [0.0036300131748, 0.43090854658, 0.33965061213, 0.22581082812],
      [0.23049904321, 0.029459364615, 0.73632520135, 0.0037163908277],
      [0.0092140059248, 0.0239912375, 0.92904440326, 0.037750353311],
      [0.001878517154, 0.77282849411, 0.099709416143, 0.1255835726],
      [0.035870454628, 0.037726217739, 0.53072982827, 0.39567349936]
    ],
    [
      [0.0060098483037, 0.48830859425, 0.35281370026, 0.15286785719],
      [0.32727740112, 0.027257469914, 0.64338441937, 0.00208070959],
      [0.024620978898, 0.025716578935, 0.92674685642, 0.02291558575],
      [0.0028725569637, 0.82297008414, 0.095573752211, 0.078583606681],
      [0.064712656989, 0.045322408549, 0.5989886671, 0.29097626737]
    ],
    [
      [0.0033610004419, 0.44426387691, 0.32544641262, 0.22692871003],
      [0.2274569076, 0.030077660754, 0.73868177797, 0.003783653679],
      [0.0089069351669, 0.025086572347, 0.92466819512, 0.041338297371],
      [0.0016542470427, 0.78828661411, 0.090694485488, 0.11936465336],
      [0.03385967782, 0.037852062038, 0.51839837659, 0.40988988355]
    ],
    [
      [0.0038831653058, 0.47108201124, 0.35507100062, 0.16996382284],
      [0.23844600708, 0.028998938421, 0.72998371012, 0.0025713443763],
      [0.01167699813, 0.024237679827, 0.93419773458, 0.029887587459],
      [0.0018733872639, 0.81296882561, 0.096974913694, 0.088182873433],
      [0.041264998952, 0.042511055935, 0.59594533718, 0.32027860794]
    ],
    [
      [0.0045217205029, 0.48044377393, 0.36472610258, 0.15030840298],
      [0.25843925155, 0.029393374372, 0.7099476749, 0.002219699183],
      [0.014752636486, 0.026078478752, 0.93887145864, 0.020297426119],
      [0.0022155694364, 0.81723063151, 0.10136589388, 0.079187905175],
      [0.048611976517, 0.045588138395, 0.61966188778, 0.2861379973]
    ],
    [
      [0.0068611440244, 0.59431135405, 0.23246399902, 0.1663635029],
      [0.49375252913, 0.031836826566, 0.47201132253, 0.0023993217711],
      [0.041258574853, 0.044360243828, 0.87124997464, 0.043131206683],
      [0.0026898645765, 0.87625894159, 0.051591460606, 0.069459733225],
      [0.089706106216, 0.057534629491, 0.46801073842, 0.38474852587]
    ],
    [
      [0.0055441895819, 0.54945219795, 0.29450826145, 0.15049535102],
      [0.35052590524, 0.034802470562, 0.61233736519, 0.0023342590109],
      [0.027391480454, 0.035826497571, 0.90903324795, 0.027748774025],
      [0.0024434575835, 0.8526557551, 0.073569622869, 0.071331164452],
      [0.066726123401, 0.056629097737, 0.55723527233, 0.31940950654]
    ],
    [
      [0.0051580089876, 0.49028446556, 0.32424548224, 0.18031204321],
      [0.30634381688, 0.031556189986, 0.65930818994, 0.0027918031921],
      [0.020581632937, 0.029517572806, 0.91890806053, 0.030992733723],
      [0.0024828233097, 0.8156666755, 0.088553440541, 0.093297060652],
      [0.055613146662, 0.046967633988, 0.5528767384, 0.34454248095]
    ],
    [
      [0.0022178493169, 0.68425881502, 0.19814490146, 0.1153784342],
      [0.21499702949, 0.063684214275, 0.71466546822, 0.0066532880108],
      [0.014350825772, 0.06069998533, 0.89430165783, 0.030647531072],
      [0.00082872469798, 0.91109327286, 0.041934208118, 0.046143794327],
      [0.036896261719, 0.093545098732, 0.52280019748, 0.34675844207]
    ],
    [
      [0.0075318050869, 0.61024588876, 0.25002755416, 0.13219475199],
      [0.44942524038, 0.038922968923, 0.50961037313, 0.002041417572],
      [0.03161512218, 0.048980009515, 0.89430353514, 0.02510133317],
      [0.0031258555417, 0.879056328, 0.058860686968, 0.058957129495],
      [0.099256655598, 0.070753294978, 0.52102243786, 0.30896761156]
    ],
    [
      [0.0027794411882, 0.66955233436, 0.18247778128, 0.14519044317],
      [0.30817181584, 0.063657589371, 0.6247571882, 0.0034134065906],
      [0.019171023075, 0.061357653502, 0.88077000361, 0.038701319813],
      [0.0092212155742, 0.89612651404, 0.026531762578, 0.068120507803],
      [0.044478283187, 0.086962874702, 0.45842918035, 0.41012966177]
    ],
    [
      [0.020906193467, 0.44858885001, 0.35410637242, 0.1763985841],
      [0.6617831473, 0.011623710143, 0.32542979128, 0.0011633512841],
      [0.049055884915, 0.018899470863, 0.90054595867, 0.031498685548],
      [0.0099573722031, 0.80487012645, 0.095436512861, 0.089735988488],
      [0.19103208322, 0.032008086711, 0.49724961587, 0.2797102142]
    ],
    [
      [0.0047832810269, 0.64046880423, 0.2729644592, 0.081783455541],
      [0.35872204714, 0.03353358266, 0.60650727314, 0.0012370970574],
      [0.034196417894, 0.041831304312, 0.91205333115, 0.011918946641],
      [0.0017415206557, 0.90972354291, 0.056040923977, 0.032494012461],
      [0.072732596968, 0.066308547398, 0.64687809991, 0.21408075572]
    ],
    [
      [0.0088663606929, 0.37735423972, 0.42806761251, 0.18571178707],
      [0.40277225335, 0.014541786821, 0.58089790789, 0.001788051931],
      [0.034667112389, 0.0074198441728, 0.92985514675, 0.028057896693],
      [0.0046920356035, 0.7618268427, 0.12795761968, 0.10552350201],
      [0.08026849136, 0.027193460843, 0.60039556569, 0.29214248211]
    ],
    [
      [0.0048126551388, 0.52028527617, 0.28410199086, 0.19080007784],
      [0.33759192035, 0.032910395191, 0.62646758661, 0.0030300978487],
      [0.028012336202, 0.03133944103, 0.89969465091, 0.04095357186],
      [0.0021251785296, 0.83650060994, 0.070989181444, 0.090385030091],
      [0.055127800359, 0.048553882094, 0.50970345288, 0.38661486467]
    ],
    [
      [0.0084874762263, 0.81315776811, 0.10337175967, 0.074982995998],
      [1, 1.6773226757e-56, 2.2532453867e-59, 3.5589809753e-55],
      [0.08373524765, 0.051806487177, 0.78588180488, 0.078576460293],
      [0.0024033639104, 0.95744932515, 0.017069097444, 0.0230782135],
      [0.32347903877, 0.074909491301, 0.34241231552, 0.25919915441]
    ],
    [
      [1.0301695751e-09, 0.10201970761, 0.8064891, 0.09149119136],
      [0.17401563429, 0.013016158853, 0.81046502918, 0.0025031776752],
      [5.8862665395e-22, 0.00095663395738, 0.99749157751, 0.001551788532],
      [0, 0.59980867321, 0.2005016845, 0.19968964229],
      [0.030917035454, 0.018964078223, 0.645355195, 0.30476369133]
    ],
    [
      [0.0031523383562, 0.55889384802, 0.22500561084, 0.21294820279],
      [0.27525845848, 0.051626452585, 0.66835822577, 0.0047568631621],
      [0.014783833501, 0.047044377899, 0.88833745225, 0.049834336348],
      [0.001368139624, 0.84401876607, 0.055385177823, 0.099227916486],
      [0.038681891929, 0.060169903394, 0.4365996404, 0.46454856428]
    ],
    [
      [0.0047200127688, 0.57653091156, 0.2288356888, 0.18991338688],
      [0.35705955388, 0.047107550309, 0.5920969629, 0.0037359329122],
      [0.02657489104, 0.047603936518, 0.88130939105, 0.044511781389],
      [0.0020238137113, 0.85479516281, 0.055668960399, 0.087512063081],
      [0.059227428399, 0.064166857206, 0.4540853463, 0.42252036809]
    ],
    [
      [0.0038514098719, 0.69079084753, 0.18156463126, 0.12379311133],
      [0.36896700456, 0.063109975982, 0.56509819256, 0.0028248268981],
      [0.030451599776, 0.064821985596, 0.86921471638, 0.035511698244],
      [0.0014378786484, 0.91052516561, 0.038421962582, 0.049614993159],
      [0.064129179672, 0.095732556872, 0.47518941834, 0.36494884511]
    ],
    [
      [0.0033532059573, 0.48200312138, 0.28562919382, 0.22901447885],
      [0.25505184331, 0.035314814551, 0.7055417774, 0.0040915647394],
      [0.01580309972, 0.030713393412, 0.90802857603, 0.045454930841],
      [0.0015708458885, 0.80766087487, 0.075767049458, 0.11500122979],
      [0.035933815937, 0.043735346543, 0.4824600783, 0.43787075922]
    ],
    [
      [0.0048519438341, 0.46357684771, 0.34220108368, 0.18937012478],
      [0.28467595911, 0.028955846988, 0.6835080962, 0.0028600977044],
      [0.017747287312, 0.025105927009, 0.92531279447, 0.031833991211],
      [0.0024049901407, 0.80054259774, 0.096195098875, 0.10085731325],
      [0.050228850849, 0.042194854867, 0.55994718271, 0.34762911157]
    ],
    [
      [0.0051562650005, 0.47910731398, 0.34218331414, 0.17355310688],
      [0.29553812462, 0.029786997508, 0.67207902908, 0.0025958487964],
      [0.0191265827, 0.027083756081, 0.92592203374, 0.02786762748],
      [0.0025252551409, 0.81102902271, 0.095080915269, 0.091364806882],
      [0.054680172797, 0.045147288799, 0.57395545455, 0.32621708385]
    ],
    [
      [0.0067558288299, 0.46794523203, 0.36337346701, 0.16192547214],
      [0.34965007606, 0.02435039527, 0.6239358867, 0.0020636419611],
      [0.027967982934, 0.022492271143, 0.92457872374, 0.024961022184],
      [0.0032959717107, 0.81129652659, 0.10042330702, 0.084984194683],
      [0.069981528164, 0.041385543042, 0.59266560133, 0.29596732746]
    ],
    [
      [0.018544229926, 0.53293900859, 0.29066175279, 0.15785500869],
      [0.65424930141, 0.01798331309, 0.32646077759, 0.0013066079108],
      [0.040245123233, 0.033878775601, 0.89218448579, 0.033691615371],
      [0.0082654482968, 0.84255634357, 0.0734257523, 0.075752455835],
      [0.19323854455, 0.046741200821, 0.47285294041, 0.28716731422]
    ],
    [
      [0.0053452300309, 0.50807995409, 0.30867260036, 0.17790221552],
      [0.32452958961, 0.033124283618, 0.63955095656, 0.0027951702149],
      [0.023006966189, 0.032008901995, 0.91265118562, 0.032332946195],
      [0.002506039029, 0.82573911587, 0.082093094647, 0.089661750459],
      [0.059285834727, 0.049829187474, 0.54123423723, 0.34965074057]
    ],
    [
      [0.0045639703247, 0.59177432651, 0.26880822303, 0.13485348013],
      [0.31666993979, 0.044123556023, 0.63678091477, 0.0024255894141],
      [0.022241950754, 0.044950511666, 0.90906825866, 0.023739278915],
      [0.0019410098653, 0.87154528666, 0.064854187475, 0.061659515998],
      [0.059907399335, 0.06868104801, 0.55782816192, 0.31358339073]
    ],
    [
      [0.0021970286717, 0.41993819691, 0.28101402839, 0.29685074602],
      [0.18665822155, 0.029480441833, 0.77835427422, 0.0055070623997],
      [0.005336466718, 0.030074729765, 0.91419937084, 0.050389432681],
      [0.0010037596856, 0.78393482772, 0.072267485882, 0.14279392672],
      [0.02073934708, 0.029909551153, 0.42434522827, 0.5250058735]
    ],
    [
      [0.0032696925843, 0.53388222677, 0.2724551775, 0.19039290315],
      [0.24745167498, 0.043528936189, 0.7052789597, 0.0037404291309],
      [0.0099826783006, 0.03878242024, 0.91161532635, 0.039619575109],
      [0.001478512856, 0.83610552153, 0.069891040195, 0.092524925422],
      [0.038529688452, 0.055703000368, 0.50781816369, 0.39794914749]
    ],
    [
      [0.0036725891442, 0.61171700451, 0.2206007875, 0.16400961884],
      [0.30763703053, 0.055615715908, 0.63316142782, 0.0035858257412],
      [0.020334849453, 0.053143835231, 0.88654221871, 0.039979096605],
      [0.001519154627, 0.87378163448, 0.051775415803, 0.072923795089],
      [0.050257542796, 0.074440273717, 0.47748939257, 0.39781279092]
    ],
    [
      [0.002138200917, 0.69193926657, 0.16457435198, 0.14134818053],
      [0.25445293134, 0.084619480943, 0.65672187301, 0.0042057147058],
      [0.013894060275, 0.073306826431, 0.86776325203, 0.045035861269],
      [0.00080509845491, 0.90690171771, 0.035141337302, 0.057151846537],
      [0.036094444541, 0.10135855179, 0.43888977633, 0.42365722733]
    ],
    [
      [0, 0, 0.73034401193, 0.26965598807],
      [0, 0, 0.99880459089, 0.0011954091079],
      [0, 0, 0.99007300737, 0.0099269926349],
      [0.0012816102915, 0.62682879637, 0.26456090603, 0.10732868731],
      [0, 0, 0.82544985667, 0.17455014333]
    ],
    [
      [0.0027650720373, 0.47904947561, 0.30657067268, 0.21161477967],
      [0.2014347555, 0.036938179956, 0.75768407863, 0.0039429859106],
      [0.0040768695814, 0.031019982866, 0.92493566199, 0.039967485563],
      [0.0013339801053, 0.80508181371, 0.083862448959, 0.10972175723],
      [0.029730235678, 0.045286219494, 0.52126045538, 0.40372308944]
    ],
    [
      [0.0077562086394, 0.42144652224, 0.34325766223, 0.22753960689],
      [0.39702459343, 0.021220598429, 0.57894836108, 0.0028064470602],
      [0.032944034586, 0.017836751524, 0.90959912985, 0.039620084036],
      [0.00394617361, 0.77303939344, 0.098860990473, 0.12415344248],
      [0.073385313953, 0.033696086092, 0.51118511288, 0.38173348708]
    ],
    [
      [0.0045861706436, 0.4020989968, 0.37762127021, 0.21569356234],
      [0.25850165521, 0.022989507769, 0.71550071069, 0.0030081263289],
      [0.014806438186, 0.015865774468, 0.93421844534, 0.035109342011],
      [0.0024227775997, 0.7624553252, 0.11294264351, 0.12217925369],
      [0.043235008085, 0.032396598279, 0.56241606961, 0.36195232403]
    ],
    [
      [0.0027033833543, 0.71124435679, 0.19936993323, 0.086682326625],
      [0.28050549156, 0.062152475827, 0.65532963914, 0.0020123934781],
      [0.025712289981, 0.066042779442, 0.89664707428, 0.011597856293],
      [0.00096746794323, 0.92516361059, 0.040341147087, 0.033527774379],
      [0.049441185408, 0.099650044299, 0.5736184611, 0.27729030919]
    ],
    [
      [2.2884579409e-06, 0.88797413411, 0.023422625703, 0.088600951727],
      [0.37452948949, 0.056550324184, 0.56447491327, 0.0044452730578],
      [0, 0.066414576448, 0.87153579654, 0.062049627007],
      [0, 0.95983940803, 0, 0.040160591973],
      [0, 0.094227791446, 0.12846420346, 0.7773080051]
    ],
    [
      [0, 0.91542717143, 0.08457282857, 0],
      [0, 0.10760559904, 0.89239440096, 0],
      [0, 0.086340355568, 0.91365964443, 0],
      [0, 0.98842213794, 0.011577862059, 0],
      [0, 0.3094001091, 0.6905998909, 0]
    ],
    [
      [0.00023628751285, 0.83091840304, 0.070151570415, 0.098693739032],
      [0, 0.15125469929, 0.78807003309, 0.060675267629],
      [0, 0.10377021069, 0.83153881443, 0.064690974881],
      [0, 0.95580521658, 0.012505498149, 0.031689285275],
      [0, 0.13418583596, 0.31401832592, 0.55179583812]
    ],
    [
      [0.0041927470058, 0.71179728688, 0.19862616909, 0.085383797024],
      [0.38375910036, 0.05813375694, 0.5563392238, 0.0017679189018],
      [0.034302530062, 0.07237973547, 0.89003174104, 0.0032859934252],
      [0.0015368494171, 0.923475444, 0.041239667565, 0.033748039014],
      [0.075321251168, 0.10411140204, 0.55477372527, 0.26579362152]
    ],
    [
      [0, 0.64333422825, 0.35666577175, 0],
      [0, 0.034862496068, 0.96513750393, 0],
      [0, 0.025302725718, 0.97469727428, 0],
      [0, 0.94770712261, 0.052292877386, 0],
      [0, 0.12725208091, 0.87274791909, 0]
    ],
    [
      [0.0052246302995, 0.16652633915, 0.55755391882, 0.27069511172],
      [0.26859466706, 0.0055728672567, 0.72396263067, 0.0018698350153],
      [0.0335165038, 0, 0.92474057895, 0.041742917252],
      [0.023710204668, 0.56250964268, 0.20943828549, 0.20434186717],
      [0.037386478047, 0.009779712955, 0.62466418187, 0.32816962713]
    ],
    [
      [0.032784898101, 0.42536010855, 0.28623325324, 0.25562174011],
      [0.84813710336, 0.0058348211977, 0.14519181621, 0.00083625923144],
      [0.071745646218, 0.021282271434, 0.85638754148, 0.050584540872],
      [0.015758816082, 0.77445746675, 0.078007580569, 0.1317761366],
      [0.27555753008, 0.026374128605, 0.34784409049, 0.35022425082]
    ],
    [
      [0, 0.38435404454, 0.34076790286, 0.2748780526],
      [0.96449329521, 0.00098032843847, 0.034402764041, 0.00012361230617],
      [0.014452828528, 0.013982960481, 0.91531834623, 0.056245864758],
      [0.027292701313, 0.79008200273, 0.086431335073, 0.09619396088],
      [0.46566199576, 0.017222657418, 0.32377773516, 0.19333761166]
    ],
    [
      [2.5247796851e-06, 0.8714347414, 0.11000139327, 0.018561340549],
      [0.24399832897, 0.044226630907, 0.70861280198, 0.0031622381396],
      [0, 0.020471151778, 0.97952884822, 0],
      [0, 0.98464663617, 0.015353363833, 0],
      [1.2751421271e-12, 0.086143910374, 0.91150834597, 0.0023477436513]
    ],
    [
      [0.0034046040543, 0.63748993163, 0.19993997277, 0.15916549155],
      [0.31666767234, 0.060994532179, 0.61864418236, 0.0036936131211],
      [0.023182226265, 0.058844892666, 0.87473907693, 0.04323380414],
      [0.0013587145488, 0.88511661949, 0.045249153702, 0.068275512264],
      [0.049619827265, 0.080941719338, 0.45935433098, 0.41008412242]
    ],
    [
      [0.0045420640519, 0.67073676354, 0.18568985673, 0.13903131568],
      [0.39680730923, 0.060556325205, 0.53959771474, 0.00303865082],
      [0.032301958056, 0.067703782355, 0.86256984616, 0.037424413427],
      [0.0017550064244, 0.89979894882, 0.040699363331, 0.05774668142],
      [0.070759089131, 0.091236846145, 0.45558401194, 0.38242005278]
    ],
    [
      [0.0020217419007, 0.75211290232, 0.12439191095, 0.12147344483],
      [0.38815844887, 0.081411308528, 0.52690776301, 0.0035224795954],
      [0.040625706819, 0.080494131506, 0.82474100341, 0.054139158262],
      [0.00069288767236, 0.93078631588, 0.02416868846, 0.044352107984],
      [0.042265625511, 0.11502926693, 0.39829902886, 0.4444060787]
    ],
    [
      [0.0049301791182, 0.62296640675, 0.21784273139, 0.15426068274],
      [0.39432584735, 0.046549872585, 0.55625557387, 0.002868706196],
      [0.033491227603, 0.048893956595, 0.87666076956, 0.040954046242],
      [0.001965739184, 0.88273069773, 0.049207183339, 0.06609637975],
      [0.069025793041, 0.072369500135, 0.47812854905, 0.38047615777]
    ],
    [
      [0.0045017512752, 0.5993507779, 0.17964934147, 0.21649812936],
      [0.44615005796, 0.048426720405, 0.50110350933, 0.0043197123068],
      [0.040397950303, 0.054524459502, 0.8441264441, 0.06095114609],
      [0.0018220703646, 0.86318755317, 0.041227214467, 0.093763161997],
      [0.059916102473, 0.065232158131, 0.36942402526, 0.50542771414]
    ],
    [
      [0.011566748122, 0.34977079978, 0.34826466147, 0.29039779063],
      [0.50140736988, 0.014789821497, 0.48083716771, 0.0029656409104],
      [0.040074164759, 0.017067084591, 0.90337033738, 0.039488413272],
      [0.0065534210578, 0.70495401584, 0.11181577835, 0.17667678475],
      [0.096335273567, 0.024997402352, 0.45337712774, 0.42529019634]
    ],
    [
      [0.0037490950539, 0.47816012703, 0.32368504462, 0.1944057333],
      [0.25971183083, 0.031027511473, 0.70618843418, 0.0030722235119],
      [0.018396109746, 0.024085725897, 0.91970401159, 0.03781415277],
      [0.0017817801525, 0.81160045916, 0.087036659843, 0.099581100847],
      [0.040408348915, 0.043551869434, 0.54745629286, 0.36858348879]
    ],
    [
      [0.0057578358798, 0.39547746719, 0.38703161459, 0.21173308234],
      [0.30429779927, 0.021099347574, 0.6718597453, 0.0027431078497],
      [0.022553999798, 0.015532662512, 0.92905711866, 0.032856219026],
      [0.0031089664309, 0.75555710048, 0.1183970132, 0.12293691989],
      [0.053626958468, 0.031802344397, 0.56678205502, 0.34778864212]
    ],
    [
      [0.0048296224107, 0.50413865406, 0.2893716418, 0.20166008173],
      [0.32086264799, 0.034307617535, 0.64149304214, 0.0033366923337],
      [0.023427499242, 0.032575265315, 0.90414945072, 0.03984778472],
      [0.0022399865967, 0.82120459402, 0.076078506249, 0.10047691313],
      [0.053337251896, 0.048194324124, 0.50388014225, 0.39458828173]
    ],
    [
      [3.0120714209e-05, 1.0672297487e-05, 0.99962802908, 0.00033117791044],
      [0.057585067987, 0.0029773128777, 0.93852848382, 0.00090913531576],
      [0, 0, 1, 0],
      [0, 0, 1, 0],
      [0.0089818659826, 8.0454713774e-12, 0.99101813401, 2.3080310851e-30]
    ],
    [
      [0.0037450342148, 0.55375147178, 0.28710415311, 0.1553993409],
      [0.26804758721, 0.04059134124, 0.68857461487, 0.0027864566772],
      [0.01636068246, 0.037522028502, 0.91546877933, 0.030648509708],
      [0.0016431341249, 0.85366516328, 0.071394778189, 0.073296924404],
      [0.046037003287, 0.058681243825, 0.55696003006, 0.33832172282]
    ],
    [
      [0.0060548321131, 0.50966634456, 0.26471101829, 0.21956780504],
      [0.39811921622, 0.033174027442, 0.56522879204, 0.0034779642996],
      [0.032315683467, 0.035329320453, 0.88748289232, 0.044872103764],
      [0.0027693341242, 0.8207423948, 0.068631100788, 0.10785717029],
      [0.06671119236, 0.048201710546, 0.45788230372, 0.42720479338]
    ],
    [
      [0.0038367970536, 0.43577325636, 0.34023069182, 0.22015925477],
      [0.24527758844, 0.028316057628, 0.72291582976, 0.0034905241736],
      [0.013156915895, 0.022543129192, 0.92595570815, 0.038344246768],
      [0.0019412143276, 0.78096678253, 0.097539501176, 0.11955250196],
      [0.038246924453, 0.037435347244, 0.5348724164, 0.38944531191]
    ],
    [
      [0.0039956109415, 0.4592685518, 0.32260650559, 0.21412933168],
      [0.26569618788, 0.02969430432, 0.70120425963, 0.0034052481658],
      [0.018334281451, 0.024549561499, 0.91626150408, 0.040854652969],
      [0.0019340062588, 0.79836325027, 0.088369849337, 0.11133289414],
      [0.041337565156, 0.040122415666, 0.525762451, 0.39277756818]
    ],
    [
      [0.0034402109063, 0.6331828663, 0.23755306665, 0.12582385615],
      [0.28819471527, 0.052832909107, 0.65639228439, 0.002580091229],
      [0.020520237864, 0.051602231792, 0.90248864907, 0.025388881269],
      [0.0013771761791, 0.89052268384, 0.053890846861, 0.054209293121],
      [0.050261069485, 0.078903911859, 0.54657064017, 0.32426437849]
    ],
    [
      [0.0030736729004, 0.48433462905, 0.29394174952, 0.21864994852],
      [0.23162277567, 0.035892208687, 0.72854297572, 0.0039420399167],
      [0.011666980519, 0.030121003786, 0.91465104218, 0.04356097351],
      [0.001444074291, 0.81012151271, 0.078201494544, 0.11023291845],
      [0.033195685648, 0.04461773331, 0.50117208191, 0.42101449914]
    ],
    [
      [0.0064417629704, 0.38363394112, 0.41519517241, 0.1947291235],
      [0.31168395865, 0.019053079396, 0.66692445621, 0.002338505743],
      [0.023258827401, 0.014490321741, 0.93458011031, 0.027670740544],
      [0.0035738033448, 0.74960276421, 0.13052952201, 0.11629391043],
      [0.05885120386, 0.030455786833, 0.59712640745, 0.31356660185]
    ],
    [
      [0.026668641218, 0.2520400141, 0.24666703333, 0.47462431135],
      [0.85930259265, 0.0036064146615, 0.1354934319, 0.0015975607841],
      [0.055659392213, 0.032848144875, 0.87280720516, 0.038685257755],
      [0.015279289389, 0.62127685422, 0.079859809374, 0.28358404702],
      [0.18394114263, 0.012558751995, 0.2432036348, 0.56029647057]
    ],
    [
      [0.0052299448043, 0.46856856173, 0.33125600696, 0.19494548651],
      [0.34736157698, 0, 0.65263842302, 0],
      [0.050879474339, 0, 0.94912052566, 0],
      [0.00091296295588, 0.96011181859, 0.038933098981, 4.2119470127e-05],
      [0.054598256919, 0.030387648825, 0.57676980418, 0.33824429007]
    ],
    [
      [0, 0.055886186939, 0.94411381306, 0],
      [0.087397397492, 0.0073792564938, 0.90401593648, 0.0012074095353],
      [0, 0, 1, 0],
      [0, 0.47063987555, 0.52936012445, 0],
      [0, 0.0028340619696, 0.99716593803, 0]
    ],
    [
      [0.0086267636165, 0.88162572116, 0.098302296723, 0.0114452185],
      [0.85167950636, 0.0076529188729, 0.14066757477, 0],
      [0, 0.055434331765, 0.94456566824, 0],
      [0.0022370663602, 0.97970720856, 0.014558132331, 0.0034975927491],
      [0.32416024682, 0.13530487703, 0.54053487615, 0]
    ],
    [
      [0.0038616902404, 0.20387555126, 0.098519075469, 0.69374368303],
      [0.990005508, 0.00046236463181, 0.0092233970388, 0.00030873033074],
      [0.081535749395, 0.10158675039, 0.79661117259, 0.020266327627],
      [0.0024964841336, 0.54233308539, 0.036277175633, 0.41889325485],
      [0.021940646247, 0.0092609619131, 0.081849202018, 0.88694918982]
    ],
    [
      [0.012968141682, 0.57879625507, 0.27634217376, 0.13189342948],
      [0.5884403362, 0.023738101274, 0.38647370836, 0.0013478541599],
      [0.038419426605, 0.039169808258, 0.89706212317, 0.025348641969],
      [0.0054457426185, 0.86902018795, 0.065726473298, 0.059807596138],
      [0.15542317265, 0.056908053748, 0.51449004174, 0.27317873186]
    ],
    [
      [0, 0.61639125351, 0.20957050567, 0.17403824082],
      [0, 0.062894216724, 0.89660390282, 0.040501880451],
      [0, 0.04724756051, 0.91086450293, 0.041887936557],
      [0, 0.88308499053, 0.045900119117, 0.071014890348],
      [0, 0.073762268821, 0.47924407824, 0.44699365294]
    ],
    [
      [0.0029370710498, 0.56905381934, 0.25515534432, 0.1728537653],
      [0.24450519797, 0.047310639159, 0.70465745893, 0.0035267039361],
      [0.013119968991, 0.041425173008, 0.90568755359, 0.039767304412],
      [0.0012539894114, 0.85776233579, 0.06172828933, 0.079255385467],
      [0.03728371638, 0.061666069032, 0.51117743298, 0.3898727816]
    ],
    [
      [0, 0.70756886719, 0.17414022312, 0.11829090969],
      [0.14285714286, 0.087923004322, 0.75272700121, 0.016492851612],
      [0, 0.067971260938, 0.89554545995, 0.036483279107],
      [0, 0.91745355516, 0.036539900416, 0.046006544421],
      [0, 0.10528520769, 0.51852557236, 0.37618921995]
    ],
    [
      [0.0087581195749, 0.58242406487, 0.24927333957, 0.15954447598],
      [0.51261709955, 0.03131571444, 0.45394630157, 0.0021208844452],
      [0.038843614095, 0.039652027868, 0.88254657815, 0.038957779883],
      [0.0036595739312, 0.8655430674, 0.059010474221, 0.071786884452],
      [0.10913529235, 0.060256082824, 0.48395783274, 0.34665079209]
    ],
    [
      [0.021059326215, 0.1294914045, 0.63224775813, 0.21720151115],
      [0.56696346463, 0, 0.42978900459, 0.0032475307771],
      [0.037395664472, 0, 0.93746584723, 0.025138488297],
      [0.016719441023, 0.47726810088, 0.28629518934, 0.21971726876],
      [0.14028225962, 0.0068999902097, 0.63405445319, 0.21876329698]
    ],
    [
      [0.0053788518297, 0.5353751324, 0.31924667556, 0.1399993402],
      [0.33143724719, 0.03113764987, 0.63540169455, 0.0020234083965],
      [0.027420850683, 0.030502874085, 0.91767431184, 0.024401963388],
      [0.0023762021219, 0.85108759644, 0.079817167453, 0.066719033984],
      [0.063664573861, 0.052466662129, 0.59315352551, 0.2907152385]
    ],
    [
      [0.0082930695106, 0.091147745825, 0.83835879237, 0.062200392293],
      [0.33284414041, 0.0020452297596, 0.66511062983, 0],
      [0.01315229998, 0, 0.98684770002, 0],
      [0.11595167681, 0.49897738512, 0.38507093807, 0],
      [0.1187795687, 0, 0.8812204313, 0]
    ],
    [
      [0.0062906950778, 0.59757092762, 0.24422254441, 0.15191583289],
      [0.41789372867, 0.040553860624, 0.53903085095, 0.002521559753],
      [0.033379441024, 0.046104749638, 0.88671859316, 0.033797216175],
      [0.002622948831, 0.87156692031, 0.05774539241, 0.068064738445],
      [0.081975730785, 0.067227385555, 0.50099592187, 0.34980096179]
    ],
    [
      [0.004697342921, 0.69284278871, 0.20402450481, 0.098435363563],
      [0.38375167348, 0.057434707223, 0.55679938569, 0.0020142336096],
      [0.031588661085, 0.063273907881, 0.88842919097, 0.016708240059],
      [0.0017723177144, 0.91464348186, 0.043647339613, 0.039936860808],
      [0.078050959623, 0.098450754978, 0.53436543565, 0.28913284975]
    ],
    [
      [0.0052273185679, 0.38751258131, 0.37840579295, 0.22885430718],
      [0.28337051869, 0.021957485291, 0.69153450294, 0.0031374930864],
      [0.018684402862, 0.015670946761, 0.93001007881, 0.035634571566],
      [0.0028602789549, 0.74520102016, 0.1173515345, 0.13458716639],
      [0.04800442437, 0.031073979981, 0.54863705778, 0.37228453787]
    ],
    [
      [0.0050578768573, 0.48785269812, 0.2734984779, 0.23359094712],
      [0.34533802838, 0.033804943173, 0.61692155211, 0.0039354763288],
      [0.026464484916, 0.034044888423, 0.89480721859, 0.044683408069],
      [0.0023806600869, 0.8065716112, 0.07297691215, 0.11807081657],
      [0.053983175555, 0.045046547372, 0.4595927066, 0.44137757048]
    ],
    [
      [0.016472443621, 0.56603676068, 0.17267880592, 0.24481198978],
      [0.7540241833, 0.021024908729, 0.22267441882, 0.0022764891502],
      [0.040696566095, 0.064649499403, 0.81316322742, 0.08149070708],
