{
  "Z_true": {},
  "V_true": [
    [14, 304, 251, 423],
    [720, 268, 2397, 43],
    [311, 181, 10212, 308],
    [227, 11825, 1957, 439],
    [90, 297, 1276, 189],
    [123, 365, 432, 216]
  ],
  "p_true": [
    [0.0141, 0.3065, 0.253, 0.4264],
    [0.21, 0.0782, 0.6992, 0.0125],
    [0.0282, 0.0164, 0.9274, 0.028],
    [0.0157, 0.8185, 0.1355, 0.0304],
    [0.0486, 0.1604, 0.689, 0.1021],
    [0.1083, 0.3213, 0.3803, 0.1901]
  ],
  "Z_est": [
    [
      [0.001, 0, 0.0001, 0.0025, 0, 0.0039, 0, 0.0006, 0.0004, 0.0032, 0.0019, 0.001, 0, 0.0024, 0, 0.0013, 0.0027, 0.0036, 0.0004, 0.0039, 0.0026, 0.0016, 0.015, 0.0008, 0.0022, 0.0025, 0.0011, 0, 0.0001, 0.0009, 0.0002, 0.0016, 0.0012, 0.0028, 0.002, 0.0028, 0.001, 0.0019, 0.0002, 0.0015, 0, 0.0039, 0.0013, 0.0013, 0.0008, 0.0012, 0.0012, 0, 0.0002, 0, 0],
      [0.0201, 0, 1.099, 4.4944, 0, 4.1528, 0, 1.8121, 1.2807, 5.9167, 6.1928, 2.2183, 8.644, 4.7216, 10.6635, 3.4388, 0.0908, 8.9981, 2.5225, 4.5506, 1.875, 3.1849, 0.1163, 1.4615, 1.302, 0.8341, 4.58, 1.9613, 0.6305, 1.6574, 3.3407, 3.0521, 5.5425, 3.2099, 1.6989, 0.1909, 2.606, 2.3599, 0.8902, 3.0491, 3.4065, 6.4827, 1.591, 4.3076, 2.7634, 1.2065, 16.6201, 0.2022, 1.5595, 7.5148, 0.0766],
      [0.7707, 0, 5.7316, 15.0282, 0, 16.7643, 0, 9.4625, 6.5895, 17.8755, 16.7047, 6.0747, 21.8314, 17.0604, 46.9289, 13.2232, 0.4857, 23.6419, 9.0565, 21.7701, 4.6393, 10.0161, 0.6473, 5.0892, 4.148, 5.0843, 14.4411, 6.9816, 3.6473, 8.2644, 11.456, 16.6009, 19.9431, 11.7302, 5.8129, 1.4711, 8.3485, 10.9007, 3.8826, 15.2302, 16.5421, 21.0195, 8.4809, 15.1826, 7.9268, 1.9387, 37.3735, 1.775, 4.084, 24.7622, 0.2732],
      [0.2082, 0, 6.1693, 8.475, 0, 6.0789, 0, 3.7247, 3.1294, 7.2045, 8.1007, 4.706, 12.5247, 6.2156, 26.4075, 8.3367, 0.4208, 12.3565, 5.4206, 8.6754, 3.4831, 5.7974, 0.2214, 2.4485, 1.5479, 2.0791, 4.9777, 5.057, 1.7221, 3.0773, 7.2032, 6.3453, 6.5132, 6.0571, 1.4862, 0.3351, 4.0445, 4.7375, 2.227, 5.7192, 8.0514, 9.4939, 4.9268, 6.5085, 3.309, 0.8535, 21.0052, 1.0227, 2.3563, 13.7231, 0.6502]
    ],
    [
      [0.7637, 0.961, 4.2934, 16.8311, 1.6537, 12.9562, 0.5639, 6.5268, 2.0917, 31.4302, 20.8713, 14.9861, 18.4425, 24.5186, 19.1344, 9.2182, 0.5637, 24.9483, 14.7235, 42.1155, 14.3578, 16.0632, 4.0666, 12.9705, 5.651, 8.0495, 22.2533, 7.4484, 21.7826, 9.4187, 3.961, 17.4079, 16.5218, 16.4445, 7.5927, 2.7876, 7.3289, 17.0298, 6.6259, 10.662, 9.435, 28.4961, 9.1658, 33.3856, 5.1916, 2.5757, 60.3337, 17.8393, 12.5493, 119.3114, 20.1023],
      [0.0375, 0.0021, 1.3238, 2.2969, 0.0905, 0.9974, 0.0003, 1.1054, 0.1761, 5.2596, 5.7531, 2.2823, 6.2237, 4.5909, 4.2124, 1.8519, 0.1541, 4.7593, 1.7672, 4.5015, 1.8884, 2.4209, 0.72, 1.8119, 0.8932, 0.6128, 5.7121, 0.4212, 1.7269, 0.9027, 1.4089, 2.5409, 5.0022, 1.969, 1.4488, 0.0928, 1.8649, 2.1703, 0.7754, 1.9306, 1.5532, 4.7718, 1.3651, 5.6402, 1.129, 0.0721, 17.5944, 1.6146, 2.7946, 10.4805, 0.8864],
      [5.1354, 0.0358, 34.1502, 48.6263, 1.2067, 35.9259, 0.3896, 34.2363, 9.6898, 113.8809, 80.0101, 54.3593, 77.9325, 96.5676, 78.2773, 40.7007, 1.2641, 71.9458, 38.3026, 109.9694, 24.5807, 39.2985, 14.1059, 45.9943, 15.398, 19.2528, 95.7519, 10.0713, 62.2009, 22.5957, 23.4957, 68.7981, 91.2156, 41.3839, 25.9126, 3.1009, 30.6587, 51.5835, 20.4987, 49.2302, 37.844, 80.3912, 37.2602, 102.5638, 20.5968, 1.345, 199.0558, 63.218, 35.4676, 167.3074, 37.7559],
      [0.0634, 0.0011, 0.2326, 0.2457, 0.0492, 0.1205, 0.0461, 0.1315, 0.0424, 0.4293, 0.3655, 0.3723, 0.4014, 0.3228, 0.3759, 0.2293, 0.018, 0.3466, 0.2067, 0.4136, 0.1731, 0.2174, 0.1075, 0.2233, 0.0578, 0.085, 0.2827, 0.0591, 0.2897, 0.0829, 0.1344, 0.253, 0.2605, 0.2026, 0.0459, 0.0187, 0.1475, 0.2163, 0.1, 0.1772, 0.1677, 0.3408, 0.2088, 0.4104, 0.0825, 0.0072, 1.0161, 0.328, 0.1885, 0.9007, 0.2554]
    ],
    [
      [0.1209, 2.0175, 1.3155, 13.9375, 0.13, 11.1032, 0, 4.2047, 3.0904, 7.3207, 6.3571, 2.75, 5.0517, 7.1287, 9.7079, 6.3417, 0.2799, 15.9261, 8.6167, 16.3395, 5.6488, 6.1306, 0.5972, 2.9669, 3.3732, 4.7396, 7.2812, 6.4338, 4.9916, 4.4297, 1.7494, 6.4651, 6.211, 11.3866, 3.0171, 0.5178, 3.9345, 8.9949, 6.2799, 6.791, 4.914, 14.9939, 3.1629, 11.4813, 5.8065, 1.8673, 30.6406, 3.1213, 5.3489, 44.7983, 2.9645],
      [0.0986, 0.7758, 1.3868, 2.1334, 0.01, 1.8147, 0, 0.872, 0.7605, 2.5255, 0.9804, 1.6108, 1.5398, 1.3089, 5.3176, 0.9702, 0.0263, 2.3329, 1.6222, 1.1912, 0.308, 0.4025, 0.6557, 0.9571, 0.18, 0.3803, 1.4763, 0.5491, 0.9866, 0.3334, 1.0138, 0.9707, 1.1989, 1.1226, 0.2276, 0.0122, 0.5053, 0.6594, 0.5836, 0.8927, 0.7388, 1.4857, 0.3023, 1.2684, 1.6916, 0.8099, 6.0896, 1.3473, 0.7339, 4.3792, 1.0385],
      [7.4853, 9.1056, 170.2427, 374.6008, 1.4583, 292.8202, 0, 216.9099, 198.7552, 240.9526, 218.4154, 90.6487, 194.0978, 254.8575, 360.9346, 266.3226, 5.8554, 413.7442, 203.0294, 382.7936, 89.3101, 134.5282, 19.9041, 95.7915, 81.8119, 102.7552, 285.0835, 91.0017, 131.6539, 96.1333, 104.8583, 229.4027, 323.5301, 261.7014, 91.1597, 6.3197, 149.9945, 242.0812, 182.2117, 296.3286, 178.7248, 376.7911, 115.7182, 313.8364, 238.879, 13.6158, 903.2491, 105.4054, 134.3661, 680.6702, 52.3093],
      [0.2952, 1.1011, 18.055, 24.3283, 0.4017, 12.2619, 0, 10.0133, 11.394, 11.2012, 12.2472, 7.9905, 12.3107, 10.7049, 22.0399, 19.3655, 0.8383, 24.9968, 13.7318, 17.6757, 7.7331, 8.9387, 0.843, 5.2845, 3.635, 5.1249, 11.159, 7.0154, 6.3679, 4.1036, 7.3785, 10.1614, 12.06, 15.7894, 2.5956, 0.1503, 8.5657, 12.2645, 10.9247, 12.9878, 9.6224, 19.7292, 7.8165, 15.4139, 11.6229, 0.707, 58.0207, 5.126, 8.5511, 42.1523, 3.6878]
    ],
    [
      [0.1144, 0.3065, 0.0731, 1.6811, 0.0404, 1.9094, 0.0927, 0.5873, 0.2243, 2.0215, 1.7067, 1.1289, 0.7162, 1.5729, 2.7505, 0.7103, 0.0799, 2.5589, 2.3064, 3.3785, 0.6844, 1.2497, 0.109, 1.0055, 0.5356, 0.8866, 1.2289, 0.4797, 1.1881, 1.1517, 0.1294, 1.7827, 0.5116, 1.5888, 0.6207, 0.2032, 0.4415, 1.6462, 0.5937, 0.4699, 1.1218, 2.3023, 0.5852, 2.484, 0.3364, 0.119, 4.3418, 0.7048, 0.874, 1.9154, 0.7291],
      [7.8438, 11.0908, 124.6153, 297.2528, 8.6169, 266.31, 11.9765, 173.2268, 78.2196, 490.7904, 545.7947, 301.5546, 455.4906, 367.7485, 840.2219, 216.4327, 7.5902, 552.2744, 340.7911, 382.4057, 147.6691, 196.2973, 21.1738, 197.1827, 81.9985, 72.6393, 427.1093, 69.3302, 120.4703, 117.6482, 233.2682, 268.1567, 495.1477, 226.0449, 107.3727, 13.6165, 136.8675, 211.2882, 86.8138, 106.2336, 209.8951, 394.5179, 93.0096, 420.03, 131.2127, 73.1287, 1377.9791, 94.4582, 181.385, 792.9571, 125.3505],
      [2.6087, 2.8086, 22.5463, 32.2227, 0.1072, 35.9998, 1.3997, 29.7451, 12.2247, 50.6431, 49.3877, 28.4066, 34.5327, 44.7294, 93.5738, 27.5344, 0.1659, 47.7453, 39.3012, 60.2593, 12.2376, 20.0417, 1.4545, 22.5575, 8.2208, 14.1657, 45.2981, 8.2225, 21.8949, 18.5436, 24.8929, 47.1392, 60.472, 27.0485, 12.0226, 2.8529, 13.9862, 31.8199, 12.1404, 14.9032, 31.4054, 42.0339, 15.9286, 48.7599, 10.5214, 3.1503, 99.7581, 16.3061, 14.5612, 90.9857, 13.7043],
      [0.4331, 0.7941, 6.7654, 6.8434, 0.2355, 4.7808, 0.531, 4.4408, 2.3314, 7.5449, 9.111, 7.9099, 7.2605, 5.9493, 18.4538, 6.3226, 0.164, 9.4214, 8.6012, 8.9565, 3.4088, 4.4113, 0.2626, 4.2543, 1.2451, 2.3084, 5.3637, 1.9676, 3.4468, 2.6565, 5.7094, 6.9214, 6.8687, 5.3179, 0.984, 0.3274, 2.7048, 5.2457, 2.4521, 2.3932, 5.5777, 7.1459, 3.4766, 7.7261, 1.9296, 0.6019, 20.921, 2.531, 3.1798, 17.1418, 3.216]
    ],
    [
      [0, 0.7149, 0.591, 4.7453, 0, 4.3762, 1.3434, 1.3417, 0.7084, 1.7623, 2.698, 0.813, 1.8886, 1.7405, 2.9699, 1.5053, 0, 4.6648, 3.8342, 4.7269, 1.7548, 1.6003, 0, 0.7356, 0.8207, 1.442, 2.0724, 1.4012, 1.0337, 1.1006, 0.5483, 1.7938, 2.2631, 3.9403, 0.8372, 0.1288, 1.1319, 2.4528, 1.5786, 1.3728, 1.3725, 4.702, 1.2166, 4.7059, 1.8612, 1.2826, 8.0245, 0.4196, 1.6909, 11.4737, 0.5297],
      [0, 0.1313, 0.633, 2.4457, 0, 1.4955, 0.0232, 0.8871, 0.6333, 0.9818, 2.3205, 0.8495, 2.4567, 0.9645, 2.8769, 1.1359, 0, 3.2235, 1.032, 1.5824, 0.7795, 0.7418, 0, 0.4177, 0.4546, 0.3744, 1.7908, 0.4232, 0.2653, 0.3072, 0.7388, 0.8068, 2.0956, 1.5393, 0.5343, 0.0212, 0.9384, 1.0115, 0.7543, 0.7859, 0.7943, 2.4705, 0.5561, 2.162, 1.7983, 0.2101, 7.3566, 0.0775, 1.1828, 2.6635, 0.0872],
      [0, 1.05, 24.7548, 70.0185, 0, 62.3286, 1.2106, 36.0604, 23.3264, 31.6972, 51.0022, 14.9596, 40.0226, 33.7947, 60.3167, 33.7893, 0, 66.9108, 48.6463, 60.7745, 15.109, 19.3269, 0, 13.0925, 11.2165, 17.3168, 44.3102, 10.3584, 14.9347, 13.0185, 16.5048, 34.8028, 62.1998, 49.4035, 14.1959, 0.8316, 23.5556, 36.6273, 26.0864, 31.4131, 27.3179, 65.2718, 24.5088, 70.4968, 41.2449, 4.274, 129.9245, 7.0762, 23.5788, 80.6117, 4.9771],
      [0, 0.1037, 3.0212, 4.7905, 0, 2.7997, 0.4229, 1.7109, 1.3319, 1.5587, 2.9793, 1.3779, 2.6322, 1.5003, 3.8365, 2.5695, 0, 4.2009, 3.4876, 2.9162, 1.3566, 1.3309, 0, 0.7542, 0.5082, 0.8668, 1.8266, 0.8171, 0.7663, 0.5737, 1.2081, 1.5966, 2.4416, 3.1169, 0.4326, 0.0185, 1.3741, 1.9084, 1.5807, 1.4282, 1.5153, 3.5558, 1.7186, 3.6354, 2.0956, 0.2333, 8.6944, 0.4268, 1.5474, 5.2511, 0.406]
    ],
    [
      [0, 0, 0.7269, 5.8026, 0.176, 3.6511, 0, 1.3389, 0.8848, 3.4621, 4.3651, 1.321, 2.901, 4.0369, 4.4373, 2.2232, 0.0737, 5.8983, 3.5188, 8.4357, 2.5516, 2.9546, 0.2122, 1.3207, 1.6174, 0.8799, 5.1632, 1.237, 2.0039, 2.8985, 1.6117, 2.5488, 2.4913, 3.6371, 0.9303, 0.3599, 1.1622, 2.8743, 1.9217, 2.7028, 2.1567, 7.5019, 1.8682, 4.9419, 1.8035, 1.1541, 12.6582, 1.9149, 1.5367, 23.5012, 2.6744],
      [0, 0, 0.9422, 4.3768, 0.2826, 2.2296, 0, 1.0967, 0.9297, 3.5259, 4.9585, 1.4845, 4.6453, 3.6656, 4.7077, 2.1705, 0.1385, 5.4119, 2.265, 3.7685, 1.4798, 1.9524, 0.3342, 1.1691, 1.1718, 0.1591, 5.3314, 0.315, 0.9205, 1.151, 2.2296, 1.4727, 3.0132, 2.1142, 0.7176, 0.0664, 1.2178, 1.5107, 1.1826, 2.1081, 1.6121, 5.2713, 1.1758, 3.5918, 2.4051, 0.5727, 15.3602, 1.3002, 1.3442, 9.0049, 1.5608],
      [0, 0, 5.5744, 16.5035, 0.2277, 10.1611, 0, 6.5857, 5.4145, 11.9507, 15.48, 4.5511, 11.5831, 14.9903, 16.9687, 9.4298, 0.2289, 16.012, 8.664, 20.4331, 4.1233, 6.7886, 0.8881, 4.475, 4.2048, 1.4251, 20.1152, 1.3644, 5.6684, 6.4445, 8.7923, 9.2562, 12.6395, 8.7325, 2.8964, 0.4237, 4.4566, 7.9874, 6.1801, 11.8947, 8.1658, 19.4925, 7.1034, 14.1606, 7.8311, 0.6762, 38.639, 7.2194, 3.9423, 32.6629, 4.9802],
      [0, 0, 10.7565, 17.3171, 1.3137, 6.9582, 0, 4.9788, 4.7709, 9.0613, 14.1964, 6.6434, 11.8705, 10.3072, 16.8863, 11.1765, 0.5588, 15.6778, 9.5521, 15.3626, 5.8453, 7.3043, 0.5655, 4.0352, 3.006, 1.5359, 13.3902, 2.0837, 4.4072, 4.5059, 10.3664, 6.7223, 7.856, 8.5162, 1.4557, 0.15, 4.1634, 6.6276, 5.7156, 8.2943, 7.0654, 16.7343, 7.8527, 11.3057, 5.9603, 0.597, 40.3426, 5.5655, 4.1768, 32.831, 5.7846]
    ]
  ],
  "V_est": [
    [0.0807, 160.0912, 556.6931, 275.135],
    [814.4031, 131.6021, 2470.5399, 11.4548],
    [352.7789, 60.5788, 10032.1563, 566.486],
    [55.9806, 12710.4998, 1422.972, 258.5476],
    [105.7122, 57.8123, 1594.2498, 94.2257],
    [156.0444, 119.4159, 448.3889, 412.1508]
  ],
  "p_est": [
    [0.0001, 0.1614, 0.5612, 0.2774],
    [0.2376, 0.0384, 0.7207, 0.0033],
    [0.032, 0.0055, 0.911, 0.0514],
    [0.0039, 0.8797, 0.0985, 0.0179],
    [0.0571, 0.0312, 0.8608, 0.0509],
    [0.1374, 0.1051, 0.3947, 0.3628]
  ],
  "EI_Z": {},
  "EI_V": 6.8119,
  "MAE_Z": {},
  "MAE_V": 186.5789,
  "MAE_p": 0.0702,
  "runtime": 0.393
}
