{
  "Z_true": {},
  "V_true": [
    [545, 33, 23, 47, 301, 323, 50],
    [10, 9, 460, 7, 32, 370, 43],
    [91, 146, 470, 184, 400, 12666, 468],
    [227, 91, 57, 180, 1965, 553, 150],
    [57, 42, 60, 1381, 233, 756, 97],
    [25, 638, 24, 36, 198, 438, 71],
    [37, 35, 99, 46, 144, 715, 715]
  ],
  "p_true": [
    [0.4123, 0.025, 0.0174, 0.0356, 0.2277, 0.2443, 0.0378],
    [0.0107, 0.0097, 0.4941, 0.0075, 0.0344, 0.3974, 0.0462],
    [0.0063, 0.0101, 0.0326, 0.0128, 0.0277, 0.8781, 0.0324],
    [0.0704, 0.0282, 0.0177, 0.0558, 0.6097, 0.1716, 0.0465],
    [0.0217, 0.016, 0.0228, 0.5259, 0.0887, 0.2879, 0.0369],
    [0.0175, 0.4462, 0.0168, 0.0252, 0.1385, 0.3063, 0.0497],
    [0.0207, 0.0195, 0.0553, 0.0257, 0.0804, 0.3992, 0.3992]
  ],
  "Z_est": [
    [
      [12.0704, 17.5809, 0.4041, 122.5304, 53.9676, 14.7251, 18.4359, 95.6688, 11.527, 8.8937, 7.4291, 11.6571, 10.4175, 10.1469, 64.0937, 10.5399, 24.4939, 4.764, 21.0211, 3.6683, 5.322, 1.9903, 5.4944, 2.8787, 15.4366, 13.957, 11.7566, 4, 11.7627, 34.2044, 0.8686, 0, 17.9561, 3.7645, 72.7154, 1.6049],
      [0.5917, 0.8408, 0.0331, 5.2621, 1.9014, 1.0736, 1.1584, 5.0703, 0.8877, 0.6333, 0.5994, 0.5932, 0.939, 0.1732, 3.9891, 0.5239, 0.7769, 0.3646, 0.9113, 0.1941, 0.2649, 0.3439, 0.9786, 0.4171, 1.1804, 0.6213, 1.1147, 1.1096, 0.8025, 2.1165, 0.1201, 0, 1.0224, 0.2113, 2.8794, 0.012],
      [0, 0.0028, 0.0001, 0.0611, 0.0114, 0.0094, 0.0149, 0, 0.0151, 0.0045, 0.0053, 0, 0.0135, 0, 0.0607, 0.0045, 0.0157, 0.0044, 0.0101, 0.0027, 0.0034, 0.0055, 0.0179, 0.004, 0.0085, 0.0088, 0, 0.0128, 0.008, 0.0267, 0.0011, 0, 0, 0.2385, 0.0359, 0.0003],
      [1.5114, 0.7167, 0.0265, 6.3775, 3.2607, 1.2268, 1.8999, 10.7215, 2.3022, 1.0393, 0.6038, 1.3087, 1.8306, 0.3501, 6.8158, 0.8085, 1.5083, 0.4538, 1.2062, 0.6486, 0.4826, 0.4588, 2.9188, 1.1314, 1.3829, 1.1422, 1.142, 1.1394, 0.9479, 3.7436, 0.128, 0, 1.7034, 0.3525, 4.4931, 0.0111],
      [6.5438, 5.3928, 0.5085, 62.5242, 23.3907, 6.4213, 10.5568, 81.1525, 15.4144, 5.9392, 5.0517, 10.9792, 5.9643, 2.1593, 42.0894, 6.5912, 10.2041, 7.1881, 9.2664, 3.2942, 2.688, 3.8878, 6.6379, 4.1147, 11.1541, 5.7047, 10.9996, 7.0338, 8.1001, 20.1905, 1.7883, 0, 13.559, 2.4147, 37.8217, 0.343],
      [0.2536, 0.3979, 0.0244, 2.7803, 1.1878, 0.4541, 0.7928, 3.7861, 0.7468, 0.4369, 0.2745, 0.4237, 0.6704, 0.138, 3.2452, 0.4545, 0.839, 0.1891, 0.4877, 0.1649, 0.2078, 0.2586, 0.819, 0.4104, 0.7269, 0.4752, 0.7329, 0.6075, 0.3018, 1.5772, 0.0786, 0, 0.6694, 0, 1.6266, 0.0223],
      [0.0292, 0.0681, 0.0034, 0.4644, 0.2803, 0.0897, 0.1412, 0.6007, 0.1068, 0.0531, 0.0362, 0.0382, 0.1647, 0.0326, 0.7061, 0.0775, 0.1622, 0.0359, 0.0971, 0.0271, 0.0313, 0.055, 0.1335, 0.0437, 0.1107, 0.0908, 0.2542, 0.097, 0.0769, 0.1412, 0.0153, 0, 0.0897, 0.0186, 0.4279, 0.0064]
    ],
    [
      [0.1217, 0.1023, 0.0477, 0.9445, 0.4647, 0.2524, 0.2436, 0.658, 0.093, 0.1295, 0.1023, 0.1095, 0.1186, 0.5839, 0.2904, 0.1553, 0.3532, 0.1141, 0.2923, 0.163, 0.2719, 0.0097, 0.042, 0.0248, 0.3263, 0.2705, 0.0231, 0, 0.1564, 0.3767, 0.0365, 0, 0.3341, 0.057, 1.4812, 0.1296],
      [0.1887, 0.167, 0.2649, 1.267, 0.5174, 0.5905, 0.4901, 1.0874, 0.2308, 0.3064, 0.2769, 0.1768, 0.3529, 0.3645, 0.5646, 0.2566, 0.3575, 0.2894, 0.4112, 0.2924, 0.4587, 0.0433, 0.2945, 0.1281, 0.7983, 0.3985, 0.071, 0.2949, 0.3499, 0.7356, 0.1752, 0.0279, 0.6063, 0.0966, 1.8398, 0.0449],
      [3.4992, 2.6266, 1.9951, 35.27, 13.4148, 15.5505, 22.6189, 30.9376, 11.6668, 7.4374, 10.6067, 2.752, 15.4397, 7.3991, 25.4924, 7.7605, 20.6356, 11.1942, 13.9081, 12.7145, 18.0864, 3.0794, 16.5847, 4.074, 18.6633, 16.7689, 0.8556, 13.3265, 7.3021, 36.6539, 5.0222, 0, 10.3461, 3.3861, 69.0603, 2.77],
      [0.844, 0.233, 0.221, 2.5245, 1.4533, 1.1149, 1.3151, 3.7513, 0.9808, 0.8242, 0.4618, 0.6404, 1.1238, 1.2077, 1.5767, 0.6492, 1.1474, 0.59, 0.8919, 1.6025, 1.3677, 0.1299, 1.4129, 0.569, 1.5315, 1.1989, 0.1216, 0.5817, 0.68, 2.1248, 0.3053, 0.5458, 1.6542, 0.2614, 4.69, 0],
      [0.2276, 0.1116, 0.2673, 1.6085, 0.6788, 0.3768, 0.4685, 1.8507, 0.4251, 0.3028, 0.246, 0.3474, 0.223, 0.4761, 0.6353, 0.3402, 0.4973, 0.5769, 0.4433, 0.5253, 0.4882, 0.0694, 0.2009, 0.13, 0.8004, 0.3787, 0.0741, 0.2301, 0.3693, 0.7407, 0.2741, 0.0576, 0.8509, 0.1131, 2.5699, 0.2226],
      [2.5129, 2.1748, 3.4043, 17.9653, 8.687, 6.8306, 9.1132, 21.6285, 5.2838, 5.7612, 3.4781, 3.2489, 6.8128, 7.6617, 12.3106, 6.0839, 10.5604, 3.9422, 6.0385, 6.7903, 9.7953, 1.2293, 6.6247, 3.4317, 13.3902, 8.3013, 1.4077, 5.1606, 3.5818, 14.5492, 3.1387, 0.9063, 10.6402, 1.5382, 27.5461, 2.5956],
      [0.6059, 0.5847, 0.7996, 5.4202, 3.784, 2.2844, 2.7507, 6.0865, 1.3197, 1.2386, 0.8281, 0.7249, 2.9292, 3.3068, 5.13, 1.7543, 3.4487, 1.2932, 2.0146, 1.912, 2.5318, 0.4389, 1.8402, 0.6424, 3.4899, 2.6831, 0.4468, 1.4062, 1.5604, 2.8191, 1.0481, 0.4624, 2.5682, 0.5476, 13.8128, 1.2372]
    ],
    [
      [0.1051, 0.0324, 0, 0, 0, 0.341, 0.1628, 0.1019, 0, 0.1176, 0.1454, 0, 0.2258, 0, 0.085, 0.1139, 0, 0, 0, 0.1368, 0.243, 0, 0, 0, 0.0755, 0.1018, 0, 0, 0.1407, 0.3165, 0, 0, 0.1816, 0, 0, 0],
      [0.8685, 2.1929, 1.9777, 9.3183, 5.7211, 4.041, 4.1815, 6.5674, 3.0925, 3.9391, 2.2279, 1.3506, 3.6344, 1.1149, 5.1024, 3.0985, 1.4569, 2.7319, 4.9827, 3.6238, 4.0362, 0.1323, 1.5077, 0.8368, 5.0792, 3.2047, 0.3382, 1.7494, 2.6361, 5.4581, 3.7763, 0, 3.3296, 1.9551, 15.1575, 0],
      [0.5329, 1.8686, 0, 14.8297, 8.0793, 8.7016, 9.4616, 9.5555, 10.8709, 4.5045, 4.473, 0, 8.0488, 0.3943, 11.9842, 4.4872, 6.8399, 5.0454, 9.1346, 9.064, 8.4051, 3.0102, 6.5977, 1.8628, 6.3912, 6.7919, 0, 7.5816, 3.5606, 13.053, 6.0129, 0, 0.9098, 173.4369, 31.0354, 0],
      [0.3244, 0.7335, 0.2932, 2.8582, 3.4375, 2.6494, 2.1863, 5.0082, 3.3152, 2.0371, 0.9368, 1.3124, 1.8836, 1.1955, 2.908, 1.4878, 1.5518, 1.0322, 2.1745, 3.5349, 2.2926, 0.5809, 0.0806, 0.7473, 1.937, 1.7798, 0.2207, 1.4442, 1.3233, 3.1594, 1.2074, 0, 2.0602, 4.8893, 7.7573, 0],
      [3.3911, 6.8087, 13.8506, 54.5556, 34.8044, 16.9141, 16.2625, 50.6589, 32.0514, 15.5454, 9.6314, 10.439, 6.8398, 8.4708, 24.2929, 17.1223, 12.7715, 19.4899, 23.9183, 29.9539, 17.3172, 5.9633, 5.7856, 4.8053, 22.8479, 11.3735, 1.7087, 11.3038, 13.6631, 22.474, 26.5582, 5.409, 18.2812, 4.6033, 92.5664, 1.7163],
      [47.0278, 174.469, 222.1855, 763.5027, 559.5894, 390.7664, 414.1823, 755.8768, 500.0979, 381.5931, 170.3875, 125.8376, 364.0389, 169.2922, 592.9126, 389.9928, 355.2938, 190.3846, 410.2949, 486.4017, 457.7191, 128.4533, 272.3049, 172.9454, 482.3175, 342.4747, 44.1135, 324.28, 173.4323, 567.3355, 386.9306, 101.9451, 291.1667, 0, 1266.7075, 37.3628],
      [1.7502, 7.895, 8.6929, 36.9356, 38.3684, 21.5865, 20.5629, 34.2313, 19.5721, 12.2632, 6.1981, 4.0605, 24.3287, 11.5322, 37.7149, 18.6975, 19.0862, 10.316, 22.495, 22.2849, 18.9867, 7.86, 12.7234, 4.8024, 20.3517, 18.2736, 2.619, 14.641, 12.2439, 14.2034, 21.5146, 6.6459, 11.0709, 3.1154, 96.7759, 2.9209]
    ],
    [
      [3.3454, 2.73, 0.3589, 37.9469, 15.7313, 7.4274, 7.1919, 18.7784, 1.9841, 2.4262, 1.9705, 4.9228, 1.9899, 3.1762, 19.9735, 2.4414, 9.4278, 1.6299, 7.4159, 1.7546, 3.1931, 0, 0.2964, 0.0965, 5.7772, 5.0143, 1.0219, 0, 3.4751, 10.5928, 0.0085, 0, 6.395, 0.6114, 24.709, 2.1377],
      [4.3389, 3.7067, 1.0505, 43.4909, 15.7627, 14.7108, 12.1519, 26.132, 6.446, 4.7994, 4.4878, 6.9735, 4.9837, 1.5944, 32.6997, 3.363, 8.0984, 3.675, 8.9502, 2.6301, 4.4945, 2.8991, 7.9755, 2.6774, 11.8689, 6.1596, 2.6283, 6.9047, 6.5081, 17.3916, 2.6562, 1.6165, 9.7316, 2.485, 26.2118, 0.5232],
      [0.1949, 0.1682, 0, 3.8177, 1.2053, 1.188, 1.7069, 2.1809, 0.8853, 0.3529, 0.4923, 0, 0.6645, 0.087, 4.623, 0.3097, 1.4323, 0.4182, 0.9176, 0.3514, 0.5474, 0.4611, 1.1892, 0.2102, 0.855, 0.7972, 0, 0.9015, 0.422, 2.655, 0.184, 0, 0.3277, 3.2756, 3.0655, 0.1139],
      [4.5382, 1.2545, 0.3346, 20.9909, 10.5092, 6.7598, 8.0074, 22.2172, 5.9247, 3.1583, 1.8089, 6.3055, 3.8907, 1.2995, 22.4987, 2.0842, 6.2989, 1.7943, 4.7017, 3.5299, 3.2887, 1.6518, 8.1849, 2.4251, 5.5843, 4.5473, 1.0981, 3.2087, 3.0816, 12.3751, 0.908, 2.3443, 6.5432, 1.7106, 16.3231, 0],
      [27.0006, 12.8673, 8.8424, 281.1478, 102.6538, 48.0659, 60.5188, 228.8371, 54.0433, 24.5715, 20.5913, 70.4594, 17.2194, 10.9485, 188.8816, 23.1441, 57.9634, 38.6898, 49.1926, 24.4481, 24.9544, 19.0195, 25.3912, 11.9882, 61.3453, 30.8933, 14.4804, 26.9244, 35.794, 90.7938, 17.3625, 17.0193, 70.6436, 15.5037, 187.0994, 10.315],
      [2.2004, 1.9322, 0.8952, 25.2194, 10.5005, 6.9073, 9.238, 21.4686, 5.3159, 3.6712, 2.2693, 5.5776, 3.9273, 1.378, 29.5002, 3.245, 9.6626, 2.0973, 5.2725, 2.4846, 3.9169, 2.5734, 6.4121, 2.4376, 8.1199, 5.2318, 2.0198, 4.7397, 2.7028, 14.2995, 1.5486, 2.0438, 7.0613, 0, 16.172, 1.3173],
      [1.3816, 1.3411, 0.5184, 19.3865, 11.6371, 5.9409, 7.185, 15.3859, 3.4007, 2.0207, 1.3798, 2.7612, 4.3245, 1.5164, 30.8233, 2.4126, 8.1165, 1.6955, 4.5494, 1.8013, 2.605, 2.3952, 4.5507, 1.165, 5.4495, 4.3565, 1.7515, 3.3209, 3.0164, 6.8922, 1.3322, 1.9761, 4.2977, 1.4137, 20.4193, 1.593]
    ],
    [
      [0.0196, 0.011, 0.002, 0.0894, 0.04, 0.0619, 0.0409, 0.0909, 0.0015, 0.0115, 0.0162, 0.5065, 0.0083, 0, 0.068, 0.0266, 0.0412, 0, 0.0302, 0.0088, 0.0238, 0, 0, 0, 0.0348, 0.0252, 0.0177, 0, 0.0253, 0, 0.0012, 0, 0.0478, 0.0081, 0.0935, 0.0406],
      [0.82, 1.5278, 0.8065, 11.7653, 4.9791, 8.2837, 5.5981, 11.8084, 2.1862, 2.1321, 2.6778, 3.0137, 1.6764, 1.7855, 10.1163, 3.4056, 3.7188, 3.261, 3.9133, 1.2489, 2.9355, 0.9572, 1.8584, 0.9774, 6.8153, 2.8893, 0.9385, 2.4239, 3.5548, 10.2636, 0.5719, 0.8261, 5.258, 0.8403, 10.3975, 0.2097],
      [0.5072, 0.8429, 0, 12.146, 4.7508, 8.0199, 9.4571, 12.3854, 4.0351, 1.8801, 3.6069, 0.8763, 2.6704, 1.2689, 16.9068, 3.7553, 7.8426, 4.5179, 4.8332, 1.9836, 4.2478, 2.3894, 3.8791, 1.1147, 5.8646, 4.4456, 0.0332, 4.5472, 2.6704, 18.8325, 0.5886, 0, 3.1328, 2.2827, 14.5152, 0.8535],
      [14.6776, 8.4611, 3.0198, 90.4368, 54.121, 60.596, 58.1047, 156.8901, 36.2133, 22.4872, 17.4121, 41.2265, 21.0631, 23.2165, 108.6863, 33.4552, 45.8478, 25.8853, 32.9909, 27.032, 34.1059, 11.5759, 36.0054, 17.4747, 50.5446, 33.8918, 4.9096, 21.448, 26.9979, 114.3214, 4.0236, 10.907, 55.3806, 8.6456, 102.2228, 0.9649],
      [0.3038, 0.3063, 0.2683, 4.5435, 1.9838, 1.5978, 1.5959, 6.0513, 1.2216, 0.6352, 0.7189, 1.7133, 0.3154, 0.7095, 3.4604, 1.3621, 1.5395, 1.8761, 1.2781, 0.6793, 0.9397, 0.4783, 0.3732, 0.2961, 2.0706, 0.8159, 0.2207, 0.6579, 1.1138, 3.1042, 0.2702, 0.3367, 2.2225, 0.2794, 4.4034, 0.188],
      [3.6589, 6.804, 3.8812, 57.6149, 28.8448, 33.1435, 35.922, 81.2419, 17.2456, 13.7919, 11.5142, 18.6583, 11.1575, 12.8946, 76.2333, 27.7893, 37.6927, 15.3226, 19.7893, 9.9791, 21.6151, 9.5038, 14.7633, 9.1056, 39.4222, 20.7599, 4.8236, 16.8063, 12.5029, 70.4784, 3.516, 5.8607, 31.7975, 3.9439, 53.8076, 3.6992],
      [0.0129, 0.0469, 0.0222, 0.4042, 0.2804, 0.2974, 0.2812, 0.532, 0.0966, 0.0621, 0.0539, 0.0053, 0.1088, 0.125, 0.5289, 0.2059, 0.3173, 0.1371, 0.1649, 0.0684, 0.1322, 0.0953, 0.1206, 0.0316, 0.2479, 0.1722, 0.0567, 0.1167, 0.135, 0, 0.0285, 0.0695, 0.1608, 0.0001, 0.5601, 0.0441]
    ],
    [
      [0.3322, 0.5349, 0.0325, 4.4289, 2.7664, 1.1613, 0.9053, 2.6668, 0.3903, 0.4059, 0.3267, 0.7946, 0.23, 1.093, 2.4542, 0.7071, 1.6616, 0.4852, 1.2043, 0.2503, 0.917, 0, 0.1672, 0, 1.3333, 0.6146, 0.1806, 0, 0.4284, 1.4753, 0.0853, 0, 1.0636, 0, 3.9104, 0.0872],
      [3.137, 5.4517, 0.7241, 36.1684, 18.7784, 16.8508, 11.1267, 26.8621, 5.8983, 5.9048, 5.5531, 7.7928, 4.227, 6.7865, 28.993, 7.149, 10.4116, 7.505, 10.3682, 2.7599, 9.4623, 2.5769, 6.2823, 4.8833, 19.9365, 5.5336, 3.8605, 6.3401, 5.9694, 17.5416, 2.5383, 0.3306, 11.7634, 0, 29.5254, 0.2101],
      [0.0304, 0.047, 0.0048, 0.6126, 0.288, 0.2616, 0.3016, 0.443, 0.1766, 0.0833, 0.116, 0.0054, 0.1087, 0.0466, 0.7937, 0.1259, 0.3564, 0.1679, 0.2071, 0.0707, 0.2233, 0.0977, 0.2105, 0.0855, 0.2762, 0.1383, 0, 0.1839, 0.0724, 0.516, 0.0417, 0, 0.0829, 0, 0.6718, 0.0063],
      [1.0113, 0.5351, 0.0663, 5.2236, 3.8249, 2.2677, 2.1624, 6.7281, 1.808, 1.14, 0.6514, 2.0553, 0.968, 1.4933, 5.8974, 1.3038, 2.3837, 1.1008, 1.6198, 1.0864, 2.0373, 0.532, 2.1979, 1.5054, 2.7638, 1.2026, 0.4747, 1.0014, 0.8204, 3.6873, 0.3139, 0.1121, 2.3307, 0, 5.4703, 0.024],
      [0.4625, 0.4307, 0.1355, 5.5949, 2.9992, 1.2866, 1.2997, 5.5652, 1.3162, 0.704, 0.5839, 1.8533, 0.3362, 0.9889, 3.9851, 1.1478, 1.7385, 1.8335, 1.3527, 0.598, 1.2246, 0.4796, 0.5347, 0.5777, 2.4258, 0.6459, 0.4707, 0.6668, 0.752, 2.1623, 0.4738, 0.0773, 2.0092, 0, 5.036, 0.0715],
      [5.7163, 9.4217, 1.9334, 70.1353, 43.0664, 26.1671, 28.253, 73.0349, 18.3629, 15.0263, 9.2667, 19.5286, 11.0448, 17.8414, 86.6919, 23.046, 41.3566, 13.8658, 20.6703, 8.6763, 27.5109, 9.5363, 19.374, 17.2203, 45.5505, 15.7051, 10.2417, 16.7634, 8.1478, 47.5366, 6.0832, 1.3639, 28.1999, 0, 60.4554, 1.4463],
      [0.3103, 0.5789, 0.1034, 4.8363, 4.2768, 2.0049, 1.9514, 4.6999, 1.0477, 0.7357, 0.5021, 0.9699, 1.0854, 1.7503, 8.1848, 1.5204, 3.0917, 1.0419, 1.5775, 0.5584, 1.6245, 0.7774, 1.2334, 0.7278, 2.7139, 1.1599, 0.7719, 1.0445, 0.8096, 2.081, 0.4639, 0.1161, 1.5502, 0, 6.9307, 0.1546]
    ],
    [
      [0.0056, 0.0085, 0.1548, 0.06, 0.03, 0.0309, 0.0195, 0.0353, 0.0041, 0.0157, 0.0098, 0.0095, 0.0098, 0, 0.0352, 0.0159, 0.0224, 0.0068, 0.0361, 0.0183, 0.0291, 0, 0, 0, 0.0163, 0.0165, 0, 0, 0.0114, 0.0343, 0, 0, 0.0219, 1.5591, 0.0905, 0],
      [0.0553, 0.1131, 0.143, 0.7282, 0.3399, 0.4497, 0.2932, 0.4724, 0.2585, 0.285, 0.177, 0.0994, 0.1867, 0.1809, 0.535, 0.2033, 0.1798, 0.1732, 0.463, 0.2509, 0.3478, 0.0472, 0.1029, 0.08, 0.3214, 0.193, 0.0488, 0.1774, 0.1791, 0.493, 0.162, 0.1988, 0.2887, 1.4118, 0.9886, 0],
      [0.2353, 0.4438, 0, 5.263, 2.2504, 3.2691, 3.439, 3.4976, 3.3503, 1.7374, 1.6998, 0.3663, 2.0544, 0.8041, 6.1393, 1.5569, 2.8776, 1.6519, 3.9893, 2.8131, 3.4866, 0.9566, 1.5209, 0.6488, 1.9412, 2.0493, 0.1112, 2.4465, 0.9644, 6.2629, 1.1495, 0, 1.2007, 2.3802, 9.6159, 0.2561],
      [0.0932, 0.0662, 0.0386, 0.5885, 0.3934, 0.3855, 0.3242, 0.6836, 0.4559, 0.314, 0.1251, 0.1512, 0.2402, 0.2373, 0.6171, 0.2113, 0.2621, 0.1436, 0.4148, 0.5656, 0.4253, 0.0706, 0.1996, 0.1471, 0.2559, 0.2374, 0.0334, 0.1766, 0.1489, 0.5884, 0.1138, 0.0908, 0.3278, 0.1407, 1.0435, 0],
      [0.0705, 0.0827, 0.1274, 1.0254, 0.4893, 0.3376, 0.2977, 0.8842, 0.528, 0.3018, 0.1769, 0.2083, 0.1019, 0.2469, 0.6553, 0.2924, 0.2857, 0.3457, 0.5485, 0.5012, 0.3878, 0.1022, 0.0765, 0.088, 0.3559, 0.1879, 0.0458, 0.1831, 0.2077, 0.5345, 0.2728, 0.1001, 0.4335, 0.0858, 1.5032, 0.1435],
      [4.6302, 9.8004, 9.676, 67.782, 37.1241, 36.731, 35.4987, 61.9633, 38.947, 34.7195, 14.8096, 11.7253, 23.3483, 22.7941, 75.1062, 31.3885, 37.5949, 15.1984, 44.4467, 38.5029, 48.2349, 10.4454, 15.7019, 14.449, 35.4727, 26.052, 5.6608, 24.6426, 12.3306, 63.2237, 18.7044, 8.8803, 32.4651, 6.5179, 96.6849, 8.5565],
      [1.9098, 4.4853, 3.8602, 34.5528, 27.3729, 20.7963, 18.1276, 29.4636, 16.4564, 12.6266, 6.0017, 4.4399, 17.0587, 16.7366, 52.912, 15.3317, 20.7775, 8.4804, 25.1015, 18.348, 21.0885, 6.3781, 7.3982, 4.5872, 15.6365, 14.2639, 3.1, 11.3738, 9.1579, 20.8631, 10.5974, 5.73, 13.2624, 5.9045, 82.0733, 7.0439]
    ]
  ],
  "V_est": [
    [727.7475, 39.7113, 0.6074, 65.7947, 457.0702, 26.2621, 4.8068],
    [8.8799, 14.8168, 498.8993, 40.3282, 18.199, 264.1258, 85.7511],
    [2.6267, 120.4211, 396.5252, 70.3403, 674.1493, 12513.6162, 647.3212],
    [215.9519, 322.7775, 36.0015, 211.1817, 2009.6146, 233.3596, 194.1132],
    [1.3925, 136.442, 171.6835, 1415.2429, 49.9308, 845.5856, 5.7228],
    [33.0943, 349.2029, 6.8536, 67.801, 51.8203, 858.241, 62.9868],
    [2.3073, 10.6284, 82.4295, 10.3112, 12.2158, 1079.8098, 593.2981]
  ],
  "p_est": [
    [0.5505, 0.03, 0.0005, 0.0498, 0.3457, 0.0199, 0.0036],
    [0.0095, 0.0159, 0.5359, 0.0433, 0.0195, 0.2837, 0.0921],
    [0.0002, 0.0083, 0.0275, 0.0049, 0.0467, 0.8675, 0.0449],
    [0.067, 0.1001, 0.0112, 0.0655, 0.6235, 0.0724, 0.0602],
    [0.0005, 0.052, 0.0654, 0.5389, 0.019, 0.322, 0.0022],
    [0.0231, 0.2442, 0.0048, 0.0474, 0.0362, 0.6002, 0.044],
    [0.0013, 0.0059, 0.046, 0.0058, 0.0068, 0.6029, 0.3313]
  ],
  "EI_Z": {},
  "EI_V": 9.4966,
  "MAE_Z": {},
  "MAE_V": 99.8031,
  "MAE_p": 0.0489,
  "runtime": 0.208
}
