{
  "Z_true": {},
  "V_true": [
    [10, 4, 569, 57, 1172, 53],
    [179, 219, 849, 152, 12770, 481],
    [369, 309, 175, 9144, 415, 444],
    [25, 773, 42, 433, 419, 86],
    [452, 49, 74, 597, 549, 797]
  ],
  "p_true": [
    [0.0054, 0.0021, 0.3051, 0.0306, 0.6284, 0.0284],
    [0.0122, 0.0149, 0.058, 0.0104, 0.8717, 0.0328],
    [0.034, 0.0285, 0.0161, 0.8423, 0.0382, 0.0409],
    [0.0141, 0.4348, 0.0236, 0.2435, 0.2357, 0.0484],
    [0.1795, 0.0195, 0.0294, 0.2371, 0.218, 0.3165]
  ],
  "Z_est": [
    [
      [0, 0.0087, 0.0146, 0.0094, 0.014, 0, 0.0092, 0.0065, 0.0006, 0.0008, 0.0043, 0.0022, 0.0024, 0.0122, 0.0051, 0.0028, 0.0031, 0.0134, 0.0016, 0.0006, 0.0035, 0.0033, 0.0061, 0.0018, 0.0004, 0.0268, 0, 0.0028, 0.0148, 0.0334, 0, 0.0222, 0.024, 0.0094, 0.0106, 0.0059, 0.0144, 0.0075, 0.0004, 0.0205, 0.0045, 0.034, 0],
      [0.1789, 0.1381, 0.2323, 0.1507, 0.2229, 0.0377, 0, 0.1036, 0.0094, 0.0126, 0.0691, 0.0345, 0.0377, 0.1946, 0.0816, 0.044, 0.0502, 0.2135, 0.0251, 0.0094, 0.0565, 0.0534, 0.0973, 0.0283, 0.0063, 0.427, 0, 0.044, 0.2355, 0, 0.0157, 0.3548, 0.383, 0.1507, 0.1695, 0.1509, 0.2292, 0.1193, 0.0469, 0.3265, 0, 0.5431, 0.1036],
      [26.6302, 30.1399, 48.3859, 28.7881, 52.0355, 8.9227, 26.8958, 21.0843, 2.3109, 2.7031, 16.9463, 8.4732, 7.2984, 44.3314, 15.9483, 7.839, 11.218, 43.5202, 4.5953, 2.3109, 8.9201, 11.8938, 19.7327, 6.9326, 1.5406, 73.659, 49.7364, 10.784, 44.1957, 7.7029, 3.3799, 75.5523, 75.552, 31.221, 30.0043, 18.246, 37.9782, 25.6797, 0.9055, 56.4945, 13.5155, 133.2596, 13.491],
      [1.4499, 2.0915, 2.9325, 1.8767, 3.0419, 0.4907, 1.7443, 1.1902, 0.0419, 0.1201, 0.3073, 0.1536, 0.5391, 0.866, 1.2805, 0.457, 0.3703, 6.0401, 0.364, 0.0419, 2.3501, 0.797, 1.3228, 0.1257, 0.0279, 4.7388, 1.9243, 0.1956, 2.5291, 0.1397, 0.1524, 4.7544, 5.3596, 1.4502, 3.9858, 2.1443, 5.2123, 1.6407, 0.2252, 4.7596, 0.7524, 2.4165, 6.4615],
      [28.104, 11.5387, 22.295, 17.0844, 15.5516, 2.5262, 18.2619, 10.553, 0.6316, 1.1559, 4.6314, 2.3157, 4.0998, 16.4786, 8.6353, 5.6309, 4.3281, 18.0844, 2.9989, 0.6316, 6.6357, 4.2204, 9.7825, 1.8947, 0.421, 56.8915, 48.1504, 2.9473, 27.8833, 2.1052, 1.4426, 32.1028, 40.4509, 15.078, 19.7278, 9.453, 29.4281, 10.481, 0.8183, 42.2025, 8.6841, 36.4199, 12.8815],
      [0.6369, 0.0831, 0.1398, 0.0907, 0.1341, 0.0227, 0.0888, 0.0623, 0.0057, 0.0076, 0.0416, 0.0208, 0.0227, 0.1171, 0.0491, 0.0264, 0.0302, 0.1285, 0.0151, 0.0057, 0.034, 0.0321, 0.0586, 0.017, 0.0038, 0.2569, 0.1889, 0.0264, 0.1417, 0.0189, 0.0094, 0.2135, 0.2305, 0.0907, 0.102, 0, 0.1379, 0.0718, 0.0038, 0.1965, 0.0435, 0.3268, 0.0623]
    ],
    [
      [0, 0, 7.9061, 0.6882, 5.0273, 0, 0.776, 0, 0, 0.3067, 7.4825, 0.9778, 0.2053, 3.2948, 3.602, 0, 0, 1.0229, 0.1947, 0.4919, 0.3071, 1.6414, 0, 0, 1.4383, 1.94, 0, 1.7088, 7.7479, 0.5017, 0, 4.7078, 2.5514, 0.4414, 0.4703, 0.2273, 0.5056, 0.7016, 0, 3.6698, 0, 2.6022, 0],
      [0.1711, 3.8766, 6.9536, 9.8963, 8.7575, 0.0249, 0.0779, 2.0989, 0.1783, 0.8379, 4.1048, 1.732, 2.1955, 4.6987, 5.5267, 0.0249, 1.008, 5.3815, 0.0156, 0.0218, 1.9095, 0.9009, 3.93, 0.0156, 0.7779, 3.2233, 0.0312, 0.0561, 5.0007, 0.0125, 1.0271, 3.9888, 1.4019, 1.7718, 0.3649, 0.7776, 0.3611, 1.1984, 0.5716, 2.9204, 0.0374, 10.1742, 0.7128],
      [1.6907, 5.2338, 8.9704, 2.9037, 15.2646, 2.2204, 3.8711, 3.8171, 2.3997, 0.667, 12.4465, 3.5351, 0.5606, 11.3509, 1.1998, 0.5454, 3.4205, 5.9679, 0.3272, 4.1418, 0.5454, 2.3592, 3.2213, 2.0075, 1.9998, 8.9367, 3.0541, 9.3595, 3.2177, 3.2923, 0.7979, 12.099, 12.9592, 6.022, 3.2617, 2.8293, 3.7326, 3.8464, 0.0545, 3.8176, 1.6231, 91.4648, 0.8726],
      [0.3124, 1.9344, 2.487, 1.5799, 2.6853, 1.6777, 5.4443, 4.6848, 0.3551, 0.916, 9.4748, 0.6992, 0.4866, 6.3801, 6.6071, 4.6757, 1.2742, 1.5941, 1.1611, 3.4573, 0.6596, 0.7329, 1.1654, 1.8102, 0.1622, 5.5461, 1.2342, 4.7213, 4.1542, 0.5403, 0.1924, 3.7257, 17.6071, 1.0212, 1.2404, 0.3542, 0.7879, 1.0933, 5.6238, 30.6308, 1.5008, 8.6369, 1.9576],
      [76.4149, 570.2741, 508.834, 543.3004, 1008.6042, 135.0671, 183.4245, 322.2142, 38.9084, 45.0548, 626.8104, 170.0029, 172.1425, 780.7083, 698.9723, 194.4151, 189.9404, 241.4344, 129.3675, 82.6828, 97.8604, 128.6122, 259.9718, 85.1105, 45.7741, 459.7772, 152.2156, 401.6479, 1029.4951, 117.7639, 47.9481, 561.7048, 606.8158, 201.2985, 110.612, 53.4961, 118.3096, 164.7928, 73.0896, 715.4687, 133.5603, 1152.4536, 105.9543],
      [3.4109, 28.6811, 8.8489, 12.6315, 33.6611, 8.0099, 4.4062, 15.1849, 2.1584, 2.2177, 18.6811, 9.053, 8.4096, 31.5673, 28.092, 8.3389, 7.3568, 5.599, 4.9339, 7.2043, 6.7179, 4.7533, 14.7115, 4.0562, 0.8476, 15.5767, 4.465, 18.5064, 43.3845, 5.8894, 3.0344, 23.7738, 9.6645, 9.4451, 4.0507, 0.3155, 5.3031, 7.3676, 7.6604, 12.4926, 5.2783, 63.6683, 1.5027]
    ],
    [
      [0.2478, 3.9759, 7.9951, 4.5391, 8.2963, 0, 2.2601, 2.1513, 0.0991, 0.3076, 23.3635, 4.564, 1.5017, 16.2352, 5.5193, 0.2478, 0.5902, 4.6679, 0.9712, 1.1116, 0.4461, 2.6446, 2.4694, 0.6315, 0.8159, 6.7413, 0.0496, 3.0841, 7.0996, 1.4352, 0, 13.3088, 11.1878, 2.8278, 1.3034, 2.2779, 1.6932, 2.3999, 0.0991, 16.6002, 0.2478, 11.6981, 0.2478],
      [0.9358, 10.642, 11.7279, 10.969, 19.894, 1.0448, 2.8582, 4.0718, 0.4981, 0.3231, 5.0304, 2.3283, 2.5033, 9.2604, 7.4553, 0.9146, 1.265, 10.0739, 0.5716, 0.8003, 3.547, 4.015, 8.5866, 0.5716, 0.9018, 16.3501, 1.1433, 2.0579, 11.0222, 0.4573, 1.9126, 16.289, 5.8306, 3.5544, 1.6006, 1.387, 0.8003, 17.5592, 2.0655, 12.3607, 1.3719, 14.2568, 1.6288],
      [1.5093, 4.0623, 5.5234, 3.3315, 6.2252, 1.0003, 2.5859, 2.2018, 0.6742, 0.2418, 1.3701, 1.0507, 0.9245, 2.5181, 0.8147, 0.3703, 0.8638, 9.7399, 0.2222, 1.1798, 0.3703, 2.3082, 2.449, 0.9432, 2.8195, 3.3698, 2.1851, 1.7489, 3.4132, 0.8629, 0.4163, 13.9823, 9.3158, 5.8815, 3.5421, 3.3253, 1.9046, 5.9393, 0.037, 2.5921, 1.3157, 23.5976, 0.5925],
      [48.7012, 307.4746, 395.5234, 251.5598, 426.8912, 65.5166, 189.418, 147.9781, 20.8459, 12.494, 712.0594, 62.2522, 78.1845, 1016.4628, 184.4926, 44.655, 28.4595, 309.7545, 50.3155, 57.445, 139.6706, 117.2042, 186.1058, 63.568, 25.6627, 597.4121, 109.2622, 110.1968, 303.1152, 48.5252, 17.1161, 708.1842, 751.7695, 163.3741, 161.441, 71.8821, 172.7021, 232.0847, 35.9963, 662.4763, 88.8169, 606.4487, 67.4268],
      [1.5952, 25.8335, 12.1121, 7.9456, 13.1046, 1.3097, 1.9375, 3.5065, 0.4184, 0.2547, 10.0277, 1.9527, 4.1941, 28.5183, 3.7654, 1.3758, 2.432, 7.2701, 1.7395, 1.146, 1.6883, 8.3767, 8.3039, 1.2551, 1.3611, 18.9182, 6.1835, 2.5686, 12.9997, 2.6287, 0.8338, 4.5933, 29.3006, 10.1284, 2.3385, 7.9617, 16.6834, 8.7846, 0.7276, 12.9879, 3.6374, 21.2329, 1.3097],
      [1.0106, 6.0116, 5.1179, 3.655, 7.5886, 3.1286, 0.9404, 3.0905, 0.4643, 0.3788, 4.1488, 1.8521, 5.6919, 8.0051, 4.9527, 1.4364, 1.3895, 1.4936, 1.1799, 1.3174, 7.2777, 1.4512, 3.0853, 2.0306, 0.4391, 3.2084, 1.1764, 3.3438, 8.3501, 3.0908, 0.7211, 5.6424, 3.5956, 2.2339, 0.7744, 0.166, 4.2165, 3.2322, 1.0744, 6.9827, 1.6103, 12.766, 0.7943]
    ],
    [
      [0.0458, 0.6483, 0.6788, 0.4958, 0.9305, 0, 0.3432, 0.2593, 0.0305, 0.0076, 0.4729, 0.1525, 0.0305, 0.9534, 0.5263, 0.1525, 0.0839, 0.3585, 0.1144, 0.0992, 0.2136, 0.1983, 0.2898, 0.0992, 0.0534, 0.7246, 0, 0.4697, 0.8161, 0.5707, 0, 1.083, 0.633, 0.183, 0.1754, 0.0534, 0.0763, 0.2059, 0, 0.6636, 0.1678, 0.7017, 0.0992],
      [3.5808, 47.7313, 52.2863, 42.5538, 73.3196, 6.6745, 21.9125, 19.3986, 2.2597, 0.778, 34.0686, 11.681, 3.112, 65.7374, 39.4577, 7.0165, 6.501, 31.0463, 4.3877, 6.1685, 16.2991, 14.8792, 25.1013, 4.3845, 4.2414, 55.4845, 8.7347, 15.8421, 58.8206, 3.5302, 3.1044, 77.3494, 42.5846, 14.3232, 11.7498, 4.6239, 5.4579, 18.8384, 11.3238, 49.435, 10.5907, 57.711, 7.4396],
      [0.0972, 0.7776, 0.8489, 0.6016, 1.141, 0.1535, 0.4286, 0.3293, 0.044, 0.0083, 0.5735, 0.1897, 0.0334, 1.1463, 0.6091, 0.1821, 0.1176, 0.4864, 0.1343, 0.2456, 0.15, 0.2443, 0.3596, 2.0419, 0.069, 0.9309, 0.2436, 0.3133, 0.9824, 0.0948, 0.0715, 1.3535, 0.8521, 0.2686, 0.2496, 0.0964, 0.1518, 0.283, 0.0015, 0.8323, 0.2109, 1.1627, 0.1328],
      [0.2082, 3.7338, 4.2695, 2.9338, 5.2881, 0.7718, 5.7146, 1.635, 0.2078, 0.0262, 2.1861, 0.8328, 0.1047, 8.1912, 2.7434, 4.8092, 0.4379, 1.2306, 1.8899, 1.6727, 1.417, 1.2522, 1.9037, 1.1224, 0.3098, 5.3868, 1.0361, 1.4799, 4.3145, 0.4745, 0.1047, 15.4037, 10.4067, 1.4247, 1.3938, 0.1833, 0.2618, 0.7069, 0.6989, 5.6551, 1.0163, 3.4171, 0.7057],
      [1.0346, 25.743, 25.9054, 14.7027, 33.296, 3.26, 15.1469, 9.093, 0.9668, 0.1724, 19.2944, 5.0838, 0.6897, 40.0017, 20.0753, 6.1751, 2.2616, 11.7499, 5.8948, 3.3991, 7.4711, 8.0466, 7.2289, 4.2007, 1.879, 27.9451, 7.9217, 11.1559, 32.7022, 2.8784, 0.6897, 39.033, 23.6229, 5.7105, 8.3378, 1.7934, 2.4616, 4.6558, 5.7141, 24.297, 8.5326, 15.8642, 3.8671],
      [1.0335, 6.366, 5.011, 3.7123, 8.0248, 2.1403, 1.4543, 3.2849, 0.4912, 0.0074, 5.4044, 2.0603, 0.0296, 8.9701, 5.5882, 1.6647, 1.598, 2.1284, 2.579, 1.415, 2.4492, 1.3794, 3.1167, 1.1513, 0.4475, 4.528, 1.0638, 3.739, 9.3642, 1.4513, 0.0296, 7.7773, 4.9006, 2.0899, 1.0935, 0.2497, 1.5906, 2.3099, 1.2616, 6.1171, 1.4817, 13.1433, 0.7557]
    ],
    [
      [4.7064, 27.3671, 44.4054, 21.2675, 42.7319, 0, 8.6114, 14.5829, 1.8698, 2.3773, 53.6768, 13.3035, 7.2602, 59.5044, 26.3473, 4.5969, 7.3227, 15.9373, 5.718, 6.2967, 8.0297, 9.5123, 13.2347, 5.2676, 4.692, 27.5673, 0.9504, 18.7347, 48.3217, 7.4591, 0, 54.8781, 42.6037, 10.5383, 6.0402, 4.4355, 7.7106, 13.6851, 1.9005, 54.046, 4.5798, 62.9641, 4.653],
      [0.1333, 0.612, 0.7998, 0.4302, 0.8059, 0.2181, 0.1515, 0.3272, 0.0545, 0.0485, 0.7271, 0.2242, 0.1515, 1.1089, 0.4787, 0, 0.1757, 0.2848, 0, 0, 0.1878, 0.1515, 0.2848, 0, 0.0727, 0.5151, 0.0909, 0, 0.921, 0, 0.9402, 1.018, 0.7998, 0.2, 0.1151, 0.0606, 0.1515, 0.2848, 0.9921, 0.9574, 0, 1.3149, 0.1151],
      [1.0726, 4.7864, 6.2714, 3.3752, 6.3337, 1.7032, 1.2186, 2.5675, 1.5712, 0.3797, 5.6635, 1.7513, 1.1831, 8.6533, 3.428, 1.0633, 1.3801, 2.2856, 0.7211, 1.1219, 0.0142, 1.1945, 2.2374, 1.0748, 0.571, 4.1035, 0.7808, 2.7942, 7.191, 1.0471, 0.3344, 8.0128, 6.321, 1.6068, 0.9423, 0.503, 1.2328, 2.2515, 0.0014, 6.2635, 1.3348, 10.5152, 0.9111],
      [1.3283, 6.7657, 8.7875, 5.0497, 9.0934, 7.5432, 2.6788, 3.5118, 0.5492, 0.4437, 4.9724, 2.0621, 1.6851, 18.1, 4.8763, 2.4031, 1.4581, 4.3806, 1.2695, 1.3831, 1.9027, 2.0137, 3.5023, 1.3737, 0.8375, 5.9163, 1.5432, 3.4065, 8.887, 1.3203, 0.4343, 12.932, 11.857, 2.7298, 0.9391, 0.436, 1.0359, 6.4743, 0.4558, 17.4782, 1.9136, 14.0808, 1.4483],
      [5.8512, 15.6107, 24.8535, 11.967, 15.4435, 8.837, 2.2293, 8.6333, 1.0748, 1.3623, 8.236, 3.6449, 1.8739, 22.2931, 5.5517, 4.4032, 6.0379, 6.4612, 2.9993, 2.1406, 3.3445, 1.7441, 5.713, 3.539, 1.5647, 12.4679, 4.5289, 6.6804, 17.9198, 1.6238, 1.0857, 26.5662, 23.8098, 2.7846, 2.984, 2.2959, 3.1173, 5.2858, 0.6503, 22.0439, 8.5856, 29.0295, 4.9874],
      [8.9081, 45.8581, 46.8823, 28.9104, 58.5914, 17.6985, 10.1104, 24.3773, 3.8805, 3.3885, 46.7241, 16.0139, 12.8463, 73.3404, 38.3179, 11.5335, 12.6254, 17.6505, 9.2921, 10.0576, 17.5212, 10.384, 22.0279, 8.7449, 4.262, 34.43, 7.1059, 27.3843, 68.7595, 10.5496, 4.2054, 64.593, 46.6087, 15.1404, 7.9794, 2.2689, 11.7519, 19.0184, 6.9998, 57.2111, 11.5863, 99.0956, 6.885]
    ]
  ],
  "V_est": [
    [0.3576, 5.3872, 1160.7547, 78.8653, 615.6393, 3.996],
    [63.1388, 98.7485, 271.9088, 152.9858, 13542.3061, 520.9121],
    [177.9541, 232.438, 139.3221, 9850.9258, 315.243, 140.117],
    [13.8614, 1001.5209, 19.2447, 108.9632, 499.9553, 134.4545],
    [779.688, 15.9054, 117.7698, 191.26, 351.8564, 1061.5204]
  ],
  "p_est": [
    [0.0002, 0.0029, 0.6224, 0.0423, 0.3301, 0.0021],
    [0.0043, 0.0067, 0.0186, 0.0104, 0.9244, 0.0356],
    [0.0164, 0.0214, 0.0128, 0.9074, 0.029, 0.0129],
    [0.0078, 0.5633, 0.0108, 0.0613, 0.2812, 0.0756],
    [0.3096, 0.0063, 0.0468, 0.076, 0.1397, 0.4216]
  ],
  "EI_Z": {},
  "EI_V": 9.8811,
  "MAE_Z": {},
  "MAE_V": 208.6031,
  "MAE_p": 0.0603,
  "runtime": 1.713
}
