{
  "Z_true": {},
  "V_true": [
    [502, 29, 71, 2231, 75],
    [22, 1035, 1202, 253, 49],
    [65, 722, 6829, 421, 239],
    [892, 439, 392, 20210, 528],
    [47, 164, 756, 709, 905]
  ],
  "p_true": [
    [0.1726, 0.01, 0.0244, 0.7672, 0.0258],
    [0.0086, 0.4041, 0.4693, 0.0988, 0.0191],
    [0.0079, 0.0872, 0.8252, 0.0509, 0.0289],
    [0.0397, 0.0195, 0.0175, 0.8998, 0.0235],
    [0.0182, 0.0635, 0.2929, 0.2747, 0.3506]
  ],
  "Z_est": [
    [
      [6.5213, 4.4884, 0.2414, 8.6108, 5.1905, 10.2762, 5.2556, 3.9822, 4.7768, 10.5242, 0, 0.1577, 0.6291, 10.9156, 3.0594, 10.2362, 9.6839, 2.6961, 4.1399, 10.365, 7.4656, 0.2626, 0.4843, 2.797, 4.1759, 0.1217, 4.4413, 4.183, 10.1147, 5.8741, 3.0857, 7.8307, 3.1313, 0.9391, 14.3435, 1.592, 9.4207, 0.5071],
      [1.0201, 0.337, 0.0326, 0.5669, 0.5125, 0.5123, 0.6329, 0.4082, 0.5985, 0.8365, 0, 0.1008, 0.0075, 1.1977, 0.3737, 0.8018, 0.5633, 0.2074, 0.4216, 0.8804, 0.8652, 0.0474, 0.0603, 0.3641, 0.629, 0, 0.5875, 0.2594, 0.9108, 1.0346, 0.1819, 0.6164, 0.3169, 0.0462, 1.5589, 0.1345, 1.2916, 0.2342],
      [9.1523, 5.685, 0.2156, 7.83, 5.7373, 8.8619, 6.5142, 7.1964, 6.9303, 11.0019, 0, 0.1854, 0.2744, 13.6082, 3.7894, 9.7005, 8.539, 2.5156, 4.9128, 10.3203, 10.0072, 0.484, 0.5449, 1.9835, 6.117, 0.2375, 6.7265, 6.2545, 11.5905, 8.8273, 2.6731, 8.2798, 3.4539, 0.6897, 20.6309, 1.5607, 9.4052, 2.6075],
      [93.9723, 50.2887, 2.4718, 96.7661, 71.306, 110.9859, 57.4855, 64.2376, 60.5384, 113.002, 0, 2.5431, 4.0558, 139.9169, 42.6949, 122.9617, 98.8591, 33.4444, 53.2901, 125.055, 113.3387, 4.1899, 4.884, 21.7248, 58.9221, 2.6235, 62.1302, 56.0989, 123.8006, 104.0666, 26.9007, 103.0327, 38.9636, 8.2622, 233.7797, 17.6523, 108.4419, 30.5685],
      [0.334, 0.2009, 0.0386, 0.2262, 0.2538, 0.3637, 0.1118, 0.1756, 0.156, 0.6354, 0, 0.013, 0.0332, 0.3616, 0.0827, 0.2999, 0.3548, 0.1366, 0.2356, 0.3793, 0.3233, 0.0161, 0.0264, 0.1305, 0.1559, 0.0172, 0.1145, 0.2042, 0.5834, 0.1975, 0.1586, 0.2404, 0.1343, 0.0628, 0.687, 0.0605, 0.4405, 0.0827]
    ],
    [
      [0, 0, 0, 0.0003, 0.0024, 0.0047, 0, 0, 0, 0, 0.0001, 0, 0.0014, 0, 0, 0.0002, 0.0054, 0.0023, 0, 0.0011, 0, 0, 0, 0, 0, 0.0164, 0, 0, 0.0002, 0, 0, 0, 0.0003, 0.0008, 0, 0.0011, 0, 0],
      [100.2497, 41.6096, 0.8705, 29.9199, 33.2857, 33.7736, 105.0829, 93.1055, 107.8045, 44.2686, 0.7132, 1.8502, 1.8687, 79.1138, 36.0846, 42.3264, 43.1089, 15.2746, 19.1383, 41.0338, 71.4501, 0.756, 2.2852, 10.0514, 81.4228, 1.9883, 64.3665, 24.2239, 73.5142, 47.5498, 13.67, 51.8683, 15.3046, 5.1966, 140.2559, 15.8009, 166.9732, 70.7214],
      [40.9493, 24.945, 0.1256, 14.5217, 14.1611, 18.497, 50.9171, 58.1963, 56.1955, 22.0777, 0.2753, 0.1498, 1.0767, 36.8573, 15.3989, 18.9215, 22.0774, 6.4434, 8.5897, 18.2833, 32.4341, 0.2385, 0.7012, 2.8788, 37.2852, 0.9625, 33.2761, 19.3174, 35.3805, 17.8245, 7.1244, 25.1145, 6.4783, 2.6994, 69.3082, 6.9548, 55.4857, 31.1535],
      [0.801, 0.4326, 0.0025, 0.5581, 0.5505, 0.7243, 0, 0.6981, 0, 0.6374, 0.0113, 0, 0.0501, 1.0289, 0.5165, 0.7519, 0.8053, 0.2782, 0.2687, 0.6817, 1.1158, 0.0055, 0.0132, 0.0682, 0.292, 0.0316, 0.3574, 0.4553, 1.0793, 0.6257, 0.197, 1.0172, 0.2167, 0.098, 2.4359, 0.2429, 1.5412, 1.1251],
      [0, 0.0128, 0.0013, 0, 0.0004, 0.0003, 0, 0, 0, 0.0163, 0.0001, 0, 0.0032, 0, 0, 0, 0.003, 0.0015, 0.0033, 0, 0, 6.8358e-06, 0.0004, 0.0017, 0, 0.0012, 0, 0.0035, 0.0258, 0, 0.0085, 0, 0.0002, 0.0053, 0, 0.0003, 0, 0]
    ],
    [
      [3.9707, 2.0278, 0.09, 1.9997, 1.9105, 3.0325, 3.2512, 2.0943, 2.7292, 5.6764, 0.4711, 0.0673, 1.8638, 4.1751, 1.3153, 2.8058, 2.7862, 0.9144, 1.8571, 3.4678, 4.086, 0.231, 0.0839, 0.6797, 2.1255, 0.2275, 1.1032, 2.8473, 4.9441, 2.1233, 2.079, 3.2665, 1.6288, 1.8012, 5.7653, 1.3152, 6.8056, 0.538],
      [25.4529, 6.7787, 0.5308, 5.9167, 7.8438, 6.644, 18.1214, 9.6189, 15.7501, 18.8292, 0.2255, 1.803, 0.0635, 18.4175, 6.3094, 9.4752, 7.3978, 3.1165, 7.7618, 12.3014, 19.286, 2.1083, 0.4154, 2.9242, 13.2009, 0, 5.5397, 7.8661, 18.5399, 14.2637, 5.1934, 11.0871, 6.7023, 3.2493, 26.3564, 4.5194, 37.0151, 10.1485],
      [375.659, 170.3567, 5.9274, 118.7916, 136.5974, 158.2824, 297.4571, 253.2668, 289.4465, 382.8435, 9.2281, 6.9673, 17.1092, 337.3862, 106.2123, 173.5052, 158.2383, 55.9076, 142.0753, 223.3236, 351.6287, 33.5124, 6.6122, 32.6034, 214.5885, 5.7423, 109.1215, 286.3581, 363.4791, 208.3565, 116.7115, 222.499, 115.9094, 79.9055, 531.0415, 82.6517, 447.5636, 178.0624],
      [34.8509, 13.5602, 0.5282, 14.8978, 17.3825, 20.3019, 19.3188, 20.2333, 18.5465, 38.3791, 1.329, 0.5539, 2.9523, 34.3227, 12.0536, 22.4056, 18.7975, 7.5757, 15.3835, 27.7736, 40.8367, 1.792, 0.5308, 3.3103, 17.7865, 0.5807, 9.5822, 22.5393, 38.8558, 24.7874, 11.215, 28.8599, 13.2748, 10.4546, 61.9143, 9.6275, 49.9705, 21.2989],
      [17.0665, 7.2765, 0.9236, 4.3942, 7.2658, 7.7393, 6.8514, 7.7867, 8.5276, 25.2718, 0.7462, 0.6085, 2.0111, 11.6985, 3.1093, 6.8083, 7.7802, 3.4858, 7.9223, 10.1335, 14.1626, 1.3562, 0.3576, 2.4823, 7.2985, 0.4495, 2.6534, 11.3893, 21.1811, 6.4692, 7.801, 8.2875, 5.4847, 8.5894, 21.9225, 3.8863, 25.6453, 6.9521]
    ],
    [
      [35.9606, 25.0517, 1.473, 44.027, 34.1298, 53.0143, 31.2425, 24.4837, 24.3194, 68.8036, 1.3003, 0.6917, 2.6045, 54.7231, 16.1404, 54.9509, 50.3538, 14.8488, 24.0059, 55.7409, 53.2503, 2.3787, 3.2061, 9.1051, 19.4105, 0.6157, 16.9173, 28.6873, 56.2014, 29.7616, 18.3847, 52.8359, 21.66, 9.6909, 91.0377, 13.0107, 79.6184, 7.5456],
      [16.5089, 2.3639, 0.4367, 2.4223, 4.4994, 0, 13.0176, 2.6028, 9.1433, 8.3862, 0, 2.0456, 0, 12.6709, 4.4213, 4.7953, 1.6164, 0.7816, 4.2259, 6.5128, 10.5316, 0.9801, 1.1132, 3.4694, 8.6711, 0, 5.6724, 0.5958, 7.5236, 12.6598, 1.2411, 2.9837, 3.9193, 0.1468, 12.0621, 1.7034, 38.8276, 7.0038],
      [27.9207, 24.2804, 0.5886, 7.2051, 7.0407, 5.9087, 30.9812, 34.5075, 28.5528, 36.5867, 0, 0.0354, 0, 34.5967, 6.9984, 7.4165, 11.7752, 0.8443, 12.1706, 11.6039, 24.1236, 4.3151, 2.5351, 2.6678, 18.4441, 0.7979, 16.8152, 32.9733, 28.5127, 13.127, 8.2706, 7.1482, 8.1841, 0.4921, 43.9165, 3.9903, 25.3289, 12.9632],
      [695.5936, 375.4466, 19.9173, 664.4741, 629.0803, 770.6145, 461.216, 529.7529, 415.4306, 985.7855, 30.8424, 15.1678, 32.6269, 941.9341, 303.0691, 886.7401, 688.5262, 246.9215, 413.358, 902.5626, 1085.2339, 50.8744, 43.3019, 95.0714, 369.0505, 26.5177, 318.8426, 514.2443, 919.7323, 710.1753, 213.7086, 934.9859, 361.475, 113.4048, 1990.5148, 193.4698, 1230.274, 611.1078],
      [30.0161, 17.8575, 3.5845, 18.8715, 26.2499, 29.4625, 11.5427, 17.6531, 13.5539, 64.438, 1.8573, 1.0596, 2.7685, 30.0752, 7.3708, 26.0971, 28.7284, 11.6038, 21.2396, 32.5798, 36.8606, 2.4516, 2.8437, 6.6863, 12.4238, 2.0686, 7.7525, 22.4994, 50.0299, 17.2763, 14.395, 26.0463, 14.7616, 10.2654, 69.469, 7.8258, 59.9511, 19.3797]
    ],
    [
      [5.5473, 2.4321, 0.1956, 3.3622, 1.767, 3.6722, 4.2507, 2.4398, 3.1745, 6.9959, 0.2285, 0.0833, 0.9011, 7.1862, 1.4849, 4.0069, 4.1706, 1.5384, 2.997, 5.4252, 5.1981, 0.1277, 0.2257, 0.4182, 3.2881, 0.0186, 1.5383, 3.2825, 5.7396, 3.241, 2.4505, 6.0669, 1.5796, 1.568, 8.8536, 2.0811, 8.1553, 0.4093],
      [3.7684, 0.9108, 0.1294, 1.1741, 0.8586, 1.0701, 2.1452, 1.2646, 1.7036, 2.6795, 0.0613, 0.2003, 0.0602, 3.6, 0.811, 1.6015, 1.3137, 0.6199, 1.4524, 2.2716, 2.8671, 0.1081, 0.1259, 0.1909, 2.0762, 0.0117, 0.834, 1.0548, 2.5115, 2.4922, 0.7136, 2.4445, 0.7569, 0.3612, 4.7667, 0.8418, 4.8925, 0.8921],
      [48.3187, 18.7329, 1.1428, 19.6517, 12.4635, 20.45, 32.1304, 26.833, 27.8749, 45.4902, 1.4966, 0.6622, 2.5398, 55.5515, 11.601, 24.4562, 23.3702, 9.2891, 22.2516, 34.4689, 43.8064, 1.45, 1.6066, 1.8664, 29.5651, 0.2598, 14.0607, 30.0967, 41.0372, 30.8648, 13.2204, 40.9585, 10.9743, 7.2133, 80.103, 12.8426, 51.2167, 13.2133],
      [44.7822, 15.2719, 1.0801, 21.3039, 13.6807, 22.3734, 25.9796, 22.078, 22.4845, 42.1959, 1.8172, 0.7353, 3.3149, 51.7975, 11.666, 27.1407, 24.0118, 10.7802, 21.6997, 36.9269, 44.4749, 1.1382, 1.27, 1.8253, 25.9488, 0.2465, 12.0875, 24.6622, 39.532, 32.345, 11.9787, 45.1042, 11.0699, 7.7804, 81.3553, 13.0075, 52.7724, 13.8997],
      [40.5834, 14.6524, 3.452, 13.5081, 12.2302, 18.4342, 14.4941, 15.3846, 15.7625, 53.6385, 2.3963, 1.3189, 5.184, 35.8647, 6.4371, 17.7947, 21.1337, 10.7723, 22.5992, 28.9074, 32.6536, 1.176, 1.7719, 2.6992, 19.1218, 0.4634, 6.4796, 21.9037, 43.1798, 18.057, 15.6368, 28.4258, 9.6192, 13.0771, 60.9215, 11.2271, 53.9631, 9.5855]
    ]
  ],
  "V_est": [
    [192.5207, 19.1506, 225.044, 2463.2564, 8.0283],
    [0.0367, 1727.882, 813.2772, 19.715, 0.089],
    [88.1573, 370.774, 6804.9289, 708.3639, 303.7759],
    [1131.1839, 215.5556, 543.6189, 19791.0453, 779.5963],
    [116.1014, 55.6378, 863.131, 841.6193, 704.5105]
  ],
  "p_est": [
    [0.0662, 0.0066, 0.0774, 0.8471, 0.0028],
    [0, 0.6747, 0.3176, 0.0077, 0],
    [0.0107, 0.0448, 0.8222, 0.0856, 0.0367],
    [0.0504, 0.0096, 0.0242, 0.8811, 0.0347],
    [0.045, 0.0216, 0.3344, 0.3261, 0.273]
  ],
  "EI_Z": {},
  "EI_V": 6.2024,
  "MAE_Z": {},
  "MAE_V": 192.4584,
  "MAE_p": 0.0478,
  "runtime": 0.002
}
