{
  "X": [
    [25, 108, 137, 21],
    [2, 41, 44, 7],
    [21, 126, 320, 25],
    [32, 179, 540, 38],
    [7, 55, 111, 8],
    [11, 187, 228, 36],
    [41, 358, 406, 65],
    [49, 658, 604, 94],
    [20, 268, 398, 43],
    [19, 247, 373, 29],
    [21, 291, 262, 39],
    [15, 44, 80, 10],
    [74, 381, 370, 60],
    [70, 563, 492, 77],
    [117, 668, 660, 80],
    [39, 123, 124, 15],
    [58, 315, 686, 44],
    [31, 159, 341, 25],
    [23, 144, 386, 31],
    [110, 365, 400, 64],
    [4, 9, 19, 0],
    [0, 9, 16, 5],
    [8, 66, 62, 9],
    [0, 44, 65, 16],
    [1, 10, 7, 2],
    [92, 672, 723, 97],
    [56, 360, 561, 74],
    [76, 488, 810, 98],
    [18, 129, 206, 20],
    [66, 451, 980, 116],
    [64, 390, 602, 84],
    [20, 188, 327, 35],
    [5, 34, 60, 9],
    [13, 48, 39, 8],
    [2, 5, 15, 1],
    [125, 892, 715, 107],
    [49, 256, 223, 31],
    [77, 207, 258, 18],
    [83, 442, 366, 39],
    [125, 376, 416, 53],
    [57, 212, 189, 18],
    [7, 22, 26, 5],
    [16, 315, 348, 40],
    [131, 1127, 1348, 131],
    [26, 163, 258, 15],
    [264, 953, 1522, 174],
    [30, 158, 208, 20]
  ],
  "W": [
    [18, 22, 127, 109, 4, 11],
    [2, 4, 39, 48, 0, 1],
    [15, 21, 298, 122, 11, 25],
    [17, 56, 432, 197, 32, 55],
    [1, 4, 93, 61, 8, 14],
    [20, 17, 184, 198, 23, 20],
    [27, 24, 353, 399, 21, 46],
    [73, 75, 432, 685, 64, 76],
    [20, 25, 310, 296, 40, 38],
    [21, 11, 316, 267, 22, 31],
    [26, 24, 189, 313, 27, 34],
    [5, 16, 64, 47, 9, 8],
    [45, 87, 277, 392, 27, 57],
    [51, 72, 402, 558, 57, 62],
    [58, 142, 490, 689, 63, 83],
    [16, 48, 95, 116, 13, 13],
    [28, 47, 585, 329, 46, 68],
    [16, 31, 293, 164, 22, 30],
    [16, 20, 327, 150, 23, 48],
    [48, 168, 270, 398, 22, 33],
    [1, 3, 18, 10, 0, 0],
    [0, 0, 15, 12, 1, 2],
    [8, 6, 52, 65, 8, 6],
    [3, 8, 50, 61, 1, 2],
    [1, 2, 7, 9, 0, 1],
    [67, 99, 591, 679, 60, 88],
    [40, 61, 436, 407, 37, 70],
    [31, 73, 691, 544, 61, 72],
    [10, 19, 176, 142, 13, 13],
    [36, 49, 836, 521, 60, 111],
    [46, 48, 492, 440, 42, 72],
    [12, 22, 262, 219, 26, 29],
    [3, 5, 51, 41, 2, 6],
    [5, 19, 29, 50, 3, 2],
    [1, 2, 14, 5, 1, 0],
    [114, 180, 514, 907, 51, 73],
    [41, 75, 164, 241, 21, 17],
    [27, 112, 178, 209, 15, 19],
    [43, 139, 247, 437, 17, 47],
    [58, 160, 298, 403, 19, 32],
    [29, 76, 129, 206, 12, 24],
    [3, 5, 20, 23, 1, 8],
    [21, 19, 303, 312, 36, 28],
    [73, 182, 1073, 1155, 130, 124],
    [8, 30, 213, 169, 22, 20],
    [86, 299, 1270, 1023, 57, 178],
    [10, 45, 156, 176, 10, 19]
  ],
  "method": "mvn_cdf",
  "mvncdf_method": "genz",
  "mvncdf_samples": 5000,
  "mvncdf_error": 1e-06,
  "cond_prob": [
    [
      [0.1873234741, 0.4159992197, 0.034291340217, 0.36238596598],
      [0.73009417033, 0.12406631357, 0.09945939479, 0.046380121306],
      [0.0088065137091, 0.03116757161, 0.89470586127, 0.065320053407],
      [0.0053067547929, 0.84559137383, 0.1467283759, 0.0023734954786],
      [0.003941052445, 0.39285265817, 0.33407977246, 0.26912651693],
      [0.35031618141, 0.0075821065785, 0.29429934056, 0.34780237145]
    ],
    [
      [0.027991553374, 0.20547240878, 0.022420925344, 0.7441151125],
      [0.38574543239, 0.18432235716, 0.19365227049, 0.23627993996],
      [0.0023312837762, 0.019721996968, 0.87986534771, 0.098081371546],
      [0.0053436256079, 0.81414014675, 0.18051622764, 0],
      [0.00065064025787, 0.21189361268, 0.23817078576, 0.5492849613],
      [0.053621067248, 0.0038808278588, 0.20102158003, 0.74147652486]
    ],
    [
      [0.11558557065, 0.54725397997, 0.052515746341, 0.28464470303],
      [0.55645434365, 0.20532235082, 0.19188159672, 0.04634170881],
      [0.005361776024, 0.025499095241, 0.93389640504, 0.0352427237],
      [0.0024697668023, 0.82826095037, 0.1678546665, 0.0014146163288],
      [0.0019749487368, 0.41549833208, 0.41155896048, 0.1709677587],
      [0.2263931993, 0.010494918119, 0.47504814782, 0.28806373476]
    ],
    [
      [0.085502633925, 0.49234233092, 0.089881053797, 0.33227398136],
      [0.41532195887, 0.19079627341, 0.33811389556, 0.055767872165],
      [0, 0.019936496918, 0.95696744626, 0.023096056822],
      [0.0017328735658, 0.71869566445, 0.27796770686, 0.0016037551239],
      [0.0011489172969, 0.2923601885, 0.550351384, 0.1561395102],
      [0.12564152874, 0.0071718266519, 0.61376044747, 0.25342619714]
    ],
    [
      [0.14237008529, 0.51856748737, 0.060412974949, 0.2786494524],
      [0.61753470129, 0.16038776995, 0.18445222584, 0.037625302916],
      [0.0069737998587, 0.019848968326, 0.94420649366, 0.028970738154],
      [0.0029811332433, 0.80066731783, 0.19498448288, 0.0013670660545],
      [0.002290998759, 0.3789191595, 0.45876702237, 0.16002281937],
      [0.25276790034, 0.0087048367921, 0.48759889834, 0.25092836452]
    ],
    [
      [0.062934857638, 0.45166954148, 0.047701563907, 0.43769403698],
      [0.4215754453, 0.2369025704, 0.24286325806, 0.098658726239],
      [0.00057221733555, 0.023117668087, 0.91860296267, 0.057707151903],
      [0, 0.81543201931, 0.18456798069, 0],
      [0.0011014478248, 0.35030164518, 0.38129016071, 0.26730674628],
      [0.12219494937, 0.0086568441092, 0.42901071653, 0.44013748999]
    ],
    [
      [0.16780184452, 0.35805820297, 0.034353885801, 0.4397860667],
      [0.70769529499, 0.11886531388, 0.11044106831, 0.062998322813],
      [0.010113519467, 0.024791401649, 0.89146864319, 0.073626435698],
      [0.0049573389459, 0.8254495313, 0.16959312975, 0],
      [0.0035476196912, 0.33721854743, 0.33245016674, 0.32678366613],
      [0.3013502716, 0.0063552982477, 0.28444165491, 0.40785277524]
    ],
    [
      [0.072156943299, 0.5222149828, 0.051770371393, 0.3538577025],
      [0.43329557661, 0.25153391647, 0.24139353002, 0.073776976898],
      [0.00049019428795, 0.025150293175, 0.9278540439, 0.046505468639],
      [0, 0.82385664255, 0.17429080493, 0.0018525525204],
      [0.0012218754448, 0.39092168461, 0.39832465895, 0.20953178099],
      [0.14401856491, 0.01036247247, 0.47896475818, 0.36665420445]
    ],
    [
      [0.084921372479, 0.48746620387, 0.061804176167, 0.36580824749],
      [0.46307983165, 0.21023465324, 0.25850517321, 0.068180341904],
      [0.001255006515, 0.020848261839, 0.93756695853, 0.040329773111],
      [0.0019441124208, 0.78521593766, 0.21089733288, 0.0019426170419],
      [0.0013544484043, 0.34459223314, 0.44982884821, 0.20422447025],
      [0.15015498755, 0.0085326723365, 0.50623067211, 0.335081668]
    ],
    [
      [0.12762706882, 0.53291799636, 0.056211863516, 0.28324307131],
      [0.57667099761, 0.18776904373, 0.19230102052, 0.043258938139],
      [0.0058244780614, 0.023234589924, 0.93898227758, 0.031958654433],
      [0.0027545715359, 0.8140070917, 0.18181167529, 0.0014266614735],
      [0.0021402079703, 0.39814859235, 0.43251228131, 0.16719891837],
      [0.2372051722, 0.0097409568597, 0.48151136885, 0.27154250209]
    ],
    [
      [0.086959265532, 0.501551688, 0.050077152921, 0.36141189354],
      [0.49079515308, 0.22339573819, 0.21632511696, 0.069483991771],
      [0.0037589212564, 0.024782825024, 0.92504009061, 0.046418163106],
      [0.0013381590799, 0.82172672654, 0.17437230066, 0.0025628137225],
      [0.0015031116847, 0.38458138701, 0.39529008418, 0.21862541713],
      [0.17029739698, 0.0097071061939, 0.45359563857, 0.36639985826]
    ],
    [
      [0.18325272821, 0.40012711387, 0.05445481993, 0.36216533799],
      [0.69394513144, 0.11254790275, 0.1501122789, 0.043394686905],
      [0.005777319083, 0.014798910177, 0.9327267475, 0.046697023241],
      [0.0048447070003, 0.77300193468, 0.21995828356, 0.0021950747674],
      [0.0032339520463, 0.31897169712, 0.45197448602, 0.22581986481],
      [0.29425737964, 0.006203941432, 0.40320098709, 0.29633769184]
    ],
    [
      [0.12579366304, 0.48485716975, 0.045904270913, 0.34344489629],
      [0.59350772862, 0.18280761025, 0.1676784896, 0.05600617153],
      [0.0059226214572, 0.026057226117, 0.91988396717, 0.048136185261],
      [0.0031818458571, 0.82883025855, 0.16565981888, 0.0023280767169],
      [0.0023071812537, 0.39377813064, 0.38341856956, 0.22049611855],
      [0.24129770456, 0.0092253115265, 0.40785034966, 0.34162663426]
    ],
    [
      [0.1218600898, 0.51902087677, 0.038393616709, 0.32072541671],
      [0.59707632634, 0.20310720401, 0.14547182303, 0.054344646618],
      [0.00677333511, 0.032946777044, 0.90712582733, 0.053154060515],
      [0.0033935892517, 0.86505169933, 0.12956747633, 0.0019872350888],
      [0.002351615438, 0.44359614559, 0.33721070688, 0.2168415321],
      [0.25879184398, 0.010931995179, 0.37715660673, 0.35311955411]
    ],
    [
      [0.13031204424, 0.5237460441, 0.049762964839, 0.29617894682],
      [0.58880477916, 0.1899557489, 0.17470492485, 0.046534547083],
      [0.0057338806388, 0.026298753527, 0.92911137255, 0.038855993289],
      [0.0030008671769, 0.82873827122, 0.16677195932, 0.0014889022865],
      [0.0023149906107, 0.41159753544, 0.40188861994, 0.18419885401],
      [0.25070577575, 0.010015786381, 0.44356883294, 0.29570960493]
    ],
    [
      [0.16092584137, 0.53340366411, 0.046143264086, 0.25952723043],
      [0.65233356332, 0.16937510541, 0.14269495905, 0.035596372216],
      [0.0074945591993, 0.028336866573, 0.92821552762, 0.035953046603],
      [0.0025035183269, 0.84328783665, 0.15295637572, 0.0012522693019],
      [0.0029693442911, 0.43767705917, 0.391279442, 0.16807415454],
      [0.31324482869, 0.010180243763, 0.41556171436, 0.26101321318]
    ],
    [
      [0.16418360406, 0.52042926314, 0.06163241447, 0.25375471833],
      [0.62696194038, 0.15806767538, 0.18151977366, 0.03345061058],
      [0.006121996812, 0.022362096461, 0.949552847, 0.021963059727],
      [0.0035709763488, 0.79545688597, 0.19968473096, 0.001287406715],
      [0.0027243329453, 0.38290725354, 0.46656160325, 0.14780681027],
      [0.28020748852, 0.0087930045734, 0.48671084268, 0.22428866423]
    ],
    [
      [0.14671576013, 0.51518954309, 0.060638348896, 0.27745634788],
      [0.60409268343, 0.16650250268, 0.19052751202, 0.038877301861],
      [0.0057971678511, 0.021573646993, 0.94495238642, 0.027676798735],
      [0.0032103132812, 0.79692970654, 0.19844608292, 0.0014138972495],
      [0.0024209139288, 0.37788988976, 0.45874682533, 0.16094237098],
      [0.25491176622, 0.0088087236811, 0.48715988555, 0.24911962455]
    ],
    [
      [0.11167312998, 0.52030177813, 0.068713274662, 0.29931181722],
      [0.51820986571, 0.19008255126, 0.24423552759, 0.047472055446],
      [0.0041844111891, 0.019906934124, 0.9492217442, 0.026686910492],
      [0.0023674363457, 0.77865894109, 0.21749713222, 0.0014764903513],
      [0.0017150735732, 0.35427182001, 0.48274381776, 0.16126928865],
      [0.18929516673, 0.0086845842335, 0.53943102209, 0.26258922694]
    ],
    [
      [0.11692169197, 0.40405278193, 0.055240002436, 0.42378552367],
      [0.56493514848, 0.15670677218, 0.20746736168, 0.070890717659],
      [0.0046171148465, 0.018207318968, 0.9275085965, 0.049666969687],
      [0.0043353252483, 0.77224384764, 0.22199532156, 0.001425505548],
      [0.0020183442287, 0.30852800068, 0.43390336211, 0.25555029298],
      [0.19582332761, 0.0067298558715, 0.42929182172, 0.36815499479]
    ],
    [
      [0.55694048759, 0.34922693041, 0.093832581997, 0],
      [0.96240827452, 0.017642261868, 0.019949463614, 0],
      [0.023633812004, 0.019090524177, 0.95727566382, 0],
      [0.013042607279, 0.82542168488, 0.16153570784, 0],
      [0.011582937588, 0.43885866336, 0.48495006081, 0.064608338239],
      [0.78934635839, 0.0033305099213, 0.17531657158, 0.032006560109]
    ],
    [
      [0.0028793299615, 0.023904070693, 0.0055012298158, 0.96771536953],
      [0.22852361292, 0.06392825741, 0.13299724497, 0.5745508847],
      [0, 0.011187774566, 0.85964367506, 0.12916855037],
      [0, 0.73173517619, 0.24216675087, 0.026098072941],
      [0, 0.042997828732, 0.092070488247, 0.86493168302],
      [0, 0.0041817192496, 0.053636687698, 0.94218159305]
    ],
    [
      [0.15667394349, 0.50535304005, 0.038527231989, 0.29944578447],
      [0.68851625249, 0.15557931794, 0.11626369242, 0.039640737148],
      [0.0082280937579, 0.031002477029, 0.91345671676, 0.047312712457],
      [0.0034839042717, 0.85869594434, 0.13161503773, 0.0062051136604],
      [0.0029915057156, 0.44219246062, 0.3497457929, 0.20507024077],
      [0.32287737305, 0.0097991499309, 0.35691782044, 0.31040565658]
    ],
    [
      [0, 0.038666586114, 0.012554019258, 0.94877939463],
      [0, 0.07849675569, 0.26442208552, 0.65708115879],
      [0, 0.02987131433, 0.86527083698, 0.10485784869],
      [0, 0.68362700595, 0.31637299405, 0],
      [0, 0.048136516436, 0.11905329165, 0.83281019192],
      [0, 0.0065383000217, 0.082806740393, 0.91065495959]
    ],
    [
      [0.027111656707, 0.48338344769, 0.019706501823, 0.46979839378],
      [0.39212156947, 0.35208085415, 0.14361304275, 0.11218453362],
      [0.0024198380022, 0.043916656247, 0.86952480741, 0.084138698342],
      [0.01163992608, 0.9439204565, 0.043736166865, 0.00070345055032],
      [0.000641245528, 0.48536380287, 0.20092283892, 0.31307211268],
      [0.066947003608, 0.0097541417451, 0.21276825903, 0.71053059562]
    ],
    [
      [0.11890835783, 0.51974601095, 0.044183968698, 0.31716166252],
      [0.57755634565, 0.20239335777, 0.16654319229, 0.053507104298],
      [0.0058265241622, 0.029066531566, 0.91876130207, 0.046345642201],
      [0.0030421574137, 0.84482167607, 0.15002493507, 0.0021112314386],
      [0.0021894865792, 0.42344265932, 0.36987371921, 0.20449413489],
      [0.2410749085, 0.010469057706, 0.41482516442, 0.33363086937]
    ],
    [
      [0.11778473204, 0.42051119028, 0.058343730647, 0.40336034703],
      [0.55968412847, 0.15961262806, 0.214495938, 0.066207305468],
      [0.0048614761506, 0.019676234692, 0.93026450123, 0.045197787927],
      [0.0030662712301, 0.76851319115, 0.2259816315, 0.0024389061182],
      [0.0019816686511, 0.31333707802, 0.44710959998, 0.23757165335],
      [0.19581401641, 0.0069429009548, 0.4495585257, 0.34768455694]
    ],
    [
      [0.14497855009, 0.39850400065, 0.047780131437, 0.40873731782],
      [0.63618144006, 0.13970357031, 0.16212510115, 0.061989888479],
      [0.0068473805447, 0.020480116815, 0.91925135333, 0.053421149307],
      [0.0041052841595, 0.79193982362, 0.20126292434, 0.0026919678849],
      [0.0026906394002, 0.32772594127, 0.40376226881, 0.26582115052],
      [0.24910383722, 0.006801502254, 0.38006207155, 0.36403258898]
    ],
    [
      [0.14003585305, 0.44883017144, 0.052221357867, 0.35891261764],
      [0.62147304986, 0.15293569998, 0.1730115614, 0.052579688757],
      [0.0060711060034, 0.020150606584, 0.92820209888, 0.045576188531],
      [0.0034881647327, 0.79842869419, 0.19601267623, 0.0020704648517],
      [0.0024574105573, 0.35247989451, 0.42324534501, 0.22181734993],
      [0.2458363951, 0.0077153864554, 0.42238521862, 0.32406299983]
    ],
    [
      [0.13551262552, 0.38536381772, 0.05548885841, 0.42363469834],
      [0.60508911426, 0.13760430755, 0.19180844391, 0.065498134285],
      [0.0058927474207, 0.01827045045, 0.92682825075, 0.049008551382],
      [0.0038142135582, 0.76112867137, 0.23228188605, 0.0027752290148],
      [0.0023647852783, 0.29786787792, 0.44074606895, 0.25902126785],
      [0.21997071764, 0.0062169770755, 0.41722290946, 0.35658939583]
    ],
    [
      [0.16186770736, 0.38505810762, 0.049633869172, 0.40344031585],
      [0.66137138754, 0.12535160854, 0.15646138272, 0.056815621199],
      [0.0068045175712, 0.019264811267, 0.92183078883, 0.052099882335],
      [0.0046616503628, 0.77967548787, 0.21295951835, 0.0027033434258],
      [0.0029962440153, 0.31618256488, 0.41895858417, 0.26186260694],
      [0.26782594175, 0.006323337636, 0.38010415192, 0.34574656869]
    ],
    [
      [0.10813430032, 0.41792091703, 0.061236237046, 0.41270854561],
      [0.53683505342, 0.16266512278, 0.23127976647, 0.069220057324],
      [0.004159568853, 0.019066995791, 0.93217718282, 0.044596252538],
      [0.0027765990481, 0.75945541271, 0.23531322374, 0.0024547645003],
      [0.0017663723488, 0.30359222932, 0.45830896546, 0.23633243287],
      [0.17752445892, 0.0067803465895, 0.46541238944, 0.35028280505]
    ],
    [
      [0.1032795594, 0.30190280815, 0.044918514924, 0.54989911752],
      [0.60777452042, 0.12258313709, 0.17845377595, 0.091188566542],
      [0.0089982327849, 0.014790958678, 0.9133953968, 0.062815411739],
      [0.0034104142573, 0.76073624169, 0.23186415697, 0.0039891870893],
      [0.0018894155241, 0.25369261614, 0.39257883871, 0.35183912962],
      [0.17479550535, 0.0049109760209, 0.34970370427, 0.47058981436]
    ],
    [
      [0.10902136029, 0.37482861553, 0.035674326944, 0.48047569724],
      [0.61369341465, 0.15764901797, 0.14670512034, 0.081952447044],
      [0.0061008600765, 0.024148011446, 0.89693356094, 0.072817567535],
      [0.0038938704757, 0.82816767729, 0.16793845223, 0],
      [0.0021717675965, 0.33599968118, 0.33235629844, 0.32947225278],
      [0.20829227566, 0.0069251705419, 0.31458315225, 0.47019940155]
    ],
    [
      [0.22488673466, 0.45453357314, 0.059308459383, 0.26127123282],
      [0.88263596894, 0.045045263434, 0.061568664144, 0.010750103484],
      [0, 0.0075737604019, 0.95322209668, 0.039204142922],
      [0.001353569704, 0.80221386969, 0.19278568606, 0.0036468745473],
      [0.0030734789405, 0.33827390594, 0.50851642855, 0.15013618657],
      [0.38846149909, 0.005888278593, 0.42087583988, 0.18477438245]
    ],
    [
      [0.1006018333, 0.52654615962, 0.048236520208, 0.32461548687],
      [0.52447759486, 0.2208214396, 0.19574748002, 0.058953485514],
      [0.0045488304116, 0.027161674782, 0.92455765548, 0.043731839326],
      [0.0021493276049, 0.83411081648, 0.16156644102, 0.0021734148951],
      [0.0017760937028, 0.4109446569, 0.38679240032, 0.20048684908],
      [0.20201786548, 0.01052177786, 0.44899562958, 0.33846472709]
    ],
    [
      [0.10401817559, 0.56027338116, 0.049394823934, 0.28631361932],
      [0.52906239604, 0.22679994928, 0.19404565645, 0.050091998236],
      [0.0045829270165, 0.028139148317, 0.92978716263, 0.037490762041],
      [0.0026345786447, 0.83877412606, 0.15645884425, 0.0021324510427],
      [0.00181027653, 0.43171078087, 0.39217883067, 0.17430011193],
      [0.21358975335, 0.011381416077, 0.47023272977, 0.30479610081]
    ],
    [
      [0.15120330227, 0.54036613268, 0.069350402195, 0.23908016286],
      [0.58997399408, 0.1681973805, 0.20962233516, 0.03220629026],
      [0.0064342108006, 0.02371930393, 0.95819630188, 0.011650183391],
      [0.0042647178191, 0.78269994723, 0.21303533495, 0],
      [0.0023587895464, 0.37313145101, 0.49401537597, 0.13049438347],
      [0.25096979538, 0.0088795245065, 0.53454106442, 0.20560961569]
    ],
    [
      [0.093695697012, 0.60551947839, 0.054149017759, 0.24663580684],
      [0.48569641724, 0.25172824026, 0.21816613438, 0.044409208122],
      [0.0038196948797, 0.028124610018, 0.93885195964, 0.029203735462],
      [0.002961678604, 0.8372223205, 0.1598160009, 0],
      [0.0015586530619, 0.44527977609, 0.40969649072, 0.14346508013],
      [0.19563973927, 0.012547832069, 0.52437516578, 0.26743726288]
    ],
    [
      [0.16469510363, 0.4422070326, 0.056007224235, 0.33709063954],
      [0.64507526058, 0.1388511452, 0.17033043693, 0.045743157297],
      [0.0064584152119, 0.019795024715, 0.93442040216, 0.039326157917],
      [0.0037831606243, 0.7828374482, 0.21036180701, 0.0030175841668],
      [0.0028877041355, 0.34318050262, 0.44715452949, 0.20677726376],
      [0.27286107667, 0.0072803231001, 0.43030271744, 0.28955588279]
    ],
    [
      [0.13898388773, 0.58330620281, 0.055209428232, 0.22250048122],
      [0.58997469147, 0.19665420446, 0.18086779571, 0.032503308357],
      [0.0065429737051, 0.028696672064, 0.94824315697, 0.016517197261],
      [0.0038574315204, 0.82967550507, 0.16646706341, 0],
      [0.002355222745, 0.43796215723, 0.4276141505, 0.13206846952],
      [0.2693522304, 0.011159581319, 0.49608424959, 0.22340393869]
    ],
    [
      [0.18090551315, 0.45225614424, 0.042270857697, 0.32456748491],
      [0.72806700708, 0.12081922013, 0.11368206762, 0.037431705159],
      [0.0062657844396, 0.024112936, 0.92307704433, 0.046544235233],
      [0, 0.83057533891, 0.15747822097, 0.011946440125],
      [0.0033918129228, 0.39277709423, 0.38612835136, 0.21770274149],
      [0.33603011543, 0.0076083571934, 0.35438859607, 0.30197293131]
    ],
    [
      [0.071808992487, 0.57851723439, 0.042322400129, 0.30735137299],
      [0.44866793037, 0.28427109411, 0.20171559679, 0.065345378735],
      [0.0036460372291, 0.033508189063, 0.91639032921, 0.046455444501],
      [0.00051352433255, 0.86659903675, 0.12978426859, 0.0031031703202],
      [0.0012876387336, 0.45967938295, 0.34603740836, 0.19299556996],
      [0.16628559337, 0.013201741077, 0.4522258931, 0.36828677246]
    ],
    [
      [0.098611306923, 0.55861042429, 0.052497277054, 0.29028099173],
      [0.50678168183, 0.23107635755, 0.2100919413, 0.05205001933],
      [0.0041379675923, 0.026737985671, 0.93279158746, 0.036332459279],
      [0.0020483360784, 0.83072467909, 0.16604452018, 0.001182464652],
      [0.0016776593469, 0.42003689309, 0.40545514827, 0.1728302993],
      [0.19792859186, 0.011160345787, 0.48834679061, 0.30256427175]
    ],
    [
      [0.14034751747, 0.5667012928, 0.058344572761, 0.23460661697],
      [0.59287562202, 0.186641237, 0.18696896523, 0.033514175755],
      [0.0062076880565, 0.024700135596, 0.94839930974, 0.020692866604],
      [0.002860567991, 0.81783605325, 0.17818915198, 0.0011142267835],
      [0.00232223727, 0.41747742404, 0.44356998454, 0.13663035415],
      [0.26170942166, 0.010361366929, 0.50213075705, 0.22579845436]
    ],
    [
      [0.15408943926, 0.44695725956, 0.050406273369, 0.34854702781],
      [0.63787751668, 0.14909356126, 0.16264589971, 0.050383022356],
      [0.0062720596934, 0.021774563491, 0.92630035385, 0.045653022961],
      [0.0039563091744, 0.80202247353, 0.19193828572, 0.0020829315783],
      [0.002801998047, 0.35925891243, 0.41611849194, 0.22182059759],
      [0.26882245367, 0.0077654876424, 0.40764531882, 0.31576673987]
    ],
    [
      [0.1117147271, 0.4833132569, 0.061302895287, 0.34366912071],
      [0.53600793824, 0.18280382336, 0.2252919568, 0.055896281605],
      [0.0039900947833, 0.019713014238, 0.93995076628, 0.036346124704],
      [0.0025769256319, 0.78539522687, 0.20867600862, 0.0033518388781],
      [0.0018119320051, 0.34793359234, 0.45545515526, 0.1947993204],
      [0.19307276268, 0.008240489775, 0.49131496753, 0.30737178002]
    ]
  ],
  "expected_outcome": [
    [
      [3.3718225339, 0.055983106748, 1.7337835598, 1.4535447767, 0.14237008529, 1.2586971528, 4.5306498021, 5.2674568609, 1.6984274496, 2.6801684451, 2.2609409038, 0.91626364105, 5.660714837, 6.21486458, 7.5580985658, 2.574813462, 4.5971409136, 2.347452162, 1.7867700797, 5.6122412145, 0.55694048759, 0, 1.2533915479, 0, 0.027111656707, 7.9668599747, 4.7113892817, 4.4943350529, 1.4003585305, 4.8784545188, 7.4459145385, 1.2976116038, 0.3098386782, 0.54510680146, 0.22488673466, 11.4686089965, 4.2647451991, 4.0824891612, 4.0289149715, 9.5523160105, 4.0305327443, 0.54271653945, 1.5079888422, 7.1986254054, 1.1227801398, 13.2516917765, 1.117147271],
      [7.4879859545, 0.41094481756, 8.2088096996, 8.3698196256, 0.51856748737, 9.0333908296, 9.6675714802, 38.1216937448, 9.7493240774, 11.1912779236, 13.0403438881, 2.0006355694, 21.8185726389, 26.4700647154, 30.3772705578, 8.5344586258, 14.572019368, 8.2430326895, 8.3248284502, 19.3945335324, 0.34922693041, 0, 4.0428243204, 0.11599975834, 0.48338344769, 34.8229827337, 16.8204476113, 12.3536240202, 4.4883017144, 13.8730974381, 17.7126729505, 5.0150510044, 0.90570842446, 1.8741430776, 0.45453357314, 60.0262621963, 22.9712086277, 14.5898855823, 26.0373375708, 25.6480078906, 16.9158798815, 1.3567684327, 12.1488619222, 40.7785609735, 4.5336103424, 38.4383243225, 4.833132569],
      [0.6172441239, 0.044841850688, 0.78773619511, 1.5279779145, 0.060412974949, 0.95403127814, 0.92755491664, 3.7792371117, 1.2360835233, 1.1804491338, 1.3020059759, 0.27227409965, 2.0656921911, 1.9580744522, 2.8862519607, 0.73829222538, 1.7257076052, 0.97021358233, 1.0994123946, 2.6515201169, 0.093832581997, 0, 0.30821785592, 0.037662057774, 0.019706501823, 2.9603259028, 2.3337492259, 1.4811840746, 0.52221357867, 1.9975989027, 2.2831579819, 0.73483484455, 0.13475554477, 0.17837163472, 0.059308459383, 5.4989633037, 2.0251877813, 1.8724608593, 2.3284077636, 3.2484190056, 1.6010734187, 0.12681257309, 0.88877040272, 3.8323012249, 0.46675658209, 4.3349395097, 0.61302895287],
      [6.5229473877, 1.488230225, 4.2696705455, 5.6486576831, 0.2786494524, 8.7538807395, 11.874223801, 25.8316122827, 7.3161649497, 5.9481044974, 9.3967092321, 1.8108266899, 15.455020333, 16.3569962525, 17.1783789157, 4.1524356869, 7.1051321132, 4.4393015661, 4.7889890755, 20.3417051361, 0, 0, 2.3955662758, 2.8463381839, 0.46979839378, 21.2498313888, 16.1344138811, 12.6708568524, 3.5891261764, 15.2508491403, 18.5582545291, 4.9525025473, 1.6496973526, 2.4023784862, 0.26127123282, 37.0061655035, 11.738858392, 6.4551643972, 10.6053396941, 19.5512570932, 6.4525139555, 0.97370245473, 6.4543788329, 21.1905123963, 1.8768529357, 29.9750443912, 3.4366912071]
    ],
    [
      [16.0620717473, 1.5429817296, 11.6855412167, 23.2580296968, 2.4701388051, 7.1667825701, 16.9846870798, 32.4971682454, 11.5769957912, 6.3433809737, 11.7790836739, 11.1031221031, 51.6351723896, 42.9894954967, 83.6102786406, 31.3120110394, 29.4672111977, 18.7268731864, 10.3641973141, 94.9091049438, 2.8872248236, 0, 4.131097515, 0, 0.78424313895, 57.1780782189, 34.1407318369, 46.4412451244, 11.8079879473, 29.6493665986, 31.7458266019, 11.8103711753, 3.0388726021, 11.6601748784, 1.7652719379, 94.4059670757, 39.6796797028, 66.0770873366, 67.5118019957, 103.2120416926, 44.8380765519, 3.6403350354, 8.5246906769, 92.2342660925, 17.7862686606, 190.7253774858, 24.1203572206],
      [2.7294588985, 0.73728942864, 4.3117693672, 10.6845913108, 0.64155107981, 4.0273436968, 2.8527675332, 18.8650437356, 5.255866331, 2.065459481, 5.3614977165, 1.800766444, 15.9042620917, 14.6237186889, 26.9737163444, 8.1300050599, 7.4291807428, 5.1615775832, 3.8016510251, 26.3267377266, 0.052926785605, 0, 0.93347590762, 0.62797404552, 0.7041617083, 20.0369424192, 9.7363703114, 10.1983606329, 2.9057782997, 6.7426110699, 6.0168772101, 3.5786327012, 0.61291568546, 2.9953313413, 0.090090526869, 39.7478591288, 17.0099961959, 18.8381066164, 34.9902253967, 22.2161832316, 14.9457195391, 0.60409610067, 5.4011507881, 42.0558970732, 5.5992371099, 44.5789748153, 8.2261720511],
      [2.1881066854, 0.77460908196, 4.0295135311, 18.9343781511, 0.73780890338, 4.128675387, 2.6505856395, 18.1045147517, 6.4626293303, 2.1153112258, 5.1918028071, 2.4017964624, 14.5880285956, 10.473971258, 24.8080993292, 6.8493580344, 8.5314293622, 5.9063528727, 4.8847105518, 34.8545167629, 0.059848390843, 0, 0.69758215454, 2.1153766842, 0.2872260855, 16.4877760365, 13.0842522182, 11.8351323838, 3.2872196666, 9.3986137515, 7.5101463705, 5.0881548623, 0.89226887975, 2.7873972864, 0.12313732829, 35.2345464031, 14.5534242336, 23.4777015378, 30.3250926786, 27.2528699084, 13.7459524738, 0.56841033811, 3.832596339, 38.2367333163, 5.6090689569, 48.6311240146, 10.138138056],
      [1.0203626687, 0.94511975985, 0.97317588502, 3.1230008412, 0.15050121166, 1.6771983461, 1.5119597475, 5.5332732673, 1.7045085476, 0.47584831953, 1.6676158025, 0.69431499048, 4.8725369231, 3.9128145565, 6.6079056858, 1.7086258664, 1.5721786973, 1.2051963577, 0.94944110892, 11.9096405666, 0, 0, 0.23784442289, 5.2566492703, 0.22436906725, 5.2972033255, 4.0386456336, 4.5252618589, 0.99901408639, 3.20940858, 2.7271498175, 1.5228412611, 0.45594283271, 1.5570964938, 0.021500206967, 10.6116273925, 3.7568998677, 3.6071045091, 6.172879929, 7.3189051675, 2.4702514351, 0.18715852579, 1.241562196, 9.473103518, 1.0054252727, 15.0645236843, 2.5153326722]
    ],
    [
      [1.1184272411, 0.09092006727, 1.5978092552, 0, 0.64856338685, 0.10528798974, 3.5700723718, 0.2117639324, 0.38905201964, 1.8405350674, 0.71043611745, 0.36974842131, 1.6405661436, 2.7228807142, 2.809601513, 0.71198312393, 3.581368135, 1.6985701804, 1.3683024588, 1.2466210085, 0.42540861607, 0, 0.42786087541, 0, 0.016938866015, 3.4434757799, 2.1196036016, 4.7315399564, 1.0685146566, 4.9263368437, 3.347822645, 1.0898070395, 0.45890987203, 0.17692494222, 0, 2.3380988316, 0.7516000307, 1.1452895225, 0.9434646353, 1.9246077331, 0.84404360796, 0.12531568879, 1.1047492804, 4.4400392265, 1.322237556, 7.9655158107, 0.62245478619],
      [3.9582815944, 0.76915788174, 7.5987303818, 8.6125666688, 1.8459540544, 4.253650928, 8.7513647822, 10.8649266516, 6.4629611701, 7.3421304159, 4.6839539295, 0.94713025135, 7.2178516344, 13.2446043716, 12.8863892281, 2.6920023244, 13.0818264295, 6.3210785689, 6.5095674584, 4.9159761212, 0.34362943519, 0.1678166185, 1.6121288055, 1.4935657165, 0.30741659373, 17.1783201554, 8.5788383257, 14.1517607193, 3.5465067588, 15.2740965758, 9.4782871436, 4.9955528972, 0.75433889256, 0.70029233194, 0.10603264563, 13.961100838, 4.6148203239, 4.2220360995, 6.9467786745, 5.8989173652, 3.7018706962, 0.48225872001, 10.1529812862, 28.6898586248, 5.2611288819, 27.6536956335, 3.0752302211],
      [113.6276443818, 34.3147485607, 278.3011287005, 413.4099367843, 87.8112039105, 169.0229451321, 314.6884310445, 400.8329469638, 290.6457571458, 296.7183997159, 174.832577126, 59.6945118399, 254.8078589048, 364.6645825872, 455.2645725474, 88.1804751243, 555.488415495, 276.8710492215, 310.3955103519, 250.4273210548, 17.2309619487, 12.8946551259, 47.4997492713, 43.2635418488, 6.0866736519, 542.9879295239, 405.5953225367, 635.2026851532, 163.3635694031, 774.8284176254, 453.5407481025, 244.2304218983, 46.5831652367, 26.0110732673, 13.3451093535, 475.2226349166, 152.4850946706, 170.5589417344, 231.896434031, 278.4572798424, 122.3233672492, 18.4615408865, 277.6662697496, 1000.8853733419, 202.0090529755, 1176.4014493951, 146.6323195389],
      [8.2956467827, 3.8251734903, 10.5023316626, 9.977496547, 2.6942786483, 10.6181159502, 25.9901318015, 20.0903624522, 12.5022296645, 10.0989348007, 8.7730328271, 2.9886094874, 13.3337233172, 21.367932327, 19.0394367115, 3.4155394273, 12.8483899405, 8.1093020292, 8.7266197309, 13.4100818155, 0, 1.9375282556, 2.4602610478, 5.2428924347, 0.5889708884, 27.3902745408, 19.706235536, 36.9140141711, 8.0214091815, 40.971148955, 25.6331421089, 11.684218165, 3.2035859987, 2.1117094585, 0.54885800091, 22.4781654138, 6.1484849748, 2.0737326435, 7.2133226592, 11.7191950593, 2.1307184466, 0.93088470467, 14.0759996838, 38.9847288069, 4.4075805867, 57.9793391607, 5.6699954538]
    ],
    [
      [0.57843627243, 0.25649402918, 0.30131154988, 0.34137609247, 0.18184912784, 0, 1.9779782394, 0, 0.57545727654, 0.73547060007, 0.41884379202, 0.22770122902, 1.247283576, 1.8936228024, 2.0675974849, 0.29040812592, 1.1748512188, 0.52649137812, 0.35511545186, 1.7254594488, 0.13042607279, 0, 0.22645377766, 0, 0.10475933472, 2.0656248839, 1.2479723907, 2.2332745828, 0.49531939204, 1.9872052638, 2.0511261596, 0.60807519152, 0.13982698455, 0.19469352378, 0.0067678485201, 1.9494401376, 0.63493345338, 0.89132602419, 1.2942535499, 1.5246137316, 0.79463089319, 0, 0.16021959176, 2.3658281705, 0.48343599048, 4.0473042854, 0.45353891121],
      [92.1694597475, 39.0787270442, 101.0478359455, 141.5830458968, 48.8407063874, 161.4555398242, 329.3543629888, 564.341800145, 232.423917547, 217.3398934851, 257.200465406, 36.3310909298, 324.9014613509, 482.6988482246, 571.0006688675, 97.8213890518, 261.7053154857, 130.6964718733, 116.7988411628, 307.353051361, 8.2542168488, 8.7808221143, 55.815236382, 41.7012473632, 8.4952841085, 573.6339180541, 312.7848687981, 430.8152640478, 113.3768745746, 396.5480377858, 343.0572146612, 166.3207353837, 31.1901859091, 41.4083838645, 4.0110693484, 756.5385105514, 202.144564381, 163.584288971, 365.8661540572, 315.4834916238, 170.9131540447, 19.1032327948, 270.3788994673, 959.4870043495, 138.2142929984, 820.4689904201, 138.2295599297],
      [15.9933929729, 8.6647789266, 20.4782693125, 54.7596382513, 11.8940534554, 36.5444601758, 67.6676587718, 119.3892013785, 62.425610532, 48.5437173013, 54.5785301068, 10.3380393271, 64.9386490001, 72.2986517934, 114.9058799722, 17.7429395833, 65.6962764863, 32.5451575997, 32.6245698327, 88.3541379821, 1.6153570784, 2.9060010104, 8.5549774524, 19.2987526368, 0.39362550178, 101.8669309152, 91.9745240212, 109.48703084, 27.8338000244, 121.0188626337, 93.7021880719, 51.5335959992, 9.5064304357, 8.3969226117, 0.96392843031, 146.5407620011, 37.7065814643, 44.5243850048, 69.8395923928, 84.7758082254, 34.2922150621, 3.6219990823, 40.492691801, 191.7814208069, 30.1139666847, 196.3528662899, 36.7269775165],
      [0.25871100716, 0, 0.17258319212, 0.3159397594, 0.083391029322, 0, 0, 1.2689984765, 0.57501464439, 0.38091861343, 0.80216069514, 0.10316851407, 0.91260607304, 1.1088771796, 1.0258536754, 0.14526323902, 0.42355680924, 0.23187914892, 0.2214735527, 0.56735120812, 0, 0.3131768753, 0.40333238793, 0, 0.0063310549529, 1.4335261468, 0.99263479011, 1.4644305294, 0.29400600894, 1.4458943167, 1.1894711073, 0.53759342557, 0.16355667066, 0, 0.018234372736, 1.9712873099, 0.5139207013, 0, 0, 1.2160864192, 0, 0.27476812287, 0.9681891399, 1.3657466731, 0.1883043264, 2.1308390046, 0.58992364254]
    ],
    [
      [0.01576420978, 0, 0.021724436105, 0.036765353499, 0.018327990072, 0.02533329997, 0.074500013515, 0.078200028467, 0.054177936172, 0.047084575346, 0.040584015487, 0.029105568417, 0.06229389385, 0.13404207997, 0.14584440848, 0.038601475784, 0.12531931548, 0.053260106433, 0.039446692184, 0.044403573032, 0, 0, 0.023932045725, 0, 0, 0.13136919475, 0.073321740092, 0.16412900341, 0.031946337245, 0.1418871167, 0.12584224864, 0.045925681069, 0.0037788310483, 0.0065153027894, 0.0030734789405, 0.090580778844, 0.03801580713, 0.035381843196, 0.026497102052, 0.054866378574, 0.02826267294, 0.0033918129228, 0.04635499441, 0.2180957151, 0.05108921994, 0.15971388868, 0.018119320051],
      [1.5714106327, 0, 4.5704816529, 9.3555260321, 3.031353276, 8.0569378392, 7.0815894961, 25.0189878153, 13.7836893258, 8.7592690317, 10.3836974493, 2.870745274, 10.6320095272, 25.2849802985, 25.9306447326, 5.6898017692, 17.6137336629, 8.3135775747, 8.1482518603, 6.7876160149, 0, 0.042997828732, 3.537539685, 0.048136516436, 0, 25.4065595595, 11.5934718868, 19.9912824175, 4.5822386286, 17.872072675, 13.2796677248, 7.8933979624, 0.50738523229, 1.0079990435, 0.33827390594, 20.9581775017, 9.0659263982, 5.5969717651, 7.5697561935, 6.5204295497, 5.2555458868, 0.39277709423, 16.548457786, 54.6047961014, 9.1845033289, 20.4777580083, 3.4793359234],
      [1.3363190898, 0, 4.5271485652, 17.611244288, 3.670136179, 8.7696736964, 6.9814535016, 25.492778173, 17.9931539282, 9.5152701889, 10.6728322728, 4.0677703742, 10.352301378, 19.221010292, 25.3189830562, 5.086632746, 21.4618337494, 10.0924301573, 11.1031078086, 9.5458739665, 0, 0.092070488247, 2.7979663432, 0.11905329165, 0, 22.1924231526, 16.5430551994, 24.6294983971, 5.5021894852, 26.444764137, 17.5962605352, 11.9160331019, 0.78515767743, 0.99706889533, 0.50851642855, 19.7264124165, 8.2357554442, 7.4102306396, 6.9648403422, 8.4959360602, 5.131369806, 0.38612835136, 12.457346701, 52.709169275, 9.7585396598, 23.7187540406, 4.5545515526],
      [1.0765060677, 0, 1.8806453457, 4.9964643264, 1.280182555, 6.1480551644, 6.8624569888, 13.4100339833, 8.1689788098, 3.6783762041, 5.9028862624, 2.0323787833, 5.9533952009, 12.3599673296, 11.6045278027, 2.184964009, 6.7991132722, 3.5407321616, 3.709193639, 5.6221064455, 0, 0.86493168302, 1.6405619261, 0.83281019192, 0, 12.2696480932, 8.7901511738, 16.215090182, 2.883625549, 15.5412760713, 10.9982294914, 6.1446432546, 0.70367825924, 0.98841675835, 0.15013618657, 10.224829303, 3.6603023505, 1.9574157521, 2.4389063622, 3.9287680115, 1.5848216343, 0.21770274149, 6.9478405186, 22.4679389085, 3.0058677914, 12.6437740625, 1.947993204]
    ],
    [
      [3.8534779955, 0.053621067248, 5.6598299824, 6.9102840805, 3.5387506048, 2.4438989875, 13.8621124934, 10.9454109329, 5.7058895269, 7.3533603383, 5.7901114973, 2.3540590371, 13.7539691599, 16.0450943268, 20.8085793872, 4.072182773, 19.0541092194, 7.6473529866, 9.0861680033, 6.4621698112, 0, 0, 1.9372642383, 0, 0.066947003608, 21.2145919479, 13.706981149, 17.9354762801, 3.1958731363, 24.4167496584, 19.2834678063, 5.1482093088, 1.0487730321, 0.41658455131, 0, 14.7473041798, 3.6310258069, 4.7684261123, 9.1950677455, 8.7315544536, 6.4644535297, 2.6882409234, 4.6559966143, 24.54314539, 5.2341884332, 47.8503967529, 3.6683824909],
      [0.083403172364, 0.0038808278588, 0.26237295296, 0.39445046586, 0.12186771509, 0.17313688218, 0.2923437194, 0.78754790775, 0.32424154879, 0.30196966265, 0.33004161059, 0.049631531456, 0.52584275701, 0.67778370111, 0.83131026963, 0.13234316892, 0.59792431099, 0.26426171043, 0.41686004321, 0.22208524376, 0, 0.0083634384992, 0.058794899585, 0.013076600043, 0.0097541417451, 0.92127707813, 0.48600306683, 0.48970816229, 0.10030002392, 0.69008445539, 0.4552803098, 0.19663005109, 0.029465856125, 0.013850341084, 0, 0.76808978377, 0.19348407331, 0.16871096562, 0.58974810722, 0.2329703392, 0.26782995166, 0.060866857547, 0.36964875014, 1.3838828776, 0.20722733857, 1.3822568004, 0.15656930573],
      [3.2372927462, 0.20102158003, 11.8762036955, 33.7568246108, 6.8263845768, 8.5802143305, 13.084316126, 36.4013216214, 19.2367655404, 14.9268524342, 15.4222517114, 3.2256078967, 23.2474699304, 23.3837096173, 36.8162131343, 5.4023022867, 33.096337302, 14.6147965665, 25.8926890605, 14.1666301169, 0, 0.1072733754, 2.1415069226, 0.16561348079, 0.21276825903, 36.5046144691, 31.4690967987, 27.3644691513, 5.4910078421, 46.3117429496, 27.3674989381, 13.4969592937, 2.0982222256, 0.6291663045, 0, 32.776680959, 7.993956406, 10.1562802241, 24.6456327918, 13.769686958, 11.9060219901, 2.8351087686, 12.6623250067, 60.5550020351, 10.042615141, 72.5608667501, 9.3349843831],
      [3.825826086, 0.74147652486, 7.2015933691, 13.9384408428, 3.5129971033, 8.8027497999, 18.7612276611, 27.865719538, 12.733103384, 8.4178175648, 12.4575951807, 2.3707015348, 19.4727181527, 21.8934123549, 24.5438972088, 3.3931717714, 15.2516291676, 7.4735887364, 12.604282893, 12.1491148281, 0, 1.8843631861, 1.8624339395, 1.8213099192, 0.71053059562, 29.3595165049, 24.3379189855, 26.2103464063, 4.2128189977, 39.5814229367, 24.8937529458, 10.1582013463, 2.8235388861, 0.9403988031, 0, 24.7079250774, 5.1815337137, 3.906582698, 12.5695513555, 9.2657882493, 5.3616945285, 2.4157834504, 10.3120296289, 37.5179696973, 4.5159690872, 56.2064796966, 5.8400638203]
    ]
  ],
  "prob": [
    [0.12268801992, 0.48912138116, 0.052022715181, 0.33616788374],
    [0.57131026918, 0.18429396397, 0.18945743357, 0.054938333286],
    [0.0051864606663, 0.023582797765, 0.92882192364, 0.042408817926],
    [0.0029205567186, 0.81182736406, 0.18338727605, 0.0018648031693],
    [0.0021501987929, 0.37852872305, 0.41319353174, 0.20612754642],
    [0.22573539987, 0.0089798619715, 0.44383991171, 0.32144482645]
  ],
  "iterations": 183,
  "time": 0.293477,
  "message": "Converged",
  "status": 0,
  "miniter": 0,
  "maxiter": 1000,
  "maxtime": 3600,
  "param_threshold": 0.001,
  "ll_threshold": "-Inf",
  "initial_prob": "random",
  "adjust_prob_cond_method": "lp",
  "adjust_prob_cond_every": true,
  "candidates_id": ["DEWAR, Katherine Mary.c", "GROSER, Timothy John.c", "CUNLIFFE, David Richard.c", "Other candidates votes.c"],
  "group_id": ["ACT New Zealand.p", "Green Party.p", "Labour Party.p", "National Party.p", "New Zealand First Party.p", "Other parties votes.p"]
}
