{
  "X": [
    [4, 5, 8, 31, 5],
    [6, 5, 6, 64, 1],
    [6, 49, 30, 79, 3],
    [4, 4, 11, 26, 0],
    [142, 158, 257, 899, 31],
    [69, 127, 189, 940, 16],
    [90, 129, 178, 837, 28],
    [66, 119, 245, 505, 26],
    [40, 80, 73, 600, 20],
    [3, 8, 10, 20, 0],
    [3, 5, 7, 42, 1],
    [1, 1, 5, 16, 0],
    [55, 57, 114, 320, 18],
    [28, 55, 111, 508, 8],
    [52, 118, 182, 476, 24],
    [72, 165, 328, 1052, 37],
    [6, 16, 26, 83, 7],
    [40, 87, 102, 615, 17],
    [3, 4, 5, 22, 0],
    [23, 32, 155, 188, 8],
    [30, 80, 127, 346, 8],
    [29, 26, 207, 245, 18],
    [89, 108, 303, 495, 21],
    [123, 182, 319, 961, 29],
    [124, 177, 458, 992, 43],
    [64, 95, 351, 571, 16],
    [95, 132, 426, 652, 56],
    [17, 46, 147, 233, 11],
    [97, 143, 213, 985, 26],
    [0, 0, 5, 16, 0],
    [0, 3, 3, 32, 0],
    [471, 998, 2027, 5647, 184],
    [50, 63, 241, 441, 14],
    [108, 149, 540, 1077, 41],
    [20, 39, 112, 372, 4]
  ],
  "W": [
    [2, 3, 5, 34, 5, 4],
    [7, 7, 7, 53, 1, 7],
    [24, 14, 24, 94, 6, 5],
    [1, 3, 9, 24, 4, 4],
    [78, 77, 191, 973, 56, 112],
    [64, 78, 110, 977, 59, 53],
    [65, 110, 121, 847, 54, 65],
    [54, 66, 168, 540, 80, 53],
    [35, 44, 51, 619, 42, 22],
    [7, 4, 8, 20, 1, 1],
    [2, 4, 6, 43, 0, 3],
    [1, 3, 2, 14, 2, 1],
    [30, 27, 94, 340, 29, 44],
    [29, 44, 65, 505, 55, 12],
    [62, 55, 136, 488, 68, 43],
    [90, 123, 227, 1062, 103, 49],
    [7, 5, 20, 93, 12, 1],
    [43, 48, 68, 613, 57, 32],
    [5, 2, 4, 22, 1, 0],
    [22, 29, 120, 187, 38, 10],
    [41, 30, 95, 343, 48, 34],
    [18, 33, 168, 236, 47, 23],
    [53, 74, 216, 506, 103, 64],
    [85, 89, 257, 956, 122, 105],
    [107, 111, 332, 1015, 110, 119],
    [43, 80, 266, 562, 88, 58],
    [92, 76, 334, 670, 100, 89],
    [28, 30, 120, 206, 46, 24],
    [78, 79, 142, 1021, 88, 56],
    [0, 3, 4, 13, 0, 1],
    [2, 4, 2, 28, 1, 1],
    [573, 448, 1437, 5685, 795, 389],
    [41, 76, 167, 429, 46, 50],
    [91, 194, 356, 1056, 127, 91],
    [27, 87, 46, 353, 20, 14]
  ],
  "method": "mvn_pdf",
  "cond_prob": [
    [
      [0.017844915481, 0.49620705128, 0.03976792294, 0.16930270336, 0.27687740694],
      [0.021397182533, 0.027771217942, 0.47290644606, 0.43464305235, 0.043282101119],
      [0.0082276833477, 0.012073753369, 0.61659178979, 0.006469925108, 0.35663684839],
      [0.029649188717, 0.060702005539, 0.0057976776034, 0.69616709524, 0.2076840329],
      [0.0048187048383, 0.076576595881, 0.20106341671, 0.16269002924, 0.55485125333],
      [0.36206299979, 0.028305758292, 0.038958523233, 0.041608548083, 0.5290641706]
    ],
    [
      [0.019278291736, 0.45571312072, 0.017329950619, 0.49639298749, 0.011285649434],
      [0.015130795979, 0.017816772064, 0.12100420866, 0.84484741192, 0.001200811371],
      [0.028318399268, 0.037285476303, 0.8294319127, 0.059920716801, 0.045043494926],
      [0.015031720917, 0.027721129694, 0.0012175505545, 0.95196582984, 0.0040637689973],
      [0.0078053298024, 0.11244556023, 0.12271885241, 0.72627856328, 0.03075169428],
      [0.66342589037, 0.050145238078, 0.030692826242, 0.22044518155, 0.035290863758]
    ],
    [
      [0.0053397146448, 0.91210702309, 0.01433206985, 0.06268136844, 0.0055398239722],
      [0.016839026139, 0.1435363551, 0.41506123406, 0.42218134721, 0.0023820374855],
      [0.010736306997, 0.1041537799, 0.84441722058, 0.010644594989, 0.030048097533],
      [0.022968125328, 0.30814397309, 0.0054941174718, 0.65237906698, 0.01101471713],
      [0.0049461764637, 0.51768309368, 0.23505902518, 0.20798936246, 0.034322342221],
      [0.49844798065, 0.29588248942, 0.073776928359, 0.082143609455, 0.049748992111]
    ],
    [
      [0.018434782922, 0.68281876794, 0.033041333151, 0.26168525012, 0.0040198658626],
      [0.019843551424, 0.032147437838, 0.33917152569, 0.60823095028, 0.00060653476923],
      [0.01502039589, 0.027362851298, 0.93118068816, 0.017267672319, 0.0091683923375],
      [0.025226100679, 0.06493163714, 0.003997413483, 0.90329088024, 0.0025539684606],
      [0.0093069756943, 0.19040558917, 0.31010959087, 0.47664067988, 0.013537164387],
      [0.7493879792, 0.065905030599, 0.058186930789, 0.11426459774, 0.012255461675]
    ],
    [
      [0.033958232791, 0.66294637978, 0.058453860684, 0.22408070755, 0.020560819199],
      [0.031697143508, 0.032689853375, 0.48637340326, 0.44662637199, 0.0026132278668],
      [0.019421519104, 0.022822007703, 0.91563375546, 0.010907947626, 0.031214770106],
      [0.05285260331, 0.085262475776, 0.0081551568149, 0.8388952773, 0.014834486799],
      [0.014092231956, 0.17507898168, 0.42129999024, 0.33315861391, 0.056370182206],
      [0.74447327822, 0.057701316798, 0.076341485026, 0.07510103549, 0.046382884463]
    ],
    [
      [0.022424953192, 0.62740680757, 0.070247107336, 0.2648057417, 0.015115390198],
      [0.017938340255, 0.026512193405, 0.50154715329, 0.45235574098, 0.0016465720664],
      [0.010928398268, 0.018407964548, 0.94012447257, 0.010987822385, 0.019551342228],
      [0.030954342684, 0.071545862985, 0.0086891391818, 0.8791390866, 0.0096715685447],
      [0.0083304859539, 0.14830397129, 0.45381678784, 0.35246459544, 0.037084159482],
      [0.64645709643, 0.071709825304, 0.12050026692, 0.11655967774, 0.044773133614]
    ],
    [
      [0.028977096385, 0.65211660207, 0.04282815776, 0.2529669865, 0.023111157284],
      [0.029316765508, 0.034830029867, 0.38595513512, 0.54671574488, 0.0031823246253],
      [0.021872952551, 0.029611894856, 0.88593405334, 0.016257120412, 0.046323978839],
      [0.041053868521, 0.076277836248, 0.0054404181814, 0.86205158434, 0.015176292714],
      [0.012898417308, 0.18466244003, 0.3308761365, 0.40356154671, 0.068001459449],
      [0.71850577879, 0.063968127216, 0.063070007225, 0.095624053573, 0.0588320332]
    ],
    [
      [0.024429234593, 0.70375955935, 0.064928381204, 0.18396250175, 0.022920323107],
      [0.02355749142, 0.035738732953, 0.55886159255, 0.37883208541, 0.0030100976649],
      [0.012698681985, 0.021955992541, 0.92554439066, 0.0081391334842, 0.031661801332],
      [0.045108040217, 0.10704530218, 0.010739571717, 0.817498707, 0.019608378884],
      [0.010132802021, 0.18532989694, 0.46825505464, 0.27339612902, 0.062886117379],
      [0.67524280294, 0.076489793082, 0.10621602733, 0.077214864877, 0.064836511771]
    ],
    [
      [0.024931080054, 0.64320901557, 0.034384210736, 0.26992083782, 0.027554855814],
      [0.026345143092, 0.035777348025, 0.32452029927, 0.60939675234, 0.0039604572742],
      [0.022405542817, 0.034682695263, 0.8563797053, 0.020643633841, 0.065888422779],
      [0.033549467548, 0.071247033937, 0.0041457142111, 0.87388121058, 0.017176573722],
      [0.011427391143, 0.18719771084, 0.2742021189, 0.44351444983, 0.08365832929],
      [0.68566437832, 0.06919162364, 0.055688946873, 0.11219991028, 0.077255140886]
    ],
    [
      [0.033597828174, 0.75257642999, 0.035027618976, 0.17550257972, 0.0032955431399],
      [0.042175727905, 0.042017017777, 0.44312577104, 0.47209427619, 0.00058720708364],
      [0.024085157935, 0.027370447343, 0.93145313359, 0.010402176815, 0.0066890843207],
      [0.063913160849, 0.10000346717, 0.005778815953, 0.82744814968, 0.0028564063468],
      [0.018632882641, 0.23605619209, 0.38023012965, 0.35281649227, 0.012264303356],
      [0.89845986859, 0.033882092212, 0.027792211331, 0.035692716085, 0.0041731117776]
    ],
    [
      [0.014680365416, 0.66992111506, 0.028517204688, 0.27528709198, 0.011594222851],
      [0.016027196269, 0.033376878825, 0.3076302652, 0.64123263104, 0.001733028666],
      [0.012101281042, 0.028112524627, 0.91488072946, 0.018456179851, 0.02644928502],
      [0.019569351028, 0.064941836345, 0.0033867999775, 0.9049521424, 0.0071498702533],
      [0.0073486054556, 0.19054507168, 0.27065334999, 0.49175708498, 0.039695887893],
      [0.66199519268, 0.082896068524, 0.062467064175, 0.1479733629, 0.04466831172]
    ],
    [
      [0.014394960292, 0.4795711799, 0.092339927275, 0.41000102951, 0.0036929030216],
      [0.0073985316412, 0.0103168939, 0.52987753292, 0.45212859439, 0.00027844714736],
      [0.0034656316283, 0.0054868778913, 0.98062961987, 0.0080618023638, 0.002356068243],
      [0.012835056552, 0.028165601742, 0.0071368516294, 0.95033207935, 0.0015304107241],
      [0.003833500152, 0.064263306308, 0.53602060092, 0.38986064438, 0.0060219482366],
      [0.68721878694, 0.034519915465, 0.12871822569, 0.14149609916, 0.0080469727373]
    ],
    [
      [0.036342217178, 0.64651254259, 0.052592843343, 0.23332925409, 0.031223142796],
      [0.034799847742, 0.032433383065, 0.45155230004, 0.47714453156, 0.0040699375938],
      [0.022178548927, 0.023535756373, 0.89142874873, 0.012087524218, 0.050769421749],
      [0.054170974937, 0.079030586881, 0.0070159266729, 0.83823151111, 0.0215510004],
      [0.015101419977, 0.16989398409, 0.38158481692, 0.34735131632, 0.086068462704],
      [0.74778125343, 0.051491334242, 0.063427231467, 0.072065487535, 0.065234693329]
    ],
    [
      [0.026889669469, 0.58117477992, 0.066977493927, 0.30943988459, 0.015518172091],
      [0.020368043879, 0.023171038502, 0.45410716254, 0.50075250049, 0.001601254587],
      [0.013548581704, 0.017576812853, 0.9347956671, 0.013273744555, 0.020805193786],
      [0.032298562545, 0.057429331973, 0.0072001127196, 0.89443963412, 0.0086323586393],
      [0.0096854577511, 0.13285372699, 0.42090758796, 0.39957531567, 0.036977911638],
      [0.68428029397, 0.057519653612, 0.099848481517, 0.11838545991, 0.039966110991]
    ],
    [
      [0.020760654441, 0.71553811201, 0.04447489535, 0.19719005333, 0.02203628487],
      [0.02360579174, 0.042813712194, 0.45121915532, 0.47895018596, 0.0034111547863],
      [0.015252620922, 0.031524847231, 0.89784463633, 0.012325776048, 0.043052119473],
      [0.036517597039, 0.1036059349, 0.0070086632716, 0.83491001672, 0.017957788069],
      [0.0098840914401, 0.21621874121, 0.36802955081, 0.33644230952, 0.069425307028],
      [0.66047871108, 0.089263973899, 0.083568454079, 0.095051929263, 0.071636931684]
    ],
    [
      [0.021971451134, 0.63705895359, 0.060829214278, 0.25641499514, 0.023725385856],
      [0.0191383755, 0.029342149537, 0.47166935397, 0.47703635751, 0.0028137634773],
      [0.012156932953, 0.021245155276, 0.91966105849, 0.012084130379, 0.034852722905],
      [0.031046283236, 0.074423744392, 0.0077056096475, 0.87128609132, 0.015538271407],
      [0.0085875801301, 0.15856806106, 0.41244795871, 0.35913354596, 0.06126285414],
      [0.63710019971, 0.073395421788, 0.10504152062, 0.11368465131, 0.070778206574]
    ],
    [
      [0.02606442224, 0.65862922902, 0.051737738479, 0.1943978634, 0.06917074686],
      [0.026951941924, 0.03430703328, 0.49975536431, 0.42928503542, 0.0097006250692],
      [0.014207888391, 0.020694874046, 0.85279102451, 0.0089772221991, 0.10332899085],
      [0.044661989376, 0.088679527041, 0.0078117172865, 0.80465941939, 0.054187346902],
      [0.010257161117, 0.15941183163, 0.36882781585, 0.27462322532, 0.18687996608],
      [0.65490207653, 0.054355432182, 0.067240634604, 0.06474199091, 0.15875986577]
    ],
    [
      [0.020264353936, 0.6395409904, 0.040958163507, 0.2793710335, 0.019865458656],
      [0.019885742583, 0.033059387001, 0.35870574387, 0.5856959788, 0.0026531477494],
      [0.016010217421, 0.030334762915, 0.89314613728, 0.018781167151, 0.041727715234],
      [0.026730076972, 0.069497737501, 0.0048410491619, 0.8867890899, 0.012142046468],
      [0.0089215695309, 0.1788345069, 0.31355607839, 0.44083445803, 0.057853387151],
      [0.64409124124, 0.079821668484, 0.076930690088, 0.13461768946, 0.064538710729]
    ],
    [
      [0.12921114272, 0.52873064998, 0.035437945575, 0.30305228251, 0.0035679792153],
      [0.10931629952, 0.020692468137, 0.31299441284, 0.55656016306, 0.00043665644189],
      [0.067921978091, 0.01513071873, 0.89788205575, 0.013534685427, 0.0055305619975],
      [0.14196675111, 0.040526836536, 0.003291971416, 0.81246306503, 0.0017513759091],
      [0.055101693979, 0.1328505075, 0.32026569319, 0.48144037846, 0.010341726878],
      [0.98178843737, 0.0037749938999, 0.0039280962517, 0.0099454440271, 0.00056302844894]
    ],
    [
      [0.045568673512, 0.58454963929, 0.093831123293, 0.25437333906, 0.021677224844],
      [0.031095726853, 0.020812694854, 0.57543677293, 0.37063608083, 0.0020187245281],
      [0.016462390358, 0.012565775597, 0.94222984919, 0.0078063697317, 0.02093561512],
      [0.062840518745, 0.0657337032, 0.011550000192, 0.84606608431, 0.013809693554],
      [0.014630744117, 0.11831190121, 0.52799998238, 0.29279463257, 0.046262739716],
      [0.77380886544, 0.037008679582, 0.090354156782, 0.06275789453, 0.036070403668]
    ],
    [
      [0.014222863419, 0.71318830967, 0.044942084261, 0.21670176814, 0.010944974508],
      [0.01549210947, 0.040709725692, 0.43797320829, 0.50420037896, 0.0016245775858],
      [0.01054795114, 0.031574371463, 0.92261808938, 0.013651850712, 0.021607737305],
      [0.023544821508, 0.096845122381, 0.0066613339876, 0.86455333405, 0.008395388072],
      [0.006781294645, 0.21513498845, 0.37336821336, 0.37019840605, 0.034517097493],
      [0.59214520342, 0.11544379981, 0.11008309662, 0.13595641962, 0.046371480532]
    ],
    [
      [0.033993195316, 0.5145702389, 0.10300788561, 0.30599061515, 0.042438065024],
      [0.02069392217, 0.016419204061, 0.56164528467, 0.39772097827, 0.0035206108295],
      [0.011148293654, 0.010080399936, 0.93311925779, 0.0085206853505, 0.037131363269],
      [0.040312278172, 0.050022559841, 0.010923523179, 0.87546466247, 0.023276976336],
      [0.0096146270684, 0.091967326425, 0.5087187786, 0.30999609437, 0.079703173536],
      [0.66933688472, 0.038899279328, 0.11792570251, 0.089682050614, 0.084156082826]
    ],
    [
      [0.039284658023, 0.66456132079, 0.068470390956, 0.20914769833, 0.018535931901],
      [0.034646423095, 0.03089107866, 0.53826672463, 0.39396894934, 0.002226824277],
      [0.019446733997, 0.019762589932, 0.92759791855, 0.0088133016755, 0.024379455845],
      [0.064175181138, 0.08948266273, 0.010021702005, 0.82229046162, 0.014029992511],
      [0.015570146126, 0.16734696368, 0.47142878629, 0.29708354667, 0.048570557239],
      [0.77020155295, 0.051195275004, 0.079317171346, 0.062183480378, 0.03710252032]
    ],
    [
      [0.025471791808, 0.67863276741, 0.04013055697, 0.24098583331, 0.014779050503],
      [0.027241363702, 0.038360655303, 0.38171753894, 0.55052813869, 0.0021523033604],
      [0.020842529586, 0.033446777525, 0.89681672199, 0.016787918545, 0.032106052358],
      [0.037923903521, 0.083513794052, 0.0053577559853, 0.8630035659, 0.010200980539],
      [0.012046578726, 0.20436405183, 0.32898811004, 0.40844247391, 0.046158785501],
      [0.71220486257, 0.075387822908, 0.066842338338, 0.10304710779, 0.042517868393]
    ],
    [
      [0.024854506222, 0.6291196832, 0.078901074377, 0.24305959551, 0.024065140685],
      [0.019375796737, 0.025939840438, 0.54750578513, 0.40462379984, 0.002554777858],
      [0.01080427762, 0.016484396324, 0.93595127248, 0.0089967802702, 0.02776327331],
      [0.036564107431, 0.076554975678, 0.01040655244, 0.86006319147, 0.016411172984],
      [0.0088015636851, 0.1418830778, 0.48466125958, 0.3083704511, 0.05628364784],
      [0.64937068489, 0.065467067106, 0.12304347944, 0.097294562959, 0.064824205603]
    ],
    [
      [0.023630900989, 0.63842076388, 0.074077596923, 0.24866414042, 0.015206597787],
      [0.018896188717, 0.026913250832, 0.52789065607, 0.42464305159, 0.0016568527896],
      [0.010986693811, 0.017832836518, 0.94255608691, 0.0098381136167, 0.018786269141],
      [0.034322836624, 0.076462687916, 0.0096414141966, 0.86933755645, 0.010235504813],
      [0.008728786806, 0.14981643349, 0.47523506397, 0.32910131794, 0.037118397794],
      [0.65861197116, 0.070159747648, 0.12240354562, 0.10541519039, 0.043409545185]
    ],
    [
      [0.027984293413, 0.60788438874, 0.084562544766, 0.23136397437, 0.048204798714],
      [0.021296820694, 0.024439257362, 0.57329531377, 0.3759735715, 0.0049950366729],
      [0.011094073625, 0.014508532491, 0.91583209796, 0.0078070888443, 0.050758207083],
      [0.04208916332, 0.075540930286, 0.011398499964, 0.83737686703, 0.033594539401],
      [0.0092351830379, 0.1276305019, 0.48442544085, 0.27351665956, 0.10519221465],
      [0.63714691387, 0.054891074768, 0.114585923, 0.080444579656, 0.11293150871]
    ],
    [
      [0.013290107192, 0.63609770961, 0.053861236303, 0.27845142049, 0.01829952641],
      [0.011805598076, 0.029515725146, 0.42782419472, 0.52863995578, 0.0022145262805],
      [0.0082338197811, 0.023444339535, 0.92344883842, 0.014632462676, 0.030240539589],
      [0.01769565568, 0.069267061929, 0.0064199969069, 0.89533507893, 0.011282206559],
      [0.005376665327, 0.1623161052, 0.37962409405, 0.40363133849, 0.049051796932],
      [0.53375766794, 0.098292099, 0.12636926832, 0.16714997421, 0.074430990531]
    ],
    [
      [0.03414818718, 0.62511088145, 0.055310825605, 0.26581795447, 0.01961215129],
      [0.030208671724, 0.029231683176, 0.43594615927, 0.50225127081, 0.0023622150162],
      [0.020547386546, 0.022663319334, 0.91183498576, 0.013621155842, 0.031333152523],
      [0.046203204333, 0.069901656498, 0.0067076551816, 0.86488872905, 0.012298754936],
      [0.013798281868, 0.16083840124, 0.38807129481, 0.38493450944, 0.052357512643],
      [0.74267736905, 0.053878299686, 0.071472575949, 0.088200713239, 0.043771042076]
    ],
    [
      [0.0043639939937, 0.36087133901, 0.044783275244, 0.58765552526, 0.002325866489],
      [0.0025066404957, 0.0079762815826, 0.26304511588, 0.72626751039, 0.00020445164547],
      [0.0018348698573, 0.0062552156532, 0.97065449417, 0.018454132441, 0.0028012878805],
      [0.0026715709604, 0.013777750648, 0.0025015350915, 0.98036054335, 0.00068859995428],
      [0.0013892020519, 0.051279681072, 0.29123573942, 0.65169977868, 0.0043955987825],
      [0.3459897582, 0.054836282735, 0.14904352894, 0.43756996509, 0.012560465029]
    ],
    [
      [0.0053837357324, 0.59175635561, 0.022411801632, 0.37692626911, 0.0035218379122],
      [0.0050866024376, 0.024459921778, 0.20118882305, 0.7688000512, 0.00046460152944],
      [0.0052660315631, 0.028457703009, 0.92689739584, 0.030008627894, 0.009370241695],
      [0.0053920354658, 0.041405529402, 0.0020286025367, 0.94952005245, 0.0016537801436],
      [0.0025456633816, 0.15309174933, 0.19596683124, 0.63768008975, 0.010715666308],
      [0.43884459005, 0.11835490425, 0.082520436576, 0.33802572783, 0.022254341297]
    ],
    [
      [0.022015193879, 0.64082672789, 0.064616714623, 0.25331786934, 0.019223494263],
      [0.018766757478, 0.028991125419, 0.48883463274, 0.46117623968, 0.0022312446845],
      [0.011667633438, 0.020545762933, 0.92933647362, 0.011442645328, 0.027007484684],
      [0.031509917753, 0.076096534523, 0.0082978919531, 0.87133636718, 0.012759288591],
      [0.0085214338131, 0.15840008467, 0.43265582468, 0.35134106088, 0.049081595955],
      [0.64053755832, 0.074971658757, 0.11286085869, 0.11368487292, 0.057945051319]
    ],
    [
      [0.024495636891, 0.58598986371, 0.093510960596, 0.27604753381, 0.019956004997],
      [0.016517957102, 0.020795488124, 0.56336236118, 0.39749079283, 0.0018334007718],
      [0.0090545538664, 0.012988293157, 0.94967201683, 0.0086788859735, 0.019606250169],
      [0.032434608082, 0.063889065145, 0.011091285168, 0.88034265469, 0.01224238692],
      [0.0077889346705, 0.11816770908, 0.5176332389, 0.31444478613, 0.041965331214],
      [0.63546428775, 0.059648576847, 0.14342853778, 0.10853315524, 0.052925442386]
    ],
    [
      [0.026802235686, 0.58529686908, 0.091301529901, 0.2714979358, 0.025101429536],
      [0.018443176879, 0.021310294516, 0.55889922201, 0.39899523628, 0.0023520703091],
      [0.010151439817, 0.013369196378, 0.94249244981, 0.008759413577, 0.025227500419],
      [0.035833309575, 0.064739442504, 0.010945318883, 0.8729258476, 0.015556081441],
      [0.0085870582622, 0.11945437559, 0.50716969339, 0.3116798279, 0.053109044858],
      [0.64858500979, 0.056406056723, 0.13179615997, 0.10062739576, 0.062585377754]
    ],
    [
      [0.021815298493, 0.55917462058, 0.098947304664, 0.30611520114, 0.013947575122],
      [0.013678016861, 0.018389266943, 0.55665862166, 0.41008321423, 0.0011908803123],
      [0.0076294743462, 0.011690460384, 0.95861406079, 0.0091146434036, 0.012951361072],
      [0.02659635224, 0.055928833141, 0.010799879051, 0.89879924044, 0.007875695126],
      [0.006620923867, 0.10732717373, 0.52502522625, 0.33304692369, 0.027979752459],
      [0.61014986571, 0.06044441525, 0.16174350867, 0.12824698648, 0.03941522389]
    ]
  ],
  "expected_outcome": [
    [
      [0.035689830962, 0.13494804215, 0.12815315148, 0.018434782922, 2.6487421577, 1.4351970043, 1.883511265, 1.319178668, 0.87258780188, 0.23518479722, 0.029360730832, 0.014394960292, 1.0902665153, 0.77980041461, 1.2871605754, 1.977430602, 0.18245095568, 0.87136721924, 0.64605571361, 1.0025108173, 0.58313740019, 0.61187751568, 2.0820868752, 2.1651023037, 2.6594321658, 1.0161287425, 2.574554994, 0.37212300138, 2.6635586, 0, 0.010767471465, 12.6147060927, 1.0043211125, 2.4390034475, 0.58901305932],
      [0.99241410255, 3.1899918451, 21.8905685542, 0.68281876794, 51.7098176226, 40.1540356847, 42.3875791346, 38.0030162048, 22.512315545, 5.2680350099, 1.3398422301, 0.4795711799, 19.3953762777, 16.8540686178, 44.3633629445, 57.3353058231, 4.6104046032, 27.5002625873, 2.6436532499, 12.8600920644, 29.2407206964, 9.2622643002, 35.2217500021, 57.6837852299, 67.3158061029, 27.4520928469, 55.9253637637, 17.810735869, 48.7586487531, 0, 1.1835127112, 367.1937150816, 24.025584412, 53.2620150863, 15.0977147555],
      [0.07953584588, 0.12130965433, 0.34396967641, 0.033041333151, 4.5594011333, 4.4958148695, 2.7838302544, 3.506132585, 1.2034473758, 0.24519333283, 0.057034409376, 0.092339927275, 1.5777853003, 1.9423473239, 2.7574435117, 5.474629285, 0.36216416935, 1.7612010308, 0.17718972788, 2.0642847124, 1.8426254547, 1.854141941, 3.6289307207, 3.4110973424, 8.4424149583, 3.1853366677, 7.7797541185, 1.5081146165, 4.3142443972, 0, 0.044823603265, 37.025377479, 3.8339493844, 8.308439221, 2.6715772259],
      [0.33860540672, 3.4747509124, 1.5043528426, 0.26168525012, 17.4782951889, 16.9475674688, 16.4428541225, 9.9339750944, 9.4472293239, 1.228518058, 0.55057418396, 0.41000102951, 6.9998776228, 8.9737566531, 12.2257833065, 23.0773495627, 1.3607850438, 12.0129544404, 1.5152614125, 5.5962134594, 8.8847724939, 5.5078310727, 11.0848280113, 20.4837958312, 26.0073767197, 10.6925580381, 21.2854856422, 7.7966397737, 20.733800449, 0, 0.75385253822, 145.1511391339, 11.3179488861, 24.7063121575, 8.2651104309],
      [0.55375481388, 0.078999546041, 0.13295577533, 0.0040198658626, 1.6037438975, 0.96738497268, 1.5022252235, 1.2376974478, 0.96441995348, 0.023068801979, 0.023188445702, 0.0036929030216, 0.93669428387, 0.45002699064, 1.3662496619, 2.1352847271, 0.48419522802, 0.8542147222, 0.017839896077, 0.47689894656, 0.44874395481, 0.76388517044, 0.98240439075, 1.2562192927, 2.5749700533, 0.65388370484, 4.4348414816, 0.51238673949, 1.5297478006, 0, 0.0070436758245, 11.0150622128, 0.81819620489, 2.2842300878, 0.3765845283]
    ],
    [
      [0.0641915476, 0.10591557185, 0.23574636595, 0.059530654273, 2.4406800501, 1.3991905399, 3.2248442059, 1.5547944337, 1.1591862961, 0.16870291162, 0.064108785077, 0.022195594924, 0.93959588903, 0.89619393069, 1.2983185457, 2.3540201865, 0.13475970962, 0.95451564397, 0.21863259904, 0.90177607874, 0.4647632841, 0.6828994316, 2.563835309, 2.4244813695, 2.1507134378, 1.5116950974, 1.6185583727, 0.35416794228, 2.3864850662, 0.0075199214872, 0.02034640975, 8.4075073502, 1.2553647397, 3.5779763145, 1.1899874669],
      [0.083313653827, 0.12471740445, 2.0095089714, 0.096442313513, 2.5171187099, 2.0679510856, 3.8313032854, 2.3587563749, 1.5742033131, 0.16806807111, 0.1335075153, 0.030950681701, 0.87570134276, 1.0195256941, 2.3547541707, 3.6090843931, 0.1715351664, 1.586850576, 0.041384936274, 0.60356815077, 1.2212917708, 0.54183373401, 2.2859398208, 3.414098322, 2.8793222887, 2.1530600666, 1.8573835595, 0.88547175437, 2.3093029709, 0.023928844748, 0.097839687112, 12.9880241877, 1.5804570974, 4.134197136, 1.599866224],
      [1.4187193382, 0.84702946065, 5.8108572769, 1.0175145771, 37.4507520509, 39.1206779569, 42.4550648635, 36.8848651085, 14.2788931679, 1.7725030842, 1.2305210608, 1.5896325988, 12.1919121011, 19.9807151517, 24.8170535426, 58.0153305386, 2.4987768216, 17.2178757057, 0.62598882568, 16.687666415, 13.1391962487, 18.5342943941, 39.8317376226, 33.9728609659, 60.7731421489, 42.2312524859, 43.5704438463, 12.8347258415, 34.4397465825, 0.78913534765, 0.80475529221, 218.9979154672, 42.8155394494, 108.4264490704, 48.429300084],
      [1.303929157, 5.9139318835, 5.910538861, 1.8246928508, 34.3902306434, 35.2837477965, 60.1387319364, 25.0029176371, 26.8134571029, 1.8883771048, 2.5649305242, 1.3563857832, 12.8829023521, 22.0331100217, 26.3422602278, 58.6754719741, 2.1464251771, 28.1134069823, 1.1131203261, 10.7484463441, 15.1260113688, 13.1247922829, 29.1537022511, 48.9970043437, 44.9132417824, 33.971444127, 28.5739914343, 15.8591986734, 39.6778503941, 2.1788025312, 3.0752002048, 206.6069553762, 30.2093002548, 77.4050758392, 35.6772396379],
      [0.12984630336, 0.0084056795969, 0.033348524797, 0.0018196043077, 0.20121854575, 0.12843262118, 0.35005570879, 0.19866644588, 0.17426012006, 0.0023488283346, 0.0069321146638, 0.00083534144209, 0.10988831503, 0.07045520183, 0.18761351325, 0.34609290771, 0.048503125346, 0.12735109197, 0.00087331288378, 0.058543011316, 0.048737327573, 0.11618015737, 0.1647849965, 0.19155499907, 0.28358034224, 0.13254822317, 0.37962278714, 0.066435788415, 0.18661498628, 0.00061335493642, 0.0018584061178, 0.99959761866, 0.13933845866, 0.45630163996, 0.10360658717]
    ],
    [
      [0.041138416739, 0.19822879487, 0.25767136792, 0.13518356301, 3.7095101488, 1.2021238095, 2.6466272586, 2.1333785734, 1.1426826837, 0.19268126348, 0.072607686254, 0.0069312632566, 2.0847835991, 0.88065781076, 2.0743564454, 2.7596237803, 0.28415776782, 1.0886947846, 0.27168791236, 1.975486843, 1.0020553583, 1.8729133338, 4.2004945434, 5.3565301037, 3.5870201699, 2.9224605537, 3.7054205909, 0.98805837373, 2.9177288895, 0.0073394794292, 0.010532063126, 16.7663892509, 1.5121104957, 3.6139125748, 0.35095581993],
      [0.060368766846, 0.26099833412, 2.4996907176, 0.24626566168, 4.3590034712, 2.0248761003, 3.5830392776, 3.688606747, 1.7688174584, 0.21896357875, 0.16867514776, 0.010973755783, 2.212361099, 1.1424928354, 4.2873792234, 4.8226502476, 0.41389748092, 2.0627638782, 0.06052287492, 1.5078930716, 2.999565289, 1.6935071892, 4.2687194254, 8.5958218238, 5.4728195795, 4.7435345137, 4.8458498519, 2.8133207442, 3.2181913454, 0.025020862613, 0.056915406017, 29.5242613343, 2.1690449572, 4.7594339107, 0.53776117765],
      [3.0829589489, 5.8060233889, 20.266013294, 8.3806261934, 174.886047293, 103.4136919828, 107.1980204545, 155.4914576305, 43.6753649703, 7.4516250687, 5.4892843768, 1.9612592397, 83.7943023809, 60.7617183616, 122.1068705403, 208.7630602766, 17.0558204903, 60.733937335, 3.591528223, 113.0675819033, 87.648718491, 156.7640353089, 200.3611504068, 230.4818975502, 310.7358224618, 250.719919119, 305.8879207175, 110.8138606103, 129.4805679773, 3.8826179767, 1.8537947917, 1335.4565125887, 158.5952268113, 335.527312132, 44.0962467966],
      [0.03234962554, 0.4194450176, 0.25547027974, 0.15540905087, 2.0834179966, 1.2086604624, 1.9671115699, 1.3673744253, 1.0528253259, 0.083217414522, 0.1107370791, 0.016123604728, 1.1362272764, 0.8627933961, 1.6763055425, 2.7430975961, 0.17954444398, 1.2771193662, 0.054138741708, 0.9367643678, 1.2969258177, 1.4314751389, 1.9036731619, 4.3144950661, 2.9869310497, 2.616938222, 2.607567674, 1.7558955211, 1.9342041296, 0.073816529764, 0.060017255787, 16.4430813358, 1.4493739576, 3.1183512334, 0.41927359657],
      [1.7831842419, 0.31530446449, 0.72115434078, 0.082515531038, 5.9620210903, 2.1506476451, 5.6052014395, 5.3191826238, 3.3603095617, 0.053512674565, 0.15869571012, 0.0047121364861, 4.7723256445, 1.3523375961, 5.8550882484, 7.9115680994, 2.066579817, 2.8374846359, 0.02212224799, 2.5122738143, 2.052735044, 6.2380690291, 5.2659624624, 8.2512554561, 9.2174067391, 4.9971475916, 16.9532411657, 3.6288647507, 4.4493076582, 0.011205151522, 0.01874048339, 38.8097554902, 3.2742437783, 8.9809901491, 0.59576260929]
    ],
    [
      [1.0080724164, 0.79668120862, 2.1590037808, 0.60542641629, 51.4255830207, 30.2423928026, 34.7726266372, 24.3583417171, 20.7671204119, 1.278263217, 0.84148209419, 0.17969079172, 18.4181314785, 16.3107740852, 17.8205873549, 32.9711527965, 4.1535650119, 16.385537184, 3.1232685243, 11.7511770053, 8.0758737772, 9.5136976486, 32.472641656, 36.2552517664, 37.1125690428, 19.2894341824, 28.1997394243, 3.64530507, 47.1734716243, 0.034730422486, 0.15097699304, 179.1338824239, 13.9144468672, 37.8399749108, 9.3885123407],
      [2.0638681883, 1.4692198738, 28.9655334709, 1.5583592914, 82.9603889297, 69.9003081367, 64.6073273021, 57.8044631784, 44.101914007, 2.0000693434, 2.7924989628, 0.39431842439, 26.8703995394, 29.0018126465, 50.5596962293, 79.0380165439, 8.2471960148, 42.6021130881, 0.8915904038, 12.2922024984, 33.2178769768, 11.8053241224, 45.2782273412, 79.8391871139, 77.7033003132, 42.9720306088, 50.6124232915, 14.2690147573, 71.3695912846, 0.17911075842, 1.1593548233, 432.6087987615, 27.4084089473, 68.3648512846, 19.7428780986],
      [0.19712103851, 0.064530179387, 0.51644704235, 0.095937923591, 7.9349675808, 8.4892889806, 4.6080341996, 5.7993687271, 2.5661970966, 0.11557631906, 0.14563239903, 0.099915922812, 2.3854150688, 3.6360569234, 3.4202276765, 8.1833574457, 0.72648970764, 2.9675631362, 0.072423371153, 2.1598500358, 2.2848375577, 2.5779514703, 5.0709812148, 5.122014722, 10.5626507268, 5.4184747785, 7.6369949758, 1.3225193628, 6.8485159405, 0.03251995619, 0.056800871028, 47.1735157532, 4.7581613369, 11.5582567403, 3.8123573052],
      [23.6696812381, 50.4541889814, 61.3236322957, 21.6789811257, 816.2451048137, 858.9188876118, 730.1576919327, 441.44930178, 540.9324693503, 16.5489629936, 38.912942123, 13.3046491109, 284.9987137774, 451.692015232, 407.4360881618, 925.3058289792, 74.8333260037, 543.6017121066, 17.8741874307, 158.2143577659, 296.5417935796, 206.6096603433, 416.0789735776, 825.0314090027, 872.9641393386, 488.5677067252, 561.0425009095, 184.4390262588, 883.0513923608, 12.7446870635, 26.5865614686, 4953.5472474244, 377.6669988599, 921.8096950623, 317.2761318761],
      [7.0612571186, 0.21537975686, 1.0353834103, 0.061295243055, 14.433955655, 9.4491224682, 12.8543199284, 10.5885245974, 10.6322991341, 0.057128126936, 0.30744442089, 0.021425750138, 7.3273401358, 4.3593411128, 8.7634005775, 16.5016442348, 5.0394232619, 7.4430744851, 0.038530270001, 2.5824126945, 2.8796181087, 5.4933664154, 7.0991762105, 9.7521373951, 16.6573405785, 5.7523537051, 22.5083413989, 2.3241345511, 12.5570287899, 0.0089517994057, 0.046305844021, 72.536555637, 5.2519839887, 16.4272220021, 2.7801203795]
    ],
    [
      [0.024093524192, 0.0078053298024, 0.029677058782, 0.037227902777, 0.78916498955, 0.49149867128, 0.69651453463, 0.81062416164, 0.47995042802, 0.018632882641, 0, 0.007667000304, 0.43794117934, 0.53270017631, 0.67211821793, 0.8845207534, 0.1230859334, 0.50852946326, 0.055101693979, 0.55596827644, 0.32550214296, 0.45188747221, 1.603725051, 1.4696826046, 0.96817200536, 0.76813323893, 0.92351830379, 0.24732660504, 1.2142488044, 0, 0.0025456633816, 6.7745398814, 0.35829099484, 1.0905563993, 0.13241847734],
      [0.3828829794, 0.11244556023, 3.1060985621, 0.76162235669, 9.8044229742, 8.7499343059, 9.9717717614, 14.8263917555, 7.8623038553, 0.23605619209, 0, 0.12852661262, 4.9269255385, 7.3069549842, 14.7028744022, 16.3325102893, 1.9129419796, 10.1935668934, 0.1328505075, 4.495852246, 10.3264794455, 4.322464342, 17.2367372589, 24.9324143227, 15.6071385582, 13.1838461474, 12.7630501902, 7.4665408394, 14.1537793092, 0, 0.15309174933, 125.9280673146, 5.4357146179, 15.1707057001, 2.1465434746],
      [1.0053170835, 0.12271885241, 1.4103541511, 1.2404383635, 23.5927994537, 26.7751904825, 17.8673113712, 37.4604043713, 11.5164889937, 0.38023012965, 0, 1.0720412018, 11.0659596905, 23.1499173377, 25.0260094548, 42.4821397468, 4.4259337902, 17.8726964681, 0.32026569319, 20.0639993306, 17.9216742413, 23.9097825943, 48.5571649877, 40.1365494243, 53.3127385535, 41.8206856293, 48.4425440849, 17.4627083264, 34.150273943, 0, 0.19596683124, 343.9613806201, 23.8111289896, 64.4105510606, 10.5005045251],
      [0.8134501462, 0.72627856328, 1.2479361747, 1.9065627195, 18.656882379, 20.7954111308, 21.7923235225, 21.8716903212, 18.6276068928, 0.35281649227, 0, 0.77972128876, 10.0731881732, 21.9766423616, 22.8780770472, 36.9907552341, 3.2954787039, 25.1275641076, 0.48144037846, 11.1261960378, 17.7695234905, 14.5698164353, 30.5996053066, 49.8299818172, 33.9207496205, 28.9609159785, 27.351665956, 18.5670415703, 33.8742368308, 0, 0.63768008975, 279.3161433993, 14.4644601618, 39.5833381431, 6.6609384738],
      [2.7742562667, 0.03075169428, 0.20593405333, 0.05414865755, 3.1567302035, 2.1879654095, 3.6720788102, 5.0308893903, 3.5136498302, 0.012264303356, 0, 0.012043896473, 2.4959854184, 2.0337851401, 4.7209208779, 6.3100739764, 2.2425595929, 3.2976430676, 0.010341726878, 1.7579841092, 1.6568206797, 3.7460491562, 5.0027673957, 5.6313718311, 6.1912012624, 3.2664190059, 10.5192214651, 2.2563826589, 4.6074611126, 0, 0.010715666308, 39.0198687846, 1.9304052359, 6.7448486969, 0.55959504918]
    ],
    [
      [1.4482519991, 4.6439812326, 2.4922399033, 2.9975519168, 83.381007161, 34.2622261107, 46.7028756211, 35.7878685558, 15.084616323, 0.89845986859, 1.985985578, 0.68721878694, 32.9023751508, 8.2113635277, 28.4005845762, 31.2179097858, 0.65490207653, 20.6109197198, 0, 7.7380886544, 20.1329369164, 15.3947483486, 49.2928993889, 74.7815105703, 77.2751115018, 38.1994943274, 56.7060753341, 12.8101840306, 41.5899326668, 0.3459897582, 0.43884459005, 249.1691101862, 31.7732143877, 59.0212358907, 8.5420981199],
      [0.11322303317, 0.35101666654, 1.4794124471, 0.26362012239, 6.4625474814, 3.8006207411, 4.1579282691, 4.0539590333, 1.5222157201, 0.033882092212, 0.24868820557, 0.034519915465, 2.2656187066, 0.69023584334, 3.8383508777, 3.5963756676, 0.054355432182, 2.5542933915, 0, 0.37008679582, 3.9250891934, 0.89468342455, 3.2764976003, 7.9157214054, 7.7905809856, 4.0692653636, 4.8853056543, 2.359010376, 3.0171847824, 0.054836282735, 0.11835490425, 29.1639752566, 2.9824288424, 5.1329511618, 0.8462218135],
      [0.15583409293, 0.2148497837, 0.36888464179, 0.23274772316, 8.5502463229, 6.3865141466, 4.0995504696, 5.6294494486, 1.2251568312, 0.027792211331, 0.18740119252, 0.12871822569, 2.7907981845, 1.1981817782, 3.5934435254, 5.1470345104, 0.067240634604, 2.4617820828, 0, 0.90354156782, 3.7428252852, 2.7122911577, 5.0762989661, 7.0184455255, 14.6421740537, 7.0994056459, 10.1981471469, 3.0328624397, 4.0024642531, 0.14904352894, 0.082520436576, 43.902874029, 7.1714268888, 11.9934505573, 2.2644091214],
      [0.16643419233, 1.5431162708, 0.41071804728, 0.45705839097, 8.4113159749, 6.1776629201, 6.2155634822, 4.0923878385, 2.4683980262, 0.035692716085, 0.44392008871, 0.14149609916, 3.1708814515, 1.4206255189, 4.0872329583, 5.5705479141, 0.06474199091, 4.3077660626, 0, 0.6275789453, 4.6225182669, 2.0626871641, 3.9797427442, 10.8199463176, 11.5780529921, 6.1140810424, 7.1595675894, 4.011599381, 4.9392399414, 0.43756996509, 0.33802572783, 44.2234155652, 5.4266577619, 9.1570930146, 1.7954578107],
      [2.1162566824, 0.2470360463, 0.24874496056, 0.049021846698, 5.1948830599, 2.3729760816, 3.824082158, 3.4363351239, 1.6996130995, 0.0041731117776, 0.13400493516, 0.0080469727373, 2.8703265065, 0.47959333189, 3.0803880624, 3.4681321221, 0.15875986577, 2.0652387433, 0, 0.36070403668, 1.5766303381, 1.935589905, 2.3745613005, 4.4643761812, 7.7140804668, 2.5177536207, 10.0509042753, 1.7863437727, 2.4511783562, 0.012560465029, 0.022254341297, 22.5406249631, 2.6462721193, 5.6952693756, 0.55181313446]
    ]
  ],
  "prob": [
    [0.025191396623, 0.64066610823, 0.063794803282, 0.24859871211, 0.021748979749],
    [0.021737484865, 0.029361159297, 0.48821612333, 0.4581300085, 0.0025552240116],
    [0.013459957457, 0.020724134635, 0.92369730223, 0.011323225796, 0.030795379885],
    [0.036428127987, 0.076917527095, 0.0082784887876, 0.86378982281, 0.014586033317],
    [0.0097958615293, 0.15918217957, 0.42886379267, 0.34638735577, 0.055770810458],
    [0.66807022264, 0.068485689225, 0.10172747985, 0.10187513654, 0.059841471749]
  ],
  "iterations": 156,
  "time": 0.024698,
  "message": "Converged",
  "status": 0,
  "miniter": 0,
  "maxiter": 1000,
  "maxtime": 3600,
  "param_threshold": 0.001,
  "ll_threshold": "-Inf",
  "initial_prob": "group_proportional",
  "candidates_id": ["WHYTE, Jamie Thomas.c", "CRAIG, Andrew Ross.c", "KIRKER, Barry Eric.c", "WILLIAMSON, Maurice Donald.c", "Informal Candidate Votes.c"],
  "group_id": ["Conservative.p", "Green Party.p", "Labour Party.p", "National Party.p", "New Zealand First Party.p", "Other parties votes.p"]
}
