{
  "Z_true": {},
  "V_true": [
    [25, 16, 880, 324, 176, 422],
    [633, 7, 70, 1101, 311, 32],
    [299, 159, 304, 3458, 8069, 343],
    [43, 91, 2701, 685, 87, 195],
    [53, 901, 685, 636, 484, 131],
    [22, 32, 484, 397, 251, 661],
    [79, 43, 171, 822, 378, 470]
  ],
  "p_true": [
    [0.0136, 0.0087, 0.4775, 0.1758, 0.0955, 0.229],
    [0.2939, 0.0032, 0.0325, 0.5111, 0.1444, 0.0149],
    [0.0237, 0.0126, 0.0241, 0.2737, 0.6388, 0.0272],
    [0.0113, 0.0239, 0.7104, 0.1802, 0.0229, 0.0513],
    [0.0183, 0.3118, 0.237, 0.2201, 0.1675, 0.0453],
    [0.0119, 0.0173, 0.262, 0.2149, 0.1359, 0.3579],
    [0.0402, 0.0219, 0.0871, 0.4187, 0.1926, 0.2394]
  ],
  "Z_est": [
    [
      [3, 5, 3, 3, 3, 3, 4, 3, 0.2511, 1.0313, 4, 3, 3, 6, 3, 2, 2, 6, 1.8249, 3, 4, 3, 3, 3, 3, 1.0542, 7, 6, 3, 3, 1.9999, 0.0982, 8, 9, 5, 5, 6, 5, 5, 0, 0, 5, 3, 12, 4.0003],
      [7.012e-11, 2, 2, 4, 1, 2.2823e-12, 1, 1.8051e-20, 0.3519, 0.0342, 4, 2.6416e-14, 6.583e-09, 6, 1, 1, 3.353e-11, 2, 0.0296, 0, 1.1783e-07, 2, 1, 1, 1, 0.0705, 6, 1.8931e-15, 1.218e-28, 5, 1.4926e-06, 0.1117, 9, 6, 2, 1, 7.1728e-07, 1, 2, 0, 0, 2, 1, 6, 0.0001],
      [1, 10, 8, 9, 6, 2, 8, 2, 1.3529, 0.4403, 25, 2, 3, 41, 4, 4.6406e-09, 1.1403e-11, 15, 0.0636, 1, 3, 6, 6, 7, 3, 0.1316, 35, 4, 4.9285e-26, 5, 0, 0.0809, 33, 46, 11, 11, 5, 13, 16, 0, 0, 16, 2, 19, 2.0001],
      [5, 16, 11, 18, 7, 5, 9, 5, 2.1794, 1.9668, 28, 4, 6, 40, 12, 2, 1, 17, 1.0701, 3, 5, 6, 4, 7, 4, 0.6166, 33, 9, 2, 15, 1, 0.2572, 45, 47, 17, 10, 4, 11, 12, 0, 0, 13, 2, 38, 0.9999],
      [2, 23, 20, 27, 13, 7, 14, 6, 1.3209, 2.7847, 35, 8, 6, 50, 16, 5, 2, 16, 0.9719, 3, 7, 8, 7, 10, 6, 1.0479, 36, 7, 4, 24, 2, 0.3687, 43, 51, 15, 13, 5, 12, 16, 0, 0, 25, 6, 45, 3.9996],
      [7.1236e-11, 5, 4, 5, 2, 1, 2, 1, 0.5438, 0.7428, 9, 2, 1, 14, 2, 4.0399e-09, 1.4285e-10, 5, 0.04, 2.2571e-07, 2, 3, 2, 2, 1, 0.0793, 11, 1, 3.1213e-26, 3, 0, 0.0833, 12, 11, 4, 2, 1, 2, 7, 0, 0, 5, 1, 12, 3.2786e-06]
    ],
    [
      [8, 3, 3, 3, 3, 1, 3, 3, 0.0324, 0.1347, 1, 2, 1, 2, 1, 4.0265e-09, 1, 5, 0.9109, 0, 1, 2, 8.4127e-11, 1, 1, 0.5257, 6, 16, 1, 2, 1, 0.0138, 6, 5, 4, 2, 2, 6, 2, 0, 0.9988, 2, 1, 23, 6.0003],
      [5, 5, 3, 7, 3, 2, 2, 5, 0.8053, 0.1935, 1, 1, 2, 4, 2, 2, 3, 6, 2.7658, 3, 3, 3, 2, 4, 3, 1.7685, 7, 3, 4, 5, 1, 0.2208, 12, 9, 2, 4, 3, 3, 4, 0, 0, 6, 4, 16, 2.9998],
      [9, 12, 8, 15, 11, 3, 8, 6, 0.9212, 0.156, 3, 2, 1, 17, 3, 1.267e-08, 1, 21, 0.1008, 3, 1, 4, 2, 7, 2, 0.7153, 35, 16, 2, 10, 2.0001, 0.0576, 35, 38, 10, 12, 8, 23, 12, 0, 0, 16, 4, 44, 4.9999],
      [33, 20, 12, 28, 14, 7, 9, 14, 1.3725, 1.0659, 4, 4, 2, 17, 9, 1, 6, 24, 1.093, 5, 1, 5, 1, 7, 4, 2.1796, 34, 30, 10, 23, 2, 0.3071, 49, 39, 15, 11, 6, 20, 9, 0, 0.002, 12, 4, 86, 3.0002],
      [14, 28, 21, 42, 24, 9, 13, 18, 0.546, 1.186, 5, 8, 3, 22, 12, 4, 7, 23, 2.0023, 6.0001, 2, 6, 2, 10, 5, 2.622, 37, 23, 19, 35, 4, 0.3321, 46, 42, 14, 14, 7, 20, 12, 0, 0.9991, 24, 9, 102, 9.9998],
      [4, 6, 4, 7, 3, 1, 2, 3, 0.3227, 0.2638, 1, 1, 2.8641e-08, 6, 2, 5.8949e-10, 1, 7, 0.1272, 1, 4.5872e-08, 2, 2.0366e-13, 2, 1, 0.1888, 11, 3, 2, 5, 3.2861e-06, 0.0685, 14, 9, 4, 2, 2, 4, 5, 0, 0, 4, 2, 27, 1]
    ],
    [
      [9, 18, 15, 29, 18, 3, 11, 11, 0.4367, 1.5921, 4, 5, 2, 16, 13, 3, 4, 14, 1.0918, 4, 5, 3, 3, 5, 5, 1.9858, 20, 22, 18, 23, 3, 0.6519, 22, 25, 11, 9, 4, 8, 8, 0, 2.9988, 16, 6, 87, 12.9994],
      [3, 22, 27, 47, 21, 7, 8, 9, 1.8028, 0.5367, 18, 10, 4, 34, 22, 6, 7, 9, 3.9952, 2, 3, 8, 9, 18, 11, 3.9471, 27, 7, 15, 47, 1, 1.9277, 38, 27, 15, 9, 1, 4, 7, 0, 6.998, 18, 10, 55, 2.9999],
      [13, 89, 98, 132, 96, 23, 50, 32, 5.3523, 2.2814, 95, 30, 20, 204, 66, 16, 13, 62, 4.7787, 22, 18, 27, 29, 63, 19, 5.4949, 144, 27, 29, 88, 14.9998, 1.9534, 139, 194, 53, 38, 14, 43, 45, 0, 8.0009, 107, 24, 171, 12.9997],
      [41, 137, 136, 260, 119, 49, 54, 63, 10.6854, 7.7734, 103, 58, 37, 199, 198, 32, 58, 67, 8.0128, 32.9999, 21, 25, 18, 65, 29, 11.3265, 136, 49, 116, 238, 24.9998, 7.4486, 187, 196, 80, 36, 11, 36, 31, 0, 8.0031, 85, 26, 331, 8.0003],
      [18, 196, 238, 388, 211, 61, 82, 81, 6.6492, 11.5492, 131, 101, 41, 251, 249, 93, 66, 66, 10.0895, 36.0001, 30, 34, 30, 90, 41, 16.3913, 149, 38, 213, 368, 38.0003, 13.6047, 178, 211, 71, 45, 12, 37, 41, 1, 34.9983, 163, 55, 393, 24.0006],
      [5, 42, 53, 71, 31, 13, 17, 17, 2.0736, 5.2671, 36, 23, 10, 72, 41, 7, 12, 21, 3.032, 8, 10, 12, 10, 19, 8, 3.8544, 44, 5, 29, 57, 5.0001, 4.4137, 53, 48, 21, 9, 4, 8, 19, 0, 9.001, 32, 13, 105, 3.0001]
    ],
    [
      [3, 4, 3, 5, 3, 2.5128e-14, 3, 2, 0.066, 0.0642, 2, 3.484e-15, 6.6717e-10, 8, 2, 1.3149e-11, 2.7838e-10, 7, 0.0713, 1, 1, 2, 1, 1, 1, 0.211, 9, 4, 2, 4, 0, 0, 9, 11, 3, 4, 3, 5, 5, 0, 0.0012, 5, 1, 22, 2],
      [9.4788e-11, 5, 5, 8, 3, 1, 2, 2, 0.106, 0.0967, 7, 2.4703e-14, 1, 15, 3, 1.0977e-08, 2.3598e-10, 5, 0.0886, 0, 1, 4, 3, 4, 2, 0.5703, 11, 1.1148e-13, 2, 8, 3.621e-07, 0, 15, 11, 5, 2, 1, 2, 4, 0, 1.9993, 5, 2, 13, 0],
      [7, 24, 24, 23, 20, 5, 19, 7, 1.3771, 0.2955, 52, 5, 7, 101, 12, 2, 1, 33, 1.8796, 8, 5, 13, 17, 20, 6, 1.3565, 66, 9, 3, 15, 3, 0, 57, 81, 18, 20, 9, 26, 28, 0, 2.9987, 34, 7, 45, 2.0002],
      [13, 35, 32, 49, 26, 7, 17, 17, 4.1352, 1.7212, 53, 8, 14, 98, 30, 7, 11, 39, 2.7588, 10, 9, 15, 11, 18, 7, 3.7132, 61, 10, 17, 43, 9, 0, 79, 87, 27, 15, 10, 24, 22, 0, 0.999, 30, 7, 85, 3.9998],
      [6, 49, 54, 69, 42, 9, 27, 18, 1.7253, 1.5267, 67, 13, 14, 122, 38, 13, 8, 36, 1.0868, 10, 9, 18, 15, 25, 10, 3.6258, 67, 8, 27, 64, 11.9999, 0, 73, 90, 24, 19, 9, 22, 26, 0, 6.9998, 52, 13, 100, 4.9999],
      [1, 10, 12, 12, 6, 2, 5, 3, 0.5904, 0.2955, 18, 3, 3, 35, 6, 1, 1, 11, 0.115, 2, 3, 6, 5, 5, 2, 0.5232, 20, 1, 3, 10, 1, 0, 22, 20, 7, 4, 2, 4, 12, 0, 1.0019, 10, 3, 26, 0.0001]
    ],
    [
      [2, 4, 3, 6, 3, 4.04e-14, 2, 2, 0.0668, 0.0517, 1, 2.7277e-14, 5.7131e-09, 3, 1, 4.6118e-09, 8.2019e-11, 4, 0.0439, 0, 1, 1, 1, 1, 1, 0.1436, 6, 3, 2, 4, 0, 0.0868, 8, 7, 2, 2, 1, 2, 2, 0, 0.0002, 5, 1, 16, 1.9999],
      [2.2657e-10, 5, 4, 9, 3, 1, 1, 2, 0.6928, 0.034, 3, 9.4302e-14, 2.103e-08, 7, 2, 1, 9.5847e-11, 3, 1.0546, 1.5369e-07, 1, 3, 2, 4, 2, 0.3432, 7, 2.8756e-16, 1, 8, 0, 0.3838, 14, 7, 2, 1, 5.7664e-07, 1, 2, 0, 1.0018, 5, 1, 9, 0.0001],
      [2, 22, 19, 26, 18, 3, 12, 6, 1.8921, 0.1987, 25, 3, 4, 49, 8, 2, 1, 17, 1.055, 2, 4, 9, 11, 17, 6, 0.5907, 44, 4, 3, 15, 2, 0.3879, 52, 52, 14, 11, 4, 12, 12, 0, 1.9992, 31, 5, 31, 2.0002],
      [13, 38, 29, 53, 23, 11, 15, 14, 3.702, 1.1432, 28, 8, 10, 51, 29, 5, 6, 20, 3.9132, 7, 5, 12, 9, 21, 11, 1.2918, 46, 10, 14, 40, 3.0001, 1.7054, 72, 55, 20, 13, 4, 11, 10, 0, 2.9968, 26, 8, 63, 0.9999],
      [4, 51, 48, 84, 42, 10, 19, 22, 3.3969, 0.8785, 33, 10, 9, 60, 32, 18, 8, 22, 4.8824, 5, 11, 14, 13, 25, 12, 4.1568, 46, 7, 26, 65, 5.9999, 2.5928, 70, 58, 17, 13, 6, 11, 14, 0, 7.0031, 51, 12, 73, 5.9999],
      [1, 11, 10, 14, 5, 2, 4, 3, 1.2495, 0.6939, 9, 2, 2, 17, 5, 1, 1, 6, 1.051, 1, 2, 5, 4, 5, 2, 0.4739, 13, 1.1056e-13, 3, 10, 1.9999, 0.8432, 20, 13, 5, 2, 1, 2, 6, 0, 1.999, 9, 2, 19, 0]
    ],
    [
      [1, 4, 1, 3, 1, 2.382e-14, 1, 1.2684e-19, 0.0533, 0.0587, 8.6825e-36, 2.5897e-14, 1.2625e-08, 2, 1, 2.3744e-13, 3.8011e-11, 3, 0.0299, 2.4417e-07, 1, 1.1752e-13, 8.417e-14, 9.5196e-26, 1.7454e-12, 0.0254, 3, 1, 1, 2, 5.0428e-06, 0.0368, 6, 4, 1, 1, 1, 1, 2, 0, 0, 3, 2.3138e-12, 11, 0],
      [2.7646e-10, 4, 2, 5, 1, 1, 1, 1.0884e-19, 0.029, 0.0775, 2, 1, 1.5961e-08, 5, 1, 5.913e-10, 1.202e-10, 2, 0.0161, 0, 5.2152e-08, 1, 1, 2, 1, 0.0294, 4, 1.1661e-14, 1, 4, 4.4216e-07, 0.1104, 10, 4, 1, 2.9186e-16, 5.1858e-09, 1.1015e-20, 1, 0, 0.0001, 3, 3.8088e-12, 6, 0],
      [1, 19, 11, 13, 9, 3, 7, 2, 0.4774, 0.1414, 16, 4, 3, 36, 6, 1.1783e-09, 8.7562e-11, 14, 0.0529, 1, 3, 5, 4, 9, 3, 0.371, 24, 2, 1, 9, 1.0001, 0.1537, 39, 32, 7, 5, 2, 9, 12, 0, 0.001, 19, 2, 22, 0],
      [6, 31, 16, 27, 12, 7, 8, 5, 1.359, 0.4732, 18, 8, 7, 35, 19, 1, 3, 16, 0.0795, 3, 4, 5, 3, 10, 5, 1.3055, 23, 4, 7, 24, 2, 0.3849, 53, 33, 13, 5, 2, 8, 9, 0, 0.9999, 15, 2, 42, 0],
      [5, 48, 31, 41, 23, 11, 15, 7, 0.8321, 0.8742, 26, 16, 9, 48, 25, 4, 5, 17, 1.8507, 4, 6, 10, 6, 16, 10, 1.3052, 29, 5, 15, 40, 2.9999, 1.0154, 53, 38, 10, 9, 3, 10, 13, 0, 2.9984, 31, 8, 53, 0],
      [1.4127e-10, 9, 7, 9, 4, 1, 3, 3, 0.2492, 0.375, 6, 3, 1, 12, 3, 5.8202e-10, 1, 6, 0.9709, 0, 3, 4, 2, 3, 1, 0.9635, 7, 1, 3, 6, 1, 0.2989, 15, 10, 2, 2, 2, 2, 7, 0, 0.0007, 7, 1, 14, 0]
    ],
    [
      [1, 2, 2, 4, 2, 5.3836e-11, 1, 2, 0.0937, 0.0672, 5.525e-43, 3.0696e-14, 9.4711e-09, 2, 1, 4.0484e-09, 1.1133e-10, 2, 0.0274, 0, 1.5102e-08, 2.2459e-14, 6.993e-14, 3.8027e-26, 2.0506e-13, 0.0543, 3, 1, 2, 3, 0, 0.1125, 3, 3, 1, 1, 2.1469e-07, 1, 2, 0, 0.001, 2, 1, 13, 2.0001],
      [3.5399e-10, 2, 4, 7, 2, 1, 1.7156e-20, 2, 0.2123, 0.0273, 2, 3.0592e-14, 5.002e-09, 5, 2, 1, 1, 2, 0.0502, 0, 1.7194e-08, 1, 1, 3, 1, 0.271, 4, 5.4735e-15, 2, 6, 0, 0.2454, 6, 4, 1, 2.7708e-16, 1.4822e-09, 1.4547e-22, 1, 0, 1.0008, 2, 1, 8, 0.0001],
      [1, 11, 15, 20, 10, 3, 6, 6, 0.627, 0.4868, 14, 4, 3, 33, 9, 2, 2, 11, 0.0693, 3, 1, 3, 5, 11, 2, 0.34, 25, 2, 4, 11, 2, 0.3665, 22, 29, 8, 5, 1, 5, 10, 0, 1.0002, 13, 4, 26, 1.9998],
      [6, 18, 22, 40, 13, 8, 7, 13, 1.5664, 1.8562, 15, 7, 6, 32, 28, 5, 10, 13, 2.0727, 6, 1, 4, 3, 12, 4, 0.5669, 24, 4, 17, 30, 4, 0.8968, 30, 30, 12, 5, 2.3478e-06, 4, 8, 0, 0.9992, 10, 5, 51, 0.9999],
      [2, 27, 38, 59, 23, 11, 11, 16, 0.5297, 2.2007, 20, 14, 7, 41, 37, 17, 11, 13, 2.1166, 7, 2, 5, 6, 17, 7, 0.8509, 27, 3, 33, 47, 6, 2.0863, 29, 32, 13, 6, 1, 4, 10, 0, 6.0013, 20, 11, 60, 4.0003],
      [4, 9, 11, 13, 5, 5, 5, 5, 0.9708, 1.3618, 8, 6, 5, 14, 9, 4, 5, 7, 3.6638, 4, 2, 4, 5, 6, 3, 0.9169, 11, 2, 7, 10, 2, 1.2925, 11, 10, 5, 4, 2, 3, 7, 0, 3.9975, 5, 6, 19, 2.9998]
    ]
  ],
  "V_est": [
    [167.2598, 70.5979, 382.0694, 481.09, 605.4936, 136.4892],
    [132.6168, 162.7537, 412.951, 586.0203, 709.6872, 149.9711],
    [503.7566, 608.2074, 2388.8611, 3446.2498, 4664.2832, 1020.642],
    [138.4137, 154.861, 841.9077, 1069.3273, 1297.9641, 299.5261],
    [99.3929, 114.5103, 566.1238, 828.7523, 1055.9102, 225.3105],
    [55.2041, 64.2625, 356.1974, 495.602, 711.8758, 163.8581],
    [57.3561, 73.8072, 346.8897, 515.9582, 710.7858, 258.203]
  ],
  "p_est": [
    [0.0908, 0.0383, 0.2073, 0.261, 0.3285, 0.0741],
    [0.0616, 0.0756, 0.1917, 0.2721, 0.3295, 0.0696],
    [0.0399, 0.0481, 0.1891, 0.2728, 0.3692, 0.0808],
    [0.0364, 0.0407, 0.2214, 0.2813, 0.3414, 0.0788],
    [0.0344, 0.0396, 0.1959, 0.2868, 0.3654, 0.078],
    [0.0299, 0.0348, 0.1929, 0.2683, 0.3854, 0.0887],
    [0.0292, 0.0376, 0.1767, 0.2628, 0.3621, 0.1315]
  ],
  "EI_Z": {},
  "EI_V": 33.7037,
  "MAE_Z": {},
  "MAE_V": 435.436,
  "MAE_p": 0.123,
  "runtime": 0.5007
}
