{
  "X": [
    [4, 21, 24, 39, 2],
    [2, 12, 12, 15, 2],
    [30, 59, 71, 100, 11],
    [40, 127, 150, 92, 9],
    [94, 796, 497, 1026, 101],
    [22, 71, 123, 82, 9],
    [8, 24, 72, 28, 7],
    [28, 194, 123, 174, 20],
    [4, 11, 16, 4, 1],
    [5, 32, 29, 25, 5],
    [91, 356, 534, 437, 91],
    [17, 58, 93, 106, 17],
    [112, 373, 535, 554, 90],
    [109, 389, 560, 570, 65],
    [65, 277, 286, 408, 67],
    [4, 5, 6, 7, 0],
    [82, 376, 328, 393, 26],
    [36, 146, 177, 228, 10],
    [111, 554, 475, 624, 48],
    [46, 171, 153, 294, 19],
    [55, 149, 235, 190, 17],
    [5, 20, 37, 35, 9],
    [13, 73, 93, 55, 11],
    [82, 491, 449, 438, 79],
    [85, 270, 462, 487, 81],
    [55, 78, 157, 138, 21],
    [75, 229, 439, 347, 73],
    [52, 154, 259, 276, 41],
    [1, 13, 5, 6, 3],
    [258, 649, 886, 701, 77],
    [66, 226, 224, 247, 38],
    [11, 68, 24, 64, 10],
    [60, 205, 292, 395, 56],
    [8, 31, 27, 28, 3],
    [11, 17, 37, 26, 5],
    [4, 5, 8, 4, 2],
    [19, 87, 73, 121, 15],
    [23, 132, 73, 212, 9],
    [22, 56, 63, 52, 9],
    [24, 85, 205, 126, 37],
    [41, 173, 226, 229, 52],
    [60, 257, 216, 349, 26],
    [45, 223, 270, 270, 37],
    [28, 53, 67, 49, 19],
    [4, 73, 67, 63, 16],
    [210, 962, 934, 1132, 143],
    [37, 148, 146, 130, 22],
    [304, 688, 806, 638, 144],
    [97, 342, 253, 289, 37]
  ],
  "W": [
    [6, 9, 23, 44, 8],
    [2, 2, 14, 24, 1],
    [16, 35, 78, 132, 10],
    [17, 68, 122, 180, 31],
    [111, 104, 641, 1479, 179],
    [7, 54, 100, 120, 26],
    [3, 7, 74, 37, 18],
    [29, 30, 140, 302, 38],
    [0, 4, 14, 13, 5],
    [4, 2, 30, 50, 10],
    [48, 123, 615, 582, 141],
    [15, 24, 101, 119, 32],
    [45, 153, 614, 700, 152],
    [62, 156, 605, 735, 135],
    [36, 77, 377, 505, 108],
    [0, 3, 8, 7, 4],
    [45, 126, 340, 635, 59],
    [22, 62, 173, 305, 35],
    [87, 182, 493, 951, 99],
    [41, 64, 150, 378, 50],
    [19, 90, 208, 269, 60],
    [4, 3, 48, 43, 8],
    [8, 23, 88, 110, 16],
    [52, 105, 468, 779, 135],
    [35, 95, 600, 521, 134],
    [11, 46, 194, 165, 33],
    [23, 85, 496, 431, 128],
    [20, 53, 333, 309, 67],
    [0, 1, 8, 14, 5],
    [110, 431, 801, 1083, 146],
    [32, 85, 230, 401, 53],
    [12, 23, 27, 106, 9],
    [39, 64, 383, 412, 110],
    [3, 19, 21, 45, 9],
    [6, 9, 38, 30, 13],
    [0, 2, 9, 11, 1],
    [4, 12, 96, 160, 43],
    [16, 29, 101, 268, 35],
    [5, 24, 66, 86, 21],
    [13, 21, 230, 169, 44],
    [16, 49, 267, 302, 87],
    [44, 64, 231, 487, 82],
    [18, 67, 303, 373, 84],
    [10, 29, 75, 83, 19],
    [0, 8, 71, 107, 37],
    [96, 289, 1081, 1674, 241],
    [12, 48, 166, 217, 40],
    [66, 273, 948, 1089, 204],
    [26, 128, 299, 514, 51]
  ],
  "method": "mult",
  "cond_prob": [
    [
      [0.0026274355914, 0.15925288649, 0.080277791488, 0.75737823346, 0.00046365296725],
      [0.26672069162, 0.10965514044, 0.60697625411, 0.016590708556, 5.7205275795e-05],
      [0.033575204096, 0.0056851029864, 0.66711235678, 0.25744236096, 0.036184975175],
      [0.017893504068, 0.41390140795, 0.010382005822, 0.55782308216, 0],
      [0.0030256610839, 0.089395887306, 0.28189431275, 0.48012803815, 0.14555610071]
    ],
    [
      [0.0038041794967, 0.20470582092, 0.095247579925, 0.69473391836, 0.0015085013061],
      [0.3231006365, 0.10669607851, 0.55876592091, 0.011295976737, 0.00014138734351],
      [0.040029298025, 0.0058933826473, 0.66183157919, 0.18737022931, 0.10487551083],
      [0.032613971354, 0.46729887797, 0.049661413208, 0.4442505245, 0.006175212966],
      [0.0030448831558, 0.079515772863, 0.23445697268, 0.30274441133, 0.38023795997]
    ],
    [
      [0.0062203469997, 0.1666695394, 0.080620691217, 0.74522357566, 0.0012658467227],
      [0.45237455113, 0.085904861139, 0.44924276518, 0.012361214998, 0.0001166075577],
      [0.071816196867, 0.0054367737126, 0.59835675483, 0.23069483712, 0.093695437469],
      [0.063696614588, 0.39504556191, 0.038216583895, 0.49860400429, 0.0044372353183],
      [0.0057748677265, 0.075653470844, 0.22701562083, 0.38338544027, 0.30817060033]
    ],
    [
      [0.0057388927878, 0.3047613294, 0.12042653538, 0.56845999229, 0.00061325014791],
      [0.33145632534, 0.12564151411, 0.53530043494, 0.0075565559898, 4.5169620572e-05],
      [0.055688966918, 0.008370461779, 0.75449454611, 0.14828917371, 0.033156851486],
      [0.057723724457, 0.59779105241, 0.045093273788, 0.29939194934, 0],
      [0.0057769139789, 0.15005963449, 0.36732888437, 0.31743562097, 0.15939894619]
    ],
    [
      [0.0031601984088, 0.20613394654, 0.074459571928, 0.71522975457, 0.0010165285583],
      [0.29915663065, 0.14031891462, 0.54464412692, 0.015756797253, 0.00012353056421],
      [0.040948096923, 0.0075802243267, 0.61028150517, 0.25725133579, 0.083938837791],
      [0.02414854613, 0.49719532561, 0, 0.47864681024, 9.3180177222e-06],
      [0.0032039024304, 0.10231929854, 0.2285002989, 0.40309526114, 0.26288123899]
    ],
    [
      [0.0036566874022, 0.22680079839, 0.10997594382, 0.65890147506, 0.00066509531734],
      [0.26363674582, 0.11634857623, 0.60907531553, 0.010878375627, 6.0986791266e-05],
      [0.037766920822, 0.0066210364235, 0.72913397458, 0.18256706685, 0.043911001328],
      [0.032206947466, 0.49617959492, 0.063583754716, 0.40757309836, 0.00045660453917],
      [0.003711274444, 0.11253524087, 0.33833282041, 0.37056841933, 0.17485224494]
    ],
    [
      [0.0056320528115, 0.28546055923, 0.13344287218, 0.57462199106, 0.0008425247124],
      [0.31856359404, 0.11090917959, 0.56332570924, 0.0071428213018, 5.8695817943e-05],
      [0.049973770933, 0, 0.78689294737, 0.11818888658, 0.044944395122],
      [0.053021839574, 0.5422618936, 0.073435388586, 0.33048369445, 0.00079718379013],
      [0.0051828650004, 0.12797577789, 0.372733552, 0.2917922209, 0.20231558421]
    ],
    [
      [0.0044989320894, 0.26808595585, 0.090816805061, 0.6355640563, 0.0010342506976],
      [0.3324926359, 0.14116036016, 0.51544325173, 0.010806488513, 9.7263704503e-05],
      [0.051590181875, 0.0087048458294, 0.66789378754, 0.19938568872, 0.072425496038],
      [0.034788653729, 0.58255964017, 0.0041280202099, 0.37852368589, 0],
      [0.004367184314, 0.1273422823, 0.2671374406, 0.34253416191, 0.25861893088]
    ],
    [
      [0.00963504744, 0.45236691929, 0.15474178975, 0.38265442908, 0.00060181443226],
      [0.41316566289, 0.12030044614, 0.46337744551, 0.0031274912753, 2.8954185684e-05],
      [0.092777399232, 0, 0.83112442742, 0.061873778207, 0.014224395137],
      [0.077221484862, 0.73150996426, 0.024147382837, 0.16668167152, 0.0004394965186],
      [0.008914891198, 0.20183373601, 0.43936645143, 0.19087908204, 0.15900583932]
    ],
    [
      [0.0061330617643, 0.2963831439, 0.1202374414, 0.57604509604, 0.0012012568902],
      [0.36195273105, 0.11577454373, 0.51501676902, 0.0071718961695, 8.4060033132e-05],
      [0.056981710572, 0.0076717559845, 0.72296386121, 0.14100396337, 0.07137870886],
      [0.049782154322, 0.58207503837, 0.052658776835, 0.3141607142, 0.0013233162788],
      [0.0053003257597, 0.1249013739, 0.31671620183, 0.27433212125, 0.27874997726]
    ],
    [
      [0.0044106643178, 0.24181713868, 0.094916565961, 0.65769382586, 0.0011618051789],
      [0.32358223035, 0.12744363802, 0.53765281241, 0.011211991762, 0.0001093274524],
      [0.047317801132, 0.0029784075, 0.6723925321, 0.19397160506, 0.083339654207],
      [0.036610181633, 0.5349091249, 0.020624313082, 0.40668125141, 0.0011751289727],
      [0.0041141870453, 0.11041403236, 0.2679996557, 0.3409262123, 0.27654591259]
    ],
    [
      [0.0040720003866, 0.17600087424, 0.087783162737, 0.73109647741, 0.0010474852268],
      [0.33414581874, 0.10208319258, 0.55000697603, 0.01365541005, 0.0001086026044],
      [0.04669795435, 0.0056993676906, 0.64611646699, 0.22480853278, 0.076677678192],
      [0.034258008596, 0.41737175525, 0.041808546013, 0.49948563171, 0.0070760584303],
      [0.0039444978827, 0.08334735166, 0.25781578103, 0.39254284416, 0.26234952526]
    ],
    [
      [0.0044510940843, 0.20133595786, 0.086485166262, 0.70667939167, 0.0010483901173],
      [0.34926295397, 0.11354687832, 0.52419181956, 0.012892782961, 0.00010556518111],
      [0.051690061448, 0.0066333883268, 0.64266040629, 0.22142661072, 0.077589533222],
      [0.037092480283, 0.46839885907, 0.024991373146, 0.46576090186, 0.0037563856455],
      [0.0043423347454, 0.09615202456, 0.25539058199, 0.38314645593, 0.26096860278]
    ],
    [
      [0.0042640677997, 0.2002809201, 0.09176084533, 0.70288940437, 0.00080476239235],
      [0.32910675407, 0.11110852881, 0.54709024418, 0.012614762752, 7.9710188456e-05],
      [0.04865193329, 0.0064834097013, 0.66994918574, 0.21639473401, 0.058520737257],
      [0.037239190153, 0.46498894874, 0.034326147523, 0.46191202014, 0.0015336934409],
      [0.0043685167284, 0.10044675753, 0.28456128663, 0.40021337079, 0.21041006831]
    ],
    [
      [0.004218685667, 0.20235123809, 0.073095764223, 0.71919344112, 0.001140870895],
      [0.36762862736, 0.1264609966, 0.49124958023, 0.014533482408, 0.00012731340424],
      [0.053915574673, 0.0073332018268, 0.58888933974, 0.25614430766, 0.093717576108],
      [0.031219769729, 0.48847885584, 0, 0.47907945153, 0.001221922899],
      [0.0041534041123, 0.097513142623, 0.21788012713, 0.39341139781, 0.28704192832]
    ],
    [
      [0.0088200816776, 0.22248564309, 0.056411518958, 0.71228275627, 0],
      [0.63365610151, 0.090608841868, 0.26714223392, 0.0085928227049, 0],
      [0.19268175605, 0.065778085459, 0.5082090088, 0.23333114968, 0],
      [0.072071645333, 0.50915084647, 0.011728798532, 0.40704870966, 0],
      [0.013269032432, 0.15947321636, 0.26269990952, 0.56455784169, 0]
    ],
    [
      [0.0043620849847, 0.23571535839, 0.09145392681, 0.66782560581, 0.00064302400031],
      [0.32866700941, 0.12752686766, 0.53205995142, 0.011684056706, 6.2114795227e-05],
      [0.050900790061, 0.0078019534562, 0.68326378687, 0.21230773621, 0.045725733398],
      [0.035920235304, 0.53444068532, 0.011044041561, 0.41859503782, 0],
      [0.0046787279846, 0.12376142706, 0.29698924556, 0.39801995364, 0.17655064577]
    ],
    [
      [0.003603046444, 0.17558734913, 0.089995314235, 0.73038938413, 0.00042490606618],
      [0.30132680648, 0.10498318973, 0.57954256667, 0.014102063706, 4.5373414243e-05],
      [0.042810301509, 0.0059104960422, 0.68540923837, 0.23363917493, 0.03223078915],
      [0.031765569756, 0.43008729896, 0.031583500427, 0.50640631449, 0.00015731636119],
      [0.0041082868505, 0.097970815906, 0.31084851674, 0.46238864045, 0.12468374005]
    ],
    [
      [0.0039708691497, 0.22612582173, 0.088741442729, 0.68040102091, 0.00076084548951],
      [0.3148070572, 0.12889670883, 0.54367055554, 0.012548249622, 7.7428805063e-05],
      [0.046925850475, 0.0075827699838, 0.67118156058, 0.21793933983, 0.056370479131],
      [0.031350071164, 0.52120218451, 0.010110668993, 0.43733707533, 0],
      [0.004154424368, 0.11582090333, 0.28104745248, 0.39565329873, 0.20332392109]
    ],
    [
      [0.0042800490088, 0.16188901204, 0.079941298457, 0.75316743555, 0.0007222049416],
      [0.36357635385, 0.098371025262, 0.52318769938, 0.01478655306, 7.8368440426e-05],
      [0.052912944001, 0.0056717808947, 0.63362232797, 0.25080680223, 0.056986144907],
      [0.038064791503, 0.40464215577, 0.021613378287, 0.53453768896, 0.0011419854854],
      [0.0046039711104, 0.085226057492, 0.26050375631, 0.44995057974, 0.19971563535]
    ],
    [
      [0.004924502665, 0.21411791575, 0.10460522691, 0.67578273524, 0.00056961943694],
      [0.33552065585, 0.10445103945, 0.54933270614, 0.010645967605, 4.9630957098e-05],
      [0.052177919535, 0.0064280735048, 0.71139015219, 0.19281276245, 0.037191092318],
      [0.050352519549, 0.4742070364, 0.057800726471, 0.41763971758, 0],
      [0.0051956733437, 0.11054056618, 0.33425016767, 0.39586420544, 0.15414938737]
    ],
    [
      [0.0043982426759, 0.18807158389, 0.092271929187, 0.71362062722, 0.0016376170196],
      [0.34947613496, 0.10046281741, 0.53774754939, 0.012156700487, 0.00015679775439],
      [0.045475331984, 0, 0.64247752918, 0.18658895192, 0.12545818692],
      [0.040046255475, 0.42647420605, 0.053898022209, 0.47777576473, 0.0018057515356],
      [0.0036467129762, 0.075991793987, 0.23264165992, 0.32605247679, 0.36166735633]
    ],
    [
      [0.0041141231199, 0.30381421258, 0.12625931559, 0.56460121613, 0.0012111325833],
      [0.25680945388, 0.13380072387, 0.60129838354, 0.0079960787791, 9.5359924345e-05],
      [0.037762941755, 0.0078694896429, 0.74449903051, 0.13876923648, 0.07109930161],
      [0.033461557533, 0.58871013856, 0.067087197981, 0.30716793168, 0.0035731742469],
      [0.003534960784, 0.12758995753, 0.32903476192, 0.26869469775, 0.27114562201]
    ],
    [
      [0.0044423591616, 0.27179338407, 0.10421362645, 0.61830991836, 0.0012407119551],
      [0.30456360833, 0.13383892527, 0.55163891209, 0.0098494733369, 0.00010908096606],
      [0.046034347914, 0.0079901729604, 0.69116918018, 0.17286225352, 0.08194404542],
      [0.035567524992, 0.56860237979, 0.030730621565, 0.36232146783, 0.0027780058198],
      [0.0039899381895, 0.11950371905, 0.28335166764, 0.30863504781, 0.28451962731]
    ],
    [
      [0.0042961951115, 0.18718361291, 0.078744281301, 0.72880336191, 0.00097254877575],
      [0.36139918022, 0.11305231777, 0.51120701519, 0.014236603977, 0.00010488284827],
      [0.04950816281, 0.0089688168324, 0.61437993879, 0.24928256237, 0.077860519206],
      [0.038826913782, 0.45085234094, 0.018628637106, 0.49062110298, 0.001071005192],
      [0.0043506812242, 0.092785400228, 0.24138657095, 0.41012143944, 0.25135590816]
    ],
    [
      [0.0078618095612, 0.18319911559, 0.086788838395, 0.72121047351, 0.00093976294646],
      [0.49132411051, 0.081614407534, 0.41662352215, 0.010363151354, 7.4808445105e-05],
      [0.094246598586, 0, 0.64382803819, 0.19564161413, 0.066283749096],
      [0.083453986719, 0.41988076446, 0.020129855774, 0.47552046158, 0.0010149314638],
      [0.0078443356677, 0.089400631693, 0.26232045902, 0.39923122807, 0.24120334555]
    ],
    [
      [0.0048868113836, 0.21005714757, 0.097788943845, 0.6861739239, 0.0010931733111],
      [0.3466482096, 0.10690123867, 0.53505956524, 0.011291641609, 9.9344875201e-05],
      [0.052248980337, 0, 0.68319820968, 0.18614358109, 0.078409228901],
      [0.043895989679, 0.47033586994, 0.038966029328, 0.44564056875, 0.0011615423092],
      [0.0045924978384, 0.096619690436, 0.27820406723, 0.35828053801, 0.26230320648]
    ],
    [
      [0.0046822074102, 0.1833619439, 0.080454556307, 0.73056944011, 0.00093185226725],
      [0.37885299985, 0.106170332, 0.50121153258, 0.013668769533, 9.6366036192e-05],
      [0.055178960307, 0.0044026298319, 0.62554137222, 0.24163364366, 0.073243393977],
      [0.042502202983, 0.4437517771, 0.019109043754, 0.49360658155, 0.0010303946163],
      [0.0047667515745, 0.091348636853, 0.24801083847, 0.41307058767, 0.24280318543]
    ],
    [
      [0.0038166854611, 0.42226808341, 0.06773969409, 0.50438786687, 0.0017876701708],
      [0.37048025948, 0.21774549577, 0.40366489912, 0.0079426217672, 0.00016672386764],
      [0.05150287794, 0.17006114113, 0.46641469428, 0.20759362586, 0.10442766078],
      [0.014413049273, 0.75594334287, 0, 0.22964360786, 0],
      [0.0031428054373, 0.167711715, 0.17300350932, 0.22325957227, 0.43288239797]
    ],
    [
      [0.005385173636, 0.23708465688, 0.10250703065, 0.65417884995, 0.00084428887946],
      [0.35490510948, 0.11248503898, 0.52249455296, 0.010043785604, 7.1512975441e-05],
      [0.056876124792, 0.0071070656383, 0.69266657866, 0.18651630176, 0.056833929146],
      [0.053654505902, 0.50967627736, 0.04606236118, 0.39038086276, 0.00022599279817],
      [0.0053282387995, 0.1148456711, 0.3069699153, 0.35979056737, 0.21306560743]
    ],
    [
      [0.0055428732681, 0.23167248022, 0.095403686403, 0.66608102732, 0.0012999327881],
      [0.37668109083, 0.11280527224, 0.49991977143, 0.010480834329, 0.00011303117503],
      [0.059245890366, 0.0070195842309, 0.65324215162, 0.19184708223, 0.088645291547],
      [0.0496603908, 0.50367995235, 0.03598070418, 0.40654458533, 0.0041343673337],
      [0.0049879969821, 0.10203523067, 0.25999894743, 0.33293072785, 0.30004709706]
    ],
    [
      [0.0036860238806, 0.2488992754, 0.060350966754, 0.68480113946, 0.0022625945094],
      [0.36131745498, 0.17124812425, 0.45203388814, 0.015122236181, 0.00027829645292],
      [0.048260591459, 0.0091883793262, 0.42988065639, 0.30910398954, 0.20356638328],
      [0.012423409641, 0.56587981877, 0, 0.4194547312, 0.0022420403865],
      [0.0028387619574, 0.093683867325, 0.14135902769, 0.29184062993, 0.4702777131]
    ],
    [
      [0.0042609163828, 0.17367739693, 0.073009707224, 0.74814378208, 0.00090819738478],
      [0.37683815349, 0.11007585881, 0.49765293834, 0.015330260177, 0.00010278918454],
      [0.055021870467, 0.0063579904137, 0.60345353291, 0.26042414435, 0.074742461862],
      [0.034353328363, 0.43443335988, 0.0019414295863, 0.52760988881, 0.0016619933584],
      [0.0044475887566, 0.088727926864, 0.23072964793, 0.43385031247, 0.24224452398]
    ],
    [
      [0.0038544834118, 0.25599911272, 0.088068837964, 0.65130820315, 0.00076936275208],
      [0.30959175055, 0.14240063886, 0.53642043864, 0.011510500398, 7.6671564016e-05],
      [0.045888678328, 0.0085413597147, 0.66861558994, 0.22728306725, 0.049671304775],
      [0.024590396142, 0.58183296849, 0, 0.39357663537, 0],
      [0.0039959131237, 0.12939315417, 0.27809752926, 0.37149809769, 0.21701530575]
    ],
    [
      [0.0087981256402, 0.21922042377, 0.10698937588, 0.6640853452, 0.00090672950713],
      [0.47887726366, 0.081022080436, 0.43222736074, 0.0078131586038, 6.0136558455e-05],
      [0.086442515911, 0, 0.72605873464, 0.13541121207, 0.052087537383],
      [0.10810847189, 0.45435340006, 0.027892464869, 0.40872552168, 0.00092014150161],
      [0.0084035470757, 0.10191359474, 0.3108470489, 0.34905983019, 0.2297759791]
    ],
    [
      [0.015810316154, 0.26446871905, 0.13326498139, 0.58348545275, 0.0029705306606],
      [0.60772253937, 0.056737621711, 0.33169006082, 0.0037340805588, 0.00011569754563],
      [0.11275674973, 0.0050059493834, 0.63872445107, 0.10151417007, 0.14199867975],
      [0.16013067373, 0.43406989447, 0.12463357811, 0.26511842183, 0.016047431865],
      [0.0083067626975, 0.066702372926, 0.2171304596, 0.16260166811, 0.54525873667]
    ],
    [
      [0.0052295637152, 0.20539796639, 0.072670668615, 0.71592057192, 0.00078122935342],
      [0.42265664631, 0.11698544716, 0.44714026028, 0.013138132916, 7.9513329429e-05],
      [0.06824211002, 0.011111603604, 0.59473779665, 0.2673420297, 0.058566460034],
      [0.044454627959, 0.4939766067, 0, 0.46156876534, 0],
      [0.0056562547425, 0.10864213375, 0.23834431916, 0.42936797236, 0.21798931998]
    ],
    [
      [0.0034850865066, 0.17130343697, 0.057442261469, 0.76730149003, 0.00046772502392],
      [0.37520453177, 0.13116544114, 0.47460608393, 0.018959974965, 6.396819285e-05],
      [0.054058489001, 0.021485869642, 0.50272806621, 0.38452097257, 0.03720660258],
      [0.024076348, 0.44647458579, 0, 0.52944906621, 0],
      [0.0043125297549, 0.10371672545, 0.21548036272, 0.52698196889, 0.14950841319]
    ],
    [
      [0.0072759148418, 0.27210545948, 0.097001349462, 0.62265419671, 0.00096307951047],
      [0.43505247582, 0.11447459457, 0.44199104352, 0.0084094200219, 7.246606736e-05],
      [0.083499431405, 0.0093571384362, 0.66994944513, 0.17849876082, 0.0586952242],
      [0.068175488093, 0.56470769611, 0.019660302792, 0.347456513, 0],
      [0.0070622170214, 0.12903092526, 0.28570279949, 0.3344154573, 0.24378860094]
    ],
    [
      [0.0047406338696, 0.21943129683, 0.11589050958, 0.65845352367, 0.0014840360514],
      [0.30921608972, 0.10176865709, 0.57903765217, 0.00985461731, 0.00012298371517],
      [0.044416281337, 0, 0.71584967188, 0.1403648629, 0.099369183884],
      [0.041755139642, 0.45032986048, 0.082350427655, 0.42399957112, 0.0015650011072],
      [0.0039197856513, 0.088738748213, 0.29024967894, 0.30212071008, 0.31497107711]
    ],
    [
      [0.0044056521371, 0.22415660126, 0.088153531267, 0.68202718787, 0.0012570274706],
      [0.3401784316, 0.12375389909, 0.523778388, 0.012165333199, 0.00012394810999],
      [0.050138419343, 0.0072273178698, 0.64240713062, 0.20904219328, 0.091184938888],
      [0.034832478266, 0.50528529049, 0.019626782599, 0.43446688781, 0.005788560832],
      [0.0040735634094, 0.10142185891, 0.24683230193, 0.35020917174, 0.29746310401]
    ],
    [
      [0.0049186598071, 0.19998958231, 0.084066591001, 0.71037047668, 0.00065469019724],
      [0.37847325668, 0.11022381872, 0.49858163187, 0.01265686172, 6.4431004051e-05],
      [0.059506880933, 0.0068594239015, 0.6514833891, 0.23444853208, 0.047701773989],
      [0.043894566327, 0.47399161985, 0.014784670744, 0.46732914308, 0],
      [0.0053481371232, 0.10643522185, 0.27681765882, 0.42910678397, 0.18229219824]
    ],
    [
      [0.0037843727993, 0.23152031177, 0.0899940539, 0.67386481645, 0.00083644507594],
      [0.30192845946, 0.1322948064, 0.55324692563, 0.012444452915, 8.5355595033e-05],
      [0.044234423965, 0.0076703719179, 0.6735224377, 0.21320040622, 0.061372360197],
      [0.02942245262, 0.5305949771, 0.010262660491, 0.42971990979, 0],
      [0.0038698716325, 0.11586706201, 0.2786582384, 0.38275482767, 0.21885000029]
    ],
    [
      [0.0088958730911, 0.28105279886, 0.099585891612, 0.60827853973, 0.0021868967028],
      [0.47767993745, 0.10647382716, 0.40829620226, 0.0074018551461, 0.00014817798414],
      [0.085569822382, 0.0076229965487, 0.61573176774, 0.15651005766, 0.13456535567],
      [0.090552453131, 0.53740688277, 0.045155541046, 0.3161901825, 0.010694940549],
      [0.0065648839241, 0.10132815855, 0.22293467005, 0.24844849113, 0.42072379635]
    ],
    [
      [0.0017905034638, 0.28902167876, 0.10090175643, 0.60712902378, 0.0011570375626],
      [0.15483652622, 0.17431365652, 0.65895255412, 0.011772490723, 0.00012477242117],
      [0.019669146733, 0.0089437513339, 0.71211554476, 0.17826378632, 0.081007770853],
      [0.012184452164, 0.61825565959, 0.0067847624303, 0.36245544594, 0.00031967987884],
      [0.0016503240739, 0.130192671, 0.28222179214, 0.3099015819, 0.27603363089]
    ],
    [
      [0.004270202078, 0.22559885471, 0.085362882562, 0.68377115481, 0.00099690583647],
      [0.33740334916, 0.12832453871, 0.52158201752, 0.012588864682, 0.00010122993142],
      [0.050634850433, 0.0075933899828, 0.64753098282, 0.21891661366, 0.075324163098],
      [0.033645475938, 0.51888919637, 0.0079290687208, 0.43914005202, 0.00039620695938],
      [0.0042393886124, 0.10965870943, 0.25648840971, 0.37738788714, 0.25222560511]
    ],
    [
      [0.0053254943735, 0.28327237084, 0.092558764245, 0.61780231125, 0.0010410592869],
      [0.36466279756, 0.13835940331, 0.48714998535, 0.009736976378, 9.0837402907e-05],
      [0.060027482336, 0.011621578279, 0.6666803381, 0.19159650471, 0.070074096581],
      [0.04268157688, 0.60218679022, 0, 0.35513163291, 0],
      [0.0051453883508, 0.13389411801, 0.2709289852, 0.33126033192, 0.25877117652]
    ],
    [
      [0.0084416915185, 0.27637437843, 0.096453356925, 0.61739355905, 0.0013370140731],
      [0.46811805114, 0.1102925686, 0.41352091246, 0.0079732123503, 9.5255445081e-05],
      [0.087826335374, 0.0081606243157, 0.64434414761, 0.1733936433, 0.086275249398],
      [0.083424469373, 0.55763193364, 0.020861439369, 0.33808215762, 0],
      [0.0075392515484, 0.12084300103, 0.26071818596, 0.30650340507, 0.3043961564]
    ],
    [
      [0.0058211672968, 0.27563471288, 0.081951248245, 0.63549666124, 0.001096210338],
      [0.40778125533, 0.13859213599, 0.44319841106, 0.01032977827, 9.8419349196e-05],
      [0.069958988329, 0.028591391252, 0.60791642678, 0.21676405523, 0.076769138415],
      [0.045612154764, 0.58719351185, 0, 0.36719433338, 0],
      [0.0056914491948, 0.13191005844, 0.2426050848, 0.34518696701, 0.27460644056]
    ]
  ],
  "expected_outcome": [
    [
      [0.015764613548, 0.0076083589935, 0.099525551996, 0.097561177393, 0.35078202337, 0.025596811815, 0.016896158435, 0.13046903059, 0, 0.024532247057, 0.21171188725, 0.061080005798, 0.20029923379, 0.26437220358, 0.15187268401, 0, 0.19629382431, 0.079267021768, 0.34546561603, 0.17548200936, 0.093565550634, 0.017592970704, 0.032912984959, 0.2310026764, 0.1503668289, 0.086479905173, 0.11239666182, 0.093644148204, 0, 0.59236909996, 0.17737194458, 0.044232286567, 0.16617573893, 0.011563450235, 0.052788753841, 0, 0.020918254861, 0.055761384105, 0.036379574209, 0.061628240304, 0.070490434193, 0.21642103151, 0.068118710387, 0.088958730911, 0, 0.40993939949, 0.063905932482, 0.55715164022, 0.15135034972],
      [0.95551731895, 0.40941164183, 2.6667126304, 5.1809425997, 22.8808680654, 1.5876055887, 0.85638167769, 7.7744927196, 0, 1.1855325756, 11.6072226568, 2.6400131137, 9.0601181039, 12.4174170465, 7.2846445713, 0, 10.6071911276, 3.8629216808, 19.6729464902, 6.6374494938, 4.0682403992, 0.75228633558, 2.4305137006, 14.1332559719, 6.5514264517, 2.0151902715, 4.831314394, 3.667238878, 0, 26.0793122571, 7.4135193671, 2.9867913047, 6.7734184802, 0.76799733817, 1.3153225426, 0, 0.82159186557, 2.7408549916, 1.3605272974, 2.8526068589, 3.5865056201, 8.7995416218, 4.1673656119, 2.8105279886, 0, 21.6574900523, 3.3992684501, 18.2407089765, 7.1665025349],
      [0.48166674893, 0.19049515985, 1.2899310595, 2.0472511014, 8.265012484, 0.76983160676, 0.40032861655, 2.6336873468, 0, 0.48094976561, 4.5559951661, 1.316747441, 3.8918324818, 5.6891724105, 2.631447512, 0, 4.1154267064, 1.9798969132, 7.7205055174, 3.2775932367, 1.9874993114, 0.36908771675, 1.0100745247, 5.4191085754, 2.7560498455, 0.95467722235, 2.2491457084, 1.6090911261, 0, 11.2757733717, 3.0529179649, 0.72421160105, 2.8473785817, 0.26420651389, 0.64193625528, 0, 0.29068267446, 0.91907618351, 0.48500674731, 1.5065766245, 1.4104565003, 3.698930004, 1.6198929702, 0.99585891612, 0, 8.194836726, 1.1107051709, 6.365921557, 2.1307324544],
      [4.5442694008, 1.3894678367, 11.9235772105, 9.663819869, 79.3905027573, 4.6123103255, 1.7238659732, 18.4313576328, 0, 2.3041803842, 31.5693036412, 10.9664471611, 31.8005726252, 43.5791430711, 25.8909638804, 0, 30.0521522616, 16.0685664508, 59.1948888187, 30.8798648575, 12.8398719695, 2.8544825089, 4.516809729, 32.1521157546, 25.5081176667, 7.9333152086, 15.7820002496, 14.6113888023, 0, 71.9596734946, 21.3145928742, 8.2176136735, 29.1776075011, 1.9539246094, 3.9845120712, 0, 2.8636822877, 12.2768238404, 3.1132709835, 8.5598958077, 10.9124350059, 31.2563009739, 12.1295666961, 6.0827853973, 0, 65.6420308619, 7.413627735, 40.7479748974, 16.5229131923],
      [0.0027819178035, 0.0030170026122, 0.020253547564, 0.010425252514, 0.11283466997, 0.0046556672214, 0.0025275741372, 0.029993270231, 0, 0.0048050275608, 0.055766648586, 0.015712278402, 0.047177555278, 0.049895268326, 0.041071352221, 0, 0.028936080014, 0.0093479334559, 0.066193557587, 0.029610402605, 0.010822769302, 0.0065504680785, 0.0096890606661, 0.064517021666, 0.034039207151, 0.010337392411, 0.025142986155, 0.018637045345, 0, 0.09287177674, 0.04159784922, 0.027151134113, 0.035419698006, 0.0023080882562, 0.0054403770428, 0, 0.0031249174137, 0.0074836003827, 0.0048153975524, 0.019292468668, 0.020112439529, 0.028806368679, 0.015056011367, 0.021868967028, 0, 0.095702960301, 0.012492711442, 0.088242928827, 0.028501468787]
    ],
    [
      [2.4004862246, 0.64620127301, 15.8331092895, 22.539030123, 31.1122895878, 14.2363842744, 2.2299451583, 9.9747790769, 1.6526626516, 0.72390546211, 39.8006143328, 8.0194996497, 53.4372319575, 51.3406536353, 28.3074043069, 1.9009683045, 41.4120431861, 18.6822620018, 57.2948844102, 23.2688866467, 30.1968590269, 1.0484284049, 5.9066174394, 31.9791788751, 34.3329221205, 22.6009090835, 29.4650978163, 20.0792089922, 0.37048025948, 152.9641021849, 32.0178927204, 8.3103014645, 24.1176418236, 5.8822432604, 4.3098953729, 1.2154450787, 5.0718797558, 10.8809314214, 10.4412594196, 6.493537884, 16.6687431482, 24.2222884275, 20.2292067837, 13.852718186, 1.2386922097, 97.5095679068, 17.5038142829, 127.7962279619, 52.1960006824],
      [0.98689626396, 0.21339215701, 3.0066701398, 8.5436229597, 14.59316712, 6.2828231162, 0.77636425715, 4.2348108047, 0.48120178456, 0.23154908745, 15.6755674769, 2.4499966218, 17.3726723835, 17.3329304942, 9.737496738, 0.2718265256, 16.0683853255, 6.5089577632, 23.4592010076, 6.2957456168, 9.4005935501, 0.30138845223, 3.077416649, 14.0530871536, 10.7399701879, 3.7542627466, 9.0866052868, 5.6270275959, 0.21774549577, 48.4810518, 9.5884481402, 3.9387068578, 7.0448549637, 2.7056121383, 0.72919872393, 0.11347524342, 1.4038253659, 3.803797793, 2.7473902698, 2.1371417989, 6.0639410556, 7.0543243984, 8.8637520288, 3.0877409876, 1.3945092522, 37.0857916875, 6.6412513586, 30.1098712285, 17.7397934072],
      [5.462786287, 1.1175318418, 15.7234967812, 36.4004295759, 56.6429891992, 32.8900670387, 3.9432799647, 15.4632975519, 1.853509782, 1.030033538, 66.1312959269, 13.2001674248, 80.2013483932, 85.3460780919, 37.8262176776, 0.80142670175, 67.0395538791, 35.9316391335, 98.9480411084, 33.4840127605, 49.4399435525, 1.6132426482, 13.8298628215, 57.9220857695, 48.5646664432, 19.1646820191, 45.4800630458, 26.5642112267, 0.40366489912, 225.1951523274, 42.4931805715, 10.3967794272, 31.8497880536, 10.1919883341, 3.8900462467, 0.66338012163, 5.3656831234, 13.763576434, 10.6077850445, 12.1597906956, 25.665141012, 31.9092244398, 37.0675440173, 11.8405898656, 5.271620433, 150.7372030624, 23.383199297, 112.8912091016, 56.7293966151],
      [0.149316377, 0.022591953475, 0.43264252494, 0.5138458073, 1.6387069143, 0.58743228386, 0.049999749113, 0.32419465539, 0.012509965101, 0.014343792339, 1.3790749867, 0.3277298412, 1.9725957931, 1.9679029892, 1.1190781454, 0.025778468115, 1.472191145, 0.87432794977, 2.2837814312, 0.94633939584, 0.95813708443, 0.036470101462, 0.18390981192, 1.0341947004, 1.3524773778, 0.4767049623, 0.95978953674, 0.72444478526, 0.0079426217672, 4.3288715952, 0.89087091801, 0.34781143217, 0.9811366513, 0.21869950757, 0.070318427434, 0.0074681611176, 0.15765759499, 0.54983927397, 0.20182608053, 0.20694696351, 0.59610132676, 0.81003915005, 0.83377834531, 0.21465379924, 0.094179925785, 3.6381818931, 0.46737486614, 2.1766869716, 1.3222116186],
      [0.00051484748215, 0.00028277468702, 0.0040812645196, 0.0030715341989, 0.012847178678, 0.0032932867284, 0.0004108707256, 0.0029179111351, 0.00011581674274, 0.00016812006626, 0.013447276646, 0.0026064625056, 0.016151472711, 0.012434789399, 0.0098031321262, 0, 0.0078264641986, 0.0028131516831, 0.014092042521, 0.0050155801873, 0.0044667861388, 0.00047039326318, 0.0021932782599, 0.011453501436, 0.0099638705856, 0.0034411884748, 0.0084443143921, 0.0051073999182, 0.00016672386764, 0.030822092415, 0.0096076498772, 0.0064008184172, 0.0065785078107, 0.0014567597163, 0.0005412290261, 0.00023139509125, 0.00095415995315, 0.0018550775926, 0.0017391856166, 0.0025826580186, 0.0060734573894, 0.0041235842593, 0.0057188248672, 0.0042971615401, 0.00099817936939, 0.029255450181, 0.0043601953395, 0.026004736507, 0.012597676697]
    ],
    [
      [0.77222969421, 0.56041017234, 5.6016633556, 6.794053964, 26.2477301277, 3.7766920822, 3.698059049, 7.2226254625, 1.2988835893, 1.7094513172, 29.1004476959, 4.7164933893, 31.7376977291, 29.4344196403, 20.3261716519, 1.5414540484, 17.3062686207, 7.4061821611, 23.134444284, 7.9369416002, 10.8530072633, 2.1828159352, 3.3231388745, 21.5440748238, 29.704897686, 18.2838401257, 25.915494247, 18.3745937822, 0.41202302352, 45.5577759583, 13.6265547841, 1.3030359694, 21.0733763887, 0.96366224488, 3.2848156046, 1.0148107476, 6.5512425619, 5.4599073891, 5.5109624727, 10.2157447075, 13.3869579647, 13.7460894955, 13.4030304615, 6.4177366786, 1.396509418, 54.7362733181, 9.9645620677, 83.2593659347, 20.9177375103],
      [0.13075736869, 0.082507357062, 0.42406834958, 1.021196337, 4.8589237934, 0.66210364235, 0, 1.2186784161, 0, 0.23015267953, 1.8317206125, 0.57563613675, 4.0729004327, 3.9224628693, 2.7646170887, 0.52622468368, 2.6526641751, 1.0225158153, 3.738305602, 0.8507671342, 1.337039289, 0, 0.69251508858, 3.7394009455, 5.3812900994, 0, 0, 1.466075734, 1.360489129, 5.6927595763, 1.6145043731, 0.24808624181, 2.4351103285, 0.17936855401, 0, 0.04505354445, 1.0667139459, 2.1700728338, 0.61757113679, 0, 1.9296938712, 1.5845269213, 2.3241226911, 0.57172474115, 0.63500634471, 8.2084545714, 1.9291819943, 7.7362718513, 8.5488259844],
      [15.3435842059, 9.2656421087, 46.6718268769, 92.0483346254, 391.1904448137, 72.913397458, 58.2300781051, 93.5051302552, 11.6357419839, 21.6889158363, 413.5214072397, 65.2577631657, 394.5934894609, 405.3192573734, 222.0112810807, 4.0656720704, 232.3096875356, 118.5757982373, 330.8925093671, 95.0433491949, 147.9691516552, 30.8389214007, 65.5159146851, 323.4671763249, 368.6279632715, 124.9026394082, 338.8663119996, 208.3052769498, 3.7313175543, 554.8259295093, 150.2456948736, 11.6067777226, 231.1227031028, 14.0409273887, 27.5902319163, 5.7485200596, 57.0948284781, 50.7755346873, 44.2166633789, 164.6454245328, 171.5227038748, 150.4926628811, 204.0772986233, 46.1798825804, 50.5602036779, 699.9809924319, 110.668936124, 610.8382519341, 181.7670116058],
      [5.9211743021, 2.6231832104, 17.9941972953, 18.0912791923, 164.8981062413, 18.2567066846, 8.7459776068, 27.9139964208, 0.8662328949, 4.2301189012, 119.2925371147, 22.7056618108, 135.9559389792, 130.9188140764, 96.566403986, 1.8666491975, 72.1846303131, 40.4195772634, 107.4440945354, 37.6210203346, 40.1050545903, 8.9562696921, 12.2116928101, 80.8995346493, 149.5695374193, 37.9544731416, 92.3272162186, 80.4640033396, 1.6607490069, 149.3995577104, 44.1248289135, 8.3458077176, 99.7424472867, 4.7729444122, 5.1456260585, 0.91362753066, 25.6648348508, 38.8366182291, 11.7809182144, 32.2839184664, 55.8142656063, 54.1576109108, 64.5997230843, 11.7382543245, 12.6567288288, 236.6488593699, 31.8050197816, 164.3771738501, 64.8124525134],
      [0.83225442903, 1.4682571516, 7.3082441226, 4.0451358813, 53.8047950239, 4.3911001328, 3.325885239, 10.1395694454, 0.19914153192, 2.1413612658, 51.2538873372, 7.7444454974, 47.6399733982, 35.4050460407, 35.3315261927, 0, 15.5467493555, 5.5759265229, 27.7906462115, 8.5479217361, 7.7357472022, 6.021992972, 6.2567385417, 38.3498132565, 46.7163115238, 12.8590473246, 38.8909775348, 24.3900501943, 0.83542128627, 45.5239772457, 20.3884170557, 5.4962923486, 28.6263628932, 1.0430974003, 1.9793264206, 1.2779881177, 5.6223801633, 3.7578668605, 3.8738847972, 22.8549122933, 24.346378683, 11.0191097914, 18.5958251398, 10.0924016753, 5.7515517306, 81.4254203088, 11.6323000325, 81.7889364298, 22.953972386]
    ],
    [
      [0.78731417901, 0.7827353125, 8.4079531256, 10.3902704023, 35.7156997261, 3.864833696, 1.9618080642, 10.5061734261, 1.0038793032, 2.4891077161, 21.3071257106, 4.0767030229, 25.9647361983, 27.3708047624, 15.7659837131, 0.50450151733, 22.8093494178, 9.6884987756, 29.8139176773, 14.3884911883, 13.5448277586, 1.7219889854, 3.6807713287, 27.7071019691, 20.2288220805, 13.7699078086, 18.9191715515, 13.1331807218, 0.20178268982, 58.1078298921, 19.9138167108, 1.316881422, 14.1535712855, 1.1065678264, 3.2432541566, 1.761437411, 7.1127404735, 6.4524612639, 5.863091976, 7.0566185995, 10.5194084363, 21.3766538014, 10.9745748273, 7.5158536099, 1.3037363815, 56.32252672, 9.2619021829, 90.8492471473, 23.4446475486],
      [18.21166195, 11.2151730712, 52.1460141717, 107.6023894345, 735.3518865828, 59.54155139, 20.0636900631, 175.9330113324, 9.5096295354, 29.1037519184, 311.3171106906, 49.6672388747, 327.8792013467, 341.766877323, 246.6818221986, 3.5640559253, 339.3698351755, 131.1766261839, 495.6632774706, 152.9547348806, 127.561692791, 18.3383908603, 64.7581152414, 442.9412538576, 234.8940696304, 69.2803261361, 202.7147599434, 137.1192991229, 10.5832068002, 551.9794083854, 201.975660894, 59.9832607897, 178.9865442726, 26.182483582, 13.6306020018, 4.7747688392, 79.0362570715, 119.6551889908, 48.5648618656, 76.1057464209, 152.5961577283, 230.8339188672, 197.9119264595, 44.6047712703, 66.1533555761, 868.6205147159, 130.6745334767, 607.2611757329, 301.8174650932],
      [0.45680825618, 1.191873917, 5.0445890741, 8.1167892818, 0, 7.6300505659, 2.7171093777, 1.2466621034, 0.31391597688, 2.6329388418, 12.0033502137, 4.9752169755, 17.4939612023, 25.2297184296, 0, 0.082101589724, 7.012966391, 9.6329676302, 9.615246212, 8.1698569926, 15.5483954208, 2.317614955, 7.3795917779, 23.9391541989, 9.7055199323, 3.3214262028, 16.7943586402, 5.9046945199, 0, 49.8855371584, 14.428262376, 0, 0.79986898954, 0, 0.83677394606, 1.3709693592, 0, 0, 1.6907860401, 13.9172222737, 5.9272883448, 7.2001346521, 3.8279723632, 3.7479099068, 0.72596958004, 13.2732610386, 0, 22.7181074724, 0],
      [24.5442156149, 10.6620125881, 65.8157285666, 53.8905508814, 707.9186323429, 48.9087718034, 12.2278966948, 114.3141531382, 2.1668617298, 15.7080357098, 236.6884883229, 59.4387901737, 326.0326313007, 339.5053348059, 241.9351230243, 2.8493409677, 265.8078490157, 154.4539259202, 415.9075586401, 202.0552464251, 112.3450840296, 20.5443578833, 33.7884724849, 282.2484234408, 255.6135946517, 78.4608761611, 192.0710851297, 152.5244336989, 3.21501051, 422.7824743637, 163.0243787184, 44.4622015073, 217.3752741887, 17.7109485916, 12.2617656504, 2.9163026401, 73.8510024549, 141.8923497453, 29.8812601183, 71.6559275187, 131.2090001194, 227.5892926793, 160.28552635, 26.2437851475, 38.7827327153, 735.1204470755, 77.0635643404, 368.1714696474, 188.7378873582],
      [0, 0.14820511118, 0.58571506202, 0, 0.013781348211, 0.0547925447, 0.029495800235, 0, 0.0057134547418, 0.066165813939, 0.68392506214, 0.84205095321, 2.6294699519, 1.1272646791, 0.61707106399, 0, 0, 0.047981490162, 0, 0.43167051348, 0, 0.077647316032, 0.39304916716, 2.1640665336, 0.55799370504, 0.16746369152, 0.50062473524, 0.31839193645, 0, 0.24475020041, 1.6578813008, 0.23765628097, 0.68474126368, 0, 0.027604245048, 0.17652175052, 0, 0, 0, 0.26448518712, 1.7481453713, 0, 0, 0.88768006555, 0.034205747036, 0.66325045, 0, 0, 0]
    ],
    [
      [0.024205288671, 0.0030448831558, 0.057748677265, 0.17908433335, 0.57349853504, 0.096493135545, 0.093291570007, 0.16595300393, 0.04457445599, 0.053003257597, 0.58010037339, 0.12622393225, 0.6600348813, 0.58974975833, 0.44856764412, 0.053076129726, 0.27604495109, 0.14379003977, 0.41128801243, 0.23019855552, 0.31174040062, 0.029173703809, 0.056559372545, 0.53864165558, 0.58299128404, 0.25886307703, 0.58783972331, 0.31937235549, 0.015714027187, 0.77792286472, 0.26436384005, 0.025548857617, 0.48923476322, 0.035963218113, 0.10924611198, 0.0083067626975, 0.24321895393, 0.15093854142, 0.14830655745, 0.17247056866, 0.35440001662, 0.4385472441, 0.32506921713, 0.12473279456, 0.061061990733, 1.0216926556, 0.20581553403, 1.5380073159, 0.29026390893],
      [0.71516709845, 0.079515772863, 0.75653470844, 4.6518486691, 18.3151544383, 2.9259162627, 2.3035640021, 4.8390067272, 1.0091686801, 1.249013739, 15.5683785631, 2.6671152531, 14.6151077332, 13.5603122671, 10.5314194033, 0.63789286543, 7.3019241963, 3.4289785567, 11.4662694295, 4.2613028746, 6.6324339708, 0.6079343519, 2.0414393204, 16.1330020715, 12.4332436306, 2.9502208459, 12.3673203758, 6.1203586691, 0.83855857502, 16.7674679812, 5.4078672255, 0.84315480593, 9.7600719551, 1.1645383876, 1.3248767316, 0.066702372926, 4.6716117511, 3.6300853908, 2.7096494304, 3.9045049214, 8.8237017248, 8.7276881914, 9.7328332087, 1.9252350124, 4.817128827, 26.4277489729, 5.3557647202, 24.6519722108, 6.7274129804],
