{
  "Z_true": {},
  "V_true": [
    [24, 75, 1180, 79],
    [511, 123, 15197, 380],
    [773, 8439, 1692, 550],
    [43, 432, 492, 188],
    [531, 512, 915, 795]
  ],
  "p_true": [
    [0.0177, 0.0552, 0.8689, 0.0582],
    [0.0315, 0.0076, 0.9374, 0.0234],
    [0.0675, 0.7368, 0.1477, 0.048],
    [0.0372, 0.374, 0.426, 0.1628],
    [0.1929, 0.186, 0.3324, 0.2888]
  ],
  "Z_est": [
    [
      [0.0109, 0.0201, 0, 0.0002, 0, 0, 0, 0, 0, 0, 0.0014, 0, 0, 0, 0, 0, 0, 0.0021, 0, 0.0006, 0, 0, 0, 0, 0, 0, 0, 0, 0.0023, 0.0053, 0, 0.0028, 0.002, 0, 0.0051, 0, 0, 0, 0, 0],
      [18.9647, 7.4412, 8.1887, 2.7203, 5.0517, 12.8498, 2.8349, 9.1144, 5.1285, 52.8434, 8.4062, 2.7456, 11.6908, 2.3882, 5.2591, 9.9966, 6.3647, 13.6145, 6.3449, 7.8156, 0.2414, 0.2235, 0, 19.0603, 8.4094, 17.4785, 18.1023, 6.514, 4.0622, 9.3403, 26.856, 15.6354, 2.5511, 6.0884, 41.126, 3.0504, 37.8741, 9.6011, 48.6503, 14.4569],
      [27.5333, 17.9888, 11.6336, 3.2075, 5.7983, 14.7021, 4.0381, 14.5418, 9.6576, 90.7381, 12.0029, 6.1456, 26.6751, 4.4773, 11.4485, 24.4991, 23.1585, 24.482, 12.4046, 24.5696, 0.7481, 1.7424, 0, 30.7959, 13.1943, 36.6702, 29.2823, 9.1746, 5.7909, 19.8003, 38.0033, 18.0233, 12.14, 16.4672, 63.176, 3.8258, 58.815, 13.1001, 75.0867, 31.6118],
      [0.4911, 0.5499, 0.1777, 0.072, 0.15, 0.4481, 0.127, 0.3438, 0.2139, 1.4185, 0.5894, 0.1088, 0.6341, 0.1344, 0.2924, 0.5043, 0.4768, 0.9014, 0.2505, 0.6142, 0.0105, 0.0341, 0, 1.1438, 0.3963, 0.8513, 0.6154, 0.3114, 0.1446, 0.854, 1.1406, 0.3385, 0.3069, 0.4444, 1.6929, 0.1238, 1.3109, 0.2987, 2.263, 0.9313]
    ],
    [
      [8.1448, 3.016, 4.1964, 1.2498, 1.4988, 7.5496, 4.4651, 6.4542, 3.5151, 16.3048, 14.8554, 5.8339, 37.6974, 7.5147, 22.9885, 51.5553, 31.0328, 26.8315, 16.1277, 34.2886, 0.4566, 0, 3.4717, 7.6546, 4.8054, 2.431, 13.971, 4.781, 5.5464, 12.2855, 14.871, 16.5529, 4.4472, 13.7344, 32.0548, 0, 30.5798, 3.9956, 50.2398, 3.3128],
      [0.1827, 0, 0.6958, 0.0136, 0.3286, 1.2987, 0.5834, 0.6059, 0.1369, 0.8743, 1.1305, 0.9168, 1.5686, 0.5222, 1.8276, 2.902, 18.4375, 0.7556, 0.6247, 0, 0.6414, 0.2893, 0, 2.4736, 0.3276, 1.9923, 0.742, 0.4157, 0, 0.6979, 1.5401, 0.9589, 0, 0.703, 0.2121, 1.6506, 0.9642, 0.7079, 1.1239, 0.3143],
      [190.9243, 82.0262, 164.5474, 35.7742, 68.0355, 273.0535, 185.9058, 275.0682, 149.2892, 490.4238, 322.041, 396.232, 839.5442, 129.1455, 455.873, 1135.8092, 803.5148, 602.9523, 304.0953, 1019.8284, 14.5413, 38.5003, 43.3767, 478.915, 186.1253, 382.6429, 500.0683, 183.3506, 132.2438, 307.1105, 554.5678, 308.5641, 167.1815, 327.9057, 747.7839, 235.865, 890.2887, 200.7624, 1387.0203, 153.0397],
      [3.7482, 2.9578, 2.5604, 0.9624, 2.1371, 10.0982, 7.0457, 7.8717, 4.0588, 8.3971, 16.9731, 8.0173, 24.1898, 4.8176, 14.3109, 27.7335, 23.0149, 24.4606, 7.1523, 30.883, 0.3607, 1.2104, 1.1516, 19.9568, 6.7417, 10.9338, 12.2187, 7.4527, 4.2098, 12.9061, 20.0212, 5.9241, 5.3713, 10.657, 23.9492, 9.4845, 23.1673, 5.5341, 49.616, 5.3333]
    ],
    [
      [24.4641, 8.4696, 19.5711, 4.6252, 5.5611, 24.0855, 17.4477, 17.3519, 11.3505, 60.8754, 48.1323, 8.5811, 73.2623, 18.813, 57.0793, 73.4861, 136.1602, 50.3077, 14.1729, 17.615, 3.8935, 0.9361, 1.8005, 15.6114, 14.1481, 11.7838, 21.3776, 7.9847, 1.9358, 16.8287, 32.3606, 46.9005, 8.1635, 35.0311, 86.4465, 2.5393, 74.2956, 7.2881, 66.8736, 11.9285],
      [194.0321, 46.5953, 257.0968, 54.1144, 103.232, 357.4799, 232.3419, 202.0785, 115.8229, 517.7216, 359.2667, 90.8183, 333.3134, 75.008, 226.838, 301.9619, 215.8508, 308.72, 62.1457, 79.4426, 5.1155, 11.7633, 14.882, 207.9324, 158.3057, 166.2814, 216.6569, 96.1078, 16.0702, 100.2562, 378.7545, 371.1445, 27.2082, 145.6417, 641.0242, 158.6205, 668.6728, 105.497, 575.849, 111.5483],
      [29.3617, 11.4334, 38.6465, 6.3417, 12.0347, 41.6808, 34.3675, 33.4861, 22.399, 93.2716, 54.1155, 20.9371, 78.5907, 14.5541, 51.3659, 76.5833, 84.4461, 57.8858, 12.4892, 25.7548, 1.6862, 8.0881, 1.0207, 35.3499, 25.6824, 36.3452, 36.3627, 13.8943, 2.2646, 22.22, 55.6656, 44.4959, 13.3111, 40.3759, 101.7187, 21.2974, 107.9541, 14.9064, 92.0934, 25.1455],
      [6.1421, 4.5017, 5.6857, 1.9186, 4.1722, 16.7538, 13.8429, 10.0835, 6.4275, 17.1314, 29.4854, 4.6635, 23.8336, 5.625, 16.7169, 19.9688, 21.5429, 26.0865, 3.1922, 8.1876, 0.3048, 2.2125, 0.2968, 16.1063, 9.8638, 10.5896, 9.6028, 6.0131, 0.7294, 11.6951, 21.2193, 8.4591, 4.3172, 13.9514, 34.8105, 8.5429, 30.0775, 4.3084, 35.184, 9.3776]
    ],
    [
      [0.6226, 0.2126, 0.2607, 0.0453, 0.0562, 0.5343, 0.2897, 0.3073, 0.1706, 0.5554, 0.5622, 0.2099, 1.0296, 0.3951, 1.6996, 1.4088, 1.5919, 1.3826, 0.4697, 0.4886, 0.0825, 0.0199, 0.0838, 0.2927, 0.2765, 0.1478, 0.7401, 0.0611, 0.089, 0.291, 0.9675, 1.0111, 0.2365, 0.4552, 1.2495, 0, 1.4905, 0.2393, 1.3354, 0.1425],
      [11.3334, 2.7058, 7.3076, 1.2076, 1.9968, 16.9237, 8.2774, 7.9316, 3.8956, 10.7518, 9.6161, 5.0193, 10.645, 3.5342, 15.3956, 13.1779, 5.3775, 19.3785, 4.6848, 5.0999, 0.22, 0.602, 1.5489, 8.6489, 6.9108, 4.4272, 17.0947, 1.627, 1.7369, 3.9533, 25.616, 18.3185, 1.9418, 4.3018, 21.2154, 0, 30.5285, 7.754, 26.242, 2.9847],
      [13.2473, 5.2541, 8.3497, 1.1443, 1.841, 15.568, 9.4827, 10.1807, 5.8957, 14.8721, 11.0547, 9.0395, 19.5564, 5.3182, 26.947, 26.0033, 15.6331, 28.0718, 7.3705, 12.9149, 0.5247, 3.6195, 0.907, 11.2355, 8.72, 7.446, 22.2619, 1.844, 1.9988, 6.7504, 29.1668, 17.0048, 7.4224, 9.3612, 26.2518, 0, 38.1846, 8.5057, 32.6282, 5.2416],
      [5.7967, 3.8275, 3.082, 0.6028, 1.1061, 10.974, 6.9502, 5.5804, 3.0381, 5.8207, 12.7669, 3.7314, 10.7689, 3.7525, 15.9577, 12.41, 7.3975, 24.1672, 3.475, 7.4966, 0.1728, 1.7586, 0.4603, 9.8229, 6.0927, 3.979, 10.9033, 1.4679, 1.1753, 7.0053, 20.2496, 7.6655, 4.3992, 5.8819, 16.2833, 0, 19.7964, 4.501, 22.7944, 3.6311]
    ],
    [
      [3.7576, 1.2818, 0.9718, 1.0795, 0.884, 3.8306, 1.7975, 2.8866, 0.9637, 6.2645, 4.4486, 1.375, 11.0107, 1.2772, 6.2326, 11.5498, 18.2151, 7.4762, 5.2298, 4.6072, 1.5674, 0.044, 0.644, 2.4413, 1.77, 1.6375, 3.9112, 1.1732, 0.4265, 3.5895, 4.8009, 7.5327, 1.1508, 4.7794, 11.2441, 1.4607, 11.6342, 1.477, 12.5512, 1.6162],
      [9.4871, 2.2577, 3.7111, 3.944, 4.3909, 16.4478, 6.9624, 10.2696, 3.0161, 16.8088, 10.5805, 4.5001, 15.7823, 1.5474, 7.6797, 14.9617, 8.9694, 14.5314, 7.1999, 6.6419, 0.7816, 0.1218, 1.5691, 9.8848, 6.0466, 6.8205, 12.4041, 4.3355, 1.1307, 6.7522, 17.2334, 18.9427, 1.2989, 6.2652, 26.4223, 13.6786, 32.9603, 6.4399, 34.1348, 4.6958],
      [30.9334, 12.2976, 11.8229, 10.5323, 11.2904, 41.9956, 22.2059, 36.7232, 12.7585, 64.6943, 33.7858, 22.6458, 80.6335, 6.5049, 37.3656, 82.1051, 70.2476, 58.6081, 31.6404, 46.9323, 4.4997, 2.0498, 2.6956, 35.7036, 21.2779, 31.8958, 45.0249, 13.7364, 3.7019, 32.1188, 54.5965, 48.9118, 13.945, 37.8901, 91.0695, 38.0119, 114.7576, 19.7254, 118.1714, 22.9614],
      [10.8219, 7.163, 3.4942, 4.4442, 5.4346, 23.726, 13.0342, 16.1206, 5.2616, 20.2324, 31.1851, 7.479, 35.5736, 3.6705, 17.7222, 31.3834, 26.5679, 40.3844, 11.93, 21.8186, 1.1512, 0.7844, 1.0912, 24.9703, 11.9055, 13.6462, 17.6597, 8.7548, 1.7409, 26.5394, 30.3692, 17.6128, 6.6053, 19.0653, 45.2641, 22.8489, 47.6479, 8.3577, 66.1426, 12.7267]
    ]
  ],
  "V_est": [
    [0.0528, 489.0857, 847.1507, 21.7108],
    [530.3116, 49.1601, 15163.9376, 467.5906],
    [1159.5396, 8311.2129, 1499.6234, 483.6242],
    [21.5045, 349.9326, 486.8201, 296.7429],
    [170.5915, 381.6087, 1478.4682, 722.3315]
  ],
  "p_est": [
    [0, 0.3602, 0.6238, 0.016],
    [0.0327, 0.003, 0.9354, 0.0288],
    [0.1012, 0.7256, 0.1309, 0.0422],
    [0.0186, 0.303, 0.4215, 0.2569],
    [0.062, 0.1386, 0.537, 0.2624]
  ],
  "EI_Z": {},
  "EI_V": 4.7971,
  "MAE_Z": {},
  "MAE_V": 157.9739,
  "MAE_p": 0.0644,
  "runtime": 0.011
}
