{
  "X": [
    [6, 4, 18, 27, 1],
    [6, 2, 19, 34, 4],
    [10, 20, 106, 287, 28],
    [0, 0, 3, 12, 5],
    [1, 2, 3, 21, 4],
    [4, 6, 57, 80, 13],
    [26, 22, 245, 289, 42],
    [62, 100, 684, 1070, 123],
    [88, 271, 862, 1820, 182],
    [4, 38, 83, 207, 16],
    [44, 75, 182, 1038, 109],
    [0, 1, 2, 7, 2],
    [0, 1, 7, 2, 3],
    [4, 1, 4, 57, 11],
    [3, 5, 15, 25, 3],
    [1, 2, 3, 4, 0],
    [6, 15, 82, 185, 14],
    [5, 18, 41, 90, 11],
    [1, 9, 33, 58, 3],
    [1, 17, 38, 62, 7],
    [0, 1, 2, 11, 2],
    [0, 1, 3, 6, 0],
    [0, 2, 19, 10, 2],
    [1, 0, 12, 4, 2],
    [1, 7, 44, 36, 0],
    [12, 10, 132, 189, 23],
    [1, 2, 19, 32, 6],
    [4, 8, 18, 78, 4],
    [37, 103, 747, 711, 83],
    [17, 27, 212, 323, 40],
    [7, 24, 18, 279, 28],
    [3, 8, 21, 35, 8],
    [24, 31, 75, 381, 31],
    [0, 3, 13, 1, 10],
    [15, 37, 102, 541, 36],
    [6, 10, 33, 132, 11],
    [48, 111, 480, 437, 72],
    [16, 28, 127, 329, 24],
    [13, 25, 79, 245, 27],
    [5, 7, 53, 95, 17],
    [32, 60, 295, 555, 79],
    [5, 12, 40, 95, 11],
    [13, 32, 68, 142, 25],
    [25, 25, 72, 437, 45],
    [23, 51, 96, 419, 42],
    [16, 53, 144, 315, 40],
    [15, 24, 85, 430, 54],
    [1, 4, 16, 32, 4],
    [0, 1, 5, 22, 3],
    [15, 32, 115, 200, 24],
    [1, 3, 4, 11, 0],
    [3, 7, 28, 38, 5],
    [33, 76, 237, 396, 50],
    [14, 21, 100, 162, 12],
    [113, 113, 676, 1689, 220],
    [89, 123, 526, 1384, 170]
  ],
  "W": [
    [26, 16, 4, 10],
    [33, 19, 1, 12],
    [290, 108, 23, 30],
    [14, 4, 1, 1],
    [23, 4, 2, 2],
    [87, 60, 6, 7],
    [291, 262, 29, 42],
    [1040, 746, 121, 132],
    [1763, 942, 302, 216],
    [204, 86, 36, 22],
    [1069, 202, 81, 96],
    [8, 2, 0, 2],
    [4, 7, 1, 1],
    [58, 9, 1, 9],
    [27, 15, 4, 5],
    [3, 2, 3, 2],
    [177, 90, 18, 17],
    [93, 43, 21, 8],
    [62, 34, 6, 2],
    [57, 40, 24, 4],
    [9, 4, 2, 1],
    [6, 3, 0, 1],
    [9, 20, 1, 3],
    [5, 14, 0, 0],
    [33, 42, 9, 4],
    [189, 140, 14, 23],
    [30, 21, 3, 6],
    [85, 16, 8, 3],
    [667, 811, 110, 93],
    [319, 223, 38, 39],
    [298, 24, 21, 13],
    [35, 29, 4, 7],
    [391, 89, 34, 28],
    [9, 11, 5, 2],
    [552, 125, 27, 27],
    [132, 30, 19, 11],
    [398, 538, 120, 92],
    [315, 150, 38, 21],
    [244, 93, 31, 21],
    [96, 59, 13, 9],
    [548, 335, 63, 75],
    [92, 48, 12, 11],
    [146, 83, 29, 22],
    [455, 94, 29, 26],
    [425, 113, 53, 40],
    [329, 142, 55, 42],
    [455, 104, 24, 25],
    [31, 19, 3, 4],
    [20, 6, 3, 2],
    [196, 128, 33, 29],
    [12, 4, 3, 0],
    [33, 28, 12, 8],
    [378, 258, 87, 69],
    [149, 103, 17, 40],
    [1776, 736, 105, 194],
    [1439, 607, 97, 149]
  ],
  "method": "mvn_pdf",
  "cond_prob": [
    [
      [0.032949199914, 0.019179719398, 0.033860050673, 0.90654509407, 0.007465935942],
      [0, 0.005010202269, 0.95136550415, 0.043624293582, 0],
      [0.0091113908156, 0.63017551749, 0.18416986247, 0.15325917879, 0.023284050438],
      [0.5106875239, 0.09004619894, 0.11611111663, 0.21188021416, 0.071274946376]
    ],
    [
      [0.024774929136, 0.0087934987881, 0.015484051398, 0.89737114316, 0.053576377522],
      [0.002569906267, 0.0090767516741, 0.91136885404, 0.060441285977, 0.016543202042],
      [0.0090230720907, 0.59786612484, 0.14505591996, 0.19453967876, 0.053515204354],
      [0.42704800394, 0.078290844446, 0.085663513094, 0.25365234696, 0.15534529155]
    ],
    [
      [0.010651608618, 0.0071517171728, 0.01430816844, 0.9077998272, 0.060088678574],
      [0.0015806054721, 0.010617769842, 0.88530061821, 0.080748592094, 0.021752414385],
      [0.0040207948925, 0.58350944351, 0.13784364395, 0.21062697507, 0.063999142581],
      [0.22159499425, 0.11195218921, 0.10225868584, 0.33909272468, 0.22510140602]
    ],
    [
      [0, 0, 0.048459222696, 0.78976045826, 0.16178031904],
      [0, 0, 0.5581518742, 0.17054094849, 0.27130717731],
      [0, 0, 0.075707779404, 0.18135625349, 0.7429359671],
      [0, 0, 0.013255606061, 0.079833536869, 0.90691085707]
    ],
    [
      [0.021515276373, 0.010754093492, 0, 0.85424907226, 0.11348155787],
      [0.021672219048, 0.021270979419, 0.72932994442, 0.14235116689, 0.085375690217],
      [0.0039644914528, 0.74571286072, 0.022793172357, 0.13380263409, 0.093726841387],
      [0.20526539216, 0.08807310528, 0.018546938794, 0.2576307011, 0.43048386266]
    ],
    [
      [0.021065510113, 0.0098218741018, 0.018291515903, 0.85043841385, 0.10038268603],
      [0.0043968045256, 0.0112232637, 0.89904138294, 0.057257382337, 0.0280811665],
      [0.0050924442671, 0.62277401114, 0.13373153616, 0.15262211015, 0.085779898286],
      [0.26756252614, 0.1050652949, 0.094823703324, 0.237240342, 0.29530813363]
    ],
    [
      [0.028217943014, 0.0045394696308, 0.016885171122, 0.87119953413, 0.079157882099],
      [0.0042119021237, 0.0074569810402, 0.88661404941, 0.073940053911, 0.027777013512],
      [0.010174811192, 0.53926775028, 0.15264803097, 0.21010964594, 0.087799761615],
      [0.39023787386, 0.073488584447, 0.080160508546, 0.23846337405, 0.2176496591]
    ],
    [
      [0.018381377686, 0.0065602955434, 0.012703702638, 0.89880508492, 0.063549539212],
      [0.0038344756308, 0.011906220858, 0.865052951, 0.092592761606, 0.026613590908],
      [0.0063864064294, 0.58582695849, 0.12268452507, 0.21495097413, 0.070151135882],
      [0.29734919097, 0.10159234771, 0.08040772939, 0.30423820951, 0.21641252243]
    ],
    [
      [0.015232865534, 0.009991263017, 0.011299412747, 0.90739503055, 0.056081428152],
      [0.0033010123772, 0.019035510275, 0.84814863016, 0.10366485243, 0.025849994755],
      [0.0044441874212, 0.67461261383, 0.090011083748, 0.17921849222, 0.051713622776],
      [0.26246648057, 0.14685621873, 0.073795270478, 0.31706613657, 0.19981589366]
    ],
    [
      [0.0029056511256, 0.014606205426, 0.015453986777, 0.92043816549, 0.04659599118],
      [0, 0.023233132326, 0.87255155245, 0.086799900548, 0.017415414681],
      [0.0007674758544, 0.76830609151, 0.076240216104, 0.12457208566, 0.030114130872],
      [0.1536190018, 0.24378479175, 0.093786609428, 0.33096489587, 0.17784470115]
    ],
    [
      [0.015639710927, 0.008004494693, 0.008067527551, 0.90102732565, 0.067260941179],
      [0.0045656197398, 0.019468234569, 0.80190926332, 0.13364420125, 0.040412681123],
      [0.0054031249347, 0.63333930069, 0.076914831276, 0.21149884736, 0.07284389574],
      [0.27001292409, 0.11677217119, 0.053750422123, 0.31952347491, 0.23994100769]
    ],
    [
      [0, 0.028627739616, 0.0041293175736, 0.82758382431, 0.1396591185],
      [0, 0.012483263304, 0.95085637726, 0.017211869573, 0.019448489864],
      [2.8797454087e-06, 0.99975607214, 2.305453084e-05, 0.00010826026012, 0.00010973332826],
      [0, 0.37300577823, 0.032626352447, 0.17245283317, 0.42191503615]
    ],
    [
      [0, 0.085849974977, 0.1485949675, 0.31357348932, 0.4519815682],
      [0, 0, 0.90129079318, 0.098709206819, 0],
      [0, 0.64124138582, 0.069304647291, 0.030742979621, 0.25871098727],
      [0, 0.015358714276, 0.027279930448, 0.023998615358, 0.93336273992]
    ],
    [
      [0.026019685741, 0.00095638628683, 0.0030029055074, 0.87726018784, 0.092760834628],
      [0.013943220427, 0.018741041612, 0.41542519352, 0.3575155972, 0.19437494724],
      [0.0085574169922, 0.44431492746, 0.018454316459, 0.32270700252, 0.20596633657],
      [0.26186798069, 0.036838365933, 0.0076167136031, 0.28650685868, 0.40717008109]
    ],
    [
      [0.033041025375, 0.019298698452, 0.02006248655, 0.85837159919, 0.069226190435],
      [0.0052847591167, 0.018696281733, 0.9180853334, 0.039432891574, 0.018500734179],
      [0.0045860931238, 0.82182750069, 0.071942620689, 0.073992222075, 0.027651563426],
      [0.40205531113, 0.18223618261, 0.079852475889, 0.187300912, 0.14855511837]
    ],
    [
      [0.00807809824, 0, 0.030807939241, 0.96111396252, 0],
      [0, 0, 0.98439473453, 0.015605265466, 0],
      [0.013341383722, 0.61492021583, 0.20891502156, 0.16282337889, 0],
      [0.46787077706, 0.07761967625, 0.15602082427, 0.29848872243, 0]
    ],
    [
      [0.010353171807, 0.0067704411914, 0.010158519218, 0.92847921797, 0.044238649813],
      [0.0021861546428, 0.012961653108, 0.85376554639, 0.10986355596, 0.021223089889],
      [0.0041238500021, 0.59521939579, 0.10969637344, 0.23660464171, 0.054355739056],
      [0.22920619837, 0.11300788265, 0.081676952998, 0.38309263715, 0.19301632883]
    ],
    [
      [0.023347399398, 0.011221236908, 0.012211195754, 0.87850131888, 0.074718849059],
      [0.0049403888641, 0.018224390804, 0.87093133156, 0.077792454048, 0.028111434719],
      [0.005477046709, 0.71378024498, 0.087375561918, 0.13922843018, 0.054138716214],
      [0.31265464425, 0.14792387729, 0.072428092168, 0.25381309828, 0.21318028801]
    ],
    [
      [0.010893759563, 0.027574975193, 0.027628246618, 0.89472763234, 0.039175386282],
      [0.001846174148, 0.031567941037, 0.90609635479, 0.052438103695, 0.0080514263288],
      [0.00088365026017, 0.89569387093, 0.046109677472, 0.04692305173, 0.010389749606],
      [0.12825754225, 0.4214391586, 0.10155729097, 0.23122647935, 0.11751952884]
    ],
    [
      [0.0057380626635, 0.0068225440201, 0.0099063008163, 0.91576664762, 0.061766444881],
      [0.00025667141319, 0.013451924156, 0.8661154896, 0.092993430843, 0.027182483983],
      [0.0016014531478, 0.64591682132, 0.10139835131, 0.19201459739, 0.059068776833],
      [0.15605717403, 0.14275857821, 0.08929020947, 0.36830337868, 0.24359065962]
    ],
    [
      [0, 0.020728004265, 0.035687784052, 0.87559665781, 0.067987553876],
      [0, 0.020425977572, 0.40676989238, 0.42907126115, 0.1437328689],
      [0, 0.34758441999, 0.021115299518, 0.46037718832, 0.17092309217],
      [0, 0.036575211346, 0.0094997749914, 0.48259065848, 0.47133435519]
    ],
    [
      [0, 0.0086770147985, 0.01340980464, 0.97791318056, 0],
      [0, 0.0015325801887, 0.96838998894, 0.030077430876, 0],
      [0.0015927336503, 0.83814281457, 0.046196167769, 0.081318142286, 0.032750141721],
      [0, 0.94334017064, 0.014371205355, 0.042288624002, 0]
    ],
    [
      [0, 0.014093342632, 0.015559670474, 0.90357238895, 0.066774597941],
      [0, 0.011005015918, 0.91878896592, 0.041695971544, 0.028510046615],
      [0, 0.82057849118, 0.07519046087, 0.076300802119, 0.027930245828],
      [0, 0.27749370226, 0.13633106213, 0.31920942214, 0.26696581347]
    ],
    [
      [0.2, 0, 0.032428666443, 0.57267642767, 0.19489490589],
      [0, 0, 0.84556119056, 0.081186990119, 0.073251819325],
      [0.10407066278, 0.075275782113, 0.28607215483, 0.19905102287, 0.33553037741],
      [0.58032532353, 0.063204018225, 0.040685165052, 0.10268473733, 0.21310075586]
    ],
    [
      [0.0079989473173, 0.011066878483, 0.043556868971, 0.93737730523, 0],
      [0, 0, 0.95089937863, 0.049100621365, 0],
      [0.0021607900511, 0.62939112819, 0.20248986057, 0.16595822119, 0],
      [0.17914690702, 0.24256821409, 0.20061016903, 0.37767470987, 0]
    ],
    [
      [0.020922788132, 0.0025719108536, 0.015949513611, 0.89105269755, 0.06950308985],
      [0.0042637917962, 0.0056518991712, 0.88951476121, 0.075717634122, 0.024851913697],
      [0.0078226429262, 0.50427394398, 0.16544234403, 0.2377154674, 0.08474560166],
      [0.31909326916, 0.072295989084, 0.092925327874, 0.28967629746, 0.22600911642]
    ],
    [
      [0.0048130526603, 0.0031660553675, 0.0062468630615, 0.89962826631, 0.086145762599],
      [0.00012667822535, 0.0064351082753, 0.85640282703, 0.097269076852, 0.039766309615],
      [0.0030296079016, 0.46884995343, 0.12810832053, 0.275313553, 0.12469856513],
      [0.14064322563, 0.060555200816, 0.07396829648, 0.35709345629, 0.36773982079]
    ],
    [
      [0.031453261316, 0.015404367047, 0.02313419869, 0.89081464894, 0.039193524006],
      [0.0035051362422, 0.013409715122, 0.92786747883, 0.046562064945, 0.0086556048626],
      [0.0054706724332, 0.75078585529, 0.11058049706, 0.10859053339, 0.024572441824],
      [0.40887507627, 0.15659550557, 0.10102315786, 0.22234584459, 0.11116041571]
    ],
    [
      [0.015642719405, 0.0098604292309, 0.015733992975, 0.89831251015, 0.060450348238],
      [0.0025425958245, 0.014753500073, 0.88153053645, 0.079644422907, 0.021528944746],
      [0.0044568743416, 0.65064407105, 0.11671553848, 0.17374065057, 0.054442865561],
      [0.25821510501, 0.13857158418, 0.094037122496, 0.30239201278, 0.20678417553]
    ],
    [
      [0.016877973227, 0.0046280183008, 0.015366883813, 0.89380815089, 0.069318973767],
      [0.0031982556909, 0.0079671923638, 0.8857007548, 0.078117228103, 0.025016569038],
      [0.0061084012135, 0.53513592689, 0.15354391994, 0.22502247401, 0.080189277948],
      [0.2736050327, 0.087482385721, 0.096205814992, 0.30523599964, 0.23747076694]
    ],
    [
      [0.013210093013, 0.013545387576, 0.0013074624257, 0.89778156896, 0.07415548803],
      [0.0055132473071, 0.048309900648, 0.69266061606, 0.19036430897, 0.063151927018],
      [0.0030310673941, 0.77490399771, 0.029005131337, 0.14004776923, 0.053012034326],
      [0.22057091782, 0.19469637961, 0.029031819509, 0.30394968323, 0.25175119983]
    ],
    [
      [0.027601975187, 0.0070192417573, 0.01922603589, 0.8375199137, 0.10863283347],
      [0.013325829485, 0.071007919607, 0.69303694315, 0.14613929979, 0.076490007973],
      [0.0026970028703, 0.90208997331, 0.014568812526, 0.049121861031, 0.031522350262],
      [0.23381340027, 0.29810528238, 0.024391734645, 0.17889655464, 0.26479302807]
    ],
    [
      [0.027402401601, 0.0089034290575, 0.0066593175294, 0.90281615586, 0.054218695949],
      [0.0093240556527, 0.023434420461, 0.77770853474, 0.15231218543, 0.037220803716],
      [0.0097586841775, 0.66386979287, 0.062803122687, 0.20604571422, 0.057522686046],
      [0.43300088424, 0.102197245, 0.037315752952, 0.2656265811, 0.1618595367]
    ],
    [
      [0, 0.14334407518, 0.26628560401, 0.050425863987, 0.53994445682],
      [0, 0.091741779956, 0.86929636482, 0.038961855227, 0],
      [0, 0.1299676783, 0.18287729476, 0.020407915482, 0.66674711146],
      [0, 0.025452676177, 0.063391538567, 0.0077736196048, 0.90338216565]
    ],
    [
      [0.013890356885, 0.011634656611, 0.0072969760774, 0.92021734455, 0.046960665878],
      [0.0047319986781, 0.037198122211, 0.76467678813, 0.15946136447, 0.033931726518],
      [0.0033955099828, 0.76234066444, 0.044067898259, 0.15270446962, 0.037491457697],
      [0.24627201463, 0.19795208646, 0.044356942086, 0.33275313228, 0.17866582454]
    ],
    [
      [0.01844376317, 0.0020135316945, 0.012953135673, 0.91415010484, 0.052439464623],
      [0.0032856890126, 0.0057017024975, 0.89432707172, 0.078356740901, 0.018328795865],
      [0.0075006459151, 0.46510874315, 0.17759854555, 0.27688648328, 0.072905582112],
      [0.30221275625, 0.066008783779, 0.098727415825, 0.33824006836, 0.19481097579]
    ],
    [
      [0.027201405782, 0.011665754213, 0.012309058262, 0.8749271895, 0.073896592244],
      [0.0048672700752, 0.020260653189, 0.85282547509, 0.090539453889, 0.031507147761],
      [0.0069137306212, 0.69416736382, 0.087382277832, 0.15219332798, 0.059343299752],
      [0.36658262526, 0.1321382038, 0.062989303, 0.23701688076, 0.20127298718]
    ],
    [
      [0.021634431363, 0.0057879391826, 0.008932967975, 0.91978825117, 0.043856410305],
      [0.0070050594748, 0.015612302592, 0.79939533952, 0.14870123741, 0.029286061001],
      [0.008934422668, 0.5796578312, 0.085534507504, 0.26488303612, 0.060990202512],
      [0.37118510181, 0.086093151578, 0.048881089256, 0.32837904268, 0.16546161468]
    ],
    [
      [0.021136550975, 0.0073881632454, 0.0076788988016, 0.89750359457, 0.066292792408],
      [0.0065486763423, 0.018834789636, 0.7940109359, 0.13885206186, 0.041753536255],
      [0.007385215374, 0.62369272111, 0.074422735258, 0.22004293415, 0.074456394113],
      [0.33355776123, 0.1005323037, 0.046486993347, 0.29878810539, 0.22063483634]
    ],
    [
      [0.020987309883, 0.001875869086, 0.011467797808, 0.86762905438, 0.098039968839],
      [0.0060983769962, 0.0066317669661, 0.84197425323, 0.10083221934, 0.044463383471],
      [0.0082072361512, 0.45713322984, 0.12882304614, 0.25837343991, 0.14746304796],
      [0.27985777095, 0.053990036536, 0.060878985571, 0.26662834659, 0.33864486035]
    ],
    [
      [0.017624856261, 0.0088690852102, 0.01020684566, 0.88611750519, 0.077181707682],
      [0.004293711903, 0.017692963482, 0.8330143489, 0.10718345241, 0.03781552331],
      [0.0054534946859, 0.63972699307, 0.089241087584, 0.18878087272, 0.076797551938],
      [0.27412820155, 0.11879730633, 0.062995375737, 0.28810607492, 0.25597304146]
    ],
    [
      [0.017591107226, 0.0097399590857, 0.0058653930391, 0.90208730746, 0.064716233194],
      [0.0057318547173, 0.024152822305, 0.79618237573, 0.13409027166, 0.03984267559],
      [0.0048006124982, 0.70135862748, 0.059518295638, 0.1769303266, 0.057392137789],
      [0.27717106899, 0.13893497852, 0.048128205265, 0.31349734138, 0.22226840585]
    ],
    [
      [0.029746096568, 0.015294798246, 0.0088247169082, 0.85212759564, 0.094006792637],
      [0.0082631366857, 0.038901955023, 0.77924488157, 0.11999281525, 0.053597211476],
      [0.0056349305429, 0.7853064622, 0.042537725784, 0.10933297361, 0.05718790787],
      [0.3549007532, 0.1711004448, 0.036394186983, 0.20269596074, 0.23490865428]
    ],
    [
      [0.027310445698, 0.0068504499656, 0.0063403210825, 0.89036578235, 0.069133000906],
      [0.012060784026, 0.023248110679, 0.71148375821, 0.19254403895, 0.060663308135],
      [0.011515365109, 0.60839945916, 0.053151188162, 0.24055682851, 0.086377159065],
      [0.42715722773, 0.079005328701, 0.026703699199, 0.26185697474, 0.20527676963]
    ],
    [
      [0.021178892154, 0.010647553522, 0.0067825147654, 0.89904594972, 0.062345089843],
      [0.0066045259339, 0.028153611478, 0.78202482506, 0.14305787526, 0.04015916227],
      [0.0058832085791, 0.70918927167, 0.056645033944, 0.1730841742, 0.055198311606],
      [0.32352123373, 0.14266000644, 0.043660979856, 0.28916175584, 0.20099602413]
    ],
    [
      [0.01653243005, 0.013629064262, 0.019267084521, 0.87564500772, 0.074926413446],
      [0.0023946763001, 0.016618450892, 0.89648881892, 0.062398468418, 0.022099585465],
      [0.0035659890854, 0.70715674205, 0.10986188702, 0.12867353696, 0.050741844889],
      [0.23868231141, 0.17291897663, 0.1027931695, 0.26131346219, 0.22429208027]
    ],
    [
      [0.016897262124, 0.0083485596718, 0.0076604600951, 0.88337810569, 0.083715612421],
      [0.0056345979011, 0.022281570411, 0.75984800835, 0.15191583265, 0.060319990687],
      [0.0055716178144, 0.63308173331, 0.061536747399, 0.20546658519, 0.094343316288],
      [0.26368114897, 0.10760641709, 0.040536634012, 0.29330069089, 0.29487510904]
    ],
    [
      [0.0093162732142, 0.012484969298, 0.00044685792054, 0.90818908481, 0.069562814758],
      [0.0028543636629, 0.025487825938, 0.82247822734, 0.11127414191, 0.037905441153],
      [0.0018370589871, 0.78997065556, 0.045086599374, 0.12240839507, 0.040697291004],
      [0.16286286095, 0.18969632306, 0.055950321736, 0.34117612236, 0.2503143719]
    ],
    [
      [0, 0, 0.00085917148294, 0.92595543309, 0.073185395427],
      [0, 0.0032157785325, 0.76245986799, 0.17961988502, 0.054704468457],
      [0, 0.30073355724, 0.077947995035, 0.46967972339, 0.15163872434],
      [0, 0.039252328545, 0.087106688643, 0.49706642896, 0.37657455385]
    ],
    [
      [0.022919872627, 0.011030549852, 0.010263021802, 0.89056957879, 0.065216976926],
      [0.0052626478094, 0.020531448243, 0.84722274378, 0.097454072973, 0.029529087191],
      [0.0059442054583, 0.70078681266, 0.081779829679, 0.15826675255, 0.053222399653],
      [0.33234231949, 0.14082834608, 0.063627660112, 0.26729097868, 0.19591069564]
    ],
    [
      [0.077634977437, 0.015554225487, 0.013427680524, 0.89338311655, 0],
      [0.0097903003976, 0.015964923752, 0.93692423747, 0.037320538386, 0],
      [0.0097396897199, 0.91649653305, 0.030390294615, 0.043373482614, 0],
      [0.99997069644, 5.781466017e-06, 2.6146962018e-06, 1.993890087e-05, 9.6849375302e-07]
    ],
    [
      [0.017104379693, 0.0026508662229, 0.010333412019, 0.91359415391, 0.056317188158],
      [0.0054406808029, 0.0053389049812, 0.8921283284, 0.074837322119, 0.022254763693],
      [0.0069555914138, 0.51207840297, 0.15849871523, 0.25178157988, 0.070685710503],
      [0.27496866384, 0.077261404941, 0.097177453161, 0.3418211179, 0.20877136017]
    ],
    [
      [0.022244910334, 0.010045218877, 0.011361237596, 0.89241823955, 0.063930393645],
      [0.0048163771066, 0.018234235726, 0.85267036635, 0.096116500526, 0.028162520287],
      [0.0062858589714, 0.67250487924, 0.092290794388, 0.17203121071, 0.056887256694],
      [0.33046273724, 0.13029782542, 0.067930413876, 0.27392946353, 0.19737955994]
    ],
    [
      [0.017171008924, 0.011279960062, 0.016220138764, 0.92316710818, 0.032161784067],
      [0.0037658363084, 0.015661501831, 0.88983075859, 0.082079868691, 0.0086620345757],
      [0.0044463528538, 0.67853871402, 0.11295203449, 0.17026651006, 0.033796388573],
      [0.2744512633, 0.1542748281, 0.10026116507, 0.32748359336, 0.14352915017]
    ],
    [
      [0.024052732806, 0.0087067125123, 0.01250759469, 0.87493802832, 0.079794931672],
      [0.0048218610158, 0.015152207243, 0.85549389601, 0.090981890284, 0.033550145449],
      [0.0074449935902, 0.62662095628, 0.10539693996, 0.18275146536, 0.077785644809],
      [0.33995738403, 0.10613223525, 0.06740374058, 0.25236333295, 0.23414330719]
    ],
    [
      [0.02411888966, 0.011630149202, 0.010015492756, 0.87886808235, 0.075367386037],
      [0.0059155030025, 0.025333754601, 0.81909935571, 0.11106319497, 0.038588191717],
      [0.0061327579564, 0.71463244302, 0.068146276815, 0.15101924674, 0.060069275476],
      [0.33629080493, 0.14474684083, 0.052243007778, 0.24996378002, 0.21675556644]
    ]
  ],
  "expected_outcome": [
    [
      [0.85667919776, 0.8175726615, 3.0889664991, 0, 0.49485135657, 1.8326993799, 8.211421417, 19.1166327934, 26.8555419362, 0.59275282963, 16.7188509805, 0, 0, 1.509141773, 0.89210768513, 0.02423429472, 1.8325114098, 2.171308144, 0.67541309292, 0.32706957182, 0, 0, 0, 1, 0.26396526147, 3.9544069569, 0.14439157981, 2.6735272118, 10.4336938429, 5.3840734595, 3.9366077177, 0.96606913154, 10.714339026, 0, 7.6674770007, 2.4345767385, 10.8261595013, 6.8148458794, 5.1573184378, 2.0147817487, 9.6584212308, 1.6183818647, 4.3429300989, 12.4262527924, 9.0010291654, 5.4391694865, 7.6882542664, 0.28880446964, 0, 4.492295035, 0.93161972925, 0.56444452987, 8.4085761063, 2.5584803296, 42.717653463, 34.7070822208],
      [0.49867270435, 0.29018546001, 2.0739979801, 0, 0.24734415033, 0.85450304685, 1.3209856626, 6.8227073651, 17.6145966989, 2.9796659069, 8.5568048269, 0.22902191693, 0.34339989991, 0.055470404636, 0.52106485819, 0, 1.1983680909, 1.0435750325, 1.709648462, 0.38888500914, 0.18655203838, 0.052062088791, 0.12684008369, 0, 0.36520698994, 0.48609115134, 0.094981661026, 1.309371199, 6.576906297, 1.4763378379, 4.0365254977, 0.24567346151, 3.4812407615, 1.2900966766, 6.4223304493, 0.26578618367, 4.6429701767, 1.8232008425, 1.8027118319, 0.18008343225, 4.8602586952, 0.89607623588, 2.2330405439, 3.1169547343, 4.5252102469, 4.4839621422, 3.7985946507, 0.38703404825, 0, 2.161987771, 0.18665070584, 0.087478585356, 3.7970927355, 1.6807140493, 15.4631214218, 16.7357847015],
      [0.88036131749, 0.51097369613, 4.1493688476, 0.67842911774, 0, 1.5913618835, 4.9135847966, 13.2118507431, 19.9208646734, 3.1526133026, 8.624186952, 0.033034540589, 0.59437986999, 0.17416851943, 0.54168713684, 0.092423817722, 1.7980579016, 1.1356412051, 1.7129512903, 0.56465914653, 0.32119005647, 0.080458827839, 0.14003703427, 0.16214333222, 1.4373766761, 3.0144580725, 0.18740589184, 1.9664068887, 10.4945733146, 4.9020359363, 0.38962380286, 0.67291125615, 2.603793154, 2.3965704361, 4.0279307947, 1.7098139089, 4.8990051882, 2.8138849121, 1.8736513076, 1.1009085896, 5.5933514216, 0.5396161596, 1.2884086686, 2.8848460926, 2.8825687753, 6.3388708074, 3.4855093433, 0.013852595537, 0.017183429659, 2.0115522731, 0.16113216629, 0.34100259663, 4.2945478113, 2.4168006758, 22.2134881693, 14.4122940758],
      [23.5701724459, 29.6132477241, 263.2619498868, 11.0566464157, 19.6477286621, 73.9881420049, 253.5190644331, 934.7572883177, 1599.7374388592, 187.7693857601, 963.1982111204, 6.6206705945, 1.2542939573, 50.8810908945, 23.1760331781, 2.8833418876, 164.3408215809, 81.7006226559, 55.4731132053, 52.1986989143, 7.8803699203, 5.8674790834, 8.1321515006, 2.8633821383, 30.9334510725, 168.4089598377, 26.9888479894, 75.71924516, 599.1744442709, 285.1248001346, 267.5389075489, 29.3131969795, 353.0011169424, 0.45383277589, 507.9599741905, 120.6678138387, 348.2210214205, 289.7332991198, 218.9908770751, 83.2923892209, 485.5923928426, 82.9920322859, 124.4106289635, 405.1164309687, 382.0945286292, 288.0872075401, 401.9370380879, 28.1538616291, 18.5191086618, 174.5516374435, 10.7205973986, 30.1486070789, 337.3340945492, 137.5518991192, 1553.889938297, 1264.691170495],
      [0.19411433449, 1.7680204582, 17.4257167864, 2.2649244666, 2.610075831, 8.7332936849, 23.0349436907, 66.0915207807, 98.8715578323, 9.5055822008, 71.9019461202, 1.117272948, 1.8079262728, 5.3801284085, 1.8691071417, 0, 7.8302410169, 6.9488529625, 2.4288739495, 3.5206873582, 0.61188798489, 0, 0.60097138147, 0.97447452945, 0, 13.1360839816, 2.584372878, 3.3314495405, 40.3203822746, 22.1127526316, 22.0983354329, 3.8021491713, 21.1995101161, 4.8595001114, 25.9222875648, 6.9220093303, 29.4108437133, 13.8147692462, 16.1754413477, 9.4118370086, 42.2955758098, 5.9538934539, 13.7249917251, 31.455515412, 26.4966631832, 24.6507900239, 38.0906036518, 2.1564472575, 1.4637079085, 12.7825274774, 0, 1.8584672092, 24.1656887978, 4.792105826, 141.7157986489, 108.4536685068]
    ],
    [
      [0, 0.048828219074, 0.17070539099, 0, 0.086688876194, 0.26380827154, 1.1035183564, 2.8605188206, 3.1095536593, 0, 0.92225518744, 0, 0, 0.12548898385, 0.079271386751, 0, 0.19675391785, 0.21243672115, 0.062769921031, 0.010266856527, 0, 0, 0, 0, 0, 0.59693085147, 0.0026602427323, 0.056082179875, 2.0620452137, 0.71321101907, 0.13231793537, 0.38644905507, 0.82984095309, 0, 0.59149983477, 0.098570670378, 2.6185913005, 1.0507589212, 0.60902689983, 0.35980424278, 1.4383934875, 0.27512902643, 0.68584034491, 1.1337136985, 0.74631143053, 0.34004403461, 0.58599818171, 0.054232909595, 0, 0.6736189196, 0.039161201591, 0.15233906248, 1.2426252935, 0.38788113976, 3.5488897076, 3.5907103225],
      [0.080163236304, 0.17245828181, 1.146719143, 0, 0.085083917678, 0.67339582199, 1.9537290325, 8.8820407599, 17.9314506793, 1.9980493801, 3.9325833829, 0.024966526608, 0, 0.16866937451, 0.28044422599, 0, 1.1665487798, 0.78364880458, 1.0733099952, 0.53807696626, 0.081703910288, 0.0045977405661, 0.22010031836, 0, 0, 0.79126588397, 0.13513727378, 0.21455544196, 11.9650885595, 1.7766838971, 1.1594376155, 2.0592296686, 2.0856634211, 1.0091595795, 4.6497652763, 0.17105107493, 10.9002314159, 2.3418453888, 1.7516354362, 0.391274251, 5.9271427663, 1.1593354706, 3.2288622669, 2.1853224039, 3.181358097, 2.3598200267, 2.3172833227, 0.48426869282, 0.019294671195, 2.6280253752, 0.063859695006, 0.14948933947, 4.7044328172, 1.6131346886, 11.1520245307, 15.3775890425],
      [15.2218480664, 17.3160082268, 95.6124667662, 2.2326074968, 2.9173197777, 53.9424829762, 232.2928809462, 645.3295014442, 798.9560096113, 75.0394335103, 161.9856711908, 1.9017127545, 6.3090355523, 3.7388267417, 13.771280001, 1.9687894691, 76.8388991755, 37.4500472573, 30.8072760629, 34.6446195842, 1.6270795695, 2.9051699668, 18.3757793185, 11.8378566678, 39.9377739027, 124.53206657, 17.9844593677, 14.8458796613, 714.9212650602, 197.5112683213, 16.6238547854, 20.0980713512, 69.216059592, 9.562260013, 95.584598516, 26.8298121517, 458.820105596, 119.9093009283, 73.8430170391, 49.6764809404, 279.0598068804, 38.2167540348, 64.67732517, 66.8794732716, 88.3688052314, 127.3014122873, 79.0241928689, 15.6270863194, 4.5747592079, 108.4445112042, 3.7476969499, 24.9795931953, 219.9889545195, 91.6525681352, 629.643507462, 497.1933089142],
      [0.69798869731, 1.1483844336, 8.7208479462, 0.68216379397, 0.56940466756, 3.4354429402, 19.3722941247, 69.074200158, 97.6522909904, 7.4647914471, 26.996128652, 0.034423739146, 0.69096444773, 3.2176403748, 0.59149337361, 0.031210530931, 9.8877200368, 3.3450755241, 1.7828955256, 3.7197372337, 1.7162850446, 0.090232292628, 0.83391943089, 1.1366178617, 2.0622260973, 10.6004687771, 2.0426506139, 0.74499303911, 64.5916269776, 17.420141867, 4.5687434152, 4.2380396939, 13.5557845031, 0.42858040749, 19.9326705582, 2.350702227, 48.7102261922, 22.3051856114, 12.9132417532, 5.949100941, 35.9064565571, 6.4363330398, 9.9594036657, 18.0991396614, 16.1655399045, 8.8605825154, 15.7992465953, 2.1142086963, 1.0777193101, 12.4741213406, 0.14928215354, 2.0954450193, 24.7980571357, 8.4542264752, 66.9626712489, 67.4153593486],
      [0, 0.31432083879, 2.3492607536, 1.0852287092, 0.34150276087, 1.68486999, 7.2775775401, 19.8537388173, 24.3506950596, 1.4977256625, 8.1633615869, 0.038896979728, 0, 1.7493745252, 0.27751101269, 0, 1.9100780901, 1.2087916929, 0.27374849518, 1.0872993593, 0.57493147559, 0, 0.57020093229, 1.0255254706, 0, 3.4792679175, 0.83509250192, 0.1384896778, 17.4599741891, 5.5786948955, 1.5156462484, 2.2182102312, 3.3126515307, 0, 4.2414658147, 0.54986387595, 16.9508454955, 4.3929091502, 3.8830788718, 2.6233396248, 12.6682003088, 1.9124484283, 4.4485685525, 5.7023509647, 4.5379853366, 3.138141136, 6.2732790314, 0.7202033819, 0.32822681074, 3.7797231604, 0, 0.62313338341, 7.265930234, 0.8921895613, 24.6929070508, 23.4230323722]
    ],
    [
      [0.036445563262, 0.0090230720907, 0.092478282529, 0, 0.0079289829056, 0.030554665603, 0.29506952457, 0.77275517795, 1.3421446012, 0.027629130758, 0.43765311971, 0, 0, 0.0085574169922, 0.018344372495, 0.040024151165, 0.074229300038, 0.11501798089, 0.005301901561, 0.038434875546, 0, 0, 0, 0, 0.01944711046, 0.10951700097, 0.0090888237047, 0.043765379466, 0.49025617758, 0.23211924611, 0.063652415275, 0.010788011481, 0.33179526203, 0, 0.091678769535, 0.14251227239, 0.82964767454, 0.33950806138, 0.22894167659, 0.10669406997, 0.34357016521, 0.057607349978, 0.16341298574, 0.33394558817, 0.31181005469, 0.1961293997, 0.13371882755, 0.0055111769613, 0, 0.19615878012, 0.02921906916, 0.083467096966, 0.54686973051, 0.075587998514, 0.78172432697, 0.59487752177],
      [2.5207020699, 0.59786612484, 13.4207172007, 0, 1.4914257214, 3.7366440668, 15.6387647581, 70.8850619775, 203.7330093771, 27.6590192945, 51.3004833558, 0, 0.64124138582, 0.44431492746, 3.2873100027, 1.8447606475, 10.7139491243, 14.9893851446, 5.3741632256, 15.5020037118, 0.69516883998, 0, 0.82057849118, 0, 5.6645201537, 7.0598352158, 1.4065498603, 6.0062868423, 71.5708478151, 20.3351652218, 16.2729839519, 3.6083598932, 22.5715729575, 0.6498383915, 20.5831979399, 8.8370661198, 83.3000836578, 22.0269975855, 19.3344743543, 5.9427319879, 40.3028005634, 8.4163035297, 22.7738874037, 17.6435843156, 37.5870313986, 38.8936208126, 15.1939615994, 2.3699119667, 0.90220067172, 23.1259648177, 2.7494895992, 6.1449408356, 58.5079244936, 11.5351581384, 65.7952004092, 69.3193469727],
      [0.73667944987, 0.14505591996, 3.1704038108, 0.075707779404, 0.045586344714, 0.80238921696, 4.4267928982, 14.8448275332, 27.183347292, 2.7446477797, 6.2301013333, 0, 0.069304647291, 0.018454316459, 0.28777048276, 0.62674506468, 1.9745347219, 1.8348868003, 0.27665806483, 2.4335604314, 0.042230599035, 0, 0.07519046087, 0, 1.8224087452, 2.3161928165, 0.3843249616, 0.88464397651, 12.8387092331, 5.8346689577, 0.60910775809, 0.058275250105, 2.1353061713, 0.91438647378, 1.189833253, 3.3743723654, 10.4858733398, 3.2503112851, 2.307104793, 1.6746995999, 5.6221885178, 0.71421954766, 1.2335940477, 1.5413844567, 3.002186799, 6.0424037863, 1.4768819376, 0.13525979812, 0.23384398511, 2.6987343794, 0.091170883846, 1.9019845828, 8.0292991118, 1.9201845863, 11.0666786961, 6.6101888511],
      [0.61303671517, 0.19453967876, 4.8444204266, 0.18135625349, 0.26760526817, 0.9157326609, 6.0931797323, 26.0090678696, 54.1239846514, 4.4845950836, 17.1314066362, 0, 0.030742979621, 0.32270700252, 0.2959688883, 0.48847013666, 4.2588835508, 2.9237970337, 0.28153831038, 4.6083503373, 0.92075437665, 0, 0.076300802119, 0, 1.4936239907, 3.3280165436, 0.82594065901, 0.86872426711, 19.1114715625, 8.5508540124, 2.9410031539, 0.19648744413, 7.0055542836, 0.10203957741, 4.1230206798, 5.2608431823, 18.2631993577, 10.0655553725, 6.8213309586, 3.3588547188, 11.8931949815, 2.1231639192, 3.1706562346, 6.9761480267, 9.1734612326, 7.0770445326, 4.9311980446, 0.36722518521, 1.4090391702, 5.2228028342, 0.13012044784, 3.0213789586, 14.9667153317, 2.8945306711, 19.1889038627, 14.6488669333],
      [0.093136201752, 0.053515204354, 1.4719802794, 0.7429359671, 0.18745368277, 0.51467938971, 2.5461930868, 8.4882874417, 15.6175140783, 1.0841087114, 5.9003555549, 0, 0.25871098727, 0.20596633657, 0.1106062537, 0, 0.97840330302, 1.1369130405, 0.062338497634, 1.417650644, 0.34184618434, 0, 0.027930245828, 0, 0, 1.1864384232, 0.37409569539, 0.19657953459, 5.9887152117, 3.047192562, 1.1132527208, 0.12608940105, 1.9557713256, 3.3337355573, 1.0122693578, 1.3852060601, 7.1211959702, 2.3176276955, 2.3081482175, 1.9170196235, 4.8382457721, 0.68870565347, 1.6584493282, 2.5049376129, 2.9255105151, 2.7908014689, 2.2642395909, 0.12209187301, 0.45491617302, 1.7563391885, 0, 0.84822852603, 4.9491913323, 0.57453860574, 8.167492705, 5.8267197211]
    ],
    [
      [5.106875239, 5.1245760473, 6.6478498274, 0, 0.41053078433, 1.872937683, 16.389990702, 39.250093208, 56.6927598033, 3.3796180396, 25.9212407124, 0, 0, 2.3568118262, 2.0102765556, 0.93574155411, 3.8965053724, 2.501237154, 0.25651508449, 0.62422869611, 0, 0, 0, 0, 0.71658762807, 7.3391451907, 0.84385935375, 1.2266252288, 24.0140047659, 10.6705962754, 2.8674219316, 1.6366938019, 12.1240247589, 0, 6.649344395, 3.3243403187, 33.7256015237, 7.794887138, 7.0047129858, 2.5187199385, 20.5596151165, 3.0488817588, 7.8078165704, 11.106087921, 12.9408493494, 10.0246570792, 6.5920287243, 0.6514514438, 0, 9.6379272653, 0, 2.1997493107, 22.8019288697, 10.9780505321, 65.9517325024, 50.1073299349],
      [0.9004619894, 0.93949013335, 3.3585656762, 0, 0.17614621056, 0.73545706433, 3.0865205468, 13.4101898975, 31.7209432447, 5.3632654185, 11.2101284344, 0.74601155646, 0.015358714276, 0.3315452934, 0.91118091307, 0.1552393525, 1.9211340051, 1.1833910183, 0.84287831719, 0.57103431283, 0.036575211346, 0.94334017064, 0.83248110677, 0, 0.97027285636, 1.6628077489, 0.36333120489, 0.46978651671, 12.8871573284, 3.4118130431, 2.5310529349, 2.0867369767, 2.8615228599, 0.050905352353, 5.3447063345, 0.72609662156, 12.1567147496, 1.8079561831, 2.1111783777, 0.48591032883, 8.9097979751, 1.5282847638, 3.7642097855, 2.0541385462, 5.7064002575, 7.2625970186, 2.6901604272, 0.75878529224, 0.078504657089, 4.0840220362, 0, 0.61809123953, 8.9905499537, 6.1709931238, 20.5896536382, 21.5672792832],
      [1.1611111663, 1.0279621571, 3.0677605753, 0.013255606061, 0.037093877587, 0.66376592327, 3.3667413589, 10.6138202795, 15.9397784233, 2.0633054074, 5.1600405238, 0.065252704894, 0.027279930448, 0.068550422428, 0.39926237944, 0.31204164853, 1.388508201, 0.57942473734, 0.20311458194, 0.35716083788, 0.0094997749914, 0.014371205355, 0.4089931864, 0, 0.80244067611, 2.1372825411, 0.44380977888, 0.30306947358, 8.7454523921, 3.7520267847, 0.37741365362, 0.17074214251, 1.0448410827, 0.12678307713, 1.1976374363, 1.0860015741, 5.795015876, 1.0265028744, 0.97622686029, 0.54791087014, 4.7246531802, 0.52941025792, 0.80067211364, 0.69429617918, 1.7464391942, 4.3173131191, 1.0134158503, 0.22380128694, 0.17421337729, 1.8452021433, 0, 0.77741962529, 4.6871985575, 4.0104466026, 13.0763256726, 7.7842081589],
      [2.1188021416, 3.0438281636, 10.1727817404, 0.079833536869, 0.5152614022, 1.660682394, 10.0154617099, 40.1594436547, 68.486285499, 7.2812277091, 30.6742535914, 0.34490566635, 0.023998615358, 2.5785617281, 0.93650455999, 0.59697744485, 6.5125748316, 2.0305047863, 0.4624529587, 1.4732135147, 0.48259065848, 0.042288624002, 0.95762826642, 0, 1.5106988395, 6.6625548416, 2.1425607377, 0.66703753378, 28.1224571889, 11.904203986, 3.951345882, 1.2522758824, 7.4375442709, 0.01554723921, 8.9843345715, 3.7206407519, 21.8055530296, 6.8959598963, 6.2745502132, 2.3996551193, 21.6079556188, 3.4484707551, 4.4593111362, 6.8082813432, 11.5664702337, 10.975165412, 7.3325172723, 1.3647044894, 0.99413285792, 7.7514383817, 0, 2.7345689432, 18.9011329833, 13.0993437345, 48.9584865914, 37.2446032231],
      [0.71274946376, 1.8641434986, 6.7530421807, 0.90691085707, 0.86096772532, 2.0671569354, 9.1412856823, 28.5664529604, 43.1602330298, 3.9125834253, 23.034336738, 0.8438300723, 0.93336273992, 3.6645307298, 0.74277559187, 0, 3.28127759, 1.7054423041, 0.23503905768, 0.97436263847, 0.47133435519, 0, 0.80089744041, 0, 0, 5.1982096776, 2.2064389247, 0.33348124713, 19.2309283246, 9.2613599108, 3.2727655979, 1.8535511965, 4.5320670276, 1.8067643313, 4.8239772626, 2.1429207337, 18.517114821, 3.4746939082, 4.6333315631, 3.0478037432, 19.1979781094, 2.4449524643, 5.1679903942, 5.3371960104, 8.0398409651, 9.4202673712, 7.3718777259, 1.0012574876, 0.75314910771, 5.6814101736, 0, 1.6701708813, 13.6191896359, 5.7411660069, 45.4238015953, 32.2965793999]
    ]
  ],
  "prob": [
    [0.019539941234, 0.0093964946965, 0.011424392461, 0.89234322177, 0.067295949842],
    [0.0042880627133, 0.017617663103, 0.84770197804, 0.099872296751, 0.030519999395],
    [0.005830806531, 0.6538798487, 0.094823230775, 0.182046998, 0.063419115996],
    [0.30108583875, 0.12686189544, 0.069049694031, 0.28599485272, 0.21700771906]
  ],
  "iterations": 81,
  "time": 3.35167,
  "message": "Converged",
  "status": 0,
  "miniter": 0,
  "maxiter": 1000,
  "maxtime": 3600,
  "param_threshold": 0.001,
  "ll_threshold": "-Inf",
  "initial_prob": "random",
  "adjust_prob_cond_method": "project_lp",
  "adjust_prob_cond_every": true,
  "candidates_id": ["TUIONO, Teanau.c", "HALL, John Harold.c", "BUNGARD, Katrina.c", "WALL, Louisa Hareruia.c", "Other candidates votes.c"],
  "group_id": ["Labour Party.p", "National Party.p", "New Zealand First Party.p", "Other parties votes.p"]
}
