{
  "Z_true": {},
  "V_true": [
    [20, 424, 523, 579],
    [866, 2035, 180, 58],
    [222, 6244, 100, 151],
    [241, 3844, 15984, 477],
    [93, 1854, 303, 753],
    [64, 356, 173, 168]
  ],
  "p_true": [
    [0.0129, 0.2743, 0.3383, 0.3745],
    [0.2759, 0.6483, 0.0573, 0.0185],
    [0.0331, 0.9296, 0.0149, 0.0225],
    [0.0117, 0.1871, 0.778, 0.0232],
    [0.031, 0.6174, 0.1009, 0.2507],
    [0.0841, 0.4678, 0.2273, 0.2208]
  ],
  "Z_est": [
    [
      [0, 0.5714, 0.7933, 0.1632, 0.3228, 0.0444, 0.0713, 0.1627, 0.358, 0.4384, 0.5963, 0.4169, 0.5047, 0.7109, 0, 0, 0, 0.4044, 0.02, 2.71, 0.9747, 0.0086, 0, 0.1919, 0.0237, 0, 0.3937, 0.4096, 1.4524, 1.5499, 0.383, 1.2029, 0.1034, 0.0564, 0.0537, 0.143, 0.7272, 0.1173, 0.1092, 0.447, 0.4182, 0.5156, 0, 5.9135, 0.4024, 1.8516, 0.0583],
      [0, 2.9371, 6.2256, 0.19, 1.6843, 0.6006, 0.1308, 2.2036, 3.4198, 2.3391, 3.285, 4.0167, 7.3948, 9.1388, 0, 0, 0, 3.2904, 0.1313, 12.8291, 7.1844, 0.1683, 0, 0.1479, 0.413, 0, 3.8857, 7.4321, 10.303, 12.7119, 4.0386, 9.2464, 1.2321, 0.4122, 1.1439, 1.6155, 5.1343, 1.2113, 0.9073, 3.7613, 3.0791, 4.8091, 0.1298, 58.9151, 2.6271, 8.5437, 0.3451],
      [0, 11.8853, 24.9174, 0.8868, 9.4379, 0.8038, 0.4492, 11.7217, 10.5207, 8.1098, 10.1507, 8.726, 10.6085, 15.8471, 0, 0, 0, 17.0405, 0.406, 50.8431, 20.678, 0.6969, 0, 0.2937, 1.3124, 0, 16.3457, 19.5164, 31.9461, 34.6002, 12.2869, 27.8391, 3.7416, 0.5314, 6.1524, 7.9628, 18.3129, 3.0497, 4.7557, 7.479, 10.33, 13.7573, 0.0845, 205.1883, 10.7672, 30.1213, 2.1302],
      [0, 7.6062, 21.0637, 0.7601, 6.555, 1.5512, 0.3487, 5.912, 8.7016, 2.1127, 11.968, 11.8403, 10.492, 16.3032, 0, 0, 0, 8.2647, 0.4427, 47.6178, 16.1629, 1.1263, 0, 0.3665, 1.2509, 0, 7.3749, 19.642, 42.2985, 43.138, 15.2916, 25.7116, 6.9229, 0, 1.6499, 3.2787, 9.8256, 4.6217, 5.2277, 5.3128, 13.1727, 17.918, 0.7857, 172.983, 10.2033, 41.4834, 1.4664]
    ],
    [
      [0.4174, 23.9929, 31.5398, 3.5766, 15.1975, 3.2813, 1.8675, 12.1756, 30.4138, 12.8897, 22.0714, 28.4742, 26.0929, 43.4002, 0, 2.8105, 0.885, 25.7205, 2.5301, 88.1931, 47.0585, 1.7823, 6.7091, 2.6134, 2.2338, 0, 17.8209, 22.0607, 42.6992, 53.2958, 21.1451, 18.0838, 2.4658, 0.7903, 1.4941, 6.0465, 21.9474, 12.1736, 5.0214, 29.7642, 18.9404, 41.0485, 0, 234.0461, 29.0453, 126.5412, 23.7841],
      [0.1002, 15.3719, 32.0033, 1.7342, 10.6139, 4.3366, 0.6308, 20.683, 32.1393, 8.978, 13.663, 47.0849, 52.1391, 75.9468, 1.4137, 0.111, 1.48, 27.1455, 1.5355, 61.7804, 44.4774, 4.2556, 0.7963, 0.2802, 5.081, 0, 22.693, 51.3029, 40.2577, 57.81, 28.1869, 21.3596, 4.0742, 1.8849, 3.7922, 8.5614, 20.5584, 14.5905, 5.3665, 29.6453, 17.7715, 56.3198, 0, 303.8121, 26.1287, 79.4442, 24.0113],
      [0.4824, 7.8436, 15.6695, 1.4305, 7.4427, 0.8162, 0.4234, 13.6732, 14.2508, 4.0047, 6.7956, 10.7357, 9.6527, 16.9096, 0.3033, 0.0067, 0.8481, 18.1257, 0.6797, 29.2776, 16.995, 1.8741, 0.4946, 0.0618, 2.0683, 0, 12.5842, 17.6304, 15.9237, 20.3558, 10.915, 7.3518, 1.6065, 0.3247, 2.4747, 5.6254, 9.8127, 4.634, 3.3837, 7.6881, 7.9119, 19.4093, 0, 137.4352, 13.601, 35.8214, 12.3979],
      [0, 1.7916, 4.7875, 0.2587, 1.7459, 0.5659, 0.0783, 2.4683, 4.1961, 0.1276, 2.47, 4.7051, 3.1152, 5.7435, 0.283, 0.0718, 0.7869, 3.0082, 0.2547, 8.7489, 4.4691, 1.088, 0, 0.0447, 0.6169, 0, 1.9019, 6.006, 7.1194, 8.5384, 4.753, 2.2048, 0.8534, 0, 0.2391, 0.7667, 1.6815, 2.6018, 1.2284, 1.9024, 3.3762, 8.2224, 0, 39.7066, 4.2251, 16.1932, 2.8067]
    ],
    [
      [0, 0.3428, 0.4067, 0.032, 0.1392, 0.0317, 0.0052, 0.0405, 0.0653, 0.3199, 0.1101, 0.4155, 0.3229, 0.4073, 0, 0.0455, 0.0106, 0.0903, 0.0148, 0.4818, 0.3784, 0.0021, 0.115, 0.0269, 0.0084, 0, 0.1281, 0.0557, 0.4141, 0.5027, 0.1116, 0.1907, 0.0387, 0.0052, 0.0068, 0.0437, 0.1172, 0.0588, 0.0193, 0.1805, 0.1306, 0.2773, 0, 2.2363, 0.2623, 0.8201, 0.1201],
      [0, 150.2089, 250.183, 11.4604, 59.4728, 12.0528, 2.7733, 47.533, 51.6151, 38.9998, 43.5811, 319.5943, 255.5251, 321.4545, 3.5734, 4.6033, 10.0992, 57.9949, 8.0977, 220.4747, 221.0731, 8.5897, 5.5692, 3.7295, 21.9813, 0.8435, 94.8054, 188.7988, 232.2992, 321.5347, 92.4044, 133.018, 32.6968, 0.9836, 19.2201, 35.5689, 66.921, 37.6999, 11.9945, 79.4292, 72.7448, 230.8742, 0, 1816.261, 140.147, 329.457, 50.1987],
      [0, 6.1675, 10.6399, 0.6866, 3.7025, 0.1739, 0.071, 2.7093, 1.0631, 1.4072, 1.4831, 6.4537, 4.913, 6.4432, 0.0828, 0.0395, 0.4394, 2.8142, 0.2358, 9.0054, 6.8093, 0.39, 0.3158, 0.0605, 0.7072, 0.044, 4.2473, 5.4033, 7.5779, 9.0426, 3.0586, 4.2439, 0.9514, 0.0112, 1.2003, 1.8565, 2.3124, 1.1312, 0.6892, 2.0761, 2.4542, 6.5863, 0, 67.0755, 5.6086, 12.3006, 4.0561],
      [0, 8.2807, 17.7704, 0.821, 4.6855, 0.7417, 0.1505, 2.7173, 3.2566, 0.2731, 3.8257, 15.5365, 7.239, 11.695, 0.3438, 0.3116, 1.4508, 3.1006, 0.6517, 15.0381, 10.7392, 1.0182, 0, 0.1832, 1.3031, 0.1126, 3.8192, 10.7421, 19.7088, 22.92, 7.4255, 6.5473, 3.3131, 0, 0.5729, 1.5309, 2.6495, 3.11, 1.297, 2.3142, 6.6704, 16.2622, 0, 114.4272, 10.982, 32.4223, 2.6251]
    ],
    [
      [0.0256, 1.5824, 2.7336, 0.218, 1.5485, 0.1626, 0.0449, 0.286, 1.1681, 0.4312, 1.9552, 1.9053, 2.4655, 2.8783, 0, 0.3125, 0.0703, 1.5284, 0.064, 3.0678, 2.1922, 0.0179, 0.293, 0.1328, 0.0518, 0, 1.1472, 0.5714, 2.9481, 3.2844, 0.797, 1.6622, 0.1567, 0.1381, 0.0712, 0.4057, 1.6015, 0.3979, 0.2202, 0.9424, 1.1942, 1.9251, 0, 14.184, 1.3904, 5.9714, 0.644],
      [0.0799, 75.5004, 178.2129, 7.1678, 62.9013, 9.1757, 2.7635, 56.1122, 78.1101, 40.6602, 87.6641, 181.4501, 242.5848, 267.7137, 0.4223, 3.4421, 5.6891, 88.7962, 3.413, 161.9158, 138.261, 7.068, 5.5093, 2.2663, 16.4767, 0.5059, 84.5705, 179.7631, 178.5108, 226.6993, 72.0016, 125.058, 15.362, 1.8425, 26.7369, 30.065, 93.5466, 29.1083, 11.3648, 55.6861, 68.8362, 173.4514, 0.1433, 1255.6456, 77.7744, 269.3425, 32.7503],
      [10.8944, 311.3449, 720.995, 44.7552, 377.5802, 14.8711, 11.8845, 308.8755, 284.2173, 142.5937, 317.9193, 323.7863, 356.1338, 468.1211, 1.4972, 6.8573, 30.2225, 475.5885, 13.0376, 596.6837, 407.3555, 28.8897, 31.1977, 5.394, 52.149, 9.2924, 363.2151, 483.0896, 551.8282, 620.53, 222.9753, 346.4994, 45.8518, 4.0194, 146.685, 153.2122, 337.3673, 76.8257, 61.869, 114.9981, 236.3295, 464.3649, 0.8402, 4437.7718, 315.0245, 938.6672, 158.6142],
      [0, 4.5724, 14.0585, 0.859, 5.97, 0.7906, 0.307, 3.7264, 5.5045, 0.3149, 8.4614, 9.8583, 6.816, 10.2869, 0.0806, 0.3882, 1.0181, 5.0869, 0.4854, 12.3328, 7.1914, 1.0244, 0, 0.2069, 1.3225, 0.2017, 3.0672, 11.5759, 15.7129, 17.4863, 6.2261, 6.7804, 1.6294, 0, 0.5069, 1.3171, 3.4846, 2.6681, 1.5461, 1.3734, 6.6401, 13.2586, 0.0164, 86.3986, 6.8106, 27.0189, 1.9914]
    ],
    [
      [0.27, 0.2876, 0.3538, 0.0103, 0.1356, 0.0101, 0.011, 0.0395, 0.1766, 0.3104, 0.1095, 0.2997, 0.2202, 0.3331, 0, 0.0241, 0.0341, 0.0808, 0.0186, 0.5777, 0.2064, 0.0047, 0.1909, 0.035, 0.0066, 0, 0.1006, 0.1033, 0.4273, 0.4332, 0.0962, 0.1908, 0.0143, 0.0099, 0.0085, 0.0322, 0.1158, 0.0535, 0.014, 0.1263, 0.133, 0.3076, 0, 2.2679, 0.2068, 0.715, 0.0388],
      [1.7272, 46.5575, 87.1523, 1.4476, 23.0197, 3.2223, 0.7016, 16.8948, 44.6244, 13.7307, 16.3397, 108.9521, 92.2467, 125.4742, 1.5907, 0.769, 1.7317, 20.4051, 3.619, 97.9585, 47.6052, 4.5262, 2.9638, 1.5762, 3.9067, 0.5208, 30.1072, 63.2626, 94.8598, 109.3327, 30.9906, 54.2548, 5.545, 0.8768, 5.4423, 10.9571, 25.5272, 15.2923, 3.8492, 28.3304, 29.1869, 98.7358, 0.6297, 698.5299, 43.3052, 107.3537, 10.7588],
      [2.0029, 10.0413, 18.2921, 0.241, 6.8028, 0.2391, 0.1719, 4.3673, 8.4924, 2.4556, 2.5192, 10.1652, 7.1023, 11.4117, 0.1167, 0.0762, 0.49, 4.4514, 0.5675, 18.8825, 6.6277, 0.9471, 0.8453, 0.19, 0.4214, 0.3146, 6.3641, 8.6166, 15.1818, 15.535, 4.9519, 8.1279, 0.8238, 0.1133, 1.084, 2.6822, 4.512, 2.1408, 0.9622, 3.1471, 5.2003, 13.5193, 0.0307, 126.7172, 9.0747, 19.3174, 2.6069],
      [0, 7.1136, 17.2018, 0.3012, 5.0419, 0.5285, 0.1155, 2.6984, 7.7066, 0.5033, 4.0316, 14.583, 7.4308, 12.781, 0.2926, 0.1307, 0.7443, 3.0628, 0.7949, 18.5813, 6.5608, 1.522, 0, 0.1988, 0.6653, 0.1646, 3.4281, 10.0175, 22.5311, 21.6991, 6.9613, 7.4266, 1.6169, 0, 0.4652, 1.3285, 2.845, 3.5134, 1.1746, 2.3962, 7.4798, 19.4373, 0.3395, 122.485, 9.4134, 29.6139, 1.5954]
    ],
    [
      [0.287, 5.223, 7.1729, 0, 4.6564, 0.4699, 0, 1.2958, 2.8184, 2.6103, 2.1574, 7.4883, 4.3937, 8.2702, 0, 0.8074, 0, 3.1756, 0.3524, 15.9696, 11.1899, 0.1843, 1.692, 0, 0.6757, 0, 4.4096, 2.7993, 10.059, 12.934, 3.4672, 4.6697, 0.221, 0, 0.3657, 2.3289, 3.4909, 1.1988, 0.616, 7.5396, 5.1837, 6.9259, 0, 52.3522, 4.6928, 27.1006, 1.3545],
      [0.0927, 2.4241, 5.2229, 0, 2.308, 0.6119, 0, 1.5735, 2.0913, 1.2922, 0.4672, 8.9018, 6.1095, 10.2721, 0, 0.0746, 0, 2.3679, 0.2036, 8.0416, 7.399, 0.3922, 0.1614, 0, 1.1412, 0.1298, 3.9381, 4.4405, 6.7695, 9.9114, 3.3779, 4.0632, 0.0898, 0, 0.6646, 2.2321, 2.3126, 1.0977, 0.5177, 5.1478, 3.3814, 6.8097, 0.0971, 47.8362, 3.0176, 11.8588, 0.9357],
      [0.6203, 0.7174, 1.4861, 0, 1.0339, 0.096, 0, 0.653, 0.4557, 0.429, 0.1321, 1.1331, 0.5897, 1.2672, 0, 0.0202, 0, 0.9797, 0.0734, 2.3077, 1.5346, 0.2023, 0.1466, 0, 0.3418, 0.349, 1.2436, 0.7437, 1.5423, 1.9364, 0.8123, 0.9379, 0.0248, 0, 0.4036, 0.6609, 0.6826, 0.2185, 0.3402, 0.6117, 0.774, 1.3629, 0.0445, 11.8121, 0.924, 2.7721, 0.1947],
      [0, 3.6355, 10.1181, 0, 5.0017, 0.8222, 0, 2.4777, 3.6347, 0.6684, 2.2433, 11.4769, 4.9071, 10.1905, 0, 0.0977, 0, 3.4768, 0.3706, 14.6811, 9.8766, 1.2212, 0, 0, 1.8413, 0.5211, 4.4087, 7.0165, 15.6291, 19.2183, 7.3426, 5.3292, 0.6644, 0, 0.5661, 2.7781, 2.5138, 2.485, 1.5261, 4.701, 8.6609, 12.9015, 0.8584, 81.9995, 6.3656, 32.2684, 1.515]
    ]
  ],
  "V_est": [
    [25.796, 209.215, 682.2342, 628.7548],
    [1164.1414, 1281.3529, 527.7528, 165.7528],
    [9.5326, 6118.1409, 208.7412, 380.5853],
    [64.789, 4732.1217, 15432.7158, 316.3735],
    [9.141, 2236.3915, 368.9445, 388.5229],
    [232.5999, 179.778, 42.6116, 306.0106]
  ],
  "p_est": [
    [0.0167, 0.1353, 0.4413, 0.4067],
    [0.3709, 0.4082, 0.1681, 0.0528],
    [0.0014, 0.9108, 0.0311, 0.0567],
    [0.0032, 0.2303, 0.7511, 0.0154],
    [0.003, 0.7447, 0.1229, 0.1294],
    [0.3057, 0.2362, 0.056, 0.4021]
  ],
  "EI_Z": {},
  "EI_V": 8.26,
  "MAE_Z": {},
  "MAE_V": 245.8189,
  "MAE_p": 0.0854,
  "runtime": 0.781
}
