{
  "X": [
    [33, 48, 36, 123, 9],
    [31, 75, 52, 131, 15],
    [44, 139, 117, 219, 28],
    [23, 79, 58, 190, 18],
    [31, 71, 66, 151, 20],
    [50, 91, 89, 178, 16],
    [43, 105, 96, 136, 17],
    [35, 68, 81, 152, 10],
    [25, 88, 55, 163, 27],
    [14, 73, 43, 114, 12],
    [18, 81, 44, 112, 17],
    [34, 123, 81, 189, 19],
    [35, 120, 56, 174, 26],
    [30, 105, 125, 195, 23],
    [12, 108, 118, 148, 19],
    [10, 45, 63, 99, 8],
    [28, 94, 110, 149, 7],
    [39, 97, 90, 197, 15],
    [37, 91, 105, 193, 13],
    [24, 95, 101, 179, 6],
    [20, 80, 103, 152, 6],
    [22, 121, 67, 155, 20],
    [38, 98, 51, 163, 13],
    [37, 116, 61, 133, 20],
    [51, 114, 80, 130, 13],
    [29, 67, 87, 140, 11],
    [21, 69, 94, 136, 13],
    [29, 49, 76, 79, 13],
    [42, 43, 64, 94, 8],
    [24, 50, 42, 109, 17],
    [44, 38, 106, 148, 11],
    [35, 37, 163, 227, 21],
    [33, 37, 123, 138, 4],
    [13, 60, 122, 180, 12],
    [27, 23, 75, 111, 9],
    [19, 21, 88, 107, 4],
    [35, 22, 92, 151, 27],
    [29, 26, 99, 132, 9],
    [20, 47, 133, 151, 18],
    [20, 63, 90, 148, 15],
    [21, 79, 105, 194, 18],
    [18, 64, 101, 168, 13],
    [37, 57, 58, 182, 13],
    [30, 69, 70, 171, 16],
    [34, 54, 78, 126, 15],
    [24, 65, 92, 156, 9],
    [26, 60, 67, 124, 19],
    [46, 78, 118, 137, 14],
    [26, 67, 103, 156, 24],
    [15, 44, 83, 114, 11],
    [8, 53, 96, 73, 4],
    [28, 76, 69, 120, 7],
    [40, 81, 74, 137, 13],
    [28, 83, 53, 118, 11],
    [27, 94, 62, 139, 6],
    [10, 49, 97, 89, 7],
    [22, 86, 73, 101, 11],
    [20, 79, 62, 88, 18],
    [19, 65, 49, 109, 13],
    [19, 71, 50, 100, 7],
    [19, 76, 131, 123, 23],
    [15, 50, 76, 93, 11],
    [20, 60, 53, 67, 7],
    [21, 45, 52, 87, 9],
    [24, 54, 71, 116, 9],
    [7, 52, 89, 133, 12],
    [33, 97, 84, 140, 21],
    [19, 59, 92, 167, 20],
    [39, 76, 76, 140, 38],
    [32, 86, 108, 187, 24],
    [28, 101, 92, 184, 17],
    [37, 84, 72, 165, 28],
    [36, 89, 115, 207, 36],
    [19, 78, 51, 149, 34],
    [32, 64, 99, 166, 29],
    [37, 67, 68, 98, 23],
    [28, 66, 85, 167, 20],
    [17, 38, 74, 91, 17],
    [28, 97, 106, 151, 15],
    [37, 105, 99, 197, 10],
    [14, 56, 55, 85, 4],
    [333, 884, 1581, 1816, 179]
  ],
  "W": [
    [18, 42, 31, 51, 87, 20],
    [29, 38, 43, 76, 96, 22],
    [30, 57, 87, 155, 160, 58],
    [21, 34, 43, 86, 144, 40],
    [26, 40, 58, 79, 102, 34],
    [10, 65, 68, 102, 135, 44],
    [12, 59, 74, 110, 104, 38],
    [8, 47, 61, 94, 110, 26],
    [13, 44, 45, 99, 120, 37],
    [17, 26, 38, 83, 80, 12],
    [15, 26, 32, 100, 72, 27],
    [25, 42, 51, 137, 143, 48],
    [14, 45, 49, 131, 125, 47],
    [32, 41, 91, 120, 145, 49],
    [29, 21, 92, 111, 119, 33],
    [19, 19, 47, 50, 69, 21],
    [14, 46, 89, 112, 97, 30],
    [32, 56, 74, 93, 144, 39],
    [42, 51, 74, 111, 128, 33],
    [28, 42, 84, 115, 107, 29],
    [13, 42, 78, 90, 118, 20],
    [24, 35, 52, 123, 105, 46],
    [20, 57, 37, 115, 100, 34],
    [21, 54, 43, 121, 100, 28],
    [10, 64, 59, 127, 94, 34],
    [17, 38, 72, 72, 102, 33],
    [8, 35, 66, 90, 102, 32],
    [7, 30, 64, 54, 61, 30],
    [6, 51, 61, 42, 71, 20],
    [9, 27, 17, 60, 97, 32],
    [35, 48, 83, 46, 113, 22],
    [44, 49, 126, 63, 169, 32],
    [33, 46, 98, 45, 98, 15],
    [24, 26, 87, 76, 142, 32],
    [29, 29, 64, 26, 77, 20],
    [21, 24, 73, 23, 80, 18],
    [47, 39, 82, 33, 100, 26],
    [38, 25, 82, 31, 100, 19],
    [13, 37, 108, 77, 112, 22],
    [19, 28, 67, 81, 112, 29],
    [26, 41, 87, 95, 140, 28],
    [17, 31, 71, 71, 136, 38],
    [30, 52, 36, 79, 134, 16],
    [12, 48, 39, 74, 151, 32],
    [13, 36, 54, 57, 111, 36],
    [19, 43, 64, 84, 109, 27],
    [9, 35, 45, 68, 107, 32],
    [13, 53, 101, 92, 105, 29],
    [13, 41, 89, 81, 119, 33],
    [21, 16, 67, 56, 80, 27],
    [15, 17, 77, 60, 51, 14],
    [10, 26, 50, 91, 88, 35],
    [14, 52, 59, 98, 99, 23],
    [24, 32, 45, 93, 78, 21],
    [12, 39, 46, 97, 100, 34],
    [9, 18, 74, 60, 68, 23],
    [18, 29, 48, 102, 74, 22],
    [13, 32, 47, 95, 55, 25],
    [9, 20, 41, 80, 80, 25],
    [2, 30, 33, 77, 71, 34],
    [15, 28, 114, 95, 96, 24],
    [8, 18, 57, 64, 78, 20],
    [3, 26, 48, 69, 43, 18],
    [6, 32, 35, 55, 68, 18],
    [16, 32, 56, 63, 86, 21],
    [23, 20, 72, 71, 83, 24],
    [17, 59, 75, 98, 97, 29],
    [15, 32, 73, 80, 128, 29],
    [21, 52, 64, 93, 103, 36],
    [17, 46, 94, 101, 141, 38],
    [29, 49, 78, 121, 116, 29],
    [7, 58, 68, 105, 119, 29],
    [33, 42, 90, 106, 156, 56],
    [20, 30, 50, 90, 103, 38],
    [15, 44, 73, 84, 124, 50],
    [14, 43, 53, 88, 72, 23],
    [19, 38, 67, 88, 123, 31],
    [12, 22, 58, 61, 60, 24],
    [20, 44, 77, 112, 113, 31],
    [19, 56, 86, 126, 135, 26],
    [5, 24, 49, 66, 61, 9],
    [225, 389, 1334, 1040, 1360, 445]
  ],
  "method": "mult",
  "cond_prob": [
    [
      [0.039977296216, 0.0038297206853, 0.078909026237, 0.84654258978, 0.03074136708],
      [0.64206932357, 0.055939094626, 0.0035049755332, 0.28540520355, 0.013081402725],
      [0.009743829665, 0.004741544669, 0.88917051264, 0.092137968157, 0.0042061448674],
      [0.0092529398329, 0.76952561889, 0.0084300592806, 0.18144391216, 0.031347469834],
      [0.033720205206, 0.026052585697, 0.052043450393, 0.86130903453, 0.026874724175],
      [0.080294028716, 0.19611268249, 0.095521472799, 0.43657061488, 0.19150120112]
    ],
    [
      [0.039504453757, 0.012013227272, 0.09945795371, 0.80179798139, 0.04722638387],
      [0.65003307919, 0.072826275476, 0.004978106248, 0.25176602378, 0.020396515309],
      [0.0074530559068, 0.011646302599, 0.90688398652, 0.06844327271, 0.0055733822644],
      [0.0072978996165, 0.81512734017, 0.0068871145237, 0.13115089447, 0.039536751219],
      [0.029005940643, 0.04742669414, 0.074345690987, 0.80738444737, 0.041837226863],
      [0.06788280706, 0.22185392904, 0.10317876573, 0.3527869992, 0.25429749897]
    ],
    [
      [0.032555988205, 0.0022446018871, 0.128944013, 0.79332127202, 0.042934124886],
      [0.61485327458, 0.063139005472, 0.013354563251, 0.28818528721, 0.020467869483],
      [0.0035778911392, 0.0037676502608, 0.95329497296, 0.035599245732, 0.0037602399088],
      [0.0055138528901, 0.76271004679, 0.028440165895, 0.16643743337, 0.036898501061],
      [0.021432418877, 0.0300290387, 0.10698732319, 0.8036918455, 0.037859373737],
      [0.058302981987, 0.20657326922, 0.13633809368, 0.36703739032, 0.2317482648]
    ],
    [
      [0.023758647595, 0.0018861077967, 0.091153652593, 0.84723490696, 0.035966685058],
      [0.5423379135, 0.06782351296, 0.0099492841498, 0.35930660568, 0.020582683715],
      [0.0027966503139, 0.0025151304949, 0.93707378018, 0.053079761724, 0.0045346772893],
      [0.0025265309406, 0.75304962778, 0.015963588057, 0.19250012572, 0.035960127505],
      [0.01286607566, 0.027788210954, 0.068196816815, 0.85945881674, 0.03169007983],
      [0.046783170553, 0.19456178295, 0.10650287231, 0.4348033046, 0.21734886958]
    ],
    [
      [0.033068053147, 0.0032447624295, 0.097251939064, 0.8177165952, 0.048718650162],
      [0.61831773629, 0.060514150687, 0.0054124101752, 0.29223554763, 0.023520155214],
      [0.0068369860993, 0.0086876532285, 0.88926237695, 0.088864509426, 0.0063484742934],
      [0.0070359312713, 0.74898775967, 0.011665081224, 0.18439029268, 0.047920935159],
      [0.023563035077, 0.025965402266, 0.070737538209, 0.83576754412, 0.043966480332],
      [0.060344347781, 0.18154947698, 0.10414602941, 0.38472595445, 0.26923419137]
    ],
    [
      [0.037175817848, 0.0011853031345, 0.12136132023, 0.80927067668, 0.031006882103],
      [0.63363852134, 0.055547390942, 0.015672709423, 0.28191630124, 0.013225077055],
      [0.005689163078, 0.00092148437015, 0.94731214878, 0.043470632979, 0.0026065707908],
      [0.0094393062649, 0.74473369116, 0.027842245757, 0.1886364497, 0.029348307124],
      [0.028239172122, 0.020744309068, 0.098980513897, 0.82518168006, 0.026854324858],
      [0.074540394758, 0.19435425904, 0.13973082102, 0.40877922577, 0.18259529941]
    ],
    [
      [0.037430637408, 0.0023934534387, 0.14881099066, 0.77045306343, 0.04091185506],
      [0.62118330239, 0.078687984826, 0.024280125418, 0.25889478147, 0.016953805896],
      [0.0034130170005, 0.0069788976923, 0.95570316017, 0.03114000227, 0.0027649228715],
      [0.005311831868, 0.79659981274, 0.030392619794, 0.13625776077, 0.031437974825],
      [0.024688526856, 0.033973020098, 0.12445681718, 0.78109684209, 0.035784793776],
      [0.065698577728, 0.22771251402, 0.15192130779, 0.34086804479, 0.21379955567]
    ],
    [
      [0.032205443424, 0, 0.12500444961, 0.81759278908, 0.025197317887],
      [0.61907557513, 0.037637384587, 0.018625975421, 0.31292772692, 0.011733337935],
      [0.00064040703751, 0, 0.95979323066, 0.037699041255, 0.0018673210482],
      [0.01661837657, 0.65467151757, 0.048761391466, 0.25272619582, 0.027222518581],
      [0.020243453017, 0.0046805175181, 0.10787827061, 0.84554189357, 0.021655865292],
      [0.069916629332, 0.16065628255, 0.15872984322, 0.44946701177, 0.16123023313]
    ],
    [
      [0.022262529939, 0.0020069345209, 0.089268000472, 0.82543734576, 0.061025189307],
      [0.5008544056, 0.081462021833, 0.010893972711, 0.37148136972, 0.035308230144],
      [0.0018101066581, 0.003964751616, 0.91414871736, 0.0713833292, 0.0086930951645],
      [0.0014888047311, 0.74510423431, 0.011269951408, 0.18455686743, 0.057580142113],
      [0.0086742568373, 0.030562433893, 0.064828444335, 0.84000653184, 0.055928333098],
      [0.037925296651, 0.1831988055, 0.089955416317, 0.3686478575, 0.32027262403]
    ],
    [
      [0.019778749958, 0.0038157859659, 0.091502919592, 0.83624558498, 0.048656959502],
      [0.48442758942, 0.09522846714, 0.010755049551, 0.38073737931, 0.028851514585],
      [0.0014193677967, 0.01203636887, 0.89517477775, 0.085045766274, 0.0063237193097],
      [0.0011710589982, 0.77495337517, 0.0083251100862, 0.1738816735, 0.04166878225],
      [0.0059350318249, 0.039132394531, 0.065860300437, 0.84585678775, 0.043215485462],
      [0.036892292232, 0.21250731454, 0.099030779335, 0.37934934624, 0.27222026765]
    ],
    [
      [0.026556164197, 0.0013908427543, 0.10456279528, 0.81529213922, 0.052198058549],
      [0.56918861681, 0.048268472803, 0.019061248583, 0.33611834375, 0.027363318048],
      [0.0026302564864, 0.0014775067603, 0.95653943212, 0.03360614097, 0.0057466636616],
      [0.0030956394637, 0.73179337247, 0.022398984708, 0.19740047689, 0.045311526474],
      [0.015946840624, 0.017501685433, 0.085034480819, 0.83519067501, 0.046326318109],
      [0.046698104484, 0.19397845375, 0.10978972926, 0.37342104346, 0.27611266904]
    ],
    [
      [0.032897668209, 0.0022566524297, 0.16655583814, 0.76410234267, 0.034187498552],
      [0.62507033071, 0.046170749816, 0.035082591495, 0.27744692988, 0.016229398107],
      [0.0027457495267, 0.002904460526, 0.96530537104, 0.026212927971, 0.0028314909324],
      [0.0056144891841, 0.76924480338, 0.02946485403, 0.16741934121, 0.028256512191],
      [0.021623211597, 0.033578749238, 0.10755528569, 0.80770778078, 0.029534972703],
      [0.060901393805, 0.22224969803, 0.13989521719, 0.38477393032, 0.19217976065]
    ],
    [
      [0.033226456334, 0.0025190360161, 0.082425309477, 0.83079482872, 0.051034369457],
      [0.61624308171, 0.070759339262, 0.0036642709615, 0.2854647753, 0.023868532769],
      [0.0065604270498, 0.010373761714, 0.88605078275, 0.089486774036, 0.0075282544488],
      [0.0022142938493, 0.77692373671, 0.0073136338996, 0.17095048393, 0.042597851606],
      [0.027590428556, 0.034562472741, 0.051425044146, 0.84079867797, 0.045623376592],
      [0.058373488198, 0.21648787879, 0.08252018213, 0.37539909448, 0.2672193564]
    ],
    [
      [0.027134745763, 0.0014405806664, 0.14896203519, 0.78232825395, 0.040134384429],
      [0.58272553698, 0.062973478077, 0.017223771699, 0.3155981598, 0.021479053444],
      [0.0014815868017, 0.0014795447163, 0.9648548969, 0.029334687011, 0.0028492845721],
      [0.0030176581878, 0.74437831201, 0.041139417354, 0.17429911038, 0.037165502066],
      [0.015874879078, 0.024576424009, 0.13005489434, 0.79427076531, 0.035223037263],
      [0.049819189216, 0.19078308827, 0.16184805827, 0.37288490996, 0.22466475428]
    ],
    [
      [0.017359058603, 0.0099651589363, 0.16657103792, 0.75981078388, 0.046293960662],
      [0.4720857892, 0.11175488538, 0.016450291854, 0.36894708537, 0.030761948198],
      [0.00054732559888, 0.012147500292, 0.9499940746, 0.034286647562, 0.0030244519467],
      [0.00082103496223, 0.81453782405, 0.029340156723, 0.12003505633, 0.035265927928],
      [0.0046923524679, 0.050047070199, 0.14141961082, 0.76331411283, 0.040526853682],
      [0.026754755995, 0.23870569538, 0.16178296437, 0.33045321876, 0.2423033655]
    ],
    [
      [0.016271529216, 0.0015681013076, 0.1479475285, 0.80489115289, 0.02932168809],
      [0.46368014766, 0.081655374559, 0.02793675046, 0.40754129136, 0.019186435954],
      [0.00055407135684, 0, 0.95930021309, 0.038315317709, 0.0018303978399],
      [0.0011765934279, 0.74943159508, 0.039007547662, 0.18171981877, 0.028664445063],
      [0.0048430991493, 0.023465376071, 0.12983157676, 0.81656444684, 0.025295501179],
      [0.021993965371, 0.20609825027, 0.17439678593, 0.41590599317, 0.18160500525]
    ],
    [
      [0.024526983281, 0.00097478697512, 0.14179861251, 0.81585148188, 0.016848135348],
      [0.53753766238, 0.07293341045, 0.028384078123, 0.35233569257, 0.0088091564784],
      [0.00093979498134, 0.00026341587613, 0.94783884191, 0.050120417304, 0.00083752992408],
      [0.0021386990706, 0.73839899666, 0.046984490711, 0.19753291476, 0.014944898798],
      [0.010765947504, 0.015168582623, 0.12027798783, 0.83933478169, 0.014452700359],
      [0.052080560255, 0.21453106495, 0.1807422374, 0.44569199927, 0.10695413812]
    ],
    [
      [0.030321994677, 0.0082306052576, 0.11122612852, 0.82066585711, 0.029555414426],
      [0.58014283028, 0.080997723399, 0.012243496089, 0.31220806947, 0.014407880757],
      [0.0037664124275, 0.011465371269, 0.91339147647, 0.068440435238, 0.002936304599],
      [0.0027527944663, 0.81952509434, 0.011261213972, 0.1401077638, 0.026353133416],
      [0.018793302509, 0.042214508871, 0.084759253302, 0.82845425668, 0.025778678636],
      [0.058993274571, 0.2322458358, 0.12593675571, 0.40674393534, 0.17608019857]
    ],
    [
      [0.029796350726, 0, 0.1407083406, 0.80343136553, 0.026063943142],
      [0.59778635336, 0.05185836786, 0.027595182562, 0.30986008072, 0.012900015499],
      [0.00059746954799, 0, 0.96989232814, 0.027698858354, 0.0018113439572],
      [0.0052912478758, 0.72243134893, 0.043386033063, 0.20303794369, 0.025853426435],
      [0.020281229767, 0.015378565515, 0.12196927078, 0.81985798402, 0.022512949908],
      [0.061633653855, 0.18778445823, 0.16614990216, 0.42194755478, 0.16248443098]
    ],
    [
      [0.020205260058, 0.00073715725137, 0.1200886898, 0.84585130654, 0.013117586345],
      [0.50103717445, 0.071679879286, 0.019444293297, 0.4001086364, 0.0077300165656],
      [0.0010347816671, 0.0020512173983, 0.92542154676, 0.070568250611, 0.00092420356734],
      [0.0017100573598, 0.72935327679, 0.033738532692, 0.22264517356, 0.012552959592],
      [0.0071558307231, 0.016476873997, 0.098453402, 0.86666172608, 0.011252167198],
      [0.046256525779, 0.21233965713, 0.16106900572, 0.49127130987, 0.089063501503]
    ],
    [
      [0.017968168868, 0.0014944959836, 0.15319065941, 0.81051548312, 0.016831192624],
      [0.4339702227, 0.10164913825, 0.041927214217, 0.41217278246, 0.010280642372],
      [0.00044968955105, 0, 0.96819098058, 0.030425159143, 0.00093417073078],
      [0.0012216790036, 0.76113005282, 0.043217786488, 0.178936818, 0.015493663692],
      [0.0053369712688, 0.023558327707, 0.13598561132, 0.82078228861, 0.014336801097],
      [0.038243747325, 0.22148601611, 0.1896389513, 0.44111278839, 0.10951849687]
    ],
    [
      [0.023588869369, 0.0052984543944, 0.1089199274, 0.82015502179, 0.04203772704],
      [0.52463309709, 0.099984386037, 0.012478093063, 0.33998677333, 0.02291765048],
      [0.0013785652241, 0.0095401191768, 0.93132913563, 0.053319720568, 0.0044324594056],
      [0.0012109164108, 0.81374413952, 0.011745998786, 0.14185684724, 0.03144209804],
      [0.0092023209764, 0.049174478562, 0.084781573438, 0.82011585371, 0.036725773317],
      [0.040974715744, 0.25268365165, 0.11246196458, 0.37138174111, 0.22249792691]
    ],
    [
      [0.030028412884, 0.0014505951255, 0.092588469927, 0.84675510068, 0.029177421387],
      [0.57286721473, 0.061836474003, 0.013601140538, 0.33802280275, 0.013672367981],
      [0.0028968457993, 0.0015714278658, 0.95428359739, 0.037702194911, 0.0035459340351],
      [0.0055192589809, 0.74243083373, 0.01701373701, 0.20895244851, 0.026083721771],
      [0.019067423196, 0.018572300798, 0.07341465909, 0.86367218473, 0.025273432184],
      [0.061687061933, 0.21033500852, 0.11077725948, 0.44134902843, 0.17585164164]
    ],
    [
      [0.035191622857, 0.0048309462553, 0.12389775396, 0.7803370872, 0.055742589735],
      [0.59551144461, 0.088144031439, 0.026433539925, 0.26586580213, 0.024045181899],
      [0.0018051893111, 0.0079089720415, 0.96230052451, 0.022771779199, 0.0052135349427],
      [0.0023362803674, 0.82000509382, 0.017847920428, 0.12019433057, 0.039616374821],
      [0.021564569158, 0.048869312683, 0.10148870444, 0.77903646784, 0.049040945875],
      [0.056663854657, 0.23896925046, 0.11726230862, 0.31535073449, 0.27175385177]
    ],
    [
      [0.043943576167, 0.0017939693423, 0.14031733234, 0.78079535181, 0.033149770343],
      [0.66754970025, 0.060976521816, 0.021650130498, 0.23791089868, 0.011912748748],
      [0.0050169760477, 0.0034426223393, 0.96786521715, 0.021436270793, 0.0022389136696],
      [0.01306674734, 0.78432285084, 0.031963176178, 0.1464479377, 0.024199287946],
      [0.032730038937, 0.024256452519, 0.11691976018, 0.79744107292, 0.028652675444],
      [0.082508272441, 0.23492175291, 0.14874675533, 0.35713706022, 0.1766861591]
    ],
    [
      [0.032105849648, 0.0025756742991, 0.13108123043, 0.8066391661, 0.02759807952],
      [0.61491280348, 0.06277290569, 0.013980326916, 0.29514859106, 0.013185372856],
      [0.0047925705431, 0.0059395610114, 0.92401224001, 0.063212436366, 0.0020431920737],
      [0.0057073968825, 0.76352255807, 0.025824665737, 0.17842302154, 0.026522357773],
      [0.021723529235, 0.024799520066, 0.10603263283, 0.82348175743, 0.023962560444],
      [0.064112617792, 0.20121271212, 0.15262972418, 0.41450289362, 0.16754205228]
    ],
    [
      [0.022572674114, 0.00027319381893, 0.19757524556, 0.74726074448, 0.032318142022],
      [0.52371687609, 0.050615965884, 0.045380072504, 0.3618264137, 0.018460671813],
      [0.00024256745529, 0, 0.97160130642, 0.026445248865, 0.0017108772607],
      [0.0022033227404, 0.68029283675, 0.066267178003, 0.21864296586, 0.032593696645],
      [0.0085277200722, 0.0063778109412, 0.14490254337, 0.81234356247, 0.027848363155],
      [0.043912249929, 0.16716761312, 0.18629074471, 0.40861540126, 0.19401399098]
    ],
    [
      [0.048349150656, 0.0012374027323, 0.14036676998, 0.76360477634, 0.046441900292],
      [0.73258531866, 0.046264896338, 0.0091692088898, 0.19499325111, 0.016987324999],
      [0.014096073718, 0.0048143656073, 0.93455509277, 0.043640929365, 0.0028935385436],
      [0.014507520087, 0.75164765724, 0.036578194324, 0.1557437187, 0.041522909651],
      [0.039304499631, 0.020723645044, 0.13172376273, 0.76699964743, 0.041248445164],
      [0.086695570183, 0.18140520177, 0.16401527954, 0.32716034167, 0.24072360683]
    ],
    [
      [0.03128962205, 0.0017371573782, 0.12048100625, 0.8144633251, 0.032028889226],
      [0.6875211423, 0.055116674721, 0.011062505805, 0.23473862642, 0.011561050764],
      [0.020948589018, 0.011728483941, 0.88431248075, 0.080355687474, 0.0026547588178],
      [0.010325450928, 0.8016313397, 0.0054264320996, 0.15148934109, 0.031127436181],
      [0.043866464372, 0.025495130784, 0.083277515208, 0.8191204053, 0.028240484335],
      [0.096131608558, 0.19922592857, 0.13146255564, 0.38598760321, 0.18719230402]
    ],
    [
      [0.027468846688, 0.00054762484232, 0.42272675783, 0.49914654923, 0.050110221409],
      [0.67068846798, 0.027015310343, 0.037999238706, 0.2421419999, 0.022154983068],
      [0.0025180372155, 0, 0.97425325201, 0.021942985054, 0.0012857257242],
      [0.0097956081675, 0.70740515449, 0.044129972971, 0.18853567443, 0.050133589939],
      [0.029336931839, 0.017433323357, 0.13374947585, 0.77470331615, 0.044776952806],
      [0.067748944791, 0.16032238631, 0.15580240358, 0.34807669317, 0.26804957215]
    ],
    [
      [0.046072082497, 0.00095815638517, 0.15628319101, 0.76551914546, 0.03116742464],
      [0.71622842757, 0.032290411905, 0.013765747601, 0.22529018477, 0.012425228148],
      [0.0071737329604, 0.00049025293433, 0.94875921929, 0.041972501393, 0.0016042934224],
      [0.011529639695, 0.70695653165, 0.037188272758, 0.20450855933, 0.039816996568],
      [0.043026017935, 0.0060881389911, 0.13724632998, 0.78655741706, 0.02708209604],
      [0.091854059125, 0.14399425452, 0.17740097248, 0.3918546167, 0.19489609717]
    ],
    [
      [0.022407487472, 0.00026553477898, 0.15530628618, 0.78270796618, 0.039312725386],
      [0.58811303961, 0.028040235694, 0.023347802991, 0.33825804991, 0.022240871795],
      [0.00087695621425, 0.00013398849819, 0.94937102234, 0.047504231182, 0.0021138017694],
      [0.031649853729, 0.5101571822, 0.089527787594, 0.30432276385, 0.064342412624],
      [0.0079944416684, 0.0032421741939, 0.14119967354, 0.81331621536, 0.034247495237],
      [0.054407303132, 0.090926014145, 0.18433552503, 0.41805929357, 0.25227186412]
    ],
    [
      [0.031329551001, 0.00042587362618, 0.17702950945, 0.77868072976, 0.012534336163],
      [0.61546711315, 0.035827459346, 0.045501875565, 0.29701752424, 0.0061860276925],
      [0.0011880389372, 0.00047750642166, 0.9596617014, 0.038180594654, 0.00049215858281],
      [0.0056324583934, 0.71791491156, 0.043960209487, 0.21560773676, 0.016884683801],
      [0.022373555183, 0.0055648579726, 0.16006332299, 0.80066369895, 0.011334564899],
      [0.072809384024, 0.16263735399, 0.22357853962, 0.44877605833, 0.092198664035]
    ],
    [
      [0.013789236547, 0, 0.16133831661, 0.79902560915, 0.025846837692],
      [0.43490578207, 0.065224176309, 0.031034063743, 0.44985182219, 0.018984155688],
      [0.00039126878166, 0, 0.97204199099, 0.026387884895, 0.0011788553362],
      [0.0012532675438, 0.68586877562, 0.059368363572, 0.22366318733, 0.02984640593],
      [0.0038942074978, 0.0072683888494, 0.15171338825, 0.81527337562, 0.021850639785],
      [0.021226306467, 0.16081353913, 0.20931389892, 0.43950845133, 0.16913780416]
    ],
    [
      [0.041666252156, 0.00057703225425, 0.13175041496, 0.79351544024, 0.032490860392],
      [0.70398162441, 0.035474230164, 0.0074741788736, 0.23894330647, 0.014126660077],
      [0.0086407459246, 0.0012453840112, 0.91551389066, 0.072315705482, 0.0022842739235],
      [0.0091786653885, 0.71492835553, 0.022022617045, 0.20926017153, 0.044610190508],
      [0.037678607814, 0.006838702552, 0.11187859937, 0.81500555844, 0.028598531824],
      [0.084165286928, 0.13800457364, 0.15911787911, 0.41171493674, 0.20699732358]
    ],
    [
      [0.030311875989, 0.00043875096623, 0.16113622575, 0.79344289994, 0.014670247356],
      [0.62990147338, 0.042590704454, 0.015026034038, 0.30471748126, 0.0077643068711],
      [0.0013985201251, 0.00081613665268, 0.93905202736, 0.058128570112, 0.0006047457472],
      [0.0058641266597, 0.72848244293, 0.02436129858, 0.21983063712, 0.021461494706],
      [0.022124475469, 0.0051222134732, 0.14250965881, 0.81747314934, 0.012770502904],
      [0.06882724018, 0.15245322677, 0.20797965957, 0.46261874067, 0.10812113281]
    ],
    [
      [0.036938419435, 0.00023820637694, 0.11282695913, 0.77469398562, 0.075302429442],
      [0.70156651281, 0.010559389666, 0.0046361092715, 0.24840450724, 0.034833481013],
      [0.0054917370451, 0.00087254718924, 0.89477855437, 0.08897579699, 0.0098813644023],
      [0.019321816524, 0.57677208292, 0.028726059022, 0.25585012009, 0.11932992145],
      [0.030692524748, 0.003415026988, 0.092044580307, 0.80458070707, 0.069267160882],
      [0.067138670348, 0.081940684569, 0.11507943163, 0.33478718731, 0.40105402615]
    ],
    [
      [0.047937651546, 0.00072329683283, 0.13468681092, 0.78731373575, 0.029338504955],
      [0.78967523441, 0.032389700439, 0.0088765686059, 0.15674333144, 0.012315165098],
      [0.0094846037682, 0.00095675339709, 0.92966611013, 0.058317348732, 0.0015751839728],
      [0.012092007416, 0.70835223345, 0.027690872683, 0.21073560254, 0.041129283906],
      [0.044479634526, 0.0052188558605, 0.13222389428, 0.79238929374, 0.025688321588],
      [0.096628167862, 0.13702703198, 0.17613470831, 0.40051258455, 0.18969750729]
    ],
    [
      [0.017751426393, 0, 0.15526136936, 0.77919580249, 0.047791401751],
      [0.48975201643, 0.042395477814, 0.03799865321, 0.39900623037, 0.030847622168],
      [0.00059127364844, 0.00029257847115, 0.94527135822, 0.050942343144, 0.0029024465127],
      [0.0021991603995, 0.55354744395, 0.10807558306, 0.272539568, 0.063638244587],
      [0.0054491793783, 0.0036504413763, 0.13582099893, 0.81275233164, 0.042327048679],
      [0.036586629716, 0.10762573761, 0.17966243479, 0.39052923205, 0.28559596584]
    ],
    [
      [0.024867849904, 0, 0.14083673524, 0.79657436724, 0.037721047613],
      [0.57384851053, 0.052019324171, 0.015684168172, 0.33708457904, 0.02136341809],
      [0.00079972285848, 0, 0.95856487205, 0.037823255264, 0.0028121498282],
      [0.0037120347174, 0.69034664216, 0.047395845657, 0.21828078391, 0.040264693558],
      [0.015071935704, 0.0085922829608, 0.12604063396, 0.81720733091, 0.033087816461],
      [0.048877224636, 0.16079466265, 0.1622580825, 0.40291710854, 0.22515292167]
    ],
    [
      [0.017186055308, 0.0014381426915, 0.1208314437, 0.82113265849, 0.039411699815],
      [0.45538239437, 0.075875473326, 0.02456276223, 0.41844227968, 0.025737090394],
      [0.00085124255585, 0.0014951240896, 0.92420129635, 0.069525965101, 0.0039263719077],
      [0.0013419091518, 0.71820016151, 0.029160924146, 0.20927469686, 0.042022308333],
      [0.0050859573539, 0.019043290289, 0.098368313186, 0.84245234133, 0.03505009784],
      [0.034603960417, 0.17237721801, 0.13942659966, 0.41504408787, 0.23854813405]
    ],
    [
      [0.01928547024, 0.0008882333598, 0.15164569946, 0.80047466537, 0.027705931575],
      [0.49271978351, 0.067565212009, 0.032166664052, 0.39005169003, 0.017496650404],
      [0.00050474477172, 0, 0.97134665521, 0.026512158533, 0.0016364414877],
      [0.0014534618217, 0.73694416753, 0.041337521226, 0.19116126236, 0.029103587057],
      [0.005802500454, 0.019249228335, 0.13723445594, 0.814124881, 0.023588934263],
      [0.03867528914, 0.18288019769, 0.18053668391, 0.42432977889, 0.17357805037]
    ],
    [
      [0.028476123288, 0, 0.16532276852, 0.77143434262, 0.034766765577],
      [0.60204443378, 0.03649810852, 0.020415369309, 0.32405330205, 0.016988786346],
      [0.0001086888573, 0, 0.96167636106, 0.034462003054, 0.003752947031],
      [0.014983789719, 0.65608425866, 0.03467323406, 0.25240256482, 0.041856152746],
      [0.0194073611, 0.006904958438, 0.093222011493, 0.85010880608, 0.030356862887],
      [0.065699198179, 0.14663609327, 0.13296460697, 0.43194895434, 0.22275114724]
    ],
    [
      [0.022010853685, 0.0013971279794, 0.35499184631, 0.58477928402, 0.036820888003],
      [0.54335254298, 0.059202395392, 0.036646266829, 0.34136334832, 0.019435446489],
      [0.0004777657385, 0.0014031399153, 0.96992741021, 0.025396464993, 0.0027952191467],
      [0.0016971250426, 0.75778737138, 0.035043246639, 0.16867275345, 0.036799503491],
      [0.012635460171, 0.026463292712, 0.123118078, 0.80571019127, 0.032072977848],
      [0.050086659071, 0.18795544834, 0.15530868778, 0.38946009692, 0.21718910789]
    ],
    [
      [0.044551526362, 0.0012164154299, 0.15670253194, 0.75843642112, 0.039093105152],
      [0.70575032986, 0.04505781644, 0.015884625696, 0.21766869668, 0.015638531324],
      [0.0068072993216, 0.00067429767272, 0.97076957927, 0.019342474336, 0.0024063493991],
      [0.010440809819, 0.75770616919, 0.034788561245, 0.15868668878, 0.038377770964],
      [0.036915351121, 0.024034187514, 0.13594268767, 0.76916154397, 0.03394622972],
      [0.082041499576, 0.17968462987, 0.16380213768, 0.35660242192, 0.21786931094]
    ],
    [
      [0.020101349145, 0, 0.17530818525, 0.78251994153, 0.022070524077],
      [0.49952354716, 0.052764470042, 0.046149179875, 0.38887320999, 0.012689592933],
      [0.00016469223114, 0, 0.96878538386, 0.029792116438, 0.0012578074746],
      [0.0021876503831, 0.68313776858, 0.058017929152, 0.23290137284, 0.023755279043],
      [0.0065803783926, 0.0067202704712, 0.13561082086, 0.83231560943, 0.018772920848],
      [0.045444357722, 0.17092762022, 0.18619924655, 0.45250966233, 0.14491911318]
    ],
    [
      [0.032056720737, 0.0012017236553, 0.20325340156, 0.71083205502, 0.052656099027],
      [0.60780723484, 0.052353803605, 0.030026215401, 0.28425850949, 0.025554236663],
      [0.0019386281007, 0.00087151516364, 0.9691892857, 0.023942155363, 0.0040584156714],
      [0.0051013831182, 0.73609307255, 0.036762082544, 0.17118397513, 0.050859486661],
      [0.020757207816, 0.023843335502, 0.12473119049, 0.78349633664, 0.047171929545],
      [0.055721335656, 0.17225054208, 0.14563203108, 0.346920261, 0.27947583019]
    ],
    [
      [0.043734538522, 0.00097750236264, 0.15058444894, 0.76801567398, 0.036687836195],
      [0.69604331424, 0.048287292246, 0.012307266463, 0.22898339738, 0.014378729667],
      [0.011086617756, 0.003819683621, 0.93184048099, 0.051014092972, 0.0022391246602],
      [0.013431652973, 0.73887605583, 0.03833083761, 0.17502237854, 0.034339075054],
      [0.035953073356, 0.016660401307, 0.12385981821, 0.79118762457, 0.032339082562],
      [0.083124902593, 0.1833220228, 0.16353484446, 0.36381011662, 0.20620811353]
    ],
    [
      [0.024394457384, 0.00092625527588, 0.12745113587, 0.79033455887, 0.056893592597],
      [0.54369983853, 0.061422395459, 0.018839440379, 0.34375644657, 0.032281879057],
      [0.0013956958992, 0.0030375546793, 0.9177129067, 0.071416653965, 0.0064371887593],
      [0.0027764732449, 0.70666574323, 0.029482758128, 0.19999769623, 0.06107732917],
      [0.013542495019, 0.016197655451, 0.10199986176, 0.81615998658, 0.052100001185],
      [0.043348803004, 0.15248036064, 0.13236916739, 0.36220310377, 0.3095985652]
    ],
    [
      [0.028870916012, 0.00036958099123, 0.13055541171, 0.80708486497, 0.033119226314],
      [0.65904637247, 0.046454428569, 0.011092637921, 0.2655158341, 0.017890726937],
      [0.0011951073725, 0.0016805352385, 0.93543545096, 0.059532095391, 0.0021568110336],
      [0.0065230578339, 0.68592175317, 0.049702777393, 0.22083119844, 0.037021213162],
      [0.022616533629, 0.0067098248485, 0.12490499513, 0.8167579169, 0.029010729489],
      [0.059047506712, 0.1551099228, 0.17151569586, 0.41137531978, 0.20295155485]
    ],
    [
      [0.015699985671, 0.0015901665238, 0.20775874065, 0.75534835695, 0.019602750213],
      [0.41323584112, 0.11661358938, 0.066901688226, 0.39017203244, 0.013076848838],
      [0.00035112003784, 0.0015450730493, 0.97654471261, 0.020978739105, 0.00058035519553],
      [0.00089253859247, 0.77300804585, 0.066408155536, 0.14459749211, 0.015093767911],
      [0.0042547373524, 0.025258350646, 0.18070908423, 0.77281414762, 0.016963680149],
      [0.031565053745, 0.22900623029, 0.23940676366, 0.38086543772, 0.11915651459]
    ],
    [
      [0.04447034552, 0.00064408039494, 0.1352257477, 0.80171311643, 0.017946709953],
      [0.7449229103, 0.025340019394, 0.0091890267488, 0.21340345704, 0.0071445865228],
      [0.0064449133181, 0, 0.95717123695, 0.035394180626, 0.00098966910167],
      [0.016593191855, 0.73121656463, 0.040841856177, 0.19597391683, 0.015374470515],
      [0.035548776309, 0.016243983627, 0.11467756042, 0.81849909674, 0.015030582904],
      [0.092193783922, 0.21041545004, 0.16405805003, 0.42294637077, 0.11038634524]
    ],
    [
      [0.038005889813, 0.00099701807745, 0.12245013004, 0.80135728283, 0.037189679244],
      [0.64355183701, 0.054796287366, 0.014733554052, 0.27121019314, 0.015708128432],
      [0.0065337430125, 0.00019506064184, 0.94158154244, 0.048412206084, 0.0032774478216],
      [0.011232471367, 0.73446321099, 0.029872821893, 0.19037225932, 0.034059236428],
      [0.028616872073, 0.017765450114, 0.10002810499, 0.82091186972, 0.032677703102],
      [0.073212115271, 0.19082399945, 0.13634449674, 0.38673875316, 0.21288063537]
    ],
    [
      [0.040779304804, 0.0040887840401, 0.1032496546, 0.81564042952, 0.03624182704],
      [0.67818837573, 0.060454976239, 0.0036703647846, 0.24245371914, 0.015232564106],
      [0.0083808176188, 0.011002650875, 0.90581681986, 0.070945837978, 0.0038538736688],
      [0.011227284695, 0.78556355563, 0.011068926077, 0.1627972919, 0.029342941697],
      [0.030008940876, 0.033766471223, 0.079846412288, 0.82461698165, 0.031761193961],
      [0.074157000174, 0.22766643928, 0.11358902092, 0.38158453593, 0.2030030037]
    ],
    [
      [0.029630296589, 0.0026924661864, 0.11749293595, 0.83536633993, 0.014817961342],
      [0.57643662624, 0.078999906685, 0.014611524338, 0.32295344441, 0.0069984983273],
      [0.0024197476101, 0.0061643964084, 0.95210652434, 0.038130712169, 0.00117861947],
      [0.0026058915482, 0.80289807029, 0.020507045785, 0.16249869381, 0.01149029857],
      [0.01734070091, 0.037762154266, 0.094001121308, 0.83853131353, 0.012364709991],
      [0.060742884013, 0.26311186958, 0.14217763611, 0.44149712285, 0.092470487445]
    ],
    [
      [0.018410979758, 0.00033315568813, 0.1908710409, 0.76502325365, 0.025361570003],
      [0.4895851147, 0.07402047192, 0.037523458071, 0.3824815121, 0.016389443213],
      [0.00039970129082, 0, 0.97291385916, 0.025858601482, 0.00082783806391],
      [0.0013258172019, 0.71456096642, 0.076552003256, 0.18359063839, 0.023970574737],
      [0.004980165002, 0.0080913510327, 0.18305634927, 0.783055004, 0.020817130691],
      [0.024956129125, 0.18438101083, 0.24218090707, 0.3936264528, 0.15485550018]
    ],
    [
      [0.033060842746, 0.0015492273438, 0.19458320222, 0.7332107915, 0.037595936189],
      [0.62413676025, 0.038567930889, 0.057190129215, 0.26290057485, 0.017204604789],
      [0.0012904349523, 0.0014263880898, 0.97866820175, 0.016654776485, 0.0019601987205],
      [0.0041017818493, 0.76425038277, 0.056401808891, 0.14690670084, 0.028339325646],
      [0.020764962572, 0.026432515831, 0.15135376218, 0.76879492748, 0.032653831943],
      [0.058545860298, 0.22161963953, 0.17771600094, 0.34106144053, 0.2010570587]
    ],
    [
      [0.026851417304, 0.0017629478353, 0.14155380797, 0.76517785192, 0.064653974967],
      [0.55378806602, 0.067798048745, 0.024844320985, 0.32106971089, 0.032499853363],
      [0.00057366882392, 0.002328800113, 0.96738603302, 0.024393260038, 0.0053182380041],
      [0.0022663500408, 0.74557206808, 0.041758084385, 0.15862606014, 0.051777437354],
      [0.011004657078, 0.019033055813, 0.11848850561, 0.79373100477, 0.057742776733],
      [0.043287665384, 0.19287703903, 0.13655011391, 0.31629171917, 0.31099346251]
    ],
    [
      [0.03573681244, 0.0010378106593, 0.089959426435, 0.83131446404, 0.041951486423],
      [0.68695556615, 0.042534014247, 0.0056566590116, 0.24539056762, 0.019463192965],
      [0.0071322744006, 0.0029484369886, 0.91217052871, 0.073002694782, 0.0047460651158],
      [0.010391718406, 0.72364921404, 0.019625084214, 0.20726120862, 0.03907277472],
      [0.026732751433, 0.018125762745, 0.078462439866, 0.83937050699, 0.037308538962],
      [0.0670750611, 0.1870838144, 0.11324953513, 0.39546842943, 0.23712315994]
    ],
    [
      [0.025724024261, 0.0013673040157, 0.29852133691, 0.65398492819, 0.020402406623],
      [0.54156941798, 0.065588840788, 0.044130088833, 0.33858134366, 0.010130308738],
      [6.0290434267e-05, 0.0028366646111, 0.96841202292, 0.02738146271, 0.0013095593261],
      [0.0021243589721, 0.76608946774, 0.035685853956, 0.18003856152, 0.01606175781],
      [0.011289214473, 0.026036447704, 0.11218464254, 0.83349269416, 0.01699700113],
      [0.051010881159, 0.23819157156, 0.15907463324, 0.42911914829, 0.12260376574]
    ],
    [
      [0.024976202125, 0.0010867053381, 0.15742530679, 0.74839813546, 0.068113650287],
      [0.56933744662, 0.0664177818, 0.012833352784, 0.31262480721, 0.038786611581],
      [0.00094184491189, 0.0045851930995, 0.93989115549, 0.048733136774, 0.0058486697275],
      [0.0025168704855, 0.71647620789, 0.047297358883, 0.16943464703, 0.06427491571],
      [0.014208480547, 0.017980211061, 0.13534245155, 0.770589824, 0.061879032845],
      [0.040559221425, 0.15874789605, 0.15189876467, 0.30800171674, 0.34079240112]
    ],
    [
      [0.030646367619, 0.00076853998045, 0.16297681697, 0.76389086585, 0.04171740958],
      [0.6422415429, 0.046322651985, 0.014136778221, 0.27594271211, 0.021356314789],
      [0.00078672190781, 0, 0.96657160759, 0.030317932251, 0.0023237382556],
      [0.0056945635426, 0.70337772008, 0.060764415443, 0.18967042418, 0.04049287675],
      [0.021335587755, 0.010070924941, 0.15191266511, 0.78012003062, 0.036560791568],
      [0.056050511328, 0.16791688569, 0.18045156783, 0.36027562903, 0.23530540612]
    ],
    [
      [0.035499325272, 0.0015060876055, 0.12669607369, 0.8026355363, 0.033662977129],
      [0.64169698278, 0.055349621022, 0.010404490349, 0.27844960257, 0.014099303277],
      [0.0069541365083, 0.015001718913, 0.91253825077, 0.06300474643, 0.0025011473774],
      [0.008865695193, 0.76975129991, 0.0269189083, 0.16838175707, 0.026082339528],
      [0.024219492787, 0.016385909176, 0.096282534072, 0.83349157784, 0.029620486125],
      [0.067911708969, 0.22327084969, 0.14166696417, 0.38164982281, 0.18550065436]
    ],
    [
      [0.024563188257, 0.00064570092653, 0.248546863, 0.68881045499, 0.037433792822],
      [0.57647928668, 0.05041918466, 0.044287676222, 0.31091401665, 0.017899835798],
      [0, 0, 0.97324572034, 0.024373419722, 0.0023808599344],
      [0.0037902746778, 0.71495461555, 0.050364559024, 0.1946056539, 0.036284896849],
      [0.017276665276, 0.013258711267, 0.13575173868, 0.80114218033, 0.032570704443],
      [0.056778075046, 0.17547864799, 0.16815244411, 0.38243554557, 0.21715528728]
    ],
    [
      [0.03193484796, 0.0018130780074, 0.13622634581, 0.80010823552, 0.0299174927],
      [0.61561062092, 0.057946437795, 0.017139444305, 0.29495297984, 0.014350517144],
      [0.0040085204769, 0.00013992038817, 0.94366808114, 0.05000491113, 0.0021785668665],
      [0.0060959344617, 0.73814013275, 0.034985589484, 0.19110362663, 0.029674716677],
      [0.021455679282, 0.019441719642, 0.11511056277, 0.81795217551, 0.026039862791],
      [0.063609196536, 0.18733585467, 0.15823348427, 0.40838487057, 0.18243659395]
    ],
    [
      [0.0032514677718, 0, 0.13952361397, 0.82309400498, 0.034130913285],
      [0.32235187511, 0.075994801684, 0.037217670167, 0.53567088848, 0.028764764561],
      [0.00033298034536, 0.00085413485279, 0.93273496856, 0.063586473222, 0.0024914430194],
      [0.0007707046945, 0.65320503666, 0.056587432679, 0.25035195945, 0.039084866523],
      [0.0024766370551, 0.0049998990517, 0.11533226452, 0.84734458968, 0.029846609697],
      [0.0080801352209, 0.15108570971, 0.17914166933, 0.4446918325, 0.21700065324]
    ],
    [
      [0.02528175084, 0.0040863749431, 0.11821897998, 0.79592198966, 0.05649090458],
      [0.51330288117, 0.10559430055, 0.02101952655, 0.33093210291, 0.029151188823],
      [0.0020881654172, 0.018799281852, 0.90386022985, 0.068853524235, 0.0063987986481],
      [0.0007503002485, 0.80597996185, 0.0097154441708, 0.13731909189, 0.046235201838],
      [0.0083754203081, 0.041565672539, 0.089600948702, 0.80961654243, 0.050841416024],
