{
  "X": [
    [5, 94, 176, 19, 16],
    [17, 211, 296, 16, 18],
    [140, 1287, 3332, 271, 183],
    [0, 5, 4, 2, 1],
    [6, 12, 14, 1, 4],
    [24, 90, 320, 14, 28],
    [38, 414, 567, 96, 31],
    [145, 1214, 1393, 165, 112],
    [141, 2232, 2241, 315, 173],
    [9, 8, 91, 4, 5],
    [1, 12, 4, 1, 2],
    [45, 284, 866, 73, 59],
    [35, 321, 535, 65, 35],
    [15, 245, 358, 58, 47],
    [10, 96, 249, 38, 19],
    [11, 161, 361, 44, 22],
    [16, 260, 668, 83, 38],
    [18, 157, 468, 43, 29],
    [1, 9, 105, 11, 6],
    [2, 25, 77, 6, 3],
    [7, 35, 112, 13, 11],
    [0, 5, 16, 0, 1],
    [3, 36, 182, 14, 14],
    [3, 6, 103, 3, 8],
    [0, 9, 77, 5, 3],
    [7, 35, 240, 22, 10],
    [30, 152, 518, 34, 42],
    [4, 29, 160, 10, 5],
    [6, 42, 85, 20, 5],
    [27, 199, 389, 47, 31],
    [0, 3, 32, 6, 1],
    [10, 48, 107, 12, 9],
    [16, 208, 244, 41, 23],
    [20, 229, 217, 42, 22],
    [13, 172, 125, 19, 17],
    [10, 198, 167, 15, 18],
    [22, 211, 204, 46, 18],
    [12, 167, 349, 26, 22],
    [10, 149, 139, 30, 18],
    [19, 280, 188, 42, 21],
    [23, 282, 227, 36, 29],
    [32, 367, 452, 56, 51],
    [23, 399, 257, 57, 34],
    [24, 213, 359, 34, 24],
    [22, 134, 127, 24, 13],
    [13, 216, 153, 26, 21],
    [29, 290, 300, 42, 36],
    [7, 84, 174, 22, 8],
    [6, 25, 109, 10, 4],
    [4, 28, 177, 8, 7],
    [10, 62, 120, 21, 10],
    [0, 5, 98, 2, 1],
    [62, 122, 179, 10, 33],
    [88, 588, 795, 67, 107],
    [70, 449, 713, 84, 80]
  ],
  "W": [
    [13, 1, 106, 179, 11],
    [17, 12, 211, 302, 16],
    [143, 112, 1473, 3380, 105],
    [1, 0, 4, 4, 3],
    [5, 0, 15, 17, 0],
    [21, 19, 105, 328, 3],
    [55, 33, 468, 577, 13],
    [163, 225, 1250, 1349, 42],
    [175, 238, 2354, 2231, 104],
    [9, 2, 13, 92, 1],
    [0, 3, 12, 4, 1],
    [44, 30, 328, 900, 25],
    [26, 36, 357, 550, 22],
    [23, 23, 281, 368, 28],
    [10, 6, 117, 270, 9],
    [21, 19, 180, 362, 17],
    [26, 20, 302, 695, 22],
    [16, 24, 192, 469, 14],
    [4, 2, 13, 110, 3],
    [4, 8, 25, 74, 2],
    [6, 6, 44, 114, 8],
    [0, 1, 5, 14, 2],
    [3, 11, 47, 182, 6],
    [4, 2, 8, 107, 2],
    [1, 2, 12, 74, 5],
    [8, 5, 40, 253, 8],
    [36, 25, 156, 543, 16],
    [3, 7, 36, 159, 3],
    [12, 10, 46, 86, 4],
    [28, 44, 227, 386, 8],
    [1, 1, 7, 33, 0],
    [5, 6, 56, 109, 10],
    [18, 21, 243, 244, 6],
    [25, 24, 248, 223, 10],
    [20, 17, 189, 113, 7],
    [19, 34, 197, 151, 7],
    [33, 41, 231, 185, 11],
    [12, 44, 176, 335, 9],
    [17, 17, 169, 135, 8],
    [26, 40, 299, 176, 9],
    [37, 48, 287, 214, 11],
    [39, 94, 383, 425, 17],
    [44, 54, 423, 237, 12],
    [21, 48, 236, 343, 6],
    [21, 38, 131, 123, 7],
    [19, 44, 213, 144, 9],
    [35, 60, 310, 278, 14],
    [8, 15, 104, 161, 7],
    [6, 4, 26, 112, 6],
    [4, 3, 42, 173, 2],
    [14, 5, 71, 128, 5],
    [0, 1, 5, 100, 0],
    [53, 39, 128, 186, 0],
    [128, 98, 604, 781, 34],
    [101, 106, 458, 706, 25]
  ],
  "method": "mult",
  "cond_prob": [
    [
      [0.3805070964, 0.07175333148, 0.039775147881, 0.031111683484, 0.47685274075],
      [0.053407746751, 0.60306113471, 0.1937966949, 0.0060134799374, 0.1437209437],
      [0, 0.85256193463, 0.05909954067, 0.083586072009, 0.0047524526956],
      [0, 0.0092232574903, 0.92976803471, 0.035835411376, 0.025173296426],
      [0, 0.040147035906, 0.23600880537, 0.30135203322, 0.4224921255]
    ],
    [
      [0.65094028486, 0.056480310831, 0.028683851717, 0.011108892993, 0.2527866596],
      [0.11179894803, 0.61518265342, 0.17704288474, 0.0026003088428, 0.093375204962],
      [0.0031562088975, 0.9166229547, 0.040564311801, 0.037054217692, 0.0026023069098],
      [0.012991820569, 0.027294045484, 0.92586079055, 0.015849673672, 0.018003669725],
      [0.00018361823087, 0.062962356057, 0.3261769605, 0.19843148319, 0.41224558202]
    ],
    [
      [0.59620216156, 0.048930960941, 0.032456491, 0.023834020338, 0.29857636616],
      [0.1096750752, 0.57042731962, 0.19834214535, 0.0058421381731, 0.11571332166],
      [0.019470300165, 0.82262668505, 0.067402411374, 0.084311615958, 0.0061889874513],
      [0.0040730530222, 0, 0.94017867546, 0.032266647916, 0.023481623603],
      [0.00012201062961, 0.041770530547, 0.26720691907, 0.3208108129, 0.37008972686]
    ],
    [
      [0, 0.2126369947, 0.057086864454, 0.088925911774, 0.64135022907],
      [0, 0.78886609604, 0.13711262703, 0.0066896022998, 0.067331674627],
      [0, 0.92970444861, 0, 0.070295551392, 0],
      [0, 0.08675034887, 0.86776368138, 0.045485969748, 0],
      [0, 0.24051460513, 0.15728613667, 0.48264933456, 0.11954992364]
    ],
    [
      [0.65359027651, 0.0013017362772, 0, 0.0053232843618, 0.33978470285],
      [0.17427770383, 0.48137049482, 0.13845339457, 0.0025774337617, 0.20332097301],
      [0.10703901244, 0.79956608791, 0, 0.04513830405, 0.048256595602],
      [0.066262554755, 0, 0.82352941176, 0.017429942203, 0.092778091278],
      [0.00013417745645, 0.030059433828, 0.16573455776, 0.14770927817, 0.65636255279]
    ],
    [
      [0.58380366778, 0.031698064331, 0.024382091452, 0.011637070866, 0.34847910557],
      [0.13533075979, 0.49960394625, 0.18926379644, 0.0036211189231, 0.1721803786],
      [0.087315836567, 0.75940927331, 0.078971277553, 0.061278587218, 0.013025025355],
      [0, 0, 0.93559300448, 0.020327430219, 0.044079565305],
      [0.0002252337235, 0.034630657707, 0.24182477866, 0.19505716086, 0.52826216905]
    ],
    [
      [0.60000587933, 0.059860754216, 0.03621518868, 0.042577927724, 0.26134025005],
      [0.096684795697, 0.60518639742, 0.19958876361, 0.0093051712827, 0.089234872],
      [0, 0.81954034897, 0.05530553649, 0.12243976437, 0.0027143501666],
      [0.0031353178141, 0.01155491714, 0.91746744312, 0.052170066555, 0.015672255367],
      [0, 0.040341299565, 0.24307920488, 0.45747732274, 0.25910217282]
    ],
    [
      [0.6257711632, 0.053248881999, 0.032446802445, 0.024339752982, 0.26419339937],
      [0.11090123635, 0.5908888453, 0.1939489313, 0.0057230957679, 0.098537891288],
      [0.0025686293861, 0.85263673087, 0.059203431577, 0.080938981836, 0.0046522263323],
      [0.010994186899, 0.0034266664769, 0.93278811301, 0.032921487737, 0.01986954588],
      [0.00010898475086, 0.046475128085, 0.2794573272, 0.33714546343, 0.33681309653]
    ],
    [
      [0.57039658667, 0.059619270015, 0.033406084669, 0.027230097089, 0.30934796156],
      [0.09348970225, 0.60631915062, 0.1873589522, 0.0060044160555, 0.10682777888],
      [0.00048303093262, 0.86678677303, 0.046308231281, 0.082510702484, 0.0039112622704],
      [0.0079745329571, 0.014339062668, 0.92078761555, 0.035634103187, 0.021264685642],
      [1.7407259326e-05, 0.04669382086, 0.26226690231, 0.33726734742, 0.35375452215]
    ],
    [
      [0.70418793279, 0.022275479479, 0.029364982004, 0.016279453229, 0.2278921525],
      [0.17443184481, 0.45497081849, 0.24099667129, 0.0058327431783, 0.12376792224],
      [0.17793772531, 0.52778058393, 0.18633135963, 0.09991364854, 0.0080366825939],
      [0, 0, 0.95152259893, 0.024279535091, 0.024197865984],
      [0.00025448629207, 0.02843145662, 0.29133504311, 0.30922477519, 0.37075423879]
    ],
    [
      [1, 0, 0, 0, 0],
      [0.2586721134, 0.42696565617, 0.09565828653, 0.003760706349, 0.21494323754],
      [0.0087807223597, 0.88980111682, 0.0089693032336, 0.061910271228, 0.030538586364],
      [0.029563805852, 0.0046038771639, 0.87569771687, 0.025895638357, 0.064238961754],
      [0.0003597680672, 0.023074121039, 0.10260263411, 0.1422120728, 0.73175140399]
    ],
    [
      [0.58803604155, 0.042211403225, 0.027965350087, 0.023298214746, 0.31848899039],
      [0.11889998923, 0.54779179257, 0.1905294638, 0.0063417024583, 0.13643705194],
      [0.026126524379, 0.80727113683, 0.064000358346, 0.094139618943, 0.0084623615048],
      [0.0077607619861, 0, 0.92459484915, 0.036516598339, 0.031127790527],
      [0.00020914843211, 0.036960464066, 0.23704635645, 0.32167575837, 0.40410827268]
    ],
    [
      [0.66114887389, 0.04153412619, 0.025351201385, 0.023205766654, 0.24876003188],
      [0.13930056725, 0.55885136604, 0.18369064727, 0.0066201578682, 0.11153726157],
      [0.0064168147628, 0.83473508806, 0.055053277354, 0.096608940913, 0.0071858789097],
      [0.019086309751, 0.0016483370914, 0.91396616666, 0.039558839102, 0.0257403474],
      [0.00031980111274, 0.040656895622, 0.24511789939, 0.35961686235, 0.35428854153]
    ],
    [
      [0.42545624618, 0.048303803296, 0.029716127383, 0.030736425987, 0.46578739715],
      [0.075816681536, 0.55535397689, 0.18348000854, 0.0076131164666, 0.17773621656],
      [0.0033976177844, 0.81928108447, 0.054118181135, 0.10970657005, 0.013496546558],
      [0.0068311666428, 0, 0.9033449915, 0.046933658368, 0.042890183491],
      [7.5812159804e-05, 0.032067368565, 0.19494011083, 0.32210100211, 0.45081570633]
    ],
    [
      [0.5440895399, 0.040390847428, 0.025513835518, 0.035991843327, 0.35401393383],
      [0.10963489845, 0.54103352846, 0.18331007891, 0.010207390513, 0.15581410367],
      [0.0033874190482, 0.78679547671, 0.054206943974, 0.14555225311, 0.010057907154],
      [0.012976574921, 0.0001170277, 0.88763743503, 0.062288127356, 0.036980834995],
      [0.00014355033831, 0.029246900095, 0.18229791875, 0.41460324704, 0.37370838378]
    ],
    [
      [0.46416331423, 0.067152980622, 0.05429991709, 0.043578456947, 0.37080533111],
      [0.065924757957, 0.60554763264, 0.20952820572, 0.0083442567671, 0.11065514691],
      [0, 0.81904003236, 0.067083373401, 0.11047316818, 0.003403426065],
      [0, 0, 0.93812427869, 0.044815369412, 0.017060351897],
      [0, 0.038657444838, 0.24721586671, 0.40105750157, 0.31306918688]
    ],
    [
      [0.4616879136, 0.061228445227, 0.039316060011, 0.044610683983, 0.39315689718],
      [0.069678398968, 0.59253515022, 0.20202865058, 0.009181517604, 0.12657628263],
      [0.00025258095148, 0.8102791904, 0.061101729886, 0.12272423589, 0.0056422628713],
      [0.0036349162873, 0.0015409190652, 0.92027822178, 0.051192598781, 0.023353344084],
      [0, 0.035550144011, 0.22232376652, 0.40976893058, 0.33235715889]
    ],
    [
      [0.57429474765, 0.040824250809, 0.031046437543, 0.026269601351, 0.32756496265],
      [0.1137241106, 0.53284887096, 0.20714432961, 0.0070692197981, 0.13921346903],
      [0.031667406818, 0.74528606655, 0.10881870504, 0.10586563969, 0.0083621819004],
      [0, 0, 0.93448718201, 0.03696275063, 0.028550067359],
      [0.00012594816199, 0.033108164698, 0.24029381133, 0.33916373121, 0.3873083446]
    ],
    [
      [0.23225270861, 0.054620602506, 0.091410512993, 0.069107258064, 0.55260891783],
      [0.035494582779, 0.5415681518, 0.24210203024, 0.013744219976, 0.1670910152],
      [0, 0.58718100547, 0.22405313754, 0.18145667584, 0.0073091811454],
      [0, 0, 0.91513870856, 0.063221164388, 0.021640127056],
      [0, 0.021676071751, 0.1907350528, 0.46093921972, 0.32664965573]
    ],
    [
      [0.5, 0.074763525164, 0.070978532902, 0.042228065273, 0.31202987666],
      [0, 0.62442315661, 0.28778773127, 0.0071687590281, 0.080620353095],
      [0, 0.78481970547, 0.11905573426, 0.094632067661, 0.0014924926037],
      [0, 0, 0.9574369683, 0.035188266453, 0.0073747652443],
      [0, 0.042534004842, 0.29352750362, 0.40200212883, 0.26193636271]
    ],
    [
      [0.61541655033, 0.030619180651, 0.024440166762, 0.023126612791, 0.30639748947],
      [0.13828077865, 0.50229702693, 0.19648282133, 0.0076010269282, 0.15533834616],
      [0.056212450597, 0.71776812966, 0.095977210056, 0.11819328128, 0.011848928408],
      [0, 0, 0.91874277959, 0.042592133279, 0.038665087134],
      [0.00055852497746, 0.027588131174, 0.21434849451, 0.34495332396, 0.41255152538]
    ],
    [
      [0, 0.12172046781, 0.084407015362, 0, 0.79387251683],
      [7.2967251373e-17, 0.66840919668, 0.22707322786, 0, 0.10451757546],
      [0, 0.84554392452, 0.15445607548, 0, 0],
      [0, 0, 1, 0, 0],
      [0, 0.051935590348, 0.50032319738, 0, 0.44774121227]
    ],
    [
      [0.40372764797, 0.039252875615, 0.033990930179, 0.028518887893, 0.49450965834],
      [0.071604640667, 0.49742153042, 0.22265880197, 0.0074247805762, 0.20089024637],
      [0.021299375805, 0.64390247453, 0.2066325608, 0.11619534661, 0.011970242266],
      [0, 0, 0.92564599392, 0.036197827176, 0.038156178899],
      [1.5890987159e-05, 0.024531372636, 0.21157985602, 0.29726415223, 0.46660872813]
    ],
    [
      [0.4706438969, 0.030883841814, 0.028133313447, 0.012364552247, 0.45797439559],
      [0.092783798089, 0.48242449847, 0.21070039173, 0.0037401174728, 0.21035119423],
      [0.11646399984, 0.60735674181, 0.20066126539, 0.06278404514, 0.012733947825],
      [0, 0, 0.93835215956, 0.019536106408, 0.042111734034],
      [7.2408752021e-05, 0.026380850672, 0.2285473835, 0.17521290465, 0.56978645243]
    ],
    [
      [9.8607613153e-32, 0.11861285761, 0.10398292681, 0.071760441841, 0.70564377374],
      [8.8707153219e-33, 0.61098325841, 0.27162331913, 0.0073285227126, 0.11006489976],
      [0, 0.62444095309, 0.27597955113, 0.096053303278, 0.0035261925002],
      [0, 0, 0.9665530428, 0.026780623307, 0.0066663338936],
      [0, 0.033225837702, 0.30321813084, 0.35583534974, 0.30772068172]
    ],
    [
      [0.59582207822, 0.051751624414, 0.03484330517, 0.040021949314, 0.27756104288],
      [0.098955531777, 0.58461686891, 0.20533025657, 0.0094408861507, 0.10165645659],
      [0.021725178358, 0.78437947273, 0.06231609794, 0.12667251607, 0.0049067348959],
      [0.0034373004379, 0, 0.92616195597, 0.051343622828, 0.019057120761],
      [1.9627679512e-07, 0.035965468843, 0.23537293711, 0.44697284456, 0.28168855321]
    ],
    [
      [0.54789933921, 0.048554169294, 0.02878035843, 0.020589645224, 0.35417648785],
      [0.10119904032, 0.57138648282, 0.18339704999, 0.0051478952049, 0.13886953167],
      [0.0031947970627, 0.8557185203, 0.057782931947, 0.075215139519, 0.0080886111697],
      [0.013341530821, 0.0033441636296, 0.91985240603, 0.03122260271, 0.032239296809],
      [0.00017551266623, 0.041213613568, 0.24281168682, 0.2776650222, 0.43813416475]
    ],
    [
      [0.65418355519, 0.04344786209, 0.035317229239, 0.026704301607, 0.24034705188],
      [0.11382667968, 0.55192911147, 0.23051499451, 0.0069256951742, 0.09680351916],
      [0.034458144614, 0.69152412724, 0.16824867589, 0.1009341041, 0.0048349481573],
      [0, 0, 0.95190288644, 0.032219876038, 0.015877237522],
      [5.6456857365e-05, 0.037094684207, 0.29031069156, 0.37160639716, 0.30093177022]
    ],
    [
      [0.43661154405, 0.13677334067, 0.094145582286, 0.082055584445, 0.25041394854],
      [0.076066147139, 0.61380402239, 0.21767668609, 0.016846813834, 0.075606330548],
      [0, 0.74137522675, 0.064086330984, 0.19453844227, 0],
      [0, 0, 0.9065143247, 0.086903334003, 0.0065823412977],
      [0, 0.029354814375, 0.19632075057, 0.60610244496, 0.1682219901]
    ],
    [
      [0.57411084723, 0.041581972365, 0.031073982692, 0.029871550173, 0.32336164754],
      [0.11333408995, 0.54021492405, 0.20287901214, 0.0078971170401, 0.13567485682],
      [0.026154645454, 0.76564389533, 0.083568101816, 0.11605464992, 0.0085787074816],
      [0, 0, 0.92851150189, 0.042756145862, 0.028732352247],
      [0.00013647519539, 0.033135484468, 0.22848163853, 0.37098070138, 0.36726570043]
    ],
    [
      [0, 0.049682671209, 0.072524775439, 0.18478587054, 0.69300668281],
      [0, 0.47500225691, 0.32684283218, 0.033106608983, 0.16504830193],
      [0, 0.35361643884, 0.27237674878, 0.37097058514, 0.0030362272402],
      [0, 0, 0.89981803488, 0.096524649227, 0.0036573158962],
      [0, 0.0095762598943, 0.13066708928, 0.66022584175, 0.19953080908]
    ],
    [
      [0.76099456401, 0.02596180359, 0.017550677925, 0.014045699959, 0.18144725452],
      [0.20400899641, 0.50356220124, 0.17585222865, 0.0054908775356, 0.11108569616],
      [0.045535464283, 0.79425225465, 0.062008059996, 0.089591143842, 0.0086130772297],
      [0.022049336376, 0, 0.91647039753, 0.032897994696, 0.028582271394],
      [0.0017609536697, 0.037069151423, 0.24894085475, 0.32938407579, 0.38284496436]
    ],
    [
      [0.53662765516, 0.04297787955, 0.028186165968, 0.028840287806, 0.36336801151],
      [0.10454006804, 0.54741574131, 0.1886461975, 0.0077159665602, 0.15168202659],
      [0.010002127239, 0.80465816289, 0.062350342779, 0.11235807511, 0.010631291984],
      [0.007024839205, 0, 0.91442337427, 0.044709879142, 0.033841907384],
      [0.00013051549174, 0.033122336323, 0.2101070414, 0.35110279337, 0.40553731341]
    ],
    [
      [0.57351155899, 0.052305514187, 0.027472028926, 0.031276494589, 0.31543440331],
      [0.10315167226, 0.58898053833, 0.1790364542, 0.0077915965839, 0.12103973862],
      [0.0028367562362, 0.84616881689, 0.037043430576, 0.10715376727, 0.0067972290301],
      [0.011129972218, 0.014832897542, 0.89963265309, 0.047655329126, 0.026749148019],
      [0.00010715396248, 0.039922648594, 0.22114719531, 0.38298166386, 0.35584133827]
    ],
    [
      [0.52249438113, 0.052120329458, 0.034005961361, 0.021136873981, 0.37024245407],
      [0.088237790247, 0.57733984837, 0.19547620204, 0.0049003668676, 0.13404579247],
      [0.0020430996517, 0.85106292341, 0.069097246555, 0.071165917219, 0.0066308131633],
      [0.0058733146927, 0, 0.93911472069, 0.027984759085, 0.027027205529],
      [3.4221241465e-05, 0.041703351988, 0.25963461439, 0.26876002181, 0.42986779057]
    ],
    [
      [0.45366368418, 0.069760276512, 0.042887831879, 0.019172760603, 0.41451544683],
      [0.040599705902, 0.63471057638, 0.20059385775, 0.0035663184487, 0.12052954151],
      [0, 0.88152609889, 0.068115066934, 0.050358834177, 0],
      [0, 0.0071871505905, 0.95277213751, 0.020245929678, 0.019794782217],
      [0, 0.049784846998, 0.29681129714, 0.21951957243, 0.43388428343]
    ],
    [
      [0.58916928627, 0.057872829195, 0.041460795621, 0.044853071885, 0.26664401703],
      [0.06237594032, 0.61965443564, 0.21869204459, 0.0098091048397, 0.089468474616],
      [0, 0.79339275608, 0.077261111725, 0.12848776467, 0.00085836753173],
      [0, 0, 0.9355033196, 0.050642366635, 0.013854313761],
      [0, 0.037330738342, 0.24999899829, 0.46074216944, 0.25192809393]
    ],
    [
      [0.52067853305, 0.054207326208, 0.038629574798, 0.024317564632, 0.36216700131],
      [0.083691744806, 0.57251077711, 0.2131977258, 0.0052568461828, 0.1253429061],
      [0.011756981281, 0.7999683315, 0.10528985094, 0.077108954196, 0.0058758820833],
      [0, 0, 0.94967745548, 0.027764138743, 0.022558405781],
      [2.1347378123e-05, 0.040512394349, 0.27586486852, 0.28941395277, 0.39418743698]
    ],
    [
      [0.46727888667, 0.052442320835, 0.033108016738, 0.035909075113, 0.41126170064],
      [0.078061443344, 0.57273973791, 0.19266730609, 0.0084507749835, 0.14808073768],
      [0, 0.81600139125, 0.059131370526, 0.11703223128, 0.007835006938],
      [0.005401588072, 0.0014568712542, 0.91476043051, 0.048275832323, 0.030105277837],
      [0, 0.033874032503, 0.20949497171, 0.36877476228, 0.38785623351]
    ],
    [
      [0.55556908459, 0.057305600817, 0.033375655555, 0.032428022151, 0.32132163689],
      [0.091184704678, 0.59802117887, 0.1907717368, 0.0074068327407, 0.11261554692],
      [0, 0.84478524629, 0.050915276838, 0.10040649683, 0.0038929800365],
      [0.0051580432589, 0.0092360688487, 0.9210112716, 0.04242345069, 0.0221711656],
      [0, 0.041430051624, 0.2421902119, 0.37472536007, 0.34165437641]
    ],
    [
      [0.51367886367, 0.061613724171, 0.035058026838, 0.027884436418, 0.3617649489],
      [0.080001869334, 0.60365109223, 0.19017359438, 0.006031386891, 0.12014205717],
      [0, 0.86144874224, 0.053254135731, 0.082516062685, 0.0027810593396],
      [0.00071865568305, 0.014142180849, 0.92758819398, 0.034926222058, 0.022624747431],
      [0, 0.043893095717, 0.25333727369, 0.32022252461, 0.38254710599]
    ],
    [
      [0.50380283535, 0.049582930698, 0.034610979078, 0.026378029182, 0.38562522569],
      [0.088112755167, 0.56114232646, 0.20144202742, 0.0061731790319, 0.14312971192],
      [0.010621731376, 0.81381866534, 0.077337447235, 0.09010081826, 0.0081213377928],
      [0, 0, 0.93643485443, 0.034461445176, 0.029103700398],
      [5.6901088254e-05, 0.036843423016, 0.24173916569, 0.30801473174, 0.41334577847]
    ],
    [
      [0.46900443982, 0.065343342547, 0.038027769638, 0.035263815321, 0.39236063267],
      [0.043774160143, 0.63202883512, 0.19372530633, 0.0072500170201, 0.12322168139],
      [0, 0.84787063393, 0.054058192634, 0.097099551005, 0.00097162243561],
      [0, 0.01204270845, 0.92457485604, 0.041037885159, 0.022344550353],
      [0, 0.040994648191, 0.23956293578, 0.35481686241, 0.36462555362]
    ],
    [
      [0.61430603192, 0.042895000106, 0.032288010991, 0.022621536234, 0.28788942075],
      [0.11910257371, 0.54822391848, 0.2079564856, 0.0057794517136, 0.1189375705],
      [0.022804377063, 0.78623257169, 0.096168087078, 0.087575755675, 0.0072192084981],
      [0, 0, 0.94470187662, 0.031073707851, 0.024224415528],
      [0.00013613415584, 0.038928332115, 0.26860470485, 0.32022898743, 0.37210184145]
    ],
    [
      [0.67721871763, 0.048705908192, 0.026448551024, 0.030254866946, 0.21737195621],
      [0.13035071386, 0.5889931226, 0.18369637048, 0.0080234490633, 0.088936343996],
      [0.0063487077346, 0.83434176542, 0.044657160084, 0.10928541457, 0.00536695219],
      [0.016189332978, 0.0081202655057, 0.9096490173, 0.04666261919, 0.019378765022],
      [0.00030159048639, 0.042553334493, 0.24674303585, 0.42912360871, 0.28127843046]
    ],
    [
      [0.49061979665, 0.061959847147, 0.033776445707, 0.027478832784, 0.38616507771],
      [0.075293629958, 0.60800000961, 0.18328546915, 0.0060212966097, 0.12739959468],
      [0, 0.87052861344, 0.044426640719, 0.081341956448, 0.0037027893947],
      [0.0025368343431, 0.015653888613, 0.92114404915, 0.035307264283, 0.025357963609],
      [0, 0.043778650969, 0.24289659312, 0.3114313718, 0.40189338411]
    ],
    [
      [0.548249526, 0.047556312685, 0.033176085179, 0.024620436121, 0.34639764002],
      [0.099432166493, 0.5618446179, 0.19946016221, 0.0059564736801, 0.13330657972],
      [0.011310372921, 0.8196410607, 0.073378320536, 0.087437473991, 0.008232771849],
      [0.001213671191, 0, 0.93751151608, 0.033524335816, 0.027750476908],
      [0.00012288600761, 0.038294511733, 0.24969617488, 0.31110814434, 0.40077828304]
    ],
    [
      [0.61298857761, 0.049291147983, 0.042261550081, 0.037333075376, 0.25812564895],
      [0.10036261152, 0.56000806675, 0.23813891085, 0.0084452671372, 0.093045143743],
      [0.005679348137, 0.72081972955, 0.15057383711, 0.11921090902, 0.0037161761758],
      [0, 0, 0.94714170974, 0.038604912189, 0.014253378069],
      [0, 0.034328277333, 0.27718994409, 0.42304728416, 0.26543449441]
    ],
    [
      [0.72331522056, 0.049514658095, 0.031116789076, 0.029300103938, 0.16675322833],
      [0.12481408649, 0.60480233648, 0.19790598267, 0.0073991018394, 0.065078492525],
      [0.0021704372718, 0.83516997767, 0.059735408181, 0.10007026876, 0.002853908113],
      [0.0098601328117, 0.0026175649214, 0.93554762558, 0.040326485353, 0.011648191336],
      [1.4347782507e-05, 0.046019335823, 0.28120344291, 0.44603493693, 0.22672793655]
    ],
    [
      [0.57749257195, 0.036850488028, 0.035324399837, 0.019175154149, 0.33115738604],
      [0.10782152836, 0.50478079606, 0.24050084538, 0.0053121614921, 0.14158466871],
      [0.032533905201, 0.6255817142, 0.24948436983, 0.084302542438, 0.0080974683319],
      [0, 0, 0.95425792023, 0.022154182338, 0.023587897429],
      [7.0554327711e-05, 0.031911831588, 0.2861180658, 0.26699128601, 0.41490826227]
    ],
    [
      [0.5806080357, 0.049603125411, 0.02826405462, 0.041540604739, 0.29998417953],
      [0.10442220831, 0.5806747173, 0.18764289911, 0.010477433599, 0.11678274169],
      [0.001857183498, 0.80208834435, 0.048576075774, 0.14097034039, 0.0065080559868],
      [0.0095099245791, 0.010027570803, 0.89227201094, 0.062917603629, 0.025272890053],
      [4.9216841634e-05, 0.034076229203, 0.201273992, 0.46073938671, 0.30386117525]
    ],
    [
      [1.1102230246e-16, 0.22514430642, 0.14188636462, 0.05455072945, 0.57841859952],
      [2.1895288505e-47, 0.72790975157, 0.21757423202, 0.0033170536426, 0.051198962766],
      [0, 0.85441804969, 0.10498510816, 0.038542126664, 0.0020547154852],
      [0, 0, 0.97257500227, 0.01803972313, 0.0093852745981],
      [5.5511151231e-17, 0.066127392157, 0.40781357268, 0.27352585872, 0.25253317644]
    ],
    [
      [0.68478441911, 0.021564814688, 0.010946825732, 0.0084719597015, 0.27423198077],
      [0.17762579443, 0.50586956842, 0.1687255074, 0.0025648546017, 0.14521427515],
      [0.096492413662, 0.79006368479, 0.041112703554, 0.049209013881, 0.023122184113],
      [0.034559090623, 0, 0.89557579244, 0.016947328116, 0.052917788827],
      [0.00016583670271, 0.041915203565, 0.26399388467, 0.18919112879, 0.50473394628]
    ],
    [
      [0.5258059199, 0.051315046281, 0.030964304087, 0.017567573104, 0.37434715663],
      [0.093520315893, 0.57514780867, 0.18708863649, 0.0041455349751, 0.14009770397],
      [0.0039136718032, 0.86654518986, 0.059492689941, 0.061393343938, 0.0086551044587],
      [0.011730817443, 0.00024958937017, 0.93206138927, 0.024644119579, 0.031314084338],
      [0.0001830912762, 0.043498966271, 0.25965743991, 0.2357779731, 0.46088252944]
    ],
    [
      [0.53380572752, 0.052412466273, 0.033444958064, 0.029254169442, 0.3510826787],
      [0.092728055965, 0.57708796022, 0.19453170675, 0.006864317432, 0.12878795964],
      [0.0015800821532, 0.83310547273, 0.062416626086, 0.096342474423, 0.0065553446087],
      [0.0078354289924, 0, 0.9269261508, 0.039143902078, 0.026094518129],
      [3.8283746228e-05, 0.038908424556, 0.2402008443, 0.34229052341, 0.37856192398]
    ]
  ],
  "expected_outcome": [
    [
      [4.9465922532, 11.0659848426, 85.2569091032, 0, 3.2679513826, 12.2598770233, 33.0003233633, 102.0006996014, 99.8194026666, 6.3376913951, 0, 25.8735858284, 17.1898707211, 9.7854936622, 5.440895399, 9.7474295988, 12.0038857536, 9.1887159623, 0.92901083444, 2, 3.692499302, 0, 1.2111829439, 1.8825755876, 9.8607613153e-32, 4.7665766258, 19.7243762114, 1.9625506656, 5.2393385286, 16.0751037225, 0, 3.80497282, 9.659297793, 14.3377889747, 10.4498876227, 8.6196099993, 19.4425864469, 6.2481423966, 7.9437410734, 14.4447961993, 19.0061179558, 19.6483105787, 20.6361953523, 12.9004266702, 14.2215930703, 9.3217761364, 19.1887334098, 4.9039086209, 4.3398913234, 2.3099702878, 8.1285124998, 0, 36.2935742127, 67.3031577468, 53.9143784793],
      [0.93279330923, 0.96016528413, 6.9971274145, 0.2126369947, 0.0065086813859, 0.66565935096, 3.2923414819, 8.6795677659, 10.4333722526, 0.20047931531, 0, 1.8573017419, 1.079887281, 1.1109874758, 0.40390847428, 1.4102125931, 1.5919395759, 0.65318801294, 0.21848241003, 0.29905410066, 0.18371508391, 0, 0.11775862684, 0.12353536725, 0.11861285761, 0.41401299531, 1.7479500946, 0.13034358627, 1.6412800881, 1.1642952262, 0.049682671209, 0.12980901795, 0.77360183191, 1.3076378547, 1.0424065892, 1.3254452537, 1.9098033634, 0.6504879145, 0.89151945419, 1.4899456212, 2.2797077943, 1.9337342972, 2.8751070721, 0.90079500223, 1.022824072, 1.1772370958, 1.664470944, 0.39432918387, 0.29708794857, 0.14740195211, 0.69444375576, 0, 1.1429351785, 6.5683259239, 5.2936590936],
      [0.51707692245, 0.48762547919, 4.641278213, 0.057086864454, 0, 0.5120239205, 1.9918353774, 5.2888287985, 5.846064817, 0.26428483804, 0, 1.2304754038, 0.65913123601, 0.6834709298, 0.25513835518, 1.1402982589, 1.0222175603, 0.4967430007, 0.36564205197, 0.28391413161, 0.14664100057, 0, 0.10197279054, 0.11253325379, 0.10398292681, 0.27874644136, 1.0360929035, 0.10595168772, 1.1297469874, 0.87007151537, 0.072524775439, 0.087753389625, 0.50735098743, 0.68680072314, 0.68011922721, 0.8148688057, 1.3682062555, 0.46355489758, 0.56283628455, 0.86776704444, 1.297146993, 1.3498281841, 1.6732218641, 0.67804823081, 0.55541957151, 0.64175246844, 1.1611629812, 0.33809240065, 0.18670073445, 0.14129759935, 0.39569676468, 0, 0.58018176378, 3.9634309231, 3.3779407644],
      [0.40445188529, 0.18885118089, 3.4082649084, 0.088925911774, 0.026616421809, 0.24437848819, 2.3417860248, 3.9673797361, 4.7652669906, 0.14651507906, 0, 1.0251214488, 0.603349933, 0.70693779771, 0.35991843327, 0.91514759589, 1.1598777836, 0.42031362161, 0.27642903226, 0.16891226109, 0.13875967675, 0, 0.08555666368, 0.04945820899, 0.071760441841, 0.32017559451, 0.74122722807, 0.080112904822, 0.98466701334, 0.83640340484, 0.18478587054, 0.070228499795, 0.51912518051, 0.78191236474, 0.42273747961, 0.36428245145, 1.4801513722, 0.29181077558, 0.61045427692, 0.84312857592, 1.0317241475, 1.0287431381, 1.5516078741, 0.47505226092, 0.63535220586, 0.52209782289, 0.86171526425, 0.29866460301, 0.17580062363, 0.076700616596, 0.58156846635, 0, 0.44901386418, 2.2486493573, 2.9546711137],
      [6.1990856298, 4.2973732132, 42.6964203609, 0.64135022907, 1.6989235142, 7.318061217, 14.3737137526, 43.0635240981, 54.1358932731, 2.0510293725, 0, 14.013515577, 6.467760829, 10.7131101344, 3.5401393383, 7.7869119533, 10.2220793266, 5.2410394024, 2.2104356713, 1.2481195066, 1.8383849368, 0, 1.483528975, 1.8318975824, 0.70564377374, 2.220488343, 12.7503535625, 0.72104115563, 3.0049673825, 9.054126131, 0.69300668281, 0.9072362726, 6.5406242072, 7.8858600827, 7.4048490813, 7.8757934898, 8.799252562, 4.3460040157, 6.9914489109, 8.3543625591, 13.3853031094, 15.0393838019, 17.2638678374, 6.0456778358, 4.5648110803, 7.3371364765, 12.1239174007, 2.0650051916, 1.00051937, 1.3246295441, 4.1997785135, 0, 14.5342949809, 47.9164360489, 35.4593505491]
    ],
    [
      [0.053407746751, 1.3415873764, 12.2836084226, 0, 0, 2.571284436, 3.190598258, 24.9527781794, 22.2505491356, 0.34886368961, 0.77601634021, 3.5669996769, 5.014820421, 1.7437836753, 0.65780939069, 1.2525704012, 1.3935679794, 2.7293786544, 0.070989165557, 0, 0.82968467193, 7.2967251373e-17, 0.78765104734, 0.18556759618, 1.7741430644e-32, 0.49477765888, 2.5299760081, 0.79678675775, 0.76066147139, 4.9866999579, 0, 1.2240539785, 2.1953414289, 2.4756401343, 1.5000424342, 1.3803900007, 2.5574135531, 3.6824367715, 1.3270445368, 3.6473881871, 3.840089728, 8.2825989857, 2.3638046477, 5.716923538, 4.9533271268, 3.3129197182, 5.9659299896, 1.5054391728, 0.49925634598, 0.32346458509, 0.52211104154, 2.1895288505e-47, 6.9274059829, 9.1649909575, 9.8291739323],
      [0.60306113471, 7.3821918411, 63.8878597971, 0, 0, 9.4924749787, 19.9711511147, 132.9499901914, 144.3039578471, 0.90994163698, 1.2808969685, 16.4337537771, 20.1186491776, 12.7731414685, 3.2462011708, 11.5054050202, 11.8507030044, 12.788372903, 1.0831363036, 4.9953852528, 3.0137821616, 0.66840919668, 5.4716368346, 0.96484899694, 1.2219665168, 2.9230843446, 14.2846620704, 3.8635037803, 6.1380402239, 23.7694566582, 0.47500225691, 3.0213732074, 11.4957305675, 14.13553292, 9.8147774223, 21.5801595971, 25.4058318611, 25.1904741929, 9.7365755444, 23.9208471546, 28.975252427, 52.7473786877, 34.1295570964, 26.3147480872, 22.3817386588, 26.7520004228, 33.7106770737, 8.4001210013, 2.4192093459, 1.5143423882, 2.9033735865, 0.72790975157, 19.7289131684, 56.3644852497, 61.1713237829],
      [0.1937966949, 2.1245146168, 22.2143202791, 0, 0, 3.5960121323, 6.586429199, 43.6385095416, 44.5914306236, 0.48199334257, 0.28697485959, 5.7158839141, 6.6128633016, 4.2200401965, 1.0998604735, 3.9810359086, 4.0405730116, 4.9714639107, 0.48420406049, 2.3023018502, 1.178896928, 0.22707322786, 2.4492468216, 0.42140078347, 0.54324663825, 1.0266512828, 4.5849262496, 1.6136049616, 2.1767668609, 8.9266765342, 0.32684283218, 1.0551133719, 3.9615701474, 4.2968749008, 3.3230954347, 6.8201911636, 8.9663738281, 9.3806999353, 3.2753442035, 7.630869472, 9.1283325302, 18.9355505773, 10.4611665416, 9.9819113087, 6.9804620782, 8.0645606424, 11.9676097328, 3.5720836627, 0.79162393066, 0.72150253613, 0.93821449554, 0.21757423202, 6.5802947884, 18.3346863763, 20.6203609152],
      [0.0060134799374, 0.031203706113, 0.65431947539, 0, 0, 0.068801259539, 0.30707065233, 1.2876965478, 1.4290510212, 0.011665486357, 0.011282119047, 0.19025107375, 0.23832568325, 0.17510167873, 0.06124434308, 0.15854087858, 0.18363035208, 0.16966127515, 0.027488439952, 0.057350072225, 0.045606161569, 0, 0.081672586338, 0.0074802349456, 0.014657045425, 0.047204430753, 0.12869738012, 0.048479866219, 0.16846813834, 0.34747314977, 0.033106608983, 0.032945265214, 0.16203529776, 0.18699831801, 0.083306236749, 0.12125482726, 0.40217329843, 0.23130123204, 0.14366317472, 0.29627330963, 0.28950657077, 0.580278829, 0.39150091909, 0.27741368225, 0.30489106441, 0.26493705083, 0.35738842081, 0.12667900706, 0.029596407357, 0.015936484476, 0.052387167995, 0.0033170536426, 0.10002932947, 0.40626242756, 0.72761764779],
      [0.1437209437, 1.1205024595, 12.9598920258, 0, 0, 3.2714271935, 2.944750776, 22.1710255398, 25.4250113724, 0.24753584448, 0.64482971263, 4.0931115581, 4.0153414166, 4.087932981, 0.934884622, 2.1024477914, 2.5315256525, 3.3411232568, 0.33418203041, 0.64496282476, 0.93203007698, 0.10451757546, 2.20979271, 0.42070238847, 0.22012979951, 0.50828228297, 3.4717382918, 0.67762463412, 0.75606330548, 5.9696936999, 0.16504830193, 0.66651417698, 3.1853225584, 2.9049537268, 2.278778472, 4.0980044114, 3.6682074593, 5.5150878682, 2.5173725406, 4.5046218766, 5.7668187441, 13.4541929203, 6.6539707952, 5.7090033838, 3.3795810718, 5.6055821658, 7.9983947832, 1.3956771561, 0.2603139701, 0.42475400613, 0.58391370843, 0.051198962766, 5.6633567308, 13.7295749889, 13.6515237219]
    ],
    [
      [0, 0.66596007736, 28.6797521432, 0, 1.6055851866, 9.1681628395, 0, 3.2107867326, 1.1370548154, 2.313190429, 0.10536866832, 8.5694999964, 2.2908028703, 0.95473059741, 0.39632802864, 0, 0.076279447348, 6.080142109, 0, 0, 2.4733478263, 0, 1.0010706628, 0.93171199873, 0, 0.86900713432, 0.49838834178, 1.2404932061, 0, 5.937104518, 0, 2.5499859999, 2.4305169192, 0.70351554658, 0.38614583417, 0, 0, 2.0692287055, 0, 0, 0, 4.0681231171, 0, 5.3818329868, 0.83168071323, 0, 3.5062156054, 0.59065220625, 0.056431369067, 1.3664240185, 0.13186002836, 0, 12.3510289487, 2.3638577691, 0.72367762616],
      [90.3715650703, 193.4074434417, 1211.7291070809, 3.7188177944, 11.9934913186, 79.7379736973, 383.5448833195, 1065.7959135858, 2040.4160637175, 6.8611475911, 10.6776134018, 264.7849328793, 298.0004264375, 230.2179847359, 92.0550707751, 147.4272058245, 244.7043155012, 143.0949247783, 7.6333530711, 19.6204926368, 31.5817977051, 4.2277196226, 30.2634163027, 4.8588539345, 7.4932914371, 31.3751789094, 133.4920891671, 24.8948685808, 34.1032604305, 173.8011642398, 2.4753150719, 44.4781262604, 195.5319335827, 209.8498665876, 160.8508925246, 173.660641481, 183.2737266537, 140.7944263434, 137.904235122, 252.5907886421, 247.2357890242, 311.6925488238, 358.6492781505, 185.5508869179, 109.2987712705, 185.4225946624, 254.0887288181, 74.9652518735, 21.7144194194, 26.2744319965, 56.948272449, 4.2720902484, 101.1281516531, 523.3932946751, 381.5623065097],
      [6.264551311, 8.5590697901, 99.2837519546, 0, 0, 8.291984143, 25.8829910773, 74.0042894715, 109.0095764355, 2.4223076751, 0.1076316388, 20.9921175373, 19.6540200155, 15.2072088989, 6.342212445, 12.0750072122, 18.4527224255, 20.893191367, 2.912690788, 2.9763933566, 4.2229972425, 0.77228037738, 9.7117303574, 1.6052901231, 3.3117546136, 2.4926439176, 9.0141373837, 6.056952332, 2.9479712253, 18.9699591123, 1.9066372414, 3.4724513598, 15.1511332953, 9.1867707829, 13.059379599, 13.4186681861, 17.8473168084, 18.5310137658, 9.9932016188, 15.2236677746, 15.2839369548, 29.6202422909, 22.866615484, 22.6956685505, 5.850087971, 9.4628744732, 22.7472793662, 15.6596790596, 1.5531206127, 10.4783435327, 3.44890138, 0.52492554082, 5.2624260549, 35.9335847244, 28.5868147475],
      [8.8601236329, 7.8184399329, 124.1910103055, 0.28118220557, 0.67707456074, 6.4342516579, 57.3018097253, 101.1737272946, 194.230193647, 1.298877431, 0.74292325473, 30.8777950134, 34.489391906, 30.8275461851, 17.0296136143, 19.8851702716, 37.0627192388, 20.3262028207, 2.358936786, 2.3658016915, 5.2005043762, 0, 5.4611812906, 0.50227236112, 1.1526396393, 5.0669006429, 11.733561765, 3.6336277475, 8.9487683442, 26.3444055316, 2.596794096, 5.0171040552, 27.3030122507, 26.5741342835, 13.4503583544, 9.9206903329, 29.680673638, 13.5711759386, 19.7784470866, 30.0215425524, 23.6821099906, 34.5086133936, 41.0731100752, 20.6678783392, 14.3163893083, 17.3258367233, 27.1056169372, 12.3979345383, 2.6018269879, 3.5407067824, 10.0088941676, 0.19271063332, 6.2987537768, 37.0815797383, 44.1248532859],
      [0.50375998573, 0.54908675797, 9.1163785157, 0, 0.72384893403, 1.3676276623, 1.2703158779, 5.8152829154, 9.2071113846, 0.10447687372, 0.36646303637, 2.7756545736, 2.5653587708, 3.7925295828, 1.176775137, 0.61261669169, 1.7039633871, 1.6055389249, 0.09501935489, 0.037312315094, 0.52135284993, 0, 0.56260138649, 0.1018715826, 0.042314310002, 0.19626939584, 1.2618233425, 0.17405813366, 0, 1.9473665983, 0.021253590682, 0.48233232486, 2.5834039521, 1.6857127995, 1.2532236879, 0, 0.19828289983, 1.0341552467, 1.3241161725, 1.1640010309, 0.79816403046, 3.1104723746, 0.41099629026, 1.7037332056, 0.7030707369, 0.78869414107, 2.5521592732, 0.38648232228, 0.074201610938, 0.34009366994, 0.46207197506, 0.010273577426, 2.9596395665, 5.2276830931, 3.0023478308]
    ],
    [
      [0, 3.923529812, 13.7669192149, 0, 1.1264634308, 0, 1.8090783787, 14.8311581271, 17.7911830274, 0, 0.11825522341, 6.9846857875, 10.4974703632, 2.5138693245, 3.5036752287, 0, 2.5262668197, 0, 0, 0, 0, 0, 0, 0, 0, 0.8696370108, 7.2444512361, 0, 0, 0, 0, 2.4033776649, 1.714060766, 2.4819838047, 0.66368456027, 0, 0, 0, 0.72921438972, 0.90781561357, 0.15379231617, 0, 0, 0, 1.9912879563, 0.3653041454, 0.33740059111, 0, 1.1043348749, 0, 1.2172703461, 0, 6.4279908558, 9.1617684231, 5.5318128686],
      [1.6509630908, 8.2428017362, 0, 0.34700139548, 0, 0, 6.6671871895, 4.6225730773, 31.9904488132, 0, 0.018415508655, 0, 0.9065854003, 0, 0.031597479, 0, 1.0709387503, 0, 0, 0, 0, 0, 0, 0, 0, 0, 1.8158808509, 0, 0, 0, 0, 0, 0, 3.3077361518, 0, 1.0852597392, 0, 0, 0.19667761932, 1.6255481174, 3.0264267016, 0, 2.8541219027, 0, 0.9987926572, 2.2541599603, 0, 0, 0.29316727119, 0, 1.2835290627, 0, 0, 0.1949292981, 0],
      [166.4284782126, 279.6099587459, 3177.8039230513, 3.4710547255, 14, 306.8745054681, 529.3787146829, 1258.3311644461, 2054.2771702837, 87.5400791011, 3.5027908675, 832.1353642335, 502.6813916603, 332.4309568715, 239.6621074576, 339.6009888862, 639.5933641392, 438.274488363, 100.6652579411, 70.8503356544, 104.7366768729, 14, 168.4675708943, 100.4036810727, 71.5249251672, 234.3189748614, 499.4798564741, 151.352558944, 77.9602319241, 358.4054397299, 29.6939951509, 99.8952733312, 223.1193033215, 200.6180816401, 106.1199634384, 143.8685927647, 173.0681141267, 318.1419475846, 123.4926581195, 162.0979838019, 198.5038735115, 397.984813131, 219.1242408808, 324.0327436809, 111.8868291283, 132.6447430779, 260.6282014715, 152.4898152684, 104.7813340647, 165.0866202002, 114.2108173998, 97.2575002272, 166.5770973929, 727.9399450191, 654.4098624654],
      [6.4145386364, 4.786601449, 109.0612699564, 0.18194387899, 0.29630901745, 6.6673971118, 30.102128402, 44.4110869573, 79.4996842091, 2.2337172284, 0.10358255343, 32.8649385047, 21.7573615061, 17.2715862794, 16.817794386, 16.2231637272, 35.5788561527, 17.3355300456, 6.9543280827, 2.6039317175, 4.8555031938, 0, 6.588004546, 2.0903633857, 1.9817661247, 12.9899365754, 16.9538732716, 5.12296029, 7.4736867242, 16.5038723028, 3.1853134245, 3.5858814219, 10.9092105108, 10.6271383951, 3.1622777766, 3.0571353814, 9.3688378276, 9.3009864788, 6.5172373636, 7.4665273215, 7.4742115205, 14.6461141998, 9.7259787827, 10.658281793, 5.7395021604, 5.0842460567, 9.3197653569, 6.2153908624, 4.5165663595, 3.8326735445, 8.0534532645, 1.803972313, 3.1522030295, 19.2470573915, 27.6355948672],
