{
  "X": [
    [129, 178, 1507, 1498, 2136, 140],
    [9, 23, 103, 111, 160, 12],
    [18, 34, 110, 128, 123, 7],
    [17, 18, 59, 110, 141, 7],
    [13, 19, 103, 124, 102, 3],
    [9, 27, 114, 156, 138, 11],
    [30, 28, 80, 147, 158, 9],
    [13, 21, 99, 104, 146, 8],
    [13, 30, 75, 116, 123, 5],
    [11, 18, 28, 130, 159, 8],
    [15, 5, 17, 86, 121, 3],
    [11, 35, 234, 135, 84, 9],
    [12, 31, 260, 134, 93, 9],
    [11, 16, 238, 116, 85, 5],
    [11, 36, 190, 98, 77, 7],
    [7, 33, 149, 87, 69, 9],
    [12, 27, 177, 124, 103, 5],
    [26, 14, 47, 113, 215, 6],
    [23, 10, 32, 79, 191, 7],
    [15, 18, 64, 97, 134, 17],
    [11, 14, 85, 102, 166, 10],
    [21, 16, 32, 145, 185, 13],
    [16, 14, 40, 145, 150, 11],
    [15, 7, 14, 94, 161, 6],
    [11, 18, 63, 70, 78, 3],
    [17, 9, 36, 118, 185, 6],
    [16, 11, 24, 136, 170, 8],
    [19, 9, 13, 91, 184, 15],
    [11, 10, 16, 81, 181, 17],
    [18, 13, 28, 125, 275, 32],
    [13, 7, 12, 61, 175, 3],
    [21, 3, 9, 71, 182, 9],
    [18, 5, 14, 90, 166, 7],
    [24, 9, 15, 98, 184, 16],
    [27, 22, 47, 139, 211, 8],
    [7, 20, 107, 118, 143, 7],
    [19, 26, 120, 130, 156, 14],
    [6, 15, 167, 117, 109, 10],
    [5, 13, 63, 70, 56, 3],
    [6, 7, 70, 106, 41, 4],
    [18, 24, 103, 113, 160, 20],
    [19, 10, 57, 111, 161, 29],
    [17, 17, 115, 140, 86, 10],
    [21, 18, 45, 143, 206, 21],
    [22, 10, 42, 110, 171, 22],
    [4, 11, 54, 83, 74, 6],
    [16, 34, 141, 137, 85, 19],
    [5, 39, 93, 149, 206, 13],
    [9, 6, 32, 113, 232, 5],
    [23, 11, 17, 122, 234, 8],
    [18, 25, 24, 103, 188, 11],
    [26, 17, 23, 125, 244, 16],
    [24, 18, 49, 119, 247, 12],
    [12, 12, 16, 115, 169, 13],
    [7, 12, 4, 111, 202, 6],
    [15, 4, 11, 87, 162, 11],
    [20, 15, 37, 77, 186, 3],
    [8, 7, 39, 95, 201, 9],
    [28, 11, 14, 82, 266, 11],
    [43, 10, 82, 143, 158, 8],
    [18, 13, 103, 111, 99, 9],
    [16, 21, 86, 144, 135, 6],
    [18, 11, 62, 98, 80, 7],
    [14, 7, 71, 84, 103, 4],
    [4, 7, 43, 100, 138, 6],
    [18, 18, 36, 130, 139, 2],
    [20, 8, 35, 105, 131, 5],
    [8, 26, 162, 157, 125, 4],
    [11, 11, 100, 75, 64, 7],
    [9, 11, 58, 82, 103, 9],
    [24, 8, 42, 79, 174, 26],
    [33, 6, 40, 124, 252, 30],
    [28, 10, 29, 128, 229, 26],
    [10, 9, 48, 87, 124, 8],
    [11, 15, 55, 113, 113, 11],
    [14, 9, 14, 143, 185, 17],
    [21, 10, 20, 118, 147, 15],
    [6, 13, 23, 130, 239, 12],
    [13, 13, 28, 99, 172, 10],
    [38, 3, 15, 179, 244, 14]
  ],
  "W": [
    [192, 1420, 1377, 1915, 684],
    [20, 91, 106, 154, 47],
    [33, 105, 123, 104, 55],
    [24, 56, 95, 134, 43],
    [23, 84, 118, 99, 40],
    [27, 100, 157, 126, 45],
    [34, 77, 136, 141, 64],
    [17, 90, 110, 132, 42],
    [24, 69, 108, 106, 55],
    [12, 23, 121, 151, 47],
    [7, 11, 94, 108, 27],
    [36, 218, 133, 73, 48],
    [25, 241, 137, 77, 59],
    [22, 209, 126, 73, 41],
    [39, 166, 106, 65, 43],
    [27, 141, 84, 68, 34],
    [34, 159, 119, 87, 49],
    [11, 42, 105, 207, 56],
    [9, 34, 78, 177, 44],
    [22, 57, 92, 115, 59],
    [11, 78, 99, 139, 61],
    [12, 38, 144, 143, 75],
    [10, 44, 151, 120, 51],
    [4, 15, 92, 146, 40],
    [15, 62, 79, 64, 23],
    [10, 38, 123, 162, 38],
    [6, 26, 133, 145, 55],
    [7, 11, 96, 167, 50],
    [8, 14, 91, 154, 49],
    [13, 23, 124, 245, 86],
    [6, 10, 56, 176, 23],
    [2, 9, 63, 179, 42],
    [5, 15, 92, 151, 37],
    [10, 12, 88, 173, 63],
    [20, 46, 128, 202, 58],
    [18, 83, 125, 138, 38],
    [24, 99, 129, 153, 60],
    [22, 124, 121, 111, 46],
    [13, 55, 75, 46, 21],
    [3, 58, 120, 31, 22],
    [27, 97, 115, 142, 57],
    [16, 54, 107, 152, 58],
    [14, 104, 144, 74, 49],
    [21, 41, 153, 186, 53],
    [16, 41, 124, 147, 49],
    [12, 57, 79, 63, 21],
    [39, 132, 143, 70, 48],
    [35, 82, 153, 173, 62],
    [6, 27, 109, 214, 41],
    [9, 16, 118, 208, 64],
    [22, 23, 97, 167, 60],
    [17, 21, 128, 224, 61],
    [19, 46, 126, 223, 55],
    [14, 11, 117, 143, 52],
    [11, 6, 109, 177, 39],
    [7, 13, 80, 150, 40],
    [13, 28, 70, 180, 47],
    [11, 39, 87, 186, 36],
    [8, 11, 68, 253, 72],
    [17, 76, 146, 146, 59],
    [9, 92, 124, 84, 44],
    [18, 82, 139, 103, 66],
    [8, 63, 94, 66, 45],
    [13, 61, 88, 88, 33],
    [10, 41, 92, 122, 33],
    [11, 31, 122, 124, 55],
    [6, 34, 101, 123, 40],
    [23, 156, 153, 94, 56],
    [13, 88, 72, 60, 35],
    [15, 55, 74, 85, 43],
    [9, 41, 60, 172, 71],
    [8, 33, 127, 244, 73],
    [10, 25, 127, 215, 73],
    [8, 42, 91, 116, 29],
    [11, 57, 109, 100, 41],
    [9, 12, 131, 179, 51],
    [12, 18, 111, 147, 43],
    [17, 25, 118, 212, 51],
    [10, 23, 105, 162, 35],
    [6, 14, 177, 231, 65]
  ],
  "method": "mvn_pdf",
  "cond_prob": [
    [
      [0.0026319403121, 0.61686503184, 0.16838673911, 0.13776201756, 0.024783590663, 0.049570680509],
      [5.2430405838e-05, 0.01438616682, 0.9573386682, 0.02583735628, 0.0014250330267, 0.00096034526518],
      [0.02495508, 0.015757037506, 0.055041426672, 0.79777439298, 0.096304701152, 0.010167361686],
      [0.025092418322, 0.00035384011968, 0.0020078431105, 0.04439847662, 0.90629828976, 0.021849132065],
      [0.085968151027, 0.025591083595, 0.050693056078, 0.36050078801, 0.37137456618, 0.10587235511]
    ],
    [
      [0.0011748943385, 0.75391111036, 0.13692310122, 0.070116993476, 0.010327883419, 0.027546017181],
      [2.785249765e-05, 0.019745897212, 0.96322816672, 0.015659165308, 0.0007065151689, 0.00063240309488],
      [0.021156473142, 0.033811325679, 0.083162585544, 0.77499452523, 0.076217505116, 0.010657585287],
      [0.026070421044, 0.00091778794775, 0.0036600815443, 0.052024651476, 0.88923249145, 0.028094566538],
      [0.076223260767, 0.057208119706, 0.079577702652, 0.36246632504, 0.30770064701, 0.11682394483]
    ],
    [
      [0.0030037866776, 0.76665074859, 0.096559692735, 0.093977881822, 0.015612637838, 0.02419525234],
      [9.9147406855e-05, 0.028499079474, 0.93992177091, 0.029218968914, 0.0014871005998, 0.00077393269231],
      [0.041340475736, 0.026798899661, 0.044946264228, 0.79183494194, 0.08793960469, 0.007139813743],
      [0.04415368744, 0.00063350634281, 0.0017245547284, 0.046221543497, 0.89096057704, 0.016306130948],
      [0.1434491048, 0.043510353549, 0.041317178821, 0.35587219217, 0.34106365095, 0.074787519707]
    ],
    [
      [0.0054764996746, 0.62245435252, 0.11904453967, 0.184183184, 0.026485511883, 0.042355912259],
      [0.00014305316658, 0.018255872459, 0.93322863856, 0.045306293592, 0.0019961260855, 0.0010700161323],
      [0.040354315402, 0.011533436207, 0.029486794112, 0.83210741867, 0.079844027986, 0.0066740076192],
      [0.047015176909, 0.00029692690742, 0.0012317062382, 0.052715861686, 0.88211176886, 0.016628559396],
      [0.14933940888, 0.019921229622, 0.028848165819, 0.39743802247, 0.32992238899, 0.074530784213]
    ],
    [
      [0.0023069132908, 0.60449852373, 0.25611348004, 0.10946264316, 0.011249893987, 0.016368545794],
      [2.9749572006e-05, 0.0087341587717, 0.97732317214, 0.013289358357, 0.00041868673983, 0.00020487441556],
      [0.027294424044, 0.018064166037, 0.10189850044, 0.79410441116, 0.054478906683, 0.0041595916329],
      [0.045411375332, 0.00066260663545, 0.0060502896593, 0.071931997071, 0.86114905233, 0.014794678975],
      [0.11425079833, 0.035375587553, 0.1129447448, 0.43027873835, 0.25469851276, 0.052451618207]
    ],
    [
      [0.0015182282166, 0.71086380446, 0.1462309706, 0.095763553248, 0.013221510654, 0.032401932819],
      [3.3874945825e-05, 0.017829519929, 0.96046225348, 0.020123377274, 0.00085118963263, 0.0006997847391],
      [0.020769849158, 0.024760157121, 0.067830853904, 0.80300308119, 0.074117260957, 0.0095187976755],
      [0.026279938144, 0.00069300067813, 0.0030791346325, 0.055560314313, 0.88861298348, 0.025774628751],
      [0.077817563799, 0.043584393059, 0.067578962794, 0.39132902265, 0.311245636, 0.10844442169]
    ],
    [
      [0.0079215338466, 0.6658090624, 0.10370781047, 0.15648890721, 0.025757806903, 0.040314879171],
      [0.00024005647229, 0.022900516649, 0.92876127688, 0.044662257294, 0.0022525327557, 0.0011833599475],
      [0.065879138043, 0.01418295682, 0.029207922242, 0.79593609745, 0.087608804917, 0.0071850805308],
      [0.068996041321, 0.00032955510885, 0.0011018752961, 0.045626298959, 0.8678530868, 0.016093142512],
      [0.21767053838, 0.021895969388, 0.025547029249, 0.34044084014, 0.3229190576, 0.071526565241]
    ],
    [
      [0.0018805264704, 0.77349986482, 0.11847764333, 0.068482442839, 0.013529785322, 0.024129737223],
      [5.1118599065e-05, 0.023050452221, 0.95765935211, 0.017542376808, 0.0010613004854, 0.00063539977134],
      [0.033703767764, 0.034172693695, 0.07149587775, 0.75203475538, 0.099311055416, 0.009281849995],
      [0.032405837766, 0.00072417059656, 0.0024577874228, 0.039422218383, 0.9058914726, 0.019098513236],
      [0.11038847265, 0.052412543728, 0.062014131512, 0.31891477435, 0.36410415967, 0.092165918086]
    ],
    [
      [0.0014857624427, 0.83268041457, 0.075306849901, 0.066300994509, 0.010140541166, 0.014085437414],
      [6.19030607e-05, 0.038200012961, 0.93393233025, 0.02601710278, 0.0012192466957, 0.00056940425164],
      [0.029007027371, 0.040352194231, 0.049678072238, 0.79396339548, 0.081089646028, 0.0059096646481],
      [0.033843101657, 0.0010394453758, 0.0020777542462, 0.050532167555, 0.89776576937, 0.014741761796],
      [0.10640215986, 0.069397343611, 0.048340872406, 0.37748638089, 0.33289717986, 0.065476063366]
    ],
    [
      [0.0012760227835, 0.83708945044, 0.058431368584, 0.074611430303, 0.010065669107, 0.018526058783],
      [6.5826325983e-05, 0.045634171308, 0.91562369547, 0.036251339368, 0.0014984788688, 0.00092648865611],
      [0.022949512104, 0.036000680131, 0.035712130324, 0.8239771671, 0.074190659581, 0.0071698507603],
      [0.029131516337, 0.0010076024145, 0.0016254575337, 0.057016743872, 0.89174000227, 0.019478677571],
      [0.087894918701, 0.064790469773, 0.03633499836, 0.40950975711, 0.3182026378, 0.083267218257]
    ],
    [
      [0.0079754968822, 0.55710116096, 0.17575101674, 0.17643426414, 0.040640896343, 0.042097164939],
      [0.00013940023456, 0.010295790445, 0.95775518661, 0.02905048039, 0.002048997618, 0.00071014470076],
      [0.056692142686, 0.0093837421672, 0.041679439602, 0.76773018971, 0.11812765933, 0.0063868265029],
      [0.045727755056, 0.00016707641967, 0.0012006083633, 0.033621954732, 0.90824275457, 0.011039850856],
      [0.17626209958, 0.013545341417, 0.03405687813, 0.30640586769, 0.40996385932, 0.059765953864]
    ],
    [
      [0.0016397057949, 0.70236566794, 0.17785547345, 0.082841015147, 0.0098455233106, 0.025452614358],
      [3.0674054762e-05, 0.014943129308, 0.96943537407, 0.01459797118, 0.00053153412107, 0.00046131726129],
      [0.025305481557, 0.027887473692, 0.092976492222, 0.78319092585, 0.06221239509, 0.0084272315857],
      [0.037136591823, 0.00090465599308, 0.0048907519141, 0.062793956098, 0.86782908357, 0.026444960597],
      [0.097375675503, 0.050307240884, 0.094942014137, 0.39116453504, 0.26784765539, 0.098362879042]
    ],
    [
      [0.0012571876115, 0.73557185737, 0.17577752959, 0.060583872514, 0.0080665157749, 0.01874303714],
      [2.3914052334e-05, 0.015775831766, 0.9725543751, 0.010857007228, 0.00044286575527, 0.00034600610232],
      [0.025191370947, 0.037627316522, 0.11931572589, 0.74358014708, 0.066204995462, 0.0080804441036],
      [0.035150037244, 0.0011604464551, 0.0059686581629, 0.056759253037, 0.87684537598, 0.024116229117],
      [0.093384459911, 0.065453356919, 0.11745812871, 0.35818307766, 0.27470351756, 0.090817459237]
    ],
    [
      [0.0019155651388, 0.5104309444, 0.37188493036, 0.084221346713, 0.011564214614, 0.01998299878],
      [1.7431868126e-05, 0.0052703414891, 0.98701303386, 0.0072190990114, 0.00030370155289, 0.0001763922186],
      [0.026425570991, 0.018030113205, 0.17295920855, 0.71135135511, 0.065314173505, 0.005919578639],
      [0.037410792674, 0.00056325643436, 0.0087490883209, 0.054963753491, 0.88038848363, 0.017924625445],
      [0.10015885099, 0.031979522034, 0.17362982505, 0.34943749185, 0.27694446542, 0.067849844665]
    ],
    [
      [0.0014673551569, 0.68934283792, 0.22433080651, 0.057293378329, 0.0084389117816, 0.019126710299],
      [2.1912131421e-05, 0.01167436808, 0.97960390606, 0.008059362974, 0.00036367434026, 0.00027677641856],
      [0.029498993584, 0.035454080936, 0.15202218936, 0.7053518373, 0.069435762022, 0.0082371367962],
      [0.0391470103, 0.0010375455793, 0.0072060897171, 0.05104036803, 0.87820985909, 0.023359127284],
      [0.10525957268, 0.059193682723, 0.14361684649, 0.32582006657, 0.27708678701, 0.089023044524]
    ],
    [
      [0.00079264820538, 0.82419635208, 0.10353240823, 0.046735908444, 0.0048536014227, 0.019889081616],
      [2.4839138533e-05, 0.02862832012, 0.95650335194, 0.013801883385, 0.00043895661745, 0.00060264880162],
      [0.021165324365, 0.054760141652, 0.092890122668, 0.76676327934, 0.053061369392, 0.011359762577],
      [0.035387853841, 0.0020075347046, 0.0055210265474, 0.069452962316, 0.84702325657, 0.040607366024],
      [0.07998460035, 0.096984646496, 0.092984220921, 0.37459581593, 0.22434922839, 0.13110148792]
    ],
    [
      [0.0023964532431, 0.61980142209, 0.22914615446, 0.1102636931, 0.015723335573, 0.022668941526],
      [3.4772024235e-05, 0.010238270715, 0.9736824124, 0.015067229367, 0.00065833829643, 0.00031897720115],
      [0.027800237864, 0.018478686161, 0.0897902989, 0.78360118507, 0.074686265566, 0.0056433264407],
      [0.034925312245, 0.00051314234762, 0.0040404603584, 0.053734637477, 0.89163376647, 0.015152681098],
      [0.10592234765, 0.032960761993, 0.090687468008, 0.38706489921, 0.31844752502, 0.064916998113]
    ],
    [
      [0.0044040316657, 0.75116634095, 0.096529674488, 0.10487971564, 0.018962208348, 0.024058028908],
      [0.0001419067442, 0.026037709117, 0.93947036107, 0.031834401184, 0.0017634809496, 0.000752140938],
      [0.053691899463, 0.022201308203, 0.039746903941, 0.78342582089, 0.094627023098, 0.006307044411],
      [0.053393526709, 0.00048776301809, 0.0014180419298, 0.042516228237, 0.88876935624, 0.013415083862],
      [0.1786056217, 0.034551518934, 0.035000355277, 0.3371945266, 0.35141766547, 0.063230312016]
    ],
    [
      [0.0080458562299, 0.71432855449, 0.065454780292, 0.12968709155, 0.035794708683, 0.046689008753],
      [0.00036017170019, 0.033846717336, 0.90442521058, 0.054723086052, 0.0046237799005, 0.0020210344348],
      [0.075195072609, 0.015744708633, 0.020547104086, 0.7423502258, 0.13682701365, 0.0093358752253],
      [0.052499932895, 0.00024280825712, 0.00051540914477, 0.028196362648, 0.9045937561, 0.013951730954],
      [0.2064484788, 0.020121079444, 0.014862123277, 0.26213765128, 0.41911920267, 0.077311464535]
    ],
    [
      [0.0037552158451, 0.63409836336, 0.13284268952, 0.1206617621, 0.024930961432, 0.083711007745],
      [8.9794386032e-05, 0.016985264819, 0.95209224366, 0.027181249267, 0.0017198917457, 0.0019315561267],
      [0.039195213746, 0.016664485649, 0.046736436369, 0.77218625137, 0.10653578342, 0.018681829447],
      [0.034571079086, 0.00032525624758, 0.00147914673, 0.037157148764, 0.89119259292, 0.035274776256],
      [0.11685530797, 0.023255145197, 0.036911599995, 0.29791651721, 0.3554920862, 0.16956934343]
    ],
    [
      [0.0021718803964, 0.71465291547, 0.12995138843, 0.095211904027, 0.022190937785, 0.035820973893],
      [5.3443575808e-05, 0.019192666955, 0.9562466765, 0.022077593575, 0.0015756565096, 0.0008539628809],
      [0.02835678569, 0.022942224764, 0.057259092482, 0.7626328627, 0.11875409569, 0.010054938681],
      [0.023259245837, 0.00041586890818, 0.0016835417765, 0.034149290373, 0.9228427029, 0.017649350202],
      [0.089483739594, 0.033959120912, 0.047945455465, 0.31217801918, 0.42016300653, 0.09627065832]
    ],
    [
      [0.0041909580472, 0.74551452056, 0.044838012817, 0.12212437537, 0.031988779423, 0.051343353787],
      [0.00026902945937, 0.05214342705, 0.86460857582, 0.073864045454, 0.005925003775, 0.0031899184402],
      [0.043403358035, 0.019054189435, 0.015843216141, 0.77457860078, 0.13570056352, 0.01142007209],
      [0.031116654014, 0.0003033536123, 0.00041055294855, 0.030442568593, 0.92019995575, 0.017526915084],
      [0.12629508247, 0.025996238222, 0.01223992048, 0.29260719372, 0.44217221025, 0.10068935486]
    ],
    [
      [0.0036093421553, 0.74285195216, 0.052045872661, 0.12130156402, 0.028051141694, 0.052140127316],
      [0.00020346508063, 0.04525663391, 0.88269787123, 0.064439210488, 0.0045622384904, 0.0028405808004],
      [0.038360577882, 0.019289623132, 0.018832641856, 0.78952162461, 0.12211268689, 0.011882845625],
      [0.030299159114, 0.00033784724512, 0.00053668635856, 0.03414360161, 0.9145741391, 0.020108566575],
      [0.11706541102, 0.02758555444, 0.01524506973, 0.31249880735, 0.41745451717, 0.11015064029]
    ],
    [
      [0.0038448052226, 0.76730142675, 0.051118771738, 0.11766397604, 0.025715229206, 0.034355791038],
      [0.00021285636425, 0.042398213247, 0.89003809506, 0.061401467656, 0.0041082386973, 0.0018411289745],
      [0.04234670044, 0.018987590085, 0.019128711382, 0.79542665091, 0.1159889224, 0.0081214247844],
      [0.035156720647, 0.00034759287881, 0.00057069918637, 0.035904923384, 0.91357831775, 0.01444174615],
      [0.13522631174, 0.028336552422, 0.0161425747, 0.32757718186, 0.41425824832, 0.078459130962]
    ],
    [
      [0.0032180782294, 0.81477714992, 0.072541651525, 0.071173587793, 0.017659392055, 0.020630140483],
      [0.00013607310756, 0.036820476, 0.93166476205, 0.028381913879, 0.002154157142, 0.00084261782042],
      [0.054787256149, 0.032764446654, 0.041029833155, 0.74108166464, 0.1228708459, 0.0074659535013],
      [0.04234064373, 0.00055614472895, 0.0011307691485, 0.031034002925, 0.91258104583, 0.012357393639],
      [0.16343987232, 0.045329789938, 0.032080932894, 0.28272713828, 0.40935521866, 0.067067047907]
    ],
    [
      [0.006706951721, 0.62360824469, 0.082955895944, 0.18319021827, 0.048556705346, 0.054981984028],
      [0.00024151154931, 0.024401691781, 0.90624020549, 0.062159691372, 0.005044090282, 0.0019128095224],
      [0.046504008364, 0.010554932199, 0.019430790968, 0.77751835775, 0.13783028597, 0.0081616247509],
      [0.032895268218, 0.00016540840442, 0.00049477130343, 0.030018746533, 0.92406160508, 0.012364200464],
      [0.13841570431, 0.014665741636, 0.01529344256, 0.29911473865, 0.45906005224, 0.073450320602]
    ],
    [
      [0.0029904223462, 0.78039786026, 0.0482064646, 0.11295450188, 0.022850375438, 0.032600375474],
      [0.00017938339599, 0.049074191327, 0.88104960583, 0.063846596877, 0.0039554171643, 0.0018948054095],
      [0.034850605693, 0.021600550045, 0.019174498136, 0.80710128713, 0.10910246689, 0.0081705920994],
      [0.03081872599, 0.00042281461548, 0.00061122269827, 0.039016136354, 0.91366006681, 0.015471033527],
      [0.11554146047, 0.033582367614, 0.01686689691, 0.34696722918, 0.40501293802, 0.082029107805]
    ],
    [
      [0.0045509427589, 0.72047108724, 0.06774242103, 0.10349933116, 0.027886409548, 0.07584980827],
      [0.00019842988716, 0.03272272834, 0.91784386292, 0.042535135476, 0.0035081702716, 0.0031916731027],
      [0.05352041515, 0.019913348741, 0.02703786068, 0.74617354285, 0.13425725066, 0.019097581916],
      [0.038020092876, 0.00031263287376, 0.00069037695712, 0.028911797462, 0.90299801553, 0.029067084299],
      [0.1428631955, 0.024848182354, 0.019081022813, 0.25727469115, 0.40081857561, 0.15511433257]
    ],
    [
      [0.0028456648495, 0.71600530463, 0.064601153431, 0.088433335042, 0.031801524312, 0.096313017732],
      [0.00013028532564, 0.034298588477, 0.91895273188, 0.038170424193, 0.0041999431194, 0.004248027008],
      [0.037410064012, 0.022185869634, 0.028804128327, 0.71320118253, 0.17131471805, 0.027084037442],
      [0.021255260045, 0.00027852377962, 0.00058803936874, 0.022103711633, 0.92279018705, 0.032984278129],
      [0.088493887643, 0.024574142394, 0.018038067709, 0.21822219875, 0.45466945515, 0.19600224835]
    ],
    [
      [0.003315473515, 0.62235949108, 0.091316276611, 0.11554023867, 0.031677083, 0.13579143712],
      [0.00011248517984, 0.02329334535, 0.93211416534, 0.036926704392, 0.0031008644316, 0.0044524353076],
      [0.035013825506, 0.016465231821, 0.032845364791, 0.74780144573, 0.13707560432, 0.030798527836],
      [0.024386541786, 0.00025454238966, 0.00082458646502, 0.028549549238, 0.90006406343, 0.045920716693],
      [0.088386437483, 0.019515633714, 0.022040619858, 0.24548152293, 0.38769041513, 0.23688537088]
    ],
    [
      [0.0035503144574, 0.7664632647, 0.075926297146, 0.10953439313, 0.021269832875, 0.023255897698],
      [0.00013355555827, 0.027971659333, 0.92992549733, 0.038813348986, 0.0023090746041, 0.00084686419175],
      [0.042121553869, 0.019493947273, 0.029920859861, 0.7992574722, 0.10329636251, 0.0059098042855],
      [0.039055926557, 0.00039480817001, 0.00098547863071, 0.039859617427, 0.90797804119, 0.011726128029],
      [0.14303189717, 0.030815528164, 0.026722021979, 0.34755542178, 0.39141861136, 0.060456519544]
    ],
    [
      [0.0081576663857, 0.65153861048, 0.076974505334, 0.16465580984, 0.034149345443, 0.064524062512],
      [0.00029849723912, 0.023257640499, 0.91376893838, 0.056786654466, 0.0036062933606, 0.0022819760533],
      [0.063372817915, 0.011099892477, 0.020206726639, 0.78603896452, 0.10854536551, 0.010736232941],
      [0.054752492437, 0.00021162439079, 0.00062657215546, 0.036801491696, 0.88774436204, 0.019863457285],
      [0.19302473865, 0.015738066603, 0.016214038793, 0.30742546731, 0.36868734631, 0.098910342335]
    ],
    [
      [0.0080527005775, 0.63017672763, 0.076028582247, 0.1764359245, 0.044807047994, 0.064499017057],
      [0.00030572924007, 0.02478204293, 0.90450585247, 0.063135443506, 0.0049078056668, 0.0023631261889],
      [0.05755396758, 0.010464509335, 0.018336677812, 0.77275748051, 0.13103186455, 0.0098555002138],
      [0.042171410935, 0.00016955538868, 0.00048308734044, 0.030794318092, 0.91090869989, 0.01547292835],
      [0.16783595987, 0.014206159982, 0.014096646875, 0.29000957589, 0.42689568203, 0.086955975356]
    ],
    [
      [0.0066688638487, 0.63313201038, 0.09574735947, 0.15193789458, 0.029836791389, 0.082677080327],
      [0.0002099824749, 0.021497096766, 0.92801027248, 0.045057187771, 0.002710743079, 0.0025147174278],
      [0.056224040706, 0.012979558883, 0.027291041166, 0.7856296809, 0.10294511387, 0.014930564482],
      [0.050854862896, 0.00026001506931, 0.0008878253144, 0.038756691649, 0.88033098607, 0.028909618998],
      [0.16971266964, 0.018313826108, 0.021800216662, 0.30644617551, 0.34705397046, 0.13667314161]
    ],
    [
      [0.0045417964318, 0.76088824074, 0.069626612264, 0.1173527696, 0.0193112724, 0.02827930856],
      [0.00019872262356, 0.036728610526, 0.91107391296, 0.048360974475, 0.0024384330127, 0.0011993464061],
      [0.050935914527, 0.021243021105, 0.026464371279, 0.80590511505, 0.088639946167, 0.0068116318721],
      [0.053729914575, 0.00049610112311, 0.0010044966428, 0.04646699258, 0.88293415658, 0.015368338495],
      [0.17453280528, 0.034071016613, 0.024034072848, 0.35778090603, 0.3391689036, 0.070412295627]
    ],
    [
      [0.00084881151037, 0.67173311809, 0.24703169764, 0.057281376892, 0.0078123428665, 0.015292652998],
      [1.1409019274e-05, 0.0099477947432, 0.98228799895, 0.007250309205, 0.00030303153115, 0.00019945655398],
      [0.017141225473, 0.033802638622, 0.16800536772, 0.70972669475, 0.064673925516, 0.0066501479218],
      [0.024845288649, 0.0010777958003, 0.0086708370678, 0.056061179924, 0.88872379055, 0.020621108011],
      [0.06527968883, 0.060492840524, 0.16997746288, 0.35124560156, 0.27609746312, 0.076906943095]
    ],
    [
      [0.0018141864564, 0.70921171186, 0.18671269076, 0.066632592819, 0.0088745121635, 0.02675430594],
      [3.2118526895e-05, 0.014040323364, 0.97390344634, 0.011111557075, 0.00045344932257, 0.00045910537039],
      [0.033012657234, 0.032661176643, 0.11489040017, 0.74285179816, 0.066119197144, 0.010464770653],
      [0.045474455582, 0.00099370097695, 0.0056649091592, 0.05593337503, 0.86109931867, 0.030834240579],
      [0.11752281115, 0.05453846161, 0.10854060324, 0.34333207933, 0.2630874914, 0.11297855327]
    ],
    [
      [0.00062423235683, 0.3770666018, 0.55121175082, 0.050545384007, 0.0048715354179, 0.015680495593],
      [3.8437679223e-06, 0.0026236096549, 0.99426236171, 0.0029299763128, 8.6569430723e-05, 9.3639125004e-05],
      [0.011665338433, 0.018051172907, 0.34679890521, 0.57986164528, 0.037313747708, 0.0063091904642],
      [0.027555545007, 0.00093816756695, 0.029113192053, 0.074636424006, 0.83588536605, 0.031871305317],
      [0.046884680409, 0.034107950194, 0.37059716357, 0.30320903359, 0.16801983614, 0.077181336095]
    ],
    [
      [0.0016737438963, 0.71132574513, 0.1652031551, 0.086061064809, 0.014369989762, 0.021366301305],
      [3.2252346813e-05, 0.014685399764, 0.96846033097, 0.015625735233, 0.00079868119188, 0.00039760049785],
      [0.024588070036, 0.024838817565, 0.080425077967, 0.77698291651, 0.08647521003, 0.0066899078892],
      [0.026738171713, 0.00059136857941, 0.003098033371, 0.045614140194, 0.90837471222, 0.01558357392],
      [0.089531187941, 0.042202071254, 0.077181619451, 0.36361238006, 0.35351565427, 0.073957087023]
    ],
    [
      [0.0015695010412, 0.6886983084, 0.19313860656, 0.082912049954, 0.01050595492, 0.023175579126],
      [2.6187864523e-05, 0.011884073594, 0.97417353841, 0.013035612768, 0.00050590390386, 0.00037468345826],
      [0.024023451445, 0.024562992878, 0.099196495206, 0.77871633856, 0.065877559436, 0.0076231624749],
      [0.033281576279, 0.00074869035801, 0.0048979378308, 0.058757678555, 0.87962195957, 0.022692157404],
      [0.092573447857, 0.044335561904, 0.10107781213, 0.38779622136, 0.28448302031, 0.089733936435]
    ],
    [
      [0.0037246950066, 0.66241502566, 0.11846042796, 0.10449841996, 0.023020822747, 0.087880608669],
      [0.00010073486445, 0.020223956228, 0.94895109713, 0.02663361015, 0.0017963321313, 0.0022942694971],
      [0.043975834599, 0.019889069702, 0.047298322807, 0.75538350376, 0.11125905573, 0.022194213404],
      [0.037007472425, 0.00037059861721, 0.0014298411105, 0.034752408128, 0.88645517032, 0.0399845094],
      [0.12360396019, 0.026175250633, 0.035232446755, 0.27511611188, 0.34989726594, 0.1899749646]
    ],
    [
      [0.0054685243803, 0.4424734892, 0.11072533125, 0.15213474423, 0.029712621336, 0.25948528961],
      [0.00015376574883, 0.014006692526, 0.93610009965, 0.040315939605, 0.0024100521998, 0.007013450275],
      [0.045095352037, 0.0092410624356, 0.030864178819, 0.76888778726, 0.10027261225, 0.045639007201],
      [0.039733796936, 0.0001805560958, 0.00097798887154, 0.03699777253, 0.83591535785, 0.086194527713],
      [0.11021252589, 0.010566878918, 0.019981654695, 0.24325238208, 0.27410762511, 0.3418789333]
    ],
    [
      [0.0030374415913, 0.69939858474, 0.15053274856, 0.098469680197, 0.012677158732, 0.035884386184],
      [6.5627566767e-05, 0.016729484865, 0.96161809503, 0.020045947065, 0.00079049867167, 0.00075034679964],
      [0.039901085208, 0.022968452909, 0.066858098061, 0.79202396271, 0.068138991908, 0.010109409208],
      [0.052830101377, 0.00067277619864, 0.0031762079893, 0.057345477206, 0.85730385085, 0.028671586379],
      [0.14367362459, 0.038714599098, 0.063758444494, 0.36941172034, 0.27399607514, 0.11044553635]
    ],
    [
      [0.0048011353376, 0.62955171019, 0.094072755478, 0.13103179658, 0.031109578365, 0.10943302405],
      [0.00015893971172, 0.023323190677, 0.92918178496, 0.040869827122, 0.00297109209, 0.0034951654418],
      [0.045789464514, 0.015192971585, 0.030458529383, 0.76475102501, 0.12146823312, 0.022339776388],
      [0.035635483445, 0.00026229102671, 0.00085381723249, 0.032599613766, 0.89341037407, 0.037238420455],
      [0.12572449628, 0.019543426785, 0.022183620584, 0.27248118327, 0.37325909091, 0.18680818217]
    ],
    [
      [0.0088381061322, 0.46885824557, 0.09647307084, 0.1557456394, 0.049243661321, 0.22084127674],
      [0.00028127493383, 0.01673436856, 0.92498785373, 0.046723187131, 0.0045202008338, 0.0067531148133],
      [0.066266131308, 0.0088636749138, 0.02444705651, 0.71411968569, 0.1510387396, 0.035264711977],
      [0.04108344612, 0.00012202555134, 0.00054618482481, 0.024223915268, 0.88714636021, 0.046878068024],
      [0.14862477905, 0.0092795246573, 0.014494056697, 0.2070391456, 0.37889254495, 0.24166994904]
    ],
    [
      [0.0026158869351, 0.65478870098, 0.079015746799, 0.17191654107, 0.029458483627, 0.062204640584],
      [9.7992278949e-05, 0.026560501178, 0.90721076882, 0.060715685111, 0.0031814220356, 0.0022336305762],
      [0.020759426113, 0.012445353347, 0.020945386531, 0.83957132025, 0.095813612158, 0.010464901606],
      [0.020533757923, 0.00027088397825, 0.00074019859017, 0.044827230982, 0.91141859046, 0.022209338067],
      [0.074113281882, 0.020761515563, 0.019762335648, 0.38582984694, 0.38492116773, 0.11461185224]
    ],
    [
      [0.0032127890248, 0.6722220905, 0.12479999388, 0.098168655239, 0.015095439965, 0.086501031394],
      [8.3521786768e-05, 0.019916067234, 0.95265333984, 0.024047482868, 0.0011323141658, 0.0021672741081],
      [0.041584872787, 0.022394323298, 0.054737032204, 0.77746783931, 0.079930492002, 0.023885440403],
      [0.046337029922, 0.0005530754536, 0.0021929317426, 0.047418876414, 0.8464949045, 0.057003181963],
      [0.1261598795, 0.031821327527, 0.044019271727, 0.30569500048, 0.27102755344, 0.22127696731]
    ],
    [
      [0.00099806437865, 0.79631027487, 0.091405521817, 0.068657954409, 0.015320748996, 0.027307435525],
      [3.4988373738e-05, 0.031403601249, 0.94341628613, 0.022667992753, 0.0015496280195, 0.00092750347096],
      [0.018117914263, 0.036891436947, 0.056411191465, 0.76386941623, 0.11404760356, 0.01066243754],
      [0.015569095339, 0.00070213417535, 0.0017428169339, 0.035960852467, 0.92642851971, 0.019596581379],
      [0.058351021478, 0.055905444647, 0.048391334714, 0.32059860152, 0.41239500704, 0.1043585906]
    ],
    [
      [0.0031294231763, 0.60810201216, 0.14138854845, 0.17101265838, 0.037257025327, 0.039110332511],
      [6.8601413952e-05, 0.014202505721, 0.94723378976, 0.035308125227, 0.0023564950586, 0.00083048281561],
      [0.023994176517, 0.011219417249, 0.036585741403, 0.804642083, 0.11710806164, 0.0064505201901],
      [0.02015689716, 0.00020830945437, 0.0011013602107, 0.03682576387, 0.93010977549, 0.011597893815],
      [0.081584727701, 0.017878272944, 0.033003793311, 0.35474508712, 0.44638696328, 0.066401155652]
    ],
    [
      [0.0049130067542, 0.7231391115, 0.069766153943, 0.13178610963, 0.031928954307, 0.038466663871],
      [0.00020990079174, 0.033026535979, 0.90819975754, 0.053034931964, 0.0039364113801, 0.0015924623435],
      [0.047383441873, 0.016882545131, 0.022884667193, 0.77875870067, 0.12611524582, 0.0079753993104],
      [0.036466596603, 0.00028790126114, 0.00063468398778, 0.032775238877, 0.91670223993, 0.013133339338],
      [0.14470752759, 0.02414671054, 0.018530831728, 0.30824719513, 0.43078522471, 0.073582510299]
    ],
    [
      [0.0027010730011, 0.81457648335, 0.050531906598, 0.081962095992, 0.01851449717, 0.031713943891],
      [0.00015844500171, 0.052247963869, 0.8973770952, 0.04528234579, 0.0031336934754, 0.0018004566609],
      [0.041601429708, 0.030872100651, 0.026350062737, 0.77393024771, 0.11677159229, 0.010474566908],
      [0.0343076458, 0.00056302837367, 0.00078161989159, 0.034838217699, 0.91103167165, 0.018477816589],
      [0.12776164537, 0.044410898281, 0.02145317691, 0.30774190085, 0.40123597683, 0.097396401757]
    ],
    [
      [0.005334981941, 0.70918394438, 0.072303020332, 0.11920091505, 0.030087763566, 0.063889374732],
      [0.00022364205811, 0.032673336629, 0.91380186339, 0.047071864647, 0.0036392693671, 0.002590023913],
      [0.055453588401, 0.018307715672, 0.025515929865, 0.75844872536, 0.1280303708, 0.014243669907],
      [0.041466790366, 0.0003034577508, 0.00068744858936, 0.031041372426, 0.90370409629, 0.022796834577],
      [0.15602024394, 0.024114978461, 0.019029408558, 0.27661008295, 0.40276642248, 0.12145886361]
    ],
    [
      [0.0055267588856, 0.69120186997, 0.092534814418, 0.12155422692, 0.034812494827, 0.05436983498],
      [0.00018562868857, 0.025754090231, 0.93045525483, 0.038464386913, 0.0033737373923, 0.0017669019448],
      [0.055169781284, 0.017256544963, 0.031263684228, 0.74240445336, 0.14226500317, 0.011640532997],
      [0.037640255353, 0.00026088027683, 0.00076757945333, 0.027715840924, 0.91662031533, 0.016995128668],
      [0.1523784359, 0.02229766743, 0.022873942965, 0.26569622058, 0.43944840755, 0.097305325569]
    ],
    [
      [0.0035696569855, 0.64113181597, 0.10283560444, 0.14380041832, 0.035022064307, 0.073640439973],
      [0.00010648339985, 0.02091063964, 0.93344846058, 0.040400994092, 0.0030135265943, 0.0021198956917],
      [0.03166386393, 0.014050891632, 0.030891930312, 0.78212239915, 0.12728102041, 0.013989894564],
      [0.024135438999, 0.00023728688496, 0.00084686749172, 0.032563933186, 0.91937828694, 0.022838186496],
      [0.095053211669, 0.019767432102, 0.024601899718, 0.30439632951, 0.42839192137, 0.12778920563]
    ],
    [
      [0.0024348740926, 0.74450121622, 0.046078466298, 0.13503397099, 0.034282954658, 0.037668517741],
      [0.00014798139023, 0.047693818684, 0.86663701607, 0.077298169457, 0.0060102650664, 0.0022127493289],
      [0.023521061538, 0.017076989717, 0.015125000973, 0.80068933657, 0.13578148123, 0.0078061299718],
      [0.017155015267, 0.00027527911784, 0.00039728508212, 0.031812021952, 0.93817164487, 0.012188753712],
      [0.0745799714, 0.025387528433, 0.012728922183, 0.32896421743, 0.48325070789, 0.075088652668]
    ],
    [
      [0.0082581002144, 0.49347108212, 0.080007741232, 0.24493406307, 0.053863286755, 0.11946572661],
      [0.0002922958937, 0.01869263219, 0.88977289568, 0.081676103928, 0.0054987349628, 0.0040673373448],
      [0.04414119177, 0.0063094336777, 0.014379773102, 0.80372425163, 0.1178310478, 0.013614302017],
      [0.035735721965, 0.00011317012978, 0.0004191046355, 0.035321264871, 0.90479262197, 0.023618116432],
      [0.13478008473, 0.0089727541994, 0.011591877997, 0.31591046064, 0.40235718806, 0.12638763437]
    ],
    [
      [0.003009395313, 0.76561031897, 0.12736227935, 0.074775681094, 0.014239133063, 0.01500319221],
      [7.4167367959e-05, 0.020040789457, 0.96115935462, 0.017353843153, 0.0010128605046, 0.00035898489969],
      [0.049241565504, 0.029789749835, 0.069636992157, 0.75069209683, 0.095364373955, 0.0052752217202],
      [0.048911308005, 0.00065040615587, 0.0024639606644, 0.0405037241, 0.89627131444, 0.011199286637],
      [0.16378560515, 0.046288894281, 0.061171078826, 0.32200544274, 0.35398195239, 0.05276702662]
    ],
    [
      [0.004358370932, 0.52077167791, 0.11451764189, 0.22653621787, 0.05201976497, 0.081796326426],
      [0.00011471275958, 0.015071798723, 0.92261541595, 0.056172610798, 0.0039491260276, 0.0020763357451],
      [0.025389593202, 0.0074475215858, 0.022387078478, 0.8103974681, 0.1241851825, 0.010193156136],
      [0.020020089642, 0.00012983420077, 0.00063312851306, 0.034703688659, 0.92730469146, 0.017208567526],
      [0.081949230693, 0.011237331679, 0.019136784251, 0.33814506641, 0.4495156128, 0.10001597417]
    ],
    [
      [0.0045395661787, 0.77579508683, 0.068997379783, 0.094134546489, 0.022549996349, 0.03398342437],
      [0.00019533944242, 0.034774851675, 0.92266271491, 0.038148634411, 0.0028006071868, 0.0014178523778],
      [0.059387918312, 0.023862733351, 0.030595934212, 0.75579158525, 0.12080132918, 0.0095604996939],
      [0.04706217536, 0.00041796463552, 0.00087166043945, 0.032679879113, 0.90276641234, 0.016201908113],
      [0.17454925576, 0.032842820051, 0.023819298182, 0.28732874918, 0.39659790841, 0.084861968417]
    ],
    [
      [0.023687623945, 0.5013714148, 0.17238760176, 0.20747958354, 0.037350704568, 0.057723071387],
      [0.00043998660051, 0.010527441172, 0.94968693883, 0.036305773081, 0.0020021837506, 0.0010376765651],
      [0.1361962919, 0.0073424297215, 0.033456788613, 0.72818703579, 0.087714831428, 0.007102622547],
      [0.13323714967, 0.00015953881109, 0.00117866029, 0.039016593759, 0.81153736519, 0.014870692283],
      [0.37697497893, 0.0094578219093, 0.024421760602, 0.26009384444, 0.26999664374, 0.059054950374]
    ],
    [
      [0.003478236913, 0.70843387773, 0.15764541086, 0.080952306155, 0.014649809631, 0.034840358703],
      [7.1675089364e-05, 0.015875975157, 0.96676178018, 0.015724425359, 0.0008712504848, 0.00069489372602],
      [0.052074224462, 0.025956820839, 0.079469392003, 0.74159444929, 0.089722964425, 0.011182148979],
      [0.053497209672, 0.00058880328237, 0.0029230432353, 0.041617497675, 0.87675641617, 0.024617029969],
      [0.165263581, 0.038483011443, 0.06662323176, 0.30409787619, 0.3179172004, 0.1076150992]
    ],
    [
      [0.0029138355107, 0.73904457839, 0.097080539245, 0.11351866287, 0.021619881435, 0.02582250255],
      [9.474518797e-05, 0.026668195756, 0.93562616491, 0.034768176181, 0.0020285172462, 0.0008142007211],
      [0.033487035756, 0.02131669146, 0.037838930316, 0.79919790889, 0.10177920201, 0.0063802315678],
      [0.031665751908, 0.00044690093606, 0.0012880427, 0.041378578134, 0.91231246753, 0.012908258794],
      [0.11525959127, 0.034403697787, 0.03457485512, 0.35713281474, 0.39229082641, 0.066338214667]
    ],
    [
      [0.0057676573906, 0.73084452602, 0.080107420556, 0.12401167619, 0.019654969921, 0.039613749922],
      [0.00021899798884, 0.029643889117, 0.92213446648, 0.044394771858, 0.0021537771359, 0.0014540974178],
      [0.06066854857, 0.018344366901, 0.028323363662, 0.7992588328, 0.0844984428, 0.0089064452619],
      [0.065198458439, 0.00043559476462, 0.0010924697671, 0.046754490096, 0.86600978483, 0.020509202106],
      [0.2018969892, 0.028428439446, 0.024827396001, 0.3419900044, 0.3133305768, 0.08952659415]
    ],
    [
      [0.0069633204774, 0.4700563836, 0.2736951494, 0.16980090941, 0.036482105455, 0.043002131663],
      [8.2069170224e-05, 0.0061802397993, 0.97315335943, 0.018854526423, 0.0012403477947, 0.00048945738093],
      [0.05082547608, 0.0085271955627, 0.066472682559, 0.75859739995, 0.10888326021, 0.0066939856379],
      [0.044272855921, 0.00016394741047, 0.002065736094, 0.035895817651, 0.90511734031, 0.012484302613],
      [0.16316139722, 0.012717181869, 0.056123279137, 0.31294001804, 0.39034126551, 0.064716858224]
    ],
    [
      [0.0028839065053, 0.54720202697, 0.13484646514, 0.21822706093, 0.040530013621, 0.056310526826],
      [6.5508036734e-05, 0.013576320115, 0.93577897559, 0.046690289867, 0.0026551111065, 0.0012337952827],
      [0.017938162867, 0.0083166759951, 0.028145054194, 0.83471593213, 0.10338853714, 0.0074956376822],
      [0.016860763102, 0.00017260904642, 0.0009468264945, 0.042556081371, 0.92437442911, 0.015089290871],
      [0.06491830291, 0.014096614601, 0.027013521059, 0.39093122968, 0.42051745705, 0.0825228747]
    ],
    [
      [0.0020222682636, 0.84198740846, 0.06063416073, 0.0738022437, 0.0106040518, 0.010949867051],
      [0.00010126834702, 0.044564800635, 0.91845829094, 0.034809971554, 0.0015326756337, 0.00053299288958],
      [0.036156374907, 0.035993819459, 0.036801024132, 0.80919317954, 0.07763771928, 0.004217882686],
      [0.043706810134, 0.00096062412179, 0.001597060675, 0.053395631642, 0.88943353876, 0.010906334663],
      [0.13538368437, 0.063185461239, 0.036530948263, 0.39248674703, 0.32488148742, 0.047531671681]
    ],
    [
      [0.0061326988636, 0.70783095639, 0.086959675488, 0.14329254211, 0.022977274581, 0.03280685257],
      [0.00021231988367, 0.025669751039, 0.92397195552, 0.046750362162, 0.002295762916, 0.0010998484813],
      [0.056447829734, 0.01531280966, 0.026972685674, 0.80829750662, 0.086496381622, 0.0064727866921],
