{
  "Z_true": {},
  "V_true": [
    [142, 507, 221, 467, 78],
    [55, 2997, 345, 399, 58],
    [3792, 371, 436, 694, 242],
    [38, 217, 9057, 287, 169],
    [55, 285, 284, 10962, 376],
    [431, 390, 913, 942, 530]
  ],
  "p_true": [
    [0.1004, 0.3583, 0.1562, 0.33, 0.0551],
    [0.0143, 0.7776, 0.0895, 0.1035, 0.015],
    [0.6851, 0.067, 0.0788, 0.1254, 0.0437],
    [0.0039, 0.0222, 0.9272, 0.0294, 0.0173],
    [0.0046, 0.0238, 0.0237, 0.9164, 0.0314],
    [0.1344, 0.1216, 0.2848, 0.2938, 0.1653]
  ],
  "Z_est": [
    [
      [2, 6, 3, 5, 2, 3, 3, 6, 5, 5, 6, 6, 3, 6, 5, 4, 3, 4, 5, 3, 4, 2, 2, 4, 3, 3, 3, 4, 4, 3, 3, 4, 5, 2, 3, 4, 4, 4, 6, 5, 5, 5, 5, 4, 4, 4, 2, 3, 3, 3, 3, 2, 3, 4, 3, 3, 4, 3, 4, 3, 3, 4, 5, 3, 3, 4, 2, 3, 4, 4, 3, 5, 3, 4, 3, 3, 2, 3, 2.0004, 3, 3, 1.9986, 3, 4, 4, 2, 3, 17],
      [1, 3, 2, 2, 3, 2, 2, 1, 2, 3, 3, 4, 3, 4, 3, 2, 2, 2, 5, 2, 2, 2.3953e-08, 1, 4.4744e-12, 1.8353e-06, 1.1426e-08, 1, 2.7636e-08, 9.5447e-07, 3.0503e-14, 1, 2.0441e-12, 1.1513e-12, 1, 2.4429e-07, 1.4332e-13, 3.2412e-13, 1.8108e-13, 1, 1, 2, 3, 1, 1, 7.483e-08, 1, 1, 5, 4, 3, 5, 1, 2, 3, 2, 1, 2, 8.0585e-08, 2, 2, 1, 2, 3, 2, 1, 5, 1.1165e-10, 7.1533e-11, 1, 1.0426e-07, 2, 3, 3, 2, 9.441e-08, 7.4639e-08, 4.0339e-11, 1.7042e-06, 7.1102e-06, 2, 1, 1.0008, 2, 3, 2, 6.6922e-08, 2, 23],
      [5, 9, 4, 4, 4, 4, 1, 1, 4, 5, 4, 7, 5, 11, 10, 7, 3, 4, 8, 3, 4, 1, 2, 1.5235e-12, 1.3536e-10, 2.5124e-09, 2, 6.5477e-08, 1, 1, 1, 1, 1, 2.336e-08, 3.9698e-10, 4.9342e-14, 4.1679e-15, 1, 1, 3, 4, 4, 2, 2, 1, 2, 1, 5, 3, 4, 5, 8, 7, 7, 6, 5, 7, 2, 8, 4, 5, 6, 14, 7, 4, 5, 4, 2, 5, 3, 6, 10, 8, 6, 2, 1, 2, 4, 3.9996, 8, 3, 5.0002, 3, 6, 7, 2, 8, 68],
      [4, 12, 7, 8, 4, 4, 5, 7, 7, 10, 8, 9, 5, 8, 7, 6, 4, 5, 6, 3, 5, 2, 2, 3, 1, 3, 5, 2, 4, 3, 6, 4, 5, 1, 2, 3, 2, 4, 8, 6, 7, 9, 4, 4, 3, 4, 4, 4, 2, 4, 7, 5, 7, 10, 7, 3, 9, 2, 7, 8, 5, 7, 10, 8, 4, 7, 2, 2, 5, 3, 9, 10, 7, 4, 3, 3, 2, 4, 2, 5, 3, 3.0004, 3, 6, 7, 2, 7, 48],
      [5.8399e-08, 1.2033e-17, 4.3091e-12, 1.1824e-16, 2.8676e-13, 1.7749e-13, 1.707e-08, 6.1628e-14, 7.6523e-15, 4.3571e-09, 1, 1.2712e-11, 9.439e-14, 1, 2.9399e-13, 1, 1.5981e-18, 6.7926e-21, 1, 1.964e-12, 1.4169e-11, 1.5639e-10, 3.1642e-13, 6.3685e-14, 1.8352e-06, 1.1865e-13, 3.3385e-09, 5.3939e-09, 1.9104e-09, 6.432e-10, 1.9628e-08, 3.1368e-12, 5.3275e-13, 9.5588e-12, 1.0475e-11, 4.8911e-14, 2.2024e-15, 3.2487e-10, 3.8887e-14, 4.7386e-11, 1.3312e-13, 7.5309e-12, 2.0482e-12, 1.2692e-06, 2.4684e-10, 3.0437e-11, 3.1567e-08, 7.5186e-13, 1.5985e-16, 2.1231e-11, 1, 2.2462e-08, 1.6196e-12, 1, 1, 1.7782e-10, 2.606e-11, 8.0584e-08, 4.3283e-14, 1, 3.6146e-14, 1.6579e-11, 1, 4.9289e-15, 1.9596e-09, 5.0031e-11, 4.7024e-07, 5.5931e-12, 1.3623e-14, 1.0422e-07, 1, 1, 2.1098e-08, 1.3394e-08, 3.4322e-10, 1.7824e-08, 1.345e-10, 9.8462e-12, 6.4645e-06, 4.8443e-08, 4.0696e-10, 1.3482e-07, 1.1736e-14, 2.8469e-10, 4.4141e-15, 2.6811e-13, 1, 3]
    ],
    [
      [2, 6, 5, 6, 6, 5, 2, 4, 6, 6, 9, 6, 5, 7, 4, 4, 11, 10, 10, 6, 7, 10, 8, 6, 6, 3, 7, 4, 2, 6, 4, 4, 4, 3, 7, 5, 6, 5, 6, 5, 5, 4, 3, 3, 4, 4, 4, 4, 7, 3, 4, 2, 3, 4, 4, 4, 3, 3, 4, 4, 6, 5, 3, 3, 3, 5, 2, 5, 5, 4, 6, 5, 3, 2, 3, 3, 3, 3, 1.9996, 1, 3, 2.9977, 5, 6, 6, 2, 3, 55],
      [5, 7, 7, 7, 13, 12, 2, 5, 9, 7, 8, 10, 14, 9, 9, 8, 22, 18, 24, 12, 15, 7, 10, 4, 4, 2, 2, 3, 3, 2, 3, 2, 3, 2, 2, 2, 4, 1, 5, 5, 6, 4, 5, 5, 3, 5, 4, 31, 36, 13, 15, 2, 6, 7, 6, 5, 6, 6, 5, 5, 4, 5, 5, 5, 5, 11, 2, 3, 5, 4, 5, 8, 7, 9, 4, 5, 4, 2, 2, 4, 5, 4.9977, 5, 5, 4, 6, 5, 84],
      [11, 15, 12, 10, 19, 15, 3, 2, 9, 9, 11, 12, 21, 20, 19, 17, 25, 24, 32, 20, 20, 9, 15, 3, 3, 1, 5, 3, 2, 4, 2, 2, 3, 2, 2, 2, 2, 2, 3, 7, 9, 3, 6, 4, 2, 5, 5, 30, 26, 13, 14, 13, 15, 14, 14, 14, 12, 19, 15, 9, 14, 16, 12, 14, 11, 13, 12, 13, 15, 9, 14, 18, 16, 15, 6, 6, 11, 8, 12.0004, 8, 12, 16.0068, 13, 14, 15, 10, 15, 241],
      [9, 20, 21, 20, 17, 15, 6, 12, 19, 19, 21, 16, 22, 15, 15, 14, 31, 31, 26, 20, 21, 20, 19, 14, 12, 5, 12, 8, 8, 12, 12, 8, 11, 6, 7, 10, 11, 8, 14, 13, 15, 9, 10, 8, 5, 11, 13, 20, 20, 13, 17, 8, 16, 21, 18, 10, 14, 17, 14, 16, 14, 17, 8, 15, 12, 17, 6, 13, 15, 12, 20, 19, 13, 11, 11, 15, 11, 9, 6, 5, 13, 10.9977, 12, 14, 15, 13, 13, 170],
      [3.4382e-07, 1, 1, 1, 1, 1, 7.8889e-07, 1, 1, 1, 3, 1, 2, 2, 1, 2, 2, 3, 4, 1, 1, 1.1574e-08, 1, 1, 1, 1.1188e-08, 1, 1, 1, 1, 1.1605e-08, 4.8972e-12, 1, 1, 2.1798e-07, 2, 2, 1, 2.4481e-12, 1, 1, 2.0431e-08, 1, 1, 1, 2, 9.6358e-09, 2, 2, 2, 2, 1, 1, 3, 2, 1.795e-06, 1, 2, 1, 2, 1, 1, 1, 1, 1, 2, 4.7111e-07, 2, 1, 2, 2, 2, 4.3534e-09, 1, 8.0397e-06, 5.192e-10, 1, 7.8133e-12, 0, 2.5374e-07, 9.4403e-10, 1.1057e-07, 1, 1, 2, 3.5525e-06, 2, 13]
    ],
    [
      [1, 12, 4, 9, 4, 6, 9, 14, 8, 11, 15, 9, 4, 9, 5, 4, 9, 8, 8, 6, 7, 12, 7, 18, 26, 18, 16, 8, 7, 14, 10, 12, 17, 19, 35, 23, 24, 17, 20, 9, 10, 7, 11, 10, 16, 8, 3, 2, 3, 4, 2, 1, 2, 3, 2, 3, 2, 2, 5, 4, 7, 5, 3, 2, 3, 4, 2, 8, 6, 7, 8, 7, 3, 1, 4, 4, 3, 4, 1.0008, 3, 5, 1.0008, 10, 11, 5, 3, 3, 55],
      [4, 9, 6, 9, 13, 12, 4, 9, 8, 9, 11, 10, 8, 12, 10, 8, 17, 16, 17, 10, 13, 13, 12, 10, 5, 5, 10, 5, 5, 8, 6, 5, 8, 5, 8, 7, 10, 9, 9, 7, 9, 7, 8, 7, 7, 7, 7, 14, 23, 12, 10, 4, 4, 5, 5, 4, 4, 5, 7, 7, 8, 8, 5, 4, 6, 7, 4, 7, 6, 6, 9, 8, 5, 5, 6, 7, 5, 4, 3, 3, 4, 4.001, 7, 7, 8, 4, 6, 83],
      [9, 29, 13, 21, 17, 20, 8, 8, 15, 18, 19, 20, 18, 27, 27, 16, 21, 22, 29, 24, 20, 14, 18, 12, 14, 11, 14, 9, 8, 11, 9, 10, 12, 12, 13, 13, 12, 11, 11, 14, 19, 10, 19, 16, 14, 11, 6, 16, 18, 16, 15, 13, 16, 13, 12, 19, 13, 18, 24, 11, 23, 21, 17, 16, 14, 11, 19, 23, 22, 19, 21, 26, 14, 9, 11, 10, 19, 16, 11.9978, 17, 21, 9.9953, 29, 27, 21, 14, 15, 244],
      [7, 37, 21, 34, 15, 17, 28, 34, 25, 32, 33, 23, 17, 19, 19, 13, 26, 27, 21, 22, 20, 30, 22, 43, 46, 44, 37, 20, 23, 35, 33, 34, 42, 40, 45, 50, 45, 41, 47, 26, 28, 21, 28, 26, 26, 21, 16, 9, 13, 14, 14, 8, 15, 16, 14, 12, 13, 15, 22, 20, 21, 22, 11, 15, 14, 15, 10, 23, 21, 22, 30, 25, 12, 6, 19, 23, 15, 18, 6.0015, 10, 19, 7.0029, 26, 26, 20, 15, 13, 171],
      [0, 2, 1, 2, 1, 1, 2, 4, 2, 2, 4, 1, 1, 2, 1, 2, 2, 3, 3, 1, 1, 1, 1, 3, 7, 5, 3, 2, 2, 3, 1, 3, 5, 8, 5, 9, 8, 6, 3, 2, 2, 1, 5, 4, 6, 3, 2.8356e-07, 1, 1, 2, 2, 1, 1, 2, 1, 7.1752e-06, 1, 2, 1, 2, 2, 1, 1, 1, 1, 1, 1, 3, 2, 3, 3, 2, 4.745e-11, 3.7746e-08, 0, 4.0953e-08, 1, 1, 2.5335e-06, 3.2835e-08, 5.6206e-08, 5.1728e-08, 3, 2, 2, 8.3916e-13, 2, 13]
    ],
    [
      [5, 18, 7, 12, 9, 11, 5, 5, 9, 10, 12, 12, 11, 16, 12, 11, 16, 15, 15, 11, 11, 10, 11, 8, 7, 7, 8, 6, 4, 9, 5, 8, 8, 6, 10, 8, 8, 8, 9, 10, 11, 6, 9, 6, 10, 6, 3, 8, 8, 10, 6, 7, 7, 7, 8, 14, 9, 8, 14, 7, 16, 12, 14, 9, 10, 7, 11, 17, 15, 13, 13, 21, 9, 6, 6, 4, 9, 10, 8.9985, 9, 10, 5.9994, 16, 19, 14, 9, 10, 184],
      [10, 14, 10, 12, 28, 23, 2, 3, 8, 8, 9, 14, 22, 19, 20, 16, 28, 26, 33, 19, 19, 9, 14, 4, 1, 1, 5, 3, 2, 4, 2, 2, 2, 2, 1, 2, 2, 3, 4, 7, 9, 6, 6, 4, 3, 5, 6, 52, 47, 29, 22, 15, 11, 10, 12, 13, 12, 12, 16, 9, 11, 13, 16, 13, 14, 13, 11, 9, 11, 8, 14, 23, 16, 17, 6, 5, 10, 6, 7.9989, 9, 9, 16.9917, 12, 13, 15, 11, 16, 274],
      [39, 43, 21, 26, 39, 36, 4, 6, 14, 16, 15, 26, 44, 46, 51, 46, 40, 39, 51, 42, 33, 14, 28, 7, 4, 5, 9, 6, 3, 10, 5, 9, 7, 3, 5, 6, 6, 7, 6, 15, 19, 10, 16, 8, 9, 8, 10, 55, 38, 34, 25, 80, 38, 25, 37, 64, 44, 51, 57, 21, 48, 46, 66, 54, 41, 16, 100, 46, 50, 32, 38, 75, 41, 42, 17, 11, 42, 36, 78.003, 48, 40, 54.0095, 40, 46, 55, 34, 51, 807],
      [31.0001, 59, 38, 47, 35, 34, 17, 14, 29, 30, 29, 33, 46, 35, 42, 37, 45, 50, 43, 42, 35, 26, 32, 19, 14, 17, 21, 16, 13, 25, 17, 24, 19, 15, 14, 19, 15, 21, 21, 27, 35, 21, 27, 17, 17, 18, 18, 39, 30, 37, 32, 50, 44, 38, 46, 49, 49, 45, 55, 34, 46, 46, 45, 54, 45, 25, 51, 44, 49, 37, 53, 75, 39, 29, 27, 26, 41, 42, 39.0003, 32, 41, 34.9971, 43, 50, 50, 44, 42, 572],
      [2, 3, 3, 3, 2, 3, 1, 1, 2, 2, 4, 2, 4, 4, 4, 6, 3, 5, 6, 3, 2, 1, 2, 1, 2, 2, 2, 2, 1, 2, 1.6884e-06, 2, 2, 3, 1, 3, 2, 3, 1, 2, 3, 1, 4, 2, 3, 2, 2.659e-07, 4, 3, 6, 4, 6, 3, 5, 6, 3, 4, 6, 4, 4, 6, 3, 5, 4, 4, 3, 5, 7, 4, 6, 6, 8, 1, 2, 1, 5.4225e-08, 4, 3, 2.9993, 2, 1, 0.0023, 5, 4, 6, 2, 6, 44]
    ],
    [
      [3, 26, 15, 21, 7, 12, 20, 26, 19, 19, 22, 14, 10, 11, 10, 9, 18, 17, 13, 12, 13, 17, 12, 35, 36, 34, 27, 17, 19, 31, 27, 32, 33, 30, 41, 37, 34, 36, 37, 20, 19, 15, 21, 17, 18, 16, 9, 6, 7, 8, 8, 5, 8, 10, 10, 10, 9, 7, 11, 13, 15, 15, 10, 8, 11, 11, 6, 18, 15, 16, 19, 18, 9, 5, 12, 12, 10, 15, 5.0004, 6, 10, 4.0015, 17, 20, 14, 13, 9, 127],
      [7, 20, 21, 20, 22, 24, 10, 15, 17, 15, 15, 16, 22, 14, 16, 13, 33, 30, 29, 20, 22, 15, 16, 16, 8, 7, 13, 9, 10, 14, 14, 9, 11, 9, 7, 10, 12, 12, 16, 14, 16, 14, 14, 13, 7, 14, 14, 36, 41, 24, 29, 9, 12, 15, 15, 10, 13, 11, 13, 16, 10, 16, 11, 13, 16, 20, 6, 9, 11, 10, 20, 19, 15, 14, 13, 16, 11, 9, 4.0007, 6, 9, 9.0093, 13, 13, 15, 16, 13, 189],
      [27, 60, 41, 40, 35, 36, 17, 14, 28, 29, 25, 27, 42, 33, 42, 36, 43, 43, 44, 41, 35, 20, 28, 20, 17, 18, 27, 14, 15, 26, 19, 25, 22, 15, 14, 19, 15, 22, 18, 28, 32, 20, 32, 24, 14, 19, 19, 38, 32, 28, 32, 55, 41, 35, 42, 48, 44, 43, 46, 37, 43, 54, 45, 49, 44, 26, 51, 46, 47, 38, 55, 62, 39, 32, 29.0001, 27, 44, 52, 43, 33, 39, 30.9875, 44, 46, 50, 49, 44, 558],
      [24, 82, 75, 78, 30, 35, 60, 67, 56, 57, 51, 38, 47, 27, 35, 32, 56, 58, 37, 44, 39, 47, 39, 87, 65, 84, 66, 44, 59, 82, 90, 91, 82, 64, 54, 81, 67, 88, 87, 59, 53, 49, 54, 46, 32, 47, 48, 27, 27, 29, 42, 36, 45, 53, 56, 36, 54, 41, 44, 63, 44, 62, 34, 53, 52, 37, 27, 49, 49, 50, 81, 66, 37, 27, 55.9999, 71, 42, 61, 23.9986, 21, 41, 23.0004, 45, 49, 50, 63, 40, 395],
      [2, 5, 6, 6, 1, 4, 8, 8, 6, 4, 7, 2, 4, 4, 4, 5, 4, 6, 7, 3, 2, 1, 2, 6, 10, 9, 6, 5, 7, 7, 6, 8, 9, 14, 7, 16, 11, 14, 5, 6, 7, 4, 12, 7, 7, 8, 1, 3, 3, 6, 6, 4, 4, 9, 7, 3, 5, 6, 4, 7, 6, 4, 3, 4, 4, 5, 3, 7, 5, 8, 10, 7, 1, 2, 2, 2, 5, 6, 2.0004, 3, 2, 0.0013, 6, 5, 7, 5, 6, 32]
    ],
    [
      [6.2842e-06, 4, 3, 4, 1, 4, 4, 10, 6, 6, 7, 3, 2, 3, 3, 2, 5, 4, 4, 1, 1, 5, 4, 11, 9, 7, 7, 4, 3, 7, 3, 7, 7, 8, 11, 9, 8, 13, 9, 7, 6, 4, 5, 6, 9, 5, 2, 1, 1, 2, 1, 1, 2, 2, 2, 1, 2, 2, 2, 3, 4, 3, 4, 2, 1, 3, 2, 4, 2, 4, 3, 5, 2, 1, 2, 2, 2, 2, 0.0004, 1, 2, 0.002, 4, 7, 3, 3, 1, 43],
      [1, 3, 5, 4, 5, 8, 2, 6, 5, 5, 5, 3, 4, 4, 6, 3, 9, 7, 9, 2, 2, 5, 5, 5, 2, 1, 3, 2, 1, 3, 1, 2, 2, 2, 2, 2, 2, 4, 4, 5, 5, 4, 4, 4, 3, 4, 3, 7, 10, 6, 6, 1, 3, 3, 4, 1, 3, 4, 3, 3, 3, 4, 5, 3, 2, 5, 2, 2, 2, 2, 4, 5, 3, 3, 2, 3, 2, 1, 0.0004, 1, 2, 0.9995, 3, 4, 4, 4, 2, 64],
      [6, 9, 9, 8, 7, 12, 3, 5, 9, 10, 8, 6, 8, 9, 15, 10, 11, 10, 13, 4, 4, 6, 9, 6, 4, 3, 7, 3, 2, 6, 2, 5, 5, 4, 3, 4, 3, 8, 4, 10, 10, 5, 8, 8, 7, 6, 4, 8, 8, 7, 7, 10, 12, 7, 12, 8, 12, 15, 12, 8, 14, 13, 19, 12, 7, 7, 21, 12, 9, 10, 11, 17, 8, 8, 5, 5, 9, 8, 6.9993, 7, 8, 6.0006, 10, 16, 13, 11, 9, 189],
      [4, 12, 17, 16, 8, 12, 12, 26, 17, 20, 15, 8, 8, 7, 12, 9, 14, 13, 11, 4, 5, 14, 12, 26, 16, 18, 19, 10, 10, 21, 12, 20, 18, 17, 14, 19, 15, 32, 22, 21, 16, 14, 14, 15, 15, 15, 11, 5, 6, 7, 8, 6, 12, 10, 15, 6, 14, 14, 11, 14, 13, 14, 13, 12, 9, 10, 11, 12, 9, 13, 15, 17, 8, 6, 10, 13, 8, 9, 3.9996, 4, 8, 4.0015, 11, 17, 12, 15, 8, 133],
      [3, 2, 4, 4, 2, 3, 3, 6, 3, 3, 4, 2, 2, 2, 3, 3, 3, 4, 3, 2, 3, 3, 3, 5, 4, 4, 4, 4, 3, 3, 3, 4, 4, 5, 3, 6, 4, 8, 4, 4, 3, 3, 5, 4, 6, 5, 3, 3, 3, 3, 4, 2, 3, 2, 4, 3, 3, 4, 3, 3, 4, 4, 3, 3, 3, 2, 3, 4, 2, 5, 4, 4, 2, 3, 3, 1, 2, 3, 3.0003, 2, 2, 1.9965, 3, 3, 4, 2, 3, 12]
    ]
  ],
  "V_est": [
    [330.9989, 161.0008, 416.9999, 491.0004, 15],
    [458.9973, 681.9978, 1219.0072, 1384.9977, 109],
    [752.0016, 757.001, 1648.9931, 2179.0043, 198],
    [1034.9979, 1311.9906, 3535.0125, 3568.9974, 317.0016],
    [1549.0019, 1485.0101, 3520.9875, 4894.9989, 512.0016],
    [387.0024, 369.9998, 914.9998, 1232.0012, 301.9968]
  ],
  "p_est": [
    [0.2339, 0.1138, 0.2947, 0.347, 0.0106],
    [0.1191, 0.177, 0.3163, 0.3594, 0.0283],
    [0.1359, 0.1368, 0.2979, 0.3937, 0.0358],
    [0.106, 0.1343, 0.3619, 0.3654, 0.0325],
    [0.1295, 0.1241, 0.2943, 0.4092, 0.0428],
    [0.1207, 0.1154, 0.2854, 0.3843, 0.0942]
  ],
  "EI_Z": {},
  "EI_V": 49.4935,
  "MAE_Z": {},
  "MAE_V": 1179.266,
  "MAE_p": 0.174,
  "runtime": 0.6269
}
