{
  "X": [
    [16, 21, 62, 306, 4],
    [38, 33, 77, 303, 3],
    [36, 36, 148, 622, 1],
    [24, 15, 94, 235, 3],
    [2, 1, 14, 12, 0],
    [31, 9, 72, 254, 2],
    [56, 9, 101, 225, 0],
    [56, 177, 589, 513, 37],
    [101, 252, 592, 2043, 48],
    [88, 283, 685, 1741, 42],
    [47, 122, 361, 330, 17],
    [37, 68, 138, 477, 8],
    [9, 18, 31, 112, 7],
    [2, 0, 3, 7, 0],
    [23, 66, 137, 471, 25],
    [28, 31, 122, 330, 2],
    [71, 150, 362, 798, 21],
    [17, 32, 56, 230, 2],
    [3, 7, 18, 23, 0],
    [1, 1, 1, 8, 0],
    [13, 27, 86, 181, 7],
    [5, 14, 23, 99, 1],
    [2, 6, 9, 66, 0],
    [12, 32, 43, 174, 2],
    [1, 1, 6, 33, 1],
    [7, 3, 19, 39, 0],
    [2, 4, 6, 18, 0],
    [3, 6, 20, 70, 1],
    [2, 2, 8, 5, 0],
    [1, 3, 3, 14, 0],
    [0, 0, 1, 17, 0],
    [13, 18, 34, 140, 3],
    [1, 0, 0, 8, 0],
    [8, 12, 11, 71, 0],
    [27, 29, 40, 334, 12],
    [7, 2, 9, 25, 2],
    [2, 2, 6, 17, 0],
    [2, 2, 11, 21, 2],
    [13, 30, 47, 170, 0],
    [15, 17, 23, 104, 0],
    [14, 8, 22, 75, 2],
    [0, 6, 6, 9, 0],
    [6, 22, 17, 194, 1],
    [8, 13, 29, 106, 3],
    [4, 8, 10, 116, 4],
    [19, 53, 157, 147, 14],
    [8, 22, 86, 65, 3],
    [10, 15, 72, 64, 2],
    [6, 11, 47, 23, 5],
    [11, 49, 152, 127, 2],
    [11, 18, 28, 175, 4],
    [4, 15, 15, 108, 0],
    [14, 27, 27, 188, 3],
    [3, 14, 9, 61, 0],
    [20, 53, 105, 367, 5],
    [30, 87, 170, 691, 17],
    [16, 48, 83, 297, 6],
    [58, 34, 143, 617, 8],
    [4, 16, 20, 60, 3],
    [4, 13, 21, 52, 2],
    [34, 94, 174, 391, 11],
    [4, 2, 9, 26, 0],
    [11, 91, 165, 426, 13],
    [19, 47, 148, 279, 9],
    [1, 18, 25, 150, 1],
    [1, 3, 11, 40, 1],
    [19, 22, 89, 280, 2],
    [34, 66, 163, 166, 8],
    [4, 4, 52, 33, 4],
    [15, 33, 124, 70, 1],
    [4, 15, 18, 90, 0],
    [0, 13, 15, 127, 2],
    [26, 43, 84, 206, 2],
    [6, 10, 25, 162, 3],
    [7, 25, 33, 127, 0],
    [0, 1, 2, 12, 0],
    [31, 70, 192, 515, 6],
    [10, 21, 49, 70, 9],
    [17, 42, 73, 320, 1],
    [1, 2, 4, 44, 0],
    [2, 2, 4, 27, 1],
    [5, 11, 22, 88, 1],
    [5, 1, 7, 19, 1],
    [4, 14, 36, 23, 1],
    [7, 2, 12, 38, 1],
    [13, 9, 39, 246, 2],
    [9, 15, 20, 124, 0],
    [1, 0, 2, 6, 0],
    [0, 1, 3, 18, 0],
    [1, 6, 9, 26, 0],
    [2, 2, 11, 28, 0],
    [3, 0, 4, 5, 0],
    [9, 16, 24, 119, 2],
    [2, 2, 11, 29, 1],
    [77, 36, 153, 786, 4],
    [1, 16, 6, 82, 3],
    [14, 46, 49, 184, 2],
    [25, 22, 69, 269, 2],
    [15, 54, 108, 346, 2],
    [5, 11, 16, 64, 0],
    [13, 5, 26, 104, 1],
    [5, 20, 21, 114, 0],
    [2, 3, 20, 30, 1],
    [17, 52, 70, 146, 8],
    [39, 79, 171, 353, 13],
    [5, 31, 18, 168, 2],
    [3, 16, 20, 37, 1],
    [2, 10, 5, 44, 0],
    [4, 7, 3, 18, 0],
    [4, 5, 6, 40, 0],
    [5, 16, 12, 72, 2],
    [6, 16, 26, 170, 6],
    [0, 15, 2, 80, 1],
    [1, 1, 5, 22, 0],
    [7, 12, 27, 145, 3],
    [74, 25, 134, 308, 4],
    [228, 206, 679, 1217, 47],
    [178, 234, 514, 1236, 26],
    [4, 2, 2, 7, 0]
  ],
  "W": [
    [54, 301, 32, 22],
    [95, 290, 33, 36],
    [144, 586, 52, 61],
    [89, 223, 15, 44],
    [15, 14, 0, 0],
    [80, 242, 13, 33],
    [111, 205, 11, 64],
    [592, 487, 202, 91],
    [644, 1924, 321, 147],
    [713, 1699, 272, 155],
    [366, 317, 136, 58],
    [128, 476, 83, 41],
    [28, 120, 17, 12],
    [4, 7, 0, 1],
    [146, 456, 76, 44],
    [123, 312, 38, 40],
    [382, 764, 169, 87],
    [56, 223, 38, 20],
    [17, 24, 7, 3],
    [3, 7, 1, 0],
    [83, 186, 25, 20],
    [26, 92, 14, 10],
    [6, 63, 8, 6],
    [47, 163, 34, 19],
    [5, 32, 2, 3],
    [16, 36, 2, 14],
    [5, 16, 6, 3],
    [16, 71, 7, 6],
    [7, 6, 2, 2],
    [3, 16, 1, 1],
    [1, 17, 0, 0],
    [40, 135, 22, 11],
    [0, 8, 0, 1],
    [10, 70, 14, 8],
    [53, 323, 29, 37],
    [9, 25, 2, 9],
    [7, 17, 2, 1],
    [18, 13, 4, 3],
    [49, 155, 41, 15],
    [27, 104, 18, 10],
    [26, 75, 7, 13],
    [8, 7, 3, 3],
    [20, 177, 30, 13],
    [29, 105, 17, 8],
    [11, 115, 9, 7],
    [159, 148, 55, 28],
    [92, 62, 23, 7],
    [68, 65, 16, 14],
    [53, 23, 9, 7],
    [144, 115, 61, 21],
    [27, 171, 21, 17],
    [12, 111, 13, 6],
    [33, 181, 26, 19],
    [13, 52, 17, 5],
    [103, 343, 70, 34],
    [200, 649, 95, 51],
    [84, 278, 64, 24],
    [163, 549, 69, 79],
    [21, 58, 15, 9],
    [21, 48, 18, 5],
    [199, 381, 74, 50],
    [11, 23, 5, 2],
    [160, 423, 67, 56],
    [148, 288, 39, 27],
    [25, 145, 17, 8],
    [11, 36, 7, 2],
    [92, 255, 32, 33],
    [162, 164, 66, 45],
    [44, 27, 8, 18],
    [118, 70, 37, 18],
    [20, 86, 17, 4],
    [16, 118, 14, 9],
    [91, 199, 46, 25],
    [26, 159, 13, 8],
    [35, 117, 25, 15],
    [3, 11, 1, 0],
    [181, 507, 69, 57],
    [47, 70, 27, 15],
    [75, 301, 45, 32],
    [4, 41, 2, 4],
    [3, 29, 1, 3],
    [21, 86, 13, 7],
    [9, 19, 2, 3],
    [40, 23, 10, 5],
    [13, 39, 3, 5],
    [48, 237, 12, 12],
    [18, 116, 22, 12],
    [1, 5, 2, 1],
    [3, 18, 1, 0],
    [8, 24, 6, 4],
    [14, 26, 1, 2],
    [0, 5, 0, 7],
    [26, 121, 17, 6],
    [13, 28, 2, 2],
    [174, 761, 52, 69],
    [7, 81, 19, 1],
    [57, 180, 34, 24],
    [69, 256, 27, 35],
    [107, 313, 61, 44],
    [19, 57, 15, 5],
    [26, 101, 5, 17],
    [26, 105, 18, 11],
    [19, 25, 7, 5],
    [78, 133, 59, 23],
    [173, 346, 88, 48],
    [24, 163, 28, 9],
    [21, 37, 15, 4],
    [9, 40, 7, 5],
    [5, 18, 3, 6],
    [7, 42, 5, 1],
    [16, 70, 19, 2],
    [29, 166, 19, 10],
    [2, 77, 16, 3],
    [5, 22, 0, 2],
    [27, 138, 16, 13],
    [140, 272, 33, 100],
    [723, 1192, 208, 254],
    [568, 1200, 205, 215],
    [3, 8, 1, 3]
  ],
  "method": "mult",
  "cond_prob": [
    [
      [0.006812449867, 0.02422185497, 0.88025143186, 0.052308976298, 0.036405287006],
      [0.01991918765, 0.002517200749, 0.030035513702, 0.94643028085, 0.0010978170497],
      [0.0092372956716, 0.58431194928, 0.058636741834, 0.30200641116, 0.045807602057],
      [0.42458448923, 0.010743637694, 0.16133442349, 0.39252707214, 0.010810377449]
    ],
    [
      [0.015551042072, 0.046066366955, 0.76260619687, 0.15247681129, 0.023299582811],
      [0.052246324605, 0.018730004514, 0, 0.92902367088, 0],
      [0.013098531819, 0.68932383451, 0.035223689434, 0.24329904183, 0.019054902401],
      [0.58163792549, 0.012341869202, 0.094167487391, 0.30747138865, 0.0043813292698]
    ],
    [
      [0.0071254444215, 0.026111988701, 0.90180681275, 0.060523635991, 0.0044321181359],
      [0.016328904167, 0.0011096927158, 0.0096366080489, 0.97290769723, 1.7097842692e-05],
      [0.0092072912595, 0.59480419027, 0.057772235382, 0.33289910048, 0.0053171826063],
      [0.40862981994, 0.010815996748, 0.15555099028, 0.42376938718, 0.0012338058539]
    ],
    [
      [0.0073765406265, 0.028803653143, 0.88662617242, 0.053927170226, 0.023266463589],
      [0.017847655421, 0.010857759593, 0.033224948586, 0.93697840288, 0.0010912335239],
      [0.0089810543358, 0.63179993148, 0.053317026333, 0.27961099901, 0.026290988846],
      [0.43701692978, 0.012231716111, 0.15639435739, 0.38773029598, 0.0066267007293]
    ],
    [
      [0.031886699822, 0.043009563685, 0.91789108472, 0.0072126517771, 0],
      [0.10869282162, 0.025346896051, 0.016545266377, 0.84941501595, 0],
      [0.011430194566, 0.90753489693, 0.014439285659, 0.066595622842, 0],
      [0.98365825432, 0.00056132723531, 0.0049525154708, 0.010827902973, 0]
    ],
    [
      [0.013379796803, 0.021657668203, 0.84558536157, 0.10014072117, 0.019236452255],
      [0.046667865646, 0.00074434192807, 0, 0.95258779243, 0],
      [0.018084237516, 0.52881116161, 0.058727769622, 0.36910961579, 0.025267215466],
      [0.55760296005, 0.0064457786742, 0.108779093, 0.32315368286, 0.0040184854099]
    ],
    [
      [0.039965287967, 0.022544019226, 0.8437242121, 0.093766480708, 0],
      [0.066154612454, 0, 0, 0.93384538755, 0],
      [0.020625000472, 0.55398146876, 0.060291034368, 0.3651024964, 0],
      [0.59023878871, 0.0063096517118, 0.10442829811, 0.29902326147, 0]
    ],
    [
      [0.00085517515349, 0.037304171177, 0.91682306652, 0, 0.045017587151],
      [0.025847080578, 0.027556281062, 0.045689796744, 0.89902308089, 0.0018837607222],
      [0.0078177482135, 0.6929633748, 0.04583224565, 0.21233628361, 0.041050347725],
      [0.4541431091, 0.016674945901, 0.16188681303, 0.3547673661, 0.012527765872]
    ],
    [
      [0.0072649073667, 0.035527194113, 0.84920314281, 0.060780023459, 0.04722473225],
      [0.017636908015, 0.011537153646, 0.0051163821122, 0.96508554833, 0.00062400789841],
      [0.0074702979646, 0.63797336161, 0.04348199833, 0.26597610981, 0.045098232279],
      [0.40809539448, 0.014513974814, 0.14497643117, 0.41941999088, 0.012994208659]
    ],
    [
      [0.0061039831132, 0.043184767962, 0.85690497516, 0.055229096068, 0.038577177694],
      [0.013510229232, 0.034206407453, 0.022355974838, 0.92781421924, 0.0021131692357],
      [0.0056831828158, 0.70238760193, 0.03973269068, 0.21883917314, 0.033357351441],
      [0.38160099903, 0.019633202942, 0.16281715867, 0.42413574787, 0.011812891489]
    ],
    [
      [0.0098296321908, 0.039402853325, 0.91769739715, 0, 0.033070117332],
      [0.036198720699, 0.032339528466, 0.034351217541, 0.89574004539, 0.0013704879084],
      [0.0100959218, 0.70914237853, 0.044581635903, 0.20679171468, 0.029388349083],
      [0.52679853089, 0.015233822047, 0.14086748619, 0.30908159339, 0.0080185674856]
    ],
    [
      [0.0091240834949, 0.034270408428, 0.87304694538, 0.051521053605, 0.032037509093],
      [0.030824195877, 0.016269167376, 0.034569917209, 0.91660829385, 0.0017284256843],
      [0.010094303802, 0.66650496425, 0.04784958229, 0.24264334396, 0.032907805693],
      [0.49565787462, 0.013398829695, 0.14202914804, 0.34049657842, 0.0084175692159]
    ],
    [
      [0.0072169679018, 0.037768951388, 0.79742010957, 0.04280821984, 0.1147857513],
      [0.025099234959, 0.044248563278, 0.052167750591, 0.86515859081, 0.013325860364],
      [0.0070684294971, 0.67219955444, 0.037817078397, 0.17868097302, 0.10423396464],
      [0.47215445019, 0.017104111857, 0.14743471069, 0.32873020051, 0.034576526759]
    ],
    [
      [0.13559726651, 0, 0.74390703465, 0.12049569884, 0],
      [0.080213074223, 0, 0, 0.91978692578, 0],
      [0.085779231903, 0, 0.11500619102, 0.79921457707, 0],
      [0.8961194144, 0, 0.024371861409, 0.079508724195, 0]
    ],
    [
      [0.0057283028726, 0.036824148978, 0.80341946712, 0.05494205668, 0.09908602435],
      [0.012163902325, 0.025380551945, 0.021762748433, 0.93560978113, 0.0050830161703],
      [0.0056206693184, 0.63553721119, 0.039080636506, 0.22949313124, 0.090268351743],
      [0.36794903301, 0.017029875258, 0.15470036683, 0.42952094447, 0.030799780426]
    ],
    [
      [0.00876176674, 0.031801740607, 0.89059174898, 0.057737546308, 0.011107197363],
      [0.025032312672, 0.0065965946724, 0.015551959428, 0.95259380905, 0.00022532417849],
      [0.010041888059, 0.64585140913, 0.050540855257, 0.28174816259, 0.011817684969],
      [0.46826573478, 0.012197370517, 0.14211127584, 0.37456458007, 0.0028610387958]
    ],
    [
      [0.0095703497118, 0.039681744476, 0.85966583904, 0.055594570152, 0.03548749662],
      [0.030004212537, 0.023669009507, 0.019442254718, 0.92532810216, 0.0015564210754],
      [0.0094162781198, 0.68326301593, 0.042078292562, 0.2328173774, 0.032425035986],
      [0.49229375896, 0.014793110966, 0.13382224643, 0.3501846824, 0.008906201238]
    ],
    [
      [0.0094966677373, 0.038141146348, 0.87545136366, 0.0574785722, 0.019432250055],
      [0.028119565315, 0.016378622567, 0.011992330628, 0.94294369337, 0.00056578812063],
      [0.009564523901, 0.6824165787, 0.043321247835, 0.24653569242, 0.018161957146],
      [0.49170358166, 0.01399164907, 0.13271132436, 0.35682000119, 0.0047734437248]
    ],
    [
      [0.010399402689, 0.040356728934, 0.90576781962, 0.043476048754, 0],
      [0.038385308937, 0.037735660324, 0.080878765071, 0.84300026567, 0],
      [0.010127595212, 0.76674741915, 0.041688870276, 0.18143611536, 0],
      [0.61035652444, 0.013682608754, 0.12301153759, 0.25294932922, 0]
    ],
    [
      [0.06966574615, 0.041047525855, 0.33144512158, 0.55784160642, 0],
      [0.11084104554, 0, 0, 0.88915895446, 0],
      [0.015115442784, 0.87685742243, 0.0056646352655, 0.10236249952, 0],
      [1, 0, 0, 0, 0]
    ],
    [
      [0.0068141730384, 0.038531520791, 0.85350686655, 0.047792966809, 0.053354472817],
      [0.018856870662, 0.032630552278, 0.058491422921, 0.88465752101, 0.0053636331249],
      [0.0068748102233, 0.6953001016, 0.0424864253, 0.20538005624, 0.049958606638],
      [0.43775877196, 0.017504925532, 0.16086823904, 0.36761917201, 0.016248891452]
    ],
    [
      [0.0064832051645, 0.047045932822, 0.81140426352, 0.11041396921, 0.024652629285],
      [0.0096760083001, 0.028083615491, 0, 0.96194165727, 0.00029871894383],
      [0.005366803669, 0.71438197835, 0.034268601525, 0.22706645898, 0.018916157468],
      [0.38661086507, 0.019176542454, 0.14237287271, 0.44516739064, 0.0066723291198]
    ],
    [
      [0.0030135140511, 0.02565121479, 0.92560278688, 0.045732484276, 0],
      [0.0037668727428, 0.0059054461835, 0.026962856083, 0.96336482499, 0],
      [0.0041289057718, 0.67233916089, 0.056123425368, 0.26740850797, 0],
      [0.28526244779, 0.015889385762, 0.21645599042, 0.48239217603, 0]
    ],
    [
      [0.0082740048438, 0.047044112023, 0.83498034051, 0.085361796493, 0.02433974613],
      [0.018059063562, 0.032058454974, 0, 0.94935232437, 0.00053015709125],
      [0.0070328278292, 0.71251364191, 0.035733411956, 0.22552398847, 0.019196129836],
      [0.44359885608, 0.017786039429, 0.13373620998, 0.39872374127, 0.0061551532421]
    ],
    [
      [0.0028381624511, 0, 0.84793685077, 0.053291299991, 0.095933686785],
      [0.0019774287867, 0, 0.032969726268, 0.96092057105, 0.0041322738961],
      [0.0046283062992, 0.49609364701, 0.058226768827, 0.3010487418, 0.14000253606],
      [0.30442495132, 0.0026042353254, 0.1962769893, 0.46066258096, 0.036031243091]
    ],
    [
      [0.0070492847992, 0.034327118144, 0.91096944845, 0.047654148603, 0],
      [0.012282752428, 0.020508825528, 0.057229751986, 0.90997867006, 0],
      [0.0069505209441, 0.74966065737, 0.042539022587, 0.2008497991, 0],
      [0.45936652242, 0.015223362569, 0.16279569343, 0.36261442158, 0]
    ],
    [
      [0.0072646787578, 0.026608588959, 0.92120694025, 0.04491979203, 0],
      [0.018520395919, 0, 0.023112040849, 0.95836756323, 0],
      [0.009352987723, 0.63906712601, 0.1029307131, 0.24864917316, 0],
      [0.53707744839, 0.010851433044, 0.13552945551, 0.31654166306, 0]
    ],
    [
      [0.0043353723973, 0.026519732151, 0.89437394064, 0.044033601831, 0.030737352982],
      [0.010038635173, 0.012330003169, 0.058024173036, 0.91702946655, 0.002577722073],
      [0.0056233173862, 0.65892489493, 0.054879582952, 0.24366987713, 0.036902327599],
      [0.36308795377, 0.014629966019, 0.19769059726, 0.41344685097, 0.011144631985]
    ],
    [
      [0.01156444191, 0.017664639164, 0.97077091893, 0, 0],
      [0.0686815134, 0.030993298144, 0.15624638373, 0.74407880473, 0],
      [0.010412623503, 0.83567793187, 0.036233971525, 0.1176754731, 0],
      [0.74306728961, 0.0095159366205, 0.097328661042, 0.15008811273, 0]
    ],
    [
      [0.0071645551048, 0.076495077966, 0.87914213169, 0.03719823524, 0],
      [0.019404183777, 0.11293731003, 0.016242581175, 0.85141592502, 0],
      [0.0022215116916, 0.93826714926, 0.0098498162452, 0.0496615228, 0],
      [0.66581788256, 0.025250656411, 0.092842489896, 0.21608897114, 0]
    ],
    [
      [0, 0, 0.98145710275, 0.018542897245, 0],
      [3.6252798953e-33, 0, 0.0010907586615, 0.99890924134, 0],
      [0, -0, 0.13122594127, 0.86877405873, 0],
      [0, 0, 0.25779186019, 0.74220813981, 0]
    ],
    [
      [0.01369512449, 0.039390075465, 0.80187046375, 0.096290972848, 0.048753363451],
      [0.043581242344, 0.013400828776, 0, 0.94285076459, 0.00016716428734],
      [0.012716430866, 0.65863546465, 0.037859872751, 0.24879768027, 0.041990551466],
      [0.5717241659, 0.011391352218, 0.099296749964, 0.30817808184, 0.0094096500842]
    ],
    [
      [0.18619823387, 0, -0, 0.81380176613, -0],
      [0.018671128981, 0, 0, 0.98132887102, 0],
      [0.049890493862, 0, 0, 0.95010950614, -0],
      [0.85063096815, 0, 0, 0.14936903185, 0]
    ],
    [
      [0.01226156179, 0.040806610023, 0.89148931142, 0.055442516763, 0],
      [0.044077747133, 0.019761305717, 0.0092313136601, 0.92692963349, 0],
      [0.011760707514, 0.72181315932, 0.039563761431, 0.22686237174, 0],
      [0.5784115222, 0.012907283644, 0.11062778369, 0.29805341047, 0]
    ],
    [
      [0.010843580638, 0.046149788065, 0.67225927078, 0.1279566252, 0.14279073532],
      [0.025739146992, 0.02363627919, 0, 0.94957090756, 0.0010536662537],
      [0.0083601663873, 0.63360300526, 0.027686292888, 0.22819157647, 0.10215895899],
      [0.48294867359, 0.014731240579, 0.096415031213, 0.37538756766, 0.030517486958]
    ],
    [
      [0.010955990725, 0.02891690815, 0.78258723519, 0.044722790267, 0.13281707566],
      [0.065043446831, 0.013469868275, 0.037176847492, 0.87223466645, 0.012075170952],
      [0.010447984384, 0.65604113029, 0.033980017686, 0.18268500704, 0.1168458606],
      [0.58382377155, 0.010102095467, 0.10659262895, 0.26958424581, 0.029897258226]
    ],
    [
      [0.017652609027, 0.038597921472, 0.84045813215, 0.10329133736, 0],
      [0.063149262094, 0.010642988771, 0, 0.92620774913, 0],
      [0.013780929085, 0.77118299976, 0.030223673676, 0.18481239748, 0],
      [0.77533242304, 0.0065177410694, 0.056345727633, 0.16180410826, 0]
    ],
    [
      [0.011346720174, 0, 0.58638014211, 0.31645585374, 0.085817283985],
      [0.020340447331, 0.00097197505564, 0.0074589564195, 0.96891122734, 0.0023173938514],
      [0.010170868181, 0.49210043364, 0.031998984844, 0.372789319, 0.092940394334],
      [0.49688324961, 0.0063208632429, 0.073398356419, 0.40559713377, 0.017800396956]
    ],
    [
      [0.010235701561, 0.037197352522, 0.88331764696, 0.069249298955, 0],
      [0.029410034207, 0.0020369471227, 0, 0.96855301867, 0],
      [0.010454363547, 0.6748830408, 0.044583000935, 0.27007959472, 0],
      [0.5007510944, 0.012759883306, 0.12596881737, 0.36052020493, 0]
    ],
    [
      [0.05273281129, 0.049003744969, 0.79885760809, 0.099405835653, 0],
      [0.064301299815, 0.023646921362, 0, 0.91205177882, 0],
      [0.016114566326, 0.72805669333, 0.03432584248, 0.22150289787, 0],
      [0.65988167205, 0.011259858431, 0.081297941697, 0.24756052782, 0]
    ],
    [
      [0.046363126484, 0.044632159185, 0.79278293469, 0.05887033937, 0.057351440271],
      [0.06129792622, 0.023619869963, 0, 0.91415018607, 0.000932017745],
      [0.01336592714, 0.70201869079, 0.032870137726, 0.20777246491, 0.043972779441],
      [0.62335790422, 0.011841752191, 0.089042517996, 0.2656692282, 0.010088597385]
    ],
    [
      [0, 0.34261249197, 0.65738750803, 0, 0],
      [0, 0.058011549772, 0.011062911257, 0.93092553897, 0],
      [0, 0.88451573236, 0.013773442481, 0.10171082515, 0],
      [0, 0.066490672921, 0.20737974317, 0.72612958391, 0]
    ],
    [
      [0.0061742970304, 0.044238447539, 0.76508392124, 0.16170069616, 0.022802638025],
      [0.0076708378678, 0.0060928159791, 0, 0.98623634615, 0],
      [0.0051579871303, 0.66060584843, 0, 0.31860570948, 0.01563045496],
      [0.33569508791, 0.01681747447, 0.13064012117, 0.51107550178, 0.0057718146697]
    ],
    [
      [0.0097143572461, 0.031868463752, 0.84871714155, 0.052902301818, 0.056797735637],
      [0.032089658404, 0.010832827372, 0.024830101231, 0.92979531334, 0.0024520996557],
      [0.010690587752, 0.63796361118, 0.045229219187, 0.24816503891, 0.057951542976],
      [0.52089118946, 0.01162328588, 0.12639319246, 0.32731496068, 0.013777371511]
    ],
    [
      [0.0055636774596, 0.034504483396, 0.73597543765, 0.058766134086, 0.16519026741],
      [0.011633427215, 0.018923345145, 0.0062400726929, 0.95813212574, 0.0050710292096],
      [0.0051088431553, 0.59301321946, 0.031504834998, 0.22999983495, 0.14037326744],
      [0.36499654712, 0.01530671655, 0.1290169016, 0.4426256501, 0.048054184636]
    ],
    [
      [0.0022512709817, 0.040313862651, 0.89322129408, 0, 0.064213572289],
      [0.029913769702, 0.048266234291, 0.056925461723, 0.86218524952, 0.0027092847606],
      [0.008120083469, 0.70841139799, 0.041902799415, 0.18839256422, 0.05317315491],
      [0.49172162168, 0.01728808122, 0.15172114067, 0.32267828709, 0.016590869337]
    ],
    [
      [0.014852588186, 0.042019683538, 0.90312813983, 0.014167459861, 0.025832128584],
      [0.037670859398, 0.025910877838, 0.0175072144, 0.91788205516, 0.0010289932012],
      [0.011399779788, 0.71448298194, 0.042463048853, 0.20901454009, 0.022639649328],
      [0.57653909559, 0.013515157717, 0.12144481701, 0.28293883579, 0.0055620938942]
    ],
    [
      [0.0061039726887, 0.026574941956, 0.9449309673, 0, 0.022390118052],
      [0.032563649603, 0.025345652958, 0.074131657703, 0.86700478041, 0.00095425932534],
      [0.0098904778949, 0.70913471218, 0.049579636617, 0.21029301061, 0.021102162703],
      [0.52214607048, 0.014234364995, 0.1523473062, 0.30571436454, 0.0055578937914]
    ],
    [
      [0.011459979813, 0.050435643454, 0.85756537886, 0, 0.080538997875],
      [0.047580170533, 0.065963442975, 0.018546178499, 0.86439662498, 0.0035135830097],
      [0.0096703012686, 0.74413786214, 0.034068123447, 0.15322126763, 0.058902445516],
      [0.60160634803, 0.016072992751, 0.11655138628, 0.24855517382, 0.01721409911]
    ],
    [
      [0, 0.020112828154, 0.970591757, 0, 0.0092954148426],
      [0.016655160892, 0.024313805589, 0.046133634262, 0.9125078486, 0.00038955065499],
      [0.0068736235497, 0.70413511376, 0.051011106093, 0.2288373452, 0.0091428113955],
      [0.41263645052, 0.016924912549, 0.18179721808, 0.38583425493, 0.0028071639149]
    ],
    [
      [0.0074546126153, 0.035799754259, 0.83082879787, 0.056207691776, 0.069709143481],
      [0.018920784697, 0.018684449922, 0.013739134989, 0.94613096676, 0.0025246636266],
      [0.0074787879085, 0.64706366137, 0.040392705174, 0.24021221652, 0.064852629031],
      [0.43565980765, 0.014707577031, 0.13941079799, 0.39114943873, 0.019072378601]
    ],
    [
      [0.0052976643479, 0.043984095286, 0.90153844756, 0.049179792802, 0],
      [0.013830726133, 0.040311351992, 0.023495227866, 0.92236269401, 0],
      [0.0049648523061, 0.75902041663, 0.039557022057, 0.19645770901, 0],
      [0.38944572452, 0.021727561558, 0.17655450823, 0.41227220569, 0]
    ],
    [
      [0.010535248669, 0.054710754321, 0.73336095822, 0.14833575613, 0.053057282666],
      [0.023558562445, 0.034869095601, 0, 0.94101993728, 0.00055240467076],
      [0.0076673800717, 0.71332992461, 0.028794902594, 0.21439023856, 0.035817554166],
      [0.48362553208, 0.017718987563, 0.10791689007, 0.37927185248, 0.011466737805]
    ],
    [
      [0.0092871912124, 0.057440424325, 0.65321170992, 0.28006067454, 0],
      [0.011314856184, 0.019124066089, 0, 0.96956107773, 0],
      [0.0063238265815, 0.71599132478, 0, 0.27768484863, 0],
      [0.43667778816, 0.017394105161, 0.10164955421, 0.44427855248, 0]
    ],
    [
      [0.00660276627, 0.034293969663, 0.87575055496, 0.057297756029, 0.026054953079],
      [0.015268758526, 0.0090593763473, 0.017908703581, 0.9571159193, 0.00064724224461],
      [0.0071608401338, 0.65506575213, 0.04697580577, 0.26456490637, 0.026232695592],
      [0.39945506149, 0.01487507024, 0.1578441502, 0.42023609891, 0.0075896191624]
    ],
    [
      [0.0067146724568, 0.042747855478, 0.79678413886, 0.096429832899, 0.05732350031],
      [0.013497011116, 0.02210941543, 0, 0.96400896578, 0.00038460767284],
      [0.0059546220405, 0.6653977395, 0.036471094458, 0.24497432452, 0.047202219477],
      [0.37905521962, 0.017424177196, 0.14075329912, 0.44705203528, 0.015715268782]
    ],
    [
      [0.0071203919693, 0.035199477604, 0.86242004628, 0.057749575318, 0.037510508833],
      [0.017650669575, 0.010511270279, 0.014766523178, 0.95615821203, 0.00091332493331],
      [0.007485783948, 0.6526285633, 0.044760722897, 0.25851800672, 0.036606923143],
      [0.417329615, 0.014703445532, 0.1494556835, 0.40799584574, 0.010515410224]
    ],
    [
      [0.010991398143, 0, 0.79820831622, 0.16237584596, 0.02842443968],
      [0.026853121613, 0, 0, 0.97314687839, 0],
      [0.032729550433, 0.49275362319, 0.054500562233, 0.37966925436, 0.040347009783],
      [0.49629999186, 0, 0.11558867928, 0.38073319396, 0.0073781349003]
    ],
    [
      [0.0056227213127, 0.048577523121, 0.81891106902, 0.052123853896, 0.074764832655],
      [0.0054894084459, 0.066984233931, 0.016171852943, 0.90485325404, 0.0065012506396],
      [0.0045754933729, 0.72610277205, 0.03192145777, 0.18102296578, 0.05637731102],
      [0.38832275133, 0.022582762848, 0.15400869038, 0.4120628719, 0.023022923539]
    ],
    [
      [0.0083771897392, 0.033575757168, 0.85900889597, 0.052312149963, 0.046726007165],
      [0.024206576025, 0.0074475230457, 0.031204038322, 0.93463933497, 0.0025025276376],
      [0.0090190165844, 0.65960809587, 0.044249418358, 0.24050309115, 0.046620378044],
      [0.49996421356, 0.012896453533, 0.13330596296, 0.34194022632, 0.011893143627]
    ],
    [
      [0.0088346844959, 0.064324430138, 0.82952324748, 0.057388548478, 0.039929089412],
      [0.022136230282, 0.063898448314, 0, 0.91252135612, 0.0014439652862],
      [0.0065775295958, 0.75351551548, 0.030938891661, 0.18189749495, 0.027070568315],
      [0.46642513716, 0.021879628992, 0.13270791539, 0.36897255091, 0.010014767552]
    ],
    [
      [0.02321118748, 0, 0.78295751153, 0.19383130099, 0],
      [0.061620069953, 0, 0, 0.93837993005, 0],
      [0.16794390567, 0.39866159366, 0.054023845152, 0.37937065552, 0],
      [0.74384790023, 0.0033460158477, 0.058674073697, 0.19413201022, 0]
    ],
    [
      [0, 0.053201129588, 0.84644936755, 0.050398214756, 0.049951288107],
      [0, 0.070474295062, 0.035508119075, 0.89046974079, 0.0035478450699],
      [0, 0.75737793839, 0.03386472189, 0.17306514612, 0.035692193599],
      [0.19642857143, 0.03451554612, 0.21927197244, 0.52986108024, 0.019922829772]
    ],
    [
      [0.0071452107449, 0.04363043343, 0.85878922663, 0.049125746003, 0.041309383194],
      [0.019901129858, 0.041162771641, 0.052349193046, 0.88256980314, 0.004017102316],
      [0.0066774321624, 0.72222259528, 0.039778741208, 0.19548093173, 0.035840299625],
      [0.44261346504, 0.019301348291, 0.15819466499, 0.36761222039, 0.012278301291]
    ],
    [
      [0.0011346722422, 0.045016540231, 0.87299980306, 0.059491098302, 0.021357886166],
      [0.00084168847605, 0.03030689582, 0.0051933523914, 0.9629844976, 0.00067356571058],
      [0.0010008502455, 0.72078469083, 0.03716715613, 0.22358262336, 0.01746467944],
      [0.10407173884, 0.028343357029, 0.22376589657, 0.63488322414, 0.0089357834174]
    ],
    [
      [0.00395422269, 0, 0.87320796607, 0.077628585963, 0.04520922528],
      [0.0063602490231, 0, 0.015013079334, 0.97862667164, 0],
      [0.0058513531227, 0.42608487732, 0.074403638198, 0.42631220516, 0.067347926194],
      [0.34328755686, 0.0087029293762, 0.16670802492, 0.46566996956, 0.015631519282]
    ],
    [
      [0.0074702329397, 0.024893166342, 0.88777269148, 0.065306600712, 0.014557308524],
      [0.016534841621, 0, 0.0029827209947, 0.98048243738, 0],
      [0.0090076257858, 0.60429398448, 0.052885344911, 0.31726232447, 0.016550720359],
      [0.41842757367, 0.011285490704, 0.14763598463, 0.41867808541, 0.0039728655856]
    ],
    [
      [0.010315904871, 0.043841209333, 0.86959196612, 0.045090564359, 0.031160355314],
      [0.043021535581, 0.057573568558, 0.080525071157, 0.81418425416, 0.0046955705391],
      [0.0098505620218, 0.73795371818, 0.041178946807, 0.18339095816, 0.027625814833],
      [0.54718121072, 0.016682520998, 0.13782620731, 0.29034017005, 0.0079698909278]
    ],
    [
      [0, 0, 0.93761559961, 0, 0.062384400391],
      [0, 0, 0.16885992078, 0.82824599804, 0.002894081179],
      [0.005168919824, 0.5, 0.095250774269, 0.30754589886, 0.092034407049],
      [0.21992492452, 0, 0.30131608678, 0.45427727011, 0.024481718587]
    ],
    [
      [0.010344364826, 0.028841701574, 0.95458041126, 0, 0.0062335223417],
      [0.04398615069, 0.028873912393, 0.098408291053, 0.82844566327, 0.00028598259962],
      [0.011538739066, 0.73828562112, 0.04999921205, 0.19428819426, 0.0058882335053],
      [0.57074450315, 0.014385409189, 0.14560890289, 0.26778557688, 0.0014756078895]
    ],
    [
      [0.0086927253734, 0.044940804183, 0.84322344726, 0.10314302318, 0],
      [0.020968652573, 0.021294276019, 0, 0.95773707141, 0],
      [0.0076145276191, 0.71799551922, 0.036964893661, 0.2374250595, 0],
      [0.47334860043, 0.015988088013, 0.12678196563, 0.38388134592, 0]
    ],
    [
      [0, 0.042551653117, 0.78470379818, 0.11092943714, 0.061815111559],
      [0, 0.02217753051, 0, 0.97717812945, 0.00064434003518],
      [3.6529992773e-33, 0.67509065804, 0.034148283706, 0.24119389149, 0.049567166763],
      [0, 0.027883970819, 0.21851813969, 0.72682169436, 0.026776195136]
    ],
    [
      [0.013263036325, 0.044482565182, 0.87069012441, 0.057367450066, 0.014196824016],
      [0.049735012442, 0.028708749135, 0.00096729470762, 0.92016405528, 0.00042488843442],
      [0.012040297813, 0.71515310714, 0.039040145199, 0.22180338912, 0.011963060728],
      [0.57367770076, 0.013680102488, 0.11115441411, 0.29855836574, 0.0029294169052]
    ],
    [
      [0.0065002289196, 0.029213018288, 0.83848967946, 0.058985688336, 0.066811384997],
      [0.015936854764, 0.0086646066521, 0.0091306305313, 0.96493272518, 0.0013351828685],
      [0.0072677908084, 0.59721252341, 0.045301455129, 0.28097317397, 0.069245056686],
      [0.40031910751, 0.012378282813, 0.14482239536, 0.42367719218, 0.018803022133]
    ],
    [
      [0.0062581547424, 0.049667085064, 0.85198735365, 0.092087406544, 0],
      [0.0082534598185, 0.038244388566, 0, 0.95350215162, 0],
      [0.0051821841278, 0.73889202762, 0.035551518268, 0.22037426999, 0],
      [0.37905034547, 0.020983858008, 0.1527769777, 0.44718881882, 0]
    ],
    [
      [0, 0.039573069089, 0.66187203739, 0.29855489352, 0],
      [1.8140274931e-33, 0.0021638929071, 0, 0.99783610709, 0],
      [0, 0.85747797075, 0.014383887835, 0.12813814141, 0],
      [0, 0.026915656955, 0.19011150532, 0.78297283772, 0]
    ],
    [
      [0.0060896056699, 0.038782135158, 0.88294790921, 0.052060947045, 0.020119402918],
      [0.013874867023, 0.026703709692, 0.038056723099, 0.92003655184, 0.0013281483456],
      [0.0062615392663, 0.70160318458, 0.045055865546, 0.22787118468, 0.019208225931],
      [0.3935294313, 0.018088298016, 0.17162833507, 0.41044429928, 0.0063096363396]
    ],
    [
      [0.0079980156215, 0.032295376628, 0.81798179194, 0.042344484506, 0.099380331299],
      [0.027000452125, 0.02703685824, 0.10232763163, 0.82745362053, 0.016181437473],
      [0.00888238653, 0.64368731832, 0.044467190191, 0.20056984103, 0.10239326393],
      [0.49961581205, 0.0139986418, 0.14608716197, 0.31151133887, 0.028787045319]
    ],
    [
      [0.0066497433029, 0.042741828368, 0.88097463515, 0.061849827652, 0.0077839655319],
      [0.012535850347, 0.021983180704, 0.00072778413456, 0.96460544615, 0.00014773866938],
      [0.0061727296482, 0.7023299124, 0.04033411799, 0.24445657074, 0.0067066692217],
      [0.38906892074, 0.017893106954, 0.15290012594, 0.43795243604, 0.0021854103328]
    ],
    [
      [0, 0.032393624516, 0.81564444162, 0.15196193387, 0],
      [0, 0.0092475009341, 0, 0.99075249907, 0],
      [0.0028302061701, 0.71194028777, 0.034760668618, 0.25046883744, 0],
      [0.24858489691, 0.016849347024, 0.16697522407, 0.56759053199, 0]
    ],
    [
      [0.0049943626744, 0.033062861558, 0.80091442676, 0.032902310484, 0.12812603852],
      [0.01849493488, 0.036902104337, 0.039148173753, 0.89160050468, 0.013854282345],
      [0.0038091361049, 0.77637967763, 0.023237183057, 0.10747060808, 0.089103395124],
      [0.48161822145, 0.018090237303, 0.14624083261, 0.31246927487, 0.041581433772]
    ],
    [
      [0.007150897718, 0.034807207109, 0.87930122163, 0.053469387242, 0.025271286296],
      [0.018814475292, 0.015295490166, 0.022180272653, 0.94258114575, 0.0011286161366],
      [0.0075891201945, 0.68087044302, 0.044708729591, 0.24198097636, 0.024850730827],
      [0.44758967289, 0.01461724816, 0.14942248755, 0.38134452007, 0.0070260713264]
    ],
    [
      [0.096426928337, 0, 0.7494520262, 0.068360625919, 0.085760419543],
      [0.089987435984, 0, 0, 0.91001256402, 0],
      [0.076542162929, 0.5, 0.042633729592, 0.28256038436, 0.098263723121],
      [0.75643734513, 0, 0.056554768335, 0.17646496057, 0.010542925958]
    ],
    [
      [0.0058837054128, 0.1067422626, 0.86662725547, 0, 0.020746776517],
      [0.035419790723, 0.065945638171, 0.017971338474, 0.87982295908, 0.00084027355248],
      [0.0073400116594, 0.8107074049, 0.029927913025, 0.13921278785, 0.012811882568],
      [0.57531929605, 0.021297153854, 0.12445797317, 0.27438881253, 0.0045367643901]
    ],
    [
      [0.022793697807, 0.016656198188, 0.85231801202, 0.052778991075, 0.05545310091],
      [0.083149457636, 0, 0.009100709821, 0.90662803343, 0.0011217991104],
      [0.021535845676, 0.58540849653, 0.049327769409, 0.28010880675, 0.063619081632],
      [0.67924910873, 0.0054487867938, 0.0833909705, 0.22301067838, 0.0089004555945]
    ],
    [
      [0.011119313999, 0.027007404326, 0.7729273674, 0.15795929976, 0.030986614514],
      [0.026863148923, 0.0038209881068, 0, 0.96931586297, 0],
      [0.012647313671, 0.55805825816, 0.047741870753, 0.34589323564, 0.03565932177],
      [0.49566157244, 0.0084476094237, 0.11054865966, 0.37828127164, 0.00706088684]
    ],
    [
      [0.0088876947241, 0.032127921992, 0.90006956505, 0.058914818233, 0],
      [0.02468657324, 0, 0.0094782469126, 0.96583517985, 0],
      [0.010066289562, 0.64899030113, 0.048735527537, 0.29220788177, 0],
      [0.47957671907, 0.011992564932, 0.13559079845, 0.37283991755, 0]
    ],
    [
      [0.0024959959719, 6.5919492087e-17, 0.98684872307, 0.01065528096, 0],
      [0.02129673437, 0, 0.10346519306, 0.87523807257, 0],
      [0.039867956036, 0, 0.21122457241, 0.74890747155, 0],
      [0.81128442011, 0, 0.073376166818, 0.11533941307, 0]
    ],
    [
      [0, 0.024993882083, 0.93106889965, 0.04393721827, 0],
      [7.7037197775e-34, 0.0063035732985, 0.0099254525281, 0.98377097417, 0],
      [0, 0.81155403438, 0.028135155551, 0.16031081007, 0],
      [0, 0.022924044205, 0.26953154163, 0.70754441416, 0]
    ],
    [
      [0, 0.040562016668, 0.91093136954, 0.048506613796, 0],
      [0, 0.035508701521, 0.027818773036, 0.93667252544, 0],
      [0, 0.76611887125, 0.038262292865, 0.19561883589, 0],
      [0.25, 0.056645450667, 0.20383118341, 0.48952336592, 0]
    ],
    [
      [0.011272302908, 0.047872238314, 0.77039231559, 0.17046314319, 0],
      [0.026240040105, 0.019741951606, 0, 0.95401800829, 0],
      [0.0069415055996, 0.79053225394, 0.025102597472, 0.17742364298, 0],
      [0.57650260548, 0.012982833961, 0.094702492121, 0.31581206843, 0]
    ],
    [
      [0.00041818132512, 0, 0.99748393011, 0.0020978885629, 0],
      [0.02811329299, 0, 0.074217361608, 0.8976693454, 0],
      [0.022394662478, 0, 0.48721349803, 0.49039183949, 0],
      [0.40849050501, 0, 0.51841617028, 0.073093324712, 0]
    ],
    [
      [0.012913691859, 0.042074944703, 0.84412428158, 0.057108599959, 0.043778481896],
      [0.041200189065, 0.025086494838, 0.0065964081939, 0.92560456118, 0.001512346723],
      [0.011712770249, 0.69376090021, 0.03696407379, 0.22075203318, 0.036810222571],
      [0.57998400677, 0.012775043137, 0.10436900549, 0.29403998902, 0.008831955587]
    ],
    [
      [0.0097971318405, 0.031156780258, 0.82477738084, 0.070340345499, 0.063928361558],
      [0.025856675974, 0.0082587648477, 0, 0.96466286918, 0.0012216900008],
      [0.0090412621238, 0.67219122971, 0.035893261025, 0.22839002606, 0.054484221078],
      [0.56528391728, 0.00966699074, 0.10305376349, 0.30911755971, 0.012877768783]
    ],
    [
      [0.014520330161, 0.026960628523, 0.8230948382, 0.11942529272, 0.015998910395],
      [0.04539610591, 0.0016208813322, 0, 0.95298301276, 0],
      [0.017379985591, 0.56829142265, 0.051913122979, 0.34334189209, 0.019073576686],
      [0.56555458991, 0.0075971879012, 0.10263790955, 0.32095866622, 0.0032516464279]
    ],
    [
      [0.0034726624551, 0.046219490095, 0.76442112473, 0.06285009825, 0.12303662447],
      [0.0079777794218, 0.036651348945, 0, 0.95063982553, 0.0047310461054],
      [0.0027539615474, 0.66764320368, 0.026691696401, 0.21258366945, 0.090327468916],
      [0.27716596025, 0.022483434793, 0.14190989527, 0.51913372493, 0.039306984762]
    ],
    [
      [0.008288181542, 0.11930842833, 0.78839738878, 0.061642616444, 0.022363384898],
      [0.015173535756, 0.066135135259, 0, 0.91793380954, 0.00075751944821],
      [0.0053651335973, 0.78461081249, 0.026713384858, 0.16996369294, 0.013346976118],
      [0.44224677807, 0.025763650579, 0.13137890642, 0.39497998276, 0.005630682173]
    ],
    [
      [0.0094762666884, 0.032342039287, 0.88074866347, 0.059173558513, 0.018259472041],
      [0.027781517155, 0.0078965756467, 0.0088113631445, 0.95521952883, 0.00029101522097],
      [0.010543351887, 0.64196635329, 0.04828403065, 0.28035229114, 0.018853973038],
      [0.48426853446, 0.011822410999, 0.13339898366, 0.36603752059, 0.0044725503027]
    ],
    [
      [0.0044138569482, 0.040017614797, 0.88518651287, 0.059578586664, 0.010803428725],
      [0.0031778732385, 0.020926372971, 0.0086653335068, 0.96695521049, 0.00027520979342],
      [0.0043373058854, 0.69350444992, 0.043035270861, 0.24926756702, 0.0098554063119],
      [0.30155607554, 0.019645205263, 0.18062823212, 0.49460883535, 0.0035616517281]
    ],
    [
      [0.012229520521, 0.039128536342, 0.78471751814, 0.163924425, 0],
      [0.032703388214, 0, 0, 0.96729661179, 0],
      [0.011252792063, 0.67989116437, 0.038536569401, 0.27031947416, 0],
      [0.54695082019, 0.011638068786, 0.10246372287, 0.33894738815, 0]
    ],
    [
      [0.010730323727, 0.028629812836, 0.87651441988, 0.057507223703, 0.026618219852],
      [0.036615125323, 0.0093098168176, 0.0087679163403, 0.94467550645, 0.00063163507064],
      [0.012303993725, 0.6297525905, 0.048565330313, 0.2810960164, 0.028282069064],
      [0.52713905628, 0.0097982597177, 0.12248464007, 0.33453564414, 0.0060423997881]
    ],
    [
      [0.0065264465181, 0.060883727036, 0.73085551965, 0.20173430679, 0],
      [0.0069188409402, 0.043426273283, 0, 0.94965488578, 0],
      [0.0044595460564, 0.75549345451, 0.02838526326, 0.21166173617, 0],
      [0.36577838753, 0.02348929283, 0.13516561367, 0.47556670598, 0]
    ],
    [
      [0.0045645772559, 0, 0.89186457224, 0.071225168299, 0.032345682205],
      [0, 0, 0.04213822489, 0.95786177511, 0],
      [0.0076048404028, 0.42275786425, 0.16321915759, 0.35873955173, 0.047678586026],
      [0.37200782986, 0.0081389900539, 0.17171668041, 0.43780011248, 0.010336387186]
    ],
    [
      [0.010025078576, 0.045337476883, 0.83096901209, 0.056027253054, 0.057641179398],
      [0.030374986698, 0.051032574869, 0.0017676634926, 0.91361564575, 0.0032091291946],
      [0.008761397509, 0.7000513487, 0.03581488413, 0.20861305005, 0.046759319612],
      [0.50701079075, 0.016231077066, 0.12331476734, 0.33960101846, 0.013842346392]
    ],
    [
      [0.0097875745265, 0.039665218815, 0.85468135752, 0.051320762409, 0.044545086728],
      [0.034256948233, 0.030727350731, 0.037572130867, 0.89413400982, 0.003309560348],
      [0.0096989505723, 0.69077996123, 0.042019996563, 0.2165155579, 0.040985533731],
      [0.51250703891, 0.014950358406, 0.1342168369, 0.32703690854, 0.011288857236]
    ],
    [
      [0.0064474198375, 0.072705435727, 0.70323975514, 0.17234046367, 0.045266925624],
      [0.0094744970893, 0.045852024584, 0, 0.94420166175, 0.00047181657405],
      [0.0040238813295, 0.76975100042, 0, 0.20002599597, 0.026199122281],
