{
  "Z_true": {},
  "V_true": [
    [823, 119, 805, 225, 82],
    [1120, 947, 7069, 945, 299],
    [340, 832, 184, 25135, 256],
    [94, 2333, 323, 1100, 66],
    [126, 150, 198, 735, 480]
  ],
  "p_true": [
    [0.4007, 0.0579, 0.3919, 0.1095, 0.0399],
    [0.1079, 0.0912, 0.681, 0.091, 0.0288],
    [0.0127, 0.0311, 0.0069, 0.9397, 0.0096],
    [0.024, 0.5958, 0.0825, 0.2809, 0.0169],
    [0.0746, 0.0888, 0.1172, 0.4352, 0.2842]
  ],
  "Z_est": {},
  "V_est": [
    [1473.4067, 465.1096, 115.4837, 0, 0],
    [314.201, 300.206, 8463.5163, 873.3862, 428.6905],
    [0, 0, 0, 26747, 0],
    [0, 3396.3862, 0, 519.6138, 0],
    [715.3923, 219.2981, 0, 0, 754.3095]
  ],
  "p_est": [
    [0.7173, 0.2264, 0.0562, 0, 0],
    [0.0303, 0.0289, 0.8154, 0.0841, 0.0413],
    [0, 0, 0, 1, 0],
    [0, 0.8673, 0, 0.1327, 0],
    [0.4236, 0.1298, 0, 0, 0.4466]
  ],
  "EI_Z": {},
  "EI_V": 13.6853,
  "MAE_Z": {},
  "MAE_V": 490.3287,
  "MAE_p": 0.1213,
  "runtime": 0.0258
}
