{
  "Z_true": {},
  "V_true": [
    [907, 1284, 614, 63],
    [299, 8497, 543, 273],
    [289, 1367, 16885, 665],
    [120, 1332, 405, 221],
    [151, 563, 1133, 469]
  ],
  "p_true": [
    [0.3162, 0.4477, 0.2141, 0.022],
    [0.0311, 0.884, 0.0565, 0.0284],
    [0.015, 0.0712, 0.8792, 0.0346],
    [0.0577, 0.641, 0.1949, 0.1064],
    [0.0652, 0.2431, 0.4892, 0.2025]
  ],
  "Z_est": {},
  "V_est": [
    [956.539, 1911.461, 0, 0],
    [0, 9612, 0, 0],
    [0, 0, 19206, 0],
    [139.4302, 1519.539, 0, 419.0308],
    [670.0308, 0, 374, 1271.9692]
  ],
  "p_est": [
    [0.3335, 0.6665, 0, 0],
    [0, 1, 0, 0],
    [0, 0, 1, 0],
    [0.0671, 0.7313, 0, 0.2017],
    [0.2893, 0, 0.1615, 0.5492]
  ],
  "EI_Z": {},
  "EI_V": 16.1863,
  "MAE_Z": {},
  "MAE_V": 584,
  "MAE_p": 0.1239,
  "runtime": 0.0235
}
