{
  "Z_true": {},
  "V_true": [
    [278, 23, 190, 36, 1418, 42],
    [14, 775, 75, 332, 172, 47],
    [76, 957, 430, 5209, 489, 364],
    [841, 345, 2158, 155, 17542, 414],
    [37, 163, 717, 445, 530, 698]
  ],
  "p_true": [
    [0.1399, 0.0116, 0.0956, 0.0181, 0.7136, 0.0211],
    [0.0099, 0.5477, 0.053, 0.2346, 0.1216, 0.0332],
    [0.0101, 0.1272, 0.0571, 0.6922, 0.065, 0.0484],
    [0.0392, 0.0161, 0.1006, 0.0072, 0.8176, 0.0193],
    [0.0143, 0.0629, 0.2768, 0.1718, 0.2046, 0.2695]
  ],
  "Z_est": [
    [
      [4.457, 2.0571, 0.3019, 15.5208, 5.4989, 17.5772, 19.6517, 16.1711, 16.4819, 11.2592, 11.5865, 0.201, 0, 5.1063, 4.737, 1.8836, 9.8827, 15.6365, 9.9797, 5.2447, 1.5445, 0.373, 11.6806, 0.1072, 0.1312, 0.8865, 10.8568, 5.1299, 0, 4.3623, 0.7963, 4.4319, 0, 0.1488, 27.6943, 17.8128, 3.8979, 2.3534, 1.0845, 25.1691, 1.9578, 15.8025, 1.8217],
      [0.8381, 0.3116, 0.6576, 2.5384, 0.8473, 3.0822, 3.4494, 4.2541, 2.6079, 2.5847, 3.1071, 0.156, 0.6179, 0.47, 1.0516, 0.529, 2.6372, 3.3904, 1.771, 1.8813, 0.5386, 0.0976, 2.3751, 0.1381, 0.0418, 0.2879, 3.7886, 1.3546, 0, 0.707, 0.1623, 0.8516, 0.0394, 0.073, 7.0875, 6.3611, 1.007, 0.0946, 0.173, 6.3522, 0.6368, 5.0706, 0.851],
      [5.5214, 3.5797, 0.6675, 33.1655, 9.6194, 34.928, 35.2968, 31.4925, 33.8198, 34.751, 21.3925, 0.469, 2.6442, 4.6555, 8.0575, 2.3891, 19.4325, 28.3828, 24.7194, 15.8564, 3.4354, 2.2181, 19.0773, 0.2046, 0.9432, 0.9799, 23.8567, 15.0451, 0, 9.907, 0.9428, 4.5405, 0.5398, 0.8359, 63.5384, 52.3795, 10.3795, 0.4502, 1.6067, 56.7923, 4.3856, 33.8932, 4.8679],
      [0.0597, 0.0252, 0.0273, 0.3402, 0.1502, 0.3243, 0.2948, 0.3741, 0.4253, 0.2399, 0.1891, 0.0205, 0.0236, 0.1296, 0.2408, 0.1055, 0.2877, 0.7193, 0.1787, 0.09, 0.0271, 0.0234, 0.2543, 0.0069, 0.0027, 0.0282, 0.3462, 0.1307, 0, 0.0743, 0.0229, 0.117, 0.0051, 0.0077, 0.5006, 0.5886, 0.178, 0.0112, 0.0502, 0.8175, 0.0785, 0.3598, 0.089],
      [8.8666, 4.8669, 2.3018, 43.2246, 17.9772, 43.7617, 44.2693, 42.1604, 47.193, 39.2661, 27.5023, 1.0316, 3.3163, 8.2677, 12.9862, 6.6231, 28.615, 47.3863, 24.461, 13.5279, 6.0435, 2.2039, 28.2219, 0.5255, 0.8683, 2.7327, 44.5171, 14.5553, 0, 11.2981, 1.9384, 7.5868, 0.3849, 0.881, 61.2916, 57.5758, 17.5853, 1.05, 4.6639, 95.2715, 5.3515, 38.5318, 12.8885],
      [0.2573, 0.1596, 0.044, 2.2106, 0.9071, 2.3265, 3.038, 2.5478, 2.4721, 1.8991, 1.2226, 0.122, 0.398, 0.3709, 0.9268, 0.4697, 1.1449, 3.4848, 0.8901, 0.3997, 0.4109, 0.0841, 1.3908, 0.0178, 0.0127, 0.0848, 2.6346, 0.7845, 0, 0.6512, 0.1373, 0.4721, 0.0308, 0.0538, 2.8876, 3.2823, 0.9523, 0.0407, 0.4218, 4.5974, 0.5899, 2.3421, 0.4819]
    ],
    [
      [0.0464, 0.01, 0.0005, 0.3587, 0.0602, 0.2904, 0.2398, 0.2631, 0.3768, 0.1534, 0.1209, 0.0017, 0, 0.0865, 0.1056, 0.0285, 0.1503, 0.2746, 0.122, 0.0629, 0.0179, 0.0239, 0.2428, 0, 0.0067, 0.012, 0.1108, 0.0951, 0, 0.1402, 0.0071, 0.0969, 0, 0.0074, 0.4827, 0.3765, 0.0466, 0, 0.0345, 0.4305, 0.0775, 0.3588, 0.049],
      [8.9916, 1.739, 1.9519, 54.3657, 8.8966, 47.4318, 39.4627, 63.8232, 55.4604, 32.7033, 30.689, 1.898, 0.922, 8.2189, 22.1547, 7.8573, 37.0312, 55.5342, 20.3039, 21.0443, 6.2789, 7.8529, 46.2077, 0, 2.595, 3.7133, 37.032, 23.5214, 0, 21.6884, 1.8035, 18.7767, 1.8229, 5.3243, 115.1234, 126.1986, 11.5938, 3.6918, 5.3756, 101.0333, 23.1577, 105.9938, 39.1876],
      [0.2584, 0.0753, 0.0047, 3.3295, 0.4579, 2.5197, 1.8949, 2.2214, 3.3533, 2.0641, 0.978, 0.0136, 0.0209, 0.3553, 0.7788, 0.1442, 1.2793, 2.1674, 1.3077, 0.7715, 0.1704, 0.7239, 1.734, 0, 0.1628, 0.0383, 1.078, 1.186, 0, 1.3547, 0.0337, 0.4502, 0.0598, 0.2161, 4.8259, 4.8796, 0.5502, 0.0572, 0.2203, 4.2702, 0.7174, 3.3258, 0.9652],
      [0.1167, 0.0277, 0.0097, 1.4352, 0.3012, 0.9935, 0.6608, 1.1172, 1.7651, 0.6024, 0.3595, 0.0301, 0.0077, 0.4015, 0.9625, 0.2844, 0.8, 2.227, 0.393, 0.1558, 0.0588, 0.3329, 0.9838, 0, 0.0223, 0.061, 0.6633, 0.4442, 0, 0.4447, 0.0425, 0.4957, 0.0378, 0.0922, 1.5698, 2.3124, 0.396, 0.0278, 0.2863, 2.5853, 0.5404, 1.4742, 0.791],
      [0.5363, 0.1336, 0.0317, 5.5808, 1.1028, 4.0609, 3.0577, 3.8221, 6.0174, 3.0037, 1.6181, 0.0404, 0.0349, 0.8179, 1.6192, 0.5563, 2.4246, 4.6767, 1.6741, 0.8843, 0.3879, 0.9476, 3.3009, 0, 0.2046, 0.1586, 2.6129, 1.4908, 0, 1.9944, 0.091, 0.9796, 0.0526, 0.2946, 6.0723, 6.9423, 1.2014, 0.1982, 0.8371, 9.2308, 1.12, 4.8806, 3.5745],
      [0.0506, 0.0144, 0.0015, 0.9302, 0.1813, 0.7038, 0.6841, 0.753, 1.0271, 0.473, 0.2345, 0.0162, 0.0145, 0.1198, 0.3791, 0.1293, 0.3146, 1.12, 0.1993, 0.0811, 0.0862, 0.1189, 0.5309, 0, 0.0086, 0.0167, 0.5029, 0.2624, 0, 0.3776, 0.0221, 0.201, 0.027, 0.0653, 0.9259, 1.2905, 0.212, 0.025, 0.2462, 1.4499, 0.387, 0.9668, 0.4327]
    ],
    [
      [3.0688, 0.8633, 0.0838, 11.2821, 2.7088, 9.3054, 10.0948, 11.3352, 7.2178, 9.0547, 6.1694, 0.0451, 0, 3.0441, 3.9347, 0.5511, 8.9919, 9.8612, 5.5089, 3.6634, 1.1548, 0.3046, 7.3508, 0.1121, 0.1564, 0.4347, 3.2928, 2.4551, 0, 2.0211, 0.5295, 3.8123, 0, 0.2419, 18.2796, 9.1296, 2.9827, 1.7872, 1.5637, 13.4519, 1.7497, 13.3429, 1.2159],
      [5.9637, 1.3373, 5.0979, 18.1598, 4.0946, 16.2236, 17.7096, 29.4364, 11.2251, 20.6542, 16.4761, 0.3559, 0.6385, 2.8652, 8.3909, 3.4147, 23.6546, 20.6224, 9.7048, 12.9937, 4.0448, 0.9081, 14.9055, 1.2691, 0.5049, 1.4853, 11.5576, 6.4185, 0.3483, 3.2645, 1.0385, 7.8534, 0.0264, 1.4058, 46.4175, 32.4721, 8.0548, 1.0786, 2.6631, 33.9305, 5.5629, 41.994, 6.7472],
      [0.9739, 0.3837, 0, 5.9637, 1.0876, 4.5838, 4.5462, 5.4839, 3.671, 6.7768, 2.8463, 0.0137, 0.1431, 0.6404, 1.3476, 0, 4.3491, 3.607, 3.1601, 2.4388, 0.6217, 0.4882, 2.9675, 0.0152, 0.2423, 0, 1.664, 1.6647, 0, 1.1165, 0.0831, 0.8178, 0.0195, 0.4134, 9.7388, 6.4826, 2.0242, 0.1346, 0, 7.3357, 1.018, 7.0121, 0.5721],
      [45.6612, 14.7367, 16.9149, 265.0791, 80.0341, 187.2352, 163.118, 283.2069, 199.001, 209.0196, 107.6523, 6.9058, 5.1788, 88.8167, 209.4182, 71.9705, 280.4087, 468.4413, 104.729, 53.2294, 23.0869, 25.3004, 175.4494, 8.5536, 3.9939, 18.0722, 114.9872, 68.8809, 7.9829, 39.1691, 18.3889, 116.1615, 2.8173, 17.8236, 344.8726, 325.5326, 156.2652, 5.0764, 97.6803, 473.6044, 73.5069, 320.9177, 75.8598],
      [12.4843, 3.9808, 4.5609, 62.1453, 17.5178, 46.0422, 45.496, 58.3766, 40.8669, 62.8665, 29.1805, 0.4062, 1.2184, 11.1279, 20.9011, 8.8459, 51.2882, 59.928, 26.8917, 18.8362, 8.9365, 4.1712, 35.345, 0.8602, 1.9478, 2.5739, 27.2322, 13.7569, 2.6688, 10.3367, 2.0392, 13.8135, 0.0697, 3.0315, 81.1905, 59.0821, 28.6753, 2.4736, 18.4625, 102.3452, 9.1547, 64.5778, 20.6709],
      [1.8482, 0.6982, 0.3425, 16.37, 4.557, 12.6098, 16.0355, 18.161, 11.0183, 15.6282, 6.6754, 0.2733, 0.8212, 2.5056, 8.0075, 3.2178, 10.3075, 22.5401, 5.0056, 2.8385, 3.1554, 0.8275, 8.9819, 0.1898, 0.1548, 0.434, 8.2663, 3.824, 0, 3.0921, 0.9208, 4.5415, 0.0671, 1.0839, 19.5009, 17.301, 7.9979, 0.4496, 7.6305, 25.3323, 5.0078, 20.1555, 3.9341]
    ],
    [
      [9.0212, 2.6027, 0.5742, 36.4161, 14.7113, 30.1712, 37.097, 30.7726, 32.8735, 30.4076, 25.6418, 0.7432, 0, 9.2972, 12.7381, 4.0651, 25.5198, 26.5231, 19.017, 10.5324, 4.8906, 1.0851, 29.0915, 0.7806, 0.5123, 1.5204, 14.2283, 13.0794, 0, 8.4999, 1.6395, 11.7521, 0, 0.4854, 61.194, 30.6905, 9.7648, 1.3226, 6.4034, 50.5108, 6.6255, 44.4037, 2.4342],
      [4.7576, 1.1935, 0.7691, 13.7005, 4.2499, 13.5344, 17.4118, 20.1944, 11.0099, 17.9077, 16.314, 1.5466, 0.6353, 1.6494, 6.5003, 2.4254, 17.3476, 12.83, 8.7831, 6.959, 4.3404, 0.8036, 15.4068, 1.5928, 0.5696, 1.2282, 13.558, 8.8092, 0.149, 3.42, 0.961, 6.345, 0.1112, 0.8423, 37.966, 27.7187, 6.3641, 0.9855, 0.0191, 32.7368, 5.5279, 32.5186, 6.8636],
      [21.4987, 7.7602, 1.2011, 138.7812, 43.214, 108.3351, 123.5307, 107.166, 119.9344, 168.2196, 86.2972, 2.4729, 3.8446, 16.3452, 38.1148, 4.6566, 88.9529, 84.9874, 81.1909, 51.3386, 18.4906, 17.6466, 85.879, 1.7802, 5.158, 1.7508, 56.5113, 64.7805, 0, 33.3648, 2.8912, 22.2872, 2.381, 5.5705, 248.4829, 162.9832, 52.8478, 2.1735, 10.3606, 208.5174, 25.9427, 169.7081, 20.6658],
      [1.6632, 0.2532, 1.415, 9.4208, 4.7852, 6.4067, 6.8844, 8.1296, 10.0534, 7.6254, 5.2471, 0.727, 0.2341, 3.5309, 9.025, 2.443, 8.5964, 16.5118, 4.134, 2.9337, 0.8587, 1.3849, 7.2085, 0.4395, 0.1002, 0.3062, 5.5982, 3.6366, 0.182, 1.5173, 0.2677, 3.9934, 0.1398, 0.1394, 14.2952, 12.1255, 6.4242, 0.5915, 5.4881, 20.0703, 3.3982, 12.656, 3.5875],
      [172.5419, 52.1126, 35.7678, 900.5191, 418.8407, 676.5335, 770.4616, 713.669, 832.4264, 960.3249, 551.5716, 30.3138, 23.1158, 149.1468, 311.7333, 103.7151, 653.1052, 724.0025, 414.5989, 233.9445, 164.9127, 90.9031, 634.3307, 26.6143, 25.6599, 33.5379, 548.4998, 322.8563, 14.6691, 191.3118, 31.6239, 191.1038, 9.4929, 29.6884, 1231.151, 901.0893, 452.371, 26.0143, 237.6049, 1767.2374, 156.3572, 964.9102, 339.4663],
      [2.5175, 1.0776, 0.2728, 28.1624, 13.1989, 22.0192, 30.6145, 26.0684, 26.7024, 28.5147, 14.9284, 2.1966, 1.1701, 4.0305, 13.8884, 4.6948, 14.4781, 32.1452, 8.276, 3.2918, 6.507, 2.1767, 19.0834, 0.7925, 0, 0.6564, 19.6044, 10.8379, 0, 6.8862, 1.6167, 7.5185, 0.8751, 1.2739, 34.9109, 31.3928, 15.228, 0.9124, 11.1239, 51.9272, 9.1485, 35.8035, 7.9826]
    ],
    [
      [0.4066, 0.4669, 0.0396, 3.4223, 1.0207, 4.6558, 2.9167, 5.458, 4.05, 3.1251, 3.4816, 0.0091, 0, 1.4658, 1.4845, 0.4716, 3.4553, 3.7047, 2.3724, 1.4965, 0.3923, 0.2134, 2.6343, 0, 0.1935, 0.1464, 1.5112, 1.2404, 0, 0.9764, 0.0275, 1.9068, 0, 0.1165, 6.3494, 3.9906, 1.308, 0.5368, 0.914, 5.4377, 0.5895, 5.0921, 0.4792],
      [0.4491, 0.4185, 0.5234, 3.2358, 0.9116, 4.728, 2.9665, 8.2919, 3.6967, 4.1501, 5.4138, 0.0436, 0.1863, 0.7965, 1.9024, 0.7737, 5.3295, 4.623, 2.4372, 3.1218, 0.7974, 0.3378, 3.1049, 0, 0.2888, 0.2853, 3.0639, 1.8963, 0.5027, 0.9201, 0.0347, 2.1733, 0, 0.3546, 9.4056, 8.2495, 1.9803, 0.1495, 0.7693, 7.9472, 1.1147, 9.423, 1.3506],
      [0.7476, 1.2011, 0.1267, 10.76, 2.6212, 13.6334, 7.7314, 15.6363, 12.2216, 14.1884, 9.486, 0.0308, 0.3471, 2.0035, 3.7013, 0.81, 9.9863, 9.8554, 8.6219, 6.5947, 1.2818, 1.9232, 6.3422, 0, 1.4937, 0.231, 4.89, 5.3237, 0, 3.2571, 0.0491, 2.9043, 0, 0.9641, 21.4141, 17.2751, 5.1983, 0.1844, 1.8124, 18.0844, 1.9364, 16.0609, 1.9289],
      [1.4993, 1.9572, 0.6332, 20.7247, 7.7292, 24.0404, 12.0419, 35.1722, 28.7553, 18.5127, 15.552, 0.3166, 0.5557, 10.1213, 20.3534, 7.1967, 27.9071, 45.1007, 11.5652, 5.5911, 1.9686, 3.9585, 16.104, 0, 0.8808, 1.5324, 13.4051, 8.9076, 0.8351, 4.7946, 0.2781, 14.2324, 0, 1.9371, 30.7619, 36.4409, 16.7366, 0.293, 11.4951, 48.9224, 6.4761, 31.5923, 6.6727],
      [3.5709, 4.9061, 1.3378, 41.5302, 14.5615, 50.6017, 28.7154, 61.9719, 50.4963, 47.5387, 36.1275, 0.208, 1.3147, 10.6396, 17.7601, 7.2596, 43.567, 49.0064, 25.3743, 16.807, 6.7194, 5.7742, 27.8015, 0, 4.3193, 1.9969, 27.138, 15.3407, 2.6622, 11.059, 0.3074, 14.5162, 0, 3.1046, 61.2946, 56.3106, 26.167, 1.2639, 17.4317, 89.9151, 7.0165, 54.0997, 15.3998],
      [1.3265, 2.0501, 0.3393, 26.3269, 9.1557, 33.3407, 24.628, 46.4697, 32.7802, 28.485, 19.9391, 0.3919, 2.5962, 5.9732, 15.7982, 6.4884, 21.7549, 44.7099, 11.629, 6.3889, 5.8405, 2.7928, 17.013, 0, 0.8239, 0.808, 19.9918, 10.2912, 0, 7.9929, 0.3031, 11.267, 0, 2.5231, 35.7745, 39.7334, 17.6098, 0.5723, 19.5775, 53.6931, 9.8668, 40.7321, 7.1688]
    ]
  ],
  "V_est": [
    [311.2778, 74.8719, 661.66, 7.9654, 883.5723, 47.6526],
    [5.3692, 1228.4523, 51.0158, 26.3133, 88.2664, 15.5831],
    [192.1538, 462.9701, 96.4484, 5374.7408, 1096.3771, 302.3099],
    [659.6402, 388.5569, 2518.0158, 214.429, 17119.8512, 554.5069],
    [77.5591, 108.1489, 242.86, 553.5515, 962.933, 644.9476]
  ],
  "p_est": [
    [0.1567, 0.0377, 0.333, 0.004, 0.4447, 0.024],
    [0.0038, 0.8682, 0.0361, 0.0186, 0.0624, 0.011],
    [0.0255, 0.0615, 0.0128, 0.7143, 0.1457, 0.0402],
    [0.0307, 0.0181, 0.1174, 0.01, 0.7979, 0.0258],
    [0.0299, 0.0418, 0.0938, 0.2137, 0.3718, 0.249]
  ],
  "EI_Z": {},
  "EI_V": 8.8378,
  "MAE_Z": {},
  "MAE_V": 206.0492,
  "MAE_p": 0.065,
  "runtime": 0.026
}
