{
  "X": [
    [60, 20, 371, 262, 53],
    [3, 11, 41, 49, 3],
    [2, 27, 50, 96, 7],
    [1, 15, 39, 85, 4],
    [3, 5, 30, 21, 2],
    [48, 52, 268, 462, 49],
    [116, 73, 1054, 959, 105],
    [28, 38, 129, 192, 22],
    [2, 1, 9, 19, 0],
    [9, 6, 95, 79, 7],
    [5, 8, 25, 51, 8],
    [1, 2, 6, 10, 2],
    [17, 12, 158, 200, 7],
    [17, 17, 206, 290, 14],
    [9, 13, 100, 142, 13],
    [282, 271, 1901, 2267, 192],
    [15, 8, 157, 109, 10],
    [4, 2, 35, 63, 7],
    [6, 12, 40, 44, 6],
    [2, 8, 25, 23, 2],
    [1, 0, 2, 7, 1],
    [1, 0, 3, 3, 0],
    [27, 50, 207, 253, 20],
    [17, 11, 61, 126, 11],
    [4, 7, 32, 25, 4],
    [32, 54, 176, 423, 28],
    [1, 3, 18, 25, 2],
    [24, 17, 228, 187, 29],
    [32, 18, 276, 287, 29],
    [69, 56, 539, 443, 53],
    [32, 26, 176, 275, 15],
    [32, 21, 288, 468, 30],
    [28, 28, 265, 223, 15],
    [4, 5, 11, 23, 2],
    [4, 4, 17, 26, 2],
    [62, 69, 364, 382, 33],
    [60, 95, 496, 487, 51],
    [1, 1, 12, 12, 0],
    [0, 2, 16, 13, 3],
    [32, 21, 301, 294, 26],
    [2, 4, 68, 46, 9],
    [17, 12, 168, 227, 13],
    [23, 12, 173, 179, 22],
    [7, 1, 10, 11, 1],
    [2, 1, 21, 17, 2],
    [47, 69, 384, 412, 36],
    [25, 33, 156, 296, 30],
    [48, 54, 252, 344, 36],
    [53, 55, 395, 469, 56],
    [37, 37, 247, 322, 36],
    [15, 23, 85, 150, 16],
    [48, 30, 392, 445, 54],
    [2, 1, 5, 18, 1],
    [24, 40, 246, 282, 9],
    [21, 78, 255, 319, 19],
    [4, 11, 32, 30, 1],
    [16, 84, 192, 368, 19],
    [131, 271, 908, 1376, 139],
    [94, 205, 799, 1124, 103]
  ],
  "W": [
    [26, 247, 392, 76, 25],
    [11, 37, 46, 3, 10],
    [52, 59, 59, 2, 10],
    [19, 74, 42, 3, 6],
    [3, 24, 30, 3, 1],
    [73, 424, 300, 51, 31],
    [75, 886, 1131, 159, 56],
    [42, 169, 140, 35, 23],
    [5, 10, 12, 4, 0],
    [7, 62, 111, 11, 5],
    [12, 44, 27, 8, 6],
    [3, 10, 7, 0, 1],
    [6, 181, 178, 18, 11],
    [19, 279, 211, 24, 11],
    [9, 130, 114, 15, 9],
    [340, 2055, 2069, 295, 154],
    [8, 108, 164, 15, 4],
    [7, 56, 37, 9, 2],
    [14, 41, 41, 6, 6],
    [8, 20, 25, 1, 6],
    [0, 6, 4, 0, 1],
    [0, 3, 4, 0, 0],
    [47, 227, 228, 26, 29],
    [15, 109, 76, 17, 9],
    [3, 28, 34, 2, 5],
    [42, 393, 203, 49, 26],
    [0, 21, 20, 4, 4],
    [16, 167, 240, 44, 18],
    [23, 237, 312, 44, 26],
    [67, 351, 623, 70, 49],
    [27, 260, 194, 36, 7],
    [19, 432, 313, 46, 29],
    [23, 197, 299, 27, 13],
    [5, 19, 14, 5, 2],
    [3, 26, 19, 4, 1],
    [56, 325, 399, 100, 30],
    [82, 434, 539, 92, 42],
    [0, 12, 11, 3, 0],
    [3, 14, 16, 0, 1],
    [30, 253, 339, 33, 19],
    [1, 47, 74, 4, 3],
    [9, 208, 178, 31, 11],
    [6, 170, 196, 23, 14],
    [2, 7, 16, 5, 0],
    [1, 18, 21, 1, 2],
    [55, 352, 435, 58, 48],
    [35, 258, 182, 43, 22],
    [51, 309, 294, 53, 27],
    [43, 447, 453, 44, 41],
    [43, 284, 272, 60, 20],
    [14, 143, 100, 22, 10],
    [43, 384, 455, 52, 35],
    [0, 19, 6, 1, 1],
    [61, 226, 260, 34, 20],
    [96, 252, 287, 27, 30],
    [14, 27, 29, 5, 3],
    [99, 326, 208, 21, 25],
    [207, 1386, 988, 126, 118],
    [133, 1095, 864, 126, 107]
  ],
  "method": "mvn_pdf",
  "cond_prob": [
    [
      [0.0076822121471, 0.37918898317, 0.015152591116, 0.59063085974, 0.0073453538307],
      [0.010752251092, 0.022170710296, 0.10173863656, 0.77951434621, 0.085824055843],
      [0.056975710118, 0, 0.85138117444, 0.07812419144, 0.013518924006],
      [0.45176657742, 0.0001426694188, 0.13582300865, 0.2069592977, 0.20530844681],
      [0.019028728566, 0.18616312475, 0.056504814576, 0.30999857854, 0.42830475356]
    ],
    [
      [0.0026829569035, 0.48978707404, 0.0061538640839, 0.5000875743, 0.0012885306761],
      [0.0040226535408, 0.045029925498, 0.056967188252, 0.87030525889, 0.023674973816],
      [0.037191733067, 0.0022323984672, 0.82578875147, 0.12755537756, 0.0072317394407],
      [0.33954432698, 0.0017676668481, 0.14621829258, 0.40914062481, 0.10332908878],
      [0.0092196591044, 0.38382416121, 0.039958408439, 0.42027728617, 0.14672048508]
    ],
    [
      [0, 0.4220866636, 0.0068949282253, 0.56574866716, 0.0052697410186],
      [0, 0.034657365503, 0.045425166632, 0.87571888667, 0.044198581193],
      [0.025507445803, 0.00090713722915, 0.78670463565, 0.16552917269, 0.021351608631],
      [0.22198206533, 0.0014787190044, 0.12069615206, 0.46142182904, 0.19442123457],
      [0.0051096566965, 0.29502303936, 0.030441309382, 0.42245901474, 0.24696697982]
    ],
    [
      [0, 0.48612891749, 0.0065966852699, 0.50533745211, 0.0019369451343],
      [0, 0.041447125231, 0.05320725372, 0.87724359175, 0.028102029294],
      [0.0090227826412, 0.0099056670425, 0.81629164185, 0.15306954342, 0.011710365046],
      [0.19916033414, 0.0021255413858, 0.14949064446, 0.50780502835, 0.14141845167],
      [0.0039270211105, 0.37900811012, 0.034100885558, 0.42170445192, 0.16125953129]
    ],
    [
      [0.002790100432, 0.76117558281, 0.0064046230432, 0.22751554563, 0.0021141480835],
      [0.013949447893, 0.088087573834, 0.10914000262, 0.74379557047, 0.045027405188],
      [0.039978734375, 0, 0.89224320289, 0.052781200245, 0.014996862487],
      [0.482416128, 0.0018243335499, 0.18322510749, 0.22403229209, 0.10850213887],
      [0.010232534025, 0.59689847891, 0.044454658766, 0.21082678826, 0.13758754004]
    ],
    [
      [0.0054699130767, 0.41633202961, 0.0081535134115, 0.5656634286, 0.0043811153065],
      [0.0047263876338, 0.031962801348, 0.061203254413, 0.84383036575, 0.058277190854],
      [0.071480619642, 0, 0.78389784159, 0.12489280581, 0.019728732954],
      [0.46287268942, 0.00072546234083, 0.1000383643, 0.2719661909, 0.16439729304],
      [0.01761338502, 0.25866243509, 0.038171115926, 0.3736895856, 0.31186347837]
    ],
    [
      [0.0043389174602, 0.41283144581, 0.011039151717, 0.56769724706, 0.0040932379506],
      [0.0048651984212, 0.030711752771, 0.081695846233, 0.83030573578, 0.052421466799],
      [0.043131766705, 0, 0.84347598321, 0.098828243798, 0.014564006292],
      [0.38866138372, 0.00078870956161, 0.14982398055, 0.29883217079, 0.16189375538],
      [0.014014772051, 0.26252899623, 0.053503463313, 0.38362081576, 0.28633195265]
    ],
    [
      [0.0048081353633, 0.51354591872, 0.0075595023621, 0.47050173033, 0.0035847132205],
      [0.0047342875406, 0.048783759508, 0.067310977329, 0.82718138333, 0.05198959229],
      [0.068994198646, 0.00063953954667, 0.8038163758, 0.10964443569, 0.016905450313],
      [0.48414820205, 0.0013187035803, 0.11037497882, 0.26362353099, 0.14053458457],
      [0.017112558189, 0.3500402563, 0.039544733091, 0.34209691138, 0.25120554104]
    ],
    [
      [0.0090301539979, 0.1886119077, 0.0063736656508, 0.79598427265, 0],
      [0.01518315764, 0.0056940461485, 0.026782846264, 0.95233994995, 0],
      [0.045600840526, 0, 0.69879341134, 0.25560574814, 0],
      [0.31395189183, 0, 0.078695568268, 0.60735253991, 0],
      [0.0074553681355, 0.17193869741, 0.023611380763, 0.73802045703, 0.058974096669]
    ],
    [
      [0.0031888622585, 0.39329843645, 0.0077014789291, 0.5927151155, 0.0030961068579],
      [0.0033571293085, 0.029696658717, 0.057165254974, 0.87054291396, 0.039238043044],
      [0.04364604584, 0.0003524947435, 0.80868154615, 0.1311211288, 0.016198784464],
      [0.35170264594, 0.0010339371646, 0.12983028676, 0.37412363072, 0.14330949942],
      [0.011219150692, 0.27104357581, 0.042011812469, 0.44150565818, 0.23421980285]
    ],
    [
      [0.0050588460003, 0.42418450375, 0.006975011462, 0.55943056259, 0.0043510762001],
      [0.0079492720278, 0.033496641443, 0.054356449703, 0.83343363632, 0.070764000501],
      [0.055540267636, 0.00088377727066, 0.79719475252, 0.12308844042, 0.02329276216],
      [0.37741069354, 0.001089069232, 0.10107502057, 0.28550118731, 0.23492402935],
      [0.011775517375, 0.23389319857, 0.031959598833, 0.33472597682, 0.38764570841]
    ],
    [
      [0.012456637089, 0.47444559163, 0.0013984947955, 0.50664049698, 0.0050587795005],
      [0.030661778846, 0.039665120959, 0.036019549019, 0.77700853119, 0.11664501999],
      [0.092142731682, 0.0073711632316, 0.80267473632, 0.075713488797, 0.02209787997],
      [0.85357526271, 0.00015627027773, 0.033866456583, 0.049385054571, 0.063016955859],
      [0.011013178495, 0.12841387288, 0.016885871191, 0.17999877561, 0.66368830182]
    ],
    [
      [0.0035277186682, 0.40705859979, 0.0077597856625, 0.58008795907, 0.0015659368078],
      [0.0044906959964, 0.033068327655, 0.060256066393, 0.8842632427, 0.017921667256],
      [0.049534918737, 0.0005421288858, 0.80988903654, 0.13684792081, 0.0031859950339],
      [0.39984817846, 0.001164841164, 0.13236299934, 0.38090308708, 0.08572089395],
      [0.013775905928, 0.3140740921, 0.045846434297, 0.47751271326, 0.14879085442]
    ],
    [
      [0.0034413147533, 0.37229469011, 0.010898981482, 0.61109331651, 0.0022716971448],
      [0.0033789922488, 0.024971007401, 0.078452215673, 0.86545589385, 0.027741890823],
      [0.034259782776, 0, 0.84943472606, 0.10925851166, 0.0070469795048],
      [0.35929893888, 0.00077048195231, 0.16744515727, 0.36382124192, 0.10866417998],
      [0.012717043949, 0.26736347782, 0.059576382388, 0.4674342577, 0.19290883814]
    ],
    [
      [0.0021525527138, 0.47496032094, 0.0061511360681, 0.51360962859, 0.0031263616929],
      [0.0015634720263, 0.042716838413, 0.052242858286, 0.85765407782, 0.045822753456],
      [0.03713596025, 0.0013106569844, 0.79818796601, 0.14420208188, 0.019163334867],
      [0.29820287875, 0.0016705245589, 0.12402617068, 0.39765146806, 0.17844895795],
      [0.0078703347081, 0.33307726147, 0.033249723608, 0.38651931894, 0.23928336127]
    ],
    [
      [0.005412515122, 0.44027283939, 0.009648412012, 0.54142291918, 0.003243314297],
      [0.005052141141, 0.036472718392, 0.075483972568, 0.83899411438, 0.043997053515],
      [0.061657275334, 0, 0.82052917407, 0.10495528113, 0.012858269464],
      [0.47226526798, 0.00091492192955, 0.12634049376, 0.27625144003, 0.12422787629],
      [0.018769078521, 0.29925906717, 0.049705645978, 0.39049773342, 0.24176847491]
    ],
    [
      [0.0055564810192, 0.42223948155, 0.014121533969, 0.55440039352, 0.003682109939],
      [0.0057663955843, 0.032242205961, 0.10485792772, 0.80975274429, 0.047380726445],
      [0.04607271319, 0.0003332428471, 0.87030354208, 0.071759735901, 0.01153076598],
      [0.44696466043, 0.00082575432194, 0.17020304241, 0.25472424217, 0.12728230066],
      [0.018095639775, 0.26822194052, 0.069886249258, 0.380510037, 0.26328613344]
    ],
    [
      [0.0091818201049, 0.24603802301, 0.009830421691, 0.72907759734, 0.0058721378578],
      [0.0068806645121, 0, 0.059523733834, 0.87270836353, 0.060887238129],
      [0.026340694878, 0, 0.82009364225, 0.13160265049, 0.021963012389],
      [0.28418867061, 0, 0.1299317293, 0.36476264338, 0.22111695671],
      [0.0090531503012, 0.13886691946, 0.042503813316, 0.43631330141, 0.37326281551]
    ],
    [
      [0.0061328902326, 0.55020183097, 0.0094106350129, 0.42932920781, 0.0049254359713],
      [0.0086053651162, 0.052191003812, 0.092083043257, 0.78302451551, 0.064096072303],
      [0.05920537273, 0.0013993519249, 0.85319628883, 0.069200764504, 0.016998222014],
      [0.50468776888, 0.0012751084074, 0.13498490582, 0.21185875165, 0.14719346525],
      [0.01762877863, 0.34871985513, 0.050314843247, 0.29616701667, 0.28716950632]
    ],
    [
      [0.0062373311378, 0.55945505428, 0.009833463583, 0.42150636606, 0.0029677849403],
      [0.010590174598, 0.051665919014, 0.10585693582, 0.79840399276, 0.033482977802],
      [0.045466995865, 0.00049716512794, 0.88928419643, 0.055572812597, 0.0091788299847],
      [0.50269210999, 0.0012232978498, 0.18059694686, 0.2349160655, 0.080571579799],
      [0.016488475387, 0.41289812657, 0.06524861956, 0.33927213931, 0.16609263917]
    ],
    [
      [0.0059485993457, 0.064499134346, 0.0023487091899, 0.92359598609, 0.0036075710244],
      [0, 0, 0, 0.93355063217, 0.066449367827],
      [0.24579606602, 0, 0.49803941225, 0.21340709089, 0.042757430845],
      [1, 0, 0, 0, 0],
      [0.016815735909, 0, 0.0078423510154, 0.54506784342, 0.43027406966]
    ],
    [
      [0.01371149318, 1.6884682319e-05, 0.0052289974241, 0.9788290739, 0.0022135508124],
      [0, 0, 0.054165753335, 0.94583424667, 0],
      [0.25, 0, 0.709375685, 0.040624315001, 0],
      [1, 0, 0, 0, 0],
      [0.064525832093, 1.783224799e-16, 0.027631051641, 0.47785984629, 0.42998326998]
    ],
    [
      [0.0039919500373, 0.54566541233, 0.0071480992692, 0.44090221332, 0.0022923250452],
      [0.0049784221912, 0.055159034725, 0.068754269348, 0.83308315556, 0.038025118174],
      [0.058786240627, 0.00014137753608, 0.81824163887, 0.11097439194, 0.011856351031],
      [0.45583027751, 0.0015638478428, 0.12711666152, 0.29795270485, 0.11753650829],
      [0.014738842507, 0.40550795226, 0.041127356235, 0.34892372324, 0.18970212575]
    ],
    [
      [0.0057011814574, 0.38000121311, 0.0060893723387, 0.60441849801, 0.0037897350823],
      [0.00086688311259, 0.027472730369, 0.044808614878, 0.88075936562, 0.046092406019],
      [0.099526091528, 0, 0.71777520249, 0.16200621106, 0.020692494919],
      [0.53296559409, 0.00053474580341, 0.070559054934, 0.27692680297, 0.1190138022],
      [0.02173266258, 0.25515150161, 0.030455674445, 0.43452488733, 0.25813527404]
    ],
    [
      [0.0044193011043, 0.72245684855, 0.0064788183045, 0.26344422714, 0.0032008049021],
      [0.015852125732, 0.081435305941, 0.093777068084, 0.74104534022, 0.067890160019],
      [0.067619555112, 0, 0.85071860472, 0.06084568856, 0.020816151603],
      [0.58139586486, 0.0013740094271, 0.11945231877, 0.170108794, 0.12766901295],
      [0.016205194535, 0.50993857383, 0.038293688111, 0.21028535865, 0.22527718487]
    ],
    [
      [0.0027154224988, 0.52797545477, 0.0044607928404, 0.46276774958, 0.0020805803119],
      [0.0039126115839, 0.05356762582, 0.042213176283, 0.86597139982, 0.034335186494],
      [0.057306770426, 0.00068802908489, 0.7567269131, 0.16953452195, 0.01574376544],
      [0.37650285124, 0.0019557259372, 0.10009957161, 0.38766071548, 0.13378113573],
      [0.01024545367, 0.4052866722, 0.027016386645, 0.37792736057, 0.17952412691]
    ],
    [
      [0.00086092438796, 0.55832836668, 0.0043470661942, 0.43503308243, 0.0014305603107],
      [0, 0.048205637097, 0.04626959774, 0.87636459094, 0.029160174228],
      [0.01087995746, 0.0097532413407, 0.81706385896, 0.14735722723, 0.01494571501],
      [0.19285410476, 0.0032790487266, 0.14332002852, 0.52549742733, 0.13504939067],
      [0.0027461079406, 0.44487514981, 0.028445288544, 0.38680233412, 0.13713111959]
    ],
    [
      [0.0035752355826, 0.42725029645, 0.011491421034, 0.55286266434, 0.0048203825953],
      [0.0025238035177, 0.033149114728, 0.086021395091, 0.81580367538, 0.062502011282],
      [0.034840148272, 0, 0.85608139303, 0.093460931662, 0.015617527033],
      [0.34000211294, 0.00092743564373, 0.16012494072, 0.29838346259, 0.20056204811],
      [0.011088471586, 0.25484921827, 0.052529586868, 0.35308264606, 0.32845007722]
    ],
    [
      [0.0039731812946, 0.34332373423, 0.0092486002807, 0.63972951159, 0.003724972612],
      [0.0078891619152, 0.017812375965, 0.063317074779, 0.86695446661, 0.044026920732],
      [0.042948091593, 0, 0.81351727925, 0.12762516554, 0.015909463621],
      [0.37032403696, 0.000302658673, 0.13071904542, 0.34869401697, 0.14996024198],
      [0.013262432805, 0.22571938567, 0.046619474881, 0.44832400973, 0.26607469692]
    ],
    [
      [0.0046728769366, 0.43718131904, 0.0085733608006, 0.54575212619, 0.0038203170326],
      [0.0047811713266, 0.035926942927, 0.066923380061, 0.84098941919, 0.051379086496],
      [0.05816195224, 0, 0.80961839279, 0.11552332219, 0.016696332774],
      [0.42880026918, 0.00097962642901, 0.12045196524, 0.29498736553, 0.15478077362],
      [0.015465531049, 0.28632491443, 0.043093513219, 0.38014645095, 0.27496959035]
    ],
    [
      [0.004791552093, 0.46553297758, 0.0075588089349, 0.52000254544, 0.0021141159535],
      [0.0046951303826, 0.041693151524, 0.063204850978, 0.85908384645, 0.031323020665],
      [0.067474164878, 0.00071662778595, 0.79885111527, 0.12303894268, 0.0099191493869],
      [0.48426252136, 0.001238380037, 0.11353172245, 0.30171689085, 0.099250485308],
      [0.01806506267, 0.34382610533, 0.042627504765, 0.40953832092, 0.18594300632]
    ],
    [
      [0.0035765495041, 0.33623301191, 0.0088242046421, 0.6485760174, 0.002790216536],
      [0.0052396677522, 0.017913401564, 0.061200051075, 0.88266420872, 0.032982670892],
      [0.040716030361, 0, 0.81107312776, 0.13654601251, 0.011664829371],
      [0.35987880072, 0.00037786831086, 0.13383825835, 0.38156378412, 0.1243412885],
      [0.012757474293, 0.23640004675, 0.047292040486, 0.48535453516, 0.21819590331]
    ],
    [
      [0.0035246043383, 0.53173332625, 0.0074327827609, 0.45525631364, 0.0020529730077],
      [0.0043924328925, 0.052383648535, 0.06943057418, 0.84015103335, 0.033642311039],
      [0.051562041734, 0.00067624666798, 0.82565235304, 0.11220361395, 0.0099057446129],
      [0.42456676854, 0.0016358125222, 0.1377537613, 0.32270164991, 0.11334200773],
      [0.013328583945, 0.400322311, 0.043216751527, 0.36596354597, 0.17716880756]
    ],
    [
      [0.003223057425, 0.58950697344, 0.0011345127132, 0.40171211427, 0.0044233421514],
      [0.0044859465381, 0.05821616066, 0.027088461594, 0.86798150743, 0.042227923779],
      [0.087875147809, 0.001772997866, 0.7226990112, 0.16488478406, 0.02276805906],
      [0.52839978531, 0.0019987550047, 0.064651800653, 0.29899175452, 0.10595790451],
      [0.013200366402, 0.45577116757, 0.019300753035, 0.34822251898, 0.16350519402]
    ],
    [
      [0.0040271374193, 0.6196169598, 0.0045911599463, 0.36903310984, 0.0027316329911],
      [0.006530949059, 0.062246842734, 0.054525786362, 0.8333105362, 0.043385885641],
      [0.078049441895, 0.002650451437, 0.79851420508, 0.10356151968, 0.017224381908],
      [0.57969232245, 0.0017961842255, 0.091223036075, 0.23514044303, 0.092148014214],
      [0.016405226404, 0.46518789532, 0.031894033954, 0.31859608306, 0.16791676126]
    ],
    [
      [0.0028117912918, 0.59950557891, 0.0061117901279, 0.38977532156, 0.0017955181135],
      [0.0055097672192, 0.065399270509, 0.065611798523, 0.82871436342, 0.034764800332],
      [0.048280154144, 0, 0.82123129359, 0.1194712854, 0.011017266868],
      [0.40460135015, 0.0017653699429, 0.13572433057, 0.33489417863, 0.12301477071],
      [0.010931627432, 0.46654625571, 0.036339534504, 0.32273177148, 0.16345081088]
    ],
    [
      [0.0026405391976, 0.59439907067, 0.0068557829678, 0.39350156048, 0.0026030466816],
      [0.0045101667113, 0.063775421323, 0.071518727088, 0.81420008131, 0.045995603569],
      [0.042286594953, 0, 0.83393316145, 0.10901995359, 0.014760290008],
      [0.37620759225, 0.0018417695968, 0.1444995095, 0.32225560959, 0.15519551906],
      [0.010059292064, 0.43836429876, 0.038446889156, 0.30858965918, 0.20453986084]
    ],
    [
      [0.00052990883749, 0.81268115898, 0.0038866490029, 0.18264799679, 0.00025428639274],
      [0.00015679334176, 0.064695415672, 0.092927118752, 0.84222067223, 0],
      [0.0057358360866, 0.018513647977, 0.91770614342, 0.058044372513, 0],
      [0.31167476098, 0.0066682947314, 0.26336899911, 0.41828794518, 0],
      [0.0030449652716, 0.70627331433, 0.034539331631, 0.23223409004, 0.02390829872]
    ],
    [
      [0, 0.44814362259, 0.015243918781, 0.52793790141, 0.0086745572175],
      [0, 0.026950314773, 0.10102102438, 0.71743457534, 0.15459408551],
      [0, 0.011254721747, 0.90696049507, 0.076514358779, 0.0052704244033],
      [0.082174167272, 0.00057686892262, 0.14295057499, 0.19652441461, 0.57777397421],
      [0, 0.09818917745, 0.028605981201, 0.14787250054, 0.72533234081]
    ],
    [
      [0.0045746677855, 0.36307077933, 0.0097916158913, 0.61888092011, 0.0036820168851],
      [0.007395470249, 0.021959435145, 0.068519416104, 0.85775132909, 0.044374349412],
      [0.048252289631, 0, 0.82022719855, 0.1167873751, 0.014733136716],
      [0.40442167317, 0.00056441663242, 0.13249653687, 0.32115476234, 0.14136261098],
      [0.015171820719, 0.23860598841, 0.049549117018, 0.43333993789, 0.26333313597]
    ],
    [
      [0.0016539883893, 0.55344383507, 0.0083597028188, 0.42952009391, 0.0070223798101],
      [0, 0.046424457236, 0.080060679551, 0.76995834661, 0.10355651661],
      [0.015944092445, 0.0061162225911, 0.85891151879, 0.10204256899, 0.016985597178],
      [0.20131618125, 0.0015699948279, 0.14214211779, 0.27873036396, 0.37624134217],
      [0.0044061485671, 0.26857540794, 0.033589165443, 0.23878868476, 0.45464059329]
    ],
    [
      [0.0029278083108, 0.37742821719, 0.0092322290908, 0.60813153378, 0.0022802116212],
      [0.0023579605965, 0.02670145987, 0.068136611984, 0.87484012496, 0.027963842592],
      [0.033812275965, 0, 0.83355736514, 0.12421562357, 0.0084147353316],
      [0.33367266189, 0.00084727840332, 0.15505556655, 0.39521627163, 0.11520822153],
      [0.010977843717, 0.27481606925, 0.051323735315, 0.47254407174, 0.19033827998]
    ],
    [
      [0.0049806322879, 0.42611233328, 0.0088259490889, 0.55559608186, 0.0044850034802],
      [0.0051173748698, 0.033750598397, 0.066710136487, 0.83541896999, 0.059002920252],
      [0.060728111844, 5.1569947154e-05, 0.80796525773, 0.11274441732, 0.018510643154],
      [0.43379744137, 0.0008872158347, 0.11549402095, 0.27856719513, 0.17125412672],
      [0.015722243254, 0.26251504278, 0.042054864639, 0.36716052335, 0.31254732598]
    ],
    [
      [0.0039794518324, 0.34799145465, 0.011668845911, 0.63161257863, 0.0047476689734],
      [0, 0, 0.043765995107, 0.91719792606, 0.039036078838],
      [0.18449965876, 0.018123691624, 0.5923872544, 0.17297206863, 0.032017326594],
      [0.80800931124, 0.0028076049414, 0.038420854413, 0.10976725247, 0.040994976938],
      [0.071014709364, 0.19615854198, 0.022388668936, 0.48367038284, 0.22676769688]
    ],
    [
      [0.0077926585479, 0.31953232008, 0.018496593447, 0.64971387116, 0.004464556769],
      [0.013834894907, 0.01822047014, 0.11413605524, 0.80196448085, 0.051844098865],
      [0.053698318585, 0.00054237519158, 0.88540030112, 0.043871703368, 0.016487301733],
      [0.5678417826, 0.00035166730438, 0.15890819783, 0.18166020585, 0.091238146417],
      [0.023836380125, 0.17037883554, 0.087369945382, 0.40597974853, 0.31243509043]
    ],
    [
      [0.0030621576031, 0.54312596261, 0.0064353086247, 0.44509519193, 0.0022813792321],
      [0.0037430405747, 0.055214018077, 0.061638197009, 0.84148972421, 0.037915020125],
      [0.050598173369, 0.00013817375646, 0.81085650726, 0.1252760411, 0.01313110451],
      [0.39571604636, 0.0017685898444, 0.12844840411, 0.34132701446, 0.13273994523],
      [0.011506144697, 0.40687612288, 0.037017178758, 0.35465285006, 0.1899477036]
    ],
    [
      [0.0028784979111, 0.45168482372, 0.0055439082273, 0.53643007986, 0.0034626902821],
      [0.0034292580333, 0.039512416947, 0.045225992615, 0.86345790997, 0.048374422438],
      [0.050968203597, 0.00062477937368, 0.7643252902, 0.16245264182, 0.021629085006],
      [0.33774873506, 0.0014363396044, 0.10198771094, 0.37801829783, 0.18080891657],
      [0.0097770608326, 0.31006159765, 0.029317396799, 0.39234721892, 0.25849672579]
    ],
    [
      [0.0041337989755, 0.53439986878, 0.0060383883838, 0.45221816755, 0.0032097763169],
      [0.0038064469092, 0.053220559133, 0.056267585032, 0.83561721136, 0.051088197568],
      [0.07305527976, 0.00045370956222, 0.77635607418, 0.13103490173, 0.019100034763],
      [0.46649663897, 0.0014644145885, 0.097936604172, 0.285168452, 0.14893389027],
      [0.015200371948, 0.37368330873, 0.032075280979, 0.3367765215, 0.24226451684]
    ],
    [
      [0.0047088175673, 0.49494112287, 0.0074623786636, 0.48881800343, 0.0040696774637],
      [0.004568399263, 0.045511915751, 0.063782059903, 0.82538981276, 0.060747812323],
      [0.067141050451, 0.00070564486498, 0.79472123048, 0.11807596097, 0.019356113231],
      [0.44795712235, 0.0012227331568, 0.10608784717, 0.26992199795, 0.17481029937],
      [0.015376515517, 0.31707921934, 0.03638912821, 0.3333317395, 0.29782339743]
    ],
    [
      [0.0035546019925, 0.45678946721, 0.0077740436858, 0.52811794999, 0.0037639371144],
      [0.0036529302005, 0.039284016867, 0.062761597146, 0.84177644613, 0.052525009657],
      [0.048641866084, 0.00035111101496, 0.8108567314, 0.12218215686, 0.017968134633],
      [0.37237546121, 0.0012345905194, 0.1249747462, 0.32602359003, 0.17539161204],
      [0.011830234507, 0.30159072462, 0.039495340893, 0.37157276902, 0.27551093095]
    ],
    [
      [0.0024831524027, 0.61723661881, 0.0038864375883, 0.37365430489, 0.0027394863098],
      [0.0053455534541, 0.068298286787, 0.043797033398, 0.83046197783, 0.052097148532],
      [0.058149239139, 0, 0.76330648841, 0.1553742353, 0.023170037149],
      [0.37710111349, 0.0019767433289, 0.096468731672, 0.34175991837, 0.18269349314],
      [0.0089673311844, 0.45485439728, 0.022965316018, 0.29566351676, 0.21754943875]
    ],
    [
      [0.0046255139567, 0.35428826199, 0.0087136316601, 0.627396703, 0.0049758893956],
      [0.0081903624372, 0.019173972444, 0.059854115718, 0.85323255748, 0.059548991926],
      [0.052899084298, 0, 0.79445370594, 0.13251935399, 0.020127855769],
      [0.38657282837, 0.00036394242392, 0.11117108948, 0.31081548209, 0.19107665763],
      [0.013860951226, 0.21096783743, 0.039542872726, 0.39776938762, 0.33785895099]
    ],
    [
      [0.0099757083785, 0.41033444574, 0.0049687024627, 0.57279556023, 0.0019255831855],
      [0, 0.034734723884, 0.044623208095, 0.88234587561, 0.038296192411],
      [0.17366369559, 0.010008354226, 0.68437335267, 0.11908944034, 0.012865157168],
      [0.91737516302, 0.00076174355509, 0.015703979418, 0.05222120108, 0.013937912932],
      [0.040642663423, 0.2792283773, 0.030214950762, 0.46867052027, 0.18124348824]
    ],
    [
      [0.0033273318244, 0.41868303656, 0.010395454172, 0.56759417744, 0],
      [0.0041261325837, 0.034688836915, 0.078173143168, 0.86800463773, 0.015007249605],
      [0.037440686414, 0.00049797437483, 0.8492983251, 0.11276301411, 0],
      [0.37844963404, 0.0012214092423, 0.1680575242, 0.37072547994, 0.081545952576],
      [0.013133038488, 0.32248281876, 0.058361329521, 0.46423285314, 0.14178996009]
    ],
    [
      [0.0019651302006, 0.53701373496, 0.0065153268763, 0.45302697656, 0.0014788313988],
      [0.0018460865023, 0.054616682758, 0.059773762495, 0.85348828694, 0.030275181301],
      [0.038349736624, 0.00038912372904, 0.81678945311, 0.13422575301, 0.010245933532],
      [0.33621882039, 0.0020317984843, 0.1403301092, 0.39584593922, 0.12557333271],
      [0.0087283713576, 0.41722467731, 0.036801816028, 0.3739910156, 0.1632541197]
    ],
    [
      [0.0053502642183, 0.57803761027, 0.014338836667, 0.40227328885, 0],
      [0.012580935002, 0.056410799534, 0.14423526948, 0.77278600525, 0.013986990732],
      [0.036137849863, 0.001662627476, 0.91408600839, 0.048113514272, 0],
      [0.49682834498, 0.0015151639743, 0.22580377969, 0.22074232829, 0.055110383072],
      [0.017757228317, 0.44286328406, 0.089130289698, 0.33464941963, 0.11559977829]
    ],
    [
      [0.0019101476119, 0.55059123096, 0.0060093285202, 0.4400751954, 0.0014140975096],
      [0.0018316055437, 0.057210795034, 0.05751903109, 0.85324531777, 0.030193250558],
      [0.038681728341, 0.0001611280214, 0.81204492928, 0.1381020966, 0.011010117762],
      [0.33145065288, 0.0021467028317, 0.13721246137, 0.40071027118, 0.12847991175],
      [0.0083011509556, 0.43048614263, 0.034682614516, 0.36537721095, 0.16115288094]
    ],
    [
      [0.003699963101, 0.6104703054, 0.0062222020185, 0.3767051524, 0.0029023770792],
      [0.0057088737852, 0.066841623979, 0.066844331072, 0.80668611748, 0.053919053682],
      [0.063719283458, 0, 0.80541969533, 0.11325796257, 0.017603058635],
      [0.4584134818, 0.0016440758441, 0.11384189912, 0.27097028529, 0.15513025794],
      [0.01361743905, 0.43883900332, 0.033618839309, 0.28740636994, 0.22651834838]
    ],
    [
      [0.002546077865, 0.61309478747, 0.0058790952927, 0.37608553926, 0.0023945001157],
      [0.0049605207791, 0.067371581149, 0.064464635998, 0.81830937374, 0.044893888333],
      [0.045364078961, 0, 0.8186401118, 0.12050995495, 0.015485854282],
      [0.3808945101, 0.0019638564089, 0.13271891763, 0.3301803161, 0.15424239976],
      [0.0097413915543, 0.46204734581, 0.033660408298, 0.30101437498, 0.19353647935]
    ]
  ],
  "expected_outcome": [
    [
      [0.19973751582, 0.029512525938, 0, 0, 0.008370301296, 0.3993036546, 0.32541880951, 0.20194168526, 0.045150769989, 0.022322035809, 0.060706152004, 0.037369911267, 0.021166312009, 0.065384980313, 0.019372974424, 1.8402551415, 0.044451848154, 0.064272740735, 0.085860463257, 0.049898649102, 0, 0, 0.18762165175, 0.085517721862, 0.013257903313, 0.11404774495, 0, 0.057203769322, 0.091383169776, 0.31308275475, 0.12937190651, 0.067954440578, 0.08106589978, 0.016115287125, 0.012081412258, 0.15746031234, 0.2165242142, 0, 0, 0.13724003357, 0.0016539883893, 0.026350274797, 0.029883793728, 0.0079589036647, 0.0077926585479, 0.16841866817, 0.10074742689, 0.21082374775, 0.20247915539, 0.15284788568, 0.034764133637, 0.19889710014, 0, 0.20296724129, 0.18865249926, 0.074903699056, 0.18910461358, 0.76589236191, 0.33862835605],
      [9.8589135623, 5.3876578144, 21.9485065073, 9.2364494322, 2.2835267484, 30.3922381613, 30.9623584358, 21.5689285864, 0.94305953851, 2.7530890552, 5.0902140449, 1.4233367749, 2.4423515987, 7.0735991122, 4.2746428884, 149.6927653912, 3.3779158524, 1.7222661611, 7.7028256336, 4.4756404343, 0, 0, 25.6462743796, 5.7000181966, 2.1673705456, 22.1749691003, 0, 6.8360047432, 7.8964458872, 29.2911483759, 12.5693903947, 6.3884272264, 12.2298665037, 2.9475348672, 1.8588508794, 33.572312419, 48.740723795, 0, 1.3444308678, 10.8921233798, 0.55344383507, 3.3968539547, 2.5566739997, 0.69598290931, 0.31953232008, 29.8719279433, 15.8089688303, 27.2543933076, 21.2824682836, 19.6419470901, 8.6413126634, 15.2343952654, 0, 25.5396652302, 51.5533185562, 8.0925265437, 54.5085318651, 126.3673532178, 81.5416067329],
      [0.39396736903, 0.067692504923, 0.35853626772, 0.12533702013, 0.01921386913, 0.59520647904, 0.8279363788, 0.31749909921, 0.031868328254, 0.053910352504, 0.083700137544, 0.0041954843866, 0.046558713975, 0.20708064816, 0.055360224613, 3.2804600841, 0.11297227175, 0.068812951837, 0.13174889018, 0.078667708664, 0, 0, 0.33596066565, 0.09134058508, 0.019436454914, 0.1873532993, 0, 0.18386273654, 0.21271780646, 0.57441517364, 0.20408784124, 0.1676598882, 0.1709540035, 0.0056725635659, 0.013773479839, 0.34226024717, 0.56217420336, 0, 0.045731756343, 0.29374847674, 0.0083597028188, 0.083090061818, 0.052955694533, 0.023337691821, 0.018496593447, 0.35394197436, 0.19403678795, 0.30795780757, 0.32088228254, 0.33428387849, 0.054410126236, 0.37468616139, 0, 0.63412270451, 0.62547138012, 0.20074371333, 0.5949235235, 1.2879958178, 0.78191967393],
      [15.3564023532, 5.5009633173, 29.4189306921, 9.6014115901, 0.6825466369, 41.2934302877, 42.5772935296, 19.7610726739, 3.9799213632, 4.1490058085, 6.7131667511, 1.5199214909, 3.4805277544, 11.6107730136, 4.6224866573, 184.0837925222, 4.4352031482, 5.1035431814, 6.0106089094, 3.3720509284, 0, 0, 20.7224040259, 9.0662774702, 0.79033268142, 19.4362454823, 0, 8.8458026294, 14.7137787665, 36.5653924545, 14.0400687268, 12.3229443307, 10.4708952138, 2.0085605714, 1.1070993295, 21.8274180071, 32.2671279595, 0, 1.5838137042, 18.5664276033, 0.42952009391, 5.4731838041, 3.3335764912, 1.2632251573, 0.64971387116, 24.4802355564, 18.775052795, 23.063126545, 21.0191741475, 22.7090718498, 5.2311602684, 26.9780582291, 0, 34.623244824, 43.4905897501, 5.6318260439, 43.5674443444, 77.9779665471, 50.0193767217],
      [0.1909791996, 0.014173837437, 0.27402653297, 0.036801957551, 0.0063424442504, 0.31982141738, 0.30699284629, 0.15055795526, 0, 0.021672748005, 0.052212914401, 0.015176338502, 0.0093956208465, 0.04316224575, 0.028137255236, 1.102726861, 0.029456879512, 0.041104965005, 0.068956103599, 0.023742279522, 0, 0, 0.10773927713, 0.056846026234, 0.0096024147064, 0.087384373099, 0, 0.077126121525, 0.085674370077, 0.25596124118, 0.057081130744, 0.053014114185, 0.047218379177, 0.022116710757, 0.0081948989734, 0.10054901436, 0.21344982789, 0, 0.026023671652, 0.11046050655, 0.0070223798101, 0.020521904591, 0.026910020881, 0.0094953379468, 0.004464556769, 0.12547585777, 0.12119415988, 0.16369859216, 0.17499613094, 0.16184929592, 0.038352808337, 0.21396324401, 0, 0, 0.14196781428, 0, 0.13999565345, 0.6007920554, 0.31846851538]
    ],
    [
      [2.6558060197, 0.14883818101, 0, 0, 0.33478674944, 2.0039883567, 4.3105658011, 0.80009459437, 0.1518315764, 0.20814201713, 0.34976796923, 0.30661778846, 0.81281597534, 0.94273883742, 0.20325136341, 10.3821500448, 0.6227707231, 0.38531721268, 0.35281996976, 0.21180349195, 0, 0, 1.1301018374, 0.094490259272, 0.44385952048, 1.5376563525, 0, 0.42147518746, 1.8697313739, 1.6781911356, 1.2207338995, 2.2635364689, 0.86530927983, 0.085232984224, 0.16980467553, 1.7906743462, 1.9574123527, 0.0018815201011, 0, 1.871053973, 0, 0.49045580408, 0.86995372786, 0, 0.24902810833, 1.3175502823, 0.88474857258, 1.1761920949, 2.0420744706, 1.0374321769, 0.76441414394, 3.1450991759, 0, 0.93250596391, 0.46521379858, 0.33968524506, 0.59710340725, 7.9124990663, 5.4317702531],
      [5.4761654431, 1.6661072434, 2.0447845647, 3.0670872671, 2.114101772, 13.5522277716, 27.2106129552, 8.2444553569, 0.056940461485, 1.8411928405, 1.4738522235, 0.39665120959, 5.9853673056, 6.9669110649, 5.5531889937, 74.9514362959, 3.4821582438, 0, 2.1398311563, 1.0333183803, 0, 0, 12.5211008827, 2.9945276102, 2.2801885663, 21.0520769472, 1.012318379, 5.5359021596, 4.2215331037, 12.6103569672, 10.8402193961, 7.7385894757, 10.3195787615, 1.1061070525, 1.6184179111, 21.2547629154, 27.678532854, 0.77634498806, 0.37730440682, 5.5557370916, 2.1819494901, 5.553903653, 5.7376017275, 0, 0.32796846252, 19.4353343632, 10.1942035724, 16.4451527723, 20.3438263407, 11.1566607901, 9.7666550106, 7.3628054184, 0.65995975379, 7.8396771428, 13.763404055, 1.5230915874, 18.6507191812, 92.6424908344, 73.7718813577],
      [25.1294432301, 2.1077859653, 2.6800848313, 3.9373367753, 2.6193600628, 25.9501798712, 72.3825197623, 11.3755551685, 0.26782846264, 3.5442458084, 2.391683787, 0.36019549019, 10.9063480172, 21.8881681726, 6.7915715771, 155.119563628, 11.3246561936, 3.3333290947, 3.7754047735, 2.1171387165, 0, 0.16249726, 15.607219142, 4.8841390217, 2.6257579064, 16.5897782794, 0.97166155253, 14.3655729802, 15.0061467227, 23.4901064014, 16.4332612543, 26.4384220645, 13.6778231135, 0.51468077028, 1.4176704454, 21.3238345199, 31.0391275562, 1.115125425, 1.4142943413, 17.3354122743, 3.7628519389, 14.1724152926, 11.3407232028, 0.30636196575, 2.0544489944, 21.6966453472, 11.6683060948, 17.3866837749, 28.5105807768, 17.8242935894, 6.2629757759, 22.9839804357, 0.8478409538, 17.6671303561, 15.0629881487, 3.8943522759, 18.7512041352, 92.6462428664, 70.5887764176],
      [192.5400435139, 32.2012945791, 51.6674143137, 64.9160257898, 17.8510936912, 357.7840750785, 735.6508818979, 139.7936537832, 9.5233994995, 53.9736606653, 36.6710799983, 7.7700853119, 160.0516469285, 241.4621943854, 111.4950301164, 1724.1329050571, 87.4532963835, 48.8716683574, 32.104005136, 15.9680798552, 5.601303793, 2.83750274, 189.1098763124, 96.0027708527, 20.7492695263, 340.3267601287, 18.4036564096, 136.2392137887, 205.4682085862, 295.1872861356, 223.3618000772, 381.3109381654, 165.5097535705, 16.4916486412, 21.6660739413, 269.3321681105, 353.3628352881, 10.1066480668, 10.0440840548, 217.01108626, 36.1880422906, 181.9667459912, 142.0212248991, 6.4203854824, 14.4353606552, 296.2043829233, 222.7721407711, 258.2057183093, 368.9492463035, 239.064510701, 118.7560628294, 327.6413020705, 16.7645716366, 196.1690481266, 215.0790483097, 20.8652221419, 278.1579735946, 1118.0669588296, 896.0487642474],
      [21.1985417933, 0.87597403117, 2.6077162904, 2.0795501677, 1.0806577245, 24.709528922, 46.4454195835, 8.786241097, 0, 2.4327586687, 3.113616022, 1.1664501999, 3.2438217734, 7.7399875396, 5.9569579493, 90.4139449743, 5.1171184561, 3.4096853352, 2.6279389644, 0.66965955605, 0.39869620696, 0, 8.6317018254, 5.0240722561, 1.9009244805, 13.4937282922, 0.61236365878, 10.4378358841, 10.4343802135, 18.0340593602, 8.1439853729, 14.2485138255, 6.6275352747, 0.8023305518, 1.1280330267, 11.2985601079, 19.962091949, 0, 2.1643171971, 11.2267104012, 4.8671562805, 5.8164792591, 10.0304964428, 0.27325255186, 0.93319377957, 13.346087084, 12.4806009891, 15.7862530486, 27.1542721085, 14.9171027425, 7.4498922401, 22.8668128995, 0.72762765582, 3.3916384106, 7.6293456879, 0.37764874976, 9.8429996818, 74.7318084034, 49.1588077242]
    ],
    [
      [22.3344783663, 1.7108197211, 1.5049393024, 0.37895687093, 1.1993620312, 21.4441858925, 48.7820281433, 9.6591878104, 0.54721008631, 4.8447110882, 1.4995872262, 0.64499912178, 8.8172155351, 7.2288141657, 4.2334994685, 127.5689026662, 7.5559249631, 0.97460571048, 2.4274202819, 1.1366748966, 0.98318426409, 1, 13.403262863, 7.5639829561, 2.2990648738, 11.6332743965, 0.2175991492, 8.3616355853, 13.399804577, 36.2348962455, 13.0899879864, 12.7441175029, 15.4170504786, 1.2302520693, 1.482939396, 19.2637815035, 22.7924746795, 0.063094196952, 0, 16.3575261851, 1.1798628409, 6.0185851218, 11.9027099214, 2.9519945401, 1.1276646903, 22.0102054155, 9.2762130546, 21.4782522494, 30.4148958544, 13.2305875748, 5.8149239139, 24.0690833558, 1.0419821736, 9.7345784677, 11.006374411, 1.047997646, 8.0457994949, 62.9546520569, 39.194564222],
      [0, 0.10269032949, 0.05352109652, 0.41603801579, 0, 0, 0, 0.089535536533, 0, 0.039126916529, 0.023861986308, 0.051598142621, 0.096498941673, 0, 0.14941489622, 0, 0.054651826925, 0, 0.057373428922, 0.012429128198, 0, 0, 0.032234078226, 0, 0, 0.13966990423, 0.19506482681, 0, 0, 0, 0.13902579047, 0, 0.20219775373, 0.024821970124, 0.050358577302, 0, 0, 0.20365012775, 0.18007554796, 0, 0.45260047174, 0, 0.010107709642, 0.28997906599, 0.011389879023, 0.060105584059, 0.11370984601, 0.13339061129, 0.31965712384, 0.095502196068, 0, 0, 0.060050125356, 0.12947333746, 0.11167851024, 0.048216196805, 0.033514628451, 0, 0],
      [333.7414203791, 37.9862825676, 46.4155735031, 34.2842489578, 26.7672960868, 235.169352477, 953.9713370057, 112.5342926126, 8.385520936, 89.7636516225, 21.524258318, 5.6187231542, 144.1602485035, 179.2307271984, 90.9934281256, 1697.6748611482, 142.7297809014, 30.3434647631, 34.9810478419, 22.2321049106, 1.992157649, 2.83750274, 186.5590936621, 54.5509153894, 28.9244325606, 153.6155633596, 16.3412771792, 205.4595343279, 253.8173911257, 504.3922587103, 154.9771163631, 253.8658889892, 246.870053558, 10.1177861568, 15.1717698965, 327.6712861406, 449.4899740216, 10.0947675777, 14.5113679211, 278.0570203088, 63.5594523908, 148.3732109942, 158.3611905159, 9.4781960704, 18.5934063236, 352.7225806598, 139.1072028173, 228.24868581, 360.0087174086, 220.553030942, 76.3306488409, 361.4764362045, 4.106240116, 220.8175645261, 234.4185730419, 26.5084942433, 168.9053452897, 795.7546589884, 707.3050565995],
