{
  "Z_true": {},
  "V_true": [
    [9, 717, 210, 311],
    [58, 91, 449, 322],
    [1404, 241, 1595, 415],
    [400, 699, 12995, 702],
    [46, 4080, 459, 223],
    [56, 484, 512, 270],
    [17, 460, 680, 496],
    [38, 164, 673, 547]
  ],
  "p_true": [
    [0.0072, 0.575, 0.1684, 0.2494],
    [0.063, 0.0989, 0.488, 0.35],
    [0.3841, 0.0659, 0.4364, 0.1135],
    [0.027, 0.0472, 0.8783, 0.0474],
    [0.0096, 0.8486, 0.0955, 0.0464],
    [0.0424, 0.3661, 0.3873, 0.2042],
    [0.0103, 0.2783, 0.4114, 0.3001],
    [0.0267, 0.1153, 0.4733, 0.3847]
  ],
  "Z_est": [
    [
      [0, 0, 2, 1.9972, 2, 1, 0, 1.0004, 3, 5, 4, 1, 3, 5, 3, 2.9987, 6, 3, 11, 0.1747, 0, 0, 0, 2, 2, 3, 1, 1.9988, 6, 2, 3, 2, 3, 0, 7, 3, 3, 2, 3, 0, 0, 0, 3, 2, 4, 2, 2, 0.108, 0.427, 0.2728, 0.4263, 3, 3, 1.9003, 0.1259, 2, 10, 3, 11, 4],
      [0.3304, 1.3954, 1, 1, 1, 7.9131e-08, 0, 0.0006, 6, 5, 3, 3, 5, 14, 8, 4.9996, 9, 2, 25, 0.4538, 0.546, 0, 0, 3, 3, 3, 2, 0.0001, 47, 7, 12, 3, 4, 0.3493, 7, 3, 3, 3, 1, 0, 0, 0, 2, 9, 23, 5, 1, 0.8062, 0.631, 1.121, 0.454, 2, 9, 4.1806, 1.7747, 3.8058e-07, 27, 3, 20, 3],
      [0.5932, 0.9972, 6, 3.0028, 8, 2, 0, 0.9987, 13, 14, 9, 6, 13, 33, 17, 6.0009, 23, 7, 39, 0.3459, 0.3301, 0, 0, 11, 10, 10, 7, 2, 51, 13, 25, 13, 11, 1.6349, 34, 15, 10, 15, 6, 0, 0, 0, 12, 13, 28, 9, 7, 1.0858, 1.4186, 1.3879, 0.9221, 7, 30, 5.9492, 1.5529, 1, 55, 8, 43, 12],
      [0.0764, 0.6073, 5.6912e-08, 0, 1, 2.0255e-07, 0, 0.0003, 3, 2, 2, 1, 2, 7, 3, 1.0009, 6, 2, 12, 0.0256, 0.1239, 0, 0, 1, 1, 1, 1, 0.001, 9, 2, 5, 2, 1, 1.0158, 6, 2, 1, 2, 1.2633e-18, 0, 0, 0, 1, 2, 4, 2, 6.1912e-15, 0, 0.5233, 0.2183, 0.1975, 1.7576e-07, 4, 0.9699, 0.5466, 3.8029e-07, 9, 1, 12, 1]
    ],
    [
      [0, 0, 2, 0.9986, 2, 2.9999, 0.8551, 1.9961, 4, 3, 3, 2, 1, 6, 3, 2, 5, 2, 12, 0, 0, 0, 0, 2, 2, 2, 2, 0.9999, 3, 1, 2, 2, 2, 0, 7, 5, 2, 3, 4, 1.8628, 0, 0, 3, 2, 2, 2, 2, 0, 0, 0.2421, 0.1615, 1, 2, 0, 0.0413, 1, 6, 2, 10, 2],
      [0, 0.8933, 5.6794e-08, 5.5849e-06, 1, 0.0001, 0.5498, 0.0005, 7, 8, 5, 2, 5, 14, 7, 4, 7, 2, 27, 0, 0.4931, 0, 0, 2, 1, 1.3889e-25, 1, 0.9999, 16, 3, 5, 1, 3, 0.1051, 7, 5, 3, 4, 2, 0.0208, 0, 0, 3, 2, 7, 2, 1, 0, 0, 0.7103, 0.1705, 1, 3, 0, 0.7513, 2, 12, 2, 17, 1],
      [0, 0.6246, 3, 0, 8, 5, 2.2603, 1.0012, 17, 17, 11, 3.9998, 7, 33, 15, 3.9996, 19, 6, 43, 0, 0.3712, 0, 0, 7, 3, 3, 3, 1.9998, 18, 6, 9, 6, 9, 0.524, 33, 27, 11, 20, 15, 3.0604, 0, 0, 15, 3, 8, 4, 8, 0, 0, 0.832, 0.536, 3, 11, 0, 0.8718, 4, 25, 6, 36, 3],
      [0, 0.4822, 5.6844e-08, 0.0014, 1, 4.0431e-06, 0.3348, 0.0021, 4, 3, 3, 0.0002, 1, 7, 3, 1.0004, 5, 2, 13, 0, 0.1358, 0, 0, 4.7403e-19, 3.7005e-13, 1.853e-22, 1.5685e-08, 0.0004, 3, 1, 1, 1, 1, 0.3709, 6, 5, 2, 3, 2, 0.0561, 0, 0, 2, 1.7071e-11, 1, 3.1632e-13, 2.7084e-17, 0, 0, 0.2156, 0.132, 3.8956e-07, 1, 0, 0.3356, 1.9017e-06, 4, 1, 10, 2.86e-09]
    ],
    [
      [0, 0, 1, 0, 2, 4.0002, 0.8121, 0.0029, 4, 8, 13, 0.9999, 3, 13, 6, 0.9996, 17, 7, 28, 0.5476, 0, 0.3071, 0, 2, 1, 3, 2.096e-07, 2.0016, 6, 1.111e-16, 3, 3, 3.5015e-14, 0, 22, 12, 5, 6, 11, 0.0498, 1.9745, 0.2473, 6, 3, 2, 3, 2, 0.1092, 1.2384, 0.1259, 0.2917, 5, 1, 1.0333, 0.1658, 3.8029e-07, 19, 4, 42, 10],
      [2.1483, 1.35, 7, 2.9986, 8, 7, 2.4875, 3.996, 18, 25, 22, 8.0002, 16, 41, 26, 12.9996, 33, 9, 79, 2.5559, 1.0204, 0.7008, 0, 7, 9, 14, 5, 2.9993, 50, 9, 23, 8, 12, 0.2183, 36, 23, 18, 13, 15, 1.9525, 2.4543, 0.3299, 10, 23, 24, 17, 7, 1.5704, 2.4158, 0.7696, 0.4366, 8, 18, 5.9404, 2.9789, 6, 65, 10, 83, 17],
      [3.3269, 0.8814, 23, 4.9999, 36, 34.9997, 5.2181, 11.0015, 37, 59, 59, 12.9999, 32, 92, 49, 13.0009, 81, 28, 119, 1.8034, 0.6892, 0.9921, 0, 25, 25, 37, 10, 15.9996, 55, 14, 46, 28, 23, 1.0774, 142, 105, 55, 53, 77, 11.9399, 5.2066, 0.3815, 49, 33, 28, 26, 38, 2.3204, 3.4328, 0.9463, 1.0654, 25, 49, 5.9239, 3.1307, 10, 124, 25, 175, 52],
      [0.5248, 0.7687, 2, 0.0014, 5, 6.0001, 0.4822, 2.9996, 9, 11, 17, 2, 7, 19, 9, 4, 22, 9, 37, 0.093, 0.2904, 0, 0, 2, 3, 7, 1, 2.9996, 10, 2, 9, 5, 3, 0.7043, 26, 19, 10, 7, 10, 1.0578, 1.3646, 0.0413, 7, 5, 4, 5, 4, 0, 0.9129, 0.1581, 0.2064, 2, 6, 1.1024, 0.7247, 1, 21, 5, 48, 5]
    ],
    [
      [0, 0, 8, 1.9986, 24, 11.9999, 2.4562, 3.9957, 14, 21, 25, 3.9999, 12, 42, 23, 3, 39, 21, 47, 1.0035, 0, 0.9939, 0, 16, 8, 25, 5, 4.9986, 23, 10, 16, 8, 8, 0, 59, 46, 17, 31, 37, 3.9627, 2.424, 1.5548, 24, 12, 14, 9, 20, 0.4901, 2.8523, 0.8197, 1.7293, 14, 16, 1.9136, 0.3375, 7, 57, 14, 98, 20],
      [4.5492, 1.279, 37, 30.007, 85, 14.9998, 9.6848, 14.9983, 51, 58, 39, 28.9998, 49, 150, 84, 23.9973, 76, 24, 126, 5.2421, 2.3764, 2.834, 1.292, 91, 65, 80, 52, 4.9987, 234, 130, 114, 43, 96, 0.9568, 87, 77, 59, 87, 45, 4.9778, 4.5337, 2.8719, 47, 86, 139, 51, 51, 5.8401, 7.0293, 5.0435, 3.815, 32, 167, 9.3031, 9.2278, 76, 193, 32, 205, 35],
      [7.2748, 0.9101, 140, 83.9931, 429, 92.0004, 23.8247, 56.0105, 111, 146, 114, 60.0003, 117, 333, 172, 28.0027, 191, 79, 199, 4.4051, 1.9, 4.1721, 6.0282, 321, 185, 247, 156, 37.0024, 256, 247, 233, 146, 227, 5.285, 372, 378, 193, 368, 261, 70.1839, 9.8269, 3.0516, 232, 127, 171, 86, 307, 9.6699, 11.4123, 6.6276, 10.8077, 89, 522, 11.5166, 13.1236, 210, 381, 83, 428, 106],
      [1.176, 0.8108, 16, 9.0012, 68, 15.9999, 2.0344, 14.9955, 28, 28, 33, 10, 26, 71, 34, 8, 51, 26, 62, 0.3493, 0.7236, 0, 0.6798, 34, 23, 46, 26, 7.0003, 47, 43, 45, 28, 29, 3.7582, 70, 70, 35, 54, 36, 9.8756, 2.2154, 0.5218, 34, 18, 28, 18, 33, 0, 2.7061, 1.5091, 2.648, 7, 71, 2.2666, 2.311, 35, 66, 18, 118, 10]
    ],
    [
      [0, 0, 1, 0.0014, 3, 1, 0.315, 0.0008, 6, 7, 6, 1.0001, 4, 14, 9, 2.0004, 15, 5, 33, 0.7858, 0, 0.699, 0, 2, 1, 5, 1, 1.0006, 17, 3, 5, 1, 2, 0, 13, 9, 5, 5, 5, 0.0654, 1.2904, 0.8725, 3, 7, 9, 4, 2, 0.2306, 0.9892, 0.4569, 0.2473, 3, 3, 1.0575, 0.2672, 2, 25, 4, 41, 4],
      [2.9702, 2.4675, 6, 5.9959, 12, 1, 1.714, 2.0015, 20, 20, 10, 11, 17, 51, 34, 19.0031, 28, 5, 87, 4.5631, 2.1145, 2.4652, 0.708, 15, 15, 15, 12, 1.0009, 182, 40, 40, 10, 28, 0.3705, 19, 15, 18, 15, 6, 0.0126, 2.6069, 2.062, 5, 50, 95, 26, 7, 3.1018, 2.3479, 2.695, 0.7201, 8, 37, 5.1657, 7.9999, 28, 84, 10, 86, 9],
      [4.3921, 1.412, 27, 18.9999, 61, 9, 5.4086, 7.9954, 48, 55, 29, 26.9999, 42, 112, 70, 24.9969, 74, 21, 137, 3.4005, 1.3793, 2.8358, 2.9718, 57, 43, 53, 37, 10.999, 197, 78, 86, 32, 69, 1.4786, 83, 75, 62, 63, 39, 4.8668, 5.2127, 1.8025, 31, 78, 120, 45, 47, 4.6676, 3.6842, 3.1586, 1.6457, 23, 119, 7.6218, 9.8533, 78, 168, 30, 183, 25],
      [0.6377, 1.1205, 2, 1.0028, 9, 1, 0.5623, 1.0023, 11, 10, 9, 4, 9, 24, 13, 6.9996, 19, 6, 43, 0.2506, 0.5062, 0, 0.3202, 5, 5, 9, 6, 1.9995, 36, 13, 16, 6, 8, 1.151, 15, 13, 10, 9, 5, 0.0552, 0.89, 0.2629, 4, 11, 19, 9, 4, 0, 0.9787, 0.6895, 0.387, 1, 15, 1.1551, 1.8797, 13, 29, 6, 50, 2]
    ],
    [
      [0, 0, 5.678e-08, 0.0014, 1, 1, 0.0992, 0.0028, 1, 2, 2, 0, 9.179e-14, 3, 2, 0.0004, 2, 1, 3, 0, 0, 0, 0, 1, 4.4541e-07, 2, 1.464e-09, 0.9998, 3, 1, 1, 2.0183e-13, 7.2765e-14, 0, 5, 5, 8.8358e-17, 3, 2, 0, 0.1293, 0.1662, 2, 1, 1, 1, 1, 0, 0.168, 0.0445, 0.0815, 1.3245e-06, 1, 0.0335, 0.0123, 4.8599e-10, 3, 2, 5, 1.424e-09],
      [0.7101, 0, 3, 3.9958, 6, 1, 0.7205, 0.001, 4, 5, 3, 1.0001, 3, 13, 7, 2.0009, 4, 1, 9, 0, 0, 0, 0, 8, 6, 6, 2, 1.0007, 36, 14, 13, 2, 9, 0, 8, 9, 2, 10, 2, 0, 0.1557, 0.3694, 5, 7, 14, 6, 4, 0, 0.5269, 0.3249, 0.2162, 1, 12, 0.1926, 0.4851, 7, 12, 4, 12, 1],
      [1.1681, 0, 15, 13.0041, 35, 8.0001, 2.0433, 3.9937, 12, 13, 10, 3.9999, 9, 30, 18, 4.9987, 14, 6, 16, 0, 0, 0, 0, 29, 21, 23, 10, 11.0001, 41, 30, 29, 10, 25, 0, 36, 44, 10, 47, 18, 0, 0.5859, 0.4118, 28, 13, 19, 12, 28, 0, 1.1316, 0.5495, 0.4968, 7, 41, 1.7186, 1.236, 20, 25, 14, 27, 5],
      [0.1218, 0, 2, 0.9987, 5, 1, 0.137, 0.0025, 3, 4, 5, 0, 3, 6, 3, 1, 3, 1, 4, 0, 0, 0, 0, 4, 2, 3, 1, 1.9995, 7, 5, 5, 1, 2, 0, 6, 9, 1, 6, 2, 0, 0.1291, 0.0526, 3, 1, 4, 2, 4, 0, 0.1735, 0.0811, 0.2055, 3.8211e-07, 5, 0.0554, 0.2667, 3, 4, 3, 7, 2.4729e-09]
    ],
    [
      [0, 0, 1, 0, 1, 3.8376e-06, 0.3272, 0.0009, 2, 2, 2, 0.0001, 2, 4, 3, 0.0004, 6, 2, 7, 0.3158, 0, 0, 0, 1.2593e-19, 2.219e-07, 2, 1.145e-07, 0.0002, 3, 1, 2, 2.448e-11, 6.2495e-14, 0, 7, 5, 2, 2, 2, 0.0268, 0.0897, 0, 1, 1, 3, 2, 1, 0.0317, 0.1656, 0.038, 0, 1, 1, 0.0271, 0.0293, 1.6915e-12, 5, 6.5292e-10, 13, 3.5607e-09],
      [1.0089, 1.6148, 7, 4.0013, 5, 0, 0.6053, 1, 6, 7, 3, 3, 8, 15, 10, 3, 11, 2, 19, 1.3611, 0.4497, 0, 0, 5, 2, 8, 6, 0.0001, 39, 15, 14, 3, 8, 0, 11, 9, 8, 7, 3, 0.0166, 0.1682, 0, 3, 11, 29, 12, 2, 0.3479, 0.445, 0.3357, 0, 2, 18, 1.1272, 0.7334, 1, 19, 2, 27, 4.1586e-09],
      [1.6513, 1.1747, 30, 11.0015, 29, 4, 1.9459, 3.9997, 15, 17, 9, 6, 19, 37, 22, 3.9996, 29, 8, 30, 1.1583, 0.3302, 0, 0, 19, 7, 28, 18, 1.0003, 46, 32, 31, 14, 20, 0, 47, 44, 27, 35, 17, 0.9864, 0.6493, 0, 15, 16, 36, 22, 17, 0.6204, 1.062, 0.498, 0, 8, 61, 1.0883, 0.9894, 4, 38, 5, 59, 4],
      [0.3398, 1.2105, 5, 2.9972, 7, 2, 1.1216, 1.9994, 5, 5, 3, 1.9999, 5, 8, 6, 2, 9, 4, 12, 0.1649, 0.2202, 0, 0, 4, 2, 8, 5, 0.9994, 8, 5, 6, 3, 5, 0, 10, 9, 6, 6, 4, 0.9702, 0.0929, 0, 4, 4, 7, 6, 3, 0, 0.3274, 0.1283, 0, 3, 9, 0.7573, 0.2478, 2, 8, 3, 16, 3.2978e-09]
    ],
    [
      [0, 0, 1, 0.0028, 2, 0.0001, 0.1351, 0.0005, 1, 2, 4, 4.4977e-07, 1, 3, 2, 0.0004, 3, 4, 4, 0.1726, 0, 0, 0, 3.7219e-19, 1.6227e-09, 3, 1.047e-08, 0.0006, 1, 1, 2, 4.1012e-13, 1.3636e-18, 0, 6, 4, 2, 2, 3, 0.0324, 0.0922, 0.1593, 1, 1, 1.2521e-25, 1, 1, 0.0304, 0.1595, 0, 0.0625, 1, 1, 0.0348, 0.0208, 3.8044e-07, 4, 2, 10, 4.582e-09],
      [0.2829, 0, 4, 3.0014, 8, 3.3153e-08, 0.2381, 1.0021, 4, 6, 7, 1, 5, 13, 7, 1.9996, 7, 4, 11, 0.824, 0, 0, 0, 5, 3, 9, 4, 0.0004, 16, 12, 14, 3, 9, 0, 8, 8, 6, 6, 4, 0.0198, 0.0812, 0.3667, 3, 7, 9, 6, 3, 0.3336, 0.6041, 0, 0.1877, 2, 15, 0.0904, 1.049, 10, 16, 4, 21, 5.7314e-09],
      [0.5936, 0, 18, 7.9987, 42, 3.9999, 1.299, 3.9992, 10, 16, 20, 2.0001, 12, 30, 16, 2.0009, 18, 15, 17, 0.8869, 0, 0, 0, 18, 9, 30, 12, 5.9988, 18, 24, 30, 14, 22, 0, 38, 39, 22, 27, 26, 5.9627, 0.5186, 0.3526, 17, 12, 11, 12, 18, 0.636, 0.8583, 0, 0.5263, 8, 49, 0.1815, 1.2424, 27, 32, 13, 46, 3],
      [0.1235, 0, 4, 1.9972, 8, 2, 0.3277, 2.9983, 5, 4, 7, 1.9999, 4, 8, 5, 1.9991, 7, 7, 6, 0.1166, 0, 0, 0, 3, 3, 7, 3, 3.0003, 5, 6, 8, 5, 4, 0, 9, 9, 6, 6, 6, 1.9851, 0.308, 0.1214, 5, 3, 3, 4, 3, 0, 0.3781, 0, 0.2235, 2, 9, 0.6933, 0.6879, 6, 8, 4, 15, 2]
    ]
  ],
  "V_est": [
    [151.4301, 305.0427, 674.2203, 116.307],
    [131.1573, 199.6946, 500.0808, 89.0674],
    [287.9068, 881.3233, 2085.3376, 400.4323],
    [940.5302, 3351.8575, 8920.0294, 1583.5828],
    [296.2799, 1249.0862, 2761.7831, 500.8508],
    [59.7388, 282.6999, 844.3381, 135.2231],
    [87.0528, 376.2152, 957.1553, 232.5767],
    [73.904, 290.0807, 830.0555, 227.9599]
  ],
  "p_est": [
    [0.1214, 0.2446, 0.5407, 0.0933],
    [0.1426, 0.2171, 0.5436, 0.0968],
    [0.0788, 0.2411, 0.5705, 0.1096],
    [0.0636, 0.2265, 0.6029, 0.107],
    [0.0616, 0.2598, 0.5744, 0.1042],
    [0.0452, 0.2138, 0.6387, 0.1023],
    [0.0527, 0.2276, 0.579, 0.1407],
    [0.052, 0.204, 0.5837, 0.1603]
  ],
  "EI_Z": {},
  "EI_V": 33.1236,
  "MAE_Z": {},
  "MAE_V": 617.4033,
  "MAE_p": 0.1626,
  "runtime": 0.5377
}
