{
  "Z_true": {},
  "V_true": [
    [1783, 166, 2603, 161],
    [2879, 530, 12103, 799],
    [444, 10312, 502, 980],
    [221, 902, 586, 1306]
  ],
  "p_true": [
    [0.3783, 0.0352, 0.5523, 0.0342],
    [0.1765, 0.0325, 0.742, 0.049],
    [0.0363, 0.8426, 0.041, 0.0801],
    [0.0733, 0.2992, 0.1944, 0.4332]
  ],
  "Z_est": [
    [
      [101.9027, 27.7751, 82.3823, 38.1908, 4.6571, 105.6589, 62.4592, 19.9599, 1.4764, 2.287, 14.0405, 160.7531, 91.4265, 55.2909, 32.4583, 90.2669, 28.3538, 79.3526, 21.9887, 30.7172, 12.2666, 11.2566, 34.2602, 7.5224, 5.2078, 72.1853, 87.5439, 7.1673, 35.2976, 65.966, 28.82, 35.2976, 12.1516, 28.3651, 86.7973, 50.3424, 8.1011, 129.3825, 34.5763, 22.5673, 36.4549, 16.2022, 55.8028, 74.8923, 2.0478, 159.2172, 33.9561, 302.3195, 102.9995],
      [4.1468, 1.1309, 3.3457, 1.5551, 0.1885, 4.3075, 3.198, 1.0269, 0.2833, 0.1885, 4.0495, 3.0395, 1.2494, 2.3797, 1.5079, 4.7358, 1.0492, 6.1612, 0.8953, 3.924, 0.1463, 1.2488, 1.343, 0.3063, 0.2121, 3.091, 4.1003, 0.4241, 1.4372, 2.686, 2.6394, 1.4372, 0.4948, 1.1545, 11.8752, 1.0722, 3.7066, 1.7622, 1.6022, 0.9546, 1.4731, 0.6597, 2.7331, 3.3222, 0.1178, 9.5474, 1.7622, 12.087, 5.333],
      [67.1025, 18.4825, 54.4633, 25.126, 3.0804, 71.1472, 41.8078, 13.4768, 1.981, 4.7047, 8.5401, 103.7556, 63.8816, 42.2938, 29.2186, 94.5295, 18.8676, 54.6775, 14.632, 25.5081, 4.3467, 8.4712, 21.027, 5.0057, 3.4655, 48.1316, 67.3052, 9.5579, 23.4882, 43.896, 20.0227, 23.4882, 8.0861, 18.8562, 49.4723, 34.4772, 1.6086, 100.8621, 30.9554, 15.0528, 24.2583, 10.7815, 56.2435, 60.9896, 1.9253, 170.962, 25.492, 191.196, 68.5394],
      [2.848, 0.6114, 1.8087, 1.1281, 0.074, 1.8863, 1.535, 0.5363, 0.2593, 0.8199, 0.3699, 3.4518, 1.4425, 1.0356, 0.8152, 11.4678, 0.7294, 1.8087, 0.484, 0.8507, 0.2404, 1.0235, 0.3699, 0.1656, 0.1146, 1.5921, 2.0507, 0.8507, 0.777, 1.452, 0.5178, 0.777, 0.2675, 0.6241, 1.8552, 1.1081, 0.5837, 2.9932, 0.8661, 0.4254, 0.8137, 0.3566, 1.2206, 1.7959, 0.9091, 3.2734, 0.7897, 7.3974, 1.1281]
    ],
    [
      [105.2774, 29.6496, 77.7196, 40.1217, 6.8178, 91.3565, 54.1043, 4.7828, 0.4345, 0.5793, 8.1108, 139.2522, 88.264, 48.7093, 27.0522, 77.1652, 38.7906, 68.7391, 22.3007, 26.6087, 23.0843, 6.4666, 53.5524, 10.2, 10.0913, 62.5304, 74.4053, 6.2087, 40.3067, 63.2417, 21.0011, 41.5452, 16.8484, 26.0788, 57.5292, 24.317, 4.4141, 71.4038, 17.0906, 15.4383, 25.6358, 24.5579, 48.2502, 64.3043, 1.7739, 137.9217, 29.2696, 391.4288, 80.214],
      [16.029, 11.8117, 11.8368, 4.2505, 0.6219, 7.5612, 9.6818, 0.6931, 0.0359, 0.0478, 0.6692, 5.3354, 3.7567, 7.9434, 0.1619, 4.8117, 5.3408, 9.3758, 1.7475, 6.0744, 0.4583, 0.6214, 3.3149, 0.743, 0, 14.2899, 9.7379, 1.833, 7.2712, 11.7776, 1.7328, 2.8503, 1.3982, 2.4723, 4.3738, 0, 0.3601, 0, 0.1645, 0.8674, 0, 1.2929, 4.4844, 7.5843, 0, 16.7591, 3.0932, 21.8981, 16.7424],
      [479.3667, 216.19, 389.3669, 195.0415, 32.5875, 543.2759, 293.0375, 45.4713, 2.3844, 3.1793, 42.356, 599.0171, 496.9219, 374.7281, 170.1923, 482.3229, 157.1678, 428.0507, 126.3757, 180.1297, 35.2958, 41.264, 151.2687, 50.8682, 26.7774, 598.943, 546.7618, 101.4803, 200.7902, 402.2815, 115.4565, 180.6605, 90.4846, 138.7209, 286.3832, 132.448, 10.3074, 393.1863, 94.0629, 82.6609, 140.6824, 149.8083, 311.2143, 385.7662, 93.8773, 842.2729, 184.3274, 1371.3603, 402.2084],
      [41.3268, 14.3488, 24.0767, 19.5864, 0.9728, 24.8063, 25.1763, 7.0528, 0.1452, 0.1936, 4.864, 28.3954, 29.0574, 13.6192, 5.5936, 28.7002, 10.7008, 31.8344, 8.5761, 11.1872, 3.1616, 3.648, 4.864, 2.1888, 3.1313, 36.2367, 38.0949, 16.478, 12.632, 19.6992, 6.8096, 10.944, 8.2688, 9.728, 17.7138, 9.235, 2.9184, 28.4099, 6.682, 5.0334, 10.6817, 9.3408, 16.0512, 20.3451, 14.3488, 43.0463, 11.3099, 127.3128, 14.8352]
    ],
    [
      [7.135, 2.0057, 5.7212, 2.6962, 1.3731, 7.0846, 4.0114, 0.6584, 0.0658, 0.0986, 0.4151, 11.9502, 1.9465, 2.7193, 0.9732, 5.7212, 2.0088, 5.0965, 5.0085, 1.6209, 1.2166, 0.0664, 2.1488, 2.6172, 9.3497, 4.6361, 5.6225, 0.4603, 6.5077, 6.326, 4.5799, 2.7948, 2.519, 1.9071, 2.8768, 1.9775, 0.2576, 2.9626, 1.7755, 0.687, 6.2484, 1.4139, 3.584, 4.7087, 0.1315, 9.648, 1.6591, 70.5103, 4.5656],
      [504.588, 379.4248, 238.6521, 176.6765, 36.8131, 441.4718, 323.6256, 42.5504, 8.4747, 9.5254, 27.3046, 309.8573, 125.8011, 175.7515, 61.7814, 280.5934, 101.7509, 648.6705, 112.1569, 305.8881, 26.4987, 37.0003, 88.8008, 73.1398, 88.1878, 369.2133, 565.5371, 107.0742, 287.2443, 408.8535, 302.9764, 135.9762, 162.4715, 102.9926, 190.5621, 107.7156, 16.6501, 178.5582, 82.692, 44.4004, 104.9297, 75.0881, 260.4322, 305.1049, 51.3261, 955.8639, 179.0619, 1277.8483, 304.0298],
      [10.436, 9.2018, 3.9214, 2.976, 1.2465, 30.2171, 5.5916, 0.0037, 0.1485, 0.9009, 0, 9.1663, 3.1365, 4.3818, 2.3733, 17.183, 0, 16.0513, 10.7289, 3.9671, 0.441, 0.8059, 2.214, 2.9666, 0.6254, 9.1788, 14.5883, 2.9415, 4.2709, 12.5666, 8.4726, 2.6992, 4.059, 0, 0, 3.0341, 0, 8.4602, 3.4196, 1.107, 5.282, 4.8828, 10.6234, 8.3631, 8.9928, 23.3851, 4.0564, 33.8785, 1.7533],
      [21.841, 8.3677, 9.7053, 8.6513, 0.5673, 16.2265, 11.7714, 2.7876, 0.3111, 1.4751, 1.2803, 16.0262, 5.116, 7.1473, 2.8721, 18.5024, 6.2403, 26.1818, 5.1057, 6.5239, 1.8437, 2.1274, 2.8365, 1.2764, 3.837, 14.9718, 24.252, 6.5239, 9.9772, 14.2538, 3.9711, 5.5298, 6.9505, 4.1003, 7.5611, 6.2728, 1.0922, 17.0189, 4.1129, 1.8056, 11.5399, 4.6152, 9.3604, 10.8233, 8.5496, 25.103, 7.2226, 86.7629, 8.6513]
    ],
    [
      [2.6848, 1.5696, 8.1769, 0.9913, 0.152, 1.9, 1.425, 0.5989, 0.0234, 0.0351, 0.4337, 2.0446, 1.363, 1.2804, 0.5163, 0.8467, 0.8467, 1.8118, 0.7022, 1.0533, 0.4325, 0.2104, 4.0387, 2.6604, 0.3511, 1.6481, 3.4283, 0.1636, 0.888, 1.4663, 0.5989, 5.3624, 0.481, 1.649, 1.7967, 1.363, 0.2272, 2.2511, 0.5576, 4.3074, 0.6609, 0.8261, 1.363, 1.0946, 0.0468, 4.2131, 1.1152, 5.7413, 2.2209],
      [12.2362, 19.6326, 10.1654, 4.518, 0.3765, 8.6594, 6.4946, 2.7296, 0.2062, 0.2383, 1.9766, 7.7677, 3.1929, 5.9253, 1.5488, 3.8591, 3.8591, 10.7926, 3.2002, 10.1135, 0.8968, 1.1295, 2.5414, 1.8109, 1.6001, 21.4058, 15.6246, 2.6687, 4.0473, 6.6828, 4.6514, 4.7363, 2.6355, 8.3805, 8.1888, 6.2122, 1.2832, 8.6796, 2.5414, 6.7776, 2.5972, 1.9592, 6.3503, 4.9886, 2.5561, 41.8295, 5.0827, 26.1666, 15.8948],
      [27.0948, 19.1257, 26.2484, 10.8565, 1.0856, 22.3597, 16.5631, 7.0482, 0.4861, 1.2152, 5.1038, 24.061, 19.06, 20.5963, 9.2158, 9.9647, 9.9647, 27.2205, 8.2634, 12.3951, 2.9165, 2.4589, 8.4903, 3.1595, 4.1317, 46.7466, 40.3447, 8.0203, 10.4507, 17.2559, 7.0482, 12.152, 6.3703, 11.4229, 21.1445, 16.0407, 2.084, 26.4914, 6.5621, 10.1794, 7.7773, 11.5274, 18.9188, 12.8811, 12.2046, 52.38, 13.1242, 67.5652, 17.4989],
      [87.9842, 35.6722, 63.4093, 31.6342, 2.3859, 59.0808, 44.5173, 18.6233, 1.2844, 3.5115, 13.4858, 65.1267, 42.3841, 34.1979, 13.7191, 26.3295, 26.3295, 72.1752, 21.8342, 27.4382, 7.7543, 8.2012, 11.9296, 5.3692, 10.9171, 96.1994, 106.6024, 22.1474, 27.6139, 45.595, 16.7015, 27.7493, 18.5132, 25.5476, 55.8699, 42.3841, 7.4056, 71.5779, 17.3389, 15.7356, 20.9646, 25.6873, 39.3678, 34.0357, 35.1925, 105.5774, 34.6779, 178.5269, 36.3854]
    ]
  ],
  "V_est": [
    [2610.3651, 127.0923, 1905.2409, 70.3017],
    [2404.9467, 243.9076, 12818.783, 843.3628],
    [232.0689, 11201.5881, 314.6996, 489.6434],
    [79.6193, 337.412, 755.2766, 1842.6921]
  ],
  "p_est": [
    [0.5539, 0.027, 0.4043, 0.0149],
    [0.1474, 0.015, 0.7859, 0.0517],
    [0.019, 0.9153, 0.0257, 0.04],
    [0.0264, 0.1119, 0.2505, 0.6112]
  ],
  "EI_Z": {},
  "EI_V": 8.7743,
  "MAE_Z": {},
  "MAE_V": 397.8835,
  "MAE_p": 0.0661,
  "runtime": 4.576
}
