{
  "X": [
    [103, 198, 540, 837, 131],
    [28, 38, 148, 209, 27],
    [97, 156, 482, 589, 123],
    [20, 27, 106, 367, 50],
    [37, 89, 292, 275, 32],
    [29, 53, 157, 226, 34],
    [7, 2, 107, 570, 54],
    [52, 120, 374, 471, 100],
    [50, 84, 310, 341, 38],
    [24, 24, 73, 112, 22],
    [10, 32, 95, 104, 23],
    [7, 7, 152, 544, 50],
    [6, 2, 60, 436, 44],
    [8, 9, 145, 585, 39],
    [2, 3, 42, 384, 32],
    [4, 0, 119, 699, 58],
    [2, 3, 124, 656, 46],
    [0, 3, 69, 488, 36],
    [1, 2, 42, 248, 30],
    [2, 7, 86, 487, 46],
    [34, 40, 144, 182, 25],
    [7, 16, 33, 86, 12],
    [28, 25, 162, 583, 71],
    [27, 36, 223, 725, 82],
    [23, 24, 127, 730, 89],
    [20, 17, 116, 407, 67],
    [21, 25, 130, 388, 45],
    [36, 26, 159, 749, 106],
    [25, 28, 99, 533, 69],
    [11, 9, 36, 261, 32],
    [5, 10, 82, 276, 33],
    [11, 6, 59, 190, 16],
    [0, 2, 19, 53, 7],
    [44, 66, 249, 734, 91],
    [4, 10, 46, 205, 31],
    [99, 189, 643, 1751, 270],
    [0, 5, 36, 62, 9]
  ],
  "W": [
    [257, 636, 439, 211, 130, 136],
    [59, 158, 125, 40, 40, 28],
    [203, 454, 385, 154, 160, 91],
    [33, 362, 67, 23, 42, 43],
    [139, 202, 263, 59, 33, 29],
    [69, 191, 137, 40, 39, 23],
    [2, 651, 12, 9, 5, 61],
    [154, 406, 295, 119, 63, 80],
    [137, 258, 265, 72, 69, 22],
    [23, 91, 68, 27, 28, 18],
    [45, 87, 90, 13, 10, 19],
    [7, 619, 44, 20, 7, 63],
    [3, 457, 10, 24, 5, 49],
    [9, 664, 39, 12, 9, 53],
    [1, 407, 13, 1, 2, 39],
    [2, 774, 24, 17, 3, 60],
    [5, 719, 29, 15, 12, 51],
    [2, 523, 16, 11, 3, 41],
    [1, 290, 4, 6, 0, 22],
    [3, 518, 17, 19, 6, 65],
    [60, 148, 102, 35, 51, 29],
    [22, 74, 26, 10, 8, 14],
    [35, 404, 148, 112, 69, 101],
    [59, 546, 218, 122, 51, 97],
    [31, 616, 108, 95, 39, 104],
    [30, 307, 110, 63, 41, 76],
    [38, 284, 130, 68, 40, 49],
    [28, 556, 143, 187, 51, 111],
    [28, 444, 84, 78, 35, 85],
    [12, 179, 53, 43, 23, 39],
    [17, 190, 76, 71, 18, 34],
    [11, 126, 49, 47, 27, 22],
    [2, 40, 23, 9, 0, 7],
    [111, 585, 190, 124, 69, 105],
    [13, 173, 39, 37, 8, 26],
    [196, 1740, 460, 171, 103, 282],
    [10, 53, 28, 4, 3, 14]
  ],
  "method": "mult",
  "cond_prob": [
    [
      [0.027527194548, 0.6110150719, 0.30076831664, 0.059407612183, 0.0012818047202],
      [0.005305350656, 0.0066828577562, 0.13814244951, 0.81151939508, 0.038349946994],
      [0.0398280448, 0.072015907573, 0.76784827621, 0.086324700724, 0.03398307069],
      [0.059094955024, 0.013944920865, 0.054111250564, 0.7443343104, 0.12851456315],
      [0.47917639645, 0.013946915099, 0.19828512329, 0.2505464629, 0.058045102261],
      [0.0022413916715, 0.0025615315977, 0.0041471439808, 0.57414547873, 0.41690445402]
    ],
    [
      [0.03553374345, 0.52589092118, 0.35911074521, 0.078310503061, 0.0011540871049],
      [0.0012315633504, 0, 0.12402905727, 0.84043842713, 0.034300952249],
      [0.037350043864, 0.050064911849, 0.77538036392, 0.10699062461, 0.030214055759],
      [0.05969674369, 0.0077964600638, 0.049302260424, 0.76918011696, 0.11402441886],
      [0.46501545591, 0.0094955589775, 0.20578182683, 0.26835942477, 0.051347733504],
      [0.00184566643, 0.00080860384287, 0.0032130715912, 0.5969642531, 0.39716840504]
    ],
    [
      [0.020746971733, 0.60041471258, 0.32670186725, 0.050407171412, 0.0017292770245],
      [0.005012253011, 0.0063389129891, 0.14634805506, 0.79069612154, 0.051604657399],
      [0.034040705362, 0.068155254923, 0.7865532575, 0.070502818216, 0.040747964002],
      [0.056988558373, 0.01383387122, 0.058743426562, 0.70567485011, 0.16475929373],
      [0.42798461003, 0.016605288812, 0.2308776671, 0.2511824727, 0.073349961361],
      [0.0016852166157, 0.0023177068731, 0.0046987405433, 0.48114942265, 0.51014891332]
    ],
    [
      [0.029146951147, 0.66163738438, 0.30265147061, 0.0061813165125, 0.00038287735509],
      [0, 0, 0.099981741367, 0.84935285465, 0.050665403986],
      [0.027992819955, 0.06754464293, 0.76869115612, 0.077916363945, 0.057855017053],
      [0.030481707614, 0.0056684787121, 0.035365330838, 0.76927307325, 0.15921140959],
      [0.39083980023, 0.011048687207, 0.17663931029, 0.32949751007, 0.091974692204],
      [0.0010762974472, 0.0010710550238, 0.001966278935, 0.52506303909, 0.4708233295]
    ],
    [
      [0.032151664641, 0.52744501303, 0.36984642774, 0.06980214621, 0.00075474837006],
      [0.0010568310349, 0.0003574564855, 0.11704352215, 0.84994973247, 0.031592457864],
      [0.038929692398, 0.056061746118, 0.79050695558, 0.090438979449, 0.024062626454],
      [0.076720319652, 0.0097140122294, 0.038181114159, 0.77033467419, 0.10504987976],
      [0.53021286917, 0.0080456751572, 0.20302439512, 0.21348605792, 0.04523100263],
      [0.001910555282, 0.0010366809444, 0.0031977578234, 0.5974971874, 0.39635781855]
    ],
    [
      [0.029975456351, 0.60756916515, 0.30177702628, 0.059535679162, 0.0011426730637],
      [0.0027798149972, 0.0036664841332, 0.12555398404, 0.82178927206, 0.046210444767],
      [0.038586074346, 0.068428679315, 0.74975563604, 0.10325550957, 0.039974100732],
      [0.060467049181, 0.011778657416, 0.046797925728, 0.73369806005, 0.14725830762],
      [0.47833319797, 0.012755485783, 0.19350397805, 0.24917173774, 0.066235600445],
      [0.0017730423342, 0.0014821663913, 0.0026730401814, 0.50950705172, 0.48456469938]
    ],
    [
      [0.087678528278, 0.7057904775, 0.20635784707, 5.5104245994e-05, 0.00011804290612],
      [0.002184749289, 8.7903466831e-05, 0.14719274049, 0.80988259112, 0.040652015632],
      [0.064122895248, 0.036825038017, 0.79707434229, 0.052641687702, 0.04933603674],
      [0.051099352753, 0.001507009486, 0.053452077156, 0.75533538006, 0.13860618054],
      [0.79851360521, 0.0051167817958, 0.066367519225, 0.1004773435, 0.029524750264],
      [0.0029579379097, 0.0008220727466, 0.0063444565589, 0.5710527472, 0.41882278558]
    ],
    [
      [0.021874332533, 0.60761562939, 0.32568191653, 0.04312393441, 0.0017041871351],
      [0.0058121254501, 0.0082473231281, 0.16740474965, 0.76557372971, 0.052962072062],
      [0.034146374677, 0.068779969142, 0.79237256922, 0.063332649038, 0.041368437919],
      [0.055388915674, 0.014717424625, 0.063491228637, 0.69443643511, 0.17196599595],
      [0.46750952424, 0.013051604505, 0.22444659481, 0.21701142744, 0.077980848994],
      [0.0019258541828, 0.0026883046659, 0.0054144611516, 0.48178990834, 0.50818147166]
    ],
    [
      [0.033516045295, 0.50772075615, 0.38049139465, 0.077447252148, 0.00082455176154],
      [0.00052632356078, 0, 0.11766006866, 0.84644461038, 0.035368997396],
      [0.034285119389, 0.049559422091, 0.78777741555, 0.10034643654, 0.028031606428],
      [0.063279383149, 0.0083249257866, 0.043353101909, 0.76935505035, 0.1156875388],
      [0.45788153432, 0.010017307588, 0.22566333395, 0.2562285261, 0.050209298053],
      [0.0016823737823, 0.00083730335023, 0.0028714871772, 0.5609945167, 0.43361431899]
    ],
    [
      [0.03164682715, 0.72313770942, 0.24521546343, 0, 0],
      [0.010822648272, 0.0084694872758, 0.13410461747, 0.79708567238, 0.049517574598],
      [0.061636911447, 0.083938386249, 0.72638583488, 0.08599001153, 0.042048855896],
      [0.08800312991, 0.015184507983, 0.048040136989, 0.69512892153, 0.15364330359],
      [0.55889018489, 0.015225210214, 0.1570514511, 0.21049983258, 0.058333321222],
      [0.0039412400008, 0.0029450819319, 0.0037646138805, 0.49752260199, 0.4918264622]
    ],
    [
      [0.027733402976, 0.57791176139, 0.3225613527, 0.06844347649, 0.0033500064467],
      [0.00027895301052, 0.00053970572104, 0.11621000791, 0.82540017944, 0.057571153917],
      [0.032186269014, 0.063436620955, 0.75468361834, 0.10096293448, 0.048730557211],
      [0.059744286927, 0.010378918331, 0.036992560532, 0.71377342684, 0.17911080737],
      [0.50310396646, 0.0083822645452, 0.19278033567, 0.2094623336, 0.086271099735],
      [0.0012235972764, 0.0009985194821, 0.0023282182054, 0.45525715572, 0.54019250932]
    ],
    [
      [0.04329034907, 0.67079750856, 0.28581988475, 0, 9.225761838e-05],
      [0.0010734496246, 0.00073618116336, 0.1766331211, 0.78729979608, 0.034257452036],
      [0.032923696295, 0.038135579148, 0.84585271562, 0.047194617269, 0.03589339167],
      [0.033052340087, 0.0027407876074, 0.057846903194, 0.78203666371, 0.1243233054],
      [0.54361918338, 0.0074542975758, 0.24670955142, 0.13072879126, 0.071488176368],
      [0.0018647383571, 0.0010120632108, 0.0089195942334, 0.60363536911, 0.38456823509]
    ],
    [
      [0.086251531704, 0.56888440475, 0.34463957005, 7.4235390159e-05, 0.00015025810122],
      [0.0012574662438, 3.4912334926e-07, 0.1084749262, 0.84825644974, 0.042010808691],
      [0.075724804973, 0.025188031759, 0.76864783979, 0.065950292461, 0.064489031014],
      [0.036497950698, 0.00074472570327, 0.036172291776, 0.78719123663, 0.13939379519],
      [0.67490166841, 0.0046867003794, 0.12563920979, 0.11306462807, 0.08170779335],
      [0.0032423698556, 0, 0.0042904197051, 0.57610538814, 0.4163618223]
    ],
    [
      [0.042505699853, 0.71209441881, 0.24532918465, 4.3883150824e-06, 6.6308371854e-05],
      [0.0010358970415, 0.00089049545147, 0.16124082293, 0.80934748571, 0.027485298867],
      [0.035820224702, 0.046668700967, 0.83414233225, 0.051314526652, 0.032054215429],
      [0.033774049246, 0.0029596849155, 0.053922947628, 0.80745608396, 0.10188723425],
      [0.5580018524, 0.0087771580678, 0.23652947955, 0.1358785794, 0.060812930572],
      [0.0019871516946, 0.0012315334263, 0.0079384767915, 0.65433175905, 0.33451107904]
    ],
    [
      [0.040960392467, 0.87055188601, 0.088354835122, 5.0923302677e-05, 8.1963103212e-05],
      [8.416405297e-05, 0.0018632029417, 0.079437724642, 0.88060216237, 0.038012745995],
      [0.047725111239, 0.10300029729, 0.70174044163, 0.076853731504, 0.070680418336],
      [0.025493846305, 0.003469359591, 0.02619744975, 0.81718327943, 0.12765606492],
      [0.58143215114, 0.014325646142, 0.15727028078, 0.15236315975, 0.094608762188],
      [0.0029743652125, 0, 0.0030032687932, 0.60189386884, 0.39212849716]
    ],
    [
      [0.099714520727, 0, 0.89986453466, 0.00015100950734, 0.00026993510096],
      [0.0004694383109, 0, 0.12354129798, 0.83766386409, 0.038325399619],
      [0.043358586394, 0, 0.83474921161, 0.065910564382, 0.055981637616],
      [0.029791957092, 0, 0.043941214164, 0.79358908403, 0.13267774471],
      [0.59623633919, 0, 0.1703016513, 0.14102984452, 0.092432164997],
      [0.0016907890721, 0, 0.0047903269649, 0.58586516119, 0.40765372278]
    ],
    [
      [0.01385336789, 0.48022296931, 0.50567302806, 0.00010944717216, 0.00014118757301],
      [1.620248767e-07, 3.6455505952e-07, 0.12647423144, 0.84151892704, 0.032006314938],
      [0.0029424467534, 0.017305711258, 0.87039771249, 0.064116231938, 0.045237897557],
      [0.0048651069123, 0.00099685801608, 0.045943607061, 0.83290144194, 0.11529298607],
      [0.14769242543, 0.0068170451371, 0.35772070198, 0.38382475811, 0.10394506935],
      [0, 0, 0.0061436522028, 0.62722656408, 0.36662978371]
    ],
    [
      [0, 0.83862052392, 0.16120087128, 7.3215406781e-05, 0.00010538938728],
      [0, 0.00061792353007, 0.10331280028, 0.86180370202, 0.034265574168],
      [0, 0.057756492414, 0.81313814227, 0.072312355867, 0.056793009452],
      [0, 0.0020711219162, 0.03659829516, 0.8407795543, 0.12055102862],
      [0, 0.017566242072, 0.33902916629, 0.51317567465, 0.13022891699],
      [0, 0, 0.005246943619, 0.61783945359, 0.37691360279]
    ],
    [
      [0.059918461066, 0.86716548739, 0.072835077817, 1.3120212255e-05, 6.7853518462e-05],
      [0.0010161185006, 0.0024494138481, 0.13320798804, 0.80491599041, 0.058410489206],
      [0.06468418882, 0.090741716584, 0.7290786679, 0.049599479381, 0.065895947316],
      [0.056983812655, 0.0031923692527, 0.048646267348, 0.70180474349, 0.18937280725],
      ["NaN", "NaN", "NaN", "NaN", "NaN"],
      [0.0020348882974, 0.0018356097648, 0.004029823412, 0.46205105835, 0.53004862018]
    ],
    [
      [0.012676185158, 0.86311205528, 0.12411911371, 2.9518438846e-05, 6.3127414389e-05],
      [2.9499797614e-07, 0.0044592781328, 0.13307177957, 0.8277202255, 0.034748421804],
      [0.014495111138, 0.098978864493, 0.78772272185, 0.05472567748, 0.044077625041],
      [0.010074534673, 0.0052249851692, 0.0459803135, 0.81543947691, 0.12328068975],
      [0.25197875105, 0.023061606584, 0.33612487841, 0.28756549285, 0.10126927111],
      [0.00018635509454, 0.0027765031886, 0.0063815283853, 0.61679623232, 0.37385938101]
    ],
    [
      [0.02701173084, 0.54344422454, 0.36816195181, 0.060405938145, 0.00097615465755],
      [0.0071151514394, 0.0046472278697, 0.16465803835, 0.79160140936, 0.031978172982],
      [0.040626432789, 0.055132604199, 0.81946110987, 0.05941397986, 0.025365873286],
      [0.072337976894, 0.010811234694, 0.067892393351, 0.73802757218, 0.11093082288],
      [0.48191073408, 0.012681644688, 0.22371892507, 0.23652699948, 0.045161696683],
      [0.0025200331978, 0.0019611752084, 0.0058607263095, 0.59532990279, 0.3943281625]
    ],
    [
      [0.036959540401, 0.62679520816, 0.24576407198, 0.088647295864, 0.0018338835927],
      [0.0011089522479, 0.00092433118388, 0.097121431924, 0.85936529751, 0.041479987133],
      [0.045825367614, 0.074998526668, 0.72415806589, 0.10983382613, 0.045184213694],
      [0.053115640702, 0.0096475738494, 0.036957494012, 0.7682601705, 0.13201912093],
      [0.54460483408, 0.0098266360721, 0.14802705543, 0.2331571407, 0.064384333718],
      [0.0018123576582, 0.0012181708831, 0.0017359541001, 0.5752277975, 0.42000571986]
    ],
    [
      [0.029518732981, 0.55557063479, 0.36434525922, 0.049732722176, 0.0008326508263],
      [0, 0, 0.065870263963, 0.9016379608, 0.032491775241],
      [0.017763762679, 0.031777431363, 0.72794647951, 0.17901965852, 0.043492667929],
      [0.019897142906, 0.0030896408143, 0.027242163847, 0.84103483198, 0.10873622046],
      [0.32042362511, 0.0073311834673, 0.16853761635, 0.43423429658, 0.069473278484],
      [9.6367095494e-07, 7.575249504e-07, 0.0021785390072, 0.65687763818, 0.34094210162]
    ],
    [
      [0.032036730299, 0.50642797835, 0.36475496655, 0.095373495308, 0.0014068294859],
      [0, 0, 0.061336036724, 0.90369067503, 0.034973288248],
      [0.022184483851, 0.024755966268, 0.71402663895, 0.19393412893, 0.045098782007],
      [0.021068980443, 0.0030875943139, 0.027812916142, 0.83279158016, 0.11523892894],
      [0.34712156508, 0.0068090612625, 0.17472807454, 0.3966245164, 0.074716782712],
      [0, 0, 0.0002872789765, 0.63764734009, 0.36206538093]
    ],
    [
      [0.03985101229, 0.62716651858, 0.31037417951, 0.02205012497, 0.00055816464505],
      [0, 0, 0.054500915647, 0.90409029975, 0.041408784606],
      [0.034082090262, 0.036711625595, 0.7085503038, 0.15616127537, 0.064494704968],
      [0.022799358238, 0.0025995153544, 0.020120911558, 0.82325869106, 0.13122152379],
      [0.40564241175, 0.0082379745324, 0.13373247074, 0.36625859383, 0.086128549156],
      [0.00093999788507, 0.00023795571373, 0.0014937560507, 0.60613214357, 0.39119614678]
    ],
    [
      [0.036888781873, 0.4836199248, 0.38069537913, 0.095756467569, 0.0030394466257],
      [0, 0, 0.059216780951, 0.89254081744, 0.048242401605],
      [0.024562951697, 0.019197056603, 0.71150403464, 0.18306677453, 0.061669182533],
      [0.023044682188, 0.0023593797447, 0.025701509145, 0.80172885637, 0.14716557255],
      [0.35950236291, 0.0056362220901, 0.15610922053, 0.38695614071, 0.091796053763],
      [0, 0, 0.0015061835024, 0.5737606592, 0.4247331573]
    ],
    [
      [0.032634541932, 0.53763108783, 0.33543472557, 0.092869507827, 0.0014301368355],
      [0, 0, 0.06118835018, 0.90301055596, 0.035801093855],
      [0.025363589869, 0.030924843223, 0.70310791723, 0.19594595414, 0.044657695539],
      [0.025828631022, 0.0038718422698, 0.02813354175, 0.8254801498, 0.11668583516],
      [0.36765684535, 0.0071625942275, 0.16397197245, 0.39121193157, 0.069996656394],
      [0, 0, 0, 0.62779304737, 0.37220695263]
    ],
    [
      [0.045182107357, 0.65564922551, 0.29845726307, 0.0004880497017, 0.00022335436685],
      [0, 0, 0.07188612583, 0.88513291037, 0.042980963797],
      [0.048996857471, 0.046249570274, 0.69487876835, 0.15042644529, 0.059448358612],
      [0.028195686101, 0.0030918776406, 0.022716657621, 0.81034924282, 0.13564653582],
      [0.43662244589, 0.0077966675035, 0.13334204101, 0.34463323118, 0.077605614409],
      [0.0016938048139, 0.00047136914517, 0.0023278174039, 0.59666532942, 0.39884167922]
    ],
    [
      [0.040472662303, 0.74694665584, 0.21192738446, 0.00046300037577, 0.0001902970175],
      [5.9865533522e-05, 0, 0.068026060117, 0.89089993255, 0.0410141418],
      [0.052163129128, 0.075653360968, 0.67560475949, 0.13661865187, 0.05996009854],
      [0.033559241001, 0.0046003368493, 0.021320883954, 0.81086525543, 0.12965428276],
      [0.47445867292, 0.010547692321, 0.12161371178, 0.31913098425, 0.074248938727],
      [0.0027624466063, 3.0774231607e-05, 0.0022606339384, 0.60628735068, 0.38865879454]
    ],
    [
      [0.039732807689, 0.62574156749, 0.22970857566, 0.10300340196, 0.0018136471962],
      [0, 0, 0.012960034993, 0.94872154393, 0.038318421076],
      [0.026001099526, 0.023480310077, 0.53812435969, 0.33764605434, 0.074748176371],
      [0.019129367257, 0.0022000805905, 0.010984107656, 0.84863880052, 0.11904764398],
      [0.36185153221, 0.0066104908953, 0.082953834084, 0.46717796454, 0.08140617827],
      [0, 0, 0.00058474235062, 0.63617949554, 0.36323576211]
    ],
    [
      [0.017233935832, 0.48150618641, 0.41843544401, 0.081477301775, 0.0013471319744],
      [0, 0, 0.067239656413, 0.8971454509, 0.035614892692],
      [0.006449590291, 0.019995286432, 0.73780806806, 0.18950826452, 0.046238790695],
      [0.0084369179241, 0.0023348281512, 0.028538714422, 0.84064272073, 0.12004681877],
      [0.20099072534, 0.0071655701926, 0.2205551943, 0.47765726267, 0.093631247499],
      [0, 0, 0.0012178629301, 0.63150465282, 0.36727748425]
    ],
    [
      [0.033149361163, 0.44417171824, 0.45340814215, 0.068782777378, 0.0004880010699],
      [0, 0, 0.077611848451, 0.89900968287, 0.023378468677],
      [0.016055626635, 0.018116907837, 0.7711552838, 0.16472048884, 0.029951692882],
      [0.021621212895, 0.0019989317929, 0.031543895752, 0.8617266141, 0.083109345459],
      [0.32678592239, 0.004904919298, 0.18258886092, 0.43624714605, 0.049473151353],
      [0.00041883688891, 0, 0.0015611945503, 0.70986552945, 0.28815443912]
    ],
    [
      [0, 0.66796175869, 0.3304288071, 0.0013621660743, 0.00024726813579],
      [0, 0, 0.053286523432, 0.9059810199, 0.040732456664],
      [0, 0.027690804031, 0.69186966951, 0.22790976085, 0.052529765614],
      [0, 0.0030208877683, 0.026142288809, 0.83373910006, 0.13709772336],
      ["NaN", "NaN", "NaN", "NaN", "NaN"],
      [0, 0, 0.0084854929387, 0.57320835309, 0.41830615397]
    ],
    [
      [0.035765741636, 0.52305898449, 0.32892514134, 0.11037171553, 0.0018784170033],
      [0, 0, 0.088184196429, 0.8739661683, 0.03784963527],
      [0.034113351073, 0.035811292007, 0.75998226304, 0.1264772003, 0.043615893584],
      [0.034286022763, 0.0047120280227, 0.034799154893, 0.80339571809, 0.12280707624],
      [0.42266935523, 0.0078969373033, 0.1735134781, 0.32759776099, 0.068322468379],
      [0.0012648918216, 6.7877061449e-05, 0.0020704688303, 0.61164331917, 0.38495344312]
    ],
    [
      [0.023470278364, 0.63007477974, 0.30449845768, 0.040635451046, 0.0013210331769],
      [0, 0, 0.065846311469, 0.88105927632, 0.053094412209],
      [0.018038672029, 0.040936177123, 0.72591341751, 0.14401584304, 0.071095890301],
      [0.013265237865, 0.0033795820718, 0.024258389278, 0.79484197497, 0.16425481581],
      [0.31063044552, 0.0099818233683, 0.17615204809, 0.38310526764, 0.12013041538],
      [0.00059695411337, 0.00029299353998, 0.0012580036644, 0.5368412015, 0.46101084718]
    ],
    [
      [0.036276312153, 0.7163523828, 0.24722467832, 0, 0.00014662672033],
      [0.0030860794081, 0.0061587443563, 0.12539997728, 0.81657631732, 0.048778881641],
      [0.044688699498, 0.075011427286, 0.76025269577, 0.070911735973, 0.049135441478],
      [0.050357665098, 0.0093878254572, 0.041548027117, 0.74317853379, 0.15552794854],
      [0.55069339203, 0.01102500766, 0.17212186494, 0.18883625475, 0.077323480622],
      [0.0022364637174, 0.0022431464435, 0.00637765179, 0.53547569435, 0.4536670437]
    ],
    [
      [0, 0.44383403906, 0.47071075178, 0.083738837687, 0.0017163714787],
      [0, 0, 0.12188452678, 0.84381549268, 0.03429998054],
      [0, 0.018484729468, 0.83369243754, 0.1139971338, 0.033825699196],
      [0, 0.0037599512408, 0.05412175562, 0.817382601, 0.12473569214],
      [1.3877787808e-17, 0.0096824597826, 0.4018871415, 0.47842312105, 0.11000727767],
      [0, 0, 0.0048197046495, 0.6102622141, 0.38491808125]
    ]
  ],
  "expected_outcome": [
    [
      [11.111953456, 3.3780863091, 6.7470928803, 1.4291756244, 7.1174513913, 3.3244118749, 0.18369572102, 5.1132581206, 7.4615625926, 1.2739479671, 1.9882278372, 0.37448051858, 0.29604306869, 0.47297078687, 0.036302423546, 0.24921144039, 0.090150153679, 0, 0.0363670609, 0.042791922764, 2.4886175502, 1.2944628618, 1.5754297845, 2.9188246928, 1.8070140779, 1.6740744667, 1.9405997515, 1.8545670884, 1.6649844508, 0.72995072126, 0.45741627526, 0.55370705906, 0, 6.1753106066, 0.47024360296, 10.5984880994, 0],
      [145.0169312697, 29.1237950477, 111.7470264605, 19.7641283985, 69.6873437676, 38.7959361209, 1.0705707021, 84.9150378402, 66.1077053892, 14.2492783256, 24.5830954002, 3.4764100963, 1.5655542497, 4.9507462008, 0.80394367285, 0, 2.1201528318, 1.4172976585, 0.83199180665, 2.2844600466, 30.1021949436, 13.2199211238, 17.9890843035, 28.8520385164, 18.2473939694, 14.1519671713, 19.5701817574, 16.0146551496, 18.5172790778, 7.5091524222, 7.869735888, 4.6179057028, 1.1361256785, 56.7849436429, 7.7460056928, 120.4157662142, 4.324825539],
      [97.8355816594, 25.5856569987, 82.446074086, 11.7424988913, 60.2864804796, 26.0648129656, 0.74510838429, 62.6281342809, 61.3437684463, 7.4767737073, 17.7448071562, 3.1479434651, 1.1371867939, 3.5751343033, 0.15951399323, 1.7492686302, 2.7874345606, 0.5820574427, 0.13149494415, 0.67224624788, 26.6924140728, 7.0666628415, 14.9858921414, 25.8568225474, 10.7592562256, 13.4710860696, 15.5874092442, 10.0948158443, 7.7847118823, 3.4604087261, 8.3406511774, 5.6511125908, 0.85806304296, 45.1822337667, 4.6493379738, 64.9338611837, 5.4859962273],
      [2.9714209324, 0.89920970151, 1.9914863041, 0.047435572359, 1.8883067026, 0.79949428075, 0.00019896813367, 1.2924925724, 2.0649785223, 0, 0.59942317943, 0, 0.00040206911734, 7.1303160177e-05, 9.1935878182e-05, 0.00054525888703, 0.00098796831297, 0.00026436316441, 2.368696004e-05, 0.00015987593824, 0.70537464112, 0.40417596061, 0.435997578, 1.3343130175, 0.17127949935, 0.65933276515, 0.875757861, 0.024671215647, 0.023404956659, 0.28996377552, 0.32199776702, 0.17585489734, 0.0049184529551, 2.7740517248, 0.12248669428, 0, 0.18583782005],
      [0.06411268248, 0.013251942977, 0.068320269, 0.016761513495, 0.020417658817, 0.015344757833, 0.00042622444605, 0.051077185888, 0.021985049578, 0, 0.08444642701, 0.0011659199823, 0.00081381861134, 0.0010774058769, 0.00014797449255, 0.00097467050462, 0.0012744856315, 0.00038053564325, 0.00012250133985, 0.00034190678771, 0.011398792278, 0.014777212304, 0.013596192684, 0.038001225931, 0.015056227671, 0.043539527158, 0.026051385927, 0.011290702015, 0.0096196324666, 0.010524354948, 0.010198892247, 0.0014197500284, 0.00089282556374, 0.083460258909, 0.011926036168, 0.051884502686, 0.0033404136332]
    ],
    [
      [6.09171639, 0.35130336503, 4.1082541693, 0, 0.38541214342, 0.95855652378, 2.2762238526, 4.2601950126, 0.24515512911, 1.7780476815, 0.043814591987, 1.1957228531, 1.0351700686, 1.2371180386, 0.061550682309, 0.65530668417, 2.2672507192e-05, 0, 0.53187597935, 2.9739780209e-05, 1.9011410085, 0.14815388069, 0, 0, 0, 0, 0, 0, 0.047987518638, 0, 0, 0, 0, 0, 0, 9.6307377796, 0],
      [7.6733993219, 0, 5.1956406947, 0, 0.13035959932, 1.2643043831, 0.10309967094, 6.045155969, 0, 1.3914479927, 0.084770499221, 0.81881529729, 3.105160505e-05, 1.0615699328, 0.14758544488, 0, 5.1013013417e-05, 0.062896340896, 0.51536206679, 1.6559405052, 1.2417213539, 0.12348886275, 0, 0, 0, 0, 0, 0, 0, 0, 0, 0, 0, 0, 0, 19.1144929757, 0],
      [95.7580332708, 21.9943950983, 75.7101170147, 40.3664374522, 28.1637460198, 26.0678518526, 96.4423001464, 73.6504331754, 35.9554953157, 13.581800804, 11.2373900002, 112.1204116402, 51.028833424, 109.2912178729, 33.7543186118, 97.653988578, 93.6009625975, 55.5871845804, 39.1199590647, 71.4334591556, 26.8685623262, 7.4042846343, 27.6577443066, 32.0364772413, 36.9084542582, 17.5717371484, 16.4358179157, 46.2022231382, 34.4532751654, 0.45149002895, 13.1725115216, 10.4983749208, 1.9304762587, 53.632371149, 12.4445375731, 239.287637046, 6.6984108111],
      [502.463325407, 130.2974163648, 346.2456797726, 302.3342215972, 167.133990904, 154.0153001748, 524.2214792256, 300.7563161904, 213.187882714, 69.8523387946, 70.5657814325, 482.684370451, 384.3228728461, 533.2724767681, 356.330387222, 644.0948139196, 601.0801290762, 448.2544002549, 231.7234552851, 425.9010605454, 113.5160506109, 63.1088783795, 362.570286863, 493.7048377634, 551.5044485452, 273.3582293529, 256.8653299272, 484.169811197, 389.9761903885, 171.0271389022, 169.6417699484, 112.5057555352, 36.3250476222, 508.0579408181, 150.5754934375, 1383.332729616, 44.4249991158],
      [24.0135256103, 5.3568851719, 22.7403083488, 19.2993409506, 6.1864913335, 8.6939870656, 27.9568971044, 21.2878996526, 8.6114668412, 4.3963647271, 5.0682434761, 22.1806797584, 20.6130926097, 19.1376173876, 16.706158039, 31.5958908182, 24.3188346408, 19.0955188237, 18.109347604, 19.009510054, 4.4725247004, 3.2151942428, 13.7719688304, 20.2586849953, 27.5870971966, 16.0700334987, 10.6988521571, 25.6279656648, 19.5225469275, 7.5213710688, 7.1857185299, 2.9958695441, 1.7444761191, 23.3096880329, 9.9799689894, 88.6344025827, 1.8765900731]
    ],
    [
      [21.207165435, 5.5639423415, 15.5522225835, 2.015665225, 12.7671379086, 6.3141317899, 0.84992248159, 12.4827155414, 10.941261807, 4.8860765742, 3.4929264954, 1.6877890211, 0.97143103321, 1.6146202367, 0.68114819748, 1.2032562537, 0.016607167608, 0, 0.23808803053, 0.29337170726, 4.8413051782, 1.3897029144, 2.4819487323, 5.533002935, 4.1627849407, 2.908269711, 3.716542509, 9.0106386965, 5.305179136, 1.1735560482, 0.43260494473, 0.68442693389, 0, 7.6623475188, 0.80954356006, 24.0500848264, 0],
      [40.8189195084, 8.2551896835, 34.3011331585, 6.3755733593, 18.5486430922, 12.0459189255, 0.6885029357, 26.6217216108, 16.8464167406, 7.4623042197, 7.1150936958, 2.4874734688, 0.39071683114, 2.7281438131, 1.9999864446, 0, 0.73421253566, 1.4209808047, 0.57233566502, 2.4704117548, 7.536046395, 2.4769685407, 6.1251842922, 6.5180584527, 5.1259437813, 2.4444073, 4.9317179533, 9.1256782754, 8.8095818984, 1.2223175502, 1.8874207868, 1.1465951014, 0.85858297672, 8.2452445971, 2.0854746991, 45.9466280667, 0.62598441011],
      [318.7260155084, 92.4058700376, 287.734346902, 46.5368790411, 196.672110954, 97.5472331878, 8.7723250579, 221.9227697896, 198.3906053533, 47.2491694354, 64.0521189308, 34.4725557627, 6.8750914457, 29.807495409, 7.736390047, 18.674728504, 23.627238292, 11.6629271194, 2.5919719662, 11.8544707727, 79.0155033794, 17.3338499251, 107.1086984767, 156.018336865, 73.8795126938, 78.3420164267, 91.351621459, 95.0129459737, 52.1957794995, 29.9189241038, 56.3006785631, 37.5698365844, 16.1541100649, 137.95765338, 27.4108974394, 319.1585614526, 22.6987951719],
      [40.170485278, 14.0898811951, 28.3529274226, 7.934178366, 26.685121062, 14.3637929144, 1.1404585799, 19.0699892156, 29.3840909327, 5.064970362, 9.6982208624, 3.7489842109, 1.1906529496, 3.6130452486, 1.8037518, 2.8558456971, 3.35686948, 2.088819724, 0.35818349986, 1.6796103201, 7.4208576018, 3.4183949097, 25.3542146718, 38.9491000701, 17.9198995603, 19.0169093993, 23.4286125011, 21.3386528245, 12.6818324741, 16.6981920587, 13.539110456, 7.9886647516, 4.5921624269, 26.8034448055, 5.8554180369, 45.778880366, 3.5188229401],
      [18.0774142701, 4.6851167423, 19.0593699334, 4.1377040087, 8.3269869832, 6.7289231825, 0.54879094497, 14.9028038426, 9.4376251664, 3.3374794087, 5.6416400157, 1.6031975366, 0.57210774029, 1.2366952926, 0.77872351095, 1.2661695452, 1.2650725247, 0.82727235195, 0.23942083843, 0.70213544521, 3.1862874456, 1.3810837101, 6.929953827, 10.9815016772, 6.9118590238, 7.288397163, 6.5715055775, 8.51208423, 5.007626992, 3.9870102391, 3.8401852494, 1.6104766287, 1.3951445315, 9.3313096985, 2.8386662645, 25.0658452884, 1.1563974779]
    ],
    [
      [3.9623395307, 0.70339583571, 2.6346553853, 0.2345068582, 1.2426750694, 0.7159071542, 0.17943228364, 2.0859962204, 1.267564014, 0.79411324027, 0.21208908301, 0.25246476703, 0.38467750086, 0.15471116577, 0.0098342604382, 0.19699149643, 0.01420275534, 0, 0.11284653315, 0.083346361651, 0.75955507788, 0.16385679514, 0.43370826675, 0.50025600323, 0.645158397, 0.28255320046, 0.34182140834, 1.4531384156, 0.93270789031, 0.16008771986, 0.11658190062, 0.1977729399, 0, 1.1676541839, 0.095522509702, 2.8861285523, 0],
      [1.3870802246, 0.060903483354, 0.99167799227, 0.033854952136, 0.1356334137, 0.15272402187, 0.0048750162634, 0.84011500853, 0.11665458833, 0.19849845364, 0.031457310772, 0.016937182365, 0.0034785363281, 0.011134824213, 0.0011405269445, 0, 0.0050841418734, 0.0079137385721, 0.0074030790477, 0.032607108897, 0.14522279982, 0.023763978923, 0.067346491343, 0.073310979392, 0.048062344342, 0.028928595869, 0.051240755905, 0.11252599543, 0.069835009105, 0.018411789607, 0.032262812787, 0.018284571696, 0.0052913447523, 0.113715197, 0.024336251224, 0.53979292004, 0.0029270568849],
      [3.5688076164, 0.5324608154, 3.0556770109, 0.19117792488, 0.67931663926, 0.4939756705, 0.11216973462, 2.5806379529, 0.88608039004, 0.40684251029, 0.12120606056, 0.28073554011, 0.20460699431, 0.15473713646, 0.0062306321596, 0.17499843672, 0.18256817495, 0.094494667417, 0.067613475204, 0.20805420027, 0.74663901917, 0.078596842691, 0.59381146935, 0.66038213406, 0.37201479813, 0.31512882695, 0.37232507037, 0.82675151114, 0.32365980445, 0.091922577771, 0.39434987972, 0.28853742058, 0.045790467343, 0.83980671058, 0.17468380504, 1.8168013829, 0.047824277168],
      [174.5361993945, 34.1461028984, 122.0201520474, 18.9301185153, 50.8744831646, 32.8572498332, 7.4567794943, 92.8382704379, 61.8165148296, 21.3484967185, 10.3863282647, 16.909525808, 20.1027187817, 10.4295808975, 0.85779494975, 14.4032670928, 13.0786109978, 9.5930109623, 4.711001007, 16.3220855848, 29.3105318547, 8.4019945947, 98.8729236043, 107.0024165724, 81.636945253, 53.3521397886, 59.4923347301, 159.3842624099, 66.5938914505, 37.7350463383, 62.1228801977, 42.6113024393, 7.7737068184, 106.727806131, 30.7798828819, 138.9443615096, 3.4578400072],
      [27.5455732338, 4.5571369671, 25.2978375641, 3.6103417495, 6.067891713, 5.7801433202, 1.2467434712, 20.6549803803, 7.913186178, 4.2520490773, 2.2489192809, 2.5403367025, 3.3045181868, 1.2498359761, 0.12499963071, 2.224742974, 1.71953393, 1.3045806318, 1.1011359056, 2.3539067444, 4.0380512484, 1.3317877886, 12.0322101682, 13.7636343109, 12.2978192075, 9.0212495881, 7.7422780353, 25.2233216679, 10.0799058457, 4.9945315744, 8.3339252091, 3.8841026285, 1.1752113695, 15.1510177776, 5.9255745521, 26.8129156352, 0.49140865875]
    ],
    [
      [60.0764927291, 17.9099725639, 67.680911554, 16.2370979103, 15.3872944536, 17.6133693356, 3.1849734631, 27.7796833179, 30.0176353544, 15.1397367386, 4.2209699051, 3.2776341246, 3.0258466599, 4.3304989913, 1.0017399945, 1.5120831865, 1.8790172509, 0, 0, 1.5586184673, 23.8774423256, 3.9580156451, 23.5088942739, 18.0479163689, 16.2087104563, 15.1351026218, 15.0010363311, 23.3464116595, 16.6285851704, 8.9364055107, 3.9933968794, 9.547457559, 0, 28.7549086877, 2.5966693832, 50.7016805033, 7.5164013856e-17],
      [2.4747327515, 0.51923635875, 3.3837467462, 0.74329588417, 0.44374365893, 0.67957147953, 0.042418333062, 1.1896967968, 0.89596697825, 0.6027651875, 0.15133167167, 0.085435530759, 0.040219331268, 0.1306394321, 0.047343910755, 0, 0.14049947766, 0.090911457346, 0, 0.23108124938, 0.87213521717, 0.12506784632, 0.81837002252, 0.55659205155, 0.53409466557, 0.37469693287, 0.44685953336, 0.65486321698, 0.60279492411, 0.25011823804, 0.2105805124, 0.21721462409, 0, 0.84322945942, 0.13043028039, 1.8621714655, 0.046262994011],
      [23.0933070928, 7.3191942848, 32.2818311615, 7.0299130406, 6.0309240967, 6.715131739, 0.59909273771, 12.4360123004, 13.3099997754, 4.1630755332, 1.7646148287, 1.4948483281, 0.56976350511, 1.805715568, 0.23764696854, 0.48461615901, 3.4704847411, 0.83756408733, 0, 1.4789178421, 10.370037012, 1.0870628155, 11.6110307456, 8.4225579009, 5.050527581, 6.2777533109, 6.2528263107, 6.7697995204, 4.161631441, 2.0728162485, 3.783750134, 4.9561818415, 0, 11.1991025541, 1.3060119766, 16.1494713048, 1.0216476852],
      [34.8805075746, 11.6174342984, 41.7432045519, 13.5767925644, 9.2138444064, 10.7522752945, 0.9069985966, 15.5512682578, 20.3500224325, 6.0056774357, 2.7947945054, 1.6521054051, 1.0206227136, 2.2078114106, 0.55014659921, 0.76383709956, 5.2517771741, 1.6660513049, 0, 2.148721355, 12.8265543414, 2.2121549828, 27.5032020474, 19.6768206232, 13.6551184646, 14.9747447297, 15.0345244962, 15.9527759085, 10.7919457934, 9.6414741169, 8.1548329115, 10.6757184617, 0, 22.7104834412, 2.9739822981, 25.3735380151, 1.5481646755],
      [9.4749598521, 2.6341624941, 14.9103059864, 4.4129006005, 1.9241933843, 3.2396521514, 0.26651686958, 6.043339327, 4.4263754594, 2.088745105, 1.0682890892, 0.48997661139, 0.34354779012, 0.52533459809, 0.16312252702, 0.23946355488, 1.2582213562, 0.40547315042, 0, 0.58266108621, 3.0538311038, 0.61769871022, 5.5585029106, 4.2961130555, 3.5515488326, 4.2377024047, 3.2647533286, 4.2761496945, 2.8150426711, 2.0991858859, 1.8574395627, 1.6034275137, 0, 5.4922758577, 0.9929060617, 8.9131387112, 0.38392464535]
    ],
    [
      [0.5503324591, 0.093299584756, 0.27686342759, 0.08355438216, 0.10002903356, 0.073623321661, 0.32575219806, 0.27815178708, 0.066821102823, 0.12807779834, 0.041972087442, 0.21190871562, 0.28683166871, 0.19008078072, 0.20942444176, 0.18315093876, 0, 0, 0.080822396063, 0.021841801269, 0.1319388597, 0.045807902821, 1.894257876e-05, 0, 0.1763321281, 0, 0, 0.33524413997, 0.42055583388, 0, 0, 0.016635508182, 0, 0.23977900299, 0.028020944083, 1.132880239, 0],
      [0.62893692393, 0.040875426645, 0.38077494791, 0.083147405956, 0.054276468186, 0.061545069105, 0.090533341925, 0.38827277461, 0.033256303593, 0.095705820929, 0.034251422281, 0.1149284245, 0, 0.11776579702, 0, 0, 0, 0, 0.07290738249, 0.32549933511, 0.10267929045, 0.030789647497, 1.4890431181e-05, 0, 0.044505239319, 0, 0, 0.092277362631, 0.00050909062795, 0, 0, 0, 0, 0.012867103607, 0.013753076521, 1.1211483579, 0],
      [1.0182548522, 0.16242276522, 0.77195382487, 0.13309364989, 0.16742181063, 0.11099458445, 0.32900393911, 0.78201250066, 0.11405071926, 0.12233800969, 0.07986302355, 0.48350526367, 0.18451783698, 0.36569971038, 0.10589974726, 0.26239969201, 0.33131163383, 0.23577210273, 0.088960549733, 0.35285178144, 0.30684419038, 0.029542940911, 0.042822860349, 0.0054233113453, 0.030234443206, 0.022278217364, 0, 0.093464012233, 0.080942207257, 0.0044383149231, 0.0080587240878, 0.03595664189, 0.011560166114, 0.18883243961, 0.014531231983, 1.65366763, 0.047325827372],
      [81.9780614135, 17.9499555418, 48.6465499014, 24.1772533847, 19.2042537604, 13.2118875023, 36.2740851355, 41.491663326, 14.1965105688, 9.7285166892, 9.9554517556, 39.005014125, 29.3627306398, 35.4770143721, 24.4578274931, 36.881690932, 33.2316253036, 26.3974533908, 11.2073365211, 40.9483623188, 18.2206309501, 8.4544011727, 68.2633752355, 64.3325119535, 65.1123086775, 45.6386439643, 32.3034404844, 68.1298264444, 52.9327349369, 25.6081848083, 22.2194087193, 16.042703915, 4.3041646796, 66.9262730795, 14.6927366513, 157.5704904933, 8.8643354413],
      [51.8244143513, 9.7534466816, 40.9238578983, 18.5229511773, 9.4740189272, 9.5419495225, 23.9806253854, 37.0598996116, 7.5893613055, 7.9253616819, 8.8884617112, 23.1846434712, 19.1659198545, 16.8494393398, 14.2268483179, 22.6727584372, 17.4370630626, 14.3667745065, 10.5499731506, 23.3514447634, 10.2379067094, 5.439458336, 32.6937680711, 32.6620647352, 38.6366195119, 30.3390778183, 16.6965595156, 42.3491880408, 31.5652579313, 13.3873768768, 11.7725325566, 5.904703935, 2.6842751543, 37.6322483743, 11.2509580961, 120.5218132798, 5.0883387313]
    ]
  ],
  "prob": [
    [0.030265312764, 0.59116567069, 0.32272517048, 0.05466860981, 0.0011752362614],
    [0.0013840519418, 0.0019250958134, 0.11158768869, 0.84479407356, 0.040309089993],
    [0.034602832473, 0.054296849385, 0.75806770056, 0.11043905322, 0.042593564362],
    [0.039685153063, 0.0070300136156, 0.038426086533, 0.78152680401, 0.13333194278],
    [0.43634114988, 0.010728920343, 0.18979076048, 0.29307111119, 0.070068058104],
    [0.0014540218649, 0.0010048601733, 0.0038307081525, 0.58180801, 0.4119023998]
  ],
  "iterations": 329,
  "time": 0.000797,
  "message": "Converged",
  "status": 0,
  "miniter": 0,
  "maxiter": 1000,
  "maxtime": 3600,
  "param_threshold": 0.001,
  "ll_threshold": "-Inf",
  "initial_prob": "group_proportional",
  "adjust_prob_cond_method": "project_lp",
  "adjust_prob_cond_every": false,
  "candidates_id": ["CHAL, Kelly.c", "TRASS, Gerald Ivan.c", "ANAE, Arthur.c", "ROBERTSON, H V Ross.c", "Other candidates votes.c"],
  "group_id": ["ACT.p", "Labour Party.p", "National Party.p", "NZ First.p", "United Future.p", "Other parties votes.p"]
}
