{
  "X": [
    [1, 14, 54, 49, 3],
    [1, 13, 29, 64, 7],
    [1, 13, 29, 57, 2],
    [1, 3, 15, 19, 1],
    [121, 162, 750, 1321, 71],
    [33, 26, 171, 491, 21],
    [3, 1, 23, 22, 3],
    [3, 0, 14, 29, 0],
    [12, 18, 99, 183, 9],
    [39, 37, 235, 346, 13],
    [1, 1, 1, 5, 0],
    [3, 1, 11, 10, 4],
    [0, 10, 20, 53, 5],
    [1, 4, 4, 7, 3],
    [77, 87, 671, 944, 68],
    [5, 8, 64, 68, 2],
    [148, 98, 741, 1241, 75],
    [1, 2, 13, 18, 1],
    [20, 72, 233, 460, 29],
    [1, 7, 33, 50, 4],
    [1, 0, 3, 9, 2],
    [0, 1, 9, 16, 0],
    [6, 1, 31, 39, 5],
    [13, 20, 72, 206, 19],
    [21, 30, 175, 280, 21],
    [6, 3, 19, 74, 2],
    [44, 78, 339, 786, 53],
    [36, 31, 223, 388, 34],
    [53, 49, 209, 371, 29],
    [43, 63, 271, 386, 37],
    [30, 27, 233, 346, 24],
    [93, 69, 409, 768, 48],
    [14, 15, 67, 180, 16],
    [0, 2, 5, 6, 0],
    [30, 29, 142, 355, 27],
    [8, 11, 35, 53, 5],
    [1, 0, 2, 5, 0],
    [1, 3, 20, 25, 1],
    [5, 1, 5, 19, 1],
    [3, 1, 6, 11, 2],
    [24, 39, 272, 472, 28],
    [42, 57, 290, 489, 45],
    [45, 24, 256, 442, 39],
    [0, 0, 6, 8, 1],
    [2, 6, 16, 13, 2],
    [3, 13, 36, 66, 5],
    [18, 17, 113, 198, 15],
    [1, 6, 20, 22, 2],
    [4, 5, 20, 33, 7],
    [16, 15, 134, 96, 16],
    [59, 44, 300, 450, 38],
    [19, 23, 145, 227, 12],
    [3, 1, 5, 13, 1],
    [0, 2, 8, 10, 2],
    [7, 4, 46, 39, 6],
    [29, 95, 436, 438, 35],
    [2, 16, 77, 87, 6],
    [22, 69, 190, 330, 24],
    [0, 1, 3, 3, 1],
    [5, 1, 7, 8, 0],
    [22, 58, 116, 314, 20],
    [143, 258, 853, 1900, 155],
    [119, 219, 683, 1364, 129],
    [2, 0, 3, 7, 0]
  ],
  "W": [
    [8, 53, 49, 5, 6],
    [20, 55, 26, 4, 9],
    [11, 48, 35, 5, 3],
    [6, 14, 15, 2, 2],
    [180, 1198, 802, 169, 76],
    [34, 442, 196, 54, 16],
    [2, 17, 19, 9, 5],
    [1, 23, 17, 5, 0],
    [29, 164, 100, 20, 8],
    [30, 330, 253, 45, 12],
    [0, 6, 1, 1, 0],
    [3, 8, 14, 2, 2],
    [10, 52, 18, 3, 5],
    [5, 7, 6, 1, 0],
    [121, 859, 715, 101, 51],
    [11, 61, 68, 5, 2],
    [107, 1140, 780, 202, 74],
    [2, 16, 15, 1, 1],
    [94, 395, 259, 31, 35],
    [10, 40, 41, 1, 3],
    [0, 7, 6, 2, 0],
    [0, 13, 9, 3, 1],
    [4, 34, 34, 6, 4],
    [11, 208, 77, 22, 12],
    [33, 261, 185, 27, 21],
    [13, 63, 16, 7, 5],
    [85, 747, 349, 73, 46],
    [40, 341, 248, 56, 27],
    [61, 333, 232, 63, 22],
    [77, 324, 290, 61, 48],
    [41, 304, 243, 49, 23],
    [77, 688, 447, 129, 46],
    [27, 143, 82, 22, 18],
    [4, 3, 5, 0, 1],
    [22, 331, 161, 45, 24],
    [7, 56, 33, 13, 3],
    [0, 3, 2, 3, 0],
    [5, 17, 24, 2, 2],
    [2, 13, 6, 8, 2],
    [0, 11, 8, 1, 3],
    [46, 433, 292, 40, 24],
    [44, 491, 310, 52, 26],
    [22, 427, 274, 54, 29],
    [0, 9, 5, 0, 1],
    [2, 12, 20, 2, 3],
    [10, 60, 41, 9, 3],
    [21, 184, 116, 25, 15],
    [9, 18, 20, 4, 0],
    [6, 32, 22, 4, 5],
    [19, 82, 147, 18, 11],
    [33, 403, 328, 88, 39],
    [21, 201, 147, 42, 15],
    [0, 14, 6, 2, 1],
    [0, 10, 10, 0, 2],
    [7, 27, 58, 7, 3],
    [100, 339, 472, 69, 53],
    [16, 66, 85, 12, 9],
    [65, 292, 223, 26, 29],
    [1, 2, 4, 0, 1],
    [0, 7, 8, 6, 0],
    [76, 277, 122, 29, 26],
    [227, 1889, 928, 143, 122],
    [167, 1343, 747, 147, 110],
    [0, 7, 3, 2, 0]
  ],
  "method": "mcmc",
  "mcmc_stepsize": 3000,
  "mcmc_samples": 1000,
  "burn_in": 10000,
  "cond_prob": [
    [
      [0.10101258261, 0.1360421796, 0.37443525143, 0.3823854341, 0.0061245522571],
      [0.0014711778807, 0.14035781048, 0.43970294721, 0.40016107397, 0.018306990459],
      [0.0019445304556, 0.10597271628, 0.48439097507, 0.38597010931, 0.021721668886],
      [0.0024909266752, 0.033509624855, 0.37751936596, 0.57600010511, 0.010479977401],
      [0.00103171429, 0.018747897646, 0.34625119637, 0.48997395416, 0.14399523753]
    ],
    [
      [0.045675537744, 0.10351574285, 0.25274395813, 0.55980040861, 0.038264352665],
      [0.00075744562187, 0.14684425451, 0.25387730713, 0.54325605582, 0.055264936928],
      [0.0011076117293, 0.078409009541, 0.25192145062, 0.62091943265, 0.047642495462],
      [0.00029035551628, 0.011140680866, 0.24653515606, 0.56728740473, 0.17474640283],
      [0.0016522676537, 0.085561574841, 0.27175228945, 0.5013170989, 0.13971676915]
    ],
    [
      [0.010295181442, 0.10380765313, 0.30960388068, 0.54736107597, 0.028932208785],
      [0.0080200225324, 0.13508673351, 0.2611811331, 0.57972015765, 0.015991953207],
      [0.01255638248, 0.12997310384, 0.3048049202, 0.53371704975, 0.018948543732],
      [0.01130105493, 0.1253425839, 0.29640183647, 0.55357641232, 0.013378112379],
      [0.0019377537128, 0.066060351131, 0.30249384474, 0.56816059812, 0.061347452299]
    ],
    [
      [0.043734284223, 0.073686034909, 0.36344714557, 0.49723331245, 0.021899222844],
      [0.016831455054, 0.079291279266, 0.39010806403, 0.48972489238, 0.024044309278],
      [0.027544358523, 0.082340155681, 0.38539681438, 0.47712959079, 0.027589080624],
      [0.028130174678, 0.059187469179, 0.40020063094, 0.50068169269, 0.011800032515],
      [0.016264098351, 0.047164303625, 0.38822537628, 0.50107219242, 0.047274029324]
    ],
    [
      [0.055555555556, 0.066666666667, 0.30555555556, 0.54444444444, 0.027777777778],
      [0.050083472454, 0.067612687813, 0.30884808013, 0.54424040067, 0.029215358932],
      [0.049875311721, 0.06608478803, 0.31172069825, 0.54364089776, 0.028678304239],
      [0.047337278107, 0.065088757396, 0.30769230769, 0.55621301775, 0.023668639053],
      [0.039473684211, 0.065789473684, 0.30263157895, 0.53947368421, 0.052631578947]
    ],
    [
      [0.11764705882, 0.029411764706, 0.20588235294, 0.64705882353, 7.158093163e-19],
      [0.042986425339, 0.0407239819, 0.22850678733, 0.66063348416, 0.027149321267],
      [0.040816326531, 0.030612244898, 0.24489795918, 0.65816326531, 0.025510204082],
      [0.037037037037, 0.018518518519, 0.22222222222, 0.7037037037, 0.018518518519],
      [9.9565917531e-17, 1.3482997655e-16, 0.1875, 0.625, 0.1875]
    ],
    [
      [0.055829252774, 0.031371369966, 0.48927228003, 0.39366136659, 0.029865730643],
      [0.07815405888, 0.02715495673, 0.41181682679, 0.42526617805, 0.057607979546],
      [0.06011087669, 0.014461831132, 0.47628283542, 0.40371242804, 0.045432028712],
      [0.028878714532, 0.012761194306, 0.44275321897, 0.46857574376, 0.047031128427],
      [0.031541481121, 0.017199491079, 0.39728330813, 0.41908688265, 0.13488883701]
    ],
    [
      [0.1253280741, 0, 0.24884575201, 0.62582617389, 0],
      [0.060838338409, 0, 0.29458591939, 0.6445757422, 0],
      [0.069333179426, 0, 0.31253302444, 0.61813379613, 0],
      [0.059345218451, 0, 0.33252333729, 0.60813144426, 0],
      [0, 0, 0, 0, 0]
    ],
    [
      [0.10344821194, 0.068965480976, 0.27586203646, 0.55172421042, 6.0206249805e-08],
      [0.036585358759, 0.060975595654, 0.31097571548, 0.56707309158, 0.024390238533],
      [0.0300000037, 0.049999987283, 0.31999980919, 0.58000018026, 0.020000019563],
      [1.0630697703e-07, 0.050000041396, 0.30000010069, 0.59999974266, 0.050000008943],
      [6.5157362035e-08, 4.7601993125e-07, 0.25000008389, 0.49999975, 0.24999962493]
    ],
    [
      [0.13333333333, 0.033333333333, 0.33333333333, 0.5, 1.8208447002e-14],
      [0.057575757576, 0.060606060606, 0.34848484848, 0.51515151515, 0.018181818182],
      [0.055335968379, 0.055335968379, 0.35968379447, 0.51383399209, 0.01581027668],
      [0.044444444444, 0.044444444444, 0.33333333333, 0.55555555556, 0.022222222222],
      [5.890560209e-14, 6.3849580597e-15, 0.33333333333, 0.5, 0.16666666667]
    ],
    [
      [0, 0, 0, 0, 0],
      [0.12747284663, 0.12890187659, 0.12476833703, 0.61885693974, 0],
      [0.13445925589, 0.1170387291, 0.14021629904, 0.60828571597, 0],
      [0.1007036643, 0.10955001135, 0.11117367876, 0.67857264558, 0],
      [0, 0, 0, 0, 0]
    ],
    [
      [0.13681193311, 0.035368804849, 0.3488927699, 0.37185396791, 0.10707252423],
      [0.10713589088, 0.03921427811, 0.37835833663, 0.35394345295, 0.12134804143],
      [0.10360218763, 0.035270726909, 0.39794424769, 0.33253204189, 0.13065079588],
      [0.071916255559, 0.022747171998, 0.34312846352, 0.45670949502, 0.1054986139],
      [0.069106967845, 0.020447419922, 0.3344893013, 0.24201144806, 0.33394486288]
    ],
    [
      [0, 0.14459815364, 0.17540593333, 0.63673576042, 0.043260152613],
      [0, 0.11268771396, 0.23589038964, 0.59784509441, 0.053576801991],
      [0, 0.12730915708, 0.22934048343, 0.59731425654, 0.046036102955],
      [0, 0.072495349627, 0.20644820711, 0.61300874247, 0.10804770079],
      [0, 0.037041292245, 0.24643341653, 0.59080292828, 0.12572236295]
    ],
    [
      [0.081910274816, 0.238159755, 0.1898555569, 0.36611206511, 0.12396234818],
      [0.040255424221, 0.20642668006, 0.21644812897, 0.36732362128, 0.16954614546],
      [0.042649880551, 0.20387709072, 0.21817642748, 0.36004809474, 0.17524850651],
      [0.052761373063, 0.14095192027, 0.22652674786, 0.43788575699, 0.14187420182],
      [0, 0, 0, 0, 0]
    ],
    [
      [0.057851239669, 0.04958677686, 0.35537190083, 0.5041322314, 0.03305785124],
      [0.040745052386, 0.048894062864, 0.36321303842, 0.51105937136, 0.036088474971],
      [0.040559440559, 0.046153846154, 0.36643356643, 0.51048951049, 0.036363636364],
      [0.039603960396, 0.039603960396, 0.35643564356, 0.52475247525, 0.039603960396],
      [0.039215686275, 0.039215686275, 0.35294117647, 0.50980392157, 0.058823529412]
    ],
    [
      [0.076080528849, 0.04742121598, 0.31571728408, 0.53455488998, 0.026226081113],
      [0.02255019071, 0.076189854908, 0.43512038062, 0.45898093204, 0.0071586417241],
      [0.039786278775, 0.034612188857, 0.45319633317, 0.45947208003, 0.012933119168],
      [0.013535264115, 0.089100035721, 0.49763602191, 0.37804369818, 0.021684980078],
      [0.0072046360066, 0.015828226961, 0.33961794601, 0.49386971163, 0.1434794794]
    ],
    [
      [0.084112149533, 0.03738317757, 0.31775700935, 0.53271028037, 0.028037383178],
      [0.064035087719, 0.043859649123, 0.32105263158, 0.53859649123, 0.032456140351],
      [0.064102564103, 0.042307692308, 0.32307692308, 0.53846153846, 0.032051282051],
      [0.059405940594, 0.039603960396, 0.32673267327, 0.54455445545, 0.029702970297],
      [0.054054054054, 0.040540540541, 0.31081081081, 0.54054054054, 0.054054054054]
    ],
    [
      [0.052961209243, 0.065336295667, 0.29022803348, 0.57210959921, 0.0193648624],
      [0.024812586458, 0.056486063966, 0.35816485484, 0.52773552596, 0.032800968782],
      [0.030968608162, 0.058301803005, 0.39701715682, 0.49123234555, 0.02248008646],
      [0.01562655926, 0.052809336046, 0.3537618464, 0.53719484603, 0.040607412266],
      [0.016920516496, 0.038214004096, 0.37988705692, 0.50633235696, 0.058646065534]
    ],
    [
      [0.042553191489, 0.085106382979, 0.27659574468, 0.56382978723, 0.031914893617],
      [0.025316455696, 0.088607594937, 0.28607594937, 0.56455696203, 0.035443037975],
      [0.023166023166, 0.092664092664, 0.28571428571, 0.56370656371, 0.034749034749],
      [1.7486399845e-15, 0.064516129032, 0.32258064516, 0.58064516129, 0.032258064516],
      [2.1595379269e-15, 0.085714285714, 0.28571428571, 0.57142857143, 0.057142857143]
    ],
    [
      [0.033001448683, 0.10708538712, 0.31754981941, 0.50255093061, 0.039812414177],
      [0.0017118454703, 0.066037069352, 0.32935730508, 0.55652801805, 0.046365762051],
      [0.013940497418, 0.076500913061, 0.37323915673, 0.50585054691, 0.030468885882],
      [0.01131098888, 0.03355035297, 0.18325719852, 0.71227072556, 0.059610734064],
      [0.0062134371189, 0.039191855408, 0.38804899283, 0.42040894098, 0.14613677366]
    ],
    [
      [0, 0, 0, 0, 0],
      [0.069336550067, 0, 0.18343865505, 0.6077273702, 0.13949742469],
      [0.067134914052, 0, 0.21646369218, 0.58757789983, 0.12882349394],
      [0.055917332609, 0, 0.20857363081, 0.61022050482, 0.12528853176],
      [0, 0, 0, 0, 0]
    ],
    [
      [0, 0, 0, 0, 0],
      [0, 0.041634164944, 0.34509268477, 0.61327315029, 0],
      [0, 0.035823094896, 0.35792031436, 0.60625659074, 0],
      [0, 0.037043864291, 0.33188902139, 0.63106711432, 0],
      [0, 0.025216408799, 0.29684520455, 0.67793838665, 0]
    ],
    [
      [0.36054589434, 0.0045221686376, 0.27791137648, 0.31844708744, 0.038573473097],
      [0.06416052501, 0.020887218283, 0.3764821598, 0.48149260022, 0.056977496693],
      [0.060903167803, 0.0064293721818, 0.40353426603, 0.47376611478, 0.055367079214],
      [0.030901658095, 0.0028232923455, 0.37631465463, 0.55736988809, 0.032590506843],
      [0.030060229611, 0.0090518738945, 0.27747702207, 0.475799003, 0.20761187143]
    ],
    [
      [0.18181817686, 0.090909100584, 0.18181817704, 0.54545454043, 5.0904387079e-09],
      [0.038461538688, 0.067307691001, 0.22115384587, 0.62019230931, 0.052884615128],
      [0.038961036909, 0.051948051246, 0.23376623519, 0.62337662194, 0.051948054707],
      [2.588005093e-09, 0.045454545618, 0.18181817937, 0.72727272926, 0.045454543168],
      [9.0376225754e-09, 1.7989464083e-08, 0.16666667126, 0.58333331544, 0.24999998627]
    ],
    [
      [0.090909090909, 0.060606060606, 0.30303030306, 0.51515151511, 0.030303030313],
      [0.03831417625, 0.061302681991, 0.3333333333, 0.52873563221, 0.038314176245],
      [0.037837837827, 0.05405405405, 0.34054054058, 0.5297297297, 0.037837837842],
      [0.037037037062, 0.037037037074, 0.33333333327, 0.55555555557, 0.037037037025],
      [4.6569566887e-14, 0.04761904762, 0.28571428578, 0.5714285714, 0.095238095206]
    ],
    [
      [0.15229930429, 0.00076791107137, 0.16172491584, 0.68470479197, 0.00050307683591],
      [0.061107804451, 0.046097711792, 0.17444084496, 0.70270702991, 0.01564660889],
      [0.0063792683101, 0.0026657706736, 0.30302090072, 0.68546107855, 0.0024729817466],
      [0.0056795674497, 0.00082900807324, 0.14259365684, 0.84972140306, 0.0011763645754],
      [0.0056984197432, 0.0074811851784, 0.012262570458, 0.7825735484, 0.19198427622]
    ],
    [
      [0.047058823529, 0.058823529412, 0.25882352941, 0.6, 0.035294117647],
      [0.034805890228, 0.061579651941, 0.25970548862, 0.60374832664, 0.04016064257],
      [0.031518624642, 0.060171919771, 0.26361031519, 0.60458452722, 0.040114613181],
      [0.027397260274, 0.054794520548, 0.27397260274, 0.61643835616, 0.027397260274],
      [0.021739130435, 0.04347826087, 0.23913043478, 0.60869565217, 0.086956521739]
    ],
    [
      [0.1, 0.05, 0.3, 0.525, 0.025],
      [0.049853372434, 0.046920821114, 0.3137829912, 0.54252199413, 0.046920821114],
      [0.048387096774, 0.040322580645, 0.3185483871, 0.54838709677, 0.04435483871],
      [0.035714285714, 0.035714285714, 0.30357142857, 0.57142857143, 0.053571428571],
      [0.037037037037, 0.037037037037, 0.2962962963, 0.51851851852, 0.11111111111]
    ],
    [
      [0.11475409836, 0.065573770492, 0.27868852459, 0.50819672131, 0.032786885246],
      [0.072072072072, 0.075075075075, 0.29429429429, 0.51951951952, 0.039039039039],
      [0.073275862069, 0.064655172414, 0.30172413793, 0.52155172414, 0.038793103448],
      [0.063492063492, 0.063492063492, 0.28571428571, 0.55555555556, 0.031746031746],
      [0.045454545455, 0.045454545455, 0.27272727273, 0.5, 0.13636363636]
    ],
    [
      [0.064935064935, 0.077922077922, 0.33766233766, 0.48051948052, 0.038961038961],
      [0.055555555556, 0.083333333333, 0.33641975309, 0.48148148148, 0.043209876543],
      [0.051724137931, 0.079310344828, 0.34482758621, 0.47931034483, 0.044827586207],
      [0.049180327869, 0.065573770492, 0.32786885246, 0.50819672131, 0.049180327869],
      [0.041666666667, 0.0625, 0.33333333333, 0.47916666667, 0.083333333333]
    ],
    [
      [0.073170731748, 0.048780487797, 0.34146341468, 0.51219512187, 0.024390243902],
      [0.0427631579, 0.046052631571, 0.3519736842, 0.5230263158, 0.036184210531],
      [0.045267489698, 0.037037037044, 0.35802469136, 0.5267489712, 0.032921810697],
      [0.040816326531, 0.040816326531, 0.34693877552, 0.53061224489, 0.040816326531],
      [0.04347826087, 4.3463934422e-11, 0.34782608693, 0.52173913045, 0.086956521711]
    ],
    [
      [0.090909090909, 0.051948051948, 0.28571428571, 0.54545454545, 0.025974025974],
      [0.066860465116, 0.050872093023, 0.29651162791, 0.5523255814, 0.033430232558],
      [0.064876957494, 0.049217002237, 0.29530201342, 0.55704697987, 0.03355704698],
      [0.062015503876, 0.046511627907, 0.29457364341, 0.55813953488, 0.038759689922],
      [0.065217391304, 0.04347826087, 0.28260869565, 0.54347826087, 0.065217391304]
    ],
    [
      [0.11111110864, 0.037037038122, 0.22222222149, 0.59259259786, 0.03703703389],
      [0.048951049316, 0.062937050804, 0.22377623671, 0.61538462127, 0.048951041908],
      [0.036585368691, 0.048780481528, 0.2439024289, 0.62195121327, 0.048780507613],
      [0.045454534538, 0.045454563658, 0.22727270502, 0.63636363709, 0.045454559693],
      [1.2276498212e-09, 1.0111239724e-07, 0.22222219391, 0.61111108405, 0.1666666197]
    ],
    [
      [0, 0.17246206737, 0.36209386918, 0.46544406345, 0],
      [0, 0.15799626067, 0.38466646134, 0.457337278, 0],
      [0, 0.1429084838, 0.3927788543, 0.4643126619, 0],
      [0, 0, 0, 0, 0],
      [0, 0.12162052951, 0.43373086778, 0.44464860271, 0]
    ],
    [
      [0.090909090909, 0.045454545455, 0.22727272727, 0.59090909091, 0.045454545454],
      [0.051359516616, 0.051359516616, 0.24471299094, 0.60725075529, 0.045317220544],
      [0.049689440994, 0.049689440994, 0.24844720497, 0.60869565217, 0.04347826087],
      [0.044444444444, 0.044444444444, 0.24444444444, 0.62222222222, 0.044444444445],
      [0.041666666667, 0.041666666667, 0.20833333333, 0.625, 0.083333333334]
    ],
    [
      [0.25418667487, 0.029956409135, 0.27735491979, 0.42941284383, 0.0090891523753],
      [0.071270005311, 0.11677197303, 0.29899548678, 0.47709087495, 0.03587165993],
      [0.063856547595, 0.093219227451, 0.35766349722, 0.4442229827, 0.041037745038],
      [0.0066549900115, 0.089761272205, 0.3172937261, 0.57732923902, 0.0089607726662],
      [0.011930679246, 0.0026478672737, 0.12901815142, 0.37079418659, 0.48560911547]
    ],
    [
      [0, 0, 0, 0, 0],
      [0.13310924242, 0, 0.23593642622, 0.63095433136, 0],
      [0.13602346991, 0, 0.26017448447, 0.60380204562, 0],
      [0.10954177763, 0, 0.25728058414, 0.63317763823, 0],
      [0, 0, 0, 0, 0]
    ],
    [
      [0.030016606744, 0.089572698917, 0.43522006432, 0.43272020696, 0.012470423054],
      [0.01691186417, 0.067428212535, 0.38821244863, 0.51337083498, 0.014076639688],
      [0.019288130635, 0.051285899497, 0.40406533527, 0.50247556586, 0.022885068741],
      [0.033242817079, 0.045799652166, 0.38388216206, 0.52282981842, 0.014245550277],
      [0.016507253003, 0.041698000027, 0.37947784053, 0.50201077659, 0.060306129855]
    ],
    [
      [0.23665148736, 0.032534709805, 0.13399221099, 0.56746185815, 0.029359733694],
      [0.16873418829, 0.03355834211, 0.16733714709, 0.60236933173, 0.02800099078],
      [0.15511314617, 0.037643218692, 0.17938505298, 0.60480057295, 0.023058009207],
      [0.15424221125, 0.026188712062, 0.1526532694, 0.63663982627, 0.030275981015],
      [0.084268005261, 0.031651562157, 0.12954809636, 0.65617646167, 0.098355874554]
    ],
    [
      [0, 0, 0, 0, 0],
      [0.13382526291, 0.048087050017, 0.25979134462, 0.48523341655, 0.073062925894],
      [0.14104309125, 0.039811137332, 0.26634161863, 0.47649375986, 0.07631039293],
      [0.1211477908, 0.040229844834, 0.25125100611, 0.5180617895, 0.069309568755],
      [0.092809862387, 0.037441168777, 0.25343708466, 0.44414018319, 0.17217170099]
    ],
    [
      [0.065217391304, 0.04347826087, 0.30434782609, 0.5652173913, 0.021739130435],
      [0.027713625866, 0.050808314088, 0.32563510393, 0.56351039261, 0.03233256351],
      [0.027397260274, 0.044520547945, 0.33219178082, 0.56506849315, 0.030821917808],
      [0.025, 0.025, 0.325, 0.6, 0.025],
      [2.1012426819e-18, 0.041666666667, 0.29166666667, 0.54166666667, 0.125]
    ],
    [
      [0.068181818182, 0.068181818182, 0.29545454545, 0.52272727273, 0.045454545455],
      [0.044806517312, 0.063136456212, 0.31568228106, 0.52953156823, 0.046843177189],
      [0.045161290323, 0.061290322581, 0.31612903226, 0.52903225806, 0.048387096774],
      [0.038461538462, 0.057692307692, 0.30769230769, 0.55769230769, 0.038461538462],
      [0.038461538462, 0.038461538462, 0.30769230769, 0.5, 0.11538461538]
    ],
    [
      [0.13636363636, 4.9110676321e-16, 0.27272727273, 0.54545454545, 0.045454545455],
      [0.053864168618, 0.035128805621, 0.31615925059, 0.54800936768, 0.046838407494],
      [0.054744525547, 0.029197080292, 0.32116788321, 0.54744525547, 0.047445255474],
      [0.055555555556, 0.018518518519, 0.33333333333, 0.55555555556, 0.037037037037],
      [0.034482758621, 1.5519234065e-20, 0.31034482759, 0.55172413793, 0.10344827586]
    ],
    [
      [0, 0, 0, 0, 0],
      [0, 0, 0.39640900188, 0.54551603857, 0.058074959543],
      [0, 0, 0.41091294252, 0.52499193072, 0.064095126761],
      [0, 0, 0, 0, 0],
      [0, 0, 0.37775427043, 0.46539599926, 0.15684973031]
    ],
    [
      [0.0532610105, 0.21311166337, 0.39052280534, 0.29753152651, 0.045572994283],
      [0.056391415471, 0.16592391709, 0.39842602655, 0.32627031226, 0.052988328628],
      [0.049759854599, 0.14288872999, 0.42422293349, 0.34129953232, 0.041828949595],
      [0.044734108398, 0.17337776791, 0.43950128462, 0.29282143377, 0.049565405292],
      [0.044038561521, 0.1260531775, 0.35812694387, 0.35935322864, 0.11242808847]
    ],
    [
      [0.097629286584, 0.20358173649, 0.20288661683, 0.48667796166, 0.0092243984267],
      [0.017735847934, 0.11597934752, 0.29541799901, 0.53890442253, 0.031962383014],
      [0.022403291297, 0.096089564327, 0.31897125765, 0.53401019578, 0.028525690946],
      [0.0032781543662, 0.0066212019681, 0.32835737257, 0.65757560271, 0.0041676683818],
      [0.0038393085468, 0.0020529429506, 0.071005324784, 0.32878552682, 0.5943168969]
    ],
    [
      [0.14285713583, 0.047619045761, 0.28571426732, 0.52380954986, 1.2335255898e-09],
      [0.048913042433, 0.054347824265, 0.31521738941, 0.54347826333, 0.038043480565],
      [0.043103448423, 0.043103448034, 0.32758621239, 0.55172413444, 0.03448275672],
      [0.04000000571, 0.040000003076, 0.27999999468, 0.59999999215, 0.04000000439],
      [1.2020718494e-08, 2.1694544987e-08, 0.26666668207, 0.53333330682, 0.19999997739]
    ],
    [
      [0.027781796077, 0.12582830747, 0.37149220632, 0.44012992005, 0.034767770082],
      [0.0092609378711, 0.13045634294, 0.38072844676, 0.44015820836, 0.039396064073],
      [0.02679804265, 0.11051522673, 0.40513018973, 0.41583533857, 0.041721202311],
      [0.011826525155, 0.077256631305, 0.42521357669, 0.44981904942, 0.03588421743],
      [0, 0, 0, 0, 0]
    ],
    [
      [0.2458992705, 0.14570640973, 0.20442315696, 0.3769204313, 0.027050731503],
      [0.037627801977, 0.0848206336, 0.30138264228, 0.48242038406, 0.093748538084],
      [0.051572173966, 0.052201023381, 0.31718940857, 0.48424771514, 0.094789678944],
      [0.020980782777, 0.036589437072, 0.27395216639, 0.64509667735, 0.023380936412],
      [0.020400751074, 0.023344200747, 0.21104817022, 0.41343773598, 0.33176914197]
    ],
    [
      [0.10522636453, 0.052613131018, 0.47364749374, 0.31588149559, 0.052631515125],
      [0.060975582588, 0.073170716836, 0.47560132223, 0.34146337229, 0.04878900605],
      [0.054426511474, 0.054419382762, 0.49659855001, 0.34013376717, 0.054421788589],
      [0.055536277727, 3.8984186657e-05, 0.44444468605, 0.44444398409, 0.055536067949],
      [3.1919641435e-05, 6.8065867487e-08, 0.4546725451, 0.36350905167, 0.18178641553]
    ],
    [
      [0.12121212121, 0.030303030303, 0.33333333333, 0.48484848485, 0.030303030303],
      [0.06699751861, 0.052109181141, 0.33498759305, 0.50372208437, 0.042183622829],
      [0.064024390244, 0.051829268293, 0.34146341463, 0.50304878049, 0.039634146341],
      [0.056818181818, 0.045454545455, 0.32954545455, 0.53409090909, 0.034090909091],
      [0.051282051282, 0.025641025641, 0.33333333333, 0.48717948718, 0.10256410256]
    ],
    [
      [0.095238095145, 0.047619049561, 0.33333332763, 0.52380952567, 1.9874497053e-09],
      [0.049751244988, 0.054726367758, 0.33830845549, 0.53233831008, 0.02487562169],
      [0.040816325131, 0.061224490569, 0.3401360583, 0.53061224167, 0.02721088433],
      [0.023809522974, 0.047619045832, 0.35714285216, 0.54761905419, 0.023809524851],
      [8.600484727e-12, 7.8633689094e-11, 0.33333334705, 0.53333332231, 0.13333333055]
    ],
    [
      [0, 0, 0, 0, 0],
      [0.13837336795, 0.051337672313, 0.20866421003, 0.5611830255, 0.040441724207],
      [0.12184990218, 0.030724421754, 0.2381677618, 0.57366461218, 0.035593302083],
      [0.12156127197, 0.037231244222, 0.22724604477, 0.58068227432, 0.033279164721],
      [0.088550891649, 0.022463568653, 0.1952023993, 0.54008542123, 0.15369771916]
    ],
    [
      [0, 0, 0, 0, 0],
      [0, 0.095867622585, 0.35924534, 0.46783459329, 0.077052444121],
      [0, 0.091325276787, 0.37501105178, 0.44962853158, 0.084035139854],
      [0, 0, 0, 0, 0],
      [0, 0.064035503141, 0.32871804108, 0.41268437566, 0.19456208012]
    ],
    [
      [0.27389609865, 0.0042077676783, 0.42856751197, 0.27523897285, 0.018089648849],
      [0.06300321521, 0.068998745971, 0.4411047626, 0.38685909604, 0.040034180183],
      [0.056875384658, 0.035749537488, 0.46440593187, 0.39041020802, 0.052558937963],
      [0.0112031257, 0.0035022619191, 0.42986934047, 0.42406739818, 0.13135787373],
      [0.0014821029053, 0.0031968257757, 0.38185646472, 0.33862258155, 0.27484202505]
    ],
    [
      [0.04, 0.09, 0.42, 0.42, 0.03],
      [0.029498525074, 0.094395280236, 0.42182890855, 0.42182890855, 0.032448377581],
      [0.027542372881, 0.093220338983, 0.42372881356, 0.42372881356, 0.031779661017],
      [0.014492753623, 0.086956521739, 0.42028985507, 0.44927536232, 0.028985507246],
      [0.018867924528, 0.075471698113, 0.41509433962, 0.41509433962, 0.075471698113]
    ],
    [
      [0.11777089731, 0.063763090394, 0.3718032899, 0.44369713429, 0.0029655881095],
      [0.00059395536797, 0.10495512574, 0.41100492816, 0.4540523563, 0.02939363444],
      [0.00034065785063, 0.08230280021, 0.43374053772, 0.45969754156, 0.023918462661],
      [0.0036865081573, 0.087151200372, 0.33246920767, 0.57379146521, 0.0029016185883],
      [0.00036339706625, 0.0012444258452, 0.34080510059, 0.44151130228, 0.21607577422]
    ],
    [
      [0.061538461569, 0.10769230759, 0.29230769231, 0.50769230763, 0.030769230899],
      [0.034246575334, 0.11301369859, 0.29794520545, 0.51712328781, 0.037671232816],
      [0.031390134502, 0.10762331845, 0.30941704042, 0.51569506713, 0.035874439498],
      [1.0779294895e-10, 0.076923076831, 0.26923076949, 0.61538461511, 0.038461538462],
      [0.034482758745, 0.10344827611, 0.27586206855, 0.51724137931, 0.068965517282]
    ],
    [
      [0, 0.13873347498, 0.39973097268, 0.35896876934, 0.10256678301],
      [0, 0.12337925216, 0.36838819183, 0.40508863176, 0.10314392425],
      [0, 0.12851407409, 0.3931128328, 0.37587890917, 0.10249418394],
      [0, 0, 0, 0, 0],
      [0, 0.10045172435, 0.29104131246, 0.32733833045, 0.28116863273]
    ],
    [
      [0, 0, 0, 0, 0],
      [0.227906092, 0.05560545437, 0.32764260785, 0.38884584578, 0],
      [0.24147280226, 0.044458067276, 0.34902948027, 0.3650396502, 0],
      [0.24547915633, 0.042516213534, 0.31904431715, 0.39296031299, 0],
      [0, 0, 0, 0, 0]
    ],
    [
      [0.05263157933, 0.11842105213, 0.21052631568, 0.59210526351, 0.02631578935],
      [0.0397111913, 0.11191335762, 0.22021660638, 0.5920577617, 0.036101082999],
      [0.040983606438, 0.10655737693, 0.22950819702, 0.59016393436, 0.032786885247],
      [0.034482758621, 0.10344827574, 0.20689655218, 0.62068965435, 0.03448275911],
      [0.038461538285, 0.076923076753, 0.19230769191, 0.5769230775, 0.11538461555]
    ],
    [
      [0.04845814978, 0.079295154185, 0.25550660793, 0.57268722467, 0.044052863436],
      [0.042879830598, 0.078348332451, 0.25833774484, 0.57384859714, 0.046585494971],
      [0.043103448276, 0.077586206897, 0.25862068966, 0.57435344828, 0.046336206897],
      [0.041958041958, 0.076923076923, 0.25174825175, 0.58041958042, 0.048951048951],
      [0.040983606557, 0.073770491803, 0.25409836066, 0.5737704918, 0.05737704918]
    ],
    [
      [0.059880239521, 0.083832335329, 0.26946107784, 0.53892215569, 0.047904191617],
      [0.046909903202, 0.088607594937, 0.27177959792, 0.54206999255, 0.050632911392],
      [0.046854082999, 0.087014725569, 0.27309236948, 0.5421686747, 0.050870147256],
      [0.040816326531, 0.081632653061, 0.27210884354, 0.55782312925, 0.047619047619],
      [0.045454545455, 0.081818181818, 0.26363636364, 0.53636363636, 0.072727272727]
    ],
    [
      [0, 0, 0, 0, 0],
      [0.17514717267, 0, 0.2454288478, 0.57942397953, 0],
      [0.15387554333, 0, 0.25758837235, 0.58853608432, 0],
      [0.15617158066, 0, 0.25461647418, 0.58921194515, 0],
      [0, 0, 0, 0, 0]
    ]
  ],
  "expected_outcome": [
    [
      [0.80810066088, 0.91351075489, 0.11324699586, 0.26240570534, 10, 4, 0.11165850555, 0.1253280741, 2.9999981462, 4, 0, 0.41043579934, 0, 0.40955137408, 7, 0.83688581734, 9, 0.10592241849, 4, 0.33001448683, 0, 0, 1.4421835774, 1.9999999454, 3, 1.9798909557, 4, 4, 7, 5, 3.0000000017, 7, 2.9999999332, 0, 2, 1.7793067241, 0, 0.15008303372, 0.47330297472, 0, 3, 3, 3, 0, 0.106522021, 0.97629286584, 2.9999998523, 0.2500361647, 1.475395623, 1.999300926, 4, 1.9999999981, 0, 0, 1.9172726906, 4, 1.8843343569, 4.000000002, 0, 0, 4.0000000291, 11, 10, 0],
      [1.0883374368, 2.0703148571, 1.1418841844, 0.44211620945, 12, 1, 0.062742739931, 0, 1.9999989483, 1, 0, 0.10610641455, 1.4459815364, 1.190798775, 6, 0.52163337578, 4, 0.13067259133, 8, 1.0708538712, 0, 0, 0.01808867455, 1.0000001064, 2, 0.0099828439278, 5, 2, 4, 6, 1.9999999997, 4, 1.0000000293, 0.6898482695, 1, 0.20969486395, 0, 0.44786349458, 0.06506941961, 0, 2, 3, 1.0804348791e-14, 0, 0.42622332675, 2.0358173649, 0.99999996098, 1.1324547673, 0.87423845838, 0.99964948935, 1, 1.0000000408, 0, 0, 0.029454373748, 9, 1.0202094463, 6.9999999936, 0.13873347498, 0, 8.9999999615, 18, 14, 0],
      [2.9954820115, 5.0548791626, 3.4056426875, 2.1806828734, 55, 7, 0.97854456006, 0.24884575201, 7.9999990574, 10, 0, 1.0466783097, 1.7540593333, 0.94927778448, 43, 3.4728901249, 34, 0.58045606696, 26, 3.1754981941, 0, 0, 1.1116455059, 1.9999999474, 10.000000001, 2.1024239059, 22, 12, 17, 26, 14.000000002, 22, 5.9999999804, 1.4483754767, 5, 1.9414844386, 0, 2.1761003216, 0.26798442198, 0, 14, 13, 6, 0, 0.78104561067, 2.0288661683, 5.9999996138, 3.3434298569, 1.2265389418, 8.999302381, 11, 6.9999998803, 0, 0, 2.9999725838, 42, 5.9488526384, 19, 0.39973097268, 0, 15.9999999919, 58, 45, 0],
      [3.0590834728, 11.1960081722, 6.0209718356, 2.9833998747, 98, 22, 0.78732273317, 0.62582617389, 16.0000021021, 15, 0, 1.1155619037, 6.3673576042, 1.8305603255, 61, 5.8801037897, 57, 1.1442191984, 53, 5.0255093061, 0, 0, 1.2737883498, 5.9999999447, 16.9999999987, 8.9011622956, 51, 21, 31, 37, 20.9999999966, 42, 16.0000001421, 1.8617762538, 13, 3.0058899068, 0, 2.1636010348, 1.1349237163, 0, 26, 23, 12, 0, 0.59506305301, 4.8667796166, 11.000000547, 3.9611692805, 2.2615225878, 6.0017484163, 16, 11.0000000391, 0, 0, 1.9266728099, 42, 7.0991541486, 32.999999996, 0.35896876934, 0, 45.0000000269, 130, 90, 0],
      [0.048996418057, 0.76528705331, 0.31825429663, 0.13139533706, 5, 2.4337516754e-17, 0.059731461285, 0, 1.7459812443e-06, 5.4625341007e-13, 0, 0.32121757268, 0.43260152613, 0.61981174091, 4, 0.28848689224, 3, 0.0387297248, 3, 0.39812414177, 0, 0, 0.15429389239, 5.5994825787e-08, 1.0000000003, 0.0065399988669, 3, 1, 2, 3, 1, 2, 0.99999991502, 0, 1, 0.063624066627, 0, 0.062352115272, 0.058719467387, 0, 1, 2, 1, 0, 0.091145988567, 0.092243984267, 2.5904037386e-08, 0.31290993074, 0.16230438902, 0.99999878737, 1, 4.1736443811e-08, 0, 0, 0.12662754195, 3, 0.047449409753, 2.0000000084, 0.10256678301, 0, 1.9999999906, 10, 8, 0]
    ],
    [
      [0.077972427675, 0.041659509203, 0.38496108155, 0.23564037075, 60, 19, 1.328619001, 1.3992817834, 5.9999988364, 19, 0.76483707981, 0.85708712707, 0, 0.28178796955, 35, 1.3755616333, 73, 0.39700138333, 10, 0.068473818811, 0.48535585047, 0, 2.1814578503, 8.0000000472, 10.0000000013, 3.8497916804, 26, 17, 24, 18, 13.0000000017, 46, 7.0000000522, 0, 17, 3.9911202974, 0.39932772727, 0.28750169089, 2.1935444477, 1.472077892, 12, 22, 23, 0, 0.67669698566, 1.064150876, 8.9999998076, 0.16669688168, 1.2040896633, 4.9999977722, 27, 10.0000002426, 1.9372271513, 0, 1.7010868107, 10, 0.039201054286, 9.9999999976, 0, 1.595342644, 10.99999999, 81, 63, 1.2260302087],
      [7.4389639554, 8.0764339978, 6.4841632084, 1.1100779097, 81, 18, 0.46163426442, 0, 9.9999976873, 20, 0.77341125954, 0.31371422488, 5.8597611261, 1.4449867605, 42, 4.6475811494, 50, 0.90377702346, 35, 2.6414827741, 0, 0.54124414427, 0.71016542162, 13.9999997282, 15.9999999996, 2.9041558429, 46, 16, 25, 27, 13.9999999977, 35, 8.9999982649, 0.473988782, 17, 6.5392304897, 0, 1.1462796131, 0.43625844743, 0.52895755018, 22, 31, 15, 0, 1.9910870051, 6.9587608511, 9.9999996647, 2.3482141728, 2.7142602752, 5.9999987806, 21, 10.9999999194, 0.71872741238, 0.95867622585, 1.8629661412, 32, 6.9270382988, 32.9999999876, 0.24675850431, 0.38923818059, 31.0000000606, 148, 119, 0],
      [23.3042562022, 13.9632518921, 12.536694389, 5.4615128964, 370, 101, 7.0008860555, 6.775476146, 51.0000173384, 115, 0.7486100222, 3.0268666931, 12.2663002611, 1.5151369028, 312, 26.5423432177, 366, 5.7306376774, 113, 13.1742922031, 1.2840705853, 4.486204902, 12.8003934332, 45.9999999413, 86.9999999919, 10.9897732323, 194, 107, 98, 109, 106.999999997, 204, 32.0000018489, 1.153999384, 81, 16.7437472596, 0.70780927866, 6.5996116267, 2.1753829122, 2.8577047908, 141, 155, 135, 3.567681017, 4.7811123186, 17.7250799404, 57.9999996515, 6.8531120417, 9.644244553, 38.9993084232, 135, 67.9999995528, 2.9212989404, 3.5924534, 11.9098285902, 143, 27.1263252583, 86.9999999912, 0.73677638367, 2.2934982549, 60.9999999685, 488, 365, 1.7180019346],
      [21.2085369203, 29.8790830699, 27.8265675671, 6.8561484933, 652, 292, 7.2295250269, 14.8252420706, 92.9999870185, 170, 3.7131416385, 2.8315476236, 31.0879449093, 2.571265349, 439, 27.9978368544, 614, 8.4437684153, 223, 22.261120722, 4.2540915914, 7.9725509537, 16.3707484073, 129.0000003367, 138.0000000071, 44.2705428843, 451, 185, 173.0000000001, 156, 159.0000000023, 380, 88.0000008412, 1.372011834, 201, 26.7170889972, 1.8928629941, 8.7273041946, 7.8308013125, 5.3375675821, 244, 260, 234, 4.9096443472, 3.9152437471, 32.3342653517, 100.0000004523, 7.9228477505, 15.4374522898, 27.9999965279, 203, 107.0000003254, 7.856562357, 4.6783459329, 10.445195593, 143, 29.9674555156, 151.0000000413, 0.81017726352, 2.7219209205, 163.9999999902, 1084, 728, 4.0559678567],
      [0.97027049432, 3.039571531, 0.76761375394, 0.33662032989, 35, 12, 0.97933565228, 0, 3.9999991194, 6, 0, 0.9707843314, 2.7859937036, 1.1868230182, 31, 0.43667714517, 37, 0.5248155005, 14, 1.854630482, 0.97648197284, 0, 1.9372348876, 10.9999999466, 10, 0.98573636005, 30, 16, 13, 14, 11.0000000013, 23, 6.9999989928, 0, 15, 2.0088129561, 0, 0.23930287469, 0.36401288014, 0.80369218484, 14, 23, 20, 0.52267463588, 0.63585994354, 1.9177429808, 7.000000424, 0.70912915332, 2.9999532187, 4.0006984961, 17, 4.9999999598, 0.5661841389, 0.77052444121, 1.080922865, 11, 1.939979873, 10.9999999824, 0.20628784851, 0, 9.9999999906, 88, 68, 0]
    ],
    [
      [0.095281992325, 0.028797904962, 0.43947338679, 0.41316537785, 40, 8, 1.1421066571, 1.1786640502, 3.00000037, 14, 0.13445925589, 1.4504306268, 0, 0.25589928331, 29, 2.7054669567, 50, 0.46452912243, 6, 0.57156039412, 0.40280948431, 0, 2.0707077053, 2.999999842, 6.999999998, 0.10206829296, 11, 12, 17, 15, 10.9999999967, 29, 3.0000002326, 0, 8, 2.1072660706, 0.27204693983, 0.46291513523, 0.930678877, 1.12834473, 8, 14, 15, 0, 0.99519709198, 0.91853494318, 5.000000017, 0.535960853, 1.1345878272, 8.0006971866, 21, 5.9999997943, 0.73109941308, 0, 3.2987723102, 13, 0.028955917303, 6.999999994, 0, 1.9317824181, 4.9999999854, 40, 35, 0.46162663],
      [5.1926630976, 2.0386342481, 4.5490586343, 1.2351023352, 53, 6, 0.2747747915, 0, 4.9999987283, 14, 0.1170387291, 0.49379017673, 2.2915648274, 1.2232625443, 33, 2.3536288423, 33, 0.87452704507, 24, 3.1365374355, 0, 0.32240785406, 0.21859865418, 3.9999999459, 9.9999999993, 0.042652330777, 21, 10, 15, 23, 9.0000000017, 22, 3.9999994853, 0.71454241899, 8, 3.0762345059, 0, 1.2308615879, 0.22585931215, 0.31848909865, 13, 19, 8, 0, 2.8577745998, 3.9396721374, 4.999999972, 2.2103045347, 1.1484225144, 7.999649266, 17, 9.0000001137, 0.18434653052, 0.91325276787, 2.0734731743, 44, 6.9957380178, 24.000000014, 0.51405629636, 0.35566453821, 12.999999986, 72, 65, 0],
      [23.7351577783, 6.5499577161, 10.668172207, 5.7809522157, 250, 48, 9.049373873, 5.3130614155, 31.9999809193, 91, 0.14021629904, 5.5712194676, 4.1281287017, 1.3090585649, 262, 30.8173506558, 252, 5.9552573524, 74, 15.3028054258, 1.2987821531, 3.2212828293, 13.7201650449, 18.00000011, 63.0000000073, 4.8483344116, 92, 79, 70, 100, 87.0000000014, 132, 19.9999991698, 1.9638942715, 40, 11.8028954083, 0.52034896893, 9.6975680465, 1.0763103179, 2.1307329491, 97, 98, 88, 2.0545647126, 8.4844586699, 13.0778215638, 38.0000006367, 8.1026037947, 6.9781669885, 72.9999868508, 112, 50.0000005706, 1.4290065708, 3.7501105178, 26.9355440486, 200, 36.867945706, 69.000000014, 1.5724513312, 2.7922358421, 28.0000000366, 240, 204, 0.77276511706],
      [18.9125353563, 16.1439052489, 18.6800967413, 7.1569438618, 436, 129, 7.6705361328, 10.5082745342, 58.0000180261, 130, 0.60828571597, 4.6554485865, 10.7516566177, 2.1602885685, 365, 31.2441014418, 420, 7.3684851832, 146, 20.7398724234, 3.525467399, 5.4563093167, 16.1080479024, 47.9999998896, 97.9999999946, 10.9673772567, 211, 136, 120.9999999999, 139, 128.000000001, 249, 50.999999488, 2.3215633095, 98, 14.659358429, 1.2076040912, 12.0594135805, 3.6288034377, 3.8119500789, 165, 164, 150, 2.6249596536, 6.8259906464, 21.8944180268, 63.9999995948, 8.3167067714, 10.6534497331, 49.9996637739, 165, 77.9999995249, 3.4419876731, 4.4962853158, 22.6437920652, 200, 39.0742910327, 114.99999997, 1.5035156367, 2.9203172016, 71.9999999917, 533, 405, 1.7656082529],
      [1.0643617754, 1.238704882, 0.66319903063, 0.41383620936, 23, 5, 0.86320854553, 0, 2.0000019563, 4, 0, 1.8291111424, 0.8286498532, 1.0514910391, 26, 0.8794521034, 25, 0.3372012969, 9, 1.2492243211, 0.77294096364, 0, 1.8824806933, 4.0000002124, 7.0000000007, 0.039567707945, 14, 11, 9, 13, 7.9999999993, 15, 4.0000016243, 0, 7, 1.3542455862, 0, 0.54924164977, 0.13834805524, 0.61048314344, 9, 15, 13, 0.3204756338, 0.83657899189, 1.1695533288, 3.9999997795, 0.83442404622, 2.0853729368, 8.0000029227, 13, 3.9999999965, 0.2135598125, 0.84035139854, 3.0484184018, 15, 2.0330693262, 8.000000008, 0.40997673576, 0, 4.0000000002, 43, 38, 0]
    ],
    [
      [0.012454633376, 0.0011614220651, 0.056505274652, 0.056260349357, 8, 2, 0.25990843078, 0.29672609225, 2.1261395407e-06, 2, 0.1007036643, 0.14383251112, 0, 0.052761373063, 4, 0.067676320577, 12, 0.01562655926, 5.4207839521e-14, 0.01131098888, 0.11183466522, 0, 0.18540994857, 5.6936112046e-08, 1.0000000007, 0.039756972148, 2, 2, 4, 3, 2, 8, 0.99999975983, 0, 2, 0.08651487015, 0.3286253329, 0.066485634158, 1.23393769, 0.1211477908, 1, 2, 3, 0, 0.089468216795, 0.029503389296, 1.0000001427, 0.04730610062, 0.083923131107, 0.99965299909, 5, 0.99999996492, 0.24312254395, 0, 0.078421879898, 1, 0.044238097887, 2.8026166728e-09, 0, 1.472874938, 1, 6, 6, 0.31234316133],
