{
  "Z_true": {},
  "V_true": [
    [47, 48, 1036, 393, 88],
    [17, 811, 145, 1122, 117],
    [112, 254, 528, 11800, 252],
    [69, 75, 5345, 909, 151],
    [132, 81, 1173, 952, 284],
    [644, 18, 822, 684, 97],
    [68, 149, 356, 1172, 644]
  ],
  "p_true": [
    [0.0292, 0.0298, 0.6427, 0.2438, 0.0546],
    [0.0077, 0.3666, 0.0656, 0.5072, 0.0529],
    [0.0087, 0.0196, 0.0408, 0.9115, 0.0195],
    [0.0105, 0.0115, 0.8162, 0.1388, 0.0231],
    [0.0503, 0.0309, 0.4474, 0.3631, 0.1083],
    [0.2843, 0.0079, 0.3629, 0.302, 0.0428],
    [0.0285, 0.0624, 0.149, 0.4906, 0.2696]
  ],
  "Z_est": [
    [
      [0.5131, 1.2411, 0, 0, 0.0781, 0.1805, 0.2901, 0.1256, 0.2392, 0.6583, 0.3596, 0.9459, 0.2146, 0.7168, 1.3387, 0.1086, 0.5362, 0.022, 0.1049, 0.0244, 0.1854, 0.1549, 0.0963, 0.2793, 0.0501, 0.1999, 0.1076, 0.7083, 0.1794, 0.0988, 0.4573, 0.4021, 0.1904, 0.2889, 0.4523, 0.111, 0.0427, 0.2549, 0.011, 0.0927, 0.2866, 0.1658, 0.7082, 0.1354, 0.4778, 0.1134, 0.0258, 1.1345, 0.2157, 1.2213, 0.0049],
      [0.9264, 0.2041, 0, 0.0456, 0.4007, 1.0169, 0.9759, 0.76, 1.4088, 3.221, 0.1926, 2.8735, 0.8168, 1.8759, 1.9503, 0.7556, 2.0823, 0.1785, 0.6859, 0.2482, 1.1563, 0.2442, 0.5792, 1.1086, 0.2874, 0.7101, 0.8883, 1.212, 0.6295, 0.3354, 1.8796, 0.8652, 0.8058, 0.6951, 1.2549, 0.4769, 0.3222, 1.0672, 0.0719, 0.1939, 1.9793, 0.9451, 2.8162, 0.3094, 1.3682, 0.3398, 0.2808, 2.578, 1.0823, 5.238, 1.6318],
      [36.0806, 1.1598, 0, 0.6932, 5.6532, 13.366, 18.5091, 9.0789, 15.9814, 46.354, 5.224, 66.4563, 14.2359, 48.0926, 77.1982, 7.5673, 34.0619, 1.3325, 7.6407, 1.2604, 13.2218, 11.8649, 6.1083, 20.8405, 2.7285, 13.1586, 5.1361, 51.7281, 11.8743, 6.827, 33.6884, 30.8176, 12.8007, 20.6025, 35.0846, 7.8435, 2.701, 18.5074, 0.6837, 6.6118, 19.9625, 11.2536, 48.7635, 10.2862, 33.7085, 8.2446, 0.4599, 76.5972, 15.5262, 77.1141, 18.9663],
      [19.4799, 1.395, 0, 0.2613, 1.868, 4.4366, 12.2249, 3.0356, 5.3706, 20.7668, 2.2238, 32.7243, 7.7328, 26.3146, 36.5129, 2.5685, 23.3196, 0.467, 2.5685, 0.467, 4.4366, 3.7361, 3.2162, 6.7716, 0.934, 7.9314, 1.868, 22.3516, 4.3168, 2.7387, 10.9747, 12.9151, 4.2031, 9.4135, 11.2082, 2.5685, 0.934, 6.1705, 0.2335, 2.1015, 6.7716, 5.6355, 24.7121, 3.2691, 16.4455, 3.3021, 0.2335, 46.6903, 6.7714, 49.4266, 11.3969],
      [0, 0, 0, 0, 0, 0, 0, 0, 0, 0, 0, 0, 0, 0, 0, 0, 0, 0, 0, 0, 0, 0, 0, 0, 0, 0, 0, 0, 0, 0, 0, 0, 0, 0, 0, 0, 0, 0, 0, 0, 0, 0, 0, 0, 0, 0, 0, 0, 0.4044, 0, 0]
    ],
    [
      [0.2194, 0.0165, 0, 0, 0.0878, 0.1207, 0.2084, 0.159, 0.2907, 0.7569, 0.0658, 0.7623, 0.2303, 0.4113, 0.5649, 0.1481, 0, 0.0329, 0, 0.0494, 0.2084, 0.0329, 0.0932, 0.3016, 0.0603, 0.17, 0.2523, 0.2687, 0.1426, 0.0823, 0.4113, 0.2633, 0.192, 0.192, 0.2578, 0.1261, 0.0713, 0.4529, 0.0055, 0.0823, 0.4552, 0.1525, 0.6143, 0.0878, 0.3126, 0.0987, 0.0384, 0.6307, 0.0987, 1.0914, 0],
      [20.9727, 1.9956, 0, 0, 8.9857, 15.0472, 21.2997, 16.6388, 30.6146, 75.223, 4.6529, 71.4034, 20.7973, 41.2712, 52.8808, 15.9714, 47.5961, 3.6597, 17.9158, 5.3238, 23.2885, 3.9912, 10.9768, 28.2987, 6.3227, 16.6433, 23.6379, 26.2965, 14.3118, 7.9891, 41.9341, 20.6377, 18.9726, 17.2355, 26.6235, 11.9847, 7.3216, 27.1376, 0.7039, 4.7868, 45.9298, 19.3204, 62.5686, 7.6597, 30.9551, 8.6254, 4.9271, 60.255, 12.6698, 113.4795, 26.5111],
      [6.4717, 0.1527, 0, 0, 1.7781, 0.3927, 2.9281, 3.2353, 6.7378, 16.0474, 1.2019, 15.0866, 7.5092, 9.8927, 15.8826, 2.3754, 6.6318, 0.3744, 5.6807, 0.7621, 3.5642, 0.1071, 1.1409, 6.172, 1.4646, 2.6918, 5.896, 8.2762, 2.9367, 1.6489, 9.514, 11.1692, 3.3647, 4.5008, 6.708, 3.4547, 1.6901, 7.2877, 0.0178, 2.2949, 8.3202, 2.576, 10.865, 2.5577, 7.3661, 2.0894, 0.1249, 15.308, 0.3213, 15.5588, 2.9773],
      [9.9108, 0.6567, 0, 0, 3.9997, 4.8157, 11.2293, 6.9152, 11.7085, 37.1873, 5.3315, 43.1779, 10.1996, 18.6918, 27.0253, 6.6456, 27.2744, 1.3906, 9.3075, 2.228, 8.318, 1.3134, 3.7212, 16.7579, 2.4078, 9.4703, 12.9258, 10.7258, 6.7022, 4.2692, 18.357, 12.8374, 10.0284, 10.6294, 10.288, 5.8916, 2.8456, 14.6082, 0.2189, 6.4379, 22.6589, 7.9737, 30.8376, 4.4281, 14.7888, 6.031, 1.5323, 31.1594, 3.9401, 55.9548, 9.7594],
      [2.4254, 0.1785, 0, 0, 1.1488, 1.6238, 2.3344, 2.0516, 3.6484, 8.7855, 0.7478, 8.5697, 3.2635, 4.7329, 6.6464, 1.8596, 5.4976, 0.5424, 2.096, 0.6367, 2.6209, 0.5555, 1.0679, 3.4697, 0.7445, 2.0246, 3.288, 3.4328, 1.9068, 1.0106, 4.7835, 3.0924, 2.4424, 2.4424, 3.1228, 1.5429, 1.0713, 3.5136, 0.0539, 1.3982, 5.6359, 1.9774, 7.1146, 1.2667, 3.5775, 1.1555, 0.3773, 7.647, 0.9701, 12.9155, 2.7522]
    ],
    [
      [1.453, 0.0797, 0.0805, 0, 0.0832, 3.0329, 1.7661, 0.0104, 4.4404, 4.451, 0.2254, 1.3323, 0.013, 3.958, 10.8861, 1.0383, 0.0173, 0.2194, 0.0078, 1.6143, 0.3038, 1.8188, 3.3984, 0.1248, 2.0925, 0.7365, 6.4152, 2.9998, 5.0693, 0.5494, 4.3087, 0.1363, 3.764, 0.0173, 0.821, 3.0999, 0.0061, 5.5873, 0.1678, 1.1166, 0.0277, 0.0087, 0.4856, 0.2029, 0.0243, 0.3197, 1.3715, 0.0364, 0.0854, 4.3205, 0.0035],
      [0.0696, 0.765, 0, 0.0302, 1.0362, 10.8552, 2.9302, 1.5155, 4.6661, 6.1339, 0.0151, 0.2299, 0.0666, 2.9803, 0.1694, 1.3643, 2.578, 0.7807, 0.0575, 1.1775, 6.2936, 0.6039, 1.5491, 0.0908, 0.8423, 0.8287, 0.0756, 0.0908, 0.8463, 0.0919, 4.5063, 0.0666, 0.8528, 0.0545, 2.6426, 0.0393, 0.7105, 0.0877, 0.4617, 0.0151, 4.3662, 4.0738, 7.4479, 0.0242, 1.5169, 0.0272, 1.3202, 0.1997, 6.3133, 5.2467, 6.5923],
      [15.475, 0.0824, 0.103, 0.2202, 8.0678, 13.3564, 5.4492, 4.9066, 19.2966, 20.8162, 0.4778, 33.3738, 4.2062, 14.7392, 64.4633, 1.4005, 3.7566, 0.5802, 7.2286, 0.8518, 7.1, 23.2496, 0.7744, 30.2424, 5.3027, 1.5817, 13.6429, 37.4507, 4.9562, 1.0215, 32.4387, 10.8817, 3.2066, 8.2373, 35.4331, 3.5352, 5.2989, 2.9163, 0.6735, 6.8275, 24.8762, 3.0853, 7.8546, 10.4899, 15.1116, 7.0287, 3.7048, 39.4698, 7.966, 8.8807, 1.6476],
      [105.9555, 11.9701, 2.8165, 3.2896, 52.7786, 127.1611, 80.7197, 202.0471, 523.1156, 555.0997, 36.2641, 523.682, 98.4467, 298.2024, 513.6456, 122.7305, 344.7946, 28.4209, 111.668, 28.2896, 229.8743, 137.6622, 67.7103, 316.4542, 91.7443, 137.8234, 359.7023, 452.3211, 281.2808, 87.7232, 442.6013, 190.2353, 281.5387, 239.405, 305.0008, 91.3159, 206.462, 298.1839, 20.7574, 234.1341, 605.5908, 108.7882, 584.2628, 282.3016, 299.2594, 44.5921, 188.8054, 674.2908, 154.865, 669.8121, 138.5734],
      [0.0469, 0.1028, 0, 0.46, 3.0341, 6.5944, 1.1347, 5.5205, 2.4813, 8.4992, 0.0176, 0.3819, 6.2675, 0.1201, 6.8356, 4.4664, 3.8535, 5.9987, 0.0381, 3.0669, 5.4284, 0.6655, 0.5678, 0.0878, 1.0183, 2.0297, 11.164, 0.1376, 1.8474, 0.614, 0.145, 4.6801, 1.6379, 4.2859, 0.1025, 2.0097, 5.5225, 5.2248, 1.9396, 9.9066, 11.1391, 0.0439, 4.9491, 0.9813, 0.0878, 0.0322, 15.7981, 8.0033, 4.7704, 21.7399, 3.1832]
    ],
    [
      [0.5583, 0.0154, 0.4042, 0, 0.1783, 0.4806, 0.2893, 0.0148, 0.8507, 1.2838, 0.8162, 1.7434, 0.0185, 3.2606, 1.781, 0.2998, 0.0247, 0.7491, 0.0111, 0.4306, 0.4294, 0.5065, 1.4892, 0.6194, 0.2492, 0.3405, 0.8441, 2.0387, 0.3368, 0.5483, 1.1018, 0.0185, 0.3738, 0.2325, 1.0666, 0.5744, 0.0086, 0.612, 0.2801, 0.2751, 0.0395, 0.0123, 1.2782, 0.2838, 0.0346, 0.4398, 0.57, 0.0518, 0.3479, 4.4395, 0.0049],
      [0.4887, 0.0216, 0, 0.4302, 0.2628, 0.7195, 0.4298, 0.5773, 1.2511, 1.9252, 0.0032, 0.0493, 0.0143, 1.8147, 0.0364, 2.5003, 1.0654, 0.0688, 0.0123, 0.1553, 0.6369, 0.7446, 2.7196, 0.0195, 0.3591, 0.5105, 0.0162, 1.177, 0.4699, 0.2943, 1.6194, 0.0143, 0.5256, 0.0117, 1.5749, 0.1363, 0.3205, 0.0188, 0.7325, 0.0032, 1.4777, 1.2757, 1.9109, 0.0052, 1.2688, 0.0058, 0.8442, 1.2421, 0.5249, 15.7904, 0.5943],
      [112.2454, 2.6181, 3.5146, 4.951, 33.4388, 89.28, 55.6771, 74.5261, 161.4553, 245.1651, 18.9343, 340.431, 55.6206, 235.3047, 356.5294, 54.0058, 133.8037, 7.3804, 87.2988, 19.2992, 81.7043, 100.5752, 33.7599, 123.9964, 46.2776, 60.8969, 60.9155, 276.9909, 57.7802, 35.9404, 214.8821, 187.6161, 63.6053, 102.2724, 211.7606, 54.107, 40.9903, 112.8163, 6.2846, 50.0414, 189.5373, 55.2888, 245.0442, 53.6471, 171.3921, 26.9924, 105.0674, 304.448, 66.797, 333.048, 66.2518],
      [7.1577, 0.1452, 1.0813, 0.1972, 1.888, 10.9417, 3.0498, 5.107, 13.4453, 20.0551, 8.9349, 30.3743, 3.1466, 23.4645, 19.0249, 4.4842, 12.3514, 0.4841, 11.6059, 1.3722, 4.5505, 6.79, 3.0204, 6.5837, 4.9557, 7.5544, 3.5823, 21.3771, 5.6935, 4.7147, 14.1398, 17.7141, 7.1903, 6.6689, 15.0334, 4.4689, 2.5309, 12.5409, 0.9446, 3.2978, 14.9993, 4.7374, 21.7592, 3.4078, 12.5235, 1.5007, 7.8332, 17.9668, 5.4595, 57.1447, 9.9524],
      [2.5499, 0.1996, 0, 1.4216, 3.2322, 5.5782, 3.554, 5.7748, 9.9976, 16.5708, 1.3113, 15.4019, 6.2, 8.1555, 15.6283, 4.7098, 9.7548, 1.3176, 2.0718, 1.7427, 6.6789, 4.3837, 2.0109, 4.7811, 2.1584, 6.6977, 8.6419, 10.4163, 5.7196, 2.5024, 10.257, 7.637, 6.305, 6.8145, 7.5645, 3.7133, 4.1497, 8.0121, 0.7581, 6.3824, 13.9462, 2.6857, 14.0075, 4.6561, 4.7811, 2.0613, 13.6852, 18.2913, 4.8707, 26.5772, 10.1966]
    ],
    [
      [0.0274, 0.0027, 0, 0, 0.021, 0.0265, 0.011, 0, 0.0924, 0.1171, 0.0064, 0.0897, 0.0247, 0.0704, 0.1479, 0.0329, 0.0549, 0.0027, 0.0192, 0.0055, 0.0576, 0.0494, 0.011, 0.0595, 0.0137, 0.0247, 0.0631, 0.0951, 0.0485, 0.0183, 0.0778, 0.0521, 0.0439, 0.0476, 0.0695, 0.022, 0, 0.0797, 0.0018, 0.0585, 0.0158, 0.0183, 0.1253, 0.0521, 0.0576, 0.0238, 0.0403, 0, 0.0274, 0.1198, 0.0101],
      [0.0036, 0.0004, 0, 0.3317, 0.0028, 0.0035, 0.0014, 0.0054, 0.0121, 0.0153, 0.0008, 0.0117, 0.0032, 0.0092, 0, 0.0043, 0.0072, 0.0004, 0.0025, 0.0007, 0.0075, 0.0065, 0.0014, 0, 0.0018, 0.0032, 0, 0.0125, 0.0063, 0.0024, 0.0102, 0, 0.0057, 0, 0.0091, 0.0029, 0.0047, 0, 0.0002, 0, 0.0117, 0.0024, 0.0164, 0, 0.0075, 0, 0.0053, 0.019, 0.0036, 0.0157, 0.0013],
      [6.9877, 0.5571, 0, 0.4347, 7.8801, 6.8982, 3.626, 9.1681, 20.3388, 26.9231, 1.5991, 25.0091, 6.5356, 18.711, 33.2801, 7.1171, 13.3513, 0.6779, 5.5563, 1.4076, 16.3888, 15.6932, 2.6944, 14.6892, 3.6311, 5.8942, 11.6622, 24.3637, 10.234, 4.2089, 19.6734, 13.8016, 9.6562, 11.1639, 19.0422, 5.199, 7.2774, 15.1397, 0.4864, 11.6155, 20.6788, 4.692, 28.3702, 10.7066, 14.8055, 8.1355, 11.1684, 34.2979, 6.5549, 29.8611, 3.4518],
      [22.0481, 2.3468, 0, 1.1191, 14.3777, 21.1631, 7.9816, 34.4236, 77.4194, 96.9555, 5.1745, 69.8337, 19.5874, 55.8142, 105.1309, 27.7228, 44.7102, 2.2185, 14.7676, 4.3959, 44.5861, 36.578, 8.9183, 48.6915, 10.8862, 20.2338, 47.3675, 76.2991, 41.0615, 15.1475, 62.5955, 41.3735, 36.7964, 39.1677, 54.5186, 18.0263, 30.504, 59.3868, 1.4474, 50.3346, 74.2348, 14.6625, 104.2322, 44.4723, 46.1719, 14.1261, 31.3988, 119.7364, 22.4759, 96.8906, 7.18],
      [0.9332, 0.0929, 0, 0.1145, 0.7184, 0.9087, 0.38, 1.4029, 3.1374, 3.989, 0.2192, 3.0558, 0.8491, 2.3951, 4.441, 1.1228, 1.8765, 0.1005, 0.6544, 0.1903, 1.9599, 1.6729, 0.3749, 1.5598, 0.4672, 0.844, 1.9072, 3.2297, 1.6497, 0.623, 2.6432, 1.7728, 1.4978, 1.6208, 2.3606, 0.7498, 1.2139, 2.3938, 0.0641, 1.9913, 3.0589, 0.6249, 4.2558, 1.769, 1.9574, 0.7146, 1.3873, 4.9466, 0.9382, 4.1128, 0.3568]
    ],
    [
      [12.9892, 0.5309, 0.5153, 0, 5.5272, 8.7759, 9.0697, 8.575, 22.192, 25.9507, 1.5928, 41.0748, 12.2729, 33.8343, 45.8063, 7.7281, 17.7573, 2.0401, 6.815, 3.2209, 13.8708, 9.7406, 2.6547, 19.3704, 9.3636, 6.5473, 18.7325, 35.1206, 17.3356, 7.8612, 32.9474, 11.5092, 19.9635, 15.024, 26.694, 7.6227, 4.8564, 15.3785, 1.3416, 8.3989, 23.2345, 7.1904, 30.9073, 8.3989, 21.4989, 6.1981, 7.7835, 29.9426, 5.5549, 45.2156, 2.844],
      [0.0506, 0.0014, 0, 0.1624, 0.0259, 0.0361, 0.0413, 1.0623, 0.0943, 0.1117, 0.0042, 0.2052, 0.004, 0.1552, 0.0102, 0.0348, 0.1045, 0.0065, 0.04, 0.0111, 0.0691, 0.0405, 0.007, 0.0055, 0.0437, 0.0302, 0.0707, 0.163, 0.0692, 0.0368, 0.157, 0.0589, 0.087, 0.0033, 0.1326, 0.0263, 0.0227, 0.0573, 0.006, 0.0009, 0.1155, 0.0371, 0.1559, 0.0015, 0.1093, 0.0016, 0.0268, 0.1457, 0.0249, 0.2045, 0.0194],
      [15.3223, 0.3615, 0.3824, 0.701, 9.0992, 10.8529, 13.3236, 19.2196, 32.1963, 34.7198, 1.0845, 70.1604, 22.322, 52.0452, 72.7944, 11.1514, 32.7997, 1.5288, 15.3782, 3.0249, 21.7612, 15.2469, 1.8075, 33.4001, 13.6295, 10.4057, 21.5435, 60.91, 21.1672, 11.3705, 51.767, 23.2923, 28.0784, 24.6223, 47.1829, 7.5465, 7.9436, 17.6368, 1.8223, 12.1002, 38.9166, 11.701, 51.4875, 12.5141, 37.4131, 9.2658, 8.2791, 54.3982, 7.828, 66.192, 5.1813],
      [4.5102, 0.1023, 0.1023, 0.1328, 2.2818, 2.25, 3.4647, 9.9922, 7.2773, 6.9546, 0.3068, 24.0331, 13.2984, 17.5627, 16.8626, 3.0005, 16.0791, 0.4091, 3.6661, 0.7159, 9.1246, 2.8637, 0.5114, 10.9762, 6.8471, 1.9432, 6.4713, 15.3728, 8.246, 5.6347, 19.7221, 3.9887, 10.6427, 10.1569, 15.6421, 1.7387, 2.1192, 3.7841, 0.8146, 3.3733, 12.4431, 3.9824, 18.0583, 2.9926, 13.9787, 3.4609, 1.8409, 10.1458, 1.5341, 14.8962, 0.9205],
      [0.1277, 0.0039, 0, 0.0039, 0.0658, 0.0852, 0.1007, 0.151, 0.24, 0.2632, 0.0116, 0.5265, 1.1028, 0.4026, 0.5265, 0.0852, 0.2594, 0.0155, 0.1007, 0.0271, 0.1742, 0.1084, 0.0194, 0.2478, 0.1161, 0.0736, 0.1819, 0.4336, 0.1819, 0.0968, 0.4065, 0.151, 0.2284, 0.1936, 0.3484, 0.0658, 0.0581, 0.1432, 0.0155, 0.1267, 0.2903, 0.089, 0.391, 0.0929, 0, 0.0736, 0.0697, 0.3678, 0.0581, 0.4916, 0.0348]
    ],
    [
      [6.2396, 0.1137, 0, 0, 2.0244, 2.383, 2.3654, 3.1151, 6.8946, 9.7824, 0.9337, 9.0516, 2.226, 6.7484, 7.4751, 2.6442, 1.6096, 0.9337, 2.042, 0.6549, 3.9446, 2.6969, 1.2571, 5.2451, 1.1705, 1.9811, 5.5852, 7.7688, 4.8878, 1.8417, 6.6957, 2.6185, 5.4724, 4.1977, 5.6388, 2.4439, 2.0148, 4.6347, 0.1922, 2.9757, 7.9407, 2.452, 7.8811, 3.8391, 5.5942, 1.8065, 4.1706, 10.204, 2.6699, 14.5917, 1.1326],
      [0.4884, 0.0119, 0, 0, 0.2859, 0.3216, 0.3216, 0.4408, 0.953, 1.3699, 0.131, 1.227, 0.2978, 0.8934, 0.953, 0.3693, 2.5665, 0.3054, 0.2859, 0.0834, 0.548, 0.3693, 0.1668, 0.4769, 0.1429, 0.274, 0.3113, 1.0483, 0.6671, 0.2502, 0.8934, 0.3574, 0.7505, 0, 0.7624, 0.3335, 0.2978, 0.6313, 0.0238, 0, 1.1197, 0.3455, 1.084, 0, 0.7743, 0, 0.5956, 1.5605, 0.3812, 2.0251, 1.6498],
      [7.4173, 0.0683, 0, 0, 1.0828, 1.8538, 1.4868, 1.8655, 3.9938, 5.9744, 0.4784, 7.4827, 1.5705, 5.2146, 7.852, 1.3825, 3.5949, 0.1258, 2.2167, 0.394, 2.2598, 2.2632, 0.7146, 3.6593, 0.966, 1.371, 2.2037, 6.2804, 2.0513, 0.9829, 5.0364, 3.4215, 2.2881, 2.6009, 4.7887, 1.314, 1.0987, 2.6957, 0.0317, 1.5088, 4.7085, 1.4032, 5.615, 1.7985, 5.2032, 1.2435, 2.1954, 8.4809, 2.0067, 8.3454, 1.5239],
      [16.9378, 0.3839, 0, 0, 11.8062, 11.2319, 13.3299, 17.4794, 40.6633, 55.9809, 5.7643, 49.1746, 9.5886, 36.9497, 32.7977, 14.8478, 41.4707, 4.6099, 11.4163, 2.5313, 22.1099, 15.0566, 6.9022, 31.7649, 5.225, 10.0435, 28.0829, 43.5526, 29.6992, 10.772, 36.6096, 10.9359, 33.6005, 24.5586, 31.3089, 13.9901, 11.6042, 25.3257, 0.5835, 15.3207, 45.3016, 15.2202, 43.1378, 25.1286, 33.8322, 10.9871, 21.356, 64.0104, 14.9541, 80.8751, 13.2174],
      [9.9169, 0.4222, 0, 0, 8.8007, 11.2097, 9.4962, 14.0992, 27.4953, 41.8924, 3.6925, 36.0641, 11.3172, 25.1938, 30.9222, 11.7563, 26.7583, 5.0252, 8.0392, 3.3363, 17.1377, 10.614, 4.9592, 19.8538, 4.4955, 9.3304, 22.817, 29.35, 18.6946, 7.1533, 25.7649, 12.6667, 20.8886, 17.6429, 21.5012, 9.9184, 9.9845, 19.7125, 1.1688, 15.1948, 34.9295, 9.5791, 33.2821, 15.2339, 19.5962, 6.9629, 21.6824, 46.7441, 11.9881, 64.1628, 12.4764]
    ]
  ],
  "V_est": [
    [16.5502, 53.9717, 1043.6579, 497.4158, 0.4044],
    [11.3713, 1204.2456, 255.1065, 595.5134, 145.7632],
    [84.1291, 95.2996, 583.7375, 11994.1701, 188.6637],
    [32.6585, 48.6713, 5632.2071, 488.9476, 346.5156],
    [2.1371, 0.5737, 591.2966, 1946.6923, 81.3003],
    [739.3709, 4.092, 1154.8789, 357.2296, 9.4286],
    [202.7829, 29.1461, 144.1154, 1152.0313, 860.9242]
  ],
  "p_est": [
    [0.0103, 0.0335, 0.6474, 0.3086, 0.0003],
    [0.0051, 0.5444, 0.1153, 0.2692, 0.0659],
    [0.0065, 0.0074, 0.0451, 0.9265, 0.0146],
    [0.005, 0.0074, 0.86, 0.0747, 0.0529],
    [0.0008, 0.0002, 0.2255, 0.7424, 0.031],
    [0.3264, 0.0018, 0.5099, 0.1577, 0.0042],
    [0.0849, 0.0122, 0.0603, 0.4822, 0.3604]
  ],
  "EI_Z": {},
  "EI_V": 10.3201,
  "MAE_Z": {},
  "MAE_V": 180.4252,
  "MAE_p": 0.0641,
  "runtime": 2.2399
}
