{
  "Z_true": {},
  "V_true": [
    [47, 48, 1036, 393, 88],
    [17, 811, 145, 1122, 117],
    [112, 254, 528, 11800, 252],
    [69, 75, 5345, 909, 151],
    [132, 81, 1173, 952, 284],
    [644, 18, 822, 684, 97],
    [68, 149, 356, 1172, 644]
  ],
  "p_true": [
    [0.0292, 0.0298, 0.6427, 0.2438, 0.0546],
    [0.0077, 0.3666, 0.0656, 0.5072, 0.0529],
    [0.0087, 0.0196, 0.0408, 0.9115, 0.0195],
    [0.0105, 0.0115, 0.8162, 0.1388, 0.0231],
    [0.0503, 0.0309, 0.4474, 0.3631, 0.1083],
    [0.2843, 0.0079, 0.3629, 0.302, 0.0428],
    [0.0285, 0.0624, 0.149, 0.4906, 0.2696]
  ],
  "Z_est": [
    [
      [0.5353, 1.2374, 0, 0, 0.0841, 0.1924, 0.3035, 0.1348, 0.2636, 0.6952, 0.0768, 0.9951, 0.2272, 0.7583, 1.1692, 0.1174, 0.5577, 0.0247, 0.112, 0.0283, 0.1997, 0.1664, 0.1033, 0.2994, 0.0585, 0.2094, 0.1279, 0.7496, 0.1988, 0.1069, 0.4922, 0.4183, 0.2111, 0.3058, 0.4808, 0.1211, 0.0475, 0.2751, 0.0123, 0.1019, 0.3103, 0.1746, 0.7455, 0.1453, 0.5028, 0.1207, 0.0342, 1.1799, 0.2249, 1.2849, 0.0073],
      [0.9565, 0.1979, 0, 0.0464, 0.4066, 1.0314, 0.9956, 0.7703, 1.4275, 3.2714, 0.1963, 2.9353, 0.8317, 1.9204, 2.2425, 0.765, 2.1209, 0.1805, 0.6949, 0.2506, 1.1716, 0.2525, 0.5871, 1.1279, 0.2909, 0.7239, 0.8972, 1.2519, 0.6406, 0.3418, 1.9114, 0.8898, 0.8185, 0.7126, 1.2832, 0.4846, 0.326, 1.0849, 0.0727, 0.199, 2.004, 0.9587, 2.8667, 0.3173, 1.3989, 0.3471, 0.283, 2.6482, 1.0623, 5.3274, 1.6591],
      [40.8824, 1.1342, 0, 0.6848, 5.6373, 13.3338, 18.0449, 9.0526, 15.9274, 45.2433, 4.3913, 64.8893, 13.9198, 47.0102, 73.4448, 7.5434, 33.4099, 1.3127, 7.6217, 1.2519, 13.1843, 11.8412, 5.9754, 20.7947, 2.7145, 12.8112, 5.0952, 51.7679, 11.5649, 6.6539, 33.6124, 31.1183, 12.4926, 19.8038, 34.7611, 7.8216, 2.6872, 18.0148, 0.6805, 6.5892, 19.8979, 11, 47.6435, 10.003, 32.9085, 8.1423, 0.4362, 73.3925, 15.2569, 75.5784, 18.5745],
      [14.6219, 1.4303, 0, 0.2683, 1.8678, 4.4359, 12.6517, 3.0351, 5.3698, 21.7703, 3.3341, 34.1645, 8.0141, 27.3009, 40.1273, 2.5682, 23.8996, 0.4789, 2.5682, 0.4669, 4.4359, 3.7355, 3.332, 6.7707, 0.9339, 8.2503, 1.8678, 22.219, 4.5883, 2.8944, 10.9731, 12.5663, 4.4696, 10.1696, 11.4662, 2.5682, 0.9339, 6.6155, 0.2335, 2.1012, 6.7707, 5.863, 25.7285, 3.5285, 17.1824, 3.3872, 0.2335, 49.7581, 7.0671, 50.777, 11.7519],
      [0.004, 0.0002, 0, 0.0005, 0.0042, 0.0064, 0.0042, 0.0072, 0.0116, 0.0198, 0.0015, 0.0159, 0.0072, 0.0102, 0.0161, 0.0059, 0.0119, 0.0032, 0.0032, 0.0022, 0.0084, 0.0045, 0.0022, 0.0074, 0.0022, 0.0052, 0.0119, 0.0116, 0.0074, 0.003, 0.0109, 0.0074, 0.0082, 0.0082, 0.0087, 0.0045, 0.0054, 0.0097, 0.001, 0.0087, 0.0171, 0.0037, 0.0159, 0.0059, 0.0074, 0.0027, 0.0131, 0.0213, 0.3887, 0.0322, 0.0072]
    ],
    [
      [0.2373, 0.0179, 0, 0, 0.0947, 0.1313, 0.2236, 0.171, 0.316, 0.8098, 0.35, 0.8188, 0.247, 0.447, 0.6141, 0.1594, 0.0054, 0.0358, 0.0024, 0.0537, 0.2249, 0.0387, 0.1008, 0.3251, 0.0671, 0.182, 0.2747, 0.2966, 0.1579, 0.0897, 0.4462, 0.2817, 0.2105, 0.2078, 0.2813, 0.1368, 0.0771, 0.3417, 0.0058, 0.0903, 0.4887, 0.1878, 0.6591, 0.096, 0.3372, 0.1111, 0.0405, 0.6765, 0.1065, 1.1702, 0.0011],
      [20.7668, 1.978, 0, 0, 8.9003, 14.977, 21.097, 16.4822, 30.3272, 74.4979, 4.6282, 70.8702, 20.7208, 40.8751, 52.4109, 15.823, 47.6413, 3.6262, 17.7999, 5.2743, 23.0756, 3.9559, 10.8787, 28.0184, 6.2632, 16.4817, 23.4036, 26.0411, 14.1744, 7.9112, 41.5346, 20.5309, 18.7892, 17.1895, 26.3713, 11.8667, 7.2521, 27.0017, 0.6998, 4.7738, 45.4901, 19.1197, 61.9723, 7.6392, 30.6562, 8.604, 4.8986, 59.6632, 12.5941, 112.408, 26.2856],
      [6.5346, 0.1617, 0, 0, 1.802, 0.4163, 2.9791, 3.2788, 6.821, 15.783, 1.9398, 15.1167, 3.301, 10.012, 16.0019, 2.413, 6.7482, 0.3821, 3.7962, 0.7745, 3.6887, 0.1135, 1.1937, 6.2546, 1.4957, 2.7348, 5.9491, 8.4137, 2.9759, 1.6712, 9.6316, 9.7388, 3.4147, 4.5559, 6.8412, 3.4928, 1.7386, 7.1467, 0.0189, 2.3202, 8.4404, 2.6195, 11.0254, 2.5852, 7.4561, 3.6148, 0.1325, 15.4576, 0.3406, 15.8268, 3.0324],
      [10.0532, 0.665, 0, 0, 4.0707, 4.8766, 11.3839, 7.0447, 11.9336, 38.2058, 4.3404, 43.6921, 14.6328, 18.9752, 27.3926, 6.7686, 27.1569, 1.4257, 11.3103, 2.2695, 8.4233, 1.33, 3.7683, 16.9631, 2.4383, 9.598, 13.1312, 10.8616, 6.8139, 4.3291, 18.6491, 14.3866, 10.1754, 10.6367, 10.4183, 5.9787, 2.8817, 15.0352, 0.2217, 6.4502, 23.013, 8.1115, 31.2942, 4.4356, 15.0041, 4.5259, 1.5517, 31.6413, 3.99, 56.8108, 9.9578],
      [2.4081, 0.1774, 0, 0, 1.1323, 1.5988, 2.3164, 2.0234, 3.6022, 8.7035, 0.7416, 8.5022, 3.0984, 4.6907, 6.5805, 1.836, 5.4482, 0.5303, 2.0911, 0.628, 2.5876, 0.5618, 1.0585, 3.4387, 0.7356, 2.0035, 3.2414, 3.3869, 1.8779, 0.9987, 4.7385, 3.062, 2.4101, 2.4101, 3.0879, 1.525, 1.0506, 3.4746, 0.0538, 1.3656, 5.5678, 1.9616, 7.0489, 1.244, 3.5464, 1.1443, 0.3768, 7.5613, 0.9688, 12.7842, 2.7231]
    ],
    [
      [1.5595, 0.081, 0.0816, 0, 0.1178, 3.0092, 1.7843, 0.0101, 4.5085, 4.4747, 0.2291, 1.3189, 0.0127, 4.1302, 11.0141, 1.0657, 0.0169, 0.223, 0.0076, 1.6954, 0.3683, 1.815, 3.3869, 0.2014, 2.106, 0.7279, 6.5638, 3.6574, 5.1849, 0.5584, 4.3622, 0.2443, 3.9015, 0.0169, 0.8411, 3.1088, 0.0059, 5.7468, 0.1486, 1.1688, 0.027, 0.0084, 0.5159, 0.2753, 0.0237, 0.3249, 1.3838, 0.0355, 0.0925, 4.3917, 0.0034],
      [0.0682, 0.7797, 0, 0.0297, 1.0283, 10.7255, 2.9711, 1.493, 4.584, 6.2432, 0.0148, 0.2252, 0.0652, 2.8727, 0.166, 1.5825, 2.5395, 0.7657, 0.0563, 1.1809, 6.2835, 0.4701, 1.7132, 0.0889, 0.8098, 0.841, 0.0741, 0.0889, 0.8001, 0.0748, 4.4402, 0.0652, 0.823, 0.0533, 2.4844, 0.0385, 0.6837, 0.0859, 0.5053, 0.0148, 4.3519, 4.1782, 7.4642, 0.0237, 1.4476, 0.0267, 1.1502, 0.1956, 6.2599, 5.1678, 6.6905],
      [15.8747, 0.1103, 0.121, 0.2418, 8.5609, 14.0462, 6.224, 6.0553, 21.2926, 23.9993, 0.6398, 37.9243, 5.033, 17.9126, 69.1816, 1.8754, 5.0305, 0.6151, 8.781, 0.8919, 10.1998, 22.2952, 1.037, 29.0428, 5.7684, 2.1181, 13.8607, 40.5445, 5.2432, 1.368, 34.42, 12.7634, 2.7138, 9.6155, 37.6576, 4.2147, 4.3239, 3.9188, 0.7194, 6.9979, 26.7039, 3.7993, 11.0954, 10.9164, 17.5745, 7.5597, 5.9957, 42.2421, 9.0917, 11.8924, 2.2064],
      [105.4394, 11.9231, 2.7973, 3.2724, 52.1939, 126.5617, 79.8152, 200.8178, 520.9328, 551.4999, 36.0944, 518.8954, 97.4296, 294.9353, 508.5977, 121.9278, 343.3577, 28.3466, 110.1077, 28.1452, 226.5907, 138.756, 67.2653, 317.5577, 91.2617, 137.001, 359.1645, 448.538, 280.7702, 87.3269, 440.4359, 188.194, 281.748, 237.8975, 302.8895, 90.5595, 207.3958, 296.8884, 20.6854, 233.8098, 603.5329, 107.9594, 580.7372, 281.6851, 296.845, 44.0487, 186.1103, 671.2005, 153.7092, 666.377, 137.6164],
      [0.0582, 0.1059, 0, 0.4561, 3.0991, 6.6574, 1.2054, 5.6237, 2.6821, 8.7829, 0.0218, 0.6363, 6.4596, 0.1492, 7.0405, 4.5486, 4.0554, 6.0496, 0.0473, 3.0866, 5.5576, 0.6638, 0.5976, 0.1092, 1.0541, 2.312, 11.337, 0.1711, 2.0016, 0.672, 0.3417, 4.7332, 1.8137, 4.4168, 0.1274, 2.0784, 5.5907, 5.36, 1.9412, 10.0086, 11.3843, 0.0546, 5.1873, 1.0995, 0.1092, 0.04, 16.3599, 8.3263, 4.8467, 22.1711, 3.4834]
    ],
    [
      [0.7092, 0.0209, 0.4064, 0, 0.2274, 0.6068, 0.3699, 0.0293, 1.082, 1.6238, 0.8414, 2.202, 0.0366, 3.4382, 2.2603, 0.381, 0.0488, 0.7783, 0.0219, 0.3796, 0.5473, 0.6388, 1.528, 0.7882, 0.3195, 0.4294, 1.0284, 1.7823, 0.4414, 0.6315, 1.4019, 0.0366, 0.4889, 0.4285, 1.3484, 0.6619, 0.0171, 0.78, 0.3122, 0.3515, 0.3026, 0.0887, 1.616, 0.3621, 0.2837, 0.4773, 0.7163, 0.1024, 0.4377, 4.945, 0.0098],
      [0.6097, 0.0294, 0, 0.7625, 0.3183, 0.8682, 0.533, 0.6943, 1.4945, 2.3433, 0.0115, 0.3657, 0.0505, 2.156, 0.1286, 2.3801, 1.3081, 0.0866, 0.0852, 0.1889, 0.7797, 0.8627, 2.6288, 0.0689, 0.4241, 0.6146, 0.0574, 1.26, 0.5649, 0.3512, 1.9352, 0.0505, 0.6365, 0.0413, 1.8563, 0.2111, 0.3813, 0.0666, 0.6886, 0.0115, 1.7791, 1.3188, 2.3082, 0.0184, 1.5101, 0.0207, 0.98, 1.5939, 0.6342, 16.6219, 0.7386],
      [111.3805, 2.5977, 3.4944, 4.7364, 33.2425, 88.3282, 55.3413, 73.7179, 159.1601, 242.515, 18.8085, 336.9395, 55.2856, 232.7548, 354.9617, 52.8856, 132.8172, 7.3315, 88.0677, 19.1928, 81.22, 98.7295, 33.4876, 123.4832, 45.7287, 60.5015, 60.5216, 275.6513, 57.6091, 35.6739, 212.5272, 186.3776, 63.4011, 101.4608, 209.3196, 53.2199, 40.7599, 112.0514, 6.2447, 49.7613, 187.4871, 54.6901, 242.3919, 53.3492, 169.5802, 26.816, 104.5316, 304.6291, 66.0764, 330.7439, 65.8325],
      [7.7565, 0.152, 1.0992, 0.041, 1.9757, 11.6, 3.1914, 5.7717, 15.234, 21.9015, 9.0029, 33.0126, 3.2928, 25.2826, 19.9418, 5.6349, 13.0474, 0.5066, 10.698, 1.4932, 4.7618, 8.3622, 3.3367, 6.8895, 5.3585, 7.9686, 3.7487, 22.6468, 5.6575, 4.8339, 15.8313, 18.8535, 7.1601, 7.2364, 16.7291, 5.1838, 2.6874, 13.069, 0.9955, 3.0395, 16.4524, 5.144, 23.6253, 3.6066, 13.8557, 1.5704, 8.5594, 17.325, 5.9693, 58.0447, 10.4409],
      [2.5441, 0.2, 0, 1.46, 3.2362, 5.5968, 3.5643, 5.7868, 10.0295, 16.6164, 1.3356, 15.4802, 6.3345, 8.3683, 15.7075, 4.7184, 9.7785, 1.297, 2.1271, 1.7455, 6.6912, 4.4068, 2.0189, 4.7703, 2.1692, 6.4859, 8.6439, 10.6596, 5.7271, 2.5095, 10.3043, 7.6818, 6.3135, 6.8329, 7.7465, 3.7233, 4.1543, 8.033, 0.7591, 6.8362, 13.9788, 2.7585, 14.0586, 4.6637, 4.7703, 2.1156, 13.2127, 18.3496, 4.8824, 26.6445, 9.9783]
    ],
    [
      [0.0241, 0.0024, 0, 0, 0.0185, 0.0233, 0.0097, 0, 0.0812, 0.103, 0.0056, 0.0788, 0.0217, 0.0619, 0.1269, 0.029, 0.0483, 0.0024, 0.0169, 0.0048, 0.0507, 0.0434, 0.0097, 0.0523, 0.0121, 0.0217, 0.0541, 0.0837, 0.0426, 0.0161, 0.0684, 0.0459, 0.0386, 0.0418, 0.0611, 0.0193, 0.0019, 0.0683, 0.0016, 0.0515, 0.0788, 0.0161, 0.1102, 0.0459, 0.0507, 0.0204, 0.0354, 0, 0.0241, 0.1054, 0.0088],
      [0.0025, 0.0002, 0, 0.0002, 0.0019, 0.0024, 0.001, 0.0037, 0.0084, 0.0107, 0.0006, 0.0082, 0.0022, 0.0064, 0, 0.003, 0.005, 0.0002, 0.0017, 0.0005, 0.0052, 0.0045, 0.001, 0, 0.0012, 0.0022, 0, 0.0087, 0.0044, 0.0017, 0.0071, 0, 0.004, 0, 0.0063, 0.002, 0.0032, 0, 0.0002, 0, 0.0082, 0.0017, 0.0114, 0, 0.0052, 0, 0.0037, 0.0132, 0.0025, 0.0109, 0.0009],
      [7.0013, 0.5578, 0, 0.6387, 5.5388, 6.914, 3.6372, 9.2263, 20.3717, 26.9717, 1.6025, 25.0725, 6.1834, 18.7552, 33.3534, 7.6638, 13.3784, 0.6793, 5.571, 1.4107, 13.5476, 18.2032, 2.7, 14.5406, 3.6396, 5.9057, 11.6784, 24.418, 10.2487, 4.2165, 19.7164, 13.8272, 9.6718, 11.185, 19.0773, 5.209, 8.3813, 15.1627, 0.4876, 11.6288, 20.7164, 4.7024, 28.4196, 10.7206, 14.8387, 6.2999, 9.1826, 34.345, 6.5677, 29.9245, 3.4628],
      [22.0318, 2.3462, 0, 1.281, 16.7141, 21.1383, 7.9629, 34.3534, 77.3816, 96.8884, 5.1691, 69.7545, 19.9283, 55.7632, 105.0518, 27.17, 44.668, 2.2098, 14.7499, 4.3887, 47.4214, 34.0216, 8.91, 48.6606, 10.8757, 20.2159, 47.3364, 76.2407, 41.041, 15.1373, 62.5458, 41.3363, 36.772, 39.1368, 54.4802, 18.011, 29.3897, 59.3582, 1.4443, 50.3127, 74.1044, 14.6476, 104.1763, 44.455, 46.1353, 15.9604, 33.3627, 119.657, 22.4555, 96.7788, 7.154],
      [0.9402, 0.0933, 0, 0.0801, 0.7267, 0.922, 0.3893, 1.4166, 3.157, 4.0263, 0.2222, 3.086, 0.8643, 2.4132, 4.4678, 1.1342, 1.9003, 0.1082, 0.6604, 0.1952, 1.975, 1.7272, 0.3793, 1.7465, 0.4714, 0.8544, 1.931, 3.249, 1.6632, 0.6285, 2.6624, 1.7907, 1.5136, 1.6363, 2.3751, 0.7586, 1.2238, 2.4107, 0.0663, 2.0069, 3.0922, 0.6322, 4.2825, 1.7785, 1.97, 0.7193, 1.4157, 4.9848, 0.9502, 4.1803, 0.3735]
    ],
    [
      [12.9023, 0.5295, 0.5119, 0, 5.4881, 8.7174, 9.0069, 8.6242, 22.0394, 25.7756, 1.5885, 40.7764, 12.288, 33.5945, 45.5352, 7.6747, 17.6221, 2.0273, 6.8523, 3.2003, 13.7708, 9.673, 2.6476, 19.2298, 9.2964, 6.5017, 18.6077, 34.8686, 17.2174, 7.8049, 32.711, 11.4249, 19.8238, 14.9146, 26.4988, 7.5735, 4.822, 15.2772, 1.3322, 8.3408, 23.0671, 7.1388, 30.6837, 8.3408, 21.3583, 6.1877, 7.7328, 29.7281, 5.5171, 44.9042, 2.8237],
      [0.0624, 0.0018, 0, 0.1612, 0.032, 0.0439, 0.0506, 1.0746, 0.1165, 0.1359, 0.0053, 0.2539, 0.0039, 0.1926, 0.01, 0.0426, 0.1284, 0.008, 0.0493, 0.0136, 0.0853, 0.0506, 0.0088, 0.0054, 0.0544, 0.037, 0.0875, 0.2033, 0.0861, 0.0458, 0.1947, 0.0729, 0.1082, 0.0032, 0.1649, 0.0324, 0.0281, 0.0706, 0.0074, 0.0009, 0.1424, 0.0453, 0.1921, 0.0014, 0.1354, 0.0016, 0.0332, 0.1797, 0.0303, 0.2499, 0.0225],
      [15.256, 0.3619, 0.3846, 0.6983, 8.61, 10.8888, 13.1143, 18.5894, 31.9752, 34.825, 1.0857, 69.6872, 26.5225, 51.7236, 72.2549, 11.0798, 32.6109, 1.5374, 14.7917, 3.0384, 21.6411, 15.2856, 1.8095, 34.9748, 13.5715, 10.3976, 21.4479, 57.6268, 21.0811, 11.3218, 51.462, 23.3365, 28.7663, 24.4777, 46.3533, 7.5783, 7.8862, 17.7, 1.8144, 12.0237, 38.5056, 11.6251, 51.1515, 12.4272, 37.1169, 9.1871, 8.3113, 53.9321, 7.8504, 65.7331, 5.1925],
      [4.6691, 0.1035, 0.1035, 0.1372, 2.8132, 2.2765, 3.7414, 10.5816, 7.6619, 7.0365, 0.3104, 24.8286, 9.2059, 18.1421, 17.7459, 3.1294, 16.4149, 0.4139, 4.2198, 0.7243, 9.3526, 2.8974, 0.5174, 9.5764, 6.9775, 2.0003, 6.6999, 18.9275, 8.4585, 5.744, 20.2818, 4.0356, 10.1048, 10.4375, 16.6826, 1.7591, 2.2136, 3.8287, 0.8326, 3.5545, 13.0346, 4.114, 18.6356, 3.1505, 14.3894, 3.5601, 1.8626, 10.8429, 1.5522, 15.6889, 0.9313],
      [0.1102, 0.0033, 0, 0.0033, 0.0567, 0.0734, 0.0868, 0.1302, 0.207, 0.227, 0.01, 0.454, 0.9797, 0.3472, 0.454, 0.0734, 0.2237, 0.0134, 0.0868, 0.0234, 0.1502, 0.0935, 0.0167, 0.2136, 0.1001, 0.0634, 0.1569, 0.3739, 0.1569, 0.0835, 0.3505, 0.1302, 0.1969, 0.1669, 0.3004, 0.0567, 0.0501, 0.1235, 0.0134, 0.0801, 0.2504, 0.0768, 0.3371, 0.0801, 0, 0.0634, 0.0601, 0.3171, 0.0501, 0.4239, 0.03]
    ],
    [
      [6.0323, 0.1109, 0, 0, 1.9695, 2.3195, 2.3022, 3.0306, 6.7092, 9.518, 0.9085, 8.81, 2.1669, 6.57, 7.2802, 2.5728, 1.7009, 0.9085, 1.9868, 0.6379, 3.8383, 2.6247, 1.2239, 5.1039, 1.1405, 1.9278, 5.3434, 7.5618, 4.757, 1.7925, 6.5181, 2.5484, 5.3257, 4.0845, 5.4885, 2.3785, 2.0285, 4.5108, 0.1872, 2.8953, 7.7255, 2.3856, 7.6696, 3.7345, 5.4437, 1.7579, 4.057, 10.2776, 2.5972, 14.1987, 1.146],
      [0.534, 0.013, 0, 0, 0.3126, 0.3516, 0.3516, 0.4819, 1.0419, 1.4977, 0.1433, 1.3415, 0.3256, 0.9768, 1.0419, 0.4037, 2.2568, 0.3329, 0.3126, 0.0912, 0.5991, 0.4037, 0.1823, 0.6905, 0.1563, 0.2995, 0.4801, 1.1461, 0.7293, 0.2735, 0.9768, 0.3907, 0.8205, 0, 0.8335, 0.3647, 0.3256, 0.6903, 0.026, 0, 1.2242, 0.3777, 1.1852, 0, 0.8466, 0, 0.6512, 1.7061, 0.4168, 2.2141, 1.6028],
      [3.0706, 0.0763, 0, 0, 3.6085, 2.0728, 1.6591, 2.0797, 4.452, 6.6627, 0.5324, 8.3706, 1.7547, 5.8314, 8.8015, 1.539, 4.0048, 0.1418, 2.3706, 0.4398, 2.5185, 2.5318, 0.7968, 3.9093, 1.0815, 1.5311, 2.4471, 7.5778, 2.2772, 1.0948, 5.6305, 3.8384, 2.5397, 2.9012, 5.9898, 1.4636, 1.2228, 3.0056, 0.0345, 1.6788, 5.2488, 1.5636, 6.2726, 1.9985, 5.5251, 1.3801, 2.4102, 9.0015, 1.8162, 9.3008, 1.699],
      [21.428, 0.3799, 0, 0, 9.3648, 11.1109, 13.2534, 17.3956, 40.4864, 55.6975, 5.7487, 48.6524, 9.4965, 36.6006, 32.1429, 14.8011, 41.4555, 4.6184, 11.346, 2.5121, 22.0141, 14.8973, 6.8703, 31.5821, 5.1544, 9.9659, 28.0515, 42.5665, 29.6706, 10.7344, 36.2829, 10.6278, 33.5701, 24.4855, 30.3342, 13.9398, 11.498, 25.2049, 0.5871, 15.732, 45.0921, 15.1605, 42.803, 25.1387, 33.588, 10.9473, 21.3199, 63.5751, 15.2567, 80.5228, 13.1476],
      [9.9351, 0.4198, 0, 0, 8.7446, 11.1451, 9.4336, 14.0122, 27.3105, 41.6241, 3.6672, 35.8255, 11.2563, 25.0213, 30.7335, 11.6834, 26.5821, 4.9984, 7.984, 3.3191, 17.03, 10.5424, 4.9267, 19.7142, 4.4674, 9.2756, 22.6779, 29.1478, 18.5659, 7.1048, 25.5917, 12.5948, 20.744, 17.5288, 21.354, 9.8534, 9.9251, 19.5884, 1.1652, 14.6939, 34.7094, 9.5126, 33.0696, 15.1283, 19.5967, 6.9147, 21.5617, 46.4396, 11.9131, 63.7636, 12.4046]
    ]
  ],
  "V_est": [
    [16.9293, 55.1825, 1027.5543, 511.5466, 0.7872],
    [12.4467, 1194.2408, 252.1834, 609.024, 144.1052],
    [86.537, 94.7868, 642.3118, 11927.6485, 194.7159],
    [38.7671, 55.4296, 5587.4172, 519.579, 347.8071],
    [1.9393, 0.1684, 587.1536, 1950.4861, 82.2526],
    [734.5736, 4.768, 1150.6243, 366.9042, 8.1298],
    [197.807, 31.4239, 157.7554, 1146.8117, 855.2021]
  ],
  "p_est": [
    [0.0105, 0.0342, 0.6374, 0.3173, 0.0005],
    [0.0056, 0.5399, 0.114, 0.2753, 0.0651],
    [0.0067, 0.0073, 0.0496, 0.9213, 0.015],
    [0.0059, 0.0085, 0.8532, 0.0793, 0.0531],
    [0.0007, 0.0001, 0.2239, 0.7439, 0.0314],
    [0.3243, 0.0021, 0.508, 0.162, 0.0036],
    [0.0828, 0.0132, 0.066, 0.48, 0.358]
  ],
  "EI_Z": {},
  "EI_V": 10.0773,
  "MAE_Z": {},
  "MAE_V": 176.1792,
  "MAE_p": 0.0632,
  "runtime": 1.377
}
