{
  "X": [
    [209, 97, 390, 56],
    [81, 74, 198, 19],
    [37, 39, 63, 10],
    [41, 10, 61, 4],
    [54, 43, 66, 13],
    [27, 15, 27, 1],
    [4, 32, 23, 1],
    [60, 51, 84, 7],
    [225, 357, 464, 30],
    [172, 249, 380, 39],
    [109, 64, 179, 22],
    [194, 248, 549, 51],
    [132, 113, 280, 33],
    [171, 283, 478, 62],
    [86, 113, 183, 22],
    [3, 6, 8, 1],
    [61, 61, 195, 35],
    [63, 130, 218, 29],
    [51, 51, 149, 21],
    [156, 223, 548, 69],
    [131, 117, 274, 34],
    [25, 95, 168, 19],
    [93, 165, 337, 35],
    [101, 213, 386, 45],
    [106, 146, 248, 30],
    [126, 306, 510, 55],
    [31, 109, 154, 26],
    [105, 74, 262, 16],
    [3, 3, 3, 0],
    [17, 16, 20, 2],
    [7, 13, 22, 5],
    [10, 4, 15, 3],
    [17, 15, 29, 0],
    [6, 6, 8, 3],
    [60, 46, 163, 24],
    [270, 129, 662, 63],
    [146, 89, 354, 45],
    [53, 35, 80, 11],
    [77, 61, 245, 24],
    [31, 18, 47, 11],
    [57, 38, 126, 16],
    [102, 113, 226, 24],
    [163, 202, 586, 72],
    [102, 178, 133, 16],
    [47, 187, 148, 18],
    [78, 268, 232, 26],
    [123, 202, 524, 59],
    [10, 4, 10, 0],
    [11, 20, 9, 0],
    [40, 45, 49, 12],
    [6, 2, 11, 0],
    [18, 6, 15, 1],
    [48, 28, 84, 17],
    [48, 95, 118, 11],
    [2147, 2780, 5606, 667],
    [306, 278, 675, 88],
    [690, 551, 1128, 143],
    [509, 307, 630, 50]
  ],
  "W": [
    [285, 233, 151, 32, 51],
    [111, 120, 99, 18, 24],
    [48, 40, 50, 6, 5],
    [40, 46, 21, 8, 1],
    [57, 48, 53, 9, 9],
    [28, 20, 19, 0, 3],
    [0, 15, 37, 4, 4],
    [59, 47, 71, 7, 18],
    [288, 220, 469, 39, 60],
    [201, 215, 349, 37, 38],
    [134, 100, 99, 23, 18],
    [244, 316, 372, 56, 54],
    [189, 181, 153, 17, 18],
    [220, 270, 383, 72, 49],
    [94, 103, 150, 25, 32],
    [1, 4, 9, 1, 3],
    [85, 116, 98, 33, 20],
    [86, 136, 168, 31, 19],
    [67, 84, 85, 28, 8],
    [220, 333, 337, 55, 51],
    [177, 172, 145, 31, 31],
    [38, 93, 143, 20, 13],
    [114, 191, 245, 44, 36],
    [129, 244, 294, 48, 30],
    [120, 143, 219, 25, 23],
    [153, 299, 436, 65, 44],
    [42, 85, 138, 38, 17],
    [132, 175, 111, 23, 16],
    [0, 2, 4, 1, 2],
    [19, 9, 20, 2, 5],
    [9, 15, 19, 3, 1],
    [13, 10, 7, 1, 1],
    [16, 19, 17, 5, 4],
    [9, 5, 9, 0, 0],
    [85, 119, 54, 12, 23],
    [400, 419, 191, 50, 64],
    [193, 249, 108, 36, 48],
    [60, 54, 45, 14, 6],
    [94, 168, 86, 32, 27],
    [29, 36, 34, 4, 4],
    [76, 71, 73, 6, 11],
    [119, 142, 144, 29, 31],
    [172, 408, 313, 56, 74],
    [92, 78, 220, 18, 21],
    [56, 69, 243, 14, 18],
    [92, 123, 339, 27, 23],
    [137, 364, 287, 69, 51],
    [10, 6, 7, 0, 1],
    [12, 3, 24, 0, 1],
    [48, 23, 62, 4, 9],
    [5, 8, 4, 2, 0],
    [20, 8, 9, 0, 3],
    [64, 42, 50, 8, 13],
    [62, 54, 133, 10, 13],
    [2973, 3463, 3528, 652, 584],
    [371, 438, 391, 67, 80],
    [706, 754, 763, 127, 162],
    [669, 367, 370, 27, 63]
  ],
  "method": "mvn_pdf",
  "cond_prob": [
    [
      [0.59931801715, 0.020499581438, 0.33684853899, 0.043333862425],
      [0.066884758967, 0.014880889352, 0.81062955388, 0.1076047978],
      [0.054698983117, 0.55818993632, 0.34215067465, 0.044960405909],
      [0.014696462686, 0.053177649117, 0.6993891902, 0.23273669799],
      [0.2585501936, 0.044996831718, 0.58860588938, 0.1078470853]
    ],
    [
      [0.57391528117, 0.031351625131, 0.36486577788, 0.029867315815],
      [0.061259028641, 0.021885395827, 0.84549768221, 0.071357893324],
      [0.039612046783, 0.65499624645, 0.28182295822, 0.023568748548],
      [0.01379069952, 0.080255368165, 0.74757318691, 0.15838074541],
      [0.2399875998, 0.066996280292, 0.6206660569, 0.072350063005]
    ],
    [
      [0.63224983885, 0.034036636547, 0.29386559525, 0.039847929353],
      [0.076303916758, 0.027333101931, 0.78616881596, 0.11019416535],
      [0.041619323449, 0.70737943229, 0.22046326647, 0.030537977793],
      [0.016183616908, 0.094856412824, 0.65535684333, 0.23360312694],
      [0.28056879438, 0.078161618209, 0.53712475877, 0.10414482865]
    ],
    [
      [0.78656256948, 0.0077237789439, 0.19405966335, 0.011653988226],
      [0.14316935453, 0.0095112881355, 0.79806131827, 0.049258039063],
      [0.13819659579, 0.44162676115, 0.39586774389, 0.02430889917],
      [0.036332984511, 0.039529754099, 0.79947807231, 0.12465918908],
      [0.46227683044, 0.023593491802, 0.47367619206, 0.040453485706]
    ],
    [
      [0.73037161293, 0.027981895287, 0.20784253569, 0.033803956093],
      [0.11614678333, 0.029575092632, 0.73128014703, 0.122997977],
      [0.059427060785, 0.71593439673, 0.19263728183, 0.032001260659],
      [0.02468843785, 0.10290420415, 0.61144152058, 0.26096583743],
      [0.37895155207, 0.074968807306, 0.44308039716, 0.10299924346]
    ],
    [
      [0.77294115841, 0.02219185098, 0.19492554521, 0.0099414453984],
      [0.13640252651, 0.026934557812, 0.79525408548, 0.041408830194],
      [0.070543962223, 0.70823130738, 0.21025603013, 0.01096870026],
      [0.032948016599, 0.10785139187, 0.75883464907, 0.10036594245],
      [0.43682254522, 0.066279385708, 0.46340774342, 0.033490325655]
    ],
    [
      [0.67280153558, 0.048871163893, 0.26533523987, 0.012992060661],
      [0.081225784339, 0.045072995823, 0.8322340735, 0.041467146333],
      [0.029782109734, 0.80741708549, 0.15504166498, 0.0077591397871],
      [0.017801220274, 0.16451475125, 0.72594103204, 0.091742996439],
      [0.30076390084, 0.12357053416, 0.53836501262, 0.037300552376]
    ],
    [
      [0.72966451646, 0.022002804513, 0.2312404838, 0.017092195219],
      [0.11468508322, 0.022917231613, 0.80139666733, 0.061001017833],
      [0.070354631261, 0.65736160478, 0.25316536696, 0.019118396998],
      [0.027004272897, 0.088171119116, 0.74242896061, 0.14239564738],
      [0.38587260848, 0.059906892576, 0.50145294202, 0.05276755693]
    ],
    [
      [0.60420280669, 0.036942570131, 0.33733211488, 0.021522508301],
      [0.070318268375, 0.027957690921, 0.84606548316, 0.055658557544],
      [0.038807981308, 0.70442855319, 0.24105296885, 0.01571049665],
      [0.016002042951, 0.10346343792, 0.75606429718, 0.12447022195],
      [0.26477520696, 0.082347222167, 0.59853269402, 0.054344876859]
    ],
    [
      [0.63236465514, 0.029465980012, 0.31064900674, 0.027520358113],
      [0.077638830928, 0.023564514293, 0.82354873158, 0.075247923199],
      [0.047973597252, 0.66558927034, 0.26266759606, 0.02376953635],
      [0.017503456743, 0.086416359271, 0.72919363587, 0.16688654811],
      [0.28738231411, 0.068186530612, 0.57225954032, 0.072171614958]
    ],
    [
      [0.6594763293, 0.019652662403, 0.29139749161, 0.029473516691],
      [0.084786411833, 0.016534723526, 0.81377254422, 0.084906320416],
      [0.064641547658, 0.58237252954, 0.3199280028, 0.033057920001],
      [0.019316454419, 0.061349169956, 0.72837080876, 0.19096356687],
      [0.31167655629, 0.047444499813, 0.56016249316, 0.080716450738]
    ],
    [
      [0.58331437623, 0.026404985413, 0.36147680602, 0.028803832335],
      [0.063491005665, 0.018693296574, 0.84811731558, 0.069698382178],
      [0.045658787126, 0.61385752508, 0.31485570248, 0.025627985322],
      [0.014485823689, 0.069350320533, 0.75985902037, 0.15630483541],
      [0.24847524265, 0.057220451028, 0.62357774516, 0.070726561156]
    ],
    [
      [0.58087722526, 0.031399722301, 0.35073065771, 0.036992394724],
      [0.06319221737, 0.022263726848, 0.82479635549, 0.089747700294],
      [0.040540254345, 0.65707332043, 0.27297601912, 0.029410406097],
      [0.013893166702, 0.079663550059, 0.71206874595, 0.19437453729],
      [0.24431524731, 0.067313412798, 0.59846465273, 0.089906687164]
    ],
    [
      [0.57658895763, 0.03456414972, 0.3514607329, 0.037386159755],
      [0.062589922579, 0.024412353826, 0.82271802951, 0.090279694083],
      [0.037965304535, 0.67643216236, 0.2576111339, 0.027991399202],
      [0.013672030048, 0.086721193966, 0.70569208269, 0.1939146933],
      [0.24106523209, 0.073541352618, 0.59524515154, 0.090148263755]
    ],
    [
      [0.64503434523, 0.030963796635, 0.29527338461, 0.02872847352],
      [0.081511434748, 0.025636953546, 0.81142667875, 0.081424932959],
      [0.047314738498, 0.68564394426, 0.24289988935, 0.02414142789],
      [0.01815167365, 0.093001429691, 0.70996020849, 0.17888668816],
      [0.29699196067, 0.072896477684, 0.55342052115, 0.076691040493]
    ],
    [
      [0.78651288834, 0.014480233695, 0.18685447683, 0.012152401134],
      [0.09812476736, 0.018055853637, 0.83008099931, 0.053738379689],
      [0.062702745616, 0.65682201603, 0.26307555499, 0.017399683367],
      [0.022502175179, 0.071093721259, 0.77070879648, 0.13569530708],
      [0.39293903425, 0.048408511989, 0.51175078757, 0.046901666195]
    ],
    [
      [0.53702504751, 0.022793590871, 0.38006112367, 0.060120237958],
      [0.05213568447, 0.014496451058, 0.8023183335, 0.13104953097],
      [0.04338454473, 0.5568569329, 0.34414906195, 0.055609460424],
      [0.01101339188, 0.049844359178, 0.66559558651, 0.27354666243],
      [0.21050936956, 0.045702077694, 0.60688582121, 0.13690273154]
    ],
    [
      [0.53993776903, 0.041317237668, 0.37737493013, 0.041370063172],
      [0.054364380246, 0.027223752356, 0.82509286348, 0.093319003917],
      [0.03053708783, 0.70373118766, 0.23897024013, 0.026761484389],
      [0.011671021565, 0.095158209994, 0.69564617478, 0.19752459366],
      [0.21367691828, 0.08359315116, 0.60780347612, 0.094926454439]
    ],
    [
      [0.58091260502, 0.020351795741, 0.35870184974, 0.040033749492],
      [0.061370954987, 0.014157879417, 0.82900252093, 0.095468644664],
      [0.051460072214, 0.54961961872, 0.35808924245, 0.040831066614],
      [0.013656477123, 0.051320369983, 0.72486253154, 0.21016062136],
      [0.24357241545, 0.043783825756, 0.61482240572, 0.097821353078]
    ],
    [
      [0.52558005242, 0.028308531461, 0.40236940122, 0.043742014895],
      [0.050757186127, 0.017779573081, 0.83753546841, 0.093927772381],
      [0.037787173647, 0.60461812293, 0.32185469852, 0.035740004902],
      [0.01115086457, 0.063507489784, 0.72244768369, 0.20289396196],
      [0.20598834943, 0.056448251246, 0.63870367067, 0.09885972866]
    ],
    [
      [0.59578336164, 0.035847147647, 0.33351550225, 0.034853988462],
      [0.067559675728, 0.026500642408, 0.81777729617, 0.088162385691],
      [0.038502367137, 0.69539878438, 0.24043137853, 0.02566746995],
      [0.014755252002, 0.094223092262, 0.70138909592, 0.18963255981],
      [0.25535365953, 0.078330268439, 0.57999317953, 0.086322892501]
    ],
    [
      [0.44460881884, 0.034503146684, 0.47670284381, 0.044185190666],
      [0.036801157217, 0.018785161707, 0.86201589514, 0.08239778594],
      [0.026524589027, 0.62334153448, 0.31984742787, 0.030286448623],
      [0.0081055783227, 0.067342667319, 0.74537760295, 0.17917415141],
      [0.15714389613, 0.062616859678, 0.68920660955, 0.091032634647]
    ],
    [
      [0.55609806713, 0.02874041975, 0.38253961886, 0.03262189426],
      [0.057034221385, 0.019235961833, 0.84905987197, 0.074669944815],
      [0.040335157694, 0.6228842362, 0.30979379318, 0.026986812923],
      [0.012847249552, 0.07049008127, 0.75113106127, 0.16553160791],
      [0.22748977577, 0.059958298487, 0.63540730249, 0.077144623249]
    ],
    [
      [0.54638288105, 0.03530577381, 0.38115178695, 0.037159558198],
      [0.055507942839, 0.023382899441, 0.83694326545, 0.084165892272],
      [0.03468713055, 0.66855053257, 0.26988501923, 0.026877317649],
      [0.012197857052, 0.083584654294, 0.72225009212, 0.18196739653],
      [0.21965506142, 0.072339249968, 0.62170497718, 0.08630071143]
    ],
    [
      [0.63571269643, 0.024815579458, 0.30776153178, 0.031710192339],
      [0.077701718737, 0.019829338987, 0.81576260095, 0.086706341325],
      [0.053512567682, 0.62613414009, 0.28984752963, 0.030505762608],
      [0.017422792524, 0.072365855359, 0.71856618744, 0.19164516468],
      [0.28939371343, 0.057660392923, 0.56938792359, 0.083557970055]
    ],
    [
      [0.54659592979, 0.033514343769, 0.38529630546, 0.03459342098],
      [0.05549930339, 0.0221541493, 0.84417167186, 0.078174875447],
      [0.035980827749, 0.65562126567, 0.2824901725, 0.025907734081],
      [0.012335238884, 0.080069321398, 0.73677727264, 0.17081816708],
      [0.22054478309, 0.068844943208, 0.63007882287, 0.080531450832]
    ],
    [
      [0.49842395899, 0.047141350591, 0.40228171017, 0.052152980243],
      [0.046246170268, 0.028785671525, 0.81580851166, 0.10915964655],
      [0.02499023457, 0.71786062037, 0.22707564878, 0.030073496274],
      [0.0096398816453, 0.097749278485, 0.66782825883, 0.22478258104],
      [0.18530946524, 0.090013147329, 0.61163046769, 0.11304691974]
    ],
    [
      [0.61557401903, 0.022387866415, 0.34176926673, 0.020268847829],
      [0.071361179027, 0.016960313155, 0.85916926649, 0.052509241327],
      [0.053921289699, 0.59099701207, 0.33479598149, 0.020285716745],
      [0.016831695657, 0.065132872368, 0.79611930341, 0.12191612857],
      [0.27529151322, 0.051105133091, 0.62118040253, 0.052422951156]
    ],
    [
      [0.99625960882, 0.00042908219836, 0.0032338017701, 7.7507209055e-05],
      [0.56252944932, 0.012503268466, 0.41673254808, 0.0082347341309],
      [0.30336713605, 0.57632832821, 0.11755125716, 0.0027532785821],
      [0.18392070732, 0.089156434842, 0.69513080873, 0.031792049106],
      [0.95108738846, 0.0061396323083, 0.041596273493, 0.0011767057413]
    ],
    [
      [0.70602181538, 0.029700318052, 0.24611104552, 0.018166821047],
      [0.098956960149, 0.029038164741, 0.81068754945, 0.061317325661],
      [0.048975615617, 0.7309458603, 0.20463047142, 0.015448052657],
      [0.022474491528, 0.1093398704, 0.72631788662, 0.14186775145],
      [0.34903957461, 0.078469906491, 0.51798445711, 0.054506061794]
    ],
    [
      [0.56821168045, 0.027969059742, 0.33401647109, 0.069802788717],
      [0.053173136719, 0.018884655973, 0.76139591437, 0.16654629294],
      [0.036030539458, 0.64608954178, 0.26199491094, 0.055885007828],
      [0.010402362071, 0.060955283954, 0.58577371569, 0.34286863828],
      [0.21556991461, 0.058308876602, 0.55672866614, 0.16939254264]
    ],
    [
      [0.65842330561, 0.013212038823, 0.28102733945, 0.047337316122],
      [0.073997681567, 0.010753956577, 0.77781696318, 0.13743139868],
      [0.065162016491, 0.52913369268, 0.34617068019, 0.05953361064],
      [0.015397356361, 0.036879278084, 0.63663094068, 0.31109242488],
      [0.29000278694, 0.031805366471, 0.54393901969, 0.13425282689]
    ],
    [
      [0.74877268877, 0.028413948483, 0.21549749417, 0.0073158685766],
      [0.11973833231, 0.032053198788, 0.81994644185, 0.028262027056],
      [0.054231341975, 0.74966101682, 0.18951534451, 0.0065922966968],
      [0.028604694625, 0.12768428683, 0.77646514116, 0.067245877382],
      [0.40089636895, 0.081778244269, 0.49369640641, 0.023628980372]
    ],
    [
      [0.55544984387, 0.021665680774, 0.25830810687, 0.16457636848],
      [0.045343725162, 0.013396575746, 0.54299996841, 0.39825973069],
      [0.035884764772, 0.60722850848, 0.21718399281, 0.13970273394],
      [0.0059069146522, 0.028891842092, 0.27219077514, 0.69301046812],
      [0.18118881623, 0.040407504712, 0.3837061765, 0.39469750256]
    ],
    [
      [0.54764981007, 0.037149995759, 0.36699115541, 0.048209038759],
      [0.055547673645, 0.024679237704, 0.80994111923, 0.10983196942],
      [0.03296063873, 0.68626730316, 0.24755230614, 0.033219751967],
      [0.011758423147, 0.085202768012, 0.67322721974, 0.2298115891],
      [0.21789094354, 0.075698793778, 0.59496184707, 0.11144841562]
    ],
    [
      [0.55408489934, 0.023026986779, 0.39046468814, 0.032423425739],
      [0.056381520572, 0.015217513747, 0.85516036994, 0.073240595738],
      [0.045778669528, 0.56537432583, 0.35844271672, 0.030404287922],
      [0.012869127596, 0.05647401164, 0.76638418926, 0.16427267151],
      [0.22729777575, 0.048014307634, 0.64808565153, 0.076602265092]
    ],
    [
      [0.58602184177, 0.031313303607, 0.34532439155, 0.03734046308],
      [0.064543162361, 0.02245858046, 0.82137350263, 0.091624754553],
      [0.041106975793, 0.65917719886, 0.26990236271, 0.029813462636],
      [0.014162711, 0.080213349015, 0.70775020228, 0.1978737377],
      [0.24818417104, 0.067561555385, 0.59295065513, 0.09130361845]
    ],
    [
      [0.70726050828, 0.025011966675, 0.24185075567, 0.025876769379],
      [0.10389785411, 0.024387317665, 0.78504640109, 0.086668427127],
      [0.060855857372, 0.67662132987, 0.23664844765, 0.025874365112],
      [0.023334363976, 0.089615542553, 0.69358621008, 0.19346388339],
      [0.35699887593, 0.065140706088, 0.5013543384, 0.07650607958]
    ],
    [
      [0.58498677158, 0.025161629035, 0.36077964355, 0.029071955842],
      [0.06333678887, 0.017825857094, 0.84835298622, 0.070484367815],
      [0.046526045377, 0.60572169366, 0.32130076292, 0.026451498046],
      [0.014458110435, 0.066271257578, 0.76075234122, 0.15851829077],
      [0.24893447403, 0.054720757803, 0.62467670084, 0.071668067322]
    ],
    [
      [0.75027693496, 0.010555883591, 0.19268340938, 0.046483772063],
      [0.11904355156, 0.011406932994, 0.6952148376, 0.17433467785],
      [0.10746666928, 0.49030595679, 0.32275763036, 0.079469743576],
      [0.024696820646, 0.038756078181, 0.56863185429, 0.36791524688],
      [0.39732091099, 0.029215849373, 0.42575670677, 0.14770653286]
    ],
    [
      [0.59080404179, 0.015580682545, 0.35315439134, 0.040460884318],
      [0.063331784516, 0.010989849457, 0.82778910271, 0.097889263318],
      [0.060360814093, 0.48573557322, 0.40634879991, 0.047554812781],
      [0.014182852596, 0.040073178535, 0.7282641496, 0.21747981927],
      [0.251454218, 0.033995220795, 0.61416028041, 0.10039028079]
    ],
    [
      [0.63220172634, 0.033162255577, 0.30754446249, 0.027091555586],
      [0.077794401382, 0.026678769053, 0.82095017519, 0.074576654378],
      [0.043983430615, 0.69507145541, 0.23940133938, 0.021543774599],
      [0.017395356526, 0.097161328138, 0.72113428955, 0.16430902579],
      [0.28626128983, 0.076682452124, 0.56605615125, 0.071000106799]
    ],
    [
      [0.58925056477, 0.023526838318, 0.35036887741, 0.036853719498],
      [0.064618464848, 0.016789421666, 0.82867661778, 0.089915495704],
      [0.049501467698, 0.58757845345, 0.32771049124, 0.035209587614],
      [0.014436932826, 0.060995769589, 0.7270589628, 0.19750833478],
      [0.25171653535, 0.051144660137, 0.60634173355, 0.090797070965]
    ],
    [
      [0.75497914663, 0.031428815759, 0.19444659826, 0.019145439352],
      [0.13402301739, 0.036656896947, 0.75286277489, 0.076457310765],
      [0.05965080599, 0.75008143073, 0.17288050137, 0.017387261911],
      [0.030140576053, 0.13437746788, 0.66567632956, 0.1698056265],
      [0.41498887305, 0.088416912521, 0.43552149936, 0.061072715064]
    ],
    [
      [0.56314706635, 0.045693609405, 0.35474078611, 0.036418538132],
      [0.059790153538, 0.031869345617, 0.82135560292, 0.086984897926],
      [0.030046206342, 0.73488564214, 0.21275746872, 0.022310682793],
      [0.012818615571, 0.11126521645, 0.69172125319, 0.18419491479],
      [0.22924740417, 0.095307243985, 0.58924302013, 0.086202331719]
    ],
    [
      [0.58224798105, 0.046611982071, 0.339077453, 0.032062583875],
      [0.065003946402, 0.034022157598, 0.82091120884, 0.080062687156],
      [0.03115524499, 0.74626519425, 0.20297439913, 0.019605161638],
      [0.014034345708, 0.11954310346, 0.69614808956, 0.17027446128],
      [0.24420503126, 0.099820760733, 0.57812635558, 0.077847852427]
    ],
    [
      [0.56364935507, 0.029784370405, 0.37196712699, 0.034599147536],
      [0.058970830547, 0.020294495452, 0.84013084051, 0.08060383349],
      [0.040340677003, 0.63483700648, 0.29663727087, 0.02818504565],
      [0.013160712921, 0.073663409614, 0.73631547651, 0.17686040095],
      [0.23263190016, 0.062600884517, 0.62235803365, 0.082409181678]
    ],
    [
      [0.80412007372, 0.0087673063996, 0.18250336, 0.004609259877],
      [0.13566658057, 0.011553454331, 0.83251984089, 0.020260124213],
      [0.10987571177, 0.54350868919, 0.33782617616, 0.008789422882],
      [0.035031247752, 0.050294404767, 0.8622542987, 0.052420048779],
      [0.46757634565, 0.028866148896, 0.48684237784, 0.016715127612]
    ],
    [
      [0.75037649769, 0.03564648334, 0.2065373285, 0.0074396904752],
      [0.11684145631, 0.041172686205, 0.81295251904, 0.02903333844],
      [0.044036168276, 0.79483924426, 0.15537803197, 0.0057465555012],
      [0.026983135016, 0.15931174765, 0.74605110287, 0.067654014465],
      [0.39305706118, 0.10345716535, 0.47947889148, 0.024006881991]
    ],
    [
      [0.65926528591, 0.027957167613, 0.25108963365, 0.061687912824],
      [0.084105714663, 0.023768161865, 0.71074145392, 0.18138466955],
      [0.050653963915, 0.67382139068, 0.22028607223, 0.055238573177],
      [0.016504575453, 0.076252288502, 0.54793007937, 0.35931305668],
      [0.29921031002, 0.065649670422, 0.46941903275, 0.1657209868]
    ],
    [
      [0.85318016885, 0.0044403639463, 0.13910847386, 0.0032709933411],
      [0.1524141349, 0.0074603804135, 0.82141832364, 0.018707161047],
      [0.14642508937, 0.44998122047, 0.3940114386, 0.0095822515667],
      [0.039590413853, 0.033106889248, 0.87748783554, 0.049814861361],
      [0.52814726563, 0.017055582916, 0.44069013255, 0.014107018908]
    ],
    [
      [0.75920517661, 0.014290561233, 0.2144293717, 0.012074890455],
      [0.12077341178, 0.016036729151, 0.81655317438, 0.046636684684],
      [0.084082148375, 0.61110232539, 0.28820097019, 0.016614556045],
      [0.029506044915, 0.065192891554, 0.78834907883, 0.1169519847],
      [0.41493027828, 0.041921414613, 0.5030249799, 0.040123327208]
    ],
    [
      [0.59794516442, 0.016723045187, 0.31990623702, 0.065425553374],
      [0.064826456375, 0.011973975219, 0.76185262332, 0.16134694508],
      [0.058963829858, 0.50986239787, 0.35668402078, 0.07448975149],
      [0.013324251602, 0.040104832498, 0.61497452564, 0.33159639026],
      [0.25139129562, 0.036144449091, 0.55108075909, 0.1613834962]
    ],
    [
      [0.58248698544, 0.033767325706, 0.3554032539, 0.028342434955],
      [0.063152847646, 0.024116385421, 0.84341382845, 0.069316938478],
      [0.03834775159, 0.67638080298, 0.26378037753, 0.021491067894],
      [0.014173892242, 0.088216413839, 0.74374602294, 0.15386367098],
      [0.24534416326, 0.073016166843, 0.61210532813, 0.069534341773]
    ],
    [
      [0.56395132292, 0.038942693459, 0.36063367634, 0.036472307289],
      [0.06024496143, 0.026953867441, 0.8265697279, 0.086231443225],
      [0.034294417962, 0.69752450456, 0.24307157992, 0.025109497553],
      [0.013126798133, 0.095428382519, 0.70707460737, 0.18437021198],
      [0.23233431102, 0.081395480392, 0.59992561981, 0.086344588775]
    ],
    [
      [0.62208129943, 0.026833727389, 0.31559413214, 0.035490841037],
      [0.07424924415, 0.020807640201, 0.81087173762, 0.094071378026],
      [0.049801766352, 0.63710608283, 0.28083313732, 0.032259013498],
      [0.016422885231, 0.074830056832, 0.7042547642, 0.20449229373],
      [0.27773633687, 0.06089907562, 0.57009666294, 0.091267924573]
    ],
    [
      [0.71007084281, 0.022989216777, 0.24111778294, 0.025822157467],
      [0.10735199928, 0.02255301963, 0.78353500504, 0.086559976053],
      [0.06779007483, 0.64869892879, 0.25555601794, 0.027954978441],
      [0.024394806855, 0.083305630514, 0.69913186864, 0.19316769399],
      [0.364144117, 0.059871418145, 0.49980191483, 0.076182550024]
    ],
    [
      [0.65624484001, 0.034405642774, 0.28719019342, 0.022159323796],
      [0.086949387309, 0.029588700214, 0.81833897438, 0.065122938096],
      [0.045896203144, 0.71347950096, 0.22304480714, 0.017579488761],
      [0.019667395707, 0.10883145251, 0.72679196477, 0.14470918702],
      [0.30957693953, 0.082462552613, 0.54780272187, 0.060157785986]
    ]
  ],
  "expected_outcome": [
    [
      [170.8056348872, 63.7045962098, 30.3479922648, 31.4625027791, 41.631181937, 21.6423524355, 0, 43.0502064714, 174.0104083272, 127.1052956827, 88.369828126, 142.3287078003, 109.7857955745, 126.8495706782, 60.6332284519, 0.78651288834, 45.6471290379, 46.4346481363, 38.9211445365, 115.6276115322, 105.4536550108, 16.8951351159, 63.3951796526, 70.4833916549, 76.2855235712, 83.6291772575, 20.9338062777, 81.2557705114, 0, 13.4144144921, 5.1139051241, 8.5595029729, 11.9803630203, 4.9990485949, 46.550233856, 221.6339597368, 113.102215461, 42.4356304965, 54.9887565281, 21.7580311139, 44.9011071763, 75.2320054349, 101.3510971413, 69.4580814903, 31.5362357155, 53.5668142567, 77.2199616448, 8.0412007372, 9.0045179722, 31.6447337238, 4.2659008443, 15.1841035323, 38.268490523, 36.114193097, 1676.6272830274, 230.7921620899, 501.310015025, 439.0277979656],
      [5.8423807099, 3.4800303896, 1.6337585543, 0.30895115776, 1.5949680314, 0.62137182743, 0, 1.2981654662, 10.6394601978, 5.9226619823, 2.633456762, 6.4428164408, 5.9345475149, 7.6041129383, 2.9105968837, 0.014480233695, 1.937455224, 3.5532824395, 1.3635703147, 6.2278769214, 6.3449451335, 1.311119574, 3.2764078515, 4.5544448215, 2.9778695349, 5.1276945967, 1.9799367248, 2.9551983668, 0, 0.564306043, 0.25172153768, 0.1717565047, 0.45462317574, 0.19499112696, 3.1577496395, 9.2107947117, 6.0434675961, 1.5007180005, 2.3651931293, 0.30612062414, 1.1841318734, 3.9463084137, 4.0466161906, 2.8914510498, 2.5588421267, 4.2883023505, 4.0804587455, 0.087673063996, 0.42775780008, 1.3419440454, 0.022201819732, 0.28581122465, 1.070274892, 2.0935741938, 115.7766276532, 9.9553128613, 16.2303870447, 23.0173750159],
      [96.0018336117, 40.5001013452, 14.105548572, 7.7623865341, 11.8470245343, 5.4579152659, 0, 13.6431885444, 97.1516490843, 62.4404503541, 39.0472638754, 88.2003406692, 66.2880943078, 77.3213612374, 27.7556981535, 0.18685447683, 32.3051955116, 32.4542439914, 24.0330239329, 88.5212682695, 59.0322438979, 18.1147080648, 43.6095165502, 49.168580516, 36.9313838131, 58.950334736, 16.8958318273, 45.1135432083, 0, 4.676109865, 3.0061482398, 3.6533554128, 3.4479599067, 2.3247729618, 31.19424821, 156.185875256, 66.6476075685, 14.5110453403, 33.9132864934, 5.5878188721, 26.8397337421, 36.5977910367, 60.2634469145, 17.8890870395, 19.8654840224, 31.1951256763, 50.9594963973, 1.8250336, 2.478447942, 12.0523024153, 0.69554236929, 4.288587434, 20.4739991691, 22.035001742, 1072.1639197486, 117.0854230242, 170.2291547584, 192.1302393992],
      [12.3501507912, 3.3152720555, 1.9127006089, 0.46615952904, 1.9268254973, 0.27836047116, 0, 1.0084395179, 6.1984823907, 5.5315919808, 3.9494512366, 7.0281350897, 6.9915626028, 8.2249551461, 2.7004765109, 0.012152401134, 5.1102202264, 3.5578254328, 2.682261216, 9.6232432768, 6.1691559577, 1.6790372453, 3.7188959456, 4.7935830075, 3.8052230807, 5.2927934099, 2.1904251702, 2.6754879135, 0, 0.3451695999, 0.62822509846, 0.61538510959, 0.11705389722, 1.4811873163, 4.0977682945, 12.9693702955, 7.2067093745, 1.5526061627, 2.7327638491, 1.3480293898, 3.0750272082, 3.2238951147, 6.3388397537, 1.7613804204, 2.0394381354, 2.9497577165, 4.7400832124, 0.04609259877, 0.089276285702, 2.9610198155, 0.016354966706, 0.2414978091, 4.1872354159, 1.7572309672, 108.4321695707, 13.1671020246, 18.2304431718, 14.8245876194]
    ],
    [
      [15.5841488392, 7.3510834369, 3.0521566703, 6.5857903084, 5.5750456001, 2.7280505303, 1.2183867651, 5.3901989114, 15.4700190425, 16.6923486495, 8.4786411833, 20.0631577901, 11.437791344, 16.8992790964, 8.3956777791, 0.39249906944, 6.0477393985, 7.3935557135, 5.1551602189, 16.9021429803, 11.6202642252, 3.4225076211, 10.8935362846, 13.5439380528, 11.1113457794, 16.5942917135, 3.9309244727, 12.4882063297, 1.1250588986, 0.89061264134, 0.79759705078, 0.73997681567, 2.2750283139, 0.22671862581, 6.6101731638, 23.6238571197, 16.0712474279, 5.6104841222, 10.6405805302, 4.2855678561, 4.4965567007, 11.0468049963, 26.3643336579, 10.4537953568, 4.1255205941, 7.9954854075, 21.4653823191, 0.81399948342, 0.35052436894, 1.9344314373, 1.2193130792, 0.96618729427, 2.7227111677, 3.4102537729, 208.6283014337, 32.5211689376, 80.9434074561, 31.9104251425],
      [3.467247219, 2.6262474992, 1.0933240772, 0.43751925423, 1.4196044463, 0.53869115623, 0.67609493735, 1.0771098858, 6.1506920026, 5.066370573, 1.6534723526, 5.9070817174, 4.0297345594, 6.5913355331, 2.6406062153, 0.072223414546, 1.6815883227, 3.7024303204, 1.1892618711, 5.9205978361, 4.5581104942, 1.7470200387, 3.67406871, 5.7054274635, 2.8355954751, 6.6240906406, 2.4467820796, 2.9680548021, 0.025006536931, 0.26134348267, 0.2832698396, 0.10753956577, 0.60901077698, 0.06698287873, 2.9368292868, 6.3761382598, 5.5921865345, 1.3169151539, 2.9947439918, 0.41064958777, 0.78027931146, 3.7883852056, 6.8500840397, 2.8592379619, 2.1989848476, 4.1847253845, 7.3871963446, 0.069320725983, 0.12351805862, 0.54666772289, 0.059683043308, 0.12829383321, 0.50290695919, 1.3022848127, 93.3412429494, 9.1137464078, 17.0049768013, 10.8590529786],
      [188.8766860551, 101.459721865, 31.4467526386, 36.7108206404, 35.1014470574, 15.9050817096, 12.4835111026, 37.6656433647, 186.1344062953, 177.0629772897, 81.3772544225, 268.0050717243, 149.2881403434, 222.133867968, 83.5769479109, 3.3203239973, 93.0689266857, 112.2126294334, 69.6362117582, 278.8993109806, 140.6576949418, 80.1674782477, 162.1704355456, 204.2141567695, 116.654051936, 252.4073298873, 69.343723491, 150.3546216359, 0.83346509617, 7.296187945, 11.4209387155, 7.7781696318, 15.5789823951, 2.714999842, 96.382993188, 358.3121950064, 204.5220021538, 42.392505659, 142.5233016851, 25.0277341535, 58.7730262923, 116.5749248764, 338.1000600553, 58.7232964417, 56.6735366014, 100.9720786877, 305.8076259458, 4.9951190453, 2.4388575571, 16.3470534402, 6.5713465891, 6.5324253951, 31.9978101796, 45.5443467365, 2862.4109677278, 355.161821079, 590.785393799, 300.3304035978],
      [25.0719178867, 8.5629471989, 4.4077666138, 2.2658697969, 5.9039028962, 0.82817660387, 0.622007195, 2.8670478381, 12.2448826596, 16.1783034878, 8.4906320416, 22.0246887682, 16.2443337532, 24.3755174025, 8.3867680948, 0.21495351876, 15.2017455931, 12.6913845327, 8.0193661518, 31.277948203, 15.1639303388, 7.6629940924, 14.2619594598, 20.5364777143, 12.3990068095, 23.3742877586, 9.2785699567, 9.1891172323, 0.016469468262, 0.55185593095, 2.4981943941, 1.3743139868, 0.53697851406, 1.9912986534, 13.0700043614, 30.6878096141, 22.8145638838, 4.6800950649, 11.8413737929, 6.2760484026, 6.9501376956, 10.5898849217, 36.6855222471, 5.9636702397, 6.0019579569, 9.8477105202, 29.3397953905, 0.12156074528, 0.087100015319, 4.1718473997, 0.14965728837, 0.37309347747, 6.7765716935, 3.7431146778, 298.6194878891, 41.2032635756, 65.2662219437, 23.9001182812]
    ],
    [
      [8.2595464507, 3.9215926315, 2.0809661725, 2.9021285116, 3.1496342216, 1.3403352822, 1.1019380602, 4.9951788195, 18.2009432336, 16.7427854409, 6.3995132181, 16.9850688107, 6.2026589148, 14.540711637, 7.0972107747, 0.56432471055, 4.2516853835, 5.1302307555, 4.3741061382, 12.7342775191, 5.5828432348, 3.7930162309, 9.8821136351, 10.1980163818, 11.7192523224, 15.6876408984, 3.4486523707, 5.9852631566, 1.2134685442, 0.97951231233, 0.68458024971, 0.45613411544, 0.92193281357, 0.32296288295, 1.7798744914, 8.7437258798, 4.4395533856, 2.7385135818, 4.0012399024, 3.6538667555, 4.4063394288, 6.3336140085, 15.4939593895, 13.1231773177, 7.3012281411, 10.5616280517, 11.5777742999, 0.76912998242, 1.0568680386, 3.1405457627, 0.58570035748, 0.75673933537, 2.9481914929, 5.1002509615, 120.9907065698, 19.4724906435, 51.7238270953, 16.9815951633],
      [84.2866803845, 64.8446283985, 35.3689716145, 9.2741619841, 37.9445230265, 13.4563948403, 29.8744321633, 46.6726739394, 330.3769914476, 232.2906553474, 57.6548804242, 228.354999328, 100.5322180264, 259.0735181841, 102.8465916395, 5.9113981443, 54.5719794238, 118.2268395262, 46.7176675909, 203.7563074279, 100.8328237356, 89.1378394301, 152.6066378693, 196.5538565747, 137.1233766786, 285.8508718312, 99.0647656115, 65.6006683393, 2.3053133128, 14.6189172061, 12.2757012938, 3.7039358488, 12.7442372859, 5.4650565763, 37.0584343706, 107.9864962326, 71.1911374771, 30.4479598439, 52.0920656546, 16.6704025308, 35.4586968449, 100.0902895785, 183.9120559284, 165.01791476, 178.5772110401, 252.9839008493, 182.1982208585, 3.8045608243, 19.0761418622, 41.7769262223, 1.7999248819, 5.4999209285, 25.4931198936, 89.9586467969, 2460.8664520932, 249.1084783849, 494.9572826663, 263.9874153545],
      [51.6647518726, 27.9004728637, 11.0231633233, 8.3132226218, 10.2097759369, 3.9948645725, 5.7365416044, 17.9747410543, 113.0538423897, 91.6709910254, 31.6728722776, 117.1263213214, 41.7653309259, 98.6650642844, 36.4349834023, 2.3676799949, 33.7266080711, 40.147000341, 30.4375856087, 108.4650334009, 34.8625498869, 45.7381821859, 75.8994793293, 79.3461956546, 63.476608988, 123.1657152112, 31.3364395321, 37.1623539454, 0.47020502863, 4.0926094284, 4.9779033078, 2.4231947613, 3.2217608567, 1.9546559353, 13.3678245318, 68.4625588944, 29.1494551726, 10.6491801443, 27.631865611, 10.9737594321, 29.6634623934, 34.4737928707, 102.5733837588, 38.0337103018, 51.7000649001, 68.8083213037, 85.13489674, 2.3647832331, 3.7290727672, 13.657736478, 1.5760457544, 2.5938087318, 17.8342010391, 35.0827902117, 857.5565339704, 109.8057566938, 194.9892416882, 82.5265786407],
      [6.7890212922, 2.3333061063, 1.5268988896, 0.51048688256, 1.6960668149, 0.20840530495, 0.28708817212, 1.3574061868, 7.368222929, 8.2955681863, 3.2727340801, 9.5336105399, 4.4997921328, 10.7207058944, 3.6212141835, 0.1565971503, 5.4497271215, 4.4959293773, 3.4706406622, 12.0443816521, 3.7217831427, 4.3309621531, 6.6117691662, 7.9019313889, 6.6807620111, 11.2957720592, 4.1501424858, 2.2517145587, 0.011013114328, 0.30896105315, 1.0618151487, 0.41673527448, 0.11206904384, 1.2573246054, 1.7938666062, 5.8072189931, 3.2198539647, 1.16434643, 2.2748288319, 2.7019712816, 3.471501333, 3.1023035422, 11.0206009233, 3.8251976205, 5.4214959186, 6.6461497953, 8.0891081016, 0.061525960174, 0.13791733203, 3.424791537, 0.038329006267, 0.1495310044, 3.7244875745, 2.8583120298, 88.5863073667, 12.6132742778, 21.3296485503, 6.5044108415]
    ],
    [
      [0.47028680595, 0.24823259136, 0.097101701448, 0.29066387609, 0.22219594065, 0, 0.071204881094, 0.18902991028, 0.62407967509, 0.64762789948, 0.44427845163, 0.81120612658, 0.23618383393, 0.98438616343, 0.45379184125, 0.022502175179, 0.36344193206, 0.36180166851, 0.38238135943, 0.61329755132, 0.45741281206, 0.16211156645, 0.56527898028, 0.58549713848, 0.43556981309, 0.80179052745, 0.36631550252, 0.3871290001, 0.18392070732, 0.044948983055, 0.031207086213, 0.015397356361, 0.14302347313, 0, 0.14110107776, 0.64345637978, 0.509857596, 0.32668109566, 0.46265953393, 0.098787282586, 0.085097115576, 0.50446533925, 0.80846823824, 0.54253036895, 0.17946061799, 0.37892733412, 0.90808919156, 0, 0, 0.066018301813, 0.079180827706, 0, 0.10659401282, 0.14173892242, 8.5586723826, 1.1003333104, 3.0981404706, 0.53101968409],
      [1.7016847718, 1.444596627, 0.56913847694, 0.31623803279, 0.92613783731, 0, 0.658059005, 0.61719783381, 4.0350740789, 3.197405293, 1.411030909, 3.8836179499, 1.354280351, 6.2439259655, 2.3250357423, 0.071093721259, 1.6448638529, 2.9499045098, 1.4369703595, 3.4929119381, 2.9209158601, 1.3468533464, 3.1015635759, 4.0120634061, 1.809146384, 5.2045058909, 3.7144725824, 1.4980560645, 0.089156434842, 0.2186797408, 0.18286585186, 0.036879278084, 0.63842143415, 0, 1.0224332161, 2.823700582, 2.8876805645, 1.2546175957, 2.1206802425, 0.15502431273, 0.24043907121, 2.817678516, 3.415763097, 2.4187944219, 1.5577130304, 3.2276637933, 5.0827752633, 0, 0, 0.30500915401, 0.066213778495, 0, 0.32083865999, 0.88216413839, 62.2193054025, 5.0136138077, 10.5798150753, 2.9384492177],
      [22.3804540865, 13.4563173643, 3.93214106, 6.3958245785, 5.5029736852, 0, 2.9037641282, 5.1970027243, 29.48650759, 26.9801645274, 16.7525286014, 42.5521051408, 12.1051686811, 50.8098299535, 17.7490052124, 0.77070879648, 21.9646543548, 21.5650314182, 20.296150883, 39.734622603, 21.7430619737, 14.907552059, 33.0497666957, 34.668004422, 17.9641546859, 47.8905227214, 25.3774738356, 18.3107439783, 0.69513080873, 1.4526357732, 1.7573211471, 0.63663094068, 3.8823257058, 0, 8.0787266369, 38.3192094628, 25.4790072822, 9.7102069412, 24.344074919, 2.2745274172, 4.3695848976, 20.9128943969, 40.7153019169, 11.9821739321, 9.6840975446, 18.795998418, 50.8057678793, 0, 0, 2.1917203175, 1.7549756711, 0, 4.9197962051, 7.4374602294, 461.0126440046, 47.1850692017, 88.7897473175, 19.6233830487],
      [7.4475743358, 2.8508534174, 1.4016187616, 0.99727351265, 2.3486925368, 0, 0.36697198576, 0.99676953164, 4.854338656, 6.1748022801, 4.392162038, 8.7530707828, 3.304367134, 13.9618579175, 4.4721672041, 0.13569530708, 9.0270398603, 6.1232624035, 5.8844973981, 11.1591679076, 5.8786093542, 3.5834830282, 7.2833907481, 8.7344350334, 4.791129117, 11.1031808603, 8.5417380794, 2.8040709571, 0.031792049106, 0.28373550289, 1.0286059149, 0.31109242488, 0.33622938691, 0, 2.7577390692, 8.2136335754, 7.1234545573, 2.7084943674, 5.0725853046, 1.4716609875, 1.3048789156, 4.7649617478, 11.0604667479, 3.056501277, 2.578728807, 4.5974104545, 12.2033676658, 0, 0, 1.4372522267, 0.099629722721, 0, 2.6527711221, 1.5386367098, 120.2093782102, 13.7009836801, 24.5322971365, 3.9071480495]
    ],
    [
      [13.1860598734, 5.7597023952, 1.4028439719, 0.46227683044, 3.4105639686, 1.3104676357, 1.2030556034, 6.9457069526, 15.8865124175, 10.9205279363, 5.6101780132, 13.4176631033, 4.3976744515, 11.8121963722, 9.5037427415, 1.1788171027, 4.2101873911, 4.0598614473, 1.9485793236, 10.5054058208, 7.9159634455, 2.0428706497, 8.1896319278, 6.5896518426, 6.6560554089, 9.7039704561, 3.1502609091, 4.4046642115, 1.9021747769, 1.745197873, 0.21556991461, 0.29000278694, 1.6035854758, 0, 5.0114917014, 14.5470576477, 11.9128402098, 2.1419932556, 6.7212307988, 1.589283644, 2.765996398, 8.8740999847, 18.6270236161, 8.7147663341, 4.126453275, 5.6167157191, 11.8642269082, 0.46757634565, 0.39305706118, 2.6928927902, 0, 1.2447908348, 3.2680868431, 3.1894741223, 135.6832376349, 22.2189069493, 58.991346954, 19.5033471904],
      [2.2948384176, 1.607910727, 0.39080809104, 0.023593491802, 0.67471926576, 0.19883815712, 0.49428213664, 1.0783240664, 4.94083333, 2.5910881633, 0.85400099663, 3.0899043555, 1.2116414304, 3.6035262783, 2.3326872859, 0.14522553597, 0.91404155388, 1.588269872, 0.35027060605, 2.8788608135, 2.4282383216, 0.81401917582, 2.1584987455, 2.170177499, 1.3261890372, 3.0291775011, 1.5302235046, 0.81768212946, 0.012279264617, 0.39234953246, 0.058308876602, 0.031805366471, 0.32711297707, 0, 1.7410722569, 3.0729156886, 3.2429546585, 0.39084423653, 1.4774604607, 0.11686339749, 0.37394742875, 2.3771560158, 3.7847048501, 1.8567551629, 1.7155303917, 2.2958774969, 3.1926451103, 0.028866148896, 0.10345716535, 0.5908470338, 0, 0.12576424384, 0.46987783818, 0.94921016896, 47.5349605492, 4.8719260496, 9.6991697394, 5.1951408146],
      [30.0189003586, 14.8959853657, 2.6856237938, 0.47367619206, 3.9877235744, 1.3902232302, 2.1534600505, 9.0261529563, 35.9119616409, 21.745862532, 10.0829248769, 33.6731982387, 10.7723637492, 29.1670124255, 17.7094566768, 1.5352523627, 12.1377164241, 11.5482660463, 4.9185792457, 32.573887204, 17.9797885654, 8.9596859241, 22.8746628897, 18.6511493155, 13.0959222426, 27.7234682061, 10.3977179507, 9.9388864406, 0.083192546987, 2.5899222855, 0.55672866614, 0.54393901969, 1.9747856256, 0, 13.6841224825, 41.4774816978, 28.4616314461, 3.0081260304, 16.8662709228, 1.7030268271, 6.7557630846, 17.5477406887, 44.8692882824, 9.1459514866, 10.6063743623, 13.2969061783, 31.7402597159, 0.48684237784, 0.47947889148, 4.2247712948, 0, 1.5090749397, 7.1640498682, 7.9573692656, 350.3565619714, 45.6077330353, 80.9679102028, 34.5115714779],
