{
  "X": [
    [36, 9, 30, 25],
    [42, 10, 27, 21],
    [48, 12, 23, 17],
    [44, 12, 24, 20],
    [43, 12, 25, 20],
    [39, 10, 29, 22],
    [38, 16, 22, 24],
    [46, 15, 20, 19],
    [41, 19, 27, 13],
    [41, 23, 13, 23],
    [39, 20, 18, 23],
    [43, 19, 20, 18],
    [30, 20, 24, 26],
    [14, 30, 27, 29],
    [28, 22, 23, 27],
    [28, 21, 18, 33],
    [20, 20, 29, 31],
    [28, 19, 22, 31],
    [17, 23, 31, 29],
    [19, 17, 46, 18],
    [24, 18, 36, 22],
    [29, 19, 37, 15],
    [24, 19, 43, 14],
    [27, 24, 29, 20],
    [23, 23, 30, 24],
    [44, 11, 27, 18],
    [40, 15, 21, 24],
    [45, 11, 22, 22],
    [37, 13, 33, 17],
    [44, 9, 25, 22],
    [44, 21, 17, 18],
    [15, 35, 24, 26],
    [10, 38, 16, 36],
    [11, 39, 21, 29],
    [17, 22, 24, 37],
    [19, 42, 12, 27],
    [9, 44, 15, 32],
    [29, 25, 22, 24],
    [41, 23, 10, 26],
    [31, 26, 10, 33],
    [33, 26, 16, 25],
    [36, 22, 13, 29],
    [30, 30, 15, 25],
    [34, 24, 16, 26],
    [32, 29, 17, 22],
    [28, 37, 18, 17],
    [23, 36, 20, 21],
    [26, 37, 10, 27],
    [32, 33, 14, 21],
    [25, 38, 15, 22]
  ],
  "W": [
    [57, 7, 3, 10, 10, 3, 6, 4],
    [55, 9, 7, 7, 3, 4, 7, 8],
    [50, 4, 12, 8, 6, 8, 5, 7],
    [53, 9, 8, 6, 4, 5, 2, 13],
    [61, 6, 7, 5, 4, 8, 5, 4],
    [54, 7, 9, 10, 5, 7, 3, 5],
    [13, 41, 13, 7, 7, 8, 5, 6],
    [9, 55, 6, 8, 7, 3, 5, 7],
    [6, 52, 7, 10, 7, 3, 7, 8],
    [6, 62, 3, 4, 2, 8, 6, 9],
    [4, 51, 7, 6, 4, 9, 14, 5],
    [11, 55, 5, 5, 7, 6, 5, 6],
    [7, 26, 34, 5, 11, 5, 6, 6],
    [7, 3, 62, 8, 4, 6, 5, 5],
    [5, 11, 53, 4, 4, 8, 7, 8],
    [6, 8, 54, 6, 5, 5, 10, 6],
    [4, 5, 59, 12, 7, 3, 6, 4],
    [7, 9, 53, 5, 7, 9, 6, 4],
    [7, 11, 34, 22, 5, 12, 3, 6],
    [8, 2, 3, 59, 11, 4, 5, 8],
    [8, 7, 6, 48, 7, 6, 10, 8],
    [11, 7, 7, 50, 13, 2, 7, 3],
    [5, 6, 5, 56, 9, 2, 11, 6],
    [4, 7, 6, 51, 7, 8, 7, 10],
    [8, 3, 8, 57, 2, 4, 9, 9],
    [4, 10, 10, 2, 60, 4, 5, 5],
    [3, 5, 9, 6, 59, 5, 6, 7],
    [3, 7, 4, 9, 59, 6, 8, 4],
    [11, 4, 5, 8, 56, 7, 4, 5],
    [5, 4, 3, 6, 63, 6, 5, 8],
    [3, 6, 4, 4, 57, 9, 9, 8],
    [7, 7, 7, 7, 15, 43, 3, 11],
    [5, 5, 3, 7, 4, 69, 3, 4],
    [6, 11, 5, 5, 2, 58, 7, 6],
    [5, 10, 6, 7, 6, 55, 5, 6],
    [10, 5, 8, 8, 6, 53, 4, 6],
    [5, 2, 9, 6, 3, 61, 6, 8],
    [5, 7, 5, 12, 4, 33, 26, 8],
    [4, 5, 2, 6, 5, 7, 65, 6],
    [9, 5, 6, 2, 7, 11, 54, 6],
    [12, 4, 7, 4, 5, 4, 60, 4],
    [6, 6, 5, 7, 6, 4, 61, 5],
    [10, 8, 9, 10, 5, 3, 52, 3],
    [4, 7, 9, 6, 6, 4, 48, 16],
    [10, 5, 4, 6, 5, 4, 5, 61],
    [5, 9, 7, 8, 5, 6, 4, 56],
    [7, 9, 3, 7, 7, 5, 7, 55],
    [8, 8, 8, 2, 4, 8, 4, 58],
    [5, 10, 9, 6, 7, 8, 5, 50],
    [7, 3, 7, 5, 11, 6, 7, 54]
  ],
  "method": "mult",
  "cond_prob": [
    [
      [0.43541623912, 0.013282811426, 0.31641698736, 0.23488396209],
      [0.45669358315, 0.13668184447, 0.19393931835, 0.21268525403],
      [0.10415982119, 0.19560306582, 0.25244199381, 0.44779511917],
      [0.10396631483, 0.15582479845, 0.57036440681, 0.16984447992],
      [0.44057331554, 0.041554007168, 0.29663794549, 0.22123473181],
      [0.0088867681586, 0.41264947688, 0.12919755425, 0.4492662007],
      [0.30789272902, 0.25433784171, 0.0507962023, 0.38697322696],
      [0.19023805071, 0.45927953803, 0.094171199102, 0.25631121215]
    ],
    [
      [0.5141792702, 0.010829884921, 0.2978660377, 0.17712480718],
      [0.54294873904, 0.11184078361, 0.18373235711, 0.16147812024],
      [0.14352108728, 0.18517453881, 0.27738572468, 0.39391864922],
      [0.13415482342, 0.13833144816, 0.58747675181, 0.1400369766],
      [0.52016982938, 0.033848883661, 0.27917478529, 0.16680650167],
      [0.013059464303, 0.41401565023, 0.15136972347, 0.421555162],
      [0.39990899162, 0.22664494166, 0.052563908532, 0.32088215819],
      [0.25622965595, 0.42217526922, 0.10108253741, 0.22051253742]
    ],
    [
      [0.62315466168, 0.011135176658, 0.23760322525, 0.12810693641],
      [0.63499924639, 0.11084503647, 0.14144624914, 0.112709468],
      [0.19978992179, 0.21848473568, 0.25439850244, 0.32732684009],
      [0.18579721522, 0.16245897946, 0.53587635608, 0.11586744924],
      [0.62506780138, 0.03449881403, 0.22080824951, 0.11962513509],
      [0.018270757533, 0.48999372328, 0.13958376141, 0.35215175778],
      [0.48893582736, 0.23463367387, 0.042324264009, 0.23410623476],
      [0.31577562221, 0.43987462285, 0.082067997303, 0.16228175763]
    ],
    [
      [0.55319867815, 0.011509379926, 0.26660135593, 0.16869058599],
      [0.57208014185, 0.1162707123, 0.16103997141, 0.15060917444],
      [0.15845221822, 0.20161283962, 0.25483498582, 0.38509995634],
      [0.15183475117, 0.15447101856, 0.55335652352, 0.14033770674],
      [0.55722573628, 0.035807790271, 0.2487898519, 0.15817662155],
      [0.014199009445, 0.44295030094, 0.13695642023, 0.40589426939],
      [0.42046853967, 0.23486638117, 0.045976562554, 0.29868851661],
      [0.26945527629, 0.43678212123, 0.088443187705, 0.20531941477]
    ],
    [
      [0.53888962758, 0.014756837339, 0.27818083558, 0.1681726995],
      [0.54374415709, 0.14577520268, 0.16397520135, 0.14650543888],
      [0.14517262304, 0.24395733111, 0.25001778951, 0.36085225634],
      [0.13909415771, 0.18672006968, 0.54264882394, 0.13153694866],
      [0.53955171681, 0.045658833491, 0.25804252433, 0.15674692536],
      [0.01220359685, 0.50499437671, 0.12605287986, 0.35674914658],
      [0.38724250887, 0.28596054385, 0.045362711817, 0.28143423546],
      [0.23353795965, 0.50228947158, 0.08210631736, 0.18206625141]
    ],
    [
      [0.50645357294, 0.011204177405, 0.29850193752, 0.18384031213],
      [0.53355726087, 0.11546849308, 0.18375977519, 0.16721447086],
      [0.13856029135, 0.18795032696, 0.27261986706, 0.40086951463],
      [0.13091546143, 0.1419051899, 0.5831037929, 0.14407555577],
      [0.51220375509, 0.035010559556, 0.27970445174, 0.17308123361],
      [0.012470469211, 0.41592931859, 0.14722222114, 0.42437799106],
      [0.38832928259, 0.23133096656, 0.051976901712, 0.32836284914],
      [0.24740840721, 0.42875223573, 0.099397098207, 0.22444225885]
    ],
    [
      [0.5070609886, 0.011937550612, 0.28659286046, 0.19440860033],
      [0.52898216568, 0.12140523194, 0.17450790175, 0.17510470063],
      [0.13554105694, 0.19455897461, 0.25572542757, 0.41417454088],
      [0.13166286849, 0.15124444541, 0.56399727905, 0.15309540704],
      [0.51199052125, 0.037211881886, 0.26805913628, 0.18273846058],
      [0.012003843841, 0.42076039726, 0.13574187169, 0.43149388721],
      [0.37726999198, 0.23749333618, 0.048316130175, 0.33692054167],
      [0.2401738042, 0.43728773605, 0.092369726149, 0.23016873359]
    ],
    [
      [0.54506804527, 0.012089115801, 0.26696484968, 0.17587798925],
      [0.56156394817, 0.1214911077, 0.16051749552, 0.15642744861],
      [0.15249574905, 0.206192211, 0.24903852329, 0.39227351665],
      [0.14774992387, 0.1598332356, 0.54802814604, 0.1443886945],
      [0.54868787822, 0.037574580427, 0.24893378223, 0.16480375913],
      [0.013499444613, 0.44607050091, 0.13206579818, 0.4083642563],
      [0.40711446185, 0.24162210694, 0.045149067687, 0.30611436352],
      [0.25930768305, 0.44536441202, 0.086328056643, 0.20899984829]
    ],
    [
      [0.50864415414, 0.014408879588, 0.35896726096, 0.11797970531],
      [0.52957233047, 0.14626333397, 0.21812224532, 0.10604209024],
      [0.14430709152, 0.2491113974, 0.33970661638, 0.2668748947],
      [0.1186199541, 0.16386135385, 0.63415345726, 0.083365234787],
      [0.51096011748, 0.04468684923, 0.33402987143, 0.11032316186],
      [0.012656976908, 0.53352543128, 0.17852000454, 0.27529758727],
      [0.40687624804, 0.30817531014, 0.06503273944, 0.21991570238],
      [0.23530182687, 0.51541765754, 0.11291608807, 0.13636442753]
    ],
    [
      [0.53631706837, 0.017251636567, 0.22207837456, 0.22435292051],
      [0.52192151508, 0.163583455, 0.12600708622, 0.1884879437],
      [0.1303432214, 0.25515514667, 0.1799338908, 0.43456774113],
      [0.14332287834, 0.22457256749, 0.45049078375, 0.18161377042],
      [0.53413110509, 0.05303590384, 0.20484038847, 0.20799260261],
      [0.0103943142, 0.49618598706, 0.085874041174, 0.40754565756],
      [0.34163936011, 0.29342107167, 0.031970183743, 0.33296938447],
      [0.20803356438, 0.51611827782, 0.058462237289, 0.21738592052]
    ],
    [
      [0.51344187952, 0.013703757507, 0.28246952686, 0.19038483611],
      [0.52605091486, 0.1367804303, 0.16875644515, 0.16841220969],
      [0.1348685718, 0.21914702777, 0.24753335775, 0.39845104269],
      [0.13153525605, 0.17109037159, 0.5495037574, 0.14787061496],
      [0.5162348024, 0.04252959847, 0.26303817932, 0.17819741981],
      [0.011579663677, 0.45878552906, 0.12723747565, 0.40239733161],
      [0.37029333117, 0.26385938957, 0.046061681286, 0.31978559798],
      [0.22943319786, 0.47224522452, 0.085724645086, 0.21259693253]
    ],
    [
      [0.52484150973, 0.015684643966, 0.29123005502, 0.16824379128],
      [0.5285496721, 0.15406144203, 0.17111615022, 0.14627273565],
      [0.13838843132, 0.25206991885, 0.2560077575, 0.35353389234],
      [0.1310107579, 0.1909282391, 0.55086889725, 0.12719210575],
      [0.52503211968, 0.048444887617, 0.26985328737, 0.15666970533],
      [0.011544110786, 0.51376446728, 0.12789082043, 0.3468006015],
      [0.3742609858, 0.29922906271, 0.046994465973, 0.27951548552],
      [0.22267150317, 0.51510370939, 0.083940892511, 0.17828389493]
    ],
    [
      [0.49032921653, 0.014394905586, 0.3123622116, 0.18291366628],
      [0.50504245024, 0.14446888214, 0.18780939703, 0.1626792706],
      [0.12663290035, 0.22692026566, 0.26980149777, 0.37664533622],
      [0.11899715243, 0.17068350625, 0.57539638573, 0.13492295559],
      [0.49308563257, 0.044684678847, 0.29098127915, 0.17124840943],
      [0.010806686241, 0.47275271256, 0.13811061624, 0.37832998496],
      [0.35739265012, 0.28048766349, 0.05164190691, 0.31047777948],
      [0.21562642999, 0.4894343394, 0.093628154083, 0.20131107653]
    ],
    [
      [0.42855741051, 0.021627060997, 0.35873301268, 0.19108251581],
      [0.42283342145, 0.20768929911, 0.20669509521, 0.16278218423],
      [0.09529450841, 0.29522584133, 0.26876310775, 0.34071654251],
      [0.088986337177, 0.22077083217, 0.56872510398, 0.12151772667],
      [0.42619665858, 0.066375595827, 0.3305025527, 0.1769251929],
      [0.0073620824349, 0.55715620739, 0.12492865399, 0.31055305619],
      [0.2792458174, 0.37705991146, 0.053230636216, 0.29046363492],
      [0.15136991922, 0.59189332559, 0.08692931403, 0.16980744117]
    ],
    [
      [0.57714480561, 0.011603134056, 0.26901638265, 0.14223567768],
      [0.59506707033, 0.11641693398, 0.16188645066, 0.12662954503],
      [0.1733429258, 0.21331763689, 0.27152655746, 0.34181287985],
      [0.15888380222, 0.15659226096, 0.56489905101, 0.11962488581],
      [0.58029432777, 0.036001821721, 0.25055434359, 0.13314950692],
      [0.015704310684, 0.47144368492, 0.14778922646, 0.36506277793],
      [0.45095339986, 0.24221661583, 0.04776073951, 0.2590692448],
      [0.28644890519, 0.44492344142, 0.091334214093, 0.17729343929]
    ],
    [
      [0.59283116623, 0.012313172561, 0.21169800707, 0.18315765414],
      [0.59615372318, 0.12053035963, 0.1242779175, 0.15903799969],
      [0.16827952314, 0.21398208246, 0.20188389012, 0.41585450428],
      [0.17595499966, 0.17916740912, 0.47885918587, 0.16601840536],
      [0.59433741156, 0.038096946141, 0.19660554383, 0.17096009846],
      [0.01462570597, 0.4539135325, 0.10542786655, 0.42603289498],
      [0.42436283516, 0.23560209316, 0.034443524454, 0.30559154722],
      [0.27577604442, 0.44292829929, 0.067372460953, 0.21392319533]
    ],
    [
      [0.49116799194, 0.013034944262, 0.31341488416, 0.18238217963],
      [0.51236245027, 0.13239321122, 0.19097488023, 0.16426945828],
      [0.1290199643, 0.21006999253, 0.27708041183, 0.38382963135],
      [0.12043469093, 0.15700930485, 0.58576080171, 0.13679520251],
      [0.49534645243, 0.040572635113, 0.29283326776, 0.1712476447],
      [0.011262657726, 0.44807307275, 0.14550756774, 0.39515670178],
      [0.36743195585, 0.26096815352, 0.05339363493, 0.3182062557],
      [0.22583601184, 0.46454170203, 0.098816866265, 0.21080541986]
    ],
    [
      [0.57651652696, 0.0109269959, 0.24653961727, 0.16601685987],
      [0.5942388928, 0.1096432365, 0.14836026515, 0.14775760554],
      [0.16946460791, 0.1966840684, 0.24349172918, 0.39035959451],
      [0.1648079573, 0.15316730816, 0.53707482154, 0.144949913],
      [0.58046744358, 0.033954139287, 0.22995097131, 0.15562744582],
      [0.015356483457, 0.4350822838, 0.13259038608, 0.41697084667],
      [0.4395302875, 0.22272219167, 0.04272966363, 0.2950178572],
      [0.28720498022, 0.42108747492, 0.084040953197, 0.20766659166]
    ],
    [
      [0.43164381002, 0.015326938686, 0.3406285303, 0.21240072099],
      [0.44811747614, 0.15488170638, 0.20662411829, 0.19037669919],
      [0.10232534112, 0.22261597887, 0.27157149891, 0.4034871811],
      [0.097538572582, 0.16993010751, 0.58586218227, 0.14666913764],
      [0.435003712, 0.04766906655, 0.31804743314, 0.19927978831],
      [0.0085785285825, 0.45560793149, 0.13696759843, 0.3988459415],
      [0.30514241148, 0.28969787278, 0.054851568716, 0.35030814703],
      [0.18100649104, 0.4972661395, 0.09793429422, 0.22379307524]
    ],
    [
      [0.45280359467, 0.013155383124, 0.34206408854, 0.19197693366],
      [0.47824925813, 0.1353999971, 0.21136040695, 0.17499033782],
      [0.11452354323, 0.20415039141, 0.29091816333, 0.39040790204],
      [0.10580247267, 0.15096113422, 0.60633058938, 0.13690580373],
      [0.457798498, 0.041057923896, 0.32048575713, 0.18065782097],
      [0.0099899638449, 0.43564343561, 0.15284146919, 0.40152513136],
      [0.33987564188, 0.2645757218, 0.058623473822, 0.33692516249],
      [0.2065856185, 0.46614784015, 0.10718655617, 0.22007998517]
    ],
    [
      [0.50410458853, 0.012047396699, 0.28657146578, 0.19727654899],
      [0.52548522216, 0.12231879324, 0.17469450855, 0.17750147605],
      [0.13310429833, 0.19481444413, 0.25416132542, 0.41791993212],
      [0.13025084126, 0.15261981539, 0.56167897201, 0.15545037134],
      [0.50895503067, 0.037543168436, 0.26810192129, 0.1853998796],
      [0.011729646543, 0.41940924579, 0.13479514926, 0.43406595841],
      [0.37270537469, 0.23831800195, 0.048317649272, 0.34065897409],
      [0.23676941286, 0.43829979488, 0.092311120693, 0.23261967156]
    ],
    [
      [0.55802861606, 0.016322485851, 0.27902183268, 0.14662706542],
      [0.55412489548, 0.15812736279, 0.16207548101, 0.12567226072],
      [0.15205329463, 0.27268949171, 0.25498791932, 0.32026929434],
      [0.14246113577, 0.2043952493, 0.53918429302, 0.1139593219],
      [0.55609657385, 0.050225504074, 0.25766852942, 0.13600939266],
      [0.01252634383, 0.55027772335, 0.12638640975, 0.31080952306],
      [0.39803566401, 0.31234574003, 0.045382160593, 0.24423643537],
      [0.23374778901, 0.53213607051, 0.080094037592, 0.15402210289]
    ],
    [
      [0.52367337527, 0.014100375576, 0.3242521928, 0.13797405636],
      [0.53996392373, 0.14167813943, 0.19557053598, 0.12278740085],
      [0.14605579663, 0.24108678679, 0.30384118207, 0.3090162345],
      [0.1278825942, 0.16895861438, 0.60040094502, 0.1027578464],
      [0.52572211109, 0.043697262159, 0.30165178694, 0.12892883981],
      [0.012685714229, 0.51208041589, 0.1588755035, 0.31635836638],
      [0.40352647046, 0.29101767853, 0.057013799584, 0.24844205143],
      [0.23945297608, 0.50038449336, 0.10174294213, 0.15841958842]
    ],
    [
      [0.59895222868, 0.014248178003, 0.21534298088, 0.17145661243],
      [0.59209320522, 0.13712244883, 0.12449342757, 0.14629091839],
      [0.16754677803, 0.24431997897, 0.20267888064, 0.38545436236],
      [0.17320342132, 0.202241267, 0.47309332897, 0.15146198272],
      [0.59771627239, 0.043882692587, 0.19913317929, 0.15926785573],
      [0.014079095377, 0.50139687864, 0.10256295075, 0.38196107523],
      [0.41887007501, 0.26652989003, 0.034370065078, 0.28022996989],
      [0.26257496588, 0.48364985751, 0.064834490228, 0.18894068639]
    ],
    [
      [0.55427499393, 0.014787974865, 0.21537965778, 0.21555737343],
      [0.54862484753, 0.14253508716, 0.12469506573, 0.18414499958],
      [0.14133957559, 0.23147534414, 0.18496658073, 0.44221849954],
      [0.15494880009, 0.20317659541, 0.45762967214, 0.18424493235],
      [0.55419354764, 0.045635487511, 0.19955566002, 0.20061530483],
      [0.011651822134, 0.46643809028, 0.091873309185, 0.4300367784],
      [0.36868581129, 0.26335323519, 0.032721005129, 0.33523994839],
      [0.23175928827, 0.47960906943, 0.061912476127, 0.22671916616]
    ],
    [
      [0.51482696903, 0.012204050255, 0.31910164965, 0.15386733107],
      [0.53999266858, 0.12521590256, 0.19545523456, 0.1393361943],
      [0.14494237935, 0.21045571298, 0.29957037079, 0.34503153687],
      [0.12899547853, 0.14967440124, 0.60456042463, 0.1167696956],
      [0.51930000933, 0.03803411462, 0.29818679597, 0.14447908008],
      [0.01297539637, 0.46305797959, 0.1607546037, 0.36321202033],
      [0.40410141444, 0.25782638412, 0.056784581842, 0.2812876196],
      [0.24854624727, 0.46111349659, 0.10481935987, 0.18552089628]
    ],
    [
      [0.52004542557, 0.015645610535, 0.25063564155, 0.21367332235],
      [0.51808201884, 0.15230406559, 0.14583533076, 0.18377858482],
      [0.12949194968, 0.23831842522, 0.20822337649, 0.42396624861],
      [0.1358491707, 0.19988370364, 0.49511646101, 0.16915066465],
      [0.52031676475, 0.048352882005, 0.23231858451, 0.19901176874],
      [0.010605184307, 0.4787614137, 0.10225928721, 0.40837411478],
      [0.34788218481, 0.28113158443, 0.038032162187, 0.33295406857],
      [0.21273245904, 0.49907944266, 0.069808318182, 0.21837978011]
    ],
    [
      [0.54892280578, 0.011618834463, 0.24458730199, 0.19487105777],
      [0.56379115192, 0.11667141382, 0.14674431734, 0.17279311692],
      [0.15124850662, 0.19598348168, 0.22481886667, 0.42794914504],
      [0.15434109524, 0.15985156176, 0.51980653213, 0.16600081087],
      [0.55289419541, 0.03615356085, 0.22823869823, 0.18271354552],
      [0.013332124038, 0.42418665338, 0.11884223501, 0.44363898757],
      [0.40042775749, 0.22790243, 0.04048075211, 0.3311890604],
      [0.26014878791, 0.4302002626, 0.078931547151, 0.23071940234]
    ],
    [
      [0.46574492109, 0.014666295806, 0.36574516169, 0.15384362141],
      [0.48734227286, 0.15009888342, 0.22358325761, 0.1389755861],
      [0.1222216238, 0.23578993264, 0.32021217803, 0.32177626552],
      [0.10552089656, 0.1626852755, 0.62618716397, 0.10560666398],
      [0.46897076365, 0.045626492567, 0.34120097995, 0.14420176384],
      [0.010516611222, 0.49859939462, 0.16525799158, 0.32562600258],
      [0.35774962523, 0.30317984917, 0.063758001098, 0.2753125245],
      [0.20728786053, 0.51077930882, 0.11087264138, 0.17106018927]
    ],
    [
      [0.51689834389, 0.009240121551, 0.27916658096, 0.1946949536],
      [0.55084853146, 0.096263317905, 0.1737667059, 0.17912144474],
      [0.14498313346, 0.15860724791, 0.26116088318, 0.43524873545],
      [0.14088733035, 0.12319714579, 0.57517581405, 0.1607397098],
      [0.52460510798, 0.028970342025, 0.26248696959, 0.18393758041],
      [0.013520839231, 0.36310344279, 0.14603267104, 0.47734304694],
      [0.4031241783, 0.19371922474, 0.049382765749, 0.35377383121],
      [0.26994716694, 0.37682358419, 0.099244753429, 0.25398449545]
    ],
    [
      [0.58993460441, 0.020010568229, 0.2273922479, 0.16266257946],
      [0.55735246764, 0.1845420442, 0.12542492394, 0.13268056422],
      [0.15257479681, 0.31603591089, 0.19619912118, 0.33519017112],
      [0.15600413443, 0.2584554857, 0.45517996584, 0.13036041403],
      [0.58190300201, 0.060954202231, 0.20778090335, 0.14936189241],
      [0.011730519877, 0.59476061243, 0.090414783617, 0.30309408408],
      [0.37896378679, 0.34454700149, 0.033106721612, 0.24338249011],
      [0.21805965033, 0.57453157822, 0.057189089408, 0.15021968204]
    ],
    [
      [0.41056210234, 0.017541272507, 0.38884146024, 0.18305516491],
      [0.42506669023, 0.176511045, 0.23479320975, 0.16362905501],
      [0.096385324555, 0.25192198894, 0.30714763013, 0.34454505637],
      [0.085437861898, 0.17893582971, 0.61909588474, 0.11653042366],
      [0.41252288922, 0.054374218573, 0.3618648793, 0.17123801291],
      [0.0079402399276, 0.50531708597, 0.15197472143, 0.33476795267],
      [0.29458482666, 0.3356245909, 0.063337514866, 0.30645306757],
      [0.1650508112, 0.54300562944, 0.10691814764, 0.18502541172]
    ],
    [
      [0.49547472513, 0.014882326083, 0.27932144671, 0.21032150207],
      [0.50343451761, 0.14678919373, 0.16533565773, 0.18444063093],
      [0.12131015951, 0.22610627594, 0.23367209005, 0.4189114745],
      [0.12191130886, 0.18217394068, 0.53505844597, 0.1608563045],
      [0.49754686348, 0.046092645731, 0.25973713292, 0.19662335788],
      [0.010091041153, 0.45958111253, 0.11725511086, 0.41307273546],
      [0.34147, 0.27466949867, 0.043894752967, 0.33996574837],
      [0.20820188346, 0.48584811759, 0.081134842112, 0.22481515683]
    ],
    [
      [0.40045067594, 0.016806855283, 0.39995821686, 0.18278425191],
      [0.41955798492, 0.17101863292, 0.24409716113, 0.16532622103],
      [0.093997497546, 0.24254545261, 0.31767572822, 0.34578132163],
      [0.082102738404, 0.16981057116, 0.63273720203, 0.1153494884],
      [0.40334330175, 0.05221605741, 0.37303749948, 0.17140314136],
      [0.0078329101251, 0.49253342652, 0.15913085688, 0.34050280648],
      [0.29291274229, 0.32817100789, 0.066418119322, 0.3124981305],
      [0.16454967814, 0.53306182491, 0.11271192782, 0.18967656913]
    ],
    [
      [0.47052987366, 0.0078044128523, 0.33232463416, 0.18934107933],
      [0.52078710457, 0.08390720248, 0.21438748207, 0.18091821088],
      [0.13076167292, 0.13324872515, 0.31225725692, 0.423732345],
      [0.11776711687, 0.09618469947, 0.64032855248, 0.14571963118],
      [0.48079643739, 0.024599278151, 0.31448047448, 0.18012380999],
      [0.012743375395, 0.31643718191, 0.18298177292, 0.48783766977],
      [0.39315686582, 0.17406544772, 0.063092663595, 0.36968502287],
      [0.26455029508, 0.33862339376, 0.12817508683, 0.26865122433]
    ],
    [
      [0.6307427352, 0.018473519341, 0.18512500019, 0.16565874527],
      [0.5943811274, 0.16912408046, 0.10172575769, 0.13476903445],
      [0.16927258766, 0.3046756712, 0.1680093202, 0.35804242094],
      [0.18156954106, 0.26192064513, 0.40986511467, 0.14664469914],
      [0.62239327817, 0.056232037247, 0.16918727296, 0.15218741163],
      [0.01318703952, 0.5785516071, 0.078740059405, 0.32952129398],
      [0.4060892786, 0.31757115534, 0.027106524424, 0.24923304164],
      [0.24237774018, 0.54812634274, 0.048839548357, 0.16065636872]
    ],
    [
      [0.47369696606, 0.0194198369, 0.29883731132, 0.20804588572],
      [0.46629659244, 0.18558465547, 0.17135477176, 0.17676398033],
      [0.1080036134, 0.27432443169, 0.23242156709, 0.38525038782],
      [0.10747841431, 0.21885637037, 0.52717872021, 0.14648649511],
      [0.47180778778, 0.05965750645, 0.27561930288, 0.19291540289],
      [0.0084553328413, 0.52452325841, 0.10968866774, 0.35733274102],
      [0.30576900866, 0.33551097067, 0.043945250725, 0.31477476994],
      [0.17443719744, 0.55496120637, 0.075957865063, 0.19464373113]
    ],
    [
      [0.56389525709, 0.0095539124106, 0.29889943822, 0.12765139228],
      [0.59912394169, 0.098661486731, 0.18511317414, 0.11710139743],
      [0.17765684292, 0.18391142344, 0.31641141847, 0.32202031517],
      [0.15204110376, 0.12611648908, 0.6166844313, 0.10515797587],
      [0.57015080528, 0.029801502322, 0.2798848377, 0.1201628547],
      [0.017166820758, 0.43253210489, 0.18344889502, 0.36685217934],
      [0.47627256417, 0.2150813751, 0.05721544396, 0.25143061676],
      [0.30922217984, 0.4030509809, 0.11189169473, 0.17583514454]
    ],
    [
      [0.59035097317, 0.011684509156, 0.23670458511, 0.16125993257],
      [0.60191488226, 0.11589597356, 0.14020814561, 0.14198099857],
      [0.1749115637, 0.21056715893, 0.23406665759, 0.38045461978],
      [0.17037363447, 0.16428275262, 0.5239886343, 0.14135497861],
      [0.59294217914, 0.036213023197, 0.22004907082, 0.15079572683],
      [0.015657788074, 0.45856405056, 0.12501433517, 0.4007638262],
      [0.44385936919, 0.23400323411, 0.039957806955, 0.28217958975],
      [0.28783238272, 0.4375506094, 0.077970918915, 0.19664608896]
    ],
    [
      [0.50892034782, 0.015277542781, 0.24889202788, 0.22691008151],
      [0.50983969683, 0.14891137915, 0.14494928742, 0.19629963659],
      [0.12484543545, 0.22804224722, 0.20384531025, 0.44326700708],
      [0.13221216005, 0.19342278422, 0.49528642828, 0.17907862745],
      [0.51008493159, 0.047251111656, 0.23092085355, 0.2117431032],
      [0.010311233359, 0.45834347218, 0.10052346055, 0.4308218339],
      [0.33926790707, 0.27137470257, 0.037304993864, 0.35205239649],
      [0.21038594736, 0.48537826926, 0.06959957808, 0.23463620531]
    ],
    [
      [0.4723805028, 0.015524056106, 0.34940441219, 0.16269102891],
      [0.48839476514, 0.15623904008, 0.21011300009, 0.1452531947],
      [0.1218132089, 0.24361886968, 0.3006550817, 0.33391283972],
      [0.10749996564, 0.17215826648, 0.60794767834, 0.11239408954],
      [0.47464751113, 0.048139357143, 0.32501711574, 0.15219601599],
      [0.010341599387, 0.50368542806, 0.15244893442, 0.33352403814],
      [0.35159687992, 0.30810553774, 0.058517018259, 0.28178056408],
      [0.20447933466, 0.51710508807, 0.10234544043, 0.17607013684]
    ],
    [
      [0.52100390573, 0.01241974941, 0.27706181204, 0.18951453282],
      [0.53895840772, 0.12503374397, 0.16671777501, 0.1692900733],
      [0.14041792553, 0.20367035652, 0.24923753016, 0.4066741878],
      [0.13639026598, 0.15842946157, 0.5545389464, 0.15064132606],
      [0.52506299356, 0.038625540002, 0.25849586285, 0.17781560359],
      [0.012347256641, 0.43597454462, 0.13092118659, 0.42075701214],
      [0.38436957359, 0.24422516819, 0.046006996801, 0.32539826141],
      [0.24374360756, 0.44680419202, 0.087743150856, 0.22170904956]
    ],
    [
      [0.49670888466, 0.021050827683, 0.29197341174, 0.19026687592],
      [0.47940342714, 0.19782640016, 0.16419816379, 0.15857200891],
      [0.1163461852, 0.30030672976, 0.22839710712, 0.35494997792],
      [0.1148551576, 0.23736707645, 0.51418080417, 0.13359696178],
      [0.49218093896, 0.064377490577, 0.26791713789, 0.17552443258],
      [0.0089649306404, 0.56388867814, 0.10532458871, 0.32182180251],
      [0.3169307582, 0.35839642196, 0.04208015629, 0.28259266355],
      [0.17786087755, 0.58076973455, 0.070984212843, 0.17038517506]
    ],
    [
      [0.50614021831, 0.01172619166, 0.31613271462, 0.16600087541],
      [0.53419806672, 0.12038263422, 0.19413307909, 0.15128621997],
      [0.14064575815, 0.19825789582, 0.29346920944, 0.36762713658],
      [0.12654934771, 0.14289133896, 0.60443456569, 0.12612474764],
      [0.51148478443, 0.036564354253, 0.29577160157, 0.15617925975],
      [0.012734644255, 0.43668023452, 0.15882264368, 0.39176247755],
      [0.39660385214, 0.24473765471, 0.055804221274, 0.30285427188],
      [0.24855500478, 0.44226400348, 0.10520370462, 0.20397728713]
    ],
    [
      [0.53703771787, 0.010314511182, 0.28444406845, 0.1682037025],
      [0.56643471686, 0.10569590633, 0.17471683925, 0.15315253755],
      [0.15507555418, 0.18124876594, 0.27503195313, 0.38864372675],
      [0.14410041408, 0.1349753889, 0.58353881538, 0.13738538164],
      [0.54311027257, 0.032177494027, 0.26636284961, 0.15834938379],
      [0.01438338545, 0.40831670326, 0.15273318777, 0.42456672352],
      [0.42353179701, 0.216333153, 0.050674311408, 0.30946073859],
      [0.27651843529, 0.40682317442, 0.099568556245, 0.21708983404]
    ],
    [
      [0.53790117713, 0.014423098071, 0.31002681169, 0.13764891311],
      [0.55029577639, 0.14335627719, 0.18478138624, 0.12156656018],
      [0.15122180134, 0.24692693416, 0.29208121597, 0.30977004854],
      [0.13344817498, 0.17463247572, 0.58789120722, 0.10402814207],
      [0.5391826279, 0.044597729209, 0.28777702392, 0.12844261898],
      [0.013093252909, 0.51942219638, 0.15151626923, 0.31596828149],
      [0.40972173515, 0.29225755836, 0.053404591059, 0.24461611543],
      [0.24454436769, 0.50258074187, 0.09593875435, 0.15693613609]
    ],
    [
      [0.42670625613, 0.015207573429, 0.37417759429, 0.18390857616],
      [0.44860382589, 0.15535416628, 0.22913111139, 0.16691089644],
      [0.1047068363, 0.22703590107, 0.3073208199, 0.36093644273],
      [0.093044408012, 0.16167393485, 0.62326911061, 0.12201254653],
      [0.43044956662, 0.047324758259, 0.34952517221, 0.17270050291],
      [0.0089413896194, 0.47095532109, 0.1571328002, 0.3629704891],
      [0.31732636954, 0.30079945834, 0.062869878973, 0.31900429315],
      [0.18496088244, 0.50503048375, 0.11025825599, 0.19975037781]
    ],
    [
      [0.53841822871, 0.015337300455, 0.21739291513, 0.2288515557],
      [0.53229833741, 0.14730269841, 0.1250745143, 0.19532444989],
      [0.1335637384, 0.23161657772, 0.1806339044, 0.45418577947],
      [0.14753498735, 0.20504543589, 0.45641173295, 0.1910078438],
      [0.53839397032, 0.047308708133, 0.20126409208, 0.21303322947],
      [0.010956379475, 0.46148916534, 0.088667688632, 0.43888676655],
      [0.35210689069, 0.26675512321, 0.032075690992, 0.34906229511],
      [0.22112594449, 0.48256140772, 0.0606489529, 0.23566369489]
    ],
    [
      [0.58901041462, 0.013088047162, 0.23760947077, 0.16029206745],
      [0.59316689334, 0.12807299148, 0.13940163209, 0.1393584831],
      [0.17002483914, 0.230054637, 0.22977685739, 0.37014366648],
      [0.16678227491, 0.18084216036, 0.51414607906, 0.13822948567],
      [0.58981507335, 0.040429972828, 0.22033196726, 0.14942298656],
      [0.014788981234, 0.48624086058, 0.11972647167, 0.37924368651],
      [0.431568079, 0.2551503638, 0.039363520026, 0.27391803718],
      [0.27319483051, 0.46541527225, 0.07499274396, 0.18639715328]
    ],
    [
      [0.50091841255, 0.016766363029, 0.29209424905, 0.19022097537],
      [0.50182751468, 0.16321289878, 0.17044238985, 0.16451719669],
      [0.12457454289, 0.2538116484, 0.24325776581, 0.3783560429],
      [0.12127908597, 0.19801553253, 0.54049597209, 0.1402094094],
      [0.50082014732, 0.051711721222, 0.27042339919, 0.17704473227],
      [0.01020746906, 0.5052848481, 0.11936356711, 0.36514411573],
      [0.34389763177, 0.30621816196, 0.04531624989, 0.30456795637],
      [0.20350799726, 0.52208345727, 0.080701566506, 0.19370697896]
    ]
  ],
  "expected_outcome": [
    [
      [24.8187256301, 28.2798598607, 31.1577330841, 29.3195299422, 32.8722672826, 27.3484929389, 6.5917928518, 4.9056124074, 3.0518649248, 3.2179024102, 2.0537675181, 5.773256607, 3.4323045157, 2.9999018736, 2.8857240281, 3.5569869974, 1.9646719678, 4.0356156887, 3.0215066701, 3.6224287574, 4.0328367082, 6.1383147766, 2.6183668764, 2.3958089147, 4.4341999514, 2.0593078761, 1.5601362767, 1.6467684173, 5.123194132, 2.5844917194, 1.7698038132, 2.8739347164, 2.4773736257, 2.4027040556, 2.3526493683, 6.307427352, 2.3684848303, 2.8194762854, 2.3614038927, 4.5802831304, 5.6685660336, 3.1260234344, 4.9670888466, 2.0245608732, 5.3703771787, 2.6895058856, 2.9869437929, 4.3073458297, 2.9450520731, 3.5064288878],
      [0.7571202513, 0.59564367064, 0.55675883291, 0.60999713609, 0.90016707765, 0.60502557986, 0.15518815795, 0.10880204221, 0.086453277529, 0.1035098194, 0.054815030026, 0.17253108362, 0.1007643391, 0.15138942698, 0.058015670279, 0.073879035366, 0.052139777047, 0.076488971298, 0.1072885708, 0.10524306499, 0.096379173593, 0.17954734436, 0.070501877882, 0.056992712011, 0.11830379892, 0.048816201019, 0.046936831605, 0.03485650339, 0.16132925387, 0.046200607755, 0.060031704686, 0.12278890755, 0.074411630414, 0.1008411317, 0.039022064262, 0.18473519341, 0.097099184499, 0.047769562053, 0.046738036622, 0.13749788503, 0.18628867328, 0.07451849646, 0.21050827683, 0.046904766638, 0.10314511182, 0.072115490355, 0.106453014, 0.12269840364, 0.06544023581, 0.1173645412],
      [18.0357682793, 16.3826320737, 11.8801612627, 14.1298718644, 16.9690309704, 16.1191046263, 3.725707186, 2.4026836471, 2.1538035658, 1.3324702473, 1.1298781074, 3.2035306052, 2.1865354812, 2.5111310888, 1.3450819133, 1.2701880424, 1.2536595367, 1.7257773209, 2.3843997121, 2.7365127083, 2.2925717262, 3.0692401594, 1.621260964, 0.86137192352, 1.7230372623, 1.2764065986, 0.75190692464, 0.73376190596, 4.0231967786, 1.3958329048, 0.68217674369, 2.7218902217, 1.3966072336, 2.3997493012, 1.6616231708, 1.8512500019, 1.4941865566, 1.4944971911, 0.94681834043, 2.240028251, 4.1928529463, 1.6623708722, 2.9197341174, 1.2645308585, 2.8444406845, 1.5501340585, 2.61924316, 1.739143321, 1.1880473538, 2.0446597434],
      [13.3883858392, 9.7418643949, 6.4053468203, 8.9406010573, 10.2585346694, 9.927376855, 2.5273118043, 1.5829019032, 0.70787823186, 1.346117523, 0.76153934444, 1.8506817041, 1.280395664, 1.3375776106, 0.71117838839, 1.0989459249, 0.72952871852, 1.1621180191, 1.4868050469, 1.5358154693, 1.5782123919, 1.6128977196, 0.68987028178, 0.68582644973, 1.7244589874, 0.61546932427, 0.64101996704, 0.58461317332, 1.6922798355, 0.973474768, 0.48798773839, 1.2813861544, 1.0516075103, 1.0967055115, 0.94670539666, 1.6565874527, 1.0402294286, 0.63825696139, 0.64503973029, 2.0421907336, 1.9522923469, 1.1370871969, 1.9026687592, 0.66400350165, 1.682037025, 0.68824456555, 1.2873600331, 1.8308124456, 0.80146033724, 1.3315468276]
    ],
    [
      [3.1968550821, 4.8865386513, 2.5399969855, 5.1487212766, 3.2624649425, 3.7349008261, 21.6882687931, 30.8860171492, 27.5377611846, 32.359133935, 26.8285966579, 29.0702319657, 13.1311037061, 1.2685002644, 6.5457377736, 4.7692297854, 2.5618122514, 5.3481500352, 4.9292922376, 0.95649851627, 3.6783965551, 3.8788742684, 3.2397835424, 4.1446524365, 1.6458745426, 5.3999266858, 2.5904100942, 3.9465380635, 1.9493690914, 2.2033941258, 3.3441148059, 2.9754668316, 2.5171725881, 4.6151378341, 5.2078710457, 2.971905637, 0.93259318488, 4.1938675919, 3.0095744113, 2.5491984842, 1.9535790605, 3.2337504463, 3.8352274171, 3.739386467, 2.8321735843, 4.9526619875, 4.037434433, 4.2583866992, 5.9316689334, 1.505482544],
      [0.95677291128, 1.0065670525, 0.4433801459, 1.0464364107, 0.8746512161, 0.80827945159, 4.9776145094, 6.6820109237, 7.6056933663, 10.1421742097, 6.9758019452, 8.4733793114, 3.7561909356, 0.62306789732, 1.2805862738, 0.96424287706, 0.66196605609, 0.98678912853, 1.7036987701, 0.2707999942, 0.85623155265, 1.1068915395, 0.85006883658, 0.95985714179, 0.42760526147, 1.2521590256, 0.76152032794, 0.81669989672, 0.60039553369, 0.38505327162, 1.1072522652, 1.235577315, 0.73394596864, 1.8812049621, 0.8390720248, 0.84562040228, 0.37116931093, 0.69063040711, 0.5794798678, 0.74455689577, 0.62495616031, 0.75020246383, 1.5826112013, 0.84267843956, 0.52847953167, 1.2902064948, 1.3981874965, 1.1784215872, 1.2807299148, 0.48963869635],
      [1.3575752285, 1.653591214, 0.56578499655, 1.4493597427, 0.98385120813, 1.2863184263, 7.1548239719, 8.8284622538, 11.3423567568, 7.8124393458, 8.6065787025, 9.4113882621, 4.8830443227, 0.62008528564, 1.7807509572, 0.99422333998, 0.95487440115, 1.3352423864, 2.2728653012, 0.42272081391, 1.2228615599, 1.1345283671, 1.1734232159, 0.87145399296, 0.37408519718, 1.9545523456, 0.72917665378, 1.0272102214, 0.89433303045, 0.6950668236, 0.75254954363, 1.6435524683, 0.82667828864, 2.6850687725, 2.1438748207, 0.50862878844, 0.34270954352, 1.295792219, 0.70104072807, 0.72474643712, 0.84045200034, 1.0003066501, 1.3135853103, 1.3589315536, 0.87358419627, 1.6630324761, 2.0621800025, 1.0005961144, 1.3940163209, 0.51132716954],
      [1.4887967782, 1.4533030821, 0.45083787201, 1.35548257, 0.87903263326, 1.170501296, 7.1792927257, 8.6035096733, 5.5141886923, 11.6862525095, 8.5890226944, 8.0450004608, 4.2296610355, 0.48834655268, 1.3929249954, 1.2723039975, 0.8213472914, 1.3298184499, 2.0941436911, 0.34998067563, 1.2425103323, 0.87970582502, 0.73672440512, 1.0240364287, 0.55243499874, 1.393361943, 0.91889292408, 1.2095518185, 0.55590234441, 0.71648577894, 0.79608338533, 1.1454033851, 0.92220315467, 1.8185884313, 1.8091821088, 0.67384517227, 0.35352796066, 0.81970978204, 0.70990499284, 0.98149818295, 0.5810127788, 1.0157404398, 1.2685760713, 1.0590035398, 0.76576268777, 1.0940990416, 1.502198068, 1.5625955991, 1.393584831, 0.49355159008]
    ],
    [
      [0.31247946358, 1.004647611, 2.3974790614, 1.2676177458, 1.0162083613, 1.2470426222, 1.7620337402, 0.9149744943, 1.0101496406, 0.3910296642, 0.94408000261, 0.69194215659, 4.3055186119, 5.9082595214, 9.1871750675, 9.0870942496, 7.6121778936, 8.9816242194, 3.4790615981, 0.34357062968, 0.79862578996, 1.0643730624, 0.73027898316, 1.0052806682, 1.1307166047, 1.4494237935, 1.1654275472, 0.60499402647, 0.611108119, 0.43494940037, 0.61029918726, 0.67469727189, 0.36393047852, 0.46998748773, 0.78457003753, 1.3541807013, 0.97203252063, 0.88828421462, 0.34982312741, 0.74907261272, 0.85269246229, 0.70208962763, 1.0471156668, 1.2658118234, 0.62030221673, 1.0585526093, 0.31412050889, 1.0685099072, 1.5302235522, 0.87202180023],
      [0.58680919745, 1.2962217717, 2.6218168282, 1.6129027169, 1.7077013178, 1.6915529426, 2.5292666699, 1.237153266, 1.7437797818, 0.76546544001, 1.5340291944, 1.2603495942, 7.7152890323, 18.3040021628, 11.3058347552, 11.5550324527, 12.3941295592, 10.424255625, 7.5689432814, 0.61245117423, 1.1688866648, 1.908826442, 1.205433934, 1.4659198738, 1.8518027531, 2.1045571298, 2.144865827, 0.78393392671, 1.1789496632, 0.47582174374, 1.2641436435, 1.7634539226, 0.67831882783, 1.212727263, 0.79949235091, 2.4374053696, 2.4689198852, 0.9195571172, 0.42113431787, 1.3682534833, 1.7053320878, 1.0183517826, 2.7027605678, 1.7843210624, 0.72499506375, 1.7284885391, 0.68110770321, 1.8529326218, 2.070491733, 1.7766815388],
      [0.75732598144, 1.9417000728, 3.0527820293, 2.0386798866, 1.7501245266, 2.4535788035, 3.3244305584, 1.4942311398, 2.3779463147, 0.53980167241, 1.7327335042, 1.2800387875, 9.1732509242, 16.6633126805, 14.3909075452, 10.9017300666, 16.3477442977, 12.9050616465, 9.233430963, 0.87275448998, 1.5249679525, 1.7849154352, 1.5192059104, 1.2160732838, 1.4797326458, 2.9957037079, 1.8740103884, 0.89927546668, 1.6010608902, 0.78348264954, 0.78479648473, 2.1500334109, 0.70101627015, 1.5883786411, 1.8735435415, 1.3440745616, 2.0917941038, 1.5820570923, 0.46813331517, 1.2230718615, 2.1045855719, 1.2461876508, 2.055573964, 2.641222885, 1.1001278125, 2.0445685118, 0.9219624597, 1.4450712352, 2.0679917165, 1.7028043607],
      [1.3433853575, 2.7574305446, 3.9279220811, 3.0807996507, 2.5259657944, 3.6078256317, 5.3842690315, 2.3536410999, 1.8681242629, 1.3037032234, 2.7891572988, 1.7676694617, 12.8059414315, 21.1244256353, 18.1160826321, 22.456143231, 22.6459482494, 20.6890585091, 13.7185641575, 1.1712237061, 2.5075195927, 2.2418850604, 1.5450811725, 2.3127261742, 3.5377479963, 3.4503153687, 3.8156962375, 1.7117965801, 1.6088813276, 1.3057462063, 1.3407606845, 2.4118153946, 1.2567344235, 1.7289066081, 2.54239407, 2.8643393675, 3.4672534904, 1.6101015758, 0.76090923955, 2.6596020425, 2.3373898781, 2.033370939, 3.1945498013, 3.3086442292, 1.554574907, 2.1683903398, 1.0828093282, 3.6334862358, 3.3312929983, 2.6484923003]
    ],
    [
