{
  "X": [
    [26, 39, 14, 21],
    [38, 27, 13, 22],
    [35, 33, 15, 17],
    [42, 34, 5, 19],
    [38, 30, 10, 22],
    [25, 42, 7, 26],
    [48, 28, 9, 15],
    [37, 29, 15, 19],
    [47, 24, 11, 18],
    [39, 30, 19, 12],
    [37, 34, 17, 12],
    [40, 30, 17, 13],
    [36, 29, 18, 17],
    [50, 12, 26, 12],
    [54, 12, 19, 15],
    [52, 12, 14, 22],
    [48, 11, 24, 17],
    [55, 16, 16, 13],
    [43, 15, 26, 16],
    [57, 26, 9, 8],
    [58, 20, 9, 13],
    [49, 24, 17, 10],
    [52, 21, 14, 13],
    [50, 24, 16, 10],
    [53, 18, 17, 12],
    [18, 28, 30, 24],
    [18, 23, 26, 33],
    [16, 19, 41, 24],
    [19, 17, 32, 32],
    [19, 17, 36, 28],
    [22, 17, 37, 24],
    [18, 15, 19, 48],
    [29, 16, 11, 44],
    [24, 19, 11, 46],
    [21, 22, 7, 50],
    [24, 19, 12, 45],
    [21, 21, 7, 51],
    [25, 33, 11, 31],
    [18, 53, 12, 17],
    [24, 56, 7, 13],
    [15, 52, 18, 15],
    [19, 55, 12, 14],
    [22, 50, 13, 15],
    [29, 36, 20, 15],
    [23, 11, 36, 30],
    [29, 11, 38, 22],
    [29, 14, 33, 24],
    [27, 10, 31, 32],
    [34, 11, 22, 33],
    [34, 11, 32, 23]
  ],
  "W": [
    [50, 6, 5, 4, 11, 10, 9, 5],
    [48, 10, 13, 9, 9, 7, 1, 3],
    [48, 6, 8, 8, 10, 10, 6, 4],
    [54, 3, 7, 6, 7, 4, 8, 11],
    [53, 8, 9, 5, 7, 5, 6, 7],
    [59, 5, 5, 6, 9, 7, 6, 3],
    [20, 48, 7, 5, 3, 6, 5, 6],
    [7, 56, 5, 9, 9, 4, 6, 4],
    [11, 52, 5, 8, 10, 5, 3, 6],
    [3, 56, 7, 8, 7, 5, 9, 5],
    [2, 64, 3, 3, 8, 4, 7, 9],
    [4, 59, 9, 5, 7, 3, 3, 10],
    [9, 34, 29, 3, 9, 6, 3, 7],
    [6, 5, 53, 8, 6, 10, 4, 8],
    [4, 5, 59, 4, 5, 7, 5, 11],
    [8, 4, 56, 7, 8, 7, 6, 4],
    [8, 5, 57, 5, 8, 7, 5, 5],
    [9, 7, 51, 8, 6, 7, 7, 5],
    [8, 4, 45, 18, 5, 8, 5, 7],
    [9, 5, 2, 59, 4, 12, 6, 3],
    [7, 9, 7, 52, 2, 12, 10, 1],
    [7, 7, 8, 56, 3, 7, 4, 8],
    [6, 3, 4, 57, 4, 10, 5, 11],
    [9, 3, 8, 54, 7, 4, 11, 4],
    [7, 7, 4, 58, 12, 6, 3, 3],
    [7, 3, 8, 7, 56, 6, 6, 7],
    [6, 8, 8, 5, 53, 8, 10, 2],
    [6, 6, 8, 8, 59, 5, 6, 2],
    [3, 10, 8, 8, 54, 3, 5, 9],
    [7, 8, 3, 6, 54, 9, 6, 7],
    [7, 10, 8, 6, 53, 6, 5, 5],
    [6, 5, 6, 4, 22, 47, 3, 7],
    [7, 7, 5, 8, 6, 54, 4, 9],
    [8, 5, 10, 8, 3, 51, 9, 6],
    [4, 6, 3, 10, 7, 60, 5, 5],
    [6, 8, 7, 7, 4, 52, 6, 10],
    [5, 6, 4, 6, 5, 60, 1, 13],
    [9, 8, 4, 5, 5, 29, 31, 9],
    [11, 2, 3, 9, 7, 7, 55, 6],
    [6, 6, 6, 5, 7, 3, 64, 3],
    [4, 3, 8, 6, 10, 6, 58, 5],
    [7, 2, 3, 5, 6, 6, 67, 4],
    [8, 5, 3, 8, 4, 6, 59, 7],
    [12, 6, 8, 7, 5, 2, 44, 16],
    [8, 6, 5, 5, 6, 4, 7, 59],
    [3, 5, 4, 5, 6, 5, 7, 65],
    [8, 8, 9, 8, 5, 6, 6, 50],
    [6, 6, 8, 6, 4, 9, 5, 56],
    [6, 7, 10, 2, 3, 6, 7, 59],
    [9, 8, 10, 6, 5, 2, 6, 54]
  ],
  "method": "mult",
  "cond_prob": [
    [
      [0.30714304235, 0.50616084696, 0.017459966988, 0.1692361437],
      [0.41567613779, 0.39252099675, 0.1189455537, 0.072857311751],
      [0.60207674738, 0.027535405072, 0.3013892431, 0.068998604449],
      [0.65795437729, 0.19739531746, 0.13883222105, 0.0058180841958],
      [0.019735393781, 0.13817236228, 0.57088333391, 0.27120891003],
      [0.10327007497, 0.17586434991, 0.018852608146, 0.70201296697],
      [0.083786220908, 0.76665145719, 0.085392996982, 0.064169324915],
      [0.19232959862, 0.0072059623294, 0.52838409113, 0.27208034793]
    ],
    [
      [0.35512323932, 0.41705467019, 0.016094499433, 0.21172759106],
      [0.47819671809, 0.32192682905, 0.10917541182, 0.090701041045],
      [0.64240751258, 0.02094160699, 0.25687291053, 0.079777969896],
      [0.71822884496, 0.1537588652, 0.12113098537, 0.0068813044732],
      [0.022827029428, 0.11344579574, 0.52471209655, 0.33901507828],
      [0.10278847868, 0.12433976127, 0.014934169073, 0.75793759097],
      [0.10921464515, 0.71194225954, 0.088572846239, 0.090270249073],
      [0.21078151995, 0.0056107230858, 0.46091056526, 0.3226971917]
    ],
    [
      [0.37174262275, 0.46509067679, 0.018939193958, 0.14422750649],
      [0.47685509612, 0.34192913452, 0.12235038766, 0.0588653817],
      [0.63910508922, 0.022194213012, 0.28708138561, 0.051619312157],
      [0.7024822565, 0.16011249992, 0.13302705865, 0.0043781849245],
      [0.023880789814, 0.12669700732, 0.61854340149, 0.23087880138],
      [0.13808327164, 0.17825076188, 0.022572826758, 0.66109313972],
      [0.10642203924, 0.73912456155, 0.097125138896, 0.057328260307],
      [0.22291450733, 0.006331704272, 0.54874358974, 0.22201019866]
    ],
    [
      [0.41217146146, 0.41905755907, 0.0053161008888, 0.16345487858],
      [0.56376376951, 0.32854291881, 0.03659689697, 0.071096414704],
      [0.8168149309, 0.023062480889, 0.092731265121, 0.067391323091],
      [0.80675030158, 0.14946916061, 0.038646136752, 0.0051344010565],
      [0.046002085726, 0.19843590837, 0.30059451632, 0.45496748959],
      [0.14289870537, 0.14997774899, 0.0059142135397, 0.7012093321],
      [0.13470953105, 0.76003814125, 0.031112387145, 0.074139940563],
      [0.3755072876, 0.0086731830487, 0.23329623027, 0.38252329908]
    ],
    [
      [0.38179461646, 0.39904612088, 0.012492305513, 0.20666695715],
      [0.51648963927, 0.30947198998, 0.085124819393, 0.088913551355],
      [0.69914398134, 0.020300523067, 0.20179343683, 0.078762058763],
      [0.75705006524, 0.14425697638, 0.092114092282, 0.0065788661036],
      [0.028120139945, 0.12463512283, 0.46775248016, 0.37949225707],
      [0.11258193123, 0.12142283707, 0.011816621007, 0.75417861069],
      [0.12292085403, 0.71274581242, 0.072030941217, 0.092302392337],
      [0.2502909467, 0.0059415649195, 0.39576267732, 0.34800481106]
    ],
    [
      [0.25886171445, 0.50933405338, 0.01009155388, 0.22171267829],
      [0.38506231145, 0.43433401598, 0.075701253479, 0.10490241909],
      [0.63376171772, 0.034651543291, 0.21863519495, 0.11295154404],
      [0.65896125677, 0.23635916106, 0.095618821746, 0.0090607604221],
      [0.019722285872, 0.1647449329, 0.39438059978, 0.42115218146],
      [0.072773487501, 0.14789883276, 0.0091044047081, 0.77022327503],
      [0.072451877181, 0.79074008057, 0.050657596498, 0.086150445747],
      [0.19446596997, 0.008699345778, 0.36911905135, 0.4277156329]
    ],
    [
      [0.41430431664, 0.39688010927, 0.010857270578, 0.17795830351],
      [0.55009859085, 0.30219076674, 0.072632452112, 0.075078190291],
      [0.74222102536, 0.019761773131, 0.17168010887, 0.06633709264],
      [0.78169392915, 0.13665093675, 0.076269480498, 0.0053856536069],
      [0.034417927823, 0.13954773952, 0.45721185552, 0.36882247714],
      [0.13475911809, 0.13300467896, 0.011317525309, 0.72091867764],
      [0.13558572826, 0.72026019986, 0.063559586938, 0.080594484935],
      [0.29493870528, 0.0064085444643, 0.37282930847, 0.32582344179]
    ],
    [
      [0.31225240119, 0.42042971282, 0.014466544544, 0.25285134144],
      [0.4420406324, 0.34127862061, 0.10304839152, 0.11363235547],
      [0.61987968584, 0.023187560959, 0.25258340248, 0.10434935072],
      [0.69888140564, 0.17167745477, 0.12037732835, 0.0090638112391],
      [0.019913878605, 0.11343672558, 0.46384307951, 0.40280631631],
      [0.078928985381, 0.10945051894, 0.011718305846, 0.79990218984],
      [0.096003476468, 0.7170429376, 0.079479265954, 0.10747431998],
      [0.18746164857, 0.0057220245601, 0.41595770147, 0.3908586254]
    ],
    [
      [0.40770620373, 0.37038552738, 0.010144251158, 0.21176401773],
      [0.55219443702, 0.28756961485, 0.06910895305, 0.091126995083],
      [0.73969725743, 0.018650275019, 0.1617191977, 0.079933269853],
      [0.78963978338, 0.13077694608, 0.073005632577, 0.0065776379612],
      [0.033012064521, 0.12682568148, 0.41233360861, 0.42782864538],
      [0.11785757916, 0.11022069629, 0.0093984702243, 0.76252325432],
      [0.13876465054, 0.69979380483, 0.061691969482, 0.099749575151],
      [0.28196945963, 0.0058024982798, 0.33553898247, 0.37668905962]
    ],
    [
      [0.35135879661, 0.45939677492, 0.01949582485, 0.16974860362],
      [0.45823589575, 0.34354904084, 0.12793711393, 0.070277949477],
      [0.61547645811, 0.022357939193, 0.30035328244, 0.061812320254],
      [0.68843910614, 0.16422254323, 0.14201173036, 0.0053266202709],
      [0.021505955777, 0.11897306416, 0.59997751845, 0.25954346161],
      [0.11667172718, 0.15712093764, 0.020746108714, 0.70546122647],
      [0.10088742725, 0.73169353163, 0.10003424953, 0.067384791589],
      [0.20279080877, 0.0060114563071, 0.53893279385, 0.25226494108]
    ],
    [
      [0.33543836022, 0.49716369761, 0.015173315453, 0.15222462672],
      [0.45019335552, 0.38253483383, 0.10239829009, 0.064873520563],
      [0.65247831687, 0.026855450073, 0.25911120672, 0.061555026339],
      [0.69179426116, 0.18696649034, 0.11621014352, 0.0050291049797],
      [0.024217681641, 0.15193467178, 0.54936349441, 0.27448415218],
      [0.11990258654, 0.18309633591, 0.017386736135, 0.67961434142],
      [0.093804453652, 0.77147403016, 0.07582197946, 0.058899536724],
      [0.22921229608, 0.0077032707191, 0.49535962545, 0.26772480775]
    ],
    [
      [0.32715444275, 0.48937390384, 0.014197207764, 0.16927444564],
      [0.44644327093, 0.38279101617, 0.097419929384, 0.073345783511],
      [0.65356548806, 0.027116855956, 0.24899466128, 0.070322994711],
      [0.6933993888, 0.18905003871, 0.11180191404, 0.0057486584462],
      [0.023836245463, 0.15061589769, 0.51759217257, 0.30795568428],
      [0.10931786359, 0.16817106642, 0.015199982956, 0.70731108704],
      [0.092615822632, 0.76936828389, 0.071768127906, 0.066247765574],
      [0.22543659909, 0.007629791031, 0.46666588789, 0.30026772198]
    ],
    [
      [0.26154923045, 0.55106823273, 0.012416555865, 0.17496598095],
      [0.37623729614, 0.4539776304, 0.089776904055, 0.080008169411],
      [0.61964593051, 0.036070924616, 0.25796350173, 0.086319643144],
      [0.63687936579, 0.2439749998, 0.11230480706, 0.006840827348],
      [0.019912124604, 0.17663409057, 0.47143317393, 0.3320206109],
      [0.085988907456, 0.18573850437, 0.013077001057, 0.71519558711],
      [0.068936221979, 0.80885141068, 0.058403745788, 0.063808621554],
      [0.19899101607, 0.0094441317376, 0.44937684431, 0.34218800788]
    ],
    [
      [0.37732083389, 0.46958254851, 0.01854734265, 0.13454927495],
      [0.48288597533, 0.34304997245, 0.11928449586, 0.054779556362],
      [0.64974555435, 0.022028713039, 0.27991561698, 0.048310115637],
      [0.70789061285, 0.15875318977, 0.12929618739, 0.0040600099832],
      [0.025334996489, 0.13119264735, 0.61861757295, 0.22485478321],
      [0.14620734511, 0.18446688093, 0.023008645411, 0.64631712854],
      [0.10670957163, 0.74713483505, 0.0935139652, 0.052641628119],
      [0.2339360767, 0.0064553211143, 0.54535537551, 0.21425322667]
    ],
    [
      [0.35730241295, 0.46815705315, 0.011134043711, 0.16340649019],
      [0.48798842509, 0.36465123074, 0.076397237956, 0.070963106207],
      [0.71236501658, 0.025328820318, 0.19440723007, 0.067898933036],
      [0.73603897827, 0.17334560819, 0.085205544456, 0.0054098690885],
      [0.030054283897, 0.16335008948, 0.46427764225, 0.34231798438],
      [0.12331856091, 0.16332720347, 0.012301515998, 0.70105271962],
      [0.10438200684, 0.77164885231, 0.057970025152, 0.065999115706],
      [0.27176808866, 0.0078623128153, 0.40094837791, 0.31942122061]
    ],
    [
      [0.35672023362, 0.37657036016, 0.0092243496361, 0.25748505658],
      [0.50951589728, 0.30736313588, 0.066214837878, 0.11690612896],
      [0.71127377304, 0.020545427916, 0.16121785735, 0.1069629417],
      [0.77013046338, 0.14693482818, 0.074005716013, 0.0089289924283],
      [0.027595743243, 0.12159265987, 0.35449693823, 0.49631465866],
      [0.089744212322, 0.096337040491, 0.0074292376551, 0.80648950953],
      [0.11935324628, 0.70654936217, 0.055021220437, 0.11907617111],
      [0.24356047504, 0.0057265804895, 0.29872321382, 0.45198973066]
    ],
    [
      [0.36555908395, 0.4025413357, 0.017101433436, 0.21479814692],
      [0.48759069521, 0.306698669, 0.11462444122, 0.091086194572],
      [0.64001383683, 0.019252651129, 0.26237212781, 0.078361384228],
      [0.72355432581, 0.14384299124, 0.12577190351, 0.0068307794437],
      [0.02301157137, 0.10564258061, 0.53451136394, 0.33683448408],
      [0.10441255536, 0.11678360822, 0.01563738919, 0.76316644723],
      [0.11326632583, 0.70026796404, 0.094458577588, 0.09200713254],
      [0.21040782063, 0.0051517926331, 0.4666468443, 0.31779354243]
    ],
    [
      [0.38743381115, 0.44450741815, 0.011391918675, 0.15666685203],
      [0.5174532174, 0.33956022525, 0.076481896856, 0.066504660493],
      [0.72799509941, 0.022941056302, 0.18774344169, 0.0613204026],
      [0.75548248323, 0.15704461706, 0.082567087879, 0.0049058118331],
      [0.032774915348, 0.15741011089, 0.47951915302, 0.33029582075],
      [0.13696217317, 0.16023712416, 0.012892993, 0.68990770968],
      [0.11765538664, 0.75489914833, 0.061688886704, 0.065756578325],
      [0.2888533488, 0.0074110737653, 0.40339216052, 0.30034341691]
    ],
    [
      [0.30428291585, 0.47609835251, 0.01965489989, 0.19996383175],
      [0.41184574073, 0.36837344032, 0.13374933527, 0.086031483683],
      [0.57254171259, 0.024547570908, 0.32451628461, 0.078394431901],
      [0.65197020948, 0.18455885114, 0.15658857352, 0.0068823658574],
      [0.017838050028, 0.11658827454, 0.57350177345, 0.29207190199],
      [0.091049804182, 0.14498143992, 0.018825794724, 0.74514296118],
      [0.084567560408, 0.7412354019, 0.097397175472, 0.076799862216],
      [0.17260482561, 0.0060227693227, 0.52973722263, 0.29163518244]
    ],
    [
      [0.37639722807, 0.50809651803, 0.010881713797, 0.1046245401],
      [0.49808343626, 0.38532256883, 0.07261221553, 0.043981779379],
      [0.74019496892, 0.027666287608, 0.18929448606, 0.042844257414],
      [0.73623314466, 0.18106345729, 0.07941927553, 0.003284122525],
      [0.035388072073, 0.20102799034, 0.51830491201, 0.24527902558],
      [0.16807892545, 0.23256523446, 0.01555267327, 0.58380316683],
      [0.10631952252, 0.79795388589, 0.054919143741, 0.040807447853],
      [0.31840038912, 0.0096875166051, 0.44418586424, 0.22772623004]
    ],
    [
      [0.41421765147, 0.38162977209, 0.01251637287, 0.19163620357],
      [0.54718022826, 0.28901650504, 0.083418801581, 0.080384465116],
      [0.7196737514, 0.018387861386, 0.19263983715, 0.069298550065],
      [0.77624756751, 0.13042533002, 0.087568363599, 0.0057587388761],
      [0.03145911175, 0.12212642742, 0.48325491339, 0.36315954744],
      [0.12761106104, 0.12065835432, 0.012342500851, 0.7393880838],
      [0.13707026916, 0.70135829938, 0.074038367901, 0.087533063556],
      [0.27215916216, 0.0056613825604, 0.39801938211, 0.32416007317]
    ],
    [
      [0.30229799122, 0.528016386, 0.016235576571, 0.15345004621],
      [0.41119328106, 0.41137452811, 0.11121778813, 0.066214402705],
      [0.61454489335, 0.029646276705, 0.29093475925, 0.064874070688],
      [0.65530753956, 0.20821168474, 0.131154513, 0.0053262627044],
      [0.020840730184, 0.15282877026, 0.56204639936, 0.2642841002],
      [0.10693967861, 0.19104103562, 0.018378853916, 0.68364043186],
      [0.08073053745, 0.78541207368, 0.077370896601, 0.05648649227],
      [0.20326080097, 0.0079779313039, 0.52280175251, 0.26595951522]
    ],
    [
      [0.34454737323, 0.47891938825, 0.012907449943, 0.16362578857],
      [0.46829021734, 0.37273463901, 0.088312458339, 0.070662685311],
      [0.68160702141, 0.026145322553, 0.22483010651, 0.06741754952],
      [0.71439087474, 0.18050327821, 0.099659675594, 0.0054461714581],
      [0.026694948146, 0.15578449095, 0.50148494492, 0.31603561598],
      [0.11808034291, 0.16785419545, 0.014158865577, 0.69990659606],
      [0.099291504247, 0.7691991413, 0.066379652021, 0.065129702429],
      [0.2472497679, 0.0077199272942, 0.44298187703, 0.30204842777]
    ],
    [
      [0.34494126741, 0.45293172055, 0.015938637154, 0.18618837488],
      [0.46375051996, 0.3490660473, 0.10789423202, 0.079289200722],
      [0.64286565566, 0.023399635073, 0.26170136438, 0.072033344885],
      [0.70416429247, 0.16857369086, 0.12119261039, 0.006069406278],
      [0.023122402564, 0.12789075231, 0.53647209048, 0.31251475465],
      [0.10701478709, 0.14416509448, 0.015827458, 0.73299266043],
      [0.10139444581, 0.73962872399, 0.083622577899, 0.075354252296],
      [0.21570570318, 0.0063921713568, 0.47722422506, 0.30067790041]
    ],
    [
      [0.37172379482, 0.41799804466, 0.01595140599, 0.19432675453],
      [0.49360118272, 0.31792662155, 0.10660107068, 0.081871125055],
      [0.65903626859, 0.020474654806, 0.24884010295, 0.071648973658],
      [0.72849012922, 0.14902707788, 0.11638409364, 0.0060986992603],
      [0.024836384445, 0.1173379491, 0.53349662418, 0.32432904227],
      [0.11281551055, 0.12983014394, 0.015494648208, 0.74185969731],
      [0.11430738861, 0.71577279861, 0.087511982025, 0.082407830754],
      [0.22615704719, 0.0057188541054, 0.46343741885, 0.30468667986]
    ],
    [
      [0.28722975695, 0.56871383657, 0.01019657304, 0.13385983344],
      [0.40749065023, 0.45993719261, 0.072275908242, 0.060296248914],
      [0.68643025692, 0.037064864569, 0.21036421183, 0.066140666677],
      [0.6699883448, 0.23792195203, 0.087111623873, 0.0049780792981],
      [0.025803586814, 0.21682766423, 0.45571316966, 0.30165557929],
      [0.11221344866, 0.2289997813, 0.012856567345, 0.64593020269],
      [0.074491392233, 0.82948810939, 0.047481314684, 0.048539183694],
      [0.25514570947, 0.01138603486, 0.42771033208, 0.30575792359]
    ],
    [
      [0.32929711775, 0.44376579981, 0.011126698522, 0.21581038392],
      [0.46601639079, 0.35833037321, 0.078692088528, 0.096961147472],
      [0.68294075072, 0.02519613907, 0.19933478416, 0.092528326046],
      [0.7264541306, 0.17603117792, 0.089925471211, 0.007589220267],
      [0.024993016746, 0.14334928567, 0.4207247513, 0.41093294628],
      [0.094336486901, 0.13139207444, 0.010287656642, 0.76398378201],
      [0.099197689885, 0.74971881318, 0.060193736308, 0.090889760631],
      [0.23183437563, 0.0070699885909, 0.37036303726, 0.39073259853]
    ],
    [
      [0.32243914076, 0.4766819938, 0.018329102568, 0.18254976288],
      [0.43346284061, 0.36547781003, 0.12313917956, 0.077920169798],
      [0.60661072261, 0.024498282843, 0.29786045344, 0.07103054111],
      [0.67436355142, 0.17905504436, 0.14049248467, 0.0060889195519],
      [0.020103482002, 0.12617235532, 0.56829992023, 0.28542424245],
      [0.10304725036, 0.15708479622, 0.01889792086, 0.72097003256],
      [0.089966915317, 0.74706730384, 0.091790883661, 0.071174897185],
      [0.19330076292, 0.0064473473021, 0.51883703989, 0.28141484989]
    ],
    [
      [0.31990389966, 0.43119801586, 0.012930022578, 0.2359680619],
      [0.4534546006, 0.34864958711, 0.09164664835, 0.10624916394],
      [0.64967209001, 0.023913463514, 0.2271591361, 0.09925531038],
      [0.71305575721, 0.17272211131, 0.10582060348, 0.0084015279987],
      [0.022105925304, 0.12610315161, 0.44344531459, 0.4083456085],
      [0.085985336766, 0.11919519255, 0.011198554796, 0.78362091589],
      [0.096841200345, 0.73332321223, 0.070162310522, 0.0996732769],
      [0.20690325972, 0.00627525955, 0.39451656545, 0.39230491528]
    ],
    [
      [0.40688165735, 0.39341990215, 0.015991103604, 0.1837073369],
      [0.52890019592, 0.29149414966, 0.10381259667, 0.07579305775],
      [0.68562208993, 0.018086691746, 0.23236699963, 0.063924218704],
      [0.75514103309, 0.1308970348, 0.10853338222, 0.0054285498869],
      [0.027739993064, 0.11415013484, 0.54356959589, 0.31454027621],
      [0.12982250215, 0.12968521031, 0.016484371224, 0.72400791631],
      [0.12861591683, 0.6992195266, 0.090867351422, 0.08129720515],
      [0.24745028014, 0.0054057711064, 0.45977869691, 0.28736525185]
    ],
    [
      [0.39852668766, 0.40924566826, 0.016714071005, 0.17551357308],
      [0.51664667415, 0.30272866113, 0.10834593513, 0.072278729603],
      [0.67472723645, 0.018951637748, 0.24479096622, 0.061530159587],
      [0.74313062904, 0.13725130678, 0.11439143492, 0.0052266292579],
      [0.026858133276, 0.11696261391, 0.55989749862, 0.2962817542],
      [0.13104788292, 0.13865596913, 0.017716190511, 0.71257995744],
      [0.123008755, 0.70883427959, 0.092521407178, 0.075635558234],
      [0.24179115788, 0.005600172415, 0.4789023989, 0.27370627081]
    ],
    [
      [0.35729310165, 0.41659745221, 0.016511444405, 0.20959800174],
      [0.48016071159, 0.31910367456, 0.11115056749, 0.089585046357],
      [0.6430794656, 0.020428993315, 0.25832993455, 0.07816160654],
      [0.72033396374, 0.15058203439, 0.12232570648, 0.0067582953893],
      [0.022766399456, 0.11247342603, 0.53062091596, 0.33413925855],
      [0.10485467234, 0.12582794838, 0.015632797956, 0.75368458133],
      [0.10853311816, 0.71216724024, 0.090180160233, 0.089119481366],
      [0.2109412781, 0.0055337439454, 0.46597685577, 0.31754812219]
    ],
    [
      [0.43050099686, 0.38035098855, 0.014174935023, 0.17497307957],
      [0.55571950606, 0.28031702842, 0.092035340673, 0.07192812485],
      [0.71527578762, 0.017304405434, 0.2069893987, 0.060430408246],
      [0.77666198826, 0.12363440776, 0.094635694842, 0.0050679091386],
      [0.031529640381, 0.11780145868, 0.53111039197, 0.31955850897],
      [0.14323457367, 0.13009796621, 0.015179276023, 0.7114881841],
      [0.14059103608, 0.69641081793, 0.083207749536, 0.079790396452],
      [0.27338411386, 0.0054381067296, 0.43638795113, 0.28478982828]
    ],
    [
      [0.34929446418, 0.42211934266, 0.017586759224, 0.21099943393],
      [0.46798340333, 0.32325437323, 0.11871251525, 0.090049708187],
      [0.6236776071, 0.020720862214, 0.27721336571, 0.078388164984],
      [0.70672278423, 0.15437799117, 0.13203824389, 0.0068609807145],
      [0.02123744357, 0.10863455324, 0.55051074644, 0.31961725676],
      [0.10215747256, 0.12706635529, 0.016540681151, 0.754235491],
      [0.10522528348, 0.71087717399, 0.095233689509, 0.088663853029],
      [0.19876626436, 0.0054218917254, 0.48813171666, 0.30768012726]
    ],
    [
      [0.31941890504, 0.49090802785, 0.0099962607158, 0.17967680639],
      [0.45170515122, 0.39623809593, 0.071161552373, 0.080895200474],
      [0.69707081945, 0.029318706786, 0.19217232877, 0.081438144991],
      [0.7135042881, 0.19740527765, 0.082652774606, 0.0064376596409],
      [0.026530628655, 0.17265038605, 0.42837195184, 0.37244703345],
      [0.10462836839, 0.16547865478, 0.010546277081, 0.71934669975],
      [0.091157079448, 0.78581716451, 0.051362504332, 0.071663251711],
      [0.24973429975, 0.0086481382622, 0.38149445118, 0.36012311081]
    ],
    [
      [0.35023693902, 0.44466099009, 0.015785384138, 0.18931668675],
      [0.47080216523, 0.34139607651, 0.10675009379, 0.081051664471],
      [0.64786512316, 0.02255258543, 0.25675729928, 0.07282499213],
      [0.71195662695, 0.16304499943, 0.11881710526, 0.0061812683595],
      [0.023316498927, 0.12519416851, 0.53732992429, 0.31415940827],
      [0.11041307317, 0.14413962547, 0.01601051576, 0.7294367856],
      [0.10335447291, 0.73497489885, 0.083697246069, 0.077973382171],
      [0.21746584895, 0.0062202103679, 0.47505843281, 0.30125550786]
    ],
    [
      [0.30126942049, 0.52780564198, 0.0075896243883, 0.16333531314],
      [0.43518069992, 0.43461157554, 0.055095157461, 0.075112567073],
      [0.72401657907, 0.034536485656, 0.1599398266, 0.081507108671],
      [0.70620705514, 0.22194087454, 0.065712202644, 0.00613986767],
      [0.028732838628, 0.21246208022, 0.36995993424, 0.38884514692],
      [0.10522186568, 0.18910261548, 0.0085396304451, 0.69713588839],
      [0.082820618298, 0.81687723411, 0.037529089392, 0.062773058199],
      [0.27407475748, 0.010766488194, 0.33423066707, 0.38092808725]
    ],
    [
      [0.39461267911, 0.40645990584, 0.01310907862, 0.18581833643],
      [0.52466064603, 0.30920064384, 0.087587863781, 0.07855084635],
      [0.70551221884, 0.020092442706, 0.20549599507, 0.068899343381],
      [0.75933696146, 0.14175500008, 0.093185962213, 0.0057220762458],
      [0.029300460277, 0.1287645778, 0.49694768526, 0.34498727667],
      [0.12547837957, 0.13398213258, 0.013426194483, 0.72711329337],
      [0.12515680406, 0.71782275455, 0.07476332465, 0.082257116737],
      [0.26045842789, 0.0061100746169, 0.41850064556, 0.31493085193]
    ],
    [
      [0.30203517006, 0.48278410863, 0.013829267374, 0.20135145393],
      [0.42438120832, 0.38837605339, 0.097586922602, 0.089655815686],
      [0.6317668077, 0.02800581874, 0.25320351566, 0.087023857898],
      [0.68035887412, 0.19745865978, 0.11496596022, 0.0072165058871],
      [0.020874488129, 0.14276731461, 0.4867204726, 0.34963772466],
      [0.089683001319, 0.14900430128, 0.013229798406, 0.74808289899],
      [0.085964873324, 0.76351052438, 0.070772040813, 0.079752561488],
      [0.20142756164, 0.0073598644432, 0.44500564755, 0.34620692637]
    ],
    [
      [0.38494181949, 0.4266336993, 0.0074361990019, 0.18098828221],
      [0.53187118421, 0.33746196317, 0.051589891127, 0.079076961495],
      [0.77123063807, 0.023705741561, 0.13034036989, 0.074723250478],
      [0.7813356836, 0.15718019449, 0.05566249251, 0.0058216293948],
      [0.036431731498, 0.17297677847, 0.35876552216, 0.43182596788],
      [0.12254200404, 0.14131246772, 0.0076306938428, 0.7285148344],
      [0.1225593836, 0.75476797961, 0.042593954185, 0.080078682608],
      [0.31512422459, 0.0079915647574, 0.29388904473, 0.38299516592]
    ],
    [
      [0.27638299854, 0.50850272689, 0.018760609585, 0.19635366499],
      [0.38187764365, 0.40216129764, 0.13002883589, 0.085932222821],
      [0.55867990278, 0.028486924377, 0.33089286505, 0.081940307789],
      [0.62688969854, 0.20926564667, 0.15676662466, 0.0070780301313],
      [0.016359690796, 0.12884940755, 0.56248807449, 0.29230282716],
      [0.083067151429, 0.15890890837, 0.018173756249, 0.73985018395],
      [0.074420254966, 0.76119086579, 0.09080182577, 0.073587053473],
      [0.16302961549, 0.0068570768276, 0.53132699589, 0.2987863118]
    ],
    [
      [0.37355686244, 0.43359844705, 0.014581106315, 0.17826358419],
      [0.49732560292, 0.33017780261, 0.097429694248, 0.075066900216],
      [0.67958732687, 0.021829094918, 0.23183018236, 0.066753395856],
      [0.73458662106, 0.15435526949, 0.10550719644, 0.0055509130184],
      [0.026293605971, 0.13108222612, 0.52607510216, 0.31654906575],
      [0.11986439156, 0.14504091714, 0.015108353, 0.7199863383],
      [0.11325761918, 0.73169731121, 0.079708076089, 0.075336993523],
      [0.2409322301, 0.0064060646304, 0.45563977749, 0.29702192778]
    ],
    [
      [0.36117935376, 0.43134930801, 0.015534141542, 0.19193719669],
      [0.48350510905, 0.33064003434, 0.10447886071, 0.081375995899],
      [0.65800510662, 0.021802576057, 0.24798346388, 0.072208853442],
      [0.72245567619, 0.15670954197, 0.11473229316, 0.006102488677],
      [0.024141895551, 0.12338376756, 0.52986794986, 0.32260638703],
      [0.11047668861, 0.13716387306, 0.015307670713, 0.73705176762],
      [0.10933101924, 0.72530718895, 0.084565757672, 0.080796034133],
      [0.22333349231, 0.0060988182873, 0.46433839941, 0.30622929]
    ],
    [
      [0.40104954183, 0.38904594845, 0.01774087829, 0.19216363143],
      [0.51819601529, 0.28800789303, 0.115065926, 0.078730165682],
      [0.66103163149, 0.01780547164, 0.25557235057, 0.065590546309],
      [0.74203534147, 0.13098441533, 0.12130988616, 0.0056703570446],
      [0.025380953653, 0.1049422533, 0.56475625909, 0.30492053396],
      [0.12275930013, 0.1233981922, 0.017460206016, 0.73638230166],
      [0.12751022731, 0.6865957003, 0.10108884103, 0.084805231367],
      [0.22874750955, 0.0050594210914, 0.48371830638, 0.28247476297]
    ],
    [
      [0.32910017736, 0.41575525092, 0.017876761391, 0.23726781033],
      [0.45009725678, 0.32420220198, 0.12245764054, 0.1032429007],
      [0.60380098816, 0.020743362095, 0.28494801287, 0.090507636873],
      [0.69505959952, 0.15764672996, 0.13925297736, 0.0080406931617],
      [0.019539196036, 0.10348639687, 0.52557337831, 0.35140102879],
      [0.088190434114, 0.11363855264, 0.015394575851, 0.7827764374],
      [0.099084749686, 0.70526798621, 0.096228255768, 0.099419008334],
      [0.18379319081, 0.0051753478452, 0.47094007889, 0.34009138246]
    ],
    [
      [0.38732746461, 0.4512679271, 0.01562806699, 0.14577654131],
      [0.50383627444, 0.33405452329, 0.10177904727, 0.060330154999],
      [0.68501006648, 0.02154014301, 0.23986727944, 0.053582511061],
      [0.73379332849, 0.15267549157, 0.10910124005, 0.0044299398963],
      [0.028388146249, 0.13804163604, 0.56696622822, 0.2666039895],
      [0.14402640357, 0.17039055204, 0.018683222425, 0.66689982197],
      [0.11303439603, 0.74614964999, 0.081568063896, 0.059247890084],
      [0.2568233533, 0.0066230141665, 0.48848152265, 0.24807210989]
    ],
    [
      [0.33583139753, 0.46353957224, 0.016662485611, 0.18396654462],
      [0.45233810037, 0.35630044491, 0.11250007919, 0.078861375525],
      [0.63145865603, 0.02376995351, 0.27276918833, 0.072002202125],
      [0.69415452537, 0.17246480806, 0.12727159225, 0.0061090743195],
      [0.022217836118, 0.1285264813, 0.54598913788, 0.3032665447],
      [0.10739067904, 0.15119338579, 0.017104967286, 0.72431096788],
      [0.09608071949, 0.74560715543, 0.085156422381, 0.073155702698],
      [0.2092491948, 0.0064442762549, 0.49018147128, 0.29412505766]
    ],
    [
      [0.34680019659, 0.41173559025, 0.015407932431, 0.22605628073],
      [0.47473133685, 0.32108604812, 0.1056816033, 0.098501011722],
      [0.64342353326, 0.020692762598, 0.24860604989, 0.087277654245],
      [0.72090070842, 0.15331357478, 0.11823698563, 0.0075487311777],
      [0.022621410155, 0.11214835454, 0.49776764818, 0.36746258713],
      [0.096521461889, 0.1164525338, 0.013774243397, 0.77325176092],
      [0.10627841889, 0.71294507775, 0.084387358136, 0.096389145229],
      [0.20854179988, 0.0054913945342, 0.43726492485, 0.34870188073]
    ],
    [
      [0.39414992178, 0.38064075789, 0.0093686792911, 0.21584064104],
      [0.54238440285, 0.29850835706, 0.064585937325, 0.094521302763],
      [0.74253414687, 0.019456922887, 0.15342329628, 0.084585633966],
      [0.7876036856, 0.13638466352, 0.069086642015, 0.0069250088637],
      [0.032830382273, 0.13259973943, 0.38635003728, 0.44821984101],
      [0.11368575616, 0.11173308779, 0.0086808929851, 0.76590026306],
      [0.13094551811, 0.71365465466, 0.055630029528, 0.099769797703],
      [0.28185692139, 0.0060492431474, 0.31604861118, 0.39604522428]
    ],
    [
      [0.40473231995, 0.38743387331, 0.015703807091, 0.19212999965],
      [0.52863269517, 0.2887187904, 0.10280070752, 0.07984780691],
      [0.6837425119, 0.017833308668, 0.23087794806, 0.067546231372],
      [0.75575137572, 0.13014315676, 0.1083439125, 0.0057615550132],
      [0.02774696794, 0.11123791813, 0.53270287215, 0.32831224178],
      [0.12574923761, 0.12269620146, 0.015662886118, 0.73589167482],
      [0.1292278977, 0.69597230128, 0.089556149096, 0.085243651929],
      [0.24569073614, 0.0052423373301, 0.44970637009, 0.29936055645]
    ]
  ],
  "expected_outcome": [
    [
      [15.3571521176, 17.0459154873, 17.8436458922, 22.2572589189, 20.2351146722, 15.2728411524, 8.2860863329, 2.1857668084, 4.4847682411, 1.0540763898, 0.67087672043, 1.308617771, 2.353943074, 2.2639250034, 1.4292096518, 2.853761869, 2.9244726716, 3.4869043003, 2.4342633268, 3.3875750526, 2.8995235603, 2.1160859385, 2.0672842394, 3.1044714067, 2.6020665637, 2.0106082987, 1.9757827065, 1.9346348446, 0.95971169899, 2.8481716015, 2.7896868136, 2.1437586099, 3.013506978, 2.7943557134, 1.2776756202, 2.1014216341, 1.5063471024, 3.551514112, 3.3223868707, 2.3096509169, 1.1055319941, 2.6148980371, 2.8894348301, 4.8125945019, 2.6328014189, 1.1619823938, 2.6866511803, 2.0808011795, 2.3648995307, 3.6425908795],
      [25.3080423481, 20.0186241691, 22.3243524861, 22.6291081895, 21.1494444065, 30.0507091494, 7.9376021854, 2.9430079897, 4.0742408012, 1.3781903248, 0.99432739521, 1.9574956154, 4.9596140946, 2.817495291, 1.8726282126, 3.0125628813, 3.2203306856, 4.0005667634, 3.8087868201, 4.5728686623, 2.6714084046, 3.696114702, 2.8735163295, 4.076385485, 2.9259863126, 3.980996856, 2.6625947989, 2.8600919628, 1.2935940476, 2.753939315, 2.8647196778, 2.4995847133, 2.6624569198, 3.3769547413, 1.9636321114, 2.6679659405, 2.6390282099, 3.6581391526, 5.310625195, 2.5598021958, 2.0340109076, 3.0351891294, 3.4507944641, 4.6685513814, 3.3260420074, 1.3538037813, 3.7083165779, 2.4704135415, 2.2838445473, 3.4869048598],
      [0.8729983494, 0.77253597278, 0.90908130998, 0.28706944799, 0.6620921922, 0.59540167894, 0.21714541156, 0.10126581181, 0.11158676273, 0.05848747455, 0.030346630906, 0.056788831056, 0.11174900279, 0.1112840559, 0.044536174843, 0.073794797089, 0.13681146749, 0.10252726808, 0.15723919912, 0.097935424171, 0.087614610091, 0.113649036, 0.077444699661, 0.14344773439, 0.11165984193, 0.07137601128, 0.06676019113, 0.10997461541, 0.038790067733, 0.11193772523, 0.11699849703, 0.09906866643, 0.099224545164, 0.14069407379, 0.039985042863, 0.094712304829, 0.037948121941, 0.11798170758, 0.15212194112, 0.044617194012, 0.075042438341, 0.10206774421, 0.12427313234, 0.21289053948, 0.14301409113, 0.046884200971, 0.13329988489, 0.092447594585, 0.056212075747, 0.14133426382],
      [8.4618071849, 10.1629243708, 6.9229203117, 8.8265634436, 10.9533487291, 13.0810480193, 3.5591660702, 1.7699593901, 2.329404195, 0.50924581086, 0.30444925345, 0.67709778257, 1.5746938286, 0.8072956497, 0.65362596076, 2.0598804527, 1.7183851754, 1.4100016682, 1.599710654, 0.94162086088, 1.341453425, 1.0741503235, 0.98175473141, 1.6756953739, 1.3602872817, 0.93701883408, 1.2948623035, 1.0952985773, 0.7079041857, 1.2859513583, 1.2285950115, 1.2575880104, 1.224811557, 1.6879954715, 0.71870722557, 1.1359001205, 0.81667656572, 1.6723650279, 2.2148659932, 1.0859296932, 0.78541465996, 1.2478450893, 1.5354975735, 2.3059635772, 1.8981424827, 0.43732962392, 1.4717323569, 1.3563376844, 1.2950438462, 1.7291699968]
    ],
    [
      [2.4940568268, 4.7819671809, 2.8611305767, 1.6912913085, 4.1319171142, 1.9253115573, 26.4047323609, 24.7542754146, 28.7141107248, 25.6612101621, 28.8123747534, 26.340152985, 12.7920680686, 2.4144298767, 2.4399421255, 2.0380635891, 2.4379534761, 3.6221725218, 1.6473829629, 2.4904171813, 4.9246220544, 2.8783529674, 1.404870652, 1.3912515599, 3.455208279, 1.2224719507, 3.7281311263, 2.6007770437, 4.534546006, 4.2312015674, 5.1664667415, 2.400803558, 3.8900365424, 2.3399170167, 2.7102309073, 3.7664173218, 2.6110841995, 4.1972851683, 0.84876241664, 3.1912271052, 1.145632931, 0.99465120585, 2.4175255452, 3.1091760917, 2.7005835407, 2.5191813722, 3.618704803, 2.8483880211, 3.79669082, 4.2290615614],
      [2.3551259805, 3.2192682905, 2.0515748071, 0.98562875644, 2.4757759198, 2.1716700799, 14.5051568037, 19.1116027544, 14.9536199723, 19.2387462873, 24.4822293651, 22.5846699542, 15.4352394335, 1.7152498622, 1.8232561537, 1.2294525435, 1.533493345, 2.3769215768, 1.4734937613, 1.9266128442, 2.6011485454, 2.8796216968, 1.118203917, 1.0471981419, 2.2254863508, 1.3798115778, 2.8666429857, 2.1928668602, 3.4864958711, 2.3319531973, 3.0272866113, 1.5955183728, 1.9622191989, 1.6162718662, 2.3774285756, 2.7311686121, 2.6076694533, 2.4736051507, 0.77675210678, 2.024771779, 1.2064838929, 0.66035560522, 1.6532001717, 1.7280473582, 1.9452132119, 1.6702726165, 2.8504035593, 1.9265162887, 2.0895584994, 2.3097503232],
      [0.71367332222, 1.0917541182, 0.73410232596, 0.10979069091, 0.68099855515, 0.3785062674, 3.4863577014, 5.7707099249, 3.5936655586, 7.1644783799, 6.5534905655, 5.7477758337, 3.0524147379, 0.59642247929, 0.38198618978, 0.26485935151, 0.57312220609, 0.53537327799, 0.53499734107, 0.36306107765, 0.75076921423, 0.77852451689, 0.26493737502, 0.32368269605, 0.74620749475, 0.21682772473, 0.62953670823, 0.73883507736, 0.9164664835, 0.83050077333, 1.0834593513, 0.55575283745, 0.64424738471, 0.59356257624, 0.42696931424, 0.85400075031, 0.33057094477, 0.70070291025, 0.1951738452, 0.30953934676, 0.39008650766, 0.1948593885, 0.52239430354, 0.69039555601, 0.73474584327, 0.50889523635, 0.90000063349, 0.6340896198, 0.45210156127, 0.82240566012],
      [0.4371438705, 0.90701041045, 0.3531922902, 0.21328924411, 0.71130841084, 0.52451209544, 3.603753134, 6.3634119061, 4.7386037443, 3.9355651707, 4.151905316, 4.3274012271, 2.72027776, 0.27389778181, 0.35481553104, 0.46762451586, 0.45543097286, 0.46553262345, 0.34412593473, 0.21990889689, 0.72346018605, 0.46350081894, 0.21198805593, 0.23786760217, 0.57309787539, 0.18088874674, 0.77568917978, 0.46752101879, 1.0624916394, 0.606344462, 0.72278729603, 0.44792523179, 0.50349687395, 0.45024854093, 0.48537120285, 0.64841331577, 0.45067540244, 0.6284067708, 0.17931163137, 0.47446176897, 0.25779666846, 0.15013380043, 0.40687997949, 0.47238099409, 0.61945740419, 0.30165077499, 0.6308910042, 0.59100607033, 0.66164911934, 0.63878245528]
    ],
    [
      [3.0103837369, 8.3512976636, 5.1128407138, 5.7177045163, 6.292295832, 3.1688085886, 5.1955471775, 3.0993984292, 3.6984862871, 4.3083352068, 1.9574349506, 5.8820893925, 17.9697319848, 34.4365143804, 42.0295359782, 39.8313312901, 36.4807886994, 37.1277500698, 25.7643770664, 1.4803899378, 5.0377162598, 4.9163591468, 2.7264280857, 5.1429252453, 2.6361450743, 5.4914420554, 5.4635260058, 4.8528857809, 5.1973767201, 2.0568662698, 5.3978178916, 3.8584767936, 3.5763789381, 6.236776071, 2.0912124584, 4.5350558621, 2.8960663163, 2.8220488754, 1.8953004231, 4.6273838284, 4.4694392223, 2.0387619806, 1.9740153199, 5.2882530519, 3.0190049408, 2.7400402659, 5.6831279043, 5.1473882661, 7.4253414687, 6.837425119],
      [0.13767702536, 0.27224089086, 0.1775537041, 0.16143736622, 0.1827047076, 0.17325771646, 0.13833241192, 0.11593780479, 0.093251375096, 0.15650557435, 0.080566350218, 0.2440517036, 1.0460568139, 1.1675217911, 1.4944003987, 1.1505439633, 1.0974011143, 1.1699938714, 1.1046406909, 0.055332575215, 0.1287150297, 0.23717021364, 0.10458129021, 0.18719708059, 0.081898619225, 0.29651891655, 0.20156911256, 0.19598626275, 0.19130770811, 0.054260075237, 0.15161310198, 0.12257395989, 0.08652202717, 0.20720862214, 0.087956120358, 0.15786809801, 0.13814594262, 0.080369770824, 0.08401745622, 0.14223444937, 0.22789539502, 0.065487284754, 0.065407728171, 0.14244377312, 0.10371681048, 0.086160572042, 0.21392958159, 0.16554210078, 0.19456922887, 0.17833308668],
      [1.5069462155, 3.3393478369, 2.2966510849, 0.64911885585, 1.8161409315, 1.0931759747, 1.2017607621, 1.2629170124, 0.80859598851, 2.1024729771, 0.77733362017, 2.2409519515, 7.4809415502, 14.8355276998, 11.4700265739, 9.0282000114, 14.9552112852, 9.5749155262, 14.6032328072, 0.37858897211, 1.34847886, 2.327478074, 0.89932042605, 2.093610915, 0.9953604118, 1.6829136947, 1.5946782733, 2.3828836275, 1.8172730888, 0.69710099888, 1.9583277298, 1.5499796073, 1.0349469935, 2.7721336571, 0.57651698631, 1.797301095, 0.63975930641, 0.82198398028, 0.75961054698, 0.78204221937, 2.6471429204, 0.69549054708, 0.74395039165, 2.0445788045, 1.4247400643, 0.95946911778, 2.454922695, 1.9888483991, 1.5342329628, 2.3087794806],
      [0.34499302225, 1.0371136086, 0.41295449725, 0.47173926164, 0.70885852887, 0.56475772021, 0.46435964848, 0.52174675359, 0.39966634926, 0.43268624178, 0.18466507902, 0.6329069524, 2.5032696512, 2.5604361288, 4.0060370491, 5.9899247352, 4.466598901, 3.1273405326, 3.5277494355, 0.085688514829, 0.48508985045, 0.5189925655, 0.26967019808, 0.57626675908, 0.28659589463, 0.52912533341, 0.74022660837, 0.56824432888, 0.79404248304, 0.19177265611, 0.4922412767, 0.46896963924, 0.30215204123, 0.78388164984, 0.24431443497, 0.50977494491, 0.32602843469, 0.27559737352, 0.26107157369, 0.44833950287, 0.65552246232, 0.20026018757, 0.21662656033, 0.52472437047, 0.45253818437, 0.21433004424, 0.64801981912, 0.69822123396, 0.84585633966, 0.67546231372]
    ],
    [
