{
  "Z_true": {},
  "V_true": [
    [14, 304, 251, 423],
    [720, 268, 2397, 43],
    [311, 181, 10212, 308],
    [227, 11825, 1957, 439],
    [90, 297, 1276, 189],
    [123, 365, 432, 216]
  ],
  "p_true": [
    [0.0141, 0.3065, 0.253, 0.4264],
    [0.21, 0.0782, 0.6992, 0.0125],
    [0.0282, 0.0164, 0.9274, 0.028],
    [0.0157, 0.8185, 0.1355, 0.0304],
    [0.0486, 0.1604, 0.689, 0.1021],
    [0.1083, 0.3213, 0.3803, 0.1901]
  ],
  "Z_est": [
    [
      [0, 0, 0, 0.0011, 0, 0.0032, 0, 0, 0, 0, 0, 0, 0, 0, 0, 0, 0, 0, 0.0015, 0.0097, 0.002, 0.0022, 0, 0, 0.0002, 0.0029, 0, 0.0127, 0.0009, 0.0055, 0, 0.0025, 0, 0.0029, 0, 0.0061, 0, 0.0022, 0.0003, 0, 0.0008, 0.0019, 0, 0.0009, 0, 0.0005, 0, 0.0001, 0, 0.0198, 0.0001],
      [0.0625, 0, 1.0866, 3.1257, 0, 3.0706, 0, 1.5373, 1.1184, 3.6813, 3.6932, 1.3964, 5.2806, 3.2243, 9.2081, 2.5574, 0.1028, 5.3832, 1.8432, 3.7795, 1.1639, 2.156, 0.1278, 0.9963, 0.8448, 0.7934, 2.8919, 1.491, 0.6177, 1.3907, 2.3612, 2.6329, 3.7188, 2.3265, 1.1244, 0.1976, 1.7073, 1.916, 0.7389, 2.6403, 2.8604, 4.3401, 1.4286, 3.0046, 1.7161, 0.6585, 9.1943, 0.3119, 0.9535, 5.439, 0.113],
      [0.628, 0, 7.0326, 17.4221, 0, 18.478, 0, 10.1166, 7.0388, 20.8487, 20.126, 7.5975, 26.8867, 19.2008, 52.921, 15.1169, 0.4582, 28.4636, 10.528, 23.5339, 5.7441, 11.7089, 0.6581, 5.829, 4.7137, 5.2351, 16.6592, 8.0388, 3.9656, 8.8677, 13.4907, 17.6651, 22.5093, 13.2653, 6.5312, 1.4315, 9.5765, 11.8477, 4.4268, 16.1928, 18.2021, 24.1571, 9.3061, 17.2633, 9.2211, 2.5222, 46.9685, 1.9852, 4.9792, 28.7612, 0.606],
      [0.3094, 0, 4.8808, 7.451, 0, 5.4482, 0, 3.3462, 2.8428, 6.4701, 7.1808, 4.0062, 10.8327, 5.575, 21.8709, 7.3257, 0.439, 11.1532, 4.6273, 7.6769, 3.09, 5.1329, 0.2141, 2.1747, 1.4413, 1.9686, 4.4489, 4.4575, 1.4158, 2.7361, 6.1481, 5.6995, 5.772, 5.4053, 1.3443, 0.3649, 3.7162, 4.2341, 1.834, 5.1669, 6.9367, 8.501, 4.2653, 5.7311, 3.0628, 0.8188, 18.8372, 0.7028, 2.0673, 11.78, 0.281]
    ],
    [
      [0.6551, 0.7495, 4.1561, 18.2176, 1.5414, 13.8634, 0.8351, 7.1036, 1.8737, 33.6758, 23.2365, 16.2484, 20.6172, 26.4134, 21.2216, 10.0964, 0.7361, 27.5515, 15.9694, 44.2372, 14.8096, 17.1357, 4.3078, 13.8705, 6.2144, 8.5532, 24.4444, 7.3586, 21.7908, 9.9103, 4.2576, 18.7509, 17.9308, 17.7187, 8.3804, 2.487, 8.2539, 18.4651, 7.1539, 11.7639, 10.3938, 31.0608, 9.963, 36.1661, 5.5715, 2.3496, 67.6546, 17.9116, 13.9086, 113.6669, 19.8215],
      [0, 0, 0.1482, 0.5571, 0.2323, 0.2891, 0, 0.1603, 0.0905, 1.5223, 1.2223, 0.7696, 1.6198, 0.8863, 0.8631, 0.3747, 0.033, 1.083, 0.3616, 0.0229, 0.4564, 0.498, 0.5346, 0.4289, 0.1897, 0, 1.2668, 0.1039, 0, 0.0228, 0.2789, 0, 0.9045, 0.3911, 0.2856, 0, 0.3984, 0.2012, 0.1676, 0.4067, 0.1962, 0.9818, 0, 1.0224, 0.2879, 0.0357, 3.7796, 0, 0.645, 1.8487, 0.2848],
      [5.3308, 0.2491, 35.4413, 49.0806, 1.2043, 35.7872, 0.164, 34.6633, 10.0102, 115.628, 82.3811, 54.7658, 80.5852, 98.5774, 79.6983, 41.3765, 1.223, 73.1944, 38.5512, 112.5267, 25.6293, 40.2433, 14.1577, 46.5921, 15.5758, 19.3979, 98.2066, 10.4951, 64.0616, 23.0275, 24.3886, 70.0996, 94.0433, 41.7754, 26.3192, 3.513, 31.2731, 52.212, 20.6206, 49.7473, 38.3072, 81.7976, 37.8567, 104.6251, 21.102, 1.6124, 206.0931, 64.9528, 36.358, 181.9916, 38.7496],
      [0.0142, 0.0014, 0.2544, 0.1447, 0.022, 0.0604, 0.001, 0.0728, 0.0256, 0.1739, 0.1601, 0.2162, 0.1778, 0.1229, 0.2169, 0.1525, 0.0079, 0.1712, 0.1178, 0.2132, 0.1047, 0.123, 0, 0.1085, 0.0201, 0.0489, 0.0822, 0.0424, 0.1476, 0.0394, 0.0749, 0.1494, 0.1214, 0.1148, 0.0148, 0, 0.0746, 0.1217, 0.0579, 0.0821, 0.1028, 0.1597, 0.1802, 0.1863, 0.0386, 0.0023, 0.4727, 0.1357, 0.0884, 0.4928, 0.1441]
    ],
    [
      [0, 1.8081, 0, 13.4567, 0.1389, 9.7528, 0, 0.2465, 1.3256, 6.5718, 5.6923, 2.5402, 3.5961, 6.3755, 9.1409, 5.7596, 0.1512, 14.6941, 8.2804, 10.5717, 5.0912, 5.5649, 0.43, 2.6989, 3.0724, 1.7509, 6.3958, 6.6553, 2.3154, 2.842, 1.6691, 1.9849, 5.5856, 11.0728, 2.6939, 0.3214, 3.4988, 5.7178, 4.9114, 5.5302, 2.9213, 13.8267, 0.8597, 10.4761, 5.555, 1.8095, 27.0596, 1.6768, 4.7538, 45.8813, 2.7104],
      [0, 0, 0, 3.0318, 0.0426, 0, 0, 0, 0, 2.6376, 3.1445, 1.0445, 5.2306, 1.1805, 2.6284, 0, 0.3065, 7.7812, 0.4905, 0, 1.6351, 1.3227, 0.7006, 0.5271, 0.8815, 0, 3.384, 0.0833, 0, 0, 0.9786, 0, 1.6824, 0.3581, 0.7023, 0, 1.978, 0, 0, 0, 0, 3.7553, 0, 1.7283, 5.7037, 0.3376, 23.9562, 0, 2.9141, 3.6249, 0.2751],
      [7.6274, 10.0433, 172.8788, 376.5631, 1.573, 296.9528, 0, 222.187, 201.9201, 242.9039, 218.8532, 92.8524, 193.8115, 256.8286, 365.937, 269.1563, 5.9042, 412.9759, 206.0386, 390.8223, 89.7231, 135.1607, 20.1095, 97.0084, 81.9058, 106.0886, 285.5565, 91.3796, 135.4163, 98.2642, 105.8698, 235.0744, 324.9531, 264.1294, 91.2823, 6.511, 149.8297, 246.6832, 184.8324, 299.3668, 181.8199, 377.954, 118.5749, 316.0453, 236.6738, 14.2738, 898.8373, 108.3663, 133.9542, 684.7696, 53.7125],
      [0.3726, 1.1485, 18.1212, 21.9484, 0.2454, 11.2945, 0, 9.5664, 10.7544, 9.8868, 10.31, 6.5629, 10.3618, 9.6154, 20.2936, 18.0841, 0.6381, 21.5487, 12.1904, 16.606, 6.5507, 7.9517, 0.76, 4.7656, 3.1403, 5.1605, 9.6638, 6.8819, 6.2683, 3.8939, 6.4824, 9.9407, 10.7788, 14.4397, 2.3215, 0.1675, 7.6934, 11.599, 10.2562, 12.103, 9.2588, 17.464, 7.5654, 13.7504, 10.0676, 0.5791, 48.1468, 4.9569, 7.3779, 37.7242, 3.302]
    ],
    [
      [0.3449, 1.0361, 1.7241, 1.2, 0, 2.9117, 0.5552, 4.2505, 2.2211, 0.6723, 0.1963, 0.0546, 0, 0.6688, 1.5568, 0.5952, 0, 1.5789, 2.0855, 8.4477, 1.2108, 1.0596, 0, 0.4738, 0.335, 3.9105, 0.1352, 0.8555, 4.1733, 2.6169, 0.015, 5.4159, 0.2073, 1.3707, 0.2953, 0.8163, 0.1364, 4.0774, 1.5677, 0.8738, 2.403, 1.6751, 2.3631, 1.6869, 0.1928, 0.7367, 0.8087, 2.0994, 0.402, 11.8978, 1.3755],
      [7.9375, 12, 127.6812, 302.316, 8.5992, 271.4957, 12, 176.1246, 79.7668, 498.347, 553.9396, 305.6085, 463.5527, 374.4959, 851.38, 221.0243, 7.4994, 558.4223, 345.2575, 390.2913, 149.5436, 199.3792, 21.441, 200.0555, 83.107, 73.924, 433.811, 70.9343, 123.3774, 119.3974, 236.3743, 272.7428, 502.8113, 230.8893, 109.1912, 13.7372, 138.7947, 215.3002, 88.8598, 109.621, 213.3891, 401.2382, 95.3288, 427.8964, 131.1658, 74.6431, 1392.9628, 97.4221, 183.3188, 807.9436, 127.1645],
      [2.4139, 1.3466, 17.0344, 26.6965, 0, 29.775, 0.8702, 23.5173, 8.8589, 43.6207, 41.5948, 23.5778, 25.3247, 38.7371, 80.1722, 22.2019, 0.2284, 40.3906, 34.0361, 47.984, 8.9106, 16.4881, 1.3055, 19.967, 7.2823, 10.1684, 39.3939, 5.9392, 16.4005, 15.6144, 20.8193, 39.4579, 52.6116, 22.029, 10.4079, 2.3118, 11.9908, 25.5382, 9.2136, 11.3572, 26.5218, 35.2601, 11.9431, 41.2928, 10.3877, 1.0506, 81.462, 12.172, 12.3389, 64.7043, 11.0202],
      [0.3038, 0.6173, 7.5603, 7.7876, 0.4008, 4.8176, 0.5746, 4.1076, 2.1533, 8.36, 10.2693, 9.759, 9.1225, 6.0981, 21.891, 7.1787, 0.2722, 11.6082, 9.621, 8.277, 4.335, 5.0731, 0.2535, 4.5037, 1.2756, 1.9971, 5.6599, 2.271, 3.0489, 2.3713, 6.7914, 6.3834, 7.3698, 5.711, 1.1056, 0.1347, 3.0782, 5.0842, 2.3589, 2.148, 5.686, 7.8266, 3.365, 8.1239, 2.2537, 0.5696, 27.7665, 2.3065, 3.9402, 18.4543, 3.4398]
    ],
    [
      [0, 0.4063, 0.4047, 3.7195, 0, 3.4468, 0.6097, 1.0379, 0.603, 1.318, 2.0658, 0.6425, 1.4743, 1.292, 2.3101, 1.1643, 0, 3.6387, 2.8696, 3.4667, 1.2704, 1.181, 0, 0.5535, 0.6349, 1.0655, 1.5806, 1.0384, 0.7491, 0.8018, 0.4077, 1.3339, 1.6873, 3.0084, 0.6439, 0.0824, 0.8759, 1.8546, 1.2738, 1.0442, 1.0492, 3.571, 0.9041, 3.4987, 1.537, 0.8828, 6.1952, 0.2859, 1.2926, 7.4618, 0.3633],
      [0, 0, 0.0249, 0.4307, 0, 0.1747, 0, 0.0277, 0.074, 0.2051, 0.4049, 0.1044, 0.4018, 0.1803, 0.356, 0.1562, 0, 0.564, 0.2199, 0.1158, 0.1349, 0.1277, 0, 0.0723, 0.0741, 0, 0.2963, 0.0567, 0.0308, 0.0284, 0.1032, 0.0385, 0.3237, 0.2295, 0.0844, 0.0003, 0.1648, 0.0869, 0.0901, 0.1401, 0.0725, 0.4282, 0, 0.3801, 0.3854, 0.0621, 1.2642, 0.0281, 0.2183, 0.503, 0.0303],
      [0, 1.3609, 25.1762, 71.9069, 0, 63.7756, 1.9658, 36.614, 23.5047, 32.5358, 52.9001, 15.6689, 41.8824, 34.5985, 62.3601, 34.4561, 0, 69.5468, 49.701, 62.4954, 15.9507, 20.0078, 0, 13.4177, 11.618, 17.6722, 45.7804, 10.7667, 15.1849, 13.3811, 17.0016, 35.4295, 63.847, 50.7779, 14.6994, 0.8796, 24.1641, 37.4856, 26.5286, 31.8655, 27.836, 67.4351, 24.8926, 72.4969, 42.3855, 4.7703, 136.0127, 7.1999, 24.5388, 85.2891, 5.1518],
      [0, 0.2328, 3.3942, 5.9429, 0, 3.603, 0.4245, 2.3203, 1.8184, 1.9411, 3.6292, 1.5842, 3.2414, 1.9292, 4.9738, 3.2235, 0, 5.2504, 4.2094, 3.922, 1.6439, 1.6836, 0, 0.9564, 0.673, 1.2623, 2.3428, 1.1383, 1.0352, 0.7886, 1.4875, 2.1981, 3.1421, 3.9843, 0.5723, 0.0377, 1.7952, 2.5729, 2.1075, 1.9502, 2.0423, 4.5657, 2.2033, 4.6243, 2.692, 0.2848, 10.528, 0.4861, 1.9504, 6.7461, 0.4546]
    ],
    [
      [0, 0, 0.715, 6.4051, 0.3197, 4.0221, 0, 1.3614, 0.9767, 3.762, 4.8091, 1.5143, 3.3124, 4.2503, 4.7705, 2.3845, 0.1127, 6.5367, 3.7936, 8.2668, 2.616, 3.0567, 0.2623, 1.4032, 1.7431, 0.7171, 5.444, 1.0796, 1.9705, 2.8235, 1.6506, 2.5119, 2.5889, 3.8266, 0.9866, 0.2868, 1.235, 2.883, 2.093, 2.7879, 2.2319, 7.8645, 1.9101, 5.1712, 2.1437, 1.2209, 14.2819, 2.0262, 1.643, 22.0724, 2.7292],
      [0, 0, 1.0592, 3.5387, 0.1259, 1.97, 0, 1.1501, 0.9503, 2.6067, 3.5954, 1.0767, 2.9143, 3.0327, 3.5644, 1.8875, 0.0582, 3.7663, 1.8273, 3.7905, 1.0661, 1.5163, 0.1961, 0.92, 0.9028, 0.2826, 4.3501, 0.3309, 0.9741, 1.1607, 1.9037, 1.5857, 2.5593, 1.8056, 0.612, 0.0649, 0.9569, 1.4957, 1.1435, 2.1919, 1.4817, 4.2564, 1.2427, 2.9681, 1.741, 0.263, 9.8429, 1.238, 0.9503, 7.6409, 1.1324],
      [0, 0, 5.4367, 15.3308, 0.2227, 9.2315, 0, 5.9018, 4.6675, 11.4631, 15.1448, 4.5376, 11.5095, 14.0576, 15.9113, 8.6924, 0.1862, 15.4287, 8.145, 18.6377, 4.0422, 6.3913, 0.7692, 4.1858, 3.9044, 1.4378, 19.4034, 1.3806, 4.9711, 5.845, 8.43, 8.2735, 12.0358, 8.0229, 2.76, 0.3531, 4.1658, 7.2333, 5.3781, 10.4704, 7.313, 18.3961, 6.4265, 13.2766, 7.23, 0.7707, 38.6264, 6.3238, 3.8309, 31.4842, 4.7599],
      [0, 0, 10.7891, 18.7254, 1.3318, 7.7764, 0, 5.5867, 5.4056, 10.1682, 15.4506, 6.8715, 13.2637, 11.6594, 18.7538, 12.0356, 0.6429, 17.2683, 10.2341, 17.305, 6.2757, 8.0357, 0.7724, 4.4911, 3.4497, 1.5625, 14.8025, 2.2089, 5.0843, 5.1708, 11.0157, 7.6289, 8.816, 9.345, 1.6415, 0.2952, 4.6424, 7.388, 6.3855, 9.5498, 7.9734, 18.483, 8.4207, 12.584, 6.8854, 0.7454, 44.2488, 6.412, 4.5758, 36.8026, 6.3785]
    ]
  ],
  "V_est": [
    [0.0799, 112.0084, 638.7266, 241.1851],
    [861.0244, 25.8533, 2535.2633, 5.8589],
    [297.4353, 84.0477, 10119.9557, 510.5613],
    [85.2871, 12913.5048, 1163.7419, 285.4662],
    [78.599, 8.8952, 1644.9161, 119.5897],
    [162.5744, 95.6906, 422.3964, 455.3387]
  ],
  "p_est": [
    [0.0001, 0.1129, 0.6439, 0.2431],
    [0.2512, 0.0075, 0.7396, 0.0017],
    [0.027, 0.0076, 0.919, 0.0464],
    [0.0059, 0.8938, 0.0805, 0.0198],
    [0.0424, 0.0048, 0.8882, 0.0646],
    [0.1431, 0.0842, 0.3718, 0.4008]
  ],
  "EI_Z": {},
  "EI_V": 7.9284,
  "MAE_Z": {},
  "MAE_V": 217.1591,
  "MAE_p": 0.0842,
  "runtime": 0.003
}
