{
  "Z_true": {},
  "V_true": [
    [30, 606, 24, 83, 740, 454, 61],
    [27, 18, 701, 29, 61, 723, 104],
    [146, 96, 267, 217, 113, 13519, 387],
    [122, 194, 82, 171, 3892, 749, 147],
    [110, 133, 64, 203, 642, 1109, 364],
    [163, 36, 23, 1191, 414, 1016, 78],
    [416, 85, 106, 63, 211, 1118, 553]
  ],
  "p_true": [
    [0.015, 0.3033, 0.012, 0.0415, 0.3704, 0.2272, 0.0305],
    [0.0162, 0.0108, 0.4215, 0.0174, 0.0367, 0.4348, 0.0625],
    [0.0099, 0.0065, 0.0181, 0.0147, 0.0077, 0.9169, 0.0262],
    [0.0228, 0.0362, 0.0153, 0.0319, 0.7265, 0.1398, 0.0274],
    [0.0419, 0.0507, 0.0244, 0.0773, 0.2446, 0.4225, 0.1387],
    [0.0558, 0.0123, 0.0079, 0.4077, 0.1417, 0.3478, 0.0267],
    [0.163, 0.0333, 0.0415, 0.0247, 0.0827, 0.4381, 0.2167]
  ],
  "Z_est": [
    [
      [2.1705, 0.4155, 0.9263, 1.915, 0, 0.009, 3.0584, 1.3903, 0.5185, 0, 0.2046, 0.5874, 2.4237, 1.2165, 0.1704, 0.6474, 0, 0.0943, 0.4298, 0, 2.7727, 3.2179, 4.611, 4.1179, 1.2725, 0.6047, 1.1573, 0.8089, 1.2079, 0.1928, 0.6175, 0.4692, 1.535, 2.0483, 1.5659, 0.4796, 2.8499, 3.397, 1.4158, 2.1345, 2.0945, 0.5431, 3.4301, 1.5844, 1.7596, 0.4086, 4.6666, 0.407, 3.9444, 0.7923],
      [27.5964, 9.0631, 7.6421, 18.2973, 0.3429, 0, 16.731, 6.9369, 5.6616, 0, 0, 2.2747, 43.4079, 6.1715, 2.5748, 6.3075, 0, 2.6158, 8.1138, 2.2196, 12.7842, 17.2446, 33.3888, 23.518, 14.8852, 11.4386, 14.9028, 16.8624, 16.3162, 1.9348, 2.9865, 2.9518, 10.4041, 20.9657, 10.3671, 6.8565, 21.9327, 22.9444, 9.2563, 8.1352, 9.0974, 3.1912, 24.2013, 10.0175, 13.5596, 1.675, 26.438, 6.4162, 52.6032, 11.7462],
      [0.1822, 0.0757, 0.0674, 0.0894, 0.0028, 0.001, 0.1632, 0.055, 0.0001, 0, 0.3899, 0.0171, 0.2454, 0.0652, 0.0067, 0.0338, 0, 0.0301, 0.1092, 0.02, 0.1577, 0.1789, 0.3792, 0.1739, 0.1987, 0.1387, 0.1729, 0.2031, 0.1916, 0.0214, 0.0417, 0.0142, 0.0973, 0.1355, 0.0976, 0.0462, 0.2238, 0.1553, 0.0367, 0.0929, 0.0717, 0.0205, 0.1642, 0.0749, 0.2036, 0.0195, 0.2078, 0.041, 0.5279, 0.0812],
      [4.7863, 1.4314, 0.6352, 2.6275, 0.0921, 0.041, 1.9712, 1.7287, 0.5319, 0, 0.1645, 0.2536, 6.285, 1.2175, 0.1775, 0.8018, 0, 0.184, 0.8911, 0.0553, 2.8695, 2.9386, 5.0336, 3.1541, 2.5311, 1.1365, 1.9841, 2.0801, 2.9152, 0.3903, 0.5545, 0.65, 1.1049, 2.9787, 1.0322, 0.4757, 2.3311, 2.8142, 0.9795, 1.6609, 1.327, 0.582, 2.3591, 2.4091, 1.8047, 0.3549, 5.354, 0.3813, 5.9322, 0.5158],
      [52.9224, 13.8466, 11.1139, 29.4784, 0.395, 0.9218, 27.7533, 19.8195, 17.9708, 0, 3.9806, 1.5698, 51.0556, 13.9641, 2.8641, 10.0724, 0, 2.5547, 9.5584, 0.5924, 26.2437, 35.9302, 89.066, 53.4971, 30.0812, 15.2541, 18.9014, 27.0175, 29.6027, 3.4376, 4.8385, 5.6919, 17.3045, 35.2054, 19.7027, 9.1312, 41.6314, 47.3921, 18.2957, 19.1267, 20.1564, 8.7837, 30.4609, 20.4453, 22.3467, 5.7584, 73.2844, 4.0471, 60.3756, 17.8608],
      [7.1538, 1.1294, 0.5219, 3.505, 0.1673, 0.0236, 3.2488, 2.005, 1.299, 0, 0.2508, 0.2785, 5.4586, 1.3004, 0.2025, 1.1084, 0, 0.5048, 1.8554, 0.107, 5.0398, 5.3653, 11.2249, 5.5389, 3.921, 2.3715, 2.807, 4.9444, 4.6625, 0.9998, 0.9442, 1.1996, 3.4546, 4.5589, 3.1446, 0.9802, 4.9071, 5.1461, 1.9818, 3.745, 2.2268, 0.8525, 3.2786, 3.4211, 4.2292, 0.7519, 12.7614, 0.6987, 8.3868, 1.9247],
      [0.1884, 0.0383, 0.0931, 0.0875, 0, 0.0037, 0.0741, 0.0647, 0.0181, 0, 0.0096, 0.0189, 0.1238, 0.0647, 0.0041, 0.0288, 0, 0.0164, 0.0424, 0.0057, 0.1325, 0.1245, 0.2964, 0, 0.1104, 0.056, 0.0745, 0.0837, 0.1039, 0.0233, 0.0171, 0.0234, 0.0995, 0.1074, 0.0899, 0.0305, 0.1241, 0.1509, 0.0342, 0.1049, 0.0262, 0.0272, 0.1059, 0.0477, 0.0965, 0.0317, 0.2879, 0.0087, 0.2298, 0.0791]
    ],
    [
      [0.5785, 0.1034, 0.3251, 0.9745, 0, 0.2037, 0.4582, 0.383, 0.2629, 0, 0.3191, 0.1262, 0.8855, 0.6779, 0.1372, 0.3526, 0.0708, 0.0392, 0.2005, 0, 1.2644, 1.4239, 1.0527, 1.4854, 0.8426, 0.1582, 0.3413, 0.2394, 0.3952, 0.3178, 0.4131, 0.1466, 0.5363, 1.16, 0.6878, 0.3822, 0.8191, 2.0306, 1.1511, 0.8435, 1.1673, 0.6519, 1.0463, 0.7384, 0.5593, 0.1398, 1.4508, 0.2201, 2.0519, 0.4491],
      [4.498, 1.3695, 1.8327, 5.6973, 0.0498, 0, 1.2584, 1.1656, 1.7641, 0, 0, 0.2766, 9.714, 2.128, 1.1885, 2.0693, 0.1817, 0.6685, 2.3738, 0.5598, 3.5608, 4.6823, 4.6875, 5.0743, 6.1937, 1.8989, 2.6659, 3.3507, 3.3271, 1.9932, 1.1996, 0.5445, 2.1941, 7.2859, 2.7696, 3.2874, 3.863, 8.4401, 4.6145, 1.9628, 3.133, 2.3349, 4.5178, 2.8506, 2.6239, 0.3475, 5.048, 1.9246, 16.7163, 3.9787],
      [21.7196, 9.4011, 12.963, 20.6425, 0.6803, 1.9271, 8.7793, 6.9255, 3.8053, 0.9062, 4.6656, 2.0506, 32.956, 16.6843, 2.0362, 8.1653, 3.2246, 6.4542, 23.4609, 2.9195, 30.8197, 34.5386, 36.6533, 24.1512, 58.6783, 17.7508, 24.0246, 28.3508, 27.6866, 16.127, 12.5434, 2.4768, 14.9958, 33.5171, 18.4875, 16.201, 28.1582, 40.6004, 14.4907, 16.3324, 17.0788, 11.2571, 21.2706, 15.9193, 28.4389, 3.0449, 32.5392, 9.428, 121.375, 19.7379],
      [1.0324, 0.2885, 0.2227, 1.085, 0.018, 0.2065, 0.2016, 0.3864, 0.2225, 0.0199, 0.1075, 0.0472, 1.8601, 0.5611, 0.115, 0.3537, 0.0055, 0.0661, 0.3505, 0.0288, 1.0659, 1.0629, 0.9342, 0.9, 1.3966, 0.2543, 0.4742, 0.5529, 0.7899, 0.5441, 0.3018, 0.1642, 0.3055, 1.3707, 0.3549, 0.3052, 0.5429, 1.3688, 0.6476, 0.5345, 0.6094, 0.5669, 0.5868, 0.9082, 0.4643, 0.0983, 1.3535, 0.1656, 2.5094, 0.186],
      [3.1715, 0.7793, 1.0188, 3.376, 0.0178, 0.6183, 0.7923, 1.2224, 2.0478, 0.0265, 0.6461, 0.0757, 4.257, 1.7618, 0.501, 1.2195, 0.0927, 0.2491, 1.0352, 0.0714, 2.6842, 3.5744, 4.603, 4.2414, 4.6013, 0.9368, 1.2457, 1.9833, 2.2213, 1.3027, 0.7176, 0.3871, 1.3405, 4.4968, 1.9448, 1.6215, 2.6937, 6.3991, 3.3518, 1.7007, 2.5519, 2.3526, 2.1031, 2.1382, 1.5891, 0.4398, 5.1614, 0.4747, 7.1324, 2.2436],
      [9.5717, 1.4274, 1.151, 9.0155, 0.2341, 0.8083, 2.0588, 2.7908, 3.2858, 0.0381, 1.0118, 0.3105, 9.9794, 3.7624, 0.8428, 3.0631, 0.298, 1.141, 4.5262, 0.3264, 11.6261, 12.0499, 12.9224, 9.572, 13.4146, 3.281, 4.1817, 8.0921, 7.8434, 8.6383, 3.2071, 1.9107, 6.0997, 13.043, 6.918, 3.935, 7.1305, 15.546, 8.1224, 7.4927, 6.2726, 5.1677, 5.0383, 8.0264, 6.7757, 1.297, 20.028, 1.8218, 21.8948, 5.44],
      [2.4282, 0.6309, 0.4867, 2.2092, 0, 0.2361, 0.4513, 1.1263, 0.6116, 0.0093, 0.2499, 0.1132, 2.3479, 1.4246, 0.1793, 0.7765, 0.1267, 0.3819, 1.0529, 0.0941, 2.979, 2.668, 3.1469, 1.5757, 3.8728, 0.72, 1.0667, 1.4308, 1.7365, 2.0769, 0.6173, 0.37, 1.528, 3.1266, 2.8372, 1.2678, 1.7925, 4.615, 1.6218, 2.1334, 1.187, 1.6688, 1.4372, 1.419, 1.5488, 0.6328, 4.419, 0.9652, 8.3203, 1.9648]
    ],
    [
      [0, 0, 0, 0.4835, 0, 0, 0, 0.4298, 0.554, 0, 0, 0, 0, 0, 0.193, 0.3531, 0, 0, 0, 0, 0.2525, 0.1108, 0.2578, 0, 0, 0, 0.187, 0, 0, 0, 0.2234, 0.4245, 0.3454, 0.3768, 0.541, 0.3975, 0.454, 0.1314, 0, 0.1424, 0, 0.3454, 0, 0.5993, 0.4602, 0.4437, 0, 0.3248, 0.5414, 0.1334],
      [1.2681, 0.7779, 0, 2.0149, 0.0424, 0, 0.0031, 0.4392, 1.045, 0, 0, 0, 1.7399, 0.3747, 0.4213, 1.4519, 0.3017, 0, 0.0921, 0, 0.572, 0.781, 0.5108, 0.864, 1.3442, 0.2418, 1.5344, 0, 0.044, 0, 1.5161, 0.5759, 0.7086, 2.8621, 1.1245, 1.6396, 2.5386, 3.5186, 1.8829, 0.1652, 0, 0.8668, 0, 1.0407, 1.3839, 0, 0, 0, 3.5013, 0.7023],
      [6.1999, 2.9357, 2.2532, 3.7816, 0.294, 0, 2.2608, 2.1908, 0, 0.518, 0.4441, 0, 6.5626, 1.3836, 0.7248, 2.781, 0.7355, 3.9019, 13.614, 0.6155, 4.1312, 3.1422, 5.1662, 3.0183, 16.2617, 5.137, 6.6422, 5.3634, 9.254, 2.0523, 7.2024, 0.2972, 1.826, 6.7156, 3.2765, 5.0984, 8.7737, 8.3801, 2.625, 3.2881, 2.7817, 1.9844, 8.0662, 2.7216, 7.1991, 2.9027, 4.0224, 1.862, 18.3739, 1.6787],
      [10.2832, 2.9963, 1.5542, 6.7944, 0.5525, 0.1833, 2.008, 4.2387, 1.3384, 1.0355, 0.8455, 0.6962, 9.3402, 1.6602, 1.4304, 4.1343, 0, 1.6617, 7.8733, 0.6271, 4.8254, 3.3523, 4.0864, 3.8328, 13.3831, 2.8693, 4.8372, 5.5603, 8.9458, 4.308, 6.1322, 2.5304, 0.9329, 9.2385, 0.9829, 3.0698, 5.2508, 9.4875, 4.7401, 3.9554, 4.3092, 3.8781, 8.3039, 5.2434, 3.9879, 3.37, 7.5469, 1.2983, 13.0477, 0],
      [3.5692, 1.6131, 1.1604, 2.2684, 0, 0, 0.8826, 1.7318, 1.3518, 0.7578, 0.4724, 0.0775, 5.5725, 0.5945, 0.6553, 1.3697, 0.1969, 0.8172, 2.2758, 0.2406, 1.067, 1.0919, 2.6568, 2.0655, 4.8854, 1.1667, 1.2167, 2.8908, 2.894, 0.3838, 1.0372, 0.284, 0.5424, 3.1349, 1.9064, 1.9492, 2.907, 4.5354, 2.6624, 1.5492, 2.1282, 1.4221, 4.1114, 1.4053, 1.2316, 2.5329, 5.1108, 0.6602, 4.9466, 0.9463],
      [572.0692, 100.892, 47.4549, 348.1508, 23.1111, 9.1669, 111.4623, 187.0051, 163.5081, 19.7412, 37.4155, 25.3756, 368.2433, 66.4328, 54.5327, 212.0264, 26.6895, 173.9863, 569.497, 28.8739, 304.8115, 221.6309, 361.3291, 232.5966, 758.3872, 208.1226, 256.6087, 432.5008, 519.7339, 352.0994, 371.6337, 162.0072, 152.4707, 529.7072, 243.0675, 250.3382, 449.5767, 650.9595, 368.4593, 313.6456, 243.2674, 203.5393, 388.9597, 301.1617, 349.1645, 267.2226, 660.6077, 73.9275, 676.1701, 95.3292],
      [26.6104, 7.785, 3.5774, 15.5063, 0, 0.6498, 4.3831, 12.9646, 5.2027, 0.9475, 1.8224, 1.8507, 15.5416, 4.5542, 2.0424, 9.8836, 2.0763, 10.6328, 24.6477, 1.6429, 14.3404, 8.8909, 15.9929, 5.6227, 39.7385, 8.4626, 11.9737, 13.6846, 21.1283, 16.1566, 12.255, 5.8808, 7.174, 22.9649, 16.1012, 14.5072, 20.499, 34.9875, 12.6304, 16.2541, 7.5135, 11.964, 20.5588, 8.828, 14.5728, 19.528, 26.7122, 5.9271, 44.419, 6.2101]
    ],
    [
      [0, 0, 0.013, 0.8321, 0, 0.0142, 0, 0.552, 0.1509, 0, 0.1428, 0, 0.707, 0.3148, 0.1718, 0.2576, 0.033, 0.0358, 0, 0, 0.7571, 0.6294, 1.6301, 0.3948, 0, 0, 0.3898, 0, 0, 0, 0.336, 0.0798, 0.4, 1.0299, 0.6963, 0.3306, 0.9203, 1.364, 0.5609, 0.8791, 0, 0.5343, 0, 0.5894, 0.7333, 1.1063, 1.8652, 0.4517, 1.631, 0.2613],
      [13.2082, 2.9147, 1.5999, 7.6122, 0.5561, 0, 6.6182, 2.4949, 2.8971, 0, 0, 1.6406, 15.9038, 2.4171, 1.9556, 2.4064, 0.1281, 1.3172, 5.6106, 0.9618, 3.4632, 3.4231, 10.8951, 7.2217, 10.4414, 5.1516, 4.9447, 7.4211, 6.5977, 1.5542, 1.6054, 0.4785, 2.5317, 10.4888, 4.2754, 4.4244, 7.0433, 9.5664, 6.6934, 3.3316, 4.279, 2.9478, 10.1418, 3.5218, 5.4662, 2.2972, 7.1262, 3.5658, 21.3465, 3.1694],
      [0.2404, 0.0751, 0.0485, 0.1092, 0.0224, 0.0051, 0.2843, 0.0675, 0, 0.0615, 0.0292, 0.0886, 0.4515, 0.0873, 0.0504, 0.0477, 0.0065, 0.0554, 0.2399, 0.0533, 0.1585, 0.1246, 0.5051, 0.2185, 0.431, 0.1893, 0.1723, 0.3498, 0.2672, 0.1954, 0.081, 0.006, 0.0842, 0.2266, 0.1538, 0.1126, 0.2499, 0.2129, 0.013, 0.1297, 0.7238, 0.0386, 0.5078, 0.0779, 0.2871, 0.1063, 0.3002, 0.1101, 0.6782, 0.082],
      [16.0615, 3.3082, 0.9899, 8.0912, 0.7139, 0.0526, 5.5973, 4.6972, 1.86, 1.0204, 0.4259, 1.6209, 17.0691, 3.4139, 1.1473, 2.3034, 0.0463, 0.7319, 4.4288, 0.2642, 5.8059, 4.3242, 12.5761, 6.6826, 12.3172, 3.7465, 4.9139, 6.9306, 8.3119, 2.3732, 2.2569, 0.8077, 1.9777, 11, 3.029, 2.3122, 5.4918, 8.6355, 4.9641, 5.1464, 4.635, 4.0285, 6.9041, 6.2587, 5.3896, 4.3966, 12.1095, 1.8102, 17.9575, 0.9419],
      [217.0032, 39.6716, 21.3202, 111.2357, 3.5444, 2.7898, 94.3353, 65.9848, 81.4924, 7.2896, 12.121, 11.7979, 173.2091, 47.671, 22.182, 35.4444, 2.323, 12.5162, 58.0379, 3.6425, 64.8386, 64.6065, 275.2612, 137.5618, 178.7004, 61.2322, 57.2739, 109.2875, 103.0728, 25.5147, 24.1472, 8.6804, 38.1826, 158.966, 73.3853, 54.5731, 120.4573, 177.8441, 113.7454, 72.2556, 85.2312, 73.8753, 108.4068, 65.1753, 81.5907, 87.2617, 202.5233, 23.3156, 223.2938, 44.0375],
      [41.3547, 4.5399, 1.4804, 18.5983, 2.1631, 0.0921, 15.5684, 9.4033, 8.5062, 0.5132, 1.0553, 2.9603, 26.0117, 6.1853, 2.1356, 5.4674, 0.3545, 3.4584, 15.8526, 0.8859, 17.5196, 13.5798, 48.8596, 20.051, 32.839, 13.4015, 11.9579, 28.2158, 22.8562, 10.4378, 6.6036, 2.5665, 10.7316, 28.9499, 16.5518, 8.2169, 19.972, 27.1766, 17.4565, 19.9006, 13.3571, 10.0506, 16.4023, 15.3597, 21.7112, 16.4256, 49.6203, 5.6644, 43.697, 6.6552],
      [8.132, 1.4905, 0.5481, 3.5213, 0, 0.0461, 2.5965, 2.8002, 1.0934, 0.1152, 0.2257, 0.8916, 4.6481, 1.9106, 0.3573, 1.0731, 0.1086, 0.8851, 2.8303, 0.1923, 3.4571, 2.3124, 9.2728, 1.8697, 7.271, 2.2789, 2.3475, 3.7952, 3.8942, 1.9248, 0.9699, 0.381, 2.0924, 5.3387, 4.9084, 2.0302, 3.8653, 6.2006, 2.5667, 4.3569, 1.7739, 2.5249, 3.6372, 2.0173, 3.822, 5.4061, 8.4552, 2.0822, 12.396, 1.8527]
    ],
    [
      [4.2686, 1.4717, 2.3983, 5.4973, 0, 0.0743, 4.4072, 4.0697, 1.2721, 0, 0.3274, 1.4449, 3.9549, 2.8367, 0.99, 2.6628, 0.9154, 0.4251, 0, 0, 4.3745, 2.8817, 4.3922, 6.3207, 5.5531, 1.8525, 2.7162, 0, 2.7732, 0, 2.7514, 1.2635, 3.0619, 7.0513, 3.4173, 4.5964, 5.8906, 12.0958, 7.5814, 4.9238, 7.5854, 4.8301, 10.8973, 3.9667, 3.5934, 3.1336, 7.9931, 0.9558, 7.2578, 0.485],
      [0.9796, 0.5645, 0.3098, 0.9424, 0, 0, 0.3597, 0.3472, 0.2532, 0, 0, 0.0846, 1.23, 0.2626, 0.23, 0.4563, 0.1509, 0.1978, 3.304, 0.0613, 0.3534, 0.2767, 0.5513, 0.6363, 2.7727, 0.6228, 0.6216, 0.7503, 0.6754, 0.503, 0.2328, 0.137, 0.3842, 1.3065, 0.4125, 1.1345, 0.8226, 1.4857, 0.8993, 0.3165, 2.1113, 0.5057, 1.3363, 0.4513, 0.4996, 0.205, 0.7229, 0.2328, 1.722, 0.1276],
      [0.2259, 0.1668, 0.0978, 0.1623, 0, 0.0046, 0.1168, 0.1016, 0.012, 0.0252, 0.0147, 0.025, 0.2274, 0.0949, 0.0228, 0.0881, 0.0297, 0.0863, 0.3923, 0.0453, 0.1584, 0.1009, 0.2256, 0.1544, 0.6757, 0.2649, 0.257, 2.2909, 0.2782, 1.0217, 0.1181, 0.0179, 0.1234, 0.2945, 0.1361, 0.2842, 0.2928, 0.3487, 0.1127, 0.1346, 0.2309, 0.1065, 0.3254, 0.116, 0.2634, 0.0935, 0.2117, 0.0598, 0.621, 0.0308],
      [3.8341, 2.019, 0.5723, 3.0922, 0, 0.0578, 0.9607, 2.0671, 0.5398, 0.1642, 0.127, 0.2445, 4.2285, 1.1497, 0.4158, 1.348, 0, 0.342, 2.1234, 0.0548, 1.8582, 1.0767, 1.976, 1.9064, 5.6384, 1.4254, 1.9071, 2.0889, 2.7377, 1.0366, 1.0104, 0.7143, 0.8814, 4.2087, 0.8991, 1.8538, 1.9748, 4.111, 2.1469, 1.5755, 2.358, 2.1239, 3.0529, 2.4643, 1.5119, 1.1091, 3.7688, 0.3674, 4.4852, 0.1438],
      [9.5739, 4.4016, 2.3031, 7.817, 0, 0.5066, 3.0652, 5.3215, 4.0573, 0.163, 0.648, 0.3211, 7.7157, 2.9439, 1.461, 3.7687, 0.4509, 1.045, 5.1005, 0.1213, 3.8092, 2.9588, 7.8917, 7.3141, 15.1085, 4.2765, 4.0706, 6.1011, 6.2583, 2.0132, 1.9505, 1.3522, 3.1471, 11.2203, 3.9809, 8.0082, 7.9508, 15.6194, 9.0358, 4.0696, 7.9977, 7.1301, 8.8952, 4.7185, 4.2067, 4.0493, 11.7226, 0.8677, 10.3359, 1.0017],
      [73.1021, 20.4703, 7.1708, 52.8931, 0, 1.2332, 20.1833, 30.7542, 16.5411, 0.5914, 2.6153, 3.3594, 45.969, 16.1226, 6.3074, 24.0465, 3.8034, 12.1496, 56.4106, 1.5437, 41.8291, 25.2976, 56.0702, 41.6894, 111.3585, 37.9666, 34.623, 62.9585, 55.9302, 33.9075, 22.1004, 17.0881, 36.4645, 82.3903, 35.8037, 49.2717, 53.286, 96.0238, 55.4544, 45.3988, 49.6785, 39.7579, 53.8506, 44.8684, 45.4482, 30.1374, 114.6448, 8.4933, 80.1551, 6.2442],
      [8.0157, 3.906, 1.1478, 5.5955, 0, 0.1234, 1.907, 5.3386, 1.3245, 0.0561, 0.2676, 0.5205, 4.6746, 2.5896, 0.5729, 2.6296, 0.6498, 1.7542, 5.6692, 0.1736, 4.6172, 2.4075, 5.8929, 2.9787, 13.893, 3.5915, 3.8045, 4.8102, 5.347, 3.5179, 1.8365, 1.427, 3.9376, 8.5284, 6.3504, 6.8513, 5.7824, 12.3156, 4.7695, 5.5813, 4.0381, 5.5459, 6.6423, 3.4148, 4.4769, 6.2721, 10.9361, 2.0233, 13.423, 0.9668]
    ],
    [
      [2.9099, 0.7784, 1.2153, 4.6178, 0, 0.1238, 4.7573, 2.133, 2.3738, 0, 0.6967, 0.9727, 5.8562, 2.2337, 0.8584, 2.3036, 0.9808, 0, 2.2672, 0, 5.0818, 6.0129, 8.4611, 9.2442, 3.4403, 1.0348, 1.8517, 0, 0.7937, 1.0632, 1.5042, 0.9184, 1.9144, 7.5538, 6.3787, 2.0913, 6.8421, 11.1546, 7.9484, 5.6919, 5.5599, 3.7733, 10.0758, 6.5687, 6.2164, 2.1244, 5.4611, 1.1862, 6.6104, 0.241],
      [3.0086, 1.2314, 0.3812, 1.9376, 0.0089, 0, 0.942, 0.4591, 1.1747, 0, 0, 0.6708, 4.4094, 0.4997, 0.5, 0.9657, 0.2377, 1.31, 1.8762, 0.1452, 1.0164, 1.414, 2.622, 2.2871, 1.778, 2.397, 1.0377, 3.6968, 3.6238, 0.9103, 0.3107, 0.2428, 0.5688, 3.4172, 1.8642, 1.2841, 2.328, 3.338, 2.2956, 0.9278, 1.0634, 0.9657, 5.3123, 1.8199, 2.1073, 0.3698, 1.3317, 0.7418, 3.8706, 0.1554],
      [0.0306, 0.0167, 0.0089, 0.0187, 0.0005, 0.0089, 0.0305, 0.0093, 0, 0.0194, 0.0134, 0.6635, 0.1387, 0.0141, 0.0094, 0.0154, 0.0037, 0.4653, 0.0576, 0.0326, 0.0389, 0.0397, 0.0894, 0.0615, 0.0588, 0.0399, 0.0245, 0.5287, 0.0546, 0.0167, 0.012, 0, 0.0144, 0.0534, 0.0554, 0.0246, 0.0622, 0.0542, 0, 0.0262, 0.0277, 0.0067, 0.0804, 0.0089, 0.084, 0.0112, 0.0107, 0.0177, 0.0907, 0.0028],
      [49.4512, 21.6967, 4.3188, 37.8408, 0.6236, 1.3707, 15.0508, 16.0072, 15.1324, 3.3929, 4.0304, 5.9971, 92.3639, 13.4484, 5.4916, 17.1553, 0.9481, 9.75, 28.2265, 0.9247, 31.336, 32.6171, 55.2284, 40.4587, 40.6975, 21.0538, 19.0758, 32.9138, 39.7884, 16.8959, 8.1656, 7.809, 8.396, 65.2539, 25.3598, 12.433, 33.4048, 54.8322, 32.7569, 26.3519, 20.8396, 24.1085, 47.7597, 59.2672, 37.8712, 11.0242, 37.1915, 6.7642, 59.0503, 1.1051],
      [16.43, 6.0623, 2.2691, 12.6661, 0.0427, 1.5906, 6.4236, 5.3932, 14.8633, 0.3204, 2.6329, 0.9902, 22.3534, 4.5038, 2.4803, 6.3136, 0.9365, 3.9137, 9.0325, 0.2236, 8.5434, 11.918, 29.2717, 20.7913, 14.5288, 8.4128, 5.3656, 12.8747, 12.0938, 4.3719, 2.066, 1.9214, 3.8248, 23.1692, 14.2895, 7.0549, 17.813, 27.7771, 18.307, 9.0695, 9.4787, 10.7768, 18.6772, 14.9948, 14.0243, 5.2987, 15.3554, 2.0829, 18.1244, 0.965],
      [31.7973, 7.0956, 1.7623, 21.6752, 0.3243, 0.8466, 10.6896, 7.8712, 15.3472, 0.2586, 2.5844, 2.6093, 33.5282, 6.1773, 2.636, 10.127, 1.8546, 11.3884, 25.2704, 0.665, 23.6995, 25.7331, 52.7261, 30.1572, 27.1462, 18.8626, 11.5103, 33.7233, 27.3674, 18.5336, 5.8927, 6.0542, 11.1501, 43.0854, 32.6316, 10.956, 30.2074, 43.2652, 28.4704, 25.6017, 14.9366, 15.1411, 28.6852, 36.1598, 38.2923, 9.9924, 38.2667, 5.1314, 35.7131, 1.5068],
      [0.3724, 0.1188, 0.0445, 0.2438, 0, 0.0594, 0.1062, 0.127, 0.1087, 0.0086, 0.0422, 0.0964, 0.3502, 0.1231, 0.0243, 0.1195, 0.0387, 0.1725, 0.2697, 0.0089, 0.2839, 0.2652, 0.6014, 0, 0.3504, 0.1992, 0.1344, 0.2627, 0.2784, 0.2085, 0.0488, 0.0542, 0.1314, 0.467, 0.4207, 0.1561, 0.3426, 0.5787, 0.2218, 0.3311, 0.0942, 0.2278, 0.4094, 0.1808, 0.4045, 0.1794, 0.3827, 0.0759, 0.5405, 0.0238]
    ],
    [
      [11.0725, 1.2308, 15.1221, 16.6797, 0, 0.575, 6.319, 11.0422, 5.8677, 0, 4.3094, 4.8688, 11.1727, 8.7204, 3.4793, 11.4229, 0, 1.4057, 8.1025, 0, 18.4971, 10.7233, 16.595, 22.437, 15.8914, 4.3498, 7.3568, 4.9517, 9.83, 3.4263, 10.1544, 3.698, 9.207, 20.7799, 8.7131, 8.7223, 19.224, 32.8266, 17.3424, 15.3848, 22.5929, 10.3219, 23.5505, 14.9533, 14.6778, 11.6437, 22.5632, 3.4545, 30.9631, 2.638],
      [0.4411, 0.079, 1.2343, 0.4983, 0, 0, 0.0875, 0.1571, 0.2044, 0, 0, 0.0527, 0.5952, 0.1464, 0.1298, 0.3429, 0, 0.8908, 0.6295, 0.0522, 0.25, 0.1785, 0.3445, 0.3985, 0.5849, 0.2493, 0.2928, 0.9186, 0.4157, 0.1045, 0.1488, 0.0696, 0.2085, 0.6739, 0.1866, 0.3736, 0.4718, 0.7068, 0.358, 0.1609, 0.3159, 0.188, 0.4904, 0.2983, 0.3594, 0.1055, 0.3332, 0.1189, 1.2401, 0.1204],
      [1.4013, 0.3289, 1.5613, 1.1962, 0, 0.0533, 0.3651, 0.6504, 0.1826, 0.4696, 0.443, 0.1552, 1.4184, 0.6708, 0.1497, 0.8688, 0, 1.0068, 3.1262, 0.3138, 1.5356, 0.875, 1.9812, 1.2223, 3.6958, 1.4794, 1.7065, 1.9132, 2.2679, 0.5655, 1.0014, 0.1878, 0.8589, 2.0572, 0.793, 1.2329, 2.2393, 2.2484, 0.7219, 0.9961, 1.0854, 0.5862, 1.5855, 1.0815, 2.524, 0.8219, 1.7078, 0.4813, 6.3333, 0.3866],
      [1.5511, 0.26, 0.7068, 1.469, 0, 0.0881, 0.2104, 0.8747, 0.375, 0.367, 0.2991, 0.1406, 1.8532, 0.5491, 0.2224, 0.9035, 0, 0.2643, 1.1063, 0.0451, 1.239, 0.6282, 1.1652, 1.0654, 2.0361, 0.5142, 0.8078, 0.8734, 1.5112, 0.4519, 0.5786, 0.3243, 0.4017, 1.9494, 0.342, 0.5504, 1.0038, 1.7508, 0.765, 0.7755, 0.9218, 0.7121, 1.0336, 1.4491, 0.9704, 0.6469, 1.6759, 0.213, 3.0176, 0.1073],
      [4.3297, 0.6255, 2.8145, 4.1583, 0, 0.5728, 0.7477, 2.5268, 3.2168, 0.4426, 1.4991, 0.1677, 3.8368, 1.5609, 0.8562, 2.8118, 0, 0.904, 2.9598, 0.1083, 2.8139, 1.9202, 5.2496, 4.5288, 6.0944, 1.721, 1.9262, 2.8452, 3.8573, 0.9761, 1.243, 0.6829, 1.6581, 5.8074, 1.7903, 2.6619, 4.5468, 7.4328, 3.6019, 2.2288, 3.4559, 2.6595, 3.3454, 3.1225, 3.0109, 2.6592, 5.8421, 0.5518, 7.7912, 0.945],
      [38.9512, 3.4453, 9.4586, 33.1621, 0, 1.8294, 5.7887, 17.1703, 15.5126, 1.8575, 7.0668, 2.1063, 26.8099, 10.0192, 4.343, 21.1613, 0, 12.3714, 38.5879, 1.598, 36.4745, 19.3434, 43.8678, 30.3949, 52.9335, 17.9943, 19.3113, 34.5651, 40.6063, 19.3836, 16.6184, 10.1737, 22.6288, 50.2653, 18.8828, 19.302, 35.9202, 53.8828, 26.0552, 29.2156, 25.261, 17.4909, 23.7854, 35.0029, 38.3789, 23.173, 67.071, 6.2629, 70.9832, 6.8999],
      [19.253, 3.0305, 7.1023, 15.8364, 0, 0.8814, 2.4817, 13.5786, 5.6411, 0.8633, 3.3826, 1.5086, 12.3138, 7.3333, 1.8196, 10.4889, 0, 8.1571, 17.4877, 0.8826, 18.1899, 8.3314, 20.7967, 9.9532, 29.7638, 7.6919, 9.5987, 11.9328, 17.5117, 9.0921, 6.2554, 3.8637, 11.0371, 23.467, 15.2922, 12.1569, 17.5941, 31.1517, 10.1556, 16.2383, 9.3671, 11.0415, 13.2092, 12.0925, 17.0785, 21.9499, 28.8068, 6.9176, 53.6715, 4.9027]
    ]
  ],
  "V_est": [
    [72.2843, 604.9782, 5.7237, 84.5104, 1081.3046, 145.5888, 3.6101],
    [30.2645, 153.8665, 967.0409, 28.4986, 101.2148, 302.4323, 79.6824],
    [8.7062, 39.8915, 210.4416, 212.5603, 90.9295, 13544.6708, 637.8002],
    [20.7955, 245.657, 8.8173, 251.8788, 3937.9098, 743.3743, 148.5674],
    [171.2121, 32.5433, 11.2893, 85.7538, 247.8477, 1863.4579, 212.8959],
    [171.8768, 74.8564, 3.1531, 1253.031, 482.6842, 925.108, 10.2904],
    [538.8607, 16.207, 60.5341, 40.767, 131.1095, 1163.368, 601.1537]
  ],
  "p_est": [
    [0.0362, 0.3028, 0.0029, 0.0423, 0.5412, 0.0729, 0.0018],
    [0.0182, 0.0925, 0.5815, 0.0171, 0.0609, 0.1819, 0.0479],
    [0.0006, 0.0027, 0.0143, 0.0144, 0.0062, 0.9186, 0.0433],
    [0.0039, 0.0459, 0.0016, 0.047, 0.7351, 0.1388, 0.0277],
    [0.0652, 0.0124, 0.0043, 0.0327, 0.0944, 0.7099, 0.0811],
    [0.0588, 0.0256, 0.0011, 0.429, 0.1652, 0.3167, 0.0035],
    [0.2112, 0.0064, 0.0237, 0.016, 0.0514, 0.4559, 0.2356]
  ],
  "EI_Z": {},
  "EI_V": 7.8386,
  "MAE_Z": {},
  "MAE_V": 101.9376,
  "MAE_p": 0.0396,
  "runtime": 0.215
}
