{
  "X": [
    [1044, 816, 198],
    [456, 235, 99],
    [816, 479, 142],
    [800, 705, 164],
    [403, 218, 85],
    [517, 901, 83],
    [485, 1154, 117],
    [281, 426, 59],
    [815, 1003, 144],
    [241, 238, 53],
    [544, 432, 128],
    [325, 334, 60],
    [49, 39, 14],
    [18, 20, 12],
    [407, 559, 114],
    [549, 683, 142],
    [270, 387, 67],
    [1121, 1002, 214],
    [596, 812, 109],
    [448, 820, 73],
    [611, 1051, 171],
    [926, 1560, 207],
    [18, 23, 6],
    [39, 46, 13],
    [125, 100, 43],
    [1138, 1415, 248],
    [155, 111, 38],
    [1057, 1039, 274],
    [217, 246, 37]
  ],
  "W": [
    [155, 906, 690, 140, 167],
    [31, 404, 225, 45, 85],
    [66, 759, 442, 83, 87],
    [96, 699, 621, 113, 140],
    [43, 364, 200, 49, 50],
    [97, 487, 759, 58, 100],
    [68, 474, 1004, 56, 154],
    [41, 253, 378, 23, 71],
    [132, 697, 876, 87, 170],
    [20, 221, 221, 28, 42],
    [49, 513, 394, 57, 91],
    [18, 314, 296, 33, 58],
    [5, 44, 36, 3, 14],
    [1, 21, 20, 3, 5],
    [50, 404, 485, 58, 83],
    [41, 524, 605, 94, 110],
    [26, 281, 326, 44, 47],
    [89, 1097, 836, 101, 214],
    [86, 558, 701, 47, 125],
    [98, 392, 707, 62, 82],
    [64, 585, 932, 89, 163],
    [101, 907, 1319, 131, 235],
    [3, 13, 24, 3, 4],
    [6, 38, 42, 3, 9],
    [4, 117, 107, 21, 19],
    [135, 1006, 1284, 153, 223],
    [7, 147, 112, 12, 26],
    [164, 986, 933, 109, 178],
    [47, 182, 237, 11, 23]
  ],
  "method": "mvn_cdf",
  "mvncdf_method": "genz",
  "mvncdf_samples": 5000,
  "mvncdf_error": 1e-06,
  "cond_prob": [
    [
      [0.69497890965, 0.29674522786, 0.0082758624889],
      [0.85332766442, 0.04929899596, 0.097373339621],
      [0.04862968785, 0.91569265179, 0.035677660361],
      [0.46046724537, 0.15735817511, 0.38217457953],
      [0.38680808285, 0.43303187763, 0.18016003951]
    ],
    [
      [0.79725778044, 0.19225931032, 0.010482909246],
      [0.8630337529, 0.028143462317, 0.10882278479],
      [0.079844432215, 0.85531061225, 0.064844955533],
      [0.47316839106, 0.091371041873, 0.43546056707],
      [0.46531703907, 0.29470421318, 0.23997874775]
    ],
    [
      [0.74949785667, 0.24192947121, 0.0085726721198],
      [0.86709120434, 0.037857415193, 0.095051380471],
      [0.062597570271, 0.89326266136, 0.044139768366],
      [0.48630164078, 0.12563659789, 0.38806176133],
      [0.43583059791, 0.36906185109, 0.19510755099]
    ],
    [
      [0.69939401692, 0.29207440113, 0.0085315819484],
      [0.85223572277, 0.048140761635, 0.099623515593],
      [0.049537278114, 0.91321669136, 0.037246030525],
      [0.45767235337, 0.15297349456, 0.38935415207],
      [0.3887148871, 0.42574544269, 0.18553967021]
    ],
    [
      [0.76193266533, 0.22770977561, 0.010357559059],
      [0.85415753286, 0.034489126741, 0.1113533404],
      [0.066111382905, 0.87837849457, 0.055510122524],
      [0.45635217363, 0.10916288153, 0.43448494484],
      [0.43132373896, 0.33863477731, 0.23004148373]
    ],
    [
      [0.52368586996, 0.47028952444, 0.006024605593],
      [0.81201918796, 0.098503921071, 0.089476890972],
      [0.024188309636, 0.95865913237, 0.01715255799],
      [0.39669837376, 0.28499028181, 0.31831134442],
      [0.26273521298, 0.61900095088, 0.11826383614]
    ],
    [
      [0.50446374004, 0.48793996504, 0.0075962949171],
      [0.78434898992, 0.10251313679, 0.11313787329],
      [0.022426360096, 0.95675763615, 0.02081600375],
      [0.35405734313, 0.27401482564, 0.37192783123],
      [0.24234560086, 0.61484695123, 0.14280744791]
    ],
    [
      [0.62210647709, 0.36966141658, 0.008232106328],
      [0.82853418093, 0.066409080302, 0.10505673876],
      [0.035492768164, 0.93548815684, 0.029019074997],
      [0.41628056618, 0.19793019243, 0.38578924139],
      [0.32462485362, 0.50685852543, 0.16851662095]
    ],
    [
      [0.65251016399, 0.34024064105, 0.0072491949614],
      [0.84963533062, 0.059925218591, 0.090439450793],
      [0.040513639073, 0.93174892268, 0.027737438242],
      [0.45624459199, 0.19040295855, 0.35335244946],
      [0.35689304855, 0.48800362207, 0.15510332937]
    ],
    [
      [0.70476923255, 0.28596599773, 0.0092647697211],
      [0.84692712598, 0.046326146565, 0.10674672745],
      [0.050204573185, 0.9089466078, 0.040848819012],
      [0.44486930268, 0.14446643117, 0.41066426615],
      [0.38695520506, 0.41312616341, 0.19991863153]
    ],
    [
      [0.71347695069, 0.27562514714, 0.010897902166],
      [0.83427371794, 0.043564844866, 0.12216143719],
      [0.052517710248, 0.89799298323, 0.049489306526],
      [0.42076324992, 0.13009120825, 0.44914554183],
      [0.3828087044, 0.38810689296, 0.22908440264]
    ],
    [
      [0.65468439713, 0.33767839546, 0.0076372074156],
      [0.84650459209, 0.058880106203, 0.094615301709],
      [0.040592447597, 0.93015398806, 0.029253564342],
      [0.44865357047, 0.18511728827, 0.36622914126],
      [0.35547646, 0.48191627136, 0.16260726864]
    ],
    [
      [0.75046745894, 0.23590909165, 0.013623449403],
      [0.8213831265, 0.034396420086, 0.14422045341],
      [0.058669781621, 0.87373717311, 0.067593045268],
      [0.38520232675, 0.097222108462, 0.51757556479],
      [0.38798972579, 0.3261009958, 0.2859092784]
    ],
    [
      [0.67343083722, 0.28484301775, 0.041726145032],
      [0.59742898936, 0.032803066151, 0.36976794449],
      [0.037435281213, 0.81023725895, 0.15232745984],
      [0.15239822922, 0.051677745458, 0.79592402532],
      [0.20618334192, 0.23636625517, 0.55745040291]
    ],
    [
      [0.58250309268, 0.4069775625, 0.010519344816],
      [0.78900894387, 0.074428392242, 0.13656266389],
      [0.030292863407, 0.93595939597, 0.033747740628],
      [0.35443552492, 0.19810299286, 0.44746148222],
      [0.28237961546, 0.51781712535, 0.19980325918]
    ],
    [
      [0.62610595183, 0.36452777347, 0.009366274698],
      [0.818311459, 0.064384746324, 0.11730379467],
      [0.036172907036, 0.93045934368, 0.03336774928],
      [0.39840210928, 0.18560688666, 0.41599100405],
      [0.32121376439, 0.49066946415, 0.18811677145]
    ],
    [
      [0.52504509126, 0.46657394783, 0.0083809609058],
      [0.78580032318, 0.094028837243, 0.12017083958],
      [0.024159533238, 0.95203019055, 0.023810276211],
      [0.35363894897, 0.25118020182, 0.39518084921],
      [0.25245966173, 0.58951970573, 0.15802063255]
    ],
    [
      [0.63976065895, 0.35202772524, 0.0082116158131],
      [0.83512459374, 0.062165825393, 0.10270958087],
      [0.038392718286, 0.93125139788, 0.030355883834],
      [0.42832116573, 0.18860555608, 0.38307327819],
      [0.339613797, 0.48992049497, 0.17046570803]
    ],
    [
      [0.60102799406, 0.39148244999, 0.0074895559506],
      [0.82820957599, 0.072909088382, 0.098881335628],
      [0.032761159282, 0.9420713151, 0.025167525622],
      [0.41830244772, 0.21801644613, 0.36368110615],
      [0.31285151723, 0.53457477121, 0.15257371155]
    ],
    [
      [0.55261129851, 0.44134486795, 0.0060438335428],
      [0.82465974642, 0.088954645945, 0.086385607635],
      [0.027067174384, 0.95467857019, 0.018254255431],
      [0.41629954422, 0.26599772222, 0.31770273357],
      [0.28378528457, 0.59473889374, 0.12147582169]
    ],
    [
      [0.58037435539, 0.41004020677, 0.0095854378397],
      [0.79759387353, 0.076184442944, 0.12622168353],
      [0.030135345314, 0.93918699728, 0.030677657404],
      [0.36798147395, 0.20805316809, 0.42396535796],
      [0.2857767272, 0.52951787003, 0.18470540277]
    ],
    [
      [0.5348033756, 0.45773531549, 0.0074613089165],
      [0.80036660491, 0.092656781753, 0.10697661334],
      [0.02527620987, 0.9530027693, 0.021721020828],
      [0.37638479254, 0.25778425269, 0.36583095477],
      [0.26390574804, 0.5921280868, 0.14396616517]
    ],
    [
      [0.79576314725, 0.19214988738, 0.012086965376],
      [0.84705480443, 0.027001536118, 0.12594365945],
      [0.067396892656, 0.86368922969, 0.068913877657],
      [0.41055901623, 0.081307260069, 0.5081337237],
      [0.43018348929, 0.28767812979, 0.28213838091]
    ],
    [
      [0.65957361811, 0.32463368147, 0.015792700413],
      [0.77107206014, 0.050044328061, 0.1788836118],
      [0.03876240275, 0.9023144783, 0.058923118949],
      [0.31353337685, 0.123395973, 0.56307065015],
      [0.30348698914, 0.39981848825, 0.29669452261]
    ],
    [
      [0.79210789784, 0.19194697533, 0.015945126827],
      [0.81542112494, 0.026626358789, 0.15795251627],
      [0.075256537041, 0.83024642567, 0.094497037294],
      [0.38036191752, 0.073926181171, 0.54571190131],
      [0.41000651518, 0.26248727712, 0.3275062077]
    ],
    [
      [0.66543405351, 0.32606323623, 0.0085027102623],
      [0.8412243869, 0.055781690124, 0.10299392297],
      [0.042773779033, 0.92355744911, 0.03366877186],
      [0.43812657189, 0.17183133555, 0.39004209256],
      [0.35917498363, 0.46135578959, 0.17946922678]
    ],
    [
      [0.77998411052, 0.20793345693, 0.012082432548],
      [0.844056048, 0.03031107756, 0.12563287444],
      [0.071239869028, 0.86010092023, 0.068659210738],
      [0.43249969588, 0.092384710264, 0.47511559386],
      [0.43170876418, 0.30378531548, 0.26450592033]
    ],
    [
      [0.67449104686, 0.31334021547, 0.012168737672],
      [0.80920738739, 0.050868911057, 0.13992370155],
      [0.04426796234, 0.90652854055, 0.049203497113],
      [0.38026398355, 0.14138770592, 0.47834831052],
      [0.34204303169, 0.41654607652, 0.24141089179]
    ],
    [
      [0.71984355269, 0.27149475193, 0.0086616953789],
      [0.85743797402, 0.043599493592, 0.098962532392],
      [0.053788020757, 0.90611485931, 0.040097119936],
      [0.46528437592, 0.14050084168, 0.39421478239],
      [0.40545078049, 0.40252190787, 0.19202731164]
    ]
  ],
  "expected_outcome": [
    [
      [107.7217309954, 24.7149911936, 49.4668585402, 67.1418256243, 32.7631046093, 50.7975293865, 34.3035343229, 25.5063655608, 86.1313416467, 14.0953846509, 34.960370584, 11.7843191483, 3.7523372947, 0.67343083722, 29.1251546341, 25.6703440252, 13.6511723729, 56.9386986462, 51.6884074895, 54.1559072541, 37.1439587447, 54.0151409353, 2.3872894417, 3.9574417087, 3.1684315914, 89.8335972237, 5.4598887737, 110.6165316853, 33.8326469764],
      [45.9955103188, 5.9600386198, 15.9673450999, 28.0391425087, 9.7915203512, 45.6180838709, 33.1799176227, 15.1561180797, 44.9117646184, 5.7193199547, 13.5056322099, 6.0782111183, 1.1795454583, 0.28484301775, 20.3488781251, 14.9456387122, 12.1309226436, 31.3304675464, 33.6674906987, 43.2517970587, 26.2425732336, 46.2312668642, 0.57644966213, 1.9478020888, 0.76778790133, 44.0185368909, 1.4555341985, 51.3877953366, 12.7602533408],
      [1.2827586858, 0.32497018664, 0.56579635991, 0.81903186705, 0.44537503952, 0.58438674252, 0.51654805436, 0.33751635945, 0.9568937349, 0.18529539442, 0.53399720615, 0.13746973348, 0.068117247015, 0.041726145032, 0.52596724079, 0.38401726262, 0.21790498355, 0.73083380736, 0.64410181175, 0.59229568719, 0.61346802174, 0.75359220056, 0.036260896127, 0.094756202478, 0.063780507308, 1.1478658854, 0.084577027838, 1.9956729781, 0.40709968281]
    ],
    [
      [773.1148639637, 348.6656361703, 658.1222240909, 595.7127702179, 310.9133419618, 395.4533445351, 371.7814212216, 209.6191477765, 592.1958254392, 187.1708948419, 427.9824173053, 265.8024419158, 36.140857566, 12.5460087765, 318.7596133227, 428.7952045172, 220.8098908135, 916.1316793275, 462.1409434023, 323.2666205967, 466.5924160153, 725.9325106553, 11.0117124576, 29.3007382853, 95.4042716184, 846.2717332253, 124.0762390557, 797.8784839682, 156.0537112709],
      [44.6648903395, 11.3699587759, 28.7337781318, 33.6503923827, 12.5540421338, 47.9714095617, 48.5912268382, 16.8014973163, 41.7678773582, 10.238078391, 22.3487654162, 18.4883533477, 1.5134424838, 0.68886438916, 30.0690704659, 33.737607074, 26.4221032653, 68.1959104561, 40.6832713174, 34.8702212103, 44.5678991222, 84.0397010498, 0.35101996953, 1.9016844663, 3.1152839783, 56.1163802648, 4.4557284013, 50.1567463019, 7.9351078337],
      [88.2202456968, 43.9644050538, 72.1439977774, 69.6368373995, 40.5326159044, 43.5752459032, 53.6273519403, 26.5793549072, 63.0362972026, 23.5910267672, 62.6688172784, 29.7092047365, 6.3456999502, 7.7651268343, 55.1713162113, 61.4671884088, 33.7680059212, 112.6724102164, 55.1757852803, 33.863158193, 73.8396848624, 97.0277882949, 1.6372675728, 6.7975772484, 18.4804444033, 103.6118865099, 18.468032543, 137.96476973, 18.0111808953]
    ],
    [
      [33.5544846166, 17.9649972484, 27.6681260599, 30.7626497087, 13.222276581, 18.3589270135, 22.5160655362, 13.4162663662, 35.4899478282, 11.095210674, 20.6919778379, 12.0153644888, 2.1121121384, 0.74870562427, 14.6920387525, 21.8846087566, 7.8760078355, 32.0963124869, 22.9655726568, 19.1364922895, 28.0861418328, 33.3393208184, 1.6175254237, 1.6280209155, 8.0524494634, 54.9215322789, 7.9788653312, 41.3020088628, 12.7477609195],
      [631.8279297341, 192.4448877567, 394.8220963225, 567.107565335, 175.6756989141, 727.6222814718, 960.5846666984, 353.614523285, 816.2120562716, 200.8772003243, 353.8092353909, 275.325580466, 31.454538232, 16.2047451789, 453.9403070431, 562.9279029293, 310.3618421195, 778.5261686276, 660.3919918823, 674.9577491211, 875.3222814664, 1257.0106527092, 20.7285415125, 37.8972080887, 88.8363675462, 1185.8477646532, 96.3313030662, 845.7911283312, 214.7492216557],
      [24.6175856493, 14.5901149949, 19.5097776177, 23.1297849563, 11.1020245049, 13.0187915147, 20.8992677655, 10.9692103488, 24.2979959003, 9.0275890017, 19.4987867713, 8.6590550452, 2.4333496297, 3.0465491968, 16.3676542044, 20.1874883141, 7.7621500449, 25.3775188856, 17.6424354608, 12.9057585894, 28.5915767008, 28.6500264724, 1.6539330638, 2.4747709958, 10.1111829905, 43.2307030679, 7.6898316026, 45.906862806, 9.5030174249]
    ],
    [
      [64.4654143512, 21.2925775977, 40.363036185, 51.7169759308, 22.3612565079, 23.0085056781, 19.8272112153, 9.5744530222, 39.6932795028, 12.4563404751, 23.9835052454, 14.8055678256, 1.1556069802, 0.45719468766, 20.5572604454, 37.4497982725, 15.5601137548, 43.2604377387, 19.6602150429, 25.8105717415, 32.7503511814, 49.306407823, 1.2316770487, 0.94060013056, 7.9876002679, 67.0333654989, 5.1899963506, 41.4487742072, 5.1181281352],
      [22.0301445153, 4.1116968843, 10.4278376247, 17.2860048851, 5.3489811948, 16.5294363452, 15.3448302359, 4.552394426, 16.5650573939, 4.0450600727, 7.4151988702, 6.1088705129, 0.29166632539, 0.15503323638, 11.489973586, 17.4470473465, 11.0519288801, 19.0491611637, 10.2467729682, 16.4918587774, 18.51673196, 33.7697371025, 0.24392178021, 0.37018791899, 1.5524498046, 26.2901943399, 1.1086165232, 15.4112599457, 1.5455092585],
      [53.5044411335, 19.5957255181, 32.2091261903, 43.9970191841, 21.2897622973, 18.4620579766, 20.8279585488, 8.8731525519, 30.7416631033, 11.4985994521, 25.6012958845, 12.0855616615, 1.5527266944, 2.387772076, 25.9527659686, 39.1031543811, 17.3879573651, 38.6904010976, 17.0930119889, 19.6975694811, 37.7329168586, 47.9238550745, 1.5244011711, 1.6892119505, 11.4599499275, 59.6764401612, 5.7013871263, 52.1399658472, 4.3363626063]
    ],
    [
      [64.5969498366, 39.5519483209, 37.9172620185, 54.4200841943, 21.5661869479, 26.2735212981, 37.3212225321, 23.0483646072, 60.6718182537, 16.2521186124, 34.8355921008, 20.6176346802, 5.4318561611, 1.0309167096, 23.4375080833, 35.3335140833, 11.8656041012, 72.6773525579, 39.1064396544, 23.2703933349, 46.581606534, 62.0178507888, 1.7207339572, 2.7313829023, 7.7901237884, 80.0960213491, 11.2244278687, 60.8836596406, 9.3253679513],
      [72.316323565, 25.0498581201, 32.1083810451, 59.6043619759, 16.9317388655, 61.9000950877, 94.6864304895, 35.9869553057, 82.9606157527, 17.3512988633, 35.317727259, 27.9511437389, 4.5654139412, 1.1818312759, 42.9788214045, 53.9736410569, 27.7074261692, 104.8429859244, 66.8218464013, 48.7685892869, 86.3114128149, 139.1501003972, 1.1507125192, 3.5983663942, 4.9872582652, 102.8823410782, 7.8984182026, 74.1452016204, 9.2580038809],
      [30.0867265984, 20.398193559, 16.9743569365, 25.9755538298, 11.5020741865, 11.8263836142, 21.9923469784, 11.9646800871, 26.3675659936, 8.3965825243, 20.8466806402, 9.4312215809, 4.0027298976, 2.7872520145, 16.5836705123, 20.6928448599, 7.4269697296, 36.4796615177, 19.0717139444, 9.9610173782, 30.1069806511, 33.8320488139, 1.1285535237, 2.6702507035, 6.2226179463, 40.0216375728, 6.8771539287, 42.9711387391, 4.4166281678]
    ]
  ],
  "prob": [
    [0.63978694102, 0.35143359871, 0.00877946027],
    [0.82926299712, 0.06170767763, 0.10902932525],
    [0.038485963485, 0.92901662266, 0.032497413853],
    [0.41770468296, 0.18365819214, 0.3986371249],
    [0.33617314673, 0.48363699098, 0.18018986229]
  ],
  "iterations": 193,
  "time": 0.013512,
  "message": "Converged",
  "status": 0,
  "miniter": 0,
  "maxiter": 1000,
  "maxtime": 3600,
  "param_threshold": 0.001,
  "ll_threshold": "-Inf",
  "initial_prob": "random",
  "adjust_prob_cond_method": "",
  "adjust_prob_cond_every": true,
  "candidates_id": ["HARTLEY, Margaret Ann.c", "COLEMAN, Jonathan David.c", "Other candidates votes.c"],
  "group_id": ["Green Party.p", "Labour Party.p", "National Party.p", "New Zealand First Party.p", "Other parties votes.p"]
}
