{
  "X": [
    [25, 18, 45, 127, 293, 14],
    [18, 15, 36, 67, 163, 10],
    [16, 14, 52, 78, 216, 8],
    [36, 27, 24, 134, 246, 10],
    [23, 19, 21, 103, 166, 16],
    [21, 26, 14, 86, 178, 7],
    [13, 16, 34, 123, 205, 11],
    [36, 18, 72, 113, 290, 14],
    [24, 29, 31, 117, 221, 11],
    [18, 9, 52, 72, 146, 7],
    [10, 7, 40, 65, 176, 8],
    [39, 14, 36, 81, 240, 9],
    [35, 6, 31, 81, 173, 11],
    [23, 21, 30, 118, 213, 17],
    [33, 32, 34, 125, 113, 11],
    [31, 27, 37, 114, 172, 17],
    [2, 5, 5, 47, 147, 18],
    [5, 9, 15, 46, 146, 12],
    [28, 12, 35, 95, 254, 23],
    [6, 10, 33, 100, 224, 10],
    [3, 5, 23, 46, 123, 5],
    [3, 6, 21, 68, 119, 5],
    [27, 39, 58, 128, 211, 8],
    [36, 45, 41, 114, 204, 8],
    [37, 84, 45, 158, 286, 10],
    [14, 42, 16, 80, 95, 4],
    [11, 13, 31, 100, 98, 6],
    [12, 16, 60, 65, 136, 8],
    [20, 59, 21, 116, 107, 9],
    [19, 66, 34, 123, 161, 17],
    [16, 50, 19, 121, 121, 10],
    [20, 17, 43, 79, 125, 4],
    [11, 7, 35, 53, 106, 2],
    [11, 9, 16, 57, 122, 4],
    [13, 9, 27, 59, 142, 8],
    [28, 14, 31, 86, 153, 8],
    [15, 12, 29, 78, 155, 11],
    [12, 12, 30, 78, 137, 9],
    [17, 5, 21, 98, 182, 3],
    [9, 14, 16, 50, 151, 6],
    [16, 13, 6, 56, 111, 3],
    [8, 22, 9, 74, 108, 4],
    [17, 20, 42, 87, 207, 12],
    [30, 15, 50, 117, 260, 6],
    [9, 7, 18, 97, 170, 6],
    [14, 14, 26, 65, 190, 6],
    [11, 11, 16, 77, 222, 6],
    [11, 9, 21, 81, 192, 7],
    [21, 9, 25, 96, 259, 12],
    [25, 8, 41, 114, 287, 8],
    [129, 122, 132, 416, 1102, 47]
  ],
  "W": [
    [8, 6, 18, 19, 22, 122, 257, 70],
    [8, 13, 14, 11, 5, 75, 144, 39],
    [3, 12, 11, 25, 10, 78, 185, 60],
    [15, 19, 30, 17, 9, 143, 195, 49],
    [15, 15, 15, 7, 14, 84, 137, 61],
    [14, 18, 20, 5, 4, 98, 140, 33],
    [5, 7, 5, 13, 16, 119, 170, 67],
    [11, 22, 19, 25, 15, 126, 251, 74],
    [6, 20, 21, 11, 27, 119, 163, 66],
    [8, 4, 23, 14, 10, 82, 123, 40],
    [6, 4, 5, 13, 18, 55, 169, 36],
    [6, 5, 28, 22, 12, 79, 183, 84],
    [7, 5, 22, 10, 14, 76, 153, 50],
    [8, 18, 18, 14, 15, 109, 171, 69],
    [18, 17, 15, 10, 22, 106, 102, 58],
    [21, 9, 16, 8, 17, 111, 150, 66],
    [2, 4, 1, 9, 10, 49, 118, 31],
    [6, 4, 2, 15, 12, 46, 113, 35],
    [12, 7, 14, 17, 25, 89, 197, 86],
    [7, 5, 3, 14, 24, 87, 181, 62],
    [3, 1, 2, 13, 9, 52, 94, 31],
    [4, 2, 1, 7, 12, 67, 93, 36],
    [25, 26, 21, 29, 35, 102, 167, 66],
    [29, 29, 23, 16, 16, 109, 177, 49],
    [48, 53, 26, 23, 24, 141, 224, 81],
    [19, 24, 14, 5, 10, 76, 82, 21],
    [13, 9, 6, 12, 18, 91, 71, 39],
    [8, 9, 6, 22, 13, 68, 120, 51],
    [40, 36, 19, 5, 18, 98, 74, 42],
    [40, 35, 11, 9, 30, 106, 114, 75],
    [35, 29, 17, 7, 17, 104, 93, 35],
    [9, 7, 14, 15, 11, 78, 104, 50],
    [4, 1, 9, 7, 12, 59, 97, 25],
    [5, 7, 6, 2, 3, 61, 95, 40],
    [4, 5, 9, 22, 9, 67, 104, 38],
    [8, 5, 13, 8, 17, 83, 131, 55],
    [6, 8, 12, 23, 10, 77, 120, 44],
    [4, 8, 10, 18, 6, 90, 104, 38],
    [4, 2, 14, 15, 21, 89, 139, 42],
    [6, 14, 4, 8, 9, 49, 117, 39],
    [7, 7, 11, 2, 9, 62, 88, 19],
    [8, 16, 1, 7, 8, 67, 90, 28],
    [9, 16, 5, 21, 16, 86, 182, 50],
    [9, 14, 15, 21, 18, 122, 211, 68],
    [4, 4, 1, 8, 12, 89, 159, 30],
    [5, 6, 9, 14, 9, 67, 160, 45],
    [7, 8, 6, 10, 10, 77, 174, 51],
    [4, 6, 5, 16, 11, 83, 154, 42],
    [5, 3, 15, 16, 16, 96, 221, 50],
    [5, 4, 14, 38, 21, 110, 226, 65],
    [64, 72, 104, 68, 74, 382, 930, 254]
  ],
  "method": "mult",
  "cond_prob": [
    [
      [0.0031735149376, 0.88072684443, 0.00054430664893, 0.10641551622, 0, 0.0091398177586],
      [0.0065609568355, 0.93183118955, 0.00025187104957, 0.048992476096, 0.00083408141555, 0.011529425058],
      [0.952485731, 0.010890589014, 0.012765961215, 0.012463636122, 0.011360009699, 3.4072948328e-05],
      [0.022147919813, 0.00046683960591, 0.49336068963, 0.0071698784384, 0.47429392526, 0.0025607472499],
      [0.003052330593, 0.0079718547355, 0.13606886396, 0.70529777709, 0.099668798821, 0.047940374798],
      [0.0090756111201, 0.025502192669, 0.060094116644, 0.75662459875, 0.14210794425, 0.0065955365646],
      [0.007646730827, 0.0052489620461, 0.042810361416, 0.028748951192, 0.90797484795, 0.0075701465649],
      [0.060430097897, 0.0074666570971, 0.20090333991, 0.14687021818, 0.44142160087, 0.14290808604]
    ],
    [
      [0.034620052159, 0.68312976775, 0.014890798636, 0.18821630371, 0.064966361927, 0.014176715813],
      [0.072437468833, 0.72857644917, 0.020060346612, 0.094836545924, 0.070796932814, 0.013292256643],
      [0.9270265908, 0.0028033014071, 0.019281078537, 0.010393543927, 0.040199565193, 0.00029592014087],
      [0, 0, 0.61186097111, 0.0024911841644, 0.38279688361, 0.0028509611169],
      [0.0031029577931, 0.0042675242202, 0.20012275223, 0.63882804441, 0.088844937643, 0.064833783703],
      [0.011386632381, 0, 0.095998420916, 0.71780417154, 0.16467437269, 0.010136402473],
      [0.0038407183181, 2.002901313e-05, 0.068542568307, 0.017716251693, 0.89807054638, 0.011809886287],
      [0.061036014396, 0, 0.27048867069, 0.11558688464, 0.37613815453, 0.17675027573]
    ],
    [
      [0.032743306539, 0.7997937121, 0.012727483879, 0.14691460922, 0.0001188738528, 0.0077020144147],
      [0.030438623048, 0.89723316935, 0.0012327641249, 0.061305006584, 0.0011518724862, 0.008638564403],
      [0.95619959634, 0.0082636975966, 0.017889744929, 0.0057568595774, 0.011866336647, 2.3764910328e-05],
      [7.6696709471e-05, 6.3143506567e-05, 0.57012006569, 0.016905382055, 0.41125446911, 0.0015802429279],
      [0.0028294343478, 0.0055072939551, 0.19520146906, 0.67009414805, 0.090452883759, 0.035914770834],
      [0.0084544678827, 0.0050585643056, 0.090519751186, 0.73892666286, 0.15195630088, 0.0050842528879],
      [0.0061885943325, 0.00014144274599, 0.064750183688, 0.022333475975, 0.90104016195, 0.0055461413114],
      [0.053062680608, 0.0044255617806, 0.27509827128, 0.13114536413, 0.43540632018, 0.10086180201]
    ],
    [
      [0.036834935456, 0.72253246874, 0.004283767862, 0.19300200102, 0.034427618975, 0.0089192079434],
      [0.035023776162, 0.82262193399, 0.0019621804827, 0.094930805094, 0.037727823444, 0.0077334808235],
      [0.91155046884, 0.0068703072877, 0.007490905085, 0.01887955772, 0.055136885474, 7.1875590268e-05],
      [0.00035300637089, 0, 0.37766204995, 0.0044623390686, 0.61470873074, 0.0028138738682],
      [0.0037770841765, 0.005436467952, 0.08550016963, 0.74401461376, 0.11584220643, 0.045429458051],
      [0.013287977392, 0.00061530461653, 0.035101971711, 0.7687258679, 0.17647379433, 0.0057950840485],
      [0.0079161445064, 0, 0.025324183465, 0.021133935053, 0.93881443216, 0.0068113048128],
      [0.080646660083, 0.0038606169931, 0.13318736315, 0.16151000456, 0.47582561967, 0.14496973555]
    ],
    [
      [0.1088579972, 0.54012223136, 0.006196315983, 0.25679732666, 0.07300508055, 0.015021048253],
      [0.037980168855, 0.71876312461, 0.0035194573866, 0.141127973, 0.08536002564, 0.013249250518],
      [0.95821617276, 0.0046897570492, 0.0079759421971, 0.011224374461, 0.017739953483, 0.0001538000484],
      [0.00028371476748, 0, 0.43275746615, 0.0055880153722, 0.5570231744, 0.0043476293181],
      [0.0033657280948, 0.0030700868056, 0.089192532938, 0.7693686686, 0.072459128139, 0.062543855428],
      [0.010521541721, 0, 0.038975535051, 0.82724786951, 0.11452388262, 0.0087311711002],
      [0.0066323811887, 0, 0.033410195057, 0.041297557402, 0.90649998884, 0.012159877516],
      [0.075125131044, 5.5608025496e-05, 0.14107352255, 0.17878509865, 0.40384146688, 0.20111917286]
    ],
    [
      [0.022169428179, 0.74524272671, 0.0034010085749, 0.17167334018, 0.049128013535, 0.0083854828195],
      [0.02197795013, 0.83641775321, 0.0015683154865, 0.083374869773, 0.050457390244, 0.0062037211558],
      [0.86547459473, 0.01038742874, 0.0086273583584, 0.023386865277, 0.092004565356, 0.00011918754108],
      [0.00016995942293, 3.1279438115e-05, 0.37550903038, 0.0038235726832, 0.61752846705, 0.0029376910252],
      [0.003211408498, 0.0061616051127, 0.089097658116, 0.72143926056, 0.13085817971, 0.049231888006],
      [0.0039224617402, 0.0014601307279, 0.04137022706, 0.73995939476, 0.20694681468, 0.0063409710361],
      [0.0033910357325, 0, 0.021890171875, 0.0097920015072, 0.95814849894, 0.0067782919403],
      [0.063990646194, 0.0041041837715, 0.13329596773, 0.14655492342, 0.50094638589, 0.15110789299]
    ],
    [
      [0.030701980909, 0.85245124299, 0.0004659413536, 0.10956224189, 0, 0.006818592853],
      [0.0282892981, 0.9116454254, 0.00018751338487, 0.050696350515, 0.00046414271629, 0.0087172698813],
      [0.96863864372, 0.0060703875632, 0.0089296026546, 0.0060245950222, 0.010331107182, 5.6638597402e-06],
      [0.03630069459, 0.18006153218, 0.48267762711, 0.0047668350383, 0.29385308692, 0.0023402241683],
      [0.033234102329, 0.008107690383, 0.11669665877, 0.6993034147, 0.10450527716, 0.038152856653],
      [0.0090568403599, 0.01054605654, 0.050396619913, 0.7793945914, 0.14562553165, 0.0049803601381],
      [0.0093119915542, 0.0060206982681, 0.040994444103, 0.037396175447, 0.89979543312, 0.0064812575063],
      [0.061803202331, 0.0086097234505, 0.19169404069, 0.1747919652, 0.43519789558, 0.12790317275]
    ],
    [
      [0.17892351366, 0.56943022647, 0.022690625358, 0.21539939217, 0.00042386694126, 0.013132375399],
      [0.21437646942, 0.52974220379, 0.014484169449, 0.12028141485, 0.10774491256, 0.013370829935],
      [0.97340706684, 0.0020345692672, 0.01219438974, 0.0032038237057, 0.0090649488045, 9.5201645142e-05],
      [0, 0, 0.61021669482, 0.0017705162396, 0.38590825295, 0.0021045359892],
      [0.0050145837993, 0.0028580120769, 0.21609697447, 0.62268096392, 0.10418259382, 0.049166871922],
      [0.016646349491, 0, 0.10383095538, 0.69457641109, 0.17735790552, 0.0075883785109],
      [0.0093154753579, 1.6415461011e-06, 0.073551948455, 0.011460712071, 0.89713623411, 0.008533988461],
      [0.085270022228, 0, 0.28593171027, 0.11007836509, 0.38802674692, 0.13069315549]
    ],
    [
      [0.021044470633, 0.86166785823, 0.00045926112769, 0.10995139779, 0.00043725438876, 0.0064397578304],
      [0.019809947013, 0.92211761869, 6.1233402279e-05, 0.050293768428, 0.0021710008384, 0.0055464316268],
      [0.87568058402, 0.079035114713, 0.013453050804, 0.016656584901, 0.015023932414, 0.00015073314705],
      [0, 0.035397062115, 0.44250947945, 0.003189033697, 0.51667002739, 0.002234397345],
      [0.0026258610584, 0.0091418142176, 0.11490005383, 0.68565311963, 0.14734456514, 0.040334586125],
      [0.0056349263984, 0.011777088298, 0.049343547224, 0.71865308478, 0.20935689212, 0.0052344611772],
      [0.0032272930627, 0.0069199826807, 0.03366870299, 0.0087240754256, 0.94173207272, 0.0057278731193],
      [0.057889980489, 0.0085193290343, 0.17248059491, 0.14386625724, 0.49334821667, 0.12389562166]
    ],
    [
      [0.032128382184, 0.70667223535, 0.026890888144, 0.1894663331, 0.033618728643, 0.011223432576],
      [0.030602274944, 0.82292027868, 0.012857122168, 0.093168993905, 0.027286961436, 0.013164368871],
      [0.70733593514, 0.0022579325919, 0.10759403318, 0.03830471284, 0.14394332843, 0.00056405780758],
      [0, 0, 0.70072004254, 0.0020312206376, 0.29554982451, 0.0016989123125],
      [0.00092134559562, 0.0001337740222, 0.26336162348, 0.60011546924, 0.093549729722, 0.041918057939],
      [0.0025437559965, 2.0375764084e-05, 0.12966255275, 0.69268950589, 0.16801900015, 0.0070648094426],
      [0.0025034443954, 0, 0.088103486468, 0.015159465751, 0.88575472247, 0.0084788809144],
      [0.020652805655, 0, 0.38365066628, 0.11339598531, 0.36281555136, 0.11948499139]
    ],
    [
      [0.099174952578, 0.64115779871, 0.022904150639, 0.22239409316, 0, 0.014369004913],
      [0.078718308551, 0.78079298725, 0.011381456081, 0.10944165895, 0.0012372649478, 0.018428324215],
      [0.96579902066, 0.0045753346529, 0.014264148516, 0.0053914151101, 0.0099227530136, 4.7328048324e-05],
      [0.029353581108, 0, 0.61345628306, 0.0032793895148, 0.35173006097, 0.0021806853524],
      [0.0066691694251, 5.6774494907e-05, 0.20627328334, 0.6728286906, 0.064444939692, 0.049727142448],
      [0.012618798903, 0, 0.09640068326, 0.75272989562, 0.13098557297, 0.0072650492482],
      [0.0061545576717, 3.5400263548e-05, 0.072856965919, 0.029384241725, 0.88283232865, 0.0087365057752],
      [0.0562579488, 0, 0.29008369249, 0.13003561457, 0.38361298372, 0.14000976042]
    ],
    [
      [0.0041017558748, 0.88832350245, 0.00038723557631, 0.10141978884, 0.00018901935795, 0.0055786979014],
      [0.0080205365635, 0.93797114177, 0.00014381190652, 0.045946016805, 0.0010794329843, 0.0068390599723],
      [0.9289611654, 0.037382532418, 0.0094652137753, 0.013114660032, 0.01102700491, 4.9423469994e-05],
      [0.026655824865, 0.00064809872391, 0.42563413871, 0.005809797959, 0.53968678965, 0.0015653500941],
      [0.0047898555233, 0.0083116970191, 0.13002909462, 0.69771241985, 0.12584691109, 0.033310021898],
      [0.01650521862, 0.016959343266, 0.055238827158, 0.73005663795, 0.17712819225, 0.0041117807597],
      [0.016338264822, 0.0043323283943, 0.032153348097, 0.014679138288, 0.92886822673, 0.0036286936705],
      [0.095079202431, 0.0081772573625, 0.17332977746, 0.13015975481, 0.50387413806, 0.089379869869]
    ],
    [
      [0.29322677755, 0.39278747905, 0.017102619318, 0.2783402236, 0.00073922600872, 0.017803674467],
      [0.11427955576, 0.64763235829, 0.0090565899736, 0.14556372721, 0.061442638264, 0.0220251305],
      [0.97851480417, 0.00045421908984, 0.0093431962305, 0.0043329871932, 0.0072676734208, 8.7119899151e-05],
      [0.0010820400987, 0, 0.53506188219, 0.0036397551844, 0.45732190228, 0.0028944202436],
      [0.0079747381502, 6.5977571886e-05, 0.14794674592, 0.69924243186, 0.08931516363, 0.055454942864],
      [0.02229059477, 0, 0.066702252288, 0.75843651238, 0.14465135076, 0.0079192897994],
      [0.023442796833, 9.2114324572e-06, 0.05044505541, 0.02575520781, 0.89070527695, 0.0096424515685],
      [0.10890778467, 0, 0.20840220963, 0.13641921493, 0.38865364134, 0.15761714942]
    ],
    [
      [0.029842878457, 0.71917937999, 0.0065130844262, 0.20837554728, 0.023025354391, 0.013063755457],
      [0.02878220134, 0.8224421236, 0.0031374526253, 0.10112297627, 0.032076678848, 0.012438567311],
      [0.90858229127, 0.0077695732268, 0.011113883731, 0.020375877951, 0.051838144899, 0.00032022892264],
      [3.8708108951e-05, 0, 0.44454646118, 0.0049833679312, 0.54661433276, 0.0038171300199],
      [0.0027026833356, 0.0047631843012, 0.10321789195, 0.73456984094, 0.094587666847, 0.060158732629],
      [0.010086588472, 7.6466913819e-05, 0.045234894729, 0.79086356945, 0.14521364662, 0.008524833813],
      [0.0043130823913, 0, 0.035463338552, 0.032674907316, 0.91674076194, 0.010807909799],
      [0.058125198687, 0.003231474769, 0.15832779734, 0.1632777284, 0.42960807104, 0.18742972976]
    ],
    [
      [0.059184729693, 0.79340516655, 0.0015756729571, 0.13876878873, 0, 0.0070656420648],
      [0.037746905183, 0.88830306042, 0.0012177003061, 0.067796938671, 0, 0.004935395418],
      [0.98187153325, 0.0041110723054, 0.0068330981091, 0.0059896565772, 0.0011946397622, 0],
      [0.097329112725, 0.00097240726528, 0.59939175157, 0.0056874139875, 0.29385081972, 0.0027684947313],
      [0.018989692949, 0.0075302646904, 0.12630193982, 0.74369750829, 0.063475632405, 0.040004961851],
      [0.032254423751, 0.011410635349, 0.054853822053, 0.82593421808, 0.070297536407, 0.0052493643543],
      [0.038516986269, 0.006630323234, 0.063629058485, 0.056873353467, 0.82456414142, 0.0097861371258],
      [0.13493342396, 0.0085289427162, 0.22019329681, 0.19812828455, 0.2946556381, 0.14356041387]
    ],
    [
      [0.040216382007, 0.80147124595, 0.006210268693, 0.14077320111, 0, 0.011328902233],
      [0.039288377885, 0.89177948517, 0.0004148216301, 0.059421755956, 9.4845894092e-05, 0.0090007134682],
      [0.97499989245, 0.0061611624673, 0.0084079518697, 0.0043909294743, 0.0059014984414, 0.00013856529287],
      [0.14615587923, 0.00028052625924, 0.56886667461, 0.0037600660836, 0.2773825926, 0.0035542612226],
      [0.0059742687931, 0.0067336934171, 0.14259269638, 0.68914342709, 0.093058558471, 0.062497355855],
      [0.022008455213, 0.0083315331937, 0.065594588078, 0.76119452556, 0.13307219221, 0.009798705738],
      [0.02612428064, 0.0039671883834, 0.056458541875, 0.030821126204, 0.86943122526, 0.01319763764],
      [0.099537455599, 0.0061805216489, 0.21222021121, 0.14511260673, 0.34724195534, 0.18970724947]
    ],
    [
      [0.010276913733, 0.76059912224, 0.0036489146872, 0.18533249249, 0.00041021044287, 0.039732346412],
      [0.0099667725278, 0.8478672844, 0.0015042429435, 0.085018025553, 0.00196525572, 0.053678418851],
      [0.94800491481, 0.0083031357044, 0.0053899613389, 0.010949701172, 0.02717719462, 0.00017509235024],
      [0.026873269917, 4.4214093734e-06, 0.17221854368, 0.0071651873945, 0.78257909022, 0.011159487378],
      [0.0011283012067, 0.0049664255284, 0.036448758353, 0.65982557675, 0.13900234754, 0.15862859062],
      [0.0029448148774, 1.9206433595e-05, 0.019673868817, 0.72363399691, 0.23004039794, 0.023687715026],
      [0.00046918968681, 4.0075276762e-06, 0.0063495698107, 0.0073141681725, 0.96198213502, 0.023880929784],
      [0.01737972304, 0.00090036873298, 0.043663611329, 0.10627203434, 0.44338821429, 0.38839604826]
    ],
    [
      [0.022410488468, 0.81523946886, 0.005867655416, 0.13713624475, 0.00097960743879, 0.018366535065],
      [0.021077865357, 0.89458115701, 0.0023716613871, 0.060601368207, 0.0018547723016, 0.019513175737],
      [0.96784825664, 0.0052609478086, 0.0070954170875, 0.0053802434709, 0.014356846669, 5.8288322348e-05],
      [0.031545858389, 0.00086904754875, 0.34597738737, 0.011080243465, 0.60523660308, 0.0052908601464],
      [0.0026939022917, 0.0064454742881, 0.095885109066, 0.65084970935, 0.14846075643, 0.095665048572],
      [0.0077745542922, 0.0057869856881, 0.042076112544, 0.70432775602, 0.22643057612, 0.013604015335],
      [0.0050342791058, 6.2985945701e-05, 0.022033505127, 0.006195020609, 0.95366480781, 0.013009401402],
      [0.040386038707, 0.004457614428, 0.11930134892, 0.10995720862, 0.48337090472, 0.2425268846]
    ],
    [
      [0.1857377764, 0.57015763623, 0.011301776689, 0.21185813264, 0.00080093702386, 0.020143741017],
      [0.1128196837, 0.73374087694, 0.0054770383582, 0.10636847289, 0.018539444708, 0.023054483402],
      [0.97858749723, 0.00097877236216, 0.0065318232019, 0.0034269149397, 0.010368312596, 0.000106679673],
      [0.00057670918646, 7.2791128844e-06, 0.42511678843, 0.0036210318867, 0.56648536458, 0.0041928267976],
      [0.0089195261801, 0.00016250332921, 0.11974540998, 0.65730473546, 0.13602999244, 0.07783783262],
      [0.018555403453, 1.5387884858e-05, 0.053957925961, 0.71432605545, 0.20171401124, 0.011431216003],
      [0.011788199588, 0, 0.033596994685, 0.0089722022839, 0.93357314137, 0.012069462068],
      [0.082263784874, 3.0971670568e-05, 0.15224546361, 0.11428404157, 0.45137208612, 0.19980365216]
    ],
    [
      [0.018893499247, 0.74489619322, 0.011999168626, 0.21368195322, 0.00031927086441, 0.010209914821],
      [0.018462546935, 0.85866810751, 0.0052601573212, 0.10324747748, 0.001530101478, 0.012831609271],
      [0.95023372587, 0.0064479908973, 0.014815896696, 0.0093529649905, 0.019128479723, 2.0941820246e-05],
      [0.023200958475, 0.0012752536562, 0.4584603402, 0.006918616184, 0.50806163391, 0.0020831975758],
      [0.0014755806768, 0.0048049465691, 0.12423380783, 0.71709445928, 0.11399106367, 0.038400141972],
      [0.0059141646909, 0.001215977127, 0.054509274573, 0.76170576719, 0.17166550458, 0.0049893118326],
      [0.0011567626072, 3.0425020389e-06, 0.037222978111, 0.025292757919, 0.93093142241, 0.0053930364481],
      [0.029687062549, 0.0037665994422, 0.1929925043, 0.15816792688, 0.49436442579, 0.12102148104]
    ],
    [
      [0.013817115542, 0.88505995694, 0.00060931536186, 0.090689551676, 0.00054912888218, 0.0092749315945],
      [0.012849346722, 0.93259923939, 0.00026768877365, 0.039744750227, 0.0011125650804, 0.01342640981],
      [0.94515633845, 0.0091343215016, 0.017731744311, 0.0077812168953, 0.020173254421, 2.312441887e-05],
      [0.0081336434869, 1.4109344538e-05, 0.49658617901, 0.012410690039, 0.48097485492, 0.0018805232009],
      [0.0014130252611, 0.007638231762, 0.16186205299, 0.63346606708, 0.15336085297, 0.042259769936],
      [0.0026132875554, 0.0080797923165, 0.073158298406, 0.68299394419, 0.22742898209, 0.0057256954382],
      [0.000770462446, 0.0075792788968, 0.045049042475, 0.0059722327111, 0.93513356305, 0.0054954204251],
      [0.023503794008, 0.0062072039578, 0.22616840525, 0.12041985851, 0.50306808882, 0.12063264944]
    ],
    [
      [0.017334506662, 0.84618020699, 0.0038877295816, 0.1244193192, 0.00016420201623, 0.0080140355491],
      [0.016671752363, 0.9137251451, 0.00029609807342, 0.05784804114, 0.0011684678641, 0.01029049546],
      [0.95019029317, 0.0071533422365, 0.015825420762, 0.0088538924847, 0.017957185126, 1.986622053e-05],
      [0.048416469345, 0.018378307379, 0.50821436148, 0.028273748198, 0.39499298902, 0.0017241245726],
      [0.0015269408994, 0.0058045914323, 0.13231500547, 0.70642137806, 0.12243257709, 0.03149950705],
      [0.0037443918193, 0.0053272912958, 0.057788262019, 0.75370955704, 0.17544183736, 0.0039886604683],
      [0.0031083891189, 0.00049211739388, 0.044033282042, 0.024110732751, 0.92344489793, 0.004810580759],
      [0.029164865536, 0.0049910237861, 0.21821783565, 0.16561004186, 0.47527579478, 0.10674043839]
    ],
    [
      [0.02281191594, 0.71133239396, 0.010795996439, 0.19786845539, 0.052138344147, 0.005052894123],
      [0.02372824295, 0.80638508121, 0.0072671096849, 0.10299487455, 0.055883174585, 0.0037415170118],
      [0.91312139117, 0.0094274416845, 0.017879713405, 0.018464986587, 0.041060533595, 4.5933556019e-05],
      [0.00013219865236, 0.00025878271169, 0.56333591166, 0.007581580585, 0.42733151711, 0.0013600092772],
      [0.005514634559, 0.0010693186758, 0.16264876133, 0.71630003849, 0.088045847587, 0.026421399362],
      [0.010933199603, 0, 0.073813966447, 0.77683866186, 0.13476587585, 0.0036482962351],
      [0.004977786053, 0, 0.062290520526, 0.027482832801, 0.9005368576, 0.0047120030255],
      [0.068089332868, 0.00011774108789, 0.26067714645, 0.16469868767, 0.42077749143, 0.085639600485]
    ],
    [
      [0.049704297739, 0.72836210523, 0.0076599760647, 0.1745336547, 0.033562919977, 0.0061770462881],
      [0.033486410456, 0.8138337921, 0.004388694673, 0.091305239403, 0.052873447019, 0.0041124163495],
      [0.974586561, 0.003077829446, 0.0097308762511, 0.0044208986457, 0.0081721476308, 1.168702432e-05],
      [0.0011603364042, 0, 0.56069891858, 0.0033569571953, 0.43292583183, 0.0018579559993],
      [0.0049250962516, 0.0049200404482, 0.15584802182, 0.7108348153, 0.087466816591, 0.036005209595],
      [0.022480761365, 0, 0.06953884357, 0.76283514113, 0.14015289794, 0.0049923559947],
      [0.020668413573, 0, 0.05517002876, 0.024569096521, 0.89339554612, 0.0061969150273],
      [0.10134488665, 0.0025879235301, 0.23708567977, 0.14824821581, 0.39941685813, 0.11131643611]
    ],
    [
      [0.018051198504, 0.7620886201, 0.0036057077096, 0.16480881803, 0.047095920588, 0.0043497350654],
      [0.019878408518, 0.84695622202, 0.001994056848, 0.083271839561, 0.04550312563, 0.0023963474199],
      [0.9421306773, 0.013391132525, 0.010272584235, 0.0099449350692, 0.024243583102, 1.7087772016e-05],
      [0.00042944549304, 0.0003284906274, 0.46456628526, 0.0037224349947, 0.52935455649, 0.0015987871324],
      [0.0036520954169, 0.0060289815577, 0.12005011975, 0.74182731165, 0.09963340613, 0.028808085497],
      [0.011346495607, 0.0067610200106, 0.050708097077, 0.77618084007, 0.15139235254, 0.0036111946949],
      [0.0111521222, 0.0027161092391, 0.03760064661, 0.020891909592, 0.92341707011, 0.0042221422492],
      [0.078878153344, 0.0057893072753, 0.18908073905, 0.16551164498, 0.46838635844, 0.092353796911]
    ],
    [
      [0.0076856890015, 0.84294596092, 0.0019970968325, 0.14054521206, 0.0019914284245, 0.0048346127596],
      [0.0057179243062, 0.92720901802, 0.00072550795951, 0.06382346471, 0, 0.0025240850088],
      [0.85225781796, 0.030077065943, 0.014088649049, 0.043708289696, 0.059778274277, 8.9903078805e-05],
      [0, 0.0011031112919, 0.54190470145, 0.0043762977052, 0.45044068008, 0.0021752094733],
      [0.0019200908323, 0.0091598863332, 0.11686976369, 0.75320215832, 0.08480638595, 0.03404171488],
      [0.002603537018, 0.021611325856, 0.049310056238, 0.80208987674, 0.12009601134, 0.0042891928097],
      [0.0042059045687, 0.016006537591, 0.045832323979, 0.032803230901, 0.89472569442, 0.0064263085428],
      [0.058246589425, 0.012277148553, 0.20777932848, 0.18968395829, 0.40619980745, 0.12581316781]
    ],
    [
      [0.13561309204, 0.50915162211, 0.017069552349, 0.22541867595, 0.10433539812, 0.0084116594346],
      [0.032008549235, 0.70519947357, 0.010670213694, 0.17781190425, 0.066747996054, 0.0075618631963],
      [0.97049861697, 0.0022744305568, 0.011485427505, 0.0064287385105, 0.0092974090101, 1.5377448255e-05],
      [0, 0, 0.59851052344, 0.0053517950255, 0.39436814175, 0.0017695397834],
      [0.0049828093464, 0.00031781429376, 0.14386381242, 0.73227358245, 0.088216954255, 0.030345027235],
      [0.0033947134147, 0.00016336714031, 0.067063397305, 0.80090404879, 0.12413763263, 0.0043368407237],
      [0.0040807356918, 0, 0.066082817338, 0.02708504356, 0.89593245425, 0.0068189491604],
      [0.062503062449, 0, 0.25761095489, 0.18923654068, 0.37843773608, 0.1122117059]
    ],
    [
      [0.027538553967, 0.82857464731, 0.0063358327525, 0.12962239843, 0, 0.0079285675413],
      [0.027301832335, 0.91042988383, 0.0017910640955, 0.052733289862, 0, 0.0077439298807],
      [0.9649595803, 0.0045115421773, 0.017695853374, 0.004336345428, 0.0084290446492, 6.7634069583e-05],
      [0.028841917282, 0.0042727538747, 0.68587525277, 0.009129460683, 0.2700845411, 0.0017960742955],
      [0.0034658627537, 0.0062363786797, 0.26202262936, 0.59619722327, 0.091189687105, 0.040888218827],
      [0.011349831961, 0.006734609709, 0.13535234713, 0.69746757089, 0.14238852147, 0.0067071188442],
      [0.011286554451, 0.0020730176184, 0.11159640589, 0.01885312981, 0.84784017606, 0.008350716174],
      [0.057616942979, 0.0052681476774, 0.36737138406, 0.11413373914, 0.34115410409, 0.11445568205]
    ],
    [
      [0.0098042936105, 0.70928292656, 0.003806298986, 0.17245250759, 0.097253330386, 0.0074006428672],
      [0.012724548305, 0.8194375546, 0.0024830482533, 0.12325370117, 0.038322369729, 0.0037787779456],
      [0.84989788564, 0.02609487553, 0.013540946874, 0.05674340687, 0.053430179364, 0.00029270572443],
      [0, 5.2966013564e-05, 0.53859437074, 0.004607306884, 0.45394419259, 0.002801163769],
      [0.0014180062629, 0.0049624613892, 0.10579505506, 0.76252527137, 0.083074679303, 0.042224526616],
      [0.0024903162304, 0.0027118645858, 0.046011832702, 0.81777500363, 0.12520344108, 0.005807541775],
      [0.0041637120621, 0, 0.046854277436, 0.023093034419, 0.91679167866, 0.0090972974203],
      [0.057714164133, 0.0066137255339, 0.18874812698, 0.19017417625, 0.40089289117, 0.15585691594]
    ],
    [
      [0.016474607746, 0.79330277574, 0.0040151928045, 0.13913472925, 0.038667869381, 0.0084048250712],
      [0.015591280654, 0.87879210244, 0.0020404579164, 0.075964174914, 0.02284641904, 0.004765565035],
      [0.96911749609, 0.0055192677931, 0.0094395793375, 0.0050935741555, 0.010787863434, 4.2219191817e-05],
      [0.00036049541743, 0.0006524933495, 0.51467679542, 0.0034592190917, 0.47794091126, 0.002910085462],
      [0.0034757802169, 0.010983953312, 0.12288953711, 0.70047799489, 0.10831910761, 0.053853626867],
      [0.0099487822568, 0.01392526118, 0.054731929521, 0.75970524605, 0.15377583321, 0.007912947785],
      [0.010452096112, 0.0074525226874, 0.046012749342, 0.012162797938, 0.91373051762, 0.010189316299],
      [0.06375200892, 0.010511961709, 0.19064434216, 0.15678730037, 0.40691247069, 0.17139191615]
    ],
    [
      [0.0076017323945, 0.7127706974, 0.0032649416217, 0.20281381455, 0.064200970022, 0.0093478440153],
      [0.010446009848, 0.8180331769, 0.0019481819749, 0.12349040853, 0.040754275547, 0.0053279472096],
      [0.82416819823, 0.024940269689, 0.013424751845, 0.06703776854, 0.07000416778, 0.00042484391768],
      [0, 0, 0.49243052236, 0.0054336040372, 0.49835467023, 0.0037812033752],
      [0.00077075582879, 0.0051349692071, 0.091803185716, 0.77263664393, 0.077610808322, 0.052043636993],
      [0.0017705411333, 0.0011619103269, 0.039514590366, 0.83213583499, 0.11815149728, 0.0072656259092],
      [0.0032168186823, 0, 0.037865714248, 0.028560404744, 0.91905832022, 0.011298742103],
      [0.026392641323, 0.019941306456, 0.17035178137, 0.19455856924, 0.39465643644, 0.19409926518]
    ],
    [
      [0.0029305115922, 0.87711185735, 0.0012671838492, 0.1152466062, 0, 0.0034438410123],
      [0.0081358977609, 0.93432719526, 0.00070685848105, 0.053488199166, 0, 0.003341849328],
      [0.94151403278, 0.015732911026, 0.017978533191, 0.017370051485, 0.0073912793422, 1.3192170921e-05],
      [0.027718887947, 0.0010308473929, 0.63015293697, 0.0071966755182, 0.33298599188, 0.00091466028971],
      [0.0038961405132, 0.0074428539557, 0.19611689378, 0.68133570421, 0.091795630655, 0.019412776884],
      [0.012540604603, 0.010432293646, 0.092147512409, 0.75242934294, 0.12976973375, 0.0026805126533],
      [0.013988461209, 0.0097087478923, 0.079669250524, 0.030812479539, 0.8622124931, 0.0036085677363],
      [0.076877393256, 0.0084935874616, 0.31298519925, 0.15697105858, 0.38199683518, 0.062675926272]
    ],
    [
      [0.0025317828882, 0.90851358498, 0.0012866768734, 0.084246119758, 0, 0.0034218354965],
      [0.0053718524874, 0.95208825479, 0.00050344376313, 0.036682237609, 0.00069027343498, 0.0046639379112],
      [0.91782155277, 0.04294208181, 0.024187101216, 0.0048602410748, 0.010153091674, 3.5931453772e-05],
      [0.019515188829, 0.097156265508, 0.70597557768, 0.0020845962766, 0.17459244159, 0.00067593011944],
      [0.0038982247107, 0.0084458247187, 0.26173676012, 0.60469722874, 0.10393474823, 0.017287213477],
      [0.0083925066534, 0.010258591482, 0.12746955646, 0.68388779536, 0.16735981666, 0.0026317333895],
      [0.0068541721362, 0.0047275648559, 0.098116164154, 0.019757567759, 0.86737246285, 0.0031720682406],
      [0.055228377317, 0.0072841690145, 0.38624096074, 0.12183072785, 0.37716839008, 0.052247375005]
    ],
    [
      [0.083706973278, 0.70055009597, 0.010316792303, 0.19893636013, 0.00058397586945, 0.0059058024564],
      [0.060136889468, 0.77854362711, 0.0042368321465, 0.099160990701, 0.052182023423, 0.0057396371543],
      [0.97085060549, 0.0048398771287, 0.0082573810762, 0.004806282136, 0.011245854165, 0],
      [0.00042068092426, 0, 0.47006171698, 0.0036224796351, 0.52448401416, 0.0014111082967],
      [0.0038124288306, 0.0048649760067, 0.12656972225, 0.71299384527, 0.12525526347, 0.026503764173],
      [0.012840867469, 5.3819007786e-05, 0.05381530682, 0.74283088235, 0.18719668499, 0.0032624393552],
      [0.0062546765944, 0, 0.037041608017, 0.018411403111, 0.93478524369, 0.0035070685911],
      [0.073640935848, 1.3174503837e-05, 0.19369237122, 0.15185899894, 0.49790002695, 0.082894492543]
    ],
    [
      [0.023775671119, 0.85160408936, 0.00061312329285, 0.11205386782, 0.00054369069776, 0.011409557714],
      [0.0081620163986, 0.92519863538, 0.00028165733048, 0.051389230782, 0.0017197452276, 0.013248714884],
      [0.96641979233, 0.0077079825585, 0.0091623646148, 0.0040515910888, 0.012624869447, 3.339996114e-05],
      [0.010982521819, 0.00026431202434, 0.46156992028, 0.013929493831, 0.5103964109, 0.0028573411368],
      [0.00373332613, 0.0066137184132, 0.13909475668, 0.64811937592, 0.14622492183, 0.056213901025],
      [0.010585993521, 0.0063170882701, 0.062503533646, 0.69770455192, 0.21490298907, 0.00798584358],
      [0.0082712637134, 0.0021035686205, 0.039791117556, 0.0076043207145, 0.93396625774, 0.0082634716556],
      [0.061095281455, 0.0050227432044, 0.18898089216, 0.12057359144, 0.46841753361, 0.15590995813]
    ],
    [
      [0.0056691113552, 0.87412947181, 0.00063104182831, 0.11335493497, 0, 0.006215440038],
      [0.011970558048, 0.92787116889, 0.00028955203598, 0.05228884893, 0.00042282103068, 0.0071570510682],
      [0.97782498402, 0.0057301858979, 0.0072219115952, 0.0036273753201, 0.0055955431648, 0],
      [0.17170471962, 0.062740957443, 0.54058037349, 0.003555447315, 0.21946570019, 0.0019528019361],
      [0.050549720353, 0.0074715376225, 0.14658223921, 0.67779521105, 0.081441517409, 0.036159774355],
      [0.026107726089, 0.0086415354836, 0.064778458265, 0.74332865922, 0.15219920663, 0.0049444143179],
      [0.031226651853, 0.0042678860117, 0.05081794426, 0.026769741256, 0.88075649114, 0.0061612854831],
      [0.12168097937, 0.0070514845924, 0.21907845938, 0.14600878928, 0.39587778086, 0.11030250651]
    ],
    [
      [0.031869076459, 0.75642514861, 0.0083183835435, 0.18959036382, 0.00020695168709, 0.01359007588],
      [0.030039768, 0.86123580889, 0.0035160970529, 0.089204915491, 0.0013847449167, 0.014618665649],
      [0.91539514078, 0.0077422985101, 0.013109061942, 0.016404670574, 0.047090316747, 0.00025851144277],
      [0.00018387422242, 0.00011295495851, 0.46296942123, 0.0097630823606, 0.52330885818, 0.0036618090483],
      [0.0027250582599, 0.0052364643842, 0.12160332754, 0.70472721135, 0.10411806206, 0.061589876407],
      [0.007790139549, 0.0032639754606, 0.054284911316, 0.76650764906, 0.15922453919, 0.008928785429],
      [0.0048485811174, 0, 0.040235833908, 0.02625746406, 0.9179022664, 0.010755854519],
      [0.05387671679, 0.0039174167444, 0.17936554489, 0.1479126085, 0.4303806974, 0.18454701568]
    ],
    [
      [0.025133785652, 0.83915248216, 0.0036308561788, 0.1200476382, 0.00025500096826, 0.011780236844],
      [0.0071065431388, 0.92204766135, 0.00047265094757, 0.056242948458, 0.0014173360739, 0.012712860034],
      [0.90458198122, 0.025156065185, 0.020026746376, 0.036533962183, 0.013461790855, 0.00023945417657],
      [0.007388039657, 8.0368252342e-06, 0.52200762816, 0.0037433915793, 0.4637240464, 0.0031288573839],
      [0.0026876483432, 0.0063326995734, 0.14455005158, 0.66773945277, 0.12179814533, 0.056892002401],
      [0.0050493109776, 0.006780065701, 0.067151642563, 0.72979964479, 0.18259942084, 0.0086199151216],
      [0.0038467120653, 0.001655650694, 0.050781569552, 0.016285898466, 0.91716629582, 0.010263873405],
      [0.047189106668, 0.0051293074521, 0.21560682167, 0.13828965792, 0.41989365923, 0.17389144706]
    ],
    [
      [0.059711126001, 0.71917734918, 0.01058692153, 0.20533477008, 0.0003331614095, 0.0048566718042],
      [0.032656550206, 0.88178542372, 0.00021871358967, 0.076678017371, 0.0016091713123, 0.0070521238036],
      [0.91274941002, 0.0049580650833, 0.0097816346015, 0.040374355026, 0.03212350073, 1.303453666e-05],
      [1.0202594868e-05, 1.3020239503e-07, 0.38216987885, 0.0055773524273, 0.61133199513, 0.00091044079477],
      [0.0026062380976, 0.0042220798547, 0.090274098144, 0.76208570145, 0.12557858517, 0.015233297284],
      [0.0082686136573, 0.00058349828537, 0.036056439988, 0.77555890587, 0.17787826079, 0.0016542814104],
      [0.0030815172544, 0, 0.025480421017, 0.02573684197, 0.94385403558, 0.001847184183],
      [0.064243550058, 0.0035645206501, 0.1533610971, 0.18501048194, 0.54075508644, 0.053065263805]
    ],
    [
      [0.11282791169, 0.6840578851, 0.0067576826309, 0.18086351246, 0.0072541324745, 0.0082388756425],
      [0.068812229578, 0.70279610299, 0.027478278019, 0.091265737185, 0.10295100448, 0.0066966477486],
      [0.97359186815, 0.0030123246706, 0.0068633309781, 0.0043215554544, 0.012210920749, 0],
      [0, 0.00051533925381, 0.3926133791, 0.0029320126218, 0.60180902946, 0.0021302395579],
      [0.0037829405463, 0.0044406241676, 0.1149262216, 0.69611498968, 0.13788649712, 0.042848726892],
      [0.011781341709, 0, 0.04882110645, 0.72255104242, 0.21135686512, 0.0054896443011],
      [0.0027757314922, 0, 0.024759665994, 0.0078788930328, 0.95970570108, 0.0048800083988],
      [0.064851308973, 9.4773655894e-06, 0.15597298778, 0.12832025158, 0.53253367518, 0.11831229912]
    ],
    [
      [0.038655027419, 0.82085250983, 0.0023683290242, 0.13176475314, 0.00092165805077, 0.0054377225336],
      [0.034254261872, 0.9046398999, 0.00094461588407, 0.053537475209, 0.0020549463357, 0.0045688008],
      [0.97456580297, 0.0072019388185, 0.0039603106473, 0.002691083565, 0.011580863996, 0],
      [0.096044945233, 0.0001770076118, 0.29057003684, 0.060248320055, 0.55072879696, 0.0022308933009],
      [0.00592391553, 0.0077380653739, 0.062818484603, 0.72913413436, 0.16054641973, 0.033838980402],
      [0.017888341855, 0.0076148167741, 0.024729079459, 0.72246908284, 0.22352686391, 0.0037718151636],
      [0.016700249154, 0.0021358972596, 0.016118326056, 0.0036731495068, 0.95751236868, 0.0038600093393],
      [0.10238457324, 0.0059082948664, 0.096585469158, 0.15127675476, 0.53608657301, 0.10775833497]
    ],
    [
      [0.050348466693, 0.79491839336, 0.0016581770228, 0.14830393197, 0, 0.0047710309572],
      [0.031957898475, 0.88419335413, 0.00072276774921, 0.079909180176, 0, 0.0032167994741],
      [0.98404510598, 0.0028899165782, 0.0028634486828, 0.0038140282924, 0.006387500465, 0],
      [0.05334919193, 0.00097721367371, 0.32523790545, 0.01182870496, 0.60629774894, 0.0023092350474],
      [0.0051680114135, 0.0068719506774, 0.059842735828, 0.80408918271, 0.09475366007, 0.029274459296],
      [0.014901390095, 0.0094531099845, 0.02276930791, 0.82323663958, 0.12647540906, 0.0031641433616],
      [0.017026231727, 0.0065874318651, 0.018797331164, 0.0454471411, 0.90772502719, 0.0044168369551],
      [0.11272494137, 0.0072366404492, 0.10712843542, 0.20602127448, 0.45794264722, 0.10894606107]
    ],
    [
      [0.093028694116, 0.7349796324, 0.0066856231252, 0.1540510903, 8.5812556179e-06, 0.011246378808],
      [0.074616220414, 0.82377445345, 0.0052238439301, 0.084273115052, 0.0010735919685, 0.011038775182],
      [0.97821423082, 0.0027335491977, 0.0080317321712, 0.0035625517443, 0.0074135172785, 4.4418792972e-05],
      [0.033204581163, 7.5107746359e-05, 0.53836392494, 0.0048009940837, 0.42060915925, 0.0029462328168],
      [0.0052912700144, 0.0050179483801, 0.16415811508, 0.66797593618, 0.099356921965, 0.058199808378],
      [0.021182300434, 0, 0.075743338333, 0.73426783005, 0.16015463639, 0.0086518947913],
      [0.01625841539, 0.00010838511086, 0.055084009253, 0.02196873192, 0.89642186324, 0.010158595088],
      [0.090302902187, 0.0017906756052, 0.22689400365, 0.12627158278, 0.39202193553, 0.16271890025]
    ],
    [
      [0.13937721287, 0.6318723008, 0.014062318835, 0.20870608837, 0.00040881902615, 0.0055732600987],
      [0.18520187204, 0.66353795696, 0.007946986485, 0.11446251489, 0.022935966211, 0.0059147034197],
      [0.97480222598, 0.0010780654807, 0.0089698910098, 0.0037641337913, 0.0093370401318, 0.0020486436051],
      [0.0010048657981, 0, 0.52559752027, 0.0027478563335, 0.47017667908, 0.00047307851438],
      [0.0088781182626, 0.00017676162493, 0.16227020394, 0.68400918107, 0.12289269492, 0.021773040187],
      [0.017999677799, 3.4960688141e-05, 0.071843870374, 0.72329873664, 0.18392230879, 0.0029004457097],
      [0.012738037916, 0, 0.050351181544, 0.01605867706, 0.91777350161, 0.0030786018675],
      [0.095090448288, 0, 0.23941426274, 0.13914722084, 0.46118606203, 0.065162006094]
    ],
    [
      [0.077560832375, 0.7426348133, 0.0092318462503, 0.15986738288, 0, 0.010705125196],
      [0.032946694104, 0.87793431089, 0.00022945989814, 0.073736798106, 0.00086638060575, 0.014286356396],
      [0.97921812699, 0.0047438573273, 0.0048598622392, 0.0042460379912, 0.0069209761519, 1.1139303568e-05],
