{
  "X": [
    [1, 28, 1],
    [8, 109, 2],
    [309, 173, 29],
    [158, 168, 26],
    [240, 139, 27],
    [10, 165, 9],
    [62, 123, 13],
    [5, 103, 13],
    [109, 55, 14],
    [344, 132, 43],
    [161, 78, 27],
    [53, 12, 11],
    [170, 296, 37],
    [75, 134, 20],
    [15, 75, 2],
    [75, 131, 11],
    [408, 161, 59],
    [291, 202, 54],
    [58, 209, 16],
    [101, 223, 17],
    [43, 111, 8],
    [107, 310, 30],
    [197, 495, 36],
    [53, 189, 14],
    [77, 235, 10],
    [104, 521, 31],
    [35, 109, 10],
    [73, 92, 4],
    [18, 67, 6],
    [53, 290, 24],
    [112, 248, 27],
    [16, 164, 6],
    [37, 67, 2],
    [2, 23, 0],
    [11, 94, 3],
    [131, 180, 22],
    [21, 112, 7],
    [72, 238, 16],
    [43, 54, 14],
    [13, 40, 3],
    [111, 99, 21],
    [7, 100, 1],
    [10, 78, 3],
    [98, 72, 20],
    [35, 47, 7],
    [366, 382, 48],
    [271, 204, 31],
    [129, 207, 36],
    [82, 191, 27],
    [255, 578, 64],
    [115, 282, 28],
    [367, 201, 65],
    [12, 83, 4],
    [5, 6, 2],
    [54, 90, 10],
    [32, 118, 9],
    [130, 304, 29],
    [142, 273, 17],
    [410, 255, 42],
    [272, 264, 32],
    [396, 218, 60],
    [183, 133, 24],
    [361, 519, 31],
    [267, 287, 47],
    [229, 183, 23],
    [397, 322, 55],
    [166, 118, 16],
    [310, 215, 45],
    [5, 71, 5],
    [3, 1, 0],
    [3995, 5121, 577],
    [349, 408, 66],
    [603, 735, 126],
    [106, 129, 17]
  ],
  "W": [
    [2, 1, 1, 24, 2, 0],
    [3, 3, 3, 102, 7, 1],
    [26, 48, 196, 154, 70, 17],
    [15, 45, 86, 144, 51, 11],
    [22, 33, 149, 140, 51, 11],
    [7, 1, 6, 155, 12, 3],
    [11, 20, 28, 109, 22, 8],
    [4, 3, 5, 96, 8, 5],
    [4, 21, 55, 44, 43, 11],
    [19, 41, 232, 119, 83, 25],
    [13, 19, 107, 68, 43, 16],
    [2, 4, 38, 10, 17, 5],
    [27, 30, 132, 232, 66, 16],
    [13, 9, 52, 113, 35, 7],
    [4, 3, 8, 67, 5, 5],
    [10, 16, 33, 123, 28, 7],
    [51, 49, 272, 137, 93, 26],
    [57, 45, 179, 159, 85, 22],
    [10, 10, 50, 181, 26, 6],
    [14, 29, 70, 187, 33, 8],
    [6, 7, 34, 94, 18, 3],
    [15, 30, 81, 257, 49, 15],
    [36, 35, 155, 382, 102, 18],
    [9, 15, 48, 144, 32, 8],
    [9, 18, 63, 200, 27, 5],
    [29, 15, 70, 462, 66, 14],
    [4, 5, 24, 100, 19, 2],
    [11, 16, 32, 91, 16, 3],
    [2, 6, 10, 61, 12, 0],
    [27, 12, 35, 252, 29, 12],
    [5, 19, 85, 216, 56, 6],
    [5, 4, 9, 147, 15, 6],
    [8, 5, 14, 58, 18, 3],
    [0, 1, 0, 20, 3, 1],
    [8, 2, 10, 76, 12, 0],
    [16, 25, 71, 174, 36, 11],
    [18, 2, 13, 90, 13, 4],
    [20, 16, 63, 183, 40, 4],
    [9, 5, 19, 55, 19, 4],
    [0, 4, 9, 38, 5, 0],
    [8, 15, 83, 82, 33, 10],
    [0, 1, 4, 98, 5, 0],
    [1, 0, 13, 73, 2, 2],
    [7, 22, 44, 77, 34, 6],
    [0, 9, 12, 60, 7, 1],
    [57, 45, 205, 371, 100, 18],
    [28, 35, 177, 195, 44, 27],
    [20, 24, 85, 174, 56, 13],
    [11, 13, 64, 174, 30, 8],
    [26, 39, 188, 484, 123, 37],
    [18, 24, 82, 245, 47, 9],
    [39, 46, 237, 193, 93, 25],
    [2, 0, 6, 81, 5, 5],
    [1, 3, 3, 5, 0, 1],
    [7, 12, 27, 80, 20, 8],
    [7, 5, 20, 106, 15, 6],
    [26, 20, 84, 254, 68, 11],
    [22, 29, 65, 270, 33, 13],
    [32, 66, 259, 238, 84, 28],
    [39, 59, 136, 250, 64, 20],
    [36, 46, 266, 208, 90, 28],
    [20, 23, 121, 120, 42, 14],
    [49, 93, 177, 502, 75, 15],
    [30, 46, 160, 257, 90, 18],
    [17, 67, 116, 182, 40, 13],
    [51, 74, 241, 295, 96, 17],
    [12, 31, 94, 124, 38, 1],
    [28, 49, 192, 201, 73, 27],
    [3, 0, 8, 60, 9, 1],
    [0, 0, 1, 0, 3, 0],
    [497, 634, 2491, 4631, 1159, 281],
    [31, 91, 222, 355, 79, 45],
    [72, 162, 407, 593, 157, 73],
    [11, 61, 38, 107, 9, 26]
  ],
  "method": "mvn_cdf",
  "mvncdf_method": "genz",
  "mvncdf_samples": 5000,
  "mvncdf_error": 1e-06,
  "cond_prob": [
    [
      [0, 0.75662119838, 0.24337880162],
      [0.2279490772, 0.65840458616, 0.11364633664],
      [0.7720509228, 0.07094754377, 0.15700153343],
      [0, 0.99597576358, 0.0040242364189],
      [0, 0.92699357368, 0.073006426319],
      [0.11985964317, 0.53605249989, 0.34408785694]
    ],
    [
      [0.33150530635, 0.58888589995, 0.079608793702],
      [0.65355409496, 0.31111705612, 0.035328848917],
      [0.86664504641, 0.039255533103, 0.094099420487],
      [0.0018204771911, 0.9924874285, 0.0056920943117],
      [0.28446011402, 0.64126890008, 0.074270985896],
      [0.26797718518, 0.45962452521, 0.27239828962]
    ],
    [
      [0.68176744371, 0.22516300876, 0.093069547534],
      [0.88922356585, 0.082258745516, 0.028517688632],
      [0.93811245579, 0.0054404204227, 0.056447123789],
      [0.070403457919, 0.91299572941, 0.016600812675],
      [0.63940039421, 0.26597282183, 0.094626783956],
      [0.53653610905, 0.17126939575, 0.2921944952]
    ],
    [
      [0.5554709569, 0.31393084431, 0.13059819879],
      [0.82448276889, 0.13012862265, 0.045388608454],
      [0.88797651741, 0.013664693108, 0.098358789484],
      [0.040660338201, 0.94016218659, 0.01917747521],
      [0.5083611461, 0.36205138046, 0.12958747344],
      [0.40170212702, 0.21928276696, 0.37901510601]
    ],
    [
      [0.72641789423, 0.16370417932, 0.10987792645],
      [0.9102457717, 0.057454985885, 0.032299242411],
      [0.92959092069, 0, 0.070409079305],
      [0.10153686953, 0.87277182793, 0.025691302545],
      [0.69065932708, 0.19606915193, 0.11327152099],
      [0.54844193289, 0.11953735118, 0.33202071592]
    ],
    [
      [0.28422620715, 0.52619396998, 0.18957982287],
      [0.60372298578, 0.30498277352, 0.091294240695],
      [0.73783935874, 0.035913388703, 0.22624725256],
      [0, 0.98334360437, 0.016656395627],
      [0.20367308559, 0.61823093325, 0.17809598116],
      [0.1785267949, 0.31971640922, 0.50175679588]
    ],
    [
      [0.50034214198, 0.37100735865, 0.12865049937],
      [0.79037327937, 0.16239705094, 0.047229669696],
      [0.87693032032, 0.017495439555, 0.10557424013],
      [0.030309102995, 0.9523886513, 0.017302245703],
      [0.4515167885, 0.42254793431, 0.12593527718],
      [0.36220753857, 0.25933602271, 0.37845643873]
    ],
    [
      [0.16842504821, 0.39457574067, 0.43699921112],
      [0.45443085994, 0.28619977084, 0.25936936922],
      [0.44699912823, 0.026979195161, 0.52602167661],
      [0, 0.99347841147, 0.0065215885271],
      [0.048791708602, 0.5361571695, 0.4150511219],
      [0.067535583472, 0.15300337831, 0.77946103821]
    ],
    [
      [0.68185153545, 0.21468108746, 0.1034673771],
      [0.89031057951, 0.078118641689, 0.031570778797],
      [0.92641054532, 0, 0.073589454677],
      [0.076114469261, 0.90498072308, 0.018904807664],
      [0.64033034688, 0.25427270652, 0.1053969466],
      [0.52184092111, 0.15890054357, 0.31925853532]
    ],
    [
      [0.70037078695, 0.18303062766, 0.11659858539],
      [0.89898789607, 0.065854181148, 0.035157922781],
      [0.92329036821, 0, 0.076709631794],
      [0.09754221211, 0.87758435674, 0.024873431146],
      [0.66243119502, 0.21801485556, 0.11955394942],
      [0.5216709383, 0.13178500735, 0.34654405435]
    ],
    [
      [0.65521565458, 0.20592842881, 0.1388559166],
      [0.8792015642, 0.077183229407, 0.043615206392],
      [0.90490255547, 0, 0.095097444527],
      [0.074743057892, 0.89889208794, 0.026364854165],
      [0.61502285695, 0.24364416328, 0.14133297976],
      [0.46401765933, 0.14094300409, 0.39503933658]
    ],
    [
      [0.66853946249, 0.15018310936, 0.18127742815],
      [0.88924569102, 0.055223686097, 0.055530622885],
      [0.88362800633, 0, 0.11637199367],
      [0.08931638313, 0.86880453589, 0.041879080977],
      [0.67660221231, 0.13690876016, 0.18648902753],
      [0.42653452594, 0.092648951053, 0.480816523]
    ],
    [
      [0.36358094202, 0.52112163866, 0.11529741932],
      [0.67819539431, 0.27137307154, 0.050431534151],
      [0.84141103516, 0.03277728151, 0.12581168333],
      [0.014799272203, 0.97223410916, 0.012966618637],
      [0.31749335503, 0.57336768499, 0.10913895998],
      [0.27395021953, 0.37883386976, 0.34721591071]
    ],
    [
      [0.44127815652, 0.40062798914, 0.15809385434],
      [0.74887319059, 0.18866245976, 0.062464349653],
      [0.83853900686, 0.020513862895, 0.14094713025],
      [0.026568742428, 0.95896913406, 0.014462123515],
      [0.39465204281, 0.45202360569, 0.15332435151],
      [0.30062964294, 0.26325925504, 0.43611110202]
    ],
    [
      [0.37673693842, 0.56676550407, 0.056497557517],
      [0.6962645769, 0.27985209003, 0.023883333068],
      [0.9037133095, 0.042533708138, 0.053752982358],
      [0.013653641904, 0.9863463581, 0],
      [0.32517082106, 0.62180929587, 0.053019883076],
      [0.32678078535, 0.47177191535, 0.2014472993]
    ],
    [
      [0.61035367753, 0.28802228095, 0.10162404153],
      [0.85472067883, 0.11211016927, 0.033169151898],
      [0.91671532887, 0.011706795343, 0.071577875788],
      [0.048106393145, 0.93539704712, 0.016496559733],
      [0.56306997464, 0.33521791354, 0.10171211182],
      [0.46946869486, 0.21425026581, 0.31628103932]
    ],
    [
      [0.66863203511, 0.19906365117, 0.13230431371],
      [0.88495631749, 0.07389306857, 0.041150613942],
      [0.91100344274, 0, 0.088996557256],
      [0.08546956515, 0.8882472757, 0.026283159152],
      [0.62918809759, 0.23585596456, 0.13495593785],
      [0.48154410479, 0.13855815213, 0.37989774308]
    ],
    [
      [0.57661411157, 0.27759730875, 0.14578857968],
      [0.83734484453, 0.11294495812, 0.049710197347],
      [0.88550412494, 0.010214900911, 0.10428097415],
      [0.049380537574, 0.92908969501, 0.021529767412],
      [0.53182466275, 0.32241626187, 0.14575907538],
      [0.40411988477, 0.18796905713, 0.40791105811]
    ],
    [
      [0.30075957503, 0.58288619573, 0.11635422924],
      [0.61504170863, 0.32959721856, 0.055361072814],
      [0.8109956793, 0.042044546645, 0.14695977405],
      [0.0011695875135, 0.98780682337, 0.011023589118],
      [0.25869959374, 0.6327775047, 0.10852290156],
      [0.22571973686, 0.42128139547, 0.35299886767]
    ],
    [
      [0.36948289279, 0.53555416693, 0.094962940273],
      [0.68358144576, 0.27533720546, 0.041081348788],
      [0.86210717086, 0.033704919443, 0.1041879097],
      [0.014441144529, 0.97583229449, 0.0097265609824],
      [0.32189285485, 0.5884087286, 0.089698416549],
      [0.29161467209, 0.40749890383, 0.30088642408]
    ],
    [
      [0.35068183502, 0.55574975064, 0.09356841434],
      [0.66858826098, 0.29008914657, 0.041322592452],
      [0.85756210939, 0.035768079656, 0.10666981095],
      [0.0081138305229, 0.98084584974, 0.011040319734],
      [0.30360034265, 0.60852403363, 0.087875623717],
      [0.27705773563, 0.42194009353, 0.30100217084]
    ],
    [
      [0.30992660284, 0.56731544595, 0.12275795121],
      [0.62399256071, 0.31818393801, 0.057823501282],
      [0.80906781572, 0.040105262428, 0.15082692185],
      [0.0059826160256, 0.98193954187, 0.012077842099],
      [0.2676309761, 0.61745354244, 0.11491548145],
      [0.22969206103, 0.40550253814, 0.36480540083]
    ],
    [
      [0.30324422636, 0.61602135171, 0.080734421922],
      [0.61327145256, 0.34838316158, 0.038345385862],
      [0.84674035239, 0.04686829521, 0.1063913524],
      [0.0062441411586, 0.98626592316, 0.0074899356787],
      [0.25993018048, 0.66505947329, 0.075010346239],
      [0.24865622557, 0.48753255568, 0.26381121875]
    ],
    [
      [0.21253068752, 0.7090206499, 0.07844866258],
      [0.4983811661, 0.45875382064, 0.042865013254],
      [0.76050511796, 0.08136872069, 0.15812616135],
      [0, 0.99520706917, 0.0047929308264],
      [0.17819215141, 0.75049842874, 0.071309419852],
      [0.17563897668, 0.56325507094, 0.26110595238]
    ],
    [
      [0.29912668099, 0.63390514499, 0.066968174016],
      [0.61016381685, 0.35791976712, 0.031916416025],
      [0.86071082192, 0.048843197167, 0.09044598091],
      [0.0046895510465, 0.99375515722, 0.0015552917319],
      [0.25528929414, 0.68273841493, 0.061972290928],
      [0.25388164708, 0.51804156359, 0.22807678932]
    ],
    [
      [0.34328272925, 0.53922608064, 0.11749119011],
      [0.65833349709, 0.28888800601, 0.052778496908],
      [0.83059231199, 0.035510171343, 0.13389751667],
      [0.0058942922834, 0.98288419793, 0.011221509791],
      [0.29852955162, 0.59070671333, 0.11076373505],
      [0.25730165103, 0.39030493255, 0.35239341642]
    ],
    [
      [0.41791431009, 0.42142653061, 0.1606591593],
      [0.73258485478, 0.20269249948, 0.064722645741],
      [0.82966417911, 0.022165942719, 0.14816987817],
      [0.021342655629, 0.96225378216, 0.016403562206],
      [0.37147587248, 0.47356584064, 0.15495828688],
      [0.28058552352, 0.27285978315, 0.44655469333]
    ],
    [
      [0.72354204978, 0.21458446044, 0.061873489776],
      [0.90719817954, 0.074695795575, 0.018106024882],
      [0.95411549884, 0.0076563010448, 0.038228200114],
      [0.079700447322, 0.91855341538, 0.0017461372981],
      [0.68152769491, 0.25520584519, 0.063266459902],
      [0.61232893067, 0.17592741662, 0.21174365271]
    ],
    [
      [0.37700882285, 0.42918078639, 0.19381039076],
      [0.70331305946, 0.21579344605, 0.080893494493],
      [0.79103640341, 0.023246659204, 0.18571693738],
      [0.018325826406, 0.96465037308, 0.017023800512],
      [0.33315537939, 0.48089486674, 0.18594975387],
      [0.23052793926, 0.25306044933, 0.5164116114]
    ],
    [
      [0.30162884906, 0.54751078235, 0.1508603686],
      [0.61690398521, 0.31121583484, 0.071880179948],
      [0.77902116527, 0.038170079784, 0.18280875494],
      [0.00040335028578, 0.98577724058, 0.013819409135],
      [0.26104068892, 0.5974047072, 0.14155460388],
      [0.20963401814, 0.36717207761, 0.42319390425]
    ],
    [
      [0.39978295768, 0.45515387697, 0.14506316535],
      [0.7133123548, 0.22619459247, 0.060493052727],
      [0.83225841041, 0.025669275454, 0.14207231413],
      [0.019543090943, 0.96749368078, 0.012963228281],
      [0.35354006773, 0.50738016937, 0.1390797629],
      [0.28110569148, 0.30878673533, 0.41010757319]
    ],
    [
      [0.29618956571, 0.61230280351, 0.091507630774],
      [0.61110583705, 0.34546471742, 0.043429445534],
      [0.83522475034, 0.045393463036, 0.11938178663],
      [0, 0.9915879265, 0.0084120735025],
      [0.20990467552, 0.70519349806, 0.084901826424],
      [0.23483932291, 0.46779304657, 0.29736763052]
    ],
    [
      [0.60969747487, 0.33665991066, 0.053642614471],
      [0.85316059959, 0.12938801484, 0.017451385575],
      [0.94730750326, 0.01389106876, 0.038801427979],
      [0.041927813473, 0.95807218653, 0],
      [0.5875502322, 0.39167568069, 0.020774087116],
      [0.52886493218, 0.28231886897, 0.18881619885]
    ],
    [
      [0.32384465509, 0.65117161263, 0.024983732274],
      [0.67696621064, 0.32303378936, 0],
      [0.9340731563, 0.03711581095, 0.028811032754],
      [0.010213029863, 0.98978697014, 0],
      [0.26862454369, 0.73137545631, 0],
      [0.31289956104, 0.68710043896, 0]
    ],
    [
      [0.20725081427, 0.72640488359, 0.066344302146],
      [0.49686146751, 0.4668868741, 0.036251658392],
      [0.80924816429, 0.071956753815, 0.1187950819],
      [0, 0.99356052318, 0.0064394768155],
      [0.021315742331, 0.91873499024, 0.059949267425],
      [0.17600670512, 0.5900781795, 0.23391511538]
    ],
    [
      [0.62087034296, 0.25113687006, 0.12799278698],
      [0.86121897707, 0.097260543497, 0.041520479432],
      [0.90249325404, 0.0099450226169, 0.08756172334],
      [0.0559510475, 0.92137177686, 0.022677175642],
      [0.5769138412, 0.29411237143, 0.12897378737],
      [0.45038168188, 0.17613321281, 0.37348510531]
    ],
    [
      [0.26866303931, 0.61373430874, 0.11760265195],
      [0.60650008502, 0.34834352915, 0.045156385825],
      [0.82983385051, 0.045757174115, 0.12440897537],
      [0, 0.99087866343, 0.0091213365727],
      [0.24942479272, 0.66316706139, 0.087408145889],
      [0.2301756901, 0.46525015356, 0.30457415634]
    ],
    [
      [0.23851999727, 0.681558581, 0.079921421727],
      [0.53460774974, 0.42354208103, 0.041850169228],
      [0.7910955481, 0.068905334484, 0.13999911742],
      [0, 0.99491122453, 0.0050887754738],
      [0.20130017481, 0.72557932883, 0.073120496365],
      [0.19621238409, 0.53979794242, 0.2639896735]
    ],
    [
      [0.58778179399, 0.16105763175, 0.25116057427],
      [0.8519208883, 0.06471026233, 0.083368849368],
      [0.8290096959, 0.0061563126842, 0.16483399142],
      [0.10716527166, 0.87509924322, 0.017735485122],
      [0.55253977306, 0.19115986131, 0.25630036563],
      [0.3267073903, 0.086866079918, 0.58642652978]
    ],
    [
      [0.41874425693, 0.43219100695, 0.14906473611],
      [0.74316956208, 0.19919526849, 0.057635169424],
      [0.84468631988, 0.021284268954, 0.13402941117],
      [0.015201103841, 0.96249103253, 0.022307863627],
      [0.36950058536, 0.48740025385, 0.14309916079],
      [0.27608154473, 0.27325232922, 0.45066612605]
    ],
    [
      [0.52129697601, 0.33965179927, 0.13905122472],
      [0.80431741501, 0.14558314636, 0.050099438625],
      [0.87286071618, 0.015534444448, 0.11160483937],
      [0.036439518065, 0.9467921312, 0.016768350733],
      [0.47364809021, 0.38934883199, 0.1370030778],
      [0.36989960654, 0.23242133068, 0.39767906278]
    ],
    [
      [0.3917372832, 0.54005522761, 0.068207489191],
      [0.71226844369, 0.26012192959, 0.02760962672],
      [0.89930377121, 0.031109759153, 0.069586469634],
      [0.010121803556, 0.98608492604, 0.0037932704006],
      [0.3397159446, 0.5958232563, 0.064460799096],
      [0.32424254175, 0.43339841903, 0.24235903922]
    ],
    [
      [0.21909046888, 0.69904863557, 0.081860895546],
      [0.52447630046, 0.43199462215, 0.043529077387],
      [0.69694866052, 0.16052519181, 0.14252614766],
      [0, 0.99520067639, 0.0047993236064],
      [0.18242668263, 0.74346398538, 0.074109331992],
      [0.17786178953, 0.53877326167, 0.2833649488]
    ],
    [
      [0.68357805727, 0.13137996831, 0.18504197442],
      [0.89555897585, 0.048091465421, 0.056349558725],
      [0.88315503793, 0.0046441727796, 0.11220078929],
      [0.12855564501, 0.8307390153, 0.040705339689],
      [0.65105804211, 0.15774560795, 0.19119634994],
      [0.43651272722, 0.081288255346, 0.48219901744]
    ],
    [
      [0.77807759214, 0.046178121541, 0.17574428631],
      [0.9370410343, 0.015582686065, 0.047376279638],
      [0.90453358098, 0.0015089342814, 0.093957484734],
      [0.16551055709, 0.77360152814, 0.060887914772],
      [0.75700632224, 0.056737312893, 0.18625636487],
      [0.48255003866, 0.028395735271, 0.48905422607]
    ],
    [
      [0.6744011099, 0.2149438665, 0.11065502361],
      [0.88655183544, 0.079263080996, 0.034185083565],
      [0.92059985591, 0.0080460434911, 0.071354100601],
      [0.071271865286, 0.90645556258, 0.022272572137],
      [0.63326105256, 0.2541034411, 0.11263550634],
      [0.50963146681, 0.15703134574, 0.33333718745]
    ],
    [
      [0.68012782439, 0.22145551196, 0.098416663653],
      [0.88877372698, 0.081025467352, 0.030200805673],
      [0.92832658964, 0.0082674356427, 0.063405974722],
      [0.072764418408, 0.91021908877, 0.017016492825],
      [0.63814866726, 0.26173776549, 0.10011356725],
      [0.52844189475, 0.16632719289, 0.30523091235]
    ],
    [
      [0.4442263146, 0.37831790092, 0.17745578448],
      [0.7512770314, 0.1785370452, 0.070185923399],
      [0.82559637618, 0.019112616456, 0.15529100737],
      [0.033174220988, 0.95647467993, 0.010351099079],
      [0.39899939175, 0.4282031221, 0.17279748615],
      [0.29175789149, 0.23986241172, 0.46837969678]
    ],
    [
      [0.39716740536, 0.39819227889, 0.20464031575],
      [0.71508910485, 0.19915849888, 0.085752396272],
      [0.78809845826, 0.021327473233, 0.19057406851],
      [0.030442151599, 0.96161510907, 0.0079427393349],
      [0.35421908627, 0.44788620857, 0.19789470517],
      [0.2466489854, 0.23853136569, 0.51481964891]
    ],
    [
      [0.38463035811, 0.49023602655, 0.12513361534],
      [0.69764069103, 0.24904540657, 0.053313902394],
      [0.84143489403, 0.029309715595, 0.12925539037],
      [0.015544991123, 0.97184789308, 0.012607115797],
      [0.33812199809, 0.54264380301, 0.1192341989],
      [0.2834887079, 0.34895399732, 0.36755729478]
    ],
    [
      [0.38836684553, 0.47514753834, 0.13648561613],
      [0.70264665453, 0.23960085867, 0.057752486795],
      [0.83432433578, 0.027680981555, 0.13799468267],
      [0.016922546995, 0.97009966797, 0.012977785032],
      [0.3421161179, 0.52753736094, 0.13034652116],
      [0.27842222034, 0.3287120663, 0.39286571337]
    ],
    [
      [0.66407267315, 0.17651260701, 0.15941471983],
      [0.88421853632, 0.065927925255, 0.049853538427],
      [0.89983271229, 0, 0.10016728771],
      [0.091033460771, 0.8739319351, 0.035034604127],
      [0.62700339239, 0.20983506704, 0.16316154057],
      [0.45143947374, 0.1159919622, 0.43256856406]
    ],
    [
      [0.46690688808, 0.42856534882, 0.10452776311],
      [0.7711282345, 0.1899205837, 0.038951181802],
      [0.88874430464, 0.020929308692, 0.090326386672],
      [0.02339670843, 0.96335127601, 0.013252015561],
      [0.41507950988, 0.48381431881, 0.10110617131],
      [0.35263789275, 0.31335369989, 0.33400840735]
    ],
    [
      [0.36682920341, 0.35848972443, 0.27468107216],
      [0.73883343155, 0.16028442011, 0.10088214834],
      [0.75930925688, 0.014193185195, 0.22649755792],
      [0, 1, 0],
      [0.32083602158, 0.41723376926, 0.26193020916],
      [0.13874273128, 0.11807745965, 0.74317980907]
    ],
    [
      [0.54733908971, 0.33960160429, 0.113059306],
      [0.8201015726, 0.14057851398, 0.039319913427],
      [0.89833260121, 0.014936805324, 0.086730593468],
      [0.035416976309, 0.94702231443, 0.01756070926],
      [0.49804412166, 0.39032295221, 0.11163292613],
      [0.4097733413, 0.24553858246, 0.34468807623]
    ],
    [
      [0.39991572261, 0.47830173132, 0.12178254608],
      [0.71519782427, 0.23457621466, 0.050225961067],
      [0.8524029224, 0.0269599677, 0.1206371099],
      [0.014490587273, 0.97101344578, 0.014495966943],
      [0.35179473067, 0.53195122584, 0.11625404349],
      [0.2939365269, 0.33885230213, 0.36721117097]
    ],
    [
      [0.41268425539, 0.46775835126, 0.11955739334],
      [0.72238377491, 0.22859314569, 0.049023079403],
      [0.85667416049, 0.026403890767, 0.11692194874],
      [0.018441653864, 0.96825065861, 0.013307687526],
      [0.36467152825, 0.52079572169, 0.11453275005],
      [0.30727821618, 0.3362469788, 0.35647480502]
    ],
    [
      [0.64802205493, 0.26232824186, 0.089649703211],
      [0.87294117657, 0.098764119774, 0.028294703652],
      [0.92920016818, 0.010260547644, 0.060539284175],
      [0.057301699037, 0.92941667791, 0.013281623056],
      [0.6023672841, 0.30726061407, 0.090372101824],
      [0.51389466336, 0.20119848535, 0.28490685129]
    ],
    [
      [0.68771981595, 0.21454000538, 0.097740178661],
      [0.8921505373, 0.078042666696, 0.029806796005],
      [0.93480430159, 0.0045513875509, 0.060644310854],
      [0.074378710789, 0.90737044478, 0.01825084443],
      [0.64646887814, 0.2539343031, 0.099596818753],
      [0.53539990653, 0.16144454041, 0.30315555306]
    ],
    [
      [0.67064432898, 0.22877410662, 0.10058156439],
      [0.88432349867, 0.084531272569, 0.031145228761],
      [0.92580895291, 0.0086472337699, 0.065543813322],
      [0.068771272673, 0.91290538795, 0.018323339379],
      [0.62806806889, 0.2698112476, 0.10212068351],
      [0.51852962877, 0.1710087067, 0.31046166452]
    ],
    [
      [0.67674633271, 0.18705581477, 0.13619785252],
      [0.88903470462, 0.06892461309, 0.042040682285],
      [0.91040956455, 0, 0.089590435448],
      [0.084518881812, 0.8869342155, 0.028546902686],
      [0.63849625231, 0.22220885862, 0.13929488907],
      [0.48314290406, 0.12908372736, 0.38777336858]
    ],
    [
      [0.64376335557, 0.2451582527, 0.11107839174],
      [0.8719636036, 0.092770600734, 0.03526579567],
      [0.91526783088, 0.0073003602013, 0.077431808918],
      [0.06107291374, 0.92071652403, 0.018210562233],
      [0.59986966002, 0.28790146928, 0.1122288707],
      [0.48563479284, 0.17870878227, 0.33565642489]
    ],
    [
      [0.64835738253, 0.26878992549, 0.082852691979],
      [0.87237243686, 0.10142124083, 0.02620632231],
      [0.93307731054, 0.010599874068, 0.05632281539],
      [0.059608235708, 0.93186821717, 0.0085235471183],
      [0.60223383313, 0.3143403512, 0.083425815671],
      [0.52361972342, 0.20983794554, 0.26654233103]
    ],
    [
      [0.58258989115, 0.27937303043, 0.13803707841],
      [0.84036926227, 0.11289100374, 0.046739733988],
      [0.88891789905, 0.011662335589, 0.099419765364],
      [0.049807709553, 0.92953276394, 0.020659526503],
      [0.53742369055, 0.32453952676, 0.13803678269],
      [0.41498554717, 0.19229841546, 0.39271603737]
    ],
    [
      [0.70305430274, 0.19639632176, 0.1005493755],
      [0.89947750664, 0.070346518764, 0.030175974594],
      [0.93014683909, 0.0071088308257, 0.062744330086],
      [0.083996293192, 0.89492798396, 0.021075722851],
      [0.66358260182, 0.23351572739, 0.10290167079],
      [0.54272470311, 0.14660763242, 0.31066766447]
    ],
    [
      [0.63143092295, 0.24312110493, 0.12544797212],
      [0.86604756407, 0.093517978735, 0.040434457194],
      [0.90545973815, 0.0095550300027, 0.084985231845],
      [0.061599186024, 0.9155307041, 0.022870109876],
      [0.58819274958, 0.28513634264, 0.12667090778],
      [0.46208485044, 0.17194614048, 0.36596900908]
    ],
    [
      [0.74504992855, 0.15035885794, 0.10459121352],
      [0.91801085668, 0.051826209856, 0.030162933465],
      [0.93315600356, 0.0051532187894, 0.061690777651],
      [0.10726240095, 0.86389214349, 0.028845455566],
      [0.71094003681, 0.18081793999, 0.1082420232],
      [0.56814084933, 0.11097112121, 0.32088802945]
    ],
    [
      [0.66244042246, 0.21423174829, 0.12332782926],
      [0.88155781929, 0.07989884093, 0.038543339782],
      [0.91177376987, 0.0080757640502, 0.080150466076],
      [0.073100259784, 0.90026849931, 0.026631240908],
      [0.62147220971, 0.25309990559, 0.1254278847],
      [0.48644991425, 0.15206146948, 0.36148861628]
    ],
    [
      [0.16574788258, 0.69145557213, 0.14279654528],
      [0.4385208551, 0.47840185318, 0.083077291713],
      [0.54858669907, 0.14206951248, 0.30934378846],
      [0, 0.99161276788, 0.0083872321233],
      [0, 0.87096374961, 0.12903625039],
      [0.11406275972, 0.45363736472, 0.43229987556]
    ],
    [
      [0.83226729558, 0.16771680725, 1.5897173185e-05],
      [0.9606874966, 0.039297252839, 1.5250559703e-05],
      [0.9953931908, 0.0046068092044, 0],
      [0.097781882919, 0.90219759715, 2.0519933603e-05],
      [0.66820226973, 0.33179773027, 0],
      [0.81989405533, 0.18010583343, 1.1124638454e-07]
    ],
    [
      [0.57198575809, 0.31653549384, 0.11147874806],
      [0.8322882009, 0.12950028298, 0.038211516127],
      [0.90296702075, 0.013742756408, 0.083290222846],
      [0.044141844611, 0.94130092035, 0.01455723504],
      [0.5242422825, 0.36502632183, 0.11073139567],
      [0.43325203692, 0.23172741922, 0.33502054386]
    ],
    [
      [0.51395028623, 0.3519162946, 0.13413341917],
      [0.79795369088, 0.15311385862, 0.048932450505],
      [0.87564948997, 0.016405960559, 0.10794454947],
      [0.035419520389, 0.94857732877, 0.016003150845],
      [0.46618822854, 0.40193045795, 0.13188131351],
      [0.37015041535, 0.24483672444, 0.38501286021]
    ],
    [
      [0.44484197395, 0.41846388571, 0.13669414035],
      [0.74834483751, 0.19755786484, 0.054097297649],
      [0.85391561652, 0.022024581271, 0.12405980221],
      [0.0278346136, 0.95928873057, 0.012876655826],
      [0.39728051327, 0.47040642481, 0.13231306193],
      [0.31940947711, 0.29027665235, 0.39031387054]
    ],
    [
      [0.51105322392, 0.3875281586, 0.10141861748],
      [0.7953869228, 0.16771375259, 0.036899324604],
      [0.89783242388, 0.018405455309, 0.083762120814],
      [0.031025074437, 0.95627191054, 0.012703015024],
      [0.46048906957, 0.44041043992, 0.099100490502],
      [0.39531136722, 0.28932521763, 0.31536341515]
    ]
  ],
  "expected_outcome": [
    [
      [0, 0.99451591906, 17.7259535364, 8.3320643534, 15.9811936731, 1.98958345, 5.5037635617, 0.67370019284, 2.7274061418, 13.3070449521, 8.5178035096, 1.337078925, 9.8166854345, 5.7366160348, 1.5069477537, 6.1035367753, 34.1002337907, 32.8670043595, 3.0075957503, 5.1727604991, 2.1040910101, 4.6488990425, 10.9167921491, 1.9127761877, 2.6921401289, 9.9551991482, 1.6716572403, 7.9589625476, 0.7540176457, 8.1439789245, 1.9989147884, 1.4809478286, 4.877579799, 0, 1.6580065141, 9.9339254874, 4.8359347076, 4.7703999455, 5.2900361459, 0, 4.1703758081, 0, 0.21909046888, 4.7850464009, 0, 38.440863264, 19.0435790828, 8.884526292, 4.3688414589, 10.000389311, 6.9906032196, 25.8988342529, 0.93381377615, 0.36682920341, 3.831373628, 2.7994100582, 10.7297906402, 14.2564852085, 22.0070341105, 26.1551288303, 24.3628679776, 12.8752671114, 31.7695117441, 17.4776967346, 11.9519231465, 32.2029770702, 8.9405991425, 18.5483318287, 0.49724364775, 0, 284.2769217729, 15.9324588731, 32.0286221241, 5.6215854631],
      [1.5132423968, 1.7666576998, 5.8542382277, 4.7089626647, 3.601491945, 3.6833577899, 4.0810809452, 1.5783029627, 0.85872434982, 3.4775819255, 2.6770695745, 0.30036621872, 14.0702842438, 5.2081638588, 2.2670620163, 2.8802228095, 10.1522462098, 15.8230465988, 5.8288619573, 7.4977583371, 3.3344985038, 8.5097316893, 22.1767686617, 6.3811858491, 5.7051463049, 15.6375563386, 1.6857061224, 2.3604290648, 0.85836157278, 14.7827911234, 2.2757693849, 3.0615140176, 2.6932792853, 0, 5.8112390687, 4.018189921, 11.0472175574, 13.63117162, 1.4495186857, 0, 2.7172143941, 0, 0.69904863557, 0.91965977814, 0, 12.2518003903, 6.2007543349, 7.5663580183, 4.3801150678, 12.7461366902, 8.5526556901, 6.8839916736, 0.85713069763, 0.35848972443, 2.37721123, 3.3481121192, 12.1617171329, 5.7712213209, 6.8652801723, 8.9221901583, 6.7340093316, 4.9031650539, 13.1707063489, 8.381190913, 3.33873747, 12.3991763516, 1.8043062952, 5.998488952, 2.0743667164, 0, 157.3181404404, 10.9094051326, 30.1293997711, 4.2628097446],
      [0.48675760324, 0.23882638111, 2.4198082359, 1.9589729819, 2.4173143819, 1.3270587601, 1.4151554931, 1.7479968445, 0.41386950839, 2.2153731224, 1.8051269159, 0.3625548563, 3.1130303217, 2.0552201064, 0.22599023007, 1.0162404153, 6.7475199995, 8.3099490417, 1.1635422924, 1.3294811638, 0.56141048604, 1.8413692682, 2.9064391892, 0.70603796322, 0.60271356614, 3.4072445132, 0.6426366372, 0.68060838754, 0.38762078152, 4.0732299522, 0.72531582675, 0.45753815387, 0.42914091577, 0, 0.53075441717, 2.0478845916, 2.116847735, 1.5984284345, 2.2604451684, 0, 1.1124097978, 0, 0.081860895546, 1.2952938209, 0, 6.3073363457, 2.7556665823, 3.5491156897, 2.2510434733, 3.2534739988, 2.4567410903, 6.2171740736, 0.20905552622, 0.27468107216, 0.79141514202, 0.85247782254, 3.1084922269, 1.9722934706, 3.1276857171, 3.9226810113, 4.9031226908, 2.2215678347, 4.059781907, 4.1411123524, 1.7093393835, 6.3978465782, 1.2550945622, 3.4531792192, 0.42838963585, 0, 55.4049377867, 4.1581359944, 9.8419781049, 1.1156047922]
    ],
    [
      [0.2279490772, 1.9606622849, 42.6827311609, 37.1017246001, 30.0381104662, 0.60372298578, 15.8074655873, 1.3632925798, 18.6965221698, 36.8585037389, 16.7048297198, 3.5569827641, 20.3458618292, 6.7398587153, 2.0887937307, 13.6755308613, 43.3628595569, 37.680518004, 6.1504170863, 19.8238619269, 4.6801178268, 18.7197768212, 21.4645008396, 7.4757174915, 10.9829487033, 9.8750024563, 3.6629242739, 14.5151708727, 4.2198783567, 7.4028478226, 13.5529347412, 2.4444233482, 4.2658029979, 0.67696621064, 0.99372293502, 21.5304744268, 1.21300017, 8.5537239958, 4.2596044415, 2.9726782483, 12.0647612252, 0.71226844369, 0, 19.7022974688, 8.4333693087, 39.8948325948, 31.1070804441, 18.0306487537, 9.2961583631, 27.2079869503, 16.8635197088, 40.6740526706, 0, 2.2165002947, 9.8412188712, 3.5759891214, 14.4476754982, 25.3152941206, 58.8819354617, 52.1750864215, 40.8955964127, 20.0551628827, 81.1306366284, 38.6569860643, 60.264992945, 64.0875197413, 28.4583365571, 43.1963331451, 0, 0, 527.6707193679, 72.61378587, 121.2318636765, 48.518602291],
      [0.65840458616, 0.93335116836, 3.9484197848, 5.8557880194, 1.8960145342, 0.30498277352, 3.2479410187, 0.85859931253, 1.6404914755, 2.7000214271, 1.4664813587, 0.22089474439, 8.1411921463, 1.6979621378, 0.83955627009, 1.7937627083, 3.6207603599, 5.0825231154, 3.2959721856, 7.9847789582, 2.030624026, 9.5455181404, 12.1934106553, 6.8813073097, 6.4425558082, 4.3333200901, 1.0134624974, 1.1951327292, 1.2947606763, 3.7345900181, 4.297697257, 1.3818588697, 0.64694007418, 0.32303378936, 0.93377374819, 2.4315135874, 0.69668705831, 6.7766732965, 0.32355131165, 0.79678107397, 2.1837471954, 0.26012192959, 0, 1.0580122393, 0.14024417458, 3.5668386448, 2.8358913573, 4.2848890847, 2.5890604854, 9.7127708564, 5.7504206082, 3.0326845617, 0, 0.48085326033, 1.6869421677, 1.1728810733, 4.5718629137, 2.8641594734, 5.150816002, 4.9873450816, 3.1705322022, 2.1337238169, 9.4321753968, 5.1929861722, 4.7132167572, 6.9203304264, 1.6066125055, 3.9150432056, 0, 0, 82.1031794074, 13.9333611341, 32.0043741043, 10.2305389081],
      [0.11364633664, 0.10598654675, 1.3688490544, 2.0424873804, 1.0658749996, 0.091294240695, 0.94459339392, 0.77810810766, 0.66298635473, 1.441474834, 0.82868892144, 0.22212249154, 1.5129460245, 0.56217914688, 0.071649999203, 0.53070643036, 2.0163800832, 2.2369588806, 0.55361072814, 1.1913591149, 0.28925814717, 1.7347050384, 1.3420885052, 0.64297519881, 0.57449548845, 0.79167745362, 0.32361322871, 0.28969639811, 0.48536096696, 0.86256215938, 1.1493680018, 0.17371778214, 0.087256927874, 0, 0.072503316785, 1.0380119858, 0.09031277165, 0.66960270766, 0.41684424684, 0.2305406777, 0.75149157937, 0.02760962672, 0, 1.2396902919, 0.42638651674, 1.5383287604, 1.0570281986, 1.6844621616, 1.1147811515, 2.0792421934, 1.3860596831, 2.2932627677, 0, 0.30264644501, 0.47183896113, 0.25112980533, 0.98046158806, 0.82054640592, 1.9672485363, 1.8375684969, 1.9338713851, 0.81111330041, 2.4371879748, 2.1500277635, 2.0217902978, 2.9921498323, 0.93505093742, 1.8886236493, 0, 0, 24.2261012248, 4.4528529959, 8.7637622191, 2.2508588009]
    ],
    [
      [0.7720509228, 2.5999351392, 183.8700413346, 76.3659804971, 138.5090471835, 4.4270361524, 24.5540489689, 2.2349956412, 50.9525799928, 214.2033654237, 96.8245734356, 33.5778642406, 111.0662566408, 43.6040283567, 7.229706476, 30.2516058527, 247.7929364265, 158.5052383634, 40.5497839651, 60.3475019601, 29.1571117193, 65.5344930733, 131.24475462, 36.5042456622, 54.2247817811, 58.1414618394, 19.9119402986, 30.5316959629, 7.9103640341, 27.2657407845, 70.7419648852, 7.517022753, 13.2623050457, 0, 8.0924816429, 64.0770210371, 10.7878400566, 49.83901953, 15.751184222, 7.6021768789, 72.4474394432, 3.5972150849, 9.0603325868, 38.858821669, 10.8544029718, 188.7229704612, 164.3138063655, 70.175691975, 50.4383013285, 158.1897600781, 68.4145955336, 213.2603528123, 5.3324658278, 2.2779277706, 24.2549802326, 17.048058448, 71.9606294811, 60.3980109318, 242.114314113, 125.9100175955, 242.1689441709, 110.7474075365, 165.1546839659, 142.2268638474, 107.8970333343, 218.2157968946, 87.7166643346, 175.0605638158, 4.3886935925, 0.9953931908, 2249.2908486784, 194.394186773, 347.543655923, 34.1176321073],
      [0.07094754377, 0.11776659931, 1.0663224028, 1.1751636073, 0, 0.21548033222, 0.48987230753, 0.1348959758, 0, 0, 0, 0, 4.3266011594, 1.0667208706, 0.34026966511, 0.38632424632, 0, 1.8284672632, 2.1022273323, 2.359344361, 1.2161147083, 3.2485262567, 7.2645857575, 3.9056985931, 3.0771214215, 2.485711994, 0.53198262525, 0.24500163343, 0.23246659204, 1.3359527924, 2.1818884136, 0.40854116733, 0.19447496264, 0, 0.71956753815, 0.7060966058, 0.5948432635, 4.3410360725, 0.116969941, 0.19155842058, 1.2893588892, 0.12443903661, 2.0868274936, 0.2043436023, 0.018107211377, 1.6494389157, 1.4633361088, 1.6245723987, 1.3649582869, 5.5102265318, 2.2698404875, 0, 0.12557585215, 0.042579555586, 0.40329374375, 0.539199354, 2.2179268245, 0.66693559686, 1.1788093757, 1.1760237927, 0, 0.88334358436, 1.8761777101, 1.8659736942, 0.82462437578, 2.3027622306, 0.4844025662, 1.5505466976, 1.1365560998, 0.0046068092044, 34.2332062132, 3.6421232441, 8.9640045772, 0.69940730175],
      [0.15700153343, 0.28229826146, 11.0636362626, 8.4588558956, 10.4909528165, 1.3574835154, 2.9560787236, 2.630108383, 4.0474200072, 17.7966345763, 10.1754265644, 4.4221357594, 16.6071421998, 7.3292507728, 0.43002385886, 2.362069901, 24.2070635735, 18.6662943735, 7.3479887026, 7.2931536788, 3.6267735724, 12.2169806701, 16.4906596225, 7.5900557447, 5.6980967973, 9.3728261666, 3.5560770761, 1.2233024036, 1.8571693738, 6.398306423, 12.0761467012, 1.0744360797, 0.54321999171, 0, 1.187950819, 6.2168823571, 1.6173166799, 8.8199443975, 3.131845837, 1.2062647005, 9.2632016676, 0.27834587854, 1.8528399196, 4.9368347286, 1.1274898168, 14.6275906231, 11.2228575257, 13.1997356263, 12.1967403846, 24.3000133901, 11.3155639789, 23.7396471877, 0.54195832003, 0.67949267376, 2.3417260236, 2.412742198, 9.8214436944, 3.9350534714, 15.7068765113, 8.9139586118, 23.8310558291, 9.3692488791, 9.969138324, 15.9071624583, 7.27834229, 20.4814408747, 5.7989330992, 15.3888894866, 2.4747503077, 0, 207.4759451084, 23.9636899828, 50.4923394997, 3.1829605909]
    ],
    [
      [0, 0.18568867349, 10.8421325196, 5.855088701, 14.2151617342, 0, 3.3036922264, 0, 3.3490366475, 11.6075232411, 5.0825279367, 0.8931638313, 3.433431151, 3.0022678943, 0.91479400755, 5.9170863568, 11.7093304256, 7.8515054742, 0.21169533994, 2.7004940269, 0.76270006915, 1.5375323186, 2.3852619226, 0, 0.93791020929, 2.7231630349, 2.1342655629, 7.2527407063, 1.1178754107, 0.10164427202, 4.2213076437, 0, 2.4318131814, 0.20426059726, 0, 9.7354822649, 0, 0, 5.8940899413, 0.57764194597, 2.9880404813, 0.99193674846, 0, 9.8987846662, 9.9306334252, 26.4418620212, 14.1890615896, 5.7723144519, 5.2969343783, 7.5237757035, 4.1460240137, 17.5694579287, 1.8951333829, 0, 2.8333581047, 1.536002251, 4.6841800814, 15.4714587401, 17.7021331677, 17.1928181684, 17.5799274168, 7.3287496488, 29.9233343255, 12.800581355, 15.287325361, 18.171759877, 13.3005377175, 14.6931522166, 0, 0, 204.4208823928, 12.5739297382, 16.5059258648, 3.3196829647],
      [23.9034183259, 101.2337177067, 140.6013423285, 135.3833548688, 122.1880559095, 152.4182586777, 103.810362992, 95.3739275014, 39.8191518153, 104.4325384525, 61.1246619801, 8.6880453589, 225.5583133253, 108.3635121485, 66.0852059924, 115.053836796, 121.6898767705, 147.7252615073, 178.7930350298, 182.4806390693, 92.1995098759, 252.3584622619, 376.7535826482, 143.309817961, 198.7510314443, 454.0924994418, 96.2253782165, 83.5883607996, 58.843672758, 248.415864626, 208.9786350476, 145.7634251951, 55.5681868186, 19.7957394027, 75.510599762, 160.3186891734, 89.1790797085, 182.0687540883, 48.130458377, 36.5746592362, 77.6369547586, 96.6363227523, 72.6496493767, 63.9669041778, 46.4160916885, 336.2950137159, 177.4927223095, 166.4265943084, 167.3210289774, 470.3743802506, 237.6744186534, 168.6688634748, 78.0314533567, 5, 75.7617851545, 102.927425253, 245.935667287, 250.9425030348, 215.9541658579, 228.226346987, 184.4823168244, 110.4859828832, 467.7978450211, 238.8899203336, 162.8768930801, 270.0815577095, 107.1226257923, 180.953968361, 59.4967660726, 0, 4359.1645621359, 336.7449517117, 568.8582172304, 102.3210944278],
