{
  "X": [
    [2, 1, 13, 26, 4],
    [6, 12, 37, 54, 9],
    [3, 0, 14, 22, 3],
    [1, 0, 1, 7, 1],
    [1, 2, 7, 11, 0],
    [1, 0, 3, 16, 1],
    [1, 3, 5, 12, 2],
    [0, 0, 13, 13, 0],
    [0, 0, 0, 6, 0],
    [0, 1, 1, 3, 1],
    [1, 0, 10, 9, 1],
    [7, 13, 28, 96, 17],
    [4, 2, 16, 27, 7],
    [7, 3, 12, 27, 5],
    [1, 3, 18, 35, 3],
    [3, 17, 66, 140, 9],
    [2, 1, 7, 19, 5],
    [2, 6, 9, 34, 3],
    [2, 3, 11, 23, 1],
    [4, 2, 14, 30, 6],
    [5, 6, 16, 40, 4],
    [1, 1, 5, 22, 3],
    [5, 3, 15, 49, 6],
    [7, 4, 29, 57, 9],
    [0, 0, 6, 14, 0],
    [8, 6, 41, 61, 13],
    [0, 0, 9, 5, 1],
    [1, 1, 8, 11, 2],
    [1, 2, 4, 10, 1],
    [0, 4, 7, 20, 2],
    [1, 0, 3, 2, 0],
    [1, 6, 30, 52, 3],
    [0, 2, 8, 17, 1],
    [2, 6, 31, 58, 6],
    [0, 0, 0, 14, 1],
    [0, 2, 14, 29, 3],
    [0, 1, 4, 2, 0],
    [0, 1, 2, 3, 0],
    [5, 5, 21, 39, 2],
    [0, 3, 10, 23, 2],
    [0, 1, 3, 6, 1],
    [2, 6, 26, 74, 4],
    [0, 1, 9, 23, 1],
    [0, 1, 3, 11, 0],
    [4, 7, 54, 96, 12],
    [0, 1, 1, 8, 0],
    [0, 0, 1, 7, 1],
    [0, 0, 2, 6, 0],
    [2, 14, 36, 91, 4],
    [0, 0, 4, 7, 1],
    [2, 0, 4, 19, 0],
    [5, 7, 40, 60, 3],
    [0, 0, 2, 6, 0],
    [1, 0, 2, 5, 0],
    [0, 1, 4, 10, 1],
    [0, 0, 1, 12, 1],
    [0, 0, 2, 10, 1],
    [0, 0, 3, 6, 1],
    [0, 2, 2, 16, 5],
    [0, 2, 7, 14, 2],
    [11, 22, 30, 138, 23],
    [4, 16, 25, 85, 13],
    [1, 0, 5, 5, 0],
    [0, 1, 0, 6, 1],
    [7, 5, 25, 79, 18],
    [29, 38, 105, 384, 57],
    [46, 39, 114, 428, 67],
    [1, 5, 3, 14, 3],
    [21, 55, 153, 349, 38],
    [0, 0, 3, 10, 0],
    [49, 66, 144, 462, 44],
    [2, 0, 7, 7, 2],
    [25, 22, 69, 398, 35],
    [10, 12, 35, 113, 14],
    [8, 10, 40, 116, 13],
    [1, 3, 2, 8, 2],
    [4, 0, 9, 28, 2],
    [1, 2, 9, 35, 5],
    [9, 12, 29, 109, 4],
    [2, 5, 6, 30, 6],
    [2, 3, 9, 44, 2],
    [3, 3, 5, 27, 7],
    [11, 15, 35, 121, 11],
    [2, 13, 11, 66, 8],
    [1, 0, 1, 9, 0],
    [0, 1, 4, 25, 3],
    [4, 3, 7, 13, 1],
    [0, 0, 26, 20, 1],
    [0, 2, 6, 26, 0],
    [1, 2, 5, 19, 4],
    [0, 0, 6, 10, 2],
    [5, 8, 67, 81, 13],
    [2, 4, 14, 19, 5],
    [0, 1, 4, 9, 1],
    [7, 22, 99, 169, 24],
    [0, 2, 2, 14, 0],
    [9, 11, 48, 78, 9],
    [1, 1, 9, 9, 5],
    [0, 0, 4, 8, 0],
    [0, 1, 6, 7, 0],
    [1, 0, 2, 8, 0],
    [0, 2, 7, 13, 1],
    [12, 21, 160, 156, 10],
    [1, 4, 11, 9, 4],
    [4, 1, 15, 25, 0],
    [0, 0, 6, 14, 1],
    [1, 1, 6, 13, 0],
    [0, 2, 6, 26, 4],
    [1, 1, 9, 18, 1],
    [0, 1, 14, 9, 2],
    [0, 3, 5, 20, 4],
    [1, 0, 4, 10, 0],
    [1, 0, 6, 7, 0],
    [0, 0, 4, 4, 2],
    [0, 4, 3, 15, 0],
    [1, 0, 0, 7, 1],
    [1, 1, 4, 15, 1],
    [0, 5, 1, 5, 0],
    [1, 7, 15, 59, 6],
    [1, 2, 35, 68, 7],
    [2, 12, 24, 38, 2],
    [0, 1, 3, 8, 1],
    [1, 3, 17, 21, 4],
    [2, 3, 17, 30, 3],
    [2, 3, 7, 27, 2],
    [0, 0, 3, 11, 2],
    [0, 1, 5, 1, 0],
    [3, 8, 14, 66, 3],
    [1, 3, 9, 21, 3],
    [0, 4, 8, 9, 3],
    [10, 5, 29, 46, 13],
    [1, 0, 1, 3, 1],
    [0, 0, 2, 8, 0],
    [6, 11, 30, 79, 6],
    [0, 0, 1, 7, 0],
    [4, 8, 26, 70, 10],
    [11, 18, 43, 127, 11],
    [1, 0, 2, 8, 3],
    [1, 1, 5, 15, 2],
    [4, 5, 27, 71, 9],
    [1, 0, 5, 20, 2],
    [3, 1, 2, 13, 1],
    [0, 0, 7, 8, 0],
    [1, 1, 14, 40, 7],
    [2, 4, 14, 30, 3],
    [15, 15, 47, 116, 17],
    [2, 8, 27, 73, 6],
    [7, 5, 19, 44, 3],
    [6, 1, 13, 22, 3],
    [0, 1, 8, 16, 4],
    [0, 0, 1, 6, 1],
    [0, 3, 4, 8, 0],
    [6, 12, 51, 89, 9],
    [8, 10, 22, 76, 10],
    [2, 2, 9, 32, 0],
    [11, 9, 27, 105, 9],
    [0, 3, 3, 8, 1],
    [23, 17, 141, 298, 42],
    [4, 3, 25, 46, 5],
    [0, 0, 6, 5, 0],
    [26, 34, 163, 322, 42],
    [20, 23, 133, 209, 31],
    [1, 0, 3, 10, 4],
    [1, 0, 1, 11, 0],
    [0, 0, 4, 4, 1],
    [0, 0, 3, 7, 0],
    [0, 0, 3, 7, 1],
    [2, 1, 3, 2, 0],
    [0, 0, 3, 6, 0],
    [0, 1, 4, 7, 0],
    [0, 1, 1, 11, 2],
    [0, 0, 2, 7, 1],
    [3, 1, 1, 7, 1],
    [3, 0, 0, 3, 0],
    [1, 2, 1, 4, 2],
    [0, 0, 3, 3, 1],
    [0, 0, 5, 5, 0],
    [0, 0, 2, 4, 2],
    [3, 0, 4, 2, 0],
    [0, 1, 4, 3, 0],
    [1, 2, 8, 6, 0],
    [1, 2, 2, 5, 1],
    [0, 1, 4, 5, 0],
    [2, 4, 16, 25, 4],
    [0, 1, 1, 5, 2],
    [2, 3, 6, 10, 3],
    [0, 3, 6, 6, 2],
    [0, 1, 0, 5, 0],
    [2, 1, 5, 11, 0],
    [2, 4, 16, 16, 2],
    [0, 1, 2, 5, 0],
    [1, 3, 5, 8, 0],
    [0, 3, 5, 9, 2],
    [1, 0, 3, 7, 1],
    [1, 2, 6, 8, 1],
    [0, 1, 3, 3, 0],
    [0, 2, 3, 4, 0],
    [0, 1, 5, 3, 3],
    [0, 0, 3, 3, 0],
    [0, 0, 4, 1, 1],
    [3, 0, 6, 11, 1],
    [0, 2, 6, 6, 0],
    [0, 0, 4, 6, 3],
    [0, 0, 3, 2, 2],
    [0, 1, 6, 2, 0],
    [2, 1, 7, 16, 2],
    [2, 3, 1, 6, 0],
    [1, 0, 9, 13, 1],
    [0, 1, 1, 8, 1],
    [1, 0, 6, 0, 0],
    [0, 0, 3, 2, 1],
    [0, 0, 4, 10, 1],
    [0, 1, 2, 3, 0],
    [0, 0, 4, 2, 0],
    [0, 1, 7, 3, 0],
    [1, 0, 0, 9, 2],
    [0, 0, 1, 5, 0],
    [1, 2, 5, 5, 1],
    [0, 0, 2, 5, 0],
    [0, 1, 3, 4, 1],
    [1, 0, 3, 1, 1],
    [1, 0, 2, 8, 0],
    [0, 0, 4, 2, 1],
    [0, 1, 2, 8, 1],
    [1, 1, 5, 8, 0],
    [0, 5, 9, 7, 2],
    [1, 0, 3, 12, 0],
    [0, 1, 10, 18, 1],
    [1, 0, 8, 6, 0],
    [1, 0, 4, 8, 2],
    [1, 0, 4, 9, 1],
    [1, 0, 3, 5, 0],
    [0, 0, 1, 6, 0],
    [1, 1, 5, 12, 0],
    [3, 0, 8, 13, 0],
    [0, 0, 4, 1, 1],
    [0, 2, 2, 4, 2],
    [0, 1, 4, 3, 1],
    [0, 1, 2, 4, 0],
    [0, 0, 3, 3, 1],
    [0, 0, 4, 5, 2],
    [0, 1, 1, 14, 2],
    [12, 4, 18, 68, 6],
    [3, 5, 18, 32, 4],
    [1, 6, 1, 10, 0],
    [4, 4, 9, 29, 5],
    [4, 3, 8, 22, 5],
    [3, 5, 9, 26, 1],
    [0, 3, 5, 24, 2],
    [1, 2, 2, 3, 1],
    [3, 5, 6, 26, 7],
    [1, 2, 8, 34, 4],
    [0, 1, 1, 5, 2],
    [6, 4, 9, 46, 3],
    [4, 3, 2, 10, 5],
    [13, 12, 47, 85, 9],
    [3, 8, 26, 43, 11],
    [1, 4, 2, 29, 2],
    [6, 14, 28, 51, 9],
    [2, 13, 12, 58, 3],
    [9, 15, 38, 79, 5],
    [2, 0, 8, 29, 6],
    [0, 1, 2, 17, 2],
    [1, 4, 28, 45, 8],
    [0, 0, 5, 18, 0],
    [1, 3, 5, 13, 6],
    [1, 0, 4, 7, 1],
    [1, 0, 2, 16, 2],
    [0, 1, 6, 20, 2],
    [0, 11, 4, 31, 7],
    [7, 5, 3, 15, 3],
    [0, 2, 3, 4, 1],
    [0, 1, 1, 4, 1],
    [2, 1, 1, 4, 2],
    [1, 4, 7, 17, 2],
    [6, 2, 9, 16, 0],
    [1, 1, 1, 5, 0],
    [1, 4, 6, 37, 3],
    [0, 3, 6, 16, 1],
    [0, 5, 0, 6, 0],
    [2, 1, 3, 15, 4],
    [1, 4, 17, 101, 9],
    [1, 1, 6, 26, 0],
    [0, 1, 12, 17, 1],
    [5, 1, 7, 19, 2],
    [2, 1, 7, 38, 3],
    [4, 7, 17, 63, 13],
    [1, 0, 2, 12, 0],
    [0, 0, 0, 8, 0],
    [2, 0, 2, 10, 1],
    [5, 5, 20, 43, 2],
    [0, 0, 1, 7, 0],
    [0, 3, 15, 17, 1],
    [1, 1, 7, 13, 0],
    [2, 9, 16, 87, 6],
    [1, 0, 3, 6, 3],
    [0, 10, 13, 14, 9],
    [2, 3, 11, 7, 0],
    [2, 1, 7, 21, 5],
    [1, 2, 3, 11, 3],
    [2, 1, 1, 8, 1],
    [2, 5, 4, 11, 1],
    [2, 3, 8, 14, 2],
    [3, 7, 15, 26, 7],
    [6, 1, 6, 20, 0],
    [1, 2, 7, 15, 5],
    [4, 3, 7, 31, 0],
    [3, 5, 11, 19, 3],
    [0, 1, 2, 10, 1],
    [1, 0, 2, 5, 1],
    [2, 0, 2, 2, 1],
    [1, 3, 7, 20, 1],
    [3, 5, 12, 31, 3],
    [5, 2, 34, 34, 2],
    [1, 3, 9, 13, 1],
    [1, 1, 5, 13, 4],
    [0, 1, 6, 17, 1],
    [0, 1, 0, 11, 0],
    [0, 1, 1, 16, 1],
    [0, 0, 1, 7, 1],
    [0, 1, 1, 6, 0],
    [1, 0, 4, 15, 1],
    [3, 3, 10, 22, 2],
    [1, 1, 8, 25, 4],
    [1, 0, 6, 12, 1],
    [1, 1, 1, 3, 1],
    [2, 2, 1, 11, 3],
    [1, 3, 0, 10, 1],
    [0, 1, 1, 14, 2],
    [0, 0, 4, 13, 1],
    [2, 0, 6, 9, 2],
    [1, 1, 3, 6, 1],
    [7, 7, 16, 32, 4],
    [2, 4, 5, 11, 2],
    [1, 0, 6, 3, 0],
    [3, 0, 4, 6, 0],
    [0, 2, 6, 11, 1],
    [2, 6, 21, 19, 1],
    [0, 1, 12, 11, 3],
    [6, 1, 13, 15, 3],
    [1, 1, 8, 10, 2],
    [2, 4, 7, 7, 0],
    [3, 7, 22, 38, 1],
    [1, 3, 6, 22, 5],
    [0, 1, 8, 7, 2],
    [2, 1, 6, 12, 1],
    [0, 1, 6, 15, 0],
    [1, 1, 8, 6, 1],
    [2, 3, 21, 27, 2],
    [0, 3, 6, 11, 1],
    [0, 1, 7, 16, 1],
    [2, 0, 3, 11, 1],
    [0, 0, 2, 5, 2],
    [1, 0, 4, 4, 2],
    [1, 0, 4, 4, 0],
    [1, 1, 3, 2, 0],
    [2, 4, 4, 9, 2],
    [0, 1, 6, 1, 0],
    [0, 0, 0, 6, 0],
    [0, 0, 6, 2, 0],
    [1, 0, 1, 4, 0],
    [0, 2, 5, 8, 1],
    [0, 1, 1, 5, 1],
    [1, 5, 7, 11, 2],
    [0, 2, 9, 10, 2],
    [2, 0, 3, 6, 0],
    [0, 1, 1, 3, 1],
    [0, 0, 1, 8, 0],
    [0, 0, 6, 10, 3],
    [0, 1, 2, 7, 1],
    [0, 0, 5, 6, 1],
    [0, 0, 1, 7, 1],
    [0, 1, 2, 3, 2],
    [0, 1, 3, 2, 0],
    [0, 1, 2, 3, 1],
    [2, 2, 3, 11, 1],
    [0, 0, 6, 3, 3],
    [1, 1, 3, 10, 2],
    [0, 0, 3, 7, 0],
    [0, 1, 3, 6, 2],
    [1, 1, 2, 3, 0],
    [0, 1, 1, 8, 1],
    [0, 1, 5, 8, 1],
    [0, 1, 2, 3, 0],
    [0, 1, 7, 10, 2],
    [1, 1, 4, 7, 1],
    [0, 0, 3, 5, 0],
    [1, 1, 2, 3, 0],
    [2, 4, 9, 41, 9],
    [0, 0, 0, 8, 1],
    [2, 2, 11, 40, 2],
    [3, 2, 8, 19, 2],
    [1, 0, 6, 11, 0],
    [1, 0, 2, 7, 1],
    [4, 7, 7, 22, 1],
    [2, 1, 11, 23, 4],
    [2, 1, 1, 2, 2],
    [0, 0, 0, 8, 1],
    [2, 1, 6, 9, 0],
    [3, 1, 3, 12, 1],
    [1, 3, 12, 11, 2],
    [1, 2, 6, 4, 0],
    [4, 4, 13, 28, 3],
    [0, 4, 4, 4, 3],
    [0, 0, 5, 14, 6],
    [3, 0, 8, 13, 1],
    [3, 4, 8, 24, 2],
    [2, 2, 3, 14, 1],
    [5, 3, 18, 12, 3],
    [1, 2, 16, 18, 2],
    [0, 1, 2, 11, 0],
    [15, 12, 15, 35, 12],
    [3, 0, 5, 10, 1],
    [0, 1, 2, 11, 1],
    [4, 8, 19, 37, 8],
    [4, 6, 21, 34, 2],
    [2, 1, 8, 11, 3],
    [2, 4, 13, 31, 1],
    [2, 0, 3, 7, 0],
    [5, 2, 10, 15, 4],
    [2, 1, 4, 14, 1],
    [0, 2, 4, 4, 0],
    [0, 1, 4, 4, 3],
    [1, 2, 0, 3, 0],
    [0, 2, 4, 10, 2],
    [4, 2, 18, 21, 7],
    [3, 14, 30, 37, 6],
    [4, 2, 16, 19, 4],
    [5, 3, 2, 7, 2],
    [5, 2, 16, 26, 3],
    [4, 6, 15, 17, 4],
    [2, 1, 12, 19, 3],
    [0, 2, 0, 4, 0],
    [2, 2, 4, 8, 2],
    [0, 2, 9, 19, 2],
    [52, 22, 136, 240, 34],
    [175, 380, 925, 1724, 256],
    [129, 309, 610, 1039, 181],
    [8, 18, 104, 188, 25]
  ],
  "W": [
    [7, 18, 5, 6, 2, 8],
    [16, 63, 7, 19, 3, 10],
    [3, 22, 6, 6, 1, 4],
    [0, 7, 2, 1, 0, 0],
    [4, 11, 3, 1, 0, 2],
    [5, 12, 1, 2, 0, 1],
    [4, 8, 0, 7, 1, 3],
    [6, 8, 1, 4, 2, 5],
    [1, 3, 0, 1, 1, 0],
    [0, 2, 0, 2, 1, 1],
    [1, 9, 4, 3, 3, 1],
    [9, 109, 7, 7, 11, 18],
    [6, 31, 7, 4, 1, 7],
    [2, 28, 5, 4, 5, 10],
    [8, 35, 5, 6, 2, 4],
    [25, 147, 21, 14, 9, 19],
    [2, 20, 1, 5, 1, 5],
    [3, 33, 2, 8, 4, 4],
    [0, 29, 4, 2, 1, 4],
    [8, 25, 5, 9, 5, 4],
    [5, 45, 7, 6, 3, 5],
    [5, 17, 4, 3, 1, 2],
    [5, 51, 3, 4, 5, 10],
    [4, 65, 11, 6, 7, 13],
    [0, 11, 3, 3, 2, 1],
    [15, 72, 14, 9, 5, 14],
    [1, 7, 4, 1, 1, 1],
    [3, 12, 5, 0, 0, 3],
    [0, 11, 0, 4, 0, 3],
    [5, 15, 3, 2, 3, 5],
    [2, 2, 1, 1, 0, 0],
    [19, 45, 11, 8, 6, 3],
    [4, 15, 1, 3, 2, 3],
    [18, 47, 4, 12, 9, 13],
    [2, 8, 3, 0, 1, 1],
    [4, 30, 4, 4, 3, 3],
    [1, 5, 0, 0, 0, 1],
    [2, 3, 1, 0, 0, 0],
    [11, 38, 11, 5, 2, 5],
    [6, 21, 2, 2, 4, 3],
    [2, 8, 0, 1, 0, 0],
    [16, 69, 12, 0, 7, 8],
    [7, 26, 0, 0, 1, 0],
    [1, 13, 1, 0, 0, 0],
    [20, 106, 22, 5, 6, 14],
    [1, 9, 0, 0, 0, 0],
    [0, 7, 1, 0, 1, 0],
    [0, 5, 2, 0, 1, 0],
    [17, 97, 19, 3, 3, 8],
    [1, 6, 2, 0, 2, 1],
    [3, 18, 0, 0, 1, 3],
    [18, 62, 13, 5, 8, 9],
    [1, 5, 2, 0, 0, 0],
    [1, 4, 0, 1, 0, 2],
    [2, 8, 1, 3, 0, 2],
    [1, 9, 0, 2, 1, 1],
    [0, 8, 0, 4, 0, 1],
    [0, 6, 1, 2, 0, 1],
    [1, 17, 3, 2, 1, 1],
    [0, 16, 1, 0, 5, 3],
    [7, 147, 16, 4, 21, 29],
    [2, 95, 16, 0, 19, 11],
    [1, 6, 1, 1, 1, 1],
    [1, 4, 0, 0, 3, 0],
    [4, 87, 13, 2, 11, 17],
    [19, 397, 65, 3, 48, 81],
    [29, 436, 64, 7, 74, 84],
    [2, 14, 4, 0, 2, 4],
    [21, 401, 81, 8, 46, 59],
    [0, 10, 1, 0, 2, 0],
    [56, 458, 63, 15, 75, 98],
    [2, 9, 2, 0, 1, 4],
    [23, 397, 35, 5, 36, 53],
    [19, 105, 13, 4, 14, 29],
    [9, 129, 9, 5, 20, 15],
    [0, 11, 2, 1, 0, 2],
    [1, 28, 3, 2, 3, 6],
    [3, 38, 3, 2, 5, 1],
    [9, 109, 16, 2, 11, 16],
    [2, 34, 1, 2, 4, 6],
    [1, 48, 3, 0, 4, 4],
    [4, 27, 3, 1, 2, 8],
    [13, 114, 20, 5, 22, 19],
    [9, 69, 6, 0, 10, 6],
    [0, 7, 1, 0, 2, 1],
    [1, 22, 3, 2, 3, 2],
    [0, 21, 0, 0, 2, 5],
    [1, 28, 11, 2, 3, 2],
    [2, 23, 6, 0, 1, 2],
    [1, 23, 1, 0, 2, 4],
    [3, 10, 2, 0, 2, 1],
    [14, 97, 36, 5, 7, 15],
    [5, 24, 7, 0, 1, 7],
    [2, 11, 1, 1, 0, 0],
    [21, 203, 55, 10, 11, 21],
    [1, 15, 1, 0, 0, 1],
    [11, 101, 26, 2, 2, 13],
    [0, 14, 5, 1, 1, 4],
    [1, 8, 2, 0, 0, 1],
    [2, 9, 1, 1, 1, 0],
    [3, 5, 2, 0, 0, 1],
    [2, 16, 3, 0, 0, 2],
    [48, 176, 90, 10, 14, 21],
    [2, 15, 5, 0, 0, 7],
    [4, 21, 9, 0, 5, 6],
    [2, 13, 3, 0, 1, 2],
    [2, 13, 4, 0, 1, 1],
    [3, 27, 3, 1, 0, 4],
    [1, 21, 2, 2, 1, 3],
    [8, 7, 7, 0, 2, 2],
    [3, 22, 2, 1, 1, 3],
    [3, 6, 0, 4, 0, 2],
    [4, 8, 0, 2, 0, 0],
    [0, 5, 1, 2, 1, 1],
    [5, 10, 2, 1, 1, 3],
    [0, 8, 0, 0, 0, 1],
    [10, 8, 0, 3, 1, 0],
    [0, 9, 0, 0, 0, 2],
    [3, 58, 11, 1, 2, 13],
    [12, 74, 16, 3, 3, 5],
    [4, 48, 15, 2, 3, 6],
    [1, 9, 1, 1, 0, 1],
    [1, 26, 7, 4, 0, 8],
    [2, 35, 5, 5, 3, 5],
    [3, 23, 2, 6, 5, 2],
    [2, 10, 0, 1, 1, 2],
    [1, 3, 2, 0, 0, 1],
    [9, 53, 5, 11, 10, 6],
    [2, 22, 1, 7, 1, 4],
    [1, 11, 1, 6, 2, 3],
    [8, 54, 11, 16, 4, 10],
    [0, 4, 0, 0, 0, 2],
    [1, 7, 2, 0, 0, 0],
    [11, 92, 4, 7, 6, 12],
    [1, 6, 0, 0, 1, 0],
    [7, 76, 10, 0, 7, 18],
    [12, 129, 14, 11, 15, 29],
    [1, 9, 1, 0, 0, 3],
    [4, 14, 1, 0, 1, 4],
    [13, 68, 9, 3, 8, 15],
    [4, 18, 3, 0, 0, 3],
    [2, 11, 1, 1, 2, 3],
    [1, 5, 1, 1, 4, 3],
    [3, 42, 3, 1, 7, 7],
    [6, 34, 4, 2, 3, 4],
    [9, 143, 12, 5, 22, 19],
    [9, 80, 4, 0, 9, 14],
    [1, 54, 9, 0, 7, 7],
    [8, 21, 3, 3, 3, 7],
    [2, 21, 0, 1, 1, 4],
    [1, 5, 1, 0, 0, 1],
    [0, 12, 0, 0, 1, 2],
    [14, 97, 23, 2, 14, 17],
    [11, 75, 7, 3, 14, 16],
    [2, 24, 5, 3, 9, 2],
    [7, 105, 17, 2, 17, 13],
    [0, 12, 0, 1, 2, 0],
    [25, 350, 48, 10, 40, 48],
    [9, 49, 3, 7, 7, 8],
    [2, 5, 3, 0, 1, 0],
    [46, 375, 46, 7, 53, 60],
    [48, 251, 38, 3, 27, 49],
    [0, 12, 2, 1, 1, 2],
    [1, 9, 0, 1, 0, 2],
    [0, 5, 3, 0, 0, 1],
    [1, 9, 0, 0, 0, 0],
    [1, 9, 0, 0, 1, 0],
    [0, 2, 0, 2, 1, 3],
    [1, 4, 1, 2, 1, 0],
    [0, 8, 0, 3, 1, 0],
    [1, 11, 1, 1, 0, 1],
    [2, 4, 0, 2, 2, 0],
    [2, 4, 1, 2, 0, 4],
    [0, 2, 0, 1, 0, 3],
    [1, 7, 0, 0, 1, 1],
    [0, 3, 0, 4, 0, 0],
    [0, 5, 2, 0, 1, 2],
    [1, 4, 1, 2, 0, 0],
    [2, 3, 0, 1, 0, 3],
    [0, 4, 3, 0, 0, 1],
    [6, 4, 1, 3, 2, 1],
    [3, 4, 1, 1, 0, 2],
    [0, 5, 1, 2, 1, 1],
    [2, 31, 6, 3, 5, 4],
    [0, 5, 0, 3, 0, 1],
    [2, 12, 5, 1, 0, 4],
    [0, 9, 1, 4, 1, 2],
    [0, 3, 0, 1, 2, 0],
    [1, 13, 3, 1, 0, 1],
    [5, 15, 12, 1, 5, 2],
    [2, 5, 0, 0, 0, 1],
    [2, 12, 0, 1, 0, 2],
    [1, 9, 5, 2, 0, 2],
    [0, 10, 1, 0, 0, 1],
    [0, 9, 1, 5, 2, 1],
    [0, 3, 2, 1, 1, 0],
    [0, 5, 0, 0, 1, 3],
    [0, 6, 0, 3, 1, 2],
    [0, 4, 0, 1, 1, 0],
    [0, 5, 0, 0, 0, 1],
    [0, 11, 3, 2, 3, 2],
    [0, 9, 4, 0, 0, 1],
    [2, 4, 3, 3, 0, 1],
    [0, 3, 1, 1, 0, 2],
    [2, 2, 4, 0, 0, 1],
    [3, 13, 8, 0, 0, 4],
    [1, 6, 1, 3, 0, 1],
    [6, 13, 3, 0, 1, 1],
    [0, 6, 1, 1, 2, 1],
    [0, 0, 0, 3, 0, 4],
    [0, 1, 1, 1, 1, 2],
    [0, 13, 0, 1, 1, 0],
    [1, 1, 1, 1, 1, 1],
    [1, 4, 0, 0, 0, 1],
    [1, 7, 0, 1, 0, 2],
    [2, 6, 1, 1, 1, 1],
    [0, 4, 1, 1, 0, 0],
    [1, 6, 1, 3, 0, 3],
    [2, 4, 0, 1, 0, 0],
    [0, 8, 0, 0, 0, 1],
    [1, 2, 0, 1, 0, 2],
    [0, 9, 1, 0, 0, 1],
    [1, 5, 0, 0, 1, 0],
    [3, 5, 1, 1, 0, 2],
    [0, 10, 1, 1, 1, 2],
    [2, 12, 4, 0, 1, 4],
    [0, 12, 1, 1, 1, 1],
    [4, 19, 4, 0, 0, 3],
    [0, 10, 2, 1, 1, 1],
    [3, 7, 4, 0, 0, 1],
    [3, 7, 2, 0, 2, 1],
    [1, 3, 0, 3, 1, 1],
    [1, 5, 1, 0, 0, 0],
    [3, 9, 3, 0, 4, 0],
    [2, 15, 3, 1, 2, 1],
    [1, 2, 0, 1, 2, 0],
    [1, 2, 0, 2, 3, 2],
    [3, 6, 0, 0, 0, 0],
    [0, 5, 1, 1, 0, 0],
    [0, 3, 1, 2, 1, 0],
    [0, 6, 0, 5, 0, 0],
    [0, 12, 1, 1, 1, 3],
    [4, 60, 8, 3, 12, 21],
    [5, 35, 10, 1, 5, 6],
    [0, 12, 1, 1, 1, 3],
    [2, 37, 1, 4, 2, 5],
    [0, 25, 2, 6, 1, 8],
    [2, 25, 3, 2, 6, 6],
    [0, 24, 3, 1, 2, 4],
    [0, 6, 1, 0, 0, 2],
    [2, 25, 4, 0, 4, 12],
    [2, 35, 1, 4, 3, 4],
    [2, 4, 0, 1, 1, 1],
    [2, 43, 4, 1, 11, 7],
    [2, 14, 1, 0, 2, 5],
    [7, 95, 14, 3, 19, 28],
    [5, 55, 8, 0, 12, 11],
    [4, 25, 0, 0, 5, 4],
    [10, 65, 11, 0, 8, 14],
    [6, 47, 4, 6, 9, 16],
    [8, 94, 17, 0, 10, 17],
    [2, 27, 2, 1, 4, 9],
    [2, 16, 1, 0, 0, 3],
    [7, 51, 8, 3, 7, 10],
    [3, 18, 1, 0, 1, 0],
    [0, 17, 3, 2, 2, 4],
    [0, 9, 1, 0, 1, 2],
    [5, 6, 3, 2, 2, 3],
    [2, 19, 1, 3, 3, 1],
    [3, 38, 2, 1, 5, 4],
    [1, 16, 1, 1, 8, 6],
    [0, 3, 2, 3, 0, 2],
    [1, 5, 0, 1, 0, 0],
    [1, 5, 0, 0, 1, 3],
    [1, 20, 4, 2, 1, 3],
    [1, 16, 5, 2, 5, 4],
    [0, 4, 1, 0, 1, 2],
    [0, 39, 5, 0, 4, 3],
    [1, 18, 3, 0, 1, 3],
    [2, 4, 2, 0, 2, 1],
    [1, 17, 1, 1, 2, 3],
    [1, 104, 5, 1, 13, 8],
    [2, 24, 3, 0, 3, 2],
    [1, 20, 6, 0, 1, 3],
    [3, 20, 2, 0, 4, 5],
    [0, 35, 6, 1, 4, 5],
    [2, 71, 7, 3, 12, 9],
    [1, 10, 1, 1, 1, 1],
    [0, 5, 0, 0, 2, 1],
    [1, 11, 1, 1, 0, 1],
    [11, 36, 8, 3, 11, 6],
    [0, 6, 0, 0, 2, 0],
    [1, 23, 3, 0, 8, 1],
    [0, 16, 2, 0, 3, 1],
    [5, 91, 4, 0, 13, 7],
    [4, 5, 0, 1, 1, 2],
    [5, 27, 3, 0, 1, 10],
    [2, 11, 2, 1, 6, 1],
    [0, 20, 2, 0, 10, 4],
    [2, 8, 2, 0, 3, 5],
    [0, 7, 0, 0, 2, 4],
    [1, 15, 2, 0, 2, 3],
    [1, 15, 6, 0, 4, 3],
    [6, 34, 4, 0, 9, 5],
    [1, 18, 5, 0, 2, 7],
    [1, 18, 0, 3, 5, 3],
    [3, 19, 4, 5, 7, 7],
    [3, 23, 6, 0, 4, 5],
    [0, 9, 1, 0, 2, 2],
    [0, 4, 1, 0, 1, 3],
    [1, 3, 0, 0, 1, 2],
    [2, 20, 2, 0, 5, 3],
    [0, 43, 3, 0, 2, 6],
    [3, 49, 15, 0, 6, 4],
    [1, 15, 1, 3, 3, 4],
    [1, 16, 5, 0, 0, 2],
    [3, 16, 3, 0, 1, 2],
    [0, 10, 0, 0, 2, 0],
    [0, 13, 0, 0, 6, 0],
    [1, 5, 2, 0, 1, 0],
    [0, 7, 1, 0, 0, 0],
    [0, 14, 1, 1, 2, 3],
    [0, 23, 8, 0, 3, 6],
    [10, 16, 1, 0, 8, 4],
    [2, 8, 1, 0, 7, 2],
    [0, 4, 0, 1, 0, 2],
    [1, 10, 0, 0, 5, 3],
    [1, 9, 0, 0, 3, 2],
    [1, 9, 1, 2, 2, 3],
    [0, 15, 0, 0, 3, 0],
    [1, 9, 2, 1, 4, 2],
    [1, 6, 1, 1, 2, 1],
    [1, 29, 10, 1, 13, 12],
    [3, 13, 0, 0, 5, 3],
    [0, 6, 3, 0, 0, 1],
    [0, 8, 1, 0, 1, 3],
    [4, 12, 1, 0, 1, 2],
    [2, 33, 13, 0, 1, 0],
    [3, 16, 5, 0, 2, 1],
    [4, 14, 11, 0, 2, 7],
    [1, 13, 4, 0, 0, 4],
    [2, 12, 2, 1, 2, 1],
    [1, 47, 10, 1, 9, 3],
    [3, 25, 2, 2, 1, 4],
    [4, 9, 2, 2, 1, 0],
    [2, 13, 2, 1, 1, 3],
    [3, 15, 3, 0, 0, 1],
    [5, 7, 3, 0, 1, 1],
    [8, 28, 12, 0, 2, 5],
    [1, 11, 4, 0, 2, 3],
    [2, 13, 9, 0, 1, 0],
    [0, 11, 1, 1, 0, 4],
    [1, 6, 0, 2, 0, 0],
    [1, 3, 3, 1, 2, 1],
    [1, 6, 1, 0, 0, 1],
    [2, 2, 1, 0, 1, 1],
    [2, 9, 4, 2, 0, 4],
    [4, 1, 1, 0, 1, 1],
    [1, 3, 0, 1, 1, 0],
    [1, 3, 1, 2, 1, 0],
    [0, 6, 0, 0, 0, 0],
    [0, 10, 3, 0, 0, 3],
    [1, 5, 0, 0, 2, 0],
    [3, 12, 4, 0, 1, 6],
    [0, 13, 6, 3, 0, 1],
    [1, 5, 2, 0, 1, 2],
    [1, 2, 1, 0, 0, 2],
    [0, 6, 1, 2, 0, 0],
    [0, 9, 4, 2, 0, 4],
    [3, 3, 3, 1, 0, 1],
    [2, 4, 0, 3, 0, 3],
    [0, 4, 3, 0, 0, 2],
    [0, 7, 0, 0, 0, 1],
    [0, 3, 1, 1, 0, 1],
    [0, 5, 0, 1, 0, 1],
    [2, 9, 2, 4, 1, 1],
    [1, 2, 4, 1, 2, 2],
    [1, 8, 0, 4, 1, 3],
    [3, 5, 1, 1, 0, 0],
    [1, 6, 1, 2, 0, 2],
    [1, 2, 2, 1, 0, 1],
    [2, 7, 1, 0, 0, 1],
    [2, 6, 0, 4, 1, 2],
    [2, 3, 0, 1, 0, 0],
    [2, 13, 0, 3, 1, 1],
    [2, 8, 1, 0, 0, 3],
    [2, 6, 0, 0, 0, 0],
    [0, 3, 3, 0, 0, 1],
    [4, 41, 1, 3, 9, 7],
    [1, 4, 1, 1, 1, 1],
    [2, 38, 4, 0, 8, 5],
    [2, 24, 0, 1, 2, 5],
    [2, 9, 1, 0, 3, 3],
    [0, 7, 2, 0, 1, 1],
    [5, 24, 2, 0, 4, 6],
    [0, 19, 4, 3, 8, 7],
    [0, 1, 0, 2, 1, 4],
    [0, 3, 0, 0, 5, 1],
    [3, 8, 2, 1, 2, 2],
    [1, 12, 2, 3, 0, 2],
    [5, 11, 4, 4, 2, 3],
    [0, 5, 2, 0, 0, 6],
    [1, 30, 7, 1, 7, 6],
    [0, 6, 0, 2, 3, 4],
    [5, 13, 2, 0, 3, 2],
    [5, 11, 2, 1, 3, 3],
    [2, 23, 5, 3, 4, 4],
    [1, 13, 1, 1, 1, 5],
    [2, 25, 5, 1, 4, 4],
    [1, 23, 9, 1, 1, 4],
    [1, 8, 0, 0, 1, 4],
    [4, 46, 11, 0, 8, 20],
    [2, 8, 2, 1, 1, 5],
    [1, 10, 2, 0, 1, 1],
    [1, 59, 2, 2, 2, 10],
    [1, 43, 10, 1, 6, 6],
    [1, 15, 1, 0, 4, 4],
    [5, 28, 3, 2, 9, 4],
    [3, 3, 0, 1, 2, 3],
    [0, 15, 6, 1, 7, 7],
    [1, 10, 2, 1, 4, 4],
    [0, 7, 2, 0, 1, 0],
    [0, 3, 2, 4, 1, 2],
    [1, 2, 0, 1, 1, 1],
    [4, 5, 1, 1, 4, 3],
    [1, 37, 3, 1, 6, 4],
    [5, 60, 4, 1, 6, 14],
    [1, 30, 4, 0, 2, 8],
    [3, 8, 0, 1, 2, 5],
    [3, 29, 8, 0, 7, 5],
    [5, 21, 3, 3, 2, 12],
    [3, 25, 3, 0, 2, 4],
    [0, 4, 0, 0, 1, 1],
    [1, 10, 0, 2, 1, 4],
    [2, 22, 3, 0, 2, 3],
    [49, 264, 52, 16, 17, 86],
    [289, 2068, 375, 90, 185, 453],
    [147, 1292, 289, 66, 120, 354],
    [31, 180, 34, 47, 19, 32]
  ],
  "method": "mvn_pdf",
  "cond_prob": [
    [
      [0.0060244951717, 0.0071499368022, 0.43881161951, 0.53012351687, 0.017890431647],
      [0.007656096457, 0.0073963645785, 0.14993114127, 0.78553574322, 0.049480654473],
      [0.0090859852373, 0.014959934525, 0.65776718829, 0.29824625388, 0.019940638074],
      [0.017103377877, 0.009168857195, 0.38356034883, 0.47725062421, 0.11291679188],
      [0.031853256934, 0.010906598476, 0.10791500937, 0.79279950046, 0.056525634757],
      [0.20103276128, 0.083148733403, 0.17794125843, 0.27614474854, 0.26173249835]
    ],
    [
      [0.01590380477, 0.055733538503, 0.51692657828, 0.39193808121, 0.019497997237],
      [0.018808607172, 0.099949716789, 0.20986733478, 0.61262076702, 0.058753574239],
      [0.021279958873, 0.080913604057, 0.69762735655, 0.18077842922, 0.0194006513],
      [0.058647046132, 0.085720173237, 0.46329987621, 0.23518042048, 0.15715248394],
      [0.1186849678, 0.075202000133, 0.12996762824, 0.59454477374, 0.081600630079],
      [0.29412883798, 0.23907467059, 0.14315406279, 0.16163710633, 0.1620053223]
    ],
    [
      [0.021203196217, 0, 0.50502503111, 0.45690090022, 0.016870872453],
      [0.015811593428, 0, 0.20423765914, 0.72130669301, 0.058644054426],
      [0.028938085402, 0, 0.73871789985, 0.21359079658, 0.01875321817],
      [0.056902080315, 0, 0.47003883821, 0.34238916825, 0.13066991323],
      [0.14284525377, 0, 0.11693291926, 0.66734420543, 0.072877621543],
      [0.48266227697, 0, 0.15555576451, 0.18933151469, 0.17245044383]
    ],
    [
      ["NaN", "NaN", "NaN", "NaN", "NaN"],
      [0.058217526189, 0, 0.010250264724, 0.82507348982, 0.10645871927],
      [0.19538602537, 0, 0.4312410738, 0.310245786, 0.063127114832],
      [0.20170526593, 0, 0.065765999342, 0.60399399928, 0.12853473544],
      ["NaN", "NaN", "NaN", "NaN", "NaN"],
      ["NaN", "NaN", "NaN", "NaN", "NaN"]
    ],
    [
      [0.014986781501, 0.050040825315, 0.53553482604, 0.39943756714, 0],
      [0.014761317472, 0.092876499927, 0.17890372943, 0.71345845317, 0],
      [0.013725095354, 0.064417212467, 0.71185187337, 0.2100058188, 0],
      [0.036866754955, 0.042854455301, 0.42387274328, 0.49640604646, 0],
      ["NaN", "NaN", "NaN", "NaN", "NaN"],
      [0.34981817039, 0.27104455342, 0.16524565434, 0.21389162185, 0]
    ],
    [
      [0.035095123504, 0, 0.31952879938, 0.61433805988, 0.031038017237],
      [0.0174839466, 0, 0.050262509859, 0.88836598617, 0.04388755737],
      [0.034720308599, 0, 0.40215207512, 0.54444371583, 0.01868390045],
      [0.036584569915, 0, 0.17089222107, 0.71168449344, 0.080838715575],
      ["NaN", "NaN", "NaN", "NaN", "NaN"],
      [0.50682757485, 0, 0.055269367549, 0.30010516382, 0.13779789378]
    ],
    [
      [0.0110577918, 0.070769004607, 0.27584617676, 0.62051770764, 0.021809319189],
      [0.014789339176, 0.091949726448, 0.11501350024, 0.73607300277, 0.042174431372],
      ["NaN", "NaN", "NaN", "NaN", "NaN"],
      [0.069206644165, 0.15524632146, 0.36821291295, 0.23015430313, 0.17717981829],
      [0.030801772547, 0.069380021641, 0.097446324057, 0.76225789579, 0.040113985969],
      [0.1074019459, 0.27507396603, 0.10052352545, 0.4186690432, 0.098331519417]
    ],
    [
      [0, 0, 0.61027871799, 0.38972128201, 0],
      [0, 0, 0.28667141419, 0.71332858581, 0],
      [0, 0, 0.84544984789, 0.15455015211, 0],
      [0, 0, 0.59391698969, 0.40608301031, 0],
      [0, 0, 0.29072792724, 0.70927207276, 0],
      [0, 0, 0.64847654348, 0.35152345652, 0]
    ],
    [
      [0, 0, 0, 1, 0],
      [0, 0, 0, 1, 0],
      ["NaN", "NaN", "NaN", "Inf", "NaN"],
      [0, 0, 0, 1, 0],
      [0, 0, 0, 1, 0],
      ["NaN", "NaN", "NaN", "Inf", "NaN"]
    ],
    [
      ["NaN", "NaN", "NaN", "NaN", "NaN"],
      [0, 0.10508921451, 0.086773142956, 0.71201173428, 0.096125908254],
      ["NaN", "NaN", "NaN", "NaN", "NaN"],
      [0, 0.16242681643, 0.34469701705, 0.21536674186, 0.27750942466],
      [0, 0.078905229017, 0.06838128679, 0.76389378543, 0.088819698766],
      [0, 0.3860627091, 0.068678393205, 0.3813492623, 0.1639096354]
    ],
    [
      [0.0097637450764, 0, 0.70507823132, 0.2752444211, 0.0099136024961],
      [0.021413213056, 0, 0.32826685266, 0.60390977655, 0.046410157738],
      [0.014117385747, 0, 0.86133477732, 0.11279533129, 0.011752505641],
      [0.027875198304, 0, 0.6362845114, 0.26419330926, 0.071646981038],
      [0.093365990078, 0, 0.22512024507, 0.62581046876, 0.055703296094],
      [0.37732422929, 0, 0.31096671606, 0.16837493075, 0.1433341239]
    ],
    [
      [0.011900696179, 0.042162482154, 0.40986510559, 0.50545998125, 0.030611734826],
      [0.012785958421, 0.071759990422, 0.13303938353, 0.70095961444, 0.08145505319],
      [0.019375164396, 0.074348844077, 0.68095410431, 0.18996043323, 0.035361453986],
      [0.030584706282, 0.04087007078, 0.30756948444, 0.45135531897, 0.16962041953],
      [0.069873045724, 0.045884657064, 0.091709215022, 0.68601712529, 0.1065159569],
      [0.24338342604, 0.19374639294, 0.10452526435, 0.16727019731, 0.29107471935]
    ],
    [
      [0.019716456645, 0.019459544674, 0.5022861654, 0.42259753979, 0.035940293494],
      [0.024256924852, 0.032882814544, 0.18168133141, 0.65452113459, 0.1066577946],
      [0.027907271499, 0.029722121439, 0.7225021309, 0.18223928833, 0.037629187831],
      [0.047652764245, 0.017297148154, 0.36135204692, 0.37087153219, 0.20282650849],
      [0.16488935727, 0.030021659347, 0.077306172192, 0.55218392483, 0.17559888636],
      [0.36841218214, 0.079515768437, 0.11056177968, 0.12327350243, 0.31823676732]
    ],
    [
      [0.026545393703, 0.028380071844, 0.48309470171, 0.43837903531, 0.023600797436],
      [0.017593919491, 0.051170775596, 0.16769354576, 0.68774279968, 0.07579895947],
      [0.04059405864, 0.042501601883, 0.68713864934, 0.20441930308, 0.025346387057],
      [0.076106220779, 0.027357192523, 0.35798755301, 0.40925208972, 0.12929694396],
      [0.16721920043, 0.029588965421, 0.10502907906, 0.61886989702, 0.079292858066],
      [0.51107882884, 0.1040576533, 0.094560246121, 0.11129891789, 0.17900435385]
    ],
    [
      [0.0043732953772, 0.024763400935, 0.51100411489, 0.44663780034, 0.013221388456],
      [0.0042009050837, 0.046691102043, 0.18544688527, 0.72282610074, 0.040835006865],
      [0.006520917496, 0.037707848407, 0.73463771708, 0.20760435754, 0.013529159472],
      [0.013982580738, 0.029956781482, 0.44231168036, 0.42873106946, 0.085017887963],
      [0.034302871379, 0.033744549687, 0.13240267596, 0.74338352847, 0.056166374503],
      [0.1582190361, 0.18298379768, 0.20736551925, 0.25770220249, 0.19372944449]
    ],
    [
      [0.0018404171219, 0.034735310938, 0.49760794487, 0.45604846421, 0.0097678628579],
      [0.0013817341422, 0.061900883206, 0.18411939963, 0.72386237572, 0.028735607301],
      [0.0018342855779, 0.056293946612, 0.73066578219, 0.20051836411, 0.010687621513],
      [0.011558170307, 0.037029574781, 0.42433412625, 0.46307542977, 0.064002698898],
      [0.028548193888, 0.0464654728, 0.1334654466, 0.74596192182, 0.045558964894],
      [0.12071613298, 0.25860059022, 0.21096849575, 0.25175895816, 0.15795582289]
    ],
    [
      [0.011809156325, 0.014931329984, 0.40149215517, 0.53522215799, 0.036545200532],
      [0.019251805384, 0.022294405973, 0.1452123501, 0.7226285731, 0.090612865434],
      [0.018606768562, 0.028566843024, 0.72047708855, 0.19380229562, 0.038547004243],
      [0.036570573534, 0.020262882721, 0.38475411131, 0.31652996905, 0.24188246339],
      [0.074548021851, 0.018665116554, 0.097399330576, 0.68055022165, 0.12883730936],
      [0.26306758432, 0.075140569478, 0.11022434238, 0.20399637188, 0.34757113195]
    ],
    [
      [0.010206388912, 0.063383519601, 0.31941591176, 0.59361185621, 0.01338232352],
      [0.013802244245, 0.098663198962, 0.10016062557, 0.74976884156, 0.037605089665],
      [0.017385544977, 0.11463732623, 0.56255610362, 0.28853504525, 0.016885979928],
      [0.041922720797, 0.10189210973, 0.37110182253, 0.36237821242, 0.12270513453],
      [0.057008611989, 0.065856215382, 0.072519019787, 0.76052928754, 0.044086865299],
      [0.22892986722, 0.31153187091, 0.08811218856, 0.23964493001, 0.1317811433]
    ],
    [
      ["NaN", "NaN", "NaN", "NaN", "NaN"],
      [0.016529366488, 0.066652711298, 0.21541144595, 0.68381304771, 0.017593428552],
      [0.014178592958, 0.044022688013, 0.74212751088, 0.19372597937, 0.0059452287821],
      [0.028156089293, 0.031903051931, 0.4485906048, 0.45177580998, 0.039574443996],
      [0.089770648279, 0.046794764912, 0.14852959473, 0.68199518978, 0.032909802299],
      [0.32946279328, 0.19509493789, 0.18471180487, 0.20224272232, 0.088487741642]
    ],
    [
      [0.024229422995, 0.02273287624, 0.41969948126, 0.50269317973, 0.030645039776],
      [0.023662706844, 0.035724081212, 0.14086425895, 0.71714990766, 0.082599045331],
      [0.035394589351, 0.034253762312, 0.59901070236, 0.29610402385, 0.03523692213],
      [0.08046431702, 0.035364646977, 0.36418038923, 0.28607472201, 0.23391592476],
      [0.1246195482, 0.021190534202, 0.097081115948, 0.66275151874, 0.094357282913],
      [0.42258685101, 0.082382913605, 0.090678770376, 0.1701891649, 0.23416230011]
    ],
    [
      [0.02609847283, 0.046806659759, 0.42367727725, 0.48651006951, 0.016907520658],
      [0.022986029012, 0.086237019485, 0.14650613127, 0.69255834774, 0.0517124725],
      [0.040665306385, 0.074868576844, 0.64303777949, 0.22278251561, 0.018645821668],
      [0.077753466373, 0.050898996763, 0.34693821543, 0.42178844229, 0.10262087915],
      [0.16987389052, 0.051913643337, 0.094146798449, 0.62391030362, 0.060155364078],
      [0.51486734317, 0.18001717518, 0.084700712492, 0.088076966079, 0.13233780308]
    ],
    [
      [0.013277984776, 0.021253049752, 0.27297025475, 0.65668812307, 0.035810587645],
      [0.015209842513, 0.027158504462, 0.052618597109, 0.82567238993, 0.07934066599],
      [0.018704835939, 0.040168041365, 0.50357418321, 0.39371218829, 0.043840751197],
      [0.023928495142, 0.018406150933, 0.18339288805, 0.59847166656, 0.17580079932],
      [0.051783982248, 0.019072733932, 0.045452923589, 0.78545354656, 0.09823681367],
      [0.23832697098, 0.098538411594, 0.06535212741, 0.26220572825, 0.33557676177]
    ],
    [
      [0.013580291411, 0.019315776965, 0.42338314076, 0.52467522821, 0.019045562653],
      [0.015887089921, 0.029746541938, 0.14761414957, 0.74937382381, 0.05737839476],
      [0.022413674454, 0.036196399553, 0.7429488637, 0.17588903307, 0.022552029227],
      [0.036869802578, 0.018366754888, 0.33671301456, 0.50041358301, 0.10763684496],
      [0.082763990279, 0.021630679264, 0.098838756716, 0.72926956467, 0.067497009066],
      [0.34933167719, 0.10961378618, 0.1284870235, 0.19828895902, 0.21427855411]
    ],
    [
      [0.015223289162, 0.019949690281, 0.55656101396, 0.38682870646, 0.02143730014],
      [0.017870611036, 0.03118502219, 0.20067193885, 0.68204929889, 0.068223129037],
      [0.020684944624, 0.027697608024, 0.74800381067, 0.1820329186, 0.021580718084],
      [0.039552701512, 0.017896657734, 0.41968254699, 0.40372482379, 0.11914326997],
      [0.098244282123, 0.02289538087, 0.1368661077, 0.66011623914, 0.081877990175],
      [0.35576588855, 0.10160411506, 0.15583692046, 0.15953507884, 0.22725799708]
    ],
    [
      ["NaN", "NaN", "NaN", "NaN", "NaN"],
      [0, 0, 0.1562542579, 0.8437457421, 0],
      [0, 0, 0.70881327427, 0.29118672573, 0],
      [0, 0, 0.49384977402, 0.50615022598, 0],
      [0, 0, 0.12636113911, 0.87363886089, 0],
      [0, 0, 0.42049173999, 0.57950826001, 0]
    ],
    [
      [0.017118014376, 0.023859069491, 0.55916035037, 0.37223146343, 0.027631102325],
      [0.020507388938, 0.04491983604, 0.21531597022, 0.63025932642, 0.088997478379],
      [0.023059786054, 0.034485042144, 0.75580507504, 0.15896232231, 0.027687774454],
      [0.044421639038, 0.023606003733, 0.42760765988, 0.34470268614, 0.15966201121],
      [0.12243104852, 0.031644051894, 0.13610428098, 0.59097297914, 0.11884763947],
      [0.35227934158, 0.11103006283, 0.14282739242, 0.12537106879, 0.26849213437]
    ],
    [
      [0, 0, 0.79867935082, 0.18672438568, 0.014596263507],
      [0, 0, 0.39831533796, 0.52681320359, 0.074871458443],
      [0, 0, 0.91920137011, 0.060682626095, 0.020116003795],
      [0, 0, 0.74305787258, 0.19927421936, 0.057667908066],
      [0, 0, 0.41930166652, 0.51665757902, 0.06404075446],
      [0, 0, 0.5739482639, 0.16692088641, 0.25913084969]
    ],
    [
      [0.013632348176, 0.021512242723, 0.49278005349, 0.43670900442, 0.035366351193],
      [0.015278511427, 0.036416555968, 0.17838496324, 0.69482498583, 0.075094983539],
      [0.013231677837, 0.030234661539, 0.77836464638, 0.15335792319, 0.024811091055],
      ["NaN", "NaN", "NaN", "NaN", "NaN"],
      ["NaN", "NaN", "NaN", "NaN", "NaN"],
      [0.23653414306, 0.11576376417, 0.16307234957, 0.1950611803, 0.28956856289]
    ],
    [
      ["NaN", "NaN", "NaN", "NaN", "NaN"],
      [0.017338628, 0.077200672458, 0.14572155748, 0.73470668201, 0.025032460052],
      ["NaN", "NaN", "NaN", "NaN", "NaN"],
      [0.041228163104, 0.10742970271, 0.50402318198, 0.23761170449, 0.10970724771],
      ["NaN", "NaN", "NaN", "NaN", "NaN"],
      [0.21478747986, 0.2403579307, 0.1269900466, 0.32259322665, 0.095271316196]
    ],
    [
      [0, 0.048517979149, 0.39716763513, 0.5388184407, 0.01549594502],
      [0, 0.07442843788, 0.11515337643, 0.76946560857, 0.04095257712],
      [0, 0.085314862867, 0.59010586211, 0.30869265316, 0.015886621864],
      [0, 0.05207605865, 0.29056002167, 0.58674512632, 0.070618793358],
      [0, 0.059954500957, 0.084113731869, 0.81275166493, 0.043180102245],
      [0, 0.42020466546, 0.13661647052, 0.24522009221, 0.19795877181]
    ],
    [
      [0.10659988316, 0, 0.60158552558, 0.29181459125, 0],
      [0.065892189633, 0, 0.41234387497, 0.52176393539, 0],
      [0.19222345642, 0, 0.6349333271, 0.17284321648, 0],
      [0.46279239799, 0, 0.33720787178, 0.19999973023, 0],
      ["NaN", "NaN", "NaN", "NaN", "NaN"],
      ["NaN", "NaN", "NaN", "NaN", "NaN"]
    ],
    [
      [0.0043765054455, 0.043539737337, 0.52709247532, 0.41256364591, 0.012427635988],
      [0.0027412418498, 0.068667132786, 0.1757550272, 0.72268719132, 0.030149406843],
      [0.0058704388758, 0.056026271606, 0.6771070479, 0.25022036355, 0.010775878073],
      [0.012822062943, 0.041364152488, 0.40778521318, 0.47114987126, 0.066878700126],
      [0.028065634883, 0.044980496006, 0.13437461114, 0.75196283406, 0.040616423911],
      [0.15264845761, 0.2885462772, 0.18651994848, 0.20232238171, 0.169962935]
    ],
    [
      [0, 0.02635452184, 0.50979586223, 0.45682117581, 0.0070284401227],
      [0, 0.050375463053, 0.18416416734, 0.74334206861, 0.022118301002],
      [0, 0.047945686692, 0.83016106623, 0.11359121587, 0.0083020312033],
      [0, 0.036299056504, 0.4533852333, 0.46205402327, 0.048261686929],
      [0, 0.039211306907, 0.13689368976, 0.79626133665, 0.027633666685],
      [0, 0.30122816561, 0.24474996512, 0.31010276956, 0.14391909971]
    ],
    [
      [0.002132105937, 0.026048953338, 0.52790874132, 0.43073933181, 0.013170867592],
      [0.0013465557982, 0.04321437225, 0.18808600169, 0.73011180016, 0.037241270107],
      [0.0055888685584, 0.042760008067, 0.79260324825, 0.14542134701, 0.013626528109],
      [0.010903940919, 0.032760834008, 0.450115319, 0.42115762823, 0.085062277834],
      [0.024134443615, 0.031154869065, 0.14025247249, 0.75637200583, 0.048086208996],
      [0.11753240099, 0.20426765248, 0.21719473103, 0.26834711082, 0.19265810469]
    ],
    [
      [0, 0, 0, 0.98001030474, 0.019989695257],
      [0, 0, 0, 0.95225650152, 0.047743498478],
      [0, 0, 0, 0.89870106466, 0.10129893534],
      ["NaN", "NaN", "NaN", "NaN", "NaN"],
      [0, 0, 0, 0.97105969978, 0.028940300216],
      [0, 0, 0, 0.75476448458, 0.24523551542]
    ],
    [
      [0, 0.018954173236, 0.51412798245, 0.45203072868, 0.014887115641],
      [0, 0.032150053009, 0.19750208065, 0.71864961828, 0.051698248061],
      [0, 0.031038548983, 0.76556187809, 0.18771276837, 0.015686804564],
      [0, 0.024922093482, 0.44614595886, 0.43721127962, 0.091720668038],
      [0, 0.033400539997, 0.14581677103, 0.75962005504, 0.061162633938],
      [0, 0.21187917564, 0.24471466325, 0.28461072664, 0.25879543446]
    ],
    [
      [0, 0.033190686674, 0.88401175195, 0.082797561376, 0],
      [0, 0.13310483707, 0.50446043042, 0.36243473252, 0],
      ["NaN", "NaN", "NaN", "NaN", "NaN"],
      ["NaN", "NaN", "NaN", "NaN", "NaN"],
      ["NaN", "NaN", "NaN", "NaN", "NaN"],
      [0, 0.30128512799, 0.59368609597, 0.10502877605, 0]
    ],
    [
      [0, 0.13250325109, 0.52939140162, 0.33810534729, 0],
      [0, 0.19980584823, 0.13273337636, 0.66746077541, 0],
      [0, 0.13557595314, 0.54301706767, 0.32140697919, 0],
      ["NaN", "NaN", "NaN", "NaN", "NaN"],
      ["NaN", "NaN", "NaN", "NaN", "NaN"],
      ["NaN", "NaN", "NaN", "NaN", "NaN"]
    ],
    [
      [0.026124128696, 0.041556008267, 0.4676820951, 0.45483466807, 0.0098030998643],
      [0.0222820777, 0.072722569446, 0.15806542914, 0.72070245159, 0.02622747212],
      [0.038520483017, 0.062428783784, 0.67156921112, 0.21742170995, 0.010059812125],
      [0.073939019816, 0.040407524806, 0.36082032778, 0.46685308807, 0.057980039526],
      [0.18370358276, 0.047493814207, 0.088218745182, 0.64129920927, 0.039284648586],
      [0.54101761079, 0.15913687921, 0.096242038957, 0.12032456449, 0.083278906549]
    ],
    [
      [0, 0.037812248671, 0.51388910387, 0.43318267017, 0.015115977293],
      [0, 0.066313806554, 0.17043786435, 0.71956575782, 0.043682571273],
      [0, 0.060687729775, 0.7355841901, 0.18936829925, 0.014359780877],
      [0, 0.040547349556, 0.38819369895, 0.49853188944, 0.072727062054],
      [0, 0.053862894314, 0.1251844786, 0.76823783295, 0.052714794142],
      [0, 0.32087161147, 0.19639217764, 0.2804237852, 0.20231242569]
    ],
    [
      [0, 0.061371041946, 0.5909804324, 0.3010566275, 0.046591898158],
      [0, 0.10497813859, 0.17892379391, 0.61776026507, 0.09833780243],
      ["NaN", "NaN", "NaN", "NaN", "NaN"],
      [0, 0.037432807417, 0.38664878392, 0.45580462441, 0.12011378425],
      ["NaN", "NaN", "NaN", "NaN", "NaN"],
      ["NaN", "NaN", "NaN", "NaN", "NaN"]
    ],
    [
      [0.0056310952623, 0.031059063021, 0.43710400698, 0.51141040052, 0.014795434219],
      [0.0035384845625, 0.045463322361, 0.13440079093, 0.78745101635, 0.029146385796],
      [0.0080868085232, 0.046413643854, 0.64615153434, 0.28668517518, 0.012662838102],
      ["NaN", "NaN", "NaN", "NaN", "NaN"],
      [0.031132945499, 0.030910758907, 0.096148067884, 0.80224031081, 0.039567916895],
      [0.16884684003, 0.19909333877, 0.16322830337, 0.30342614819, 0.16540536964]
    ],
    [
      [0, 0.026768051583, 0.59749486386, 0.35514316169, 0.020593922868],
      [0, 0.030163709345, 0.18018365228, 0.75834420159, 0.031308436784],
      ["NaN", "NaN", "NaN", "NaN", "NaN"],
      ["NaN", "NaN", "NaN", "NaN", "NaN"],
      [0, 0.028367195935, 0.1327609938, 0.79704862673, 0.041823183532],
      ["NaN", "NaN", "NaN", "NaN", "NaN"]
    ],
    [
      [0, 0.061042386118, 0.42077136885, 0.51818624503, 0],
