{
  "X": [
    [25, 307, 505, 36],
    [33, 387, 556, 63],
    [16, 251, 341, 20],
    [19, 111, 239, 12],
    [7, 139, 187, 15],
    [12, 82, 258, 10],
    [2, 10, 52, 2],
    [13, 72, 282, 17],
    [27, 209, 492, 25],
    [23, 243, 319, 43],
    [7, 155, 140, 19],
    [18, 164, 274, 13],
    [45, 353, 451, 38],
    [14, 174, 184, 19],
    [41, 479, 704, 54],
    [10, 191, 247, 15],
    [18, 204, 335, 26],
    [21, 224, 325, 25],
    [27, 192, 330, 20],
    [12, 186, 93, 31],
    [26, 264, 511, 19],
    [37, 415, 481, 42],
    [20, 175, 141, 17],
    [17, 272, 180, 28],
    [29, 274, 280, 39],
    [31, 364, 443, 42],
    [24, 384, 346, 29],
    [15, 295, 317, 34],
    [24, 243, 268, 26],
    [23, 185, 167, 24],
    [22, 295, 314, 25],
    [5, 115, 91, 11],
    [4, 99, 101, 12],
    [49, 483, 499, 54],
    [15, 338, 446, 36],
    [62, 740, 812, 75],
    [33, 353, 410, 36],
    [12, 131, 282, 19],
    [65, 296, 566, 38],
    [31, 138, 239, 18],
    [12, 101, 209, 14],
    [10, 249, 166, 44],
    [2, 45, 22, 5],
    [34, 421, 376, 88],
    [18, 324, 345, 57],
    [114, 1288, 2243, 139],
    [16, 190, 186, 22],
    [112, 690, 766, 104],
    [25, 74, 123, 8]
  ],
  "W": [
    [41, 212, 512, 61, 47],
    [62, 255, 587, 77, 58],
    [34, 162, 348, 38, 46],
    [33, 58, 231, 29, 30],
    [31, 70, 197, 24, 26],
    [28, 34, 249, 26, 25],
    [4, 6, 50, 0, 6],
    [25, 42, 261, 12, 44],
    [77, 121, 471, 32, 52],
    [74, 139, 323, 46, 46],
    [31, 99, 140, 31, 20],
    [45, 86, 283, 30, 25],
    [119, 208, 478, 40, 42],
    [41, 118, 189, 29, 14],
    [130, 289, 712, 80, 67],
    [40, 113, 262, 19, 29],
    [59, 98, 341, 38, 47],
    [56, 157, 324, 28, 30],
    [67, 115, 330, 37, 20],
    [23, 152, 100, 24, 23],
    [57, 154, 530, 42, 37],
    [58, 307, 505, 60, 45],
    [36, 109, 155, 30, 23],
    [39, 209, 186, 42, 21],
    [62, 197, 307, 22, 34],
    [77, 252, 454, 50, 47],
    [59, 253, 348, 68, 55],
    [36, 229, 312, 48, 36],
    [66, 146, 275, 38, 36],
    [56, 109, 169, 37, 28],
    [85, 168, 330, 39, 34],
    [20, 83, 96, 14, 9],
    [22, 70, 98, 10, 16],
    [118, 328, 535, 61, 43],
    [72, 211, 463, 50, 39],
    [138, 498, 845, 115, 93],
    [112, 197, 435, 36, 52],
    [40, 78, 292, 10, 24],
    [176, 127, 589, 26, 47],
    [71, 71, 229, 32, 23],
    [33, 56, 204, 15, 28],
    [28, 186, 167, 64, 24],
    [6, 25, 19, 17, 7],
    [57, 322, 384, 96, 60],
    [37, 254, 325, 93, 35],
    [312, 858, 2262, 176, 176],
    [39, 133, 187, 41, 14],
    [240, 459, 787, 84, 102],
    [51, 42, 124, 6, 7]
  ],
  "method": "mvn_cdf",
  "mvncdf_method": "genz",
  "mvncdf_samples": 5000,
  "mvncdf_error": 1e-06,
  "cond_prob": [
    [
      [0.3803109141, 0.44930963952, 0.11643412296, 0.053945323422],
      [0.0084257990715, 0.97378298655, 0.017637064711, 0.00015414967154],
      [0.0021907287989, 0.078918879397, 0.91807628851, 0.0008141032928],
      [0.073011631341, 0.47058427997, 0.10877022465, 0.34763386405],
      [0.043523839614, 0.27711072985, 0.42121488976, 0.25815054078]
    ],
    [
      [0.36014252863, 0.46554619808, 0.090079437045, 0.084231836241],
      [0.007798334736, 0.97872102179, 0.013247057066, 0.00023358641211],
      [0.0032146888856, 0.10411606297, 0.89219288517, 0.00047636297467],
      [0.058711859045, 0.41168226313, 0.071066366788, 0.45853951103],
      [0.039219868014, 0.27149330931, 0.30771968126, 0.38156714142]
    ],
    [
      [0.29896619397, 0.55071074527, 0.10930957068, 0.041013490073],
      [0.005440486242, 0.98086537798, 0.013694135781, 0],
      [0.0020150426893, 0.10063560398, 0.89734935333, 0],
      [0.057359052918, 0.57649704929, 0.10207360377, 0.26407029402],
      [0.045063299282, 0.35755576895, 0.41105766732, 0.18632326445]
    ],
    [
      [0.41918039362, 0.43679189419, 0.14402771218, 0],
      [0.0096431822197, 0.970468132, 0.019888685784, 0],
      [0.0014505204393, 0.071108712912, 0.92744076665, 0],
      [0.093867958722, 0.52432469579, 0.13760757727, 0.24419976822],
      [0.051683380577, 0.28890623251, 0.49547016286, 0.16394022405]
    ],
    [
      [0.1842481338, 0.66385416212, 0.098694129601, 0.053203574476],
      [0, 0.98682185681, 0.010824267455, 0.0023538757311],
      [0, 0.1249345962, 0.87438462404, 0.00068077976504],
      [0.031189169314, 0.60231273542, 0.079927776544, 0.28657031872],
      [0.020760299563, 0.39520653447, 0.34656714185, 0.23746602412]
    ],
    [
      [0.31144973472, 0.48909020586, 0.19946005942, 0],
      [0.0062267482634, 0.97042744365, 0.023345808091, 0],
      [0.002620892684, 0.059076229617, 0.9383028777, 0],
      [0.063144019015, 0.53405890032, 0.1645730921, 0.23822398857],
      [0.030934048563, 0.26861714277, 0.54820175678, 0.15224705189]
    ],
    [
      [0.38456032077, 0.39081742031, 0.16905401087, 0.05556824806],
      [0.007104483374, 0.96496260859, 0.027767416866, 0.00016549117066],
      [0.0049787953284, 0.029200668069, 0.95974135926, 0.0060791773432],
      [0.055452738146, 0.38450206327, 0.15000188272, 0.41004331586],
      [0.028365341712, 0.19782021063, 0.5283519154, 0.24546253226]
    ],
    [
      [0.37674987913, 0.38988590733, 0.17500780466, 0.05835640888],
      [0.0092617064133, 0.96056420961, 0.0299858092, 0.00018827477296],
      [0.0030909894941, 0.031828482188, 0.96213618351, 0.0029443448097],
      [0.069493072773, 0.39903031657, 0.1598641704, 0.37161244026],
      [0.035263550481, 0.20030813325, 0.53021561265, 0.23421270362]
    ],
    [
      [0.28692130858, 0.48772045966, 0.17310649856, 0.052251733206],
      [0.0058927409498, 0.96991972623, 0.024050504485, 0.0001370283356],
      [0.0023417035454, 0.054824472914, 0.94263039392, 0.00020342962509],
      [0.052138501104, 0.47956246376, 0.1518450283, 0.31645400684],
      [0.0273589073, 0.24840215672, 0.51774484863, 0.20649408735]
    ],
    [
      [0.25669637538, 0.54661016818, 0.10969386704, 0.086999589401],
      [0.0047655020167, 0.98127124042, 0.013757481254, 0.00020577630783],
      [0.0012664489869, 0.10087594414, 0.89736894611, 0.00048866075751],
      [0.038639431424, 0.44461426252, 0.079630785217, 0.43711552084],
      [0.025121447249, 0.28519476308, 0.33602561371, 0.35365817596]
    ],
    [
      [0.18351457802, 0.62597792265, 0.11599509322, 0.074512406113],
      [0, 0.98486035932, 0.014051861111, 0.0010877795707],
      [0, 0.10669046062, 0.89253731123, 0.00077222814887],
      [0.029937109129, 0.530982961, 0.087827119214, 0.35125281066],
      [0.019149884924, 0.33481862735, 0.36675767964, 0.27927380809]
    ],
    [
      [0.3125777499, 0.55643603826, 0.11281571917, 0.018170492665],
      [0.0056973410218, 0.98060152082, 0.013701138162, 0],
      [0.0025243262193, 0.099463525048, 0.89801214873, 0],
      [0.060224201848, 0.58679272056, 0.10479328176, 0.24818979583],
      [0.036916782038, 0.35506753131, 0.41855032845, 0.1894653582]
    ],
    [
      [0.32285473823, 0.51996502927, 0.089239052916, 0.067941179584],
      [0.0063167083288, 0.9817286764, 0.0117854191, 0.00016919617504],
      [0.0031132094905, 0.11351333476, 0.88183285764, 0.0015405981013],
      [0.055467409172, 0.48217475738, 0.073835282699, 0.38852255075],
      [0.03713334083, 0.31852934558, 0.3204682921, 0.32386902149]
    ],
    [
      [0.27477235693, 0.54166567775, 0.11180929245, 0.071752672872],
      [0.0050836125597, 0.980643925, 0.014102083292, 0.00017037914693],
      [0.0024154784639, 0.095862984936, 0.90015608689, 0.0015654497113],
      [0.044266807964, 0.4752161498, 0.087529917928, 0.39298712431],
      [0.028157444521, 0.29831082607, 0.36313608137, 0.31039564804]
    ],
    [
      [0.25832294495, 0.55257252319, 0.12730996208, 0.061794569784],
      [0.0047618489935, 0.97930235824, 0.015791057714, 0.00014473505733],
      [0.0010494249829, 0.089089021006, 0.90899555488, 0.00086599912932],
      [0.043878998536, 0.50544112193, 0.10387767094, 0.3468022086],
      [0.026631825778, 0.30269429471, 0.40852299251, 0.262150887]
    ],
    [
      [0.20695004715, 0.64122998339, 0.1003198266, 0.051500142858],
      [0.0032735742871, 0.9858566285, 0.010765637338, 0.00010415987439],
      [5.7052468453e-05, 0.12077332824, 0.87776037734, 0.0014092419568],
      [0.035075804276, 0.58920286144, 0.082277169905, 0.29344416438],
      [0.023127454884, 0.38315638893, 0.35290361467, 0.24081254152]
    ],
    [
      [0.24226762728, 0.5916966689, 0.11350179414, 0.052533909672],
      [0.0041536001715, 0.98256358347, 0.013167772532, 0.00011504382692],
      [0.0013215543563, 0.10372884978, 0.89467055342, 0.00027904244176],
      [0.042183906347, 0.55753921229, 0.0954256028, 0.30485127857],
      [0.026500397808, 0.345545479, 0.38944937902, 0.23850474417]
    ],
    [
      [0.30286061726, 0.48931745807, 0.13434861025, 0.073473314418],
      [0.0061955670214, 0.9749312887, 0.018680719128, 0.00019242515091],
      [0.0024296704519, 0.07292875301, 0.92327635733, 0.001365219206],
      [0.049734757244, 0.43638344644, 0.10692071022, 0.40696108609],
      [0.029577166056, 0.25621191821, 0.41360950871, 0.30060140702]
    ],
    [
      [0.33288354114, 0.48163851076, 0.13458636036, 0.05089158775],
      [0.0069176027937, 0.97395081443, 0.018996074464, 0.0001355083142],
      [0.0026159389429, 0.072524710406, 0.9245784707, 0.00028087995142],
      [0.062718983208, 0.49267854966, 0.12279141954, 0.3218110476],
      [0.035870809638, 0.27818076744, 0.45719937195, 0.22874905098]
    ],
    [
      [0.34639285626, 0.43871186804, 0.061030344467, 0.15386493123],
      [0.0077477206816, 0.98605669595, 0.0061955833698, 0],
      [0.003848467918, 0.13774474336, 0.85840678872, 0],
      [0.073872811833, 0.30939372539, 0.035649758777, 0.581083704],
      [0.030326803762, 0.20996023936, 0.17210001401, 0.58761294286]
    ],
    [
      [0.33732475682, 0.52674965801, 0.11714803196, 0.018777553209],
      [0.0066902504322, 0.97786516864, 0.015444580925, 0],
      [0.0026444934255, 0.08981214411, 0.90754336246, 0],
      [0.067765252788, 0.56107893909, 0.11305576525, 0.25810004287],
      [0.040391031409, 0.33022382979, 0.43777763431, 0.1916075045]
    ],
    [
      [0.44147182866, 0.41640644194, 0.083237135354, 0.058884594048],
      [0.010598362787, 0.97558338095, 0.013636372661, 0.00018188360436],
      [0.0007483894847, 0.10224076321, 0.89507614623, 0.0019347010722],
      [0.086751369389, 0.44560769545, 0.079462284382, 0.38817865078],
      [0.056842615755, 0.28836180593, 0.33788197408, 0.31691360424]
    ],
    [
      [0.40833305456, 0.49391419932, 0.055913714074, 0.041839032044],
      [0.0082023509912, 0.98391992068, 0.007768192369, 0.0001095359648],
      [0.0029743442549, 0.15360815467, 0.84034313259, 0.0030743684935],
      [0.084539538894, 0.56322901696, 0.056905936455, 0.29532550769],
      [0.061249750063, 0.40285578212, 0.26869607307, 0.26719839474]
    ],
    [
      [0.31212277475, 0.52124921935, 0.090912724745, 0.07571528115],
      [0.007302189689, 0.98114537911, 0.011218381576, 0.00033404962558],
      [0.0024736731731, 0.1119453644, 0.88446512673, 0.0011158356959],
      [0.050658539964, 0.461382641, 0.071816331233, 0.41614248781],
      [0.033966297665, 0.30533273861, 0.31347440486, 0.34722655886]
    ],
    [
      [0.37055899613, 0.44865721122, 0.069025051274, 0.11175874137],
      [0.0086950105824, 0.98085963954, 0.010445349878, 0],
      [0.0066798353112, 0.12653637619, 0.8667837885, 0],
      [0.048316312253, 0.30340802311, 0.041341092583, 0.60693457205],
      [0.035257554271, 0.21859587992, 0.19560546435, 0.55054110146]
    ],
    [
      [0.31270690873, 0.50446970359, 0.10857065815, 0.074252729525],
      [0.0062665285409, 0.97881574135, 0.014727778862, 0.00018995125136],
      [0.0026594938838, 0.093775112719, 0.90254189286, 0.0010235005383],
      [0.051732949854, 0.45160108158, 0.08671925957, 0.40994670899],
      [0.032943513181, 0.28383639895, 0.35826971729, 0.32495037058]
    ],
    [
      [0.27408941487, 0.58373088328, 0.10231021768, 0.039869484177],
      [0.0047676328107, 0.98309740803, 0.012134959162, 0],
      [0.0019700306138, 0.11244838128, 0.8855815881, 0],
      [0.060436865464, 0.60174505443, 0.10768410255, 0.23013397756],
      [0.03322247121, 0.37791878668, 0.38888437921, 0.1999743629]
    ],
    [
      [0.27849569635, 0.50645471978, 0.13782087677, 0.077228707101],
      [0.0054990701102, 0.97577180474, 0.018533306218, 0.00019581893086],
      [0.0020712127576, 0.073951940812, 0.92273821029, 0.00123863614],
      [0.044193328534, 0.43725889166, 0.10617173388, 0.41237604593],
      [0.026315825729, 0.2570681797, 0.41121545766, 0.30540053692]
    ],
    [
      [0.29077809832, 0.55580593656, 0.098160138941, 0.055255826177],
      [0.0052967021198, 0.98245642163, 0.012118163342, 0.00012871290397],
      [0.003128259823, 0.10967125835, 0.88619569604, 0.0010047857886],
      [0.051699112515, 0.53547826459, 0.084384792392, 0.32843783051],
      [0.033624702061, 0.34362223689, 0.35671501279, 0.26603804826]
    ],
    [
      [0.32753298976, 0.52889390242, 0.08761396245, 0.055959145377],
      [0.0062342088829, 0.98228080478, 0.011348221705, 0.00013676463494],
      [0.003977994185, 0.11480803889, 0.87949943237, 0.001714534558],
      [0.059425241913, 0.52195896035, 0.077164096016, 0.34145170172],
      [0.039557458477, 0.34279620139, 0.33450665407, 0.28313968607]
    ],
    [
      [0.2232427644, 0.62753013587, 0.09682898849, 0.052398111244],
      [0.003636242272, 0.98562412695, 0.010631051868, 0.00010857890922],
      [0.00014941421611, 0.12245822837, 0.87609293477, 0.0012994226461],
      [0.038390614258, 0.58205136201, 0.080131166294, 0.29942685744],
      [0.025498108146, 0.38129019539, 0.34552162663, 0.24769006983]
    ],
    [
      [0.20739390067, 0.61131940249, 0.097787877447, 0.083498819393],
      [0.0030504554862, 0.98551404738, 0.010932672828, 0.00050282431029],
      [0, 0.11825178626, 0.87944150021, 0.0023067135333],
      [0.029792754535, 0.48079069881, 0.068728286722, 0.42068825994],
      [0.020203957533, 0.32141163932, 0.30536117469, 0.35302322845]
    ],
    [
      [0.15996180647, 0.60027090819, 0.14107891093, 0.098688374412],
      [0, 0.98360960206, 0.016193021929, 0.00019737600929],
      [0, 0.083768731224, 0.91534907114, 0.00088219763201],
      [0.024201348169, 0.44267052321, 0.094464665267, 0.43866346335],
      [0.014926673504, 0.26908293647, 0.38211854998, 0.33387184005]
    ],
    [
      [0.33786457231, 0.49702222394, 0.082217685564, 0.082895518187],
      [0.0069150475421, 0.98150833728, 0.011360640283, 0.00021597489813],
      [0.0035681179019, 0.11820734544, 0.87735084506, 0.00087369159203],
      [0.054721081621, 0.43451449774, 0.064128756576, 0.44663566406],
      [0.037602693434, 0.29465880867, 0.28552248446, 0.38221601344]
    ],
    [
      [0.17798183238, 0.61646575659, 0.12536878168, 0.080183629349],
      [0, 0.98570022249, 0.014148038454, 0.00015173905414],
      [0, 0.1027472513, 0.89643689563, 0.0008158530743],
      [0.029242708872, 0.51158919442, 0.09000369387, 0.36916440284],
      [0.01854288783, 0.32000721812, 0.37019857017, 0.29125132388]
    ],
    [
      [0.33138951521, 0.51644172861, 0.094609153939, 0.057559602237],
      [0.006541557683, 0.98073335922, 0.012580535657, 0.00014454743848],
      [0.0028045449589, 0.10812552121, 0.88813828887, 0.00093164495649],
      [0.060589664447, 0.50886575782, 0.083154300074, 0.34739027766],
      [0.039493540574, 0.32731398908, 0.35095947736, 0.28223299299]
    ],
    [
      [0.25274493673, 0.59502268153, 0.089237470975, 0.062994910761],
      [0.0043446175227, 0.98518247318, 0.010335266615, 0.00013764268475],
      [0.0018906328125, 0.12478894197, 0.87115350959, 0.0021669156341],
      [0.042262294823, 0.53628588871, 0.071768372003, 0.34968344446],
      [0.028707875909, 0.35936597505, 0.31603687819, 0.29588927085]
    ],
    [
      [0.2551324193, 0.5120362983, 0.12585492028, 0.10697636211],
      [0.0049785939213, 0.9784379563, 0.016583449782, 0],
      [0.001823559448, 0.084688401681, 0.91348803887, 0],
      [0.034469912751, 0.37646823799, 0.08131467753, 0.50774717173],
      [0.022049767319, 0.23777882525, 0.33835999916, 0.40181140826]
    ],
    [
      [0.33708866132, 0.49470671562, 0.099880967562, 0.068323655502],
      [0.0069306423152, 0.97906077586, 0.01383017746, 0.00017840436924],
      [0.0025276128293, 0.099590019125, 0.89655055968, 0.0013318083673],
      [0.058608893908, 0.46338713902, 0.083472137155, 0.39453182992],
      [0.037864017782, 0.29541090721, 0.34948855223, 0.31723652278]
    ],
    [
      [0.37426066921, 0.44629763932, 0.13501625951, 0.044425431955],
      [0.0083521217746, 0.97125856951, 0.020257854354, 0.000131454365],
      [0.0020469827998, 0.068175512548, 0.92977750465, 0],
      [0.074991622699, 0.48622160988, 0.12977447881, 0.30901228861],
      [0.042000037068, 0.26879240362, 0.47407417515, 0.21513338417]
    ],
    [
      [0.29013258521, 0.50977018052, 0.14287192449, 0.057225309779],
      [0.0056280493482, 0.97521126536, 0.019017199841, 0.00014348545175],
      [0.0026582481022, 0.071426210091, 0.92480850119, 0.0011070406203],
      [0.050589237381, 0.48689162293, 0.12181480542, 0.34070433427],
      [0.028904741113, 0.27469399929, 0.45471810633, 0.24168315327]
    ],
    [
      [0.23568769406, 0.55223197154, 0.10428463156, 0.10779570284],
      [0.0030461992739, 0.98385029462, 0.013103506107, 0],
      [0.0016495593571, 0.10568585276, 0.89266458788, 0],
      [0.031950780146, 0.41303106385, 0.068598937428, 0.48641921858],
      [0.021409381642, 0.26907602083, 0.29906083371, 0.41045376381]
    ],
    [
      [0.18139507927, 0.68177807986, 0.10016170063, 0.036665140238],
      [0.0025641360643, 0.9803299941, 0.017105869833, 0],
      [0.0011401876589, 0.11777855858, 0.88108125376, 0],
      [0.040222811077, 0.66033483623, 0.092109563871, 0.20733278882],
      [0.020296395561, 0.41965669133, 0.38071094903, 0.17933596408]
    ],
    [
      [0.3798504656, 0.41622626852, 0.085844812859, 0.11807845302],
      [0.009165803198, 0.97639111989, 0.014443076915, 0],
      [0.0032910136942, 0.098436205829, 0.89827278048, 0],
      [0.061507251752, 0.33321198234, 0.059370514026, 0.54591025188],
      [0.037144823405, 0.21815514579, 0.26366429752, 0.48103573329]
    ],
    [
      [0.28767861771, 0.46211605085, 0.16202528281, 0.088180048626],
      [0.0062042849204, 0.96981362505, 0.023738183936, 0.00024390609903],
      [0.0024991293246, 0.053298823386, 0.94252657346, 0.001675473832],
      [0.044036588686, 0.38421376927, 0.12015711063, 0.45159253141],
      [0.024925228473, 0.21471563469, 0.44228051868, 0.31807861816]
    ],
    [
      [0.29208003927, 0.50169211825, 0.13836438943, 0.067863453043],
      [0.0059282370735, 0.97505338433, 0.018843783028, 0.00017459557253],
      [0.0017276348347, 0.074037861116, 0.92328806899, 0.00094643506056],
      [0.049684385737, 0.45840133244, 0.11276365173, 0.37915063009],
      [0.029160445756, 0.26547715339, 0.42805869263, 0.27730370822]
    ],
    [
      [0.30779731692, 0.51135810781, 0.116767632, 0.064076943269],
      [0.0060048035652, 0.97827163975, 0.015562516089, 0.00016104059286],
      [0.0031053810285, 0.087031994993, 0.90855537029, 0.0013072536841],
      [0.052722044796, 0.47804384415, 0.097373178118, 0.37186093294],
      [0.032496834072, 0.29086607389, 0.3917209403, 0.28491615173]
    ],
    [
      [0.39938180809, 0.42666828836, 0.084874522528, 0.089075381018],
      [0.0095154240168, 0.9766123722, 0.013749792547, 0.00012241123459],
      [0.0021473558792, 0.10375267534, 0.89409996878, 0],
      [0.066059465261, 0.37986574674, 0.067415346506, 0.4866594415],
      [0.044527669371, 0.25267111503, 0.29411171841, 0.40868949719]
    ],
    [
      [0.46107257142, 0.3755016503, 0.097767932055, 0.065657846228],
      [0.012241669922, 0.97028453488, 0.017282690235, 0.00019110496096],
      [0, 0.079550425453, 0.9196458901, 0.00080368444973],
      [0.093923466128, 0.41146880109, 0.094316146326, 0.40029158646],
      [0.058229703477, 0.25205711526, 0.38371074648, 0.30600243479]
    ]
  ],
  "expected_outcome": [
    [
      [15.5927474782, 22.3288367752, 10.1648505951, 13.8329529895, 5.7116921478, 8.7205925723, 1.5382412831, 9.4187469783, 22.0929407603, 18.995531778, 5.6889519185, 14.0659987457, 38.4197138494, 11.265666634, 33.5819828431, 8.278001886, 14.2937900095, 16.9601945667, 22.3031972561, 7.9670356941, 19.2275111387, 25.6053660624, 14.6999899642, 12.1727882154, 22.9746577599, 24.0784319723, 16.1712754772, 10.0258450685, 19.1913544894, 18.3418474264, 18.975634974, 4.1478780134, 3.5191597423, 39.8680195321, 12.814691931, 45.7317530989, 28.3074329137, 10.2052967721, 59.3276043922, 26.5725075139, 9.5743753118, 6.5992554337, 1.0883704756, 21.6514765391, 10.6441088554, 91.1289722521, 12.0040953599, 95.8516339416, 23.5147011422],
      [18.4216952202, 28.8638642811, 18.7241653393, 14.4141325084, 20.5794790258, 13.694525764, 1.5632696812, 9.7471476832, 37.5544753938, 40.4491524452, 19.4053156022, 25.0396217218, 61.8758384832, 22.2082927877, 71.8344280142, 25.6491993356, 34.9101034653, 27.4017776522, 32.2697802207, 10.0903729649, 30.0247305067, 24.1515736323, 17.7809111756, 20.3287195548, 27.8167470959, 38.8441671766, 34.4401221135, 18.2323699122, 36.6831918128, 29.6180585353, 53.3400615486, 12.2263880498, 13.2059599802, 58.6486224254, 44.3855344747, 71.2689585489, 66.6425403319, 20.4814519322, 87.0683819485, 31.6871323921, 16.8224159572, 15.4624952031, 4.0906684792, 23.7248973056, 17.0982938816, 156.5279408953, 19.9429662045, 102.4003892074, 19.1505841654],
      [4.7737990413, 5.5849250968, 3.7165254031, 4.7529145021, 3.0595180176, 5.5848816638, 0.67621604347, 4.3751951166, 13.3292003891, 8.1173461611, 3.5958478898, 5.0767073626, 10.619447297, 4.5841809905, 16.5502950708, 4.0127930641, 6.6966058545, 7.5235221737, 9.0172861439, 1.4036979227, 6.6774378217, 4.8277538505, 2.0128937067, 3.5455962651, 4.279553179, 8.3599406777, 6.0363028429, 4.9615515637, 6.4785691701, 4.9063818972, 8.2304640217, 1.9557575489, 3.1037360405, 9.7016868965, 9.0265522812, 13.0560632436, 9.9945967491, 5.0341968113, 17.5790502909, 9.5861544252, 4.7147735083, 2.9199696838, 0.60097020375, 4.893154333, 5.9949354639, 43.1696895033, 4.5539376481, 20.3698854066, 4.9861645348],
      [2.2117582603, 5.2223738469, 1.3944586625, 0, 1.6493108088, 0, 0.22227299224, 1.458910222, 4.0233834569, 6.4379696157, 2.3098845895, 0.81767216992, 8.0850003704, 2.9418595878, 8.0332940719, 2.0600057143, 3.0995006706, 4.1145056074, 3.4097363793, 3.5388934183, 1.0703205329, 3.4153064548, 1.5062051536, 2.9528959648, 6.9290419652, 5.7174601734, 2.3522995664, 2.7802334556, 3.6468845277, 3.1337121411, 4.4538394558, 1.6699763879, 2.1711442371, 9.7816711461, 5.7732213131, 7.9432251087, 7.0554300053, 4.2790544844, 12.0249633684, 3.1542056688, 1.8884352227, 3.0182796794, 0.21999084143, 6.7304718223, 3.2626617992, 21.1733973493, 2.4990007875, 21.3780914443, 3.3485501576]
    ],
    [
      [1.7862694032, 1.9885753577, 0.8813587712, 0.55930456875, 0, 0.21170944095, 0.042626900244, 0.38899166936, 0.71302165492, 0.66240478032, 0, 0.48997132788, 1.3138753324, 0.59986628204, 1.3761743591, 0.36991389444, 0.40705281681, 0.97270402236, 0.79552432127, 1.1776535436, 1.0302985666, 3.2536973755, 0.89405625804, 1.526157645, 1.7129170847, 1.5791651923, 1.2062111011, 1.2592870552, 0.77331850949, 0.67952876823, 0.6108887017, 0.25318780535, 0, 2.2681355938, 0, 3.2576957261, 0.85588965197, 0.38833032586, 0.88019157403, 0.593000646, 0.3151707635, 0.56659306495, 0.064103401609, 2.9513886298, 1.5758883698, 5.0864274091, 0.79863887417, 4.3675796237, 0.51415013672],
      [206.4419931478, 249.5738605553, 158.9001912323, 56.2871516558, 69.0775299769, 32.9945330839, 5.7897756515, 40.3436968038, 117.3602868738, 136.3967024186, 97.5011755725, 84.3317307902, 204.1995646904, 115.7159831502, 283.0183815301, 111.4017990205, 96.29123118, 153.0642123259, 112.0043436593, 149.8806177842, 150.5912359709, 299.5040979509, 107.2472713536, 205.0593842338, 193.2293489892, 246.6615668192, 248.7236442309, 223.4517432857, 143.4386375586, 107.0686077207, 165.5848533277, 81.7976659322, 68.8526721443, 321.9347346269, 207.9827469458, 488.4052128922, 194.080947216, 76.3181605911, 124.3407185336, 68.959358435, 54.6118308601, 182.9961547992, 24.5082498526, 314.3979406037, 246.3326607614, 836.5958037516, 130.1101280871, 448.2650788405, 40.751950465],
      [3.7390577187, 3.3779995519, 2.2184499965, 1.1535437754, 0.75769872188, 0.79375747511, 0.16660450119, 1.2594039864, 2.9101110427, 1.9122898943, 1.39113425, 1.178297882, 2.4513671728, 1.6640458284, 4.5636156793, 1.2165170192, 1.2904417082, 2.932872903, 2.1845485633, 0.94172867221, 2.3784654625, 4.186366407, 0.84673296822, 2.3446417494, 2.057733926, 3.7114002731, 3.070144668, 4.2441271239, 1.7692518479, 1.2369561658, 1.7860167139, 0.9074118447, 1.1335115351, 3.7262900127, 2.9852361138, 6.2651067573, 2.0360475231, 1.293509083, 1.7564325374, 1.4383076591, 1.0649631911, 2.4372521359, 0.42764674584, 4.6506707666, 6.0294987196, 16.1679658381, 2.0698146399, 6.3111547791, 0.72587298989],
      [0.032679730366, 0.059564535088, 0, 0, 0.16477130118, 0, 0.00099294702393, 0.0079075404644, 0.016580428608, 0.028602906788, 0.1076901775, 0, 0.035192804408, 0.020104739337, 0.041828431569, 0.011770065806, 0.011274295038, 0.030210748693, 0.015583456132, 0, 0, 0.055838266538, 0.011939420163, 0.069816371745, 0, 0.047867715344, 0, 0.044842535168, 0.018792083979, 0.014907345208, 0.018241256748, 0.041734417754, 0.013816320651, 0.070839766586, 0.032016940423, 0.071984624365, 0.027115608896, 0, 0.022657354894, 0.0093332599152, 0.008035185298, 0, 0, 0, 0.061952149154, 0.14980300123, 0.02141839885, 0.056186756676, 0.0080264083602]
    ],
    [
      [1.121653145, 1.8870223758, 0.70123485589, 0.33507022147, 0, 0.65260227832, 0.24893976642, 0.80674825795, 1.1029423699, 0.40906302276, 0, 0.71438432007, 1.4881141364, 0.45652542968, 0.74719058779, 0.014947746735, 0.45065003549, 0.78721322642, 0.86325985114, 0.3848467918, 1.4015815155, 0.37793668977, 0.46102335952, 0.4601032102, 2.0507094405, 1.2074102232, 0.6855706536, 0.64621838037, 0.86027145132, 0.67228101727, 0.049306691316, 0, 0, 1.9089430775, 0, 2.3698404903, 0.82242527342, 0.53247935882, 1.4887639565, 0.46875906114, 0.54228261284, 0.27547641264, 0.021663565519, 1.2637492586, 0.81221703048, 3.907909996, 0.58070625233, 1.6899690769, 0],
      [40.4064662511, 61.1161289624, 35.0211901837, 16.4261126826, 24.6121154509, 14.7099811746, 1.4600334035, 8.3072338511, 25.8223267426, 32.5829299585, 14.9366644874, 28.1481775886, 54.2593740171, 18.1181041529, 63.431382956, 31.6426119976, 35.3715377747, 23.6289159752, 23.9331544339, 13.7744743361, 47.6004363784, 51.6315854226, 23.8092639732, 20.8218377787, 38.8466674891, 42.5739011742, 39.1320366871, 23.0730055333, 30.1595960462, 19.4025585721, 40.4112153619, 11.3521714808, 8.20933566, 63.2409298128, 47.5719773516, 91.3660654254, 54.2831897561, 24.7290132907, 58.6585212645, 15.6121923735, 14.5709468586, 17.6495374115, 2.2377926131, 37.7995030384, 17.3221176005, 167.4736418455, 16.2749830638, 81.6533554936, 9.8642527562],
      [470.055059718, 523.7172235957, 312.2775749605, 214.2388170959, 172.2537709354, 233.6374165471, 47.9870679629, 251.1175438956, 443.978915534, 289.8501695941, 124.9552235717, 254.1374380914, 421.516105954, 170.129500422, 647.2048350762, 229.973218863, 305.0826587171, 299.1415397757, 305.110895331, 85.8406788721, 480.997982106, 452.0134538461, 130.2531855508, 164.5105135717, 266.1026230704, 409.7540193582, 308.1823926593, 287.8943216107, 243.7038164106, 148.6354040704, 289.1106684735, 84.42638402, 89.7042089721, 469.3827021079, 415.050282675, 750.4768540962, 378.9517766697, 266.7385073505, 528.0682796507, 212.9190485653, 188.660934242, 149.0749861759, 16.7405438214, 344.936747703, 306.3211363737, 2088.4776120515, 169.899854245, 703.6566754295, 114.036090372],
      [0.41682088591, 0.27962506613, 0, 0, 0.13411361371, 0, 0.30395886716, 0.76847399533, 0.095815353417, 0.15783742468, 0.10811194084, 0, 0.73640589244, 0.29586999543, 0.61659138008, 0.36922139268, 0.095153472638, 0.44233102274, 0.092690383969, 0, 0, 0.97702404144, 0.4765271165, 0.20754543943, 0, 0.46466924437, 0, 0.3864544757, 0.27631609185, 0.2897563403, 0.42880947321, 0.2214444992, 0.086455367937, 0.46742500173, 0.3777399734, 0.78723998823, 0.94260830083, 0, 0.78443512831, 0, 0.22583628654, 0, 0, 0, 0.54452899539, 2.140836107, 0.24445643892, 0, 0.099656871766]
    ],
    [
      [4.4537095118, 4.5208131465, 2.1796440109, 2.7221708029, 0.74854006354, 1.6417444944, 0, 0.83391687328, 1.6684320353, 1.7774138455, 0.928050383, 1.8067260554, 2.2186963669, 1.2837374309, 3.5103198828, 0.66644028124, 1.6029884412, 1.3925732028, 2.3206023787, 1.772947484, 2.8461406171, 5.2050821633, 2.5361861668, 2.1276586785, 1.0629588696, 2.5866474927, 4.1097068515, 2.1212797696, 1.9645662756, 2.1987339508, 1.497233956, 0.41709856349, 0.24201348169, 3.3379859789, 1.4621354436, 6.9678114114, 1.5214426136, 0.34469912751, 1.5238312416, 2.3997319264, 0.75883856072, 2.0448499293, 0.6837877883, 5.9046961682, 4.0954027478, 8.7444518897, 2.1616038366, 5.5489950819, 0.56354079677],
      [28.7056410779, 31.6995342612, 21.9068878729, 15.2054161779, 14.4555056501, 13.8855314084, 0, 4.7883637989, 15.3459988404, 20.4522560758, 16.4604717909, 17.6037816167, 19.286990295, 13.7812683443, 40.4352897541, 11.1948543673, 21.1864900669, 12.2187365004, 18.2291063373, 7.4254494094, 23.5653154418, 26.7364617272, 16.8968705089, 19.3780709218, 6.6749765085, 22.5800540791, 40.9186637011, 20.9884267998, 20.3481740543, 19.3124815331, 22.7000031184, 6.7310697833, 4.4267052321, 26.5053843622, 25.5794597211, 58.5195621494, 19.3062919936, 3.7646823799, 12.0480656146, 15.5590915162, 7.3033743439, 26.4339880862, 11.2256922159, 31.988350305, 35.7318805425, 80.6786345102, 19.5997976101, 31.908722726, 2.4688128065],
      [6.6349837034, 5.4721102426, 3.8787969434, 3.9906197407, 1.9182666371, 4.2789003945, 0, 1.9183700447, 4.8590409056, 3.66301612, 2.7226406956, 3.1437984529, 2.953411308, 2.5383676199, 8.3102136753, 1.5632662282, 3.6261729064, 2.9937798863, 4.5432825229, 0.85559421066, 4.7483421404, 4.7677370629, 1.7071780936, 3.0162859118, 0.90950403683, 4.3359629785, 7.3225189733, 5.0962432261, 3.2066221109, 2.8550715526, 3.1251154855, 0.96219601411, 0.94464665267, 3.9118541511, 4.5001846935, 9.5627445085, 2.5836613921, 0.8131467753, 2.170275566, 4.1527833219, 1.8272220813, 4.3903319954, 1.5658625858, 5.6995693465, 11.1746112889, 19.8464027042, 3.9923003028, 5.6628891065, 0.56589687795],
      [21.2056657069, 35.3075423496, 10.0346711729, 7.0817932784, 6.8776876493, 6.1938237028, 0, 4.4593492831, 10.1265282188, 20.1073139588, 10.8888371305, 7.445693875, 15.5409020301, 11.3966266049, 27.7441766878, 5.5754391232, 11.5843485855, 11.3949104105, 11.9070087611, 13.9460088959, 10.8402018007, 23.2907190465, 8.8597652306, 17.4779844879, 13.3525605851, 20.4973354497, 15.6491104741, 19.7940502044, 12.4806375593, 12.6337129635, 11.6776474401, 5.8896356391, 4.3866346335, 27.2447755078, 18.4582201418, 39.9498819308, 12.5886040007, 5.0774717173, 10.2578275778, 9.8883932354, 5.110565014, 31.1308299891, 3.52465741, 52.4073841803, 41.9981054208, 66.7305108959, 15.2462982504, 40.8793930856, 2.4017495187]
    ],
    [
      [2.0456204619, 2.2747523448, 2.072911767, 1.5505014173, 0.53976778865, 0.77335121407, 0.17019205027, 1.5515962211, 1.4226631796, 1.1555865734, 0.38299769848, 0.92291955095, 1.5596003149, 0.39420422329, 1.7843323272, 0.67069619163, 1.245518697, 0.88731498169, 0.71741619277, 0.69751648652, 1.4944681621, 2.557917709, 1.4087442515, 0.71329225097, 1.1987568452, 1.5483451195, 1.8272359165, 0.94736972624, 1.2104892742, 1.1076088373, 0.86693567696, 0.18183561779, 0.23882677606, 1.6169158177, 0.72317262537, 3.6728992734, 1.4928095473, 0.52919441566, 1.7796088357, 0.96600085257, 0.80933275117, 0.51382515941, 0.14207476893, 2.2286894043, 0.87238299657, 5.1322384531, 0.45495567701, 4.5418222758, 0.40760792434],
      [13.024204303, 15.74661194, 16.4475653719, 8.6671869753, 10.2753698963, 6.7154285691, 1.1869212638, 8.8135578631, 12.9169121494, 13.1189591019, 6.696372547, 8.8766882828, 13.3782325144, 4.1763515649, 20.2805177457, 11.1115352789, 16.2406375131, 7.6863575464, 5.5636153488, 4.8290855054, 12.2182817021, 12.9762812669, 9.2656829887, 6.4119875109, 7.4322599173, 13.3403107509, 20.7855332674, 9.254454469, 12.3704005282, 9.5982936388, 12.9638666434, 2.8927047539, 4.3053269835, 12.6703287727, 12.4802815068, 30.4402009842, 18.6870307025, 5.7066918061, 13.8843126387, 6.1822252832, 7.6914319802, 6.4578245, 2.9375968393, 13.0893087473, 7.515047214, 46.7239789974, 4.0721250345, 25.7724537326, 1.7643998068],
      [19.7970998186, 17.847741513, 18.9086526965, 14.8641048859, 9.010745688, 13.7050439195, 3.1701114924, 23.3294869567, 26.9227321286, 15.4571782306, 7.3351535928, 10.4637582111, 13.4596682682, 5.0839051392, 27.3710404984, 10.2342048255, 18.3041208138, 12.4082852613, 9.1439874389, 3.9583003223, 16.1977724694, 15.2046888334, 6.1800096807, 6.5829625021, 6.6505857878, 16.8386767125, 21.3886408566, 14.8037564757, 12.8417404605, 9.366186314, 11.7477353055, 2.7482505722, 6.1138967997, 12.2774668318, 14.4377442365, 32.6392313945, 16.433917666, 8.1206399799, 16.4259619549, 10.9037060284, 12.7321069772, 7.1774600091, 2.6649766432, 15.819857851, 15.4798181539, 75.3383299029, 5.4840931642, 29.9993952782, 2.6859752253],
      [12.1330754165, 22.1308942022, 8.5708701646, 4.9182067216, 6.174116627, 3.8061762972, 1.4727751936, 10.3053589591, 10.7376925424, 16.2682760941, 5.5854761617, 4.7366339551, 13.6024989026, 4.3455390726, 17.5641094287, 6.983563704, 11.2097229762, 9.0180422106, 4.5749810195, 13.5150976858, 7.0894776664, 14.2611121907, 6.1455630791, 7.2917577361, 18.7183974497, 15.2726674171, 10.9985899595, 10.9944193291, 9.5773697372, 7.9279112098, 8.4214623742, 3.1772090561, 5.3419494408, 16.4352885778, 11.3588016312, 26.2476683479, 15.3862420843, 9.6434737983, 14.9101165706, 4.9480678358, 6.7671282914, 9.8508903315, 1.2553517486, 28.8621439974, 11.1327516355, 48.8054526466, 3.9888261243, 41.6863287134, 2.1420170435]
    ]
  ],
  "prob": [
    [0.31178362064, 0.50998612366, 0.11091046087, 0.06731979483],
    [0.0062696004982, 0.97863436742, 0.014924801892, 0.00017123019031],
    [0.0021606480613, 0.093870051535, 0.90311840539, 0.00085089501878],
    [0.053989632474, 0.47328936135, 0.091801309474, 0.38091969671],
    [0.033976557884, 0.29386558562, 0.37324878397, 0.29890907253]
  ],
  "iterations": 175,
  "time": 0.207643,
  "message": "Converged",
  "status": 0,
  "miniter": 0,
  "maxiter": 1000,
  "maxtime": 3600,
  "param_threshold": 0.001,
  "ll_threshold": "-Inf",
  "initial_prob": "random",
  "adjust_prob_cond_method": "lp",
  "adjust_prob_cond_every": true,
  "candidates_id": ["STEEDMAN, Geoffrey.c", "LITTLE, Andrew James.c", "YOUNG, Jonathan Edgar Joseph.c", "Other candidates votes.c"],
  "group_id": ["Green Party.p", "Labour Party.p", "National Party.p", "New Zealand First Party.p", "Other parties votes.p"]
}
