{
  "X": [
    [29, 18, 13, 3, 2, 9, 4, 5, 13, 4],
    [23, 16, 16, 5, 9, 9, 3, 4, 10, 5],
    [24, 18, 16, 4, 6, 9, 8, 1, 12, 2],
    [30, 15, 11, 5, 11, 7, 0, 11, 9, 1],
    [25, 12, 11, 7, 10, 6, 4, 13, 9, 3],
    [33, 13, 12, 8, 6, 6, 3, 9, 9, 1],
    [19, 15, 18, 7, 7, 8, 5, 6, 8, 7],
    [15, 20, 10, 17, 5, 5, 6, 7, 10, 5],
    [18, 16, 8, 13, 7, 7, 3, 5, 19, 4],
    [20, 13, 18, 7, 5, 7, 4, 5, 18, 3],
    [17, 14, 9, 9, 8, 5, 3, 8, 21, 6],
    [19, 10, 10, 10, 5, 6, 7, 9, 21, 3],
    [12, 11, 10, 14, 9, 3, 11, 7, 17, 6],
    [11, 6, 20, 16, 8, 8, 7, 4, 15, 5],
    [10, 6, 17, 19, 8, 7, 8, 6, 14, 5],
    [5, 6, 13, 20, 16, 13, 3, 6, 13, 5],
    [16, 5, 12, 10, 17, 10, 2, 4, 20, 4],
    [17, 5, 10, 15, 20, 9, 4, 2, 12, 6],
    [7, 7, 15, 14, 10, 10, 6, 10, 17, 4],
    [14, 6, 8, 8, 4, 5, 9, 15, 17, 14],
    [12, 7, 7, 9, 4, 13, 5, 8, 18, 17],
    [11, 12, 11, 3, 8, 3, 9, 8, 22, 13],
    [14, 15, 8, 6, 7, 4, 8, 8, 15, 15],
    [11, 14, 6, 8, 3, 4, 5, 12, 20, 17],
    [11, 11, 8, 5, 9, 4, 8, 13, 22, 9],
    [14, 10, 5, 11, 19, 8, 4, 18, 11, 0],
    [17, 10, 10, 3, 14, 7, 13, 14, 9, 3],
    [14, 10, 7, 3, 15, 8, 8, 25, 7, 3],
    [19, 14, 11, 2, 15, 7, 12, 11, 6, 3],
    [19, 11, 7, 3, 18, 7, 13, 5, 15, 2],
    [20, 20, 6, 1, 17, 6, 12, 11, 3, 4],
    [9, 11, 14, 5, 15, 7, 12, 7, 17, 3],
    [16, 4, 15, 6, 5, 11, 5, 11, 22, 5],
    [11, 17, 15, 6, 5, 12, 9, 6, 18, 1],
    [7, 11, 15, 8, 12, 11, 6, 6, 14, 10],
    [17, 7, 14, 10, 9, 9, 5, 4, 19, 6],
    [13, 7, 14, 7, 8, 11, 9, 5, 20, 6],
    [9, 11, 16, 3, 9, 8, 6, 10, 12, 16],
    [29, 4, 4, 2, 18, 3, 3, 12, 7, 18],
    [23, 8, 3, 6, 9, 5, 5, 14, 16, 11],
    [29, 13, 5, 8, 10, 1, 4, 12, 8, 10],
    [31, 12, 10, 7, 3, 3, 6, 6, 11, 11],
    [20, 7, 13, 2, 6, 3, 7, 11, 10, 21],
    [19, 10, 11, 7, 7, 9, 5, 10, 10, 12],
    [20, 9, 6, 14, 8, 12, 4, 10, 13, 4],
    [18, 9, 6, 8, 14, 7, 4, 15, 13, 6],
    [25, 6, 7, 14, 4, 8, 6, 9, 16, 5],
    [18, 7, 14, 8, 7, 11, 6, 12, 12, 5],
    [19, 5, 7, 9, 15, 7, 3, 13, 14, 8],
    [23, 12, 8, 8, 14, 7, 1, 7, 14, 6]
  ],
  "W": [
    [58, 10, 6, 4, 7, 7, 6, 2],
    [60, 7, 4, 8, 2, 4, 7, 8],
    [60, 5, 6, 7, 5, 9, 5, 3],
    [61, 6, 9, 8, 3, 4, 7, 2],
    [54, 11, 5, 7, 6, 4, 8, 5],
    [56, 7, 3, 6, 9, 11, 2, 6],
    [18, 37, 8, 10, 5, 9, 6, 7],
    [3, 51, 8, 5, 12, 7, 9, 5],
    [10, 51, 6, 6, 9, 3, 4, 11],
    [6, 55, 8, 6, 6, 6, 5, 8],
    [9, 59, 3, 7, 5, 8, 4, 5],
    [11, 57, 7, 2, 5, 6, 7, 5],
    [5, 28, 31, 9, 4, 8, 9, 6],
    [3, 8, 64, 6, 7, 4, 2, 6],
    [5, 11, 58, 5, 4, 2, 9, 6],
    [11, 1, 60, 7, 4, 8, 7, 2],
    [6, 10, 55, 3, 6, 7, 7, 6],
    [2, 8, 50, 8, 6, 7, 13, 6],
    [5, 6, 43, 19, 8, 9, 7, 3],
    [1, 10, 4, 59, 6, 3, 11, 6],
    [5, 5, 9, 50, 10, 7, 3, 11],
    [4, 5, 9, 58, 8, 4, 6, 6],
    [9, 10, 5, 54, 5, 6, 7, 4],
    [7, 4, 7, 56, 1, 11, 8, 6],
    [3, 8, 6, 56, 7, 6, 8, 6],
    [5, 8, 9, 5, 58, 5, 3, 7],
    [8, 6, 5, 5, 59, 8, 7, 2],
    [5, 2, 7, 5, 60, 7, 5, 9],
    [8, 2, 5, 10, 58, 3, 6, 8],
    [7, 11, 5, 8, 55, 5, 4, 5],
    [4, 10, 4, 6, 55, 8, 8, 5],
    [4, 0, 8, 6, 23, 49, 4, 6],
    [8, 5, 15, 6, 9, 46, 5, 6],
    [4, 11, 5, 7, 5, 58, 5, 5],
    [9, 3, 5, 6, 3, 59, 6, 9],
    [7, 8, 3, 6, 5, 54, 8, 9],
    [3, 11, 11, 5, 6, 58, 4, 2],
    [4, 9, 4, 12, 5, 27, 33, 6],
    [3, 3, 4, 5, 9, 7, 61, 8],
    [7, 4, 5, 5, 7, 10, 54, 8],
    [8, 6, 6, 4, 9, 5, 55, 7],
    [7, 5, 8, 5, 7, 9, 56, 3],
    [3, 5, 3, 16, 4, 7, 57, 5],
    [9, 4, 8, 8, 8, 9, 40, 14],
    [9, 5, 4, 8, 5, 5, 3, 61],
    [5, 7, 5, 3, 7, 5, 12, 56],
    [5, 9, 4, 6, 4, 4, 6, 62],
    [9, 3, 4, 9, 3, 8, 3, 61],
    [6, 11, 6, 2, 6, 5, 8, 56],
    [6, 7, 8, 1, 5, 4, 5, 64]
  ],
  "method": "mvn_pdf",
  "cond_prob": [
    [
      [0.38273916375, 0.21742059262, 0.14569950651, 0.012434042288, 0.0025048635507, 0.097207378193, 0.021540796329, 0.04204259779, 0.073121813992, 0.0052892449785],
      [0.18049640762, 0.21244922331, 0.11400209538, 0.07636963408, 0.0065003658985, 0.037993202721, 0.037348845609, 0.026044171441, 0.28558057299, 0.023215480959],
      [0.062536316582, 0.017254791011, 0.1996152105, 0.15999847283, 0.080856299555, 0.14575864284, 0.05458817147, 0.012552271658, 0.24430766748, 0.022532156068],
      [0.058070503779, 0.11780326314, 0.057207469844, 0.019755647162, 0.0074708910802, 0.045753279655, 0.071884595309, 0.076587233142, 0.2862395315, 0.25922758539],
      [0.19784540997, 0.1861870616, 0.047969673193, 0.0081762182649, 0.1085621451, 0.083221510226, 0.15048297021, 0.15835454458, 0.057961060175, 0.0012394066825],
      [0.069759228752, 0.10804381089, 0.17244654641, 0.028144404091, 0.027965753169, 0.1480686409, 0.07238304132, 0.022285952906, 0.29437827942, 0.056524342129],
      [0.33408899939, 0.081739188208, 0.05298560471, 0.011633332929, 0.035913895607, 0.0081267739169, 0.026485376178, 0.07953449359, 0.076087365234, 0.29340497024],
      [0.25544902219, 0.070160179947, 0.061029680342, 0.07603571338, 0.051757115939, 0.12834168024, 0.021551804503, 0.088867303634, 0.18471267954, 0.062094820287]
    ],
    [
      [0.29326954187, 0.199225728, 0.18777078988, 0.028242410101, 0.077850575328, 0.10013360474, 0.01918615562, 0.03009505822, 0.059984987086, 0.0042411491528],
      [0.14361061595, 0.19724371131, 0.15631241037, 0.12945993171, 0.032474549538, 0.040101153914, 0.035653991658, 0.022962555628, 0.22061418405, 0.021566895861],
      [0.037942168331, 0.012275802236, 0.21135149707, 0.20627219006, 0.20348644836, 0.1194720908, 0.040282942907, 0.008316296224, 0.14442936718, 0.016171196821],
      [0.048368739007, 0.11635092152, 0.082991026611, 0.035747453424, 0.029976600605, 0.052067855442, 0.074395926313, 0.0733818545, 0.23490192928, 0.25181769329],
      [0.13278085652, 0.14494678313, 0.054814599248, 0.011892093505, 0.30043295271, 0.074448611892, 0.1214147509, 0.12057967924, 0.037950936982, 0.00073873587205],
      [0.051875312128, 0.094145069983, 0.22361546921, 0.044650771153, 0.09078077938, 0.14863399987, 0.065381187355, 0.018657810408, 0.21282622469, 0.049433375827],
      [0.26996855546, 0.076941552512, 0.073006287921, 0.020463047301, 0.12259239666, 0.0085447011484, 0.025913652464, 0.072768375786, 0.060146471631, 0.26965495912],
      [0.18712396759, 0.060096880727, 0.076887055329, 0.1178173602, 0.15321865447, 0.12669978755, 0.019650465075, 0.073508670734, 0.13142956367, 0.053567594662]
    ],
    [
      [0.31799224537, 0.22754055895, 0.18300610945, 0.024643609333, 0.051516769277, 0.098437487014, 0.017735834086, 0, 0.075981200822, 0.0031461857],
      [0.14116859933, 0.20587045307, 0.13521122281, 0.098624281541, 0.018290062698, 0.035015682882, 0.10061996935, 0.012023062147, 0.24401414204, 0.0091625241312],
      [0.042734423374, 0.014938057937, 0.20470088577, 0.17684508795, 0.12440618366, 0.11616970983, 0.12942133542, 0.0031828906732, 0.17978972475, 0.0078117006363],
      [0.0704175629, 0.127677033, 0.076095443147, 0.028796414755, 0.017919582759, 0.047757040915, 0.22659099543, 0.024156429481, 0.27305701618, 0.10753248143],
      [0.12477258947, 0.14544413925, 0.045892373313, 0.0090617800672, 0.15599155434, 0.062181103058, 0.34878418604, 0.066664219663, 0.040745581765, 0.00046247303603],
      [0.058743995909, 0.097837737014, 0.19086759857, 0.034288152818, 0.049872109639, 0.12747220869, 0.18671552233, 0, 0.23344877357, 0.020753901464],
      [0.33470488293, 0.10175182355, 0.080488141271, 0.019718037867, 0.085070423066, 0.0097017197545, 0.091354135905, 0.053436450179, 0.084061986379, 0.1397123991],
      [0.21306982525, 0.072775723957, 0.077664314035, 0.10437471209, 0.097170158267, 0.12689694237, 0.062984605637, 0.050396329883, 0.1686143253, 0.026053063204]
    ],
    [
      [0.36990288045, 0.18342817983, 0.11857127884, 0.025780046401, 0.083083735953, 0.075315508424, 0, 0.091577313807, 0.052341056297, 0],
      [0.22259818115, 0.20165182863, 0.10817242465, 0.1217509982, 0.04146067314, 0.032712372985, 0, 0.067908550889, 0.1974881584, 0.0062568119563],
      [0.078334957654, 0.014113412658, 0.15454642916, 0.20666346806, 0.27986933497, 0.10270133328, 0, 0.025971876432, 0.13779918779, 0],
      [0.15612772697, 0.13343015612, 0.064795359797, 0.037793976564, 0.04260829778, 0.047479465393, 0, 0.24103211352, 0.23572259278, 0.041010311078],
      [0.18761165491, 0.1164341024, 0.029948162428, 0.0089960169647, 0.30548657852, 0.047367653348, 0, 0.2771757735, 0.026980057935, 0],
      [0.11294827026, 0.10798482992, 0.17288353427, 0.047273808125, 0.13164427027, 0.13455382931, 0, 0.061184811379, 0.21405892533, 0.017467721136],
      [0.37798708116, 0.074160076271, 0.047834579151, 0.018274379006, 0.14819037141, 0.0069737952026, 0, 0.19926664075, 0.050869472779, 0.076443604265],
      [0.24288057853, 0.053072967541, 0.046308011828, 0.095292109417, 0.17153412728, 0.088098590926, 0, 0.18659785255, 0.10151549931, 0.014700262617]
    ],
    [
      [0.3406603786, 0.15120831233, 0.13371784775, 0.035777503638, 0.084348767359, 0.07186602346, 0.023784076189, 0.10006971843, 0.053771012254, 0.0047963599905],
      [0.16474999621, 0.1527850585, 0.10861821475, 0.18252730726, 0.03574854009, 0.028814759656, 0.043844323178, 0.073299254647, 0.19565657372, 0.013955971996],
      [0.043215775955, 0.0092832627511, 0.1437281656, 0.28844785302, 0.22162698168, 0.082732537469, 0.048339612754, 0.026223458937, 0.12626890235, 0.010133449484],
      [0.055348118283, 0.088562603179, 0.05699664755, 0.048750478021, 0.032427287682, 0.036218906762, 0.088506795879, 0.23956942834, 0.20393836866, 0.14968136564],
      [0.1179785041, 0.087423140082, 0.029857133592, 0.013118924683, 0.25705134096, 0.041040209047, 0.1144531373, 0.31183748808, 0.026508789603, 0.00073133255178],
      [0.065264912386, 0.079911821983, 0.1687823791, 0.06834933484, 0.10974670168, 0.11409010085, 0.086887172629, 0.06695625558, 0.20639249609, 0.033618824866],
      [0.28653293289, 0.055286622619, 0.047494586701, 0.02631734334, 0.12551756392, 0.0060007164413, 0.02941184029, 0.22302682922, 0.049647129357, 0.15076443523],
      [0.18547595044, 0.040256369064, 0.04651789738, 0.14281443566, 0.14627426714, 0.076893990611, 0.020512891849, 0.21175510521, 0.10068603563, 0.028813057013]
    ],
    [
      [0.44412012343, 0.15447311858, 0.13294704145, 0.033992003976, 0.044040777519, 0.058342382815, 0.012034657355, 0.071658394033, 0.048391500839, 0],
      [0.21892986964, 0.15204726546, 0.10556568661, 0.23849787632, 0.017874697598, 0.023517110311, 0.02536850658, 0.041850052828, 0.1700482461, 0.0063006885534],
      [0.061601145646, 0.010154023478, 0.15097627812, 0.4157066764, 0.11621132924, 0.074163235942, 0.030608207519, 0.016514368365, 0.11887523634, 0.0051894989522],
      [0.096201497188, 0.1166941439, 0.073330303971, 0.082618290024, 0.021323993919, 0.039536563003, 0.068636636686, 0.16831371357, 0.23563178066, 0.097713077075],
      [0.22261620993, 0.12419346274, 0.041645207277, 0.022219161704, 0.17786942369, 0.048414495574, 0.095614116085, 0.23435423925, 0.033073683754, 0],
      [0.11153340275, 0.09375541915, 0.19359915166, 0.10283820334, 0.063473951418, 0.11157806362, 0.06021962803, 0.043533480632, 0.21193486412, 0.0075338352847],
      [0.4598278947, 0.065751208831, 0.054810032157, 0.039958510808, 0.073304006159, 0.0054152914056, 0.020176063359, 0.14153355339, 0.051279946812, 0.087943492385],
      [0.28078041191, 0.045665729039, 0.051512936056, 0.21217052668, 0.081061555572, 0.072429660258, 0.013590019933, 0.12727177182, 0.099635880751, 0.015881507986]
    ],
    [
      [0.34019836557, 0.18524743219, 0.21189223433, 0.018182193372, 0.057768708951, 0.095969852766, 0.01830270652, 0.051868585719, 0.018421628552, 0.0021482920354],
      [0.18966525196, 0.21373903076, 0.18610862979, 0.10606440988, 0.033285207257, 0.048923606139, 0.048533827473, 0.040261054652, 0.10612015044, 0.027298831656],
      [0.051964583788, 0.014884826013, 0.28569780005, 0.17147063139, 0.16971364187, 0.13665594637, 0.049582780078, 0.014582193619, 0.084289253888, 0.021158342925],
      [0.061211083743, 0.11764827595, 0.098931631982, 0.027812233475, 0.024681873333, 0.055039025799, 0.082514733956, 0.10508717407, 0.12556448716, 0.30150948053],
      [0.1603156078, 0.14395670291, 0.065300404193, 0.0093708917524, 0.2251468217, 0.077100336321, 0.13169520711, 0.168081861, 0.018192611695, 0.00083955552229],
      [0.066510552219, 0.098160366695, 0.28395170121, 0.035876525123, 0.07250368812, 0.16015232915, 0.075157964245, 0.028689492825, 0.11780478859, 0.061192591821],
      [0.30015304551, 0.070749878686, 0.080263740705, 0.014459869584, 0.085416617228, 0.0086806857925, 0.02654313489, 0.094112885996, 0.027135370585, 0.29248477102],
      [0.23284232963, 0.061987803979, 0.094481711948, 0.091706795091, 0.11904509959, 0.13425351934, 0.02269050898, 0.10655501269, 0.071141119712, 0.065296099039]
    ],
    [
      [0.31571382108, 0.28522399884, 0.13207873625, 0.045236070253, 0.038829633545, 0.070443723022, 0.016711672297, 0.056931183901, 0.037011334082, 0.0018198267339],
      [0.14719225579, 0.25437013077, 0.10886541127, 0.21148495843, 0.014892442756, 0.034586422974, 0.04569741654, 0.03943285288, 0.12081318176, 0.022664926823],
      [0.042809667802, 0.016583268421, 0.15290896816, 0.41725882144, 0.10524015705, 0.090731486829, 0.049085257487, 0.014605892876, 0.096120891827, 0.014655588102],
      [0.055162199962, 0.1764429244, 0.061611820655, 0.070651968939, 0.015907959768, 0.040092235068, 0.089796588111, 0.11693942398, 0.15916424911, 0.21423063001],
      [0.1472485951, 0.21687527681, 0.041646869494, 0.018713955885, 0.15560593455, 0.057890245752, 0.1468757275, 0.18980874919, 0.023240200102, 0.0020944456239],
      [0.064051249279, 0.1555128398, 0.17911119338, 0.097587590256, 0.052567806289, 0.12485304895, 0.087378446435, 0.033526981253, 0.158000938, 0.047409906366],
      [0.30211396947, 0.11518436386, 0.054972572275, 0.037310275636, 0.064784843629, 0.0076730764209, 0.032187118684, 0.11632400586, 0.039302604098, 0.23014717007],
      [0.19867950754, 0.085763617983, 0.054400605984, 0.22875108199, 0.076845202445, 0.092147241975, 0.022757963184, 0.11145535534, 0.084818588708, 0.04438083485]
    ],
    [
      [0.35906333982, 0.21025854868, 0.11367000896, 0.032263057065, 0.058311415467, 0.10214287907, 0.010086770613, 0.044489089437, 0.067227911174, 0.0024869797118],
      [0.16356184901, 0.200858265, 0.085797018546, 0.16658250981, 0.027296892702, 0.042748123226, 0.022514245168, 0.024533910293, 0.24411697644, 0.021990209809],
      [0.047311395136, 0.013476626546, 0.1308308567, 0.29000207529, 0.15695488713, 0.12992629519, 0.03075675538, 0.01050756131, 0.1760103727, 0.014223174608],
      [0.059969999659, 0.12679691383, 0.050815768307, 0.049166938529, 0.023280677586, 0.055507183293, 0.055722038329, 0.089013407694, 0.28096007972, 0.20876699305],
      [0.16856964682, 0.16441813416, 0.034394639594, 0.016955920531, 0.23771740854, 0.083150730305, 0.09507010396, 0.1511267209, 0.047075694217, 0.0015210009811],
      [0.066069492586, 0.10650542573, 0.14189001558, 0.064546584483, 0.071896543351, 0.16548733981, 0.051386365068, 0.023733944595, 0.2653971308, 0.043087157997],
      [0.33387603479, 0.084263061181, 0.045078671592, 0.028096675041, 0.094056566408, 0.0090688186002, 0.019350903164, 0.088826441387, 0.072433007972, 0.22494981987],
      [0.21574404504, 0.061424547887, 0.043839611362, 0.15345614615, 0.11017803243, 0.12770201703, 0.013167216775, 0.083645979935, 0.14784797299, 0.042994430402]
    ],
    [
      [0.3763562558, 0.14932159697, 0.22466653753, 0.014353436827, 0.039422458596, 0.089755367029, 0.011556516177, 0.042033788774, 0.051325492023, 0.0012085502725],
      [0.20055504465, 0.16924396454, 0.18132311943, 0.082710885748, 0.021387093276, 0.045461996679, 0.034355989849, 0.031139938145, 0.21905077064, 0.014771197046],
      [0.058037222689, 0.011853730405, 0.30218472105, 0.15403717059, 0.1244964965, 0.13398921151, 0.038764432864, 0.012029077084, 0.15446807655, 0.010139860756],
      [0.076921141676, 0.11051395313, 0.12134266147, 0.027202608197, 0.019328500895, 0.059901067767, 0.072755306158, 0.10212467573, 0.25704474035, 0.15286534463],
      [0.20044263604, 0.13277177793, 0.07590656157, 0.0083225631369, 0.18227403035, 0.082980120642, 0.11487966913, 0.16066605124, 0.041028219662, 0.00072837029953],
      [0.072736290572, 0.079864383745, 0.29486281999, 0.030693007887, 0.051508588344, 0.15321597429, 0.057464223927, 0.023566595383, 0.2084107693, 0.027677346563],
      [0.40008336559, 0.068681091541, 0.10014900992, 0.014320487464, 0.072991652329, 0.0093242306266, 0.023823598796, 0.094885893371, 0.062479638656, 0.1532610317],
      [0.26825249878, 0.052314547364, 0.10104176623, 0.08294647319, 0.088447270888, 0.13324251988, 0.017656601131, 0.09328683147, 0.13215118515, 0.030660305918]
    ],
    [
      [0.35355492863, 0.16997341519, 0.1166141008, 0.022055617307, 0.09659009654, 0.075380428349, 0.010735986861, 0.08616768317, 0.066679962156, 0.0022477810078],
      [0.17200690094, 0.17256720676, 0.094991499251, 0.12040566015, 0.036804121008, 0.036199244804, 0.025833742457, 0.056656094029, 0.25586685493, 0.028668675679],
      [0.046724520191, 0.010958867408, 0.13421526581, 0.19313209297, 0.26914179199, 0.09545227927, 0.032264583562, 0.020606969583, 0.17449781146, 0.023005817761],
      [0.049654969504, 0.086095152505, 0.043707190084, 0.027911266342, 0.031673166556, 0.034652098243, 0.048606929804, 0.14415441576, 0.23265789051, 0.30088692069],
      [0.13232211723, 0.10600804227, 0.028424614591, 0.0093387378135, 0.32484610876, 0.048821258664, 0.07873914253, 0.23346368544, 0.037360959358, 0.00067533334406],
      [0.064075553881, 0.084901661492, 0.14256922608, 0.042787318327, 0.11890584996, 0.11987947147, 0.052506666598, 0.045045563106, 0.25790305092, 0.071425638163],
      [0.25685171801, 0.053534484168, 0.036229892329, 0.014943361314, 0.12433808938, 0.005464437674, 0.01582228893, 0.13401304099, 0.056227750616, 0.30257493659],
      [0.19604365009, 0.04596799099, 0.041956411621, 0.09480493426, 0.17145574976, 0.086379872024, 0.013020970565, 0.14942887773, 0.13533940508, 0.065602137875]
    ],
    [
      [0.37225207842, 0.13318420568, 0.12672230163, 0.023958099539, 0.049603958014, 0.090687687038, 0.026557233305, 0.1031145935, 0.071889352343, 0.0020304905357],
      [0.17604827588, 0.12289784447, 0.10236451705, 0.12614280418, 0.023410112115, 0.041473095614, 0.064334198038, 0.058098973693, 0.26690367092, 0.018326508037],
      [0.051217570506, 0.0079227746177, 0.15116425218, 0.21547468034, 0.13892357975, 0.11958136339, 0.081999107885, 0.02510021866, 0.19654835251, 0.012068100161],
      [0.055362903097, 0.072172696687, 0.050422078506, 0.031571894576, 0.017393789302, 0.043459956675, 0.12733607077, 0.18526278636, 0.26834718134, 0.14867064269],
      [0.13882180632, 0.083115257113, 0.030897528855, 0.01009211112, 0.15941194413, 0.058334142724, 0.19537272976, 0.28296088528, 0.040230800999, 0.00076279369458],
      [0.065103905145, 0.06407703134, 0.14917181589, 0.044314464421, 0.058232098989, 0.13877378281, 0.12492933353, 0.051654090524, 0.27026307347, 0.033480403875],
      [0.32196536743, 0.04941185816, 0.046819642915, 0.019243481195, 0.074705873653, 0.0079527558881, 0.045914073333, 0.19300439541, 0.072042217323, 0.16894033469],
      [0.21254731565, 0.036814061233, 0.04700544959, 0.10476056091, 0.088666800849, 0.10689936677, 0.03286341708, 0.18642222604, 0.15122941689, 0.032791384992]
    ],
    [
      [0.32974748678, 0.22497906455, 0.12369030027, 0.029583112149, 0.059003984909, 0.043696818255, 0.042157471519, 0.080453040819, 0.063931781096, 0.0027569396474],
      [0.14507345704, 0.20792040116, 0.093936141251, 0.14499354647, 0.029377341618, 0.0079743221983, 0.071918103195, 0.050809672619, 0.22326814123, 0.024728873227],
      [0.046332587958, 0.020899621833, 0.14361491843, 0.25748728878, 0.16392597397, 0.047469004202, 0.10144972842, 0.025744039009, 0.17045073747, 0.022626099929],
      [0.044402189593, 0.10825246253, 0.044554348674, 0.036337602487, 0.020527133194, 0.016733187413, 0.19697386166, 0.12736414592, 0.20706883873, 0.1977862298],
      [0.10863249173, 0.12334877156, 0.026971356665, 0.011613017711, 0.16596584386, 0.024692090774, 0.3150721919, 0.1903391585, 0.032060095143, 0.0013049821553],
      [0.055264792966, 0.10345985615, 0.13882262471, 0.052783658664, 0.066998751994, 0.063447095012, 0.20862881697, 0.039641997005, 0.22274653208, 0.048205874438],
      [0.26665282795, 0.079608786655, 0.043384181918, 0.023790249528, 0.08400919886, 0.00061992683452, 0.066650203315, 0.13955061833, 0.060894960685, 0.23483904593],
      [0.19612534564, 0.065603331663, 0.048226812069, 0.13338119627, 0.11000482286, 0.054028767582, 0.054771380649, 0.1493788775, 0.1371622411, 0.051317224665]
    ],
    [
      [0.39358422264, 0.19058219153, 0.18529496642, 0.020500473985, 0.032772305852, 0.060633210809, 0.01782499937, 0.04642988753, 0.050215006605, 0.0021627352568],
      [0.19286088989, 0.1972373342, 0.15628671372, 0.11342095641, 0.012919844116, 0.026117410309, 0.045853118578, 0.030162950995, 0.19759612559, 0.027544656195],
      [0.062446298515, 0.01847257605, 0.2456635226, 0.21742637414, 0.094432410914, 0.095472462228, 0.066670232178, 0.01645743922, 0.15876724246, 0.0241914417],
      [0.060926414306, 0.10741067783, 0.077361144105, 0.029333793347, 0.011282268377, 0.031423780062, 0.088550371179, 0.087108396352, 0.19534179563, 0.31126135881],
      [0.19520736121, 0.15891381796, 0.059596503037, 0.01178766164, 0.14240743913, 0.053002713455, 0.17161940402, 0.16869993028, 0.037900697084, 0.00086447219029],
      [0.074819134552, 0.10044433308, 0.2429262315, 0.042803658629, 0.04297644641, 0.10328921918, 0.090978775739, 0.025982049258, 0.20639329513, 0.06938685653],
      [0.32377278239, 0.067128746477, 0.065108078175, 0.015807767379, 0.047736378337, 0.0048250546815, 0.029062076314, 0.081795584089, 0.047839987633, 0.31692354453],
      [0.26682749845, 0.062535711119, 0.081348746075, 0.10908273685, 0.070454300762, 0.086092473649, 0.02635464718, 0.099176894013, 0.12481227482, 0.073314717087]
    ],
    [
      [0.31768656036, 0.18976804836, 0.18788546818, 0.030684472809, 0.040700408236, 0.06918494675, 0.028296131482, 0.076881094896, 0.056904852477, 0.0020080164552],
      [0.14258715485, 0.17867014367, 0.14508211736, 0.15582563341, 0.014591180136, 0.027164577605, 0.066572411709, 0.045485448286, 0.2042789925, 0.019742340466],
      [0.040459905647, 0.015936607857, 0.21354354398, 0.2697985687, 0.10115819704, 0.089680997885, 0.079505253729, 0.022064822087, 0.14829261058, 0.019559492486],
      [0.046632808424, 0.10033099412, 0.074231337318, 0.041142193824, 0.013745891996, 0.033474025013, 0.13536755756, 0.13570527748, 0.20767255601, 0.21169735827],
      [0.12792438323, 0.12713829926, 0.049514733057, 0.013985337874, 0.14407765898, 0.048606807936, 0.22721857156, 0.22618235432, 0.034502654548, 0.0008491992391],
      [0.054447280856, 0.089135168422, 0.21969559267, 0.057410350157, 0.048348074742, 0.10502979872, 0.13265736195, 0.038052917074, 0.20869806504, 0.046525390371],
      [0.27561253152, 0.0708013412, 0.069267546437, 0.024801046717, 0.061412282338, 0.0060182325703, 0.048819413886, 0.14347756297, 0.057026409496, 0.24276363286],
      [0.19369417447, 0.055962391141, 0.074521515844, 0.14741604037, 0.079062127051, 0.087957664648, 0.037419429095, 0.14747253462, 0.12673803215, 0.049756090601]
    ],
    [
      [0.21208945125, 0.20260063918, 0.15395238316, 0.040819047681, 0.08743593349, 0.1408172811, 0.011487449194, 0.085927557918, 0.062201483225, 0.0026687737987],
      [0.094737210069, 0.18470721064, 0.11597724003, 0.20525498247, 0.033757346697, 0.05330010313, 0.027660754951, 0.048578469776, 0.21630108836, 0.01972559388],
      [0.0043754142978, 0.01674062702, 0.14625342902, 0.29583394369, 0.19448850954, 0.14289646987, 0.025442957201, 0.021535800965, 0.13399478124, 0.018438067149],
      [0.029428791542, 0.10578894574, 0.060514898756, 0.054510906937, 0.030568030337, 0.066969725497, 0.05568874994, 0.1498538874, 0.2234835878, 0.22319247605],
      [0.080364947681, 0.12626871998, 0.038166427871, 0.017468614769, 0.28570484786, 0.092607396156, 0.087672370637, 0.23571475134, 0.035133766032, 0.00089815767273],
      [0.032040849793, 0.088282665267, 0.16650166142, 0.071311427538, 0.094881919179, 0.19975096428, 0.050934537448, 0.039697150311, 0.21037202261, 0.04622680216],
      [0.18596935833, 0.075602422372, 0.057459241737, 0.033319886563, 0.13301493185, 0.011160039705, 0.020602472067, 0.16066034897, 0.062340972063, 0.25987032634],
      [0.11209016507, 0.050586179151, 0.052421408915, 0.1702587188, 0.14409066607, 0.1542879786, 0.013597767836, 0.1400172364, 0.11775627881, 0.044893600346]
    ],
    [
      [0.47468672456, 0.13162531716, 0.10883859905, 0.014121106462, 0.068788964459, 0.078872010643, 0.0062954280481, 0.044546062994, 0.07013898305, 0.0020868035685],
      [0.24389377008, 0.143404729, 0.097536033596, 0.086339234122, 0.031576348326, 0.036310700774, 0.018136702603, 0.030557639723, 0.29340254427, 0.018842297507],
      [0.067807873329, 0.014048634861, 0.15265493831, 0.14889517356, 0.22227771741, 0.12665452338, 0.01536888005, 0.016706930335, 0.21374467589, 0.021840652874],
      [0.08518002038, 0.086565367744, 0.053491649628, 0.024559533777, 0.029916948015, 0.047020099521, 0.042340964923, 0.09642133812, 0.32191259459, 0.2125914833],
      [0.22583035397, 0.10564372939, 0.03468628972, 0.0072357204583, 0.28757412033, 0.066156356403, 0.06717856951, 0.15397977875, 0.050417158067, 0.0012979233985],
      [0.094002475517, 0.073457515395, 0.14936422662, 0.031977294367, 0.094690810226, 0.14073115451, 0.038508773976, 0.026268606219, 0.30630601389, 0.04469312928],
      [0.41813801672, 0.050302464799, 0.041470414264, 0.01130904928, 0.10620213785, 0.0075667714117, 0.011689359964, 0.083636614446, 0.071294186658, 0.19839098461],
      [0.298000548, 0.040607924801, 0.045191881576, 0.07375819074, 0.13746367829, 0.10359637071, 0.0090151255844, 0.087631137471, 0.16295689149, 0.041778251324]
    ],
    [
      [0.49597633079, 0.12721573722, 0.10183308283, 0.023707360072, 0.09379620419, 0.077479758203, 0.010572325335, 0.026778056205, 0.04107282436, 0.001568320787],
      [0.27365370194, 0.14949191216, 0.097840995252, 0.14807220832, 0.042459848654, 0.03849897987, 0.030777433744, 0.01773514006, 0.18259689745, 0.018872882552],
      [0.059876377659, 0.014756110847, 0.13055222668, 0.23839579939, 0.25914276687, 0.11842831312, 0.036802742234, 0, 0.1210568781, 0.020988785093],
      [0.10437706864, 0.099819417556, 0.059195755014, 0.047258053495, 0.044436607989, 0.055849134799, 0.071993349896, 0.067870425445, 0.21940628872, 0.22979389845],
      [0.22079179948, 0.096174293642, 0.030313688088, 0.013173708909, 0.37095287469, 0.061730259806, 0.091031470866, 0.086210129541, 0.028174465055, 0.0014473099287],
      [0.1067675326, 0.077764746878, 0.15246972205, 0.057145604277, 0.13856229073, 0.15197951189, 0.061623074713, 0.015532049236, 0.19280147463, 0.045353992991],
      [0.46555538268, 0.050341943243, 0.039248648901, 0.022227230895, 0.14177251006, 0.0090536914326, 0.019322128, 0.024865142935, 0.043163832666, 0.18444948919],
      [0.31093979849, 0.039571348888, 0.042170979941, 0.11702295514, 0.18690028013, 0.10281729658, 0.014635659386, 0.052061230582, 0.094866336562, 0.039014114293]
    ],
    [
      [0.25298214876, 0.18063009602, 0.18673399009, 0.030370371359, 0.055758698433, 0.10834149293, 0.016862685289, 0.10175341928, 0.06602412189, 0.00054297595167],
      [0.11430039634, 0.17149512893, 0.14554984418, 0.15532656455, 0.022479010916, 0.042357780187, 0.039115828603, 0.059557625208, 0.23926587994, 0.010551941146],
      [0.024172535852, 0.016173462965, 0.20116250724, 0.25291204563, 0.14235335139, 0.13096050093, 0.049910946845, 0.015893055721, 0.16164338227, 0.0048182111646],
      [0.03683380066, 0.10447561934, 0.078913650761, 0.043781303248, 0.021565581911, 0.056428024924, 0.08373864946, 0.19091292774, 0.25863015609, 0.12472028587],
      [0.098274337379, 0.11891849845, 0.04802557258, 0.013653875246, 0.1898405085, 0.074274468488, 0.12439759681, 0.293439385, 0.039175757559, 0],
      [0.041038701278, 0.083843995977, 0.21237822269, 0.0552758363, 0.06366157297, 0.16086271619, 0.073546914427, 0.048076938075, 0.23612387515, 0.025191226942],
      [0.24570930345, 0.075844713642, 0.077073302028, 0.027528995217, 0.094506484471, 0.010147593479, 0.032175354976, 0.21291944157, 0.073884498287, 0.15021031287],
      [0.1448391631, 0.050175374832, 0.069520703228, 0.13656984559, 0.10072288679, 0.1292394976, 0.02048535292, 0.18416550524, 0.13797776097, 0.026303909722]
    ],
    [
      [0.43144181532, 0.11352034245, 0.14581941924, 0.034670788701, 0.04162980744, 0.076146152869, 0.019604365007, 0.085470567427, 0.050314609842, 0.0013821316951],
      [0.2077296542, 0.11336043006, 0.1218744242, 0.19266783248, 0.017893535102, 0.032487053075, 0.049863495025, 0.053142075571, 0.19407483427, 0.016906666019],
      [0.057237111623, 0.0066674512377, 0.1714771422, 0.32396703407, 0.11523316294, 0.09947731037, 0.058879127895, 0.020537075137, 0.13334508485, 0.013179499676],
      [0.072461848129, 0.058014822832, 0.070906119746, 0.053206654155, 0.017793231248, 0.047761960453, 0.10899637534, 0.16765258724, 0.21105105022, 0.19215535065],
      [0.18467052447, 0.080866345419, 0.041381052004, 0.016821287484, 0.15676004197, 0.0575467867, 0.1633602737, 0.26535148524, 0.032564340311, 0.00067786269641],
      [0.083196294296, 0.060896137558, 0.19352290631, 0.073546931733, 0.055146754538, 0.13208017367, 0.10183170009, 0.04805484479, 0.20906017406, 0.04266408296],
      [0.37438381485, 0.040622910772, 0.054724319271, 0.028089420668, 0.063542582471, 0.0072667572308, 0.034447056, 0.15768236584, 0.050447720709, 0.18879305219],
      [0.25187169391, 0.031432083543, 0.055874027007, 0.16217300127, 0.077288770588, 0.093610472904, 0.025147278299, 0.15644637656, 0.10767554221, 0.038480753707]
    ],
    [
      [0.36063185085, 0.1269661976, 0.11731638858, 0.034874697708, 0.033493179715, 0.20775530037, 0.011427702375, 0.046821164126, 0.058747379081, 0.0019661396049],
      [0.17563208029, 0.12950099777, 0.098229097233, 0.19009637199, 0.014190270146, 0.083043647152, 0.028653176786, 0.029947679507, 0.22315173964, 0.027554939487],
      [0.046097555446, 0.0077953026668, 0.12603358327, 0.28898845022, 0.084316553869, 0.2443247224, 0.031007279275, 0.011127898683, 0.14098578088, 0.019322873294],
      [0.069396569539, 0.072744675557, 0.056875969628, 0.05734197544, 0.0092615243831, 0.055858220683, 0.057306929832, 0.090218491526, 0.23859131098, 0.29240433243],
      [0.18315266444, 0.10730015206, 0.039994125417, 0.021140896509, 0.14758097138, 0.17567848588, 0.1093083523, 0.16870163027, 0.046739771101, 0.00040295063249],
      [0.061274718511, 0.058597865477, 0.1326613166, 0.062749689594, 0.037744987434, 0.30900321612, 0.049926485067, 0.023009292124, 0.20475476735, 0.060277661725],
      [0.31899056087, 0.048801260499, 0.044552244573, 0.028683891184, 0.052239030229, 0.014442955906, 0.019962726433, 0.087951892215, 0.059493176114, 0.32488226198],
      [0.2015047738, 0.034607469168, 0.043813148729, 0.15185830561, 0.058446893655, 0.23554868066, 0.013884227395, 0.081194826649, 0.11935511078, 0.059786563548]
    ],
    [
      [0.34531230223, 0.20697994271, 0.18910016374, 0.012937231238, 0.067603622519, 0.045121223012, 0.019133927528, 0.046042136085, 0.066241784497, 0.0015276664413],
      [0.16609415741, 0.20911220498, 0.15624089424, 0.072349427775, 0.028805954936, 0.018444890775, 0.047624414343, 0.028870255986, 0.25567619727, 0.016781602286],
      [0.05114706626, 0.015268118184, 0.24513171501, 0.13288154152, 0.20797231764, 0.064340344797, 0.062843613395, 0.011986383227, 0.19365739808, 0.014771501891],
      [0.061207873992, 0.1286041954, 0.085258465066, 0.01294185075, 0.030517217945, 0.020393258788, 0.10518497799, 0.089409602399, 0.27454540272, 0.19193715495],
      [0.15019237459, 0.15073243507, 0.053554968485, 0.005582109833, 0.25939357882, 0.033841221535, 0.15904234043, 0.14377822695, 0.043031178619, 0.00085156567961],
      [0.062802271458, 0.10431522485, 0.23481322868, 0.026105017366, 0.083850009617, 0.072859140645, 0.091886692832, 0.024293854097, 0.25896746869, 0.040107091765],
      [0.3200583799, 0.082806044435, 0.074332900865, 0.010867551612, 0.10994955789, 0.0035027577917, 0.035151249117, 0.090873245783, 0.070769329724, 0.20168898288],
      [0.23413355903, 0.068351026773, 0.082921399512, 0.070943410205, 0.14559336989, 0.063705943263, 0.028037997422, 0.097534180148, 0.16422777556, 0.044551338195]
    ],
    [
      [0.38435957822, 0.23443408866, 0.12322670021, 0.023873862623, 0.069994773141, 0.054483475767, 0.017944649569, 0.047031159688, 0.043234409669, 0.0014173024555],
      [0.19154145655, 0.24533667819, 0.10577508306, 0.13223094221, 0.030911452999, 0.023477572794, 0.045628321557, 0.030562855494, 0.17466531191, 0.019870325229],
      [0.057810503803, 0.016675871655, 0.16304369901, 0.24117053485, 0.22098366346, 0.079909322926, 0.058787791399, 0.01291024961, 0.13156179607, 0.017146567216],
      [0.067614293082, 0.14436413337, 0.060669494176, 0.041932721279, 0.031454926949, 0.032357686905, 0.10160514781, 0.098155094274, 0.188445446, 0.23340105617],
      [0.16401726637, 0.1677062845, 0.034599760104, 0.01160729079, 0.26489683724, 0.040601361919, 0.14308495875, 0.14508003831, 0.027919235053, 0.00048696694834],
      [0.078502350982, 0.132761097, 0.17179073363, 0.052083819995, 0.097690997485, 0.098976642725, 0.094987937491, 0.028029196908, 0.19273689888, 0.052440324905],
      [0.34044106713, 0.0890730085, 0.046739710244, 0.019743202525, 0.10883392154, 0.0046563691002, 0.030975367368, 0.089139465804, 0.044522347566, 0.22587554023],
      [0.25273424436, 0.074768698987, 0.052729128236, 0.12096609984, 0.14624512933, 0.07463750825, 0.02485450237, 0.097153258845, 0.10567503209, 0.050236397694]
    ],
    [
      [0.34661883806, 0.27025567556, 0.10139076047, 0.033817634937, 0.034561432695, 0.054491969281, 0.012783194637, 0.081194599451, 0.063013930852, 0.0018719640498],
      [0.15218522465, 0.24928699998, 0.076785431483, 0.16949436489, 0.0133442753, 0.020624835406, 0.029299839362, 0.046686620982, 0.2204434228, 0.021848985139],
      [0.051229320762, 0.018787928841, 0.13111315817, 0.34640739794, 0.10629441231, 0.078055257445, 0.04211847191, 0.02208393548, 0.18321795062, 0.020692166523],
      [0.055444253397, 0.14146039945, 0.036129665686, 0.0474046344, 0.0090568412529, 0.026008686332, 0.060386017502, 0.14683579677, 0.23441027961, 0.24286342561],
      [0.1550289239, 0.20273828783, 0.029928471838, 0.01705894629, 0.13673124742, 0.042670317052, 0.1104892667, 0.2622632085, 0.042353434643, 0.00073789582903],
      [0.068339136366, 0.14548152782, 0.13493242082, 0.072117501216, 0.046012609223, 0.094622128771, 0.066738306937, 0.046576635861, 0.26319397854, 0.061985754449],
      [0.29097880084, 0.097207541443, 0.035963936285, 0.026654680139, 0.050971436844, 0.0042515331304, 0.021384177843, 0.14558587739, 0.061293523636, 0.26570849245],
      [0.21114232812, 0.079511495823, 0.040028829005, 0.16369981385, 0.06713457166, 0.069276273024, 0.016864655144, 0.15470098841, 0.13996534881, 0.057675696155]
    ],
    [
      [0.34387002489, 0.18663727298, 0.13732291856, 0.020422601533, 0.092966290363, 0.058187002579, 0.017627997365, 0.075817808146, 0.066670198385, 0.00047788519719],
      [0.16527259709, 0.1883442819, 0.11370663802, 0.11090764698, 0.038407619293, 0.024181970564, 0.044158774067, 0.047701225377, 0.25638499558, 0.010934251116],
      [0.046145021998, 0.01252379701, 0.16139887125, 0.18562089237, 0.26161775589, 0.075731185263, 0.052581754652, 0.018627208807, 0.17704429899, 0.0087092137606],
      [0.060249060777, 0.11708685588, 0.065931273859, 0.034153417732, 0.031044156309, 0.033325358256, 0.098068954388, 0.15335934619, 0.27542038832, 0.13136118829],
      [0.12735275942, 0.11669576086, 0.033930679646, 0.0089450792736, 0.30890037124, 0.03793898176, 0.12560094988, 0.20367480166, 0.036960616266, 0],
      [0.063225958215, 0.095172355211, 0.1718954333, 0.040807558968, 0.11624566706, 0.094781301891, 0.085648069346, 0.040537161137, 0.26265134737, 0.029035147498],
      [0.31114367423, 0.073151351513, 0.053315633177, 0.017548053714, 0.14758129964, 0.0051351208058, 0.031909100268, 0.14621347956, 0.069112328417, 0.14488995868],
      [0.205902859, 0.054701990825, 0.053736858965, 0.096218155643, 0.17753898129, 0.072672400623, 0.023020995719, 0.14206595306, 0.14592847913, 0.028213325734]
    ],
    [
      [0.32439285347, 0.15771651115, 0.10864127907, 0.072892350532, 0.072347691574, 0.098433631926, 0.0076081213763, 0.083242332466, 0.074725228433, 0],
      [0.12714579183, 0.12555967054, 0.071031516476, 0.33268067136, 0.025320203862, 0.033212739132, 0.015529339556, 0.041739558165, 0.22778050907, 0],
      [0.032077056104, 0.0082043201174, 0.085889591881, 0.48801135596, 0.13396056961, 0.086998589431, 0.015598068339, 0.014563087132, 0.13469736143, 0],
      [0.11324823275, 0.098002471856, 0.050091449299, 0.11597808743, 0.030014144914, 0.055445573566, 0.048043448752, 0.16908623353, 0.32009035791, 0],
      [0.1349904684, 0.11716367278, 0.031918351726, 0.00091212731862, 0.2674332031, 0.081264476099, 0.054361721603, 0.25270847915, 0.059247499826, 0],
      [0.067261134563, 0.075266339694, 0.12681807519, 0.1399744824, 0.084228251273, 0.14948634821, 0.040098211169, 0.04166368233, 0.27520347518, 0],
      [0.39477208516, 0.069051154437, 0.046860953287, 0.069755041462, 0.12708663705, 0.0098103462121, 0.017489534294, 0.17865477382, 0.086519474273, 0],
      [0.16512366199, 0.037730093805, 0.034162894784, 0.29143704497, 0.1094938733, 0.098816051598, 0.0073121865957, 0.12457119949, 0.13135299347, 0]
    ],
    [
      [0.35815394219, 0.14848882358, 0.19702738727, 0.018273324654, 0.050919280964, 0.083811167383, 0.020925255109, 0.060682510996, 0.059988530974, 0.0017297768825],
      [0.17640076575, 0.15282401168, 0.16606598847, 0.10111472415, 0.021960166603, 0.035477337137, 0.05423733884, 0.038895906892, 0.23764020717, 0.015383553319],
      [0.050222428298, 0.0099734643174, 0.24283885448, 0.17426434904, 0.1469885468, 0.11365106962, 0.066634962066, 0.015511978692, 0.16745892605, 0.012455420644],
      [0.060379820899, 0.09061603673, 0.088558758811, 0.027822874146, 0.020392697681, 0.046181513006, 0.11409405496, 0.12159970053, 0.25402093441, 0.17633360883],
      [0.15576540966, 0.10668280417, 0.053396632856, 0.011177589923, 0.1921465033, 0.067551835382, 0.17734314525, 0.19071154306, 0.040841084494, 0.004383451894],
      [0.063656121759, 0.072875396578, 0.23853177074, 0.035073641246, 0.061498706011, 0.13160977738, 0.10053535443, 0.031270339756, 0.229760019, 0.035188873107],
      [0.33723197753, 0.060196467811, 0.078220969638, 0.016045484381, 0.083889592718, 0.0078349029415, 0.039520514358, 0.12132799265, 0.06511886998, 0.19061322799],
      [0.23166031751, 0.046766971327, 0.08209730637, 0.09215180794, 0.1040590191, 0.11210144892, 0.029678417751, 0.1220831836, 0.14165748993, 0.03774403755]
    ],
    [
      [0.32947122309, 0.17066799171, 0.13968261118, 0.016012664677, 0.056866060947, 0.093004926077, 0.014534356386, 0.13026693767, 0.047721788086, 0.0017714401692],
      [0.1739814196, 0.18773728935, 0.12608593549, 0.095723691149, 0.026323748279, 0.041915547655, 0.038925055172, 0.09045748199, 0.20139483837, 0.017454992943],
      [0.052359495015, 0.013730610368, 0.19238272319, 0.17208984795, 0.18146377051, 0.14150912542, 0.05001677973, 0.032652604801, 0.14855257441, 0.015242468599],
      [0.053117494755, 0.098655038158, 0.05990149567, 0.023269820451, 0.022051516536, 0.048728428749, 0.072008507324, 0.25137968323, 0.18996293684, 0.18092507828],
      [0.12900175622, 0.11277413574, 0.039308920564, 0.0071866203694, 0.18957921475, 0.0668782849, 0.10550685509, 0.31350657026, 0.030005600794, 0.0062520413078],
      [0.065160241766, 0.092558182431, 0.18587695813, 0.034005444117, 0.075431927639, 0.16091118583, 0.073965590156, 0.070292261886, 0.20007450944, 0.041723698603],
