{
  "X": [
    [16, 8, 77, 4],
    [8, 16, 37, 2],
    [7, 22, 69, 2],
    [28, 49, 142, 9],
    [1, 3, 8, 2],
    [48, 227, 865, 37],
    [209, 527, 2146, 113],
    [189, 294, 1774, 91],
    [6, 7, 52, 4],
    [17, 45, 148, 6],
    [5, 32, 57, 5],
    [75, 116, 540, 27],
    [35, 44, 291, 17],
    [1, 3, 4, 1],
    [17, 63, 257, 11],
    [80, 558, 1531, 129],
    [94, 469, 1798, 104],
    [48, 274, 1061, 65],
    [17, 70, 229, 22],
    [2, 12, 39, 1],
    [23, 81, 284, 16],
    [13, 47, 144, 6],
    [1, 0, 34, 2],
    [6, 13, 93, 2],
    [4, 7, 5, 0],
    [3, 19, 101, 8],
    [1, 7, 18, 1],
    [0, 13, 45, 5],
    [0, 1, 6, 4],
    [1, 3, 24, 3],
    [9, 34, 173, 13],
    [10, 56, 181, 8],
    [1, 5, 17, 0],
    [6, 59, 208, 13],
    [3, 11, 31, 2],
    [119, 554, 1656, 92],
    [20, 89, 301, 8],
    [27, 132, 244, 17],
    [0, 3, 4, 0],
    [0, 1, 7, 0],
    [4, 27, 110, 5],
    [57, 207, 1091, 60],
    [4, 16, 38, 2],
    [0, 4, 23, 1],
    [96, 255, 1068, 46],
    [44, 157, 559, 39],
    [0, 0, 7, 0],
    [11, 70, 160, 13],
    [4, 15, 44, 1],
    [34, 135, 399, 35],
    [26, 82, 333, 20],
    [8, 15, 89, 2],
    [6, 38, 137, 4],
    [7, 38, 66, 3],
    [1, 10, 14, 2],
    [13, 46, 148, 10],
    [36, 113, 301, 25],
    [13, 72, 257, 24],
    [22, 160, 346, 24],
    [15, 134, 395, 25],
    [6, 86, 242, 19],
    [4, 40, 112, 13],
    [1, 8, 35, 2],
    [3, 1, 6, 0],
    [5, 39, 103, 10],
    [0, 0, 9, 1],
    [1, 8, 21, 0],
    [4, 42, 90, 6],
    [0, 2, 4, 1],
    [2, 11, 33, 3],
    [0, 4, 21, 3],
    [0, 3, 7, 3],
    [2, 4, 21, 1],
    [1, 4, 4, 1],
    [0, 5, 14, 3],
    [8, 5, 36, 4],
    [10, 72, 220, 20],
    [1, 0, 6, 1],
    [0, 4, 4, 0],
    [16, 109, 258, 15],
    [3, 33, 95, 4],
    [27, 149, 362, 20],
    [6, 13, 46, 3],
    [3, 11, 41, 4],
    [12, 91, 292, 17],
    [8, 25, 143, 8],
    [2, 1, 6, 0],
    [0, 1, 5, 1],
    [0, 2, 4, 0],
    [24, 112, 276, 18],
    [2, 26, 62, 11],
    [17, 44, 106, 12],
    [20, 103, 249, 17],
    [123, 185, 1573, 47],
    [305, 777, 2991, 223],
    [129, 402, 1435, 126],
    [3, 2, 20, 3]
  ],
  "W": [
    [5, 49, 31, 11, 9],
    [5, 12, 24, 16, 6],
    [4, 24, 38, 27, 7],
    [18, 84, 68, 46, 12],
    [3, 4, 3, 2, 2],
    [62, 214, 607, 224, 70],
    [177, 761, 1425, 475, 157],
    [98, 701, 1128, 281, 140],
    [2, 28, 27, 7, 5],
    [11, 63, 88, 44, 10],
    [8, 21, 37, 29, 4],
    [31, 223, 350, 110, 44],
    [26, 128, 167, 39, 27],
    [0, 2, 2, 4, 1],
    [17, 83, 170, 61, 17],
    [139, 334, 1130, 520, 175],
    [121, 429, 1272, 476, 167],
    [78, 199, 801, 272, 98],
    [12, 75, 156, 74, 21],
    [5, 10, 24, 12, 3],
    [22, 96, 184, 76, 26],
    [13, 54, 93, 37, 13],
    [3, 12, 18, 4, 0],
    [5, 35, 61, 12, 1],
    [2, 4, 6, 3, 1],
    [4, 8, 95, 16, 8],
    [1, 3, 11, 8, 4],
    [1, 8, 35, 12, 7],
    [1, 1, 4, 3, 2],
    [1, 4, 16, 4, 6],
    [8, 22, 150, 33, 16],
    [21, 53, 110, 59, 12],
    [2, 6, 10, 5, 0],
    [11, 46, 156, 57, 16],
    [4, 16, 14, 11, 2],
    [157, 390, 1227, 518, 129],
    [34, 89, 188, 89, 18],
    [44, 95, 165, 95, 21],
    [3, 1, 2, 1, 0],
    [1, 1, 5, 0, 1],
    [5, 17, 93, 25, 6],
    [58, 242, 811, 226, 78],
    [8, 11, 23, 15, 3],
    [0, 6, 16, 4, 2],
    [88, 354, 706, 238, 79],
    [63, 131, 395, 146, 64],
    [0, 1, 4, 1, 1],
    [32, 30, 116, 63, 13],
    [4, 12, 31, 14, 3],
    [50, 108, 267, 132, 46],
    [24, 104, 218, 81, 34],
    [4, 33, 55, 15, 7],
    [8, 44, 89, 36, 8],
    [16, 23, 46, 27, 2],
    [6, 5, 5, 7, 4],
    [14, 49, 88, 52, 14],
    [39, 103, 186, 106, 41],
    [28, 58, 178, 71, 31],
    [57, 77, 232, 147, 39],
    [43, 66, 265, 139, 56],
    [29, 49, 158, 85, 32],
    [13, 27, 71, 43, 15],
    [4, 10, 23, 6, 3],
    [1, 5, 3, 1, 0],
    [18, 29, 54, 47, 9],
    [1, 0, 7, 0, 2],
    [2, 9, 10, 6, 3],
    [9, 13, 68, 41, 11],
    [2, 1, 1, 1, 2],
    [10, 6, 20, 8, 5],
    [1, 3, 12, 7, 5],
    [1, 2, 5, 2, 3],
    [3, 1, 17, 3, 4],
    [0, 0, 4, 5, 1],
    [1, 2, 11, 4, 4],
    [0, 21, 21, 8, 3],
    [25, 32, 158, 73, 34],
    [1, 2, 4, 1, 0],
    [1, 1, 4, 2, 0],
    [27, 42, 179, 113, 37],
    [4, 13, 73, 35, 10],
    [48, 70, 247, 156, 37],
    [9, 8, 29, 16, 6],
    [6, 10, 21, 18, 4],
    [34, 52, 204, 95, 27],
    [7, 34, 97, 30, 16],
    [0, 2, 5, 2, 0],
    [0, 0, 5, 1, 1],
    [1, 1, 2, 1, 1],
    [29, 76, 183, 101, 41],
    [9, 16, 36, 24, 16],
    [15, 33, 75, 45, 11],
    [36, 71, 165, 95, 22],
    [65, 592, 977, 189, 105],
    [202, 826, 2170, 738, 360],
    [148, 339, 1021, 379, 205],
    [3, 6, 14, 3, 2]
  ],
  "method": "mvn_pdf",
  "cond_prob": [
    [
      [0.063088347286, 0.32463700159, 0.56983524843, 0.042439402686],
      [0.28751657824, 0, 0.70112093296, 0.011362488798],
      [0.0010363777828, 0.012172453648, 0.98514358338, 0.0016475851939],
      [0.0014638199531, 0.53836907774, 0.40864773833, 0.051519363978],
      [0.17200179988, 0.008601008201, 0.52903575962, 0.2903614323]
    ],
    [
      [0.1076816838, 0.52905991202, 0.33966429779, 0.023594106387],
      [0.42748543133, 0.0033405942359, 0.54910866321, 0.020065311223],
      [0, 0.042546437781, 0.95597760319, 0.0014759590246],
      [0, 0.76198228545, 0.21299445043, 0.025023264119],
      [0.38862773418, 0.016963705852, 0.39350014482, 0.20090841515]
    ],
    [
      [0.036093243328, 0.48373855042, 0.45888286506, 0.021285341189],
      [0.22748532202, 0.0042050665156, 0.76356208401, 0.0047475274549],
      [0.0021888286552, 0.032933963704, 0.96487720764, 0],
      [0.010723188767, 0.68816718307, 0.28846751854, 0.012642109623],
      [0.14618253038, 0.018874234028, 0.6264316618, 0.20851157379]
    ],
    [
      [0.041710991155, 0.5757096936, 0.33933733263, 0.043241982614],
      [0.30107674077, 0.0045380347848, 0.67883121062, 0.015554013832],
      [0.0011171692071, 0.047270355133, 0.9488640048, 0.0027484708562],
      [0.00079750912579, 0.75621528401, 0.20008683311, 0.042900373747],
      [0.1538419174, 0.021311948296, 0.42861330593, 0.39623282838]
    ],
    [
      [0.042064534684, 0.49222971391, 0.37523873193, 0.090467019475],
      [0.20396495112, 0, 0.7933097005, 0.0027253483802],
      [0.00041231194671, 0.027330968784, 0.9678095018, 0.0044472174651],
      [0.00030973128957, 0.71425345693, 0.20203120016, 0.083405611611],
      [0.028045096518, 0.0064055190315, 0.19677704823, 0.76877233622]
    ],
    [
      [0.024351177781, 0.55436177805, 0.38602858236, 0.035258461807],
      [0.18489609888, 0.0063316403005, 0.79883181913, 0.0099404416945],
      [0, 0.04188434076, 0.95688572742, 0.001229931821],
      [0.00023198194109, 0.73320492119, 0.23113051392, 0.035432582955],
      [0.098149969478, 0.023041450701, 0.53590495628, 0.34290362355]
    ],
    [
      [0.031544078257, 0.56726127233, 0.35272867564, 0.048465973769],
      [0.24170363995, 0.0065737233676, 0.73789287419, 0.01382976249],
      [0.00086441473881, 0.046179807912, 0.94975722022, 0.0031985571266],
      [0.00060765266001, 0.7419811894, 0.20918579436, 0.048225363579],
      [0.11439364413, 0.021304841233, 0.44116723577, 0.42313427887]
    ],
    [
      [0.035320211427, 0.51216642066, 0.40019925899, 0.052314108917],
      [0.23979691378, 0.0052528434319, 0.74172752423, 0.013222718557],
      [0.00089813077776, 0.036850190384, 0.95919510135, 0.0030565774904],
      [0.00070845323854, 0.69794956692, 0.24713439245, 0.054207587396],
      [0.11592011316, 0.017390031949, 0.45294742525, 0.41374242964]
    ],
    [
      [0.025805567326, 0.50988150919, 0.3967845154, 0.067528408081],
      [0.19900099851, 0.0052838733866, 0.77498004928, 0.020735078824],
      [0.00059665060013, 0.032298992222, 0.96352303857, 0.0035813186098],
      [0.00049083421831, 0.69953582082, 0.23291890194, 0.067054443028],
      [0.071363100283, 0.012692998217, 0.37228704688, 0.54365685462]
    ],
    [
      [0.029965434411, 0.59086062879, 0.34688008142, 0.032293855379],
      [0.23896109784, 0.0067806703959, 0.7449228151, 0.0093354166642],
      [0.0035651048768, 0.046745787933, 0.94683711009, 0.0028519970971],
      [0.00056510143412, 0.76609735346, 0.20172918384, 0.031608361266],
      [0.12772373651, 0.025143795822, 0.50564319759, 0.34148927008]
    ],
    [
      [0.017638409384, 0.67844375195, 0.25031997879, 0.053597859871],
      [0.20433891544, 0.010653371749, 0.76356288636, 0.021444826446],
      [0.0076563484505, 0.069329752585, 0.91171041499, 0.01130348397],
      [0.00030738635246, 0.81656417763, 0.13457397451, 0.048554461502],
      [0.068894100949, 0.02579179515, 0.3316722351, 0.5736418688]
    ],
    [
      [0.043887041818, 0.55346804957, 0.35844585843, 0.04419905019],
      [0.29888798123, 0.0057429907525, 0.68227749256, 0.013091535462],
      [0, 0.0441649607, 0.953135745, 0.0026992943016],
      [0.0008589312727, 0.73829802079, 0.21610328124, 0.044739766697],
      [0.15665907841, 0.020256477139, 0.44025967869, 0.38282476577]
    ],
    [
      [0.037965754234, 0.47027198254, 0.43742019088, 0.054342072343],
      [0.23812830784, 0.0043555512869, 0.74496523594, 0.012550904927],
      [0.00217211237, 0.029571188105, 0.96415837497, 0.0040983245563],
      [0.00078200478462, 0.66363523408, 0.27762020845, 0.057962552687],
      [0.11626763087, 0.01463908691, 0.46036622546, 0.40872705677]
    ],
    [
      [0.027608788237, 0.60327374438, 0.32073422756, 0.04838323983],
      [0.38328629485, 0.0033071805915, 0.60305146452, 0.010355060045],
      [0.00073179595625, 0.02851744137, 0.96837179295, 0.002378969722],
      [0.044266509583, 0.73195058568, 0.16702635318, 0.056756551558],
      [0.054897780063, 0.0085484133676, 0.18904807234, 0.74750573423]
    ],
    [
      [0.022855837578, 0.56548746543, 0.3728343132, 0.038822383788],
      [0.18107665093, 0.0065892676562, 0.8010481138, 0.011285967613],
      [8.8269406849e-05, 0.042662443174, 0.95368199478, 0.0035672926415],
      [0.00043785556553, 0.7409953675, 0.22005153368, 0.038515243257],
      [0.090610220334, 0.022733595016, 0.50739650371, 0.37925968094]
    ],
    [
      [0.020715452559, 0.61545324757, 0.31092322136, 0.052908078515],
      [0.18942400592, 0.0085733042707, 0.78384832897, 0.018154360837],
      [0, 0.056266455499, 0.94009258743, 0.0036409570751],
      [0, 0.77259254558, 0.17690623242, 0.050501222001],
      [0.079159623522, 0.024338837406, 0.40960266118, 0.48689887789]
    ],
    [
      [0.023716659858, 0.54663049648, 0.38419345898, 0.04545938468],
      [0.17839130751, 0.0063030279268, 0.80123216744, 0.014073497119],
      [0, 0.041152102486, 0.9562386272, 0.0026092703099],
      [0, 0.72337092297, 0.23087290891, 0.045756168115],
      [0.087427624154, 0.0208603428, 0.48834103704, 0.403370996]
    ],
    [
      [0.024768059168, 0.54286443292, 0.38219524287, 0.050172265038],
      [0.18819171617, 0.0062133546057, 0.79143481921, 0.014160110022],
      [0, 0.040926187944, 0.95581987816, 0.0032539338934],
      [0.00016188755955, 0.71947667376, 0.22980595366, 0.050555485018],
      [0.087488841343, 0.019801886313, 0.4650438799, 0.42766539244]
    ],
    [
      [0.022869842791, 0.56831486817, 0.32110880759, 0.087706481454],
      [0.200923985, 0.0073291453632, 0.76793916738, 0.023807702265],
      [0.0018182159673, 0.053609960874, 0.94457182316, 0],
      [0.00042902081351, 0.72876711942, 0.18561425099, 0.085189608777],
      [0.063851132418, 0.016124521237, 0.30774275095, 0.61228159539]
    ],
    [
      [0.019413413606, 0.51610408404, 0.44600328015, 0.018479222205],
      [0.14077212374, 0.0048799509221, 0.84971101837, 0.0046369069647],
      [0.0093521572868, 0.031193448826, 0.95928507999, 0.00016931389308],
      [0.00037714835019, 0.71310197732, 0.26765199374, 0.018868880595],
      [0.088744713156, 0.021604523639, 0.67940252362, 0.21024823958]
    ],
    [
      [0.024489378625, 0.59135523237, 0.34414510152, 0.040010287486],
      [0.20376307988, 0.0072627041903, 0.77672950292, 0.012244713007],
      [0.0015366191398, 0.048030181758, 0.94686006929, 0.003573129812],
      [0.00046132870346, 0.76080831242, 0.19972373457, 0.039006624307],
      [0.099314580718, 0.024383849943, 0.4792891888, 0.39701238054]
    ],
    [
      [0.019266380183, 0.68487242741, 0.2715218866, 0.024339305812],
      [0.20438023424, 0.010604002813, 0.77594139423, 0.0090743687142],
      [0.0032431935336, 0.068100882283, 0.92865592418, 0],
      [0.00034015844429, 0.8296914475, 0.14771342758, 0.022254966475],
      [0.10760011903, 0.037852052462, 0.51838326279, 0.33616456572]
    ],
    [
      [0.018279105979, 0, 0.73093354067, 0.25078735335],
      [0.078615480937, 0, 0.92138451906, 0],
      [0, 0, 1, 0],
      [0.00044422770354, 0, 0.68764628731, 0.31190948499],
      [0.0030785180039, 0.00021700852199, 0.039424093995, 0.95728037948]
    ],
    [
      [0.02297332628, 0.50886483082, 0.42696757023, 0.041194272674],
      [0.1643577185, 0.0050027969594, 0.82031361523, 0.010325869313],
      [0.00080313456458, 0.030725659775, 0.95999003693, 0.0084811687308],
      [0.00045035640407, 0.69912062411, 0.25819439485, 0.042234624631],
      [0.078217735801, 0.016865216716, 0.49646062494, 0.40845642254]
    ],
    [
      [0.045910487226, 0.92569278139, 0.028396731379, 0],
      [0.77423952799, 0.053636711569, 0.17212376044, 0],
      [0, 0.31541241131, 0.68458758869, 0],
      [0.00063402605985, 0.98702600933, 0.012339964609, 0],
      [0.8093188354, 0.080515095079, 0.11016606952, 0]
    ],
    [
      [0.026259285799, 0.56163403153, 0.30441224592, 0.10769443675],
      [0.24528028809, 0.0068338425572, 0.71418019059, 0.033705678768],
      [0.0045802969988, 0.053147496714, 0.94110515039, 0.0011670559022],
      [0.00048331974697, 0.72190587169, 0.17405608548, 0.10355472308],
      [0.06123240266, 0.012410874809, 0.23487785467, 0.69147886786]
    ],
    [
      [0.014402383433, 0.55997245815, 0.40924769473, 0.01637746369],
      [0.12026047027, 0.0052215475309, 0.86992962139, 0.0045883608046],
      [0.02865991107, 0.026814856193, 0.94332601126, 0.0011992214809],
      [0.00026282776867, 0.75456979158, 0.22952262829, 0.015644752362],
      [0.076863640456, 0.023210287122, 0.69204907274, 0.20787699968]
    ],
    [
      [0, 0.68567872047, 0.26260421741, 0.051717062121],
      [0, 0.011051344332, 0.94345719832, 0.045491457352],
      [0, 0.062639036558, 0.93375425022, 0.0036067132264],
      [0, 0.82073647252, 0.13828177564, 0.040981751838],
      [0, 0.026386653591, 0.40699401868, 0.56661932773]
    ],
    [
      [0, 0.043915137094, 0.16758490549, 0.78849995741],
      [0, 0.00090932211634, 0.67214819398, 0.32694248391],
      [0, 0.0066687115576, 0.99333128844, 0],
      [0, 0.30940825719, 0.39388856176, 0.29670318104],
      [0, 0.00013796148863, 0.0026380307386, 0.99722400777]
    ],
    [
      [0.019614810708, 0.37314088979, 0.55384839254, 0.053395906969],
      [0.1167904359, 0.0026645805582, 0.86952916113, 0.011015822407],
      [0.011057121335, 0.012254167389, 0.96668997194, 0.0099987393321],
      [0.00040160138635, 0.59176305274, 0.35041026163, 0.057425084249],
      [0.055783849797, 0.0088469831351, 0.51655906089, 0.41881010618]
    ],
    [
      [0.040973693087, 0.52083523698, 0.35715523585, 0.08103583409],
      [0.29613810465, 0.0053041249473, 0.67779384451, 0.020763925888],
      [0.002420168595, 0.042330641773, 0.95274033863, 0.0025088510042],
      [0.00079891216707, 0.70134762156, 0.21561293097, 0.082240535299],
      [0.11048642264, 0.013909973624, 0.3253135011, 0.55029010264]
    ],
    [
      [0.022895680429, 0.50942993506, 0.43101419536, 0.036660189153],
      [0.16013304348, 0.0052784027641, 0.82362340453, 0.010965149224],
      [0, 0.033576408599, 0.96362469806, 0.0027988933416],
      [0, 0.6965440159, 0.26505763662, 0.038398347475],
      [0.086011617204, 0.019392844433, 0.55496200917, 0.33963352919]
    ],
    [
      [0.021209928938, 0.52582938327, 0.45296068779, 0],
      [0.12213681176, 0.00422551868, 0.87363766956, 0],
      [0.019758421657, 0.023165456022, 0.95707612232, 0],
      [0.005435010999, 0.73826671223, 0.25629827677, 0],
      [0.092219504175, 0.024574212768, 0.86012097045, 0.023085312608]
    ],
    [
      [0.013735833261, 0.60674401201, 0.32748562263, 0.052034532096],
      [0.10896130951, 0.0084219629562, 0.85827095497, 0.024345772557],
      [0, 0.05126778796, 0.94531603723, 0.0034161748072],
      [0, 0.76433842878, 0.18604596883, 0.049615602395],
      [0.05229284978, 0.02333376311, 0.42770451193, 0.49666887518]
    ],
    [
      [0.019334112243, 0.57105890832, 0.36929808436, 0.040308895075],
      [0.16535190913, 0, 0.80457505885, 0.030073032013],
      [0.0093163726563, 0.029982551371, 0.9584730035, 0.0022280724735],
      [0.00035632476521, 0.7506538827, 0.20996289925, 0.039026893285],
      [0.071342107652, 0.019407968924, 0.46069639006, 0.44855353337]
    ],
    [
      [0.031163199348, 0.58981791257, 0.33440553791, 0.044613350175],
      [0.24947675944, 0.0071319183628, 0.73010715311, 0.013284169087],
      [0.00084706925459, 0.050353807682, 0.94565793051, 0.0031411925524],
      [0.00059147488338, 0.76023859399, 0.19542464574, 0.043745285386],
      [0.11988917484, 0.023483921344, 0.44344413648, 0.41318276734]
    ],
    [
      [0.02706914888, 0.52139514527, 0.42521179845, 0.026323907402],
      [0.18774552504, 0.0097718506477, 0.80248262432, 0],
      [0.0013291546472, 0.03592148365, 0.9627493617, 0],
      [0.0012217217863, 0.71072141312, 0.2615236057, 0.026533259402],
      [0.11176016096, 0.0219680922, 0.60274246564, 0.2635292812]
    ],
    [
      [0.019367655065, 0.73588631248, 0.20885310097, 0.035892931493],
      [0.24734449003, 0.01384455424, 0.72200279226, 0.016808163471],
      [0.0026659769128, 0.096784672625, 0.89513135569, 0.0054179947733],
      [0.00033140401413, 0.8578329343, 0.11007947476, 0.031756186929],
      [0.10374890726, 0.040103326514, 0.38409402391, 0.47205374232]
    ],
    [
      [0, 0.68035324452, 0.31964675548, 0],
      [0, 0.0069840571049, 0.9930159429, 0],
      [0, 0.037963956434, 0.96203604357, 0],
      [0, 0.87602829647, 0.12397170353, 0],
      [0.063629911796, 0.023640334999, 0.50689772967, 0.40583202354]
    ],
    [
      [0, 0.80164947241, 0.19835052759, 0],
      [0, 0.0050255308939, 0.99497446911, 0],
      [0, 0.033158831681, 0.96684116832, 0],
      [9.3525910253e-06, 0.93091387038, 0.068736114604, 0.00034066242668],
      [0, 0.027530838297, 0.9724691617, 0]
    ],
    [
      [0.020248738316, 0.60316655235, 0.32936938063, 0.047215328704],
      [0.18513640413, 0.0075906608034, 0.79214925189, 0.015123683179],
      [0.0029900186797, 0.048766807769, 0.94260213698, 0.0056410365757],
      [0.00037228788958, 0.76741076352, 0.18705077645, 0.045166172136],
      [0.077343083969, 0.022423965676, 0.42472461077, 0.47550833958]
    ],
    [
      [0.029489065793, 0.48098243452, 0.42690245453, 0.062626045165],
      [0.19804281201, 0.0048659676161, 0.7814731881, 0.015618032277],
      [0.00039500099612, 0.03240325359, 0.96446891767, 0.0027328277472],
      [0.00060036745495, 0.66585287018, 0.26764691164, 0.065899850723],
      [0.08855442084, 0.014918811714, 0.44167502382, 0.45485174363]
    ],
    [
      [0.038148993924, 0.53501254677, 0.39591928772, 0.030919171581],
      [0.27388701217, 0.0048994183173, 0.71387979257, 0.0073337769492],
      [0.0095297912016, 0.028147489465, 0.95114250309, 0.011180216243],
      [0.00073429190463, 0.73064700747, 0.23717368907, 0.031445011558],
      [0.15061711286, 0.019636218185, 0.51536169097, 0.31438497799]
    ],
    [
      [0.0050775350334, 0.64380716373, 0.3333655082, 0.017749793036],
      [0, 0.0065593038424, 0.94937920701, 0.044061489143],
      [0, 0.037536621464, 0.96137764625, 0.0010857322817],
      [0, 0.81344643397, 0.17111557488, 0.015437991153],
      [0, 0.053136248827, 0.61861005916, 0.32825369201]
    ],
    [
      [0.032284587343, 0.54744461377, 0.38137493047, 0.038895868413],
      [0.23302288272, 0.0059527209316, 0.75059156739, 0.010432828963],
      [0.0011715341251, 0.041576871323, 0.95535034299, 0.0019012515654],
      [0.00063303399808, 0.72969554342, 0.23025914032, 0.03941228226],
      [0.12267203351, 0.021478484674, 0.49937435089, 0.35647513093]
    ],
    [
      [0.035882237213, 0.53718920626, 0.37886133863, 0.0480672179],
      [0.25378881372, 0.0056846755669, 0.72795043465, 0.012576076066],
      [0.0010468912413, 0.040507432859, 0.9550550653, 0.0033906106015],
      [0.00070672782092, 0.72044238731, 0.22989025445, 0.048960630415],
      [0.12463093994, 0.019177546553, 0.45249219976, 0.40369931374]
    ],
    [
      [0.0022709049286, 0.0027043923433, 0.99275945658, 0.0022652461503],
      [0, 0, 1, 0],
      [0, 0, 1, 0],
      [0, 0, 1, 0],
      [0, 0, 1, 0]
    ],
    [
      [0.034631164107, 0.56132087272, 0.34418969624, 0.059858266936],
      [0.26817107754, 0.0062804925889, 0.70890324716, 0.016645182718],
      [0.0028775535448, 0.044970448342, 0.94760855696, 0.0045434411531],
      [0.0006627055712, 0.73638107847, 0.20346084505, 0.059495370911],
      [0.11316336618, 0.018518257237, 0.38293895848, 0.4853794181]
    ],
    [
      [0.031206514102, 0.60524839157, 0.34585841908, 0.017686675246],
      [0.26085538295, 0.0062861743857, 0.72794201739, 0.0049164252672],
      [0.0068216972443, 0.045649510452, 0.9475287923, 0],
      [0.0035801040706, 0.78603006915, 0.19637697941, 0.014012847362],
      [0.16110509219, 0.028005516315, 0.58619728058, 0.22469211091]
    ],
    [
      [0.033589944601, 0.54204960048, 0.36484347027, 0.05951698465],
      [0.24776113711, 0.0059606453687, 0.73008490058, 0.016193316938],
      [0.0017909959011, 0.042576291033, 0.95252082433, 0.0031118887379],
      [0.00065487228336, 0.72014000445, 0.21917267419, 0.060032449077],
      [0.1086448025, 0.017987390941, 0.40553922032, 0.46782858624]
    ],
    [
      [0.027687967138, 0.54575984425, 0.3827991433, 0.043753045309],
      [0.20658740883, 0.006036099503, 0.77534277592, 0.012033715746],
      [0.0015522318396, 0.0403455864, 0.9545852125, 0.0035169692648],
      [0.00053919847726, 0.72569699772, 0.22967027762, 0.044093526182],
      [0.10200990154, 0.020506315857, 0.48453832511, 0.39294545749]
    ],
    [
      [0.029429094516, 0.51756052893, 0.43181204624, 0.021198330319],
      [0.20265302955, 0.0080450989784, 0.78875931452, 0.00054255695117],
      [0.0055055439497, 0.032526329247, 0.9619681268, 0],
      [0.000579392116, 0.71515767108, 0.26250517671, 0.021757760097],
      [0.1261768354, 0.021136634756, 0.62826711586, 0.22441941398]
    ],
    [
      [0.014705351315, 0.61391389031, 0.34616979463, 0.025210963741],
      [0.12025262431, 0.0081857091425, 0.86324702358, 0.0083146429657],
      [0, 0.049983326384, 0.94921880249, 0.00079787112418],
      [0.00027141904252, 0.77887001052, 0.19673785474, 0.024120715698],
      [0.072683829299, 0.030085156028, 0.58559205163, 0.31163896305]
    ],
    [
      [0.023085292372, 0.70816099637, 0.2353705119, 0.033383199359],
      [0.26616971993, 0.011109784566, 0.7094611706, 0.013259324903],
      [0.0057661905309, 0.077322062565, 0.90701185253, 0.0098998943751],
      [0.00039879500572, 0.84398059032, 0.12561116762, 0.03000944705],
      [0.11635976701, 0.034804098248, 0.40120907181, 0.44762706294]
    ],
    [
      [0.010565485643, 0.6668197812, 0.29770950703, 0.024905226119],
      [0.11608856047, 0.0087148386538, 0.86583616027, 0.0093604406084],
      [0.00031446161785, 0.052387139246, 0.9455932333, 0.0017051658365],
      [0.017788387045, 0.79583508221, 0.14280523762, 0.043571293125],
      [0.057518316595, 0.030681461953, 0.53923983166, 0.3725603898]
    ],
    [
      [0.032280232805, 0.49786440445, 0.42113380498, 0.048721557768],
      [0.21796422802, 0.004883244407, 0.76521404959, 0.011938477982],
      [0.0038416239501, 0.031898770161, 0.95868054502, 0.0055790608735],
      [0.00064843705168, 0.68751995235, 0.26100220818, 0.050829402415],
      [0.10686056667, 0.016606433244, 0.4766168224, 0.39991617769]
    ],
    [
      [0.036917254571, 0.57841634358, 0.34027787774, 0.044388524117],
      [0.28057869227, 0.0065175505838, 0.70047824294, 0.012425514201],
      [0, 0.047628510864, 0.94801735894, 0.004354130194],
      [0, 0.75477243665, 0.20128864282, 0.043938920531],
      [0.13806394555, 0.02208959963, 0.43687997178, 0.40296648303]
    ],
    [
      [0.023133054889, 0.52245518782, 0.38684109159, 0.067570665695],
      [0.1752047386, 0.005884957833, 0.79999318617, 0.0189171174],
      [0, 0.038948275116, 0.95870061255, 0.0023511123328],
      [0, 0.69849406727, 0.23310116144, 0.068404771291],
      [0.070658052405, 0.016259852896, 0.40548235939, 0.50759973531]
    ],
    [
      [0.024827307022, 0.59867494187, 0.33866160334, 0.03783614777],
      [0.20877626791, 0.0074959861297, 0.77200049083, 0.011727255136],
      [0.0016695477561, 0.050037982083, 0.94583473977, 0.0024577303886],
      [0.0004667363874, 0.76658645312, 0.19615150355, 0.036795306938],
      [0.10392629596, 0.025674793053, 0.48677744018, 0.38362147081]
    ],
    [
      [0.020408395545, 0.53210961969, 0.41429091877, 0.033191065995],
      [0.14424951235, 0.0058863381243, 0.84077111205, 0.0090930374807],
      [0, 0.038316590412, 0.96091835065, 0.00076505893599],
      [0, 0.7147256195, 0.25144916276, 0.033825217741],
      [0.082178056727, 0.021964829775, 0.57321072413, 0.32264638936]
    ],
    [
      [0.014069629635, 0.55924480193, 0.38520223277, 0.041483335665],
      [0.07787394375, 0.0068451053675, 0.89216973258, 0.023111218306],
      [0, 0.041418308285, 0.95622224472, 0.0023594469976],
      [0, 0.73156023796, 0.22731339757, 0.041126364464],
      [0.055504921776, 0.022493051408, 0.52212702795, 0.39987499887]
    ],
    [
      [0.016456354436, 0.52555304158, 0.38525532384, 0.072735280146],
      [0.11319508247, 0.0061364762955, 0.85937133944, 0.021297101794],
      [0, 0.038899848036, 0.95887451054, 0.002225641421],
      [0, 0.69781601231, 0.22931921703, 0.072864770658],
      [0.048653344383, 0.015609857312, 0.38985586961, 0.5458809287]
    ],
    [
      [0.010852236902, 0.59465581453, 0.36076707105, 0.033724877525],
      [0.08202221916, 0.0067260102757, 0.88421611848, 0.027035652089],
      [0, 0.038365726206, 0.9561173648, 0.0055169089943],
      [0.00019670211375, 0.76769226318, 0.20037136229, 0.031739672415],
      [0.045062882703, 0.021850452442, 0.50728098897, 0.42580567588]
    ],
    [
      [0.20608963076, 0.25052679693, 0.54338357232, 0],
      [0.55609592768, 0.010675198058, 0.43322887426, 0],
      [0.0032220492534, 0.0082981468122, 0.98847980393, 0],
      [0.003764583094, 0.67120277235, 0.32503264456, 0],
      [0.2298093279, 0.01147700769, 0.34334570213, 0.41536796229]
    ],
    [
      [0.022027558861, 0.43791574867, 0.46833801748, 0.071718674985],
      [0.14025987382, 0.0057398985703, 0.83690269625, 0.01709753136],
      [0, 0.028069781514, 0.96948126315, 0.0024489553393],
      [0, 0.62398436903, 0.29884727467, 0.077168356306],
      [0.05955195551, 0.012002879921, 0.43354748611, 0.49489767846]
    ],
    [
      [0, 0, 0.85804370884, 0.14195629116],
      [2.0482834593e-07, 0.00066859352833, 0.99513613074, 0.0041950708992],
      [0, 0, 0.98918301728, 0.010816982723],
      [5.190485606e-05, 0.3333484406, 0.61610510434, 0.050494550202],
      [0, 0, 0.60883758511, 0.39116241489]
    ],
    [
      [0.006204092007, 0.76511841535, 0.22867749264, 0],
      [0.088424368205, 0.011759479067, 0.89981615273, 0],
      [0, 0.068481244414, 0.93151875559, 0],
      [0.00010009339366, 0.88591595419, 0.11398395242, 0],
      [0.063723980593, 0.12120656281, 0.81506945659, 0]
    ],
    [
      [0.020064984124, 0.62808427987, 0.31964274281, 0.032207993194],
      [0.1892936267, 0.0082424931592, 0.79173064155, 0.010733238593],
      [0.0045350353319, 0.052475914374, 0.93979818488, 0.0031908654172],
      [0.00036575211041, 0.78915970053, 0.17995908323, 0.030515464136],
      [0.09411088697, 0.028743561008, 0.5041925446, 0.37295300742]
    ],
    [
      [0, 0.55785085474, 0.35059942277, 0.091549722487],
      [0, 0.0042767233874, 0.97759139511, 0.018131881498],
      [0, 0.023638034559, 0.97520052131, 0.0011614441356],
      [0, 0.8235477623, 0.16071460628, 0.015737631419],
      [0, 0.016417885133, 0.59264731588, 0.39093479899]
    ],
    [
      [0.023986831812, 0.49261099748, 0.44190479715, 0.041497373563],
      [0.1717125053, 0.0045739210975, 0.81360528184, 0.010108291767],
      [0.015252096944, 0.023192098357, 0.94896121066, 0.012594594037],
      [0.00047141984522, 0.68781227829, 0.26892638513, 0.042789916736],
      [0.084208670495, 0.016021261041, 0.51373700864, 0.38603305983]
    ],
    [
      [0, 0.30011238575, 0.63244299808, 0.067444616173],
      [0, 0.0021572820822, 0.94117650575, 0.056666212163],
      [0, 0.012245614471, 0.98564748581, 0.0021068997163],
      [0, 0.50162126241, 0.4303318033, 0.068046934295],
      [0, 0.0070239115003, 0.54078700636, 0.45218908214]
    ],
    [
      [0, 0.79284592706, 0.1367418264, 0.070412246537],
      [0, 0.028122409391, 0.91843638317, 0.053441207436],
      [0, 0.068091818012, 0.92288768792, 0.0090204940658],
      [0, 0.88570102657, 0.061007126124, 0.053291847305],
      [0, 0.013016036984, 0.096644238465, 0.89033972455]
    ],
    [
      [0.095102579816, 0.4549415912, 0.4279062887, 0.022049540288],
      [0.61258678866, 0.0018924941758, 0.38258700149, 0.0029337156694],
      [0, 0.025243324218, 0.97186339018, 0.0028932855984],
      [0.0017910996177, 0.70622292497, 0.26870612945, 0.023279845966],
      [0.27418304326, 0.021369361405, 0.50147452774, 0.2029730676]
    ],
    [
      [0.93585018786, 0.039311806766, 0.01662196794, 0.0082160374302],
      [0.54855900372, 0.0049380956911, 0.43084994782, 0.015652952767],
      [0, 0.042217042506, 0.89996521552, 0.057817741971],
      [0, 0.766226366, 0.080027827581, 0.15374580642],
      [1, 5.2518423604e-37, 6.311847251e-36, 3.0843788393e-35]
    ],
    [
      [0, 0.74176019526, 0.20973766451, 0.048502140225],
      [0, 0.01108951533, 0.96295402429, 0.025956460377],
      [0, 0.063374194668, 0.93249351329, 0.0041322920384],
      [0, 0.86110111866, 0.10195878921, 0.036940092131],
      [0, 0.023635039522, 0.29977262096, 0.67659233952]
    ],
    [
      [0.067656175939, 0.3409079397, 0.41666769567, 0.17476818869],
      [0.367492238, 0.013547897269, 0.61826180578, 0.00069805895116],
      [0.0014821548385, 0.020870775901, 0.96924279278, 0.0084042764824],
      [0.0014130866339, 0.53324344774, 0.27101936521, 0.19432410042],
      [0.080077685758, 0.0037534271757, 0.1647495029, 0.75141938417]
    ],
    [
      [0.025356542872, 0.5311220981, 0.39502055766, 0.048500801376],
      [0.18870711153, 0.0058055781272, 0.7922804029, 0.01320690744],
      [0.0016103663303, 0.037591447979, 0.95683435891, 0.0039638267809],
      [0.000496707837, 0.71167136057, 0.23861288862, 0.04921904298],
      [0.089316509026, 0.018962086636, 0.47567481144, 0.4160465929]
    ],
    [
      [0.010727528159, 0, 0.93376387634, 0.055508595503],
      [0.44215924151, 0, 0.55784075849, 0],
      [0.022431695911, 0, 0.97756830409, 0],
      [0.015227205186, 0, 0.040281390317, 0.9444914045],
      [0.13250416507, 0.0068219485278, 0.41233468412, 0.44833920228]
    ],
    [
      [0, 0.97833864306, 0.021661356936, 0],
      [0, 0.041235098612, 0.95876490139, 0],
      [0, 0.2503768314, 0.7496231686, 0],
      [0, 0.98945946637, 0.010540533633, 0],
      [0.077457062018, 0.049380701317, 0.34828358605, 0.52487865061]
    ],
    [
      [0.030903696708, 0.56660011777, 0.37342312503, 0.029073060492],
      [0.2317796333, 0.0062588538353, 0.75397783458, 0.0079836782782],
      [0.00075626802241, 0.044208490188, 0.95503524179, 0],
      [0.003673649048, 0.74882095856, 0.22252494451, 0.024980447886],
      [0.13190165599, 0.024563159428, 0.54469944761, 0.29883573697]
    ],
    [
      [0.016854629394, 0.59640078824, 0.36189315863, 0.024851423737],
      [0.14717692532, 0.0072643792996, 0.83782299918, 0.0077356961974],
      [0.0024024222441, 0.04619913406, 0.9513984437, 0],
      [0.00067778489407, 0.76760175864, 0.20802234806, 0.023698108402],
      [0.08201821581, 0.028136157727, 0.59278598042, 0.29705964604]
    ],
    [
      [0.040751019644, 0.53144836048, 0.39263670944, 0.035163910436],
      [0.27374079359, 0.0053025288958, 0.7122777636, 0.0086789139193],
      [0.00031412037425, 0.039513776636, 0.95923514613, 0.00093695686101],
      [0.00081151687917, 0.72180491255, 0.24111783441, 0.036265736166],
      [0.15345705785, 0.020481959125, 0.50671706037, 0.31934392265]
    ],
    [
      [0, 0.33949640619, 0.57637792583, 0.08412566798],
      [0.50090997768, 0.0017308304273, 0.4925349153, 0.0048242765849],
      [0, 0.019908964432, 0.97847503639, 0.0016159991798],
      [0, 0.58144398043, 0.3717483314, 0.046807688171],
      [0.33212002975, 0.0083703409108, 0.42476166458, 0.23474796476]
    ],
    [
      [0.039887803577, 0.29582166088, 0.59642012778, 0.067870407769],
      [0.20356344656, 0.0020513023377, 0.78267792212, 0.011707328984],
      [0.015887285424, 0.018834231949, 0.95319279492, 0.012085687705],
      [0.00091779742683, 0.48787214982, 0.42805764331, 0.083152409444],
      [0.093721341334, 0.0068348609213, 0.46815343481, 0.43129036294]
    ],
    [
      [0.023925176727, 0.50888971292, 0.42463978434, 0.042545326013],
      [0.16937591136, 0.0053431903063, 0.81420850305, 0.01107239528],
      [6.4404589347e-05, 0.034211654984, 0.96206892959, 0.0036550108397],
      [0.00047794768087, 0.69407063757, 0.26143790355, 0.0440135112],
      [0.085942704982, 0.018667247365, 0.52313861855, 0.3722514291]
    ],
    [
      [0.028743198823, 0.44262471079, 0.48592618562, 0.042705904766],
      [0.17781461472, 0.0039432275003, 0.8086482489, 0.0095939088765],
      [0.0023208520753, 0.024165165211, 0.96907156285, 0.0044424198652],
      [0.00060044120946, 0.63973035596, 0.31330101244, 0.04636819039],
      [0.094372801255, 0.014476599074, 0.54409401678, 0.34705658289]
    ],
    [
      [0.64838533983, 0.052945373799, 0.29864395934, 2.5327026164e-05],
      [0.97652433562, 3.1018934986e-06, 0.023472562484, 0],
      [0, 0.0022331044499, 0.99776689555, 0],
      [0.023475664377, 0.49441413698, 0.48211019864, 0],
      [0.26767323929, 0.0094870180152, 0.30833333309, 0.4145064096]
    ],
    [
      [6.0243541138e-06, 0.72124455756, 0.23938501013, 0.039364407951],
      [0.17905776414, 0.0057734058811, 0.79887837204, 0.016290457941],
      [0, 0.01757879106, 0.98242120894, 0],
      [1.1102230246e-16, 0.91207946182, 0.087452844543, 0.00046769363876],
      [0, 2.6582882786e-05, 0.00044111075597, 0.99953230636]
    ],
    [
      [0, 0.90874542123, 0.091254578775, 0],
      [0, 0.0075342566908, 0.99246574331, 0],
      [0, 0.037090091422, 0.96290990858, 0],
      [0, 0.96410842225, 0.035891577748, 0],
      [0, 0.045431716989, 0.95456828301, 0]
    ],
    [
      [0.025763637376, 0.63832690272, 0.30693050238, 0.028978957524],
      [0.23243978249, 0.0085042638757, 0.74943738502, 0.0096185686156],
      [0.0014150177231, 0.059577372024, 0.93900761025, 0],
      [0.0023823813346, 0.79859280427, 0.17343936083, 0.025585453561],
      [0.12409420217, 0.031260084255, 0.5069757573, 0.33766995628]
    ],
    [
      [0.011867843285, 0.60567998689, 0.32455839167, 0.05789377816],
      [0.075372121592, 0.0082692139915, 0.88719108426, 0.029167580152],
      [0, 0.049087272168, 0.94711056576, 0.0038021620741],
      [0, 0.76286721752, 0.18243276742, 0.054700015053],
      [0.04295221656, 0.02128860472, 0.40059689633, 0.53516228239]
    ],
    [
      [0.075936261045, 0.51819368803, 0.31976527069, 0.086104780228],
      [0.41843584763, 0.0059405989781, 0.55711441455, 0.01850913884],
      [0, 0.050376478114, 0.94707179506, 0.0025517268227],
      [0, 0.71363240222, 0.19704981752, 0.08931778026],
      [0.18659755569, 0.012669177708, 0.26555625829, 0.53517700831]
    ],
    [
      [0.027416456355, 0.59429142642, 0.3329489511, 0.045343166118],
      [0.2285569155, 0.0073121569818, 0.75028236402, 0.013848563494],
      [0.0024519895523, 0.049316112, 0.94367970767, 0.0045521907818],
      [0.0005153411133, 0.76246324865, 0.19289009612, 0.04413131412],
      [0.10599685858, 0.023417200062, 0.44145813721, 0.42912780415]
    ],
    [
      [0.029998546915, 0.46151953274, 0.47256572083, 0.035916199521],
      [0.18555809019, 0.0043258949201, 0.80181330338, 0.0083027115021],
      [0, 0.027274625421, 0.97226212391, 0.00046325067424],
      [0.00062746138928, 0.65624801559, 0.30431044569, 0.038814077333],
      [0.10553442718, 0.016782062828, 0.57328555478, 0.30439795521]
    ],
    [
      [0.041561067906, 0.56363917587, 0.34301244234, 0.051787313882],
      [0.29593847471, 0.0061830955442, 0.68256404223, 0.015314387519],
      [0, 0.047420887726, 0.94927311109, 0.0033060011853],
      [0.00080641129887, 0.7423947288, 0.20490000873, 0.051898851174],
      [0.14323431288, 0.020130592592, 0.40770758407, 0.42892751046]
    ],
    [
      [0.040552540384, 0.53820778338, 0.36672192298, 0.054517753255],
      [0.28207132179, 0.0056663207011, 0.69753707777, 0.014725279741],
      [0, 0.04233184587, 0.95439794766, 0.0032702064678],
      [0, 0.72149233633, 0.22296537227, 0.055542291399],
      [0.1335416875, 0.018331488978, 0.4161751482, 0.43195167533]
    ],
    [
      [0.080292911828, 0.2057511448, 0.61994739927, 0.094008544101],
      [0.43485330781, 0.0012174247133, 0.56392926747, 0],
      [0.0038013392767, 0.020462774036, 0.97573588669, 0],
      [0.0017528789654, 0.36223438163, 0.31157442093, 0.32443831848],
      [0.045762015438, 0.0011300179729, 0.080778260455, 0.87232970613]
    ]
  ],
  "expected_outcome": [
    [
      [0.31544173643, 0.53840841899, 0.14437297331, 0.7507978408, 0.12619360405, 1.5097730224, 5.5833018515, 3.4613807198, 0.051611134652, 0.32961977852, 0.14110727507, 1.3604982964, 0.98710961009, 0, 0.38854923882, 2.8794479057, 2.8697158428, 1.9319086151, 0.27443811349, 0.097067068031, 0.53876632976, 0.25046294238, 0.054837317937, 0.1148666314, 0.091820974452, 0.1050371432, 0.014402383433, 0, 0, 0.019614810708, 0.32778954469, 0.480809289, 0.042419857877, 0.15109416587, 0.077336448974, 4.8926222977, 0.92035106193, 0.85217682284, 0, 0, 0.10124369158, 1.710365816, 0.30519195139, 0, 2.8410436862, 2.2605809444, 0, 1.1081972514, 0.12482605641, 1.67949723, 0.66451121132, 0.11771637806, 0.11764281052, 0.36936467795, 0.06339291386, 0.45192325927, 1.4397729283, 0.64772553689, 1.4151565002, 0.87756100845, 0.40801925942, 0.21393260766, 0.043408947608, 0.20608963076, 0.39649605949, 0, 0.012408184014, 0.18058485711, 0, 0.23986831812, 0, 0, 0.28530773945, 0, 0, 0, 0.63391357179, 0.010727528159, 0, 0.83439981111, 0.067418517577, 1.9560489429, 0, 0.23932682146, 0.81345600873, 0.20120239176, 0, 0, 0, 0.7471454839, 0.10681058957, 1.1390439157, 0.98699242877, 1.9499055495, 8.395335717, 6.0017759769, 0.24087873548],
