{
  "Z_true": {},
  "V_true": [
    [505, 51, 1236, 34],
    [792, 130, 14484, 545],
    [192, 8711, 957, 979],
    [72, 586, 586, 319],
    [83, 531, 824, 1164]
  ],
  "p_true": [
    [0.2766, 0.0279, 0.6769, 0.0186],
    [0.0497, 0.0081, 0.908, 0.0342],
    [0.0177, 0.8037, 0.0883, 0.0903],
    [0.0461, 0.3749, 0.3749, 0.2041],
    [0.0319, 0.2041, 0.3167, 0.4473]
  ],
  "Z_est": [
    [
      [29.3379, 4.6323, 9.7793, 13.8969, 8.7499, 12.3528, 9.2646, 15.441, 37.0584, 2.0588, 23.6762, 44.2642, 2.5735, 18.0145, 6.1764, 6.6911, 1.5441, 65.3669, 12.3528, 14.9263, 2.0588, 6.1764, 2.5735, 24.7056, 23.6762, 5.147, 4.1176, 24.1909, 20.588, 21.6174, 4.1176, 35.5143, 18.5292, 10.8087, 18.0145, 69.9992, 27.2791, 28.3085, 16.4704, 67.9404, 5.6617, 50.9553, 15.9557, 78.7491, 18.5292],
      [8.2479, 1.3023, 2.7493, 3.9069, 2.4599, 3.4728, 2.6046, 4.341, 10.4184, 0.5788, 6.6562, 12.4442, 0.7235, 5.0645, 1.7364, 1.8811, 0.4341, 18.3769, 3.4728, 4.1963, 0.5788, 1.7364, 0.7235, 6.9456, 6.6562, 1.447, 1.1576, 6.8009, 5.788, 6.0774, 1.1576, 9.9843, 5.2092, 3.0387, 5.0645, 19.6792, 7.6691, 7.9585, 4.6304, 19.1004, 1.5917, 14.3253, 4.4857, 22.1391, 5.2092],
      [15.4812, 2.4444, 5.1604, 7.3332, 4.6172, 6.5184, 4.8888, 8.148, 19.5552, 1.0864, 12.4936, 23.3576, 1.358, 9.506, 3.2592, 3.5308, 0.8148, 34.4932, 6.5184, 7.8764, 1.0864, 3.2592, 1.358, 13.0368, 12.4936, 2.716, 2.1728, 12.7652, 10.864, 11.4072, 2.1728, 18.7404, 9.7776, 5.7036, 9.506, 36.9376, 14.3948, 14.938, 8.6912, 35.8512, 2.9876, 26.8884, 8.4196, 41.5548, 9.7776],
      [3.933, 0.621, 1.311, 1.863, 1.173, 1.656, 1.242, 2.07, 4.968, 0.276, 3.174, 5.934, 0.345, 2.415, 0.828, 0.897, 0.207, 8.763, 1.656, 2.001, 0.276, 0.828, 0.345, 3.312, 3.174, 0.69, 0.552, 3.243, 2.76, 2.898, 0.552, 4.761, 2.484, 1.449, 2.415, 9.384, 3.657, 3.795, 2.208, 9.108, 0.759, 6.831, 2.139, 10.557, 2.484]
    ],
    [
      [5.5572, 1.7424, 3.762, 5.3856, 3.7884, 5.5572, 5.2668, 10.5072, 7.0884, 0.4752, 6.4812, 5.5044, 0.4224, 1.4916, 2.0592, 2.0328, 0.5544, 4.6596, 5.1348, 4.8312, 3.828, 2.7324, 1.0428, 8.7384, 6.534, 2.4024, 2.2836, 15.5364, 9.3324, 7.3392, 3.4188, 12.0516, 1.2936, 1.5048, 1.2672, 3.8148, 1.32, 1.8876, 1.32, 4.2108, 3.0096, 9.768, 3.168, 18.4008, 2.046],
      [8.3779, 2.6268, 5.6715, 8.1192, 5.7113, 8.3779, 7.9401, 15.8404, 10.6863, 0.7164, 9.7709, 8.2983, 0.6368, 2.2487, 3.1044, 3.0646, 0.8358, 7.0247, 7.7411, 7.2834, 5.771, 4.1193, 1.5721, 13.1738, 9.8505, 3.6218, 3.4427, 23.4223, 14.0693, 11.0644, 5.1541, 18.1687, 1.9502, 2.2686, 1.9104, 5.7511, 1.99, 2.8457, 1.99, 6.3481, 4.5372, 14.726, 4.776, 27.7406, 3.0845],
      [398.3923, 124.9116, 269.6955, 386.0904, 271.5881, 398.3923, 377.5737, 753.2548, 508.1631, 34.0668, 464.6333, 394.6071, 30.2816, 106.9319, 147.6228, 145.7302, 39.7446, 334.0439, 368.1107, 346.3458, 274.427, 195.8841, 74.7577, 626.4506, 468.4185, 172.2266, 163.7099, 1113.7951, 669.0341, 526.1428, 245.0917, 863.9719, 92.7374, 107.8782, 90.8448, 273.4807, 94.63, 135.3209, 94.63, 301.8697, 215.7564, 700.262, 227.112, 1319.1422, 146.6765],
      [8.6726, 2.7192, 5.871, 8.4048, 5.9122, 8.6726, 8.2194, 16.3976, 11.0622, 0.7416, 10.1146, 8.5902, 0.6592, 2.3278, 3.2136, 3.1724, 0.8652, 7.2718, 8.0134, 7.5396, 5.974, 4.2642, 1.6274, 13.6372, 10.197, 3.7492, 3.5638, 24.2462, 14.5642, 11.4536, 5.3354, 18.8078, 2.0188, 2.3484, 1.9776, 5.9534, 2.06, 2.9458, 2.06, 6.5714, 4.6968, 15.244, 4.944, 28.7164, 3.193]
    ],
    [
      [2.905, 0.5775, 1.33, 6.09, 3.78, 5.2675, 3.71, 5.6525, 10.5525, 0.2625, 9.485, 7.0525, 0.8575, 1.7325, 1.785, 1.26, 0.21, 5.4075, 9.0825, 7.14, 2.6425, 2.975, 0.7875, 7.2975, 4.1125, 1.9425, 1.0325, 7.5075, 4.6025, 5.005, 1.9775, 8.82, 1.3125, 2.2225, 2.66, 6.0725, 1.96, 3.2725, 2.555, 5.285, 2.975, 10.9375, 3.535, 12.3725, 1.68],
      [135.871, 27.0105, 62.206, 284.838, 176.796, 246.3685, 173.522, 264.3755, 493.5555, 12.2775, 443.627, 329.8555, 40.1065, 81.0315, 83.487, 58.932, 9.822, 252.9165, 424.8015, 333.948, 123.5935, 139.145, 36.8325, 341.3145, 192.3475, 90.8535, 48.2915, 351.1365, 215.2655, 234.091, 92.4905, 412.524, 61.3875, 103.9495, 124.412, 284.0195, 91.672, 153.0595, 119.501, 247.187, 139.145, 511.5625, 165.337, 578.6795, 78.576],
      [20.6504, 4.1052, 9.4544, 43.2912, 26.8704, 37.4444, 26.3728, 40.1812, 75.0132, 1.866, 67.4248, 50.1332, 6.0956, 12.3156, 12.6888, 8.9568, 1.4928, 38.4396, 64.5636, 50.7552, 18.7844, 21.148, 5.598, 51.8748, 29.234, 13.8084, 7.3396, 53.3676, 32.7172, 35.5784, 14.0572, 62.6976, 9.33, 15.7988, 18.9088, 43.1668, 13.9328, 23.2628, 18.1624, 37.5688, 21.148, 77.75, 25.1288, 87.9508, 11.9424],
      [6.5736, 1.3068, 3.0096, 13.7808, 8.5536, 11.9196, 8.3952, 12.7908, 23.8788, 0.594, 21.4632, 15.9588, 1.9404, 3.9204, 4.0392, 2.8512, 0.4752, 12.2364, 20.5524, 16.1568, 5.9796, 6.732, 1.782, 16.5132, 9.306, 4.3956, 2.3364, 16.9884, 10.4148, 11.3256, 4.4748, 19.9584, 2.97, 5.0292, 6.0192, 13.7412, 4.4352, 7.4052, 5.7816, 11.9592, 6.732, 24.75, 7.9992, 27.9972, 3.8016]
    ],
    [
      [3.156, 0.6312, 1.7884, 5.9964, 5.5756, 2.5248, 2.63, 7.1536, 6.6276, 0.3156, 10.7304, 8.6264, 0.4208, 2.5248, 2.2092, 1.3676, 0, 3.3664, 3.8924, 5.26, 3.0508, 1.052, 0.6312, 6.5224, 3.9976, 1.1572, 1.578, 4.208, 7.5744, 8.416, 2.5248, 6.6276, 1.578, 0.8416, 1.8936, 3.3664, 1.9988, 1.6832, 1.4728, 4.1028, 4.3132, 8.8368, 2.4196, 8.6264, 1.1572],
      [6.591, 1.3182, 3.7349, 12.5229, 11.6441, 5.2728, 5.4925, 14.9396, 13.8411, 0.6591, 22.4094, 18.0154, 0.8788, 5.2728, 4.6137, 2.8561, 0, 7.0304, 8.1289, 10.985, 6.3713, 2.197, 1.3182, 13.6214, 8.3486, 2.4167, 3.2955, 8.788, 15.8184, 17.576, 5.2728, 13.8411, 3.2955, 1.7576, 3.9546, 7.0304, 4.1743, 3.5152, 3.0758, 8.5683, 9.0077, 18.4548, 5.0531, 18.0154, 2.4167],
      [12.561, 2.5122, 7.1179, 23.8659, 22.1911, 10.0488, 10.4675, 28.4716, 26.3781, 1.2561, 42.7074, 34.3334, 1.6748, 10.0488, 8.7927, 5.4431, 0, 13.3984, 15.4919, 20.935, 12.1423, 4.187, 2.5122, 25.9594, 15.9106, 4.6057, 6.2805, 16.748, 30.1464, 33.496, 10.0488, 26.3781, 6.2805, 3.3496, 7.5366, 13.3984, 7.9553, 6.6992, 5.8618, 16.3293, 17.1667, 35.1708, 9.6301, 34.3334, 4.6057],
      [7.689, 1.5378, 4.3571, 14.6091, 13.5839, 6.1512, 6.4075, 17.4284, 16.1469, 0.7689, 26.1426, 21.0166, 1.0252, 6.1512, 5.3823, 3.3319, 0, 8.2016, 9.4831, 12.815, 7.4327, 2.563, 1.5378, 15.8906, 9.7394, 2.8193, 3.8445, 10.252, 18.4536, 20.504, 6.1512, 16.1469, 3.8445, 2.0504, 4.6134, 8.2016, 4.8697, 4.1008, 3.5882, 9.9957, 10.5083, 21.5292, 5.8949, 21.0166, 2.8193]
    ],
    [
      [3.8784, 0.7272, 1.3332, 7.4538, 2.3028, 3.2724, 3.8784, 5.5752, 6.1206, 0.4848, 5.3328, 3.2118, 0.4848, 0.909, 1.515, 1.212, 0.2424, 3.03, 5.2722, 6.363, 2.7876, 1.9392, 0.7272, 6.6054, 4.3632, 1.9392, 1.6968, 12.6654, 7.1508, 5.5146, 3.2724, 9.696, 0.5454, 0.7878, 0.9696, 2.5452, 0.606, 1.0908, 1.515, 3.0906, 2.121, 10.7868, 2.0604, 9.0294, 1.5756],
      [5.9008, 1.1064, 2.0284, 11.3406, 3.5036, 4.9788, 5.9008, 8.4824, 9.3122, 0.7376, 8.1136, 4.8866, 0.7376, 1.383, 2.305, 1.844, 0.3688, 4.61, 8.0214, 9.681, 4.2412, 2.9504, 1.1064, 10.0498, 6.6384, 2.9504, 2.5816, 19.2698, 10.8796, 8.3902, 4.9788, 14.752, 0.8298, 1.1986, 1.4752, 3.8724, 0.922, 1.6596, 2.305, 4.7022, 3.227, 16.4116, 3.1348, 13.7378, 2.3972],
      [10.8608, 2.0364, 3.7334, 20.8731, 6.4486, 9.1638, 10.8608, 15.6124, 17.1397, 1.3576, 14.9336, 8.9941, 1.3576, 2.5455, 4.2425, 3.394, 0.6788, 8.485, 14.7639, 17.8185, 7.8062, 5.4304, 2.0364, 18.4973, 12.2184, 5.4304, 4.7516, 35.4673, 20.0246, 15.4427, 9.1638, 27.152, 1.5273, 2.2061, 2.7152, 7.1274, 1.697, 3.0546, 4.2425, 8.6547, 5.9395, 30.2066, 5.7698, 25.2853, 4.4122],
      [43.3536, 8.1288, 14.9028, 83.3202, 25.7412, 36.5796, 43.3536, 62.3208, 68.4174, 5.4192, 59.6112, 35.9022, 5.4192, 10.161, 16.935, 13.548, 2.7096, 33.87, 58.9338, 71.127, 31.1604, 21.6768, 8.1288, 73.8366, 48.7728, 21.6768, 18.9672, 141.5766, 79.9332, 61.6434, 36.5796, 108.384, 6.0966, 8.8062, 10.8384, 28.4508, 6.774, 12.1932, 16.935, 34.5474, 23.709, 120.5772, 23.0316, 100.9326, 17.6124]
    ]
  ],
  "V_est": [
    [939.8422, 264.2222, 495.9416, 125.994],
    [210.5532, 317.4249, 15094.4313, 328.5906],
    [189.6825, 8871.7215, 1348.3716, 429.2244],
    [164.4276, 343.3911, 654.4281, 400.5969],
    [157.6812, 239.9044, 441.5594, 1762.5948]
  ],
  "p_est": [
    [0.5147, 0.1447, 0.2716, 0.069],
    [0.0132, 0.0199, 0.9463, 0.0206],
    [0.0175, 0.8185, 0.1244, 0.0396],
    [0.1052, 0.2197, 0.4187, 0.2563],
    [0.0606, 0.0922, 0.1697, 0.6774]
  ],
  "EI_Z": {},
  "EI_V": 9.1698,
  "MAE_Z": {},
  "MAE_V": 300.5945,
  "MAE_p": 0.092,
  "runtime": 93.886
}
