{
  "Z_true": {},
  "V_true": [
    [10, 113, 458, 434],
    [84, 1763, 701, 237],
    [149, 8348, 342, 297],
    [129, 527, 14081, 409],
    [856, 1037, 421, 123],
    [66, 381, 584, 273]
  ],
  "p_true": [
    [0.0099, 0.1113, 0.4512, 0.4276],
    [0.0302, 0.633, 0.2517, 0.0851],
    [0.0163, 0.9137, 0.0374, 0.0325],
    [0.0085, 0.0348, 0.9297, 0.027],
    [0.3513, 0.4255, 0.1728, 0.0505],
    [0.0506, 0.2922, 0.4479, 0.2094]
  ],
  "Z_est": [
    [
      [0, 0, 0, 0.303, 0.6499, 0.4621, 0.3344, 0.4611, 0.2293, 0.3688, 0.0899, 0.3614, 0.0871, 0, 0, 0, 0.1502, 0.0806, 0.0062, 0, 0.0192, 0.1335, 0.1621, 0.434, 0.185, 0.0734, 0.164, 0.354, 0.353, 0.1068, 0.3576, 0, 0.1096, 0.0468, 0.2846, 0.1203, 0.141, 0.2137, 0.8801, 0.0406, 0.088, 0.1946, 0.863, 0, 0.0307, 0.5872, 0],
      [0, 0, 1.1155, 13.0976, 24.3176, 10.3888, 15.6143, 15.8231, 7.5969, 11.6178, 4.792, 22.6723, 3.957, 0, 0, 0, 7.7661, 2.2798, 0.2659, 0, 0.313, 5.9071, 7.0115, 16.4095, 6.5672, 3.58, 9.1199, 10.9102, 17.7806, 6.6106, 10.4104, 0, 5.1902, 0.5927, 11.2324, 5.0853, 5.4005, 6.2333, 3.7077, 2.9938, 3.8313, 6.6521, 31.6407, 0, 0.7445, 16.8105, 2.9813],
      [0, 0, 1.0132, 13.4017, 27.3799, 10.7046, 16.5663, 16.2976, 7.6942, 12.2959, 4.7646, 25.7212, 3.5927, 0, 0, 0, 8.3741, 2.5725, 0.3975, 0, 0.4036, 6.4235, 6.8555, 16.4477, 7.1886, 3.6044, 10.5326, 10.8726, 18.6134, 7.4348, 12.2222, 0, 7.3573, 1.0537, 13.0174, 5.7599, 5.7489, 9.6988, 6.5638, 3.6511, 4.3907, 7.7311, 34.6982, 0, 0.6653, 19.0692, 3.1402],
      [0, 0, 0.8713, 12.1978, 21.6526, 10.4446, 12.4849, 10.4181, 5.4796, 11.7175, 3.3536, 14.2451, 3.3633, 0, 0, 0, 7.7096, 3.0671, 0.3304, 0, 0.2642, 4.536, 4.9709, 13.7089, 6.0592, 3.7422, 10.1835, 10.8632, 14.253, 5.8479, 6.0098, 0, 5.3428, 0.3068, 8.4656, 5.0345, 2.7096, 8.8542, 4.8483, 4.3145, 4.69, 5.4221, 25.7982, 0, 0.5595, 15.5331, 2.8786]
    ],
    [
      [0, 0, 0, 0, 0.024, 0.158, 0, 0.0805, 0.0321, 0.0726, 0, 0, 0, 0, 0, 0, 0, 0.0303, 0, 0.0213, 0.2497, 0, 0, 0.0269, 0.0247, 0, 0, 0.0878, 0, 0, 0.0386, 0.0068, 0, 0.0239, 0, 0, 0, 0, 0.6279, 0, 0, 0, 0, 0, 0.0672, 0.3526, 0],
      [3.3842, 4.0349, 5.3685, 50.2324, 97.1794, 30.3938, 67.8831, 90.1158, 27.6289, 38.2051, 30.5453, 78.5961, 51.3889, 2.9702, 2.5054, 4.5328, 90.336, 14.0919, 2.5134, 4.0042, 4.5209, 56.8996, 26.0515, 53.5385, 36.3004, 20.0037, 32.679, 43.3445, 58.0713, 53.1854, 47.7437, 2.1091, 14.579, 2.655, 53.9547, 18.7567, 57.499, 25.6852, 10.441, 12.5118, 20.6569, 38.9976, 136.6017, 0.5846, 9.4056, 171.0833, 19.1572],
      [1.6882, 2.2746, 2.0465, 22.5924, 48.5262, 13.7406, 31.8186, 40.7104, 12.2889, 17.7972, 13.215, 39.8994, 19.0044, 1.547, 0.6834, 2.1049, 42.9502, 6.9964, 2.0415, 1.1751, 2.6723, 27.4435, 11.1329, 23.5646, 17.5493, 8.8109, 16.7512, 18.9256, 26.8047, 26.634, 25.0163, 0.7738, 9.1508, 2.1332, 27.832, 9.4101, 27.0963, 17.7768, 7.9101, 6.7602, 10.4858, 20.1577, 66.3092, 0.0645, 3.4679, 86.2161, 9.0151],
      [0.9276, 0.6905, 0.585, 7.1751, 13.2704, 4.7075, 8.2983, 9.0934, 3.0501, 5.9251, 3.2397, 7.5046, 6.6067, 0.4829, 0.8112, 0.3624, 13.7138, 2.8814, 0.4451, 0.7995, 0.5571, 6.6569, 2.8155, 6.87, 5.1255, 3.1853, 5.5698, 6.6421, 7.124, 7.1806, 4.2014, 0.1103, 2.2702, 0.188, 6.2133, 2.8332, 4.4047, 5.538, 2.021, 2.728, 3.8573, 4.8447, 17.089, 0.351, 1.0593, 24.348, 2.8277]
    ],
    [
      [0, 0, 0, 0, 0, 0, 0, 0, 0, 0, 0, 0, 0, 0, 0, 0, 0, 0.2836, 0, 0, 0.0106, 0, 0, 0, 0.2367, 0, 0, 0, 0, 0, 0.5331, 0, 0, 0.4262, 0, 0, 0, 0, 11.8071, 0, 0, 0, 0, 0, 0, 2.2306, 0],
      [8.8252, 5.5028, 16.1691, 370.0077, 475.515, 148.453, 253.2548, 498.4581, 224.7766, 194.9948, 130.3082, 350.7224, 96.7489, 10.0173, 6.8927, 8.6143, 343.7464, 70.5157, 3.5904, 9.9354, 3.7572, 205.009, 186.18, 355.4615, 214.3612, 198.4451, 177.209, 376.6829, 442.9803, 233.2909, 168.8127, 2.9283, 54.7184, 5.5802, 223.865, 171.6436, 233.9843, 52.8096, 62.1032, 49.276, 175.3458, 102.8423, 801.8387, 0.8422, 43.4451, 685.1048, 40.0194],
      [0.0186, 0.0642, 0, 0, 3.9479, 0, 0.7823, 0, 0, 0, 0, 6.5667, 0, 0.2088, 0, 0.0677, 0.9526, 0.0295, 0.1388, 0, 0.026, 1.445, 0, 0, 0.607, 0, 2.1542, 0, 0, 2.5644, 2.4691, 0, 8.6084, 1.7538, 2.6834, 1.7996, 1.3543, 11.5863, 10.6353, 0.5437, 1.6717, 0.9709, 4.4392, 0, 0, 4.9279, 0.1184],
      [1.1562, 0.4329, 0.8309, 25.9923, 31.5371, 11.547, 14.9629, 24.5419, 12.2234, 15.0052, 6.6918, 15.7109, 6.2511, 0.774, 1.1073, 0.3179, 25.3011, 7.1712, 0.2707, 1.0646, 0.2062, 11.546, 9.82, 22.5385, 14.7951, 15.5549, 14.6368, 29.3171, 26.0197, 15.1447, 7.1851, 0.0717, 4.6732, 0.2397, 12.4516, 12.5569, 8.6614, 6.604, 7.4544, 5.1803, 15.9825, 6.1869, 48.7221, 0.1578, 2.5549, 47.7366, 2.8622]
    ],
    [
      [0, 0, 0, 0, 0, 5.9602, 0, 1.4701, 1.0431, 1.915, 0, 0, 0, 0, 1.0477e-31, 0, 0, 0.3672, 0, 0.1233, 0.2148, 0, 0, 0.2917, 0.1433, 0, 0, 4.4014, 0, 0, 0, 0.2128, 0, 0, 0, 0, 0, 0, 17.7677, 0, 0, 0, 0, 0, 1.2682, 4.6513, 0],
      [0.2879, 0, 1.5895, 15.9356, 13.7512, 8.2752, 11.5581, 20.4685, 8.1383, 8.0665, 9.1821, 1.009, 13.4451, 0, 2.4544, 0.3195, 14.7151, 1.5173, 0, 1.2953, 0, 5.3602, 9.8547, 16.4228, 5.1292, 6.6684, 2.5452, 19.6746, 13.1919, 4.7007, 0, 0.8739, 0, 0, 1.306, 3.3141, 10.9992, 0, 0, 0, 3.2527, 2.1054, 26.3652, 0.5732, 3.6751, 12.7199, 2.5915],
      [20.0617, 25.6334, 20.1962, 351.4516, 1088.7608, 256.154, 486.8074, 577.7575, 179.5604, 278.8342, 213.4448, 586.9617, 169.3518, 13.7991, 13.6795, 24.563, 627.0444, 93.9523, 7.9345, 8.2504, 33.4551, 309.4452, 159.1926, 310.6613, 254.0857, 101.5055, 354.3205, 344.9207, 476.2534, 600.2688, 445.1747, 16.7505, 372.7346, 20.9913, 679.8522, 310.5761, 599.8513, 445.6568, 95.0286, 251.3038, 269.0409, 390.9227, 1426.6018, 2.9355, 37.3403, 1180.1784, 109.7057],
      [0.6504, 0.3666, 0.2143, 5.6128, 13.4881, 5.6107, 5.6345, 6.3039, 2.2581, 5.1843, 2.3731, 3.0293, 3.2031, 0.2009, 0.8662, 0.1175, 9.2405, 2.1633, 0.0655, 0.3311, 0.3301, 3.1946, 1.9527, 4.6243, 3.6418, 1.8261, 5.1343, 7.0033, 5.5548, 6.0305, 2.8253, 0.1628, 2.2654, 0.0087, 5.8418, 4.1098, 4.1495, 4.3432, 1.2038, 3.6962, 4.7064, 3.9718, 17.033, 0.4913, 0.7164, 16.4504, 1.7029]
    ],
    [
      [0.7214, 0.6046, 0, 33.5475, 75.028, 32.6521, 26.8584, 76.6924, 31.5905, 30.2085, 9.2153, 31.804, 10.5632, 1, 0, 0, 20.3915, 5.6135, 1.6755, 1.1753, 2.0208, 23.1414, 14.0364, 39.8145, 26.6355, 10.9252, 11.873, 47.1169, 37.5489, 14.9846, 21.4535, 3.9518, 7.5076, 2.861, 30.0242, 23.5848, 32.7864, 20.8428, 58.3396, 6.4337, 9.5568, 21.0145, 91.321, 0, 6.7901, 67.6496, 0.8349],
      [0.1419, 0.1672, 0.5173, 26.1787, 49.4928, 14.3135, 24.3456, 45.9318, 18.3829, 17.102, 10.3984, 42.6735, 8.5075, 1.0126, 1.0844, 0.5334, 21.8022, 2.646, 0.7834, 0.3774, 0.4549, 20.1625, 11.3193, 26.0599, 16.2005, 10.238, 13.654, 26.2204, 37.2484, 22.0561, 10.591, 1.9339, 7.3491, 0.4727, 23.5538, 18.5835, 24.4596, 10.659, 1.5755, 10.1989, 7.6663, 12.577, 57.8637, 0, 2.8455, 33.6679, 0.5423],
      [0.0406, 0.097, 0.2217, 11.7434, 25.6939, 6.4787, 10.9842, 21.412, 8.3041, 8.2426, 4.1705, 19.4566, 3.32, 0.4451, 0.3047, 0.2645, 9.8579, 1.387, 0.8949, 0.1144, 0.2785, 9.3453, 4.6948, 11.7574, 8.2386, 4.325, 6.5365, 11.4536, 16.3045, 9.9259, 5.8846, 0.6543, 7.1195, 0.4951, 11.7076, 9.3414, 11.2344, 9.3531, 3.7594, 5.627, 3.8898, 6.7475, 29.5332, 0, 0.9946, 17.9173, 0.2719],
      [0.096, 0.1312, 0.2609, 15.5304, 28.7853, 9.5557, 11.8118, 19.9637, 8.7226, 11.4469, 4.2158, 15.0658, 4.6092, 0.5423, 1.6109, 0.2022, 12.9484, 2.3535, 0.6462, 0.3328, 0.2459, 9.3508, 4.9495, 14.3682, 9.9254, 6.5117, 8.9366, 17.2092, 17.8982, 11.0334, 4.0709, 0.46, 5.0238, 0.1712, 10.7143, 11.4903, 7.5196, 10.1452, 5.3255, 8.7404, 5.8871, 6.661, 31.2821, 0, 1.3697, 20.7652, 0.351]
    ],
    [
      [0.2786, 0.3954, 0, 5.1495, 11.2981, 3.7675, 4.8072, 11.2959, 6.1051, 6.4352, 2.6948, 5.8346, 2.3497, 0, 0, 0, 5.4583, 1.6249, 0.3183, 0.6801, 1.4849, 3.7251, 3.8015, 8.4329, 4.7747, 2.0013, 1.963, 7.0399, 6.0981, 4.9086, 4.6172, 0.8286, 2.3828, 0.6421, 6.6912, 3.2949, 6.0726, 3.9435, 11.5777, 1.5258, 3.3553, 4.7909, 19.816, 0, 1.8438, 20.5287, 0.1651],
      [0.3608, 1.2951, 1.2401, 18.548, 35.7441, 8.1757, 18.3439, 33.2027, 17.4764, 18.0137, 11.7741, 27.3267, 8.9525, 0, 1.0631, 0, 23.6343, 3.9492, 0.8469, 1.3878, 1.9541, 13.6616, 13.5829, 27.1078, 14.4415, 8.0648, 8.793, 19.1674, 24.7274, 25.1563, 11.4423, 2.1547, 9.1634, 0.6995, 22.088, 11.6169, 19.6573, 9.6128, 6.1726, 9.0194, 12.2469, 13.8256, 61.69, 0, 3.8843, 50.6136, 1.7084],
      [0.1909, 0.9308, 0.5223, 8.8109, 18.6913, 3.9222, 9.0412, 15.8224, 8.1523, 8.83, 5.4051, 14.3943, 3.7311, 0, 0.3324, 0, 11.8207, 2.0624, 0.5927, 0.4601, 1.1645, 6.8975, 6.1241, 12.569, 7.3309, 3.7541, 4.7049, 8.8275, 12.0241, 13.1721, 6.233, 0.8214, 6.0293, 0.5729, 11.9073, 6.113, 9.7149, 6.9283, 5.1028, 5.1142, 6.5211, 7.47, 31.4184, 0, 1.5318, 26.6911, 0.7488],
      [0.1697, 0.3788, 0.2376, 4.4916, 8.2665, 2.1346, 3.8076, 5.679, 3.2662, 4.7211, 2.126, 4.4444, 1.9667, 0, 0.6045, 0, 6.0867, 1.3636, 0.2421, 0.472, 0.3965, 2.7158, 2.4915, 5.8902, 3.4529, 2.1797, 2.539, 4.9651, 5.1504, 5.763, 1.7075, 0.1954, 2.4245, 0.0855, 4.3135, 2.9753, 2.5552, 3.5154, 2.1469, 3.3406, 3.8767, 2.9135, 13.0756, 0, 0.7401, 12.1666, 0.3776]
    ]
  ],
  "V_est": [
    [9.5267, 339.021, 373.9204, 292.5319],
    [1.9249, 1722.9272, 832.9659, 227.182],
    [15.5279, 8495.5855, 73.1358, 551.7508],
    [39.8298, 283.3325, 14642.9526, 179.885],
    [1022.3912, 694.5463, 340.8248, 379.2378],
    [204.7996, 633.5875, 323.2005, 142.4124]
  ],
  "p_est": [
    [0.0094, 0.334, 0.3684, 0.2882],
    [0.0007, 0.6186, 0.2991, 0.0816],
    [0.0017, 0.9299, 0.008, 0.0604],
    [0.0026, 0.0187, 0.9668, 0.0119],
    [0.4195, 0.285, 0.1399, 0.1556],
    [0.1571, 0.4859, 0.2479, 0.1092]
  ],
  "EI_Z": {},
  "EI_V": 6.713,
  "MAE_Z": {},
  "MAE_V": 178.0243,
  "MAE_p": 0.0687,
  "runtime": 0.004
}
