{
  "X": [
    [56, 103, 484, 948, 83],
    [33, 85, 348, 531, 60],
    [43, 83, 409, 745, 70],
    [45, 93, 412, 804, 83],
    [39, 89, 426, 671, 89],
    [10, 2, 26, 177, 10],
    [4, 22, 55, 214, 20],
    [9, 7, 54, 63, 13],
    [5, 5, 33, 111, 7],
    [3, 1, 30, 28, 3],
    [18, 24, 70, 234, 14],
    [4, 12, 45, 208, 11],
    [7, 11, 25, 109, 9],
    [13, 28, 104, 170, 13],
    [13, 19, 222, 119, 36],
    [6, 34, 146, 97, 28],
    [25, 61, 441, 241, 53],
    [9, 18, 175, 58, 31],
    [18, 20, 179, 105, 42],
    [11, 23, 118, 44, 18],
    [10, 20, 51, 227, 18],
    [10, 18, 69, 288, 11],
    [1, 4, 19, 117, 10],
    [4, 2, 23, 165, 11],
    [8, 15, 48, 198, 19],
    [19, 42, 201, 395, 37],
    [16, 99, 448, 965, 62],
    [22, 91, 428, 829, 79],
    [4, 3, 15, 107, 8],
    [33, 80, 377, 673, 77],
    [5, 1, 12, 21, 3],
    [37, 127, 474, 871, 107],
    [21, 60, 187, 370, 33],
    [3, 16, 46, 139, 12],
    [39, 86, 445, 280, 76],
    [6, 9, 78, 32, 22],
    [21, 40, 318, 142, 55],
    [25, 31, 84, 278, 43],
    [6, 5, 16, 133, 13],
    [4, 12, 39, 179, 18],
    [4, 9, 71, 20, 4],
    [1, 13, 30, 169, 7],
    [13, 15, 97, 231, 22],
    [2, 6, 22, 127, 11],
    [5, 17, 49, 240, 14],
    [5, 12, 35, 223, 17],
    [1, 11, 26, 158, 14],
    [11, 34, 104, 239, 22],
    [20, 44, 211, 242, 20],
    [26, 59, 243, 406, 49],
    [38, 99, 279, 357, 59],
    [2, 4, 19, 76, 1],
    [11, 11, 38, 97, 5],
    [6, 7, 46, 147, 19],
    [3, 6, 21, 73, 6],
    [0, 0, 2, 8, 0],
    [3, 17, 45, 65, 4],
    [12, 26, 84, 202, 14],
    [10, 11, 85, 158, 17],
    [6, 4, 49, 209, 6],
    [2, 6, 25, 118, 11],
    [9, 1, 24, 60, 10],
    [9, 14, 29, 153, 13],
    [4, 51, 154, 210, 17],
    [34, 126, 577, 1236, 112],
    [8, 16, 82, 121, 28],
    [110, 97, 573, 1074, 183],
    [8, 2, 59, 105, 7]
  ],
  "W": [
    [48, 488, 911, 120, 107],
    [38, 342, 493, 109, 75],
    [69, 386, 705, 100, 90],
    [40, 423, 778, 114, 82],
    [44, 430, 638, 108, 94],
    [10, 25, 155, 11, 24],
    [11, 44, 211, 30, 19],
    [10, 56, 60, 7, 13],
    [8, 32, 103, 9, 9],
    [5, 32, 23, 4, 1],
    [11, 73, 220, 37, 19],
    [6, 44, 197, 23, 10],
    [11, 23, 102, 14, 11],
    [15, 99, 172, 27, 15],
    [12, 224, 118, 22, 33],
    [4, 146, 93, 43, 25],
    [26, 436, 228, 76, 55],
    [6, 177, 46, 34, 28],
    [9, 192, 89, 39, 35],
    [4, 133, 42, 21, 14],
    [12, 49, 220, 22, 23],
    [16, 67, 271, 16, 26],
    [1, 23, 108, 8, 11],
    [6, 26, 151, 8, 14],
    [6, 50, 181, 26, 25],
    [22, 194, 346, 69, 63],
    [25, 423, 877, 153, 112],
    [26, 409, 736, 156, 122],
    [5, 14, 107, 3, 8],
    [28, 387, 623, 107, 95],
    [5, 13, 15, 1, 8],
    [34, 492, 784, 168, 138],
    [14, 199, 340, 80, 38],
    [1, 48, 122, 25, 20],
    [36, 436, 252, 113, 89],
    [6, 82, 29, 12, 18],
    [16, 322, 131, 67, 40],
    [22, 100, 265, 36, 38],
    [5, 18, 116, 12, 22],
    [6, 46, 167, 21, 12],
    [4, 73, 16, 10, 5],
    [3, 35, 164, 9, 9],
    [19, 91, 216, 32, 20],
    [1, 20, 128, 9, 10],
    [6, 49, 227, 24, 19],
    [3, 38, 206, 15, 30],
    [2, 30, 143, 12, 23],
    [9, 98, 227, 49, 27],
    [25, 207, 204, 68, 33],
    [29, 242, 352, 96, 64],
    [43, 282, 324, 114, 69],
    [3, 18, 66, 10, 5],
    [18, 37, 88, 9, 10],
    [7, 46, 134, 16, 22],
    [2, 13, 72, 12, 10],
    [0, 2, 7, 0, 1],
    [1, 44, 56, 22, 11],
    [18, 81, 186, 31, 22],
    [7, 92, 136, 17, 29],
    [7, 43, 194, 9, 21],
    [0, 28, 114, 8, 12],
    [6, 27, 61, 4, 6],
    [7, 34, 147, 20, 10],
    [4, 160, 189, 60, 23],
    [48, 589, 1120, 165, 163],
    [7, 87, 112, 30, 19],
    [88, 665, 1017, 139, 128],
    [14, 54, 94, 3, 16]
  ],
  "method": "mult",
  "cond_prob": [
    [
      [0.65708977703, 0.025783668397, 0.068252555632, 0.18905101513, 0.059822983814],
      [0.0038071419241, 0.0097469263897, 0.89493211761, 0.017829198188, 0.073684615883],
      [0.018137570602, 0.022728603684, 0.024219230621, 0.93387228425, 0.0010423108401],
      [0.030536507811, 0.61518000552, 0.068728574196, 0.20845243144, 0.077102481031],
      [0.022561660636, 0.023163787107, 0.12790519565, 0.50890616664, 0.31746318997]
    ],
    [
      [0.60733440069, 0.029201421985, 0.080512644714, 0.21476986499, 0.068181667617],
      [0.0029800623191, 0.009392602393, 0.89893504511, 0.017231895746, 0.071460394432],
      [0.0097926480026, 0.023828266832, 0.040067343677, 0.92501535195, 0.0012963895392],
      [0.02483261261, 0.61653526097, 0.071655913573, 0.20930332514, 0.077672887704],
      [0.018234416278, 0.023045292691, 0.13254718748, 0.50798407778, 0.31818902576]
    ],
    [
      [0.54969627186, 0.032540716332, 0.09406985167, 0.24561397764, 0.078079182507],
      [0.0023316066132, 0.008986512169, 0.90150029534, 0.016921519495, 0.07026006638],
      [0.0011986192204, 0.019874071608, 0.049452058485, 0.92824583356, 0.0012294171232],
      [0.020168394212, 0.61251150083, 0.074637501613, 0.21338866529, 0.079293938055],
      [0.014545456862, 0.022483625659, 0.13558460932, 0.50854166474, 0.31884464341]
    ],
    [
      [0.64016215106, 0.025711204182, 0.068646498087, 0.19232864375, 0.073151502924],
      [0.0036205926897, 0.0095102023597, 0.88095811789, 0.01774729891, 0.088163788149],
      [0.016549914489, 0.022526306635, 0.024557725879, 0.93284839827, 0.0035176547285],
      [0.029130878966, 0.60236171686, 0.067842199877, 0.20813080762, 0.092534396678],
      [0.020307921648, 0.021390657937, 0.11913334986, 0.47947293768, 0.35969513288]
    ],
    [
      [0.6011824711, 0.029005705185, 0.077673360963, 0.20989365921, 0.082244803538],
      [0.0030114399487, 0.0094993967618, 0.8825753521, 0.017148245212, 0.087765565976],
      [0.010941908763, 0.024679838921, 0.037899934423, 0.92147801962, 0.0050002982708],
      [0.024539156852, 0.60964489114, 0.068836883997, 0.20368566618, 0.093293401825],
      [0.017254099605, 0.021825775416, 0.1219194583, 0.47329686262, 0.36570380405]
    ],
    [
      [0.67236795507, 0.0047332664108, 0.058363514623, 0.20926717973, 0.055268084166],
      [0.0041854187825, 0, 0.86060872615, 0.10631888353, 0.028886971539],
      [0.012964309977, 0, 0, 0.98703569002, 0],
      [0.058005221665, 0.17751521235, 0.11536625638, 0.50909950976, 0.14001379984],
      [0.021839978957, 0, 0.10967157833, 0.56911373139, 0.29937471132]
    ],
    [
      [0.36363636364, 0.038601838717, 0.12532236239, 0.31213184255, 0.1603075927],
      [0, 0.0076348101977, 0.87309279324, 0.015399805708, 0.10387259086],
      [0, 0.016477840373, 0.049183645272, 0.92653941198, 0.0077991023782],
      [0, 0.57718691537, 0.085830601309, 0.2109510928, 0.12603139052],
      [0, 0.023527176078, 0.11856336419, 0.42424260894, 0.43366685079]
    ],
    [
      [0.66981994626, 0.024870566246, 0.062958199643, 0.16528872463, 0.077062563215],
      [0.0037608031378, 0.0097655817429, 0.87136490545, 0.016190648618, 0.098918061055],
      [0.027021764536, 0.024657694573, 0.044100400276, 0.89233599978, 0.011884140838],
      [0.028360627762, 0.63462465831, 0.061900978405, 0.177987609, 0.09712612652],
      [0.020874253471, 0.021737498257, 0.11497326409, 0.43495101396, 0.40746397022]
    ],
    [
      [0.56552175811, 0.019105804278, 0.084066754005, 0.25049112588, 0.080814557733],
      [0.0023919609434, 0.0057139238606, 0.8942048785, 0.024269190112, 0.07342004658],
      [0.00051677567829, 0.00046627976435, 0.01799111411, 0.98102583045, 0],
      [0.02480307835, 0.49985398081, 0.086480628448, 0.28220993422, 0.10665237818],
      [0.013647509439, 0.013066151028, 0.12016660516, 0.51487855171, 0.33824118266]
    ],
    [
      [0.56854327514, 0, 0.075665568248, 0.2956171625, 0.060173994117],
      [0, 0, 0.89217384427, 0.047850666727, 0.059975489007],
      [0, 0, 0.02186668873, 0.97691765343, 0.0012156578407],
      [0.03549988258, 0.24842214208, 0.11184964346, 0.48984629389, 0.11438203799],
      [0.015284093987, 0.0063114316777, 0.12177672763, 0.5622016478, 0.29442609891]
    ],
    [
      [0.73943353429, 0.016382897209, 0.048728925693, 0.15253032086, 0.042924321946],
      [0.0056781476379, 0.0085703151737, 0.88536164905, 0.032808293631, 0.067581594508],
      [0.032352059691, 0.0087587305312, 0, 0.95888920978, 0],
      [0.046907453897, 0.56500336036, 0.069848154226, 0.23942187063, 0.078819160895],
      [0.031510390475, 0.019058424893, 0.1183263016, 0.53225924585, 0.29884563718]
    ],
    [
      [0.48871552357, 0.022999330762, 0.092785081086, 0.28842007153, 0.10707999305],
      [0.0018644485166, 0.0061776724456, 0.87877371076, 0.025792150503, 0.087392017778],
      [0.0023293121338, 0.00015949564404, 0.014083295886, 0.98342789634, 0],
      [0.018593178721, 0.49683422001, 0.082359732892, 0.28035885193, 0.12185401645],
      [0.0099153522895, 0.013157872582, 0.11085630942, 0.49510757759, 0.37096288812]
    ],
    [
      [0.57103882006, 0.028878225006, 0.077527277176, 0.23122160036, 0.091334077394],
      [0.0026056923879, 0.0091159608048, 0.87590963398, 0.01820597775, 0.09416273508],
      [0.002072986781, 0.017768589194, 0.018351956551, 0.95920912746, 0.0025973400177],
      [0.020886396741, 0.60308709443, 0.065084913624, 0.21259249302, 0.098349102182],
      [0.014071622577, 0.019732455143, 0.11074454642, 0.47474536409, 0.38070601177]
    ],
    [
      [0.63904417936, 0.034680555597, 0.078186569697, 0.1934029047, 0.054685790651],
      [0.0031473440843, 0.011549557581, 0.9098371578, 0.016064977013, 0.059400963522],
      [0.012579659289, 0.043099969295, 0.051553329846, 0.89037353179, 0.0023935097812],
      [0.023178979063, 0.68379499844, 0.063635499023, 0.17237447298, 0.057016050491],
      [0.02088109419, 0.030715052592, 0.14453277502, 0.51401103114, 0.28986004706]
    ],
    [
      [0.67877318114, 0.023913158106, 0.069510776163, 0.15716171141, 0.070641173177],
      [0.003655595401, 0.0087861597266, 0.8981627761, 0, 0.089395468772],
      [0.021880173236, 0.020836784404, 0.11818731729, 0.83689323342, 0.0022024916561],
      [0.031779726151, 0.61632074958, 0.073663346037, 0.18238600982, 0.09585016841],
      [0.022874364826, 0.022034705255, 0.13365793293, 0.43479290012, 0.38664009687]
    ],
    [
      [0.65634501815, 0.028042925695, 0.072733294057, 0.16646593474, 0.076412827362],
      [0.0025345506207, 0.0097976013009, 0.89406081212, 0, 0.093607035954],
      [0.014946674195, 0.046992841905, 0.096034024599, 0.83978011312, 0.0022463461759],
      [0.026113214245, 0.63910230611, 0.069002507712, 0.17294737344, 0.092834598493],
      [0.019666664964, 0.024225801897, 0.13111664537, 0.4319139473, 0.39307694046]
    ],
    [
      [0.65218957537, 0.02821668131, 0.078903774719, 0.18118666397, 0.059503304629],
      [0.0029358519238, 0.0093581393125, 0.92303104727, 0, 0.064674961489],
      [0.014940830543, 0.02808272071, 0.099496667622, 0.8558600566, 0.0016197245259],
      [0.028166632159, 0.63669244637, 0.074811484351, 0.18811383137, 0.072215605748],
      [0.022106658069, 0.025358750899, 0.14792822213, 0.48829822996, 0.31630813894]
    ],
    [
      [0.72915787949, 0.015166759526, 0.060065487921, 0.13332777084, 0.062282102223],
      [0.0043464368024, 0, 0.90815482912, 0, 0.087498734073],
      [0.02086599953, 0, 0.15181370417, 0.82504204017, 0.0022782561221],
      [0.062734785568, 0.51341421735, 0.093229279405, 0.21383121806, 0.11679049962],
      [0.027246954333, 0.016175573322, 0.13367772949, 0.4277799326, 0.39511981025]
    ],
    [
      [0.77437020242, 0.011245345056, 0.0438859787, 0.11344668762, 0.0570517862],
      [0.0075737546109, 0, 0.88092575206, 0, 0.11150049333],
      [0.066854802701, 0.00083569746515, 0.026681938398, 0.90316404121, 0.0024635202246],
      [0.061995391102, 0.4958655943, 0.080456555225, 0.22776222466, 0.13392023471],
      [0.034531702844, 0.013875904072, 0.11299381785, 0.42041866805, 0.41817990718]
    ],
    [
      [0.83763554806, 0.018430436997, 0.032745151719, 0.077576988713, 0.033611874508],
      [0.010002112764, 0.049071103264, 0.85628675093, 0, 0.084640033037],
      [0.10745267409, 0.0298194048, 0.028013664136, 0.83267534709, 0.0020389098823],
      [0.052185629189, 0.69893889182, 0.050691590195, 0.13153189035, 0.066651998442],
      [0.050733306106, 0.033549270567, 0.12441315936, 0.42536841213, 0.36593585184]
    ],
    [
      [0.58893544759, 0.02999632411, 0.072701347312, 0.21758362534, 0.090783255649],
      [0.0029376062113, 0.010179308607, 0.86795801674, 0.018423073261, 0.10050199518],
      [0.0088591639076, 0.023089650502, 0.017058151703, 0.94698349851, 0.0040095353733],
      [0.022052930333, 0.61677084549, 0.061453017012, 0.20140603664, 0.09831717053],
      [0.015419625981, 0.021416359901, 0.10838614187, 0.46604188814, 0.38873598411]
    ],
    [
      [0.5466481334, 0.037182519194, 0.088667292464, 0.27024396276, 0.057258092182],
      [0.0023866097982, 0.010910661849, 0.91209564159, 0.031939287281, 0.042667799486],
      [0.0016022485599, 0.020400740659, 0.0073915538539, 0.97060545693, 0],
      [0.017604551041, 0.65330244989, 0.06371864341, 0.21266471575, 0.052709639911],
      [0.014532493566, 0.026639439701, 0.13262715174, 0.58074807957, 0.24545283542]
    ],
    [
      [0.44619656183, 0.020212564038, 0.076888954439, 0.30474045914, 0.15196146055],
      [0.0015555691185, 0.0060222232987, 0.76165279863, 0.082741006918, 0.14802840204],
      [0.0031157806892, 0.00087110306903, 0, 0.99555616225, 0.00045695399523],
      [0.013892213422, 0.45480051358, 0.067451768481, 0.29278847445, 0.17106703007],
      [0.0063984842385, 0.0098902781791, 0.078680229936, 0.44816755123, 0.45686345641]
    ],
    [
      [0.53081977028, 0.0079177280226, 0.07006305496, 0.27359133882, 0.11760810792],
      [0.0025055560338, 0, 0.79336932817, 0.096007778057, 0.10811733774],
      [0.0023637600862, 0, 0, 0.99763623991, 0],
      [0.03014357106, 0.24406170398, 0.094180189358, 0.42886330804, 0.20275122756],
      [0.010847184282, 0, 0.085612687357, 0.48487650331, 0.41866362505]
    ],
    [
      [0.64974365072, 0.017749304052, 0.058913351784, 0.19433685752, 0.079256835917],
      [0.0038434219154, 0.0073756891836, 0.86120463261, 0.020144519104, 0.10743173719],
      [0.014168096772, 0.0038797460427, 0.0012597184964, 0.97924989834, 0.0014425403453],
      [0.033556700889, 0.51766774723, 0.070830349838, 0.2558649637, 0.12208023834],
      [0.018898690444, 0.014524970188, 0.10066760462, 0.47720128973, 0.38870744502]
    ],
    [
      [0.59523930604, 0.02331944108, 0.082860133848, 0.23477546803, 0.063805651005],
      [0.002823727423, 0.0073321047322, 0.90604821935, 0.023640685973, 0.060155262525],
      [0.0069730737962, 0.0022126050714, 0.026980008041, 0.96383431309, 0],
      [0.026942608412, 0.55317790977, 0.082516923052, 0.25601856477, 0.081343993996],
      [0.017225533858, 0.017931854756, 0.13293606396, 0.54121735438, 0.29068919305]
    ],
    [
      [0.44048119953, 0.034574714251, 0.11917495642, 0.32954556435, 0.076223565442],
      [0.0014902654014, 0.0076724974657, 0.91748234908, 0.024816334022, 0.048538554028],
      [0.0012462222818, 0.0048406277262, 0.03195826861, 0.96195488138, 0],
      [0.014281727661, 0.57788496742, 0.084149643066, 0.25479609049, 0.068887571365],
      [0.0096388078013, 0.019897635577, 0.1430651381, 0.56826623913, 0.25913217939]
    ],
    [
      [0.52111211753, 0.026686431867, 0.098598463656, 0.27442670005, 0.079176286894],
      [0.0020996947572, 0.0070563418222, 0.90453093367, 0.02208711176, 0.064225917993],
      [0.0038018977909, 8.9103309368e-05, 0.035200474948, 0.96090852395, 0],
      [0.020688319993, 0.54643192762, 0.08528874128, 0.25993151567, 0.087659495432],
      [0.012842090946, 0.017304493619, 0.13336635143, 0.53322366406, 0.30326339995]
    ],
    [
      [0.58462680442, 0.019326335358, 0.065963363278, 0.20614273689, 0.12394076005],
      [0.0027361158262, 0.0066718186505, 0.8325652377, 0.017799661935, 0.14022716589],
      [0.0081016914025, 0.010525901413, 0.019766594851, 0.95228120613, 0.0093246062018],
      [0.023714540024, 0.52846542957, 0.065502143977, 0.22420169663, 0.1581161898],
      [0.012566969525, 0.01228689028, 0.087842221848, 0.3941746128, 0.49312930554]
    ],
    [
      [0.63279387318, 0.024792639624, 0.070748642393, 0.20147902167, 0.070185823134],
      [0.0034787217653, 0.0089552220247, 0.88680554667, 0.018154728906, 0.082605780636],
      [0.014363396749, 0.01744733722, 0.020389678071, 0.94619034659, 0.0016092413719],
      [0.029056677057, 0.58908355991, 0.07087054022, 0.22099883857, 0.089990384245],
      [0.019768901135, 0.020405296509, 0.12146709695, 0.49693942796, 0.34141927744]
    ],
    [
      [0.74274543325, 0.014780852023, 0.047169881498, 0.15873474339, 0.036569089834],
      [0.022542370407, 0.0075828974397, 0.82959850458, 0.093927689037, 0.046348538537],
      [0.049252202386, 0.00016880676756, 0, 0.95057899085, 0],
      [0.030419477412, 0.68646992848, 0.049806397856, 0.18367609395, 0.049628102306],
      [0.028002438155, 0.017314505397, 0.11619545439, 0.56786317111, 0.27062443094]
    ],
    [
      [0.60009503642, 0.028211727402, 0.07516116703, 0.22018670569, 0.07634536346],
      [0.0031114545393, 0.0095701408265, 0.88430641097, 0.018632969806, 0.084379023856],
      [0.010826233752, 0.022024554143, 0.010932473295, 0.95506202828, 0.0011547105322],
      [0.024904266756, 0.60185780718, 0.067764679455, 0.21737575196, 0.088097494643],
      [0.017349630811, 0.021398042945, 0.11891478921, 0.50042372726, 0.34191380977]
    ],
    [
      [0.68264903537, 0.023409795544, 0.059951847971, 0.18041501906, 0.053574302052],
      [0.0043648826599, 0.010012568198, 0.88597646821, 0.026525466943, 0.073120613991],
      [0.020426042752, 0.023701968017, 0, 0.95587198923, 0],
      [0.033655719998, 0.60949509952, 0.065605016904, 0.21618678258, 0.075057381002],
      [0.024657624205, 0.022670650088, 0.1211304106, 0.52379481229, 0.30774650282]
    ],
    [
      [0.63579885884, 0.02238509934, 0.065784290898, 0.21249280111, 0.063538949812],
      [0.0030985018875, 0.0085827038142, 0.8731654179, 0.04379590032, 0.07135747608],
      [0.010110672591, 0.0069231059539, 0, 0.98296622146, 0],
      [0.025794853465, 0.57391849939, 0.069312409227, 0.24518700142, 0.085787236501],
      [0.016854982892, 0.018653185322, 0.11447327096, 0.53168749653, 0.31833106429]
    ],
    [
      [0.68052221758, 0.025270670182, 0.070784587116, 0.16136894523, 0.062053579894],
      [0.003789486874, 0.0092430197222, 0.9117100683, 0, 0.075257425103],
      [0.027679934386, 0.032437494702, 0.095514136171, 0.84247691822, 0.0018915165167],
      [0.032584247409, 0.62604097128, 0.07391606463, 0.18451896389, 0.082939752793],
      [0.024624949072, 0.0240833804, 0.14072008389, 0.46107743438, 0.34949415226]
    ],
    [
      [0.68970393075, 0.021744801613, 0.062392722843, 0.13358750555, 0.092571039243],
      [0.0036844282483, 0.0078884958479, 0.85642926284, 0, 0.13199781306],
      [0.027904856646, 0.020852888807, 0.15524940053, 0.78820675089, 0.0077861031257],
      [0.031461037183, 0.60607929281, 0.069090153048, 0.16202909176, 0.1313404252],
      [0.020715556123, 0.019166068981, 0.11484053655, 0.35534056054, 0.48993727781]
    ],
    [
      [0.70735822169, 0.018040557089, 0.063487428591, 0.14299192418, 0.068121868449],
      [0.0042311708599, 0, 0.9025473608, 0, 0.093221468338],
      [0.034434234689, 0.011659667163, 0.11897335588, 0.8325940914, 0.0023386508674],
      [0.041296046956, 0.55923917137, 0.082534298297, 0.20356145358, 0.1133690298],
      [0.026052788646, 0.017872755169, 0.13121608394, 0.42509214624, 0.399766226]
    ],
    [
      [0.66810015799, 0.02298873642, 0.048178276886, 0.16524713334, 0.095485695369],
      [0.00485604676, 0.015934557794, 0.77932099676, 0.023719744538, 0.17616865415],
      [0.029682510721, 0.025984171165, 0, 0.94146121205, 0.0028721060635],
      [0.0323716993, 0.59151175325, 0.051566291617, 0.19367773436, 0.13087252147],
      [0.020656456116, 0.018962198511, 0.082936624595, 0.40876234165, 0.46868237913]
    ],
    [
      [0.67058219087, 0.011477097255, 0.045385579235, 0.1945305548, 0.078024577835],
      [0.0047177648221, 0, 0.831348791, 0.033693631475, 0.1302398127],
      [0.013360864093, 0, 0, 0.98663913591, 0],
      [0.041380305427, 0.41188454281, 0.067399488813, 0.33079805091, 0.14853761204],
      [0.02344297177, 0, 0, 0.59096115833, 0.3855958699]
    ],
    [
      [0.4824243278, 0.023515105481, 0.072915097618, 0.2679740337, 0.1531714354],
      [0.0021518652873, 0.0074243926119, 0.78890187298, 0.043695220549, 0.15782664858],
      [0.0031562827568, 0.0057065820295, 0, 0.98826076656, 0.0028763686586],
      [0.0177703603, 0.49607905029, 0.062993190307, 0.25352730541, 0.1696300937],
      [0.0088492869422, 0.012227337672, 0.079180521749, 0.41821285202, 0.48153000161]
    ],
    [
      [0.73065680566, 0.026329557174, 0.063133057686, 0.15354021163, 0.026340367845],
      [0.0038856559818, 0.018333508132, 0.94296320245, 0, 0.034817633432],
      [0.022613729534, 0.026381442356, 0.027651850185, 0.92253800765, 0.00081497027354],
      [0.028887509293, 0.69712493108, 0.065241883148, 0.17384250428, 0.034903172201],
      [0.028605025042, 0.032596657842, 0.16326111113, 0.57736119764, 0.19817600834]
    ],
    [
      [0.29062399701, 0.071315118682, 0.10991148624, 0.39829762889, 0.12985176917],
      [0.00086624764502, 0.015857646374, 0.81085691798, 0.089324218305, 0.0830949697],
      [0.00010832918171, 0.033757518579, 0, 0.96613415224, 0],
      [0.0046643582651, 0.71287863047, 0.043561189185, 0.17287361378, 0.066022208301],
      [0.0042293479105, 0.030988477748, 0.099802523274, 0.51965510904, 0.34532454203]
    ],
    [
      [0.56722581122, 0.017574725643, 0.086107041174, 0.23544866951, 0.093643752455],
      [0.0024921599704, 0, 0.88524201039, 0.022444038444, 0.089821791195],
      [0.0037810768611, 0, 0.041417138403, 0.95339205466, 0.001409730074],
      [0.027950874843, 0.45091450386, 0.10747288947, 0.28232086173, 0.1313408701],
      [0.01423912163, 0.011840804469, 0.12108544571, 0.47585581993, 0.37697880827]
    ],
    [
      [0.57247271242, 0.019604588266, 0.07109333435, 0.20595093551, 0.13087842946],
      [0.0022523844127, 0.0063995261521, 0.83490993453, 0.016783757169, 0.13965439773],
      [0.0084674647513, 0.0091736690908, 0.028570939783, 0.94182422843, 0.011963697943],
      [0.021267514727, 0.50627530249, 0.072290627825, 0.229355172, 0.17081138295],
      [0.010723647861, 0.012169752263, 0.092301203236, 0.38406761338, 0.50073778326]
    ],
    [
      [0.5264240153, 0.028485463508, 0.083647891876, 0.26784841249, 0.093594216826],
      [0.0022468270609, 0.0084997321958, 0.87820534278, 0.022650367078, 0.088397730889],
      [0.0046532602292, 0.010429626541, 0.0075718477251, 0.9773452655, 0],
      [0.018756125043, 0.57101057426, 0.069059250726, 0.24215938846, 0.099014661518],
      [0.011838121534, 0.017937964971, 0.10999049483, 0.50599162872, 0.35424178995]
    ],
    [
      [0.61765610176, 0.023243698498, 0.059349675179, 0.21820250766, 0.081548016907],
      [0.0034861177553, 0.0094925843471, 0.81837229102, 0.063150631041, 0.10549837584],
      [0.010391403398, 0.011959987512, 0, 0.97764860909, 0],
      [0.025765966397, 0.57162901083, 0.059323466378, 0.23884697837, 0.10443457802],
      [0.016248020802, 0.017711936982, 0.094465064003, 0.49891167831, 0.3726632999]
    ],
    [
      [0.32129532351, 0.047861079151, 0.098335291865, 0.38163395378, 0.1508743517],
      [0.001017839153, 0.01157847325, 0.77166069026, 0.10020743396, 0.11553556337],
      [0.0009990667688, 0.018230390607, 0, 0.98077054262, 0],
      [0.0066417639522, 0.62295020976, 0.051326918664, 0.21814868256, 0.10093242506],
      [0.00453506361, 0.0206337074, 0.088590681937, 0.49402336033, 0.39221718672]
    ],
    [
      [0.6384940399, 0.024175715125, 0.073432570692, 0.19659005906, 0.067307615218],
      [0.0032589913245, 0.0084343658023, 0.89464538968, 0.017105732711, 0.076555520487],
      [0.013216723122, 0.015511731784, 0.037564379914, 0.93150481793, 0.0022023472546],
      [0.028687071174, 0.58952818148, 0.074779307867, 0.21922447456, 0.087780964927],
      [0.019567031663, 0.020289137334, 0.12861327221, 0.49484202742, 0.33668853137]
    ],
    [
      [0.62190912638, 0.025383678901, 0.08248460591, 0.22829497933, 0.041927609484],
      [0, 0, 0.92825281104, 0.03275027447, 0.038996914487],
      [0.0093114443414, 0.011171803549, 0.031218191189, 0.94737979224, 0.00091876868295],
      [0.027707295653, 0.59353995949, 0.080903101277, 0.24519905384, 0.052650589738],
      [0.020261851227, 0.021989177528, 0.1490797296, 0.59316077041, 0.21550847123]
    ],
    [
      [0.6125486189, 0.023140208415, 0.076587694733, 0.21901231716, 0.068711160797],
      [0.0031271276095, 0.0077856698628, 0.89537181317, 0.019744482811, 0.073970906545],
      [0.010152700695, 0.0043916439698, 0.024306956448, 0.96114869889, 0],
      [0.028508600008, 0.55971100351, 0.077991858379, 0.24421851122, 0.089570026883],
      [0.018261701953, 0.018229481801, 0.12587048423, 0.51720560745, 0.32043272456]
    ],
    [
      [0.6356095252, 0.031750445662, 0.07240205874, 0.19130507331, 0.068932897087],
      [0.0034296798266, 0.011226059518, 0.88905497376, 0.016870033646, 0.079419253254],
      [0.016690116445, 0.055935890945, 0.028522834543, 0.89504871944, 0.0038024386223],
      [0.025345136581, 0.65352699549, 0.062818105679, 0.18175239104, 0.07655737121],
      [0.020357643576, 0.02671994058, 0.12710936863, 0.48262282147, 0.34319022574]
    ],
    [
      [0.58985531115, 0.016968491734, 0.089251910384, 0.28367635861, 0.020247928125],
      [0, 0, 0.94131483215, 0.052249140641, 0.0064360272116],
      [0, 0, 0, 1, 0],
      [0.01538683553, 0.38785804312, 0.1012506521, 0.46598798416, 0.029516485088],
      [0.015313142251, 0.014102818713, 0.15521415384, 0.70972131021, 0.10564857499]
    ],
    [
      [0.59163869692, 0.039710328263, 0.080461623477, 0.24238772416, 0.045801627174],
      [0, 0.012771955731, 0.91743064903, 0.028976682681, 0.040820712557],
      [0, 0.035700691822, 0.008122118887, 0.95617718929, 0],
      [0.018668764324, 0.70484649444, 0.05620283645, 0.17925639113, 0.041025513655],
      [0.018248457651, 0.032737239891, 0.13861847732, 0.58079835281, 0.22959747233]
    ],
    [
      [0.586273263, 0.014548772309, 0.072335862368, 0.22066199768, 0.10618010464],
      [0.0027948874424, 0, 0.85731898903, 0.018505238585, 0.12138088494],
      [0.0073072996083, 0, 0.018164831029, 0.96989986012, 0.0046280092436],
      [0.030082377033, 0.43016570622, 0.086754018162, 0.2898179454, 0.16317995319],
      [0.01395573439, 0.00070487701756, 0.10158290089, 0.45456621177, 0.42919027593]
    ],
    [
      [0.68900421538, 0.014047631398, 0.079145006266, 0.15805987786, 0.05974326909],
      [0.0026249096883, 0, 0.91851992502, 0.012494755708, 0.06636040958],
      [0.013390286489, 0, 0.080717510238, 0.90330567198, 0.0025865312909],
      [0.035449441194, 0.48645783356, 0.12533455909, 0.24446006827, 0.10829809788],
      [0.019837382177, 0.013441073451, 0.1585275516, 0.4549919218, 0.35320207097]
    ],
    [
      [0, 0, 0.23536007425, 0.76463992575, 0],
      [0, 0, 0.9130438671, 0.086956132902, 0],
      [0, 0, 0, 1, 0],
      [0, -0, 0.21890411267, 0.78109588733, 0],
      [0, 0, 0.1739122658, 0.8260877342, 0]
    ],
    [
      [0.75787228927, 0.020722084698, 0.05325296712, 0.1468287264, 0.021323932515],
      [0.0042678988903, 0.012784588777, 0.93280851234, 0.021938617659, 0.028200382332],
      [0.017580144343, 0.030251171596, 0.01257053968, 0.93959814438, 0],
      [0.03373780545, 0.65491700884, 0.06868123485, 0.20740345098, 0.035260499878],
      [0.029783668769, 0.028592382298, 0.15347591828, 0.60977273542, 0.17837529523]
    ],
    [
      [0.57716420328, 0.032935016553, 0.085595865875, 0.24177852683, 0.062526387466],
      [0.0026049810806, 0.009978089789, 0.90736872092, 0.021786058629, 0.058262149579],
      [0.002173084374, 0.023431520872, 0.020923481288, 0.95347191347, 0],
      [0.020698232153, 0.63538002079, 0.068389326478, 0.21154131816, 0.063991102418],
      [0.016100090145, 0.024722768288, 0.13411688087, 0.54453450003, 0.28052576067]
    ],
    [
      [0.70720504154, 0.015933633138, 0.054660820496, 0.17286275465, 0.049337750178],
      [0.0047021050212, 0.0074385276262, 0.868769533, 0.049962023896, 0.069127810459],
      [0.023203361053, 0.0044168461517, 0, 0.9723797928, 0],
      [0.041689642205, 0.5368527379, 0.075001922857, 0.25974509786, 0.086710599174],
      [0.025951380228, 0.016445945017, 0.11777739766, 0.53565986328, 0.30416541381]
    ],
    [
      [0.60398462927, 0.012425118863, 0.089277740843, 0.25348254814, 0.040829962884],
      [0.0025608980579, 0, 0.93538875608, 0.041516586005, 0.020533759854],
      [0.0050730452564, 0, 0.020101812556, 0.97482514219, 0],
      [0.034382278812, 0.41146973249, 0.1180201558, 0.36695549217, 0.06917234072],
      [0.017541794742, 0.0099903131201, 0.15197172687, 0.62008247385, 0.20041369141]
    ],
    [
      [0.68739311638, 0.016666222957, 0.047852841589, 0.16328325135, 0.084804567718],
      [0.0035910839709, 0.0081320093299, 0.83312071599, 0.019891420562, 0.13526477014],
      [0.012962280486, 0.010933780893, 0.0011932732338, 0.96909053551, 0.0058201298736],
      [0.028526727099, 0.54389457247, 0.060991369596, 0.22792258099, 0.13866474985],
      [0.016127988056, 0.014558011439, 0.087387987233, 0.42861154397, 0.4533144693]
    ],
    [
      [0.76003209824, 0, 0.038304354715, 0.11514327008, 0.086520276964],
      [0.0061204956866, 0, 0.81399018481, 0.017047362318, 0.16284195718],
      [0.061402295944, 0, 0.015108722771, 0.90932011007, 0.014168871219],
      [0.086538594865, 0.25, 0.093918466654, 0.30922103006, 0.26032190842],
      [0.030476599159, 0, 0.082522154342, 0.35724179379, 0.52975945271]
    ],
    [
      [0.67891939539, 0.019137173996, 0.046246005869, 0.16935959103, 0.086337833714],
      [0.0048339767351, 0.0096083104226, 0.78680900707, 0.054213064151, 0.14453564162],
      [0.02167733584, 0.015108718699, 0, 0.96068379023, 0.0025301552353],
      [0.03458505016, 0.55776094388, 0.055054516223, 0.22079824841, 0.13180124132],
      [0.020493965162, 0.016315670122, 0.082368139401, 0.43347565502, 0.44734657029]
    ],
    [
      [0.49338766694, 0.044774117409, 0.10303486875, 0.29500639379, 0.063796953115],
      [0.0017934046351, 0.011419427138, 0.91498645959, 0.021696830449, 0.050103878191],
      [0.0036015711702, 0.043298052691, 0.00061005810345, 0.95249031804, 0],
      [0.013280429385, 0.66904251708, 0.064461198965, 0.20210650432, 0.05110935025],
      [0.011390516364, 0.029039661081, 0.13943713355, 0.57397483414, 0.24615785487]
    ],
    [
      [0.50788224138, 0.033222446164, 0.094462138725, 0.27949539454, 0.084937779192],
      [0.0021278255601, 0.0090702394005, 0.89421373154, 0.021795970854, 0.072792232649],
      [0.0030692265143, 0.015453461759, 0.012263151172, 0.96921416055, 0],
      [0.017797020778, 0.59603582225, 0.071636344422, 0.23209100834, 0.082439804204],
      [0.012235098372, 0.020915114941, 0.12404419217, 0.52718722718, 0.31561836733]
    ],
    [
      [0.64073024559, 0.017017482631, 0.062113365356, 0.17591797142, 0.104220935],
      [0.0035252193679, 0.0065886630821, 0.84129684746, 0.016979746485, 0.1316095236],
      [0.016832910906, 0.0011790725535, 0.03800789943, 0.92600943612, 0.01797068099],
      [0.033200000124, 0.49769753968, 0.075044008898, 0.23275484945, 0.16130360185],
      [0.017205693196, 0.012877979848, 0.098114511051, 0.39977020668, 0.47203160923]
    ],
    [
      [0.68675581892, 0.017438904307, 0.050473192619, 0.15914222583, 0.086189858325],
      [0.0050395995484, 0.0083105195764, 0.82358522802, 0.019296090839, 0.14376856202],
      [0.036936065902, 0.014135554707, 0, 0.94622395006, 0.0027044293333],
      [0.040832693396, 0.52946633117, 0.064733188634, 0.22349095292, 0.14147683388],
      [0.023237740874, 0.015368763539, 0.092783353117, 0.42022331292, 0.44838682955]
    ],
    [
      [0.56480570341, 0.013479641855, 0.095932781438, 0.27279812552, 0.052983747773],
      [0, 0.0036986472983, 0.93712467105, 0.019649852727, 0.039526828928],
      [0, 0.0014497409111, 0.042740497468, 0.95580976162, 0],
      [0.030906717421, 0.43729857028, 0.115342946, 0.33480114771, 0.081650618591],
      [0, 0.010211668965, 0.16803582646, 0.5793258225, 0.24242668208]
    ]
  ],
  "expected_outcome": [
    [
      [31.5403092975, 23.0787072262, 37.9290427581, 25.6064860423, 26.4520287285, 6.7236795507, 4, 6.6981994626, 4.5241740649, 2.8427163757, 8.1337688772, 2.9322931414, 6.2814270207, 9.5856626904, 8.1452781737, 2.6253800726, 16.9569289597, 4.374947277, 6.9693318218, 3.3505421923, 7.0672253711, 8.7463701344, 0.44619656183, 3.1849186217, 3.8984619043, 13.0952647329, 11.0120299882, 13.5489150559, 2.9231340221, 17.718228449, 3.7137271663, 20.4032312384, 9.5570864952, 0.63579885884, 24.498799833, 4.1382235845, 11.317731547, 14.6982034757, 3.3529109544, 2.8945459668, 2.9226272226, 0.87187199104, 10.7772904131, 0.57247271242, 3.1585440918, 1.8529683053, 0.64259064702, 5.7464463591, 15.5477281594, 17.763909948, 27.3312095836, 1.7695659334, 10.6494965446, 4.103912841, 1.3780084308, 0, 0.75787228927, 10.388955659, 4.9504352907, 4.2278924049, 0, 4.5601925895, 4.7524357678, 1.9735506677, 24.3783475861, 4.4851117191, 60.4345120646, 7.9072798477],
      [1.2376160831, 1.1096540354, 2.2453094269, 1.0284481673, 1.2762510281, 0.047332664108, 0.42462022589, 0.24870566246, 0.15284643422, 0, 0.1802118693, 0.13799598457, 0.31766047506, 0.52020833396, 0.28695789728, 0.11217170278, 0.73363371405, 0.091000557155, 0.1012081055, 0.073721747988, 0.35995588932, 0.5949203071, 0.020212564038, 0.047506368136, 0.10649582431, 0.51302770377, 0.86436785628, 0.69384722855, 0.096631676788, 0.69419390946, 0.073904260115, 0.95919873167, 0.32773713762, 0.02238509934, 0.90974412655, 0.13046880968, 0.28864891342, 0.50575220124, 0.057385486274, 0.14109063289, 0.1053182287, 0.21394535604, 0.33391978721, 0.019604588266, 0.17091278105, 0.069731095494, 0.095722158302, 0.21758143613, 0.63459197252, 0.67106604405, 1.3652691635, 0.050905475202, 0.71478590874, 0.10184140616, 0.028095262796, 0, 0.020722084698, 0.59283029796, 0.11153543197, 0.08697583204, 0, 0, 0.13396021797, 0.17909646964, 1.5946774159, 0.11912237842, 1.534623579, 0.18871498597],
      [3.2761226704, 3.0594804991, 6.4908197652, 2.7458599235, 3.4176278824, 0.58363514623, 1.3785459863, 0.62958199643, 0.67253403204, 0.37832784124, 0.53601818262, 0.55671048651, 0.85280004894, 1.1727985454, 0.83412931396, 0.29093317623, 2.0514981427, 0.36039292753, 0.3949738083, 0.13098060688, 0.87241616774, 1.4186766794, 0.076888954439, 0.42037832976, 0.3534801107, 1.8229229447, 2.9793739106, 2.5635600551, 0.32981681639, 1.980961987, 0.23584940749, 2.555479679, 0.8393258716, 0.065784290898, 2.5482451362, 0.37435633706, 1.0157988575, 1.0599220915, 0.22692789617, 0.43749058571, 0.25253223074, 0.32973445871, 1.6360337823, 0.07109333435, 0.50188735126, 0.17804902554, 0.19667058373, 0.66089313623, 2.0621151477, 2.2210431473, 3.1132885258, 0.26775573115, 1.4483092226, 0.50635103658, 0.15829001253, 0, 0.05325296712, 1.5407255858, 0.38262574348, 0.6249441859, 0, 0.22982612829, 0.32372204108, 0.41213947501, 4.5341826588, 0.43479355749, 4.4416409505, 1.3430589401],
      [9.074448726, 8.1612548698, 16.9473644569, 7.69314575, 9.2353210053, 2.0926717973, 3.433450268, 1.6528872463, 2.003929007, 1.4780858125, 1.6778335295, 1.7305204292, 2.543437604, 2.9010435705, 1.8859405369, 0.66586373895, 4.7108532632, 0.79996662503, 1.0210201886, 0.31030795485, 2.611003504, 4.3239034041, 0.30474045914, 1.6415480329, 1.1660211451, 5.1650602966, 8.2386391089, 7.1350942013, 1.0307136845, 5.6414126068, 0.79367371696, 7.4863479933, 2.5258102668, 0.21249280111, 5.8092820281, 0.80152503332, 2.2878707869, 3.6354369335, 0.97265277401, 1.6078442022, 0.61416084654, 1.1948928867, 4.4735247207, 0.20595093551, 1.6070904749, 0.65460752297, 0.76326790756, 1.7693105316, 5.7073744832, 6.3513571976, 8.2261181523, 0.85102907583, 4.362979035, 1.5446339837, 0.31611975573, 0, 0.1468287264, 4.3520134829, 1.2100392826, 1.774377837, 0, 0.69085962047, 1.1855171372, 1.1800255751, 13.415778938, 1.2314257999, 14.0045158734, 3.8191737573],
      [2.8715032231, 2.5909033695, 5.387463593, 2.926060117, 3.6187713557, 0.55268084166, 1.7633835198, 0.77062563215, 0.64651646186, 0.30086997059, 0.47216754141, 0.64247995831, 1.0046748513, 0.82028685976, 0.84769407812, 0.30565130945, 1.5470859203, 0.37369261334, 0.5134660758, 0.13444749803, 1.0893990678, 0.91612947491, 0.15196146055, 0.7056486475, 0.4755410155, 1.4037243221, 1.9055891361, 2.0585834592, 0.61970380025, 1.9652030477, 0.18284544917, 2.5957423577, 0.75004022872, 0.063538949812, 2.2339288762, 0.55542623546, 1.0899498952, 2.1006852981, 0.39012288918, 0.91902861241, 0.10536147138, 0.38955530752, 1.7792312966, 0.13087842946, 0.56156530096, 0.24464405072, 0.3017487034, 0.60576853696, 1.0481902371, 1.9926236631, 2.9641145747, 0.060743784374, 0.82442928914, 0.7432607325, 0.11948653818, 0, 0.021323932515, 1.1254749744, 0.34536425125, 0.28580974019, 0, 0.51912166178, 0.604364836, 0.25518781246, 4.0770134012, 0.72954654501, 7.5847075326, 0.74177246882]
    ],
    [
      [1.857885259, 1.0191813131, 0.90000015269, 1.5315107078, 1.294919178, 0.10463546956, 0, 0.21060497572, 0.07654275019, 0, 0.41450477757, 0.08203573473, 0.059930924923, 0.31158706435, 0.81885336982, 0.37004439063, 1.2800314388, 0.76931931403, 1.4541608853, 1.3302809976, 0.14394270435, 0.15990285648, 0.035778089726, 0.065144456878, 0.19217109577, 0.54780312007, 0.63038226477, 0.85877515567, 0.038305621567, 1.3462653232, 0.29305081529, 1.5308356333, 0.86861164933, 0.1487280906, 1.6522162771, 0.30212311636, 1.3624370169, 0.485604676, 0.084919766798, 0.098985803215, 0.28365288667, 0.030318667576, 0.22678655731, 0.045047688255, 0.11009452598, 0.1324724747, 0.030535174591, 0.3193811498, 0, 0.75676488149, 0.9671697111, 0, 0, 0.12856482235, 0.034123825948, 0, 0.18778755117, 0.21100346753, 0.43259366195, 0.11011861649, 0.10055035118, 0.16525338354, 0.16435520899, 0.28694474161, 1.2532892549, 0.30669408501, 3.3513336997, 0],
      [4.7565000782, 3.2122700184, 3.4687936972, 4.0228155981, 4.0847406076, 0, 0.3359316487, 0.5468725776, 0.18284556354, 0, 0.62563300768, 0.2718175876, 0.20966709851, 1.1434062005, 1.9680997788, 1.4304497899, 4.0801487402, 0, 0, 6.5264567342, 0.49878612176, 0.73101434387, 0.13851113587, 0, 0.36878445918, 1.422428318, 3.245466428, 2.8860438053, 0.093405461107, 3.4656709235, 0.098577666717, 4.7085092866, 1.9925010715, 0.41196978308, 4.0299565989, 0.64685665952, 0, 1.5934557794, 0, 0.34152206015, 1.3383460936, 0.55501762309, 0, 0.12799052304, 0.41648687759, 0.36071820519, 0.34735419751, 0.82656784862, 0, 1.8841321068, 3.1657487841, 0, 0.47256236204, 0, 0, 0, 0.56252190621, 0.80822527291, 0.68434454161, 0, 0.22769626124, 0, 0.32668255437, 1.827108342, 5.3423710069, 0.57321368815, 5.5264955183, 0.19972695411],
      [436.7268733961, 307.4357854273, 347.9791140025, 372.6452838684, 379.5074014036, 21.5152181536, 38.4160829024, 48.796434705, 28.6145561121, 28.5495630165, 64.6314003806, 38.6660432733, 20.1459215815, 90.0738786222, 201.1884618466, 130.5328785701, 402.4415366119, 160.743404755, 169.1377443957, 113.8861378743, 42.5299428202, 61.1104079862, 17.5180143684, 20.6276025324, 43.0602316303, 175.7733545532, 388.0950336621, 369.95315187, 11.6559133278, 343.1937465605, 10.7847805595, 435.0787541981, 176.3093171734, 41.9119400591, 397.5055897793, 70.2271995531, 290.6202501784, 77.9320996757, 14.9642782381, 36.2894861569, 68.8363137792, 28.3799921292, 80.5570229455, 16.6981986906, 43.032061796, 31.0981470587, 23.1498207077, 87.6752481882, 192.1483318859, 216.6799787876, 250.7135025991, 16.9436669787, 33.9449340142, 39.4366734953, 11.9407590253, 1.8260877342, 41.043574543, 73.4968663947, 79.9267970358, 40.2217165116, 23.3273800478, 21.97773499, 26.7515062404, 146.3978335339, 526.6918878747, 73.1928257294, 547.6841766304, 50.6047322365],
