{
  "X": [
    [10, 18, 93, 151, 26],
    [25, 60, 196, 379, 63],
    [7, 18, 51, 120, 12],
    [51, 93, 344, 904, 91],
    [33, 67, 319, 483, 57],
    [58, 108, 452, 418, 66],
    [42, 55, 277, 487, 59],
    [38, 76, 380, 324, 35],
    [72, 88, 495, 762, 105],
    [16, 34, 117, 266, 24],
    [56, 61, 386, 551, 54],
    [2, 8, 17, 14, 1],
    [65, 52, 219, 603, 63],
    [8, 17, 57, 84, 16],
    [7, 7, 37, 45, 5],
    [3, 2, 9, 38, 1],
    [48, 57, 389, 656, 73],
    [54, 58, 339, 779, 119],
    [27, 36, 231, 580, 49],
    [3, 3, 17, 24, 2],
    [7, 25, 89, 107, 9],
    [21, 36, 154, 298, 58],
    [1, 4, 33, 28, 7],
    [3, 5, 30, 25, 1],
    [1, 7, 22, 61, 5],
    [14, 36, 189, 125, 16],
    [82, 71, 546, 575, 74],
    [38, 35, 266, 343, 42],
    [8, 6, 140, 78, 13],
    [33, 112, 572, 364, 67],
    [1, 4, 13, 10, 1],
    [6, 36, 95, 56, 13],
    [34, 110, 382, 545, 59],
    [0, 1, 1, 2, 0],
    [233, 243, 1551, 2519, 320],
    [51, 95, 332, 705, 68],
    [118, 262, 786, 1452, 223],
    [7, 46, 98, 130, 15]
  ],
  "W": [
    [25, 133, 89, 21, 30],
    [84, 338, 199, 41, 61],
    [24, 105, 52, 13, 14],
    [137, 798, 357, 95, 96],
    [78, 400, 318, 99, 64],
    [156, 325, 438, 104, 79],
    [109, 382, 255, 108, 66],
    [156, 198, 377, 76, 46],
    [124, 640, 510, 152, 96],
    [39, 221, 122, 45, 30],
    [70, 466, 406, 107, 59],
    [10, 12, 14, 4, 2],
    [90, 512, 227, 104, 69],
    [11, 72, 66, 11, 22],
    [8, 44, 33, 12, 4],
    [5, 31, 6, 7, 4],
    [83, 589, 381, 91, 79],
    [88, 721, 359, 75, 106],
    [51, 529, 223, 69, 51],
    [2, 25, 17, 3, 2],
    [36, 81, 88, 21, 11],
    [52, 258, 170, 35, 52],
    [5, 23, 34, 5, 6],
    [6, 23, 25, 7, 3],
    [20, 43, 23, 7, 3],
    [60, 77, 185, 35, 23],
    [116, 468, 549, 135, 80],
    [61, 267, 258, 85, 53],
    [21, 61, 128, 21, 14],
    [165, 265, 584, 66, 68],
    [8, 6, 10, 4, 1],
    [38, 46, 105, 6, 11],
    [221, 385, 387, 63, 74],
    [1, 1, 1, 1, 0],
    [456, 2077, 1523, 456, 354],
    [164, 572, 343, 98, 74],
    [362, 1230, 813, 220, 216],
    [77, 78, 100, 15, 26]
  ],
  "method": "mvn_pdf",
  "cond_prob": [
    [
      [0.00049390573421, 0.47335803546, 0.14523095825, 0.37242761916, 0.0084894814],
      [0.0094134756057, 0.0047486414007, 0.0026349956828, 0.92627489626, 0.056927991047],
      [0.011344452871, 0.046561773726, 0.90827905728, 0.026551448994, 0.0072632671318],
      [0.31497619673, 0.0021000448311, 0.33059137413, 0.34816111939, 0.0041712649149],
      [0.037050122143, 0.044879366807, 0.041317222118, 0.29400952834, 0.58274376059]
    ],
    [
      [0.000521618654, 0.51121263567, 0.10934558464, 0.36920676884, 0.0097133921894],
      [0.010661990569, 0.0036857458119, 0.0030205865493, 0.9168677884, 0.065763888667],
      [0.016787066657, 0.065149008765, 0.87196051174, 0.035920813427, 0.010182599408],
      [0.37963507245, 0.0021506604158, 0.25628466618, 0.35703376961, 0.0048958313443],
      [0.040110934187, 0.045238142583, 0.028954089942, 0.26719168051, 0.61850515278]
    ],
    [
      [0.00071621036988, 0.53754190978, 0.092466198271, 0.36331566152, 0.0059600200522],
      [0.0099725627352, 0.0030169040837, 0.0018910903725, 0.94378146097, 0.041337981834],
      [0.015422206275, 0.07473082463, 0.86371686938, 0.03880884177, 0.0073212579416],
      [0.34920174277, 0.0023626613035, 0.24705714497, 0.3979822693, 0.0033961816521],
      [0.042436748685, 0.061821554195, 0.032659047133, 0.35653867486, 0.50654397512]
    ],
    [
      [0.00041659623885, 0.45507086158, 0.094660494747, 0.44216400388, 0.0076880435573],
      [0.0086071741921, 0.002945388315, 0.0020796509042, 0.94202467764, 0.044343108947],
      [0.018037801354, 0.066662793619, 0.85689473621, 0.049002017053, 0.0094026517583],
      [0.3533433125, 0.0019183298233, 0.2187827392, 0.42213633761, 0.0038192808715],
      [0.042367620195, 0.045041806592, 0.027876768187, 0.35511631823, 0.5295974868]
    ],
    [
      [0, 0.51297781423, 0.10445147418, 0.37556383078, 0.007006880809],
      [0.0041658106503, 0.0031696100749, 0.0040061280444, 0.94131631934, 0.047342131887],
      [0.0089194542536, 0.068695529941, 0.8747980335, 0.039367018841, 0.0082199634656],
      [0.26860645471, 0.0024020582939, 0.29132796533, 0.43339249168, 0.0042710299891],
      [0.029769535483, 0.056826627623, 0.034735790256, 0.3399206999, 0.53874734674]
    ],
    [
      [0.00060684655226, 0.50598762299, 0.1419278091, 0.34382603971, 0.0076516816465],
      [0.013432503189, 0.0047642702185, 0.0047396088978, 0.92219417827, 0.054869439427],
      [0.016297168079, 0.052721234704, 0.89975603719, 0.024391125844, 0.0068344341831],
      [0.40301891427, 0.0020965196217, 0.29534553486, 0.29608167594, 0.003457355307],
      [0.056805591123, 0.053260812038, 0.0444279617, 0.29334458798, 0.55216104716]
    ],
    [
      [0.00025878513076, 0.38093323441, 0.13347969864, 0.47614141451, 0.0091868673079],
      [0.007174305759, 0.0017670289671, 0.0031357555511, 0.93907870361, 0.04884420611],
      [0.012816731394, 0.041048303649, 0.89833168905, 0.039287129371, 0.0085161465389],
      [0.31054675505, 0.0012808456627, 0.27664996463, 0.40736830456, 0.0041541301028],
      [0.036725629851, 0.033297327597, 0.034849656691, 0.33876554781, 0.55636183805]
    ],
    [
      [0.00061712896166, 0.3765502173, 0.13247413874, 0.48289985876, 0.0074586562418],
      [0.0095201446251, 0.0017516541016, 0.0029936241191, 0.94587184731, 0.039862729848],
      [0.016821537687, 0.040263586653, 0.89585058869, 0.040345250024, 0.006719036945],
      [0.36025400963, 0.001108224798, 0.25366605426, 0.38190415541, 0.0030675558996],
      [0.049950321874, 0.035820463827, 0.037543580899, 0.37282872167, 0.50385691173]
    ],
    [
      [0.00042127659538, 0.43014784122, 0.10640363414, 0.4521991929, 0.010828055144],
      [0.0086941590157, 0.002995869268, 0.0021462724944, 0.92609824449, 0.060065454732],
      [0.017432879318, 0.057164776999, 0.86822838934, 0.045386715529, 0.011787238817],
      [0.3550464866, 0.0017733616698, 0.23155660328, 0.40660542538, 0.0050181230655],
      [0.036725682462, 0.034590876182, 0.025408882399, 0.29451222947, 0.60876232949]
    ],
    [
      [0.00011166640141, 0.53091313499, 0.075188549238, 0.3882963769, 0.0054902724795],
      [0.0050070787993, 0.00049002412562, 0.0049052281185, 0.9531345092, 0.036463159758],
      [0.012514616231, 0.091510200515, 0.8349592593, 0.05295553897, 0.0080603849886],
      [0.27622729216, 0.0022007215116, 0.2285392075, 0.48946275263, 0.0035700261919],
      [0.031068975614, 0.064093849097, 0.027809906459, 0.39091050485, 0.48611676398]
    ],
    [
      [0.00043842526314, 0.45285897924, 0.10369074094, 0.43581409529, 0.0071977592674],
      [0.0098036500779, 0.0032012385969, 0.0020612541025, 0.94281829505, 0.042115562178],
      [0.019123819764, 0.061331559695, 0.8667616851, 0.044746524049, 0.0080364113907],
      [0.38027565599, 0.0018265578169, 0.22454128287, 0.39002789184, 0.0033286114829],
      [0.049949886115, 0.045966768552, 0.031354954292, 0.35999346861, 0.51273492243]
    ],
    [
      [0.0070303256894, 0.67709147098, 0.15968537988, 0.15435012394, 0.0018426995141],
      [0.033348187605, 0.014594334343, 0.012453501577, 0.91680923712, 0.022794739355],
      [0.0042136660535, 0.053971617847, 0.94033976265, 0, 0.0014749534486],
      [0.33515697097, 0.0047373837829, 0.46796971154, 0.19107160295, 0.0010643307613],
      [0.064949641602, 0.13970054656, 0.1085343295, 0.3452507517, 0.34156473064]
    ],
    [
      [0.00029148576314, 0.38939025424, 0.092521960062, 0.50886163323, 0.0089346667046],
      [0.010535558352, 0.0028729136821, 0.0012293261337, 0.94065928695, 0.044702914881],
      [0.030289996417, 0.057482347779, 0.84391106048, 0.057257070853, 0.011059524473],
      [0.46500088929, 0.0013740751648, 0.16210870692, 0.36810747223, 0.0034088563928],
      [0.062951285976, 0.033225341307, 0.023427425584, 0.35223718689, 0.52815876025]
    ],
    [
      [0.00057861991317, 0.68179495029, 0.057669238223, 0.25474043025, 0.0052167613217],
      [0.0017113651786, 0, 0.012778060912, 0.93543224081, 0.050078333097],
      [0.033090476607, 0.11416786621, 0.79771235782, 0.04393708677, 0.011092212593],
      [0.42218345217, 0.0013895762091, 0.19899576966, 0.37336573446, 0.0040654675071],
      [0.047383066281, 0.088631410837, 0.027620405075, 0.31090286923, 0.52546224858]
    ],
    [
      [0.0011674352605, 0.59211165669, 0.17208588511, 0.22889603614, 0.0057389867978],
      [0.022086017591, 0.0097799510861, 0.0086104538336, 0.9018772619, 0.057646315591],
      [0.015430672064, 0.046127268022, 0.92826235558, 0.0039642609454, 0.0062154433902],
      [0.43566431711, 0.0029810632647, 0.36252519879, 0.19554517471, 0.0032842461294],
      [0.070422940116, 0.068704073687, 0.06537320773, 0.25221736992, 0.54328240855]
    ],
    [
      [0.0013108434648, 0.31163613461, 0.16830267778, 0.51875034415, 0],
      [0.0097329721027, 0.0053023490324, 0.0032584079823, 0.98170627088, 0],
      [0.0089565280478, 0.020259897435, 0.9429621829, 0.027821391613, 0],
      [0.32327085675, 0.0017106123689, 0.30719528632, 0.36782324456, 0],
      [0.093772120491, 0.03597820894, 0.062333965493, 0.55791570508, 0.25]
    ],
    [
      [0.00046800269528, 0.42767086938, 0.14621674272, 0.41791194633, 0.0077324388742],
      [0.010461567573, 0.0029503212677, 0.0034923285248, 0.93620024866, 0.046895533979],
      [0.0144484893, 0.042771253086, 0.90486465789, 0.031433412038, 0.0064821876815],
      [0.35623423184, 0.001562404254, 0.29301752521, 0.34585231591, 0.0033335227814],
      [0.04907725259, 0.042120916477, 0.042898726594, 0.33471735776, 0.53118574658]
    ],
    [
      [0.0004981203639, 0.39637808798, 0.10891660305, 0.48163391025, 0.012573278352],
      [0.010996233956, 0.00244050973, 0.0023952342669, 0.91965416741, 0.064513854637],
      [0.024027349684, 0.0509412682, 0.86453340221, 0.047412276028, 0.013085703878],
      [0.43259989917, 0.0013324642746, 0.19851777255, 0.3626820231, 0.0048678409076],
      [0.046764808983, 0.028030855074, 0.022943874437, 0.2766358714, 0.62562459011]
    ],
    [
      [0.00021120281347, 0.42184188314, 0.12982502777, 0.44119363872, 0.006928247552],
      [0.0059458445275, 0.0031506088195, 0.0029711742117, 0.94795652976, 0.039975842678],
      [0.010748227671, 0.046958929833, 0.89844208585, 0.037603580835, 0.0062471758109],
      [0.28408237845, 0.0017940507576, 0.29579498195, 0.41498683839, 0.0033417504539],
      [0.03618309839, 0.043603157639, 0.040092814243, 0.37275352559, 0.50736740414]
    ],
    [
      [0.00031458582962, 0.73627470021, 0.12227298061, 0.13858179676, 0.0025559365886],
      [0.025260294669, 0.013644977223, 0.0090016725122, 0.91060212779, 0.041490927806],
      [0.015359974529, 0.057382227125, 0.91952441741, 0.0019035491258, 0.0058298318127],
      [0.62081649182, 0.002476528503, 0.25222392997, 0.1228126374, 0.0016704123087],
      [0.12214720958, 0.10169936119, 0.070912670072, 0.27849248219, 0.42674827697]
    ],
    [
      [0, 0.50952576082, 0.1100488394, 0.37512444666, 0.0053009531178],
      [0.0051114351938, 0.0039304662871, 0.0028987191517, 0.95187082137, 0.036188558001],
      [0.0085321771776, 0.063652421561, 0.885682085, 0.036476824818, 0.0056564914454],
      [0.2609796702, 0.0025217173878, 0.30552289053, 0.42782576992, 0.003149951963],
      [0.032233553039, 0.062212334428, 0.040676486311, 0.38178923974, 0.48308838648]
    ],
    [
      [0.00054840523277, 0.42673618245, 0.084013843024, 0.47460698035, 0.014094588946],
      [0.0090213128794, 0.0030161831486, 0.0020116812598, 0.91251498367, 0.073435839045],
      [0.022193395782, 0.067899590811, 0.83431017611, 0.058263421785, 0.017333415512],
      [0.37880607248, 0.0017626393725, 0.18394763116, 0.42899142703, 0.0064922299569],
      [0.031017199718, 0.02744077778, 0.016180180156, 0.24946326128, 0.67589858107]
    ],
    [
      [0, 0.42385856362, 0.12371514351, 0.43731486883, 0.01511142404],
      [0, 0.0052440751737, 0, 0.91034801372, 0.084407911105],
      [0.0010391556844, 0.047523911266, 0.90034522574, 0.037686473387, 0.013405233921],
      [0.18167350217, 0.0025690266364, 0.33091062156, 0.47628936629, 0.0085574833528],
      [0.0093835326478, 0.021905889447, 0.019188916573, 0.20210573562, 0.74741592572]
    ],
    [
      [0.0025623885007, 0.57849670157, 0.23665773017, 0.18228317976, 0],
      [0.029861080237, 0.012276399248, 0.012078951853, 0.93908419676, 0.0066993719042],
      [0.0069624728017, 0.034992458732, 0.95804506847, 0, 0],
      [0.27253720624, 0.0036044811313, 0.55339725772, 0.17046105491, 0],
      [0.071999519949, 0.11553992389, 0.15911007023, 0.37137900386, 0.28197148207]
    ],
    [
      [0, 0.27374209538, 0.066638247678, 0.64520500656, 0.014414650379],
      [0, 0.0018260376438, 0.006173844788, 0.93913160491, 0.05286851266],
      [0, 0.058784423435, 0.83464493529, 0.085153242124, 0.021417399146],
      [0.13892289039, 0.0062785859685, 0.16690357546, 0.68048837589, 0.0074065722894],
      [0.0091799224248, 0.016882210984, 0.012200393513, 0.33043255253, 0.63130492055]
    ],
    [
      [0.00029693375685, 0.43830330413, 0.14333570761, 0.41176027727, 0.006303777239],
      [0.007681905846, 0.0033564126265, 0.0032714994772, 0.94612135686, 0.039568825192],
      [0.010757964172, 0.044786277697, 0.90764645489, 0.031650564218, 0.0051587390278],
      [0.29903269496, 0.0018768972196, 0.31902775726, 0.37706322961, 0.0029994209463],
      [0.040622153429, 0.047487182761, 0.046408105476, 0.36480310735, 0.50067945098]
    ],
    [
      [0.00039498390712, 0.39378794638, 0.14266132143, 0.45389753591, 0.009258212365],
      [0.012805345438, 0.001818079442, 0.0041891028115, 0.92996736354, 0.051220108764],
      [0.020433644583, 0.039400556682, 0.89669199272, 0.035249032203, 0.0082247738124],
      [0.44208610759, 0.0010065746853, 0.23908941995, 0.31441147172, 0.0034064260581],
      [0.063269810022, 0.033786797994, 0.03662263628, 0.31657365416, 0.54974710154]
    ],
    [
      [0.00048733596623, 0.37246542059, 0.13700309954, 0.48188218576, 0.0081619581394],
      [0.0090737846532, 0.0015223275198, 0.003124856495, 0.94306949866, 0.043209532671],
      [0.015270898321, 0.038698604592, 0.90009147536, 0.038672505497, 0.0072665162315],
      [0.3435620217, 0.0010814695439, 0.26591882603, 0.3860223081, 0.0034153746248],
      [0.045375630042, 0.03390533962, 0.037391950743, 0.35879675319, 0.5245303264]
    ],
    [
      [0.017717814488, 0.27169653304, 0.26610970264, 0.4341860676, 0.010289882222],
      [0.0034471120491, 0, 0.012435459351, 0.92535211113, 0.058765317468],
      [0.0088328256669, 0, 0.96631993215, 0.018936815346, 0.0059104268411],
      [0.2746157941, 0, 0.43216681639, 0.28952064755, 0.0036967419626],
      [0.037151335661, 0.021026629009, 0.063477054656, 0.28084055989, 0.59750442078]
    ],
    [
      [0.00029701612909, 0.47461670937, 0.13804070519, 0.3769580272, 0.010087542104],
      [0.0086843282708, 0.0039185414071, 0.0037079342594, 0.91698925138, 0.066699944683],
      [0.01185224359, 0.050834106297, 0.8990598663, 0.029477615695, 0.0087761681232],
      [0.32381102539, 0.0020591142722, 0.31436934414, 0.35481175225, 0.0049487639499],
      [0.034653050221, 0.041570733252, 0.035902094622, 0.26716574533, 0.62070837658]
    ],
    [
      [0.0056862326929, 0.45453800043, 0.19526121079, 0.3346397333, 0.0098748227931],
      [0.00668233932, 0.0055740455737, 0, 0.95421298661, 0.033530628493],
      [0.011969097625, 0.027841077364, 0.94203331493, 0.0087649945429, 0.0093915155384],
      [0.1934437171, 0.0031871848296, 0.49026952115, 0.30822801777, 0.0048715591449],
      [0.020950257885, 0.039092210192, 0.056499079743, 0.27704219744, 0.60641625474]
    ],
    [
      [0.001225182332, 0.66681402048, 0.089275441846, 0.23407552879, 0.0086098265607],
      [0.014318448313, 0.0037582263152, 0.0076221863037, 0.88597653225, 0.088324606822],
      [0.020131972646, 0.09291342089, 0.85188544261, 0.023955772509, 0.011113391348],
      [0.45572023664, 0.0029792400471, 0.2525182999, 0.28333977092, 0.0054424524933],
      [0.040601445574, 0.064945834336, 0.026711942429, 0.19407406217, 0.67366671549]
    ],
    [
      [0.00055057006199, 0.3920736446, 0.11081688861, 0.48881092558, 0.0077479711569],
      [0.0081260224491, 0.0025057448395, 0.0023500310997, 0.94613856658, 0.040879635034],
      [0.016627817879, 0.050497941089, 0.87751742835, 0.047098404539, 0.0082584081383],
      [0.33645931161, 0.0015377445995, 0.23334711826, 0.42513316353, 0.0035226620048],
      [0.042133827337, 0.037127454988, 0.031143140821, 0.37431034401, 0.51528523284]
    ],
    [
      [0, 0.95013870086, 0.026619422657, 0.02324187648, 0],
      [0, 0, 0, 1, 0],
      [0, 0.049861299137, 0.91000280621, 0.04013589465, 0],
      [0, 0, 0.06337777113, 0.93662222887, 0],
      [3.4884533347e-05, 0.0058021752689, 0.00070485682898, 0.35736394411, 0.63609413926]
    ],
    [
      [0.00047840284674, 0.36923780282, 0.1321690176, 0.48850970265, 0.0096050740794],
      [0.0097682369625, 0.0010956260275, 0.0033833183266, 0.93595036218, 0.049802456501],
      [0.017564756596, 0.039986850042, 0.89258061562, 0.040941216377, 0.0089265613638],
      [0.37090843368, 0.0010239298235, 0.24683546212, 0.37735009262, 0.003882081763],
      [0.046914830728, 0.031031248703, 0.033182281059, 0.33289705808, 0.55597458143]
    ],
    [
      [0.00052876728265, 0.42024649549, 0.094421635056, 0.47689060474, 0.007912497425],
      [0.0089124737901, 0.0030221181037, 0.001705662191, 0.9438793136, 0.042480432315],
      [0.019962478408, 0.061906255742, 0.85580518593, 0.052656694114, 0.009669385804],
      [0.36402355428, 0.0017392970156, 0.20441730873, 0.42614316319, 0.0036766767795],
      [0.044512280328, 0.039819275086, 0.02655591956, 0.36577969418, 0.52333283085]
    ],
    [
      [0.00040524624009, 0.51645098042, 0.093566685356, 0.38006922346, 0.0095078645187],
      [0.0095982004806, 0.0023282207937, 0.0034426538532, 0.92165235572, 0.062978569151],
      [0.018251433815, 0.075784138127, 0.85096982866, 0.043373027913, 0.011621571488],
      [0.37632753439, 0.0020553777075, 0.22985435239, 0.38673752486, 0.0050252106535],
      [0.038967782464, 0.04683493573, 0.025407256656, 0.27980563152, 0.60898439363]
    ],
    [
      [0.00074836538386, 0.48187816946, 0.09142427517, 0.42162665568, 0.0043225343029],
      [0.0063592401461, 0.0028739695851, 0.0022014633655, 0.95800277823, 0.030562548674],
      [0.012910709937, 0.071077305737, 0.8622188864, 0.048426475919, 0.0053666220084],
      [0.28213752484, 0.002251943174, 0.24641789829, 0.46639622546, 0.0027964082337],
      [0.035508510295, 0.058834677013, 0.033479213659, 0.42199768604, 0.45017991299]
    ]
  ],
  "expected_outcome": [
    [
      [0.012347643355, 0.043815966936, 0.017189048877, 0.057073684722, 0, 0.094668062152, 0.028207579253, 0.096272118018, 0.052238297827, 0.004354989655, 0.030689768419, 0.070303256894, 0.026233718683, 0.0063648190448, 0.0093394820842, 0.006554217324, 0.038844223709, 0.043834592024, 0.010771343487, 0.00062917165924, 0, 0.028517072104, 0, 0.015374331004, 0, 0.017816025411, 0.045818133226, 0.02972749394, 0.37207410424, 0.0490076613, 0.045489861543, 0.046556928618, 0.1216759837, 0, 0.21815169811, 0.086717834355, 0.14669913891, 0.057624134557],
      [11.8339508864, 42.9418613967, 12.9010058348, 62.3447080365, 40.0122695097, 78.9340691871, 41.521722551, 58.7418338989, 53.3383323114, 20.7056122644, 31.7001285468, 6.7709147098, 35.0451228816, 7.4997444532, 4.7368932536, 1.558180673, 35.4966821589, 34.8812717425, 21.51393604, 1.4725494004, 18.3429273895, 22.1902814872, 2.1192928181, 3.4709802094, 5.4748419076, 26.2981982477, 45.6794017806, 22.7203906563, 5.7056271939, 78.3117570467, 3.6363040034, 25.3389327781, 86.6482754565, 0.95013870086, 168.3724380863, 68.9204252611, 186.9552549132, 37.1046190488],
      [3.6307739562, 9.1850291097, 2.2191887585, 12.9684877803, 8.147214986, 22.1407382192, 14.5492871512, 20.6659656434, 13.1940506328, 2.9323534203, 7.258351866, 1.5968537988, 8.3269764056, 0.63436162046, 1.3766870808, 0.84151338888, 12.1359896457, 9.5846610684, 6.6210764165, 0.24454596122, 3.9617582184, 4.3687198373, 0.61857571757, 1.419946381, 1.3327649536, 8.6001424564, 16.5487132858, 8.3571890717, 5.5883037555, 22.7767163569, 1.5620896863, 3.3924667902, 24.4905323819, 0.026619422657, 60.2690720262, 15.4851481491, 33.8711400988, 7.0396691881],
      [9.310690479, 31.0133685828, 8.7195758766, 60.5764685311, 29.2939788011, 53.6368621947, 51.899414182, 75.332377966, 56.07269992, 15.1435586989, 30.5069866701, 1.5435012394, 45.7975469907, 2.8021447328, 1.8311682891, 2.5937517208, 34.6866915452, 42.383784102, 22.500875575, 0.27716359352, 13.5044800798, 24.6795629782, 2.1865743441, 1.0936990786, 12.9041001313, 24.7056166362, 52.6521141661, 29.3948133315, 9.1179074197, 62.1980744878, 2.6771178664, 8.8948700938, 108.0272145523, 0.02324187648, 222.7604244092, 78.2100591777, 137.5850588933, 32.4652524873],
      [0.212237035, 0.81592494391, 0.14304048125, 1.0532619674, 0.54653670311, 1.1936623369, 1.0013685366, 1.1635503737, 1.3426788379, 0.2141206267, 0.50384314872, 0.018426995141, 0.80412000341, 0.057384374539, 0.045911894383, 0, 0.64179242656, 1.106448495, 0.35334062515, 0.0051118731772, 0.19083431224, 0.73291862517, 0.075557120202, 0, 0.28829300758, 0.37822663434, 1.0739526343, 0.4978794465, 0.21608752666, 1.6644444472, 0.078998582345, 0.32717340931, 1.7123016257, 0, 4.3799137802, 1.2976495777, 3.4418469558, 0.33283514133]
    ],
    [
      [1.2519922556, 3.6037528123, 1.0471190872, 6.8685250053, 1.6663242601, 4.3655635363, 2.7405847999, 1.8849886358, 5.5642617701, 1.1065644146, 4.5685009363, 0.40017825126, 5.3942058763, 0.12321829286, 0.97178477401, 0.30172213518, 6.1618633008, 7.9282846819, 3.1453517551, 0.63150736672, 0.4140262507, 2.3274987229, 0, 0.68680484544, 0, 0.59150675014, 5.992901665, 2.4227005024, 0.210273835, 2.3013469918, 0.04009403592, 0.65864862239, 3.1285186429, 0, 20.288628171, 5.0979350079, 11.8057865911, 0.49602073139],
      [0.6315693063, 1.2457820844, 0.31677492879, 2.3504198754, 1.26784403, 1.548387821, 0.67500506542, 0.34682751211, 1.9173563315, 0.10829533176, 1.4917771861, 0.17513201211, 1.4709318052, 0, 0.43031784779, 0.16437282001, 1.7377392267, 1.7596075153, 1.6666720655, 0.34112443056, 0.31836776926, 0.77817525233, 0.120613729, 0.28235718269, 0.078519618682, 0.25844377224, 0.85086117884, 0.40646144779, 0, 1.0384134729, 0.033444273442, 0.1728784105, 0.9647117632, 0, 2.2756152592, 1.7286515553, 2.8637115762, 0.22416962763],
      [0.35045442582, 1.0209582537, 0.19856448911, 1.6595614216, 1.6024512178, 1.5403728918, 1.1978586205, 0.59273757559, 1.3736143964, 1.0840554142, 0.96054441179, 0.14944201892, 0.62941498044, 0.9200203857, 0.37885996868, 0.10101064745, 2.0569815011, 1.7269639065, 1.571751158, 0.22504181281, 0.23479625129, 0.51901376504, 0, 0.27781589262, 0.26547532588, 0.25190545975, 1.9605001158, 0.83433668415, 0.75856302042, 0.98260257875, 0, 0.35062056997, 0.90476197338, 0, 7.0271521643, 0.97563877326, 4.2344642394, 0.17171414251],
      [123.1945612031, 309.90131248, 99.0970534023, 751.735692758, 376.5265277375, 299.7131079371, 358.7280647802, 187.2826257666, 592.7028764733, 210.6427265328, 439.353325491, 11.0017108454, 481.6175549187, 67.3511213384, 39.6825995235, 30.4328943974, 551.4219464578, 663.0706547029, 501.469004245, 22.7650531948, 77.1015365307, 235.428865786, 20.9380043156, 21.5989365254, 40.382659011, 72.8513444781, 435.2247261389, 251.7995561424, 56.4464787791, 243.0021516157, 5.7252779197, 40.7549204833, 364.2633481324, 1, 1943.9689022527, 539.8989673792, 1133.6323975377, 74.7242167019],
      [7.5714228092, 22.2281943695, 4.3404880926, 35.3858009398, 18.9368527547, 17.8325678138, 18.6584867339, 7.8928205099, 38.4418910287, 8.0583583066, 19.6258519748, 0.27353687226, 22.8878924193, 3.605639983, 2.536437886, 0, 27.6214695136, 46.5144891933, 21.1472207764, 1.0372731951, 2.9312731981, 18.9464464737, 1.9413819554, 0.1540855538, 2.2733460444, 3.0467995398, 23.9710109015, 11.5369452233, 3.5846843655, 17.6754853409, 0.20118377096, 4.0629319138, 15.7386594881, 0, 103.4397021528, 24.2988072843, 77.4636400556, 2.3838787966]
    ],
    [
      [1.0096563056, 3.3406262648, 0.80195472631, 6.4394950835, 2.8363864527, 7.1381596186, 3.2682665055, 6.341719708, 8.8907684522, 1.5267831802, 7.764270824, 0.058991324749, 6.8758291866, 2.1839714561, 0.5092121781, 0.053739168287, 5.5048744234, 8.6258185364, 2.3968547706, 0.261119567, 0.75083159163, 3.7728772829, 0.03533129327, 0.17406182004, 0, 1.9902233718, 11.218070876, 3.9398917669, 1.1306016854, 6.9217102563, 0.11969097625, 2.1138571278, 6.4349655193, 0, 26.7511242961, 6.8471300938, 14.8384156916, 1.2910709937],
      [4.1439978616, 12.9646527443, 3.8860028808, 23.7986173221, 21.8451785213, 23.0919008002, 10.4673174306, 15.1793721683, 29.1540362697, 11.1642444629, 24.9006132361, 0.75560264986, 13.0484929459, 7.5350791701, 1.5221998447, 0.12155938461, 16.2958474257, 18.2879152837, 10.4718413527, 0.97549786112, 5.6014130974, 11.5429304379, 1.6158129831, 0.8748114683, 1.352041739, 8.2854613739, 21.6309056186, 9.9842399848, 0, 29.6871180773, 0.27841077364, 9.7559091934, 19.5427032014, 0.049861299137, 60.8999726143, 21.2338457196, 61.6125042973, 7.1077305737],
      [80.8368360977, 173.5201418368, 44.9132772079, 305.9114208286, 278.1857746525, 394.0931442891, 229.0745807069, 337.7356719362, 442.7964785619, 101.8650296341, 351.9052441513, 13.1647566771, 191.5678107285, 52.6490156159, 30.6326577341, 5.6577730974, 344.7534346577, 310.3674913937, 200.3525851448, 15.6319150959, 77.9400234798, 141.8327299388, 30.6117376752, 23.9511267117, 19.1968335118, 167.9145941538, 492.2839040031, 232.2236006423, 123.6889513147, 525.0509619165, 9.4203331493, 89.4479714737, 339.5992447733, 0.91000280621, 1359.4002775897, 293.5411787747, 691.8384706978, 86.2218886399],
      [2.3630789605, 7.148241872, 2.0180597721, 17.4937200881, 12.5187119914, 10.6833131199, 10.0182179896, 15.2101592592, 23.1472249197, 6.4605757543, 18.1670887639, 0, 12.9973550837, 2.8998477268, 0.1308206112, 0.16692834968, 11.9761299865, 17.0210070942, 8.3855985261, 0.032360335139, 3.209960584, 9.9047817035, 1.2813400951, 0, 1.9585245689, 5.8553543803, 19.3517186794, 9.9775064182, 2.4239123643, 17.214927566, 0.087649945429, 2.5153561135, 18.2270825565, 0.04013589465, 62.3534725427, 18.0612460812, 35.2622716934, 4.8426475919],
      [0.64643077473, 2.0263372821, 0.38070541296, 3.3567466777, 2.6139483821, 2.9934821722, 2.1716173674, 2.5330769283, 6.0114917965, 0.98336696861, 3.2627830246, 0.02064934828, 2.5105120553, 0.73208603111, 0.20510963188, 0, 2.4697135067, 4.697767692, 1.3931202058, 0.099107140816, 0.49777124719, 2.946680637, 0.45577795331, 0, 0.49260018036, 0.95436672013, 4.515400823, 1.8747611877, 0.75653463566, 5.1252821839, 0.093915155384, 1.1669060915, 3.1960039495, 0, 13.5951529571, 3.3165993308, 9.4483376198, 0.53666220084]
    ],
    [
      [6.6145001312, 15.5650379705, 4.539622656, 33.5676146877, 26.5920390163, 41.9139670842, 33.5390495451, 27.379304732, 53.9670659636, 12.4302281471, 40.6894951905, 1.3406278839, 48.3600924861, 4.6440179738, 5.2279718053, 2.2628959972, 32.4173150975, 32.4449924375, 19.601684113, 1.8624494755, 5.4805730742, 13.2582125368, 0.90836751084, 1.9077604437, 0.97246023273, 10.4661443238, 59.681624524, 29.2027718445, 5.7669316761, 21.3715276756, 0.7737748684, 2.7343214198, 21.1969366311, 0, 169.1342457571, 35.6743083197, 82.7920575662, 4.2320628727],
      [0.044100941453, 0.088177077046, 0.030714596945, 0.18224133321, 0.2378037711, 0.21803804066, 0.13833133157, 0.084225084647, 0.26955097381, 0.09903246802, 0.1954416864, 0.018949535131, 0.14290381714, 0.0152853383, 0.035772759177, 0.011974286582, 0.14217878712, 0.099934820591, 0.12378950227, 0.0074295855091, 0.052956065144, 0.061692378036, 0.012845133182, 0.025231367919, 0.04395010178, 0.065691402686, 0.13588758251, 0.091924911229, 0, 0.13590154196, 0.012748739319, 0.017875440283, 0.096877909766, 0, 0.46691199953, 0.17045110752, 0.45218309566, 0.03377914761],
      [6.9424188568, 10.5076713133, 3.2117428846, 20.7843602235, 28.8414685673, 30.7159356256, 29.8781961797, 19.2786201235, 35.1966036986, 10.2842643377, 24.0259172676, 1.8718788461, 16.8593055201, 2.1889534663, 4.3503023855, 2.1503670043, 26.6645947946, 14.8888329411, 20.4098537544, 0.75667178991, 6.4159807011, 6.4381670908, 1.6545531078, 3.873780804, 1.1683250282, 11.1659715041, 32.277071693, 22.6031002125, 9.0755031442, 20.7483767135, 1.9610780846, 1.5151097994, 14.7008684507, 0.06337777113, 112.556970725, 20.0328962555, 50.5679575262, 3.6962684744],
      [7.3113835073, 14.638384554, 5.1737695009, 40.1029520727, 42.9058566763, 30.7924942976, 43.9957768925, 29.0247158115, 61.8040246581, 22.0258238685, 41.7329844268, 0.76428641179, 38.2831771118, 4.107023079, 2.3465420965, 2.5747627119, 31.4725607477, 27.2011517327, 28.634091849, 0.3684379122, 8.9843411683, 15.0146999459, 2.3814468314, 1.1932273844, 4.7634186312, 13.1972130363, 42.4455486826, 32.8118961887, 6.0799335985, 23.4175756482, 1.2329120711, 1.7000386255, 26.7833893021, 0.93662222887, 172.0716422345, 41.7620299929, 85.0822554681, 6.9959433819],
      [0.087596563212, 0.20072908512, 0.044150361477, 0.36283168279, 0.42283196893, 0.35956495193, 0.44864605111, 0.23313424837, 0.76275470596, 0.16065117864, 0.35616142867, 0.0042573230454, 0.35452106485, 0.044720142579, 0.039410953553, 0, 0.30335057311, 0.36508806807, 0.23058078132, 0.005011236926, 0.066148991222, 0.22722804849, 0.042787416764, 0, 0.051846006026, 0.10497973312, 0.45986751784, 0.29030684311, 0.077631581216, 0.3266184207, 0.01948623658, 0.03265471496, 0.2219277063, 0, 1.7702292839, 0.3603143244, 1.1055463438, 0.041946123505]
    ],
    [
      [1.1115036643, 2.4467669854, 0.5941144816, 4.0672915387, 1.9052502709, 4.4876416987, 2.4238915702, 2.2977148062, 3.5256655164, 0.93206926843, 2.9470432808, 0.1298992832, 4.3436387323, 1.0424274582, 0.28169176046, 0.37508848196, 3.8771029546, 4.9570697522, 1.8453380179, 0.24429441917, 0.35456908342, 1.6128943854, 0.056301195887, 0.21599855985, 0.027539767274, 0.93430952886, 5.0615848018, 2.4049083922, 0.52011869926, 2.356407415, 0.020950257885, 0.44661590132, 3.117903223, 0, 16.6078500776, 3.2939087443, 8.4170410122, 0.92322126768],
      [1.3463810042, 2.7595266976, 0.86550175873, 4.3240134328, 3.6369041679, 4.207604151, 2.1976236214, 1.647741336, 3.3207241135, 1.9228154729, 2.7120393445, 0.27940109312, 2.2925485502, 1.9498910384, 0.27481629475, 0.14391283576, 3.3275524017, 2.9712706378, 2.2237610396, 0.20339872238, 0.68433567871, 1.4269204445, 0.13143533668, 0.34661977168, 0.050646632952, 1.0922052035, 2.7029438395, 1.7969829999, 0.29437280612, 2.8268098611, 0.039092210192, 0.7144041777, 2.7474316691, 0, 10.9850620407, 2.9466263564, 10.1163461176, 1.5297016023],
      [1.2395166635, 1.7661994864, 0.45722665986, 2.6761697459, 2.2230905764, 3.5098089743, 2.3000773416, 1.7270047214, 2.4392527103, 0.83429719376, 1.8499423032, 0.21706865899, 1.6164923653, 0.60764891164, 0.26149283092, 0.24933586197, 3.3889994009, 2.4320506903, 2.0447335264, 0.14182534014, 0.44744134942, 0.84136936811, 0.11513349944, 0.47733021068, 0.03660118054, 1.067386426, 2.9298109024, 1.9817733894, 0.88867876519, 2.4413424343, 0.056499079743, 0.29383136672, 2.3045924208, 0, 11.7465274948, 1.9651380474, 5.4879674377, 0.87045955514],
      [8.8202858501, 16.2986925112, 4.9915414481, 34.0911665502, 21.7549247936, 23.1742224507, 22.3585261558, 17.1501211966, 28.2731740289, 11.7273151455, 21.2396146482, 0.69050150341, 24.3043658951, 6.839863123, 1.0088694797, 2.2316628203, 26.4426712628, 29.3234023681, 19.0104298049, 0.55698496437, 4.1996816372, 12.9720895864, 1.2126344137, 1.1141370116, 0.9912976576, 8.390471469, 25.325892333, 19.0162279192, 3.9317678385, 18.1672706823, 0.27704219744, 2.1348146839, 27.6989654567, 0, 117.8455585609, 27.0676973691, 60.4380164074, 10.9719398371],
      [17.4823128178, 37.7288143194, 7.0916156517, 50.8413587324, 34.4798301912, 43.6207227252, 36.719881311, 23.1774179398, 58.4411836309, 14.5835029194, 30.2513604232, 0.68312946128, 36.4429544571, 11.5601694688, 2.1731296342, 1, 41.9636739801, 66.3162065516, 25.8757376113, 0.85349655394, 5.3139722513, 35.1467262156, 4.4844955543, 0.8459144462, 1.8939147616, 11.5156273727, 43.9797681233, 27.8001072994, 8.3650618909, 42.2081696072, 0.60641625474, 7.4103338704, 38.1311072304, 0, 196.815001826, 38.7266294829, 131.540629025, 11.7046777377]
    ]
  ],
  "prob": [
    [0.00039948963738, 0.43899971101, 0.11750127332, 0.43427586418, 0.0088236618426],
    [0.0093542198399, 0.0029947604698, 0.0026782783626, 0.93360551149, 0.051367229842],
    [0.016689139042, 0.053924388529, 0.88007487421, 0.040279570975, 0.0090320272415],
    [0.36182015683, 0.0017295143305, 0.25012181163, 0.38228440175, 0.0040441154682],
    [0.044030104906, 0.040667215216, 0.032220647585, 0.32380176789, 0.5592802644]
  ],
  "iterations": 207,
  "time": 0.027847,
  "message": "Converged",
  "status": 0,
  "miniter": 0,
  "maxiter": 1000,
  "maxtime": 3600,
  "param_threshold": 0.001,
  "ll_threshold": "-Inf",
  "initial_prob": "random",
  "adjust_prob_cond_method": "project_lp",
  "adjust_prob_cond_every": false,
  "candidates_id": ["DEGIA-PALA, Anne.c", "IRWIN, Frances Ruth.c", "PENK, Christopher Aidan.c", "SEPULONI, Carmel Jean.c", "Other candidates votes.c"],
  "group_id": ["Green Party.p", "Labour Party.p", "National Party.p", "New Zealand First Party.p", "Other parties votes.p"]
}
