{
  "X": [
    [11, 10, 1, 16, 17, 17, 5, 7, 10, 6],
    [7, 15, 2, 16, 14, 15, 3, 3, 17, 8],
    [8, 12, 6, 18, 10, 14, 3, 4, 17, 8],
    [11, 12, 4, 16, 16, 16, 1, 6, 13, 5],
    [7, 11, 2, 12, 21, 23, 3, 6, 12, 3],
    [11, 14, 4, 14, 14, 19, 3, 8, 12, 1],
    [9, 7, 6, 13, 15, 20, 2, 11, 15, 2],
    [15, 9, 6, 9, 20, 17, 3, 6, 14, 1],
    [3, 12, 2, 15, 26, 16, 2, 3, 16, 5],
    [16, 7, 3, 11, 12, 21, 7, 9, 12, 2],
    [14, 11, 2, 12, 21, 17, 5, 4, 12, 2],
    [8, 12, 4, 11, 27, 14, 3, 3, 11, 7],
    [7, 10, 6, 14, 10, 10, 6, 10, 22, 5],
    [4, 4, 13, 12, 8, 9, 4, 8, 22, 16],
    [12, 12, 8, 11, 1, 6, 4, 4, 21, 21],
    [11, 8, 13, 9, 6, 6, 2, 9, 24, 12],
    [9, 3, 16, 6, 6, 10, 3, 9, 25, 13],
    [4, 5, 15, 10, 11, 8, 3, 9, 20, 15],
    [8, 4, 9, 7, 9, 7, 3, 11, 25, 17],
    [8, 8, 12, 9, 7, 6, 3, 12, 17, 18],
    [8, 4, 14, 9, 7, 5, 2, 5, 28, 18],
    [8, 6, 17, 7, 5, 3, 3, 16, 24, 11],
    [3, 5, 9, 10, 11, 6, 2, 10, 27, 17],
    [9, 6, 15, 13, 6, 5, 1, 7, 24, 14],
    [12, 6, 13, 7, 5, 7, 2, 8, 27, 13],
    [5, 7, 3, 17, 9, 24, 7, 6, 13, 9],
    [12, 12, 5, 19, 8, 17, 2, 6, 14, 5],
    [7, 5, 5, 22, 10, 21, 8, 1, 12, 9],
    [4, 9, 4, 25, 7, 18, 4, 6, 20, 3],
    [8, 5, 2, 32, 7, 18, 5, 2, 17, 4],
    [10, 7, 1, 32, 12, 9, 4, 6, 15, 4],
    [13, 7, 6, 21, 6, 23, 2, 3, 17, 2],
    [11, 5, 3, 30, 4, 14, 5, 4, 20, 4],
    [8, 6, 4, 22, 6, 14, 0, 11, 25, 4],
    [9, 9, 3, 24, 6, 19, 4, 5, 16, 5],
    [9, 7, 7, 23, 6, 24, 4, 3, 15, 2],
    [8, 11, 2, 20, 9, 23, 3, 4, 16, 4],
    [5, 6, 6, 21, 17, 20, 4, 7, 10, 4],
    [21, 7, 5, 9, 12, 12, 8, 13, 11, 2],
    [14, 20, 5, 13, 12, 9, 6, 13, 6, 2],
    [13, 10, 8, 16, 16, 12, 2, 11, 9, 3],
    [22, 9, 7, 12, 9, 20, 2, 12, 6, 1],
    [12, 7, 5, 16, 18, 15, 2, 13, 9, 3],
    [11, 11, 4, 16, 10, 20, 1, 14, 8, 5],
    [16, 8, 6, 14, 9, 13, 3, 14, 12, 5],
    [17, 14, 8, 10, 9, 18, 5, 11, 6, 2],
    [15, 13, 3, 8, 11, 18, 6, 9, 11, 6],
    [11, 9, 6, 18, 14, 13, 1, 11, 7, 10],
    [19, 10, 5, 13, 15, 17, 1, 6, 8, 6],
    [17, 12, 5, 13, 13, 12, 3, 11, 8, 6]
  ],
  "W": [
    [56, 9, 21, 14],
    [58, 22, 16, 4],
    [54, 16, 20, 10],
    [57, 13, 11, 19],
    [61, 14, 12, 13],
    [64, 11, 16, 9],
    [68, 12, 9, 11],
    [63, 14, 13, 10],
    [63, 13, 15, 9],
    [59, 15, 12, 14],
    [66, 6, 12, 16],
    [63, 14, 10, 13],
    [43, 32, 15, 10],
    [11, 61, 16, 12],
    [9, 63, 12, 16],
    [12, 63, 15, 10],
    [13, 62, 15, 10],
    [16, 59, 13, 12],
    [12, 63, 13, 12],
    [14, 61, 16, 9],
    [16, 59, 14, 11],
    [14, 64, 10, 12],
    [9, 61, 14, 16],
    [12, 62, 11, 15],
    [14, 62, 18, 6],
    [10, 15, 62, 13],
    [14, 13, 61, 12],
    [12, 16, 64, 8],
    [13, 16, 57, 14],
    [15, 9, 63, 13],
    [17, 14, 59, 10],
    [11, 10, 69, 10],
    [14, 13, 60, 13],
    [13, 18, 54, 15],
    [10, 13, 67, 10],
    [14, 14, 56, 16],
    [11, 10, 65, 14],
    [17, 9, 34, 40],
    [13, 12, 14, 61],
    [12, 11, 10, 67],
    [7, 14, 16, 63],
    [9, 8, 12, 71],
    [13, 11, 10, 66],
    [18, 15, 7, 60],
    [14, 10, 10, 66],
    [8, 9, 11, 72],
    [16, 17, 11, 56],
    [12, 14, 13, 61],
    [13, 12, 9, 66],
    [17, 16, 7, 60]
  ],
  "method": "mult",
  "cond_prob": [
    [
      [0.1067772591, 0.12534535948, 0.0030561103242, 0.119976201, 0.25062739789, 0.18489661915, 0.048977438886, 0.055233513493, 0.087746754698, 0.017363345971],
      [0.053435529492, 0.027650886118, 0.058350516404, 0.028357479512, 0.021039400217, 0.0049056297838, 0.025040947869, 0.11747988338, 0.22841834506, 0.43532138216],
      [0.075818094904, 0.056760160377, 0.0039923360206, 0.34721263618, 0.041956346974, 0.21889057863, 0.067904792216, 0.019146617407, 0.13200769048, 0.036310746807],
      [0.21052669513, 0.10998846614, 0.015704579841, 0.12390357633, 0.13531627355, 0.14320975059, 0.043278161072, 0.17482323774, 0.018446795092, 0.024802464516]
    ],
    [
      [0.077526490233, 0.20182958698, 0.0016776547104, 0.14462931912, 0.21497939628, 0.18788309165, 0.031427684268, 0.022199120002, 0.11351662698, 0.004331029783],
      [0.04458811793, 0.051209215842, 0.079659812701, 0.039637252022, 0.021117551303, 0.0072365333457, 0.018323465445, 0.057269952814, 0.34797881387, 0.33297928473],
      [0.052138064443, 0.086203286754, 0.0040514737243, 0.38106550462, 0.034385821363, 0.20661216305, 0.040716933529, 0.0073248587269, 0.16574894388, 0.021752949906],
      [0.17207898523, 0.19700715468, 0.021339141946, 0.16060796813, 0.12910893635, 0.15944558548, 0.030651784054, 0.083828584595, 0.027129657035, 0.018802202514]
    ],
    [
      [0.08497733024, 0.16240949412, 0.024257277254, 0.15176851287, 0.15834163974, 0.16750378326, 0.031850073045, 0.033514499894, 0.15242242508, 0.032954964489],
      [0.033580135741, 0.02664097436, 0.21851558783, 0.027373655376, 0.0078448249256, 0.00094932284224, 0.012751042684, 0.055977860948, 0.29058176178, 0.32578483351],
      [0.053692797978, 0.064143158481, 0.020305775834, 0.38728262483, 0.020721557805, 0.17815281073, 0.039134999844, 0.010107329192, 0.18984245004, 0.036616495261],
      [0.18000860356, 0.1520768558, 0.078774210625, 0.16208693222, 0.090960309912, 0.13765503237, 0.029337937573, 0.10924246467, 0.032303185648, 0.027554467622]
    ],
    [
      [0.10024400759, 0.14680323952, 0.009891857284, 0.14585325515, 0.22741812701, 0.18881867926, 0.010507576811, 0.039744477959, 0.11832841313, 0.012390366304],
      [0.05031226824, 0.032224475715, 0.18035561822, 0.03417455571, 0.0186944207, 0.0048851262969, 0.005340854602, 0.08534576539, 0.3031032225, 0.28556369262],
      [0.06768725408, 0.063013963911, 0.011817046746, 0.39440828906, 0.036066678859, 0.21134936752, 0.013728010916, 0.01298437236, 0.16590602345, 0.023038993089],
      [0.2046038045, 0.13263913474, 0.050608083352, 0.15282126594, 0.1261792539, 0.14994661041, 0.009506783783, 0.13064430054, 0.025788015848, 0.01726274698]
    ],
    [
      [0.059307813294, 0.13199148031, 0, 0.10410841013, 0.28975690045, 0.26509098855, 0.029741957757, 0.036421357919, 0.083581091591, 0],
      [0.069155113457, 0.041090771062, 0.11550164638, 0.034557110983, 0.035969484996, 0.012334056244, 0.021402711246, 0.1238523507, 0.34884956597, 0.19728718896],
      [0.047770171266, 0.061334728458, 0.0050272260326, 0.30460124064, 0.051228244248, 0.3154239763, 0.04250548893, 0.013857001921, 0.14674174285, 0.01151017935],
      [0.14160074965, 0.12594093574, 0.024819249096, 0.11618250312, 0.16973210396, 0.22089886121, 0.028925904017, 0.14446771032, 0.019750659631, 0.0076813232574]
    ],
    [
      [0.11195659714, 0.1718401536, 0.0062254645057, 0.11524357942, 0.19346761135, 0.21203758407, 0.029920325469, 0.063883392442, 0.094495716285, 0.00092957572484],
      [0.066137821234, 0.045044896871, 0.26228734704, 0.032264111206, 0.019595647095, 0.007260528912, 0.018158122468, 0.1649979796, 0.30859535593, 0.07565818964],
      [0.079042006183, 0.077772933585, 0.0137842782, 0.32988557277, 0.032892559059, 0.24875647424, 0.041441625289, 0.022210625315, 0.14924919412, 0.0049647312418],
      [0.20473218341, 0.14026326297, 0.055095666996, 0.11014850331, 0.097359978965, 0.15218057928, 0.024699313137, 0.19345723368, 0.018859792958, 0.0032034853007]
    ],
    [
      [0.09045976653, 0.084063557228, 0.021123847752, 0.12314090944, 0.19772294855, 0.23163004621, 0.021194686779, 0.088204940231, 0.1357872081, 0.0066720891706],
      [0.041043101526, 0.016790858129, 0.29074150451, 0.026230790043, 0.014525076242, 0.0048761775318, 0.0098438784675, 0.16590382594, 0.31522457412, 0.1148202135],
      [0.06029948596, 0.03611041256, 0.021049931173, 0.33573241791, 0.031356540078, 0.26107092937, 0.027748830055, 0.027893030207, 0.18853428288, 0.010204139804],
      [0.16486575309, 0.068835827082, 0.080475538021, 0.11727790147, 0.099848156649, 0.16736403297, 0.017354116992, 0.25092553465, 0.026087855777, 0.006965283289]
    ],
    [
      [0.15016816843, 0.11057708565, 0.0097711198305, 0.07516070615, 0.27786912063, 0.19333920682, 0.030039057962, 0.045284417707, 0.10666731862, 0.0011237982049],
      [0.08499025918, 0.027792226756, 0.31461361409, 0.020306067793, 0.027354542508, 0.0061162943214, 0.017560701305, 0.10981953838, 0.33149870298, 0.059948052684],
      [0.11713899892, 0.055204254193, 0.020112490744, 0.24736097712, 0.052206866811, 0.2532668925, 0.046470122524, 0.017286279425, 0.18618733478, 0.0047657829833],
      [0.28267347742, 0.092689712488, 0.07183664737, 0.076489786093, 0.14325925367, 0.14415322476, 0.025757793732, 0.13848865146, 0.021854173335, 0.002797279673]
    ],
    [
      [0.02853387735, 0.14399441738, 0.0027327432935, 0.12122504182, 0.35605074694, 0.17666941372, 0.01952116149, 0.020976001204, 0.12417138638, 0.0061252104166],
      [0.016848531964, 0.036746191155, 0.11074339755, 0.0331248648, 0.035481971788, 0.0058882783356, 0.01153312507, 0.056366184029, 0.37823840822, 0.31502904708],
      [0.021628933079, 0.068079655663, 0.0063426716532, 0.36720992697, 0.063299867063, 0.21678497915, 0.028283836861, 0.0078171001641, 0.19753267792, 0.02302035148],
      [0.073211201691, 0.1588284872, 0.032559214389, 0.15822780207, 0.23978214483, 0.17127829223, 0.021775405257, 0.092055003254, 0.033012575803, 0.019269873273]
    ],
    [
      [0.15786482113, 0.088111157628, 0.0014631722506, 0.10138475906, 0.17282515651, 0.25398784921, 0.073219156218, 0.061797546177, 0.089346381817, 0],
      [0.09960589579, 0.024261702431, 0.15948980942, 0.029707905786, 0.018479234722, 0.010010824405, 0.046449273291, 0.16862043998, 0.31993116259, 0.12344375159],
      [0.10599679612, 0.038022801853, 0.0074355242122, 0.27237937709, 0.028060362344, 0.28230840242, 0.096613949804, 0.020658091208, 0.14118469485, 0.0073400000903],
      [0.27999468308, 0.070088752948, 0.030864243243, 0.093152007399, 0.084957349779, 0.17691812153, 0.058854520438, 0.18405293438, 0.016812835407, 0.0043045517953]
    ],
    [
      [0.12531357575, 0.12519101805, 0.0049853926725, 0.09919003504, 0.27012637765, 0.18129352662, 0.049166954635, 0.028379228372, 0.11166019447, 0.0046936967362],
      [0.073650250433, 0.032213027179, 0.15940250102, 0.027457333971, 0.026736438618, 0.0058443380775, 0.029387912165, 0.073116536089, 0.34967411526, 0.22251754719],
      [0.092453919526, 0.058567571435, 0.0091153186295, 0.29720513164, 0.047343754431, 0.22072399911, 0.070579990338, 0.010286539219, 0.17813637627, 0.015587399401],
      [0.26112221648, 0.11508148677, 0.03782282837, 0.10764075649, 0.15269471187, 0.14692957658, 0.045730852314, 0.097802077517, 0.024671622392, 0.010503871218]
    ],
    [
      [0.073752712372, 0.14226168934, 0.0091234606132, 0.094557738882, 0.36428194937, 0.15820366175, 0.030135032492, 0.020383573463, 0.091519437276, 0.015780744446],
      [0.03863004967, 0.032414761203, 0.18354911134, 0.023076076497, 0.032234756754, 0.0041105966334, 0.015989608895, 0.046128642179, 0.24319133079, 0.38067506604],
      [0.060507012116, 0.073107499463, 0.013812076536, 0.3224716135, 0.069697428138, 0.21431198936, 0.047872680354, 0.0080964119253, 0.1544823327, 0.035640955911],
      [0.16982217723, 0.1425101477, 0.055185665947, 0.11500624958, 0.22322894722, 0.14096162027, 0.03068550961, 0.076082289389, 0.02190565335, 0.024611739709]
    ],
    [
      [0.078442214986, 0.15339890468, 0.0079467947839, 0.13931156154, 0.18816122956, 0.14727173068, 0.0683200917, 0.066216849098, 0.14531328389, 0.005617339081],
      [0.040585943308, 0.034185112149, 0.15895218219, 0.034767083191, 0.014468079555, 0.0037793458273, 0.036139767448, 0.14742683997, 0.38865423201, 0.14104141435],
      [0.051482953895, 0.063981767478, 0.0098938355438, 0.36571528425, 0.028552552087, 0.16064011148, 0.08703047392, 0.021134994172, 0.20062833581, 0.010939691357],
      [0.15559902613, 0.13501969976, 0.042341046101, 0.14113269281, 0.10178003019, 0.1136774842, 0.060030638977, 0.21179916972, 0.030516833122, 0.0081033789935]
    ],
    [
      [0.048316037366, 0.089125723732, 0.0087014422327, 0.1374790341, 0.30421485131, 0.21333418834, 0.049760423254, 0.038768547261, 0.1013691876, 0.0089305647967],
      [0.027065135221, 0.022193561406, 0.19782453906, 0.040867597001, 0.027998378288, 0.0091946363676, 0.029482075556, 0.093397335917, 0.29898342355, 0.25299331764],
      [0.032973037862, 0.038580651829, 0.011277600241, 0.38132717213, 0.048150696413, 0.24277464667, 0.066451045719, 0.012575485521, 0.14755303669, 0.018336626927],
      [0.10749847789, 0.087376613658, 0.054712137428, 0.15779770447, 0.18127703478, 0.18400473027, 0.049251000314, 0.13959172674, 0.023841792726, 0.014648781722]
    ],
    [
      [0.14949092733, 0.28833966728, 0.0056640244097, 0.15230708288, 0.041695609961, 0.16881904918, 0.055985182019, 0.019717077766, 0.10554794295, 0.012433436223],
      [0.079336196196, 0.066424889758, 0.11731284748, 0.042357450655, 0.0033942449006, 0.0066104354042, 0.030654090232, 0.044182654003, 0.2867828189, 0.32294437248],
      [0.0915534872, 0.11168272748, 0.0065737984084, 0.37929564904, 0.0058796409199, 0.17198168327, 0.066920350483, 0.0058369676449, 0.13748931389, 0.022786381661],
      [0.28485996546, 0.24249888812, 0.029964300516, 0.15057306715, 0.021271649411, 0.12502443298, 0.047617591963, 0.060562217887, 0.020804947262, 0.016822939259]
    ],
    [
      [0.13867333942, 0.18245593434, 0.0086946534103, 0.107028131, 0.23012792988, 0.14873773987, 0.025268121877, 0.044549920212, 0.10794288919, 0.0065213407989],
      [0.080786128922, 0.046791107215, 0.19425856141, 0.027381826798, 0.022815794779, 0.0048966897285, 0.01464704798, 0.1084658163, 0.31575349173, 0.18420353514],
      [0.10447430584, 0.087051376417, 0.012539102851, 0.32803796782, 0.040421813199, 0.18605057114, 0.037092730681, 0.01647334834, 0.17297518226, 0.014883601449],
      [0.26792792172, 0.15569183871, 0.046928824764, 0.10700378225, 0.11947425723, 0.11158971016, 0.021762755452, 0.13849543055, 0.021758761664, 0.0093667175033]
    ],
    [
      [0.12075130325, 0.072046643979, 0.013222250247, 0.075431130497, 0.23813281655, 0.25858713908, 0.040416782788, 0.048498793284, 0.1237924561, 0.0091206842191],
      [0.059359769978, 0.015133232975, 0.24029738126, 0.014132354451, 0.016870960261, 0, 0.020279822772, 0.10593121747, 0.32676013408, 0.20123512675],
      [0.090154813089, 0.033005383503, 0.018082617897, 0.22458341312, 0.039554703274, 0.31004611748, 0.057365206302, 0.017487759595, 0.19105062066, 0.018669365087],
      [0.23976051228, 0.063005243131, 0.065843384017, 0.077443813076, 0.12649532995, 0.19876754298, 0.035675471735, 0.15394638104, 0.02658104478, 0.012481277007]
    ],
    [
      [0.046952198005, 0.10311394953, 0.010903746912, 0.11835125686, 0.35484489674, 0.18138964467, 0.037122385944, 0.04380289044, 0.09430641649, 0.0092126144025],
      [0.026133132534, 0.025467658215, 0.23461285362, 0.029320823381, 0.033546702382, 0.0045001221214, 0.021285635186, 0.10539241501, 0.27549672311, 0.24424393444],
      [0.035484787724, 0.049386812958, 0.015720290224, 0.3656526548, 0.062633451798, 0.22822295795, 0.054787697322, 0.016131629295, 0.15150279438, 0.020476923547],
      [0.10380064767, 0.10046303369, 0.064918159424, 0.1352472332, 0.21074927819, 0.15544666889, 0.036495773645, 0.15594084054, 0.022271195453, 0.014667169296]
    ],
    [
      [0.09657678549, 0.088621551748, 0.0063400355167, 0.086044002021, 0.3323929867, 0.17534194265, 0.03806253314, 0.052611585549, 0.11395700378, 0.01005157341],
      [0.054007729904, 0.021730232868, 0.13295460779, 0.019055239092, 0.031085095337, 0.0025916058542, 0.021379079072, 0.12646757226, 0.33048895183, 0.260239886],
      [0.076728706907, 0.044577169188, 0.0095460845892, 0.28021288952, 0.061415940398, 0.23196138187, 0.059086881635, 0.020572555434, 0.19265184256, 0.0232465479],
      [0.20342653336, 0.082336125741, 0.035306681956, 0.093685362438, 0.18787632735, 0.14309396292, 0.035686513296, 0.1778133917, 0.025603169676, 0.015171931557]
    ],
    [
      [0.10429520776, 0.18298075571, 0.0094019562042, 0.10466464362, 0.26126690374, 0.14367162611, 0.038209098964, 0.06355339243, 0.080245059294, 0.011711356158],
      [0.056476440481, 0.042684498132, 0.18413763496, 0.020042671591, 0.022630991561, 0.00062221495231, 0.02029926281, 0.14708973748, 0.2228310151, 0.28318553294],
      [0.081647277901, 0.090604937698, 0.013855593018, 0.33623716357, 0.047415674771, 0.18711008665, 0.058421129504, 0.024832946723, 0.13358444158, 0.02629074859],
      [0.1987164195, 0.15387067009, 0.046031932497, 0.10358860058, 0.13368022956, 0.10632008178, 0.032453279002, 0.19338348582, 0.01628068702, 0.015674614146]
    ],
    [
      [0.14315341209, 0.099412179012, 0.016072902937, 0.1228493472, 0.27335816595, 0.10368904832, 0.029372974439, 0.030129981568, 0.16320374584, 0.018758242632],
      [0.033147336138, 0.013440765901, 0.21474416047, 0.010872064468, 0.0059666554932, 0, 0.011400861628, 0.055170087314, 0.36725945943, 0.28799860916],
      [0.07744450559, 0.042520555358, 0.019410139255, 0.35026081403, 0.041041629943, 0.15269287829, 0.039497515567, 0.010171641853, 0.23527861205, 0.031681708056],
      [0.24269359055, 0.09282837933, 0.072835103263, 0.1353915677, 0.1545139865, 0.10938863007, 0.027674214088, 0.10186201431, 0.038775581014, 0.024036933169]
    ],
    [
      [0.13587018774, 0.15887620251, 0.016865028659, 0.11352648499, 0.21209086545, 0.076549895759, 0.047440525832, 0.093361777546, 0.135917665, 0.0095013665161],
      [0.043310175221, 0.024635122835, 0.24557700941, 0.011728417962, 0.0076844784871, 0, 0.019007656472, 0.17544422102, 0.30771143738, 0.16490148121],
      [0.085163753207, 0.07271234058, 0.021557780844, 0.34256447305, 0.034924832505, 0.11562923367, 0.067580346025, 0.033518988276, 0.20856950713, 0.017778744706],
      [0.20619405212, 0.12266349147, 0.06928193233, 0.10286381084, 0.099139411284, 0.064334093554, 0.036961596991, 0.2607762572, 0.026493802199, 0.011291552013]
    ],
    [
      [0.032688078961, 0.10484327587, 0.0062361383322, 0.11315914888, 0.40233586989, 0.13959998123, 0.024092068338, 0.044345906694, 0.1224921699, 0.010207361903],
      [0.01791177305, 0.025449934603, 0.13414675725, 0.026282947236, 0.036453787235, 0.0015353199982, 0.0139220748, 0.1086688554, 0.36847915861, 0.26714939182],
      [0.025906980559, 0.052668609698, 0.0094783218722, 0.36778395689, 0.073939480792, 0.18471736496, 0.03743904167, 0.017099697838, 0.20742092261, 0.023545623113],
      [0.078155712841, 0.11041274817, 0.039264128526, 0.13933328013, 0.25750896366, 0.12899390873, 0.025611139924, 0.17079318067, 0.032278054955, 0.017648882398]
    ],
    [
      [0.11302897168, 0.14047269865, 0.011605320034, 0.18363272473, 0.23135874438, 0.13767248096, 0.014065938629, 0.035310587629, 0.12357781943, 0.0092747138825],
      [0.055867037969, 0.029678406257, 0.22228677103, 0.044528600947, 0.016084169293, 0.0025716809221, 0.0073040024687, 0.076577322031, 0.32733469419, 0.2177673149],
      [0.071041560917, 0.055816940485, 0.013872142458, 0.4713216249, 0.033357767159, 0.14421451445, 0.017287212482, 0.010803993153, 0.16532365524, 0.016960588755],
      [0.22656258771, 0.1240186722, 0.061757519251, 0.19007307804, 0.12396940883, 0.10680842349, 0.012546749739, 0.11397567052, 0.02691699465, 0.013370895566]
    ],
    [
      [0.17146931456, 0.1477101008, 0.011001354529, 0.081713180869, 0.20315596473, 0.17379357929, 0.026241299495, 0.045707585853, 0.13001024966, 0.0091973702137],
      [0.084767132752, 0.031307620553, 0.19774809462, 0.013642824251, 0.014774815732, 0, 0.01303947104, 0.10047886442, 0.3433949222, 0.20084625443],
      [0.13398580946, 0.069866608548, 0.015601807852, 0.25172397265, 0.03482376962, 0.21145573479, 0.038472606737, 0.017252729976, 0.20739519159, 0.019421768768],
      [0.32202046589, 0.12223119345, 0.050794438139, 0.079854809423, 0.1021583442, 0.1267811106, 0.021944613553, 0.13664251076, 0.026042979946, 0.011529534041]
    ],
    [
      [0.05286368007, 0.12328081699, 0.0061573499113, 0.076948861359, 0.29582395412, 0.23829041024, 0.056263811617, 0.052108963879, 0.081997390814, 0.016264761004],
      [0.027725810488, 0.028324842771, 0.12264829998, 0.017868830199, 0.025880108858, 0.005432415861, 0.029929835474, 0.11768713782, 0.22423195269, 0.40027076585],
      [0.041602754151, 0.061634511949, 0.010422070755, 0.23957874782, 0.055316779738, 0.30564693504, 0.085300347354, 0.021831845498, 0.13823170073, 0.04043430696],
      [0.11354656036, 0.11699841906, 0.034810278027, 0.085276659105, 0.17107065248, 0.1988845913, 0.053830216597, 0.18154068254, 0.018937027409, 0.025104913126]
    ],
    [
      [0.12742799669, 0.20353283109, 0.01166496767, 0.084472600975, 0.23772661828, 0.16446903388, 0.015900653212, 0.055192725286, 0.089585178846, 0.010027394069],
      [0.066550652026, 0.046660233532, 0.2245578686, 0.018792073762, 0.021111892089, 0.0032534965389, 0.008372382275, 0.12223679519, 0.24421124552, 0.24425336046],
      [0.10622464191, 0.10673488215, 0.020351123176, 0.27183566424, 0.048297105037, 0.21654803604, 0.024726197571, 0.026862194264, 0.1534489907, 0.02497116491],
      [0.23926220111, 0.16942745982, 0.056334970586, 0.082592592421, 0.12093744497, 0.12047565599, 0.013354319468, 0.16663580487, 0.017556072634, 0.013423478129]
    ],
    [
      [0.080957767809, 0.092120208095, 0.010194962061, 0.10094782366, 0.33911489365, 0.21214442132, 0.065276480105, 0.0098197888463, 0.073946476746, 0.015477177705],
      [0.043180546411, 0.021532500985, 0.21327299005, 0.02495971129, 0.029885047392, 0.0057489616393, 0.035593605358, 0.022723548578, 0.2059857797, 0.3971173086],
      [0.060326981501, 0.043895545638, 0.015088705754, 0.30371403173, 0.059256908556, 0.2634088642, 0.095584065461, 0.0035392687817, 0.11989068779, 0.035294940586],
      [0.18458640345, 0.092590320783, 0.062451930781, 0.11894658808, 0.20750229629, 0.18801453117, 0.066225545435, 0.036509069321, 0.01798322314, 0.025190091554]
    ],
    [
      [0.044341786889, 0.16463664562, 0.0073177085909, 0.13135142386, 0.22481978732, 0.19853011907, 0.03564635096, 0.051504884566, 0.13702304845, 0.0048282446807],
      [0.024707342414, 0.040162873382, 0.17784484525, 0.036300850514, 0.020290767247, 0.0071127391201, 0.020465234265, 0.12554571821, 0.4006900791, 0.14687955049],
      [0.029580395314, 0.070525828137, 0.0071268038421, 0.36247510709, 0.033796565931, 0.22748921954, 0.047872624706, 0.013320634049, 0.19943086465, 0.008381956737],
      [0.095868339921, 0.15693895921, 0.046651746091, 0.1464669127, 0.13044901649, 0.16702993658, 0.034315291502, 0.18303063346, 0.031435701385, 0.0078134626597]
    ],
    [
      [0.094575378008, 0.094585196246, 0.0055005884154, 0.16872123241, 0.22823958894, 0.19683825177, 0.045883342786, 0.021121396599, 0.13439670738, 0.010138317445],
      [0.049832723165, 0.021648414459, 0.12822120971, 0.043102637185, 0.019130799416, 0.0060601903327, 0.024715472945, 0.049321739016, 0.36921742496, 0.28874938881],
      [0.054257346198, 0.034829809083, 0.0047207552861, 0.42232635524, 0.026284662542, 0.20329205015, 0.055657310681, 0.0037024658757, 0.178550027, 0.016379217944],
      [0.20882015468, 0.091700642611, 0.035853284871, 0.19036133839, 0.13448424854, 0.16811425775, 0.044838463755, 0.077386773055, 0.031726220298, 0.016714616047]
    ],
    [
      [0.10919261892, 0.11868939047, 0.0016356069188, 0.15288199862, 0.3413409968, 0.090131189756, 0.032757472333, 0.054548450753, 0.093727821443, 0.0050944539782],
      [0.072386048233, 0.034722730578, 0.055665972312, 0.048483787053, 0.038428612611, 0.0038612110372, 0.022149833674, 0.15760976918, 0.32929201977, 0.23740001555],
      [0.083319005486, 0.058147808254, 0.00131390442, 0.4596823022, 0.064162465266, 0.1135760658, 0.04807272974, 0.017552856604, 0.14578780979, 0.0083850524464],
      [0.22144994793, 0.10654414469, 0.011535070924, 0.16009771748, 0.18736170272, 0.07127249377, 0.029673424424, 0.1830521029, 0.019505798114, 0.0095075970363]
    ],
    [
      [0.15135147005, 0.13059829247, 0.01646108121, 0.0942886855, 0.20944541362, 0.22737697165, 0.016411004322, 0.033206072772, 0.11617403356, 0.0046869748546],
      [0.077615114936, 0.029306154535, 0.33479012617, 0.022442556887, 0.017710367587, 0.0060310021907, 0.0085706983913, 0.073448931364, 0.31106474899, 0.11902029895],
      [0.11121141951, 0.060434324749, 0.02349256654, 0.27258627578, 0.03542661938, 0.27174240467, 0.023104756946, 0.012576218357, 0.17937399213, 0.010051421941],
      [0.28853947341, 0.11003888298, 0.085003975371, 0.092994586162, 0.10745600371, 0.16883173677, 0.013954373929, 0.10324848192, 0.023463268429, 0.006469217314]
    ],
    [
      [0.14002149406, 0.10292581816, 0.0076402736061, 0.17396709203, 0.14328418487, 0.16957425293, 0.049843214834, 0.042356108651, 0.16122988204, 0.0091576788173],
      [0.06451651255, 0.020487909595, 0.1462598336, 0.039842085182, 0.010076857691, 0.0044646747712, 0.023678984018, 0.085780766267, 0.38982751836, 0.21506485796],
      [0.077890118458, 0.035869459342, 0.0075363792537, 0.41320021448, 0.015000911556, 0.1651728321, 0.057276095942, 0.0089725738222, 0.20394795766, 0.015133457382],
      [0.27135210096, 0.087732935419, 0.041498121342, 0.17342313348, 0.074074428346, 0.12750382776, 0.042907880273, 0.13488539139, 0.033703573325, 0.012918607702]
    ],
    [
      [0.093480580968, 0.11639781325, 0.0088279811122, 0.12383066337, 0.20300507208, 0.16696104806, 0, 0.097502458489, 0.18201286363, 0.0079815190491],
      [0.041198720577, 0.022086626532, 0.13912477155, 0.023495199925, 0.013857655671, 0.002096031035, 0, 0.18545883352, 0.41920366128, 0.15347849991],
      [0.063172876267, 0.048962772471, 0.014064284358, 0.33650252716, 0.029259533015, 0.18465490814, 0, 0.036424077822, 0.26892401876, 0.018035002009],
      [0.17545601058, 0.096351962454, 0.041434600158, 0.11974342072, 0.1020987652, 0.1213608518, 0, 0.29515392226, 0.037751323801, 0.010649143031]
    ],
    [
      [0.10476346381, 0.17022736061, 0.0068931122364, 0.11010314237, 0.21565663992, 0.19267475645, 0.033139871341, 0.051659256904, 0.10515579499, 0.0097266013789],
      [0.056743465879, 0.040365406817, 0.14979392009, 0.027887825719, 0.019249828663, 0.0056447177256, 0.018288858437, 0.12077442822, 0.29716310875, 0.26408843971],
      [0.076789267248, 0.078912014065, 0.0090934286839, 0.31957964201, 0.03653140723, 0.23160354474, 0.046849245927, 0.018625180129, 0.16217195596, 0.01984431401],
      [0.20698193999, 0.14858711629, 0.037448819469, 0.11245908275, 0.11455815438, 0.14824336077, 0.029194664981, 0.16654527955, 0.021980058698, 0.014001523129]
    ],
    [
      [0.099444169486, 0.12770861425, 0.013816056649, 0.12530935542, 0.18797847834, 0.26942571172, 0.036709289424, 0.025973981302, 0.11010213411, 0.0035322092892],
      [0.055038054229, 0.030881418188, 0.3400034703, 0.03427703289, 0.016749440872, 0.0095502391725, 0.020860877515, 0.06285136154, 0.31959798035, 0.11019012494],
      [0.064204216611, 0.052547719379, 0.01248265596, 0.33308534115, 0.026588220137, 0.29765897756, 0.047503073062, 0.0065051955417, 0.1536780735, 0.0057465270996],
      [0.20261329611, 0.11481670379, 0.084218618055, 0.1320632162, 0.10280430021, 0.2140896215, 0.03336534821, 0.087009640617, 0.023639142601, 0.0053801127033]
    ],
    [
      [0.07977502782, 0.180730855, 0.0044766917303, 0.084600088082, 0.27127004267, 0.21046339762, 0.022763619845, 0.035400869909, 0.10260281411, 0.0079165932139],
      [0.050420586649, 0.050191039939, 0.11900351959, 0.025049504403, 0.028773142016, 0.0074494611107, 0.014666835234, 0.096719509961, 0.33994785461, 0.26777854649],
      [0.064152764519, 0.093157564035, 0.0056815039357, 0.26885468865, 0.053524612188, 0.27831606577, 0.035247025298, 0.013355828347, 0.17146079052, 0.016249156735],
      [0.1748813667, 0.17534346667, 0.02795881709, 0.09595351605, 0.16065702273, 0.17999026716, 0.02227679893, 0.1268047492, 0.023352793904, 0.012781201568]
    ],
    [
      [0.036754284272, 0.080519501966, 0.011771704046, 0.12652773071, 0.35494155277, 0.21329571797, 0.036093213886, 0.035685202354, 0.094318520268, 0.010092571762],
      [0.019706683165, 0.018843495803, 0.25603203885, 0.032049266033, 0.031471355454, 0.006333793692, 0.019697858261, 0.084089902087, 0.2620523589, 0.26972324775],
      [0.026120945097, 0.036968393887, 0.016195630822, 0.37085011449, 0.059932498154, 0.25844217489, 0.051406793233, 0.01084318095, 0.14748927449, 0.021750993994],
      [0.08274262214, 0.080116290305, 0.07362353084, 0.14879203228, 0.21612616166, 0.18824836763, 0.036532591741, 0.13169685722, 0.02558696482, 0.016534581362]
    ],
    [
      [0.14035826483, 0.09252112516, 0.0082157727347, 0.075749064729, 0.24442128276, 0.15597003544, 0.086091508375, 0.054495817255, 0.13778193617, 0.0043951925547],
      [0.075515670575, 0.021849955381, 0.17242181755, 0.018756989328, 0.022042813482, 0.0044087242988, 0.046892563934, 0.12418200975, 0.39110144536, 0.12282801034],
      [0.10489570858, 0.043921029936, 0.011684469798, 0.22863969881, 0.043085343218, 0.19274736925, 0.12505983743, 0.020208855623, 0.21981144875, 0.0099462386025],
      [0.27541991132, 0.080657893266, 0.043615583061, 0.07523315579, 0.1304067993, 0.11837740456, 0.074873145901, 0.17243354557, 0.023577986933, 0.0054045742999]
    ],
    [
      [0.086636558774, 0.24936251238, 0.0072412484447, 0.1126339737, 0.23035805624, 0.11537347025, 0.063864221462, 0.049651215777, 0.080871412073, 0.0040073309143],
      [0.056082399885, 0.071100205453, 0.1988490009, 0.033994924897, 0.025297227126, 0.0042714411364, 0.041903807814, 0.13644564161, 0.27931015195, 0.15274519922],
      [0.066831752845, 0.12245012694, 0.011072810766, 0.35083526954, 0.042203540589, 0.14729394928, 0.095900197477, 0.018796079752, 0.13436840856, 0.010247864249],
      [0.17425578161, 0.22389621376, 0.039030416434, 0.11591187233, 0.12739400628, 0.090979000175, 0.056920678832, 0.15993018739, 0.0091559298219, 0.0025259133593]
    ],
    [
      [0.080813600866, 0.12848043518, 0.011299649467, 0.12434453175, 0.3348763749, 0.15019255972, 0.020258151664, 0.041836711053, 0.10227091459, 0.0056270708099],
      [0.046886384259, 0.032754785508, 0.2573542496, 0.033487562395, 0.032741371256, 0.0048238574993, 0.011913694397, 0.10340175095, 0.31139867808, 0.16523766606],
      [0.061935843072, 0.062559809323, 0.016331935285, 0.3832469549, 0.060665433224, 0.19022947774, 0.030151033021, 0.015736659918, 0.16647559809, 0.012667255428],
      [0.17122098294, 0.12128750805, 0.064390984044, 0.13537795438, 0.19407681344, 0.12440391164, 0.01919023315, 0.14297987223, 0.020014484688, 0.0070572554388]
    ],
    [
      [0.14074042885, 0.11851557163, 0.012258997304, 0.10548308007, 0.18695889945, 0.26518334641, 0.022329875216, 0.048201049336, 0.097476701146, 0.0028520505867],
      [0.083657892862, 0.030924623608, 0.29358744197, 0.029292837874, 0.018599028816, 0.0086768619372, 0.013468553952, 0.1219302347, 0.30825307076, 0.091609453508],
      [0.098518461125, 0.05265560875, 0.016293134832, 0.29682356101, 0.030823569824, 0.30648661093, 0.030330307544, 0.016603197208, 0.14543056403, 0.0060349847434],
      [0.26594156991, 0.099353458612, 0.061203547472, 0.10217502597, 0.095756265304, 0.19529712191, 0.018694633816, 0.14635930017, 0.012838286693, 0.0023807901371]
    ],
    [
      [0.071127686798, 0.083499063116, 0.0074111025824, 0.13366195012, 0.32851369017, 0.18408616503, 0.020455516554, 0.047524847967, 0.11720126078, 0.0065187168905],
      [0.041269539873, 0.021288295773, 0.17354185689, 0.036545232337, 0.032049403532, 0.0060200696772, 0.012084933604, 0.11851138263, 0.35976367223, 0.19892561345],
      [0.051048676375, 0.038099354072, 0.010291942846, 0.38675149738, 0.055688730527, 0.21888247838, 0.028584499398, 0.016500858548, 0.17981129401, 0.014340668462],
      [0.15319527832, 0.080293142201, 0.043814785033, 0.15140730483, 0.19424077703, 0.15684597431, 0.019928773048, 0.16535671488, 0.026073792049, 0.008843458301]
    ],
    [
      [0.072421462721, 0.14014686104, 0.0053629910458, 0.153962224, 0.18708783798, 0.27110111031, 0.011105507354, 0.055564008463, 0.09509054765, 0.0081574494439],
      [0.041978786024, 0.035744062387, 0.13436710987, 0.042480534836, 0.018215002994, 0.0095274973695, 0.006543894769, 0.13780104038, 0.29241906267, 0.2809230087],
      [0.04621879974, 0.056921224056, 0.0070511319719, 0.39508215048, 0.028219650911, 0.28642061981, 0.013797608753, 0.017288172485, 0.13094028684, 0.018060354954],
      [0.14572000471, 0.12571244995, 0.030643359822, 0.1637649482, 0.10269427192, 0.21620538692, 0.010089319747, 0.18019691724, 0.016425036572, 0.0085483049146]
    ],
    [
      [0.10539272814, 0.10568874393, 0.011649639436, 0.12988644303, 0.18060513209, 0.17602082054, 0.034224281108, 0.057715734595, 0.1832498033, 0.01556667384],
      [0.040133091279, 0.01745237306, 0.16155885202, 0.023072151864, 0.010927178506, 0.0028786362182, 0.013354481996, 0.095534023168, 0.36927038388, 0.26581882801],
      [0.066600199659, 0.042288276632, 0.013586466236, 0.33315119647, 0.026333218118, 0.18502519894, 0.042257122452, 0.017566292819, 0.24615480093, 0.027037227749],
      [0.20389649843, 0.089741683153, 0.061900785839, 0.13059630779, 0.09240794219, 0.13116166911, 0.029768848788, 0.18274206903, 0.0497007713, 0.028083424374]
    ],
    [
      [0.10480152023, 0.17950526914, 0.01336866422, 0.087069725944, 0.18328000147, 0.23545782604, 0.05469823146, 0.042152501039, 0.094275493996, 0.0053907664635],
      [0.058032397742, 0.043603555394, 0.29109089025, 0.022443644231, 0.016976682782, 0.0070567709651, 0.030716206613, 0.099388379162, 0.27655347669, 0.15413799617],
      [0.07638844605, 0.083089345979, 0.018534989751, 0.25575472702, 0.031470472708, 0.28381336046, 0.07749435626, 0.015096995424, 0.14663473099, 0.011722575353],
      [0.205541991, 0.15635476448, 0.070407608149, 0.087335380515, 0.097705481159, 0.17959554844, 0.047687921805, 0.13336413374, 0.015886565513, 0.0061206051928]
    ],
    [
      [0.097917577606, 0.16500039507, 0.0039032256196, 0.069083468017, 0.20988291877, 0.23342196123, 0.062739222323, 0.035372107255, 0.11346762875, 0.0092114953551],
      [0.05667238457, 0.042151449618, 0.092894678518, 0.018758935386, 0.02075500278, 0.0078995816161, 0.036940422197, 0.087591764381, 0.34597710272, 0.29035867821],
      [0.073198667012, 0.078462419142, 0.0057391258631, 0.20858722275, 0.037205798076, 0.28902670275, 0.091304531059, 0.012862607603, 0.18160705723, 0.02200586852],
      [0.20829826578, 0.15679165044, 0.023128722693, 0.076451842142, 0.1228531156, 0.1955653929, 0.060068489711, 0.12149102868, 0.023307670789, 0.012043821267]
    ],
    [
      [0.073638382576, 0.12132874688, 0.01032753611, 0.15787227731, 0.29352947924, 0.175253311, 0.011042210463, 0.045307416668, 0.087626664617, 0.02407397514],
      [0.030959612893, 0.022154668943, 0.15863033947, 0.030746218258, 0.019587152304, 0.0028540530702, 0.0047899948902, 0.083327094267, 0.19627974286, 0.45067112305],
      [0.049993602726, 0.05224302403, 0.013257460189, 0.43722282772, 0.046009877889, 0.19856880593, 0.014708898236, 0.014825173805, 0.1272960861, 0.04587424337],
      [0.14808177038, 0.10745459606, 0.057096685764, 0.16378998125, 0.15746389679, 0.1356657221, 0.009987178179, 0.14913122001, 0.025339582054, 0.045989367407]
    ],
    [
      [0.11442645633, 0.12144755005, 0.0076508247007, 0.11261052747, 0.27843087059, 0.21482739357, 0.010479072815, 0.022177048724, 0.10457857179, 0.013371683971],
      [0.060492285826, 0.028171294372, 0.15624373022, 0.027894232204, 0.024596430237, 0.0060485566732, 0.0056472388464, 0.050376119216, 0.29182179073, 0.34870832168],
      [0.083144276192, 0.056049320746, 0.010529733291, 0.33073258645, 0.04761069732, 0.25876572453, 0.014829797306, 0.0078214078448, 0.16195282658, 0.028563629745],
      [0.24300379018, 0.11482852167, 0.044406771464, 0.12461725876, 0.16146583702, 0.17887529822, 0.010038439568, 0.076315034324, 0.025470327861, 0.020978720917]
    ],
    [
      [0.11323641454, 0.15558824867, 0.0072232854652, 0.12590295264, 0.24942909932, 0.16552552848, 0.033676212814, 0.044230153006, 0.094495404555, 0.010692700508],
      [0.061084941689, 0.036852981316, 0.1532842804, 0.031679186455, 0.022494594267, 0.004899704462, 0.01842636937, 0.10133017761, 0.26850926771, 0.30143849673],
      [0.081226752785, 0.071034896756, 0.0099976661208, 0.36612164706, 0.042249120677, 0.19714517866, 0.047126729943, 0.015500738769, 0.14558686556, 0.024010403668],
      [0.22548391027, 0.13780179657, 0.039244533298, 0.12983218821, 0.13506746598, 0.12879424156, 0.030046589377, 0.14197165643, 0.017972029673, 0.013785588635]
    ]
  ],
  "expected_outcome": [
    [
      [5.9795265098, 4.4965364335, 4.588775833, 5.7139084324, 3.6177766109, 7.1652222168, 6.151264124, 9.4605946113, 1.7976342731, 9.3140244465, 8.2706959994, 4.6464208794, 3.3730152444, 0.53147641103, 1.3454183459, 1.6640800731, 1.5697669423, 0.75123516808, 1.1589214259, 1.4601329087, 2.2904545935, 1.9021826284, 0.29419271065, 1.3563476602, 2.4005704038, 0.5286368007, 1.7839919537, 0.97149321371, 0.57644322956, 1.4186306701, 1.8562745217, 1.6648661706, 1.9603009169, 1.2152475526, 1.0476346381, 1.3922183728, 0.87752530602, 0.62482283263, 1.8246574428, 1.0396387053, 0.56569520606, 1.2666638597, 0.92465992837, 1.303586329, 1.475498194, 0.83841216185, 1.5666812417, 0.88366059091, 1.4875439323, 1.9250190471],
      [7.0193401311, 11.7061160447, 8.7701126826, 8.3677846526, 8.051480299, 10.9977698304, 5.7163218915, 6.966356396, 9.0716482952, 5.1985583, 8.2626071914, 8.9624864284, 6.5961529014, 0.98038296105, 2.5950570056, 2.1894712121, 0.93660637173, 1.6498231926, 1.063458621, 2.56173058, 1.5905948642, 2.2242668351, 0.94358948279, 1.6856723838, 2.0679414111, 1.2328081699, 2.8494596352, 1.1054424971, 2.1402763931, 1.4187779437, 2.017719638, 1.4365812171, 1.4409614543, 1.5131715722, 1.7022736061, 1.7879205995, 1.988039405, 1.3688315334, 1.2027746271, 2.9923501485, 0.89936304629, 1.0666401447, 1.0854878205, 2.5226434986, 1.479642415, 1.4360421531, 2.6400063212, 1.4559449625, 1.5788181506, 2.6450002275],
      [0.17114217815, 0.097303973206, 1.3098929717, 0.56383586519, 0, 0.39842972836, 1.4364216471, 0.61558054932, 0.17216282749, 0.086327162787, 0.32903591638, 0.57477801863, 0.34171217571, 0.09571586456, 0.050976219687, 0.10433584092, 0.17188925321, 0.17445995059, 0.076080426201, 0.13162738686, 0.25716644699, 0.23611040123, 0.05612524499, 0.13926384041, 0.15401896341, 0.061573499113, 0.16330954738, 0.12233954473, 0.095130211682, 0.082508826231, 0.02780531762, 0.18107189331, 0.10696383048, 0.11476375446, 0.068931122364, 0.19342479309, 0.049243609034, 0.20011896879, 0.10680504555, 0.086894981337, 0.079097546266, 0.11033097574, 0.096344333572, 0.096533838825, 0.1630949521, 0.10694931376, 0.062451609914, 0.12393043333, 0.099460721109, 0.12279585291],
      [6.718667256, 8.3885005091, 8.1954996952, 8.3136355433, 6.3506130179, 7.3755890826, 8.3735818421, 4.7351244875, 7.6371776344, 5.9817007845, 6.5465423126, 5.9571375495, 5.990397146, 1.5122693751, 1.3707637459, 1.2843375719, 0.98060469646, 1.8936201098, 1.0325280243, 1.4653050106, 1.9655895552, 1.5893707898, 1.01843234, 2.2035926967, 1.1439845322, 0.76948861359, 1.1826164137, 1.2113738839, 1.7075685101, 2.5308184862, 2.5989939766, 1.0371755405, 2.4355392884, 1.6097986237, 1.1010314237, 1.7543309759, 0.93060096891, 2.150971422, 0.98473784148, 1.3516076844, 0.87041172228, 0.94934772067, 1.7376053516, 2.771320032, 1.8184102024, 0.69655780755, 1.1053354883, 1.8944673277, 1.4639368571, 2.1403501949],
