{
  "X": [
    [19, 26, 20, 8, 9, 7, 3, 1, 5, 2],
    [33, 15, 15, 7, 6, 6, 2, 3, 11, 2],
    [25, 16, 24, 7, 7, 4, 1, 3, 10, 3],
    [32, 12, 21, 8, 6, 5, 2, 3, 8, 3],
    [22, 20, 23, 7, 2, 5, 1, 8, 10, 2],
    [27, 9, 26, 7, 10, 6, 2, 3, 8, 2],
    [29, 19, 10, 7, 3, 8, 3, 8, 13, 0],
    [26, 9, 20, 9, 6, 7, 4, 4, 12, 3],
    [26, 9, 22, 7, 9, 9, 1, 5, 9, 3],
    [23, 11, 19, 10, 4, 6, 5, 6, 12, 4],
    [23, 25, 16, 10, 2, 6, 4, 6, 6, 2],
    [25, 11, 18, 10, 3, 10, 2, 3, 15, 3],
    [23, 18, 20, 9, 2, 5, 3, 6, 12, 2],
    [18, 18, 19, 15, 4, 5, 2, 5, 12, 2],
    [22, 20, 12, 6, 7, 4, 3, 3, 17, 6],
    [20, 14, 13, 14, 3, 11, 3, 9, 10, 3],
    [15, 15, 15, 14, 7, 6, 4, 4, 17, 3],
    [16, 21, 8, 18, 2, 6, 3, 5, 14, 7],
    [18, 17, 15, 17, 5, 4, 2, 10, 11, 1],
    [19, 15, 14, 10, 5, 6, 3, 6, 20, 2],
    [19, 7, 26, 10, 8, 5, 4, 2, 14, 5],
    [14, 12, 19, 15, 5, 4, 7, 8, 13, 3],
    [18, 16, 19, 18, 3, 5, 2, 1, 15, 3],
    [12, 17, 20, 15, 3, 5, 3, 5, 17, 3],
    [14, 10, 18, 10, 6, 7, 4, 5, 19, 7],
    [7, 8, 16, 14, 8, 9, 5, 4, 26, 3],
    [9, 5, 13, 23, 14, 5, 6, 3, 16, 6],
    [3, 7, 16, 22, 15, 5, 6, 3, 18, 5],
    [9, 4, 17, 20, 14, 6, 4, 3, 19, 4],
    [6, 5, 19, 15, 12, 12, 7, 6, 14, 4],
    [8, 8, 20, 20, 10, 6, 5, 3, 16, 4],
    [4, 4, 23, 25, 8, 5, 6, 5, 17, 3],
    [7, 7, 18, 20, 9, 11, 3, 4, 20, 1],
    [10, 9, 22, 14, 15, 10, 2, 2, 14, 2],
    [7, 8, 22, 19, 11, 8, 7, 7, 8, 3],
    [4, 2, 28, 17, 8, 7, 4, 2, 20, 8],
    [13, 5, 18, 21, 12, 9, 6, 1, 13, 2],
    [13, 10, 20, 14, 8, 3, 7, 8, 12, 5],
    [10, 12, 11, 9, 3, 6, 9, 8, 18, 14],
    [12, 12, 10, 5, 5, 9, 8, 8, 22, 9],
    [7, 15, 13, 8, 5, 11, 8, 5, 17, 11],
    [14, 12, 13, 10, 4, 9, 4, 6, 17, 11],
    [8, 9, 20, 6, 6, 4, 7, 5, 25, 10],
    [17, 8, 10, 16, 5, 6, 8, 3, 20, 7],
    [10, 10, 9, 6, 4, 5, 8, 9, 23, 16],
    [11, 11, 11, 10, 6, 3, 7, 11, 18, 12],
    [16, 12, 10, 7, 2, 2, 8, 8, 17, 18],
    [16, 14, 11, 9, 4, 2, 7, 9, 18, 10],
    [8, 13, 12, 11, 2, 6, 7, 8, 24, 9],
    [12, 18, 11, 9, 3, 2, 4, 5, 20, 16]
  ],
  "W": [
    [68, 10, 14, 8],
    [67, 12, 6, 15],
    [65, 13, 14, 8],
    [67, 17, 7, 9],
    [65, 12, 10, 13],
    [63, 9, 20, 8],
    [55, 18, 14, 13],
    [54, 13, 19, 14],
    [61, 12, 12, 15],
    [61, 14, 12, 13],
    [68, 10, 13, 9],
    [68, 9, 11, 12],
    [33, 40, 12, 15],
    [11, 70, 11, 8],
    [16, 63, 6, 15],
    [12, 67, 12, 9],
    [16, 58, 13, 13],
    [10, 58, 13, 19],
    [11, 62, 17, 10],
    [11, 63, 9, 17],
    [10, 59, 17, 14],
    [9, 67, 12, 12],
    [19, 59, 11, 11],
    [11, 63, 12, 14],
    [11, 62, 13, 14],
    [13, 14, 63, 10],
    [14, 10, 67, 9],
    [7, 12, 67, 14],
    [10, 15, 61, 14],
    [18, 13, 60, 9],
    [14, 10, 63, 13],
    [4, 14, 72, 10],
    [13, 21, 55, 11],
    [15, 12, 63, 10],
    [12, 11, 62, 15],
    [15, 9, 59, 17],
    [14, 16, 64, 6],
    [13, 16, 32, 39],
    [6, 9, 16, 69],
    [11, 10, 17, 62],
    [14, 10, 14, 62],
    [12, 13, 16, 59],
    [8, 19, 11, 62],
    [13, 16, 17, 54],
    [14, 12, 10, 64],
    [12, 8, 12, 68],
    [14, 10, 8, 68],
    [12, 13, 11, 64],
    [17, 8, 11, 64],
    [13, 9, 9, 69]
  ],
  "method": "mult",
  "cond_prob": [
    [
      [0.25042693636, 0.30683987688, 0.21747662469, 0.03973524301, 0.068622541518, 0.071493860475, 0.0090456284132, 0.0084150641777, 0.026546912295, 0.0013973121819],
      [0.13653106169, 0.30659927633, 0.17039395679, 0.14211717147, 0.053737560985, 0.054310546055, 0.027901298306, 0.014451203494, 0.08070904757, 0.013248877299],
      [0.0074639646324, 0.019261451017, 0.20489101095, 0.24453535081, 0.25249743564, 0.088337052931, 0.072834413977, 0.0053625525915, 0.088778145511, 0.016038621939],
      [0.062645275695, 0.22490441185, 0.07989697499, 0.056667106158, 0.032665933493, 0.044824160761, 0.13577531114, 0.026023483087, 0.14310318138, 0.19349416144]
    ],
    [
      [0.4251179383, 0.1655839948, 0.17081245729, 0.040783343569, 0.056294418726, 0.064264525863, 0.004450476312, 0.02137221208, 0.05132063306, 0],
      [0.2314457501, 0.16530988819, 0.13391215678, 0.14894493222, 0.044354245467, 0.048973291734, 0.016519228329, 0.037490858141, 0.16474117061, 0.0083084784362],
      [0.01299560502, 0.010659000463, 0.16396387851, 0.26242993135, 0.21381722391, 0.081189345782, 0.04446055992, 0.014255384381, 0.185507028, 0.010722042665],
      [0.11078503351, 0.12387997916, 0.064322413944, 0.060373147079, 0.027541310419, 0.041297412777, 0.082454932509, 0.068842612444, 0.29810542464, 0.12239773352]
    ],
    [
      [0.33632377143, 0.19013709913, 0.26174496445, 0.032256002993, 0.052266619118, 0.040998759585, 0.0032203075303, 0.025449137108, 0.052824541245, 0.0047787974129],
      [0.18331147662, 0.18920290135, 0.20603275563, 0.11968081427, 0.04179834299, 0.031280885308, 0.0091781578921, 0.042766652235, 0.15681278472, 0.019935228991],
      [0.010461951726, 0.012558945215, 0.25776387327, 0.21443521609, 0.20538514812, 0.052955199446, 0.024907955275, 0.016611594222, 0.17962105963, 0.025299057004],
      [0.076179792142, 0.12570320073, 0.087432157734, 0.043177024352, 0.022987403088, 0.023382040713, 0.040331573011, 0.069659661225, 0.25164297286, 0.25950417415]
    ],
    [
      [0.40646990392, 0.13213267865, 0.23281120646, 0.043278178878, 0.054422093583, 0.053205798175, 0.0070212465686, 0.02376869501, 0.043098069582, 0.0037921291727],
      [0.22540353374, 0.13405221324, 0.18590828537, 0.15913878878, 0.043439663102, 0.041141613082, 0.020390472408, 0.040944960251, 0.13064502147, 0.018935448546],
      [0.011766621583, 0.0082036371782, 0.2176075823, 0.2675229007, 0.19969345258, 0.065154689612, 0.052001178816, 0.014884178821, 0.14027940903, 0.022886349381],
      [0.094698890267, 0.090088605023, 0.07977280443, 0.058038033437, 0.024154587682, 0.031080141402, 0.090992244141, 0.067471539813, 0.21216756775, 0.25153558605]
    ],
    [
      [0.29478751112, 0.23274272754, 0.25672610643, 0.033574198786, 0.015801937737, 0.052026264504, 0.0024713718795, 0.062126804546, 0.048250649749, 0.0014924277145],
      [0.15229325904, 0.21886228093, 0.19312620999, 0.12628582065, 0.012477831097, 0.038097573656, 0.0078577078486, 0.099772256895, 0.14219929832, 0.0090277615839],
      [0.010479652493, 0.017289532856, 0.28293467176, 0.26599108583, 0.072662208703, 0.075608093935, 0.025141538413, 0.045372553693, 0.19095519467, 0.013565467638],
      [0.069730472615, 0.15942153925, 0.089687834206, 0.049410490211, 0.007424460531, 0.031156998773, 0.037973303809, 0.17775116037, 0.24982801845, 0.12761572178]
    ],
    [
      [0.38053629426, 0.11240633364, 0.28094674353, 0.029878923719, 0.067661112125, 0.059764401923, 0.0049866936596, 0.025158858257, 0.038274769989, 0.00038586889126],
      [0.22084191543, 0.12016919838, 0.23412113046, 0.11480317243, 0.056099403482, 0.048303374052, 0.017475231716, 0.046899641822, 0.12784465199, 0.013442280245],
      [0.011875986768, 0.0070250592192, 0.26625060145, 0.18611506951, 0.24813006496, 0.074248638731, 0.04289129829, 0.016246856703, 0.13235064623, 0.014865778145],
      [0.1001395609, 0.087047126368, 0.10853161929, 0.045262232958, 0.033731750704, 0.039392442221, 0.083841906026, 0.083494752416, 0.22388433727, 0.19467427184]
    ],
    [
      [0.42361720318, 0.22924763954, 0.11013921022, 0.023233981817, 0.019552219786, 0.080367024446, 0.0046792271734, 0.058803719419, 0.050359774419, 0],
      [0.22545002906, 0.22099907084, 0.085879690022, 0.10464676777, 0.016659312837, 0.061261987999, 0.020590116821, 0.098343096228, 0.16616992842, 0],
      [0.018851818153, 0.019696276276, 0.13329801669, 0.23550379241, 0.10661842166, 0.12924832396, 0.071825343296, 0.047332781142, 0.23762522641, 0],
      [0.10607906522, 0.16443451404, 0.040795137212, 0.041648929728, 0.010161721345, 0.051355487384, 0.1051127382, 0.1794585203, 0.30095388659, 0]
    ],
    [
      [0.40066666205, 0.11585527278, 0.2300890213, 0.038395499792, 0.042811610009, 0.073327172515, 0.010082997021, 0.031450499041, 0.054491947401, 0.002829318094],
      [0.21997694811, 0.11646152556, 0.18159464097, 0.13709009003, 0.033743647989, 0.056003277537, 0.027978884814, 0.053444884431, 0.16054978576, 0.013156314803],
      [0.011307100933, 0.0071552852467, 0.21695719177, 0.23382672838, 0.15715978887, 0.090495342159, 0.072082975804, 0.01977276521, 0.17543948866, 0.015803332966],
      [0.092104643288, 0.078133215572, 0.078019705274, 0.050126000111, 0.018819260513, 0.042348469656, 0.123015437, 0.087943358228, 0.25978123863, 0.16970867172]
    ],
    [
      [0.35918909467, 0.10486233043, 0.2523762607, 0.035979804128, 0.075857094409, 0.095477174608, 0.0019973471774, 0.03536985159, 0.038891042289, 0],
      [0.20425597718, 0.10962093122, 0.20447576481, 0.13021005741, 0.060279236084, 0.075052829253, 0.0076690741085, 0.065719547043, 0.13035323894, 0.012363343955],
      [0.010360711668, 0.0061562458493, 0.22452933028, 0.20464877502, 0.25747850322, 0.11144156023, 0.018388319684, 0.022101206061, 0.1310412269, 0.01385412109],
      [0.10093766391, 0.080938114609, 0.097132463764, 0.052461730608, 0.03730829129, 0.062530645005, 0.037698206444, 0.11923933438, 0.23272752203, 0.17902602796]
    ],
    [
      [0.32567949096, 0.13492717504, 0.22421098615, 0.056766802243, 0.035089712467, 0.066754824508, 0.021277168447, 0.051905818635, 0.071479087546, 0.011908934002],
      [0.16456787478, 0.12430107833, 0.16237599529, 0.17166511778, 0.024854726895, 0.046475137876, 0.040015563963, 0.076431106192, 0.16935809435, 0.019955304543],
      [0.0056300211163, 0.0067991060902, 0.18881040269, 0.28439022346, 0.11279531326, 0.073140823277, 0.098207990221, 0.027745034362, 0.17945727699, 0.023023808533],
      [0.058618503926, 0.072895227137, 0.060318544502, 0.055479287138, 0.012155200295, 0.030739530418, 0.15102914974, 0.11005916648, 0.23963653961, 0.20906885076]
    ],
    [
      [0.30482039457, 0.29840668632, 0.17363819283, 0.046480757585, 0.014558900374, 0.060994395098, 0.012723035883, 0.051953421048, 0.032635073087, 0.0037891432101],
      [0.15472412342, 0.27502965577, 0.12836589423, 0.17008478061, 0.011316445302, 0.043814945927, 0.034429562737, 0.080135007873, 0.090205018493, 0.011894565643],
      [0.010281872887, 0.021474486076, 0.18534868577, 0.35215311286, 0.064623608827, 0.085661903045, 0.10782167023, 0.036028082402, 0.11922615134, 0.017380426559],
      [0.06570084307, 0.18654227262, 0.055490114483, 0.062274467884, 0.0063026007598, 0.033402992723, 0.15431735773, 0.13305024653, 0.14764720864, 0.15527189556]
    ],
    [
      [0.33274782752, 0.13116035496, 0.20669564313, 0.061884196707, 0.026461683342, 0.10857439243, 0.0081468832504, 0.02593818451, 0.091542277595, 0.0068485565563],
      [0.16648789529, 0.11931074347, 0.14724321602, 0.18303826468, 0.018298133515, 0.074426263509, 0.01648272627, 0.038383207487, 0.2213072946, 0.015022255154],
      [0.0068302259087, 0.0067992728063, 0.17147877199, 0.30524525311, 0.083297089393, 0.11734987787, 0.041262602705, 0.013927034407, 0.23610305804, 0.017706813763],
      [0.066635348867, 0.07770893086, 0.061103402562, 0.065569371467, 0.0099711956462, 0.054688023906, 0.070314897732, 0.061463100621, 0.34885215281, 0.18369357553]
    ],
    [
      [0.38001019185, 0.20772244631, 0.23347087055, 0.027980521268, 0.015074650714, 0.053604776893, 0.004824530601, 0.037380883285, 0.039467891109, 0.0004632374137],
      [0.21839968244, 0.21377710155, 0.18933885455, 0.11139350701, 0.011757342596, 0.041906765251, 0.016887825668, 0.064940907387, 0.12611678997, 0.0054812235726],
      [0.016736335045, 0.017732155078, 0.28008442158, 0.24445833769, 0.07643420415, 0.085010860897, 0.061719859641, 0.030079725883, 0.17671177064, 0.011032329395],
      [0.10152269004, 0.15875262324, 0.090726268727, 0.045826831033, 0.0076688248513, 0.035642761447, 0.094975943183, 0.12052252303, 0.23548978313, 0.10887175131]
    ],
    [
      [0.34525392998, 0.20359842952, 0.23426309022, 0.043523578189, 0.035069349897, 0.058926421909, 0.0050793635334, 0.030969898123, 0.04035638842, 0.0029595502079],
      [0.1908101345, 0.2050887362, 0.18608305662, 0.15452956107, 0.027038961978, 0.045119724413, 0.013337133838, 0.052006430206, 0.11761573107, 0.0083705301096],
      [0.011275755142, 0.014193874778, 0.24305436398, 0.28964087751, 0.14372808676, 0.080236078758, 0.04010966533, 0.021309827521, 0.14273679934, 0.013714670877],
      [0.090183006104, 0.15600913986, 0.090461755046, 0.064765214034, 0.017562607292, 0.038853972967, 0.071165164231, 0.098059112941, 0.21910921997, 0.15383080755]
    ],
    [
      [0.39882877798, 0.21877192501, 0.1528682409, 0.019407052809, 0.071478839977, 0.048489694228, 0.0073776979279, 0.017593929985, 0.057309090849, 0.0078747503329],
      [0.22628202654, 0.22752685005, 0.12466187748, 0.07176351545, 0.057242247341, 0.038473456543, 0.02113190752, 0.031097279418, 0.1751324119, 0.026688427768],
      [0.01280827054, 0.015289995767, 0.16229590091, 0.13491465379, 0.30182352913, 0.06752693725, 0.056526957811, 0.012349947362, 0.20548595643, 0.030977851006],
      [0.085741483812, 0.13824784482, 0.048442297269, 0.023926517263, 0.029275720203, 0.026345033775, 0.080765660834, 0.045684588848, 0.25445312389, 0.26711772928]
    ],
    [
      [0.38488800342, 0.16007841081, 0.15956264116, 0.040387595675, 0.025438530947, 0.12812587455, 0.0074713816414, 0.055932600253, 0.033583137867, 0.0045318236759],
      [0.21519850119, 0.16351116758, 0.12762072745, 0.14471712123, 0.019477928034, 0.099011230556, 0.020388476394, 0.096042430595, 0.099660827597, 0.014371589371],
      [0.012909257909, 0.011513763508, 0.1700032913, 0.27790288067, 0.10730892795, 0.17917411566, 0.059723637909, 0.039581651508, 0.1216415021, 0.020240971483],
      [0.089792587156, 0.10951618669, 0.05495778567, 0.05382968462, 0.011334368323, 0.075405296696, 0.091959094109, 0.15766512544, 0.16222543015, 0.19331444114]
    ],
    [
      [0.31329442232, 0.19114735734, 0.20310960945, 0.047677091465, 0.064613886863, 0.07584508127, 0.010330865373, 0.026941552634, 0.063027747569, 0.0040123857119],
      [0.15573771568, 0.1766318819, 0.15013399689, 0.15888621056, 0.049642555126, 0.054674875968, 0.026547905993, 0.042422230283, 0.17343413032, 0.01188849728],
      [0.0068702231334, 0.0098801421809, 0.16937921908, 0.25122277711, 0.21046274418, 0.082967020911, 0.062771358869, 0.014897690285, 0.17737670335, 0.014172120889],
      [0.066552987149, 0.12065779107, 0.064657275474, 0.058143863191, 0.026991841425, 0.041289586285, 0.11376153394, 0.070367371364, 0.27895994897, 0.15861780114]
    ],
    [
      [0.36650231873, 0.27337050943, 0.11279520693, 0.058295548648, 0.018361465835, 0.077111882741, 0.0065441072654, 0.031533312036, 0.047524700793, 0.0079609475836],
      [0.18552682086, 0.25651218543, 0.081072027037, 0.18953885029, 0.011982922498, 0.053506649322, 0.016640164228, 0.050311123469, 0.12989779962, 0.025011457257],
      [0.011697712656, 0.019633149375, 0.11776831302, 0.39597231352, 0.076355161068, 0.10575065931, 0.050372768197, 0.022015442287, 0.1679268684, 0.032507612162],
      [0.07486057571, 0.16491353731, 0.033625383858, 0.067165848473, 0.0067767759411, 0.03951247057, 0.069188600818, 0.077916893091, 0.20040164869, 0.26563826553]
    ],
    [
      [0.37289651269, 0.20750154492, 0.18412931181, 0.047349759945, 0.037595259428, 0.045511407318, 0.004394299969, 0.063439393652, 0.035980865108, 0.0012016451611],
      [0.2042573051, 0.20673525963, 0.14316550265, 0.16417990818, 0.027020433975, 0.033862286073, 0.010970064255, 0.10439302063, 0.10230060635, 0.0031156131529],
      [0.013646549897, 0.015778792815, 0.19815912147, 0.32797781449, 0.15996009003, 0.064243551163, 0.036729798087, 0.045187737081, 0.1322766358, 0.0060399091665],
      [0.10021940958, 0.16316574307, 0.072961134068, 0.072437548701, 0.01918637094, 0.030777241321, 0.064711214904, 0.20616078606, 0.20128700816, 0.069093543192]
    ],
    [
      [0.38109104128, 0.17306911388, 0.1844835285, 0.031734642331, 0.048285107121, 0.073737901302, 0.0064440204178, 0.034819536855, 0.06441362136, 0.0019214869613],
      [0.2082078499, 0.17274957898, 0.14562725165, 0.11219355548, 0.037548279566, 0.056255019775, 0.01695562476, 0.058090634031, 0.18688323381, 0.0054889720426],
      [0.011827534849, 0.011557163326, 0.18467673722, 0.20366543433, 0.19113400689, 0.096883402193, 0.048872757333, 0.023132066376, 0.21959487316, 0.0086560243158],
      [0.093203305196, 0.1240589295, 0.066710217499, 0.044102119433, 0.022536243938, 0.045462718828, 0.083591564676, 0.10288744431, 0.32596779863, 0.091479657994]
    ],
    [
      [0.39111457578, 0.08284221026, 0.31487132847, 0.027610611825, 0.059800797915, 0.055496042153, 0.0082029720647, 0.011747332728, 0.042979974202, 0.0053341545964],
      [0.22960420988, 0.088796995746, 0.27304416474, 0.10716323599, 0.05445000551, 0.046974271089, 0.024360188278, 0.0212807733, 0.13680184695, 0.017524308504],
      [0.010496321049, 0.0047151255876, 0.29988323856, 0.16753502233, 0.22220664705, 0.069344944213, 0.057753638861, 0.0073390239558, 0.13901498037, 0.021711058031],
      [0.097412028658, 0.060885572385, 0.11740471, 0.039511969899, 0.029423478284, 0.035335252328, 0.10706480788, 0.035871260054, 0.22397404438, 0.25311687613]
    ],
    [
      [0.31140528632, 0.15289576362, 0.26442925124, 0.048305061319, 0.048075388787, 0.052355900533, 0.018273332632, 0.053060465429, 0.046744929111, 0.0044546210028],
      [0.15474194349, 0.14095816875, 0.19432990909, 0.16115404957, 0.036464593259, 0.037585207213, 0.048044225126, 0.083793213262, 0.12920221398, 0.013726476255],
      [0.0071518133514, 0.0080561476701, 0.22134272456, 0.25848854492, 0.15826130763, 0.057537744036, 0.11205054132, 0.029504606035, 0.1325299228, 0.015076647673],
      [0.061985037407, 0.090255587425, 0.078660011235, 0.055505882302, 0.01875483842, 0.026677923626, 0.18933086892, 0.12952127085, 0.19436568567, 0.15494289415]
    ],
    [
      [0.34349716774, 0.19182204445, 0.2452130344, 0.060690733739, 0.027659891438, 0.060979189097, 0.0050952330696, 0.006575176169, 0.054975505656, 0.0034920242445],
      [0.17716357702, 0.18174075658, 0.18469173254, 0.20429172666, 0.020934670128, 0.044447409325, 0.013042056015, 0.010461834131, 0.1527211049, 0.01050513269],
      [0.0094727524171, 0.011607929476, 0.22491487238, 0.35251987262, 0.099741088569, 0.073394343763, 0.035977287737, 0.0040064893973, 0.17194618231, 0.016419181328],
      [0.083336590203, 0.13681720842, 0.088188775478, 0.083267780636, 0.012924050078, 0.037423679599, 0.06708719106, 0.019432005063, 0.27759201801, 0.19393070146]
    ],
    [
      [0.26203978807, 0.21569345881, 0.27648296686, 0.049165652083, 0.028436554299, 0.064464045747, 0.0072925866286, 0.032537210951, 0.060183356957, 0.0037043795982],
      [0.13055521681, 0.19853676691, 0.20136108279, 0.16160755803, 0.020645894818, 0.045495846788, 0.01814055723, 0.050545797319, 0.16287915399, 0.010232125322],
      [0.0069821429459, 0.012857351325, 0.25029589794, 0.28403151352, 0.10141862793, 0.07658514608, 0.04922244517, 0.019550660275, 0.18470066419, 0.014355550621],
      [0.05777128264, 0.14037624444, 0.090670598096, 0.062108822077, 0.012105928143, 0.036116814015, 0.084732649968, 0.087364108938, 0.27572774299, 0.15302580869]
    ],
    [
      [0.31365010566, 0.13010198447, 0.25198759336, 0.032740419383, 0.056531258249, 0.091241067155, 0.010395816445, 0.033461212177, 0.06905453109, 0.010836012005],
      [0.15646076407, 0.12146144235, 0.18632553866, 0.11076962748, 0.04313506477, 0.066280124119, 0.028659607295, 0.054374643171, 0.19564901864, 0.036884169442],
      [0.0064271904039, 0.0065280170331, 0.21159967973, 0.17723459544, 0.18689383364, 0.10066957601, 0.062134260241, 0.018742314487, 0.19579893296, 0.033971600063],
      [0.054694856425, 0.068100323115, 0.06608265997, 0.033434910175, 0.019583021877, 0.041305434132, 0.092928927405, 0.072646335793, 0.2546267767, 0.29659675441]
    ],
    [
      [0.30063371107, 0.22400000364, 0.1871485441, 0.03077734403, 0.030870454541, 0.084972737986, 0.0085106006871, 0.040023774904, 0.088180532791, 0.0048822962505],
      [0.14797375148, 0.20441052053, 0.13472543927, 0.10074891324, 0.022151486162, 0.059287235847, 0.020906112588, 0.061589219625, 0.23472984313, 0.013477478133],
      [0.0071961718183, 0.015333748989, 0.17698400398, 0.18809937302, 0.11390178775, 0.10559090773, 0.059721330641, 0.026727749365, 0.28696171084, 0.019483215863],
      [0.056677041076, 0.12602264789, 0.053092052593, 0.033914924183, 0.011275065673, 0.04131059171, 0.083423278445, 0.09335936415, 0.34888474873, 0.15204028555]
    ],
    [
      [0.42132239947, 0.15880503123, 0.15495503923, 0.052056622985, 0.054116929114, 0.047863435215, 0.010657768411, 0.032789035544, 0.056794773596, 0.010638965202],
      [0.2156121152, 0.15092741721, 0.11629262208, 0.17537973231, 0.040726172436, 0.034822349225, 0.026799952396, 0.052540756229, 0.15670370486, 0.030195178035],
      [0.0040079957609, 0.0074814797814, 0.13864502954, 0.29891195413, 0.18899550525, 0.056439912439, 0.07017793401, 0.020244764917, 0.17484501852, 0.040250405661],
      [0.075203282153, 0.085132916145, 0.042054027896, 0.054478780901, 0.019155824067, 0.022246031256, 0.097874459958, 0.07323852118, 0.21369109783, 0.31692505861]
    ],
    [
      [0.20416933026, 0.26779149813, 0.22813796894, 0.056643508215, 0.067558027455, 0.056138866897, 0.010948768867, 0.033807472398, 0.067592824791, 0.0072117340462],
      [0.093706376053, 0.23004544488, 0.15520023202, 0.17250335456, 0.046479925192, 0.037076150182, 0.025525470738, 0.049231040587, 0.17040880052, 0.019823205267],
      [0, 0.0053413122428, 0.17442833552, 0.27924321525, 0.20344720533, 0.056738589449, 0.062723475239, 0.016849042474, 0.17832735393, 0.022901470572],
      [0.031881298253, 0.14336044673, 0.060995210962, 0.058868554718, 0.024169424888, 0.025759188319, 0.10104143772, 0.07454924003, 0.25242942194, 0.22694577644]
    ],
    [
      [0.4172723765, 0.11074026962, 0.20809054853, 0.046530762714, 0.057702825582, 0.058792430612, 0.0064729574571, 0.027640121665, 0.062186680483, 0.004571026839],
      [0.22046600342, 0.10882495384, 0.16210888626, 0.16105619683, 0.045504258935, 0.044454616376, 0.017259036585, 0.046026991396, 0.17927450816, 0.0150245482],
      [0.0038177519462, 0.0037789687918, 0.18849980336, 0.26673004929, 0.20288054143, 0.069969116699, 0.042874593218, 0.01565797938, 0.18993328708, 0.015857908797],
      [0.091957379648, 0.07355042142, 0.070640943976, 0.060594029532, 0.026049630919, 0.034081452116, 0.075788192167, 0.077004083589, 0.29307750435, 0.19725636228]
    ],
    [
      [0.22580332522, 0.14606391535, 0.25848248687, 0.040507472889, 0.055307100565, 0.12738941677, 0.014967381439, 0.067309964956, 0.056330667709, 0.0078382682264],
      [0.12015323403, 0.13118369587, 0.17872382338, 0.12865393546, 0.040318761549, 0.0898041926, 0.035374256255, 0.10491796086, 0.14928609432, 0.021584045677],
      [0, 0, 0.19071803868, 0.20392673582, 0.17179900874, 0.13372614188, 0.085360697797, 0.035138775066, 0.15364292762, 0.025687674406],
      [0.041505344848, 0.073940164166, 0.0645359124, 0.040306686444, 0.019154196158, 0.057329720149, 0.12767554833, 0.14624007063, 0.20297256646, 0.22633979042]
    ],
    [
      [0.33253775233, 0.21764880379, 0.22525979381, 0.042924626237, 0.037013266712, 0.05400621449, 0.0076211830764, 0.027601184172, 0.050573697857, 0.0048134775218],
      [0.17433903089, 0.21127366921, 0.17278285393, 0.14877049213, 0.028483770938, 0.040161852797, 0.020109723842, 0.045234530699, 0.1436791051, 0.015164970458],
      [0.010033461715, 0.015129842669, 0.22426613587, 0.27276723263, 0.14264641755, 0.070426931655, 0.055930541564, 0.01850289346, 0.17075608616, 0.019540456725],
      [0.074536390034, 0.14515384359, 0.076135983649, 0.05592420429, 0.016173250058, 0.031184444223, 0.089890929231, 0.076581217433, 0.23827259623, 0.19614714126]
    ],
    [
      [0.2917152395, 0.15587163694, 0.29034288539, 0.054624563397, 0.030775525616, 0.049700309527, 0.0099185930018, 0.054911729101, 0.05756756694, 0.0045719505893],
      [0.14110440275, 0.14137273787, 0.20868598628, 0.17617714453, 0.022315455909, 0.034664146251, 0.024551285356, 0.08438409517, 0.15347022435, 0.013274521517],
      [0.0039017337662, 0.0064134338111, 0.25039822626, 0.30097978702, 0.103344921, 0.056331519586, 0.06335074558, 0.03078198294, 0.16895123478, 0.015546415253],
      [0.057675257233, 0.093552788759, 0.088835235973, 0.064447705776, 0.012364720256, 0.02600313042, 0.10553539513, 0.13826729795, 0.24566576868, 0.16765269982]
    ],
    [
      [0.27317500155, 0.17233565338, 0.22901692795, 0.051736324483, 0.042006186064, 0.11519121248, 0.0055687452727, 0.03810048378, 0.071646255042, 0.0012232099919],
      [0.13176526455, 0.15764920072, 0.16563953804, 0.16457333165, 0.03124864887, 0.080955680954, 0.013808432334, 0.058751841356, 0.19166003049, 0.0039480310447],
      [0, 0.0028013952532, 0.19398913849, 0.27496419236, 0.1379110063, 0.12820682333, 0.034505506933, 0.019398090467, 0.20425024715, 0.0039735997241],
      [0.061968584028, 0.11772059564, 0.079540638287, 0.068032476132, 0.019326600775, 0.068279059483, 0.06725694101, 0.10945546061, 0.34636131373, 0.062058330304]
    ],
    [
      [0.35237721427, 0.21377373778, 0.21804019378, 0.026192108297, 0.049057032499, 0.079860229637, 0.0026140630072, 0.016894996055, 0.039344648749, 0.0018457759305],
      [0.20456929793, 0.22893614809, 0.18462063042, 0.10146494057, 0.041689781736, 0.06556470727, 0.0081186585358, 0.03076051535, 0.12612885773, 0.008146462372],
      [0.019472783304, 0.019031569761, 0.24694128169, 0.1895497326, 0.21403980193, 0.11773492913, 0.022671378592, 0.01212609658, 0.14966232285, 0.0087701035665],
      [0.10327248627, 0.18471712614, 0.095664878177, 0.044790593475, 0.027935961029, 0.059801953301, 0.043506830118, 0.061350479044, 0.24675576367, 0.13220392879]
    ],
    [
      [0.29626442476, 0.21008046091, 0.24555782401, 0.040023549093, 0.040374205012, 0.070986464697, 0.0099583474133, 0.059843693648, 0.023925012779, 0.0029860176762],
      [0.15962100947, 0.20972436159, 0.19370259914, 0.14210095911, 0.031918600654, 0.054286835005, 0.027287687431, 0.10103474614, 0.070140290271, 0.010182911188],
      [0.0099361696628, 0.014673720665, 0.2512788045, 0.25994013662, 0.15933584915, 0.094979257678, 0.075144906245, 0.040076038871, 0.082494041262, 0.012141075337],
      [0.071530218637, 0.1508197207, 0.089552776141, 0.056021226003, 0.019038819011, 0.044152884172, 0.12809007214, 0.17905193724, 0.1217817397, 0.13996060626]
    ],
    [
      [0.20420824124, 0.065828502444, 0.42402607111, 0.052866235381, 0.042232823152, 0.084782231986, 0.0084245667281, 0.022312546312, 0.083685498879, 0.011633282769],
      [0.097495489962, 0.058674725647, 0.29721458094, 0.16112550259, 0.029564548437, 0.05758102321, 0.019195196469, 0.033585153699, 0.21396551414, 0.031598264907],
      [0, 0, 0.28233531432, 0.23530996015, 0.11613571371, 0.077837379697, 0.0428163347, 0.0098021636577, 0.20176686078, 0.033996272985],
      [0.0034951159888, 0.02849999603, 0.13569965647, 0.051387605705, 0.014612918107, 0.036331288777, 0.069100646091, 0.046159868601, 0.28910488845, 0.32560801577]
    ],
    [
      [0.47472050173, 0.12343388299, 0.18380632992, 0.040795445911, 0.041086913252, 0.074987875337, 0.0091850416543, 0.0093482204248, 0.039728020016, 0.0029077687663],
      [0.27642772061, 0.13276847089, 0.15632295074, 0.15623590452, 0.035000380347, 0.061817664427, 0.027339399784, 0.017034689906, 0.1260457354, 0.011007083381],
      [0.018112507333, 0.0086271041872, 0.19494059283, 0.27412310712, 0.16771793852, 0.10387521918, 0.072284252338, 0.0063679850237, 0.14152294001, 0.012428353455],
      [0.12864482947, 0.099249239328, 0.07489103804, 0.064201738226, 0.021804843923, 0.052178847826, 0.13463114511, 0.031503139006, 0.2282679654, 0.16462721367]
    ],
    [
      [0.38057505967, 0.15937791959, 0.26255354084, 0.040761786779, 0.045155066474, 0.030962950231, 0.0074532126489, 0.042014356623, 0.030031687731, 0.001114419418],
      [0.21425954699, 0.16473685194, 0.21503986187, 0.14798675565, 0.03717072199, 0.024571634484, 0.022609636435, 0.073802214781, 0.092948631997, 0.0068741438626],
      [0.015189522478, 0.010748827551, 0.27592713865, 0.2686412217, 0.18262986596, 0.042449823039, 0.062715758698, 0.027078923733, 0.10712413556, 0.0074947826406],
      [0.10611042957, 0.12688038289, 0.11067942929, 0.064251015054, 0.024976842908, 0.021690798923, 0.11626794293, 0.13862698379, 0.1716522464, 0.11886392824]
    ],
    [
      [0.36528942756, 0.18815996027, 0.20754041018, 0.038516557134, 0.02821838147, 0.08005596218, 0.0092037571163, 0.03517133582, 0.042774771461, 0.0050694368117],
      [0.19848908264, 0.1889934318, 0.16417785224, 0.1385013623, 0.022305394279, 0.061436793005, 0.0250419214, 0.059481813168, 0.12557917158, 0.0159931776],
      [0.011634089648, 0.013349108901, 0.21734508374, 0.26173945156, 0.11696422768, 0.11014120172, 0.070833283172, 0.024654465755, 0.1518767247, 0.021462363121],
      [0.084575597921, 0.12980454507, 0.069559935203, 0.04832691553, 0.010992949563, 0.046441650178, 0.10994300919, 0.099408177022, 0.20555233669, 0.19539488363]
    ],
    [
      [0.37243417306, 0.18003110138, 0.1695921014, 0.020166069109, 0.042901291835, 0.11254035258, 0.0085665886151, 0.036368769987, 0.053852390894, 0.0035471611453],
      [0.21014481853, 0.18717180018, 0.13906608949, 0.0758121025, 0.035245934686, 0.089503195963, 0.024168327423, 0.063604038187, 0.1638473097, 0.011436383341],
      [0.01267253914, 0.013337494734, 0.18276129428, 0.14225133107, 0.18364257229, 0.15928820936, 0.067954063191, 0.026170496344, 0.19670376306, 0.015218236528],
      [0.090102302349, 0.1277613302, 0.058659419145, 0.025835154623, 0.016995205064, 0.067082654886, 0.1049816964, 0.10514523726, 0.26492236502, 0.13851463505]
    ],
    [
      [0.21193247282, 0.22997827392, 0.23664715343, 0.038312497907, 0.050780025615, 0.14963975223, 0.0093125947665, 0.024017901296, 0.045378273472, 0.0040010545474],
      [0.11116071545, 0.22249921228, 0.18041058694, 0.13067995086, 0.038805876875, 0.11064577801, 0.024560699627, 0.039255601513, 0.12849131356, 0.013490264898],
      [0.0050927263042, 0.01256172895, 0.20512744714, 0.21200828626, 0.17271775453, 0.17021993726, 0.059767009266, 0.013766019502, 0.13335388058, 0.015385210205],
      [0.04596838803, 0.15128141673, 0.080823382622, 0.051430798598, 0.023918908213, 0.087346880115, 0.10947223463, 0.065781759576, 0.21311026948, 0.17086596201]
    ],
    [
      [0.38455140059, 0.1639616982, 0.20303129656, 0.038440954469, 0.033183282476, 0.10566988311, 0.0038569776911, 0.025527254615, 0.038950738137, 0.0028265141526],
      [0.21820483585, 0.17096050921, 0.16716415432, 0.14256041146, 0.027384243198, 0.08435388594, 0.011468221308, 0.045070908325, 0.1206002253, 0.012232605086],
      [0.013847720098, 0.011745030778, 0.21621451302, 0.26305265607, 0.13895124596, 0.14757487163, 0.032268906453, 0.017832541653, 0.14243903492, 0.016073479415],
      [0.10723994585, 0.12918733067, 0.083577258081, 0.058925096614, 0.017331957853, 0.072443439651, 0.055734354025, 0.08173610966, 0.2150129433, 0.1788115643]
    ],
    [
      [0.24849691643, 0.13096535552, 0.37194756525, 0.027347618284, 0.066775426062, 0.05591679454, 0.008029842561, 0.022936961121, 0.063959785379, 0.0036237348521],
      [0.13272115019, 0.12902075032, 0.29045906154, 0.096062819119, 0.052901562528, 0.042396852585, 0.02157046229, 0.038087673085, 0.18506146575, 0.011718202592],
      [0.0058212423507, 0.0067976427248, 0.30834304215, 0.14517259882, 0.21820124257, 0.060851959795, 0.049414688976, 0.012514963946, 0.17986376066, 0.013018858002],
      [0.05526272821, 0.087517884351, 0.13086973944, 0.038050433926, 0.033233116696, 0.033512159465, 0.096489691891, 0.063793127726, 0.30634923388, 0.15492188442]
    ],
    [
      [0.47264368127, 0.11438463037, 0.15903377913, 0.06429531513, 0.042956066061, 0.073467128939, 0.0083481937763, 0.013846056251, 0.049634764893, 0.0013903841755],
      [0.25301129962, 0.11259249102, 0.1240843547, 0.22080404917, 0.033891205508, 0.055576268445, 0.023741568196, 0.023150866973, 0.14572780259, 0.0074200937766],
      [0.013149675617, 0.0063057813555, 0.14433999687, 0.365055162, 0.15096791903, 0.087321797648, 0.060883098858, 0.0080555626551, 0.15497959193, 0.0089414140359],
      [0.12192420119, 0.085265216034, 0.064693171281, 0.10046959931, 0.024682541289, 0.049467342012, 0.11993695758, 0.042826719112, 0.26645278059, 0.12428147161]
    ],
    [
      [0.33154101716, 0.16793562853, 0.19182856463, 0.034205337074, 0.051975236928, 0.079978378518, 0.011696150896, 0.049140255685, 0.071860773922, 0.0098386566554],
      [0.16770233873, 0.15712173339, 0.14129866661, 0.11601745096, 0.038346603079, 0.057147897759, 0.028103745261, 0.076932280691, 0.19339982059, 0.023929462931],
      [0.0073164935231, 0.0094055526795, 0.16947178571, 0.19885360645, 0.18384533998, 0.092842456852, 0.070499621174, 0.028885737591, 0.21081748368, 0.028061922361],
      [0.05113801187, 0.088584138641, 0.045689034982, 0.033443434453, 0.015214594473, 0.035407864986, 0.10615644895, 0.11093736994, 0.27445275752, 0.23897634419]
    ],
    [
      [0.35104488529, 0.16858992662, 0.21286747104, 0.050648617027, 0.066042280752, 0.04212532414, 0.007719172091, 0.050475005505, 0.046278467388, 0.0042088501497],
      [0.18189728151, 0.16114005146, 0.16032550678, 0.17162523769, 0.049866323789, 0.030776153118, 0.020075511645, 0.081393734973, 0.1293910111, 0.013509187938],
      [0.008847041709, 0.0095318634735, 0.18665979393, 0.28537769826, 0.22848094609, 0.0484926149, 0.049983331529, 0.029335044455, 0.13749067304, 0.015800992617],
      [0.076854685646, 0.11137379569, 0.072398070091, 0.067568857574, 0.0303939807, 0.024505522156, 0.090396556815, 0.13810484589, 0.21705356215, 0.17135012328]
    ],
    [
      [0.4562869235, 0.17057377182, 0.18918538817, 0.03608934398, 0.023928837708, 0.027881772042, 0.0090424135105, 0.035847736079, 0.043507404512, 0.0076564086848],
      [0.25479461603, 0.17523159364, 0.15338978017, 0.13587452032, 0.019488971115, 0.02192517474, 0.024832626742, 0.061738014659, 0.13032303489, 0.022401667698],
      [0.016140694738, 0.013375052933, 0.22247478163, 0.28247701921, 0.11355507071, 0.043075960665, 0.076588018175, 0.02787891614, 0.17220385414, 0.032230631653],
      [0.10198399048, 0.1140095711, 0.059378066337, 0.042296879814, 0.0082597940474, 0.015379349393, 0.1031231735, 0.097907650282, 0.20161816404, 0.256043361]
    ],
    [
      [0.43503820662, 0.18681429589, 0.18519225423, 0.038924402584, 0.039656688554, 0.025058869057, 0.0069462174262, 0.037544852621, 0.041766063137, 0.0030581498731],
      [0.24245046742, 0.19129090778, 0.14956751885, 0.1432181699, 0.03202402256, 0.019622989652, 0.019837444748, 0.064844235213, 0.12610471529, 0.011039528588],
      [0.015742858995, 0.014223164131, 0.20766426038, 0.28470835624, 0.177163111, 0.036904056887, 0.05967369918, 0.027951056153, 0.1602031897, 0.015766247332],
      [0.11647678117, 0.14242174754, 0.071078255313, 0.055301235025, 0.018109581611, 0.016222657502, 0.093786686222, 0.11560976708, 0.22026891964, 0.15072436889]
    ],
    [
      [0.24585621202, 0.2099184197, 0.24025979911, 0.0629097959, 0.024074582236, 0.089989732403, 0.0093468239027, 0.04166319874, 0.071680175452, 0.0043012605367],
      [0.11535054499, 0.18154079873, 0.163728554, 0.19240612681, 0.016431631781, 0.059443804144, 0.021145575807, 0.060416681393, 0.17859964221, 0.010936640139],
      [0.0051215013087, 0.010828044144, 0.19589934295, 0.32913082569, 0.077619427223, 0.096330646228, 0.053912371438, 0.02257192214, 0.19534687591, 0.01323904297],
      [0.044395367522, 0.12281174984, 0.069544722043, 0.074544458948, 0.009460396067, 0.045859171992, 0.094982864084, 0.10250157854, 0.30005975382, 0.13583993714]
    ],
    [
      [0.34895896633, 0.25549176206, 0.20678228736, 0.045767048733, 0.034622253092, 0.027408467051, 0.0042361441969, 0.021743404372, 0.049366918705, 0.0056227480987],
      [0.18366243986, 0.24750213221, 0.15799415835, 0.15967714785, 0.026543874091, 0.020314144052, 0.011208800508, 0.035464075489, 0.14011930816, 0.017513919429],
      [0.011294237847, 0.018089261785, 0.2189674057, 0.31672836572, 0.14648148052, 0.038122473399, 0.033257849242, 0.015293676795, 0.177266165, 0.024499083984],
      [0.082738019396, 0.17809108039, 0.071292408519, 0.059672155715, 0.014386703164, 0.016199425671, 0.051372902575, 0.061746608299, 0.2391559536, 0.22534474267]
    ]
  ],
  "expected_outcome": [
    [
      [17.0290316727, 28.4829018661, 21.8610451427, 27.2334835629, 19.1611882226, 23.9737865386, 23.298946175, 21.6359997508, 21.9105347752, 19.8664489486, 20.7277868307, 22.626852271, 12.5403363312, 3.7977932298, 6.3812604476, 4.6186560411, 5.0127107571, 3.6650231873, 4.1018616396, 4.1920014541, 3.9111457578, 2.8026475769, 6.526446187, 2.8824376688, 3.4501511623, 3.908238244, 5.8985135926, 1.4291853118, 4.172723765, 4.064459854, 4.6555285326, 1.166860958, 3.5512750202, 5.285658214, 3.5551730972, 3.0631236185, 6.6460870242, 4.9474757757, 2.1917365653, 4.0967759037, 2.9670546194, 4.6146168071, 1.9879753314, 6.1443678565, 4.6415742403, 4.2125386235, 6.388016929, 5.2204584795, 4.1795556043, 4.5364665623],
      [20.8651116276, 11.0941276516, 12.3589114437, 8.8528894695, 15.12827729, 7.0815990193, 12.6086201745, 6.25618473, 6.396602156, 8.2305576775, 20.2916546697, 8.9189041375, 6.8548407283, 2.2395827247, 3.5003508002, 1.9209409297, 3.0583577175, 2.7337050943, 2.2825169941, 1.9037602526, 0.8284221026, 1.3760618726, 3.6446188446, 2.3726280469, 1.4311218292, 2.9120000473, 2.2232704372, 1.8745404869, 1.1074026962, 2.6291504762, 3.0470832531, 0.62348654776, 2.240363494, 3.2066060666, 2.5209655309, 0.98742753666, 1.7280743619, 2.0719129547, 1.1289597616, 1.9803421152, 3.2196958349, 1.9675403784, 1.0477228442, 1.4870001949, 2.3510987995, 2.0230791194, 2.3880328055, 2.2417715507, 3.5686131349, 3.3213929068],
      [14.7884104788, 11.4444346385, 17.0134226891, 15.5983508327, 16.6871969178, 17.6996448426, 6.0576565622, 12.42480715, 15.3949519025, 13.6768701552, 11.8073971123, 14.0553037331, 7.7045387282, 2.5768939924, 2.4458918544, 1.9147516939, 3.2497537512, 1.1279520693, 2.0254224299, 2.0293188134, 3.1487132847, 2.3798632612, 4.6590476536, 3.0413126354, 2.771863527, 2.4329310732, 2.1693705492, 1.5969657826, 2.0809054853, 4.6526847637, 3.1536371134, 1.1613715416, 2.9772200634, 3.2706029067, 2.9466938881, 6.3603910667, 2.5732886189, 3.4131960309, 1.2452424611, 1.8655131154, 3.313060148, 2.4363755587, 2.975580522, 2.0674391287, 2.6855999048, 2.5544096525, 2.6485954343, 2.2223070508, 4.0844165849, 2.6881697357],
      [2.7019965247, 2.7324840191, 2.0966401945, 2.8996379848, 2.1823229211, 1.8823721943, 1.2778689999, 2.0733569888, 2.1947680518, 3.4627749368, 3.1606915158, 4.2081253761, 0.92335720183, 0.47875936008, 0.31051284495, 0.4846511481, 0.76283346344, 0.58295548648, 0.5208473594, 0.34908106564, 0.27610611825, 0.43474555188, 1.153123941, 0.54082217291, 0.36014461321, 0.40010547239, 0.7287927218, 0.39650455751, 0.46530762714, 0.72913451201, 0.60094476732, 0.21849825359, 0.67257221828, 0.39288162445, 0.48028258912, 0.79299353072, 0.57113624275, 0.52990322813, 0.2310993428, 0.2218267602, 0.5363749707, 0.46129145362, 0.21878094627, 0.83583909669, 0.47887471904, 0.60778340432, 0.50525081573, 0.46709283101, 1.0694665303, 0.59497163353],
