{
  "X": [
    [4, 32, 5, 5, 3, 9, 0, 17, 6, 19],
    [3, 23, 3, 4, 2, 7, 0, 32, 14, 12],
    [0, 21, 8, 9, 5, 10, 2, 25, 7, 13],
    [3, 24, 10, 5, 2, 9, 1, 17, 13, 16],
    [3, 23, 4, 5, 2, 7, 2, 30, 13, 11],
    [1, 26, 6, 11, 1, 4, 1, 23, 9, 18],
    [3, 19, 5, 9, 3, 8, 1, 22, 18, 12],
    [5, 29, 5, 6, 2, 9, 2, 19, 12, 11],
    [1, 27, 8, 7, 0, 8, 2, 18, 8, 21],
    [3, 25, 5, 6, 4, 9, 2, 23, 12, 11],
    [3, 18, 5, 9, 2, 8, 0, 21, 14, 20],
    [3, 28, 3, 4, 3, 8, 2, 24, 13, 12],
    [2, 12, 7, 21, 9, 14, 1, 13, 12, 9],
    [11, 11, 3, 29, 5, 10, 1, 5, 17, 8],
    [8, 6, 6, 26, 7, 16, 2, 10, 15, 4],
    [4, 11, 8, 25, 6, 22, 0, 7, 10, 7],
    [10, 20, 6, 23, 5, 12, 1, 9, 9, 5],
    [10, 11, 9, 21, 7, 17, 0, 10, 11, 4],
    [10, 9, 4, 29, 6, 19, 0, 5, 12, 6],
    [11, 13, 3, 31, 5, 15, 0, 9, 9, 4],
    [9, 10, 7, 27, 5, 17, 1, 9, 7, 8],
    [3, 9, 10, 27, 11, 17, 3, 10, 5, 5],
    [7, 6, 4, 25, 11, 20, 1, 14, 9, 3],
    [8, 8, 5, 32, 7, 16, 1, 6, 11, 6],
    [6, 11, 4, 28, 8, 18, 0, 12, 5, 8],
    [10, 12, 12, 18, 4, 15, 0, 10, 14, 5],
    [9, 9, 20, 15, 1, 16, 2, 9, 9, 10],
    [7, 12, 23, 10, 4, 10, 0, 12, 13, 9],
    [10, 18, 9, 17, 1, 16, 0, 11, 9, 9],
    [4, 14, 17, 19, 2, 13, 0, 12, 10, 9],
    [4, 14, 19, 18, 6, 16, 1, 7, 9, 6],
    [7, 8, 15, 16, 2, 16, 1, 11, 17, 7],
    [7, 14, 11, 11, 3, 26, 0, 11, 16, 1],
    [4, 15, 16, 13, 4, 19, 1, 9, 14, 5],
    [11, 17, 16, 13, 3, 15, 0, 9, 13, 3],
    [10, 15, 14, 13, 2, 15, 0, 11, 12, 8],
    [6, 8, 14, 20, 1, 12, 1, 13, 16, 9],
    [5, 16, 12, 10, 4, 21, 1, 14, 7, 10],
    [10, 13, 11, 6, 9, 9, 2, 11, 13, 16],
    [7, 15, 11, 8, 16, 5, 2, 7, 11, 18],
    [9, 19, 11, 4, 5, 10, 4, 5, 12, 21],
    [7, 14, 10, 9, 8, 8, 7, 7, 16, 14],
    [13, 21, 13, 6, 4, 8, 0, 7, 12, 16],
    [10, 17, 11, 11, 9, 17, 3, 5, 9, 8],
    [8, 17, 13, 11, 8, 10, 3, 7, 11, 12],
    [10, 20, 10, 10, 7, 6, 1, 10, 8, 18],
    [6, 16, 7, 13, 6, 10, 3, 8, 14, 17],
    [8, 21, 16, 9, 6, 7, 0, 8, 10, 15],
    [10, 16, 11, 8, 8, 11, 1, 4, 15, 16],
    [7, 16, 9, 12, 7, 9, 3, 10, 12, 15]
  ],
  "W": [
    [64, 13, 12, 11],
    [74, 10, 6, 10],
    [57, 17, 14, 12],
    [59, 9, 19, 13],
    [63, 11, 12, 14],
    [60, 15, 13, 12],
    [58, 17, 13, 12],
    [59, 14, 14, 13],
    [63, 13, 14, 10],
    [68, 13, 7, 12],
    [61, 12, 9, 18],
    [62, 13, 15, 10],
    [33, 39, 14, 14],
    [10, 67, 8, 15],
    [7, 64, 16, 13],
    [13, 54, 17, 16],
    [20, 60, 8, 12],
    [9, 63, 17, 11],
    [9, 67, 14, 10],
    [15, 64, 9, 12],
    [12, 62, 16, 10],
    [10, 63, 11, 16],
    [14, 62, 14, 10],
    [12, 59, 16, 13],
    [14, 61, 11, 14],
    [8, 14, 61, 17],
    [13, 11, 67, 9],
    [20, 12, 58, 10],
    [13, 13, 58, 16],
    [21, 11, 60, 8],
    [12, 12, 63, 13],
    [14, 12, 61, 13],
    [9, 14, 65, 12],
    [11, 9, 64, 16],
    [11, 17, 63, 9],
    [21, 17, 50, 12],
    [11, 15, 64, 10],
    [10, 21, 37, 32],
    [14, 14, 13, 59],
    [7, 10, 14, 69],
    [9, 11, 15, 65],
    [13, 8, 10, 69],
    [8, 9, 15, 68],
    [9, 12, 20, 59],
    [13, 13, 12, 62],
    [16, 9, 11, 64],
    [15, 15, 10, 60],
    [20, 10, 10, 60],
    [12, 9, 14, 65],
    [14, 10, 16, 60]
  ],
  "method": "mult",
  "cond_prob": [
    [
      [0, 0.41653146044, 0.014162694748, 0, 0.0022001072449, 0.029507073551, 0, 0.2389550056, 0.058172071121, 0.2404715873],
      [0.11671713494, 0.092811445391, 0.019023861283, 0.27157279502, 0.11353135744, 0.26245597516, 0, 0.04872543857, 0.051381722167, 0.023780270026],
      [0.096844248204, 0.13480574505, 0.22505961583, 0.10039232134, 0.0082881764843, 0.24799350177, 0, 0.067939465059, 0.07689971158, 0.041777214691],
      [0.12004966067, 0.22888807284, 0.10414199541, 0.024076891696, 0.11671157925, 0.065790690403, 0, 0.023470487248, 0.062384411009, 0.25448621148]
    ],
    [
      [0, 0.27363828816, 0.011489748575, 0.0010270344168, 0.0009990309004, 0.032864643147, 0, 0.40695116088, 0.13702250127, 0.13600759266],
      [0.10602650716, 0.052489016067, 0.01438306209, 0.29784525278, 0.083588253832, 0.24241465117, 0, 0.077410485781, 0.1135785128, 0.012264258317],
      [0.092640137122, 0.08386819666, 0.17392407642, 0.10572041891, 0.0062539016051, 0.23288445201, 0, 0.10951354733, 0.17282095887, 0.022374311074],
      [0.13838941057, 0.17226673356, 0.096238352603, 0.031122441186, 0.10526657654, 0.074656318337, 0, 0.045442795345, 0.16876240249, 0.16785496937]
    ],
    [
      [0, 0.29552851375, 0.02209194601, 0.0012036627983, 0.0033265681342, 0.033057216189, 0.018486951443, 0.38314520013, 0.068678544321, 0.17448139722],
      [0, 0.049107031874, 0.02588160194, 0.38419542854, 0.14952114073, 0.23889130528, 0.0075763322103, 0.072799717895, 0.056090487986, 0.015936953543],
      [0, 0.089999619991, 0.31108058697, 0.13871746052, 0.011059506513, 0.23023670449, 0.0015246160593, 0.10318087187, 0.085498097584, 0.028702535999],
      [0, 0.17167170785, 0.16213696891, 0.038168707337, 0.17614109439, 0.069272718718, 0.066341791277, 0.039883015167, 0.077900942648, 0.1984830537]
    ],
    [
      [0.0015154634639, 0.3294585335, 0.030573973518, 0.00076454752204, 0.0019178960185, 0.03422796132, 0.0093633771789, 0.25497776046, 0.12771073157, 0.20948975544],
      [0.082605079341, 0.057563889008, 0.031140783674, 0.31227426225, 0.080668440246, 0.25022135118, 0.0040557584625, 0.051199465186, 0.11048910377, 0.019781866892],
      [0.058168586186, 0.0914766908, 0.30579748893, 0.094884260158, 0.005008709919, 0.20591089443, 0.00072402530242, 0.062383364168, 0.14438530002, 0.031260680087],
      [0.08168760031, 0.17737033823, 0.16197817074, 0.026278645613, 0.081974052633, 0.062788548262, 0.030561726118, 0.02386407899, 0.13287263098, 0.22062420812]
    ],
    [
      [0, 0.28320741214, 0.0071602430129, 0, 0, 0.020204869969, 0.01554843604, 0.42423339959, 0.11919374131, 0.13045189795],
      [0.088639091613, 0.05560213704, 0.014376984186, 0.32384447776, 0.073677312733, 0.21743920364, 0.007542113368, 0.091667522755, 0.11358533203, 0.013625824867],
      [0.071876123024, 0.10075555716, 0.17618383958, 0.11374103296, 0.0050073963269, 0.20676886772, 0.0014098481179, 0.12848198245, 0.17140299549, 0.024372357181],
      [0.083032608284, 0.2383744887, 0.091182270656, 0.0052013106508, 0.080675771715, 0.061002538518, 0.065754793216, 0.051654949031, 0.1560371214, 0.16708414783]
    ],
    [
      [0, 0.33006870457, 0.0094013111608, 0, 0, 0.0094837484919, 0.0083761962231, 0.33429133814, 0.082250995716, 0.2261277057],
      [0.021732753783, 0.12569588828, 0.020315259608, 0.51157625767, 0.031954657692, 0.10967270291, 0.003988885288, 0.072938347642, 0.077921178666, 0.024204068461],
      [0.022830381169, 0.1217643942, 0.26819601781, 0.20609159208, 0.0023753509014, 0.10824134273, 0.00078684609433, 0.10427746729, 0.12181126326, 0.043625344456],
      [0.031434478172, 0.2272918564, 0.13705368373, 0.053930453159, 0.040816714408, 0.031562257613, 0.035613829006, 0.041069785188, 0.10938134622, 0.29184559611]
    ],
    [
      [0.00082223534074, 0.26565146341, 0.014884617505, 0.0047017376745, 0.0026071321489, 0.029033830716, 0.0091709517445, 0.33477386271, 0.17884175366, 0.15951241509],
      [0.069876926232, 0.041871669679, 0.016317317195, 0.37841603607, 0.0870529678, 0.18905759237, 0.0036010494721, 0.060491294409, 0.13973958744, 0.013575559341],
      [0.058712243527, 0.078916594629, 0.1990265315, 0.139749279, 0.0067060952943, 0.18569883507, 0.00072103152711, 0.087850071818, 0.21720578324, 0.025413534392],
      [0.08342861987, 0.15454008394, 0.10599607357, 0.039790497895, 0.106808887, 0.057331157693, 0.033124462328, 0.034392752039, 0.20232750994, 0.18225995573]
    ],
    [
      [0, 0.3948005215, 0.013507402359, 0, 0.0012129022452, 0.029416057669, 0.018019331449, 0.28388167894, 0.11638271046, 0.14277939537],
      [0.1275065025, 0.076649500358, 0.016736665363, 0.29766557113, 0.065967873019, 0.23801056362, 0.0076934433845, 0.05634335098, 0.099719140025, 0.013707389626],
      [0.10233098859, 0.12241780979, 0.19338839741, 0.10544447177, 0.0046780012503, 0.22164322107, 0.0015550705253, 0.077529734013, 0.14711360478, 0.023898700789],
      [0.13709808653, 0.2246020684, 0.097024029378, 0.0274199538, 0.072261271366, 0.063792277831, 0.062106173059, 0.028981365589, 0.12905858887, 0.15765618518]
    ],
    [
      [0, 0.34222309158, 0.021501001577, 0, 0, 0.020986063037, 0.018579710556, 0.25352848254, 0.075400952971, 0.26778069775],
      [0.033100293998, 0.072689274213, 0.032565628959, 0.43440528851, 0, 0.2514126957, 0.0094066668235, 0.0592502229, 0.076717131914, 0.030452796981],
      [0.018064035489, 0.17059591905, 0.32351640092, 0.072284496271, 0, 0.20068012335, 0.001612231093, 0.070191449433, 0.097299673768, 0.045755670638],
      [0.031679968117, 0.21066417993, 0.16928541113, 0.034074830157, 0, 0.059999125773, 0.068462033096, 0.027477241051, 0.089022181519, 0.30933502923]
    ],
    [
      [0.003644063191, 0.32028170718, 0.022708371878, 0.0088694137508, 0.0074703691497, 0.046171977576, 0.018016805937, 0.31562552568, 0.12367068447, 0.13354108119],
      [0.083515247028, 0.045343591755, 0.020193298018, 0.32100174341, 0.12446515346, 0.25007680316, 0.0063671226418, 0.05137419384, 0.087592635084, 0.010070211603],
      [0.069702958039, 0.08680530706, 0.23996334446, 0.11730200932, 0.0099512065967, 0.24428826482, 0.0013125123611, 0.075735298778, 0.13567983926, 0.019259259304],
      [0.098215398781, 0.16864500578, 0.12613120224, 0.033561927946, 0.15035912139, 0.074940769172, 0.056908084619, 0.028287720191, 0.12516086045, 0.13778990944]
    ],
    [
      [0.0015792307347, 0.23743186248, 0.016138305195, 0.013872078223, 0.0020569616719, 0.038305536678, 0, 0.31336867807, 0.13951555322, 0.23773179373],
      [0.066097305016, 0.033387542485, 0.015655412529, 0.46195007534, 0.050218609196, 0.20618940084, 0, 0.050658677738, 0.098196748803, 0.017646228054],
      [0.058691565121, 0.067386266117, 0.20044180074, 0.17948671673, 0.0041822019789, 0.21391231536, 0, 0.078371873134, 0.16153137266, 0.035995888163],
      [0.087904176606, 0.13941830465, 0.11242901256, 0.055278992991, 0.06857012277, 0.070215478571, 0, 0.031736647035, 0.15874488412, 0.27570238069]
    ],
    [
      [0, 0.35410230666, 0.0036324717819, 0, 0, 0.014913176386, 0.018793259034, 0.33775585422, 0.11713166392, 0.15367126799],
      [0.093212891736, 0.074387000554, 0.010525699038, 0.23459017242, 0.12693370726, 0.23611642641, 0.0092551930923, 0.077960658743, 0.11944899815, 0.017569252597],
      [0.058123724239, 0.19266537598, 0.13591111226, 0.050873143508, 0.0045431791254, 0.22886559413, 0.0020213963053, 0.11147653361, 0.18405778882, 0.031462152023],
      [0.091637654385, 0.21886453401, 0.059928597805, 0.018723060599, 0.12817141187, 0.057288560889, 0.068417948512, 0.037350047021, 0.14241330284, 0.17720488207]
    ],
    [
      [0.0016939660404, 0.25306042534, 0.02269566947, 0.024500065483, 0.011857584459, 0.046199316021, 0.011034791398, 0.31246400641, 0.13748701957, 0.17900715581],
      [0.028291124853, 0.023406777292, 0.019344204146, 0.43525068412, 0.14783137056, 0.21493410601, 0.0031936471266, 0.035008431304, 0.088040451343, 0.0046992032473],
      [0.024970406791, 0.064850015898, 0.25628626985, 0.17489711761, 0.014279992631, 0.22166626911, 0.0006415295106, 0.070086947626, 0.14921714627, 0.023104304708],
      [0.035082825452, 0.13058867335, 0.13632936914, 0.054868679408, 0.18881116888, 0.070690333531, 0.035879873771, 0.024438692922, 0.13859362171, 0.18471676184]
    ],
    [
      [0.0023483798441, 0.34180170337, 0.010436564531, 0.0061758983079, 0.0023548496055, 0.018276111777, 0.010999675727, 0.19125707511, 0.18365806101, 0.23269168071],
      [0.12259311003, 0.05907055489, 0.011386745241, 0.4043917676, 0.059559806871, 0.12379747277, 0.0050655927718, 0.035665034209, 0.15369550602, 0.024774409591],
      [0.10728421528, 0.11061875169, 0.1453909457, 0.16049853598, 0.0049967308632, 0.12839176112, 0.0010302196876, 0.054251210871, 0.24697202638, 0.040565602428],
      [0.12696694048, 0.18262038501, 0.064639657195, 0.037333619979, 0.063064706446, 0.033044941174, 0.036157784634, 0.017590817991, 0.19266961837, 0.24591152872]
    ],
    [
      [0.001726024442, 0.20436791876, 0.016500903293, 0.0066851198644, 0.0034756391197, 0.028973438173, 0.025175629364, 0.4167472771, 0.16091236325, 0.13543568663],
      [0.086358877925, 0.032221344733, 0.017075996358, 0.36365931347, 0.086254469278, 0.18927197813, 0.0095783021876, 0.075072715034, 0.12970708711, 0.010799915771],
      [0.072008988506, 0.060615371424, 0.20955766928, 0.13588665194, 0.0068602973976, 0.18411026385, 0.001929963009, 0.10856250397, 0.19920361208, 0.021264678543],
      [0.1006773712, 0.11826250484, 0.11066978474, 0.038832435987, 0.10350921031, 0.056770393141, 0.090759988177, 0.041624248811, 0.18346939144, 0.15542467135]
    ],
    [
      [0.0011330034012, 0.33452719218, 0.022581550516, 0.010019540179, 0.0035463622758, 0.049459813963, 0, 0.26557647012, 0.11452947794, 0.19862658944],
      [0.045311831385, 0.041164229251, 0.021438924911, 0.40030748067, 0.078166270204, 0.28392745561, 0, 0.039513809893, 0.081448025117, 0.0087219729576],
      [0.036908486326, 0.085382332898, 0.24851434858, 0.14640132711, 0.0061133660899, 0.2675435408, 0, 0.059794616239, 0.1235691992, 0.025772782758],
      [0.056936737089, 0.18604865393, 0.14524962327, 0.047769966302, 0.10181196724, 0.092293726354, 0, 0.024828229886, 0.12576544026, 0.21929565567]
    ],
    [
      [0.001365429498, 0.48403624799, 0.021973379931, 0.0013398540788, 0.0018927147339, 0.021558185296, 0.010934570749, 0.24680839603, 0.092003485648, 0.11808773604],
      [0.12665672093, 0.096979102886, 0.027473829607, 0.35980602942, 0.067490286839, 0.16426208552, 0.0052367157438, 0.053895562538, 0.083381746318, 0.01481792021],
      [0.097544423731, 0.14669128467, 0.27665099674, 0.12464076947, 0.0047639149529, 0.1485560967, 0.00094497116662, 0.065908883003, 0.11493881319, 0.019359846377],
      [0.13274439706, 0.27724988248, 0.14157455425, 0.032309583141, 0.072884764615, 0.04372186579, 0.038295489255, 0.025235605253, 0.1031262502, 0.13285760796]
    ],
    [
      [0.0018372954971, 0.33944444551, 0.02406595339, 0.003796848802, 0.0029773944407, 0.028490264093, 0, 0.36126399844, 0.11038994098, 0.12773385884],
      [0.11405132227, 0.063839116127, 0.033403194716, 0.30105959704, 0.09100765263, 0.20754674476, 0, 0.075530657041, 0.10017307467, 0.013388640733],
      [0.083890300293, 0.099152769746, 0.28830038577, 0.098774537971, 0.0057458358484, 0.1782562457, 0, 0.092589779963, 0.13327197955, 0.020018165151],
      [0.12473599386, 0.20341259897, 0.16162714494, 0.029082418319, 0.10382201135, 0.057980593276, 0, 0.037833305552, 0.12999665221, 0.15150928152]
    ],
    [
      [0.0026239162747, 0.33730611209, 0.013507043795, 0.0088936436789, 0.0035125881277, 0.038200283184, 0, 0.21471752861, 0.14478658639, 0.23645229785],
      [0.10948592884, 0.043219001503, 0.011192203168, 0.39272304036, 0.07435191962, 0.22084921874, 0, 0.031981898935, 0.10215373965, 0.014043049181],
      [0.096540619974, 0.093678459596, 0.16434079925, 0.15547390546, 0.0064892997887, 0.22761427756, 0, 0.05243741917, 0.16890481451, 0.034520404692],
      [0.12892588415, 0.17570734562, 0.082778780399, 0.043087882642, 0.089595789527, 0.067269990997, 0, 0.019063114547, 0.14879527626, 0.24477593586]
    ],
    [
      [0.0029080715344, 0.3969316653, 0.010935178732, 0.012138069271, 0.0028692188514, 0.032189803281, 0, 0.31756394917, 0.1048771109, 0.11958693296],
      [0.12351849453, 0.048305897769, 0.0081618945225, 0.44528420761, 0.060810156902, 0.18660091784, 0, 0.048326653086, 0.074204940923, 0.0047868368103],
      [0.11475863591, 0.11775086175, 0.14848792237, 0.18225196109, 0.0054629936484, 0.19948536745, 0, 0.083088087533, 0.13013495065, 0.018579219603],
      [0.16819729614, 0.24122415063, 0.081434980688, 0.056622668669, 0.084662061053, 0.064943825157, 0, 0.032986848093, 0.12554271347, 0.14438545611]
    ],
    [
      [0.0018958429269, 0.29877688826, 0.019712569058, 0.0056021831157, 0.0024832030423, 0.030034182031, 0.013287942408, 0.30583182399, 0.072645377128, 0.24972998804],
      [0.10474485338, 0.052899603201, 0.022658633954, 0.39134603509, 0.067010778808, 0.20779307348, 0.0058612877724, 0.059822792299, 0.062147826119, 0.0257151159],
      [0.085591244352, 0.092160626007, 0.2562978213, 0.14341179514, 0.005123870281, 0.1992523015, 0.0011832608464, 0.082793803515, 0.092645187512, 0.041540089542],
      [0.11136090656, 0.16603319263, 0.12578487253, 0.037473090506, 0.073355135289, 0.056838243584, 0.045821267567, 0.029630413339, 0.079276725492, 0.2744261525]
    ],
    [
      [0.00070531071211, 0.28569537975, 0.032736794231, 0.0067076912519, 0.005445657496, 0.033441718311, 0.033670772517, 0.39898349993, 0.055772906827, 0.14684026897],
      [0.03367608251, 0.045159202407, 0.037745555541, 0.39376862082, 0.13382031428, 0.21520111543, 0.013585024751, 0.069565306846, 0.04461469832, 0.012864079096],
      [0.0259280063, 0.077603754393, 0.37316570541, 0.13703987587, 0.0098582469996, 0.1946221163, 0.0025598507332, 0.094859639097, 0.062982258168, 0.02138054673],
      [0.03663410159, 0.15277344704, 0.1993649562, 0.038628833842, 0.15040143178, 0.060441829081, 0.11120483484, 0.036505914957, 0.058671256106, 0.15537339458]
    ],
    [
      [0.0019775258322, 0.19357995068, 0.012665027007, 0.010440610569, 0.0070857883794, 0.042935701721, 0.014396745881, 0.51119092152, 0.10607534894, 0.099652379462],
      [0.07824883777, 0.021734311991, 0.0082249439531, 0.35939217806, 0.14074568615, 0.24004482993, 0.0038768989462, 0.072502455431, 0.071837591557, 0.0033922662169],
      [0.073909276294, 0.05587854304, 0.16956329308, 0.15045414142, 0.013177870676, 0.2616668949, 0.00090872947914, 0.13048040715, 0.12917020734, 0.014790636627],
      [0.10861568285, 0.11600537444, 0.093885699365, 0.046515843247, 0.19900762321, 0.085278419181, 0.05453556103, 0.052144916186, 0.12526315356, 0.11874772693]
    ],
    [
      [0.0027654942997, 0.29016335994, 0.016171413065, 0.015224558906, 0.0052726565362, 0.038691438353, 0.014767737355, 0.26015290015, 0.14296839511, 0.21382204628],
      [0.088053339136, 0.025489865656, 0.009716696601, 0.47249662591, 0.089632323445, 0.19239657933, 0.0037031403113, 0.028573379374, 0.085045989286, 0.0048920609488],
      [0.082399099854, 0.073216798327, 0.18677176699, 0.19880298434, 0.0088132808005, 0.20976299986, 0.00083337328122, 0.057725916431, 0.15424736423, 0.027426415889],
      [0.11179088167, 0.14174375645, 0.095716128604, 0.058396662683, 0.1159545035, 0.063699735512, 0.045459069298, 0.02067085786, 0.1383621587, 0.20820624572]
    ],
    [
      [0.0011024521329, 0.29720110857, 0.011350591036, 0.0080285914051, 0.0037964244113, 0.033463121683, 0, 0.38823193729, 0.051027096892, 0.20579867658],
      [0.066975032523, 0.049113713126, 0.0096267567549, 0.41495718026, 0.098960630451, 0.22608119193, 0, 0.076118554171, 0.04206623842, 0.016100702369],
      [0.063090182201, 0.10223302114, 0.17927032196, 0.17228713668, 0.0087826223365, 0.24605475151, 0, 0.1178171206, 0.072946935084, 0.037517908499],
      [0.08607833443, 0.19419176763, 0.091563287277, 0.048575230093, 0.12954591107, 0.073854380156, 0, 0.044680910499, 0.065511700996, 0.26599847785]
    ],
    [
      [0.0023922342019, 0.31976835765, 0.013444795615, 0.0095573959703, 0.0041723352985, 0.02959102557, 0, 0.3619309975, 0.12500694758, 0.13413591061],
      [0.10568412045, 0.043984365221, 0.012384092737, 0.42196263368, 0.092520477333, 0.16885534767, 0, 0.057241054543, 0.087866757019, 0.0095011513595],
      [0.099600739063, 0.09228656763, 0.16656823216, 0.18217340478, 0.0079830836055, 0.18685263179, 0, 0.093107169344, 0.15266985147, 0.018758320161],
      [0.14268466808, 0.18803478825, 0.09167071619, 0.053146251125, 0.12849214912, 0.058899199358, 0, 0.036684701556, 0.14452640478, 0.15586112154]
    ],
    [
      [0.002587498741, 0.23414274162, 0.022968531563, 0.0071653428221, 0.0015493904077, 0.031333494787, 0.038899483679, 0.27898022721, 0.081406980411, 0.30096630876],
      [0.12006040783, 0.036864962182, 0.024298504855, 0.42039653237, 0.038564098232, 0.20401605041, 0.015387837309, 0.050007513496, 0.06475956419, 0.025644529126],
      [0.098151590098, 0.06746719515, 0.27301596672, 0.14846155984, 0.0030077042922, 0.19227127648, 0.0037436747306, 0.068836387788, 0.097418937525, 0.047625707388],
      [0.11883794374, 0.11448085555, 0.12689508514, 0.0372849087, 0.039348517397, 0.051812498823, 0.11935714387, 0.023459601771, 0.078031692711, 0.2904917523]
    ],
    [
      [0.0021235399616, 0.27406015216, 0.031035447396, 0.0037559855226, 0.005041265008, 0.02097740964, 0, 0.32025382953, 0.11905280927, 0.2236995615],
      [0.10782052532, 0.047014533504, 0.034597855191, 0.3200460749, 0.15533710154, 0.14911507514, 0, 0.062578096419, 0.10272458273, 0.02076615527],
      [0.079962131639, 0.078521631963, 0.34942911629, 0.10029145819, 0.0088275486621, 0.12806218609, 0, 0.078656672544, 0.14133081043, 0.034918444195],
      [0.10258792619, 0.14003679008, 0.1697228045, 0.026742281557, 0.1523131659, 0.036346411241, 0, 0.028189924471, 0.11890618171, 0.22515451435]
    ],
    [
      [0.0016189414295, 0.38490761355, 0.0085303599493, 0.0071786732641, 0.00092362022691, 0.02776323211, 0, 0.30483245518, 0.070299797527, 0.19394530676],
      [0.11761577303, 0.066073056699, 0.0098244634166, 0.44475227336, 0.025933675388, 0.19796688931, 0, 0.059813695083, 0.060004330837, 0.018015842869],
      [0.10512913548, 0.13868584179, 0.13178163112, 0.17808044834, 0.002021263783, 0.20793446482, 0, 0.097903283406, 0.10076078145, 0.037703149818],
      [0.14702867839, 0.25584202895, 0.069878293203, 0.049764480622, 0.033351366099, 0.062831841384, 0, 0.03632560056, 0.091370062957, 0.25360764784]
    ],
    [
      [0.0012078551915, 0.31324203326, 0.020508812782, 0.011704513548, 0.0030644193261, 0.027470421597, 0, 0.30747497191, 0.089866383831, 0.22546058856],
      [0.052492652724, 0.045067907642, 0.020065573051, 0.51535359017, 0.072965622087, 0.16071769514, 0, 0.050792060989, 0.065427308323, 0.017117589883],
      [0.047541677081, 0.090893266684, 0.25387809346, 0.20998499072, 0.0058666441971, 0.1704389292, 0, 0.078891118688, 0.10944519368, 0.033060086289],
      [0.068089404519, 0.18407178956, 0.13948850258, 0.060777035065, 0.097628337421, 0.053611343489, 0, 0.031355724715, 0.10329924087, 0.26167862178]
    ],
    [
      [0.0013218296022, 0.39017922815, 0.023588511248, 0.011191661815, 0.0091466471315, 0.035072965263, 0.01688133457, 0.24507568621, 0.088325660078, 0.17921647594],
      [0.044599705078, 0.047911592884, 0.019778614651, 0.43544060916, 0.16580381592, 0.17945361154, 0.0053002713185, 0.034261329023, 0.055713150321, 0.011737300111],
      [0.043586719605, 0.10062714575, 0.26662444464, 0.19055644976, 0.019216567135, 0.20153058611, 0.0013335406708, 0.053909242203, 0.098435369265, 0.024179934853],
      [0.054075249899, 0.18487692041, 0.12940419051, 0.048873570266, 0.20691928569, 0.056096473325, 0.04998520516, 0.019359504492, 0.08231584704, 0.16809375321]
    ],
    [
      [0.0021558231835, 0.20729649212, 0.019203508948, 0.0097728159948, 0.0025469994836, 0.035126524429, 0.015592903722, 0.35468038386, 0.16166677265, 0.19195777562],
      [0.085353444707, 0.02841917563, 0.017950631176, 0.42356778421, 0.059060149808, 0.19721267205, 0.0053371927579, 0.055836987987, 0.11367674725, 0.013585214416],
      [0.074533586539, 0.053700834803, 0.2128486149, 0.1662622483, 0.004236405936, 0.20170705023, 0.0002613127117, 0.080876000684, 0.18203220573, 0.023541740172],
      [0.10761756616, 0.11392831383, 0.11784444554, 0.049105386076, 0.076707649803, 0.06442665611, 0.053977919953, 0.033153440646, 0.1745061282, 0.20873249368]
    ],
    [
      [0.0015836407083, 0.37889676313, 0.012460707763, 0.0054637566065, 0.0031891994568, 0.050002587174, 0, 0.37624345694, 0.14226851346, 0.029891374769],
      [0.082804360157, 0.056721789983, 0.012842454237, 0.27341647795, 0.087789060056, 0.3095113195, 0, 0.065372043081, 0.10931900934, 0.0022234856936],
      [0.068337664506, 0.10435237979, 0.14749870835, 0.10316457018, 0.00349982428, 0.3058637204, 0, 0.095055268584, 0.16869819629, 0.0035296676316],
      [0.11537816655, 0.2510766155, 0.093386935697, 0.034774869776, 0.12623014883, 0.11130636805, 0, 0.04333398554, 0.18531120745, 0.039201702609]
    ],
    [
      [0.0010165897345, 0.37312261972, 0.017681308197, 0.0071142099789, 0.0047750443754, 0.038133388477, 0.013465306765, 0.29462879395, 0.12293112458, 0.12713161422],
      [0.047632054917, 0.056211011476, 0.017947761079, 0.36512111802, 0.11753035361, 0.23594390515, 0.0050651855591, 0.050677568146, 0.093661888443, 0.010209153596],
      [0.041288147427, 0.10922707609, 0.21576675987, 0.14059136449, 0.008755001207, 0.23884994796, 0.00065891070109, 0.075618462384, 0.15011743981, 0.019126890064],
      [0.057355473958, 0.21245120062, 0.11468144552, 0.039862893795, 0.14558632826, 0.073165056954, 0.047757791917, 0.028962722541, 0.13733028037, 0.14284680607]
    ],
    [
      [0.0026703217268, 0.45004266335, 0.018650873431, 0.0052953572965, 0.0033931207364, 0.02771808504, 0, 0.28501370651, 0.11496675473, 0.092249117188],
      [0.14160393273, 0.073972385828, 0.020740639218, 0.32440323244, 0.095127291697, 0.18717235378, 0, 0.053504466217, 0.095428649202, 0.0080470488978],
      [0.11323514434, 0.13421179029, 0.22782999099, 0.11321820243, 0.0056302854802, 0.17504329036, 0, 0.074575422014, 0.14194101099, 0.014314863102],
      [0.15883839016, 0.25962859506, 0.12099556591, 0.032683262817, 0.11008930309, 0.053938195286, 0, 0.028557968429, 0.13008832989, 0.10518038936]
    ],
    [
      [0.0031486800452, 0.33895387397, 0.021008000184, 0.0061270881229, 0.0019701004276, 0.033568874915, 0, 0.29467920916, 0.11305611198, 0.18748806119],
      [0.14023205837, 0.052631826342, 0.021754328615, 0.35938640638, 0.057380737847, 0.21185342331, 0, 0.052350505848, 0.089211762266, 0.01519895102],
      [0.11267439947, 0.094279533267, 0.2335883147, 0.12641258571, 0.0034862235646, 0.19894338314, 0, 0.071643060601, 0.13254955844, 0.026422941107],
      [0.15968439609, 0.18943757796, 0.12579938955, 0.036761079631, 0.067403680783, 0.062198022802, 0, 0.02830208151, 0.12347864732, 0.20693512436]
    ],
    [
      [0.0012148296975, 0.19073375285, 0.013782185851, 0.0078874845467, 0.0011194412529, 0.020099181506, 0.016104045594, 0.37636227901, 0.12805858391, 0.24463821578],
      [0.072997969154, 0.03287521161, 0.015670749889, 0.49111821002, 0.030831662074, 0.14262721631, 0.0068519465071, 0.073999813873, 0.11013962284, 0.022887597723],
      [0.063090953894, 0.065908879647, 0.1968132901, 0.18797418247, 0.0024085480403, 0.14395113732, 0.0013870568365, 0.11464767573, 0.17768783272, 0.046130443249],
      [0.085384628677, 0.11906322471, 0.1017284141, 0.051611684174, 0.037106414052, 0.042662797033, 0.063130466332, 0.041256647594, 0.15672399407, 0.30133172926]
    ],
    [
      [0.00038478316256, 0.30451563193, 0.01380218731, 0.0024474881868, 0.0012808637048, 0.037374076039, 0.0059759312816, 0.4311521306, 0.052235339625, 0.15083156817],
      [0.058867082705, 0.065876213522, 0.019305716574, 0.27877154504, 0.067318286636, 0.32780180267, 0.0028917546429, 0.10746465722, 0.054993617851, 0.016709323153],
      [0.04393599436, 0.11370537271, 0.20771232992, 0.09028585818, 0.0019387618392, 0.29075113838, 2.8193613882e-05, 0.14528522264, 0.077798264444, 0.028558863908],
      [0.066697238757, 0.2301357627, 0.1178500585, 0.024398309992, 0.078180411111, 0.093269664484, 0.027452208624, 0.064255239208, 0.076382651389, 0.22137845524]
    ],
    [
      [0.0018263355662, 0.22949632247, 0.018286385027, 0.0025562976344, 0.0039116618514, 0.027342720017, 0.0085504146397, 0.41038971694, 0.11508461432, 0.18255553154],
      [0.11852759409, 0.043134940934, 0.022591212679, 0.26751955983, 0.11661237952, 0.21548832939, 0.0040208664004, 0.085931981642, 0.10683916591, 0.019333969595],
      [0.091279486451, 0.07412998429, 0.24271214613, 0.089751759497, 0.0084502803871, 0.19368158965, 0.00083388805325, 0.11474353673, 0.15206972509, 0.032347603722],
      [0.12082053663, 0.1393130935, 0.12326196157, 0.017833307153, 0.12208152162, 0.052245841404, 0.030731551199, 0.043386953261, 0.13417221441, 0.21615301925]
    ],
    [
      [0.0013854362924, 0.28137252697, 0.016524024161, 0.0056753124654, 0.0073373687417, 0.016358548583, 0.0079066574398, 0.36331038044, 0.09833062449, 0.20179912041],
      [0.072916601542, 0.048436539619, 0.018819734922, 0.38358299089, 0.18249522908, 0.11728271695, 0.0034764272856, 0.069002669348, 0.084379000751, 0.019608089616],
      [0.06677095602, 0.099580257723, 0.24571541023, 0.15298324739, 0.016866173557, 0.1250950568, 0.00092122444315, 0.10980328697, 0.14280058025, 0.03946380662],
      [0.077193370236, 0.16162178706, 0.10516114114, 0.028734455658, 0.20126898113, 0.028425104279, 0.027492637433, 0.032312385883, 0.10824184779, 0.22954828939]
    ],
    [
      [0.001683515595, 0.35213652623, 0.016990896924, 0.0017762948143, 0.0022632688144, 0.030705695165, 0.016546875069, 0.23121651726, 0.10662795588, 0.24005245425],
      [0.11792883417, 0.075385246787, 0.024051104288, 0.22397109296, 0.072513813447, 0.27981777692, 0.0090149983771, 0.054607423503, 0.11330717635, 0.0294025332],
      [0.082791285184, 0.11908045766, 0.23580251777, 0.067486130702, 0.0049592996088, 0.22834587283, 0.0020296516766, 0.066588737851, 0.14718676074, 0.045729285979],
      [0.099165567784, 0.20331271822, 0.10839203098, 0.0078159902094, 0.063193679056, 0.049545617, 0.057253359494, 0.020300594128, 0.11671027763, 0.27431016549]
    ],
    [
      [0.0017551288528, 0.26455547921, 0.018155548656, 0.0097916544535, 0.004056063378, 0.033209238153, 0.029489253049, 0.31931310022, 0.15784331303, 0.161831221],
      [0.066434862967, 0.035346124715, 0.016290341565, 0.44246745073, 0.080362613268, 0.1831592028, 0.0099417623992, 0.047891803551, 0.10642540704, 0.011680430965],
      [0.060568680548, 0.072725800631, 0.20731950709, 0.17623921403, 0.0071473823799, 0.1947345822, 0.0022229948396, 0.075916742123, 0.17925953486, 0.023865561286],
      [0.084637936459, 0.13841669227, 0.10957188499, 0.051747489071, 0.10482458618, 0.060226963182, 0.094418487866, 0.024733736921, 0.1638266424, 0.16759558067]
    ],
    [
      [0.0022023498058, 0.3621847651, 0.018395527292, 0.0039721331689, 0.0015606932965, 0.024615526482, 0, 0.32107719776, 0.099497725574, 0.16649408152],
      [0.14657653554, 0.07167445175, 0.024219412478, 0.31844080181, 0.04969631669, 0.20210141785, 0, 0.07089371487, 0.098369598139, 0.018027750869],
      [0.10689263434, 0.11795653285, 0.24656912344, 0.1009677175, 0.0033448496874, 0.17195016954, 0, 0.090032675907, 0.13285522795, 0.029431068778],
      [0.14793827745, 0.23070740913, 0.13141653261, 0.023349116998, 0.051324630266, 0.050072213006, 0, 0.035924247727, 0.12243916754, 0.20682840527]
    ],
    [
      [0.0025805367314, 0.39617877699, 0.020071334616, 0.010965257918, 0.0050273176198, 0.063140750173, 0.015972301741, 0.27023716324, 0.097408275344, 0.11841828563],
      [0.087777306025, 0.043099391735, 0.015341184513, 0.37248336719, 0.091226098256, 0.29035559625, 0.0042952650715, 0.033635686096, 0.055494747081, 0.0062913577752],
      [0.080697456398, 0.089925003261, 0.1948604386, 0.15322757166, 0.0076619118224, 0.31214066224, 0.00049230747206, 0.053532304902, 0.094162511399, 0.013299832248],
      [0.12388980287, 0.18845251256, 0.11420432207, 0.057067132868, 0.13062377502, 0.11363818388, 0.047370507695, 0.018535444061, 0.09447692083, 0.11174139815]
    ],
    [
      [0.0020173488672, 0.33739002586, 0.024439223289, 0.010187369277, 0.0040299583123, 0.037643810233, 0.013736181105, 0.3101491095, 0.11020101111, 0.15020596246],
      [0.077705731717, 0.044727773466, 0.022098242429, 0.4294939155, 0.08378286055, 0.20608078767, 0.0045688414432, 0.046467383475, 0.074688316759, 0.010386146999],
      [0.066536074652, 0.087157732566, 0.26230621889, 0.16224109781, 0.006881324255, 0.2057964157, 0.00086781463978, 0.069517405709, 0.11819637195, 0.020499543837],
      [0.099438178332, 0.17720283577, 0.14915061805, 0.053826614907, 0.10928802361, 0.070355213531, 0.044380982761, 0.024673818111, 0.11577552055, 0.15590819437]
    ],
    [
      [0.0017275517469, 0.33014814254, 0.015760889831, 0.0086731763992, 0.0029397022958, 0.021192449525, 0.0038844047323, 0.3577417176, 0.069815610183, 0.18811635515],
      [0.10116675788, 0.051897756348, 0.016796748415, 0.48080532299, 0.075930443946, 0.13751896014, 0.0015201901324, 0.063554735575, 0.054873634443, 0.015935450125],
      [0.093374473838, 0.10772098837, 0.22135804765, 0.19413306566, 0.0065816483301, 0.14818533933, 0.00032432167565, 0.10171495837, 0.093700219404, 0.032906937356],
      [0.12554279905, 0.2041502975, 0.11190182036, 0.053101836693, 0.096831134939, 0.043643928651, 0.014384379292, 0.04039492744, 0.083724767401, 0.22632410868]
    ],
    [
      [0.0012079819114, 0.29015125574, 0.012275639876, 0.011431375565, 0.0026810609237, 0.034957449376, 0.012782389715, 0.30691229967, 0.1306074216, 0.19699312562],
      [0.057258757553, 0.040482662841, 0.011575827967, 0.46975246857, 0.060883154536, 0.20015915833, 0.0043696681126, 0.048906157246, 0.092574195452, 0.014037949388],
      [0.054310424986, 0.087271867668, 0.16010029861, 0.19650969985, 0.0054599211757, 0.22111880398, 0.00090600067927, 0.080524806503, 0.1624414895, 0.031356687048],
      [0.076331577636, 0.16946287574, 0.084020416604, 0.063619088991, 0.083198959272, 0.071034380743, 0.04556098543, 0.030957918021, 0.15046434749, 0.22534945007]
    ],
    [
      [0.0022851505766, 0.37349001061, 0.032260797569, 0.0087483115305, 0.0031397844697, 0.02853382141, 0, 0.27858639283, 0.098060903832, 0.17489482717],
      [0.089650641332, 0.054909795585, 0.031244675724, 0.44857231597, 0.071548194805, 0.17122849009, 0, 0.046299577456, 0.072755820546, 0.013790488487],
      [0.069388292961, 0.0960536682, 0.3324171784, 0.15183845597, 0.0052995240357, 0.15458796571, 0, 0.0623574273, 0.10402483174, 0.024032655682],
      [0.10606512743, 0.2003427525, 0.19530275846, 0.047015434166, 0.086145452037, 0.052852650231, 0, 0.022361701598, 0.10451625667, 0.18539786691]
    ],
    [
      [0.0029320014278, 0.34012529819, 0.021235962833, 0.0084987646365, 0.0046801143865, 0.045720446408, 0.0048588540696, 0.19943756096, 0.16055039651, 0.21196060058],
      [0.098836741899, 0.042925685074, 0.018139101919, 0.36650312715, 0.086708693827, 0.23954340617, 0.0015649163371, 0.028190142954, 0.10316329479, 0.014424889879],
      [0.084896732262, 0.083068947701, 0.21403515665, 0.1377728811, 0.0074553846069, 0.23952861535, 0.0003389295482, 0.041863414596, 0.16333333789, 0.027706600301],
      [0.12133432391, 0.15952615367, 0.11669883593, 0.041087174533, 0.10860130767, 0.076031744195, 0.014197915238, 0.011799233501, 0.1516655209, 0.19905779046]
    ],
    [
      [0.001225387535, 0.28004375731, 0.013543527402, 0.010796318106, 0.0030007282994, 0.029616611561, 0.012450707955, 0.37510203222, 0.10553779263, 0.16868313698],
      [0.065591635475, 0.040219167317, 0.01318706049, 0.47882738782, 0.073625310993, 0.17385317285, 0.0044115051637, 0.061282244843, 0.076338973954, 0.012663541096],
      [0.062766181081, 0.086917176045, 0.18140503419, 0.20248009262, 0.0064169645552, 0.19458030791, 0.00078950620466, 0.1019224077, 0.13529844697, 0.027423882729],
      [0.088711155375, 0.17144201513, 0.096267324407, 0.063681603107, 0.10198442102, 0.062225846386, 0.046149048962, 0.041749842955, 0.12657176687, 0.20121697579]
    ]
  ],
  "expected_outcome": [
    [
      [0, 0, 0, 0.089412344371, 0, 0, 0.047689649763, 0, 0, 0.24779629699, 0.096333074818, 0, 0.055900879334, 0.023483798441, 0.012082171094, 0.014729044215, 0.027308589961, 0.016535659474, 0.023615246472, 0.043621073016, 0.022750115122, 0.0070531071211, 0.02768536165, 0.033185931596, 0.01543432986, 0.019137873615, 0.033637483633, 0.042470799231, 0.021046238583, 0.025364959022, 0.015861955227, 0.030181524568, 0.014252766374, 0.01118248708, 0.029373538995, 0.066122280949, 0.013363126673, 0.0038478316256, 0.025568697927, 0.0096980540467, 0.015151640355, 0.022816675087, 0.017618798446, 0.023224830582, 0.026225535274, 0.027640827951, 0.01811972867, 0.045703011533, 0.035184017133, 0.01715542549],
      [26.6580134682, 20.2492333237, 16.845125284, 19.4380534768, 17.8420669648, 19.8041222743, 15.407784878, 23.2932307687, 21.5600547693, 21.7791560885, 14.4833436114, 21.954343013, 8.3509940361, 3.4180170337, 1.4305754313, 4.3488534983, 9.6807249598, 3.0550000096, 3.0357550088, 5.9539749795, 3.5853226591, 2.8569537975, 2.7101193096, 3.4819603192, 4.16081552, 2.5581468612, 3.043855641, 5.4812030433, 5.0037989762, 6.5780826984, 4.6821507378, 2.9021508896, 3.4100708681, 4.104348817, 4.9504692968, 7.1180313534, 2.0980712813, 3.0451563193, 3.2129485145, 1.9696076888, 3.169228736, 3.4392212297, 2.8974781208, 3.5656089929, 4.3860703362, 5.2823702807, 4.3522688362, 7.4698002122, 4.0815035782, 3.9206126023],
      [0.90641246388, 0.85024139454, 1.2592409226, 1.8038644376, 0.45109530981, 0.56407866965, 0.86330781529, 0.79693673921, 1.3545630994, 1.5441692877, 0.98443661689, 0.22521325048, 0.74895709252, 0.10436564531, 0.11550632305, 0.29356015671, 0.43946759861, 0.21659358051, 0.12156339415, 0.16402768098, 0.23655082869, 0.32736794231, 0.1773103781, 0.19405695678, 0.15890827451, 0.10755836492, 0.29859091032, 0.62070894793, 0.11089467934, 0.43068506842, 0.28306213498, 0.26884912528, 0.11214636986, 0.19449439017, 0.20515960774, 0.44116800387, 0.15160404437, 0.1380218731, 0.25600939037, 0.11566816913, 0.15291807232, 0.23602213253, 0.14716421834, 0.18064201154, 0.31770990275, 0.2521742373, 0.18413459814, 0.64521595139, 0.254831554, 0.18960938363],
      [0, 0.076000546842, 0.068608779502, 0.0451083038, 0, 0, 0.27270078512, 0, 0, 0.60312013505, 0.84619677158, 0, 0.80850216094, 0.061758983079, 0.046795839051, 0.13025402233, 0.026797081576, 0.034171639218, 0.08004279311, 0.18207103907, 0.067226197389, 0.067076912519, 0.14616854796, 0.18269470687, 0.11240027967, 0.076459167762, 0.093149456687, 0.075119710452, 0.093322752433, 0.2457947845, 0.13429994178, 0.13681942393, 0.049173809459, 0.078256309768, 0.058248930262, 0.12866885058, 0.086762330014, 0.024474881868, 0.035788166881, 0.039727187258, 0.015986653328, 0.1272915079, 0.031777065351, 0.098687321266, 0.13243580061, 0.13877082239, 0.17147063347, 0.17496623061, 0.10198517564, 0.15114845348],
      [0.14080686367, 0.07392828663, 0.18961438365, 0.11315586509, 0, 0, 0.15121366464, 0.071561232469, 0, 0.50798510218, 0.12547466199, 0, 0.39130028715, 0.023548496055, 0.024329473838, 0.046102709585, 0.037854294678, 0.026796549966, 0.031613293149, 0.043038282772, 0.029798436507, 0.05445657496, 0.099201037312, 0.063271878434, 0.053149941758, 0.033378682388, 0.0201420753, 0.10082530016, 0.01200706295, 0.064352805848, 0.10975976558, 0.035657992771, 0.028702795111, 0.052525488129, 0.0373243281, 0.04137210898, 0.012313853782, 0.012808637048, 0.05476326592, 0.051361581192, 0.02036941933, 0.052728823914, 0.012485546372, 0.045245858578, 0.05238945806, 0.047035236733, 0.040215913856, 0.062795689395, 0.056161372638, 0.042010196191],
      [1.8884527073, 2.4319835929, 1.8842613228, 2.0194497179, 1.272906808, 0.56902490951, 1.6839621815, 1.7355474025, 1.3221219713, 3.1396944751, 2.3366377374, 0.92461693595, 1.5245774287, 0.18276111777, 0.20281406721, 0.64297758152, 0.43116370592, 0.25641237684, 0.34380254866, 0.48284704921, 0.36041018437, 0.33441718311, 0.6010998241, 0.46429726024, 0.46848370357, 0.23672820456, 0.40733543223, 0.41954819281, 0.36092201743, 0.57687885353, 0.42087558315, 0.49177134201, 0.45002328457, 0.41946727324, 0.30489893544, 0.70494637321, 0.22109099656, 0.37374076039, 0.38279808023, 0.11450984008, 0.27635125648, 0.43172009599, 0.19692421185, 0.56826675156, 0.48936953303, 0.3390791924, 0.52436174064, 0.57067642821, 0.54864535689, 0.41463256186],
