{
  "X": [
    [6, 5, 21, 32, 2],
    [2, 14, 11, 26, 0],
    [8, 10, 51, 98, 3],
    [22, 16, 57, 74, 4],
    [6, 10, 12, 27, 3],
    [12, 42, 48, 74, 1],
    [12, 13, 46, 95, 6],
    [27, 35, 104, 131, 4],
    [37, 28, 155, 152, 12],
    [13, 19, 32, 67, 2],
    [13, 16, 65, 79, 2],
    [9, 10, 30, 51, 1],
    [4, 10, 30, 55, 5],
    [10, 10, 68, 88, 3],
    [13, 12, 24, 39, 3],
    [7, 19, 13, 36, 1],
    [19, 26, 83, 111, 4],
    [6, 5, 10, 23, 1],
    [0, 4, 1, 7, 1],
    [4, 7, 15, 42, 5],
    [2, 1, 5, 12, 2],
    [5, 3, 9, 27, 4],
    [22, 52, 77, 100, 9],
    [15, 28, 29, 32, 2],
    [12, 9, 27, 66, 0],
    [5, 16, 27, 28, 0],
    [16, 25, 37, 65, 3],
    [13, 22, 26, 61, 7],
    [19, 25, 47, 115, 6],
    [11, 1, 7, 11, 4],
    [2, 3, 6, 7, 0],
    [1, 10, 18, 36, 1],
    [2, 10, 4, 3, 2],
    [4, 0, 0, 3, 0],
    [0, 4, 0, 3, 0],
    [6, 6, 2, 13, 0],
    [3, 8, 3, 13, 1],
    [2, 3, 1, 5, 0],
    [7, 17, 27, 50, 3],
    [4, 2, 5, 12, 2],
    [7, 9, 10, 24, 0],
    [11, 17, 21, 38, 3],
    [6, 19, 13, 62, 5],
    [5, 12, 23, 37, 3],
    [10, 12, 14, 39, 1],
    [3, 8, 6, 29, 3],
    [9, 7, 2, 10, 4],
    [5, 10, 4, 24, 2],
    [2, 1, 1, 5, 1],
    [2, 1, 0, 6, 0],
    [1, 0, 2, 6, 0],
    [2, 2, 0, 2, 1],
    [4, 6, 14, 28, 2],
    [3, 7, 9, 24, 0],
    [5, 12, 2, 30, 1],
    [2, 13, 8, 14, 4],
    [1, 1, 2, 5, 0],
    [0, 1, 2, 7, 1],
    [4, 24, 18, 47, 2],
    [16, 18, 47, 80, 8],
    [6, 13, 23, 59, 6],
    [4, 6, 6, 13, 1],
    [8, 17, 35, 82, 3],
    [3, 3, 6, 7, 0],
    [1, 2, 1, 7, 0],
    [1, 8, 8, 16, 1],
    [3, 3, 8, 26, 0],
    [6, 12, 5, 29, 0],
    [9, 7, 15, 22, 1],
    [5, 4, 0, 7, 4],
    [7, 18, 14, 34, 3],
    [1, 2, 7, 15, 1],
    [2, 6, 14, 27, 1],
    [5, 9, 8, 15, 2],
    [11, 22, 31, 58, 0],
    [0, 3, 2, 3, 1],
    [3, 11, 13, 38, 0],
    [0, 3, 0, 2, 1],
    [1, 4, 2, 5, 0],
    [0, 5, 1, 5, 1],
    [7, 2, 7, 26, 5],
    [9, 20, 14, 30, 6],
    [6, 16, 22, 43, 4],
    [4, 13, 8, 26, 4],
    [8, 2, 4, 19, 1],
    [5, 7, 5, 24, 2],
    [4, 7, 8, 12, 2],
    [3, 9, 12, 32, 6],
    [0, 3, 0, 4, 0],
    [1, 2, 0, 8, 0],
    [26, 27, 34, 105, 5],
    [30, 60, 53, 158, 21],
    [1, 4, 2, 11, 2],
    [5, 4, 3, 9, 1],
    [3, 5, 4, 22, 2],
    [1, 2, 3, 3, 2],
    [2, 6, 0, 7, 0],
    [3, 4, 3, 7, 0],
    [9, 7, 14, 20, 1],
    [5, 5, 13, 24, 4],
    [2, 8, 13, 17, 0],
    [4, 9, 32, 38, 4],
    [1, 5, 2, 3, 1],
    [2, 8, 10, 24, 1],
    [2, 5, 8, 6, 1],
    [4, 7, 4, 8, 1],
    [16, 16, 29, 51, 1],
    [2, 12, 11, 29, 1],
    [4, 12, 2, 14, 4],
    [4, 7, 5, 15, 1],
    [8, 6, 15, 35, 1],
    [1, 3, 1, 7, 0],
    [9, 1, 10, 8, 0],
    [3, 9, 5, 22, 5],
    [4, 7, 2, 10, 0],
    [7, 14, 10, 24, 2],
    [1, 4, 7, 22, 0],
    [0, 4, 2, 5, 1],
    [3, 6, 9, 6, 0],
    [7, 27, 11, 44, 10],
    [5, 6, 1, 13, 0],
    [4, 4, 6, 22, 1],
    [4, 5, 4, 6, 3],
    [17, 17, 30, 59, 4],
    [7, 21, 34, 39, 2],
    [23, 23, 59, 79, 9],
    [11, 11, 16, 34, 3],
    [9, 27, 10, 48, 4],
    [2, 2, 0, 3, 0],
    [18, 50, 76, 148, 8],
    [11, 25, 45, 56, 3],
    [17, 29, 59, 58, 6],
    [22, 38, 63, 128, 4],
    [12, 19, 23, 38, 6],
    [12, 15, 4, 34, 5],
    [5, 14, 9, 27, 2],
    [3, 4, 7, 4, 1],
    [10, 10, 6, 25, 1],
    [0, 3, 2, 4, 0],
    [2, 5, 9, 13, 2],
    [0, 5, 1, 1, 0],
    [0, 6, 3, 4, 1],
    [7, 10, 20, 33, 1],
    [4, 13, 16, 40, 3],
    [25, 35, 26, 78, 2],
    [8, 18, 20, 47, 3],
    [1, 0, 0, 5, 0],
    [7, 15, 27, 29, 2],
    [20, 23, 41, 97, 12],
    [8, 19, 26, 30, 6],
    [5, 8, 12, 29, 3],
    [7, 14, 14, 25, 3],
    [0, 1, 4, 5, 1],
    [4, 6, 5, 13, 2],
    [6, 8, 9, 15, 1],
    [6, 9, 11, 29, 2],
    [1, 5, 0, 6, 1],
    [0, 9, 2, 14, 0],
    [7, 16, 25, 61, 2],
    [12, 25, 46, 74, 8],
    [6, 4, 2, 7, 0],
    [2, 2, 0, 1, 1],
    [2, 0, 9, 4, 5],
    [1, 0, 2, 5, 1],
    [11, 9, 8, 14, 0],
    [1, 18, 6, 10, 2],
    [6, 10, 5, 12, 2],
    [5, 13, 1, 11, 0],
    [2, 3, 2, 6, 0],
    [11, 1, 6, 26, 3],
    [6, 5, 3, 7, 2],
    [17, 14, 12, 44, 5],
    [20, 9, 6, 31, 5],
    [4, 4, 1, 9, 1],
    [5, 14, 0, 11, 2],
    [7, 12, 6, 27, 3],
    [0, 9, 0, 1, 1],
    [6, 21, 2, 19, 0],
    [3, 5, 0, 3, 1],
    [10, 21, 1, 24, 3],
    [2, 6, 4, 8, 0],
    [5, 19, 4, 16, 2],
    [2, 8, 1, 4, 1],
    [0, 6, 0, 1, 0],
    [0, 7, 0, 7, 1],
    [12, 45, 5, 48, 1],
    [5, 42, 16, 47, 1],
    [4, 16, 9, 15, 4],
    [2, 20, 0, 12, 0],
    [13, 39, 7, 27, 3],
    [2, 7, 4, 8, 2],
    [4, 1, 0, 10, 1],
    [0, 1, 2, 2, 1],
    [1, 5, 2, 8, 1],
    [2, 9, 2, 17, 3],
    [4, 21, 0, 3, 0],
    [1, 3, 2, 3, 1],
    [22, 16, 3, 16, 3],
    [10, 8, 5, 21, 3],
    [6, 14, 7, 16, 1],
    [4, 6, 6, 38, 4],
    [5, 9, 10, 29, 1],
    [8, 8, 9, 24, 3],
    [10, 11, 7, 25, 3],
    [6, 16, 5, 46, 3],
    [13, 36, 11, 46, 11],
    [467, 959, 1370, 2501, 221],
    [96, 157, 312, 383, 24],
    [172, 309, 367, 636, 46],
    [18, 28, 40, 57, 14]
  ],
  "W": [
    [5, 6, 35, 3, 3, 12, 2],
    [7, 1, 23, 6, 6, 9, 1],
    [21, 17, 87, 12, 1, 26, 6],
    [28, 15, 90, 14, 6, 16, 4],
    [4, 6, 31, 5, 4, 6, 2],
    [38, 17, 48, 22, 13, 29, 10],
    [26, 10, 64, 16, 7, 43, 6],
    [37, 21, 137, 29, 14, 49, 14],
    [36, 46, 221, 28, 7, 41, 5],
    [16, 11, 61, 14, 7, 24, 0],
    [20, 14, 93, 7, 10, 24, 7],
    [12, 14, 40, 14, 5, 14, 2],
    [2, 4, 62, 7, 7, 21, 1],
    [12, 24, 109, 14, 1, 17, 2],
    [14, 15, 39, 7, 3, 13, 0],
    [8, 4, 38, 19, 2, 5, 0],
    [46, 31, 104, 36, 5, 16, 5],
    [3, 8, 15, 2, 5, 12, 0],
    [0, 0, 6, 0, 5, 1, 1],
    [7, 3, 42, 5, 1, 14, 1],
    [0, 0, 11, 2, 5, 3, 1],
    [6, 2, 22, 2, 4, 11, 1],
    [29, 31, 90, 46, 11, 41, 12],
    [14, 11, 36, 25, 6, 10, 4],
    [11, 11, 56, 11, 4, 20, 1],
    [7, 6, 27, 17, 4, 14, 1],
    [21, 14, 56, 19, 4, 26, 6],
    [12, 4, 61, 19, 7, 19, 7],
    [14, 14, 114, 20, 10, 33, 7],
    [9, 2, 13, 1, 4, 4, 1],
    [4, 2, 5, 6, 0, 0, 1],
    [2, 6, 36, 15, 0, 7, 0],
    [2, 1, 8, 3, 4, 2, 1],
    [0, 0, 6, 0, 1, 0, 0],
    [1, 0, 2, 4, 0, 0, 0],
    [2, 0, 12, 2, 7, 4, 0],
    [6, 1, 9, 5, 3, 3, 1],
    [4, 1, 2, 1, 0, 3, 0],
    [7, 10, 61, 10, 5, 8, 3],
    [1, 3, 13, 2, 0, 5, 1],
    [3, 2, 27, 3, 2, 11, 2],
    [14, 7, 38, 8, 7, 14, 2],
    [6, 4, 46, 15, 7, 22, 5],
    [12, 7, 31, 9, 7, 11, 3],
    [10, 3, 29, 13, 8, 10, 3],
    [1, 4, 25, 3, 3, 10, 3],
    [5, 0, 8, 7, 7, 5, 0],
    [5, 1, 22, 5, 6, 3, 3],
    [3, 1, 3, 1, 0, 2, 0],
    [5, 1, 1, 0, 1, 0, 1],
    [1, 1, 5, 1, 0, 1, 0],
    [0, 0, 3, 1, 2, 1, 0],
    [4, 7, 25, 8, 4, 4, 2],
    [1, 4, 20, 3, 6, 6, 3],
    [6, 1, 22, 5, 5, 6, 5],
    [3, 3, 20, 4, 4, 6, 1],
    [2, 1, 4, 1, 1, 0, 0],
    [0, 0, 7, 2, 1, 0, 1],
    [5, 8, 49, 17, 3, 12, 1],
    [9, 21, 100, 14, 5, 11, 9],
    [6, 7, 71, 13, 1, 5, 4],
    [4, 2, 9, 6, 4, 5, 0],
    [8, 19, 89, 13, 3, 9, 4],
    [3, 4, 6, 2, 2, 2, 0],
    [2, 0, 4, 4, 1, 0, 0],
    [1, 5, 16, 6, 1, 4, 1],
    [4, 0, 20, 7, 0, 9, 0],
    [5, 1, 26, 4, 4, 8, 4],
    [7, 4, 27, 6, 3, 5, 2],
    [3, 0, 8, 2, 2, 2, 3],
    [9, 6, 25, 17, 4, 12, 3],
    [3, 5, 11, 1, 0, 6, 0],
    [6, 4, 31, 4, 1, 3, 1],
    [5, 0, 21, 6, 3, 3, 1],
    [13, 14, 62, 19, 2, 10, 2],
    [0, 0, 2, 5, 1, 1, 0],
    [7, 1, 41, 5, 2, 7, 2],
    [1, 0, 0, 0, 3, 1, 1],
    [0, 1, 6, 0, 2, 2, 1],
    [0, 1, 5, 0, 4, 1, 1],
    [5, 2, 29, 2, 3, 2, 4],
    [9, 2, 42, 12, 5, 6, 3],
    [10, 6, 48, 4, 10, 5, 8],
    [6, 10, 15, 9, 7, 6, 2],
    [3, 4, 18, 3, 0, 5, 1],
    [4, 2, 22, 6, 5, 1, 3],
    [6, 2, 10, 5, 4, 6, 0],
    [4, 8, 32, 1, 4, 11, 2],
    [0, 1, 2, 0, 0, 3, 1],
    [1, 0, 4, 3, 0, 3, 0],
    [25, 13, 114, 22, 3, 12, 8],
    [17, 23, 176, 49, 12, 27, 18],
    [2, 0, 9, 4, 2, 3, 0],
    [2, 4, 5, 1, 6, 4, 0],
    [4, 2, 15, 2, 3, 8, 2],
    [0, 0, 4, 1, 1, 3, 2],
    [0, 0, 6, 3, 3, 1, 2],
    [1, 0, 6, 1, 3, 4, 2],
    [4, 5, 22, 6, 3, 9, 2],
    [1, 2, 35, 4, 1, 5, 3],
    [7, 6, 19, 1, 3, 3, 1],
    [6, 11, 53, 3, 5, 7, 2],
    [1, 1, 4, 2, 1, 3, 0],
    [4, 4, 22, 3, 5, 6, 1],
    [1, 3, 7, 2, 6, 2, 1],
    [6, 0, 6, 5, 2, 5, 0],
    [9, 11, 49, 14, 10, 17, 3],
    [4, 7, 24, 11, 2, 7, 0],
    [3, 0, 11, 6, 6, 9, 1],
    [1, 3, 13, 5, 5, 5, 0],
    [5, 1, 37, 5, 4, 8, 5],
    [0, 0, 6, 4, 0, 2, 0],
    [7, 2, 12, 1, 1, 4, 1],
    [4, 3, 16, 3, 5, 12, 1],
    [1, 1, 9, 4, 1, 7, 0],
    [5, 8, 25, 5, 2, 11, 1],
    [2, 2, 21, 4, 1, 2, 2],
    [1, 0, 5, 1, 2, 1, 2],
    [2, 2, 8, 4, 3, 3, 2],
    [10, 1, 42, 14, 16, 12, 4],
    [3, 0, 9, 1, 6, 4, 2],
    [3, 4, 15, 4, 4, 4, 3],
    [4, 0, 10, 2, 2, 2, 2],
    [19, 8, 69, 13, 6, 9, 3],
    [8, 12, 45, 17, 2, 12, 7],
    [15, 25, 114, 22, 3, 8, 6],
    [4, 9, 41, 7, 5, 6, 3],
    [7, 7, 37, 21, 13, 10, 3],
    [2, 0, 4, 1, 0, 0, 0],
    [24, 39, 161, 43, 4, 25, 4],
    [17, 12, 73, 18, 3, 13, 4],
    [9, 29, 89, 21, 4, 12, 5],
    [16, 22, 148, 32, 2, 22, 13],
    [6, 13, 39, 16, 10, 11, 3],
    [15, 4, 24, 11, 6, 9, 1],
    [8, 5, 25, 8, 3, 6, 2],
    [0, 6, 7, 4, 0, 1, 1],
    [17, 2, 10, 9, 6, 5, 3],
    [0, 2, 4, 1, 1, 1, 0],
    [4, 7, 10, 0, 6, 3, 1],
    [1, 0, 1, 3, 1, 1, 0],
    [0, 1, 4, 2, 4, 2, 1],
    [5, 15, 28, 3, 4, 13, 3],
    [4, 5, 40, 9, 3, 13, 2],
    [26, 15, 83, 19, 5, 15, 3],
    [5, 11, 38, 20, 6, 15, 1],
    [1, 0, 3, 0, 2, 0, 0],
    [8, 8, 40, 6, 6, 8, 4],
    [19, 18, 101, 19, 6, 21, 9],
    [7, 7, 36, 14, 7, 16, 2],
    [7, 3, 26, 8, 2, 5, 6],
    [8, 9, 24, 13, 0, 6, 3],
    [0, 4, 4, 0, 1, 2, 0],
    [5, 0, 12, 5, 0, 6, 2],
    [4, 3, 16, 3, 5, 6, 2],
    [7, 6, 29, 7, 0, 7, 1],
    [2, 0, 7, 1, 1, 2, 0],
    [1, 0, 6, 9, 2, 5, 2],
    [14, 11, 65, 7, 3, 9, 2],
    [9, 16, 93, 18, 8, 13, 8],
    [4, 1, 11, 2, 0, 1, 0],
    [2, 1, 0, 1, 0, 2, 0],
    [3, 3, 5, 0, 9, 0, 0],
    [2, 0, 5, 0, 1, 1, 0],
    [11, 6, 13, 8, 1, 2, 1],
    [5, 4, 10, 8, 2, 8, 0],
    [5, 1, 12, 3, 6, 8, 0],
    [1, 1, 18, 4, 1, 4, 1],
    [1, 0, 7, 3, 2, 0, 0],
    [2, 2, 25, 4, 3, 9, 2],
    [4, 1, 10, 3, 2, 2, 1],
    [10, 4, 58, 5, 4, 7, 4],
    [9, 2, 36, 4, 6, 10, 4],
    [5, 1, 4, 1, 4, 4, 0],
    [3, 1, 7, 8, 4, 6, 3],
    [7, 3, 26, 7, 3, 8, 1],
    [1, 0, 1, 4, 2, 0, 3],
    [9, 0, 21, 5, 6, 3, 4],
    [3, 0, 4, 0, 3, 0, 2],
    [6, 1, 21, 7, 12, 10, 2],
    [1, 2, 7, 5, 0, 4, 1],
    [6, 0, 22, 7, 4, 7, 0],
    [2, 1, 8, 3, 2, 0, 0],
    [1, 0, 1, 3, 0, 2, 0],
    [2, 0, 7, 3, 0, 1, 2],
    [7, 6, 48, 22, 10, 16, 2],
    [7, 9, 54, 21, 2, 9, 9],
    [5, 4, 19, 0, 7, 12, 1],
    [4, 0, 12, 10, 4, 3, 1],
    [10, 8, 30, 15, 10, 13, 3],
    [2, 5, 9, 1, 0, 6, 0],
    [3, 0, 10, 1, 0, 2, 0],
    [0, 1, 2, 1, 1, 0, 1],
    [1, 1, 10, 2, 3, 0, 0],
    [3, 1, 16, 4, 3, 6, 0],
    [2, 0, 3, 14, 4, 4, 1],
    [0, 1, 0, 0, 2, 6, 1],
    [15, 2, 18, 14, 4, 6, 1],
    [6, 3, 16, 5, 3, 9, 5],
    [5, 1, 19, 8, 4, 6, 1],
    [4, 0, 34, 1, 4, 11, 4],
    [8, 5, 22, 3, 7, 8, 1],
    [7, 2, 28, 5, 4, 5, 1],
    [13, 2, 20, 8, 5, 8, 0],
    [3, 4, 42, 7, 4, 14, 2],
    [14, 5, 34, 8, 25, 19, 12],
    [505, 634, 2653, 703, 236, 571, 216],
    [108, 157, 453, 114, 34, 56, 50],
    [176, 148, 708, 199, 78, 150, 71],
    [23, 35, 62, 16, 10, 8, 3]
  ],
  "method": "mvn_cdf",
  "mvncdf_method": "genz",
  "mvncdf_samples": 5000,
  "mvncdf_error": 0.001,
  "cond_prob": [
    [
      [0.31948069161, 0.064582089712, 0.32049608766, 0.29236478089, 0.003076350135],
      [0.011680610056, 0.014184182658, 0.8425443225, 0.10961602341, 0.021974861372],
      [0.075830323732, 0.018529772336, 0.31929682388, 0.56136648718, 0.024976592877],
      [0.054066107388, 0.39537964263, 0.19188208638, 0.35561928708, 0.0030528765311],
      [0.19091467768, 0.39396771226, 0.028104962508, 0.2084784958, 0.17853415175],
      [0.068779289282, 0.099322846544, 0.17508644131, 0.64016718051, 0.016644242359],
      [0.059078862216, 0.19176310027, 0.20293317429, 0.4291766946, 0.11704816863]
    ],
    [
      [0.16245916278, 0.18566175824, 0.28297061415, 0.36890846483, 0],
      [0.0049819716658, 0.060086804852, 0.79074167363, 0.14418954985, 0],
      [0, 0.091488456979, 0.27138886997, 0.63712267305, 0],
      [0.0063932829432, 0.63561050245, 0.099401761354, 0.25859445325, 0],
      [0.10006871687, 0.71159609126, 0.020249760719, 0.16808543115, 0],
      [0.017042068022, 0.22803294929, 0.12633309823, 0.62859188445, 0],
      [0.065653277786, 0.40051027102, 0.13161300158, 0.40222344961, 0]
    ],
    [
      [0.20463878591, 0.063879347065, 0.31148548091, 0.41765510922, 0.0023412768989],
      [0.0043479168045, 0.013571539051, 0.8002502266, 0.15983864283, 0.021991674708],
      [0.024313941097, 0.008023721093, 0.27681723683, 0.67421419408, 0.0166309069],
      [0.030172859561, 0.35178862706, 0.16684532669, 0.44884048482, 0.002352701866],
      [0.12314155273, 0.38874934055, 0.02757712009, 0.28762382205, 0.17290816458],
      [0.031857709085, 0.080967011299, 0.14304938852, 0.73187562999, 0.012250261105],
      [0.033306955168, 0.16906644227, 0.17040771705, 0.52547914567, 0.10173973984]
    ],
    [
      [0.35956793279, 0.068680488713, 0.30576992254, 0.26344520831, 0.0025364476438],
      [0.01355613845, 0.017890835015, 0.84149789733, 0.10523019594, 0.021824933264],
      [0.088382826359, 0.030018913819, 0.32540216819, 0.53535788337, 0.020838208266],
      [0.063761759719, 0.4217879097, 0.18825035494, 0.32350518916, 0.0026947864797],
      [0.21494389901, 0.40939122199, 0.02714160183, 0.18446055018, 0.164062727],
      [0.081823769052, 0.11830614312, 0.18210647775, 0.60249024449, 0.015273365588],
      [0.070698274458, 0.21315129736, 0.20443008692, 0.39679796603, 0.11492237524]
    ],
    [
      [0.3929761636, 0.13207067417, 0.17493678238, 0.29492485037, 0.0050915294737],
      [0.019732879982, 0.051100089628, 0.70821448977, 0.16623343102, 0.054719109606],
      [0.093060242696, 0.074096523057, 0.18987004698, 0.59797607098, 0.044997116291],
      [0.049370092507, 0.59861528939, 0.07831089591, 0.26872917821, 0.004974543983],
      [0.15045663021, 0.5133287049, 0.0097615187386, 0.13610715551, 0.19034599065],
      [0.076107378123, 0.19642513675, 0.091436734061, 0.6114654162, 0.024565334871],
      [0.059754644998, 0.32159123188, 0.092886758331, 0.36438740093, 0.16137996386]
    ],
    [
      [0.19356330212, 0.16067711331, 0.30391358989, 0.34184599469, 0],
      [0.01176591171, 0.04418111803, 0.80977860919, 0.13427436107, 0],
      [0.027537924427, 0.083795246689, 0.29159446466, 0.59707236423, 0],
      [0.013355316562, 0.59340033246, 0.12135492888, 0.2718894221, 0],
      [0.12677725654, 0.64376999371, 0.020756257466, 0.17368992221, 0.035006570071],
      [0.030210110997, 0.20978892917, 0.14434422116, 0.61565673867, 0],
      [0.030473912952, 0.36133226685, 0.15628907284, 0.39741328845, 0.054491458908]
    ],
    [
      [0.22965170555, 0.05206700523, 0.32512606894, 0.38757757928, 0.0055776410028],
      [0.0068494634231, 0.011446069277, 0.80934807653, 0.14105046465, 0.031305926124],
      [0.039451785411, 6.7362082339e-05, 0.28965763321, 0.64079347417, 0.03002974513],
      [0.036662038779, 0.3370773572, 0.18372131634, 0.43760441497, 0.004934872714],
      [0.13172421766, 0.34102511681, 0.028069277716, 0.25665798925, 0.24252339857],
      [0.039557393908, 0.0656138575, 0.1560677825, 0.71651197267, 0.022248993417],
      [0.037669445507, 0.15427943212, 0.17803537731, 0.48223409272, 0.14778165234]
    ],
    [
      [0.2711011363, 0.072875641638, 0.38576237213, 0.27026084994, 0],
      [0.0090093084348, 0.015962487346, 0.87322773496, 0.090707055032, 0.011093414229],
      [0.066341504674, 0.035001788323, 0.36664000646, 0.52753128283, 0.0044854177147],
      [0.047314742686, 0.41168384556, 0.22483479313, 0.31616661862, 0],
      [0.17895502195, 0.45785442466, 0.035441683139, 0.20553118029, 0.12221768997],
      [0.062441389691, 0.11830314408, 0.21555420051, 0.596408281, 0.0072929847212],
      [0.053867885691, 0.21624974991, 0.25577003736, 0.39667431537, 0.077438011671]
    ],
    [
      [0.32195051655, 0.064144642274, 0.3776243106, 0.2325363938, 0.003744136774],
      [0.011639833893, 0.013022844343, 0.86561639234, 0.08236752799, 0.027353401433],
      [0.082950971612, 0.026209901242, 0.37949157324, 0.47943151707, 0.031916036834],
      [0.060155220528, 0.39757914197, 0.24071880518, 0.29728694793, 0.0042598843841],
      [0.19387064159, 0.37230469632, 0.033801033642, 0.16299986607, 0.23702376238],
      [0.077802046005, 0.11254276037, 0.23195304583, 0.5541607829, 0.023541364892],
      [0.062171953332, 0.18935036781, 0.24654488512, 0.33995851176, 0.16197428198]
    ],
    [
      [0.32353059074, 0.10179430582, 0.2393816762, 0.33439681407, 0.00089661317024],
      [0.013859441926, 0.032748760548, 0.77541849455, 0.15720594543, 0.020767357539],
      [0.07125732902, 0.051531184154, 0.2441332209, 0.6214117585, 0.011666507425],
      [0.046852494553, 0.49306581289, 0.12033623189, 0.33882362072, 0.000921839942],
      [0.16490857389, 0.49897361287, 0.018761680408, 0.20182299963, 0.11553313321],
      [0.063086028158, 0.14466315987, 0.12217184403, 0.66074902579, 0.0093299421582],
      [0.055840044746, 0.2684150622, 0.13915048394, 0.45248201021, 0.084112398896]
    ],
    [
      [0.23362055008, 0.070781051423, 0.41277928471, 0.28281911378, 0],
      [0.0068584466856, 0.014281149237, 0.87907165608, 0.090669877435, 0.0091188705644],
      [0.051973399893, 0.030505026306, 0.37717365194, 0.53971580557, 0.00063211628942],
      [0.039066370175, 0.398277871, 0.23999278366, 0.32193549043, 0.00072748474063],
      [0.15904789303, 0.46307975107, 0.038904662489, 0.22264864997, 0.11631904345],
      [0.050714368461, 0.11147979324, 0.22576728678, 0.60565051184, 0.0063880396724],
      [0.04527945573, 0.20760254148, 0.26755007097, 0.40928890077, 0.070279031057]
    ],
    [
      [0.29747526861, 0.060128345871, 0.27513367398, 0.36726271155, 0],
      [0.013645218948, 0.012311930442, 0.80472878259, 0.157348756, 0.01196531202],
      [0.06696340642, 0.012581776184, 0.26917013205, 0.6496617717, 0.0016229136434],
      [0.049746261165, 0.36057887452, 0.16059880362, 0.4290760607, 0],
      [0.1884406534, 0.39907462129, 0.027227312275, 0.27376071625, 0.11149669679],
      [0.058068164208, 0.0852166428, 0.13879674919, 0.71276340556, 0.0051550382492],
      [0.054561116217, 0.18315571355, 0.16885668667, 0.52446895029, 0.068957533278]
    ],
    [
      [0.2071095598, 0.079680978599, 0.37529462806, 0.33378928511, 0.0041255484316],
      [0.0051947280364, 0.016999742068, 0.83705860622, 0.10836732053, 0.032379603142],
      [0.029538734881, 0.027389265966, 0.3278602198, 0.57867837965, 0.036533399696],
      [0.030298653317, 0.40873081375, 0.19691654424, 0.35933753582, 0.004716452869],
      [0.10601143314, 0.39469306276, 0.02765298224, 0.20522440391, 0.26641811795],
      [0.035568502181, 0.10763044938, 0.18114178911, 0.65051125154, 0.025148007784],
      [0.03249125467, 0.19029801213, 0.19787843444, 0.40822274855, 0.17110955021]
    ],
    [
      [0.24610357858, 0.063832564646, 0.36491686897, 0.3229812576, 0.0021657302093],
      [0.0071718328195, 0.011339830806, 0.84772199276, 0.11474188562, 0.019024457998],
      [0.047973973479, 0.013886905683, 0.33586563598, 0.58523794541, 0.017035539445],
      [0.040954193792, 0.36487736741, 0.21187753955, 0.37990586976, 0.0023850294978],
      [0.15528928945, 0.39363887213, 0.034589753544, 0.23792060291, 0.17856148197],
      [0.048707144818, 0.093541297014, 0.18959242542, 0.65455970476, 0.01359942799],
      [0.044400247853, 0.17802825018, 0.22118444271, 0.44768292164, 0.10870413763]
    ],
    [
      [0.4464501956, 0.10352518047, 0.18025830989, 0.26420318083, 0.0055631332221],
      [0.021053565952, 0.041891820706, 0.73731700316, 0.15412132536, 0.045616284823],
      [0.10532324462, 0.064401611908, 0.21363045589, 0.58074984127, 0.035894846309],
      [0.066553306046, 0.54398189606, 0.096992053191, 0.28821569271, 0.0042570519922],
      [0.20471450144, 0.46346202983, 0.01256691889, 0.14565676908, 0.17359978077],
      [0.095866968116, 0.1701806105, 0.10526120812, 0.6065855094, 0.022105703864],
      [0.079885447669, 0.28662849001, 0.11113789068, 0.37768900719, 0.14465916445]
    ],
    [
      [0.33340778084, 0.16013263519, 0.17672119381, 0.32780262345, 0.0019357667184],
      [0.016767757776, 0.062372836063, 0.70847499972, 0.18661782275, 0.025766583688],
      [0.077468773101, 0.085093862897, 0.18391078447, 0.63721402076, 0.016312558769],
      [0.039992664243, 0.62649684861, 0.069189851497, 0.26257698308, 0.0017436525762],
      [0.12960434642, 0.61790265204, 0.010432840842, 0.15329403856, 0.088766122136],
      [0.060556806178, 0.21932707132, 0.085649556134, 0.62428483536, 0.010181731013],
      [0.050689589963, 0.38231413755, 0.092888482553, 0.39908672431, 0.075021065622]
    ],
    [
      [0.24203130877, 0.073546174494, 0.33222810085, 0.35046365834, 0.0017307575477],
      [0.0069404822062, 0.016458244787, 0.82671341488, 0.12975111599, 0.020136742139],
      [0.044804373085, 0.027402400523, 0.30610143157, 0.60549993639, 0.016191858434],
      [0.037060912211, 0.3995360316, 0.17996103028, 0.38154028927, 0.0019017366419],
      [0.14225398196, 0.42860194027, 0.029144512128, 0.23613413626, 0.16386542938],
      [0.045963527489, 0.1076353805, 0.16636863382, 0.66712512722, 0.012907330964],
      [0.042174171656, 0.2016695607, 0.19372496501, 0.45885412105, 0.10357718158]
    ],
    [
      [0.47589344526, 0.066258146295, 0.14591441373, 0.31062547334, 0.0013085213724],
      [0.027668717529, 0.027904246802, 0.71368774969, 0.20794515572, 0.022794130257],
      [0.11003349501, 0.03423907903, 0.17154482476, 0.67153641172, 0.01264618949],
      [0.079962393782, 0.42557557259, 0.09260757752, 0.40026251286, 0.0015919432482],
      [0.27197956769, 0.39405115308, 0.013924795267, 0.21702996757, 0.1030145164],
      [0.098387072742, 0.10358320756, 0.085395271544, 0.7038201079, 0.0088143402508],
      [0.092138583451, 0.21687255836, 0.10271325336, 0.51166611415, 0.076609490683]
    ],
    [
      [0.12108440683, 0.16440273468, 0.15932902647, 0.55289111538, 0.0022927166378],
      [0.0048095032567, 0.048297731484, 0.67678482004, 0.24385375944, 0.026254185776],
      [0, 0.042300997605, 0.12980190676, 0.78630142719, 0.041595668452],
      [0.01154104908, 0.59291480256, 0.047310972493, 0.34678109578, 0.0014520800862],
      [0, 0.65043824193, 0.020601518992, 0.19811076442, 0.13084947466],
      [0, 0.1628822591, 0.053765076886, 0.76975331798, 0.013599346031],
      [0, 0.33112054564, 0.064415887622, 0.52188429677, 0.082579269963]
    ],
    [
      [0.24377985625, 0.10077384824, 0.24521637593, 0.4010974606, 0.0091324589899],
      [0.0079726542951, 0.027625981314, 0.68363530381, 0.16065950413, 0.12010655644],
      [0.0355826587, 0.041049483958, 0.215416075, 0.63905034965, 0.068901432699],
      [0.031532209788, 0.46611719373, 0.11476906788, 0.37904517559, 0.0085363530214],
      [0.070636883686, 0.28508376736, 0.010920107493, 0.13784742203, 0.49551181943],
      [0.037191387313, 0.12179649913, 0.10794908953, 0.67853332687, 0.054529697156],
      [0.02617402299, 0.16680606833, 0.08905160683, 0.33768470219, 0.38028359965]
    ],
    [
      [0.25466895162, 0.034119490341, 0.3526046961, 0.3561624291, 0.0024444328376],
      [0.0060282582193, 0.0070294584344, 0.86239406465, 0.10611825747, 0.01842996122],
      [0.010044784604, 0, 0.32772044942, 0.6194188935, 0.042815872479],
      [0.049938436034, 0.2144194219, 0.23293739661, 0.49510299951, 0.0076017459536],
      [0.31826857677, 0.080303569715, 0.039138326968, 0.29846535629, 0.26382417025],
      [0.050859885958, 0.027105991443, 0.17338911754, 0.72771753907, 0.020927465987],
      [0.045707955549, 0.088325333307, 0.2133412757, 0.52070677386, 0.13191866159]
    ],
    [
      [0.33266592639, 0.055966280291, 0.22184609924, 0.38155225117, 0.0079694429028],
      [0.013573329844, 0.017211989006, 0.71278963151, 0.17176398174, 0.084661067898],
      [0.072844713564, 0.00034053174625, 0.21079664922, 0.65720031735, 0.058817788119],
      [0.053619596396, 0.36462496519, 0.12704890393, 0.44655091167, 0.0081556228156],
      [0.13192129841, 0.24547595707, 0.014791034693, 0.18067809244, 0.4271336174],
      [0.063125297019, 0.070559163733, 0.10816060405, 0.71622882243, 0.041926112765],
      [0.044971429933, 0.13498208212, 0.10278926742, 0.414420308, 0.30283691252]
    ],
    [
      [0.30363338586, 0.11925834352, 0.30053894665, 0.272350326, 0.0042189979721],
      [0.011158156987, 0.032771280563, 0.81403403554, 0.10799366969, 0.034042857214],
      [0.068422580109, 0.065871763803, 0.30833178687, 0.52562663369, 0.031747235524],
      [0.042915652911, 0.54529318976, 0.14171141273, 0.2656076989, 0.0044720457006],
      [0.13783909654, 0.50749798862, 0.019639402016, 0.14571319513, 0.18931031769],
      [0.063389506549, 0.18107617372, 0.16036991395, 0.57279319977, 0.02237120601],
      [0.05011473912, 0.29225432263, 0.16579414558, 0.34519327227, 0.1466435204]
    ],
    [
      [0.44595912039, 0.12528416433, 0.23691758961, 0.19048013979, 0.0013589858812],
      [0.018667289593, 0.043769942468, 0.8220089436, 0.09457433139, 0.020979492953],
      [0.11883216962, 0.088352952732, 0.31331638875, 0.46195177571, 0.017546713181],
      [0.063280593536, 0.61670162803, 0.12296685386, 0.19598064397, 0.0010702805983],
      [0.20969478481, 0.56443903338, 0.0173993773, 0.10765263447, 0.10081417004],
      [0.10873491828, 0.22963095351, 0.15559558956, 0.49331535416, 0.01272318449],
      [0.086435323145, 0.37084039939, 0.15678546622, 0.2960277561, 0.08991105515]
    ],
    [
      [0.35877967887, 0.059610813553, 0.21139206467, 0.37021744292, 0],
      [0.028562838645, 0.019024777149, 0.75805900621, 0.19435337799, 0],
      [0.076103408664, 0.013320103408, 0.22289058186, 0.68768590607, 0],
      [0.060721202599, 0.36238226704, 0.1281027607, 0.44879376966, 0],
      [0.31146980586, 0.38797245288, 0.021202790573, 0.27935495069, 0],
      [0.072082977817, 0.083277022095, 0.11120357896, 0.73343642113, 0],
      [0.12196941384, 0.18544752057, 0.13615252717, 0.55643053842, 0]
    ],
    [
      [0.21726433064, 0.099630846675, 0.44413708504, 0.23896773765, 0],
      [0.010566117943, 0.022052496489, 0.89470062497, 0.072680760594, 0],
      [0.047186008573, 0.066860450465, 0.4162727408, 0.46968080016, 0],
      [0.02906455632, 0.4971081275, 0.20629102064, 0.26753629555, 0],
      [0.21090037211, 0.57969467367, 0.034832060721, 0.1745728935, 0],
      [0.050966787009, 0.16555152473, 0.23914023054, 0.54434145772, 0],
      [0.090496782437, 0.27769872341, 0.28923383206, 0.34257066209, 0]
    ],
    [
      [0.35119606311, 0.11375047635, 0.24039849351, 0.29247242309, 0.0021825439394],
      [0.015156666769, 0.036968598237, 0.78401821608, 0.13817187293, 0.025684645989],
      [0.081127923804, 0.062934516335, 0.25811352732, 0.57855015341, 0.019273879136],
      [0.050049179509, 0.53850232738, 0.11835374321, 0.29105714819, 0.002037601706],
      [0.16746488737, 0.51950331355, 0.017359075395, 0.16601839153, 0.12965433215],
      [0.072382857912, 0.17161521297, 0.12914812462, 0.61329864413, 0.013555160376],
      [0.061129556836, 0.2996322825, 0.1408350698, 0.39749002903, 0.10091306183]
    ],
    [
      [0.35623405629, 0.10447417545, 0.2308825726, 0.30316093457, 0.0052482610817],
      [0.014707822144, 0.033797560451, 0.75055727871, 0.14280552058, 0.058131818112],
      [0.08006775922, 0.053377607343, 0.24148424623, 0.58073484411, 0.044335543103],
      [0.052319859808, 0.51330772678, 0.11767326465, 0.31136100782, 0.0053381409462],
      [0.14916942597, 0.42041550882, 0.014749928879, 0.15069506172, 0.26497007461],
      [0.071368930664, 0.15422147652, 0.12163990658, 0.62213503795, 0.030634648292],
      [0.055421960391, 0.24701745434, 0.12092017696, 0.36781870151, 0.20882170679]
    ],
    [
      [0.34178471815, 0.087259280499, 0.22393376424, 0.34437496674, 0.0026472703779],
      [0.015136340487, 0.029015936695, 0.75479100922, 0.16982625137, 0.031230462224],
      [0.075025311291, 0.038385453839, 0.22811172159, 0.63629938242, 0.02217813086],
      [0.052980184859, 0.45018502995, 0.12078625409, 0.37328511096, 0.0027634201439],
      [0.17728962634, 0.43155779891, 0.017816238705, 0.21080721831, 0.16252911773],
      [0.066706765407, 0.12332968401, 0.11469150238, 0.68004777544, 0.015224272763],
      [0.059485210415, 0.2295781516, 0.13062998047, 0.46395747978, 0.11634917773]
    ],
    [
      [0.6798272091, 0, 0.14960083284, 0.16980147012, 0.00077048793898],
      [0.035409522918, 0.0096205261697, 0.71422118149, 0.11113096605, 0.12961780337],
      [0.16702248467, 0, 0.26025867748, 0.48657602508, 0.086142812773],
      [0.21167522487, 0.33268531579, 0.14047122192, 0.30221738409, 0.012950853332],
      [0.34771595003, 0.071765006262, 0.02261935152, 0.089525606412, 0.46837408577],
      [0.22397071261, 0.066583860339, 0.12983354846, 0.51029816385, 0.069313714742],
      [0.14102189608, 0.09467816547, 0.091504512385, 0.22252404569, 0.45027138037]
    ],
    [
      [0.29743485798, 0.061765442178, 0.32976610639, 0.31103359345, 0],
      [0.018122232653, 0.011830247282, 0.87094446412, 0.099103055944, 0],
      [0.069884772193, 0.026137383504, 0.32045259151, 0.58352525279, 0],
      [0.054738664758, 0.39901793565, 0.18574538915, 0.36049801044, 0],
      [0.18528617545, 0.47665058819, 0.034285198641, 0.24416856004, 0.059609477678],
      [0.05199898055, 0.10204236812, 0.17256303927, 0.66816422421, 0.0052313878509],
      [0.096160253261, 0.20448320532, 0.22231135371, 0.47704518772, 0]
    ],
    [
      [0.16874316307, 0.10662281253, 0.30596510408, 0.41619719094, 0.0024717293881],
      [0.0018877852226, 0.027152667438, 0.79511124443, 0.15398668118, 0.021861621727],
      [0.0082882526437, 0.04763799394, 0.26674535343, 0.65722666134, 0.020101738651],
      [0.012626881689, 0.4670321131, 0.13921131506, 0.37746360745, 0.0036660826984],
      [0.083024515451, 0.50868266935, 0.022299671366, 0.2399098604, 0.14608328343],
      [0.023343806002, 0.12905555599, 0.13234283942, 0.70308165874, 0.01217613985],
      [0.025344348931, 0.24265093093, 0.15307166954, 0.48551683563, 0.093416214977]
    ],
    [
      [0.30613227598, 0.38555728234, 0.18440716315, 0.10603723575, 0.017866042777],
      [0.015746741416, 0.12600991072, 0.72565006571, 0.055116426099, 0.07747685606],
      [0.11244452289, 0.20999875085, 0.29859542177, 0.26516896754, 0.11379233694],
      [0.026940990914, 0.87669282721, 0.04974297877, 0.025773689018, 0.020849514089],
      [0.060821902325, 0.74808626831, 0.02805763362, 0, 0.16303419575],
      [0.058971910643, 0.57409065231, 0.097053966706, 0.22535016021, 0.044533310126],
      [0.030378120166, 0.65228065829, 0.061204829596, 0.08343597458, 0.17270041737]
    ],
    [
      [0.99973036959, 2.8993547025e-05, 4.0351633738e-05, 0.00019852010315, 1.7651234978e-06],
      [0.72982250451, 0.0065397992802, 0.18343863926, 0.068424466972, 0.011774589981],
      [0.51279914185, 0, 0, 0.48720085815, 0],
      [0.92315889501, 0.033152696678, 0.0050152561123, 0.038429728358, 0.00024342384374],
      [0.92320514889, 0, 0, 0.076794851106, 0],
      [0.93926181171, 0.0044762036033, 0.0032606509721, 0.052077909374, 0.00092342434262],
      [0.93459755802, 0.01076145737, 0.0045359847837, 0.039991650784, 0.010113349046]
    ],
    [
      [0, 0.46192436535, 0, 0.53807563465, 0],
      [0.0047068885498, 0.13307398064, 0.53889415999, 0.32026059492, 0.0030643759066],
      [0, 0.14867595206, 0, 0.85132404794, 0],
      [0, 0.81018093263, 0, 0.18981906737, 0],
      [0.1497027777, 0.50819327667, 0.014251819519, 0.14955986739, 0.17829225873],
      [0.0081082599937, 0.31316457824, 0.020037285858, 0.65818337627, 0.0005064996371],
      [0.056980822624, 0.30777077647, 0.11961055653, 0.37048912721, 0.14514871717]
    ],
    [
      [0.61416347669, 0.07717972551, 0.080580157256, 0.22807664054, 0],
      [0.046296510542, 0.049608354468, 0.65833384614, 0.2281026281, 0.017658660746],
      [0.12462358384, 0.081876485687, 0.12148193961, 0.67201799086, 0],
      [0.099020878871, 0.5233735481, 0.05634793743, 0.3212576356, 0],
      [0.363339568, 0.45689432886, 0.0054005174499, 0.17436558569, 0],
      [0.13369282668, 0.15452883064, 0.057639228292, 0.65413911439, 0],
      [0.13817842999, 0.28981659322, 0.07092179367, 0.45353630243, 0.047546880686]
    ],
    [
      [0.29569019133, 0.17434702259, 0.13333309043, 0.3824802328, 0.014149462854],
      [0.015391863054, 0.071941569131, 0.64407398374, 0.23015557539, 0.038437008684],
      [0.06351863764, 0.080538687252, 0.12290598892, 0.69658725707, 0.036449429121],
      [0.032182749732, 0.64655511708, 0.041728126797, 0.26812141199, 0.0114125944],
      [0.098663639898, 0.63043975289, 0.0030105078716, 0.1531238902, 0.11476220914],
      [0.047617388449, 0.21548336268, 0.056106422275, 0.66303290926, 0.017759917332],
      [0.039042416529, 0.38658317795, 0.063782148986, 0.41660025585, 0.093992000687]
    ],
    [
      [0.38694126091, 0.22642596325, 0.054679738917, 0.33195303692, 0],
      [0.03647891639, 0.11979794277, 0.57352533555, 0.27019780529, 0],
      [0.083778217342, 0.12099671929, 0.074669687386, 0.72055537598, 0],
      [0.027311843918, 0.80233551865, 0.012840468029, 0.1575121694, 0],
      [0.073722786842, 0.82475371772, 0.0032749079489, 0.096427264378, 0.0018213231114],
      [0.073629253791, 0.31005641566, 0.015191955328, 0.60112237522, 0],
      [0.037888890162, 0.58438625545, 0.037348657511, 0.33241478868, 0.0079614081983]
    ],
    [
      [0.27980786641, 0.14058779181, 0.2483978186, 0.32824046155, 0.0029660616383],
      [0.010769037791, 0.043158878481, 0.76992610433, 0.14616679495, 0.029979184447],
      [0.057101185755, 0.072682149073, 0.24733434197, 0.59809196818, 0.024790355024],
      [0.033437614697, 0.57932206829, 0.10488183901, 0.27973609617, 0.0026223818345],
      [0.11614339744, 0.56783650753, 0.015670320569, 0.16170271048, 0.13864706399],
      [0.050935278662, 0.19171095042, 0.12039428108, 0.62174786457, 0.015211625266],
      [0.042635620915, 0.32819825171, 0.128078375, 0.39239377664, 0.10869397574]
    ],
    [
      [0.69464505567, 0.039876251208, 0.093433237838, 0.16640109741, 0.0056443578734],
      [0.032043722439, 0.024813954067, 0.67216894692, 0.16132980172, 0.10964357485],
      [0.15261180554, 0.029335021173, 0.16948398331, 0.567918138, 0.080651051978],
      [0.13977357064, 0.42532538435, 0.092222685541, 0.33216881984, 0.010509539628],
      [0.30743923011, 0.21030916304, 0.0074247505433, 0.10156384278, 0.37326301353],
      [0.16427251178, 0.10062857779, 0.085307575937, 0.59866130675, 0.051130027741],
      [0.12436060487, 0.15053295368, 0.075784887531, 0.30902953001, 0.34029202391]
    ],
    [
      [0.48881446352, 0.11899369233, 0.16638844984, 0.22580339431, 0],
      [0.03809683034, 0.052125122004, 0.76500981077, 0.14476823689, 0],
      [0.11915011479, 0.088730438082, 0.23178363417, 0.56033581296, 0],
      [0.065413294657, 0.61521853241, 0.085433477952, 0.23393469498, 0],
      [0.27887686379, 0.57856968833, 0.012781569334, 0.12977187854, 0],
      [0.10948158526, 0.21640033761, 0.10912379231, 0.56499428481, 0],
      [0.14100940002, 0.37992408158, 0.1152158092, 0.3638507092, 0]
    ],
    [
      [0.36093173223, 0.13197416957, 0.22695009103, 0.27542992216, 0.004714085006],
      [0.015723632569, 0.043949992015, 0.77245224781, 0.13413072314, 0.033743404467],
      [0.085216053196, 0.073955989986, 0.25059063869, 0.56027541648, 0.029961901639],
      [0.047045449324, 0.59077952742, 0.1033953855, 0.25529974738, 0.0034798903847],
      [0.15288828304, 0.54703398005, 0.01455963777, 0.13895100741, 0.14656709173],
      [0.073848273573, 0.20068582641, 0.12223637933, 0.58438607266, 0.018843448019],
      [0.059111446717, 0.33465420649, 0.12634943075, 0.35907007659, 0.12081483946]
    ],
    [
      [0.26332709989, 0.12231206616, 0.16838623274, 0.44070103353, 0.0052735676821],
      [0.01227602572, 0.046055990405, 0.64294800118, 0.24055454742, 0.058165435276],
      [0.045637585984, 0.059318458912, 0.1400493495, 0.71573287364, 0.03926173196],
      [0.031484538368, 0.50829520357, 0.070215863958, 0.38370314247, 0.0063012516382],
      [0.10416615999, 0.46499219487, 0.0088349781012, 0.20718732152, 0.21481934552],
      [0.040478769867, 0.14543634651, 0.066902197389, 0.72254262987, 0.024640056359],
      [0.035928042003, 0.25485629812, 0.077737874638, 0.47361343533, 0.15786434991]
    ],
    [
      [0.21128334735, 0.093726292529, 0.33452330595, 0.3549547689, 0.0055122852719],
      [0.0042789433214, 0.02201273215, 0.82321952648, 0.12470146214, 0.025787335907],
      [0.030492737113, 0.041078590331, 0.30019509552, 0.60037300821, 0.02786056883],
      [0.027260731739, 0.45326661669, 0.16294486213, 0.35188629722, 0.0046414922127],
      [0.10791420677, 0.46945597732, 0.024545830741, 0.21394917689, 0.18413480828],
      [0.035329529307, 0.12659239815, 0.1583422833, 0.66182646657, 0.017909322671],
      [0.033333840859, 0.22988376442, 0.1790153305, 0.43711907942, 0.1206479848]
    ],
    [
      [0.37687516075, 0.070392943982, 0.20690724608, 0.34582464918, 0],
      [0.017822144183, 0.025734465627, 0.75818568421, 0.18257566783, 0.015682038153],
      [0.089219980743, 0.030150473789, 0.22071097424, 0.65991857122, 0],
      [0.062169752266, 0.40860703695, 0.12281212293, 0.40641108785, 0],
      [0.22443021411, 0.41916900227, 0.021371322964, 0.24307035783, 0.091959102829],
      [0.077192087449, 0.10405733839, 0.10922324063, 0.70688007515, 0.0026472583794],
      [0.07161105052, 0.21289551369, 0.1319972151, 0.51989339433, 0.06360282637]
    ],
    [
      [0.30360000986, 0.1398942632, 0.13760213123, 0.41392870123, 0.0049748944812],
      [0.016533008153, 0.059133356538, 0.60217841369, 0.25124735221, 0.070907869404],
      [0.063478860705, 0.072683051134, 0.10406557006, 0.70944237368, 0.050330144419],
      [0.034259465431, 0.56980697643, 0.053016189571, 0.33758164087, 0.0053357276944],
      [0.10629977155, 0.50016303176, 0.0046139967433, 0.17501588636, 0.21390731358],
      [0.050109267994, 0.17187990728, 0.049833963776, 0.69954176583, 0.028635095124],
      [0.040175349677, 0.29259564499, 0.060271588585, 0.4372707693, 0.16968664745]
    ],
    [
      [0.72167030939, 0.063232946343, 0.059979695738, 0.1503915644, 0.0047254841231],
      [0.066998038988, 0.042081711604, 0.56463267024, 0.14371852786, 0.1825690513],
      [0.2111925635, 0.071114938116, 0.12165534366, 0.49973043262, 0.096306722111],
      [0.12744464174, 0.52268792882, 0.058554299775, 0.28207551415, 0.0092376155206],
      [0.25239395988, 0.23935589546, 0.0024274228577, 0.10526904084, 0.40055368096],
      [0.20864754674, 0.15612179868, 0.059997342726, 0.50775736642, 0.067475945428],
      [0.14791765563, 0.17805432627, 0.045952892365, 0.20925765531, 0.41881747043]
    ],
    [
      [0.3523105452, 0.13761575361, 0.12049125983, 0.38427421441, 0.0053082269519],
      [0.02015703886, 0.062910665623, 0.61465660223, 0.25863731197, 0.043638381308],
      [0.083075660602, 0.072406879567, 0.099896424829, 0.71157295097, 0.033048084036],
      [0.043328967669, 0.57852263095, 0.047157453075, 0.32616809921, 0.0048228490919],
      [0.13944028409, 0.54494158816, 0.00066000521088, 0.17989258969, 0.13506553285],
      [0.059621319122, 0.17639586361, 0.054119526233, 0.69473201989, 0.015131271151],
      [0.052825067209, 0.32153631379, 0.061019959013, 0.45699820029, 0.1076204597]
    ],
    [
      [0.5045476407, 0.059081607019, 0.059055398196, 0.30829967646, 0.069015677624],
      [0.021342998151, 0.026175599032, 0.53846193807, 0.2323269394, 0.18169252536],
      [0.084090308847, 0.026639073241, 0.063125277121, 0.69127487667, 0.13487046413],
      [0.06403627193, 0.49169986824, 0.0398747247, 0.37569444863, 0.028694686493],
      [0.075549498954, 0.15167880515, 0.003154031981, 0.055662582515, 0.7139550814],
      [0.074353440634, 0.11248124597, 0.027560655642, 0.6966274763, 0.088977181451],
      [0.043874183326, 0.13168705285, 0.047356001976, 0.22577754023, 0.55130522162]
    ],
    [
      [0.27717789214, 0.096283995491, 0, 0.62653811237, 0],
      [0.34046792018, 0.041372262931, 0, 0.61815981689, 0],
      [0.050066846868, 0.023350121317, 0, 0.92658303181, 0],
