{
  "Z_true": {},
  "V_true": [
    [444, 54, 1215, 83],
    [426, 197, 11483, 337],
    [166, 10833, 2934, 862],
    [73, 575, 1011, 368],
    [56, 414, 869, 857]
  ],
  "p_true": [
    [0.2472, 0.0301, 0.6765, 0.0462],
    [0.0342, 0.0158, 0.9228, 0.0271],
    [0.0112, 0.7322, 0.1983, 0.0583],
    [0.036, 0.2837, 0.4988, 0.1815],
    [0.0255, 0.1885, 0.3957, 0.3903]
  ],
  "Z_est": [
    [
      [20.1667, 9.1119, 6.4352, 0.815, 4.8186, 0.8143, 4.4772, 12.5607, 11.0366, 19.447, 24.2031, 6.9235, 38.8159, 11.9216, 11.7038, 14.991, 12.4798, 19.5126, 10.0924, 25.3708, 7.4336, 11.3302, 11.4901, 23.239, 12.9941, 26.0645, 8.2052, 22.3715, 19.9955, 10.8866, 10.1371, 9.4174, 34.8966, 14.9431, 11.5285, 30.4143, 20.1855, 49.7281, 31.2157, 7.3665, 1.3332, 13.4517, 10.8338, 4.831, 5.1432, 39.6597, 6.7967, 82.2109, 13.3552],
      [6.285, 3.0822, 1.7101, 0.7917, 2.5262, 0.4051, 1.5931, 5.5174, 2.5085, 2.6721, 7.6722, 0.4128, 11.1705, 3.6664, 4.7894, 3.9269, 2.0013, 2.0389, 0.395, 5.8086, 1.4217, 3.0705, 2.9205, 6.1975, 3.2137, 4.5193, 2.9257, 5.2638, 2.8016, 5.717, 3.3497, 1.6483, 4.9904, 4.4012, 2.8928, 7.372, 2.8434, 9.7578, 7.4833, 2.8879, 0.2016, 5.0143, 1.6918, 1.6696, 1.1334, 11.5972, 3.669, 11.6552, 2.5599],
      [21.3764, 10.8067, 5.1034, 2.0009, 4.5669, 1.6299, 4.1455, 12.258, 11.4187, 9.1683, 25.2349, 2.3369, 34.9636, 12.3337, 17.7012, 12.2226, 7.6741, 4.9928, 3.7795, 18.7007, 6.3586, 10.7535, 12.3714, 19.7086, 10.5251, 16.9485, 10.9939, 15.5485, 12.0255, 17.7431, 12.3527, 8.4111, 17.7128, 16.4277, 7.804, 25.0103, 16.4434, 20.4918, 15.5075, 9.7211, 1.8343, 12.8654, 4.9317, 4.3673, 4.4889, 34.0521, 12.3475, 53.1243, 14.3709],
      [4.1719, 1.9992, 0.7512, 0.3924, 1.0883, 0.1507, 0.7841, 2.6639, 2.0362, 2.7126, 5.8898, 0.3268, 7.05, 2.0783, 4.8056, 2.8595, 1.8447, 1.4557, 0.7331, 4.1199, 0.7861, 2.8458, 2.218, 3.8549, 2.2671, 3.4677, 2.8752, 3.8162, 2.1774, 4.6533, 2.1605, 1.5233, 3.4001, 3.228, 1.7748, 5.2034, 2.5278, 5.0223, 3.7935, 2.0245, 0.6309, 2.6686, 1.5426, 1.1322, 1.2346, 7.6911, 2.1868, 11.0096, 1.7141]
    ],
    [
      [4.3723, 2.4492, 1.5179, 0.0281, 0.3868, 0.059, 0.6055, 1.4245, 1.1756, 2.8913, 2.4617, 1.4375, 4.8455, 1.7951, 0.8207, 3.156, 2.105, 5.9918, 3.4835, 5.9226, 1.8402, 2.8007, 1.4726, 2.8575, 3.416, 6.2713, 1.6832, 2.9936, 3.2151, 0.7697, 1.6997, 1.068, 7.026, 2.1271, 2.197, 7.3625, 2.8157, 5.5416, 1.6669, 0.4177, 0.2921, 3.7828, 5.4741, 2.2418, 2.0543, 5.7417, 0.5387, 8.3024, 0.8871],
      [3.6591, 2.2847, 1.0268, 0.797, 0.6865, 0.0349, 0.824, 1.9159, 0.7023, 1.3962, 2.1934, 0.4342, 3.544, 1.631, 1.6967, 2.4453, 0.712, 2.5976, 0.5586, 3.6128, 1.0048, 2.1411, 1.0528, 2.0383, 2.6722, 2.8085, 1.6906, 1.6621, 1.1517, 1.7616, 1.5511, 0.4514, 2.6087, 1.6082, 1.2657, 4.3913, 1.3644, 3.3891, 1.9339, 0.5469, 0.0817, 4.9622, 3.6199, 2.4888, 1.6224, 4.6905, 1.196, 3.7457, 1.3211],
      [505.8563, 337.1384, 127.5151, 22.0006, 42.2409, 13.5192, 61.4413, 148.8916, 129.8515, 147.946, 279.978, 65.691, 461.6598, 196.6262, 156.4904, 270.3317, 138.11, 198.0532, 197.9454, 469.2579, 162.0358, 278.2394, 166.2933, 258.6405, 307.9161, 436.9636, 262.2739, 218.8387, 208.2965, 200.8084, 226.7985, 100.5029, 394.966, 248.8766, 155.8333, 644.7254, 234.937, 245.8668, 92.6465, 64.4784, 40.9339, 401.5158, 375.1648, 268.6628, 234.9633, 513.1976, 158.7547, 588.017, 102.785],
      [26.1124, 16.1277, 4.9402, 1.1742, 2.6858, 0.3869, 3.1293, 8.768, 6.2706, 11.7665, 17.3669, 2.4373, 24.9507, 8.9477, 10.9922, 17.067, 9.073, 14.3574, 9.0126, 27.2066, 5.1192, 19.8188, 8.1813, 13.4638, 16.9957, 23.9566, 18.3523, 14.5056, 10.3367, 13.6603, 10.9507, 4.9777, 20.3993, 13.3882, 9.704, 35.5208, 9.8829, 16.2025, 5.7527, 3.557, 3.6923, 21.7393, 22.7412, 15.6066, 14.36, 31.3702, 7.5106, 31.9349, 3.0069]
    ],
    [
      [4.7118, 1.8349, 1.2591, 0.1046, 0.3522, 0.0787, 1.3099, 2.0598, 1.2131, 4.06, 2.7862, 1.8436, 4.1569, 2.7701, 0.9751, 3.2093, 1.8975, 4.3457, 2.4474, 6.3011, 1.2727, 1.1806, 2.0818, 2.0697, 3.2998, 4.2439, 1.2719, 2.4952, 3.1973, 0.4908, 0.9438, 0.8751, 6.1802, 2.0359, 1.7314, 6.2074, 3.0507, 5.7247, 1.9724, 0.6945, 0.1883, 2.1559, 3.4382, 0.9439, 1.8776, 7.7976, 0.3617, 8.1418, 1.2643],
      [570.0834, 249.0428, 120.3813, 88.1329, 72.99, 18.5444, 169.8509, 340.3152, 102.1721, 209.8798, 343.5385, 51.9791, 436.8725, 308.1125, 220.9407, 301.658, 112.4158, 256.7164, 38.4696, 546.301, 88.1368, 117.5862, 188.5403, 203.0606, 319.3307, 271.185, 181.8485, 212.1566, 166.729, 172.9622, 118.3335, 57.1, 342.3763, 220.0936, 155.2239, 553.7792, 152.7943, 437.6006, 199.9378, 132.18, 11.7888, 305.4223, 263.0017, 133.7608, 203.5725, 810.2731, 119.2801, 435.7579, 102.9773],
      [148.6623, 68.253, 27.8262, 19.8256, 9.4256, 3.9513, 33.8634, 58.7443, 35.8202, 57.0903, 86.7464, 22.3744, 106.7949, 80.7655, 60.1236, 73.7033, 33.3691, 44.93, 33.1917, 133.6006, 30.3545, 28.7404, 62.0001, 50.1433, 79.7735, 79.0783, 53.4953, 48.5777, 55.8465, 42.0739, 32.3384, 22.3461, 95.1445, 64.3294, 32.2414, 146.2715, 68.5437, 69.887, 27.1952, 32.0159, 7.6254, 61.284, 63.7948, 28.4225, 57.8383, 186.7985, 31.4036, 156.0916, 39.0107],
      [25.5424, 10.8693, 3.5333, 3.937, 2.2322, 0.4257, 5.9759, 11.8807, 5.7946, 14.97, 17.9289, 2.803, 19.1757, 12.3519, 13.9605, 15.4294, 7.3176, 11.0079, 4.8913, 25.7973, 3.2361, 7.4928, 10.3779, 8.7265, 14.5959, 14.4928, 12.3844, 10.7705, 9.2271, 9.4731, 5.3844, 3.6788, 16.299, 11.5411, 6.8033, 26.7419, 9.6113, 15.7877, 5.8947, 6.1095, 2.3975, 11.1378, 12.7653, 5.8728, 11.7117, 38.1308, 4.9546, 28.0087, 3.7477]
    ],
    [
      [0.4789, 0.2448, 0.1961, 0.0118, 0.0439, 0.0071, 0.1074, 0.176, 0.132, 0.3425, 0.2287, 0.2173, 0.6076, 0.2202, 0.0901, 0.1477, 0.2118, 0.7532, 0.3945, 0.5697, 0.192, 0.2726, 0.1562, 0.1896, 0.4359, 0.6824, 0.1711, 0.3297, 0.2875, 0.1007, 0.1476, 0.0894, 0.6384, 0.2094, 0.2264, 0.6908, 0.2429, 0.4125, 0.2617, 0.0648, 0.0359, 0.5505, 0.6678, 0.2023, 0.1867, 0.5818, 0.066, 0.5915, 0.0062],
      [19.7141, 11.116, 6.7199, 2.0061, 3.3466, 0.7345, 5.1514, 9.7983, 3.9435, 5.9704, 9.457, 1.9297, 22.0777, 8.6345, 5.3114, 4.0481, 4.3707, 12.4282, 2.104, 17.4064, 4.744, 9.4037, 5.0012, 6.4841, 14.8828, 15.0678, 7.9048, 9.8746, 5.0951, 7.5716, 6.2513, 2.0631, 11.6829, 7.8141, 7.2624, 21.6298, 4.2805, 10.0896, 9.7099, 3.8331, 0.7473, 25.799, 17.4828, 9.8691, 7.1553, 20.9068, 5.0348, 10.8433, 0.1626],
      [65.5814, 39.1153, 20.1302, 5.2962, 5.7403, 2.1235, 13.1163, 21.8912, 17.8792, 20.6469, 30.6706, 10.8925, 69.1723, 28.9398, 18.4195, 14.3909, 16.7647, 27.9212, 23.9794, 54.3613, 21.3549, 32.6048, 21.3168, 20.6751, 47.3236, 56.6888, 29.8161, 29.1166, 21.9803, 23.4604, 22.9464, 10.6196, 41.4753, 29.1982, 19.5783, 72.9283, 24.9398, 21.9417, 17.4015, 11.5704, 6.6663, 66.4657, 53.76, 28.8934, 25.8482, 62.2145, 16.9922, 49.8279, 1.5925],
      [8.2255, 4.5238, 1.9538, 0.6859, 0.8692, 0.1349, 1.6249, 3.1345, 2.0454, 4.0401, 4.6436, 0.9605, 9.1424, 3.2055, 3.179, 2.4134, 2.6529, 4.8974, 2.5221, 7.6626, 1.7091, 5.7189, 2.5259, 2.6512, 6.3577, 7.561, 5.108, 4.6792, 2.637, 3.8674, 2.6546, 1.2278, 5.2034, 3.7783, 2.933, 9.7511, 2.5369, 3.5561, 2.627, 1.5317, 1.5505, 9.1848, 8.0894, 4.0353, 3.8098, 9.2968, 1.9069, 6.7373, 0.2386]
    ],
    [
      [2.2702, 1.3593, 0.5917, 0.0405, 0.3984, 0.0409, 0.5001, 0.779, 0.4427, 1.2591, 1.3204, 0.5782, 2.5741, 1.293, 0.4102, 1.496, 1.306, 3.3968, 1.5822, 2.8357, 1.2615, 1.4159, 0.7994, 1.6443, 2.8542, 2.738, 0.6686, 1.81, 2.3045, 0.7522, 1.0717, 0.5502, 4.2588, 0.6845, 1.3167, 3.3251, 1.7053, 3.5931, 0.8833, 0.4565, 0.1505, 2.0592, 1.5861, 0.7811, 0.7382, 4.2192, 0.2369, 4.7534, 0.4872],
      [5.2584, 3.4742, 1.1618, 0.2724, 1.4508, 0.2811, 1.5806, 2.4532, 0.6737, 1.0816, 3.1389, 0.2441, 5.3353, 2.9555, 1.2618, 2.9217, 1.5002, 3.2189, 0.4729, 4.8712, 1.6926, 2.7985, 1.4852, 3.2195, 4.9005, 3.4195, 1.6304, 3.043, 2.2226, 2.9876, 2.5144, 0.7371, 4.3417, 1.0829, 2.3553, 5.8276, 1.7174, 5.1629, 1.9351, 1.5521, 0.1807, 5.8022, 2.2038, 2.2118, 1.5164, 8.5324, 0.82, 4.9979, 0.9791],
      [42.5235, 29.6866, 8.425, 1.8767, 7.0262, 1.7761, 8.4335, 13.2149, 8.0304, 10.1484, 24.37, 3.7053, 40.4094, 23.3348, 11.2654, 21.3516, 14.082, 17.1028, 13.1041, 37.0796, 18.8962, 23.6618, 15.0184, 24.8325, 41.4617, 31.3207, 15.4208, 21.9185, 23.8512, 22.9143, 22.564, 9.1203, 37.7014, 12.1682, 15.5431, 48.0645, 24.1361, 25.8126, 8.2494, 11.2142, 3.9401, 35.8691, 17.3486, 15.654, 13.8614, 61.7373, 7.502, 54.9392, 10.241],
      [37.9478, 24.4799, 5.8215, 1.8104, 8.1246, 0.9019, 7.4858, 13.5529, 6.8532, 14.5108, 26.1707, 2.4724, 37.6812, 18.4167, 14.0627, 23.2308, 16.1118, 21.2815, 9.8408, 37.2135, 11.1497, 29.1238, 12.697, 22.3037, 40.7836, 29.5218, 19.2802, 25.2285, 20.6217, 27.346, 18.8498, 7.5924, 33.6981, 12.0644, 16.7849, 45.7828, 17.4412, 29.4314, 8.9322, 10.7773, 6.7287, 33.2694, 18.8615, 15.3531, 14.884, 65.5111, 6.4412, 51.3095, 5.2927]
    ]
  ],
  "V_est": [
    [817.1561, 193.8436, 647.656, 137.3443],
    [135.4866, 93.5753, 11564.4771, 649.461],
    [124.9055, 11235.1865, 2891.7278, 543.1802],
    [13.8717, 424.9162, 1396.2302, 191.9819],
    [73.5801, 125.4784, 1011.9089, 985.0326]
  ],
  "p_est": [
    [0.455, 0.1079, 0.3606, 0.0765],
    [0.0109, 0.0075, 0.9294, 0.0522],
    [0.0084, 0.7594, 0.1955, 0.0367],
    [0.0068, 0.2096, 0.6888, 0.0947],
    [0.0335, 0.0571, 0.4608, 0.4486]
  ],
  "EI_Z": {},
  "EI_V": 6.1257,
  "MAE_Z": {},
  "MAE_V": 203.722,
  "MAE_p": 0.0696,
  "runtime": 0.244
}
