{
  "X": [
    [14, 110, 9],
    [14, 88, 3],
    [15, 175, 12],
    [26, 59, 13],
    [11, 98, 9],
    [8, 91, 12],
    [97, 262, 31],
    [8, 16, 1],
    [4, 12, 3],
    [12, 26, 1],
    [18, 80, 4],
    [2, 29, 1],
    [21, 113, 11],
    [12, 51, 1],
    [14, 46, 7],
    [454, 905, 141],
    [143, 266, 42],
    [21, 167, 14],
    [13, 55, 5],
    [87, 122, 19],
    [325, 554, 147],
    [1, 45, 14],
    [21, 174, 9],
    [2, 53, 0],
    [16, 175, 17],
    [18, 124, 8],
    [5, 77, 9],
    [9, 49, 6],
    [11, 143, 4],
    [4, 55, 1],
    [6, 12, 2],
    [32, 93, 13],
    [33, 103, 16],
    [5, 64, 13],
    [4, 51, 6],
    [16, 55, 6],
    [48, 247, 27],
    [23, 70, 19],
    [44, 135, 7],
    [7, 30, 2],
    [44, 95, 14],
    [14, 30, 7],
    [13, 130, 9],
    [22, 154, 8],
    [13, 79, 9],
    [32, 209, 21],
    [12, 115, 3],
    [35, 123, 20],
    [38, 52, 13],
    [8, 21, 4],
    [24, 79, 3],
    [10, 57, 5],
    [11, 44, 4],
    [8, 51, 0],
    [243, 454, 69],
    [6, 47, 13],
    [8, 97, 7],
    [258, 744, 58],
    [90, 272, 19],
    [21, 104, 6],
    [29, 189, 12],
    [14, 97, 4],
    [68, 325, 27],
    [174, 620, 67],
    [22, 179, 9],
    [20, 136, 11],
    [30, 130, 11],
    [9, 62, 2],
    [39, 96, 15],
    [29, 37, 9],
    [45, 164, 11],
    [9, 63, 2],
    [17, 86, 9],
    [185, 238, 42],
    [350, 604, 86],
    [139, 224, 37],
    [284, 520, 65],
    [9, 42, 2],
    [16, 62, 15],
    [1, 25, 0],
    [264, 485, 100],
    [172, 282, 56],
    [278, 481, 95],
    [350, 721, 132],
    [457, 883, 215],
    [40, 228, 15],
    [8, 110, 4],
    [63, 94, 19],
    [181, 372, 54],
    [92, 184, 28],
    [132, 343, 56],
    [30, 136, 7],
    [124, 309, 48],
    [41, 198, 19],
    [19, 40, 6],
    [12, 78, 9],
    [33, 185, 12],
    [8, 39, 3],
    [22, 163, 10],
    [21, 42, 10],
    [101, 297, 42],
    [15, 55, 6],
    [15, 26, 2],
    [36, 42, 7],
    [33, 96, 6],
    [20, 64, 2],
    [17, 117, 7],
    [6, 36, 5],
    [11, 77, 7],
    [13, 103, 4],
    [4, 1, 0],
    [84, 199, 42],
    [376, 1046, 147],
    [66, 197, 34],
    [530, 1070, 158],
    [52, 132, 18]
  ],
  "W": [
    [2, 17, 104, 5, 5],
    [3, 10, 73, 8, 11],
    [2, 20, 161, 5, 14],
    [1, 29, 48, 8, 12],
    [2, 16, 82, 10, 8],
    [6, 6, 84, 8, 7],
    [22, 85, 220, 28, 35],
    [2, 10, 13, 0, 0],
    [1, 5, 13, 0, 0],
    [1, 10, 21, 2, 5],
    [2, 22, 71, 5, 2],
    [1, 1, 24, 0, 6],
    [7, 19, 95, 11, 13],
    [5, 7, 46, 2, 4],
    [2, 12, 35, 9, 9],
    [48, 459, 765, 124, 104],
    [16, 161, 211, 29, 34],
    [4, 17, 159, 8, 14],
    [3, 10, 53, 0, 7],
    [11, 78, 89, 35, 15],
    [39, 314, 463, 111, 99],
    [1, 11, 39, 5, 4],
    [1, 27, 146, 15, 15],
    [0, 2, 49, 1, 3],
    [4, 23, 151, 17, 13],
    [5, 23, 112, 2, 8],
    [0, 9, 71, 1, 10],
    [3, 6, 42, 7, 6],
    [2, 13, 137, 3, 3],
    [1, 2, 44, 7, 6],
    [1, 3, 9, 4, 3],
    [11, 23, 84, 9, 11],
    [6, 30, 99, 8, 9],
    [2, 9, 55, 8, 8],
    [0, 6, 45, 5, 5],
    [4, 14, 52, 5, 2],
    [7, 62, 207, 24, 22],
    [7, 20, 63, 14, 8],
    [4, 45, 113, 11, 13],
    [2, 5, 28, 2, 2],
    [12, 34, 85, 14, 8],
    [8, 13, 23, 0, 7],
    [3, 13, 117, 12, 7],
    [5, 24, 135, 12, 8],
    [6, 10, 66, 7, 12],
    [8, 28, 192, 9, 25],
    [2, 17, 100, 7, 4],
    [3, 37, 111, 11, 16],
    [6, 26, 49, 11, 11],
    [0, 9, 21, 0, 3],
    [9, 23, 68, 6, 0],
    [2, 10, 54, 3, 3],
    [3, 7, 34, 8, 7],
    [1, 10, 45, 3, 0],
    [30, 240, 353, 79, 64],
    [0, 7, 47, 3, 9],
    [3, 11, 86, 6, 6],
    [19, 259, 623, 87, 72],
    [4, 103, 213, 32, 29],
    [5, 21, 88, 5, 12],
    [8, 31, 166, 12, 13],
    [4, 15, 88, 2, 6],
    [8, 68, 283, 25, 36],
    [35, 176, 504, 75, 71],
    [5, 19, 167, 9, 10],
    [6, 21, 127, 10, 3],
    [8, 21, 117, 14, 11],
    [3, 10, 55, 2, 3],
    [6, 35, 87, 12, 10],
    [11, 19, 29, 11, 5],
    [2, 44, 144, 11, 19],
    [0, 12, 58, 2, 2],
    [2, 19, 69, 9, 13],
    [9, 202, 177, 42, 35],
    [22, 335, 466, 147, 70],
    [5, 148, 188, 28, 31],
    [13, 292, 441, 58, 65],
    [3, 10, 34, 3, 3],
    [3, 16, 61, 4, 9],
    [0, 2, 21, 0, 3],
    [18, 257, 394, 111, 69],
    [11, 182, 221, 46, 50],
    [13, 290, 385, 99, 67],
    [31, 367, 595, 102, 108],
    [28, 475, 749, 159, 144],
    [6, 43, 194, 17, 23],
    [1, 9, 102, 7, 3],
    [4, 63, 72, 17, 20],
    [12, 191, 307, 48, 49],
    [9, 101, 137, 30, 27],
    [9, 162, 269, 45, 46],
    [10, 25, 117, 14, 7],
    [24, 115, 270, 31, 41],
    [3, 43, 173, 21, 18],
    [7, 14, 38, 5, 1],
    [2, 12, 72, 4, 9],
    [7, 34, 162, 14, 13],
    [2, 7, 36, 2, 3],
    [1, 25, 151, 5, 13],
    [2, 18, 36, 12, 5],
    [19, 97, 254, 39, 31],
    [4, 15, 48, 2, 7],
    [2, 12, 21, 3, 5],
    [17, 19, 36, 8, 5],
    [13, 36, 77, 2, 7],
    [4, 19, 56, 5, 2],
    [6, 13, 113, 3, 6],
    [0, 10, 28, 6, 3],
    [6, 9, 73, 1, 6],
    [7, 13, 83, 6, 11],
    [0, 3, 1, 0, 1],
    [6, 85, 190, 27, 17],
    [48, 374, 857, 153, 137],
    [14, 65, 164, 19, 35],
    [85, 528, 917, 104, 124],
    [23, 38, 116, 6, 19]
  ],
  "method": "mvn_cdf",
  "mvncdf_method": "genz",
  "mvncdf_samples": 5000,
  "mvncdf_error": 1e-06,
  "cond_prob": [
    [
      [0.50198818831, 0.40735746329, 0.090654348399],
      [0.70093454866, 0.16410652202, 0.13495892932],
      [0, 0.97453722177, 0.025462778232],
      [0.15911074011, 0.48141966845, 0.35946959144],
      [0.056916519117, 0.52730095859, 0.41578252229]
    ],
    [
      [0.62210363641, 0.35104742563, 0.026848937964],
      [0.82739073341, 0.1350327788, 0.037576487797],
      [0.00054261641867, 0.99945738358, 0],
      [0.27494291242, 0.58050642713, 0.14455066045],
      [0.14732976898, 0.72655359242, 0.12611663859]
    ],
    [
      [0.41079509528, 0.5101233199, 0.079081584826],
      [0.63976824733, 0.23010582606, 0.13012592661],
      [0.00075145052775, 0.98020863228, 0.019039917194],
      [0.12683839763, 0.5768893925, 0.29627220987],
      [0.044847809988, 0.61997143427, 0.33518075575]
    ],
    [
      [0.62015967029, 0.29846420326, 0.081376126448],
      [0.77568915167, 0.11262413336, 0.11168671497],
      [0, 0.97126097679, 0.028739023215],
      [0.23016421996, 0.40320488557, 0.36663089447],
      [0.086961764297, 0.46577249659, 0.44726573911]
    ],
    [
      [0.3269569559, 0.59844405374, 0.074598990368],
      [0.56676476399, 0.29695423788, 0.13628099813],
      [0.00067066436932, 0.97890002487, 0.020429310764],
      [0.095655640891, 0.63945807869, 0.26488628042],
      [0.033287372142, 0.67343265757, 0.29327997029]
    ],
    [
      [0.4678579065, 0.3962234336, 0.13591865991],
      [0.64425704096, 0.15765000708, 0.19809295196],
      [0, 0.96983006125, 0.030169938749],
      [0.12714051507, 0.40273496325, 0.47012452168],
      [0.044312313524, 0.42702207212, 0.52866561435]
    ],
    [
      [0.66372033726, 0.28421014185, 0.052069520887],
      [0.82358903693, 0.10626561029, 0.07014535278],
      [0.00032966711889, 0.97934473056, 0.020325602326],
      [0.29235314243, 0.44173149361, 0.26591536397],
      [0.11813341962, 0.53972792748, 0.3421386529]
    ],
    [
      [0.44315002186, 0.52161697528, 0.035233002862],
      [0.71136999563, 0.2160188732, 0.072611131167],
      [0, 0.98435210134, 0.015647898662],
      [0.14851849436, 0.69935316015, 0.15212834548],
      [0.052329060113, 0.77699511611, 0.17067582377]
    ],
    [
      [0.4715106406, 0.083932968905, 0.4445563905],
      [0.46947365945, 0.024801387025, 0.50572495353],
      [0.09085546632, 0.90708154584, 0.0020629878358],
      [0.025137574122, 0.018404614988, 0.95645781089],
      [0.0059114339619, 0.01112027401, 0.98296829203]
    ],
    [
      [0.79112826311, 0.19190114446, 0.016970592424],
      [0.9161311531, 0.083868846902, 0],
      [0.0014011894458, 0.99859881055, 0],
      [0.44161268033, 0.4359897896, 0.12239753007],
      [0.22698197338, 0.62537115713, 0.14764686949]
    ],
    [
      [0.48015522118, 0.47311181676, 0.046732962052],
      [0.72191304524, 0.20370891783, 0.074378036933],
      [0.0024583842254, 0.98660625764, 0.010935358133],
      [0.17161961935, 0.62499405323, 0.20338632742],
      [0.062479592796, 0.69908280781, 0.2384375994]
    ],
    [
      [0.58764271419, 0.38646800884, 0.025889276965],
      [0.84225901505, 0.1264938472, 0.031247137742],
      [0.0049570576965, 0.9950429423, 0],
      [0.19166082086, 0.66696174918, 0.14137742996],
      [0.075188147674, 0.76766792144, 0.15714393088]
    ],
    [
      [0.53456035903, 0.40470456628, 0.060735074697],
      [0.74379783193, 0.1657589881, 0.090443179967],
      [0.00027353262614, 0.98093018647, 0.018796280908],
      [0.19583157876, 0.53746392864, 0.26670449259],
      [0.072752747253, 0.60901356405, 0.31823368869]
    ],
    [
      [0.77520698439, 0.22190670815, 0.0028863074608],
      [0.90851810219, 0.091481897807, 0],
      [0.0038836395323, 0.99611636047, 0],
      [0.42526296556, 0.45005402146, 0.12468301298],
      [0.18379125327, 0.63215813755, 0.18405060918]
    ],
    [
      [0.62297387585, 0.32463278586, 0.052393338297],
      [0.80282954422, 0.12204653857, 0.075123917214],
      [0, 0.9796350264, 0.020364973604],
      [0.25076671621, 0.48819328514, 0.26103999864],
      [0.095910807971, 0.57835671949, 0.32573247254]
    ],
    [
      [0.66526677678, 0.27161513957, 0.063118083648],
      [0.81499243086, 0.10080616422, 0.084201404918],
      [0.0010484752923, 0.97285447047, 0.026097054241],
      [0.28454629908, 0.40605993833, 0.30939376259],
      [0.11442157949, 0.49141674674, 0.39416167377]
    ],
    [
      [0.58894803492, 0.34483783678, 0.066214128297],
      [0.76966710447, 0.13595714008, 0.094375755455],
      [0, 0.97758863105, 0.022411368948],
      [0.22960695502, 0.47233914852, 0.29805389646],
      [0.088288997825, 0.54777819412, 0.36393280805]
    ],
    [
      [0.69029306713, 0.25003164673, 0.059675286139],
      [0.83342779497, 0.089390342926, 0.077181862109],
      [0.00045968884526, 0.97224920413, 0.027291107026],
      [0.29497476596, 0.39383759358, 0.31118764046],
      [0.11697618307, 0.4815652413, 0.40145857563]
    ],
    [
      [0.8207398675, 0.14191766986, 0.037342462645],
      [0.90982897541, 0.046223793854, 0.043947230738],
      [0.0024989279493, 0.9655386033, 0.031962468748],
      [0.43381245761, 0.30087349565, 0.26531404674],
      [0.18672106602, 0.41978043955, 0.39349849443]
    ],
    [
      [0.69055480082, 0.26624509527, 0.043200103907],
      [0.84466027059, 0.09798719219, 0.057352537217],
      [0.0020555679532, 0.9849904545, 0.012953977547],
      [0.32354384956, 0.44128378033, 0.2351723701],
      [0.13422772014, 0.55461467994, 0.31115759992]
    ],
    [
      [0.68179420398, 0.23246803002, 0.085737766005],
      [0.80631131395, 0.083275725949, 0.1104129601],
      [0.0084426152317, 0.95810851091, 0.033448873855],
      [0.27496973546, 0.32798581713, 0.39704444741],
      [0.10906769674, 0.3916616427, 0.49927066056]
    ],
    [
      [0.080039132022, 0.48379450696, 0.43616636102],
      [0.077719349146, 0.32078721878, 0.60149343207],
      [0, 1, 0],
      [0.010256522172, 0.22599269681, 0.76375078102],
      [0.003441354129, 0.2143956506, 0.78216299527]
    ],
    [
      [0.38423730248, 0.56892274211, 0.046839955414],
      [0.63971096445, 0.27720142387, 0.083087611681],
      [0.0049527965444, 0.9897867554, 0.0052604480604],
      [0.12873492786, 0.68596009599, 0.18530497616],
      [0.045962296272, 0.74322473906, 0.21081296467]
    ],
    [
      [0.47432105563, 0.50230225822, 0.023376686155],
      [0.80073908017, 0.19926091983, 0],
      [0.00017462954618, 0.99982537045, 0],
      [0.12993651045, 0.87006348955, 0],
      [0.086676160481, 0.91332383952, 0]
    ],
    [
      [0.33295534644, 0.57735266721, 0.089691986346],
      [0.54798641377, 0.28301872693, 0.1689948593],
      [0, 0.97935870044, 0.020641299556],
      [0.095909648849, 0.59691077351, 0.30717957764],
      [0.033386697471, 0.62696243808, 0.33965086445]
    ],
    [
      [0.41362330633, 0.51598382729, 0.070392866378],
      [0.64893494786, 0.23396590852, 0.11709914362],
      [0.0033188005003, 0.97928513376, 0.017396065736],
      [0.13113167842, 0.59776299065, 0.27110533093],
      [0.04655133183, 0.64542550059, 0.30802316757]
    ],
    [
      [0.31121260037, 0.55015563409, 0.13863176554],
      [0.51936219628, 0.24795397182, 0.2326838319],
      [0.00010523010279, 0.9740723395, 0.025822430396],
      [0.072191151325, 0.49910183392, 0.42870701475],
      [0.024607774484, 0.51101763151, 0.46437459401]
    ],
    [
      [0.6338061558, 0.30677147396, 0.059422370239],
      [0.80809533318, 0.11228160534, 0.079623061477],
      [0, 0.97555567354, 0.024444326463],
      [0.24221913178, 0.45749990625, 0.30028096197],
      [0.092412601835, 0.53835971897, 0.3692276792]
    ],
    [
      [0.47066825948, 0.47829027195, 0.051041468564],
      [0.71592013543, 0.20407674847, 0.0800031161],
      [0.00072328211728, 0.98878125622, 0.010495461662],
      [0.16017873654, 0.62103380306, 0.2187874604],
      [0.057358620243, 0.68809607153, 0.25454530822]
    ],
    [
      [0.47371386788, 0.50023097674, 0.02605515538],
      [0.74754774024, 0.21168395263, 0.040768307131],
      [0.00026835625535, 0.99973164374, 0],
      [0.23690418814, 0.75522565382, 0.0078701580344],
      [0.060175609903, 0.80027153608, 0.13955285402]
    ],
    [
      [0.84474620414, 0.13285932138, 0.022394474484],
      [0.93256156559, 0.041949971381, 0.025488463025],
      [0, 0.98321849104, 0.016781508957],
      [0.43577448813, 0.34613293995, 0.21809257193],
      [0.20482371553, 0.50259752843, 0.29257875604]
    ],
    [
      [0.72655990134, 0.2126297957, 0.060810302965],
      [0.84902765555, 0.074211545224, 0.076760799223],
      [0.0010447709666, 0.96538177738, 0.033573451657],
      [0.32560464302, 0.34547371522, 0.32892164176],
      [0.13290931448, 0.43207945186, 0.43501123366]
    ],
    [
      [0.72009248542, 0.19424107451, 0.085666440062],
      [0.82686828107, 0.066689881587, 0.10644183734],
      [0.0050784206892, 0.95395869658, 0.040962882734],
      [0.29186186505, 0.28584653696, 0.42229159799],
      [0.11508200964, 0.3450193165, 0.53989867385]
    ],
    [
      [0.28984155819, 0.52234230059, 0.18781614122],
      [0.41668710579, 0.27296397651, 0.3103489177],
      [0, 0.97738447221, 0.02261552779],
      [0.062617921941, 0.41922711824, 0.51815495982],
      [0.021148694497, 0.4235845866, 0.55526671891]
    ],
    [
      [0.3585988898, 0.53759488132, 0.10380622888],
      [0.56319365634, 0.23686580418, 0.19994053948],
      [0, 0.9774769121, 0.022523087902],
      [0.092419328083, 0.54730790817, 0.36027276375],
      [0.031748284306, 0.57116091794, 0.39709079776]
    ],
    [
      [0.70098060505, 0.23120197353, 0.067817421416],
      [0.82430021679, 0.08041362337, 0.095286159839],
      [0, 0.96733877529, 0.032661224708],
      [0.28668466451, 0.35706493672, 0.35625039878],
      [0.1112256111, 0.43123018995, 0.45754419894]
    ],
    [
      [0.42362246115, 0.49864945389, 0.077728084952],
      [0.64521027359, 0.22681852144, 0.12797120498],
      [0.0032186025768, 0.97671246812, 0.020068929307],
      [0.13688728777, 0.5702906238, 0.29282208843],
      [0.049093644084, 0.61728407374, 0.33362228218]
    ],
    [
      [0.61183257814, 0.24536249692, 0.14280492494],
      [0.72893987006, 0.087040445257, 0.18401968468],
      [0.015224297103, 0.95719357234, 0.027582130562],
      [0.18813021956, 0.27335067405, 0.53851910639],
      [0.068177595055, 0.30144364033, 0.63037876462]
    ],
    [
      [0.61458051313, 0.35161775442, 0.033801732457],
      [0.81351666721, 0.14068739755, 0.045795935243],
      [0.0050255130437, 0.99497448696, 0],
      [0.27029653576, 0.55508300419, 0.17462046004],
      [0.10709869661, 0.6711204631, 0.22178084029]
    ],
    [
      [0.77804069279, 0.19003217751, 0.031927129702],
      [0.87860660737, 0.061742934162, 0.059650458469],
      [0, 0.98019629827, 0.019803701725],
      [0.37598691322, 0.39985842949, 0.22415465728],
      [0.14945587556, 0.53300388175, 0.31754024269]
    ],
    [
      [0.7368282147, 0.20503961765, 0.05813216765],
      [0.85552452206, 0.071361431854, 0.073114046087],
      [0.0021004538383, 0.96364979364, 0.034249752523],
      [0.34015018634, 0.33989466648, 0.31995514718],
      [0.14119831107, 0.43055976439, 0.42824192454]
    ],
    [
      [0.54245575357, 0.34874426111, 0.10879998532],
      [0.71097227565, 0.13583183933, 0.15319588502],
      [0, 0.97370063367, 0.026299366327],
      [0.16721710712, 0.39915714738, 0.43362574551],
      [0.059673483992, 0.43558820362, 0.50473831239]
    ],
    [
      [0.48030051019, 0.4547560723, 0.064943417505],
      [0.70538145811, 0.1936593572, 0.10095918469],
      [0.00015269754387, 0.98207063857, 0.01777666389],
      [0.16317206336, 0.56816051871, 0.26866741793],
      [0.0590298773, 0.62828131467, 0.31268880803]
    ],
    [
      [0.46178791474, 0.48827585741, 0.049936227859],
      [0.70169251083, 0.21733499773, 0.080972491436],
      [0.0030320298338, 0.98722915373, 0.0097388164349],
      [0.16365240163, 0.62576295997, 0.2105846384],
      [0.059660914909, 0.69468618675, 0.24565289834]
    ],
    [
      [0.54721585438, 0.3869809813, 0.065803164319],
      [0.75001284689, 0.15429774448, 0.095689408633],
      [0, 0.97832310537, 0.021676894632],
      [0.19625776646, 0.51333791546, 0.29040431808],
      [0.070231003303, 0.58103719208, 0.34873180462]
    ],
    [
      [0.63141909761, 0.30020208927, 0.068378813121],
      [0.79466295614, 0.1126319569, 0.092705086966],
      [0.00018075831966, 0.9739312061, 0.025888035584],
      [0.2499484986, 0.42806122592, 0.32199027548],
      [0.0965536945, 0.50389383556, 0.39955246994]
    ],
    [
      [0.29838475117, 0.66292806238, 0.038687186445],
      [0.57062276255, 0.3552227465, 0.074154490954],
      [0.0092035497773, 0.99079645022, 0],
      [0.093210730764, 0.76135440489, 0.14543486434],
      [0.032453360319, 0.80655783206, 0.16098880762]
    ],
    [
      [0.63505476863, 0.27732355032, 0.087621681043],
      [0.78174132334, 0.10178154171, 0.11647713495],
      [0.0011052932618, 0.96755621967, 0.031338487066],
      [0.23682854558, 0.37240553295, 0.39076592147],
      [0.090162823569, 0.43168194123, 0.4781552352]
    ],
    [
      [0.85646240957, 0.10002548911, 0.043512101318],
      [0.91711349199, 0.032320266244, 0.050566241761],
      [0.02248782977, 0.91686129614, 0.060650874095],
      [0.48912639362, 0.20858945462, 0.30228415176],
      [0.23036188747, 0.30353023923, 0.4661078733]
    ],
    [
      [0.77753116533, 0.13586533436, 0.086603500311],
      [0.85556495773, 0.043324102039, 0.10111094023],
      [0, 0.94536369428, 0.054636305724],
      [0.28002781189, 0.21561664686, 0.50435554125],
      [0.099971793469, 0.25248183395, 0.64754637258]
    ],
    [
      [0.53722740128, 0.42570248025, 0.03707011847],
      [0.76638072271, 0.17701755245, 0.056601724833],
      [0.0039016305923, 0.99149516835, 0.0046032010539],
      [0.21214764763, 0.61260042054, 0.17525193182],
      [0.079907674591, 0.70773713781, 0.2123551876]
    ],
    [
      [0.62854527195, 0.2999957949, 0.071458933153],
      [0.78083352263, 0.10804101269, 0.11112546468],
      [0, 0.97335798944, 0.026642010563],
      [0.22773268134, 0.42666870681, 0.34559861184],
      [0.083792061922, 0.49275357776, 0.42345436032]
    ],
    [
      [0.65369420121, 0.31087026216, 0.035435536627],
      [0.83763659596, 0.11463166086, 0.047731743183],
      [0.0029045825416, 0.98974363742, 0.0073517800427],
      [0.28654872938, 0.51911246194, 0.19433880868],
      [0.11204508332, 0.63725488855, 0.25070002813]
    ],
    [
      [0.36571672767, 0.63428327233, 0],
      [0.68371656881, 0.31628343119, 0],
      [0.0038524146404, 0.99614758536, 0],
      [0.2079196418, 0.7920803582, 0],
      [0.041311190963, 0.86085975305, 0.097829055991]
    ],
    [
      [0.64322540273, 0.30270252873, 0.054072068547],
      [0.81048951648, 0.11537280448, 0.074137679042],
      [0.00067669739742, 0.98015814736, 0.019165155247],
      [0.27669090905, 0.45609545192, 0.26721363902],
      [0.11075465574, 0.55003256788, 0.33921277638]
    ],
    [
      [0.56025176169, 0.21259765969, 0.22715057862],
      [0.64991615366, 0.071191268245, 0.27889257809],
      [0.01560202362, 0.94124632437, 0.043151652009],
      [0.11968040526, 0.1844917468, 0.69582784794],
      [0.039805622053, 0.18995651516, 0.77023786279]
    ],
    [
      [0.32527127501, 0.5956817042, 0.079047020784],
      [0.56594148676, 0.29114220605, 0.14291630719],
      [0.00061802414522, 0.97998690161, 0.019395074242],
      [0.092295525338, 0.62866658637, 0.27903788829],
      [0.031984432018, 0.65991959399, 0.30809597399]
    ],
    [
      [0.63252081366, 0.32622331797, 0.041255868367],
      [0.81502878314, 0.12714189116, 0.057829325705],
      [0.0036105372726, 0.98910767456, 0.0072817881655],
      [0.28130174327, 0.50813853321, 0.21055972352],
      [0.11343101838, 0.61735935426, 0.26920962736]
    ],
    [
      [0.52132952137, 0.43849581581, 0.04017466282],
      [0.74849041726, 0.18899988259, 0.062509700146],
      [0.0092262416784, 0.99020074597, 0.00057301235564],
      [0.20588294327, 0.61080004689, 0.18331700984],
      [0.078162940487, 0.70071270478, 0.22112435473]
    ],
    [
      [0.541098281, 0.41683116825, 0.042070550753],
      [0.76478713706, 0.17195756284, 0.063255300097],
      [0.0026551843112, 0.99026610737, 0.0070787083151],
      [0.21043992273, 0.5929383032, 0.19662177407],
      [0.079010240313, 0.68305219784, 0.23793756184]
    ],
    [
      [0.48005205707, 0.46327255173, 0.0566753912],
      [0.7082065478, 0.20205896492, 0.089734487284],
      [0.0020627554099, 0.98421208402, 0.013725160574],
      [0.1707242036, 0.59107388787, 0.23820190853],
      [0.062620978497, 0.65829992867, 0.27907909283]
    ],
    [
      [0.50471329901, 0.44929359743, 0.045993103563],
      [0.74115295106, 0.1881088673, 0.070738181639],
      [0.0011001404763, 0.98893494334, 0.0099649161799],
      [0.18301263774, 0.61073852364, 0.20624883862],
      [0.066835816788, 0.68890675653, 0.24425742668]
    ],
    [
      [0.59570873919, 0.35232558604, 0.051965674775],
      [0.78614831155, 0.13959612968, 0.074255558771],
      [0.0010030632515, 0.98358754964, 0.015409387112],
      [0.24343297149, 0.50973503695, 0.24683199156],
      [0.094626492038, 0.59972794509, 0.30564556288]
    ],
    [
      [0.54915201746, 0.39261371583, 0.058234266714],
      [0.75113345217, 0.1622596633, 0.086606884527],
      [0.001952750104, 0.9816503537, 0.016396896198],
      [0.21167303264, 0.5303360754, 0.25799089196],
      [0.080570821223, 0.60808218713, 0.31134699165]
    ],
    [
      [0.62570227796, 0.32792046, 0.046377262036],
      [0.81072285301, 0.12512860686, 0.064148540127],
      [0.00051717124357, 0.98460036832, 0.014882460432],
      [0.26225543578, 0.50331634286, 0.23442822136],
      [0.10210878833, 0.60248455737, 0.2954066543]
    ],
    [
      [0.51768116324, 0.39690716456, 0.085411672208],
      [0.71337821951, 0.16046631381, 0.12615546667],
      [0, 0.97507568955, 0.024924310451],
      [0.1724935517, 0.48150231677, 0.34600413154],
      [0.06267829794, 0.53304289407, 0.40427880799]
    ],
    [
      [0.71415721755, 0.24229185543, 0.04355092702],
      [0.85710572806, 0.086613670913, 0.056280601023],
      [0.00015366501183, 0.97948933345, 0.020357001535],
      [0.33775862621, 0.41578228153, 0.24645909226],
      [0.14008385427, 0.52923401017, 0.33068213555]
    ],
    [
      [0.43750853875, 0.52267145905, 0.039820002199],
      [0.70433212734, 0.23016686452, 0.065501008132],
      [0.0034732556882, 0.99114493159, 0.0053818127263],
      [0.14789280811, 0.68160663473, 0.17050055716],
      [0.052446143744, 0.75137749032, 0.19617636594]
    ],
    [
      [0.72004329425, 0.21432855271, 0.06562815304],
      [0.84200591735, 0.074962155688, 0.083031926965],
      [0.0015797784314, 0.96343598781, 0.034984233762],
      [0.31590613267, 0.33909855392, 0.34499531341],
      [0.12812188118, 0.42022396484, 0.45165415397]
    ],
    [
      [0.74354419271, 0.19842943798, 0.058026369307],
      [0.85911149769, 0.068394858651, 0.072493643661],
      [0.00092235649073, 0.95728743737, 0.041790206135],
      [0.34224218891, 0.33201321383, 0.32574459726],
      [0.14129660157, 0.42085856637, 0.43784483205]
    ],
    [
      [0.68327492364, 0.2798454782, 0.036879598153],
      [0.84720702852, 0.10349480052, 0.04929817096],
      [0.0020814659277, 0.98850445138, 0.0094140826953],
      [0.32166362153, 0.4736616259, 0.20467475257],
      [0.13254262987, 0.59640099671, 0.27105637343]
    ],
    [
      [0.44347078795, 0.51458347567, 0.041945736378],
      [0.71128601277, 0.22090483638, 0.067809150842],
      [0.0011516941512, 0.9916810995, 0.0071672063494],
      [0.14706885002, 0.67351992404, 0.17941122595],
      [0.051815942961, 0.74229917217, 0.20588488487]
    ],
    [
      [0.48811583021, 0.45363932979, 0.058244840005],
      [0.71570594046, 0.19353644869, 0.090757610851],
      [0.0010402451241, 0.9818461783, 0.01711357658],
      [0.17128581884, 0.58199682708, 0.24671735407],
      [0.062462014443, 0.64847469762, 0.28906328794]
    ],
    [
      [0.64320961258, 0.30275102307, 0.05403936435],
      [0.80997844757, 0.11615266015, 0.073868892281],
      [0.00072911611247, 0.97957688529, 0.019693998596],
      [0.2762307221, 0.45639436199, 0.26737491591],
      [0.11042066279, 0.55024947263, 0.33932986459]
    ],
    [
      [0.67531333852, 0.27868642698, 0.046000234501],
      [0.83395494561, 0.10420594101, 0.061839113385],
      [0.0026474833554, 0.98336354006, 0.01398897658],
      [0.3101095138, 0.44769495305, 0.24219553315],
      [0.1278339143, 0.55573343716, 0.31643264854]
    ],
    [
      [0.68796062099, 0.25382927736, 0.05821010165],
      [0.8310350587, 0.09252280083, 0.076442140473],
      [0.00090151030305, 0.97238903381, 0.026709455889],
      [0.3050488843, 0.3962754742, 0.2986756415],
      [0.12439211325, 0.4881492728, 0.38745861395]
    ],
    [
      [0.69663962326, 0.25504723305, 0.048313143693],
      [0.84298616782, 0.09338958027, 0.063624251914],
      [0.0026406842544, 0.97793472103, 0.019424594712],
      [0.32474223895, 0.41653276359, 0.25872499746],
      [0.13526357354, 0.52286948104, 0.34186694542]
    ],
    [
      [0.41973780459, 0.54214483565, 0.038117359762],
      [0.69120144759, 0.24423297875, 0.064565573654],
      [0.0075102358029, 0.98640625607, 0.0060835081262],
      [0.14117162929, 0.69811018746, 0.16071818325],
      [0.049969735042, 0.76636414558, 0.18366611938]
    ],
    [
      [0.64095782916, 0.19479670582, 0.16424546502],
      [0.73187716101, 0.065884344993, 0.20223849399],
      [0.017189315179, 0.94226621853, 0.040544466289],
      [0.18337523774, 0.20884139203, 0.60778337023],
      [0.065004751045, 0.22753949601, 0.70745575294]
    ],
    [
      [0.083652113773, 0.89264459841, 0.023703287817],
      [0.44308019887, 0.55691980113, 0],
      [3.3146809667e-05, 0.99996685319, 0],
      [0.01639862653, 0.91095920884, 0.072642164631],
      [0.037714506419, 0.96228549358, 0]
    ],
    [
      [0.67869328757, 0.25511103936, 0.066195673063],
      [0.81970739328, 0.093267044899, 0.087025561818],
      [0.0018285539403, 0.96907341549, 0.029098030574],
      [0.29097352824, 0.38297144351, 0.32605502825],
      [0.11739433135, 0.46541470755, 0.4171909611]
    ],
    [
      [0.65156336234, 0.28422869941, 0.064207938251],
      [0.80698590783, 0.10636815603, 0.086645936138],
      [0, 0.974107165, 0.025892835],
      [0.27265492974, 0.41756090115, 0.30978416911],
      [0.10838482041, 0.50057989984, 0.39103527976]
    ],
    [
      [0.65710460798, 0.27707952485, 0.065815867169],
      [0.80864159927, 0.10319705614, 0.088161344593],
      [0.00074112960034, 0.97251066138, 0.026748209024],
      [0.27574141925, 0.40704433038, 0.31721425037],
      [0.10996777472, 0.4889078591, 0.40112436618]
    ],
    [
      [0.64094797548, 0.28783958159, 0.071212442933],
      [0.79557431394, 0.10819086037, 0.09623482569],
      [0.00095696683511, 0.97214645404, 0.026896579127],
      [0.26007124244, 0.40846836944, 0.33146038812],
      [0.10239053287, 0.48407419795, 0.41353526918]
    ],
    [
      [0.66282116107, 0.2490266965, 0.088152142432],
      [0.79447205397, 0.090452048295, 0.11507589774],
      [0.0065513987512, 0.96193711715, 0.031511484095],
      [0.26059925584, 0.34214928861, 0.39725145555],
      [0.10225348967, 0.40395758278, 0.49378892755]
    ],
    [
      [0.50697706338, 0.44399748756, 0.049025449056],
      [0.73270221918, 0.19098365378, 0.076314127044],
      [0.003000659842, 0.98738856967, 0.0096107704916],
      [0.19034706136, 0.59422566483, 0.21542727381],
      [0.071039745335, 0.67254344107, 0.25641681359]
    ],
    [
      [0.44184990309, 0.50744275317, 0.05070734374],
      [0.69577927647, 0.22231509897, 0.081905624564],
      [0.0011435143698, 0.98905096443, 0.0098055212047],
      [0.14624499184, 0.64213169238, 0.21162331578],
      [0.051927733383, 0.70453371267, 0.24353855395]
    ],
    [
      [0.6892425267, 0.25591110563, 0.054846367668],
      [0.83367301333, 0.093008248451, 0.07331873822],
      [0, 0.97471393549, 0.025286064511],
      [0.30719615284, 0.40604670956, 0.2867571376],
      [0.12496477276, 0.50173192537, 0.37330330187]
    ],
    [
      [0.64710759231, 0.29478212465, 0.058110283036],
      [0.80952616536, 0.11141436884, 0.0790594658],
      [7.4623772808e-05, 0.9775689088, 0.022356467428],
      [0.27522948223, 0.4400562706, 0.28471424716],
      [0.1098221768, 0.52951253195, 0.36066529125]
    ],
    [
      [0.57393534976, 0.36857351469, 0.057491135553],
      [0.76818180431, 0.14831134535, 0.08350685034],
      [0.00093540034715, 0.98053376706, 0.018530832593],
      [0.22596366217, 0.51174771637, 0.26228862146],
      [0.086709626073, 0.5932531448, 0.32003722913]
    ],
    [
      [0.5127585473, 0.4108288279, 0.076412624799],
      [0.71249428965, 0.17212169511, 0.11538401524],
      [0.0027648570058, 0.97553087375, 0.021704269239],
      [0.18079206477, 0.50850524871, 0.31070268652],
      [0.066993667411, 0.56778879804, 0.36521753455]
    ],
    [
      [0.58388820566, 0.3764353521, 0.039676442243],
      [0.791262089, 0.15098672821, 0.05775118279],
      [0.0028401558156, 0.99085296418, 0.0063068800063],
      [0.24225889711, 0.56286272411, 0.19487837877],
      [0.093663275487, 0.66444333248, 0.24189339203]
    ],
    [
      [0.67592383565, 0.25534179435, 0.068734369999],
      [0.81660057227, 0.09313102488, 0.090268402848],
      [0.0012947267438, 0.96894852081, 0.029756752447],
      [0.28513131438, 0.37915876936, 0.33570991626],
      [0.1141491504, 0.45833430746, 0.42751654214]
    ],
    [
      [0.57562833422, 0.36418874833, 0.060182917444],
      [0.76833138887, 0.14499103254, 0.086677578595],
      [0.00016698413968, 0.98050457147, 0.019328444393],
      [0.22280159828, 0.50337639945, 0.27382200228],
      [0.084841303115, 0.58192356132, 0.33323513557]
    ],
    [
      [0.75048515741, 0.17723613244, 0.072278710141],
      [0.85188018306, 0.059586280169, 0.088533536773],
      [0.0024831000794, 0.95179969846, 0.045717201465],
      [0.31980012973, 0.28191299773, 0.39828687255],
      [0.12692288364, 0.34718562056, 0.5258914958]
    ],
    [
      [0.60428364542, 0.31452340137, 0.08119295321],
      [0.76944329712, 0.11641196371, 0.11414473917],
      [0, 0.97167599594, 0.028324004058],
      [0.21306835153, 0.42154425545, 0.36538739302],
      [0.078426637505, 0.4807956559, 0.44077770659]
    ],
    [
      [0.52627402102, 0.42163438513, 0.052091593845],
      [0.74408090731, 0.17673998863, 0.079179104055],
      [0.0016917497593, 0.98537526347, 0.012932986771],
      [0.19841301453, 0.56991616934, 0.23167081613],
      [0.074268103056, 0.64844466444, 0.27728723251]
    ],
    [
      [0.68289082539, 0.26945618989, 0.047652984718],
      [0.82309672121, 0.093269732216, 0.083633546577],
      [0, 0.97938065096, 0.020619349041],
      [0.27875606258, 0.45203420385, 0.26920973357],
      [0.1050097252, 0.5488092175, 0.3461810573]
    ],
    [
      [0.57005967875, 0.37419656506, 0.055743756185],
      [0.77103327556, 0.14829455892, 0.080672165523],
      [0, 0.98295905616, 0.017040943839],
      [0.21782342828, 0.52456792262, 0.2576086491],
      [0.081922406988, 0.60529095143, 0.31278664158]
    ],
    [
      [0.72566041218, 0.20410628695, 0.070233300872],
      [0.84199665142, 0.070216265156, 0.087787083422],
      [0.0020760788162, 0.95858115303, 0.039342768151],
      [0.30863761999, 0.3206635862, 0.37069879381],
      [0.12286983457, 0.39420202195, 0.48292814349]
    ],
    [
      [0.62423339816, 0.30608681811, 0.069679783737],
      [0.78798715917, 0.1164695394, 0.095543301431],
      [1.4250117187e-05, 0.97432501277, 0.025660737111],
      [0.2487155374, 0.42960791027, 0.32167655233],
      [0.096815661531, 0.50495301256, 0.39823132591]
    ],
    [
      [0.59927665167, 0.33695689829, 0.063766450042],
      [0.77112449626, 0.12733210024, 0.1015434035],
      [0, 0.97822960672, 0.02177039328],
      [0.2245009314, 0.47435271754, 0.30114635106],
      [0.083860583796, 0.54835204938, 0.36778736683]
    ],
    [
      [0.79713304586, 0.18067203226, 0.02219492188],
      [0.91299919677, 0.062225014312, 0.02477578892],
      [0.0060057185408, 0.99399428146, 0],
      [0.44570570671, 0.39630069868, 0.15799359461],
      [0.19730126751, 0.56583475141, 0.23686398107]
    ],
    [
      [0.81014103519, 0.15005163408, 0.039807330726],
      [0.90191931919, 0.050106389836, 0.047974290975],
      [0.015771258825, 0.94623520337, 0.037993537809],
      [0.44082276201, 0.2963442951, 0.26283294289],
      [0.19935758468, 0.41237582635, 0.38826658897]
    ],
    [
      [0.46507809658, 0.48936642801, 0.045555475419],
      [0.70673407045, 0.21878843745, 0.074477492102],
      [0.0096326107843, 0.98080705025, 0.0095603389667],
      [0.16853206405, 0.63629067834, 0.19517725761],
      [0.06182614999, 0.70958978026, 0.22858406975]
    ],
    [
      [0.62754617722, 0.34315883022, 0.02929499256],
      [0.82794063359, 0.13548526498, 0.036574101425],
      [0.0027577552874, 0.99724224471, 0],
      [0.27737883466, 0.56541294606, 0.15720821928],
      [0.10880739173, 0.69025710512, 0.20093550315]
    ],
    [
      [0.70992140858, 0.2401627293, 0.049915862121],
      [0.8485408938, 0.084511063562, 0.066948042641],
      [0, 0.97542562156, 0.024574378443],
      [0.31653633027, 0.40388735894, 0.27957631079],
      [0.12663848972, 0.5042704142, 0.36909109608]
    ],
    [
      [0.29740803247, 0.62082987174, 0.081762095781],
      [0.54262298436, 0.30455962411, 0.15281739152],
      [0.00032392086191, 0.96980363852, 0.029872440616],
      [0.080284449425, 0.63576361657, 0.283951934],
      [0.027664558556, 0.66177339361, 0.31056204784]
    ],
    [
      [0.59511762378, 0.31770850888, 0.087173867335],
      [0.75425558925, 0.11746975711, 0.12827465364],
      [0, 0.97037490273, 0.029625097265],
      [0.2015414228, 0.41229751944, 0.38616105777],
      [0.073242088543, 0.46447595228, 0.46228195918]
    ],
    [
      [0.38075155821, 0.58033728781, 0.038911153984],
      [0.64888459744, 0.28814181374, 0.06297358882],
      [0.0075652407403, 0.99243475926, 0],
      [0.12824911495, 0.71460098076, 0.15714990429],
      [0.045620877696, 0.77564586397, 0.17873325834]
    ],
    [
      [0.99889633962, 0.0011023927659, 1.2676127788e-06],
      [1, 0, 0],
      [0.49548966332, 0.50451033668, 0],
      [0.97120540727, 0.028793645341, 9.4739211842e-07],
      [0.50451033668, 0.49548966332, 0]
    ],
    [
      [0.7024386147, 0.19323479059, 0.10432659471],
      [0.80355272008, 0.066681642737, 0.12976563718],
      [0.012757549926, 0.94644410778, 0.040798342289],
      [0.26927998976, 0.2621658855, 0.46855412474],
      [0.10522899383, 0.3099877786, 0.58478322756]
    ],
    [
      [0.6136371061, 0.32440549668, 0.061957397217],
      [0.78737873096, 0.12607110349, 0.086550165552],
      [0.00054333308131, 0.97803530323, 0.021421363689],
      [0.24969337578, 0.46142148126, 0.28888514296],
      [0.097788690397, 0.54382629163, 0.35838501798]
    ],
    [
      [0.60533876739, 0.3159180259, 0.078743206715],
      [0.77049314702, 0.12082859042, 0.10867826256],
      [0.00017395419355, 0.9729687415, 0.026857304311],
      [0.22904433768, 0.42319051076, 0.34776515156],
      [0.087509479901, 0.48902274144, 0.42346777866]
    ],
    [
      [0.66371257542, 0.2714995992, 0.064787825384],
      [0.81283446285, 0.10075391363, 0.086411623519],
      [0.001164820076, 0.97221183225, 0.026623347675],
      [0.28189151609, 0.4028863646, 0.31522211932],
      [0.11308852438, 0.4863389966, 0.40057247901]
    ],
    [
      [0.69900846665, 0.23835820821, 0.062633325145],
      [0.83372593903, 0.085321819916, 0.08095224105],
      [0.00055387378955, 0.96870866321, 0.030737463004],
      [0.30520801194, 0.37139867695, 0.32339331111],
      [0.12345906066, 0.45668079267, 0.41986014666]
    ]
  ],
  "expected_outcome": [
    [
      [1.0039763766, 1.8663109092, 0.82159019056, 0.62015967029, 0.65391391179, 2.807147439, 14.6018474198, 0.88630004371, 0.4715106406, 0.79112826311, 0.96031044237, 0.58764271419, 3.7419225132, 3.876034922, 1.2459477517, 31.9328052854, 9.4231685588, 2.7611722685, 2.4622196025, 7.5961028091, 26.5899739551, 0.080039132022, 0.38423730248, 0, 1.3318213858, 2.0681165317, 0, 1.9014184674, 0.94133651897, 0.47371386788, 0.84474620414, 7.9921589147, 4.3205549125, 0.57968311639, 0, 2.8039224202, 2.9653572281, 4.282828047, 2.4583220525, 1.5560813856, 8.8419385764, 4.3396460285, 1.4409015306, 2.3089395737, 3.2832951263, 5.0513527809, 0.59676950234, 1.9051643059, 5.1387744574, 0, 4.8350466115, 1.2570905439, 1.9610826036, 0.36571672767, 19.2967620818, 0, 0.97581382504, 12.0178954595, 2.0853180855, 2.705491405, 3.8404164566, 2.018853196, 4.7656699135, 19.2203206109, 3.1285113898, 3.1060869794, 5.7132577404, 1.3125256163, 4.3202597655, 8.1789861198, 1.3665498473, 0, 0.97623166042, 5.7888865132, 14.8568934475, 3.4398031049, 9.0563151024, 1.2592134138, 1.9228734875, 0, 12.2164791763, 7.1671969858, 8.5423599038, 19.8693872399, 18.5589925099, 3.0418623803, 0.44184990309, 2.7569701068, 7.7652911077, 5.1654181478, 4.6148269257, 5.8388820566, 16.2221720557, 1.7268850027, 5.2533961019, 1.2085672908, 3.6839181471, 1.3657816508, 0.57005967875, 1.4513208244, 11.8604345649, 2.3971066067, 1.5942660917, 13.7723975983, 6.0460152555, 2.5101847089, 4.2595284515, 0, 3.5707057427, 2.6652609075, 0, 4.2146316882, 29.4545810929, 8.4747427434, 56.4155689106, 16.0771947329],
