{
  "X": [
    [35, 753, 542, 171],
    [28, 516, 466, 136],
    [1, 151, 178, 46],
    [32, 384, 394, 128],
    [24, 486, 428, 121],
    [19, 479, 286, 91],
    [53, 362, 904, 195],
    [74, 157, 859, 165],
    [47, 401, 769, 194],
    [14, 71, 141, 24],
    [76, 524, 990, 234],
    [26, 176, 450, 106],
    [38, 433, 672, 188],
    [37, 925, 641, 189],
    [16, 102, 544, 83],
    [16, 191, 435, 107],
    [28, 49, 500, 67],
    [30, 92, 748, 150],
    [23, 60, 381, 81],
    [44, 109, 724, 124],
    [36, 79, 550, 115],
    [21, 163, 319, 91],
    [20, 256, 330, 85],
    [41, 525, 564, 140],
    [10, 25, 81, 24],
    [57, 714, 832, 241],
    [33, 396, 552, 171],
    [74, 640, 1386, 404],
    [3, 152, 155, 49]
  ],
  "W": [
    [84, 471, 788, 60, 98],
    [38, 416, 556, 51, 85],
    [60, 129, 159, 6, 22],
    [37, 365, 400, 51, 85],
    [76, 371, 508, 27, 77],
    [42, 265, 486, 24, 58],
    [53, 874, 398, 72, 117],
    [15, 901, 171, 55, 113],
    [40, 745, 439, 64, 123],
    [6, 134, 74, 17, 19],
    [67, 922, 595, 81, 159],
    [31, 414, 205, 34, 74],
    [94, 587, 468, 65, 117],
    [90, 543, 970, 55, 134],
    [23, 548, 111, 22, 41],
    [30, 429, 209, 28, 53],
    [20, 486, 74, 30, 34],
    [21, 757, 118, 33, 91],
    [21, 359, 79, 30, 56],
    [31, 696, 125, 63, 86],
    [8, 591, 78, 33, 70],
    [21, 305, 185, 29, 54],
    [33, 306, 264, 34, 54],
    [53, 534, 546, 57, 80],
    [0, 83, 32, 10, 15],
    [66, 756, 777, 95, 150],
    [62, 527, 421, 55, 87],
    [101, 1446, 696, 79, 182],
    [27, 134, 165, 3, 30]
  ],
  "method": "mvn_cdf",
  "mvncdf_method": "genz",
  "mvncdf_samples": 5000,
  "mvncdf_error": 0.001,
  "cond_prob": [
    [
      [1.2820639018e-05, 0.29975727208, 0.51749607459, 0.18273383269],
      [0.028922793962, 0.0037296958365, 0.85455557384, 0.11279193636],
      [0.00018983365736, 0.91950199267, 0.027281165605, 0.053027008066],
      [0.29078056559, 0.0046329468723, 0.48496458357, 0.21962190398],
      [0.0385700434, 0.012430156827, 0.46366551984, 0.48533427994]
    ],
    [
      [2.273723625e-06, 0.26408250641, 0.55348363288, 0.18243158699],
      [0.026163152838, 0.0012228711712, 0.86515310922, 0.10746086677],
      [0.00010895710744, 0.90757760353, 0.033117252366, 0.059196186998],
      [0.27452379828, 0.0040660271934, 0.5042635578, 0.21714661673],
      [0.035938213575, 0.0074780635299, 0.48156817354, 0.47501554936]
    ],
    [
      [0, 0.11096419904, 0.64306287766, 0.2459729233],
      [0.0019591856326, 0.055815675331, 0.85975542205, 0.08246971699],
      [1.7697091638e-05, 0.84819261267, 0.079586467868, 0.072203222369],
      [0.10024214412, 0.06667729089, 0.63832989691, 0.19475066809],
      [0.0064999250513, 0.085419853637, 0.54652500562, 0.36155521569]
    ],
    [
      [3.9988352744e-05, 0.32727498134, 0.48642697191, 0.1862580584],
      [0.032988444454, 0.0020398675493, 0.84093551206, 0.12403617593],
      [0.00030610137771, 0.92604268547, 0.02348715335, 0.050164059801],
      [0.31821974172, 0.0049245134347, 0.44502297352, 0.23183277133],
      [0.042424597958, 0.0056241136609, 0.43493773113, 0.51701355725]
    ],
    [
      [3.4918551558e-05, 0.25859922838, 0.5588605266, 0.18250532647],
      [0.031969668724, 0.0066415222613, 0.85882856355, 0.10256024546],
      [0.00032560669957, 0.91094007394, 0.032641268839, 0.056093050525],
      [0.31708292928, 0.0059604369782, 0.48050138546, 0.19645524828],
      [0.044285088304, 0.01251901982, 0.48501170029, 0.45818419159]
    ],
    [
      [2.7418107515e-05, 0.40550201865, 0.43034933802, 0.16412122522],
      [0.033254345468, 0.0022323774763, 0.84399017216, 0.1205231049],
      [0.00034031894755, 0.9477375863, 0.016204045768, 0.03571804898],
      [0.31347925372, 0.014416579014, 0.45116615934, 0.22093800792],
      [0.043061203321, 0.0074287990537, 0.44077203644, 0.50873796119]
    ],
    [
      [9.8156330408e-06, 0.2154393868, 0.59730369183, 0.18724710574],
      [0.030050893874, 9.754200242e-05, 0.86947594726, 0.10037561687],
      [0.00024668844934, 0.87873443906, 0.045749326381, 0.075269546111],
      [0.30113330001, 0.0040541630885, 0.49926781869, 0.19554471821],
      [0.042352298481, 0.0040021735202, 0.49799497081, 0.45565055719]
    ],
    [
      [0, 0.26881697132, 0.48467508635, 0.24650794233],
      [0.047233885437, 0.00028625511687, 0.85346657119, 0.099013288257],
      [0.00027113793827, 0.88913845845, 0.030744229692, 0.079846173919],
      [0.4291457532, 0.0029219808235, 0.40496373427, 0.16296853171],
      [0.068963612455, 0.0044818073397, 0.48872764957, 0.43782693063]
    ],
    [
      [8.632309749e-06, 0.24064291759, 0.55965127029, 0.19969717981],
      [0.030277001925, 0.0003078191688, 0.85912951572, 0.11028566318],
      [0.00046018966763, 0.88891687908, 0.039524984194, 0.071097947063],
      [0.29957442642, 0.0050226888732, 0.48461286777, 0.21079001693],
      [0.041207331043, 0.0047885854751, 0.47313632827, 0.48086775521]
    ],
    [
      [0, 0.30033495389, 0.55487780086, 0.14478724525],
      [0.043260200143, 0.0010965755324, 0.87746516073, 0.078178063597],
      [8.0135443175e-05, 0.92986335488, 0.030491206102, 0.039565303575],
      [0.40944802557, 0.0038610748835, 0.44628233439, 0.14040856515],
      [0.065083511748, 0.0092380326897, 0.53932909059, 0.38634936497]
    ],
    [
      [0, 0.18128016001, 0.63237419815, 0.18634564185],
      [0.039654346369, 0.00096458326881, 0.86514549206, 0.094235578302],
      [0.00015179724174, 0.85740086463, 0.055751284546, 0.086696053583],
      [0.37236238084, 0.0032648561824, 0.45519763392, 0.16917512906],
      [0.057780002774, 0.0034397213869, 0.50266517228, 0.43611510356]
    ],
    [
      [2.6877349947e-05, 0.15151355482, 0.65559705589, 0.19286251194],
      [0.030100640445, 0.0015428531324, 0.87284845061, 0.095508055812],
      [0.00034792664126, 0.83101842365, 0.065784477218, 0.10284917249],
      [0.30245321517, 0.0031891279789, 0.50610264265, 0.18825501419],
      [0.04301037001, 0.0026639378977, 0.50843141939, 0.44589427271]
    ],
    [
      [2.5893236082e-06, 0.21667609122, 0.58351653042, 0.19980478904],
      [0.026738998771, 0.0012489420246, 0.86403204515, 0.10798001406],
      [0.00011623353486, 0.87825100196, 0.044433125172, 0.077199639331],
      [0.27610663418, 0.0041811273179, 0.50456214737, 0.21515009114],
      [0.036774665036, 0.0051801390031, 0.48180678188, 0.47623841409]
    ],
    [
      [9.9777941756e-06, 0.29525232281, 0.53891914109, 0.16581855831],
      [0.028543162538, 0.0044025541527, 0.86682447676, 0.10022980655],
      [0.00017970412615, 0.92222041868, 0.029022139273, 0.048577737923],
      [0.28874331652, 0.013888172276, 0.50034027653, 0.19702823468],
      [0.040634099474, 0.0053660332076, 0.49359250836, 0.46040735896]
    ],
    [
      [0, 0.19234349577, 0.63197471248, 0.17568179174],
      [0.017974409878, 0.00022524558355, 0.894156464, 0.087643880535],
      [9.3791718271e-05, 0.87627300382, 0.045697380325, 0.077935824137],
      [0.22420504407, 0.0028841860081, 0.57390983015, 0.19900093977],
      [0.029441500895, 0.0029977927123, 0.53093692341, 0.43662378298]
    ],
    [
      [0, 0.22580833165, 0.56748044738, 0.20671122098],
      [0.019485914684, 5.3185045328e-05, 0.86254763238, 0.11791326789],
      [5.4696228822e-05, 0.87976315691, 0.040954756772, 0.079227390084],
      [0.22088239686, 0.0052022953223, 0.52935713738, 0.24455817043],
      [0.02725290522, 0.0035239547549, 0.46341713725, 0.50580600277]
    ],
    [
      [2.8655848278e-05, 0.04636793865, 0.78178064971, 0.17182275579],
      [0.033053199506, 0.0071505609362, 0.89533103153, 0.064465208024],
      [0.00061600335339, 0.60175793769, 0.19227358791, 0.20535247105],
      [0.33382300901, 0.0010747248762, 0.52710722634, 0.13799503978],
      [0.055155806016, 0.0010335140098, 0.56447186428, 0.3793388157]
    ],
    [
      [0, 0.10547043581, 0.65136163923, 0.24316792495],
      [0.023930055587, 0.003034823136, 0.87234781418, 0.1006873071],
      [0.00016521766801, 0.73963837932, 0.094831688868, 0.16536471415],
      [0.26609734054, 0.0012013235575, 0.51540968624, 0.21729164966],
      [0.033892747228, 0.0018767834834, 0.50280715724, 0.46142331205]
    ],
    [
      [3.2202775416e-05, 0.082385991397, 0.70995165283, 0.207630153],
      [0.03114661482, 0.0042857638666, 0.87249794195, 0.092069679365],
      [0.00041439040821, 0.71613785857, 0.11313651067, 0.17031124035],
      [0.30990489485, 0.0016258095878, 0.50482688594, 0.18364240962],
      [0.044425095242, 0.0019221399641, 0.51395827161, 0.43969449319]
    ],
    [
      [1.5267895619e-05, 0.14288510885, 0.67321842374, 0.18388119952],
      [0.029906703811, 0.00061495934817, 0.88476294275, 0.084715394091],
      [0.00022137415904, 0.83027003584, 0.064602561671, 0.10490602833],
      [0.30695492388, 0.0022009825756, 0.51944720195, 0.17139689159],
      [0.044402661261, 0.0025596922974, 0.54110147417, 0.41193617227]
    ],
    [
      [1.907463766e-06, 0.39147477567, 0.19236871847, 0.4161545984],
      [0.036362488855, 0.00086711031479, 0.84613698956, 0.11663341127],
      [3.1967467109e-05, 0.95610125362, 0.011268404094, 0.032598374818],
      [0.33915310552, 0.0067028628316, 0.44905697287, 0.20508705877],
      [0.047360112605, 0.0079806763254, 0.46708962565, 0.47756958542]
    ],
    [
      [2.8287444219e-05, 0.19015943374, 0.5912000138, 0.21861226502],
      [0.032007704332, 0.00040930851217, 0.85055804719, 0.11702493997],
      [0.00038657486132, 0.8570385698, 0.048412516381, 0.094162338962],
      [0.30716765411, 0.0043109182609, 0.46946751888, 0.21905390874],
      [0.041808848587, 0.003790013954, 0.45543929147, 0.49896184599]
    ],
    [
      [3.5130414223e-05, 0.32301158075, 0.50692786497, 0.17002542387],
      [0.027389044429, 0.00066829689338, 0.86248609969, 0.10945655898],
      [0.00022174453857, 0.92634419665, 0.025802985548, 0.047631073266],
      [0.28123260609, 0.0048440325373, 0.4962268027, 0.21769655868],
      [0.036987850668, 0.0077139623107, 0.47531360135, 0.47998458567]
    ],
    [
      [2.18959107e-05, 0.3264326568, 0.50661743915, 0.16692800814],
      [0.034348138492, 0.00095758240293, 0.85821137326, 0.10648290585],
      [0.00019057515367, 0.92734775999, 0.026159517681, 0.046302147178],
      [0.32991077362, 0.0048143410739, 0.46613408304, 0.19914080227],
      [0.046849567902, 0.0072678223982, 0.47514578774, 0.47073682196]
    ],
    [
      ["NaN", "NaN", "NaN", "NaN"],
      [0.053160450215, 0.0047912895059, 0.82179155136, 0.12025670891],
      [0.00040346509748, 0.7660994713, 0.081176428248, 0.15232063536],
      [0.45140047929, 0.0031754765175, 0.36886716921, 0.17655687499],
      [0.070717797073, 0.0036923416223, 0.43366558939, 0.49192427192]
    ],
    [
      [7.8131946385e-06, 0.24509866548, 0.5635623255, 0.19133119582],
      [0.029533397744, 0.0007699625436, 0.85929109502, 0.1104055447],
      [0.00027138233822, 0.89587460468, 0.036780510321, 0.067073502662],
      [0.29933354567, 0.0034882325751, 0.48117864335, 0.21599957841],
      [0.040164564796, 0.0054363097693, 0.47260260698, 0.48179651845]
    ],
    [
      [1.3562639381e-05, 0.27230626153, 0.51480360382, 0.21287657201],
      [0.027940651373, 2.3274035436e-06, 0.84149730719, 0.13055971404],
      [0.00016956312355, 0.89885292546, 0.031951324754, 0.069026186668],
      [0.27547792036, 0.0043401217738, 0.46979585885, 0.25038609902],
      [0.035077748824, 0.0052873210255, 0.42899788182, 0.53063704833]
    ],
    [
      [1.376069304e-05, 0.24328584477, 0.52092238438, 0.23577801016],
      [0.030407033648, 0.0006736087676, 0.83004630628, 0.1388730513],
      [0.00018809967405, 0.88151836091, 0.035032913087, 0.083260626329],
      [0.29321339919, 0.0033057098901, 0.43940196302, 0.2640789279],
      [0.037006942887, 0.0036052809123, 0.40683636104, 0.55255141516]
    ],
    [
      [0, 0.18788867956, 0.60508629097, 0.20702502947],
      [0.01299495909, 0.0087054619654, 0.86667727496, 0.11162230399],
      [3.7298628278e-05, 0.88048840351, 0.040809399895, 0.078664897969],
      [0.22142982768, 0.0033994638213, 0.45524732092, 0.31992338758],
      [0.019607724174, 0.015656292606, 0.48095407847, 0.48378190475]
    ]
  ],
  "expected_outcome": [
    [
      [0.0010769336775, 8.6401497752e-05, 0, 0.0014795690515, 0.0026538099184, 0.0011515605157, 0.00052022855116, 0, 0.00034529238996, 0, 0, 0.00083319784837, 0.00024339641917, 0.0008980014758, 0, 0, 0.00057311696556, 0, 0.00067625828373, 0.00047330476418, 1.5259710128e-05, 0.00059403632859, 0.0011593036694, 0.0011604832671, 0, 0.00051567084614, 0.00084088364159, 0.0013898299971, 0],
      [25.1796108544, 10.0351352435, 6.6578519422, 12.1091743096, 19.6535413568, 17.0310847834, 11.4182875002, 4.0322545699, 9.6257167035, 1.8020097234, 12.1457707205, 4.6969201995, 20.3675525742, 26.5727090527, 4.4239004028, 6.7742499494, 0.92735877301, 2.2148791521, 1.7301058193, 4.4294383742, 3.1317982054, 3.9933481085, 10.6593821647, 17.3009308105, 0, 16.1765119218, 16.8829882149, 24.5718703213, 5.0729943482],
      [43.469670266, 21.0323780493, 38.5837726598, 17.9977979605, 42.4734000215, 18.0746721968, 31.6570956669, 7.2701262952, 22.3860508116, 3.3292668052, 42.3690712758, 20.3235087326, 54.8505538592, 48.5027226981, 14.5354183871, 17.0244134213, 15.6356129942, 13.6785944239, 14.9089847094, 20.869771136, 1.5389497478, 12.4152002898, 16.728619544, 26.850724275, 0, 37.195113483, 31.9178234367, 52.6131608221, 16.3373298562],
      [15.349641946, 6.9324003058, 14.758375398, 6.8915481608, 13.8704048117, 6.8930914593, 9.9240966044, 3.6976191349, 7.9878871924, 0.86872347148, 12.4851580037, 5.9787378701, 18.7816501701, 14.9236702478, 4.0406812101, 6.2013366294, 3.4364551158, 5.106526424, 4.360233213, 5.7003171851, 3.3292367872, 4.5908575654, 5.6108389876, 8.8471844313, 0, 12.6278589243, 13.1983474647, 23.8135790266, 5.5896757956]
    ],
    [
      [13.6226359559, 10.8838715808, 0.2527349466, 12.0407822259, 11.8607470968, 8.812401549, 26.2644812456, 42.5577307791, 22.5563664341, 5.7968668192, 36.5613073518, 12.461665144, 15.6957922786, 15.4989372581, 9.849976613, 8.3594573994, 16.06385496, 18.1150520795, 11.1816347205, 20.8150658525, 21.4902309132, 9.7623498213, 8.3810475951, 18.3419059545, 4.4123173679, 22.3272486946, 14.7247232738, 43.9685706553, 1.7413245181],
      [1.756686739, 0.50871440721, 7.2002221177, 0.74455165549, 2.4640047589, 0.59158003121, 0.085251710115, 0.2579158603, 0.22932528075, 0.14694112135, 0.88934577385, 0.63874119683, 0.73312896845, 2.3905869049, 0.12343457978, 0.022816384446, 3.475172615, 2.297361114, 1.5385892281, 0.42801170632, 0.51246219604, 0.12483909621, 0.20449884937, 0.51134900317, 0.39767702899, 0.58209168296, 0.0012265416675, 0.97403827795, 1.1665319034],
      [402.4956752798, 359.9036934367, 110.908449444, 306.9414619036, 318.6253970784, 223.6573956222, 759.9219779034, 768.973380641, 640.0514892127, 117.5803315375, 797.6641436797, 361.3592585531, 507.1868105018, 470.6856908781, 489.9977422738, 370.0329342923, 435.1308813252, 660.3672953351, 313.2267611592, 615.7950081539, 500.0669608324, 259.4202043931, 263.9207465066, 458.2848733187, 68.2086987632, 649.6240678321, 443.4690808868, 1200.2469588825, 116.1347548442],
      [53.1250020253, 44.7037205753, 10.6385934918, 45.273204215, 38.0498510659, 31.9386227975, 87.7282891409, 89.2109727196, 82.1628190725, 10.4758605219, 86.8852031946, 39.540335106, 63.3842682512, 54.4247849589, 48.0288465333, 50.5847919239, 31.3300910998, 76.2202914715, 33.0530148922, 58.9619142872, 68.9303460584, 35.6926066894, 33.4937070489, 56.8618717236, 9.9813068399, 83.4665917903, 68.8049692977, 200.8104321843, 14.9573887344]
    ],
    [
      [0.149588922, 0.060580151739, 0.0028138375704, 0.12244055108, 0.16540820338, 0.16539500851, 0.098182002837, 0.046364587444, 0.20202326409, 0.005930022795, 0.090319358833, 0.071324961459, 0.054397294317, 0.17431300237, 0.010410880728, 0.011431511824, 0.045584248151, 0.019495684826, 0.032736842249, 0.02767176988, 0.0024934624345, 0.071516349345, 0.058540558181, 0.10405403391, 0.012910883119, 0.2108640768, 0.071386075014, 0.13091737314, 0.0061542736658],
      [724.5675702253, 504.6131475624, 134.8626254148, 370.4170741885, 462.7575575597, 460.600466944, 349.7363067455, 152.0426763952, 390.2345099144, 68.8098882612, 510.1535144544, 170.358776848, 411.0214689183, 894.5538061174, 97.2663034241, 183.8704997952, 44.5300873894, 87.2773287596, 56.5748908269, 103.7837544796, 74.5758977824, 158.5521354122, 244.5548679149, 506.3318769533, 24.5151830815, 696.0945678352, 378.4170816166, 613.5367791934, 145.2805865788],
      [21.4975584965, 18.4131923152, 12.654248391, 9.3948613398, 16.5817645702, 7.8751662432, 18.2082318996, 5.2572632773, 17.351468061, 2.2563492515, 33.1720143047, 13.4858178297, 20.7947025806, 28.1514750948, 5.0724092161, 8.5595441654, 14.228245505, 11.1901392864, 8.937784343, 8.0753202089, 0.87893551935, 8.9563155304, 6.8119881847, 14.2830966539, 2.5976457039, 28.5784565197, 13.4515077213, 24.3829075087, 6.7335509827],
      [41.7852823563, 32.9130799706, 11.4803123566, 20.0656239206, 28.4952696667, 17.3589718044, 29.9572793521, 13.6536957401, 31.2119987605, 2.9278324645, 51.5841518821, 21.0840803609, 36.1294312068, 47.1204057854, 8.6508764792, 16.5585245277, 15.1960828574, 19.5130362692, 13.4545879878, 13.1132535416, 2.5426732358, 17.420032708, 12.5746033423, 25.280972359, 4.8742603315, 52.1161115683, 29.060024587, 57.9493959247, 12.9797081648]
    ],
    [
      [17.4468339352, 14.0007137121, 0.6014528647, 16.2292068275, 8.5612390905, 7.5235020893, 21.6815976007, 23.603016426, 19.1727632912, 6.9606164348, 30.1613528482, 10.2834093159, 17.9469312215, 15.8808824085, 4.9325109695, 6.1847071121, 10.0146902703, 8.781212238, 9.2971468454, 19.3381602044, 11.1920524823, 8.9078619693, 9.561908607, 18.8049140961, 4.5140047929, 28.4366868384, 15.1512856199, 23.1638585361, 0.66428948304],
      [0.27797681234, 0.20736738687, 0.40006374534, 0.25115018517, 0.16093179841, 0.34599789633, 0.29189974237, 0.16070894529, 0.32145208788, 0.06563827302, 0.26445335077, 0.10843035128, 0.27177327566, 0.76384947519, 0.063452092177, 0.14566426902, 0.032241746286, 0.039643677399, 0.048774287634, 0.13866190226, 0.22119447344, 0.12501662957, 0.16469710627, 0.27441744121, 0.031754765175, 0.33138209464, 0.23870669756, 0.26115108132, 0.010198391464],
      [29.0978750139, 25.717441448, 3.8299793814, 22.6961716496, 12.9735374075, 10.8279878243, 35.9472829456, 22.2730053846, 31.0152235373, 7.5867996846, 36.8710083475, 17.2074898502, 32.796539579, 27.5187152089, 12.6260162633, 14.8219998467, 15.8132167901, 17.0085196458, 15.1448065783, 32.7251737228, 14.8188801047, 13.6145580475, 16.8717112918, 26.5696427335, 3.6886716921, 45.7119711181, 25.8387722366, 34.7127550782, 1.3657419628],
      [13.1773142386, 11.0744774531, 1.1685040085, 11.8234713377, 5.3042917036, 5.3025121901, 14.0792197113, 8.9632692441, 13.4905610836, 2.3869456076, 13.7031854535, 6.4006704826, 13.9847559239, 10.8365529074, 4.378020675, 6.8476287722, 4.1398511933, 7.1706244388, 5.5092722886, 10.7980041705, 6.7678729395, 6.3525633536, 7.401682995, 11.3510257292, 1.7655687499, 20.5199599489, 13.771235446, 20.8622353044, 0.95977016274]
    ],
    [
      [3.7798642532, 3.0547481539, 0.14299835113, 3.6060908265, 3.4099517994, 2.4975497926, 4.9552189223, 7.7928882074, 5.0685017183, 1.2365867232, 9.1870204411, 3.1827673807, 4.3026358092, 5.4449693295, 1.2071015367, 1.4444039767, 1.8752974045, 3.0842399978, 2.4878053335, 3.8186288684, 3.3152078824, 2.2576778237, 1.9973439361, 3.7479654321, 1.0607669561, 6.0246847193, 3.0517641477, 6.7352636055, 0.58823172523],
      [1.218155369, 0.63563540004, 1.87923678, 0.47804966118, 0.96396452614, 0.43087034511, 0.46825430187, 0.50644422938, 0.58899601344, 0.1755226211, 0.54691570052, 0.19713140443, 0.60607626336, 0.71904844982, 0.1229095012, 0.18676960201, 0.035139476335, 0.17078729699, 0.10763983799, 0.22013353758, 0.55864734278, 0.20466075352, 0.41655396478, 0.58142579186, 0.055385124335, 0.8154464654, 0.45999692922, 0.65616112604, 0.46968877817],
      [45.4392209438, 40.9332947508, 12.0235501237, 36.9697071464, 37.3459009223, 25.5647781135, 58.2654115845, 55.2262244019, 58.1957683773, 10.2472527212, 79.9237623922, 37.6239250345, 56.3713934795, 66.1413961202, 21.7684138597, 24.5611082744, 19.1920433855, 45.7554513088, 28.7816632101, 46.5347267784, 32.6962737958, 24.5937217392, 25.6669344729, 38.011663019, 6.5049838408, 70.8903910471, 37.3228157185, 74.0442177084, 14.4286223542],
      [47.5627594339, 40.3763216952, 7.9542147451, 43.9461523659, 35.2801827521, 29.5068017488, 53.3111151913, 49.4744431613, 59.146733891, 7.3406379345, 69.3423014661, 32.9961761803, 55.719894448, 61.6945861005, 17.9015751024, 26.8077181469, 12.8975197337, 41.9895213965, 24.6228916184, 35.4265108156, 33.4298709791, 26.9439396836, 25.9191676262, 37.658945757, 7.3788640788, 72.2694777682, 46.1654232046, 100.56435756, 14.5134571424]
    ]
  ],
  "prob": [
    [1.3349231055e-05, 0.23969390088, 0.56365584306, 0.19663690683],
    [0.030767263885, 0.0020536038647, 0.86059905422, 0.10658007803],
    [0.00022038716368, 0.89332388141, 0.038410613123, 0.068045118304],
    [0.30799588926, 0.0047653602386, 0.48114924337, 0.20608950714],
    [0.042452696723, 0.0061233699635, 0.47843680906, 0.47298712425]
  ],
  "iterations": 320,
  "logLik": -393.4436662588,
  "time": 0.113166,
  "message": "Converged",
  "status": 0,
  "miniter": 0,
  "maxiter": 1000,
  "maxtime": 3600,
  "param_threshold": 0.001,
  "ll_threshold": "-Inf",
  "initial_prob": "group_proportional",
  "adjust_prob_cond_method": "project_lp",
  "adjust_prob_cond_every": false,
  "cond_prob_inv": [
    [
      [0, 0, 0, 4.1690230337e-05, 0, 1.0514457054e-05, 0, 0, 0, 0, 0, 0, 0, 0, 0, 0, 0, 0, 0, 0, 0, 0, 4.9117184556e-05, 2.814257954e-05, 0, 0, 0, 0, 0],
      [0.38380688835, 0.38055477976, 0.50546989321, 0.3673638012, 0.48695210841, 0.46268864657, 0.49052127234, 0.57746860076, 0.47671102186, 0.40795567042, 0.47723161366, 0.47192734892, 0.40767418573, 0.41241235985, 0.61568182537, 0.53047468713, 0.56205092111, 0.59320793242, 0.47848118091, 0.46486841761, 0.58969123888, 0.46001644172, 0.41266656755, 0.44219120041, 0.4522650726, 0.38419873569, 0.44232142418, 0.58456592037, 0.56259854604],
      [0.0024182348583, 0.0023552857455, 0.0056276751409, 0.0013131243156, 0.003046820992, 0.001929180352, 0.0013986985603, 0.00031577527058, 0.0015666934429, 0.00084714611357, 0.0023768252324, 0.0020962083193, 0.0019824599186, 0.0029392190952, 0.00088720471849, 0.001428938978, 0.0020772584185, 0.0011888409205, 0.0015538236528, 0.00068162960828, 0, 0.001905495923, 0.0011974023668, 0.0015739419729, 0.0025821766239, 0.0020373598863, 0.0015269791645, 0.0013520276267, 0.0041028491106],
      [0.49700125846, 0.4992031894, 0.35105750417, 0.50894314293, 0.35609652843, 0.39122970199, 0.40623146791, 0.31225148525, 0.4042348434, 0.49671024654, 0.39033751195, 0.39230470847, 0.46796974055, 0.42282585017, 0.30211729371, 0.37184719855, 0.35871328915, 0.29579081835, 0.40188838449, 0.43992111502, 0.31049219989, 0.42058982188, 0.47803673787, 0.45698371852, 0.43262777545, 0.49952249208, 0.45565479059, 0.31477728277, 0.24738848063],
      [0.11677361833, 0.11788674509, 0.13784492749, 0.12233824133, 0.15390454218, 0.14414195663, 0.10184856118, 0.10996413872, 0.1174874413, 0.094486936926, 0.13005404916, 0.13367173428, 0.1223736138, 0.16182257089, 0.081313676209, 0.096249175338, 0.077158531319, 0.1098124083, 0.11807661095, 0.094528837767, 0.099816561238, 0.11748824048, 0.10805017502, 0.099222996524, 0.11252497533, 0.11424141235, 0.10049680606, 0.099304769236, 0.18591012421]
    ],
    [
      [0.027904969379, 0.015491069875, 0, 0.027409686203, 0.030771819013, 0.033569091156, 0.026541256075, 0.02496696708, 0.020233013425, 0.021731084612, 0.018877611344, 0.022036861727, 0.039411215181, 0.023580885686, 0.035119476089, 0.030242474181, 0.017938690197, 0.0236312488, 0.025437073118, 0.03316001107, 0.035046199063, 0.020244476926, 0.037146636787, 0.029332707825, 0, 0.01824215513, 0.037473697324, 0.033139668335, 0.020361700207],
      [0.0040174140177, 0.0018237791651, 0.089614887938, 0.0022734798805, 0.0098780031799, 0, 0.00047100392329, 0.0032855523605, 0.0011437669863, 0.0013702525699, 0.00052140094674, 0, 0.0033824579724, 0.004387423279, 0.0024202858781, 4.9680728049e-05, 0.0007317360537, 0.001363803008, 0, 0.00090679950212, 0.003706424263, 0, 0, 0, 0.0036127803835, 0.0016305089159, 0, 0.0016858911879, 0.014175582333],
      [0.96620153148, 0.98170936201, 0.88244672185, 0.97031683392, 0.95660884772, 0.96561602288, 0.97199910624, 0.97016904004, 0.97736570156, 0.97459040223, 0.97984285216, 0.97726656095, 0.95579720445, 0.97092606468, 0.96239023791, 0.9690202577, 0.98105598295, 0.97434259139, 0.97367600853, 0.96470558937, 0.95897576611, 0.97841403011, 0.96189799378, 0.97011330159, 0.99271612504, 0.97950412813, 0.96185188939, 0.96512427544, 0.96060418041],
      [0, 0, 0.0050633808369, 0, 0.00023237126864, 0.000814885968, 0.00050502376232, 0.00026144689909, 0.00057316085189, 0.00010407938675, 0.00035812465358, 0.00048498030521, 0.0003766180883, 0.0011056263505, 7.0000126648e-05, 0.00057870857201, 0.00027359080392, 0, 0.00042630843216, 0.00053173207627, 0.00063212898867, 0.00067124057105, 0, 3.6422557534e-05, 0.0014994054182, 0, 0.00014128188073, 0, 0],
      [0.0018760851276, 0.00097578894507, 0.022875009379, 0, 0.0025089588188, 0, 0.0004836100034, 0.0013169936167, 0.00068435717459, 0.0022041811971, 0.00040001089596, 0.00021159702037, 0.0010325043112, 0, 0, 0.00010887882031, 0, 0.00066235679713, 0.0004606099182, 0.00069586797777, 0.0016394815798, 0.00067025239556, 0.0009553694358, 0.00051756803163, 0.0021716891557, 0.0006232078203, 0.00053313140894, 5.0165040969e-05, 0.0048585370488]
    ],
    [
      [0.090558630643, 0.05113647108, 0.23633468979, 0.051832111378, 0.11219270892, 0.069502134735, 0.038299563577, 0.0078697382623, 0.031987397605, 0.025952106719, 0.046787693247, 0.048963265004, 0.089273427769, 0.085694482005, 0.028995583008, 0.04314941987, 0.032598530534, 0.018615200967, 0.041509602428, 0.030868275033, 0, 0.042892398511, 0.056254937614, 0.052891837021, 0, 0.050299511778, 0.064255012635, 0.042377460069, 0.12072432288],
      [0.74265605691, 0.77489752581, 0.59303888267, 0.78153284131, 0.74107872506, 0.78385960858, 0.84275409634, 0.89887316277, 0.83474699129, 0.83614170138, 0.80874671036, 0.80625407916, 0.7552887365, 0.73458805525, 0.90330902316, 0.85228099506, 0.87635987595, 0.88741265529, 0.8262773154, 0.85328263333, 0.91247005866, 0.81594070383, 0.80174713186, 0.81483474434, 0.84453173556, 0.78349367464, 0.80486606515, 0.86778349785, 0.74593554354],
      [0.032125605295, 0.033174978166, 0.083231407429, 0.019264521075, 0.031715464777, 0.022668217747, 0.016591848539, 0.0027465574198, 0.019153348041, 0.012376260988, 0.027858298344, 0.024947084824, 0.025640106209, 0.03567843382, 0.0061449449517, 0.015803437095, 0.022877376483, 0.01127229123, 0.018762517243, 0.0077114290554, 0, 0.023605735176, 0.01605184272, 0.02012528742, 0.029040650499, 0.028753092466, 0.019336757204, 0.013510776655, 0.034857152911],
      [0.051878989818, 0.053311717191, 0.020804320772, 0.054765606124, 0.029199283749, 0.03619403502, 0.03855712608, 0.025484041162, 0.039071129571, 0.05256849153, 0.036468280655, 0.037158819561, 0.047055835115, 0.04154028268, 0.022534523779, 0.033118385073, 0.031058589873, 0.021512252899, 0.038627939786, 0.043933936252, 0.026331747693, 0.041224251312, 0.04914927608, 0.045553105179, 0.045711917173, 0.052721434757, 0.044875516441, 0.023577283992, 0.0064337638342],
      [0.082780717337, 0.087479307748, 0.066590699336, 0.092604920113, 0.085813817492, 0.087776003923, 0.063797365463, 0.065026500383, 0.075041133491, 0.072961439378, 0.080139017392, 0.082676751453, 0.082741894402, 0.10249874625, 0.039015925099, 0.055647762899, 0.037105627157, 0.06118759961, 0.074822625139, 0.064203726334, 0.061198193642, 0.076336911167, 0.076796811732, 0.066595026041, 0.080715696769, 0.084732286363, 0.066666648575, 0.052750981437, 0.092049216835]
    ],
    [
      [0.081314504381, 0.045419208978, 0.38983533082, 0.047277300996, 0.10765633505, 0.066402143161, 0.044970563217, 0.026182309097, 0.037568313703, 0.033243581048, 0.046103911716, 0.048000406455, 0.090123406201, 0.070145596696, 0.043906220272, 0.050969063442, 0.042115506172, 0.032678365246, 0.045168112198, 0.040620384432, 0.045490002383, 0.04414807842, 0.057945285015, 0.055486989043, 0, 0.046165591031, 0.068372215702, 0.052117456953, 0.10597452086],
      [0.30422259245, 0.31839080212, 0.20438610678, 0.3472453329, 0.30851855807, 0.35192382047, 0.44093418489, 0.51890572728, 0.41348193355, 0.42897303277, 0.362384359, 0.36712786139, 0.33239226441, 0.27942557004, 0.5602664221, 0.4650531134, 0.47831016665, 0.50195750661, 0.40967007, 0.46508324155, 0.58799804885, 0.38521505715, 0.39023664867, 0.40216689269, 0.41583163267, 0.33638900997, 0.39834693007, 0.49236441465, 0.29668380813],
      [0.25119023689, 0.24935648069, 0.2376027566, 0.15442261324, 0.24331204446, 0.18626549824, 0.15929826379, 0.098792730421, 0.16635976514, 0.12696535819, 0.22992304013, 0.20490939327, 0.19592726396, 0.25880826974, 0.11420663138, 0.15906329551, 0.21539410983, 0.13262095016, 0.16537262314, 0.11479051951, 0.019486212849, 0.19723371601, 0.1462712641, 0.18053802101, 0.20016593405, 0.22238734468, 0.171826734, 0.14726355751, 0.27699994549],
      [0.084716628494, 0.089551841807, 0.025678323739, 0.10262633292, 0.048293036666, 0.064008915032, 0.079134726269, 0.060373039821, 0.075904258858, 0.10943790026, 0.064286726177, 0.06597407777, 0.08208804803, 0.061933428423, 0.059038582553, 0.070405738124, 0.065870552505, 0.053567401874, 0.074243748056, 0.094978566908, 0.063390272895, 0.075908410539, 0.096705931015, 0.089661388408, 0.080565492461, 0.094037278977, 0.088515550936, 0.057000904607, 0.025726554363],
      [0.27855603778, 0.29728166641, 0.14249748206, 0.34842841995, 0.29222002575, 0.3313996231, 0.27566226183, 0.29574619338, 0.30668572875, 0.30138012774, 0.29730196297, 0.31398826112, 0.2994690174, 0.32968713509, 0.22258214369, 0.25450878952, 0.19830966484, 0.27917577611, 0.30554544661, 0.2845272876, 0.28363546302, 0.29749473788, 0.30884087121, 0.27214670885, 0.30343694081, 0.30102077535, 0.27293856929, 0.25125366628, 0.29461517115]
    ]
  ],
  "prob_inv": [
    [3.8389660116e-06, 0.48068370092, 0.0016109219968, 0.40413400265, 0.11356753547],
    [0.026368207465, 0.0037891056241, 0.96832824084, 0.00039208640394, 0.0011223596662],
    [0.04904794637, 0.82296182041, 0.019982772435, 0.037086048465, 0.070921412322],
    [0.057885790375, 0.40277543685, 0.17987463545, 0.073019203831, 0.2864449335]
  ],
  "candidates_id": ["WILLIAMS, Joseph.c", "GOLDSMITH, Paul Jonathan.c", "GOSCHE, Mark James.c", "Other candidates votes.c"],
  "group_id": ["Green Party.p", "Labour Party.p", "National Party.p", "New Zealand First Party.p", "Other parties votes.p"]
}
