{
  "Z_true": {},
  "V_true": [
    [23, 1642, 211, 1980, 49],
    [82, 782, 123, 10225, 321],
    [326, 859, 10012, 1771, 451],
    [140, 207, 215, 1287, 107],
    [444, 203, 442, 565, 314]
  ],
  "p_true": [
    [0.0059, 0.4205, 0.054, 0.507, 0.0125],
    [0.0071, 0.0678, 0.0107, 0.8866, 0.0278],
    [0.0243, 0.064, 0.7461, 0.132, 0.0336],
    [0.0716, 0.1058, 0.1099, 0.658, 0.0547],
    [0.2256, 0.1032, 0.2246, 0.2871, 0.1596]
  ],
  "Z_est": [
    [
      [0.046, 0.0068, 0.0068, 0, 0.0003, 0, 0, 0, 0.1037, 0.0072, 0.0128, 0.012, 0.0211, 0.0161, 0.0222, 0.0563, 0.0333, 0.0105, 0.0386, 0.0092, 0.0086, 0, 0.0432, 0.0145, 0, 0, 0, 0.0216, 0.0071, 0.0571, 0, 0.0095, 0.007, 0.0058, 0.0203, 0.028, 0.0147, 0.1057, 0.1012, 0, 0, 0.1235, 0.01, 0.0041, 0, 0],
      [63.9945, 7.5072, 37.0951, 2.7814, 30.7655, 94.873, 208.9214, 33.0469, 84.2348, 18.1077, 54.4621, 18.622, 68.4238, 70.0319, 34.3913, 48.6704, 36.6917, 69.0346, 28.4475, 44.8142, 30.0739, 49.1719, 170.3015, 33.7393, 153.9164, 28.4539, 3.4283, 46.8753, 16.5156, 30.044, 28.2463, 29.1595, 60.4233, 83.9982, 39.5687, 39.6464, 25.0759, 50.3924, 149.3818, 2.3774, 6.1899, 341.5969, 36.6583, 35.3815, 249.4241, 52.5586],
      [3.341, 0.5172, 2.386, 0.293, 1.9818, 2.1469, 6.0169, 2.3171, 4.6637, 1.0849, 3.08, 0.7167, 4.9401, 4.2947, 2.1382, 3.6427, 1.8473, 3.5669, 1.8627, 2.2428, 1.6178, 2.3528, 5.7502, 2.0586, 3.0121, 1.4324, 0.0821, 1.579, 0.9658, 1.5014, 1.2101, 0.8625, 2.4851, 2.6507, 1.5654, 2.1084, 0.9685, 2.6465, 8.3398, 0, 0.2962, 19.6787, 2.3495, 1.9639, 8.1122, 3.8813],
      [22.3667, 2.4868, 10.4857, 0.8342, 9.0834, 19.53, 60.0339, 8.7318, 23.3267, 7.0821, 14.0277, 4.178, 21.3042, 14.6375, 10.2096, 20.3859, 9.4825, 17.0131, 10.7802, 14.2014, 7.3344, 11.5266, 50.1377, 10.5943, 43.8554, 6.4395, 0.3923, 14.2334, 12.0805, 11.3685, 9.7636, 11.2893, 23.6354, 29.1582, 11.8544, 13.2932, 6.1733, 14.388, 41.532, 0.6226, 0.3979, 105.7355, 13.0212, 10.1373, 64.791, 19.9647],
      [2.2518, 0.482, 1.0264, 0.0914, 1.169, 2.4501, 6.0278, 0.9042, 2.6711, 0.7182, 1.4174, 0.4713, 2.3108, 2.0198, 1.2387, 2.2446, 0.9453, 2.3749, 1.871, 1.7324, 0.9652, 0.9487, 3.7675, 0.5933, 3.2161, 0.6742, 0.0973, 1.2906, 0.4311, 1.0291, 0.78, 0.6793, 1.4493, 2.1872, 0.9912, 0.9241, 0.7676, 1.4674, 3.6452, 0, 0.116, 11.8654, 0.961, 0.5132, 4.6727, 1.5953]
    ],
    [
      [0.5394, 0, 0.3444, 0.104, 0.0538, 0, 0, 0.0653, 1.4514, 0, 0.4738, 0.3444, 0.3355, 0.5738, 0.2994, 0, 0.4983, 0.5591, 0, 0.4312, 0.6077, 0, 0, 0.1855, 0, 0.0012, 0, 0, 0, 0, 0, 0, 0, 0, 0, 0.304, 0.3321, 0.7928, 1.6696, 0, 0.6902, 3.3363, 0, 0.3434, 0, 0],
      [0, 0, 0.6918, 0.152, 0.3746, 1.874, 2.2699, 0.9271, 1.5843, 0, 1.3467, 1.5257, 0.3543, 1.753, 0.3028, 0, 0.851, 5.2642, 0, 0.2715, 3.5487, 8.3241, 1.5174, 0, 0.0675, 0.4421, 2.0912, 0, 0, 0, 0, 0, 0, 0, 0, 0, 2.0776, 0.4835, 2.8534, 0, 1.1909, 2.6447, 0, 1.0603, 10.1708, 0],
      [0.2136, 1.9982, 5.2456, 0.8097, 1.6224, 0, 0, 7.1906, 4.5301, 0, 3.4689, 0.3655, 2.4095, 4.885, 1.3849, 1.4127, 1.3068, 6.5441, 1.7824, 0.2535, 9.2179, 10.2034, 0, 1.2093, 0, 0.3796, 0.6096, 0, 0, 0, 0, 0, 0, 0, 0, 0.6088, 0, 1.3745, 7.2872, 0, 0.5846, 21.6447, 0.6383, 3.5033, 0, 0.703],
      [229.097, 67.8461, 172.6233, 10.5988, 91.4024, 89.7074, 236.3174, 152.177, 290.2569, 123.1524, 191.8468, 82.9057, 138.3643, 173.7185, 90.6737, 146.6096, 110.9773, 310.5615, 303.3987, 290.2048, 259.1793, 406.6434, 451.9258, 82.2032, 331.3476, 32.1709, 33.8655, 402.524, 127.4366, 286.552, 204.9784, 288.5108, 511.2674, 477.6958, 241.7228, 167.4871, 158.4883, 133.179, 467.7004, 10, 10.8574, 1506.6276, 61.9584, 187.2205, 801.2477, 86.1733],
      [7.1501, 4.1557, 5.0949, 0.3355, 3.5468, 3.4186, 7.4127, 4.64, 10.1773, 3.8476, 5.8639, 2.8587, 4.5364, 7.0698, 3.3392, 4.9777, 3.3666, 13.0711, 16.8189, 10.839, 10.4465, 9.8291, 10.5567, 1.402, 7.5849, 1.0062, 2.4337, 11.476, 1.5634, 8.448, 5.0216, 5.4892, 9.7326, 11.3042, 6.2772, 3.6002, 6.1021, 4.1702, 12.4894, 0, 0.6768, 51.7467, 1.4033, 2.8725, 17.5815, 2.1238]
    ],
    [
      [10.3698, 1.6578, 5.4404, 0, 2.0228, 5.2337, 14.9246, 2.7684, 15.9082, 3.1436, 14.2193, 3.6627, 13.2445, 13.8947, 8.3581, 9.9366, 10.1808, 4.267, 5.4726, 3.0228, 3.4067, 2.7599, 14.5299, 3.6104, 4.7014, 0.2524, 0, 7.9736, 3.3652, 11.3254, 1.8901, 5.9809, 9.157, 8.7063, 7.922, 6.1281, 6.0029, 4.5896, 25.528, 0, 0, 32.8934, 3.0714, 3.8818, 15.9122, 1.6123],
      [14.0889, 1.15, 10.777, 0, 12.1798, 34.8593, 52.8909, 7.4359, 22.0271, 3.2062, 30.3662, 7.971, 17.6334, 29.379, 10.9373, 4.1804, 15.1106, 12.9326, 0.6679, 7.456, 9.1122, 12.0515, 33.587, 4.7085, 39.6815, 8.1848, 1.2696, 15.3044, 0, 5.3308, 4.0499, 6.4646, 14.9749, 18.4471, 15.3335, 7.3597, 13.0749, 6.0012, 41.2775, 0.6226, 2.4435, 66.4667, 3.7072, 7.3289, 63.416, 2.6044],
      [300.352, 41.7133, 210.7509, 28.5139, 265.1963, 239.6745, 545.5557, 141.3426, 368.8969, 105.6087, 504.9851, 83.9521, 515.4534, 448.3654, 240.9977, 272.2119, 222.9458, 175.1567, 82.5399, 127.3655, 135.7579, 154.0633, 370.2169, 103.7769, 312.7752, 89.0204, 10.1582, 152.5755, 82.9583, 137.8987, 71.8144, 96.6645, 280.8826, 240.5055, 187.0754, 154.6753, 150.1799, 100.2907, 678.4915, 5, 16.9554, 1234.6807, 115.8283, 122.613, 578.3749, 132.6858],
      [45.5928, 3.8458, 15.7264, 0, 20.3523, 26.9553, 87.1526, 8.4238, 35.5724, 16.6582, 35.1194, 8.9241, 37.2541, 12.3836, 21.188, 35.2847, 21.0937, 16.5723, 10.0175, 17.0395, 11.177, 14.9713, 57.411, 11.821, 54.7705, 6.7614, 0.8254, 37.8354, 30.6891, 28.4785, 16.5092, 45.6818, 82.6078, 67.3687, 31.6498, 21.548, 19.3005, 11.4099, 65.3365, 2.3774, 0, 141.0485, 15.1427, 13.0187, 80.8443, 17.1569],
      [12.5964, 2.6332, 6.3053, 0.4861, 10.2488, 11.2773, 24.4762, 4.0294, 14.5955, 4.3833, 15.3101, 3.4902, 16.4145, 14.9773, 9.519, 11.3864, 7.669, 8.0714, 5.3021, 6.1162, 5.5461, 4.154, 12.2551, 2.0832, 11.0714, 2.7811, 0.7468, 7.311, 1.9874, 5.9666, 2.7364, 4.2082, 9.3778, 9.9723, 7.0192, 4.2889, 7.4419, 3.7086, 20.3665, 0, 0.6011, 49.9107, 3.2504, 2.1577, 17.4526, 3.9405]
    ],
    [
      [8.2339, 1.6126, 7.4317, 0.72, 1.1934, 2.6978, 5.6525, 6.886, 15.0944, 2.0548, 9.784, 2.8067, 8.3137, 9.172, 6.2221, 5.3625, 8.25, 9.6849, 7.1727, 7.7022, 4.7969, 12.0955, 15.8796, 3.7933, 5.0599, 0.3881, 0, 13.5089, 4.5778, 14.5986, 5.17, 8.8527, 10.8331, 14.1173, 13.1156, 6.0124, 8.3428, 7.121, 23.439, 0, 0.7483, 52.5667, 1.5955, 7.3391, 12.7031, 0.7531],
      [0.0824, 0.0112, 0.1127, 0, 0.0579, 0.1276, 0.1599, 0.1396, 0.1831, 0.0201, 0.1703, 0.0571, 0.0951, 0.1574, 0.0657, 0.0185, 0.1105, 0.3087, 0.032, 0.1284, 0.1148, 0.5186, 0.3333, 0.0338, 0.3151, 0.0755, 0.0451, 0.2282, 0, 0, 0.0265, 0, 0, 0.2235, 0.2263, 0.0531, 0.2009, 0.0739, 0.3259, 0, 0.0244, 0.7663, 0.018, 0.1118, 0.4027, 0.0166],
      [0.074, 0.0404, 0.2774, 0.1702, 0.0898, 0.025, 0.0488, 0.4668, 0.2524, 0.0258, 0.2407, 0.0257, 0.2375, 0.2417, 0.1347, 0.0952, 0.1155, 0.2945, 0.0849, 0.0973, 0.1436, 0.482, 0.0047, 0.0702, 0, 0.0552, 0.0165, 0, 0, 0, 0, 0, 0, 0, 0, 0.0609, 0.0309, 0.089, 0.4284, 0, 0.0153, 1.2697, 0.0323, 0.1573, 0.1095, 0.0322],
      [28.5508, 4.7371, 24.9627, 4.279, 12.7952, 12.4129, 25.5423, 26.7492, 36.3473, 8.3932, 29.6273, 6.7889, 27.2453, 21.4488, 17.0086, 17.2133, 18.3676, 37.6978, 18.9736, 35.4569, 17.0775, 55.8831, 52.7193, 11.0261, 40.1399, 8.8347, 2.7436, 46.7633, 24.7086, 33.1579, 26.0763, 33.5373, 51.5144, 66.6343, 44.1605, 17.7086, 25.0074, 16.7999, 62.3879, 0, 0.9037, 202.8055, 6.5053, 22.4153, 53.8734, 6.2945],
      [5.059, 1.5987, 4.2154, 0.8309, 2.8637, 2.7367, 4.5963, 4.7584, 7.1228, 1.5062, 5.1777, 1.3216, 5.1084, 4.9801, 3.5689, 3.3105, 3.1565, 9.0141, 5.7369, 7.6152, 3.8672, 8.0207, 7.0631, 1.0765, 5.4852, 1.6464, 1.1948, 7.4996, 1.7136, 5.2435, 3.7272, 3.6099, 5.6525, 9.0249, 6.4975, 2.1651, 5.4179, 2.9162, 9.4188, 0, 0.3084, 39.5919, 0.8489, 1.9765, 6.9113, 0.9036]
    ],
    [
      [7.811, 1.7228, 4.7767, 0.176, 0.7296, 4.0685, 9.4229, 4.2804, 14.4423, 2.7944, 9.5102, 3.1742, 6.0851, 10.3434, 6.0982, 6.6446, 6.0376, 6.4785, 5.3162, 3.8345, 6.1801, 6.1446, 11.5473, 2.3963, 4.2387, 0.3583, 0, 9.4959, 3.0499, 12.0189, 1.94, 6.1569, 9.003, 7.1706, 6.942, 4.5276, 5.3075, 5.3909, 18.2623, 0, 0.5616, 32.0802, 2.3231, 4.4316, 18.3846, 1.6346],
      [1.8342, 0.3316, 1.3234, 0.0665, 0.6223, 2.2661, 3.7579, 1.4505, 2.9706, 0.6661, 2.6546, 0.8243, 1.4934, 2.6788, 1.3029, 1.1306, 1.2363, 2.4599, 0.8526, 1.33, 2.1503, 2.934, 3.2607, 0.5184, 3.0196, 0.8437, 0.1657, 2.5921, 0.4844, 1.6252, 0.6772, 1.3759, 2.6019, 2.3312, 1.8715, 0.9408, 1.5707, 1.0491, 4.1613, 0, 0.1513, 9.5254, 0.6165, 1.1175, 7.5864, 0.8203],
      [3.0194, 0.731, 2.34, 0.2132, 1.1097, 2.1536, 4.3786, 2.6829, 4.6569, 1.2807, 4.2253, 0.94, 2.9595, 4.2132, 2.3445, 2.6374, 1.7846, 3.4379, 1.7301, 2.0409, 3.2629, 3.8984, 4.0282, 0.885, 3.2127, 1.1124, 0.1336, 2.8455, 1.0759, 2.5999, 0.9755, 1.4731, 3.6323, 2.8438, 2.3592, 1.5467, 1.8207, 1.5994, 6.4532, 0, 0.1484, 15.7262, 1.1516, 1.7624, 8.4035, 1.6977],
      [32.3928, 6.0842, 19.2019, 1.288, 9.3667, 22.3944, 50.9538, 19.9183, 41.4967, 13.714, 34.3789, 9.2033, 23.8321, 28.8116, 19.9201, 25.5065, 16.0789, 30.1552, 16.83, 21.0973, 26.2318, 33.9756, 45.8062, 8.3553, 39.8866, 9.7935, 1.1732, 38.6438, 18.0852, 32.4431, 11.6726, 26.9807, 50.975, 39.143, 27.6124, 15.9632, 19.0305, 15.2232, 58.0433, 0, 0.841, 147.7829, 11.3724, 16.2083, 93.2436, 16.4105],
      [5.9427, 2.1304, 3.358, 0.2562, 2.1717, 5.1173, 9.4869, 3.668, 8.4333, 2.5448, 6.2309, 1.8582, 4.6299, 6.9529, 4.3342, 5.0808, 2.8626, 7.4685, 5.2711, 4.6972, 6.175, 5.0474, 6.3576, 0.845, 5.6425, 1.8921, 0.5275, 6.4227, 1.3044, 5.3128, 1.7347, 3.0134, 5.7878, 5.5114, 4.2149, 2.0217, 4.2706, 2.7375, 9.08, 0, 0.2977, 29.8853, 1.5365, 1.4801, 12.382, 2.4368]
    ]
  ],
  "V_est": [
    [0.9844, 2847.5163, 132.5516, 843.9015, 80.0462],
    [14.3364, 56.0149, 103.3877, 11031.4028, 327.8582],
    [332.9294, 698.0524, 10637.4971, 1360.8979, 389.6233],
    [373.4561, 6.1727, 6.0361, 1344.276, 226.0591],
    [293.2938, 85.2437, 123.5276, 1247.5218, 218.4132]
  ],
  "p_est": [
    [0.0003, 0.7292, 0.0339, 0.2161, 0.0205],
    [0.0012, 0.0049, 0.009, 0.9565, 0.0284],
    [0.0248, 0.052, 0.7927, 0.1014, 0.029],
    [0.1909, 0.0032, 0.0031, 0.6873, 0.1156],
    [0.149, 0.0433, 0.0628, 0.6339, 0.111]
  ],
  "EI_Z": {},
  "EI_V": 11.5145,
  "MAE_Z": {},
  "MAE_V": 301.9651,
  "MAE_p": 0.0792,
  "runtime": 0.002
}
