{
  "X": [
    [15, 53, 117, 161, 22],
    [13, 32, 119, 162, 10],
    [5, 33, 45, 108, 14],
    [8, 93, 102, 132, 13],
    [9, 74, 77, 143, 21],
    [10, 76, 104, 156, 28],
    [14, 235, 189, 94, 38],
    [2, 125, 99, 88, 30],
    [13, 106, 115, 68, 19],
    [10, 90, 99, 89, 21],
    [14, 41, 73, 149, 30],
    [9, 34, 82, 102, 29],
    [8, 64, 87, 121, 12],
    [12, 80, 110, 88, 9],
    [8, 44, 114, 132, 26],
    [7, 59, 159, 111, 18],
    [5, 55, 74, 70, 10],
    [10, 23, 73, 123, 9],
    [6, 60, 156, 161, 14],
    [17, 48, 100, 188, 17],
    [5, 28, 97, 121, 7],
    [15, 60, 177, 177, 16],
    [8, 41, 95, 66, 6],
    [20, 15, 83, 169, 6],
    [30, 68, 147, 225, 16],
    [12, 13, 96, 95, 10],
    [23, 41, 90, 155, 10],
    [17, 62, 127, 81, 17],
    [20, 50, 100, 187, 11],
    [8, 49, 114, 111, 10],
    [21, 47, 136, 159, 10],
    [26, 29, 107, 112, 20],
    [32, 23, 73, 134, 5],
    [25, 41, 98, 180, 14],
    [21, 31, 102, 164, 11],
    [5, 20, 82, 125, 4],
    [21, 21, 126, 146, 13],
    [33, 16, 112, 129, 6],
    [16, 11, 71, 94, 10],
    [9, 23, 84, 117, 11],
    [19, 40, 139, 159, 10],
    [20, 31, 153, 131, 19],
    [15, 39, 136, 157, 21],
    [35, 45, 187, 224, 11],
    [24, 35, 145, 126, 14],
    [10, 38, 134, 115, 6],
    [19, 32, 148, 125, 18],
    [13, 36, 113, 145, 10],
    [27, 29, 112, 158, 9],
    [18, 19, 94, 120, 5],
    [25, 30, 106, 219, 6],
    [13, 27, 76, 141, 8],
    [13, 16, 98, 147, 7],
    [15, 18, 93, 86, 4],
    [26, 22, 136, 95, 8],
    [18, 37, 86, 136, 8],
    [22, 24, 67, 122, 7],
    [19, 17, 69, 94, 5],
    [35, 50, 94, 282, 15],
    [11, 64, 129, 122, 17],
    [14, 57, 121, 87, 17],
    [18, 53, 139, 101, 13],
    [20, 44, 146, 110, 37],
    [16, 70, 156, 78, 27],
    [23, 28, 68, 88, 11],
    [23, 101, 121, 230, 18],
    [14, 42, 86, 111, 2],
    [15, 29, 101, 158, 16],
    [33, 44, 98, 201, 13],
    [25, 18, 126, 166, 13],
    [29, 25, 68, 113, 8],
    [27, 45, 100, 112, 2],
    [19, 223, 142, 107, 39],
    [22, 149, 147, 118, 31],
    [12, 112, 74, 81, 29],
    [7, 195, 82, 27, 25],
    [5, 167, 77, 27, 21],
    [14, 32, 95, 90, 12],
    [20, 67, 107, 146, 13],
    [28, 43, 113, 196, 9],
    [288, 628, 1361, 2943, 121]
  ],
  "W": [
    [11, 18, 72, 111, 124, 32],
    [15, 12, 47, 109, 126, 27],
    [4, 4, 39, 48, 86, 24],
    [7, 5, 113, 98, 97, 28],
    [16, 14, 85, 70, 102, 37],
    [4, 10, 114, 93, 113, 40],
    [9, 11, 263, 167, 66, 54],
    [4, 4, 149, 88, 57, 42],
    [3, 15, 127, 105, 48, 23],
    [5, 9, 108, 89, 62, 36],
    [16, 14, 49, 82, 115, 31],
    [12, 12, 44, 90, 69, 29],
    [8, 7, 81, 75, 90, 31],
    [10, 8, 90, 98, 61, 32],
    [2, 10, 74, 100, 110, 28],
    [9, 11, 74, 150, 86, 24],
    [5, 5, 58, 71, 54, 21],
    [10, 7, 35, 71, 98, 17],
    [13, 10, 73, 147, 118, 36],
    [15, 16, 51, 105, 148, 35],
    [11, 9, 38, 95, 91, 14],
    [22, 12, 86, 157, 131, 37],
    [8, 6, 48, 90, 46, 18],
    [6, 18, 24, 72, 138, 35],
    [29, 32, 90, 125, 155, 55],
    [8, 18, 18, 85, 79, 18],
    [4, 22, 57, 86, 121, 29],
    [13, 13, 73, 120, 56, 29],
    [8, 29, 58, 97, 151, 25],
    [5, 9, 60, 116, 75, 27],
    [14, 22, 57, 134, 115, 31],
    [6, 27, 46, 99, 85, 31],
    [14, 32, 19, 64, 112, 26],
    [17, 26, 57, 81, 145, 32],
    [16, 19, 45, 98, 129, 22],
    [9, 7, 27, 72, 96, 25],
    [24, 24, 32, 105, 123, 19],
    [17, 39, 23, 96, 102, 19],
    [19, 14, 22, 54, 78, 15],
    [14, 10, 30, 74, 90, 26],
    [9, 25, 61, 128, 122, 22],
    [14, 21, 55, 123, 101, 40],
    [9, 21, 65, 124, 120, 29],
    [19, 39, 69, 162, 179, 34],
    [10, 28, 49, 138, 99, 20],
    [18, 6, 48, 110, 94, 27],
    [12, 20, 46, 129, 107, 28],
    [17, 15, 40, 107, 111, 27],
    [14, 36, 40, 105, 113, 27],
    [9, 21, 25, 82, 105, 14],
    [25, 31, 34, 96, 169, 31],
    [19, 15, 29, 67, 111, 24],
    [19, 23, 29, 83, 104, 23],
    [16, 14, 19, 77, 74, 16],
    [11, 16, 24, 130, 76, 30],
    [12, 24, 44, 75, 116, 14],
    [7, 24, 40, 63, 94, 14],
    [5, 18, 20, 71, 79, 11],
    [15, 30, 54, 86, 243, 48],
    [11, 10, 81, 116, 102, 23],
    [7, 16, 71, 103, 63, 36],
    [4, 14, 78, 116, 81, 31],
    [12, 20, 67, 128, 96, 34],
    [9, 13, 84, 137, 68, 36],
    [25, 23, 30, 57, 68, 15],
    [19, 28, 103, 119, 180, 44],
    [14, 16, 41, 82, 93, 9],
    [11, 14, 36, 97, 129, 32],
    [29, 21, 56, 97, 149, 37],
    [15, 21, 28, 115, 128, 41],
    [19, 23, 29, 64, 86, 22],
    [10, 23, 55, 98, 82, 18],
    [9, 18, 267, 124, 68, 44],
    [4, 23, 177, 135, 68, 60],
    [6, 17, 133, 72, 53, 27],
    [7, 3, 219, 67, 11, 29],
    [0, 6, 190, 69, 4, 28],
    [14, 14, 35, 92, 61, 27],
    [12, 27, 83, 103, 99, 29],
    [14, 31, 58, 103, 155, 28],
    [153, 274, 710, 1226, 2541, 437]
  ],
  "method": "mvn_pdf",
  "cond_prob": [
    [
      [0.10880690989, 0.00024317543054, 0.36470151486, 0.50030561671, 0.025942783107],
      [0.60628246362, 9.4553542677e-05, 0.095340274727, 0.29828270811, 0],
      [4.247794705e-05, 0.69483437471, 0.12403879371, 0.02980273493, 0.1512816187],
      [0.0087147705666, 0.002658420663, 0.84009728589, 0.10242984676, 0.046099676124],
      [0.0092758809312, 0.00063873458178, 0.014024836265, 0.97606054822, 0],
      [0.024044764547, 0.081039385797, 0.22973396292, 0.48689161206, 0.17829027468]
    ],
    [
      [0.12353373694, 0.00019170801749, 0.36735103945, 0.49763474758, 0.011288768017],
      [0.63848168548, 7.0320281695e-05, 0.08826779747, 0.27312699592, 5.320084878e-05],
      [0.00040729295066, 0.64430956074, 0.20107123429, 0.047292570096, 0.10691934193],
      [0.0081429465589, 0.0018326775547, 0.86465176277, 0.10328235781, 0.0220902553],
      [0.013682122939, 0.00072702359069, 0.012136478506, 0.97345437496, 0],
      [0.031649714304, 0.052680161329, 0.26681238492, 0.56008058495, 0.088777154491]
    ],
    [
      [0.11589824001, 0.00044789557884, 0.27197434331, 0.57806579146, 0.033613729639],
      [0.62601937279, 0.00018014487399, 0.063795967189, 0.31000451515, 0],
      [0.00073350136924, 0.76421825287, 0.066220158183, 0.025108737422, 0.14371935015],
      [0.018343031529, 0.0058114260211, 0.7667108919, 0.14207156405, 0.067063086506],
      [0.0066132546184, 0.0038051677878, 0.0067947730539, 0.98278680454, 0],
      [0.023104899367, 0.10778262906, 0.15366080396, 0.50539073956, 0.21006092805]
    ],
    [
      [0.14437205191, 0.00026791373332, 0.29861724151, 0.54469197539, 0.012050817456],
      [0.67660718823, 4.1643820591e-05, 0.06278701338, 0.26056415457, 0],
      [0.0023069034669, 0.79448843149, 0.10385510164, 0.030389014809, 0.068960548595],
      [0.010965450003, 0.0036307383174, 0.82746738972, 0.13108010944, 0.026856312521],
      [0.013485358928, 0.00076631304037, 0.010975376431, 0.9747729516, 0],
      [0.034392345976, 0.099663532365, 0.2037036447, 0.57326963198, 0.088970844984]
    ],
    [
      [0.073777466172, 0.00071956478178, 0.33562964269, 0.55903652115, 0.030836805204],
      [0.49522605439, 0.00032462585689, 0.1048942937, 0.39936069626, 0.00019432978268],
      [0, 0.80346143141, 0.067669031304, 0.022065016188, 0.1068045211],
      [0.0025348387922, 0.0057557201075, 0.8088695226, 0.12067968202, 0.062160236487],
      [0.0020862222566, 0.0023306193418, 0.0091268440327, 0.9845983761, 0.0018579382702],
      [0.013409794436, 0.13646207976, 0.18534414246, 0.47870884958, 0.18607513375]
    ],
    [
      [0.11863918841, 0.00021930698205, 0.30066169661, 0.56090230399, 0.019577504],
      [0.62072347485, 0.00024861322056, 0.072336028158, 0.30669188377, 0],
      [0.0030949820185, 0.64114481212, 0.14985276443, 0.044938027202, 0.16096941422],
      [0.0085837409926, 0.0038777768061, 0.81369401655, 0.13136918604, 0.042475279616],
      [0.0093437120354, 0.0027947495293, 0.011508864732, 0.9763526737, 0],
      [0.027781329385, 0.055742202952, 0.20041831331, 0.57553376039, 0.14052439396]
    ],
    [
      [0.15061003074, 0.00073208042751, 0.47211572421, 0.34783492728, 0.028707237344],
      [0.72106081551, 0.00028849298009, 0.10397053513, 0.17450843486, 0.00017172152335],
      [0.0010514492267, 0.8461050615, 0.073940821867, 0.0015051897656, 0.077397477644],
      [0.0077904362884, 0.0088629899392, 0.88463128834, 0.053145105951, 0.045570179484],
      [0.022287185223, 0.001716631123, 0.02374861125, 0.95206139015, 0.000186182253],
      [0.030821342986, 0.20131832788, 0.275185425, 0.31190265776, 0.18077224638]
    ],
    [
      [0.054716799666, 0.00044952778909, 0.41671004877, 0.49435105117, 0.033772572608],
      [0.44227673999, 7.4007858916e-05, 0.15019878027, 0.40719480921, 0.00025566267451],
      [0, 0.79200689981, 0.079398891054, 0.019829971642, 0.1087642375],
      [0, 0.0055279233034, 0.84655618083, 0.090835230624, 0.057080665246],
      [0, 0.00095858090005, 0.01484973119, 0.98025430219, 0.003937385718],
      [0.00028632955704, 0.15351860534, 0.22758455539, 0.41836083962, 0.20024967009]
    ],
    [
      [0.13352600488, 0.00034853465343, 0.4468367239, 0.39588312898, 0.02340560759],
      [0.68628649635, 4.0734525169e-06, 0.10355022092, 0.20985719499, 0.00030201428201],
      [0.00050405473332, 0.80471347523, 0.095137117403, 0.012656334174, 0.086989018462],
      [0.0069929191568, 0.0033439085439, 0.88231063629, 0.067438634825, 0.039913901182],
      [0.017420312854, 1.2315630761e-05, 0.019817356636, 0.96216673649, 0.00058327838529],
      [0.029159915673, 0.14993827796, 0.27956402935, 0.3822642713, 0.15907350573]
    ],
    [
      [0.14199802444, 0.00026716619911, 0.39334245256, 0.44013805586, 0.024254300942],
      [0.69382325804, 0, 0.085973036366, 0.21997303677, 0.00023066881515],
      [0.0012354211696, 0.78758524766, 0.092747511007, 0.017985794922, 0.10044602524],
      [0.008514168293, 0.0025688366457, 0.85883606217, 0.08474758101, 0.04533335188],
      [0.016617914445, 0, 0.015154443073, 0.9674545639, 0.00077307858594],
      [0.031225094317, 0.13085641555, 0.24630039493, 0.42645469074, 0.16516340446]
    ],
    [
      [0.1215346406, 0.003458841963, 0.27502292462, 0.5169303008, 0.083053292017],
      [0.63513008076, 0.0027195018629, 0.070126072453, 0.29202434493, 0],
      [0.00098235450665, 0.6789332461, 0.05597740937, 0.022889631119, 0.2412173589],
      [0.031028970904, 0.051522223409, 0.74081386815, 0.12686708211, 0.049767855431],
      [0, 0, 0.0033038974225, 0.99669610258, 0],
      [0.018423020482, 0.11013013303, 0.12091257229, 0.3385816098, 0.41195266439]
    ],
    [
      [0.085060434396, 0.0033961056117, 0.30978168097, 0.52220242705, 0.079559351967],
      [0.54287556266, 0.0031191180656, 0.096126583877, 0.3578787354, 0],
      [0, 0.62825435085, 0.076652414795, 0.027200849362, 0.26789238499],
      [0.012185203943, 0.040275554439, 0.77041814941, 0.12616520316, 0.050955889055],
      [0, 0, 0.0041624552288, 0.99583754477, 0],
      [0.012693092433, 0.091511240655, 0.14246730046, 0.35084585536, 0.40248251109]
    ],
    [
      [0.11726704971, 0.00012289130377, 0.35876617693, 0.51032224106, 0.013521640991],
      [0.63006697322, 0, 0.087072037337, 0.28278183441, 7.9155033331e-05],
      [0.0016250246698, 0.75434190563, 0.12930790216, 0.031166985367, 0.083558182166],
      [0.0076500019551, 0.0015757615252, 0.85709961013, 0.10667150557, 0.027003120818],
      [0.011928759161, 0, 0.013131763782, 0.97487090559, 6.8571472165e-05],
      [0.028142881303, 0.089649690282, 0.24458376606, 0.53789287082, 0.099730791533]
    ],
    [
      [0.18820337537, 0.00058535089472, 0.39065183619, 0.40875010604, 0.0118093315],
      [0.76003520051, 0.00023498422958, 0.070821741665, 0.1689080736, 0],
      [0.00050626166748, 0.82999458608, 0.10142462002, 0.018927683266, 0.049146848968],
      [0.01330535708, 0.0060785629234, 0.88291639332, 0.082334728027, 0.015364958646],
      [0.020008875614, 0.0017804268723, 0.017815926453, 0.96039477106, 0],
      [0.045864208932, 0.14338902076, 0.27456605762, 0.44390182736, 0.092278885331]
    ],
    [
      [0.087490267848, 0.0002781509849, 0.4573243041, 0.42213176341, 0.032775513659],
      [0.5742085958, 0.00079253325326, 0.13634318007, 0.28865569088, 0],
      [0, 0.54884160614, 0.19072178544, 0.032186919537, 0.22824968888],
      [0.015418968756, 0.011170730285, 0.87238734109, 0.073344200097, 0.027678759772],
      [0, 0.0067419301906, 0.020667982423, 0.97259008739, 0],
      [0.01932273681, 0.054234077203, 0.28915340332, 0.4131434963, 0.22414628636]
    ],
    [
      [0.066877565518, 0.00023062202728, 0.49916290489, 0.40882930799, 0.024899599571],
      [0.50291777838, 0, 0.17287967974, 0.32386257557, 0.00033996630163],
      [0, 0.75443920586, 0.12290312432, 0.017345170728, 0.10531249909],
      [0, 0.001815792623, 0.89429544537, 0.064727187085, 0.039161574918],
      [0.0061192291426, 0.00034999930653, 0.022752255293, 0.96962561241, 0.0011529038463],
      [0.014156360077, 0.11945643059, 0.3087506424, 0.39073435553, 0.1669022114]
    ],
    [
      [0.098536138039, 0.00068868253284, 0.43725680686, 0.43896697673, 0.024551395834],
      [0.61259122234, 0.00017766219362, 0.1170235614, 0.26998317966, 0.00022437440339],
      [0.0003631045703, 0.86372021767, 0.061546924211, 0.010810835144, 0.063558918404],
      [0.0053127207846, 0.0074280219267, 0.86916760514, 0.076243972718, 0.041847679432],
      [0.011836389258, 0.0018542669325, 0.014877197775, 0.97060302659, 0.00082911944574],
      [0.019377854162, 0.20344646097, 0.24498132904, 0.3810635848, 0.15113077103]
    ],
    [
      [0.1652751743, 9.2570944379e-05, 0.29491426794, 0.52682732939, 0.012890657422],
      [0.71106892095, 1.6067259278e-06, 0.056886576605, 0.23183832029, 0.00020457542218],
      [0.00071841991766, 0.63223992834, 0.17829867044, 0.053594515813, 0.13514846549],
      [0.012593479454, 0.0012518050644, 0.82826329556, 0.1266747197, 0.031216700228],
      [0.017700925747, 1.158613928e-05, 0.0096312236601, 0.97056227884, 0.0020939856125],
      [0.042105491104, 0.045920702962, 0.21539081859, 0.5955318815, 0.10105110584]
    ],
    [
      [0.062787547904, 0.0002065474718, 0.41417804349, 0.50733689345, 0.015490967688],
      [0.4615964787, 0, 0.14186561665, 0.39641394189, 0.00012396276622],
      [0, 0.76535244991, 0.12613404403, 0.028159670095, 0.08035383596],
      [0, 0.0011952026437, 0.87375766855, 0.097655048455, 0.027392080355],
      [0.00073198108964, 0.0021987110992, 0.016094020996, 0.98092055945, 5.4727368395e-05],
      [0.013372870046, 0.10254009281, 0.26799367499, 0.50780296977, 0.10829039238]
    ],
    [
      [0.1400363894, 0.00048521748592, 0.30029250069, 0.53344608861, 0.025739803817],
      [0.66287693082, 0.00014343851547, 0.066524253859, 0.27027665678, 0.0001787200194],
      [0.00039996104697, 0.82656941701, 0.061467508695, 0.019321641939, 0.092241471308],
      [0.010168837892, 0.005512696431, 0.80049950152, 0.12604505037, 0.057773913791],
      [0.014779596071, 0.0012971633838, 0.0072543277262, 0.9762004406, 0.0004684722174],
      [0.029083344436, 0.14470208994, 0.1762940949, 0.48503094074, 0.16488952999]
    ],
    [
      [0.061088233408, 0.00011085777144, 0.35794509974, 0.569161584, 0.011694225075],
      [0.44616697269, 0, 0.11961247912, 0.43409976026, 0.00012078793496],
      [0, 0.70842389124, 0.15850921837, 0.043425301627, 0.089641588768],
      [0, 0.0012307821354, 0.85560915563, 0.11958368459, 0.02357637765],
      [0.0012676056335, 0.00052546423018, 0.014292548707, 0.98357796256, 0.00033641886718],
      [0.014083897548, 0.065280796401, 0.24137496969, 0.5940084745, 0.085251861854]
    ],
    [
      [0.12646486037, 0.00035966604993, 0.40106823346, 0.45994770911, 0.012159531001],
      [0.64974572402, 0.00012979784035, 0.096789652534, 0.25329818046, 3.6645136952e-05],
      [0.0004951158056, 0.66307318523, 0.19492421526, 0.03952592203, 0.10198156167],
      [0.0080414502599, 0.0030061124739, 0.87704083464, 0.090141770608, 0.021769832021],
      [0.014616813423, 0.0014031166889, 0.013546852673, 0.97043321722, 0],
      [0.032457680405, 0.062445078325, 0.29139166982, 0.5179279324, 0.095777639052]
    ],
    [
      [0.15280675414, 0.0002942645599, 0.4055962662, 0.4296681113, 0.011634603808],
      [0.71655020023, 3.8433640457e-05, 0.082863329596, 0.20054803653, 0],
      [0.00096042728671, 0.80299351914, 0.11673463613, 0.021739424795, 0.057571992653],
      [0.010969841067, 0.0031450952202, 0.88601030389, 0.083085971741, 0.016788788085],
      [0.016785698395, 0.00028221855474, 0.017067225851, 0.9658648572, 0],
      [0.037373135195, 0.11987142999, 0.28493153442, 0.46713075625, 0.090693144144]
    ],
    [
      [0.18578669806, 3.9037806942e-06, 0.3412716867, 0.46463507552, 0.0083026359361],
      [0.7404554536, 0, 0.063107425544, 0.19643712086, 0],
      [0.0002567000813, 0.57967444331, 0.25274654106, 0.060212221222, 0.10711009433],
      [0.016254608499, 0, 0.8664476913, 0.10496667545, 0.012331024743],
      [0.017205758906, 0, 0.013852967856, 0.96894127324, 0],
      [0.057319837259, 0.031079712513, 0.2701307399, 0.57027804922, 0.071191661113]
    ],
    [
      [0.13501939323, 0.00018890405303, 0.33079236035, 0.52284703116, 0.011152311212],
      [0.64882593795, 5.6102536335e-05, 0.076600282022, 0.27451767749, 0],
      [0.00052681009133, 0.71072243654, 0.1562983283, 0.042030670156, 0.09042175492],
      [0.010724709815, 0.00195061901, 0.84722121243, 0.11792840513, 0.022175053617],
      [0.013293196932, 0.00026737004612, 0.013028312843, 0.97341112018, 0],
      [0.034064734955, 0.068044317813, 0.23576223517, 0.57546065152, 0.086668060545]
    ],
    [
      [0.077452528797, 0.00026208413486, 0.53870811474, 0.35677050063, 0.026806771704],
      [0.55312337476, 0.00024294717191, 0.17648959626, 0.26967261931, 0.00047146249836],
      [0, 0.63453879707, 0.18361758983, 0.021075703645, 0.16076790945],
      [0.0028925096914, 0.0024081702078, 0.90404016912, 0.051867059496, 0.038792091488],
      [0.010843347994, 0.0010605773096, 0.025273519327, 0.96161099747, 0.0012115578969],
      [0.017870622705, 0.071297325301, 0.35379907393, 0.36313318468, 0.19389979339]
    ],
    [
      [0.20839623692, 0.00010779777904, 0.27508081503, 0.50680694097, 0.0096082093059],
      [0.75809721361, 1.2336863914e-05, 0.046821304931, 0.19500952424, 5.9620351049e-05],
      [9.0389728505e-05, 0.68860297811, 0.16289835748, 0.050741453636, 0.097666821047],
      [0.015447616179, 0.0015813038973, 0.8265563104, 0.13227033222, 0.024144437302],
      [0.021036443142, 6.5693426034e-05, 0.011490225747, 0.96727874633, 0.00012889135351],
      [0.055490328512, 0.055344365714, 0.21069798777, 0.59911458512, 0.079352732884]
    ],
    [
      [0.20277101072, 0.00019448739533, 0.40029613713, 0.37446350772, 0.022274857033],
      [0.77963050784, 0, 0.070260917775, 0.14979380167, 0.00031477271288],
      [5.5024277737e-05, 0.79224547956, 0.098458406717, 0.014905372741, 0.094335716705],
      [0.011245177772, 0.0019946521472, 0.87372827042, 0.070636892781, 0.04239500688],
      [0.026912438985, 0, 0.01897335655, 0.95312617779, 0.00098802667537],
      [0.047180881744, 0.13531701374, 0.26846186823, 0.38776102338, 0.16127921291]
    ],
    [
      [0.1001549685, 0.0002613732341, 0.34924722332, 0.53355376925, 0.016782665691],
      [0.57406365551, 0, 0.094792808171, 0.33083802295, 0.00030551336708],
      [0, 0.80606858038, 0.092502354284, 0.024372798527, 0.07705626681],
      [0.0061017714312, 0.0028149609862, 0.8431943074, 0.11340987501, 0.034479085174],
      [0.0092883637338, 0, 0.011734450235, 0.97791542837, 0.0010617576609],
      [0.022259979582, 0.11891520546, 0.221205777, 0.52230629223, 0.11531274573]
    ],
    [
      [0.10223395962, 0.00018984900069, 0.32808302573, 0.55713662542, 0.012356540226],
      [0.58487667107, 0, 0.085403792792, 0.3297026929, 1.6843237972e-05],
      [0.00029143735437, 0.77199362259, 0.11851811155, 0.033319567259, 0.075877261251],
      [0.0073436311283, 0.0022602704889, 0.84152793839, 0.12328850454, 0.025579655454],
      [0.0094172907524, 0, 0.012240538725, 0.97834217052, 0],
      [0.024047996432, 0.089527482333, 0.22016973281, 0.57669219576, 0.089562592668]
    ],
    [
      [0.1440305184, 0.00019592408707, 0.33343730591, 0.51089779837, 0.011438453228],
      [0.6709768943, 1.59913357e-05, 0.073441646156, 0.2555654682, 0],
      [0.00037085253952, 0.76974069397, 0.1241157574, 0.032599113939, 0.073173582152],
      [0.011091192194, 0.0023987488685, 0.84998372692, 0.11444234629, 0.022083985723],
      [0.014032849206, 7.7518168717e-05, 0.013027410097, 0.97286222253, 0],
      [0.03551435678, 0.090043185785, 0.23372876648, 0.55330358175, 0.087410109203]
    ],
    [
      [0.18734810937, 0.00033762629409, 0.38085970926, 0.4047852048, 0.026669350266],
      [0.75284578638, 0.0010147237278, 0.071879099782, 0.17426039011, 0],
      [0.0001805958032, 0.57648022595, 0.17641824775, 0.033439385983, 0.21348154451],
      [0.016615235904, 0.0049434289774, 0.85819428713, 0.082433616967, 0.037813431026],
      [0.017533176148, 0.003195110055, 0.017837942351, 0.96143377145, 0],
      [0.045339979918, 0.054564596276, 0.26391635898, 0.43371767195, 0.20246139288]
    ],
    [
      [0.20004080416, 0.00037589631661, 0.38362325828, 0.40185387805, 0.014106163198],
      [0.76492452005, 0, 0.069236742194, 0.16583873776, 0],
      [8.5834886491e-07, 0.89660728519, 0.056539868112, 0.010553373818, 0.036298614527],
      [0.015291603048, 0.0031412648377, 0.87573092891, 0.081534840847, 0.024301362355],
      [0.023152315122, 0, 0.017685582625, 0.95916210225, 0],
      [0.044234842422, 0.22146761859, 0.24276447828, 0.39316564346, 0.098367417249]
    ],
    [
      [0.15042146959, 9.126676782e-05, 0.37249403185, 0.46079278847, 0.016200443314],
      [0.69069231295, 0, 0.080612095202, 0.22834289407, 0.00035269777361],
      [0.00028045441658, 0.68007435638, 0.16276597109, 0.035011855202, 0.1218673629],
      [0.0098403186828, 0.00058009932903, 0.86333665058, 0.094317841159, 0.031925090246],
      [0.017029224417, 0, 0.013165490647, 0.96827112814, 0.0015341568007],
      [0.037579550768, 0.068350690796, 0.26421130593, 0.50608977782, 0.12376867469]
    ],
    [
      [0.17389079525, 8.5608282912e-05, 0.30738341141, 0.50584856038, 0.012791624672],
      [0.71765869473, 0, 0.059369060585, 0.222705324, 0.00026692068509],
      [0.0003405927597, 0.66032955603, 0.16990892584, 0.047924875955, 0.12149604942],
      [0.01253369956, 0.0010561585639, 0.83641924625, 0.12018049768, 0.029810397944],
      [0.018244777596, 0, 0.010623435155, 0.9696895082, 0.0014422790476],
      [0.044773933415, 0.053649850309, 0.22583828801, 0.5750348695, 0.10070305876]
    ],
    [
      [0.069968930393, 0.00022566959357, 0.39730616063, 0.52448958988, 0.0080096495057],
      [0.49096028838, 8.7371421263e-05, 0.12658386327, 0.38236847693, 0],
      [0, 0.67811026269, 0.20221982316, 0.047053721436, 0.072616192718],
      [0.0071024967869, 0.0034196181743, 0.8802086573, 0.10414727251, 0.0051219552324],
      [0, 0.00019654193857, 0.016947204087, 0.98285625397, 0],
      [0.016887113565, 0.05693198986, 0.28305069473, 0.57919039487, 0.063939806973]
    ],
    [
      [0.10928155135, 0.0004718137626, 0.50668273901, 0.36015296774, 0.023410928137],
      [0.63463468589, 0.00034389526816, 0.13853252224, 0.22620928683, 0.0002796097758],
      [0.00029833719666, 0.60337619878, 0.20559164595, 0.025349699163, 0.16538411891],
      [0.0056953733227, 0.0026193403749, 0.90034027045, 0.056036251404, 0.035308764451],
      [0.016517092305, 0.0017579505866, 0.022371544263, 0.95864931679, 0.00070409605621],
      [0.02667615598, 0.062164524246, 0.34991961676, 0.38518121867, 0.17605848435]
    ],
    [
      [0.14474528592, 0.00022050745042, 0.45158791519, 0.39214149474, 0.011304796699],
      [0.69331570896, 0.00025898855228, 0.1021869052, 0.20423839729, 0],
      [0.00022792462472, 0.63788263249, 0.22724678983, 0.034560784096, 0.10008186896],
      [0.008523834072, 0.0016837912027, 0.90215357864, 0.069840482427, 0.017798313662],
      [0.018973199729, 0.00067805360383, 0.019110636413, 0.96123811025, 0],
      [0.03901162002, 0.057054992076, 0.34500060577, 0.46433818431, 0.094594597819]
    ],
    [
      [0.15464356643, 0.0011915522362, 0.46530057136, 0.3571326324, 0.021731677571],
      [0.72402490687, 0.00083110008144, 0.099046397347, 0.1760975957, 0],
      [0.0006324913644, 0.4498838081, 0.27699638409, 0.03719505552, 0.23529226092],
      [0.011037657302, 0.0038041769432, 0.89266421935, 0.060546682739, 0.031947263664],
      [0.022009614783, 0.0046289020385, 0.017387857143, 0.95597362604, 0],
      [0.039915018953, 0.033453427619, 0.34123989527, 0.4063572483, 0.17903440986]
    ],
    [
      [0.095774718384, 6.6252119437e-05, 0.41367582512, 0.46949115367, 0.020992050706],
      [0.58365414169, 0, 0.1155309236, 0.30046671274, 0.00034822196619],
      [0, 0.69776079292, 0.14549768199, 0.028923450669, 0.12781807442],
      [0.005424341908, 0.00041274976836, 0.86904535475, 0.087185125347, 0.037932428225],
      [0.0094349693703, 0, 0.014540690219, 0.97405985973, 0.0019644806859],
      [0.022002460817, 0.078296353842, 0.27193386082, 0.47837179039, 0.14939553413]
    ],
    [
      [0.10942448974, 0.00030948621678, 0.38479763267, 0.49567596123, 0.0097924301463],
      [0.60474396932, 0.00059492539675, 0.099810504639, 0.29485060064, 0],
      [0.00017583309449, 0.62353904225, 0.22573350274, 0.050806508759, 0.099745113158],
      [0.0075640066743, 0.0040961244444, 0.87209616377, 0.099743682994, 0.01650002212],
      [0.010618318444, 0.0028995632954, 0.011807104745, 0.97467501352, 0],
      [0.028283038004, 0.048564057306, 0.281956331, 0.56322323756, 0.077973336122]
    ],
    [
      [0.12464250295, 0.00069753207645, 0.50577228814, 0.35109597804, 0.017791698796],
      [0.67005374739, 0.00092429711217, 0.12613979167, 0.20253596329, 0.00034620053453],
      [0.0007209579176, 0.50953686079, 0.28251159714, 0.035124579528, 0.17210600463],
      [0.0070577368172, 0.0061242126106, 0.9019032796, 0.056939337226, 0.027975433745],
      [0.0193399845, 0.0044435371878, 0.017895757036, 0.95713148232, 0.0011892389525],
      [0.033069587874, 0.043605539033, 0.37476349117, 0.40564327527, 0.14291810665]
    ],
    [
      [0.091981147216, 0.00036929916366, 0.40543416135, 0.48121937154, 0.02099602073],
      [0.56513147105, 0.00063030095596, 0.1166515155, 0.31758671249, 0],
      [0, 0.56306603013, 0.20715055441, 0.043714287632, 0.18606912782],
      [0.0061009573795, 0.0047475675385, 0.86278951975, 0.092196850154, 0.034165105182],
      [0.0076399397637, 0.003595910437, 0.012689880472, 0.97607426933, 0],
      [0.021761975734, 0.047032427638, 0.27337719242, 0.50334325033, 0.15448515388]
    ],
    [
      [0.14174723857, 0.00048274908114, 0.41980454056, 0.42903378824, 0.0089316835505],
      [0.6786592165, 0.00080283744216, 0.095701063847, 0.22483688222, 0],
      [0.00031446028834, 0.60769911515, 0.25201148705, 0.045805119109, 0.094169818398],
      [0.011303916041, 0.0042840226976, 0.89090798805, 0.082741753194, 0.010762320016],
      [0.014937518443, 0.0036828214863, 0.014402386732, 0.96697727334, 0],
      [0.038598384235, 0.049265924667, 0.32345465716, 0.51253148393, 0.076149550014]
    ],
    [
      [0.13854062713, 0.00016072123823, 0.4329845281, 0.40945676929, 0.018857354235],
      [0.68286912905, 1.3520089833e-05, 0.099919299375, 0.21679210651, 0.0004059449801],
      [0.00021634870176, 0.67877402534, 0.16716907506, 0.027562123197, 0.1262784277],
      [0.0075497435275, 0.001612762113, 0.88325460912, 0.073947974118, 0.033634911119],
      [0.017770179374, 4.6650219259e-05, 0.017434372224, 0.96365343285, 0.0010953653324],
      [0.034127233206, 0.075545372013, 0.30329953748, 0.44390995038, 0.14311790692]
    ],
    [
      [0.12604288905, 0.00070323756201, 0.51756753916, 0.3463832286, 0.0093031056217],
      [0.67781149948, 0.00017844208096, 0.12713861523, 0.19487144321, 0],
      [0.00088648748867, 0.72366332026, 0.1911708952, 0.021857666516, 0.062421630533],
      [0.01154091431, 0.0047442915197, 0.92422239187, 0.053770080959, 0.0057223213448],
      [0.015384353894, 0.0027662242771, 0.027280012496, 0.95456940933, 0],
      [0.033562139279, 0.09142720554, 0.3894801983, 0.40379525372, 0.081735203159]
    ],
    [
      [0.12374411871, 0.00040195560641, 0.52833260197, 0.32136054419, 0.026160779514],
      [0.67730356861, 0.00040544075789, 0.13482820029, 0.18731908016, 0.00014371017553],
      [0.00058057850171, 0.63314878176, 0.18764152765, 0.018171107917, 0.16045800417],
      [0.0068444950825, 0.0039361715825, 0.9076177501, 0.044023571427, 0.037578011813],
      [0.020763038734, 0.0021646535866, 0.029442859295, 0.94762944838, 0],
      [0.029918127924, 0.075815703163, 0.36067352828, 0.33878675754, 0.19480588309]
    ],
    [
      [0.10236737145, 0.00023163309484, 0.39329481641, 0.48689875314, 0.017207425897],
      [0.59248373859, 0, 0.10635680206, 0.30093064152, 0.00022881783448],
      [0, 0.80813171588, 0.097259082615, 0.021141373621, 0.073467827879],
      [0.0056972421795, 0.0023797756041, 0.86456462335, 0.095054638424, 0.03230372044],
      [0.010312710225, 0, 0.013897589312, 0.97486289896, 0.0009268015061],
      [0.022895661418, 0.12652435601, 0.25100835827, 0.48083253827, 0.11873908603]
    ],
    [
      [0.11958727121, 9.4306421868e-05, 0.33958509493, 0.529358443, 0.011374884438],
      [0.61861708823, 0, 0.084068950437, 0.29724513717, 6.8824163732e-05],
      [0.00024657656467, 0.68274070251, 0.17182799414, 0.045910363791, 0.099274362988],
      [0.0082426335922, 0.0010227247446, 0.85117067057, 0.11572476921, 0.023839201883],
      [0.012119130114, 0, 0.012839162969, 0.97502124358, 2.0463340793e-05],
      [0.030028212375, 0.058580204126, 0.24157262461, 0.58234225988, 0.087476699009]
    ],
    [
      [0.12404698379, 0.00019694866526, 0.49226254581, 0.37130245334, 0.012191068392],
      [0.66612682346, 9.5918706406e-05, 0.12196541617, 0.21181184166, 0],
      [0.00030114095934, 0.70699738532, 0.18675931351, 0.024372395027, 0.081569765182],
      [0.0071741582303, 0.0017758714269, 0.91298217926, 0.060135071916, 0.017932719167],
      [0.01759236854, 0.00047531443441, 0.022706728516, 0.95922558851, 0],
      [0.032278975544, 0.080410647394, 0.36361680835, 0.42508261991, 0.098610948804]
    ],
    [
      [0.11368974459, 0.00031629738665, 0.33377656222, 0.54251847138, 0.0096989244189],
      [0.60154446371, 0.00015443955954, 0.08503224171, 0.31326885502, 0],
      [0.00011661179592, 0.78597599865, 0.11891724484, 0.033332975971, 0.061657168744],
      [0.013348609851, 0.002860441903, 0.84841597456, 0.12144053837, 0.013934435311],
      [0.0081105410978, 0.00083284797363, 0.014308630478, 0.97674798045, 0],
      [0.027540813479, 0.09189571789, 0.22936477479, 0.57624781118, 0.074950882657]
    ],
    [
      [0.10402151028, 0.00020899794576, 0.38088165052, 0.49663294782, 0.018254893435],
      [0.59504079903, 0, 0.10153789809, 0.30305999228, 0.00036131060393],
      [0, 0.81767160345, 0.088683441829, 0.020119874263, 0.073525080461],
      [0.0065008041322, 0.0021091475633, 0.85806788576, 0.098434516424, 0.03488764612],
      [0.010023970568, 0, 0.012905533716, 0.97519127013, 0.0018792255847],
      [0.022906862889, 0.13092665218, 0.23938740697, 0.48305225703, 0.12372682093]
    ],
    [
      [0.068168039072, 0.0003605681189, 0.37863716362, 0.5433456937, 0.0094885354849],
      [0.47187751779, 0.00036486207438, 0.12333775903, 0.40441371938, 6.1417254222e-06],
      [0, 0.51599256221, 0.28713835438, 0.071885612579, 0.12498347083],
      [0.0015421372625, 0.0019794318951, 0.8677437693, 0.11078642173, 0.017948239819],
      [0.0032394918824, 0.0016466867661, 0.012994654188, 0.98211916716, 0],
      [0.016813904345, 0.029801078391, 0.27251896822, 0.60672030961, 0.074145739437]
    ],
    [
      [0.13593250706, 0.00044333448501, 0.54028573272, 0.31067018489, 0.012668240845],
      [0.70299467819, 0.00014191539796, 0.12818125903, 0.16868214738, 0],
      [0.00063927174722, 0.81138203016, 0.12480662833, 0.011165548745, 0.052006521018],
      [0.0096969505661, 0.0031347293691, 0.92986130052, 0.041695478037, 0.015611541505],
      [0.022703493913, 0.00074421948213, 0.033388726105, 0.9431635605, 0],
      [0.034017780373, 0.14238842853, 0.38246742749, 0.34068289165, 0.10044347195]
    ],
    [
      [0.35090961509, 0.000255085552, 0.35307190168, 0.28482587473, 0.010937522949],
      [0.88351915256, 0.00012506334096, 0.041528938064, 0.074783694226, 4.3151807556e-05],
      [0, 0.76740371015, 0.13913024326, 0.019982784787, 0.073483261803],
      [0.0077090519667, 0.0035234580787, 0.89881189168, 0.066757655016, 0.023197943263],
      [0.051674350159, 0.0005977467078, 0.026511435596, 0.92114077443, 7.5693102577e-05],
      [0.10247534751, 0.10246752339, 0.30840684037, 0.38351984755, 0.10313044118]
    ],
    [
      [0.10343512754, 0.00017667489936, 0.45386436149, 0.423840881, 0.018682955069],
      [0.60775835535, 0, 0.12449206464, 0.26730984545, 0.00043973456175],
      [0, 0.79852589388, 0.10686513365, 0.017368944056, 0.077240028417],
      [0.0068722435427, 0.00024167538428, 0.88845311741, 0.073074532493, 0.031358431171],
      [0.011462073569, 0, 0.018444427842, 0.96851682511, 0.0015766734839],
      [0.023397081537, 0.13175820834, 0.29215819964, 0.42183556782, 0.13085094267]
    ],
    [
      [0.1831784375, 0.00039791397311, 0.25866795944, 0.55018548568, 0.0075702034092],
      [0.722624644, 0.0011701903627, 0.047349560375, 0.22857335137, 0.00028225390006],
      [0.00065850595829, 0.57157527244, 0.2296415786, 0.080859700225, 0.11726494278],
      [0.014929933394, 0.0039345755346, 0.81447098659, 0.14633326105, 0.020331243432],
      [0.018239910775, 0.0045826114557, 0.0080955092682, 0.96809615297, 0.00098581552668],
      [0.049520130468, 0.030533957182, 0.19961583318, 0.65775138092, 0.062578698252]
    ],
    [
      [0.22623712988, 0.00013106162663, 0.32646265104, 0.43415107718, 0.013018080276],
      [0.79070870748, 0, 0.051368747374, 0.15746646586, 0.0004560792928],
      [0, 0.79313303309, 0.10663295648, 0.024676828725, 0.075557181703],
      [0.014958740775, 0.000420089297, 0.8549865324, 0.099785517504, 0.029849120027],
      [0.024543911986, 0, 0.012073951467, 0.96157853562, 0.001803600929],
      [0.057728906739, 0.10062342635, 0.24113674513, 0.49562141796, 0.10488950382]
    ],
    [
      [0.20881454854, 0.00027495922345, 0.30379662396, 0.46923048842, 0.017883379853],
      [0.76142739681, 2.2106100856e-05, 0.052512137595, 0.18579407383, 0.00024428566459],
      [0, 0.80947708507, 0.083268656357, 0.022766650326, 0.084487608248],
      [0.014140283819, 0.0035639257093, 0.82750489648, 0.11371564388, 0.041075250111],
      [0.022378661548, 0.00018374885698, 0.009681295681, 0.96633689678, 0.0014193971375],
      [0.049393347981, 0.12358960941, 0.20527506503, 0.49081062606, 0.13093135152]
    ],
    [
      [0.11929649922, 0.00017206042612, 0.47126919567, 0.38615337679, 0.023108867898],
      [0.65805721144, 0, 0.1188266369, 0.22284518715, 0.00027096449918],
      [0.00057818877242, 0.75565300843, 0.12315855155, 0.016225774991, 0.10438447626],
      [0.0071949905182, 0.0007104164021, 0.89128552738, 0.062815684543, 0.037993381156],
      [0.015689627714, 0, 0.021875308634, 0.96099568243, 0.0014393812254],
      [0.027190094637, 0.11773066738, 0.30571857159, 0.38701713891, 0.16234352747]
    ],
    [
      [0.11666019604, 0.00020838548021, 0.49217579, 0.36903031412, 0.02192531435],
      [0.65501331868, 0, 0.12692787682, 0.21757774771, 0.00048105679191],
      [0.00055438099015, 0.74385948213, 0.13545502771, 0.01566741417, 0.104463695],
      [0.0063372501815, 0.0014089234656, 0.89983187732, 0.05684488408, 0.035577064952],
      [0.016325069286, 0, 0.023687407786, 0.95858464927, 0.0014028736566],
      [0.027294120689, 0.11220552649, 0.32587851164, 0.37714726298, 0.1574745782]
    ],
    [
      [0.221597381, 0.00030715767675, 0.44672611769, 0.32041427665, 0.010955066991],
      [0.80608421716, 0.0006886465336, 0.072729721816, 0.12043865936, 5.8755121998e-05],
      [0, 0.63918663335, 0.23192757449, 0.029670519901, 0.099215272257],
      [0.009897311994, 0.0071352617355, 0.90593633348, 0.058206352239, 0.018824740551],
      [0.033660467037, 0.0039837168735, 0.020379854428, 0.9418666023, 0.00010935935925],
      [0.063027271433, 0.063941983506, 0.3666176039, 0.40886353109, 0.097549610071]
    ],
    [
      [0.12985765455, 0.0021205026066, 0.51496878348, 0.28446056188, 0.068592497488],
      [0.69815740816, 0.0032076384161, 0.13444360844, 0.16419134498, 0],
      [0.0013862808615, 0.55264248006, 0.14521788512, 0.0093968199926, 0.29135653397],
      [0.027860214247, 0.031234595464, 0.88132320078, 0.036127548574, 0.023454440932],
      [0, 0.0032226295807, 0.055381171521, 0.9413961989, 0],
      [0.024105051203, 0.075763364034, 0.27282182236, 0.2257264149, 0.4015833475]
    ],
    [
      [0.16071766033, 0.00056914795117, 0.53999638325, 0.26054148495, 0.038175323519],
      [0.75623008735, 0.0003158132954, 0.1168950976, 0.12655900176, 0],
      [0, 0.75841419628, 0.11514708913, 0, 0.12643871459],
      [0.0098298184119, 0.0062610594159, 0.91383605741, 0.019001404421, 0.051071660336],
      [0.03153040883, 0.0016502886696, 0.043015860177, 0.92380344232, 0],
      [0.034216583295, 0.14761096775, 0.32853951215, 0.2385564758, 0.25107646101]
    ],
    [
      [0.1573451345, 0.00071073614937, 0.42041294359, 0.38343934106, 0.038091844703],
      [0.72098103924, 0.00022103197528, 0.090606825219, 0.18819110356, 0],
      [0.0005123840067, 0.82940072568, 0.061867622262, 0.0089132403397, 0.099306027713],
      [0.011235078544, 0.0052356103293, 0.85417241035, 0.067197198901, 0.062159701874],
      [0.020237810645, 0.00065580455169, 0.020983980647, 0.95812240416, 0],
      [0.030124374259, 0.18347343948, 0.22899684589, 0.32237733742, 0.23502800295]
    ],
    [
      [0.11328080444, 0.001064817306, 0.3372702665, 0.52601163959, 0.022372472165],
      [0.60683098011, 0.00082515296137, 0.08546673037, 0.30678600994, 9.1126622949e-05],
      [0, 0.87537057685, 0.049459434395, 0.015145210461, 0.060024778292],
      [0.0073866694071, 0.0095421876325, 0.82246734926, 0.11519417756, 0.04540961614],
      [0.011082426231, 0.0052737700645, 0.0053374703633, 0.97830633334, 0],
      [0.02233061117, 0.19792490529, 0.18795717081, 0.45574015367, 0.13604715906]
    ],
    [
      [0.11818396297, 0.0020897201471, 0.42716619552, 0.44138807154, 0.011172049817],
      [0.63885837163, 0.0016821725893, 0.10649163529, 0.25296782049, 0],
      [0.00023688521846, 0.91516906956, 0.05188383484, 0.0096930274092, 0.023017182972],
      [0.017707354837, 0.014868883922, 0.88422188339, 0.080893847407, 0.0023080304456],
      [0.0047978892463, 0.0097495107489, 0.01565497797, 0.96979762203, 0],
      [0.023974609096, 0.25510492481, 0.24738472006, 0.39457704557, 0.078958700464]
    ],
    [
      [0.139249074, 0.00021222669098, 0.3725465456, 0.46151686133, 0.026475292383],
      [0.67779166343, 1.0603296395e-05, 0.084094935006, 0.23808002567, 2.2772604292e-05],
      [0.00030673390347, 0.7182542041, 0.1149241058, 0.024819084079, 0.14169587212],
      [0.0099861737539, 0.002325489181, 0.8466132686, 0.092710830488, 0.048364237973],
      [0.015490174563, 8.1083063503e-05, 0.014410081514, 0.97001866086, 0],
      [0.031288847023, 0.09076042334, 0.2377188603, 0.4553546666, 0.18487720274]
    ],
    [
      [0.27417897974, 7.998413222e-05, 0.22316271509, 0.49115131579, 0.011427005244],
      [0.81215042545, 0, 0.031340190302, 0.15621565358, 0.00029373067067],
      [0, 0.73594813522, 0.11750949499, 0.045936309064, 0.10060606073],
      [0.02051342229, 0.0020225407768, 0.78814112664, 0.15541143032, 0.033911479972],
      [0.022083736138, 0.00053215787166, 0.0094288681515, 0.96611558239, 0.0018396554465],
      [0.073334378551, 0.067813700257, 0.17391932183, 0.59128430519, 0.09364829417]
    ],
    [
      [0.19217606946, 0, 0.36559215785, 0.42756664502, 0.014665127665],
      [0.75310605795, 0, 0.067035002132, 0.17958290059, 0.00027603933063],
      [8.4667480837e-05, 0.58391697051, 0.2199457708, 0.045327299416, 0.1507252918],
