{
  "X": [
    [27, 12, 100, 114, 8, 18],
    [22, 11, 65, 91, 7, 7],
    [79, 35, 272, 282, 22, 75],
    [260, 109, 1023, 1185, 79, 176],
    [276, 116, 1272, 1317, 119, 192],
    [39, 33, 279, 123, 27, 39],
    [4, 16, 139, 35, 10, 17],
    [155, 56, 916, 546, 102, 126],
    [10, 5, 93, 46, 5, 12],
    [62, 40, 439, 203, 40, 64],
    [67, 19, 270, 222, 19, 60],
    [5, 2, 17, 11, 3, 2],
    [2, 4, 14, 8, 2, 0],
    [108, 45, 340, 296, 22, 48],
    [160, 98, 1154, 490, 97, 192],
    [19, 21, 107, 74, 6, 24],
    [142, 117, 639, 499, 38, 98],
    [89, 52, 275, 269, 13, 44],
    [46, 16, 112, 146, 9, 12],
    [8, 3, 24, 27, 0, 4],
    [16, 18, 60, 65, 4, 20],
    [50, 20, 104, 126, 11, 24],
    [186, 78, 522, 658, 36, 65],
    [3, 3, 9, 3, 0, 1],
    [15, 12, 107, 46, 3, 18],
    [30, 17, 198, 116, 14, 21],
    [2, 3, 15, 4, 0, 1],
    [8, 11, 53, 25, 4, 7],
    [15, 7, 72, 34, 2, 10],
    [0, 3, 3, 1, 0, 0],
    [3, 7, 19, 13, 1, 8],
    [34, 17, 130, 124, 24, 16],
    [20, 23, 113, 36, 7, 20],
    [37, 8, 135, 138, 8, 18],
    [3, 0, 3, 5, 0, 0],
    [17, 3, 36, 41, 1, 8],
    [175, 108, 736, 550, 52, 102],
    [170, 166, 853, 547, 79, 125],
    [18, 11, 58, 46, 9, 8],
    [145, 85, 641, 494, 65, 103],
    [3, 5, 46, 30, 1, 3],
    [55, 20, 217, 188, 20, 46],
    [97, 62, 499, 371, 22, 99],
    [2, 2, 8, 10, 0, 3],
    [7, 7, 31, 32, 3, 15],
    [5, 3, 10, 10, 2, 7],
    [20, 8, 50, 88, 2, 7],
    [14, 4, 34, 118, 8, 18],
    [8, 6, 33, 38, 5, 13],
    [27, 18, 56, 86, 11, 24],
    [17, 6, 69, 69, 7, 20],
    [24, 31, 198, 123, 37, 55],
    [14, 12, 94, 55, 16, 13],
    [27, 13, 147, 110, 17, 29],
    [20, 5, 55, 34, 12, 14],
    [25, 5, 70, 43, 12, 21],
    [1, 0, 5, 4, 0, 3],
    [2, 1, 5, 1, 1, 1],
    [41, 9, 111, 137, 16, 18],
    [60, 29, 198, 190, 36, 33],
    [1, 1, 3, 3, 0, 0],
    [0, 1, 3, 2, 0, 0],
    [19, 10, 160, 74, 13, 26],
    [3, 1, 8, 6, 0, 3],
    [8, 6, 49, 39, 2, 4],
    [13, 9, 50, 46, 2, 6],
    [5, 0, 5, 9, 2, 4],
    [10, 12, 25, 21, 1, 3],
    [19, 3, 64, 58, 8, 6],
    [18, 16, 97, 67, 6, 10],
    [10, 8, 47, 31, 2, 6],
    [20, 15, 70, 103, 13, 16],
    [0, 0, 3, 3, 0, 0],
    [0, 2, 2, 1, 0, 1],
    [28, 16, 127, 74, 12, 21],
    [71, 32, 286, 254, 40, 58],
    [50, 21, 179, 189, 42, 32],
    [0, 0, 2, 3, 1, 2],
    [3, 3, 1, 5, 1, 3],
    [0, 0, 2, 4, 0, 0],
    [1, 0, 4, 2, 0, 1],
    [56, 24, 174, 197, 28, 41],
    [3, 1, 11, 4, 0, 5],
    [57, 7, 139, 166, 12, 32],
    [0, 0, 1, 6, 0, 1],
    [10, 1, 30, 40, 2, 11],
    [10, 6, 35, 32, 3, 7],
    [14, 7, 35, 35, 2, 8],
    [30, 24, 91, 109, 11, 30],
    [27, 10, 93, 100, 20, 14],
    [16, 10, 43, 37, 7, 22],
    [8, 2, 35, 41, 1, 11],
    [5, 3, 38, 24, 5, 8],
    [1, 0, 5, 6, 1, 4],
    [0, 0, 3, 5, 0, 1],
    [1, 1, 6, 3, 0, 6],
    [39, 125, 445, 145, 14, 87],
    [251, 257, 1818, 1093, 111, 336],
    [129, 100, 796, 436, 45, 192],
    [2, 3, 7, 9, 0, 1]
  ],
  "W": [
    [8, 7, 6, 103, 135, 20],
    [4, 11, 2, 62, 111, 13],
    [24, 25, 27, 239, 375, 75],
    [64, 103, 63, 919, 1530, 153],
    [85, 118, 81, 1138, 1673, 197],
    [19, 25, 20, 276, 161, 39],
    [9, 2, 13, 139, 44, 14],
    [72, 70, 45, 876, 713, 125],
    [8, 11, 11, 80, 52, 9],
    [49, 28, 30, 403, 272, 66],
    [18, 20, 28, 244, 294, 53],
    [2, 0, 6, 15, 16, 1],
    [1, 1, 3, 13, 11, 1],
    [12, 36, 26, 326, 410, 49],
    [86, 86, 96, 1103, 645, 175],
    [11, 13, 18, 102, 89, 18],
    [32, 59, 100, 588, 646, 108],
    [11, 41, 44, 237, 357, 52],
    [4, 18, 15, 102, 187, 15],
    [0, 1, 1, 22, 39, 3],
    [7, 9, 11, 62, 80, 14],
    [5, 8, 14, 97, 185, 26],
    [34, 71, 58, 456, 847, 79],
    [0, 2, 1, 9, 5, 2],
    [4, 6, 4, 97, 71, 19],
    [5, 24, 12, 173, 164, 18],
    [0, 1, 1, 14, 8, 1],
    [3, 8, 9, 52, 30, 6],
    [1, 11, 4, 65, 48, 11],
    [0, 0, 2, 4, 1, 0],
    [1, 3, 3, 22, 14, 8],
    [18, 7, 11, 126, 170, 13],
    [2, 7, 15, 116, 68, 11],
    [9, 11, 7, 118, 177, 22],
    [0, 1, 0, 3, 7, 0],
    [3, 2, 7, 29, 55, 10],
    [36, 62, 73, 682, 766, 104],
    [71, 64, 72, 860, 751, 122],
    [6, 4, 8, 59, 69, 4],
    [59, 61, 54, 598, 675, 86],
    [2, 3, 1, 48, 32, 2],
    [19, 23, 14, 199, 249, 42],
    [22, 55, 41, 479, 465, 88],
    [2, 0, 2, 8, 11, 2],
    [3, 2, 4, 36, 38, 12],
    [0, 4, 1, 12, 15, 5],
    [4, 7, 5, 44, 105, 10],
    [4, 3, 2, 33, 139, 15],
    [6, 4, 4, 27, 48, 14],
    [8, 11, 4, 57, 126, 16],
    [7, 12, 10, 55, 90, 14],
    [30, 21, 23, 197, 156, 41],
    [9, 8, 15, 91, 71, 10],
    [17, 26, 13, 127, 130, 30],
    [14, 8, 7, 47, 46, 18],
    [13, 13, 5, 71, 56, 18],
    [1, 0, 0, 5, 6, 1],
    [1, 1, 0, 5, 2, 2],
    [9, 14, 6, 92, 196, 15],
    [27, 20, 12, 191, 271, 25],
    [0, 0, 0, 3, 5, 0],
    [1, 0, 1, 2, 1, 1],
    [11, 11, 10, 155, 93, 22],
    [1, 1, 3, 4, 9, 3],
    [4, 6, 5, 40, 45, 8],
    [2, 7, 9, 40, 60, 8],
    [0, 1, 2, 6, 13, 3],
    [1, 4, 6, 24, 33, 4],
    [8, 6, 8, 48, 79, 9],
    [3, 3, 8, 78, 101, 21],
    [3, 7, 7, 35, 45, 7],
    [10, 9, 18, 53, 127, 20],
    [0, 0, 1, 1, 4, 0],
    [0, 0, 1, 1, 1, 3],
    [16, 10, 11, 127, 97, 17],
    [47, 31, 25, 256, 318, 64],
    [24, 15, 14, 173, 247, 40],
    [1, 0, 0, 1, 6, 0],
    [1, 3, 1, 5, 5, 1],
    [0, 0, 0, 2, 4, 0],
    [0, 3, 1, 3, 1, 0],
    [25, 23, 20, 150, 274, 28],
    [0, 2, 2, 8, 9, 3],
    [9, 26, 7, 116, 230, 25],
    [0, 1, 0, 1, 5, 1],
    [2, 4, 2, 23, 54, 9],
    [2, 4, 3, 29, 46, 9],
    [2, 4, 3, 33, 51, 8],
    [8, 16, 11, 98, 140, 22],
    [11, 14, 17, 77, 128, 17],
    [6, 5, 3, 50, 61, 10],
    [0, 5, 3, 30, 51, 9],
    [5, 6, 7, 27, 32, 6],
    [1, 1, 1, 3, 10, 1],
    [0, 0, 1, 2, 6, 0],
    [1, 1, 2, 3, 5, 5],
    [20, 27, 115, 386, 210, 97],
    [118, 135, 263, 1630, 1343, 377],
    [55, 75, 138, 681, 560, 189],
    [0, 1, 2, 8, 9, 2]
  ],
  "method": "mvn_cdf",
  "mvncdf_method": "genz",
  "mvncdf_samples": 5000,
  "mvncdf_error": 0.001,
  "cond_prob": [
    [
      [0.030999566081, 0.0011898867836, 0.1497745895, 0.078317862279, 0.55737406604, 0.18234402932],
      [0.40009534176, 0.017969785304, 0.19328647588, 0.29656690683, 0.0049117419487, 0.087169748275],
      [0.0044614591399, 0.47909504428, 0.44015531891, 0.0066419560259, 0.00017185444762, 0.069474367192],
      [0.01929593255, 0.066751280001, 0.82592200132, 0.032703492923, 0.02118342978, 0.034143863422],
      [0.15795403737, 0.0096985096261, 0.028476312466, 0.7847161885, 0.0097008934785, 0.0094540585632],
      [0.030664561359, 0.040272075163, 0.294679886, 0.097624589957, 0.00070401322425, 0.53605487429]
    ],
    [
      [0.020176827027, 0.0015984456699, 0.13561335408, 0.052536828039, 0.69763696149, 0.092437583692],
      [0.36669021993, 0.035646980516, 0.24717847017, 0.28015426175, 0.0084461896868, 0.061883877944],
      [0.0025173256158, 0.61458087693, 0.3480145157, 0.0038340908106, 0.00025791189939, 0.030795279048],
      [0.016713584819, 0.10149717964, 0.81877212155, 0.022724431817, 0.029156660855, 0.011136021317],
      [0.14835026615, 0.01802488051, 0.046774577313, 0.76625460623, 0.020595669793, 0],
      [0.029041832282, 0.082980061784, 0.39128498174, 0.095177812514, 0.0017073787489, 0.39980793293]
    ],
    [
      [0.022903505741, 0.0012199657404, 0.17666713461, 0.047319105962, 0.50239689083, 0.24949339713],
      [0.34666559812, 0.022161635034, 0.27149935884, 0.21136927093, 0.0055390356014, 0.14276510147],
      [0.0029691373435, 0.43818854438, 0.46834534107, 0.0035900648833, 0.0001431062787, 0.086763806048],
      [0.011566928475, 0.060336019748, 0.85246198495, 0.016275890179, 0.017803971569, 0.041555205075],
      [0.17471957488, 0.014797166555, 0.060753925658, 0.71437456853, 0.014676151459, 0.020678612923],
      [0.018922302889, 0.034884574269, 0.29074725419, 0.049370359743, 0.00055238478054, 0.60552312413]
    ],
    [
      [0.01813417148, 0.0011517189125, 0.18459894754, 0.047487587864, 0.54085056279, 0.20777701142],
      [0.29898924656, 0.023423287076, 0.30988309988, 0.23090230498, 0.0066436241132, 0.1301584374],
      [0.0023315139305, 0.42582570152, 0.49459478539, 0.0036937976445, 0.00018422495541, 0.07336997655],
      [0.0082375532048, 0.056555053384, 0.86542962098, 0.01646255796, 0.019159662442, 0.034155552031],
      [0.14235698835, 0.014387269407, 0.066287690158, 0.74144843626, 0.016971798775, 0.018547817052],
      [0.016471448866, 0.037255267795, 0.33567482986, 0.054901630566, 0.00075217396467, 0.55494464895]
    ],
    [
      [0.015636343034, 0.00084120855488, 0.16555183109, 0.043261124908, 0.61756072764, 0.15714876478],
      [0.29671836169, 0.020837269338, 0.3191770992, 0.24141995706, 0.0087527792727, 0.11309453344],
      [0.0023855479327, 0.39587505178, 0.5309430089, 0.0040570819252, 0.0002764452714, 0.066462864192],
      [0.0076093408508, 0.048692795269, 0.87257992225, 0.017298811999, 0.024939987324, 0.02887914231],
      [0.13590868218, 0.011364521169, 0.066622046517, 0.7487868423, 0.022026741722, 0.015291166107],
      [0.017412485283, 0.035424240427, 0.36956435325, 0.061422287247, 0.0011150946879, 0.5150615391]
    ],
    [
      [0.014067033083, 0.0010307605932, 0.13217471736, 0.029281168596, 0.68698123061, 0.13646508976],
      [0.32785980362, 0.027553857805, 0.31177021563, 0.20151394617, 0.011356683336, 0.11994549343],
      [0.002429999466, 0.46921327205, 0.46259213935, 0.0029116866758, 0.00023387898667, 0.062619023473],
      [0.010001255076, 0.065699636073, 0.84951386634, 0.013107456507, 0.031261114529, 0.030416671478],
      [0.16769157102, 0.018640341938, 0.070282301927, 0.69448048702, 0.030946944766, 0.017958353331],
      [0.018690819407, 0.045464334731, 0.35028985828, 0.049193820577, 0.0012368266192, 0.53512434039]
    ],
    [
      [0.0064916358807, 0.0012392287051, 0.16997864802, 0.026927475316, 0.60799002081, 0.18737299126],
      [0.17229068909, 0.033105654448, 0.41903005403, 0.19434975304, 0.010125848722, 0.17109800067],
      [0.00025691311137, 0.44498070538, 0.482956231, 0.0024328264553, 0.00032631714032, 0.069047006915],
      [0, 0.057665516958, 0.87176537061, 0.012663479618, 0.022905923234, 0.034999709578],
      [0.079660318494, 0.035395054486, 0.098527984306, 0.72935101082, 0.029667024927, 0.027398606965],
      [0.0063285724788, 0.040356943452, 0.34593451659, 0.034689880644, 0.0010231118675, 0.57166697497]
    ],
    [
      [0.014624203788, 0.00020718758466, 0.12936128002, 0.031682847272, 0.69448077318, 0.12964370816],
      [0.33766929866, 0.015811497892, 0.30449251632, 0.21614491666, 0.011811028529, 0.11407074193],
      [0.0031652085528, 0.34536507545, 0.57143018865, 0.0040870565128, 0.00031891095386, 0.075633559876],
      [0.010656039178, 0.035554795516, 0.8730312104, 0.016466225004, 0.033657413093, 0.030634316811],
      [0.16587576424, 0.0066624831919, 0.069711835198, 0.71100208269, 0.03017291217, 0.016574922508],
      [0.020509294482, 0.027523982864, 0.3614181952, 0.056287001816, 0.001272648762, 0.53298887687]
    ],
    [
      [0.018496285537, 0, 0.23974630776, 0.06061087949, 0.46007781558, 0.22106871163],
      [0.26882907578, 0.01168279144, 0.3427262372, 0.25599782455, 0.0041590840498, 0.11660498698],
      [0.0023229187101, 0.28079688424, 0.63649866488, 0.0047433600552, 0, 0.075638172118],
      [0.0068493500204, 0.019542412278, 0.91464182358, 0.017659127482, 0.0099036136542, 0.031403672988],
      [0.11902634184, 0.00072483109417, 0.071557392222, 0.78245318693, 0.009206692067, 0.017031555843],
      [0.014671110972, 0.020182152045, 0.3798028148, 0.060740446069, 0.0002878301121, 0.524315646]
    ],
    [
      [0.019292138854, 0.0010885570336, 0.20374746377, 0.038704079095, 0.55393259417, 0.18323516708],
      [0.32055859711, 0.022950248089, 0.34417590108, 0.19025394574, 0.0067792594511, 0.11528204854],
      [0.0024593696512, 0.4035561128, 0.52851871024, 0.002870277141, 0.00018701039362, 0.062408519771],
      [0.0090941895031, 0.050648481897, 0.88264219876, 0.011830818879, 0.01798107217, 0.027803238789],
      [0.17327659083, 0.015784023496, 0.082175187269, 0.69063242518, 0.019712876205, 0.018418897022],
      [0.018319277475, 0.037769360297, 0.38587016212, 0.046521843506, 0.00081210450049, 0.5107072521]
    ],
    [
      [0.024171625148, 0.00032948435794, 0.1671172514, 0.046702880062, 0.51735600386, 0.24432275517],
      [0.37067900636, 0.012561414131, 0.25922100337, 0.21063515502, 0.005768907516, 0.1411345136],
      [0.0039553594089, 0.32116082961, 0.56221113094, 0.0046336846101, 0.00024001288052, 0.10779898255],
      [0.013026973049, 0.032628382632, 0.87160913637, 0.018553478993, 0.020073045809, 0.044108983148],
      [0.18625874161, 0.0024812463116, 0.061795359463, 0.71287759295, 0.015748624519, 0.020838435146],
      [0.020791115108, 0.019991056453, 0.2872659016, 0.05101586201, 0.00070895534844, 0.62022710948]
    ],
    [
      [0.014865123894, 0, 0.047316497427, 0.019636417138, 0.85520240379, 0.062979557746],
      [0.61395873496, 0.0054476119025, 0.13224898809, 0.1756311426, 0.0089780761685, 0.063735446277],
      [0.0067254782382, 0.29137564445, 0.59734240916, 0.0090267855331, 0.0018538112671, 0.09367587136],
      [0.025882971412, 0.015728122168, 0.8395444019, 0.028304069633, 0.055386239993, 0.035154194896],
      [0.28108911172, 0, 0.028693108041, 0.65108990691, 0.027847184757, 0.011280688567],
      [0.044246524005, 0.015824300798, 0.2690567931, 0.064566897463, 0.0021237687955, 0.60418171584]
    ],
    [
      [0.00419572151, 0.023828686192, 0.059521274463, 0.0083989379567, 0.90405537988, 0],
      [0.27332995073, 0.11218264586, 0.40843639434, 0.19070454389, 0.015346465191, 0],
      [0.011334535321, 0.6729377542, 0.31242035135, 0, 0.0033073591329, 0],
      [0, 0.10134576934, 0.85717356467, 0, 0.041480665987, 0],
      [0.121261029, 0.038512880924, 0.086963229197, 0.70521224136, 0.048050619519, 0],
      [0.35459940279, 0.10403871379, 0.49492941523, 0.043561863203, 0.0028706049927, 0]
    ],
    [
      [0.028290471066, 0.0013204655179, 0.16792832914, 0.0451419436, 0.58679150566, 0.17052728502],
      [0.42243907012, 0.023802500398, 0.25351672758, 0.1978981084, 0.0063997427781, 0.09594385073],
      [0.0034579790087, 0.48316991465, 0.44955306467, 0.0036249099174, 0.0002328427337, 0.059961289027],
      [0.011857687779, 0.069195052393, 0.84839525707, 0.01834971704, 0.022377646124, 0.029824639592],
      [0.21240374074, 0.016279406567, 0.057709028663, 0.68136785942, 0.017996955152, 0.014243009461],
      [0.028809396954, 0.047606180526, 0.34555760447, 0.059120142849, 0.00098353127285, 0.51792314393]
    ],
    [
      [0.017545992533, 0.0005907239444, 0.15576818095, 0.034457941485, 0.60347559612, 0.18816156497],
      [0.33640421491, 0.01850561283, 0.30409987573, 0.19519908914, 0.0086329991158, 0.13715820828],
      [0.0029421814639, 0.37391539238, 0.53431885697, 0.0034195441595, 0.00028058898663, 0.08512343604],
      [0.010246010597, 0.043621357258, 0.86967346147, 0.013996187094, 0.025618133033, 0.036844850544],
      [0.17790562081, 0.011259497409, 0.072540588149, 0.69217502951, 0.024650182427, 0.021469081697],
      [0.018442043603, 0.029057739914, 0.32638988283, 0.045888747015, 0.0010031763742, 0.57921841026]
    ],
    [
      [0.024275303925, 0.0019487077844, 0.19756373122, 0.062773249274, 0.40760385612, 0.30583515168],
      [0.31750005459, 0.030309437576, 0.25887349953, 0.24193673606, 0.0033190667534, 0.14806120549],
      [0.0020594741798, 0.53021165554, 0.38686738726, 0.0034810218983, 0, 0.077380461124],
      [0.01193763593, 0.084294806682, 0.83245114714, 0.018659134338, 0.0088994196708, 0.043757856241],
      [0.1466929265, 0.018146020053, 0.053677089539, 0.75540478898, 0.0063535832409, 0.019725591693],
      [0.016393949376, 0.045981425555, 0.2672529175, 0.053744465203, 0, 0.61662724237]
    ],
    [
      [0.02469517739, 0.0016543773052, 0.18882662919, 0.052710099444, 0.54672062124, 0.18539309543],
      [0.35802427011, 0.029857089575, 0.27862658518, 0.22565339139, 0.0058307748775, 0.10200788887],
      [0.0027231984621, 0.51699429575, 0.42224584447, 0.0034337791827, 8.5945437749e-05, 0.054516936699],
      [0.011603712068, 0.078107088972, 0.84636745397, 0.017254903087, 0.018052199513, 0.028614642391],
      [0.17105512412, 0.017936518064, 0.059868322794, 0.72257065773, 0.014644603818, 0.013924773471],
      [0.023050089452, 0.05529725076, 0.35143514291, 0.062313156467, 0.00071502295138, 0.50718933746]
    ],
    [
      [0.030632815277, 0.0018544899583, 0.21121395926, 0.056825454063, 0.50831380218, 0.19115947926],
      [0.38968630172, 0.028857300886, 0.27240342667, 0.21287043, 0.0045068916101, 0.09167564912],
      [0.0028376747713, 0.51780147835, 0.42546601189, 0.0034907604306, 0, 0.050404074557],
      [0.012208931727, 0.078018854541, 0.85206446498, 0.017548059901, 0.014080643414, 0.026079045435],
      [0.19129474887, 0.018384222964, 0.061138940461, 0.70611087047, 0.010823724642, 0.012247492594],
      [0.026448092399, 0.056914425042, 0.36580233628, 0.062560922367, 0.00043429680631, 0.48783992711]
    ],
    [
      [0.028103243503, 0.00097734377225, 0.14330709294, 0.054380567512, 0.65798416311, 0.11524758916],
      [0.4366609484, 0.018255530734, 0.22371613405, 0.24769099068, 0.0071138194548, 0.066562576683],
      [0.0045547025511, 0.45662931308, 0.48258745212, 0.0055136034008, 0.000387833425, 0.050327095426],
      [0.016948414528, 0.05988842203, 0.84929868535, 0.024986619575, 0.027984660912, 0.020893197606],
      [0.19080184209, 0.010885445799, 0.042216877936, 0.73443995587, 0.017963720847, 0.0036921574624],
      [0.036712444257, 0.044923597606, 0.37586982359, 0.090161926884, 0.0013697256327, 0.45096248203]
    ],
    [
      [0.027193679974, 0.0017900756176, 0.27230471622, 0.05099461131, 0.30697280289, 0.34074411399],
      [0.33493431595, 0.025720720605, 0.31931092947, 0.17798963055, 0, 0.14204440342],
      [0.0020412656101, 0.47666873331, 0.45130839929, 0.0020556588646, 0, 0.067925942933],
      [0.012121731073, 0.06349705864, 0.88149317747, 0.0053105035298, 0, 0.037577529285],
      [0.18850721133, 0.02541827508, 0.074985870143, 0.68203030609, 0, 0.029058337355],
      [0.014855031017, 0.036454175958, 0.30402727709, 0.034647231753, 0, 0.61001628418]
    ],
    [
      [0.023562443486, 0.0019525958477, 0.15870653309, 0.060511719521, 0.39164963057, 0.36361707749],
      [0.31774943454, 0.043944006174, 0.21413877466, 0.24039049366, 0.0033599285815, 0.18041736238],
      [0.0020291887681, 0.65890202477, 0.25981620293, 0.0031006065538, 0, 0.076151976978],
      [0.013725266526, 0.13102104193, 0.76378965877, 0.022080724983, 0.01131071496, 0.058072592832],
      [0.14866132043, 0.017369307602, 0.049809858403, 0.75426967939, 0.0065868612659, 0.023302972905],
      [0.01493748207, 0.059290306648, 0.19743425346, 0.047729824866, 0, 0.68060813296]
    ],
    [
      [0.026246334342, 0.0011598378261, 0.11993061438, 0.035156723893, 0.66229041085, 0.15521607871],
      [0.46980881183, 0.024376180809, 0.21331332341, 0.18171768523, 0.0080568984701, 0.10272710025],
      [0.0034453849389, 0.52901936152, 0.3963642229, 0.0037972894119, 0.00036469962287, 0.067009041607],
      [0.012983804099, 0.080889970534, 0.81675198479, 0.020421871244, 0.032121482645, 0.036830886687],
      [0.23782625027, 0.017630120241, 0.050109803312, 0.6535416783, 0.024150648912, 0.016741498964],
      [0.03095296716, 0.049423881414, 0.29421096472, 0.055045417359, 0.0013589653053, 0.56900780404]
    ],
    [
      [0.02995036971, 0.0015696692003, 0.20341954035, 0.063269570422, 0.54330075285, 0.15849009747],
      [0.38564080181, 0.024590806882, 0.26684984951, 0.24053670079, 0.005070905863, 0.077310935135],
      [0.0033348625557, 0.48438632101, 0.46085106375, 0.004287175941, 6.3416867667e-05, 0.047077159882],
      [0.013303283731, 0.068632995431, 0.85934206162, 0.020528167507, 0.016546615643, 0.021646876065],
      [0.17598357907, 0.014907892558, 0.055036074611, 0.73558954476, 0.011292554796, 0.0071903542038],
      [0.028903539436, 0.052944891479, 0.3915506243, 0.077428909532, 0.00068368687635, 0.44848834838]
    ],
    [
      [0.055547428479, 0.0069886334043, 0.30165957301, 0.041580242279, 0.35799176766, 0.23623235517],
      [0.57640505796, 0.055578823042, 0.21694309225, 0.097777809584, 0, 0.053295217172],
      [0, 0.86431170297, 0.12574751983, 0.00093564299488, 0, 0.0090051342047],
      [0.0045474004601, 0.17068742555, 0.81257469412, 0.010741150652, 0, 0.0014493292213],
      [0.34968247811, 0.037625970318, 0.080740912989, 0.52944084589, 0, 0.0025097926979],
      [0.028925444704, 0.15010698471, 0.36174474183, 0.029817076268, 0, 0.42940575249]
    ],
    [
      [0.016408765433, 0.0020756767444, 0.28203937189, 0.029288916234, 0.3927221484, 0.27746512129],
      [0.24704791714, 0.037303865158, 0.42707164193, 0.12951986913, 0.0038505315669, 0.15520617508],
      [0.001346116743, 0.4769918857, 0.4616522887, 0.0014089772665, 0, 0.058600731588],
      [0.0082747444356, 0.067470430535, 0.88015436935, 0.0076289027731, 0.0051676827026, 0.031303870199],
      [0.17514385997, 0.033900890252, 0.12736152376, 0.61823126426, 0.012742859082, 0.032619602683],
      [0.010990984222, 0.047805873131, 0.37079797327, 0.024508730529, 0, 0.54589643885]
    ],
    [
      [0.009189170932, 0.00082664497118, 0.16952953994, 0.021783483717, 0.6688958846, 0.12977527584],
      [0.2345746342, 0.025947354343, 0.4388728319, 0.1634522665, 0.011763076619, 0.12538983645],
      [0.0014779232495, 0.38131310998, 0.55868879838, 0.0023353461491, 0.0002113733463, 0.055973448904],
      [0.0051875779416, 0.045413706094, 0.88874189152, 0.012402274941, 0.024045499958, 0.024209049549],
      [0.14146619129, 0.019953516968, 0.11259941791, 0.66563809318, 0.037744605415, 0.022598175239],
      [0.011590082773, 0.037134723011, 0.42758261028, 0.034997954744, 0.0011490820708, 0.48754554712]
    ],
    [
      [0.012583695444, 0.0048238390804, 0.41681082423, 0.017423914196, 0.32930509596, 0.2190526311],
      [0.18584592938, 0.079973113195, 0.56365005506, 0.068189091727, 0, 0.10234181064],
      [0.00087708403814, 0.70451034988, 0.27776621147, 0, 0, 0.016846354611],
      [0.0096872607105, 0.10392909754, 0.86811806922, 0, 0, 0.018265572529],
      [0.20869683768, 0.082226399143, 0.19082903253, 0.49010684966, 0, 0.028140880983],
      [0.0080806352272, 0.10269797819, 0.47829850415, 0.010956110956, 0, 0.39996677148]
    ],
    [
      [0.016042958452, 0.0014781393786, 0.14322840124, 0.038296394203, 0.64935628329, 0.15159782343],
      [0.3297305618, 0.035294579257, 0.28546807112, 0.22971339638, 0.008142102345, 0.1116512891],
      [0.0024771417942, 0.56708347248, 0.37666660364, 0.0021447277929, 0.00075988474068, 0.05086816956],
      [0.012084657063, 0.088972505419, 0.83175760219, 0.011611947489, 0.025950046057, 0.029623241781],
      [0.15174039532, 0.020749107466, 0.055483438819, 0.73640694007, 0.020752128412, 0.014867989913],
      [0.018519721197, 0.060069031625, 0.33011205268, 0.055345270789, 0.001331520231, 0.53462240348]
    ],
    [
      [0.02477237433, 0.0014017894544, 0.23665628185, 0.038405426885, 0.49149528593, 0.20726884155],
      [0.3615149803, 0.023960152333, 0.33834855738, 0.16181683677, 0.0044512886836, 0.10990818454],
      [0.0025849652771, 0.42413135381, 0.51310847156, 0.0021981555485, 0.00012859519458, 0.05784845861],
      [0.0097768080673, 0.056077018114, 0.88716236241, 0.007676048322, 0.011968604424, 0.027339158663],
      [0.21104631531, 0.019886227171, 0.084727252832, 0.65089939611, 0.014059933615, 0.019380874969],
      [0.020227938381, 0.039906003456, 0.38696490984, 0.03915478113, 0.00056273242341, 0.51318363477]
    ],
    [
      [0.018950192925, 0.001190649293, 0.16455324436, 0.041323879098, 0.58832541163, 0.18565662269],
      [0.33260925335, 0.025750943881, 0.29501037043, 0.21452666434, 0.0077957424652, 0.12430702554],
      [0, 0.93471803311, 0.065281966888, 0, 0, 0],
      [0, 0.28264098344, 0.71478909647, 0.0025699200895, 0, 0],
      [0, 0, 0.010279680358, 0.98972031964, 0, 0],
      [0.0015204932827, 0.21809454676, 0.22797763225, 0.02409747598, 5.3447781079e-05, 0.52825640395]
    ],
    [
      [0.017944716125, 0.0020261561403, 0.1289043227, 0.060087956635, 0.48339590428, 0.30764094412],
      [0.29379689916, 0.058790795448, 0.19282701751, 0.28217900008, 0.0040360566003, 0.16837023121],
      [0.0020114054527, 0.78134076822, 0.16475140019, 0.0019756009861, 0.00051076980586, 0.049410055346],
      [0.016371091606, 0.1694270406, 0.71659486579, 0.021121698243, 0.016253121345, 0.060232182417],
      [0.11554271158, 0.010528941599, 0.041197909256, 0.8007871909, 0.0094865917922, 0.022456654864],
      [0.014608549066, 0.075347384667, 0.1820628309, 0.05146877577, 0.0015728327293, 0.67493962687]
    ],
    [
      [0.01368116761, 0.00094035702062, 0.10745259799, 0.02785033302, 0.743515364, 0.10656018036],
      [0.3571138211, 0.024954013569, 0.2842893844, 0.21534158225, 0.013506873413, 0.10479432527],
      [0.0028855033623, 0.47169005738, 0.46213755535, 0.0034116160573, 0.00021610442545, 0.059659163429],
      [0.011678188245, 0.064603117607, 0.84088444596, 0.015429646499, 0.039326319657, 0.028078282035],
      [0.17330335524, 0.017000044057, 0.061557181347, 0.70152450405, 0.032611378866, 0.014003536442],
      [0.022244583799, 0.045369579947, 0.3520118013, 0.057728769662, 0.0015959616461, 0.52104930365]
    ],
    [
      [0.011998270221, 0.0014178185618, 0.1320644892, 0.012629288183, 0.58868621614, 0.2532039177],
      [0.29647778698, 0.045739265872, 0.32567663283, 0.090744546845, 0.0095267339708, 0.23183503351],
      [0.0019284756807, 0.57028733324, 0.34207469744, 0.0013083248785, 0.00026593012594, 0.084135238631],
      [0.010859808952, 0.0917933382, 0.81605819757, 0.0084356774115, 0.024996573081, 0.047856404782],
      [0.24252255169, 0.043248074859, 0.11858982288, 0.50268295837, 0.041816818766, 0.051139773438],
      [0.010950951125, 0.048525743771, 0.23619593237, 0.014447724868, 0.0008004840441, 0.68907916382]
    ],
    [
      [0.028737224223, 0.00069200555595, 0.22282369947, 0.06249975913, 0.50851526405, 0.17673204757],
      [0.3704191653, 0.013848926881, 0.289302772, 0.23685009316, 0.0045205870712, 0.085058455585],
      [0.0037493830187, 0.33515621543, 0.59478155068, 0.0048108979957, 0.00010906916529, 0.061392883707],
      [0.012847320916, 0.034821539508, 0.89622453753, 0.018814986042, 0.013607077854, 0.023684538146],
      [0.17261772123, 0.0043272963986, 0.062483385205, 0.74016914403, 0.0099235743506, 0.010478878781],
      [0.025963088906, 0.028203050991, 0.40157867035, 0.07128945504, 0.00048931066996, 0.47247642405]
    ],
    [
      [0.018950192925, 0.001190649293, 0.16455324436, 0.041323879098, 0.58832541163, 0.18565662269],
      [0.75683017119, 0, 0.084117805591, 0.15905202322, 0, 0],
      [0.012085731556, 0.085182846323, 0.83054690217, 0.0074441133627, 4.8709438782e-05, 0.064691697145],
      [0.042624201242, 0, 0.93669662968, 0.020679169073, 0, 0],
      [0.30218531787, 0, 0.015113186479, 0.68270149565, 0, 0],
      [0.067372261808, 0.0076458543341, 0.35605711656, 0.08345077815, 0.00013908276662, 0.48533490638]
    ],
    [
      [0.11567022867, 0.00037498609127, 0.22360073531, 0.093195991869, 0.33239812025, 0.23475993782],
      [0.57423232696, 0.0066980686554, 0.15846452066, 0.19849185414, 0.0014028196269, 0.060710409966],
      [0.0073513841327, 0.30792424187, 0.59568397696, 0.010135252787, 0, 0.078905144255],
      [0.03138371447, 0.02231759298, 0.87669976643, 0.03866400042, 0, 0.030934925696],
      [0.25507241296, 0, 0.039316019276, 0.6954162254, 0, 0.010195342365],
      [0.051395453856, 0.018279901493, 0.32558066273, 0.088333313767, 0, 0.51641066816]
    ],
    [
      [0.021110155482, 0.0014561941713, 0.18192431077, 0.038840211224, 0.58481307008, 0.17185605827],
      [0.35280655977, 0.030038279302, 0.30936371554, 0.19150532639, 0.007267025745, 0.10901909325],
      [0.0024853943014, 0.49365105809, 0.44548570432, 0.0027635465833, 0.00020975987719, 0.055404536834],
      [0.0099481934235, 0.071786656311, 0.85580945811, 0.01340106087, 0.020987965171, 0.028066666111],
      [0.1869275566, 0.02043598713, 0.073056043041, 0.68174382299, 0.020976549164, 0.01686004108],
      [0.021282861966, 0.052271256798, 0.36660325606, 0.04972491671, 0.00095223561355, 0.50916547285]
    ],
    [
      [0.019974133801, 0.0014513773407, 0.16724292306, 0.038387719491, 0.5990364016, 0.17390744471],
      [0.34340564207, 0.047395977119, 0.29288586367, 0.19477882056, 0.0077122659507, 0.11382143063],
      [0.0019658386043, 0.61950522023, 0.33062906422, 0.0023144210029, 0.00019075085636, 0.045394705086],
      [0.01051983399, 0.10545030897, 0.81649319696, 0.014973554996, 0.022471200529, 0.030091904549],
      [0.17970095616, 0.023775750191, 0.073734173396, 0.68278806114, 0.021988586989, 0.018012472127],
      [0.020162784598, 0.079642456604, 0.33620697504, 0.049105720317, 0.0010035665543, 0.51387849688]
    ],
    [
      [0.015702398167, 0.0010548627699, 0.096261293507, 0.022729815287, 0.73355126494, 0.13070036533],
      [0.41692648998, 0.028706224232, 0.24683532497, 0.17224247574, 0.011738448952, 0.12355103612],
      [0.0027639845563, 0.5408163341, 0.38661949949, 0.0025385034541, 0.00014083709008, 0.067120841312],
      [0.011478783096, 0.082611419789, 0.81547225352, 0.013249894931, 0.03828732686, 0.038900321805],
      [0.22384629131, 0.021485389147, 0.059182123514, 0.6406168868, 0.033132432032, 0.021736877198],
      [0.023331367923, 0.048937408736, 0.28642636576, 0.04250854688, 0.0013804557373, 0.59741585496]
    ],
    [
      [0.017928182512, 0.0012746447739, 0.16630728285, 0.036346429266, 0.5936168379, 0.1845266227],
      [0.3281962234, 0.028439007061, 0.31019781984, 0.19673535737, 0.0080860720393, 0.1283455203],
      [0.0023888348819, 0.47461272137, 0.45369495173, 0.0028347402246, 0.0002259821006, 0.066242769689],
      [0.0096103766091, 0.067790027533, 0.85307776222, 0.013202381202, 0.0231565687, 0.033162883733],
      [0.17255962771, 0.019427780953, 0.071987359086, 0.69300298223, 0.023023284599, 0.019998965416],
      [0.018238565156, 0.045450476344, 0.33760821763, 0.046855708547, 0.00096288312286, 0.5508841492]
    ],
    [
      [0.017883138494, 0.0023239895731, 0.26181734415, 0.094986088924, 0.41045571798, 0.21253372088],
      [0.22423572333, 0.029825644866, 0.31072080913, 0.34133973703, 0.002675968234, 0.091202117404],
      [0.0011954827784, 0.51767563491, 0.43321643461, 0.0044902513234, 0, 0.043422196373],
      [0, 0.075450430657, 0.87152487574, 0.028814792559, 0.0024528871266, 0.021757013921],
      [0.070779727509, 0.020653071086, 0.047587091227, 0.8508193245, 0.0016572819992, 0.0085035036804],
      [0.012689894967, 0.052840252521, 0.37750274753, 0.086094966505, 0.00014452664317, 0.47072761184]
    ],
    [
      [0.020462074261, 0.00085969323495, 0.16364602653, 0.042041960028, 0.56070561152, 0.21228463443],
      [0.3470599099, 0.018837805801, 0.28109966921, 0.21042706316, 0.0069054660779, 0.13567008585],
      [0.0031101279522, 0.39528697091, 0.51088712929, 0.0037230108288, 0.00025195090896, 0.086740810108],
      [0.011369401634, 0.04955212066, 0.86275509462, 0.015261760473, 0.022116041057, 0.038945581554],
      [0.17474621425, 0.011578712203, 0.062833755432, 0.71151652159, 0.01906040358, 0.020264392943],
      [0.019309109449, 0.030295413158, 0.30807486575, 0.050108427246, 0.00088351635328, 0.59132866804]
    ],
    [
      [0.022775082444, 0.0014250736405, 0.19212736455, 0.054926894708, 0.46016062265, 0.268584962],
      [0.32182668415, 0.024418916392, 0.27613011658, 0.22916841203, 0.0046173045078, 0.14383856634],
      [0.0026399499076, 0.45718488486, 0.45314580506, 0.0037676124953, 1.4505260225e-06, 0.083260297148],
      [0.010740532925, 0.065391688867, 0.85111894798, 0.017982743608, 0.013689754851, 0.041076331772],
      [0.15487566137, 0.015541643603, 0.059492396522, 0.73926140832, 0.010847161973, 0.019981728214],
      [0.017367554583, 0.037858459726, 0.29155821702, 0.052983914618, 0.00024013853695, 0.59999171552]
    ],
    [
      [0.22107874641, 0.0031713955744, 0.18803208149, 0.13937540883, 0, 0.44834236771],
      [0.40817531355, 0.013743999487, 0.12457439618, 0.35048461636, 0.00079713375193, 0.10222454068],
      [0.0033223243611, 0.57605564403, 0.3307746659, 0.0055158182276, 0, 0.084331547483],
      [0.020370930307, 0.078835573075, 0.81541693036, 0.033168379211, 0, 0.052208187047],
      [0.12255469354, 0.013647693387, 0.0081971893757, 0.84353083943, 0, 0.012069584261],
      [0.02006439351, 0.03036835447, 0.17444098961, 0.08301563923, 0, 0.69211062318]
    ],
    [
      [0.018834541385, 0.0014223578771, 0.094696811225, 0.052044265668, 0.49544091918, 0.33756110466],
      [0.33127401309, 0.025075852296, 0.16089147651, 0.26764531068, 0.005244913453, 0.20986843397],
      [0.0031547160504, 0.57062893717, 0.2910297072, 0.0043899856503, 0.00044880715763, 0.13034784677],
      [0.018725883799, 0.10180562008, 0.74181669175, 0.027711507097, 0.026238579966, 0.083701717312],
      [0.14252923839, 0.016025205626, 0.023281892472, 0.78218460853, 0.014233956059, 0.021745098922],
      [0.014840550829, 0.03242544471, 0.13665791397, 0.04753227161, 0.0013260814893, 0.76721773739]
    ],
    [
      [0.0016236106044, 0.00013332660758, 0.0076113437268, 0.002479092825, 0.95590855975, 0.032244066483],
      [0.36481235596, 0.036141335019, 0.16203079483, 0.14818149466, 0.019899336956, 0.26893468258],
      [0.0016458161601, 0.69005180791, 0.1964281616, 0.0015902530726, 0, 0.11028396126],
      [0.021984278859, 0.12538720366, 0.66290503145, 0.012762940425, 0.087529643385, 0.089430902223],
      [0.21550145194, 0.032222541983, 0.045042510259, 0.61041219418, 0.058003128771, 0.038818172866],
      [0.0085543269049, 0.035479655668, 0.10499012557, 0.019269114105, 0, 0.83170677775]
    ],
    [
      [0.038354262065, 0.0019879750575, 0.23139846544, 0.10163297668, 0.44211448537, 0.18451183539],
      [0.38226019027, 0.022756232983, 0.22923737592, 0.29643312343, 0.0024421504585, 0.06687092694],
      [0.0033764396656, 0.51497630335, 0.43209234166, 0.0056258150983, 0, 0.04392910023],
      [0.019187517821, 0.073238579455, 0.85341515764, 0.028637548815, 0.0048737955755, 0.020647400691],
      [0.15241425027, 0.014257339198, 0.038588466917, 0.79240783587, 0, 0.0023321077434],
      [0.03061323586, 0.053835484033, 0.3707226836, 0.10274322398, 0, 0.44208537252]
    ],
    [
      [0.009474605621, 0.0004679985783, 0.072467731026, 0.039977705998, 0.68730052634, 0.19031143244],
      [0.26396912246, 0.016098768779, 0.19904601551, 0.31573261294, 0.012061906701, 0.19309157361],
      [0.0025963523964, 0.4174158676, 0.42829955414, 0.006763495459, 0.00047971987835, 0.14444501052],
      [0.0083868641551, 0.054257365206, 0.78580797251, 0.033165286697, 0.048607835894, 0.069774675533],
      [0.091535687228, 0.0072296796816, 0.026150471875, 0.82618372311, 0.025830128086, 0.02307031002],
      [0.010984964235, 0.021305429108, 0.1793208825, 0.063024824867, 0.0012804230898, 0.7240834762]
    ],
    [
      [0.014284196859, 0.0018178765095, 0.14883942793, 0.039635415362, 0.57747994313, 0.21794314021],
      [0.28263402106, 0.030661270511, 0.29073351524, 0.23295254135, 0.0071371963195, 0.15588145552],
      [0.0018594164729, 0.52248617667, 0.39872598707, 0.0025260767441, 0.00029642858255, 0.074105914457],
      [0.0083237430173, 0.077406038369, 0.8397722618, 0.012362087763, 0.021235624446, 0.040900244609],
      [0.13259735032, 0.022297216351, 0.057839200177, 0.74684501532, 0.019079212576, 0.021342005262],
      [0.013350513723, 0.044019537958, 0.27849948187, 0.045566852183, 0.0011586984208, 0.61740491584]
    ],
    [
      [0.012838539769, 0.00038365141652, 0.09426232752, 0.02393155009, 0.61796579593, 0.25061813527],
      [0.30067777723, 0.071016084731, 0.22780186339, 0.16539857048, 0.010130497757, 0.22497520641],
      [0.0013909827745, 0.74759759699, 0.18511538575, 0.0016513035922, 0.00019029699213, 0.064054433904],
      [0.012185520943, 0.17990172266, 0.69731919373, 0.01694494067, 0.031860451493, 0.061788170506],
      [0.180101068, 0.021493894064, 0.075015030965, 0.65523318865, 0.032636078713, 0.035520739604],
      [0.012310183724, 0.078920914052, 0.17503321222, 0.028582170062, 0.0009928322707, 0.70416068767]
    ],
    [
      [0.01371288603, 0.00030412643711, 0.15511371442, 0.034442796323, 0.53320817159, 0.2632183052],
      [0.27230419183, 0.014533110337, 0.31006021699, 0.20173083857, 0.0073420549678, 0.1940295873],
      [0.0024335888547, 0.3157830728, 0.55671335612, 0.0033290083276, 0.00042931976572, 0.12131165413],
      [0.0082322326111, 0.033942043416, 0.87455282036, 0.012709042914, 0.021527753274, 0.049036107422],
      [0.14440841618, 0.0060650803478, 0.076199217405, 0.72326646306, 0.021979645872, 0.028081177134],
      [0.011606668412, 0.018069531694, 0.26200093911, 0.036561517395, 0.00092502735901, 0.67083631603]
    ],
    [
      [0.0061989338788, 0.00097869140984, 0.085047918971, 0.021400983064, 0.72004973019, 0.16632374249],
      [0.2308911225, 0.03055432475, 0.29528659556, 0.20932438069, 0.016999971432, 0.21694360507],
      [0.00074799786503, 0.48388818947, 0.40689901233, 0.0035454986125, 0, 0.10491930172],
      [0.0033998995855, 0.073253940654, 0.80846997726, 0.020107244017, 0.042524250775, 0.052244687705],
      [0.11492661077, 0.021197539636, 0.070606169278, 0.72047362127, 0.042719431357, 0.030076627696],
      [0.0085312917617, 0.03565189239, 0.23428582225, 0.037209757476, 0, 0.68432123612]
    ],
    [
      [0.0069703246549, 0.00045076748886, 0.064259845966, 0.017270708441, 0.8350804585, 0.075967894954],
      [0.31074753442, 0.020003816064, 0.29014361297, 0.22703043317, 0.022972184314, 0.12910241906],
      [0.00094499650069, 0.40746172078, 0.50825394421, 0.0044842779872, 0, 0.078855060526],
      [0.011478942311, 0.049667210439, 0.8311878267, 0.019528136824, 0.05414850974, 0.033989373985],
      [0.14396680863, 0.01241502787, 0.065475031357, 0.71332448678, 0.047361537657, 0.017457107706],
      [0.017088469229, 0.032280362369, 0.31898838633, 0.053795697637, 0.0010314839035, 0.57681560053]
    ],
    [
      [0.015197889223, 0.00058165778504, 0.15475994021, 0.04338247157, 0.62546089637, 0.16061714485],
      [0.29911357715, 0.017989073265, 0.30577583934, 0.25040812319, 0.0087468092292, 0.11796657783],
      [0.0025455722098, 0.37571674626, 0.54343934957, 0.0043350792342, 0.00034841800383, 0.073614834724],
      [0.0083932731422, 0.043614184726, 0.87307724244, 0.017272559231, 0.026016447596, 0.03162629287],
      [0.13346831874, 0.0091292252067, 0.061271965958, 0.75874603841, 0.02149561927, 0.015888832422],
      [0.017158777119, 0.030409249147, 0.35026774285, 0.062164357842, 0.0012232979322, 0.53877657511]
    ],
    [
      [0.034445045556, 0, 0.12132313537, 0.044979817964, 0.67284610775, 0.12640589336],
      [0.5877153881, 0.0086619386834, 0.16541261883, 0.16777641394, 0.0064055996951, 0.064028040751],
      [0.005797961804, 0.3589951305, 0.55225523687, 0.0076514391903, 0.00063805051703, 0.074662181125],
      [0.0081473071393, 0.037663102464, 0.85383633702, 0.03651029944, 0.033756726393, 0.030086227545],
      [0.29419462601, 0.004023039733, 0.04396688747, 0.6281989871, 0.019602983812, 0.01001347588],
      [0.047754682941, 0.025695162974, 0.33108910181, 0.075631871248, 0.0020077746964, 0.51782140633]
    ],
    [
      [0.03376216146, 0, 0.10031006352, 0.043391343657, 0.63488186683, 0.18765456453],
      [0.55930106888, 0.0078541221801, 0.14607661001, 0.17891771925, 0.0064039860807, 0.1014464936],
      [0.0078012674828, 0.3531948105, 0.50883087758, 0.0069179174315, 0.00046634062177, 0.12278878638],
      [0.013128301317, 0.037284634812, 0.81872745104, 0.038804860203, 0.036613679785, 0.055441072845],
      [0.27907529558, 0.002577357135, 0.035211914092, 0.64618579517, 0.018525402442, 0.018424235579],
      [0.038380317908, 0.018910071553, 0.23062792463, 0.062991277271, 0.0013310226419, 0.647759386]
    ],
    [
      [0.011989362624, 0, 0.23848393304, 0.0085221381799, 0, 0.74100456616],
