{
  "Z_true": {},
  "V_true": [
    [1883, 128, 746],
    [190, 1792, 277],
    [1931, 17606, 1298],
    [9343, 196, 544],
    [1089, 981, 1922]
  ],
  "p_true": [
    [0.683, 0.0464, 0.2706],
    [0.0841, 0.7933, 0.1226],
    [0.0927, 0.845, 0.0623],
    [0.9266, 0.0194, 0.054],
    [0.2728, 0.2457, 0.4815]
  ],
  "Z_est": {},
  "V_est": [
    [2433.0061, 0, 323.9939],
    [0, 1917.0704, 341.9296],
    [932.7254, 18785.9296, 1116.345],
    [10083, 0, 0],
    [987.2686, 0, 3004.7314]
  ],
  "p_est": [
    [0.8825, 0, 0.1175],
    [0, 0.8486, 0.1514],
    [0.0448, 0.9017, 0.0536],
    [1, 0, 0],
    [0.2473, 0, 0.7527]
  ],
  "EI_Z": {},
  "EI_V": 9.374,
  "MAE_Z": {},
  "MAE_V": 499.0223,
  "MAE_p": 0.0913,
  "runtime": 0.0283
}
