{
  "X": [
    [22, 29, 104, 254, 28],
    [20, 72, 139, 383, 43],
    [15, 58, 74, 370, 31],
    [12, 25, 31, 151, 18],
    [32, 36, 181, 389, 42],
    [33, 35, 159, 299, 27],
    [16, 53, 149, 299, 25],
    [35, 40, 96, 154, 27],
    [37, 72, 261, 422, 38],
    [22, 40, 100, 228, 20],
    [31, 31, 142, 216, 34],
    [17, 15, 76, 112, 15],
    [28, 33, 163, 162, 36],
    [119, 119, 614, 811, 125],
    [36, 70, 222, 678, 49],
    [31, 17, 91, 121, 25],
    [28, 42, 177, 348, 55],
    [33, 63, 212, 327, 38],
    [29, 63, 209, 559, 34],
    [2, 12, 18, 142, 11],
    [4, 10, 31, 71, 15],
    [13, 28, 51, 263, 19],
    [26, 21, 53, 270, 19],
    [7, 22, 50, 276, 18],
    [6, 13, 17, 116, 13],
    [3, 15, 38, 126, 16],
    [16, 37, 75, 307, 30],
    [2, 16, 12, 61, 8],
    [23, 37, 74, 216, 40],
    [10, 29, 25, 201, 29],
    [7, 25, 42, 83, 13],
    [5, 13, 17, 69, 6],
    [18, 32, 86, 178, 14],
    [11, 39, 66, 178, 20],
    [3, 7, 7, 33, 2],
    [31, 42, 99, 187, 16],
    [9, 24, 48, 125, 13],
    [19, 53, 93, 362, 35],
    [3, 7, 8, 58, 5],
    [11, 29, 33, 157, 26],
    [5, 2, 11, 23, 0],
    [8, 5, 12, 82, 17],
    [1, 0, 5, 86, 3],
    [2, 2, 16, 63, 3],
    [47, 68, 127, 229, 34],
    [46, 44, 146, 134, 31],
    [22, 57, 101, 265, 36],
    [14, 20, 47, 112, 32],
    [12, 15, 12, 55, 8],
    [9, 14, 24, 152, 11],
    [11, 22, 48, 85, 7],
    [75, 80, 286, 830, 108],
    [13, 12, 26, 126, 21],
    [4, 5, 24, 118, 8],
    [1, 11, 4, 50, 5],
    [28, 26, 78, 289, 31],
    [18, 27, 58, 215, 24],
    [24, 26, 76, 170, 22],
    [21, 25, 58, 122, 24],
    [9, 18, 57, 166, 24],
    [1, 11, 12, 67, 14],
    [11, 24, 32, 153, 23],
    [8, 9, 65, 118, 10],
    [11, 10, 35, 134, 17],
    [9, 23, 57, 139, 12],
    [4, 11, 9, 31, 7],
    [15, 6, 27, 120, 18],
    [7, 9, 32, 77, 17],
    [485, 599, 1994, 5186, 519],
    [43, 140, 223, 564, 71],
    [98, 231, 361, 860, 151],
    [9, 52, 81, 274, 20]
  ],
  "W": [
    [25, 45, 71, 257, 28, 11],
    [27, 88, 104, 375, 48, 15],
    [27, 50, 52, 374, 35, 10],
    [23, 23, 21, 144, 19, 7],
    [41, 41, 141, 373, 69, 15],
    [30, 53, 117, 279, 56, 18],
    [19, 38, 128, 286, 59, 12],
    [16, 43, 76, 159, 43, 15],
    [30, 74, 214, 406, 77, 29],
    [14, 41, 82, 221, 38, 14],
    [25, 24, 106, 217, 73, 9],
    [15, 13, 62, 108, 28, 9],
    [24, 30, 142, 165, 49, 12],
    [81, 123, 473, 814, 246, 51],
    [42, 97, 168, 641, 83, 24],
    [16, 14, 78, 132, 42, 3],
    [47, 50, 116, 340, 79, 18],
    [30, 85, 158, 320, 63, 17],
    [29, 82, 150, 534, 77, 22],
    [8, 13, 8, 143, 5, 8],
    [10, 11, 16, 76, 8, 10],
    [5, 34, 41, 249, 30, 15],
    [13, 18, 44, 275, 32, 7],
    [18, 29, 34, 278, 10, 4],
    [6, 8, 17, 116, 14, 4],
    [13, 19, 28, 121, 12, 5],
    [19, 46, 51, 309, 29, 11],
    [6, 20, 8, 57, 6, 2],
    [20, 34, 62, 218, 40, 16],
    [21, 27, 27, 200, 11, 8],
    [5, 24, 31, 90, 18, 2],
    [7, 11, 14, 70, 8, 0],
    [7, 40, 64, 180, 29, 8],
    [7, 34, 52, 187, 23, 11],
    [1, 4, 5, 34, 8, 0],
    [12, 43, 72, 190, 48, 10],
    [8, 31, 20, 128, 25, 7],
    [28, 61, 63, 357, 40, 13],
    [3, 10, 5, 61, 2, 0],
    [16, 24, 33, 163, 13, 7],
    [2, 4, 8, 19, 7, 1],
    [9, 7, 4, 85, 17, 2],
    [1, 3, 1, 84, 3, 3],
    [2, 1, 13, 64, 5, 1],
    [27, 76, 93, 218, 77, 14],
    [28, 42, 114, 132, 69, 16],
    [30, 57, 67, 271, 45, 11],
    [22, 14, 41, 108, 31, 9],
    [10, 6, 11, 55, 18, 2],
    [10, 16, 14, 152, 13, 5],
    [6, 33, 29, 84, 15, 6],
    [67, 98, 188, 822, 168, 36],
    [12, 12, 15, 127, 22, 10],
    [2, 7, 15, 122, 11, 2],
    [3, 9, 2, 50, 4, 3],
    [13, 38, 56, 296, 40, 9],
    [17, 27, 38, 209, 36, 15],
    [14, 27, 56, 169, 37, 15],
    [10, 25, 38, 131, 36, 10],
    [17, 23, 35, 170, 21, 8],
    [10, 12, 4, 69, 6, 4],
    [13, 18, 33, 151, 23, 5],
    [13, 18, 49, 113, 16, 1],
    [14, 17, 26, 125, 18, 7],
    [7, 23, 39, 141, 23, 7],
    [7, 9, 8, 29, 6, 3],
    [14, 9, 17, 119, 20, 7],
    [6, 9, 24, 83, 18, 2],
    [409, 677, 1440, 5115, 911, 231],
    [36, 151, 184, 540, 74, 56],
    [61, 212, 307, 898, 146, 77],
    [17, 82, 53, 253, 22, 9]
  ],
  "method": "mult",
  "cond_prob": [
    [
      [0.052849696706, 0.013807308866, 0.11470638906, 0.28226692145, 0.53636968392],
      [0.0070521705813, 0.58835001072, 0.19245461068, 0.20321071826, 0.008932489756],
      [0.059566977402, 0.00078253060621, 0.92317631222, 0.0089491464157, 0.0075250333606],
      [0.0076110545286, 0, 0.055204741659, 0.90876878547, 0.028415418345],
      [0.47376598564, 0.014053544817, 0.40172522922, 0.051651215155, 0.058804025167],
      [0.082787808973, 0.15727344253, 0.1354945092, 0.19669485066, 0.42774938864]
    ],
    [
      [0.026867877066, 0.019112625166, 0.091047383135, 0.27253489119, 0.59043722344],
      [0.0017534107091, 0.66930930314, 0.13778515861, 0.18151563896, 0.0096364885844],
      [0.01823325348, 0.041698942476, 0.90914656815, 0.0197116059, 0.011209629992],
      [0, 0.010600884899, 0.016423512891, 0.93666350389, 0.036312098321],
      [0.34559542199, 0.027793734431, 0.46002713337, 0.074175032325, 0.092408677877],
      [0.042361903943, 0.1959079558, 0.10835092494, 0.1872639457, 0.46611526961]
    ],
    [
      [0.031711318204, 0.030346626051, 0.094323738873, 0.30585745073, 0.53776086615],
      [0.0016212997051, 0.74286922222, 0.10337930672, 0.14650541611, 0.0056247552471],
      [0.010279313486, 0.070823710468, 0.89147247699, 0.018733746999, 0.0086907520577],
      [0, 0.032696546461, 0.0097760998473, 0.93289221142, 0.024635142274],
      [0.37345983349, 0.040095306053, 0.43553989698, 0.074912799903, 0.075992163566],
      [0.045711094964, 0.27225029531, 0.10275671738, 0.1918788114, 0.38740308095]
    ],
    [
      [0.048601230957, 0.02966217487, 0.089362657256, 0.32492379382, 0.5074501431],
      [0.0031198727106, 0.73248469773, 0.10057806738, 0.15935683925, 0.0044605229187],
      [0.041146925589, 0.052272468247, 0.87747971325, 0.021633364845, 0.0074675280713],
      [0.0012557765545, 0.027286323906, 0.0056562457795, 0.94924584314, 0.016555810622],
      [0.48812110847, 0.032368777174, 0.35258033722, 0.067883176297, 0.05904660084],
      [0.070170899066, 0.26123752687, 0.098680507957, 0.203723288, 0.3661877781]
    ],
    [
      [0.035040104023, 0.017559341641, 0.10619176984, 0.31754817778, 0.52366060672],
      [0.0029555654101, 0.62648582974, 0.15752416627, 0.20549728698, 0.0075371516068],
      [0.023509550488, 0.030567094541, 0.91579744455, 0.023522160178, 0.0066037502424],
      [0, 0.002695454914, 0.021056325407, 0.95389549423, 0.02235272545],
      [0.38111748919, 0.021354305058, 0.45382959763, 0.074927947205, 0.068770660918],
      [0.055348278691, 0.18702239408, 0.12613035499, 0.21769757703, 0.4138013952]
    ],
    [
      [0.049513647063, 0.015392198822, 0.1245268362, 0.35284866787, 0.45771865005],
      [0.0049704992936, 0.57975805231, 0.18342915713, 0.22653307628, 0.0053092149827],
      [0.04520507398, 0, 0.93138024605, 0.020749404469, 0.0026652754975],
      [0, 0, 0.034608306697, 0.95285965019, 0.01253204311],
      [0.43882150372, 0.012010618546, 0.43354625465, 0.067552768121, 0.048068854971],
      [0.077119792323, 0.17435903467, 0.1464807205, 0.24165606556, 0.36038438695]
    ],
    [
      [0.021300887107, 0.032773705215, 0.10165470738, 0.33386264356, 0.51040805674],
      [4.5264575947e-05, 0.74479144442, 0.10108991924, 0.14948747344, 0.0045858983172],
      [0, 0.089544114152, 0.87481085581, 0.029942240421, 0.0057027896164],
      [0, 0.018598494619, 0, 0.96215236138, 0.019249144003],
      [0.25809244019, 0.064178482605, 0.50746606938, 0.093114535837, 0.077148471985],
      [0.03050909333, 0.29232318054, 0.10923799928, 0.20617883659, 0.36175089026]
    ],
    [
      [0.058860236061, 0.02054335223, 0.089554674299, 0.24507495538, 0.58596678203],
      [0.011378256801, 0.69539228454, 0.13402551843, 0.14909799281, 0.010105947412],
      [0.057338498833, 0.04059381098, 0.88927001758, 0, 0.012797672602],
      [0.029515688291, 0.016957748612, 0.034074708118, 0.87803022345, 0.041421631525],
      [0.53952784837, 0.022615598429, 0.33168025725, 0.03802155987, 0.068154736075],
      [0.087903556736, 0.20103704885, 0.10262512863, 0.16172362796, 0.44671063781]
    ],
    [
      [0.037551132865, 0.023802354946, 0.11638113298, 0.33645227326, 0.48581310595],
      [0.002289979381, 0.67031797407, 0.14288739358, 0.17943040383, 0.0050742491266],
      [0.023046757295, 0.038266736572, 0.91584197185, 0.018903579617, 0.0039409546686],
      [0, 0.011537489331, 0.028388605149, 0.94254498118, 0.017528924335],
      [0.37861074911, 0.027431552279, 0.46267231577, 0.072171145648, 0.059114237187],
      [0.055826682661, 0.23092646379, 0.13079913464, 0.21906121741, 0.3633865015]
    ],
    [
      [0.045170460415, 0.024284916967, 0.10284326187, 0.32286306749, 0.50483829326],
      [0.0033688807695, 0.69044704362, 0.12618421691, 0.17436823322, 0.0056316254753],
      [0.034774924881, 0.041716856303, 0.89583591368, 0.021189419076, 0.0064828860605],
      [0.0023455547308, 0.01635942301, 0.014193280573, 0.9460389143, 0.021062827389],
      [0.44538622231, 0.027553273828, 0.39942425307, 0.068074813654, 0.059561437133],
      [0.066778682782, 0.23346023333, 0.11523284967, 0.2094174393, 0.37511079492]
    ],
    [
      [0.031223085941, 0.023175676812, 0.096029202844, 0.26504800257, 0.58452403184],
      [0.0023512877878, 0.70653083322, 0.12861420851, 0.15429366783, 0.0082100026484],
      [0.024465091873, 0.045141964182, 0.90870030296, 0.010875627303, 0.010817013681],
      [0, 0.019822186061, 0.029946461023, 0.91410207728, 0.036129275637],
      [0.37180546271, 0.032455865402, 0.44806822175, 0.062665799336, 0.0850046508],
      [0.047543714266, 0.22312525883, 0.10921495342, 0.17590903252, 0.44420704096]
    ],
    [
      [0.047648167067, 0.021850276388, 0.10970161632, 0.31351010061, 0.50728983961],
      [0.0041766831739, 0.67489823826, 0.14028289386, 0.17479998434, 0.0058422003713],
      [0.036662242952, 0.03468840746, 0.91084282052, 0.013882000799, 0.0039245282688],
      [0.0061244115003, 0.01048185769, 0.032809181014, 0.93148557328, 0.019098976519],
      [0.45203294242, 0.02339188661, 0.40720433823, 0.061108010217, 0.056262822527],
      [0.071062524448, 0.21787489319, 0.12371447142, 0.20586649388, 0.38148161706]
    ],
    [
      [0.035501213246, 0.019256819971, 0.089011522304, 0.23360149544, 0.62262894904],
      [0.0039759375149, 0.68921060825, 0.13867557347, 0.1569549153, 0.011182965464],
      [0.030571077818, 0.039933955629, 0.91203493624, 0, 0.017460030311],
      [0.0096509004738, 0.015653431157, 0.034781064984, 0.8921104457, 0.04780415769],
      [0.41707511657, 0.026294955263, 0.41242239242, 0.052340583409, 0.091866952346],
      [0.05487670138, 0.19330228543, 0.10391019696, 0.16016704364, 0.48774377259]
    ],
    [
      [0.035094249063, 0.018100605607, 0.10131662488, 0.26729295765, 0.57819556281],
      [0.0035722397614, 0.65133717817, 0.15688565256, 0.17873754781, 0.0094673817073],
      [0.02928160038, 0.031304488162, 0.92290362852, 0.00609066424, 0.0104196187],
      [0.0037993315929, 0.0091521032357, 0.041528766293, 0.90994142665, 0.035578372228],
      [0.39018256063, 0.022870516935, 0.44752923118, 0.058714800756, 0.0807028905],
      [0.054710147529, 0.18698815551, 0.11894892548, 0.18328442323, 0.45606834825]
    ],
    [
      [0.034126288946, 0.017770882195, 0.10912651796, 0.34495703587, 0.49401927502],
      [0.0024375282089, 0.61340026554, 0.15714545593, 0.22038598025, 0.0066307700713],
      [0.015128450951, 0.020552643384, 0.93099826429, 0.027043401064, 0.0062772403132],
      [0, 0, 0.0063668792418, 0.97520820301, 0.018424917752],
      [0.36745637842, 0.021245198904, 0.46464943646, 0.081919351822, 0.064729634393],
      [0.053741519142, 0.18906673302, 0.129949825, 0.23680452925, 0.39043739359]
    ],
    [
      [0.049166285896, 0.018337688582, 0.078257240708, 0.20827755928, 0.64596122553],
      [0.0071213111412, 0.7062285918, 0.1272681237, 0.14743262689, 0.011949346466],
      [0.04976431438, 0.041118701121, 0.88888413498, 0, 0.020232849522],
      [0.032500386205, 0.01575740434, 0.032197876578, 0.86136252425, 0.058181808631],
      [0.51720839708, 0.023171420671, 0.33593596414, 0.034968917976, 0.088715300132],
      [0.073073630556, 0.18632032298, 0.09124589546, 0.14498483987, 0.50437531114]
    ],
    [
      [0.025091396316, 0.016351671972, 0.10686927722, 0.27666041485, 0.57502723964],
      [0.0019429995053, 0.62864029066, 0.16883832283, 0.19112553684, 0.0094528501763],
      [0.011956752918, 0.034104333379, 0.93007574897, 0.014542750839, 0.0093204138913],
      [0, 0.0025269400084, 0.038609962241, 0.92561531458, 0.033247783175],
      [0.31145715556, 0.022548629726, 0.50924605333, 0.070471615942, 0.086276545438],
      [0.040636431681, 0.17793627008, 0.12714530961, 0.1931811082, 0.46110088043]
    ],
    [
      [0.038005151347, 0.017528479859, 0.11291001744, 0.29181321329, 0.53974313806],
      [0.0038507260736, 0.63000092165, 0.17189694768, 0.18664775733, 0.0076036472713],
      [0.028680616176, 0.025127191825, 0.93060914416, 0.0086911602295, 0.0068918876127],
      [0.0039757791882, 0.0016350476713, 0.049595357386, 0.9179761182, 0.026817697556],
      [0.39246236342, 0.019987407486, 0.45802857505, 0.061362798189, 0.068158855856],
      [0.059036361878, 0.18656170762, 0.13169997384, 0.19936040016, 0.4233415565]
    ],
    [
      [0.03238116731, 0.020462043867, 0.12466535965, 0.36512910622, 0.45736232295],
      [0.0018410361949, 0.62324843986, 0.16139671579, 0.20836847851, 0.0051453296541],
      [0.0079172016507, 0.032756283425, 0.9311892001, 0.023700506465, 0.0044368083613],
      [0, 0, 0.019472389346, 0.96643035313, 0.014097257521],
      [0.33285124981, 0.023268375004, 0.50516736165, 0.081955252636, 0.056757760906],
      [0.04967521351, 0.20886914866, 0.14434777741, 0.24480007666, 0.35230778375]
    ],
    [
      [0.019650126175, 0.023717076972, 0.11799011451, 0.3126029305, 0.52603975185],
      [0, 0.65796727821, 0.15593843835, 0.17960177249, 0.0064925109428],
      [0.015365158043, 0.029981179457, 0.93198303552, 0.01589682935, 0.006773797635],
      [0, 0.0083740956258, 0.026391958314, 0.94386410132, 0.021369844739],
      [0.28738640826, 0.026713702731, 0.53943182065, 0.075194711702, 0.071273356658],
      [0.03536821062, 0.21072189296, 0.13772574488, 0.21107985393, 0.40510429761]
    ],
    [
      [0.027819320789, 0.015926539685, 0.12587634724, 0.22868307288, 0.60169471941],
      [0.0030709599491, 0.63261153426, 0.19808177594, 0.15589937725, 0.010336352608],
      [0.018545384995, 0.023563911462, 0.94867012015, 0, 0.0092205833927],
      [0.0047301621226, 0.0082815611418, 0.087659431477, 0.85583557732, 0.04349326794],
      [0.32381723214, 0.02018357603, 0.52776871104, 0.048618746137, 0.079611734644],
      [0.044126989429, 0.17141178879, 0.14993485893, 0.15658222762, 0.47794413523]
    ],
    [
      [0.032241501708, 0.018439522812, 0.080907017666, 0.31555318382, 0.552858774],
      [0, 0.65655850581, 0.11934307112, 0.21588561329, 0.0082128097751],
      [0, 0.04483739703, 0.80896810275, 0.13567582553, 0.010518674689],
      [0, 0, 0, 0.97408942993, 0.025910570073],
      [0.40256812236, 0.028408898778, 0.39771137862, 0.088442941604, 0.082868658636],
      [0.050783254709, 0.19294752979, 0.095917794813, 0.2211905388, 0.43916088188]
    ],
    [
      [0.064195524226, 0.023196636483, 0.084638632249, 0.30624305541, 0.52172615163],
      [0.0057847976297, 0.70637444896, 0.10912270552, 0.17192949444, 0.0067885534437],
      [0.0590525891, 0.045304544522, 0.86530735288, 0.020958436023, 0.009377077474],
      [0.013210825635, 0.013327702599, 0.0062843393509, 0.94101443129, 0.026162701127],
      [0.56779069769, 0.023339418941, 0.29590076313, 0.057360446479, 0.055608673752],
      [0.094391218775, 0.22547486638, 0.094992544673, 0.19820504331, 0.38693632686]
    ],
    [
      [0.04091783177, 0.018745632458, 0.11195902136, 0.31774339062, 0.51063412379],
      [0.003638880844, 0.63426578577, 0.15881603106, 0.19626489325, 0.0070144090756],
      [0.029638540386, 0.029206543614, 0.91647132485, 0.017622020907, 0.0070615702454],
      [0.0025912138933, 0.0046338759201, 0.026432713676, 0.94413707592, 0.022205120592],
      [0.4176395206, 0.021139884535, 0.4347243859, 0.065912291632, 0.060583917336],
      [0.063372110554, 0.19405799859, 0.13087735228, 0.21513958302, 0.39655295555]
    ],
    [
      [0.026504592125, 0.026468433133, 0.051867101569, 0.25017999557, 0.64497987761],
      [0.0013972099982, 0.79025672621, 0.064134119024, 0.13596009589, 0.0082518488722],
      [0, 0.26501891286, 0.67075209497, 0.046185251412, 0.018043740764],
      [0, 0, 0, 0.95515656286, 0.044843437141],
      [0.40497203383, 0.070391540931, 0.32390695832, 0.083836092223, 0.11689337469],
      [0.040046573406, 0.25708312497, 0.059560351863, 0.16355585066, 0.4797540991]
    ],
    [
      [0.0052289021628, 0.019945454277, 0.097068552339, 0.28112607459, 0.59663101663],
      [0, 0.64696327169, 0.14611705346, 0.19728778222, 0.0096318926267],
      [0, 0.043013566461, 0.92292419297, 0.023514852306, 0.010547388263],
      [0, 0, 0.0086134968665, 0.95765145244, 0.03373505069],
      [0.23414256611, 0.028039222423, 0.54279901207, 0.089264572886, 0.10575462651],
      [0.024462695713, 0.18151128045, 0.11283722698, 0.19829533668, 0.48289346018]
    ],
    [
      [0.036285485048, 0.01781395542, 0.093366022234, 0.2748961852, 0.5776383521],
      [0.0035838799202, 0.65422379543, 0.14583429682, 0.18692542805, 0.009432599772],
      [0.03139287589, 0.033044236545, 0.90735364238, 0.017839670765, 0.01036957442],
      [0.0029508845667, 0.0070312950664, 0.022356984984, 0.93293653294, 0.034724302439],
      [0.41398831425, 0.022892440515, 0.4176533162, 0.065795502082, 0.079670426949],
      [0.057017835723, 0.18594847663, 0.11112523931, 0.18937466743, 0.45653378091]
    ],
    [
      [0, 0.038500231087, 0.067618306817, 0.26151796147, 0.63236350063],
      [0, 0.72041876757, 0.084340620519, 0.18479754854, 0.010443063368],
      [0, 0.065647923633, 0.89647584164, 0.024370905874, 0.013505328849],
      [0, 0.0020979674317, 0, 0.95895511566, 0.038946916912],
      [0.32256506617, 0.052792388192, 0.42785258381, 0.085782466666, 0.11100749516],
      [0.032304801482, 0.1995507001, 0.084277756362, 0.18241881049, 0.50144793156]
    ],
    [
      [0.034514122079, 0.01990403662, 0.066784531602, 0.23002932984, 0.64876797986],
      [0.0035719527129, 0.71635912045, 0.10691836351, 0.16011089063, 0.0130396727],
      [0.04612204661, 0.049481947733, 0.86667345997, 0.01832770616, 0.019394839524],
      [0.0019155902572, 0.022125316525, 0, 0.91643908164, 0.059520011574],
      [0.45118119838, 0.029974555161, 0.35040362337, 0.062750797118, 0.10568982597],
      [0.053991104065, 0.19722045025, 0.079949097222, 0.15784835355, 0.51099099491]
    ],
    [
      [0.044814200303, 0.022365018144, 0.049361487135, 0.25231347509, 0.63114581933],
      [0.0040152798188, 0.8217706483, 0, 0.16328465263, 0.010929419254],
      [0.081874772964, 0.10359801135, 0.76787460935, 0.02752073716, 0.019131869184],
      [0, 0.0074016722121, 0, 0.94243673007, 0.050161597723],
      [0.56258579519, 0.029963296919, 0.25019227518, 0.064573716819, 0.092684915894],
      [0.068928327676, 0.21693126249, 0.059834911358, 0.16900182512, 0.48530367335]
    ],
    [
      [0.021793528468, 0.021279850725, 0.073435724494, 0.19171527951, 0.6917756168],
      [0.0013334170883, 0.74504178697, 0.11792720997, 0.12295691136, 0.012740674609],
      [0.020672419625, 0.058372515816, 0.90243233471, 0.0013572649143, 0.017165464937],
      [0, 0.045302975846, 0.03016716317, 0.86461110458, 0.059918756404],
      [0.34161736337, 0.039849154292, 0.44097854351, 0.05376271664, 0.12379222218],
      [0.034536399215, 0.20424863264, 0.0872537469, 0.1328271029, 0.54113411834]
    ],
    [
      [0.046428596905, 0.032945274832, 0.085681673475, 0.29362280883, 0.54132164596],
      [0.00268776224, 0.77361561906, 0.088099793032, 0.13101371994, 0.004583105726],
      [0.040063454944, 0.062161278395, 0.87260696348, 0.017209529341, 0.0079587738364],
      [0.0013884536217, 0.044170165169, 0.0067455562149, 0.92541543957, 0.022280385427],
      [0.49841928929, 0.037180225896, 0.34280551731, 0.060434404794, 0.061160562712],
      [0.065800778412, 0.28307651611, 0.09255378254, 0.18121926207, 0.37734966087]
    ],
    [
      [0.047216567068, 0.020133382336, 0.10934538287, 0.29695285505, 0.52635181268],
      [0.0051300529354, 0.65646244766, 0.15525029513, 0.17621224509, 0.00694495919],
      [0.036596675105, 0.03124966424, 0.91483534063, 0.010179637125, 0.0071386829026],
      [0.0080885745566, 0.0075656910671, 0.041977594766, 0.91661500187, 0.02575313774],
      [0.45143656443, 0.02132096584, 0.4106969429, 0.056819520753, 0.059726006083],
      [0.071811364734, 0.20255718806, 0.12611628907, 0.1978596246, 0.40165553354]
    ],
    [
      [0.029829235302, 0.024924673125, 0.086258844043, 0.24756358588, 0.61142366165],
      [0.0020650195844, 0.73936074511, 0.11289006757, 0.13711463364, 0.008569534093],
      [0.026988208744, 0.054467619308, 0.89619336081, 0.010293703092, 0.012057108044],
      [0.00047239682037, 0.039495142195, 0.02163465108, 0.89759704283, 0.040800767072],
      [0.37993894014, 0.037204818704, 0.4276174561, 0.06274207964, 0.092496705414],
      [0.044605818509, 0.23760393906, 0.097726344523, 0.16146999572, 0.45859390219]
    ],
    [
      [0.029414556654, 0.039848136006, 0.068497990234, 0.26876880038, 0.59347051672],
      [0, 0.8543709515, 0.050709424642, 0.091757432704, 0.0031621911587],
      [0.027575326977, 0.091679443888, 0.85195773409, 0.01998482451, 0.0088026705371],
      [0, 0.045960656421, 0, 0.93169676911, 0.022342574465],
      [0.35408860106, 0.19020106503, 0.30860945509, 0.073323399547, 0.07377747927],
      [0.040419916598, 0.35505488074, 0.070656100558, 0.15785600084, 0.37601310126]
    ],
    [
      [0.057716683753, 0.026967645279, 0.1142457575, 0.31619338539, 0.48487652808],
      [0.0062884691752, 0.70427523677, 0.13316502311, 0.15159682588, 0.0046744450645],
      [0.043897913247, 0.043742999113, 0.90190720156, 0.0051765490918, 0.0052753369856],
      [0.01365227701, 0.023266961117, 0.038204305982, 0.90503830345, 0.019838152439],
      [0.48876736565, 0.027957766534, 0.38481623972, 0.049545913151, 0.048912714954],
      [0.082157968372, 0.24803617336, 0.1235638761, 0.19788228406, 0.34835969811]
    ],
    [
      [0.028518946903, 0.01942402105, 0.12833088126, 0.27592528228, 0.54780086851],
      [0.0025142179764, 0.64179873825, 0.18576787472, 0.16281705039, 0.007102118669],
      [0.018548545409, 0.027246133388, 0.93883933869, 0.0086798134862, 0.0066861690275],
      [0.0022503386625, 0.011202518552, 0.061388790844, 0.89727531156, 0.027883040386],
      [0.30907120634, 0.023553183152, 0.54135803716, 0.056681122392, 0.069336450953],
      [0.044016178854, 0.19731033211, 0.14943512897, 0.18620071013, 0.42303764992]
    ],
    [
      [0.033934298833, 0.021354080327, 0.097388502535, 0.29688271013, 0.55044040817],
      [0.0025141433806, 0.67723258499, 0.1339268233, 0.17881607774, 0.0075103705902],
      [0.027248882868, 0.038701718996, 0.90574983948, 0.019305357099, 0.0089942015592],
      [0, 0.013404293397, 0.017055203196, 0.94149055013, 0.028049953275],
      [0.38757465118, 0.027572980178, 0.43710477757, 0.071672261804, 0.076075329269],
      [0.052062401434, 0.21264906306, 0.11295747515, 0.1987883852, 0.42354267516]
    ],
    [
      [0.067664395437, 0.013551731789, 0.071297740168, 0.21182851441, 0.6356576182],
      [0.0094700793554, 0.66646371344, 0.13752000018, 0.17479894746, 0.011747259573],
      [0.06778644288, 0.029519191377, 0.87625600067, 0.014705895086, 0.011732469988],
      [0.016141060718, 0.0020347983529, 0.02620922024, 0.90946896451, 0.046145956182],
      [0.68938455095, 0.011494506931, 0.21543216988, 0.032694335927, 0.050994436309],
      [0.11036734306, 0.15130090949, 0.087226964068, 0.15047714853, 0.50062763485]
    ],
    [
      [0.042801329824, 0.024512429873, 0.055916050398, 0.22318789826, 0.65358229165],
      [0.0041559032442, 0.76500557613, 0.080356563531, 0.13867737982, 0.011804577279],
      [0.085261752216, 0.085820638347, 0.79031292337, 0.018712586964, 0.019892099106],
      [0, 0.033228341064, 0, 0.90619807031, 0.060573588623],
      [0.53453522189, 0.032704580186, 0.27957587824, 0.056485205232, 0.096699114454],
      [0.064691619613, 0.22488672766, 0.065996111518, 0.1483754305, 0.49605011071]
    ],
    [
      [0.11524843785, 0.018996876898, 0.18619294432, 0.67956174093, 0],
      [0.028909288106, 0.43626198638, 0.19403853599, 0.34079018952, 0],
      [0.053889669547, 0, 0.90837730183, 0.037733028621, 0],
      [0, 0, 0, 1, 0],
      [0.57989060841, 0, 0.34056388446, 0.079545507129, 0],
      [0.16351435664, 0.21695830069, 0.20049436149, 0.41903298119, 0]
    ],
    [
      [0.027099680675, 0.0093144531918, 0.055497510111, 0.19585227068, 0.71223608534],
      [0.0039895960833, 0.63558559867, 0.13561284967, 0.20571922634, 0.019092729239],
      [0.036868742448, 0.029959894411, 0.89395112194, 0.019215439881, 0.020004801316],
      [0, 0, 0.0091387493811, 0.91007410518, 0.080787145443],
      [0.44037027136, 0.0062472366004, 0.35599017568, 0.062796425287, 0.13459589107],
      [0.04720305919, 0.12051406538, 0.073400644805, 0.14829752508, 0.61058470555]
    ],
    [
      [0.026577020819, 0, 0.12286317858, 0.37320463858, 0.47735516202],
      [0, 0, 0.429715658, 0.55546350071, 0.014820841291],
      [0.015468678999, 0, 0.96317958544, 0.016329098507, 0.0050226370565],
      [0, 0, 0.0034500437481, 0.98516006649, 0.011389889761],
      [0.26753163909, 0, 0.59835451937, 0.080593253093, 0.053520588439],
      [0.051786460968, 0, 0.17998100968, 0.31628347209, 0.45194905726]
    ],
    [
      [0.029752934671, 0.019606051773, 0.10842542794, 0.32462724786, 0.51758833775],
      [0.002039018959, 0.71171865357, 0.12235227663, 0.15869182582, 0.0051982250325],
      [0.0039772728284, 0.047183175927, 0.92269507596, 0.020228818745, 0.0059156565403],
      [0, 0.0046684989525, 0.01840779759, 0.9583510921, 0.018572611355],
      [0.3680591386, 0.02413699575, 0.47209889649, 0.074982048208, 0.06072292095],
      [0.04645487191, 0.21621904413, 0.12716735181, 0.21969889916, 0.39045983299]
    ],
    [
      [0.049472520697, 0.023475884828, 0.091398119086, 0.28395775171, 0.55169572368],
      [0.0067581489199, 0.70050668546, 0.12209945413, 0.16313774451, 0.0074979669724],
      [0.045157386919, 0.045342898873, 0.88639160504, 0.013547168345, 0.0095609408176],
      [0.011496806778, 0.021223394034, 0.016098099134, 0.92072317654, 0.030458523514],
      [0.48599451357, 0.028494908581, 0.36173114293, 0.056442303158, 0.067337131765],
      [0.073078872674, 0.22071039709, 0.10397067035, 0.18650540255, 0.41573465735]
    ],
    [
      [0.056016814924, 0.025038744093, 0.10572487703, 0.26408986314, 0.54912970081],
      [0.0088299690897, 0.70777551034, 0.13660044001, 0.14030995332, 0.0064841272493],
      [0.038339108362, 0.04568468481, 0.90927391896, 0, 0.0067022878693],
      [0.032068291753, 0.020853002107, 0.041551889803, 0.8759812676, 0.029545548739],
      [0.4954355275, 0.0283317642, 0.38132824467, 0.034130239908, 0.060774223721],
      [0.079496638642, 0.22855010344, 0.11554749158, 0.17049699475, 0.40590877159]
    ],
    [
      [0.034824357609, 0.025443083957, 0.09933257727, 0.26491914393, 0.57548083723],
      [0.0027744310946, 0.71388886541, 0.12973980504, 0.14582069752, 0.0077762009403],
      [0.028524454936, 0.045896409284, 0.90621159837, 0.0096299918657, 0.0097375455442],
      [0.0025303892101, 0.031162881115, 0.033230708623, 0.89861775216, 0.034458268896],
      [0.391755893, 0.032929828542, 0.43730978588, 0.059043358589, 0.078961133983],
      [0.051930687047, 0.23118178768, 0.11129220931, 0.17391586341, 0.43167945255]
    ],
    [
      [0.025578823097, 0.024450482723, 0.055859477858, 0.23043859311, 0.66367262321],
      [0.0014248538265, 0.75136412341, 0.088162566238, 0.14586922309, 0.013179233437],
      [0.014592823764, 0.13783608933, 0.79781549909, 0.023673824502, 0.026081763314],
      [0, 0.00058936053844, 0, 0.92827713547, 0.071133503991],
      [0.40150944137, 0.040064758067, 0.36074852639, 0.073174937061, 0.12450233711],
      [0.041357720175, 0.22067261686, 0.071463975421, 0.15502237156, 0.51148331598]
    ],
    [
      [0.05807945665, 0.065643363278, 0.0543007579, 0.29745526677, 0.5245211554],
      [0.002013123064, 0.87967569464, 0.034826437843, 0.081093140129, 0.0023916043228],
      [0.063721896199, 0.14038861784, 0.76565001764, 0.020621525899, 0.009617942419],
      [0, 0.072552286046, 0, 0.90930856239, 0.01813915156],
      [0.58721310861, 0.14921895224, 0.15117433353, 0.055289200448, 0.057104405174],
      [0.068174940945, 0.42246026513, 0.052372798212, 0.15243758345, 0.30455441227]
    ],
    [
      [0.053755184042, 0.021059670632, 0.1011492323, 0.31944918493, 0.5045867281],
      [0.0046921427143, 0.67145538328, 0.13374002981, 0.18385940425, 0.0062530399412],
      [0.041587725157, 0.035145742454, 0.89720836019, 0.018683280178, 0.0073748920225],
      [0.0058112293394, 0.0079974941282, 0.019724165054, 0.9457585828, 0.02070852868],
      [0.50129292693, 0.021483293242, 0.36245327257, 0.060940408906, 0.053830098352],
      [0.081006162864, 0.21183496945, 0.11555690516, 0.21093237178, 0.38066959074]
    ],
    [
      [0.061408421796, 0.018832892832, 0.13795103178, 0.31769446595, 0.46411318765],
      [0.024355575608, 0.60303819679, 0.19830261925, 0.17080787561, 0.0034957327478],
      [0.040496801385, 0.02038791352, 0.9346742491, 0.0012634519724, 0.0031775840211],
      [0.010453094834, 0, 0.07518020916, 0.89876572926, 0.015600966748],
      [0.48160793921, 0.014572645385, 0.41792262805, 0.045062060417, 0.040834726942],
      [0.091871529977, 0.19615049603, 0.15646285999, 0.2080468397, 0.34746827431]
    ],
    [
      [0.031812487102, 0.015234486051, 0.090667917285, 0.26810990787, 0.59417520169],
      [0.0033067835816, 0.62660615821, 0.15682037944, 0.20216286623, 0.011103812546],
      [0.028384481133, 0.029122599136, 0.91133326028, 0.019302657372, 0.011857002075],
      [0.00096797351665, 0.0032615270664, 0.019602246043, 0.9367435187, 0.039424734671],
      [0.38431132141, 0.020509776195, 0.43527798402, 0.070111864646, 0.089789053731],
      [0.051339997021, 0.16583943453, 0.11073477392, 0.18927250171, 0.48281329281]
    ],
    [
      [0.039524610504, 0.016112928582, 0.074101402933, 0.24739642377, 0.62286463421],
      [0.0044848720456, 0.67368410052, 0.12688055655, 0.1833277188, 0.011622752091],
      [0.041274664968, 0.036573350566, 0.88929340461, 0.018725521997, 0.014133057855],
      [0.0060384112149, 0.0075631187444, 0.012743623538, 0.92491296024, 0.048741886267],
      [0.47522993552, 0.021595655574, 0.35135361257, 0.061474330441, 0.090346465891],
      [0.063082942905, 0.17382148891, 0.090059575125, 0.17340462395, 0.49963136911]
    ],
    [
      [0.023857854248, 0.011888365108, 0.092008812057, 0.25417197291, 0.61807299568],
      [0.0027907832154, 0.58854569164, 0.1803962446, 0.2166296507, 0.011637629838],
      [0.012951085775, 0.026234750896, 0.93308273428, 0.017370909999, 0.010360519053],
      [0, 0, 0.024483539172, 0.93895983205, 0.036556628776],
      [0.33250747867, 0.017388882714, 0.48492951686, 0.071361847072, 0.093812274687],
      [0.040450128501, 0.13580222749, 0.11787559254, 0.18830251057, 0.5175695409]
    ],
    [
      [0.016477130425, 0.030946218669, 0.057963993811, 0.28022578907, 0.61438686803],
      [0, 0.82889757473, 0.032295803529, 0.1335468672, 0.0052597545394],
      [0.01937354391, 0.073845933603, 0.87000529622, 0.023890582955, 0.012884643308],
      [0, 0.034240138772, 0, 0.93963678805, 0.026123073179],
      [0.20941736417, 0.18147337767, 0.40028331924, 0.096788781297, 0.11203715762],
      [0.024717354739, 0.28716361831, 0.064767305794, 0.18020837815, 0.44314334301]
    ],
    [
      [0.045267551278, 0.012699077636, 0.079416532848, 0.24299990954, 0.6196169287],
      [0.0068482660255, 0.61129130619, 0.15820253484, 0.21026679853, 0.013391094417],
      [0.060247390865, 0.012986105442, 0.89564094551, 0.017353167877, 0.013772390306],
      [0.010757023559, 0, 0.020420599977, 0.92249389932, 0.046328477145],
      [0.49821796833, 0.015048196367, 0.34667955201, 0.056199926024, 0.083854357268],
      [0.07384845881, 0.14185473292, 0.098701791868, 0.17476602126, 0.51082899515]
    ],
    [
      [0.038359581821, 0.021491592557, 0.094182043785, 0.30332741964, 0.5426393622],
      [0.002926281716, 0.6821973437, 0.12762765971, 0.18005401342, 0.007194701453],
      [0.031176167328, 0.039895656143, 0.89889312445, 0.021225677372, 0.0088093747101],
      [0, 0.012037820874, 0.011900487851, 0.95000487973, 0.02605681154],
      [0.42239570867, 0.026689539947, 0.40766684836, 0.071807007473, 0.071440895558],
      [0.058529175485, 0.21483678083, 0.10878741419, 0.202621842, 0.41522478749]
    ],
    [
      [0.049266068812, 0.020086301946, 0.097942725834, 0.28544418646, 0.54726071695],
      [0.0055928329241, 0.67214071324, 0.13942407219, 0.17506012814, 0.0077822535083],
      [0.042416665225, 0.035303911654, 0.90009133335, 0.013402930623, 0.0087851591446],
      [0.011469081814, 0.010278812783, 0.028326180969, 0.92060592954, 0.029319994894],
      [0.47901393718, 0.022170109439, 0.37772123255, 0.056444102616, 0.064650618212],
      [0.074809652851, 0.20243733687, 0.11309513556, 0.19038399506, 0.41927387966]
    ],
    [
      [0.038330147484, 0.018746984557, 0.080728769906, 0.20994334087, 0.65225075718],
      [0.0060346222137, 0.70334790203, 0.13367840567, 0.1435886727, 0.013350397387],
      [0.040623261305, 0.041312705163, 0.89916959815, 0.0020191192136, 0.016875316169],
      [0.015132081644, 0.021462695232, 0.0382662912, 0.86511360758, 0.060025324347],
      [0.45398816527, 0.026842399591, 0.38089292357, 0.040893960799, 0.097382550764],
      [0.059627239509, 0.18810103467, 0.095727803369, 0.14320580623, 0.51333811621]
    ],
    [
      [0.026882483575, 0.014898233801, 0.10186514302, 0.24992463928, 0.60642950033],
      [0.0028335655113, 0.62656381297, 0.17404780123, 0.18534834122, 0.011206479074],
      [0.021933523559, 0.026150993901, 0.92919511458, 0.011726475489, 0.010993892469],
      [0.0017037448499, 0.003900634284, 0.044092069514, 0.90785567513, 0.04244787622],
      [0.33678542341, 0.020925358354, 0.4886861408, 0.063071074233, 0.090532003205],
      [0.043502741471, 0.16474214837, 0.12316291949, 0.17723566384, 0.49135652683]
    ],
    [
      [0, 0.027313378391, 0.088562831636, 0.21883942769, 0.66528436228],
      [0, 0.69460757735, 0.14183686606, 0.15026194238, 0.01329361421],
      [0.0076653606532, 0.034018547197, 0.93289620775, 0.013108334235, 0.012311550167],
      [0, 0.017637639011, 0.024273530989, 0.89685831852, 0.061230511477],
      [0.15201665397, 0.046053452224, 0.59563023262, 0.075537338673, 0.13076232252],
      [0.014309658396, 0.19054582351, 0.10802235649, 0.15489526687, 0.53222689474]
    ],
    [
      [0.027990204245, 0.024928876768, 0.049530507271, 0.23948943142, 0.6580609803],
      [0.0013950433935, 0.77301656844, 0.068728682188, 0.14626047288, 0.010599233091],
      [0.0070813652581, 0.23014224558, 0.68454613215, 0.057290559785, 0.020939697218],
      [0, 0, 0, 0.94524970259, 0.054750297408],
      [0.44172137812, 0.043005786699, 0.3142499589, 0.079798308926, 0.12122456736],
      [0.043547962696, 0.23555983434, 0.060243142079, 0.159058842, 0.50159021888]
    ],
    [
      [0.037226838811, 0.010566680277, 0.12546671094, 0.33161295456, 0.49512681541],
      [0.0038730514154, 0.4743637872, 0.26382488157, 0.25037338393, 0.0075648958821],
      [0.027035949006, 0, 0.95141625304, 0.017749017209, 0.0037987807495],
      [0, 0, 0.036470864262, 0.94658983079, 0.01693930495],
      [0.37874708251, 0.011643276078, 0.48288565092, 0.069311055905, 0.057412934584],
      [0.061621348538, 0.13779256956, 0.1533104144, 0.23898106317, 0.40829460433]
    ],
    [
      [0.041823980408, 0.01010775411, 0.083331938352, 0.29637271388, 0.56836361325],
      [0.0051318851171, 0.5251007963, 0.16457442558, 0.29389911387, 0.011293779126],
      [0.043808769123, 0, 0.90955299838, 0.027563439517, 0.01907479298],
      [0, 0, 0, 0.97055458452, 0.029445415479],
      [0.48329949747, 0, 0.36890808154, 0.072768290569, 0.075024130427],
      [0.069829039386, 0.13311112933, 0.10669488609, 0.21552790674, 0.47483703847]
    ],
    [
      [0.0302185288, 0.024189907779, 0.11141757366, 0.2980963867, 0.53607760306],
      [0.0016995368459, 0.69497989663, 0.13885996626, 0.15841830322, 0.0060422970433],
      [0.014512773854, 0.046349312922, 0.91953772996, 0.012798347743, 0.0068018355239],
      [0, 0.018996477246, 0.035812536607, 0.92090771661, 0.024283269537],
      [0.3420498063, 0.031288867922, 0.48843873518, 0.067835879955, 0.07038671065],
      [0.045176746543, 0.23433750932, 0.12580967449, 0.19462221087, 0.40005385878]
    ],
    [
      [0.042504909315, 0.038854317851, 0.056820057953, 0.26601731356, 0.59580340132],
      [0, 0.86386400191, 0, 0.12974104014, 0.0063949579491],
      [0.036052643625, 0.093213528972, 0.83769041942, 0.020682716591, 0.012360691396],
      [0, 0.038632920343, 0, 0.92881032179, 0.03255675787],
      [0.53728656801, 0.0442010194, 0.28275289466, 0.060784439073, 0.074975078861],
      [0.063441692582, 0.27399157324, 0.068072957016, 0.16818058161, 0.42631319555]
    ],
    [
      [0.057212625947, 0.0061512444404, 0.081292897738, 0.26747445824, 0.58786877363],
      [0.0078951439718, 0.56284173651, 0.17183816053, 0.24464349733, 0.01278146165],
      [0.073072229372, 0, 0.89614335648, 0.018906145626, 0.01187826852],
      [0.010985964767, 0, 0.015717792975, 0.93475448954, 0.038541752713],
      [0.54803176303, 0, 0.32441412141, 0.056341465073, 0.071212650482],
      [0.08825342482, 0.12118670703, 0.10317416205, 0.19564972511, 0.49173598099]
    ],
    [
      [0.018747530326, 0.012845504339, 0.058166717478, 0.16574292652, 0.74449732133],
      [0.0023628845265, 0.69391204303, 0.12783759929, 0.15709954605, 0.018787927109],
      [0.024844638773, 0.037486550223, 0.89946175461, 0.011051554867, 0.02715550153],
      [2.4559463869e-05, 0.012306363165, 0.01632197956, 0.8798927163, 0.091454381509],
      [0.34466616497, 0.025952591819, 0.41160619688, 0.05826012051, 0.15951492582],
      [0.031974060856, 0.14473329298, 0.074871671802, 0.1233157937, 0.62510518066]
    ],
    [
      [0.041669907941, 0.019597845048, 0.10460381511, 0.30614803419, 0.52798039771],
      [0.00387245683, 0.64868756054, 0.14942092694, 0.19047196347, 0.0075470922257],
      [0.03275489015, 0.032564565531, 0.90860709304, 0.018212636971, 0.0078608143097],
      [0.003826485035, 0.007493741581, 0.025141949215, 0.93787263081, 0.02566519336],
      [0.42134933444, 0.022631593853, 0.42261277684, 0.066717664687, 0.066688630177],
      [0.063838086289, 0.1990569625, 0.12148722151, 0.20611012293, 0.40950760677]
    ],
    [
      [0.037465403129, 0.022476942089, 0.088341905745, 0.28740285266, 0.56431289638],
      [0.0027384155564, 0.69601795464, 0.119000132, 0.17400846734, 0.0082350304612],
      [0.033109710468, 0.045288172828, 0.88949921899, 0.021467303438, 0.010635594276],
      [0.0011074451912, 0.021010140906, 0.0056871225422, 0.93987014553, 0.032325145831],
      [0.42388152723, 0.029487684003, 0.39792481898, 0.069789292193, 0.078916677594],
      [0.056791153468, 0.21842018621, 0.10116664981, 0.19167765527, 0.43194435523]
    ],
    [
      [0.039589177958, 0.02298010953, 0.072686331976, 0.22402021613, 0.64072416441],
      [0.0048549333293, 0.73630548778, 0.10668253001, 0.13934304952, 0.012813999356],
      [0.043763814418, 0.057357824863, 0.87275683559, 0.007752302259, 0.018369222872],
      [0.0088499119794, 0.038403899708, 0.0098586044705, 0.88561811211, 0.057269471728],
