{
  "X": [
    [22, 29, 104, 254, 28],
    [20, 72, 139, 383, 43],
    [15, 58, 74, 370, 31],
    [12, 25, 31, 151, 18],
    [32, 36, 181, 389, 42],
    [33, 35, 159, 299, 27],
    [16, 53, 149, 299, 25],
    [35, 40, 96, 154, 27],
    [37, 72, 261, 422, 38],
    [22, 40, 100, 228, 20],
    [31, 31, 142, 216, 34],
    [17, 15, 76, 112, 15],
    [28, 33, 163, 162, 36],
    [119, 119, 614, 811, 125],
    [36, 70, 222, 678, 49],
    [31, 17, 91, 121, 25],
    [28, 42, 177, 348, 55],
    [33, 63, 212, 327, 38],
    [29, 63, 209, 559, 34],
    [2, 12, 18, 142, 11],
    [4, 10, 31, 71, 15],
    [13, 28, 51, 263, 19],
    [26, 21, 53, 270, 19],
    [7, 22, 50, 276, 18],
    [6, 13, 17, 116, 13],
    [3, 15, 38, 126, 16],
    [16, 37, 75, 307, 30],
    [2, 16, 12, 61, 8],
    [23, 37, 74, 216, 40],
    [10, 29, 25, 201, 29],
    [7, 25, 42, 83, 13],
    [5, 13, 17, 69, 6],
    [18, 32, 86, 178, 14],
    [11, 39, 66, 178, 20],
    [3, 7, 7, 33, 2],
    [31, 42, 99, 187, 16],
    [9, 24, 48, 125, 13],
    [19, 53, 93, 362, 35],
    [3, 7, 8, 58, 5],
    [11, 29, 33, 157, 26],
    [5, 2, 11, 23, 0],
    [8, 5, 12, 82, 17],
    [1, 0, 5, 86, 3],
    [2, 2, 16, 63, 3],
    [47, 68, 127, 229, 34],
    [46, 44, 146, 134, 31],
    [22, 57, 101, 265, 36],
    [14, 20, 47, 112, 32],
    [12, 15, 12, 55, 8],
    [9, 14, 24, 152, 11],
    [11, 22, 48, 85, 7],
    [75, 80, 286, 830, 108],
    [13, 12, 26, 126, 21],
    [4, 5, 24, 118, 8],
    [1, 11, 4, 50, 5],
    [28, 26, 78, 289, 31],
    [18, 27, 58, 215, 24],
    [24, 26, 76, 170, 22],
    [21, 25, 58, 122, 24],
    [9, 18, 57, 166, 24],
    [1, 11, 12, 67, 14],
    [11, 24, 32, 153, 23],
    [8, 9, 65, 118, 10],
    [11, 10, 35, 134, 17],
    [9, 23, 57, 139, 12],
    [4, 11, 9, 31, 7],
    [15, 6, 27, 120, 18],
    [7, 9, 32, 77, 17],
    [485, 599, 1994, 5186, 519],
    [43, 140, 223, 564, 71],
    [98, 231, 361, 860, 151],
    [9, 52, 81, 274, 20]
  ],
  "W": [
    [25, 45, 71, 257, 28, 11],
    [27, 88, 104, 375, 48, 15],
    [27, 50, 52, 374, 35, 10],
    [23, 23, 21, 144, 19, 7],
    [41, 41, 141, 373, 69, 15],
    [30, 53, 117, 279, 56, 18],
    [19, 38, 128, 286, 59, 12],
    [16, 43, 76, 159, 43, 15],
    [30, 74, 214, 406, 77, 29],
    [14, 41, 82, 221, 38, 14],
    [25, 24, 106, 217, 73, 9],
    [15, 13, 62, 108, 28, 9],
    [24, 30, 142, 165, 49, 12],
    [81, 123, 473, 814, 246, 51],
    [42, 97, 168, 641, 83, 24],
    [16, 14, 78, 132, 42, 3],
    [47, 50, 116, 340, 79, 18],
    [30, 85, 158, 320, 63, 17],
    [29, 82, 150, 534, 77, 22],
    [8, 13, 8, 143, 5, 8],
    [10, 11, 16, 76, 8, 10],
    [5, 34, 41, 249, 30, 15],
    [13, 18, 44, 275, 32, 7],
    [18, 29, 34, 278, 10, 4],
    [6, 8, 17, 116, 14, 4],
    [13, 19, 28, 121, 12, 5],
    [19, 46, 51, 309, 29, 11],
    [6, 20, 8, 57, 6, 2],
    [20, 34, 62, 218, 40, 16],
    [21, 27, 27, 200, 11, 8],
    [5, 24, 31, 90, 18, 2],
    [7, 11, 14, 70, 8, 0],
    [7, 40, 64, 180, 29, 8],
    [7, 34, 52, 187, 23, 11],
    [1, 4, 5, 34, 8, 0],
    [12, 43, 72, 190, 48, 10],
    [8, 31, 20, 128, 25, 7],
    [28, 61, 63, 357, 40, 13],
    [3, 10, 5, 61, 2, 0],
    [16, 24, 33, 163, 13, 7],
    [2, 4, 8, 19, 7, 1],
    [9, 7, 4, 85, 17, 2],
    [1, 3, 1, 84, 3, 3],
    [2, 1, 13, 64, 5, 1],
    [27, 76, 93, 218, 77, 14],
    [28, 42, 114, 132, 69, 16],
    [30, 57, 67, 271, 45, 11],
    [22, 14, 41, 108, 31, 9],
    [10, 6, 11, 55, 18, 2],
    [10, 16, 14, 152, 13, 5],
    [6, 33, 29, 84, 15, 6],
    [67, 98, 188, 822, 168, 36],
    [12, 12, 15, 127, 22, 10],
    [2, 7, 15, 122, 11, 2],
    [3, 9, 2, 50, 4, 3],
    [13, 38, 56, 296, 40, 9],
    [17, 27, 38, 209, 36, 15],
    [14, 27, 56, 169, 37, 15],
    [10, 25, 38, 131, 36, 10],
    [17, 23, 35, 170, 21, 8],
    [10, 12, 4, 69, 6, 4],
    [13, 18, 33, 151, 23, 5],
    [13, 18, 49, 113, 16, 1],
    [14, 17, 26, 125, 18, 7],
    [7, 23, 39, 141, 23, 7],
    [7, 9, 8, 29, 6, 3],
    [14, 9, 17, 119, 20, 7],
    [6, 9, 24, 83, 18, 2],
    [409, 677, 1440, 5115, 911, 231],
    [36, 151, 184, 540, 74, 56],
    [61, 212, 307, 898, 146, 77],
    [17, 82, 53, 253, 22, 9]
  ],
  "method": "mult",
  "cond_prob": [
    [
      [0.024799834921, 0.013993774676, 0.12153751138, 0.28233638866, 0.55733249037],
      [0.0082272177145, 0.58789580463, 0.25331829259, 0.14560700276, 0.0049516823073],
      [0.068217204032, 0, 0.92500777021, 0.0030916680318, 0.0036833577229],
      [0.00625271597, 0, 0.041440173604, 0.92471878776, 0.027588322668],
      [0.48406821151, 0.013376668384, 0.40290532876, 0.037400199972, 0.062249591373],
      [0.09140908336, 0.16548161, 0.17774668568, 0.13362115236, 0.4317414686]
    ],
    [
      [0.011859291626, 0.018879526976, 0.09415990574, 0.26885981952, 0.60624145614],
      [0, 0.67804806063, 0.18261893221, 0.13347598551, 0.0058570216434],
      [0.018982624955, 0.048731852928, 0.91216626523, 0.013805741396, 0.0063135154897],
      [0, 0.0063301454303, 0.0030612090108, 0.95449716752, 0.036111478035],
      [0.3542860038, 0.026700067215, 0.46335131243, 0.056055646289, 0.099606970267],
      [0.046658529894, 0.20656686458, 0.14220723671, 0.12879947995, 0.47576788886]
    ],
    [
      [0.014285718988, 0.030791806575, 0.10087171277, 0.30145265511, 0.55259810656],
      [0, 0.75384247137, 0.13906406072, 0.104113165, 0.0029803029094],
      [0.013783951768, 0.077147727287, 0.89398678638, 0.010838928393, 0.0042426061679],
      [0, 0.029950563981, 0.002502007722, 0.94352368779, 0.024023740509],
      [0.38257896872, 0.038894021763, 0.44356642133, 0.05459606511, 0.080364523076],
      [0.050725619025, 0.29020141448, 0.13753721923, 0.13027742738, 0.39125831988]
    ],
    [
      [0.036895443595, 0.031244069904, 0.080992171534, 0.32677800235, 0.52409031262],
      [0, 0.74739606199, 0.13504397178, 0.11579897784, 0.0017609883888],
      [0.046650108081, 0.059203374556, 0.87717599787, 0.013884077668, 0.0030864418217],
      [0, 0.02295423468, 0, 0.9624961869, 0.014549578419],
      [0.50590267179, 0.030922143415, 0.35203313383, 0.049911130938, 0.061230920035],
      [0.079943109097, 0.27929651172, 0.13169188654, 0.14020020328, 0.36886828937]
    ],
    [
      [0.015577677663, 0.017646558845, 0.11259597013, 0.31523983942, 0.53893995394],
      [0, 0.63600112714, 0.21064173776, 0.149282658, 0.004074477106],
      [0.026165304718, 0.03398775413, 0.92046493886, 0.016837563053, 0.0025444392437],
      [0, 0, 0.0095468394062, 0.96899562763, 0.021457532963],
      [0.38777982279, 0.020547320391, 0.46191394357, 0.056466033576, 0.073292879677],
      [0.061013298547, 0.19936042903, 0.1685776262, 0.14993038618, 0.42111826005]
    ],
    [
      [0.022556312051, 0.015394774695, 0.13115759808, 0.35539348349, 0.47549783169],
      [0.00054988357563, 0.58726792226, 0.24256845629, 0.16735872198, 0.0022550158938],
      [0.037191126, 0, 0.9257608867, 0.016618502059, 0.02042948524],
      [0.0029357013036, 0, 0.021130466308, 0.97338952654, 0.0025443058444],
      [0.4570152887, 0.0015487932559, 0.43771776381, 0.0521985963, 0.051519557932],
      [0.085049346452, 0.18479024761, 0.19375140316, 0.16805662171, 0.36835238106]
    ],
    [
      [0.0089622861497, 0.032430799735, 0.10629657426, 0.32818725294, 0.52412308692],
      [0, 0.75347674393, 0.13473854476, 0.1094627021, 0.0023220092005],
      [0, 0.12029655895, 0.85500023577, 0.022923395426, 0.0017798098562],
      [0, 0.0031604906611, 0, 0.97817801612, 0.018661493223],
      [0.26155759185, 0.06340705502, 0.5199093469, 0.071331191248, 0.083794814978],
      [0.033151553653, 0.30906853452, 0.14546822858, 0.14193433392, 0.37037734933]
    ],
    [
      [0.027736659815, 0.020472014051, 0.093703317646, 0.24857675976, 0.60951124872],
      [0.0061522157708, 0.70328941633, 0.17597472119, 0.10813266904, 0.006450977674],
      [0.05800016233, 0.045505080194, 0.8885353092, 0, 0.0079594482794],
      [0.031111120557, 0.011993011293, 0.01970936941, 0.89661986909, 0.040566629652],
      [0.54674223297, 0.02144018707, 0.33201729318, 0.026770547121, 0.073029739654],
      [0.095138109422, 0.20958666259, 0.13297447097, 0.1106249576, 0.45167579943]
    ],
    [
      [0.016487480333, 0.023536306973, 0.12161748385, 0.33498146135, 0.50337726749],
      [0, 0.67583713271, 0.18954318833, 0.1321597327, 0.002459946269],
      [0.024203662921, 0.043825212636, 0.91725696391, 0.014190589577, 0.00052357095088],
      [0, 0.0069962038326, 0.014344985816, 0.96179417966, 0.016864630695],
      [0.383983973, 0.026314940538, 0.47021831869, 0.055223888779, 0.064258878991],
      [0.060656062193, 0.24264338927, 0.17246256863, 0.15149218599, 0.37274579391]
    ],
    [
      [0.020149052341, 0.024247808739, 0.10819085622, 0.32257447195, 0.52483781075],
      [0, 0.70027568, 0.16843219572, 0.12837417586, 0.0029179484139],
      [0.037902763905, 0.046913615555, 0.89727334293, 0.015251529139, 0.0026587484671],
      [0.0018649859658, 0.011972227701, 0.0021452160134, 0.96368454426, 0.02033302606],
      [0.45207136913, 0.026481162688, 0.40517505147, 0.051884603659, 0.064387813061],
      [0.072786621557, 0.24644034415, 0.15231779807, 0.14457796948, 0.38387726675]
    ],
    [
      [0.013673244671, 0.023204015785, 0.10125922287, 0.26317034114, 0.59869317554],
      [0, 0.71304253831, 0.17083598001, 0.11137783218, 0.0047436495052],
      [0.025789051956, 0.051740605945, 0.91225559416, 0.0042328728402, 0.0059818751027],
      [0, 0.015681595526, 0.018768466192, 0.93035410116, 0.035195837125],
      [0.37616321598, 0.031514203328, 0.45611369051, 0.045596921988, 0.090611968198],
      [0.051623845495, 0.2354368204, 0.14447848409, 0.12039708024, 0.44806376978]
    ],
    [
      [0.021658806184, 0.021812218078, 0.11615006049, 0.3151662807, 0.52521263455],
      [0.00044524521885, 0.68156334593, 0.18703339511, 0.12799831109, 0.0029597026519],
      [0.039895170143, 0.038988790521, 0.91264746834, 0.0084685709998, 0],
      [0.0060120874447, 0.0065547194175, 0.020426544941, 0.94925793978, 0.017748708419],
      [0.45881773935, 0.022282375092, 0.41294919723, 0.04589495238, 0.060055735945],
      [0.077736336063, 0.22926355775, 0.1637252826, 0.1420622423, 0.38721258129]
    ],
    [
      [0.015873851777, 0.018808590584, 0.092426697269, 0.23263926758, 0.64025159279],
      [0.00053317265809, 0.69296511786, 0.18431842705, 0.11503905706, 0.0071442253725],
      [0.028953719456, 0.044296472903, 0.91414017663, 0, 0.012609631016],
      [0.012902946393, 0.011190660378, 0.020642609309, 0.90772361227, 0.047540171648],
      [0.42145304844, 0.024907345124, 0.41649248991, 0.038241245745, 0.098905870777],
      [0.059284890532, 0.20021852205, 0.13584490263, 0.10977239998, 0.49487928481]
    ],
    [
      [0.015579931785, 0.017922428164, 0.10593567567, 0.2660264764, 0.59453548798],
      [0.00018216044099, 0.65631901891, 0.20772594977, 0.13022413486, 0.0055487360172],
      [0.031681579367, 0.035551685697, 0.9258011182, 0.0010723921736, 0.0058932245633],
      [0.0033512429183, 0.0056841553615, 0.027479098734, 0.9285569732, 0.034928529784],
      [0.39423902398, 0.02190663736, 0.45375778646, 0.043351745417, 0.086744806781],
      [0.059206296393, 0.19586590987, 0.15632524905, 0.12582626993, 0.46277627476]
    ],
    [
      [0.015153395612, 0.017801848265, 0.1151842713, 0.34162137157, 0.51023911326],
      [0, 0.62487763408, 0.2100610468, 0.16158933714, 0.0034719819689],
      [0.016990596081, 0.012443523242, 0.91275258293, 0.055197390784, 0.0026159069658],
      [0, 0, 0, 0.98221646546, 0.017783534541],
      [0.37450909887, 0.020448921717, 0.47312200183, 0.062345443976, 0.069574533611],
      [0.059370084854, 0.20214247748, 0.17394912426, 0.1637145346, 0.4008237788]
    ],
    [
      [0.023433955386, 0.01839069448, 0.083118659811, 0.20732989045, 0.66772679987],
      [0.0024359288409, 0.71453918071, 0.16996893747, 0.10560784088, 0.0074481120976],
      [0.046302430164, 0.046425683605, 0.89304522079, 0, 0.014226665446],
      [0.036888368773, 0.011821951394, 0.022351730704, 0.87126418219, 0.057673766943],
      [0.52080034972, 0.022271972912, 0.34100573658, 0.021487798081, 0.094434142705],
      [0.078828263661, 0.1950255303, 0.12011323589, 0.098284137528, 0.50774883262]
    ],
    [
      [0.01093222729, 0.016387749309, 0.11199714567, 0.27442377038, 0.58625910735],
      [0, 0.63368440683, 0.22277449412, 0.13816775947, 0.0053733395798],
      [0.013201506208, 0.038181039163, 0.93493749455, 0.0087785247133, 0.0049014353632],
      [0, 0, 0.024611768237, 0.94304645723, 0.032341774533],
      [0.31832881984, 0.021777620124, 0.51580616048, 0.052508571513, 0.091578828045],
      [0.044824101669, 0.1886734949, 0.16822067785, 0.13285629689, 0.46542542869]
    ],
    [
      [0.017002082948, 0.0173032276, 0.11684417324, 0.29107721909, 0.55777329713],
      [0.00032392322119, 0.63463624192, 0.22395097155, 0.13693749355, 0.0041513697531],
      [0.035194822219, 0.025434956017, 0.9311599086, 0.0050664312484, 0.0031438819111],
      [0.0019188436121, 0, 0.032456141525, 0.93927448552, 0.026350529346],
      [0.39990070366, 0.019055069051, 0.46085121266, 0.046436716704, 0.073756297929],
      [0.064343990635, 0.1951547181, 0.17152852801, 0.13730304825, 0.431669715]
    ],
    [
      [0.014272287695, 0.020477155073, 0.13124243423, 0.36125713771, 0.47275098529],
      [0, 0.63083344581, 0.21477705676, 0.15188560537, 0.0025038920567],
      [0.0088603918934, 0.026981427451, 0.94525037361, 0.017498530138, 0.0014092769104],
      [0, 0, 0.0035116203514, 0.98301668466, 0.01347169499],
      [0.33842777019, 0.022519573856, 0.51539671447, 0.062315981703, 0.061339959781],
      [0.054459389461, 0.22257266552, 0.19245192864, 0.16885925666, 0.36165675972]
    ],
    [
      [0.0093596084426, 0.021907877839, 0.1284507439, 0.3048590834, 0.53542268643],
      [0, 0.66015052136, 0.2109804341, 0.12542871553, 0.003440329013],
      [0.016768708394, 0.033450989891, 0.93712112622, 0.0093789226085, 0.0032802528908],
      [0, 0.0073280417736, 0.017232894726, 0.95421097455, 0.021228088952],
      [0.29466185348, 0.025462336714, 0.55248863393, 0.053802202011, 0.073584973864],
      [0.039708024735, 0.22499382791, 0.18824153505, 0.14179278495, 0.40526382736]
    ],
    [
      [0.012811817742, 0.01613343634, 0.13126895142, 0.22654116885, 0.61324462565],
      [0.00039438440312, 0.62929310487, 0.25568961518, 0.1084146791, 0.0062082164386],
      [0.015700869086, 0.027392461331, 0.95141901526, 0, 0.0054876543274],
      [0.0059738465691, 0.006971400626, 0.072303292156, 0.87153471992, 0.043216740734],
      [0.33436096582, 0.0194638396, 0.52824006676, 0.034053726045, 0.083881401777],
      [0.048742962297, 0.17926249374, 0.19310497367, 0.10329583195, 0.47559373835]
    ],
    [
      [0.01414056739, 0.01845708351, 0.085353933699, 0.31108911833, 0.57095929707],
      [0, 0.67429268163, 0.1626300721, 0.15844386982, 0.0046333764431],
      [0, 0.027688329669, 0.75279334273, 0.21418443405, 0.0053338935458],
      [0, 0, 0, 0.9747944802, 0.025205519805],
      [0.40319044871, 0.024513287313, 0.40783118018, 0.074784563358, 0.089680520442],
      [0.05557224679, 0.20740955142, 0.12962302817, 0.15390257125, 0.45349260237]
    ],
    [
      [0.029468135482, 0.024282604673, 0.093274597493, 0.30622740281, 0.54674725954],
      [0.0007858798, 0.72604612986, 0.14762557934, 0.12174608834, 0.0037963226621],
      [0.062957527871, 0.05159340123, 0.86863284011, 0.012142663173, 0.0046735676182],
      [0.013990723346, 0.010556513528, 0.00082794877788, 0.94918395173, 0.025440862615],
      [0.57084887819, 0.022969092063, 0.30569421869, 0.04156745924, 0.058920351818],
      [0.10257487912, 0.24390485449, 0.12863198967, 0.13394165308, 0.39094662364]
    ],
    [
      [0.019177293159, 0.019214096674, 0.12181002643, 0.31233718153, 0.52746140221],
      [0.00015941316003, 0.64357359479, 0.21431529323, 0.13815917631, 0.0037925225102],
      [0.033034773494, 0.033039385753, 0.92030590499, 0.010235405444, 0.0033845303223],
      [0.0033628937105, 0.0030118728748, 0.018698287423, 0.95314661086, 0.021780335131],
      [0.43048587057, 0.020104495924, 0.43962553311, 0.046990374822, 0.062793725573],
      [0.071815071366, 0.20720681922, 0.17687400409, 0.14466231677, 0.39944178856]
    ],
    [
      [0.01149095067, 0.027054662541, 0.056004412666, 0.24502575311, 0.66042422102],
      [0, 0.81147300347, 0.086840998092, 0.096840351563, 0.0048456468792],
      [0, 0.25206460219, 0.64426337821, 0.093998434981, 0.0096735846179],
      [0, 0, 0, 0.95553419112, 0.044465808881],
      [0.41114565681, 0.067606176001, 0.33511285564, 0.062168677974, 0.12396663358],
      [0.043753775177, 0.27857582393, 0.081297032702, 0.11120540317, 0.48516796501]
    ],
    [
      [0, 0.016197094192, 0.095335200715, 0.28190499265, 0.60656271244],
      [0, 0.65615622727, 0.19457216516, 0.14367458165, 0.0055970259315],
      [0, 0.035338856138, 0.91806460238, 0.040930549955, 0.0056659915308],
      [0, 0, 0, 0.96658751377, 0.033412486232],
      [0.23851972041, 0.030360235695, 0.55035374139, 0.06825528026, 0.11251102224],
      [0.027552671014, 0.19373173145, 0.1507434979, 0.13664202328, 0.49133007635]
    ],
    [
      [0.016435628476, 0.01796083366, 0.099006635552, 0.27133848697, 0.59525841534],
      [0.00014800085195, 0.66499596638, 0.19498731964, 0.13435627015, 0.0055124429868],
      [0.034598461507, 0.037718570464, 0.91126400091, 0.010867830505, 0.0055511366143],
      [0.0032052551211, 0.0043146936408, 0.012227754813, 0.94592332415, 0.034328972271],
      [0.42186538361, 0.022047150521, 0.42313206621, 0.048332446521, 0.084622953133],
      [0.062897593252, 0.19751590121, 0.14779881977, 0.12890662294, 0.46288106283]
    ],
    [
      [0, 0.018568518559, 0.068136331251, 0.26747878616, 0.64581636403],
      [0, 0.72034636906, 0.083327039171, 0.18963201711, 0.0066945746603],
      [0, 0.076381040734, 0.89800218163, 0.01805319644, 0.0075635812004],
      [0, 0, 0, 0.96156342687, 0.038436573135],
      [0.32095488468, 0.074368174185, 0.42025218958, 0.065706276258, 0.1187184753],
      [0.037135345963, 0.2122020682, 0.10955531928, 0.12735419026, 0.51375307629]
    ],
    [
      [0.015472559187, 0.019862493942, 0.070293098172, 0.22867802218, 0.66569382652],
      [0.0001168686342, 0.73015287795, 0.14410337057, 0.11700289066, 0.0086239921906],
      [0.055058677861, 0.085266897076, 0.83601533659, 0.011218357117, 0.012440731358],
      [0, 0.0091770267425, 0, 0.93188694871, 0.058936024543],
      [0.45815373077, 0.028781725861, 0.35404695442, 0.046659123959, 0.11235846499],
      [0.059174251531, 0.20869648673, 0.10623714951, 0.10844270968, 0.51744940255]
    ],
    [
      [0.021171717061, 0.022676951873, 0.053455470513, 0.25104165744, 0.65165420311],
      [0, 0.85668528626, 0, 0.13638894081, 0.00692577293],
      [0.093218595571, 0.11945023217, 0.75926594997, 0.017496091587, 0.010569130704],
      [0, 0, 0, 0.95068095544, 0.049319044562],
      [0.58203122398, 0.028131663013, 0.24815837338, 0.046450123935, 0.09522861569],
      [0.07951854969, 0.23233458999, 0.080939045356, 0.11576085851, 0.49144695645]
    ],
    [
      [0.0094016184299, 0.020864403793, 0.075049858315, 0.18700501481, 0.70767910466],
      [0, 0.75140396849, 0.15497218303, 0.085141083242, 0.0084827652315],
      [0.02023420746, 0.063194719537, 0.90583985872, 0, 0.010731214286],
      [0.00022502286378, 0.042030001257, 0.018017716052, 0.87955637241, 0.060170887417],
      [0.34617950603, 0.038670544279, 0.44318062152, 0.037890017154, 0.13407931102],
      [0.037124155188, 0.21208826071, 0.11276853168, 0.089747551267, 0.54827150115]
    ],
    [
      [0.02129368143, 0.033587891151, 0.092112017307, 0.29152630248, 0.56148010763],
      [0, 0.78622573449, 0.118897182, 0.092703209519, 0.0021738739953],
      [0.044552143624, 0.069954050401, 0.87302812149, 0.0089521272672, 0.0035135572192],
      [0.0019302385912, 0.04072085567, 0.00090361684825, 0.93525985891, 0.021185429983],
      [0.51151218973, 0.03582313501, 0.34521249958, 0.043257584082, 0.064194591592],
      [0.073304383432, 0.30057007139, 0.12296846207, 0.12283446892, 0.38032261419]
    ],
    [
      [0.021036850962, 0.020029658014, 0.11415376621, 0.2951168862, 0.54966283861],
      [0.0010731698996, 0.66327787312, 0.20404165949, 0.12773021721, 0.0038770802769],
      [0.039767063692, 0.035734476447, 0.91621202147, 0.004773407511, 0.0035130308832],
      [0.0077805514256, 0.0041709745655, 0.028002507998, 0.93452396694, 0.025521999069],
      [0.45673245002, 0.020524524771, 0.41535261009, 0.042260308742, 0.065130106381],
      [0.077372857991, 0.21196054203, 0.16450134385, 0.13495150305, 0.41121375308]
    ],
    [
      [0.013066220981, 0.024676524722, 0.089646814759, 0.24301941006, 0.62959102948],
      [0, 0.74695468558, 0.15001285602, 0.097792163499, 0.0052402948967],
      [0.029422745496, 0.061284845035, 0.89906681523, 0.0033570414813, 0.0068685527558],
      [7.4497500387e-05, 0.03571288569, 0.011443166931, 0.91199414416, 0.040775305722],
      [0.3841937691, 0.036087436446, 0.43362344152, 0.045904895932, 0.10019045701],
      [0.048015087778, 0.24869749209, 0.12794085717, 0.10914971362, 0.46619684934]
    ],
    [
      [0.01257133772, 0.040315178937, 0.072697674826, 0.26261746783, 0.61179834069],
      [0, 0.86724754781, 0.06741627462, 0.063860718706, 0.0014754588645],
      [0.029490368738, 0.10352022705, 0.85148046169, 0.011390637261, 0.0041183052653],
      [0, 0.037354160363, 0, 0.94120444827, 0.021441391368],
      [0.35499710232, 0.21288150528, 0.30002936478, 0.053004403738, 0.079087623876],
      [0.043288865005, 0.37883669538, 0.093931356427, 0.1059665719, 0.37797651129]
    ],
    [
      [0.02627992095, 0.027150512217, 0.1205848964, 0.3189917635, 0.50699290694],
      [0.0021935708014, 0.71138740752, 0.17497042084, 0.10923234854, 0.0022162522999],
      [0.047112339657, 0.049236119215, 0.90174302112, 0, 0.0019085200039],
      [0.01331260088, 0.019152197019, 0.025365102501, 0.92317156742, 0.018998532176],
      [0.49541665318, 0.027051556724, 0.38894973648, 0.035783712426, 0.052798341187],
      [0.088883542904, 0.26021425902, 0.16147987996, 0.13548918439, 0.35393313372]
    ],
    [
      [0.012726919274, 0.019486212549, 0.13275431202, 0.27376568659, 0.56126686956],
      [0, 0.64262924291, 0.23869103613, 0.11491584518, 0.0037638757777],
      [0.020566413534, 0.031655559409, 0.940661877, 0.0037502608983, 0.003365889154],
      [0.0018711883476, 0.0098379542946, 0.04496489324, 0.91608705203, 0.027238912092],
      [0.31649457382, 0.023215521798, 0.54469122408, 0.041104642436, 0.074494037866],
      [0.047854274454, 0.20712091237, 0.19321698672, 0.12653133833, 0.42527648813]
    ],
    [
      [0.01532068778, 0.021494879653, 0.10284402742, 0.29400220402, 0.56633820112],
      [0, 0.68773509933, 0.17867908608, 0.12941592461, 0.0041698899741],
      [0.030473802786, 0.043894651891, 0.90871166487, 0.012361136451, 0.0045587440023],
      [0, 0.010301661043, 0.0065717233022, 0.95573600216, 0.0273906135],
      [0.3974845071, 0.026587745317, 0.44189565265, 0.053172451076, 0.08085964386],
      [0.057830067892, 0.22613357204, 0.15001359766, 0.13616649825, 0.42985626416]
    ],
    [
      [0.032076362393, 0.013809636076, 0.077229845957, 0.20925974566, 0.66762440991],
      [0.0049102502699, 0.67723640675, 0.18703939937, 0.12370842624, 0.007105517368],
      [0.076657743163, 0.033102291199, 0.87581285892, 0.008196169205, 0.0062309375143],
      [0.017248707741, 0, 0.018113424421, 0.91885097465, 0.045786893185],
      [0.70960426105, 0.010347784142, 0.20696664209, 0.022123100367, 0.050958212351],
      [0.12542583196, 0.15803530763, 0.11552872048, 0.099699725589, 0.50131041434]
    ],
    [
      [0.019850900122, 0.024740857084, 0.059838609081, 0.22132644331, 0.6742431904],
      [0.00041828412293, 0.78226623657, 0.10974258659, 0.099720157865, 0.0078527348576],
      [0.092304949038, 0.12326648945, 0.76239314482, 0.010052127666, 0.011983289025],
      [0, 0.022635903318, 0, 0.91717998383, 0.060184112857],
      [0.54762781935, 0.031124278096, 0.27951108012, 0.040644035189, 0.10109278725],
      [0.072445972754, 0.23824208587, 0.088020336587, 0.10072329775, 0.50056830704]
    ],
    [
      [0.054375050078, 0.019946709825, 0.20563664286, 0.72004159723, 0],
      [0.00095941626906, 0.43041816, 0.22351349544, 0.34510892829, 0],
      [0.070004197925, 0, 0.87936334851, 0.050632453562, 0],
      [0, 0, 0, 1, 0],
      [0.59170645647, 0, 0.34070276347, 0.067590780056, 0],
      [0.18543345605, 0.23843394036, 0.2748466001, 0.30128600349, 0]
    ],
    [
      [0.012226744062, 0, 0.070251902626, 0.1932967797, 0.72422457361],
      [0, 0.6568270517, 0.18558373741, 0.14592785985, 0.011661351045],
      [0.039958065473, 0.03436759328, 0.90346469818, 0.011471390508, 0.010738252559],
      [0, 0, 4.2284413147e-05, 0.92034854734, 0.079609168251],
      [0.44853363685, 0, 0.367621504, 0.044744128665, 0.13910073049],
      [0.052527607576, 0.1323701325, 0.10081408932, 0.10133584543, 0.61295232517]
    ],
    [
      [0.011474997842, 0, 0.14772262124, 0.35710759849, 0.48369478243],
      [0, 0, 0.43800454259, 0.55417605787, 0.0078193995339],
      [0.014137173481, 0, 0.97507982979, 0.008627327099, 0.002155669627],
      [0, 0, 0, 0.98847711109, 0.011522888908],
      [0.26873762847, 0, 0.57709617252, 0.10167968988, 0.052486509124],
      [0.056058314422, 0, 0.27729846787, 0.21154016647, 0.45510305124]
    ],
    [
      [0.012884612249, 0.020719012008, 0.11729775641, 0.31416505471, 0.53493356463],
      [0, 0.73580081357, 0.15655983409, 0.10489397978, 0.0027453725644],
      [0.0074649478914, 0.05020205795, 0.92803384967, 0.011705652276, 0.0025934922175],
      [0, 0.0032158603924, 0.014349654112, 0.96403613546, 0.01839835004],
      [0.36557718541, 0.024523557573, 0.4909530105, 0.05419339391, 0.064752852602],
      [0.049300525851, 0.24170155608, 0.17126169177, 0.14532279249, 0.39241343381]
    ],
    [
      [0.022758390495, 0.023265251574, 0.094840169192, 0.28864451166, 0.57049167708],
      [0.0024606426072, 0.71031391756, 0.16049707478, 0.12249783728, 0.0042305277676],
      [0.049496458335, 0.0506192589, 0.88504988852, 0.0098903783826, 0.0049440158659],
      [0.010520349784, 0.015415921116, 0.0011252946803, 0.94378397838, 0.029154456036],
      [0.49585231269, 0.026877555853, 0.36090190461, 0.044268014702, 0.072100212142],
      [0.080091404519, 0.2321533422, 0.13550980148, 0.13024378164, 0.42200167015]
    ],
    [
      [0.026819671961, 0.024768046353, 0.11005304256, 0.27098870105, 0.56737053807],
      [0.0045197564713, 0.71094865831, 0.17803144994, 0.10316074087, 0.0033393944018],
      [0.040544112964, 0.050332331403, 0.90674204231, 0, 0.0023815133195],
      [0.032955971312, 0.015622658382, 0.02546669573, 0.89801325594, 0.027941418634],
      [0.50300324049, 0.026808360848, 0.38141636071, 0.023926389422, 0.064845648536],
      [0.086236170528, 0.23729984175, 0.14957927262, 0.11818091248, 0.40870380263]
    ],
    [
      [0.015799463927, 0.025589781345, 0.10417425865, 0.26344623215, 0.59099026393],
      [0, 0.72105733949, 0.170743545, 0.10371932873, 0.0044797867796],
      [0.031798786819, 0.052008372708, 0.90784203461, 0.003177372185, 0.0051734336785],
      [0.00248825082, 0.027799574803, 0.021870215057, 0.91421938849, 0.033622570828],
      [0.40201582754, 0.031891636811, 0.43969445304, 0.042536365497, 0.083861717113],
      [0.057315377633, 0.24351534627, 0.14580865357, 0.11855787573, 0.4348027468]
    ],
    [
      [0.010461526522, 0.024335241581, 0.059235491046, 0.23010720131, 0.67586053954],
      [0, 0.76500268835, 0.11859363692, 0.10736379728, 0.0090398774454],
      [0.015051609461, 0.13302233833, 0.77757991569, 0.05581672872, 0.018529407801],
      [0, 0, 0, 0.93013684885, 0.069863151146],
      [0.41092990039, 0.038417280473, 0.36421343784, 0.055570837545, 0.13086854375],
      [0.045989279607, 0.23441505358, 0.096123907077, 0.10762076573, 0.51585099401]
    ],
    [
      [0.026684365851, 0.068105441628, 0.060066147705, 0.30140286956, 0.54374117526],
      [0, 0.89466790277, 0.047588831119, 0.056997505382, 0.00074576072528],
      [0.069435258212, 0.15750813707, 0.75894679169, 0.010398983618, 0.0037108294089],
      [0, 0.063832116211, 0, 0.92075275826, 0.015415125525],
      [0.60109244635, 0.15593628607, 0.14587312855, 0.037868737896, 0.059229401138],
      [0.074852233458, 0.45036455919, 0.069837256904, 0.10327923285, 0.3016667176]
    ],
    [
      [0.02490741011, 0.021776459977, 0.11077440615, 0.31839460866, 0.52414711511],
      [0.00046628432486, 0.68480549516, 0.18087798818, 0.13055192373, 0.0032983086083],
      [0.045256616467, 0.039711565346, 0.90029600273, 0.011204338087, 0.0035314773656],
      [0.0068565057934, 0.0056794301048, 0.011856373595, 0.95581028668, 0.019797403829],
      [0.50909454208, 0.020712244573, 0.36995057765, 0.044049104416, 0.056193531278],
      [0.089890958306, 0.2273706015, 0.15650755868, 0.14291209363, 0.38331878788]
    ],
    [
      [0.028310344888, 0.018880178786, 0.14246434181, 0.32292974092, 0.4874153936],
      [0.025981684316, 0.59951169066, 0.24933403694, 0.12434262613, 0.0008299619633],
      [0.045019213842, 0.023050250684, 0.93135059735, 0, 0.00057993812205],
      [0.0078660717673, 0, 0.053566987311, 0.923731892, 0.014835048924],
      [0.49372487494, 0.013908485936, 0.41420603518, 0.033837211402, 0.044323392535],
      [0.10009366571, 0.20429142946, 0.19921765754, 0.14301296556, 0.35338428174]
    ],
    [
      [0.014193721376, 0.015388881213, 0.096117056439, 0.26562030434, 0.60868003663],
      [0, 0.63789244411, 0.20944291623, 0.14614376614, 0.006520873523],
      [0.031019208121, 0.033464095549, 0.91640397146, 0.012513930669, 0.0065987942011],
      [0.00092979310582, 0.00054314125632, 0.0085019095978, 0.9514117816, 0.038613374436],
      [0.38944509655, 0.019858223627, 0.44309664354, 0.052328362662, 0.095271673627],
      [0.056287316348, 0.17726643864, 0.14783330526, 0.12991894877, 0.48869399097]
    ],
    [
      [0.018091861708, 0.016464901946, 0.079602491574, 0.24668135244, 0.63915939234],
      [0.00040403691527, 0.68990210889, 0.17064105881, 0.13209694231, 0.0069558530757],
      [0.045110346533, 0.041784884575, 0.89393703763, 0.01136195428, 0.0078057769817],
      [0.0062886322982, 0.0044654579245, 0.0040493805921, 0.93784017492, 0.047356354261],
      [0.48208583738, 0.020888419169, 0.35733824909, 0.045013652894, 0.09467384147],
      [0.069684929429, 0.18701642232, 0.12123090158, 0.11882285698, 0.50324488968]
    ],
    [
      [0.010353157181, 0.012138799091, 0.099091979386, 0.24495762739, 0.63345843696],
      [0, 0.60116797088, 0.24221545425, 0.15008310304, 0.0065334718278],
      [0.018511656073, 0.018979555496, 0.9471178473, 0.010057980615, 0.005332960515],
      [0, 0, 0.01674875083, 0.94665729686, 0.036593952305],
      [0.32865531848, 0.017128145836, 0.50325201082, 0.051365100724, 0.099599424136],
      [0.043205170609, 0.1472218345, 0.16021021582, 0.12571349464, 0.52364928442]
    ],
    [
      [0.0070112651466, 0.03089444858, 0.060596735588, 0.27506157021, 0.62643598047],
      [0, 0.87916218583, 0.021396057259, 0.096890264248, 0.0025514926623],
      [0.021768668533, 0.084260004514, 0.87233346712, 0.015025234261, 0.0066126255688],
      [0, 0.022713060438, 0, 0.95225164892, 0.025035290644],
      [0.21284836852, 0.19137495018, 0.40480092431, 0.071879764523, 0.11909599247],
      [0.0280117978, 0.30839471671, 0.087258215473, 0.12421697955, 0.45211829046]
    ],
    [
      [0.020504245462, 0.012841783801, 0.084604195007, 0.24037480543, 0.6416749703],
      [0.0014160464828, 0.62576831317, 0.21297923742, 0.15172208855, 0.0081143143681],
      [0.07895561071, 0.0020918246841, 0.90084267837, 0.010261168071, 0.007848718163],
      [0.0083152524299, 0, 0.010326999725, 0.93519996249, 0.04615778535],
      [0.50186546305, 0.014465939695, 0.35299558238, 0.04117748589, 0.089495528987],
      [0.080243066861, 0.15089790443, 0.13145880446, 0.11875271317, 0.51864751108]
    ],
    [
      [0.017184664283, 0.02174745232, 0.1001089783, 0.30258971001, 0.55836919509],
      [0, 0.69438787236, 0.17072262504, 0.13098029758, 0.0039092050282],
      [0.033311349414, 0.046255843841, 0.90188229202, 0.014260023738, 0.0042904909906],
      [0, 0.0083716654011, 0.0015269566163, 0.96522505663, 0.024876321349],
      [0.42984977012, 0.025829827744, 0.41437727905, 0.054130633744, 0.075812489342],
      [0.06449584701, 0.22963645489, 0.14535956118, 0.1397924228, 0.42071571412]
    ],
    [
      [0.02249640709, 0.02018412263, 0.10349807523, 0.28691708971, 0.56690430534],
      [0.0013155660669, 0.68146904977, 0.18510246598, 0.12774237087, 0.0043705473097],
      [0.046110470464, 0.040067940406, 0.901821377, 0.0076069393741, 0.0043932727522],
      [0.011133432818, 0.0064023441938, 0.0158502636, 0.93838366392, 0.028230295468],
      [0.48550247957, 0.021256296882, 0.38209620797, 0.042082189345, 0.069062826234],
      [0.081480118715, 0.21369827488, 0.14900060065, 0.13094986116, 0.4248711446]
    ],
    [
      [0.01754655649, 0.018777293733, 0.084469332145, 0.20950267642, 0.66970414121],
      [0.0021860970067, 0.71105536664, 0.17588002838, 0.10204556585, 0.0088329421199],
      [0.040176854215, 0.046994096538, 0.90194197514, 0, 0.010887074103],
      [0.015812072047, 0.017838430753, 0.026059220434, 0.8809655215, 0.05932475527],
      [0.45909158914, 0.026054163099, 0.38394474007, 0.027171799203, 0.10373770849],
      [0.064448290269, 0.1975282928, 0.12487423941, 0.096916600218, 0.5162325773]
    ],
    [
      [0.012146723043, 0.015046117671, 0.10749017057, 0.24610207045, 0.61921491827],
      [2.4551104562e-05, 0.6319186721, 0.22983267373, 0.13155776868, 0.006666334374],
      [0.024346730889, 0.030161427034, 0.93384436485, 0.0053668477492, 0.0062806294762],
      [0.0018885680515, 0.0019598245181, 0.032476804012, 0.92166716894, 0.042007634484],
      [0.34452555584, 0.020202050769, 0.4941419206, 0.045591958038, 0.095538514747],
      [0.048089026284, 0.1746279201, 0.16299072751, 0.12021832669, 0.49407399941]
    ],
    [
      [0, 0.022706105414, 0.092560800566, 0.21402409291, 0.67070900111],
      [0, 0.69863776542, 0.18699849796, 0.10549052323, 0.0088732133942],
      [0.0089133573571, 0.039089053868, 0.93751966132, 0.0075617806169, 0.0069161468382],
      [0, 0.015433266987, 0.01327266459, 0.91033882594, 0.06095524248],
      [0.14969641826, 0.059509899871, 0.59873190392, 0.054967254734, 0.13709452321],
      [0.016542015251, 0.20274368101, 0.14303152334, 0.10511078779, 0.53257199261]
    ],
    [
      [0.012089703484, 0.025093097729, 0.052855858145, 0.23611402359, 0.67384731705],
      [0, 0.7929467163, 0.093597557992, 0.10670049777, 0.0067552279422],
      [0.0079277880832, 0.21758299178, 0.66226593193, 0.099963476203, 0.012259811997],
      [0, 0, 0, 0.94561501528, 0.054384984721],
      [0.44959324137, 0.041679019791, 0.32029499294, 0.059879032411, 0.12855371349],
      [0.048114459311, 0.25237853044, 0.081311441764, 0.10920579322, 0.50898977527]
    ],
    [
      [0.016775499696, 0.010550098604, 0.131955174, 0.32855576484, 0.51216346286],
      [0, 0.47444685974, 0.34017791873, 0.18150054455, 0.0038746769808],
      [0.030923954966, 0, 0.95610445732, 0.012403312625, 0.00056827508412],
      [0, 0, 0.020306162139, 0.96337730001, 0.016316537848],
      [0.38739595485, 0.011041578107, 0.48835698268, 0.051771379586, 0.061434104779],
      [0.068309433021, 0.14613999309, 0.20395374738, 0.16402596176, 0.41757086476]
    ],
    [
      [0.019131631491, 0.010117784154, 0.088629088842, 0.29635873568, 0.58576275984],
      [0.00015398842576, 0.52088629369, 0.2230766215, 0.24939900331, 0.0064840930804],
      [0.050048627415, 0, 0.85625917957, 0.088126458225, 0.0055657347948],
      [0, 0, 0, 0.97014241988, 0.029857580124],
      [0.4932896415, 0, 0.37211135177, 0.055629810973, 0.078969195752],
      [0.078437356578, 0.14332628988, 0.14373531288, 0.15010966405, 0.48439137661]
    ],
    [
      [0.013252384228, 0.024132324478, 0.11662961651, 0.29392788494, 0.55205778985],
      [0, 0.70010471254, 0.18328803521, 0.11340936548, 0.0031978867611],
      [0.015180947542, 0.053042300356, 0.92232093895, 0.0063643146572, 0.003091498495],
      [0, 0.015822807413, 0.024177142971, 0.93623248387, 0.02376756575],
      [0.346646813, 0.030466642876, 0.49693776831, 0.050006231169, 0.075942544643],
      [0.048899951025, 0.246895285, 0.16555791792, 0.13242251223, 0.40622433382]
    ],
    [
      [0.018727361663, 0.038324359073, 0.059550888521, 0.2706310486, 0.61276634214],
      [0, 0.89935733357, 0, 0.097291602456, 0.0033510639709],
      [0.037486680599, 0.10997648141, 0.83211265366, 0.01420068597, 0.0062234983704],
      [0, 0.022028180679, 0, 0.94788975707, 0.030082062253],
      [0.55867282512, 0.041649320996, 0.27598771385, 0.045826256491, 0.077863883542],
      [0.072326024286, 0.28966282247, 0.090105422665, 0.117530752, 0.43037497858]
    ],
    [
      [0.035546454104, 0, 0.088482296495, 0.26842740371, 0.60754384569],
      [0.018844572808, 0.56435642303, 0.23278248294, 0.17669203161, 0.0073244896159],
      [0.08112243862, 0, 0.90108070702, 0.011536776472, 0.0062600778898],
      [0.0097285827438, 0, 0.0065438821833, 0.94700758688, 0.03671994819],
      [0.55538296267, 0, 0.32952580038, 0.041084399427, 0.074006837526],
      [0.098329490129, 0.13154174182, 0.13979935655, 0.13429600513, 0.49603340637]
    ],
    [
      [0.008143575994, 0.012841579363, 0.061052707369, 0.1614126177, 0.75654951958],
      [0, 0.70534718682, 0.1708196991, 0.11174074702, 0.01209236706],
      [0.02691518263, 0.043265632281, 0.90785297048, 0.0036577780178, 0.018308436593],
      [0, 0.0093502240171, 0.0070221806306, 0.89195838545, 0.0916692099],
      [0.34644390941, 0.025185377848, 0.41813579553, 0.041046555918, 0.16918836129],
      [0.034591895746, 0.15352263651, 0.099274930234, 0.083343449605, 0.62926708791]
    ],
    [
      [0.018826224766, 0.019800384212, 0.11112029135, 0.30489355266, 0.54535954701],
      [0.00023384782282, 0.65861847032, 0.19915985389, 0.13783674828, 0.0041510796877],
      [0.035782157676, 0.037179785545, 0.91186531915, 0.011453132571, 0.0037196050589],
      [0.0039023858479, 0.0044311487173, 0.014036904506, 0.95280504878, 0.024824512145],
      [0.42755967461, 0.021874059772, 0.42977056158, 0.049662366445, 0.071133337597],
      [0.069904263477, 0.21162533821, 0.16153580966, 0.14134332082, 0.41559126784]
    ],
    [
      [0.016639100914, 0.022136628368, 0.091046767067, 0.28748830191, 0.58268920174],
      [0, 0.70680188699, 0.15716393178, 0.13110023968, 0.0049339415437],
      [0.037224183423, 0.075675196595, 0.86445037109, 0.016784189169, 0.0058660597262],
      [0, 0.0066869215434, 0, 0.96161982144, 0.031693257015],
      [0.4333338623, 0.028158961045, 0.39908047542, 0.053979615281, 0.085447085948],
      [0.062232800125, 0.22959034855, 0.13213820045, 0.13387141112, 0.44216723976]
    ],
    [
      [0.017820160244, 0.022766175494, 0.075507539542, 0.22320931872, 0.660696806],
      [0.0011492826266, 0.74684349941, 0.14221643818, 0.10089686335, 0.0088939164301],
      [0.052866166834, 0.064073454984, 0.86942280815, 0.0015532802717, 0.01208428976],
      [0.0065551965006, 0.033019975767, 0, 0.90322392081, 0.057200906925],
      [0.47626618738, 0.031840843503, 0.34874842894, 0.038606635676, 0.1045379045],
      [0.065168562016, 0.22479466688, 0.10927379827, 0.10111155571, 0.49965141712]
    ],
    [
      [0.012831244181, 0.016848296366, 0.11331808913, 0.32896435972, 0.5280380106],
      [0, 0.58386238367, 0.21080206617, 0.20217199763, 0.0031635525257],
      [0.014048945328, 0.029768576573, 0.93053918913, 0.02233735911, 0.0033059298629],
      [0, 0, 0, 0.97960552076, 0.020394479239],
      [0.34451899343, 0.021105548293, 0.49606038186, 0.062406015025, 0.075909061384],
      [0.050872987884, 0.19942298664, 0.17287973713, 0.1591658848, 0.41765840354]
    ]
  ],
  "expected_outcome": [
    [
