{
  "X": [
    [51, 151, 138, 774, 79],
    [28, 88, 70, 611, 49],
    [8, 13, 8, 17, 8],
    [4, 6, 9, 23, 7],
    [14, 60, 47, 119, 17],
    [36, 79, 87, 264, 33],
    [22, 38, 21, 106, 5],
    [66, 72, 70, 428, 29],
    [50, 114, 67, 320, 29],
    [22, 33, 35, 193, 9],
    [2, 1, 3, 13, 0],
    [2, 6, 9, 29, 5],
    [0, 0, 2, 11, 2],
    [40, 137, 123, 605, 55],
    [89, 290, 303, 571, 100],
    [60, 188, 168, 472, 57],
    [43, 152, 168, 439, 42],
    [77, 288, 315, 486, 89],
    [99, 240, 228, 954, 88],
    [28, 86, 65, 291, 24],
    [14, 100, 156, 130, 24],
    [56, 100, 122, 288, 33],
    [111, 326, 342, 977, 104],
    [90, 172, 179, 724, 51],
    [54, 179, 135, 629, 61],
    [21, 53, 61, 167, 18],
    [56, 171, 241, 333, 53],
    [44, 89, 132, 285, 34],
    [76, 121, 196, 562, 59],
    [9, 15, 15, 144, 12],
    [3, 7, 7, 31, 4],
    [4, 4, 9, 26, 6],
    [1, 4, 6, 7, 1],
    [536, 2048, 1743, 7872, 716],
    [81, 118, 165, 498, 55],
    [219, 268, 349, 995, 132],
    [61, 34, 75, 317, 25]
  ],
  "W": [
    [94, 67, 129, 756, 110, 37],
    [100, 28, 64, 550, 84, 20],
    [3, 10, 9, 26, 4, 2],
    [0, 6, 8, 24, 6, 5],
    [12, 23, 48, 130, 33, 11],
    [20, 40, 72, 295, 56, 16],
    [3, 26, 25, 106, 27, 5],
    [23, 89, 51, 432, 52, 18],
    [20, 62, 47, 355, 73, 23],
    [10, 20, 29, 202, 25, 6],
    [0, 2, 3, 13, 1, 0],
    [3, 2, 7, 30, 6, 3],
    [0, 1, 3, 10, 1, 0],
    [37, 47, 111, 625, 110, 30],
    [70, 108, 292, 573, 260, 50],
    [61, 69, 129, 493, 168, 25],
    [33, 62, 152, 447, 128, 22],
    [88, 73, 308, 472, 259, 55],
    [93, 119, 200, 950, 223, 24],
    [29, 33, 55, 287, 77, 13],
    [21, 26, 143, 115, 102, 17],
    [35, 56, 109, 275, 104, 20],
    [113, 161, 281, 986, 286, 33],
    [58, 98, 137, 737, 166, 20],
    [67, 58, 120, 599, 190, 24],
    [19, 24, 57, 169, 35, 16],
    [42, 70, 229, 320, 169, 24],
    [25, 47, 121, 276, 91, 24],
    [66, 92, 158, 575, 99, 24],
    [14, 7, 18, 141, 13, 2],
    [5, 3, 8, 29, 4, 3],
    [6, 4, 7, 24, 5, 3],
    [0, 1, 6, 10, 2, 0],
    [797, 613, 1547, 7713, 1956, 289],
    [57, 104, 141, 478, 111, 26],
    [86, 252, 335, 968, 248, 74],
    [23, 88, 48, 299, 27, 27]
  ],
  "method": "mult",
  "cond_prob": [
    [
      [0, 0.047365875663, 0.031562159147, 0.70848105883, 0.21259090636],
      [0.69488992786, 0.016278849067, 0.21241149316, 0.044390212145, 0.03202951777],
      [0.0085020228746, 0.16381058912, 0.74950143146, 0.0092084608946, 0.068977495644],
      [0, 0.053889840101, 0, 0.91445337764, 0.031656782259],
      [0.00058547547003, 0.70380079481, 0.15276166975, 0.088015927716, 0.054836132251],
      [0.088681394079, 0.16666357453, 0.19762482884, 0.060330790727, 0.48669941183]
    ],
    [
      [0.014276706426, 0.050840613168, 0, 0.75483151204, 0.18005116837],
      [0.74757875572, 0.011011129595, 0.17586173658, 0.041885242899, 0.02366313521],
      [0.009376389535, 0.14116299023, 0.77453637991, 0.012013583941, 0.062910656386],
      [0, 0.026128150314, 0, 0.95071189056, 0.023159959128],
      [0.031787891384, 0.66891735408, 0.13569516131, 0.11034089201, 0.053258701217],
      [0.11849261953, 0.15068276321, 0.20535747558, 0.070750894378, 0.4547162473]
    ],
    [
      [0.00057965699153, 0.098499705022, 0.027530350468, 0.40631802299, 0.46707226453],
      [0.72154922258, 0.054869415186, 0.15424013546, 0, 0.069341226777],
      [0, 0.28128912532, 0.57592649207, 0, 0.14278438261],
      [0.025539858339, 0.22458166898, 0.028344199838, 0.60479349593, 0.11674077692],
      [0.001305529858, 0.85167401414, 0.069639051056, 0.0090553500382, 0.068326054912],
      [0.056755183496, 0.18919257765, 0.088081882694, 0.010096818385, 0.65587353778]
    ],
    [
      [0.00021487265102, 0.031606843565, 0.028255416246, 0.62491970353, 0.31500316401],
      [0.62021385913, 0.075120080743, 0.20415410211, 0.04381825388, 0.056693704142],
      [0, 0.11459259375, 0.75914396235, 0.010391714864, 0.11587172904],
      [0, 0.014006353109, 0, 0.91051121236, 0.075482434532],
      [0, 0.63787415812, 0.16238622642, 0.095507356743, 0.10423225872],
      [0.055743369049, 0.093828268448, 0.14552126601, 0.045728704146, 0.65917839235]
    ],
    [
      [0, 0.078361331468, 0.034774044648, 0.67018759871, 0.21667702517],
      [0.57482743688, 0.12293913105, 0.23234210827, 0.036027467572, 0.033863856233],
      [0, 0.230363683, 0.70733236972, 0, 0.062303947276],
      [0, 0.12505871693, 0.010897900409, 0.8307697393, 0.033273643369],
      [0, 0.79643503977, 0.11536438572, 0.048476031324, 0.039724543188],
      [0.070815359252, 0.23951070103, 0.1875579496, 0.048121992653, 0.45399399746]
    ],
    [
      [0.00081602989833, 0.055466855534, 0.041807557186, 0.66204842011, 0.23986113727],
      [0.72047567715, 0.016741501642, 0.20861822446, 0.025386615892, 0.028777980851],
      [0.0029918978872, 0.15661924803, 0.77538158286, 0, 0.065007271229],
      [0.017542004694, 0.079142157889, 0.031169329635, 0.83246819772, 0.039678310061],
      [0.0029938636767, 0.71302559628, 0.16841113155, 0.061295594689, 0.054273813807],
      [0.10041799484, 0.16675293731, 0.21035439392, 0.045805958253, 0.47666871567]
    ],
    [
      [0.00025668900638, 0.064882747901, 0.02500797381, 0.79649369246, 0.11335889683],
      [0.7909852329, 0.036476522408, 0.11341802716, 0.046413929475, 0.01270628806],
      [0.010261604928, 0.25139582557, 0.68206127831, 0.015998679324, 0.040282611871],
      [0, 0.052728485744, 0, 0.93658742384, 0.010684090418],
      [0.016704407629, 0.87485040299, 0, 0.085956021447, 0.02248916793],
      [0.14521094967, 0.27237723294, 0.18491508298, 0.080942053464, 0.31655468094]
    ],
    [
      [0, 0.047474824589, 0.034085686667, 0.74280255444, 0.1756369343],
      [0.71545418066, 0.018728104289, 0.19741731139, 0.044699628096, 0.023700775563],
      [0.0071041439872, 0.15596274583, 0.77270932234, 0.0093452166735, 0.054878571169],
      [0, 0.049728141727, 0, 0.92705649139, 0.023215366879],
      [0.00082005045991, 0.70393394607, 0.15909621176, 0.091620014375, 0.044529777337],
      [0.10664577521, 0.17778084963, 0.22026166902, 0.067112403748, 0.42819930239]
    ],
    [
      [0.00025094497694, 0.071410140289, 0.037603620423, 0.70292794122, 0.18780735309],
      [0.722387166, 0.025517761584, 0.20022694686, 0.028632904079, 0.023235221479],
      [0.0075450432233, 0.20530817203, 0.73447201823, 0.00090431966945, 0.051770446853],
      [0.0066974776118, 0.11072561794, 0.013983201737, 0.84183784206, 0.026755860658],
      [0.0010613076511, 0.77703154468, 0.13059708729, 0.0555367868, 0.035773273581],
      [0.10422955506, 0.23083977225, 0.20939339309, 0.052916466586, 0.40262081302]
    ],
    [
      [0.001177919996, 0.048892118807, 0.040587283037, 0.77076091565, 0.13858176251],
      [0.77625818521, 0.010535130504, 0.17066707456, 0.029333359694, 0.013206250031],
      [0.012344370595, 0.14085233317, 0.80425732444, 0.0049602620118, 0.037585709781],
      [0.025055700488, 0.048015423007, 0.0091567760641, 0.90090638059, 0.016865719846],
      [0.0041652615443, 0.69706497049, 0.17878927861, 0.086883204166, 0.03309728519],
      [0.1566145519, 0.18165313835, 0.25632042326, 0.067784511155, 0.33762737534]
    ],
    [
      [0.00046788250433, 0.02914062071, 0.041162062096, 0.92922943469, 0],
      [0.86327642279, 0.0010742577955, 0.11028309269, 0.025366226723, 0],
      [0.057764671956, 0.071170102228, 0.85866770916, 0.012397516658, 0],
      [0.0074498642333, 0.0078774045488, 0, 0.98467273122, 0],
      [0.0033049035218, 0.68193491859, 0.20343068714, 0.11132949075, 0],
      [0.26595154416, 0.18001109559, 0.43231543451, 0.12172192573, 0]
    ],
    [
      [7.1835968308e-05, 0.034610390957, 0.041201618828, 0.65244084849, 0.27167530576],
      [0.76455315153, 0.0076954826312, 0.17574243404, 0.025087950737, 0.026920981062],
      [0.0059478205358, 0.098995360501, 0.82274123828, 7.5691289862e-05, 0.072239889393],
      [0.0056150342184, 0.035906139666, 0.030068065542, 0.87901389503, 0.049396865546],
      [0.001340580843, 0.63223478367, 0.20870300695, 0.081945311639, 0.075776316906],
      [0.084182977895, 0.1057391488, 0.20382053318, 0.04329433112, 0.56296300901]
    ],
    [
      [0, 0, 0.012612467429, 0.44270915576, 0.54467837681],
      [0, 0, 0.51103075964, 0.16389085985, 0.32507838051],
      [0, 0, 0.40175861493, 0.36824421583, 0.22999716924],
      [0, 0, 0, 0.94792584625, 0.052074153752],
      [0, 0, 0.28369339556, 0.25211803017, 0.46418857427],
      [0, 0, 0.017210715797, 0.0073624124109, 0.97542687179]
    ],
    [
      [0.00014368938959, 0.048090338034, 0.034942648902, 0.70961376779, 0.20720955588],
      [0.70657323027, 0.0153184383, 0.20913466275, 0.040230808828, 0.028742859854],
      [0.0070869229262, 0.154889612, 0.76697150866, 0.0071720302013, 0.063879926208],
      [0.0047712240605, 0.056298261317, 0.0045763611145, 0.90385824428, 0.030495909228],
      [0.0011534832931, 0.70098257216, 0.16034910357, 0.085161943335, 0.052352897642],
      [0.096339834175, 0.16711492331, 0.20817760969, 0.05927102609, 0.46909660673]
    ],
    [
      [0.00023993353696, 0.052661483819, 0.036091299468, 0.68089680922, 0.23011047395],
      [0.71566402775, 0.017741476332, 0.20261529631, 0.033143235106, 0.030835964504],
      [0.0041384810787, 0.16715217727, 0.75830339765, 0, 0.070405943995],
      [0.0092486484626, 0.071664815549, 0.011184130132, 0.8712230983, 0.036679307554],
      [0.0013489659913, 0.71591907539, 0.15722538834, 0.069089032526, 0.056417537752],
      [0.096656929078, 0.16772564031, 0.19758914771, 0.051675403581, 0.48635287932]
    ],
    [
      [0.00085489223744, 0.056415618458, 0.043948945493, 0.68659765029, 0.21218289352],
      [0.71467448458, 0.017186040097, 0.21520328326, 0.027512428202, 0.025423763859],
      [0.0030978807756, 0.15526649013, 0.78504542238, 0, 0.056590206714],
      [0.01438925589, 0.079390648669, 0.028144846774, 0.84590360193, 0.032171646737],
      [0.0030850063395, 0.71328881727, 0.1764523187, 0.059017620219, 0.048156237472],
      [0.10494005195, 0.17485288742, 0.22719317167, 0.050949993511, 0.44206389545]
    ],
    [
      [0, 0.05218894639, 0.039150978421, 0.72521752894, 0.18344254624],
      [0.66140620545, 0.029952768766, 0.24073116202, 0.041541030007, 0.026368833755],
      [0, 0.16104821726, 0.78306458455, 0.0038138679678, 0.052073330223],
      [0, 0.064794751461, 0.013646716904, 0.89585754106, 0.025700990574],
      [0, 0.71010485879, 0.16773715537, 0.078958005832, 0.043199980002],
      [0.090582511906, 0.18566764785, 0.23574683965, 0.06171018875, 0.42629281184]
    ],
    [
      [0.0019739966334, 0.055724771492, 0.039435021447, 0.69589782074, 0.20696838969],
      [0.75422854988, 0.015215133951, 0.18063305289, 0.027062397918, 0.022860865365],
      [0.0024477748839, 0.16751388992, 0.77071126873, 0, 0.05932706647],
      [0.02658809996, 0.071856605795, 0.014927192778, 0.85628571256, 0.030342388903],
      [0.0066152101439, 0.72116940756, 0.16329349565, 0.060955944663, 0.047965941986],
      [0.12274121605, 0.17621895896, 0.21137789307, 0.05147255871, 0.43818937321]
    ],
    [
      [0.00040258416996, 0.045526604372, 0.03514654069, 0.71054755617, 0.2083767146],
      [0.72185706759, 0.013452146993, 0.19905773591, 0.038248412506, 0.027384637],
      [0.0084211424832, 0.14722207447, 0.7725127448, 0.0073647641433, 0.064479274101],
      [0.0088626799453, 0.04993343466, 0.004553482629, 0.9060652984, 0.030585104367],
      [0.002005801357, 0.68826210512, 0.16684071294, 0.088399966096, 0.05449141449],
      [0.10460418672, 0.15839970997, 0.20873602914, 0.059139060055, 0.46912101412]
    ],
    [
      [0.00020158539524, 0.051697536363, 0.035020515828, 0.73798382762, 0.1750965348],
      [0.72963371355, 0.015396423829, 0.19427814294, 0.038556035632, 0.022135684046],
      [0.0080414307611, 0.16388415132, 0.76772809094, 0.0074615368271, 0.052884790155],
      [0.0066549433856, 0.060087911688, 0.0021996757982, 0.90787455938, 0.023182909745],
      [0.0013670408231, 0.71822702662, 0.15399410703, 0.084659594121, 0.041752231411],
      [0.11221014534, 0.18694995637, 0.21994831746, 0.064380615943, 0.41651096488]
    ],
    [
      [0, 0.048035538594, 0.045358145183, 0.73920200287, 0.16740431335],
      [0.49213898677, 0.12404528268, 0.30744774109, 0.048794122866, 0.027573866594],
      [0, 0.12583339396, 0.8308873687, 0, 0.043279237339],
      [0, 0.048035436511, 0.023865271995, 0.90615626398, 0.021943027516],
      [0, 0.6783735882, 0.20440001543, 0.077315757799, 0.039910638577],
      [0.070846255529, 0.17963057696, 0.27315506505, 0.065525476012, 0.41084262645]
    ],
    [
      [0.0026826695508, 0.042858164539, 0.037263660311, 0.73657743868, 0.18061806692],
      [0.76390718294, 0.0087285580008, 0.17596978225, 0.031983556875, 0.019410919933],
      [0.017048743638, 0.13357234423, 0.79097975584, 0.0052599498808, 0.053139206412],
      [0.027686612564, 0.037107459269, 0.0053615227141, 0.90610284502, 0.023741560432],
      [0.0090667714322, 0.67416120967, 0.17902821259, 0.090661589127, 0.047082217179],
      [0.13561142901, 0.1567231184, 0.22656589202, 0.062414413695, 0.41868514687]
    ],
    [
      [0, 0.051526766845, 0.04109989175, 0.70100477507, 0.20636856634],
      [0.67071663057, 0.018301554781, 0.24379178828, 0.037746321502, 0.029443704867],
      [0.00041045765267, 0.15526173219, 0.7854294455, 0.0010531969621, 0.05784516769],
      [0, 0.06826130975, 0.020079928905, 0.8806542912, 0.031004470143],
      [0, 0.70139486709, 0.17495643949, 0.074201714612, 0.049446978804],
      [0.087857087203, 0.17266045091, 0.22918813749, 0.056561600154, 0.45373272424]
    ],
    [
      [0.0010850586906, 0.045914429316, 0.041298388748, 0.73895800927, 0.17274411398],
      [0.73498433252, 0.011503652495, 0.20106185855, 0.032845560114, 0.019604596316],
      [0.010322860384, 0.13346817726, 0.80404996589, 0.0043217113145, 0.047837285158],
      [0.018054921806, 0.046541762328, 0.014092607106, 0.89788371082, 0.023426997944],
      [0.004081694532, 0.67671779171, 0.18920826506, 0.086341684795, 0.043650563912],
      [0.12551657364, 0.16440163061, 0.2475481276, 0.062824078681, 0.39970958947]
    ],
    [
      [0.00058280864898, 0.042586459235, 0.031103400441, 0.72653867399, 0.19918865769],
      [0.74549912266, 0.011817100755, 0.17746120587, 0.039743087413, 0.025479483305],
      [0.0097674955879, 0.15006733431, 0.76242573576, 0.011526161328, 0.066213273007],
      [0.0047682832254, 0.038881009434, 0, 0.92843017217, 0.02792053517],
      [0.020798620075, 0.68628669266, 0.13877576998, 0.099911312966, 0.05422760432],
      [0.1142484904, 0.15704329226, 0.19853490172, 0.063368659178, 0.46680465644]
    ],
    [
      [0.00029302084123, 0.058641855382, 0.039153486105, 0.728613638, 0.17329799967],
      [0.72527620848, 0.017688977657, 0.20257475231, 0.033650548559, 0.020809512993],
      [0.0077351401857, 0.17247356926, 0.77156249993, 0.00030525358652, 0.047923537036],
      [0.0077662095732, 0.075004084042, 0.013870974223, 0.88084872998, 0.022510002181],
      [0.0015164560964, 0.73498682246, 0.15408016971, 0.071930277511, 0.037486274227],
      [0.11133345179, 0.20187792793, 0.22988916433, 0.059395823662, 0.39750363229]
    ],
    [
      [0.00021283970376, 0.046464896234, 0.039914970207, 0.7104381241, 0.20296916975],
      [0.70647911833, 0.013738741874, 0.21788197542, 0.035438763531, 0.026461400843],
      [0.0059360905139, 0.14013353823, 0.79513461682, 0, 0.058795754436],
      [0.0078517057725, 0.052148949147, 0.017327189094, 0.89293031757, 0.029741838412],
      [0.0013078481571, 0.68326309225, 0.18345473483, 0.08020644473, 0.051767880025],
      [0.10185773066, 0.15987732724, 0.22656062598, 0.057845606557, 0.45385870956]
    ],
    [
      [0.0010415280727, 0.040339843223, 0.037989284615, 0.7361139652, 0.18451537889],
      [0.73799484019, 0.0091628644507, 0.19463237597, 0.036485294262, 0.021724625126],
      [0.012113833204, 0.12354878519, 0.80118516292, 0.0089252539407, 0.054226964753],
      [0.01625289345, 0.033344364258, 0.0075589475104, 0.91810992165, 0.024733873132],
      [0.0046065770827, 0.65767908535, 0.18989684563, 0.097494213689, 0.050323278255],
      [0.12155972436, 0.14831687422, 0.23301079318, 0.06383643715, 0.43327617109]
    ],
    [
      [0.00083302619163, 0.044197369447, 0.045275279951, 0.7015358613, 0.20815846311],
      [0.70134145616, 0.012331856733, 0.2296702339, 0.030926849981, 0.025729603221],
      [0.0068819240474, 0.12337456268, 0.81400062475, 0, 0.055742888525],
      [0.013189965516, 0.049828624643, 0.030117089199, 0.87562657437, 0.03123774627],
      [0.0026015625961, 0.65925880822, 0.2031779985, 0.081270999539, 0.053690631147],
      [0.10385322652, 0.14738252961, 0.24325513136, 0.055093905744, 0.45041520677]
    ],
    [
      [0.0012372773522, 0.031673082414, 0.024604685598, 0.70516579964, 0.237319155],
      [0.8202596926, 0.0070929628959, 0.1178011141, 0.030733237359, 0.02411299305],
      [0.1283983924, 0.13235530792, 0.63680010387, 0.011811635018, 0.09063456079],
      [0.0043284806517, 0.024615699674, 0, 0.93706332946, 0.033992490219],
      [0.0037519614121, 0.64828328746, 0.15829556203, 0.11220985658, 0.077459332512],
      [0.13529896771, 0.11301708621, 0.15534121337, 0.057639562187, 0.53870317051]
    ],
    [
      [0, 0.051313266276, 0.025684028975, 0.71964527762, 0.20335742713],
      [0.80387863245, 0.012432125432, 0.13117621848, 0.032065959739, 0.020447063902],
      [0.031358781412, 0.20482881225, 0.68638737985, 0.012459305263, 0.064965721228],
      [0, 0.052331349849, 0, 0.92103439782, 0.026634252327],
      [0.0013956887776, 0.75437801651, 0.11969670353, 0.079408498618, 0.045121092568],
      [0.11063703208, 0.17746186089, 0.16938844892, 0.059423253074, 0.48308940502]
    ],
    [
      [0.0032395688265, 0.021114020867, 0.040465125754, 0.64738859457, 0.28779268998],
      [0.76912582831, 0.0028710313308, 0.17287700893, 0.024358064137, 0.030768067291],
      [0.011533775474, 0.074205426022, 0.83070468527, 0.00065348217146, 0.082902631066],
      [0.020901125681, 0.011886863164, 0.020859125691, 0.89116842828, 0.055184457181],
      [0.0049300871091, 0.56540711264, 0.23432425461, 0.099243368038, 0.096095177598],
      [0.099015131198, 0.076691162722, 0.19284270775, 0.043134227282, 0.58831677105]
    ],
    [
      [0.00037127883314, 0.065354035711, 0.039996126133, 0.56383744261, 0.33044111672],
      [0.93586037011, 0.0074906714892, 0.049841332958, 0, 0.0068076254472],
      [0, 0.12524031103, 0.80841684335, 0, 0.066342845616],
      [0.0064139629895, 0.16354855026, 0.082803906411, 0.69657140545, 0.050662174893],
      [0, 0.80279097987, 0.13580927141, 0.017142972756, 0.044256775966],
      [0.068198765188, 0.11961462388, 0.1239738834, 0.022043093102, 0.66616963443]
    ],
    [
      [0.00021024845357, 0.045636384867, 0.034558349678, 0.72305850813, 0.19653650887],
      [0.71582688032, 0.013929425111, 0.20312114143, 0.040513684865, 0.026608868276],
      [0.0078843082124, 0.1494167331, 0.77236714643, 0.0088249739336, 0.061506838321],
      [0.0067035999379, 0.048454008577, 0.001550948111, 0.91532886468, 0.027962578695],
      [0.0015078448553, 0.6905756036, 0.16484794298, 0.091658434717, 0.051410173845],
      [0.10442670825, 0.16418591266, 0.213448861, 0.0623522974, 0.45558622069]
    ],
    [
      [0.00020935449346, 0.040736069436, 0.036794020228, 0.72101157174, 0.20124898411],
      [0.70939420974, 0.011094036834, 0.21169666079, 0.040937055705, 0.026878036937],
      [0.0075536277892, 0.12982623021, 0.79231278987, 0.0092702620178, 0.06103709011],
      [0.0068607442262, 0.039429054898, 0.0061073498542, 0.91856005802, 0.029042793003],
      [0.0016534602235, 0.66252313848, 0.18426431239, 0.096048985388, 0.055510103524],
      [0.10319375531, 0.14736958232, 0.22298203259, 0.061716713914, 0.46473791587]
    ],
    [
      [0.0011459492455, 0.040880237598, 0.031222157782, 0.71066161661, 0.21609003877],
      [0.74696973503, 0.0096103670644, 0.17513920053, 0.040490631647, 0.027790065736],
      [0.03335039433, 0.14236093265, 0.73987316957, 0.012074679302, 0.07234082415],
      [0.010420804294, 0.037429276096, 0, 0.92030555276, 0.031844366853],
      [0.0043874409921, 0.67497663302, 0.16176722295, 0.097994343402, 0.060874359633],
      [0.11239552858, 0.14521392403, 0.1919463892, 0.060487459446, 0.48995669874]
    ],
    [
      [0, 0.032273998763, 0.038323502603, 0.77374201903, 0.15566047961],
      [0.65773199095, 0.034668658394, 0.23281123359, 0.054267892002, 0.020520225067],
      [0.0048672445993, 0.10063300606, 0.83639555865, 0.012803911859, 0.045300278837],
      [0, 0.018183645398, 0, 0.96495854567, 0.016857808933],
      [0.0007643940891, 0.60590990742, 0.22637336397, 0.11830314941, 0.04864918511],
      [0.10612290427, 0.13259238239, 0.27304086083, 0.077665966967, 0.41057788555]
    ]
  ],
  "expected_outcome": [
    [
      [0, 1.4276706426, 0.0017389709746, 0, 0, 0.016320597967, 0.00077006701913, 0, 0.0050188995388, 0.01177919996, 0, 0.00021550790492, 0, 0.0053165074148, 0.016795347587, 0.052148426484, 0, 0.17371170374, 0.037440327807, 0.005845976462, 0, 0.09389343428, 0, 0.062933404057, 0.039048179482, 0.0055673959834, 0.0089392675578, 0.026038201818, 0.054979728647, 0.017321882931, 0, 0.019437412959, 0, 0.1675680175, 0.011933206127, 0.098551635112, 0],
      [4.4523923123, 5.0840613168, 0.29549911506, 0, 0.94033597762, 1.1093371107, 0.1946482437, 1.0919209655, 1.4282028058, 0.48892118807, 0, 0.10383117287, 0, 1.7793425072, 3.6863038673, 3.4413527259, 1.7222352309, 4.9037798913, 4.2339742066, 1.4992285545, 1.0087463105, 1.5000357589, 5.8225246535, 2.6630369003, 2.8532927687, 1.1141952523, 1.9515256418, 1.0084960806, 2.9170263835, 0.4434231538, 0.25656633138, 0.1266841252, 0, 36.3721987389, 2.3219559578, 3.5157004335, 0.74230197154],
      [2.9668429598, 0, 0.082591051404, 0, 0.41728853578, 0.83615114373, 0.07502392143, 0.78397079334, 0.75207240846, 0.40587283037, 0, 0.12360485648, 0, 1.2928780094, 2.5263909628, 2.6808856751, 1.2919822879, 3.4702818873, 3.2686282841, 1.015594959, 0.95252104885, 1.3042281109, 4.6442877677, 2.3953065474, 2.0839278295, 0.743916236, 1.6764287487, 0.94973211538, 2.9881684767, 0.34446559838, 0.12842014487, 0.24279075452, 0, 27.5430046933, 2.097259153, 2.6851055692, 0.88144055986],
      [66.5972195296, 75.4831512036, 1.218954069, 0, 8.0422511845, 13.2409684022, 2.3894810774, 17.0844587521, 14.0585588244, 7.7076091565, 0, 1.9573225455, 0, 26.2557094083, 47.6627766457, 41.8824566679, 23.9321784552, 61.2390082252, 66.0809227236, 21.4015310009, 15.5232420603, 25.7802103538, 79.2135395827, 42.8595645376, 48.6780911573, 13.843659122, 29.8384012123, 18.4028491299, 46.3013668459, 9.872321195, 3.5982263881, 3.8843315674, 0, 576.2776309803, 41.097659589, 61.1168990281, 17.7960664376],
      [19.9835451982, 18.005116837, 1.4012167936, 0, 2.6001243021, 4.7972227454, 0.34007669048, 4.039649489, 3.7561470618, 1.3858176251, 0, 0.81502591727, 0, 7.6667535676, 16.1077331766, 12.9431565046, 6.0536040261, 18.2132182925, 19.3790344579, 5.0777995091, 3.5154905803, 6.3216323421, 23.3196479961, 10.0191586107, 13.345640065, 3.2926619938, 8.5247051296, 4.6128844723, 13.7384585652, 3.3224681699, 1.0167871356, 1.7267561399, 0, 156.63959757, 11.471192094, 18.5837433341, 3.580191031]
    ],
    [
      [46.5576251666, 20.9322051602, 7.2154922258, 3.7212831548, 13.2210310482, 28.819027086, 20.5656160554, 63.675422079, 44.788004292, 15.5251637043, 1.7265528456, 1.5291063031, 0, 33.2089418225, 77.2917149967, 49.3125394362, 41.0071847381, 55.0586841411, 85.9009910436, 24.0779125472, 12.795613656, 42.7788022449, 107.9853775219, 72.0284645874, 43.2389491142, 17.4066290036, 49.4535382831, 34.6857574891, 64.523413967, 5.7418178482, 2.4116358973, 3.0765033132, 0.93586037011, 438.8018776361, 73.7769978127, 188.2363732264, 57.8804152037],
      [1.0906828875, 0.30831162866, 0.54869415186, 0.45072048446, 2.8276000141, 0.66966006569, 0.94838958262, 1.6668012817, 1.5821012182, 0.21070261009, 0.0021485155911, 0.015390965262, 0, 0.71996660008, 1.9160794438, 1.1858367667, 1.8570716635, 1.1107047784, 1.6008054922, 0.50808198637, 3.2251773497, 0.48879924804, 2.9465503198, 1.1273579445, 0.68539184381, 0.42453546377, 0.96171193118, 0.43065462919, 1.1345308194, 0.049650740271, 0.037296376297, 0.011484125323, 0.0074906714892, 8.5387375932, 1.1537798308, 2.4218125002, 3.0508419387],
      [14.2315700416, 4.9241286241, 1.5424013546, 1.2249246127, 5.3438684902, 8.3447289786, 2.948868706, 17.5701407136, 12.4140707053, 3.4133414911, 0.22056618539, 0.35148486809, 0.51103075964, 9.8293291494, 21.8824520016, 14.8490265449, 14.9253320451, 13.1862128609, 23.687870573, 6.4111787171, 7.9936412683, 9.8543078058, 39.2504779127, 19.704062138, 10.2927499404, 4.8617940554, 15.2517382795, 9.1477216705, 21.129661519, 0.82460779868, 0.39352865544, 0.69150803572, 0.049841332958, 124.5132596952, 22.0164527218, 44.1350785327, 20.4873885556],
      [2.9741442137, 1.1727868012, 0, 0.26290952328, 0.82863175416, 1.0154646357, 1.2067621663, 3.9782669006, 1.7752400529, 0.58666719389, 0.050732453446, 0.050175901475, 0.16389085985, 1.8908480149, 3.5794693915, 1.898357546, 2.5755438605, 1.975555048, 4.5515610882, 1.2723491759, 1.2686471945, 1.791079185, 6.0771577619, 3.2188648912, 2.3050990699, 0.80761316541, 2.4807134472, 1.7148088303, 2.8452701983, 0.21513266151, 0.096197879218, 0.097432256549, 0, 24.8348888222, 4.2574537933, 10.2036391752, 4.7755744961],
      [2.1459776906, 0.66256778588, 0.69341226777, 0.34016222485, 0.77886869335, 1.151119234, 0.33036348956, 2.1093690251, 1.4405837317, 0.26412500062, 0, 0.053841962124, 0.32507838051, 1.3509144131, 3.3302841664, 1.7542397062, 1.6348676928, 1.6688431716, 3.258771803, 0.73047757353, 0.71692053143, 1.0870115162, 4.7404364837, 1.9212504389, 1.4778100317, 0.49942831182, 1.852298059, 1.0210573809, 2.3671234963, 0.16879095135, 0.061341191706, 0.12307226916, 0.0068076254472, 16.3112362533, 2.7953158414, 7.0030965655, 1.8057798059]
    ],
    [
      [1.0967609508, 0.60008893024, 0, 0, 0, 0.21541664788, 0.25654012319, 0.36231134335, 0.35461703149, 0.35798674727, 0.17329401587, 0.041634743751, 0, 0.78664844481, 1.208436475, 0.39962662005, 0, 0.75391466425, 1.6842284966, 0.44227869186, 0, 1.8583130566, 0.1153386004, 1.4142318726, 1.1720994706, 0.44090299058, 1.3593647277, 1.4657738177, 1.0873439995, 2.3111710632, 0.2508702513, 0.080736428319, 0, 12.1970248046, 1.0650615183, 11.1723821007, 0.23362774077],
      [21.1315659971, 9.0344313746, 2.5316021279, 0.91674074997, 11.0574567841, 11.2765858578, 6.2848956393, 7.9541000375, 9.6494840852, 4.0847176621, 0.21351030668, 0.69296752351, 0, 17.1927469321, 48.8084357631, 20.0293772272, 24.4793290239, 51.5942780952, 29.4444148938, 9.0136283224, 17.9941753366, 14.5593855207, 43.6285467457, 18.2851402843, 18.0080801174, 9.830993448, 32.0905802553, 14.9494030074, 19.4931809028, 2.3823955425, 1.638630498, 0.51943798216, 0.7514418662, 231.1476861032, 18.3054984593, 47.6909124385, 4.8303842907],
      [96.6856846586, 49.5703283142, 5.1833384286, 6.0731516988, 33.9519537466, 55.8274739658, 17.0515319576, 39.4081754392, 34.5201848567, 23.3234624087, 2.5760031275, 5.759188668, 1.2052758448, 85.1338374616, 221.4245921152, 101.2708594866, 119.025816851, 237.3790707679, 154.5025489607, 42.2250450018, 118.816893724, 86.2167933868, 220.7056741865, 110.1548453263, 91.4910882918, 43.9790624959, 182.0858272513, 96.943404713, 128.6120987107, 11.4624018697, 5.4910990388, 5.8149327969, 4.8505010601, 1194.8519755343, 111.7161033724, 247.8575118044, 40.1469868151],
      [1.1878914554, 0.76886937225, 0, 0.083133718914, 0, 0, 0.39996698311, 0.47660605035, 0.042503024464, 0.14384759834, 0.037192549974, 0.00052983902903, 1.1047326475, 0.79609535235, 0, 0, 0.57970793111, 0, 1.4729528287, 0.41038452549, 0, 0.573334537, 0.29594834636, 0.59207445008, 1.3831393594, 0.017399454432, 0, 1.0799557268, 0, 0.21260943032, 0.099674442104, 0.0045743752002, 0, 13.6522346753, 1.3071069445, 4.0450175662, 0.61458776924],
      [8.8980969381, 4.0262820087, 1.2850594435, 0.92697383232, 2.9905894693, 4.6805235285, 1.0070652968, 2.7988071296, 2.4332110021, 1.0899855836, 0, 0.50567922575, 0.68999150771, 7.0906718091, 20.5585356467, 7.3001366661, 7.9151461939, 18.2727364727, 12.8958548202, 2.9086634585, 6.1889309394, 5.7921734989, 16.254492121, 6.5537080667, 7.9455927609, 2.7316416111, 13.4642277657, 6.5614627351, 8.807376387, 1.6314220942, 0.51972576983, 0.58031841746, 0.39805707369, 95.1510788826, 8.6062297055, 24.2341760903, 2.1744133842]
    ],
    [
      [0, 0, 0.66403631682, 0, 0, 5.1748913848, 0, 0, 2.3776045522, 5.0612514985, 0.096848235033, 0.16845102655, 0, 2.9820150378, 5.2994755691, 7.0939031535, 0, 12.5495831809, 8.4195459481, 1.9099687517, 0, 7.613818455, 0, 13.3064773707, 2.856201652, 1.3124894179, 2.5125458472, 4.4857985921, 7.5842301715, 0.61031577189, 0, 0.50162701634, 0.064139629895, 51.7048663207, 3.2794357401, 10.087338557, 0],
      [40.7407191166, 14.3704826727, 5.8391233934, 0.33615247463, 16.2576332004, 23.3469365773, 5.5892194889, 21.4825572262, 39.3075943674, 9.6991154475, 0.10240625913, 1.07718419, 0, 35.1864133233, 41.0639393096, 39.1395897939, 28.9632539032, 33.9163179355, 47.4367629269, 17.2452306543, 5.5240751988, 10.2045512989, 67.305651413, 34.3012788357, 23.2897246512, 12.675690203, 16.687663727, 9.2030445351, 28.6514591699, 3.470813654, 1.5176091456, 0.28528471594, 1.6354855026, 373.7257681579, 18.8470882411, 36.2315392609, 5.4369099741],
      [0, 0, 0.73694919578, 0, 1.4167270531, 9.1949522423, 0, 0, 4.9640366165, 1.8496687649, 0, 0.90204196625, 0, 2.8602256965, 6.4085065656, 13.8754094594, 6.1000824562, 7.0456349914, 4.3258084976, 0.63130695409, 2.7445062795, 1.4744187464, 19.7988099008, 10.386251437, 0, 2.3441946437, 5.5447005101, 2.0862695129, 17.3173262895, 0, 0, 0.50061901659, 0.82803906411, 11.9624627804, 2.9193132303, 0, 0],
      [691.3267534957, 522.891539807, 15.7246308941, 21.8522690966, 108.0000661084, 245.5781183275, 99.2782669268, 400.488404282, 298.8524339303, 181.9830888802, 12.8007455058, 26.3704168508, 9.4792584625, 564.9114026748, 499.2108353271, 417.0304757516, 400.4483208542, 404.1668563299, 860.7620334788, 260.5599985432, 104.2079703574, 249.178282381, 868.3251311249, 661.7402948716, 556.1296731296, 148.8634353667, 285.7377016238, 253.3983383756, 503.4852802635, 132.1259294533, 26.7099975369, 21.3880422788, 6.9657140545, 7059.9315332669, 439.0717077333, 890.8557750679, 288.5226051548],
      [23.9325273878, 12.7379775203, 3.0352601999, 1.8115784288, 4.325573638, 11.7051014681, 1.1325135844, 10.0290384918, 9.4983305336, 3.4068754089, 0, 1.4819059664, 0.52074153752, 19.0599432676, 21.0172432287, 15.8606218415, 11.4883427864, 14.3216075623, 29.0558491487, 6.6534950968, 2.5234481643, 6.5289291187, 30.5704075613, 17.265697485, 16.7244005671, 3.8041903686, 9.5173882919, 6.8265489844, 17.9617041055, 4.7929411208, 0.77239331748, 1.3244269724, 0.50662174893, 215.675369474, 13.8824550552, 30.8253471141, 5.0404848711]
    ],
    [
      [0.064402301703, 2.6701828763, 0.0052221194322, 0, 0, 0.16765636589, 0.45101900599, 0.042642623915, 0.077475458528, 0.10413153861, 0.0033049035218, 0.0080434850578, 0, 0.12688316224, 0.35073115774, 0.51828106503, 0, 1.7133394273, 0.4472937026, 0.10526214338, 0, 0.94294422894, 0, 0.67756129231, 3.9517378142, 0.053075963373, 0.22102633855, 0.41919851453, 0.25755469702, 0.048775498357, 0.0055827551105, 0.024650435545, 0, 2.949344537, 0.18353408481, 1.088085366, 0.020638640406],
      [77.4180874291, 56.1890577431, 3.4066960565, 3.8272449487, 26.2823563123, 39.9294333915, 23.6209608808, 36.6045651956, 56.7233027617, 17.4266242622, 0.68193491859, 3.793408702, 0, 77.1080829379, 186.1389596005, 119.8325213007, 90.8934219257, 186.7828765569, 153.4824494414, 55.3034810496, 69.194105996, 70.1127658055, 200.598931988, 112.3351534231, 130.3944716047, 25.7245387861, 115.471462591, 59.8487967665, 65.2666220138, 8.427682737, 3.017512066, 2.8270355632, 1.6055819597, 1350.7658806471, 73.5400683707, 167.3942049886, 16.3595675004],
      [16.8037836728, 11.39839355, 0.27855620422, 0.9743173585, 3.8070247288, 9.4310233668, 0, 8.2730030114, 9.533587372, 4.4697319653, 0.20343068714, 1.2522180417, 0.28369339556, 17.6384013924, 40.8786009695, 29.6439895422, 21.4703558875, 42.2930153737, 37.2054789852, 11.8575462411, 20.8488015736, 18.6189341097, 50.037541695, 31.4085719993, 26.3673962969, 5.3928059397, 31.0038501868, 17.280612952, 20.1146218513, 2.0578423065, 0.47878681411, 1.1716212731, 0.27161854282, 322.4425764681, 20.4533386752, 40.1182712928, 6.1120808272],
      [9.6817520487, 9.2686349284, 0.036221400153, 0.57304414046, 1.5997090337, 3.4325533026, 2.3208125791, 4.7642407475, 4.0541854364, 2.1720801042, 0.11132949075, 0.49167186984, 0.25211803017, 9.3678137669, 17.9631484566, 9.9149601967, 10.1066247466, 15.7875896678, 19.7131924395, 6.5187887473, 7.8862072955, 9.4288052693, 21.221690379, 14.3327196759, 18.9831494635, 2.5175597129, 13.5548891594, 8.8719734457, 8.0458289544, 1.4587281356, 0.31763399447, 0.49621684019, 0.034285945513, 179.2838983066, 10.661437378, 24.3025971636, 3.1941850341],
      [6.0319745476, 4.4737309022, 0.27330421965, 0.62539355234, 1.3109099252, 3.0393335732, 0.60720753411, 2.3155484215, 2.6114489714, 0.82743212974, 0, 0.45465790143, 0.46418857427, 5.7588187406, 14.6685598156, 8.0902478953, 5.5295974403, 12.4231789743, 12.1515854313, 3.2149218187, 4.0708851349, 4.8965505866, 14.141835938, 7.2459936093, 10.3032448207, 1.3120195979, 8.7487717242, 4.5794183212, 5.3153724835, 1.0069713227, 0.18048437027, 0.48047588799, 0.088513551932, 100.5583000413, 6.1616214912, 15.096841189, 1.313527998]
    ],
    [
      [3.2812115809, 2.3698523907, 0.11351036699, 0.27871684525, 0.77896895177, 1.6066879174, 0.72605474837, 1.9196239538, 2.3972797663, 0.9396873114, 0, 0.25254893368, 0, 2.8901950252, 4.8328464539, 2.6235012987, 1.9928152619, 6.7507668827, 2.5105004813, 1.4587318895, 1.204386344, 2.7122285803, 2.8992838777, 2.5103314729, 2.7419637695, 1.7813352286, 2.4445855359, 2.9174333847, 2.4924774364, 0.27059793542, 0.33191109625, 0.29704539359, 0, 30.1793186841, 2.6830376379, 8.3172691147, 2.8653184152],
      [6.1665522575, 3.0136552642, 0.37838515529, 0.46914134224, 2.6346177114, 2.668046997, 1.3618861647, 3.2000552934, 5.3093147618, 1.0899188301, 0, 0.31721744639, 0, 5.0134476994, 8.3862820156, 4.3713221855, 4.0846882528, 9.6920427428, 3.8015930392, 2.4303494328, 3.0537198084, 3.1344623681, 5.6977948799, 3.2880326121, 3.7690390142, 3.2300468468, 3.8370558537, 3.5596049812, 3.5371807107, 0.22603417243, 0.53238558268, 0.23007348816, 0, 47.4497287598, 3.8316091403, 10.7458303783, 3.5799943246],
      [7.3121186671, 4.1071495116, 0.17616376539, 0.72760633005, 2.0631374456, 3.3656703027, 0.92457541489, 3.9647100424, 4.8160480411, 1.5379225396, 0, 0.61146159954, 0, 6.2453282907, 9.8794573853, 5.6798292918, 5.1864304722, 11.6257841189, 5.0096646993, 2.859328127, 4.6436361058, 4.5313178404, 7.5632085372, 4.950962552, 4.7648376414, 3.6782266293, 5.4374550236, 5.5922590363, 5.8381231527, 0.31068242675, 0.50816534677, 0.57852812324, 0, 61.6867208286, 5.7975328474, 14.2040328009, 7.3721032423],
      [2.2322392569, 1.4150178876, 0.020193636769, 0.22864352073, 0.52934191919, 0.73289533204, 0.40471026732, 1.2080232675, 1.2170787315, 0.40670706693, 0, 0.12988299336, 0, 1.7781307827, 2.5837701791, 1.2737498378, 1.3576241525, 2.830990729, 1.4193374413, 0.83694800726, 1.1139330922, 1.2482882739, 1.8665328051, 1.2564815736, 1.5208478203, 0.9503331786, 1.3882945574, 1.5320744916, 1.3222537379, 0.11527912437, 0.17826975922, 0.12940268185, 0, 18.0198139486, 1.6046345618, 4.476071999, 2.0969811081],
      [18.0078782376, 9.0943249459, 1.3117470756, 3.2958919617, 4.9939339721, 7.6266994508, 1.5827734047, 7.707587443, 9.2602786994, 2.025764252, 0, 1.688889027, 0, 14.072898202, 24.317643966, 11.0515973862, 9.3784418606, 24.1004155266, 11.2589043388, 5.4146425435, 6.9843246496, 8.3737029374, 14.9731799001, 7.9941917894, 11.2033117546, 6.3600581167, 10.8926090295, 10.3986281062, 10.8099649624, 1.077406341, 1.4492682151, 1.7649503132, 0, 131.6644177789, 12.0831858126, 36.256795707, 11.0856029099]
    ]
  ],
  "prob": [
    [0.0011068841734, 0.047385409121, 0.034529331421, 0.71744895315, 0.19952942214],
    [0.71396855462, 0.017721170769, 0.20394069755, 0.038131582173, 0.026237994893],
    [0.0086341514057, 0.15008568105, 0.7745908823, 0.0060269005097, 0.060662384739],
    [0.0076972600877, 0.052225196191, 0.006745644796, 0.9047512605, 0.028580638429],
    [0.0033326269071, 0.69446993941, 0.16604696376, 0.085242379455, 0.050908090461],
    [0.10531990309, 0.16558134159, 0.21548958444, 0.059964457843, 0.45364471303]
  ],
  "iterations": 208,
  "logLik": -480.8500406173,
  "time": 0.001069,
  "message": "Converged",
  "status": 0,
  "miniter": 0,
  "maxiter": 1000,
  "maxtime": 3600,
  "param_threshold": 0.001,
  "ll_threshold": "-Inf",
  "initial_prob": "random",
  "adjust_prob_cond_method": "project_lp",
  "adjust_prob_cond_every": false,
  "candidates_id": ["McLEAN, Ian Gordon.c", "MITCHELL, Clayton Robert Henry.c", "JONES, Rachel Anne.c", "BRIDGES, Simon Joseph.c", "Other candidates votes.c"],
  "group_id": ["Conservative.p", "Green Party.p", "Labour Party.p", "National Party.p", "New Zealand First Party.p", "Other parties votes.p"]
}
