{
  "Z_true": {},
  "V_true": [
    [24, 75, 1180, 79],
    [511, 123, 15197, 380],
    [773, 8439, 1692, 550],
    [43, 432, 492, 188],
    [531, 512, 915, 795]
  ],
  "p_true": [
    [0.0177, 0.0552, 0.8689, 0.0582],
    [0.0315, 0.0076, 0.9374, 0.0234],
    [0.0675, 0.7368, 0.1477, 0.048],
    [0.0372, 0.374, 0.426, 0.1628],
    [0.1929, 0.186, 0.3324, 0.2888]
  ],
  "Z_est": [
    [
      [0, 0, 0, 0, 0, 0, 0, 0, 0, 0, 0, 0, 0, 0, 0, 0, 0, 0, 0, 0, 0, 0, 0, 0, 0, 0, 0, 0, 0, 0, 0, 0, 0, 0, 0, 0, 0, 0, 0, 0],
      [10.4885, 4.6301, 5.8948, 1.9728, 2.8659, 6.6637, 3.6151, 6.0423, 3.6177, 28.5411, 7.1783, 2.4447, 9.8111, 1.9227, 5.2277, 8.888, 7.2254, 9.6499, 3.7652, 6.1196, 0.2257, 0.4414, 0, 10.9705, 5.2281, 10.9633, 12.5853, 3.5816, 1.7839, 5.8755, 14.7777, 9.5588, 2.6607, 5.2121, 23.8072, 2.8696, 22.9785, 4.8797, 31.5573, 8.9456],
      [36.3813, 21.2783, 14.0328, 3.7727, 8.0714, 21.0372, 3.1872, 17.7648, 11.2906, 116.2032, 13.3827, 6.4396, 28.7306, 4.9905, 11.4588, 25.6682, 22.3935, 28.7905, 15.1094, 26.5476, 0.7646, 1.5297, 0, 39.6822, 16.603, 43.2646, 35.1687, 12.3027, 8.1775, 23.8399, 50.7737, 24.2482, 12.238, 17.5467, 81.6043, 3.9326, 74.4331, 18.0094, 93.5938, 37.0366],
      [0.1302, 0.0917, 0.0724, 0.2544, 0.0627, 0.2991, 0.1978, 0.1929, 0.0917, 0.2557, 0.439, 0.1158, 0.4583, 0.0868, 0.3135, 0.4438, 0.3811, 0.5595, 0.1254, 0.3328, 0.0096, 0.0289, 0, 0.3473, 0.1688, 0.7722, 0.246, 0.1158, 0.0386, 0.2846, 0.4486, 0.1929, 0.1013, 0.2412, 0.5885, 0.1978, 0.5885, 0.1109, 0.849, 1.0177]
    ],
    [
      [1.6598, 0.5175, 1.4063, 0.3107, 0.5887, 2.3875, 1.6189, 0, 0, 4.219, 2.9026, 0, 13.7651, 5.0864, 8.9463, 23.0893, 13.6171, 7.3675, 6.0368, 8.8714, 0.3501, 0, 1.2271, 0, 1.6189, 0, 0, 0, 2.0427, 3.373, 0, 4.4958, 1.5455, 5.381, 6.5738, 0, 0, 0, 7.5083, 0],
      [4.7661, 0.5004, 2.3569, 0.5207, 0.5088, 2.0637, 3.528, 5.2844, 2.1951, 8.7267, 5.8079, 2.299, 3.3752, 0.7039, 2.1796, 2.9089, 2.1626, 3.0276, 11.7662, 14.7655, 0.0594, 0.1103, 4.4395, 5.7005, 2.9259, 3.9274, 8.5186, 4.9844, 6.4636, 2.4013, 18.6194, 6.3724, 0.2799, 1.3824, 11.8731, 5.2663, 23.9255, 5.719, 29.2129, 1.1364],
      [196.0387, 85.1976, 167.9394, 37.01, 70.167, 284.382, 190.7264, 283.9225, 153.7295, 501.6534, 342.1296, 408.2252, 877.9845, 134.9106, 480.7015, 1186.6183, 851.4512, 629.3959, 309.6816, 1045.2178, 15.5509, 39.5054, 42.2739, 490.8674, 191.4475, 389.0899, 517.4702, 184.1064, 131.9976, 316.3799, 566.6613, 320.3387, 173.5838, 342.903, 777.7994, 239.2819, 918.6556, 204.825, 1428.6259, 159.1542],
      [0.5353, 1.7846, 0.2974, 0.1586, 0.7355, 3.1668, 2.1267, 0.7931, 1.0754, 1.4009, 4.1598, 0.4758, 7.8752, 1.2991, 3.1726, 5.3835, 8.7691, 15.209, 0.5155, 16.1452, 0.0397, 0.3844, 0.0595, 12.4321, 2.0077, 4.9827, 1.0112, 6.9092, 1.4961, 10.8458, 5.7192, 0.7931, 1.5908, 3.3336, 7.7537, 2.4518, 2.4189, 0.456, 22.6529, 1.7094]
    ],
    [
      [27.8342, 9.4717, 19.8768, 4.9886, 5.3341, 22.5203, 16.3791, 19.6684, 12.9195, 68.4697, 55.4491, 11.4028, 94.2461, 20.3628, 66.8914, 98.719, 160.7739, 61.5184, 23.7909, 39.498, 4.375, 0.4952, 3.7404, 17.4928, 13.9511, 10.4693, 28.5012, 11.5024, 4.859, 22.7944, 36.5962, 55.7822, 9.1977, 41.5096, 104.6018, 1.9808, 93.0693, 8.0554, 97.7765, 12.73],
      [205.8058, 50.7628, 266.0673, 56.5704, 107.5792, 380.4616, 234.7714, 208.3776, 117.5875, 539.8202, 361.8991, 94.1285, 340.5691, 77.488, 238.4526, 312.6592, 230.8015, 326.9179, 59.3296, 69.9469, 5.0984, 11.9225, 12.6907, 220.6427, 164.6057, 173.9266, 230.4489, 96.0506, 13.6922, 104.948, 398.1569, 385.7443, 27.5441, 147.8458, 664.3639, 156.0468, 690.6758, 111.7582, 591.9017, 117.9477],
      [18.1817, 7.9718, 33.8457, 4.7956, 9.6846, 28.2852, 37.9216, 28.7895, 22.0636, 76.4342, 42.525, 16.0344, 59.5465, 12.014, 37.1325, 47.4613, 54.1929, 38.4557, 6.7819, 14.3958, 1.3652, 9.3344, 1.3269, 25.331, 22.759, 34.6416, 20.9354, 12.2737, 1.548, 11.1312, 39.8111, 26.2464, 12.5567, 34.6577, 74.93, 18.3789, 83.5121, 10.0632, 56.7615, 19.8767],
      [2.1783, 2.7937, 1.2102, 0.6454, 2.4021, 8.7329, 8.9279, 6.1645, 3.4294, 4.2759, 31.1268, 3.4343, 14.6383, 4.1352, 9.5234, 13.1605, 12.2317, 16.108, 2.0976, 7.1593, 0.1614, 1.2479, 0.242, 11.5335, 6.6841, 5.9625, 4.1145, 4.1732, 0.9007, 12.1264, 13.4357, 3.2271, 3.7015, 10.9869, 20.1042, 14.5935, 13.7428, 2.1232, 23.5603, 7.4455]
    ],
    [
      [3.7388, 1.4473, 2.2915, 0.3618, 0.603, 5.3067, 3.0152, 2.8946, 1.5679, 3.8594, 4.1006, 2.1709, 5.0655, 1.5679, 7.2364, 6.3922, 3.6182, 8.8043, 1.9297, 3.1358, 0.1206, 0.3042, 0.3618, 3.6182, 2.6534, 1.9297, 6.151, 0.603, 0.603, 2.1709, 9.1661, 5.3067, 1.6885, 2.4121, 7.8395, 0, 10.8546, 2.5327, 10.0104, 1.4473],
      [0.5246, 0.1323, 0.621, 0, 0, 0.9079, 0.5627, 0.5156, 0.287, 1.3429, 0, 0.2331, 0.6244, 0.1861, 0.5761, 0.7689, 0, 0.8003, 0.1816, 0, 0.0157, 0.0291, 0.0404, 0, 0.4035, 0, 1.6063, 0, 0.0516, 0, 1.0088, 0.9528, 0.074, 0, 1.6365, 0, 1.7284, 2.2153, 1.5379, 0],
      [13.3986, 3.4239, 8.2447, 0.4078, 0.6797, 13.7757, 6.5421, 6.1677, 3.9052, 7.6398, 4.622, 6.0663, 5.7095, 4.2205, 23.6391, 13.2037, 4.0782, 20.7436, 4.417, 3.5345, 0.1913, 2.919, 1.224, 4.0782, 6.0804, 2.1751, 19.8882, 0.6797, 1.4123, 2.4469, 27.376, 18.4494, 4.3251, 2.7188, 13.533, 0, 29.3396, 6.2064, 13.4967, 1.6313],
      [13.338, 6.9966, 7.8428, 2.2304, 3.7173, 24.0097, 14.88, 14.4221, 7.24, 19.1579, 25.2774, 9.5297, 30.6006, 7.0255, 28.5483, 32.6352, 22.3036, 42.6517, 9.4717, 19.3298, 0.6724, 2.7476, 1.3738, 22.3036, 12.8628, 11.8952, 23.3546, 3.7173, 2.9331, 13.3821, 38.449, 19.2911, 7.9124, 14.869, 41.991, 0, 48.0773, 10.0455, 57.9551, 8.9214]
    ],
    [
      [3.7671, 1.5635, 1.4253, 1.3389, 1.4742, 5.7855, 2.9868, 4.437, 1.5126, 7.4518, 5.5476, 2.4263, 9.9233, 0.9829, 4.9258, 9.7996, 8.9907, 8.3098, 4.2426, 5.4948, 1.1543, 0.2006, 0.6707, 4.889, 2.7766, 3.601, 5.3478, 1.8946, 0.4953, 4.6616, 7.2376, 6.4152, 1.5683, 4.6972, 11.9849, 2.0192, 14.0761, 2.4119, 15.7048, 2.8227],
      [12.4149, 2.9745, 2.06, 2.9361, 4.0461, 14.9031, 8.5228, 9.7801, 4.3127, 20.5691, 14.1147, 4.8947, 18.6202, 2.6994, 10.564, 17.7749, 14.8105, 16.6042, 5.9575, 8.168, 1.6008, 0.4967, 0.8294, 10.6863, 6.8367, 8.1827, 11.8409, 4.3834, 1.0087, 7.7752, 17.4371, 22.3718, 2.4414, 8.5597, 28.3192, 12.8173, 31.6919, 5.4278, 31.7903, 5.9702],
      [27.9997, 11.1285, 10.9374, 11.0138, 10.3973, 39.5199, 17.6227, 33.3555, 9.0112, 52.0694, 30.3406, 18.2346, 73.0288, 3.8643, 30.0681, 72.0485, 64.8841, 54.6142, 32.0101, 40.3043, 4.128, 0.7115, 3.1751, 32.0412, 18.1101, 25.8288, 39.5375, 12.6375, 2.8645, 34.2022, 47.3779, 47.7172, 11.2964, 34.1738, 82.1333, 37.4066, 104.0596, 17.896, 112.5221, 20.3012],
      [10.8182, 7.3335, 5.5773, 4.7112, 6.0824, 25.7915, 14.8677, 18.4274, 7.1636, 27.9097, 29.9971, 10.4445, 41.4276, 5.4534, 23.4422, 40.3771, 35.3146, 41.4717, 13.7898, 26.0329, 1.1169, 1.5911, 1.3247, 25.3835, 13.2765, 16.3874, 22.2737, 9.0845, 2.6315, 22.361, 34.9474, 16.4958, 7.6939, 20.5693, 51.5627, 23.7569, 57.1725, 10.2643, 70.9828, 12.906]
    ]
  ],
  "V_est": [
    [0, 315.467, 1031.2803, 11.2528],
    [136.5074, 222.7653, 15687.6005, 164.1268],
    [1419.5954, 8606.0077, 1113.9547, 314.4423],
    [138.8818, 19.5648, 312.5911, 683.9623],
    [187.0154, 417.1952, 1330.5736, 818.2158]
  ],
  "p_est": [
    [0, 0.2323, 0.7594, 0.0083],
    [0.0084, 0.0137, 0.9677, 0.0101],
    [0.1239, 0.7514, 0.0973, 0.0275],
    [0.1202, 0.0169, 0.2706, 0.5922],
    [0.0679, 0.1515, 0.4833, 0.2972]
  ],
  "EI_Z": {},
  "EI_V": 8.1233,
  "MAE_Z": {},
  "MAE_V": 267.5069,
  "MAE_p": 0.0956,
  "runtime": 0.928
}
