{
  "X": [
    [2, 4, 16, 0],
    [90, 506, 219, 33],
    [3, 67, 68, 6],
    [4, 11, 19, 1],
    [2, 11, 12, 3],
    [42, 174, 183, 21],
    [84, 498, 278, 25],
    [24, 78, 73, 9],
    [11, 33, 56, 0],
    [25, 143, 217, 14],
    [13, 48, 82, 6],
    [3, 35, 23, 1],
    [3, 7, 26, 1],
    [2, 14, 10, 1],
    [29, 204, 97, 17],
    [31, 219, 89, 21],
    [22, 184, 80, 19],
    [25, 147, 50, 18],
    [14, 116, 45, 15],
    [8, 47, 22, 4],
    [19, 103, 139, 16],
    [25, 210, 253, 15],
    [69, 289, 299, 35],
    [34, 207, 253, 23],
    [24, 97, 297, 14],
    [5, 34, 106, 2],
    [1, 6, 3, 5],
    [17, 168, 142, 27],
    [29, 166, 280, 16],
    [96, 260, 678, 20],
    [16, 72, 123, 10],
    [27, 155, 227, 30],
    [23, 144, 140, 14],
    [3, 8, 12, 1],
    [76, 387, 196, 54],
    [21, 59, 54, 7],
    [3, 9, 28, 2],
    [43, 259, 158, 21],
    [29, 228, 162, 22],
    [45, 327, 148, 29],
    [34, 247, 226, 26],
    [32, 243, 101, 29],
    [33, 194, 189, 14],
    [63, 445, 355, 41],
    [69, 341, 499, 34],
    [41, 276, 271, 16],
    [56, 193, 196, 10],
    [26, 127, 248, 9],
    [74, 451, 576, 45],
    [36, 89, 190, 14],
    [10, 51, 37, 5],
    [4, 34, 13, 4],
    [4, 25, 21, 2],
    [138, 819, 1015, 96],
    [51, 494, 372, 42],
    [48, 345, 561, 35],
    [22, 139, 64, 12],
    [3, 13, 24, 0],
    [0, 3, 6, 3],
    [26, 155, 188, 15],
    [64, 306, 269, 32],
    [387, 1163, 1135, 148],
    [58, 130, 145, 9]
  ],
  "W": [
    [3, 2, 16, 0, 1],
    [146, 337, 275, 49, 41],
    [12, 40, 75, 11, 6],
    [6, 6, 17, 2, 4],
    [1, 8, 16, 2, 1],
    [85, 118, 175, 16, 26],
    [202, 279, 319, 37, 48],
    [41, 48, 79, 4, 12],
    [24, 15, 53, 5, 3],
    [81, 84, 200, 18, 16],
    [33, 25, 81, 7, 3],
    [6, 26, 20, 7, 3],
    [4, 3, 28, 0, 2],
    [2, 10, 13, 1, 1],
    [62, 126, 108, 28, 23],
    [48, 175, 99, 13, 25],
    [39, 140, 83, 19, 24],
    [49, 109, 48, 14, 20],
    [22, 88, 51, 13, 16],
    [12, 35, 18, 10, 6],
    [35, 72, 139, 9, 22],
    [67, 121, 276, 21, 18],
    [94, 215, 305, 40, 38],
    [87, 115, 261, 25, 29],
    [60, 53, 289, 14, 16],
    [17, 15, 109, 2, 4],
    [2, 4, 3, 5, 1],
    [30, 124, 159, 23, 18],
    [51, 110, 284, 28, 18],
    [148, 156, 682, 23, 45],
    [27, 43, 126, 11, 14],
    [49, 110, 230, 18, 32],
    [37, 110, 147, 18, 9],
    [9, 4, 10, 0, 1],
    [112, 291, 201, 55, 54],
    [24, 51, 56, 5, 5],
    [5, 9, 28, 0, 0],
    [97, 158, 171, 36, 19],
    [69, 135, 183, 31, 23],
    [115, 190, 157, 53, 34],
    [55, 168, 247, 30, 33],
    [46, 199, 115, 21, 24],
    [73, 116, 198, 23, 20],
    [137, 313, 362, 40, 52],
    [165, 194, 488, 39, 57],
    [113, 162, 267, 28, 34],
    [101, 110, 188, 24, 32],
    [47, 88, 224, 23, 28],
    [248, 243, 561, 32, 62],
    [57, 52, 186, 18, 16],
    [15, 38, 38, 4, 8],
    [6, 25, 14, 6, 4],
    [9, 15, 24, 2, 2],
    [257, 582, 1003, 109, 117],
    [170, 302, 368, 64, 55],
    [107, 242, 535, 60, 45],
    [36, 94, 69, 21, 17],
    [3, 8, 27, 2, 0],
    [1, 3, 5, 1, 2],
    [61, 113, 186, 9, 15],
    [98, 232, 264, 40, 37],
    [520, 862, 1197, 92, 162],
    [106, 65, 146, 5, 20]
  ],
  "method": "mvn_pdf",
  "cond_prob": [
    [
      [0.35567034427, 0.41445815255, 0.22987150318, 0],
      [0.10951511041, 0.85835807478, 0.032126814812, 0],
      [0.033977814105, 0.036392906541, 0.92962927935, 0],
      [0.0029623386115, 0.91569764647, 0.070518892922, 0.010821121999],
      [0.17031372068, 0.45762288815, 0.37206339116, 0]
    ],
    [
      [0.29514466989, 0.62653669421, 0.072868645125, 0.005449990779],
      [0.07357113386, 0.85996257016, 0.01054287391, 0.05592342207],
      [0.060412604575, 0.20715886846, 0.72703042032, 0.0053981066514],
      [0.0023837292811, 0.88516879564, 0.016756991527, 0.095690483555],
      [0.13134480713, 0.59454382171, 0.098872466642, 0.17523890452]
    ],
    [
      [0.13461772959, 0.70951947919, 0.14756240326, 0.0083003879629],
      [0.023238013423, 0.88935411929, 0.017091791279, 0.070316076009],
      [0.0020075677756, 0.13326434286, 0.85581560863, 0.008912480734],
      [0, 0.86100106244, 0.029218575564, 0.109780362],
      [0.050749854145, 0.57429401287, 0.17300075515, 0.20195537784]
    ],
    [
      [0.35726712859, 0.39854321206, 0.238627678, 0.0055619813451],
      [0.11558850111, 0.80451341397, 0.034506556512, 0.045391528409],
      [0.031246148172, 0.029812633653, 0.93072923759, 0.0082119805841],
      [0.0045026716797, 0.84508085262, 0.074650908804, 0.075765566894],
      [0.15566908987, 0.39617094162, 0.34737393407, 0.10078603444]
    ],
    [
      [0.30718726583, 0.6096016817, 0.058806912245, 0.024404140229],
      [0.090957860892, 0.70367057094, 0.0078427239819, 0.19752884419],
      [0.056264682338, 0.20489399495, 0.73884132272, 0],
      [0.0036921984976, 0.59917639122, 0.0095154675951, 0.38761594268],
      [0.057530532639, 0.28437704919, 0.037959197259, 0.62013322091]
    ],
    [
      [0.28938495172, 0.50593789273, 0.19596225695, 0.0087148986005],
      [0.081902409515, 0.79902551403, 0.024664655712, 0.09440742074],
      [0.027117930683, 0.074177727008, 0.89401047817, 0.0046938641419],
      [0.0024911392997, 0.79417659524, 0.04950710668, 0.15382515878],
      [0.11354994934, 0.42393618123, 0.23803197688, 0.22448189255]
    ],
    [
      [0.24211378625, 0.65847260222, 0.095798772848, 0.0036148386847],
      [0.059535045064, 0.88098185862, 0.01211088007, 0.047372216243],
      [0.04182363165, 0.17766285699, 0.778593249, 0.0019202623593],
      [0.0019928245606, 0.89463002026, 0.020977220594, 0.082399934588],
      [0.10556801251, 0.61289236802, 0.12754809903, 0.15399152045]
    ],
    [
      [0.34872208733, 0.52319184585, 0.11854809711, 0.0095379697223],
      [0.092717465878, 0.80050446748, 0.014177784553, 0.092600282094],
      [0.044515963586, 0.11798830936, 0.82926946378, 0.0082262632653],
      [0.0027108329552, 0.81375132735, 0.029654232188, 0.15388360751],
      [0.14369596687, 0.46240317769, 0.15234081603, 0.24156003941]
    ],
    [
      [0.31021474575, 0.4629274832, 0.22685777104, 0],
      [0.12105984132, 0.8459316224, 0.033008536273, 0],
      [0.017031114949, 0.063682018157, 0.91928686689, 0],
      [0.044498142796, 0.88680124851, 0.068700608692, 0],
      [0.20460289191, 0.46387095407, 0.33152615402, 0]
    ],
    [
      [0.20705503083, 0.51234333042, 0.27262177246, 0.0079798662862],
      [0.058053066067, 0.82221036578, 0.035654612447, 0.084081955705],
      [0.010339394261, 0.057379600039, 0.92798814941, 0.0042928562884],
      [0.0013814538636, 0.79686420413, 0.068249163972, 0.13350517804],
      [0.078708745708, 0.41344023927, 0.31853338444, 0.18931763058]
    ],
    [
      [0.26931513854, 0.50630089422, 0.21330983872, 0.011074128521],
      [0.073271886269, 0.78093975233, 0.025811537645, 0.11997682375],
      [0.024418892957, 0.06575881653, 0.90431277068, 0.005509519835],
      [0.0022974852926, 0.75371984334, 0.05054768601, 0.19343498536],
      [0.095596848285, 0.38869121337, 0.2374395514, 0.27827238695]
    ],
    [
      [0.18397032196, 0.53360064855, 0.28230706999, 0.0001219595021],
      [0.060625996241, 0.88848926717, 0.03563559777, 0.015249138813],
      [0.0039026911745, 0.057464184824, 0.938633124, 0],
      [0.0021365720829, 0.87520635608, 0.071011066349, 0.051646005489],
      [0.075630779303, 0.47398232437, 0.36996403118, 0.08042286514]
    ],
    [
      [0.348635725, 0.47179355393, 0.17288373585, 0.006686985218],
      [0.093649183369, 0.82032651666, 0.02120167437, 0.064822625596],
      [0.037346878409, 0.063341094731, 0.88476860415, 0.014543422714],
      [0.0027153222749, 0.83643942246, 0.046850650718, 0.11399460455],
      [0.13939847721, 0.43914779092, 0.23566955869, 0.18578417318]
    ],
    [
      [0.24638433054, 0.68725738743, 0.059737471761, 0.0066208102605],
      [0.062840596995, 0.88012082267, 0.0047941213539, 0.052244458983],
      [0.059555269889, 0.1730655224, 0.74906081066, 0.018318397052],
      [0.0028101768378, 0.91353842883, 0.012185357267, 0.071466037067],
      [0.10179668356, 0.66088677846, 0.082607947064, 0.15470859091]
    ],
    [
      [0.24249428926, 0.64798346675, 0.10206099876, 0.0074612452298],
      [0.05910230814, 0.86377594306, 0.010856339423, 0.066265409378],
      [0.038398560638, 0.16181124446, 0.79328068599, 0.0065095089154],
      [0.0020899725522, 0.86823383065, 0.022024908527, 0.10765128827],
      [0.10056084608, 0.5740475903, 0.1310133819, 0.19437818172]
    ],
    [
      [0.2641867808, 0.62554786579, 0.1022414146, 0.0080239388122],
      [0.06568719178, 0.8493779588, 0.010280937578, 0.074653911841],
      [0.04120177502, 0.15642336792, 0.79537297806, 0.0070018790035],
      [0.0020422145452, 0.85498376494, 0.022508183145, 0.12046583737],
      [0.10873005777, 0.54927429135, 0.13034867258, 0.21164697831]
    ],
    [
      [0.23573328332, 0.62965035773, 0.12631986977, 0.0082964891805],
      [0.057067883661, 0.85288294508, 0.013363991703, 0.076685179557],
      [0.030388474891, 0.13278734767, 0.83045026767, 0.0063739097666],
      [0.0017104895275, 0.84852435565, 0.027373234594, 0.12239192022],
      [0.094256480047, 0.53736296346, 0.15646260695, 0.21191794955]
    ],
    [
      [0.27430973678, 0.59593885319, 0.11986070375, 0.0098907062794],
      [0.069676862377, 0.82642656773, 0.011144913822, 0.092751656067],
      [0.03724670316, 0.1303294028, 0.82541132438, 0.0070125696651],
      [0.0022923826749, 0.82156581524, 0.026490398796, 0.14965140329],
      [0.10720548948, 0.49803837815, 0.14607103782, 0.24868509455]
    ],
    [
      [0.24413969964, 0.6490588686, 0.096401437618, 0.010399994141],
      [0.058117164839, 0.84062400329, 0.0080454511647, 0.093213380703],
      [0.039097329822, 0.16566608506, 0.78590004408, 0.0093365410351],
      [0.0019697955852, 0.83034781547, 0.019623321313, 0.14805906763],
      [0.093440308655, 0.53139379137, 0.11469770278, 0.26046819719]
    ],
    [
      [0.29701319036, 0.49154856903, 0.20596223619, 0.0054760044246],
      [0.090763221038, 0.82383526804, 0.026485465482, 0.058916045436],
      [0.025693039792, 0.060956774244, 0.91028146474, 0.0030687212204],
      [0.0041071448346, 0.84450564568, 0.055072315047, 0.096314894435],
      [0.12593046913, 0.4541507328, 0.27761205968, 0.14230673839]
    ],
    [
      [0.25354904914, 0.53346652535, 0.20293276657, 0.010051658939],
      [0.067751095509, 0.79945425358, 0.024234039006, 0.1085606119],
      [0.022904396621, 0.076143621764, 0.8967473004, 0.0042046812109],
      [0.0020011255228, 0.77607962221, 0.047424731074, 0.17449452119],
      [0.092999233798, 0.41814933316, 0.23080931935, 0.25804211369]
    ],
    [
      [0.19472438035, 0.64587411439, 0.15256623712, 0.0068352681357],
      [0.045503844624, 0.87251925668, 0.017496259276, 0.064480639424],
      [0.018179800086, 0.12008374492, 0.85717895764, 0.0045574973554],
      [0.0011026128654, 0.8614848279, 0.032912444249, 0.10450011499],
      [0.078151201281, 0.55096162744, 0.18824783907, 0.18263933221]
    ],
    [
      [0.34147419044, 0.48140144979, 0.16941030389, 0.007714055887],
      [0.098724235563, 0.79063841983, 0.022791175545, 0.087846169065],
      [0.03329701708, 0.083002960665, 0.87887956253, 0.0048204597201],
      [0.0027628418501, 0.80493968305, 0.045788856116, 0.14650861898],
      [0.14235819919, 0.42756613506, 0.21803968091, 0.21203598484]
    ],
    [
      [0.22517709624, 0.59065370094, 0.17494763679, 0.0092215660352],
      [0.056097976287, 0.83355019778, 0.019881903672, 0.090469922256],
      [0.020854531894, 0.097940955011, 0.87577275761, 0.0054317554896],
      [0.0014948109557, 0.81428452801, 0.038947245752, 0.14527341528],
      [0.085445595023, 0.47707423501, 0.20492295857, 0.2325572114]
    ],
    [
      [0.24141949556, 0.46251271845, 0.28647760502, 0.0095901809661],
      [0.071663352625, 0.774925916, 0.039629799232, 0.11378093215],
      [0.014860483518, 0.041711704691, 0.9397265739, 0.0037012378955],
      [0.0020059940948, 0.7437326001, 0.073899318309, 0.1803620875],
      [0.087119307706, 0.35695151801, 0.3184621267, 0.23746704759]
    ],
    [
      [0.18228213228, 0.57109946619, 0.2415105773, 0.0051078242359],
      [0.048087458007, 0.86937403955, 0.029436028431, 0.053102474013],
      [0.0081250475202, 0.069594306908, 0.91868904095, 0.0035916046232],
      [0.0013265280356, 0.85468411337, 0.057520887375, 0.086468471224],
      [0.072902161351, 0.48888770047, 0.30015813033, 0.13805200785]
    ],
    [
      [0.23852290978, 0.61982524535, 0.11078480283, 0.030867042038],
      [0.046787422646, 0.46850880505, 0.019119933121, 0.46558383918],
      [0, 0.14369910488, 0.85630089512, 0],
      [0.064204757691, 0.47124637413, 0.023613122847, 0.44093574533],
      [0.014780701403, 0.098985103836, 0.014982362241, 0.87125183252]
    ],
    [
      [0.20926049194, 0.64328953816, 0.1342344081, 0.013215561805],
      [0.045523925513, 0.8143221097, 0.014999055146, 0.12515490964],
      [0.023876130648, 0.13694462306, 0.83659104456, 0.0025882017332],
      [0.0010589289654, 0.76942208841, 0.026103619115, 0.20341536351],
      [0.069808796614, 0.45858161962, 0.13859586632, 0.33301371744]
    ],
    [
      [0.25649805097, 0.51130091013, 0.22564791079, 0.0065531281083],
      [0.073551693535, 0.82300814598, 0.029603156301, 0.073837004182],
      [0.020801762486, 0.065332588542, 0.91038174169, 0.003483907283],
      [0.0021974437239, 0.81894167446, 0.058279264412, 0.1205816174],
      [0.10326023008, 0.43932974969, 0.28085418407, 0.17655583616]
    ],
    [
      [0.34951498634, 0.42497465643, 0.22097697087, 0.0045333863597],
      [0.11554498969, 0.78840815339, 0.034023528983, 0.062023327942],
      [0.028135485175, 0.054464256283, 0.91621101552, 0.0011892430206],
      [0.0035527317139, 0.82119334394, 0.068683889776, 0.10657003457],
      [0.15503666472, 0.40177798275, 0.3011576831, 0.14202766944]
    ],
    [
      [0.28313110345, 0.51082955178, 0.19718753504, 0.0088518097257],
      [0.078771954696, 0.80130336148, 0.024279051895, 0.095645631928],
      [0.027055248125, 0.07219677317, 0.89499378199, 0.0057541967165],
      [0.002471998916, 0.79281376335, 0.04895654265, 0.15575769508],
      [0.10943663593, 0.42384376727, 0.23744277306, 0.22927682373]
    ],
    [
      [0.24861272417, 0.53316774246, 0.20595093852, 0.012268594846],
      [0.06793454295, 0.77068443556, 0.024678504672, 0.13670251682],
      [0.020194384876, 0.081772507113, 0.89803310801, 0],
      [0.0018407417184, 0.72754892824, 0.045435658764, 0.22517467128],
      [0.083354216219, 0.3811229801, 0.21338474369, 0.32213805999]
    ],
    [
      [0.26815376668, 0.55279424403, 0.17132553549, 0.0077264537997],
      [0.072158747509, 0.82836194769, 0.019792830741, 0.079686474064],
      [0.028099539491, 0.090208889889, 0.87632117018, 0.0053704004383],
      [0.0022632302494, 0.82717733274, 0.041134878458, 0.12942455855],
      [0.10771977303, 0.47521110247, 0.21378933072, 0.20327979378]
    ],
    [
      [0.26365622226, 0.462200998, 0.25093353324, 0.023209246491],
      [0.073919752132, 0.8078764877, 0.029118282902, 0.089085477269],
      [0.023975371227, 0.022583649327, 0.93261646171, 0.02082451774],
      [0.001986679661, 0.79079983048, 0.062328928185, 0.14488456168],
      [0.091661278822, 0.38284857391, 0.29896045216, 0.22652969511]
    ],
    [
      [0.32173769602, 0.54257466533, 0.12660365453, 0.0090839841168],
      [0.084308847207, 0.80209225538, 0.014497893215, 0.099101004198],
      [0.041760823241, 0.11904748728, 0.83353383819, 0.0056578512866],
      [0.0024236198201, 0.80206841227, 0.030229868334, 0.16527809958],
      [0.12785701754, 0.4588978435, 0.15552888022, 0.25771625874]
    ],
    [
      [0.45576955131, 0.40103332493, 0.13493227176, 0.0082648520012],
      [0.13451548495, 0.75264328159, 0.023934502211, 0.088906731249],
      [0.038164913418, 0.089484208921, 0.86373536822, 0.008615509441],
      [0.0031902686261, 0.8019457441, 0.043076593439, 0.15178739384],
      [0.20961090835, 0.39390968409, 0.19128045548, 0.20519895208]
    ],
    [
      [0.29982286167, 0.41375101784, 0.27176698457, 0.014659135918],
      [0.081620604218, 0.6817379423, 0.034130512315, 0.20251094117],
      [0.027367866203, 0.028414408218, 0.94049965951, 0.0037180660674],
      [0.0020005162454, 0.60322436461, 0.059190740885, 0.33558437825],
      [0.07727188423, 0.24880132775, 0.23327674723, 0.44065004078]
    ],
    [
      [0.25519099242, 0.61741848013, 0.11972116481, 0.0076693626365],
      [0.063686405365, 0.85179129084, 0.013402252627, 0.071120051172],
      [0.035764146162, 0.13712340272, 0.82115072888, 0.00596172224],
      [0.0021028529698, 0.85497308638, 0.026744245053, 0.1161798156],
      [0.10487631511, 0.54211844738, 0.15210124412, 0.20090399339]
    ],
    [
      [0.21564061949, 0.66116702485, 0.11409044775, 0.0091019079117],
      [0.049425610748, 0.85712907778, 0.013822362626, 0.079622948848],
      [0.029871469719, 0.15145975101, 0.81078351617, 0.0078852630993],
      [0.0013443676988, 0.8471559903, 0.023827284806, 0.12767235719],
      [0.084355889005, 0.55165563697, 0.13694395057, 0.22704452346]
    ],
    [
      [0.22886939902, 0.65048782345, 0.11233947882, 0.0083032987136],
      [0.054248481915, 0.86165623703, 0.011697690978, 0.072397590076],
      [0.032757476915, 0.15282631934, 0.80780039214, 0.0066158115973],
      [0.0016321532146, 0.85765172462, 0.023879765198, 0.11683635696],
      [0.092452339791, 0.55970416841, 0.14023851552, 0.20760497628]
    ],
    [
      [0.24299033369, 0.60835865386, 0.14054769704, 0.0081033154132],
      [0.060383633957, 0.84511579868, 0.015912843232, 0.078587724127],
      [0.029322510275, 0.11876429895, 0.8459506364, 0.0059625543746],
      [0.0018099022026, 0.83948570173, 0.031326729313, 0.12737766675],
      [0.096791637532, 0.51640808991, 0.1729366645, 0.21386360805]
    ],
    [
      [0.26269364465, 0.6268697297, 0.100634194, 0.0098024316509],
      [0.063658544515, 0.83398836019, 0.010245273906, 0.092107821387],
      [0.041326447222, 0.15941892874, 0.79107862972, 0.0081759943171],
      [0.00198383297, 0.82752217034, 0.021403070309, 0.14909092638],
      [0.10224333603, 0.52038193223, 0.12118794476, 0.25618678698]
    ],
    [
      [0.24673833387, 0.59157362677, 0.15573517674, 0.005952862622],
      [0.063913591497, 0.85642300095, 0.018012695284, 0.061650712271],
      [0.027635933035, 0.10698841465, 0.86205285569, 0.0033227966226],
      [0.0019663854891, 0.85954564764, 0.036482328961, 0.10200563791],
      [0.10284917033, 0.52584005697, 0.20081502261, 0.1704957501]
    ],
    [
      [0.23093424332, 0.59646348875, 0.16511700159, 0.0074852663384],
      [0.057856037219, 0.84868906779, 0.019168756139, 0.074286138855],
      [0.023179770711, 0.10410158922, 0.8682381562, 0.0044804838678],
      [0.0016059218859, 0.84033101667, 0.037626679084, 0.12043638236],
      [0.092264521968, 0.50666938191, 0.20330520005, 0.19776089606]
    ],
    [
      [0.24526281868, 0.53113336403, 0.21634270006, 0.0072611172346],
      [0.068029014987, 0.82634799564, 0.027212176394, 0.078410812978],
      [0.019903045999, 0.073051109756, 0.90338565416, 0.0036601900876],
      [0.0019578265521, 0.81698521667, 0.053780947881, 0.1272760089],
      [0.097280075925, 0.44807225912, 0.26446729954, 0.19018036542]
    ],
    [
      [0.21444435774, 0.5936526089, 0.18798411244, 0.0039189209221],
      [0.05543493881, 0.87091112285, 0.022738954374, 0.050914983961],
      [0.017616554214, 0.096163966942, 0.88621947884, 0],
      [0.0014250485622, 0.86730342547, 0.044457130369, 0.086814395603],
      [0.089523710387, 0.52556994722, 0.24143188777, 0.14347445462]
    ],
    [
      [0.33509757507, 0.48850997592, 0.17545255973, 0.00093988927515],
      [0.10684491265, 0.83069206123, 0.024722265551, 0.037740760567],
      [0.028698300009, 0.086251669788, 0.8850500302, 0],
      [0.0029690818434, 0.86672079301, 0.050411748294, 0.079898376849],
      [0.15423956749, 0.47711727324, 0.24876733187, 0.11987582739]
    ],
    [
      [0.25063930302, 0.41550737514, 0.33084770386, 0.0030056179777],
      [0.093866026371, 0.80778423007, 0.054067824664, 0.044281918895],
      [0.013361510194, 0.033618046552, 0.95302044325, 0],
      [0.0027460433052, 0.80782257706, 0.10345598543, 0.085975394206],
      [0.10370018421, 0.36699212223, 0.42271865693, 0.10658903663]
    ],
    [
      [0.20215001568, 0.58238863854, 0.20645537281, 0.0090059729702],
      [0.050197852355, 0.83554473994, 0.024415917586, 0.089841490123],
      [0.012323697087, 0.087210521743, 0.89596021397, 0.0045055671964],
      [0.0012036165722, 0.80921658625, 0.046450560992, 0.14312923618],
      [0.076074325696, 0.46306794162, 0.23783712222, 0.22302061046]
    ],
    [
      [0.37824493999, 0.39658017239, 0.21663865993, 0.0085362276889],
      [0.12323707138, 0.73449159342, 0.033476229731, 0.10879510547],
      [0.029657045862, 0.049530381438, 0.91614366915, 0.0046689035458],
      [0.00355042494, 0.74820077815, 0.065461285206, 0.1827875117],
      [0.15322453309, 0.34506889761, 0.2706129276, 0.23109364171]
    ],
    [
      [0.29985622905, 0.5503797167, 0.14216645305, 0.0075976011905],
      [0.081727702055, 0.83252545912, 0.01521904355, 0.070527795276],
      [0.036272845356, 0.097468556897, 0.85903228062, 0.0072263171255],
      [0.0026915945275, 0.84960557207, 0.034709795616, 0.11299303778],
      [0.12592117306, 0.50076366907, 0.1883892129, 0.18492594497]
    ],
    [
      [0.24749347762, 0.63702388671, 0.10530516902, 0.010177466649],
      [0.064077626826, 0.84376042482, 0.0072287179572, 0.084933230395],
      [0.036001048048, 0.12923701689, 0.82385564879, 0.010906286271],
      [0.0036378333203, 0.84872226019, 0.021249630198, 0.12639027629],
      [0.096814197759, 0.54554856537, 0.13149354319, 0.22614369368]
    ],
    [
      [0.22941327323, 0.65542285796, 0.1052743381, 0.0098895307214],
      [0.055966861718, 0.86951697612, 0.0087777527649, 0.065738409393],
      [0.037841116947, 0.13110067633, 0.81687151276, 0.014186693965],
      [0.0021601277531, 0.8753426901, 0.021919214222, 0.10057796793],
      [0.091635276482, 0.5806690122, 0.13605496553, 0.19164074579]
    ],
    [
      [0.251965112, 0.52289357024, 0.21722535536, 0.0079159624027],
      [0.070127344501, 0.81509423947, 0.027683564018, 0.087094852007],
      [0.020644574608, 0.071734032478, 0.90391834679, 0.0037030461195],
      [0.0020144135999, 0.80309693812, 0.054031188864, 0.14085745941],
      [0.098331387202, 0.43371542089, 0.26104058113, 0.20691261077]
    ],
    [
      [0.18239112983, 0.63517036626, 0.17493842553, 0.0075000783898],
      [0.039388695894, 0.86887798507, 0.021063697949, 0.070669621087],
      [0.011300228555, 0.10955740738, 0.87477191677, 0.004370447295],
      [4.1736079979e-05, 0.84864793503, 0.038064631372, 0.11324569752],
      [0.071581210043, 0.5270780452, 0.20994598367, 0.19139476108]
    ],
    [
      [0.21566501836, 0.49203439999, 0.28589271073, 0.0064078709217],
      [0.063066231142, 0.82123932573, 0.040593710098, 0.075100733028],
      [0.010833883807, 0.050701310978, 0.93578349569, 0.0026813095248],
      [0.0015033151711, 0.80253951039, 0.075614332676, 0.12034284177],
      [0.083899741158, 0.40744067505, 0.34232826564, 0.16633131815]
    ],
    [
      [0.28194862003, 0.60185347252, 0.1095141782, 0.0066837292527],
      [0.072895576744, 0.8515011453, 0.011411662464, 0.064191615491],
      [0.041958964095, 0.14122334314, 0.81132632783, 0.0054913649374],
      [0.0026688384779, 0.86635409018, 0.025193130289, 0.10578394106],
      [0.12037949026, 0.55025416241, 0.14554240922, 0.18382393811]
    ],
    [
      [0.34620313806, 0.51235002522, 0.14144683672, 0],
      [0.10789744122, 0.87748526303, 0.014617295749, 0],
      [0.038342057074, 0.095628136718, 0.86602980621, 0],
      [0.031487757515, 0.93055406437, 0.037958178113, 0],
      [0.16282270921, 0.56212631119, 0.22836246081, 0.046688518791]
    ],
    [
      [0, 0.49541903463, 0.45382349973, 0.050757465633],
      [0, 0.69290728893, 0.11231113655, 0.19478157452],
      [0, 0, 1, 0],
      [0, 0.21128642294, 0.035304159453, 0.75340941761],
      [0, 0.10728633782, 0.08696946558, 0.8057441966]
    ],
    [
      [0.23224238739, 0.54631307911, 0.21337351411, 0.0080710193866],
      [0.062201920656, 0.82870208914, 0.026001632601, 0.0830943576],
      [0.018478708857, 0.074897519943, 0.9018704729, 0.0047532982998],
      [0.0017863166528, 0.81383174986, 0.051150126367, 0.13323180712],
      [0.090085375848, 0.4517427762, 0.25585147056, 0.20232037739]
    ],
    [
      [0.31053925835, 0.49756917334, 0.18494472856, 0.0069468397572],
      [0.089900913158, 0.80803470608, 0.024162752448, 0.07790162831],
      [0.029578047092, 0.078194599272, 0.88820061394, 0.0040267396952],
      [0.0026936387009, 0.81913907253, 0.049142088416, 0.12902520035],
      [0.12956191484, 0.44230357006, 0.23835168693, 0.18978282817]
    ],
    [
      [0.40398277806, 0.45469582466, 0.13318092688, 0.0081404704066],
      [0.11512420124, 0.76718602369, 0.020602388464, 0.0970873866],
      [0.041024608652, 0.10452690927, 0.84890187451, 0.0055466075725],
      [0.0029191422915, 0.79327860303, 0.037711862264, 0.16609039242],
      [0.17479553268, 0.41446590668, 0.17519521019, 0.23554335045]
    ],
    [
      [0.38794174701, 0.46820715452, 0.13821457802, 0.0056365204601],
      [0.1164356137, 0.80127655647, 0.020047865611, 0.062239964224],
      [0.03869031646, 0.10162475088, 0.85561713398, 0.0040677986785],
      [0.0034657043756, 0.84784588562, 0.040213599462, 0.10847481054],
      [0.1821872601, 0.46053111968, 0.19624869538, 0.16103292485]
    ]
  ],
  "expected_outcome": [
    [
      [1.0670110328, 43.0911218037, 1.615412755, 2.1436027716, 0.30718726583, 24.5977208961, 48.9069848219, 14.2976055803, 7.4451538981, 16.7714574973, 8.8873995719, 1.1038219317, 1.3945429, 0.49276866109, 15.0346459341, 12.6809654783, 9.1935980493, 13.4411771023, 5.3710733922, 3.5641582843, 8.8742167198, 13.0465334836, 32.0985739013, 19.5904073731, 14.4851697337, 3.0987962487, 0.47704581956, 6.2778147582, 13.0814005994, 51.7282179781, 7.6445397932, 12.1820234841, 9.9216893671, 2.3729060004, 36.0346219542, 10.9384692314, 1.4991143084, 24.7535262646, 14.8792027447, 26.3199808872, 13.3644683527, 12.083907654, 18.0118983725, 31.6379913355, 40.4683650816, 24.2322124247, 33.8448550825, 11.780047242, 50.1332038882, 21.5599615797, 4.4978434358, 1.4849608657, 2.064719459, 64.7550337841, 31.0064920703, 23.0761569646, 10.150150321, 1.0386094142, 0, 14.166785631, 30.4328473179, 210.0710445892, 41.1218251826],
      [1.2433744576, 91.4743573543, 8.5142337503, 2.3912592724, 0.6096016817, 43.0047208818, 133.0114656484, 21.4508656797, 11.1102595969, 41.499809764, 16.7079295093, 3.2016038913, 1.8871742157, 1.3745147749, 40.1749749384, 30.0262975578, 24.5563639517, 29.2010038061, 14.2792951091, 5.8985828284, 18.6713283873, 43.2735656641, 45.2517362799, 51.3868719814, 27.750763107, 9.7086909252, 1.2396504907, 19.2986861448, 26.0763464168, 62.8962491523, 13.7923978982, 26.1252193807, 20.4533870292, 4.159808982, 60.7683625174, 9.6247997983, 2.0687550892, 59.8895925726, 45.6205247149, 74.8060996964, 33.4597259622, 28.8360075662, 43.1848747539, 81.7154979583, 87.6370050645, 67.0827448056, 49.3395075684, 19.5288466315, 144.4323823571, 22.6050698261, 8.2556957506, 3.8221433203, 5.8988057216, 134.3836475509, 107.978962264, 52.6476807991, 21.6667250106, 1.5370500757, 0.49541903463, 33.3250978256, 48.7617789873, 236.441828822, 49.629958379],
      [0.68961450954, 10.6388221883, 1.7707488391, 1.431766068, 0.058806912245, 16.656791841, 19.3513521154, 4.8604719813, 5.444586505, 22.0823635695, 7.0392246777, 1.6938424199, 0.69153494342, 0.11947494352, 6.3277819232, 4.907587901, 4.926474921, 5.8731744839, 2.1208316276, 2.4715468342, 7.10264683, 10.2219378872, 15.9245685654, 15.2204444004, 17.1886563014, 4.105679814, 0.22156960567, 4.0270322429, 11.5080434503, 32.7045916883, 5.324063446, 10.0915959877, 6.3390448131, 2.2584017992, 14.1796093074, 3.2383745223, 1.3588349228, 11.612952987, 7.8722408945, 12.9190400643, 7.7301233373, 4.6291729239, 11.3686679022, 22.6210292178, 35.6965455101, 21.2422047055, 17.7207085323, 15.5498420815, 51.200932458, 12.348403616, 2.1324967958, 0.63183101411, 0.94746904288, 55.8269163276, 29.7395323394, 30.5905200476, 3.9425104153, 0.42434051016, 0.45382349973, 13.0157843608, 18.1245833985, 69.2540819773, 14.6507452696],
      [0, 0.79569865373, 0.099604655554, 0.033371888071, 0.024404140229, 0.74076638104, 0.7301974143, 0.39105675861, 0, 0.64636916918, 0.3654462412, 0.00073175701257, 0.026747940872, 0.013241620521, 0.46259720425, 0.38514906298, 0.32356307804, 0.48464460769, 0.2287998711, 0.065712053095, 0.35180806287, 0.45796296509, 0.72512125337, 0.80227624506, 0.57541085797, 0.08683301201, 0.061734084075, 0.39646685415, 0.33420953353, 0.67094118124, 0.23899886259, 0.60116114747, 0.28587879059, 0.20888321842, 1.0174062211, 0.19835644803, 0.07329567959, 0.74392817574, 0.62803164591, 0.95487935206, 0.44568234773, 0.45091185594, 0.4345589714, 1.0254814884, 1.1980843437, 0.4428380642, 0.09492881679, 0.14126404495, 2.2334812966, 0.48656497827, 0.11396401786, 0.061064799894, 0.089005776492, 2.0344023375, 1.2750133263, 0.68564218862, 0.2406142531, 0, 0.050757465633, 0.49233218258, 0.68079029621, 4.2330446114, 0.59747116877]
    ],
    [
      [0.21903022083, 24.7934721109, 0.92952053692, 0.69353100667, 0.72766288714, 9.6644843228, 16.6102775728, 4.4504383621, 1.8158976199, 4.8764575496, 1.8317971567, 1.5762759023, 0.28094755011, 0.62840596995, 7.4468908257, 11.4952585614, 7.9895037125, 7.594777999, 5.1143105058, 3.1767127363, 4.8780788766, 5.5059651995, 21.2257106461, 6.4512672731, 3.7981576891, 0.72131187011, 0.18714969058, 5.6449667636, 8.0906862888, 18.0250183912, 3.3871940519, 7.4727997245, 7.937462226, 0.29567900853, 24.5338745373, 6.8602897324, 0.73458543796, 10.0624520476, 6.672457451, 10.3072115639, 10.1444505047, 12.6680503584, 7.4139766137, 18.1089396495, 13.1976289074, 8.9804600873, 11.7529403918, 8.2602103206, 12.1980781224, 6.4083277117, 3.1056526781, 1.6019406706, 0.83950292577, 40.8141144993, 11.89538616, 15.2620279364, 6.8521842139, 0.8631795298, 0, 7.0288170341, 20.8570118527, 99.2370614698, 7.5683148905],
      [1.7167161496, 289.8073861437, 35.5741647715, 4.8270804838, 5.6293645675, 94.2850106559, 245.7939385557, 38.4242144388, 12.688974336, 69.0656707256, 19.5234938084, 23.1007209465, 2.46097955, 8.8012082267, 108.8357688254, 148.6411427903, 119.4036123111, 90.0804958831, 73.9749122898, 28.8342343816, 57.5607062581, 105.5748300578, 169.9872602628, 95.8582727452, 41.0710735478, 13.0406105932, 1.8740352202, 100.9759416027, 90.530896058, 122.9916719286, 34.4560445437, 84.7752879117, 91.1198142455, 3.2315059508, 233.4088463155, 38.3848073612, 6.1356414807, 134.5830239522, 115.7124254999, 163.7146850359, 141.9794541789, 165.9636836783, 99.34506811, 265.6396782175, 160.3115111544, 141.0876019024, 91.3761267353, 71.0850122462, 203.0373718044, 38.1935628581, 31.6359674465, 21.0940106206, 13.0427546419, 474.384847374, 262.401151491, 198.739916827, 80.0411076583, 7.0198821042, 2.0787218668, 93.6433360732, 187.4640518114, 661.3143524245, 52.0829761702],
      [0.064253629623, 3.5529485076, 0.68367165117, 0.20703933907, 0.062741791855, 2.910429374, 3.3789355396, 0.68053365856, 0.4951280441, 2.9949874456, 0.64528844113, 0.92652554203, 0.063605023111, 0.047941213539, 1.3678987673, 1.7991640761, 1.8709588384, 1.2147956066, 0.7079997025, 0.92699129187, 1.7448508084, 2.1170473723, 4.9001027422, 2.2864189222, 2.1003793593, 0.44154042647, 0.076479732483, 1.8598828381, 3.2563471931, 5.3076705213, 1.0439992315, 2.7146355139, 2.1772113815, 0.11647313161, 4.2188869256, 1.2206596128, 0.30717461084, 2.117555915, 1.8660189546, 2.2225612857, 2.673357663, 2.0388095073, 2.089472653, 5.9998206715, 5.2791622204, 3.6837106086, 2.7194492106, 4.7579685704, 5.9330679734, 1.740763946, 0.57832365492, 0.18071794893, 0.13166629147, 16.1118342585, 6.3612367807, 9.8236778437, 1.0726962716, 0.11693836599, 0.33693340965, 2.9381844839, 5.6057585679, 17.7592588564, 1.3031112647],
      [0, 18.8461932377, 2.8126430404, 0.27234917045, 1.5802307535, 11.1400756473, 13.2168483319, 4.4448135405, 0, 7.0628842792, 2.9994205938, 0.39647760915, 0.19446787679, 0.52244458983, 8.3494415816, 13.0644345722, 10.735925138, 10.1099305113, 8.2027775019, 2.0620615902, 7.8163640569, 7.8021573704, 18.8869263489, 10.4040410595, 6.0303894038, 0.7965371102, 1.8623353567, 15.5192087956, 8.12207046, 9.6756391589, 4.1127621729, 15.0372768499, 8.765512147, 0.35634190908, 28.8383922216, 4.5342432937, 1.8225984705, 11.2369680852, 10.7490980945, 13.7555421145, 13.2027376534, 18.3294564561, 7.1514826234, 23.2515614616, 15.2116977177, 8.2482274017, 4.1514836623, 3.8968088628, 21.8314820998, 5.6573454843, 2.6800562205, 2.1233307599, 0.98607614089, 50.6892038681, 21.3422255684, 18.1743773929, 6.0340118562, 0, 0.58434472356, 9.3896624087, 18.0731777679, 83.6893272494, 4.0455976745]
    ],
    [
      [0.54364502567, 16.6134662582, 0.15056758317, 0.53118451892, 0.9002349174, 4.7456378696, 13.3417384962, 3.5167611233, 0.90264909231, 2.0678788522, 1.9779303295, 0.078053823489, 1.0457125955, 0.77421850856, 4.1470445489, 4.078975727, 2.522243416, 1.7878417517, 1.9939638209, 0.46247471626, 3.1837111303, 5.0176248237, 10.1555902095, 5.4430328243, 4.2946797366, 0.8856301797, 0, 3.796304773, 5.907700546, 19.1884008891, 3.4089612637, 4.6447085214, 4.1306323052, 0.23975371227, 8.3939254715, 2.1372351514, 0.76630025367, 6.1156689938, 5.4664789585, 5.1429238757, 7.2426600379, 4.7525414305, 5.471914741, 8.3910769972, 9.7126864477, 4.7036199751, 5.3952804017, 2.9929782834, 6.9135940659, 5.5162105304, 1.3783681235, 0.50401467267, 0.90818680673, 20.7065083316, 4.1584841082, 5.7961278366, 2.8951685226, 1.035235541, 0, 3.4370398473, 7.8086044323, 49.1064565561, 5.6487862032],
      [0.58228650465, 56.9686888257, 9.9948257142, 0.5068147721, 3.2783039191, 12.9811022264, 56.6744513813, 9.3210764398, 3.3751469623, 11.4759200078, 5.3264641389, 1.1492836965, 1.7735506525, 2.2498517912, 17.4756144012, 15.485913424, 11.0213498567, 6.2558113343, 8.448970338, 1.0972219364, 10.5839634251, 33.1431135983, 25.3159030028, 25.5625892578, 12.0546826558, 7.5857794529, 0.43109731463, 21.7741950658, 18.5544551458, 37.1446227848, 9.0967934195, 18.807676636, 13.2607068137, 0.22583649327, 23.9285449434, 5.0111156996, 0.79560343011, 23.4481018654, 27.7171344354, 23.9937321369, 29.3347818397, 18.3331768049, 21.1837061011, 37.684775298, 35.6489415611, 25.6757791736, 16.2153139202, 7.5304424276, 48.9251026978, 9.2126509474, 3.7038051621, 1.8093182365, 3.146416232, 71.9492345753, 40.3171259171, 27.1252013735, 9.7444106765, 2.5819596914, 0, 13.9309387094, 20.6433742077, 125.1187103929, 14.837213629],
      [14.8740684697, 199.933365587, 64.1861706476, 15.8223970391, 11.8214611635, 156.4518336792, 248.3712464298, 65.512287639, 48.7222039454, 185.5976298823, 73.2493344249, 18.77266248, 24.7735209161, 9.7377905386, 85.674314087, 78.7419248276, 68.9273722166, 39.6197435701, 40.0809022483, 16.3850663654, 124.6478747563, 236.581392308, 268.058266573, 228.5766897351, 271.5809798558, 100.1371054634, 2.5689026854, 133.0179760856, 258.5484146398, 624.8559125861, 112.7692165305, 206.5476148426, 128.8192120167, 9.3261646171, 167.5403014765, 48.3691806203, 26.3339904663, 140.4167746378, 148.3733834589, 126.8246615667, 208.9498071919, 90.9740424181, 170.6864654266, 314.3022125446, 440.8521992284, 236.6206008513, 166.3894056781, 213.4765792891, 502.633680039, 170.4027224627, 32.6432266636, 11.533979083, 19.6049163061, 906.6301018352, 321.9160653701, 500.6441701942, 55.9815166202, 23.3828047676, 5, 167.7479079595, 234.4849620805, 1016.1355437868, 124.9201015608],
      [0, 1.4844793291, 0.66843605505, 0.13960366993, 0, 0.82142622484, 0.61256369263, 0.64987479796, 0, 0.85857125767, 0.44627110664, 0, 0.40721583598, 0.23813916167, 0.70302696286, 0.69318602134, 0.52903451063, 0.33660334393, 0.47616359279, 0.055236981968, 0.58445068831, 1.2578692701, 1.4702402146, 1.4176881828, 1.0696577518, 0.39148490393, 0, 0.41152407557, 0.98942966837, 0.81106374006, 0.72502878628, 0, 0.78944886443, 0.2082451774, 1.1372281086, 0.4824685287, 0.10410584989, 1.019454503, 1.4430031472, 1.0386824208, 1.4727509305, 0.94023934647, 0.65791373127, 1.6219351602, 1.7861727628, 0, 0, 0, 2.5276231972, 0.86841605952, 0.27460005077, 0.1526880078, 0.34048065517, 3.7141552579, 1.6083246046, 1.4345005958, 0.37890418068, 0, 0, 0.88411348377, 1.0630592795, 6.6392892643, 0.59389860707]
    ],
    [
      [0, 0.11680273477, 0, 0.0090053433594, 0.0073843969953, 0.039858228795, 0.073734508741, 0.010843331821, 0.22249071398, 0.024866169544, 0.016082397048, 0.014956004581, 0, 0.0028101768378, 0.05851923146, 0.026548789088, 0.032499301023, 0.032093357449, 0.025607342607, 0.041071448346, 0.018010129705, 0.023154870174, 0.110513674, 0.037370273894, 0.028083917327, 0.0026530560712, 0.32102378845, 0.024355366205, 0.061528424269, 0.081712829419, 0.027191988076, 0.033133350931, 0.04073814449, 0, 0.13329909011, 0.01595134313, 0, 0.075702706914, 0.041675398664, 0.086504120373, 0.054297066077, 0.041660492371, 0.045226866248, 0.064236875437, 0.076355235532, 0.039901359741, 0.07125796424, 0.06315899602, 0.038515730312, 0.063907648921, 0.01076637811, 0.021826999922, 0.0043202555061, 0.21957108239, 0.0026711091187, 0.090198910265, 0.056045608036, 0.062975515029, 0, 0.016076849875, 0.10774554804, 0.26856109082, 0.017328521878],
      [0, 43.3732709862, 9.4710116868, 1.6901617052, 1.1983527824, 12.7068255239, 33.1013107495, 3.2550053094, 4.4340062426, 14.3435556743, 5.2760389034, 6.1264444926, 0, 0.91353842883, 24.3105472581, 11.1147889442, 16.1219627574, 11.5019214134, 10.7945216011, 8.4450564568, 6.9847165999, 18.0911813859, 32.1975873222, 20.3571132003, 10.4122564014, 1.7093682267, 2.3562318706, 17.6967080334, 22.930366885, 18.8874469106, 8.7209513968, 13.0958807083, 14.8891919893, 0, 44.1137626746, 4.0097287205, 0, 30.7790311096, 26.2618356994, 45.4555414051, 25.184571052, 17.3779655771, 19.7695498957, 33.6132406667, 31.8624234501, 24.284495913, 20.8012990323, 18.5799192724, 25.89493076, 13.4676140067, 3.3984222883, 5.0923335612, 1.7506853802, 87.5375662555, 54.3134678418, 48.1523706233, 18.1934358937, 1.8611081287, 0.21128642294, 7.3244857488, 32.7655629013, 72.9816314785, 4.2392294281],
      [0, 0.82109258484, 0.32140433121, 0.14930181761, 0.01903093519, 0.79211370688, 0.77615716198, 0.11861692875, 0.34350304346, 1.2284849515, 0.35383380207, 0.49707746445, 0, 0.012185357267, 0.61669743876, 0.29260638088, 0.52009145729, 0.37086558314, 0.25510317708, 0.55072315047, 0.42682257967, 0.69116132922, 1.8315542446, 0.9736811438, 1.0345904563, 0.11504177475, 0.11806561423, 0.60038323966, 1.6318194035, 1.5797294649, 0.53852196915, 0.81784185775, 0.74042781224, 0, 1.6626427584, 0.21538296719, 0, 0.9627928219, 0.73864582899, 1.2656275555, 0.93980187938, 0.4494644765, 0.8390935661, 1.5050671634, 2.0974569674, 1.2447996503, 1.2098819591, 2.3794876648, 1.4864179518, 1.1783031337, 0.13883918246, 0.12749778119, 0.043838428444, 5.8893995861, 2.4361364078, 4.5368599605, 0.52905573607, 0.075916356227, 0.035304159453, 0.4603511373, 1.9656835366, 3.4694913283, 0.20106799731],
