{
  "Z_true": {},
  "V_true": [
    [453, 83, 1490, 70],
    [511, 416, 13122, 401],
    [79, 9936, 1398, 440],
    [20, 541, 494, 609],
    [12, 455, 276, 325],
    [66, 332, 483, 309]
  ],
  "p_true": [
    [0.2161, 0.0396, 0.7109, 0.0334],
    [0.0354, 0.0288, 0.9081, 0.0278],
    [0.0067, 0.8383, 0.1179, 0.0371],
    [0.012, 0.3251, 0.2969, 0.366],
    [0.0112, 0.426, 0.2584, 0.3043],
    [0.0555, 0.279, 0.4059, 0.2597]
  ],
  "Z_est": {},
  "V_est": [
    [831.8687, 0, 1264.1313, 0],
    [0, 0, 13697.4831, 752.5169],
    [0, 11239.4627, 613.5373, 0],
    [0, 0, 553.7964, 1110.2036],
    [0, 0, 1068, 0],
    [309.1313, 523.5373, 66.0518, 291.2795]
  ],
  "p_est": [
    [0.3969, 0, 0.6031, 0],
    [0, 0, 0.9479, 0.0521],
    [0, 0.9482, 0.0518, 0],
    [0, 0, 0.3328, 0.6672],
    [0, 0, 1, 0],
    [0.2598, 0.4399, 0.0555, 0.2448]
  ],
  "EI_Z": {},
  "EI_V": 13.6042,
  "MAE_Z": {},
  "MAE_V": 366.4167,
  "MAE_p": 0.1499,
  "runtime": 0.0209
}
