{
  "Z_true": {},
  "V_true": [
    [18, 1382, 1079, 187, 24],
    [265, 3201, 6528, 1124, 313],
    [265, 418, 153, 14822, 338],
    [1189, 267, 427, 1658, 100],
    [55, 286, 299, 1273, 596]
  ],
  "p_true": [
    [0.0067, 0.5138, 0.4011, 0.0695, 0.0089],
    [0.0232, 0.28, 0.5711, 0.0983, 0.0274],
    [0.0166, 0.0261, 0.0096, 0.9266, 0.0211],
    [0.3266, 0.0733, 0.1173, 0.4554, 0.0275],
    [0.0219, 0.114, 0.1192, 0.5074, 0.2375]
  ],
  "Z_est": {},
  "V_est": [
    [0, 2217.0734, 300.2318, 172.6949, 0],
    [0, 1209.4048, 8185.7682, 1355.4621, 680.3649],
    [0, 0, 0, 15996, 0],
    [1206.8848, 1760.6202, 0, 673.4951, 0],
    [585.1152, 366.9017, 0, 866.348, 690.6351]
  ],
  "p_est": [
    [0, 0.8242, 0.1116, 0.0642, 0],
    [0, 0.1058, 0.7161, 0.1186, 0.0595],
    [0, 0, 0, 1, 0],
    [0.3315, 0.4836, 0, 0.185, 0],
    [0.2332, 0.1462, 0, 0.3453, 0.2753]
  ],
  "EI_Z": {},
  "EI_V": 17.8753,
  "MAE_Z": {},
  "MAE_V": 518.626,
  "MAE_p": 0.1022,
  "runtime": 0.0284
}
