{
  "X": [
    [0, 7, 5, 2],
    [3, 17, 31, 5],
    [0, 29, 32, 2],
    [7, 76, 57, 8],
    [20, 225, 185, 27],
    [8, 94, 111, 7],
    [0, 6, 4, 1],
    [0, 6, 5, 2],
    [0, 23, 16, 5],
    [0, 7, 7, 2],
    [8, 114, 88, 11],
    [9, 197, 148, 26],
    [0, 2, 4, 0],
    [5, 36, 24, 6],
    [0, 3, 4, 1],
    [6, 39, 43, 12],
    [0, 4, 4, 0],
    [1, 3, 3, 1],
    [3, 33, 88, 6],
    [0, 6, 12, 0],
    [1, 12, 4, 2],
    [5, 64, 58, 10],
    [0, 9, 9, 0],
    [1, 32, 17, 4],
    [3, 45, 30, 11],
    [0, 12, 8, 4],
    [2, 97, 45, 8],
    [1, 9, 3, 1],
    [24, 379, 300, 44],
    [14, 159, 157, 24],
    [1, 24, 13, 4],
    [2, 22, 75, 5],
    [15, 177, 209, 31],
    [4, 112, 95, 19],
    [1, 20, 80, 5],
    [0, 38, 61, 7],
    [17, 164, 153, 19],
    [14, 255, 185, 22],
    [5, 90, 121, 10],
    [55, 339, 249, 34],
    [0, 11, 19, 0],
    [0, 1, 4, 2],
    [11, 103, 101, 12],
    [0, 7, 4, 0],
    [0, 7, 10, 2],
    [11, 288, 337, 39],
    [3, 29, 31, 2],
    [15, 202, 224, 42],
    [1, 7, 14, 1],
    [1, 10, 11, 2],
    [106, 764, 928, 122],
    [30, 299, 349, 53],
    [5, 39, 25, 3],
    [1, 17, 11, 1],
    [25, 261, 254, 37],
    [7, 13, 45, 3],
    [8, 129, 74, 11],
    [11, 216, 195, 26],
    [1, 14, 18, 4],
    [2, 22, 16, 1],
    [6, 147, 91, 16],
    [9, 83, 70, 10],
    [0, 3, 9, 0],
    [0, 4, 5, 1],
    [5, 22, 37, 4],
    [3, 45, 47, 13],
    [7, 95, 82, 15],
    [3, 25, 10, 3],
    [1, 14, 7, 2],
    [2, 73, 33, 8],
    [1, 7, 4, 0],
    [8, 43, 46, 8],
    [3, 32, 19, 10],
    [0, 7, 6, 3],
    [19, 145, 157, 19],
    [0, 25, 21, 3],
    [2, 4, 3, 1],
    [1, 6, 4, 2],
    [0, 23, 20, 8],
    [0, 8, 5, 0],
    [0, 5, 4, 1],
    [0, 4, 3, 1],
    [6, 44, 52, 8],
    [7, 46, 57, 11],
    [1, 3, 3, 1],
    [4, 44, 21, 10],
    [0, 3, 2, 1],
    [3, 14, 18, 8],
    [8, 53, 47, 16],
    [0, 5, 5, 0],
    [1, 10, 17, 1],
    [0, 3, 3, 1],
    [2, 11, 25, 0],
    [0, 17, 13, 1],
    [3, 18, 22, 0],
    [0, 11, 14, 2],
    [4, 19, 32, 1],
    [0, 12, 15, 2],
    [0, 3, 2, 1],
    [0, 4, 7, 3],
    [0, 5, 6, 1],
    [0, 10, 9, 1],
    [4, 12, 13, 3],
    [5, 14, 13, 1],
    [0, 7, 4, 0],
    [0, 4, 3, 3],
    [0, 7, 9, 3],
    [3, 8, 13, 5],
    [0, 0, 2, 4],
    [0, 4, 2, 0],
    [0, 5, 8, 3],
    [1, 12, 17, 0],
    [0, 7, 7, 4],
    [0, 28, 38, 6],
    [0, 3, 2, 3],
    [1, 8, 5, 0],
    [0, 16, 7, 4],
    [5, 9, 35, 2],
    [0, 3, 4, 1],
    [0, 4, 2, 0],
    [1, 11, 44, 1],
    [2, 10, 17, 2],
    [2, 33, 22, 1],
    [0, 5, 5, 2],
    [0, 7, 7, 1],
    [5, 66, 72, 16],
    [2, 37, 24, 4],
    [8, 13, 15, 3],
    [0, 15, 30, 3],
    [4, 15, 20, 1],
    [2, 32, 23, 7],
    [2, 19, 12, 5],
    [6, 37, 40, 5],
    [2, 18, 6, 0],
    [1, 13, 33, 1],
    [0, 7, 7, 0],
    [1, 13, 31, 5],
    [1, 28, 28, 6],
    [2, 42, 60, 9],
    [1, 5, 6, 5],
    [0, 3, 4, 1],
    [0, 7, 4, 1],
    [2, 10, 14, 5],
    [0, 1, 5, 1],
    [0, 3, 10, 1],
    [0, 11, 7, 2],
    [0, 13, 27, 3],
    [2, 24, 31, 4],
    [1, 7, 36, 5],
    [4, 17, 70, 3],
    [4, 23, 30, 9],
    [0, 14, 36, 2],
    [2, 63, 100, 6],
    [1, 11, 14, 2],
    [2, 0, 6, 1],
    [1, 29, 23, 8],
    [0, 17, 12, 2],
    [8, 19, 28, 2],
    [1, 14, 15, 2],
    [6, 62, 40, 7],
    [3, 11, 18, 1],
    [1, 9, 6, 1],
    [1, 11, 17, 6],
    [5, 31, 17, 2],
    [11, 73, 62, 16],
    [0, 16, 5, 1],
    [0, 4, 3, 1],
    [3, 21, 5, 4],
    [6, 30, 39, 8],
    [4, 24, 24, 3],
    [1, 8, 8, 0],
    [1, 3, 9, 0],
    [2, 23, 31, 6],
    [0, 4, 9, 0],
    [2, 37, 19, 10],
    [3, 28, 37, 10],
    [7, 39, 95, 9],
    [0, 4, 5, 3],
    [0, 13, 12, 3],
    [0, 5, 4, 0],
    [3, 21, 45, 5],
    [1, 13, 7, 1],
    [2, 30, 34, 6],
    [3, 15, 21, 2],
    [0, 1, 3, 2],
    [3, 18, 12, 3],
    [7, 40, 72, 7],
    [1, 7, 30, 3],
    [1, 8, 30, 4],
    [2, 8, 17, 2],
    [1, 13, 27, 2],
    [6, 41, 38, 6],
    [2, 35, 33, 0],
    [4, 27, 35, 3],
    [2, 58, 35, 3],
    [0, 4, 5, 2],
    [2, 13, 12, 3],
    [1, 2, 5, 2],
    [1, 22, 38, 4],
    [11, 60, 67, 9],
    [3, 14, 23, 2],
    [0, 15, 11, 4],
    [5, 18, 33, 4],
    [3, 12, 12, 1],
    [4, 50, 76, 13],
    [3, 19, 24, 6],
    [0, 3, 8, 0],
    [0, 11, 6, 0],
    [7, 44, 60, 7],
    [0, 3, 4, 0],
    [1, 27, 34, 4],
    [2, 14, 26, 2],
    [2, 34, 31, 9],
    [1, 13, 22, 2],
    [0, 2, 3, 4],
    [1, 3, 1, 1],
    [2, 6, 2, 0],
    [3, 21, 19, 4],
    [0, 10, 15, 6],
    [0, 5, 4, 2],
    [0, 13, 11, 6],
    [1, 11, 23, 2],
    [1, 25, 17, 3],
    [0, 20, 12, 2],
    [0, 9, 8, 1],
    [0, 5, 1, 1],
    [0, 21, 29, 3],
    [2, 39, 50, 9],
    [3, 8, 9, 2],
    [1, 15, 20, 3],
    [1, 7, 8, 1],
    [1, 1, 8, 1],
    [0, 1, 5, 0],
    [1, 4, 9, 2],
    [1, 22, 27, 2],
    [2, 17, 18, 5],
    [2, 13, 16, 6],
    [3, 10, 12, 3],
    [0, 13, 11, 3],
    [1, 8, 8, 1],
    [2, 32, 36, 6],
    [0, 7, 6, 2],
    [0, 1, 8, 0],
    [0, 2, 3, 2],
    [0, 6, 5, 0],
    [0, 12, 3, 3],
    [1, 11, 7, 2],
    [1, 10, 11, 1],
    [1, 6, 9, 6],
    [0, 8, 5, 2],
    [0, 5, 2, 1],
    [0, 9, 4, 0],
    [0, 5, 2, 0],
    [0, 5, 9, 4],
    [0, 10, 14, 0],
    [0, 8, 6, 0],
    [0, 7, 1, 1],
    [0, 5, 4, 2],
    [47, 200, 186, 47],
    [191, 1458, 1590, 317],
    [87, 794, 1077, 197],
    [4, 31, 30, 5]
  ],
  "W": [
    [0, 9, 1, 0, 4],
    [3, 37, 7, 2, 7],
    [6, 38, 12, 3, 4],
    [11, 96, 13, 7, 21],
    [35, 282, 59, 19, 62],
    [21, 135, 41, 4, 19],
    [1, 7, 2, 0, 1],
    [1, 8, 1, 1, 2],
    [2, 31, 2, 0, 9],
    [2, 9, 1, 0, 4],
    [14, 144, 30, 12, 21],
    [15, 245, 56, 12, 52],
    [0, 5, 1, 0, 0],
    [6, 41, 9, 3, 12],
    [0, 3, 3, 0, 2],
    [12, 52, 19, 4, 13],
    [1, 7, 0, 0, 0],
    [0, 3, 0, 2, 3],
    [7, 59, 42, 9, 13],
    [1, 10, 5, 2, 0],
    [2, 13, 0, 1, 3],
    [6, 85, 27, 5, 14],
    [0, 10, 2, 2, 4],
    [0, 36, 3, 5, 10],
    [5, 59, 11, 0, 14],
    [1, 14, 3, 2, 4],
    [5, 114, 16, 2, 15],
    [0, 12, 2, 0, 0],
    [15, 531, 110, 22, 69],
    [8, 231, 68, 11, 36],
    [3, 31, 2, 2, 4],
    [3, 49, 42, 2, 8],
    [16, 271, 78, 24, 43],
    [7, 153, 33, 12, 25],
    [5, 52, 41, 2, 6],
    [11, 59, 21, 4, 11],
    [18, 235, 63, 7, 30],
    [41, 321, 59, 20, 35],
    [26, 135, 38, 1, 26],
    [33, 441, 86, 18, 99],
    [3, 16, 9, 1, 1],
    [1, 4, 0, 0, 2],
    [7, 146, 40, 7, 27],
    [0, 7, 3, 0, 1],
    [0, 12, 4, 0, 3],
    [42, 415, 127, 30, 61],
    [3, 43, 11, 3, 5],
    [17, 283, 100, 25, 58],
    [0, 13, 6, 0, 4],
    [0, 14, 7, 0, 3],
    [124, 1133, 396, 67, 200],
    [52, 414, 161, 27, 77],
    [4, 52, 10, 1, 5],
    [4, 16, 4, 1, 5],
    [26, 368, 112, 11, 60],
    [4, 38, 16, 0, 10],
    [19, 128, 34, 8, 33],
    [24, 290, 84, 7, 43],
    [1, 18, 14, 0, 4],
    [2, 29, 5, 0, 5],
    [10, 173, 37, 9, 31],
    [12, 108, 26, 4, 22],
    [3, 6, 2, 0, 1],
    [0, 3, 5, 0, 2],
    [5, 30, 20, 1, 12],
    [13, 50, 17, 9, 19],
    [16, 108, 30, 12, 33],
    [2, 28, 3, 1, 7],
    [0, 17, 4, 0, 3],
    [3, 79, 15, 6, 13],
    [1, 5, 1, 0, 5],
    [7, 62, 17, 3, 16],
    [3, 40, 6, 4, 11],
    [1, 8, 4, 0, 3],
    [24, 217, 52, 3, 44],
    [6, 32, 5, 2, 4],
    [1, 7, 0, 2, 0],
    [1, 6, 0, 0, 6],
    [7, 30, 4, 0, 10],
    [2, 11, 0, 0, 0],
    [0, 6, 1, 1, 2],
    [1, 4, 1, 0, 2],
    [13, 57, 17, 5, 18],
    [12, 58, 19, 5, 27],
    [0, 6, 0, 0, 2],
    [6, 46, 9, 2, 16],
    [1, 5, 0, 0, 0],
    [4, 13, 9, 2, 15],
    [14, 75, 15, 6, 14],
    [1, 8, 1, 0, 0],
    [1, 15, 9, 3, 1],
    [0, 3, 0, 1, 3],
    [0, 20, 14, 3, 1],
    [7, 18, 3, 1, 2],
    [2, 25, 7, 2, 7],
    [2, 15, 2, 4, 4],
    [2, 32, 9, 4, 9],
    [3, 16, 5, 3, 2],
    [3, 2, 0, 0, 1],
    [2, 6, 0, 2, 4],
    [1, 9, 0, 1, 1],
    [1, 13, 3, 2, 1],
    [2, 16, 5, 4, 5],
    [1, 19, 3, 2, 8],
    [3, 4, 1, 0, 3],
    [1, 3, 1, 1, 4],
    [1, 12, 0, 2, 4],
    [2, 10, 4, 2, 11],
    [0, 0, 2, 1, 3],
    [1, 4, 1, 0, 0],
    [0, 6, 5, 1, 4],
    [1, 19, 8, 0, 2],
    [3, 10, 0, 1, 4],
    [6, 41, 9, 4, 12],
    [2, 2, 0, 0, 4],
    [0, 7, 2, 3, 2],
    [2, 15, 2, 2, 6],
    [1, 21, 21, 5, 3],
    [0, 5, 1, 0, 2],
    [0, 3, 2, 0, 1],
    [6, 25, 21, 5, 0],
    [1, 21, 3, 0, 6],
    [2, 45, 3, 2, 6],
    [0, 10, 0, 0, 2],
    [0, 11, 2, 0, 2],
    [6, 105, 16, 8, 24],
    [4, 49, 4, 5, 5],
    [0, 22, 4, 2, 11],
    [1, 22, 16, 4, 5],
    [0, 22, 9, 4, 5],
    [5, 34, 9, 6, 10],
    [0, 28, 6, 0, 4],
    [4, 66, 11, 2, 5],
    [4, 15, 1, 2, 4],
    [1, 30, 12, 3, 2],
    [0, 9, 4, 0, 1],
    [1, 33, 11, 1, 4],
    [4, 37, 8, 3, 11],
    [5, 62, 21, 9, 16],
    [0, 13, 0, 0, 4],
    [0, 6, 1, 1, 0],
    [1, 7, 2, 1, 1],
    [0, 18, 2, 2, 9],
    [1, 3, 1, 1, 1],
    [0, 5, 7, 0, 2],
    [0, 14, 2, 0, 4],
    [6, 17, 12, 4, 4],
    [2, 43, 10, 0, 6],
    [3, 28, 9, 2, 7],
    [7, 50, 26, 4, 7],
    [6, 40, 5, 1, 14],
    [2, 32, 10, 7, 1],
    [4, 113, 35, 9, 10],
    [2, 17, 7, 0, 2],
    [0, 4, 4, 0, 1],
    [1, 46, 6, 0, 8],
    [0, 24, 4, 2, 1],
    [1, 30, 12, 6, 8],
    [1, 18, 1, 2, 10],
    [3, 76, 14, 6, 16],
    [1, 18, 5, 1, 8],
    [1, 13, 1, 0, 2],
    [2, 22, 4, 1, 6],
    [3, 40, 2, 1, 9],
    [10, 98, 18, 7, 29],
    [1, 19, 1, 0, 1],
    [1, 6, 0, 0, 1],
    [2, 20, 4, 2, 5],
    [1, 53, 14, 3, 12],
    [2, 30, 13, 2, 8],
    [1, 9, 3, 0, 4],
    [1, 7, 3, 0, 2],
    [10, 31, 9, 3, 9],
    [2, 6, 0, 1, 4],
    [1, 48, 5, 3, 11],
    [4, 38, 10, 8, 18],
    [6, 72, 53, 5, 14],
    [1, 2, 2, 0, 7],
    [2, 16, 7, 1, 2],
    [1, 3, 2, 1, 2],
    [4, 38, 20, 4, 8],
    [1, 15, 2, 0, 4],
    [0, 51, 11, 3, 7],
    [2, 20, 8, 3, 8],
    [0, 2, 1, 0, 3],
    [3, 21, 5, 0, 7],
    [10, 65, 24, 9, 18],
    [0, 23, 14, 2, 2],
    [2, 15, 13, 9, 4],
    [0, 17, 7, 2, 3],
    [1, 27, 11, 1, 3],
    [2, 67, 8, 3, 11],
    [5, 41, 13, 6, 5],
    [3, 40, 9, 4, 13],
    [1, 74, 0, 1, 22],
    [0, 6, 2, 0, 3],
    [0, 19, 3, 2, 6],
    [0, 6, 2, 1, 1],
    [5, 46, 12, 0, 2],
    [5, 91, 23, 6, 22],
    [0, 27, 9, 1, 5],
    [2, 16, 5, 4, 3],
    [2, 34, 9, 7, 8],
    [0, 15, 5, 1, 7],
    [7, 85, 26, 7, 18],
    [2, 26, 10, 3, 11],
    [0, 6, 4, 0, 1],
    [0, 11, 3, 1, 2],
    [9, 66, 24, 3, 16],
    [0, 3, 3, 1, 0],
    [3, 42, 11, 2, 8],
    [0, 26, 13, 1, 4],
    [5, 49, 11, 4, 7],
    [0, 23, 7, 5, 3],
    [0, 0, 2, 3, 4],
    [1, 2, 1, 0, 2],
    [0, 5, 1, 1, 3],
    [4, 27, 7, 1, 8],
    [2, 14, 4, 1, 10],
    [0, 9, 1, 0, 1],
    [1, 17, 4, 1, 7],
    [2, 18, 5, 2, 10],
    [2, 27, 11, 1, 5],
    [1, 23, 4, 0, 6],
    [1, 9, 1, 2, 5],
    [1, 6, 0, 0, 0],
    [6, 35, 8, 0, 4],
    [9, 61, 13, 3, 14],
    [0, 9, 6, 2, 5],
    [2, 25, 7, 3, 2],
    [2, 7, 3, 1, 4],
    [2, 4, 2, 1, 2],
    [2, 3, 0, 1, 0],
    [1, 5, 5, 1, 4],
    [3, 31, 9, 3, 6],
    [0, 23, 8, 2, 9],
    [3, 18, 8, 4, 4],
    [0, 19, 4, 1, 4],
    [3, 15, 2, 2, 5],
    [2, 8, 2, 0, 6],
    [3, 52, 12, 1, 8],
    [1, 7, 2, 0, 5],
    [0, 7, 2, 0, 0],
    [1, 4, 0, 0, 2],
    [1, 8, 1, 0, 1],
    [1, 12, 0, 0, 5],
    [1, 13, 3, 2, 2],
    [1, 16, 3, 0, 3],
    [0, 6, 7, 5, 4],
    [2, 8, 1, 1, 3],
    [1, 5, 0, 1, 1],
    [3, 6, 2, 1, 1],
    [1, 4, 1, 0, 1],
    [1, 8, 5, 0, 4],
    [4, 14, 4, 0, 2],
    [0, 11, 1, 1, 1],
    [1, 6, 0, 0, 2],
    [0, 7, 1, 1, 2],
    [41, 255, 72, 8, 104],
    [237, 2011, 701, 78, 529],
    [125, 1205, 419, 64, 342],
    [5, 41, 3, 2, 19]
  ],
  "method": "mult",
  "cond_prob": [
    [
      [0, 0.42062185751, 0.53878610915, 0.040592033342],
      [0, 0.63663121488, 0.36336878512, 0],
      [0, 0.032558526487, 0.95397788833, 0.013463585188],
      [1.3877787808e-17, 0.17806383617, 0.72054226073, 0.1013939031],
      [2.8622937354e-17, 0.30944013489, 0.19392576141, 0.4966341037]
    ],
    [
      [0.013454983736, 0.26327373147, 0.67548929434, 0.04778199045],
      [0.034444735975, 0.40247246788, 0.52375746713, 0.039325329023],
      [0.031374962741, 0.011926793309, 0.9389357049, 0.017762539049],
      [0.010007295606, 0.10220350185, 0.78340498039, 0.10438422215],
      [0.2065057839, 0.14725756247, 0.20787799118, 0.43835866245]
    ],
    [
      [0, 0.43261734783, 0.54524172917, 0.022140922997],
      [0, 0.62659420024, 0.36835863573, 0.0050471640259],
      [0, 0.036771645784, 0.9557979408, 0.0074304134173],
      [0, 0.19840877159, 0.74084955071, 0.060741677702],
      [0, 0.38930755994, 0.25969938133, 0.35099305873]
    ],
    [
      [0.011270281116, 0.45984410383, 0.50244185519, 0.026443759864],
      [0.020393456831, 0.64703263488, 0.32114357671, 0.011430331581],
      [0.035292313895, 0.041121101086, 0.91154655582, 0.012040029203],
      [0.010245331451, 0.21814397369, 0.70091796356, 0.0706927313],
      [0.20893988815, 0.32214284663, 0.18508691708, 0.28383034814]
    ],
    [
      [0.010683497214, 0.45990256918, 0.49916007821, 0.030253855392],
      [0.020192150641, 0.64740656891, 0.31718217609, 0.015219104357],
      [0.033368945431, 0.042665045527, 0.91015240468, 0.013813604363],
      [0.0096779374349, 0.21769707516, 0.692701811, 0.079923176405],
      [0.18998778266, 0.31743992792, 0.18102737614, 0.31154491328]
    ],
    [
      [0.010106136339, 0.39995436513, 0.56896911564, 0.020970382891],
      [0.019288619223, 0.5763300712, 0.39506382841, 0.0093174811676],
      [0.028497058964, 0.030219139137, 0.93350488914, 0.0077789127557],
      [0.0090699404109, 0.18142785184, 0.75510179524, 0.054400412504],
      [0.20942886119, 0.30693171624, 0.23283811053, 0.25080131203]
    ],
    [
      [0, 0.51187271479, 0.42913624901, 0.0589910362],
      [0, 0.74215677725, 0.23694461432, 0.020898608431],
      [0, 0.054968299433, 0.91909948796, 0.025932212608],
      [0, 0.22217532479, 0.60579163352, 0.17203304168],
      [0, 0.18309324557, 0.074052474862, 0.74285427957]
    ],
    [
      [0, 0.419730676, 0.51159795618, 0.068671367817],
      [0, 0.62395226971, 0.33152524193, 0.044522488364],
      [0, 0.031935559015, 0.93818547337, 0.029878967617],
      [0, 0.17135307873, 0.65908548647, 0.1695614348],
      [0, 0.19268126428, 0.11946457429, 0.68785416143]
    ],
    [
      [0, 0.42296501964, 0.53403415503, 0.043000825332],
      [0, 0.62434660937, 0.36241569349, 0.013237697133],
      [0, 0.035051933418, 0.94608068448, 0.018867382106],
      [0, 0.18643160737, 0.70421877991, 0.10934961272],
      [0, 0.30324680037, 0.20054264696, 0.49621055267]
    ],
    [
      [6.9388939039e-17, 0.36662893851, 0.60251444445, 0.030856617039],
      [0, 0.56668284129, 0.43331715871, 0],
      [0, 0.025744246749, 0.96309981927, 0.011155933986],
      [6.9388939039e-17, 0.14879645879, 0.75964904399, 0.091554497219],
      [0, 0.28521307615, 0.23300421587, 0.48178270798]
    ],
    [
      [0.010480193332, 0.47808634036, 0.48005788577, 0.031375580538],
      [0.01994448943, 0.66904820581, 0.2945886245, 0.016418680255],
      [0.033591697401, 0.046452108712, 0.90503792732, 0.014918266566],
      [0.0095374022248, 0.22993469369, 0.67675940307, 0.08376850101],
      [0.18376528889, 0.32433666725, 0.17077033401, 0.32112770984]
    ],
    [
      [0.0056759977011, 0.48108889221, 0.47773183328, 0.035503276807],
      [0.010010489104, 0.67919556841, 0.29489787353, 0.01589606896],
      [0.018386319433, 0.048713956506, 0.91635448783, 0.016545236234],
      [0.0051524132413, 0.23043648679, 0.67012543356, 0.09428566641],
      [0.10328514148, 0.34399101828, 0.17743628781, 0.37528755244]
    ],
    [
      [0, 0.24548881438, 0.75451118562, 0],
      [0, 0.39966804565, 0.60033195435, 0],
      [0, 0.001659771768, 0.99834022823, 0],
      [0, 0.086121922272, 0.91387807773, 0],
      [-0, 0.40204331969, 0.59795668031, -0]
    ],
    [
      [0.016730320447, 0.50602790473, 0.43736911004, 0.039872664779],
      [0.035008367777, 0.69047463771, 0.24737077194, 0.027146222575],
      [0.055304630959, 0.051076692929, 0.87262566931, 0.020993006803],
      [0.015297574507, 0.24553296653, 0.63217728303, 0.10699217593],
      [0.24338671636, 0.28817360746, 0.12361840145, 0.34482127473]
    ],
    [
      [1.1796119637e-16, 0.49538735745, 0.46693713926, 0.037675503299],
      [0, 0.72013933274, 0.27986066726, 0],
      [0, 0.044754523711, 0.95524547629, 0],
      [4.1633363423e-17, 0.21185365172, 0.68223155192, 0.10591479636],
      [0, 0.35265921532, 0.14734078468, 0.5]
    ],
    [
      [0.017876433728, 0.41199702661, 0.49847202402, 0.071654515648],
      [0.04226247698, 0.58140938511, 0.31080328528, 0.065524852631],
      [0.050405573476, 0.03127356819, 0.87969730024, 0.038623558098],
      [0.013789278032, 0.17925348418, 0.64434716763, 0.16261007015],
      [0.19807469109, 0.19319507097, 0.12037903864, 0.4883511993]
    ],
    [
      [0, 0.31839337775, 0.68160662225, 0],
      [0, 0.52594380318, 0.47405619682, 0],
      [0, 0.017158101095, 0.98284189891, 0],
      [0, 0.1238344714, 0.8761655286, 0],
      [-0, 0.49195627558, 0.50804372442, -0]
    ],
    [
      [0.01529286544, 0.41527277409, 0.54462292899, 0.024811431482],
      [0.021786473371, 0.63316706804, 0.33568157484, 0.0093648837459],
      [0.038678687514, 0.025031539268, 0.92702931178, 0.0092604614353],
      [0.0057628189586, 0.1764984903, 0.75899207133, 0.058746619417],
      [0.30770498066, 0.24916727176, 0.15832371094, 0.28480403664]
    ],
    [
      [0.0059502480358, 0.30538198493, 0.66122968743, 0.027438079601],
      [0.01281508157, 0.45185731637, 0.52528119724, 0.01004640482],
      [0.011239543467, 0, 0.98538989687, 0.0033705596625],
      [0.0044873452149, 0.12318126873, 0.80785496596, 0.06447642009],
      [0.12998550143, 0.23800869394, 0.28636393758, 0.34564186706]
    ],
    [
      [0, 0.36087020249, 0.63912979751, 0],
      [0, 0.52971396751, 0.47028603249, 0],
      [0, 0.0083046814306, 0.99169531857, 0],
      [0, 0.15023335763, 0.84976664237, 0],
      [0, 0.52176222124, 0.47823777876, 0]
    ],
    [
      [0.014001864774, 0.58153643584, 0.35180650401, 0.052655195371],
      [0.028089828605, 0.74959804002, 0.19319239251, 0.029119738864],
      [0.053928475823, 0.060912607723, 0.853991282, 0.031167634459],
      [0.013370455598, 0.29039339509, 0.54224861339, 0.15398753593],
      [0.19781934766, 0.267253071, 0.080879091967, 0.45404848937]
    ],
    [
      [0.010188343389, 0.45846437228, 0.48509928022, 0.046248004103],
      [0.021644403725, 0.64876795493, 0.29844195955, 0.031145681796],
      [0.032119661266, 0.044580542105, 0.90032506887, 0.02297472776],
      [0.0089361359566, 0.21218941874, 0.66049617958, 0.11837826572],
      [0.15622743494, 0.2742368476, 0.15075571427, 0.41878000319]
    ],
    [
      [0, 0.43634823976, 0.56365176024, 0],
      [0, 0.61787259831, 0.38212740169, 0],
      [0, 0.028830412437, 0.97116958756, 0],
      [0, 0.19665215386, 0.80334784614, 0],
      [0, 0.59257722107, 0.40742277893, 0]
    ],
    [
      [0.0039355769682, 0.52904064703, 0.43690873691, 0.030115039088],
      [0.004536092603, 0.73509526293, 0.25891334258, 0.0014553018831],
      [0.013578530192, 0.054079110418, 0.91748257921, 0.014859780183],
      [0.0032927350999, 0.2678451238, 0.64704351426, 0.081818626844],
      [0.077950140022, 0.40351075843, 0.1691454358, 0.34939366574]
    ],
    [
      [0.0081772096448, 0.47045771679, 0.45738063818, 0.063984435387],
      [0.018899365652, 0.6552701535, 0.27359548535, 0.052234995503],
      [0.02670293571, 0.044335249719, 0.89469313426, 0.034268680307],
      [0.0069054482095, 0.21439705842, 0.61890167275, 0.15979582061],
      [0.11073707753, 0.24993461521, 0.12352419261, 0.51580411465]
    ],
    [
      [0, 0.50016750701, 0.42465432513, 0.075178167859],
      [0, 0.70644806344, 0.23537127035, 0.058180666216],
      [0, 0.051328651757, 0.90628995446, 0.042381393779],
      [0, 0.22652651006, 0.57900252754, 0.1944709624],
      [0, 0.25063015736, 0.10081824289, 0.64855159975]
    ],
    [
      [0.0037836753876, 0.56016791426, 0.40085978705, 0.035188623307],
      [0.0060580238304, 0.75959472863, 0.22050680647, 0.013840441072],
      [0.014421793588, 0.064216367376, 0.90155083738, 0.01981100166],
      [0.0037251760778, 0.2878277592, 0.60738572948, 0.10106133524],
      [0.070151190455, 0.40014959792, 0.14788935135, 0.38180986028]
    ],
    [
      [0.032991924112, 0.55131670952, 0.28712375498, 0.12856761139],
      [0.060021994144, 0.73918295858, 0.12987698781, 0.070918059462],
      [0.13986803514, 0.064902248522, 0.72073807311, 0.074491643226],
      [0.026629766438, 0.22868408356, 0.37132387955, 0.37336227045],
      [0, 0, 0, 1]
    ],
    [
      [0.0093060612486, 0.45623716465, 0.49480087519, 0.039655898906],
      [0.018783119394, 0.64455391695, 0.31246311576, 0.0241998479],
      [0.028941711516, 0.042458991526, 0.90965119264, 0.018948104321],
      [0.0082176911508, 0.21334393651, 0.67652486536, 0.10191350697],
      [0.15249558277, 0.29759792695, 0.16978107503, 0.38012541526]
    ],
    [
      [0.010941151413, 0.42952621536, 0.51617776811, 0.043354865112],
      [0.023550934536, 0.61184598505, 0.33518816997, 0.029414910442],
      [0.03276720067, 0.037417726426, 0.90940441935, 0.020410653553],
      [0.009418593658, 0.19510613276, 0.68701641919, 0.1084588544],
      [0.17056752041, 0.26491096868, 0.16792859626, 0.39659291464]
    ],
    [
      [0.0074148672474, 0.49108381665, 0.43912426345, 0.06237705265],
      [0.016006288597, 0.67694243431, 0.26512807391, 0.041923203185],
      [0.025008504401, 0.046436694721, 0.89615353997, 0.032401260911],
      [0.0064979474977, 0.22621231039, 0.60488770903, 0.16240203307],
      [0.10463688699, 0.24905876905, 0.11539360512, 0.53091073884]
    ],
    [
      [0.0055933489114, 0.27225395278, 0.68447587087, 0.037676827438],
      [0.022753345654, 0.39652639525, 0.56072655872, 0.019993700372],
      [0, 0, 0.99313157449, 0.0068684255128],
      [0.0042478073569, 0.10779749282, 0.80331387262, 0.084640827202],
      [0.10747630019, 0.19223122359, 0.26910214204, 0.43119033419]
    ],
    [
      [0.0097682348766, 0.39288152669, 0.55276361178, 0.044586626654],
      [0.021536613564, 0.56714511175, 0.3805493805, 0.030768894186],
      [0.027622351957, 0.029660264729, 0.92295143126, 0.019765952058],
      [0.0081442000317, 0.17222425423, 0.71177030194, 0.1078612438],
      [0.15482050495, 0.24582994274, 0.18498142354, 0.41436812877]
    ],
    [
      [0.0047290009939, 0.44754678889, 0.49886305765, 0.048861152457],
      [0.0098085869115, 0.63965207753, 0.31973679156, 0.030802543994],
      [0.014759657779, 0.041379255021, 0.92040557598, 0.023455511222],
      [0.0040850926154, 0.2047011577, 0.66805235333, 0.12316139635],
      [0.077203735099, 0.28713901228, 0.16792868961, 0.46772856301]
    ],
    [
      [0.0030090774294, 0.23164797368, 0.72293954241, 0.04240340648],
      [0.012101876378, 0.33979868103, 0.6232581887, 0.024841253896],
      [0, 0, 0.99150216014, 0.0084978398569],
      [0.0022217308684, 0.088946694992, 0.81625620017, 0.092575373972],
      [0.058535596574, 0.16572255469, 0.28196258491, 0.49377926382]
    ],
    [
      [0, 0.34177060105, 0.62178021608, 0.036449182875],
      [0, 0.51388411229, 0.471868158, 0.014247729712],
      [0, 0.018967234605, 0.96995216772, 0.011080597678],
      [0, 0.14386791384, 0.76599357633, 0.090138509827],
      [0, 0.26796156193, 0.262475134, 0.46956330407]
    ],
    [
      [0.014493364077, 0.43520327536, 0.51180920081, 0.038494159759],
      [0.030822428091, 0.61461150274, 0.32879609696, 0.025769972208],
      [0.043228989052, 0.037903270789, 0.90084912953, 0.018018610629],
      [0.01258968929, 0.19996256078, 0.69006809056, 0.097379659369],
      [0.22280982366, 0.26483313051, 0.16454599348, 0.34781105234]
    ],
    [
      [0.0094522260764, 0.48377318184, 0.47320080674, 0.033573785343],
      [0.018300134355, 0.67373984413, 0.28935658695, 0.018603434563],
      [0.03084941025, 0.047179813335, 0.90545359613, 0.016517180289],
      [0.0086765813683, 0.23282062223, 0.66877877566, 0.089724020743],
      [0.16412767916, 0.32727966134, 0.16908470937, 0.33950795012]
    ],
    [
      [0.0049905631376, 0.359148139, 0.61255846343, 0.02330283444],
      [0.0091148947485, 0.5324880605, 0.45142237105, 0.006974673694],
      [0.013972972064, 0.023728189036, 0.95491840762, 0.0073804312801],
      [0.004665007706, 0.15724943297, 0.77724595916, 0.060839600162],
      [0.11938833159, 0.29682075392, 0.27181978499, 0.3119711295]
    ],
    [
      [0.020036955422, 0.47199757908, 0.48175132942, 0.026214136076],
      [0.040365764299, 0.6496248447, 0.29374346997, 0.016265921035],
      [0.06209430136, 0.043611468042, 0.88169778488, 0.012596445719],
      [0.018353035284, 0.22843665883, 0.68343138682, 0.06977891907],
      [0.31178801882, 0.29370785119, 0.15589455971, 0.23860957028]
    ],
    [
      [0, 0.38742913203, 0.61257086797, 0],
      [0, 0.56150806476, 0.43849193524, 0],
      [0, 0.014491242588, 0.98550875741, 0],
      [0, 0.1745679062, 0.8254320938, 0],
      [0, 0.54859447825, 0.45140552175, 0]
    ],
    [
      [0, 0.097155180227, 0.83025680661, 0.072588013164],
      [0, 0.20527242057, 0.70575130098, 0.088976278448],
      [0, 0.0039362975866, 0.98054825249, 0.015515449927],
      [0, 0.029234472331, 0.84934187507, 0.1214236526],
      [0, 0.040877568744, 0.17336899473, 0.78575343652]
    ],
    [
      [0.012450097169, 0.42977523351, 0.52740428032, 0.030370389003],
      [0.024561138779, 0.61166735274, 0.34706680774, 0.016704700743],
      [0.036237927609, 0.036845600951, 0.91391695717, 0.012999514271],
      [0.010863583915, 0.19813120787, 0.71348376356, 0.07752144466],
      [0.21486521727, 0.28990360637, 0.18834635099, 0.30688482537]
    ],
    [
      [0, 0.61811554152, 0.38188445848, 0],
      [0, 0.85233863528, 0.14766136472, 0],
      [0, 0.088570950126, 0.91142904987, 0],
      [0, 0.33606217582, 0.66393782418, 0],
      [0, 0.76791670267, 0.23208329733, 0]
    ],
    [
      [0, 0.34376505985, 0.60722457053, 0.04901036962],
      [0, 0.52457364699, 0.45935507986, 0.016071273154],
      [0, 0.018562519169, 0.96841702883, 0.013020452004],
      [0, 0.13744363412, 0.74714949682, 0.11540686907],
      [0, 0.21028871983, 0.2046903088, 0.58502097138]
    ],
    [
      [0.0045795091622, 0.40412162894, 0.55434591904, 0.036952942857],
      [0.0090989458219, 0.58681395264, 0.38433381248, 0.019753289053],
      [0.013105094672, 0.032306446897, 0.93954765243, 0.015040806001],
      [0.0038831750485, 0.18032334204, 0.72410124608, 0.09169223683],
      [0.086077964333, 0.29486036428, 0.21595655702, 0.40310511436]
    ],
    [
      [0.013929384128, 0.41291076905, 0.55152631023, 0.021633536596],
      [0.027114781977, 0.59099984508, 0.37152474875, 0.010360624187],
      [0.0389905157, 0.032176048333, 0.92041097665, 0.0084224593202],
      [0.012053944844, 0.18793934998, 0.74417317142, 0.055833533759],
      [0.26544374308, 0.28610395453, 0.20256332311, 0.24588897927]
    ],
    [
      [0.0080755062417, 0.42224589016, 0.52046769253, 0.049210911072],
      [0.017767603908, 0.60556392021, 0.34174239907, 0.03492607682],
      [0.024200570281, 0.036431840609, 0.91571504853, 0.02365254058],
      [0.0068734232632, 0.1891932264, 0.68277096851, 0.12116238182],
      [0.12487227376, 0.25990027118, 0.16893398664, 0.44629346842]
    ],
    [
      [0.0084340427211, 0.30995737518, 0.66250521226, 0.019103369842],
      [0.0041339152697, 0.46240633104, 0.53345975369, 0],
      [0.013574048051, 0.0058223933583, 0.98060355859, 0],
      [0.0066498411099, 0.12601067339, 0.82217279091, 0.045166694596],
      [0.2162037033, 0.23844583407, 0.29535046263, 0.25]
    ],
    [
      [0.0098735608094, 0.44660702912, 0.49493530494, 0.048584105124],
      [0.022524032979, 0.64301977484, 0.30483270827, 0.029623483911],
      [0.031281661104, 0.041934969044, 0.90490785017, 0.021875519687],
      [0.0084750377764, 0.19789940343, 0.66771445986, 0.12591109893],
      [0.15523063685, 0.234726123, 0.13266237767, 0.47738086248]
    ],
    [
      [0.015567521562, 0.39798139406, 0.54635268124, 0.040098403137],
      [0.034637290207, 0.56764649338, 0.36882598472, 0.028890231688],
      [0.043863290599, 0.029767797773, 0.90807831534, 0.018290596291],
      [0.013065500408, 0.17723733089, 0.71207931225, 0.097617856459],
      [0.23290162958, 0.23921940524, 0.1753205002, 0.35255846497]
    ],
    [
      [0.011440724378, 0.41779100396, 0.52564321873, 0.045125052935],
      [0.025047683852, 0.59660126377, 0.34641197056, 0.031939081809],
      [0.03357487112, 0.03494898918, 0.91008198868, 0.021394151023],
      [0.009683696238, 0.18765486008, 0.69179308894, 0.11086835474],
      [0.17361463856, 0.25439579365, 0.16948549654, 0.40250407124]
    ],
    [
      [0.023335600978, 0.49577018987, 0.44662801229, 0.034266196861],
      [0.047894192461, 0.67302508309, 0.25699780256, 0.022082921887],
      [0.075688916792, 0.047631271973, 0.85942780077, 0.017252010466],
      [0.02148192976, 0.24072113504, 0.64447907132, 0.093317863883],
      [0.32755769809, 0.26051621302, 0.12216902772, 0.28975706117]
    ],
    [
      [0.0045254288449, 0.54752105799, 0.43698322799, 0.01097028518],
      [0, 0.74966413064, 0.25033586936, 0],
      [0.022437358923, 0.060618394496, 0.91288205058, 0.0040621960031],
      [0.0064281803935, 0.27596592237, 0.67609783618, 0.041508061055],
      [0.17714413371, 0.4593700355, 0.18381342795, 0.17967240284]
    ],
    [
      [0.011954394619, 0.43468423362, 0.51236901739, 0.04099235437],
      [0.025429801164, 0.61680145024, 0.33025961321, 0.027509135393],
      [0.035876072231, 0.038495027921, 0.90628354529, 0.01934535456],
      [0.010346592666, 0.19898087834, 0.68753170253, 0.10314082647],
      [0.18665143838, 0.27025072416, 0.16793770147, 0.375160136]
    ],
    [
      [0.023574813705, 0.19409069046, 0.75963232373, 0.022702172105],
      [0.059237193466, 0.29172942158, 0.63463512772, 0.014398257234],
      [0.042868167772, 0, 0.95115607483, 0.0059757573936],
      [0.017431594797, 0.07596619011, 0.85716077765, 0.04944143744],
      [0.39687967091, 0.11379192183, 0.26268386542, 0.22664454184]
    ],
    [
      [0.0078622719406, 0.57110113187, 0.39772167088, 0.023314925304],
      [0.011379322065, 0.77528002652, 0.20723371187, 0.0061069395427],
      [0.030973955927, 0.072469108141, 0.88453553457, 0.012021401357],
      [0.0082903328577, 0.29996154887, 0.62085615636, 0.070891961911],
      [0.15983716498, 0.42574524339, 0.14776714265, 0.26665044898]
    ],
    [
      [0.006827074568, 0.45220824401, 0.50286899222, 0.038095689204],
      [0.013412447303, 0.64386367989, 0.32125331941, 0.021470553394],
      [0.021090732424, 0.042985838812, 0.91844756114, 0.017475867628],
      [0.0060572199455, 0.21003839199, 0.68574819793, 0.098156190131],
      [0.1193608937, 0.31035943656, 0.18181044269, 0.38846922705]
    ],
    [
      [0.0068711150378, 0.45972677826, 0.46345639599, 0.069945710715],
      [0.016333741128, 0.66098725022, 0.26667606171, 0.056002946945],
      [0.023855212063, 0.053932039881, 0.87832520271, 0.043887545347],
      [0.0057219509615, 0.20232674247, 0.61646846907, 0.1754828375],
      [0.091287143944, 0.22186353987, 0.10995541383, 0.57689390236]
    ],
    [
      [0.011776714894, 0.46607802435, 0.50857039395, 0.013574866805],
      [0.016915207827, 0.65786936719, 0.32334243619, 0.0018729887846],
      [0.035876658479, 0.04111712144, 0.91774018319, 0.0052660368907],
      [0.011314438984, 0.22260953493, 0.72789223137, 0.038183794714],
      [0.26130445016, 0.3568093391, 0.2034455293, 0.17844068144]
    ],
    [
      [0.0059961297879, 0.52445455624, 0.43432596459, 0.035223349387],
      [0.010265072847, 0.72719894255, 0.24689114069, 0.015644843911],
      [0.021089389496, 0.058658947388, 0.90216279217, 0.01808887095],
      [0.0056602752797, 0.26175597159, 0.63517635463, 0.097407398502],
      [0.10751391003, 0.36851137351, 0.1563858875, 0.36758882896]
    ],
    [
      [0.013282490193, 0.45525443077, 0.49935953717, 0.032103541868],
      [0.026454724529, 0.63990705718, 0.31518575151, 0.018452466779],
      [0.040698619335, 0.041638371061, 0.90288804777, 0.014774961838],
      [0.011907060849, 0.21366859166, 0.69046937739, 0.083954970104],
      [0.22171397829, 0.29498693822, 0.16957534725, 0.31372373624]
    ],
    [
      [0, 0.19680769904, 0.80319230096, 0],
      [0, 0.34341672363, 0.65658327637, 0],
      [0, 0, 1, 0],
      [0, 0.082833496728, 0.91716650327, 0],
      [0, 0.34907656113, 0.65092343887, 0]
    ],
    [
      [0, 0.60052957354, 0.3654946803, 0.033975746161],
      [0, 0.83719792635, 0.16280207365, 0],
      [0, 0.13564290563, 0.86435709437, 0],
      [0, 0.29337022319, 0.59822010992, 0.10840966689],
      [0, 0.4050958464, 0.094904153598, 0.5]
    ],
    [
      [0.014883352843, 0.38175254255, 0.5775398214, 0.025824283206],
      [0.030042262824, 0.55011378623, 0.40736759057, 0.012476360372],
      [0.039349074472, 0.02147639582, 0.9316290582, 0.007545471507],
      [0.012901756071, 0.16883113076, 0.7524818074, 0.065785305764],
      [0.26870267546, 0.24912205443, 0.20885085037, 0.27332441974]
    ],
    [
      [0.0063340244572, 0.44299282722, 0.49910179455, 0.051571353778],
      [0.013574252144, 0.63167535934, 0.31910124372, 0.035649144791],
      [0.019283651149, 0.040606524759, 0.91493739044, 0.025172433654],
      [0.0054095635249, 0.20035600196, 0.66632258884, 0.12791184568],
      [0.098022996505, 0.2717794916, 0.15819871304, 0.47199879885]
    ],
    [
      [0.007495699941, 0.47397875369, 0.48600312516, 0.032522421209],
      [0.013494663749, 0.66885122983, 0.30366709597, 0.013987010446],
      [0.024322587667, 0.047520337741, 0.9136526122, 0.014504462392],
      [0.0068176064616, 0.22607522389, 0.67969981844, 0.087407351202],
      [0.13973200632, 0.33460285757, 0.17763416501, 0.3480309711]
    ],
    [
      [0.01743112574, 0.57645472274, 0.37041880478, 0.035695346738],
      [0.032691353258, 0.754291091, 0.19383327688, 0.01918427886],
      [0.066622128678, 0.063054653475, 0.84959023026, 0.020732987587],
      [0.01733660351, 0.29962252352, 0.57796528893, 0.10507558404],
      [0.26179669539, 0.31973621752, 0.10072780828, 0.31773927881]
    ],
    [
      [0.010609505628, 0.55219356441, 0.38701651784, 0.050180412124],
      [0.021329308713, 0.75885249904, 0.1912046232, 0.028613569049],
      [0.040065237328, 0.064461768805, 0.86733669853, 0.028136295332],
      [0.010026826897, 0.2704817855, 0.57638418038, 0.14310720723],
      [0.15904693419, 0.28055348039, 0.093391537145, 0.46700804828]
    ],
    [
      [0.0047490582741, 0.59067243471, 0.36328980094, 0.041288706073],
      [0.0078102652432, 0.79914626571, 0.174955441, 0.018088028046],
      [0.019427373977, 0.076913824381, 0.8785747189, 0.025084082745],
      [0.0046886418246, 0.31294249314, 0.56167377755, 0.12069508748],
      [0.08070764695, 0.38954349077, 0.11846056228, 0.41128830001]
    ],
    [
      [0.00099595063512, 0.53202342231, 0.46698062706, 0],
      [0, 0.71990694221, 0.28009305779, 0],
      [0.01856021386, 0.046994957817, 0.93444482832, 0],
      [0.0081269665617, 0.25761240007, 0.73426063337, 0],
      [0.1960887671, 0.56428938176, 0.23962185114, 0]
    ],
    [
      [0.018485377949, 0.40269796574, 0.54031395408, 0.03850270223],
      [0.042124525424, 0.57172695274, 0.3573385831, 0.028809938734],
      [0.051797118226, 0.030170610044, 0.90045842948, 0.01757384225],
      [0.015482392399, 0.17946418987, 0.71060889966, 0.094444518077],
      [0.27074272444, 0.23017188935, 0.16394938556, 0.33513600065]
    ],
    [
      [0.0116548173, 0.49544472413, 0.41745717853, 0.075443280043],
      [0.028826828291, 0.66985016726, 0.23062020158, 0.070702802867],
      [0.039996707301, 0.048093188167, 0.86862689631, 0.043283208224],
      [0.010437465234, 0.22788556585, 0.56997757128, 0.19169939764],
      [0.13911202834, 0.22905070406, 0.093740794391, 0.53809647321]
    ],
    [
      [0, 0.4894790392, 0.42647047531, 0.084050485493],
      [0, 0.70420075391, 0.22125343404, 0.074545812047],
      [0, 0.054851425241, 0.8909247005, 0.054223874259],
      [0, 0.2100960075, 0.58158295149, 0.20832104101],
      [0, 0.21916974286, 0.079934416779, 0.70089584037]
    ],
    [
      [0.013853982973, 0.39089974866, 0.56462278645, 0.030623481921],
      [0.028935034899, 0.56294903181, 0.38972981199, 0.018386121299],
      [0.038227303012, 0.029310361552, 0.91980991928, 0.012652416157],
      [0.011808623899, 0.1745915872, 0.73772710181, 0.075872687092],
      [0.23557627744, 0.25933074016, 0.20078151853, 0.30431146388]
    ],
    [
      [0, 0.44206990583, 0.51906478196, 0.038865312211],
      [0, 0.64027298559, 0.34334229587, 0.016384718545],
      [0, 0.038566853349, 0.94402368552, 0.017409461127],
      [0, 0.19923717149, 0.69724761576, 0.10351521275],
      [0, 0.31688410414, 0.19601104531, 0.48710485054]
    ],
    [
      [0.12076999589, 0.36646283883, 0.40911125137, 0.10365591392],
      [0.24246120298, 0.47898883136, 0.22745132123, 0.051098644439],
      [0.31701094561, 0.022346756407, 0.62480419215, 0.035838105829],
      [0.091000791643, 0.14030767083, 0.49936475002, 0.26932678751],
      [0.71402026518, 0.0074965390483, 0.0042262565665, 0.27425693921]
    ],
    [
      [0.006413041249, 0.41009706, 0.55868946583, 0.024800432924],
      [0.0083165122483, 0.62482174979, 0.36686173796, 0],
      [0.01986196579, 0.027216329931, 0.94204498416, 0.010876720119],
      [0.0063946088218, 0.17105694697, 0.75355047719, 0.068997967015],
      [0.15728131421, 0.30682874021, 0.20669001773, 0.32919992785]
    ],
    [
      [0, 0.40062103295, 0.53429472531, 0.065084241743],
      [0, 0.59023618415, 0.36174839775, 0.048015418104],
      [0, 0.032217422428, 0.93832893019, 0.029453647378],
      [0, 0.17055328586, 0.67704975796, 0.15239695618],
      [0, 0.23596975552, 0.16541692697, 0.59861331752]
    ],
    [
      [0, 0.44434471338, 0.55565528662, 0],
      [0, 0.64648277938, 0.35351722062, 0],
      [0, 0.032230001389, 0.96776999861, 0],
      [0, 0.2028989307, 0.7971010693, 0],
      [0, 0.61344929257, 0.38655070743, -0]
    ],
    [
      [6.2450045135e-17, 0.45574507602, 0.5095465024, 0.034708421577],
      [0, 0.66962265388, 0.33037734612, 0],
      [4.3368086899e-17, 0.037852648948, 0.95428505806, 0.0078622929883],
      [0, 0.20049209369, 0.71431998965, 0.085187916655],
      [6.0715321659e-18, 0.37195966704, 0.17456543779, 0.45347489518]
    ],
    [
      [0, 0.47892206401, 0.49622804925, 0.024849886747],
      [0, 0.68981120039, 0.31018879961, 0],
      [0, 0.042471112777, 0.95450609496, 0.0030227922665],
      [5.5511151231e-17, 0.19848920619, 0.69963157731, 0.1018792165],
      [8.9338259013e-17, 0.35968101082, 0.15425532868, 0.48606366049]
    ],
    [
      [0.01195113914, 0.39748360031, 0.55848830381, 0.032076956733],
      [0.024746685571, 0.5740857443, 0.38321780289, 0.017949767239],
      [0.033976089632, 0.03022264006, 0.92277100441, 0.013030265897],
      [0.010313874083, 0.17700173682, 0.73154653096, 0.081137858131],
      [0.21138395664, 0.26172401142, 0.19729986422, 0.32959216772]
    ],
    [
      [0.010206403067, 0.38879229462, 0.5692682774, 0.031733024913],
      [0.020411302378, 0.56570904411, 0.39833939917, 0.015540254339],
      [0.028890445606, 0.028834572812, 0.93033443295, 0.011940548627],
      [0.0088442627979, 0.17177658332, 0.73892353671, 0.080455617168],
      [0.18890843869, 0.26357881874, 0.21089346702, 0.33661927554]
    ],
    [
      [0.018668529492, 0.27773470546, 0.66587638621, 0.03772037884],
      [0.056554839244, 0.46007352792, 0.45446861042, 0.028903022421],
      [0.03756821676, 0.013752397144, 0.93768003724, 0.010999348857],
      [0.0132861863, 0.098722989413, 0.80413663853, 0.083854185761],
      [0.33033548227, 0.11977941625, 0.13659416875, 0.41329093274]
    ],
    [
      [0.011228475118, 0.56461737771, 0.36875276258, 0.055401384588],
      [0.023575774121, 0.75035241524, 0.18469364634, 0.041378164298],
      [0.042787715785, 0.066051810948, 0.85685981034, 0.034300662928],
      [0.010516231474, 0.28316396863, 0.55431869236, 0.15200110754],
      [0.15262635217, 0.30845564981, 0.091950000941, 0.44696799708]
    ],
    [
      [1.3877787808e-16, 0.31677310622, 0.45264913963, 0.23057775415],
      [0, 0.53664537876, 0.30947017207, 0.15388444917],
      [2.7755575616e-17, 0.021116313058, 0.89780263201, 0.081081054935],
