{
  "X": [
    [2, 0, 4, 7, 1],
    [0, 1, 3, 9, 0],
    [0, 1, 3, 2, 0],
    [0, 1, 5, 5, 2],
    [1, 0, 6, 9, 2],
    [0, 0, 6, 3, 2],
    [1, 1, 10, 12, 1],
    [1, 1, 3, 5, 2],
    [0, 1, 15, 23, 6],
    [3, 1, 15, 23, 2],
    [1, 2, 13, 12, 5],
    [1, 3, 33, 21, 5],
    [1, 0, 4, 1, 0],
    [0, 0, 5, 1, 0],
    [0, 0, 6, 3, 4],
    [0, 0, 4, 6, 5],
    [0, 0, 6, 7, 1],
    [3, 2, 10, 2, 1],
    [3, 0, 5, 7, 3],
    [0, 1, 11, 5, 2],
    [1, 0, 10, 1, 1],
    [0, 1, 8, 10, 2],
    [0, 0, 2, 3, 2],
    [1, 2, 14, 13, 2],
    [0, 1, 6, 9, 1],
    [0, 0, 6, 3, 3],
    [1, 0, 8, 8, 4],
    [0, 0, 6, 3, 2],
    [0, 1, 4, 18, 1],
    [5, 1, 41, 61, 14],
    [0, 0, 6, 1, 1],
    [2, 4, 12, 4, 3],
    [1, 2, 13, 15, 6],
    [0, 2, 7, 12, 4],
    [2, 5, 12, 25, 3],
    [2, 1, 17, 12, 5],
    [1, 0, 23, 33, 5],
    [5, 4, 76, 81, 8],
    [3, 0, 14, 28, 5],
    [0, 0, 8, 7, 1],
    [1, 5, 19, 24, 3],
    [1, 0, 13, 10, 1],
    [0, 2, 10, 13, 1],
    [1, 0, 6, 3, 2],
    [2, 2, 12, 22, 5],
    [0, 0, 2, 4, 0],
    [0, 2, 1, 3, 0],
    [1, 3, 12, 15, 4],
    [1, 2, 31, 35, 11],
    [1, 2, 5, 10, 0],
    [1, 1, 2, 4, 2],
    [1, 3, 23, 33, 4],
    [0, 1, 9, 11, 2],
    [0, 0, 1, 6, 1],
    [1, 0, 2, 2, 2],
    [0, 1, 22, 18, 3],
    [0, 2, 12, 4, 1],
    [0, 0, 11, 15, 1],
    [2, 1, 8, 10, 2],
    [0, 0, 6, 6, 0],
    [1, 0, 5, 9, 2],
    [1, 0, 9, 4, 0],
    [0, 1, 7, 6, 2],
    [0, 1, 4, 8, 0],
    [0, 0, 5, 8, 1],
    [0, 0, 4, 4, 0],
    [0, 4, 9, 11, 3],
    [1, 1, 6, 4, 0],
    [0, 0, 8, 5, 0],
    [1, 2, 9, 15, 0],
    [1, 2, 25, 17, 9],
    [2, 0, 4, 8, 1],
    [1, 0, 3, 5, 1],
    [0, 2, 6, 11, 3],
    [0, 0, 2, 5, 1],
    [3, 3, 55, 88, 7],
    [2, 2, 21, 27, 1],
    [2, 4, 29, 58, 8],
    [5, 0, 11, 22, 2],
    [2, 1, 23, 41, 2],
    [0, 1, 6, 11, 1],
    [1, 0, 4, 9, 3],
    [0, 0, 9, 5, 1],
    [1, 4, 16, 24, 2],
    [0, 1, 8, 9, 2],
    [1, 1, 19, 17, 0],
    [0, 0, 10, 19, 2],
    [0, 1, 6, 11, 0],
    [2, 1, 24, 17, 4],
    [0, 0, 2, 5, 1],
    [1, 10, 27, 62, 2],
    [0, 0, 9, 15, 3],
    [1, 2, 8, 5, 1],
    [2, 2, 10, 16, 1],
    [1, 2, 11, 12, 1],
    [4, 3, 42, 146, 7],
    [11, 4, 32, 111, 7],
    [1, 4, 10, 14, 2],
    [0, 1, 9, 0, 0],
    [0, 0, 6, 9, 0],
    [7, 8, 46, 38, 8],
    [2, 7, 4, 75, 11],
    [3, 11, 49, 37, 5],
    [1, 0, 6, 7, 2],
    [0, 2, 15, 52, 2],
    [0, 8, 17, 49, 6],
    [0, 6, 4, 16, 2],
    [0, 12, 62, 87, 7],
    [4, 12, 18, 31, 2],
    [13, 50, 122, 210, 26],
    [5, 33, 93, 181, 13],
    [0, 4, 12, 23, 0],
    [0, 1, 7, 3, 1],
    [15, 3, 47, 149, 12],
    [52, 8, 113, 390, 18],
    [3, 5, 32, 20, 5],
    [1, 3, 10, 24, 1],
    [7, 43, 69, 111, 7],
    [4, 7, 47, 52, 20],
    [2, 1, 8, 16, 4],
    [0, 6, 13, 43, 3],
    [3, 6, 12, 33, 2],
    [1, 1, 13, 9, 5],
    [3, 11, 29, 61, 13],
    [1, 16, 14, 20, 2],
    [2, 4, 39, 35, 6],
    [2, 11, 9, 24, 2],
    [2, 7, 27, 20, 2],
    [11, 83, 97, 167, 16],
    [1, 3, 17, 22, 5],
    [0, 2, 16, 37, 3],
    [0, 5, 35, 27, 5],
    [0, 12, 29, 47, 5],
    [1, 17, 17, 59, 3],
    [2, 12, 41, 71, 7],
    [0, 4, 6, 4, 0],
    [0, 0, 0, 5, 2],
    [1, 4, 6, 17, 1],
    [2, 22, 51, 59, 10],
    [5, 2, 9, 9, 3],
    [0, 4, 10, 19, 1],
    [4, 2, 17, 50, 0],
    [4, 0, 34, 91, 8],
    [2, 2, 8, 9, 2],
    [0, 0, 7, 45, 0],
    [1, 3, 5, 32, 2],
    [3, 9, 6, 32, 2],
    [0, 1, 8, 16, 1],
    [1, 1, 17, 25, 6],
    [4, 2, 19, 39, 2],
    [1, 3, 37, 63, 2],
    [0, 1, 8, 22, 0],
    [3, 2, 28, 10, 9],
    [0, 4, 23, 31, 2],
    [0, 5, 24, 91, 3],
    [7, 7, 27, 61, 6],
    [0, 2, 0, 14, 2],
    [0, 0, 2, 8, 0],
    [2, 0, 1, 2, 1],
    [1, 0, 3, 4, 0],
    [1, 10, 11, 25, 7],
    [1, 2, 10, 41, 2],
    [0, 5, 9, 99, 1],
    [0, 4, 11, 30, 3],
    [1, 4, 15, 24, 3],
    [1, 1, 16, 12, 4],
    [0, 2, 13, 16, 3],
    [1, 2, 15, 69, 6],
    [0, 1, 8, 4, 4],
    [0, 1, 6, 14, 2],
    [1, 1, 2, 8, 0],
    [2, 1, 12, 8, 1],
    [2, 5, 20, 9, 3],
    [0, 5, 20, 42, 2],
    [1, 9, 18, 22, 5],
    [0, 3, 15, 12, 2],
    [1, 5, 14, 19, 4],
    [1, 1, 3, 19, 1],
    [0, 5, 2, 22, 3],
    [0, 3, 2, 22, 1],
    [0, 0, 8, 4, 1],
    [0, 10, 21, 27, 2],
    [1, 0, 10, 5, 3],
    [1, 0, 3, 4, 1],
    [1, 2, 7, 6, 2],
    [1, 1, 12, 16, 1],
    [2, 0, 10, 8, 3],
    [1, 0, 13, 13, 6],
    [0, 1, 3, 2, 4],
    [0, 1, 13, 3, 4],
    [1, 3, 23, 28, 0],
    [2, 3, 13, 11, 2],
    [0, 1, 3, 2, 1],
    [0, 0, 4, 1, 3],
    [0, 0, 2, 6, 0],
    [1, 0, 15, 9, 1],
    [2, 2, 15, 5, 2],
    [3, 0, 6, 10, 7],
    [2, 3, 13, 3, 4],
    [1, 0, 5, 1, 1],
    [1, 2, 23, 28, 7],
    [1, 0, 2, 5, 0],
    [1, 0, 4, 3, 1],
    [0, 1, 23, 14, 5],
    [3, 2, 11, 11, 2],
    [0, 3, 37, 56, 2],
    [3, 2, 5, 11, 4],
    [3, 5, 58, 41, 12],
    [2, 7, 15, 26, 2],
    [5, 1, 16, 28, 4],
    [5, 7, 60, 70, 9],
    [1, 5, 23, 18, 2],
    [11, 5, 29, 35, 6],
    [6, 4, 62, 62, 4],
    [2, 7, 24, 27, 1],
    [1, 3, 19, 22, 2],
    [7, 5, 27, 57, 4],
    [2, 6, 32, 67, 0],
    [4, 3, 15, 29, 3],
    [7, 11, 86, 101, 6],
    [4, 6, 39, 40, 5],
    [0, 0, 15, 39, 4],
    [4, 5, 25, 29, 1],
    [1, 2, 26, 30, 0],
    [0, 0, 4, 6, 0],
    [0, 0, 4, 0, 3],
    [4, 7, 21, 57, 0],
    [0, 3, 27, 19, 5],
    [2, 1, 15, 10, 0],
    [3, 3, 19, 37, 0],
    [2, 2, 23, 41, 7],
    [2, 3, 37, 42, 4],
    [0, 0, 15, 21, 4],
    [0, 0, 5, 10, 1],
    [0, 1, 4, 2, 3],
    [4, 1, 22, 25, 3],
    [2, 6, 32, 50, 7],
    [1, 3, 46, 43, 6],
    [4, 2, 65, 119, 10],
    [2, 3, 30, 28, 9],
    [0, 0, 10, 8, 2],
    [1, 3, 6, 18, 1],
    [7, 22, 40, 58, 7],
    [0, 4, 22, 34, 7],
    [2, 11, 76, 55, 16],
    [1, 0, 7, 5, 1],
    [2, 8, 39, 39, 5],
    [1, 2, 21, 13, 4],
    [3, 3, 33, 22, 8],
    [4, 3, 14, 26, 5],
    [3, 4, 30, 30, 3],
    [3, 2, 3, 7, 0],
    [3, 1, 1, 5, 1],
    [1, 2, 7, 5, 1],
    [0, 1, 4, 7, 0],
    [0, 1, 5, 1, 1],
    [0, 2, 7, 12, 4],
    [0, 0, 13, 11, 0],
    [1, 2, 4, 10, 2],
    [6, 7, 26, 42, 6],
    [4, 1, 6, 13, 1],
    [0, 3, 14, 15, 5],
    [0, 0, 13, 10, 1],
    [2, 5, 37, 34, 8],
    [12, 3, 44, 37, 6],
    [2, 4, 33, 44, 3],
    [3, 1, 27, 36, 6],
    [11, 10, 57, 88, 17],
    [0, 0, 5, 3, 3],
    [5, 19, 67, 127, 16],
    [0, 1, 8, 7, 2],
    [0, 3, 13, 32, 4],
    [0, 6, 8, 13, 3],
    [1, 2, 14, 14, 1],
    [5, 6, 71, 102, 12],
    [3, 5, 52, 63, 10],
    [2, 5, 39, 62, 13],
    [0, 0, 5, 6, 0],
    [1, 0, 9, 4, 0],
    [2, 1, 10, 9, 5],
    [0, 4, 3, 6, 0],
    [0, 0, 5, 1, 0],
    [5, 9, 38, 68, 18],
    [7, 13, 80, 104, 12],
    [5, 6, 32, 47, 7],
    [2, 6, 15, 14, 3],
    [3, 3, 16, 17, 2],
    [0, 1, 6, 15, 2],
    [2, 2, 23, 33, 4],
    [7, 15, 42, 95, 12],
    [5, 6, 44, 50, 10],
    [0, 2, 5, 4, 2],
    [1, 5, 22, 16, 6],
    [1, 3, 24, 13, 6],
    [48, 48, 296, 501, 71],
    [10, 11, 53, 91, 24],
    [47, 108, 520, 1048, 161],
    [7, 5, 37, 40, 11]
  ],
  "W": [
    [7, 6, 0, 0, 1],
    [10, 3, 0, 0, 0],
    [3, 1, 0, 2, 0],
    [8, 2, 0, 2, 1],
    [6, 5, 3, 4, 0],
    [6, 2, 3, 0, 0],
    [12, 4, 3, 5, 1],
    [3, 2, 5, 1, 1],
    [22, 12, 2, 6, 3],
    [25, 9, 2, 5, 3],
    [15, 6, 4, 6, 2],
    [28, 8, 7, 10, 10],
    [3, 1, 0, 2, 0],
    [4, 1, 0, 1, 0],
    [9, 1, 1, 0, 2],
    [8, 1, 1, 3, 2],
    [9, 0, 2, 1, 2],
    [7, 1, 5, 2, 3],
    [6, 1, 6, 3, 2],
    [14, 1, 1, 1, 2],
    [8, 1, 1, 1, 2],
    [6, 5, 6, 1, 3],
    [2, 2, 1, 1, 1],
    [18, 5, 6, 2, 1],
    [9, 1, 3, 1, 3],
    [4, 3, 2, 3, 0],
    [10, 3, 3, 1, 4],
    [6, 1, 2, 1, 1],
    [6, 16, 0, 2, 0],
    [62, 30, 7, 13, 10],
    [5, 1, 1, 1, 0],
    [10, 1, 7, 6, 1],
    [17, 5, 6, 6, 3],
    [11, 1, 8, 1, 4],
    [14, 20, 5, 4, 4],
    [17, 5, 6, 8, 1],
    [33, 19, 2, 2, 6],
    [92, 55, 5, 10, 12],
    [20, 13, 6, 6, 5],
    [11, 2, 1, 1, 1],
    [26, 15, 4, 1, 6],
    [15, 3, 2, 4, 1],
    [14, 6, 2, 3, 1],
    [7, 0, 3, 1, 1],
    [20, 11, 6, 3, 3],
    [0, 1, 0, 3, 2],
    [1, 2, 1, 2, 0],
    [15, 8, 5, 5, 2],
    [50, 20, 1, 2, 7],
    [8, 4, 1, 3, 2],
    [6, 3, 0, 0, 1],
    [36, 16, 4, 1, 7],
    [12, 5, 2, 2, 2],
    [0, 4, 2, 2, 0],
    [2, 1, 1, 2, 1],
    [24, 11, 0, 3, 6],
    [11, 2, 1, 2, 3],
    [15, 4, 2, 3, 3],
    [11, 3, 2, 3, 4],
    [9, 2, 1, 0, 0],
    [10, 2, 3, 1, 1],
    [12, 1, 0, 0, 1],
    [7, 2, 4, 2, 1],
    [4, 5, 2, 1, 1],
    [7, 2, 2, 3, 0],
    [1, 1, 3, 2, 1],
    [8, 7, 9, 2, 1],
    [6, 3, 2, 0, 1],
    [8, 2, 1, 1, 1],
    [11, 8, 6, 1, 1],
    [26, 9, 11, 4, 4],
    [6, 4, 1, 1, 3],
    [6, 2, 1, 0, 1],
    [12, 5, 4, 1, 0],
    [4, 1, 3, 0, 0],
    [84, 47, 8, 8, 9],
    [34, 14, 0, 1, 4],
    [52, 35, 4, 5, 5],
    [15, 11, 2, 5, 7],
    [32, 27, 1, 4, 5],
    [9, 4, 2, 1, 3],
    [4, 4, 3, 1, 5],
    [10, 1, 3, 1, 0],
    [22, 8, 6, 5, 6],
    [12, 3, 2, 1, 2],
    [23, 8, 1, 5, 1],
    [14, 7, 5, 2, 3],
    [9, 3, 1, 4, 1],
    [18, 13, 2, 9, 6],
    [3, 3, 1, 1, 0],
    [43, 38, 5, 6, 10],
    [9, 5, 5, 3, 5],
    [7, 0, 7, 1, 2],
    [13, 10, 4, 2, 2],
    [11, 8, 3, 2, 3],
    [70, 93, 4, 8, 27],
    [69, 68, 8, 10, 10],
    [13, 13, 0, 3, 2],
    [8, 0, 0, 1, 1],
    [8, 7, 0, 0, 0],
    [57, 22, 5, 11, 12],
    [56, 22, 1, 16, 4],
    [53, 24, 7, 11, 10],
    [7, 7, 0, 0, 2],
    [32, 28, 0, 8, 3],
    [37, 34, 0, 3, 6],
    [10, 11, 2, 2, 3],
    [83, 57, 4, 13, 11],
    [32, 21, 0, 7, 7],
    [201, 150, 6, 34, 30],
    [155, 117, 8, 26, 19],
    [20, 16, 0, 0, 3],
    [7, 2, 1, 0, 2],
    [78, 108, 1, 14, 25],
    [234, 245, 9, 29, 64],
    [42, 10, 1, 4, 8],
    [22, 14, 0, 2, 1],
    [120, 75, 3, 20, 19],
    [64, 30, 8, 12, 16],
    [13, 8, 6, 2, 2],
    [28, 28, 1, 0, 8],
    [22, 25, 1, 6, 2],
    [10, 2, 8, 6, 3],
    [49, 41, 9, 9, 9],
    [19, 16, 4, 10, 4],
    [47, 29, 1, 2, 7],
    [15, 25, 1, 5, 2],
    [38, 8, 3, 6, 3],
    [190, 130, 8, 21, 25],
    [32, 9, 1, 5, 1],
    [31, 26, 0, 1, 0],
    [42, 13, 4, 9, 4],
    [32, 46, 2, 6, 7],
    [42, 39, 4, 8, 4],
    [68, 43, 3, 9, 10],
    [6, 3, 2, 1, 2],
    [2, 1, 0, 2, 2],
    [12, 13, 1, 2, 1],
    [70, 39, 12, 16, 7],
    [11, 4, 1, 5, 7],
    [16, 10, 0, 8, 0],
    [34, 25, 3, 2, 9],
    [64, 62, 0, 3, 8],
    [9, 5, 1, 3, 5],
    [22, 29, 0, 1, 0],
    [9, 27, 3, 3, 1],
    [21, 26, 1, 3, 1],
    [17, 6, 0, 2, 1],
    [21, 12, 7, 8, 2],
    [30, 26, 1, 4, 5],
    [54, 39, 1, 2, 10],
    [18, 13, 0, 0, 0],
    [34, 6, 1, 3, 8],
    [25, 20, 3, 10, 2],
    [49, 64, 0, 8, 2],
    [42, 40, 3, 9, 14],
    [4, 11, 1, 2, 0],
    [4, 5, 0, 1, 0],
    [0, 2, 0, 2, 2],
    [1, 4, 1, 1, 1],
    [22, 24, 0, 5, 3],
    [21, 30, 1, 2, 2],
    [32, 71, 1, 6, 4],
    [18, 18, 4, 5, 3],
    [21, 19, 1, 2, 4],
    [18, 5, 3, 0, 8],
    [20, 9, 1, 2, 2],
    [34, 47, 0, 6, 6],
    [4, 2, 3, 7, 1],
    [7, 12, 1, 3, 0],
    [8, 4, 0, 0, 0],
    [9, 7, 2, 3, 3],
    [28, 5, 0, 3, 3],
    [35, 29, 1, 2, 2],
    [26, 18, 4, 4, 3],
    [13, 9, 3, 1, 6],
    [20, 8, 3, 7, 5],
    [12, 10, 0, 1, 2],
    [9, 17, 1, 2, 3],
    [8, 12, 1, 5, 2],
    [6, 4, 0, 2, 1],
    [38, 13, 2, 2, 5],
    [8, 1, 4, 5, 1],
    [1, 1, 4, 1, 2],
    [6, 3, 4, 3, 2],
    [14, 6, 3, 5, 3],
    [13, 0, 4, 6, 0],
    [18, 5, 5, 3, 2],
    [2, 1, 5, 1, 1],
    [7, 3, 8, 2, 1],
    [34, 7, 5, 7, 2],
    [15, 4, 3, 6, 3],
    [1, 0, 3, 1, 2],
    [4, 1, 0, 3, 0],
    [6, 0, 1, 1, 0],
    [14, 5, 4, 2, 1],
    [8, 1, 8, 5, 4],
    [10, 4, 7, 4, 1],
    [12, 2, 4, 1, 6],
    [6, 0, 1, 1, 0],
    [35, 12, 4, 7, 3],
    [2, 2, 2, 2, 0],
    [5, 0, 1, 2, 1],
    [22, 8, 4, 9, 0],
    [10, 3, 6, 5, 5],
    [51, 24, 6, 11, 6],
    [10, 7, 4, 0, 4],
    [76, 25, 4, 6, 8],
    [21, 13, 4, 8, 6],
    [28, 13, 4, 3, 6],
    [83, 47, 5, 7, 9],
    [29, 9, 0, 7, 4],
    [44, 18, 4, 5, 15],
    [75, 37, 0, 16, 10],
    [30, 20, 2, 3, 6],
    [23, 15, 2, 4, 3],
    [49, 28, 4, 8, 11],
    [61, 33, 2, 3, 8],
    [22, 19, 3, 3, 7],
    [110, 57, 19, 13, 12],
    [50, 25, 6, 6, 7],
    [31, 19, 0, 5, 3],
    [33, 20, 2, 3, 6],
    [33, 16, 5, 3, 2],
    [4, 3, 1, 2, 0],
    [2, 1, 1, 2, 1],
    [35, 49, 0, 1, 4],
    [39, 6, 1, 5, 3],
    [14, 6, 4, 2, 2],
    [26, 26, 1, 3, 6],
    [35, 29, 3, 1, 7],
    [55, 22, 1, 4, 6],
    [21, 16, 0, 1, 2],
    [12, 4, 0, 0, 0],
    [7, 0, 0, 2, 1],
    [37, 5, 3, 3, 7],
    [56, 25, 6, 7, 3],
    [56, 27, 3, 6, 7],
    [100, 73, 2, 13, 12],
    [39, 14, 5, 6, 8],
    [6, 2, 4, 2, 6],
    [14, 5, 0, 7, 3],
    [70, 38, 1, 13, 12],
    [38, 14, 4, 9, 2],
    [100, 25, 9, 13, 13],
    [6, 3, 4, 0, 1],
    [48, 20, 5, 11, 9],
    [29, 4, 2, 2, 4],
    [46, 11, 1, 6, 5],
    [27, 13, 1, 3, 8],
    [46, 10, 6, 4, 4],
    [10, 2, 0, 3, 0],
    [4, 3, 1, 0, 3],
    [6, 2, 3, 3, 2],
    [6, 6, 0, 0, 0],
    [5, 2, 1, 0, 0],
    [9, 8, 3, 4, 1],
    [15, 4, 2, 3, 0],
    [10, 5, 2, 0, 2],
    [50, 24, 3, 5, 5],
    [9, 7, 2, 2, 5],
    [19, 6, 3, 4, 5],
    [17, 4, 0, 2, 1],
    [46, 19, 2, 10, 9],
    [63, 22, 1, 3, 13],
    [56, 16, 1, 5, 8],
    [39, 13, 6, 9, 6],
    [97, 48, 9, 13, 16],
    [7, 3, 0, 1, 0],
    [128, 84, 0, 10, 12],
    [11, 2, 1, 2, 2],
    [27, 15, 2, 5, 3],
    [16, 7, 1, 4, 2],
    [23, 6, 0, 2, 1],
    [129, 45, 2, 7, 13],
    [85, 33, 0, 7, 8],
    [68, 29, 4, 9, 11],
    [6, 2, 0, 2, 1],
    [8, 3, 2, 1, 0],
    [11, 7, 4, 2, 3],
    [6, 4, 2, 1, 0],
    [4, 2, 0, 0, 0],
    [76, 40, 6, 10, 6],
    [131, 62, 3, 11, 9],
    [57, 16, 5, 15, 4],
    [17, 7, 4, 10, 2],
    [23, 7, 0, 9, 2],
    [9, 6, 3, 4, 2],
    [39, 15, 4, 3, 3],
    [73, 66, 5, 13, 14],
    [61, 27, 7, 11, 9],
    [4, 3, 2, 2, 2],
    [18, 11, 8, 7, 6],
    [22, 10, 1, 9, 5],
    [398, 336, 64, 76, 90],
    [87, 58, 7, 15, 22],
    [890, 657, 85, 110, 142],
    [44, 23, 6, 15, 12]
  ],
  "method": "mult",
  "cond_prob": [
    [
      [0.13280420445, 7.7037197775e-34, 0.55109273602, 0.19210981134, 0.12399324819],
      [0.054682742983, 0, 0.0091664515621, 0.93179187359, 0.0043589318615],
      [0.076791224184, 0, 0.39755080832, 0.071808926857, 0.45384904064],
      [0.16900535021, 0, 0.28249703224, 0.20914890991, 0.33934870763],
      [0.74227411097, 0, 0.087352138492, 0.064480079056, 0.10589367149]
    ],
    [
      [0, 0.07876066336, 0.29909182068, 0.62214751596, 0],
      [1.1102230246e-16, 0.0707977888, 0.003027264413, 0.92617494679, 0],
      [5.5511151231e-17, 0.056662673833, 0.6095312185, 0.33380610767, 0],
      [0, 0.27283391455, 0.22586375316, 0.50130233228, 0],
      [1.1102230246e-16, 0.08815047335, 0.28458563006, 0.62726389659, 0]
    ],
    [
      [3.7007434154e-17, 0.067993676322, 0.69985946113, 0.23214686255, 0],
      [0, 0.13665347629, 0.0092276360254, 0.85411888768, 0],
      [0, 0.041180069445, 0.86410757871, 0.094712351846, 0],
      [0, 0.32968274737, 0.44559699029, 0.22472026234, 0],
      [0, 0.10510885869, 0.59584593816, 0.29904520315, 0]
    ],
    [
      [9.5409791179e-18, 0.059025123453, 0.51648326662, 0.31152619365, 0.11296541627],
      [1.734723476e-17, 0.086731793496, 0.007748593131, 0.90103846349, 0.0044811498875],
      [0, 0.019188086474, 0.4263169354, 0.086901591262, 0.46759338686],
      [0, 0.15428656007, 0.27332689383, 0.22684951363, 0.34553703248],
      [0, 0.045762305254, 0.30598289311, 0.25201449653, 0.3962403051]
    ],
    [
      [0.039305296057, 0, 0.50663960526, 0.40260121028, 0.051453888405],
      [0.023958658865, 1.35742112e-16, 0.0072119776022, 0.96656258266, 0.0022667808721],
      [0.060376170733, 0, 0.52823440835, 0.133502939, 0.27788648192],
      [0.11581160428, 0, 0.33484981385, 0.337767752, 0.21157082986],
      [0.66850878494, 0, 0.12490021583, 0.12513984817, 0.081451151056]
    ],
    [
      [0, 0, 0.72617179763, 0.13994336708, 0.13388483528],
      [0, 0, 0.013329466342, 0.98127843299, 0.005392100666],
      [0, 0, 0.53877009384, 0.065927643838, 0.39530226232],
      [0, 0, 0.42296910352, 0.21330646189, 0.36372443459],
      [5.5511151231e-17, 0, 0.41963024234, 0.20969108495, 0.37067867272]
    ],
    [
      [0.012623295667, 0.025759668079, 0.49315658581, 0.45364314238, 0.014817308071],
      [0.011159451787, 0.036305313664, 0.0068959461204, 0.94488188045, 0.00075740797933],
      [0.036860076786, 0.015059796148, 0.65113789599, 0.17790108846, 0.11904114262],
      [0.060718671033, 0.09627100328, 0.36850090044, 0.39379564029, 0.080713784957],
      [0.38970905932, 0.019128323554, 0.25861899567, 0.27407330286, 0.058470318591]
    ],
    [
      [0.034698196089, 0.089861872363, 0.33567501509, 0.47406955906, 0.065695357395],
      [0.014199469968, 0.090563754242, 0.0032285960894, 0.89031014724, 0.0016980324577],
      [0.046794106724, 0.051479252134, 0.34258902675, 0.25723163927, 0.30190597512],
      [0.075951756372, 0.25421562236, 0.1707944468, 0.3202412201, 0.17879695437],
      [0.55758418181, 0.037674991401, 0.10277818198, 0.19077161189, 0.11119103292]
    ],
    [
      [0, 0.016528630794, 0.50446972302, 0.37889333971, 0.10010830648],
      [5.2909066017e-17, 0.024329943451, 0.0078765551632, 0.96374665191, 0.0040468494758],
      [5.5511151231e-17, 0.0066108010164, 0.47078107495, 0.12243330399, 0.40017482005],
      [0, 0.048026818292, 0.31558003969, 0.31519166135, 0.32120148067],
      [0, 0.014342763116, 0.32403501453, 0.32112337578, 0.34049884658]
    ],
    [
      [0.035818052595, 0.017689736339, 0.45965841415, 0.45546698745, 0.031366809464],
      [0.018249974301, 0.023521094415, 0.0065590896085, 0.95045581754, 0.0012140241333],
      [0.057062453748, 0.0094368998416, 0.57806021675, 0.17789964706, 0.1775407826],
      [0.093529896029, 0.058953246042, 0.33252612745, 0.3928543435, 0.12213638697],
      [0.45284150959, 0.010808903965, 0.21025225633, 0.24638398139, 0.079713348716]
    ],
    [
      [0.011657620142, 0.043935226663, 0.55994200216, 0.28229058984, 0.10217456119],
      [0.0098487830311, 0.073806425178, 0.0092919529432, 0.90321155107, 0.0038412877786],
      [0.019102942951, 0.018225747217, 0.51204859295, 0.10270188336, 0.34792083352],
      [0.034652843566, 0.12706161475, 0.32332703444, 0.25109578835, 0.2638627189],
      [0.24085708324, 0.031430185815, 0.27848083572, 0.21449479123, 0.23473710399]
    ],
    [
      [0, 0.03160945103, 0.67026514683, 0.26315572677, 0.034969675368],
      [0.0032943802009, 0.063914790676, 0.012609124633, 0.91824426354, 0.0019374409461],
      [0.0064800269751, 0.016318115765, 0.6953950113, 0.10956274492, 0.17224410103],
      [0.0079350352807, 0.11499341823, 0.4637067296, 0.27618646086, 0.13717835602],
      [0.084893441676, 0.033945605308, 0.46268705164, 0.27568817191, 0.14278572947]
    ],
    [
      [0.07199688055, 1.5407439555e-33, 0.92800311945, 0, 0],
      [0.12641913482, 0, 0.024462952117, 0.84911791306, 0],
      [0.13209806647, 0, 0.833637215, 0.034264718522, 0],
      [0.32879511176, 0, 0.59576384477, 0.07544104347, 0],
      [1, 0, 0, 0, 0]
    ],
    [
      [0, 0, 1, 0, 0],
      [0, 0, 0.13922362441, 0.86077637559, 0],
      [4.1633363423e-17, 0, 0.96556600449, 0.034433995514, 0],
      [0, 0, 0.86077637559, 0.13922362441, 0],
      [5.5511151231e-17, 0, 0.86151005276, 0.13848994724, 0]
    ],
    [
      [0, 0, 0.56798696316, 0.18714341941, 0.24486961743],
      [0, 0, 0.012446250321, 0.97532993417, 0.012223815512],
      [0, 0, 0.33770642239, 0.045929613609, 0.616363964],
      [0, 0, 0.27255795779, 0.15064362294, 0.57679841927],
      [0, 0, 0.26898232944, 0.14722483877, 0.5837928318]
    ],
    [
      [0, 0, 0.35256800357, 0.43053138308, 0.21690061335],
      [0, 0, 0.0044255424105, 0.98941568174, 0.0061587758536],
      [1.1102230246e-16, 0, 0.26364722079, 0.10518131076, 0.63117146845],
      [1.1102230246e-16, 0, 0.18322397574, 0.294848448, 0.52192757626],
      [0, 0, 0.18085564051, 0.28830329945, 0.53084106005]
    ],
    [
      [6.1679056924e-18, 0, 0.43251736626, 0.54747758554, 0.020005048204],
      [0, 0, 0.0041851005172, 0.99496151329, 0.00085338619579],
      [0, 0, 0.5664943729, 0.23240127891, 0.20110434819],
      [0, 0, 0.32431751187, 0.53932828898, 0.13635419914],
      [0, 0, 0.32501872301, 0.53428544167, 0.14069583532]
    ],
    [
      [0.09071783994, 0.093605444127, 0.6881615781, 0.09977026339, 0.027744874445],
      [0.049687602493, 0.28399276567, 0.017619006664, 0.64713377422, 0.0015668509525],
      [0.070173819298, 0.049398888428, 0.72572443969, 0.048804115719, 0.10589873686],
      [0.11027416332, 0.32375186744, 0.39183289218, 0.10520828311, 0.068932793937],
      [0.5812900316, 0.055423649471, 0.25098732128, 0.066679079076, 0.045619918579]
    ],
    [
      [0.12395176677, 3.4666738999e-33, 0.29933095293, 0.5345686028, 0.042148677497],
      [0.024953691012, 0, 0.0035778429308, 0.96968610777, 0.0017823582832],
      [0.094350029588, 0, 0.39291050466, 0.19400356759, 0.31873589816],
      [0.15063568275, 0, 0.21485272422, 0.42389168401, 0.21061990902],
      [0.60666424128, 0, 0.09920761945, 0.19360290892, 0.10052523035]
    ],
    [
      [1.734723476e-18, 0.04607417138, 0.64891245347, 0.23952869181, 0.065484683339],
      [0, 0.093993705593, 0.012786295801, 0.88960919823, 0.0036108003784],
      [0, 0.018853140637, 0.6011503087, 0.079621548601, 0.30037500206],
      [1.1102230246e-16, 0.15101873268, 0.40212546281, 0.21070513214, 0.23615067237],
      [0, 0.045548010881, 0.44958179208, 0.23333121782, 0.27153897922]
    ],
    [
      [0.0030308042239, 0, 0.94779340618, 0, 0.049175789595],
      [0.057882320383, 0, 0.056961043095, 0.87783133311, 0.0073253034091],
      [0.026312210626, 0, 0.7739891893, 0.020579034386, 0.17911956569],
      [0.068372460316, 0, 0.67521277857, 0.073106360972, 0.18330840014],
      [0.41159328744, 0, 0.45574486979, 0.014241635764, 0.118420207]
    ],
    [
      [6.6317032884e-17, 0.047382024716, 0.46806282496, 0.47314516002, 0.011409990299],
      [0, 0.059162366149, 0.0069079678225, 0.93245628117, 0.0014733848576],
      [5.5511151231e-17, 0.022067166893, 0.6075984575, 0.15843831002, 0.2118960656],
      [0, 0.1503274158, 0.34657482443, 0.35717427075, 0.14592348902],
      [0, 0.045721867933, 0.38830588057, 0.39701450106, 0.16895775044]
    ],
    [
      [0, 0, 0.55499007811, 0.24151915935, 0.20349076254],
      [1.2143064332e-17, 0, 0.0064164179452, 0.98795537801, 0.0056282040479],
      [1.1102230246e-16, 0, 0.35592237148, 0.07098157883, 0.57309604969],
      [0, 0, 0.26233405297, 0.23677133741, 0.50089460962],
      [0, 0, 0.25893058343, 0.23329800904, 0.50777140753]
    ],
    [
      [0.015956896561, 0.05752689372, 0.51842406123, 0.37610045796, 0.031991690526],
      [0.011585720369, 0.080734007169, 0.0078186620057, 0.89847710136, 0.0013845090988],
      [0.032298805511, 0.028317210764, 0.61377307732, 0.14537518964, 0.18023571677],
      [0.051689989491, 0.17603797465, 0.34048841442, 0.3120829632, 0.11970065824],
      [0.35767444801, 0.038866663316, 0.26565829502, 0.2413891857, 0.096411407944]
    ],
    [
      [3.0104680323e-17, 0.054876545857, 0.35749480991, 0.57955431898, 0.0080743252498],
      [0, 0.052927503613, 0.003734754557, 0.94266200029, 0.00067574153783],
      [0, 0.03241743098, 0.54743288426, 0.25293986495, 0.16720981981],
      [2.7755575616e-17, 0.18563250678, 0.25354616127, 0.46826426785, 0.092557064089],
      [0, 0.056766261315, 0.29432238074, 0.53808842205, 0.11082293589]
    ],
    [
      [0, 0, 0.77588561019, 0, 0.22411438981],
      [0, 0, 0.17628315213, 0.81490026338, 0.0088165844904],
      [0, 0, 0.53265080335, 0.045932810192, 0.42141638646],
      [0, 0, 0.43410216538, 0.15447786316, 0.41141997146],
      [0, 0, 0.42905977184, 0.15172894171, 0.41921128645]
    ],
    [
      [0.0066066796394, 0, 0.52431863618, 0.34519427893, 0.12388040524],
      [0.0080316893937, 0, 0.0078799194383, 0.9798369635, 0.0042514276644],
      [0.016050907033, 0, 0.45885588731, 0.11023509337, 0.41485811228],
      [0.032372191634, 0, 0.31931456117, 0.30275634675, 0.34555690044],
      [0.20732830567, 0, 0.25932291418, 0.24377117333, 0.28957760682]
    ],
    [
      [2.6743653588e-17, 0, 0.67402725397, 0.23044695821, 0.095525787822],
      [0, 0, 0.011509356502, 0.98412757254, 0.0043630709587],
      [0, 0, 0.5516081998, 0.0764840263, 0.3719077739],
      [0, 0, 0.4220347157, 0.24220028098, 0.33576500333],
      [0, 0, 0.41907600439, 0.23802234463, 0.34290165098]
    ],
    [
      [5.9869929506e-49, 0.026276843235, 0.54587903463, 0.35656890623, 0.071275215902],
      [0, 0.042610014824, 0.0031385603302, 0.95425142485, 0],
      [0, 0.010133116173, 0.50159443055, 0.10856376387, 0.37970868941],
      [0, 0.0802893517, 0.33725441346, 0.29628188254, 0.28617435229],
      [1.6653345369e-16, 0.024165859, 0.35574800191, 0.31242038545, 0.30766575364]
    ],
    [
      [0.020492774249, 0.0064205414106, 0.49410600906, 0.38828730425, 0.090693371026],
      [0.011513972703, 0.0095482381243, 0.0078350933313, 0.96763510615, 0.0034675896949],
      [0.025841299199, 0.0028009638794, 0.48859040654, 0.13432518264, 0.34844214774],
      [0.047716911583, 0.019300342537, 0.3218881219, 0.33476238076, 0.27633224322],
      [0.25828198705, 0.0044968088676, 0.25256962078, 0.26049467236, 0.22415691095]
    ],
    [
      [1.6948183511e-33, 0, 0.92436116181, 0, 0.075638838187],
      [0, 0, 0.11864650258, 0.87347680595, 0.0078766914718],
      [0, 0, 0.66682941176, 0.026279226264, 0.30689136198],
      [0, 0, 0.59271827659, 0.10024396779, 0.30703775562],
      [0, 0, 0.58970706092, 0.098790920647, 0.31150201843]
    ],
    [
      [0.048880489843, 0.13285078077, 0.57551382613, 0.184551587, 0.058203316258],
      [0.032791187257, 0.24804484643, 0.011619554566, 0.70495241103, 0.0025920007174],
      [0.0593112859, 0.056372899952, 0.59710828937, 0.070824768422, 0.21638275635],
      [0.088288364127, 0.32757033416, 0.30711136918, 0.14278876501, 0.13424116751],
      [0.53349472825, 0.063415041255, 0.2108159434, 0.097025749946, 0.095248537149]
    ],
    [
      [0.0074421557704, 0.044257238543, 0.45673427719, 0.40213987539, 0.089426453106],
      [0.0064977332337, 0.059145682619, 0.006563493415, 0.92465221787, 0.0031408728595],
      [0.016287166187, 0.018952258145, 0.46529228731, 0.13649942923, 0.36296885913],
      [0.027622328003, 0.12357151849, 0.27645596497, 0.31289223483, 0.2594579537],
      [0.19251257353, 0.032251957282, 0.25073676898, 0.2813370149, 0.24316168531]
    ],
    [
      [0, 0.090072040425, 0.27318978794, 0.60918341131, 0.027554760328],
      [0, 0.078490523015, 0.0027709887089, 0.91725054086, 0.0014879474178],
      [5.5511151231e-17, 0.046715405791, 0.37812392134, 0.2442337815, 0.33092689137],
      [0, 0.24033123325, 0.16563388975, 0.41939259677, 0.17464228024],
      [0, 0.079165638184, 0.20037902087, 0.5021172715, 0.21833806944]
    ],
    [
      [0.019193246229, 0.083240355381, 0.49689451834, 0.35133460012, 0.049337279934],
      [0.0087154617171, 0.12360239823, 0.00050623769961, 0.86717590235, 0],
      [0.030515312186, 0.040112859406, 0.56029514238, 0.13498554193, 0.2340911441],
      [0.046282660478, 0.23143555945, 0.29726466663, 0.27564989615, 0.1493672173],
      [0.3048195289, 0.059070131315, 0.26070440272, 0.24006756425, 0.13533837281]
    ],
    [
      [0.032901392087, 0.017521777524, 0.60556499197, 0.26444256964, 0.079569268786],
      [0.022702508873, 0.034174141369, 0.010786068313, 0.92905514479, 0.0032821366542],
      [0.042360012417, 0.0081327037889, 0.56674722294, 0.10170410274, 0.28105595811],
      [0.080551670134, 0.058930258353, 0.37595402103, 0.26024676751, 0.22431728297],
      [0.42859035459, 0.011020785703, 0.24334928908, 0.16700183571, 0.15003773492]
    ],
    [
      [0.0038942426149, 0, 0.57114234175, 0.35212303881, 0.072840376824],
      [0.0045386687766, 4.6837533851e-17, 0.0094294993013, 0.98289925307, 0.0031325788569],
      [0.0095523082856, 0, 0.5576543408, 0.12615325313, 0.30664009779],
      [0.018866132601, 0, 0.38922940324, 0.33595173055, 0.25595273361],
      [0.12140306753, 0, 0.3465624579, 0.29677399061, 0.23526048396]
    ],
    [
      [0.012731828336, 0.015774357062, 0.68027792981, 0.24752658392, 0.043689300878],
      [0.010784849816, 0.032007700692, 0.012705507287, 0.94244207375, 0.0020598684573],
      [0.020830360178, 0.0081000305373, 0.68011410712, 0.11321206635, 0.17774343582],
      [0.039806329875, 0.057551550397, 0.46465547914, 0.29188157119, 0.1461050694],
      [0.2277741628, 0.014359996297, 0.38904185251, 0.24236368165, 0.12646030675]
    ],
    [
      [0.024445478161, 0, 0.40761082039, 0.51497675618, 0.052966945267],
      [0.012889375995, 9.4108748572e-17, 0.0058117264405, 0.97911180895, 0.0021870886179],
      [0.038305566768, 0, 0.48763109434, 0.17566407333, 0.29839926555],
      [0.066769835636, 0, 0.29941403317, 0.41334222168, 0.22047390952],
      [0.34261522689, 0, 0.20999207669, 0.28759471798, 0.15979797844]
    ],
    [
      [2.8544086287e-17, 0, 0.58751861306, 0.37633285462, 0.036148532311],
      [0, 0, 0.0086313543693, 0.98968640937, 0.001682236262],
      [0, 0, 0.63723811576, 0.13528860994, 0.2274732743],
      [0, 0, 0.44174722896, 0.37476302628, 0.18348974475],
      [0, 0, 0.44104720283, 0.37091414417, 0.188038653]
    ],
    [
      [0.001500914257, 0.085643861145, 0.53889801233, 0.33300331878, 0.040953893494],
      [0.004641114634, 0.12796717582, 0.0086432192562, 0.85690636332, 0.0018421269665],
      [0.01152618013, 0.040935810293, 0.60556065464, 0.12894431398, 0.21303304095],
      [0.017860319688, 0.24231219495, 0.33082438289, 0.26963011339, 0.13937298908],
      [0.13789907827, 0.074616089463, 0.3509893982, 0.28381848211, 0.15267695196]
    ],
    [
      [0.014634792742, 0, 0.62209781918, 0.34290606635, 0.020361321728],
      [0.01397826612, 0, 0.01015806593, 0.9748447119, 0.0010189560484],
      [0.03429693296, 0, 0.7093339397, 0.13596187596, 0.12040725138],
      [0.067235298102, 0, 0.47808774256, 0.35800479701, 0.096672162333],
      [0.40100825218, 0, 0.30703966489, 0.22793192908, 0.064020153847]
    ],
    [
      [6.5361902398e-17, 0.058264232089, 0.50992270607, 0.41165410704, 0.020158954802],
      [0, 0.080074054431, 0.0074481159169, 0.91148136635, 0.00099646330626],
      [0, 0.030951737273, 0.65687689315, 0.16204355152, 0.15012781806],
      [0, 0.19291578379, 0.3611905962, 0.34780887422, 0.09808474579],
      [0, 0.063205598247, 0.41906784464, 0.40044057766, 0.11728597945]
    ],
    [
      [0.028701000665, 0, 0.55869080599, 0.32611620823, 0.086491985117],
      [0.021266449379, 0, 0.0080911851013, 0.96766441818, 0.0029779473443],
      [0.046623017507, 0, 0.52141260182, 0.10062908996, 0.33133529071],
      [0.095352527941, 0, 0.35474020153, 0.28184425107, 0.26806301946],
      [0.56387141489, 0, 0.17018635109, 0.13345502145, 0.13248721258]
    ],
    [
      [0.023633571401, 0.043422246734, 0.39891729232, 0.45684843759, 0.077178451953],
      [0.012682743941, 0.053449958433, 0.0056343025595, 0.92546624974, 0.002766745322],
      [0.035003835207, 0.018882630484, 0.43910264121, 0.15282599681, 0.3541848963],
      [0.056817367248, 0.1174121731, 0.249831739, 0.33411531301, 0.24182340764],
      [0.33578109188, 0.026024406783, 0.19185525375, 0.25453352702, 0.19180572056]
    ],
    [
      [5.5511151231e-17, 0, 0.56377501903, 0.43622498097, 0],
      [1.1102230246e-16, 0, 0.0042546328791, 0.99574536712, 0],
      [0, 0, 0.81435962393, 0.18564037607, 0],
      [0, 0, 0.35395442089, 0.64604557911, 0],
      [0, 0, 0.46694105223, 0.53305894777, 0]
    ],
    [
      [0, 0.20625914002, 0.34545680426, 0.44828405572, 0],
      [0, 0.20111934697, 0, 0.79888065303, 0],
      [0, 0.13669319531, 0.65454319574, 0.20876360895, 0],
      [0, 0.62740448536, 0, 0.37259551464, 0],
      [0, 0.24362878925, 0.29895476915, 0.45741644159, 0]
    ],
    [
      [0.010219909147, 0.069369825117, 0.49130093704, 0.35882573124, 0.070283597453],
      [0.0086522773546, 0.096466529976, 0.0074171660838, 0.88481724178, 0.0026467848016],
      [0.021256397834, 0.030182285383, 0.51726197409, 0.12823015596, 0.30306918673],
      [0.034466822313, 0.18796722296, 0.29208744341, 0.27988694005, 0.20559157127],
      [0.24943352161, 0.048486420846, 0.2622007641, 0.24924530853, 0.19063398492]
    ],
    [
      [0.0054370789612, 0.020429640322, 0.5533062889, 0.27954694031, 0.1412800515],
      [0.0041616642705, 0.037311733358, 0.010074386589, 0.94222143066, 0.0062307851229],
      [0.0065618553732, 0.0076397019406, 0.44329754448, 0.091124501962, 0.45137639625],
      [0.01293150598, 0.056690796994, 0.31018949635, 0.24219927751, 0.37798892317],
      [0.087498271314, 0.015894574401, 0.29564589803, 0.22895733058, 0.37200392568]
    ],
    [
      [0, 0.082067805306, 0.37754769959, 0.5403844951, 0],
      [0, 0.091566463862, 0.0047561957857, 0.90367734035, 0],
      [0.04398112658, 0.053747292412, 0.66614501824, 0.23612656277, 0],
      [0.054650303191, 0.26803826555, 0.2805517134, 0.39675971786, 0],
      [0.39603398192, 0.059664806523, 0.22639673084, 0.31790448072, 0]
    ],
    [
      [0.057844216005, 0.090069946047, 0.32135359538, 0.2487829552, 0.28194928737],
      [0.027520754884, 0.14570922873, 0.004727594674, 0.81330613418, 0.0087362875325],
      [0.029038389622, 0.017651864935, 0.15741824884, 0.043914287001, 0.7519772096],
      [0.063067952989, 0.17367356761, 0.10840483847, 0.12712634921, 0.52772729172],
      [0.57037243932, 0.022452637538, 0.057695643718, 0.067383866246, 0.28209541318]
    ],
    [
      [0.0018427752855, 0.043624900931, 0.49727141835, 0.41222040059, 0.045040504847],
      [0.0036677709797, 0.059333865705, 0.0075546272219, 0.92751625419, 0.0019274819081],
      [0.0099551104634, 0.020832110127, 0.57477895916, 0.15346300775, 0.2409708125],
      [0.01653856542, 0.13134572414, 0.33815638152, 0.34409573113, 0.16986359779],
      [0.11694524954, 0.037926792939, 0.33429752654, 0.33740824996, 0.17342218102]
    ],
    [
      [0, 0.035063180628, 0.52879428352, 0.38821616541, 0.047926370444],
      [0, 0.050291363441, 0.0078073275878, 0.93969375462, 0.0022075543487],
      [1.1102230246e-16, 0.015906905118, 0.57142565443, 0.13604190679, 0.27662553366],
      [8.3266726847e-17, 0.11364957579, 0.3531369655, 0.33006320262, 0.20315025609],
      [0, 0.034336026714, 0.38315336001, 0.35536351156, 0.22714710172]
    ],
    [
      [6.9388939039e-17, 0, 0.39100919966, 0.53781338547, 0.071177414869],
      [0, 0, 0, 1, 0],
      [0, 0, 0.25984403744, 0.51953474921, 0.22062121335],
      [0, 0, 0.24015596256, 0.48046525079, 0.27937878665],
      [5.5511151231e-17, 0, 0.23680520197, 0.47711813874, 0.2860766593]
    ],
    [
      [0.049642515548, 0, 0.5085098248, 0.21500835554, 0.22683930412],
      [0.025341364823, 0, 0.0061443276406, 0.963564857, 0.0049494505407],
      [0.044977401755, 0, 0.36905253859, 0.072259303002, 0.51371075665],
      [0.099988108006, 0, 0.25266591289, 0.22234106771, 0.4250049114],
      [0.63041998631, 0, 0.10245165839, 0.089476993512, 0.17765136178]
    ],
    [
      [2.5135420365e-17, 0.014935772564, 0.72263884193, 0.21453181737, 0.047893568138],
      [0, 0.033667859738, 0.014365178783, 0.94911866455, 0.0028482969272],
      [1.3877787808e-16, 0.0071666857616, 0.6744544432, 0.094571434498, 0.22380743654],
      [0, 0.056476488239, 0.48769299134, 0.26274385073, 0.19308666969],
      [0, 0.016960922772, 0.50592864217, 0.27044992015, 0.2066605149]
    ],
    [
      [6.6629151691e-18, 0.070778468698, 0.76976840518, 0.13551245198, 0.023940674144],
      [0, 0.19743909305, 0.018162678036, 0.78250007881, 0.0018981501024],
      [8.3266726847e-17, 0.035339359009, 0.76443471545, 0.062582448932, 0.13764347661],
      [0, 0.26283168048, 0.47920515798, 0.15555861478, 0.10240454676],
      [1.04000217e-32, 0.088518646086, 0.59112571852, 0.19022106404, 0.13013457136]
    ],
    [
      [0, 0, 0.47952030898, 0.50892945113, 0.011550239893],
      [7.4376269033e-17, 0, 0.0063997165665, 0.9928714246, 0.00072885883421],
      [0, 0, 0.6646994198, 0.2080215092, 0.12727907101],
      [0, 0, 0.40845173178, 0.4982006117, 0.093347656518],
      [0, 0, 0.40894748805, 0.49464256038, 0.096409951567]
    ],
    [
      [0.021627017963, 0.035473884803, 0.46112291694, 0.43551840501, 0.04625777528],
      [0.012899771806, 0.046428984082, 0.0062409478801, 0.93274880068, 0.0016814955479],
      [0.038584647757, 0.017478204496, 0.54166370908, 0.15871351376, 0.24355992491],
      [0.062992902861, 0.11380799079, 0.30599112873, 0.35239309779, 0.16481487983],
      [0.36431387072, 0.023529983389, 0.22690606641, 0.25911120549, 0.12613887399]
    ],
    [
      [0, 0, 0.57425780798, 0.42574219202, 0],
      [1.1102230246e-16, 0, 0.0076638961435, 0.99233610386, 0],
      [0, 0, 0.81635193587, 0.18364806413, 0],
      [5.5511151231e-17, 0, 0.52169065627, 0.47830934373, 0],
      [0, 0, 0.52378155862, 0.47621844138, 0]
    ],
    [
      [0.025019989403, 8.6666847497e-34, 0.34183955848, 0.57531500066, 0.057825451461],
      [0.013011864104, 0, 0.0037558826755, 0.9813585573, 0.0018736959173],
      [0.04857513973, 0, 0.40515787556, 0.19709836262, 0.34916862209],
      [0.08230908569, 0, 0.23170750465, 0.44912237044, 0.23686103922],
      [0.49574187288, 0, 0.12691151852, 0.24371542052, 0.13363118808]
    ],
    [
      [0.026857615753, 0, 0.728946255, 0.24419612924, 0],
      [0.029193988087, 0, 0.014416582826, 0.95638942909, 0],
      [0.058572248254, 0, 0.84113158996, 0.10029616179, 0],
      [0.12373604595, 0, 0.59209841254, 0.28416554152, 0],
      [0.64851462287, 0, 0.23822835714, 0.11325701999, 0]
    ],
    [
      [6.4432586251e-18, 0.051809685245, 0.52322825124, 0.3793789735, 0.045583090013],
      [6.0715321659e-17, 0.072528221081, 0.0071249663718, 0.91833470219, 0.0020121103545],
      [0, 0.024212450797, 0.57145956689, 0.13395850761, 0.27036947471],
      [0, 0.171648281, 0.33034684451, 0.31056350819, 0.1874413663],
      [0, 0.052129395942, 0.37662035198, 0.3507167343, 0.22053351778]
    ],
    [
      [0, 0.059121326843, 0.39966463443, 0.54121403872, 0],
      [0, 0.079316492655, 0, 0.92068350734, 0],
      [0, 0.03497104268, 0.77577342159, 0.18925553573, 0],
      [0, 0.22589909745, 0.38587936535, 0.38822153719, 0],
      [0, 0.071091046541, 0.46391525373, 0.46499369973, 0]
    ],
    [
      [0, 0, 0.40724039836, 0.57842438264, 0.014335219002],
      [1.4094628242e-16, 0, 0.0046797742847, 0.99428013312, 0.0010400925993],
      [0, 0, 0.56733988468, 0.2139905736, 0.21866954173],
      [1.5407439555e-33, 0, 0.33509263119, 0.51149596937, 0.15341139944],
      [0, 0, 0.33503205523, 0.50699104667, 0.15797689811]
    ],
    [
      [0, 0, 0.53562287355, 0.46437712645, 0],
      [0, 0, 0.0048508395333, 0.99514916047, 0],
      [0, 0, 0.6910853474, 0.3089146526, 0],
      [0, 0, 0.46112024559, 0.53887975441, 0],
      [0, 0, 0.46402975352, 0.53597024648, 0]
    ],
    [
      [1.8055593229e-33, 0.13743333279, 0.45722142488, 0.35356510285, 0.051780139474],
      [0, 0.18193206623, 0.0062684182948, 0.80996855736, 0.0018309581139],
      [2.5037089277e-33, 0.085808096003, 0.49678995672, 0.1849205006, 0.23248144668],
      [0, 0.35975055605, 0.24731167649, 0.25117023878, 0.14176752868],
      [0, 0.13523489793, 0.33261670937, 0.33507429275, 0.19707409994]
    ],
    [
      [0.023728231857, 0.077040235328, 0.69277050817, 0.20646102464, 0],
      [0.025910536794, 0.14250527515, 0.011421439606, 0.82016274846, 0],
      [0.060199278743, 0.038540144258, 0.80229581019, 0.098964766811, 0],
      [0.096163443183, 0.27411650138, 0.41808745435, 0.21163260109, 0],
      [0.65950044099, 0.033162474083, 0.20452101176, 0.10281607316, 0]
    ],
    [
      [1.5612511284e-17, 0, 0.72678713223, 0.27321286777, 0],
      [0, 0, 0.01252341859, 0.98747658141, 0],
      [0, 0, 0.87851328861, 0.12148671139, 0],
      [0, 0, 0.64012242441, 0.35987757559, 0],
      [0, 0, 0.64202039195, 0.35797960805, 0]
    ],
    [
      [0.010162670367, 0.074382416401, 0.38165706573, 0.5337978475, 0],
      [0.01169421321, 0.082609374558, 0.0060108699895, 0.89968554224, 0],
      [0.047617851405, 0.041935741169, 0.6987719957, 0.21167441172, 0],
      [0.064812974766, 0.22410582701, 0.32598432389, 0.38509687434, 0],
      [0.44413683709, 0.045198149097, 0.23506901893, 0.27559599488, 0]
    ],
    [
      [0.0060652477058, 0.030361771468, 0.62127379578, 0.22824679888, 0.11405238617],
      [0.0065903197555, 0.062674600856, 0.011540598098, 0.91463897672, 0.0045555045705],
