{
  "X": [
    [70, 79, 139, 143, 1162, 30],
    [86, 39, 80, 73, 912, 24],
    [7, 6, 14, 17, 41, 8],
    [9, 33, 40, 46, 126, 11],
    [7, 35, 33, 38, 96, 18],
    [9, 54, 45, 47, 260, 12],
    [39, 66, 92, 90, 570, 24],
    [28, 77, 107, 117, 531, 20],
    [22, 113, 71, 88, 687, 30],
    [19, 54, 95, 77, 457, 21],
    [10, 32, 29, 20, 308, 12],
    [3, 6, 3, 8, 26, 0],
    [2, 4, 2, 7, 36, 6],
    [1, 3, 2, 4, 25, 2],
    [52, 59, 143, 102, 830, 39],
    [72, 120, 310, 255, 902, 68],
    [78, 73, 168, 225, 743, 43],
    [113, 134, 443, 392, 859, 107],
    [71, 153, 255, 227, 1214, 53],
    [26, 36, 55, 50, 368, 27],
    [38, 41, 95, 115, 200, 36],
    [30, 72, 118, 155, 456, 29],
    [97, 148, 285, 293, 1349, 68],
    [57, 76, 165, 182, 965, 34],
    [63, 54, 213, 126, 765, 43],
    [17, 26, 41, 52, 208, 11],
    [46, 79, 219, 238, 548, 58],
    [37, 69, 115, 149, 505, 26],
    [70, 106, 195, 210, 1101, 43],
    [7, 8, 25, 15, 165, 13],
    [16, 32, 50, 66, 157, 17],
    [1, 7, 7, 8, 42, 2],
    [3, 2, 4, 6, 19, 3],
    [3, 10, 10, 16, 80, 2],
    [195, 259, 676, 563, 3416, 191],
    [16, 35, 73, 68, 315, 17],
    [85, 231, 182, 398, 1363, 74],
    [7, 27, 12, 21, 164, 4]
  ],
  "W": [
    [65, 94, 163, 1077, 165, 59],
    [78, 58, 86, 849, 100, 43],
    [4, 8, 18, 39, 17, 7],
    [6, 46, 61, 107, 34, 11],
    [6, 33, 52, 84, 42, 10],
    [10, 44, 59, 240, 59, 15],
    [35, 96, 89, 528, 107, 26],
    [22, 84, 134, 476, 132, 32],
    [24, 138, 94, 627, 92, 36],
    [20, 80, 82, 419, 90, 32],
    [14, 29, 31, 287, 41, 9],
    [1, 4, 13, 23, 4, 1],
    [2, 8, 6, 34, 5, 2],
    [1, 2, 5, 25, 1, 3],
    [61, 68, 136, 742, 168, 50],
    [72, 166, 323, 757, 354, 55],
    [73, 96, 234, 666, 218, 43],
    [100, 118, 471, 765, 499, 95],
    [72, 182, 250, 1098, 302, 69],
    [35, 51, 64, 333, 55, 24],
    [34, 47, 136, 166, 118, 24],
    [39, 94, 168, 377, 143, 39],
    [104, 193, 321, 1225, 324, 73],
    [43, 139, 199, 863, 184, 51],
    [72, 75, 130, 681, 262, 44],
    [13, 30, 57, 193, 50, 12],
    [47, 80, 283, 485, 255, 38],
    [33, 95, 180, 434, 127, 32],
    [70, 146, 231, 969, 243, 66],
    [9, 15, 16, 152, 34, 7],
    [22, 36, 82, 122, 59, 17],
    [2, 5, 17, 34, 4, 5],
    [2, 1, 7, 19, 4, 4],
    [2, 16, 17, 73, 12, 1],
    [200, 396, 621, 3084, 800, 199],
    [14, 57, 62, 287, 80, 24],
    [78, 297, 466, 1196, 206, 90],
    [5, 38, 24, 142, 16, 10]
  ],
  "method": "mult",
  "cond_prob": [
    [
      [0.71829616609, 0.00018930596403, 0.013144020768, 0.01109373147, 0.24416835593, 0.013108419778],
      [0.00087009280405, 0.5359516569, 0.0032770378185, 0.062768717437, 0.39191833444, 0.0052141605919],
      [0.024420833971, 0.12214057207, 0.02433498007, 0.74491289622, 0.043442962248, 0.040747755421],
      [0, 0, 0, 0, 1, 0],
      [0.033327230192, 0.024235125251, 0.72311275675, 0.027666352227, 0.12493064844, 0.066727887145],
      [0.23304019596, 0.079670007607, 0.24673543187, 0.17615081042, 0.077863959131, 0.18653959502]
    ],
    [
      [0.74962301494, 0, 0.010318946519, 0.0081257539867, 0.21783660512, 0.014095679437],
      [0.0017781787513, 0.48841640929, 0.0034328578197, 0.063251338602, 0.43603020994, 0.0070910056039],
      [0.05047892264, 0.092665781115, 0.02457937715, 0.72129123016, 0.057211337338, 0.053773351597],
      [0, 0, 0, 0, 1, 0],
      [0.11675784301, 0, 0.67384880425, 0, 0.12551822106, 0.083875131686],
      [0.26533253067, 0.062850955475, 0.22086766415, 0.15503645945, 0.075511523441, 0.22040086681]
    ],
    [
      [0.79957843324, 0, 0.010451867865, 0.011649215976, 0.15213795112, 0.026182531793],
      [0.0056550130852, 0.51811366556, 0.0056269157242, 0.082637284284, 0.36998087086, 0.017986250484],
      [0.044958302589, 0.077172219105, 0.024396666863, 0.7539774369, 0.0028604240612, 0.096634950483],
      [0.019784800188, 0, 0.0095125333166, 0.02954177707, 0.92241161028, 0.018749279148],
      [0.032553117675, 0.0082807202914, 0.69789040225, 0.031747275032, 0.06711413322, 0.16241435153],
      [0.2317409297, 0.04645978381, 0.17698736595, 0.14698257376, 0.03787436143, 0.35995498534]
    ],
    [
      [0.73278591316, 0, 0.020288464628, 0.0090782555215, 0.21761646988, 0.020230896815],
      [0.0016702270249, 0.54300916414, 0.022170167613, 0.053359089485, 0.36934955605, 0.010441795685],
      [0.030442134831, 0.11492749609, 0.076407735742, 0.68315474567, 0.026134466267, 0.068933421402],
      [0, 0, 0.031866596504, 0, 0.9618944667, 0.0062389367939],
      [0.014863614112, 0.0088185262386, 0.81057963905, 0.0099146742848, 0.074933224855, 0.080890321457],
      [0.19673827031, 0.064651935969, 0.29346691528, 0.13467944902, 0.05814377982, 0.2523196496]
    ],
    [
      [0.68918176141, 0.0021073143525, 0.015043031109, 0.011291354575, 0.24316265698, 0.039213881577],
      [0, 0.64371815485, 0.0045866171155, 0.047975164527, 0.28978035949, 0.013939704021],
      [0.015747754774, 0.17965407428, 0.02613894522, 0.65329585177, 0.017043969286, 0.10811940466],
      [0, 0.026658488229, 0.0061158356415, 0.0047346887497, 0.95373404082, 0.0087569465575],
      [0.013302270326, 0.0303615107, 0.68988988776, 0.017505947374, 0.082547777276, 0.16639260657],
      [0.14873308296, 0.088814868071, 0.19100528175, 0.12447235062, 0.051131971737, 0.39584244486]
    ],
    [
      [0.64572641009, 0.0018315354761, 0.015893386828, 0.013657382552, 0.30120887369, 0.021682411361],
      [0, 0.66903941961, 0, 0.04448924782, 0.28247840897, 0.0039929236039],
      [0, 0.23672426368, 0, 0.67964258248, 0.036253142147, 0.047380011697],
      [0, 0.0179275981, 0, 0.0046460535508, 0.97742634835, 0],
      [0.0032905811216, 0.072988237433, 0.7009609358, 0.020664845893, 0.11415874378, 0.087936655976],
      [0.15657277419, 0.13121927155, 0.23229139464, 0.16484720962, 0.073482426328, 0.24158692368]
    ],
    [
      [0.73305449145, 0.00030699138916, 0.013947330836, 0.012758296317, 0.22157135247, 0.018361537543],
      [0.0017888341168, 0.53445265641, 0.0046464844839, 0.073674362116, 0.37731613428, 0.0081215285904],
      [0.023919633706, 0.10786651631, 0.024707718396, 0.75729524399, 0.032562539386, 0.053648348215],
      [0.0060829903356, 0.0035481738007, 0.0049446675678, 0.014954729727, 0.96701506965, 0.0034543689214],
      [0.020080679247, 0.013206967272, 0.74970833576, 0.02446678021, 0.10155109591, 0.090986141592],
      [0.21854099029, 0.069042271916, 0.23220067579, 0.17566928355, 0.064410143483, 0.24013663497]
    ],
    [
      [0.71203391033, 0.00062104842337, 0.013622346963, 0.012270612216, 0.24828590604, 0.01316617603],
      [0.00053536426103, 0.57478288804, 0.0016383179566, 0.060980306568, 0.35752103068, 0.0045420924968],
      [0.021326054413, 0.15907072847, 0, 0.74203780332, 0.040336098374, 0.03722931542],
      [0, 0.0012144799834, 0, 0.0069185101408, 0.99186700988, 0],
      [0.018037002179, 0.029227317404, 0.74735885867, 0.022909106104, 0.11768893933, 0.064778776305],
      [0.22036586863, 0.092281198595, 0.2472287598, 0.18304444693, 0.076164675458, 0.1809150506]
    ],
    [
      [0.6498719427, 0.00093946599689, 0.014874919676, 0.014117973516, 0.29263894463, 0.027556753475],
      [0, 0.59592378235, 0, 0.056882755351, 0.3394459684, 0.0077474938999],
      [0, 0.18300656711, 0, 0.71312087953, 0.037919087038, 0.065953466329],
      [0, 0.0090324463325, 0, 0.0074763827372, 0.98269582787, 0.000795343065],
      [0.0073394161761, 0.048899901932, 0.6854432162, 0.022741521176, 0.11821260257, 0.11736334195],
      [0.15910686353, 0.093756075419, 0.21061738993, 0.16661316103, 0.070635666685, 0.29927084341]
    ],
    [
      [0.65351470328, 0.00014259680079, 0.022112605113, 0.014552099459, 0.28804536735, 0.021632628001],
      [0, 0.52335661809, 0.0090974781627, 0.068716380715, 0.39110719319, 0.0077223298425],
      [0.010060914134, 0.10946015105, 0.041107021429, 0.7511499695, 0.03546037123, 0.05276157265],
      [0, 0, 0.020154024699, 0.0057533561137, 0.97060305012, 0.0034895690633],
      [0, 0.01024030775, 0.80635309059, 0.018650918776, 0.090676801336, 0.074078881551],
      [0.15952221798, 0.069726829155, 0.29508935581, 0.17275347353, 0.068724269831, 0.23418385369]
    ],
    [
      [0.61631015324, 0.0010317089493, 0.014229014254, 0.0094395575792, 0.3273081833, 0.031681382669],
      [0, 0.64868403382, 0.0017519072862, 0.034063174012, 0.30760674073, 0.0078941441553],
      [0, 0.25109560558, 0.024271525356, 0.57537809291, 0.058506421391, 0.090748354765],
      [0, 0, 0, 0, 1, 0],
      [0, 0.10686451414, 0.63860308362, 0, 0.12288216317, 0.13165023906],
      [0.15240642829, 0.11203447122, 0.20164941941, 0.11592147416, 0.07169135548, 0.34629685144]
    ],
    [
      [0.92989885133, 0.00061518161856, 0.0020749019678, 0.00079946954043, 0.066611595546, 0],
      [0.0045719544919, 0.68028997061, 0, 0.027918576476, 0.28721949842, 0],
      [0.074769217919, 0.23667018734, 0, 0.59413662212, 0.09442397263, 0],
      [0, 0, 0, 0, 1, 0],
      [0.14176872317, 0.023620173766, 0.70138986008, 0.01078064968, 0.1224405933, 0],
      [0.51273860506, 0.10703180551, 0.19236565772, 0.12062753834, 0.067236393366, 0]
    ],
    [
      [0.74895829904, 0, 0.003938703445, 0.013199359406, 0.17205383041, 0.061849807703],
      [0.0011939478203, 0.44196988302, 0, 0.13049507413, 0.38636228443, 0.039978810608],
      [0.014950311772, 0.060083031661, 0, 0.73645308485, 0.017936480086, 0.17057709163],
      [0, 0, 0, 0.029478132639, 0.9375098204, 0.033012046966],
      [0.034930039013, 0.0091183327858, 0.37485032705, 0.055229903203, 0.10329986484, 0.42257153311],
      [0.11408987683, 0.029075540984, 0.058935478932, 0.11625807666, 0.032770982802, 0.64887004379]
    ],
    [
      [0.75323648955, 0.00085782390704, 0.01473487763, 0.008904811891, 0.19483999466, 0.027426002356],
      [0, 0.71641982727, 0.0037015808277, 0.037192663015, 0.23394891087, 0.0087370180162],
      [0, 0.18054968273, 0.028278137248, 0.67652336019, 0.027639582904, 0.087009236928],
      [0, 0.010908624339, 0.010637277435, 0.0071255723974, 0.96012738194, 0.011201143891],
      [0.005934997559, 0.011433387677, 0.83127904901, 0.010056661298, 0.054716990692, 0.086578913765],
      [0.080276170963, 0.12646837058, 0.24642009653, 0.11529902997, 0.047054243316, 0.38448208864]
    ],
    [
      [0.66593074526, 1.2808611754e-05, 0.015995357602, 0.0099581671461, 0.2864052974, 0.021697623974],
      [0.00019459105969, 0.52961013794, 0.0039062633084, 0.05351585464, 0.40517084879, 0.007602304263],
      [0.016001741238, 0.13079039976, 0.028703710623, 0.66470931788, 0.094924063028, 0.064870767473],
      [0, 0, 0, 0, 1, 0],
      [0, 0.0083934343455, 0.74589268837, 0, 0.15557557563, 0.090138301648],
      [0.18377511077, 0.075762759141, 0.2508996198, 0.14706012914, 0.078625797254, 0.26387658389]
    ],
    [
      [0.68623355921, 0, 0.0176393, 0.010317963792, 0.26538397455, 0.020425202446],
      [0.00050402499014, 0.49652172819, 0.0072046900223, 0.062943993137, 0.42457744679, 0.0082481168725],
      [0.021527473749, 0.10541707392, 0.038879935692, 0.72775462147, 0.04640376179, 0.060017133383],
      [0, 0, 0.0015723604106, 0, 0.99637387231, 0.0020537672813],
      [0.013974801464, 0, 0.78929729234, 0, 0.1105679531, 0.086159953097],
      [0.19285566999, 0.064139604456, 0.26135007832, 0.15897565477, 0.073236470419, 0.24944252204]
    ],
    [
      [0.72653607111, 0, 0.011449912948, 0.015006143736, 0.23028284433, 0.01672502788],
      [0.0017291439665, 0.48881671234, 0.0024055875486, 0.084120218827, 0.41536540697, 0.0075629303463],
      [0.033599726409, 0.089480834474, 0, 0.79689463805, 0.032703087538, 0.047321713534],
      [0, 0, 0, 0.021096378306, 0.97741050665, 0.0014931150461],
      [0.033195365557, 0.011353453072, 0.72205757948, 0.031704396447, 0.11338790703, 0.088301298411],
      [0.22553356552, 0.061861106474, 0.22150389822, 0.19520741442, 0.069483480247, 0.22641053512]
    ],
    [
      [0.71442874978, 0.00030042229882, 0.018073297901, 0.012758750399, 0.2330115225, 0.021427257125],
      [0.0011036904416, 0.54455448543, 0.0070229882382, 0.068000387546, 0.3704772452, 0.0088412031481],
      [0.023666111174, 0.1160324721, 0.037180647219, 0.73995740445, 0.021519903284, 0.061643461766],
      [0.0030127388406, 0.0024737569141, 0.018885391435, 0.009695373215, 0.96091328773, 0.0050194518628],
      [0.018124303594, 0.012966929517, 0.77072137353, 0.022436788746, 0.082064022899, 0.093686581716],
      [0.19927766822, 0.070508550119, 0.2506798202, 0.16386551198, 0.061032061357, 0.25463638813]
    ],
    [
      [0.68821343494, 0.00061273605011, 0.015802264504, 0.013445593923, 0.26449074086, 0.017435229716],
      [0.00029704402021, 0.56006753732, 0.0035446134689, 0.064043713301, 0.36603487565, 0.0060122162418],
      [0.019407580156, 0.12785143904, 0.024956150398, 0.74363363866, 0.037943263997, 0.046207927751],
      [0, 0.0061653010996, 2.0134896202e-05, 0.0084328799769, 0.98424602441, 0.0011356596183],
      [0.010266282844, 0.02136434369, 0.7600089659, 0.022515655173, 0.10964577779, 0.076198974602],
      [0.19481533645, 0.084626073177, 0.25265599838, 0.17983364748, 0.073004979653, 0.21506396487]
    ],
    [
      [0.64423774931, 0, 0.02200021889, 0.011058648154, 0.28512452428, 0.037578859375],
      [0, 0.52323052383, 0.0069313652729, 0.056351334766, 0.3997898455, 0.01369693063],
      [0, 0.1135288546, 0.072898958171, 0.6697217795, 0.042222725355, 0.10162768237],
      [0, 0, 0.00775983636, 0, 0.98530828124, 0.0069318823986],
      [0, 0.010541432926, 0.74468056672, 0.014622034737, 0.096718862828, 0.13343710279],
      [0.14381994893, 0.061234074128, 0.23622927957, 0.12802597679, 0.062579583257, 0.36811113733]
    ],
    [
      [0.73005787383, 0, 0.013812003125, 0.013604602596, 0.21617173257, 0.026353787874],
      [0.0029278357361, 0.52037476802, 0.0049028897082, 0.074432904027, 0.38493621936, 0.012425383153],
      [0.029419513775, 0.10152976372, 0.025783818034, 0.74507410378, 0.018975122913, 0.079217677781],
      [0.0080717649307, 8.5797619564e-05, 0.0050014187914, 0.015645178564, 0.96487574163, 0.0063200984635],
      [0.023997578188, 0.010881381903, 0.71985958778, 0.028214114426, 0.088467616261, 0.12857972144],
      [0.20282262217, 0.059837190325, 0.20915374781, 0.15761057354, 0.057041259876, 0.31353460628]
    ],
    [
      [0.61204120187, 0.00033986014318, 0.016810921089, 0.028952678521, 0.32135958375, 0.020495754618],
      [0, 0.51362652964, 0, 0.074169379833, 0.40651311852, 0.0056909720136],
      [0, 0.10638977066, 0.0020086542019, 0.80229743592, 0.04520661932, 0.044097519895],
      [0, 1.5088664944e-32, 0, 0, 1, 4.6184914556e-33],
      [0, 0.019964514145, 0.74900610281, 0.029600150292, 0.12242169818, 0.079007534571],
      [0.15718956736, 0.076344735242, 0.25382172998, 0.20205469506, 0.080864825834, 0.22972444653]
    ],
    [
      [0.69138995875, 0.00024404083623, 0.016624616853, 0.013957128918, 0.25812966628, 0.019654588357],
      [0.00054242998935, 0.52469692541, 0.0050987131562, 0.071558915726, 0.39050986769, 0.007593148035],
      [0.019778068756, 0.10885878364, 0.027145493865, 0.75677048609, 0.035256372979, 0.052190794665],
      [0, 0.0017593409659, 0.0069518635632, 0.011610482373, 0.97704471814, 0.0026335949592],
      [0.014277969005, 0.013693230334, 0.76121078997, 0.023204222923, 0.10343659181, 0.08417719595],
      [0.19199908594, 0.070858140934, 0.25239665563, 0.17908565327, 0.069528480123, 0.23613198411]
    ],
    [
      [0.73238385619, 0, 0.014004150942, 0.011296765319, 0.22872214869, 0.013593078862],
      [0.0015885265657, 0.44496306905, 0.0052663777242, 0.079410892922, 0.46188520448, 0.0068859292583],
      [0.046567747304, 0.050550143267, 0.038957476941, 0.77809150141, 0.042025263762, 0.043807867313],
      [0, 0, 0.0012169560332, 0.0029694610823, 0.99451425733, 0.0012993255573],
      [0.020343372892, 0.0074939635834, 0.77041229622, 0.021155949692, 0.11177139229, 0.06882302533],
      [0.24071620913, 0.053171874359, 0.25700316733, 0.18001130464, 0.073885028258, 0.19521241627]
    ],
    [
      [0.68331352432, 0, 0.015561246412, 0.013866688358, 0.26757378272, 0.01968475819],
      [0.00045887581568, 0.48941594817, 0.0043014735545, 0.075031313985, 0.42297098644, 0.0078214020297],
      [0.019285130331, 0.096242696621, 0.024884624651, 0.76740006333, 0.039926583885, 0.052260901179],
      [0, 0, 0, 0.006099960497, 0.99241802113, 0.0014820183712],
      [0.010817081965, 0.0075724386934, 0.75362166964, 0.028200549681, 0.11355672938, 0.086231530649],
      [0.1914970033, 0.063597145198, 0.24711593392, 0.18340055775, 0.073474369739, 0.24091499009]
    ],
    [
      [0.75499487165, 0.00044988817127, 0.011885994658, 0.011858140521, 0.20489513074, 0.015915974259],
      [0.0019835547617, 0.55402329477, 0.0032127382572, 0.070063496103, 0.36348515159, 0.0072317645176],
      [0.03324551584, 0.1160892117, 0.015814331365, 0.75396735475, 0.030294846788, 0.050588739562],
      [0.0063121373697, 0.0057827925532, 0, 0.017532627159, 0.96756628103, 0.0028061618837],
      [0.023065972937, 0.015108134582, 0.74363256929, 0.025996325844, 0.10387634487, 0.088320652479],
      [0.23825203864, 0.073740154339, 0.22217121412, 0.17368222797, 0.06424108356, 0.22791328138]
    ],
    [
      [0.67797002839, 0.00022100965199, 0.018063516223, 0.014520323502, 0.2645203298, 0.024704792435],
      [0.00027566435928, 0.52486210045, 0.0061791774393, 0.071497616246, 0.38778434013, 0.009401101377],
      [0.014576612186, 0.11077759862, 0.03213999438, 0.75098915497, 0.027698815436, 0.063817824411],
      [0, 1.6414850362e-05, 0.012899546392, 0.01299521612, 0.9697357224, 0.0043531002365],
      [0.013250702105, 0.012032435178, 0.7565663674, 0.024566619215, 0.0936906439, 0.099893232197],
      [0.17392750609, 0.067746103391, 0.24685153801, 0.17106939266, 0.065607709531, 0.27479775031]
    ],
    [
      [0.70632133546, 0, 0.015680578057, 0.011234966541, 0.25095813003, 0.015804989913],
      [0.00088252610352, 0.50297614889, 0.0052389014977, 0.066923529146, 0.4174477004, 0.0065311939615],
      [0.025769084237, 0.098669776398, 0.03677296196, 0.74682481026, 0.044755623262, 0.047207743883],
      [0, 0, 0.002370982404, 0, 0.99648011824, 0.0011488993591],
      [0.017006848964, 0.01023509601, 0.77107071748, 0.018298397797, 0.11133098101, 0.072057958734],
      [0.21278909278, 0.067401528451, 0.26283514518, 0.17247338963, 0.074794752513, 0.20970609145]
    ],
    [
      [0.69095344831, 6.5973393214e-05, 0.013618486104, 0.012950908046, 0.26688862326, 0.015522560886],
      [0.00044600314935, 0.50592983351, 0.002273329345, 0.069955854276, 0.41555508256, 0.0058398971583],
      [0.020458078691, 0.1063609817, 0.021417557959, 0.7637569478, 0.044990083178, 0.043016350675],
      [0, 0, 0, 0, 1, 0],
      [0.012541900593, 0.011426053463, 0.71052260915, 0.041190266797, 0.15222390365, 0.072095266347],
      [0.20900975965, 0.072480430395, 0.24409621177, 0.18852715059, 0.079752068433, 0.20613437916]
    ],
    [
      [0.65016174321, 0, 0.014609878211, 0.01267649042, 0.27786329598, 0.044688592182],
      [0.00026375918863, 0.45482918917, 0.0043882587166, 0.071587432313, 0.4504865369, 0.018444823721],
      [0.011954948721, 0.054437274736, 0.022732564218, 0.75431712533, 0.041085797301, 0.11547228969],
      [0, 0, 0, 0, 0.99289964957, 0.0071003504251],
      [0, 0, 0.68152452289, 0.023265636313, 0.11007221584, 0.18513762495],
      [0.13618696339, 0.043795109534, 0.18101891564, 0.13599920879, 0.060193921696, 0.44280588095]
    ],
    [
      [0.61186358423, 0.00068391334396, 0.01713847449, 0.013309317137, 0.33055587171, 0.026448839086],
      [0, 0.53348864735, 0.0025235764507, 0.059673135311, 0.39637129256, 0.0079433483218],
      [0, 0.12438495805, 0.023733273085, 0.72773786348, 0.060740351907, 0.063403553481],
      [0, 0, 0, 0, 0.99931164437, 0.00068835562635],
      [0, 0.021527691372, 0.73687561979, 0.017769870644, 0.12275099716, 0.10107582104],
      [0.14935300864, 0.077038955923, 0.24178322639, 0.16682558698, 0.077609763981, 0.28738945809]
    ],
    [
      [0.49171839886, 0, 0.034771108495, 0.0068252200099, 0.44436490762, 0.022320365015],
      [0, 0.61839728447, 0.0064033339845, 0.018980024678, 0.35299587731, 0.0032234795565],
      [0, 0.1958664895, 0.064029565917, 0.43619174937, 0.2638023851, 0.04010981012],
      [0, 0, 0, 0, 1, 0],
      [0.0022172702418, 0.010438183813, 0.85119144276, 0, 0.091673126303, 0.044479976881],
      [0.0015388242639, 0.10730610419, 0.48103454429, 0.09523793946, 0.098991549269, 0.21589103853]
    ],
    [
      [0.80346098358, 0.00058338180748, 0.010073204801, 0.0091216921735, 0.15319500196, 0.02356573568],
      [0.001361022037, 0.66617516737, 0.0032073275938, 0.049033142711, 0.27001546484, 0.010207875452],
      [0.028414347557, 0.12696012733, 0.02307758033, 0.71840583015, 0.014824091958, 0.088318022671],
      [0.014582187793, 0.005978569527, 0.0070350442778, 0.015483841572, 0.93943599132, 0.017484365505],
      [0.020646535615, 0.013866979231, 0.73295149915, 0.019728387206, 0.077055330442, 0.13575126836],
      [0.20829221685, 0.068719109934, 0.18740784066, 0.1326940308, 0.04058018265, 0.36230661911]
    ],
    [
      [0.82214011785, 2.0726138743e-05, 0.0090990242232, 0.008444674329, 0.15098498624, 0.0093104712195],
      [0.0017582718591, 0.51890102312, 0.0038032468995, 0.076154811661, 0.39311522389, 0.0062674225762],
      [0.035113758024, 0.088544223684, 0.0231061033, 0.77902315607, 0.033797870298, 0.040414888627],
      [0.0025976138539, 0, 0.00045431263562, 0.01456379644, 0.97998608982, 0.002398187254],
      [0.022294489376, 0.010848533956, 0.77204465642, 0.023604994619, 0.10248772209, 0.068719603536],
      [0.27349384429, 0.062107967777, 0.23044554563, 0.1748229361, 0.064785428499, 0.19434427771]
    ],
    [
      [0.67807191732, 0, 0.015997201095, 0.013046452237, 0.26936271549, 0.023521713858],
      [0.00055611342365, 0.47847539289, 0.0048285845802, 0.072973153834, 0.43361009778, 0.0095566574905],
      [0.019961784162, 0.093001403686, 0.028549703913, 0.75308740244, 0.041364068151, 0.064035637645],
      [0, 0, 0.000692893499, 0.0043527818699, 0.99262475465, 0.0023295699769],
      [0.012666888949, 0, 0.7540615404, 0.020832070092, 0.1115922661, 0.10084723445],
      [0.18409857536, 0.059145089082, 0.240065117, 0.16952979073, 0.071367917703, 0.27579351011]
    ],
    [
      [0.68834646635, 6.4156885466e-06, 0.017276107963, 0.016171873585, 0.25836764765, 0.019831488767],
      [0.00042583982229, 0.49099463168, 0.0063927804707, 0.087479023928, 0.40647270971, 0.008235014395],
      [0.017182134436, 0.086941809224, 0.026229493344, 0.79185429768, 0.029829696566, 0.04796256875],
      [0, 0, 0.0079397244909, 0.023044154238, 0.96528834349, 0.0037277777787],
      [0.011423351689, 0.0019647160875, 0.7792646334, 0.02839509023, 0.096587449222, 0.082364759372],
      [0.18165483879, 0.06106861316, 0.25615190889, 0.20029347772, 0.066654865516, 0.23417629592]
    ],
    [
      [0.69344357453, 0.00042233409682, 0.014223024804, 0.013021469724, 0.2584304063, 0.020459190552],
      [0.0005380691345, 0.53848229554, 0.0027379072486, 0.066686840561, 0.38400912146, 0.00754576606],
      [0.020509480877, 0.12409713908, 0.016897059365, 0.74350052538, 0.038964392615, 0.056031402682],
      [0, 0.002824294118, 0, 0.0086295250273, 0.98709558083, 0.0014506000197],
      [0.016971906854, 0.01456187171, 0.73560706814, 0.022949643017, 0.11472508976, 0.095184420518],
      [0.1966440417, 0.07589942241, 0.22964844345, 0.17398389436, 0.071495878991, 0.25232831908]
    ],
    [
      [0.74094116882, 0.00041191265872, 0.0095432520697, 0.0094264135145, 0.22808218275, 0.011595070179],
      [0, 0.56218424108, 0, 0.034952859089, 0.40286289983, 0],
      [0.017936390548, 0.1378241973, 0, 0.73146459784, 0.078494351155, 0.034280463151],
      [0, 0, 0, 0, 1, 0],
      [0.021966567601, 0.088639662193, 0.61606794981, 0.022033773425, 0.1772162917, 0.074075755265],
      [0.25133557011, 0.090892394523, 0.20951965427, 0.1716968564, 0.083147379778, 0.19340814492]
    ]
  ],
  "expected_outcome": [
    [
      [46.689250796, 58.4705951655, 3.198313733, 4.396715479, 4.1350905685, 6.4572641009, 25.6569072008, 15.6647460272, 15.5969266249, 13.0702940656, 8.6283421454, 0.92989885133, 1.4979165981, 0.75323648955, 40.6217754611, 49.4088162631, 53.037133191, 71.4428749776, 49.5513673159, 22.5483212257, 24.8219677103, 23.8696068731, 71.9045557104, 31.492505816, 49.1985737507, 9.8149333314, 31.8645913345, 23.3086040703, 48.3667413818, 5.8514556889, 13.4609988532, 0.98343679771, 1.6069219672, 1.6442802357, 135.6143834632, 9.6368505289, 54.088598813, 3.7047058441],
      [0.012304887662, 0, 0, 0, 0.012643886115, 0.018315354761, 0.010744698621, 0.013663065314, 0.022547183925, 0.0028519360159, 0.01444392529, 0.00061518161856, 0, 0.00085782390704, 0.00078132531698, 0, 0, 0.030042229882, 0.044116995608, 0, 0, 0.013254545584, 0.025380246968, 0, 0, 0.0058485462265, 0.010387453643, 0, 0.004618137525, 0, 0.015046093567, 0, 0.001166763615, 4.1452277486e-05, 0, 8.9819639653e-05, 0.032942059552, 0.0020595632936],
      [0.85436134992, 0.80487782851, 0.04180747146, 0.12173078777, 0.090258186652, 0.15893386828, 0.48815657925, 0.29969163319, 0.35699807224, 0.44225210226, 0.19920619956, 0.0020749019678, 0.00787740689, 0.01473487763, 0.97571681373, 1.2700296, 0.83584364518, 1.8073297901, 1.1377630443, 0.77000766114, 0.46960810626, 0.65562592248, 1.7289601527, 0.6021784905, 1.1204097417, 0.15451793055, 0.84898526247, 0.51745907589, 0.95329402728, 0.1314889039, 0.37704643878, 0.069542216991, 0.020146409601, 0.018198048446, 3.199440219, 0.24186551148, 1.1093959347, 0.047716260348],
      [0.72109254557, 0.63380881096, 0.046596863904, 0.054469533129, 0.067748127447, 0.13657382552, 0.44654037109, 0.26995346874, 0.33883136439, 0.29104198919, 0.13215380611, 0.00079946954043, 0.026398718812, 0.008904811891, 0.60744819591, 0.74289339302, 1.0954484927, 1.2758750399, 0.96808276246, 0.38705268537, 0.46255648826, 1.1291544623, 1.4515414075, 0.4857609087, 0.9984015618, 0.15415582678, 0.68245520458, 0.37075389585, 0.90656356324, 0.11408841378, 0.29280497701, 0.01365044002, 0.018243384347, 0.016889348658, 2.6092904475, 0.22640623019, 1.0156746384, 0.047132067572],
      [15.8709431353, 16.991255199, 0.60855180449, 1.3056988193, 1.4589759419, 3.0120887369, 7.7549973363, 5.4622899329, 7.0233346712, 5.760907347, 4.5823145663, 0.066611595546, 0.34410766082, 0.19483999466, 17.4707231415, 19.1076461677, 16.8106476359, 23.30115225, 19.0433333421, 9.9793583497, 7.3498389075, 12.5330237664, 26.8454852933, 9.8350523937, 19.2653123561, 2.6636366996, 12.4324555004, 8.2816182909, 18.6822036281, 2.5007696638, 7.2722291776, 0.88872981525, 0.30639000392, 0.30196997247, 53.8725430986, 3.617147067, 20.1575716912, 1.1404109138],
      [0.85204728556, 1.0994629961, 0.10473012717, 0.12138538089, 0.23528328946, 0.21682411361, 0.64265381401, 0.28965587267, 0.66136208341, 0.43265256003, 0.44353935737, 0, 0.12369961541, 0.027426002356, 1.3235550624, 1.4706145761, 1.2209270352, 2.1427257125, 1.2553365396, 1.3152600781, 0.89602878771, 0.79933443011, 2.0440771891, 0.58450239108, 1.4173025897, 0.20690766537, 1.1611252444, 0.52156466713, 1.086579262, 0.40219732964, 0.58187445989, 0.044640730029, 0.047131471359, 0.018620942439, 4.7043427716, 0.27764084274, 1.5958168631, 0.057975350897]
    ],
    [
      [0.081788723581, 0.10313436758, 0.045240104682, 0.076830443143, 0, 0, 0.17172807521, 0.044970597926, 0, 0, 0, 0.018287817967, 0.0095515825622, 0, 0.013232192059, 0.083668148363, 0.16599782078, 0.13023547211, 0.054062011678, 0, 0.1376082796, 0, 0.10468898795, 0.22080519263, 0.034415686176, 0.05950664285, 0.022053148742, 0.083839979835, 0.065116459806, 0.0039563878294, 0, 0, 0.001361022037, 0.028132349746, 0.22022091577, 0.024272869871, 0.15980653295, 0],
      [50.379455749, 28.3281517387, 4.1449093245, 24.9784215506, 21.2426991099, 29.4377344626, 51.3074550154, 48.281762595, 82.2374819647, 41.8685294471, 18.8118369807, 2.7211598824, 3.5357590641, 1.4328396545, 36.0134893801, 82.4226068789, 46.9264043851, 64.2574292808, 101.9322917928, 26.6847567154, 24.457614097, 48.2808937858, 101.2665066039, 61.8498665981, 36.7061961129, 16.620698843, 41.9889680361, 47.7827341447, 73.8657556928, 6.8224378375, 19.2055913047, 3.0919864223, 0.66617516737, 8.3024163699, 189.4762555838, 27.9866940057, 159.9292417757, 21.3630011612],
      [0.30804155493, 0.19910575354, 0.045015325793, 1.0198277102, 0.15135836481, 0, 0.44606251045, 0.13761870836, 0, 0.72779825302, 0.050805311299, 0, 0, 0.0074031616554, 0.26562590497, 1.1959785437, 0.23093640467, 0.8287126121, 0.64511965134, 0.35349962892, 0.23043581629, 0, 0.98405163915, 0.73202650367, 0.32261051659, 0.096382147717, 0.49433419515, 0.49769564228, 0.33190608438, 0.065823880749, 0.090848752227, 0.032016669923, 0.0032073275938, 0.060851950392, 1.9121194937, 0.36438848683, 0.81315845285, 0],
      [5.9002594391, 3.6685776389, 0.66109827427, 2.4545181163, 1.5831804294, 1.9575269041, 7.0727387631, 5.1223457517, 7.8498202385, 5.4973104572, 0.98783204633, 0.1116743059, 1.043960593, 0.074385326029, 3.6390781155, 10.4487028607, 8.0755410074, 8.0240457305, 11.6559558207, 2.8739180731, 3.4983464892, 6.9719217043, 13.810870735, 11.0381141161, 5.6273485489, 2.1019048831, 5.7198092996, 6.3577352688, 10.2135547243, 1.0738114847, 2.1482328712, 0.094900123388, 0.049033142711, 1.2184769866, 28.8973689182, 4.9863043639, 19.8059916466, 1.3282086454],
      [36.8403234377, 25.2897521763, 2.9598469669, 16.9900795783, 9.5627518632, 12.4290499947, 36.2223488911, 30.0317665773, 46.8435436386, 31.2885754552, 8.9205954811, 1.1488779937, 3.0908982754, 0.46789782174, 27.5516177175, 70.4798561675, 39.8750790688, 43.7163149331, 66.6183473675, 20.3892821206, 18.0920023097, 38.2122331407, 75.3684044632, 64.2020434225, 31.7228239832, 10.9045545478, 31.0227472102, 39.657531538, 60.6710420537, 6.7572980534, 14.2693665323, 1.7649793866, 0.27001546484, 6.2898435822, 171.7095987222, 23.1689444533, 114.0507090721, 15.3087901935],
      [0.49013109564, 0.41127832503, 0.14389000387, 0.48032260149, 0.46001023268, 0.17568863857, 0.77966674468, 0.38153576973, 1.0691541582, 0.6177863874, 0.2289301805, 0, 0.31983048486, 0.017474036032, 0.51695668988, 1.3691874008, 0.72604131325, 1.0432619715, 1.094223356, 0.69854346211, 0.5839930082, 0.53495136928, 1.4654775708, 0.95714416691, 0.58660515223, 0.21695293553, 0.75208811016, 0.62046342634, 0.85262498512, 0.27667235581, 0.28596053958, 0.016117397782, 0.010207875452, 0.10027876122, 3.7844363663, 0.46939582052, 2.2410925198, 0]
    ],
    [
      [3.9805959373, 4.341187347, 0.80924944659, 1.8569702247, 0.81888324824, 0, 2.1288473999, 2.8576912913, 0, 0.82499495901, 0, 0.97199983295, 0.089701870632, 0, 2.1762368084, 6.9533740209, 7.8623359796, 11.146738363, 4.8518950389, 0, 4.0010538734, 0, 6.3487600706, 9.2669817134, 2.5070669431, 1.8949944029, 4.1251812486, 4.6384351626, 4.7258161776, 0.19127917954, 0, 0, 0.1989004329, 0.59693388641, 12.3962679643, 1.0652923351, 9.5574180888, 0.43047337314],
      [19.9089132481, 7.9692571759, 1.3890999439, 7.0105772616, 9.3420118627, 13.966731557, 9.6001199512, 21.3154776153, 17.202617308, 8.9757323864, 7.7839637731, 3.0767124354, 0.36049818997, 0.90274841365, 17.7874943675, 34.049714876, 20.9385152669, 54.6512943599, 31.9628597605, 7.2658466946, 13.8080478659, 17.8734814715, 34.9436695495, 10.0594785102, 12.5115505607, 6.6170850668, 31.3500604085, 17.7605597517, 24.5693867722, 0.87099639577, 10.1995665601, 3.3297303215, 0.88872089134, 1.5052518026, 57.7538716889, 5.3903921719, 57.8292668105, 3.3077807352],
      [3.9666017514, 2.1138264349, 0.43914000354, 4.6608718803, 1.3592251514, 0, 2.1989869372, 0, 0, 3.3707757572, 0.75241728602, 0, 0, 0.14139068624, 3.9037046447, 12.5582192286, 0, 17.5120848403, 6.2390375995, 4.6655333229, 3.5065992526, 0.33745390591, 8.7137035308, 7.7525379114, 3.2350012046, 0.9014168878, 9.0956184094, 6.6191331528, 4.9474558886, 0.36372102749, 1.9461283929, 1.0885026206, 0.16154306231, 0.3928037561, 17.72936613, 1.6262285873, 7.8740296643, 0],
      [121.4208020831, 62.0310457937, 13.5715938642, 41.6724394856, 33.9713842923, 40.0989123663, 67.3992767151, 99.4330656451, 67.0333626755, 61.5942974992, 17.8367208801, 7.7237760875, 4.4187185091, 3.3826168009, 90.4004672314, 235.0647427338, 186.4733453026, 348.5199374982, 185.908409664, 42.862193888, 101.3300781137, 134.7859692344, 242.9233260354, 154.840208781, 99.7620082334, 42.9761392205, 212.5299308567, 134.4284658468, 176.4278549416, 12.0690740053, 59.6745048051, 7.4152597393, 5.028840811, 13.2433936531, 467.6672769177, 49.0949664562, 346.471244828, 17.5551503483],
      [7.0812028464, 4.920175011, 0.051487633102, 1.5942024423, 0.88628640285, 2.1389353867, 2.8980660054, 5.4050371821, 3.5643941816, 2.9077504409, 1.8136990631, 1.2275116442, 0.10761888051, 0.13819791452, 12.9096725718, 14.9884150581, 7.6525224838, 10.1358744466, 9.4858159993, 2.7022544227, 2.5806167162, 7.5947120458, 11.3172957262, 8.3630274887, 5.190455905, 1.7268062669, 7.8387647683, 8.0560121871, 10.3927092142, 0.65737275681, 4.9807088564, 4.4846405466, 0.1037686437, 0.57456379507, 25.6870863217, 1.8494411871, 18.1574069586, 1.8838644277],
      [6.6418841337, 4.6245082374, 1.7394291087, 4.2049387055, 5.6222090425, 2.7954206901, 4.7747029912, 4.9887282662, 6.1996258349, 4.3264489573, 2.8131989977, 0, 1.0234625498, 0.43504618464, 8.8224243763, 19.3855340826, 11.073280967, 29.034070492, 11.5519819378, 6.5041716718, 10.7736041783, 7.4083833424, 16.7532450876, 8.7177655953, 6.7939171532, 2.8835581551, 18.0604443084, 8.497393899, 9.9367770059, 1.8475566351, 5.1990913855, 0.68186677203, 0.6182261587, 0.68705310666, 39.7661309775, 2.9736792625, 26.1106336498, 0.82273111563]
    ],
    [
      [0, 0, 0.77160720735, 0, 0, 0, 3.2118188972, 0, 0, 0, 0, 0, 0, 0, 0, 0, 0, 2.3047452131, 0, 0, 1.3399129785, 0, 0, 0, 0, 1.2182425123, 0, 0, 0, 0, 0, 0, 0.27706156806, 0.18962581134, 0, 0, 0, 0],
      [0, 0, 0, 0, 2.2393130112, 4.3026235439, 1.8734357668, 0.57809247212, 5.6633438505, 0, 0, 0, 0, 0.27271560849, 0, 0, 0, 1.8924240393, 6.7695006074, 0, 0.014242404848, 5.6884266837e-30, 2.1551926832, 0, 0, 1.1160789628, 0.0079612024256, 0, 0, 0, 0, 0, 0.11359282101, 0, 0, 0, 3.3778557651, 0],
      [0, 0, 0.37098879935, 3.409725826, 0.51373019389, 0, 2.6107844758, 0, 0, 8.4445363488, 0, 0, 0, 0.26593193586, 0, 1.1902768308, 0, 14.4473244481, 0.02210811603, 2.5840255079, 0.83023551938, 0, 8.5160328649, 1.0502330567, 0, 0, 6.2562800003, 1.0290063633, 0, 0, 0, 0, 0.13366584128, 0.0331648224, 2.1368835509, 2.2787009289, 0, 0],
      [0, 0, 1.1521293057, 0, 0.39771385497, 1.1150528522, 7.896097296, 3.293210827, 4.6876919762, 2.4106562116, 0, 0, 1.0022565097, 0.17813930994, 0, 0, 14.0501879517, 7.4169605095, 9.2593022146, 0, 2.5970996416, 0, 14.2228409064, 2.562644914, 4.1540730984, 3.3837970418, 6.3026798182, 0, 0, 0, 0, 0, 0.29419298988, 1.0631571401, 13.4239792869, 6.6136722662, 10.3209119326, 0],
      [1077, 849, 35.9740528008, 102.9227079371, 80.1136594291, 234.5823236039, 510.5839567738, 472.1286967008, 616.1502840715, 406.6826780021, 287, 23, 31.8753338934, 24.0031845484, 742, 754.2550213372, 650.9553974276, 735.098665115, 1080.7021348011, 328.1076576534, 160.1693731108, 377, 1196.8797797205, 858.2658040733, 675.8366723908, 186.7402922396, 470.3218253643, 432.4723713148, 969, 150.9207467354, 121.9160206136, 34, 17.8492838352, 71.5389845566, 3061.2547433534, 277.0377545825, 1180.5663146787, 142],
      [0, 0, 0.73122188679, 0.66756623695, 0.73558351083, 0, 1.8239067905, 0, 0.49868010176, 1.4621294375, 0, 0, 1.1224095968, 0.28002859728, 0, 1.554701832, 0.99441462071, 3.8398806751, 1.2469542609, 2.3083168387, 1.0491363449, 1.7411712788e-30, 3.226153825, 1.121317956, 1.0092545108, 0.54158924355, 2.1112536147, 0.49862232187, 0, 1.0792532646, 0.083979386415, 0, 0.3322029446, 0.17506766954, 7.1843938088, 1.0698722225, 1.7349176236, 0]
    ],
    [
      [5.4989929817, 11.6757843011, 0.55340300047, 0.5053628798, 0.5586953537, 0.19414428618, 2.1486326795, 2.3808842876, 0.6752262882, 0, 0, 0.56707489269, 0.17465019506, 0.005934997559, 0, 4.9470797181, 7.2365896914, 9.0440274936, 3.1004174188, 0, 2.8317142262, 0, 4.6260619578, 3.7431806121, 2.8340754748, 1.1532986469, 3.3789290367, 2.1598698184, 3.0476818442, 0, 0, 0.0088690809673, 0.082586142459, 0.26753387251, 10.1335111591, 0.91386813512, 3.4962128119, 0.35146508161],
      [3.9987956664, 0, 0.14077224495, 0.29982989211, 1.2751834494, 4.3063060085, 1.4131454981, 3.8580058973, 4.4987909778, 0.92162769747, 4.3814450799, 0.094480695065, 0.045591663929, 0.011433387677, 1.41009697, 0, 2.4750527697, 6.4704978288, 6.4520317945, 0.57977881093, 1.2840030645, 2.8549255227, 4.4366066283, 1.3788892993, 1.9839789377, 0.7554067291, 3.0682709705, 1.2998571932, 2.7765309915, 0, 1.270133791, 0.041752735253, 0.055467916925, 0.13018240747, 0, 0.157177287, 2.9997455722, 1.4182345951],
      [119.3136048636, 67.3848804245, 11.8641368382, 27.5597077278, 28.9753752857, 41.3566952122, 80.2187919267, 98.651369345, 63.0607758903, 72.5717781529, 26.1827264285, 2.8055594403, 1.8742516352, 0.83127904901, 125.3099716465, 279.411241489, 157.4085523267, 384.5899653906, 229.5227077006, 40.9574311695, 84.943431358, 107.1078727023, 246.6322959512, 141.7558625038, 197.4488774447, 37.1816284645, 192.9244236882, 97.92598112, 172.656994023, 23.1718337784, 43.4756615674, 3.404765771, 2.9318059966, 9.264535877, 603.2492323224, 62.341170672, 151.5350560373, 9.857087197],
      [4.5649481174, 0, 0.53970367555, 0.33709892568, 0.7352497897, 1.2192259077, 2.6179454825, 3.0240020058, 2.0922199482, 1.6785826898, 0, 0.04312259872, 0.27614951601, 0.010056661298, 0, 0, 6.9115584254, 11.195957584, 6.7997278623, 0.80421191056, 3.3292655023, 4.2328214917, 7.5181682271, 3.8926947434, 7.3885440164, 1.2998162922, 6.2644878997, 2.3238965203, 10.0092348316, 0.79103163466, 1.048422368, 0, 0.078913548825, 0.28325993542, 16.6656560737, 2.2716072184, 4.7276264615, 0.3525403748],
      [20.6135569918, 12.5518221057, 1.1409402647, 2.5477296451, 3.4670066456, 6.7353658828, 10.8659672629, 15.5349399921, 10.8755594364, 8.1609121203, 5.0381686902, 0.48976237321, 0.51649932421, 0.054716990692, 26.1366967065, 39.1410553964, 24.7185637332, 40.9499474264, 33.113024894, 5.3195374555, 10.4391787188, 17.5063028395, 33.5134557478, 20.5659361806, 29.7518630964, 5.1938172434, 23.8911141946, 14.1390345888, 36.9904085875, 3.7424553387, 7.2423088324, 0.36669250521, 0.30822132177, 1.2298526651, 89.2738128813, 7.7269959378, 23.6333684902, 2.8354606673],
      [11.010101379, 8.3875131686, 2.7610439761, 2.7502709295, 6.9884894759, 5.1882627026, 9.7355171504, 8.5507984722, 10.797427459, 6.6670993396, 5.3976598015, 0, 2.1128576655, 0.086578913765, 15.1432346769, 30.5006233965, 19.2496830537, 46.7496042765, 23.0120903297, 7.3390406534, 15.1724071302, 11.2980774437, 27.2734114879, 12.6634366608, 22.59266103, 4.4160326239, 25.4727742103, 9.1513607593, 17.5191497223, 6.2946792482, 5.9634734412, 0.17791990753, 0.54300507344, 0.82463524243, 80.6777875635, 6.5891807497, 19.6079906268, 1.1852120842]
    ],
    [
      [13.7493715614, 11.4092988188, 1.6221865079, 2.1641209734, 1.4873308296, 2.3485916129, 5.6820657475, 7.051707796, 5.7278470869, 5.1047109754, 1.3716578546, 0.51273860506, 0.22817975367, 0.24082851289, 9.1887555384, 10.6070618495, 9.6979433173, 18.9313784806, 13.4422582147, 3.4516787743, 4.8677429321, 6.1303931269, 14.0159332733, 12.2765266658, 8.4258681453, 2.8590244636, 6.6092452315, 6.8092509688, 13.7946441366, 0.95330874375, 2.5390011468, 0.0076941213193, 0.83316886739, 0.27349384429, 36.6356164975, 4.359716131, 17.6979637534, 2.5133557011],
