{
  "Z_true": {},
  "V_true": [
    [4, 267, 421, 439],
    [786, 1831, 602, 71],
    [220, 8865, 413, 299],
    [164, 1056, 14896, 347],
    [81, 1220, 341, 236],
    [79, 397, 664, 247]
  ],
  "p_true": [
    [0.0035, 0.2361, 0.3722, 0.3882],
    [0.2389, 0.5565, 0.183, 0.0216],
    [0.0225, 0.9049, 0.0422, 0.0305],
    [0.01, 0.0641, 0.9048, 0.0211],
    [0.0431, 0.6496, 0.1816, 0.1257],
    [0.057, 0.2862, 0.4787, 0.1781]
  ],
  "Z_est": [
    [
      [0.2064, 0.2583, 0.0969, 0.0501, 0.0067, 0.032, 0.0305, 0.066, 0.36, 0.0594, 0.3393, 0.2873, 0.0022, 0.0093, 0.0226, 0.0049, 0.1174, 0.2277, 0.1068, 0.1988, 0.146, 0.1157, 0.067, 0.0346, 0.0379, 0.0511, 0.0821, 0.0902, 0.0066, 0.2732, 0.1524, 0.178, 0, 0, 0.0999, 0.1445, 0.4011, 0.2837, 0.3126, 0.4871, 0.1175, 0.1045, 0.0643, 0, 0.0344, 0.0969, 0.2039, 0.0959, 0.4525, 0.0097, 0.0364, 0.5027, 0.0105],
      [7.3024, 7.1142, 4.5653, 1.2447, 0.1711, 0.5105, 0.6575, 3.4637, 13.0789, 1.2244, 10.0442, 7.2007, 0.103, 0.4827, 0.981, 0.1681, 4.0073, 7.8791, 4.2694, 5.9234, 3.24, 5.3919, 4.3779, 0.8217, 2.2773, 1.9818, 2.8872, 4.3558, 0.1037, 7.6234, 2.1289, 3.2676, 0, 0, 3.0531, 4.0954, 10.8515, 6.8119, 8.2951, 19.3814, 4.8032, 2.6796, 0.5959, 0, 1.3158, 3.4, 4.6974, 3.7124, 18.8029, 0.5011, 0.8319, 8.6929, 0.1672],
      [12.8299, 14.8728, 7.6484, 2.5375, 0.272, 1.8427, 1.4365, 9.559, 26.1319, 2.7793, 19.2937, 12.5837, 0.2514, 1.1947, 1.346, 0.3127, 6.5768, 12.8789, 8.1037, 10.75, 5.8582, 9.3581, 6.7141, 2.3089, 3.8697, 3.3737, 5.0444, 6.6451, 0.2582, 15.0453, 5.4273, 8.6701, 0, 0, 5.9572, 8.2391, 20.6265, 11.9449, 16.0044, 38.8946, 9.6385, 4.8949, 1.9567, 0, 3.4944, 6.702, 8.8243, 6.899, 39.89, 0.8538, 1.9368, 18.7837, 0.4692],
      [12.6613, 14.7547, 8.6894, 2.1677, 0.5502, 1.6148, 1.8755, 7.9112, 32.4293, 2.9369, 21.3229, 11.9283, 0.6434, 2.3133, 2.6504, 0.5142, 6.2985, 17.0142, 9.5201, 11.1279, 6.7557, 10.1343, 10.841, 1.8348, 5.8151, 4.5935, 4.9863, 9.9089, 0.6316, 11.0581, 6.2914, 7.8843, 0, 0, 5.8898, 9.521, 19.1209, 14.9594, 15.3878, 47.2368, 10.4408, 7.321, 1.3831, 0, 2.1554, 5.8012, 13.2745, 5.2927, 39.8546, 0.6354, 1.1948, 21.0207, 0.3531]
    ],
    [
      [34.1916, 31.0669, 30.3087, 19.3206, 2.5618, 3.8679, 5.6722, 3.6644, 28.0118, 7.8338, 32.6557, 15.9213, 0.4205, 1.9667, 2.8299, 3.9286, 16.3175, 24.3374, 6.5969, 23.4774, 19.8549, 29.6182, 10.6442, 2.5004, 3.4889, 11.0074, 18.923, 7.676, 4.0321, 18.6757, 21.5904, 13.288, 0, 0.5893, 11.8639, 20.3896, 25.9104, 21.8855, 24.1843, 48.6192, 13.4751, 16.0369, 1.0582, 3.1993, 1.595, 9.1186, 13.8238, 14.0252, 62.6458, 0.4223, 15.1667, 83.3421, 12.9089],
      [92.6969, 64.9316, 108.9726, 36.4668, 4.7204, 4.2053, 9.1241, 10.3236, 76.178, 12.0916, 73.8732, 31.334, 1.2454, 7.0517, 8.8679, 10.018, 42.6002, 63.7918, 19.3818, 54.2533, 34.6181, 103.8563, 47.9312, 4.2057, 14.7767, 32.2538, 50.7788, 26.1856, 4.6587, 39.815, 23.5148, 18.3336, 0, 0.9924, 27.3359, 43.8569, 54.0021, 41.4208, 49.4785, 143.4871, 40.5443, 31.7231, 0.7021, 1.4521, 4.214, 23.78, 25.0083, 40.8463, 193.5738, 1.3399, 25.788, 113.9587, 14.6737],
      [16.5819, 14.565, 17.9889, 8.0628, 0.6555, 1.9223, 2.1182, 2.9534, 16.1282, 2.9853, 14.9295, 5.5947, 0.3101, 1.8577, 1.2167, 1.9481, 6.8729, 10.3661, 3.8718, 9.965, 6.2834, 17.8653, 6.8824, 1.2708, 2.5891, 5.4664, 9.0075, 3.8867, 1.2187, 8.3599, 6.6844, 5.2511, 0, 0.4139, 5.6379, 9.3999, 10.7953, 7.3641, 10.0506, 30.6306, 8.6821, 5.8988, 0.2353, 0.3349, 1.1723, 4.9888, 4.8707, 7.9636, 44.4296, 0.2335, 6.9678, 26.7687, 5.3399],
      [0.5296, 0.4365, 0.7298, 0.1498, 0.0623, 0.0045, 0.0855, 0.0586, 0.6821, 0.0893, 0.5416, 0.15, 0.024, 0.124, 0.0855, 0.1053, 0.2094, 0.5046, 0.1496, 0.3044, 0.2437, 0.6602, 0.5422, 0.0232, 0.1453, 0.2724, 0.2907, 0.2517, 0.0905, 0.1495, 0.2104, 0.1272, 0, 0.0045, 0.1623, 0.3536, 0.2922, 0.3296, 0.2865, 1.263, 0.2985, 0.3412, 0.0044, 0.0138, 0.0187, 0.1126, 0.2971, 0.1649, 1.3509, 0.0043, 0.0775, 0.9304, 0.0775]
    ],
    [
      [2.0281, 3.1782, 0, 1.5518, 0, 0.3385, 0.5707, 0, 4.2345, 1.1355, 4.746, 0.6639, 0.0311, 0.1143, 0, 1.6916, 0, 0, 0.7452, 1.379, 1.3616, 0, 0, 0.3569, 0, 0, 0, 0, 0.3279, 3.8096, 2.9416, 2.3766, 0.4322, 0.0302, 1.8939, 2.9744, 6.2737, 1.3079, 3.995, 4.5827, 1.7045, 0.9858, 1.2318, 2.1222, 0.0157, 1.4199, 1.953, 1.494, 7.1805, 0.0717, 2.7693, 12.3625, 1.4194],
      [264.4677, 229.5247, 254.0918, 92.6415, 25.9102, 12.7864, 32.0478, 32.5343, 416.298, 59.9823, 361.6001, 198.773, 8.1814, 39.0662, 113.9224, 212.0826, 272.1748, 441.7209, 79.7325, 167.9688, 209.425, 355.9316, 165.0487, 21.001, 132.2054, 196.2168, 313.6315, 123.9943, 13.6522, 269.4328, 51.3819, 44.6989, 3.1598, 2.009, 152.7104, 218.6005, 418.9085, 196.3241, 264.2934, 496.8644, 203.4347, 186.3003, 10.1273, 17.2814, 18.6431, 140.4545, 193.2502, 159.4252, 867.7095, 11.8215, 100.4608, 469.3311, 32.8976],
      [0, 2.6014, 0, 1.032, 0, 2.5161, 0.3225, 5.7057, 3.4032, 1.2389, 1.2518, 0, 0.2318, 3.2803, 0, 0, 0, 0, 0.3592, 0, 0, 0, 0, 4.1867, 0, 0, 0, 0, 0.1234, 2.835, 0.856, 2.5839, 0.1377, 0.8919, 1.0485, 2.1931, 0.6184, 0, 1.0416, 4.3886, 2.5043, 0, 2.4538, 0, 3.1108, 1.5989, 0, 0.5593, 16.0108, 0, 5.2175, 6.4359, 4.8355],
      [5.5042, 5.6957, 5.9082, 1.7748, 1.0898, 0.3589, 1.0591, 0.7599, 13.0644, 1.6434, 9.4021, 3.5632, 0.5557, 2.5392, 4.0776, 8.2258, 4.8252, 12.2791, 2.163, 3.6522, 5.2134, 8.0684, 5.9513, 0.4554, 4.7946, 5.7832, 6.3685, 4.0057, 0.8964, 3.9226, 1.8205, 1.3407, 0.2703, 0.0688, 3.3472, 6.2321, 8.1994, 5.368, 5.67, 15.1643, 5.3564, 6.714, 0.1872, 0.5964, 0.2304, 2.5267, 7.7967, 2.5215, 22.0992, 0.1067, 1.5524, 13.8705, 0.8475]
    ],
    [
      [4.5608, 3.561, 3.8332, 1.1907, 0.684, 0, 0.9599, 0, 2.8189, 1.0186, 4.1221, 5.1209, 0, 0, 0.7666, 0.6546, 4.8963, 6.2079, 0.6898, 2.5685, 5.3623, 3.3319, 0.838, 0, 0.7801, 2.5508, 5.5378, 1.2156, 0.9596, 2.2111, 1.3658, 0, 0, 1.1102e-16, 0.9006, 1.7048, 3.4016, 6.2183, 3.2013, 2.814, 0.5984, 4.242, 0, 0.7226, 0, 0.5786, 3.8477, 1.0098, 1.7389, 0.0005, 0, 12.1752, 0],
      [39.3812, 13.2482, 41.7137, 3.5913, 3.0805, 0, 1.9567, 0, 25.5184, 0.0826, 26.9903, 14.7472, 0, 0, 6.6667, 1.3193, 25.6616, 24.1291, 9.6164, 12.3093, 9.726, 26.5054, 17.0646, 0, 8.3682, 15.0401, 27.4892, 12.5565, 0.739, 11.0727, 0, 0, 0, 3.3307e-16, 6.1904, 8.3769, 19.4055, 22.5989, 16.2648, 36.101, 8.3149, 12.5991, 0, 0.0163, 0, 5.4666, 9.7776, 14.3104, 19.2954, 1.9381, 0, 9.5434, 0],
      [638.3426, 717.5807, 559.7714, 143.4196, 23.5847, 19.9895, 129.5117, 138, 915.7165, 138.8162, 692.4089, 231.6094, 32.8399, 90.4102, 22.0299, 35.4599, 254.3091, 225.3671, 243.7477, 231.1387, 182.8504, 381.1071, 135.106, 76, 91.0909, 173.7355, 400.2979, 99.2952, 97.7738, 353.6982, 199.8598, 305.948, 15, 19, 177.529, 307.4248, 470.0323, 347.3694, 425.3984, 1405.1972, 323.8283, 235.6504, 61, 12.1241, 102, 173.1068, 227.3175, 320.2828, 1937.4589, 29.0482, 189.7036, 774.2675, 90.6014],
      [5.7153, 5.6101, 6.6816, 0.7984, 0.6507, 0.0105, 1.5716, 0, 12.9461, 1.0827, 7.4787, 1.5225, 1.1601, 2.5898, 0.5367, 0.5662, 2.1329, 3.2958, 2.9461, 1.9835, 2.0614, 4.0555, 2.9915, 0, 1.7608, 2.6736, 3.6751, 1.9328, 2.5276, 1.0181, 1.7744, 1.052, 0, 6.163e-32, 1.38, 3.4935, 3.1606, 4.8135, 3.1354, 18.8878, 3.2584, 4.5085, 0, 0.1371, 0, 0.848, 5.0572, 1.397, 15.5068, 0.0132, 0.2964, 8.0139, 0.3986]
    ],
    [
      [0.641, 0.5623, 0.2292, 0.1453, 0.0783, 0.0271, 0.077, 0.1072, 0.65, 0.0844, 0.7054, 0.3621, 0.0138, 0.0442, 0.1095, 0.1027, 0.3524, 0.5367, 0.1383, 0.3143, 0.367, 0.3284, 0.1016, 0.0919, 0.1287, 0.1677, 0.3938, 0.151, 0.0217, 0.6333, 0.1595, 0.2775, 0.9119, 0.0128, 0.3096, 0.2254, 0.9188, 0.2816, 0.4422, 0.6214, 0.3388, 0.2898, 0.0749, 0, 0.022, 0.3356, 0.6555, 0.2855, 1.2929, 0.0278, 0.2963, 1.113, 0.0159],
      [51.5967, 35.4907, 24.7009, 8.2228, 4.4244, 1.0469, 3.8189, 10.3542, 53.9953, 4.0146, 47.6739, 20.7738, 1.5907, 5.6916, 11.6973, 8.1116, 27.3199, 42.2338, 12.5588, 21.357, 18.296, 35.4944, 14.7522, 5.1383, 18.6701, 14.9604, 31.6927, 16.3836, 0.7908, 40.3165, 5.2715, 11.7511, 1.8026, 0.9986, 21.6847, 14.6311, 56.4808, 15.6295, 26.8835, 56.0385, 32.2918, 16.8292, 1.6596, 0, 1.8873, 27.4635, 33.6974, 25.4904, 124.9126, 3.5349, 15.4692, 43.894, 0.5795],
      [7.8355, 6.5977, 3.5953, 1.4822, 0.4863, 0.2989, 0.734, 2.5193, 9.5503, 0.8032, 8.063, 3.1591, 0.3391, 1.2985, 1.2378, 1.3155, 3.7806, 5.8051, 2.097, 3.3797, 2.8533, 5.3106, 1.9102, 1.3139, 2.6008, 2.1705, 4.7579, 2.0477, 0.1712, 7.0702, 1.1764, 2.7606, 2.6612, 0.352, 3.7358, 2.6012, 9.4282, 2.4035, 4.5735, 9.9495, 5.784, 2.6524, 0.4659, 0, 0.4318, 4.8303, 5.3786, 4.1636, 23.855, 0.5041, 3.3165, 8.4176, 0.1426],
      [19.9268, 16.3492, 10.4745, 3.1496, 3.011, 0.6272, 2.3701, 5.0193, 29.8044, 2.0979, 22.5578, 7.705, 2.0564, 5.9657, 6.9554, 5.4703, 9.5472, 20.4243, 6.2059, 8.949, 8.4838, 14.8666, 8.2361, 2.4559, 10.6004, 7.7014, 12.1555, 8.4178, 1.0163, 12.98, 3.3925, 6.2107, 5.6242, 0.6366, 9.2699, 7.5423, 22.1721, 7.6854, 11.1008, 30.3905, 15.5853, 10.2286, 0.7996, 0, 0.6588, 10.3706, 21.2684, 8.0605, 58.9395, 0.9332, 4.918, 23.5754, 0.262]
    ],
    [
      [8.372, 8.3733, 6.5319, 1.7415, 0.6692, 0.7344, 2.6896, 2.1624, 7.9248, 1.8683, 9.4316, 5.6446, 0.5324, 0.8654, 3.2714, 1.6177, 4.3164, 5.6901, 2.7231, 4.0621, 6.9083, 5.6058, 2.3492, 2.0162, 1.5644, 5.223, 7.0634, 1.8672, 1.6522, 7.3972, 2.7903, 7.8799, 0.6558, 0.3677, 3.932, 4.5612, 8.0946, 4.023, 6.8646, 9.8755, 2.7656, 5.3411, 2.5708, 0.9559, 1.3329, 4.4504, 9.516, 5.0896, 22.6895, 0.468, 4.7312, 20.5046, 2.6453],
      [12.555, 9.6905, 12.9557, 1.8329, 0.6935, 0.451, 2.395, 3.3242, 11.9315, 1.6046, 11.8184, 6.1713, 0.8795, 1.7078, 5.8646, 2.3004, 6.2362, 8.2451, 4.4411, 5.1883, 6.695, 10.8203, 5.8255, 1.8333, 3.7024, 8.5471, 10.5207, 3.5243, 1.0556, 8.7396, 1.7028, 5.9487, 0.0377, 0, 5.0256, 5.4392, 9.3515, 4.2148, 7.7846, 16.1276, 4.611, 5.8687, 0.9151, 0.2503, 1.9398, 6.4354, 9.5691, 8.2153, 38.7058, 0.8646, 4.4501, 15.5799, 1.682],
      [20.4102, 18.7824, 19.9959, 3.4659, 1.0014, 1.4305, 4.8772, 8.2625, 22.0699, 3.3771, 21.0531, 10.0531, 2.0277, 3.9587, 7.1696, 3.9637, 9.4606, 12.5827, 7.8206, 8.7666, 11.1548, 17.3589, 8.3874, 4.9197, 5.8495, 13.254, 16.8921, 5.1255, 2.4547, 15.9914, 3.9961, 14.7862, 0.201, 3.3422, 9.0915, 10.1421, 16.4992, 6.9181, 13.9314, 29.9394, 8.5628, 9.9034, 2.8884, 0.5411, 4.7906, 11.7732, 16.6089, 14.1317, 76.3557, 1.3603, 9.8578, 31.3265, 4.6114],
      [6.6628, 6.1538, 7.5165, 0.9597, 0.6359, 0.3841, 2.0382, 2.2509, 9.0739, 1.15, 7.697, 3.131, 1.5603, 2.468, 4.6943, 2.1182, 2.9868, 5.482, 3.0153, 2.9831, 4.242, 6.2149, 4.4378, 1.2308, 2.8838, 5.9759, 5.5238, 2.4831, 1.8375, 3.8718, 1.5108, 4.3851, 0.1055, 0.2901, 2.9509, 3.8575, 5.0547, 2.8441, 4.4195, 12.0575, 3.0606, 4.8868, 0.6256, 0.2527, 0.9366, 3.3409, 8.306, 3.5633, 25.2491, 0.3071, 1.9608, 11.589, 1.0614]
    ]
  ],
  "V_est": [
    [7.1757, 221.5374, 431.7846, 470.5023],
    [856.5105, 2011.2343, 407.8382, 14.4171],
    [89.8029, 9376.1347, 85.5746, 245.4878],
    [110.9613, 568.7733, 15624.1573, 159.1081],
    [16.5748, 1132.0504, 194.169, 535.2058],
    [252.9747, 326.2699, 593.4765, 214.279]
  ],
  "p_est": [
    [0.0063, 0.1959, 0.3818, 0.416],
    [0.2603, 0.6113, 0.124, 0.0044],
    [0.0092, 0.957, 0.0087, 0.0251],
    [0.0067, 0.0345, 0.949, 0.0097],
    [0.0088, 0.6028, 0.1034, 0.285],
    [0.1824, 0.2352, 0.4279, 0.1545]
  ],
  "EI_Z": {},
  "EI_V": 5.9173,
  "MAE_Z": {},
  "MAE_V": 167.39,
  "MAE_p": 0.0415,
  "runtime": 0.004
}
