{
  "X": [
    [62, 111, 570, 45],
    [45, 172, 280, 43],
    [54, 231, 652, 50],
    [95, 518, 1579, 124],
    [25, 64, 366, 24],
    [53, 203, 573, 47],
    [54, 240, 501, 55],
    [41, 140, 413, 34],
    [44, 171, 404, 29],
    [8, 27, 115, 5],
    [18, 41, 199, 23],
    [2, 2, 11, 2],
    [11, 27, 119, 3],
    [24, 39, 101, 11],
    [36, 79, 294, 27],
    [41, 115, 671, 47],
    [65, 159, 856, 57],
    [30, 82, 409, 32],
    [45, 123, 211, 32],
    [52, 157, 229, 31],
    [25, 42, 202, 13],
    [132, 192, 562, 45],
    [28, 121, 411, 35],
    [105, 318, 677, 73],
    [49, 88, 180, 20],
    [116, 267, 739, 89],
    [53, 220, 343, 50],
    [20, 54, 202, 25],
    [8, 72, 24, 23],
    [77, 154, 502, 41],
    [13, 59, 198, 18],
    [11, 39, 47, 10],
    [35, 156, 261, 46],
    [18, 99, 187, 23],
    [75, 279, 653, 64],
    [59, 87, 356, 26],
    [32, 196, 408, 50],
    [45, 97, 305, 29],
    [16, 41, 241, 22],
    [18, 56, 144, 12],
    [32, 79, 295, 13],
    [17, 40, 222, 13],
    [47, 261, 545, 67],
    [44, 216, 354, 59],
    [38, 224, 548, 38],
    [8, 8, 67, 6],
    [114, 198, 638, 53],
    [35, 146, 452, 40],
    [26, 133, 204, 26],
    [30, 66, 117, 20],
    [89, 250, 500, 71],
    [80, 127, 309, 33],
    [13, 129, 184, 42],
    [156, 589, 1865, 114],
    [35, 101, 255, 19],
    [191, 438, 1074, 109],
    [36, 50, 232, 10]
  ],
  "W": [
    [55, 73, 140, 432, 35, 53],
    [20, 26, 185, 212, 50, 47],
    [38, 33, 305, 503, 62, 46],
    [59, 84, 633, 1290, 137, 113],
    [15, 15, 101, 298, 32, 18],
    [18, 38, 248, 462, 63, 47],
    [18, 41, 280, 395, 71, 45],
    [21, 35, 171, 313, 40, 48],
    [22, 35, 242, 287, 23, 39],
    [6, 6, 35, 95, 4, 9],
    [20, 17, 58, 154, 20, 12],
    [0, 2, 4, 11, 0, 0],
    [9, 14, 30, 91, 8, 8],
    [14, 35, 31, 77, 9, 9],
    [31, 21, 107, 231, 29, 17],
    [51, 27, 160, 553, 50, 33],
    [61, 60, 241, 697, 32, 46],
    [20, 28, 120, 322, 35, 28],
    [8, 30, 147, 151, 32, 43],
    [10, 41, 180, 171, 35, 32],
    [19, 26, 61, 159, 5, 12],
    [45, 119, 226, 453, 51, 37],
    [27, 27, 147, 327, 40, 27],
    [43, 69, 377, 516, 89, 79],
    [11, 30, 120, 124, 21, 31],
    [36, 67, 369, 561, 85, 93],
    [12, 26, 260, 262, 40, 66],
    [12, 13, 67, 173, 16, 20],
    [2, 4, 75, 16, 7, 23],
    [48, 60, 198, 405, 29, 34],
    [18, 22, 60, 167, 15, 6],
    [5, 4, 40, 42, 2, 14],
    [10, 31, 171, 187, 40, 59],
    [5, 23, 111, 139, 26, 23],
    [49, 58, 340, 473, 79, 72],
    [35, 35, 141, 261, 25, 31],
    [18, 28, 224, 320, 54, 42],
    [16, 25, 116, 253, 29, 37],
    [13, 13, 62, 200, 13, 19],
    [7, 10, 73, 105, 15, 20],
    [24, 27, 95, 232, 20, 21],
    [27, 13, 57, 172, 13, 10],
    [24, 34, 313, 415, 73, 61],
    [13, 26, 248, 264, 77, 45],
    [30, 32, 261, 433, 50, 42],
    [4, 5, 13, 59, 4, 4],
    [27, 72, 247, 533, 76, 48],
    [32, 32, 187, 339, 45, 38],
    [4, 19, 143, 159, 26, 38],
    [11, 26, 74, 82, 18, 22],
    [21, 70, 318, 380, 59, 62],
    [29, 65, 152, 253, 26, 24],
    [4, 8, 134, 166, 28, 28],
    [110, 149, 689, 1516, 146, 114],
    [10, 24, 118, 210, 28, 20],
    [61, 166, 529, 833, 79, 144],
    [18, 32, 69, 189, 13, 7]
  ],
  "method": "mult",
  "cond_prob": [
    [
      [0.0024488968362, 0.00064882799787, 0.96611612623, 0.03078614894],
      [0.64469164867, 0.014784232173, 0.27344375547, 0.067080363687],
      [0.043970724672, 0.58355152523, 0.34118630863, 0.031291441473],
      [0.0074456368489, 0, 0.99255436315, 0],
      [0.0096062566009, 0.22111213493, 0.42192063635, 0.34736097211],
      [0.096116693721, 0.38582881616, 0.10538544429, 0.41266904583]
    ],
    [
      [0.0039633974552, 0.00096378647014, 0.96125057091, 0.033822245166],
      [0.74127722261, 0.015463051819, 0.19136802312, 0.051891702456],
      [0.054158299577, 0.66613323311, 0.24790347928, 0.031804988028],
      [0.043676624311, 0.061707843429, 0.88582624273, 0.0087892895276],
      [0.013579946342, 0.28676652402, 0.36633772146, 0.33331580818],
      [0.12105951426, 0.44518399552, 0.081387803857, 0.35236868636]
    ],
    [
      [0.0029237301022, 0.00076013093723, 0.96713731801, 0.029178820948],
      [0.68520175253, 0.015371957158, 0.2430034751, 0.056422815212],
      [0.047447018521, 0.62327511389, 0.29667929028, 0.032598577312],
      [0.022143648687, 0.01016286492, 0.96726461573, 0.0004288706642],
      [0.011227471875, 0.25335319933, 0.41352909489, 0.32189023391],
      [0.10807698322, 0.42489372368, 0.099338654502, 0.3676906386]
    ],
    [
      [0.002133129159, 0.00079774224172, 0.96523291853, 0.031836210065],
      [0.60773288759, 0.019752684961, 0.29715762144, 0.075356806004],
      [0.033934051927, 0.6406112831, 0.29057328439, 0.034881380584],
      [0.0097392216239, 0.020526222904, 0.967165548, 0.002569007473],
      [0.007898906618, 0.25626915045, 0.398217882, 0.33761406093],
      [0.07697860045, 0.43538994966, 0.096970989673, 0.39066046022]
    ],
    [
      [0.0028906017692, 0.00056088825243, 0.96583869471, 0.030709815273],
      [0.68712463227, 0.011332028764, 0.24218389454, 0.059359444431],
      [0.055942660697, 0.50805251023, 0.40164365054, 0.034361178527],
      [0.021846436704, 0, 0.9781535633, 0],
      [0.011657830417, 0.1966738824, 0.43330807966, 0.35836020752],
      [0.11757078044, 0.34526324857, 0.10877955807, 0.42838641292]
    ],
    [
      [0.0029103852083, 0.00079358760532, 0.96770788477, 0.028588142419],
      [0.68447490401, 0.016104047445, 0.24394890058, 0.055472147965],
      [0.045989046878, 0.63390117936, 0.28901067913, 0.031099094634],
      [0.021277612872, 0.017212857924, 0.96120952204, 0.00030000716447],
      [0.011121838683, 0.26326713917, 0.41171170718, 0.31389931496],
      [0.10641170434, 0.43889572362, 0.098296057316, 0.35639651472]
    ],
    [
      [0.0029777328535, 0.00088430581755, 0.96334970391, 0.032788257415],
      [0.68335224607, 0.017516874609, 0.23702796672, 0.062102912604],
      [0.043705910567, 0.65594619786, 0.26721644672, 0.033131444853],
      [0.021526528581, 0.041244228345, 0.93177885063, 0.0054503924395],
      [0.010590899612, 0.27300959239, 0.38142798081, 0.33497152718],
      [0.098586024431, 0.44279564397, 0.088598243886, 0.37002008771]
    ],
    [
      [0.0026529658277, 0.00074136922459, 0.97131407392, 0.025291591027],
      [0.66947901132, 0.016100587127, 0.26189391887, 0.052526482678],
      [0.044028903073, 0.6226191068, 0.31322551177, 0.020126478361],
      [0.014385635249, 0.0038235079139, 0.98179085684, 0],
      [0.010701383339, 0.25972877683, 0.43600139225, 0.29356844758],
      [0.10526709853, 0.445148633, 0.10695751864, 0.34262674983]
    ],
    [
      [0.002732147522, 0.00072023800251, 0.970953153, 0.025594461473],
      [0.67579904891, 0.015339244383, 0.25672624693, 0.052135459773],
      [0.046113452284, 0.61025613719, 0.31829633465, 0.025334075873],
      [0.016109735925, 0, 0.98389026407, 0],
      [0.01105839232, 0.25309983002, 0.43731123258, 0.29853054507],
      [0.10896495785, 0.4344615364, 0.10746756069, 0.34910594506]
    ],
    [
      [0.0025557761166, 0.00071477547606, 0.97427846588, 0.02245098253],
      [0.67934154342, 0.015381771778, 0.25893865695, 0.046338027856],
      [0.043307826874, 0.62139934955, 0.32117353937, 0.014119284205],
      [0.014650429124, 0.00048665101488, 0.98486291986, 0],
      [0.010647176523, 0.26027094715, 0.44964280667, 0.27943906965],
      [0.10649585215, 0.45190309412, 0.11100830797, 0.33059274577]
    ],
    [
      [0.0026828645505, 0.00062933662032, 0.95084165023, 0.045846148603],
      [0.6542863353, 0.012952250888, 0.24244734242, 0.090314071384],
      [0.048072015748, 0.57464579365, 0.32080532416, 0.056476866448],
      [0.018215932731, 5.2068482225e-05, 0.96823327995, 0.013498718841],
      [0.0090425042435, 0.18479732492, 0.35601827256, 0.45014189827],
      [0.087432864166, 0.31115032719, 0.085546900843, 0.5158699078]
    ],
    [
      [0.0027970631098, 0.00047970466628, 0.79633827607, 0.20038495615],
      [0.6204248372, 0.0058852385671, 0.1134030657, 0.26028685853],
      [0.046030271427, 0.49705738072, 0.22812485546, 0.2287874924],
      [0.052275385444, 0, 0.89642676789, 0.051297846667],
      [0, 0, 0, 1],
      [0, 0, 0, 1]
    ],
    [
      [0.0022396378193, 0.0007724388486, 0.98589112681, 0.011096796519],
      [0.65754616045, 0.018878190104, 0.31321803953, 0.010357609918],
      [0.027377318501, 0.64916833372, 0.32345434778, 0],
      [0, 0.0014742494039, 0.9985257506, 0],
      [0.010564107129, 0.31883614197, 0.51536557692, 0.15523417397],
      [0.10854557517, 0.57110719322, 0.13119111903, 0.18915611259]
    ],
    [
      [0.0027437924271, 0.0011864082055, 0.95988466575, 0.036185133619],
      [0.63412144069, 0.033731349289, 0.24354795909, 0.088599250936],
      [0.032510989071, 0.72428971748, 0.21369982725, 0.029499466203],
      [0, 0.10275979883, 0.89295708475, 0.0042831164149],
      [0.0085892788321, 0.3249435544, 0.33305935649, 0.33340781028],
      [0.075799145689, 0.50142392425, 0.073056859195, 0.34972007087]
    ],
    [
      [0.0040275312707, 0.00072767907446, 0.95745943989, 0.037785349765],
      [0.74447802546, 0.01146213154, 0.18711638836, 0.056943454636],
      [0.065387195182, 0.59917996601, 0.29323358662, 0.042199252198],
      [0.045884525736, 0.0088191795673, 0.93782396031, 0.0074723343913],
      [0.014224206828, 0.22344138697, 0.37607399281, 0.38626041339],
      [0.13134415697, 0.35926177187, 0.08646110692, 0.42293296424]
    ],
    [
      [0.0027331330403, 0.00063576143809, 0.9604966854, 0.036134420117],
      [0.66472789804, 0.013301369924, 0.24967287184, 0.072297860198],
      [0.04920146673, 0.57924249608, 0.32678312898, 0.044772908212],
      [0.020318518425, 0.00010470375836, 0.97628436839, 0.0032924094262],
      [0.010164070947, 0.20535634617, 0.39770997599, 0.3867696069],
      [0.099890244089, 0.35163397939, 0.097498374187, 0.45097740233]
    ],
    [
      [0.0025136669217, 0.00062153712887, 0.95788594446, 0.038978851489],
      [0.641119628, 0.013723846824, 0.26285202808, 0.082304497095],
      [0.045918345336, 0.56578425881, 0.33926720027, 0.049030195578],
      [0.015604037106, 0, 0.98025863787, 0.0041373250266],
      [0.0091316676922, 0.19603050451, 0.38755446329, 0.4072833645],
      [0.090107395272, 0.3372102806, 0.095487543874, 0.47719478025]
    ],
    [
      [0.0023609037873, 0.00059227282681, 0.96512440162, 0.031922421766],
      [0.63796107842, 0.01372167947, 0.27757691174, 0.070740330365],
      [0.044716595241, 0.53684619703, 0.38191179241, 0.036525415324],
      [0.011634755651, 0, 0.98836524435, 0],
      [0.0093191445109, 0.20318196014, 0.42389748753, 0.36360140782],
      [0.094689961503, 0.35967983106, 0.10735437879, 0.43827582864]
    ],
    [
      [0.003900881138, 0.00082245832416, 0.96498476601, 0.030291894524],
      [0.74370012143, 0.013442200817, 0.1955070968, 0.047350580953],
      [0.059263089416, 0.63264133413, 0.27642682691, 0.031668749538],
      [0.051473760521, 0.019204183412, 0.92816245382, 0.0011596022427],
      [0.014453443158, 0.26474082399, 0.39738554064, 0.32342019221],
      [0.13281551498, 0.4237288402, 0.090960408923, 0.3524952359]
    ],
    [
      [0.0038769301891, 0.00097365749421, 0.96291126557, 0.032238146748],
      [0.7379861057, 0.015945510778, 0.19557162205, 0.050496761467],
      [0.066383495422, 0.70690585457, 0.1947197124, 0.031990937605],
      [0.031838746436, 0.024781460429, 0.93958121631, 0.003798576827],
      [0.013441045372, 0.29319396888, 0.37118012367, 0.32218486208],
      [0.119997155, 0.45606328177, 0.082600321572, 0.34133924166]
    ],
    [
      [0.0028335498301, 0.00066656946924, 0.96022586341, 0.036274017289],
      [0.67491025749, 0.013511652163, 0.24114910269, 0.070428987657],
      [0.049346871679, 0.59214303373, 0.31505292493, 0.043457169662],
      [0.019710431207, 0.00098737403549, 0.97607080739, 0.0032313873646],
      [0.010335948795, 0.21188892615, 0.38914841082, 0.38862671423],
      [0.10022486503, 0.35823917199, 0.093883589577, 0.44765237341]
    ],
    [
      [0.0039337799912, 0.00088306232188, 0.96443220972, 0.030750947966],
      [0.74141681616, 0.014447745682, 0.19602644653, 0.048108991627],
      [0.057044625531, 0.64779897812, 0.26444535246, 0.030711043882],
      [0.055634150764, 0.029714356031, 0.91046106184, 0.0041904313608],
      [0.014232787974, 0.27742057546, 0.38852957193, 0.31981706464],
      [0.12903110606, 0.43863131817, 0.087969853661, 0.3443677221]
    ],
    [
      [0.0022635047184, 0.0007798327495, 0.96312132296, 0.033835339575],
      [0.62295104384, 0.01840740265, 0.28225321809, 0.076388335424],
      [0.036352000102, 0.63416659547, 0.29208625332, 0.037395151112],
      [0.010052329571, 0.018777840405, 0.96723786224, 0.0039319677836],
      [0.0082384402422, 0.2465891194, 0.39008549456, 0.3550869458],
      [0.079956066467, 0.41687172305, 0.094370645135, 0.40880156535]
    ],
    [
      [0.0037895521086, 0.00085893051013, 0.96528729448, 0.030064222898],
      [0.73543334756, 0.014448486243, 0.20176841235, 0.048349753845],
      [0.056141484842, 0.64276167699, 0.27042588365, 0.030670954521],
      [0.041874138627, 0.030427238246, 0.92502143646, 0.0026771866672],
      [0.013930587593, 0.27400252341, 0.39515563251, 0.31691125648],
      [0.12759405905, 0.43744669231, 0.090381711951, 0.34457753669]
    ],
    [
      [0.0045970714749, 0.00072881240616, 0.96940361618, 0.025270499937],
      [0.77999110082, 0.010580594432, 0.1743321407, 0.035096164045],
      [0.10167012123, 0.58037699106, 0.2967621638, 0.0211907239],
      [0.061925408276, 0, 0.93807459172, 0],
      [0.018485838959, 0.25474104063, 0.43301934315, 0.29375377727],
      [0.17039778699, 0.40902465967, 0.099370347245, 0.32120720609]
    ],
    [
      [0.003964817282, 0.00068784045571, 0.96176770978, 0.033579632479],
      [0.74265088067, 0.011168365304, 0.19405507658, 0.052125677445],
      [0.06696241634, 0.57789528024, 0.31608819728, 0.039054106147],
      [0.048446036171, 0, 0.94814382145, 0.003410142384],
      [0.014847468888, 0.22352777451, 0.40109372093, 0.36053103567],
      [0.1392501591, 0.36541653793, 0.093940617326, 0.40139268564]
    ],
    [
      [0.003861180808, 0.00089173004452, 0.96169521257, 0.033551876579],
      [0.73675444837, 0.014636558818, 0.19594905069, 0.052659942123],
      [0.055640374692, 0.64938754046, 0.26169400361, 0.033278081237],
      [0.04078494448, 0.044270474222, 0.90721603866, 0.0077285426375],
      [0.013562610438, 0.27189556857, 0.37585698294, 0.33868483805],
      [0.12277868002, 0.42868638186, 0.084843329465, 0.36369160866]
    ],
    [
      [0.0032673859687, 0.00073892243547, 0.94893301641, 0.047060675184],
      [0.69527574313, 0.013243271951, 0.21075877984, 0.08072220508],
      [0.052739086042, 0.60661769793, 0.28842709674, 0.052216119288],
      [0.03038747291, 0.01808847502, 0.9337025761, 0.017821475972],
      [0.010544590075, 0.20759912993, 0.34024989218, 0.44160638782],
      [0.098147084413, 0.33623461883, 0.078689012197, 0.48692928456]
    ],
    [
      [0.0045008911091, 0.0016527614869, 0.90424044438, 0.089605903024],
      [0.72302943146, 0.021500803998, 0.14386726945, 0.1116024951],
      [0.037003914795, 0.80139917746, 0.064386262691, 0.097210645051],
      [0.038110777923, 0.043297450984, 0.90773943005, 0.010852341046],
      [0.0088393673532, 0.28243204178, 0.19520436212, 0.51352422875],
      [0.071823428874, 0.39721606275, 0.038992126783, 0.4919683816]
    ],
    [
      [0.0037276690506, 0.0008066453212, 0.95827292707, 0.037192758562],
      [0.72610751518, 0.013582290641, 0.20041537747, 0.059894816713],
      [0.057156189564, 0.62587477609, 0.27770429426, 0.039264740084],
      [0.043249031737, 0.021986232586, 0.92678029881, 0.007984436869],
      [0.012960890346, 0.24357259463, 0.37091748541, 0.37254902962],
      [0.11899916963, 0.38985613173, 0.084997014557, 0.40614768408]
    ],
    [
      [0.0017604236817, 0.00099601127718, 0.94807322546, 0.049170339586],
      [0.54327650914, 0.026064675838, 0.30743136051, 0.12322745452],
      [0.010827198984, 0.6883303056, 0.24199690598, 0.058845589437],
      [0, 0.064540556334, 0.92543413165, 0.010025312017],
      [0.0052079652361, 0.25678141156, 0.31163865031, 0.4263719729],
      [0.048079625865, 0.4131394186, 0.071549651962, 0.46723130357]
    ],
    [
      [0.0056596134188, 0.0011625084958, 0.9437605431, 0.04941733499],
      [0.80336047387, 0.013070902277, 0.13030251973, 0.053266104126],
      [0.065796260889, 0.69074173634, 0.20411471673, 0.039347286038],
      [0.0774911158, 0.11993350608, 0.76626685891, 0.036308519212],
      [0.01581290735, 0.28355102204, 0.29073176756, 0.40990430305],
      [0.13143978025, 0.40770893537, 0.059337637657, 0.40151364671]
    ],
    [
      [0.0026574782176, 0.00085601389155, 0.96303964654, 0.033446861349],
      [0.65909730029, 0.01823867098, 0.2545175248, 0.068146503932],
      [0.039997711483, 0.65185728635, 0.27349869242, 0.034646309747],
      [0.010913570572, 0.04070338554, 0.94183812822, 0.0065449156691],
      [0.0094813957227, 0.26524138333, 0.38207456992, 0.34320265102],
      [0.089520452872, 0.43622468923, 0.089907984558, 0.38434687334]
    ],
    [
      [0.002013130339, 0.00087870898676, 0.96568419036, 0.031423970315],
      [0.59855284116, 0.022257681665, 0.30303673213, 0.076152745045],
      [0.021841220614, 0.67403156727, 0.27182723599, 0.032299976127],
      [0, 0.042095392259, 0.95547955345, 0.0024250542868],
      [0.0072776669263, 0.27616246719, 0.38780946813, 0.32875039775],
      [0.069983659716, 0.4623779191, 0.092791604884, 0.3748468163]
    ],
    [
      [0.0029818415283, 0.00080276727207, 0.9681130702, 0.028102320999],
      [0.6893776411, 0.01606863582, 0.2407731588, 0.053780564278],
      [0.046754320892, 0.63589819906, 0.28808281903, 0.029264661017],
      [0.021630710858, 0.018639456404, 0.95972983274, 0],
      [0.011421720386, 0.26686089903, 0.41292206398, 0.3087953166],
      [0.10888715738, 0.44340030475, 0.098283388071, 0.3494291498]
    ],
    [
      [0.0042698556382, 0.00058732829439, 0.96758462168, 0.027558194386],
      [0.7654079083, 0.0090452714962, 0.18494976199, 0.040597058214],
      [0.088288118657, 0.49999729753, 0.38447546598, 0.027239117832],
      [0.05340089504, 0, 0.94659910496, 0],
      [0.01760779382, 0.21044933791, 0.44391149982, 0.32803136845],
      [0.16886532518, 0.3516776325, 0.10613232188, 0.37332472044]
    ],
    [
      [0.0023188171864, 0.00088703336714, 0.96075841975, 0.0360357297],
      [0.62382255906, 0.020518402243, 0.27594838688, 0.079710651819],
      [0.034204578241, 0.6615322518, 0.26767741955, 0.036585750407],
      [0.010075822373, 0.045387546926, 0.93579360151, 0.008743029192],
      [0.0079991603261, 0.26567092498, 0.36884244109, 0.3574874736],
      [0.075552054626, 0.4370487802, 0.086871603091, 0.40052756208]
    ],
    [
      [0.0041979498333, 0.00077265863086, 0.96434475971, 0.030684631824],
      [0.75783608825, 0.011937909973, 0.18488013299, 0.045345868787],
      [0.065937273379, 0.61505711977, 0.28584258939, 0.03316301746],
      [0.049559524265, 0.012500191518, 0.93574880842, 0.002191475795],
      [0.015714729201, 0.25138081425, 0.40153194677, 0.33137250978],
      [0.14443027293, 0.40243166899, 0.091942301702, 0.36119575638]
    ],
    [
      [0.0024204590025, 0.00056458707394, 0.95447342991, 0.04254152401],
      [0.63555539149, 0.012493868774, 0.26184066147, 0.090110078268],
      [0.04649055593, 0.52926226805, 0.36514478632, 0.059102389702],
      [0.015434668366, 0, 0.97940594369, 0.005159387949],
      [0.0085963286901, 0.17461355701, 0.37673903216, 0.44005108214],
      [0.085537554198, 0.30242122178, 0.093165468694, 0.51887575533]
    ],
    [
      [0.003458307391, 0.00070781867779, 0.97326256019, 0.022571313739],
      [0.73531931342, 0.012567029464, 0.2137570135, 0.038356643614],
      [0.058355307601, 0.59314004057, 0.33458229584, 0.013922355995],
      [0.031765045178, 0, 0.96823495482, 0],
      [0.014487322368, 0.25806860741, 0.45231335482, 0.27513071541],
      [0.14050108399, 0.4349561451, 0.10878568845, 0.31575708245]
    ],
    [
      [0.0030765262051, 0.00078522166388, 0.97680985944, 0.01932839269],
      [0.70927804383, 0.015474064141, 0.23880279639, 0.036445095639],
      [0.049069055996, 0.63578909142, 0.30389137609, 0.0112504765],
      [0.022403414848, 0.0090713301206, 0.96852525503, 0],
      [0.013035438124, 0.2893595834, 0.46028060517, 0.23732437331],
      [0.12646642194, 0.48912623845, 0.11122551772, 0.27318182188]
    ],
    [
      [0.0029157359537, 0.0006528897481, 0.96401611577, 0.032415258531],
      [0.68864110686, 0.012944414969, 0.236873356, 0.061541122171],
      [0.051531918966, 0.58393012822, 0.32516288559, 0.039375067229],
      [0.022069018017, 0, 0.97700058952, 0.00093039245948],
      [0.011136205987, 0.21730151294, 0.40910738134, 0.36245489973],
      [0.10909795823, 0.37051576055, 0.099542941244, 0.42084333998]
    ],
    [
      [0.0025830763434, 0.00083636092261, 0.96222340522, 0.034357157513],
      [0.6506021973, 0.018179346211, 0.25981517938, 0.071403277109],
      [0.039504237043, 0.64619917061, 0.27812369699, 0.036172895363],
      [0.015563707552, 0.031760234112, 0.94620303164, 0.0064730266916],
      [0.0091952448491, 0.25839897662, 0.38134054302, 0.35106523552],
      [0.087254323889, 0.4271781429, 0.09029651223, 0.39527102098]
    ],
    [
      [0.0033800465618, 0.00090447177876, 0.95920332926, 0.036512152395],
      [0.70693176399, 0.016258424635, 0.21405315742, 0.062756653952],
      [0.048482456413, 0.65565957608, 0.25981298938, 0.036044978129],
      [0.030056216432, 0.050102545199, 0.90835760672, 0.011483631646],
      [0.011516163185, 0.26750969951, 0.36364317289, 0.35733096442],
      [0.10512441416, 0.42525842585, 0.082764906087, 0.3868522539]
    ],
    [
      [0.0023159245398, 0.00087771866865, 0.97040766914, 0.026398687654],
      [0.63484669135, 0.020735562206, 0.28478003023, 0.059637716214],
      [0.034650975934, 0.66423202698, 0.27438390021, 0.026733096872],
      [0.01054576336, 0.034647836938, 0.9548063997, 0],
      [0.0088242741366, 0.29031786501, 0.41163278064, 0.28922508022],
      [0.084857004289, 0.48636106579, 0.098757164278, 0.33002476565]
    ],
    [
      [0.0039492721314, 0.00050698747079, 0.94821685323, 0.04732688717],
      [0.7528498701, 0.0074995243449, 0.17235372095, 0.067296884606],
      [0.076552288176, 0.49040095303, 0.35634974499, 0.07669701381],
      [0.045297190887, 0, 0.94902583302, 0.0056769760923],
      [0.013171747141, 0.14954986422, 0.34899810868, 0.48828027996],
      [0.12488814095, 0.24676564555, 0.081075178639, 0.54727103487]
    ],
    [
      [0.0044622650155, 0.00078315684432, 0.96542446231, 0.029330115832],
      [0.76776319097, 0.011671702703, 0.1787704244, 0.041794681932],
      [0.069363070116, 0.61549077295, 0.28375172971, 0.031394427217],
      [0.061533913775, 0.011130920232, 0.92608659471, 0.0012485712799],
      [0.016891650872, 0.25736406939, 0.40694684556, 0.31879743418],
      [0.15388644308, 0.40874628112, 0.092568259957, 0.34479901585]
    ],
    [
      [0.0023502942812, 0.00073562073172, 0.96617168003, 0.030742404959],
      [0.63549266113, 0.017108271046, 0.27902424964, 0.068374818187],
      [0.039215797646, 0.62096075944, 0.30451730291, 0.035306140012],
      [0.010331104979, 0.0073262234864, 0.98210946417, 0.00023320736637],
      [0.0089621310926, 0.24360106619, 0.41003271777, 0.33740408495],
      [0.088161336317, 0.41746567653, 0.10058984091, 0.39378314624]
    ],
    [
      [0.0029666441788, 0.00095790371752, 0.96685561976, 0.029219832339],
      [0.68856698765, 0.018956192095, 0.23716711233, 0.055309707919],
      [0.041377920466, 0.67641245313, 0.25417374106, 0.028035885345],
      [0.018667746855, 0.061948442453, 0.91732509176, 0.0020587189342],
      [0.010673224277, 0.29941261174, 0.38657305378, 0.3033411102],
      [0.098490590794, 0.48090762323, 0.088788642815, 0.33181314316]
    ],
    [
      [0.0037502461353, 0.00088945643626, 0.95996935491, 0.035390942523],
      [0.73190955803, 0.014769776869, 0.1970849802, 0.056235684901],
      [0.053983425541, 0.65115605532, 0.25981883171, 0.035041687427],
      [0.050352551163, 0.041069102263, 0.89845168516, 0.010126661416],
      [0.012915743344, 0.26663041368, 0.36670248857, 0.35375135441],
      [0.11695148719, 0.42061999342, 0.082538685765, 0.37988983363]
    ],
    [
      [0.0035087823855, 0.00081870375554, 0.9570972934, 0.038575220459],
      [0.71188795558, 0.014386795366, 0.20891120452, 0.064814044542],
      [0.053464724677, 0.63038836159, 0.27567226344, 0.040474650294],
      [0.038213566501, 0.026119601327, 0.92334855949, 0.012318272678],
      [0.012021706318, 0.24345949744, 0.3650631539, 0.37945564234],
      [0.11067645628, 0.39068828558, 0.083906678409, 0.41472857974]
    ],
    [
      [0.0043768341877, 0.00092771000759, 0.95483523926, 0.039860216549],
      [0.75331320705, 0.013793611308, 0.17620195334, 0.056691228297],
      [0.060656883785, 0.6513912308, 0.24991836783, 0.038033517584],
      [0.072306264811, 0.041562090877, 0.87360055787, 0.012531086441],
      [0.014289396332, 0.26316762605, 0.34683189116, 0.37571108646],
      [0.12595240471, 0.4044782218, 0.076270369721, 0.39329900377]
    ],
    [
      [0.0023310274083, 0.0010936120075, 0.93752144464, 0.059053915943],
      [0.60088040308, 0.023768158853, 0.25257009108, 0.12278134698],
      [0.029357324923, 0.69712847882, 0.22238805257, 0.051126143688],
      [0.015101497012, 0.10322783749, 0.83645091644, 0.045219749058],
      [0.0062631771781, 0.25530239183, 0.27991000619, 0.45852442481],
      [0.055983345042, 0.39664200447, 0.062179362346, 0.48519528814]
    ],
    [
      [0.0025471618032, 0.00084758962236, 0.96949811159, 0.027107136984],
      [0.65384380609, 0.01893624514, 0.26932748448, 0.057892464291],
      [0.038858651302, 0.65272309415, 0.27993372575, 0.0284845288],
      [0.012836515021, 0.027554899325, 0.95897681466, 0.000631770991],
      [0.0097325723529, 0.28095129658, 0.41275304571, 0.29656308535],
      [0.093354052731, 0.46988540412, 0.098949822754, 0.33781072039]
    ],
    [
      [0.003700825002, 0.00087619955536, 0.96890450748, 0.026518467962],
      [0.73747496938, 0.014907137589, 0.20445333729, 0.043164555742],
      [0.054249671063, 0.65112988465, 0.26787637043, 0.026744073856],
      [0.037597258, 0.030974615588, 0.93103112925, 0.00039699716335],
      [0.014000946092, 0.28814097697, 0.4075652101, 0.29029286684],
      [0.12873403145, 0.46137618426, 0.093315004701, 0.31657477959]
    ],
    [
      [0.0033668661538, 0.00081542722951, 0.9649163345, 0.030901372117],
      [0.71052091367, 0.014973715301, 0.22025977275, 0.054245598283],
      [0.051855818156, 0.63415932532, 0.28120263849, 0.032782218036],
      [0.03320081168, 0.021412489427, 0.94237740729, 0.0030092916021],
      [0.012464412054, 0.26191428177, 0.39793532135, 0.32768598483],
      [0.11649622923, 0.4268507441, 0.092941075696, 0.36371195096]
    ],
    [
      [0.0035608877657, 0.00073345276268, 0.97037782776, 0.025327831713],
      [0.73287845497, 0.012899531939, 0.21156637393, 0.042655639162],
      [0.058402638617, 0.61293454825, 0.30023213314, 0.028430679989],
      [0.038713709534, 0.0051589903269, 0.95612730014, 0],
      [0.014275140631, 0.25610481799, 0.43240820357, 0.29721183781],
      [0.13593478095, 0.42530245619, 0.10252736784, 0.33623539502]
    ]
  ],
  "expected_outcome": [
    [
      [0.13468932599, 0.079267949105, 0.11110174389, 0.12585462038, 0.043359026538, 0.052386933749, 0.053599191362, 0.055712282382, 0.060107245485, 0.015334656699, 0.05365729101, 0, 0.020156740374, 0.03841309398, 0.12485346939, 0.13938978505, 0.15333368223, 0.047218075746, 0.031207049104, 0.038769301891, 0.053837446773, 0.1770200996, 0.061114627397, 0.16295074067, 0.050567786224, 0.14273342215, 0.046334169696, 0.039208631624, 0.0090017822182, 0.17892811443, 0.03168762627, 0.028298067094, 0.026574782176, 0.010065651695, 0.14611023489, 0.14944494734, 0.041738709354, 0.067167197333, 0.031465967033, 0.024208151737, 0.073836628922, 0.078724870749, 0.061993832243, 0.043940605303, 0.069477736194, 0.015797088526, 0.12048115542, 0.075209416999, 0.011866576715, 0.041252707488, 0.073684430095, 0.12692819144, 0.0093241096331, 0.28018779835, 0.03700825002, 0.20537883538, 0.064095979782],
      [0.035685539883, 0.019275729403, 0.028884975615, 0.047066792261, 0.0084133237864, 0.014284576896, 0.015917504716, 0.015568753716, 0.015845236055, 0.0042886528564, 0.012586732406, 0, 0.0069519496374, 0.016609714877, 0.022558051308, 0.032423833343, 0.037913764861, 0.011845456536, 0.0065796665933, 0.0097365749421, 0.012664819916, 0.039737804485, 0.021055484237, 0.036934011935, 0.0080169364677, 0.024762256405, 0.010700760534, 0.0088670692256, 0.0033055229738, 0.038718975417, 0.017928202989, 0.0058125424792, 0.0085601389155, 0.0043935449338, 0.039335596331, 0.020556490304, 0.015966600608, 0.012362538094, 0.0073396319613, 0.0049547307445, 0.018845319933, 0.017628023199, 0.020072662143, 0.011758133124, 0.026331560059, 0.0020279498832, 0.021145234797, 0.023539863415, 0.0038316148701, 0.0097840207988, 0.017192778866, 0.02690359022, 0.0043744480301, 0.09323485846, 0.0087619955536, 0.049741061, 0.013202149728],
      [53.1363869425, 19.2250114182, 36.7512180845, 56.9487421935, 14.4875804206, 17.4187419258, 17.3402946705, 20.3975955523, 21.3609693661, 5.8456707953, 19.0168330045, 0, 8.8730201413, 13.4383853205, 29.6812426366, 48.9853309556, 58.4310426121, 19.3024880324, 7.7198781281, 9.6291126557, 18.2442914048, 43.3994494375, 26.0042757198, 41.5073536628, 10.663439778, 34.6236375522, 11.5403425508, 11.3871961969, 1.8084808888, 45.9971004992, 17.0653180582, 4.7188027155, 9.6303964654, 4.8284209518, 47.4375404398, 33.8654617588, 17.2936515554, 15.4295161554, 12.4081545889, 6.8128379213, 23.4434366266, 26.0284351257, 23.0933617253, 12.4696432804, 29.1122300741, 3.7928674129, 26.0664604823, 30.9174937609, 3.8674224791, 10.559662904, 20.0990431614, 27.6902219384, 3.7500857786, 106.644792275, 9.6890450748, 58.8598964045, 17.4668008997],
      [1.6932381917, 0.67644490331, 1.108795196, 1.8783363939, 0.46064722909, 0.51458656354, 0.59018863347, 0.53112341156, 0.5630781524, 0.13470589518, 0.91692297206, 0, 0.099871168675, 0.50659187067, 1.1713458427, 1.842855426, 2.3777099408, 0.63844843532, 0.2423351562, 0.32238146748, 0.68920632849, 1.3837926585, 0.91355416852, 1.2927615846, 0.27797549931, 1.2088667692, 0.40262251895, 0.5647281022, 0.17921180605, 1.785252411, 0.88506611254, 0.24708667495, 0.33446861349, 0.15711985157, 1.3770137289, 0.96453680353, 0.6486431346, 0.49095410918, 0.55303981213, 0.15799919617, 0.46388142457, 0.87521198033, 0.82457178032, 0.47465798114, 0.79196062963, 0.18930754868, 0.79191312745, 0.98375695868, 0.11687932936, 0.38930036776, 0.81007962964, 1.1559462799, 0.23621566377, 2.9817850682, 0.26518467962, 1.8849836992, 0.45590097083]
    ],
    [
      [47.062490353, 19.2732077878, 22.6116578335, 51.0495625578, 10.306869484, 26.0100463523, 28.0174420888, 23.4317653962, 23.652966712, 4.0760492605, 11.1228677002, 1.2408496744, 9.2056462462, 22.1942504241, 15.6340385347, 17.9476532471, 38.4671776799, 17.8629101958, 22.311003643, 30.2574303338, 17.5476666946, 88.2286011235, 16.8196781836, 50.7449009817, 23.3997330247, 49.7576090048, 19.1556156576, 9.0385846607, 2.8921177258, 43.5664509106, 11.952083201, 3.2134418955, 20.432016309, 13.7667153466, 39.9839031841, 26.7892767905, 17.4670316535, 18.9459022062, 8.2622200894, 7.3531931342, 19.1505071835, 8.9523343892, 22.1204747082, 18.3802258638, 20.3150941232, 3.7642493505, 55.2789497496, 20.3357651561, 13.0827727654, 19.0296485087, 49.8321568904, 48.9653584584, 4.8070432246, 97.4227271074, 17.6993992651, 117.9464716684, 23.4521105589],
      [1.0792489487, 0.4020393473, 0.50727458623, 1.6592255367, 0.16998043146, 0.61195380293, 0.71819185898, 0.56352054944, 0.53687355341, 0.092290630669, 0.2201882651, 0.011770477134, 0.26429466145, 1.1805972251, 0.24070476233, 0.35913698795, 0.82343080942, 0.38420702517, 0.4032660245, 0.6537659419, 0.35130295624, 1.7192817362, 0.49699987156, 0.99694555078, 0.31741783297, 0.7482804754, 0.38055052926, 0.17216253536, 0.08600321599, 0.81493743848, 0.57342286844, 0.052283609106, 0.56539880039, 0.5119266783, 0.93198087758, 0.31658450237, 0.57451526279, 0.29844774934, 0.16242029406, 0.12567029464, 0.41779973181, 0.1682773946, 0.61809777118, 0.42271904051, 0.66353799058, 0.037497621725, 0.84036259461, 0.54746467348, 0.3601676498, 0.3840141986, 1.0070756756, 0.89658473503, 0.19014527082, 2.8215005258, 0.35777130214, 2.48563674, 0.41278502206],
      [19.9613941492, 4.975568601, 8.0191146783, 24.9612402012, 3.6327584181, 9.2700582221, 9.7181466355, 9.1662871606, 8.9854186425, 1.5536319417, 4.1216048212, 0.22680613139, 4.3850525535, 8.524178568, 3.9294441557, 6.7411675395, 15.771121685, 7.7721535288, 5.8652129039, 8.0184365041, 6.2698766701, 23.3271471368, 7.6208368884, 13.9220204522, 5.2299642209, 13.0016901311, 5.0946753179, 2.739864138, 0.5754690778, 12.0249226481, 6.7634899311, 0.52121007892, 7.8900432687, 6.9698448391, 13.9648432102, 6.4732416696, 7.7265548327, 4.6220033248, 3.4039285991, 2.137570135, 6.4476755025, 3.079353628, 8.8337160989, 5.565382093, 9.1129609674, 0.86176860476, 12.8714705566, 8.9287759884, 4.5061751343, 5.1242094852, 14.6237843161, 11.4531269673, 2.0205607287, 40.1297951874, 4.9068800949, 36.5631222766, 6.7701239658],
      [4.8968665491, 1.3491842639, 1.861952902, 6.3299717043, 0.89039166647, 2.1079416227, 2.5462194167, 1.8384268937, 1.8247410921, 0.27802816714, 1.5353392135, 0.52057371706, 0.14500653885, 3.1009737828, 1.1958125474, 1.9520422254, 4.9382698257, 1.9807292502, 1.4205174286, 2.0703672201, 1.8311536791, 5.7249700036, 2.0624850564, 3.3361330153, 1.0528849213, 3.4924203888, 1.3691584952, 1.049388666, 0.44640998039, 3.5936890028, 2.7110039995, 0.2130644165, 2.1125416219, 1.751513136, 3.1192727281, 1.4208970375, 2.2318982509, 1.1336467197, 1.1714310175, 0.38356643614, 0.98401758226, 0.80003458823, 2.4277114217, 1.6316730027, 1.9084069189, 0.33648442303, 3.0092170991, 2.187994182, 1.0508844505, 1.4621278074, 4.5369831179, 3.6849298393, 0.98225077586, 8.6259771794, 1.0359493378, 9.0047693149, 1.3649804532]
    ],
    [
      [6.1559014541, 10.0192854217, 14.4713406488, 21.4802548695, 5.6502087304, 11.4052836259, 12.2376549586, 7.5289424255, 11.1594554527, 1.5157739406, 2.7881769134, 0.18412108571, 0.82131955502, 1.0078406612, 6.9964298844, 7.8722346768, 11.0663212261, 5.3659914289, 8.7116741442, 11.9490291759, 3.0101591724, 12.8920853699, 5.343744015, 21.1653397853, 12.200414548, 24.7091316296, 14.46649742, 3.5335187648, 2.7752936096, 11.3169255338, 0.64963193902, 2.6318504356, 6.8396086636, 2.4243754882, 15.8964691031, 12.4486247306, 7.6618255259, 7.6487237119, 2.8824144677, 4.2599374549, 4.6615603196, 2.9373193811, 12.3648261944, 12.0236491903, 9.0439047188, 0.99517974629, 17.1326783188, 7.3333541597, 5.9170426266, 3.9947734901, 17.0017824472, 9.2198463354, 3.9338815396, 26.7736107469, 6.4014611854, 27.4317278044, 4.0297820646],
      [81.6972135323, 123.2346481257, 190.0989097358, 405.5069422011, 51.3133035336, 157.2074924811, 183.6649354014, 106.4678672626, 147.6819852006, 21.7489772344, 33.3294560315, 1.9882295229, 19.4750500116, 22.4529812419, 64.1122563625, 92.6787993721, 136.3540063738, 64.4215436436, 92.9982761175, 127.2430538225, 36.1207250576, 146.4025690562, 93.2224895336, 242.3211522257, 69.6452389275, 213.2433584068, 168.8407605185, 40.6433857616, 60.1049383097, 123.9232056656, 41.2998183358, 27.6296694538, 111.4675959667, 74.8175039666, 216.2053876821, 70.4996189519, 148.1832244027, 71.3466258929, 32.814260619, 43.2992229614, 60.3999636847, 33.2840173085, 202.2603404, 162.6035748683, 173.3645590419, 6.3752123893, 152.0262209195, 116.1196620146, 96.7269807973, 48.1855480936, 200.4634989862, 99.0114670823, 93.4152161614, 449.7262118681, 76.8333263884, 335.4702830953, 42.2924838293],
      [47.7660832075, 45.8621436675, 90.4871835351, 183.9328890197, 40.5660087048, 71.6746484238, 74.820605081, 53.5615625122, 77.0277129855, 11.2410738779, 18.6067088012, 0.91249942183, 9.7036304334, 6.6246946446, 31.3759937679, 52.2853006372, 81.7633952659, 45.8294150886, 40.6347435562, 35.0495482327, 19.2182284207, 59.7646496565, 42.9366792379, 101.9505581344, 35.6114596565, 116.6365447956, 68.0404409399, 19.3246154813, 4.8289697018, 54.9854502639, 14.519814359, 8.1645886691, 46.7682764031, 30.1728231952, 97.948158469, 54.2110407032, 59.9597419801, 33.1577403698, 22.6389767518, 24.4245075961, 28.8696807282, 18.5342844784, 87.0527171571, 64.4336213654, 71.6141979558, 4.6325466848, 70.0866772391, 56.9447356435, 36.3468449718, 19.2265935468, 87.6637797732, 37.9875919096, 29.7999990447, 192.8743370417, 31.6094117113, 148.7561957591, 20.7160171869],
      [4.3808018062, 5.8839227851, 9.9425660802, 22.0799139097, 3.4704790312, 7.7125754692, 9.276804559, 3.4416277998, 6.1308463613, 0.49417494716, 3.275658254, 0.9151499696, 0, 0.91448345228, 4.5153199852, 7.1636653139, 11.8162771343, 4.3830498388, 4.6553061821, 5.7583687689, 2.6508873494, 6.9406959173, 5.4970872134, 11.5629498545, 2.542886868, 14.4109651681, 8.6523011216, 3.4984799923, 7.2907983788, 7.7744185367, 3.5307353662, 1.5738914415, 5.9245189667, 3.5852973501, 9.9499847458, 3.8407156143, 8.1952080913, 3.8469100254, 3.6643481615, 1.0163319876, 1.0687952675, 2.2443788321, 11.3221162486, 8.939154576, 6.9773382836, 0.99706117953, 7.7544235227, 6.6022481822, 4.0091316043, 2.5930848696, 12.8709387934, 5.7810946728, 6.8509032542, 19.6258403433, 3.155800715, 17.3417933411, 1.9617169193]
    ],
    [
      [3.2165151187, 9.2594443538, 11.1382552894, 12.5635958948, 6.5102381379, 9.8302571471, 8.5029787894, 4.5027038328, 4.6234942105, 1.3917907668, 2.8052536406, 0.57502923988, 0, 0, 10.5993254449, 11.2361406887, 10.8760138632, 3.7463913196, 7.7725378387, 5.4444256405, 3.1339585619, 25.2022702959, 3.2871117697, 21.6070555315, 7.6787506262, 27.1782262917, 10.6856554537, 5.2570328134, 0.60977244677, 17.5158578536, 0, 3.2546268636, 2.0408376969, 0, 10.2313262359, 13.9376336054, 3.2242631593, 12.5385596392, 3.0869336732, 3.3353297437, 5.1975922448, 3.7958710989, 6.4589386339, 7.934841138, 4.5663155349, 2.6725342623, 32.7975760423, 3.502244588, 2.9681717499, 4.1289091954, 14.5211552704, 18.2934849972, 2.5068485039, 19.4601567726, 7.8954241799, 27.6562761296, 7.3168911019],
      [0, 13.082062807, 5.1119210549, 26.4788275464, 0, 7.952340361, 16.2914701964, 1.1967579771, 0, 0.046231846414, 0.0080185462627, 0, 0.13415669575, 7.9125045103, 2.03723048, 0.057901178372, 0, 0, 2.8998316951, 4.2376297333, 0.15699247164, 13.4606032822, 6.1403538124, 15.7004549351, 0, 0, 11.5988642462, 3.1293061784, 0.69275921575, 8.9044241973, 10.7782729077, 5.0372072553, 7.611533096, 5.851259524, 8.816462879, 0, 14.5240150163, 3.162548454, 0, 0, 2.104548588, 0, 13.1804971566, 13.2270719327, 15.0025133942, 0, 5.9327804838, 2.4835897619, 9.84980235, 3.3676663856, 9.9254485043, 10.5152089919, 17.1358210234, 41.7732273773, 6.5046692735, 17.8366036927, 0.97504917179],
      [428.7834848813, 187.7951634592, 486.5341017117, 1247.6435569187, 291.4897618621, 444.078799182, 368.0526460006, 307.3005381901, 282.3765057895, 93.5619773868, 149.1079251117, 9.8606944468, 90.8658433042, 68.7576955258, 216.6373348306, 539.8852557202, 683.2402705933, 318.2536086804, 140.1525305276, 160.6683879888, 155.1952583755, 412.4388610154, 316.2867809527, 477.3110612131, 116.3212493738, 531.9086838309, 237.690602129, 161.530545665, 14.5238308808, 375.3460210171, 154.5474999854, 32.1832080741, 176.1237299769, 132.8116579301, 453.9522108851, 247.0623663946, 299.453952483, 236.7444485307, 195.881188737, 101.6646702563, 224.6978591672, 168.0441013981, 392.6742581325, 239.8064081748, 413.431171071, 55.9925241482, 493.6041549818, 332.9351083529, 145.8546895896, 73.6730381829, 350.8724526078, 221.0209411413, 138.8508521291, 1453.8088510277, 195.5165371423, 785.0003802731, 180.7080597263],
