{
  "X": [
    [3, 35, 57, 11, 7],
    [13, 166, 263, 56, 21],
    [1, 15, 10, 3, 0],
    [90, 567, 770, 235, 65],
    [47, 519, 1078, 243, 59],
    [61, 374, 287, 106, 31],
    [75, 290, 490, 60, 50],
    [68, 229, 491, 55, 45],
    [168, 1284, 1643, 347, 147],
    [141, 783, 915, 177, 89],
    [8, 30, 13, 5, 3],
    [37, 353, 605, 154, 30],
    [3, 14, 35, 1, 5],
    [6, 12, 23, 3, 3],
    [1, 12, 14, 4, 1],
    [0, 6, 8, 2, 0],
    [0, 7, 12, 5, 0],
    [85, 555, 1030, 142, 48],
    [14, 41, 66, 3, 12],
    [12, 26, 34, 2, 5],
    [21, 176, 178, 69, 23],
    [3, 8, 96, 7, 5],
    [23, 106, 146, 36, 16],
    [46, 283, 372, 111, 40],
    [8, 66, 142, 21, 8],
    [39, 246, 268, 82, 20],
    [23, 58, 181, 38, 6],
    [6, 117, 200, 53, 12],
    [11, 170, 240, 91, 17],
    [2, 16, 136, 9, 5],
    [12, 180, 359, 84, 31],
    [12, 89, 191, 44, 14],
    [55, 276, 241, 92, 36],
    [6, 31, 71, 15, 5],
    [14, 58, 183, 15, 12],
    [44, 266, 374, 40, 34],
    [17, 72, 182, 27, 19],
    [5, 19, 78, 16, 7],
    [2, 14, 88, 6, 3],
    [4, 29, 97, 14, 4],
    [37, 175, 408, 38, 43],
    [43, 301, 330, 72, 27],
    [24, 124, 276, 44, 17],
    [16, 68, 58, 25, 7],
    [45, 546, 654, 134, 63],
    [31, 488, 480, 134, 44],
    [28, 215, 276, 61, 27],
    [14, 167, 336, 79, 26],
    [15, 128, 107, 30, 23],
    [21, 215, 250, 70, 17],
    [7, 27, 67, 17, 7],
    [6, 67, 154, 63, 9],
    [1, 10, 63, 5, 1],
    [15, 82, 258, 28, 6],
    [15, 186, 389, 98, 20],
    [0, 8, 6, 2, 1],
    [2, 24, 95, 20, 9],
    [2, 12, 139, 20, 4],
    [7, 31, 146, 8, 8],
    [8, 71, 140, 29, 12],
    [3, 14, 128, 10, 5],
    [3, 20, 63, 13, 4],
    [18, 156, 175, 45, 18],
    [19, 130, 120, 21, 21],
    [8, 112, 209, 43, 9],
    [7, 95, 211, 31, 8],
    [22, 184, 416, 56, 22],
    [0, 7, 50, 7, 3],
    [2, 23, 83, 10, 2],
    [20, 152, 214, 100, 14],
    [89, 182, 292, 31, 40],
    [112, 711, 728, 166, 130],
    [103, 470, 664, 157, 115],
    [0, 0, 1, 0, 0]
  ],
  "W": [
    [5, 15, 31, 58, 4],
    [9, 92, 177, 216, 25],
    [0, 8, 9, 12, 0],
    [72, 474, 588, 568, 25],
    [66, 369, 462, 1007, 42],
    [35, 191, 381, 233, 19],
    [55, 133, 363, 404, 10],
    [50, 119, 305, 408, 6],
    [113, 567, 1513, 1358, 38],
    [80, 317, 916, 768, 24],
    [4, 7, 37, 11, 0],
    [37, 304, 314, 501, 23],
    [2, 4, 14, 37, 1],
    [3, 8, 9, 25, 2],
    [0, 6, 10, 16, 0],
    [1, 2, 6, 7, 0],
    [0, 6, 8, 10, 0],
    [74, 171, 571, 1016, 28],
    [7, 15, 58, 56, 0],
    [11, 8, 30, 29, 1],
    [16, 162, 151, 133, 5],
    [1, 19, 14, 84, 1],
    [8, 115, 103, 98, 3],
    [35, 275, 275, 262, 5],
    [13, 50, 70, 107, 5],
    [25, 198, 241, 188, 3],
    [8, 82, 77, 133, 6],
    [10, 94, 105, 172, 7],
    [23, 154, 132, 201, 19],
    [1, 26, 12, 128, 1],
    [17, 182, 166, 288, 13],
    [10, 100, 83, 145, 12],
    [39, 188, 283, 179, 11],
    [1, 25, 36, 62, 4],
    [13, 43, 72, 152, 2],
    [42, 117, 306, 287, 6],
    [12, 54, 91, 154, 6],
    [1, 23, 24, 71, 6],
    [1, 23, 16, 71, 2],
    [4, 41, 23, 80, 0],
    [37, 97, 205, 355, 7],
    [28, 137, 346, 245, 17],
    [15, 73, 173, 221, 3],
    [3, 33, 87, 47, 4],
    [64, 270, 574, 522, 12],
    [24, 248, 566, 316, 23],
    [30, 108, 259, 204, 6],
    [12, 162, 188, 254, 6],
    [13, 62, 141, 84, 3],
    [24, 100, 257, 184, 8],
    [4, 34, 33, 53, 1],
    [8, 87, 57, 139, 8],
    [4, 11, 5, 59, 1],
    [7, 49, 126, 203, 4],
    [16, 191, 168, 319, 14],
    [0, 2, 7, 6, 2],
    [4, 42, 26, 76, 2],
    [4, 44, 9, 119, 1],
    [7, 14, 34, 143, 2],
    [11, 43, 62, 139, 5],
    [3, 28, 23, 106, 0],
    [5, 15, 24, 57, 2],
    [23, 44, 151, 185, 9],
    [24, 28, 132, 125, 2],
    [13, 53, 107, 201, 7],
    [14, 36, 89, 209, 4],
    [28, 83, 176, 406, 7],
    [0, 12, 10, 45, 0],
    [0, 17, 30, 73, 0],
    [20, 181, 124, 167, 8],
    [55, 62, 231, 277, 9],
    [162, 320, 649, 659, 57],
    [117, 280, 491, 580, 41],
    [0, 0, 0, 1, 0]
  ],
  "method": "mvn_pdf",
  "cond_prob": [
    [
      [0.17684282945, 0.33523501807, 0.010886508452, 0.0036736582074, 0.47336198582],
      [0.0042359682084, 0.28360629005, 0.28437316094, 0.38498418241, 0.042800398386],
      [0.056330254864, 0.74755729465, 0.11331445517, 0.026832792264, 0.055965203051],
      [0.005075096969, 0.075801404445, 0.84611030767, 0.047479359109, 0.025533831808],
      [0.0029132011573, 0.37474324175, 0.023206022112, 0.40531239607, 0.19382513891]
    ],
    [
      [0.21913694826, 0.36085200237, 0.020493429371, 0.0044050770859, 0.39511254291],
      [0.0028169677649, 0.22914037695, 0.38587836027, 0.35294378664, 0.029220508374],
      [0.059136951794, 0.68687748977, 0.18166905705, 0.028209080913, 0.044107420479],
      [0.0010495338206, 0.051365067334, 0.89909025638, 0.033954238099, 0.014540904365],
      [0.0029866663366, 0.35996988266, 0.0382332606, 0.44649612737, 0.15231406303]
    ],
    [
      [0.29312315988, 0.66816857507, 0.0048322268815, 0.0015775454556, 0.032298492707],
      [0.020087997694, 0.59331967966, 0.14875196207, 0.23784036058, 0],
      [0.054657299891, 0.8804346906, 0.034418987975, 0.03048902153, 0],
      [0.028948359952, 0.19412752894, 0.70835111764, 0.068572993469, 0],
      [0.0035330276917, 0.76528474025, 0.010569645841, 0.20076894202, 0.019843644198]
    ],
    [
      [0.33284297992, 0.3361074601, 0.017549101516, 0.0044797311316, 0.30902072734],
      [0.0069570054429, 0.22921472257, 0.35425922996, 0.38517247166, 0.02439657036],
      [0.09919068625, 0.67133214729, 0.16364072056, 0.029951590118, 0.035884855788],
      [0.0075322309271, 0.053778991341, 0.88685241003, 0.039672409499, 0.012163958206],
      [0.0054101673678, 0.35450858752, 0.034587084293, 0.47840976817, 0.12708439265]
    ],
    [
      [0.24033914345, 0.41328109141, 0.019553246204, 0.0060242434972, 0.32080227543],
      [0.002961493059, 0.23014916216, 0.31968151475, 0.42666785679, 0.020539973245],
      [0.06059844512, 0.7149619981, 0.15755498059, 0.034742991489, 0.032141584705],
      [0.0019099066003, 0.061548367598, 0.87852921571, 0.047079257161, 0.010933252934],
      [0.002977809555, 0.34539899608, 0.030421084792, 0.51671158919, 0.10449052039]
    ],
    [
      [0.37324207404, 0.35456134349, 0.010753973616, 0.0039010276898, 0.25754158117],
      [0.0093423725471, 0.29726600618, 0.27399805583, 0.39459537301, 0.024798192436],
      [0.11332826221, 0.726965876, 0.10202433838, 0.027389139663, 0.030292383747],
      [0.012221220457, 0.085861641296, 0.8367455489, 0.050184573667, 0.014987015685],
      [0.006659051835, 0.41225182207, 0.024052444403, 0.4403936795, 0.11664300219]
    ],
    [
      [0.38743021222, 0.25183661821, 0.01606055681, 0.002345860301, 0.34232675246],
      [0.0094943515897, 0.23006219729, 0.42857978627, 0.29541469114, 0.036448973705],
      [0.13706586113, 0.61326650799, 0.18111658655, 0.019416416718, 0.049134627603],
      [0.0064038654246, 0.047625748344, 0.90578030231, 0.024019442546, 0.016170641373],
      [0.0086520343641, 0.36941690265, 0.043499474778, 0.38288097049, 0.19555061772]
    ],
    [
      [0.40166478686, 0.22968655993, 0.017640374718, 0.0026149446473, 0.34839333384],
      [0.0093445637946, 0.20125148112, 0.45255414584, 0.30117371007, 0.035676099174],
      [0.14627032628, 0.57522642856, 0.20474259676, 0.022134738205, 0.05162591019],
      [0.005241115405, 0.039457216951, 0.91551551701, 0.024111917229, 0.015674233402],
      [0.0089888275707, 0.33735675369, 0.047869159168, 0.40680398119, 0.19898127838]
    ],
    [
      [0.27775646782, 0.33861882426, 0.017347762291, 0.0046731930736, 0.36160375255],
      [0.005443901584, 0.22700997636, 0.34361391071, 0.39560117947, 0.028331031882],
      [0.082893288721, 0.68037044605, 0.16271268719, 0.03131561526, 0.042707962786],
      [0.0058506773179, 0.054958470978, 0.88275689774, 0.041674507616, 0.014759446344],
      [0.0043174027958, 0.34177178444, 0.032696121992, 0.47872508408, 0.1424896067]
    ],
    [
      [0.35029267998, 0.311309618, 0.014123461683, 0.0034822952449, 0.32079194509],
      [0.0083882453346, 0.25638331757, 0.34430931603, 0.36005798268, 0.030861138386],
      [0.1128278034, 0.67734296084, 0.14334813342, 0.025401594631, 0.041079507706],
      [0.0088667102773, 0.061536285517, 0.87583801996, 0.037795967555, 0.015963016694],
      [0.0065671008648, 0.37982081181, 0.032232514458, 0.42866133772, 0.15271823515]
    ],
    [
      [0.47814904097, 0.2692449873, 0.0053243113029, 0.0035812451906, 0.24370041524],
      [0.011363102431, 0.28230398361, 0.22252591801, 0.45474702842, 0.029059967532],
      [0.15743947243, 0.70066984183, 0.067920502356, 0.031131600456, 0.042838582932],
      [0.016600149019, 0.092918910725, 0.80981479469, 0.059143327586, 0.021522817984],
      [0.0092082881264, 0.37001066728, 0.018431153313, 0.47861669691, 0.12373319437]
    ],
    [
      [0.28351231157, 0.41478559359, 0.020071204949, 0.0050260039379, 0.27660488594],
      [0.0046753045612, 0.24802458651, 0.35397496276, 0.37545741885, 0.017867727326],
      [0.071862632573, 0.71209823856, 0.160752911, 0.028978815648, 0.026307402216],
      [0.0048521342396, 0.059347754493, 0.88895696478, 0.039341890739, 0.0075012557512],
      [0.0040420001335, 0.38788638385, 0.03500536226, 0.47240639786, 0.1006598559]
    ],
    [
      [0.18153494501, 0.13011261234, 0.0059393674851, 0, 0.68241307517],
      [0.013269039991, 0.33011070745, 0.35632316765, 0.15800453965, 0.14229254526],
      [0.12384180876, 0.63950569523, 0.10974901083, 0.0039714434821, 0.12293204169],
      [0.022806178564, 0.085246233737, 0.86501408851, 0.0053470326929, 0.021586466495],
      [0.0062400204469, 0.31214156398, 0.020821167934, 0.11454142301, 0.54625582463]
    ],
    [
      [0.8025451849, 0.07681930936, 0.0078096567464, 0.0011193155473, 0.11170653345],
      [0.039395051432, 0.39622011875, 0.27808396756, 0.21979570948, 0.066505152781],
      [0.3550652469, 0.53779947293, 0.060040942359, 0.0081016183484, 0.038992719454],
      [0, 0.11352013227, 0.80660925191, 0.03034398308, 0.049526632738],
      [0.040808405855, 0.46079127938, 0.023149755138, 0.20338111769, 0.27186944193]
    ],
    [
      [0.21997675442, 0.48440534255, 0.0083641896002, 0.0038706186135, 0.28338309481],
      [0.009718262559, 0.34400139918, 0.18183705375, 0.43851194165, 0.025931342856],
      [0.059676711915, 0.83007329812, 0.051262193378, 0.0265940846, 0.032393711991],
      [0.021557706593, 0.10220366398, 0.77477223398, 0.068936719006, 0.032529676434],
      [0.0028604506351, 0.45712387602, 0.015084432497, 0.4379307588, 0.087000482051]
    ],
    [
      [0, 0.95068413439, 0.035597556241, 0.013718309369, 0],
      [0, 0.12657693881, 0.23409534366, 0.63932771754, 0],
      [0, 0.77465218193, 0.17477748664, 0.050570331428, 0],
      [0, 0.021178413772, 0.92107811951, 0.057743466713, 0],
      [0.00032086350324, 0.15800727985, 0.017338718968, 0.81979373128, 0.0045394063969]
    ],
    [
      [0.1232315214, 0.66991508913, 0.037296564723, 0.020872196254, 0.14868462849],
      [0, 0.1162788239, 0.23165008705, 0.65207108905, 0],
      [0, 0.73913931544, 0.20069991, 0.060160774558, 0],
      [0, 0.038921253306, 0.90045001977, 0.060628726924, 0],
      [0.00048497569644, 0.16200900561, 0.018869652706, 0.80825011006, 0.01038625593]
    ],
    [
      [0.33011715367, 0.39176382239, 0.0170335853, 0.0048120390776, 0.25627339956],
      [0.0065267805282, 0.25451036326, 0.32647103067, 0.39347906324, 0.019012762298],
      [0.089528193689, 0.71111542829, 0.14421951149, 0.029249081243, 0.025887785289],
      [0.0080650251631, 0.064603880224, 0.87567717401, 0.043537868534, 0.0081160520657],
      [0.0050209641186, 0.38584832735, 0.031272092293, 0.47940319548, 0.098455420758]
    ],
    [
      [0.33406109538, 0.13199056255, 0.0096843710964, 0, 0.52426397097],
      [0.016464539199, 0.26262651754, 0.43503469443, 0.18031578616, 0.10555846267],
      [0.18969295884, 0.55734800408, 0.15886892774, 0, 0.094090109338],
      [0.0073645112791, 0.068044358259, 0.89629091387, 0.0052725572773, 0.023027659316],
      [0.011721729773, 0.30983730374, 0.031962867074, 0.17490451969, 0.47157357972]
    ],
    [
      [0.54881192502, 0.21207269011, 0.012589448209, 0, 0.22652593667],
      [0.015752552455, 0.31292558476, 0.44055542347, 0.19174530089, 0.039021138421],
      [0.19397616583, 0.62350965159, 0.1370284566, 0.0010554228888, 0.044430303087],
      [0, 0.067810563391, 0.90288506298, 0.0064997286606, 0.022804644971],
      [0.017763430251, 0.49199984458, 0.042552157551, 0.24588277509, 0.20180179253]
    ],
    [
      [0.28075660221, 0.33423080373, 0.011013617118, 0.0032886721067, 0.37071030484],
      [0.00857742032, 0.29959659665, 0.29727594143, 0.3560017715, 0.038548270101],
      [0.091115631706, 0.72613489352, 0.11185172529, 0.024331640136, 0.046566109344],
      [0.010027173807, 0.078401987729, 0.84697791873, 0.042660748289, 0.02193217144],
      [0.0052555537773, 0.40876503876, 0.025481180548, 0.38542741618, 0.17507081074]
    ],
    [
      [0.25152432599, 0.12008556615, 0.019896166002, 0.0020485824202, 0.60644535944],
      [0.026431399533, 0.091179901909, 0.57216973889, 0.25431928653, 0.055899673135],
      [0.12262729803, 0.42449554928, 0.32536536781, 0.024012191171, 0.10349959371],
      [0.0062339519001, 0, 0.95822620134, 0.017431910068, 0.018107936691],
      [0.0058449509335, 0.20455860764, 0.06276273295, 0.36543385147, 0.361399857]
    ],
    [
      [0.4438565291, 0.22105359253, 0.010690518407, 0.0015130929316, 0.32288626703],
      [0.0071104281296, 0.28302655153, 0.39050501614, 0.27302342764, 0.046334576564],
      [0.17284419501, 0.62284885639, 0.13924005479, 0.013330310013, 0.051736583798],
      [0.0080909142142, 0.064511911597, 0.88324949147, 0.022947864994, 0.021199817725],
      [0.011862284518, 0.40263942989, 0.035407729741, 0.3227627923, 0.22732776355]
    ],
    [
      [0.32802147182, 0.30126407162, 0.014337175541, 0.0031482597039, 0.35322902131],
      [0.0083640359579, 0.25575415659, 0.36093645645, 0.33999823425, 0.034947116751],
      [0.1086656608, 0.67246882839, 0.14936232782, 0.023507525072, 0.045995657919],
      [0.00879528768, 0.058366450778, 0.88166744899, 0.03395271023, 0.017218102318],
      [0.0063433013972, 0.38048530389, 0.033832308807, 0.40602340335, 0.17331568255]
    ],
    [
      [0.26060797596, 0.39295084087, 0.032220401278, 0.0045347061238, 0.30968607577],
      [0.0031553824381, 0.19913187757, 0.48950028982, 0.29105230197, 0.017160148209],
      [0.060828301952, 0.64099807787, 0.24563957866, 0.024680479362, 0.027853562156],
      [0.001662229104, 0.039072130355, 0.93102072801, 0.022657304534, 0.0055876080007],
      [0.0036975079744, 0.37689235829, 0.058426377921, 0.4472937163, 0.11369003952]
    ],
    [
      [0.37101436216, 0.35532914991, 0.015093658191, 0.0035348084733, 0.25502802127],
      [0.0088308248151, 0.27629686527, 0.34796450289, 0.3446795224, 0.022228284622],
      [0.10854097632, 0.70076601428, 0.13895431526, 0.02344068614, 0.028298007992],
      [0.0095618208458, 0.065224432431, 0.87839107402, 0.035913906517, 0.010908766184],
      [0.0067133398461, 0.42106306324, 0.0333916928, 0.42135485591, 0.11747704821]
    ],
    [
      [0.6385846082, 0.1764968057, 0.018066547701, 0.003311421889, 0.16354061651],
      [0, 0.16533289625, 0.47510525536, 0.34319511922, 0.016366729171],
      [0.23118524382, 0.48638707082, 0.22713047437, 0.030232673606, 0.025064537389],
      [0, 0.028388653709, 0.93285350501, 0.032957897687, 0.005799943595],
      [0.01500989343, 0.3005387776, 0.056378997684, 0.52003209815, 0.10804023313]
    ],
    [
      [0.19320760581, 0.43522974769, 0.020312734701, 0.0058542052662, 0.34539570653],
      [0, 0.2394279226, 0.33026417905, 0.40817334805, 0.0221345503],
      [0.038596989421, 0.736012952, 0.15893189578, 0.032803540125, 0.033654622675],
      [0, 0.060107003995, 0.88281490987, 0.044500501048, 0.012577585082],
      [0.0021771503913, 0.36024473601, 0.031432323795, 0.49638647673, 0.10975931307]
    ],
    [
      [0.21124408583, 0.46476354031, 0.018843796212, 0.0062793816765, 0.29886919597],
      [0, 0.25203664196, 0.29856081287, 0.43145643451, 0.017946110656],
      [0.046221582424, 0.75145482515, 0.14119883922, 0.033807526159, 0.027317227053],
      [0, 0.071232947508, 0.86777362092, 0.05094753114, 0.01004590043],
      [0.0021124813643, 0.36773349176, 0.027762259072, 0.51095979442, 0.091431973382]
    ],
    [
      [0.21691658405, 0.23542854533, 0.021598128986, 0.0024753593126, 0.52358138233],
      [0.0051497337121, 0.18523511232, 0.51138750043, 0.25499944434, 0.0432282092],
      [0.075539289926, 0.58848541341, 0.24857781365, 0.020270246452, 0.067127236554],
      [0.0057695177452, 0.027839205877, 0.93472033436, 0.013805946061, 0.017864995956],
      [0.0042205889433, 0.32321522126, 0.05519029767, 0.35713503469, 0.26023885744]
    ],
    [
      [0.18263720187, 0.33010997757, 0.018872530025, 0.0040718762882, 0.46430841424],
      [0, 0.22912400107, 0.38353645347, 0.35086318537, 0.036476360096],
      [0.053371607928, 0.6819667063, 0.18150365993, 0.028155236756, 0.055002789084],
      [0, 0.052090303282, 0.89676240986, 0.034118466815, 0.017028820045],
      [0.0027292809304, 0.34454473815, 0.036796220854, 0.42875312471, 0.18717663535]
    ],
    [
      [0.29492886931, 0.31705716276, 0.020626304475, 0.0037297628346, 0.36365790062],
      [0.0067298278677, 0.21646958448, 0.42211888057, 0.32540536547, 0.029276341615],
      [0.088589721049, 0.64648743454, 0.19646680413, 0.025408214043, 0.043047826232],
      [0.0066430889021, 0.042840271937, 0.90861017207, 0.028385105846, 0.013521361247],
      [0.0051278151894, 0.35934778557, 0.043885767107, 0.43312030928, 0.15851832286]
    ],
    [
      [0.38070496634, 0.29458298123, 0.010437157963, 0.0033826808253, 0.31089221365],
      [0.0087817069037, 0.27780892273, 0.29770092584, 0.38136090569, 0.034347538836],
      [0.12864878511, 0.68766648439, 0.11452271067, 0.02624701362, 0.042915006216],
      [0.011237516749, 0.075147360897, 0.84875737015, 0.045083903519, 0.019773848685],
      [0.0074930664649, 0.3838357796, 0.026152764157, 0.42493650859, 0.1575818812]
    ],
    [
      [0.369821876, 0.24432095403, 0.014951613918, 0.0035910102519, 0.3673145458],
      [0.009161989505, 0.1991946704, 0.37160468705, 0.38571812005, 0.034320532991],
      [0.13128578432, 0.61257810612, 0.17351660531, 0.030641555046, 0.051977949207],
      [0.010449866079, 0.040153318, 0.89204270431, 0.037837839445, 0.019516272168],
      [0.0067371134759, 0.30837368744, 0.035421437918, 0.47610349028, 0.17336427088]
    ],
    [
      [0.34246635653, 0.25826913066, 0.024091133955, 0.0023214347517, 0.37285194411],
      [0.0078306311058, 0.18711843542, 0.52224160496, 0.25169100995, 0.031118318567],
      [0.11147652789, 0.57336176911, 0.24941309767, 0.017991615759, 0.04775698957],
      [0.0077030930463, 0.030315276353, 0.93519520682, 0.013716752759, 0.013069671019],
      [0.0070200383388, 0.35321959832, 0.061505887903, 0.38338258326, 0.19487189218]
    ],
    [
      [0.30963773509, 0.33557464285, 0.02020441887, 0.0019192127512, 0.33266399044],
      [0.0073120065563, 0.25715802461, 0.45415716877, 0.25167966463, 0.029693135431],
      [0.092056381846, 0.66924671461, 0.18726549963, 0.012339773577, 0.03909163034],
      [0.0067371164104, 0.050266682184, 0.91436128821, 0.016130360484, 0.012504552716],
      [0.0061508507608, 0.43372394377, 0.048348843472, 0.34458135488, 0.16719500711]
    ],
    [
      [0.30388541003, 0.20399090821, 0.015618526552, 0.0028652636109, 0.4736398916],
      [0.0088228557679, 0.18866356684, 0.42883519669, 0.32570513417, 0.04797324654],
      [0.12555751653, 0.57176996367, 0.20355097773, 0.026626899024, 0.072494643051],
      [0.0091669275736, 0.036273907282, 0.90833579848, 0.029479126164, 0.016744240503],
      [0.0065833363321, 0.2911713461, 0.041437520285, 0.40245105851, 0.25835673877]
    ],
    [
      [0.31273452519, 0.14859793145, 0.012623213684, 0.0031082252171, 0.52293610446],
      [0.0094130884467, 0.14840491631, 0.38564876352, 0.40330075862, 0.053232473107],
      [0.15170103275, 0.51549729228, 0.20396611342, 0.036850671638, 0.09198488991],
      [0.011137524417, 0.024927974624, 0.90160680237, 0.042926199492, 0.019401499095],
      [0.0065292368394, 0.21604463006, 0.034697589133, 0.46479967389, 0.27792887008]
    ],
    [
      [0.26493416076, 0.26887327529, 0.036019200974, 0.0027326239523, 0.42744073902],
      [0.0051750979647, 0.14831907742, 0.61509258321, 0.20517428557, 0.026238955832],
      [0.072620117962, 0.53303917133, 0.33311161195, 0.016749130422, 0.044479968334],
      [0.0062632817338, 0.015700386961, 0.96221659746, 0.0035999020491, 0.012219831801],
      [0.0047118477762, 0.33821686431, 0.0848435873, 0.37733983781, 0.19488786281]
    ],
    [
      [0.3062653429, 0.34361705352, 0.023053065153, 0.0033077213515, 0.32375681707],
      [0.0069486718599, 0.22430989022, 0.45665796974, 0.28779157285, 0.024291895338],
      [0.08223200613, 0.65696611432, 0.20544546502, 0.02111856174, 0.034237852787],
      [0.0074838367643, 0.041482570719, 0.91824456606, 0.021269846349, 0.01151918011],
      [0.0050250832408, 0.39633111846, 0.050243262684, 0.40916132579, 0.13923920983]
    ],
    [
      [0.28600363323, 0.23794063066, 0.016326843223, 0.0017965516279, 0.45793234126],
      [0.0084794819594, 0.22627357168, 0.45060683952, 0.26556790467, 0.049072202171],
      [0.10988076982, 0.61353557486, 0.19377914068, 0.016769373415, 0.066035141222],
      [0.0085190607647, 0.045091616529, 0.91169737684, 0.01801945333, 0.01667249254],
      [0.0065044907316, 0.35219192851, 0.044250107189, 0.33411619349, 0.26293728008]
    ],
    [
      [0.3203526882, 0.36272451234, 0.018858925057, 0.0040363980719, 0.29402747634],
      [0.0067110554653, 0.24581867126, 0.37931710467, 0.34528716788, 0.022866000726],
      [0.090479459332, 0.68567737013, 0.16650667718, 0.025635895529, 0.031700597828],
      [0.0069967964189, 0.054148305512, 0.89488597645, 0.03348511439, 0.010483807226],
      [0.0053295341372, 0.39152063401, 0.038066601274, 0.44169211622, 0.12339111436]
    ],
    [
      [0.32777464544, 0.28760570736, 0.025437554116, 0.0054661998691, 0.35371589321],
      [0.0059896293001, 0.16069448517, 0.42697718204, 0.38326918861, 0.023069514881],
      [0.099159961929, 0.58088266803, 0.24039969762, 0.037678678117, 0.041878994302],
      [0.0066824397477, 0.029959471226, 0.91728458065, 0.03536737532, 0.010706133058],
      [0.0048815938719, 0.28049075385, 0.046687462774, 0.53491832437, 0.13302186514]
    ],
    [
      [0.46292420919, 0.2470252208, 0.0099394035858, 0.00445285715, 0.27565830927],
      [0.0068874170487, 0.21094419423, 0.24983503368, 0.50457723565, 0.027756119393],
      [0.15969353633, 0.64226572887, 0.11880439523, 0.035048274696, 0.044188064879],
      [0.0098092319367, 0.069685163329, 0.83623442199, 0.064611994613, 0.019659188131],
      [0.0073927620292, 0.28636121005, 0.021656364856, 0.56240725169, 0.12218241138]
    ],
    [
      [0.2154788082, 0.3956580179, 0.018800156278, 0.0043060527569, 0.36575696486],
      [0.0018628961088, 0.25858175731, 0.36041745232, 0.35105684923, 0.028081045038],
      [0.05342863762, 0.7211047927, 0.15954188061, 0.02628973007, 0.039634958998],
      [0, 0.061770002438, 0.88791520909, 0.035821413749, 0.014493374719],
      [0.0031946943029, 0.39189334164, 0.034608271068, 0.42916502463, 0.14113866836]
    ],
    [
      [0.20727025345, 0.39427379664, 0.021997842182, 0.005239348143, 0.37121875959],
      [0, 0.22731847235, 0.37158686169, 0.37617587692, 0.024918789038],
      [0.04587812962, 0.70176084835, 0.182078492, 0.031370654949, 0.038911875073],
      [0, 0.053195882145, 0.8968742667, 0.037589212764, 0.012340638388],
      [0.0025431544555, 0.35460473094, 0.036948492864, 0.47602853191, 0.12987508983]
    ],
    [
      [0.26364485941, 0.34967424281, 0.021909359456, 0.005242457179, 0.35952908115],
      [0.0041392724432, 0.20455153641, 0.38175511701, 0.38504449964, 0.024509574499],
      [0.072760329668, 0.6607893554, 0.19324524902, 0.033283408332, 0.039921657581],
      [0.0038040905397, 0.045594601072, 0.90112950084, 0.037502328766, 0.011969478781],
      [0.0037754899678, 0.32874418594, 0.038704818763, 0.49784041619, 0.13093508914]
    ],
    [
      [0.20126058923, 0.31000236037, 0.02214834903, 0.0048807230105, 0.46170797837],
      [0.0017588284959, 0.19017108507, 0.40175990682, 0.3737327654, 0.032577414208],
      [0.05923878585, 0.63901133632, 0.21269537988, 0.034167527582, 0.054886970369],
      [0.00057236371901, 0.041418756685, 0.90716244261, 0.035810896799, 0.015035540188],
      [0.0029450980956, 0.30296007782, 0.040520511222, 0.47954339274, 0.17403092012]
    ],
    [
      [0.19946449244, 0.26332321092, 0.0096786800346, 0.0028428519796, 0.52469076463],
      [0.0068955754698, 0.28120931974, 0.30290083431, 0.3514820018, 0.057512268684],
      [0.079896837138, 0.70698489812, 0.12011237017, 0.02581936209, 0.067186532487],
      [0.0083538488079, 0.076250555166, 0.84626949389, 0.041311983683, 0.027814118455],
      [0.0040861943083, 0.3506343887, 0.023947917296, 0.35347404288, 0.26785745681]
    ],
    [
      [0.25232841798, 0.41642731742, 0.025779210327, 0.007842219846, 0.29762283443],
      [0.0017881966284, 0.18766396487, 0.33926237788, 0.4568528796, 0.014432581023],
      [0.056709516099, 0.67990966709, 0.19628366164, 0.041501275862, 0.025595879308],
      [0.00092368224895, 0.04966502234, 0.89531653631, 0.047676339806, 0.0064184192909],
      [0.0026243918189, 0.29552491769, 0.033989680204, 0.58602804282, 0.081832967463]
    ],
    [
      [0.34148848969, 0.18761063315, 0.013733746842, 0.003429290241, 0.45373784009],
      [0.0096967869362, 0.17057180286, 0.38313490954, 0.39225076641, 0.044345734252],
      [0.14415872816, 0.55946046762, 0.19087046439, 0.033798371073, 0.071711968755],
      [0.010196026269, 0.032616841512, 0.89781513239, 0.038984498882, 0.02038750095],
      [0.0067278637658, 0.25922813834, 0.035550747099, 0.46823209498, 0.23026115582]
    ],
    [
      [0.23520439043, 0.38246388747, 0.02014178725, 0.0087294311582, 0.35346050368],
      [0.0023455975651, 0.17404210869, 0.26884945083, 0.53608155801, 0.018681284901],
      [0.060722354074, 0.68459679697, 0.16719427777, 0.051309521777, 0.036177049403],
      [0.0031308694978, 0.055952311205, 0.86850389201, 0.059601332512, 0.012811594773],
      [0.002241605745, 0.24990459487, 0.024606082132, 0.63523013041, 0.088017586838]
    ],
    [
      [0.20245193938, 0.51740302769, 0.042114597364, 0.0054284047604, 0.2326020308],
      [0.0015698172637, 0.20715548912, 0.50682441635, 0.28445027727, 0],
      [0.034156690033, 0.68827250081, 0.25333471127, 0.023322557362, 0.00091354051669],
      [0, 0.030621397058, 0.94792393165, 0.021454671291, 0],
      [0.0021408024145, 0.40365257844, 0.062287506908, 0.46689493804, 0.065024174197]
    ],
    [
      [0.35324732757, 0.32349795723, 0.041584413684, 0.0060864021153, 0.2755838994],
      [0.0050676124657, 0.13612895682, 0.52395222795, 0.32254944768, 0.012301755079],
      [0.0871879409, 0.53388121302, 0.32016193022, 0.03524703516, 0.023521880692],
      [0.0062767331424, 0.022911765935, 0.94294707055, 0.027230558474, 0.00063387189684],
      [0.0047745787236, 0.2862685223, 0.069147851059, 0.54588561215, 0.093923435776]
    ],
    [
      [0.23959738912, 0.39668331229, 0.022519043749, 0.0054812018218, 0.33571905302],
      [0.0024451185664, 0.22114138516, 0.371047719, 0.38396437069, 0.021401406593],
      [0.06039131968, 0.69095743244, 0.18295076347, 0.032024285044, 0.03367619936],
      [0.0015978765354, 0.05143667842, 0.89815373184, 0.038564780182, 0.01024693302],
      [0.0031399862064, 0.35185095516, 0.037343732143, 0.49234722889, 0.1153180976]
    ],
    [
      [0.035205065161, 0.44906223684, 0.0091897807391, 0.0030720108716, 0.50347090639],
      [0, 0.3529244252, 0.23369215999, 0.37825522466, 0.035128190142],
      [0, 0.85013355773, 0.062983405946, 0.028099180583, 0.058783855736],
      [0, 0.068764543247, 0.84370220865, 0.046285099782, 0.04124814832],
      [0, 0.46531449299, 0.014759293246, 0.38454234395, 0.13538386982]
    ],
    [
      [0.12505591027, 0.19408546719, 0.018910382633, 0.0039547004737, 0.65799353943],
      [0.0018875862722, 0.14767589961, 0.43628489071, 0.36484875368, 0.049302869723],
      [0.051947379158, 0.56163730222, 0.253023464, 0.037007501344, 0.096384353272],
      [0.0008620307735, 0.025780190165, 0.92024372192, 0.036922422043, 0.016191635099],
      [0.0021757692902, 0.22970301854, 0.041630064808, 0.44611721672, 0.28037393064]
    ],
    [
      [0.25191057917, 0.28829711437, 0.038197110186, 0.0061987896943, 0.41539640658],
      [0.0030311946514, 0.12125990949, 0.50989820773, 0.34576118803, 0.020049500093],
      [0.06399220665, 0.53220955686, 0.32557815819, 0.037188187057, 0.041031891238],
      [0.0023524566441, 0.0039343110035, 0.95310124122, 0.032601534004, 0.008010457132],
      [0.003112918155, 0.25330650354, 0.062439290481, 0.54743633805, 0.13370494978]
    ],
    [
      [0.30714917524, 0.25552137178, 0.019433783503, 0.0024815821039, 0.41541408738],
      [0.0072972829198, 0.20668184666, 0.4735796003, 0.27538169304, 0.037059577083],
      [0.10438269264, 0.60683992308, 0.21443432584, 0.020030065573, 0.05431299286],
      [0.0082963098044, 0.034833154826, 0.92197759766, 0.018829999462, 0.016062938245],
      [0.0062049802864, 0.35205300974, 0.050142783414, 0.37678653511, 0.21481269145]
    ],
    [
      [0.23450777521, 0.35639613101, 0.013674994754, 0.0045235553584, 0.39089754366],
      [0.0049500480542, 0.25354289027, 0.29304230446, 0.41661229687, 0.031852460336],
      [0.069562803061, 0.72450257823, 0.12983021598, 0.030700403197, 0.045403999536],
      [0.0063097725042, 0.068225798238, 0.85662381347, 0.048878234162, 0.019962381622],
      [0.0035220476959, 0.35495049439, 0.025714500438, 0.46768251575, 0.14813044173]
    ],
    [
      [0.23487108419, 0.21416192755, 0.037557098332, 0.003871655565, 0.50953823436],
      [0.014313734558, 0.0975363353, 0.59673274515, 0.26241629941, 0.029000885582],
      [0.07239982548, 0.46202160126, 0.37905948354, 0.028044859682, 0.058474230041],
      [0.0021642093753, 0, 0.96660795962, 0.018827329029, 0.012400501978],
      [0.0038692233181, 0.24531460518, 0.079939435755, 0.45934857817, 0.21152815757]
    ],
    [
      [0.2426136224, 0.32987591324, 0.028202968457, 0.008945631575, 0.39036186433],
      [0.0030124928414, 0.13069833811, 0.345153679, 0.50366894613, 0.017466543919],
      [0.062641458678, 0.60282245123, 0.24041805453, 0.055101994871, 0.039016040686],
      [0.004100979876, 0.026267384646, 0.90952123148, 0.048397064582, 0.01171333942],
      [0.0022968170773, 0.21258280389, 0.034468234901, 0.65957854603, 0.091073598101]
    ],
    [
      [0.25403607341, 0.4108921307, 0.011701995114, 0.005492554752, 0.31787724603],
      [0.0047504503449, 0.25737965938, 0.21508806299, 0.49958035801, 0.023201469282],
      [0.069420665321, 0.76133451521, 0.1005276483, 0.033681455845, 0.03503571532],
      [0.0077651338128, 0.092909583445, 0.81040381599, 0.070223897173, 0.018697569575],
      [0.003231141961, 0.34166569412, 0.018066498719, 0.53497940874, 0.10205725646]
    ],
    [
      [0.25450199668, 0.3393146725, 0.0080716995728, 0.0034124230373, 0.39469920821],
      [0.0075769070866, 0.3252986497, 0.24861369805, 0.37552765546, 0.042983089708],
      [0.084912131086, 0.75432388133, 0.086724983016, 0.024598847014, 0.04944015755],
      [0.011695681078, 0.098834267243, 0.8108627994, 0.051171656271, 0.027435596003],
      [0.004718621575, 0.41152496355, 0.019773990619, 0.37991132721, 0.18407109705]
    ],
    [
      [0.22214563019, 0.46782863356, 0.021227147635, 0.0073818530961, 0.28141673552],
      [0.0018418542913, 0.2239103242, 0.29894114585, 0.46043188095, 0.01487479471],
      [0.046717089672, 0.73570196684, 0.15517560724, 0.038190479535, 0.024214856709],
      [0, 0.064614238775, 0.87601130064, 0.052308522569, 0.007065938013],
      [0.0022514193229, 0.33477259077, 0.028300706654, 0.55725026753, 0.077425015727]
    ],
    [
      [0.21796870604, 0.47936053031, 0.022449911365, 0.0069572836604, 0.27326356862],
      [0.00221813926, 0.2308520608, 0.31999864344, 0.43225059055, 0.014680565948],
      [0.043361518741, 0.73798025354, 0.16004993546, 0.035602982392, 0.023005309869],
      [0, 0.061634033558, 0.88419888792, 0.048003283758, 0.0061637947678],
      [0.00235248352, 0.35413070202, 0.030934561738, 0.53505625762, 0.077525995099]
    ],
    [
      [0.2648849627, 0.39728198659, 0.018647062481, 0.0047867492598, 0.31439923897],
      [0.0047554600884, 0.24844304953, 0.34644222791, 0.37763574197, 0.022723520497],
      [0.069932162218, 0.71262727818, 0.15605100183, 0.028733620059, 0.032655937711],
      [0.0045649629641, 0.059524640176, 0.88429542398, 0.039925933103, 0.011689039776],
      [0.0038689061696, 0.38084662764, 0.033465553572, 0.46502263812, 0.1167962745]
    ],
    [
      [0.033821093692, 0.1106884905, 0.013917861956, 0.0027980267018, 0.83877452715],
      [0, 0.11041042025, 0.43636532519, 0.395140448, 0.058083806555],
      [0, 0.53540143532, 0.29151058868, 0.043768026336, 0.12931994967],
      [0, 0.007134680084, 0.92996689358, 0.040458541348, 0.022439884992],
      [0.00090051241992, 0.16517297628, 0.038933224509, 0.46298407673, 0.33200921006]
    ],
    [
      [0.23945161282, 0.35706772266, 0.032592595799, 0.0062104194938, 0.36467764922],
      [0.0030708246592, 0.15896709604, 0.44547221867, 0.37471562586, 0.017774234782],
      [0.058105969586, 0.61161942385, 0.25949913398, 0.037223971637, 0.033551500948],
      [0.00280297114, 0.026698310299, 0.92660271594, 0.034426235772, 0.0094697668527],
      [0.0028294690323, 0.29026625985, 0.050162148593, 0.54987396472, 0.1068681578]
    ],
    [
      [0.32398334414, 0.38840563798, 0.016342649573, 0.005772799909, 0.2654955684],
      [0.006743700943, 0.23340297822, 0.28868114286, 0.45443037879, 0.016741799182],
      [0.087749342092, 0.71080193063, 0.13917373944, 0.035259582128, 0.027015405714],
      [0.0082876371443, 0.066633597589, 0.86198008281, 0.053574270161, 0.0095244122937],
      [0.0043461780185, 0.33983724835, 0.026705328929, 0.53919426741, 0.089916977291]
    ],
    [
      [0.58921229133, 0.15579336987, 0.0096552314508, 0.0010968320303, 0.24424227531],
      [0.020423098462, 0.28110740488, 0.36324589607, 0.28227343223, 0.052950168358],
      [0.23866587255, 0.57298196604, 0.1202740042, 0.013656529817, 0.054421627383],
      [0, 0.072849621842, 0.86958146991, 0.026802025889, 0.030766882359],
      [0.021697256962, 0.38494734975, 0.032261619737, 0.31776687568, 0.24332689787]
    ],
    [
      [0.27429079996, 0.33636695634, 0.010719845201, 0.0029911915821, 0.37563120692],
      [0.0080401207702, 0.31812594125, 0.30194266834, 0.33085352521, 0.041037744424],
      [0.089580529929, 0.73276250436, 0.10945454899, 0.021087647283, 0.047114769433],
      [0.0099331363019, 0.083164197449, 0.84544548578, 0.038944328364, 0.022512852101],
      [0.0054096669132, 0.42702070916, 0.025564101408, 0.35600181433, 0.18600370819]
    ],
    [
      [0.30619857201, 0.24999462471, 0.011538207129, 0.0031673619631, 0.42910123419],
      [0.008996870577, 0.24691763998, 0.32855637806, 0.36864811288, 0.0468809985],
      [0.11911926039, 0.65424329918, 0.13841146735, 0.026774570477, 0.061451402607],
      [0.010186640944, 0.063111427186, 0.86470762294, 0.04085220583, 0.021142103102],
      [0.0063374320609, 0.33599029392, 0.028385174059, 0.40408179409, 0.22520530586]
    ],
    [
      [0.037690416512, 1.4293746496e-05, 2.5710677033e-66, 4.7369131737e-222, 0.96229528974],
      [0, 1.3189706319e-06, 0.82065879854, 0.17933831865, 1.5638387741e-06],
      [0.76681300547, 0.23318699453, 0, 0, 0],
      [0, 0, 1, 0, 0],
      [1.0031135332e-132, 1.2886708679e-06, 1.8345512495e-40, 0.99699004556, 0.0030086657707]
    ]
  ],
  "expected_outcome": [
    [
      [0.88421414727, 1.9722325344, 0, 23.9646945541, 15.862383468, 13.0634725913, 21.3086616722, 20.083239343, 31.3864808635, 28.0234143983, 1.9125961639, 10.4899555282, 0.36306989002, 2.4076355547, 0, 0, 0, 24.4286693719, 2.3384276677, 6.0369311752, 4.4921056353, 0.25152432599, 3.5508522328, 11.4807515138, 3.3879036874, 9.275359054, 5.1086768656, 1.9320760581, 4.8586139741, 0.21691658405, 3.1048324319, 2.9492886931, 14.8474936871, 0.369821876, 4.4520626349, 13.0047848738, 3.6466249203, 0.31273452519, 0.26493416076, 1.2250613716, 10.5821344294, 8.9698752695, 4.9166196816, 1.3887726276, 13.790643725, 4.9744860827, 7.9093457822, 2.4151270707, 2.5930384017, 6.0558820314, 1.3659539587, 1.8816351235, 0.80980775752, 2.472731293, 3.8335582259, 0, 0.5002236411, 1.0076423167, 2.1500442267, 2.5795855273, 0.70461325256, 1.213068112, 5.8428296884, 6.1080479203, 2.8878931924, 3.0515618846, 7.4167789556, 0, 0, 6.4796668827, 32.4066760234, 44.4351095928, 35.8252329253, 0],
      [1.6761750903, 3.2476680213, 0, 24.199737127, 27.2765520333, 12.409647022, 13.8510140013, 11.4843279966, 38.2639271417, 24.9047694399, 1.0769799492, 15.347066963, 0.26022522468, 0.23045792808, 0, 0.95068413439, 0, 28.9905228569, 0.92393393788, 2.3327995912, 5.3476928596, 0.12008556615, 1.7684287403, 10.5442425069, 5.1083609313, 8.8832287476, 1.4119744456, 4.3522974769, 10.6895614271, 0.23542854533, 5.6118696187, 3.1705716276, 11.488736268, 0.24432095403, 3.3574986985, 14.0941349996, 2.4478908985, 0.14859793145, 0.26887327529, 1.3744682141, 8.8038033344, 10.1562863454, 4.3140856105, 0.7410756624, 25.3221131455, 9.4625711192, 10.4902272843, 3.7200283244, 3.4232017419, 9.9942556181, 0.75044253258, 3.0597110998, 2.0696121108, 2.2644857006, 6.3469329966, 0, 0.77634186874, 1.1531884575, 1.7886496024, 3.9203574412, 0.64248578266, 1.6493795662, 9.450519006, 8.1435521399, 6.0817722363, 6.7110474243, 11.1238956246, 0, 0, 7.7681127596, 8.5686353431, 54.4914469275, 29.2493710908, 0],
      [0.054432542259, 0.18444086434, 0, 1.2635353092, 1.2905142495, 0.37638907658, 0.88333062457, 0.88201873588, 1.9602971389, 1.1298769347, 0.021297245212, 0.74263458311, 0.01187873497, 0.023428970239, 0, 0.035597556241, 0, 1.2604853122, 0.067790597675, 0.1384839303, 0.17621787388, 0.019896166002, 0.085524147254, 0.50180114393, 0.41886521662, 0.37734145478, 0.14453238161, 0.20312734701, 0.43340731288, 0.021598128986, 0.32083301043, 0.20626304475, 0.40704916057, 0.014951613918, 0.31318474142, 0.84858559252, 0.18742231863, 0.012623213684, 0.036019200974, 0.092212260612, 0.60409319926, 0.52804990159, 0.38156331175, 0.029818210757, 1.2032100018, 0.52794821238, 0.65728078369, 0.26578018836, 0.12582284045, 0.61870104784, 0.054934987366, 0.161134298, 0.16845838945, 0.29109089579, 0.36030469998, 0, 0.07564153053, 0.15278844074, 0.13603648452, 0.15042494229, 0.112671295, 0.14101484229, 0.26914588762, 0.19372078975, 0.27595291926, 0.31429875912, 0.52211774946, 0, 0, 0.32685299146, 0.53103772979, 1.7366149225, 1.3499702341, 0],
      [0.018368291037, 0.039645693773, 0, 0.32254064148, 0.39760007081, 0.13653596914, 0.12902231656, 0.13074723237, 0.52807081731, 0.27858361959, 0.014324980762, 0.1859621457, 0, 0.0033579466418, 0, 0.013718309369, 0, 0.35609089175, 0, 0, 0.052618753707, 0.0020485824202, 0.012104743453, 0.11018908964, 0.058951179609, 0.088370211832, 0.026491375112, 0.058542052662, 0.14442577856, 0.0024753593126, 0.069221896899, 0.037297628346, 0.13192455219, 0.0035910102519, 0.030178651773, 0.080606935551, 0.034383163331, 0.0031082252171, 0.0027326239523, 0.013230885406, 0.066472410234, 0.11301914601, 0.081992998037, 0.01335857145, 0.27558737644, 0.12574435543, 0.15727371537, 0.058568676126, 0.036957075735, 0.1882132763, 0.013717160964, 0.069835449266, 0.021713619041, 0.042604814807, 0.087699229149, 0, 0.015818801895, 0.024795158777, 0.017371074727, 0.049759108942, 0.011614966695, 0.044728157875, 0.1263287593, 0.081898152895, 0.09596409025, 0.097401971246, 0.13402897927, 0, 0, 0.11545599818, 0.060325761669, 0.4845730363, 0.37058134968, 0],
