{
  "X": [
    [37, 15, 90, 442, 27],
    [7, 13, 58, 175, 6],
    [74, 68, 887, 790, 60],
    [1, 10, 27, 49, 2],
    [1, 1, 10, 12, 1],
    [0, 3, 10, 15, 3],
    [2, 19, 50, 125, 10],
    [6, 8, 49, 80, 8],
    [7, 17, 70, 107, 3],
    [2, 13, 60, 122, 7],
    [2, 7, 21, 29, 1],
    [2, 23, 41, 116, 3],
    [139, 113, 466, 1513, 83],
    [75, 159, 520, 1385, 56],
    [0, 4, 28, 21, 2],
    [9, 15, 116, 132, 14],
    [90, 86, 772, 1117, 60],
    [0, 1, 38, 24, 0],
    [6, 19, 120, 187, 19],
    [111, 120, 996, 1489, 101],
    [1, 0, 8, 10, 0],
    [2, 3, 7, 13, 2],
    [15, 11, 72, 132, 13],
    [37, 21, 84, 300, 22],
    [9, 7, 28, 63, 6],
    [28, 19, 62, 298, 17],
    [26, 20, 127, 234, 16],
    [17, 11, 99, 102, 10],
    [2, 3, 10, 13, 0],
    [15, 12, 55, 130, 7],
    [34, 20, 179, 274, 21],
    [39, 52, 586, 571, 22],
    [2, 0, 5, 8, 1],
    [2, 4, 13, 17, 1],
    [3, 6, 12, 33, 2],
    [0, 5, 11, 18, 1],
    [16, 28, 128, 261, 13],
    [27, 16, 67, 107, 10],
    [1, 1, 1, 9, 0],
    [9, 11, 27, 72, 8],
    [3, 3, 9, 22, 1],
    [20, 13, 55, 174, 14],
    [2, 1, 8, 37, 5],
    [28, 37, 129, 390, 30],
    [9, 13, 115, 123, 9],
    [1, 1, 30, 24, 1],
    [1, 0, 14, 7, 1],
    [34, 41, 562, 340, 21],
    [26, 36, 120, 301, 19],
    [45, 54, 193, 351, 25],
    [22, 48, 196, 458, 25],
    [10, 11, 79, 77, 7],
    [3, 2, 27, 25, 1],
    [47, 41, 445, 605, 45],
    [2, 1, 2, 14, 0],
    [37, 39, 461, 418, 30],
    [4, 5, 41, 16, 0],
    [0, 0, 4, 7, 1],
    [12, 24, 69, 158, 7],
    [23, 25, 112, 201, 15],
    [15, 17, 174, 176, 16],
    [16, 20, 69, 156, 17],
    [25, 22, 200, 261, 22],
    [9, 21, 70, 172, 12],
    [41, 110, 245, 556, 42],
    [12, 10, 73, 179, 17],
    [11, 56, 146, 266, 13],
    [114, 239, 700, 1359, 145],
    [101, 161, 597, 965, 107],
    [0, 3, 4, 6, 0]
  ],
  "W": [
    [17, 413, 106, 43, 32],
    [9, 161, 64, 15, 10],
    [73, 716, 928, 103, 59],
    [8, 52, 28, 1, 0],
    [0, 12, 12, 1, 0],
    [3, 11, 14, 1, 2],
    [23, 107, 58, 3, 15],
    [17, 58, 58, 9, 9],
    [32, 79, 76, 9, 8],
    [14, 111, 67, 4, 8],
    [5, 24, 26, 2, 3],
    [32, 87, 48, 5, 13],
    [125, 1384, 537, 188, 80],
    [263, 1115, 577, 160, 80],
    [3, 19, 30, 1, 2],
    [16, 114, 124, 12, 20],
    [96, 986, 851, 136, 56],
    [2, 22, 37, 0, 2],
    [24, 156, 147, 8, 16],
    [173, 1255, 1101, 171, 117],
    [0, 9, 7, 1, 2],
    [0, 15, 7, 0, 5],
    [10, 119, 83, 15, 16],
    [13, 276, 106, 52, 17],
    [6, 56, 33, 15, 3],
    [19, 272, 76, 38, 19],
    [10, 207, 144, 35, 27],
    [4, 94, 118, 15, 8],
    [2, 15, 9, 1, 1],
    [6, 130, 56, 16, 11],
    [22, 242, 203, 43, 18],
    [53, 459, 651, 65, 42],
    [1, 9, 4, 2, 0],
    [4, 14, 14, 1, 4],
    [6, 34, 16, 0, 0],
    [3, 17, 12, 2, 1],
    [27, 225, 145, 30, 19],
    [12, 98, 79, 26, 12],
    [3, 7, 1, 0, 1],
    [8, 70, 28, 14, 7],
    [3, 19, 12, 2, 2],
    [24, 141, 71, 26, 14],
    [2, 30, 12, 6, 3],
    [73, 314, 159, 40, 28],
    [19, 100, 124, 14, 12],
    [2, 22, 28, 2, 3],
    [2, 4, 15, 1, 1],
    [37, 295, 584, 47, 35],
    [57, 239, 135, 43, 28],
    [61, 287, 233, 58, 29],
    [50, 397, 224, 32, 46],
    [8, 70, 86, 16, 4],
    [3, 19, 29, 3, 4],
    [46, 503, 517, 64, 53],
    [1, 13, 2, 3, 0],
    [39, 348, 511, 50, 37],
    [3, 16, 42, 3, 2],
    [0, 7, 4, 0, 1],
    [38, 125, 74, 18, 15],
    [36, 168, 116, 30, 26],
    [17, 147, 184, 27, 23],
    [18, 140, 81, 30, 9],
    [32, 218, 221, 34, 25],
    [25, 142, 89, 19, 9],
    [128, 460, 290, 55, 61],
    [11, 148, 92, 28, 12],
    [88, 206, 153, 18, 27],
    [192, 1342, 760, 128, 135],
    [128, 893, 641, 120, 149],
    [0, 8, 5, 0, 0]
  ],
  "method": "mult",
  "cond_prob": [
    [
      [0.00012760040168, 0.26931739451, 0.0017975353631, 0.72803536508, 0.00072210464127],
      [0.027132601549, 0.014807311368, 0.0022472322293, 0.92084474601, 0.034968108847],
      [0.021262524001, 0.0026973505974, 0.82657603453, 0.13946113001, 0.010002960864],
      [0.5156499023, 0.00027624698312, 0.0034465895732, 0.46281190826, 0.017815352883],
      [0.042665406579, 0.12526209108, 0.039877249268, 0.45721021427, 0.33498503881]
    ],
    [
      [0, 0.46610075875, 0.0017060719037, 0.53188942255, 0.00030374678791],
      [0.011014528243, 0.035122225832, 0.0074998063187, 0.92521373703, 0.02114970258],
      [0.0013831605473, 0.005091339137, 0.87665263768, 0.11243120402, 0.004441658618],
      [0.32906003826, 0.0012676991826, 0.009704815233, 0.6456965714, 0.014270875916],
      [0.020223810395, 0.28055536198, 0.052583549586, 0.43725379072, 0.20938348732]
    ],
    [
      [0, 0.43538877357, 0.0034205029552, 0.56043800862, 0.00075271485575],
      [0.026952431407, 0.031744860615, 0.025562388118, 0.86956750217, 0.04617281769],
      [0.0024251655907, 0.0016989882655, 0.92815733095, 0.06307978274, 0.0046387324552],
      [0.49081094633, 0.0007497282688, 0.019561420227, 0.46558924099, 0.023288664186],
      [0.032169118181, 0.20056637639, 0.086488203187, 0.33871124766, 0.34206505458]
    ],
    [
      [0, 0.67637719386, 0.0028065523335, 0.32058292398, 0.00023332982784],
      [0.011055946758, 0.081966768384, 0.023125496394, 0.84869229781, 0.035159490659],
      [0.00096628414869, 0.011601668054, 0.92037178661, 0.061883313037, 0.0051769481539],
      [0.39803481244, 0.0018637875953, 0.0046117438978, 0.57060435726, 0.024885298804],
      ["NaN", "NaN", "NaN", "NaN", "NaN"]
    ],
    [
      ["Inf", "NaN", "NaN", "NaN", "Inf"],
      [0.013489277803, 0.074410252619, 0, 0.84191448597, 0.07018598361],
      [0.01033089104, 0.0088500979022, 0.83328367996, 0.13657647354, 0.01095885756],
      [0.71415797387, 0.00087579374263, 0.00059584047222, 0.25810848596, 0.026261905956],
      ["NaN", "NaN", "NaN", "Inf", "NaN"]
    ],
    [
      [0, 0.58082634718, 0, 0.41623410998, 0.002939542841],
      [0, 0.023258247131, 0, 0.86497089023, 0.11177086264],
      [1.113299208e-17, 0.042749587574, 0.71387808546, 0.21213203011, 0.031240296851],
      [0, 0.0023107670822, 0.0011910016005, 0.89692838228, 0.099569849042],
      [0, 0.20043762344, 0.0022579009746, 0.18492053684, 0.61238393874]
    ],
    [
      [1.0223731787e-05, 0.45428014633, 0.0046052181835, 0.54016631239, 0.00093809936259],
      [0.0049288160164, 0.0417904035, 0.001834314871, 0.9084506873, 0.042995778312],
      [0.0079106676512, 0.0069492473318, 0.8449442831, 0.13122328262, 0.0089725192977],
      [0.28268988627, 0.0011327551504, 0.0039394721656, 0.68007680665, 0.032161079768],
      [0.011032877189, 0.24490192329, 0.045281430293, 0.38138469745, 0.31739907178]
    ],
    [
      [0.00017021510801, 0.32192748909, 0, 0.67614290564, 0.0017593901635],
      [0.01753102859, 0.02057337521, 0, 0.90498671969, 0.056908876507],
      [0.0089546778995, 0.0015481230939, 0.83644449496, 0.14200314156, 0.011049562489],
      [0.46933669508, 0.00020601131515, 0.0014377674257, 0.49931240822, 0.029707117955],
      [0.026322790119, 0.13803685355, 0.052586598415, 0.36514966415, 0.41790409376]
    ],
    [
      [0.0002375021679, 0.38806991437, 0.018570378413, 0.59296530831, 0.00015689674091],
      [0.024176137675, 0.031121277582, 0.0092869942658, 0.91766379581, 0.017751794671],
      [0.0031294333228, 0.0017217471387, 0.89429875386, 0.098745894244, 0.0021041714377],
      [0.50709225462, 0.00041327810655, 0.003718055444, 0.47894405623, 0.0098323555969],
      [0.035102228772, 0.24857619072, 0.08398844396, 0.4643107246, 0.16802241195]
    ],
    [
      [1.2473061481e-06, 0.46023414046, 0.0015267117035, 0.53766672075, 0.00057117978541],
      [0.0075317117633, 0.037804353738, 0.0077629565382, 0.91052378671, 0.036377191251],
      [0.0007316302467, 0.0051201605095, 0.87555820488, 0.11222450601, 0.0063654983571],
      [0.25664776923, 0.0011024956171, 0.0044171286428, 0.70993926345, 0.027893343056],
      [0.011044028567, 0.25162225401, 0.054608702392, 0.38071582853, 0.30200918651]
    ],
    [
      [0, 0.65585960986, 0, 0.34398117569, 0.00015921444085],
      [0.011961150019, 0.076826999037, 0, 0.89249052207, 0.018721328873],
      [0.015462304552, 0.021057855039, 0.80251414642, 0.15815992274, 0.0028057712461],
      [0.61045741671, 0.0018277265074, 0.00086594145866, 0.37766922675, 0.0091796885661],
      [0.029999215926, 0.44189809659, 0.044300103355, 0.33094171569, 0.15286086844]
    ],
    [
      [1.9430622735e-05, 0.44728785171, 0.0073616717126, 0.54521418836, 0.00011685759406],
      [0.0036142660321, 0.044335465342, 0, 0.93884290836, 0.01320736027],
      [0.0057793596854, 0.013447927649, 0.83513014342, 0.14311615612, 0.0025264131248],
      [0.25103809049, 0.0013362967859, 0.0036185628523, 0.73293159374, 0.011075456127],
      [0.011718258301, 0.3213400961, 0.050775908197, 0.48765996025, 0.12850577714]
    ],
    [
      [0.00016238518986, 0.41270977852, 0.0012709230264, 0.58522180713, 0.00063510612543],
      [0.027390828704, 0.029971864602, 0.0031745455027, 0.90321131686, 0.036251444326],
      [0.010052596707, 0.0045706467885, 0.85066369527, 0.12627894521, 0.008434116018],
      [0.49294549023, 0.00080677377289, 0.0059945387837, 0.48195740822, 0.018295788994],
      [0.037484979115, 0.2165513285, 0.0439273249, 0.39228781556, 0.30974855192]
    ],
    [
      [0.00011383852879, 0.39001039147, 0.0070453681115, 0.60239632559, 0.00043407630227],
      [0.013713202873, 0.031529230357, 0.0067552000542, 0.92067980726, 0.027322559454],
      [0.001552536558, 0.0041260256807, 0.87451688525, 0.11428735194, 0.00551720057],
      [0.35603315116, 0.0011524240364, 0.010149410718, 0.61549223737, 0.017172776719],
      [0.022734018545, 0.23383838166, 0.054935895296, 0.44486526529, 0.24362643921]
    ],
    [
      [0, 0.65088486207, 0.0024497513619, 0.34621543317, 0.00044995340124],
      [0, 0.061812786405, 0.011719659802, 0.87185451113, 0.054613042658],
      [0, 0.0082403692445, 0.92103742358, 0.065496775342, 0.0052254318318],
      [0, 0.0029863080007, 0.021982588066, 0.92075480304, 0.054276300889],
      [0, 0.31135254338, 0.05843595708, 0.25522996282, 0.37498153673]
    ],
    [
      [1.9343080102e-05, 0.4361997523, 0.003052375378, 0.55982975613, 0.00089877311199],
      [0.022241128162, 0.033072351979, 0.015918457111, 0.87814285284, 0.050625209903],
      [0.002063877659, 0.0026023941975, 0.90668122192, 0.082026428371, 0.0066260778523],
      [0.47470815501, 0.00062162343016, 0.004316292559, 0.49293988048, 0.02741404852],
      [0.02558916052, 0.19601997379, 0.082809542725, 0.3423941497, 0.35318717327]
    ],
    [
      [0, 0.42263372834, 0.0021838277984, 0.57457718721, 0.00060525665125],
      [0.02378176546, 0.030876517411, 0.010971207866, 0.89807190706, 0.036298602199],
      [0.0030508459764, 0.0031567675198, 0.88786119914, 0.10062136309, 0.0053098242787],
      [0.45712238015, 0.00084819538031, 0.012990151944, 0.50966063103, 0.019378641495],
      [0.031897600533, 0.21752057467, 0.064932150818, 0.38212614026, 0.30352353372]
    ],
    [
      [0, 0.2687735559, 0.019918091329, 0.71130835278, 0],
      [6.162975822e-33, 0.0058325372259, 0.065127628094, 0.92903983468, 0],
      [0, 0.00020140848245, 0.9746808904, 0.025117701122, 0],
      ["NaN", "NaN", "NaN", "NaN", "NaN"],
      [0, 0.16334247769, 0.23208152732, 0.60457599499, 0]
    ],
    [
      [0, 0.42077185933, 0, 0.57787653988, 0.0013516007858],
      [0.0073496895138, 0.029435300863, 0, 0.89981453208, 0.06340047754],
      [0.010132583618, 0.0090803014341, 0.81155881704, 0.15653564176, 0.012692656146],
      [0.38635947562, 0.000828004042, 0.0025863574346, 0.5703091799, 0.039916983007],
      [0.017067677439, 0.18550875614, 0.042510189703, 0.32416770375, 0.43074567296]
    ],
    [
      [2.1177277456e-05, 0.37016957317, 0.0037527188319, 0.62527842513, 0.0007781055948],
      [0.02247073348, 0.025775894561, 0.009840938107, 0.90086598044, 0.04104645341],
      [0.0029217047992, 0.0021648264822, 0.8840067733, 0.10469740395, 0.0062092914711],
      [0.4452424417, 0.00061945574647, 0.0099774538013, 0.52170083459, 0.022459814165],
      [0.029421464099, 0.18053431862, 0.068400002666, 0.39108839777, 0.33055581685]
    ],
    [
      ["NaN", "NaN", "NaN", "NaN", "NaN"],
      [0.016284954693, 0, 0.076139147992, 0.90757589732, 0],
      [0.00037680943495, 0, 0.98866584014, 0.010957350427, 0],
      [0.71705144869, 0, 0.0067538393987, 0.27619471191, 0],
      [0.066873146517, 0, 0.19366647385, 0.73946037963, 0]
    ],
    [
      ["NaN", "NaN", "NaN", "NaN", "NaN"],
      [0.098519341913, 0.075758254858, 0.019182804984, 0.76345587069, 0.043083727559],
      [0.012467301686, 0.0083240483407, 0.92415556581, 0.04792201204, 0.0071310721272],
      ["NaN", "NaN", "NaN", "NaN", "NaN"],
      [0.086987751901, 0.36107156775, 0.04863379292, 0.24254157108, 0.26076531635]
    ],
    [
      [0.00034384391287, 0.42431917334, 0.0013285154127, 0.57321258986, 0.00079587747946],
      [0.037306929596, 0.029490618685, 0.0019141519451, 0.88089919431, 0.050389105464],
      [0.011509217951, 0.0035408754459, 0.85412633499, 0.12154901235, 0.0092745592638],
      [0.59505129365, 0.00046377991719, 0.0017362295536, 0.38087350432, 0.021875192554],
      [0.042250152763, 0.18416095515, 0.052525094805, 0.35244996179, 0.36861383549]
    ],
    [
      [0.00017866729332, 0.4882713996, 0.00084250496759, 0.51020748355, 0.00049994459125],
      [0.021625371295, 0.03609135428, 0.0017158634281, 0.89273309147, 0.047834319525],
      [0.038915345243, 0.0064781760862, 0.78044576171, 0.16170915002, 0.012451566944],
      [0.50517327578, 0.0012040259327, 0.0047751933813, 0.46652636275, 0.022321142157],
      [0.03735517128, 0.23188011825, 0.031759313663, 0.32778992368, 0.37121547312]
    ],
    [
      [1.7070532749e-05, 0.56094558525, 0.00045843616195, 0.43787514867, 0.00070375938733],
      [0.022345049407, 0.04648181311, 0.00036872375418, 0.86445595888, 0.06634845485],
      [0.013936550694, 0.0075746558733, 0.83878383689, 0.12588296769, 0.013821988857],
      [0.48031755418, 0.0024193989934, 0.014217741841, 0.47212312217, 0.030922182819],
      [0.027968441479, 0.24836344189, 0.027822702642, 0.24241021482, 0.45343519917]
    ],
    [
      [0.00015994440642, 0.39373391609, 0.00093365232174, 0.60457070286, 0.00060178432063],
      [0.022067680085, 0.026763749013, 0.001999872306, 0.91391919352, 0.03524950508],
      [0.032805845562, 0.0049944216702, 0.7977416601, 0.15422306465, 0.01023500802],
      [0.49398377886, 0.00068601082585, 0.0036287073159, 0.48399132179, 0.017710181207],
      [0.038417063872, 0.20177217917, 0.035370436471, 0.41129015097, 0.31315016951]
    ],
    [
      [9.5799813308e-05, 0.49097058187, 0.0015966635098, 0.50698007112, 0.00035688368617],
      [0.030918949808, 0.037041797697, 0.0025816653976, 0.89520689236, 0.034250694737],
      [0.005510348288, 0.004690889374, 0.86499984283, 0.11893738253, 0.0058615369801],
      [0.50830759747, 0.0010236980995, 0.010693391489, 0.4633819486, 0.016593364334],
      [0.0375764195, 0.2485675761, 0.056125279942, 0.38063041795, 0.27710030651]
    ],
    [
      [0.00025569820244, 0.6618306581, 0.0010654884092, 0.33635148037, 0.00049667491077],
      [0.046471092071, 0.05440614818, 0, 0.84062031486, 0.058502444892],
      [0.017991972364, 0.0076576082245, 0.83721752689, 0.12762531565, 0.0095075768686],
      [0.67501771141, 0.0010223060129, 0.00059059886855, 0.30159243337, 0.021776950342],
      [0.047797017803, 0.28994588475, 0.024401361243, 0.25657634184, 0.38127939436]
    ],
    [
      [0.019094293076, 0.70162905451, 0.025859133515, 0.2534175189, 0],
      [0.061349359334, 0.070612356138, 0.06865434279, 0.79938394174, 0],
      [0.0060462428576, 0.0022953394936, 0.98041275681, 0.011245660842, 0],
      [0.91420574985, 0.00040784521704, 0.003942749186, 0.081443655745, 0],
      [0.072949088272, 0.51649064825, 0.090809030665, 0.31975123281, 0]
    ],
    [
      [0.00014104164316, 0.53115107612, 0.0023614661348, 0.46601701985, 0.00032939624822],
      [0.037904074276, 0.041273984675, 0.021700475775, 0.87007040819, 0.029051057082],
      [0.0058720731321, 0.0047154584913, 0.9180823744, 0.066277946147, 0.0050521478276],
      [0.57758183089, 0.00087375671413, 0.0079862680117, 0.40035412184, 0.013204022541],
      [0.045588973147, 0.28812997751, 0.05676146343, 0.36159217111, 0.2479274148]
    ],
    [
      [0.00027287336173, 0.41399768344, 0.0016801282847, 0.58323916195, 0.00081015295525],
      [0.03581344237, 0.028498420706, 0.0029911150373, 0.88424603622, 0.048450985668],
      [0.0070106630396, 0.0029551463826, 0.87110426811, 0.11104538342, 0.0078845390431],
      [0.53905883457, 0.00062879752434, 0.009986705695, 0.42838489788, 0.021940764326],
      [0.040247180498, 0.1871388969, 0.054199587043, 0.34546856825, 0.37294576731]
    ],
    [
      [0, 0.44473001148, 0.0020804301664, 0.55283648636, 0.00035307199266],
      [0.020074328742, 0.034330986974, 0.0068358661604, 0.91526214045, 0.023496677673],
      [0.0016446659679, 0.0031400492956, 0.88854944701, 0.10415007123, 0.0025157664957],
      [0.42310187761, 0.00094598404123, 0.0092361539633, 0.55329833617, 0.01341764821],
      [0.028894845661, 0.25156488848, 0.088238919618, 0.42448227456, 0.20681907167]
    ],
    [
      [0.00063287751905, 0, 0.31960733753, 0.67620363813, 0.0035561468225],
      [0.054295991174, 0, 0.078829319346, 0.76634309014, 0.10053159934],
      [0.0045695286996, 0, 0.98329448586, 0.0025499240897, 0.0095860613479],
      [0.74621254356, 0, 0.018875422453, 0.20825442713, 0.026657606856],
      ["NaN", "NaN", "NaN", "NaN", "NaN"]
    ],
    [
      [0.0030102288912, 0.5240161859, 0.0024128563939, 0.47033509236, 0.00022563645944],
      [0.051961157625, 0.045015743243, 0.0081084665857, 0.87663641998, 0.018278212564],
      [0.01037374935, 0.0035402117566, 0.89557816683, 0.088921297137, 0.0015865749241],
      [0.88102079057, 0.00031848254748, 0.0017769154253, 0.11082933105, 0.0060544804081],
      [0.058562399054, 0.30595835097, 0.084239697785, 0.37250556496, 0.17873398723]
    ],
    [
      [0, 0.60949449195, 0, 0.3897481637, 0.00075734434608],
      [0.061000987096, 0.062265097877, 0.00031767426927, 0.82345318794, 0.052963052817],
      [0.05787290242, 0.014126232528, 0.74932494218, 0.16650641424, 0.012169508634],
      ["NaN", "NaN", "NaN", "NaN", "NaN"],
      ["NaN", "NaN", "NaN", "NaN", "NaN"]
    ],
    [
      [0, 0.7835154369, 0.0010827261398, 0.21540183696, 0],
      [2.0510554039e-17, 0.11029236436, 0.010317861155, 0.84410597039, 0.035283804102],
      [0, 0.022253144784, 0.89553965976, 0.077507462189, 0.0046997332701],
      [0, 0.007950215539, 0.023282170816, 0.93142407408, 0.037343539568],
      [0, 0.49154532677, 0.02830792323, 0.21105529811, 0.26909145189]
    ],
    [
      [0, 0.47632103683, 0.0012459396736, 0.52198609969, 0.00044692379754],
      [0.016144092119, 0.040325775398, 0.0042626280017, 0.90897264583, 0.030294858654],
      [0.0016719267719, 0.0058960220525, 0.86633401829, 0.12068386888, 0.0054141640078],
      [0.38910853001, 0.001508984707, 0.011438120165, 0.57984663976, 0.018097725356],
      [0.023783894255, 0.27188630537, 0.055036424839, 0.39436683245, 0.25492654308]
    ],
    [
      [0.0016887904768, 0.57661161898, 0.00015410639797, 0.4209773785, 0.00056810564492],
      [0.063767150212, 0.05187136924, 0, 0.83448649834, 0.049874982206],
      [0.028610919268, 0.0076407642098, 0.84044368457, 0.11446487472, 0.0088397572371],
      [0.68268030346, 0.0013273419105, 0.0034190226533, 0.29570758178, 0.016865750189],
      [0.060050273438, 0.27992792704, 0.042850421102, 0.28645603264, 0.33071534578]
    ],
    [
      [0.019265863863, 0.26416541925, 0.0014707545283, 0.71509796236, 0],
      [0.10065732587, 0.0049869697099, 0.00019152953993, 0.89416417488, 0],
      [0.026486843881, 0, 0.96264667087, 0.010866485248, 0],
      ["NaN", "NaN", "NaN", "NaN", "NaN"],
      [0.21111428346, 0.17259495428, 0.031600358764, 0.58469040349, 0]
    ],
    [
      [0, 0.59396829876, 0.0022801959854, 0.40305107949, 0.00070042576471],
      [0.026294818186, 0.057511372469, 0.015010768326, 0.83778247812, 0.063400562901],
      [0.0031485552939, 0.0079057917479, 0.90946635641, 0.066587998872, 0.012891297675],
      [0.49163294054, 0.003265686041, 0.014510998027, 0.46044422129, 0.030146154094],
      [0.026906001593, 0.2793393948, 0.037541813917, 0.26001926132, 0.39619352837]
    ],
    [
      [0, 0.52113110016, 0, 0.47861816895, 0.00025073088366],
      [0.031562829228, 0.040284390121, 0, 0.90441841526, 0.023734365387],
      [0.054973234044, 0.0076699259379, 0.74406507659, 0.18856735012, 0.0047244133114],
      [0.80765188459, 0.0005464491885, 0, 0.18383091011, 0.007970756118],
      [0.062661833483, 0.28903563879, 0.03560954046, 0.37486279076, 0.23783019651]
    ],
    [
      [0.00018725289844, 0.32605980854, 0.0015211024354, 0.67095234721, 0.0012794889148],
      [0.019208501173, 0.020347726956, 0.0011451733152, 0.90967762627, 0.049620972284],
      [0.0425560206, 0.0032815053941, 0.76407792896, 0.1774884753, 0.012596069745],
      [0.52730472911, 0.00024360787985, 0.0024575861064, 0.44712517586, 0.022868901042],
      [0.039693346123, 0.14758674331, 0.034899564961, 0.38611871739, 0.39170162821]
    ],
    [
      [0, 0.23110902802, 0, 0.7673651518, 0.001525820176],
      [0.0049545357088, 0.0049126923137, 0.00054536008602, 0.90499487246, 0.084592539433],
      [0.0069305927619, 0.015740803672, 0.65915122005, 0.29070349506, 0.027473888453],
      [0.28885520331, 0.00028611194632, 0.0038258221077, 0.65518628532, 0.051846577311],
      [0.011688531907, 0.066598286267, 0.016956541383, 0.29862128999, 0.60613535045]
    ],
    [
      [0.00020543510518, 0.33668248612, 0.00439343498, 0.65722975255, 0.0014888912411],
      [0.014065836323, 0.023128676403, 0.0014990746413, 0.91047585239, 0.050830560245],
      [0.025842697043, 0.0039265403979, 0.79913224822, 0.15870970757, 0.012388806769],
      [0.46580704169, 0.00033657608712, 0.0019921113878, 0.50494349095, 0.02692077989],
      [0.029537861952, 0.16149968414, 0.038102067378, 0.382150974, 0.38870941253]
    ],
    [
      [5.9719303195e-05, 0.39874601003, 0.0124078845, 0.58807015116, 0.00071623500226],
      [0.021294293184, 0.029033153443, 0.01243449678, 0.89558471657, 0.041653340026],
      [0.001679631053, 0.0015515810457, 0.90636784938, 0.085520131519, 0.0048808070037],
      [0.45268936419, 0.00061461502808, 0.0080157072529, 0.51591413076, 0.022766182769],
      [0.026959222132, 0.19329248375, 0.084913941008, 0.37007511102, 0.32475924209]
    ],
    [
      [2.5665117674e-05, 0.25706005352, 0.026413113305, 0.7163100115, 0.00019115655289],
      [0.0067129641296, 0.0060115095338, 0.086028827203, 0.88767869514, 0.013568003994],
      [0.00023302194679, 0.00022749044795, 0.9807964895, 0.018018063121, 0.00072493498762],
      [0.39170067227, 0.00014316289816, 0.028607038029, 0.56810821762, 0.01144090918],
      [0.020779166621, 0.11565687496, 0.17834126432, 0.4659088271, 0.219313867]
    ],
    [
      [0, 0, 0.0052124797604, 0.99351334467, 0.0012741755718],
      [0.029370381871, 0, 0.0094263591449, 0.89787870537, 0.063324553615],
      [0.0017857872104, 0, 0.92679137412, 0.068532251752, 0.0028905869218],
      [0.82813344448, 0, 0.0023152702806, 0.15316194453, 0.016389340706],
      [0.027598219878, 0, 0.047683721883, 0.24031276838, 0.68440528986]
    ],
    [
      [0, 0.50308232692, 0.0034530860307, 0.49299543978, 0.00046914726827],
      [0.027936206773, 0.041672837577, 0.017867428677, 0.87826494162, 0.03425858535],
      [0.0015456722845, 0.0018109368165, 0.94440995605, 0.050044807467, 0.0021886273835],
      [0.50417599111, 0.00097157337234, 0.020644969902, 0.45727996244, 0.016927503168],
      [0.03313928016, 0.25683473627, 0.11701761256, 0.34150529009, 0.25150308092]
    ],
    [
      [0.00027755653546, 0.39158049177, 0.0070060468942, 0.60040564072, 0.00073026408173],
      [0.022842950232, 0.030308118345, 0.0035518102993, 0.90658634406, 0.036710777062],
      [0.0036350858746, 0.0037429151977, 0.86620731722, 0.11901286744, 0.0074018142658],
      [0.44638184354, 0.00091465639726, 0.008870543619, 0.52414145683, 0.019691499613],
      [0.029984225238, 0.21041599672, 0.051155409461, 0.41064008928, 0.2978042793]
    ],
    [
      [5.1436478505e-05, 0.49966881212, 0, 0.49943475291, 0.000844998493],
      [0.027085456276, 0.047316459957, 0, 0.88134087988, 0.044257203887],
      [0.019786187841, 0.0088876986927, 0.82166015604, 0.14111378248, 0.0085521749478],
      [0.54323491337, 0.0017124241769, 0.0045911327992, 0.43046431324, 0.019997216408],
      [0.038121713145, 0.26793876053, 0.044375791022, 0.33597262283, 0.31359111248]
    ],
    [
      [1.2031163175e-05, 0.43360773229, 0.0017258811596, 0.5641870654, 0.00046728998603],
      [0.016839300584, 0.035045221621, 0.0033655093372, 0.91541888751, 0.029331080945],
      [0.0041577954872, 0.0049479268722, 0.85696695118, 0.12835256166, 0.0055747648017],
      [0.41336643366, 0.00082178015299, 0.0031338601282, 0.56464833729, 0.018029588766],
      [0.025111392256, 0.24504408299, 0.054711264063, 0.42499190831, 0.25014135238]
    ],
    [
      [0, 0.63037603435, 0.002105503189, 0.36693904964, 0.00057941282714],
      [0.026918337632, 0.05805487032, 0.0096818589712, 0.84418086198, 0.061164071096],
      [0.0020751816307, 0.007814688953, 0.90194728733, 0.080337504887, 0.0078253372007],
      [0.4893241016, 0.0023225240879, 0.037371992287, 0.44213640233, 0.02884497969],
      [0.027016279984, 0.29598179186, 0.035001814914, 0.24715485164, 0.3948452616]
    ],
    [
      [0.00021096603534, 0.34565886326, 0.0031043601483, 0.65089128073, 0.00013452982455],
      [0.042797421309, 0.0130882708, 0.011662335253, 0.91941735172, 0.013034620914],
      [0.0011888618082, 0.00058611491442, 0.90530022779, 0.092096670125, 0.0008281253667],
      [0.64684777487, 0, 0.0034835355201, 0.34330223809, 0.0063664515199],
      [0.052798944993, 0.17433723312, 0.12623633435, 0.46942158179, 0.17720590574]
    ],
    [
      [7.315995521e-05, 0.37777617219, 0.0013647162216, 0.62004455961, 0.0007413920237],
      [0.02346689466, 0.025693315684, 0, 0.90763093761, 0.043208852049],
      [0.0059570805954, 0.0027384038475, 0.85385600563, 0.1305791323, 0.0068693776257],
      [0.47546650176, 0.00060128832146, 0.0022599139319, 0.49894325105, 0.022729044934],
      [0.031756978261, 0.17442115185, 0.063189314171, 0.38675111651, 0.3438814392]
    ],
    [
      [0, 0.60689277296, 0.001293562978, 0.39181366407, 0],
      [0.024380268847, 0.029507928402, 0.005622273842, 0.94048952891, 0],
      [0.0021318597536, 0.0041551653396, 0.95590919217, 0.037803782741, 0],
      [0.55959759516, 0.00039794238066, 0.0045994975816, 0.43540496488, 0],
      ["NaN", "NaN", "NaN", "NaN", "NaN"]
    ],
    [
      [3.0733116631e-05, 0.45008707457, 0.0021690525728, 0.54706165418, 0.0006514855588],
      [0.026872862394, 0.034066498204, 0.0070928664246, 0.88995561454, 0.04201215844],
      [0.0033872897548, 0.0030584955966, 0.89117740295, 0.097361973517, 0.005014838178],
      [0.49448097181, 0.00079987416482, 0.0035701777355, 0.47979764881, 0.021351327481],
      [0.032218692975, 0.21590750699, 0.077754801017, 0.35724839785, 0.31687060116]
    ],
    [
      [0.0002028762684, 0.75998081105, 0.0031494001548, 0.23666691253, 0],
      [0.067289371214, 0.091583086956, 0.016410506183, 0.82471703565, 0],
      [0.0076826388376, 0.0048064175991, 0.96287208458, 0.024638858988, 0],
      [0.82194508914, 0.00087224800908, 0.0040566411089, 0.17312602175, 0],
      [0.067127666593, 0.52512094619, 0.13759311256, 0.27015827466, 0]
    ],
    [
      ["NaN", "NaN", "NaN", "NaN", "NaN"],
      [0, 0, 0.027691433879, 0.92858920355, 0.043719362574],
      [0, 0, 0.94055170529, 0.056285973837, 0.0031623208736],
      ["NaN", "NaN", "NaN", "NaN", "NaN"],
      [0, 0, 0.043953141691, 0.27473167982, 0.68131517849]
    ],
    [
      [0.00031912635227, 0.41248716833, 0.013466680034, 0.57345443316, 0.00027259212137],
      [0.022715550646, 0.034494274224, 0.011218699472, 0.90655498157, 0.025016494092],
      [0.0031529634784, 0.0034581755278, 0.89242073534, 0.09668705618, 0.0042810694774],
      [0.4688972584, 0.00059974787053, 0.0068079748978, 0.50985435656, 0.013840662265],
      [0.031663961277, 0.24980019164, 0.061616717446, 0.43714255125, 0.21977657838]
    ],
    [
      [0.00079174042469, 0.4019432246, 0.015675587848, 0.58096515572, 0.00062429139975],
      [0.032692201538, 0.029599291597, 0.020500965543, 0.88018624111, 0.037021300213],
      [0.0050399419806, 0.001637187511, 0.91198746382, 0.07591150729, 0.0054238994012],
      [0.52962516184, 0.00042181328821, 0.011892070359, 0.44040820509, 0.017652749423],
      [0.038685360053, 0.20595364524, 0.070931104335, 0.39215326497, 0.29227662541]
    ],
    [
      [0, 0.43348725896, 0.0032126640328, 0.56260914001, 0.00069093699836],
      [0.019738531107, 0.031857486012, 0.016654314785, 0.88629749093, 0.045452177161],
      [0.00071380253675, 0.0020161615151, 0.91665548104, 0.075549009095, 0.0050655458098],
      [0.42214793497, 0.00090849772535, 0.029108294303, 0.52301070526, 0.024824567737],
      [0.024743565926, 0.19792013028, 0.088985564339, 0.35337420596, 0.3349765335]
    ],
    [
      [0, 0.55055389866, 0.00014674036899, 0.44826385222, 0.0010355087514],
      [0.015770867378, 0.050514465126, 0.0014795841758, 0.85799821439, 0.07423686893],
      [0.010522500835, 0.008852642019, 0.8407590592, 0.12400909666, 0.015856701282],
      [0.4248148446, 0.0029110428586, 0.014203872979, 0.5193982836, 0.038671955964],
      [0.021701184608, 0.24595660191, 0.029179655977, 0.24275725645, 0.46040530105]
    ],
    [
      [0.00014982989436, 0.37210565497, 0.0041982207406, 0.62260057457, 0.0009457198274],
      [0.028346947965, 0.025282903492, 0.0082821500066, 0.88994952145, 0.048138477087],
      [0.0043807720992, 0.0016969190328, 0.8870524832, 0.099853384698, 0.007016440973],
      [0.50032783162, 0.00047784301817, 0.008012796981, 0.46732475653, 0.023856771851],
      [0.033450955112, 0.16758721244, 0.06996457404, 0.36444584791, 0.3645514105]
    ],
    [
      [0, 0.47333150778, 0, 0.52566789248, 0.0010005997451],
      [0.0072516057303, 0.033109279236, 0.00046203626206, 0.9093752325, 0.049801846277],
      [0.011606500275, 0.024812466774, 0.78119991722, 0.17105195997, 0.011329155755],
      [0.35651347419, 0.0017794596052, 0.0051896951731, 0.60608427214, 0.030433098885],
      [0.01817082802, 0.24700837541, 0.034332667738, 0.33197711838, 0.36851101045]
    ],
    [
      [0.0001839181677, 0.50242018786, 0.0060760981539, 0.49031993779, 0.000999858037],
      [0.018213629934, 0.054220508419, 0.00082639490434, 0.88334542957, 0.043394037173],
      [0.014320346756, 0.011226548504, 0.83141086523, 0.1339654286, 0.0090768109088],
      [0.48645348929, 0.0015836184588, 0.0017532406936, 0.48718412986, 0.023025521691],
      [0.02771059401, 0.28534400001, 0.043221944678, 0.34844342499, 0.29528003632]
    ],
    [
      [0, 0.37420929007, 0.0002425267711, 0.62458095451, 0.00096722864878],
      [0.0077157003167, 0.015920866624, 0, 0.91452314651, 0.061840286553],
      [0.011186912117, 0.018027471368, 0.78611419672, 0.17027350433, 0.014397915466],
      [0.3430631521, 0.00095755772999, 0.0094310936423, 0.61019599265, 0.036352203877],
      [0.018592681617, 0.15350588055, 0.03422962378, 0.33579446874, 0.45787734531]
    ],
    [
      [0.00011483658667, 0.44176794492, 0.023997851174, 0.53380280439, 0.00031656292955],
      [0.014925599742, 0.043598634645, 0.014301079494, 0.89858591533, 0.02858877079],
      [0.0012024877941, 0.0044441737459, 0.90834442987, 0.081844355387, 0.0041645532054],
      [0.39800719247, 0.00096688281074, 0.0047716020153, 0.57760978716, 0.018644535549],
      [0.021004101358, 0.27576813467, 0.069614078334, 0.40731452271, 0.22629916293]
    ],
    [
      [4.6467306467e-05, 0.5764060486, 0.0019008520629, 0.42063020109, 0.0010164309428],
      [0.029034728764, 0.061220225192, 0.013301225961, 0.83486949128, 0.061574328809],
      [0.0043389757887, 0.0093446742973, 0.88868255433, 0.08625911485, 0.011374680738],
      [0.53036021524, 0.0015064693075, 0.0034540430828, 0.43425273003, 0.030426542347],
      [0.028464763902, 0.28798308093, 0.044029128607, 0.27187309163, 0.36764993493]
    ],
    [
      [0.00014045953232, 0.54029128006, 0.0027420356601, 0.45588436777, 0.00094185697924],
      [0.031950145825, 0.05281735403, 0.015133496501, 0.84619162827, 0.053907375379],
      [0.0047898622233, 0.0073425480945, 0.89488660715, 0.083801762003, 0.0091792205261],
      [0.53826515737, 0.0014042282408, 0.0069552472437, 0.42801190275, 0.025363464397],
      [0.032137049588, 0.26712576031, 0.058240685948, 0.30818334973, 0.33431315442]
    ],
    [
      ["NaN", "NaN", "NaN", "NaN", "NaN"],
      [0, 0.32586679286, 0, 0.67413320714, 0],
      [0, 0.078613131429, 0.8, 0.12138686857, 0],
      ["NaN", "NaN", "NaN", "NaN", "NaN"],
      ["NaN", "NaN", "NaN", "NaN", "NaN"]
    ]
  ],
  "expected_outcome": [
    [
      [0.0021820783748, 0, 0, 0, 2.3720940834e-33, 0, 0.00023375053286, 0.0028764865795, 0.0075549724074, 1.735866911e-05, 0, 0.00061809043647, 0.020418593016, 0.029761879156, 0, 0.00030765284742, 0, 0, 0, 0.003641929678, 0, 0, 0.0034588419911, 0.0023364570012, 0.00010303095086, 0.0030569760757, 0.00096368266127, 0.0010288618138, 0.037967926492, 0.00085127130003, 0.0060388355713, 0, 0.0006366328605, 0.011978810036, 0, 0, 0, 0.02038573619, 0.058064100448, 0, 0, 0.0044674028455, 0, 0.014907775532, 0.0011279339238, 5.1025654202e-05, 0, 0, 0.015726846197, 0.0031190072832, 0.00059798865878, 0, 0.00063489134175, 0.0033853271561, 0, 0.0012057036997, 0.00061224026068, 0, 0.012054843893, 0.028467572688, 0, 0, 0.004810964119, 0, 0.023401835773, 0, 0.010045655335, 0.0089746621775, 0.018069263417, 0],
      [4.5768610476, 4.192646246, 31.7720242402, 5.4080191138, 0, 1.7412256965, 10.4462001242, 5.4725721275, 12.4189867265, 6.4411162825, 3.2773437807, 14.311315907, 51.5710116295, 102.5634638479, 1.9514962599, 6.9768785328, 40.5568151201, 0.53767939411, 10.0944928828, 64.0257425854, 0, 0, 4.2412307415, 6.3428975056, 3.3636928995, 7.4780573195, 4.9063071041, 2.6443206253, 1.4029242149, 3.1850647676, 9.1042218766, 23.5597532919, 0, 2.0958744464, 3.6554255479, 2.3488244376, 12.8552808263, 6.9158010921, 0.79262894476, 4.7492499524, 1.562927403, 7.824595591, 0.46201417126, 24.5767634017, 7.5750248613, 0.5141984144, 0, 18.6063246874, 22.3183439776, 30.4696004844, 21.673772819, 5.0394768958, 1.0369283061, 17.3696530837, 0.60671740797, 17.5448838683, 2.2788446462, 0, 15.6743179425, 14.4693675397, 7.3662297921, 9.9045809826, 11.9049613867, 11.828276244, 64.2940635944, 4.1139442545, 38.8751996175, 110.622075254, 69.128651265, 0],
      [0.030739425522, 0.015445757879, 0.25117835538, 0.022585645866, 0, 0, 0.10529151456, 0, 0.59205281803, 0.021500791758, 0, 0.23417565891, 0.15980804686, 1.8468312926, 0.0073928627739, 0.049127798911, 0.21089146579, 0.039715417439, 0, 0.65000599106, 0, 0, 0.013363985004, 0.011017554436, 0.0027669384646, 0.017844655368, 0.016061377232, 0.0042872430343, 0.051556851341, 0.014252871007, 0.037182150671, 0.11091707148, 0.31783728273, 0.0097086947902, 0, 0.003267452321, 0.033839984979, 0.0018602499348, 0.0043860822848, 0.018349808915, 0, 0.036289837995, 0, 0.3188176745, 0.23508160268, 0.052657744283, 0.010486818698, 0.12852230476, 0.39766406235, 0, 0.086347938913, 0.016943973867, 0.0093683420018, 0.063149449342, 0.0013012386665, 0.085095004948, 0.0095042637907, 0, 0.51000117123, 0.5627898958, 0.054939362411, 0.0026569996324, 0.13443153403, 0, 0.77312564013, 0.0026836245265, 2.1047933772, 0.3671292014, 0.35249356139, 0],
      [12.3779309691, 4.7891713344, 40.9218307336, 2.5675308742, 0, 1.2499033473, 12.4267013893, 11.4946183188, 18.9764145789, 7.5293647899, 1.7218591861, 17.4501730896, 73.169295965, 158.4459238361, 1.0397582741, 8.9593031146, 55.1741452403, 1.4226051884, 13.8729966841, 108.1859663975, 0, 0, 5.7339689205, 6.6372109645, 2.6291895191, 11.4895915301, 5.0730826884, 1.3483647817, 0.50755100731, 2.7978498701, 12.8347061345, 29.3106112894, 0.67797481354, 1.8815408584, 2.340022435, 0.6479081101, 14.098801691, 5.0551085289, 2.1449208725, 3.2267675601, 1.4363206788, 16.1039085677, 1.5349195209, 47.9807303504, 11.1751641563, 1.4327127711, 1.9869650467, 18.2477962782, 34.2266758846, 30.4756557626, 28.2159171265, 2.9389265123, 1.9526672659, 28.5296528986, 0.39198135336, 21.3433801434, 0.71103884972, 0, 21.7933290066, 20.9169720016, 9.5670777792, 8.0740384242, 19.9255228476, 13.1466553061, 62.7813352859, 6.8726906154, 46.982269112, 80.8062565359, 58.3800578845, 0],
      [0.012286479388, 0.0027366617361, 0.0549666708, 0.0018643660514, 6.8977201932e-18, 0.0088709561223, 0.021573221368, 0.029933067139, 0.0049909041204, 0.0080007772502, 0.00079703318588, 0.0037172540635, 0.079465765678, 0.11401914424, 0.0013526031622, 0.014382900832, 0.058148173782, 0, 0.03251043317, 0.13464309632, 0, 0, 0.0079775110081, 0.0065375184765, 0.0042476119474, 0.011449519037, 0.0035851475741, 0.0019984882361, 0, 0.0019812199946, 0.017851002627, 0.018718347228, 0.0035512708723, 0.00089719035001, 0.004552017055, 0, 0.012077497685, 0.0068443929126, 0, 0.005632678584, 0.00075191813138, 0.030738600526, 0.0030663078323, 0.10878079786, 0.013601445814, 0.00038004455268, 0.0025481346174, 0.017356729576, 0.041589229272, 0.051624745696, 0.023364126973, 0.0046526180685, 0.00040119467176, 0.034159241262, 0, 0.0254352796, 0, 0, 0.010297035786, 0.022402990147, 0.011753066348, 0.018723593625, 0.030273267591, 0.025068449921, 0.12807364386, 0.010681505643, 0.027692237939, 0.19556434649, 0.12072802565, 0]
    ],
    [
      [11.200998852, 1.7720592055, 19.2945727805, 0.57495026108, 0.16137127665, 0, 0.52499376142, 1.0151458605, 1.9102196306, 0.83588617536, 0.28536421104, 0.31257532743, 37.9009953526, 15.2796646198, 0, 2.5354293839, 23.4459697188, 1.3638999931e-31, 1.1397482057, 28.1980898114, 0.14628121694, 1.4773353159, 4.4391900915, 5.9503426806, 1.248771743, 5.992231422, 6.4000641177, 4.364705543, 0.92069883028, 4.9284469333, 8.6671841528, 9.2125227879, 0.48876644767, 0.72778196283, 2.0698164823, 3.5074839763e-16, 3.6308005494, 6.2469206381, 0.70421024529, 1.8396088504, 0.59758742073, 2.6966077088, 0.14775410093, 4.3991384945, 2.1291975619, 0.14718935169, 0.11758014831, 8.2395466188, 5.4585404306, 7.7590207288, 6.6830611514, 1.8833476615, 0.81388046953, 11.7984274591, 0.31665434933, 9.3505335607, 1.0763115496, 0, 2.8392516569, 5.4923331452, 2.900202175, 2.2021332053, 6.1793639577, 1.0236178578, 8.3623529004, 1.1351477494, 3.0742349668, 38.9702878681, 28.5325162668, 0],
      [6.1159952699, 5.6567794195, 22.7346734687, 4.2643076831, 0.89271862923, 0.25432262178, 4.4726832027, 1.1930856436, 2.4578095688, 4.1976976267, 1.8444499559, 3.8569848077, 41.4958279955, 35.1601897452, 1.1746335347, 3.7702930725, 30.4538569174, 0.1276308262, 4.590408651, 32.3537001092, 0, 1.136158598, 3.5100015932, 9.9656766126, 2.6045330989, 7.2821638223, 7.6691439148, 5.1149187212, 1.0593327858, 5.3670380718, 6.8987342278, 15.7612548379, 0, 0.63008827358, 2.1182462422, 1.8760181589, 9.0767470137, 5.0852345786, 0.034701647702, 4.0278000859, 0.76572426933, 2.8691177203, 0.14650624773, 7.2620191448, 2.9035323199, 0.13167537658, 0, 12.2953320125, 7.243789339, 13.5850683796, 13.9161413293, 4.065213905, 0.24808503786, 12.9265408018, 0.38381192074, 11.8573929282, 1.465405066, 0, 4.311153877, 4.9714170635, 4.6835823116, 7.0760886935, 5.5123141074, 4.6967063938, 24.9503484843, 2.3501588823, 8.9798112798, 82.1885649424, 47.1749913254, 2.6060449845],
