{
  "Z_true": {},
  "V_true": [
    [20, 120, 955, 162],
    [494, 990, 180, 29],
    [494, 10843, 242, 233],
    [198, 945, 13808, 444],
    [44, 948, 318, 119],
    [139, 699, 660, 390]
  ],
  "p_true": [
    [0.0159, 0.0955, 0.7597, 0.1289],
    [0.2918, 0.5848, 0.1063, 0.0171],
    [0.0418, 0.918, 0.0205, 0.0197],
    [0.0129, 0.0614, 0.8969, 0.0288],
    [0.0308, 0.6634, 0.2225, 0.0833],
    [0.0736, 0.3702, 0.3496, 0.2066]
  ],
  "Z_est": {},
  "V_est": [
    [0, 243.3915, 1001.7396, 11.8689],
    [791.7659, 703.8085, 0, 197.4257],
    [297.4427, 11234.347, 0, 280.2103],
    [119.8228, 0, 14947.6265, 327.5507],
    [0, 1202.2054, 213.6339, 13.1607],
    [179.9686, 1161.2476, 0, 546.7838]
  ],
  "p_est": [
    [0, 0.1936, 0.7969, 0.0094],
    [0.4677, 0.4157, 0, 0.1166],
    [0.0252, 0.9511, 0, 0.0237],
    [0.0078, 0, 0.9709, 0.0213],
    [0, 0.8413, 0.1495, 0.0092],
    [0.0953, 0.6151, 0, 0.2896]
  ],
  "EI_Z": {},
  "EI_V": 9.3467,
  "MAE_Z": {},
  "MAE_V": 260.726,
  "MAE_p": 0.0874,
  "runtime": 0.0119
}
