{
  "Z_true": {},
  "V_true": [
    [29, 132, 1321, 598],
    [1971, 2575, 654, 123],
    [631, 7530, 960, 196],
    [302, 558, 15571, 380],
    [274, 1182, 1047, 389],
    [242, 418, 447, 337]
  ],
  "p_true": [
    [0.0139, 0.0635, 0.6351, 0.2875],
    [0.3703, 0.4837, 0.1229, 0.0231],
    [0.0677, 0.8082, 0.103, 0.021],
    [0.018, 0.0332, 0.9262, 0.0226],
    [0.0947, 0.4087, 0.362, 0.1345],
    [0.1676, 0.2895, 0.3096, 0.2334]
  ],
  "Z_est": [
    [
      [0.0096, 0.0693, 0.0322, 0.0288, 0.7808, 0.0058, 0.0046, 0.003, 1.491, 0.0087, 0.0087, 0.0046, 0.0009, 0.0041, 0.0488, 0.005, 0.001, 0.1492, 0.0223, 0.0047, 0.0844, 0.3314, 0.0021, 1.1177, 0.0007, 0.0103, 0.0029, 0.0011, 0.0099, 0, 0.1836, 0.0182, 0.0255, 0.5383],
      [0.2362, 1.8659, 6.1679, 3.3369, 1.3884, 3.4638, 1.0704, 1.3321, 2.2817, 1.9455, 2.106, 1.7831, 0.5956, 2.2941, 3.1602, 11.6663, 4.5801, 4.0829, 4.8192, 1.6465, 4.1158, 6.4866, 2.3869, 8.2872, 2.337, 1.9121, 0.8406, 1.6512, 0.5554, 0.0179, 40.4078, 1.8462, 3.466, 0.5115],
      [5.4287, 29.9422, 35.8355, 44.3416, 8.1175, 29.2046, 35.2528, 20.153, 16.4705, 38.1325, 29.3201, 29.8707, 9.7604, 32.5555, 23.7252, 37.4703, 58.3658, 45.7915, 95.6819, 30.8322, 33.8678, 64.2887, 50.5707, 73.3387, 34.4596, 22.705, 14.3938, 38.8417, 9.0498, 0.7588, 555.679, 28.9679, 64.5078, 6.8155],
      [1.3256, 5.1226, 6.9643, 6.2927, 2.7133, 7.3258, 5.6722, 3.5119, 4.7568, 5.9132, 4.566, 4.3417, 1.6431, 4.1463, 5.0658, 9.8583, 6.0531, 8.9763, 13.4765, 5.5165, 6.9321, 9.8933, 7.0403, 16.2564, 5.2027, 4.3726, 1.7627, 4.506, 2.3849, 0.2233, 94.7295, 5.1686, 13.0007, 1.1347]
    ],
    [
      [4.1695, 81.3279, 21.9934, 55.1225, 33.1863, 12.2708, 27.5795, 67.3518, 44.9134, 73.1903, 97.056, 122.4922, 29.682, 70.6915, 45.4356, 78.0787, 31.5914, 32.032, 80.94, 29.9505, 23.3953, 65.8716, 27.4491, 59.2049, 25.5003, 38.6422, 26.8233, 58.0984, 21.1062, 2.4784, 648.7597, 96.7181, 171.1604, 91.2102],
      [1.258, 60.1048, 18.5326, 42.5846, 29.4726, 6.8329, 19.4674, 54.5, 58.6565, 71.7446, 95.9888, 122.7284, 36.966, 98.871, 25.841, 122.0955, 33.4119, 26.2939, 55.2652, 27.5911, 29.6051, 59.9056, 28.9725, 38.6099, 31.5397, 24.8986, 34.789, 67.5295, 23.7198, 1.4588, 726.9082, 92.1384, 124.5315, 92.3519],
      [0.4893, 17.3434, 4.0646, 8.3972, 3.5118, 1.6341, 7.984, 9.4999, 7.7422, 16.6113, 16.8436, 23.7104, 7.1394, 16.6592, 4.3477, 4.0807, 13.016, 4.8705, 14.0905, 6.3909, 3.4179, 9.2176, 6.6714, 5.8847, 4.8774, 4.3803, 7.7256, 18.4053, 10.83, 0.8236, 133.3911, 23.1512, 26.3929, 30.6394],
      [0.0832, 2.2239, 0.4094, 0.8957, 0.8294, 0.2621, 0.9691, 1.6483, 1.6879, 2.4538, 2.1167, 3.0691, 1.2125, 1.7783, 1.3757, 2.7451, 0.9807, 0.8036, 1.7043, 1.0676, 0.5817, 1.0051, 0.9069, 1.3004, 1.0827, 1.0789, 0.6621, 1.9669, 1.344, 0.2392, 18.941, 2.997, 5.9152, 1.7986]
    ],
    [
      [1.1797, 13.0426, 4.9838, 13.4251, 6.1826, 2.4992, 4.5149, 16.9542, 9.9973, 12.9517, 19.9763, 25.8858, 5.9283, 13.5634, 14.3093, 29.7226, 4.7304, 9.3115, 18.5203, 7.3259, 5.5795, 18.7491, 5.6411, 22.1863, 7.5191, 11.5428, 4.3375, 12.4528, 1.8032, 0.4227, 119.376, 15.3417, 36.9724, 9.0928],
      [12.1471, 133.4996, 123.1005, 208.2935, 55.0714, 47.3589, 69.2387, 191.2779, 139.1876, 154.1869, 208.4456, 256.2551, 71.9658, 191.258, 163.3268, 525.4246, 114.847, 222.8543, 299.3544, 125.29, 142.4431, 385.5094, 138.7168, 388.5877, 207.8041, 187.714, 62.8387, 208.1128, 17.9755, 4.1068, 2004.4261, 168.4474, 381.527, 72.6049],
      [0.942, 8.0958, 11.6984, 14.675, 1.0147, 3.7138, 6.8581, 9.3267, 5.2788, 8.5956, 8.2138, 9.6072, 2.9311, 8.6569, 7.3801, 9.4331, 11.0847, 20.4613, 25.7838, 11.0723, 7.7779, 26.9174, 13.3545, 28.1586, 19.5371, 11.3944, 3.4388, 18.3884, 0.4635, 0.3211, 117.4089, 7.8707, 21.5126, 1.4928],
      [1.7312, 13.362, 11.2173, 13.6064, 4.7313, 6.4281, 8.3883, 16.4413, 13.5363, 15.2658, 15.3702, 20.2519, 7.1748, 12.5217, 15.9837, 37.4196, 7.3379, 22.373, 24.3415, 14.3119, 11.1995, 23.8241, 12.2876, 37.0674, 18.1397, 16.3487, 4.385, 15.046, 2.7578, 1.1495, 173.7889, 16.3449, 45.988, 4.8095]
    ],
    [
      [0.9157, 5.804, 2.4002, 4.6369, 4.8629, 1.861, 2.6064, 3.9741, 3.9795, 3.7278, 8.2132, 6.4488, 0.7393, 3.607, 1.2169, 6.3711, 3.7818, 2.4282, 7.9061, 2.0076, 1.673, 4.9989, 1.873, 4.793, 0.7511, 1.8991, 1.8642, 2.0677, 1.1316, 0.1282, 43.3223, 5.5542, 9.5873, 8.9448],
      [0.3928, 1.7898, 6.2784, 5.5111, 1.9778, 2.017, 1.3094, 1.8908, 5.2613, 1.8974, 3.5911, 1.9055, 0.5247, 4.1426, 0.4163, 8.4681, 8.0715, 6.3833, 7.747, 2.2504, 6.1671, 13.0493, 3.6455, 8.8956, 2.8247, 2.2411, 1.8768, 2.3816, 0.1973, 0.0169, 55.149, 2.5212, 3.7143, 1.2281],
      [51.8982, 367.5935, 440.3897, 449.732, 99.2571, 238.7214, 292.4014, 244.1302, 242.8063, 332.0161, 332.7594, 321.3987, 96.0561, 330.7861, 102.5229, 223.1763, 594.8768, 493.9121, 857.7707, 278.9849, 297.9759, 734.9876, 419.3278, 673.9406, 284.3197, 251.0592, 166.9727, 395.3657, 81.3685, 12.9897, 4977.7149, 407.6485, 666.0336, 235.9694],
      [3.7933, 8.8127, 14.9317, 10.1201, 3.9021, 15.4005, 9.6828, 7.0048, 9.9528, 8.3587, 7.4446, 7.2471, 2.6799, 6.4643, 3.844, 9.9846, 11.27, 17.2764, 21.5762, 9.7572, 11.1839, 16.9642, 11.1537, 26.3708, 8.1045, 7.8006, 3.2865, 6.185, 3.3025, 0.8653, 149.8138, 10.2856, 23.6648, 3.8578]
    ],
    [
      [0.0797, 1.8049, 0.2327, 1.0849, 1.1903, 0.1988, 0.3656, 1.1546, 1.5759, 1.2195, 2.2405, 1.1658, 0.4183, 1.2819, 0.8232, 1.8429, 0.0911, 0.5402, 1.2893, 1.72, 0.2623, 1.0841, 0.257, 1.7962, 0.3513, 1.4861, 0.6467, 0.7537, 0.3727, 0.0317, 8.4562, 1.4244, 2.9943, 0.8316],
      [0.4133, 18.147, 22.5953, 33.6728, 11.0227, 10.0446, 7.6951, 24.2052, 16.1988, 18.1157, 21.8313, 26.9502, 10.5138, 21.6299, 14.936, 55.3774, 14.8181, 30.9303, 43.3419, 12.8882, 27.6466, 60.5856, 23.151, 70.8792, 29.2411, 41.7542, 5.6128, 30.111, 3.7611, 0.5811, 352.7801, 25.1151, 36.9647, 9.254],
      [0.9775, 31.756, 34.5441, 38.785, 6.2902, 19.0195, 17.5477, 26.7118, 12.6738, 27.8021, 21.1593, 30.7957, 13.2739, 25.5009, 10.6778, 18.8967, 27.9805, 40.3561, 63.3629, 21.348, 22.3823, 63.3179, 37.2001, 70.0205, 41.3556, 48.0714, 7.9064, 60.9801, 5.898, 1.628, 387.3885, 38.5229, 48.4916, 10.8516],
      [0.5295, 8.292, 8.628, 8.4573, 3.4967, 7.7371, 5.3916, 7.9285, 6.5514, 7.8626, 6.7701, 8.0883, 3.794, 5.5873, 5.5631, 13.8831, 5.1103, 12.1735, 15.0059, 7.0438, 7.7088, 14.0124, 8.3919, 24.3041, 9.052, 12.6883, 1.834, 8.1551, 2.9683, 0.7592, 114.3752, 9.9392, 19.5495, 3.0628]
    ],
    [
      [1.6458, 8.9512, 5.3578, 7.7019, 3.7971, 3.1643, 3.929, 11.5623, 7.0428, 9.902, 11.5052, 15.0029, 3.2312, 6.852, 9.1661, 14.9797, 5.8043, 6.5389, 13.3219, 3.9913, 4.0055, 13.9649, 3.7777, 11.9019, 3.8776, 7.4195, 3.3254, 10.6263, 2.5764, 0.9389, 72.9022, 13.9435, 26.2601, 6.3822],
      [2.5526, 15.5928, 20.3252, 17.6012, 7.0671, 9.2828, 9.2191, 25.794, 18.4141, 21.1099, 23.0372, 30.3778, 7.434, 16.8045, 21.3197, 42.9681, 20.2714, 26.4554, 32.4723, 10.3339, 19.0224, 48.4635, 14.1272, 36.7403, 13.2534, 20.48, 9.0422, 28.2139, 5.7908, 1.8186, 218.3287, 27.9317, 51.7965, 10.0496],
      [0.2644, 2.2691, 1.4677, 2.0691, 0.8087, 0.7065, 0.9559, 3.1784, 2.0283, 2.8423, 2.7039, 3.6174, 0.8392, 1.8415, 2.3464, 3.9428, 1.6762, 1.6085, 2.3102, 1.3717, 0.5782, 2.2707, 0.8755, 2.6569, 1.4506, 2.3896, 0.5628, 4.0188, 0.3903, 0.4788, 11.4175, 3.8387, 7.0615, 1.2314],
      [0.5372, 3.1869, 2.8493, 2.6278, 1.3271, 1.8464, 1.896, 4.4652, 3.5148, 4.1459, 3.7324, 5.0019, 1.4956, 2.502, 4.1677, 7.1093, 2.248, 4.3972, 4.8956, 2.3031, 2.3939, 5.3009, 2.2197, 6.7008, 2.4184, 3.7108, 1.0696, 4.1409, 1.2425, 0.7635, 34.3516, 5.2647, 11.8819, 1.3367]
    ]
  ],
  "V_est": [
    [5.0096, 134.645, 1654.4973, 285.8498],
    [2395.4735, 2385.1654, 474.2352, 68.136],
    [506.0217, 7683.1979, 462.8603, 664.9309],
    [166.0769, 175.7348, 15996.8637, 472.3426],
    [41.0685, 1132.765, 1333.4741, 384.6951],
    [335.3499, 883.4918, 78.0695, 147.0456]
  ],
  "p_est": [
    [0.0024, 0.0647, 0.7954, 0.1374],
    [0.45, 0.4481, 0.0891, 0.0128],
    [0.0543, 0.8246, 0.0497, 0.0714],
    [0.0099, 0.0105, 0.9516, 0.0281],
    [0.0142, 0.3917, 0.4611, 0.133],
    [0.2322, 0.6119, 0.0541, 0.1018]
  ],
  "EI_Z": {},
  "EI_V": 7.2524,
  "MAE_Z": {},
  "MAE_V": 228.8556,
  "MAE_p": 0.0688,
  "runtime": 113.565
}
