{
  "Z_true": {},
  "V_true": [
    [884, 241, 2143, 241],
    [1336, 1269, 14424, 736],
    [87, 7383, 388, 312],
    [98, 1246, 814, 898]
  ],
  "p_true": [
    [0.2519, 0.0687, 0.6107, 0.0687],
    [0.0752, 0.0714, 0.8119, 0.0414],
    [0.0106, 0.9037, 0.0475, 0.0382],
    [0.0321, 0.4077, 0.2664, 0.2938]
  ],
  "Z_est": [
    [
      [12.2006, 6.896, 18.5661, 23.3403, 3.7132, 9.0178, 57.8202, 43.4978, 27.584, 50.9242, 25.9926, 16.4081, 40.8455, 23.3403, 107.1531, 13.792, 72.6731, 92.8306, 81.1605, 0, 2.6523, 11.1397, 10.0788, 23.8707, 5.3046, 14.3224, 51, 45.0892, 15.9138, 24.9317, 0, 103.4398, 90.7088, 50.6409, 37.6627, 12.2006, 48.8024, 36.6018, 24.1619, 18, 28.1144, 31.8276, 3.1828, 2.9547, 1.0609, 22.3658, 30.7667, 10.0788, 131.0238, 15, 149.5899, 45.9665],
      [0.3753, 0.2122, 0.5712, 0.718, 0.1142, 0.2774, 1.7788, 1.1247, 0.8486, 1.5666, 0.7996, 0.5421, 1.2566, 0.718, 3.2965, 0.4243, 2.2357, 2.8559, 2.4968, 0, 0.0816, 0.3427, 0.3101, 0.7344, 0.1632, 0.4406, 4.2248, 1.3871, 0.4896, 0.767, 0, 3.1823, 2.7906, 4.0371, 1.1587, 0.3753, 0, 1.126, 3.1771, 8.7922, 0.8649, 0.9792, 0.0979, 0.0979, 0.0326, 0.7344, 0.9465, 0.3101, 4.0309, 0.4896, 4.602, 1.942],
      [6.7597, 3.8207, 10.2866, 12.9317, 2.0573, 4.9963, 32.0353, 24.3134, 15.2829, 28.2146, 14.4012, 9.111, 22.6304, 12.9317, 59.3682, 7.6414, 40.2645, 51.4328, 44.967, 0, 1.4695, 6.1719, 5.5841, 13.2256, 2.939, 7.9353, 29.6841, 24.9816, 8.8171, 13.8134, 0, 57.3108, 50.2572, 29.3902, 20.867, 6.7597, 27.039, 20.2792, 14.6951, 14.4012, 15.5768, 17.6341, 1.7634, 1.9915, 0.5878, 14.7305, 17.0463, 5.5841, 72.5937, 9.7309, 82.8803, 52.1326],
      [3.6643, 2.0711, 5.5761, 7.01, 1.1152, 2.7084, 17.3657, 13.0641, 8.2846, 15.2946, 7.8066, 4.9389, 12.2675, 7.01, 32.1823, 4.1423, 21.8266, 27.8807, 24.3757, 0, 0.7966, 3.3457, 3.027, 7.1693, 1.5932, 4.3016, 16.0912, 13.5421, 4.7796, 7.488, 0, 31.0671, 27.2434, 15.9318, 11.3116, 3.6643, 16.1587, 10.993, 7.9659, 7.8066, 8.4439, 9.5591, 0.9559, 0.9559, 0.3186, 7.1693, 9.2405, 3.027, 39.3516, 4.7796, 44.9278, 18.9589]
    ],
    [
      [9.6746, 0.7163, 8.022, 0.9236, 16.0659, 3.2547, 0.031, 8.0113, 14.3559, 7.4274, 13.2267, 0, 5.6007, 10.0759, 28.526, 5.4819, 4.2982, 37.8247, 28.1166, 0, 0.5269, 8.2249, 5.4341, 10.6075, 11.9567, 5.1313, 0, 11.9393, 10.0217, 0, 0.2937, 28.5002, 2.4467, 0, 12.9934, 8.1106, 7.9917, 2.2091, 0, 0, 4.594, 6.1126, 1.4915, 0, 5.7226, 0, 2.8869, 6.0074, 0, 0, 76.8202, 0],
      [5.0594, 14.2794, 0, 0.3929, 6.6631, 8.0499, 12.3421, 0, 2.0942, 21.4625, 0, 8.6265, 0, 0, 6.8328, 0.5674, 0, 0, 9.1435, 0, 0, 12.0897, 22.7324, 19.4229, 12.4811, 4.0829, 26.9047, 60.2904, 10.845, 43.2983, 0.075, 0, 0, 11.7295, 0, 0.8108, 0, 6.4158, 12.0165, 31.3485, 20.284, 0, 0.5924, 0.3629, 1.3529, 4.0812, 67.7832, 0, 44.8337, 0, 0, 2.2027],
      [228.996, 138.441, 578.1171, 126.9628, 40.8555, 84.4811, 270.7727, 193.6645, 224.4891, 370.9885, 169.7372, 68.3807, 240.5268, 135.7909, 689.7347, 80.4813, 392.3341, 483.1499, 404.9916, 4.5898, 20.7741, 414.6571, 215.3333, 388.1639, 142.3579, 73.9612, 502.5806, 696.8889, 275.6634, 392.3134, 2.6313, 542.2062, 632.6325, 317.1254, 503.4746, 140.9852, 322.7897, 324.8158, 214.8905, 301.2233, 183.5278, 408.6272, 15.4202, 21.9393, 32.6165, 151.745, 691.2152, 292.0756, 927.015, 204.0313, 948.1849, 286.433],
      [15.27, 2.5633, 62.8609, 4.7207, 2.4154, 7.2143, 11.8542, 15.3242, 34.0609, 42.1216, 20.0361, 4.9928, 19.8725, 18.1332, 44.9065, 9.4694, 43.3677, 49.0253, 47.7483, 0.4102, 2.699, 34.0283, 17.5003, 47.8057, 19.2043, 3.8246, 43.5148, 61.8814, 19.4699, 21.3883, 0, 54.2937, 64.9208, 4.1451, 47.532, 10.0934, 33.2186, 30.5593, 18.0931, 13.4283, 14.5942, 24.2602, 0.496, 0.6978, 5.308, 6.1738, 35.1147, 34.917, 58.1513, 14.9687, 102.995, 4.3644]
    ],
    [
      [1.332, 0.6402, 1.3733, 0.3511, 0.1755, 0.2065, 1.0842, 0.7434, 1.0635, 1.9722, 0.5576, 0.3201, 1.5798, 0.8364, 4.5122, 0.4543, 2.4884, 19.6911, 2.1374, 0, 0.7981, 1.3217, 1.332, 1.6417, 0.9912, 0.2065, 0, 4.4606, 1.1358, 0, 0.6837, 2.3645, 1.8999, 0, 1.8069, 0.3717, 7.711, 0.7847, 0, 0, 1.7966, 1.3836, 0.1446, 0, 0.1033, 0, 3.5829, 1.4869, 0.6952, 0, 5.6067, 1.1048],
      [120.832, 58.0743, 114.9719, 31.8472, 15.9236, 18.7336, 98.3516, 67.4411, 96.4783, 178.9063, 42.1262, 29.0371, 142.814, 69.8477, 409.3301, 41.214, 224.5968, 258.7291, 193.8932, 1.3505, 14.2689, 119.8953, 120.832, 148.9325, 89.9215, 18.7336, 620.1768, 404.6467, 103.035, 203.6066, 3.2755, 192.5247, 157.7716, 129.2621, 161.0949, 33.7206, 57.1316, 71.1878, 247.7742, 296.4134, 162.9827, 120.9563, 13.1135, 11.2402, 9.3668, 73.9979, 325.0287, 114.7701, 641.3759, 87.0762, 496.5033, 100.225],
      [3.6605, 1.7593, 13.3808, 0.9648, 0.4824, 0.5675, 2.9794, 2.043, 2.9227, 5.4197, 1.5323, 0.8796, 4.8398, 2.2984, 12.4002, 1.2485, 6.8385, 8.3424, 5.8738, 0.0851, 0.454, 3.6321, 3.6605, 4.5117, 2.7241, 0.5675, 7.6336, 12.2583, 3.1213, 6.1008, 1.0409, 6.498, 19.799, 5.3407, 7.7902, 1.0215, 2.2133, 2.1565, 4.2258, 8.8816, 4.9374, 8.3615, 0.3973, 0.4644, 0.2838, 3.0574, 9.8464, 21.2894, 19.2387, 8.5113, 15.408, 3.0362],
      [3.1756, 1.5262, 3.274, 0.837, 0.4185, 0.4923, 2.5848, 1.7724, 2.5355, 4.7018, 9.7839, 0.7631, 3.7664, 8.0175, 10.7576, 1.0831, 7.0762, 7.2373, 5.0957, 1.5644, 0.479, 3.151, 3.1756, 3.9141, 2.3632, 0.4923, 0.1895, 10.6345, 2.7079, 5.2926, 0, 27.6127, 4.5295, 3.3971, 4.3079, 0.8862, 10.9441, 1.8709, 0, 7.7051, 4.2833, 3.2987, 0.3446, 0.2954, 0.2462, 1.9447, 8.542, 6.4537, 16.6902, 2.4124, 25.482, 2.634]
    ],
    [
      [0.7928, 0.7475, 2.0386, 0.3851, 0.0453, 0.521, 1.0646, 0.7475, 0.9966, 1.6762, 1.2232, 0.2718, 0.974, 0.7475, 2.8087, 0.2718, 1.5403, 1.6535, 1.5856, 0, 0.0227, 1.3138, 1.1552, 1.88, 0.7475, 0.3398, 0, 3.5109, 0.9287, 0.0683, 0.0227, 2.6955, 2.9446, 1.3591, 2.5369, 0.3171, 1.495, 1.4044, 0.8381, 0, 1.495, 1.6762, 0.1812, 0.0453, 0.1133, 0.6342, 2.7634, 1.427, 4.2811, 0, 4.9832, 0.9287],
      [22.7332, 21.4342, 58.4569, 11.0419, 1.299, 14.939, 30.5275, 21.4342, 28.5789, 48.0646, 35.0742, 7.7943, 27.9294, 21.4342, 80.5406, 7.7943, 44.1675, 47.4151, 45.4665, 0.6495, 0.6495, 37.6722, 33.1256, 53.9103, 21.4342, 9.7428, 84.6937, 100.6758, 26.6304, 48.3281, 0.6495, 77.293, 84.4378, 38.9713, 72.7464, 9.0933, 42.8684, 40.2703, 24.0323, 54.446, 42.8684, 48.0646, 5.1962, 1.299, 3.2476, 18.1866, 79.2416, 40.9198, 122.7595, 21.4342, 142.8947, 26.6304],
      [10.5838, 9.979, 27.2155, 5.1407, 0.6048, 6.9551, 14.2126, 9.979, 13.3054, 22.3772, 16.3293, 3.6287, 13.003, 9.979, 37.4969, 3.6287, 20.5628, 22.0748, 21.1676, 0.325, 0.3024, 17.5389, 15.4221, 25.0988, 9.979, 4.5359, 38.1017, 46.8712, 12.3982, 21.7724, 0.3278, 35.985, 39.3113, 18.1437, 33.8682, 4.2335, 19.958, 18.7485, 11.1886, 24.494, 19.958, 22.3772, 2.4192, 0.6048, 1.512, 8.4671, 36.8922, 19.0509, 57.1526, 10.7265, 66.5268, 12.3982],
      [0.8901, 0.8393, 2.289, 0.4324, 0.0509, 0.585, 1.1953, 0.8393, 1.119, 1.882, 1.3734, 0.3052, 1.0936, 0.8393, 3.1537, 0.3052, 1.7294, 1.8566, 1.7803, 0.0254, 0.0254, 1.4751, 1.2971, 2.1109, 0.8393, 0.3815, 3.2045, 3.9421, 1.0427, 1.8312, 0, 3.0265, 3.3063, 1.526, 2.8485, 0.3561, 1.6786, 1.5768, 0.941, 2.0601, 1.6786, 1.882, 0.2035, 0.0509, 0.1272, 0.7121, 3.1028, 1.6023, 4.8068, 0.8393, 5.5952, 1.0427]
    ]
  ],
  "V_est": [
    [1826.2097, 70.9209, 1051.3199, 560.5495],
    [431.6563, 511.55, 15515.7844, 1306.0092],
    [84.9336, 7565.3405, 276.9819, 242.744],
    [62.2004, 1991.1886, 924.9138, 77.6973]
  ],
  "p_est": [
    [0.5204, 0.0202, 0.2996, 0.1597],
    [0.0243, 0.0288, 0.8734, 0.0735],
    [0.0104, 0.926, 0.0339, 0.0297],
    [0.0204, 0.6516, 0.3027, 0.0254]
  ],
  "EI_Z": {},
  "EI_V": 12.1908,
  "MAE_Z": {},
  "MAE_V": 495.2495,
  "MAE_p": 0.0944,
  "runtime": 0.4275
}
