{
  "Z_true": {},
  "V_true": [
    [884, 241, 2143, 241],
    [1336, 1269, 14424, 736],
    [87, 7383, 388, 312],
    [98, 1246, 814, 898]
  ],
  "p_true": [
    [0.2519, 0.0687, 0.6107, 0.0687],
    [0.0752, 0.0714, 0.8119, 0.0414],
    [0.0106, 0.9037, 0.0475, 0.0382],
    [0.0321, 0.4077, 0.2664, 0.2938]
  ],
  "Z_est": [
    [
      [12.2027, 6.8972, 18.5693, 23.3443, 3.7139, 9.0194, 57.8302, 43.5053, 27.5887, 50.933, 25.997, 16.4093, 40.8525, 23.3443, 107.1715, 13.7943, 72.6856, 92.8466, 81.1744, 0, 2.6528, 11.1416, 10.0805, 23.8748, 5.3055, 14.3249, 51, 45.0969, 15.9166, 24.9359, 0, 103.4576, 90.7244, 50.6403, 37.6692, 12.2027, 48.8108, 36.6081, 24.1615, 18, 28.1193, 31.8331, 3.1833, 2.9547, 1.0611, 22.3655, 30.772, 10.0805, 131.0463, 15, 149.6156, 45.9707],
      [0.3732, 0.2109, 0.5679, 0.7139, 0.1136, 0.2758, 1.7686, 1.1783, 0.8437, 1.5577, 0.7951, 0.5408, 1.2494, 0.7139, 3.2776, 0.4219, 2.2229, 2.8395, 2.4825, 0, 0.0811, 0.3407, 0.3083, 0.7302, 0.1623, 0.4381, 4.2246, 1.3792, 0.4868, 0.7626, 0, 3.164, 2.7746, 4.0375, 1.152, 0.3732, 0, 1.1196, 3.1774, 8.7921, 0.86, 0.9735, 0.0974, 0.0974, 0.0325, 0.7302, 0.9411, 0.3083, 4.0078, 0.4868, 4.5757, 1.9309],
      [6.7598, 3.8208, 10.2866, 12.9318, 2.0573, 4.9964, 32.0355, 24.2523, 15.283, 28.2148, 14.4013, 9.111, 22.6306, 12.9318, 59.3686, 7.6415, 40.2648, 51.4332, 44.9673, 0, 1.4695, 6.172, 5.5842, 13.2257, 2.939, 7.9354, 29.6843, 24.9818, 8.8171, 13.8135, 0, 57.3113, 50.2576, 29.3904, 20.8672, 6.7598, 27.0392, 20.2794, 14.6952, 14.4013, 15.5769, 17.6342, 1.7634, 1.9921, 0.5878, 14.735, 17.0464, 5.5842, 72.5943, 9.7337, 82.8809, 52.1395],
      [3.6643, 2.0711, 5.5761, 7.01, 1.1152, 2.7084, 17.3657, 13.0641, 8.2846, 15.2946, 7.8066, 4.9389, 12.2675, 7.01, 32.1823, 4.1423, 21.8266, 27.8807, 24.3757, 0, 0.7966, 3.3457, 3.027, 7.1693, 1.5932, 4.3016, 16.0912, 13.5421, 4.7796, 7.488, 0, 31.0671, 27.2434, 15.9318, 11.3116, 3.6643, 16.1501, 10.993, 7.9659, 7.8066, 8.4439, 9.5591, 0.9559, 0.9559, 0.3186, 7.1693, 9.2405, 3.027, 39.3516, 4.7796, 44.9278, 18.9589]
    ],
    [
      [9.6778, 0.7175, 8.0237, 0.9209, 16.066, 3.2538, 0.0252, 8.0066, 14.3552, 7.4263, 13.224, 0, 5.6, 4.1159, 28.5255, 5.4813, 4.2956, 38.0548, 28.111, 0, 0.5269, 8.228, 5.4375, 10.6095, 11.9596, 5.1295, 0, 11.9489, 10.0233, 0, 0.2931, 28.4912, 2.4378, 0, 12.9934, 8.1099, 7.9918, 2.2055, 0, 0, 4.5961, 6.1122, 1.4915, 0, 5.7228, 0, 2.8956, 6.0113, 0, 0, 76.8159, 0],
      [5.1571, 14.3269, 0, 0.4224, 6.6763, 8.0668, 12.4305, 0, 2.1757, 21.6134, 0, 8.6509, 0, 0, 7.1754, 0.6024, 0, 0, 9.3114, 0, 0, 12.1871, 22.8301, 19.5458, 12.5533, 4.1005, 27.1113, 60.6192, 10.9296, 43.4666, 0.0761, 0, 0, 11.8318, 0, 0.8397, 0, 6.4796, 12.0598, 31.5932, 20.4183, 0, 0.6034, 0.3723, 1.3606, 4.144, 68.0463, 0, 45.3642, 0, 0, 2.2933],
      [228.9469, 138.4174, 578.1695, 126.9498, 40.849, 84.4734, 270.7326, 193.6983, 224.4498, 370.9157, 169.7165, 68.3688, 240.589, 135.76, 689.5683, 80.4645, 392.2423, 483.0379, 404.9127, 4.5887, 20.768, 414.6084, 215.2842, 388.1034, 142.3214, 73.9535, 502.4802, 696.7246, 275.6216, 392.2317, 2.6308, 542.1187, 632.7163, 317.0788, 503.5457, 140.9715, 322.7598, 324.7867, 214.8475, 301.1043, 183.4616, 408.6819, 15.4148, 21.9347, 32.6127, 151.714, 691.0832, 292.0173, 926.7569, 204.0707, 947.9779, 286.3855],
      [15.2181, 2.5382, 62.8068, 4.7069, 2.4086, 7.2061, 11.8118, 15.2951, 34.0193, 42.0446, 20.0595, 4.9803, 19.811, 24.1241, 44.7308, 9.4517, 43.4622, 48.9073, 47.665, 0.4113, 2.7051, 33.9765, 17.4483, 47.7413, 19.1657, 3.8164, 43.4086, 61.7073, 19.4255, 21.3017, 0, 54.3902, 64.8459, 4.0894, 47.4609, 10.0789, 33.2484, 30.5283, 18.0926, 13.3025, 14.5241, 24.2059, 0.4903, 0.693, 5.304, 6.142, 34.9749, 34.9714, 57.8789, 14.9293, 103.2061, 4.3212]
    ],
    [
      [1.3263, 0.6374, 1.3674, 0.3496, 0.1748, 0.2056, 1.0795, 0.7403, 1.059, 1.9637, 0.5552, 0.3187, 1.573, 6.7919, 4.493, 0.4524, 2.4778, 19.4443, 2.1282, 0, 0.7976, 1.316, 1.3263, 1.6347, 0.987, 0.2056, 0, 4.4415, 1.1309, 0, 0.6588, 2.3544, 1.8918, 0, 1.7992, 0.3701, 7.7017, 0.7814, 0, 0, 1.789, 1.3777, 0.1439, 0, 0.1028, 0, 3.5676, 1.4805, 0.6705, 0, 5.5828, 1.1001],
      [120.7373, 58.0288, 114.9774, 31.8222, 15.9111, 18.719, 98.2746, 67.3883, 96.4027, 178.7661, 42.1321, 29.0144, 142.8223, 69.8527, 409.0094, 41.1817, 224.6113, 258.7472, 193.7413, 1.3505, 14.2694, 119.8014, 120.7373, 148.8158, 89.851, 18.719, 619.9722, 404.3296, 102.9543, 203.4394, 3.2744, 192.5458, 157.7908, 129.1609, 161.1043, 33.6941, 57.1332, 71.1321, 247.7314, 296.1699, 162.855, 120.9637, 13.1033, 11.2314, 9.3595, 73.9399, 324.774, 114.7734, 640.8731, 87.0798, 496.535, 100.1465],
      [3.7094, 1.7828, 13.3281, 0.9777, 0.4888, 0.5751, 3.0193, 2.0704, 2.9618, 5.4922, 1.5528, 0.8914, 4.7773, 2.3292, 12.5659, 1.2652, 6.93, 8.454, 5.9523, 0.0863, 0.4601, 3.6806, 3.7094, 4.572, 2.7605, 0.5751, 7.7336, 12.4222, 3.163, 6.1823, 1.0668, 6.5849, 19.7146, 5.387, 7.7187, 1.0352, 2.2429, 2.1854, 4.2686, 9.0003, 5.0034, 8.3065, 0.4026, 0.4684, 0.2875, 3.0839, 9.978, 21.3476, 19.4959, 8.4687, 15.614, 3.0768],
      [3.227, 1.551, 3.3271, 0.8505, 0.4253, 0.5003, 2.6266, 1.8011, 2.5766, 4.7779, 9.7599, 0.7755, 3.8274, 2.0262, 10.9317, 1.1007, 6.981, 7.3545, 5.1782, 1.5632, 0.4729, 3.202, 3.227, 3.9775, 2.4015, 0.5003, 0.2943, 10.8067, 2.7517, 5.3783, 0, 27.5148, 4.6028, 3.4521, 4.3777, 0.9006, 10.9222, 1.9012, 0, 7.8298, 4.3527, 3.3521, 0.3502, 0.3002, 0.2502, 1.9762, 8.6804, 6.3985, 16.9605, 2.4515, 25.2682, 2.6766]
    ],
    [
      [0.7932, 0.7478, 2.0396, 0.3853, 0.0453, 0.5212, 1.0651, 0.7478, 0.9971, 1.677, 1.2238, 0.2719, 0.9745, 0.7478, 2.8101, 0.2719, 1.541, 1.6543, 1.5863, 0, 0.0227, 1.3144, 1.1558, 1.881, 0.7478, 0.3399, 0, 3.5126, 0.9291, 0.0641, 0.0481, 2.6968, 2.9461, 1.3597, 2.5382, 0.3173, 1.4957, 1.405, 0.8385, 0, 1.4957, 1.677, 0.1813, 0.0453, 0.1133, 0.6345, 2.7648, 1.4277, 4.2831, 0, 4.9857, 0.9291],
      [22.7324, 21.4334, 58.4547, 11.0414, 1.299, 14.9384, 30.5263, 21.4334, 28.5779, 48.0628, 35.0728, 7.794, 27.9284, 21.4334, 80.5376, 7.794, 44.1658, 47.4133, 45.4648, 0.6495, 0.6495, 37.6708, 33.1243, 53.9082, 21.4334, 9.7425, 84.692, 100.672, 26.6294, 48.3314, 0.6495, 77.2901, 84.4346, 38.9698, 72.7436, 9.093, 42.8668, 40.2688, 24.0314, 54.4449, 42.8668, 48.0628, 5.196, 1.299, 3.2475, 18.1859, 79.2386, 40.9183, 122.7549, 21.4334, 142.8893, 26.6294],
      [10.5839, 9.9791, 27.2157, 5.1407, 0.6048, 6.9551, 14.2126, 9.9791, 13.3054, 22.3773, 16.3294, 3.6288, 13.003, 9.9791, 37.4972, 3.6288, 20.563, 22.0749, 21.1677, 0.3251, 0.3024, 17.539, 15.4222, 25.0989, 9.9791, 4.5359, 38.1019, 46.8714, 12.3983, 21.7725, 0.3024, 35.9852, 39.3115, 18.1438, 33.8684, 4.2335, 19.9582, 18.7486, 11.1887, 24.4941, 19.9582, 22.3773, 2.4192, 0.6048, 1.512, 8.4671, 36.8924, 19.051, 57.1529, 10.7269, 66.5272, 12.3983],
      [0.8906, 0.8397, 2.29, 0.4326, 0.0509, 0.5852, 1.1959, 0.8397, 1.1196, 1.8829, 1.374, 0.3053, 1.0941, 0.8397, 3.1551, 0.3053, 1.7302, 1.8575, 1.7811, 0.0254, 0.0254, 1.4758, 1.2977, 2.1119, 0.8397, 0.3817, 3.206, 3.9439, 1.0432, 1.832, 0, 3.0279, 3.3078, 1.5267, 2.8498, 0.3562, 1.6794, 1.5776, 0.9415, 2.061, 1.6794, 1.8829, 0.2036, 0.0509, 0.1272, 0.7125, 3.1043, 1.603, 4.8091, 0.8397, 5.5978, 1.0432]
    ]
  ],
  "V_est": [
    [1826.4856, 70.693, 1051.2805, 560.5409],
    [425.9124, 515.4351, 15513.6193, 1310.0332],
    [90.3505, 7561.7511, 279.2063, 238.6921],
    [62.2515, 1991.1208, 924.8939, 77.7337]
  ],
  "p_est": [
    [0.5205, 0.0201, 0.2996, 0.1597],
    [0.024, 0.029, 0.8733, 0.0737],
    [0.0111, 0.9256, 0.0342, 0.0292],
    [0.0204, 0.6515, 0.3026, 0.0254]
  ],
  "EI_Z": {},
  "EI_V": 12.1963,
  "MAE_Z": {},
  "MAE_V": 495.4744,
  "MAE_p": 0.0945,
  "runtime": 0.4798
}
