{
  "X": [
    [5, 9, 11, 0],
    [3, 5, 4, 0],
    [2, 4, 1, 1],
    [7, 11, 16, 0],
    [1, 4, 2, 0],
    [1, 2, 9, 0],
    [0, 3, 7, 0],
    [1, 8, 13, 1],
    [9, 18, 31, 4],
    [2, 15, 24, 3],
    [8, 7, 11, 3],
    [4, 5, 23, 1],
    [17, 20, 25, 0],
    [1, 5, 13, 0],
    [4, 8, 14, 0],
    [3, 1, 10, 0],
    [3, 8, 21, 0],
    [32, 38, 75, 5],
    [0, 2, 6, 1],
    [1, 1, 5, 0],
    [0, 1, 11, 0],
    [0, 2, 10, 3],
    [2, 2, 6, 0],
    [0, 4, 3, 0],
    [0, 4, 20, 1],
    [3, 5, 10, 2],
    [5, 15, 32, 0],
    [3, 7, 3, 1],
    [1, 2, 2, 1],
    [2, 3, 17, 0],
    [3, 5, 11, 0],
    [2, 1, 14, 1],
    [4, 10, 37, 1],
    [3, 25, 34, 1],
    [1, 11, 10, 0],
    [1, 5, 12, 2],
    [9, 24, 41, 2],
    [6, 13, 14, 1],
    [0, 7, 19, 0],
    [0, 1, 6, 0],
    [1, 4, 6, 0],
    [2, 4, 8, 0],
    [0, 4, 13, 0],
    [5, 20, 22, 2],
    [0, 4, 2, 0],
    [1, 5, 9, 1],
    [4, 0, 15, 3],
    [3, 10, 13, 1],
    [15, 20, 66, 3],
    [13, 15, 35, 2],
    [15, 12, 44, 1],
    [11, 4, 17, 0],
    [9, 20, 41, 3],
    [39, 37, 150, 5],
    [20, 13, 58, 3],
    [11, 8, 39, 1],
    [15, 21, 81, 1],
    [48, 22, 167, 4],
    [13, 23, 77, 4],
    [10, 10, 25, 0],
    [3, 7, 20, 2],
    [6, 9, 24, 0],
    [5, 7, 36, 2],
    [13, 14, 37, 3],
    [7, 16, 31, 2],
    [31, 22, 53, 1],
    [4, 8, 20, 0],
    [6, 21, 29, 0],
    [0, 4, 13, 0],
    [14, 19, 53, 3],
    [7, 2, 17, 0],
    [6, 7, 35, 1],
    [21, 29, 79, 4],
    [19, 28, 81, 1],
    [10, 13, 29, 1],
    [13, 14, 45, 4],
    [11, 15, 64, 4],
    [45, 44, 173, 13],
    [20, 30, 97, 6],
    [9, 8, 20, 1],
    [5, 15, 54, 1],
    [12, 14, 44, 4],
    [4, 20, 28, 1],
    [6, 17, 68, 2],
    [13, 13, 32, 1],
    [23, 31, 127, 11],
    [10, 8, 36, 2],
    [24, 18, 92, 2],
    [21, 29, 101, 4],
    [17, 30, 82, 3],
    [7, 10, 40, 2],
    [4, 10, 15, 0],
    [5, 7, 12, 1],
    [2, 9, 39, 4],
    [17, 13, 51, 1],
    [8, 12, 61, 0],
    [21, 35, 66, 8],
    [8, 8, 27, 4],
    [7, 13, 47, 1],
    [1, 6, 2, 0],
    [0, 4, 6, 0],
    [1, 16, 16, 2],
    [2, 5, 8, 3],
    [0, 2, 5, 0],
    [3, 5, 5, 1],
    [1, 3, 4, 0],
    [2, 8, 4, 0],
    [4, 9, 5, 0],
    [1, 8, 3, 1],
    [2, 6, 3, 0],
    [1, 2, 4, 1],
    [5, 10, 14, 0],
    [1, 1, 7, 0],
    [6, 10, 14, 0],
    [1, 5, 13, 1],
    [4, 17, 21, 4],
    [11, 29, 44, 5],
    [33, 52, 155, 20],
    [9, 15, 25, 0],
    [4, 18, 26, 2],
    [2, 3, 5, 0],
    [2, 10, 11, 0],
    [2, 7, 8, 1],
    [2, 2, 6, 0],
    [6, 14, 29, 3],
    [7, 13, 20, 3],
    [2, 5, 12, 1],
    [4, 17, 44, 7],
    [1, 8, 6, 0],
    [2, 1, 6, 0],
    [7, 11, 15, 1],
    [1, 5, 13, 4],
    [4, 7, 12, 1],
    [4, 16, 36, 2],
    [1, 8, 1, 1],
    [0, 4, 5, 1],
    [3, 8, 7, 0],
    [21, 32, 73, 1],
    [3, 3, 6, 1],
    [2, 15, 10, 0],
    [26, 14, 43, 2],
    [23, 40, 100, 6],
    [35, 52, 146, 4],
    [8, 17, 22, 1],
    [15, 17, 56, 3],
    [12, 15, 39, 5],
    [7, 14, 38, 3],
    [4, 9, 25, 0],
    [17, 17, 60, 3],
    [14, 31, 71, 0],
    [19, 50, 71, 4],
    [12, 8, 53, 1],
    [16, 23, 81, 5],
    [8, 17, 31, 2],
    [14, 15, 25, 5],
    [21, 25, 84, 4],
    [3, 4, 7, 0],
    [8, 7, 26, 0],
    [27, 11, 42, 2],
    [18, 44, 60, 7],
    [0, 1, 6, 0],
    [3, 3, 2, 0],
    [0, 5, 9, 1],
    [4, 6, 12, 2],
    [64, 24, 64, 3],
    [1, 3, 10, 1],
    [1, 4, 5, 2],
    [0, 3, 4, 0],
    [1, 1, 10, 2],
    [5, 22, 34, 5],
    [18, 29, 27, 2],
    [9, 11, 26, 3],
    [4, 19, 16, 1],
    [9, 16, 26, 4],
    [3, 9, 9, 1],
    [0, 3, 5, 0],
    [0, 6, 7, 0],
    [2, 5, 8, 0],
    [0, 0, 5, 1],
    [7, 8, 51, 2],
    [3, 3, 4, 3],
    [1, 5, 20, 2],
    [1, 9, 2, 0],
    [2, 11, 9, 0],
    [0, 7, 16, 3],
    [0, 5, 5, 1],
    [5, 22, 28, 3],
    [3, 11, 15, 1],
    [1, 5, 3, 0],
    [0, 2, 5, 0],
    [3, 4, 16, 2],
    [1, 3, 6, 1],
    [13, 21, 68, 0],
    [4, 7, 28, 0],
    [12, 8, 88, 2],
    [21, 23, 195, 12],
    [1, 7, 23, 0],
    [6, 8, 29, 1],
    [1, 0, 3, 2],
    [1, 7, 6, 1],
    [2, 12, 6, 0],
    [4, 7, 9, 0],
    [2, 8, 18, 4],
    [3, 24, 38, 9],
    [8, 9, 30, 3],
    [1, 2, 6, 1],
    [5, 2, 31, 4],
    [9, 11, 36, 3],
    [11, 9, 42, 5],
    [5, 11, 24, 0],
    [1, 7, 9, 0],
    [0, 2, 4, 1],
    [2, 2, 11, 0],
    [20, 37, 167, 6],
    [38, 29, 209, 7],
    [26, 16, 125, 8],
    [0, 1, 4, 1],
    [2, 5, 3, 1],
    [0, 2, 10, 0],
    [2, 3, 8, 0],
    [0, 7, 23, 3],
    [7, 5, 19, 3],
    [1, 8, 10, 0],
    [1, 2, 10, 0],
    [0, 1, 3, 2],
    [4, 5, 9, 0],
    [1, 2, 4, 0],
    [3, 8, 10, 3],
    [3, 6, 40, 0],
    [4, 10, 16, 1],
    [2, 11, 48, 6],
    [4, 12, 26, 4],
    [3, 4, 4, 1],
    [10, 12, 58, 4],
    [14, 26, 99, 5],
    [3, 4, 1, 0],
    [23, 22, 70, 8],
    [5, 0, 7, 1],
    [3, 2, 2, 1],
    [0, 5, 1, 1],
    [1, 4, 5, 0],
    [11, 52, 68, 11],
    [858, 1061, 3042, 162],
    [161, 171, 510, 31],
    [289, 415, 1028, 82],
    [31, 40, 95, 3]
  ],
  "W": [
    [8, 1, 4, 0, 4, 8, 0],
    [4, 2, 3, 2, 1, 0, 0],
    [1, 2, 1, 1, 2, 0, 1],
    [11, 2, 8, 2, 1, 6, 4],
    [0, 0, 2, 0, 1, 4, 0],
    [1, 1, 5, 0, 1, 3, 1],
    [4, 0, 4, 1, 0, 1, 0],
    [1, 0, 10, 2, 3, 6, 1],
    [8, 7, 19, 9, 7, 9, 3],
    [1, 1, 20, 6, 10, 6, 0],
    [3, 6, 7, 5, 2, 5, 1],
    [1, 2, 18, 4, 0, 6, 2],
    [9, 10, 13, 18, 2, 9, 1],
    [3, 1, 8, 3, 2, 2, 0],
    [2, 2, 9, 3, 4, 6, 0],
    [2, 0, 7, 2, 1, 2, 0],
    [5, 2, 11, 5, 2, 6, 1],
    [14, 17, 66, 14, 10, 21, 8],
    [3, 0, 2, 2, 1, 0, 1],
    [0, 3, 3, 0, 0, 1, 0],
    [1, 0, 8, 0, 2, 0, 1],
    [5, 0, 4, 1, 1, 3, 1],
    [0, 0, 3, 0, 3, 3, 1],
    [1, 0, 1, 3, 1, 1, 0],
    [2, 0, 17, 1, 3, 0, 2],
    [0, 2, 9, 3, 2, 2, 2],
    [4, 1, 28, 8, 4, 5, 2],
    [4, 1, 1, 4, 1, 2, 1],
    [3, 0, 2, 0, 0, 1, 0],
    [4, 2, 10, 1, 2, 2, 1],
    [2, 0, 8, 1, 5, 3, 0],
    [4, 1, 5, 0, 3, 4, 1],
    [6, 4, 23, 4, 6, 9, 0],
    [5, 2, 25, 13, 8, 9, 1],
    [3, 1, 6, 5, 1, 5, 1],
    [1, 0, 8, 1, 3, 6, 1],
    [3, 7, 38, 5, 5, 14, 4],
    [3, 6, 7, 2, 6, 7, 3],
    [1, 2, 9, 4, 4, 6, 0],
    [0, 0, 6, 0, 1, 0, 0],
    [3, 0, 3, 2, 1, 1, 1],
    [0, 0, 8, 1, 1, 3, 1],
    [0, 0, 9, 1, 4, 2, 1],
    [16, 1, 8, 5, 8, 11, 0],
    [0, 0, 1, 1, 3, 1, 0],
    [1, 1, 6, 0, 4, 3, 1],
    [3, 1, 5, 0, 2, 8, 3],
    [1, 1, 5, 2, 8, 9, 1],
    [10, 5, 46, 23, 6, 12, 2],
    [12, 2, 18, 8, 8, 14, 3],
    [9, 9, 34, 8, 4, 4, 4],
    [6, 2, 12, 3, 4, 4, 1],
    [10, 6, 31, 10, 6, 5, 5],
    [21, 20, 128, 30, 6, 16, 10],
    [4, 12, 53, 9, 4, 3, 9],
    [7, 4, 32, 3, 2, 11, 0],
    [6, 6, 90, 8, 3, 4, 1],
    [16, 20, 143, 18, 7, 21, 16],
    [8, 9, 61, 14, 6, 15, 4],
    [11, 4, 17, 3, 3, 5, 2],
    [5, 0, 9, 6, 9, 3, 0],
    [3, 1, 14, 8, 5, 8, 0],
    [8, 3, 29, 3, 3, 1, 3],
    [6, 7, 24, 7, 6, 10, 7],
    [14, 2, 21, 9, 4, 6, 0],
    [17, 12, 46, 15, 7, 8, 2],
    [0, 3, 13, 5, 3, 5, 3],
    [3, 2, 21, 6, 14, 10, 0],
    [4, 1, 4, 1, 2, 4, 1],
    [9, 7, 35, 16, 7, 13, 2],
    [8, 2, 11, 1, 3, 0, 1],
    [1, 3, 25, 8, 2, 7, 3],
    [12, 7, 64, 21, 12, 13, 4],
    [12, 8, 65, 14, 13, 12, 5],
    [7, 3, 23, 7, 5, 4, 4],
    [8, 9, 35, 10, 2, 7, 5],
    [9, 9, 47, 13, 4, 11, 1],
    [18, 23, 152, 21, 14, 34, 13],
    [13, 6, 78, 13, 6, 26, 11],
    [3, 6, 12, 7, 0, 7, 3],
    [7, 2, 40, 10, 4, 10, 2],
    [8, 2, 40, 8, 5, 6, 5],
    [3, 2, 18, 12, 5, 8, 5],
    [11, 3, 47, 8, 3, 15, 6],
    [7, 1, 30, 9, 4, 5, 3],
    [12, 9, 117, 23, 4, 23, 4],
    [10, 6, 27, 2, 3, 4, 4],
    [7, 6, 97, 9, 2, 13, 2],
    [19, 5, 92, 15, 5, 13, 6],
    [9, 11, 69, 15, 12, 11, 5],
    [7, 1, 26, 7, 2, 14, 2],
    [1, 1, 7, 6, 5, 8, 1],
    [5, 0, 9, 4, 7, 0, 0],
    [5, 2, 29, 4, 1, 8, 5],
    [8, 7, 43, 8, 4, 9, 3],
    [12, 4, 39, 7, 7, 10, 2],
    [8, 5, 29, 25, 13, 41, 9],
    [6, 3, 25, 3, 2, 5, 3],
    [7, 5, 32, 14, 5, 4, 1],
    [0, 0, 2, 2, 5, 0, 0],
    [1, 0, 3, 1, 1, 4, 0],
    [5, 1, 7, 4, 11, 4, 3],
    [0, 4, 3, 1, 4, 5, 1],
    [1, 0, 2, 0, 2, 2, 0],
    [4, 0, 5, 1, 1, 3, 0],
    [0, 0, 2, 2, 1, 2, 1],
    [2, 1, 2, 3, 3, 3, 0],
    [1, 3, 1, 7, 3, 2, 1],
    [0, 1, 7, 2, 1, 1, 1],
    [0, 1, 2, 1, 2, 5, 0],
    [1, 0, 4, 1, 0, 2, 0],
    [10, 2, 7, 3, 4, 2, 1],
    [1, 0, 2, 0, 0, 5, 1],
    [3, 2, 14, 3, 2, 4, 2],
    [3, 1, 7, 2, 2, 4, 1],
    [2, 2, 18, 4, 9, 7, 4],
    [9, 6, 28, 12, 13, 16, 5],
    [13, 22, 135, 34, 7, 38, 11],
    [8, 3, 19, 1, 6, 12, 0],
    [5, 1, 22, 2, 8, 9, 3],
    [0, 2, 1, 1, 1, 5, 0],
    [3, 1, 6, 4, 7, 1, 1],
    [1, 1, 3, 2, 5, 3, 3],
    [0, 2, 3, 1, 2, 1, 1],
    [2, 3, 20, 10, 6, 11, 0],
    [2, 2, 20, 4, 3, 12, 0],
    [0, 1, 8, 3, 2, 3, 3],
    [11, 2, 17, 7, 8, 24, 3],
    [1, 1, 3, 0, 8, 2, 0],
    [0, 1, 3, 1, 0, 4, 0],
    [1, 5, 14, 5, 3, 5, 1],
    [0, 1, 12, 3, 2, 3, 2],
    [1, 3, 9, 4, 3, 4, 0],
    [3, 2, 21, 4, 13, 12, 3],
    [0, 0, 0, 5, 5, 1, 0],
    [0, 0, 3, 0, 3, 2, 2],
    [1, 2, 5, 2, 3, 4, 1],
    [9, 6, 68, 13, 11, 14, 6],
    [3, 0, 5, 0, 0, 3, 2],
    [3, 2, 3, 3, 10, 5, 1],
    [5, 18, 42, 6, 0, 11, 3],
    [10, 11, 88, 16, 14, 23, 7],
    [13, 15, 127, 29, 12, 32, 9],
    [5, 6, 19, 9, 5, 4, 0],
    [10, 8, 33, 10, 5, 20, 5],
    [8, 2, 34, 6, 5, 10, 6],
    [6, 4, 28, 6, 4, 13, 1],
    [4, 2, 16, 4, 5, 5, 2],
    [6, 10, 49, 4, 7, 19, 2],
    [14, 7, 54, 7, 10, 21, 3],
    [16, 9, 56, 21, 12, 27, 3],
    [3, 7, 38, 7, 4, 12, 3],
    [2, 10, 72, 10, 7, 21, 3],
    [9, 5, 15, 11, 7, 8, 3],
    [6, 6, 24, 9, 3, 8, 3],
    [5, 11, 75, 8, 9, 18, 8],
    [1, 0, 5, 2, 3, 2, 1],
    [5, 0, 16, 7, 7, 4, 2],
    [9, 11, 26, 16, 4, 13, 3],
    [10, 12, 47, 19, 12, 23, 6],
    [0, 0, 5, 0, 0, 2, 0],
    [2, 1, 1, 0, 4, 0, 0],
    [3, 0, 5, 1, 3, 2, 1],
    [4, 0, 7, 4, 1, 7, 1],
    [40, 15, 52, 17, 10, 14, 7],
    [1, 1, 7, 2, 2, 1, 1],
    [1, 0, 2, 0, 5, 2, 2],
    [0, 0, 4, 2, 1, 0, 0],
    [1, 1, 5, 2, 0, 2, 3],
    [3, 3, 18, 13, 7, 17, 5],
    [6, 12, 21, 19, 6, 10, 2],
    [7, 4, 22, 2, 3, 6, 5],
    [0, 4, 15, 8, 5, 8, 0],
    [7, 3, 18, 11, 7, 4, 5],
    [2, 2, 8, 1, 6, 3, 0],
    [1, 0, 2, 1, 1, 2, 1],
    [2, 0, 5, 3, 0, 3, 0],
    [1, 0, 5, 0, 1, 6, 2],
    [0, 0, 4, 0, 1, 1, 0],
    [3, 3, 39, 5, 4, 10, 4],
    [2, 2, 3, 0, 2, 4, 0],
    [2, 0, 12, 3, 7, 2, 2],
    [3, 0, 2, 0, 6, 1, 0],
    [2, 0, 4, 3, 6, 7, 0],
    [4, 1, 12, 3, 3, 3, 0],
    [1, 1, 4, 1, 3, 0, 1],
    [4, 4, 20, 6, 3, 18, 3],
    [6, 0, 13, 3, 3, 4, 1],
    [1, 0, 4, 0, 2, 2, 0],
    [0, 0, 2, 0, 4, 1, 0],
    [4, 1, 10, 5, 0, 1, 4],
    [3, 0, 3, 1, 1, 2, 1],
    [4, 8, 57, 9, 2, 19, 3],
    [4, 1, 19, 5, 2, 8, 0],
    [6, 4, 78, 6, 2, 9, 5],
    [18, 13, 157, 30, 4, 19, 10],
    [2, 0, 19, 0, 2, 7, 1],
    [2, 2, 20, 8, 1, 10, 1],
    [0, 1, 3, 0, 1, 0, 1],
    [6, 0, 3, 1, 4, 1, 0],
    [2, 0, 2, 4, 6, 5, 1],
    [1, 2, 7, 1, 6, 2, 1],
    [2, 2, 19, 3, 3, 2, 1],
    [3, 2, 33, 11, 10, 11, 4],
    [3, 0, 24, 2, 9, 7, 5],
    [0, 1, 4, 1, 0, 4, 0],
    [0, 7, 21, 7, 1, 4, 2],
    [6, 8, 19, 5, 3, 15, 3],
    [5, 7, 32, 7, 0, 12, 4],
    [5, 4, 15, 2, 3, 9, 2],
    [2, 0, 6, 3, 4, 2, 0],
    [0, 0, 2, 1, 2, 2, 0],
    [3, 2, 9, 0, 0, 0, 1],
    [13, 15, 137, 22, 9, 24, 10],
    [21, 22, 186, 21, 7, 16, 10],
    [8, 13, 100, 11, 9, 27, 7],
    [0, 0, 2, 0, 2, 2, 0],
    [2, 1, 4, 1, 2, 1, 0],
    [0, 0, 6, 0, 0, 5, 1],
    [0, 1, 8, 1, 1, 1, 1],
    [2, 0, 16, 6, 5, 4, 0],
    [2, 4, 13, 4, 2, 6, 3],
    [1, 1, 8, 2, 4, 1, 2],
    [3, 0, 8, 1, 0, 1, 0],
    [0, 0, 0, 0, 3, 2, 1],
    [0, 2, 4, 4, 2, 6, 0],
    [0, 0, 0, 0, 3, 4, 0],
    [1, 1, 4, 5, 9, 3, 1],
    [1, 2, 28, 6, 1, 8, 3],
    [2, 2, 12, 7, 3, 4, 1],
    [5, 3, 22, 6, 10, 18, 3],
    [1, 2, 20, 5, 5, 11, 2],
    [2, 0, 1, 3, 2, 3, 1],
    [4, 3, 45, 12, 2, 11, 7],
    [13, 3, 71, 11, 5, 35, 6],
    [1, 0, 2, 0, 3, 1, 1],
    [3, 13, 75, 20, 3, 6, 3],
    [0, 3, 4, 3, 1, 1, 1],
    [1, 1, 0, 0, 1, 5, 0],
    [0, 0, 1, 1, 1, 4, 0],
    [0, 0, 1, 2, 2, 2, 3],
    [22, 6, 37, 14, 30, 27, 6],
    [511, 500, 2296, 679, 325, 621, 191],
    [88, 100, 443, 101, 37, 69, 35],
    [203, 165, 831, 198, 132, 216, 69],
    [28, 18, 68, 28, 8, 15, 4]
  ],
  "method": "mvn_pdf",
  "cond_prob": [
    [
      [0.39615327379, 0.26466279907, 0.33514174668, 0.0040421804614],
      [0.83172809339, 0.035752716375, 0.12531876299, 0.0072004272457],
      [0.088707311579, 0.059539036361, 0.84652890492, 0.0052247471386],
      [0.16430809326, 0.55161264488, 0.27930350418, 0.0047757576732],
      [0.021133499622, 0.81453499893, 0.15170609266, 0.012625408787],
      [0.057278381978, 0.40528709417, 0.52167264878, 0.015761875074],
      [0.23844983036, 0.11739535624, 0.60586885063, 0.038285962762]
    ],
    [
      [0.22670689475, 0.53408352617, 0.23782410123, 0.0013854778456],
      [0.77104158743, 0.094046795221, 0.13153418062, 0.0033774367281],
      [0.063406869194, 0.12907031527, 0.80538633794, 0.002136477599],
      [0.060560916167, 0.81393039779, 0.12448759323, 0.0010210928156],
      [0.005989111388, 0.94247732222, 0.050081350964, 0.0014522154266],
      [0.026396421551, 0.67902528254, 0.29134862387, 0.0032296720403],
      [0.17201893019, 0.26514243778, 0.55483109852, 0.0080075335126]
    ],
    [
      [0.16994937935, 0.6739144794, 0.13318768162, 0.022948459635],
      [0.75024528585, 0.10340609778, 0.077427988293, 0.068920628071],
      [0.065165105844, 0.19492922201, 0.69079149776, 0.049114174379],
      [0.030686974586, 0.90647817789, 0.049791564905, 0.013043282618],
      [0.0029871813186, 0.95375887357, 0.019132813859, 0.024121131252],
      [0.016057139446, 0.78226865826, 0.13102021138, 0.070653990908],
      [0.097186065111, 0.23171182592, 0.22226695582, 0.44883515315]
    ],
    [
      [0.29572804853, 0.39084713023, 0.30901029589, 0.0044145253611],
      [0.76724466532, 0.068805204509, 0.15333525745, 0.010614872726],
      [0.074885804477, 0.093096353853, 0.82586765982, 0.0061501818457],
      [0.10577224144, 0.6765290683, 0.21341217249, 0.004286517767],
      [0.012368507588, 0.87481835172, 0.10287210823, 0.0099410324644],
      [0.03990807836, 0.52560295547, 0.41933623861, 0.015152727556],
      [0.19249691769, 0.18004155765, 0.58206495374, 0.045396570917]
    ],
    [
      [0.94249549679, 0.042892504992, 0.014461551543, 0.00015044667354],
      [0.99973670381, 0.00013885707033, 0.00012189836782, 2.5407474001e-06],
      [0.20656828997, 0.15314531658, 0.63740522936, 0.0028811640897],
      [0.15635939058, 0.76892557493, 0.073637658495, 0.0010773759991],
      [0.0092725938727, 0.96134871198, 0.027846309179, 0.0015323849658],
      [0.055797072498, 0.75424823004, 0.18597948038, 0.0039752170822],
      [0.64416806784, 0.15120358555, 0.20017355184, 0.0044547947744]
    ],
    [
      [0.14511588707, 0.1973690506, 0.65423358541, 0.003281476917],
      [0.60676172796, 0.037282890003, 0.34739758261, 0.0085577994268],
      [0.018650611991, 0.023643325769, 0.95538759151, 0.0023184707315],
      [0.057886420552, 0.4285657918, 0.50987677133, 0.0036710163127],
      [0.0077521151356, 0.71334222105, 0.26967863112, 0.0092270326916],
      [0.016092205124, 0.22068850156, 0.75457369008, 0.0086456032386],
      [0.062319582657, 0.059666858911, 0.86008743894, 0.017926119493]
    ],
    [
      [0.080190948731, 0.38235467931, 0.53649561903, 0.00095875292992],
      [0.45574491481, 0.1038513845, 0.43701703915, 0.0033866615355],
      [0.013112803944, 0.048556879638, 0.93755921347, 0.00077110294679],
      [0.026603399907, 0.65778909017, 0.31482172503, 0.00078578488824],
      [0.0031321410062, 0.85951102686, 0.13635519196, 0.0010016401742],
      [0.0094742657742, 0.40708792478, 0.58194913058, 0.0014886788642],
      [0.042154685994, 0.12448187326, 0.8322228505, 0.0011405902463]
    ],
    [
      [0.17939372385, 0.41962329457, 0.38772580401, 0.013257177578],
      [0.65724702422, 0.083471984234, 0.22188037575, 0.037400615792],
      [0.036755307401, 0.080670605483, 0.86740196643, 0.01517212069],
      [0.056991174321, 0.68574101872, 0.24527964103, 0.011988165931],
      [0.0064179618091, 0.85386353597, 0.11235892856, 0.027359573661],
      [0.020286040258, 0.48677382613, 0.45219093785, 0.040749195765],
      [0.095970789787, 0.16015191381, 0.61519257939, 0.12868471701]
    ],
    [
      [0.24701848302, 0.31094971768, 0.41228259709, 0.029749202206],
      [0.64961419386, 0.058770980223, 0.21488527828, 0.076729547635],
      [0.050417190692, 0.060045471437, 0.85687183249, 0.032665505383],
      [0.096543842978, 0.56500552592, 0.30720833676, 0.031242294343],
      [0.011945620915, 0.75278231276, 0.15590789782, 0.079364168508],
      [0.030687338736, 0.37159674087, 0.50207663555, 0.095639284846],
      [0.11478083334, 0.1036223867, 0.54420696528, 0.23738981468]
    ],
    [
      [0.18953760715, 0.34299396181, 0.42845596953, 0.03901246151],
      [0.5811184398, 0.069260862996, 0.24041380803, 0.10920688918],
      [0.036492912616, 0.062744054107, 0.859834204, 0.040928829273],
      [0.068567381023, 0.5929069694, 0.29968163084, 0.038844018738],
      [0.0080308734389, 0.75293287409, 0.1437830533, 0.095253199179],
      [0.021329869599, 0.37908508128, 0.48119790015, 0.11838714898],
      [0.078672852987, 0.10365681503, 0.51546146278, 0.30220886919]
    ],
    [
      [0.40876639177, 0.23134932002, 0.3004159742, 0.059468313999],
      [0.75922502814, 0.029170083155, 0.10507969234, 0.10652519637],
      [0.095572282761, 0.053271812181, 0.77238050521, 0.078775399848],
      [0.17632917424, 0.49531885215, 0.25665547944, 0.071696494163],
      [0.020943136743, 0.66313006606, 0.12760437234, 0.18832242486],
      [0.053307311709, 0.31117418925, 0.40929974485, 0.22621875419],
      [0.14980659588, 0.062194229144, 0.32242626687, 0.46557290811]
    ],
    [
      [0.30227375232, 0.22842605523, 0.45826564466, 0.01103454779],
      [0.73654607525, 0.036349292914, 0.20297182001, 0.024132811821],
      [0.054511889221, 0.04022516809, 0.89403161852, 0.011231324171],
      [0.12766801362, 0.47838167093, 0.38102721989, 0.012923095562],
      [0.017123512309, 0.73360731967, 0.21318423834, 0.036084929681],
      [0.039296994662, 0.30363744019, 0.61842381828, 0.038641746866],
      [0.15038850851, 0.082791281876, 0.67218263537, 0.094637574252]
    ],
    [
      [0.39102132957, 0.28673768787, 0.31701271015, 0.00522827241],
      [0.81444601549, 0.043331661313, 0.13167746326, 0.01054485993],
      [0.098811928572, 0.069387779788, 0.82464334866, 0.00715694298],
      [0.16636423043, 0.56886501981, 0.2587876531, 0.0059830966573],
      [0.022080607587, 0.8200508568, 0.14188646298, 0.015982072628],
      [0.060476982846, 0.43219454801, 0.48683262167, 0.020495847475],
      [0.24647222823, 0.13011110434, 0.57104850133, 0.052368166091]
    ],
    [
      [0.12882460377, 0.26279704509, 0.6050449615, 0.00333338964],
      [0.5243977816, 0.06263187305, 0.40210282843, 0.010867516918],
      [0.018845966205, 0.034950301567, 0.94362019056, 0.0025835416672],
      [0.050219264395, 0.50178985468, 0.44448956179, 0.0035013191336],
      [0.0066939913103, 0.74990349935, 0.23466708669, 0.008735422648],
      [0.014797520669, 0.2894367447, 0.68692799766, 0.0088377369734],
      [0.060421481355, 0.085526059062, 0.83371165787, 0.020340801709]
    ],
    [
      [0.3577816046, 0.24973569363, 0.38828012171, 0.0042025800692],
      [0.80824162188, 0.034658309167, 0.14934518219, 0.0077548867634],
      [0.070404687688, 0.050045001457, 0.8747276765, 0.0048226343518],
      [0.146800116, 0.52453476169, 0.3237015645, 0.0049635578068],
      [0.018975895823, 0.79033990759, 0.17741092833, 0.013273268254],
      [0.048273159166, 0.36313937853, 0.57314332631, 0.015444135999],
      [0.20026504098, 0.10379780099, 0.65894299798, 0.036994160043]
    ],
    [
      [0.62174022537, 0.052523721593, 0.32454238797, 0.0011936650676],
      [0.92352522895, 0.0046141684222, 0.070787296114, 0.0010733065183],
      [0.11096351697, 0.012881797967, 0.87455377253, 0.0016009125357],
      [0.36457348062, 0.18453199687, 0.44853880405, 0.002355718459],
      [0.069032327926, 0.51979031994, 0.40090347428, 0.010273877856],
      [0.1013322468, 0.1198000991, 0.77263306341, 0.0062345906929],
      [0.33541433721, 0.025774457076, 0.63183908808, 0.0069721176338]
    ],
    [
      [0.18685382402, 0.25628001837, 0.55195021973, 0.0049159378851],
      [0.60327641819, 0.055104082317, 0.32729503856, 0.014324460933],
      [0.029986160462, 0.03887457966, 0.92686307022, 0.0042761896585],
      [0.07552572175, 0.49277677244, 0.42633178554, 0.0053657202706],
      [0.010261171033, 0.73919297655, 0.23603237549, 0.01451347693],
      [0.022505882101, 0.30022914321, 0.66248149723, 0.01478347746],
      [0.091439576061, 0.08942783831, 0.78212429737, 0.037008288265]
    ],
    [
      [0.39165979616, 0.31376858656, 0.281383814, 0.013187803275],
      [0.80591016766, 0.048224347766, 0.11882631202, 0.027039172547],
      [0.10957475406, 0.083261764001, 0.78744832893, 0.019715153008],
      [0.16333062863, 0.59895923924, 0.22304796497, 0.014662167156],
      [0.020999154916, 0.82296203609, 0.11799046817, 0.038048340826],
      [0.060676613033, 0.46425771547, 0.42355561208, 0.051510059415],
      [0.24158812675, 0.13887880161, 0.48845187573, 0.13108119592]
    ],
    [
      [0.077918877211, 0.15775617788, 0.7293536462, 0.034971298713],
      [0.34701953076, 0.039078479236, 0.47304936578, 0.14085262422],
      [0.0095591819453, 0.01668629451, 0.95190264665, 0.0218518769],
      [0.035384470528, 0.34298946538, 0.58022850906, 0.041397555032],
      [0.0051278968747, 0.54537496158, 0.30924629803, 0.14025084351],
      [0.0084622282134, 0.14591635578, 0.73539249347, 0.11022892254],
      [0.021234313227, 0.031162267021, 0.58683823736, 0.36076518239]
    ],
    [
      [0.029754006475, 0.3670339227, 0.60265911936, 0.00055295146482],
      [0.3115684474, 0.08077434048, 0.6046515264, 0.0030056857185],
      [0.0055326617941, 0.024435513733, 0.96965452318, 0.0003773012907],
      [0.0072732127231, 0.77749336862, 0.21493070087, 0.00030271778718],
      [0.00070794809235, 0.93624641968, 0.062862545012, 0.00018308721275],
      [0.0047491724083, 0.35665104961, 0.63785964, 0.00074013798679],
      [0.016997860966, 0.071064130507, 0.91158105935, 0.00035694917981]
    ],
    [
      [0.086698179027, 0.071303299439, 0.83965250707, 0.0023460144622],
      [0.44891086568, 0.017864255603, 0.52608313236, 0.0071417463644],
      [0.0092268271071, 0.007380715871, 0.98207171594, 0.0013207410778],
      [0.043227685188, 0.1810698981, 0.7725450859, 0.0031573308079],
      [0.0076880307148, 0.45252786483, 0.52893900385, 0.010845100608],
      [0.0094746060905, 0.069127831124, 0.91586054952, 0.0055370132627],
      [0.031408813931, 0.019303172826, 0.94043967016, 0.008848343085]
    ],
    [
      [0.062770529061, 0.10309833511, 0.44138079067, 0.39275034516],
      [0.11013353016, 0.011680605503, 0.13442677258, 0.74375909176],
      [0.0091809451085, 0.013735524014, 0.66945801803, 0.30762551285],
      [0.02596996762, 0.2005042886, 0.33578441693, 0.43774132685],
      [0.0017087551374, 0.14076126053, 0.086399481348, 0.77113050299],
      [0.0033124888734, 0.049049988178, 0.22243327905, 0.72520424389],
      [0.0029477188833, 0.003638809306, 0.061166484664, 0.93224698715]
    ],
    [
      [0.96683347159, 0.0045796277438, 0.028421701475, 0.00016519919477],
      [0.99740198832, 0.00017231207125, 0.0023718932424, 5.3806364747e-05],
      [0.31891683869, 0.011058588981, 0.66823172355, 0.0017928487756],
      [0.76320070468, 0.070949390084, 0.16456490285, 0.0012850023787],
      [0.16940637285, 0.50023308426, 0.31766520494, 0.012695337949],
      [0.27657921809, 0.10609410954, 0.6097638363, 0.0075628360737],
      [0.76337754884, 0.010153315904, 0.22207857644, 0.0043905588161]
    ],
    [
      [0.06053615549, 0.46656299552, 0.4719798716, 0.00092097739039],
      [0.52508656036, 0.1222108843, 0.35006229926, 0.0026402560825],
      [0.011288739963, 0.062652956477, 0.92531690649, 0.00074139707202],
      [0.019283742483, 0.73131462515, 0.24868778695, 0.00071384541474],
      [0.002383204493, 0.89529329623, 0.10149424972, 0.00082924955841],
      [0.0078350839628, 0.48940103956, 0.50148250223, 0.0012813742487],
      [0.035270265141, 0.16398560839, 0.80016917574, 0.00057495072604]
    ],
    [
      [0.11524645134, 0.2516507372, 0.61816507575, 0.014937735703],
      [0.46518051519, 0.059934148026, 0.42300345551, 0.051881881273],
      [0.016973188397, 0.032580930056, 0.93881514329, 0.011630738258],
      [0.044892094437, 0.48581478167, 0.45359413905, 0.015698984846],
      [0.0058993958671, 0.71548763318, 0.2368104177, 0.041802553251],
      [0.013020378599, 0.26715569601, 0.67678244557, 0.043041479822],
      [0.049162104138, 0.073759976151, 0.76348529952, 0.11359262019]
    ],
    [
      [0.31499024313, 0.31122833095, 0.33332532126, 0.040456104665],
      [0.7444361249, 0.042382280379, 0.13132069858, 0.081860896139],
      [0.066665108614, 0.064382657505, 0.81868115056, 0.050271083319],
      [0.11218832485, 0.6028894657, 0.24297321015, 0.041948999305],
      [0.012349252947, 0.77372065954, 0.1121716656, 0.10175842192],
      [0.036689213449, 0.3967412959, 0.42297713369, 0.14359235696],
      [0.12749666628, 0.092165901064, 0.4101283728, 0.37020905986]
    ],
    [
      [0.25917897006, 0.37215028958, 0.36347303796, 0.0051977023959],
      [0.7221898072, 0.070877080656, 0.19353903611, 0.013394076035],
      [0.058738885684, 0.079813666184, 0.85501670686, 0.006430741277],
      [0.094246156756, 0.64569299146, 0.2549251554, 0.0051356963838],
      [0.011330721519, 0.85005007106, 0.12627581472, 0.012343392699],
      [0.033728448489, 0.4770396506, 0.47200774753, 0.017224153381],
      [0.15712103567, 0.16060687316, 0.63227306255, 0.049999028626]
    ],
    [
      [0.30170859484, 0.46008541514, 0.22152532585, 0.016680664172],
      [0.79419366545, 0.070025125098, 0.098326069001, 0.037455140449],
      [0.086332404291, 0.12615240822, 0.75930910594, 0.028206081552],
      [0.092310605307, 0.75565661615, 0.1373251085, 0.014707670046],
      [0.0096843531175, 0.8979871116, 0.060040007123, 0.032288528162],
      [0.036770585671, 0.61002921745, 0.29208098974, 0.061119207132],
      [0.17730916097, 0.1939716534, 0.39604263433, 0.2326765513]
    ],
    [
      [0.18915366273, 0.44267874671, 0.18691141804, 0.18125617252],
      [0.4258729118, 0.042007877705, 0.061791968617, 0.47032724188],
      [0.042952045621, 0.081901599825, 0.5936172488, 0.28152910575],
      [0.043746681878, 0.73592541696, 0.088838182622, 0.13148971854],
      [0.003539359685, 0.55732306898, 0.029006645687, 0.41013092564],
      [0.0067095371763, 0.17310651335, 0.069786909809, 0.75039703966],
      [2.9836376286e-08, 9.0823406086e-08, 1.0095295499e-07, 0.99999977839]
    ],
    [
      [0.15291540062, 0.15373147533, 0.68953112413, 0.0038219999161],
      [0.53562719328, 0.034304272938, 0.41853627725, 0.011532256536],
      [0.019929033077, 0.01890020213, 0.9584800815, 0.0026906832913],
      [0.068814246287, 0.3368743641, 0.58966197007, 0.0046494195449],
      [0.010649217873, 0.60700040937, 0.36803711588, 0.014313256882],
      [0.017622296655, 0.17124079384, 0.80040494016, 0.010731969341],
      [0.065077582175, 0.046700563935, 0.86505110748, 0.023170746409]
    ],
    [
      [0.60729735887, 0.10678364367, 0.28387478541, 0.0020442120503],
      [0.92472446543, 0.0090138378666, 0.064186143759, 0.0020755529416],
      [0.12629634604, 0.028289876131, 0.84235048245, 0.0030632953794],
      [0.31804469972, 0.33177094546, 0.34659887626, 0.0035854785493],
      [0.048687959417, 0.69054136585, 0.24795312358, 0.012817551154],
      [0.10040389393, 0.24021587502, 0.6480201923, 0.011360038754],
      [0.355258355, 0.053183473723, 0.57286898147, 0.018689189801]
    ],
    [
      [0.18938652556, 0.067657952976, 0.73200587519, 0.010949646278],
      [0.58283205073, 0.013558354033, 0.37472689958, 0.028882695665],
      [0.021964637034, 0.0082520295711, 0.96245997768, 0.0073233557127],
      [0.095559296563, 0.16605989146, 0.7229255433, 0.015455268676],
      [0.017503499432, 0.36842093533, 0.5498769264, 0.064198638847],
      [0.020885576823, 0.075585047108, 0.86981093338, 0.033718442693],
      [0.070059842787, 0.019691918455, 0.83698515191, 0.073263086852]
    ],
    [
      [0.17343216802, 0.20451137972, 0.61221545918, 0.0098409930753],
      [0.55076521251, 0.045602878955, 0.37394690808, 0.029685000458],
      [0.026031566226, 0.029074163889, 0.93697840668, 0.0079158632045],
      [0.07497712021, 0.41088840291, 0.5027177773, 0.011416699575],
      [0.010969709937, 0.65454803775, 0.30043340768, 0.034048844632],
      [0.02068962793, 0.23329590883, 0.71629397138, 0.029720491868],
      [0.077811944349, 0.065896638549, 0.78451068619, 0.071780730913]
    ],
    [
      [0.15669553529, 0.44025191837, 0.39340090177, 0.0096516445709],
      [0.57359399363, 0.11289671191, 0.27987588717, 0.033633407296],
      [0.034115876679, 0.089437717887, 0.86525099556, 0.011195409875],
      [0.052746413748, 0.68728374804, 0.25127286303, 0.0086969751887],
      [0.0061505315627, 0.85434747094, 0.11926537734, 0.020236620152],
      [0.018627356257, 0.49889988957, 0.45365409618, 0.028818657993],
      [0.090093109997, 0.17947332163, 0.64015693838, 0.090276629996]
    ],
    [
      [0.10546559577, 0.59856810857, 0.29238876263, 0.0035775330272],
      [0.5473205153, 0.18020149939, 0.25704103026, 0.015436955053],
      [0.02843871532, 0.14170258752, 0.82472449589, 0.0051342012717],
      [0.029133428252, 0.81492188028, 0.1532864235, 0.0026582679654],
      [0.0031084622306, 0.92684942329, 0.064844246623, 0.0051978678548],
      [0.011981008371, 0.65695447986, 0.3213634764, 0.0097010353689],
      [0.075383676213, 0.2871093856, 0.59891626585, 0.038590672329]
    ],
    [
      [0.21777193987, 0.25965768294, 0.48046485881, 0.042105518388],
      [0.64524604803, 0.041869415285, 0.21628270278, 0.096601833907],
      [0.035001960362, 0.04185799271, 0.88348058779, 0.039659459137],
      [0.081413093554, 0.50706717197, 0.36553059095, 0.045989143523],
      [0.0096611724443, 0.68907297119, 0.18013109846, 0.12113475791],
      [0.02304628076, 0.29258811868, 0.54973691797, 0.13462868259],
      [0.076104720512, 0.070007745181, 0.52332887839, 0.33055865592]
    ],
    [
      [0.19819409991, 0.52043767741, 0.27156069565, 0.0098075270367],
      [0.6661022957, 0.1224501423, 0.1797759434, 0.031671618594],
      [0.057001139302, 0.13905007334, 0.78885315496, 0.015095632397],
      [0.062144117778, 0.76684740388, 0.16274263701, 0.0082658413308],
      [0.0068150637873, 0.90189486151, 0.07314818565, 0.018141889048],
      [0.024401030865, 0.61875756417, 0.32628017571, 0.030561229263],
      [0.13292165392, 0.24595212564, 0.51417236456, 0.10695385588]
    ],
    [
      [0.22055444041, 0.42917208458, 0.3409729482, 0.0093005268182],
      [0.68914966847, 0.087323369758, 0.1970378941, 0.026489067674],
      [0.051816569421, 0.094027877753, 0.8422978637, 0.011857689122],
      [0.073543988998, 0.69789841486, 0.22006411303, 0.0084934831117],
      [0.0083494306479, 0.86972829895, 0.10249517221, 0.019427098193],
      [0.027097403444, 0.52381530135, 0.41956445213, 0.029522843076],
      [0.13301481945, 0.1821942611, 0.59226194903, 0.092528970414]
    ],
    [
      [0.063193465796, 0.21836397861, 0.71404229963, 0.004400255962],
      [0.31862215692, 0.066223167288, 0.59659983643, 0.018554839361],
      [0.0085811350223, 0.026247969513, 0.96214213285, 0.0030287626148],
      [0.026581632288, 0.42108558531, 0.5475112417, 0.0048215406982],
      [0.0039567193388, 0.66605421666, 0.31624476771, 0.013744296292],
      [0.0072275439908, 0.2235777613, 0.75764726332, 0.011547431387],
      [0.027494849904, 0.065307887896, 0.87926415302, 0.027933109178]
    ],
    [
      [0.021622063943, 0.17297301418, 0.80466541507, 0.00073950681448],
      [0.58624352934, 0.025710582318, 0.38736211675, 0.00068377159582],
      [0.0062895654837, 0.01548017301, 0.97788058557, 0.00034967593808],
      [0.0097336626688, 0.54407923419, 0.44548807701, 0.00069902613133],
      [0.0015331745462, 0.86245812292, 0.13564102967, 0.00036767286464],
      [0.0062938539731, 0.18955866472, 0.80345883266, 0.00068864864252],
      [0.016349638006, 0.044289012709, 0.93935102451, 1.0324779987e-05]
    ],
    [
      [0.18023685094, 0.37181266851, 0.44564454778, 0.0023059327664],
      [0.68309066679, 0.069577605516, 0.24154612971, 0.0057855979815],
      [0.031151470107, 0.058028348789, 0.90858360429, 0.0022365768174],
      [0.058705396375, 0.6569434019, 0.28226129157, 0.002089910151],
      [0.0066162851333, 0.86366397753, 0.12576225018, 0.0039574871528],
      [0.020618694042, 0.44032871975, 0.53314973205, 0.0059028541487],
      [0.098185977757, 0.13800181445, 0.75047737409, 0.013334833699]
    ],
    [
      [0.52910325034, 0.26801144456, 0.2008617526, 0.0020235524981],
      [0.93707550685, 0.018754517704, 0.042332658054, 0.0018373173881],
      [0.13373480599, 0.084041925513, 0.7783595644, 0.0038637040941],
      [0.17295819712, 0.65527815619, 0.16933805956, 0.0024255871375],
      [0.016815249999, 0.90186145687, 0.076420369319, 0.0049029238091],
      [0.066978125844, 0.547278981, 0.3767909636, 0.0089519295583],
      [0.35690846233, 0.14711863752, 0.47510587356, 0.020867026585]
    ],
    [
      [0.094827709161, 0.20207356968, 0.69908522333, 0.0040134978292],
      [0.48993566162, 0.046461888145, 0.45099158486, 0.01261086537],
      [0.012429376893, 0.023650284399, 0.96118794593, 0.0027323927829],
      [0.039108766951, 0.41494808208, 0.54143597502, 0.0045071759457],
      [0.0056450870122, 0.68037529934, 0.30153957389, 0.012440039757],
      [0.010768939193, 0.2131189001, 0.76555403386, 0.010558126847],
      [0.040513496763, 0.059629419447, 0.87622140705, 0.023635676741]
    ],
    [
      [0.21454402743, 0.35282105873, 0.41471116516, 0.017923748676],
      [0.6349225109, 0.074093371475, 0.23982933307, 0.051154784556],
      [0.043900367319, 0.06825618108, 0.86812251936, 0.019720932245],
      [0.079666701059, 0.60905020102, 0.29334923061, 0.017933867308],
      [0.0097293237986, 0.79898434974, 0.14654064523, 0.044745681233],
      [0.026357341715, 0.41702808152, 0.49974980304, 0.056864773726],
      [0.1095938296, 0.12940970964, 0.60410021385, 0.15689624691]
    ],
    [
      [0.00055210818516, 0.54506100653, 0.45249176695, 0.0018951183359],
      [0.70821856447, 0.10035831709, 0.18923030305, 0.0021928153954],
      [0.0031989143414, 0.06604735362, 0.92935985035, 0.0013938816928],
      [0.0025714054281, 0.7871395731, 0.20891209368, 0.0013769277972],
      [0.00080880984932, 0.91849694061, 0.078737992989, 0.0019562565543],
      [0.0026269628976, 0.53607875739, 0.45800804105, 0.0032862386563],
      [0.0045211222277, 0.1853334248, 0.80617464299, 0.0039708099787]
    ],
    [
      [0.14677752358, 0.33368440644, 0.50293411699, 0.016603952997],
      [0.60238806865, 0.06511789805, 0.28483633682, 0.047657696473],
      [0.024205856452, 0.049822807175, 0.91115436565, 0.014816970725],
      [0.04969623006, 0.59921085843, 0.33500785648, 0.016085055029],
      [0.0058966950192, 0.7980278858, 0.15714996347, 0.038925455712],
      [0.016217770175, 0.37095975783, 0.56340827813, 0.049414193867],
      [0.066765190329, 0.10745606685, 0.68329921589, 0.14247952693]
    ],
    [
      [0.44941367037, 0.054774527436, 0.45633891395, 0.039472888247],
      [0.78957899825, 0.0065661982203, 0.14151310196, 0.062341701568],
      [0.071318588253, 0.01000905287, 0.87927532225, 0.039397036628],
      [0.24982325855, 0.15595355753, 0.52961094264, 0.064612241286],
      [0.041058717014, 0.31929883651, 0.38459392536, 0.25504852112],
      [0.058442140215, 0.080458142473, 0.69681366112, 0.16428605619],
      [0.1601723601, 0.016275068373, 0.52092613799, 0.30262643354]
    ],
    [
      [0.39007526473, 0.20889000804, 0.39186385272, 0.0091708745139],
      [0.82496932586, 0.026109817647, 0.13364013197, 0.015280724523],
      [0.072415496056, 0.04224179738, 0.87484600457, 0.010496701998],
      [0.16710010465, 0.46725942775, 0.35391530277, 0.011725164839],
      [0.022346976524, 0.73746572165, 0.20586134045, 0.034325961376],
      [0.051593623322, 0.31286418727, 0.59942853028, 0.03611365913],
      [0.20043030352, 0.084002541387, 0.63151274832, 0.084054406772]
    ],
    [
      [0.33627587893, 0.19016852321, 0.45892092356, 0.014634674304],
      [0.73447038447, 0.030871699285, 0.2030576509, 0.031600265348],
      [0.064304119188, 0.03482104525, 0.88582084827, 0.015053987289],
      [0.15858359582, 0.41083976663, 0.41211166827, 0.018464969284],
      [0.023841759871, 0.66433075539, 0.25515081996, 0.056676664776],
      [0.04787337801, 0.25927897896, 0.63972860952, 0.053119033505],
      [0.16698463744, 0.06829072556, 0.64576412178, 0.11896051521]
    ],
    [
      [0.47117473691, 0.16187064261, 0.3569054557, 0.010049164782],
      [0.83641667241, 0.020913127849, 0.12549167781, 0.017178521928],
      [0.10697419905, 0.036057588803, 0.84437619523, 0.012592016915],
      [0.24185434318, 0.38905188994, 0.355035245, 0.014058521876],
      [0.038465224598, 0.67967095142, 0.23550872878, 0.0463550952],
      [0.079295472141, 0.26933743551, 0.60698491268, 0.044382179663],
      [0.26394672757, 0.066518490528, 0.5764136002, 0.093121181703]
    ],
    [
      [0.35188777865, 0.21793514619, 0.42177327157, 0.0084038035939],
      [0.76433748873, 0.0344807591, 0.18335671528, 0.017825036883],
      [0.071643565019, 0.042313404674, 0.87680066736, 0.0092423629502],
      [0.16016323598, 0.46262338639, 0.36694657493, 0.010266802699],
      [0.023081779237, 0.72887617487, 0.21798111611, 0.030060929787],
      [0.05142457473, 0.30872723179, 0.60858655668, 0.031261636799],
      [0.19063370124, 0.084916082454, 0.65095630054, 0.073493915772]
    ],
    [
      [0.75795902334, 0.054905430806, 0.18509269594, 0.0020428499153],
      [0.94967386587, 0.0048213075847, 0.043262728519, 0.0022420980273],
      [0.25153078173, 0.020003598924, 0.72432908426, 0.0041365350829],
      [0.53055923372, 0.19604567954, 0.26922129928, 0.0041737874507],
      [0.12619360868, 0.57042162614, 0.28156967428, 0.021815090908],
      [0.21269743987, 0.17359887204, 0.59715818271, 0.016545505381],
      [0.53934908134, 0.030638814371, 0.4066986548, 0.023313449487]
    ],
    [
      [0.22356688524, 0.36174352609, 0.39712629663, 0.017563292038],
      [0.64548423827, 0.075381978988, 0.22929762745, 0.049836155285],
      [0.047915845957, 0.072645491358, 0.85929752756, 0.020141135121],
      [0.082776943632, 0.62072953605, 0.27912120511, 0.017372315204],
      [0.010047924002, 0.80862381019, 0.13864964552, 0.042678620293],
      [0.027977067636, 0.43272002192, 0.4834432626, 0.055859647837],
      [0.11790427101, 0.1357154069, 0.59245910311, 0.15392121898]
    ],
    [
      [0.34098186283, 0.23684161516, 0.40968062269, 0.01249589932],
      [0.74712459435, 0.039345894814, 0.18599651936, 0.027532991475],
      [0.072745445512, 0.047811521038, 0.86529588647, 0.014147146981],
      [0.15358261077, 0.48284878207, 0.34865999043, 0.014908616737],
      [0.021895527821, 0.73153065909, 0.20383339802, 0.042740415067],
      [0.049905895888, 0.32713146442, 0.57734776174, 0.045614877949],
      [0.18355508365, 0.091469616785, 0.61781145758, 0.10716384198]
    ],
    [
      [0.40439052129, 0.22093741364, 0.36170354485, 0.012968520219],
      [0.79837437605, 0.031994011143, 0.14438572564, 0.025245887173],
      [0.09282286392, 0.04831002868, 0.84280120106, 0.016065906339],
      [0.18715138187, 0.4766988274, 0.32005411537, 0.016095675355],
      [0.026597799576, 0.73903123424, 0.18779197785, 0.046578988339],
      [0.062813144912, 0.3327242505, 0.55301092536, 0.051451679227],
      [0.2244801443, 0.088148712755, 0.56984368027, 0.11752746267]
    ],
    [
      [0.44506082391, 0.16962829077, 0.37701167398, 0.0082992113407],
      [0.82598225722, 0.02248535151, 0.13690216798, 0.014630223286],
      [0.096448179227, 0.036079868631, 0.8574927673, 0.0099791848399],
      [0.22153000501, 0.40193583295, 0.36522471088, 0.011309451158],
      [0.034220922126, 0.69364226272, 0.23585633863, 0.036280476524],
      [0.07181392488, 0.27389079422, 0.61898574408, 0.035309536824],
