{
  "Z_true": {},
  "V_true": [
    [44, 935, 268, 138],
    [237, 7674, 1106, 578],
    [249, 97, 18280, 430],
    [817, 206, 933, 73],
    [53, 318, 1421, 731]
  ],
  "p_true": [
    [0.0318, 0.6751, 0.1935, 0.0996],
    [0.0247, 0.7998, 0.1153, 0.0602],
    [0.0131, 0.0051, 0.9593, 0.0226],
    [0.4027, 0.1015, 0.4598, 0.036],
    [0.021, 0.126, 0.5632, 0.2897]
  ],
  "Z_est": [
    [
      [1.532, 0.8779, 0.2994, 1.0935, 0.3262, 0.9725, 0.7422, 0, 2.663, 0.0268, 1.0332, 0.2735, 0.1833, 1.4136, 1.3084, 1.6977, 0.8096, 0.0252, 0.5117, 1.777, 0.4314, 0.7978, 0.8396, 0.5333, 1.4833, 0.2563, 0.9001, 0.0701, 2.4062, 0, 0.348, 2.718, 0.4224, 0.839, 0.8179, 1.0211, 0.2903, 0.0844, 2.3881, 0.5496, 3.5004, 0.3096],
      [21.4108, 14.6202, 7.3162, 16.7807, 1.0183, 16.2727, 11.0149, 1.1774, 38.7318, 0.5588, 11.5086, 5.4038, 2.6884, 10.7417, 15.6013, 12.0228, 14.5133, 0.311, 7.8012, 29.1832, 6.4003, 33.4513, 9.8482, 10.614, 20.2717, 4.4659, 8.338, 2.5271, 36.7658, 0.0936, 5.2194, 28.158, 4.4445, 15.3184, 14.3659, 10.0258, 5.1062, 0.5215, 30.2207, 6.0957, 55.4475, 9.9481],
      [24.1313, 18.9407, 6.9387, 25.7087, 1.2916, 26.3582, 19.352, 0.7234, 43.7828, 0.2245, 13.2444, 10.2813, 5.309, 19.5454, 19.5007, 25.1945, 9.947, 0.5696, 5.2249, 12.039, 4.509, 20.7409, 8.8536, 13.2198, 21.1998, 4.8395, 11.1982, 2.6699, 56.3986, 0.7401, 5.5506, 13.64, 4.7611, 25.2667, 7.8002, 16.885, 10.1315, 0.2361, 36.8571, 8.8752, 37.7125, 13.2599],
      [8.9259, 4.5611, 2.4456, 4.4171, 0.3639, 4.3967, 2.8909, 1.0992, 10.8223, 0.1899, 3.2138, 2.0414, 0.8193, 4.2993, 3.5896, 5.0849, 4.7301, 0.0941, 2.4622, 8.0007, 1.6593, 8.01, 3.4586, 4.6328, 5.0452, 1.4383, 2.5637, 0.7329, 9.4294, 0.1664, 1.882, 8.484, 1.372, 4.5759, 4.016, 5.0682, 1.472, 0.1579, 9.534, 2.4795, 23.3396, 2.4824]
    ],
    [
      [8.915, 7.7216, 1.9114, 3.4303, 1.7849, 6.5746, 4.7413, 0, 16.6324, 0.3407, 3.6221, 4.2628, 4.7885, 8.7808, 6.8341, 13.1563, 8.1558, 0.6575, 4.7472, 22.9472, 7.6664, 0.9045, 6.2778, 2.2919, 7.8647, 2.2857, 5.5763, 0.1656, 8.8409, 0, 1.2319, 5.7942, 1.3229, 11.6982, 11.3544, 5.094, 2.2039, 3.1227, 17.4411, 3.1901, 20.4599, 0.1953],
      [252.6197, 262.3347, 99.0359, 107.3136, 14.3868, 225.0637, 143.1749, 5.4344, 489.4982, 13.0244, 82.6483, 192.1092, 143.5615, 136.9288, 165.8168, 190.3481, 291.0879, 12.7734, 144.528, 722.398, 228.0471, 133.2181, 151.2133, 94.7427, 217.7488, 80.9212, 106.2832, 28.4255, 274.7606, 0.7569, 37.8561, 127.1938, 28.9026, 442.6126, 390.8269, 101.8169, 80.5983, 46.6084, 448.4864, 72.1077, 649.6088, 73.5411],
      [19.6495, 23.3955, 6.3863, 11.2929, 1.1712, 25.1421, 17.2323, 0.2262, 38.1769, 0.1466, 6.4488, 25.054, 19.4425, 17.1292, 14.2669, 27.6192, 13.2562, 1.2249, 6.331, 15.073, 10.6613, 5.7816, 9.196, 8.0609, 15.6694, 5.9086, 9.7636, 1.9388, 29.0989, 0.0565, 2.6619, 3.4776, 2.0586, 50.469, 12.2429, 11.7925, 10.893, 0.429, 37.7756, 7.101, 30.4122, 6.642],
      [55.8158, 43.5483, 17.6664, 14.9632, 2.6571, 32.2196, 19.8515, 2.3394, 72.6924, 2.4882, 12.2808, 38.574, 23.2076, 29.1612, 20.0822, 42.8764, 50.5001, 2.3442, 24.3938, 108.5817, 31.6252, 17.0957, 28.3129, 21.9046, 28.7171, 13.8844, 17.3768, 4.4701, 37.2996, 0.1866, 7.2501, 20.5343, 4.7159, 70.2201, 58.5758, 27.2965, 12.3048, 7.8398, 75.2969, 15.6012, 142.5191, 9.6216]
    ],
    [
      [3.2832, 2.4057, 0.3297, 1.764, 0, 1.7884, 1.3076, 0, 2.7851, 0.1754, 1.0206, 0, 1.3105, 1.9708, 2.0835, 2.9642, 2.2004, 0.0225, 1.4693, 7.5097, 1.9028, 0, 1.4113, 0.4437, 2.4819, 0.9169, 1.5492, 0, 2.6626, 0, 0.5703, 1.9171, 0.7347, 1.448, 2.336, 2.1064, 0.2396, 0.5465, 6.045, 0.9741, 7.6608, 0],
      [9.4729, 8.7653, 2.9068, 5.4246, 0.7046, 8.3296, 4.1571, 0.1833, 8.1841, 0.387, 2.1844, 4.6929, 4.1353, 3.413, 5.5471, 3.4943, 7.6531, 0, 4.144, 24.1046, 5.4953, 4.0655, 3.6906, 2.783, 6.6927, 2.4823, 3.3791, 0.3762, 9.6119, 0, 1.2039, 6.4015, 1.4864, 13.2576, 8.4126, 3.4821, 2.4827, 1.2915, 15.671, 1.6205, 28.4556, 2.0699],
      [771.1265, 876.4125, 221.1399, 605.4721, 64.2538, 920.5373, 476.2573, 4.78, 703.2037, 16.8332, 209.0666, 636.0255, 608.0278, 540.6105, 465.0149, 821.9478, 388.8166, 11.7647, 215.2508, 677.4354, 295.2755, 209.0794, 251.8993, 246.4261, 524.6248, 239.1016, 363.3215, 49.8407, 961.9174, 4.5333, 121.6231, 193.7396, 140.1184, 1477.1297, 323.234, 491.5272, 325.9243, 34.3339, 1480.0496, 217.3176, 1189.2948, 229.5298],
      [7.1174, 6.4165, 2.6235, 2.3393, 1.0416, 3.3447, 1.2781, 0.0367, 4.8271, 0.6044, 1.7283, 4.2816, 2.5264, 4.0058, 1.3544, 5.5937, 5.3298, 0.2128, 3.1359, 12.9502, 3.3265, 2.8551, 2.9988, 2.3473, 3.2006, 2.4992, 2.7502, 0.7831, 2.8082, 0.4667, 1.6027, 3.9419, 1.6605, 7.1648, 5.0174, 3.8844, 1.3533, 0.8281, 11.2345, 2.0878, 14.5888, 1.4002]
    ],
    [
      [24.0843, 27.6166, 6.6161, 9.6085, 1.7034, 21.054, 14.5471, 0, 63.0886, 4.1515, 15.216, 13.0756, 24.9378, 28.5581, 22.4341, 51.3821, 33.1945, 2.1904, 13.6425, 84.6868, 22.7784, 11.6601, 32.6736, 7.9777, 17.5878, 6.8078, 23.0722, 1.4045, 37.0604, 0, 9.3521, 18.6358, 10.6447, 31.681, 25.4739, 20.2036, 13.3266, 9.7261, 83.1711, 14.2305, 71.0746, 4.925],
      [4.9695, 6.8078, 2.3205, 2.1583, 0.0484, 5.2158, 3.1805, 0, 13.6577, 0.975, 2.4296, 3.8137, 5.4096, 3.1722, 3.9258, 5.36, 8.7876, 0.3013, 2.9937, 21.1112, 4.9377, 6.5567, 5.5923, 2.2936, 3.529, 1.69, 3.0994, 0.669, 8.4225, 0.043, 1.9629, 2.7416, 1.5402, 8.6053, 6.5959, 2.902, 3.4385, 0.7967, 15.6656, 2.2698, 16.8294, 2.2107],
      [21.9017, 34.4976, 8.6686, 12.9462, 0.239, 33.0206, 21.8546, 0, 60.3238, 1.6648, 11.0054, 28.3787, 41.8196, 22.6204, 19.1922, 44.0925, 23.5656, 2.4303, 7.8821, 33.3149, 13.6307, 15.9773, 19.7283, 11.2234, 14.4398, 7.2246, 16.3404, 2.825, 50.4393, 0.9216, 8.3153, 5.1982, 6.565, 55.4145, 13.9921, 19.1541, 26.7333, 1.3375, 74.6549, 13.0252, 44.5867, 11.5842],
      [1.0445, 1.078, 0.3949, 0.287, 0.0092, 0.7096, 0.4178, 0, 1.9299, 0.2087, 0.349, 0.732, 0.8329, 0.6494, 0.4479, 1.1654, 1.4523, 0.0781, 0.4816, 2.8871, 0.6532, 0.8059, 1.0058, 0.5053, 0.4435, 0.2776, 0.488, 0.1015, 1.0778, 0.0354, 0.3697, 0.4244, 0.2501, 1.2992, 0.9381, 0.7404, 0.5015, 0.1396, 2.5084, 0.4744, 3.5094, 0.2802]
    ],
    [
      [3.1855, 3.3781, 0.8433, 2.1037, 1.1855, 2.6105, 1.6618, 0, 5.8308, 0.3056, 1.1081, 1.3882, 1.78, 2.2768, 2.3399, 5.7997, 3.6397, 0.1043, 1.6293, 8.0792, 3.2211, 0.6376, 1.7977, 0.7535, 3.5824, 0.7333, 1.9021, 0.3599, 3.0299, 0, 0.4977, 3.9349, 0.8753, 4.3338, 3.0177, 2.575, 0.9396, 1.5201, 7.9548, 1.0557, 8.3043, 0.5702],
      [22.5271, 28.4721, 10.4206, 16.3228, 1.842, 22.1181, 12.4726, 1.2048, 42.9282, 3.0548, 6.2292, 13.9804, 13.2052, 8.7442, 14.109, 20.7748, 32.9581, 0.6143, 12.533, 67.2029, 24.1196, 12.7083, 10.6556, 7.5667, 24.7577, 6.4406, 8.9003, 7.0022, 23.4392, 0.1065, 3.7577, 20.5051, 4.6263, 40.206, 26.7987, 12.7733, 8.3742, 4.7819, 50.9562, 5.9063, 66.6587, 9.2302],
      [43.191, 62.7537, 16.8665, 42.58, 4.0444, 60.9419, 37.3039, 1.2704, 82.5127, 2.1309, 12.2347, 45.2605, 44.401, 27.0947, 30.0253, 74.146, 38.4146, 2.0105, 14.3112, 43.1376, 28.9235, 13.4209, 16.3227, 16.0698, 44.0663, 11.9257, 20.3763, 12.7255, 61.1458, 0.7485, 6.8491, 16.9445, 8.4969, 112.7201, 24.7308, 36.6412, 28.3178, 3.6635, 105.6627, 14.681, 76.9938, 20.984],
      [13.0963, 12.3961, 4.8696, 5.9935, 0.9281, 8.3294, 4.5617, 1.5248, 16.7282, 1.5088, 2.428, 7.3709, 5.6138, 4.8843, 4.5259, 12.2796, 14.9876, 0.2709, 5.5264, 23.5803, 8.7359, 4.2333, 5.224, 4.61, 8.5937, 2.9005, 3.8213, 2.9124, 8.3851, 0.145, 1.8955, 8.6154, 2.0015, 16.74, 10.4528, 9.0105, 3.3684, 2.0345, 22.4262, 3.3571, 39.0432, 3.2156]
    ]
  ],
  "V_est": [
    [38.5738, 556.325, 613.653, 176.4482],
    [254.987, 7510.3635, 560.7564, 1268.8931],
    [70.3374, 232.2961, 18603.8184, 149.5481],
    [935.2553, 199.0299, 862.7302, 31.9846],
    [100.8465, 731.9855, 1367.042, 323.126]
  ],
  "p_est": [
    [0.0279, 0.4017, 0.4431, 0.1274],
    [0.0266, 0.7827, 0.0584, 0.1322],
    [0.0037, 0.0122, 0.9763, 0.0078],
    [0.4609, 0.0981, 0.4252, 0.0158],
    [0.04, 0.2901, 0.5418, 0.1281]
  ],
  "EI_Z": {},
  "EI_V": 6.1645,
  "MAE_Z": {},
  "MAE_V": 213.2183,
  "MAE_p": 0.0617,
  "runtime": 0.148
}
