{
  "Z_true": {},
  "V_true": [
    [629, 25, 777, 131, 53],
    [981, 431, 7598, 895, 451],
    [184, 1030, 163, 17474, 820],
    [42, 1657, 276, 952, 85],
    [16, 189, 92, 482, 380],
    [66, 164, 209, 717, 427]
  ],
  "p_true": [
    [0.3895, 0.0155, 0.4811, 0.0811, 0.0328],
    [0.0947, 0.0416, 0.7337, 0.0864, 0.0435],
    [0.0094, 0.0524, 0.0083, 0.8883, 0.0417],
    [0.0139, 0.5501, 0.0916, 0.3161, 0.0282],
    [0.0138, 0.1631, 0.0794, 0.4159, 0.3279],
    [0.0417, 0.1036, 0.132, 0.4529, 0.2697]
  ],
  "Z_est": [
    [
      [3, 1.0855, 3, 2, 3, 3, 0, 6, 1.9981, 4, 3, 10, 2, 5, 3, 3, 2, 5, 4, 3, 3, 4, 3, 8, 1.2591, 3, 3, 8, 3, 5, 4, 5, 2, 11, 2, 19, 3],
      [4.3038e-10, 0.0781, 3, 1, 3, 0, 0, 3, 0.0074, 5, 5, 6, 3, 10, 4, 1, 2, 4, 6, 3, 4, 3, 1, 8, 0.0655, 8.6591e-12, 1, 10, 4, 5, 2, 6, 4.7365e-15, 18, 1, 9, 2],
      [2, 0.7218, 9, 1, 8, 4.0001, 0, 17, 0.9783, 9, 10, 20, 9, 23, 13, 2, 2, 16, 13, 6, 12, 10, 2, 24, 0.3173, 3, 1, 28, 12, 12, 7, 14, 2, 44, 3, 33, 6],
      [11, 2.0251, 39, 6, 27, 10.9999, 0, 18, 6.0144, 22, 26, 47, 18, 41, 23, 6, 9, 28, 26, 16, 33, 17, 11, 49, 2.3408, 10, 7, 61, 28, 34, 15, 29, 3, 94, 7, 71, 16],
      [1, 0.0896, 2, 5.527e-09, 1, 1, 0, 2, 0.0018, 2, 2, 4, 2, 4, 2, 1.437e-13, 1, 3, 3, 1, 3, 1, 2.8848e-21, 6, 0.0173, 3.0346e-11, 1.285e-07, 6, 4, 4, 1, 3, 1.5394e-14, 10, 1.1598e-11, 9, 1]
    ],
    [
      [4, 1.9535, 11, 5, 11, 3, 0.4816, 17, 1.0334, 18, 12, 24, 15, 29, 16, 7, 5, 9, 18, 11, 15, 18, 4, 44, 0.369, 4, 2, 27, 10, 20, 9, 30, 5, 52, 6, 73, 10],
      [4, 0.7761, 15, 5, 22, 3, 0.545, 12, 1.9365, 50, 34, 19, 39, 87, 49, 15, 12, 8, 56, 37, 21, 51, 11, 70, 2.8555, 4, 5, 42, 23, 29, 14, 58, 29, 121, 11, 49, 11],
      [11, 2.826, 44, 12, 61, 9.0001, 3.3381, 61, 3.0509, 85, 68, 61, 116, 185, 140, 34, 10, 35, 121, 84, 63, 139, 13, 194, 1.0977, 14, 7, 122, 64, 59, 41, 131, 72, 290, 27, 157, 32],
      [45, 10.2247, 188, 46, 196, 27, 2.7928, 65, 14.9395, 207, 178, 138, 219, 328, 246, 83, 42, 61, 244, 217, 170, 223, 66, 386, 7.5486, 50, 29, 260, 150, 167, 81, 264, 116, 612, 65, 334, 78],
      [4, 0.2198, 12, 2, 13, 3, 0.8426, 8, 0.0397, 22, 14, 14, 26, 35, 21, 7, 5, 7, 33, 23, 15, 25, 5, 49, 0.1292, 4, 2, 27, 22, 19, 10, 35, 13, 69, 4, 43, 5]
    ],
    [
      [13, 3.5066, 33, 14, 33, 8, 0.3068, 14, 4.9291, 38, 27, 47, 21, 44, 22, 10, 12, 14, 31, 24, 31, 25, 14, 70, 2.2572, 11, 9, 52, 18, 36, 15, 45, 6, 94, 10, 114, 15],
      [7, 1.0218, 56, 12, 58, 7, 0.1948, 10, 1.9991, 105, 79, 35, 67, 141, 76, 25, 27, 20, 92, 74, 53, 68, 30, 108, 6.2926, 10, 9, 77, 46, 59, 23, 88, 34, 222, 21, 72, 21],
      [40, 5.7352, 153, 34, 175, 27.9999, 1.6189, 53, 12.8612, 188, 162, 118, 195, 294, 210, 56, 27, 69, 209, 183, 153, 192, 49, 309, 5.7603, 48, 25, 236, 132, 119, 75, 202, 93, 530, 57, 244, 60],
      [148, 21.341, 658, 130, 566, 79.0001, 1.477, 56, 56.1918, 453, 420, 267, 367, 522, 369, 134, 111, 121, 415, 468, 410, 305, 227, 612, 31.514, 167, 107, 496, 307, 333, 142, 405, 146, 1117, 135, 516, 141],
      [15, 0.3954, 43, 6, 40, 8, 0.4025, 7, 3.0188, 49, 35, 27, 44, 56, 31, 11, 15, 14, 56, 51, 37, 35, 18, 78, 3.1758, 15, 10, 52, 45, 39, 17, 54, 17, 126, 9, 67, 10]
    ],
    [
      [3.6603e-13, 0.1051, 2, 1, 3, 0, 0.0983, 4, 0.035, 5, 3, 5, 3, 9, 4, 2, 3, 1, 5, 3, 3, 5, 1, 8, 0.0594, 8.3097e-10, 9.9093e-08, 10, 2, 6, 2, 7, 1, 17, 1, 14, 1],
      [1.1726e-13, 0.0503, 4, 2.5245e-09, 6, 0, 0.1168, 2, 0.0561, 15, 11, 4, 11, 32, 16, 4, 7, 2, 15, 10, 5, 14, 2, 12, 0.1121, 8.0743e-10, 1.4059e-07, 15, 5, 11, 3, 13, 6, 42, 2, 9, 2],
      [3, 0.1124, 14, 5, 18, 6, 0.8693, 17, 0.0693, 30, 24, 16, 37, 67, 43, 12, 9, 10, 33, 26, 18, 42, 5, 37, 1.2188, 4, 1, 46, 17, 24, 10, 33, 19, 103, 8, 35, 9],
      [10, 0.7293, 55, 10, 60, 9, 0.6976, 19, 6.8318, 69, 60, 33, 65, 117, 74, 28, 30, 14, 69, 67, 44, 67, 24, 73, 4.5044, 11, 8, 96, 35, 63, 20, 66, 30, 212, 22, 67, 17],
      [4.3022e-10, 0.0029, 3, 2.1997e-09, 4, 1, 0.218, 2, 0.0077, 7, 4, 3, 7, 12, 6, 2, 4, 1, 9, 7, 3, 7, 1, 9, 0.1052, 3.3033e-12, 1.9795e-07, 10, 5, 7, 2, 8, 3, 23, 1, 8, 1]
    ],
    [
      [2.1511e-10, 0.2005, 1, 1.7305e-09, 1, 4.1432e-07, 0, 5.1624e-14, 0.0012, 1, 1, 1, 1, 1, 3.1638e-33, 2.2564e-14, 1.0492e-11, 8.5337e-14, 1, 1, 1, 2, 1, 6, 0.0203, 2.439e-09, 7.6716e-08, 3, 1, 1, 1, 2, 1.4684e-14, 6, 9.9531e-14, 6, 1.7661e-15],
      [1.5975e-13, 0.0385, 2, 3.9147e-09, 1, 4.543e-09, 0, 7.729e-12, 0.0002, 5, 3, 4.7271e-25, 5, 5, 2, 1, 1.0812e-11, 1, 5, 4, 3, 5, 2, 9, 0.0592, 1.109e-11, 3.7364e-08, 4, 4, 2, 2, 5, 2, 15, 8.7401e-12, 3, 7.1252e-15],
      [2, 0.258, 7, 3.7056e-10, 5, 1, 0, 2, 0.0036, 9, 7, 2, 14, 14, 8, 3, 1.4635e-13, 4, 13, 11, 9, 16, 4, 26, 0.2967, 2, 1, 14, 12, 6, 7, 12, 5, 39, 1, 12, 2],
      [8, 1.4375, 31, 3, 20, 5, 0, 3, 0.9937, 25, 20, 8, 30, 23, 14, 9, 5, 10, 28, 33, 27, 27, 24, 53, 2.5525, 12, 5, 32, 32, 18, 15, 26, 10, 82, 3, 30, 8],
      [2, 0.0655, 2, 3.7586e-09, 2, 0, 0, 1, 0.0013, 2, 1, 1, 3, 2, 1, 4.0365e-12, 1.1769e-13, 1.2777e-13, 4, 4, 3, 4, 3, 6, 0.0714, 1, 2, 3, 4, 2, 3, 5, 1, 9, 1, 3, 5.4611e-15]
    ],
    [
      [1, 0.1488, 2, 1, 2, 7.6006e-07, 0.1133, 1, 0.0032, 1, 1, 4, 1, 3, 1, 2.9165e-12, 1, 1, 2, 1, 2, 2, 1, 5, 0.035, 1.1525e-11, 5.3882e-08, 3, 2, 3, 1, 3, 6.0478e-15, 8, 1.4376e-11, 10, 1],
      [2.1521e-10, 0.0352, 3, 4.1657e-09, 3, 3.0346e-07, 0.1434, 1, 0.0006, 5, 5, 2, 5, 11, 5, 1, 2, 1, 7, 4, 3, 6, 3, 8, 0.615, 1.3675e-11, 2.4513e-07, 5, 4, 5, 2, 7, 2, 20, 1, 6, 1],
      [3, 0.3467, 10, 2, 10, 1, 1.1737, 5, 0.0368, 9, 10, 10, 15, 23, 16, 4, 2, 7, 16, 9, 11, 19, 5, 24, 0.3092, 1, 1, 16, 13, 12, 6, 16, 8, 50, 3, 23, 4],
      [12, 1.2424, 44, 12, 34, 6, 1.0326, 6, 2.0287, 22, 28, 22, 29, 42, 29, 11, 12, 13, 32, 25, 30, 31, 24, 49, 2.5398, 6, 5, 35, 33, 33, 13, 33, 13, 107, 8, 49, 9],
      [3, 0.2269, 5, 2, 4, 2, 0.5369, 2, 1.9307, 5, 5, 4, 6, 7, 4, 4, 4, 4, 6, 5, 4, 6, 4, 8, 2.501, 3, 2, 5, 6, 6, 3, 6, 3, 14, 2, 9, 2]
    ]
  ],
  "V_est": [
    [154.3427, 133.1511, 379.0173, 869.3802, 79.1087],
    [547.8374, 1022.113, 2572.3128, 5616.5056, 597.2312],
    [980.9997, 1841.5083, 4743.9754, 10960.524, 1143.9926],
    [131.2979, 280.3353, 783.2698, 1656.7631, 160.3338],
    [39.222, 90.098, 270.5582, 683.9837, 75.1381],
    [64.3003, 128.7944, 365.8664, 863.8435, 160.1954]
  ],
  "p_est": [
    [0.0956, 0.0824, 0.2347, 0.5383, 0.049],
    [0.0529, 0.0987, 0.2484, 0.5423, 0.0577],
    [0.0499, 0.0936, 0.2412, 0.5572, 0.0582],
    [0.0436, 0.0931, 0.26, 0.5501, 0.0532],
    [0.0338, 0.0777, 0.2334, 0.5901, 0.0648],
    [0.0406, 0.0814, 0.2311, 0.5457, 0.1012]
  ],
  "EI_Z": {},
  "EI_V": 39.9217,
  "MAE_Z": {},
  "MAE_V": 995.2736,
  "MAE_p": 0.1597,
  "runtime": 0.3407
}
