{
  "Z_true": {},
  "V_true": [
    [7, 55, 852, 336],
    [154, 163, 13419, 1358],
    [175, 8421, 581, 920],
    [584, 241, 349, 89],
    [36, 491, 620, 1217]
  ],
  "p_true": [
    [0.0056, 0.044, 0.6816, 0.2688],
    [0.0102, 0.0108, 0.889, 0.09],
    [0.0173, 0.834, 0.0575, 0.0911],
    [0.4624, 0.1908, 0.2763, 0.0705],
    [0.0152, 0.2077, 0.2623, 0.5148]
  ],
  "Z_est": [
    [
      [0.0022, 0.0002, 0, 0.0017, 0.0052, 0.0021, 0.001, 0, 0.0007, 0, 0, 0.0016, 0.0007, 0.0018, 0, 0, 0.0011, 0, 0.0013, 0.0009, 0, 0.0012, 0.0014, 0.0011, 0, 0.0011, 0.0019, 0.0029, 0],
      [29.4513, 12.1309, 13.3818, 13.7384, 24.4466, 18.0406, 13.2878, 4.1612, 11.1857, 2.0781, 14.4751, 5.5432, 23.7628, 31.4537, 5.2901, 7.8041, 0.9761, 2.2623, 1.9365, 5.265, 3.5082, 4.7071, 11.8554, 19.2734, 0, 19.4097, 18.9888, 28.0244, 7.0875],
      [37.6306, 18.1189, 34.9134, 15.4703, 36.7202, 16.1562, 28.5414, 7.7384, 20.0575, 2.9729, 38.2273, 18.518, 49.4567, 41.8324, 13.2272, 15.1836, 14.9192, 13.372, 13.9399, 19.3069, 3.0549, 11.0772, 14.7942, 23.7248, 0, 32.3536, 28.1953, 46.2254, 13.8558],
      [16.9159, 7.75, 11.7048, 7.7897, 14.828, 7.801, 11.1697, 3.1004, 8.7561, 0.949, 14.2977, 6.9372, 20.7798, 16.7121, 4.4828, 7.0122, 4.1037, 5.3656, 5.1222, 6.4271, 1.4369, 5.2145, 6.3489, 10.0006, 0, 14.2357, 14.814, 26.7473, 6.0567]
    ],
    [
      [13.8231, 11.1228, 0, 12.3397, 12.0508, 8.8433, 26.5582, 42.4057, 22.7319, 5.8552, 36.8752, 12.666, 15.9154, 15.7575, 9.8665, 8.2505, 16.3867, 18.4544, 11.3669, 21.1857, 21.7703, 9.8769, 8.5186, 18.5701, 4.2895, 22.7762, 14.8665, 44.7108, 1.81],
      [0.4854, 0.0743, 0.8678, 0.6094, 0.1222, 1.1776, 0, 0, 0, 0.1847, 1.5255, 1.3114, 0.0093, 0.72, 0, 0.0435, 7.0887, 4.576, 3.1963, 0.7995, 0.6858, 0.2745, 0.3949, 1.0126, 0.8356, 0, 0.0059, 0.878, 0.1632],
      [402.4649, 358.6798, 116.2987, 305.9579, 320.0803, 223.0978, 758.061, 765.8542, 638.2174, 117.3133, 794.6984, 359.958, 506.8958, 470.4821, 488.6692, 369.3823, 432.0822, 656.9856, 311.6953, 613.8889, 498.3372, 258.5892, 263.293, 457.0121, 68.0241, 647.3836, 442.6987, 1197.8388, 116.6535],
      [54.2265, 46.1232, 11.8335, 46.0929, 38.7467, 31.8813, 89.3808, 92.7401, 84.0507, 10.6468, 88.9009, 40.0646, 64.1794, 56.0403, 49.4642, 51.3236, 30.4424, 76.9841, 32.7415, 60.1259, 70.2067, 36.2594, 33.7935, 57.4052, 9.8508, 85.8402, 69.4289, 202.5723, 15.3733]
    ],
    [
      [0.2224, 0.0637, 0, 0.208, 0.2543, 0.2995, 0.1149, 0.0683, 0.3293, 0, 0, 0.0873, 0.0379, 0.243, 0.0002, 0, 0.0324, 0.0038, 0.0295, 0.0251, 0.005, 0.1054, 0.0979, 0.1397, 0, 0.3088, 0.1015, 0.1661, 0],
      [721.4409, 502.5789, 136.4206, 368.1553, 460.4888, 458.5883, 347.5172, 151.7224, 388.4604, 68.41, 506.74, 168.6434, 408.0505, 890.8309, 96.3343, 182.6037, 40.8111, 84.7928, 54.6002, 102.3359, 73.3875, 157.5647, 242.8072, 503.2549, 24.076, 692.6894, 375.8438, 609.2455, 144.5214],
      [25.8503, 21.5671, 10.6624, 11.3563, 19.8149, 9.4586, 21.5392, 8.197, 20.1028, 2.8078, 38.9624, 15.8394, 24.5538, 33.7373, 6.8345, 10.3241, 17.1166, 14.0221, 10.7973, 10.6251, 1.7659, 10.4736, 8.4457, 17.395, 2.9051, 33.4676, 16.3829, 30.2062, 8.2176],
      [40.4864, 31.7903, 11.917, 20.2805, 27.4421, 17.6536, 28.8287, 11.0123, 30.1074, 2.7823, 49.2976, 20.4299, 35.3578, 45.1889, 7.831, 16.0722, 16.04, 19.1813, 13.573, 12.014, 2.8416, 16.8562, 12.6491, 25.2104, 5.0189, 50.5342, 28.6718, 56.3821, 12.261]
    ],
    [
      [17.5075, 14.0286, 0.8437, 16.1803, 8.5861, 7.6175, 21.8484, 24.1279, 19.3593, 6.9988, 30.6931, 10.3774, 18.1219, 16.1317, 5.0306, 6.4145, 10.0009, 8.6922, 9.3606, 19.3371, 11.2124, 8.9865, 9.5646, 18.8877, 4.7218, 28.4194, 15.2671, 23.0461, 0.5824],
      [0.5711, 0.4266, 0.0366, 0.5158, 0.2146, 0.3098, 0.4122, 0.2879, 0.4247, 0.1271, 0.3506, 0.1351, 0.3909, 0.5187, 0.1231, 0.186, 0.0523, 0.0813, 0.074, 0.2253, 0.4035, 0.1447, 0.3384, 0.5439, 0.0279, 0.6814, 0.4331, 0.5366, 0.021],
      [30.0611, 26.5717, 3.958, 23.7943, 13.4377, 11.2919, 37.0189, 22.6278, 31.9649, 7.7263, 37.6067, 17.6762, 33.9601, 28.3904, 12.9847, 15.2289, 16.0749, 17.9156, 15.5533, 33.6185, 15.1392, 14.0632, 17.5087, 27.4249, 3.6466, 47.5343, 26.8964, 36.7424, 1.7334],
      [11.8604, 9.9731, 1.1616, 10.5096, 4.7617, 4.7808, 12.7206, 7.9564, 12.2512, 2.1477, 12.3495, 5.8112, 12.527, 9.9592, 3.8617, 6.1706, 3.8719, 6.3109, 5.0122, 9.8192, 6.245, 5.8056, 6.5883, 10.1435, 1.6038, 18.3648, 12.4034, 18.6749, 0.6631]
    ],
    [
      [3.4448, 2.7848, 0.1563, 3.2704, 3.1037, 2.2376, 4.4775, 7.3981, 4.5788, 1.146, 8.4317, 2.8676, 3.9241, 4.8659, 1.1027, 1.335, 1.5788, 2.8496, 2.2417, 3.4513, 3.0123, 2.03, 1.8174, 3.4014, 0.9888, 5.4945, 2.7631, 6.0741, 0.6076],
      [1.0513, 0.7894, 0.2931, 0.9812, 0.7278, 0.8838, 0.7828, 0.8285, 0.9292, 0.2002, 0.9089, 0.3669, 0.7863, 1.4767, 0.2525, 0.3627, 0.0719, 0.2876, 0.1931, 0.3743, 1.015, 0.3089, 0.6041, 0.9151, 0.0606, 1.2195, 0.7284, 1.3154, 0.2068],
      [45.9931, 41.0624, 12.1675, 37.4212, 37.947, 25.9954, 58.8395, 54.5826, 58.6574, 10.1797, 80.5052, 38.0084, 57.1336, 66.5578, 22.2845, 24.881, 19.8072, 45.7047, 29.0142, 46.5607, 31.7029, 24.7969, 25.9584, 38.4432, 6.4242, 71.2609, 37.8267, 74.9871, 14.5397],
      [47.5108, 40.3634, 9.383, 43.3273, 35.2216, 28.8832, 52.9002, 50.1908, 58.8346, 7.4742, 69.1543, 32.7571, 55.156, 61.0995, 17.3603, 26.4213, 12.542, 42.1581, 24.5511, 35.6138, 34.2697, 26.8643, 25.6201, 37.2403, 7.5264, 72.0251, 45.6819, 99.6234, 14.6459]
    ]
  ],
  "V_est": [
    [0.0302, 353.5261, 629.584, 266.8596],
    [469.6446, 27.0422, 12960.5934, 1636.7198],
    [2.9439, 8962.9158, 463.4286, 667.7117],
    [391.946, 8.594, 628.1509, 234.3091],
    [91.4353, 18.9219, 1139.2431, 1114.3997]
  ],
  "p_est": [
    [0, 0.2828, 0.5037, 0.2135],
    [0.0311, 0.0018, 0.8587, 0.1084],
    [0.0003, 0.8877, 0.0459, 0.0661],
    [0.3103, 0.0068, 0.4973, 0.1855],
    [0.0387, 0.008, 0.4819, 0.4714]
  ],
  "EI_Z": {},
  "EI_V": 8.0948,
  "MAE_Z": {},
  "MAE_V": 243.3945,
  "MAE_p": 0.0911,
  "runtime": 0.013
}
