{
  "Z_true": {},
  "V_true": [
    [67, 248, 420, 662, 733, 1],
    [110, 3001, 34, 302, 259, 1],
    [154, 141, 643, 1570, 1297, 0],
    [142, 81, 86, 4579, 515, 1],
    [305, 69, 75, 239, 6562, 3],
    [314, 111, 6067, 633, 530, 3],
    [406, 394, 719, 591, 1124, 29]
  ],
  "p_true": [
    [0.0314, 0.1164, 0.1971, 0.3107, 0.344, 0.0005],
    [0.0297, 0.8095, 0.0092, 0.0815, 0.0699, 0.0003],
    [0.0405, 0.0371, 0.169, 0.4126, 0.3409, 0],
    [0.0263, 0.015, 0.0159, 0.8473, 0.0953, 0.0002],
    [0.0421, 0.0095, 0.0103, 0.033, 0.9047, 0.0004],
    [0.041, 0.0145, 0.7922, 0.0827, 0.0692, 0.0004],
    [0.1244, 0.1207, 0.2203, 0.1811, 0.3445, 0.0089]
  ],
  "Z_est": [
    [
      [2, 4, 2, 3, 4, 4, 3, 3, 3, 4, 3, 6, 4, 5, 2, 4, 4, 3, 4, 3, 3, 3, 4, 5, 2, 3, 4, 3, 3, 2, 2, 3, 2, 2, 2, 3, 2, 4, 2, 1, 2, 3, 4, 2, 4, 4, 2, 3, 2, 2, 4, 3, 3, 4, 2, 3, 3, 3, 2, 2, 3, 3, 3, 3, 3, 3, 3, 4, 4, 2, 16],
      [8.2523e-12, 1.2516e-06, 1.1168e-06, 2.7017e-06, 8.4118e-08, 1, 2.7174e-11, 5.73e-10, 2.6098e-08, 1.7787e-10, 2, 3, 7, 10, 4, 6, 8, 6, 4, 3, 3, 8, 5, 6, 3, 4, 2, 3, 2, 2, 4, 4, 6, 3, 4, 3, 2, 4, 2, 1, 1.2519e-07, 2, 2, 3, 2, 3, 2, 1, 1, 2, 2, 1, 1, 1, 2, 1, 2, 1, 1, 2, 1, 1.7518e-15, 1, 1, 1.9683e-10, 1, 1, 9.7133e-19, 9.5298e-14, 1, 72],
      [2, 3, 1, 6, 5, 5, 6, 4, 5, 5, 12, 9, 12, 8, 3, 6, 6, 8, 6, 8, 4, 3, 8, 9, 3, 4, 5, 4, 2, 3, 4, 2, 4, 2, 4, 6, 4, 8, 7, 4, 2, 5, 6, 12, 7, 9, 4, 4, 7, 8, 8, 4, 6, 7, 7, 6, 7, 5, 5, 5, 3, 5, 7, 7, 3, 5, 7, 6, 4, 5, 85],
      [1, 1, 5.6797e-07, 2, 3, 5, 2, 1, 2, 1, 7, 6, 15, 17, 7, 8, 13, 17, 10, 14, 9, 10, 11, 11, 6, 9, 7, 9, 4, 5, 5, 5, 5, 3, 5, 7, 6, 8, 7, 3, 1, 6, 5, 12, 7, 6, 5, 5, 7, 6, 5, 5, 4, 6, 9, 7, 7, 5, 7, 4, 1, 3, 5, 4, 3, 5, 4, 3, 2, 4, 106],
      [3, 4, 1, 8, 8, 10, 10, 4, 6, 5, 13, 10, 17, 12, 8, 9, 11, 13, 10, 13, 9, 7, 10, 13, 6, 6, 6, 5, 3, 6, 5, 5, 4, 2, 5, 10, 6, 8, 10, 6, 3, 8, 7, 18, 12, 12, 7, 9, 12, 9, 10, 7, 8, 7, 10, 7, 9, 6, 7, 7, 4, 6, 7, 6, 3, 5, 10, 7, 7, 5, 128],
      [0, 0, 2.7508e-26, 0, 0, 0, 3.543e-20, 0, 0, 8.7906e-27, 0, 4.0246e-41, 1.7139e-42, 1.234e-50, 5.0627e-32, 0, 1.4736e-31, 4.3471e-35, 1.6081e-35, 5.1116e-40, 0, 0, 1.6982e-43, 4.5428e-49, 0, 2.2514e-32, 0, 0, 4.8797e-39, 0, 0, 0, 2.5491e-29, 0, 0, 0, 5.1979e-31, 0, 0, 4.1154e-28, 0, 0, 7.3101e-29, 0, 0, 0, 0, 0, 0, 0, 1.0322e-31, 0, 0, 2.9119e-28, 0, 6.5821e-32, 0, 0, 0, 0, 0, 2.4183e-38, 3.5204e-33, 4.0408e-32, 0, 0, 0, 1.8661e-31, 0, 4.6402e-31, 4.1645e-114]
    ],
    [
      [3, 5.7311e-07, 3, 2.97e-06, 1, 2, 1.9493e-11, 2, 1, 9.8267e-11, 3, 4, 3, 8, 2, 4, 5, 3, 3, 1, 2.359e-13, 6, 3, 6, 5, 1, 3, 2, 2, 1, 3, 2, 4, 2, 2, 3, 3, 3, 3, 3, 3, 1, 2, 2, 2, 3, 2, 2, 1, 1, 3, 1.499e-14, 3, 1, 2, 2, 2, 1, 2, 1, 1, 1, 1, 1, 2.664e-13, 2, 2, 3.1578e-19, 1, 2, 31],
      [1.8207e-10, 4, 1.6934e-06, 3, 1, 2, 2, 1, 2, 2, 1, 6, 12, 23, 11, 20, 22, 6, 11, 5, 9, 30, 11, 12, 12, 13, 9, 13, 14, 6, 22, 28, 33, 13, 9, 5, 4, 11, 2, 1, 1, 5, 6, 3, 4, 6, 5, 3, 2, 3, 1, 4, 8.4294e-14, 2, 2, 1, 3, 4, 2, 6, 3, 1, 2, 5, 5, 4, 2, 2, 2, 3, 165],
      [5, 4, 2, 2, 2, 2, 2, 4, 2, 2, 6, 10, 16, 19, 8, 17, 15, 8, 12, 9, 6, 12, 14, 17, 12, 12, 12, 14, 13, 7, 22, 15, 21, 16, 9, 9, 6, 18, 6, 5, 4, 6, 8, 8, 6, 11, 7, 5, 4, 7, 6, 3, 5, 4, 6, 5, 8, 7, 5, 11, 7, 4, 5, 10, 7, 9, 4, 4, 4, 8, 193],
      [2, 1, 5.6322e-07, 4.0161e-06, 1, 2, 1, 1, 1, 2.6976e-12, 4, 7, 21, 37, 16, 23, 31, 17, 21, 16, 15, 35, 19, 21, 24, 23, 18, 29, 20, 12, 26, 33, 29, 22, 12, 10, 9, 17, 6, 4, 3, 7, 7, 9, 6, 8, 11, 7, 4, 5, 4, 3, 3, 3, 8, 6, 8, 7, 7, 8, 3, 2, 4, 6, 6, 8, 2, 2, 2, 6, 240],
      [5, 5, 2, 3, 3, 5, 3, 4, 3, 2, 7, 12, 22, 26, 18, 26, 26, 12, 21, 15, 16, 26, 18, 24, 24, 17, 17, 18, 19, 14, 26, 28, 24, 15, 12, 14, 9, 18, 9, 8, 6, 10, 10, 13, 10, 16, 13, 12, 8, 8, 8, 5, 6, 4, 8, 5, 10, 8, 7, 15, 8, 4, 5, 9, 7, 8, 6, 4, 5, 9, 288],
      [0, 0, 1.9107e-23, 0, 0, 0, 4.7959e-25, 0, 0, 1.6281e-26, 0, 3.7389e-41, 6.2258e-40, 2.5989e-49, 4.0654e-39, 0, 7.184e-41, 1.3385e-36, 1.0108e-32, 6.152e-39, 0, 0, 1.5714e-47, 2.721e-50, 0, 1.491e-37, 0, 0, 7.4328e-33, 0, 0, 0, 5.0934e-34, 0, 0, 0, 7.5933e-37, 0, 0, 3.3328e-26, 0, 0, 1.5675e-30, 0, 0, 0, 0, 0, 0, 0, 7.0455e-36, 0, 0, 2.5742e-28, 0, 7.292e-32, 0, 0, 0, 0, 0, 1.8165e-30, 8.0751e-30, 1.133e-35, 0, 0, 0, 5.3e-30, 0, 4.7353e-37, 6.3024e-54]
    ],
    [
      [2.4123e-12, 1.5352e-07, 1, 9.2369e-07, 1, 2.971e-10, 2.1853e-11, 9.9462e-10, 3.2083e-08, 2, 7.6936e-20, 3, 2, 2, 1, 1, 1, 2, 2, 2, 1, 2, 1, 3, 3, 6.5491e-15, 4, 3, 2, 1, 1, 1, 1.0701e-15, 1, 3, 1, 4, 2, 2, 1, 1, 1, 3, 1, 2, 3, 1, 4, 1, 1, 3, 2, 2, 1, 3, 2, 3, 5, 2, 3.1179e-11, 1, 3, 2, 2, 1, 1, 2, 1, 3, 1, 18],
      [3, 2.1852e-06, 3, 1, 2, 1, 1, 3, 1, 1, 4, 5, 8, 13, 9, 8, 9, 9, 8, 7, 7, 18, 9, 11, 12, 8, 9, 13, 10, 9, 15, 15, 13, 7, 11, 10, 9, 11, 5, 6, 4, 6, 5, 7, 5, 8, 8, 6, 5, 4, 6, 2, 4, 5, 7, 5, 8, 10, 5, 4, 1, 6, 4, 4, 4, 6, 4, 4, 4, 5, 99],
      [4, 5, 5, 2, 2, 1, 2, 5, 5, 6, 6, 8, 14, 8, 8, 5, 6, 9, 10, 15, 7, 7, 9, 12, 10, 11, 15, 18, 10, 13, 12, 9, 6, 9, 15, 14, 17, 17, 12, 14, 10, 10, 12, 17, 13, 15, 12, 10, 17, 13, 12, 13, 13, 11, 22, 13, 22, 27, 12, 5, 8, 18, 17, 17, 20, 15, 12, 14, 15, 19, 117],
      [1, 1.1478e-06, 5.7273e-07, 2.037e-06, 1, 1, 1.1877e-11, 2, 1, 1, 3, 6, 16, 16, 15, 7, 10, 19, 15, 26, 16, 19, 13, 14, 19, 17, 21, 33, 15, 19, 15, 18, 9, 12, 19, 15, 24, 15, 12, 10, 9, 11, 9, 17, 12, 12, 15, 14, 16, 8, 7, 12, 8, 9, 27, 15, 23, 30, 16, 3, 3, 10, 13, 10, 15, 13, 6, 7, 8, 13, 144],
      [4, 2, 3, 2, 3, 2, 2, 5, 4, 5, 7, 10, 17, 11, 17, 8, 8, 14, 15, 23, 17, 15, 12, 17, 19, 13, 19, 20, 14, 22, 15, 16, 8, 8, 19, 21, 25, 17, 17, 21, 15, 15, 13, 25, 19, 22, 19, 23, 28, 13, 15, 18, 15, 10, 30, 15, 29, 33, 15, 7, 7, 19, 17, 15, 18, 14, 16, 16, 20, 19, 173],
      [0, 0, 7.1947e-20, 0, 0, 0, 1.5518e-21, 0, 0, 2.2406e-27, 0, 3.2609e-30, 4.7741e-44, 4.9383e-47, 5.7715e-35, 0, 1.175e-34, 2.432e-39, 4.7076e-35, 5.6048e-38, 0, 0, 6.8773e-43, 3.5512e-47, 0, 1.9939e-33, 0, 0, 1.3711e-27, 0, 0, 0, 1.9264e-32, 0, 0, 0, 1.9025e-32, 0, 0, 1.4818e-28, 0, 0, 4.4208e-33, 0, 0, 0, 0, 0, 0, 0, 2.6338e-29, 0, 0, 2.0042e-28, 0, 4.8321e-32, 0, 0, 0, 0, 0, 2.4614e-39, 3.6358e-31, 4.3962e-33, 0, 0, 0, 3.2155e-33, 0, 6.3336e-25, 1.6563e-123]
    ],
    [
      [2, 1, 1, 1.5969e-06, 5, 5, 2.7116e-11, 1, 1, 2, 3, 6, 4, 6, 2, 3, 3, 3, 4, 4, 2, 4, 3, 6, 3, 1, 5, 3, 3, 1, 2, 1, 1, 2, 2, 1, 2, 3, 2, 1, 1, 1, 4, 1, 3, 2, 2, 4, 1, 1, 3, 2, 2, 2, 2, 3, 2, 3, 3, 2.1524e-14, 2, 2, 2, 2, 1, 2, 2, 1, 3, 1, 33],
      [2, 1, 8.6704e-09, 1.8102e-06, 1, 3, 2.6413e-11, 2, 1, 1.7696e-10, 4, 7, 14, 23, 12, 16, 16, 12, 13, 9, 13, 27, 13, 16, 13, 16, 10, 13, 13, 7, 17, 22, 19, 12, 8, 6, 5, 10, 4, 5, 2, 5, 6, 6, 4, 5, 8, 5, 3, 4, 3, 2, 2, 2, 5, 3, 5, 5, 4, 8, 3, 1, 2, 4, 4, 6, 2, 1, 1, 5, 176],
      [17, 6, 8, 7, 14, 13, 10, 13, 14, 7, 25, 23, 24, 21, 12, 16, 14, 18, 19, 27, 16, 13, 22, 24, 16, 20, 18, 20, 16, 15, 20, 15, 15, 17, 11, 16, 12, 20, 17, 12, 14, 12, 16, 23, 17, 16, 17, 13, 17, 15, 13, 13, 15, 16, 20, 21, 24, 20, 19, 15, 15, 16, 19, 19, 17, 26, 16, 16, 14, 23, 210],
      [5, 3, 5.6319e-07, 1, 8, 11, 2, 4, 8, 1, 13, 14, 32, 36, 25, 20, 26, 32, 32, 43, 31, 33, 27, 27, 27, 36, 26, 35, 21, 20, 21, 28, 17, 21, 14, 13, 16, 17, 15, 9, 9, 15, 14, 21, 13, 10, 22, 14, 15, 11, 8, 12, 8, 11, 22, 21, 21, 20, 23, 10, 10, 7, 12, 11, 15, 21, 8, 7, 7, 18, 259],
      [15, 7, 3, 6, 18, 23, 11, 11, 16, 5, 26, 23, 33, 25, 25, 23, 21, 24, 30, 40, 33, 25, 25, 31, 26, 26, 24, 22, 21, 23, 22, 24, 15, 14, 14, 19, 16, 18, 20, 17, 16, 18, 17, 31, 22, 18, 27, 24, 26, 15, 14, 17, 15, 13, 25, 20, 27, 22, 23, 18, 18, 13, 16, 16, 16, 22, 18, 15, 17, 25, 311],
      [0, 0, 3.0152e-23, 0, 0, 0, 1.2778e-23, 0, 0, 2.0235e-27, 0, 2.7018e-45, 4.8597e-48, 1.5342e-48, 1.0022e-37, 0, 3.2261e-35, 1.4443e-32, 4.2542e-48, 4.9155e-39, 0, 0, 1.3036e-38, 2.8567e-42, 0, 1.1187e-32, 0, 0, 1.1336e-32, 0, 0, 0, 2.8749e-34, 0, 0, 0, 6.5368e-35, 0, 0, 1.5013e-30, 0, 0, 1.1621e-29, 0, 0, 0, 0, 0, 0, 0, 1.0026e-36, 0, 0, 4.5888e-30, 0, 7.1576e-33, 0, 0, 0, 0, 0, 6.3464e-35, 1.8126e-32, 3.4724e-36, 0, 0, 0, 1.691e-31, 0, 9.3069e-34, 1.6344e-77]
    ],
    [
      [7, 3, 10, 3, 12, 9, 3, 4, 5, 11, 6, 10, 4, 4, 2, 3, 3, 2, 4, 3, 2, 2, 3, 6, 4, 3.2746e-15, 6, 3, 2, 1, 1, 1, 7.3102e-17, 1, 2, 1, 3, 4, 5, 1, 3, 2, 4, 2, 4, 5, 2, 7, 2, 2, 6, 5, 6, 2, 3, 3, 3, 3, 3, 1, 6, 5, 3, 3, 1, 2, 6, 4, 7, 2, 40],
      [4, 4, 2, 3, 4, 6, 2, 5, 4, 2, 8, 12, 14, 16, 12, 15, 13, 10, 13, 8, 13, 18, 12, 14, 16, 10, 12, 12, 12, 10, 16, 15, 14, 10, 9, 7, 6, 13, 8, 6, 4, 8, 6, 9, 6, 11, 9, 7, 5, 6, 5, 6, 4, 3, 6, 4, 7, 5, 4, 10, 8, 3, 4, 6, 5, 6, 6, 4, 4, 6, 214],
      [40, 20, 26, 31, 27, 26, 33, 27, 37, 27, 44, 30, 23, 14, 10, 15, 9, 15, 17, 20, 14, 9, 18, 20, 17, 11, 22, 16, 15, 18, 18, 9, 10, 14, 11, 15, 13, 26, 27, 23, 20, 16, 15, 31, 21, 30, 19, 19, 32, 20, 21, 25, 27, 18, 23, 23, 25, 19, 19, 23, 31, 29, 26, 28, 22, 27, 35, 40, 31, 26, 254],
      [18, 10, 9, 11, 19, 20, 15, 15, 23, 9, 28, 24, 33, 30, 23, 21, 22, 32, 34, 37, 35, 23, 26, 28, 36, 24, 33, 33, 23, 27, 22, 21, 14, 19, 18, 18, 21, 25, 28, 16, 19, 22, 15, 32, 24, 26, 26, 25, 30, 17, 15, 29, 19, 16, 32, 29, 29, 22, 23, 17, 18, 19, 22, 20, 21, 24, 19, 22, 20, 24, 316],
      [43, 26, 21, 36, 43, 43, 49, 31, 49, 28, 50, 36, 32, 18, 26, 22, 16, 22, 30, 33, 34, 17, 22, 29, 33, 15, 29, 20, 20, 31, 20, 17, 10, 12, 17, 22, 20, 25, 38, 31, 30, 27, 18, 46, 34, 41, 31, 40, 50, 22, 28, 40, 32, 16, 33, 25, 33, 22, 23, 30, 40, 30, 27, 26, 22, 23, 44, 44, 42, 30, 377],
      [0, 0, 9.4714e-25, 0, 0, 0, 7.3791e-25, 0, 0, 1.1519e-26, 0, 3.0954e-36, 4.3944e-56, 1.2006e-54, 1.0707e-37, 0, 1.7686e-37, 5.8149e-31, 1.9714e-37, 4.6905e-36, 0, 0, 6.8302e-43, 1.0312e-36, 0, 1.045e-33, 0, 0, 3.1367e-38, 0, 0, 0, 1.4413e-31, 0, 0, 0, 3.9052e-36, 0, 0, 3.9933e-29, 0, 0, 3.7577e-33, 0, 0, 0, 0, 0, 0, 0, 1.1819e-26, 0, 0, 4.9663e-30, 0, 1.8368e-33, 0, 0, 0, 0, 0, 4.5586e-27, 3.3681e-33, 4.5727e-36, 0, 0, 0, 1.0485e-31, 0, 1.3296e-33, 7.0018e-68]
    ],
    [
      [8, 3, 12, 3, 9, 7, 2, 6, 4, 15, 8, 12, 5, 5, 1, 3, 3, 2, 4, 3, 1, 2, 4, 7, 3, 6.0268e-21, 5, 3, 3, 1, 2, 1, 1, 3, 3, 2, 2, 5, 3, 1, 2, 1, 5, 2, 4, 5, 1, 5, 1, 3, 8, 4, 7, 3, 3, 4, 4, 5, 4, 1, 7, 6, 4, 4, 1, 4, 7, 5, 7, 2, 38],
      [5, 5, 3, 3, 3, 4, 2, 6, 4, 3, 10, 14, 17, 20, 9, 15, 14, 10, 13, 7, 9, 18, 18, 16, 11, 12, 11, 12, 13, 6, 18, 16, 25, 18, 11, 9, 5, 17, 6, 6, 3, 7, 8, 9, 7, 11, 7, 5, 4, 9, 7, 4, 5, 5, 6, 5, 8, 8, 5, 11, 9, 4, 6, 8, 7, 9, 6, 5, 4, 7, 202],
      [43, 21, 33, 27, 22, 18, 25, 33, 36, 37, 56, 36, 27, 17, 8, 14, 11, 14, 17, 18, 9, 7, 26, 23, 11, 13, 20, 17, 14, 10, 19, 9, 16, 23, 14, 18, 12, 33, 20, 18, 17, 13, 20, 33, 21, 28, 14, 14, 25, 31, 26, 20, 32, 26, 21, 27, 28, 27, 24, 24, 35, 36, 37, 37, 30, 36, 35, 47, 30, 32, 239],
      [19, 8, 7, 8, 14, 18, 10, 15, 19, 9, 35, 26, 36, 34, 17, 20, 24, 31, 31, 35, 23, 23, 34, 29, 23, 27, 33, 36, 22, 17, 23, 22, 23, 33, 19, 19, 19, 31, 22, 16, 18, 17, 19, 36, 21, 22, 22, 19, 25, 24, 17, 23, 23, 25, 28, 33, 31, 34, 32, 21, 19, 22, 28, 26, 26, 34, 23, 24, 19, 26, 299],
      [46, 29, 30, 33, 35, 35, 41, 40, 50, 42, 64, 44, 41, 26, 20, 23, 20, 25, 34, 31, 26, 17, 36, 36, 24, 21, 28, 21, 22, 20, 24, 18, 21, 22, 21, 27, 20, 35, 29, 29, 27, 24, 26, 50, 37, 40, 27, 32, 42, 34, 35, 33, 40, 24, 32, 33, 38, 33, 30, 33, 46, 39, 40, 37, 32, 34, 47, 57, 44, 41, 359],
      [0, 0, 9.0879e-10, 0, 0, 0, 8.5211e-12, 0, 0, 7.2547e-13, 0, 8.9577e-24, 6.6831e-28, 1.0921e-38, 1, 0, 2.4055e-23, 8.4228e-22, 1.5201e-20, 1.1836e-28, 0, 0, 3.0648e-36, 1.4749e-32, 0, 5.897e-21, 0, 0, 2.9483e-21, 0, 0, 0, 3.6551e-17, 0, 0, 0, 8.5346e-22, 0, 0, 7.2258e-17, 0, 0, 2.0534e-19, 0, 0, 0, 0, 0, 0, 0, 1.2755e-17, 0, 0, 6.6074e-20, 0, 1.3745e-19, 0, 0, 0, 0, 0, 1.1679e-15, 8.381e-20, 6.0801e-20, 0, 0, 0, 2.916e-19, 0, 7.4381e-12, 1.101e-107]
    ],
    [
      [2, 2, 8, 1, 6, 4, 1, 1, 1, 8, 2, 7, 1, 2, 1.4345e-15, 1, 1, 3.3654e-21, 1, 1, 2.0745e-16, 1, 2, 4, 1, 1.2201e-21, 2, 1, 1, 6.3131e-14, 4.437e-19, 2.3899e-16, 1.1432e-15, 5.2673e-14, 1, 4.0985e-14, 1, 2, 2, 2.2236e-13, 5.3264e-10, 1.0706e-12, 2, 8.0448e-16, 3, 2, 7.0829e-15, 4, 1, 5.3418e-12, 4, 2, 2, 1, 1, 1, 1, 2, 1, 2.3839e-14, 3, 3, 1, 1, 5.177e-12, 1, 4, 2, 4, 1, 15],
      [1, 3, 2, 1, 2, 3, 1, 1, 1, 1, 3, 8, 5, 9, 5, 6, 4, 3, 4, 3, 5, 9, 7, 9, 4, 3, 4, 5, 5, 3, 4, 6, 8, 3, 3, 3, 3, 6, 3, 3, 1, 2, 3, 3, 4, 4, 2, 4, 2, 2, 3, 2, 2, 2, 2, 1, 3, 4, 2, 3, 4, 2, 1, 2, 1, 3, 3, 2, 2, 3, 84],
      [14, 12, 22, 11, 14, 11, 15, 9, 11, 21, 18, 22, 9, 8, 4, 5, 3, 4, 5, 8, 5, 3, 11, 14, 5, 3, 7, 7, 6, 5, 4, 3, 5, 4, 4, 6, 6, 12, 11, 10, 5, 4, 9, 12, 14, 12, 5, 11, 13, 8, 13, 9, 13, 12, 7, 10, 13, 13, 8, 7, 16, 18, 11, 10, 8, 11, 20, 18, 15, 12, 99],
      [5, 5, 4, 3, 8, 10, 6, 4, 6, 5, 11, 15, 12, 15, 9, 7, 7, 8, 9, 15, 12, 11, 14, 17, 9, 7, 11, 15, 9, 9, 5, 8, 7, 7, 6, 6, 10, 11, 11, 8, 4, 5, 8, 12, 13, 9, 7, 15, 13, 5, 8, 10, 8, 10, 9, 12, 13, 15, 11, 6, 8, 10, 8, 7, 7, 10, 12, 9, 9, 10, 123],
      [18, 18, 19, 15, 23, 23, 24, 13, 16, 23, 22, 28, 14, 11, 10, 12, 7, 8, 9, 16, 14, 10, 14, 21, 12, 7, 13, 12, 11, 13, 9, 9, 7, 7, 8, 10, 12, 14, 18, 17, 11, 10, 12, 21, 25, 20, 11, 27, 24, 11, 18, 17, 18, 14, 11, 13, 19, 19, 13, 13, 21, 21, 12, 11, 10, 12, 29, 21, 24, 15, 150],
      [0, 0, 2, 0, 0, 0, 1, 0, 0, 1, 0, 2, 2, 2, 2, 0, 2, 1, 1, 1, 0, 0, 2, 1, 0, 1, 0, 0, 1, 0, 0, 0, 1, 0, 0, 0, 1, 0, 0, 1, 0, 0, 1, 0, 0, 0, 0, 0, 0, 0, 1, 0, 0, 1, 0, 1, 0, 0, 0, 0, 0, 2, 1, 1, 0, 0, 0, 1, 0, 1, 2]
    ]
  ],
  "V_est": [
    [229, 235, 471, 526, 670, 3.543e-20],
    [183, 648, 774, 991, 1111, 1.9636e-23],
    [132, 559, 914, 990, 1210, 7.35e-20],
    [197, 677, 1370, 1445, 1715, 4.2932e-23],
    [303, 781, 1812, 1915, 2442, 1.713e-24],
    [324, 825, 1910, 1946, 2652, 1],
    [130, 320, 793, 763, 1220, 37]
  ],
  "p_est": [
    [0.1075, 0.1103, 0.221, 0.2468, 0.3144, 6.8515e-16],
    [0.0494, 0.1748, 0.2088, 0.2673, 0.2997, 5.4878e-18],
    [0.0347, 0.1469, 0.2402, 0.2602, 0.318, 3.056e-16],
    [0.0365, 0.1253, 0.2535, 0.2674, 0.3174, 8.0964e-18],
    [0.0418, 0.1077, 0.2498, 0.264, 0.3367, 1.1089e-18],
    [0.0423, 0.1077, 0.2494, 0.2541, 0.3463, 0.0001],
    [0.0398, 0.0981, 0.243, 0.2338, 0.3739, 0.0113]
  ],
  "EI_Z": {},
  "EI_V": 45.2274,
  "MAE_Z": {},
  "MAE_V": 715.4762,
  "MAE_p": 0.1293,
  "runtime": 0.7128
}
