{
  "X": [
    [7, 24, 51, 7],
    [38, 108, 157, 15],
    [1, 41, 11, 1],
    [0, 7, 15, 1],
    [2, 4, 10, 1],
    [4, 8, 18, 1],
    [128, 305, 438, 35],
    [59, 219, 260, 34],
    [114, 562, 448, 32],
    [41, 169, 460, 50],
    [83, 546, 324, 30],
    [76, 526, 331, 42],
    [54, 313, 165, 19],
    [17, 72, 72, 7],
    [1, 6, 5, 0],
    [11, 32, 53, 2],
    [5, 15, 2, 0],
    [5, 8, 13, 0],
    [8, 22, 13, 1],
    [30, 287, 238, 11],
    [7, 20, 21, 1],
    [1, 18, 11, 1],
    [74, 312, 595, 34],
    [38, 146, 177, 21],
    [4, 15, 16, 3],
    [44, 169, 157, 10],
    [27, 79, 197, 21],
    [17, 41, 86, 10],
    [15, 60, 141, 16],
    [49, 201, 509, 66],
    [115, 153, 635, 28],
    [42, 53, 156, 12],
    [92, 594, 424, 27],
    [21, 57, 115, 11],
    [85, 194, 315, 21],
    [71, 196, 259, 16],
    [99, 614, 488, 48],
    [15, 42, 50, 0],
    [18, 61, 46, 6],
    [12, 45, 41, 5],
    [8, 25, 16, 3],
    [26, 72, 78, 20],
    [84, 337, 421, 45],
    [114, 378, 440, 35],
    [171, 744, 788, 40],
    [67, 138, 274, 36],
    [26, 99, 161, 17],
    [4, 2, 10, 2],
    [66, 140, 248, 30],
    [2, 12, 5, 1],
    [21, 96, 190, 21],
    [45, 81, 124, 21],
    [36, 108, 205, 18],
    [71, 320, 748, 79],
    [67, 164, 432, 34],
    [70, 324, 343, 33],
    [15, 89, 61, 3],
    [201, 1165, 1523, 155],
    [3, 37, 29, 2],
    [101, 458, 443, 30],
    [64, 290, 310, 29],
    [410, 1101, 1201, 115],
    [50, 116, 164, 3]
  ],
  "W": [
    [8, 37, 29, 6, 9],
    [53, 117, 118, 10, 20],
    [7, 4, 42, 1, 0],
    [3, 10, 7, 2, 1],
    [1, 9, 5, 2, 0],
    [5, 14, 10, 1, 1],
    [259, 224, 348, 41, 34],
    [124, 141, 232, 38, 37],
    [264, 228, 598, 20, 46],
    [65, 377, 188, 52, 38],
    [215, 155, 561, 16, 36],
    [159, 166, 544, 51, 55],
    [81, 104, 311, 23, 32],
    [35, 27, 82, 13, 11],
    [5, 3, 4, 0, 0],
    [16, 37, 38, 5, 2],
    [3, 1, 16, 0, 2],
    [13, 3, 10, 0, 0],
    [9, 10, 23, 0, 2],
    [83, 115, 336, 15, 17],
    [11, 10, 24, 2, 2],
    [3, 7, 19, 1, 1],
    [194, 300, 415, 61, 45],
    [63, 102, 180, 16, 21],
    [8, 6, 17, 1, 6],
    [108, 60, 182, 8, 22],
    [41, 151, 89, 28, 15],
    [22, 69, 46, 9, 8],
    [17, 113, 65, 14, 23],
    [68, 391, 253, 67, 46],
    [323, 286, 234, 48, 40],
    [86, 77, 77, 11, 12],
    [215, 157, 692, 39, 34],
    [46, 71, 62, 16, 9],
    [170, 170, 213, 27, 35],
    [111, 150, 213, 28, 40],
    [216, 190, 732, 49, 62],
    [22, 32, 48, 3, 2],
    [28, 23, 72, 3, 5],
    [21, 24, 50, 7, 1],
    [10, 10, 29, 1, 2],
    [34, 56, 81, 13, 12],
    [179, 223, 365, 53, 67],
    [227, 235, 425, 45, 35],
    [382, 315, 913, 69, 64],
    [133, 165, 159, 29, 29],
    [48, 103, 113, 21, 18],
    [3, 7, 5, 2, 1],
    [92, 186, 158, 21, 27],
    [3, 1, 14, 1, 1],
    [45, 122, 119, 28, 14],
    [62, 82, 89, 12, 26],
    [47, 155, 115, 25, 25],
    [124, 519, 402, 105, 68],
    [116, 296, 202, 39, 44],
    [141, 165, 385, 42, 37],
    [33, 22, 104, 1, 8],
    [431, 1013, 1289, 189, 122],
    [15, 13, 36, 4, 3],
    [237, 234, 487, 31, 43],
    [132, 184, 318, 33, 26],
    [649, 712, 1234, 93, 139],
    [121, 64, 133, 7, 8]
  ],
  "method": "mvn_pdf",
  "cond_prob": [
    [
      [0.37033636801, 0.081323484712, 0.54811203721, 0.00022811006811],
      [0.037914733591, 0.0023499539508, 0.8871171634, 0.072618149053],
      [0.012770177227, 0.76797029749, 0.21876026774, 0.00049925753386],
      [0.00073513525124, 0.0099433257064, 0.71561927085, 0.27370226819],
      [0.22373465503, 0.11900677038, 0.39177085658, 0.26548771801]
    ],
    [
      [0.45250664996, 0.10790654372, 0.43941356494, 0.00017324137991],
      [0.059376204594, 0.0038630684761, 0.86946016916, 0.067300557773],
      [0.014173478336, 0.83174816271, 0.15374627081, 0.00033208814478],
      [0.0011917923359, 0.016876908711, 0.72579499276, 0.25613630619],
      [0.29410029093, 0.16670660083, 0.33254874755, 0.20664436069]
    ],
    [
      [0.16411277361, 0.25902442111, 0.57665310918, 0.00020969609346],
      [0.016261975423, 0.0071200717258, 0.90152666005, 0.0750912928],
      [0.0021536227475, 0.91193914041, 0.085736070508, 0.00017116633502],
      [0.00024530992398, 0.023244293473, 0.55998256507, 0.41652783153],
      [0.066520797942, 0.27078525155, 0.29800925343, 0.36468469708]
    ],
    [
      [0.092117031064, 0.16926732057, 0.73848948072, 0.00012616765012],
      [0.0080372838258, 0.0035586740033, 0.95624438306, 0.032159659114],
      [0.0014152639528, 0.88630170381, 0.11217566854, 0.00010736370033],
      [0.00017619560323, 0.016688869819, 0.84527258626, 0.13786234831],
      [0.056838373077, 0.25737573282, 0.52653694362, 0.15924895048]
    ],
    [
      [0.88796017517, 0.012500286309, 0.099516763664, 2.2774859916e-05],
      [0.12999046576, 0.0017780170591, 0.83174889999, 0.036482617197],
      [0.029012975619, 0.83558888749, 0.13523481897, 0.00016331792054],
      [0.0026696470566, 0.0089158501686, 0.80453347101, 0.18388103176],
      [0.72890507672, 0.044028145835, 0.17040622801, 0.05666054944]
    ],
    [
      [0.51980808614, 0.055065882988, 0.42504183206, 8.4198817531e-05],
      [0.059144069902, 0.0020265573925, 0.90391415236, 0.034915220346],
      [0.018877919732, 0.77461369795, 0.20628561134, 0.00022277097902],
      [0.0012832102608, 0.0097640379765, 0.83110814665, 0.15784460511],
      [0.3800140015, 0.1038164342, 0.38874235923, 0.12742720507]
    ],
    [
      [0.40176609964, 0.093941334153, 0.50408763243, 0.00020493378271],
      [0.047162738921, 0.0029804825436, 0.87969036362, 0.070166414914],
      [0.014131274886, 0.78973261998, 0.19570014125, 0.00043596388073],
      [0.00093524928809, 0.012842956127, 0.72468106074, 0.26154073384],
      [0.25431128993, 0.14051544624, 0.36984816388, 0.23532509995]
    ],
    [
      [0.35125687247, 0.13191652821, 0.51656460404, 0.00026199527909],
      [0.039664936162, 0.0040314079079, 0.86970156939, 0.08660208654],
      [0.0092872575613, 0.83924144881, 0.15105141511, 0.0004198785114],
      [0.00074326939656, 0.016418996196, 0.67697470006, 0.30586303435],
      [0.20183330949, 0.17939265179, 0.34443054775, 0.27434349097]
    ],
    [
      [0.34130742995, 0.14714774104, 0.5113400789, 0.00020475010717],
      [0.039816170772, 0.0046362212688, 0.88594236758, 0.069605240383],
      [0.0083123085759, 0.8540205533, 0.13736575279, 0.00030138533419],
      [0.00078180038318, 0.019778076028, 0.72252593177, 0.25691419182],
      [0.20650723109, 0.21032093804, 0.35848737972, 0.22468445114]
    ],
    [
      [0.31172917837, 0.11922396736, 0.56881749465, 0.00022935962164],
      [0.032833663555, 0.0033972672503, 0.89317680513, 0.07059226406],
      [0.008807191001, 0.81307665467, 0.17772342233, 0.00039273200226],
      [0.00064230400224, 0.014444747451, 0.72587721885, 0.2590357297],
      [0.18671296008, 0.16903364616, 0.39532866155, 0.24892473221]
    ],
    [
      [0.31407333913, 0.18058064257, 0.50506464407, 0.00028137422795],
      [0.036140699553, 0.0056134948932, 0.86365940085, 0.094586404707],
      [0.0064116500216, 0.87946351408, 0.11377751181, 0.00034732408689],
      [0.00065728387858, 0.022180044293, 0.65231722546, 0.32484544637],
      [0.17071140403, 0.23196481245, 0.31821224804, 0.27911153548]
    ],
    [
      [0.33877846863, 0.17474165242, 0.48624978611, 0.00023009284632],
      [0.040860127463, 0.0056988394625, 0.87245041447, 0.080990618609],
      [0.0071374481392, 0.87940354157, 0.11316560896, 0.00029340132756],
      [0.00077471827612, 0.023478525973, 0.68710311926, 0.28864363649],
      [0.19546966045, 0.23836104378, 0.32531156462, 0.24085773115]
    ],
    [
      [0.43150882604, 0.18283434414, 0.38550348837, 0.00015334144447],
      [0.064319994143, 0.0074075293661, 0.86106281581, 0.06720966068],
      [0.008821755029, 0.90333983003, 0.087647475799, 0.00019093914019],
      [0.0012821354904, 0.032116726719, 0.71352899083, 0.25307214696],
      [0.270961589, 0.27220674599, 0.28134263631, 0.1754890287]
    ],
    [
      [0.35475369008, 0.10813877683, 0.5369342084, 0.00017332468563],
      [0.039105222153, 0.0032712296128, 0.90041654057, 0.057207007661],
      [0.010604588595, 0.80883200498, 0.18024443524, 0.00031897118316],
      [0.00079526016777, 0.014484554405, 0.76145196502, 0.22326822041],
      [0.22690474284, 0.16494739382, 0.40079822953, 0.20734963382]
    ],
    [
      [0.14217469629, 0.4631246856, 0.39469631307, 4.3050364915e-06],
      [0.020285624708, 0.015342665375, 0.96378146816, 0.00059024175753],
      [0.00058763772538, 0.98212399382, 0.017287335323, 1.0331299578e-06],
      [0.00048830052989, 0.078560158111, 0.92095154136, 5.2014959028e-36],
      [0.076554382347, 0.68637849868, 0.23706711897, 1.2506158953e-19]
    ],
    [
      [0.47088821748, 0.082725408504, 0.44630067026, 8.5703758382e-05],
      [0.059947977364, 0.0029901394139, 0.90308194011, 0.033979943116],
      [0.016671814036, 0.79850263028, 0.18463151711, 0.00019403857488],
      [0.0013295566625, 0.014530722407, 0.83850698407, 0.14563273686],
      [0.34651743727, 0.14748311239, 0.38788417139, 0.11811527895]
    ],
    [
      [0.92242375023, 0.023168162353, 0.054402485546, 5.6018740278e-06],
      [0.34028072196, 0.0044970848343, 0.64607575255, 0.0091464406539],
      [0.055140837328, 0.86647421138, 0.078348094467, 3.6856825163e-05],
      [0.01086919488, 0.033480229753, 0.90679034266, 0.04886023271],
      [0.85178134312, 0.066685537874, 0.076937375516, 0.0045957434923]
    ],
    [
      [0.35235026684, 0.060738659478, 0.58690448264, 6.5910428933e-06],
      [0.035115946174, 0.0017442777146, 0.96249674365, 0.00064303246288],
      [0.013340439814, 0.72686997581, 0.25977360988, 1.597449145e-05],
      [0.00087411160794, 0.0094196912007, 0.98970619719, 1.9132753027e-21],
      [0.28482835094, 0.12098810593, 0.5941835431, 2.1639698157e-11]
    ],
    [
      [0.66086680726, 0.090566952393, 0.24850004095, 6.61994011e-05],
      [0.12307769703, 0.0052429865737, 0.82813864466, 0.043540671738],
      [0.019828247801, 0.88236206888, 0.097668960152, 0.00014072317169],
      [0.0026785039929, 0.025307545313, 0.76034661174, 0.21166733895],
      [0.49548096155, 0.17262372031, 0.23045462222, 0.10144069592]
    ],
    [
      [0.27012227658, 0.12490606311, 0.60481648265, 0.00015517765825],
      [0.027615577939, 0.0034601312932, 0.92247811509, 0.046446175677],
      [0.0073046002815, 0.81145684319, 0.1809841255, 0.00025443102776],
      [0.00057703693055, 0.015711921179, 0.80072728292, 0.18298375897],
      [0.17423671391, 0.19061880418, 0.45251348464, 0.18263099728]
    ],
    [
      [0.48626118548, 0.075080179462, 0.43857947169, 7.9163369374e-05],
      [0.059938794766, 0.0027368962332, 0.90543157573, 0.031892733273],
      [0.017275124087, 0.79248234954, 0.1900550485, 0.00018747786752],
      [0.0013280388082, 0.013341788119, 0.84215767374, 0.14317249934],
      [0.35932941645, 0.13687369611, 0.38917194087, 0.11462494657]
    ],
    [
      [0.20549593385, 0.20274654531, 0.59162373552, 0.00013378531682],
      [0.019083488262, 0.0054505437749, 0.93330154493, 0.042164423037],
      [0.0028841163457, 0.89767720478, 0.099315809318, 0.00012286955517],
      [0.0003915054295, 0.024187573435, 0.7849287543, 0.19049216683],
      [0.11604243026, 0.29359580208, 0.41478101615, 0.17558075151]
    ],
    [
      [0.27607997639, 0.069575297762, 0.6541738154, 0.00017091045006],
      [0.026272742101, 0.0017889331233, 0.9246019146, 0.047336410173],
      [0.011456334032, 0.68877762956, 0.29933748683, 0.00042854957384],
      [0.00055097277102, 0.0081499269647, 0.80534404402, 0.18595505625],
      [0.18317177411, 0.1090189193, 0.50279732693, 0.20501197967]
    ],
    [
      [0.40464461704, 0.082640996695, 0.51243279917, 0.00028158709191],
      [0.045174342204, 0.0025144876486, 0.85939694424, 0.092914225907],
      [0.015418127546, 0.76644787081, 0.21747933864, 0.00065466300309],
      [0.00083717490316, 0.010132695626, 0.6618485027, 0.32718162677],
      [0.23570904695, 0.11421643745, 0.34734111474, 0.30273340085]
    ],
    [
      [0.31639487779, 0.097164358652, 0.58615316684, 0.00028759671336],
      [0.029409475176, 0.0025693427258, 0.88117253597, 0.086848646128],
      [0.0088980256933, 0.79859928994, 0.19198198243, 0.00052070193312],
      [0.00053170902712, 0.010090886064, 0.65317175186, 0.33620565305],
      [0.16765192604, 0.12591032716, 0.3682610898, 0.338176657]
    ],
    [
      [0.32955539883, 0.1272785504, 0.54299057191, 0.00017547885796],
      [0.036660032158, 0.0038351222471, 0.90217651234, 0.057328333255],
      [0.0088808986156, 0.82885608329, 0.16197603698, 0.00028698111296],
      [0.00074462795698, 0.01693270848, 0.76114313857, 0.22117952499],
      [0.20809091544, 0.1902982556, 0.39778116537, 0.20382966359]
    ],
    [
      [0.3802720124, 0.10321380397, 0.51631479263, 0.00019939101246],
      [0.043310369917, 0.0032032815, 0.88631885878, 0.067167489801],
      [0.011997351538, 0.80590183704, 0.18171620481, 0.00038460660924],
      [0.0008613021232, 0.013864008474, 0.73301435548, 0.25226033392],
      [0.2388628558, 0.1541655149, 0.37771120151, 0.22926042778]
    ],
    [
      [0.46062548002, 0.094080340358, 0.44509624269, 0.00019793693195],
      [0.057847373062, 0.0032749948822, 0.86328673641, 0.075590895644],
      [0.015332972314, 0.81551536723, 0.16874050674, 0.00041115370999],
      [0.0011277714989, 0.013934508553, 0.70138544526, 0.28355227468],
      [0.29126541561, 0.14288829882, 0.33070925634, 0.23513702923]
    ],
    [
      [0.32891917951, 0.11982338589, 0.5510587288, 0.0001987057984],
      [0.035367328982, 0.0035173647475, 0.89766497637, 0.063450329903],
      [0.0089898840425, 0.82218185165, 0.16849503457, 0.0003332297372],
      [0.00070576093605, 0.015278490319, 0.74452461941, 0.23949112934],
      [0.20278464719, 0.17610308765, 0.39603060435, 0.22508166081]
    ],
    [
      [0.33774729888, 0.081332920977, 0.5806388014, 0.00028097874251],
      [0.034337426979, 0.0022399377494, 0.87994918136, 0.083473453911],
      [0.012821214261, 0.74267006588, 0.24386210429, 0.00064661557252],
      [0.00065114182634, 0.0092305700777, 0.6932029857, 0.29691530239],
      [0.19713113728, 0.11230989897, 0.39328826028, 0.29727070347]
    ],
    [
      [0.28416999844, 0.042655198287, 0.67301306852, 0.00016173475841],
      [0.02642686632, 0.0010712836032, 0.928761472, 0.043740378078],
      [0.015887337905, 0.56905597944, 0.41451075085, 0.0005459317985],
      [0.00056193858921, 0.0049482168405, 0.82023716735, 0.17425267722],
      [0.19505875872, 0.069120759592, 0.53500395273, 0.20081652896]
    ],
    [
      [0.38619063501, 0.045377431905, 0.56820545281, 0.00022648027644],
      [0.040250521162, 0.0012881494616, 0.8886849947, 0.069776334673],
      [0.021650168133, 0.62376950118, 0.35380715045, 0.00077318023801],
      [0.00079607855716, 0.0055392910556, 0.73044396432, 0.26322066607],
      [0.24517849616, 0.068272959464, 0.419365077, 0.26718346738]
    ],
    [
      [0.33602645791, 0.11619870501, 0.54758088783, 0.00019394925199],
      [0.037042587186, 0.0034628554095, 0.897143318, 0.0623512394],
      [0.0098574577455, 0.81248244029, 0.17731600271, 0.00034409925713],
      [0.00074412424801, 0.015113789529, 0.74860767787, 0.23553440836],
      [0.21036958404, 0.17187050496, 0.39731060388, 0.22044930712]
    ],
    [
      [0.34170267104, 0.10960320214, 0.54849136934, 0.00020275747613],
      [0.03690123535, 0.0032236462813, 0.8947862791, 0.065088839267],
      [0.01009275246, 0.80891024701, 0.1806308131, 0.0003661874225],
      [0.00073297367752, 0.013937231373, 0.73897746138, 0.24635233357],
      [0.21123976204, 0.16132053316, 0.39511241926, 0.23232728554]
    ],
    [
      [0.38544318806, 0.10097443613, 0.51342786316, 0.00015451266118],
      [0.045286175786, 0.0032090552025, 0.89848552462, 0.053019244389],
      [0.012707438665, 0.79993819415, 0.1870458591, 0.00030850808634],
      [0.00094267533469, 0.01451880887, 0.77704714511, 0.20749137068],
      [0.25698348539, 0.15921613, 0.39689381111, 0.1869065735]
    ],
    [
      [0.43237945269, 0.10749662767, 0.4600091892, 0.00011473044126],
      [0.056371037747, 0.0038001847805, 0.89605411715, 0.043774660322],
      [0.0137354168, 0.82408111374, 0.16196212221, 0.00022134724194],
      [0.0012161750215, 0.017827626759, 0.80351552008, 0.17744067814],
      [0.30268944353, 0.17816139558, 0.37366013246, 0.14548902843]
    ],
    [
      [0.33529143853, 0.10531360904, 0.55912652775, 0.00026842468046],
      [0.03547197123, 0.0030112177212, 0.87875090042, 0.082765910631],
      [0.010608825704, 0.79366128401, 0.19521640985, 0.00051348042827],
      [0.0006726519593, 0.012404668998, 0.69206848432, 0.29485419472],
      [0.19505137895, 0.14472195811, 0.37694523269, 0.28328143025]
    ],
    [
      [0.51568248119, 0.089041204737, 0.39523168269, 4.4631386019e-05],
      [0.074614251173, 0.0036360254216, 0.90200150766, 0.019748215748],
      [0.017877511871, 0.82282924849, 0.15919488581, 9.8353825893e-05],
      [0.0017597486393, 0.018792601054, 0.89097288318, 0.088474767128],
      [0.40449207495, 0.16844089765, 0.36405212111, 0.063014906297]
    ],
    [
      [0.5044040588, 0.084704073611, 0.4105560383, 0.0003358292886],
      [0.063336669061, 0.0029758035629, 0.80117278687, 0.13251474051],
      [0.018631003292, 0.80640032242, 0.17418926112, 0.00077941317324],
      [0.0010304906513, 0.010556428173, 0.54242441117, 0.44598867],
      [0.26775497639, 0.10823597928, 0.25736760971, 0.36664143461]
    ],
    [
      [0.46129443846, 0.11163542043, 0.42684388298, 0.00022625814235],
      [0.058057267379, 0.003961806234, 0.84775224293, 0.090228683457],
      [0.01311669185, 0.84554608205, 0.14092811982, 0.00040910628258],
      [0.0010618596873, 0.015853499149, 0.64804933378, 0.33503530739],
      [0.27220379542, 0.15990394547, 0.29965674841, 0.2682355107]
    ],
    [
      [0.61757042684, 0.07274259529, 0.30933970555, 0.00034727231952],
      [0.084670408491, 0.0030498818854, 0.73492952646, 0.17735018316],
      [0.023003640011, 0.82922493452, 0.146876169, 0.00089525647133],
      [0.0010940500341, 0.0086504178257, 0.39616751183, 0.59408802031],
      [0.29067107439, 0.086611588199, 0.18162813571, 0.44108920169]
    ],
    [
      [0.52727198569, 0.092000069629, 0.38021391651, 0.00051402817131],
      [0.066355931741, 0.0032014716548, 0.73359556049, 0.19684703611],
      [0.018736886771, 0.82682956136, 0.15329878046, 0.0011347714014],
      [0.00095223234465, 0.010011009494, 0.4379870586, 0.55104969956],
      [0.24186633645, 0.10110387539, 0.20508950289, 0.45194028528]
    ],
    [
      [0.33068721871, 0.12497005212, 0.54412923493, 0.00021349423265],
      [0.036436514824, 0.0037205964587, 0.89128582958, 0.068557059141],
      [0.00913041601, 0.82471669229, 0.16579639455, 0.00035649715186],
      [0.00071828555365, 0.015936429071, 0.72977026096, 0.25357502441],
      [0.20124378055, 0.17973425536, 0.38378208091, 0.23523988317]
    ],
    [
      [0.39235981981, 0.10865924362, 0.49879011782, 0.00019081875354],
      [0.046735686149, 0.0034990375906, 0.88347224017, 0.066293036087],
      [0.012309735799, 0.81453811284, 0.17278995503, 0.00036219633529],
      [0.00093540262904, 0.015218181582, 0.73459689567, 0.24924952012],
      [0.24940064712, 0.16323176839, 0.3675302304, 0.21983735409]
    ],
    [
      [0.34607955242, 0.08927468672, 0.56448990355, 0.00015585730859],
      [0.037628142778, 0.0026206485813, 0.91049007686, 0.049261131784],
      [0.012452236882, 0.76335116058, 0.22385795116, 0.00033865138106],
      [0.00078968560453, 0.011947680777, 0.7936612115, 0.19360142212],
      [0.23196314409, 0.14125837017, 0.43819595628, 0.18858252947]
    ],
    [
      [0.38546946682, 0.086909137079, 0.5272925028, 0.00032889330835],
      [0.041723557041, 0.0025473899278, 0.8513703219, 0.10435873113],
      [0.014164121185, 0.77077194574, 0.21433119216, 0.00073274091366],
      [0.00074944889496, 0.0099452394493, 0.63527137674, 0.35403393491],
      [0.21358840496, 0.11396921266, 0.33915870136, 0.33328368101]
    ],
    [
      [0.34985173764, 0.10610939182, 0.54382770165, 0.00021116889481],
      [0.038089471233, 0.0031457821818, 0.8908304334, 0.067934313186],
      [0.01077244189, 0.80234471237, 0.18648595523, 0.00039689051053],
      [0.0007525993502, 0.013520777418, 0.73160549917, 0.25412112406],
      [0.21560979619, 0.15533181654, 0.39002014521, 0.23903824206]
    ],
    [
      [0.83401744157, 0.0038010997533, 0.16208870674, 9.2751935457e-05],
      [0.13834179058, 0.00034257557391, 0.77179620901, 0.089519424837],
      [0.12125461969, 0.38871033024, 0.48854744439, 0.0014876056783],
      [0.0024000138345, 0.0013486196277, 0.58659022428, 0.40966114225],
      [0.60003580415, 0.0079056028997, 0.18125599759, 0.21080259536]
    ],
    [
      [0.48461031635, 0.088984792894, 0.42617991375, 0.00022497701209],
      [0.064145023425, 0.0032003679446, 0.84506578378, 0.087588824848],
      [0.018049078516, 0.80507835953, 0.17636246041, 0.0005101015423],
      [0.0012234574296, 0.013275998073, 0.67001311619, 0.3154874283],
      [0.3025389773, 0.13168947583, 0.309265968, 0.25650557886]
    ],
    [
      [0.49311858099, 0.090679088134, 0.41603427005, 0.00016806083457],
      [0.046249652437, 0.0032122621927, 0.87471952349, 0.075818561883],
      [0.010524770259, 0.84706627548, 0.14210580604, 0.00030314822313],
      [0.00070566607889, 0.010470802172, 0.52930623826, 0.45951729349],
      [0.23241114218, 0.12688442305, 0.29097610632, 0.34972832845]
    ],
    [
      [0.30331265069, 0.08742997461, 0.60899907381, 0.00025830089508],
      [0.02963002612, 0.0023244441496, 0.89357820035, 0.074467329378],
      [0.010640838903, 0.75126209815, 0.23754486256, 0.00055220038637],
      [0.00057258907209, 0.0097663443742, 0.71752471445, 0.2721363521],
      [0.17902729796, 0.12249235121, 0.4182740474, 0.28020630343]
    ],
    [
      [0.50182340661, 0.086975509778, 0.41092077309, 0.00028031052504],
      [0.066401590479, 0.0031409946332, 0.82032037912, 0.11013703576],
      [0.018885575239, 0.80771624616, 0.17275230035, 0.00064587825017],
      [0.0011886945542, 0.012237166027, 0.6103747063, 0.37619943312],
      [0.29404047663, 0.121155228, 0.28055263309, 0.30425166227]
    ],
    [
      [0.41587859783, 0.11898661741, 0.46499001079, 0.00014477396832],
      [0.052823702453, 0.0041148403498, 0.88883198007, 0.054229477128],
      [0.011937327475, 0.83902212784, 0.14878668899, 0.00025385569414],
      [0.0010974609064, 0.01860611926, 0.76799592399, 0.21230049584],
      [0.27668036997, 0.18805978934, 0.35986274201, 0.17539709868]
    ],
    [
      [0.30768322858, 0.083323726879, 0.60876212891, 0.00023091562839],
      [0.030617235939, 0.0022410557773, 0.90023415937, 0.066907548917],
      [0.011419730206, 0.73873067202, 0.24933136837, 0.00051822940049],
      [0.000607063357, 0.0096537120909, 0.7413932385, 0.24834598606],
      [0.18909020615, 0.12098817284, 0.43360747237, 0.25631414864]
    ],
    [
      [0.35896064972, 0.075872767453, 0.56499007314, 0.00017650968031],
      [0.038545421253, 0.0022055108053, 0.90390928215, 0.05533978579],
      [0.014434284511, 0.73398884523, 0.25114688143, 0.00042998883219],
      [0.00079552784876, 0.0098926101528, 0.77506255458, 0.21424930742],
      [0.23721364697, 0.1185759247, 0.43296402205, 0.21124640627]
    ],
    [
      [0.35864957573, 0.09927914109, 0.5418448948, 0.00022638838398],
      [0.039335100794, 0.0029479610816, 0.88514999786, 0.072566940269],
      [0.011898210253, 0.78888843295, 0.19875835305, 0.0004550037442],
      [0.00076970565203, 0.01253549518, 0.71953364285, 0.26716115632],
      [0.21956007609, 0.14372150509, 0.38474454401, 0.25197387482]
    ],
    [
      [0.3400387769, 0.11078621945, 0.54902820252, 0.00014680113793],
      [0.037076362768, 0.0033211660828, 0.91147014763, 0.048132323515],
      [0.009956644459, 0.80894777123, 0.1808307271, 0.00026485721413],
      [0.00077158697017, 0.015038907267, 0.7881133902, 0.19607611557],
      [0.22293228587, 0.17308172404, 0.41969274384, 0.18429324625]
    ],
    [
      [0.31370927505, 0.13552936884, 0.55053085622, 0.00023049988702],
      [0.034178504632, 0.0039831461933, 0.88892698446, 0.072911364711],
      [0.0081382773816, 0.8342128262, 0.15728807513, 0.00036082128516],
      [0.00066430727876, 0.016816579974, 0.71757022172, 0.26494889103],
      [0.18603411846, 0.18969349198, 0.37805862578, 0.24621376379]
    ],
    [
      [0.18786775037, 0.22558385475, 0.58641299068, 0.00013540420128],
      [0.019460473892, 0.0063322918886, 0.9316159297, 0.042591304519],
      [0.0028434953885, 0.89813337139, 0.098897449649, 0.00012568357252],
      [0.00040183636305, 0.028457267543, 0.79739564252, 0.17374525357],
      [0.11171626104, 0.32317698609, 0.40774321717, 0.15736353571]
    ],
    [
      [0.33290037419, 0.1430119253, 0.52390965568, 0.00017804482645],
      [0.038380238114, 0.0044533616338, 0.89736125515, 0.059805145104],
      [0.0082723824519, 0.84784046312, 0.14361970864, 0.00026744579013],
      [0.0007752099725, 0.019543910385, 0.75286458803, 0.22681629161],
      [0.20801796174, 0.21113548283, 0.3793427624, 0.20150379303]
    ],
    [
      [0.3589413629, 0.12991288674, 0.51092935033, 0.00021640002495],
      [0.041533001341, 0.0040693243528, 0.88114264476, 0.073255029548],
      [0.0096458914554, 0.83812729083, 0.15187436149, 0.00035245623208],
      [0.00080911572745, 0.017230262855, 0.71319510115, 0.26876552027],
      [0.21716022381, 0.1859605377, 0.35865144909, 0.2382277894]
    ],
    [
      [0.47615726358, 0.098065289453, 0.42558009378, 0.00019735319261],
      [0.064475981257, 0.0035833135027, 0.85431562225, 0.077625082994],
      [0.016736574774, 0.81803756544, 0.16480713344, 0.00041872634301],
      [0.0012679257893, 0.015307508427, 0.69779156108, 0.2856330047],
      [0.3059760045, 0.14873670021, 0.31670753427, 0.22857976102]
    ],
    [
      [0.35865159239, 0.092207436215, 0.549045117, 9.5854395537e-05],
      [0.040424965718, 0.0028170300718, 0.92509676341, 0.031661240801],
      [0.012449280702, 0.77631084767, 0.2110379138, 0.00020195783204],
      [0.00089650440254, 0.013584427831, 0.85273940923, 0.13277965854],
      [0.25823397533, 0.15721609412, 0.458527544, 0.12602238655]
    ]
  ],
  "expected_outcome": [
    [
      [2.9626909441, 23.9828524477, 1.1487894153, 0.27635109319, 0.88796017517, 2.5990404307, 104.0574198066, 43.5558521864, 90.1051615075, 20.2623965939, 67.5257679138, 53.8657765124, 34.9522149095, 12.4163791528, 0.71087348143, 7.5342114797, 2.7672712507, 4.5805534689, 5.9478012653, 22.4201489561, 5.3488730403, 0.61648780154, 53.5595154193, 25.4926108735, 2.5311590223, 35.5919830739, 15.5911525082, 10.1337605604, 5.5916260517, 22.9668163236, 91.7869094956, 33.2123946108, 72.2456884515, 15.7183228678, 65.5253419695, 47.9941192486, 72.4229507232, 11.3450145862, 14.1233136464, 9.6871832076, 6.1757042684, 17.9272475134, 59.1930121499, 89.0656790961, 132.2023890256, 51.2674390865, 16.7928834065, 2.5020523247, 44.584149104, 1.479355743, 13.6490692809, 31.1130512099, 19.5462940982, 38.1527203438, 41.6394353681, 50.5695901778, 11.2212796377, 135.2086975476, 2.8180162556, 78.8973886841, 47.3802599032, 309.0260640602, 43.3968426791],
      [0.6505878777, 5.7190468173, 1.8131709478, 0.50780196171, 0.012500286309, 0.27532941494, 24.3308055455, 16.3576494979, 38.8470036356, 7.7495578783, 38.8248381526, 27.7839227343, 14.8095818752, 3.7848571892, 2.315623428, 1.3236065361, 0.069504487059, 0.78960257321, 0.81510257154, 10.3672032383, 0.82588197408, 0.60823963593, 13.4976077659, 5.2063827918, 0.77731486922, 13.7460834429, 4.2317659626, 2.0697674879, 2.0369975601, 5.5306386264, 13.7776290468, 3.9024591438, 24.9827215765, 5.0417472985, 17.1656541415, 11.9321256718, 22.7477395521, 1.9589065042, 2.3717140611, 2.3443438289, 0.7274259529, 3.1280023674, 22.3696393304, 24.6656483015, 34.1029303271, 11.5589152316, 5.0932508074, 0.01140329926, 8.1866009463, 0.2720372644, 3.9343488575, 5.3924816062, 5.5923710181, 10.332142133, 8.8012410245, 13.9983588937, 3.6559452417, 58.4131579695, 3.3837578212, 33.8938262957, 17.1485010494, 63.6443728549, 11.1570997821],
      [4.3848962977, 23.2889189418, 4.0365717643, 2.2154684421, 0.099516763664, 2.1252091603, 130.5586967982, 64.0540109011, 134.9937808286, 36.9731371524, 108.5888984747, 77.3137159908, 31.2257825583, 18.7926972941, 1.9734815654, 7.1408107241, 0.16320745664, 7.6297582743, 2.2365003685, 50.19976806, 4.8243741886, 1.7748712066, 126.9097201875, 32.283266348, 4.6892253347, 58.6429817665, 21.1689064977, 9.7921173392, 9.3679983897, 39.4834384955, 217.3832211306, 48.8656689416, 117.7298908828, 25.2306029899, 87.2827367366, 51.0610200007, 120.7713299938, 8.6950970191, 11.4955690724, 8.9637215425, 3.0933970555, 12.9272731614, 97.3991330521, 113.2253567454, 215.6351431554, 70.1299028719, 26.1037296791, 0.48626612022, 39.2085520646, 1.2481028101, 27.4049583213, 25.4770879313, 21.8545305072, 75.4865039853, 65.5388484845, 76.4001301664, 18.117930683, 237.2787990316, 8.7961948602, 124.1665883964, 67.4426742441, 276.2014808628, 66.434459157],
      [0.0018248805449, 0.0091817931354, 0.0014678726542, 0.00037850295037, 2.2774859916e-05, 0.00042099408765, 0.053077849722, 0.032487414607, 0.054054028293, 0.014908375407, 0.060495459009, 0.036584762565, 0.012420657002, 0.0060663639971, 2.1525182458e-05, 0.0013712601341, 1.6805622083e-05, 8.5683557613e-05, 0.0005957946099, 0.012879745635, 0.00087079706311, 0.00040135595047, 0.033156627312, 0.01773998679, 0.0023007737069, 0.01895171666, 0.008175031511, 0.0043546125028, 0.0033779985729, 0.019106554491, 0.052240326966, 0.019477303774, 0.041699089178, 0.0093268439021, 0.026267152401, 0.012735078979, 0.05797973098, 0.00098189049241, 0.0094032200807, 0.0047514209893, 0.0034727231952, 0.017476957825, 0.038215467645, 0.043315857054, 0.059537491881, 0.04374281001, 0.010136106951, 0.00027825580637, 0.020697885112, 0.00050418250372, 0.011623540279, 0.017379252552, 0.0068043765111, 0.02863353792, 0.020475122916, 0.031920762142, 0.0048444375516, 0.099345451305, 0.0020310630192, 0.042196623868, 0.028564803293, 0.12808222201, 0.01159838186]
    ],
    [
      [1.4028451429, 6.9470159375, 0.065047901693, 0.080372838258, 1.1699141918, 0.82801697862, 10.5644535182, 5.5927559989, 9.0780869361, 12.3782911602, 5.6018084307, 6.7827811588, 6.6892793909, 1.0558409981, 0.060856874125, 2.2180751625, 0.34028072196, 0.10534783852, 1.2307769703, 3.175791463, 0.59938794766, 0.13358441783, 7.8818226304, 4.6077829048, 0.17645685106, 2.1996019295, 6.5398658575, 3.9914687413, 3.996508175, 13.4259339488, 7.5580837676, 3.0992901295, 5.8156861882, 2.6199877099, 7.6986498836, 8.455655662, 6.7396745338, 2.3876560375, 1.4567433884, 1.3933744171, 0.84670408491, 3.7159321775, 8.1253428058, 10.9828862451, 11.852864975, 6.8843869117, 3.923215537, 0.96839253409, 11.930974357, 0.046249652437, 3.6148631867, 5.4449304193, 8.1876738803, 15.8903454524, 11.4094446908, 6.490291631, 0.8156799809, 34.6228251927, 0.2529861606, 8.9809757187, 7.6420722467, 45.9068986553, 2.5871978059],
      [0.086948296179, 0.45197901171, 0.028480286903, 0.035586740033, 0.016002153532, 0.028371803495, 0.66762808976, 0.56842851501, 1.0570584493, 1.2807697534, 0.87009170844, 0.94600735078, 0.77038305408, 0.088323199546, 0.046027996125, 0.11063515832, 0.0044970848343, 0.0052328331439, 0.052429865737, 0.39791509871, 0.027368962332, 0.038153806424, 0.53667993699, 0.25647774016, 0.015416056355, 0.23010733482, 0.4836955065, 0.22597464687, 0.39746221646, 0.87581566002, 0.30638711051, 0.099187508541, 0.54366829929, 0.22887888597, 0.54553938442, 0.57002771708, 0.57213136703, 0.11635281349, 0.068443481948, 0.095083349616, 0.030498818854, 0.17928241267, 0.82969301028, 0.82227383378, 0.82550430311, 0.42031933809, 0.32401556472, 0.0023980290174, 0.5952684377, 0.0032122621927, 0.28358218625, 0.25756155992, 0.63780025422, 1.1631079484, 0.65283119837, 0.48641357846, 0.073065653822, 4.0349270939, 0.082319794552, 1.0420866223, 0.74875568092, 2.5513192139, 0.1802899246],
      [32.823335046, 101.7268397914, 3.6061066402, 9.5624438306, 7.4857400999, 12.654798133, 197.0506414514, 122.627921284, 201.9948598073, 336.7276555359, 133.8672071312, 144.8267688012, 89.5505328443, 24.3112465955, 2.8913444045, 33.4140317839, 0.64607575255, 2.8874902309, 8.2813864466, 106.0849832354, 9.0543157573, 6.5331108145, 277.3805743809, 87.6584883126, 5.2870352158, 54.1305907404, 133.834147676, 59.5667848124, 101.4361423295, 344.060129912, 265.6257809916, 68.4287445922, 140.8515009267, 63.5298258162, 152.7425391859, 134.4081175726, 166.9626710794, 28.864048245, 18.4269740979, 20.3460538303, 7.3492952646, 41.0813513877, 198.7567399955, 207.6159764406, 286.8043742101, 140.4761031137, 91.7555346402, 5.402573463, 157.1822357836, 0.87471952349, 109.0165404429, 67.2662710881, 137.7689569107, 467.2215287111, 267.5571475169, 146.0497496461, 20.0523432479, 900.4830352612, 12.1110070861, 209.9825337047, 162.1302466356, 608.2727230391, 59.2061928582],
      [2.686871515, 7.8741652594, 0.3003651712, 0.32159659114, 0.32834355478, 0.48881308484, 15.7172769407, 12.2108942021, 15.8699948074, 26.6132835506, 14.6608927296, 13.4444426891, 6.9898047108, 1.5445892068, 0.0017707252726, 1.2572578953, 0.0091464406539, 0.0019290973886, 0.43540671738, 5.3413102029, 0.31892733273, 0.29515096126, 14.2009230518, 9.4772510425, 0.52109187677, 3.4396999953, 10.14229096, 5.2157717994, 7.1698872791, 32.6381204791, 12.5097481302, 5.3727777698, 9.7891445858, 4.621307588, 9.0132715461, 6.5661990483, 15.7255230198, 0.63194290393, 3.0478390317, 2.165488403, 1.7735018316, 11.0234340222, 15.2882241884, 15.5788634805, 15.5172565119, 17.2191906365, 6.9972342581, 0.62663597386, 16.2915214217, 0.075818561883, 9.0850141841, 9.0312369326, 8.4055689549, 34.7250178881, 16.380576594, 11.9735451444, 1.0589111173, 73.8592124523, 0.55368695875, 13.9944039543, 13.4789254368, 55.2690590917, 2.0263194113]
    ],
    [
      [0.3703351396, 1.6724704436, 0.090452155394, 0.0099068476697, 0.14506487809, 0.18877919732, 4.9176836603, 2.1546437542, 4.9707605284, 1.6557519082, 3.5969356621, 3.8827717877, 2.743565814, 0.8695762648, 0.0023505509015, 0.63352893336, 0.88225339725, 0.13340439814, 0.45604969942, 2.4543456946, 0.41460297809, 0.054798210569, 4.7543786231, 2.7752629583, 0.15126643679, 1.616323548, 1.0677642869, 0.70531672644, 0.58434246276, 3.2437672081, 3.7176370697, 1.6670629462, 6.8213607599, 0.62575065252, 2.7066844357, 2.9256437784, 7.7656604151, 0.85812056981, 1.341432237, 0.65583459251, 0.66710556031, 1.5176878285, 3.3326018437, 5.2316377144, 11.3688922732, 2.2520952685, 1.2172859336, 0.60627309846, 2.8517544055, 0.14734678363, 1.2662598294, 1.6808161962, 1.3727926596, 4.5907315427, 2.9157254712, 4.5808109475, 1.0354910237, 10.4902395449, 0.10236583399, 4.0286502541, 3.0673934828, 20.652933271, 1.6557543334],
      [22.2711386273, 98.1462832001, 38.3014438972, 6.2041119267, 4.1779444374, 7.7461369795, 274.8269517546, 194.7040161248, 510.7042908706, 152.8584110775, 493.3790313985, 478.3955266134, 280.9386871399, 66.3242244082, 3.9284959753, 30.3430999505, 13.8635873821, 7.2686997581, 20.2943275841, 272.649499312, 19.0195763891, 17.0558668908, 285.8427162672, 137.9606167453, 13.5761879291, 150.8518071584, 71.7252634969, 37.5137068927, 53.4418203575, 187.8955266668, 133.1590991897, 48.0302515911, 562.2378486806, 50.1524353148, 170.386835353, 175.5292772273, 580.9600598983, 39.4958039276, 58.0608232142, 42.2773041025, 24.0475231012, 66.9731944704, 301.0215926846, 346.1786979564, 696.9396096063, 122.5527393727, 90.6649524976, 1.9435516512, 127.2023808064, 11.8589278567, 89.4001896797, 71.8867459081, 96.4875447014, 296.9697301527, 148.2657467366, 303.7220466865, 84.1305682079, 1075.300332975, 32.3328013701, 412.8983055394, 266.524478483, 1009.4583557551, 103.2493427397],
      [6.3440477646, 18.1420599552, 3.6009149613, 0.78522967977, 0.67617409487, 2.0628561134, 68.1036491546, 35.0439283063, 82.1447201711, 33.4120033979, 63.8291841267, 61.5620912767, 27.2583649735, 14.7800436899, 0.069149341293, 7.0159976503, 1.2535695115, 2.5977360988, 2.2463860835, 60.8106661681, 4.561321164, 1.887000377, 124.2250570365, 39.1462809559, 3.2636937013, 29.479638731, 16.1727422279, 7.7620633102, 10.9521772468, 61.6971123853, 96.9955156997, 27.2431505843, 122.7026738736, 11.1991104125, 39.8407679889, 34.4979320318, 142.8984120131, 7.641354519, 12.5416268003, 7.0464059909, 4.2594089009, 12.4172012176, 60.5156840113, 73.4357308866, 204.3823094095, 34.0786595535, 21.0729129411, 2.442737222, 27.8652687444, 1.9894812845, 28.2678386449, 15.3749547314, 17.1104692341, 100.2312100856, 50.7316700481, 76.5219659245, 18.8063956181, 202.7443288435, 3.5603081874, 69.9427981067, 48.2960469524, 203.3720026667, 28.0680425352],
      [0.014478468482, 0.039186401084, 0.0071889860708, 0.00075154590231, 0.00081658960268, 0.0022277097902, 0.15171543049, 0.097411814646, 0.18022842985, 0.073833616426, 0.19484881274, 0.1596103222, 0.059382072599, 0.026155637019, 4.1325198312e-06, 0.0073734658455, 0.00058970920261, 0.0001597449145, 0.0032366329489, 0.085488825329, 0.0044994688205, 0.0023345215483, 0.17784807315, 0.11783934056, 0.008851932863, 0.052230562559, 0.034229988222, 0.018913070659, 0.021659932918, 0.16359373985, 0.12774804085, 0.059534878327, 0.23811668593, 0.022703620195, 0.06571222239, 0.047146962532, 0.37586767349, 0.0047209836429, 0.056117748473, 0.020455314129, 0.025962437669, 0.091916483515, 0.13012146043, 0.1539334425, 0.30918871091, 0.11650580527, 0.04484862769, 0.0074380283914, 0.080596043683, 0.0042440751238, 0.065711845979, 0.057483164265, 0.029193404826, 0.208328219, 0.086857744102, 0.17517644152, 0.02754515027, 0.46509863657, 0.0045246086109, 0.13024609979, 0.1120810818, 0.51670830727, 0.026860391661]
    ],
    [
      [0.0044108115074, 0.011917923359, 0.00024530992398, 0.00035239120646, 0.0053392941132, 0.0012832102608, 0.038345220812, 0.028244237069, 0.015636007664, 0.033399808117, 0.010516542057, 0.039510632082, 0.029489116278, 0.010338382181, 0, 0.0066477833126, 0, 0, 0, 0.0086555539583, 0.0026560776164, 0.0003915054295, 0.033609339032, 0.013394798451, 0.00053170902712, 0.0059570236558, 0.02411645945, 0.01014994349, 0.0098806531047, 0.043626502364, 0.026973052282, 0.0087568641287, 0.029020845672, 0.01172757884, 0.025452234037, 0.034052900602, 0.032959946006, 0.0052792459179, 0.0030914719539, 0.0074330178113, 0.0010940500341, 0.012379020481, 0.038069134343, 0.042093118307, 0.054488306713, 0.021734017954, 0.015804586354, 0.0048000276689, 0.025692606022, 0.00070566607889, 0.016032494019, 0.01426433465, 0.02743652266, 0.063741652485, 0.031025586101, 0.032327637385, 0.00077158697017, 0.12555407569, 0.0016073454522, 0.024031509147, 0.026700819006, 0.11791709841, 0.0062755308178],
      [0.059659954238, 0.16876908711, 0.023244293473, 0.033377739637, 0.017831700337, 0.0097640379765, 0.52656120121, 0.62392185544, 0.39556152057, 0.75112686744, 0.35488070869, 1.1974048246, 0.73868471454, 0.18829920727, 0, 0.072653612036, 0, 0, 0, 0.23567881768, 0.026683576238, 0.024187573435, 0.49714554485, 0.16212313002, 0.010090886064, 0.13546166784, 0.38819223727, 0.12541057698, 0.21389886446, 0.61844819521, 0.23751440835, 0.060932201612, 0.58943779162, 0.22299570197, 0.39200783949, 0.49917354926, 0.6078287809, 0.056377803162, 0.03166928452, 0.11097449404, 0.0086504178257, 0.13014312342, 0.84463074074, 0.68481817117, 0.82438997364, 0.28841194403, 0.28393632577, 0.0026972392554, 0.27879595954, 0.010470802172, 0.27345764248, 0.14684599232, 0.4651529815, 1.0136397695, 0.38581179596, 0.52649079756, 0.015038907267, 3.1783336151, 0.11382907017, 0.60586122192, 0.56859867421, 1.4235982837, 0.095090994817],
