{
  "X": [
    [5, 10, 17, 1],
    [7, 10, 24, 1],
    [1, 1, 6, 0],
    [3, 8, 31, 6],
    [1, 0, 6, 1],
    [10, 40, 50, 9],
    [1, 5, 10, 0],
    [6, 11, 32, 6],
    [183, 437, 907, 34],
    [62, 214, 381, 21],
    [19, 50, 165, 11],
    [37, 140, 270, 16],
    [58, 165, 454, 41],
    [6, 46, 34, 1],
    [1, 10, 18, 0],
    [45, 148, 291, 21],
    [126, 269, 618, 34],
    [48, 126, 304, 27],
    [58, 227, 581, 47],
    [40, 229, 418, 18],
    [52, 235, 398, 42],
    [21, 102, 205, 21],
    [41, 132, 285, 27],
    [43, 265, 479, 62],
    [65, 238, 519, 48],
    [56, 268, 792, 71],
    [61, 216, 553, 46],
    [49, 208, 441, 52],
    [14, 72, 143, 11],
    [27, 185, 280, 38],
    [1, 12, 13, 0],
    [29, 117, 191, 18],
    [1, 5, 8, 0],
    [17, 47, 82, 6],
    [9, 51, 97, 8],
    [3, 12, 20, 0],
    [2, 3, 7, 2],
    [6, 11, 45, 1],
    [2, 4, 9, 2],
    [1, 3, 11, 0],
    [22, 52, 132, 5],
    [7, 13, 34, 2],
    [41, 77, 277, 16],
    [87, 479, 742, 34],
    [8, 131, 150, 18],
    [71, 252, 550, 33],
    [12, 44, 89, 4],
    [5, 14, 31, 2],
    [1, 6, 21, 0],
    [22, 80, 86, 4],
    [14, 48, 130, 12],
    [83, 320, 825, 54],
    [2, 2, 8, 0],
    [55, 210, 416, 29],
    [45, 131, 206, 7],
    [74, 351, 518, 20],
    [585, 2214, 4482, 351],
    [161, 307, 654, 71],
    [427, 913, 1665, 157],
    [213, 338, 759, 47]
  ],
  "W": [
    [6, 9, 15, 2, 1],
    [12, 13, 14, 3, 0],
    [2, 4, 1, 1, 0],
    [11, 18, 13, 2, 4],
    [3, 3, 1, 1, 0],
    [17, 29, 52, 3, 8],
    [3, 2, 7, 1, 3],
    [8, 22, 18, 3, 4],
    [463, 413, 584, 42, 59],
    [156, 201, 268, 29, 24],
    [77, 79, 64, 10, 15],
    [121, 129, 187, 7, 19],
    [159, 271, 209, 32, 47],
    [16, 12, 51, 2, 6],
    [5, 7, 16, 0, 1],
    [140, 127, 182, 20, 36],
    [291, 289, 380, 43, 44],
    [101, 156, 204, 13, 31],
    [163, 292, 356, 36, 66],
    [101, 196, 356, 20, 32],
    [115, 195, 325, 34, 58],
    [73, 83, 159, 12, 22],
    [93, 127, 218, 17, 30],
    [104, 257, 392, 29, 67],
    [163, 268, 331, 45, 63],
    [159, 509, 388, 46, 85],
    [145, 253, 377, 52, 49],
    [119, 251, 270, 30, 80],
    [41, 61, 108, 14, 16],
    [93, 135, 254, 18, 30],
    [6, 6, 12, 1, 1],
    [62, 107, 150, 21, 15],
    [7, 2, 5, 0, 0],
    [38, 35, 72, 2, 5],
    [27, 48, 69, 8, 13],
    [10, 7, 16, 1, 1],
    [1, 5, 4, 1, 3],
    [10, 30, 16, 2, 5],
    [2, 7, 4, 1, 3],
    [2, 8, 3, 2, 0],
    [60, 67, 66, 9, 9],
    [16, 15, 18, 3, 4],
    [83, 136, 133, 29, 30],
    [258, 259, 700, 56, 69],
    [25, 80, 160, 22, 20],
    [157, 262, 377, 57, 53],
    [39, 44, 57, 5, 4],
    [22, 14, 13, 2, 1],
    [6, 13, 9, 0, 0],
    [37, 43, 100, 4, 8],
    [28, 77, 68, 10, 21],
    [208, 469, 501, 47, 57],
    [1, 7, 3, 0, 1],
    [165, 178, 300, 27, 40],
    [82, 89, 196, 13, 9],
    [217, 241, 446, 25, 34],
    [1677, 2343, 2784, 363, 465],
    [335, 327, 375, 53, 103],
    [744, 883, 1206, 125, 204],
    [522, 332, 408, 17, 78]
  ],
  "method": "mvn_cdf",
  "mvncdf_method": "genz",
  "mvncdf_samples": 5000,
  "mvncdf_error": 0.001,
  "cond_prob": [
    [
      [0.66015980427, 0.091375822403, 0.24161469493, 0.0068496783995],
      [0.047127186876, 0.080443401296, 0.84004743236, 0.032381979472],
      [0.027025677749, 0.54937543483, 0.40252317602, 0.021075711395],
      [0.036378459658, 0.18437565427, 0.74986479733, 0.029381088744],
      [0.13675440694, 0.11837162287, 0.45230770425, 0.29256626594]
    ],
    [
      [0.5127303704, 0.11617398835, 0.35861336006, 0.012482281195],
      [0.032156001875, 0.06942436921, 0.86121150364, 0.037208125272],
      [0.025573244415, 0.51478352732, 0.44040186289, 0.019241365375],
      [0.023727369683, 0.16547531921, 0.77842135048, 0.032375960622],
      [0.086307870432, 0.10729365928, 0.47607583302, 0.33032263728]
    ],
    [
      [0.37055295701, 0.10724342482, 0.52220361817, 0],
      [0.05335040745, 0.061072513609, 0.88557707894, 0],
      [0.025232022388, 0.4379359869, 0.53683199072, 0],
      [0.020260433802, 0.10328710903, 0.87645245717, 0],
      [0.042543507092, 0.11009106051, 0.42715580091, 0.42020963149]
    ],
    [
      [0.24122238958, 0.13384253546, 0.62493507495, 0],
      [0.00914169565, 0.04023260635, 0.82645228167, 0.12417341633],
      [0.0098695773119, 0.42081447761, 0.53955473208, 0.029761212994],
      [0.0068005597803, 0.10798243426, 0.72909653459, 0.15612047137],
      [0.010024392073, 0.029248029533, 0.19429212978, 0.76643544861]
    ],
    [
      [0.31644428345, 0, 0.58260186889, 0.10095384766],
      [0, 0, 0.82921768626, 0.17078231374],
      [0.017844723389, 0, 0.92833065092, 0.05382462569],
      [0.032822426251, 0, 0.83621068364, 0.13096689011],
      [0.042543507092, 0.11009106051, 0.42715580091, 0.42020963149]
    ],
    [
      [0.44730522021, 0.18845492872, 0.36360542544, 0.00063442562306],
      [0.030634086173, 0.10287170089, 0.77012689531, 0.096367317629],
      [0.021733432917, 0.62360306439, 0.33916953191, 0.015493970783],
      [0.019206499825, 0.22523681226, 0.64503901402, 0.11051767389],
      [0.039958093284, 0.088739637596, 0.23913688778, 0.63216538134]
    ],
    [
      [0.14005435831, 0.13740341737, 0.72254222432, 0],
      [0.02253115892, 0.070794465634, 0.90667437545, 0],
      [0.043347398689, 0.54119646916, 0.41545613215, 0],
      [0.016197431376, 0.153159357, 0.83064321162, 0],
      [0.071715128343, 0.16822205849, 0.76006281317, 0]
    ],
    [
      [0.56493264585, 0.094185152586, 0.34088220157, 0],
      [0.031556075102, 0.054886392503, 0.80575116184, 0.10780637055],
      [0.030193449539, 0.47064263144, 0.47722070606, 0.021943212967],
      [0.024753216246, 0.13362004532, 0.7050853488, 0.13654138963],
      [0.042140860132, 0.041647660602, 0.21029701787, 0.70591446139]
    ],
    [
      [0.34530745088, 0.16835741393, 0.48633513519, 0],
      [0.021573025744, 0.077905583629, 0.87209640092, 0.028424989708],
      [0.018041041274, 0.53394839772, 0.44421550799, 0.0037950530127],
      [0.01428834213, 0.18113807188, 0.76939610981, 0.035177476179],
      [0.05215105316, 0.12613301731, 0.50702585679, 0.31469007274]
    ],
    [
      [0.33344742895, 0.19715519061, 0.46831894296, 0.0010784374845],
      [0.021165428109, 0.091322043367, 0.84719584997, 0.040316678555],
      [0.015877434591, 0.5806659704, 0.39515354133, 0.0083030536808],
      [0.01352668728, 0.20937480237, 0.73073052638, 0.046367983972],
      [0.045021818037, 0.13323792558, 0.44014769633, 0.38159256005]
    ],
    [
      [0.22717160873, 0.16050619977, 0.60836652138, 0.0039556701247],
      [0.0074886231213, 0.060985008375, 0.8887415427, 0.042784825799],
      [0.0072338358436, 0.46946722689, 0.51152019751, 0.011778739754],
      [0.0073439447006, 0.14241066532, 0.80165353246, 0.048591857513],
      [0.025318664007, 0.090213185476, 0.47942453432, 0.40504361619]
    ],
    [
      [0.26936573722, 0.19471433081, 0.53407866167, 0.001841270305],
      [0.013933975308, 0.080772676387, 0.86129260962, 0.044000738686],
      [0.010339619465, 0.54823841452, 0.43105546563, 0.010366500389],
      [0.0098140145098, 0.18637545292, 0.75312847801, 0.050682054556],
      [0.031950317924, 0.11550942277, 0.44160336205, 0.41093689726]
    ],
    [
      [0.30443347857, 0.1710573975, 0.52321790566, 0.0012912182646],
      [0.017090543357, 0.072070795438, 0.85722485887, 0.053613802339],
      [0.014342657276, 0.51864487897, 0.45518121745, 0.011831246298],
      [0.011415359903, 0.16818400689, 0.75721283527, 0.063187797935],
      [0.034056016369, 0.095574900171, 0.40716449086, 0.4632045926]
    ],
    [
      [0.28027421937, 0.31369131245, 0.40603446818, 0],
      [0.03340204887, 0.15832989393, 0.8082680572, 0],
      [0.014540715463, 0.72036075102, 0.26509853352, 0],
      [0.011178159116, 0.3360999413, 0.63748045569, 0.015241443892],
      [0.05847584947, 0.27839701483, 0.50154095033, 0.16158618537]
    ],
    [
      [0.15479469664, 0.19351896664, 0.65168633671, 0],
      [0.01097730015, 0.071721666835, 0.91730103301, 0],
      [0.0054492759725, 0.52315490084, 0.47139582319, 0],
      [0.0047791312525, 0.16066027446, 0.82893048965, 0.0056301046402],
      [0.061997000164, 0.15987508555, 0.77812791429, 0]
    ],
    [
      [0.28148122716, 0.19673866864, 0.52039810415, 0.001382000048],
      [0.015512942055, 0.083766365589, 0.86235849002, 0.038362202334],
      [0.011646417629, 0.55730272789, 0.42262611307, 0.0084247414076],
      [0.010474626821, 0.19316313052, 0.75182431869, 0.044537923962],
      [0.035926222531, 0.12571941317, 0.46306383981, 0.37529052449]
    ],
    [
      [0.37403885216, 0.14992048632, 0.47510439441, 0.00093626711245],
      [0.023341912781, 0.070208487868, 0.86683072801, 0.039618871346],
      [0.019565917351, 0.50882158908, 0.4627345009, 0.0088779926734],
      [0.015761500706, 0.16586356534, 0.77106423659, 0.047310697359],
      [0.052183820537, 0.104512462, 0.45990155271, 0.38340216475]
    ],
    [
      [0.38101558729, 0.13657334075, 0.48107262702, 0.0013384449405],
      [0.023391105301, 0.061739225645, 0.85959409492, 0.055275574137],
      [0.020866259427, 0.48085596219, 0.48487556844, 0.013402209938],
      [0.015724206753, 0.14933419596, 0.76893989741, 0.066001699878],
      [0.045396182119, 0.081897178991, 0.40013391083, 0.47257272806]
    ],
    [
      [0.28405966014, 0.15656313762, 0.55816817072, 0.0012090315232],
      [0.01507106108, 0.062984117402, 0.87688936766, 0.045055453862],
      [0.013291041532, 0.48214551678, 0.49352615688, 0.011037284802],
      [0.010353491117, 0.1500336094, 0.78594037986, 0.053672519616],
      [0.033230137813, 0.091573217778, 0.45420798928, 0.42098865513]
    ],
    [
      [0.29755850667, 0.17707979676, 0.52532354777, 3.8148806249e-05],
      [0.01718746623, 0.076408323004, 0.87806727799, 0.028336932772],
      [0.014056686935, 0.52971998466, 0.45163732435, 0.004586004056],
      [0.011392747662, 0.1777604557, 0.77608292245, 0.034763874181],
      [0.042056623235, 0.12510579889, 0.51676841476, 0.31606916312]
    ],
    [
      [0.343511076, 0.18637521117, 0.46906096917, 0.0010527436599],
      [0.021428525383, 0.085775660884, 0.84056989612, 0.052225917616],
      [0.016705858765, 0.56491273683, 0.40741252144, 0.010968882961],
      [0.013847225502, 0.19678737363, 0.72866350104, 0.060701899835],
      [0.041680242152, 0.11298597704, 0.39591776378, 0.44941601702]
    ],
    [
      [0.24909047134, 0.17537029079, 0.57429084474, 0.0012483931305],
      [0.011207742678, 0.067345672458, 0.85362927283, 0.067817312029],
      [0.0081901819752, 0.50315611182, 0.47347286929, 0.015180836907],
      [0.0082803360928, 0.15632216411, 0.75424457088, 0.081152928912],
      [0.022024999226, 0.078663191321, 0.35874625545, 0.540565554]
    ],
    [
      [0.35246692526, 0.14454521756, 0.50185900285, 0.0011288543397],
      [0.021019361999, 0.062763520554, 0.8561636591, 0.060053458348],
      [0.019076119943, 0.48465369633, 0.48225399179, 0.014016191929],
      [0.013888608729, 0.15011848465, 0.76377892643, 0.07221398019],
      [0.038547216041, 0.079326920562, 0.38262386898, 0.49950199441]
    ],
    [
      [0.30040796735, 0.18776076655, 0.51142444588, 0.00040682022683],
      [0.01666903252, 0.079040723741, 0.83336802253, 0.070922221212],
      [0.013379792797, 0.54578119749, 0.42860882001, 0.012230189701],
      [0.011001662487, 0.18056013119, 0.72313352511, 0.085304681215],
      [0.028503030589, 0.089208075496, 0.33807083829, 0.54421805562]
    ],
    [
      [0.31882435353, 0.17334340521, 0.50670156298, 0.0011306782816],
      [0.018690854445, 0.075261452437, 0.85575344846, 0.050294244655],
      [0.015395706111, 0.52947857137, 0.44401918423, 0.011106538291],
      [0.012314733829, 0.17513637971, 0.75331059797, 0.059238288489],
      [0.037656184726, 0.10216526169, 0.41581578031, 0.44436277327]
    ],
    [
      [0.26622393571, 0.16762768833, 0.56509993452, 0.0010484414413],
      [0.012635168146, 0.066440926627, 0.87077411334, 0.050149791891],
      [0.011184014113, 0.49621531254, 0.48110274829, 0.011497925056],
      [0.0093687379059, 0.15633196676, 0.77475133097, 0.059547964366],
      [0.029043931965, 0.091834754887, 0.43080775484, 0.4483135583]
    ],
    [
      [0.32507212417, 0.13651421901, 0.53734007361, 0.0010735831966],
      [0.018749219831, 0.055459919757, 0.87077099927, 0.05501986114],
      [0.017811107967, 0.45461772643, 0.51410706558, 0.013464100018],
      [0.012434836583, 0.13630787318, 0.78449601439, 0.066761275846],
      [0.035910003497, 0.075411964764, 0.41160142935, 0.47707660239]
    ],
    [
      [0.31198136049, 0.18898820087, 0.497931223, 0.0010992156363],
      [0.01844386181, 0.082802451567, 0.84929432281, 0.049459363809],
      [0.01444951391, 0.55548222752, 0.41957581797, 0.010492440595],
      [0.012017992859, 0.19082383442, 0.7397449509, 0.057413221828],
      [0.03728625307, 0.11277590361, 0.41369362573, 0.4362442176]
    ],
    [
      [0.27223730274, 0.17786175425, 0.54789681666, 0.0020041263548],
      [0.014552640872, 0.072572439936, 0.87104788542, 0.041827033775],
      [0.011982332984, 0.52025673089, 0.45576741115, 0.011993524978],
      [0.009771161262, 0.16987107919, 0.7721755421, 0.048182217441],
      [0.03247945465, 0.10717669971, 0.46056071956, 0.39978312609]
    ],
    [
      [0.24671381336, 0.22200862835, 0.53127755829, 0],
      [0.011144587989, 0.087148702649, 0.80013943903, 0.10156727034],
      [0.0074605639889, 0.57793909912, 0.40419619254, 0.01040414435],
      [0.0080550536137, 0.19267453491, 0.67675560682, 0.12251480465],
      [0.017037392018, 0.077448330028, 0.25749763276, 0.6480166452]
    ],
    [
      [0.14200997944, 0.34292230842, 0.51506771213, 0],
      [0.0085190463507, 0.13894230506, 0.85253864859, 0],
      [0, 0.70853980826, 0.29146019174, 0],
      [0.010113973522, 0.31005193059, 0.67983409588, 0],
      [0.086711871728, 0.2962826894, 0.61700543888, 0]
    ],
    [
      [0.3676828734, 0.195080538, 0.43597407636, 0.0012625122403],
      [0.024023232939, 0.093802275421, 0.81787074674, 0.064303744896],
      [0.017973505235, 0.59171275995, 0.37756581631, 0.012747918504],
      [0.015192828981, 0.21231740446, 0.69879973332, 0.07369003324],
      [0.041206715386, 0.11017224588, 0.34318470116, 0.50543633757]
    ],
    [
      [0.14084166257, 0.25531971278, 0.60383862465, 0],
      [0.0051391072956, 0.088448374097, 0.90641251861, 0],
      [0.00076602948833, 0.60717305247, 0.39206091804, 0],
      [0.0046643988129, 0.20557151563, 0.78965620555, 0.00010788000142],
      [0.042543507092, 0.11009106051, 0.42715580091, 0.42020963149]
    ],
    [
      [0.3813092219, 0.15541821051, 0.45973669864, 0.0035358689486],
      [0.023664161365, 0.072664499909, 0.84559601899, 0.058075319737],
      [0.0199517779, 0.52445879072, 0.43879622149, 0.016793209885],
      [0.015547892981, 0.17108506505, 0.74677876946, 0.066588272506],
      [0.042876025023, 0.089529488348, 0.36945186014, 0.49814262649]
    ],
    [
      [0.26211111299, 0.20062230286, 0.53499187828, 0.0022747058713],
      [0.014134366556, 0.08271951741, 0.86369466052, 0.039451455509],
      [0.010893284382, 0.55727486513, 0.42033053317, 0.011501317324],
      [0.009352498495, 0.19182144438, 0.75526075391, 0.043565303216],
      [0.032161057251, 0.12508644141, 0.46561405858, 0.37713844276]
    ],
    [
      [0.24924676717, 0.2003601953, 0.55039303752, 0],
      [0.020087015125, 0.081926025335, 0.89798695954, 0],
      [0.015183372841, 0.56297137099, 0.42184525617, 0],
      [0.015309509638, 0.19015950021, 0.79453099016, 0],
      [0.10867974729, 0.22521443361, 0.6661058191, 0]
    ],
    [
      [0.92904639292, 0.019277484715, 0.047409057005, 0.0042670653548],
      [0.078884017091, 0.075015253819, 0.77839524111, 0.067705487979],
      [0.052664762683, 0.55036698492, 0.37096943934, 0.025998813053],
      [0.060838963706, 0.16584536469, 0.71096200725, 0.062353664356],
      [0.13501183573, 0.07944431394, 0.2885916576, 0.49695219273]
    ],
    [
      [0.41961039801, 0.11433806015, 0.46605154183, 0],
      [0.033351226001, 0.058091139508, 0.90661417391, 0.0019434605823],
      [0.024309764125, 0.45545474031, 0.52023549556, 0],
      [0.017767179607, 0.13663666125, 0.82920339747, 0.016392761675],
      [0.075773730926, 0.11066720915, 0.63177692809, 0.18178213184]
    ],
    [
      [0.66172280228, 0.10801050011, 0.2226716612, 0.0075950364168],
      [0.046088744693, 0.097671903518, 0.79053155248, 0.065707799308],
      [0.030465281912, 0.63088128635, 0.31727966959, 0.021373762143],
      [0.026662650434, 0.21515892866, 0.70696974397, 0.051208676932],
      [0.068469801503, 0.12053053369, 0.34828246263, 0.46271720217]
    ],
    [
      [0.2951850643, 0.16902863857, 0.53578629713, 0],
      [0.039363974658, 0.083225494463, 0.87741053088, 0],
      [0.01934423756, 0.55419381879, 0.42646194365, 0],
      [0.018342680729, 0.16677865539, 0.81487866388, 0],
      [0.03745188445, 0.13577679471, 0.6389158853, 0.18785543554]
    ],
    [
      [0.31781885428, 0.16724795296, 0.51457135616, 0.00036183659838],
      [0.019631866453, 0.073699397356, 0.88116926194, 0.025499474246],
      [0.016373217457, 0.52063005994, 0.45770346794, 0.0052932546648],
      [0.012501623958, 0.17207764876, 0.7846877637, 0.030732963578],
      [0.04693185809, 0.12410893383, 0.53519548035, 0.29376372773]
    ],
    [
      [0.3714204236, 0.14018431044, 0.48124005571, 0.0071552102482],
      [0.024961781665, 0.064247629417, 0.8820529648, 0.028737624118],
      [0.02284260802, 0.49348616405, 0.47110526405, 0.012565963882],
      [0.015198649522, 0.15440716582, 0.80177150409, 0.028622680563],
      [0.056520901138, 0.11184103532, 0.54603884287, 0.28559922067]
    ],
    [
      [0.38836783306, 0.10817069693, 0.50292696539, 0.00053450461934],
      [0.02467968267, 0.045689199709, 0.89963584517, 0.029995272448],
      [0.023776795219, 0.41895030297, 0.5498297834, 0.0074431184064],
      [0.01660000447, 0.123408627, 0.82288923664, 0.037102131884],
      [0.058843970634, 0.083628683866, 0.5305145958, 0.3270127497]
    ],
    [
      [0.27796194313, 0.19485825949, 0.52717979738, 0],
      [0.015541637156, 0.083199575458, 0.87242286729, 0.028835920099],
      [0.011429477831, 0.55298560873, 0.43161827391, 0.0039666395259],
      [0.01042040256, 0.19183683965, 0.76294404267, 0.034798715124],
      [0.038787791632, 0.13543608519, 0.50974538435, 0.31603073883]
    ],
    [
      [0.22569205872, 0.28642927776, 0.48649036062, 0.0013883029002],
      [0.011332838533, 0.12061370854, 0.80743694244, 0.060616510495],
      [0.0052052420541, 0.65890443454, 0.32326478645, 0.012625536952],
      [0.007491926935, 0.26480283657, 0.66167558753, 0.066029648969],
      [0.022670516407, 0.14698997212, 0.34817784156, 0.48216166992]
    ],
    [
      [0.35036934513, 0.15683639061, 0.4923689637, 0.0004253005629],
      [0.021617203556, 0.07144499204, 0.87236636347, 0.03457144093],
      [0.018243794064, 0.5124571603, 0.46210927091, 0.0071897747287],
      [0.014367603516, 0.16805829643, 0.77584361088, 0.041730489169],
      [0.049649843792, 0.11098917792, 0.48490197201, 0.35445900627]
    ],
    [
      [0.26955002683, 0.19457083188, 0.53224006469, 0.0036390766077],
      [0.014710995011, 0.080982278478, 0.86803424379, 0.036272482721],
      [0.01147136164, 0.55097776887, 0.42650992511, 0.011040944375],
      [0.0097847470772, 0.18817066317, 0.76275026091, 0.039294328841],
      [0.034368456089, 0.12548279056, 0.4810784286, 0.35907032475]
    ],
    [
      [0.21732599339, 0.21848220799, 0.54511842213, 0.019073376494],
      [0.0080285582523, 0.084810092293, 0.85380143917, 0.053359910284],
      [0.0054738118389, 0.57718491155, 0.39871718546, 0.018624091158],
      [0.007003168726, 0.19759716125, 0.74447493877, 0.050924731251],
      [0.02126243857, 0.10745195963, 0.3819012762, 0.48938432561]
    ],
    [
      [0.1471722744, 0.1635019185, 0.6893258071, 0],
      [0.0064091378236, 0.065796883547, 0.92779397863, 0],
      [0.0037386179909, 0.46262544477, 0.53363593724, 0],
      [0.0045587012987, 0.13010931446, 0.85887551196, 0.0064564722865],
      [0.020337790393, 0.10976274202, 0.80736847964, 0.062530987952]
    ],
    [
      [0.4717202794, 0.19280065917, 0.33504142173, 0.00043763971159],
      [0.037153046436, 0.12069306147, 0.81531703891, 0.026836853182],
      [0.021485799626, 0.65149153124, 0.32235394208, 0.0046687270525],
      [0.023978568932, 0.26434336419, 0.68148963164, 0.030188435234],
      [0.088034303416, 0.18375592332, 0.44793524856, 0.28027452471]
    ],
    [
      [0.35128059631, 0.15355173989, 0.49366114735, 0.0015065164512],
      [0.022418666668, 0.06909591494, 0.86948776248, 0.038997655912],
      [0.01902548395, 0.50766299479, 0.4631544328, 0.010157088468],
      [0.014130948766, 0.16391566638, 0.77781204345, 0.044141341405],
      [0.04775540827, 0.10571073922, 0.47401468088, 0.37251917163]
    ],
    [
      [0.3093135271, 0.15495542391, 0.53473512567, 0.00099592332675],
      [0.017582022538, 0.064518135835, 0.87189213197, 0.046007709658],
      [0.015469101005, 0.48900869513, 0.4847246851, 0.010797518768],
      [0.011735333888, 0.15381061952, 0.77953949131, 0.054914555287],
      [0.037109429765, 0.092768609555, 0.44512737967, 0.42499458101]
    ],
    [
      [0.96328185525, 0.0096259148576, 0.027092229893, 0],
      [0.058166216126, 0.077272654731, 0.86456112914, 0],
      [0.077994591839, 0.45337238081, 0.46863302735, 0],
      [0.081622403259, 0.11936150427, 0.78996640866, 0.0090496838028],
      [0.39557085635, 0.0893483596, 0.51508078405, 0]
    ],
    [
      [0.28441110633, 0.17946865531, 0.53476936491, 0.001350873458],
      [0.01540968976, 0.074840893515, 0.86581058086, 0.043938835863],
      [0.012275997217, 0.52689830704, 0.45059141617, 0.010234279573],
      [0.010482652442, 0.17400426954, 0.763810412, 0.051702666016],
      [0.034085297434, 0.10745963596, 0.44621163557, 0.41224343104]
    ],
    [
      [0.45103513343, 0.149411877, 0.39921363564, 0.00033935392311],
      [0.031258752507, 0.082876656311, 0.85662002013, 0.029244571052],
      [0.02168410048, 0.5496211698, 0.42295155603, 0.0057431736834],
      [0.021663732991, 0.19091909379, 0.75257401937, 0.034843153846],
      [0.077930873582, 0.12938957487, 0.48259253902, 0.31008701253]
    ],
    [
      [0.28864782405, 0.22155568942, 0.48979648653, 0],
      [0.017356056131, 0.099114812788, 0.85471027244, 0.028818858637],
      [0.012304179728, 0.60085822645, 0.38324862961, 0.003588964207],
      [0.011208457467, 0.22554132822, 0.72903648705, 0.034213727262],
      [0.041551089955, 0.15924833263, 0.48747605239, 0.31172452502]
    ],
    [
      [0.29306862697, 0.19668957001, 0.50946913116, 0.00077267186495],
      [0.016413127693, 0.084703729109, 0.85251849103, 0.046364652167],
      [0.012437136976, 0.56038783496, 0.41798717762, 0.0091878504423],
      [0.011041139489, 0.19455216725, 0.74001710433, 0.054389588936],
      [0.035344153584, 0.11816899903, 0.42552028213, 0.42096656525]
    ],
    [
      [0.41240680069, 0.16039401174, 0.42611739528, 0.0010817922819],
      [0.026469942286, 0.081694542491, 0.83928195812, 0.052553557102],
      [0.020299691612, 0.54861491062, 0.42020134718, 0.010884050587],
      [0.018268340789, 0.1871006115, 0.73287809135, 0.061752956362],
      [0.054441206052, 0.10589288134, 0.39211095381, 0.44755495879]
    ],
    [
      [0.47754670798, 0.14967831539, 0.37194849463, 0.00082648200393],
      [0.032083294783, 0.087205496755, 0.82821137141, 0.052499837049],
      [0.021613913974, 0.56201385259, 0.4058194752, 0.010552758231],
      [0.023678974171, 0.19572891582, 0.71902434426, 0.061567765748],
      [0.070340431112, 0.10971597553, 0.38070269076, 0.4392409026]
    ],
    [
      [0.37025305258, 0.1613233394, 0.4676389777, 0.00078463032911],
      [0.023301215614, 0.076489049974, 0.86117959511, 0.039030139303],
      [0.018767620161, 0.53073771689, 0.44232619816, 0.0081684647959],
      [0.015671880988, 0.178217745, 0.7596737222, 0.046436651811],
      [0.052157589342, 0.11313028319, 0.45637546077, 0.37833666669]
    ]
  ],
  "expected_outcome": [
    [
      [3.9609588256, 6.1527644448, 0.74110591401, 2.6534462854, 0.94933285036, 7.6041887436, 0.42016307493, 4.5194611668, 159.8773497577, 52.0177989159, 17.4922138723, 32.5932542033, 48.4049230933, 4.4843875099, 0.77397348322, 39.4073718029, 108.8453059791, 38.4825743165, 46.3017246031, 30.0534091734, 39.5037737397, 18.1836044076, 32.7794240489, 31.2424286042, 51.9683696258, 42.3296057773, 47.1354580053, 37.1257818986, 11.1617294125, 22.9443846428, 0.85205987665, 22.7963381509, 0.98589163797, 14.4897504323, 7.0770000507, 2.4924676717, 0.92904639292, 4.1961039801, 1.3234456046, 0.5903701286, 19.069131257, 5.9427267775, 32.2345301441, 71.7141813287, 5.642301468, 55.0079871847, 10.5124510463, 4.7811718545, 0.88303364638, 17.4536503377, 9.8358566966, 64.3372136368, 0.96328185525, 46.9278325443, 36.9848809416, 62.6365778184, 491.4760874241, 138.1562782327, 355.2947507357, 193.272093445],
      [0.54825493442, 1.3940878602, 0.21448684964, 1.4722678901, 0, 3.2037337883, 0.41221025212, 0.75348122068, 77.949482651, 30.7562097346, 12.3589773821, 23.5604340279, 27.1981262028, 5.0190609992, 0.96759483322, 27.5434136092, 43.6268615188, 13.7939074156, 25.5197914315, 17.8850594727, 21.4331492851, 12.8020312275, 13.4427052329, 19.5271197209, 28.2549750491, 26.6528024444, 19.7945617572, 22.489595904, 7.2923319241, 20.6468024361, 2.0575338505, 12.0949933558, 1.7872379895, 5.9058919995, 5.4168021772, 2.003601953, 0.019277484715, 1.1433806015, 0.21602100021, 0.33805727714, 10.0348771775, 2.2429489671, 8.978167845, 50.2734309484, 7.160731944, 24.6233133259, 7.5882624433, 4.8066085757, 0.981011511, 7.1336243892, 4.2994487169, 32.2307281726, 0.0096259148576, 29.6123281256, 12.2517739138, 48.0775846042, 329.8484089094, 53.7319939345, 111.3606666507, 84.2107831654],
      [1.4496881696, 4.3033603207, 1.0444072363, 6.8742858245, 1.7478056067, 6.1812922326, 2.1676266729, 2.7270576125, 225.1731675913, 73.057755102, 46.8442221459, 64.6235180619, 83.1916469998, 6.4965514909, 3.2584316836, 72.8557345811, 138.2553787724, 48.5883353289, 90.9814118272, 53.0576783245, 53.9420114543, 41.9232316664, 46.6728872646, 53.1881423714, 82.5923547652, 89.8508895891, 77.914310674, 59.2538155367, 22.4637694829, 49.4088129211, 3.0904062728, 27.0303927344, 4.2268703726, 17.4699945482, 14.4447807135, 5.5039303752, 0.047409057005, 4.6605154183, 0.44534332239, 1.0715725943, 30.8742813695, 7.6998408914, 41.7429381275, 136.0123877229, 12.1622590155, 77.301927301, 20.7573625227, 11.9926052869, 4.1359548426, 12.3965326038, 13.8225121259, 111.2249061386, 0.027092229893, 88.2369452095, 32.7355181229, 106.2858375774, 854.3797329489, 142.7493274184, 276.7296800026, 244.1075463578],
      [0.041098070397, 0.14978737434, 0, 0, 0.30286154297, 0.010785235592, 0, 0, 0, 0.16823624758, 0.3045865996, 0.2227937069, 0.20530370407, 0, 0, 0.19348000672, 0.27245372972, 0.13518293899, 0.19707213828, 0.0038530294312, 0.12106552089, 0.091132698524, 0.10498345359, 0.04230930359, 0.1843005599, 0.16670218917, 0.1556695635, 0.13080666072, 0.082169180548, 0, 0, 0.078275758896, 0, 0.13436302005, 0.061417058525, 0, 0.0042670653548, 0, 0.015190072834, 0, 0.021710195903, 0.11448336397, 0.044363883405, 0, 0.034707572506, 0.066772188376, 0.1419239877, 0.41961428286, 0, 0.016192669329, 0.042182460633, 0.20715205196, 0, 0.22289412057, 0.027827021695, 0, 1.2957707175, 0.36240041445, 0.61490261092, 0.40957703179]
    ],
    [
      [0.42414468188, 0.41802802437, 0.2134016298, 0.1645505217, 0, 0.88838849901, 0.045062317841, 0.69423365224, 8.9096596322, 4.2542510498, 0.59160122658, 1.7974828147, 4.6315372498, 0.40082458644, 0.076841101052, 1.970143641, 6.7458127936, 3.6490124269, 4.4007498355, 3.3687433811, 4.1785624496, 0.93024264229, 2.6694589739, 4.2839413578, 5.0091489913, 6.4313005863, 4.7435526173, 4.6294093144, 0.88771109316, 1.5045193785, 0.051114278104, 2.5704859245, 0.010278214591, 0.82824564778, 0.67844959466, 0.14060910587, 0.39442008545, 1.00053678, 0.32262121285, 0.31491179727, 1.3153350524, 0.37442672497, 3.3564368431, 4.0252840234, 0.90662708262, 5.6637073318, 0.64728378048, 0.11239981553, 0.083318791707, 1.5975809967, 1.7262373334, 8.2459685705, 0.40716351288, 2.7429247773, 2.7820289731, 4.1828095276, 38.4559581847, 8.6556711275, 28.3295492934, 7.7360035837],
      [0.72399061167, 0.90251679974, 0.24429005443, 0.7241869143, 0, 2.9832793258, 0.14158893127, 1.2075006351, 32.1750060388, 18.3557307168, 4.8178156616, 10.4196752539, 19.5311855636, 1.8999587272, 0.50205166785, 10.6383284299, 20.2902529937, 9.6313192007, 18.3913622813, 14.9760313089, 16.7262538723, 5.589690814, 7.9709671104, 20.3134660015, 20.1700692531, 33.8184316531, 14.0313596986, 20.7834153434, 4.4269188361, 11.7650748577, 0.83365383038, 10.0368434701, 0.17689674819, 2.5432574968, 3.9705368357, 0.57348217735, 0.37507626909, 1.7427341853, 0.68370332463, 0.66580395571, 4.9378596229, 0.96371444125, 6.2137311605, 21.5486900436, 9.6490966828, 18.7185879146, 3.563220253, 1.1873412921, 0.85535948611, 5.1898016434, 5.3203854503, 30.2590057064, 0.54090858312, 13.3216790457, 7.3760224117, 23.8866698819, 198.460837302, 26.7141153945, 77.0024536349, 25.3943645913],
      [7.5604268912, 11.1957495474, 3.5423083158, 14.8761410701, 2.4876530588, 22.3336799639, 1.8133487509, 17.7265255606, 360.1758135796, 170.2863658437, 70.2105818737, 111.1067466409, 232.3079367528, 9.6992166864, 6.4211072311, 109.5195282328, 250.5140803938, 134.096678807, 256.0516953555, 172.1011864868, 163.9111297429, 70.8512296453, 108.7327847054, 214.1755817892, 229.341924188, 443.2240236882, 220.3050628155, 213.1728750262, 53.1339210104, 108.0188242686, 5.1152318915, 87.5121699016, 1.8128250372, 29.5958606646, 41.4573437052, 6.2859087168, 3.8919762056, 27.1984252173, 5.5337208674, 7.019284247, 59.0383405503, 13.230794472, 122.3504749435, 225.9575226272, 64.594955395, 228.5599872299, 38.1935067268, 11.9532201484, 12.0613217222, 35.0586326731, 66.950557711, 408.9174098935, 6.051927904, 154.1142833933, 76.2391817916, 205.9851756591, 1997.4508244869, 274.4452003058, 731.3106409578, 285.9116255764],
      [0.29143781525, 0.48370562854, 0, 2.2351214939, 0.51234694123, 2.7946522113, 0, 2.3717401521, 11.7395207494, 8.1036523896, 3.3800012381, 5.6760952905, 14.5293404338, 0, 0, 4.8719996964, 11.4498538189, 8.6229895654, 13.1561925277, 5.5540388232, 10.1840539352, 5.6288368984, 7.6267892102, 18.2270108515, 13.4788575676, 25.5262440724, 13.9200248685, 12.414300316, 2.5514490603, 13.7115814953, 0, 6.8805007039, 0, 2.0326361908, 1.8936698644, 0, 0.3385274399, 0.058303817468, 0.45995459516, 0, 1.7084647745, 0.43106436178, 4.0793570529, 7.4685033057, 4.8493208396, 9.0577175238, 1.5959892397, 0.74703874398, 0, 1.1539846868, 3.0028195052, 21.5776158295, 0, 7.8211127837, 2.6027668236, 6.9453449314, 108.6323800264, 17.1850131722, 46.3573561139, 12.9580062486]
    ],
    [
      [0.40538516623, 0.3580254218, 0.025232022388, 0.12830450506, 0.017844723389, 1.1301385117, 0.30343179082, 0.5434820917, 10.5359681043, 4.2551524703, 0.46296549399, 1.9335088399, 2.9976153706, 0.74157648863, 0.08718841556, 2.1196480085, 7.4350485932, 4.2567169231, 4.7316107856, 5.0041805487, 5.4294040987, 1.3022389341, 4.1585941476, 5.2448787765, 5.0959787228, 4.3393974757, 6.7147877037, 3.9013687557, 1.2940919623, 1.8949832532, 0, 2.6960257853, 0.0038301474416, 1.4365280088, 0.75163662239, 0.24293396546, 0.21065905073, 0.388956226, 0.12186112765, 0.05803271268, 1.0806323522, 0.41116694436, 3.1623137641, 8.000634482, 0.83283872865, 6.8779103622, 0.65386761349, 0.071159553906, 0.033647561918, 2.1485799626, 1.2937329086, 7.7500196035, 0.23398377552, 3.6827991651, 4.2500836941, 5.4876641589, 34.6249893398, 7.6123843546, 26.0663802526, 7.6571890258],
      [8.2406315225, 7.2069693824, 0.4379359869, 5.4705882089, 0, 32.4273593483, 3.7883752842, 8.4715673659, 311.8258642698, 155.618480066, 30.0459025209, 102.5205835151, 108.3967797051, 36.738398302, 8.3704784134, 101.4290964763, 193.3522038497, 98.0946162875, 171.6438039753, 188.5803145399, 183.5966394709, 80.00182178, 105.6545058008, 213.9462294149, 175.2574071243, 192.5315412662, 171.3908828656, 149.9802014315, 56.1877269358, 146.7965311771, 8.5024776991, 88.7569139921, 3.0358652624, 37.7610329319, 38.4519656937, 9.0075419358, 2.2014679397, 7.287275845, 2.5235251454, 1.6625814564, 34.3615839562, 8.8827509529, 55.7203902955, 387.0899261099, 105.4247095263, 193.196349433, 31.4057328256, 7.5034038501, 4.1636290029, 65.1491531241, 34.5210836454, 244.993356259, 1.3601171424, 158.0694921127, 107.7257492813, 267.9827689989, 1560.1197325286, 205.730591483, 677.788706229, 216.5409884892],
      [6.0378476403, 6.1656260805, 0.53683199072, 7.0142115171, 0.92833065092, 17.6368156593, 2.908192925, 8.589972709, 259.4218566665, 105.9011490772, 32.7372926409, 80.6073720722, 95.1328744481, 13.5200252094, 7.5423331711, 76.9179525789, 175.8391103412, 98.9146159621, 175.6953118496, 160.7828874674, 132.4090694682, 75.2821862178, 105.1313702111, 168.0146574457, 146.9703499787, 186.6678663363, 193.8183637239, 113.2854708522, 49.2228804043, 102.6658329047, 3.4975223009, 56.634872447, 1.9603045902, 31.5933279476, 29.0028067885, 6.7495240987, 1.4838777574, 8.323767929, 1.2691186784, 1.279385831, 30.2084288837, 8.4798947529, 73.1273611923, 302.13279174, 51.7223658328, 174.2151951322, 24.3110657315, 5.183323411, 4.8027234352, 32.2353942081, 31.4945014301, 242.8470672349, 1.4058990821, 135.1774248505, 82.8985049826, 170.9288888059, 1163.6763025003, 157.5755051921, 489.4182870923, 180.4690888482],
      [0.31613567093, 0.26937911526, 0, 0.38689576892, 0.05382462569, 0.80568648073, 0, 0.39497783341, 2.2163109594, 2.2252183865, 0.75383934424, 1.9385355728, 2.4727304762, 0, 0, 1.5333029362, 3.3736372159, 2.7340508273, 3.9292733895, 1.6326174439, 3.5648869622, 2.4137530682, 3.0555298406, 4.7942343629, 3.6762641742, 4.4611949218, 5.0759657068, 2.8329589607, 1.2953006976, 2.642652665, 0, 1.9121877756, 0, 1.2091111117, 0.79359089538, 0, 0.10399525221, 0, 0.085495048571, 0, 0.34935480788, 0.22618734988, 0.98993474805, 2.7766476681, 2.0200859123, 2.7105450727, 0.62933382936, 0.24211318505, 0, 0.46687270525, 0.69068201584, 5.4095569026, 0, 3.0702838718, 1.1256620419, 1.6006780363, 25.5789756313, 4.0815189703, 12.7266264261, 3.3327336367]
    ],
    [
      [0.072756919316, 0.07118210905, 0.020260433802, 0.013601119561, 0.032822426251, 0.057619499474, 0.016197431376, 0.074259648738, 0.60011036945, 0.39227393112, 0.073439447006, 0.068698101569, 0.36529151689, 0.022356318232, 0, 0.20949253642, 0.67774453037, 0.20441468779, 0.37272568023, 0.22785495324, 0.47080566706, 0.099364033114, 0.23610634839, 0.31904821212, 0.55416302232, 0.43096194367, 0.64661150233, 0.36053978577, 0.13679625767, 0.14499096505, 0.010113973522, 0.31904940859, 0, 0.031095785963, 0.07481998796, 0.015309509638, 0.060838963706, 0.035534359215, 0.026662650434, 0.036685361457, 0.11251461563, 0.045595948567, 0.48140012963, 0.58354254334, 0.16482239257, 0.81895340039, 0.048923735386, 0.014006337452, 0, 0.095914275728, 0.14130948766, 0.55156069272, 0, 0.28303161592, 0.28162852888, 0.28021143667, 4.0079336346, 0.96822206184, 2.9598717714, 0.2664219768],
      [0.36875130854, 0.49642595764, 0.10328710903, 0.21596486852, 0, 0.67571043677, 0.153159357, 0.40086013597, 7.6077990191, 6.0718692686, 1.4241066532, 1.3046281704, 5.3818882205, 0.67219988261, 0, 3.8632626105, 7.1321333097, 1.9413445475, 5.4012099385, 3.5552091141, 6.6907707034, 1.8758659694, 2.552014239, 5.2362438044, 7.8811370871, 7.1912704709, 7.0880094052, 5.7247150325, 2.3781951087, 3.4681416283, 0.31005193059, 4.4586654937, 0, 0.3421701301, 1.534571555, 0.19015950021, 0.16584536469, 0.27327332249, 0.21515892866, 0.33355731079, 1.5486988389, 0.46322149747, 3.5788501831, 10.7428630202, 5.8256624045, 9.5793228967, 0.94085331585, 0.3951943225, 0, 1.0573734568, 1.6391566638, 7.2290991173, 0, 4.6981152776, 2.4819482193, 5.6385332054, 70.62243671, 9.9163324095, 24.4661144778, 3.029701665],
      [1.4997295947, 2.3352640514, 0.87645245717, 1.4581930692, 0.83621068364, 1.9351170421, 0.83064321162, 2.1152560464, 32.3146366119, 21.1911852651, 8.0165353246, 5.2718993461, 24.2308107287, 1.2749609114, 0, 15.0364863739, 33.1557621735, 9.9962186663, 28.2938536751, 15.5216584491, 24.7745590352, 9.0509348506, 12.9842417493, 20.9708722282, 33.8989769085, 35.6385612246, 40.7937927485, 22.1923485269, 10.8104575894, 12.1816009228, 0.67983409588, 14.6747943996, 0, 1.4935575389, 6.0420860313, 0.79453099016, 0.71096200725, 1.6584067949, 0.70696974397, 1.6297573278, 7.0621898733, 2.4053145123, 23.8637878627, 42.7248663895, 14.5568629257, 44.2230858203, 3.8137513046, 1.4889498775, 0, 2.7259585266, 7.7781204345, 36.6383560915, 0, 20.622881124, 9.7834622518, 18.2259121764, 268.6262088717, 38.8425388415, 89.8780430323, 12.9144532774],
      [0.058762177489, 0.097127881867, 0, 0.31224094274, 0.13096689011, 0.33155302168, 0, 0.4096241689, 1.4774539995, 1.3446715352, 0.48591857513, 0.3547743819, 2.0220095339, 0.030482887784, 0, 0.89075847924, 2.0343599864, 0.85802209842, 1.9322107062, 0.69527748362, 2.0638645944, 0.97383514695, 1.2276376632, 2.4738357552, 2.665722982, 2.7392063608, 3.471586344, 1.7223966548, 0.67455104417, 2.2052664838, 0, 1.547490698, 0, 0.13317654501, 0.34852242573, 0, 0.062353664356, 0.032785523351, 0.051208676932, 0, 0.2765966722, 0.085868041688, 1.0759618246, 1.9487280469, 1.4526522773, 2.3786378826, 0.19647164421, 0.1018494625, 0, 0.12075374094, 0.44141341405, 2.5809840985, 0, 1.3959719824, 0.452961, 0.85534318155, 19.7434207837, 3.2729066872, 7.6959707185, 0.78942308078]
    ],
    [
      [0.13675440694, 0, 0, 0.040097568293, 0, 0.31966474627, 0.21514538503, 0.16856344053, 3.0769121365, 1.0805236329, 0.3797799601, 0.60705604055, 1.6006327694, 0.35085509682, 0.061997000164, 1.2933440111, 2.2960881036, 1.4072816457, 2.1931890957, 1.3458119435, 2.4174540448, 0.48454998297, 1.1564164812, 1.9097030495, 2.3723396377, 2.4687342171, 1.7595901713, 2.9829002456, 0.5196712744, 0.51112176053, 0.086711871728, 0.61810073079, 0, 0.21438012511, 0.41809374426, 0.10867974729, 0.40503550719, 0.37886865463, 0.20540940451, 0, 0.42238672281, 0.22608360455, 1.765319119, 2.6763576226, 0.45341032813, 2.631441721, 0.13747382436, 0.02126243857, 0, 0.70427442733, 1.0028635737, 2.1152374966, 0.39557085635, 1.3634118974, 0.70137786224, 1.4127370585, 16.4350314167, 5.6074442234, 14.3494479469, 4.0682919687],
      [0.11837162287, 0, 0, 0.11699211813, 0, 0.70991710077, 0.50466617546, 0.16659064241, 7.4418480213, 3.197710214, 1.3531977821, 2.1946790326, 4.492020308, 1.670382089, 0.15987508555, 4.5258988741, 4.5985483281, 2.5388125487, 6.0438323734, 4.0033855645, 6.5531866683, 1.7305902091, 2.3798076169, 5.9769410582, 6.4364114864, 7.8059541654, 3.6951862734, 9.0220722886, 1.7148271953, 2.3234499008, 0.2962826894, 1.6525836882, 0, 0.44764744174, 1.6261237383, 0.22521443361, 0.23833294182, 0.55333604575, 0.36159160108, 0, 1.1169804045, 0.44736414129, 2.508860516, 9.3450898779, 2.9397994424, 5.8824264299, 0.50193116223, 0.10745195963, 0, 1.4700473865, 2.2199255235, 5.2878107446, 0.0893483596, 4.2983854384, 1.1645061738, 5.4144433096, 54.94858455, 10.9069667785, 22.3820590076, 8.824162089],
      [0.45230770425, 0, 0, 0.77716851914, 0, 1.9130951022, 2.2801884395, 0.84118807149, 29.9145255506, 10.563544712, 7.1913680149, 8.3904638789, 19.1367310706, 3.009245702, 0.77812791429, 16.6702982333, 20.2356683192, 12.4041512357, 29.9777272927, 16.5365892722, 22.9632302995, 7.89241762, 11.4787160695, 22.6507461656, 26.1963941596, 36.6186591618, 20.1684700381, 33.095490058, 7.3689715129, 7.7249289827, 0.61700543888, 5.1477705174, 0, 1.8472593007, 6.0529827615, 0.6661058191, 0.86577497281, 3.1588846404, 1.0448473879, 0, 4.8167593232, 2.1841553715, 15.915437874, 35.1724315203, 6.9635568311, 25.6998045166, 1.9243137144, 0.3819012762, 0, 3.5834819885, 9.9543082985, 25.3722606414, 0.51508078405, 17.8484654227, 4.3433328512, 16.5741857812, 197.8669311921, 40.3874282422, 77.6633489149, 35.5972859402],
