{
  "Z_true": {},
  "V_true": [
    [26, 53, 1523, 262],
    [851, 1077, 363, 46],
    [746, 8394, 862, 361],
    [273, 240, 16369, 763],
    [41, 587, 360, 116],
    [109, 421, 655, 534]
  ],
  "p_true": [
    [0.0139, 0.0284, 0.8171, 0.1406],
    [0.3641, 0.4608, 0.1553, 0.0197],
    [0.072, 0.81, 0.0832, 0.0348],
    [0.0155, 0.0136, 0.9277, 0.0432],
    [0.0371, 0.5317, 0.3261, 0.1051],
    [0.0634, 0.2449, 0.381, 0.3106]
  ],
  "Z_est": [
    [
      [1.6067, 0.5211, 1.0965, 0.4777, 1.2267, 1.0639, 0.6839, 0.6079, 1.2919, 0.3582, 0.5645, 0.4125, 0.0651, 0, 0.1952, 0.5319, 0, 0.5537, 0, 0.5102, 1.2159, 1.1616, 0.6405, 0.7816, 1.1073, 0.0217, 0.1086, 0, 1.8347, 0.456, 2.638, 0.456],
      [5.4542, 2.5802, 3.9022, 1.6414, 3.5062, 2.4652, 2.4333, 7.0002, 3.2827, 1.2773, 2.8101, 1.5583, 0.1788, 0, 0.3385, 2.1459, 0, 2.5291, 0, 1.1177, 4.9816, 2.6057, 1.4881, 2.7207, 3.9725, 0.0639, 0.1086, 0, 6.9997, 1.041, 4.6495, 1.0921],
      [86.9391, 38.8987, 55.0013, 27.881, 74.267, 89.4709, 129.8828, 64.3919, 101.4254, 21.3644, 51.6254, 30.0291, 2.756, 0, 4.4663, 47.3222, 0, 59.9172, 0, 37.3721, 112.8026, 89.2327, 71.8714, 84.4977, 135.9202, 2.9144, 3.7829, 0, 197.1656, 16.503, 110.7125, 19.4519],
      [0, 0, 0, 0, 0, 0, 0, 0, 0, 0, 0, 0, 0, 0, 0, 0, 0, 0, 0, 0, 0, 0, 0, 0, 0, 0, 0, 0, 0, 0, 0, 0]
    ],
    [
      [105.8899, 28.3859, 66.0054, 23.8299, 73.0415, 77.9702, 50.8871, 40.6754, 83.4744, 20.0389, 34.6751, 23.7841, 1.6093, 0, 0.8046, 33.6412, 1.6295, 32.0196, 1.267, 27.7524, 70.9518, 73.5615, 48.3531, 49.9448, 74.4381, 1.267, 4.8278, 7.3131, 119.4822, 23.7183, 139.786, 34.5959],
      [30.5075, 2.7136, 16.1711, 2.2945, 15.9173, 15.8267, 12.3112, 7.9694, 17.3198, 4.9391, 10.3365, 6.0522, 0.1324, 0, 0.0662, 8.8007, 0.4124, 9.1573, 0.4277, 5.2318, 18.9315, 16.4941, 9.8609, 12.0492, 18.1867, 0.28, 0.3971, 1.939, 30.2167, 4.1477, 23.5908, 14.5001],
      [53.6026, 9.8964, 25.8127, 3.8726, 29.0412, 59.1878, 37.7916, 25.3478, 46.2057, 5.019, 12.9826, 7.16, 0.2582, 0, 0.1291, 15.5523, 1.7208, 8.8182, 0.3051, 7.0118, 22.1054, 36.9316, 38.7763, 24.9973, 43.3616, 0.4528, 0.7745, 1.7468, 62.2798, 4.1308, 30.6037, 25.7751],
      [0, 0.0041, 0.0108, 0.003, 0, 0.0153, 0.0101, 0.0074, 0, 0.003, 0.0058, 0.0037, 0.0002, 0, 0.0001, 0.0058, 0.2374, 0.005, 0.0002, 0.004, 0.0112, 0.0127, 0.0097, 0.0087, 0.0136, 0.0002, 0.0006, 0.0011, 0.0212, 0.0032, 0.0194, 2.1288]
    ],
    [
      [27.6481, 13.0357, 24.0627, 9.3906, 23.7581, 11.2595, 5.8617, 9.7307, 22.0193, 7.1177, 12.0869, 8.692, 1.7981, 0.5818, 0.524, 10.282, 0.1793, 13.0747, 0.5584, 10.7451, 27.8962, 19.4039, 5.3217, 14.9705, 16.8989, 0.52, 3.1039, 3.3373, 33.0942, 9.6934, 38.5112, 3.7644],
      [678.2856, 349.2373, 517.8933, 213.62, 464.4875, 329.8514, 319.6749, 178.6452, 433.2843, 166.2986, 375.5571, 204.9911, 25.7394, 5.9042, 13.4063, 288.0754, 6.9168, 331.7661, 16.4682, 142.1147, 668.5651, 353.6011, 192.2833, 348.8246, 521.1083, 8.5223, 14.4243, 69.5679, 940.2642, 141.5136, 630.1766, 142.7068],
      [8.7708, 13.038, 13.574, 6.8885, 21.8555, 34.4802, 23.7462, 9.0997, 29.7351, 3.9033, 22.5785, 7.326, 1.8373, 0.3056, 0.3565, 23.3226, 0.0965, 13.8385, 4.361, 6.5974, 47.1838, 41.6143, 22.8064, 22.7615, 24.5902, 3.47, 5.0551, 4.8449, 85.3712, 12.0423, 28.9347, 3.5026],
      [12.2956, 4.689, 12.47, 7.1009, 9.899, 5.409, 13.7171, 7.5244, 8.9612, 3.6805, 17.7774, 8.991, 0.6252, 0.2084, 0.7132, 15.3201, 0.8074, 11.3207, 0.6123, 3.5428, 33.3549, 12.3807, 3.5886, 28.4434, 24.4026, 2.4877, 0.4168, 6.25, 30.2703, 5.7507, 30.3775, 9.0262]
    ],
    [
      [0.1553, 0.845, 1.673, 6.7397, 4.4979, 0.1028, 0.0661, 0.772, 2.2826, 2.7386, 0.0546, 1.8668, 0.6811, 0.1041, 0.2703, 0.0514, 0.0021, 0.8194, 0.0021, 1.1623, 2.2082, 4.2596, 0.0619, 0.0756, 0.107, 0.0021, 0.3244, 0.2812, 0.1774, 4.8093, 42.9032, 0.0441],
      [19.0163, 1.4573, 10.4523, 9.7049, 2.9627, 1.1348, 1.1201, 2.3486, 1.5111, 7.5408, 2.2062, 1.0843, 0.0823, 0.1687, 0.2548, 0.9878, 0.7091, 4.0297, 0.0588, 0.5145, 2.2931, 1.1995, 0.685, 1.2524, 1.8286, 0.0294, 0.05, 0.7648, 3.2222, 0.4792, 3.058, 6.4724],
      [797.4347, 269.6747, 525.3387, 220.4307, 690.8243, 822.0717, 1027.3618, 384.0123, 903.4957, 252.3729, 449.9047, 315.1106, 44.2335, 12.0595, 32.4561, 572.4873, 20.1532, 617.4495, 24.8536, 388.9725, 897.0244, 827.1687, 662.5701, 954.0592, 1323.8108, 28.3884, 38.2903, 81.2434, 1888.5085, 177.0727, 1058.6354, 375.1688],
      [39.3936, 15.023, 28.5359, 14.1247, 31.7152, 15.6907, 34.452, 26.8672, 28.7106, 9.3476, 41.8345, 26.9383, 2.0031, 0.6677, 2.0188, 33.4734, 2.1357, 22.7014, 1.0855, 11.3507, 74.4742, 25.3722, 10.683, 41.6128, 58.2535, 2.5802, 1.3354, 14.7107, 60.092, 10.6388, 93.4034, 12.3148]
    ],
    [
      [0.011, 0.0036, 0.0075, 0.0033, 0.0084, 0.0073, 0.0047, 0.0042, 0.0089, 0.0025, 0.0039, 0.0028, 0.0004, 0.0001, 0.0001, 0.0037, 0.0001, 0.0038, 0.0001, 0.0035, 0.0084, 0.008, 0.0044, 0.0054, 0.0076, 0.0001, 0.0007, 0.0009, 0.0126, 0.0031, 0.0181, 0.0031],
      [79.7707, 27.2672, 41.9349, 21.039, 43.1407, 23.6323, 32.3042, 8.9383, 40.7544, 13.1317, 34.0957, 21.9678, 0.8765, 0.6537, 1.3682, 24.3201, 1.6021, 34.9656, 2.372, 19.8727, 58.5372, 20.031, 20.7514, 46.4649, 55.0633, 0.7448, 1.3986, 6.9017, 77.8381, 10.2435, 41.3067, 4.3547],
      [10.5113, 4.6653, 7.7087, 7.146, 13.0006, 1.571, 11.5071, 0, 12.6356, 1.8035, 9.5964, 8.835, 0, 0.2764, 0.4789, 5.1514, 0.2449, 13.8849, 1.4156, 11.2496, 14.6922, 0, 8.4827, 24.7238, 21.2379, 0.1186, 0.4612, 2.2667, 16.4, 0.8366, 0, 0],
      [5.7069, 2.064, 3.3489, 1.8118, 3.8503, 1.7893, 3.184, 1.0575, 3.6011, 1.0623, 3.304, 2.1944, 0.1231, 0.0697, 0.1528, 2.5249, 0.1528, 3.1457, 0.2122, 1.8742, 5.7622, 1.961, 1.7614, 4.8059, 5.6912, 0.1364, 0.1395, 0.8307, 6.7493, 0.9168, 4.6752, 0.6422]
    ],
    [
      [12.689, 5.2088, 8.1549, 3.5589, 10.4674, 7.5963, 5.4964, 4.2098, 9.9229, 2.7442, 4.615, 3.2418, 1.846, 1.3139, 0.2057, 4.4898, 0.189, 4.5289, 0.1724, 6.8265, 9.7196, 8.6053, 4.6184, 6.2221, 9.441, 0.189, 1.6347, 1.0676, 14.3989, 3.3198, 19.1434, 3.1365],
      [40.9657, 20.7444, 20.6462, 8.7003, 18.9856, 13.0896, 13.1562, 3.0983, 17.8476, 6.8125, 14.9944, 8.3463, 0.9907, 0.2735, 0.5661, 11.6701, 0.3595, 13.5523, 0.6732, 6.1486, 26.6914, 14.0685, 7.9314, 14.6882, 21.8406, 0.3595, 0.6215, 2.8267, 37.4591, 5.5751, 25.2184, 1.8739],
      [29.7414, 4.8269, 3.5646, 1.7812, 20.0115, 2.2185, 12.7105, 0.1484, 26.5024, 3.5368, 7.3124, 4.5392, 0.9149, 1.3585, 1.1131, 14.1642, 0.7846, 10.0917, 0.0647, 9.7966, 16.1915, 11.0527, 2.493, 11.9605, 36.0793, 0.6559, 1.636, 1.8982, 24.2749, 2.4146, 17.1136, 0.1015],
      [60.6039, 23.2199, 35.6344, 15.9596, 49.5355, 24.0957, 35.6368, 11.5435, 44.7271, 13.9066, 33.0782, 19.8727, 3.2484, 1.0542, 2.1151, 34.6758, 1.6668, 30.8272, 1.0897, 17.2283, 63.3974, 36.2735, 15.9573, 40.1292, 73.639, 1.7955, 2.1078, 8.2075, 82.8672, 12.6905, 73.5245, 7.888]
    ]
  ],
  "V_est": [
    [22.1895, 73.9447, 1767.8658, 0],
    [1375.621, 317.1812, 641.6512, 2.5466],
    [388.922, 9093.7752, 547.8884, 332.4144],
    [80.1411, 88.6798, 16682.6387, 793.5403],
    [0.1526, 817.6436, 210.9019, 75.3019],
    [178.9738, 380.7755, 281.0539, 878.1968]
  ],
  "p_est": [
    [0.0119, 0.0397, 0.9484, 0],
    [0.5886, 0.1357, 0.2746, 0.0011],
    [0.0375, 0.8775, 0.0529, 0.0321],
    [0.0045, 0.005, 0.9455, 0.045],
    [0.0001, 0.7406, 0.191, 0.0682],
    [0.1041, 0.2215, 0.1635, 0.5109]
  ],
  "EI_Z": {},
  "EI_V": 7.8724,
  "MAE_Z": {},
  "MAE_V": 229.8209,
  "MAE_p": 0.0853,
  "runtime": 0.5663
}
