{
  "X": [
    [114, 1358, 1200, 1601, 2094, 4],
    [24, 75, 44, 84, 132, 0],
    [12, 78, 70, 122, 158, 0],
    [13, 46, 48, 99, 128, 0],
    [11, 95, 51, 122, 153, 0],
    [8, 37, 41, 80, 103, 0],
    [6, 76, 32, 69, 70, 0],
    [10, 171, 51, 111, 162, 0],
    [12, 209, 57, 109, 102, 0],
    [12, 123, 29, 57, 161, 0],
    [8, 93, 37, 41, 127, 0],
    [12, 115, 32, 61, 145, 1],
    [7, 119, 41, 78, 185, 0],
    [12, 123, 49, 75, 173, 0],
    [7, 74, 40, 57, 168, 0],
    [6, 83, 18, 44, 105, 1],
    [17, 56, 53, 63, 184, 0],
    [7, 92, 47, 95, 93, 1],
    [11, 98, 29, 79, 166, 0],
    [14, 106, 43, 69, 189, 0],
    [14, 91, 48, 63, 171, 0],
    [15, 142, 47, 98, 167, 1],
    [3, 142, 52, 84, 223, 0],
    [3, 83, 36, 69, 233, 0],
    [13, 50, 49, 76, 176, 0],
    [14, 31, 43, 59, 119, 0],
    [12, 28, 44, 46, 106, 0],
    [12, 96, 45, 102, 177, 0],
    [13, 93, 40, 92, 183, 0],
    [18, 81, 27, 74, 133, 1],
    [9, 76, 32, 75, 149, 2],
    [9, 61, 49, 58, 162, 0],
    [15, 75, 49, 93, 223, 0],
    [25, 77, 66, 109, 247, 0],
    [15, 94, 46, 93, 161, 0],
    [7, 77, 68, 100, 176, 0],
    [7, 39, 20, 69, 143, 1],
    [32, 13, 60, 93, 112, 1],
    [19, 12, 67, 104, 87, 1],
    [27, 22, 84, 137, 115, 2],
    [28, 19, 76, 93, 130, 0],
    [15, 29, 60, 83, 103, 2],
    [3, 29, 57, 87, 135, 0],
    [4, 26, 59, 89, 105, 0],
    [8, 31, 57, 77, 121, 1],
    [22, 49, 79, 75, 166, 0],
    [7, 37, 41, 60, 115, 1],
    [5, 81, 76, 95, 193, 0],
    [7, 73, 72, 66, 133, 0],
    [18, 13, 95, 132, 65, 0],
    [18, 14, 99, 134, 46, 0],
    [18, 15, 79, 104, 39, 0],
    [9, 23, 141, 183, 96, 1],
    [13, 6, 62, 159, 31, 0],
    [29, 13, 126, 223, 50, 1],
    [45, 14, 70, 87, 56, 0],
    [31, 28, 89, 96, 93, 0],
    [25, 15, 93, 93, 65, 1],
    [19, 11, 91, 94, 56, 0],
    [23, 9, 68, 100, 43, 0],
    [19, 14, 48, 80, 42, 0],
    [20, 14, 121, 133, 78, 0],
    [28, 11, 98, 100, 71, 0],
    [14, 23, 120, 118, 57, 0],
    [8, 24, 61, 72, 58, 0],
    [20, 18, 78, 86, 41, 1],
    [6, 47, 80, 103, 109, 0],
    [7, 28, 94, 125, 125, 0],
    [3, 39, 69, 98, 109, 1],
    [22, 27, 69, 112, 106, 0],
    [15, 42, 87, 144, 145, 0]
  ],
  "W": [
    [218, 1268, 1307, 1397, 1735, 446],
    [5, 75, 62, 93, 100, 24],
    [21, 62, 83, 93, 143, 38],
    [14, 43, 57, 77, 119, 24],
    [36, 80, 57, 93, 145, 21],
    [12, 31, 45, 67, 94, 20],
    [8, 60, 40, 49, 70, 26],
    [49, 125, 54, 114, 125, 38],
    [81, 148, 46, 61, 119, 34],
    [14, 119, 45, 102, 79, 23],
    [20, 96, 39, 88, 45, 18],
    [50, 92, 36, 87, 80, 21],
    [14, 101, 47, 120, 113, 35],
    [26, 101, 48, 117, 111, 29],
    [31, 79, 49, 96, 77, 14],
    [13, 72, 27, 61, 60, 24],
    [3, 60, 76, 113, 87, 34],
    [5, 89, 52, 60, 97, 32],
    [12, 93, 39, 115, 97, 27],
    [11, 109, 65, 118, 103, 15],
    [11, 97, 56, 109, 87, 27],
    [8, 143, 65, 94, 128, 32],
    [12, 130, 68, 152, 112, 30],
    [17, 89, 57, 145, 98, 18],
    [22, 42, 58, 116, 104, 22],
    [17, 30, 58, 67, 63, 31],
    [19, 22, 53, 62, 67, 13],
    [10, 95, 69, 108, 128, 22],
    [12, 93, 50, 111, 122, 33],
    [17, 80, 46, 70, 92, 29],
    [12, 85, 58, 84, 84, 20],
    [8, 56, 59, 114, 74, 28],
    [21, 77, 66, 144, 123, 24],
    [32, 72, 84, 144, 156, 36],
    [24, 98, 59, 86, 125, 17],
    [25, 82, 76, 98, 116, 31],
    [4, 41, 32, 91, 92, 19],
    [3, 7, 70, 80, 115, 36],
    [8, 11, 78, 53, 112, 28],
    [4, 24, 94, 63, 168, 34],
    [9, 20, 94, 74, 114, 35],
    [5, 28, 70, 68, 106, 15],
    [30, 26, 63, 77, 99, 16],
    [13, 25, 63, 64, 97, 21],
    [13, 29, 62, 93, 79, 19],
    [21, 47, 81, 113, 103, 26],
    [12, 36, 44, 72, 77, 20],
    [37, 80, 90, 108, 109, 26],
    [18, 72, 84, 89, 72, 16],
    [11, 10, 98, 34, 143, 27],
    [9, 6, 108, 20, 143, 25],
    [11, 11, 80, 20, 111, 22],
    [13, 20, 158, 41, 193, 28],
    [5, 4, 76, 15, 157, 14],
    [10, 10, 138, 29, 219, 36],
    [4, 10, 91, 44, 100, 23],
    [11, 23, 96, 60, 113, 34],
    [7, 13, 94, 41, 104, 33],
    [3, 6, 92, 38, 104, 28],
    [2, 10, 79, 30, 109, 13],
    [2, 11, 57, 21, 95, 17],
    [6, 9, 129, 46, 143, 33],
    [9, 13, 102, 39, 110, 35],
    [3, 14, 117, 41, 127, 30],
    [1, 21, 65, 42, 79, 15],
    [1, 20, 77, 24, 100, 22],
    [5, 40, 98, 70, 118, 14],
    [9, 31, 102, 79, 148, 10],
    [6, 39, 75, 61, 112, 26],
    [7, 22, 79, 65, 133, 30],
    [15, 31, 99, 89, 167, 32]
  ],
  "method": "mvn_pdf",
  "cond_prob": [
    [
      [1.3268909065e-37, 0.47242826822, 0.077091916536, 0.00020045677369, 0.45027935847, 6.9746948412e-113],
      [1.3064533886e-91, 0.88599185234, 8.3514675046e-55, 1.3857652073e-42, 0.11378242217, 0.00022572549095],
      [0.037309365375, 2.7110318443e-20, 0.79663744247, 0.062704909075, 0.10093055861, 0.0024177244761],
      [1.5513160437e-11, 0.041217943172, 1.4759986477e-15, 8.9606262365e-17, 0.95878205681, 4.105255127e-27],
      [0.03326176579, 1.1303342357e-09, 0.0043689125826, 0.80519951932, 0.15695027185, 0.00021952931886],
      [0.07403089048, 0.16122337502, 0.278204094, 0.24379435548, 0.24274728502, 2.249380113e-20]
    ],
    [
      [5.0614327734e-37, 0.46169869363, 0.047045129486, 0.00019273285611, 0.49106344403, 5.1155585255e-114],
      [4.9326566932e-91, 0.87730010444, 5.0370889439e-55, 1.318410482e-42, 0.12268353777, 1.6357784641e-05],
      [0.17772429146, 3.1338016892e-20, 0.61476890839, 0.074104728073, 0.13318627064, 0.00021580142723],
      [5.4338219833e-11, 0.03619174915, 8.2575569728e-16, 7.9218680902e-17, 0.9638082508, 2.7591470335e-28],
      [0.1178921288, 9.7670884865e-10, 0.0024410606923, 0.72460380191, 0.1550483066, 1.4701018663e-05],
      [0.25951560525, 0.13824738333, 0.15378532199, 0.21242988014, 0.23602180929, 1.489092063e-21]
    ],
    [
      [1.1452007838e-37, 0.50710862013, 0.045413387217, 0.00014078947528, 0.44733720318, 6.5195577634e-114],
      [1.0439545953e-91, 0.89546112529, 4.5515323201e-55, 9.0076359969e-43, 0.10451937183, 1.9502885081e-05],
      [0.049435132974, 4.3158248094e-20, 0.7314280252, 0.067188729848, 0.15160421009, 0.00034390188681],
      [1.3401466152e-11, 0.043455736426, 8.6917144415e-16, 6.306564336e-17, 0.95654426356, 3.8365683432e-28],
      [0.037970901524, 1.5526177594e-09, 0.0033801341569, 0.75480044931, 0.20382157531, 2.6938149071e-05],
      [0.079220196536, 0.2098273728, 0.20304303533, 0.21192358543, 0.2959858099, 2.5989301037e-21]
    ],
    [
      [2.0796040736e-37, 0.37145585984, 0.061455354103, 0.00019068310342, 0.56689810296, 4.9033523222e-114],
      [2.3774776238e-91, 0.83389326451, 7.7159500711e-55, 1.5299423722e-42, 0.16608835608, 1.8379408138e-05],
      [0.065625432911, 2.2927553503e-20, 0.72863495135, 0.066237128889, 0.13931574043, 0.00018674642269],
      [1.9549246756e-11, 0.025539079118, 9.4329246034e-16, 6.8641356714e-17, 0.97446092086, 2.3159403622e-28],
      [0.050964609168, 8.343268768e-10, 0.0033631439004, 0.75601070899, 0.18964664211, 1.4894998151e-05],
      [0.11722348829, 0.12386857459, 0.2232350244, 0.2328468669, 0.30282604582, 1.5860701468e-21]
    ],
    [
      [1.561004003e-37, 0.47355748086, 0.060877112331, 0.00017933691082, 0.4653860699, 5.4645402597e-114],
      [1.5071588413e-91, 0.88467607217, 6.4567836886e-55, 1.2157481322e-42, 0.11530662051, 1.7307322992e-05],
      [0.051877264504, 3.1048028613e-20, 0.76128591378, 0.065720008541, 0.12089681693, 0.00021999624378],
      [1.7640662094e-11, 0.039366987361, 1.1230001388e-15, 7.7582196248e-17, 0.96063301262, 3.1013836546e-28],
      [0.042139846108, 1.1797950623e-09, 0.0036698294731, 0.78237705814, 0.17179497542, 1.8289677242e-05],
      [0.093830234451, 0.16970366353, 0.23637237208, 0.23395838108, 0.26613534886, 1.8879710101e-21]
    ],
    [
      [1.6158067349e-37, 0.42462099778, 0.068474839937, 0.00018378782482, 0.50672037446, 2.9944070606e-114],
      [1.6683684383e-91, 0.86591503296, 7.7582752352e-55, 1.3318592124e-42, 0.13407485125, 1.0115788094e-05],
      [0.048173825124, 2.4432554522e-20, 0.77431240848, 0.060242672342, 0.11716472164, 0.00010637241643],
      [1.684752451e-11, 0.032103745266, 1.1643794541e-15, 7.3432275983e-17, 0.96789625472, 1.5676103976e-28],
      [0.041933071997, 9.9622742263e-10, 0.0039569139099, 0.77518071783, 0.17891969479, 9.6004796768e-06],
      [0.093349384587, 0.14391882319, 0.25566543637, 0.23020593088, 0.27686042498, 9.9411012827e-22]
    ],
    [
      [8.2141104957e-38, 0.70087859428, 0.026799214471, 0.00013444716493, 0.27218774409, 1.2510646424e-114],
      [5.7514218141e-92, 0.95119144159, 2.0637539445e-55, 6.6052673345e-43, 0.048805695759, 2.8626512646e-06],
      [0.056484143549, 9.1544332548e-20, 0.69682332658, 0.10172662486, 0.14486454458, 0.00010136042704],
      [1.4949947795e-11, 0.091553901552, 7.9799033369e-16, 9.3759995739e-17, 0.90844609843, 1.1427336007e-28],
      [0.030868847359, 2.3483745054e-09, 0.0022512246219, 0.82791423473, 0.13895989483, 5.7961080617e-06],
      [0.067515185075, 0.33712300984, 0.14208211802, 0.24092118635, 0.21235850072, 5.8968111337e-22]
    ],
    [
      [9.580390273e-38, 0.65665751476, 0.039069582063, 0.00012166433418, 0.30415123884, 3.8874720891e-114],
      [7.1615405338e-92, 0.94166622661, 3.2109911399e-55, 6.3847211412e-43, 0.058324246126, 9.5272641794e-06],
      [0.049563787549, 6.7253273361e-20, 0.75731256879, 0.069549674244, 0.12333087313, 0.00024309628244],
      [1.5862209145e-11, 0.08008947725, 1.0573570541e-15, 7.710102048e-17, 0.91991052273, 3.2331951335e-28],
      [0.038449773566, 2.4395553579e-09, 0.0035096565511, 0.79082448891, 0.16719672161, 1.9356924532e-05],
      [0.073866214502, 0.30342441455, 0.19464780945, 0.20409244292, 0.22396911857, 1.7237298375e-21]
    ],
    [
      [1.6030261461e-37, 0.64266041587, 0.076659224308, 0.00016166457676, 0.28051869524, 5.0520179661e-114],
      [1.2291555592e-91, 0.94475323544, 6.4529231379e-55, 8.7057909637e-43, 0.055234066622, 1.2697937113e-05],
      [0.046650397668, 3.7150606388e-20, 0.83725885554, 0.051956627482, 0.063957647934, 0.00017647137746],
      [2.8613866562e-11, 0.0848229333, 2.232466048e-15, 1.1047990779e-16, 0.91517706667, 4.526997025e-28],
      [0.050413341158, 1.8712016489e-09, 0.0053675447495, 0.82374922558, 0.120450253, 1.9633638141e-05],
      [0.09678474761, 0.23180420974, 0.29863214193, 0.21179062181, 0.16098827891, 1.7486638282e-21]
    ],
    [
      [1.1761040424e-37, 0.50546710822, 0.01987503699, 7.6473103868e-05, 0.47458138168, 1.8082301058e-114],
      [1.0727878187e-91, 0.88915666477, 1.9968903051e-55, 4.8935660807e-43, 0.11083792764, 5.4075961801e-06],
      [0.089583667504, 7.4811458211e-20, 0.56750510981, 0.063838039223, 0.27890928956, 0.00016389389626],
      [1.3024625384e-11, 0.041066663934, 3.6064439437e-16, 3.2397975944e-17, 0.95893333605, 1.005968522e-28],
      [0.05872250419, 2.306178243e-09, 0.0022177462439, 0.61785658577, 0.3211920331, 1.1128388432e-05],
      [0.10142864705, 0.25876234934, 0.10996636311, 0.14258155807, 0.38726108242, 8.8997956105e-22]
    ],
    [
      [2.633911877e-37, 0.38127363585, 0.08458192729, 0.00020868502407, 0.53393575184, 2.8333836576e-114],
      [2.9968058127e-91, 0.84392549995, 1.0548212667e-54, 1.6680702398e-42, 0.15606393839, 1.0561662666e-05],
      [0.064443542889, 1.8010941363e-20, 0.78010470105, 0.05578580357, 0.09958514017, 8.0812319639e-05],
      [2.6160704782e-11, 0.027990608281, 1.3698167618e-15, 7.9419246426e-17, 0.97200939169, 1.4125036849e-28],
      [0.059448815531, 7.8004748709e-10, 0.0042182536534, 0.77510065256, 0.16122446868, 7.808795627e-06],
      [0.13365959194, 0.11254748157, 0.2744410448, 0.22820795178, 0.25114392991, 8.1426028225e-22]
    ],
    [
      [2.011420165e-37, 0.50185433842, 0.045990454215, 0.00011613167514, 0.45203907569, 4.1222089097e-112],
      [1.8547126048e-91, 0.89183870582, 4.6611705536e-55, 7.5172273414e-43, 0.10690533211, 0.001255962073],
      [0.081788887549, 3.9958037856e-20, 0.70250284379, 0.05177658301, 0.14214064996, 0.021791035692],
      [2.3303688561e-11, 0.042880045432, 8.7003950301e-16, 5.1509521858e-17, 0.95711995454, 2.3978603579e-26],
      [0.074274576109, 1.6954064779e-09, 0.003763016632, 0.69444326036, 0.22563478739, 0.0018843578071],
      [0.13707199822, 0.20203010623, 0.20070621674, 0.17051091208, 0.28968076673, 1.5987571174e-19]
    ],
    [
      [5.2610778173e-38, 0.58977325536, 0.025941332406, 5.4783875468e-05, 0.38423062836, 2.0387129017e-114],
      [4.2601537229e-92, 0.92027852237, 2.3116954374e-55, 3.1129024336e-43, 0.079716068494, 5.4091358248e-06],
      [0.037743172943, 8.3142950248e-20, 0.70301614962, 0.043390035816, 0.21567462481, 0.0001760168092],
      [7.0612797687e-12, 0.05796588896, 5.6984465287e-16, 2.8141759105e-17, 0.94203411103, 1.3745683617e-28],
      [0.035769370211, 3.6930102908e-09, 0.0039579217315, 0.60210215827, 0.35815334101, 1.7205086327e-05],
      [0.049494911566, 0.33326767587, 0.15850373316, 0.1121609502, 0.3465727292, 1.1071473598e-21]
    ],
    [
      [1.0454310977e-37, 0.58072429813, 0.050493162392, 6.4889060159e-05, 0.36871765041, 3.1599126251e-114],
      [8.6094581527e-92, 0.92208642545, 4.5679297333e-55, 3.751825136e-43, 0.077905047647, 8.5269031288e-06],
      [0.044048466198, 4.8089234754e-20, 0.80441578919, 0.030119348917, 0.12125636803, 0.00016002767046],
      [1.4587142199e-11, 0.05951514873, 1.1506455503e-15, 3.4665573313e-17, 0.94048485125, 2.2135658199e-28],
      [0.062720910626, 3.2047045285e-09, 0.0067619173002, 0.62827189017, 0.30222182544, 2.3453253306e-05],
      [0.08230130383, 0.27289133796, 0.25772597217, 0.11060319137, 0.27647819467, 1.4312856995e-21]
    ],
    [
      [1.2566378669e-37, 0.29183131213, 0.049169706411, 0.00012244882653, 0.65887653263, 3.0181574212e-114],
      [1.7055111498e-91, 0.77060607459, 7.3327568371e-55, 1.1667314576e-42, 0.22938048833, 1.3437072283e-05],
      [0.047943440527, 2.1868638458e-20, 0.70639761315, 0.051275612257, 0.19424576608, 0.00013756797956],
      [1.025682186e-11, 0.017624111629, 6.5554859965e-16, 3.8258605001e-17, 0.98237588836, 1.2378378101e-28],
      [0.041613817826, 8.9043092757e-10, 0.0036250822137, 0.65899026052, 0.29575850498, 1.2333572385e-05],
      [0.083562382343, 0.11546046422, 0.21077288832, 0.17637841765, 0.41382584747, 1.1503586463e-21]
    ],
    [
      [6.5388170304e-38, 0.56071359413, 0.016634226715, 6.3248846399e-05, 0.42258893031, 5.0975186327e-112],
      [5.4732279346e-92, 0.90818553283, 1.5356504284e-55, 3.711857345e-43, 0.09039983524, 0.0014146319334],
      [0.056298988988, 9.2769614468e-20, 0.54390253159, 0.059733665822, 0.2801639008, 0.059900912803],
      [8.0400723741e-12, 0.050090664569, 3.3531892135e-16, 2.9767827905e-17, 0.94990933542, 3.1461787313e-26],
      [0.038977763852, 3.0167208133e-09, 0.0022162089012, 0.61408660303, 0.34093307639, 0.0037863448154],
      [0.062648963229, 0.3184862715, 0.10274868333, 0.13159250856, 0.38452357338, 2.7974274681e-19]
    ],
    [
      [1.6090141317e-37, 0.31937125093, 0.031097460137, 9.3091243082e-05, 0.64943819769, 4.2077992813e-114],
      [2.035019734e-91, 0.78985701592, 4.3247715746e-55, 8.2594323613e-43, 0.21012551967, 1.7464412117e-05],
      [0.083567510175, 3.2589750109e-20, 0.60042388624, 0.053224366326, 0.26251923518, 0.00026500207293],
      [1.3302647033e-11, 0.019393707788, 4.2095074979e-16, 2.9450040538e-17, 0.9806062922, 1.7503889907e-28],
      [0.062858103165, 1.1517548878e-09, 0.0027239746197, 0.5878388526, 0.34655863637, 2.0432098806e-05],
      [0.11747636223, 0.13910780421, 0.14598250433, 0.14715765993, 0.45027566929, 1.7614998388e-21]
    ],
    [
      [1.3292531559e-37, 0.52350383739, 0.059328661135, 0.00022327087121, 0.4169442306, 2.5259003412e-112],
      [1.1818926416e-91, 0.9042062458, 5.7911994697e-55, 1.3935724065e-42, 0.095053306908, 0.00074044729308],
      [0.04472090426, 3.4345907426e-20, 0.75226011533, 0.082866135211, 0.10929808696, 0.010854758241],
      [1.6585589579e-11, 0.047712990946, 1.2092109933e-15, 1.0669903049e-16, 0.95228700904, 1.5821356951e-26],
      [0.030523060398, 1.0992359338e-09, 0.003048589507, 0.83496537106, 0.13074060326, 0.0007223746786],
      [0.077776612358, 0.18142894489, 0.22447016692, 0.28445964482, 0.23186463101, 8.4934598321e-20]
    ],
    [
      [1.400192611e-37, 0.48449120998, 0.030215759522, 0.00012950721411, 0.48516352328, 1.8661224172e-114],
      [1.3186922379e-91, 0.88293948804, 3.1306863029e-55, 8.5583622275e-43, 0.11705475477, 5.7571900854e-06],
      [0.077877643805, 5.2588287302e-20, 0.63360913984, 0.079158440803, 0.20923189553, 0.0001228800281],
      [1.5190964207e-11, 0.038544914075, 5.36268138e-16, 5.3776249268e-17, 0.96145508591, 1.0167452575e-28],
      [0.048211916952, 1.527857225e-09, 0.0023248813398, 0.72224155341, 0.22721371761, 7.9291606679e-06],
      [0.10278821243, 0.21107064233, 0.14267429395, 0.20602600341, 0.33744084788, 7.8360170426e-22]
    ],
    [
      [1.2226925441e-37, 0.44237438047, 0.024512787854, 7.4649864313e-05, 0.53303818181, 3.3266067102e-114],
      [1.2308333272e-91, 0.86246367594, 2.716090172e-55, 5.2735307006e-43, 0.13752532789, 1.0996173206e-05],
      [0.079689767985, 5.6164695857e-20, 0.59775694048, 0.053364674549, 0.26892634784, 0.00026226914926],
      [1.2172664374e-11, 0.032305085702, 3.9963870096e-16, 2.8427604022e-17, 0.96769491429, 1.6645103242e-28],
      [0.059451495238, 1.9714213904e-09, 0.0026667682491, 0.58536499744, 0.3524967159, 2.0021200381e-05],
      [0.10104130837, 0.21749774383, 0.1302997763, 0.13337988323, 0.41778128827, 1.5739487651e-21]
    ],
    [
      [1.9636060027e-37, 0.36641970205, 0.054347595376, 0.00011010101299, 0.57912260156, 4.3493409645e-114],
      [2.2821625012e-91, 0.82739824676, 6.9369985379e-55, 8.982999216e-43, 0.17258516589, 1.6587352348e-05],
      [0.069994347722, 2.5629778636e-20, 0.72664273522, 0.04311233063, 0.16006416308, 0.00018642334089],
      [1.8090098564e-11, 0.024894609517, 8.18211437e-16, 3.8829860603e-17, 0.97510539047, 2.0132481069e-28],
      [0.070711558351, 1.2157429929e-09, 0.0043677711586, 0.64117432279, 0.28372697991, 1.936657254e-05],
      [0.12678259456, 0.14046132908, 0.22592461487, 0.15350201927, 0.3533294422, 1.6071733673e-21]
    ],
    [
      [1.2286519545e-37, 0.49874634669, 0.029108953458, 0.0001016576119, 0.47204304224, 9.710607988e-113],
      [1.1343389351e-91, 0.88800053678, 2.9566240308e-55, 6.586822749e-43, 0.11170412032, 0.00029534290673],
      [0.072088806932, 5.762353978e-20, 0.63878440441, 0.065735957603, 0.21622882793, 0.0071620031233],
      [1.3680471842e-11, 0.040835309777, 5.3054943372e-16, 4.3307694181e-17, 0.95916469021, 5.433162824e-27],
      [0.050829167541, 1.9068665594e-09, 0.0027013404773, 0.67874193966, 0.26722726527, 0.00050028514008],
      [0.096032113514, 0.23318428219, 0.14670918906, 0.17240759005, 0.35166682519, 4.3564620544e-20]
    ],
    [
      [3.9178683175e-38, 0.56054269333, 0.022218148134, 6.5144390982e-05, 0.41717401415, 3.246359981e-114],
      [3.3043875935e-92, 0.90982806742, 2.0627152579e-55, 3.8556621818e-43, 0.090162946536, 8.9860431324e-06],
      [0.030793922929, 8.6815226248e-20, 0.65572727121, 0.056576267063, 0.25659143684, 0.00031110195545],
      [4.8832979682e-12, 0.051300805495, 4.5359162785e-16, 3.1062653492e-17, 0.9486991945, 2.03389333e-28],
      [0.023431067369, 3.1011638712e-09, 0.0029895358223, 0.63124503307, 0.34231018668, 2.4173960457e-05],
      [0.036797418547, 0.31755433569, 0.13552582499, 0.1335839131, 0.37653850768, 1.7627347564e-21]
    ],
    [
      [4.3389175081e-38, 0.32396939731, 0.018027633529, 7.4196342435e-05, 0.65792877282, 2.0645829883e-114],
      [5.4470642364e-92, 0.78854141747, 2.4934948688e-55, 6.5337148272e-43, 0.21145007473, 8.5078007465e-06],
      [0.032989861544, 4.8546378717e-20, 0.51529748716, 0.062179066831, 0.38934366635, 0.00018991811866],
      [3.5482181025e-12, 0.019515151911, 2.4159231693e-16, 2.3202507852e-17, 0.98048484809, 8.492659874e-29],
      [0.020179222423, 1.3962211762e-09, 0.0018850129361, 0.55961215325, 0.41831166699, 1.194300154e-05],
      [0.037773548211, 0.17037835352, 0.10171588902, 0.1410473084, 0.54908490084, 1.0381161014e-21]
    ],
    [
      [1.7166226192e-37, 0.38192647781, 0.053176475206, 0.00011630618116, 0.5647807408, 4.063954511e-114],
      [1.9281380186e-91, 0.83737671031, 6.5629788663e-55, 9.1691213816e-43, 0.16260832711, 1.496257708e-05],
      [0.062761710246, 2.7357918033e-20, 0.72974612613, 0.046758841078, 0.1605541816, 0.00017914095188],
      [1.6189729903e-11, 0.026432715677, 8.1931391967e-16, 4.1996195835e-17, 0.97356728431, 1.9264284183e-28],
      [0.060590186556, 1.2379109055e-09, 0.0041887898967, 0.66346142363, 0.2717418294, 1.7769276642e-05],
      [0.11235567339, 0.1483896654, 0.22433565737, 0.16464715509, 0.35027184876, 1.5265794549e-21]
    ],
    [
      [2.6424795401e-37, 0.272251865, 0.046483894389, 0.00020765515415, 0.68105658546, 3.590329863e-114],
      [3.7224495557e-91, 0.7547669452, 7.1944493611e-55, 2.0518327958e-42, 0.24521648553, 1.6569264616e-05],
      [0.096195524574, 1.9430289333e-20, 0.62882723006, 0.083082627663, 0.19173845432, 0.00015616337948],
      [2.0876348509e-11, 0.015830915, 6.0051735249e-16, 6.2803421137e-17, 0.98416908498, 1.4268747528e-28],
      [0.057652868329, 5.4671311903e-10, 0.0022648450972, 0.73842855585, 0.20164403101, 9.6991629773e-06],
      [0.14578999929, 0.088729553343, 0.16401476124, 0.24805142407, 0.35341426206, 1.130457707e-21]
    ],
    [
      [2.3992076828e-37, 0.35322104923, 0.061059611005, 0.00010597021401, 0.58561336955, 3.2504258604e-114],
      [2.8193703009e-91, 0.82362960975, 7.8799732019e-55, 8.7406120076e-43, 0.17635788502, 1.2505233484e-05],
      [0.077481368616, 2.1888961294e-20, 0.7399329908, 0.037367744472, 0.14509283362, 0.00012506249632],
      [2.1849155152e-11, 0.023426830924, 9.0780343852e-16, 3.6972912303e-17, 0.97657316905, 1.4875424565e-28],
      [0.086917296522, 1.1526842599e-09, 0.0049029332896, 0.62205648631, 0.28610879335, 1.4489376547e-05],
      [0.14886378151, 0.12766857305, 0.24267841117, 0.14108634865, 0.33970288562, 1.1498368994e-21]
    ],
    [
      [1.0769553737e-37, 0.46265700573, 0.024594261836, 0.00012047999821, 0.51262825244, 3.8121363551e-114],
      [1.0476534799e-91, 0.87221013195, 2.6334339859e-55, 8.2240643048e-43, 0.12777769167, 1.2176383491e-05],
      [0.0690460809, 5.8065388344e-20, 0.58942437248, 0.085074698142, 0.2561578799, 0.00029696857751],
      [1.1113954211e-11, 0.034956348916, 4.1561255687e-16, 4.7564899285e-17, 0.96504365107, 1.9776899707e-28],
      [0.039004347891, 1.5406087416e-09, 0.001998764973, 0.70516292029, 0.2538168125, 1.7152806568e-05],
      [0.083310680559, 0.2136118655, 0.1225835907, 0.20251196782, 0.37798189542, 1.6934467667e-21]
    ],
    [
      [1.3285255829e-37, 0.40965563136, 0.036338603353, 0.00011263125493, 0.55389313403, 3.1395280808e-114],
      [1.419743576e-91, 0.84833001563, 4.2703820888e-55, 8.4463183272e-43, 0.15165897875, 1.1005612772e-05],
      [0.064645228856, 3.9305060317e-20, 0.66441175828, 0.060398731219, 0.21036052395, 0.00018375769991],
      [1.2755067413e-11, 0.028936004052, 5.7058326041e-16, 4.1384045881e-17, 0.97106399594, 1.5147039083e-28],
      [0.048892991155, 1.3938597063e-09, 0.0029953897277, 0.66926512677, 0.27883216031, 1.4330637276e-05],
      [0.095992856523, 0.17697012351, 0.16945808595, 0.17652178628, 0.38105714774, 1.302878041e-21]
    ],
    [
      [2.5809348907e-37, 0.40011921497, 0.02468944614, 0.00014226825464, 0.57504907064, 1.9368537823e-112],
      [2.7934552924e-91, 0.84003168607, 2.9420260196e-55, 1.0800926283e-42, 0.159276284, 0.00069202993223],
      [0.14316341811, 4.3329205113e-20, 0.50977340851, 0.086551448455, 0.24678273428, 0.013728990636],
      [2.3913540883e-11, 0.027219785747, 3.7452995265e-16, 5.0439983937e-17, 0.97278021423, 9.0211906977e-27],
      [0.077146676038, 1.0962602132e-09, 0.0016479203437, 0.68715566521, 0.23333048385, 0.00071925346001],
      [0.17196956155, 0.15756282861, 0.10491236657, 0.20453463726, 0.36102060601, 7.3390847114e-20]
    ],
    [
      [1.2643894245e-37, 0.32061899745, 0.022742790001, 0.00018365750788, 0.65645455504, 5.5386270395e-111],
      [1.5597875343e-91, 0.7700801947, 3.0886722639e-55, 1.589267566e-42, 0.20726862401, 0.022651181284],
      [0.052197185122, 2.5876414585e-20, 0.3498239261, 0.083333208127, 0.20958328145, 0.3050623992],
      [1.0355809388e-11, 0.019312062767, 3.0509163905e-16, 5.7539585855e-17, 0.98068793722, 2.2812416668e-25],
      [0.030977181232, 7.2232893417e-10, 0.001248662192, 0.73231138061, 0.21848906865, 0.016973706592],
      [0.085191828152, 0.12850961465, 0.098238038672, 0.26921450787, 0.41884601065, 2.134191387e-18]
    ],
    [
      [1.1439886881e-37, 0.43783158339, 0.042751476251, 0.00010361267314, 0.51931332769, 3.3876990585e-114],
      [1.1591943768e-91, 0.86522889719, 4.760387622e-55, 7.3675867131e-43, 0.13475985225, 1.1250568604e-05],
      [0.051166221324, 3.8122406072e-20, 0.71732384462, 0.051009353676, 0.18031801557, 0.00018256481605],
      [1.1649520224e-11, 0.032590830455, 7.1211275263e-16, 4.0396823898e-17, 0.96740916953, 1.7343848758e-28],
      [0.045467148632, 1.5911419553e-09, 0.0038027536353, 0.66941787529, 0.28129552481, 1.669603955e-05],
      [0.083593510466, 0.18997600873, 0.20172600858, 0.16432226285, 0.36038220938, 1.4229543735e-21]
    ],
    [
      [1.7321418746e-37, 0.33012969597, 0.040664432108, 0.00013407354734, 0.62907179837, 4.823017341e-114],
      [2.1587642895e-91, 0.79900022857, 5.5722980118e-55, 1.1727800079e-42, 0.20098003899, 1.9732439544e-05],
      [0.074310106165, 2.7977055709e-20, 0.65178874194, 0.063322144642, 0.21032821916, 0.00025078808691],
      [1.4773228627e-11, 0.020780168399, 5.6715130328e-16, 4.3756301098e-17, 0.97921983159, 2.0681903827e-28],
      [0.054030516317, 9.5426571888e-10, 0.0028386290693, 0.67505897889, 0.26805320033, 1.8674438158e-05],
      [0.11396296337, 0.12972269683, 0.17220655598, 0.19108807156, 0.39301971227, 1.8200142358e-21]
    ],
    [
      [2.2197876799e-37, 0.3371426158, 0.045065068012, 0.00011012202881, 0.61768219416, 6.943858728e-114],
      [2.7371118022e-91, 0.80473780429, 6.110318278e-55, 9.53018477e-43, 0.195234082, 2.8113712478e-05],
      [0.088655532761, 2.6794973471e-20, 0.6691439627, 0.04852075008, 0.19334161631, 0.0003381381498],
      [1.9267300868e-11, 0.021632078839, 6.3974783388e-16, 3.657268442e-17, 0.97836792114, 3.0314768367e-28],
      [0.077857597006, 1.1023346298e-09, 0.0035426970634, 0.62137229855, 0.29719709545, 3.0310822518e-05],
      [0.14403620129, 0.13121006103, 0.18826707355, 0.15470783805, 0.38177882608, 2.587070002e-21]
    ],
    [
      [2.0350068703e-37, 0.36202772246, 0.048999843824, 0.00013873938356, 0.58883369433, 4.9611401948e-114],
      [2.3831109335e-91, 0.82307087921, 6.3058062047e-55, 1.1406655998e-42, 0.17691004485, 1.9075934845e-05],
      [0.076707129648, 2.6854272165e-20, 0.69304781534, 0.057470979392, 0.17254805712, 0.00022601850445],
      [1.8472378147e-11, 0.024236915785, 7.2669594431e-16, 4.8199038211e-17, 0.9757630842, 2.2624298922e-28],
      [0.062529978407, 1.0266911391e-09, 0.0033599708868, 0.68754667307, 0.24654451164, 1.8864966245e-05],
      [0.12787575081, 0.13528038149, 0.19813364631, 0.18844254278, 0.35026767861, 1.7847020374e-21]
    ],
    [
      [1.238861636e-37, 0.29868640249, 0.068154269376, 0.00018779329152, 0.63297153484, 7.9491434312e-114],
      [1.6679614026e-91, 0.78142249862, 1.0079374939e-54, 1.7749662694e-42, 0.21854235867, 3.5142706506e-05],
      [0.036689204932, 1.7600396801e-20, 0.75482045156, 0.061454230712, 0.14674904833, 0.00028706446617],
      [1.0514093059e-11, 0.01876068386, 9.4519076986e-16, 6.1003054278e-17, 0.98123931613, 3.3916131817e-28],
      [0.030572256686, 6.8720823335e-10, 0.0037705226813, 0.75152241141, 0.21411038924, 2.4419299858e-05],
      [0.070527735107, 0.10208660352, 0.25098886722, 0.23275096199, 0.34364583216, 2.607847896e-21]
    ],
    [
      [1.0015914357e-37, 0.32811710653, 0.022560718292, 0.00011648337803, 0.6492056918, 4.2264561253e-112],
      [1.2279036684e-91, 0.79488755982, 3.047537659e-55, 1.0010583802e-42, 0.20339548355, 0.0017169566362],
      [0.060914427055, 3.8600335836e-20, 0.52198614961, 0.077721940283, 0.30489050256, 0.034486980485],
      [8.2818714457e-12, 0.019741394121, 3.0547404534e-16, 3.6860966951e-17, 0.98025860587, 1.7566896353e-26],
      [0.034779099919, 1.0357819769e-09, 0.00175300419, 0.65546295756, 0.30617098426, 0.0018339530437],
      [0.076571462256, 0.14868993854, 0.11105488194, 0.19325078637, 0.4704329309, 1.8526617306e-19]
    ],
    [
      [7.7319921662e-37, 0.39056260816, 0.086856213693, 0.0002034828642, 0.52237769528, 2.6258726777e-112],
      [8.4470731724e-91, 0.85318268894, 1.0412873429e-54, 1.5590755854e-42, 0.14587428471, 0.00094302635589],
      [0.16562438339, 1.6128200287e-20, 0.69220846625, 0.047898721832, 0.087165619879, 0.0071028086475],
      [7.8390922146e-11, 0.028514433784, 1.4382505531e-15, 7.906842548e-17, 0.97148556614, 1.3393999308e-26],
      [0.16145940902, 7.3613845492e-10, 0.0040432838883, 0.68487429854, 0.14894063797, 0.0006823698453],
      [0.31112785544, 0.09119226111, 0.22358204557, 0.17611055692, 0.19798728096, 6.0307768238e-20]
    ],
    [
      [4.4937435415e-37, 0.26277232097, 0.10646911913, 0.00033771774032, 0.63042084217, 2.7142205691e-112],
      [6.4840552994e-91, 0.7660808199, 1.6852783827e-54, 3.4182370248e-42, 0.23263142436, 0.0012877557402],
      [0.084564576575, 9.6774249202e-21, 0.74661313523, 0.069972269339, 0.092412950345, 0.0064370685158],
      [3.8285450451e-11, 0.016329885585, 1.4807999426e-15, 1.1023191475e-16, 0.98367011438, 1.162687108e-26],
      [0.066000494253, 3.5377342734e-10, 0.0034914528797, 0.80360210544, 0.12640936857, 0.00049657849562],
      [0.17202427623, 0.058913201483, 0.26166399668, 0.27964631744, 0.22775220817, 5.9504525674e-20]
    ],
    [
      [4.2897151843e-37, 0.26691444837, 0.11237843249, 0.00023482801866, 0.62047229111, 2.3682993741e-111],
      [6.1216327874e-91, 0.76217395086, 1.7598820569e-54, 2.3512743196e-42, 0.22669004818, 0.011136000959],
      [0.075723574418, 9.296239044e-21, 0.73914158627, 0.045737757455, 0.085851038427, 0.053546043428],
      [3.7163109805e-11, 0.01691935916, 1.589736134e-15, 7.7907901554e-17, 0.9830806408, 1.0315139296e-25],
      [0.083804849749, 4.8156994059e-10, 0.0049137139181, 0.73913329054, 0.16636546491, 0.0057826804017],
      [0.17811752667, 0.06555436796, 0.30063657938, 0.21098418303, 0.24470734296, 5.6484898193e-19]
    ],
    [
      [5.0118199562e-37, 0.24044953986, 0.078678012402, 0.00020700471401, 0.68066544302, 1.1686981923e-113],
      [7.6774692483e-91, 0.73321557527, 1.3233150451e-54, 2.2246321433e-42, 0.26672569697, 5.872775791e-05],
      [0.11996629608, 1.1370627641e-20, 0.69803949275, 0.054557016662, 0.12709632347, 0.00034087104662],
      [3.9704180885e-11, 0.014009443411, 1.0187805474e-15, 6.2785644804e-17, 0.98599055655, 4.6574675407e-28],
      [0.10463780351, 4.6487562056e-10, 0.0036738588487, 0.69740977067, 0.19424823631, 3.033019538e-05],
      [0.22392167021, 0.063584744224, 0.22538399449, 0.19969035532, 0.28741923576, 2.9875197342e-21]
    ],
    [
      [2.9533544767e-37, 0.37524408224, 0.094320023227, 0.00017559364849, 0.53026030088, 7.4851863196e-111],
      [3.2311992173e-91, 0.82413170715, 1.1317777885e-54, 1.3489148627e-42, 0.14880694623, 0.027061346614],
      [0.05439054292, 1.322862347e-20, 0.65238587228, 0.03549106465, 0.075687682436, 0.18204483771],
      [2.9587678681e-11, 0.027105377016, 1.5419498625e-15, 6.7407569263e-17, 0.97289462295, 3.7668212341e-25],
      [0.074369851307, 8.4899077329e-10, 0.0052901420351, 0.71514841756, 0.18168783684, 0.023503751413],
      [0.14776531543, 0.10896864874, 0.30387230174, 0.18947533521, 0.24991839889, 2.1455366358e-18]
    ],
    [
      [1.1774697369e-37, 0.25586950845, 0.082579765631, 0.000233228676, 0.66131749724, 6.3303405127e-114],
      [1.7474841167e-91, 0.74823207004, 1.345547534e-54, 2.4301354659e-42, 0.25173712231, 3.0807652414e-05],
      [0.029441282433, 1.2650870569e-20, 0.77720915623, 0.064328727409, 0.1288287517, 0.00019208222828],
      [9.5877650655e-12, 0.015379892326, 1.0972181799e-15, 7.2728565914e-17, 0.98462010766, 2.5902113279e-28],
      [0.024334012386, 4.8951393323e-10, 0.00381219424, 0.78527973019, 0.18655781544, 1.6247259901e-05],
      [0.060647529108, 0.078617824133, 0.2754106433, 0.26174183683, 0.32358216663, 1.880732853e-21]
    ],
    [
      [1.3851668288e-37, 0.28823913624, 0.097023460635, 0.00025990683427, 0.61447749629, 7.110675566e-114],
      [1.8927836527e-91, 0.78480168457, 1.4542170181e-54, 2.4928637237e-42, 0.21516646904, 3.1846390668e-05],
      [0.030366141649, 1.2389321674e-20, 0.80166151661, 0.062852582691, 0.10493051501, 0.00018924404439],
      [1.2084971411e-11, 0.018415303088, 1.3809378662e-15, 8.6874654954e-17, 0.9815846969, 3.1169650509e-28],
      [0.026454946568, 5.0569884975e-10, 0.0041408772197, 0.80909303503, 0.16029427169, 1.6868983068e-05],
      [0.066368710802, 0.081785645071, 0.30115241415, 0.27120378652, 0.27948944345, 1.9651425725e-21]
    ],
    [
      [2.5199093016e-37, 0.32119883729, 0.11577464136, 0.00033670086015, 0.56268982048, 3.9210944117e-112],
      [3.2211790057e-91, 0.81380447019, 1.6223189061e-54, 3.022554353e-42, 0.18454454223, 0.0016509875873],
      [0.046179781022, 1.1451087303e-20, 0.79698958297, 0.067856913334, 0.079804982741, 0.0091687399284],
      [2.3891080314e-11, 0.022312167103, 1.7901078782e-15, 1.2233511556e-16, 0.97768783287, 1.8674128077e-26],
      [0.038470460197, 4.4739552301e-10, 0.0039361509853, 0.84023971225, 0.11660916528, 0.00074451083886],
      [0.10306039372, 0.076904511587, 0.30489418161, 0.29874317316, 0.21639773991, 9.1934387375e-20]
    ],
    [
      [4.3885137029e-37, 0.31359274084, 0.12283905283, 0.00015078432065, 0.56341742201, 1.2281290713e-113],
      [5.7868215743e-91, 0.80927369691, 1.777130114e-54, 1.3963436121e-42, 0.19067316099, 5.3142099138e-05],
      [0.078024010127, 1.097987246e-20, 0.81431906224, 0.02946557419, 0.077925837485, 0.00026551596023],
      [4.1637874338e-11, 0.021951693584, 1.9024623513e-15, 5.4792284796e-17, 0.97804830637, 5.8560314669e-28],
      [0.11967152821, 7.8914440433e-10, 0.0074636994771, 0.66342727931, 0.20939600265, 4.1489570273e-05],
      [0.19343484732, 0.081648967014, 0.3478556747, 0.14306989272, 0.23399061824, 3.0965926926e-21]
    ],
    [
      [1.4815382891e-37, 0.33074453224, 0.074429683472, 0.00014353357602, 0.59468225072, 4.7868731492e-112],
      [1.8332767886e-91, 0.80950135325, 1.01018226e-54, 1.2465830363e-42, 0.18854300356, 0.0019556431807],
      [0.040551356893, 1.7610291212e-20, 0.77326367279, 0.043158618314, 0.12589996241, 0.017126389584],
      [1.3305137363e-11, 0.02173710418, 1.0900964948e-15, 4.9389893683e-17, 0.97826289581, 2.1586405877e-26],
      [0.044717282865, 9.1034055946e-10, 0.0049995745402, 0.7047498387, 0.24373450264, 0.0017988003496],
      [0.087294956818, 0.11496009684, 0.28380631135, 0.18314588883, 0.33079274616, 1.6215111564e-19]
    ],
    [
      [9.9303282204e-38, 0.3187951671, 0.058522607906, 0.00017667372511, 0.62250555127, 8.5102990018e-114],
      [1.2770427072e-91, 0.79463750188, 8.2719088561e-55, 1.5950606529e-42, 0.20532655509, 3.5943032154e-05],
      [0.033492191208, 2.1392920816e-20, 0.73587557886, 0.065876241256, 0.16440496488, 0.00035102378916],
      [8.5590283377e-12, 0.020336697993, 8.2474594667e-16, 5.827583339e-17, 0.979663302, 3.6888490983e-28],
      [0.025890367259, 7.7503523307e-10, 0.003423855965, 0.74814900436, 0.22250912276, 2.7648877032e-05],
      [0.060205819777, 0.11624717437, 0.22950389455, 0.23357307381, 0.36047003748, 2.9753978537e-21]
    ],
    [
      [1.5260822915e-37, 0.3957637991, 0.077206814773, 0.00020371885198, 0.52682566728, 9.1886462819e-114],
      [1.6808988753e-91, 0.85097399826, 9.338625091e-55, 1.5760320711e-42, 0.14899276994, 3.3231791916e-05],
      [0.041607801836, 2.1050063559e-20, 0.78560780672, 0.061157764184, 0.11132165604, 0.00030497121907],
      [1.5372384533e-11, 0.029297205226, 1.2709815612e-15, 7.8578654859e-17, 0.97070279476, 4.6523155449e-28],
      [0.0361830904, 8.59833093e-10, 0.0040922241354, 0.78986307718, 0.16983457872, 2.7028704947e-05],
      [0.083578302694, 0.12822076931, 0.27264404094, 0.24265770723, 0.27289917982, 2.8889791128e-21]
    ],
    [
      [3.803037311e-37, 0.29309834, 0.15921519008, 0.00033716753917, 0.54734930238, 2.0534533481e-113],
      [5.1917610912e-91, 0.80855155325, 2.3841676921e-54, 3.2301634467e-42, 0.19135652053, 9.1926225054e-05],
      [0.053391255208, 8.0404550902e-21, 0.83383188495, 0.05224246126, 0.060180964614, 0.0003534339701],
      [3.7146411471e-11, 0.020779174332, 2.5379366243e-15, 1.2618829411e-16, 0.97922082563, 1.0083297277e-27],
      [0.057426926132, 4.0456072076e-10, 0.0053755535515, 0.82381878691, 0.11334014328, 3.8589723157e-05],
      [0.13444937956, 0.060669106243, 0.36291339458, 0.25835420695, 0.18361391267, 4.1737120299e-21]
    ],
    [
      [2.8409554477e-37, 0.48092572823, 0.10931361281, 0.00026666833036, 0.40949399063, 1.6263344272e-113],
      [2.6378554015e-91, 0.90259647024, 1.1142346312e-54, 1.7374510488e-42, 0.097354020435, 4.9509321042e-05],
      [0.05711229697, 1.8232869806e-20, 0.81867049599, 0.059209350992, 0.064606385715, 0.00040147033137],
      [3.6186479015e-11, 0.043041475808, 2.274680893e-15, 1.30212116e-16, 0.95695852416, 1.0423470788e-27],
      [0.054730303498, 8.1749958001e-10, 0.0047147997923, 0.83209573259, 0.10842012356, 3.9039744877e-05],
      [0.12717730617, 0.12364317296, 0.31554093945, 0.25910892636, 0.17452965507, 4.1889155562e-21]
    ],
    [
      [5.1096850406e-37, 0.34639580278, 0.17359411661, 0.00034847264504, 0.47966160797, 1.6470558526e-113],
      [6.1876258582e-91, 0.85113065974, 2.3040037556e-54, 2.9619698146e-42, 0.14880398252, 6.5357737644e-05],
      [0.065838316535, 8.5676544437e-21, 0.83636702657, 0.049407550764, 0.04812840636, 0.00025869977342],
      [5.6443355112e-11, 0.027481994682, 3.1264881938e-15, 1.476046475e-16, 0.97251800526, 9.1423772669e-28],
      [0.074521697545, 4.5368473104e-10, 0.005637332511, 0.8243536424, 0.095457547487, 2.9779606706e-05],
      [0.16859772926, 0.065774319206, 0.36818206555, 0.24835778515, 0.14908810083, 3.1130565417e-21]
    ],
    [
      [1.6964413135e-37, 0.31089187088, 0.11482051102, 0.00031430950893, 0.57397330859, 1.1997529522e-112],
      [2.2094917374e-91, 0.80788126921, 1.6427356085e-54, 2.8733943577e-42, 0.19160524316, 0.00051348763218],
      [0.032324411758, 1.1675316898e-20, 0.81229523135, 0.066338147299, 0.086198981649, 0.0028432279438],
      [1.5831087692e-11, 0.021139713557, 1.7517210095e-15, 1.122910709e-16, 0.97886028643, 5.6325019864e-27],
      [0.027950687344, 4.7264340538e-10, 0.0042531928137, 0.83715541611, 0.13039338309, 0.00024732016994],
      [0.072769300798, 0.079247931433, 0.31854491106, 0.29370930561, 0.23572855111, 2.9705238176e-20]
    ],
    [
      [3.7344885897e-37, 0.3291602039, 0.11056766398, 0.00057093561155, 0.55970119652, 1.3288366382e-113],
      [4.3761840378e-91, 0.83219414357, 1.4215520289e-54, 4.6921494189e-42, 0.16775483458, 5.1021854611e-05],
      [0.066839004411, 1.0972719307e-20, 0.74197900066, 0.11263231629, 0.078258970693, 0.00029070794476],
      [3.560059827e-11, 0.021782646255, 1.7182559511e-15, 2.0867000835e-16, 0.97821735371, 6.3660492396e-28],
      [0.035843059613, 2.7516417911e-10, 0.0023682533964, 0.88821285225, 0.073559987163, 1.5847298666e-05],
      [0.12289626073, 0.060732384337, 0.23415629, 0.40768843789, 0.17452662704, 2.510891095e-21]
    ],
    [
      [5.3536209506e-37, 0.31414728006, 0.16169762271, 0.00053991226644, 0.52361518497, 1.9033782864e-112],
      [6.9929000987e-91, 0.82401288276, 2.3186859391e-54, 4.9488160523e-42, 0.1751703841, 0.00081673313436],
      [0.070745871353, 8.1435233089e-21, 0.79269990175, 0.078931528143, 0.054493714192, 0.0031289845581],
