{
  "Z_true": {},
  "V_true": [
    [600, 73, 64, 1014, 481, 75],
    [25, 41, 2064, 151, 1737, 183],
    [98, 191, 755, 318, 12830, 439],
    [194, 192, 137, 4137, 729, 142],
    [81, 143, 105, 508, 661, 263],
    [39, 894, 50, 339, 650, 50],
    [39, 67, 267, 136, 1008, 694]
  ],
  "p_true": [
    [0.2601, 0.0316, 0.0277, 0.4395, 0.2085, 0.0325],
    [0.006, 0.0098, 0.4913, 0.0359, 0.4135, 0.0436],
    [0.0067, 0.0131, 0.0516, 0.0217, 0.8769, 0.03],
    [0.0351, 0.0347, 0.0248, 0.748, 0.1318, 0.0257],
    [0.046, 0.0812, 0.0596, 0.2885, 0.3754, 0.1493],
    [0.0193, 0.4421, 0.0247, 0.1677, 0.3215, 0.0247],
    [0.0176, 0.0303, 0.1208, 0.0615, 0.4559, 0.3139]
  ],
  "Z_est": [
    [
      [15.2909, 4.7617, 8.5518, 5.4643, 5.4513, 11.6386, 0, 0.9316, 6.9566, 22.8308, 7.1263, 23.3452, 42.383, 5.5509, 36.9082, 23.7472, 24.6134, 18.8847, 17.8118, 7.5288, 14.7677, 14.9137, 10.7276, 2.7843, 20.1665, 30.2201, 5.9458, 8.7115, 12.4739, 15.8046, 3.4259, 12.0712, 14.6548, 1.9303, 0.4399, 3.2468, 7.9491, 8.8883, 18.8919, 28.8459, 27.9583, 24.534, 7.6577, 2.6149, 12.1077, 7.4609, 20.711, 0.753, 38.7313, 5.9791, 89.5431, 14.5697],
      [0.2043, 0.0978, 0.1404, 0.0549, 1.9249, 0, 0.0833, 0.0057, 0.0804, 0.5641, 0.1981, 0.3203, 0, 0.117, 0.7922, 0.4916, 0.488, 0.6023, 0.2106, 0.1465, 0.3641, 0.2786, 0.0784, 0.0402, 0.6138, 0.4948, 0.2283, 0.2084, 0.1457, 0.1823, 0.0934, 0.3098, 0.2152, 0.0723, 0.0195, 0.0923, 0.1223, 0.2183, 0.2734, 0.5751, 0.3373, 0.6884, 0.3137, 0.0651, 0.1757, 0.2392, 0.1936, 0.0125, 0.957, 0.1712, 1.7541, 0.0966],
      [0.2191, 0.0722, 0.1231, 0, 0.9683, 0, 0, 0.0068, 0.0305, 0.2645, 0.1315, 0, 0, 0.1029, 0.425, 0.5427, 0.4255, 0, 0.1749, 0.0204, 0.1134, 0.0887, 0.0981, 0.0024, 0.0655, 0.3036, 0, 0.0445, 0, 0.1637, 0.0414, 0.1179, 0.0841, 0.067, 0.0055, 0.0687, 0, 0.3202, 0.1031, 1.9591, 0.2636, 0, 0, 0.0328, 0.0389, 0.2388, 0.3077, 0.0024, 0, 0.0857, 1.0986, 0],
      [14.2941, 12.7918, 8.3428, 6.8296, 3.5433, 21.1976, 0.736, 0.9104, 6.3154, 41.0613, 11.3054, 32.2149, 59.366, 14.5395, 44.8828, 31.7962, 37.985, 32.8931, 22.2982, 8.0357, 34.0643, 27.1948, 14.67, 5.2125, 33.5897, 49.4309, 15.1922, 24.6379, 21.3286, 20.0382, 5.4211, 19.4902, 18.7271, 8.9619, 1.2255, 8.016, 11.9959, 15.3811, 25.0496, 47.4934, 44.4727, 53.8084, 22.5741, 4.3448, 14.7108, 9.8604, 34.8617, 1.0311, 88.6442, 14.121, 108.2078, 33.1494],
      [3.9738, 2.2765, 1.8364, 1.6512, 2.1121, 4.1638, 0.1807, 0.1454, 1.6171, 7.2794, 2.2387, 4.1196, 10.251, 2.6886, 10.8346, 7.342, 8.4768, 5.6199, 4.5033, 2.2686, 6.6735, 5.5243, 3.4259, 0.9526, 6.5252, 9.5505, 2.6337, 4.3977, 4.0503, 4.8113, 1.0156, 4.9988, 4.3097, 1.9437, 0.3095, 1.5762, 2.9327, 3.1921, 5.6675, 8.1265, 10.8983, 10.9693, 4.4544, 0.9424, 2.9669, 2.1977, 5.926, 0.1996, 17.6675, 2.6317, 21.3962, 7.1843],
      [0.0179, 0, 0.0054, 0, 0, 0, 3.0815e-33, 0.0001, 0, 0, 0, 0, 0, 0.0011, 0.1573, 0.0803, 0.0112, 0, 0.0012, 0, 0.017, 0, 0, 0.0079, 0.0393, 0, 0, 0, 0.0016, 0, 0.0025, 0.012, 0.0092, 0.0247, 0, 0, 0, 0, 0.0145, 0, 0.0699, 0, 0, 0, 0, 0.0031, 0, 0.0014, 0, 0.0114, 0.0001, 0]
    ],
    [
      [0, 0.0824, 0.0738, 0.6427, 0, 0.0988, 0, 0.0076, 0, 0.1699, 0.058, 3.0827, 3.6828, 0.0404, 0, 0, 0, 0.2786, 0.2935, 0.0445, 0.1367, 0.1987, 0.0313, 0.5214, 0.1541, 0.2658, 1.9579, 0.0477, 0.0948, 0, 0.105, 0, 0.2502, 0, 0.2188, 0.0273, 0.2422, 0, 0.198, 0, 0.0029, 3.9895, 0.0369, 0.0197, 0.1454, 0, 0.1426, 0.0213, 4.1354, 0.05, 2.2837, 2.3084],
      [0, 0.0854, 0.2463, 0.1824, 0, 0, 0, 0.0035, 0.0938, 0.3054, 0.1508, 0.2068, 0, 0.0498, 0.1651, 0, 0, 0.6351, 0.1672, 0.0823, 0.422, 0.2572, 0.0218, 0.3449, 0.4244, 0.2978, 2.7925, 0.0924, 0.0797, 0, 0.686, 0.0172, 0.4249, 0, 1.1507, 0.1635, 0.0673, 0, 0.2162, 0.0783, 0.081, 2.2743, 0.1506, 0.0481, 0.1457, 0, 0.0509, 0.0309, 3.0195, 0.1883, 3.1449, 0.0711],
      [72.9446, 47.5068, 46.5949, 21.7798, 22.96, 26.3443, 0, 2.3945, 38.5186, 49.3109, 20.5569, 32.0663, 64.3291, 52.0281, 114.3332, 96.4618, 152.7444, 53.4307, 72.873, 10.5699, 96.4518, 62.4825, 9.8211, 24.7249, 39.8462, 78.7793, 24.5409, 18.8894, 18.2335, 67.6479, 47.0828, 102.8021, 134.9402, 27.8487, 26.5692, 51.6702, 23.9702, 58.2443, 46.1523, 55.1388, 25.961, 19.6509, 17.9316, 9.4645, 25.6081, 38.8402, 30.8172, 3.0867, 147.1207, 35.5327, 393.6413, 62.7184],
      [0, 0.1807, 0, 0.0395, 0, 0.2169, 0, 0.0068, 0, 0.4266, 0.0764, 0.9149, 1.2468, 0.1417, 0, 0, 0, 0.796, 0.0995, 0, 0.382, 0.1993, 0.0036, 0.2859, 0.1113, 0.2532, 0.4167, 0.0953, 0.1159, 0, 0.0343, 0, 0, 0, 0, 0, 0, 0, 0.0039, 0, 0, 0.2741, 0.0837, 0.003, 0.093, 0, 0.306, 0.0055, 1.2044, 0.1005, 0.4249, 6.5627],
      [26.2553, 19.0867, 14.0277, 12.94, 10.7555, 12.6623, 0, 0.55, 18.5989, 19.0926, 7.1579, 15.8304, 34.2266, 20.5171, 46.5417, 32.833, 57.9028, 23.2099, 27.0087, 6.058, 44.8456, 30.4655, 3.9974, 13.0658, 20.0409, 31.769, 18.4309, 10.3196, 11.8259, 29.9541, 16.8041, 49.0418, 66.2671, 13.0365, 16.4662, 17.2288, 13.139, 17.0618, 23.9026, 15.0274, 12.247, 22.0003, 10.4393, 3.3183, 12.4851, 10.4626, 11.3707, 2.5285, 84.3579, 14.0955, 144.6652, 51.2115],
      [1.8001, 1.058, 1.0574, 0.4157, 0.2846, 0.6777, 0, 0.0376, 0.7887, 0.6947, 0, 0.8989, 1.5147, 1.223, 3.96, 2.7052, 3.3528, 0.6497, 1.5581, 0.2452, 2.7619, 1.3968, 0.1247, 1.0571, 1.4231, 1.6349, 0.861, 0.5556, 0.6502, 1.398, 1.2878, 3.139, 4.1176, 1.1148, 0.595, 0.9102, 0.5813, 0.6939, 1.5269, 0.7555, 0.7082, 0.8108, 0.3578, 0.1464, 0.5227, 0.6972, 0.3126, 0.3271, 4.1621, 1.0331, 8.8401, 2.1279]
    ],
    [
      [0.2485, 0.6437, 1.5965, 0, 0, 0.314, 0, 0.5443, 1.1568, 1.5272, 0.3235, 3.0553, 4.7161, 0.1808, 0, 0, 1.1289, 2.9876, 4.4256, 0, 0.7875, 2.0593, 0.7593, 0, 2.2658, 4.3138, 0, 0.8192, 1.2723, 1.2927, 0.3859, 0, 2.8162, 0, 0, 0.4447, 0.1142, 0, 3.0427, 0.4627, 0.2988, 0, 0.1338, 0.3383, 3.3491, 0, 1.5764, 0.6056, 0, 0.2522, 13.2899, 0],
      [0, 1.8229, 4.4067, 0.2049, 0, 0, 0.1121, 0.2084, 1.223, 4.1972, 1.7652, 2.7844, 0, 1.3822, 9.1131, 3.1312, 7.7561, 7.2181, 4.1738, 2.3257, 4.7206, 5.0967, 0.1635, 0.2794, 11.8903, 8.6043, 4.3065, 2.7587, 1.1231, 1.4158, 2.7354, 6.5855, 5.2698, 0, 1.406, 3.509, 0.5211, 2.7947, 6.2778, 2.7159, 1.5658, 1.7468, 4.8642, 2.9797, 4.8179, 3.02, 1.1892, 1.5456, 7.9923, 3.1335, 31.1991, 0],
      [14.3147, 5.9413, 11.1823, 0, 1.194, 0.4906, 0, 1.6125, 0.9902, 3.8144, 2.0406, 0, 0, 4.5695, 14.9982, 18.0368, 19.6706, 0.3816, 15.4842, 0, 2.4329, 2.9788, 2.7054, 0, 0.8226, 13.5602, 0, 0.7351, 0, 5.8129, 2.3798, 5.7846, 3.1347, 0.9879, 0, 11.4308, 0, 12.1225, 3.7353, 8.9888, 2.7089, 0, 0, 3.3634, 1.7066, 9.7015, 3.0287, 0, 0, 3.4581, 38.3347, 0],
      [0, 7.8202, 1.6331, 1.1216, 0, 3.2376, 0, 2.6255, 0.1383, 7.5914, 1.6988, 12.8094, 17.6902, 4.0552, 0, 0, 0, 11.1938, 10.5202, 0, 7.9927, 11.2021, 1.413, 2.671, 8.1509, 19.9876, 12.0522, 12.0406, 10.7673, 0.0246, 1.671, 0, 4.0985, 0, 0.3647, 3.4839, 0.6075, 0, 4.6531, 1.4581, 0.652, 8.1088, 6.9155, 1.3978, 8.6935, 0, 5.8225, 0.6625, 21.6212, 4.1518, 23.5598, 2.2454],
      [302.4978, 267.0785, 188.5241, 68.4183, 50.8996, 99.8382, 2.8879, 47.9913, 99.9394, 196.3362, 69.1719, 149.759, 302.6674, 171.719, 578.0423, 352.7344, 520.3393, 214.7632, 531.013, 124.2726, 329.7761, 454.1531, 157.4962, 77.2005, 335.5258, 685.4382, 206.2911, 286.0211, 253.1294, 256.3828, 83.2409, 473.6082, 466.9134, 54.3477, 125.7958, 245.5749, 41.6159, 164.0895, 542.3222, 143.8014, 186.1715, 209.3974, 210.2722, 131.7922, 287.2593, 118.6517, 131.8607, 89.7159, 680.9431, 167.3599, 1214.7553, 257.5891],
      [12.939, 8.6933, 8.6572, 1.2551, 0.9064, 3.1196, 0, 2.0182, 2.5522, 3.5336, 0, 4.5919, 6.9264, 6.0932, 32.8463, 18.0976, 18.1052, 2.4556, 18.3831, 2.4016, 12.2902, 11.51, 2.4626, 3.8491, 15.3446, 20.0958, 5.3501, 8.6251, 7.708, 7.0712, 3.5869, 19.0217, 17.7674, 2.6644, 2.4334, 7.5568, 1.1413, 3.9933, 21.9689, 4.5732, 6.603, 3.747, 2.8144, 3.1286, 6.1735, 4.6268, 1.5225, 10.4703, 19.4434, 7.6445, 43.8612, 6.1655]
    ],
    [
      [2.4627, 0.596, 0.6835, 0.3069, 0.2363, 0.6596, 0, 0.8707, 0.9952, 3.1138, 1.0049, 3.0901, 4.3824, 0.6127, 8.5747, 3.4416, 4.8427, 2.002, 5.4669, 1.2992, 1.6172, 2.4361, 2.5777, 0.2759, 2.7006, 6.2894, 0.3553, 0.9915, 2.2757, 2.3718, 0.5474, 2.0913, 3.024, 0, 0.144, 0.4785, 0.3499, 1.1788, 3.9494, 2.4537, 3.8674, 0.1485, 0.4773, 0.4296, 2.7495, 0.7719, 2.0211, 1.3084, 2.4636, 1.0838, 12.5088, 0.2583],
      [3.8569, 0.2363, 0.2335, 0.0824, 0.1353, 0, 0.3939, 0.0414, 0.2362, 1.6959, 0.722, 0.9361, 0, 0.2508, 8.4505, 5.5301, 2.3881, 2.061, 1.028, 0.6867, 0.9444, 0.9303, 0, 0.1065, 2.4339, 1.9007, 1.4038, 0.531, 0.2926, 0.4764, 0.3601, 3.5175, 0.8697, 0.1338, 0.2053, 0.2851, 0.1652, 1.1743, 1.1688, 1.0892, 0.5213, 1.5937, 1.3637, 0.243, 0.8418, 2.8861, 0.3239, 0.5783, 2.3084, 0.7055, 4.9679, 0.1319],
      [0.6925, 0.0624, 0.0833, 0, 0.0231, 0, 0, 0.1196, 0, 0.2929, 0.4006, 0, 0, 0.1382, 0.9722, 1.8026, 2.0372, 0, 0.787, 0.1735, 0, 0, 0.1559, 0, 0, 0.4558, 0, 0, 0, 0.2559, 0.0871, 0.0233, 0, 1.1164, 0, 0.1383, 0, 1.3478, 0, 3.6649, 0.1919, 0, 0, 0.0396, 0, 0.595, 0.3036, 0, 0, 0.156, 1.8501, 0],
      [35.3499, 37.8673, 15.6944, 10.5927, 5.2272, 30.1658, 1.1671, 22.8834, 21.185, 129.0289, 41.2812, 106.261, 162.8787, 39.129, 174.1714, 91.3107, 163.2607, 105.7967, 153.7372, 23.514, 101.7831, 110.222, 82.2745, 17.6198, 121.6899, 231.2142, 81.6757, 81.7504, 120.7223, 70.1621, 21.1696, 64.0425, 88.6957, 19.9585, 14.2281, 28.3174, 17.494, 47.2416, 125.4291, 101.2892, 159.976, 133.613, 93.8958, 17.6399, 78.3389, 25.2104, 74.0927, 54.6986, 242.0659, 63.5042, 330.2627, 78.7234],
      [13.2419, 8.0543, 4.1767, 2.9812, 2.3457, 7.0294, 0.439, 3.9527, 6.4736, 26.8686, 9.5912, 15.6683, 33.6771, 8.6505, 53.0831, 26.7751, 44.3269, 21.1404, 37.0629, 8.2283, 23.974, 26.9965, 23.9182, 3.8398, 28.09, 53.1667, 16.3418, 17.407, 27.2746, 20.3618, 4.6826, 20.7323, 24.7198, 5.5322, 4.3602, 6.6368, 4.9194, 11.9007, 34.4038, 21.1059, 48.9165, 32.6447, 22.2632, 4.5718, 18.8691, 7.3293, 15.2588, 11.9742, 58.1287, 14.002, 78.3964, 20.5978],
      [0.3961, 0.1837, 0.1287, 0.0369, 0.0324, 0.1452, 0, 0.1322, 0.1099, 0, 0, 0.0445, 0.0617, 0.2189, 2.7482, 1.14, 1.1445, 0, 0.918, 0.0982, 0.6813, 0.4151, 0.0738, 0.158, 1.0856, 0.9731, 0.2234, 0.3201, 0.4347, 0.372, 0.1533, 0.5931, 0.6908, 0.2591, 0.0624, 0.1439, 0.0714, 0.1569, 1.049, 0.3971, 1.5268, 0, 0, 0.0762, 0.2007, 0.2073, 0, 2.4405, 1.0334, 0.5485, 2.0142, 0.2886]
    ],
    [
      [0.1055, 0.0257, 0.0737, 0.0299, 0.007, 0.3762, 0, 0.1612, 0.026, 0.1046, 0.0153, 0.1305, 0.1525, 0.0429, 0.2754, 0.121, 0.1939, 0.1218, 0.3073, 0.0548, 0.1, 0.1302, 0.0763, 0.0098, 0.1754, 0.319, 0.0423, 0.0838, 0.1833, 0.0766, 0.0165, 0.0743, 0.1013, 0.0024, 0.0037, 0.0445, 0.0055, 0.0668, 0.1459, 0.0455, 0.0877, 0, 0.0757, 0.0414, 0.1135, 0.0372, 0.0688, 0.0524, 0.1777, 0.044, 0.4533, 0.0272],
      [1.3743, 0.4843, 0.9938, 0.5907, 0.1947, 0.1512, 0.4107, 0.7787, 0.2665, 1.8161, 0.3162, 1.0047, 0.9111, 1.0085, 5.0958, 2.4285, 3.6455, 2.0983, 3.0455, 0.9475, 2.4324, 2.1287, 0.8423, 0.1396, 3.5593, 4.2981, 1.2115, 2.0002, 2.2694, 0.9244, 0.3602, 1.7319, 1.2728, 0.1526, 0.1576, 1.1767, 0.0865, 1.9827, 1.7992, 0.8407, 1.6535, 2.1574, 1.9262, 0.971, 1.2493, 1.0866, 0.7847, 0.845, 3.9232, 1.2196, 6.123, 0.2415],
      [0.2115, 0.0543, 0.1325, 0, 0.0139, 0.0314, 0, 0.2545, 0.0191, 0.1428, 0.0258, 0.0152, 0.0479, 0.1395, 0.4856, 0.3836, 0.5188, 0.0675, 0.4233, 0.0272, 0.1276, 0.1266, 0.0975, 0.0076, 0.0869, 0.4232, 0.0013, 0.0663, 0, 0.1005, 0.026, 0.1119, 0.0868, 0.0151, 0.0071, 0.1732, 0.0049, 0.5512, 0.1163, 0.147, 0.1442, 0, 0, 0.0906, 0.0685, 0.1762, 0.0876, 0.0089, 0.064, 0.1043, 0.545, 0.009],
      [5.3301, 3.5192, 3.5688, 3.3882, 0.4112, 4.3369, 0.097, 7.9729, 1.1629, 8.6535, 1.2137, 5.9829, 8.1011, 6.7784, 18.297, 9.4877, 16.4514, 8.9178, 17.9094, 3.2522, 13.2606, 11.8442, 5.2609, 0.9573, 14.2953, 24.6293, 5.345, 13.18, 16.6294, 4.9271, 1.3563, 6.5117, 6.378, 0.8539, 0.58, 5.9887, 0.4207, 8.2236, 9.5402, 4.0062, 8.7911, 10.9547, 8.9247, 3.8746, 6.2739, 3.0938, 4.859, 4.0652, 21.4702, 6.0542, 24.7913, 3.0481],
      [20.0125, 8.4324, 10.8632, 10.6865, 2.116, 11.1571, 0.4924, 16.2502, 3.9345, 21.4563, 3.374, 12.5234, 19.7554, 16.8931, 59.6237, 29.82, 49.4177, 21.3865, 48.5459, 12.107, 34.6, 31.9904, 16.0994, 2.3651, 37.6782, 63.8446, 12.5114, 31.3178, 41.6523, 15.5609, 3.5011, 22.2942, 19.5199, 2.4419, 1.9909, 15.9241, 1.2821, 23.6391, 28.7072, 10.1967, 27.3937, 29.3291, 23.3982, 11.4038, 16.9809, 9.709, 11.9424, 10.6811, 56.3193, 15.2502, 67.4526, 8.4588],
      [3.966, 1.4842, 2.368, 1.3048, 0.2573, 1.9473, 0, 3.5825, 0.591, 2.8266, 0.055, 2.3433, 3.0319, 3.1375, 14.2226, 6.7591, 8.7727, 2.408, 8.7685, 1.6112, 6.4794, 4.7799, 1.6236, 0.5206, 8.2049, 10.4857, 1.8885, 5.352, 7.2656, 2.4104, 0.7399, 4.2759, 3.6413, 0.5341, 0.2607, 2.6928, 0.2003, 3.5367, 5.6912, 1.7639, 4.9298, 3.5588, 2.6751, 1.6186, 2.314, 1.8972, 1.2575, 4.3474, 9.0456, 3.3277, 12.6348, 1.2154]
    ],
    [
      [1.7843, 0.7938, 0.9063, 0.5174, 0.3054, 0.8653, 0, 0.445, 0.7772, 1.0988, 0.2702, 2.1483, 4.3244, 0.5259, 4.0552, 2.5929, 3.9409, 1.5233, 5.3517, 0.9834, 1.4453, 3.0896, 1.769, 0.3519, 3.3579, 3.2495, 0.6643, 1.2759, 2.8671, 2.2995, 0.4547, 1.6192, 2.8256, 0.0673, 0.1653, 0.6563, 0.3154, 0.7844, 1.5344, 1.1419, 2.7116, 1.2485, 1.1753, 0.5118, 2.3766, 0.7026, 1.3809, 0.1168, 3.2446, 0.5436, 6.9338, 0.7548],
      [20.1394, 13.9685, 11.6951, 5.8139, 6.6152, 8.7856, 0, 2.9259, 7.9497, 18.9211, 5.5634, 21.5315, 27.8168, 10.0168, 61.3297, 40.8608, 61.7665, 27.6826, 52.8111, 14.4917, 28.4775, 46.8179, 18.7862, 4.9682, 61.3182, 42.5899, 17.8757, 26.1337, 26.8392, 25.7015, 9.4525, 32.1599, 33.2421, 9.5917, 6.8211, 15.2652, 4.9683, 15.412, 17.75, 18.5353, 38.633, 24.2298, 23.8809, 10.5056, 26.4521, 15.4665, 17.2625, 1.8403, 61.8276, 12.3461, 92.3787, 6.3435],
      [0.7948, 0.5338, 0.3993, 0.1237, 0.1543, 0.3197, 0, 0.1693, 0.2047, 0.5088, 0.1429, 0.3603, 0.8742, 0.3721, 1.7193, 1.5983, 2.2879, 0.5041, 2.1316, 0.2425, 0.7368, 1.1968, 0.7276, 0.1173, 0.9786, 1.4051, 0.1781, 0.5865, 0, 0.9126, 0.2264, 0.7765, 0.8986, 0.3141, 0.1107, 0.5824, 0.0976, 0.6661, 0.4735, 0.8688, 1.1763, 0.2038, 0, 0.3034, 0.6036, 0.5993, 0.6239, 0.0207, 1.2167, 0.3407, 2.6089, 0.2471],
      [5.026, 6.5303, 2.6938, 1.9873, 0.8183, 4.7506, 0, 1.5343, 2.1621, 5.8989, 1.3113, 8.5522, 16.1039, 4.2277, 14.6488, 10.4054, 18.2113, 7.9408, 20.0891, 3.1981, 10.1195, 17.0388, 7.3182, 2.0858, 16.8775, 15.9326, 5.2204, 11.0494, 12.142, 8.7681, 2.2563, 7.8946, 10.864, 3.2256, 1.5521, 5.0013, 1.4516, 4.1454, 6.1232, 5.6931, 13.0476, 8.0401, 7.323, 2.6825, 8.7104, 2.8354, 6.874, 0.527, 22.327, 3.9461, 24.8807, 5.0635],
      [3.6665, 3.0173, 1.5498, 1.2394, 0.8889, 2.3851, 0, 0.6254, 1.4458, 2.7765, 0.6897, 3.0649, 7.4106, 2.0343, 9.3264, 6.3308, 10.6673, 3.5003, 10.4723, 2.4267, 5.1322, 8.9926, 4.4638, 0.9958, 8.3268, 7.9697, 2.2999, 5.0735, 5.9173, 5.5099, 1.0887, 5.341, 6.5364, 1.9032, 1.0595, 2.5499, 0.8797, 2.2512, 3.5803, 2.7094, 8.2963, 4.1956, 3.7283, 1.5292, 4.5305, 1.6499, 3.1463, 0.2651, 11.4433, 1.9074, 12.8557, 2.7432],
      [1.589, 1.1563, 0.7557, 0.3184, 0.2178, 0.8936, 0, 0.3001, 0.4605, 0.7959, 0.0226, 1.3428, 2.47, 0.8232, 4.9205, 3.2118, 4.1262, 0.849, 4.1441, 0.6576, 2.0887, 2.8643, 0.9353, 0.4811, 4.141, 2.8532, 0.7617, 1.8811, 2.2344, 1.8084, 0.5214, 2.2089, 2.6332, 0.898, 0.2913, 0.9447, 0.2874, 0.741, 1.5386, 1.0515, 3.1353, 1.0823, 0.8925, 0.4676, 1.3268, 0.7462, 0.7124, 0.2301, 3.9409, 0.9163, 5.3422, 0.848]
    ],
    [
      [0.108, 0.0966, 0.1145, 0.0389, 0, 0.0475, 0, 0.0395, 0.0881, 0.1549, 0.2018, 0.1479, 0.3588, 0.0463, 0.1866, 0.0973, 0.2802, 0.202, 0.3431, 0.0892, 0.1455, 0.1724, 0.0587, 0.0567, 0.1796, 0.3423, 0.0343, 0.0704, 0.8329, 0.1548, 0.0646, 0.144, 0.328, 0, 0.0282, 0.1019, 0.0237, 0.0817, 0.2376, 0.0504, 0.0733, 0.0796, 0.4432, 0.0444, 0.1581, 0.0274, 0.0992, 0.1425, 0.2473, 0.0473, 0.9875, 0.0816],
      [0.4252, 0.3048, 0.2842, 0.0709, 0.1299, 0.0632, 0, 0.0364, 0.1503, 0.5003, 0.2842, 0.2162, 0.272, 0.1748, 1.0536, 0.5578, 0.9558, 0.7027, 0.5638, 0.3195, 0.6391, 0.4907, 0.1078, 0.1211, 0.7601, 0.8143, 0.1817, 0.2757, 0.2503, 0.2996, 0.3124, 0.6783, 0.7055, 0.0496, 0.2397, 0.5081, 0.0693, 0.4181, 0.5147, 0.1655, 0.2082, 0.3097, 0.5007, 0.1876, 0.3175, 0.3016, 0.1953, 0.1473, 0.972, 0.2359, 2.4323, 0.1154],
      [8.8228, 6.8293, 4.4845, 1.0965, 1.6864, 1.814, 0, 1.4429, 2.2369, 6.6657, 3.7017, 2.5582, 6.7488, 3.6498, 13.0665, 9.1741, 16.3156, 6.616, 12.1259, 2.9664, 9.1375, 7.1266, 2.3944, 2.1478, 6.2003, 14.0727, 1.2797, 3.6782, 2.7665, 6.1065, 3.1565, 8.3837, 10.8557, 1.6508, 2.3074, 9.9364, 0.9273, 7.748, 7.4195, 3.2326, 3.5542, 2.1453, 4.0684, 2.7057, 3.9743, 3.849, 3.8313, 0.8813, 11.5986, 3.3225, 30.9213, 3.0256],
      [0, 0.2905, 0.0671, 0.0411, 0, 0.0945, 0, 0.0667, 0.0363, 0.3395, 0.1133, 0.2647, 0.6133, 0.1286, 0, 0, 0.0916, 0.4618, 0.3464, 0, 0.3977, 0.2988, 0.0598, 0.1676, 0.2855, 0.5521, 0.0977, 0.2464, 0.2945, 0.0799, 0.0914, 0.061, 0.2368, 0, 0.0495, 0.1926, 0.0302, 0.0084, 0.201, 0.0599, 0.0605, 0.2008, 0.2831, 0.0574, 0.1796, 0, 0.1841, 0.0101, 0.6672, 0.1223, 0.8729, 0.2074],
      [20.3521, 18.0544, 9.0222, 4.0834, 4.8822, 5.7641, 0, 2.485, 6.9907, 17.1904, 8.7766, 8.0344, 23.0119, 9.4974, 34.5481, 20.1647, 39.8692, 19.3798, 29.3937, 11.6386, 27.9986, 22.8775, 6.5992, 7.5805, 20.8131, 37.2613, 5.4913, 13.4633, 15.1502, 17.4192, 7.667, 25.9837, 34.7336, 4.7947, 9.0179, 21.5093, 3.2311, 14.8656, 25.4163, 6.0328, 11.0766, 12.4635, 17.4443, 6.4422, 12.9081, 6.9999, 9.4952, 5.6355, 42.1402, 8.7532, 75.4786, 14.2154],
      [28.2919, 22.4245, 14.0276, 3.6691, 4.3015, 7.2167, 0, 3.9295, 7.4976, 16.1492, 0.9224, 10.7787, 24.9953, 12.5032, 57.1452, 32.0061, 49.4875, 15.6377, 37.227, 10.9862, 36.6816, 24.0339, 4.78, 11.9263, 31.7614, 42.9573, 5.9153, 16.266, 18.7056, 18.94, 11.7081, 34.7494, 45.1404, 7.5049, 8.3572, 25.7516, 3.7184, 15.8783, 35.211, 7.4588, 14.0271, 10.8012, 14.2602, 6.5626, 12.4624, 9.8222, 7.195, 16.1832, 47.3746, 13.5187, 99.3074, 14.3546]
    ]
  ],
  "V_est": [
    [779.2575, 16.1531, 9.2228, 1248.2464, 253.6311, 0.489],
    [26.1416, 19.1156, 2823.9576, 15.1048, 1247.1269, 69.5534],
    [63.5295, 188.0535, 254.6358, 268.6052, 13407.3862, 448.7899],
    [108.8382, 63.419, 17.9666, 4269.5033, 1047.0838, 24.1891],
    [5.2074, 79.1104, 6.5694, 395.2218, 1084.2845, 190.6065],
    [84.8451, 1214.5576, 33.2401, 397.107, 212.3898, 79.8604],
    [8.1806, 20.5908, 296.4077, 9.2115, 844.0977, 1032.5117]
  ],
  "p_est": [
    [0.3378, 0.007, 0.004, 0.5411, 0.1099, 0.0002],
    [0.0062, 0.0046, 0.6722, 0.0036, 0.2969, 0.0166],
    [0.0043, 0.0129, 0.0174, 0.0184, 0.9164, 0.0307],
    [0.0197, 0.0115, 0.0032, 0.7719, 0.1893, 0.0044],
    [0.003, 0.0449, 0.0037, 0.2244, 0.6157, 0.1082],
    [0.042, 0.6007, 0.0164, 0.1964, 0.105, 0.0395],
    [0.0037, 0.0093, 0.1341, 0.0042, 0.3818, 0.467]
  ],
  "EI_Z": {},
  "EI_V": 10.5864,
  "MAE_Z": {},
  "MAE_V": 164.6638,
  "MAE_p": 0.053,
  "runtime": 0.007
}
