{
  "Z_true": {},
  "V_true": [
    [20, 25, 603, 61, 1760, 63],
    [21, 542, 23, 438, 208, 30],
    [220, 456, 89, 6103, 672, 222],
    [215, 332, 1422, 386, 18065, 552],
    [615, 16, 19, 305, 242, 32],
    [55, 109, 49, 231, 483, 445]
  ],
  "p_true": [
    [0.0079, 0.0099, 0.2382, 0.0241, 0.6951, 0.0249],
    [0.0166, 0.4295, 0.0182, 0.3471, 0.1648, 0.0238],
    [0.0283, 0.0587, 0.0115, 0.7863, 0.0866, 0.0286],
    [0.0103, 0.0158, 0.0678, 0.0184, 0.8614, 0.0263],
    [0.5004, 0.013, 0.0155, 0.2482, 0.1969, 0.026],
    [0.0401, 0.0794, 0.0357, 0.1684, 0.352, 0.3243]
  ],
  "Z_est": {},
  "V_est": [
    [0, 0, 1163.2314, 0, 1368.7686, 0],
    [127.41, 1026.4368, 38.512, 69.6412, 0, 0],
    [384.0941, 0, 0, 6869.9088, 0, 507.9971],
    [0, 0, 746.9866, 212.8569, 19632.5551, 379.6015],
    [634.4959, 0, 0, 354.8627, 239.6414, 0],
    [0, 453.5632, 256.2701, 16.7305, 189.0349, 456.4014]
  ],
  "p_est": [
    [0, 0, 0.4594, 0, 0.5406, 0],
    [0.101, 0.8133, 0.0305, 0.0552, 0, 0],
    [0.0495, 0, 0, 0.8851, 0, 0.0654],
    [0, 0, 0.0356, 0.0101, 0.9361, 0.0181],
    [0.5163, 0, 0, 0.2887, 0.195, 0],
    [0, 0.3306, 0.1868, 0.0122, 0.1378, 0.3327]
  ],
  "EI_Z": {},
  "EI_V": 13.0483,
  "MAE_Z": {},
  "MAE_V": 254.6521,
  "MAE_p": 0.0778,
  "runtime": 0.0228
}
