{
  "Z_true": {},
  "V_true": [
    [10, 10, 15, 27, 46, 92, 426],
    [0, 9, 542, 12, 39, 48, 75],
    [0, 27, 73, 18, 132, 285, 265],
    [1, 25, 22, 797, 91, 38, 64],
    [4, 53, 83, 33, 370, 4039, 275],
    [4, 40, 83, 36, 673, 143, 7093],
    [9, 424, 242, 353, 471, 562, 943]
  ],
  "p_true": [
    [0.016, 0.016, 0.024, 0.0431, 0.0735, 0.147, 0.6805],
    [0, 0.0124, 0.7476, 0.0166, 0.0538, 0.0662, 0.1034],
    [0, 0.0338, 0.0912, 0.0225, 0.165, 0.3562, 0.3312],
    [0.001, 0.0241, 0.0212, 0.7678, 0.0877, 0.0366, 0.0617],
    [0.0008, 0.0109, 0.0171, 0.0068, 0.0762, 0.8316, 0.0566],
    [0.0005, 0.005, 0.0103, 0.0045, 0.0834, 0.0177, 0.8787],
    [0.003, 0.1411, 0.0806, 0.1175, 0.1568, 0.1871, 0.3139]
  ],
  "Z_est": [
    [
      [0, 0.0776, 0, 0, 0.1294, 0, 0, 0, 0, 0.0776, 0, 0, 0.0711, 0.1035, 0, 0.0647, 0, 0, 0, 0, 0.0647, 0.0388, 0, 0.0259, 0, 0.097, 0.0905, 0, 0, 0, 0.1294, 0.0776, 0, 0.1358, 0, 0, 0, 0, 0.11, 0, 0, 0.194, 0, 0, 0.1229, 0, 0.3557],
      [0.3859, 0.2437, 0.482, 0.4285, 0.4062, 0.3656, 0.3047, 0.264, 0.1607, 0.2437, 0.2234, 0.0203, 0.2234, 0.325, 0.2031, 0.2031, 0.1219, 0.0406, 0.2946, 0.1422, 0.2031, 0.1219, 0.1828, 0.0812, 0.3481, 0.3047, 0.2843, 0.4017, 0.1607, 0.1219, 0.4062, 0.2437, 0.2678, 0.4265, 0.2142, 0.2437, 0.2437, 0.2678, 0.3453, 0.2142, 0.0609, 0.6093, 0.6962, 0.2234, 0.3859, 0.4062, 1.1171],
      [0.0631, 0.0399, 0.0598, 0.0531, 0.0664, 0, 0.0498, 0.0432, 0.0199, 0.0399, 0.1077, 0.0098, 0.0365, 0.0531, 0.0332, 0.0332, 0.0199, 0.0066, 0.0365, 0.0232, 0.0332, 0.0199, 0.0881, 0.0133, 0.0432, 0.0498, 0.0465, 0.0498, 0.0199, 0.0587, 0.0664, 0.0399, 0.0332, 0.0697, 0.0266, 0.0399, 0.0399, 0.0332, 0.0565, 0.0266, 0.01, 0.0996, 0.0864, 0, 0.0631, 0.1958, 0.1827],
      [0.0536, 0.0339, 0.0508, 0.0452, 0.0564, 0.0508, 0.0423, 0.0367, 0.0169, 0.0339, 0.031, 0.0028, 0.031, 0.0452, 0.0929, 0.0282, 0.0557, 0.0186, 0.031, 0.0198, 0.0282, 0.0169, 0.0254, 0.0113, 0.0367, 0.0423, 0.0395, 0.0423, 0.0169, 0.0169, 0.0564, 0.0339, 0.0282, 0.0593, 0.0226, 0.0339, 0.0339, 0.0282, 0.048, 0.0226, 0.0279, 0.0847, 0.0734, 0.031, 0.0536, 0.0564, 0.1552],
      [18.0344, 11.3902, 17.0852, 15.1869, 18.9836, 17.0852, 14.3347, 12.4234, 5.6951, 11.3902, 10.441, 0.9492, 10.441, 15.1869, 9.4918, 9.4918, 5.6951, 1.8984, 10.441, 6.6443, 9.4918, 5.6951, 8.5426, 3.7967, 12.3393, 14.2377, 13.2885, 14.2377, 5.6951, 5.6951, 18.9836, 11.3902, 9.4918, 19.9328, 7.5934, 11.4678, 11.4678, 9.4918, 16.1361, 7.5934, 2.8475, 28.4754, 24.6787, 10.441, 18.0344, 18.9836, 52.2049],
      [0.1801, 0.0361, 0.0542, 0.0482, 0.0602, 0.0542, 0.0452, 0.0391, 0.0181, 0.0361, 0.0331, 0.003, 0.0331, 0.0482, 0.0301, 0.0301, 0.0181, 0.006, 0.0331, 0.0664, 0.0301, 0.0181, 0.0271, 0.012, 0.0391, 0.0452, 0.0422, 0.0452, 0.0181, 0.0181, 0.0602, 0.0361, 0.0301, 0.0632, 0.0241, 0.0361, 0.0361, 0.0301, 0.0512, 0.0241, 0.009, 0.0903, 0.0783, 0.1408, 0.0572, 0.0602, 0.1656],
      [0.2829, 0.1787, 0.268, 0.2382, 0.2978, 0.4442, 0.2233, 0.1935, 0.0893, 0.1787, 0.1638, 0.0149, 0.1638, 0.2382, 0.1489, 0.1489, 0.0893, 0.0298, 0.1638, 0.1042, 0.1489, 0.0893, 0.134, 0.0596, 0.1935, 0.2233, 0.2084, 0.2233, 0.0893, 0.0893, 0.2978, 0.1787, 0.1489, 0.3126, 0.1191, 0.1787, 0.1787, 0.1489, 0.2531, 0.1191, 0.0447, 0.4466, 0.3871, 0.1638, 0.2829, 0.2978, 0.8188]
    ],
    [
      [0, 0, 0, 0, 0, 0, 0, 0, 0, 0, 0, 0, 0, 0, 0, 0, 0, 0, 0, 0, 0, 0, 0, 0, 0, 0, 0, 0, 0, 0, 0, 0, 0, 0, 0, 0, 0, 0, 0, 0, 0, 0, 0, 0, 0, 0, 0],
      [1.6196, 1.6196, 1.0123, 1.4172, 1.4172, 0.6074, 2.227, 2.4294, 0.8098, 0.2025, 0.8098, 2.0245, 2.227, 2.8344, 2.0245, 8.0981, 6.681, 4.8589, 9.9202, 2.0245, 2.4294, 4.2515, 6.0736, 7.8957, 4.454, 4.8589, 4.0491, 4.454, 4.2515, 3.6442, 2.4294, 2.4294, 2.6319, 3.8466, 2.4294, 3.0368, 1.2147, 1.8221, 1.4172, 1.2147, 0.9391, 1.4172, 0.8098, 1.4172, 1.6196, 1.6196, 13.5644],
      [6.2939, 6.2939, 3.9337, 5.5072, 5.5072, 2.3602, 8.6541, 9.4408, 3.1469, 0.7867, 3.1469, 7.8674, 8.6541, 11.0143, 7.8674, 31.4695, 25.9623, 18.8817, 38.5501, 7.8674, 9.4408, 16.5215, 23.6021, 30.6828, 17.3082, 18.8817, 15.7347, 17.3082, 16.5215, 14.1613, 9.4408, 9.4408, 10.2276, 14.948, 9.4408, 11.8011, 4.7204, 7.0806, 5.5072, 4.7204, 10.2276, 5.5072, 3.1469, 5, 6.2939, 6.2939, 52.7114],
      [0.0076, 0.0076, 0.0047, 0.0066, 0.0066, 0.0028, 0.0104, 0.0113, 0.0038, 0.0009, 0.0038, 0.0095, 0.0104, 0.0132, 0.0095, 0.0378, 0.0312, 0.0227, 0.0463, 0.0095, 0.0113, 0.0199, 0.0284, 0.0369, 0.0208, 0.0227, 0.0189, 0.0208, 0.0199, 0.017, 0.0113, 0.0113, 0.0123, 0.018, 0.0113, 0.0142, 0.0057, 0.0085, 0.0066, 0.0057, 1.7051, 0.0066, 0.0038, 0.0066, 0.0076, 0.0076, 0.0633],
      [0, 0, 0, 0, 0, 0, 0, 0, 0, 0, 0, 0, 0, 0, 0, 0, 0, 0, 0, 0, 0, 0, 0, 0, 0, 0, 0, 0, 0, 0, 0, 0, 0, 0, 0, 0, 0, 0, 0, 0, 0, 0, 0, 0, 0, 0, 0],
      [0.0709, 0.0709, 0.0443, 0.062, 0.062, 0.0266, 0.0974, 0.1063, 0.0354, 0.0089, 0.0354, 0.0886, 0.0974, 0.124, 0.0886, 0.3543, 0.2923, 0.2126, 0.434, 0.0886, 0.1063, 0.186, 0.2657, 0.3454, 0.1948, 0.2126, 0.1771, 0.1948, 0.186, 0.1594, 0.1063, 0.1063, 0.1151, 0.1683, 0.1063, 0.1328, 0.0531, 0.0797, 0.062, 0.0531, 0.1151, 0.062, 0.0354, 0.5692, 0.0709, 0.0709, 0.5934],
      [0.0081, 0.0081, 0.005, 0.007, 0.007, 0.003, 0.0111, 0.0121, 0.004, 0.001, 0.004, 0.0101, 0.0111, 0.0141, 0.0101, 0.0403, 0.0332, 0.0242, 0.0493, 0.0101, 0.0121, 0.0211, 0.0302, 0.0393, 0.0222, 0.0242, 0.0201, 0.0222, 0.0211, 0.0181, 0.0121, 0.0121, 0.0131, 0.0191, 0.0121, 0.0151, 0.006, 0.0091, 0.007, 0.006, 0.0131, 0.007, 0.004, 0.007, 0.0081, 0.0081, 0.0675]
    ],
    [
      [0, 0, 0, 0, 0, 0, 0, 0, 0, 0, 0, 0, 0, 0, 0, 0, 0, 0, 0, 0, 0, 0, 0, 0, 0, 0, 0, 0, 0, 0, 0, 0, 0, 0, 0, 0, 0, 0, 0, 0, 0, 0, 0, 0, 0, 0, 0],
      [0, 0, 0, 0, 0, 0, 0, 0, 0, 0, 0, 0, 0, 0, 0, 0, 0, 0, 0, 0, 0, 0, 0, 0, 0, 0, 0, 0, 0, 0, 0, 0, 0, 0, 0, 0, 0, 0, 0, 0, 0, 0, 0, 0, 0, 0, 0],
      [0, 0, 0, 0, 0, 0, 0, 0, 0, 0, 0, 0, 0, 0, 0, 0, 0, 0, 0, 0, 0, 0, 0, 0, 0, 0, 0, 0, 0, 0, 0, 0, 0, 0, 0, 0, 0, 0, 0, 0, 0, 0, 0, 0, 0, 0, 0],
      [0.5966, 0.7458, 0.3878, 0.4475, 0.5369, 0.4773, 0.7159, 0.6563, 0.2386, 0.5966, 0.2685, 0.2685, 0.3281, 0.3281, 0.6563, 0.179, 0.3281, 0.2685, 0.1193, 0.6861, 0.4773, 0.2983, 0.358, 0.2386, 0.3878, 0.5071, 0.4176, 0.5966, 0.2386, 0.2983, 0.4176, 0.4773, 0.2983, 0.358, 0.358, 0.5369, 0.3281, 0.2685, 0.5966, 0.1193, 0.179, 1.7003, 0.9546, 0.2685, 0.6264, 1.0739, 2.6549],
      [3.9288, 4.911, 2.5537, 2.9466, 3.5359, 3.143, 4.7145, 4.3216, 1.5715, 3.9288, 1.7679, 1.7679, 2.1608, 2.1608, 4.3216, 1.1786, 2.1608, 1.7679, 0.7858, 4.5181, 3.143, 1.9644, 2.3573, 1.5715, 2.5537, 3.3394, 2.7501, 3.9288, 1.5715, 1.9644, 2.7501, 3.143, 1.9644, 2.3573, 2.3573, 3.5359, 2.1608, 1.7679, 3.9288, 0.7858, 1.1786, 11.197, 6.286, 1.7679, 4.1252, 7.0718, 17.483],
      [3.5084, 4.3855, 2.2805, 2.6313, 3.1576, 2.8067, 4.2101, 3.8592, 1.4034, 3.5084, 1.5788, 1.5788, 1.9296, 1.9296, 3.8592, 1.0525, 1.9296, 1.5788, 0.7017, 4.0347, 2.8067, 1.7542, 2.105, 1.4034, 2.2805, 2.9821, 2.4559, 3.5084, 1.4034, 1.7542, 2.4559, 2.8067, 1.7542, 2.105, 2.105, 3.1576, 1.9296, 1.5788, 3.5084, 0.7017, 1.0525, 9.999, 5.6134, 1.5788, 3.6838, 6.3151, 15.6124],
      [11.9662, 14.9578, 7.778, 8.9747, 10.7696, 9.573, 14.3595, 13.1628, 4.7865, 11.9662, 5.3848, 5.3848, 6.5814, 6.5814, 13.1628, 3.5899, 6.5814, 5.3848, 2.3932, 13.7612, 9.573, 5.9831, 7.1797, 4.7865, 7.778, 10.1713, 8.3764, 11.9662, 4.7865, 5.9831, 8.3764, 9.573, 5.9831, 7.1797, 7.1797, 10.7696, 6.5814, 5.3848, 11.9662, 2.3932, 3.5899, 34.1037, 19.146, 5.3848, 12.5645, 21.5392, 53.2497]
    ],
    [
      [0, 0, 0, 0, 0, 0, 0, 0, 0, 0, 0, 0, 0, 0, 0, 0, 0, 0, 0, 0, 0, 0, 0, 0, 0, 0, 0, 0, 0, 0, 0, 0, 0, 0, 0, 0, 0, 0, 0, 0, 0, 0, 0, 0, 0, 0, 0],
      [0, 0, 0, 0, 0, 0, 0, 0, 0, 0, 0, 0, 0, 0, 0, 0, 0, 0, 0, 0, 0, 0, 0, 0, 0, 0, 0, 0, 0, 0, 0, 0, 0, 0, 0, 0, 0, 0, 0, 0, 0, 0, 0, 0, 0, 0, 0],
      [1.078, 1.4822, 0.6737, 2.2906, 1.4822, 0.6398, 2.4254, 2.1559, 0.2695, 0.2695, 0.8085, 0.8085, 2.4254, 3.5033, 3.6381, 6.1982, 7.4109, 4.4466, 9.8363, 1.8864, 1.8864, 3.3686, 6.4677, 5.6593, 3.5033, 4.0423, 4.4466, 5.255, 5.1203, 1.7517, 3.0991, 3.0991, 1.7517, 2.8296, 1.4822, 2.9644, 0.9432, 0.9432, 1.078, 0.539, 2.1559, 1.8864, 2.5601, 0, 1.2127, 2.6949, 14.0134],
      [6.8811, 9.4616, 4.3007, 14.6224, 9.4616, 5.1608, 15.4825, 13.7623, 1.7203, 1.7203, 5.1608, 5.1608, 15.4825, 22.3637, 23.2238, 39.5665, 47.3078, 28.3847, 62.7903, 12.042, 12.042, 21.5035, 41.2868, 36.1259, 22.3637, 25.8042, 28.3847, 33.5455, 32.6854, 11.1818, 19.7832, 19.7832, 11.1818, 18.063, 9.4616, 18.9231, 6.021, 6.021, 6.8811, 3.4406, 13.7623, 12.042, 16.3427, 7.7413, 7.7413, 17.2028, 89.4547],
      [0, 0, 0, 0, 0, 0, 0, 0, 0, 0, 0, 0, 0, 0, 0, 0, 0, 0, 0, 0, 0, 0, 0, 0, 0, 0, 0, 0, 0, 0, 0, 0, 0, 0, 0, 0, 0, 0, 0, 0, 0, 0, 0, 0, 0, 0, 0],
      [0.0409, 0.0563, 0.0256, 0.087, 0.0563, 0.0307, 0.0921, 0.0818, 0.0102, 0.0102, 0.0307, 0.0307, 0.0921, 0.133, 0.1381, 0.2353, 0.2813, 0.1688, 0.3734, 0.0716, 0.0716, 0.1279, 0.2455, 0.2148, 0.133, 0.1534, 0.1688, 0.1995, 0.1944, 0.0665, 0.1176, 0.1176, 0.0665, 0.1074, 0.0563, 0.1125, 0.0358, 0.0358, 0.0409, 0.0205, 0.0818, 0.0716, 0.0972, 1.2587, 0.046, 0.1023, 0.5319],
      [0, 0, 0, 0, 0, 0.1687, 0, 0, 0, 0, 0, 0, 0, 0, 0, 0, 0, 0, 0, 0, 0, 0, 0, 0, 0, 0, 0, 0, 0, 0, 0, 0, 0, 0, 0, 0, 0, 0, 0, 0, 0, 0, 0, 0, 0, 0, 0]
    ],
    [
      [0, 0.2749, 0, 0, 0.6611, 0, 0, 0, 0, 0.245, 0, 0, 0.3898, 0.6977, 0, 1.7382, 0, 0, 0, 0, 1.6828, 0.777, 0, 0.4901, 0, 0.4303, 0.6719, 0, 0, 0, 0.3078, 0.3078, 0, 0.2779, 0, 0, 0, 0, 0.2809, 0, 0, 0.4333, 0, 0, 1.6998, 0, 0.1649],
      [0.6379, 1.4061, 1.2728, 1.3802, 0, 0.3845, 0, 0.4587, 1.8113, 0.7044, 0, 0, 0, 0, 0, 2.6217, 0.7474, 1.748, 1.7049, 0, 0.1, 2.7705, 0, 1.4089, 2.3648, 0.1316, 1.983, 1.6167, 0.5584, 0, 2.2686, 2.3083, 0.7732, 0.7989, 3.0842, 2.2273, 0.6185, 0.5412, 0, 0.8206, 0, 4.1257, 0.7818, 0, 0, 0.1979, 3.2816],
      [0, 0, 1.5629, 1.5833, 1.463, 0, 0.6219, 1.4444, 0, 0.6546, 1.5985, 1.1523, 1.3017, 2.0684, 0, 1.5315, 0.608, 4.316, 1.6482, 1.2981, 3.4042, 0.8408, 4.6557, 2.392, 0, 1.7774, 2.1733, 2.3629, 0.9481, 2.3692, 1.0615, 0, 0, 1.3565, 5.5887, 2.4651, 0, 0.527, 0, 1.0326, 0, 6.4622, 0, 0, 1.9032, 3.365, 5.5717],
      [0.7988, 0, 0, 0, 0.5907, 0.6174, 0.8506, 0, 0.8158, 0.904, 0.5953, 0, 0, 1.1906, 3.0123, 1.1576, 0.9591, 1.3896, 1.2458, 0.2096, 0, 0, 0.3247, 0, 1.2017, 1.5875, 0.713, 1.786, 0, 4.4327, 1.1355, 0, 0.9922, 8.9137, 0, 1.0584, 0.7938, 1.2447, 1.0635, 1.3291, 0.8048, 2.2575, 0, 0.7386, 0.639, 6.1967, 4.2114],
      [6.4179, 5.5182, 3.7788, 5.8781, 4.3786, 0.8372, 8.536, 6.3579, 4.4386, 5.4599, 2.0701, 6.5241, 7.6327, 12.9582, 4.8584, 3.1539, 9.4934, 19.4552, 6.7778, 0, 2.0035, 7.0777, 10.1782, 9.8368, 7.025, 8.4206, 8.9371, 9.7169, 4.9802, 0, 12.1259, 7.3924, 2.9813, 6.9509, 0, 5.7581, 5.5839, 3.7788, 5.6382, 0.7666, 0, 9.1124, 5.4582, 0, 3.1722, 6.3293, 0],
      [89.7878, 76.755, 50.876, 57.7743, 59.5224, 45.661, 83.9837, 88.4688, 54.0853, 66.8608, 44.0303, 64.4147, 75.5426, 81.6399, 66.0454, 85.6145, 67.5836, 68.9085, 86.2908, 78.0586, 49.8139, 96.2143, 127.1986, 135.5297, 88.876, 119.0591, 121.491, 132.3499, 48.8888, 57.0763, 77.0929, 83.9837, 68.3231, 66.5688, 88.9695, 72.1176, 58.7071, 40.2381, 77.2662, 51.4909, 65.4299, 109.928, 73.2345, 57.4632, 83.1683, 137.2188, 331.5709],
      [9.3576, 8.0458, 5.5096, 6.3842, 6.3842, 8.4999, 9.0078, 9.2702, 12.849, 7.1713, 5.7058, 6.9089, 8.1333, 9.4451, 7.0838, 9.1827, 7.6085, 9.1827, 15.3326, 9.4337, 8.9955, 10.3196, 13.6429, 14.3425, 9.5325, 12.5934, 13.0307, 14.1676, 9.6246, 6.1218, 9.0078, 9.0078, 16.9303, 8.1333, 9.3576, 12.3734, 6.2967, 16.6703, 9.7513, 6.5602, 6.7653, 12.6809, 11.5255, 8.7982, 11.4174, 14.6923, 37.1995]
    ],
    [
      [0, 0.0955, 0, 0, 0.1058, 0, 0, 0, 0, 1.6178, 0, 0, 0.0889, 0.1118, 0, 0.0811, 0, 0, 0, 0, 0.1701, 0.1064, 0, 1.3589, 0, 1.3582, 0.1322, 0, 0, 0, 0.4468, 0.5169, 0, 1.4855, 0, 0, 0, 0, 0.5466, 0, 0, 1.2582, 0, 0, 0.101, 0, 0],
      [0, 6.0703, 0.5904, 0.6943, 0, 0, 0, 0, 1.0399, 0.3229, 0, 0, 0, 0, 0, 2.2562, 0.0932, 0.7368, 1.2594, 0, 0, 1.0874, 0, 4.0969, 9.1112, 0, 2.6751, 1.4741, 0.5384, 0, 3.0749, 0.5904, 4.4384, 1.2677, 0.6565, 0.7604, 0.1644, 4.5477, 0, 0.5007, 0, 1.143, 1.7038, 0, 0, 0, 1.5927],
      [0, 0, 1.4865, 0.4834, 1.0999, 0, 0, 0, 0, 0, 0.2894, 0.3293, 0, 0.6117, 0, 0.4355, 0, 0.513, 1.5968, 0.5926, 0.9307, 0, 0.661, 1.4207, 0, 0, 2.8501, 3.1923, 0.641, 5.7715, 0, 0, 0, 2.2972, 0.4571, 0.8087, 0, 0, 0, 0.3486, 0, 0.7958, 0, 0, 0.5525, 0.8682, 2.6046],
      [0, 0, 0, 0, 0, 0.5452, 0, 0, 0.3734, 0.6772, 0.7312, 0, 0, 1.5765, 5.3091, 2.0541, 6.6558, 11.4334, 1.6744, 0, 0, 0, 0, 0, 14.1698, 1.1379, 0, 0.6164, 0, 0.9638, 6.619, 0, 0.8812, 1.3977, 0, 2.8723, 0.5932, 1.2048, 1.1799, 0.8807, 0.9472, 2.0107, 0, 0.2479, 0, 2.1935, 6.5806],
      [5.1569, 10.4358, 0.6477, 15.4013, 10.3132, 0, 17.0616, 7.472, 5.0537, 14.46, 0, 4.706, 11.1501, 19.0374, 17.9711, 0, 6.0586, 4.9968, 6.8198, 0, 0, 7.4213, 7.7463, 3.5791, 5.253, 0, 17.0621, 15.8205, 3.6515, 0, 4.9648, 9.7282, 0, 5.3171, 0, 6.1831, 8.4975, 1.8536, 4.6104, 0, 0, 10.2129, 7.615, 0, 0, 0, 0],
      [8.9529, 2.7091, 0, 0, 1.5183, 1.7013, 9.7224, 4.6834, 0, 0.174, 1.7981, 3.0727, 0, 0, 5.8931, 3.5463, 0, 0, 0, 4.3788, 0, 5.4821, 2.9909, 18.5583, 5.9455, 16.6985, 14.7239, 2.8113, 0, 1.3901, 0, 0.5983, 0, 0, 8.6135, 0, 0.2007, 0, 3.0338, 1.806, 1.9424, 0, 0, 4.8334, 2.0743, 10.8252, 13.4942],
      [146.8902, 139.6892, 122.2754, 130.4209, 162.9628, 115.7536, 169.216, 160.8446, 91.5329, 110.748, 85.1813, 74.892, 136.7609, 164.6626, 139.8268, 126.6268, 126.1924, 138.32, 160.6496, 252.0286, 281.8993, 162.9028, 189.6017, 140.9861, 129.5205, 141.8055, 182.5566, 141.0855, 109.1691, 107.8745, 139.8946, 113.5662, 170.6804, 154.2348, 129.2729, 150.3755, 127.5442, 137.394, 132.6294, 102.464, 111.1104, 226.5794, 168.6813, 71.9187, 165.2722, 250.1131, 767.7278]
    ],
    [
      [0, 0.5519, 0, 0, 0.1038, 0, 0, 0, 0, 0.0595, 0, 0, 2.4502, 0.087, 0, 0.116, 0, 0, 0, 0, 0.0824, 0.0779, 0, 0.1252, 0, 0.1145, 0.1053, 0, 0, 0, 0.116, 0.0977, 0, 0.1008, 0, 0, 0, 0, 0.0626, 0, 0, 0.1145, 0, 0, 0.0763, 0, 0.4794],
      [8.3566, 7.6602, 4.6426, 7.0799, 7.1766, 4.6426, 8.4684, 6.8478, 4.1783, 4.5265, 1.9668, 2.9552, 6.5496, 4.8407, 4.7724, 8.8209, 8.3566, 6.6157, 8.8209, 4.8333, 6.2675, 9.7687, 8.7436, 9.5173, 8.7219, 8.7048, 8.0084, 11.0535, 5.491, 4.234, 8.8209, 7.4281, 9.8887, 7.6602, 6.6157, 6.7317, 4.7586, 4.8212, 0.2375, 3.2498, 0, 8.7048, 8.0084, 1.3594, 3.9945, 7.7763, 36.4442],
      [3.565, 5.1841, 4.2835, 5.0823, 6.3813, 0, 6.2488, 4.9157, 1.5636, 3.2494, 3.049, 2.8328, 5.5822, 4.7491, 2.4613, 6.3321, 5.9988, 4.8361, 6.3321, 5.3323, 6.3046, 4.2492, 6.5254, 6.832, 6.1453, 6.2488, 5.7489, 7.8318, 3.7493, 6.8876, 6.3321, 2.4202, 6.9875, 5.4989, 7.0046, 4.9209, 3.2965, 3.416, 2.3584, 2.3329, 1.6065, 6.2488, 3.2066, 0, 5.9746, 5.5822, 28.9162],
      [5.6623, 2.7513, 2.256, 0.8784, 5.3477, 3.1457, 5.8982, 4.5334, 2.8311, 3.0671, 4.2094, 2.5584, 4.1479, 4.4826, 3.6962, 5.9768, 5.6623, 4.4826, 6.0929, 5.0331, 2.4412, 0.1614, 5.9768, 4.5873, 5.8195, 5.8982, 5.4263, 7.3924, 1.0392, 4.0894, 5.9768, 4.6943, 6.606, 5.1904, 3.1466, 4.5613, 3.2243, 3.2243, 3.2243, 2.202, 7.5738, 5.8982, 1.6256, 1.9661, 3.9321, 5.269, 29.8799],
      [14.462, 13.7449, 6.9346, 14.5871, 11.7887, 6.9346, 13.3533, 10.425, 6.2411, 6.7612, 5.721, 7.0528, 11.6154, 11.6567, 10.3571, 13.1757, 12.5921, 9.8817, 13.1757, 6.8377, 9.3617, 8.8416, 13.1757, 14.2158, 12.8289, 13.0023, 11.9621, 16.2962, 10.1017, 8.3405, 13.1757, 14.3462, 14.5626, 11.442, 9.0493, 10.0551, 7.29, 7.1079, 12.6866, 4.8542, 3.9738, 13.0023, 11.9621, 2.7911, 8.6682, 11.6154, 44.3121],
      [23.4591, 20.9872, 12.7195, 19.3973, 21.6232, 12.7195, 23.8491, 18.7613, 11.4476, 12.4015, 10.4936, 10.8116, 21.3052, 18.1253, 14.9454, 24.1671, 22.8951, 18.1253, 24.1671, 27.3014, 17.1714, 16.2174, 24.1671, 27.9364, 23.5311, 23.8491, 21.9412, 29.8909, 14.3095, 16.5354, 24.1671, 20.3512, 26.711, 20.9872, 18.1253, 18.4433, 13.0375, 13.0375, 13.0375, 8.9037, 15.3692, 23.8491, 21.9412, 13.156, 15.8994, 21.4075, 102.0315],
      [16.495, 15.1205, 9.1639, 13.975, 15.5787, 12.5577, 17.1823, 13.5168, 9.7383, 8.9348, 7.5602, 7.7893, 15.3496, 13.0586, 10.7676, 17.4114, 16.495, 13.0586, 17.4114, 14.6623, 12.3713, 11.684, 17.4114, 18.786, 16.9532, 17.1823, 15.8078, 21.5352, 10.3094, 11.9131, 17.4114, 14.6623, 19.2442, 15.1205, 13.0586, 13.2877, 9.393, 9.393, 9.393, 6.4575, 8.4766, 17.1823, 22.2561, 5.7274, 11.4549, 15.3496, 71.9367]
    ]
  ],
  "V_est": [
    [1.9662, 13.6651, 2.2868, 1.9026, 594.5227, 2.1607, 9.4959],
    [0, 145.0861, 569.8774, 2.3782, 0, 6.9282, 0.7301],
    [0, 0, 0, 23.8643, 157.1504, 140.3362, 478.6491],
    [0, 0, 138.483, 892.8264, 0, 6.5219, 0.1687],
    [11.5312, 47.6397, 73.1098, 55.7616, 267.7491, 3911.1731, 490.0355],
    [9.5815, 52.4871, 31.6381, 75.5269, 276.2584, 164.1728, 7462.3352],
    [4.9211, 329.1221, 244.605, 223.7399, 526.3194, 975.707, 699.5855]
  ],
  "p_est": [
    [0.0031, 0.0218, 0.0037, 0.003, 0.9497, 0.0035, 0.0152],
    [0, 0.2001, 0.786, 0.0033, 0, 0.0096, 0.001],
    [0, 0, 0, 0.0298, 0.1964, 0.1754, 0.5983],
    [0, 0, 0.1334, 0.8601, 0, 0.0063, 0.0002],
    [0.0024, 0.0098, 0.0151, 0.0115, 0.0551, 0.8053, 0.1009],
    [0.0012, 0.0065, 0.0039, 0.0094, 0.0342, 0.0203, 0.9245],
    [0.0016, 0.1096, 0.0814, 0.0745, 0.1752, 0.3248, 0.2329]
  ],
  "EI_Z": {},
  "EI_V": 12.2277,
  "MAE_Z": {},
  "MAE_V": 95.4362,
  "MAE_p": 0.0768,
  "runtime": 2.7379
}
