{
  "X": [
    [1, 3, 7, 2, 18, 29, 3],
    [3, 6, 4, 6, 16, 20, 1],
    [30, 27, 23, 48, 239, 614, 47],
    [62, 68, 117, 151, 685, 983, 76],
    [33, 25, 63, 72, 326, 581, 29],
    [41, 38, 50, 52, 356, 529, 30],
    [49, 75, 64, 151, 380, 849, 64],
    [20, 35, 21, 54, 160, 280, 26],
    [14, 39, 17, 68, 109, 320, 23],
    [26, 27, 25, 29, 155, 322, 22],
    [47, 42, 50, 94, 382, 746, 54],
    [0, 6, 6, 3, 17, 28, 4],
    [45, 64, 84, 50, 513, 598, 55],
    [7, 8, 14, 24, 108, 68, 11],
    [36, 41, 26, 52, 189, 404, 35],
    [27, 16, 20, 42, 153, 329, 29],
    [31, 35, 36, 81, 311, 626, 58],
    [36, 58, 32, 80, 214, 666, 68],
    [11, 19, 19, 15, 87, 245, 16],
    [35, 45, 47, 92, 314, 876, 52],
    [35, 45, 38, 70, 241, 569, 54],
    [8, 15, 18, 10, 124, 84, 3],
    [16, 13, 26, 28, 201, 263, 19],
    [29, 35, 43, 56, 327, 425, 32],
    [26, 11, 38, 41, 225, 277, 18],
    [9, 18, 20, 21, 178, 130, 11],
    [24, 14, 46, 69, 330, 431, 34],
    [13, 21, 34, 46, 248, 311, 27],
    [31, 25, 66, 69, 446, 535, 29],
    [17, 10, 24, 63, 233, 169, 13],
    [4, 4, 7, 10, 43, 74, 7],
    [2, 4, 7, 145, 59, 132, 13],
    [10, 7, 18, 20, 124, 118, 13],
    [32, 43, 29, 20, 258, 285, 31],
    [2, 2, 3, 23, 42, 94, 16],
    [26, 40, 42, 70, 416, 480, 33],
    [4, 3, 5, 8, 33, 73, 6],
    [85, 199, 103, 154, 731, 961, 128],
    [5, 17, 12, 2, 49, 90, 6]
  ],
  "W": [
    [3, 1, 26, 21, 3, 6, 3],
    [2, 7, 24, 12, 4, 6, 1],
    [49, 59, 516, 168, 102, 70, 64],
    [219, 95, 833, 470, 261, 165, 99],
    [95, 52, 474, 239, 132, 73, 64],
    [95, 53, 463, 251, 121, 73, 40],
    [112, 112, 720, 257, 242, 102, 87],
    [42, 52, 245, 101, 89, 37, 30],
    [25, 33, 299, 78, 89, 27, 39],
    [36, 30, 281, 104, 60, 63, 32],
    [102, 66, 623, 249, 167, 126, 82],
    [3, 15, 18, 12, 5, 5, 6],
    [185, 99, 488, 351, 100, 109, 77],
    [27, 11, 61, 83, 36, 8, 14],
    [61, 69, 329, 133, 83, 55, 53],
    [32, 30, 259, 106, 75, 73, 41],
    [67, 56, 542, 216, 143, 85, 69],
    [69, 84, 549, 152, 140, 76, 84],
    [31, 20, 219, 60, 31, 23, 28],
    [78, 59, 767, 244, 162, 72, 79],
    [52, 56, 505, 187, 120, 68, 64],
    [39, 18, 67, 95, 22, 15, 6],
    [63, 22, 226, 130, 63, 34, 28],
    [74, 40, 385, 231, 103, 76, 38],
    [69, 26, 270, 146, 60, 48, 17],
    [37, 17, 102, 136, 51, 26, 18],
    [83, 31, 360, 235, 123, 66, 50],
    [61, 31, 276, 176, 87, 43, 26],
    [116, 48, 459, 315, 137, 83, 43],
    [74, 24, 128, 151, 90, 34, 28],
    [9, 9, 64, 39, 17, 1, 10],
    [17, 8, 105, 59, 122, 20, 31],
    [35, 9, 97, 83, 43, 21, 22],
    [66, 58, 259, 167, 62, 50, 36],
    [2, 2, 86, 40, 29, 6, 17],
    [91, 64, 417, 285, 120, 75, 55],
    [5, 5, 65, 29, 13, 6, 9],
    [218, 220, 880, 530, 229, 141, 143],
    [15, 25, 85, 33, 7, 9, 7]
  ],
  "method": "mvn_pdf",
  "cond_prob": [
    [
      [0.0030948585613, 0.0079671502125, 0.3645183684, 0.05657016288, 0.5421481418, 0.015449842782, 0.010251475371],
      [0.00054653153385, 0.98990953729, 0.00015545378219, 0.0010509721422, 0.0012138363805, 0.0054782984335, 0.0016453704385],
      [0.0018227434124, 0, 0, 0.0013289327165, 0.023050571281, 0.90401445718, 0.06978329541],
      [0.017421608681, 0, 0.20279943722, 0.041760547417, 0.62734870403, 0.078767852619, 0.031901850035],
      [0.012837483176, 0.085807405234, 0.12618397531, 0.0040218091151, 0.32281392535, 0.4475205295, 0.00081487231548],
      [0.088162936235, 0, 0.210056377, 0.1012280187, 0.26947965292, 0.30702604205, 0.024046973086],
      [0.0031445716082, 0.57625559879, 0.0028703571357, 0.099427084416, 0.004461468944, 0.20165118024, 0.11218973886]
    ],
    [
      [0.0061887507117, 0.001140053529, 0.20966757036, 0.16574488357, 0.61241212582, 0.003342957359, 0.0015036586447],
      [0.04253381762, 0.74532494727, 0.0032065003645, 0.10947909685, 0.049116377066, 0.04192585336, 0.0084134074719],
      [0.039595998394, 0.016337011679, 0.0056273167694, 0.023078502527, 0.11353652423, 0.76559919773, 0.036225448677],
      [0.035252698148, 0.0023299354405, 0.1673388345, 0.1214646057, 0.6627755158, 0.0096108546632, 0.0012275557532],
      [0.050250841652, 0.038121487907, 0.14410786405, 0.02181812333, 0.57104528905, 0.17443552879, 0.00022086522454],
      [0.18365669492, 0.014628513789, 0.13918577093, 0.3445919944, 0.24305327189, 0.071060036253, 0.0038237178101],
      [0.013605899862, 0.12014072214, 0.0035516584621, 0.73587276612, 0.010677550385, 0.086019777663, 0.030131625372]
    ],
    [
      [0.0080979851573, 0.00070920483272, 0.094943738031, 0.093233197367, 0.76905831949, 0.022338588117, 0.011618967006],
      [0.064326939657, 0.375266171, 0.0019828495407, 0.073404757693, 0.079668440665, 0.32999858065, 0.075352260797],
      [0.0038325201319, 0, 0, 0.00066112349873, 0.03055340367, 0.91282513051, 0.052127822185],
      [0.045559304263, 0, 0.066799934709, 0.063132964484, 0.75715121486, 0.058699290315, 0.0086572913677],
      [0.03425279807, 0.0087210297196, 0.03323649601, 0.0062623238157, 0.35219017717, 0.56451104868, 0.0008261265298],
      [0.16839550413, 0.0068495547791, 0.050378990441, 0.14125792662, 0.24278965956, 0.36759888009, 0.022729484387],
      [0.013982735798, 0.053992672006, 0.0014332462285, 0.27541254647, 0.01140733928, 0.45694056616, 0.18683089405]
    ],
    [
      [0.0065612955854, 0.0010355219305, 0.1445467102, 0.11722303316, 0.70775296164, 0.014398725859, 0.0084817516224],
      [0.05033626563, 0.52790488429, 0.0029277603836, 0.089210728631, 0.071145458407, 0.20539422067, 0.053080681984],
      [0.0048329753127, 0.00050134742833, 0.0014698043127, 0.0037355398833, 0.039199024857, 0.8933759224, 0.056885385802],
      [0.035014389493, 0.0020075098642, 0.11145080212, 0.082499715964, 0.72315303828, 0.03930816974, 0.0065663745405],
      [0.032394805431, 0.021090281332, 0.064238275927, 0.0099813239327, 0.41151054163, 0.46002170213, 0.00076306961684],
      [0.15494764462, 0.011389188278, 0.087557884029, 0.20233999015, 0.25525268251, 0.26962676095, 0.018885849459],
      [0.01289993894, 0.089669951029, 0.0024915995695, 0.39369031688, 0.011996193705, 0.33457742545, 0.15467457443]
    ],
    [
      [0.0070861436802, 0.00060213262944, 0.16746719858, 0.10383377722, 0.69778584439, 0.016865451435, 0.0063594520703],
      [0.068370772227, 0.38742778997, 0.0042484170281, 0.099300182589, 0.087946584329, 0.30262765089, 0.050078602966],
      [0.0044681217778, 0, 0, 0.0029512585301, 0.036651008707, 0.92295212282, 0.032977488166],
      [0.0376447109, 0, 0.1273041772, 0.074964438599, 0.70937165225, 0.045816149551, 0.0048988714989],
      [0.037069987138, 0.0058554478355, 0.06904856249, 0.0092137483762, 0.37667255831, 0.50160743156, 0.00053226428264],
      [0.16183208111, 0.0063917207528, 0.09771796979, 0.17295532207, 0.24245789536, 0.30497466884, 0.013670342066],
      [0.014837192863, 0.055578712381, 0.0030652821103, 0.37210673444, 0.012570551947, 0.41806947682, 0.12377204944]
    ],
    [
      [0.0091339175846, 0.0010892259768, 0.12698798733, 0.088041110356, 0.75389722127, 0.014347002785, 0.0065035346903],
      [0.068517961758, 0.54981555205, 0.002505502111, 0.065427445923, 0.073835538566, 0.20008659035, 0.03981140924],
      [0.0060778710005, 0.00042542407706, 0.0031527420332, 0, 0.043665503556, 0.90456484663, 0.042113612704],
      [0.047582379502, 0.0030382121972, 0.095910738604, 0.059015320828, 0.75133237736, 0.038209391353, 0.0049115801534],
      [0.043864197791, 0.021585622874, 0.054789004604, 0.0072828460223, 0.42564589793, 0.44626307591, 0.00056935487195],
      [0.21392530813, 0.011844478097, 0.075903029782, 0.15014556647, 0.26821979908, 0.26564591894, 0.014315899501],
      [0.020486972556, 0.10800573488, 0.0024910977273, 0.33784359083, 0.014543164709, 0.38095949902, 0.13566994028]
    ],
    [
      [0.0078639444813, 0.0012321705022, 0.12813591829, 0.20876040015, 0.62908706644, 0.01552105606, 0.0093994440731],
      [0.050585943029, 0.52627365515, 0.0021729360224, 0.13313259638, 0.052964012391, 0.18556066133, 0.049310195698],
      [0.0052657201401, 0.00044259298697, 0.0019461719206, 0, 0.034042080313, 0.89912213479, 0.059181299845],
      [0.047338876202, 0.0061494975298, 0.10653259631, 0.12654195853, 0.66290157217, 0.043129004883, 0.0074064943712],
      [0.038791343365, 0.025066614988, 0.056847384855, 0.017735984278, 0.36524191102, 0.49547200807, 0.00084475343094],
      [0.15810104213, 0.011526546993, 0.06596094321, 0.30661023133, 0.19283029281, 0.24717077561, 0.017800167921],
      [0.011291856578, 0.077913001043, 0.0016115395362, 0.51287757765, 0.0077821260327, 0.26334610668, 0.12517779248]
    ],
    [
      [0.0078485825049, 0.001208280416, 0.10830369987, 0.18327275632, 0.67768954081, 0.012488400348, 0.00918873974],
      [0.053279015956, 0.55353884763, 0.0019237676183, 0.12304893045, 0.059781732238, 0.15747608624, 0.050951619871],
      [0.0063335262038, 0.00052405467363, 0.0036623441494, 0, 0.045669609468, 0.87324095028, 0.07056951523],
      [0.047786307154, 0.0059568888306, 0.084469092106, 0.12086914087, 0.69930208851, 0.034433306439, 0.0071831760922],
      [0.042123434428, 0.026748750576, 0.052104616776, 0.016874575319, 0.42684836807, 0.43440167449, 0.00089858034458],
      [0.17273449015, 0.012317111232, 0.060523109956, 0.2934500101, 0.22534867049, 0.21666650849, 0.018960099576],
      [0.012718598768, 0.086627368741, 0.0015296702876, 0.51122430154, 0.0094139461464, 0.23955080298, 0.13893531153]
    ],
    [
      [0.0066369790288, 0.0033277829694, 0.096385752201, 0.37194715197, 0.50255891348, 0.011589127328, 0.0075542930248],
      [0.021501123979, 0.74753514618, 0.00081672226895, 0.11923765364, 0.021174802014, 0.069753021082, 0.019981530839],
      [0.0058238409726, 6.7887408893e-05, 0.0019078366157, 0, 0.041998162796, 0.88822377629, 0.061978495914],
      [0.038219968862, 0.0069472810971, 0.080937212099, 0.2136774752, 0.61984121163, 0.034079221135, 0.0062976299792],
      [0.055035548688, 0.081034548246, 0.072488585177, 0, 0.34777215686, 0.44285766688, 0.00081149414214],
      [0.12028460828, 0.027968262753, 0.044295697606, 0.49152471207, 0.13756086391, 0.16552973778, 0.012836117605],
      [0.0065693372859, 0.14663439622, 0.00083053210582, 0.63662739332, 0.0042648263376, 0.13558201252, 0.069491502205]
    ],
    [
      [0.0097705131529, 0.0016461843245, 0.13719572741, 0.087383033889, 0.7398794843, 0.016004001008, 0.008121055925],
      [0.054821382895, 0.63642799173, 0.0020124417629, 0.048559834974, 0.053924301972, 0.16701176375, 0.037242282922],
      [0.0062028446846, 0, 0.002009533877, 0, 0.037500188757, 0.90429184508, 0.049995587603],
      [0.05078063446, 0.0028827225967, 0.1071669153, 0.054028220949, 0.73653221801, 0.042495098929, 0.0061141897527],
      [0.044194212989, 0.030764158793, 0.055557761713, 0.0068002355835, 0.39240091532, 0.46961262559, 0.0006700900156],
      [0.21761900023, 0.016979514357, 0.07748573963, 0.14124889588, 0.2486520928, 0.28106159584, 0.016953161254],
      [0.019305778293, 0.14476673532, 0.0023585953316, 0.29599331801, 0.012517782085, 0.37513644444, 0.14992134652]
    ],
    [
      [0.0077989635172, 0.00092490162767, 0.11361696074, 0.11515780621, 0.7360537713, 0.017299845657, 0.00914775095],
      [0.059798955512, 0.47264458019, 0.0022962213243, 0.087564487201, 0.073813052327, 0.24664711485, 0.0572355886],
      [0.0054054324124, 8.1134147197e-05, 0.0015150790255, 0.0032636269811, 0.033826755651, 0.9042355698, 0.05167240198],
      [0.040879862031, 0.0017606683185, 0.086004388214, 0.079570124239, 0.738453898, 0.046377017011, 0.0069540421826],
      [0.035036245953, 0.017140615388, 0.04590169087, 0.0089170564039, 0.38904229555, 0.50321306422, 0.00074903161449],
      [0.17207099306, 0.0094929487087, 0.064162885186, 0.18548423891, 0.24741046017, 0.30236825339, 0.019010220573],
      [0.01437934657, 0.075165493288, 0.0018344706128, 0.3630278603, 0.01168272148, 0.37725716206, 0.15665294569]
    ],
    [
      [0, 0.00026575285514, 0.41940649408, 0.0318045822, 0.53318858428, 0.0091941042512, 0.0061404823337],
      [0, 0.36278873562, 0, 0.052980451785, 0.12082339613, 0.35350104577, 0.10990637069],
      [0, 0.00015281783194, 0, 0, 0.043113931, 0.90559063043, 0.051142620741],
      [0, 0.00056188093772, 0.15738484614, 0.024446150261, 0.78596030867, 0.02740876403, 0.0042380499608],
      [0, 0.0069617943348, 0.21438028791, 0.0034583397842, 0.38636649803, 0.38824881886, 0.00058426108395],
      [0, 0.037341904723, 0.34128280865, 0.080271726823, 0.26914397664, 0.25550376901, 0.01645581415],
      [0, 0.054393319932, 0.01247448021, 0.23297922341, 0.017159411642, 0.47026709087, 0.21272647394]
    ],
    [
      [0.0068135989883, 0.00098009220547, 0.14577850036, 0.061889895899, 0.75911852056, 0.016219012642, 0.0092003793409],
      [0.053986689373, 0.51703938791, 0.0030429736287, 0.048625804729, 0.078654107812, 0.23912450191, 0.059526534643],
      [0.0043735852951, 0.00033784817564, 0.0021211085458, 0, 0.037189686021, 0.89971454485, 0.056263227115],
      [0.039225575374, 0.0053019245222, 0.11263913756, 0.0078178965842, 0.78039714899, 0.047161541869, 0.0074567750943],
      [0.03102962686, 0.018419976125, 0.059691522316, 0.0048618149152, 0.40671799293, 0.47851518167, 0.00076388518836],
      [0.16697418789, 0.011176211192, 0.091435301519, 0.11066896108, 0.28345121154, 0.31505083151, 0.021243295272],
      [0.015443716792, 0.097996538827, 0.0028920089716, 0.2395225278, 0.014809994774, 0.4353207674, 0.19401444544]
    ],
    [
      [0.0057814023311, 0.00076519479462, 0.11300058409, 0.14211763229, 0.72083385478, 0.0077531024867, 0.0097482292223],
      [0.053826353701, 0.51714251317, 0.002720984514, 0.13055370547, 0.086265324242, 0.13446813761, 0.075022981288],
      [0.0068166342585, 0.00048889410625, 0.0029883360906, 0.0066797151934, 0.064256269835, 0.80971575731, 0.10905439321],
      [0.037153999359, 0.0054812520213, 0.093643481799, 0.10031453754, 0.74404873481, 0.015750980442, 0.0036070140363],
      [0.036984482061, 0.020225561739, 0.064514919351, 0.01550918359, 0.53912793586, 0.3225026422, 0.0011352752013],
      [0.15657321503, 0.0095235762566, 0.076667655082, 0.2778938219, 0.29069511281, 0.16408337285, 0.024563246077],
      [0.012013466816, 0.071549771765, 0.0020341122751, 0.5151201958, 0.012765950851, 0.19205443177, 0.19446207073]
    ],
    [
      [0.013828314682, 0.0011808888506, 0.11676862915, 0.12226195945, 0.71381265049, 0.0204418517, 0.011705705675],
      [0.085391164391, 0.487128056, 0.0018894196514, 0.07470054981, 0.057348359024, 0.234553888, 0.058988563128],
      [0.00014254963307, 0.0014522879856, 0.0021660435656, 0.0037845474095, 0.028250701105, 0.90720359513, 0.057000275175],
      [0.07065404646, 0.00218837014, 0.085983157098, 0.082199836913, 0.69696360297, 0.053349158945, 0.0086618274709],
      [0.055820559498, 0.019661393487, 0.042243472158, 0.0084891740771, 0.33802223391, 0.53490193152, 0.00086123535098],
      [0.25511025849, 0.010082723966, 0.054671952187, 0.16366950005, 0.19894012634, 0.29728963924, 0.020235799731],
      [0.021819335805, 0.082279782316, 0.0016073562107, 0.3302559279, 0.0096641382043, 0.38218145971, 0.17219199986]
    ],
    [
      [0.0095541957648, 0.00079454604817, 0.11051374015, 0.11529611696, 0.73115503477, 0.020265640876, 0.012420725424],
      [0.072240359964, 0.40541580628, 0.0021899196045, 0.086353300619, 0.071899262573, 0.28508737188, 0.076813979082],
      [0.0049072799884, 0, 0.0013178761698, 0.0038326670349, 0.028170594435, 0.90132559769, 0.060445984687],
      [0.050896630704, 0, 0.082723261215, 0.078676145411, 0.7246876423, 0.053687303273, 0.0093290170953],
      [0.041088575758, 0.01188509187, 0.040893248146, 0.0081880064393, 0.35405883142, 0.54295098481, 0.00093526155526],
      [0.19360394234, 0.0074638585872, 0.056927086068, 0.16990376033, 0.22403594108, 0.32442931691, 0.023636094694],
      [0.015763307131, 0.05794772612, 0.0015901516156, 0.32611019698, 0.010340266159, 0.39658610715, 0.19166224485]
    ],
    [
      [0.0066170300424, 0.00092439922093, 0.10399310576, 0.12847369671, 0.73167724996, 0.016633132083, 0.011681386226],
      [0.050337092824, 0.47005638243, 0.0020834548222, 0.096913855832, 0.072732611064, 0.23531780076, 0.072558802269],
      [0.0043797095432, 6.3471988842e-05, 0.00071698179539, 0.0038490351408, 0.035024657212, 0.88945457782, 0.066511566502],
      [0.034985306123, 0.0017748212178, 0.079392361604, 0.089519435298, 0.74039771826, 0.044974053473, 0.0089563040214],
      [0.030633895578, 0.017656787067, 0.043281165764, 0.010246202283, 0.39840388022, 0.49879220609, 0.00098586299483],
      [0.14869706041, 0.0096624887873, 0.059775775487, 0.21077800035, 0.25029051039, 0.29607167181, 0.024724492773],
      [0.011409505679, 0.070303080253, 0.0015693707826, 0.37915035315, 0.010853310489, 0.33935694213, 0.18735743752]
    ],
    [
      [0.010249717347, 0.0016426349146, 0.11729327248, 0.15925152698, 0.66795901644, 0.024900329282, 0.018703502558],
      [0.049733068986, 0.53119476498, 0.0014967969453, 0.076577111152, 0.042321773798, 0.22460750703, 0.074068977113],
      [0.0055424224497, 0.0017209021384, 0.0015476875973, 0.00288933872, 0.015457645046, 0.90320879159, 0.069633212457],
      [0.053396480573, 0.0031060977395, 0.088165504923, 0.10926825637, 0.665631366, 0.066309574171, 0.014122720228],
      [0.037899494082, 0.02505737133, 0.038938184801, 0.010138810247, 0.29023992795, 0.59646566798, 0.0012605436142],
      [0.179123167, 0.01333653902, 0.052304185998, 0.20285375344, 0.17735423281, 0.34428068586, 0.030747435867],
      [0.012343415148, 0.087235557745, 0.0012349048622, 0.32795031763, 0.0069175297357, 0.35480522844, 0.20951304644]
    ],
    [
      [0.0083954121187, 0.0018367451213, 0.1876734031, 0.077519529558, 0.69625403243, 0.019520866547, 0.0088000111229],
      [0.042216282297, 0.65276576051, 0.0024333694522, 0.038560332678, 0.045090886294, 0.18271183701, 0.036221531756],
      [0.0045138863889, 0.00028882854544, 0.00035603805822, 0, 0.028292797186, 0.92117886985, 0.045369579969],
      [0.053510330088, 0.0034973878267, 0.14160874415, 0.034165117405, 0.70732503562, 0.053202958966, 0.0066904259466],
      [0.034624540179, 0.031349092156, 0.068734229048, 0.0054920527227, 0.33509942007, 0.52403729609, 0.00066336973098],
      [0.18230344749, 0.018374816103, 0.10197990695, 0.12127114805, 0.22553218891, 0.33272025304, 0.017818239452],
      [0.015354129149, 0.1507216551, 0.0029521846775, 0.2434389588, 0.010834292152, 0.42544801294, 0.15125076718]
    ],
    [
      [0.0079913685122, 0.0013701977953, 0.12522782426, 0.1496276962, 0.68539890608, 0.02070150779, 0.0096824993636],
      [0.046955251273, 0.53871309483, 0.0019378305934, 0.087165561467, 0.05265853661, 0.22615701804, 0.046412707183],
      [0.0047289569972, 0.00079625539708, 0.002102272066, 0.0027907876469, 0.024795850048, 0.91964845326, 0.045137424587],
      [0.042186217079, 0.0026263316131, 0.095434566996, 0.10407855938, 0.69238269124, 0.055880204537, 0.0074114291512],
      [0.032976205186, 0.023329526838, 0.046440315173, 0.010634643179, 0.33266619346, 0.5532247178, 0.00072839835941],
      [0.15827665112, 0.012621269843, 0.063418327184, 0.21627272582, 0.20667495707, 0.32468011893, 0.01805595003],
      [0.011996231979, 0.090751701235, 0.0016451907089, 0.38425468989, 0.0088571869067, 0.36756344209, 0.13493155719]
    ],
    [
      [0.0095621572711, 0.0015851670479, 0.13145005357, 0.13923252726, 0.6878700827, 0.017520695801, 0.012779316353],
      [0.052476241647, 0.58462740202, 0.0018957918974, 0.075726032942, 0.049272316064, 0.17875204854, 0.057250166886],
      [0.0057615227721, 0.00043959634209, 0.0026565417268, 0.0034844907036, 0.029150192143, 0.88952235721, 0.0689852991],
      [0.050373576866, 0.00303097027, 0.099904583307, 0.096599772579, 0.69315511318, 0.047178534975, 0.0097574488202],
      [0.042524128278, 0.029089910623, 0.052478690276, 0.010658362049, 0.3595107477, 0.50470230454, 0.0010358565398],
      [0.19400259599, 0.014933549969, 0.068006156086, 0.20579359412, 0.21188612837, 0.28100655199, 0.024371423482],
      [0.014681226488, 0.1075527896, 0.0017634495425, 0.36597590022, 0.0090797867169, 0.31835797793, 0.1825888695]
    ],
    [
      [0.0061482976353, 0.0015790294199, 0.13182237938, 0.066825473775, 0.77646825067, 0.012980894028, 0.0041756750913],
      [0.036740850217, 0.69652218238, 0.0020358724183, 0.039325533673, 0.059621021385, 0.14520149487, 0.020553045061],
      [0.0048536680779, 0.00067674141382, 0.0023300601348, 0.0021071806704, 0.046273606208, 0.9183585519, 0.025400191595],
      [0.037149772446, 0.0027062266176, 0.1055984699, 0.028825064753, 0.78807986077, 0.037640605515, 0],
      [0.030532963531, 0.032584162644, 0.058341684671, 0.0056911841285, 0.4502570885, 0.42221286827, 0.00038004825551],
      [0.16530716276, 0.019605107404, 0.088903395052, 0.12934284344, 0.31139964522, 0.27495859579, 0.01048325033],
      [0.015520717618, 0.1812761962, 0.0028741404168, 0.29017265964, 0.016665137426, 0.39352928087, 0.099961867817]
    ],
    [
      [0.0065338183171, 0.00065531080019, 0.11779827821, 0.079578136618, 0.77439325358, 0.013909326312, 0.0071318761643],
      [0.064468872001, 0.44254379134, 0.0030399236923, 0.077706724676, 0.099216518563, 0.2554445398, 0.057579629935],
      [0.0048422748061, 0, 0.003255380913, 0, 0.044376089759, 0.89702957293, 0.050496681588],
      [0.037647233572, 0.0010711365089, 0.090851512252, 0.050186343399, 0.77749144305, 0.037325898195, 0.0054264330188],
      [0.032271946689, 0.013362904683, 0.052145161882, 0.0067617974767, 0.44870002984, 0.44611525249, 0.00064290693607],
      [0.16777419361, 0.0077923027005, 0.076779742717, 0.14834622939, 0.30025096254, 0.28187976927, 0.017176799781],
      [0.015860877408, 0.070596534898, 0.0024914650512, 0.33153713458, 0.016105111685, 0.40120390202, 0.16220497436]
    ],
    [
      [0.0063343321577, 0.0013165523073, 0.11841700218, 0.097173122907, 0.75815674981, 0.011696661218, 0.0069055794172],
      [0.044255863711, 0.62567433412, 0.0021763352489, 0.067301821532, 0.069152715385, 0.15202352732, 0.03941540268],
      [0.0065160475213, 0.00025631425547, 0.0035702639711, 0.0031612682842, 0.048649435249, 0.88122175447, 0.05662491625],
      [0.033552343578, 0.0025323843922, 0.0905539027, 0.067833867703, 0.76854089773, 0.031682464318, 0.0053041395843],
      [0.033490215102, 0.028744483678, 0.05626228091, 0.0088491723916, 0.47134200925, 0.40064617025, 0.00066566841896],
      [0.16456584261, 0.015901617944, 0.078597904499, 0.18411903886, 0.29944812913, 0.24048604095, 0.016881425999],
      [0.014348921465, 0.13217724208, 0.0023455158009, 0.37699717381, 0.014763873343, 0.31371017369, 0.14565709981]
    ],
    [
      [0.0081917853735, 0, 0.14994747421, 0.10083376497, 0.72784365954, 0.0083537341833, 0.0048295817284],
      [0.11043138209, 0.36450059836, 0.0052831235863, 0.13435716994, 0.12745635156, 0.2092114056, 0.048759968867],
      [0.0085172276183, 0, 0.0030805046197, 0.0052482302634, 0.064690802013, 0.86915047734, 0.049312758141],
      [0.043738087404, 0, 0.11540972913, 0.071634483315, 0.74300344415, 0.022786883648, 0.0034273723506],
      [0.049750909834, 0.0070670473114, 0.081637836172, 0.013435061654, 0.51898013984, 0.32863857606, 0.00049042912459],
      [0.2185823714, 0.0049169256027, 0.10150949681, 0.19526672342, 0.29323785167, 0.17542383951, 0.011062791582],
      [0.023595896445, 0.050761716171, 0.0037635499247, 0.49968356707, 0.017981040648, 0.28517194354, 0.1190422862]
    ],
    [
      [0.00471203461, 0.0017303836743, 0.10565025899, 0.07946972865, 0.78966812218, 0.011766739405, 0.0070027324902],
      [0.026810013276, 0.71071799743, 0.0015723899326, 0.044814151123, 0.058309806303, 0.12499271329, 0.032782928638],
      [0.0040354753381, 0.00079962875635, 0.002040809049, 0.0027264144969, 0.051330581915, 0.88292780762, 0.056139282823],
      [0.022767760144, 0.00032862407791, 0.083513966569, 0.049928445228, 0.80174256048, 0.032902675104, 0.0088159683971],
      [0.024534523158, 0.037352770584, 0.049306255654, 0.0071168020121, 0.48224132552, 0.39878231375, 0.0006660093242],
      [0.13134025363, 0.022411911554, 0.074820161652, 0.16114436992, 0.3324387193, 0.25949397734, 0.018350606601],
      [0.010874630786, 0.17998965776, 0.0021224761511, 0.31537256226, 0.015588382684, 0.32342293958, 0.15262935078]
    ],
    [
      [0.0055677914266, 0.00018858890229, 0.12289346663, 0.11239396818, 0.73709546305, 0.013653015289, 0.0082077065264],
      [0.060655134878, 0.36251859517, 0.0035221846268, 0.12137880544, 0.10486308366, 0.27673340404, 0.070328792184],
      [0.0038262224896, 0, 0.002101644106, 0.0034027849188, 0.041965720015, 0.8923365096, 0.056367118874],
      [0.029692739826, 0, 0.094629071817, 0.078996236116, 0.75237341007, 0.037613573723, 0.0066949684433],
      [0.028418151653, 0, 0.060042234479, 0.014201522558, 0.44248593841, 0.45411690693, 0.00073524596792],
      [0.13947428528, 0.0057806758787, 0.078710334785, 0.20551041611, 0.28097128765, 0.27091558001, 0.018637420287],
      [0.012031893862, 0.04729492126, 0.0023230770812, 0.41617929754, 0.013700699821, 0.34941846186, 0.15905164858]
    ],
    [
      [0.0044486214004, 0.00087050119345, 0.12210097567, 0.1117152835, 0.74035793294, 0.012163776915, 0.008342908373],
      [0.038886988017, 0.51951404218, 0.0028018768791, 0.096767616476, 0.084356165541, 0.19797793731, 0.059695373588],
      [0, 0.00069098611492, 0.0039925294431, 0.0049533572869, 0.045939963671, 0.87859934818, 0.065823815307],
      [0.023548005567, 0.0020336378436, 0.094635829626, 0.079031761252, 0.76085256203, 0.033402169853, 0.006496033831],
      [0.023786098644, 0.019225345456, 0.05862528457, 0.010277643681, 0.46528681683, 0.42198484937, 0.00081396145648],
      [0.11767984594, 0.010712545029, 0.082489531213, 0.21576963213, 0.29762202007, 0.25493616931, 0.020790256311],
      [0.0095794049564, 0.083080276938, 0.0022957138668, 0.41294637777, 0.013690159296, 0.31052132252, 0.16788674465]
    ],
    [
      [0.005415583842, 0.00056307960164, 0.13370243389, 0.090508931847, 0.75199516464, 0.012422483594, 0.0053923225864],
      [0.060322864557, 0.41985531021, 0.0039223546117, 0.099948796754, 0.10950613741, 0.25740353084, 0.049041005625],
      [0.004194799308, 0, 0.0025384073654, 0.0019214342651, 0.048763985283, 0.90339294734, 0.039188426436],
      [0.028813008297, 0, 0.10341516104, 0.063489073065, 0.76631437816, 0.033806924461, 0.0041614549752],
      [0.02844613393, 0.010681162745, 0.06467736718, 0.0081938924239, 0.46480764895, 0.42267735934, 0.00051643543306],
      [0.14434339522, 0.0069823957868, 0.091222732203, 0.17614032705, 0.30539941011, 0.26237177271, 0.01353996692],
      [0.013887491346, 0.0636923193, 0.0030012526124, 0.39721430026, 0.016599278963, 0.37705634938, 0.12854900814]
    ],
    [
      [0.0058597783717, 0.00042770451695, 0.090430205128, 0.17140104288, 0.71692760901, 0.0095258552991, 0.0054278047881],
      [0.070224374389, 0.34645796397, 0.0028423416016, 0.20318597806, 0.11176394992, 0.21229830461, 0.053227087449],
      [0.0061747596461, 0, 0.0021561612703, 0.007223034165, 0.057505662185, 0.87346839299, 0.053471989739],
      [0.033007289046, 0, 0.069622955381, 0.10177219329, 0.75672705301, 0.031637461155, 0.0072330481131],
      [0.04174922084, 0.0045144430194, 0.049282105431, 0.017857205818, 0.51107738883, 0.37491948266, 0.00060015339634],
      [0.14749038236, 0.0049894452963, 0.057952807496, 0.31423093665, 0.2732431798, 0.18927027586, 0.012822972541],
      [0.011943523522, 0.038479204238, 0.0016110276134, 0.60202533654, 0.01254568795, 0.23002763003, 0.10336759011]
    ],
    [
      [0.0078161346446, 0.00057580232294, 0.14141203467, 0.12101003321, 0.7026240285, 0.016483987716, 0.01007797893],
      [0.071543230902, 0.37944777344, 0.0032270148267, 0.10824155381, 0.080420871708, 0.2809846115, 0.076134943814],
      [0.0091596476161, 0, 0.0065496175459, 0.0067125990864, 0.021788813593, 0.89157117162, 0.064218150543],
      [0.042922901299, 0, 0.10765584268, 0.084212323962, 0.7127143923, 0.044745822492, 0.0077487172606],
      [0.041469767865, 0.0060832744823, 0.057704496075, 0.0095484431366, 0.37793165647, 0.50639996844, 0.0008623935345],
      [0.17911146251, 0.0059346108417, 0.077869248448, 0.19500575776, 0.23068765789, 0.29032177346, 0.021069489089],
      [0.014145759576, 0.047043754111, 0.002164948515, 0.38655194496, 0.010672471056, 0.36180193096, 0.17761919082]
    ],
    [
      [7.3763970551e-05, 2.505678371e-05, 0.0012687724167, 0.99036785526, 0.0076305567813, 0.00021407099854, 0.00041992378584],
      [0.0007369284838, 0.017178533057, 3.3533974165e-05, 0.9736221451, 0.0010004435801, 0.0039843909591, 0.0034440248421],
      [0.0011986180151, 0.00021769670354, 0.00046861247151, 0.10935469748, 0.0094894079292, 0.75725891693, 0.12201205047],
      [0.00056312127309, 6.9330081548e-05, 0.0014015872549, 0.98549485521, 0.011171696142, 0.00083558175394, 0.00046382828202],
      [0.014859349809, 0.031254640207, 0.056043813606, 0, 0.46864207672, 0.42880083859, 0.00039928106329],
      [0.00098238595002, 0.00015741420938, 0.00043626617328, 0.9940456039, 0.0015639670328, 0.0022801609653, 0.00053420177311],
      [4.1391684038e-05, 0.00061234684116, 6.2598754393e-06, 0.9957231461, 3.6980022482e-05, 0.0014095011669, 0.0021703743067]
    ],
    [
      [0.0063371985755, 0.0006617346309, 0.12904181484, 0.082738778131, 0.76201727012, 0.011085782624, 0.0081174210823],
      [0.063881041011, 0.47554978481, 0.0033760018204, 0.082541796128, 0.099083070837, 0.20825316967, 0.067315135725],
      [0.0085255945086, 0.0013159705023, 0.0067274733596, 0, 0.046810743641, 0.86610223722, 0.070517980766],
      [0.035120946275, 0.0012730702974, 0.098562132015, 0.056247228305, 0.77252189284, 0.030039478759, 0.0062352515048],
      [0.03454661038, 0.014905703517, 0.062825734927, 0.0077428280569, 0.48602964659, 0.3931421123, 0.00080736422714],
      [0.17254868324, 0.0083025615696, 0.088394571733, 0.16274740985, 0.31034884033, 0.23702779911, 0.020630134179],
      [0.016010039924, 0.074921736682, 0.0028244537625, 0.36100497444, 0.016413100865, 0.33408321469, 0.19474247963]
    ],
    [
      [0.009642797017, 0.0011305263437, 0.10721862875, 0.04489999767, 0.80986120836, 0.011281051477, 0.01596579038],
      [0.07520660809, 0.59529411897, 0.0021901268832, 0.041449903433, 0.08208117551, 0.15372424889, 0.05005381822],
      [0.0073624180196, 0.0005683606809, 0.002264115497, 0, 0.057554101288, 0.8639990502, 0.068251954319],
      [0.04971737482, 0.0060078526184, 0.086135977776, 0, 0.81985244973, 0.032419069213, 0.0058672758437],
      [0.051095995687, 0.02472075689, 0.050956787361, 0.0049004171897, 0.5035865494, 0.36398105375, 0.00075843972781],
      [0.25313116656, 0.013729519823, 0.071446255703, 0.10217649521, 0.32095883657, 0.21924867315, 0.019309052987],
      [0.026872616809, 0.13968462886, 0.0026054260954, 0.2561070869, 0.019340912195, 0.35056796162, 0.20482136753]
    ],
    [
      [0.0034860740163, 0.00075601974755, 0.057373896123, 0.36634901142, 0.53207202953, 0.013989739979, 0.025973229181],
      [0.022785611912, 0.37932219608, 0.00097570757911, 0.2382736493, 0.044708344418, 0.17194435619, 0.14199013452],
      [0.0012885733121, 0.00026350278504, 0, 0, 0.0296193992, 0.84555547316, 0.12327305155],
      [0.020218915813, 0.0033449070912, 0.046318529527, 0.19453053061, 0.67241792973, 0.041407750284, 0.021761436949],
      [0.0202339617, 0.01816719803, 0.029718793918, 0.035787137204, 0.36025215147, 0.53308254616, 0.002758211517],
      [0.064645379263, 0.0065528953922, 0.026852700287, 0.50226148908, 0.14770354283, 0.20632597327, 0.045658019871],
      [0.0031309132891, 0.030424701761, 0.00044696389382, 0.58577279652, 0.0040541224758, 0.15039420156, 0.2257763005]
    ],
    [
      [0.004832261015, 0.00073958803892, 0.097382653202, 0.090306148027, 0.78981599494, 0.011269681909, 0.0056536728647],
      [0.048594115533, 0.49771647973, 0.0025796115465, 0.090061790463, 0.10377753508, 0.2108381639, 0.046432303741],
      [0.0028463879382, 0.00073971510731, 0.0016535409973, 0.0027738877796, 0.054157522275, 0.89083986464, 0.046989081265],
      [0.025585572212, 0.0014224324979, 0.074481606813, 0.063044585695, 0.80060042151, 0.030523116894, 0.0043422643777],
      [0.026229715026, 0.016565971844, 0.04754717784, 0.008449369811, 0.50440694043, 0.3962413332, 0.00055949184701],
      [0.13513081409, 0.0096245306775, 0.069721012817, 0.18444610556, 0.33643423281, 0.24974702639, 0.014896277652],
      [0.012527857148, 0.084640580038, 0.0022102105446, 0.40084337306, 0.01761409059, 0.34584577499, 0.13631811362]
    ],
    [
      [0.0080852466485, 0.0006808287609, 0.12826561175, 0.11123717949, 0.72513826589, 0.017204286699, 0.0093885807638],
      [0.066847054083, 0.43553595786, 0.0026355177982, 0.090365387509, 0.074600607218, 0.26570648118, 0.064308994355],
      [0.010177373663, 0.00090811909226, 0.0068416532083, 0.0049809975854, 0.022210563063, 0.89672523864, 0.058156054744],
      [0.042875945628, 0.001299595315, 0.096681055527, 0.076724300457, 0.7289658871, 0.046296986849, 0.0071562291284],
      [0.036579741135, 0.012751792677, 0.050595568365, 0.0085196644543, 0.3769520145, 0.51381995956, 0.00078125931023],
      [0.1851704541, 0.0070070212916, 0.070241830291, 0.17906369017, 0.23622509761, 0.30268653679, 0.019605369744],
      [0.014871936188, 0.05715384769, 0.00198254588, 0.36200886998, 0.011097948378, 0.38443492613, 0.16844992576]
    ],
    [
      [0.0092009273264, 0.0024172280129, 0.1238854246, 0.11054002944, 0.72820728978, 0.012823686756, 0.012925414082],
      [0.040977244187, 0.71313335648, 0.0014566604254, 0.048833194271, 0.042486682933, 0.10616455396, 0.04694830774],
      [0.007043540703, 0, 0.0021671128893, 0.0036443846042, 0.045598572502, 0.85510419437, 0.086442194933],
      [0.048325377971, 0.0010013339237, 0.095554139681, 0.078622008269, 0.73219922866, 0.034450731294, 0.009847180204],
      [0.045739873709, 0.04956366553, 0.05543318075, 0.0094779058187, 0.42625515855, 0.41235976572, 0.0011704499296],
      [0.20877928673, 0.025532016972, 0.072065440063, 0.1832163987, 0.25219728111, 0.23057297338, 0.027636603043],
      [0.015777115177, 0.18253779782, 0.0018624708334, 0.32362444307, 0.010763340199, 0.25983552581, 0.2055993071]
    ],
    [
      [0.0050757478485, 0.00091564952038, 0.25575341855, 0, 0.68762834434, 0.032904500717, 0.017722339021],
      [0.048216691737, 0.61793244839, 0.0059754938248, 0, 0.1049030629, 0.18827900736, 0.034693295785],
      [0.0050348263146, 0.00049485165488, 0, 0, 0.057301399164, 0.89515758312, 0.042011339742],
      [0.038345261899, 0.0059808932047, 0.16238279327, 0, 0.76186962282, 0.02792047603, 0.0035009527816],
      [0.028668261076, 0.021430603951, 0.12576992619, 0.0035074450591, 0.44870266036, 0.37146103007, 0.00046007329657],
      [0.18866250197, 0.012837725737, 0.19140390326, 0.046510079062, 0.30751272475, 0.2404572834, 0.012615781823],
      [0.018064609169, 0.14756691738, 0.0075220836576, 0.22240816758, 0.02030694788, 0.43219203852, 0.15193923582]
    ]
  ],
  "expected_outcome": [
    [
      [0.009284575684, 0.012377501423, 0.39680127271, 1.4369237332, 0.67318364962, 0.86772217054, 0.88076178191, 0.32964046521, 0.16592447572, 0.3517384735, 0.79549427876, 0, 1.2605158128, 0.15609786294, 0.84352719563, 0.30573426447, 0.44334101284, 0.70723049695, 0.26025777568, 0.62332674395, 0.4972321781, 0.23978360778, 0.41163055398, 0.46874057967, 0.56523319077, 0.17434528057, 0.4621266884, 0.27136590542, 0.62820772567, 0.4336235995, 0.070345211802, 0.0012539874994, 0.22180195014, 0.63642460313, 0.0069721480326, 0.43973575236, 0.040426233243, 2.0058021571, 0.076136217727],
      [0.023901450637, 0.0022801070581, 0.034751036803, 0.22677930279, 0.057202599797, 0.10347646779, 0.13800309625, 0.050747777473, 0.083194574234, 0.059262635683, 0.094339966023, 0.00079725856542, 0.18131705801, 0.020660259455, 0.072034219885, 0.025425473542, 0.061934747802, 0.11334180911, 0.056939098759, 0.10687542804, 0.08242868649, 0.061582147377, 0.041284580412, 0.097424870742, 0, 0.064024195951, 0.01565287889, 0.0531005728, 0.065317233791, 0.031650134254, 0.0051822209065, 0.00042596532306, 0.023160712081, 0.074614738682, 0.0015120394951, 0.067302511542, 0.0034041438045, 0.52695570682, 0.013734742806],
      [1.0935551052, 0.41933514072, 4.6522431635, 31.655729534, 15.9093838651, 12.0638587968, 14.3512228482, 4.5487553945, 2.409643805, 4.9390461866, 11.5889299954, 1.2582194822, 26.9690225671, 3.0510157703, 7.1228863784, 3.5364396849, 6.9675380858, 8.0932358009, 5.817875496, 9.7677702922, 6.8354027856, 5.1410727958, 7.4212915272, 8.7628581615, 10.3463757204, 3.9090595827, 10.2001577305, 7.448159516, 15.5094823308, 6.6918351795, 1.272708312, 0.021569131084, 4.5164635194, 7.0764294975, 0.11474779225, 8.8618214414, 0.64132805876, 27.0070225633, 3.8363012783],
      [0.16971048864, 0.33148976715, 4.568426671, 25.6718442622, 9.864208836, 8.3639054838, 23.3811648172, 7.6974557653, 9.2986787992, 3.14578922, 11.7460962332, 0.095413746599, 11.4496307412, 3.8371760719, 7.4579795263, 3.6894757428, 8.6077376796, 10.9883553615, 2.4031054163, 11.6709603033, 7.2400914174, 2.6061934772, 5.0134226069, 7.1908110951, 6.9575297829, 2.94037996, 9.3286993586, 6.8146322938, 10.4990360943, 12.6836771733, 1.0890902989, 16.8362535395, 2.8958572346, 2.9633998462, 0.73269802284, 8.2178594705, 0.55618589745, 24.0977264183, 0],
      [1.6264444254, 1.2248242516, 37.683857655, 154.9978985994, 66.2896552166, 71.6202360209, 70.4577514415, 28.4629607139, 12.563972837, 26.6356614346, 75.0774846727, 1.5995657528, 140.4369263039, 19.4625140792, 43.5425716799, 23.3969611126, 49.0223757473, 46.0891721347, 21.5838750055, 53.4611146745, 35.7692443004, 30.2822617762, 48.7867749755, 56.103599486, 50.221212508, 29.2177205206, 61.178923433, 45.1618339094, 87.2314390986, 53.052643067, 6.3236162565, 0.12971946528, 26.670604454, 53.4508397519, 1.0641440591, 71.8732555398, 3.6256913294, 158.7491891717, 10.3144251651],
      [0.046349528346, 0.0066859147181, 1.0945908177, 3.1533209631, 1.6022178863, 1.3629652646, 1.7383582787, 0.52451281461, 0.28972818319, 0.57614403627, 1.764584257, 0.027582312754, 3.0005173389, 0.20933376714, 1.2469529537, 0.64850050803, 1.1144198496, 1.7181227204, 0.60514686297, 1.6147176076, 0.91107618166, 0.50625486708, 0.87628755764, 0.86555293011, 0.57640765865, 0.43536935797, 1.1332002689, 0.74199039179, 1.4410080969, 0.70491329214, 0.14835588944, 0.0036392069751, 0.38800239182, 0.74454939745, 0.027979479959, 1.0255410537, 0.086021433497, 2.7955637129, 0.49356751076],
      [0.030754426114, 0.0030073172893, 0.56932938327, 1.8575036053, 0.60414794668, 0.61783579558, 1.0527377362, 0.38592706908, 0.18885732562, 0.2923580133, 0.9330705969, 0.018421447001, 1.7020701781, 0.263202189, 0.71404804617, 0.39746321358, 0.78265287712, 1.2905416765, 0.27280034481, 0.75523495036, 0.66452445036, 0.16285132856, 0.44930819835, 0.51101287687, 0.33324113926, 0.25910110214, 0.68123964169, 0.50891741075, 0.62550942002, 0.40165755432, 0.090701810373, 0.0071387043592, 0.28410973788, 1.0537421651, 0.051946458362, 0.51448423069, 0.046942903819, 2.8177402699, 0.26583508532]
    ],
    [
      [0.00054653153385, 0.29773672334, 3.7952894398, 4.7819452348, 3.5552801558, 3.6314519732, 5.6656256192, 2.7705088297, 0.70953709129, 1.6446414869, 3.9467310638, 0, 5.3446822479, 0.59208989071, 5.891990343, 2.1672107989, 2.8188771981, 4.1775777948, 0.84432564594, 2.7703598251, 2.9386695323, 0.66133530391, 1.418315184, 1.7702345484, 2.8712159344, 0.45577022569, 1.8803091812, 1.2054966285, 2.8954974987, 1.6853849853, 0.64388907812, 0.0058954278704, 0.5749293691, 4.3619832692, 0.045571223824, 3.1100233941, 0.33423527042, 9.0149937212, 1.2054172934],
