{
  "Z_true": {},
  "V_true": [
    [136, 560, 441, 64, 64],
    [278, 5425, 629, 403, 133],
    [888, 351, 15606, 399, 378],
    [219, 496, 409, 88, 49],
    [614, 207, 695, 115, 192]
  ],
  "p_true": [
    [0.1075, 0.4427, 0.3486, 0.0506, 0.0506],
    [0.0405, 0.7899, 0.0916, 0.0587, 0.0194],
    [0.0504, 0.0199, 0.8856, 0.0226, 0.0215],
    [0.1737, 0.3933, 0.3243, 0.0698, 0.0389],
    [0.3368, 0.1135, 0.3812, 0.0631, 0.1053]
  ],
  "Z_est": [
    [
      [0.8215, 1.429, 0.8825, 0.6256, 0.55, 0.9529, 0.1143, 0.3488, 1.0154, 0.818, 1.0506, 0.2581, 0.2059, 0.1681, 0.7335, 0.9225, 0.3969, 0.1483, 1.5016, 1.1169, 0.0127, 0.0557, 0.0647, 0.1251, 0.1021, 0.7382, 0.4759, 0, 0, 1.3663, 0, 0, 9.8608e-32, 0.6283, 0.142, 1.192, 0.1633],
      [5.7218, 13.397, 5.035, 4.9431, 4.4627, 5.3274, 1.2984, 4.7198, 7.3923, 7.8759, 6.6056, 1.9696, 1.922, 1.0405, 4.4851, 10.7549, 2.8219, 0.8458, 6.4298, 5.7575, 0.1417, 0.5033, 0.972, 0.5462, 0.9495, 7.4201, 2.4558, 0, 0, 13.6541, 0, 0, 0.3041, 4.1472, 1.9577, 13.2342, 4.6816],
      [33.1963, 72.2297, 34.0922, 27.898, 27.5079, 30.1456, 6.1959, 27.2674, 41.7513, 41.1533, 38.3454, 8.2555, 5.2065, 6.0294, 22.9498, 53.8555, 14.4101, 5.7395, 39.305, 33.9804, 0.8695, 1.528, 5.8427, 2.7243, 1.9483, 35.2669, 17.8718, 0, 0, 75.7788, 0, 0, 1.6808, 23.2541, 8.6588, 70.8925, 16.8239],
      [1.2053, 3.8775, 1.223, 1.1835, 0.902, 1.5881, 0.1936, 1.1595, 1.4057, 2.0818, 1.4337, 0.4249, 0.5281, 0.2558, 0.5197, 1.7916, 0.7098, 0.2113, 2.0588, 1.5308, 0.0373, 0.0694, 0.1416, 0.0721, 0, 1.3463, 0.8444, 0, 0, 2.7067, 0, 0, 0.0151, 0.9169, 0.436, 3.1139, 0.2092],
      [6.0552, 23.0668, 10.7673, 6.3498, 7.5774, 6.986, 3.1976, 7.5044, 12.4354, 12.071, 5.5647, 2.0919, 1.1374, 1.5062, 4.312, 15.6754, 2.6613, 1.055, 12.7049, 9.6144, 0.9388, 0.8436, 0.979, 1.5324, 0, 9.2284, 5.3521, 0, 0, 15.494, 0, 0, 0, 10.0536, 2.8056, 20.5674, 5.122]
    ],
    [
      [6.6658, 0, 26.4446, 1.4796, 13.5733, 2.4842, 0, 0.7162, 7.5766, 0, 9.8489, 0, 0, 0.6727, 0.1381, 0, 0, 3.6566, 19.8086, 8.0659, 0.0561, 0, 1.2106, 0.3102, 0, 0, 13.1283, 0, 0, 0, 0.0472, 8.0765e-32, 0, 2.333, 0, 0, 0],
      [156.654, 458.7179, 159.3955, 131.1789, 368.5996, 133.7556, 313.7652, 59.1116, 233.7425, 257.6703, 290.4553, 629.6726, 308.43, 30.9781, 113.3974, 135.5138, 70.6802, 24.275, 204.9841, 127.6978, 87.457, 104.9718, 21.3326, 19.545, 3, 65.0553, 60.9777, 0.9948, 1, 778.013, 0.9509, 1.7672, 39.2279, 84.4828, 91.3495, 539.9717, 36.2718],
      [0.5396, 0, 1.4375, 0.2491, 8.6402, 0.143, 0, 0.1066, 0.4901, 0, 2.0425, 0, 0, 0.1943, 0, 0, 0, 0.2619, 0.5004, 0.3682, 0.8648, 0, 0.1278, 0, 0, 0, 0.472, 0.0016, 1.5569e-06, 2.3532, 0.0006, 1.2328, 0, 0.1015, 0, 0, 0],
      [13.8929, 54.0602, 18.0801, 12.8439, 31.0297, 16.3436, 19.4312, 5.927, 18.5669, 27.7437, 26.3039, 56.1316, 35.57, 3.0905, 5.323, 9.1958, 7.2343, 2.7576, 28.9696, 14.512, 9.3922, 6.0282, 1.304, 1.0392, 0, 4.8297, 10.1721, 0, 0, 62.5128, 0, 0, 0.7721, 7.7153, 8.5382, 51.8803, 0.6844],
      [0.2477, 1.2219, 0.6422, 0.2486, 1.1572, 0.2735, 0.8036, 0.1385, 0.6239, 0.586, 0.3494, 0.1958, 0, 0.0644, 0.1414, 0.2904, 0.0855, 0.0489, 0.7373, 0.356, 1.23, 0, 0.025, 0.1057, 0, 0.115, 0.25, 0.0035, 0, 1.1209, 0.0012, 0, 0, 0.3674, 0.1124, 1.148, 0.0438]
    ],
    [
      [50.6366, 92.7605, 43.5821, 43.1716, 19.2571, 33.6085, 7.3192, 16.6389, 92.3731, 62.1801, 51.8855, 3.1253, 0, 3.9845, 31.0781, 39.957, 19.6736, 5.7381, 120.2239, 57.8235, 0.2001, 0, 1.9736, 6.7212, 1.8979, 21.3622, 24.7433, 0, 0, 103.3473, 0.5338, 0, 3.747e-16, 29.2129, 8.5264, 48.9964, 4.4173],
      [0, 13.6715, 0, 0, 0, 0, 10.6689, 0, 0, 13.3794, 0, 15.4897, 20.1104, 0, 0.9422, 9.3591, 3.4699, 0, 0, 0, 0.0047, 4.0222, 0, 0, 2.0505, 6.5631, 0, 0, 1.5569e-06, 1.8129, 0, 0, 1.2894, 0, 12.6343, 12.0434, 10.6243],
      [736.2188, 1492.1283, 845.1115, 636.2148, 522.8123, 346.0345, 137.4624, 447.1701, 1299.7951, 998.7505, 703.7442, 43.3421, 11.0476, 51.3407, 300.3215, 757.8153, 220.8926, 114.6726, 1082.7243, 615.5278, 4.4108, 2.8949, 100.2767, 44.6882, 10.0517, 323.1121, 446.41, 20.8883, 1, 1907.8093, 7.7032, 14, 8.6854, 361.5585, 170.9802, 953.3481, 145.8538],
      [7.4211, 25.5293, 6.8862, 7.8969, 4.0517, 5.7143, 1.4769, 5.2943, 12.6851, 16.4397, 7.2245, 0.8885, 0.842, 0.6607, 2.1804, 7.8368, 3.7244, 0.9539, 16.6053, 8.0305, 0.0559, 0.0812, 0.5644, 0.4153, 0, 4.1237, 4.7664, 0, 0, 19.2055, 0, 0, 0.0252, 4.3887, 3.413, 13.0007, 0.6645],
      [10.7236, 39.9105, 22.4203, 11.7167, 11.8789, 6.6427, 6.0727, 9.8968, 32.1468, 24.2503, 8.1458, 1.1544, 0, 1.0141, 4.4778, 18.0318, 3.2395, 1.6354, 30.4466, 14.6181, 0.3285, 0.0017, 1.1853, 2.1754, 0, 6.8389, 11.0803, 1.1117, 0, 30.825, 0.763, 0, 0, 13.8399, 4.4461, 22.6115, 3.4401]
    ],
    [
      [21.4935, 14.4246, 17.334, 14.0523, 10.4456, 10.9221, 4.6735, 3.7429, 15.9169, 12.5639, 6.5246, 10.2299, 6.7634, 2.4501, 7.4249, 11.64, 4.2043, 2.5576, 25.6928, 9.0895, 0, 1.2095, 1.0606, 1.7516, 0, 7.2195, 3.8655, 0, 0, 36.0772, 0, 0, 0, 12.8215, 3.4235, 13.6184, 0.1166],
      [30.5916, 27.333, 20.5981, 22.6001, 17.4837, 12.8465, 10.6155, 10.1369, 23.6839, 24.4165, 8.4568, 15.7466, 12.6165, 3.1771, 9.3367, 26.8858, 6.0584, 3.0205, 22.9244, 9.7601, 0, 2.9668, 3.1369, 1.5975, 0, 14.2719, 4.1591, 1.0052, 0, 72.7466, 0, 1.1473, 1.9182, 17.5651, 9.1628, 29.9804, 0.5543],
      [16.7974, 13.9584, 13.1203, 12.0472, 10.1406, 6.8272, 4.7471, 5.5086, 12.6274, 12.0682, 4.6104, 6.1683, 3.0905, 1.707, 4.5021, 12.7607, 2.9182, 1.9087, 13.2034, 5.4043, 0, 0.7211, 1.7525, 0.7327, 0, 6.4531, 2.8162, 1.1101, 0, 38.225, 0, 0.8527, 0.9575, 9.2581, 3.7844, 15.2435, 0.1999],
      [8.2348, 10.1355, 6.3555, 6.9197, 4.492, 4.8741, 2.0293, 3.1899, 5.7526, 8.2719, 2.3382, 4.3433, 4.4225, 0.9947, 1.384, 5.7577, 1.9574, 0.9619, 9.3505, 3.3016, 0, 0.4687, 0.5883, 0.2704, 0, 3.3452, 1.8142, 0, 0, 18.451, 0, 0, 0.1243, 4.9497, 2.6378, 9.0656, 0.0333],
      [4.8826, 7.1485, 6.5922, 4.3806, 4.4381, 2.5301, 3.9346, 2.4217, 6.0192, 5.6795, 1.07, 2.5118, 1.1071, 0.6711, 1.3524, 5.9557, 0.8617, 0.5513, 6.8288, 2.4445, 0, 0.6338, 0.4617, 0.6478, 0, 2.7102, 1.345, 0.8848, 0, 12.5002, 0, 0, 0, 6.4057, 1.9915, 7.092, 0.0959]
    ],
    [
      [37.3826, 40.386, 46.7568, 28.6709, 24.174, 23.0323, 9.8929, 6.5532, 48.1181, 29.4379, 23.6904, 17.3866, 11.0307, 5.7246, 19.6253, 20.4804, 11.7253, 6.8994, 56.7731, 22.9042, 1.7312, 2.7348, 1.6905, 3.0919, 0, 11.6801, 11.7871, 0, 0, 72.2092, 0.419, 0, 0, 18.0044, 5.9081, 34.1932, 3.3028],
      [6.0326, 8.8807, 5.9713, 5.2779, 4.4541, 3.0705, 2.6519, 2.0317, 8.1813, 6.6579, 3.4823, 3.1215, 4.921, 0.8043, 2.8387, 5.4865, 1.9696, 0.8586, 5.6618, 2.7846, 0.3966, 0.5358, 0.5584, 0.3114, 0, 2.6895, 1.4075, 0, 0, 16.7734, 0.0491, 0.0855, 0.2604, 2.805, 1.8958, 8.7703, 1.868],
      [42.2479, 56.6836, 51.2385, 35.591, 33.899, 20.8496, 14.5946, 13.9472, 55.3361, 41.028, 24.2575, 15.234, 8.6553, 5.7286, 17.2267, 32.5684, 11.7791, 7.4173, 42.267, 19.7193, 2.855, 1.856, 4.0004, 1.8549, 0, 15.1679, 12.43, 0, 0, 110.8337, 0.2962, 0.9145, 1.6763, 18.8277, 9.5766, 55.5159, 8.1224],
      [6.2459, 12.3974, 7.4553, 6.1559, 4.5245, 4.4799, 1.869, 2.4293, 7.5898, 8.463, 3.6997, 3.2117, 3.6374, 0.9983, 1.5929, 4.418, 2.3741, 1.1153, 9.0158, 3.6251, 0.5146, 0.3525, 0.4017, 0.2031, 0, 2.3551, 2.4028, 0, 0, 16.124, 0, 0, 0.0633, 3.0295, 1.9751, 9.9395, 0.4085],
      [4.091, 9.6523, 8.578, 4.3043, 4.9484, 2.5677, 3.9916, 2.0386, 8.7747, 6.4132, 1.8701, 2.0461, 0.7555, 0.7442, 1.7164, 5.0467, 1.152, 0.7093, 7.2823, 2.9669, 1.5026, 0.5209, 0.3491, 0.5387, 0, 2.1074, 1.9726, 0, 0, 12.0598, 0.2357, 0, 0, 4.3334, 1.6444, 8.5812, 1.2982]
    ]
  ],
  "V_est": [
    [19.1267, 153.7736, 832.6551, 34.1936, 225.2511],
    [118.2165, 6145.0442, 20.1279, 571.876, 12.7355],
    [1046.9495, 138.1357, 15886.7978, 193.0469, 357.0701],
    [293.3103, 478.5009, 246.223, 136.8157, 106.15],
    [657.397, 123.5456, 794.1962, 133.0678, 114.7934]
  ],
  "p_est": [
    [0.0151, 0.1216, 0.6582, 0.027, 0.1781],
    [0.0172, 0.8947, 0.0029, 0.0833, 0.0019],
    [0.0594, 0.0078, 0.9015, 0.011, 0.0203],
    [0.2326, 0.3795, 0.1953, 0.1085, 0.0842],
    [0.3606, 0.0678, 0.4357, 0.073, 0.063]
  ],
  "EI_Z": {},
  "EI_V": 7.7066,
  "MAE_Z": {},
  "MAE_V": 177.8009,
  "MAE_p": 0.0658,
  "runtime": 0.001
}
