{
  "X": [
    [52, 540, 749, 94, 88],
    [25, 358, 330, 55, 59],
    [14, 135, 153, 29, 16],
    [4, 24, 112, 8, 4],
    [13, 46, 85, 10, 17],
    [3, 14, 23, 3, 3],
    [11, 66, 211, 20, 18],
    [33, 161, 413, 35, 30],
    [27, 138, 145, 24, 16],
    [34, 164, 286, 31, 27],
    [63, 302, 451, 45, 55],
    [10, 70, 79, 14, 7],
    [92, 495, 567, 101, 86],
    [30, 209, 404, 41, 46],
    [39, 170, 296, 27, 27],
    [34, 293, 394, 21, 49],
    [24, 150, 155, 24, 33],
    [28, 221, 317, 46, 45],
    [15, 211, 79, 29, 25],
    [54, 506, 712, 80, 82],
    [16, 170, 123, 28, 33],
    [28, 303, 155, 48, 57],
    [29, 177, 263, 29, 30],
    [53, 277, 264, 30, 52],
    [29, 331, 417, 69, 90],
    [51, 470, 369, 80, 67],
    [25, 284, 249, 43, 37],
    [47, 238, 274, 44, 52],
    [37, 223, 235, 30, 49],
    [39, 217, 225, 35, 54],
    [28, 241, 157, 32, 45],
    [21, 107, 84, 14, 18],
    [61, 425, 460, 59, 80],
    [39, 266, 298, 41, 26],
    [24, 169, 196, 30, 36],
    [68, 692, 733, 105, 103],
    [42, 249, 234, 32, 45],
    [85, 271, 529, 36, 64],
    [58, 102, 235, 30, 20],
    [22, 69, 171, 17, 24],
    [4, 45, 22, 9, 11],
    [34, 432, 380, 102, 77],
    [19, 407, 343, 80, 40],
    [12, 289, 169, 43, 34],
    [12, 253, 275, 37, 31],
    [93, 555, 1043, 93, 140],
    [25, 168, 156, 24, 15],
    [158, 632, 628, 68, 116],
    [32, 108, 147, 2, 17]
  ],
  "W": [
    [32, 605, 784, 102],
    [15, 269, 485, 58],
    [10, 131, 189, 17],
    [1, 92, 51, 8],
    [6, 81, 69, 15],
    [1, 20, 23, 2],
    [7, 179, 121, 19],
    [17, 360, 255, 40],
    [14, 110, 203, 23],
    [28, 221, 245, 48],
    [31, 366, 447, 72],
    [11, 55, 105, 9],
    [51, 479, 713, 98],
    [18, 325, 342, 45],
    [14, 234, 264, 47],
    [23, 315, 392, 61],
    [18, 121, 210, 37],
    [34, 277, 293, 53],
    [18, 42, 272, 27],
    [41, 578, 713, 102],
    [12, 97, 239, 22],
    [17, 135, 374, 65],
    [16, 199, 277, 36],
    [30, 221, 374, 51],
    [23, 345, 487, 81],
    [40, 297, 621, 79],
    [12, 196, 372, 58],
    [30, 232, 334, 59],
    [29, 178, 322, 45],
    [13, 191, 307, 59],
    [14, 132, 317, 40],
    [12, 62, 151, 19],
    [53, 366, 587, 79],
    [20, 235, 371, 44],
    [17, 169, 231, 38],
    [48, 593, 937, 123],
    [28, 163, 369, 42],
    [65, 466, 384, 70],
    [36, 221, 161, 27],
    [9, 141, 129, 24],
    [2, 13, 61, 15],
    [22, 347, 578, 78],
    [22, 288, 515, 64],
    [9, 150, 346, 42],
    [10, 215, 337, 46],
    [58, 856, 858, 152],
    [8, 130, 227, 23],
    [104, 467, 902, 129],
    [16, 108, 168, 14]
  ],
  "method": "mult",
  "cond_prob": [
    [
      [0.83272642291, 0.039667185283, 0.084234998644, 0.0020075150537, 0.04136387811],
      [0.0062094061492, 0, 0.9703227747, 0.017810394969, 0.0056574241801],
      [0.021239770258, 0.6575192246, 0.17372704832, 0.093845930247, 0.053668026576],
      [0.048471410435, 0.22779978413, 0.22605093598, 0.093973149497, 0.40370471996]
    ],
    [
      [0.82049296704, 0.045909421141, 0.0812320369, 0.0021865069965, 0.050179067918],
      [0.010445131907, 0.010414003806, 0.94900391499, 0.020656475469, 0.0094804738323],
      [0.015324478891, 0.70284019038, 0.1282621582, 0.091315022333, 0.062258150195],
      [0.042249874985, 0.23504309182, 0.1946951653, 0.08832456314, 0.43968730475]
    ],
    [
      [0.84833818435, 0.040633322975, 0.073688671858, 0.0026984658173, 0.034641354999],
      [0.010927730818, 0.011177912903, 0.94427122384, 0.027533535175, 0.0060895972613],
      [0.017052847476, 0.68235533241, 0.13216137744, 0.1226939736, 0.045736469073],
      [0.050711602724, 0.24495307968, 0.21088721302, 0.12805654258, 0.365391562]
    ],
    [
      [0.89401749679, 0.018862351515, 0.067534836687, 0.0014972919222, 0.018088023086],
      [0, 0, 0.99354975419, 0.0064502458068, 0],
      [0.049751538124, 0.44149862562, 0.35426100427, 0.12543691435, 0.029051917633],
      [0.071081757361, 0.18308846771, 0.30732206997, 0.12597468275, 0.3125330222]
    ],
    [
      [0.89732644575, 0.021186427495, 0.040781826596, 0.0012783376125, 0.03942696255],
      [0.038745899594, 0.0003930541, 0.91535559279, 0.022041699437, 0.023463754079],
      [0.049858588649, 0.62799902303, 0.12079711541, 0.10177372506, 0.099571547852],
      [0.069158722776, 0.1672740976, 0.15176700406, 0.078971019399, 0.53282915617]
    ],
    [
      [0.94409585921, 0.0108191696, 0.026083359091, 0.00066540974011, 0.018336202354],
      [0.022123620505, 0, 0.9491379416, 0.019153724335, 0.0095847135604],
      [0.063503928156, 0.59435190231, 0.15889120984, 0.10651241883, 0.07674054086],
      [0.076420691551, 0.15954353859, 0.16832999133, 0.083237235195, 0.51246854333]
    ],
    [
      [0.84132681942, 0.027968655448, 0.083780538546, 0.0020964408568, 0.044827545727],
      [0, 0, 0.98048128939, 0.015507261232, 0.0040114493817],
      [0.034845554315, 0.51773841254, 0.25281795349, 0.12525840147, 0.069339678188],
      [0.04707369431, 0.16620376286, 0.22717963462, 0.10806624085, 0.45147666736]
    ],
    [
      [0.87832702877, 0.026306829673, 0.065343613256, 0.0014233270994, 0.028599201203],
      [0, 0, 0.98175808331, 0.015340722244, 0.0029011944421],
      [0.059969037592, 0.59651069458, 0.192084655, 0.10004456587, 0.051391046954],
      [0.069408398124, 0.21106391942, 0.2368665389, 0.098544478376, 0.38411666518]
    ],
    [
      [0.89971590921, 0.024862472891, 0.054181994088, 0.0012175202985, 0.020022103517],
      [0.021870513496, 0, 0.95669061978, 0.018042787291, 0.0033960794335],
      [0.049368631303, 0.65065121698, 0.16518473804, 0.096502268773, 0.038293144912],
      [0.085929940529, 0.24216210145, 0.23795574285, 0.10470815448, 0.32924406069]
    ],
    [
      [0.85427643994, 0.031729644963, 0.083964701288, 0.0014525909757, 0.028576622832],
      [0, 0, 0.98532363346, 0.014399584384, 0.00027678215454],
      [0.029578564201, 0.62031511548, 0.21705108185, 0.093707271795, 0.039347966676],
      [0.059031488593, 0.23196597183, 0.26489479826, 0.10039036904, 0.34371737227]
    ],
    [
      [0.89043422165, 0.024726182236, 0.056863918203, 0.00097462364427, 0.027001054264],
      [0.015004728488, 0, 0.96678233195, 0.013413227809, 0.0047997117516],
      [0.054112425398, 0.63848414663, 0.17688899335, 0.077284522782, 0.053229911836],
      [0.079396588184, 0.21987603898, 0.22674312518, 0.076588383412, 0.39739586425]
    ],
    [
      [0.82864582502, 0.040066303871, 0.098540920332, 0.0023983210869, 0.030348629691],
      [0, 0, 0.9778493459, 0.019665861637, 0.002484792462],
      [0.004437917255, 0.64150606566, 0.2070779835, 0.11215025673, 0.034827776858],
      [0.046546068113, 0.24457041816, 0.26568306491, 0.12402434683, 0.31917610198]
    ],
    [
      [0.88328270929, 0.028993537674, 0.054824459121, 0.0017610988766, 0.031138195035],
      [0.025252702228, 0.0040330371243, 0.9387851049, 0.023690171389, 0.0082389843564],
      [0.039216291079, 0.65915942582, 0.1335240739, 0.11082320532, 0.057277003877],
      [0.070360427751, 0.22049830801, 0.19717574128, 0.10760863743, 0.40435688553]
    ],
    [
      [0.84706598376, 0.029945862231, 0.078541200262, 0.0015916592487, 0.042855294502],
      [0, 0, 0.97955350586, 0.014356072081, 0.0060904220613],
      [0.036257148431, 0.5848032716, 0.21676633123, 0.094862422241, 0.067310826491],
      [0.052285945091, 0.18796123537, 0.22438408244, 0.085837295566, 0.44953144153]
    ],
    [
      [0.91076533518, 0.019417398956, 0.051036263692, 0.00074855340868, 0.01803244876],
      [0.007668895912, 0, 0.98056807039, 0.011114968424, 0.00064806526983],
      [0.074651555595, 0.60334916765, 0.20373337493, 0.077845096844, 0.040420804982],
      [0.1009947444, 0.22221225861, 0.25631814585, 0.081649193069, 0.33882565806]
    ],
    [
      [0.84098650512, 0.039529357629, 0.07965086438, 0.00080307979479, 0.039030193076],
      [0.0067787979449, 0, 0.98068312623, 0.0076928389096, 0.0048452369197],
      [0.023649411057, 0.70618648402, 0.17594748349, 0.04082277266, 0.053393848769],
      [0.053301965498, 0.25025775471, 0.23412183327, 0.041897672549, 0.42042077397]
    ],
    [
      [0.85183992875, 0.035021426659, 0.068362382173, 0.0016975210187, 0.043078741404],
      [0.014636012231, 0.0027072312984, 0.95406594343, 0.018534250185, 0.010056562854],
      [0.023602696629, 0.67179700226, 0.14783950428, 0.088921209357, 0.067839587474],
      [0.052415067853, 0.21526132052, 0.19678924503, 0.082522875251, 0.45301149135]
    ],
    [
      [0.78785431404, 0.05446001483, 0.096620926952, 0.0033898086664, 0.057674935508],
      [0, 0.013769589673, 0.95016418322, 0.02643484798, 0.0096313791253],
      [0, 0.6911365233, 0.13671670092, 0.11197474021, 0.060172035568],
      [0.022885911745, 0.24209777035, 0.19738521437, 0.108560278, 0.42907082554]
    ],
    [
      [0.79607991233, 0.059818221789, 0.091176353736, 0.0028358360632, 0.050089676081],
      [0, 0.015733067799, 0.95486632171, 0.022013996973, 0.0073866135182],
      [0, 0.74146795908, 0.11732902756, 0.093269606777, 0.047933406587],
      [0.024835614002, 0.28085919598, 0.19781276387, 0.098334593878, 0.39815783226]
    ],
    [
      [0.82602977603, 0.042329980513, 0.087881035229, 0.0019241172609, 0.041835090967],
      [0.0056853393566, 0, 0.97261116167, 0.01659890346, 0.0051045955179],
      [0.016958273181, 0.67330173409, 0.17224176125, 0.086068984182, 0.051429247296],
      [0.04662161036, 0.23725818034, 0.22960049352, 0.087840777163, 0.39867893861]
    ],
    [
      [0.82925954039, 0.040898393006, 0.06961883686, 0.0022232778597, 0.057999951881],
      [0.012390200052, 0.0095875939153, 0.94092953111, 0.023217921438, 0.013874753481],
      [0.016474285648, 0.68654809491, 0.11403163248, 0.099732354727, 0.083213632228],
      [0.041349174557, 0.20428309047, 0.1654931489, 0.085688613924, 0.50318597215]
    ],
    [
      [0.85554630117, 0.043720531628, 0.053424991743, 0.0022519531596, 0.045056222298],
      [0.017982034113, 0.02031699126, 0.91985103246, 0.028703444252, 0.013146497918],
      [0.020657836826, 0.75672688843, 0.054750534921, 0.10097289026, 0.06689184956],
      [0.050801650796, 0.25381693645, 0.14515670305, 0.097275244065, 0.45294946564]
    ],
    [
      [0.87297440193, 0.026671277416, 0.068914495732, 0.0011849060023, 0.030254918916],
      [4.1376216881e-05, 0, 0.98297212998, 0.013176178472, 0.0038103153297],
      [0.04553417709, 0.61002365146, 0.20779093912, 0.084309733573, 0.052341498757],
      [0.066978018002, 0.21101966961, 0.24243955741, 0.083477383009, 0.39608537197]
    ],
    [
      [0.88416312674, 0.029812348634, 0.050387889907, 0.00098674686543, 0.034649887853],
      [0.028319778722, 0.0059993862999, 0.94084125979, 0.014119277951, 0.010720297237],
      [0.044347234714, 0.70361519393, 0.12061288838, 0.063631860447, 0.067792822538],
      [0.071187633674, 0.22799377727, 0.18535734582, 0.059837673717, 0.45562356952]
    ],
    [
      [0.79265407799, 0.044491597498, 0.090570655696, 0.0027560912843, 0.069527577535],
      [0.0067554893867, 0.0027253820486, 0.95187559051, 0.023202033673, 0.015441504383],
      [0.011765459508, 0.64414488295, 0.14764518293, 0.10966775104, 0.086776723579],
      [0.033438686266, 0.18935652414, 0.18045175442, 0.092885352188, 0.50386768298]
    ],
    [
      [0.84196907941, 0.044323150784, 0.071606702064, 0.0024204280355, 0.03968063971],
      [0.011960388476, 0.013984463585, 0.94184225488, 0.024497101297, 0.0077157917599],
      [0.015847882528, 0.71511980692, 0.11412977457, 0.10346987599, 0.051432659992],
      [0.04971476451, 0.25296567327, 0.19663281277, 0.10598418738, 0.39470256207]
    ],
    [
      [0.86071352651, 0.039122804548, 0.068328794039, 0.001797103699, 0.030037771207],
      [0.014764921551, 0.0099918518188, 0.95068051419, 0.019901301764, 0.0046614106726],
      [0.022386605545, 0.7150631049, 0.13198090781, 0.089759186453, 0.040810195291],
      [0.059477513711, 0.26842497183, 0.21982372386, 0.098057969819, 0.35421582078]
    ],
    [
      [0.87276875456, 0.031103397278, 0.05704502331, 0.0017137829597, 0.037369041893],
      [0.022986994593, 0.0052388189738, 0.93916028119, 0.021797638188, 0.010816267052],
      [0.035244131057, 0.66819837197, 0.12980019272, 0.099996837156, 0.066760467097],
      [0.0629222855, 0.21480060747, 0.18729152028, 0.093094760029, 0.44189082672]
    ],
    [
      [0.84540429868, 0.033978075415, 0.071911534551, 0.0013808609128, 0.047325230443],
      [0.012291269532, 0, 0.96215824379, 0.014830099561, 0.010720387117],
      [0.024872748586, 0.66088817986, 0.16368104248, 0.07540808752, 0.075149941554],
      [0.050808984823, 0.20463648661, 0.1987800539, 0.067528736227, 0.47824573844]
    ],
    [
      [0.90293848161, 0.023074579337, 0.04186064068, 0.0011052035703, 0.031021094803],
      [0.03355495684, 0.0037595106243, 0.9298165175, 0.019203287368, 0.013665727664],
      [0.052079191994, 0.66449744792, 0.11951003697, 0.087190176752, 0.076723146361],
      [0.082449000683, 0.2030719903, 0.17239449962, 0.077125766161, 0.46495874324]
    ],
    [
      [0.87435631253, 0.033989449168, 0.04952835119, 0.0014703705333, 0.040655516581],
      [0.022576481368, 0.013892563344, 0.92923638712, 0.02085447283, 0.013440095337],
      [0.032640319292, 0.72411264645, 0.085994395635, 0.082678595234, 0.074574043387],
      [0.060798371709, 0.22866551063, 0.15967941417, 0.075437742744, 0.47541896074]
    ],
    [
      [0.89206837128, 0.026655897601, 0.050489920341, 0.0010571964434, 0.029728614337],
      [0.026722924585, 0.00076848092569, 0.94855805512, 0.015921658895, 0.0080288804713],
      [0.0477829146, 0.67792566877, 0.13786276573, 0.076765400879, 0.059663250023],
      [0.074902006092, 0.22451091724, 0.19822336384, 0.07413659255, 0.42822712028]
    ],
    [
      [0.8323822542, 0.040589052432, 0.07778000851, 0.0017326442998, 0.047516040562],
      [0.010017840193, 0.004556698919, 0.95925244286, 0.016776622045, 0.0093963959789],
      [0.016209269286, 0.68724550318, 0.15125031335, 0.079741498941, 0.065553415247],
      [0.046865442357, 0.2249103551, 0.20262444967, 0.075438813991, 0.45016093889]
    ],
    [
      [0.88782055869, 0.030345854215, 0.060792843961, 0.0013551322354, 0.019685610896],
      [0.019808263954, 0, 0.96089508733, 0.017004910815, 0.0022917378984],
      [0.03525425112, 0.68337474462, 0.16163575641, 0.087682222648, 0.0320530252],
      [0.079757264348, 0.26956937867, 0.25015754476, 0.10105997071, 0.29945584151]
    ],
    [
      [0.84974026506, 0.037441927355, 0.065937671001, 0.0020188187835, 0.044861317797],
      [0.014604454474, 0.010788113386, 0.94027463222, 0.022459313857, 0.011873486058],
      [0.022362427359, 0.68485820583, 0.12547113544, 0.098326904411, 0.068981326955],
      [0.050540578105, 0.21942238225, 0.18391617, 0.090961608415, 0.45515926124]
    ],
    [
      [0.83470740734, 0.043147059076, 0.079662539, 0.0019852380917, 0.040497756496],
      [0.010556359666, 0.0074223954846, 0.95651738927, 0.018956987588, 0.0065468679939],
      [0.016701798876, 0.69912256251, 0.14461003813, 0.088091690795, 0.051473909686],
      [0.048979980641, 0.24755788269, 0.21513642733, 0.090417078512, 0.39790863083]
    ],
    [
      [0.8647044696, 0.029405612508, 0.067173572479, 0.0011202040388, 0.037596141378],
      [0.013295023806, 0, 0.96537120995, 0.013482937947, 0.0078508282994],
      [0.035364823301, 0.64864804817, 0.178095293, 0.072895724449, 0.064996111082],
      [0.061227766019, 0.21013126373, 0.21539213408, 0.068390311429, 0.44485852474]
    ],
    [
      [0.86643492742, 0.029821771159, 0.064262255046, 0.0010064721409, 0.038474574238],
      [0.016182206393, 0, 0.96258793297, 0.012550185345, 0.00867967529],
      [0.043661360466, 0.66156833833, 0.16091222567, 0.066981800721, 0.066876274808],
      [0.062497987425, 0.21456204222, 0.20666688569, 0.06235973519, 0.45391334947]
    ],
    [
      [0.91065885864, 0.01977362563, 0.045644145706, 0.0011249725722, 0.022798397454],
      [0.044753850026, 0, 0.92700521217, 0.023253526383, 0.0049874114238],
      [0.080140953855, 0.59481955919, 0.14229990151, 0.13239131482, 0.050348270621],
      [0.089740246763, 0.20452594248, 0.20660647118, 0.12983222116, 0.36929511841]
    ],
    [
      [0.90162921871, 0.014943680655, 0.050770975366, 0.00081553685257, 0.031840588415],
      [0, 0, 0.97919869382, 0.01238197148, 0.0084193347],
      [0.092769918259, 0.50666872435, 0.21332775232, 0.10295752691, 0.084276078171],
      [0.079917399007, 0.1460517264, 0.20653188933, 0.081886717447, 0.48561226781]
    ],
    [
      [0.8742494105, 0.032063090262, 0.054088871107, 0.0020108574009, 0.037587770733],
      [0.015308921878, 0.0053848124881, 0.94320343491, 0.026174676794, 0.009928153929],
      [0.021378039309, 0.6815165782, 0.11568256901, 0.11544592013, 0.065976893349],
      [0.049894986448, 0.21955733245, 0.17156939295, 0.10756709062, 0.45141119754]
    ],
    [
      [0.82679414737, 0.046666109387, 0.071699853684, 0.0034451067685, 0.051394782793],
      [0.011568050348, 0.023482694311, 0.91615361952, 0.036173418271, 0.012622217549],
      [0.014827792371, 0.70051693184, 0.082453070457, 0.13713367395, 0.065068531378],
      [0.041358349958, 0.22982133413, 0.1648643913, 0.12959958932, 0.43435633529]
    ],
    [
      [0.75689296597, 0.074212030763, 0.11756318129, 0.0045327535215, 0.046799068463],
      [0.0016409035634, 0.022205391319, 0.94202179246, 0.029991884526, 0.0041400281306],
      [0, 0.73818253032, 0.10708182628, 0.12096905724, 0.033766586159],
      [0.029308976914, 0.29387780485, 0.21819051949, 0.14005550312, 0.31856719563]
    ],
    [
      [0.78874881055, 0.067429166314, 0.088506110746, 0.0031921597591, 0.052123752627],
      [0.007849148484, 0.027140594739, 0.92914436966, 0.027741384828, 0.0081245022907],
      [0.0066941978336, 0.78609154833, 0.061866909962, 0.099096912448, 0.046250431429],
      [0.033516571, 0.29367553741, 0.17680568352, 0.10767931264, 0.38832289543]
    ],
    [
      [0.7667570043, 0.062753191011, 0.11949584547, 0.0027431943572, 0.048250764859],
      [0.0035888634797, 0.0050798614333, 0.97051065837, 0.017537954766, 0.0032826619508],
      [0.0061503872112, 0.7085688881, 0.16016793401, 0.085498777438, 0.039614013242],
      [0.03235095258, 0.27157788245, 0.24279687465, 0.09540912576, 0.35786516456]
    ],
    [
      [0.85026470898, 0.03031272003, 0.074613860855, 0.0013466745246, 0.043462035616],
      [0, 0, 0.97869748211, 0.01340282781, 0.0078996900801],
      [0.041254305132, 0.61050751924, 0.19567968636, 0.081883206577, 0.070675282687],
      [0.054529296556, 0.19359480741, 0.21719855584, 0.073640006772, 0.46103733342]
    ],
    [
      [0.91666454664, 0.024569119679, 0.042340710023, 0.0010688589595, 0.015356764696],
      [0.031410841234, 0.0071955210293, 0.93913537724, 0.018627691328, 0.0036305691689],
      [0.049401830381, 0.70722756077, 0.12510301236, 0.085193836205, 0.033073760286],
      [0.10300255521, 0.27510317452, 0.22501267276, 0.096993410312, 0.29988818719]
    ],
    [
      [0.88213260744, 0.026727740634, 0.058520505928, 0.00076848147647, 0.031850664518],
      [0.021543999388, 0, 0.95983077775, 0.011505859522, 0.0071193633379],
      [0.051739840285, 0.66564855993, 0.16182317905, 0.060859879787, 0.059928540946],
      [0.073859109884, 0.22329700709, 0.21479369512, 0.059311860165, 0.42873832774]
    ],
    [
      [0.90648598974, 0.016311451232, 0.052851660132, 5.0029237524e-05, 0.024300869662],
      [0.0088061212869, 0, 0.98599145144, 0.001361306495, 0.0038411207769],
      [0.090594915972, 0.62354384125, 0.21591137976, 0.010200042088, 0.059749820936],
      [0.094658370139, 0.21311796079, 0.24244177735, 0.0098979542815, 0.43988393745]
    ]
  ],
  "expected_outcome": [
    [
      [26.6472455331, 12.3073945057, 8.4833818435, 0.89401749679, 5.3839586745, 0.94409585921, 5.889287736, 14.9315594891, 12.5960227289, 23.9197403184, 27.6034608712, 9.1151040752, 45.0474181739, 15.2471877076, 12.7507146926, 19.3426896178, 15.3331187174, 26.7870466775, 14.329438422, 33.8672208172, 9.9511144847, 14.5442871199, 13.9675904309, 26.5248938022, 18.2310437937, 33.6787631762, 10.3285623181, 26.1830626367, 24.5167246617, 11.7382002609, 12.2409883754, 10.7048204553, 44.1162594724, 17.7564111738, 14.4455845061, 40.0659555521, 24.2117251487, 56.318270282, 32.7837189109, 8.1146629684, 1.748498821, 18.1894712421, 16.6516452513, 7.098739295, 7.667570043, 49.3153531206, 7.3333163731, 91.7417911742, 14.5037758358],
      [1.2693499291, 0.68864131711, 0.40633322975, 0.018862351515, 0.12711856497, 0.0108191696, 0.19578058813, 0.44721610445, 0.34807462048, 0.88843005897, 0.76651164932, 0.44072934258, 1.4786704214, 0.53902552015, 0.27184358538, 0.90917522547, 0.63038567986, 1.8516405042, 1.0767279922, 1.7355292011, 0.49078071607, 0.74324903767, 0.42674043866, 0.89437045902, 1.0233067425, 1.7729260314, 0.46947365458, 0.93310191835, 0.98536418704, 0.29996953138, 0.47585228835, 0.31987077122, 2.1512197789, 0.60691708431, 0.63651276504, 2.0710588357, 0.82335715022, 1.9384151253, 0.71185052269, 0.1344931259, 0.064126180524, 1.0266544065, 1.6326646768, 0.60686249683, 0.62753191011, 1.7581377617, 0.19655295744, 2.7796850259, 0.26098321972],
      [2.6955199566, 1.2184805535, 0.73688671858, 0.067534836687, 0.24469095958, 0.026083359091, 0.58646376982, 1.1108414253, 0.75854791723, 2.3510116361, 1.7627814643, 1.0839501237, 2.7960474152, 1.4137416047, 0.71450769168, 1.8319698807, 1.2305228791, 3.2851115164, 1.6411743673, 3.6031224444, 0.83542604233, 0.90822485964, 1.1026319317, 1.5116366972, 2.083125081, 2.8642680825, 0.81994552846, 1.7113506993, 2.085434502, 0.54418832884, 0.69339691666, 0.60587904409, 4.122340451, 1.2158568792, 1.120940407, 3.823801872, 1.8808600294, 4.177046578, 1.6431892454, 0.45693877829, 0.10817774221, 1.577396781, 2.5863899883, 0.79655499671, 1.1949584547, 4.3276039296, 0.33872568019, 6.0861326165, 0.84562656211],
      [0.06424048172, 0.032797604947, 0.026984658173, 0.0014972919222, 0.007670025675, 0.00066540974011, 0.014675085997, 0.024196560689, 0.017045284178, 0.04067254732, 0.030213332972, 0.026381531956, 0.089816042707, 0.028649866476, 0.010479747722, 0.01847083528, 0.030555378337, 0.11525349466, 0.051045049138, 0.078888807697, 0.026679334316, 0.038283203713, 0.018958496037, 0.029602405963, 0.063390099539, 0.096817121421, 0.021565244388, 0.051413488792, 0.040044966472, 0.014367646415, 0.020585187467, 0.012686357321, 0.091830147889, 0.027102644708, 0.03431991932, 0.095291428402, 0.031365713088, 0.065420689161, 0.0404990126, 0.0073398316731, 0.0040217148019, 0.075792348907, 0.099720577474, 0.028729437832, 0.027431943572, 0.078107122427, 0.0085508716759, 0.079922073553, 0.00080046780038],
      [1.3236440995, 0.75268601876, 0.34641354999, 0.018088023086, 0.2365617753, 0.018336202354, 0.31379282009, 0.48618642044, 0.28030944923, 0.80014543929, 0.83703268218, 0.3338349266, 1.5880479468, 0.77139530104, 0.25245428265, 0.89769444075, 0.77541734527, 1.9609478073, 0.90161416946, 1.7152387296, 0.69599942257, 0.76595577906, 0.48407870266, 1.0394966356, 1.5991342833, 1.5872255884, 0.36045325448, 1.1210712568, 1.3724316829, 0.40327423244, 0.56917723213, 0.35674337204, 2.5183501498, 0.39371221791, 0.76264240255, 1.9438923118, 1.0526919586, 2.5008473255, 0.82074230836, 0.28656529573, 0.075175541466, 1.1306852214, 1.0295795062, 0.46911377364, 0.48250764859, 2.5207980657, 0.12285411757, 3.3124691099, 0.38881391459]
    ],
    [
      [3.7566907202, 2.8097404831, 1.4315327371, 0, 3.1384178671, 0.44247241009, 0, 0, 2.4057564845, 0, 5.4917306267, 0, 12.0960443672, 0, 1.7945216434, 2.1353213527, 1.77095748, 0, 0, 3.2861261481, 1.2018494051, 2.4275746053, 0.0082338671593, 6.2586710975, 2.3306438384, 3.5522353772, 2.893924624, 5.3329827456, 2.1878459766, 6.4089967565, 2.9800955405, 1.6568213243, 3.6665295105, 4.6549420293, 2.4681528061, 6.2599212819, 2.1670888803, 7.5409081793, 9.8906008558, 0, 0.19901598441, 4.0141134707, 0.47258022627, 1.1773722726, 0.77160564814, 0, 4.0834093604, 10.0610477141, 0.95106109898],
      [0, 2.8013670237, 1.4643065903, 0, 0.0318373821, 0, 0, 0, 0, 0, 0, 0, 1.9318247826, 0, 0, 0, 0.3275749871, 3.8141763395, 0.66078884756, 0, 0.92999660978, 2.7427938201, 0, 1.3258643723, 0.94025680678, 4.1533856847, 1.9584029565, 1.2154060019, 0, 0.71806652924, 1.8338183614, 0.047645817393, 1.6677518043, 0, 1.8231911623, 4.4014805224, 0, 0, 0, 0, 0.070002562345, 8.148494926, 6.3951526999, 4.0710892109, 1.0921702082, 0, 0.93541773381, 0, 0],
      [587.0452786948, 255.2820531311, 123.6995303235, 91.4065773858, 74.1438030161, 18.982758832, 175.5061508001, 353.4329099929, 105.2359681758, 217.7565229951, 353.8423334943, 53.7817140246, 449.678065248, 318.3548894036, 229.4529284722, 308.9151847611, 115.4419791553, 263.1954787525, 40.1043855118, 562.1692514428, 91.270164518, 124.1798893818, 195.6114538664, 207.9259184136, 328.3970787256, 279.7271497001, 186.333380782, 217.8851852367, 171.2641673947, 177.5949548432, 122.6592031001, 58.8105994176, 351.0863940884, 225.810345523, 158.9064128458, 567.214811836, 157.3555072216, 448.5659767649, 204.8681518889, 138.0670158287, 12.2616446538, 317.9053059736, 271.3022762288, 139.3716554487, 208.6597915495, 837.7650446864, 122.0875990412, 448.2409732103, 106.4870767557],
      [10.7752889561, 5.5565919012, 3.6068931079, 0.59342261422, 1.7853776544, 0.38307448671, 2.7757997605, 5.522660008, 1.984706602, 3.1823081488, 4.909241378, 1.08162239, 11.3475920955, 4.6657234265, 2.6009026113, 2.4232442565, 2.2426442724, 7.3224528903, 0.92458787286, 9.5941661997, 2.2521383795, 3.874964974, 2.6220595159, 3.1203604272, 8.0047016171, 7.2756390853, 3.9006551457, 5.0570520595, 2.6397577218, 3.6678278873, 2.7527904135, 0.98714285146, 6.1402436684, 3.9961540416, 3.7956240419, 11.2414936394, 2.1977188853, 5.8483863706, 5.1390293307, 1.7458579786, 0.34027079832, 12.5521761402, 8.6376627434, 4.1612077242, 3.7706602747, 11.472820605, 2.4215998726, 5.3732363968, 0.14702110146],
      [3.422741629, 2.5502474609, 0.79773724122, 0, 1.9005640804, 0.19169427121, 0.71804943932, 1.0444299992, 0.37356873768, 0.061168856153, 1.7566945011, 0.13666358541, 3.9464735067, 1.9793871699, 0.15164727314, 1.5262496297, 1.2168441053, 2.6678920177, 0.31023776776, 2.9504562094, 1.3458510876, 1.7747772189, 0.75825275061, 2.3691856894, 5.3273190121, 2.2915901527, 0.91363649183, 2.5093739562, 1.9082289069, 2.6101539837, 1.7740925844, 0.49779058922, 3.4390809283, 0.53855840613, 2.0066191438, 3.8822927204, 1.2796850128, 4.0447286852, 1.1022179247, 1.1871261927, 0.12906600108, 4.3799094896, 1.1923281016, 1.2186753436, 0.70577231942, 6.7621347086, 0.47197399195, 3.3247426788, 0.41484104391]
    ],
    [
      [16.6519798823, 7.4323722621, 3.222988173, 2.5373284443, 3.4402426168, 1.4605903476, 4.2163120722, 15.292104586, 10.0218321544, 7.2467482292, 24.1882541529, 0.46598131177, 27.9612155392, 12.3999447633, 19.7080106771, 9.2705691342, 4.956566292, 0, 0, 12.091248778, 3.9373542699, 7.7260309731, 12.6129670538, 16.5858657829, 5.7297787804, 9.8415350502, 8.3278172627, 11.7715397731, 8.0090250447, 15.9883119423, 10.3469812157, 7.2152201046, 9.5148410709, 13.0793271656, 5.1657207198, 15.6495855471, 13.0496197981, 16.7659624189, 12.9026935707, 11.9673194554, 1.3040603979, 8.5704639905, 0, 2.3161924504, 2.0726804902, 35.396193803, 11.2142154966, 46.6693359367, 15.2199458833],
      [515.4950720896, 340.8774923336, 128.9651578254, 22.5164299068, 43.3319325889, 13.6700937532, 62.6463479174, 152.1102271189, 132.0821970461, 151.977203293, 285.4024135445, 67.358136894, 469.9806706115, 200.0027188883, 159.2841802599, 276.8251017369, 141.0773704736, 202.5030013279, 201.6792848687, 480.0641364039, 164.0849946839, 283.0158562731, 168.9765514553, 263.152082528, 313.6985579954, 444.0894000954, 266.0034750228, 223.1782562392, 212.8059939157, 204.0007165117, 229.5437089249, 102.3667759838, 403.4131103641, 253.5320302541, 158.2022455473, 655.0778410711, 239.3511297732, 254.0422419194, 95.7659490303, 65.3602654405, 41.5725112704, 404.8987866053, 380.1640031131, 271.9876757211, 238.787715289, 523.8154515118, 160.5406562947, 600.4150010591, 104.7553653293],
      [136.2020058791, 62.2071467279, 24.9785003367, 18.0673112177, 8.3350009635, 3.6544978263, 30.5909723723, 48.9815870257, 33.5325018215, 53.1775150524, 79.0693800285, 21.7431882676, 95.2026646914, 74.1340852818, 53.785610981, 68.9714135286, 31.0462958997, 40.0579933696, 31.9134954964, 122.8083757738, 27.2535601638, 20.4767000605, 57.5580901353, 45.1092202525, 71.903204085, 70.8745900088, 49.096897706, 43.3532643672, 52.7052956777, 36.6895813505, 27.2602234164, 20.8172776254, 88.7839339368, 59.9668656285, 28.9838322873, 135.4996057308, 65.7171631177, 61.7902946585, 22.9102841437, 27.5192800491, 7.0566367098, 47.657874724, 55.1471405354, 21.4059508469, 53.9765937616, 167.8931708964, 28.3983838052, 145.9645075025, 36.2731117994],
      [73.5752093136, 44.2877858317, 23.18916101, 6.3972826319, 7.022387029, 2.4497856332, 15.1562665773, 25.5113642963, 19.5899605609, 22.9582815898, 34.5461816834, 11.7757769565, 79.0169453937, 32.4429484066, 20.5511055668, 16.0025268827, 18.673453965, 32.8085988811, 25.3693330433, 61.367185722, 23.8360327799, 37.7638609581, 23.3537961998, 23.7983158072, 53.4081947562, 64.2547929906, 33.3904173604, 33.39894361, 24.2814041815, 26.7673842628, 26.2091146892, 11.5915755328, 46.8082598784, 32.5301046025, 22.713514919, 82.5419142752, 26.8985223216, 25.721011477, 21.3150016853, 13.2815209709, 7.0422011276, 79.2632635439, 62.2990644797, 34.287531707, 28.8130879967, 70.2557912431, 19.3390008185, 54.8956115683, 1.7136070708],
      [42.0757328355, 30.1952028447, 8.6441926548, 1.4816477993, 6.8704368018, 1.7650324398, 8.3901010608, 13.1047169732, 7.7735084171, 9.6402518356, 23.7937705907, 3.6569165701, 40.8385037643, 23.0203026601, 10.6710925152, 20.9303887175, 14.2463133696, 17.6304064214, 13.0378865917, 36.6690533224, 19.8880581025, 25.0175517353, 14.4985951558, 25.3545156293, 42.2602643832, 31.939681855, 15.1813926482, 22.2979960105, 24.1982811803, 23.5540059328, 23.6399717538, 9.0091507534, 38.4798547498, 11.8916723494, 15.9346865265, 48.2310533757, 23.9835649894, 25.6804895262, 8.1060715699, 10.8716140841, 4.0245904943, 37.6096111364, 17.3897918718, 16.0026492745, 13.3499224625, 60.6393925457, 7.507743585, 54.0555439334, 10.0379699172]
    ],
    [
      [4.9440838644, 2.4504927491, 0.86209724631, 0.56865405889, 1.0373808416, 0.1528413831, 0.89440019188, 2.776335925, 1.9763886322, 2.8335114525, 5.7165543492, 0.41891461302, 6.8953219196, 2.3528675291, 4.7467529869, 3.2514198954, 1.9393575106, 1.2129533225, 0.67056157804, 4.7554042567, 0.90968184026, 3.3021073017, 2.4112086481, 3.6305693174, 2.7085335875, 3.9274663963, 3.4496957953, 3.7124148445, 2.286404317, 4.8644910403, 2.4319348684, 1.4231381157, 3.7023699462, 3.5093196313, 1.920541968, 6.0245376189, 2.5715661728, 4.3748591197, 2.4229866626, 1.9180175762, 0.74842479672, 3.2259512967, 1.8757745225, 1.407695982, 1.4881438187, 8.2884530764, 2.3690587699, 9.5278251751, 1.3252171819],
      [23.2355779814, 13.6324993256, 4.1642023546, 1.4647077417, 2.509111464, 0.31908707719, 3.1578714944, 8.4425567767, 5.5697283334, 11.134366648, 15.8310748062, 2.2011337634, 21.6088341846, 8.4582555916, 10.4439761547, 15.2657230376, 7.9646688594, 12.8311818284, 7.5831982916, 24.2003343951, 4.4942279903, 16.4981008692, 7.596708106, 11.6276826407, 15.3378784554, 19.9842881886, 15.5686483662, 12.6732358405, 9.2086418972, 11.9812474277, 9.1466204254, 4.2657074276, 17.7679180526, 11.8610526616, 8.3380505253, 30.4496195708, 8.8255130766, 15.0193429553, 5.522200447, 3.5052414336, 3.2933599867, 17.9260640622, 18.8081795102, 12.3343725712, 12.4925825927, 29.4264107265, 6.327373014, 28.805313915, 2.983651451],
      [23.0571954696, 11.2923195875, 3.5850826213, 2.4585765598, 2.2765050609, 0.33665998266, 4.3164130577, 9.4746615561, 5.4729820855, 12.7149503165, 16.3255050129, 2.3911475842, 19.3232226454, 10.0972837099, 12.0469528551, 14.2814318295, 7.2812020659, 10.4614163616, 5.3409446245, 23.419250339, 3.6408492758, 9.4351856981, 8.7278240667, 9.4532246367, 14.6165921084, 15.5339922085, 12.7497759836, 11.0501996968, 8.9451024256, 10.1712754774, 6.3871765669, 3.7662439129, 16.0073315238, 11.0069319693, 6.9888144598, 26.4617805612, 9.0464696314, 14.4666819986, 5.578374722, 4.956765344, 2.5735408942, 12.8594225214, 13.9641932475, 7.4258387077, 11.1686562341, 33.0141804877, 5.1752914734, 27.7083866707, 3.3941848828],
      [9.5852612487, 5.1228246621, 2.1769612239, 1.007797462, 1.184565291, 0.16647447039, 2.0532585761, 3.941779135, 2.408287553, 4.8187377141, 5.5143636057, 1.1162191215, 10.5456464682, 3.8626783005, 3.8375120742, 2.5557580255, 3.0533463843, 5.7536947339, 2.6550340347, 8.9597592706, 1.8851495063, 6.3228908642, 3.0051857883, 3.0517213596, 7.5237135273, 8.3727508027, 5.6873622495, 5.4925908417, 3.0387931302, 4.5504202035, 3.0175097098, 1.4085952585, 5.9596663053, 4.4466387112, 3.4565411198, 11.121300657, 2.87239308, 4.3651814633, 3.5054699714, 1.9652812187, 1.6135063593, 10.108767967, 8.9635521994, 4.5225311309, 4.388819785, 11.1932810294, 2.2308484372, 7.6512299613, 0.13857135994],
      [41.177881436, 25.5018636757, 6.2116565539, 2.5002641776, 7.9924373425, 1.0249370867, 8.5780566798, 15.3646666072, 7.5726133959, 16.4984338689, 28.612502226, 2.8725849179, 39.6269747823, 20.228914869, 15.924805929, 25.645667212, 16.7614251798, 22.7407537536, 10.7502614711, 40.6652517386, 11.0700913873, 29.4417152668, 14.259073391, 23.2368020456, 40.8132823214, 31.1815024039, 20.5445176055, 26.0715587765, 21.5210582299, 27.432565851, 19.0167584296, 8.1363152853, 35.5627141722, 13.1760570266, 17.2960519271, 48.9427615921, 18.6840580392, 31.7739344631, 9.970968197, 11.6546944275, 6.7711679632, 33.8797941526, 20.3883005204, 16.3095616083, 16.4617975695, 70.07767468, 6.8974283055, 55.3072442779, 6.1583751243]
    ]
  ],
  "prob": [
    [0.85501536879, 0.035161282279, 0.069722780451, 0.0016659558232, 0.038434612654],
    [0.011279511041, 0.0045972222101, 0.9587544846, 0.018091158314, 0.0072776238381],
    [0.029780429127, 0.6723645225, 0.14941195052, 0.090478779339, 0.057964318508],
    [0.056727037772, 0.22819598097, 0.20830793407, 0.088623942303, 0.41814510488]
  ],
  "iterations": 193,
  "time": 0.000439,
  "message": "Converged",
  "status": 0,
  "miniter": 0,
  "maxiter": 1000,
  "maxtime": 3600,
  "param_threshold": 0.001,
  "ll_threshold": "-Inf",
  "initial_prob": "group_proportional",
  "adjust_prob_cond_method": "project_lp",
  "adjust_prob_cond_every": false,
  "candidates_id": ["Green Party.p", "Labour Party.p", "National Party.p", "New Zealand First Party.p", "Other parties votes.p"],
  "group_id": ["BROWN, Sarah Ruth.c", "IRVING, Moira Ann.c", "DUYNHOVEN, Harry James.c", "Other candidates votes.c"]
}
