{
  "Z_true": {},
  "V_true": [
    [545, 33, 23, 47, 301, 323, 50],
    [10, 9, 460, 7, 32, 370, 43],
    [91, 146, 470, 184, 400, 12666, 468],
    [227, 91, 57, 180, 1965, 553, 150],
    [57, 42, 60, 1381, 233, 756, 97],
    [25, 638, 24, 36, 198, 438, 71],
    [37, 35, 99, 46, 144, 715, 715]
  ],
  "p_true": [
    [0.4123, 0.025, 0.0174, 0.0356, 0.2277, 0.2443, 0.0378],
    [0.0107, 0.0097, 0.4941, 0.0075, 0.0344, 0.3974, 0.0462],
    [0.0063, 0.0101, 0.0326, 0.0128, 0.0277, 0.8781, 0.0324],
    [0.0704, 0.0282, 0.0177, 0.0558, 0.6097, 0.1716, 0.0465],
    [0.0217, 0.016, 0.0228, 0.5259, 0.0887, 0.2879, 0.0369],
    [0.0175, 0.4462, 0.0168, 0.0252, 0.1385, 0.3063, 0.0497],
    [0.0207, 0.0195, 0.0553, 0.0257, 0.0804, 0.3992, 0.3992]
  ],
  "Z_est": [
    [
      [5.1765, 6.1625, 0.2465, 49.3, 20.706, 5.916, 8.1345, 48.5605, 7.6415, 4.1905, 3.451, 6.1625, 4.93, 3.2045, 29.8265, 4.6835, 9.367, 3.2045, 8.1345, 1.972, 2.2185, 1.7255, 4.1905, 2.2185, 7.395, 5.423, 6.409, 3.451, 5.423, 15.283, 0.7395, 0, 8.6275, 1.7255, 29.58, 0.493],
      [2.5452, 3.03, 0.1212, 24.24, 10.1808, 2.9088, 3.9996, 23.8764, 3.7572, 2.0604, 1.6968, 3.03, 2.424, 1.5756, 14.6652, 2.3028, 4.6056, 1.5756, 3.9996, 0.9696, 1.0908, 0.8484, 2.0604, 1.0908, 3.636, 2.6664, 3.1512, 1.6968, 2.6664, 7.5144, 0.3636, 0, 4.242, 0.8484, 14.544, 0.2424],
      [1.2978, 1.545, 0.0618, 12.36, 5.1912, 1.4832, 2.0394, 12.1746, 1.9158, 1.0506, 0.8652, 1.545, 1.236, 0.8034, 7.4778, 1.1742, 2.3484, 0.8034, 2.0394, 0.4944, 0.5562, 0.4326, 1.0506, 0.5562, 1.854, 1.3596, 1.6068, 0.8652, 1.3596, 3.8316, 0.1854, 0, 2.163, 0.4326, 7.416, 0.1236],
      [2.751, 3.275, 0.131, 26.2, 11.004, 3.144, 4.323, 25.807, 4.061, 2.227, 1.834, 3.275, 2.62, 1.703, 15.851, 2.489, 4.978, 1.703, 4.323, 1.048, 1.179, 0.917, 2.227, 1.179, 3.93, 2.882, 3.406, 1.834, 2.882, 8.122, 0.393, 0, 4.585, 0.917, 15.72, 0.262],
      [4.137, 4.925, 0.197, 39.4, 16.548, 4.728, 6.501, 38.809, 6.107, 3.349, 2.758, 4.925, 3.94, 2.561, 23.837, 3.743, 7.486, 2.561, 6.501, 1.576, 1.773, 1.379, 3.349, 1.773, 5.91, 4.334, 5.122, 2.758, 4.334, 12.214, 0.591, 0, 6.895, 1.379, 23.64, 0.394],
      [3.3075, 3.9375, 0.1575, 31.5, 13.23, 3.78, 5.1975, 31.0275, 4.8825, 2.6775, 2.205, 3.9375, 3.15, 2.0475, 19.0575, 2.9925, 5.985, 2.0475, 5.1975, 1.26, 1.4175, 1.1025, 2.6775, 1.4175, 4.725, 3.465, 4.095, 2.205, 3.465, 9.765, 0.4725, 0, 5.5125, 1.1025, 18.9, 0.315],
      [1.7829, 2.1225, 0.0849, 16.98, 7.1316, 2.0376, 2.8017, 16.7253, 2.6319, 1.4433, 1.1886, 2.1225, 1.698, 1.1037, 10.2729, 1.6131, 3.2262, 1.1037, 2.8017, 0.6792, 0.7641, 0.5943, 1.4433, 0.7641, 2.547, 1.8678, 2.2074, 1.1886, 1.8678, 5.2638, 0.2547, 0, 2.9715, 0.5943, 10.188, 0.1698]
    ],
    [
      [0.6056, 0.4542, 0.5299, 4.9205, 2.1953, 2.0439, 2.8009, 4.9962, 1.514, 1.2112, 1.2112, 0.6056, 2.0439, 1.5897, 3.4822, 1.2869, 2.8009, 1.3626, 1.8168, 1.8168, 2.4981, 0.3785, 2.0439, 0.6813, 2.9523, 2.271, 0.2271, 1.5897, 1.0598, 4.3906, 0.757, 0.1514, 2.0439, 0.4542, 9.1597, 0.5299],
      [0.9544, 0.7158, 0.8351, 7.7545, 3.4597, 3.2211, 4.4141, 7.8738, 2.386, 1.9088, 1.9088, 0.9544, 3.2211, 2.5053, 5.4878, 2.0281, 4.4141, 2.1474, 2.8632, 2.8632, 3.9369, 0.5965, 3.2211, 1.0737, 4.6527, 3.579, 0.3579, 2.5053, 1.6702, 6.9194, 1.193, 0.2386, 3.2211, 0.7158, 14.4353, 0.8351],
      [1.4696, 1.1022, 1.2859, 11.9405, 5.3273, 4.9599, 6.7969, 12.1242, 3.674, 2.9392, 2.9392, 1.4696, 4.9599, 3.8577, 8.4502, 3.1229, 6.7969, 3.3066, 4.4088, 4.4088, 6.0621, 0.9185, 4.9599, 1.6533, 7.1643, 5.511, 0.5511, 3.8577, 2.5718, 10.6546, 1.837, 0.3674, 4.9599, 1.1022, 22.2277, 1.2859],
      [1.1352, 0.8514, 0.9933, 9.2235, 4.1151, 3.8313, 5.2503, 9.3654, 2.838, 2.2704, 2.2704, 1.1352, 3.8313, 2.9799, 6.5274, 2.4123, 5.2503, 2.5542, 3.4056, 3.4056, 4.6827, 0.7095, 3.8313, 1.2771, 5.5341, 4.257, 0.4257, 2.9799, 1.9866, 8.2302, 1.419, 0.2838, 3.8313, 0.8514, 17.1699, 0.9933],
      [1.0952, 0.8214, 0.9583, 8.8985, 3.9701, 3.6963, 5.0653, 9.0354, 2.738, 2.1904, 2.1904, 1.0952, 3.6963, 2.8749, 6.2974, 2.3273, 5.0653, 2.4642, 3.2856, 3.2856, 4.5177, 0.6845, 3.6963, 1.2321, 5.3391, 4.107, 0.4107, 2.8749, 1.9166, 7.9402, 1.369, 0.2738, 3.6963, 0.8214, 16.5649, 0.9583],
      [1.4784, 1.1088, 1.2936, 12.012, 5.3592, 4.9896, 6.8376, 12.1968, 3.696, 2.9568, 2.9568, 1.4784, 4.9896, 3.8808, 8.5008, 3.1416, 6.8376, 3.3264, 4.4352, 4.4352, 6.0984, 0.924, 4.9896, 1.6632, 7.2072, 5.544, 0.5544, 3.8808, 2.5872, 10.7184, 1.848, 0.3696, 4.9896, 1.1088, 22.3608, 1.2936],
      [1.2616, 0.9462, 1.1039, 10.2505, 4.5733, 4.2579, 5.8349, 10.4082, 3.154, 2.5232, 2.5232, 1.2616, 4.2579, 3.3117, 7.2542, 2.6809, 5.8349, 2.8386, 3.7848, 3.7848, 5.2041, 0.7885, 4.2579, 1.4193, 6.1503, 4.731, 0.4731, 3.3117, 2.2078, 9.1466, 1.577, 0.3154, 4.2579, 0.9462, 19.0817, 1.1039]
    ],
    [
      [0.4968, 1.7848, 2.2724, 8.1144, 5.98, 4.094, 4.2964, 7.9304, 5.2348, 3.864, 1.7848, 1.3156, 3.7628, 1.7664, 6.21, 4.002, 3.6524, 2.1068, 4.3516, 5.106, 4.6828, 1.3432, 2.7508, 1.7112, 4.9588, 3.5328, 0.4508, 3.3212, 1.9044, 5.7592, 4.1032, 1.0488, 3.0084, 1.7296, 13.892, 0.3864],
      [0.2538, 0.9118, 1.1609, 4.1454, 3.055, 2.0915, 2.1949, 4.0514, 2.6743, 1.974, 0.9118, 0.6721, 1.9223, 0.9024, 3.1725, 2.0445, 1.8659, 1.0763, 2.2231, 2.6085, 2.3923, 0.6862, 1.4053, 0.8742, 2.5333, 1.8048, 0.2303, 1.6967, 0.9729, 2.9422, 2.0962, 0.5358, 1.5369, 0.8836, 7.097, 0.1974],
      [1.1502, 4.1322, 5.2611, 18.7866, 13.845, 9.4785, 9.9471, 18.3606, 12.1197, 8.946, 4.1322, 3.0459, 8.7117, 4.0896, 14.3775, 9.2655, 8.4561, 4.8777, 10.0749, 11.8215, 10.8417, 3.1098, 6.3687, 3.9618, 11.4807, 8.1792, 1.0437, 7.6893, 4.4091, 13.3338, 9.4998, 2.4282, 6.9651, 4.0044, 32.163, 0.8946],
      [0.4374, 1.5714, 2.0007, 7.1442, 5.265, 3.6045, 3.7827, 6.9822, 4.6089, 3.402, 1.5714, 1.1583, 3.3129, 1.5552, 5.4675, 3.5235, 3.2157, 1.8549, 3.8313, 4.4955, 4.1229, 1.1826, 2.4219, 1.5066, 4.3659, 3.1104, 0.3969, 2.9241, 1.6767, 5.0706, 3.6126, 0.9234, 2.6487, 1.5228, 12.231, 0.3402],
      [1.3662, 4.9082, 6.2491, 22.3146, 16.445, 11.2585, 11.8151, 21.8086, 14.3957, 10.626, 4.9082, 3.6179, 10.3477, 4.8576, 17.0775, 11.0055, 10.0441, 5.7937, 11.9669, 14.0415, 12.8777, 3.6938, 7.5647, 4.7058, 13.6367, 9.7152, 1.2397, 9.1333, 5.2371, 15.8378, 11.2838, 2.8842, 8.2731, 4.7564, 38.203, 1.0626],
      [49.4532, 177.6652, 226.2026, 807.7356, 595.27, 407.531, 427.6786, 789.4196, 521.0902, 384.636, 177.6652, 130.9594, 374.5622, 175.8336, 618.165, 398.373, 363.5726, 209.7182, 433.1734, 508.269, 466.1422, 133.7068, 273.8242, 170.3388, 493.6162, 351.6672, 44.8742, 330.6038, 189.5706, 573.2908, 408.4468, 104.4012, 299.4666, 172.1704, 1382.858, 38.4636],
      [0.837, 3.007, 3.8285, 13.671, 10.075, 6.8975, 7.2385, 13.361, 8.8195, 6.51, 3.007, 2.2165, 6.3395, 2.976, 10.4625, 6.7425, 6.1535, 3.5495, 7.3315, 8.6025, 7.8895, 2.263, 4.6345, 2.883, 8.3545, 5.952, 0.7595, 5.5955, 3.2085, 9.703, 6.913, 1.767, 5.0685, 2.914, 23.405, 0.651]
    ],
    [
      [2.3091, 1.2888, 0.6444, 23.1984, 9.0216, 4.8867, 5.6922, 17.9895, 4.1886, 2.2017, 1.7721, 5.2089, 1.9869, 1.074, 17.6673, 1.9869, 5.4237, 2.685, 4.3497, 1.9869, 2.3091, 1.5573, 2.8998, 1.1277, 5.3163, 3.0609, 1.2351, 2.4702, 2.9535, 8.3235, 1.2888, 1.3425, 5.6385, 1.3425, 15.7878, 0.8592],
      [2.4553, 1.3704, 0.6852, 24.6672, 9.5928, 5.1961, 6.0526, 19.1285, 4.4538, 2.3411, 1.8843, 5.5387, 2.1127, 1.142, 18.7859, 2.1127, 5.7671, 2.855, 4.6251, 2.1127, 2.4553, 1.6559, 3.0834, 1.1991, 5.6529, 3.2547, 1.3133, 2.6266, 3.1405, 8.8505, 1.3704, 1.4275, 5.9955, 1.4275, 16.7874, 0.9136],
      [1.9049, 1.0632, 0.5316, 19.1376, 7.4424, 4.0313, 4.6958, 14.8405, 3.4554, 1.8163, 1.4619, 4.2971, 1.6391, 0.886, 14.5747, 1.6391, 4.4743, 2.215, 3.5883, 1.6391, 1.9049, 1.2847, 2.3922, 0.9303, 4.3857, 2.5251, 1.0189, 2.0378, 2.4365, 6.8665, 1.0632, 1.1075, 4.6515, 1.1075, 13.0242, 0.7088],
      [4.3129, 2.4072, 1.2036, 43.3296, 16.8504, 9.1273, 10.6318, 33.6005, 7.8234, 4.1123, 3.3099, 9.7291, 3.7111, 2.006, 32.9987, 3.7111, 10.1303, 5.015, 8.1243, 3.7111, 4.3129, 2.9087, 5.4162, 2.1063, 9.9297, 5.7171, 2.3069, 4.6138, 5.5165, 15.5465, 2.4072, 2.5075, 10.5315, 2.5075, 29.4882, 1.6048],
      [22.4245, 12.516, 6.258, 225.288, 87.612, 47.4565, 55.279, 174.7025, 40.677, 21.3815, 17.2095, 50.5855, 19.2955, 10.43, 171.5735, 19.2955, 52.6715, 26.075, 42.2415, 19.2955, 22.4245, 15.1235, 28.161, 10.9515, 51.6285, 29.7255, 11.9945, 23.989, 28.6825, 80.8325, 12.516, 13.0375, 54.7575, 13.0375, 153.321, 8.344],
      [6.8026, 3.7968, 1.8984, 68.3424, 26.5776, 14.3962, 16.7692, 52.997, 12.3396, 6.4862, 5.2206, 15.3454, 5.8534, 3.164, 52.0478, 5.8534, 15.9782, 7.91, 12.8142, 5.8534, 6.8026, 4.5878, 8.5428, 3.3222, 15.6618, 9.0174, 3.6386, 7.2772, 8.701, 24.521, 3.7968, 3.955, 16.611, 3.955, 46.5108, 2.5312],
      [2.7907, 1.5576, 0.7788, 28.0368, 10.9032, 5.9059, 6.8794, 21.7415, 5.0622, 2.6609, 2.1417, 6.2953, 2.4013, 1.298, 21.3521, 2.4013, 6.5549, 3.245, 5.2569, 2.4013, 2.7907, 1.8821, 3.5046, 1.3629, 6.4251, 3.6993, 1.4927, 2.9854, 3.5695, 10.0595, 1.5576, 1.6225, 6.8145, 1.6225, 19.0806, 1.0384]
    ],
    [
      [0.858, 0.7722, 0.3432, 7.5933, 4.0755, 4.8048, 4.7619, 11.5401, 2.6169, 1.7589, 1.5444, 2.8314, 1.5873, 1.716, 9.2664, 3.003, 4.1613, 2.1879, 2.7027, 1.7589, 2.7456, 1.0725, 2.4453, 1.2441, 4.5045, 2.7027, 0.4719, 1.9734, 2.0163, 9.3093, 0.3861, 0.7722, 4.2042, 0.6864, 7.9794, 0.2574],
      [1.418, 1.2762, 0.5672, 12.5493, 6.7355, 7.9408, 7.8699, 19.0721, 4.3249, 2.9069, 2.5524, 4.6794, 2.6233, 2.836, 15.3144, 4.963, 6.8773, 3.6159, 4.4667, 2.9069, 4.5376, 1.7725, 4.0413, 2.0561, 7.4445, 4.4667, 0.7799, 3.2614, 3.3323, 15.3853, 0.6381, 1.2762, 6.9482, 1.1344, 13.1874, 0.4254],
      [1.362, 1.2258, 0.5448, 12.0537, 6.4695, 7.6272, 7.5591, 18.3189, 4.1541, 2.7921, 2.4516, 4.4946, 2.5197, 2.724, 14.7096, 4.767, 6.6057, 3.4731, 4.2903, 2.7921, 4.3584, 1.7025, 3.8817, 1.9749, 7.1505, 4.2903, 0.7491, 3.1326, 3.2007, 14.7777, 0.6129, 1.2258, 6.6738, 1.0896, 12.6666, 0.4086],
      [5.75, 5.175, 2.3, 50.8875, 27.3125, 32.2, 31.9125, 77.3375, 17.5375, 11.7875, 10.35, 18.975, 10.6375, 11.5, 62.1, 20.125, 27.8875, 14.6625, 18.1125, 11.7875, 18.4, 7.1875, 16.3875, 8.3375, 30.1875, 18.1125, 3.1625, 13.225, 13.5125, 62.3875, 2.5875, 5.175, 28.175, 4.6, 53.475, 1.725],
      [2.774, 2.4966, 1.1096, 24.5499, 13.1765, 15.5344, 15.3957, 37.3103, 8.4607, 5.6867, 4.9932, 9.1542, 5.1319, 5.548, 29.9592, 9.709, 13.4539, 7.0737, 8.7381, 5.6867, 8.8768, 3.4675, 7.9059, 4.0223, 14.5635, 8.7381, 1.5257, 6.3802, 6.5189, 30.0979, 1.2483, 2.4966, 13.5926, 2.2192, 25.7982, 0.8322],
      [6.32, 5.688, 2.528, 55.932, 30.02, 35.392, 35.076, 85.004, 19.276, 12.956, 11.376, 20.856, 11.692, 12.64, 68.256, 22.12, 30.652, 16.116, 19.908, 12.956, 20.224, 7.9, 18.012, 9.164, 33.18, 19.908, 3.476, 14.536, 14.852, 68.572, 2.844, 5.688, 30.968, 5.056, 58.776, 1.896],
      [1.518, 1.3662, 0.6072, 13.4343, 7.2105, 8.5008, 8.4249, 20.4171, 4.6299, 3.1119, 2.7324, 5.0094, 2.8083, 3.036, 16.3944, 5.313, 7.3623, 3.8709, 4.7817, 3.1119, 4.8576, 1.8975, 4.3263, 2.2011, 7.9695, 4.7817, 0.8349, 3.4914, 3.5673, 16.4703, 0.6831, 1.3662, 7.4382, 1.2144, 14.1174, 0.4554]
    ],
    [
      [0.8701, 1.3447, 0.2373, 10.0457, 6.0116, 3.955, 3.6386, 9.492, 2.2939, 1.8984, 1.3447, 2.6103, 1.4238, 2.373, 10.8367, 2.7685, 4.8251, 2.0566, 2.9267, 1.1074, 3.4013, 1.1074, 2.373, 1.9775, 5.9325, 1.9775, 1.2656, 2.0566, 1.3447, 5.9325, 0.791, 0.1582, 3.7177, 0, 8.8592, 0.1582],
      [1.3519, 2.0893, 0.3687, 15.6083, 9.3404, 6.145, 5.6534, 14.748, 3.5641, 2.9496, 2.0893, 4.0557, 2.2122, 3.687, 16.8373, 4.3015, 7.4969, 3.1954, 4.5473, 1.7206, 5.2847, 1.7206, 3.687, 3.0725, 9.2175, 3.0725, 1.9664, 3.1954, 2.0893, 9.2175, 1.229, 0.2458, 5.7763, 0, 13.7648, 0.2458],
      [0.9097, 1.4059, 0.2481, 10.5029, 6.2852, 4.135, 3.8042, 9.924, 2.3983, 1.9848, 1.4059, 2.7291, 1.4886, 2.481, 11.3299, 2.8945, 5.0447, 2.1502, 3.0599, 1.1578, 3.5561, 1.1578, 2.481, 2.0675, 6.2025, 2.0675, 1.3232, 2.1502, 1.4059, 6.2025, 0.827, 0.1654, 3.8869, 0, 9.2624, 0.1654],
      [1.6511, 2.5517, 0.4503, 19.0627, 11.4076, 7.505, 6.9046, 18.012, 4.3529, 3.6024, 2.5517, 4.9533, 2.7018, 4.503, 20.5637, 5.2535, 9.1561, 3.9026, 5.5537, 2.1014, 6.4543, 2.1014, 4.503, 3.7525, 11.2575, 3.7525, 2.4016, 3.9026, 2.5517, 11.2575, 1.501, 0.3002, 7.0547, 0, 16.8112, 0.3002],
      [1.6302, 2.5194, 0.4446, 18.8214, 11.2632, 7.41, 6.8172, 17.784, 4.2978, 3.5568, 2.5194, 4.8906, 2.6676, 4.446, 20.3034, 5.187, 9.0402, 3.8532, 5.4834, 2.0748, 6.3726, 2.0748, 4.446, 3.705, 11.115, 3.705, 2.3712, 3.8532, 2.5194, 11.115, 1.482, 0.2964, 6.9654, 0, 16.5984, 0.2964],
      [3.4331, 5.3057, 0.9363, 39.6367, 23.7196, 15.605, 14.3566, 37.452, 9.0509, 7.4904, 5.3057, 10.2993, 5.6178, 9.363, 42.7577, 10.9235, 19.0381, 8.1146, 11.5477, 4.3694, 13.4203, 4.3694, 9.363, 7.8025, 23.4075, 7.8025, 4.9936, 8.1146, 5.3057, 23.4075, 3.121, 0.6242, 14.6687, 0, 34.9552, 0.6242],
      [1.1528, 1.7816, 0.3144, 13.3096, 7.9648, 5.24, 4.8208, 12.576, 3.0392, 2.5152, 1.7816, 3.4584, 1.8864, 3.144, 14.3576, 3.668, 6.3928, 2.7248, 3.8776, 1.4672, 4.5064, 1.4672, 3.144, 2.62, 7.86, 2.62, 1.6768, 2.7248, 1.7816, 7.86, 1.048, 0.2096, 4.9256, 0, 11.7376, 0.2096]
    ],
    [
      [0.3171, 0.6795, 0.6342, 4.983, 3.0804, 2.8086, 2.6274, 4.3941, 2.718, 2.265, 1.0419, 0.7701, 1.9479, 1.8573, 6.1608, 2.2197, 2.8086, 1.1778, 3.3975, 2.7633, 3.3522, 0.8154, 1.1325, 0.906, 2.4462, 1.9479, 0.4077, 1.7667, 1.0419, 4.1676, 1.4043, 0.6795, 2.1744, 0.8154, 8.6976, 0.7248],
      [0.5089, 1.0905, 1.0178, 7.997, 4.9436, 4.5074, 4.2166, 7.0519, 4.362, 3.635, 1.6721, 1.2359, 3.1261, 2.9807, 9.8872, 3.5623, 4.5074, 1.8902, 5.4525, 4.4347, 5.3798, 1.3086, 1.8175, 1.454, 3.9258, 3.1261, 0.6543, 2.8353, 1.6721, 6.6884, 2.2537, 1.0905, 3.4896, 1.3086, 13.9584, 1.1632],
      [0.7742, 1.659, 1.5484, 12.166, 7.5208, 6.8572, 6.4148, 10.7282, 6.636, 5.53, 2.5438, 1.8802, 4.7558, 4.5346, 15.0416, 5.4194, 6.8572, 2.8756, 8.295, 6.7466, 8.1844, 1.9908, 2.765, 2.212, 5.9724, 4.7558, 0.9954, 4.3134, 2.5438, 10.1752, 3.4286, 1.659, 5.3088, 1.9908, 21.2352, 1.7696],
      [0.7049, 1.5105, 1.4098, 11.077, 6.8476, 6.2434, 5.8406, 9.7679, 6.042, 5.035, 2.3161, 1.7119, 4.3301, 4.1287, 13.6952, 4.9343, 6.2434, 2.6182, 7.5525, 6.1427, 7.4518, 1.8126, 2.5175, 2.014, 5.4378, 4.3301, 0.9063, 3.9273, 2.3161, 9.2644, 3.1217, 1.5105, 4.8336, 1.8126, 19.3344, 1.6112],
      [1.0206, 2.187, 2.0412, 16.038, 9.9144, 9.0396, 8.4564, 14.1426, 8.748, 7.29, 3.3534, 2.4786, 6.2694, 5.9778, 19.8288, 7.1442, 9.0396, 3.7908, 10.935, 8.8938, 10.7892, 2.6244, 3.645, 2.916, 7.8732, 6.2694, 1.3122, 5.6862, 3.3534, 13.4136, 4.5198, 2.187, 6.9984, 2.6244, 27.9936, 2.3328],
      [1.4693, 3.1485, 2.9386, 23.089, 14.2732, 13.0138, 12.1742, 20.3603, 12.594, 10.495, 4.8277, 3.5683, 9.0257, 8.6059, 28.5464, 10.2851, 13.0138, 5.4574, 15.7425, 12.8039, 15.5326, 3.7782, 5.2475, 4.198, 11.3346, 9.0257, 1.8891, 8.1861, 4.8277, 19.3108, 6.5069, 3.1485, 10.0752, 3.7782, 40.3008, 3.3584],
      [2.205, 4.725, 4.41, 34.65, 21.42, 19.53, 18.27, 30.555, 18.9, 15.75, 7.245, 5.355, 13.545, 12.915, 42.84, 15.435, 19.53, 8.19, 23.625, 19.215, 23.31, 5.67, 7.875, 6.3, 17.01, 13.545, 2.835, 12.285, 7.245, 28.98, 9.765, 4.725, 15.12, 5.67, 60.48, 5.04]
    ]
  ],
  "V_est": [
    [325.873, 160.2264, 81.6996, 173.182, 260.434, 208.215, 112.2378],
    [70.4767, 111.0683, 171.0247, 132.1089, 127.4539, 172.0488, 146.8187],
    [132.71, 67.7975, 307.2525, 116.8425, 364.9525, 13210.415, 223.5875],
    [173.0751, 184.0333, 142.7789, 323.2669, 1680.7945, 509.8786, 209.1727],
    [112.6554, 186.1834, 178.8306, 754.975, 364.2262, 829.816, 199.3134],
    [113.113, 175.747, 118.261, 214.643, 211.926, 446.303, 149.864],
    [81.1323, 130.2057, 198.0846, 180.3537, 261.1278, 375.9309, 564.165]
  ],
  "p_est": [
    [0.2465, 0.1212, 0.0618, 0.131, 0.197, 0.1575, 0.0849],
    [0.0757, 0.1193, 0.1837, 0.1419, 0.1369, 0.1848, 0.1577],
    [0.0092, 0.0047, 0.0213, 0.0081, 0.0253, 0.9158, 0.0155],
    [0.0537, 0.0571, 0.0443, 0.1003, 0.5215, 0.1582, 0.0649],
    [0.0429, 0.0709, 0.0681, 0.2875, 0.1387, 0.316, 0.0759],
    [0.0791, 0.1229, 0.0827, 0.1501, 0.1482, 0.3121, 0.1048],
    [0.0453, 0.0727, 0.1106, 0.1007, 0.1458, 0.2099, 0.315]
  ],
  "EI_Z": {},
  "EI_V": 13.2342,
  "MAE_Z": {},
  "MAE_V": 139.0836,
  "MAE_p": 0.0735,
  "runtime": 207.102
}
