{
  "Z_true": {},
  "V_true": [
    [36, 571, 196, 579],
    [1617, 271, 2927, 85],
    [664, 185, 9603, 257],
    [570, 14412, 2065, 493],
    [145, 419, 1528, 790],
    [175, 269, 517, 339]
  ],
  "p_true": [
    [0.026, 0.4132, 0.1418, 0.419],
    [0.33, 0.0553, 0.5973, 0.0173],
    [0.062, 0.0173, 0.8967, 0.024],
    [0.0325, 0.8217, 0.1177, 0.0281],
    [0.0503, 0.1454, 0.5302, 0.2741],
    [0.1346, 0.2069, 0.3977, 0.2608]
  ],
  "Z_est": [
    [
      [0.0253, 0, 0.0063, 0.0313, 0.023, 0.005, 0.0105, 0.011, 0.0251, 0.0042, 0.0366, 0.0118, 0.032, 0.0189, 0.0046, 0.0191, 0.0242, 0.0244, 0.0102, 0.0057, 0.0359, 0.0016, 0.0066, 0.0233, 0.0129, 0, 0.0014, 0.0315, 0.0176, 0.0269, 0.0025, 0.0139, 0.001, 0, 0.0304, 0.0034, 0.0226, 0.0078, 0.0293, 0.0429, 0.0178, 0.0153, 0.0185, 0.0204, 0.0091, 0.0516, 0, 0, 0.2996, 0.0208, 0.0718, 0.0187],
      [6.7068, 1.616, 2.5098, 10.7549, 6.201, 1.4395, 9.7095, 4.3237, 6.9128, 1.1906, 10.9773, 5.0482, 11.2629, 13.7098, 0.9924, 6.1258, 9.3746, 9.0534, 8.4067, 4.6465, 16.7452, 3.0919, 7.8639, 12.8046, 3.5878, 0.1866, 0.3815, 0.4215, 6.4328, 8.1616, 0.9295, 4.3229, 0.4637, 0, 8.4231, 1.2124, 6.9087, 1.819, 3.9265, 8.9129, 4.1833, 2.0429, 6.3236, 6.0884, 2.2663, 19.2905, 0, 0, 109.1841, 5.1147, 18.2443, 5.268],
      [2.184, 0.4003, 0.6578, 1.8441, 1.0574, 0.6105, 1.3919, 1.016, 2.5126, 0.314, 3.0779, 1.9019, 1.973, 2.3029, 0.2552, 1.1885, 1.9656, 1.7157, 1.8211, 1.0201, 3.8055, 1.176, 1.9611, 2.9306, 1.7559, 0.1652, 0.1188, 0.2111, 1.4671, 2.7366, 0.3552, 1.8481, 0.1129, 0, 4.216, 1.1517, 2.4943, 1.1277, 3.3057, 5.6866, 2.0384, 2.0368, 1.2348, 2.1743, 0.8793, 5.1398, 0, 0, 31.7475, 1.8692, 6.0332, 1.7396],
      [16.0839, 4.9837, 2.8261, 16.3697, 8.7186, 1.9451, 9.8882, 4.6492, 10.5495, 3.4912, 22.9082, 10.038, 12.7321, 19.9684, 2.7477, 8.6666, 20.6356, 16.2065, 19.762, 7.3277, 26.4134, 6.7305, 8.1683, 28.2415, 12.6434, 0.6482, 0.4982, 2.3359, 16.0825, 16.0749, 1.7127, 9.8151, 1.4224, 0, 21.3305, 5.6325, 23.5744, 6.0455, 17.7385, 32.3575, 13.7605, 9.905, 7.4231, 17.7169, 6.8453, 31.5181, 0, 0, 232.7688, 15.9953, 51.6507, 8.9737]
    ],
    [
      [42.1221, 9.2679, 17.3069, 40.0175, 34.5334, 18.2348, 18.7611, 52.3999, 93.6572, 14.6694, 38.7617, 9.7835, 18.4471, 31.3399, 9.7135, 41.4646, 40.8986, 18.715, 19.2512, 16.8027, 46.4147, 32.0698, 15.9929, 62.9083, 34.7257, 0, 0.3495, 0.7857, 51.6998, 91.0054, 26.7445, 67.8402, 10.7107, 0, 19.8104, 5.625, 13.2784, 11.2483, 12.2104, 18.7054, 33.9828, 16.7781, 15.6181, 19.1521, 26.8217, 67.0456, 5.6866, 8.7111, 608.0529, 69.8163, 212.101, 110.012],
      [8.5871, 0.5472, 5.6497, 13.1546, 9.3816, 4.4773, 11.0835, 17.0445, 21.268, 3.3688, 9.4346, 3.3566, 5.9412, 15.7804, 1.199, 11.0197, 13.8195, 6.2481, 9.0096, 8.4389, 17.4482, 16.0616, 7.9132, 25.7084, 8.4692, 0.3632, 0.1483, 0.2766, 16.7531, 22.7535, 8.0766, 18.0059, 4.107, 0, 4.9802, 1.5894, 3.8148, 2.4534, 1.6687, 3.659, 6.9402, 2.5075, 4.4884, 5.1582, 5.4971, 20.8269, 0.5387, 0.4871, 181.7908, 13.4562, 35.8057, 25.0604],
      [28.2609, 1.1778, 15.0434, 22.7931, 16.0251, 19.2878, 16.1352, 40.5556, 78.0748, 8.9618, 26.7764, 12.8535, 10.5991, 26.8492, 3.0814, 21.4921, 29.2659, 12.0247, 19.7252, 18.7373, 40.0983, 60.7901, 20.0939, 59.3534, 41.7465, 1.6362, 0.5015, 1.9326, 38.5471, 77.2052, 31.1788, 77.1425, 10.1627, 0, 25.2059, 14.7741, 13.9005, 15.2868, 14.1042, 23.6167, 34.0378, 23.6974, 8.8852, 18.6707, 21.6409, 56.0939, 3.7229, 2.7383, 533.7462, 49.6933, 119.0045, 83.9276],
      [0.0299, 0.0072, 0, 0.0348, 0.0599, 0, 0.0202, 0, 0, 0, 0.0273, 0.0064, 0.0125, 0.0305, 0.006, 0.0235, 0.016, 0.0123, 0.014, 0.0211, 0.0388, 0.0785, 0, 0.03, 0.0586, 0.0006, 0.0006, 0.0051, 0, 0.036, 0, 0.0114, 0.0196, 0, 0.0035, 0.0115, 0.0063, 0.0114, 0.0167, 0.0188, 0.0393, 0.0171, 0.0082, 0.019, 0.0403, 0.0336, 0.0518, 0.0634, 0.4101, 0.0341, 0.0888, 0]
    ],
    [
      [1.5897, 0.3249, 0.8199, 1.0728, 0.4983, 0.3404, 0.4435, 0.5012, 1.1366, 0.888, 1.4976, 0.3688, 0.5851, 0.7991, 0.5358, 1.3495, 1.2985, 0.8961, 0.5545, 0.3209, 1.2136, 0, 0.1688, 1.2324, 1.4369, 0, 0.0768, 0.061, 0.7775, 1.9852, 0.4804, 1.4244, 0.126, 0.3953, 1.3812, 0.2094, 0.8703, 0.8332, 1.1273, 2.0571, 1.6924, 1.205, 1.3002, 0.8274, 0.7526, 2.2413, 0.0792, 0.0252, 18.2806, 2.28, 4.7104, 1.2131],
      [2.3218, 0.8205, 1.3339, 2.4333, 0.9324, 0.2308, 2.2093, 1.0679, 1.7341, 1.3132, 2.4089, 0.8971, 1.3044, 3.1891, 1.0464, 2.546, 2.9961, 2.0836, 2.1449, 1.4235, 3.1514, 1.1508, 0.7346, 3.6947, 2.3919, 0.0033, 0, 0.0212, 1.6619, 3.2041, 0.9588, 2.6354, 0.3089, 0.6178, 2.6422, 2.8842, 1.3913, 1.4329, 2.6678, 4.5598, 2.5107, 3.6624, 2.5316, 1.3152, 0.9416, 4.5398, 0.0262, 0.0981, 36.2151, 3.1628, 7.2751, 1.8557],
      [205.4331, 23.7648, 98.9572, 103.5054, 40.1407, 26.0581, 76.2816, 68.107, 167.8454, 95.9941, 186.4231, 88.2568, 59.2291, 131.3237, 56.8785, 124.1955, 160.8764, 99.8853, 117.6624, 80.8506, 189.4803, 94.7441, 50.5541, 219.8315, 261.4432, 24.4201, 8.7142, 3.7726, 100.2646, 295.4868, 95.1743, 259.4405, 21.8121, 17.0894, 266.8917, 121.2796, 151.0053, 136.1546, 170.8353, 372.6418, 265.7627, 164.8689, 127.2926, 134.5082, 106.0197, 330.5379, 11.9394, 12.4541, 2857.1106, 313.9489, 596.4344, 168.3771],
      [11.6554, 2.0899, 2.8891, 6.9884, 2.4286, 0.3708, 4.0656, 2.324, 5.2839, 7.8047, 10.6704, 3.4773, 2.8815, 8.6881, 4.5393, 6.909, 12.829, 7.135, 9.6383, 4.4051, 10.1547, 4.1051, 1.5426, 16.2413, 14.728, 0.5765, 0.2089, 0.1452, 8.296, 13.324, 3.3866, 10.4997, 1.753, 0.8975, 10.0849, 4.6268, 10.7331, 5.5793, 7.3696, 16.7414, 14.0341, 6.2637, 5.8756, 8.3492, 6.2862, 15.681, 0.9551, 0.4226, 163.3938, 20.6083, 39.58, 6.554]
    ],
    [
      [14.3487, 5.0381, 5.1205, 9.5152, 4.6711, 3.5846, 4.3586, 8.1369, 22.2146, 5.1935, 12.1874, 3.3865, 7.5077, 8.8585, 5.5597, 16.612, 13.8835, 8.9343, 7.0492, 3.9861, 12.6128, 2.59, 2.1294, 14.1337, 6.1889, 0, 0.306, 0.1077, 9.4191, 12.7539, 4.7727, 12.2141, 1.6443, 0.0297, 5.8413, 2.4356, 3.8842, 3.3125, 7.7556, 12.2636, 10.4817, 9.3733, 5.4168, 6.283, 4.516, 20.3212, 1.0142, 1.8153, 135.9355, 13.6228, 47.5437, 12.2548],
      [286.3314, 43.6519, 163.051, 283.593, 115.6224, 84.5123, 284.8679, 246.943, 475.0367, 116.6785, 285.1665, 113.8984, 224.7287, 459.2635, 82.7537, 416.3173, 436.9484, 278.4059, 351.5333, 226.5976, 454.7725, 214.4713, 118.3245, 569.3563, 142.7173, 5.3648, 10.3749, 3.2583, 283.8466, 303.2302, 137.0899, 300.8424, 62.8676, 5.6068, 139.4504, 66.7514, 107.895, 68.6053, 99.5369, 225.5032, 201.7406, 121.3569, 149.6889, 161.2832, 90.3307, 597.1615, 12.4092, 14.3811, 3840.7193, 254.1124, 803.5626, 267.3898],
      [44.6352, 4.9183, 20.8285, 20.6993, 8.1455, 16.9031, 15.7614, 27.7618, 83.453, 14.7367, 38.1898, 20.2392, 16.9221, 33.094, 10.0775, 35.4778, 42.5801, 23.5134, 36.141, 23.3892, 48.7654, 38.693, 14.5457, 62.2691, 32.8594, 1.6108, 1.2314, 0.6075, 30.7578, 48.7259, 24.7203, 60.5943, 7.0747, 0.3175, 33.0496, 28.0799, 18.5417, 19.5646, 38.4763, 67.1907, 46.1224, 52.9087, 13.4167, 27.3353, 16.4689, 76.3774, 3.2937, 3.5717, 537.7795, 44.5538, 128.9037, 42.5653],
      [1.6847, 0.3918, 0, 1.1925, 0.561, 0, 1.012, 0.1583, 0.2957, 0.3913, 1.4562, 0.4759, 0.8415, 1.7841, 0.6091, 1.5929, 1.588, 1.1465, 1.2765, 1.0271, 1.8493, 1.2456, 0.0005, 2.2409, 1.2344, 0.0244, 0.0876, 0.0264, 0.9766, 1.29, 0.4172, 1.3492, 0.4134, 0.0461, 0.6588, 0.7331, 0.6791, 0.5176, 1.2312, 2.0425, 1.6553, 1.3611, 0.4777, 1.0986, 0.6843, 2.1399, 0.2829, 0.2319, 18.5657, 1.711, 4.9899, 0.7901]
    ],
    [
      [0.0338, 0, 0.0178, 0.0524, 0.0183, 0.0065, 0.0048, 0.0139, 0.0201, 0.0295, 0.0316, 0.008, 0.0211, 0.0161, 0, 0.0274, 0.0231, 0.0241, 0.0074, 0.0041, 0.038, 0, 0.002, 0.0267, 0.0287, 0, 0, 0.014, 0.0316, 0.0349, 0.012, 0.0335, 0.0018, 0.0463, 0.0526, 0.0035, 0.0475, 0.025, 0.0622, 0.093, 0.065, 0.1259, 0.0368, 0.0249, 0.0182, 0.0836, 0.0005, 0.0005, 0.4628, 0.0383, 0.0548, 0.0135],
      [1.3013, 0.2579, 0.7812, 1.9971, 0.6076, 0.1865, 0.498, 0.6569, 0.6932, 0.8856, 1.1876, 0.4233, 0.9304, 1.5526, 0.4073, 1.0848, 1.109, 1.0928, 0.7983, 0.7995, 2.2727, 0.3541, 0.529, 2.0755, 0.8003, 0.0336, 0, 0.0224, 1.3157, 1.2964, 0.4923, 1.103, 0.1008, 2.7992, 1.38, 0.4044, 1.3576, 0.4275, 0.7882, 1.7938, 1.4247, 1.1418, 1.3968, 0.8089, 0.516, 3.7825, 0.0084, 0.0142, 21.3792, 1.3785, 3.2457, 0.4852],
      [39.772, 5.782, 19.446, 31.8208, 9.8561, 7.5193, 6.7773, 14.5387, 23.5905, 22.0827, 31.3363, 15.0683, 15.4116, 24.3388, 9.7001, 19.6615, 21.733, 19.4119, 16.1336, 16.4457, 48.3119, 12.5606, 12.5087, 44.225, 36.1809, 3.351, 0, 1.4761, 28.0024, 40.816, 17.6754, 43.539, 2.3492, 4.1831, 62.3933, 23.9873, 46.9806, 23.4302, 46.0672, 93.4524, 62.9649, 56.8775, 25.7093, 27.3845, 19.0391, 94.5048, 0.5639, 0.7907, 580.8648, 47.2128, 99.2573, 15.0491],
      [16.8929, 3.9601, 4.755, 16.1297, 4.518, 1.2877, 2.7199, 3.7905, 5.6963, 14.0023, 13.4445, 4.5004, 5.6369, 12.0925, 5.8926, 8.2263, 13.1349, 10.4711, 10.0607, 6.7507, 19.3775, 4.0854, 2.9603, 24.6729, 14.9901, 0.6154, 0, 0.4874, 17.6503, 13.8527, 4.8202, 13.3245, 1.5483, 0.9714, 18.1741, 6.6048, 25.6143, 7.1174, 14.0824, 30.6607, 24.5454, 15.8548, 8.8571, 12.7817, 8.4268, 33.6291, 0.4272, 0.1946, 248.2932, 23.3704, 49.4422, 4.4522]
    ],
    [
      [4.8804, 2.3692, 2.7287, 4.3106, 1.2559, 0.8287, 1.4216, 3.9371, 7.9465, 3.2154, 4.485, 1.4414, 3.407, 3.9674, 6.1863, 4.5273, 6.8721, 4.4061, 3.1275, 2.8805, 5.6851, 2.3386, 1.7003, 7.6756, 5.6068, 0, 0.2662, 0, 4.0544, 7.1938, 1.9879, 5.4739, 0.5163, 0.5287, 5.8842, 0.7231, 2.897, 1.5731, 3.8152, 3.838, 7.7603, 2.5025, 2.6096, 1.6922, 2.8824, 10.2566, 0.2195, 0.4479, 69.9686, 12.2218, 30.5182, 5.488],
      [0.7516, 0.1065, 0.6744, 1.067, 0.2551, 0.1536, 0.6318, 0.9639, 1.3551, 0.5633, 0.8251, 0.3764, 0.8324, 1.5046, 0.6012, 0.9063, 1.7524, 1.1162, 1.1072, 1.094, 1.61, 0.8704, 0.6348, 2.3605, 1.0335, 0.0485, 0.0952, 0, 0.9899, 1.3544, 0.4529, 1.0904, 0.1519, 0.9763, 1.124, 0.1582, 0.6326, 0.2618, 0.4119, 0.5712, 1.2005, 0.2885, 0.5707, 0.3462, 0.4484, 2.3988, 0.0175, 0.0194, 15.7115, 1.7753, 3.8666, 0.9408],
      [9.7147, 0.9569, 7.0671, 7.3373, 1.7751, 2.6213, 3.6525, 9.021, 19.5237, 5.9107, 9.1964, 5.6802, 5.865, 10.0915, 6.0072, 6.9847, 14.579, 8.4491, 9.5166, 9.5571, 14.5386, 13.0362, 6.3366, 21.3903, 20.0141, 0.8166, 1.434, 0, 8.9611, 18.0294, 6.896, 18.4355, 1.4884, 0.4101, 22.2436, 5.7275, 9.0775, 6.4361, 13.2113, 14.4117, 23.0738, 10.6107, 4.4615, 4.927, 6.9521, 25.3461, 0.4801, 0.4452, 180.7515, 25.722, 50.3669, 12.3412],
      [3.6532, 0.5674, 1.5298, 3.285, 0.7139, 0.3965, 1.294, 2.078, 4.1747, 3.3106, 3.4934, 1.502, 1.8955, 4.4364, 3.2052, 2.5817, 7.7965, 4.0286, 5.2487, 3.4684, 5.1662, 3.7548, 1.3283, 10.5735, 7.3456, 0.1349, 0.2046, 0, 4.9946, 5.4224, 1.6632, 5.0001, 0.8434, 0.0849, 5.7482, 1.3913, 4.3928, 1.7289, 3.5616, 4.179, 7.9653, 2.5984, 1.3582, 2.0347, 2.7172, 7.9984, 0.2829, 0.0875, 68.5684, 11.2809, 22.2483, 3.23]
    ]
  ],
  "V_est": [
    [1.1846, 405.5641, 120.7298, 854.5215],
    [2302.0516, 645.6176, 1950.856, 1.4748],
    [66.2851, 134.6848, 9961.9593, 546.0708],
    [553.1201, 14809.9032, 2108.4396, 68.5372],
    [1.838, 72.1793, 1992.1353, 815.8475],
    [282.5206, 59.0511, 701.8801, 256.5483]
  ],
  "p_est": [
    [0.0009, 0.2935, 0.0874, 0.6183],
    [0.4698, 0.1318, 0.3981, 0.0003],
    [0.0062, 0.0126, 0.9302, 0.051],
    [0.0315, 0.8444, 0.1202, 0.0039],
    [0.0006, 0.025, 0.6912, 0.2831],
    [0.2173, 0.0454, 0.5399, 0.1973]
  ],
  "EI_Z": {},
  "EI_V": 8.2839,
  "MAE_Z": {},
  "MAE_V": 267.2456,
  "MAE_p": 0.0747,
  "runtime": 0.029
}
