{
  "Z_true": {},
  "V_true": [
    [472, 141, 506, 345, 305],
    [2422, 165, 424, 150, 61],
    [98, 6388, 214, 132, 87],
    [146, 204, 7433, 200, 190],
    [245, 506, 438, 9018, 184],
    [310, 677, 812, 602, 383]
  ],
  "p_true": [
    [0.2668, 0.0797, 0.286, 0.195, 0.1724],
    [0.7517, 0.0512, 0.1316, 0.0466, 0.0189],
    [0.0142, 0.9233, 0.0309, 0.0191, 0.0126],
    [0.0179, 0.025, 0.9095, 0.0245, 0.0232],
    [0.0236, 0.0487, 0.0422, 0.8679, 0.0177],
    [0.1114, 0.2432, 0.2917, 0.2162, 0.1376]
  ],
  "Z_est": {},
  "V_est": [
    [791.0967, 196.3065, 756.9658, 0, 24.631],
    [2519.5405, 702.4595, 0, 0, 0],
    [0, 6919, 0, 0, 0],
    [0, 0, 7973.2543, 199.7457, 0],
    [0, 263.2341, 574.9985, 9320.3108, 232.4567],
    [382.3627, 0, 521.7814, 926.9435, 952.9123]
  ],
  "p_est": [
    [0.4472, 0.111, 0.4279, 0, 0.0139],
    [0.782, 0.218, 0, 0, 0],
    [0, 1, 0, 0, 0],
    [0, 0, 0.9756, 0.0244, 0],
    [0, 0.0253, 0.0553, 0.897, 0.0224],
    [0.1373, 0, 0.1874, 0.333, 0.3423]
  ],
  "EI_Z": {},
  "EI_V": 11.3856,
  "MAE_Z": {},
  "MAE_V": 252.4405,
  "MAE_p": 0.0725,
  "runtime": 0.0373
}
