{
  "Z_true": {},
  "V_true": [
    [54, 789, 20, 134, 3059, 102],
    [276, 22, 1035, 1977, 168, 42],
    [473, 267, 1365, 12661, 2148, 460],
    [88, 445, 58, 174, 13212, 367],
    [602, 73, 117, 522, 615, 909]
  ],
  "p_true": [
    [0.013, 0.1898, 0.0048, 0.0322, 0.7357, 0.0245],
    [0.0784, 0.0062, 0.294, 0.5616, 0.0477, 0.0119],
    [0.0272, 0.0154, 0.0786, 0.7287, 0.1236, 0.0265],
    [0.0061, 0.031, 0.004, 0.0121, 0.9211, 0.0256],
    [0.2121, 0.0257, 0.0412, 0.1839, 0.2167, 0.3203]
  ],
  "Z_est": {},
  "V_est": [
    [0, 0, 0, 0, 4158, 0],
    [826.0158, 0, 1426.0877, 1267.8965, 0, 0],
    [506.2368, 508.3037, 544.2823, 14200.1035, 1451.5719, 163.5018],
    [0, 751.5719, 0, 0, 13592.4281, 0],
    [160.7475, 336.1244, 624.6299, 0, 0, 1716.4982]
  ],
  "p_est": [
    [0, 0, 0, 0, 1, 0],
    [0.2347, 0, 0.4051, 0.3602, 0, 0],
    [0.0291, 0.0293, 0.0313, 0.8173, 0.0835, 0.0094],
    [0, 0.0524, 0, 0, 0.9476, 0],
    [0.0566, 0.1184, 0.2201, 0, 0, 0.6048]
  ],
  "EI_Z": {},
  "EI_V": 14.4883,
  "MAE_Z": {},
  "MAE_V": 407.9333,
  "MAE_p": 0.0827,
  "runtime": 0.0354
}
