{
  "X": [
    [6, 28, 52, 136, 10],
    [2, 12, 13, 57, 3],
    [6, 8, 24, 63, 8],
    [92, 92, 299, 1122, 81],
    [32, 45, 91, 466, 49],
    [80, 150, 255, 979, 50],
    [63, 151, 228, 1148, 47],
    [88, 138, 199, 945, 47],
    [61, 98, 310, 1177, 101],
    [59, 102, 207, 733, 46],
    [62, 94, 153, 662, 30],
    [0, 4, 7, 42, 5],
    [2, 3, 14, 20, 4],
    [12, 24, 124, 148, 18],
    [16, 66, 232, 318, 32],
    [13, 9, 57, 112, 8],
    [73, 81, 337, 612, 58],
    [71, 122, 465, 873, 89],
    [63, 69, 140, 436, 24],
    [20, 33, 50, 249, 14],
    [16, 46, 47, 258, 14],
    [4, 14, 30, 110, 8],
    [49, 103, 193, 810, 56],
    [2, 5, 9, 19, 1],
    [0, 5, 5, 38, 2],
    [1, 14, 20, 35, 2],
    [48, 78, 157, 661, 37],
    [29, 44, 59, 235, 19],
    [0, 5, 31, 46, 9],
    [15, 44, 150, 281, 21],
    [2, 7, 14, 42, 0],
    [90, 133, 281, 1094, 50],
    [90, 169, 331, 1163, 50],
    [102, 205, 344, 1012, 45],
    [56, 52, 219, 563, 42],
    [0, 1, 10, 20, 5],
    [141, 193, 472, 2124, 135],
    [7, 11, 18, 72, 2],
    [18, 25, 60, 241, 16],
    [22, 32, 182, 249, 17],
    [10, 29, 69, 215, 12],
    [87, 239, 442, 1280, 95],
    [4, 49, 53, 228, 7]
  ],
  "W": [
    [5, 30, 44, 135, 7, 11],
    [0, 8, 14, 62, 1, 2],
    [0, 10, 23, 71, 3, 2],
    [55, 98, 272, 1133, 53, 75],
    [21, 36, 100, 482, 22, 22],
    [71, 137, 224, 933, 75, 74],
    [54, 146, 197, 1122, 71, 47],
    [62, 116, 182, 920, 88, 49],
    [52, 104, 276, 1184, 53, 78],
    [46, 73, 170, 730, 81, 47],
    [51, 83, 118, 652, 63, 34],
    [1, 10, 5, 39, 0, 3],
    [0, 5, 15, 19, 3, 1],
    [7, 29, 105, 146, 25, 14],
    [11, 55, 206, 303, 51, 38],
    [10, 15, 45, 105, 15, 9],
    [44, 61, 311, 651, 62, 32],
    [48, 107, 432, 875, 95, 63],
    [47, 57, 124, 456, 30, 18],
    [21, 52, 32, 237, 7, 17],
    [20, 41, 41, 259, 9, 11],
    [6, 18, 19, 109, 8, 6],
    [32, 98, 181, 813, 44, 43],
    [1, 1, 13, 19, 0, 2],
    [3, 4, 6, 31, 5, 1],
    [3, 11, 19, 34, 2, 3],
    [31, 80, 149, 645, 36, 40],
    [24, 45, 51, 238, 18, 10],
    [1, 4, 33, 48, 1, 4],
    [14, 32, 144, 272, 28, 21],
    [3, 8, 11, 39, 4, 0],
    [63, 134, 250, 1092, 65, 44],
    [79, 171, 264, 1143, 83, 63],
    [76, 186, 278, 985, 126, 57],
    [48, 45, 200, 575, 40, 24],
    [0, 3, 6, 22, 4, 1],
    [128, 194, 397, 2039, 212, 95],
    [4, 9, 16, 71, 7, 3],
    [14, 19, 47, 247, 16, 17],
    [19, 30, 154, 250, 26, 23],
    [2, 25, 61, 205, 28, 14],
    [62, 207, 404, 1320, 71, 79],
    [4, 61, 38, 216, 8, 14]
  ],
  "method": "mvn_pdf",
  "cond_prob": [
    [
      [0.50848649241, 0.044471698318, 0.035042273752, 0.4119754491, 2.4086417344e-05],
      [3.841186693e-05, 0.66322384227, 0.12618662053, 0.20999651986, 0.00055460546902],
      [0.0010036539278, 0.035730365417, 0.89602830911, 0.0086483628677, 0.058589308678],
      [0.023186231519, 0.03414788907, 0.0075294636409, 0.88512567413, 0.050010741641],
      [0.039118333234, 0.1079744097, 0.43654130084, 0.41200773346, 0.0043582227697],
      [0.00075316557781, 0.085727660865, 0.41287979246, 0.44397082281, 0.056668558285]
    ],
    [
      [0.55665023121, 0.073135002094, 0.015911012465, 0.35429075365, 1.3000580555e-05],
      [2.3542622501e-05, 0.84098540984, 0.039601313264, 0.11918996482, 0.00019976945387],
      [0.0015449422868, 0.10296274745, 0.82809677904, 0.012292598198, 0.05510293302],
      [0.031124900014, 0.051794494187, 0.0048360005895, 0.87769554214, 0.034549063065],
      [0.046597758461, 0.2345570439, 0.26624286481, 0.44958380656, 0.0030185262695],
      [0.00092045383753, 0.1924112867, 0.26187984298, 0.50383824359, 0.0409501729]
    ],
    [
      [0.85877042512, 0.0086174226438, 0.0098801103142, 0.12271868086, 1.3361054861e-05],
      [0.00021028461148, 0.57921356986, 0.1558558821, 0.26341320532, 0.0013070581007],
      [0.0039640517712, 0.021751862811, 0.86335172513, 0.007780195982, 0.10315216431],
      [0.076300426668, 0.019744916525, 0.00839771612, 0.81977182687, 0.075785113818],
      [0.16099433988, 0.064875458647, 0.39387231957, 0.37281045169, 0.0074474302115],
      [0.0032053250564, 0.055528003751, 0.40324834891, 0.43234618818, 0.1056721341]
    ],
    [
      [0.66219433649, 0.018933240596, 0.017280454517, 0.30157461496, 1.7353438229e-05],
      [0.00010982613834, 0.55707184939, 0.12551575602, 0.31648584301, 0.00081672543395],
      [0.0029159802539, 0.031266166961, 0.86639751624, 0.013275124212, 0.086145212338],
      [0.044093912052, 0.017145938769, 0.0065010059792, 0.8861974913, 0.046061651899],
      [0.088417947874, 0.074028996393, 0.34025274439, 0.49222929347, 0.0050710178718],
      [0.001744644131, 0.060151302389, 0.32919828358, 0.54182719439, 0.067078575516]
    ],
    [
      [0.61103728395, 0.027175526019, 0.012281552696, 0.34947366813, 3.1969204012e-05],
      [7.879124793e-05, 0.63910656951, 0.070584273817, 0.289043334, 0.00118703142],
      [0.0031221319312, 0.053027443581, 0.73769709989, 0.018083115016, 0.18807020958],
      [0.035403370259, 0.024952017783, 0.0089948091215, 0.87378594917, 0.056863853664],
      [0.079829452481, 0.10551083768, 0.24043894676, 0.56496055118, 0.0092602119031],
      [0.0014770427128, 0.080482822405, 0.21846312371, 0.58423735529, 0.11533965588]
    ],
    [
      [0.59105469551, 0.034451121892, 0.018059471904, 0.35641996723, 1.4743464602e-05],
      [6.4545834745e-05, 0.66720258944, 0.086249467862, 0.24602700504, 0.00045639182676],
      [0.0024738564614, 0.054015241416, 0.85913448078, 0.014896694935, 0.069479726405],
      [0.034559733251, 0.030300177084, 0.004609871472, 0.8979107441, 0.032619474092],
      [0.068370488567, 0.11663395216, 0.30764069929, 0.50362565926, 0.0037292007269],
      [0.0013528679309, 0.095002565996, 0.29839748881, 0.55579694974, 0.049450127518]
    ],
    [
      [0.53393498973, 0.036575341829, 0.020755429065, 0.40871897462, 1.5264751061e-05],
      [5.3574922225e-05, 0.64965439923, 0.090970497742, 0.25888799504, 0.0004335330649],
      [0.001967774232, 0.05042739382, 0.86936196257, 0.015021531546, 0.06322133783],
      [0.026563732732, 0.02871312878, 0.0050802595389, 0.91102013545, 0.028622743495],
      [0.055166116093, 0.11047685049, 0.31562918007, 0.51528328347, 0.0034445698688],
      [0.0010794622117, 0.088961825427, 0.30262733076, 0.56218258029, 0.045148801309]
    ],
    [
      [0.64792666469, 0.030942595632, 0.012995801627, 0.30812228559, 1.2652464153e-05],
      [8.0738802701e-05, 0.68550389801, 0.070922386648, 0.24304547381, 0.00044750272651],
      [0.0036466893609, 0.06534024995, 0.83337711975, 0.017340560126, 0.080295380815],
      [0.042630362871, 0.031106580134, 0.0025368432219, 0.89168691711, 0.032039296665],
      [0.089176530104, 0.1247881996, 0.26362262369, 0.51860154062, 0.0038111059823],
      [0.0017962272195, 0.10350543107, 0.26040695928, 0.58282167499, 0.05146970744]
    ],
    [
      [0.5335603244, 0.027081796928, 0.026802984439, 0.41252416104, 3.0733186737e-05],
      [6.2220432149e-05, 0.55872113082, 0.13654923825, 0.30365284505, 0.0010145654441],
      [0.0015087032785, 0.028641926985, 0.86048913682, 0.011632535261, 0.097727697651],
      [0.0253634747, 0.018523960038, 0.0079597956321, 0.89137846668, 0.056774302953],
      [0.051438747101, 0.076318519051, 0.38050306846, 0.48526619716, 0.0064734682365],
      [0.00096644179317, 0.059004191179, 0.35024437963, 0.5082955771, 0.0814894103]
    ],
    [
      [0.59589732787, 0.04046717126, 0.023124774166, 0.34049248057, 1.8246130704e-05],
      [5.7255766107e-05, 0.69443720544, 0.09757150976, 0.20743537447, 0.00049865455901],
      [0.0019578623797, 0.049992575446, 0.86907168483, 0.011204469206, 0.067773408139],
      [0.035709973849, 0.035475712193, 0.0069890076647, 0.87874139512, 0.043083911174],
      [0.063267859398, 0.12623103158, 0.36336385485, 0.44288668329, 0.0042505708864],
      [0.0012495557714, 0.10263559234, 0.35184906207, 0.48797370232, 0.056292087505]
    ],
    [
      [0.620644643, 0.033756807722, 0.021197985607, 0.32438682848, 1.3735192649e-05],
      [6.8658165183e-05, 0.66839754971, 0.10321255693, 0.22788840178, 0.00043283341113],
      [0.0022494607488, 0.046102030762, 0.88348854031, 0.011792188033, 0.056367780145],
      [0.039215675785, 0.032286345245, 0.0069479539378, 0.88853717643, 0.033012848605],
      [0.070780899581, 0.11327168653, 0.3587033512, 0.45380276343, 0.0034412992641],
      [0.0014167919342, 0.093369211737, 0.3521245782, 0.50688950251, 0.046199915616]
    ],
    [
      [0, 0.018250689553, 0.02925244049, 0.95240328016, 9.3589796538e-05],
      [0, 0.38420048832, 0.15246757417, 0.46041473078, 0.0029172067292],
      [0, 0.012202100068, 0.78070797908, 0.011225607828, 0.19586431302],
      [0, 0, 0.018193261333, 0.89270328696, 0.089103451706],
      [0.017153728971, 0.039300580275, 0.35521251569, 0.57338039148, 0.014952783581],
      [0, 0.026244642297, 0.27766491015, 0.5239643938, 0.17212605376]
    ],
    [
      [0.91060303397, 0.0030223287243, 0.0034457743511, 0.082920286034, 8.5769239173e-06],
      [0.00020902575876, 0.48884523799, 0.12065782712, 0.38843472096, 0.0018531881704],
      [0.0042671952537, 0.018916522277, 0.78813858432, 0.01207998042, 0.17659771773],
      [0.076112940831, 0.0050485197165, 0.025798154755, 0.83104723382, 0.06199315088],
      [0.1620060477, 0.046195031315, 0.27264691294, 0.50947850848, 0.0096734995628],
      [0.0027829235212, 0.037519007337, 0.26652642043, 0.5582937209, 0.13487792781]
    ],
    [
      [0.63306364241, 0.025317054236, 0.039707187561, 0.30188385706, 2.825872979e-05],
      [7.1936557763e-05, 0.55625050008, 0.21234962212, 0.23035390846, 0.00097403278887],
      [0.0011654480541, 0.018740309669, 0.91073100829, 0.0058813334141, 0.063481900573],
      [0.041613668662, 0.022476549834, 0.008843958202, 0.85764608784, 0.069419735462],
      [0.054155988835, 0.067556913095, 0.53927718152, 0.3333639406, 0.0056459759567],
      [0.00104292513, 0.0538060357, 0.51171480998, 0.35989873623, 0.073537492963]
    ],
    [
      [0.52680563074, 0.047083604544, 0.036494103395, 0.38959032442, 2.6336903656e-05],
      [4.1285253632e-05, 0.67452025475, 0.12807523462, 0.1967649541, 0.00059827127386],
      [0.0010985190289, 0.037633889372, 0.88950349245, 0.0082644895177, 0.063499609636],
      [0.02564242167, 0.037503565284, 0.0082665217583, 0.87482198149, 0.053765509802],
      [0.042658562687, 0.11405617375, 0.44593947801, 0.3925777614, 0.0047680241552],
      [0.00082452604761, 0.090801052254, 0.4228694222, 0.42361639194, 0.061888607558]
    ],
    [
      [0.67907111645, 0.013325556893, 0.025562856271, 0.28202505618, 1.5414215143e-05],
      [0.0001161282102, 0.45654315202, 0.21182370154, 0.33069950325, 0.00081751497904],
      [0.001859126878, 0.015085991464, 0.92168199588, 0.0083302133782, 0.053042672402],
      [0.047446899028, 0.0027685483652, 0.010309894196, 0.89138011362, 0.048094544787],
      [0.075242263388, 0.046923864933, 0.46330647473, 0.41046125623, 0.0040661407189],
      [0.001480872676, 0.038352442512, 0.45102112091, 0.4547296126, 0.054415951301]
    ],
    [
      [0.71280974027, 0.026448537432, 0.024449332717, 0.23627501144, 1.7378142753e-05],
      [9.7111981187e-05, 0.6469875089, 0.1471677459, 0.20507026022, 0.00067737299525],
      [0.0022696386672, 0.031851306861, 0.89531897465, 0.0075702620943, 0.062989817727],
      [0.054370549095, 0.033630791983, 0.0096245224517, 0.84705560656, 0.055318529914],
      [0.088262132236, 0.096665915676, 0.45050391141, 0.35982107172, 0.0047469689569],
      [0.0017846972527, 0.08054179759, 0.44706216002, 0.40619236868, 0.064418976451]
    ],
    [
      [0.62160904886, 0.030358746434, 0.026260995818, 0.32174723655, 2.3972333619e-05],
      [7.2370444739e-05, 0.62791584115, 0.13400731575, 0.23721140971, 0.00079306293522],
      [0.001823498381, 0.033426627295, 0.87590316533, 0.0094419059451, 0.079404803049],
      [0.038844037888, 0.02869351936, 0.0078985400725, 0.86802037632, 0.056543526363],
      [0.066289564437, 0.094937883607, 0.41334258782, 0.4198259611, 0.0056040030419],
      [0.001289348295, 0.076024663402, 0.39415481883, 0.45546528344, 0.073065886035]
    ],
    [
      [0.72218844033, 0.02880659633, 0.01837999059, 0.2306140605, 1.0912250572e-05],
      [9.5836974419e-05, 0.69482876361, 0.10863501423, 0.19602375433, 0.00041663085191],
      [0.0029866792756, 0.045410365479, 0.89019928953, 0.0096467452095, 0.05175692051],
      [0.056227605993, 0.037327196856, 0.008871879964, 0.86113866058, 0.036434656605],
      [0.10013642544, 0.11863930828, 0.38272643111, 0.39514307619, 0.0033547589788],
      [0.0020806261675, 0.10164356182, 0.39065902961, 0.45878151343, 0.046835268964]
    ],
    [
      [0.57429779345, 0.021688795552, 0.028952241131, 0.37504068937, 2.0480506015e-05],
      [7.3635712447e-05, 0.51666222154, 0.16943239115, 0.3130635029, 0.00076824869282],
      [0.0014644623111, 0.021544237826, 0.9060081469, 0.0098236300652, 0.061159522895],
      [0.031590076373, 0.015618140213, 0.007135304761, 0.89926261151, 0.046393867143],
      [0.054884278128, 0.062666136405, 0.42822432087, 0.44981202808, 0.0044132365144],
      [0.0010597905462, 0.049913057491, 0.4059188483, 0.48568024036, 0.057428063307]
    ],
    [
      [0.49479687616, 0.05534383853, 0.024770643755, 0.42506803617, 2.0605390477e-05],
      [3.4888861981e-05, 0.72694545242, 0.078973320248, 0.19362436245, 0.0004219760237],
      [0.0014048731278, 0.060798290854, 0.85738808303, 0.012304561557, 0.068104191428],
      [0.021783248598, 0.038508332634, 0.0060823746125, 0.89282798754, 0.040798056614],
      [0.04375857727, 0.14738417282, 0.33583223499, 0.46894120049, 0.0040838144386],
      [0.00084942300398, 0.11777400434, 0.31963131372, 0.50842125588, 0.053324003064]
    ],
    [
      [0.42489002697, 0.036689751893, 0.058750533961, 0.47963481572, 3.48714574e-05],
      [3.185207208e-05, 0.54687832534, 0.21118822652, 0.24110943371, 0.00079216236185],
      [0.00049833714538, 0.017470287919, 0.92595770249, 0.0059383677871, 0.050135304654],
      [0.01142778921, 0.025424627609, 0.0067143946791, 0.89553709788, 0.060896090625],
      [0.024030122806, 0.065616840227, 0.55397705903, 0.35173375892, 0.0046422190181],
      [0.00045801478737, 0.051316171818, 0.51487114653, 0.37366309518, 0.059691571682]
    ],
    [
      [0.58516087324, 0.031568840655, 0.018460987374, 0.36478904799, 2.0250743257e-05],
      [6.673175947e-05, 0.64268559154, 0.092568153546, 0.26402205647, 0.00065746669028],
      [0.0023331694848, 0.047398182251, 0.84426235352, 0.014580805754, 0.091425488986],
      [0.033028680072, 0.027226672073, 0.0049861847063, 0.89007446394, 0.044683999209],
      [0.066773807339, 0.10588353746, 0.31194418237, 0.5103252172, 0.0050732556412],
      [0.0012940522246, 0.084497165058, 0.29643653903, 0.55182824068, 0.065944003007]
    ],
    [
      [0.79837123321, 0.042375986621, 0.0014904301281, 0.15776053614, 1.8139018244e-06],
      [1.8307042939e-05, 0.94209982875, 0.0042565070752, 0.05359428691, 3.1070220993e-05],
      [0.0062330772163, 0.2598275441, 0.58890228571, 0.082883853622, 0.062153239348],
      [0.058784612285, 0, 0.064294239675, 0.8683632024, 0.0085579456374],
      [0.093637879041, 0.36005470471, 0.052881563155, 0.49243834794, 0.00098750515127],
      [0.0018364112558, 0.31888305564, 0.058466397375, 0.60612711711, 0.014687018624]
    ],
    [
      [0, 0.045636801702, 0.010189338016, 0.8400544676, 0.10411939268],
      [0, 0.66912889864, 0.030161835885, 0.30029380877, 0.00041545670904],
      [0, 0.10273533764, 0.68497182597, 0.076863347931, 0.13542948847],
      [0, 0.027057420436, 0, 0.94705757302, 0.025885006548],
      [0, 0.12942383504, 0.12567911343, 0.74085191342, 0.0040451381087],
      [0, 0.084262765844, 0.11055811946, 0.75443694392, 0.050742170784]
    ],
    [
      [0.30894836099, 0.12796928656, 0.041885568474, 0.52117747207, 1.9311906294e-05],
      [8.3473110143e-06, 0.83823289097, 0.060612843341, 0.10097130349, 0.00017461488289],
      [0.00040266945377, 0.076148837174, 0.88008866167, 0.0076572368891, 0.035702594813],
      [0.0010005320151, 0.057172491028, 0.016550843761, 0.88960342384, 0.035672709359],
      [0.015236386632, 0.22683790812, 0.39231145312, 0.36307977891, 0.0025344732178],
      [0.00030717173822, 0.18372064071, 0.37952195066, 0.40253992539, 0.033910311497]
    ],
    [
      [0.62642445959, 0.024285011972, 0.014287646932, 0.33498857777, 1.4303735128e-05],
      [8.7820054593e-05, 0.61151874648, 0.088503636365, 0.29931638834, 0.00057340876508],
      [0.0032192911361, 0.047240253241, 0.84853603115, 0.017327933785, 0.083676490692],
      [0.038867450753, 0.023007012776, 0.0034119866927, 0.90038353709, 0.034330012684],
      [0.082212989016, 0.094030820738, 0.2787252202, 0.54089488043, 0.0041360896143],
      [0.0016242107252, 0.076555859771, 0.27025210128, 0.59671459416, 0.05485323406]
    ],
    [
      [0.67640676922, 0.029039948011, 0.017277906201, 0.27725541671, 1.9959864467e-05],
      [8.4101653007e-05, 0.67629984355, 0.097964523966, 0.22492356268, 0.00072796815464],
      [0.0027194991108, 0.045541317269, 0.84578758414, 0.011474369327, 0.094477230152],
      [0.046359879817, 0.031843115858, 0.0064678698218, 0.8595738718, 0.055755262707],
      [0.087383685405, 0.11359706109, 0.3432072236, 0.44999246052, 0.0058195693906],
      [0.001720077612, 0.092353243339, 0.33246768392, 0.4960671066, 0.077391888528]
    ],
    [
      [0, 0.048153409001, 0.049819289841, 0.90193992416, 8.7377000947e-05],
      [0, 0.62053948936, 0.14526494162, 0.23260356276, 0.0015920062641],
      [0, 0.023432065997, 0.83498511092, 0.0074762878337, 0.13410653525],
      [0, 0.028195907342, 0.015863514267, 0.87245338629, 0.083487192103],
      [0, 0.10030276933, 0.46861878424, 0.41949082548, 0.011587620946],
      [0, 0.06068103348, 0.39613620356, 0.40591873976, 0.13726402321]
    ],
    [
      [0.51076340992, 0.045800676937, 0.028034546276, 0.41538133242, 2.0034444123e-05],
      [4.1116317316e-05, 0.6818130493, 0.10164959789, 0.21602700566, 0.00046923082419],
      [0.0013505906513, 0.04672085723, 0.87904747513, 0.011199033493, 0.061682043499],
      [0.023445776243, 0.034525788395, 0.0066283184804, 0.89529343325, 0.040106683632],
      [0.044926605514, 0.12104631284, 0.37430779626, 0.45576605391, 0.0039532314811],
      [0.00087216155036, 0.096793252429, 0.35658913712, 0.49418442803, 0.051561020869]
    ],
    [
      [0.43598473511, 0.039598444455, 0.036121090293, 0.48829573014, 0],
      [2.83954993e-05, 0.6330257272, 0.13112147092, 0.23582440638, 0],
      [0.00063126272126, 0.027120164033, 0.9478075431, 0.024441030148, 0],
      [0.01477644135, 0.029665093302, 0.016168833383, 0.93938963197, 0],
      [0.027148382027, 0.090434601474, 0.44654937144, 0.43586764506, 0],
      [0.00053585403668, 0.072041193797, 0.42949101802, 0.48048841745, 0.017443516701]
    ],
    [
      [0.63306252001, 0.026513068344, 0.018959264102, 0.32145242771, 1.2719842884e-05],
      [8.3663439857e-05, 0.62120747453, 0.10964563882, 0.26858660225, 0.00047662096488],
      [0.0025953632818, 0.040733003766, 0.88479074433, 0.013162294575, 0.058718594044],
      [0.040608898645, 0.025888175026, 0.0062713853132, 0.89699346121, 0.030238079806],
      [0.077595336796, 0.095121182702, 0.34254176352, 0.48133178678, 0.0034099301941],
      [0.0015544387725, 0.07845136733, 0.33640448375, 0.53781574834, 0.045773961799]
    ],
    [
      [0.58163405873, 0.034108153993, 0.027575336654, 0.35666797575, 1.447487202e-05],
      [6.1297622933e-05, 0.63543077695, 0.12688260664, 0.23719365148, 0.00043166731333],
      [0.0016819043099, 0.036870566345, 0.90415619723, 0.010282131316, 0.047009200802],
      [0.033862683298, 0.030209832186, 0.0087142314551, 0.89693568288, 0.030277570181],
      [0.058056356094, 0.099488388242, 0.4050549655, 0.43424506016, 0.0031552300056],
      [0.0011536533826, 0.081358556323, 0.39440409385, 0.4810921797, 0.041991516745]
    ],
    [
      [0.64381887432, 0.036961436562, 0.021611271708, 0.29759646585, 1.195155271e-05],
      [6.8673266545e-05, 0.6982056917, 0.10075880941, 0.20060555629, 0.00036126932892],
      [0.0023329794644, 0.050134751977, 0.88805334421, 0.010766316265, 0.048712608079],
      [0.043504989655, 0.03701512744, 0.008981326142, 0.88142535728, 0.029073199487],
      [0.075150050058, 0.12622650869, 0.37135868271, 0.42421488011, 0.0030498784353],
      [0.0015281213252, 0.10566264021, 0.37017148835, 0.48108679638, 0.041550953735]
    ],
    [
      [0.6269537307, 0.025701481162, 0.026659272646, 0.32066633311, 1.9182385531e-05],
      [7.9914364444e-05, 0.5889226673, 0.15018126664, 0.2601172298, 0.00069892190349],
      [0.0018242812213, 0.028287075956, 0.89694834429, 0.0093776538536, 0.063562644681],
      [0.039690275256, 0.023970038319, 0.0081964014836, 0.88007338119, 0.048069903748],
      [0.067104794417, 0.081171576442, 0.42534408093, 0.42185174616, 0.0045278020576],
      [0.0013195202885, 0.065739941404, 0.41024312361, 0.46295607776, 0.059741336939]
    ],
    [
      [0.35131208961, 0.019433488484, 0.11338891586, 0.51550265933, 0.00036284671467],
      [0, 0.31827091548, 0.42993743546, 0.24375265895, 0.0080389901065],
      [0, 0, 0.7864796141, 0.0054567197662, 0.20806366613],
      [0, 0, 0.019692103631, 0.83004409913, 0.15026379724],
      [0, 0.0083729193463, 0.76074678237, 0.2026027993, 0.028277498985],
      [0, 0.011695576175, 0.51509659964, 0.16462032654, 0.30858749765]
    ],
    [
      [0.55032603553, 0.026406414982, 0.020419012376, 0.40282638361, 2.2153498778e-05],
      [6.8269200579e-05, 0.57510865417, 0.10998367802, 0.31406521494, 0.00077418367381],
      [0.0020488710681, 0.036558498906, 0.8543498525, 0.0148930783, 0.092149699227],
      [0.027958885232, 0.01947983295, 0.0057281753718, 0.90229017472, 0.044542931722],
      [0.059506250332, 0.083051857849, 0.32289271889, 0.529340756, 0.0052084169292],
      [0.0011382037386, 0.06535581747, 0.30252247842, 0.56428539557, 0.0666981048]
    ],
    [
      [0.69832967401, 0.02688164803, 0.012144009457, 0.2626379046, 6.7638949376e-06],
      [7.855440471e-05, 0.70773429392, 0.072747077715, 0.21918447349, 0.00025560047384],
      [0.0032531551047, 0.057253285318, 0.88193701353, 0.014242673172, 0.04331387288],
      [0.04925937809, 0.034140998081, 0.0041196087763, 0.89568047809, 0.016799536966],
      [0.09297927866, 0.12390160989, 0.28801914624, 0.49280462427, 0.0022953409366],
      [0.0018843458827, 0.10516335486, 0.29236059984, 0.56865301177, 0.031938687647]
    ],
    [
      [0.59499748277, 0.033710574592, 0.027587393203, 0.34368431701, 2.0232427699e-05],
      [6.0194876579e-05, 0.64470333209, 0.12760750127, 0.22702779085, 0.00060118091748],
      [0.0015673579135, 0.034678790968, 0.89171231713, 0.0093281528302, 0.062713381155],
      [0.03501491404, 0.031121012558, 0.0073822171921, 0.87801463013, 0.048467226077],
      [0.057956464288, 0.099758771166, 0.41645279736, 0.42137116671, 0.0044608004806],
      [0.0011316776542, 0.080338531183, 0.39953545068, 0.46028917898, 0.0587051615]
    ],
    [
      [0.5957738009, 0.031653257332, 0.045934530191, 0.32661974606, 1.8665514895e-05],
      [5.9098451717e-05, 0.58247859389, 0.20659553766, 0.21032487805, 0.00054189195035],
      [0.0010164700008, 0.02093576034, 0.93507320426, 0.0057097071719, 0.037264858227],
      [0.037132680625, 0.029345076517, 0.016688623002, 0.8762573292, 0.040576290652],
      [0.046826567435, 0.075126883566, 0.5532308548, 0.32150165829, 0.0033140359025],
      [0.00092728432845, 0.061328482596, 0.53791071153, 0.35573078966, 0.044102731885]
    ],
    [
      [0.58516946854, 0.031214726243, 0.018301815784, 0.36529906107, 1.4928360849e-05],
      [6.3207617636e-05, 0.6460940095, 0.091559486486, 0.26180213461, 0.00048116178581],
      [0.002248175332, 0.047575590525, 0.86689057806, 0.01467388567, 0.068611770411],
      [0.033515143585, 0.027952577536, 0.0039027738197, 0.90047403958, 0.034155465484],
      [0.064382935596, 0.10563889901, 0.31327255318, 0.51294190666, 0.0037637055591],
      [0.0012582532638, 0.085352980056, 0.30159884446, 0.56212071338, 0.04966920884]
    ],
    [
      [0.58569898046, 0.045717578683, 0.02633671065, 0.34222615453, 2.0575677813e-05],
      [5.1407187941e-05, 0.70902150742, 0.10088632346, 0.18952973787, 0.00051102407362],
      [0.0017113505529, 0.04992478738, 0.87086349181, 0.009969125834, 0.067531244423],
      [0.034651920658, 0.038794569994, 0.0081009723957, 0.87101868677, 0.047433850179],
      [0.0584935278, 0.13341510224, 0.3867454946, 0.4168585669, 0.0044873084648],
      [0.0011526652877, 0.10819163713, 0.3734505141, 0.45797684878, 0.059228334697]
    ],
    [
      [0.40897695802, 0.047043253951, 0.036735401065, 0.50722795028, 1.6436683087e-05],
      [2.961244652e-05, 0.63768870228, 0.12186029164, 0.24007162164, 0.00034977199921],
      [0.00082457235554, 0.037157210755, 0.91251973601, 0.010546652778, 0.0389518281],
      [0.0096731849729, 0.030266174283, 0.0094842211624, 0.92746786086, 0.023108558719],
      [0.029201311362, 0.10239892951, 0.40825099364, 0.45748396557, 0.0026647999163],
      [0.00056668672193, 0.081725503953, 0.38780220836, 0.49521548591, 0.034690115055]
    ]
  ],
  "expected_outcome": [
    [
      [2.542432462, 0, 0, 36.4206885071, 12.8317829631, 41.9648833811, 28.8324894456, 40.1714532105, 27.7451368689, 27.4112770822, 31.652876793, 0, 0, 4.4314454969, 5.7948619381, 6.7907111645, 31.3636285719, 29.8372343454, 33.9428566954, 12.0602536623, 9.8959375231, 2.5493401618, 18.7251479436, 0.79837123321, 0, 0.92684508297, 19.4191582474, 16.2337624612, 0, 7.1506877389, 1.3079542053, 39.8829387603, 45.9490906398, 48.9302344485, 30.0937790736, 0, 70.4417325482, 2.7933186961, 8.3299647588, 11.3197022172, 1.1703389371, 36.3133367883, 1.6359078321],
      [0.22235849159, 0, 0, 1.0413282328, 0.5706860464, 2.4460296543, 1.9750684588, 1.9184409292, 1.4082534403, 1.861489878, 1.7215971938, 0.018250689553, 0, 0.17721937965, 0.51791964998, 0.13325556893, 1.163735647, 1.4572198288, 1.3539100275, 0.45546470659, 1.1068767706, 0.22013851136, 1.010202901, 0.042375986621, 0.13691040511, 0.38390785968, 0.75283537112, 0.69695875228, 0.048153409001, 0.64120947712, 0.11879533337, 1.6703233057, 2.6945441655, 2.8090691787, 1.2336710958, 0, 3.3800211177, 0.10752659212, 0.47194804429, 0.60141188931, 0.062429452485, 2.8344898783, 0.1881730158],
      [0.17521136876, 0, 0, 0.95042499841, 0.25791260661, 1.2822225052, 1.1207931695, 0.8057397009, 1.3937551908, 1.0637396116, 1.081097266, 0.02925244049, 0, 0.27795031293, 0.40143513735, 0.25562856271, 1.0757706396, 1.2605277993, 0.86385955774, 0.60799706375, 0.49541287509, 0.35250320376, 0.59075159597, 0.0014904301281, 0.030568014047, 0.12565670542, 0.44291705489, 0.41466974883, 0.049819289841, 0.39248364786, 0.10836327088, 1.1944336385, 2.1784515957, 1.6424566498, 1.279645087, 0, 2.6136335842, 0.048576037828, 0.38622350484, 0.87275607363, 0.036603631569, 1.6328760603, 0.14694160426],
      [2.0598772455, 0, 0, 16.5866038226, 7.3389470307, 25.3058176734, 22.0708246296, 19.1035817066, 21.4512563743, 15.6626541062, 16.5437282523, 0.95240328016, 0, 2.1131869994, 4.2854935686, 2.8202505618, 10.3961005032, 15.4438673545, 10.8388608436, 7.8758544767, 8.5013607234, 2.8778088943, 11.6732495357, 0.15776053614, 2.5201634028, 1.5635324162, 10.3846459108, 6.6541300009, 0.90193992416, 5.8153386539, 1.4648871904, 20.2515029455, 28.1767700841, 22.617331405, 15.3919839891, 0, 51.5617771021, 1.0505516184, 4.8115804381, 6.2057751751, 0.73059812214, 21.2180215811, 2.0289118011],
      [0.00012043208672, 0, 0, 0.00095443910262, 0.00067135328424, 0.0010467859867, 0.00082429655729, 0.00078445277751, 0.0015981257103, 0.00083932201237, 0.00070049482509, 9.3589796538e-05, 0, 0.00019781110853, 0.00028970594021, 0.00015414215143, 0.00076463828114, 0.0011506720137, 0.0005128757769, 0.00043009062632, 0.00041210780954, 0.0002092287444, 0.00064802378422, 1.8139018244e-06, 0.31235817805, 5.7935718883e-05, 0.00044341578896, 0.00047903674721, 8.7377000947e-05, 0.00028048221772, 0, 0.00080135010172, 0.0011435148896, 0.00090831800598, 0.00092075450548, 0, 0.0028356478435, 2.7055579751e-05, 0.00028325398778, 0.000354644783, 2.9856721699e-05, 0.0012756920244, 6.5746732347e-05]
    ],
    [
      [0.0011523560079, 0.00018834098001, 0.0021028461148, 0.010762961557, 0.0028364849255, 0.00884277936, 0.0078219386449, 0.0093657011133, 0.0064709249435, 0.0041796709258, 0.0056986277101, 0, 0.0010451287938, 0.0020861601751, 0.0022706889497, 0.001741923153, 0.0059238308524, 0.0077436375871, 0.0054627075419, 0.0038290570473, 0.0014304433412, 0.00057333729743, 0.006539712428, 1.8307042939e-05, 0, 9.1820421157e-05, 0.0070256043674, 0.0037845743853, 0, 0.0013157221541, 0.0002271639944, 0.011210900941, 0.010481893521, 0.012773227577, 0.0035961464, 0, 0.013244224912, 0.00070698964239, 0.001143702655, 0.0017729535515, 0.0015801904409, 0.010641287904, 0.0018063592377],
      [19.8967152681, 6.7278832788, 5.7921356986, 54.5930412406, 23.0078365024, 91.4067547532, 94.849542288, 79.5184521691, 58.1069976054, 50.6939159973, 55.4769966259, 3.8420048832, 2.44422619, 16.1312645022, 37.0986140115, 6.8481472803, 39.4662380432, 67.1869950034, 39.6052395259, 26.8664355203, 29.8047635492, 9.8438098561, 62.9831879705, 0.94209982875, 2.6765155945, 9.2205618007, 48.9214997183, 30.4334929598, 2.4821579574, 21.8180175777, 5.0642058176, 83.2418015864, 108.6586628579, 129.8662586571, 26.5015200284, 0.95481274644, 111.5710789082, 6.3696086452, 12.2493633096, 17.4743578167, 16.1523502376, 146.767452035, 38.8990108389],
      [3.785598616, 0.31681050611, 1.558558821, 12.3005440901, 2.5410338574, 11.8161770971, 13.2816926704, 8.2269968512, 14.2011207778, 7.1227202125, 8.5666422253, 1.5246757417, 0.60328913559, 6.1581390415, 7.0441379039, 3.1773555231, 8.9772325, 14.3387827857, 6.1921958111, 8.8104843399, 3.2379061302, 3.8013880774, 9.0716790476, 0.0042565070752, 0.12064734354, 0.66674127675, 7.0802909092, 4.4084035785, 0.58105976648, 3.2527871325, 1.0489717674, 14.692515602, 21.6969257349, 18.7411385511, 6.7581569986, 1.2898123064, 21.3368335363, 0.65472369943, 2.4245425242, 6.1978661298, 2.2889871622, 20.8834689555, 7.4334777901],
      [6.2998955958, 0.95351971853, 2.6341320532, 31.0156126152, 10.4055600241, 33.7056996901, 37.7976472755, 28.1932749623, 31.5798958856, 15.1427823365, 18.914737348, 4.6041473078, 1.9421736048, 6.6802633452, 10.8220724756, 4.9604925488, 12.5092858732, 25.3816208393, 11.1733539969, 16.2793021508, 7.9385988603, 4.3399698067, 25.8741615338, 0.05359428691, 1.2011752351, 1.1106843384, 23.9453110669, 10.1215603204, 0.93041425102, 6.9128641813, 1.886595251, 35.9906047013, 40.560114403, 37.3126334691, 11.7052753409, 0.73125797686, 60.9286516979, 1.9726602614, 4.3135280261, 6.3097463414, 6.5450533651, 39.2326557383, 14.6443689198],
      [0.016638164071, 0.001598155631, 0.013070581007, 0.080039092527, 0.042733131119, 0.062525680266, 0.063295827475, 0.051910316275, 0.10551480619, 0.036401782808, 0.035925173123, 0.029172067292, 0.0092659408522, 0.028246950877, 0.032904920062, 0.012262724686, 0.04131975271, 0.084857734069, 0.023747958559, 0.039948932027, 0.017301016972, 0.014258922513, 0.064431735647, 3.1070220993e-05, 0.0016618268362, 0.0019207637118, 0.045872701206, 0.032758566959, 0.0063680250564, 0.015015386374, 0, 0.063867209294, 0.073815110579, 0.06719609518, 0.031451485657, 0.02411697032, 0.15019163272, 0.0023004042645, 0.011422437432, 0.016256758511, 0.012029044645, 0.10578198324, 0.021336091952]
    ],
    [
      [0.044160772823, 0.021629192015, 0.091173190738, 0.79314662906, 0.31221319312, 0.55414384735, 0.3876515237, 0.66369746369, 0.41640210487, 0.33283660454, 0.26543636836, 0, 0.064007928805, 0.12237204568, 0.22629491995, 0.08366070951, 0.70585762549, 0.78775130059, 0.37034823017, 0.046862793954, 0.057599798241, 0.0094684057623, 0.42230367674, 0.081030003812, 0, 0.0076507196217, 0.47967437928, 0.13869445465, 0, 0.19448505379, 0.0069438899338, 0.64884082045, 0.44402273781, 0.64856829111, 0.36485624426, 0, 0.81340181403, 0.052050481675, 0.073665821936, 0.15653638013, 0.13713869525, 0.69138562339, 0.03133374951],
      [1.5721360783, 1.4414784644, 0.50029284465, 8.5043974134, 5.3027443581, 12.0994140771, 9.9341965825, 11.8919254909, 7.9051718478, 8.4987378258, 5.4400396299, 0.061010500339, 0.28374783415, 1.9677325152, 7.7525812106, 0.67886961586, 9.9057564339, 14.4403029913, 5.6308853194, 0.68941561042, 2.492729925, 0.33193547046, 8.5790709873, 3.3777580734, 0.61641202582, 1.4468279063, 7.038797733, 2.3226071807, 0.77325817789, 6.7278034412, 0.29832180437, 10.1832509416, 9.7338295151, 13.9374610496, 5.6574151913, 0, 14.5137240656, 0.91605256508, 1.6299031755, 3.2241070924, 2.902111022, 20.1696141017, 1.4119740087],
      [39.4252456008, 11.5933549066, 19.857089678, 235.6601244161, 73.769709989, 192.4461236955, 171.2643066269, 151.6746357941, 237.4950017635, 147.742186421, 104.2516477567, 3.9035398954, 11.8220787648, 95.6267558705, 183.2377194438, 41.4756898145, 278.444201116, 378.3901674226, 110.3847119013, 28.9922607009, 35.1529114044, 17.5931963474, 152.8114859879, 7.6557297142, 4.1098309558, 16.7216845717, 126.4318686406, 43.1351667912, 27.5545086604, 126.5828364182, 10.4258829741, 221.1976860833, 238.6972360678, 246.8788296918, 179.3896688577, 4.7188776846, 339.1768914423, 14.1109922164, 41.9104789053, 144.0012734561, 52.8803252618, 351.8288506913, 34.6757499684],
      [0.38052796618, 0.17209637477, 0.17894450759, 3.6108337857, 1.8083115016, 3.3368596654, 2.9592417145, 3.155981943, 3.2105797321, 1.904759765, 1.3914781879, 0.056128039142, 0.18119970631, 0.61754000848, 1.7024848407, 0.37485960202, 2.3543515113, 4.0789033683, 1.196196406, 0.31435616208, 0.50448702385, 0.11282898796, 2.6391258416, 1.0774900971, 0.46118008758, 0.14548750089, 2.581862134, 0.58519283569, 0.24671749851, 1.6126608229, 0.26885133163, 3.2905736438, 2.7144826675, 2.9930359216, 1.8755307707, 0.032740318597, 5.912552085, 0.22788277075, 0.43842318302, 0.87929490447, 0.8951070259, 4.0275268369, 0.40077280555],
      [2.5779295818, 0.77144106228, 2.3724997791, 23.4314977558, 18.8070209582, 15.5634587147, 12.4546035525, 14.6137593083, 26.9728445517, 11.5214793837, 6.6513980571, 0.9793215651, 2.6489657659, 6.6655995602, 13.080919585, 2.3869202581, 19.5898333132, 34.3028749172, 6.4178581432, 1.9571047327, 2.7922718485, 0.95257078842, 16.5480135065, 0.80799211152, 0.8125769308, 0.67834930145, 12.4677971131, 4.8183387377, 4.4255156632, 8.8822142639, 0, 14.6796485109, 12.4104290118, 13.5421050459, 12.7125289361, 1.2483819968, 36.5834305931, 0.69302196609, 2.9475289143, 5.7387881669, 4.1853179951, 27.2826227467, 1.4801694678]
    ],
    [
      [3.1301412551, 1.9297438009, 5.4173302934, 49.9584023552, 17.0644244646, 32.2442311228, 29.8045081255, 39.2199338418, 30.030354045, 26.0682809099, 25.5686206115, 0, 1.4461458758, 6.0755956246, 7.7696537661, 4.981924398, 35.3952274611, 33.9885331524, 25.6397883326, 7.4868481005, 5.6418613868, 1.2456290239, 26.8523168987, 1.1169076334, 0, 0.034018088513, 25.0695057354, 11.0336513964, 0, 6.3772511382, 0.57628121264, 44.3449173205, 38.7050470099, 42.85241481, 22.8219082721, 0, 57.0081669874, 3.4974158444, 8.6486837679, 9.2831701563, 6.8706044348, 45.7405352689, 2.0894079542],
      [4.6099650245, 3.2112586396, 1.4018890733, 19.4263486252, 12.0268725713, 28.2700652197, 32.2161304907, 28.6180537231, 21.9323686849, 25.8972699007, 21.0506971, 0, 0.095921874614, 3.2815762758, 11.3635802812, 0.29069757834, 21.8936455811, 25.1068294396, 17.0212017661, 3.7014992305, 9.9736581521, 2.7712844094, 22.1352843955, 0, 0.83878003351, 1.9438646949, 14.8395232402, 7.5786615742, 1.3534035524, 9.3910144435, 1.1569386388, 28.2698871281, 34.529838189, 36.4599005283, 13.7827720332, 0, 39.7193793848, 2.4240108637, 7.6868901018, 7.3362691292, 5.7302783948, 51.2088323926, 6.5374936452],
      [1.0164775915, 0.29983203655, 0.59623784452, 7.3656397745, 4.3354979966, 4.3010100834, 5.7000512026, 2.3338957641, 9.4243980284, 5.1019755952, 4.5300659674, 0.70953719198, 0.49016494034, 1.2912178975, 2.5047560928, 1.0825388906, 6.265564116, 6.9112225635, 4.0455772636, 1.6910672283, 1.5753350246, 0.73186902002, 4.0537681662, 1.2215905538, 0, 0.56272868787, 2.2007314168, 1.5393530176, 0.76144868483, 1.8029026267, 0.63058450195, 6.848352762, 9.9603665532, 8.8466062499, 4.712930853, 0.43322627988, 11.6797495831, 0.29249222311, 1.8234076465, 4.1721557505, 0.80006863304, 10.6932835623, 2.0485917711],
      [119.4919660074, 54.417123613, 58.2037997077, 1004.0617576435, 421.1648275012, 837.7507242459, 1022.1645919799, 820.3519637394, 1055.3921045451, 641.4812184372, 579.3262390307, 34.8154281915, 15.7898974425, 125.2163288247, 265.0710603901, 93.5949119305, 551.4331998678, 759.5178292771, 392.6792292259, 213.1252389278, 231.2424487734, 97.6135436685, 723.630539183, 16.4989008456, 29.3587847635, 30.2465164105, 580.7473814262, 204.5785814877, 41.8777625418, 243.5198138439, 36.6361956467, 979.5168596413, 1025.1974855306, 868.2039769167, 506.0421941868, 18.2609701808, 1839.7696662633, 63.5933139442, 216.8696136427, 219.0643323011, 184.5971781131, 1149.7446665403, 200.3330579462],
      [6.7514501215, 2.14204191, 5.3807430811, 52.1878516016, 27.4083774663, 30.4339693283, 32.1147182013, 29.4761529316, 67.2207746965, 31.451255157, 21.5243772903, 3.4750346165, 1.1778698667, 10.1352813775, 16.2909494699, 5.0499272026, 36.012362974, 49.4755855675, 16.6142034117, 10.9953465129, 10.566696663, 6.6376738781, 36.3280913566, 0.16260096711, 0.80243520299, 1.2128721182, 22.1428581814, 13.2697525242, 4.007385221, 10.9090179478, 0, 33.0199831479, 34.6072627173, 28.6371014951, 27.6401946549, 3.3058035393, 90.8230377814, 1.1927671246, 11.9714048411, 10.144072663, 7.0018704242, 62.6126822359, 4.9914486834]
    ],
    [
      [0.27382833264, 0.046597758461, 0.48298301964, 4.6861512373, 1.7562479546, 5.1277866425, 3.9167942426, 7.8475346492, 2.7262535963, 5.1246966112, 4.4591966736, 0, 0.4860181431, 1.3538997209, 2.1755866971, 1.1286339508, 5.4722521986, 6.2975086215, 3.0040927632, 0.3841899469, 0.39382719543, 0.19224098245, 2.9380475229, 0, 0, 0.030472773264, 2.9596676046, 1.5729063373, 0, 1.2579449544, 0.10859352811, 5.0436968918, 4.8186775558, 9.4689063073, 2.6841917767, 0, 12.6153250704, 0.65085495062, 0.92730342861, 1.2174907533, 1.8027221967, 4.1530404738, 0.2336104909],
      [0.7558208679, 0.2345570439, 0.19462637594, 3.9235368088, 2.3212384289, 8.7475464119, 7.843856385, 10.9813615651, 4.0448815097, 10.2247135582, 7.1361162513, 0, 0.13858509394, 1.6889228274, 5.8168648611, 0.703857974, 5.9932867719, 9.0190989427, 3.5591792483, 0.43866295484, 1.3264575553, 0.52493472182, 4.6588756481, 0, 0.64711917518, 0.45367581624, 3.3851095466, 2.0447470997, 0.10030276933, 3.3892967595, 0.36173840589, 6.1828768756, 8.2575362241, 15.9045400945, 3.2468630577, 0.033491677385, 17.606993864, 0.86731126925, 1.5961403387, 1.9532989727, 2.9578891722, 9.4724722588, 0.81919143609],
      [3.0557891059, 0.26624286481, 1.1816169587, 18.0333954527, 5.2896568287, 23.0730524468, 22.409671785, 23.1987908849, 20.1666626281, 29.4324722425, 22.5983111256, 0, 0.81794073882, 13.4819295379, 22.7429133786, 6.9495971209, 27.9312425076, 39.2675458427, 11.4817929332, 2.9975702461, 3.0224901149, 4.4318164722, 13.7255440241, 0, 0.62839556715, 0.78462290624, 10.0341079271, 6.1777300247, 0.46861878424, 10.4806182953, 1.7861974858, 22.265214629, 33.6195621361, 46.7911940212, 17.013763237, 3.0429871295, 68.4532564044, 2.0161340237, 6.6632447577, 14.3840022249, 8.771631489, 27.4589301165, 3.2660079491],
