{
  "X": [
    [0, 4, 21, 24, 2],
    [2, 5, 31, 40, 1],
    [4, 5, 16, 37, 1],
    [19, 43, 212, 479, 9],
    [2, 1, 8, 4, 0],
    [14, 40, 318, 508, 13],
    [20, 29, 183, 289, 10],
    [6, 0, 13, 24, 1],
    [11, 6, 80, 122, 3],
    [4, 11, 75, 93, 4],
    [5, 1, 37, 57, 1],
    [8, 7, 28, 74, 1],
    [2, 12, 101, 110, 3],
    [3, 10, 104, 166, 7],
    [6, 6, 35, 36, 0],
    [16, 17, 152, 202, 12],
    [0, 1, 12, 7, 0],
    [14, 16, 158, 138, 1],
    [12, 15, 50, 68, 2],
    [25, 31, 536, 199, 26],
    [48, 58, 767, 409, 40],
    [2, 1, 19, 8, 0],
    [3, 5, 51, 75, 4],
    [173, 145, 1533, 2698, 77],
    [14, 15, 151, 206, 6],
    [2, 17, 97, 85, 7],
    [129, 157, 1513, 2276, 92],
    [60, 70, 818, 320, 43],
    [0, 1, 16, 4, 1],
    [8, 3, 22, 41, 2],
    [45, 40, 287, 451, 22],
    [5, 3, 46, 46, 3],
    [8, 15, 163, 266, 4],
    [76, 93, 1075, 966, 67],
    [7, 4, 98, 54, 0],
    [7, 15, 32, 88, 5],
    [23, 53, 290, 320, 13],
    [0, 1, 4, 3, 0],
    [4, 4, 14, 58, 1],
    [1, 4, 25, 55, 1],
    [1, 6, 10, 61, 1],
    [4, 1, 38, 61, 3],
    [2, 3, 19, 16, 0],
    [3, 0, 0, 3, 0],
    [3, 3, 3, 13, 1],
    [2, 7, 10, 66, 1],
    [3, 11, 56, 138, 4],
    [0, 0, 3, 6, 0],
    [6, 5, 44, 56, 1],
    [33, 23, 66, 240, 9],
    [1, 1, 5, 9, 0],
    [0, 1, 5, 5, 1],
    [0, 0, 4, 11, 2],
    [0, 0, 2, 4, 0],
    [1, 8, 35, 69, 1],
    [2, 2, 9, 7, 3],
    [5, 6, 21, 50, 3],
    [0, 1, 5, 8, 0],
    [10, 6, 15, 99, 1],
    [11, 4, 56, 79, 4],
    [12, 7, 30, 104, 1],
    [3, 5, 71, 31, 1],
    [8, 12, 87, 96, 6],
    [2, 10, 43, 26, 4],
    [2, 4, 47, 17, 2],
    [7, 12, 95, 54, 3],
    [6, 7, 26, 82, 5],
    [2, 8, 16, 101, 1],
    [12, 13, 34, 123, 7],
    [19, 10, 65, 148, 4],
    [14, 16, 136, 297, 14],
    [18, 16, 97, 257, 8],
    [7, 4, 28, 112, 4],
    [10, 24, 188, 349, 9],
    [17, 38, 238, 299, 7],
    [12, 15, 125, 195, 7],
    [22, 22, 150, 242, 7],
    [4, 6, 34, 38, 1],
    [2, 7, 36, 117, 3],
    [10, 15, 91, 191, 2],
    [1, 18, 50, 41, 4],
    [14, 13, 129, 61, 6],
    [3, 8, 22, 15, 1],
    [6, 12, 81, 24, 1],
    [1, 7, 18, 47, 1],
    [14, 8, 20, 86, 4],
    [2, 10, 25, 92, 2],
    [6, 9, 31, 136, 3],
    [0, 2, 20, 11, 0],
    [10, 6, 52, 136, 6],
    [0, 2, 1, 3, 0],
    [3, 0, 4, 8, 0],
    [5, 11, 15, 38, 1],
    [0, 0, 3, 3, 1],
    [3, 3, 31, 34, 2],
    [4, 7, 33, 78, 0],
    [1, 4, 14, 21, 0],
    [2, 6, 16, 84, 0],
    [11, 13, 50, 150, 4],
    [24, 32, 199, 526, 10],
    [4, 11, 29, 95, 0],
    [8, 12, 25, 111, 3],
    [9, 19, 81, 135, 9],
    [5, 28, 99, 210, 6],
    [12, 14, 118, 120, 2],
    [5, 6, 31, 33, 2],
    [14, 20, 130, 149, 11],
    [1, 6, 11, 23, 1],
    [7, 6, 63, 103, 3],
    [5, 7, 20, 108, 0],
    [4, 5, 26, 29, 3],
    [7, 12, 24, 61, 1],
    [11, 14, 23, 81, 4],
    [2, 6, 21, 35, 3],
    [8, 9, 65, 83, 5],
    [4, 6, 31, 123, 3],
    [6, 3, 8, 77, 2],
    [0, 3, 4, 10, 0],
    [8, 15, 35, 115, 3],
    [18, 20, 291, 193, 6],
    [127, 220, 1605, 1426, 122],
    [112, 168, 864, 970, 82],
    [0, 0, 9, 7, 0]
  ],
  "W": [
    [10, 7, 18, 15, 1],
    [19, 1, 33, 23, 3],
    [14, 0, 21, 23, 5],
    [111, 23, 211, 363, 54],
    [1, 1, 8, 4, 1],
    [97, 42, 316, 380, 58],
    [55, 20, 186, 233, 37],
    [5, 0, 16, 18, 5],
    [20, 6, 85, 93, 18],
    [30, 12, 69, 57, 19],
    [7, 2, 44, 45, 3],
    [12, 5, 27, 57, 17],
    [26, 11, 91, 85, 15],
    [44, 16, 101, 115, 14],
    [11, 4, 35, 24, 9],
    [48, 26, 148, 136, 41],
    [2, 0, 13, 5, 0],
    [31, 42, 129, 89, 36],
    [32, 4, 53, 39, 19],
    [47, 27, 515, 147, 81],
    [99, 36, 742, 319, 126],
    [5, 2, 18, 3, 2],
    [16, 4, 63, 47, 8],
    [460, 114, 1715, 1989, 348],
    [44, 20, 147, 145, 36],
    [33, 4, 114, 43, 14],
    [462, 105, 1687, 1576, 337],
    [104, 48, 746, 250, 163],
    [1, 2, 14, 4, 1],
    [13, 3, 26, 28, 6],
    [83, 20, 303, 357, 82],
    [10, 2, 48, 35, 8],
    [45, 27, 162, 201, 21],
    [188, 83, 1083, 735, 188],
    [11, 5, 90, 37, 20],
    [24, 6, 31, 71, 15],
    [68, 22, 295, 260, 54],
    [1, 0, 4, 3, 0],
    [12, 1, 19, 46, 3],
    [16, 8, 22, 37, 3],
    [12, 2, 10, 50, 5],
    [7, 2, 39, 51, 8],
    [4, 1, 19, 13, 3],
    [0, 0, 0, 3, 3],
    [4, 3, 2, 11, 3],
    [13, 0, 13, 55, 5],
    [32, 10, 57, 103, 10],
    [0, 0, 3, 5, 1],
    [10, 4, 46, 42, 10],
    [44, 5, 83, 187, 52],
    [1, 1, 6, 8, 0],
    [0, 1, 6, 5, 0],
    [0, 0, 5, 8, 4],
    [1, 0, 4, 0, 1],
    [15, 3, 36, 52, 8],
    [1, 5, 4, 7, 6],
    [8, 4, 24, 43, 6],
    [2, 0, 6, 5, 1],
    [27, 1, 15, 75, 13],
    [17, 3, 57, 61, 16],
    [14, 6, 26, 85, 23],
    [5, 3, 64, 25, 14],
    [21, 3, 94, 62, 29],
    [13, 2, 37, 19, 14],
    [7, 3, 45, 7, 10],
    [15, 3, 99, 40, 14],
    [21, 1, 29, 62, 13],
    [18, 2, 23, 73, 12],
    [23, 1, 41, 95, 29],
    [23, 4, 84, 105, 30],
    [51, 8, 168, 211, 39],
    [31, 9, 128, 196, 32],
    [23, 3, 37, 78, 14],
    [72, 24, 184, 242, 58],
    [74, 23, 257, 187, 58],
    [35, 10, 149, 130, 30],
    [44, 11, 161, 175, 52],
    [10, 4, 36, 26, 7],
    [18, 2, 44, 95, 6],
    [38, 12, 81, 150, 28],
    [17, 1, 51, 31, 14],
    [8, 7, 121, 58, 29],
    [1, 1, 24, 13, 10],
    [4, 6, 80, 17, 17],
    [12, 0, 18, 38, 6],
    [18, 0, 21, 60, 33],
    [17, 2, 32, 66, 14],
    [25, 4, 39, 105, 12],
    [4, 1, 19, 6, 3],
    [23, 7, 54, 109, 17],
    [1, 1, 0, 3, 1],
    [0, 0, 4, 7, 4],
    [10, 2, 22, 30, 6],
    [2, 1, 2, 1, 1],
    [2, 2, 33, 30, 6],
    [19, 5, 32, 55, 11],
    [6, 6, 13, 13, 2],
    [12, 1, 22, 65, 8],
    [34, 3, 53, 120, 18],
    [129, 33, 231, 352, 46],
    [19, 1, 37, 76, 6],
    [29, 4, 33, 86, 7],
    [37, 3, 77, 105, 31],
    [50, 9, 111, 158, 20],
    [26, 12, 105, 87, 36],
    [10, 3, 30, 23, 11],
    [38, 12, 140, 98, 36],
    [7, 2, 7, 21, 5],
    [22, 14, 61, 76, 9],
    [19, 3, 27, 80, 11],
    [3, 1, 30, 21, 12],
    [17, 1, 25, 49, 13],
    [19, 10, 17, 70, 17],
    [10, 1, 22, 26, 8],
    [20, 2, 67, 67, 14],
    [19, 1, 37, 92, 18],
    [8, 5, 15, 63, 5],
    [0, 0, 7, 9, 1],
    [30, 7, 34, 86, 19],
    [32, 65, 252, 119, 60],
    [296, 185, 1523, 1107, 389],
    [188, 79, 862, 793, 274],
    [0, 1, 7, 5, 3]
  ],
  "method": "mult",
  "cond_prob": [
    [
      [0, 0.22412604713, 0.004947599105, 0.75316318445, 0.017763169308],
      [0, 0.070910928162, 0.80432683021, 0.065669153212, 0.059093088418],
      [0, 0.051651071197, 0.83141061962, 0.088370993446, 0.028567315735],
      [0, 0.0066061626978, 0.012270764392, 0.95671434202, 0.024408730888],
      [0, 0.23355130954, 0.17078357841, 0.0672910706, 0.52837404145]
    ],
    [
      [0.001010009092, 0.16986158621, 0.016677828271, 0.80690601329, 0.0055445631407],
      [0.013634815926, 0.049732867686, 0.8517082588, 0.068175397285, 0.016748660301],
      [0.022444831808, 0.033329918045, 0.8665459801, 0.069796055097, 0.0078832149541],
      [0.0042335653369, 0.0028358079861, 0.026268532497, 0.95954916293, 0.007112931247],
      [0.37637451964, 0.18592870506, 0.21040647114, 0.075903261538, 0.15138704262]
    ],
    [
      [0, 0.18607580946, 0, 0.80820703682, 0.0057171537149],
      [0.026047518058, 0.069991474094, 0.80266442617, 0.084613466714, 0.016683114964],
      [0.071663228257, 0.064810595238, 0.73026788566, 0.1235158642, 0.0097424266429],
      [0, 0.0035476559014, 0, 0.98846518307, 0.0079871610258],
      [0.49901444132, 0.19046401636, 0.13287488021, 0.071313825126, 0.10633283698]
    ],
    [
      [0, 0.17377070523, 0.0030666555272, 0.8199412345, 0.0032214047399],
      [0.010208369153, 0.057965490754, 0.84168855107, 0.078338160353, 0.011799428666],
      [0.015512038848, 0.038359206329, 0.83345920372, 0.10768808039, 0.004981470709],
      [0.00052480394137, 0.002078601896, 0.0081987069617, 0.98554000519, 0.0036578820105],
      [0.28336413855, 0.25055408164, 0.24934707313, 0.10576923029, 0.11096547639]
    ],
    [
      [0.009147208581, 0.29898064554, 0.0097115933145, 0.68216055257, 0],
      [0.050057889073, 0.070547650423, 0.84548047418, 0.033913986328, 0],
      [0.073300641378, 0.059642993181, 0.86705636544, 0, 0],
      [0.13229931471, 0.01216562732, 0.035402602809, 0.82013245516, 0],
      [0.82519251247, 0.10466524931, 0.066746597746, 0.003395640471, 0]
    ],
    [
      [0, 0.14886142043, 0.0021854775949, 0.84508780144, 0.0038653005318],
      [0.006268344074, 0.049598086039, 0.84760566603, 0.081661996272, 0.014865907584],
      [0.0066180367246, 0.030260121931, 0.83903073405, 0.11899485612, 0.0050962511732],
      [0, 0, 0.0021912714663, 0.99448335946, 0.0033253690756],
      [0.2007832749, 0.23991593231, 0.27969268247, 0.12225221187, 0.15735589846]
    ],
    [
      [0.0017539486537, 0.18759762958, 0.0050592406251, 0.7996324331, 0.0059567480339],
      [0.015230279921, 0.060696953206, 0.83219880032, 0.073142726628, 0.018731239922],
      [0.027110301349, 0.042792863148, 0.83141669578, 0.088927702583, 0.0097524371385],
      [0.0077143518749, 0.0059431919959, 0.016165181444, 0.96137484453, 0.0088024301539],
      [0.34483695102, 0.21956635212, 0.20723710993, 0.081526221363, 0.14683336557]
    ],
    [
      [0.0092645208527, 0, 0, 0.98331626332, 0.007419215832],
      [0.04171821533, 0, 0.8546619998, 0.084884723549, 0.018735061322],
      [0.11656639525, 0, 0.77446817218, 0.095677203572, 0.013288229003],
      [0.028567048845, 0, 0, 0.95957044922, 0.011862501935],
      [0.71488163852, 0, 0.12170184902, 0.056063068063, 0.10735344439]
    ],
    [
      [0.00097034632232, 0.096016729928, 0.0022361758586, 0.89692904721, 0.0038477006782],
      [0.018015903783, 0.030617949152, 0.85623602654, 0.082405221577, 0.012724898948],
      [0.028227605089, 0.019704048152, 0.83044787436, 0.11593275101, 0.0056877213867],
      [0.003860318897, 0.00090985589674, 0.0023352448534, 0.98842535457, 0.0044692257864],
      [0.45078564227, 0.11869427862, 0.22292295731, 0.09939699531, 0.10820012649]
    ],
    [
      [0, 0.14232076224, 0.0047406215661, 0.84976274656, 0.0031758696367],
      [0.0054564786691, 0.046117878528, 0.85326672177, 0.079487649185, 0.015671271849],
      [0.0028775123712, 0.026929162451, 0.8518542083, 0.11485077853, 0.0034883383479],
      [0, 0, 0.0085160326053, 0.98865355585, 0.0028304115406],
      [0.19663020539, 0.22730791481, 0.28185402424, 0.11975312688, 0.17445472868]
    ],
    [
      [0.0027016404772, 0.050822757447, 0.0008960188669, 0.94066831858, 0.0049112646324],
      [0.033038611122, 0.015941674203, 0.84889197384, 0.086185407197, 0.015942333636],
      [0.065471275291, 0.010277105738, 0.79196777955, 0.12434261459, 0.0079412248313],
      [0.0028994989052, 0.00065197688745, 0, 0.99021039724, 0.0062381269668],
      [0.63459924362, 0.043608579014, 0.14978720671, 0.07080267925, 0.10120229141]
    ],
    [
      [0, 0.15548589415, 0, 0.84308777989, 0.0014263259656],
      [0.017113115136, 0.057855257941, 0.82859780446, 0.090759105284, 0.0056747171794],
      [0.025839464229, 0.042091651031, 0.75833046008, 0.17130954537, 0.002428879286],
      [0, 0, 0, 0.99845728553, 0.0015427144727],
      [0.42451581707, 0.21814225898, 0.19894638562, 0.1112781244, 0.047117413932]
    ],
    [
      [0, 0.17551875026, 0.014737930259, 0.80636238038, 0.0033809391033],
      [0.0029830806057, 0.050026231764, 0.87179008001, 0.063265399213, 0.011935208409],
      [0.0022395440857, 0.028916937433, 0.90366330523, 0.062248378103, 0.0029318351488],
      [0, 0, 0.044110143603, 0.95305228409, 0.0028375723018],
      [0.11755917344, 0.28365217583, 0.33629333007, 0.11097414422, 0.15152117644]
    ],
    [
      [0, 0.11151235165, 0.0031533337241, 0.87739533272, 0.0079389819098],
      [0.0050282296688, 0.035069063776, 0.85163426798, 0.079754407783, 0.028514030792],
      [0.0070164814368, 0.022151291185, 0.84715130003, 0.11259246925, 0.011088458099],
      [0, 0, 0.007909241837, 0.98391570596, 0.0081750522049],
      [0.1579202643, 0.16393364981, 0.26880435101, 0.11402780404, 0.29531393084]
    ],
    [
      [0.0024770276115, 0.19048184983, 0.0059259805701, 0.80111514199, 0],
      [0.020488523555, 0.060742959735, 0.84703208896, 0.071736427748, 0],
      [0.036222921245, 0.043385917405, 0.83766029148, 0.08273086987, 0],
      [0.0083863142672, 0.0055599840774, 0.015193304607, 0.97086039705, 0],
      [0.49130275734, 0.22330900955, 0.20710403839, 0.078284194723, 0]
    ],
    [
      [0, 0.11783871182, 0, 0.87535046848, 0.0068108196985],
      [0.012042151069, 0.039214680696, 0.83940920277, 0.085499580636, 0.02383438483],
      [0.020617493179, 0.025793118189, 0.81742666576, 0.12579715535, 0.010365567526],
      [0, 0.00094984710611, 0, 0.991134907, 0.0079152458948],
      [0.30818329468, 0.15555120576, 0.22429790722, 0.10604541642, 0.20592217594]
    ],
    [
      [0, 0.23438478331, 0.0092222234688, 0.75639299322, 0],
      [0, 0.06194742209, 0.87725340992, 0.060799167989, 0],
      [0, 0.039731971952, 0.91216667357, 0.048101354475, 0],
      [0, 0.0029429596014, 0.024677759322, 0.97237928108, 0],
      [-0, 0.50778728648, 0.36915705628, 0.12305565724, -0]
    ],
    [
      [0, 0.12871287076, 0.0049915732168, 0.86579053595, 0.00050502007318],
      [0.008363040736, 0.040796586296, 0.86576367666, 0.083112260649, 0.0019644356581],
      [0.0055596702461, 0.022438022236, 0.85544932283, 0.11619078432, 0.00036220036348],
      [0, 0, 0.0081489644046, 0.99147611241, 0.00037492318459],
      [0.35920985632, 0.20560943093, 0.28902684259, 0.12332759045, 0.022826279716]
    ],
    [
      [0.0090677621176, 0.21763656664, 0.00079585234346, 0.76856486428, 0.0039349546226],
      [0.021966457577, 0.071388189463, 0.82449748191, 0.072605410817, 0.0095424602288],
      [0.047001011894, 0.055141969873, 0.81109857388, 0.080457430087, 0.0063010142619],
      [0.01550247574, 0.009546472417, 0.0067831159773, 0.96300432011, 0.0051636157568],
      [0.44875345251, 0.23448633064, 0.18019878202, 0.068110022154, 0.068451412672]
    ],
    [
      [0.00048938200259, 0.1401588383, 0.010925938039, 0.83920731877, 0.0092185228871],
      [0.0077038348815, 0.033499933934, 0.88095079715, 0.054844777479, 0.023000656552],
      [0.010805235382, 0.02022677008, 0.93810149709, 0.022769874701, 0.0080966227498],
      [0.0023088592589, 0.0015977075049, 0.031657058454, 0.95345161407, 0.010984760708],
      [0.23289996261, 0.15872082456, 0.29536976292, 0.076451534389, 0.23655791552]
    ],
    [
      [0.00088186565769, 0.15496576342, 0.012987110111, 0.82237818355, 0.0087870772636],
      [0.0098095541295, 0.039162942615, 0.87127700714, 0.057051237437, 0.02269925868],
      [0.016651330597, 0.025531168647, 0.92660765152, 0.020806710441, 0.010403138797],
      [0.0037498911899, 0.002195259199, 0.039245619205, 0.94375304564, 0.011056184765],
      [0.26990514888, 0.1714611799, 0.27211169753, 0.071705671224, 0.21481630247]
    ],
    [
      [0.0013464832675, 0.10050471644, 0.020584713215, 0.87756408708, 0],
      [0.02220124438, 0.024803166381, 0.89765271216, 0.055342877076, 0],
      [0.034574453728, 0.014798798377, 0.92423659311, 0.026390154785, 0],
      [0.0068010209305, 0.0011889983221, 0.021176638123, 0.97083334262, 0],
      [0.6530609325, 0.088962359647, 0.20099120962, 0.05698549823, 0]
    ],
    [
      [0, 0.10159472893, 0, 0.88979986439, 0.0086054066805],
      [0.010118569957, 0.042432273024, 0.8132110702, 0.098985624983, 0.035252461839],
      [0.015446162769, 0.03115316624, 0.73339688789, 0.20504424593, 0.014959537169],
      [0, 0, 0, 0.99020941805, 0.0097905819501],
      [0.24830218321, 0.15526322148, 0.19289397276, 0.11370369098, 0.28983693156]
    ],
    [
      [0, 0.10516398199, 0, 0.89016553275, 0.0046704852628],
      [0.014946358249, 0.036967945836, 0.84187279342, 0.089179470063, 0.017033432433],
      [0.024301429433, 0.024371855332, 0.79225942267, 0.15184820172, 0.0072190908511],
      [0, 0, 0, 0.99489678285, 0.0051032171548],
      [0.37246886116, 0.14543819128, 0.22500457379, 0.11232192046, 0.14476645331]
    ],
    [
      [0, 0.11405539685, 0.0027186898748, 0.87981411184, 0.0034118014384],
      [0.011028426088, 0.036926493948, 0.8568123909, 0.082536435361, 0.012696253704],
      [0.012643475007, 0.022150187821, 0.8414656743, 0.11947582068, 0.0042648421909],
      [0, 0, 0.004365352527, 0.9925393223, 0.0030953251701],
      [0.33113446256, 0.16630430695, 0.26154721081, 0.11545286105, 0.12556115864]
    ],
    [
      [0, 0.19822578242, 0, 0.79259904335, 0.0091751742231],
      [0.0036184925409, 0.071732826994, 0.80901701644, 0.080899327519, 0.034732336507],
      [0.0056273098147, 0.052543176446, 0.79577607455, 0.13065287297, 0.015400566221],
      [0.00079564536433, 0.0045145054409, 0.00069507728601, 0.9817103149, 0.012284457004],
      [0.093557140021, 0.28482657309, 0.21539793659, 0.10090451428, 0.30531383602]
    ],
    [
      [0, 0.1135367746, 0, 0.88082287763, 0.00564034777],
      [0.011343863591, 0.040294142129, 0.83871663616, 0.08840145188, 0.021243906244],
      [0.016594786619, 0.02644153296, 0.79798590267, 0.15056212957, 0.0084156481801],
      [0, 0, 0, 0.99400663987, 0.0059933601332],
      [0.29618246082, 0.16530640684, 0.2336277015, 0.11639436519, 0.18848906565]
    ],
    [
      [0.0010245912162, 0.18032203096, 0.017154598333, 0.79287028049, 0.0086284990098],
      [0.0099547128788, 0.040804094878, 0.88241600777, 0.046815708685, 0.020009475785],
      [0.0058927103441, 0.025322305839, 0.95971151002, 0, 0.0090734738001],
      [0.037882481355, 0.0023155401435, 0.043292183692, 0.90533706161, 0.011172733204],
      [0.27944192662, 0.18293611678, 0.28890871782, 0.054969763259, 0.19374347552]
    ],
    [
      [0, 0.24228323668, 0.012420445194, 0.72581771277, 0.019478605362],
      [1.1213708565e-16, 0.046817802171, 0.88116823956, 0.026917299158, 0.045096659108],
      [0, 0, 0.98497765624, 0, 0.015022343762],
      [0, 0.118934225, 0.05922879039, 0.79618565441, 0.025651330198],
      [0, 0.18834425898, 0.19864072679, 0.035605071277, 0.57740994296]
    ],
    [
      [0.0079723659191, 0.11713504749, 0, 0.86368294548, 0.011209641119],
      [0.046630526809, 0.039072626345, 0.80405803479, 0.082179812022, 0.028059000036],
      [0.12746620406, 0.028165066221, 0.72929378223, 0.095863864297, 0.019211083196],
      [0.023664477129, 0.0048002431447, 0, 0.95475414884, 0.016781130886],
      [0.62995683291, 0.082221328974, 0.10436459296, 0.050000938914, 0.13345630624]
    ],
    [
      [0.0023707753818, 0.15260851423, 0.0035026840859, 0.8343964895, 0.0071215367977],
      [0.01728696511, 0.049171701074, 0.83518268681, 0.076602141589, 0.021756505419],
      [0.032287591833, 0.034654240852, 0.82587523062, 0.095183947343, 0.011998989347],
      [0.010252118037, 0.0046845976223, 0.0090793717903, 0.96532523452, 0.010658678031],
      [0.37822365703, 0.17289540205, 0.20151332776, 0.082331753306, 0.16503585985]
    ],
    [
      [0.0020857037955, 0.10520765847, 0.008452274879, 0.87473649717, 0.0095178656923],
      [0.016635071247, 0.029376031585, 0.85797862022, 0.069494317985, 0.026515958964],
      [0.031079731184, 0.02014180592, 0.86747697436, 0.06688154373, 0.014419944808],
      [0.0080306498421, 0.0020296557892, 0.025513548329, 0.9519787845, 0.012447361539],
      [0.39662162228, 0.10641583942, 0.20845638127, 0.073009354471, 0.21549680256]
    ],
    [
      [0, 0.12432460109, 0.0008403628121, 0.87191684923, 0.0029181868598],
      [0.0088801657091, 0.04147844811, 0.8531221463, 0.085696389232, 0.010822850645],
      [0.010944507341, 0.025352656777, 0.82786195796, 0.13184266497, 0.0039982129517],
      [0, 0, 0, 0.99736806374, 0.0026319362565],
      [0.28510596841, 0.19896878352, 0.2768689778, 0.12478317797, 0.11427309229]
    ],
    [
      [0.00089123482362, 0.1394796878, 0.007653767984, 0.843457713, 0.0085175963914],
      [0.01086471198, 0.041225965776, 0.85255752502, 0.069889910724, 0.025461886497],
      [0.01844094063, 0.027753898371, 0.86701112839, 0.074566982886, 0.012227049718],
      [0.0037719342566, 0.0023010521362, 0.024711466309, 0.9584342119, 0.010781335402],
      [0.27758918286, 0.1681240334, 0.2428874322, 0.087361165726, 0.22403818582]
    ],
    [
      [0, 0.076354406683, 0.011686840559, 0.91195875276, 0],
      [0.0085893969386, 0.019974348072, 0.90567661474, 0.065759640251, 0],
      [0, 0.0036136848551, 0.93743852116, 0.058947793987, 0],
      [0, 0, 0.028766903232, 0.97123309677, 0],
      [0.34785265077, 0.13674990746, 0.39546096782, 0.11993647396, 0]
    ],
    [
      [0.0049520311573, 0.2695514041, 0.00086531168095, 0.71457175955, 0.010059493506],
      [0.016601386119, 0.094249550265, 0.79026747672, 0.070667369654, 0.028214217245],
      [0.031103726444, 0.070442963147, 0.79535273474, 0.086943856123, 0.016156719541],
      [0.016488485517, 0.021339826859, 0.0029642954241, 0.94090548696, 0.018301905239],
      [0.3097763296, 0.28442729569, 0.15808186048, 0.061781629252, 0.18593288498]
    ],
    [
      [0.0013898421029, 0.2428766586, 0.0087476466064, 0.74156057497, 0.0054252777157],
      [0.01148550606, 0.076829289534, 0.82958146523, 0.065415885838, 0.016687853341],
      [0.021412083788, 0.056634831705, 0.85193348757, 0.060999563779, 0.00902003316],
      [0.0060721917572, 0.0087067604229, 0.030364477015, 0.94652110289, 0.0083354679143],
      [0.27328657462, 0.29302055153, 0.22109675814, 0.074895802724, 0.137700313]
    ],
    [
      [0, 0.59107898524, 0.021555017699, 0.38736599706, 0],
      [4.8572257327e-17, 0.12812244666, 0.83614331451, 0.035734238823, 0],
      [0, 0.058056717419, 0.94194328258, 0, 0],
      [0, 0.058898048363, 0.070223950658, 0.87087800098, 0],
      [0, 0.85056959088, 0.12040856359, 0.029021845529, -0]
    ],
    [
      [0, 0.18522234356, 0, 0.80912900221, 0.0056486542266],
      [0.038045610604, 0.070931966118, 0.78103508161, 0.089642404752, 0.020344936914],
      [0.11494598199, 0.066419482803, 0.67970916132, 0.12872368839, 0.010201685489],
      [0, 0, 0, 0.99097517477, 0.0090248252277],
      [0.59266024384, 0.14814324595, 0.1014969511, 0.056733816576, 0.10096574253]
    ],
    [
      [0, 0.13455753498, 0, 0.86158110864, 0.0038613563847],
      [0.0071151519305, 0.047766852845, 0.84003341958, 0.089011890117, 0.016072685526],
      [0.0074679403453, 0.037551563254, 0.79791966178, 0.15055849146, 0.0065023431672],
      [0, 0, 0, 0.99598122623, 0.0040187737744],
      [0.25959469899, 0.212936742, 0.24183336142, 0.11300498616, 0.17263021143]
    ],
    [
      [0, 0.2453739221, 0, 0.75130738089, 0.0033186970135],
      [0.0065007088587, 0.093200812355, 0.80317436462, 0.082597028533, 0.014527085636],
      [0.0044380581192, 0.099298296309, 0.7391735881, 0.15057837084, 0.0065116866244],
      [0, 0, 0, 0.99620836971, 0.0037916302883],
      [0.18852360022, 0.37522566941, 0.20038307795, 0.10058303565, 0.13528461678]
    ],
    [
      [0.0007675436871, 0.041819790841, 0.0050088133758, 0.94342492241, 0.0089789296846],
      [0.013868554216, 0.011699024699, 0.87148555077, 0.076269675786, 0.026677194526],
      [0.021242793298, 0.0074462470347, 0.8602997379, 0.099444681922, 0.011566539844],
      [0.0021633203641, 0.00018861089174, 0.015510413189, 0.97280009744, 0.0093375581144],
      [0.37851147607, 0.047980078111, 0.23490579425, 0.094042328391, 0.24456032317]
    ],
    [
      [0.0012973900979, 0.2532055128, 0.013392096887, 0.73210500021, 0],
      [0.016218761116, 0.07116383025, 0.85478858071, 0.057828827927, 0],
      [0.027364514772, 0.052328569449, 0.89019314923, 0.030113766546, 0],
      [0.0060425676229, 0.0078928499619, 0.042611306529, 0.94345327589, 0],
      [0.46003750624, 0.27305474984, 0.20800873715, 0.058899006774, 0]
    ],
    [
      [0.002372305562, 0, 0, 0.99762769444, 0],
      [0.34978204699, 0, -0, 0.65021795301, 0],
      [0.39564553714, 0, -0, 0.60435446286, 0],
      [0.033885462111, 0, 0, 0.96611453789, 0],
      [0.96611453789, 0, 0, 0.033885462111, 0]
    ],
    [
      [0.0066459318306, 0.32209617534, 0, 0.65658930542, 0.014668587418],
      [0.27950384168, 0.13612066506, 0.48065821354, 0.063752177881, 0.03996510183],
      [0.08250766848, 0.091462859086, 0.70779315573, 0.098691399069, 0.019544917637],
      [0.024199545857, 0.042452386262, 0, 0.90227453445, 0.031073533432],
      [0.56789813541, 0.2177837788, 0.047479682638, 0.01999452254, 0.1468438806]
    ],
    [
      [0, 0.26991915947, 0, 0.72644789243, 0.003632948096],
      [0.013473729711, 0.10831165422, 0.77898406425, 0.08430130189, 0.014929249934],
      [0.036512857942, 0.12892477684, 0.70967271091, 0.11782364826, 0.0070660060456],
      [0, 0.0013943306907, 0, 0.99297572428, 0.0056299450322],
      [0.30506656935, 0.34766812798, 0.15485095163, 0.08216102716, 0.11025332388]
    ],
    [
      [0, 0.16827416426, 0, 0.82534763318, 0.0063782025545],
      [0.0079039432141, 0.059305293935, 0.82496213908, 0.083800105399, 0.024028518373],
      [0.013529835924, 0.045954169346, 0.79847947126, 0.13143318717, 0.010603336297],
      [0, 0, 0, 0.99242136576, 0.007578634245],
      [0.21497599202, 0.24027861515, 0.22370487474, 0.10397823426, 0.21706228384]
    ],
    [
      [0, 0, 0.0035558357814, 0.99644416422, 0],
      [1.3877787808e-17, 0, 0.93552166813, 0.064478331872, 0],
      [2.7449752053e-33, 0, 0.76844109683, 0.23155890317, 0],
      [0, 0, 0, 1, 0],
      [9.0252011378e-49, 0, 0.69467670952, 0.30532329048, 0]
    ],
    [
      [0.0010065652705, 0.14522300311, 0.0029002791514, 0.84857454559, 0.002295606874],
      [0.017579809108, 0.046989993821, 0.84858556564, 0.079104969089, 0.0077396623441],
      [0.02799655343, 0.031385249212, 0.82925163836, 0.10782478747, 0.003541771526],
      [0.0043510914152, 0.0026226456049, 0.0065901734184, 0.98355964566, 0.0028764438987],
      [0.44490278137, 0.18059374144, 0.21542922977, 0.092838932633, 0.066235314794]
    ],
    [
      [0, 0.1633389786, 0, 0.83123057555, 0.0054304458459],
      [0.027454595641, 0.06874652361, 0.78562019294, 0.098835631793, 0.019343056016],
      [0.099709615566, 0.067993492475, 0.66387330887, 0.15790848792, 0.010515095166],
      [0, 0, 0, 0.99034393709, 0.0096560629088],
      [0.47282363327, 0.18895947015, 0.13404643075, 0.089056841987, 0.11511362385]
    ],
    [
      [0.0035237677188, 0.38778230324, 0.0013568230729, 0.60733710597, 0],
      [0.074420650598, 0.11916819909, 0.73828640286, 0.068124747452, 0],
      [0.12524333256, 0.074633150205, 0.70817703485, 0.091946482379, 0],
      [0.02132444829, 0.0056563245546, 0.0014118206174, 0.97160740654, 0],
      [1, 0, 0, 0, 0]
    ],
    [
      [0, 0.59618026836, 0.0013582139059, 0.3783548072, 0.024106710536],
      [0, 0.17345544907, 0.61736968605, 0.049834987431, 0.15933987745],
      [0, 0.12880322474, 0.7203169441, 0.067458565505, 0.08342126565],
      [3.5041414215e-16, 0.010745040492, 0.01214572987, 0.90908272391, 0.06802650573],
      [0, 0.36241547155, 0.44534161855, 0.19224290991, 0]
    ],
    [
      [0, 0, 0.0024295111893, 0.98467739317, 0.012893095642],
      [2.0816681712e-17, 0, 0.83748166187, 0.10687976585, 0.055638572278],
      [0, 0, 0.6586359962, 0.3413640038, 0],
      [0, 0, 0, 1, 0],
      [0, 0, 0.17670500475, 0.32329499525, 0.5]
    ],
    [
      [0, 0, 0, 1, 0],
      [5.5511151231e-17, 0, 0.71561309821, 0.28438690179, 0],
      [0, 0, 0.43505856731, 0.56494143269, 0],
      [0, 0, 0.00053664977513, 0.99946335022, 0],
      [0, 0, 0.25976573078, 0.74023426922, 0]
    ],
    [
      [0, 0.21143372987, 0.0016217900607, 0.78514747678, 0.001797003286],
      [0.0033461271694, 0.072560290822, 0.83789286334, 0.077641544781, 0.0085591738834],
      [0.00074829218097, 0.04503251314, 0.83731324898, 0.11441258919, 0.0024933565149],
      [0, 0, 0.00097864401655, 0.99792792106, 0.0010934349223],
      [0.1203778875, 0.3737053383, 0.28347851337, 0.12234476351, 0.10009349732]
    ],
    [
      [0.0033398721569, 0.21004766694, 0.0066401352491, 0.76029146008, 0.019680865571],
      [0.023578184401, 0.063763436112, 0.84954497384, 9.2211509527e-05, 0.063021194133],
      [0.028538245261, 0.044693748484, 0.85962418093, 0.031507356893, 0.035636468434],
      [0.031753097249, 0.018451583836, 0.029656020215, 0.87331686497, 0.04682243373],
      [0.25705742401, 0.19386651195, 0.18325768839, 0, 0.36581837565]
    ],
    [
      [0.0024364822487, 0.24872776514, 0, 0.73742904832, 0.011406704294],
      [0.02751810934, 0.092088589231, 0.76390738302, 0.07804901561, 0.038436902796],
      [0.088556532135, 0.068327203453, 0.71956745468, 0.10068898256, 0.022859827177],
      [0.0057572539998, 0.016468098489, 0, 0.95459338148, 0.023181266029],
      [0.41625283524, 0.21564040068, 0.1124585926, 0.054053427646, 0.20159474383]
    ],
    [
      [0, 0.18803372425, 0, 0.81196627575, 0],
      [0, 0.067444858802, 0.85435450355, 0.078200637646, 0],
      [0, 0.015927236363, 0.78148433751, 0.20258842613, 0],
      [0, 0, 0, 1, 0],
      [0, 0.52836913332, 0.31109397493, 0.16053689174, 0]
    ],
    [
      [0.0061969968686, 0.12918411887, 0, 0.86223234529, 0.0023865389723],
      [0.029242698944, 0.043806032689, 0.83535467301, 0.084611369872, 0.0069852254865],
      [0.054865825686, 0.02910157247, 0.80298805635, 0.10966912999, 0.0033754155098],
      [0.019184685832, 0.0041087217835, 0, 0.97314059046, 0.0035660019237],
      [0.5801230433, 0.13258038746, 0.16306342168, 0.077271851766, 0.046961295795]
    ],
    [
      [0.0037720749269, 0.086097457288, 0.0073968352434, 0.89519468199, 0.0075389505481],
      [0.021347382575, 0.024601085609, 0.8610018652, 0.072785503486, 0.020264163132],
      [0.041387083161, 0.016852900011, 0.85376617642, 0.07635270435, 0.01164113606],
      [0.014196815778, 0.0019458387895, 0.021917161472, 0.95135911492, 0.010581069044],
      [0.47792269224, 0.086451781405, 0.20560183123, 0.073645233615, 0.15637846151]
    ],
    [
      [0.00052693989182, 0.132309942, 0, 0.86602132094, 0.0011417971617],
      [0.019575475059, 0.046379841265, 0.84121886829, 0.088577873214, 0.0042479421759],
      [0.034355675864, 0.032803865939, 0.7777261664, 0.15324296638, 0.0018713254183],
      [0, 0, 0, 0.99875755953, 0.0012424404706],
      [0.47747488777, 0.17462961956, 0.20573071582, 0.10719672094, 0.034968055904]
    ],
    [
      [0, 0.1539961936, 0.011329755733, 0.83314321855, 0.0015308321164],
      [0.0051734399332, 0.03686994669, 0.89781442535, 0.054933085035, 0.0052091029884],
      [0, 0.013008613481, 0.9651281577, 0.021863228819, 0],
      [0, 0, 0.042729464047, 0.95727053595, 0],
      [0.21317712001, 0.23477556637, 0.38667637509, 0.095605329209, 0.069765609318]
    ],
    [
      [0, 0.14097432307, 0.00080853900396, 0.85370575517, 0.0045113827533],
      [0.0087629153495, 0.0484722277, 0.84086075861, 0.083455117359, 0.018448980979],
      [0.008465069643, 0.029376955797, 0.82243872294, 0.13462943954, 0.0050898120798],
      [0, 0, 0.00036107461033, 0.99533464391, 0.0043042814828],
      [0.24751705888, 0.21147202371, 0.24582109735, 0.11916891552, 0.17602090455]
    ],
    [
      [0.00046720448096, 0.28032655749, 0.036168340588, 0.6742627862, 0.008775111241],
      [0.0040040396534, 0.067982242955, 0.86195300486, 0.043810005721, 0.022250706806],
      [0, 0.030935232934, 0.95871758147, 0, 0.010347185596],
      [0.015578119085, 0.03407877094, 0.061101305017, 0.87630512622, 0.01293667874],
      [0.12070957142, 0.31626357145, 0.29803073235, 0.035511883559, 0.22948424122]
    ],
    [
      [0, 0.14027960392, 0.011065936361, 0.84505791825, 0.0035965414602],
      [0.0050836470923, 0.0386523852, 0.87619620279, 0.064405723661, 0.015662041259],
      [0.0012548994138, 0.01880184011, 0.91184460858, 0.068098651892, 0],
      [0.00054270308239, 0.0010869713222, 0.018219953286, 0.97443523497, 0.0057151373443],
      [0.19244796635, 0.20483940127, 0.31334027778, 0.10058914213, 0.18878321246]
    ],
    [
      [0.0013278884603, 0.22890561712, 0.010575870598, 0.75399105236, 0.0051995714607],
      [0.012470724235, 0.064912504605, 0.8475055797, 0.060231329973, 0.014879861485],
      [0.023241174582, 0.046308290621, 0.88780502527, 0.034841883088, 0.0078036264421],
      [0.0054042092459, 0.005137069009, 0.029363724258, 0.95274794393, 0.0073470535591],
      [0.3161160605, 0.25583390696, 0.23082848073, 0.067869717276, 0.12935183454]
    ],
    [
      [0.0012709747881, 0.15646354259, 0, 0.83093539138, 0.011330091241],
      [0.016068208248, 0.052573744133, 0.81697210307, 0.080740287415, 0.033645657132],
      [0.044651240586, 0.03699523582, 0.79171452808, 0.1086467808, 0.017992214718],
      [0.0042586351401, 0.0061135966783, 0, 0.97231564244, 0.017312125742],
      [0.33833230504, 0.16998361759, 0.17102358328, 0.079637693785, 0.24102280031]
    ],
    [
      [0, 0.15554949751, 0, 0.84445050249, 0],
      [0.0072830326615, 0.087923329373, 0.77414408837, 0.1215638133, 0.0090857363029],
      [0, 0.031994893515, 0.52599073343, 0.44201437306, 0],
      [0, 0, 0, 1, 0],
      [0.16545282789, 0.35736498626, 0.19616041287, 0.19920272903, 0.08181904395]
    ],
    [
      [0, 0.16945475613, 0, 0.82355352232, 0.0069917215425],
      [0.017045744626, 0.069267803323, 0.79360592114, 0.093902354225, 0.026178176687],
      [0.049172727111, 0.065112847008, 0.69900999265, 0.17346847802, 0.013235955207],
      [0, 0, 0, 0.98913571187, 0.010864288131],
      [0.34368525668, 0.21943607166, 0.15679256483, 0.09945746227, 0.18062864455]
    ],
    [
      [0.0016355722566, 0.10495576115, 0, 0.88999447023, 0.0034141963582],
      [0.02471591098, 0.046939645076, 0.80933664883, 0.10518687025, 0.013820924861],
      [0.049552900507, 0.035847138997, 0.67979640686, 0.22803974158, 0.0067638120579],
      [0, 0, 0, 0.99539456164, 0.0046054383556],
      [0.49003581839, 0.14623664125, 0.15532517428, 0.11458708128, 0.093815284804]
    ],
    [
      [5.4377079232e-06, 0.098341523408, 0, 0.89424213351, 0.0074109053785],
      [0.011859521753, 0.040712587006, 0.81856412661, 0.098337692202, 0.030526072433],
      [0.017348322921, 0.028369273448, 0.72416103763, 0.21738776147, 0.012733604533],
      [0, 0, 0, 0.99231303702, 0.007686962981],
      [0.28180328852, 0.15109855566, 0.19980596577, 0.12071166452, 0.24658052553]
    ],
    [
      [0.001026283471, 0.13318056424, 0, 0.86047545913, 0.0053176931594],
      [0.020098771439, 0.058732714413, 0.79355511232, 0.10509099689, 0.022522404937],
      [0.039509902917, 0.042958934723, 0.66225653062, 0.24458485537, 0.010689776374],
      [0, 0, 0, 0.99289795234, 0.0071020476565],
      [0.39781339675, 0.18262701357, 0.1590365022, 0.10826817651, 0.15225491097]
    ],
    [
      [0, 0.060340322928, 0, 0.93339233786, 0.0062673392117],
      [0.020045815887, 0.032001343813, 0.80766365983, 0.11173947728, 0.028549703188],
      [0.029263848725, 0.029552976227, 0.63060301049, 0.29821057681, 0.012369587752],
      [0, 0, 0, 0.99355558162, 0.0064444183839],
      [0.41836429639, 0.10162203006, 0.16033554517, 0.11897364925, 0.20070447913]
    ],
    [
      [0, 0.11057001054, 0, 0.88738139179, 0.0020485976688],
      [0.0048345361328, 0.03939564374, 0.85367810802, 0.089868112297, 0.012223599805],
      [0, 0.015368510315, 0.81365840678, 0.17037066678, 0.00060241612313],
      [0, 0, 0, 1, 0],
      [0.17041329539, 0.21147686023, 0.30687204414, 0.16557762773, 0.14566017251]
    ],
    [
      [0, 0.15720350476, 0, 0.84069562802, 0.0021008672214],
      [0.0085358564798, 0.059087507938, 0.83297520932, 0.089688481043, 0.0097129452173],
      [0.0076342406677, 0.037159835326, 0.79454934091, 0.15801787436, 0.002638708735],
      [0, 0, 0, 0.99800000699, 0.0019999930136],
      [0.25589095602, 0.26651466011, 0.25245499262, 0.12912230077, 0.096017090469]
    ],
    [
      [0, 0.11761999533, 0, 0.87780677629, 0.0045732283813],
      [0.012416748972, 0.047997272206, 0.82174407583, 0.098522017631, 0.019319885359],
      [0.016595986707, 0.032180580043, 0.74144011564, 0.20239523358, 0.0073880840361],
      [0, 0, 0, 0.99528769191, 0.0047123080906],
      [0.3134343497, 0.18694736717, 0.21026606706, 0.12490843008, 0.164443786]
    ],
    [
      [0, 0.13835529697, 0, 0.8585337601, 0.0031109429244],
      [0.013874063617, 0.048751204197, 0.83878848533, 0.086718516346, 0.011867730508],
      [0.019716832813, 0.032022084517, 0.80118682326, 0.14241628547, 0.0046579739415],
      [0, 0, 0, 0.99673314082, 0.0032668591753],
      [0.35909567726, 0.19654900154, 0.22658169454, 0.11371710137, 0.1040565253]
    ],
    [
      [0.0015070704162, 0.20384567392, 0.0011704649056, 0.79029321357, 0.0031835771811],
      [0.016493745617, 0.069139705923, 0.82665298543, 0.076906920681, 0.010806642345],
      [0.028501261767, 0.049905842602, 0.81208129306, 0.10397924688, 0.0055323556889],
      [0.005861988134, 0.0063757098684, 0.0038826013618, 0.97941602016, 0.0044636804726],
      [0.39149959975, 0.24608652098, 0.19225846053, 0.083052967067, 0.087102451674]
    ],
    [
      [0, 0.17565996409, 0, 0.8171670785, 0.0071729574102],
      [0.0085202026111, 0.065423150481, 0.81118536201, 0.086866793602, 0.028004491292],
      [0.015458404264, 0.050764535034, 0.75400864269, 0.16707438475, 0.01269403326],
      [0, 0, 0, 0.99118778854, 0.008812211461],
      [0.21713163452, 0.24560580066, 0.20020816628, 0.1005243599, 0.23653003863]
    ],
    [
      [0, 0.15176314706, 0.0067396761836, 0.84006195911, 0.0014352176455],
      [0.010288014907, 0.047315391304, 0.86253145191, 0.07460258453, 0.0052625573453],
      [0.0089483466316, 0.028727909104, 0.86161215741, 0.098774118822, 0.0019374680292],
      [0, 0, 0.018174734555, 0.98065811585, 0.0011671495971],
      [0.32684741943, 0.22636625281, 0.28131142672, 0.11010691206, 0.055367988978]
    ],
    [
      [0.00035568765247, 0.36539987415, 0.017053409269, 0.60960449609, 0.0075865328449],
      [0.002013712681, 0.11144002685, 0.81019794636, 0.05425209771, 0.022096216393],
      [0.0040533083181, 0.092424111418, 0.87226214534, 0.018643301344, 0.01261713358],
      [0.0011632516284, 0.017061218257, 0.037385825078, 0.93168530129, 0.01270440375],
      [0.053511433752, 0.45958819031, 0.23254029331, 0.053529911456, 0.20083017117]
    ],
    [
      [0.0015206724333, 0.2093819999, 0.0095452833672, 0.77299656738, 0.0065554769126],
      [0.013704778788, 0.051185213004, 0.86936634831, 0.049509204597, 0.0162344553],
      [0.020816010428, 0.038208286374, 0.93158793206, 0, 0.0093877711381],
      [0.022974299777, 0.0055283807866, 0.047129687902, 0.91481875437, 0.0095488771653],
      [0.34622946622, 0.20768271631, 0.25456591784, 0.04861983708, 0.14290206256]
    ],
    [
      [0.00089642359879, 0.35416224422, 0.002987715503, 0.63941036438, 0.0025432523053],
      [0.010126403598, 0.1288754388, 0.78740521197, 0.06414719829, 0.0094457473481],
      [0.025015170528, 0.10981010705, 0.80305243306, 0.054915827174, 0.0072064621983],
      [0.0077126948084, 0.019277736842, 0.011092436779, 0.95643570987, 0.0054814217041],
      [0.22883480476, 0.4630909169, 0.17921470011, 0.054479835689, 0.074379742543]
    ],
    [
      [0.00062021030623, 0.28089281404, 0.0061561756693, 0.71073938043, 0.0015914195562],
      [0.0097597781457, 0.08020462294, 0.85061285244, 0.054686885885, 0.0047358605929],
      [0.014625312029, 0.05424236497, 0.8891616389, 0.040094895237, 0.0018757888682],
      [0.0032282577727, 0.0053720769773, 0.021561925546, 0.96753858514, 0.0022991545624],
      [0.2772973615, 0.35085214706, 0.25718907863, 0.069010211566, 0.045651201247]
    ],
    [
      [0, 0.27008446365, 0.0090971188553, 0.71773263298, 0.0030857845187],
      [0.004638099787, 0.083651968087, 0.83515042638, 0.06512080838, 0.011438697369],
      [0.0059677944624, 0.059731144206, 0.84984398587, 0.079709013301, 0.0047480621601],
      [0, 0.0090306265467, 0.028607482969, 0.95853693207, 0.0038249584121],
      [0.14876328328, 0.39011033863, 0.25109307921, 0.088007124347, 0.12202617454]
    ],
    [
      [0, 0.10489676057, 0, 0.89223917241, 0.0028640670256],
      [0.019295369139, 0.047704228186, 0.81524005039, 0.10267201617, 0.015088336118],
      [0.027382793099, 0.030256801057, 0.78256735674, 0.15376106435, 0.0060319847598],
      [0, 0, 0, 0.99803247476, 0.0019675252374],
      [0.40681701045, 0.16595349963, 0.10806319723, 0.20693224423, 0.11223404846]
    ],
    [
