{
  "Z_true": {},
  "V_true": [
    [111, 444, 470, 118, 11359, 585],
    [479, 140, 62, 6030, 574, 524],
    [18, 28, 18, 108, 562, 427],
    [5, 3, 558, 17, 246, 20],
    [266, 348, 30, 512, 770, 613]
  ],
  "p_true": [
    [0.0085, 0.0339, 0.0359, 0.009, 0.868, 0.0447],
    [0.0613, 0.0179, 0.0079, 0.7722, 0.0735, 0.0671],
    [0.0155, 0.0241, 0.0155, 0.093, 0.4841, 0.3678],
    [0.0059, 0.0035, 0.6572, 0.02, 0.2898, 0.0236],
    [0.1048, 0.1371, 0.0118, 0.2017, 0.3033, 0.2414]
  ],
  "Z_est": [
    [
      [0.0597, 0.1405, 0.4395, 0, 0, 2.4477, 0, 0, 0.3453, 0, 0, 0, 0, 0.0988, 0, 0, 0.4275, 0.3678, 0, 0.2613, 0, 0, 0.4678, 0.7514, 0.3543, 1.3249, 0.4897, 0.0669, 0.0175, 0.1861, 0.2516, 0, 0.9626, 0, 1.7283, 0.1421, 0.8122, 0.3537],
      [0.1463, 0.0776, 0.7218, 0, 0.3628, 4.4529, 3.4221, 0.1276, 3.1048, 0.1977, 0, 1.9336, 0.6219, 4.4548, 0.9292, 3.5158, 0.2841, 3.477, 0.6149, 4.5039, 1.9957, 0.876, 3.242, 2.7752, 0.5697, 2.7798, 2.8274, 2.578, 0.293, 0, 1.3667, 0.2126, 3.4257, 0.324, 5.0267, 1.9695, 11.2284, 0.3624],
      [0, 0, 0.7084, 2.8403, 0.2478, 7.1158, 18.2663, 16.7689, 7.0154, 0, 0, 16.8433, 0.0837, 27.2165, 0.8575, 9.4955, 9.1071, 7.6162, 7.3421, 8.4778, 2.6088, 10.4983, 25.914, 32.084, 5.5624, 0.7894, 20.9405, 12.4525, 0, 0.919, 14.4653, 0, 6.9285, 0, 12.2674, 5.0243, 59.2993, 0],
      [0, 0.0164, 0.8952, 1.3799, 1.0776, 2.2467, 0.9124, 1.1404, 1.1348, 0, 0.3901, 1.1636, 0.5571, 0.8078, 0.4479, 2.1327, 0.3258, 0.3766, 0.6002, 0.5645, 0.2287, 2.444, 1.197, 0.721, 0.0954, 0.6203, 0, 0, 0, 0.3925, 0.6821, 0, 1.9249, 0.5218, 1.0148, 0.2002, 0.6534, 0],
      [12.1789, 17.148, 232.1196, 105.3509, 68.7054, 706.9468, 561.0669, 306.9501, 474.0719, 47.0967, 68.9843, 390.6895, 19.8478, 603.2269, 129.1755, 464.4555, 264.7291, 353.1147, 168.9377, 558.7885, 217.503, 327.5267, 543.8006, 501.1224, 174.5697, 357.1473, 351.8829, 300.1653, 16.7796, 17.7067, 280.6934, 10.2326, 463.003, 81.6553, 954.2739, 218.8291, 1243.4413, 47.5646],
      [0.6151, 1.6176, 22.1154, 6.4289, 6.6064, 59.7901, 62.3322, 23.013, 33.3278, 5.7056, 4.6255, 21.37, 1.8895, 46.1952, 7.59, 44.4006, 16.1264, 42.0477, 13.5051, 35.404, 20.6638, 22.6549, 21.3787, 42.546, 11.8486, 47.3383, 33.8595, 22.7374, 0.9099, 5.7958, 36.5411, 1.5548, 37.7553, 9.4989, 75.689, 7.8348, 105.5654, 2.7193]
    ],
    [
      [3.6943, 3.7694, 7.4282, 0, 0, 67.3206, 28.3154, 0, 18.3657, 4.0729, 6.9154, 5.3234, 0.6124, 11.223, 9.2802, 91.6014, 9.3493, 18.2961, 11.2847, 39.233, 11.5566, 8.1027, 9.7095, 11.4344, 4.8104, 13.5005, 10.7592, 10.3232, 0.8522, 0.3679, 12.3362, 0.7895, 28.9366, 2.1769, 51.5263, 5.2792, 50.4776, 5.0134],
      [1.503, 0.688, 2.8557, 0.9013, 1.0115, 29.7176, 14.1507, 4.7984, 13.9703, 1.6579, 2.0993, 8.2597, 1.4009, 10.0647, 4.1335, 35.7635, 2.6617, 7.3302, 5.4309, 16.2304, 5.6408, 12.7281, 7.1051, 6.9874, 1.3546, 5.8552, 5.076, 4.814, 1.4353, 0, 5.1973, 0.3541, 24.6977, 2.0734, 19.2318, 3.8164, 29.5637, 2.2316],
      [0, 0, 0, 1.2814, 0.0219, 0, 0.1375, 0, 0, 0, 0, 0.011, 0, 0, 0, 0, 0.0522, 0, 0.0462, 0, 0, 0.0597, 0, 0, 0.0371, 0, 0, 0.0154, 0, 0.098, 0, 0, 0, 0, 0, 0.0156, 0, 0],
      [30.5611, 44.5496, 138.0769, 38.2173, 15.5134, 1064.5808, 394.3331, 40.8588, 212.8395, 35.1608, 28.2289, 112.7574, 26.7577, 118.1894, 49.3449, 677.4002, 106.4574, 181.2718, 62.554, 340.031, 76.4838, 104.8161, 89.8176, 78.0072, 55.0912, 151.0611, 101.046, 82.89, 19.622, 14.9891, 166.6607, 8.5441, 391.2692, 51.2693, 596.3228, 74.0448, 495.1756, 66.447],
      [1.1205, 0.9151, 5.3175, 4.6743, 0.2786, 42.7235, 19.889, 4.911, 21.5556, 2.3074, 5.3299, 9.9208, 0.0427, 12.2196, 5.8915, 30.0614, 6.0246, 8.0154, 5.5979, 21.7318, 5.6972, 13.799, 13.3555, 12.4815, 2.5268, 8.9377, 6.79, 5.9058, 0.7628, 0.545, 9.0014, 0.006, 19.113, 4.9434, 30.8597, 5.4974, 29.864, 3.2172],
      [0.1211, 1.0778, 3.3217, 1.9257, 0.1747, 23.6575, 14.1742, 2.4318, 10.269, 1.801, 2.4266, 3.7277, 0.1864, 6.3032, 2.35, 20.1736, 2.4548, 6.0865, 3.0862, 8.7738, 3.6215, 6.4945, 4.0122, 7.0895, 1.1801, 6.6455, 4.3287, 3.0516, 0.3277, 0, 6.8043, 0.3063, 9.9834, 3.537, 16.0594, 1.3466, 16.9191, 1.0907]
    ],
    [
      [0.0493, 0, 0.1308, 0, 0, 1.1323, 0.4082, 0.061, 0.424, 0.0261, 0.1036, 0.181, 0.0073, 0.2295, 0.3331, 2.0197, 0.7496, 0.561, 0.268, 1.2181, 0.4645, 0.1438, 0.1887, 0.3003, 0.2262, 0.6258, 0.4321, 0.2931, 0.0125, 0.2063, 0.3843, 0.0121, 1.1916, 0.0367, 1.9029, 0.1771, 0.8376, 0.06],
      [0.5279, 0, 1.5837, 0.3186, 1.0845, 15.2958, 6.0528, 3.4481, 9.9131, 0.3245, 1.074, 6.1239, 0.6267, 6.3273, 4.4909, 21.1622, 6.9308, 6.7547, 3.0543, 15.0797, 6.9677, 6.4818, 4.2208, 5.8888, 2.0366, 8.461, 6.3753, 4.2387, 0.7554, 0, 5.077, 0.1919, 34.6657, 2.0178, 21.9145, 3.9237, 14.8839, 0.777],
      [0, 0, 0, 0.0101, 0, 0, 0.0008, 0, 0, 0, 0, 0, 0, 0, 0, 0, 0.0075, 0, 0.0013, 0, 0, 0.002, 0, 0, 0.0015, 0, 0, 0.0005, 0, 0.0034, 0, 0, 0, 0, 0, 0.0006, 0, 0],
      [0.0361, 0, 0.2058, 0.0309, 0.0428, 1.5578, 0.5064, 0.1377, 0.4565, 0.0201, 0.0501, 0.2875, 0.0217, 0.2176, 0.1736, 1.3144, 0.7606, 0.4987, 0.1263, 0.9511, 0.2792, 0.1709, 0.1572, 0.1943, 0.2283, 0.6513, 0.3697, 0.2111, 0.0248, 0.0693, 0.4704, 0.0149, 1.511, 0.1569, 1.9795, 0.2208, 0.7372, 0.07],
      [0.9252, 0, 4.4543, 2.4305, 0.4823, 35.2986, 14.6622, 10.0326, 26.9678, 0.7798, 5.0802, 14.9581, 0.1797, 13.4202, 11.9291, 33.2835, 25.7132, 12.6994, 6.8704, 34.4427, 12.2845, 12.716, 13.8221, 18.2638, 6.5893, 19.4554, 14.6241, 9.2293, 0.7898, 0.497, 13.5924, 0.3112, 38.1524, 7.2275, 57.8554, 9.7892, 25.7818, 2.0345],
      [0.4615, 0, 3.6254, 1.2099, 0.3905, 25.7155, 14.3696, 6.3206, 16.2386, 0.8496, 2.6922, 7.4494, 0.1647, 8.8054, 6.0733, 27.2202, 13.8383, 13.4862, 4.6797, 19.3085, 10.0041, 7.4854, 5.6113, 13.3528, 3.9181, 24.8066, 12.1987, 6.0273, 0.4175, 2.224, 16.4758, 0.4699, 26.4792, 8.5611, 39.3477, 3.8885, 18.7596, 1.0585]
    ],
    [
      [0, 0, 0, 0, 0, 0, 0, 0, 0, 0.3322, 0, 0, 0, 0.0014, 0, 0, 0, 0.0004, 0, 0, 0, 0, 0, 0.0055, 0, 0.0001, 0.0013, 0, 0, 0, 0.0002, 0, 0, 0.0072, 0.001, 0, 0.0027, 0.0314],
      [0, 0, 0, 0, 0, 0.0003, 0, 0, 0.0007, 0.2784, 0.364, 0, 0, 0, 0.0001, 0, 0, 0.0012, 0, 0.0013, 0.0001, 0, 0, 0.0016, 0, 0.0003, 0.0015, 0.0021, 0, 0, 0, 0, 0, 0, 0, 0, 0, 0.0012],
      [0, 0, 18.2916, 8.5406, 11.7304, 19.8842, 18.5874, 42.2311, 14.9846, 1, 4, 33.1456, 0.9163, 96.7835, 5.1425, 4.5045, 30.8263, 15.3838, 7.6026, 18.5222, 4.3912, 7.4318, 77.086, 61.916, 8.3827, 4.2106, 26.0595, 25.5278, 0, 0.978, 10.5347, 0, 7.0715, 1, 49.7326, 19.9577, 124.7007, 5],
      [0, 0, 0.0055, 0.0082, 0.0329, 0.0016, 0.0006, 0.0172, 0.0011, 0, 0.2633, 0.0069, 0.001, 0.0148, 0.0008, 0.0002, 0.0027, 0.0003, 0.001, 0.0004, 0.0001, 0.0012, 0.0204, 0.0078, 0, 0.0001, 0, 0, 0, 0.0006, 0.0006, 0, 0.0004, 0.0002, 0.0017, 0.0011, 0.001, 0],
      [0, 0, 3.6993, 0.4485, 2.2214, 3.1136, 1.412, 1.7395, 2.0131, 0.3892, 1.3694, 1.8474, 0.0827, 5.1934, 0.8564, 0.4952, 2.171, 1.6142, 0.3959, 2.4761, 0.6084, 0.5669, 3.8935, 2.0646, 0.6173, 0.7889, 0.9373, 1.4696, 0, 0.0214, 0.4645, 0, 0.9278, 0.3699, 7.2629, 2.0411, 6.2904, 0.9674],
      [0, 0, 0.0036, 0.0028, 0.0154, 0.0003, 0, 0.0122, 0.0004, 0.0002, 0.0033, 0, 0, 0.0069, 0.0001, 0.0001, 0, 0, 0.0005, 0, 0.0002, 0.0002, 0, 0.0045, 0, 0, 0.0003, 0.0005, 0, 0, 0, 0, 0.0002, 0.6226, 0.0018, 0, 0.0052, 0]
    ],
    [
      [2.1967, 2.0902, 5.0015, 0, 0, 27.0993, 10.2765, 0.939, 4.865, 1.5687, 1.981, 2.4956, 0.3804, 5.4473, 4.3867, 35.379, 5.4735, 14.7747, 5.4473, 19.2876, 7.9789, 2.7535, 4.634, 5.5083, 5.6091, 8.5488, 8.3177, 6.3168, 0.1177, 0.2397, 5.0277, 0.1983, 13.9091, 0.7792, 26.8416, 2.4015, 25.8699, 2.5416],
      [1.8228, 1.2344, 4.8388, 0.7801, 4.5412, 29.5334, 12.3743, 5.6259, 9.0111, 1.5415, 1.4627, 6.6827, 2.3506, 12.1532, 4.4462, 29.5585, 4.1235, 14.4369, 4.8999, 19.1848, 9.3957, 9.914, 8.4321, 8.347, 4.0392, 8.9037, 9.7198, 7.3672, 0.5164, 0, 5.359, 0.2414, 32.2108, 1.5847, 24.8271, 4.2904, 37.324, 2.6277],
      [0, 0, 0, 0.3276, 0, 0, 0.008, 0, 0, 0, 0, 0.0001, 0, 0, 0, 0, 0.007, 0, 0.0077, 0, 0, 0.0082, 0, 0, 0.0163, 0, 0, 0.0038, 0, 0.0015, 0, 0, 0, 0, 0, 0.0017, 0, 0],
      [2.4027, 3.434, 11.8166, 1.3636, 3.3333, 55.6131, 19.2474, 3.8458, 7.5681, 1.8191, 1.0676, 5.7846, 1.6625, 7.7705, 3.0329, 33.1525, 8.4535, 19.8526, 3.7186, 22.453, 7.0082, 4.5678, 5.8078, 5.0697, 8.5851, 12.6672, 10.5842, 6.8989, 0.3532, 0.5485, 9.1862, 0.441, 25.2945, 2.0517, 41.6812, 4.5331, 34.4327, 4.483],
      [3.7755, 3.9369, 16.4093, 7.0959, 2.3124, 81.9175, 35.9699, 18.3668, 29.3916, 4.4269, 8.2362, 19.5841, 0.8471, 30.9399, 14.1475, 55.7045, 18.362, 32.5563, 13.1981, 52.5609, 19.9069, 23.3914, 33.1283, 31.0678, 15.697, 24.6707, 26.7656, 19.2301, 0.6678, 0.23, 17.2483, 0.4503, 42.8038, 6.8039, 78.7481, 12.8432, 77.6226, 8.2163],
      [1.8023, 3.3046, 12.9339, 3.4328, 1.813, 57.8367, 34.124, 11.2225, 17.1642, 4.6438, 4.2524, 9.4529, 0.7595, 19.6892, 6.9866, 44.2055, 9.5805, 33.3796, 8.7285, 28.5137, 15.7104, 13.365, 12.9978, 22.0072, 9.0532, 30.2096, 21.6127, 12.1831, 0.3449, 0.9802, 20.1788, 0.669, 28.7818, 7.7804, 51.9021, 4.9301, 54.7508, 4.1314]
    ]
  ],
  "V_est": [
    [12.4971, 74.8017, 349.756, 26.8657, 11661.4819, 961.5977],
    [574.0378, 302.7916, 1.7761, 6341.2416, 381.8315, 207.3214],
    [15.3982, 239.0511, 0.0278, 14.9126, 517.6253, 373.9852],
    [0.3835, 0.6529, 786.0582, 0.3938, 60.8302, 0.6814],
    [276.6834, 345.7027, 0.3819, 401.5863, 889.2312, 625.4144]
  ],
  "p_est": [
    [0.001, 0.0057, 0.0267, 0.0021, 0.8911, 0.0735],
    [0.0735, 0.0388, 0.0002, 0.812, 0.0489, 0.0265],
    [0.0133, 0.2059, 0, 0.0128, 0.4458, 0.3221],
    [0.0005, 0.0008, 0.9259, 0.0005, 0.0716, 0.0008],
    [0.109, 0.1362, 0.0002, 0.1582, 0.3502, 0.2463]
  ],
  "EI_Z": {},
  "EI_V": 7.1904,
  "MAE_Z": {},
  "MAE_V": 121.9726,
  "MAE_p": 0.0421,
  "runtime": 0.084
}
