{
  "X": [
    [5, 12, 53, 38, 23],
    [11, 9, 93, 297, 57],
    [38, 65, 259, 772, 180],
    [4, 6, 19, 242, 31],
    [75, 114, 746, 1190, 204],
    [4, 9, 46, 60, 24],
    [31, 76, 158, 706, 130],
    [61, 88, 268, 687, 123],
    [41, 78, 177, 525, 124],
    [106, 187, 859, 1125, 234],
    [13, 31, 72, 508, 88],
    [16, 26, 70, 320, 76],
    [29, 36, 182, 165, 47],
    [13, 38, 94, 755, 116],
    [15, 25, 49, 203, 41],
    [94, 123, 587, 775, 197],
    [15, 42, 88, 484, 78],
    [36, 94, 287, 888, 213],
    [14, 31, 83, 746, 126],
    [14, 42, 76, 649, 127],
    [8, 47, 66, 290, 77],
    [11, 15, 34, 194, 39],
    [33, 72, 163, 646, 125],
    [16, 44, 99, 433, 84],
    [9, 37, 36, 423, 64],
    [10, 10, 71, 75, 20],
    [21, 43, 46, 407, 63],
    [10, 20, 71, 204, 61],
    [61, 149, 299, 742, 150],
    [4, 20, 18, 413, 53],
    [2, 12, 21, 67, 26],
    [47, 103, 418, 754, 150],
    [11, 24, 63, 202, 28],
    [58, 127, 369, 1721, 418],
    [4, 13, 52, 93, 12]
  ],
  "W": [
    [36, 76, 7, 12],
    [294, 123, 14, 36],
    [797, 338, 51, 128],
    [251, 20, 6, 25],
    [1177, 884, 85, 183],
    [57, 63, 7, 16],
    [697, 215, 77, 112],
    [678, 372, 67, 110],
    [539, 228, 74, 104],
    [1037, 1062, 167, 245],
    [537, 88, 25, 62],
    [321, 103, 20, 64],
    [155, 226, 42, 36],
    [768, 114, 46, 88],
    [195, 59, 28, 51],
    [689, 788, 105, 194],
    [463, 105, 40, 99],
    [882, 373, 101, 162],
    [798, 93, 25, 84],
    [676, 103, 41, 88],
    [294, 78, 46, 70],
    [193, 38, 16, 46],
    [664, 207, 68, 100],
    [424, 128, 48, 76],
    [430, 64, 32, 43],
    [81, 81, 10, 14],
    [423, 75, 31, 51],
    [202, 106, 21, 37],
    [705, 426, 117, 153],
    [411, 24, 13, 60],
    [71, 34, 6, 17],
    [718, 522, 84, 148],
    [194, 78, 25, 31],
    [1794, 520, 117, 262],
    [85, 56, 17, 16]
  ],
  "method": "mult",
  "cond_prob": [
    [
      [0, 0.0041119069938, 0, 0.75359956893, 0.24228852407],
      [0.057434247607, 0.067094510367, 0.69557087359, 0.082105577239, 0.097794791196],
      [0.054164733637, 0.79078717059, 0.019516229582, 0.10614952848, 0.029382337708],
      [0.021320337203, 0.10143986385, 0, 0.32394541241, 0.55329438654]
    ],
    [
      [0, 0, 0, 0.87514824448, 0.12485175552],
      [0.064013421972, 0, 0.75000322633, 0.13907971309, 0.046903638605],
      [0.13094408, 0.53774920707, 0.045166334373, 0.25572015945, 0.030420219109],
      [0.035920332707, 0.040875308363, 0.0032576244375, 0.52832025502, 0.39162647947]
    ],
    [
      [0.00092583236435, 0.0032608688615, 0.0075063767754, 0.84830587754, 0.14000104446],
      [0.080503820914, 0.041593351693, 0.74254702949, 0.08685727619, 0.048498521713],
      [0.095840019429, 0.70589608432, 0.028819358877, 0.14891404671, 0.020530490657],
      [0.040343587075, 0.096420580818, 0.0044276128088, 0.46052999897, 0.39827822033]
    ],
    [
      [0, 0, 0.011917120924, 0.89762455763, 0.090458321444],
      [0.086771342109, 0.026997975247, 0.77274069846, 0.08439985667, 0.029090127518],
      [0.13180664815, 0.63275283595, 0.036736093875, 0.18291418484, 0.015790237184],
      [0.058949330756, 0.066540939174, 0.013342884633, 0.55643015167, 0.30473669377]
    ],
    [
      [0.002044487556, 0.0018478258059, 0.031040225847, 0.86573269328, 0.099334767514],
      [0.065810056986, 0.036836046391, 0.7972943727, 0.069991708182, 0.030067815742],
      [0.085560298612, 0.70748803222, 0.035227297054, 0.1565392234, 0.015185148718],
      [0.039043291742, 0.10451126382, 0.0090880243909, 0.52379298355, 0.3235644365]
    ],
    [
      [0, 0, 0, 0.80659743202, 0.19340256798],
      [0.051248580507, 0.039757244572, 0.72723508033, 0.1047842244, 0.076974870196],
      [0.060718681357, 0.73765934615, 0.026312848466, 0.14613476477, 0.029174359264],
      [0.021644291159, 0.083229885557, 0, 0.39997480527, 0.49515101801]
    ],
    [
      [0, 0.0005266778681, 0, 0.88407664102, 0.11539668111],
      [0.086114519774, 0.048796866268, 0.7239915902, 0.0986807952, 0.042416228557],
      [0.099063579051, 0.70068584031, 0.026067365806, 0.15691884807, 0.017264366771],
      [0.043370380907, 0.099899728345, 0.0029876869636, 0.5044594548, 0.34928274898]
    ],
    [
      [0.0022633011704, 0.011422544132, 0.006092536208, 0.87272640602, 0.10749521247],
      [0.11955999825, 0.052897366535, 0.7038814097, 0.086791315412, 0.0368699101],
      [0.12181140405, 0.70973017345, 0.023340757644, 0.1315031863, 0.013614478566],
      [0.062070894415, 0.11841611915, 0.0041958661858, 0.49267649004, 0.32264063021]
    ],
    [
      [0.0034360431364, 0.0094916177924, 0.015709735651, 0.83634958041, 0.13501302301],
      [0.10687544037, 0.045335911102, 0.72736658851, 0.076358561567, 0.044063498449],
      [0.12159242069, 0.69862681364, 0.027984112023, 0.13369483456, 0.018101819092],
      [0.055601280903, 0.10431775067, 0.0059812116718, 0.45100390736, 0.3830958494]
    ],
    [
      [0.0017284008487, 0.0022941545028, 0.022510651025, 0.86514287321, 0.10832392042],
      [0.074019063262, 0.038740512927, 0.77962325925, 0.073920404604, 0.033696759957],
      [0.092063879221, 0.70667713872, 0.03364194833, 0.15169755276, 0.015919480969],
      [0.041733613495, 0.10393246892, 0.0084830538445, 0.50616277341, 0.33968809033]
    ],
    [
      [0.0012284625992, 0.0046813063354, 0.009790511506, 0.86810702826, 0.1161926913],
      [0.08250528028, 0.043734887752, 0.74704145739, 0.087238352437, 0.039480022139],
      [0.094262526729, 0.71830595694, 0.02769233697, 0.1435707537, 0.016168425661],
      [0.043923995989, 0.10773902342, 0.0050086878486, 0.49290777369, 0.35042051905]
    ],
    [
      [0, 0, 0, 0.85953031856, 0.14046968144],
      [0.10363541274, 0.057267711656, 0.67446616641, 0.11197671305, 0.052653996138],
      [0.11261581223, 0.69768360473, 0.023377963765, 0.14645811748, 0.019864501802],
      [0.0480193163, 0.096058650075, 0.00097539975419, 0.46293756171, 0.39200907216]
    ],
    [
      [0, 0, 0.027299626838, 0.83162762376, 0.1410727494],
      [0.096071409756, 0.023982122865, 0.77787859887, 0.059694385648, 0.042373482862],
      [0.12958407674, 0.65714884049, 0.038959175511, 0.15252957654, 0.021778330719],
      [0.051259171444, 0.082771914778, 0.0092141423441, 0.45001513738, 0.40673963405]
    ],
    [
      [0, 0, 0, 0.89479031489, 0.10520968511],
      [0.055444230591, 0, 0.80565891569, 0.10078296243, 0.038113891288],
      [0.08383722254, 0.67082827235, 0.034946762168, 0.19127354182, 0.019114201127],
      [0.032077789498, 0.081157948546, 0.006219688086, 0.53992269912, 0.34062187475]
    ],
    [
      [0.0029163768048, 0.00082466439176, 0.021535836326, 0.86548975372, 0.10923336876],
      [0.11574948188, 0.03389635987, 0.73665496577, 0.079113860612, 0.034585331871],
      [0.15035233421, 0.64908791787, 0.032510750397, 0.15193609228, 0.016112905239],
      [0.066514151652, 0.09146751982, 0.0083836848029, 0.49622685617, 0.33740778755]
    ],
    [
      [0.00080667599447, 0.0023664430863, 0.0073499735087, 0.86257142349, 0.12690548392],
      [0.092110044796, 0.039289681027, 0.73358331772, 0.090345438577, 0.044671517883],
      [0.11141867811, 0.68616701404, 0.028854903858, 0.15444782534, 0.01911157865],
      [0.047229503809, 0.094648018505, 0.0043425205446, 0.48081990701, 0.37296005013]
    ],
    [
      [0.00010319286742, 0, 0.011767783986, 0.89446682237, 0.093662200771],
      [0.071224172024, 0.036927563025, 0.76851507707, 0.091062856583, 0.032270331295],
      [0.08842233437, 0.70155458965, 0.031657874334, 0.16374795261, 0.014617249039],
      [0.039765558233, 0.10162042724, 0.0059708883649, 0.54293275954, 0.30971036662]
    ],
    [
      [0, 0, 0, 0.85786352059, 0.14213647941],
      [0.061274732123, 0.026822228945, 0.75953351321, 0.10099452462, 0.05137500111],
      [0.080922604418, 0.69502726139, 0.031172997171, 0.16939034736, 0.023486789666],
      [0.030687295506, 0.085170093848, 0.0033674497532, 0.47274686468, 0.40802829621]
    ],
    [
      [0.0011172506452, 0.0022870969899, 0.013360914268, 0.8675814586, 0.1156532795],
      [0.076158799465, 0.037650233248, 0.76411774796, 0.084118722055, 0.037954497273],
      [0.097690925572, 0.69757884064, 0.031884838905, 0.15538652085, 0.017458874028],
      [0.042659434472, 0.098023260642, 0.0056895104885, 0.49955109362, 0.35407670078]
    ],
    [
      [0, 0, 0, 0.87046978638, 0.12953021362],
      [0.072096662974, 0.046102674813, 0.72458188925, 0.10825741394, 0.048961359018],
      [0.085268765235, 0.7070782117, 0.026787244552, 0.16078803864, 0.020077739877],
      [0.034977549307, 0.093877475167, 0.0030657770521, 0.48658637712, 0.38149282135]
    ],
    [
      [0.00098790200726, 0.0053713576077, 0.011607903734, 0.83523168079, 0.14680115586],
      [0.045633657247, 0.044403630327, 0.77951930525, 0.081587786122, 0.048855621051],
      [0.054477086424, 0.75223938209, 0.030478094548, 0.14182903298, 0.020976403962],
      [0.023488365273, 0.10506180174, 0.0054682591912, 0.45077004305, 0.41521153075]
    ],
    [
      [0.0029681798299, 0, 0.024705058939, 0.86034580301, 0.11198095822],
      [0.11759234074, 0.029776391118, 0.7437874055, 0.075088265039, 0.033755597607],
      [0.16574302151, 0.62681422178, 0.034633546893, 0.15572541411, 0.017083795709],
      [0.071885739147, 0.083466730195, 0.0089970753382, 0.49148476786, 0.34416568746]
    ],
    [
      [0.0019611556016, 0.0065973783444, 0.011902189843, 0.85939049713, 0.12014877908],
      [0.093753900955, 0.043927090207, 0.73751549125, 0.084383946632, 0.040419570952],
      [0.10777124038, 0.7052250915, 0.027975153069, 0.14232189853, 0.01670661652],
      [0.049622908369, 0.10571126884, 0.0052892884584, 0.48219343855, 0.35718309578]
    ],
    [
      [0, 0, 0, 0.8816488851, 0.1183511149],
      [0.06995049737, 0.028860464135, 0.76006200124, 0.098485969854, 0.042641067397],
      [0.088999864747, 0.69443044109, 0.029803037753, 0.16778294072, 0.018983715687],
      [0.036504510906, 0.091752623925, 0.0037041845854, 0.50685641343, 0.36118226715]
    ],
    [
      [0, 0, 0, 0.89234986173, 0.10765013827],
      [0.079637942351, 0.11924574082, 0.55394979248, 0.19774824179, 0.04941828256],
      [0.073336408436, 0.75513107906, 0.01576526876, 0.14149164625, 0.014275597491],
      [0.03619550278, 0.12102507111, 0.00099359722961, 0.51409161162, 0.32769421726]
    ],
    [
      [0.0045862950739, 0, 0.054236419257, 0.80208554755, 0.13909173812],
      [0.093498494648, 0.026169138502, 0.81486663897, 0.031097543857, 0.034368184028],
      [0.12976672248, 0.66806687243, 0.041778305924, 0.14005861914, 0.020329480031],
      [0.054104629124, 0.085687932645, 0.013204944623, 0.43654167179, 0.41046082182]
    ],
    [
      [0, 0.017472259574, 0, 0.87815334221, 0.10437439821],
      [0.17501687247, 0.080805641489, 0.60542430135, 0.098930327997, 0.039822856703],
      [0.13063917418, 0.7287400569, 0.015500634204, 0.11376163483, 0.011358499881],
      [0.074978826773, 0.13642881029, 0.0022089752687, 0.48225001891, 0.30413336876]
    ],
    [
      [0, 0, 0, 0.8235539504, 0.1764460496],
      [0.067198216714, 0.02693870958, 0.66481654867, 0.16914750574, 0.07189901929],
      [0.087653099034, 0.68535484624, 0.025211706706, 0.17205173042, 0.029728617594],
      [0.028007404015, 0.074379594956, 0, 0.43511838031, 0.46249462072]
    ],
    [
      [0, 0.016075497312, 0, 0.87071399799, 0.1132105047],
      [0.10028786027, 0.071521950366, 0.69588567601, 0.091724072056, 0.040580441292],
      [0.092916556908, 0.74671014153, 0.019890196164, 0.12665749671, 0.013825608695],
      [0.048406106959, 0.12962965347, 0.0014741769175, 0.48531535692, 0.33517470574]
    ],
    [
      [0, 0.0028396385482, 0, 0.91211432119, 0.085046040266],
      [0.063131828284, 0.055929371529, 0.73413260543, 0.11112580601, 0.035680388746],
      [0.058630902967, 0.76085014816, 0.021328137481, 0.147366499, 0.011824312399],
      [0.028710573043, 0.12665919523, 0.0017258613745, 0.55897050269, 0.28393386766]
    ],
    [
      [0, 0, 0, 0.79200719681, 0.20799280319],
      [0.047894957038, 0.13672341753, 0.61543359898, 0.11611830293, 0.083829723525],
      [0.032737711566, 0.83860597957, 0.012542939136, 0.095393397258, 0.020719972474],
      [0.010302658313, 0.13645693685, 0, 0.36747684371, 0.48576356113]
    ],
    [
      [0.0012575996239, 0.0041814100242, 0.015964798177, 0.86853273112, 0.11006346106],
      [0.065595189295, 0.043524349873, 0.77199302681, 0.082607323733, 0.036280110291],
      [0.077737215633, 0.72715676932, 0.030667242472, 0.14859547814, 0.015843294433],
      [0.035989382061, 0.10943829964, 0.0066274766695, 0.50534091828, 0.34260392335]
    ],
    [
      [0.0012326399782, 0.0014296973045, 0.014706308642, 0.89723025314, 0.085401100939],
      [0.085090982241, 0.03873302876, 0.75880360787, 0.088817920553, 0.02855446057],
      [0.10370510246, 0.69649390252, 0.030571775036, 0.15664795878, 0.012581261209],
      [0.049391731224, 0.10610048118, 0.0063225913969, 0.55139787481, 0.28678732139]
    ],
    [
      [0, 0, 0, 0.84697136629, 0.15302863371],
      [0.07388277022, 0.042927244687, 0.70254687093, 0.12291828771, 0.057724826451],
      [0.09000583688, 0.69870952589, 0.026988244488, 0.16033438837, 0.023962004368],
      [0.034543040345, 0.08751457341, 0.0019771088274, 0.45365166345, 0.42231361397]
    ],
    [
      [0, 0, 0.030690466737, 0.89604291506, 0.073266618201],
      [0.042377408369, 0, 0.86154496229, 0.074883531571, 0.021194097772],
      [0.068897234302, 0.67897800923, 0.054938865145, 0.1845892989, 0.012596592416],
      [0.028475759264, 0.09108586519, 0.013176983234, 0.59405352315, 0.27320786916]
    ]
  ],
  "expected_outcome": [
    [
      [0, 0, 0.73788839439, 0, 2.4063618534, 0, 0, 1.5345181935, 1.8520272505, 1.7923516801, 0.65968441578, 0, 0, 0, 0.56869347693, 0.55579976019, 0.047778297616, 0, 0.89156601485, 0, 0.29044319014, 0.57285870718, 1.3022073194, 0, 0, 0.37148990099, 0, 0, 0, 0, 0, 0.90295652995, 0.23913215578, 0, 0],
      [0.14802865178, 0, 2.5989124826, 0, 2.1748909736, 0, 0.36709447406, 7.7444849217, 5.1159819901, 2.3790382194, 2.5138615021, 0, 0, 0, 0.16080955639, 1.6304792865, 0, 0, 1.8251033979, 0, 1.5791791367, 0, 4.3806592207, 0, 0, 0, 7.3907657998, 0, 11.3332256053, 1.1670914433, 0, 3.0022523973, 0.27736127707, 0, 0],
      [0, 0, 5.98258229, 2.9911973518, 36.5343458218, 0, 0, 4.1307395491, 8.4675475158, 23.3435451128, 5.2575046787, 0, 4.2314421599, 0, 4.1994880836, 5.0641317475, 5.4484839857, 0, 10.6620095861, 0, 3.4127236977, 4.7680763752, 7.903054056, 0, 0, 4.3931499598, 0, 0, 0, 0, 0, 11.4627250911, 2.8530238765, 0, 2.6086896726],
      [27.1295844815, 257.2935838768, 676.0997843973, 225.3037639658, 1018.9673799873, 45.9760536254, 616.2014187928, 591.7085032806, 450.7924238405, 897.1531595137, 466.1734741744, 275.9092322564, 128.902281683, 687.1989618366, 168.7705019755, 594.3117107816, 414.1381387595, 756.6356251564, 692.3300039638, 588.4375755925, 245.5581141521, 166.0467399812, 570.635290092, 373.8191272832, 383.7104405456, 64.9689293512, 371.4588637559, 166.3578979809, 613.8533685813, 374.8789860073, 56.2325109738, 623.6065009416, 174.0626691084, 1519.466631126, 76.1636477802],
      [8.7223868667, 36.7064161232, 111.5808324358, 22.7050386824, 116.9170213639, 11.0239463746, 80.4314867332, 72.8817540552, 72.7720194031, 112.331905474, 62.395475229, 45.0907677436, 21.866276157, 80.8010381634, 21.3005069076, 87.4378784242, 43.3655989571, 125.3643748436, 92.2913170373, 87.5624244075, 43.1595398234, 21.6123249364, 79.7787893118, 50.1808727168, 46.2895594544, 11.266430788, 44.1503704442, 35.6421020191, 79.8134058134, 34.9539225494, 14.7674890262, 79.02556504, 16.5678135822, 274.533368874, 6.2276625471]
    ],
    [
      [4.3650028181, 7.8736509025, 27.2102914691, 1.7354268422, 58.1760903758, 3.2286605719, 18.5146217515, 44.4763193497, 24.3676004045, 78.6082451837, 7.2604646647, 10.6744475123, 21.7121386049, 6.3206422874, 6.8292194308, 72.5827152993, 7.4785380625, 22.8554750818, 7.0827683502, 7.4259562863, 3.5594252652, 4.468508948, 19.4070574977, 8.9536636633, 5.0968283105, 7.5733780665, 13.1262654349, 7.1230109717, 42.722628477, 1.5151638788, 1.6284285393, 34.2406888118, 6.6370966148, 38.4190405146, 2.3731348686],
      [5.0991827879, 0, 14.0585528722, 0.53995950494, 32.5630650099, 2.5047064081, 10.4913262477, 19.6778203511, 10.3365877313, 41.142424728, 3.8486701222, 5.8985743005, 5.4199597676, 0, 1.9998852323, 30.960268649, 3.8773941176, 10.0046913965, 3.501471692, 4.7485755057, 3.4634831655, 1.1315028625, 9.0929076729, 3.6941394092, 7.6317274124, 2.1197002187, 6.0604231117, 2.8555032155, 30.468350856, 1.3423049167, 4.6485961961, 22.7197106335, 3.0211762433, 22.3221672371, 0],
      [52.8633863929, 92.250396839, 250.9808959678, 15.4548139691, 704.8082254651, 45.8158100607, 155.658191893, 261.8438844084, 165.8395821806, 827.9599013242, 65.7396482504, 69.4700151404, 175.8005633442, 91.8451163887, 43.4626429804, 578.0636543617, 80.6940830928, 283.3060004257, 71.0629505602, 74.6319345928, 60.8025058097, 28.263921409, 152.6657066895, 97.2879361593, 35.4527867188, 66.0041977562, 45.406822601, 70.4705541592, 296.4472979804, 17.6191825303, 20.9247423652, 402.9803599942, 59.1866814142, 365.3243728822, 48.2465178881],
      [6.2400238702, 17.10680471, 29.3577593522, 1.6879971334, 61.8726700333, 6.6014061369, 21.2163709681, 32.2863693334, 17.4097520372, 78.5034696895, 7.6769750144, 11.5336014445, 13.4909311565, 11.4892577171, 4.6677177761, 71.1922055983, 9.5615999412, 37.6709576818, 7.8230411512, 11.1505136363, 6.3638473175, 2.8533540715, 17.4674769528, 12.6062041413, 12.6558874745, 2.5189010524, 7.4197745998, 17.9296356089, 39.074454696, 2.6670193443, 3.9480222996, 43.1210229886, 6.9277978031, 63.9175096116, 4.193477768],
      [7.4324041309, 5.7691475485, 16.3925003389, 0.58180255035, 26.5799491159, 4.8494168223, 9.1194891397, 13.7156065574, 10.0464776464, 35.7859590746, 3.4742419483, 5.4233616022, 9.5764071268, 4.3449836068, 2.0405345804, 35.2011560915, 3.3883847859, 19.1628754142, 3.5297682464, 5.0430199788, 3.810738442, 1.2827127091, 8.3668511872, 5.4580566268, 3.1627700838, 2.7838229062, 2.9867142527, 7.6212960447, 17.2872679906, 0.85632932989, 2.8502105998, 18.9382175719, 2.2272479245, 30.0169097544, 1.1868694752]
    ],
    [
      [0.37915313546, 1.83321712, 4.8878409909, 0.79083988891, 7.2726253821, 0.4250307695, 7.6278955869, 8.1613640711, 8.9978391311, 15.3746678299, 2.3565631682, 2.2523162445, 5.4425312231, 3.8565122368, 4.209865358, 11.6989612015, 3.5368933748, 8.1731830462, 2.4422731393, 3.4960193746, 2.5059459755, 2.6518883441, 7.3284443459, 4.2719935079, 2.34676507, 1.2976672248, 4.0498143997, 1.8407150797, 10.8712371583, 0.76220173857, 0.19642626939, 6.5299261132, 2.5926275614, 10.530682915, 1.1712529831],
      [5.5355101941, 7.5284888989, 36.0007003005, 3.7965170157, 60.1364827384, 5.163615423, 53.9528097036, 47.5519216209, 51.6983842093, 118.015082167, 17.9576489234, 13.9536720946, 27.6002513004, 30.858100528, 18.1744617004, 72.0475364745, 28.0621835859, 70.1977534002, 17.4394710161, 28.9902066796, 34.603011576, 10.0290275485, 47.9553062223, 33.3326611725, 24.1641945298, 6.6806687243, 22.5909417638, 14.3924517711, 87.3650865585, 9.891051926, 5.0316358774, 61.081168623, 17.412347563, 81.7490145295, 11.542626157],
      [0.13661360707, 0.63232868122, 1.4697873027, 0.22041656325, 2.9943202495, 0.18418993926, 2.0071871671, 1.5638307622, 2.0708242897, 5.618205371, 0.69230842424, 0.46755927529, 1.6362853715, 1.6075510597, 0.9103010111, 3.0297649051, 1.2663149734, 3.1484727143, 0.79712097262, 1.0982770266, 1.4019923492, 0.55413675029, 1.9023104087, 1.4305458122, 0.50448860033, 0.41778305924, 0.48051966031, 0.52944584083, 2.3271529512, 0.27726578726, 0.075257634818, 2.5760483677, 0.76429437591, 3.157624605, 0.93396070747],
      [0.74304669938, 3.5800822323, 7.5946163824, 1.097485109, 13.305833989, 1.0229433534, 12.082751301, 8.8107134819, 9.8934177571, 25.3334913102, 3.5892688426, 2.9291623495, 6.4062422148, 8.7985829237, 4.2542105837, 16.2170216606, 6.5499181044, 17.108425083, 3.8846630212, 6.5923095842, 6.524135517, 2.4916066257, 9.6778890997, 8.0535811545, 4.5277326802, 1.4005861914, 3.5266106798, 3.6130863389, 14.8189271147, 1.9157644869, 0.57236038355, 12.4820201638, 3.9161989695, 18.7591234394, 3.1380180814],
      [0.20567636396, 0.42588306753, 1.0470550235, 0.094741423102, 1.2907376411, 0.20422051485, 1.3293562414, 0.9121700639, 1.3395346128, 2.6585533218, 0.40421064153, 0.39729003604, 0.91468989021, 0.87925325183, 0.4511613467, 2.0067157582, 0.58468996155, 2.3721657563, 0.43647185071, 0.82318733494, 0.96491458224, 0.27334073135, 1.1360499233, 0.91121835299, 0.45681911972, 0.20329480031, 0.3521134963, 0.62430096948, 1.6175962173, 0.15371606119, 0.12431983485, 1.3308367323, 0.31453153023, 2.8035545111, 0.21414207107]
    ],
    [
      [0.25584404644, 1.2931319775, 5.1639791457, 1.4737332689, 7.1449223888, 0.34630865855, 4.8574826616, 6.8277983857, 5.7825332139, 10.2247353063, 2.7232877513, 3.0732362432, 1.845330172, 2.8228454758, 3.3922217343, 9.1625237389, 3.9367902651, 4.971341872, 3.5833924956, 3.0780243391, 1.6441855691, 3.3067440008, 4.9622908369, 2.7743428288, 1.5564066196, 0.75746480773, 3.8239201654, 1.0362739486, 7.4061343647, 1.7226343826, 0.17514519133, 5.3264285451, 1.531143668, 9.0502765704, 0.45561214823],
      [1.2172783662, 1.4715111011, 12.3418343447, 1.6635234793, 19.1255612781, 1.3316781689, 11.1887695746, 13.0257731062, 10.8490460693, 25.4634548856, 6.6798194523, 6.1477536048, 2.979788932, 7.141899472, 4.6648435108, 18.36171559, 10.0604222965, 13.7975552033, 8.2339538939, 8.2612178147, 7.3543261218, 3.839469589, 10.5711268841, 6.9731994183, 5.2040780578, 1.199631057, 6.9578693246, 2.7520450134, 19.8333369802, 7.599551714, 2.3197679265, 16.1968683462, 3.2891149167, 22.9288182334, 1.457373843],
      [0, 0.11727447975, 0.56673443952, 0.33357211583, 1.6631084635, 0, 0.33462093992, 0.46154528044, 0.62204601387, 2.0783481919, 0.31053864661, 0.062425584268, 0.33170912439, 0.54733255157, 0.42756792495, 0.84244898564, 0.59111794812, 0.54552686001, 0.47791888103, 0.26978838058, 0.38277814338, 0.41386546556, 0.52892884584, 0.28151802849, 0.042724680873, 0.18486922472, 0.1126577387, 0, 0.22554906837, 0.10355168247, 0, 0.98086654709, 0.19600033331, 0.51800251279, 0.21083173174],
      [3.8873449489, 19.0195291809, 58.9478398682, 13.9107537918, 95.8541159904, 6.3995968843, 56.4994589381, 54.1944139041, 46.9044063653, 124.0098794865, 30.5602819686, 29.6280039495, 16.2005449456, 47.5131975227, 25.3075696646, 93.2790619594, 53.7503431949, 76.5849920787, 41.9622918638, 42.8196011869, 31.5539030134, 22.6082993216, 48.2193438554, 38.5210874209, 22.1059392997, 6.111583405, 24.5947509645, 16.0993800713, 74.2532496081, 33.5382301615, 6.247106343, 74.7904559059, 17.093334119, 118.856735823, 9.5048563704],
      [6.6395326385, 14.0985532609, 50.9796122019, 7.6184173441, 59.2122918791, 7.9224162882, 39.1196678857, 35.4904693236, 39.8419683377, 83.2235821297, 21.7260721812, 25.0885806182, 14.642626826, 29.9747249779, 17.2077971653, 72.354249726, 30.6613262954, 66.1005839859, 29.7424428656, 33.5713682788, 29.0648071523, 15.8316216232, 35.7183095777, 27.4498523034, 14.0908513421, 5.7464515055, 15.5108018068, 17.1123009667, 51.2817299787, 17.0360320595, 8.2579805392, 50.7053806557, 8.8904069631, 110.6461668605, 4.3713259066]
    ]
  ],
  "prob": [
    [0.0008299930431, 0.0031395408761, 0.0086662697805, 0.8660420712, 0.1213221251],
    [0.080778733243, 0.041649831191, 0.74646084462, 0.089094266195, 0.042016324752],
    [0.096544358643, 0.7032991338, 0.029216916183, 0.15293228097, 0.01800731041],
    [0.042160977374, 0.10046102743, 0.0048273204601, 0.48988840574, 0.362662269]
  ],
  "iterations": 161,
  "time": 0.045664,
  "message": "Converged",
  "status": 0,
  "miniter": 0,
  "maxiter": 1000,
  "maxtime": 3600,
  "param_threshold": 0.001,
  "ll_threshold": "-Inf",
  "initial_prob": "random",
  "adjust_prob_cond_method": "project_lp",
  "adjust_prob_cond_every": true,
  "candidates_id": ["HINTON, Gordon John.c", "PALMER, Lindy Michelle.c", "AIONO, Fepulea'i Ulua'ipou-O-Malo.c", "HAWKINS, George Warren.c", "Other candidates votes.c"],
  "group_id": ["Labour Party.p", "National Party.p", "New Zealand First Party.p", "Other parties votes.p"]
}
