{
  "Z_true": {},
  "V_true": [
    [371, 146, 602, 89, 58],
    [670, 1355, 8508, 623, 527],
    [157, 2933, 266, 15119, 821],
    [31, 324, 215, 546, 636],
    [58, 1051, 336, 836, 650]
  ],
  "p_true": [
    [0.293, 0.1153, 0.4755, 0.0703, 0.0458],
    [0.0573, 0.116, 0.7282, 0.0533, 0.0451],
    [0.0081, 0.152, 0.0138, 0.7835, 0.0425],
    [0.0177, 0.1849, 0.1227, 0.3116, 0.363],
    [0.0198, 0.3586, 0.1146, 0.2852, 0.2218]
  ],
  "Z_est": [
    [
      [9.2877, 2.9454, 20.2967, 14.0788, 33.1076, 21.2096, 17.9081, 1.5717, 29.3213, 2.8638, 6.5369, 9.9643, 28.2272, 13.4551, 25.0253, 17.9186, 14.2141, 3.3383, 3.5434, 24.9341, 0.3507, 21.7991, 1.1564, 26.6268, 6.2234, 2.1146, 6.9172, 0.9404, 2.0981, 28.2927, 35.7312, 34.0876, 8.3409, 2.2365, 33.5632, 7.4732, 74.0678, 20.4264],
      [3.5254, 1.6848, 8.1335, 5.4052, 8.1175, 6.8859, 5.9455, 1.2053, 6.9594, 2.5867, 2.102, 2.4377, 7.1286, 4.7019, 8.8251, 8.3637, 7.2638, 1.0775, 0.9085, 9.3452, 0.2249, 4.9564, 0.1361, 12.2659, 4.7096, 0.9073, 1.2349, 0.028, 1.0168, 11.966, 15.9572, 11.2539, 2.949, 0.4817, 10.9279, 1.7284, 12.9, 2.159],
      [2.6565, 1.2234, 6.6036, 6.6354, 7.7902, 5.1598, 3.5171, 0.6637, 10.114, 2.8102, 2.5963, 4.9897, 9.7266, 4.3308, 10.2837, 5.6151, 3.8783, 0.921, 1.0683, 8.8988, 0.2322, 5.2865, 0.2533, 8.0363, 2.6941, 0.9051, 1.2216, 0.0154, 1.2283, 7.4936, 17.321, 8.7947, 2.527, 0.8065, 9.8658, 2.7012, 13.8827, 5.0116],
      [2.7542, 1.1418, 6.0857, 5.1265, 5.4434, 4.9232, 2.7633, 0.5956, 4.6182, 1.2506, 1.2852, 2.0533, 4.936, 2.706, 5.5974, 4.5363, 2.2888, 0.9782, 0.8852, 7.5686, 0.0952, 5.0438, 0.1944, 8.532, 2.0511, 0.4373, 0.6148, 0.0162, 0.6706, 6.674, 8.5789, 6.7243, 2.0996, 0.3873, 7.5527, 0.6929, 8.9242, 3.5401],
      [1.7762, 1.0046, 5.8806, 3.7542, 6.5413, 3.8215, 2.866, 0.9637, 6.9871, 1.4888, 1.4796, 2.555, 6.9815, 3.8062, 6.2685, 4.5663, 2.355, 0.685, 0.5946, 6.2532, 0.0969, 3.9143, 0.2597, 5.539, 2.3218, 0.6357, 1.0115, 0, 0.9862, 4.5736, 10.4117, 5.1395, 2.0834, 1.0881, 7.0903, 3.4043, 14.2253, 3.8629]
    ],
    [
      [7.0914, 1.9433, 11.224, 9.2639, 25.5539, 11.5254, 14.2891, 0.2747, 17.5465, 0.727, 7.3156, 8.9627, 18.6065, 15.7429, 22.1117, 6.4371, 3.7648, 3.1732, 2.0283, 12.9102, 0.4086, 13.7331, 1.0246, 13.3023, 6.9833, 2.6564, 10.4616, 2.1056, 0.5665, 22.1015, 12.9514, 21.5075, 8.9401, 2.9415, 26.8615, 1.4778, 45.0209, 5.8516],
      [20.2971, 8.6248, 33.6581, 26.562, 47.2226, 28.0104, 35.0276, 2.037, 30.7167, 8.6997, 17.7455, 15.1696, 34.7105, 41.6973, 58.3859, 22.8061, 14.8009, 7.8782, 4.0786, 36.2524, 1.9183, 23.0888, 1.0538, 45.9208, 41.306, 8.9372, 14.8841, 1.671, 2.4871, 68.7334, 44.5462, 52.683, 23.9479, 4.4166, 65.4525, 2.7459, 59.8549, 3.3368],
      [132.546, 54.1919, 236.4669, 286.1429, 393.2691, 182.0513, 184.0195, 10.3501, 388.2935, 85.1402, 192.735, 291.2246, 410.8247, 348.1886, 590.9377, 134.6469, 72.698, 59.5812, 41.5416, 300.1976, 12.7257, 216.2571, 10.7621, 261.8843, 209.5781, 80.9565, 151.3275, 4.8253, 27.4715, 377.4829, 429.3105, 358.1056, 181.7662, 78.112, 515.0236, 37.8369, 554.144, 99.2137],
      [21.9861, 7.4014, 34.4534, 35.643, 45.9331, 27.2885, 24.0577, 2.0314, 28.3772, 6.3277, 15.5044, 19.9469, 33.401, 38.6469, 52.1514, 19.5458, 10.0346, 10.9958, 4.7417, 41.5968, 2.6008, 32.7687, 1.7166, 46.317, 36.0636, 12.7949, 15.5694, 1.3981, 2.4874, 55.1958, 39.1245, 44.0297, 26.6519, 10.2688, 67.5435, 2.4003, 58.682, 15.2303],
      [21.0794, 10.8385, 50.1976, 38.3882, 78.0213, 32.1244, 35.6061, 3.3067, 64.0661, 10.1054, 25.6995, 35.6962, 70.4573, 68.7243, 85.4134, 25.5641, 9.7018, 10.3715, 5.6098, 50.043, 1.3467, 38.1523, 3.443, 42.5756, 41.069, 12.6551, 24.7573, 0, 4.9874, 54.4864, 59.0674, 49.6742, 34.6938, 22.2612, 87.1189, 10.5391, 134.2982, 17.3676]
    ],
    [
      [2.846, 0.5166, 4.6579, 4.3405, 9.2567, 5.3037, 5.2671, 0.0768, 6.2535, 0.1222, 1.5955, 2.4728, 6.5936, 4.386, 6.1843, 2.6949, 1.6365, 1.4121, 1.1154, 4.916, 0.1568, 6.2575, 0.2289, 4.6766, 1.9011, 1.1538, 2.448, 0.1865, 0.1587, 8.2376, 4.9479, 7.9381, 2.7828, 1.2614, 11.3831, 1.4428, 15.2021, 2.2386],
      [77.9601, 24.4593, 139.7812, 135.24, 174.4963, 126.4107, 131.267, 8.6841, 107.8515, 22.2569, 37.9132, 43.8298, 121.0597, 114.6068, 163.5702, 93.3459, 54.9458, 32.0769, 20.6376, 139.5666, 5.6417, 103.5236, 1.7773, 157.861, 157.2029, 42.23, 36.7332, 1.4297, 8.8209, 244.9217, 182.1351, 192.1736, 72.5205, 18.2568, 273.6246, 22.8625, 220.2254, 12.7864],
      [9.645, 2.7265, 18.5347, 28.356, 28.0274, 15.3872, 13.4801, 0.6856, 26.0366, 4.2512, 8.1166, 15.6992, 27.32, 18.3302, 31.7199, 10.4767, 5.6824, 4.4349, 3.8411, 21.9177, 0.5786, 18.6286, 0.9347, 17.3488, 15.5945, 7.3252, 7.2257, 0.7145, 1.6372, 26.7959, 33.6578, 25.2768, 10.3305, 7.4349, 40.8596, 6.6475, 41.6688, 7.3994],
      [353.23, 91.1413, 606.9114, 775.0275, 708.7854, 524.0614, 372.6243, 36.5698, 421.6536, 69.5428, 140.6097, 223.2549, 491.4728, 451.0041, 620.1859, 336.1985, 150.5043, 189.1776, 99.4747, 677.4728, 32.4616, 622.7701, 8.4063, 671.645, 572.2782, 253.1728, 162.3839, 15.6693, 39.1393, 821.9513, 667.7297, 676.065, 341.1479, 136.3701, 1189.3763, 82.4968, 892.5003, 203.0573],
      [5.319, 2.1562, 14.1148, 13.036, 19.4343, 9.837, 9.3616, 0.9837, 15.2047, 1.8269, 3.7649, 6.7433, 16.554, 12.6728, 16.3396, 7.2839, 2.231, 2.8985, 1.9313, 13.1269, 0.1614, 11.8202, 0.6528, 9.4687, 11.0233, 4.1182, 4.2092, 0, 1.2439, 12.0935, 16.5296, 11.5465, 7.2183, 4.6768, 24.7564, 4.5504, 31.4033, 4.5183]
    ],
    [
      [0.1195, 0.0203, 0.1745, 0.1463, 0.4372, 0.1951, 0.1405, 0.0032, 0.2579, 0.0066, 0.0555, 0.0814, 0.2825, 0.1606, 0.2967, 0.0865, 0.0548, 0.0271, 0.0188, 0.1583, 0, 0.1664, 0.0061, 0.1937, 0.0907, 0.0238, 0.0902, 0.0218, 0.0065, 0.2199, 0.1967, 0.2677, 0.0839, 0.0843, 0.4278, 0.0056, 0.3425, 0.0467],
      [6.5276, 1.7701, 10.104, 8.3063, 15.8085, 9.1227, 6.8417, 0.4714, 8.7375, 1.3918, 2.6147, 2.8808, 10.2074, 8.2198, 15.1428, 5.9169, 4.0891, 1.2973, 0.7245, 8.5985, 0, 5.468, 0.0961, 12.8606, 11.0385, 1.5653, 2.5197, 0.1496, 0.5568, 13.2597, 13.2879, 12.6522, 4.3418, 2.5515, 20.0841, 0.3678, 9.5276, 0.8166],
      [15.8588, 4.074, 26.3909, 32.9006, 49.141, 22.0312, 13.092, 0.8396, 40.7645, 5.1255, 10.4822, 18.9196, 44.6482, 25.5501, 57.0309, 12.8741, 7.1598, 3.6195, 2.7102, 26.4279, 0, 18.7716, 0.4121, 27.2683, 20.6735, 5.2388, 9.4781, 0.2334, 2.2667, 26.8407, 47.7493, 31.8048, 12.2398, 14.7496, 58.8552, 2.0381, 32.929, 6.1056],
      [15.5179, 3.5501, 23.361, 24.9836, 33.3764, 20.014, 9.9251, 1.1602, 18.048, 2.2832, 5.0535, 7.5526, 21.8013, 17.1794, 30.3345, 11.345, 5.8249, 3.7966, 1.8203, 22.1754, 0, 17.085, 0.2399, 28.9624, 21.271, 4.5332, 5.8713, 0.5953, 1.3838, 23.0062, 25.8998, 23.5972, 10.7371, 7.7665, 46.0837, 0.378, 19.043, 4.9142],
      [4.9763, 1.5855, 10.9695, 8.6632, 19.2368, 7.637, 5.0007, 0.5256, 13.1921, 1.1928, 2.794, 4.5657, 15.0606, 9.8901, 16.1951, 4.7776, 1.8713, 1.2594, 0.7263, 8.6399, 0, 6.5089, 0.2458, 8.715, 7.9263, 1.6389, 3.0408, 0, 0.7863, 7.6735, 12.8662, 8.6781, 4.5974, 8.8481, 19.5492, 1.2105, 16.1579, 2.1169]
    ],
    [
      [1.6555, 0.5743, 4.6469, 3.1705, 9.6446, 3.7662, 4.3952, 0.0736, 4.6208, 0.2804, 2.4964, 3.5188, 5.2903, 4.2554, 5.382, 2.863, 1.3298, 1.0492, 0.2941, 4.0815, 0.0839, 4.0439, 1.5839, 4.2006, 2.8015, 1.0513, 3.083, 0.7458, 0.1701, 6.1483, 4.1728, 6.1991, 2.8523, 0.4763, 8.7645, 0.6006, 13.3667, 2.4368],
      [13.6898, 7.4609, 40.3232, 26.4865, 51.3552, 26.5704, 31.9182, 1.6022, 23.7348, 6.0648, 17.6246, 18.6822, 28.8937, 32.7742, 41.076, 29.5674, 15.9003, 7.6701, 1.6508, 33.2373, 1.2152, 19.9633, 3.9368, 42.0917, 47.743, 10.3602, 12.6281, 0.7216, 2.1185, 56.1191, 41.0736, 44.2373, 22.2408, 2.2934, 61.9109, 3.2954, 50.4921, 5.9012],
      [5.2938, 2.7841, 17.0038, 16.9652, 25.7722, 10.3705, 9.8913, 0.461, 17.7913, 3.6729, 11.0699, 19.1669, 20.4805, 16.6003, 25.0277, 10.3872, 4.5815, 3.4434, 0.8389, 16.5579, 0.4635, 11.0561, 1.6379, 14.4624, 14.4598, 5.5745, 7.7471, 0.2114, 1.3963, 18.387, 23.9614, 18.0181, 10.1364, 1.8969, 29.3957, 2.7763, 28.3755, 7.2697],
      [14.5118, 6.7655, 42.1884, 36.2195, 50.4617, 26.7129, 21.6297, 1.643, 22.3029, 4.5957, 15.5472, 22.1923, 28.3889, 31.4636, 37.7308, 25.3744, 10.3474, 11.0518, 1.0782, 39.1863, 1.8424, 28.3324, 3.4428, 43.5437, 41.3361, 15.0619, 13.5606, 1.3212, 2.319, 45.1728, 36.667, 37.5838, 25.3634, 3.2075, 65.4437, 3.032, 49.8505, 17.2581],
      [6.8491, 4.4152, 28.8376, 18.1584, 40.7663, 14.5801, 15.1657, 1.2203, 23.5501, 3.3862, 12.2619, 19.4397, 27.9466, 25.9065, 28.7835, 15.8081, 4.841, 4.7855, 1.1381, 21.937, 0.395, 15.6043, 6.3986, 18.7017, 22.6596, 6.9521, 9.9812, 0, 1.9962, 21.1729, 26.1252, 19.9617, 15.4072, 5.1259, 39.4852, 6.2957, 54.9152, 10.1343]
    ]
  ],
  "V_est": [
    [612.1941, 198.4061, 187.7598, 130.3669, 137.2731],
    [399.388, 961.3652, 8001.8308, 950.9082, 1369.5078],
    [144.2504, 3524.6866, 564.7282, 14727.5237, 334.8111],
    [4.9979, 239.9173, 737.2951, 520.4705, 249.3192],
    [126.1696, 884.6247, 435.3861, 883.7308, 601.0888]
  ],
  "p_est": [
    [0.4836, 0.1567, 0.1483, 0.103, 0.1084],
    [0.0342, 0.0823, 0.6849, 0.0814, 0.1172],
    [0.0075, 0.1827, 0.0293, 0.7632, 0.0174],
    [0.0029, 0.1369, 0.4208, 0.2971, 0.1423],
    [0.043, 0.3018, 0.1485, 0.3015, 0.2051]
  ],
  "EI_Z": {},
  "EI_V": 8.6998,
  "MAE_Z": {},
  "MAE_V": 257.0122,
  "MAE_p": 0.0676,
  "runtime": 0.159
}
