{
  "Z_true": {},
  "V_true": [
    [24, 75, 1180, 79],
    [511, 123, 15197, 380],
    [773, 8439, 1692, 550],
    [43, 432, 492, 188],
    [531, 512, 915, 795]
  ],
  "p_true": [
    [0.0177, 0.0552, 0.8689, 0.0582],
    [0.0315, 0.0076, 0.9374, 0.0234],
    [0.0675, 0.7368, 0.1477, 0.048],
    [0.0372, 0.374, 0.426, 0.1628],
    [0.1929, 0.186, 0.3324, 0.2888]
  ],
  "Z_est": [
    [
      [0, 0, 0, 0, 0, 0, 0, 0, 0, 0, 0, 0, 0, 0, 0, 0, 0, 0, 0, 0, 0, 0, 0, 0, 0, 0, 0, 0, 0, 0, 0, 0, 0, 0, 0, 0, 0, 0, 0, 0],
      [14.5907, 8.0714, 6.2088, 1.8626, 3.4148, 8.6923, 2.1731, 7.4506, 4.6566, 45.0138, 6.5192, 2.794, 12.1072, 2.1731, 5.2775, 10.8654, 9.3132, 12.1072, 5.8984, 10.2445, 0.3104, 0.6209, 0, 15.8324, 6.8297, 17.0742, 14.9011, 4.967, 3.1044, 9.3132, 20.4891, 10.555, 4.6566, 7.1401, 32.9067, 2.1731, 30.4231, 7.1401, 39.1155, 14.5907],
      [32.4093, 17.9286, 13.7912, 4.1374, 7.5852, 19.3077, 4.8269, 16.5494, 10.3434, 99.9862, 14.4808, 6.206, 26.8928, 4.8269, 11.7225, 24.1346, 20.6868, 26.8928, 13.1016, 22.7555, 0.6896, 1.3791, 0, 35.1676, 15.1703, 37.9258, 33.0989, 11.033, 6.8956, 20.6868, 45.5109, 23.445, 10.3434, 15.8599, 73.0933, 4.8269, 67.5769, 15.8599, 86.8845, 32.4093],
      [0, 0, 0, 0, 0, 0, 0, 0, 0, 0, 0, 0, 0, 0, 0, 0, 0, 0, 0, 0, 0, 0, 0, 0, 0, 0, 0, 0, 0, 0, 0, 0, 0, 0, 0, 0, 0, 0, 0, 0]
    ],
    [
      [3.3744, 1.0136, 2.8591, 0.6317, 1.1968, 4.8538, 3.2913, 0, 0, 8.5773, 5.9011, 0, 25.8067, 6.4156, 12.1598, 43.1792, 25.4398, 14.7326, 11.1507, 18.0356, 0.6035, 0, 2.0853, 0, 3.2913, 0, 0, 0, 4.0733, 6.6128, 0, 8.5534, 3.0265, 10.0883, 13.3647, 0, 0, 0, 15.0379, 0],
      [4.2826, 0, 3.6286, 0.8017, 0.8608, 3.4912, 2.3673, 4.428, 1.8771, 10.8859, 4.2444, 2.8334, 0, 0, 0, 0, 0, 0, 0.0783, 0, 0, 0, 3.48, 6.0857, 2.3673, 3.8144, 19.8781, 7.1324, 3.2844, 0, 27.681, 3.9694, 0, 0, 9.6127, 7.059, 27.2433, 7.9588, 40.088, 0],
      [195.343, 86.182, 165.5123, 36.5667, 69.2842, 280.9859, 190.5316, 285.572, 153.706, 496.5368, 341.6096, 408.1666, 868.9394, 130.9107, 480.219, 1172.0578, 842.9578, 618.3645, 316.771, 1044.6944, 15.3965, 39.6344, 42.4346, 483.0475, 190.5316, 387.1102, 507.1219, 181.8238, 132.2099, 315.5418, 557.9169, 319.4772, 172.3556, 339.6851, 773.6736, 237.6833, 917.7567, 203.0412, 1401.8063, 160.5192],
      [0, 0.8044, 0, 0, 0.6581, 2.669, 1.8098, 0, 1.4169, 0, 3.2449, 0, 8.2539, 4.6737, 2.6212, 2.763, 7.6024, 21.9029, 0, 22.27, 0, 0.3656, 0, 19.8669, 1.8098, 7.0753, 0, 7.0438, 2.4323, 10.8453, 5.4021, 0, 1.6179, 3.2266, 7.349, 2.2577, 0, 0, 31.0678, 1.4808]
    ],
    [
      [18.5638, 5.9233, 14.7752, 2.9133, 2.5871, 8.6882, 8.6104, 12.1522, 9.8286, 52.9038, 42.9017, 6.7013, 67.4671, 16.6378, 51.7851, 62.8143, 137.3527, 36.9583, 9.1156, 21.7224, 2.3761, 0, 1.5017, 8.733, 6.7519, 4.7405, 16.7838, 8.9674, 1.752, 12.5975, 19.8629, 40.036, 4.4216, 29.7693, 78.0688, 0, 67.8322, 2.9681, 64.239, 8.3513],
      [200.1202, 48.8853, 263.1174, 56.0967, 108.7699, 385.1764, 242.5507, 212.2582, 119.5119, 527.7014, 371.1293, 95.1745, 348.189, 79.672, 245.5927, 319.6973, 234.6709, 334.1435, 70.0484, 81.6485, 5.9789, 12.1126, 13.9869, 219.5967, 167.1607, 171.3141, 217.7262, 94.4131, 15.9893, 105.557, 392.3243, 383.5535, 26.3001, 149.8189, 672.0229, 154.6735, 690.2496, 110.06, 586.275, 115.6781],
      [35.316, 13.0487, 43.1073, 7.99, 12.5389, 42.665, 37.4426, 36.6941, 24.2173, 108.3948, 37.7961, 22.3035, 84.2785, 15.9054, 49.1115, 82.0991, 78.8063, 61.8079, 12.836, 25.5783, 2.6451, 9.3801, 2.5114, 38.3683, 28.0277, 45.4229, 49.49, 17.3006, 2.9299, 21.0677, 68.0864, 47.4104, 18.9248, 45.5911, 100.5571, 27.9786, 122.9182, 18.972, 107.4314, 26.1029],
      [0, 3.1427, 0, 0, 1.1041, 3.4703, 9.3962, 1.8956, 2.4422, 0, 39.1728, 0.8207, 9.0654, 1.7847, 5.5107, 7.3893, 7.1701, 10.0903, 0, 2.0508, 0, 1.5073, 0, 8.3019, 6.0597, 3.5224, 0, 3.3188, 0.3288, 11.7778, 7.7264, 0, 3.3534, 9.8207, 13.3512, 8.3479, 0, 0, 12.0546, 7.8677]
    ],
    [
      [7.5769, 2.933, 4.6439, 0.7332, 1.2221, 10.7543, 6.1104, 5.866, 3.1774, 7.8213, 8.3101, 4.3995, 10.2654, 3.1774, 14.6649, 12.954, 7.3324, 17.8423, 3.9106, 6.3548, 0.2444, 0.5917, 0.7332, 7.3324, 5.3771, 3.9106, 12.4652, 1.2221, 1.2221, 4.3995, 18.5755, 10.7543, 3.4218, 4.8883, 15.887, 0, 21.9973, 5.1327, 20.2864, 2.933],
      [0, 0, 0, 0, 0, 0, 0, 0, 0, 0, 0, 0, 0, 0, 0, 0, 0, 0, 0, 0, 0, 0, 0, 0, 0, 0, 0, 0, 0, 0, 0, 0, 0, 0, 0, 0, 0, 0, 0, 0],
      [8.2987, 3.2124, 5.0863, 0.8031, 1.3385, 11.7787, 6.6925, 6.4248, 3.4801, 8.5664, 9.1018, 4.8186, 11.2433, 3.4801, 16.0619, 14.188, 8.031, 19.542, 4.2832, 6.9602, 0.2677, 2.4809, 0.8031, 8.031, 5.8894, 4.2832, 13.6526, 1.3385, 1.3385, 4.8186, 20.3451, 11.7787, 3.7478, 5.354, 17.4004, 0, 24.0929, 5.6217, 22.219, 3.2124],
      [15.1245, 5.8546, 9.2698, 1.4637, 2.4394, 21.467, 12.1972, 11.7093, 6.3425, 15.6124, 16.5881, 8.782, 20.4912, 6.3425, 29.2732, 25.858, 14.6366, 35.6157, 7.8062, 12.685, 0.4879, 2.9273, 1.4637, 14.6366, 10.7335, 7.8062, 24.8822, 2.4394, 2.4394, 8.782, 37.0794, 21.467, 6.8304, 9.7577, 31.7126, 0, 43.9098, 10.2456, 40.4946, 5.8546]
    ],
    [
      [7.4849, 3.1301, 2.7218, 2.7218, 2.994, 11.7037, 5.9879, 8.9819, 2.994, 14.6976, 10.8871, 4.8992, 19.4608, 1.7692, 9.3902, 19.0525, 16.8751, 16.4668, 11.8231, 10.8871, 2.776, 0.4083, 1.6798, 9.9345, 5.5797, 7.3488, 10.7511, 3.8105, 0.9526, 9.3902, 14.5616, 12.6563, 3.1301, 9.2541, 23.6795, 4, 28.1705, 4.8992, 31.4366, 5.7157],
      [15.0065, 2.0433, 4.0451, 3.2389, 1.9544, 7.64, 3.9089, 5.8633, 1.9544, 15.3989, 7.107, 3.1982, 12.7038, 1.1549, 6.1298, 12.4373, 11.0159, 10.7494, 4.9749, 7.107, 0.7107, 0.2665, 0.533, 6.4852, 3.6423, 4.7972, 12.4946, 2.4875, 0.6219, 6.1298, 9.5056, 26.9221, 2.0433, 6.041, 15.4578, 13.0944, 23.084, 4.8411, 20.5215, 3.7312],
      [20.6331, 8.6284, 7.5029, 7.5029, 8.2532, 32.2626, 16.5064, 24.7597, 8.2532, 40.5158, 30.0117, 13.5053, 53.6459, 4.8769, 25.8851, 52.5205, 46.5182, 45.3927, 21.0082, 30.0117, 3.0012, 1.1254, 2.2509, 27.3857, 15.381, 20.2579, 29.6366, 10.5041, 2.626, 25.8851, 40.1407, 34.8886, 8.6284, 25.51, 65.2755, 28.5111, 77.6553, 13.5053, 86.6588, 15.7562],
      [11.8755, 9.1983, 5.7302, 6.5363, 8.7984, 34.3937, 17.5968, 26.3952, 8.7984, 37.3876, 31.9941, 14.3974, 57.1895, 5.199, 27.5949, 55.9897, 49.5909, 48.3911, 18.1938, 31.9941, 1.5121, 1.1998, 1.5363, 29.1946, 16.397, 21.596, 26.1178, 11.1979, 2.7995, 27.5949, 42.7921, 18.533, 9.1983, 27.195, 69.5872, 30.3944, 78.0902, 12.7544, 92.383, 16.7969]
    ]
  ],
  "V_est": [
    [0, 421.5778, 936.4222, 0],
    [255.3563, 209.434, 15563.6787, 182.5311],
    [970.1558, 8648.9458, 1633.054, 201.8444],
    [281.4244, 0, 310.0668, 563.5089],
    [375.0635, 301.0425, 1032.7783, 1044.1157]
  ],
  "p_est": [
    [0, 0.3104, 0.6896, 0],
    [0.0158, 0.0129, 0.9601, 0.0113],
    [0.0847, 0.7551, 0.1426, 0.0176],
    [0.2437, 0, 0.2685, 0.4879],
    [0.1362, 0.1094, 0.3751, 0.3793]
  ],
  "EI_Z": {},
  "EI_V": 6.643,
  "MAE_Z": {},
  "MAE_V": 218.7619,
  "MAE_p": 0.0984,
  "runtime": 0.6429
}
