{
  "X": [
    [1, 21, 9, 18, 152, 94],
    [0, 9, 48, 58, 216, 171],
    [1, 17, 57, 36, 163, 106],
    [0, 17, 49, 59, 188, 129],
    [2, 45, 39, 44, 161, 137],
    [1, 15, 76, 67, 172, 127],
    [1, 29, 31, 33, 203, 104],
    [0, 15, 59, 64, 166, 134],
    [1, 31, 27, 77, 123, 87],
    [0, 15, 68, 91, 215, 114],
    [0, 8, 64, 83, 138, 111],
    [0, 16, 75, 74, 187, 186],
    [0, 20, 56, 77, 182, 143],
    [0, 23, 56, 86, 164, 167],
    [0, 20, 47, 64, 170, 115],
    [0, 15, 29, 32, 116, 69],
    [2, 25, 29, 22, 121, 125],
    [0, 30, 8, 15, 133, 114],
    [0, 21, 24, 24, 133, 108],
    [0, 46, 19, 17, 97, 208],
    [0, 42, 18, 20, 97, 220],
    [1, 13, 11, 13, 66, 141],
    [2, 25, 11, 22, 62, 135],
    [0, 27, 18, 35, 92, 125],
    [0, 32, 16, 10, 116, 214],
    [0, 18, 19, 37, 146, 187],
    [0, 20, 17, 39, 121, 167],
    [0, 15, 38, 31, 177, 226],
    [1, 22, 9, 37, 135, 165],
    [1, 30, 21, 31, 123, 145],
    [2, 18, 9, 15, 90, 138],
    [0, 27, 28, 62, 173, 184],
    [0, 11, 14, 43, 120, 123],
    [1, 11, 17, 16, 132, 144],
    [0, 21, 12, 25, 125, 161],
    [0, 31, 15, 31, 82, 119],
    [1, 33, 16, 19, 160, 190],
    [0, 18, 8, 8, 103, 139],
    [1, 22, 14, 28, 107, 126],
    [1, 11, 17, 33, 100, 114],
    [0, 35, 19, 26, 126, 180],
    [1, 49, 24, 30, 117, 225],
    [0, 39, 16, 23, 142, 210],
    [2, 10, 30, 37, 149, 214],
    [0, 15, 13, 26, 139, 156],
    [0, 4, 22, 29, 87, 149],
    [0, 15, 13, 21, 112, 101],
    [0, 7, 15, 23, 104, 100],
    [1, 14, 14, 23, 134, 153],
    [1, 25, 10, 27, 126, 151],
    [0, 18, 20, 22, 126, 83],
    [0, 10, 9, 23, 111, 112],
    [0, 3, 29, 45, 111, 126],
    [0, 15, 18, 31, 127, 192],
    [2, 29, 22, 40, 157, 204],
    [0, 25, 34, 43, 166, 172],
    [0, 17, 14, 21, 132, 194],
    [0, 26, 13, 8, 75, 117],
    [1, 19, 17, 19, 126, 201],
    [0, 14, 18, 32, 164, 231],
    [0, 16, 12, 10, 82, 99],
    [0, 27, 12, 28, 142, 176],
    [1, 19, 19, 45, 152, 162],
    [1, 22, 23, 23, 175, 169],
    [3, 21, 20, 17, 119, 91],
    [0, 4, 13, 22, 119, 117],
    [2, 13, 16, 28, 95, 162],
    [0, 15, 17, 13, 124, 127],
    [0, 24, 31, 40, 145, 177],
    [0, 29, 19, 36, 150, 200],
    [0, 26, 14, 23, 111, 98],
    [0, 10, 15, 23, 71, 129],
    [0, 29, 21, 18, 91, 112],
    [1, 18, 49, 48, 127, 92],
    [0, 7, 19, 33, 122, 89],
    [2, 130, 364, 572, 1679, 1741]
  ],
  "W": [
    [8, 4, 6, 13, 146, 91, 27],
    [18, 31, 40, 45, 183, 139, 46],
    [25, 16, 42, 28, 144, 84, 41],
    [34, 32, 39, 50, 142, 112, 33],
    [18, 22, 37, 40, 140, 123, 48],
    [33, 27, 55, 64, 149, 93, 37],
    [15, 13, 25, 37, 181, 79, 51],
    [32, 23, 49, 54, 136, 102, 42],
    [21, 10, 23, 64, 124, 67, 37],
    [45, 32, 52, 87, 159, 87, 41],
    [37, 23, 52, 71, 113, 81, 27],
    [29, 28, 76, 72, 153, 147, 33],
    [22, 28, 44, 75, 155, 113, 41],
    [40, 35, 43, 82, 122, 135, 39],
    [25, 24, 37, 55, 149, 91, 35],
    [14, 19, 25, 23, 99, 53, 28],
    [20, 12, 19, 20, 111, 109, 33],
    [3, 12, 11, 12, 118, 102, 42],
    [14, 8, 22, 18, 115, 101, 32],
    [2, 14, 10, 17, 97, 182, 65],
    [7, 10, 12, 16, 87, 206, 59],
    [3, 7, 9, 6, 65, 119, 36],
    [4, 5, 8, 15, 57, 123, 45],
    [7, 5, 11, 22, 89, 118, 45],
    [3, 6, 6, 8, 99, 198, 68],
    [7, 17, 12, 23, 136, 160, 52],
    [6, 13, 12, 28, 109, 134, 62],
    [8, 22, 27, 24, 156, 181, 69],
    [6, 9, 9, 25, 124, 143, 53],
    [5, 13, 12, 23, 113, 120, 65],
    [5, 8, 5, 5, 77, 122, 50],
    [13, 17, 21, 43, 151, 159, 70],
    [6, 10, 8, 28, 104, 100, 55],
    [5, 6, 12, 9, 115, 128, 46],
    [5, 14, 9, 17, 115, 144, 40],
    [10, 13, 8, 21, 72, 114, 40],
    [10, 11, 9, 16, 140, 169, 64],
    [4, 9, 6, 3, 92, 116, 46],
    [14, 13, 12, 21, 95, 104, 39],
    [10, 11, 7, 20, 84, 95, 49],
    [6, 13, 16, 18, 94, 146, 93],
    [4, 13, 18, 22, 110, 186, 93],
    [6, 7, 11, 15, 126, 165, 100],
    [9, 6, 25, 27, 137, 177, 61],
    [10, 16, 12, 21, 119, 137, 34],
    [11, 13, 25, 25, 76, 111, 30],
    [13, 13, 11, 23, 89, 89, 24],
    [6, 10, 13, 20, 88, 79, 33],
    [4, 21, 14, 15, 116, 130, 39],
    [11, 13, 15, 25, 110, 127, 39],
    [8, 20, 8, 15, 114, 69, 35],
    [8, 13, 10, 11, 97, 94, 32],
    [24, 14, 25, 40, 85, 103, 23],
    [13, 17, 11, 24, 103, 170, 45],
    [27, 19, 15, 29, 136, 171, 57],
    [19, 29, 27, 39, 140, 128, 58],
    [5, 9, 14, 15, 114, 167, 54],
    [5, 2, 6, 4, 68, 122, 32],
    [13, 16, 11, 11, 106, 164, 62],
    [12, 25, 14, 25, 141, 191, 51],
    [6, 9, 9, 7, 80, 88, 20],
    [6, 20, 5, 20, 132, 148, 54],
    [6, 23, 15, 26, 135, 152, 41],
    [7, 25, 14, 10, 145, 156, 56],
    [7, 19, 12, 12, 110, 73, 38],
    [4, 12, 8, 11, 108, 100, 32],
    [3, 20, 9, 21, 92, 122, 49],
    [3, 21, 6, 7, 98, 105, 56],
    [12, 22, 21, 33, 122, 155, 52],
    [4, 16, 10, 31, 135, 165, 73],
    [3, 11, 6, 18, 109, 89, 36],
    [5, 10, 13, 8, 69, 106, 37],
    [7, 10, 13, 15, 87, 106, 33],
    [31, 16, 34, 36, 114, 70, 34],
    [17, 15, 13, 26, 106, 73, 20],
    [145, 301, 244, 447, 1377, 1415, 559]
  ],
  "method": "mvn_pdf",
  "cond_prob": [
    [
      [3.3574647393e-57, 9.0233705229e-08, 0.21911226975, 0.11546058583, 0.63069333085, 0.034733723335],
      [0.00063931086905, 1.2429103778e-25, 0.14073574531, 0.12524416968, 0.61032291833, 0.12305785581],
      [8.8768086117e-87, 5.1894677559e-11, 0.80455941627, 4.6560792216e-06, 0.047211425341, 0.14822450226],
      [3.7429948567e-95, 0.00078898193296, 0.026464252507, 0.87804312231, 0.053987978578, 0.040715664671],
      [0.0026973942906, 0.044803184336, 9.083376016e-06, 0.016806802332, 0.92954359654, 0.006139939123],
      [9.3680050692e-19, 0.096327731828, 0.00017138839661, 0.0033887461098, 0.021229356641, 0.87888277702],
      [0.0040431230567, 0.21998394634, 0.048578735075, 0.083860373396, 0.2480541751, 0.39547964703]
    ],
    [
      [5.4561160548e-58, 3.4707051385e-08, 0.28224200108, 0.14343574225, 0.53279342359, 0.041528798373],
      [0.00010359884567, 4.7727979281e-26, 0.18268080847, 0.15538899635, 0.51510681018, 0.14671978616],
      [1.240806423e-87, 1.7072807754e-11, 0.81495498923, 4.9555736711e-06, 0.034392500388, 0.15064755479],
      [5.2010149368e-96, 0.00025878038875, 0.029515584784, 0.88973795348, 0.039087409626, 0.041400271721],
      [0.00052327023778, 0.020717022963, 1.4479505155e-05, 0.025318224886, 0.94457051153, 0.0088564908809],
      [1.4106487237e-19, 0.033794330362, 0.00020818234668, 0.003906329139, 0.016674842074, 0.94541631608],
      [0.00070057292498, 0.089744368068, 0.068509756411, 0.11226605443, 0.22616915443, 0.50261009374]
    ],
    [
      [2.2959858687e-57, 5.5572633205e-08, 0.40980529182, 0.10744433396, 0.44547916229, 0.037271156357],
      [0.0004625321745, 8.095145481e-26, 0.28037849047, 0.12333057073, 0.45634296129, 0.13948544533],
      [3.8752227635e-87, 2.0280223858e-11, 0.87831193139, 2.7552234643e-06, 0.021338632621, 0.10034668075],
      [2.784729785e-95, 0.00052701332477, 0.054168991923, 0.85651036873, 0.041569868552, 0.047223757472],
      [0.0026015021323, 0.038924408572, 2.4438160268e-05, 0.022210236726, 0.92694663144, 0.0092927829739],
      [6.4304451071e-19, 0.058756595314, 0.00032543907337, 0.0031674796882, 0.015084833665, 0.92266565226],
      [0.0030608568236, 0.14877986745, 0.10186615424, 0.086554007327, 0.19465565157, 0.46508346259]
    ],
    [
      [4.8751784768e-58, 5.7965349898e-08, 0.24591345142, 0.1218786695, 0.59795558573, 0.034252235387],
      [9.3420663986e-05, 8.0470456548e-26, 0.16087273624, 0.13329288605, 0.58358401343, 0.12215694362],
      [1.272205895e-87, 3.2733751569e-11, 0.81301072421, 4.8400989871e-06, 0.044286117948, 0.14269831771],
      [5.4001882878e-96, 0.00050261117612, 0.030000441866, 0.87879896663, 0.050957289625, 0.039740690701],
      [0.00041525937872, 0.030850797884, 1.1279630806e-05, 0.019174447903, 0.94303826166, 0.0065099535437],
      [1.4627263462e-19, 0.065803811964, 0.00021108139742, 0.0038578129126, 0.021698348133, 0.90842894559],
      [0.00064089837483, 0.15465998448, 0.061313161465, 0.097833030301, 0.26008395995, 0.42546896543]
    ],
    [
      [1.7198509908e-56, 2.3954685798e-07, 0.23448345286, 0.11072484868, 0.60954275708, 0.045248701826],
      [0.0031989962475, 3.2174378896e-25, 0.14824616105, 0.11711283053, 0.57525846737, 0.1561835448],
      [4.4249172706e-86, 1.3351067359e-10, 0.76938168534, 4.3363082846e-06, 0.044440209371, 0.18617376885],
      [2.0303773754e-94, 0.0022148019813, 0.030453324894, 0.85606010559, 0.05529888506, 0.055972882477],
      [0.013195752284, 0.11311563259, 9.4933094204e-06, 0.015407536514, 0.85065942423, 0.0076121610784],
      [3.4524249447e-18, 0.18221347281, 0.00013449336916, 0.0023439951944, 0.014777386105, 0.80053065252],
      [0.014044118408, 0.39241170616, 0.035562263137, 0.054094996487, 0.16140575346, 0.34248116235]
    ],
    [
      [2.1992688882e-57, 5.3876967656e-08, 0.4376440954, 0.10317865079, 0.41036324557, 0.048813954359],
      [0.00043354327779, 7.6826887704e-26, 0.29347325606, 0.1158678338, 0.41133209662, 0.17889327024],
      [3.4393353355e-87, 1.8202070735e-11, 0.86024363463, 2.4541852678e-06, 0.018227056383, 0.12152685478],
      [2.7512071492e-95, 0.00052687099839, 0.059884755196, 0.83626174289, 0.039529076246, 0.063797554666],
      [0.002687954877, 0.040720586144, 2.8298597068e-05, 0.023046418534, 0.92037942592, 0.013137315923],
      [4.8223998373e-19, 0.044496957829, 0.00027288482474, 0.0023859629377, 0.010893713427, 0.94195048098],
      [0.0025980951004, 0.12776472307, 0.096772589681, 0.073736037997, 0.1591269057, 0.54000164845]
    ],
    [
      [2.600064496e-57, 1.08168085e-07, 0.26068746841, 0.065836553183, 0.63109961469, 0.042376255557],
      [0.00049426505645, 1.4873248465e-25, 0.16841622699, 0.071294572681, 0.6099898106, 0.14980512467],
      [6.1692952234e-87, 5.5565192536e-11, 0.79654753333, 2.3892660511e-06, 0.042437207051, 0.16101287029],
      [4.6878794562e-95, 0.001527177927, 0.051535909788, 0.77932071804, 0.087465013151, 0.080151181091],
      [0.0020785939933, 0.053660304339, 1.1028208835e-05, 0.0096619848533, 0.92709657441, 0.0074915141969],
      [6.1261674798e-19, 0.096260404706, 0.00017475529433, 0.0016429761902, 0.017965438094, 0.88395642572],
      [0.002844101443, 0.23859256312, 0.053345313217, 0.043653662407, 0.22638996519, 0.43517439462]
    ],
    [
      [4.4998321912e-58, 5.5951684768e-08, 0.30997835656, 0.14267645218, 0.50020612839, 0.04713900692],
      [8.4943246912e-05, 7.6538499165e-26, 0.19960734757, 0.15371465218, 0.48087650576, 0.16571655124],
      [9.3609061054e-88, 2.5173588186e-11, 0.81405121295, 4.5080512526e-06, 0.029527706902, 0.15641657207],
      [4.2853532354e-96, 0.00041683758185, 0.032404754034, 0.88357438719, 0.036650090148, 0.04695393105],
      [0.00045055357217, 0.03496800439, 1.6645790513e-05, 0.026331792901, 0.9277254899, 0.010507513447],
      [1.01319943e-19, 0.047515357903, 0.00019916219081, 0.0033827866459, 0.01361829744, 0.93528439582],
      [0.00051643193642, 0.13019828919, 0.06742583788, 0.09999654904, 0.19011894487, 0.51174394709]
    ],
    [
      [3.1064350838e-57, 2.1770879315e-07, 0.26108606806, 0.24714576772, 0.43328730165, 0.058480644863],
      [0.00055593098809, 2.8192976999e-25, 0.15870160302, 0.25192747004, 0.39389540933, 0.19491958663],
      [7.0644206639e-87, 1.0716884542e-10, 0.75923259848, 8.516055804e-06, 0.0279423404, 0.21281654496],
      [1.7858294965e-95, 0.00097966711122, 0.016431219124, 0.92821219386, 0.01915588696, 0.035221032949],
      [0.0031394810222, 0.13632563465, 1.3880445319e-05, 0.045213257214, 0.80232429901, 0.012983447658],
      [5.0990114394e-19, 0.13556872836, 0.00012155413417, 0.0042533106776, 0.0085888644047, 0.85146754242],
      [0.0023271396902, 0.33167982974, 0.03645803967, 0.11151070435, 0.1062535588, 0.41177072775]
    ],
    [
      [5.2347540748e-58, 5.0373808835e-08, 0.27410827637, 0.10950618667, 0.5826901986, 0.033695287982],
      [0.00010154048672, 7.0753711981e-26, 0.18154955461, 0.12119142165, 0.57558714204, 0.12157034122],
      [1.2605464664e-87, 2.6210011626e-11, 0.83088080148, 4.0165824896e-06, 0.039837909149, 0.12927727277],
      [6.4056398828e-96, 0.0004822538382, 0.036952589263, 0.8645127157, 0.054881026758, 0.043171414438],
      [0.00046029474969, 0.027649207965, 1.298421094e-05, 0.017796571561, 0.94747579905, 0.0066051424647],
      [1.6170015417e-19, 0.058624633053, 0.00024228138827, 0.0035737802599, 0.021782241932, 0.91577706337],
      [0.00071614734226, 0.1392754578, 0.071068148958, 0.091404829936, 0.26356695671, 0.43396845925]
    ],
    [
      [3.1914730022e-58, 4.2959947996e-08, 0.33432500107, 0.18052642415, 0.43458833747, 0.050560194352],
      [5.9873117659e-05, 5.8463097061e-26, 0.21411082554, 0.1934488738, 0.41548827146, 0.17689215608],
      [6.2068899619e-88, 1.8071548074e-11, 0.81907979253, 5.3272877093e-06, 0.02399698994, 0.15691789022],
      [2.4638592392e-96, 0.00025941025879, 0.028323423666, 0.90476935164, 0.025825438868, 0.040822375569],
      [0.00036304332096, 0.030561462542, 2.0418160637e-05, 0.037866103175, 0.91837835911, 0.012810613696],
      [6.7809287547e-20, 0.034460170608, 0.00020278475289, 0.0040368740668, 0.011169651331, 0.95013051924],
      [0.00035936629454, 0.098505825896, 0.071662245767, 0.12463649572, 0.16276006202, 0.5420760043]
    ],
    [
      [5.1178290549e-58, 6.263904127e-08, 0.27402388721, 0.11798403096, 0.55047146429, 0.057520554902],
      [9.3318537901e-05, 8.2783771532e-26, 0.17066562506, 0.12276700067, 0.51111647444, 0.19535758129],
      [1.1307065367e-87, 2.9971897588e-11, 0.76242879754, 3.9678277195e-06, 0.034521720401, 0.2030455142],
      [5.6970600553e-96, 0.00054568356667, 0.033602732507, 0.8516710279, 0.04716571064, 0.067014845388],
      [0.00046837444423, 0.03575835205, 1.349005362e-05, 0.019928586399, 0.93211352226, 0.011717674792],
      [9.5176973196e-20, 0.043957056173, 0.00014625821981, 0.0023176585829, 0.012394618817, 0.94118440821],
      [0.0005231561703, 0.12984410064, 0.053298777807, 0.073724661826, 0.18641402213, 0.55619528143]
    ],
    [
      [4.923340628e-58, 6.8220929843e-08, 0.33628435903, 0.11450523072, 0.50243078572, 0.046779556315],
      [9.4148033134e-05, 9.4512908435e-26, 0.21916688445, 0.12493091081, 0.48926928757, 0.16653876914],
      [9.5771248043e-88, 2.8698179619e-11, 0.82715646302, 3.3916196001e-06, 0.027739980033, 0.1451001653],
      [5.6777476368e-96, 0.00061555032042, 0.042534630306, 0.85579711935, 0.044593457741, 0.056459242283],
      [0.0004902607561, 0.042379712177, 1.789934358e-05, 0.021019764998, 0.9257319446, 0.010360418127],
      [1.1065252236e-19, 0.057832328534, 0.00021527158527, 0.0027161239513, 0.013664022405, 0.92557225352],
      [0.0005591735379, 0.15709176301, 0.072203897846, 0.079401100743, 0.18889281595, 0.50185124891]
    ],
    [
      [4.5999411661e-58, 9.1744567431e-08, 0.28436897841, 0.12492117628, 0.53615636114, 0.054553392424],
      [8.4698361526e-05, 1.2247243217e-25, 0.17874963003, 0.13126620824, 0.50274734739, 0.18715211599],
      [1.0009312573e-87, 4.3175658551e-11, 0.77779280079, 4.1351418444e-06, 0.033108809681, 0.18909425435],
      [4.9104031241e-96, 0.00076649886244, 0.033399491642, 0.86084483761, 0.044037538849, 0.060951633035],
      [0.00042341181214, 0.05283422237, 1.4104294782e-05, 0.021262989786, 0.91425497123, 0.011210300506],
      [8.8104220479e-20, 0.066383742935, 0.00015543871887, 0.0025234873757, 0.012417144508, 0.91852018646],
      [0.00045453598696, 0.18470350126, 0.053347021081, 0.075478733016, 0.17561582874, 0.51040037992]
    ],
    [
      [4.6826639702e-58, 7.9181132313e-08, 0.31292372308, 0.14644632395, 0.49404850141, 0.046581372373],
      [8.8578147274e-05, 1.0854152547e-25, 0.201731153, 0.15809763741, 0.47593439404, 0.16414823741],
      [9.6477177968e-88, 3.5288328594e-11, 0.8178583302, 4.5853869758e-06, 0.0288923846, 0.15324469978],
      [4.3530866044e-96, 0.00057587145766, 0.031888269132, 0.88687400151, 0.035344225094, 0.045317632811],
      [0.00046740805685, 0.049362305769, 1.6688450702e-05, 0.026901604255, 0.91291162105, 0.010340372423],
      [1.042025025e-19, 0.066586435033, 0.00019832084682, 0.0034321804893, 0.013299834057, 0.91648322957],
      [0.00051175281404, 0.17604701886, 0.064677640354, 0.097705317659, 0.17884151039, 0.48221675992]
    ],
    [
      [3.4207238492e-58, 8.7380718173e-08, 0.25979647683, 0.15625050579, 0.5424201248, 0.041532805196],
      [6.4330452263e-05, 1.1921549751e-25, 0.16645306564, 0.16791046335, 0.51982209768, 0.14575004288],
      [8.1793252996e-88, 4.5312003847e-11, 0.80358495584, 5.6645834861e-06, 0.036730128139, 0.15967925139],
      [2.9522835387e-96, 0.00059071639894, 0.024548608138, 0.90132863389, 0.035947306548, 0.037584735021],
      [0.00030995785819, 0.049724307643, 1.257223761e-05, 0.026045752217, 0.91551317899, 0.0083942310508],
      [8.2676031587e-20, 0.080377794386, 0.00017889587116, 0.0039630941263, 0.015800708626, 0.89967950699],
      [0.00037867010513, 0.19940214337, 0.054589451571, 0.10599450382, 0.1994005681, 0.44023466303]
    ],
    [
      [3.2010037708e-56, 1.2953909851e-07, 0.37275074568, 0.086855224681, 0.48249270946, 0.057901190635],
      [0.0060392403114, 1.7637178869e-25, 0.23719015617, 0.092988742997, 0.46096549401, 0.20281636651],
      [5.4742823026e-86, 4.8014610772e-11, 0.81822302164, 2.2624509374e-06, 0.023388612168, 0.15838610369],
      [4.4627612401e-94, 0.0014145090598, 0.056387411968, 0.8059528885, 0.051684900378, 0.084560290098],
      [0.031720490783, 0.078044159623, 1.8929774151e-05, 0.01540776116, 0.86240441004, 0.01240424862],
      [5.5951416552e-18, 0.086187140714, 0.00018300782085, 0.0015990284776, 0.01017300055, 0.90185782244],
      [0.029092563084, 0.2345742968, 0.061494242161, 0.046732554005, 0.14072891091, 0.48737743304]
    ],
    [
      [5.599921723e-58, 1.5575668603e-07, 0.11389529114, 0.093058485522, 0.74687195474, 0.04617411284],
      [0.0001003136541, 2.0239718089e-25, 0.069661562193, 0.095129887045, 0.68070941078, 0.15439882633],
      [2.2417689346e-87, 1.3591304931e-10, 0.61655930367, 5.6830064287e-06, 0.084303300591, 0.2991317126],
      [7.4591564804e-96, 0.0016306905707, 0.016886073733, 0.84051766968, 0.076132475402, 0.064833090612],
      [0.00037073417125, 0.064660676132, 4.0782082556e-06, 0.011358977004, 0.91676780732, 0.0068377271683],
      [1.1593062348e-19, 0.12304783393, 6.8280825366e-05, 0.0020350913797, 0.018583144179, 0.85626564968],
      [0.00051510884488, 0.29456593157, 0.020027399966, 0.052341276042, 0.22656225815, 0.40598802543]
    ],
    [
      [4.2470646805e-58, 8.4850499983e-08, 0.21919531841, 0.11846506902, 0.62854291459, 0.033796613134],
      [8.0819979525e-05, 1.1706188242e-25, 0.14203384679, 0.12876100836, 0.60929440615, 0.11982991872],
      [1.1793240839e-87, 5.1234662256e-11, 0.79944182541, 5.0051092054e-06, 0.049387929976, 0.15116523945],
      [4.6802944979e-96, 0.00073352199477, 0.026504108608, 0.88049372029, 0.053144120246, 0.039124528866],
      [0.00033948655618, 0.042459216866, 9.3481141014e-06, 0.0174260505, 0.93373929139, 0.0060266065752],
      [1.2338530776e-19, 0.094087903724, 0.00018177928571, 0.0036232499418, 0.02200014419, 0.88010692286],
      [0.00051873695294, 0.2125094941, 0.050715248644, 0.088555506121, 0.254024203, 0.39367681118]
    ],
    [
      [4.3399301382e-58, 2.0123707343e-07, 0.46542598058, 0.074507026534, 0.38783625169, 0.072230539967],
      [8.1693372152e-05, 2.7468102694e-25, 0.29469311921, 0.079997960558, 0.37175480137, 0.25347242549],
      [5.9741299272e-88, 5.9924617284e-11, 0.82668569587, 1.560459057e-06, 0.015106096768, 0.15820664685],
      [6.6724630172e-96, 0.0024208524835, 0.076125755763, 0.75956687002, 0.045793000003, 0.11609352173],
      [0.00049488873027, 0.1432375984, 2.7361269922e-05, 0.015645778483, 0.82227649263, 0.018317880491],
      [6.0630896508e-20, 0.1062187253, 0.00017836952842, 0.0010956406105, 0.0065377707227, 0.88596949384],
      [0.00031960604803, 0.30324965812, 0.063039933429, 0.033506010858, 0.094619020747, 0.5052657708]
    ],
    [
      [4.3306516005e-58, 1.6271288648e-07, 0.33147895053, 0.10397878677, 0.50452450545, 0.060017594543],
      [8.0149988118e-05, 2.1843406769e-25, 0.20753825617, 0.10983123836, 0.47548715187, 0.20706320362],
      [8.0050405563e-88, 6.5170241083e-11, 0.79673099849, 2.9192841044e-06, 0.026353604829, 0.17691247733],
      [5.2054367105e-96, 0.0015323077099, 0.042985764569, 0.83346757164, 0.04648006946, 0.07553428662],
      [0.00040334985678, 0.094783464737, 1.6213344988e-05, 0.017841097973, 0.87448092912, 0.012474944968],
      [7.2490812011e-20, 0.10319514452, 0.00015463970865, 0.0018291592237, 0.01016707633, 0.88465398022],
      [0.000361850988, 0.27841619697, 0.051652465882, 0.053115695497, 0.13956701487, 0.47688677579]
    ],
    [
      [5.5546536744e-57, 7.9971926844e-08, 0.31015795371, 0.17543107725, 0.43479130311, 0.079619585952],
      [0.00097000971649, 1.0106374951e-25, 0.18105493675, 0.17420542919, 0.38476279376, 0.25900683059],
      [9.9847478169e-87, 3.1276919709e-11, 0.74798007139, 4.7303476528e-06, 0.022042112867, 0.22997308537],
      [4.0609219382e-95, 0.0004582587975, 0.024033606559, 0.89023505498, 0.024323665152, 0.060949414514],
      [0.0061900325074, 0.054255634691, 1.7314208521e-05, 0.034654311674, 0.88566746481, 0.019215242105],
      [7.4049483542e-19, 0.040652234288, 0.00011371972869, 0.002426656523, 0.0069595808981, 0.94984780856],
      [0.0045694205442, 0.13222668666, 0.04593716085, 0.085798084985, 0.1155282818, 0.61594036516]
    ],
    [
      [1.2208225924e-55, 1.2669280094e-07, 0.28385627772, 0.17743646127, 0.48522807111, 0.053479063205],
      [0.022166162612, 1.6530882255e-25, 0.17202782909, 0.18219275688, 0.4441883725, 0.17942487892],
      [2.5390836426e-85, 5.7231975292e-11, 0.79345787384, 5.5635351922e-06, 0.028404773289, 0.17813178928],
      [9.1312868404e-94, 0.00074338461252, 0.022755709479, 0.90682843875, 0.027719626885, 0.041952840273],
      [0.11077757899, 0.068340865243, 1.2708247294e-05, 0.027896125961, 0.78269977512, 0.010272946446],
      [2.2961718307e-17, 0.09078835667, 0.00014768595043, 0.0034732498631, 0.010932310803, 0.89465839671],
      [0.10570104892, 0.21343743263, 0.043046081068, 0.088494458015, 0.13113196308, 0.41818901629]
    ],
    [
      [2.8054622653e-58, 8.960356325e-08, 0.36209540047, 0.22611940608, 0.37809102297, 0.033694080874],
      [5.5340460548e-05, 1.2815565479e-25, 0.24092059218, 0.25492646846, 0.38029156844, 0.12380603045],
      [5.1530486895e-88, 3.5648774231e-11, 0.88159356615, 6.2529056209e-06, 0.01965456754, 0.098745613368],
      [1.7286720679e-96, 0.00043216032089, 0.023785522858, 0.93618686573, 0.017883093891, 0.021712357201],
      [0.00034573838085, 0.069025686646, 2.3064793884e-05, 0.050754683551, 0.87061512365, 0.0092357029768],
      [8.2520131397e-20, 0.10012464667, 0.00029333911293, 0.0069094968166, 0.013400680348, 0.87927183705],
      [0.00033572986355, 0.21998921522, 0.080250045231, 0.16519159799, 0.15033292761, 0.38390048409]
    ],
    [
      [3.7539307029e-58, 6.7001980421e-08, 0.44065191551, 0.055743086612, 0.4681344834, 0.035470447482],
      [7.7504650979e-05, 1.0020192608e-25, 0.30530834696, 0.06570432824, 0.49265791568, 0.13625190447],
      [5.732698859e-88, 2.2150167164e-11, 0.89360028612, 1.300476147e-06, 0.02019065322, 0.086207760164],
      [7.5911461973e-96, 0.0010611238535, 0.094086406958, 0.75717317369, 0.072590534221, 0.075088761272],
      [0.00040257027195, 0.044801862377, 2.4124395466e-05, 0.011052937814, 0.93524575427, 0.0084727508763],
      [1.0916749689e-19, 0.07364565428, 0.00034836211615, 0.0017145137738, 0.016406254457, 0.90788521537],
      [0.00050644878483, 0.18352582666, 0.10855743542, 0.046061504125, 0.20889452632, 0.4524542587]
    ],
    [
      [4.5679318629e-58, 5.6452605579e-08, 0.30380241871, 0.1848896289, 0.45872041488, 0.052587481064],
      [8.4576134328e-05, 7.5772522305e-26, 0.19063166995, 0.19536914164, 0.43247857107, 0.1814360412],
      [9.3007612544e-88, 2.4885582883e-11, 0.80272675894, 5.6949104698e-06, 0.026471855928, 0.1707956902],
      [3.397943366e-96, 0.00032862646052, 0.0244632493, 0.90806497705, 0.026228245966, 0.040914901222],
      [0.00049022975802, 0.037733451342, 1.7154384339e-05, 0.036330768111, 0.9128822884, 0.012546108006],
      [9.2607085047e-20, 0.043244612818, 0.0001726648807, 0.0039241368278, 0.011235308553, 0.94142327692],
      [0.00048871730375, 0.12246709188, 0.06076649522, 0.12052513894, 0.16244512714, 0.53330742952]
    ],
    [
      [4.6393631253e-58, 6.9651115592e-08, 0.27209538737, 0.17402778482, 0.49629567183, 0.057581086326],
      [8.4099920663e-05, 9.1536139169e-26, 0.1673146655, 0.1800362899, 0.45801700597, 0.19454793871],
      [1.0099611674e-87, 3.2835126127e-11, 0.7693695051, 5.7368577805e-06, 0.030561819553, 0.20006293846],
      [3.6310451147e-96, 0.00042686407569, 0.023136535028, 0.89944449504, 0.029809591971, 0.047182513886],
      [0.00045911140797, 0.042993370799, 1.4228403466e-05, 0.03158691969, 0.91226080606, 0.012685563637],
      [8.5613740644e-20, 0.048520166907, 0.00014117655128, 0.0033649918197, 0.011040303748, 0.93693336097],
      [0.00045967087617, 0.14014595335, 0.050550402873, 0.10515528461, 0.16263888262, 0.54104980567]
    ],
    [
      [5.0821704149e-58, 4.3467633415e-08, 0.38628738808, 0.095833150103, 0.46494823055, 0.052931187796],
      [9.7529764446e-05, 6.0422732683e-26, 0.2516511067, 0.10490945785, 0.45430266583, 0.18903923985],
      [8.6171405427e-88, 1.5936493732e-11, 0.83479018021, 2.4699966055e-06, 0.022352796274, 0.14285455351],
      [6.681270629e-96, 0.00044690991441, 0.055130235121, 0.82471054087, 0.0470059946, 0.072706319493],
      [0.00055375880329, 0.029462190297, 2.2244229954e-05, 0.019232071826, 0.9379145814, 0.012815153443],
      [1.0430466805e-19, 0.033559081127, 0.00022328805978, 0.0020720662294, 0.011538426411, 0.95260713817],
      [0.00058311485337, 0.10054929326, 0.083031223012, 0.067043998584, 0.17636090484, 0.57243146546]
    ],
    [
      [3.1477118492e-57, 7.7499413906e-08, 0.16016117624, 0.20183841233, 0.58492949792, 0.053070836014],
      [0.00055652121421, 9.9181428414e-26, 0.096179619539, 0.20329416445, 0.52531184389, 0.1746578509],
      [1.0021649395e-86, 5.3582150282e-11, 0.67633668199, 9.7302037339e-06, 0.052634388846, 0.2710191989],
      [2.1537565789e-95, 0.00041584796381, 0.012049890446, 0.91873166918, 0.030691629603, 0.038110962806],
      [0.0026819242096, 0.040817472403, 7.2224098058e-06, 0.031185707195, 0.91532626064, 0.0099814131389],
      [6.1804043915e-19, 0.057668627991, 8.9642884013e-05, 0.004151988401, 0.013837466866, 0.92425227386],
      [0.0031451258397, 0.15583368761, 0.029953238161, 0.12159906647, 0.19096039415, 0.49850848776]
    ],
    [
      [2.6209042766e-57, 9.5753276093e-08, 0.36861345942, 0.124291169, 0.46141244377, 0.045682832062],
      [0.00050892102741, 1.3446174041e-25, 0.24166076027, 0.13747950466, 0.45549252949, 0.16485828454],
      [4.6406447275e-87, 3.6679380982e-11, 0.84800032939, 3.3396372584e-06, 0.023121221025, 0.12887510991],
      [2.7713852463e-95, 0.00079242731272, 0.041981097819, 0.86922818238, 0.037463095638, 0.050535196851],
      [0.002777701892, 0.062727976732, 2.0241946649e-05, 0.023970368128, 0.89983395848, 0.010669752818],
      [5.8846801661e-19, 0.081159988332, 0.00023046261828, 0.0029296396651, 0.012496125851, 0.90318378353],
      [0.0028596022002, 0.21013349856, 0.073990361147, 0.081825184218, 0.16476770592, 0.46642364795]
    ],
    [
      [4.7893752883e-56, 6.6120673339e-08, 0.23371589665, 0.16295781584, 0.56017167352, 0.043154547869],
      [0.0088846677275, 8.8367896814e-26, 0.1456812776, 0.17153908114, 0.5256334269, 0.14826154663],
      [1.1948743806e-85, 3.581172139e-11, 0.78822393672, 6.1313881042e-06, 0.039392586268, 0.17237734559],
      [3.9029615864e-94, 0.0004226954254, 0.020551364162, 0.90724127565, 0.034892693177, 0.036891971589],
      [0.042191349518, 0.035167641401, 1.0448025383e-05, 0.025372520785, 0.88906272979, 0.0081953104771],
      [1.1463994579e-17, 0.060152162857, 0.00015624441632, 0.0040715041283, 0.016087437308, 0.91953265129],
      [0.053893115692, 0.14609682083, 0.047220840063, 0.10764921563, 0.20021135578, 0.444928652]
    ],
    [
      [5.3123627014e-58, 6.2044658818e-08, 0.24997249861, 0.20259537095, 0.50936918789, 0.038062880502],
      [0.00010006130724, 8.4632007714e-26, 0.16029954752, 0.21774458799, 0.48849085259, 0.13336495059],
      [1.3424940081e-87, 3.3910734031e-11, 0.81029283334, 7.7582346449e-06, 0.036486114249, 0.15321329414],
      [3.7195162707e-96, 0.00033994004202, 0.019153116641, 0.9252156572, 0.027412873254, 0.027878412861],
      [0.00051693687044, 0.037623781193, 1.2977812992e-05, 0.036203412032, 0.91739583742, 0.0082470546707],
      [1.4519025478e-19, 0.063891960002, 0.00019381077553, 0.0058109549338, 0.016820740697, 0.91328253359],
      [0.00064567884877, 0.15226893238, 0.057238134233, 0.14989887303, 0.204548074, 0.43540030751]
    ],
    [
      [3.7406173091e-58, 3.7898996138e-08, 0.25272672667, 0.21842049251, 0.49303637257, 0.035816370353],
      [7.0795792576e-05, 5.1985344311e-26, 0.16221507965, 0.23608770866, 0.47537742073, 0.12624899517],
      [9.226316905e-88, 2.0248216737e-11, 0.82450418863, 8.1469468619e-06, 0.03438477852, 0.14110288588],
      [2.4061204219e-96, 0.00019096968335, 0.017635238518, 0.93370409104, 0.024326530452, 0.024143170311],
      [0.00037792496894, 0.023882888608, 1.3453654714e-05, 0.04037414804, 0.92729230127, 0.0080592834617],
      [1.099619837e-19, 0.042109573569, 0.00020832591867, 0.0067094185035, 0.017454473951, 0.93351820806],
      [0.0004917969208, 0.10097317286, 0.062253490457, 0.17521887577, 0.21445626285, 0.44660640114]
    ],
    [
      [2.9086996701e-57, 3.6312039859e-08, 0.29281146709, 0.1051943628, 0.56868245063, 0.033311683178],
      [0.00057039235169, 5.1474864146e-26, 0.19364225705, 0.11755768544, 0.56692550804, 0.12130415711],
      [6.2784107522e-87, 1.7023710318e-11, 0.84999157638, 3.4518871339e-06, 0.03468638051, 0.1153185912],
      [3.525764802e-95, 0.00034501899293, 0.038188858487, 0.86627901042, 0.052854098298, 0.0423330138],
      [0.0026501331552, 0.020367077771, 1.3735763785e-05, 0.017403823888, 0.9528947976, 0.0066704318185],
      [9.1301732775e-19, 0.043252865857, 0.00025668333348, 0.0034745095119, 0.021499882477, 0.93151605882],
      [0.0042122548187, 0.1052396322, 0.077951507979, 0.092002459179, 0.26864742572, 0.45194672011]
    ],
    [
      [4.4998746571e-58, 8.481282804e-08, 0.23535134373, 0.15046336857, 0.55728516207, 0.056900040824],
      [8.0981986593e-05, 1.1076494293e-25, 0.14356410837, 0.15457388251, 0.51065741569, 0.19112361144],
      [1.0748122302e-87, 4.4001240254e-11, 0.74437477696, 5.4496980159e-06, 0.037656698501, 0.2179630748],
      [3.9556012815e-96, 0.0005845272445, 0.022491055635, 0.88686749941, 0.037591739937, 0.052465177773],
      [0.00039855370427, 0.046918219632, 1.0997783803e-05, 0.024432475474, 0.91701259582, 0.011227157584],
      [8.2210266904e-20, 0.058921330099, 0.0001210209672, 0.0028825729302, 0.012273846709, 0.92580122929],
      [0.00043344791647, 0.16713284921, 0.042548232971, 0.088531091789, 0.17774658034, 0.52360779777]
    ],
    [
      [2.8842681169e-58, 1.675813821e-07, 0.29683289271, 0.18511057759, 0.47569781171, 0.042358550408],
      [5.4628974701e-05, 2.3045658852e-25, 0.19054990498, 0.20039194181, 0.4592605837, 0.14974294053],
      [6.1295470185e-88, 7.7185966585e-11, 0.82765598037, 5.9442021671e-06, 0.028582391688, 0.14375568366],
      [2.1275152304e-96, 0.00096903706683, 0.023675015585, 0.91571520875, 0.026887202291, 0.032753536309],
      [0.00027758680025, 0.10153357357, 1.5082768303e-05, 0.03272672157, 0.85631375406, 0.0091332812355],
      [6.4290829198e-20, 0.14258505882, 0.00018432796316, 0.0043023008965, 0.012738874656, 0.84018943767],
      [0.0002666142141, 0.32159565993, 0.051454645586, 0.1048683706, 0.14622553947, 0.3755891702]
    ],
    [
      [2.754743254e-57, 9.4858881811e-08, 0.26531989296, 0.08096540748, 0.60617315959, 0.047541445109],
      [0.0005170531284, 1.2882029084e-25, 0.16865115634, 0.086558885096, 0.57834248412, 0.16593042131],
      [6.2736530897e-87, 4.6798689598e-11, 0.7881149177, 2.811510101e-06, 0.039065406174, 0.17281686456],
      [4.1614886914e-95, 0.0011228233183, 0.04360500898, 0.80971202145, 0.070282571471, 0.075277574777],
      [0.002293297636, 0.048907196965, 1.1592760605e-05, 0.012343728929, 0.92768794387, 0.0087562398429],
      [5.9433532558e-19, 0.077384389226, 0.00016098775081, 0.0018439312476, 0.015774211611, 0.90483648016],
      [0.0029424043196, 0.20390999456, 0.052570138947, 0.052333449415, 0.21195861635, 0.47628539641]
    ],
    [
      [4.3063621392e-58, 8.7051946852e-08, 0.21619416964, 0.1046674939, 0.61365867013, 0.065479579277],
      [7.5864521247e-05, 1.1134646978e-25, 0.12882997525, 0.10526361358, 0.5502795757, 0.21555097095],
      [1.0405131749e-87, 4.5747235242e-11, 0.70383821504, 3.8387856923e-06, 0.041798424788, 0.25435952134],
      [5.0300727638e-96, 0.00079808531142, 0.027354690338, 0.83668676087, 0.05482849919, 0.080331964287],
      [0.00034950781489, 0.044205994488, 9.2403063332e-06, 0.015632471336, 0.92794289388, 0.011859892178],
      [6.8745152541e-20, 0.052860854995, 9.6913627452e-05, 0.0017567771954, 0.011763454133, 0.93352200005],
      [0.00038618005436, 0.16019950824, 0.036344079232, 0.05747633466, 0.1819909169, 0.56360298091]
    ],
    [
      [4.4453030681e-57, 1.3030059999e-07, 0.20942093366, 0.15087051473, 0.56829219428, 0.071416227032],
      [0.00076814749103, 1.6301126307e-25, 0.12268972812, 0.14833847207, 0.49820586865, 0.22999778366],
      [1.104091926e-86, 7.0279299551e-11, 0.67532525441, 5.6808928813e-06, 0.039911622633, 0.28475744199],
      [3.8674990528e-95, 0.00088905420483, 0.019967501326, 0.87601343709, 0.037912542342, 0.065217465035],
      [0.0038080412398, 0.068842922457, 9.4293304419e-06, 0.023373968846, 0.89052763107, 0.013438007052],
      [6.395630057e-19, 0.071345245795, 8.544520345e-05, 0.0022762967561, 0.009836964384, 0.91645604786],
      [0.0035407533631, 0.2099601557, 0.030984735716, 0.072147017328, 0.14722843715, 0.53613890075]
    ],
    [
      [3.0323280848e-57, 3.7711815797e-08, 0.33854803282, 0.18118527924, 0.44707297007, 0.033193680148],
      [0.00059866331956, 5.3811971667e-26, 0.22545659162, 0.20374280182, 0.44849636056, 0.12170558268],
      [5.9409100322e-87, 1.5986697482e-11, 0.87159783411, 5.3644121043e-06, 0.024782709506, 0.10361409195],
      [2.3029612616e-95, 0.00022432119571, 0.027659751814, 0.91967721595, 0.026037155063, 0.026401555974],
      [0.0034169853812, 0.026124435735, 1.9655447211e-05, 0.036810003144, 0.9254209952, 0.0082079250908],
      [9.5780714098e-19, 0.04511120865, 0.00029656675028, 0.0059717089693, 0.01698566849, 0.93163484714],
      [0.0043048056646, 0.10691887788, 0.0878870386, 0.15433405699, 0.20651827624, 0.44003694462]
    ],
    [
      [5.4606184527e-58, 9.1563164374e-08, 0.19854370078, 0.10614098545, 0.65235037908, 0.042964843124],
      [0.00010108382474, 1.2276494175e-25, 0.12517284449, 0.11210603878, 0.61462999435, 0.14799003856],
      [1.5885159797e-87, 5.7641519702e-11, 0.7472486151, 4.689834043e-06, 0.053533920577, 0.19921277444],
      [6.6835570817e-96, 0.00087777010944, 0.0266482295, 0.8563093258, 0.061098867356, 0.055065807233],
      [0.0004209899346, 0.044113812774, 8.2079791117e-06, 0.015109462085, 0.93294609797, 0.0074014292546],
      [1.3003104895e-19, 0.082116833164, 0.00013438578352, 0.0026611413159, 0.018676893909, 0.89641074583],
      [0.00060156530727, 0.20418669037, 0.041293299826, 0.071322284115, 0.23681273623, 0.44578342415]
    ],
    [
      [2.7419856136e-57, 1.6289474662e-07, 0.33675268787, 0.12881777934, 0.46801326163, 0.06641610827],
      [0.00049943982576, 2.1463560647e-25, 0.2076902776, 0.13365146526, 0.43328419556, 0.22487462175],
      [4.9832080961e-87, 6.399882953e-11, 0.78395128844, 3.5480949325e-06, 0.024064531434, 0.19198063197],
      [2.7755441021e-95, 0.0012898246374, 0.036934452008, 0.855156972, 0.036366535664, 0.07025221569],
      [0.002732928401, 0.10053486463, 1.7599103638e-05, 0.023446336333, 0.85863645145, 0.014631820085],
      [4.2275442013e-19, 0.09448982654, 0.00014574377523, 0.0020861279625, 0.0087081253412, 0.89457017638],
      [0.0022026226873, 0.26318648169, 0.050157174039, 0.062504990201, 0.12320794017, 0.4987407912]
    ],
    [
      [6.513608876e-58, 1.0863451307e-07, 0.26104538806, 0.11421549541, 0.56402284003, 0.060716167879],
      [0.00011761080473, 1.4206511805e-25, 0.15994575617, 0.11762558188, 0.5182555184, 0.20405553275],
      [1.4460672621e-87, 5.2169069212e-11, 0.74993959581, 3.8486665124e-06, 0.035394162152, 0.21466239331],
      [7.3427889147e-96, 0.00095856166464, 0.032005087347, 0.84665923823, 0.048767190713, 0.071609922047],
      [0.00056759216679, 0.059011029364, 1.2055055668e-05, 0.018325300509, 0.91029867707, 0.011785345831],
      [1.1223827091e-19, 0.070401428295, 0.00012676742222, 0.0020712871452, 0.011719909766, 0.91568060737],
      [0.00059401982854, 0.20023617529, 0.044585819787, 0.063438974163, 0.16966125326, 0.52148375767]
    ],
    [
      [1.1644857747e-56, 3.8009818659e-08, 0.33124647109, 0.14585381355, 0.47090966181, 0.051990015531],
      [0.0021899423524, 5.1639237965e-26, 0.21067553135, 0.15605590661, 0.44959248066, 0.18148613902],
      [2.2233254619e-86, 1.5718909345e-11, 0.81608768481, 4.221236865e-06, 0.025467027442, 0.15844106649],
      [1.0684570816e-94, 0.0002729073933, 0.03295616256, 0.88369123434, 0.033201409197, 0.049878286513],
      [0.012485769492, 0.02494675042, 1.8417133749e-05, 0.0282382098, 0.92212653471, 0.012184318447],
      [2.4295932404e-18, 0.02989459124, 0.0001946065492, 0.0031949531256, 0.01186742507, 0.95484842402],
      [0.013365684255, 0.086543966667, 0.070010321214, 0.10030207312, 0.1756507592, 0.55412719554]
    ],
    [
      [4.7763531691e-58, 6.7115145836e-08, 0.17884916965, 0.11692166101, 0.64764246827, 0.056586633954],
      [8.483078999e-05, 8.6529449595e-26, 0.10814899395, 0.11852266585, 0.58555406994, 0.18768943947],
      [1.3885402556e-87, 4.2432071144e-11, 0.68216257651, 5.1755242195e-06, 0.053274386311, 0.26455786162],
      [5.2435359122e-96, 0.00057823698681, 0.021616006643, 0.85795954787, 0.05455705863, 0.06528914987],
      [0.00037352044934, 0.032806874182, 7.4873953357e-06, 0.016837936248, 0.94009814535, 0.0098760363797],
      [8.8371298327e-20, 0.047288185149, 9.4397384467e-05, 0.0022792984635, 0.014443380109, 0.93589473889],
      [0.00047804811019, 0.13737522008, 0.033941220333, 0.071607014281, 0.21447255608, 0.54212594111]
    ],
    [
      [2.8700346249e-58, 5.4550409219e-08, 0.23418769081, 0.14477902866, 0.51137853873, 0.10965468725],
      [4.565463992e-05, 6.3190266612e-26, 0.12691646847, 0.13159721662, 0.41427530713, 0.32716535314],
      [5.826348441e-88, 2.4113899788e-11, 0.61199091987, 4.4530050233e-06, 0.029334527892, 0.35867009921],
      [2.4932015641e-96, 0.00037170664409, 0.022280582252, 0.84333209351, 0.034059600696, 0.099956016897],
      [0.00027521217312, 0.032792375572, 1.2012167466e-05, 0.025584420598, 0.91785523912, 0.023480740374],
      [2.8442280335e-20, 0.020553703922, 6.6110829375e-05, 0.0015054140318, 0.0060952931598, 0.97177947806],
      [0.00019331784129, 0.075961439418, 0.030202998811, 0.060148309282, 0.11493048729, 0.71856344735]
    ],
    [
      [3.470760224e-58, 8.9332963915e-08, 0.17526353574, 0.068653895699, 0.70753901768, 0.048543461553],
      [6.3080644295e-05, 1.1801302774e-25, 0.10853089833, 0.071268094989, 0.65503965391, 0.16509827212],
      [1.05186309e-87, 5.9026132553e-11, 0.70149597367, 3.1949180218e-06, 0.060578686421, 0.23792214493],
      [5.8839951648e-96, 0.0011915183307, 0.032838009171, 0.7871650656, 0.091891070013, 0.086914336884],
      [0.00024776755806, 0.040152104834, 6.7289075509e-06, 0.0091054872356, 0.94271192934, 0.0077759821248],
