{
  "Z_true": {},
  "V_true": [
    [658, 60, 902, 469, 64],
    [1046, 169, 7889, 5016, 431],
    [110, 6749, 105, 8402, 580],
    [8, 20, 12, 2006, 5],
    [55, 331, 234, 951, 668]
  ],
  "p_true": [
    [0.3056, 0.0279, 0.419, 0.2178, 0.0297],
    [0.0719, 0.0116, 0.5422, 0.3447, 0.0296],
    [0.0069, 0.4232, 0.0066, 0.5269, 0.0364],
    [0.0039, 0.0098, 0.0059, 0.9781, 0.0024],
    [0.0246, 0.1478, 0.1045, 0.4247, 0.2983]
  ],
  "Z_est": {},
  "V_est": [
    [1471.5243, 223.3893, 458.0864, 0, 0],
    [405.4757, 0, 8574.3318, 4569.0402, 1002.1522],
    [0, 6803.7026, 0, 8661.7742, 480.5232],
    [0, 0, 0, 2051, 0],
    [0, 301.9081, 109.5818, 1562.1856, 265.3246]
  ],
  "p_est": [
    [0.6835, 0.1038, 0.2128, 0, 0],
    [0.0279, 0, 0.5893, 0.314, 0.0689],
    [0, 0.4267, 0, 0.5432, 0.0301],
    [0, 0, 0, 1, 0],
    [0, 0.1348, 0.0489, 0.6977, 0.1185]
  ],
  "EI_Z": {},
  "EI_V": 8.6737,
  "MAE_Z": {},
  "MAE_V": 256.3248,
  "MAE_p": 0.0684,
  "runtime": 0.0231
}
