{
  "Z_true": {},
  "V_true": [
    [381, 314, 683, 207, 17103, 547],
    [72, 119, 128, 3720, 510, 223],
    [37, 615, 44, 144, 464, 107],
    [390, 49, 348, 142, 733, 303]
  ],
  "p_true": [
    [0.0198, 0.0163, 0.0355, 0.0108, 0.8892, 0.0284],
    [0.0151, 0.0249, 0.0268, 0.7795, 0.1069, 0.0467],
    [0.0262, 0.4359, 0.0312, 0.1021, 0.3288, 0.0758],
    [0.1985, 0.0249, 0.1771, 0.0723, 0.373, 0.1542]
  ],
  "Z_est": [
    [
      [0.6786, 0.903, 2.2877, 1.5026, 19.8385, 52.7318, 27.313, 50.6431, 87.2485, 9.0109, 0, 0, 2.2387, 1.8346, 1.2691, 6.4343, 4.3639, 0, 0.554, 19.3882, 12.4921, 0.8506, 8.0638, 16.0581, 19.1122, 16.354, 10.4929, 4.6378, 17.9132, 23.4019, 15.7557, 7.4396, 11.6393, 4.7598, 12.78, 9.443, 28.0868, 14.1549, 16.9948, 0, 0.7734, 0, 2.7309, 7.6975, 5.6566, 0.8449, 7.5935, 102.1536, 61.9411],
      [0.4544, 0.1257, 0.3865, 0.6343, 3.8384, 10.8158, 10.9266, 15.8101, 13.2104, 3.5903, 0, 0, 0.3972, 2.3334, 0.4543, 2.3809, 2.7537, 0, 0, 4.4552, 3.4621, 0.1659, 3.0207, 5.8286, 4.5682, 4.2843, 1.1008, 0.1179, 1.7112, 3.3756, 6.6239, 5.8671, 3.2281, 1.6282, 1.0237, 4.1254, 5.0652, 3.3359, 1.5132, 0.068, 0.9649, 1.2471, 2.847, 3.2281, 1.9141, 0.1299, 0.2966, 28.4366, 19.3333],
      [0.1461, 0.25, 0.2905, 0.3772, 2.5163, 8.4595, 9.1618, 7.2587, 3.6161, 3.6703, 0.0841, 2.2679, 0.9217, 1.9313, 0, 2.3284, 1.5106, 0, 0, 2.2827, 2.0975, 0.169, 2.745, 3.072, 1.273, 0.2399, 1.1065, 0.1759, 0.5396, 0.9628, 4.7997, 4.7179, 2.2475, 2.2851, 1.2377, 2.9874, 2.1647, 2.5003, 2.1931, 0, 0.728, 0.6504, 1.7983, 2.0515, 1.5599, 0.2768, 1.6245, 21.2275, 16.9089],
      [0.1265, 0.0018, 0.0333, 0.0285, 0.0097, 0.3745, 1.4406, 0.5076, 0.042, 0.1308, 0.036, 0, 0.058, 0.6121, 0, 0.0484, 0.5265, 0.0824, 0, 0.0091, 0.2527, 0.0719, 0.2417, 0.4091, 0.1217, 0.0085, 0.0471, 0.0003, 0.0033, 0.0041, 0.4375, 1.4758, 1.1896, 0.0122, 0.6012, 0.0299, 0.0098, 0.03, 0.0132, 0, 0.0129, 0.1023, 0.1266, 0.0642, 0, 0.0929, 0.3936, 0.5219, 0.7494],
      [13.5418, 32.7195, 70.613, 35.6767, 379.7705, 1231.9619, 748.2447, 1251.5179, 1877.6319, 366.2951, 13.6278, 4.7321, 75.9627, 99.0971, 43.0064, 134.6, 227.9715, 3.8097, 18.446, 440.4925, 434.9904, 13.2535, 200.6823, 428.9611, 460.7359, 489.9139, 230.1137, 88.0816, 379.7229, 384.238, 396.0004, 282.7545, 247.6651, 253.3867, 416.8031, 427.1131, 462.3125, 366.5423, 342.4382, 28.932, 36.0213, 20.7198, 108.3652, 244.3372, 147.051, 6.6554, 174.2624, 2049.358, 1448.3502],
      [1.0525, 0, 1.389, 0.7807, 7.0266, 43.6564, 27.9134, 34.2626, 47.251, 10.3027, 0.2521, 0, 2.4216, 2.1915, 0.2702, 5.208, 6.8738, 0.1079, 0, 11.3724, 15.7053, 0.4892, 7.2465, 9.6711, 16.189, 11.1994, 8.139, 2.9866, 5.1098, 8.0176, 13.3829, 7.7451, 8.0303, 9.9281, 12.5543, 13.3012, 14.3611, 12.4366, 6.8476, 0, 2.4994, 2.2803, 4.1319, 6.6215, 4.8184, 0, 3.8294, 72.3024, 51.717]
    ],
    [
      [0.0112, 0.1562, 0.1581, 0.0551, 0.1626, 0.034, 0.0121, 0.0285, 0.0252, 0.0017, 0, 0, 0.0855, 0, 0.072, 0.0565, 0.0004, 0, 0.3911, 0.1706, 0.0041, 0.0298, 0.015, 0.0025, 0.0144, 1.2159, 0.0109, 0.1778, 0.2564, 0.0619, 0.0647, 0.0035, 0.1196, 0.0011, 0.0062, 0.0745, 0.2018, 0.076, 0.0572, 0, 0.1397, 0, 0.0004, 0.106, 0.1892, 0.0066, 0.3972, 0.0172, 0.0317],
      [0.3405, 0.1905, 0.3059, 0.3646, 2.0325, 9.6264, 16.0827, 11.5829, 7.7614, 2.27, 0, 0, 0.3445, 0.3277, 0.1658, 0.856, 1.0361, 0, 0, 4.6618, 3.7939, 0.2755, 1.8064, 1.6578, 3.8303, 5.1202, 1.1245, 0.1516, 1.4787, 2.3897, 10.4905, 6.8098, 8.6667, 1.4394, 2.2994, 2.3082, 4.4164, 2.9531, 1.1505, 0.2728, 0.4746, 0.6856, 1.6795, 5.9065, 2.493, 0.05, 0.3823, 15.1786, 11.6053],
      [0.3235, 1.4998, 1.5511, 0.8198, 6.3333, 34.9601, 64.6377, 26.1034, 18.1453, 10.9114, 0.497, 5.7574, 2.8742, 1.4352, 0, 4.5145, 3.5756, 0, 0, 11.6436, 11.7179, 1.0602, 10.2284, 3.8803, 7.5507, 5.1471, 4.7102, 0.7236, 4.156, 4.9161, 36.4556, 30.5077, 26.9065, 8.1117, 9.9704, 7.7968, 9.5923, 10.1584, 6.657, 0, 1.7624, 1.7842, 4.7172, 16.1009, 9.4752, 0.7473, 7.3449, 52.8273, 51.6907],
      [1.7599, 2.8942, 5.8267, 9.5146, 27.8142, 211.4705, 582.0241, 234.1565, 127.568, 91.6569, 5.341, 0, 19.1976, 11.0628, 2.5832, 29.5668, 63.8806, 4.6172, 1.9941, 65.1241, 93.9483, 6.0463, 44.4059, 31.9786, 55.1296, 43.0344, 32.9953, 1.8872, 22.6739, 19.4319, 228.6554, 216.6656, 224.5236, 58.8559, 101.3824, 58.3594, 47.1571, 68.0731, 28.9416, 6.5495, 15.0174, 5.8545, 39.3202, 98.6247, 62.2214, 2.1254, 53.725, 344.9237, 280.5537],
      [0.2109, 0.2593, 0.4171, 0.0115, 0.752, 4.2507, 4.5677, 3.5271, 4.1378, 1.0448, 0.02, 1.2426, 0.7245, 0.0246, 0.0703, 0.1113, 0.1959, 0, 0.6148, 1.749, 2.1369, 0.1392, 0.4691, 0.1923, 1.5537, 2.4104, 0.7665, 0.2679, 1.2306, 1.2379, 2.4357, 2.3888, 2.4635, 0.7586, 2.1106, 0.9339, 1.6348, 1.5045, 1.0346, 0.1777, 0.033, 0.2322, 0.2121, 1.7945, 0.6181, 0.0707, 1.0228, 4.1433, 3.5123],
      [1.3539, 0, 0.7412, 0.2344, 1.9054, 18.6583, 19.6757, 11.6016, 13.3624, 3.1152, 0.142, 0, 0.7736, 0.1496, 0.1088, 0.8949, 1.3113, 0.3828, 0, 5.6509, 8.3989, 0.4491, 2.0752, 1.2885, 6.9213, 7.0719, 3.3926, 0.7919, 2.2044, 2.9625, 9.8981, 4.6247, 10.3201, 3.8334, 7.2312, 3.5272, 5.9975, 5.2349, 2.1591, 0, 0.5729, 0.4435, 1.0706, 5.4673, 3.0031, 0, 2.1279, 17.91, 14.6063]
    ],
    [
      [0.002, 0.0653, 0, 0.0101, 0.1272, 0.3104, 0.3565, 0.2357, 0.6142, 0.0337, 0, 0, 0.0403, 0.0017, 0.023, 0.0212, 0.019, 0, 0.055, 0.1384, 0.0677, 0.0258, 0.0368, 0.0653, 0.1208, 0.1669, 0.0646, 0.0153, 0.1021, 0.127, 0.128, 0.0971, 0.1679, 0.0332, 0.1272, 0.0337, 0.1987, 0.1459, 0.0314, 0, 0.0017, 0, 0.0101, 0.0591, 0.0431, 0.0892, 0.0823, 0.3302, 0.26],
      [0.5096, 0.4732, 0, 2.0438, 11.4343, 30.2515, 66.5688, 35.881, 43.0748, 6.3065, 0, 0, 4.5413, 1.2995, 1.8637, 3.8519, 5.4891, 0, 0, 15.0717, 8.8039, 1.7435, 6.5168, 11.9419, 13.2421, 17.9396, 3.8796, 0.433, 4.9361, 7.5861, 25.8852, 35.6587, 21.7256, 5.8217, 9.1203, 6.6365, 16.6042, 16.5891, 1.8043, 1.3201, 1.0672, 0.8752, 5.9851, 12.3771, 6.7376, 1.7819, 3.5687, 45.7538, 38.7455],
      [0.0049, 0.0349, 0, 0.0528, 0.4613, 1.4726, 3.6103, 1.0818, 1.3494, 0.3911, 0.0832, 0, 0.4521, 0.0625, 0, 0.2536, 0.2407, 0, 0, 0.4945, 0.3571, 0.0823, 0.4756, 0.3628, 0.3434, 0.2707, 0.2077, 0.0236, 0.1794, 0.2029, 1.197, 2.1614, 0.9028, 0.4151, 0.5106, 0.2923, 0.4729, 0.7494, 0.1331, 0, 0.0427, 0.0152, 0.205, 0.4394, 0.3321, 0.1848, 0.4147, 2.1223, 2.3116],
      [0.0288, 0.0794, 0, 0.8053, 3.0384, 13.6126, 49.3492, 14.8138, 14.4501, 4.9852, 0.2925, 0, 4.5414, 0.391, 0.2835, 2.4694, 6.4177, 0.1979, 0.0059, 4.1926, 4.3487, 0.5727, 3.1086, 4.4898, 3.783, 2.9882, 2.1671, 0.0779, 1.447, 1.1819, 11.4272, 23.4837, 11.4036, 4.5334, 7.9108, 3.3042, 3.5229, 7.6214, 0.879, 0.3534, 0.5213, 0.0194, 2.5604, 4.0992, 3.3048, 0.7354, 4.5452, 21.308, 19.219],
      [0.1009, 1.3472, 0, 0.8417, 8.7698, 26.2866, 34.0446, 20.6228, 47.3362, 4.5446, 0.5199, 0, 3.4256, 0.1336, 1.6145, 1.6053, 3.4613, 0.6404, 0.9391, 11.3923, 8.4414, 1.0767, 3.3601, 6.2655, 10.6336, 16.6313, 5.3168, 1.0151, 7.8502, 7.0147, 11.3982, 14.0655, 12.5197, 6.1609, 14.576, 4.6751, 11.6216, 12.8953, 1.4568, 1.3265, 0.1346, 0.0104, 1.5051, 6.7236, 3.9565, 0.2087, 6.5383, 21.4049, 21.4474],
      [0.3537, 0, 0, 0.2462, 2.1691, 12.0663, 17.0706, 7.3648, 15.1753, 1.7389, 0.1043, 0, 1.9994, 0.1117, 0.2152, 0.7985, 1.3723, 0.1617, 0, 3.7105, 3.9813, 0.499, 1.5021, 1.8748, 4.877, 5.0033, 2.3642, 0.4351, 1.4852, 1.8873, 4.9645, 5.5336, 5.2804, 3.0357, 5.7551, 2.0582, 4.5798, 5.9989, 0.6954, 0, 0.2324, 0.0799, 0.7342, 2.3015, 1.626, 0, 1.8507, 11.0808, 10.0164]
    ],
    [
      [0.3081, 0.8755, 0.5542, 0.4322, 2.8717, 8.9238, 8.3184, 9.0928, 19.1121, 0.9538, 0, 0, 0.6354, 0.1637, 0.6359, 0.488, 0.6167, 0, 0, 3.3029, 1.4361, 1.0938, 0.8844, 1.8741, 3.7527, 3.2632, 1.4316, 1.1691, 3.7283, 6.4093, 5.0516, 3.4598, 6.0732, 1.2059, 2.0866, 1.4489, 4.5128, 2.6231, 2.9166, 0, 0.0853, 0, 0.2586, 1.1374, 1.1111, 0.0593, 3.9269, 16.499, 7.7671],
      [0.6955, 0.2105, 0.3076, 0.9573, 2.6948, 9.3062, 16.4219, 14.726, 13.9533, 1.8331, 0, 0, 0.7171, 1.0394, 0.5161, 0.9112, 1.7211, 0, 0, 3.8113, 1.9401, 0.8151, 1.6561, 3.5718, 4.3594, 3.6559, 0.8951, 0.2974, 1.874, 3.6485, 11.0004, 11.6645, 8.3795, 2.1108, 1.5567, 2.9299, 3.9142, 3.122, 1.532, 0.3391, 0.4932, 0.1921, 1.4883, 2.4882, 1.8553, 0.0381, 1.7524, 23.631, 12.3158],
      [0.5255, 1.2153, 1.1584, 1.7502, 6.6891, 27.1078, 53.5902, 26.556, 25.8891, 7.0273, 1.3357, 0.9747, 4.752, 3.571, 0, 3.9035, 4.6731, 0, 0, 7.5792, 4.8275, 2.6886, 7.551, 6.6848, 6.8328, 3.3423, 2.9755, 1.0769, 4.125, 5.9181, 30.5477, 43.6129, 20.9432, 9.1881, 5.2814, 7.9235, 6.7701, 8.5918, 7.0168, 0, 1.4669, 0.5502, 3.2795, 5.4083, 5.6328, 0.7911, 12.6159, 65.823, 44.0888],
      [0.0848, 0.0246, 0.1401, 0.6516, 1.1376, 6.5423, 19.1861, 9.5221, 6.9399, 2.2271, 0.3304, 0, 1.203, 0.934, 0.1333, 0.9155, 3.1752, 0.1025, 0, 1.6743, 1.4504, 0.3091, 1.2438, 2.1225, 1.9657, 0.9689, 0.7904, 0.0346, 0.8758, 0.3821, 7.48, 11.375, 5.8832, 2.5986, 2.1057, 2.3065, 1.3103, 2.2756, 1.1663, 0.0971, 0.4483, 0.0239, 0.9927, 1.2118, 1.4737, 0.0463, 3.3363, 17.2464, 9.4779],
      [1.1463, 3.674, 3.9699, 2.47, 11.7078, 45.5008, 49.143, 49.3322, 86.8942, 7.1155, 1.8323, 0.0253, 4.8872, 1.7446, 3.3088, 1.6834, 6.3713, 1.5499, 0, 16.3662, 9.4313, 2.5307, 4.4885, 10.5811, 20.0768, 20.0444, 6.803, 4.6354, 17.1963, 19.5094, 27.1657, 25.7912, 26.3518, 12.6938, 14.5103, 13.2779, 15.4312, 15.0579, 13.0703, 1.5637, 0.8111, 0.0376, 1.9176, 7.1447, 6.3744, 0.0652, 16.1765, 72.0938, 37.6901],
      [3.2398, 0, 0.8698, 0.7387, 2.899, 20.619, 23.3404, 16.771, 27.2113, 2.8432, 0.5017, 0, 1.8053, 0.5472, 0.4059, 1.0986, 2.4427, 0.3476, 0, 5.2662, 4.9146, 1.5627, 2.1762, 3.1656, 9.0126, 5.7254, 3.1043, 1.7865, 3.2007, 5.1326, 11.7545, 10.0966, 11.3692, 6.2027, 5.4594, 5.1134, 6.0615, 6.3296, 3.2979, 0, 0.6952, 0.1962, 1.0633, 2.6097, 2.5526, 0, 5.192, 31.7068, 17.6602]
    ]
  ],
  "V_est": [
    [728.0624, 191.0793, 131.4135, 11.0913, 17639.4804, 533.8732],
    [4.702, 158.8398, 542.28, 3791.1138, 61.4183, 213.6461],
    [4.6846, 563.7415, 25.4537, 274.8718, 387.8571, 154.3913],
    [142.5511, 183.3394, 503.8528, 135.9232, 721.2442, 278.0893]
  ],
  "p_est": [
    [0.0379, 0.0099, 0.0068, 0.0006, 0.9171, 0.0278],
    [0.001, 0.0333, 0.1136, 0.7944, 0.0129, 0.0448],
    [0.0033, 0.3995, 0.018, 0.1948, 0.2749, 0.1094],
    [0.0725, 0.0933, 0.2564, 0.0692, 0.367, 0.1415]
  ],
  "EI_Z": {},
  "EI_V": 6.8555,
  "MAE_Z": {},
  "MAE_V": 156.436,
  "MAE_p": 0.0358,
  "runtime": 0.198
}
