{
  "X": [
    [0, 8, 3, 0],
    [3, 13, 12, 4],
    [21, 132, 205, 8],
    [45, 276, 462, 24],
    [2, 2, 5, 0],
    [46, 294, 408, 22],
    [2, 13, 5, 0],
    [16, 93, 278, 16],
    [16, 150, 250, 11],
    [28, 92, 303, 18],
    [12, 426, 380, 18],
    [25, 568, 407, 21],
    [9, 249, 161, 10],
    [21, 309, 226, 21],
    [15, 378, 410, 21],
    [41, 971, 620, 42],
    [30, 217, 322, 21],
    [1, 12, 7, 0],
    [60, 533, 528, 40],
    [12, 335, 313, 19],
    [37, 364, 531, 38],
    [10, 125, 107, 4],
    [7, 149, 172, 15],
    [1, 15, 31, 6],
    [6, 206, 139, 3],
    [3, 60, 108, 7],
    [19, 95, 140, 10],
    [21, 344, 478, 20],
    [8, 67, 97, 5],
    [14, 172, 245, 41],
    [7, 115, 135, 13],
    [14, 216, 123, 10],
    [15, 230, 338, 15],
    [20, 431, 451, 31],
    [24, 199, 299, 13],
    [10, 112, 132, 9],
    [0, 17, 12, 2],
    [21, 98, 197, 16],
    [25, 216, 324, 22],
    [16, 79, 190, 9],
    [24, 146, 351, 19],
    [19, 233, 228, 13],
    [39, 330, 453, 22],
    [20, 98, 167, 13],
    [24, 373, 431, 36],
    [8, 78, 25, 3],
    [260, 3655, 3948, 310],
    [38, 362, 530, 51],
    [99, 833, 946, 107],
    [3, 184, 252, 17]
  ],
  "W": [
    [0, 1, 2, 8, 0, 0],
    [3, 4, 9, 10, 4, 2],
    [13, 19, 155, 133, 40, 6],
    [37, 58, 302, 262, 118, 30],
    [1, 1, 3, 1, 1, 2],
    [25, 51, 268, 313, 95, 18],
    [0, 3, 3, 11, 3, 0],
    [18, 17, 211, 100, 41, 16],
    [9, 28, 177, 163, 36, 14],
    [18, 23, 235, 85, 59, 21],
    [25, 111, 197, 450, 40, 13],
    [36, 104, 225, 570, 60, 26],
    [12, 46, 83, 256, 22, 10],
    [39, 63, 101, 305, 53, 16],
    [35, 131, 213, 366, 46, 33],
    [113, 55, 392, 955, 129, 30],
    [14, 36, 238, 216, 66, 20],
    [1, 4, 2, 9, 2, 2],
    [48, 60, 335, 575, 123, 20],
    [31, 41, 183, 352, 63, 9],
    [36, 96, 333, 378, 97, 30],
    [13, 22, 58, 127, 22, 4],
    [22, 64, 80, 149, 12, 16],
    [4, 9, 11, 13, 5, 11],
    [14, 40, 63, 199, 24, 14],
    [11, 18, 74, 56, 15, 4],
    [8, 32, 76, 100, 36, 12],
    [25, 89, 288, 368, 74, 19],
    [7, 11, 74, 62, 19, 4],
    [26, 62, 148, 183, 28, 25],
    [18, 21, 91, 105, 23, 12],
    [27, 7, 70, 221, 35, 3],
    [30, 72, 191, 244, 47, 14],
    [48, 81, 264, 447, 72, 21],
    [19, 40, 199, 200, 63, 14],
    [12, 24, 87, 119, 13, 8],
    [3, 5, 6, 12, 3, 2],
    [17, 36, 120, 103, 42, 14],
    [30, 52, 214, 209, 69, 13],
    [7, 22, 132, 87, 36, 10],
    [20, 37, 273, 136, 54, 20],
    [34, 40, 132, 229, 45, 13],
    [29, 77, 283, 326, 104, 25],
    [16, 37, 99, 97, 36, 13],
    [31, 79, 276, 379, 68, 31],
    [5, 5, 11, 74, 17, 2],
    [405, 902, 2396, 3616, 626, 228],
    [38, 128, 370, 343, 62, 40],
    [85, 251, 601, 792, 167, 89],
    [19, 114, 104, 177, 15, 27]
  ],
  "method": "mult",
  "cond_prob": [
    [
      [0, 0.72025566016, 0.27974433984, 0],
      [0, 0.064641824477, 0.93535817552, 0],
      [0, 0.03737699102, 0.96262300898, 0],
      [0, 0.92304337057, 0.076956629433, 0],
      [-0, 0.028958374341, 0.97104162566, 0],
      [0, 0.26283313148, 0.73716686852, -0]
    ],
    [
      [0.0019132013039, 0.56963236165, 0.17297147689, 0.25548296016],
      [0.0023033411869, 0.07835130787, 0.73381895614, 0.1855263948],
      [0.062247462647, 0.049706717782, 0.81680181188, 0.071244007688],
      [0.0017042400343, 0.92254037972, 0.064092788216, 0.011662592028],
      [0.57747521934, 0.01589494364, 0.36712607078, 0.039503766237],
      [0.038289675004, 0.10181260705, 0.20842893136, 0.65146878659]
    ],
    [
      [0.0015496031123, 0.59491425971, 0.3052934051, 0.098242732081],
      [0.0013182848334, 0.060327226467, 0.88644615892, 0.051908329778],
      [0.032558663672, 0.035565016519, 0.91299457212, 0.018881747692],
      [0.0013034209748, 0.88630705482, 0.10789448224, 0.0044950419669],
      [0.36346911607, 0.01654350446, 0.60475558997, 0.015231789504],
      [0.042087329874, 0.1522463912, 0.50342045981, 0.30224581912]
    ],
    [
      [0.00120127902, 0.59585021705, 0.304410475, 0.098538028929],
      [0.0010257311277, 0.060766350895, 0.88576426104, 0.052443656936],
      [0.025501772025, 0.03609964504, 0.91912613622, 0.019272446712],
      [0.0010106010918, 0.88679273744, 0.10765383516, 0.0045428263091],
      [0.30504692516, 0.018190260242, 0.65991927701, 0.016843537589],
      [0.033063244867, 0.15496125565, 0.50901948683, 0.30295601265]
    ],
    [
      [0.0046578734178, 0.7508612527, 0.24448087389, 0],
      [0.0046418030613, 0.064796276743, 0.9305619202, 0],
      [0.107651136, 0.03351222064, 0.85883664336, 0],
      [0.0025637153418, 0.94276001784, 0.054676266818, 0],
      [0.86332941351, 0.0038010665665, 0.13286951992, 0],
      [0.19392134906, 0.20918481367, 0.59689383726, 0]
    ],
    [
      [0.0015173580714, 0.56942893128, 0.30940369651, 0.11965001414],
      [0.0012659016508, 0.056751855596, 0.87979871218, 0.062183530569],
      [0.031445895427, 0.033682016212, 0.9120524543, 0.02281963406],
      [0.0013247777305, 0.87940658714, 0.11355072126, 0.0057179138756],
      [0.3525669901, 0.015885901428, 0.612880479, 0.018666629475],
      [0.038817662975, 0.13765079668, 0.48083843352, 0.34269310682]
    ],
    [
      [0.0024070229493, 0.81320460477, 0.18438837228, 0],
      [0.003126881362, 0.11987960004, 0.87699351859, 0],
      [0.074746198384, 0.066676031274, 0.85857777034, 0],
      [0.0015397520083, 0.94995852922, 0.048501718768, 0],
      [0.66351890775, 0.017912290967, 0.31856880128, 0],
      [0.11649128196, 0.34585891743, 0.53764980061, 0]
    ],
    [
      [0.0010875159845, 0.52368757485, 0.34047233925, 0.13475256991],
      [0.00083099488251, 0.047659827164, 0.88744161985, 0.064067558105],
      [0.020813114287, 0.028496921167, 0.92702100426, 0.023668960286],
      [0.0010074052253, 0.85963631716, 0.13254056128, 0.0068157163378],
      [0.26399608138, 0.01508912932, 0.69917749304, 0.021737296253],
      [0.025991760043, 0.11787524931, 0.49405394902, 0.36207904163]
    ],
    [
      [0.0012225944839, 0.57004488381, 0.32718402094, 0.10154850077],
      [0.0009791232037, 0.054452301054, 0.89398833548, 0.050580240266],
      [0.02429372891, 0.032249534143, 0.92495482815, 0.018501908801],
      [0.0010598809243, 0.87494843962, 0.11918916902, 0.0048025104388],
      [0.29683329393, 0.016412779487, 0.6704232875, 0.016330639079],
      [0.03226481832, 0.14181973312, 0.52414954387, 0.30176590469]
    ],
    [
      [0.0013885070758, 0.56143854609, 0.31364056675, 0.12353238008],
      [0.0011431154004, 0.055021718866, 0.88051863207, 0.063316533662],
      [0.028487288088, 0.032744406713, 0.91547580823, 0.023292496967],
      [0.0012231845961, 0.87670521455, 0.11612235401, 0.0059492468522],
      [0.33045718419, 0.015917398532, 0.63398579408, 0.019639623196],
      [0.035077798886, 0.13357368065, 0.48122126682, 0.35012725364]
    ],
    [
      [0.00079149742308, 0.58814593388, 0.31426504064, 0.09679752806],
      [0.00065811461099, 0.058448498385, 0.89075478602, 0.050138600986],
      [0.016476685267, 0.034938903909, 0.93005266445, 0.018531746369],
      [0.00067175615419, 0.88272013487, 0.11211129285, 0.0044968161272],
      [0.22092140501, 0.019553640409, 0.74153743696, 0.017987517628],
      [0.021833879114, 0.15324358891, 0.526227425, 0.29869510698]
    ],
    [
      [0.0011787609427, 0.61935841252, 0.29332514138, 0.086137685155],
      [0.0010444360536, 0.065606191548, 0.88577708066, 0.047572291736],
      [0.025936545286, 0.038914941111, 0.91769375361, 0.017454759991],
      [0.00096280888213, 0.89446908996, 0.10071239652, 0.0038557046318],
      [0.31003668968, 0.019503250709, 0.65528777074, 0.015172288872],
      [0.034204702398, 0.16986886267, 0.51686914631, 0.27905728863]
    ],
    [
      [0.0011321784308, 0.60583035018, 0.28957296092, 0.10346451047],
      [0.0010047880818, 0.064200692418, 0.87772239314, 0.057072126359],
      [0.025157653578, 0.038329960817, 0.91547843775, 0.021033947856],
      [0.00094320168139, 0.89302243972, 0.10133844888, 0.0046959097231],
      [0.30740202937, 0.019265470951, 0.65499846462, 0.018334035053],
      [0.03138880248, 0.1582803636, 0.48686227335, 0.32346856057]
    ],
    [
      [0.0012494244713, 0.58699279823, 0.28361003578, 0.12814774152],
      [0.0011167356355, 0.062674449266, 0.86488547314, 0.071323341964],
      [0.028100125913, 0.037657198827, 0.90775293444, 0.026489740815],
      [0.0010717609851, 0.89068715886, 0.10222915216, 0.0060119279973],
      [0.32822986448, 0.018379988134, 0.63096634493, 0.02242380245],
      [0.032558422212, 0.14443376613, 0.44878370813, 0.37422410353]
    ],
    [
      [0.00085785438699, 0.61324639661, 0.30612778941, 0.079767959599],
      [0.00073493605049, 0.062779060584, 0.89388430548, 0.042601697883],
      [0.018305382655, 0.037340968925, 0.92867755959, 0.015676088832],
      [0.00070402552999, 0.89010108659, 0.10560634045, 0.0035885474313],
      [0.23976877664, 0.020457168103, 0.72487857734, 0.014895477916],
      [0.025131666662, 0.16969734742, 0.54447783977, 0.26069314614]
    ],
    [
      [0.00093829552376, 0.60174415248, 0.28560327731, 0.11171427469],
      [0.00084114797969, 0.064515345447, 0.87218207669, 0.06246142988],
      [0.021182063054, 0.038825641741, 0.91673035684, 0.023261938362],
      [0.00078792881597, 0.8932331101, 0.10083135395, 0.005147607136],
      [0.26611593547, 0.020564644122, 0.69194944802, 0.021369972384],
      [0.02575630443, 0.15626629445, 0.47628732174, 0.34169007938]
    ],
    [
      [0.0012905749922, 0.58267745397, 0.28631176004, 0.129720211],
      [0.00114434437, 0.061674807975, 0.86555955009, 0.07162129757],
      [0.028760364804, 0.037023766175, 0.90763897188, 0.026576897137],
      [0.0011127020812, 0.88901823694, 0.10375289704, 0.0061161639436],
      [0.33252843421, 0.017957743736, 0.62715651651, 0.022357305544],
      [0.033325306862, 0.14204328035, 0.44903374488, 0.37559766791]
    ],
    [
      [0.0015226730466, 0.76822891048, 0.23024841647, 0],
      [0.0016392092569, 0.093349542791, 0.90501124795, 0],
      [0.040467659516, 0.053115406663, 0.90641693382, 0],
      [0.001012313908, 0.93598671557, 0.063000970519, 0],
      [0.54642025551, 0.018434507057, 0.43514523743, 0],
      [0.069604390067, 0.30379436219, 0.62660124774, 0]
    ],
    [
      [0.0014755841117, 0.54845903145, 0.29419992153, 0.15586546291],
      [0.0012648592091, 0.056205332593, 0.85924898428, 0.083280823913],
      [0.03185884331, 0.033829822317, 0.90330396498, 0.031007369388],
      [0.0013372854139, 0.87883295404, 0.11208812502, 0.0077416355288],
      [0.35481128252, 0.01587663466, 0.60407316885, 0.025238913977],
      [0.035179467356, 0.12365746367, 0.42612243941, 0.41504062956]
    ],
    [
      [0.00056523059494, 0.56077795955, 0.30792350423, 0.13073330563],
      [0.00047141705378, 0.055881725632, 0.87577686913, 0.06786998818],
      [0.011981538618, 0.033922688651, 0.92863574876, 0.02546002397],
      [0.00050065902956, 0.87854170052, 0.1146296037, 0.0063280367535],
      [0.16950032576, 0.020111219977, 0.78421089622, 0.026177558039],
      [0.014403442151, 0.13499423054, 0.47655170634, 0.37405062096]
    ],
    [
      [0.0011032990811, 0.55737574131, 0.30370079402, 0.13782016558],
      [0.00092837708787, 0.056045952052, 0.87072809079, 0.072297580072],
      [0.023399797847, 0.03375302391, 0.91591042849, 0.026936749757],
      [0.00098326860185, 0.87849953919, 0.11378363231, 0.006733559899],
      [0.28634436884, 0.017384530531, 0.67220794744, 0.024063153194],
      [0.027443695959, 0.13104924247, 0.45889164691, 0.38261541466]
    ],
    [
      [0.0014538462099, 0.61241064699, 0.31282119241, 0.073314314396],
      [0.001221325647, 0.061306093816, 0.89931874134, 0.038153839202],
      [0.030007755694, 0.035903496079, 0.92032766321, 0.013761085016],
      [0.0011900792549, 0.88806444918, 0.10749821758, 0.0032472539897],
      [0.34849118378, 0.017089597875, 0.62306139736, 0.011357820979],
      [0.042054815443, 0.16659317497, 0.54888589901, 0.24246611058]
    ],
    [
      [0.0012965809149, 0.57042161608, 0.30893094982, 0.11935085319],
      [0.0010816556144, 0.056752586543, 0.88021250858, 0.061953249267],
      [0.027063380459, 0.033816255849, 0.91631296324, 0.022807400451],
      [0.001129797323, 0.88010929962, 0.11308222164, 0.0056786814153],
      [0.32636562688, 0.016533600152, 0.63776069548, 0.019340077487],
      [0.033466004794, 0.13839840789, 0.48285211126, 0.34528347606]
    ],
    [
      [0.00053926280787, 0.54456924085, 0.31766104138, 0.13723045496],
      [0.0004307484693, 0.050404035126, 0.88142502585, 0.067740190558],
      [0.011031948002, 0.030470103026, 0.93329246959, 0.025205479383],
      [0.0004806424672, 0.87463454918, 0.1183002375, 0.0065845708541],
      [0.1768435956, 0.017992722108, 0.77933405672, 0.025829625574],
      [0.013365673151, 0.1227028515, 0.47481257087, 0.38911890449]
    ],
    [
      [0.00077442508126, 0.65915681232, 0.30894652639, 0.031122236212],
      [0.00067070842948, 0.068128392365, 0.91444465821, 0.016756240994],
      [0.016504042824, 0.039975597796, 0.93745005144, 0.0060703079353],
      [0.0005962109257, 0.89820393089, 0.099894011044, 0.0013058471382],
      [0.22458987045, 0.022387607247, 0.74712686555, 0.0058956567588],
      [0.026493446877, 0.21241301363, 0.64111585771, 0.11997768179]
    ],
    [
      [0.00051743245422, 0.56691142452, 0.29976794777, 0.13280319525],
      [0.00044001817258, 0.057194718837, 0.87246289049, 0.069902372497],
      [0.011242911706, 0.03479886591, 0.92777649286, 0.026181729529],
      [0.00045369692331, 0.88291617471, 0.11034048745, 0.0062896409179],
      [0.1651369497, 0.020752613308, 0.7870335355, 0.027076901494],
      [0.013194406945, 0.13531274057, 0.46324611028, 0.3882467422]
    ],
    [
      [0.0017223061308, 0.57098894211, 0.30638443812, 0.12090431364],
      [0.0014450081727, 0.057028638745, 0.87852004248, 0.063006310598],
      [0.035802481609, 0.033714198581, 0.90749802013, 0.022985299676],
      [0.001498842303, 0.88079601306, 0.11198078717, 0.0057243574677],
      [0.38723401668, 0.015133260861, 0.57973921878, 0.017893503678],
      [0.043734766847, 0.13641153987, 0.47234492682, 0.34750876646]
    ],
    [
      [0.00082648122978, 0.57447773348, 0.32865751479, 0.0960382705],
      [0.00066153373462, 0.054944703512, 0.89649294867, 0.047900814082],
      [0.016501413875, 0.032741590782, 0.93310383463, 0.017653160712],
      [0.00071231505862, 0.87568150058, 0.11907282325, 0.0045333611087],
      [0.21998278158, 0.018335348639, 0.74453602619, 0.017145843587],
      [0.022365203318, 0.14690414101, 0.54017241062, 0.29055824505]
    ],
    [
      [0.0011714730405, 0.60823772818, 0.28095127638, 0.1096395224],
      [0.0010621746262, 0.065451063903, 0.87203786962, 0.061448891854],
      [0.026663468707, 0.039146480179, 0.91158765113, 0.022602399987],
      [0.0009720760169, 0.89626782698, 0.097859587685, 0.0049005093158],
      [0.32177539923, 0.019310627606, 0.63958031652, 0.019333656647],
      [0.032041326377, 0.15587191157, 0.46604208679, 0.34604467527]
    ],
    [
      [0.0011683500615, 0.49795897865, 0.27810621661, 0.22276645468],
      [0.0010176481169, 0.051759971166, 0.82637458857, 0.12084779214],
      [0.026443379237, 0.0320949419, 0.89513285594, 0.046328822925],
      [0.0011549512652, 0.87126885859, 0.11552783693, 0.012048353218],
      [0.31473093741, 0.015853246978, 0.62972526907, 0.039690546547],
      [0.024511769781, 0.098491423141, 0.35403865242, 0.52295815465]
    ],
    [
      [0.00080348757186, 0.58468369264, 0.27648613319, 0.1380266866],
      [0.00072967741105, 0.063238689015, 0.85815141692, 0.077880216656],
      [0.018643720201, 0.038528469763, 0.91354198239, 0.029285827646],
      [0.00069233764958, 0.89277754449, 0.10005558708, 0.0064745307741],
      [0.24575513949, 0.020914842239, 0.70575879849, 0.027571219785],
      [0.020780163876, 0.14220717245, 0.4337863758, 0.40322628787]
    ],
    [
      [0.0012653319152, 0.5730648477, 0.28369556474, 0.14197425565],
      [0.0011219956739, 0.060660363409, 0.86012018202, 0.078097458901],
      [0.028350277339, 0.036573427, 0.90605017258, 0.02902612308],
      [0.0011077817948, 0.88785051798, 0.10429674688, 0.0067449533485],
      [0.3319566721, 0.017756053692, 0.62585162343, 0.024435650774],
      [0.031595972892, 0.13492998363, 0.43009856502, 0.40337547846]
    ],
    [
      [0.00092682957944, 0.56644268232, 0.33831774025, 0.09431274785],
      [0.00072357410868, 0.052806611967, 0.90061710358, 0.045852710341],
      [0.017987625336, 0.031345893902, 0.93384064022, 0.016825840543],
      [0.00080559552583, 0.87111766172, 0.123592728, 0.0044840147591],
      [0.23631526488, 0.017212027481, 0.73044874206, 0.016023965571],
      [0.024794189404, 0.1430404842, 0.54950244238, 0.28266288402]
    ],
    [
      [0.00078271754431, 0.56259096726, 0.30746319383, 0.12916312136],
      [0.00065424408552, 0.056205363674, 0.87585177392, 0.067288618316],
      [0.016547774689, 0.033960608296, 0.92434351002, 0.025148106994],
      [0.00069147308144, 0.8788770628, 0.11417930872, 0.0062521553981],
      [0.22030904796, 0.018986885074, 0.7363185783, 0.02438548866],
      [0.019966383475, 0.13564110505, 0.47635114878, 0.36804136269]
    ],
    [
      [0.0011634252777, 0.59236643747, 0.31155518454, 0.094914952712],
      [0.00097487209721, 0.059242813665, 0.89027890063, 0.049503413609],
      [0.024212271339, 0.035141651183, 0.92249976094, 0.018146316538],
      [0.00098123928844, 0.88420994825, 0.11043465001, 0.004374162452],
      [0.29497952505, 0.017944504618, 0.67100527042, 0.016070699911],
      [0.03201841662, 0.15387015909, 0.52075616595, 0.29335525834]
    ],
    [
      [0.001822270623, 0.56279888199, 0.30891995641, 0.12645889097],
      [0.001514144557, 0.055713963704, 0.87756665472, 0.065205237018],
      [0.037555744938, 0.03291081664, 0.90578219545, 0.023751242973],
      [0.0016047391815, 0.87810627301, 0.11424197953, 0.0060470082795],
      [0.40437831861, 0.014382030503, 0.5632402104, 0.017999440488],
      [0.045373528737, 0.1316278547, 0.4659759259, 0.35702269066]
    ],
    [
      [0, 0.66172117496, 0.20565506172, 0.13262376333],
      [0, 0.085970992903, 0.82365109205, 0.090377915046],
      [0, 0.054206981478, 0.9113179296, 0.034475088921],
      [0, 0.9285695247, 0.066168467415, 0.0052620078848],
      [0, 0.03895974015, 0.91808499799, 0.042955261863],
      [0, 0.16841064826, 0.35161340015, 0.47997595159]
    ],
    [
      [0.0015555585798, 0.53584561168, 0.31533407335, 0.14726475639],
      [0.0012611474648, 0.051740533888, 0.87274496879, 0.074253349857],
      [0.03153927275, 0.030885203592, 0.91019871592, 0.027376807741],
      [0.0014249983945, 0.86985282873, 0.12136321091, 0.0073589619701],
      [0.35515971919, 0.014490730861, 0.60807177558, 0.022277774368],
      [0.036746297547, 0.11918586411, 0.45227787189, 0.39178996645]
    ],
    [
      [0.0010668320553, 0.57172977845, 0.29166157319, 0.1355418163],
      [0.00092917488814, 0.059444156828, 0.86611876201, 0.07350790627],
      [0.023480678238, 0.035880591532, 0.91321212704, 0.027426603193],
      [0.00093351640803, 0.88531349636, 0.10726706857, 0.0064859186623],
      [0.28789824756, 0.018456255258, 0.66917743587, 0.024468061315],
      [0.027092170549, 0.13707276972, 0.44986429784, 0.38597076189]
    ],
    [
      [0.0013599351153, 0.55053971787, 0.33373905461, 0.11436129241],
      [0.0010645911899, 0.051271982101, 0.89206238008, 0.055601046628],
      [0.02641510549, 0.030358949714, 0.92291092201, 0.020315022785],
      [0.0012098806731, 0.86851984692, 0.12473608089, 0.0055341915234],
      [0.31528194012, 0.015067028188, 0.65216501419, 0.017486017502],
      [0.034211457951, 0.13025746703, 0.50968789931, 0.32584317571]
    ],
    [
      [0.0011798339513, 0.58155574935, 0.30264891207, 0.11461550463],
      [0.0010052471044, 0.05908487743, 0.87909451639, 0.060815359072],
      [0.025138223763, 0.03528622903, 0.91712146619, 0.022454081016],
      [0.0010131926419, 0.88436094256, 0.10924182767, 0.0053840371352],
      [0.30289406558, 0.017813681708, 0.65963118127, 0.019661071438],
      [0.0311412202, 0.14476194941, 0.4851046774, 0.33899215299]
    ],
    [
      [0.0012864914869, 0.59647000579, 0.30560744283, 0.096636059894],
      [0.0010944735992, 0.060586632212, 0.88715099439, 0.051167899799],
      [0.027161361479, 0.03589680086, 0.91820862301, 0.018733214653],
      [0.0010807146997, 0.8866091002, 0.10787510922, 0.0044350758804],
      [0.32116701147, 0.017709489359, 0.64509501172, 0.016028487449],
      [0.035419526919, 0.15497009132, 0.51086450805, 0.29874587371]
    ],
    [
      [0.0011655281335, 0.59914549918, 0.30345266551, 0.096236307179],
      [0.00099887509108, 0.061346199185, 0.8862536271, 0.051401298619],
      [0.024840596603, 0.03645178924, 0.91981621479, 0.018891399362],
      [0.00097635590546, 0.88774880453, 0.10685810714, 0.0044167324263],
      [0.29956392548, 0.018503931601, 0.66529945925, 0.016632683671],
      [0.032360404467, 0.15721107604, 0.51182781683, 0.29860070266]
    ],
    [
      [0.0017204597804, 0.56677495537, 0.30261308274, 0.12889150211],
      [0.0014545186314, 0.057050809611, 0.8737483406, 0.067746331159],
      [0.036142925806, 0.033828444699, 0.90522315962, 0.024805469879],
      [0.0015086276418, 0.8808616567, 0.11146890029, 0.0061608153726],
      [0.38917847781, 0.015131605347, 0.5764458931, 0.019244023744],
      [0.043057217729, 0.1334817984, 0.45974655049, 0.36371443338]
    ],
    [
      [0.00094649428622, 0.56703797392, 0.289921655, 0.14209387679],
      [0.00082638937618, 0.059161036896, 0.86268368892, 0.07732888481],
      [0.02098625628, 0.035889805958, 0.91410573088, 0.029018206878],
      [0.00083505801555, 0.88477149509, 0.10752339563, 0.0068700512605],
      [0.26468611243, 0.019004325238, 0.68965909786, 0.026650464473],
      [0.023793244228, 0.13469867799, 0.44263555799, 0.39887251979]
    ],
    [
      [0.0016736188082, 0.65121264635, 0.20633890906, 0.14077482577],
      [0.0019041785558, 0.088002190357, 0.8121865625, 0.097907068588],
      [0.048545770698, 0.053389230717, 0.86183121944, 0.036233779145],
      [0.0013374904332, 0.92375454336, 0.068984837737, 0.0059231284684],
      [0.47435329717, 0.021004027961, 0.47993987921, 0.024702795662],
      [0.044798588709, 0.16317912924, 0.33550549598, 0.45651678607]
    ],
    [
      [0.0011460266624, 0.57853888222, 0.2880421271, 0.13227296402],
      [0.0010111190411, 0.061071200049, 0.86505731502, 0.072860365885],
      [0.025489379533, 0.036806885982, 0.91050909237, 0.027194642118],
      [0.00099483763973, 0.88754241312, 0.10514884334, 0.0063139058925],
      [0.30341675975, 0.018553231846, 0.65425350865, 0.023776499757],
      [0.029529219896, 0.14114020561, 0.45100129289, 0.3783292816]
    ],
    [
      [0.0014364276436, 0.57462696694, 0.27167134214, 0.15226526327],
      [0.0013170658037, 0.062955240014, 0.84866915192, 0.087058542263],
      [0.033327793652, 0.038056178821, 0.8960519581, 0.032564069429],
      [0.0012596804926, 0.89125784959, 0.10015840561, 0.0073240643083],
      [0.36655468744, 0.017577780297, 0.58977945816, 0.0260880741],
      [0.035610018318, 0.1346088732, 0.40901125344, 0.42076985505]
    ],
    [
      [0.0016047557949, 0.58105185335, 0.26209622274, 0.15524716812],
      [0.0015132071999, 0.065521325988, 0.84161438895, 0.09135107786],
      [0.038248604699, 0.039583428157, 0.88800184375, 0.034166123391],
      [0.0013984693979, 0.89513292118, 0.096036784879, 0.0074318245424],
      [0.39900885631, 0.017434586904, 0.55745516311, 0.026101393682],
      [0.039831340321, 0.13645005566, 0.39524018727, 0.42847841674]
    ],
    [
      [0.000428050926, 0.59546492136, 0.31319328924, 0.090913738472],
      [0.00035771440184, 0.059377959673, 0.89293493981, 0.047329386115],
      [0.0090211333445, 0.035693879099, 0.93769195881, 0.017593028742],
      [0.00035938769306, 0.88496269318, 0.11049980137, 0.0041781177611],
      [0.13575557798, 0.022008073585, 0.82342196477, 0.018814383665],
      [0.012173047351, 0.15942195428, 0.53974504819, 0.28865995018]
    ]
  ],
  "expected_outcome": [
    [
      [0, 0.0057396039118, 0.02014484046, 0.044447323738, 0.0046578734178, 0.037933951786, 0, 0.019575287721, 0.011003350355, 0.024993127365, 0.019787435577, 0.042435393937, 0.013586141169, 0.048727554382, 0.030024903545, 0.10602739419, 0.018068049891, 0.0015226730466, 0.070828037364, 0.017522148443, 0.039718766918, 0.018900000728, 0.028524780128, 0.0021570512315, 0.010841951138, 0.0056917569964, 0.013778449047, 0.020662030745, 0.0082003112836, 0.0303771016, 0.014462776294, 0.034163961711, 0.027804887383, 0.037570442127, 0.022105080276, 0.021867247476, 0, 0.026444495857, 0.032004961658, 0.0095195458069, 0.023596679025, 0.043740710553, 0.033800315873, 0.027527356486, 0.029341322873, 0.0083680940412, 0.46414079827, 0.054584250456, 0.13640424256, 0.008132967594],
      [0, 1.708897085, 7.7338853762, 22.046458031, 0.7508612527, 14.2357232819, 0, 9.4263763473, 5.1304039542, 10.1058938297, 14.703648347, 22.2969028507, 7.2699642022, 22.8927191311, 21.4636238812, 67.9970892307, 8.1574843556, 0.76822891048, 26.3260335096, 17.3841167461, 20.0655266872, 7.9613384108, 12.5492755537, 2.1782769634, 9.2281953724, 6.2360256698, 4.5679115369, 14.3619433371, 4.2576640972, 12.9469334448, 10.5243064675, 15.4727508879, 16.9932804696, 27.0043664287, 11.2549623119, 6.7535865839, 1.9851635249, 9.1093753986, 17.1518933535, 3.8537780251, 11.6311149871, 20.2799801968, 17.3752194762, 9.0683992859, 17.5781771915, 3.2560632318, 234.3082472979, 21.8358247437, 49.3894075344, 11.3138335058],
      [0, 0.51891443066, 3.9688142663, 11.2631875749, 0.24448087389, 7.7350924127, 0, 6.1285021065, 2.9446561885, 5.6455302015, 7.8566260159, 10.5597050898, 3.474875531, 11.0607913952, 10.7144726292, 32.2731703356, 4.0083646405, 0.23024841647, 14.1215962333, 9.545628631, 10.9332285849, 4.0666755013, 6.796480896, 1.2706441655, 4.3252513694, 3.2974474255, 2.451075505, 8.2164378696, 1.9666589347, 7.2307616319, 4.9767503974, 7.6597802479, 10.1495322075, 14.758233304, 5.9195485063, 3.7070394769, 0.61696518515, 5.3606792469, 8.7498471958, 2.3361733822, 6.0529782413, 10.3906530563, 8.8001272997, 4.8418093239, 8.9875713051, 1.0316945453, 116.657061474, 10.3235110014, 22.2781789329, 5.9506724956],
      [0, 0.76644888047, 1.277155517, 3.6459070704, 0, 2.9912503536, 0, 2.4255462584, 0.91393650691, 2.2235828415, 2.4199382015, 3.1009566656, 1.2415741256, 4.9977619192, 2.791878586, 12.6237130395, 1.816082954, 0, 7.4815422198, 4.0527324744, 4.961525961, 0.95308608715, 2.6257187701, 0.54892181985, 0.43571130697, 1.4608351478, 0.96723450911, 2.4009567625, 0.76747665682, 5.7919278218, 2.4844803588, 3.8333049025, 2.8293824355, 6.1998298252, 1.8033841015, 1.5175066917, 0.39787128998, 2.5035008586, 4.0662544891, 0.80052904688, 2.2923100926, 3.2856260364, 2.7908529082, 2.0622640337, 4.4049101805, 0.70387412887, 53.5705504298, 5.7860800044, 13.1960092902, 1.727361031]
    ],
    [
      [0, 0.0092133647477, 0.025047411835, 0.059492405406, 0.0046418030613, 0.064560984189, 0.009380644086, 0.014126913003, 0.027415449704, 0.026291654208, 0.07305072182, 0.10862134958, 0.046220251763, 0.070354345034, 0.096276622614, 0.046263138883, 0.041196397322, 0.0065568370275, 0.075891552547, 0.019328099205, 0.089124200436, 0.026869164233, 0.06922595932, 0.0038767362237, 0.026828337179, 0.0079203271064, 0.046240261528, 0.058876502381, 0.011683920888, 0.063094183246, 0.015323225632, 0.0078539697174, 0.052097335825, 0.052993770927, 0.038994883889, 0.036339469367, 0, 0.045401308734, 0.048317094183, 0.023421006178, 0.037194142861, 0.04377894397, 0.076913382013, 0.053817189363, 0.065284760718, 0.0095208927789, 0.91202937503, 0.16858442287, 0.37981500719, 0.04077944181],
      [0.064641824477, 0.31340523148, 1.1462173029, 3.5244483519, 0.064796276743, 2.8943446354, 0.35963880013, 0.81021706179, 1.5246644295, 1.2654995339, 6.4877833207, 6.823043921, 2.9532318512, 3.9484903037, 8.2240569365, 3.5483439996, 2.2202930871, 0.37339817116, 3.3723199556, 2.2911507509, 5.380411397, 1.3487340639, 3.6321655387, 0.45363631613, 2.7251356946, 1.0295049391, 1.8249164398, 4.8900786126, 0.71996170293, 3.2091182123, 1.3280124693, 0.42462254386, 3.8020760616, 4.5526344576, 2.3697125466, 1.3371351289, 0.42985496452, 1.86265922, 3.0910961551, 1.1279836062, 2.1861404649, 2.4234652885, 4.7236573373, 2.1108799556, 4.6737219148, 0.44001095179, 55.0862224442, 8.0582707217, 16.4458528229, 6.7690874028],
      [0.93535817552, 2.9352758246, 16.8424770195, 51.3743271404, 0.9305619202, 44.8697343214, 2.6309805558, 15.0865075374, 25.0316733933, 20.2519285377, 98.873781248, 92.1208163889, 40.3752300845, 54.4877848075, 117.0988440182, 47.9700142181, 31.1601438031, 3.6200449918, 51.554939057, 35.9068516345, 83.5898967157, 19.7850123094, 56.3336005489, 7.9328252326, 36.5777863284, 15.7043320289, 28.1126413595, 79.7878724318, 9.5924165658, 51.2352244916, 18.0211797553, 6.0208412741, 64.844431458, 70.9439936879, 35.6111560252, 21.0615997133, 4.1182554603, 31.4188188765, 45.0381756247, 19.6253723618, 32.5264971066, 35.4860397756, 68.2415292871, 32.3286886022, 68.1520114245, 4.0609328125, 780.2816981523, 108.6296514458, 211.2452116272, 101.7945831383],
      [0, 0.74210557919, 0.98625826577, 3.0417321023, 0, 3.171360059, 0, 1.0891484878, 1.4162467274, 1.4562802742, 5.5653847095, 4.9475183405, 2.6253178125, 4.4933705437, 5.5808224227, 3.4353786434, 2.5783667125, 0, 4.9968494348, 2.7826695154, 6.9405676869, 0.83938446244, 3.9650079531, 0.60966171502, 0.67024963977, 1.258242705, 2.0162019391, 4.2631724533, 0.67593781039, 7.4925631128, 1.6354845498, 0.54668221231, 3.3013951445, 5.4503780836, 1.9801365444, 1.5649256884, 0.45188957523, 2.6731205949, 3.8224111261, 1.2232230258, 2.2501682857, 2.046715992, 3.9578999937, 2.5066142529, 6.1089819, 0.48953534294, 65.7200500285, 11.1434934096, 22.9291205427, 5.3955500171]
    ],
    [
      [0, 0.56022716383, 5.0465928691, 7.7015351516, 0.32295340799, 8.4274999744, 0.22423859515, 4.3915671145, 4.2999900171, 6.6945127006, 3.2459069977, 5.8357226894, 2.088085247, 2.8381127172, 3.8990465055, 8.3033687172, 6.8449668233, 0.080935319032, 10.6727125089, 2.1926215671, 7.7921326829, 1.7404498302, 2.1650704367, 0.12135142802, 1.0397546979, 0.83197546627, 2.7209886023, 4.752407196, 1.9730966843, 3.9136201271, 1.6965785383, 1.9845194137, 3.4356364393, 4.3686125179, 4.8182419965, 3.2673498096, 0, 3.78471273, 5.0248651429, 3.4867939247, 6.8627350872, 3.5852997153, 7.0298888388, 3.5781496548, 5.7922067334, 0.53400347767, 61.0725533609, 12.3312836514, 22.9874114243, 0.93819786783],
      [0.074753982041, 0.44736046004, 5.5125775604, 10.902092802, 0.10053666192, 9.0267803447, 0.20002809382, 6.0128503662, 5.7081675433, 7.6949355776, 6.88296407, 8.75586175, 3.1813867478, 3.8033770815, 7.953626381, 15.2196515626, 8.8116563496, 0.10623081333, 11.3329904763, 6.2078520231, 11.239756962, 2.0824027726, 2.7053004679, 0.33517113329, 2.5184626612, 2.5751160773, 2.5622790921, 9.4295781452, 2.8968395333, 4.7500514012, 3.5060907484, 2.56013989, 5.9870657354, 8.9656005902, 6.9931885854, 2.8632410477, 0.32524188887, 3.7062244311, 7.6784465878, 4.0073813623, 9.6331405252, 4.7383777136, 10.3158563548, 3.3490160252, 9.9055864443, 0.58728153788, 88.1892988122, 14.0807861636, 23.7896403226, 3.7121634263],
      [1.925246018, 7.3512163069, 141.5141586782, 277.5760931393, 2.5765099301, 244.4300577527, 2.575733311, 195.6014318989, 163.7170045818, 215.1368149345, 183.2203748976, 206.4810945625, 75.9847103332, 91.6830463789, 197.8083201923, 359.3582998821, 216.0180753085, 1.8128338676, 302.6068282696, 169.9403420233, 304.9981726859, 53.3790044662, 73.3050370593, 10.2662171655, 59.059353241, 68.6554604713, 68.9698495302, 268.7339043737, 67.4574861834, 132.4796626787, 83.1323203975, 63.4235120807, 178.3635622816, 244.0266866455, 183.577452427, 78.8030510041, 5.4679075776, 109.22384591, 195.427395186, 121.8242417054, 250.3741602704, 121.203538237, 260.3079887869, 89.617092802, 252.293181724, 9.4801434138, 2181.5797853113, 331.5392244963, 533.6891080951, 97.5199637167],
      [0, 0.64119606919, 2.9266708923, 5.8202789072, 0, 6.1156619282, 0, 4.9941506204, 3.2748378577, 5.4737367873, 3.6507540347, 3.9273209981, 1.745817672, 2.6754638224, 3.3390069212, 9.1186798381, 6.3253015185, 0, 10.3874687451, 4.6591843865, 8.9699376692, 0.79814293093, 1.8245920361, 0.27726027321, 0.38242939992, 1.9374479851, 1.7468827754, 5.0841102851, 1.672577599, 6.8566657929, 2.6650103158, 2.0318286156, 3.2137355438, 6.6391002464, 3.611116991, 2.0663581386, 0.20685053353, 3.285216929, 5.8692930833, 2.6815830076, 6.1299641173, 2.4727843341, 5.3462660195, 2.455741518, 8.0090250983, 0.3985715706, 65.1583625156, 12.0487056886, 20.5338401579, 1.8296749892]
    ],
    [
      [0, 0.017042400343, 0.17335498965, 0.26477748604, 0.0025637153418, 0.41465542965, 0.016937272091, 0.10074052253, 0.17276059066, 0.10397069067, 0.30229026939, 0.54880106281, 0.24145963044, 0.32688710046, 0.25767334397, 0.75247201925, 0.24034364954, 0.0091108251716, 0.76893911297, 0.17623197841, 0.3716755315, 0.15114006537, 0.16833980112, 0.0062483520735, 0.11864597421, 0.025407027705, 0.1498842303, 0.26213194157, 0.060268713048, 0.21135608153, 0.072695453206, 0.24481977664, 0.1965653083, 0.30908846741, 0.19624785769, 0.1909639626, 0, 0.14677483464, 0.19510492928, 0.10525961856, 0.13779419929, 0.24748366623, 0.31829202518, 0.14633688126, 0.31648698789, 0.098974292057, 3.5973329053, 0.43207040896, 1.1075877631, 0.063611621672],
      [7.3843469645, 9.2254037972, 117.8788382911, 232.3396972086, 0.94276001784, 275.2542617739, 10.4495438215, 85.9636317159, 142.6165956583, 74.5199432364, 397.2240606925, 509.8473812793, 228.6137445679, 271.6595834529, 325.7769976909, 853.037620144, 192.0279391786, 8.4238804402, 505.3289485701, 309.2466785835, 332.0728258129, 112.7841850455, 131.1362856436, 11.3702491393, 178.7425822476, 49.4433057837, 88.0796013061, 322.2507922145, 55.5686052729, 159.4422011223, 93.7416421718, 196.2149644727, 212.5527094595, 392.8580470728, 176.8419896506, 104.4946464879, 11.1428342964, 89.5948413589, 185.0305207388, 75.5612266818, 120.2730881878, 203.033483946, 289.406110276, 85.4435806998, 335.3283966398, 68.3578362087, 3209.3533658582, 305.7014424098, 708.9452735747, 156.6383966922],
      [0.61565303546, 0.64092788216, 14.3499661376, 28.2053048124, 0.054676266818, 35.5413757534, 0.53351890645, 13.2540561278, 19.4278345496, 9.8704000905, 50.4500817809, 57.4060660177, 25.9426429125, 31.1798914074, 38.6519206052, 96.2939430218, 22.41062576, 0.56700873467, 64.4506718879, 40.3496205009, 43.0102130137, 13.6522736325, 16.8492510244, 1.5379030875, 19.8789081977, 6.1790672972, 11.1980787168, 43.8187989559, 6.0672944365, 21.1415941573, 10.5058366437, 23.0495810606, 30.156625631, 51.0381509968, 22.0869300013, 13.5947955643, 0.79402160897, 12.5004107235, 22.4188173315, 10.8520390371, 14.8568885625, 24.7034000112, 34.8357429278, 10.8124833278, 40.7513669445, 5.1048779925, 380.2182175292, 34.3543331235, 76.0611336245, 19.5584648424],
      [0, 0.11662592028, 0.5978405816, 1.190220493, 0, 1.7897070431, 0, 0.68157163378, 0.78280920152, 0.50568598244, 2.0235672572, 2.1977516401, 1.2021528891, 1.8336380392, 1.3134083599, 4.9159648149, 1.3210914118, 0, 4.451440429, 2.2274689372, 2.5452856418, 0.41240125669, 0.84612353088, 0.085599421103, 0.2598635805, 0.3522198914, 0.57243574677, 1.668276888, 0.30383157758, 2.2048486389, 0.67982573128, 1.49063469, 1.0940996012, 2.7947134629, 0.87483249041, 0.71959398526, 0.063144094617, 0.75797308292, 1.3555570004, 0.48147466254, 0.73222905038, 1.0156323766, 1.439854771, 0.59759909114, 2.6037494277, 0.43831150666, 22.8310837073, 2.5121540578, 5.8860050376, 0.73952684372]
    ],
    [
      [0, 2.3099008774, 14.5387646427, 35.9955371688, 0.86332941351, 33.4938640597, 1.9905567233, 10.8238393368, 10.6859985815, 19.4969738673, 8.8368562003, 18.6022013805, 6.7628446462, 17.3961828176, 11.0293637255, 34.3289556762, 21.9468766576, 1.092840511, 43.6417877496, 10.6785205231, 27.7754037772, 7.6668060432, 3.9163875226, 0.884217978, 5.3901568907, 2.4770542454, 13.9404246005, 16.2787258372, 6.1137325853, 8.8124662475, 5.6523682082, 11.6184835235, 11.1068174495, 15.8622514533, 18.583710078, 5.256918142, 0, 14.9167082061, 19.8649790816, 11.3501498444, 16.3562795413, 14.4525155163, 31.1546482501, 14.0104252012, 17.9986556453, 8.0640060519, 189.9388916006, 22.7263906213, 66.634479003, 2.0363336697],
      [0, 0.063579774562, 0.66174017838, 2.1464507086, 0.0038010665665, 1.5091606357, 0.053736872901, 0.6186543021, 0.59086006153, 0.9391265134, 0.78214561635, 1.1701950425, 0.42384036092, 0.97413937112, 0.94102973274, 2.6528390917, 1.1852110866, 0.036869014113, 1.9528260631, 1.2670068585, 1.6862994615, 0.37597115326, 0.19840320183, 0.089963610542, 0.53730257392, 0.31128919961, 0.544797391, 1.3568157993, 0.36690192452, 0.4438909154, 0.4810413715, 0.62146187923, 0.8089652916, 1.3670557253, 1.1305037909, 0.18696639653, 0.11687922045, 0.60861069615, 1.2734816128, 0.54241301477, 0.96193881221, 0.79692702114, 1.9244088865, 0.5447377925, 1.2922941162, 0.35706847533, 11.6143231359, 1.0898223784, 2.911576013, 0.33012110377],
      [0, 1.4685042831, 24.1902235988, 77.8704746871, 0.13286951992, 58.2236455046, 0.95570640384, 28.6662772147, 24.1352383501, 37.4051618507, 29.6614974782, 39.3172662447, 14.4099662217, 33.4412162815, 33.3444145576, 89.2614787947, 41.39233009, 0.87029047487, 74.3009997681, 49.4052864619, 65.2041709016, 13.707350742, 7.6531283458, 3.8966702836, 17.9310447731, 11.8055030325, 20.8706118761, 55.095665938, 12.1520260139, 17.6323075338, 16.2324523652, 21.9048068202, 34.331090877, 53.0149376378, 42.2733320367, 7.3221227352, 2.754254994, 25.5390145743, 46.1732430748, 23.4779405108, 35.6200837888, 29.0292755274, 69.1911437615, 20.7520521515, 46.8968186543, 8.1589779465, 409.5626964159, 36.5663264061, 93.0950122392, 12.3513294715],
      [0, 0.15801506495, 0.60927158017, 1.9875374355, 0, 1.7733298001, 0, 0.89122914638, 0.58790300685, 1.1587377686, 0.71950070513, 0.91033733231, 0.40334877116, 1.1884615298, 0.68519198415, 2.7567264375, 1.4755821659, 0, 3.1043864192, 1.6491861565, 2.3341258598, 0.24987206154, 0.23208092984, 0.12914812787, 0.14149576221, 0.40615352241, 0.6441661324, 1.2687924254, 0.36733947628, 1.1113353033, 0.63413805506, 0.85524777707, 0.75312638185, 1.7557551835, 1.0124540944, 0.23399272634, 0.12886578559, 0.93566652346, 1.6882962308, 0.62949663006, 1.0616978577, 0.72128193521, 1.7297991018, 0.69278485477, 1.8122315842, 0.41994752625, 14.8840888477, 1.6174605942, 4.3589327448, 0.28221575497]
    ],
    [
      [0, 0.076579350007, 0.25252397924, 0.991897346, 0.38784269813, 0.69871793356, 0, 0.41586816068, 0.45170745648, 0.73663377661, 0.28384042848, 0.88932226235, 0.3138880248, 0.52093475539, 0.82934499985, 0.77268913291, 0.66650613724, 0.13920878013, 0.70358934711, 0.12963097936, 0.82331087878, 0.16821926177, 0.5354560767, 0.14702240466, 0.37090825627, 0.052777627779, 0.52481720217, 0.42493886305, 0.12816530551, 0.61279424452, 0.24936196651, 0.094787918675, 0.34711865166, 0.41929405298, 0.44825783268, 0.36298822989, 0, 0.51444816566, 0.35219821714, 0.34211457951, 0.622824404, 0.46045384995, 0.80901011168, 0.55974383048, 0.73759057106, 0.089597177419, 6.7326621363, 1.4244007327, 3.5449892886, 0.32867227848],
      [0, 0.2036252141, 0.91347834718, 4.6488376694, 0.41836962735, 2.4777143403, 0, 1.886003989, 1.9854762637, 2.8050472937, 1.9921666558, 4.4165904294, 1.582803636, 2.3109402581, 5.6000124649, 4.6879888335, 2.8408656069, 0.60758872438, 2.4731492735, 1.2149480749, 3.9314772741, 0.66637269988, 2.2143745262, 1.3497313665, 2.9737821908, 0.54125096228, 1.6369384784, 2.7911786793, 0.62348764627, 2.4622855785, 1.7064860694, 0.40478995089, 2.0025667787, 2.8484632061, 2.1541822272, 1.0530228376, 0.33682129652, 1.6686020976, 1.7819460064, 1.3025746703, 2.8952389881, 2.0146111872, 3.9302769011, 1.7352633792, 4.1756590176, 0.32635825849, 32.1799668791, 5.3843549278, 12.1440549539, 4.3043927656],
