{
  "Z_true": {},
  "V_true": [
    [883, 10, 76, 610, 20],
    [39, 1210, 680, 264, 83],
    [105, 520, 6386, 332, 220],
    [532, 421, 415, 16089, 403],
    [228, 322, 850, 684, 179],
    [52, 136, 216, 336, 432]
  ],
  "p_true": [
    [0.5522, 0.0063, 0.0475, 0.3815, 0.0125],
    [0.0171, 0.5316, 0.2988, 0.116, 0.0365],
    [0.0139, 0.0688, 0.8444, 0.0439, 0.0291],
    [0.0298, 0.0236, 0.0232, 0.9008, 0.0226],
    [0.1008, 0.1423, 0.3756, 0.3023, 0.0791],
    [0.0444, 0.116, 0.1843, 0.2867, 0.3686]
  ],
  "Z_est": [
    [
      [11.3066, 0.6259, 1.1538, 51.2625, 5.9363, 16.3539, 19.1806, 49.6478, 61.4169, 54.4918, 43.6029, 36.6866, 24.8139, 11.9679, 1.2259, 0.6259, 3.4526, 14.9798, 18.1719, 32.6281, 15.3851, 33.2739, 28.5695, 38.5046, 2.6912, 2.8267, 19.4237, 1.2519, 36.4435, 23.2391, 11.0036, 33.7802, 19.1301, 0.6259, 0, 227.6546, 34.4061, 76.3993, 6.3322],
      [0.6564, 0.0079, 1.8935, 0.5328, 0.0648, 0.1595, 0.2216, 0.4929, 0.484, 0.5469, 0.9048, 0.4481, 0.2739, 3.1929, 0.3173, 0.0149, 0.0888, 0.1593, 0.4402, 0.3295, 0.2112, 0.3248, 0.3048, 0.4978, 0, 0.0363, 0.1616, 0.0372, 0.3132, 0.2017, 0.1536, 0.318, 6.3378, 0.0079, 0, 2.0636, 0.4677, 1.1072, 0.1975],
      [0.4908, 0.0822, 0.3854, 4.5081, 1.2893, 2.2399, 2.8927, 4.265, 3.3298, 5.0754, 5.0355, 1.7371, 1.2687, 1.7376, 0.2557, 0.0053, 0.5999, 2.7071, 1.0042, 4.0791, 1.0712, 4.3469, 5.2057, 8.4427, 0.0034, 0.1126, 2.6895, 0.1643, 2.5699, 2.0633, 0.017, 10.5464, 3.1438, 0.1362, 0, 25.8362, 8.1885, 10.4498, 3.8268],
      [3.5352, 0.2757, 3.5666, 12.6542, 2.1188, 3.205, 3.6806, 14.5441, 12.7055, 8.808, 15.4433, 16.0936, 8.6219, 8.0851, 0.6577, 0.3508, 0.8495, 12.1273, 8.371, 10.9383, 5.3022, 10.0173, 6.8861, 13.491, 0.3014, 0.8275, 7.7078, 0.5466, 11.6337, 7.4731, 3.8122, 10.3441, 8.3614, 0.2277, 0, 101.2586, 12.8865, 15.9186, 6.6364],
      [0.011, 0.0083, 0.0007, 0.0424, 0.5908, 0.0417, 0.0245, 0.0502, 0.0637, 0.0779, 0.0135, 0.0346, 0.0216, 0.0166, 0.5434, 0.003, 0.0093, 0.0266, 0.0128, 0.025, 0.0303, 0.0371, 0.0339, 0.0639, 0.004, 0.197, 0.0173, 0, 0.0397, 0.0228, 0.0136, 0.0113, 0.0269, 0.0023, 0, 0.1871, 0.0511, 0.1251, 0.0071]
    ],
    [
      [0.4091, 0.0864, 0.0818, 2.8631, 0.0554, 1.2814, 1.3905, 6.6878, 2.2639, 2.9995, 0.7086, 2.7536, 1.6359, 0.3819, 0.0273, 0, 0.0573, 0.0003, 0.8181, 1.6088, 1.2813, 2.2357, 1.7178, 2.8081, 0.5276, 0.1091, 0.7091, 0.065, 3.0598, 0.9818, 1.0904, 0.982, 0.7908, 0, 0, 10.2532, 0.0009, 7.7966, 0.0001],
      [13.9511, 1.446, 2.8759, 86.4241, 9.4267, 25.309, 39.8758, 82.2191, 66.3897, 90.4144, 24.2043, 78.6533, 46.7582, 12.9387, 0.9398, 3.6151, 22.7881, 19.9084, 22.4524, 48.6622, 38.8602, 55.0629, 49.6778, 84.2275, 0, 3.5199, 19.5488, 4.635, 45.2295, 27.9048, 30.7969, 34.4617, 26.89, 0, 0, 278.2319, 84.4079, 223.2936, 45.1729],
      [0.0849, 0.182, 0.017, 7.4194, 1.0251, 7.5735, 4.8619, 13.0257, 5.4638, 8.3216, 0.1472, 3.152, 2.2332, 0.0793, 0.0057, 1.1299, 5.2827, 1.7153, 1.668, 6.5347, 2.8358, 18.1246, 8.3052, 12.2201, 0.2554, 0.1891, 2.332, 0.278, 4.2156, 3.325, 4.9844, 0.2038, 0.1642, 0, 0, 45.6306, 8.9422, 17.5372, 17.9125],
      [0.0661, 0.138, 0.0132, 5.3447, 0.7525, 5.8111, 3.353, 15.6191, 6.0983, 4.5955, 0.1145, 13.6808, 9.094, 0.0617, 0.0044, 0.2066, 7.5228, 8.2907, 4.2295, 0.5408, 2.4864, 4.1909, 1.3847, 0.4537, 0.1336, 0.0176, 2.5968, 0.022, 7.9499, 2.6615, 2.0188, 0.1586, 0.1278, 0, 0, 35.3329, 5.5873, 28.9602, 3.7933],
      [0.4887, 0.1476, 0.0121, 2.9487, 0.7403, 7.025, 1.5188, 3.4482, 2.7843, 3.6689, 0.8253, 2.7602, 0.2786, 0.5385, 0.0229, 0.0485, 0.349, 1.0852, 0.8321, 1.6534, 1.5362, 2.3859, 1.9146, 3.2906, 0.0835, 0.1643, 0.8132, 0, 0.5452, 1.1269, 1.1095, 0.1938, 1.0273, 0, 0, 6.5514, 3.0617, 8.4124, 0.1211]
    ],
    [
      [2.575, 0.0488, 0.0796, 4.4076, 0.3582, 1.5283, 1.947, 4.13, 16.5956, 4.8908, 7.5469, 2.7369, 2.4918, 0.7562, 0.0796, 0.0398, 0.3128, 0.8358, 1.3286, 2.8031, 1.0746, 2.444, 1.9901, 2.4677, 0.2988, 0.3743, 1.6638, 0.0796, 2.9527, 1.928, 0.9897, 2.3921, 1.1144, 0.0398, 0, 15.2582, 2.1493, 7.1139, 0.3582],
      [4.0689, 0.0514, 0.1873, 9.085, 0.5299, 0.8166, 1.9971, 2.4927, 2.9813, 4.2209, 4.2967, 6.9116, 2.6206, 1.4961, 0.0761, 0.1074, 0.7877, 0.5802, 0.6876, 3.3952, 2.3575, 1.5687, 1.5902, 4.739, 0, 4.3326, 0.6017, 5.0432, 1.3753, 0.881, 1.6226, 2.1027, 1.902, 0.0761, 0, 8.4451, 3.9323, 19.5502, 1.5171],
      [30.1918, 3.7683, 9.1071, 270.6896, 39.1707, 138.0392, 188.2203, 247.0594, 193.4573, 303.0393, 94.0897, 95.4517, 60.5825, 36.3548, 8.2461, 22.3201, 30.2496, 56.5999, 52.6176, 244.6488, 280.4249, 374.2596, 316.3851, 511.1035, 8.041, 5.6532, 83.9754, 10.2041, 147.9916, 122.7946, 172.1709, 119.2496, 170.8965, 7.8155, 1, 1564.4645, 332.6605, 637.1292, 52.7705],
      [2.6493, 0.0098, 0.5043, 6.8742, 0.8521, 0.8622, 1.7647, 0.64, 3.3365, 2.6688, 8.7536, 10.0014, 2.5051, 1.765, 0.0471, 0.0457, 0.0806, 0.7129, 3.1867, 2.1093, 0.5645, 1.8913, 5.6304, 3.6554, 0.022, 1.2239, 1.2722, 0.673, 5.202, 0.8377, 0.8622, 0.3078, 0.4348, 0.6738, 1, 17.0664, 2.8041, 20.1435, 0.1368],
      [3.515, 0.1217, 0.1217, 5.9436, 2.0891, 7.7538, 4.0709, 7.6779, 9.6293, 20.1802, 2.3131, 4.8985, 2.8001, 2.6278, 0.551, 0.487, 1.5693, 7.2712, 2.1794, 3.0436, 5.5784, 5.8364, 5.4043, 12.0345, 0.6383, 3.416, 2.4869, 0, 5.4784, 5.5587, 2.3546, 1.9479, 3.6523, 0.3948, 0, 22.7658, 8.4538, 21.0632, 1.2174]
    ],
    [
      [1.2501, 0.2038, 0.106, 12.2234, 0.4771, 2.6754, 3.9732, 6.7677, 9.5222, 14.5849, 5.5377, 4.1799, 3.1238, 1.0073, 0.106, 0.053, 0.3181, 1.1133, 1.6758, 4.2252, 1.4314, 3.0748, 2.6507, 3.2868, 1.8701, 0.3451, 1.9244, 0.106, 5.3813, 4.3025, 1.0603, 2.8962, 1.4844, 0.053, 0, 19.615, 2.8627, 8.8258, 0.4771],
      [4.7457, 0.3044, 0.8023, 17.1015, 1.8846, 4.1951, 8.4274, 12.806, 12.81, 20.0716, 5.0923, 14.0901, 8.2491, 3.0551, 0.2316, 0.552, 3.4223, 2.9807, 4.1817, 9.476, 6.8728, 8.059, 8.1694, 15.0183, 0, 1.1355, 3.0911, 2.1726, 7.0654, 4.5263, 5.6332, 7.446, 7.1005, 0.2533, 0, 43.3859, 14.4959, 38.2798, 6.7342],
      [0.089, 0.991, 0.028, 0.8336, 3.0144, 0.4168, 2.0295, 4.861, 0.61, 0.9404, 0.2948, 0.3152, 0.2313, 0.1169, 0.0254, 0.2632, 4.3252, 0.1881, 0.183, 5.5574, 7.0906, 12.1504, 2.746, 5.152, 3.0591, 0.0203, 0.2669, 0.0305, 2.7871, 1.2859, 11.3707, 2.7531, 1.0077, 0.0254, 0, 11.8965, 9.3914, 1.9443, 1.4942],
      [147.3109, 13.4631, 29.026, 585.1446, 85.0405, 205.174, 326.4764, 632.4513, 571.5659, 768.99, 451.3588, 1284.0489, 629.5286, 294.0957, 10.1057, 18.981, 221.482, 531.0194, 418.0879, 361.7987, 232.669, 389.1322, 381.9633, 587.0339, 13.4418, 30.2413, 178.9008, 30.6909, 1055.0693, 330.5118, 176.3325, 353.3014, 347.2762, 32.4941, 0, 3405.0512, 547.7572, 1275.959, 273.9174],
      [0.6044, 0.0377, 0.0377, 1.6968, 3.5834, 4.5387, 1.0935, 4.1139, 11.4919, 4.4132, 0.7164, 2.3659, 0.8673, 1.725, 0.5313, 0.1508, 0.4525, 1.6985, 0.8716, 0.9427, 4.9363, 1.5837, 1.4706, 3.509, 1.6289, 0.2578, 0.8168, 0, 1.6968, 1.3736, 0.6033, 0.6033, 1.1312, 0.1742, 0, 7.0513, 2.4927, 12.9911, 0.3771]
    ],
    [
      [4.3539, 0, 0.5437, 22.559, 2.0325, 7.5819, 8.0174, 20.9769, 26.359, 25.7869, 16.2529, 15.1341, 11.5134, 4.6235, 0.5437, 0.2812, 1.631, 3.7022, 7.9003, 14.3311, 7.3888, 16.3398, 14.4753, 13.7746, 1.4684, 1.3273, 7.9981, 0.48, 15.7904, 10.2854, 5.6278, 12.5283, 4.9362, 0.2286, 0, 93.4458, 13.5982, 36.6707, 1.5866],
      [2.0217, 0, 0.5858, 12.3184, 1.0886, 4.1767, 4.5518, 10.8168, 10.6508, 14.2224, 4.7033, 9.5949, 6.9825, 2.483, 0.2993, 0.4247, 1.9433, 1.1292, 3.6819, 8.8314, 7.8946, 3.053, 9.3943, 15.6729, 0, 0.9213, 2.5859, 0.2264, 4.3631, 5.0003, 4.2538, 7.2688, 11.7211, 1.418, 0, 33.1704, 11.6401, 27.5289, 4.1323],
      [4.1353, 0, 1.3723, 41.886, 1.4897, 14.3808, 10.5595, 38.2607, 35.1641, 49.5827, 15.4825, 22.318, 25.9276, 7.325, 1.4657, 1.3911, 3.1748, 12.1724, 16.5191, 34.7771, 35.5436, 61.7207, 46.2718, 78.058, 0.6384, 2.0234, 14.8789, 1.2262, 26.8798, 20.2219, 17.4394, 20.9811, 34.0666, 1.9393, 0, 219.8952, 39.5422, 91.6821, 12.6555],
      [0.4385, 0, 0.3553, 8.3783, 0.2361, 1.2142, 0.9781, 2.7995, 5.0699, 10.8106, 1.3829, 11.961, 7.9435, 2.4797, 0.1851, 0.2538, 0.3036, 11.6882, 10.1249, 7.3435, 4.1414, 6.4053, 15.8576, 20.7979, 0.1012, 1.6897, 8.0093, 0.0675, 14.5361, 7.5159, 2.5403, 6.9353, 8.7938, 0.8199, 0, 69.7658, 2.6309, 8.1785, 2.1965],
      [2.0506, 0, 0.1429, 8.8583, 2.1531, 8.6465, 4.8931, 10.1461, 12.7563, 16.5974, 3.1783, 6.9919, 4.633, 3.0888, 0.5062, 0.6491, 1.9473, 5.3081, 2.7737, 4.7168, 7.0315, 8.4812, 8.0009, 14.6967, 0.792, 1.0382, 3.5278, 0, 6.4306, 4.9765, 3.1387, 2.2864, 5.4824, 0.5942, 0, 26.7227, 10.5886, 26.9398, 1.429]
    ],
    [
      [0.1053, 0.0351, 0.0351, 0.6844, 0.1404, 0.5791, 0.4914, 0.7897, 0.8424, 1.246, 0.351, 0.5089, 0.4212, 0.2632, 0.0175, 0, 0.2281, 0.3685, 0.1053, 0.4036, 0.4387, 0.6318, 0.5967, 1.1583, 0.1439, 0.0175, 0.2808, 0.0175, 1.3723, 0.2632, 0.2281, 0.4212, 0.544, 0.0526, 0, 3.7731, 0.9828, 2.1937, 0.2457],
      [0.5562, 0.1903, 0.6552, 7.5383, 1.0054, 3.3431, 3.9262, 7.1725, 6.6842, 9.5239, 2.7986, 6.3019, 4.1158, 1.8343, 0.1359, 0.2859, 1.9698, 2.2422, 0.5562, 4.3057, 3.8037, 4.9317, 4.8636, 8.8446, 0, 0.0544, 2.0109, 0.8856, 5.6534, 2.4859, 2.5399, 5.4028, 4.0488, 0.2447, 0, 27.7031, 8.0561, 20.2403, 3.2459],
      [0.0081, 0.9765, 0.0902, 2.6632, 0.0108, 1.3498, 3.4361, 2.528, 1.975, 3.0407, 0.9502, 1.0261, 0.7567, 0.3864, 0.0014, 1.8904, 0.3678, 0.6173, 0.0081, 2.4028, 0.0338, 3.3979, 3.0862, 5.0236, 0.0027, 0.0014, 0.8573, 0.0969, 1.556, 0.3094, 0.0176, 1.266, 1.7212, 0.0836, 0, 15.2769, 3.2751, 6.2574, 1.3406],
      [0, 0.1135, 0.5346, 2.6039, 0, 1.7335, 2.7471, 3.9461, 2.2239, 7.127, 3.9468, 1.2143, 4.307, 2.5128, 0, 0.1621, 2.7616, 2.1614, 0, 1.2693, 1.8365, 3.363, 3.2778, 7.5682, 0, 0, 2.5131, 0, 16.609, 0, 1.4341, 5.9528, 6.0061, 0.7845, 0, 44.5251, 8.3339, 11.8403, 2.3196],
      [5.3304, 0.6847, 0.6848, 25.5102, 6.8434, 25.9944, 17.3991, 30.5637, 36.2746, 50.0624, 11.9533, 19.9488, 14.3993, 10.0033, 0.8452, 2.6617, 7.6727, 15.6105, 5.3304, 14.6185, 18.8872, 23.6756, 22.1757, 43.4053, 1.8534, 0.9267, 10.3379, 0, 30.8093, 11.9415, 8.7803, 10.9572, 18.6799, 1.8345, 0, 123.7217, 35.3521, 84.4683, 6.8482]
    ]
  ],
  "V_est": [
    [1070.473, 23.9717, 131.8032, 370.2639, 2.4882],
    [60.5201, 1751.1737, 217.3787, 183.4136, 63.5139],
    [100.1816, 109.0274, 7042.8942, 113.7712, 197.1256],
    [134.7715, 313.9185, 99.7862, 17226.8928, 84.6311],
    [452.0752, 250.7518, 1063.0484, 264.9297, 232.1949],
    [20.9786, 170.157, 68.0893, 155.7288, 757.0463]
  ],
  "p_est": [
    [0.6695, 0.015, 0.0824, 0.2316, 0.0016],
    [0.0266, 0.7694, 0.0955, 0.0806, 0.0279],
    [0.0132, 0.0144, 0.9312, 0.015, 0.0261],
    [0.0075, 0.0176, 0.0056, 0.9646, 0.0047],
    [0.1998, 0.1108, 0.4698, 0.1171, 0.1026],
    [0.0179, 0.1452, 0.0581, 0.1329, 0.6459]
  ],
  "EI_Z": {},
  "EI_V": 10.5834,
  "MAE_Z": {},
  "MAE_V": 230.95,
  "MAE_p": 0.0721,
  "runtime": 0.7839
}
