{
  "X": [
    [6, 21, 127, 11],
    [15, 62, 306, 19],
    [32, 155, 288, 20],
    [26, 143, 695, 42],
    [27, 100, 430, 40],
    [26, 119, 379, 32],
    [75, 313, 986, 80],
    [5, 15, 83, 2],
    [30, 195, 432, 37],
    [15, 113, 285, 26],
    [24, 140, 371, 38],
    [26, 89, 152, 40],
    [28, 116, 634, 47],
    [26, 86, 560, 28],
    [5, 24, 142, 23],
    [8, 42, 180, 18],
    [14, 44, 172, 27],
    [6, 65, 245, 19],
    [7, 25, 56, 7],
    [8, 35, 52, 10],
    [2, 13, 62, 9],
    [10, 33, 94, 1],
    [18, 80, 264, 30],
    [13, 44, 172, 20],
    [14, 72, 152, 10],
    [9, 36, 133, 10],
    [40, 168, 559, 44],
    [33, 119, 349, 39],
    [12, 95, 86, 19],
    [17, 110, 400, 26],
    [10, 79, 333, 30],
    [68, 387, 1041, 86],
    [117, 646, 1260, 148],
    [29, 266, 209, 76],
    [42, 245, 782, 73],
    [45, 346, 765, 78],
    [10, 69, 169, 31],
    [13, 116, 367, 17],
    [37, 540, 347, 126],
    [28, 123, 461, 21],
    [4, 20, 91, 9],
    [5, 26, 132, 8],
    [2, 7, 84, 2],
    [37, 223, 475, 52],
    [3, 30, 83, 9],
    [5, 44, 95, 21],
    [26, 207, 291, 33],
    [46, 187, 334, 49],
    [9, 21, 172, 14],
    [26, 151, 504, 34],
    [1, 11, 49, 5],
    [5, 10, 68, 3],
    [12, 81, 216, 19],
    [3, 22, 86, 6],
    [83, 362, 680, 67],
    [51, 225, 404, 72],
    [115, 506, 856, 104],
    [13, 106, 215, 34],
    [20, 60, 126, 20],
    [97, 505, 1352, 136],
    [10, 25, 56, 9],
    [145, 724, 1464, 229],
    [9, 76, 203, 23]
  ],
  "W": [
    [2, 22, 122, 16, 3],
    [18, 55, 284, 26, 19],
    [30, 135, 239, 53, 38],
    [21, 164, 623, 47, 51],
    [16, 109, 394, 46, 32],
    [18, 123, 317, 58, 40],
    [50, 310, 861, 120, 113],
    [0, 14, 72, 12, 7],
    [31, 191, 359, 68, 45],
    [12, 113, 257, 28, 29],
    [39, 125, 330, 45, 34],
    [25, 80, 137, 36, 29],
    [13, 124, 588, 50, 50],
    [16, 97, 501, 39, 47],
    [7, 22, 138, 11, 16],
    [11, 46, 154, 20, 17],
    [3, 46, 156, 33, 19],
    [9, 72, 209, 17, 28],
    [2, 20, 48, 11, 14],
    [2, 36, 40, 14, 13],
    [4, 13, 51, 8, 10],
    [2, 32, 80, 19, 5],
    [12, 81, 226, 32, 41],
    [9, 37, 159, 23, 21],
    [11, 59, 135, 22, 21],
    [9, 30, 115, 18, 16],
    [19, 181, 514, 55, 42],
    [12, 123, 318, 53, 34],
    [15, 94, 68, 23, 12],
    [22, 108, 347, 39, 37],
    [13, 88, 286, 23, 42],
    [19, 440, 860, 147, 116],
    [57, 697, 1066, 214, 137],
    [20, 279, 170, 43, 68],
    [31, 271, 682, 81, 77],
    [26, 351, 637, 110, 110],
    [20, 62, 160, 21, 16],
    [13, 127, 317, 29, 27],
    [157, 471, 274, 68, 80],
    [13, 120, 414, 42, 44],
    [1, 24, 82, 7, 10],
    [5, 23, 116, 11, 16],
    [2, 8, 77, 4, 4],
    [20, 215, 423, 71, 58],
    [6, 23, 72, 9, 15],
    [19, 38, 81, 10, 17],
    [25, 217, 229, 56, 30],
    [17, 190, 289, 82, 38],
    [4, 23, 154, 12, 23],
    [22, 150, 448, 50, 45],
    [5, 7, 41, 6, 7],
    [1, 9, 63, 8, 5],
    [15, 76, 183, 28, 26],
    [3, 17, 79, 9, 9],
    [26, 386, 575, 135, 70],
    [25, 223, 351, 75, 78],
    [59, 520, 692, 177, 133],
    [12, 101, 203, 14, 38],
    [1, 68, 115, 27, 15],
    [66, 505, 1147, 180, 192],
    [3, 27, 49, 12, 9],
    [150, 717, 1327, 178, 190],
    [27, 71, 180, 13, 20]
  ],
  "method": "mcmc",
  "mcmc_stepsize": 3000,
  "mcmc_samples": 1000,
  "burn_in": 10000,
  "cond_prob": [
    [
      [0.44055120642, 0.044727790923, 0.51007669288, 0.0046443097684],
      [0.043362292154, 0.17793478868, 0.72424077837, 0.054462140793],
      [0.03388624507, 0.12072762684, 0.78159912977, 0.06378699832],
      [0.0013877289441, 0.13723249914, 0.79012573643, 0.07125403549],
      [0.002867199362, 0.023829535648, 0.68314795829, 0.2901553067]
    ],
    [
      [0.16666430608, 0.1110954706, 0.72222385912, 1.6364199816e-05],
      [0.036354199334, 0.18184124214, 0.74543602516, 0.036368533365],
      [0.035213060967, 0.15492396361, 0.76409036665, 0.045772608775],
      [1.1597837281e-06, 0.15389071996, 0.80765562123, 0.038452499023],
      [1.1609591865e-06, 0.10523414879, 0.73685678275, 0.15790790751]
    ],
    [
      [0.10000000192, 0.30000000419, 0.56666665887, 0.033333335021],
      [0.066666667942, 0.31851852222, 0.57777777178, 0.037037038061],
      [0.062761504991, 0.31799162902, 0.58158996252, 0.037656903468],
      [0.056603774547, 0.30188679694, 0.60377357957, 0.037735848942],
      [0.052631579637, 0.28947367901, 0.57894737587, 0.078947365486]
    ],
    [
      [0.095238095238, 0.14285714286, 0.7619047619, 3.2369420477e-14],
      [0.030487804878, 0.16463414634, 0.76219512195, 0.042682926829],
      [0.027287319422, 0.15730337079, 0.76886035313, 0.046548956661],
      [0.021276595745, 0.14893617021, 0.76595744681, 0.063829787234],
      [0.019607843137, 0.1568627451, 0.76470588235, 0.058823529412]
    ],
    [
      [0.12499999985, 0.12499999996, 0.68750000007, 0.062500000123],
      [0.045871559611, 0.17431192671, 0.71559633019, 0.064220183485],
      [0.043147208116, 0.17005076138, 0.7208121828, 0.065989847706],
      [0.04347826087, 0.15217391315, 0.73913043467, 0.065217391306],
      [0.031250000214, 0.15625000002, 0.7187499997, 0.09375000006]
    ],
    [
      [0.11111104696, 0.16666690175, 0.66666623326, 0.055555818024],
      [0.056910555338, 0.21138216868, 0.67479672652, 0.056910549453],
      [0.044164024663, 0.21766558771, 0.68138806649, 0.05678232113],
      [0.034482787324, 0.2241380019, 0.68965507529, 0.051724135479],
      [0.025000134123, 0.19999984011, 0.69999997485, 0.07500005092]
    ],
    [
      [0.1, 0.2, 0.66, 0.04],
      [0.048387096774, 0.21935483871, 0.67741935484, 0.054838709677],
      [0.051103368177, 0.21602787456, 0.67828106852, 0.054587688734],
      [0.05, 0.20833333333, 0.69166666667, 0.05],
      [0.044247787611, 0.21238938053, 0.67256637168, 0.070796460177]
    ],
    [
      [0, 0, 0, 0],
      [0.066810335388, 0.1644461518, 0.74928873034, 0.019454782475],
      [0.046695908732, 0.1370467934, 0.79993145498, 0.016325842879],
      [0.047693113139, 0.15514828144, 0.78816280933, 0.0089957960946],
      [0.018604645458, 0.13837219607, 0.77956275778, 0.063460400699]
    ],
    [
      [0.096774193609, 0.25806451628, 0.61290322546, 0.032258064656],
      [0.047120418822, 0.28272251313, 0.61780104711, 0.052356020945],
      [0.041782729792, 0.28412256261, 0.62116991652, 0.052924791077],
      [0.029411764766, 0.27941176481, 0.64705882339, 0.044117647032],
      [0.022222222307, 0.26666666678, 0.62222222202, 0.088888888896]
    ],
    [
      [0.16666646135, 0.24999967284, 0.58333363007, 2.3573609535e-07],
      [0.044247795131, 0.25663753528, 0.64601738419, 0.053097285402],
      [0.031128400319, 0.26070022145, 0.64980566144, 0.058365716794],
      [1.7710736189e-08, 0.25000005512, 0.71428522269, 0.035714704477],
      [7.7108255192e-08, 0.24137944772, 0.62068933795, 0.13793113722]
    ],
    [
      [0.076920829236, 0.23078271693, 0.64101552563, 0.051280928209],
      [0.047999999664, 0.24799964891, 0.64000105295, 0.063999298475],
      [0.039393939345, 0.2484841845, 0.64848537989, 0.063636496261],
      [0.0222241707, 0.2222202755, 0.66666569122, 0.08888986258],
      [0.02941176578, 0.23528896009, 0.6470626886, 0.088236585537]
    ],
    [
      [0.1199986679, 0.28000068961, 0.48000098374, 0.11999965874],
      [0.087499575831, 0.29999812388, 0.48750291297, 0.12499938731],
      [0.080291897443, 0.29197226593, 0.50364641796, 0.12408941867],
      [0.083335876659, 0.27777429393, 0.50000483089, 0.13888499852],
      [0.068965025051, 0.27586406327, 0.48275893782, 0.17241197385]
    ],
    [
      [0.23076923077, 0.076923076923, 0.69230769231, 2.6511666446e-14],
      [0.032258064516, 0.14516129032, 0.76612903226, 0.056451612903],
      [0.03231292517, 0.14115646259, 0.77040816327, 0.05612244898],
      [0.02, 0.14, 0.78, 0.06],
      [0.02, 0.14, 0.76, 0.08]
    ],
    [
      [0.1874999944, 0.062500001369, 0.74999999834, 5.8889530438e-09],
      [0.030927833733, 0.14432989767, 0.7938144341, 0.030927834496],
      [0.035928143998, 0.1237524942, 0.80039920301, 0.039920158792],
      [0.025641025662, 0.10256410838, 0.84615383529, 0.025641030668],
      [0.021276597316, 0.10638298052, 0.78723403474, 0.085106387424]
    ],
    [
      [0.27822098172, 0.0037655852763, 0.71600188111, 0.0020115519009],
      [0.0008523429791, 0.18119737878, 0.72381395428, 0.094136323966],
      [0.021852950529, 0.12974645308, 0.73266077346, 0.11573982293],
      [0.00069508441104, 0.092105470386, 0.81329066695, 0.093908778256],
      [0.00064678005663, 0.066820491892, 0.68816848525, 0.2443642428]
    ],
    [
      [0.27245195293, 0.091274613112, 0.63596122969, 0.00031220426676],
      [0.021749546187, 0.19661859861, 0.71592992609, 0.06570192912],
      [0.025898974207, 0.17506768001, 0.72750423993, 0.071529105846],
      [0.00061598837338, 0.14901581002, 0.80084684156, 0.049521360044],
      [0.00010515281749, 0.11828145868, 0.70700353484, 0.17460985366]
    ],
    [
      [0.33339511755, 6.8171769073e-05, 0.66653188621, 4.8244764199e-06],
      [0.06522093089, 0.19567378531, 0.65211539315, 0.086989890649],
      [0.051281992702, 0.17305754284, 0.67309834544, 0.10256211902],
      [0.030305047828, 0.15153847029, 0.69694492267, 0.12121155921],
      [0.052610230871, 0.15795027148, 0.63160904841, 0.15783044923]
    ],
    [
      [0.22168390311, 0.11186131575, 0.66591582528, 0.0005389558628],
      [0.013891469458, 0.20830973412, 0.72218765131, 0.055611145116],
      [0.014372924956, 0.19617794026, 0.73686292402, 0.052586210762],
      [1.8431704884e-05, 0.17621733063, 0.7646611127, 0.059103124965],
      [1.4443435525e-05, 0.17850225592, 0.71448773725, 0.1069955634]
    ],
    [
      [0.33272174856, 0.084331707304, 0.56998998156, 0.012956562579],
      [0.095884588515, 0.29516557401, 0.5503479101, 0.058601927371],
      [0.066174075401, 0.28291302611, 0.58972370155, 0.061189196944],
      [0.025060796872, 0.18462823807, 0.69307207883, 0.097238886227],
      [0.068917167695, 0.23694923094, 0.56589509239, 0.12823850897]
    ],
    [
      [0.48560801966, 0.1830830252, 0.28291269341, 0.048396261729],
      [0.078110972334, 0.35742025496, 0.47846841251, 0.086000360193],
      [0.064947047476, 0.32865537699, 0.5198769901, 0.086520585432],
      [0.078168345534, 0.31567068818, 0.5307674181, 0.075393548189],
      [0.040350016933, 0.32316154286, 0.46026833116, 0.17622010905]
    ],
    [
      [0.16162164764, 0.23601975712, 0.52286432773, 0.079494267508],
      [0.013101406858, 0.20647111105, 0.69750890379, 0.082918578301],
      [0.019586247017, 0.13858052053, 0.74677354046, 0.095059691995],
      [0.013778162146, 0.13465140846, 0.7215471517, 0.1300232777],
      [0.0074071225251, 0.12269787132, 0.69830991629, 0.17158508987]
    ],
    [
      [0.21881965112, 0.29931956363, 0.47830154322, 0.0035592420279],
      [0.070576993641, 0.29133746788, 0.63091598589, 0.0071695525949],
      [0.074766436455, 0.22256332487, 0.69949338433, 0.0031768543461],
      [0.045434666232, 0.22527880021, 0.72089323598, 0.0083932975763],
      [0.091864665292, 0.19863974138, 0.63952862707, 0.069966966254]
    ],
    [
      [0.16666424199, 0.16666694129, 0.6666663291, 2.4876251346e-06],
      [0.049382376027, 0.2098741866, 0.66667006855, 0.07407336882],
      [0.044248072685, 0.20796534707, 0.67256589495, 0.075220685297],
      [0.031249760452, 0.18750237626, 0.71874825079, 0.0624996125],
      [0.024390240893, 0.1951205637, 0.65853395645, 0.12195523895]
    ],
    [
      [0.21849873337, 0.11380495057, 0.66582928425, 0.00186703181],
      [0.028632489575, 0.21584854726, 0.70108026155, 0.054438701617],
      [0.050129159249, 0.1760783583, 0.69822729403, 0.075565188416],
      [0.043631312143, 0.17363107356, 0.65445645784, 0.12828115645],
      [0.047621561212, 0.14282788258, 0.66652040395, 0.14303015225]
    ],
    [
      [0.1811765142, 0.27286728374, 0.54548914319, 0.00046705886985],
      [0.050986270033, 0.30454849893, 0.6104776983, 0.033987532744],
      [0.051727876496, 0.289057999, 0.62211561643, 0.037098508069],
      [0.04584354991, 0.27304959695, 0.63574726772, 0.045359585419],
      [0.04795461842, 0.28572273543, 0.571875577, 0.094447069143]
    ],
    [
      [0.22218841663, 0.11118552946, 0.66580391917, 0.00082213474797],
      [0.066597518063, 0.20007090591, 0.69967779353, 0.033653782494],
      [0.04341821288, 0.2001929391, 0.70419789925, 0.052190948768],
      [0.00042081068648, 0.16556908232, 0.77869388919, 0.055316217803],
      [0.00010685218071, 0.18717322371, 0.68863640639, 0.12408351773]
    ],
    [
      [0.10526315793, 0.1578947368, 0.6842105263, 0.052631578968],
      [0.049723756901, 0.21546961327, 0.68508287292, 0.049723756909],
      [0.048638132293, 0.20817120623, 0.69066147861, 0.052529182872],
      [0.036363636379, 0.19999999998, 0.70909090906, 0.05454545458],
      [0.047619047641, 0.19047619048, 0.66666666662, 0.095238095259]
    ],
    [
      [0.16666661802, 0.24999999994, 0.58333323067, 1.5136363329e-07],
      [0.056910549555, 0.22764236444, 0.65040641572, 0.065040670278],
      [0.059748438815, 0.22012575388, 0.65094341945, 0.069182387853],
      [0.056603762371, 0.20754713649, 0.64150951211, 0.094339589034],
      [0.058823530579, 0.20588238842, 0.61764707561, 0.11764700539]
    ],
    [
      [0.13344176968, 0.40209394017, 0.39978405036, 0.064680239781],
      [0.064126706038, 0.44527372021, 0.40453830026, 0.086061273488],
      [0.044086075737, 0.47139938754, 0.39763857929, 0.086875957439],
      [0.042207057736, 0.43466967999, 0.43465332093, 0.088469941344],
      [0.00015396742636, 0.42169168378, 0.41168243724, 0.16647191155]
    ],
    [
      [0.090908952315, 0.18181829121, 0.68181814232, 0.045454614156],
      [0.027777843346, 0.20370379355, 0.7222221061, 0.046296256995],
      [0.028818415475, 0.20172906112, 0.7233430301, 0.046109493299],
      [0.025641186884, 0.17948717537, 0.76923033698, 0.025641300772],
      [0.02702701377, 0.189189293, 0.70270267085, 0.081081022382]
    ],
    [
      [0.15378191142, 0.15381449116, 0.69230733863, 9.6258786276e-05],
      [0.022736626635, 0.19318202906, 0.72725855651, 0.056822787794],
      [0.020977566438, 0.17134012791, 0.74474960048, 0.062932705166],
      [1.8225842605e-05, 0.17384103524, 0.73920201478, 0.086938724139],
      [2.0981029024e-07, 0.16663744438, 0.71431475111, 0.1190475947]
    ],
    [
      [0.10526315789, 0.21052631579, 0.63157894737, 0.052631578947],
      [0.045454545455, 0.24545454545, 0.65681818182, 0.052272727273],
      [0.041860465116, 0.24651162791, 0.65813953488, 0.053488372093],
      [0.040816326531, 0.2380952381, 0.66666666667, 0.054421768707],
      [0.034482758621, 0.24137931034, 0.65517241379, 0.068965517241]
    ],
    [
      [0.087719298246, 0.28070175439, 0.57894736842, 0.052631578947],
      [0.053084648494, 0.29985652798, 0.57962697274, 0.067431850789],
      [0.053470919325, 0.29831144465, 0.58067542214, 0.067542213884],
      [0.051401869159, 0.29439252336, 0.58411214953, 0.070093457944],
      [0.051094890511, 0.29197080292, 0.57664233577, 0.080291970803]
    ],
    [
      [0.10000000007, 0.44999999989, 0.34999999999, 0.10000000006],
      [0.050179211458, 0.46236559141, 0.35842293908, 0.12903225805],
      [0.047058823534, 0.45882352943, 0.36470588233, 0.1294117647],
      [0.046511627936, 0.44186046505, 0.37209302326, 0.13953488375],
      [0.044117647056, 0.45588235292, 0.35294117648, 0.14705882354]
    ],
    [
      [0.096774193505, 0.19354838711, 0.67741935484, 0.032258064545],
      [0.03690036901, 0.21771217712, 0.68265682656, 0.062730627316],
      [0.036656891495, 0.21554252199, 0.68475073315, 0.063049853366],
      [0.024691358019, 0.2098765433, 0.70370370364, 0.06172839504],
      [0.02597402598, 0.20779220772, 0.67532467535, 0.090909090944]
    ],
    [
      [0.076923076923, 0.26923076923, 0.61538461538, 0.038461538462],
      [0.034188034188, 0.2849002849, 0.61823361823, 0.062678062678],
      [0.036106750392, 0.28100470958, 0.62009419152, 0.062794348509],
      [0.036363636364, 0.27272727273, 0.62727272727, 0.063636363636],
      [0.036363636364, 0.27272727273, 0.61818181818, 0.072727272727]
    ],
    [
      [0.10000457714, 0.1999914885, 0.6000085751, 0.099995359258],
      [0.048386242846, 0.2580617093, 0.59678263563, 0.096769412215],
      [0.031248765937, 0.25625179269, 0.60624940371, 0.10625003767],
      [4.038444792e-07, 0.2380980266, 0.66664659057, 0.095254978988],
      [9.3981346996e-06, 0.18749992904, 0.56248888084, 0.25000179198]
    ],
    [
      [0.15384248732, 0.15384235267, 0.69231077502, 4.3849865017e-06],
      [0.02362199255, 0.23622218341, 0.70866100231, 0.031494821726],
      [0.025236423335, 0.22712933646, 0.71608902068, 0.031545219525],
      [3.6883304488e-06, 0.20689433181, 0.75861184042, 0.034490139435],
      [5.3785422547e-08, 0.22221840155, 0.70370554456, 0.074076000104]
    ],
    [
      [0.050955414013, 0.50955414013, 0.32484076433, 0.11464968153],
      [0.033970276008, 0.51804670913, 0.32908704883, 0.11889596603],
      [0.032846715328, 0.51459854015, 0.33576642336, 0.11678832117],
      [0.029411764706, 0.5, 0.33823529412, 0.13235294118],
      [0.025, 0.5125, 0.325, 0.1375]
    ],
    [
      [0.15384607123, 0.15384579815, 0.69230776527, 3.6535728735e-07],
      [0.050000173735, 0.20000020885, 0.72499963112, 0.0249999863],
      [0.04347819027, 0.19565208745, 0.72946880028, 0.031400921998],
      [0.02380941859, 0.19047643345, 0.73809465654, 0.047619491418],
      [0.022727588029, 0.18181829893, 0.72727237333, 0.068181739718]
    ],
    [
      [0.6865658541, 0.13012341697, 0.16458947397, 0.018721254964],
      [0.02998393726, 0.18872576346, 0.71117856962, 0.070111729655],
      [0.028909714081, 0.15729995475, 0.75026902129, 0.063521309874],
      [0.0076518483149, 0.15322709211, 0.72059138288, 0.1185296767],
      [0.01696601588, 0.13692723256, 0.72009254288, 0.12601420868]
    ],
    [
      [0.18327057369, 0.061773287817, 0.75179805481, 0.0031580836912],
      [0.019100879592, 0.21433688136, 0.73139384569, 0.035168393352],
      [0.030908653584, 0.15062203662, 0.77597649983, 0.04249280997],
      [0.0023764538378, 0.13152624648, 0.84329716312, 0.022800136562],
      [0.0020488808102, 0.11515252068, 0.75808803127, 0.12471056724]
    ],
    [
      [0.17315011044, 0.12640617178, 0.66964943797, 0.030794279801],
      [0.055927760962, 0.097657328835, 0.81474468392, 0.03167022628],
      [0.011765000787, 0.07144370973, 0.90090131525, 0.015889974231],
      [0.053077660084, 0.054569286675, 0.85750680129, 0.034846251954],
      [0.022015497623, 0.061621557464, 0.83582879328, 0.080534151634]
    ],
    [
      [0.099999999926, 0.24999999973, 0.60000000034, 0.05],
      [0.051162790692, 0.28372093035, 0.59999999993, 0.065116279024],
      [0.04491725768, 0.28605200948, 0.60520094561, 0.063829787233],
      [0.042253521186, 0.28169014057, 0.60563380293, 0.070422535316],
      [0.034482758622, 0.2758620688, 0.60344827598, 0.086206896597]
    ],
    [
      [0.23553149464, 0.20088693626, 0.50499755977, 0.058584009334],
      [0.010466821142, 0.27964828838, 0.66000938816, 0.049875502324],
      [0.015539197101, 0.23819823073, 0.67885918204, 0.067403390124],
      [0.0046617127816, 0.24855127971, 0.72575737676, 0.021029630749],
      [0.012353102638, 0.19836890798, 0.62534141439, 0.16393657499]
    ],
    [
      [0.10489206713, 0.26405255106, 0.52606936843, 0.10498601338],
      [0.026224745867, 0.3156935849, 0.55266504347, 0.10541662576],
      [0.024745913193, 0.25901582077, 0.59270619196, 0.12353207407],
      [0.00049382352501, 0.20066749345, 0.69803492685, 0.10080375617],
      [6.7833982211e-05, 0.23527581685, 0.5302270312, 0.23442931797]
    ],
    [
      [0.080000000629, 0.35999999967, 0.51999999933, 0.040000000372],
      [0.050691244045, 0.37327188952, 0.52073732718, 0.055299539254],
      [0.04366812214, 0.37554585141, 0.52401746747, 0.056768558982],
      [0.035714286229, 0.35714285748, 0.53571428515, 0.071428571141],
      [0.033333334253, 0.36666666634, 0.50000000001, 0.099999999397]
    ],
    [
      [0.11764706136, 0.29411765209, 0.52941175713, 0.058823529422],
      [0.078947367971, 0.2999999991, 0.54210526394, 0.078947368985],
      [0.072664360379, 0.31141868497, 0.53979238799, 0.076124566657],
      [0.073170730141, 0.29268292891, 0.56097560819, 0.073170732754],
      [0.052631579511, 0.28947368308, 0.52631578891, 0.1315789485]
    ],
    [
      [0.24969082203, 0.00041193494123, 0.74981153957, 8.5703464743e-05],
      [0.086828027731, 0.086901655214, 0.78281196497, 0.043458352085],
      [0.038974485598, 0.10384795752, 0.79874277928, 0.058434777603],
      [1.8307827023e-05, 0.083676480213, 0.83282806899, 0.083477142968],
      [8.2678177716e-05, 0.08708308567, 0.78242407869, 0.13041015746]
    ],
    [
      [0.09090909091, 0.18181818182, 0.68181818182, 0.045454545455],
      [0.04, 0.21333333333, 0.7, 0.046666666667],
      [0.035714285714, 0.21428571429, 0.703125, 0.046875],
      [0.02, 0.2, 0.74, 0.04],
      [0.022222222222, 0.2, 0.71111111111, 0.066666666667]
    ],
    [
      [0.068486079793, 0.18874271923, 0.69144718491, 0.051324016064],
      [0.00872503573, 0.21630823285, 0.69320828208, 0.081758449333],
      [0.011422979959, 0.16554455357, 0.75091493192, 0.072117534548],
      [0.012692511292, 0.14437520443, 0.74876212217, 0.094170162107],
      [0.0074281578344, 0.12693583585, 0.77288873699, 0.092747269323]
    ],
    [
      [0.26215928076, 0.31153047066, 0.3949425726, 0.031367675984],
      [0.043776338223, 0.097167367931, 0.83603810346, 0.023018190388],
      [0.057788374284, 0.11475202355, 0.79180848711, 0.035651115055],
      [0.043092584101, 0.16183841664, 0.77785353594, 0.017215463312],
      [0.071689084509, 0.057975680199, 0.79479030418, 0.075544931117]
    ],
    [
      [0.19982124293, 0.20011157063, 0.60006664784, 5.3859636349e-07],
      [0.026339389889, 0.26305171054, 0.65794012545, 0.052668774128],
      [0.032781744548, 0.25138941836, 0.6611893658, 0.054639471287],
      [0.035746240404, 0.21423461555, 0.6786252343, 0.07139390975],
      [3.5913110836e-05, 0.23090629402, 0.65370731714, 0.11535047572]
    ],
    [
      [0.21880962257, 0.093531053127, 0.65250025907, 0.035159065236],
      [0.010228793113, 0.25988161635, 0.71681930718, 0.013070283361],
      [0.022010345743, 0.19230607192, 0.74024453017, 0.045439052164],
      [0.022082463774, 0.12407325834, 0.79114490529, 0.062699372598],
      [0.025791351302, 0.11028670619, 0.69521655219, 0.16870539032]
    ],
    [
      [0.15384615385, 0.26923076923, 0.53846153846, 0.038461538462],
      [0.067357512953, 0.30829015544, 0.56994818653, 0.054404145078],
      [0.069565217391, 0.30434782609, 0.57043478261, 0.055652173913],
      [0.066666666667, 0.2962962963, 0.58518518519, 0.051851851852],
      [0.057142857143, 0.3, 0.55714285714, 0.085714285714]
    ],
    [
      [0.12, 0.27999999997, 0.52000000003, 0.080000000001],
      [0.067264574002, 0.30493273539, 0.533632287, 0.094170403617],
      [0.065527065522, 0.29914529919, 0.54131054127, 0.094017094019],
      [0.066666666633, 0.29333333328, 0.54666666675, 0.093333333336],
      [0.064102564125, 0.29487179484, 0.52564102575, 0.11538461529]
    ],
    [
      [0.1186440678, 0.30508474576, 0.52542372881, 0.050847457627],
      [0.071153846154, 0.32307692308, 0.54038461538, 0.065384615385],
      [0.07225433526, 0.32080924855, 0.54190751445, 0.065028901734],
      [0.067796610169, 0.31638418079, 0.54802259887, 0.067796610169],
      [0.067669172932, 0.31578947368, 0.54135338346, 0.075187969925]
    ],
    [
      [0.083333341066, 0.24999937638, 0.58333409188, 0.083333190671],
      [0.039604007321, 0.28712885048, 0.58415852128, 0.089108620914],
      [0.0344827399, 0.29556648053, 0.58128076719, 0.088670012383],
      [3.8331751029e-07, 0.28571336455, 0.64285794732, 0.071428304809],
      [0.026315621096, 0.26315818247, 0.57894666437, 0.13157953207]
    ],
    [
      [0.9955347117, 0.0033774600128, 0.00020432533551, 0.00088350295055],
      [0.088311220834, 0.27937141721, 0.54420945521, 0.088107906752],
      [0.086967779207, 0.26950046953, 0.55670482361, 0.086826927661],
      [0.073937151843, 0.25953741673, 0.59200220771, 0.074523223713],
      [0.066780304202, 0.19995346153, 0.59922922649, 0.13403700778]
    ],
    [
      [0.075757575758, 0.22727272727, 0.63636363636, 0.060606060606],
      [0.045544554455, 0.24554455446, 0.64554455446, 0.063366336634],
      [0.04620749782, 0.24149956408, 0.64777680907, 0.064516129032],
      [0.044444444444, 0.23888888889, 0.65, 0.066666666667],
      [0.041666666667, 0.23958333333, 0.64583333333, 0.072916666667]
    ],
    [
      [0.61770905369, 0.027447977771, 0.34461800276, 0.010224965777],
      [0.1084834156, 0.26098404624, 0.55584006133, 0.074692476823],
      [0.083400216041, 0.25945451401, 0.57600357022, 0.081141699722],
      [0.084415436492, 0.25261310631, 0.57396241324, 0.089009043952],
      [0.013136088197, 0.23627315063, 0.5385267151, 0.21206404607]
    ],
    [
      [0.066666666667, 0.28, 0.56666666667, 0.086666666667],
      [0.055788005579, 0.28451882845, 0.57043235704, 0.089260808926],
      [0.056518462698, 0.28259231349, 0.5719668425, 0.088922381311],
      [0.056179775281, 0.2808988764, 0.57865168539, 0.084269662921],
      [0.052631578947, 0.27894736842, 0.56842105263, 0.1]
    ],
    [
      [0.07406666599, 0.25925799091, 0.62962210644, 0.037053236667],
      [0.028167958926, 0.25351947816, 0.64789001414, 0.07042254878],
      [0.02777704685, 0.24444519801, 0.65555811784, 0.072219637308],
      [4.8968034034e-06, 0.23077495796, 0.69229415911, 0.076925986129],
      [1.7142151679e-05, 0.1999970601, 0.64998634218, 0.14999945557]
    ]
  ],
  "expected_outcome": [
    [
      [0.88110241285, 2.9999575094, 3.0000000577, 2, 1.9999999976, 1.9999988453, 5, 0, 3.0000000019, 1.9999975362, 2.9999123402, 2.9999666976, 3, 2.9999999104, 1.947546872, 2.9969714822, 1.0001853526, 1.9951551279, 0.66544349712, 0.97121603932, 0.64648659055, 0.43763930224, 1.9999709039, 1.9664886003, 1.9929416563, 1.9996957497, 2.0000000006, 1.9999994163, 2.0016265452, 1.9999969509, 1.9991648485, 2, 5, 2.0000000013, 2.9999999987, 2, 2.0000915428, 1.9999523352, 8, 1.999998926, 0.6865658541, 0.91635286843, 0.34630022089, 1.9999999985, 1.4131889678, 1.9929492755, 2.0000000157, 2.0000000431, 0.9987632881, 2, 0.34243039896, 0.26215928076, 2.997318644, 0.65642886771, 4, 3.0000000001, 7, 1.0000000928, 0.9955347117, 5, 1.8531271611, 10, 1.9997999817],
      [0.089455581846, 1.9997184708, 9.0000001256, 3, 1.9999999993, 3.0000042315, 10, 0, 8.0000000045, 2.9999960741, 9.0005259602, 7.0000172404, 1, 1.0000000219, 0.026359096934, 1.0040207442, 0.00020451530722, 1.0067518417, 0.16866341461, 0.3661660504, 0.94407902849, 0.59863912726, 2.0000032954, 1.0242445551, 3.0015401211, 1.0006697651, 2.9999999992, 2.9999999993, 6.0314091026, 4.0000024066, 1.9995883851, 4, 16, 8.9999999978, 6.0000000004, 7, 3.9998297701, 1.9999505847, 80, 1.9999953759, 0.13012341697, 0.30886643909, 0.25281234357, 4.9999999946, 1.2053216176, 5.0169984701, 8.9999999918, 5.0000000856, 0.0016477397649, 4, 0.94371359614, 0.31153047066, 3.0016735594, 0.28059315938, 7, 6.9999999992, 18, 2.9999925166, 0.0033774600128, 15, 0.082343933313, 42, 6.9999657544],
      [1.0201533858, 13.0000294642, 16.9999997661, 16, 11.0000000011, 11.9999921987, 33, 0, 18.9999999893, 7.0000035608, 24.9996054995, 12.0000245936, 9, 11.9999999735, 5.0120131678, 6.9955735266, 1.9995956586, 5.9932424276, 1.1399799631, 0.56582538682, 2.0914573109, 0.95660308645, 7.9999959492, 5.9924635583, 6.0003805751, 5.9922352725, 12.9999999998, 6.9999987681, 5.9967607554, 14.9999991311, 8.9999954022, 12, 33, 6.9999999997, 21, 16, 12.000171502, 9.0000400753, 51, 9.0000009485, 0.16458947397, 3.758990274, 1.3392988759, 12.0000000069, 3.0299853586, 9.9953180002, 12.9999999831, 8.9999998712, 2.9992461583, 15, 3.4572359246, 0.3949425726, 9.0009997177, 1.9575007772, 14, 13.0000000007, 31, 7.0000091026, 0.00020432533551, 42, 1.0338540083, 85, 16.9997968738],
      [0.0092886195367, 0.00029455559669, 1.0000000506, 6.7975783001e-13, 1.000000002, 1.0000047244, 2, 0, 1.0000000043, 2.8288331442e-06, 1.9999562002, 2.9999914684, 3.446516638e-13, 9.4223248701e-08, 0.014080863306, 0.0034342469343, 1.447342926e-05, 0.0048506027652, 0.025913125158, 0.096792523458, 0.31797707003, 0.0071184840559, 2.9851501615e-05, 0.01680328629, 0.0051376475684, 0.0073992127317, 1.0000000004, 1.8163635995e-06, 0.97020359671, 1.0000015114, 0.0012513642216, 1, 3, 2.0000000011, 1.0000000009, 1, 1.9999071852, 5.7004824522e-05, 18, 4.7496447356e-06, 0.018721254964, 0.015790418456, 0.061588559602, 1, 0.351504056, 1.9947342542, 1.0000000093, 1.0000000002, 0.00034281385897, 1, 0.25662008032, 0.031367675984, 8.0789454523e-06, 0.10547719571, 1, 2, 3, 0.99999828805, 0.00088350295055, 4, 0.030674897331, 13, 1.00043739]
    ],
    [
      [0.95397042738, 1.9994809633, 9.0000001722, 5, 4.9999999976, 6.9999983066, 15, 0.93534469543, 8.9999999949, 5.0000008498, 5.999999958, 6.9999660664, 4, 2.9999998721, 0.01875154554, 1.0004791246, 3.0001628209, 1.000185801, 1.9176917703, 2.811995004, 0.17031828915, 2.2584637965, 3.9999724582, 1.0594021143, 3.008189932, 1.9979255419, 8.9999999991, 6.9999975952, 6.0279103676, 3.0000070814, 2.0008231439, 20, 37, 13.9999999969, 10.0000000018, 12, 2.9999470564, 2.9999930539, 16, 6.0000208482, 0.71961449424, 0.43932023062, 0.4474220877, 10.9999999987, 0.24073688628, 0.99654034293, 10.9999999578, 14.9999999144, 1.9970446378, 6, 0.06107525011, 0.393987044, 2.0017936316, 0.17388948292, 26, 15.0000000025, 37, 4.0000047394, 6.0051630167, 23, 2.9290522213, 40, 1.9999250838],
      [3.914565351, 10.0012683176, 43.000000499, 27, 19.0000000119, 26.0000067481, 68, 2.3022461252, 54.0000000075, 29.0000414865, 30.9999561142, 23.9998499108, 18, 14.0000000743, 3.9863423331, 9.044455536, 9.0009941241, 14.9983008566, 5.9033114802, 12.8671291785, 2.6841244436, 9.3227989721, 16.9998091147, 7.9863962485, 17.9683614366, 6.0021271773, 39.0000000017, 28.0000108267, 41.8557296999, 22.0000097039, 17.0000185577, 108, 209, 129.0000000029, 58.9999999987, 100, 15.9998259769, 30.0002172933, 244, 24.0000250618, 4.5294183231, 4.9297482714, 0.78125863068, 61.0000000255, 6.4319106326, 11.9963562263, 81.0000000265, 56.9999998292, 1.9987380699, 32, 1.51415763, 0.87450631138, 19.9919300007, 4.417987478, 119, 67.9999999911, 168, 29.0000138988, 18.99725637, 124, 7.0465692485, 204, 17.999882949],
      [15.9332971242, 40.998981384, 77.9999991905, 125, 77.9999999907, 82.9999973625, 210, 10.4900422248, 117.9999999971, 72.9999644132, 80.0001316184, 39.0002330376, 95, 77.0000001075, 15.9239069941, 32.9327765999, 29.9973080851, 51.997510894, 11.0069582021, 17.2248628505, 9.0676157493, 20.1893115484, 54.0002755528, 25.9399696774, 36.0181841995, 20.990333806, 123.9999999986, 79.9999891338, 38.0266002247, 77.9999874592, 63.9987529726, 289, 404, 100.0000000036, 184.9999999969, 217, 37.0005234093, 89.9999472936, 155, 86.9999557339, 17.0682856709, 16.8220584509, 6.5179574714, 128.9999999856, 15.1802159276, 21.0012716519, 112.9999999976, 103.0000001493, 18.0046751943, 105, 4.8524579746, 7.5243429311, 50.003449534, 12.185928222, 220, 118.9999999999, 281, 59.0000106495, 37.0062429542, 326, 15.007681656, 409, 46.0001910038],
      [1.1981670974, 2.0002693351, 5.0000001382, 7, 6.9999999998, 6.9999975827, 17, 0.27236695465, 10.0000000005, 5.9999932505, 7.9999123094, 9.9999509852, 7, 2.9999999461, 2.0709991273, 3.0222887395, 4.0015349698, 4.0040024484, 1.1720385474, 3.0960129669, 1.0779415179, 0.22942568304, 5.9999428744, 2.0142319598, 2.0052644319, 1.0096134748, 9.0000000005, 8.0000024442, 8.0897597079, 4.9999957555, 5.0004053258, 23, 47, 35.9999999966, 17.0000000027, 22, 5.9997035573, 3.9998423592, 56, 2.999998356, 1.6826815117, 0.80887304709, 0.25336181024, 13.9999999902, 1.1471365535, 4.0058317789, 12.0000000181, 15.0000001071, 0.99954209795, 7, 0.57230914533, 0.20716371349, 4.0028268337, 0.22219481713, 21, 21.0000000065, 34, 8.9999707123, 5.9913376591, 32, 2.0166968742, 64, 5.0000009634]
    ],
    [
      [4.1341218986, 10.0005093146, 14.9999996929, 17, 16.9999999979, 13.9999958183, 44, 3.3621054287, 14.9999999953, 7.9999988819, 12.9999999838, 10.9999899497, 19, 18.0000001429, 3.015707173, 3.9884420278, 7.9999908616, 3.0039413159, 3.1763556193, 2.5978818991, 0.99889859788, 5.9813149164, 10.0000644269, 7.9705363207, 6.9832633269, 4.9930944812, 24.9999999985, 19.0000035431, 2.9978531501, 9.9999901697, 5.9995840012, 36, 57, 8.0000000007, 24.9999999996, 23, 4.9998025499, 7.9999461972, 9, 17.9999707717, 2.3705965547, 3.5854038158, 0.90590506059, 18.9999999985, 1.1188221913, 2.0044189686, 9.99999997, 21.0000001495, 6.0020707821, 16, 0.46834217833, 3.6406675799, 5.9990592523, 1.7388173137, 40, 22.9999999983, 50, 6.9999961997, 10.0012946088, 53, 4.086610586, 75, 4.999868433],
      [14.728770474, 43.9984056656, 75.9999993354, 98, 66.9999999831, 68.9999913055, 186, 9.8673691251, 101.9999999759, 66.9999569121, 81.9997808853, 40.0002004323, 83, 61.9999995927, 17.9050105254, 26.9604227218, 26.9969766828, 41.0011895153, 13.5798252532, 13.1462150795, 7.067606547, 17.8050659898, 47.0001684378, 27.9964589702, 39.0228298653, 23.0221879965, 106.9999999998, 69.9999897338, 32.0551583524, 69.9999842093, 49.0032765828, 212, 318, 78.0000000036, 146.9999999991, 179, 41.0002868298, 71.9999996576, 141, 80.9999642046, 12.8985962895, 17.4721562474, 5.5011656492, 121.0000000088, 17.1502726127, 20.9802814827, 85.9999999725, 89.9999999573, 15.9925854573, 96, 6.7873266963, 7.2293774838, 46.00426356, 15.1921796819, 175, 105.0000000162, 222, 59.9999955471, 30.9925539954, 277, 12.7132711867, 375, 44.000135641],
      [95.3550938323, 217.0016641276, 139.0000010429, 479, 284.0000000228, 216.0000170779, 584, 57.5950647589, 223.0000000321, 167.00005499, 214.0001753649, 68.99955926, 453, 401.0000007098, 101.1071867378, 112.0356529499, 105.0033418884, 154.0043511195, 28.3067376742, 20.7950796042, 38.0854505633, 55.9594707461, 151.9998922582, 111.0181397509, 83.9856082184, 80.982758414, 355.0000000054, 207.0000073859, 27.0394233916, 251.0000314461, 212.9983857385, 566, 619, 61.9999999958, 467.0000000058, 395, 96.9999045932, 227.0002195558, 92, 302.0000833164, 61.5220597461, 90.0132739804, 69.3694012744, 255.9999999929, 48.877861107, 48.0092015491, 120.0000000506, 156.0000001292, 123.0063880097, 315, 30.7875122089, 49.8839346878, 120.9976539423, 58.4793178835, 328, 189.9999999849, 375, 117.9999957394, 64.0210547148, 743, 28.2241749409, 759, 118.0004612105],
      [7.7820137951, 12.9994208921, 8.9999999288, 29, 25.9999999962, 17.9999957983, 47, 1.1754606873, 18.9999999967, 14.999989216, 21.0000437661, 17.0002503579, 33, 19.9999995547, 15.9720955638, 11.0154823004, 15.9996905673, 10.9905180494, 2.9370814533, 3.4608234173, 4.8480442918, 0.25414834769, 16.9998748771, 12.0148649582, 5.0082985893, 6.0019591084, 26.9999999963, 21.9999993373, 5.9075651059, 15.9999941748, 17.9987536775, 46, 72, 21.9999999998, 42.9999999955, 40, 17.0000060271, 9.9998345895, 32, 12.9999817072, 5.2087474097, 4.9291659565, 1.2235280158, 26.9999999997, 4.8530440889, 10.0060979996, 13.0000000068, 21.999999764, 8.9989557509, 21, 2.9568189164, 2.2460202484, 9.9990232455, 3.5896851209, 32, 33.0000000007, 45, 18.0000125138, 9.985096681, 74, 3.9759432864, 118, 12.9995347155]
    ],
    [
      [0.022203663105, 3.015437693e-05, 3.000000051, 1, 2, 2.0000016648, 6, 0.57231735766, 2.0000000041, 4.9590061329e-07, 1.0000876815, 3.0000915597, 1, 1.0000000008, 0.0076459285215, 0.012319767468, 1.0000665783, 0.00031333898302, 0.27566876559, 1.0943568375, 0.11022529717, 0.86325865842, 0.99999233447, 1.0035201793, 1.008558098, 0.0075745923567, 2.0000000009, 2.9999994057, 0.97076232793, 1.0000062885, 0.00041919437992, 6, 11, 2.0000000012, 1.9999999996, 4, 8.4807340632e-06, 0.00010696158302, 2, 0.99999558077, 0.053562938204, 0.026140992216, 0.21231064034, 3.0000000042, 0.041955415034, 0.0049382352501, 2.0000000288, 5.9999998715, 0.00021969392428, 1, 0.076155067754, 0.34474067281, 1.0008947313, 0.19874217396, 9, 4.9999999975, 12, 5.366445144e-06, 1.9963030998, 8, 1.0129852379, 10, 6.3658444244e-05],
      [2.1957199862, 4.001158719, 16.0000002377, 7, 7.000000005, 13.0000041104, 25, 1.8617793773, 19.0000000069, 7.0000015434, 9.9999123975, 9.9998745816, 7, 4.0000002267, 1.0131601743, 2.9803162004, 5.0007695196, 2.9956946207, 2.0309106188, 4.4193896345, 1.0772112676, 4.2802972039, 6.0000760402, 3.993514692, 6.0070911329, 2.9802434818, 10.999999999, 10.9999982339, 9.9974026397, 6.9999998393, 3.9983438105, 35, 63, 18.9999999973, 17.0000000072, 30, 5.0000585585, 5.9999356226, 34, 8.0000102049, 1.0725896448, 1.4467887113, 0.2182771467, 19.9999999806, 2.2369615173, 2.0066749345, 20.000000019, 24.0000001708, 1.0041177626, 10, 0.86625122659, 1.2947073331, 5.9985692354, 1.1166593251, 40, 21.9999999959, 56, 3.9999871037, 7.0075102517, 43, 3.0313572758, 50, 3.0000744535],
      [12.6420117828, 20.999046152, 31.9999997174, 36, 33.9999999949, 39.999994367, 83, 9.4579537119, 43.9999999908, 19.9999862354, 29.9999561049, 18.0001739119, 39, 32.9999995764, 8.9461973364, 16.0169368313, 22.9991824481, 12.9992389159, 7.6237928672, 7.4307438534, 5.7723772136, 13.6969714837, 22.9999440253, 15.0524985303, 13.9864398899, 14.0164900054, 38.9999999982, 34.0000041416, 9.9970263814, 29.9999831421, 17.00164634, 98, 125, 16.0000000001, 56.9999999951, 69, 13.999578402, 21.9997433722, 23, 30.9999755748, 5.0441396802, 9.2762687943, 3.4300272051, 43.0000000078, 6.5318163909, 6.9803492685, 29.9999999683, 45.9999998718, 9.9939368279, 37, 4.492572733, 6.2228282876, 19.0015065603, 7.1203041476, 79, 41.0000000064, 97, 9.0000112625, 15.9840596083, 117, 6.8875489589, 103, 8.9998240684],
      [1.1400645678, 0.9997649746, 1.9999999939, 3, 3.0000000001, 2.9999998578, 6, 0.10794955314, 2.9999999982, 1.0000117254, 4.0000438161, 4.9998599467, 3, 1.000000196, 1.0329965608, 0.99042720088, 3.999981454, 1.0047531244, 1.0696277485, 1.0555096746, 1.0401862216, 0.15947265395, 1.9999876, 2.9504665984, 0.99791087922, 0.99569192045, 3.0000000019, 4.9999982188, 2.0348086509, 1.0000107301, 1.9995906552, 8, 15, 6.0000000014, 4.9999999982, 7, 2.0003545588, 1.0002140436, 9, 2.0000186396, 0.82970773688, 0.25080150218, 0.13938500782, 5.0000000074, 0.18926667674, 1.0080375617, 3.9999999839, 6.0000000858, 1.0017257156, 2, 0.56502097264, 0.13772370649, 1.999029473, 0.56429435338, 7, 7.0000000002, 12, 0.99999626733, 2.0121270403, 12, 1.0681085274, 15, 1.0000378197]
    ],
    [
      [0.0086015980859, 2.2058224544e-05, 2.0000000262, 1, 1.0000000068, 1.0000053649, 5, 0.1302325182, 1.0000000038, 2.2361394006e-06, 1.0000000365, 1.9999857265, 1, 1.0000000739, 0.010348480906, 0.0017875978973, 0.99959438654, 0.00040441619471, 0.96484034773, 0.52455022013, 0.074071225251, 0.45932332646, 0.99999987661, 1.0000527854, 1.0070469868, 0.0017096348913, 2.0000000009, 2.0000000397, 0.0018476091163, 0.9999995095, 8.8120321902e-06, 4, 7, 2.9999999998, 2.0000000004, 4, 0.00015037015519, 1.4522064088e-06, 2, 1.0000138733, 0.1696601588, 0.032782092963, 0.088061990492, 2.0000000001, 0.18529653957, 0.0011531776976, 1.0000000276, 2.0000000214, 0.0019015980875, 1, 0.051997104841, 0.35844542255, 0.00093374088173, 0.23212216172, 4, 5.0000000017, 9, 0.99999360164, 1.001704563, 8, 0.11822479377, 10, 0.00034284303359],
