{
  "X": [
    [11, 10, 1, 16, 17, 17, 5, 7, 10, 6],
    [7, 15, 2, 16, 14, 15, 3, 3, 17, 8],
    [8, 12, 6, 18, 10, 14, 3, 4, 17, 8],
    [11, 12, 4, 16, 16, 16, 1, 6, 13, 5],
    [7, 11, 2, 12, 21, 23, 3, 6, 12, 3],
    [11, 14, 4, 14, 14, 19, 3, 8, 12, 1],
    [9, 7, 6, 13, 15, 20, 2, 11, 15, 2],
    [15, 9, 6, 9, 20, 17, 3, 6, 14, 1],
    [3, 12, 2, 15, 26, 16, 2, 3, 16, 5],
    [16, 7, 3, 11, 12, 21, 7, 9, 12, 2],
    [14, 11, 2, 12, 21, 17, 5, 4, 12, 2],
    [8, 12, 4, 11, 27, 14, 3, 3, 11, 7],
    [7, 10, 6, 14, 10, 10, 6, 10, 22, 5],
    [4, 4, 13, 12, 8, 9, 4, 8, 22, 16],
    [12, 12, 8, 11, 1, 6, 4, 4, 21, 21],
    [11, 8, 13, 9, 6, 6, 2, 9, 24, 12],
    [9, 3, 16, 6, 6, 10, 3, 9, 25, 13],
    [4, 5, 15, 10, 11, 8, 3, 9, 20, 15],
    [8, 4, 9, 7, 9, 7, 3, 11, 25, 17],
    [8, 8, 12, 9, 7, 6, 3, 12, 17, 18],
    [8, 4, 14, 9, 7, 5, 2, 5, 28, 18],
    [8, 6, 17, 7, 5, 3, 3, 16, 24, 11],
    [3, 5, 9, 10, 11, 6, 2, 10, 27, 17],
    [9, 6, 15, 13, 6, 5, 1, 7, 24, 14],
    [12, 6, 13, 7, 5, 7, 2, 8, 27, 13],
    [5, 7, 3, 17, 9, 24, 7, 6, 13, 9],
    [12, 12, 5, 19, 8, 17, 2, 6, 14, 5],
    [7, 5, 5, 22, 10, 21, 8, 1, 12, 9],
    [4, 9, 4, 25, 7, 18, 4, 6, 20, 3],
    [8, 5, 2, 32, 7, 18, 5, 2, 17, 4],
    [10, 7, 1, 32, 12, 9, 4, 6, 15, 4],
    [13, 7, 6, 21, 6, 23, 2, 3, 17, 2],
    [11, 5, 3, 30, 4, 14, 5, 4, 20, 4],
    [8, 6, 4, 22, 6, 14, 0, 11, 25, 4],
    [9, 9, 3, 24, 6, 19, 4, 5, 16, 5],
    [9, 7, 7, 23, 6, 24, 4, 3, 15, 2],
    [8, 11, 2, 20, 9, 23, 3, 4, 16, 4],
    [5, 6, 6, 21, 17, 20, 4, 7, 10, 4],
    [21, 7, 5, 9, 12, 12, 8, 13, 11, 2],
    [14, 20, 5, 13, 12, 9, 6, 13, 6, 2],
    [13, 10, 8, 16, 16, 12, 2, 11, 9, 3],
    [22, 9, 7, 12, 9, 20, 2, 12, 6, 1],
    [12, 7, 5, 16, 18, 15, 2, 13, 9, 3],
    [11, 11, 4, 16, 10, 20, 1, 14, 8, 5],
    [16, 8, 6, 14, 9, 13, 3, 14, 12, 5],
    [17, 14, 8, 10, 9, 18, 5, 11, 6, 2],
    [15, 13, 3, 8, 11, 18, 6, 9, 11, 6],
    [11, 9, 6, 18, 14, 13, 1, 11, 7, 10],
    [19, 10, 5, 13, 15, 17, 1, 6, 8, 6],
    [17, 12, 5, 13, 13, 12, 3, 11, 8, 6]
  ],
  "W": [
    [56, 9, 21, 14],
    [58, 22, 16, 4],
    [54, 16, 20, 10],
    [57, 13, 11, 19],
    [61, 14, 12, 13],
    [64, 11, 16, 9],
    [68, 12, 9, 11],
    [63, 14, 13, 10],
    [63, 13, 15, 9],
    [59, 15, 12, 14],
    [66, 6, 12, 16],
    [63, 14, 10, 13],
    [43, 32, 15, 10],
    [11, 61, 16, 12],
    [9, 63, 12, 16],
    [12, 63, 15, 10],
    [13, 62, 15, 10],
    [16, 59, 13, 12],
    [12, 63, 13, 12],
    [14, 61, 16, 9],
    [16, 59, 14, 11],
    [14, 64, 10, 12],
    [9, 61, 14, 16],
    [12, 62, 11, 15],
    [14, 62, 18, 6],
    [10, 15, 62, 13],
    [14, 13, 61, 12],
    [12, 16, 64, 8],
    [13, 16, 57, 14],
    [15, 9, 63, 13],
    [17, 14, 59, 10],
    [11, 10, 69, 10],
    [14, 13, 60, 13],
    [13, 18, 54, 15],
    [10, 13, 67, 10],
    [14, 14, 56, 16],
    [11, 10, 65, 14],
    [17, 9, 34, 40],
    [13, 12, 14, 61],
    [12, 11, 10, 67],
    [7, 14, 16, 63],
    [9, 8, 12, 71],
    [13, 11, 10, 66],
    [18, 15, 7, 60],
    [14, 10, 10, 66],
    [8, 9, 11, 72],
    [16, 17, 11, 56],
    [12, 14, 13, 61],
    [13, 12, 9, 66],
    [17, 16, 7, 60]
  ],
  "method": "mcmc",
  "mcmc_stepsize": 3000,
  "mcmc_samples": 1000,
  "burn_in": 10000,
  "cond_prob": [
    [
      [0.12361866278, 0.10145741055, 0.0013406075722, 0.12663543517, 0.21632522532, 0.21484875319, 0.043926496958, 0.054388717529, 0.060966245949, 0.056492444979],
      [0.0044488898295, 0.055329871133, 0.094603179552, 0.025717621402, 0.17725378671, 0.0097258513225, 0.25105160191, 0.019004131995, 0.089619167705, 0.27324589845],
      [0.069741906397, 0.068775297467, 0.0001509953584, 0.31869112257, 0.062754646498, 0.11494968213, 0.0081076616381, 0.07815904314, 0.26876805684, 0.0099015879591],
      [0.1837667744, 0.169723923, 0.0050233183897, 0.1417459617, 0.14090398038, 0.17621384534, 0.0078850613428, 0.15298962318, 0.0096563231312, 0.012091189144]
    ],
    [
      [0.065032760721, 0.15647631187, 0.0084868478817, 0.14252382838, 0.1881979002, 0.21477467785, 0.043380882431, 0.0038515582493, 0.17563803041, 0.0016372020103],
      [0.06096145365, 0.14198231657, 0.067423149139, 0.055696583721, 0.045086241127, 0.0027736231069, 0.0022421437868, 0.072980590075, 0.2174085073, 0.33344539153],
      [0.11516342189, 0.074334424374, 0.00053158416397, 0.38461442446, 0.050520439383, 0.14225777296, 0.0055442302699, 0.065592062548, 0.12586429702, 0.035577342933],
      [0.01108328693, 0.40285303927, 0.0039870487967, 0.088615580157, 0.32107436344, 0.051481152247, 0.086468492843, 0.030390909781, 0.0040445808267, 1.5457098292e-06]
    ],
    [
      [0.06213141196, 0.1568007188, 0.074073150735, 0.18682571491, 0.12470088384, 0.13621221316, 0.02180634522, 0.021808192355, 0.19876586431, 0.016875504707],
      [0.11390409115, 0.13054200464, 0.1249966665, 0.0055558744804, 0.011102344421, 0.056948526276, 8.4317439101e-06, 0.11389109075, 0.056959824797, 0.38609114525],
      [0.095565119852, 0.013323960985, 2.0710913126e-06, 0.34112363156, 0.054434455965, 0.091118459031, 0.091114086965, 4.9691935495e-06, 0.26775017974, 0.045563065617],
      [0.091113589878, 0.11776098908, 6.1774490209e-06, 0.1000044772, 0.19998256424, 0.39109948885, 4.0710915862e-06, 0.10000007769, 2.8253562251e-05, 3.1095355475e-07]
    ],
    [
      [0.11406687459, 0.11033380467, 0.056263263536, 0.1427465245, 0.18713701463, 0.19035794232, 0.017404866117, 0.045499094191, 0.1231920269, 0.012998588542],
      [0.10575302298, 0.19711892175, 0.056971583492, 0.076718438661, 0.025131628116, 0.054934270281, 0.00020049794769, 0.1064483596, 0.10249394716, 0.27422933002],
      [0.1530692455, 0.051872847975, 0.0023056223971, 0.36266164875, 0.090652549874, 0.0032500102324, 1.7577532826e-05, 0.0042754445735, 0.26894303041, 0.062952022752],
      [0.075770376278, 0.13567504332, 0.0014211340356, 0.15141211919, 0.21101583958, 0.23156324535, 0.00026962132404, 0.10398384558, 0.088803148368, 8.5626980959e-05]
    ],
    [
      [0.097685733882, 0.098355326724, 0.0005320982928, 0.1309179066, 0.29456936313, 0.23071676975, 0.032399606143, 0.01671227734, 0.081983807879, 0.016127110256],
      [0.000979309345, 0.0022664322415, 0.14050975823, 0.07058180285, 0.1416255465, 0.14053842925, 0.00095064195934, 0.072428220973, 0.2861518141, 0.14396804455],
      [0.003553227894, 0.082240772315, 2.1758925449e-05, 0.16918046601, 0.00057203987884, 0.32890792105, 0.083068572825, 0.083074116057, 0.24932604695, 5.5078092553e-05],
      [0.075755474435, 0.30628505775, 1.1098604815e-05, 0.076592066553, 0.080126670724, 0.2316803064, 0.0010378587662, 0.228435892, 7.3058355998e-05, 2.5164234745e-06]
    ],
    [
      [0.10828091649, 0.14473548516, 0.049211829617, 0.1122127818, 0.17426639192, 0.22831654023, 0.029428991165, 0.050700149886, 0.09895294782, 0.0038939659048],
      [0.12784772454, 0.16810025647, 0.034418274545, 0.094706585434, 0.052277330634, 0.092949080121, 0.0089021451873, 0.24376638872, 0.11587083873, 0.061161375614],
      [0.10656545413, 0.080670995152, 0.0023763342413, 0.30507362262, 0.056981447478, 0.056283008004, 0.023203435589, 0.1001889371, 0.26418624892, 0.0044705167631],
      [0.1065165676, 0.17745446734, 0.048202281849, 0.099492395897, 0.15113301338, 0.27386371286, 0.071929555436, 0.052304126411, 0.018383570095, 0.00072030912585]
    ],
    [
      [0.11688251748, 0.050561605272, 0.027290594508, 0.13479513276, 0.18797339255, 0.21781285552, 0.028969938283, 0.10853164904, 0.11567669307, 0.011505621524],
      [0.0027994642192, 0.051045388343, 0.27898739335, 0.034875691243, 0.018433445016, 0.0039076369704, 2.8404703561e-05, 0.13297038841, 0.37678077113, 0.10017141662],
      [0.022600248697, 0.0021253957465, 0.000366358594, 0.15737012629, 0.084936213266, 0.26523635131, 0.0032797486166, 0.17255522008, 0.28981098766, 0.0017193497417],
      [0.074090272935, 0.26637614724, 0.072099420538, 0.18173559463, 0.11201654973, 0.25042791086, 1.6872980539e-05, 0.04283692945, 0.00039242988623, 7.8717505846e-06]
    ],
    [
      [0.16963505227, 0.10166181265, 0.048732976644, 0.077877302765, 0.2555796258, 0.15344057384, 0.032337461056, 0.051904815845, 0.099168779066, 0.0096616000591],
      [0.062380699139, 0.098072924873, 0.17517715076, 0.068187949941, 0.090213489353, 0.097054265507, 0.0040512444622, 0.078743982545, 0.30089935771, 0.025218935715],
      [0.13747795951, 0.01574975884, 0.030580642507, 0.13431668742, 0.069028408927, 0.26828526212, 0.01554507037, 0.068968461592, 0.25712680197, 0.0029209467395],
      [0.16524484451, 0.10175379898, 0.0079794008265, 0.13929816902, 0.17381254077, 0.24867757233, 0.070393661623, 0.073099084545, 0.019712748529, 2.8178865457e-05]
    ],
    [
      [0.04749401047, 0.095277498666, 0.015822683285, 0.1269239626, 0.34931809192, 0.20630628936, 0.031732598127, 0.015872036039, 0.11113909259, 0.00011373693937],
      [0.00017797777655, 0.15396347948, 0.076923265169, 0.15353617667, 0.076805533392, 7.2067134627e-05, 8.3815349225e-07, 0.07685742451, 0.07760334047, 0.38405989724],
      [0.00021613404376, 0.13327814503, 5.5208882649e-05, 0.26692287934, 0.066665560656, 0.00017516743616, 4.1591890969e-07, 6.1116407576e-05, 0.53262230701, 3.0652752293e-06],
      [0.00025795762392, 0.22186890837, 0.00026004140054, 0.11155298548, 0.22161165171, 0.33323770954, 9.2131470577e-05, 0.11111094053, 6.5705949026e-06, 1.1032853305e-06]
    ],
    [
      [0.22099281485, 0.05718994938, 0.0058427655636, 0.11374777416, 0.12268444807, 0.2511693789, 0.091287794888, 0.055702948924, 0.078288416743, 0.0030937085233],
      [0.023335156005, 0.043936397497, 0.14791098556, 0.10521022905, 0.043144387842, 0.084959447774, 0.011246424566, 0.13184641148, 0.29038909876, 0.11802146146],
      [0.1065897439, 0.033594197772, 0.027932453808, 0.15017977876, 0.049297228895, 0.10576180979, 0.090748071791, 0.20355218627, 0.23006027907, 0.0022842499429],
      [0.095165689796, 0.18311547506, 0.0072444716164, 0.064897895963, 0.25163464282, 0.25981951507, 0.025453347972, 0.092371686146, 0.018887398707, 0.0014098768455]
    ],
    [
      [0.156906843, 0.10581401473, 0.0062473318947, 0.089651449164, 0.25633806019, 0.20331972083, 0.056938228977, 0.030161375722, 0.071745008321, 0.022877967174],
      [0.067214215229, 0.17870497908, 0.11224469975, 0.049786956881, 0.13383392399, 0.10296730688, 0.0069882801338, 0.036822231309, 0.23478313757, 0.076654269182],
      [0.15615354929, 0.060000136342, 0.012040265458, 0.29228059895, 0.02810044596, 0.039002796541, 0.034101483523, 0.0083138204448, 0.36936997414, 0.0006369293553],
      [0.085438779952, 0.13900271984, 0.048107794435, 0.14230721416, 0.18384244576, 0.15594131408, 0.049433087776, 0.10554062307, 0.088980683484, 0.0014053374485]
    ],
    [
      [0.1205263654, 0.08645562403, 0.059140649033, 0.042042358204, 0.35841744785, 0.18641228719, 0.044959333985, 0.016604764197, 0.082977224481, 0.0024639456281],
      [0.010033099869, 0.20165056397, 0.0053393562525, 0.12765495734, 0.082472287301, 0.0072981856828, 0.00017859682707, 0.009821716288, 0.074015224645, 0.48153601182],
      [0.0048866035718, 0.098760477732, 0.0069980476429, 0.29027273998, 0.18324685951, 0.020877572696, 0.010229403001, 0.00038558985318, 0.38378621474, 0.00055649127566],
      [0.016731503522, 0.21096792409, 0.0099544343825, 0.28164881773, 0.1102015514, 0.1496211985, 0.0048282748756, 0.13942614839, 0.069104581947, 0.0075155651704]
    ],
    [
      [0.13952477437, 0.023265828822, 0.069765112103, 0.069782465908, 0.13954228584, 0.1627831471, 0.13952721765, 0.16278297398, 0.093021227626, 4.9665912107e-06],
      [1.3255907665e-05, 0.21872674508, 0.093753088703, 0.09374329282, 0.09374311358, 1.0175910174e-05, 1.0150918704e-05, 0.031250305321, 0.31250665414, 0.15624321762],
      [0.066659924375, 0.066666471997, 6.2783609902e-08, 0.39998535645, 2.898265179e-07, 7.1257822356e-06, 2.6283554107e-07, 1.4921488631e-05, 0.46666538252, 2.0194320133e-07],
      [1.1164721836e-05, 0.10003164381, 3.9931907941e-08, 0.19997882489, 0.099989772688, 0.29998921588, 8.6914125223e-08, 0.20000985262, 0.099989354195, 4.4356208931e-08]
    ],
    [
      [0.13044634347, 0.05721178307, 0.045070176014, 0.085735591595, 0.17739919203, 0.16932178048, 0.13099886825, 0.017502143915, 0.18629547919, 1.8641991218e-05],
      [0.026470995978, 0.018962759304, 0.19199895639, 0.056716556446, 0.062547960979, 0.053882702679, 0.031365133904, 0.052019930331, 0.24390653807, 0.26212846592],
      [0.040073450503, 0.10546854767, 0.025485539022, 0.34562026034, 0.0077309723633, 0.049131895255, 0.026579837803, 0.094866233096, 0.30442867417, 0.00061458978218],
      [0.025765354931, 0.043870442169, 0.032043591635, 0.17227286531, 0.17579064251, 0.2553754356, 0.018371823022, 0.2597000781, 0.016799343331, 1.0423386178e-05]
    ],
    [
      [0.33246233748, 0.0003686465311, 0.00020005207413, 0.1111538891, 0.00016604988534, 0.22178906714, 0.2216385747, 0.00038845361761, 0.11163930298, 0.00019362649801],
      [0.063589924868, 0.15850895004, 0.11106680333, 0.031778818161, 2.6366832358e-05, 0.015920909059, 9.4852201104e-05, 0.031785978476, 0.2539568383, 0.33327055873],
      [0.33266880019, 0.083374348066, 0.00032770621551, 0.25055139946, 4.7884810567e-05, 0.00030468365036, 8.8566121908e-05, 0.082991492729, 0.24953693964, 0.00010817912792],
      [0.063103005856, 0.063132884488, 0.06231615292, 0.31193329128, 0.062266863929, 0.18732655758, 0.1248883966, 0.062380585043, 0.062595136554, 5.7125750131e-05]
    ],
    [
      [0.14573100954, 0.06531335245, 0.18542374034, 0.065768948833, 0.17125322592, 0.12576374418, 0.10581071982, 0.051185677585, 0.083643560817, 0.00010602050986],
      [0.072011204388, 0.082005322764, 0.15290250665, 0.042059261727, 0.052043293172, 0.022791399897, 0.0024574972278, 0.095550461169, 0.29106529828, 0.18711375473],
      [0.27376254694, 0.0055096144134, 0.052827130084, 0.32096618365, 0.039499273728, 0.060548049761, 0.0074427099778, 0.027738591769, 0.20177709649, 0.0099288031921],
      [0.060808380505, 0.19672602203, 0.03496502456, 0.074654637052, 0.0073744713167, 0.21467561299, 0.04638083871, 0.19500139388, 0.16325070314, 0.0061629158223]
    ],
    [
      [0.30505353738, 0.00015204185136, 0.0019248190729, 0.076993166703, 0.15521349114, 0.0023334625112, 0.15272360529, 0.22797391199, 0.077624278386, 7.6856686115e-06],
      [0.016686606355, 0.032341312254, 0.2412054313, 0.016373855829, 0.048059269558, 0.048540367656, 0.016118581051, 0.049176365974, 0.32195003993, 0.2095481701],
      [0.26566529137, 4.4358224658e-05, 0.00041578601015, 0.26475598865, 0.00051695242631, 0.19932906461, 0.00058276468243, 0.0015323157431, 0.2671483216, 9.1566811204e-06],
      [0.0014755049368, 0.099219672284, 0.10140038213, 0.0012569941673, 0.09947956162, 0.39702262236, 0.00064996357603, 0.29644197176, 0.0022757081656, 0.00077761900312]
    ],
    [
      [0.1249940778, 5.8903761426e-05, 0.062454323596, 0.062499149279, 0.18756356538, 0.12500338056, 0.1248912165, 0.18732644252, 0.12520673512, 2.205485904e-06],
      [2.9563070304e-05, 0.067793327965, 0.23728370039, 0.067754451781, 0.05090600131, 0.016952427082, 0.016949073386, 0.050880603912, 0.23721561412, 0.25423523699],
      [0.15370832259, 1.3869206894e-06, 4.9998720524e-06, 0.30775231932, 0.15371556676, 0.076853157453, 0.00013338085155, 7.2231773943e-05, 0.30775378225, 4.8522049393e-06],
      [1.1861697394e-05, 0.083269429992, 7.7291779459e-05, 0.083476733773, 0.24976887573, 0.33338847219, 9.3792934865e-07, 0.24999018964, 1.4319660332e-05, 1.8876033719e-06]
    ],
    [
      [0.16339781113, 0.001195753998, 0.00076648043666, 0.083256528645, 0.16765959245, 0.0084063720083, 0.081524688997, 0.40370898346, 0.09006017035, 2.3618513369e-05],
      [0.033593870417, 0.047177316646, 0.12694593146, 0.046539461581, 0.063083556001, 0.031507407976, 0.016094017603, 0.049407647627, 0.31588666421, 0.26976412648],
      [0.22533127695, 0.00092872999317, 0.00020557067069, 0.23074217626, 0.076253142434, 0.077426182284, 0.0027103834751, 0.078652833859, 0.30761760664, 0.00013209742877],
      [0.08279215248, 0.083450542787, 0.082544677859, 0.005773940437, 0.16854416757, 0.32563470531, 0.081045469824, 0.16836029648, 0.0016157686757, 0.00023827857719]
    ],
    [
      [0.10484357373, 0.072965816324, 0.16500595683, 0.14588913253, 0.0332108135, 0.19181963814, 0.11114567283, 0.091965506454, 0.081847291992, 0.0013065976719],
      [0.044298765546, 0.080214270924, 0.14026102125, 0.034000284176, 0.076370113366, 0.016280913922, 0.0041208536806, 0.12799746196, 0.19601944675, 0.28043686842],
      [0.17397639021, 0.028677972684, 0.055855527931, 0.2862377802, 0.099778555274, 0.028558967722, 0.023173797574, 0.06366045403, 0.18959486093, 0.050485693455],
      [0.11626033624, 0.18072894246, 0.026700651241, 0.033747814083, 0.031112756814, 0.20716064814, 0.091311971635, 0.20956338505, 0.095937098392, 0.0074763959424]
    ],
    [
      [0.2465149945, 0.001098153707, 0.18327990458, 0.066615772513, 0.24549569781, 0.0042391064325, 0.061923689346, 0.063349682966, 0.12606784494, 0.0014151532002],
      [0.017594710003, 0.066333077584, 0.17021428402, 0.017912679805, 0.018441155136, 0.016492501534, 0.00016004813519, 0.017368079258, 0.37154316207, 0.30394030245],
      [0.21161754936, 0.0016666637881, 0.0017157965805, 0.48995249252, 5.714564422e-05, 0.070905451729, 0.0022105207404, 0.0017063725338, 0.21855635094, 0.0016116561687],
      [0.0050024097129, 0.0041313336555, 0.090987056105, 0.0016331487297, 0.18029460391, 0.2696763984, 0.088075530921, 0.2670726528, 0.091098091435, 0.0020287743319]
    ],
    [
      [0.28539752223, 0.00017538193074, 0.00010191488715, 0.071509562413, 0.14282283199, 6.2350187683e-05, 0.14273720678, 0.28548746979, 0.071677637935, 2.8121863265e-05],
      [0.015661210727, 0.093667495264, 0.24996271109, 0.015666665009, 0.015654558406, 2.5214888768e-05, 2.3601882366e-05, 0.14065528171, 0.29683982156, 0.17184343946],
      [0.29974232651, 6.2082001052e-05, 8.5606184802e-05, 0.29973237146, 9.2657183358e-05, 0.00010834514083, 8.1670452312e-05, 0.00036058300653, 0.39962921842, 0.00010513964482],
      [0.00039116143198, 0.00018367800711, 0.083341968323, 0.16657298759, 0.16647183686, 0.24970249109, 0.083279323342, 0.24980263028, 0.00020602539826, 4.7897673806e-05]
    ],
    [
      [0.10905342333, 7.2072230534e-05, 0.10898931848, 0.11110370517, 0.33543326009, 6.5203345266e-05, 0.10901558262, 0.10901788172, 0.11724929932, 2.5368176138e-07],
      [0.00090034288998, 0.033684894253, 0.11504781986, 0.04830892541, 0.06556436212, 0.00032447574263, 0.016389356986, 0.082293896994, 0.35881261872, 0.27867330702],
      [0.14017530629, 0.070078514305, 4.4037928223e-05, 0.35436784808, 8.2088573435e-05, 0.14282492968, 0.0013378929162, 0.0013469256668, 0.28970426455, 3.8192009172e-05],
      [7.1499101424e-05, 0.12271710002, 0.062535161935, 0.068254520642, 0.24878283312, 0.24875444588, 2.3654961265e-05, 0.24875339928, 8.2928790501e-05, 2.4456273125e-05]
    ],
    [
      [0.26429395996, 0.030472823067, 0.13608488645, 0.11425922868, 0.19651492, 0.091308188357, 5.6863829339e-05, 0.053074371526, 0.11386937436, 6.5383760349e-05],
      [0.022078654337, 0.054318037664, 0.19511146909, 0.048348819677, 0.03668220374, 0.01029049596, 3.5666959543e-05, 0.07038446895, 0.34290747079, 0.21984271284],
      [0.20636559231, 0.090660601929, 3.9512754251e-05, 0.57778386156, 0.00025527553368, 0.00010032668562, 2.7828343625e-06, 0.033359782223, 0.091183567587, 0.00024869657895],
      [0.14597162641, 0.084622744455, 0.084642375934, 0.15170933057, 0.090981086479, 0.21767915978, 0.066471711425, 0.10882085749, 0.024685671682, 0.024415435779]
    ],
    [
      [0.25164826813, 0.094982942259, 0.1609010784, 0.043869459546, 0.050048470766, 0.16402034481, 0.012976310276, 0.03756435347, 0.16761540149, 0.016373370851],
      [0.047973884464, 0.058034277873, 0.17192082564, 0.031529136498, 0.054403424241, 0.05885227467, 0.0034316653947, 0.081297514636, 0.28743772615, 0.20511927044],
      [0.24480515013, 0.01732097005, 0.0020437590944, 0.20142211414, 0.0049650743304, 0.038030796087, 0.088403820942, 0.10782036876, 0.29341597306, 0.0017719734087],
      [0.18267511784, 0.12672268656, 0.0085843415031, 0.13423717483, 0.13948962807, 0.061719968933, 0.0023832707868, 0.082147751063, 0.25845964047, 0.0035804199578]
    ],
    [
      [0.0085603391023, 0.095717945782, 4.3678462788e-06, 0.0042847729577, 0.58286583388, 0.19144515794, 0.10856020027, 0.0085602901757, 8.9851574338e-07, 1.9352390603e-07],
      [0.063812300725, 0.13332940181, 0.13333034182, 1.1424534991e-06, 0.0028598195325, 0.063814223306, 5.2901252056e-07, 0.063813262265, 0.0028536013342, 0.53618537774],
      [0.047696960059, 0.033640721015, 0.015438557233, 0.25806326061, 0.018200505025, 0.27557307956, 0.079264589259, 0.047697105167, 0.20898639173, 0.015438830346],
      [0.076923121112, 0.15055037016, 0.0032931265974, 0.073631767373, 0.1538471582, 0.31098493373, 0.076921963698, 0.15384443415, 2.3621174114e-06, 7.6286649922e-07]
    ],
    [
      [0.14276911703, 0.00092367809796, 0.142566304, 0.00042516135528, 0.49823981139, 0.14279768188, 0.071156621016, 0.00023605540833, 0.00066677846505, 0.00021879135431],
      [0.15336607119, 0.076861333827, 0.23042434961, 0.00032172025061, 0.00038367935198, 0.076958716839, 6.519824832e-05, 0.15361224609, 0.00056050676963, 0.30744617783],
      [0.098488066545, 0.09838444851, 8.736967577e-05, 0.29489555625, 0.01658822253, 0.18033805098, 0.016422697128, 0.049204809636, 0.22920655011, 0.016384228644],
      [0.16664178141, 0.41553498398, 0.00026880406763, 0.083436370568, 0.00064776954918, 0.2499790021, 9.793364654e-05, 0.083186886447, 0.00014824639806, 5.8221828793e-05]
    ],
    [
      [0.01346992239, 0.076653758915, 0.15316961955, 0.00010678604936, 0.46614824237, 0.19348950032, 0.096846229708, 1.5955541334e-05, 6.7317778678e-05, 3.2667370899e-05],
      [0.062476060015, 0.1199007734, 0.072658380548, 2.8668876983e-05, 0.00011394702354, 0.057479577747, 0.11989341388, 0.057409510893, 0.0051522972791, 0.50488737034],
      [0.076853291548, 0.018157023153, 0.014359893539, 0.32936364744, 0.051919768358, 0.23314508368, 0.075597957817, 9.007786891e-06, 0.18619815706, 0.01439616962],
      [0.115016664, 0.1249616296, 0.13504966126, 0.11487330366, 0.13519159553, 0.35464592457, 0.010160165148, 0.010084982607, 9.1723297434e-06, 6.9013059801e-06]
    ],
    [
      [0.085609843007, 0.06857067937, 0.0103953377, 0.076694790594, 0.28765227874, 0.08161789876, 0.1609177965, 0.076668970091, 0.15184385888, 2.8546365258e-05],
      [0.054318639306, 0.17797658877, 0.18469359608, 0.055738443775, 0.070505277159, 0.06339082624, 0.0086200268522, 0.18539447062, 0.066690299748, 0.13267183145],
      [0.02017197377, 0.02511491137, 0.00070099687735, 0.38523239741, 0.015572729383, 0.20900238805, 0.03076459137, 0.00086957438324, 0.29723238688, 0.015338050508],
      [0.062012236226, 0.2735289857, 0.062129017898, 0.082350426381, 0.088913597646, 0.28654128411, 0.0011833219864, 0.1419590085, 0.001195641894, 0.00018647964829]
    ],
    [
      [0.068685320988, 0.034456992483, 0.014563104728, 0.20516643613, 0.21541567497, 0.16101690188, 0.15065168294, 0.020799950498, 0.080503024714, 0.048740910669],
      [0.2521737831, 0.087369852471, 0.099911531684, 0.088126575901, 0.028971375469, 0.11855281126, 0.040144052253, 0.007337535874, 0.045181081433, 0.23223140055],
      [0.054669124888, 0.030707845252, 0.010870750678, 0.40152478723, 0.037131540573, 0.18170310075, 0.034313184651, 0.013889185072, 0.22689275979, 0.0082977211102],
      [0.096615482254, 0.13555555305, 0.015191719323, 0.21794635994, 0.089902726159, 0.23619044792, 0.016707511742, 0.057457250779, 0.083967771513, 0.050465177315]
    ],
    [
      [0.11689116684, 0.11506613218, 0.0002881426685, 0.22999212422, 0.24101870755, 0.115940568, 0.0017138566777, 0.11567277842, 0.063357088785, 5.9434672014e-05],
      [0.071080017451, 0.14388034102, 0.070784182395, 0.13934799466, 0.070119948822, 0.0021057180223, 0.071208280686, 0.21105834578, 0.006032024545, 0.21438314662],
      [0.085231332489, 0.034126159712, 6.0647706589e-07, 0.40970167008, 0.050529442776, 0.11705041775, 0.050306921603, 0.018189156994, 0.21802506014, 0.016839231974],
      [0.19890813026, 0.10161075557, 0.00040872389551, 0.19668634282, 0.39397655644, 0.0093555644432, 0.000584013229, 0.00055856633949, 0.097500259861, 0.00041108714848]
    ],
    [
      [0.23982342217, 0.090657458264, 0.090151383988, 0.030672118473, 0.23838301398, 0.16136879363, 0.086661980397, 0.03109796562, 0.029301170079, 0.0018826934062],
      [0.1475955148, 0.131719314, 0.29057273571, 0.066928259462, 0.0080958375072, 0.13598660235, 0.00019412485493, 0.069714830379, 0.046423661124, 0.10276911982],
      [0.10820276143, 0.05315736368, 0.021704719383, 0.26709380176, 0.022867287598, 0.25882664849, 0.014380881741, 0.0053268192719, 0.23471433479, 0.013725381855],
      [0.14199966697, 0.10177167252, 0.060498178158, 0.15638517804, 0.1718985627, 0.20060385008, 0.0052496126958, 0.15932235446, 0.0018161417465, 0.00045478263093]
    ],
    [
      [0.2533906459, 0.080767989108, 0.053057809879, 0.13590364238, 0.05024706582, 0.061631857684, 0.084751684145, 0.027312370537, 0.20252973989, 0.050407194658],
      [0.060526930186, 0.091641064952, 0.12320563523, 0.05755021655, 0.0439470922, 0.045357207196, 0.015563924522, 0.082106898236, 0.28308128828, 0.19701974265],
      [0.073783836731, 0.026699537642, 0.0028747406377, 0.40635991655, 0.020855925448, 0.16932839648, 0.048578291637, 0.025110826501, 0.21867820735, 0.0077303210267],
      [0.17220389701, 0.082764773047, 0.037156381962, 0.22827701529, 0.11337487331, 0.18367742386, 0.053572915768, 0.080275965027, 0.027987265597, 0.020709489134]
    ],
    [
      [0.08419765336, 0.074879510807, 0.078048959882, 0.15046689628, 0.04555657329, 0.22531537648, 0, 0.080865238575, 0.25946272321, 0.0012070681161],
      [0.0036650392735, 0.033377769509, 0.073825786917, 0.057331665752, 0.059936659345, 0.089960835008, 0, 0.23300494841, 0.25904332051, 0.18985397527],
      [0.085738312668, 0.062948399881, 0.00093065657394, 0.32067032643, 0.035887495514, 0.082414349249, 0, 0.096038336066, 0.30550316907, 0.0098689545542],
      [0.14730606102, 0.068436860985, 0.1070829268, 0.11305084919, 0.15939866142, 0.33341534775, 0, 0.037906178642, 0.031135579952, 0.0022675342418]
    ],
    [
      [0.1296748974, 0.067163496553, 0.028315807654, 0.10245638161, 0.19546979701, 0.18253940621, 0.1261182473, 0.076406923629, 0.076995934055, 0.014859108585],
      [0.06833184555, 0.14858791237, 0.12455025678, 0.04290941872, 0.03115666796, 0.043379327008, 0.065135318757, 0.10569487107, 0.084138274619, 0.28611610716],
      [0.088277767915, 0.0747629628, 0.0089880188516, 0.32091348977, 0.03104738385, 0.20604287881, 0.024795246808, 0.025661802983, 0.20847788632, 0.011032561885],
      [0.090032658353, 0.13876036661, 0.049549132221, 0.091640992585, 0.15600906285, 0.28058018063, 0.023077684705, 0.11425566399, 0.016822470579, 0.039271787472]
    ],
    [
      [0.073682781383, 0.072568427349, 0.14425274424, 0.071464353123, 0.2611727823, 0.14858573251, 0.13548322517, 0.064125593182, 0.028327177086, 0.00033718365106],
      [0.14451506965, 0.19842460871, 0.14820743419, 0.13670799607, 0.010387962049, 0.1340898221, 0.0015351166138, 0.065026089627, 0.085486846631, 0.075619054356],
      [0.071177151437, 0.022145564975, 0.0020485794738, 0.30912752758, 0.017764652832, 0.29804821112, 0.020335362562, 0.0043190863548, 0.23870849101, 0.016325372648],
      [0.12245685032, 0.12287161604, 0.17442731571, 0.17340284792, 0.075208063785, 0.20949015079, 0.05893518197, 0.059375475301, 0.0024330106993, 0.0013994874764]
    ],
    [
      [0.090811932174, 0.18179042119, 1.5491885279e-05, 0.00022842522449, 0.36332176458, 0.18193925756, 0.090811428667, 7.0517194296e-06, 0.091071809464, 2.4175356954e-06],
      [0.09998255696, 0.19979106272, 0.19983203594, 1.9371390869e-05, 0.00014572773619, 0.099900425207, 5.4011935629e-06, 0.09990613917, 0.00036955303905, 0.30004772664],
      [0.076931872955, 0.076935860306, 2.2039360274e-05, 0.29227671964, 0.030776302088, 0.23080380341, 0.03078099646, 0.015433795596, 0.23066418422, 0.015374425976],
      [0.071476531028, 0.14296884427, 5.4765287721e-06, 0.071379059451, 0.2143959769, 0.35695833525, 1.8250199943e-05, 0.14269030897, 9.5899385588e-05, 1.1318018584e-05]
    ],
    [
      [0.077959857681, 0.060740777751, 0.040800706764, 0.20413180452, 0.30433136156, 0.032394512852, 0.11835096875, 0.021248447523, 0.097368477246, 0.042673085356],
      [0.0048246581644, 0.21277045516, 0.23071455653, 0.008134019522, 0.14790531014, 0.10337296503, 0.0034402752654, 0.034861539062, 0.012540444892, 0.24143577623],
      [0.05780818994, 0.021508069068, 0.04048818091, 0.34634325882, 0.020488476192, 0.20022345435, 0.054320640544, 0.095377676142, 0.15192714996, 0.011514904072],
      [0.041644550949, 0.058029958336, 0.046333970634, 0.14202205869, 0.24496527179, 0.29278347871, 0.0027542318859, 0.077054538793, 0.076658719601, 0.017753220611]
    ],
    [
      [0.07733865335, 6.8851930427e-05, 0.076672062988, 0.076899948824, 0.23193945188, 0.15318178455, 0.30655371629, 0.000343030344, 0.077000245937, 2.2539060485e-06],
      [0.083013361271, 0.00039417934845, 0.24988447109, 0.00039228325192, 3.3104305057e-05, 4.3921345931e-05, 0.083618809165, 0.2495522499, 0.16680257974, 0.16626504057],
      [0.072315700521, 0.1427578781, 2.4693266283e-05, 0.2850745586, 5.9871758669e-05, 0.071181720299, 0.00014964511998, 0.14278098016, 0.28564940463, 5.5475412242e-06],
      [0.29485274367, 0.081897778349, 0.016463997087, 0.065648351571, 0.14727133884, 0.1477305846, 0.049332474534, 0.1311799981, 0.06554547838, 7.7254865193e-05]
    ],
    [
      [0.206167118, 0.00095085720527, 0.049003540741, 0.16096991933, 0.34586286051, 0.043718977393, 0.12119237155, 0.033609767541, 0.038260409906, 0.000264177818],
      [0.041578377667, 0.19849657783, 0.15329371631, 0.08563891775, 0.0011145160362, 0.00016393317382, 0.054831055722, 0.22323611528, 0.065970548081, 0.17567624215],
      [0.20832582644, 0.055395334637, 0.00028801238814, 0.21156934311, 0.045433106401, 0.0013650421675, 0.079019428166, 0.1202467149, 0.27827074498, 8.6446806121e-05],
      [0.13411006217, 0.25748020912, 0.040639500116, 0.11956178271, 0.11019484975, 0.12626744156, 0.04705008428, 0.13341221451, 0.030335695559, 0.00094816021607]
    ],
    [
      [0.13851201524, 0.0064199336739, 0.00095326900974, 0.13586168639, 0.28364684071, 0.14340254847, 0.00062024894173, 0.14156990092, 0.14239068947, 0.0066228671702],
      [0.067550636076, 0.074614977557, 0.15700030241, 0.0077940493128, 0.13512517149, 0.13825823704, 0.00058597071542, 0.068584878327, 0.14081382466, 0.20967195241],
      [0.12086787928, 0.060355288173, 0.00058737200497, 0.259972601, 0.00041969685333, 0.060535532102, 0.00329700854, 0.24162171443, 0.25191017944, 0.00043272818497],
      [0.14525112571, 0.12610739949, 0.091840078271, 0.17111571252, 0.19231753277, 0.12844441791, 0.03070956398, 0.082267856605, 0.031766805675, 0.00017950706445]
    ],
    [
      [0.32939999911, 0.011623421751, 0.0030958091846, 0.02389799216, 0.11040345109, 0.49686246446, 0.0020319798882, 0.01331128942, 0.0093038653677, 6.9727573287e-05],
      [0.016577860351, 0.13341283454, 0.23819382656, 0.11161332385, 0.10979928361, 0.007720964908, 0.00048325428389, 0.13490224721, 0.12919301091, 0.11810339378],
      [0.30995472737, 0.0099064993424, 0.00089074989058, 0.18283601841, 0.073629542518, 0.10574351881, 0.074615238057, 0.011045729509, 0.231332628, 4.5348096633e-05],
      [0.21384958305, 0.10858040191, 0.071209832482, 0.12250675012, 0.087949579733, 0.19996546303, 0.015245961832, 0.15025960089, 0.029672247724, 0.00076057921776]
    ],
    [
      [0.11200796682, 1.5060270021e-05, 0.11875331744, 0.076962705786, 0.41958253926, 0.076936026786, 0.076918242151, 0.059417978886, 0.059400605038, 5.5575703219e-06],
      [0.070183859336, 0.020738935673, 0.2025424926, 0.020716894319, 5.2152300844e-06, 1.9204863993e-06, 6.0834838053e-06, 0.25199715002, 0.25199183986, 0.18181560898],
      [0.17721349616, 0.077215225555, 3.6661907291e-06, 0.27719467652, 2.9621756675e-05, 0.07721098145, 4.5924035405e-06, 0.12276982881, 0.26835521075, 2.7004010705e-06],
      [0.12120816693, 0.090901873766, 0.018609133224, 0.18181291246, 0.19007686977, 0.20041970776, 0.015150757722, 0.12466514146, 0.042004996796, 0.015150440133]
    ],
    [
      [0.16753989172, 0.055188790112, 0.055193659416, 0.1665648656, 0.11156531759, 0.22207352558, 6.4255541944e-05, 0.05637416235, 0.11028030614, 0.055155225954],
      [0.066126459095, 0.067108144345, 0.0020585555931, 0.066144203527, 0.066311284633, 0.13277045029, 6.8279579311e-06, 0.2004532215, 0.13285895327, 0.26616189979],
      [0.0014198473961, 0.00023419652491, 3.1589263187e-06, 0.70955892764, 6.4889391311e-05, 0.28428191507, 1.6949366788e-06, 0.0010692389264, 0.0033550146063, 1.1116581486e-05],
      [0.11637410218, 0.14997233729, 0.049593561402, 0.11737928121, 0.1166116798, 0.20035243966, 0.016645485272, 0.16618303471, 0.066643084804, 0.00024499366388]
    ],
    [
      [0.21451560525, 1.8256607797e-06, 0.071429059543, 0.071430028162, 0.28536334383, 0.14297580899, 0.14262182367, 0.00023280011951, 0.071429207799, 4.9697331221e-07],
      [0.099836492792, 8.6291827016e-07, 0.10000207847, 0.00016359144818, 1.3523678381e-06, 1.8172599528e-07, 7.6494171497e-07, 0.10000121067, 0.30015959869, 0.39983386598],
      [0.10000066948, 0.00032782009635, 0.00016274528276, 0.20032379806, 0.099836663747, 0.099998221967, 1.6058042495e-06, 0.099836456966, 0.39951094789, 1.0707054262e-06],
      [0.1666425743, 0.12116193349, 0.060580983771, 0.16659251077, 0.060705045837, 0.15149022178, 0.015201072139, 0.18179339579, 0.060655842804, 0.015176419326]
    ],
    [
      [0.31069472794, 0.013846269428, 0.059571828246, 0.12121596216, 0.16811027868, 0.17571948011, 0.0052991561454, 0.12999576316, 0.014534594776, 0.0010119393486],
      [0.028636669601, 0.095439959071, 0.34404918116, 0.0058659066906, 0.085626469804, 0.082562698964, 0.0020673110807, 0.077597625513, 0.16887933348, 0.10927484463],
      [0.092882501593, 0.12880358543, 0.0015101956338, 0.16258377961, 0.029873377428, 0.096189904338, 0.20111942447, 0.031947048976, 0.253029489, 0.0020606935263],
      [0.18381950879, 0.16129764963, 0.061255147106, 0.099848021761, 0.091053783204, 0.20545959612, 0.037870656694, 0.12375330176, 0.021951178631, 0.013691156315]
    ],
    [
      [0.065650959211, 0.0010675536467, 0.061568852426, 0.062545206032, 0.18810269613, 0.18628284818, 0.24815897902, 0.12418066143, 0.062413417798, 2.8826132022e-05],
      [0.058068220482, 0.06042796528, 0.11814610502, 0.0002644301667, 0.11675616526, 0.0015176188018, 0.0588463034, 0.11763493475, 0.17638001287, 0.29195824398],
      [0.091725563329, 0.00024653573751, 7.2879010824e-06, 0.44922613469, 0.089562723668, 0.0048996017356, 0.0013910621483, 0.089517716257, 0.27111583819, 0.0023075363465],
      [0.21345435192, 0.21344521141, 0.00011311444431, 0.036665962662, 0.089648430218, 0.26678177304, 0.018102990969, 0.071939654423, 0.071797337079, 0.01805117383]
    ],
    [
      [0.08477353416, 4.0538450999e-05, 0.08258019992, 0.084054183696, 0.24928321812, 0.0014565260678, 0.082914904273, 0.33096939848, 0.082701004576, 0.0012264922598],
      [0.00037886833706, 0.071723098668, 0.14282020329, 0.00074532319828, 0.071139421201, 0.00064832406171, 4.1859604865e-05, 0.0012473777789, 0.071103836012, 0.64015168785],
      [0.22932850908, 0.15310445951, 1.8281917791e-05, 0.23024602313, 0.15307890455, 0.001057836647, 1.0057198407e-05, 0.00077101066604, 0.23069003309, 0.0016948842154],
      [0.11469086582, 0.098443150551, 0.049333067049, 0.22930683558, 0.13151842175, 0.2124539881, 7.056345364e-05, 0.11476853755, 0.033002685423, 0.016411884725]
    ],
    [
      [0.077297896714, 0.00044904650222, 0.22973059719, 0.076750322546, 0.30703330882, 0.077765008927, 0.076837153454, 0.076921393796, 0.076777455322, 0.00043781672992],
      [0.00068542605568, 0.083458014752, 0.083460308532, 3.5747065963e-05, 0.083193833232, 0.00069063109712, 8.8380454357e-07, 0.16614100484, 0.16652198165, 0.41581216898],
      [0.33155997728, 0.00011381445559, 5.4257602755e-05, 0.33423128747, 0.0006053443171, 0.00093142770867, 1.9206087779e-07, 0.00010950685518, 0.33225073254, 0.00014345971212],
      [0.22731609749, 0.13623699831, 0.015325609329, 0.13626871598, 0.15158777103, 0.24200582517, 1.6737437857e-05, 0.045535519105, 0.030505647094, 0.015201079051]
    ],
    [
      [0.12098478232, 0.0024773661444, 0.22429545491, 0.059436094006, 0.24060014901, 0.11467455764, 0.058417904165, 0.11617831708, 0.056304532979, 0.0066308417404],
      [0.061977604481, 0.0036327721109, 0.071086555785, 0.0026984820391, 0.1191384032, 0.059809162216, 0.059559792548, 0.12579398983, 0.18960892578, 0.30669431201],
      [0.14793829246, 8.7224625102e-05, 4.3933698563e-05, 0.56182104831, 7.4445918546e-05, 0.001297718976, 0.0014190448411, 0.14694897122, 0.14021229672, 0.00015702323907],
      [0.21526748303, 0.19831916416, 0.0008214139689, 0.13356105585, 0.11671769824, 0.15140836486, 0.017400093909, 0.099727032897, 0.05045990083, 0.016317792259]
    ]
  ],
  "expected_outcome": [
    [
      [6.9226451156, 3.7719001218, 3.3550962458, 6.5018118515, 5.9588297668, 6.9299786555, 7.9480111888, 10.6870082933, 2.9921226596, 13.038576076, 10.3558516379, 7.5931610203, 5.9995652981, 1.4349097781, 2.9921610374, 1.7487721144, 3.965695986, 1.9999052448, 1.9607737336, 1.4678100322, 3.944239912, 3.9955653112, 0.98148081, 3.1715275196, 3.5230757539, 0.085603391023, 1.9987676384, 0.16163906868, 1.1129279591, 1.0302798148, 1.9871498362, 2.6380576438, 3.5474690426, 1.0945694937, 1.296748974, 1.0315589394, 0.99893125391, 1.3253175806, 1.0054024935, 2.474005416, 0.96958410665, 2.964599992, 1.4561035686, 3.0157180509, 3.0032184735, 2.4855578235, 1.0504153474, 1.0172824099, 1.0048726573, 2.0567412995],
      [5.681614991, 9.0756260884, 8.4672388153, 6.2890268665, 5.9996749302, 9.2630710503, 3.4381891585, 6.4046941971, 6.002482416, 3.3742070134, 6.983724972, 5.4467043139, 1.0004306394, 0.62932961377, 0.0033178187799, 0.7837602294, 0.0019765440677, 0.00094246018281, 0.014349047976, 1.0215214285, 0.017570459312, 0.0024553470304, 0.0006486500748, 0.3656738768, 1.3297611916, 0.95717945782, 0.012931493371, 0.91984510698, 0.89141883181, 0.51685488725, 1.956124247, 0.9972320409, 1.1307518475, 0.97343364049, 0.67163496553, 1.0159579829, 1.9996946331, 1.0325932218, 0.00089507509555, 0.011410286463, 0.044939535717, 0.10461079576, 0.00019578351027, 0.99339822202, 2.5559250916e-05, 0.11077015542, 0.017080858347, 0.00048646141199, 0.0058376045289, 0.042115224455],
      [0.075074024046, 0.49223717714, 3.9999501397, 3.2070060216, 0.032457995861, 3.1495570955, 1.8557604266, 3.0701775286, 0.99682904696, 0.34472316825, 0.41232390505, 3.7258608891, 2.9998998204, 0.49577193615, 0.0018004686672, 2.2250848841, 0.025022647947, 0.99926917753, 0.0091977652399, 2.3100833956, 2.9324784733, 0.0014268084202, 0.98090386635, 1.6330186374, 2.2526150977, 4.3678462788e-05, 1.9959282561, 1.8380354346, 0.1351393901, 0.21844657092, 0.0048984253646, 0.99166522386, 0.7428093383, 1.0146364785, 0.28315807654, 2.0195384194, 0.00017041073807, 0.69361201498, 0.99673681884, 0.58804248889, 0.0066728830682, 0.027862282662, 1.5437931267, 0.99348586949, 1.0000068336, 0.47657462597, 0.98510163881, 0.99096239904, 2.9864977635, 3.8130227334],
