{
  "X": [
    [18, 2, 27, 4, 4, 7, 4, 19, 10, 5],
    [22, 3, 19, 3, 2, 8, 6, 24, 10, 3],
    [21, 4, 24, 2, 4, 13, 7, 11, 10, 4],
    [31, 3, 26, 1, 2, 4, 5, 14, 10, 4],
    [18, 5, 26, 3, 2, 4, 8, 22, 11, 1],
    [21, 2, 27, 4, 3, 13, 9, 11, 5, 5],
    [13, 3, 35, 3, 5, 1, 5, 17, 16, 2],
    [17, 2, 33, 2, 3, 7, 5, 14, 14, 3],
    [21, 5, 26, 3, 9, 9, 6, 6, 11, 4],
    [17, 3, 30, 5, 5, 7, 9, 15, 8, 1],
    [8, 2, 30, 3, 3, 12, 7, 25, 7, 3],
    [16, 4, 31, 1, 5, 6, 7, 21, 6, 3],
    [12, 5, 21, 0, 5, 19, 11, 14, 8, 5],
    [16, 11, 11, 2, 3, 20, 10, 13, 9, 5],
    [17, 11, 11, 3, 1, 23, 15, 15, 2, 2],
    [13, 6, 12, 2, 3, 26, 21, 10, 6, 1],
    [9, 11, 12, 6, 3, 19, 13, 13, 9, 5],
    [15, 9, 7, 4, 2, 18, 20, 12, 7, 6],
    [15, 8, 15, 2, 9, 22, 9, 10, 9, 1],
    [14, 9, 13, 0, 3, 17, 21, 15, 6, 2],
    [12, 10, 12, 3, 5, 20, 14, 13, 7, 4],
    [9, 11, 14, 2, 2, 30, 12, 9, 3, 8],
    [16, 11, 12, 1, 3, 23, 22, 4, 7, 1],
    [16, 6, 8, 2, 5, 17, 18, 18, 9, 1],
    [11, 4, 15, 4, 3, 25, 19, 9, 7, 3],
    [9, 7, 12, 3, 3, 7, 6, 24, 17, 12],
    [8, 7, 18, 4, 8, 9, 4, 20, 9, 13],
    [8, 6, 12, 5, 10, 10, 6, 26, 6, 11],
    [7, 7, 15, 10, 11, 8, 2, 20, 9, 11],
    [10, 12, 11, 4, 0, 7, 4, 26, 11, 15],
    [10, 7, 14, 4, 7, 9, 2, 25, 12, 10],
    [8, 7, 9, 3, 13, 7, 7, 26, 12, 8],
    [3, 9, 19, 4, 5, 16, 3, 24, 9, 8],
    [8, 5, 10, 6, 4, 7, 4, 30, 17, 9],
    [7, 6, 9, 6, 8, 11, 9, 26, 9, 9],
    [13, 9, 11, 5, 10, 11, 6, 22, 5, 8],
    [7, 4, 10, 6, 6, 9, 5, 26, 17, 10],
    [9, 7, 15, 6, 10, 8, 7, 17, 15, 6],
    [10, 4, 18, 1, 15, 12, 4, 16, 16, 4],
    [19, 3, 15, 4, 6, 7, 7, 16, 20, 3],
    [10, 5, 18, 8, 6, 9, 9, 12, 19, 4],
    [14, 5, 18, 2, 11, 8, 6, 12, 15, 9],
    [12, 3, 18, 3, 12, 7, 9, 14, 20, 2],
    [7, 6, 15, 4, 8, 13, 11, 17, 17, 2],
    [14, 1, 27, 4, 7, 7, 1, 9, 26, 4],
    [12, 5, 23, 4, 8, 14, 5, 11, 13, 5],
    [12, 3, 18, 3, 6, 15, 10, 12, 20, 1],
    [13, 3, 17, 3, 6, 14, 5, 13, 22, 4],
    [8, 5, 23, 3, 9, 10, 5, 15, 18, 4],
    [13, 1, 14, 2, 11, 9, 11, 15, 21, 3]
  ],
  "W": [
    [66, 12, 11, 11],
    [62, 16, 12, 10],
    [61, 16, 13, 10],
    [63, 9, 11, 17],
    [63, 12, 13, 12],
    [60, 16, 17, 7],
    [63, 4, 17, 16],
    [69, 4, 13, 14],
    [60, 11, 13, 16],
    [59, 11, 14, 16],
    [58, 18, 11, 13],
    [57, 11, 18, 14],
    [33, 39, 13, 15],
    [15, 54, 13, 18],
    [17, 65, 11, 7],
    [12, 69, 7, 12],
    [10, 61, 14, 15],
    [11, 63, 18, 8],
    [13, 65, 13, 9],
    [9, 65, 13, 13],
    [19, 59, 10, 12],
    [11, 65, 11, 13],
    [9, 70, 9, 12],
    [14, 63, 13, 10],
    [13, 66, 8, 13],
    [19, 10, 57, 14],
    [9, 14, 64, 13],
    [18, 15, 58, 9],
    [16, 8, 57, 19],
    [18, 9, 64, 9],
    [12, 11, 59, 18],
    [15, 10, 59, 16],
    [14, 10, 68, 8],
    [16, 9, 64, 11],
    [12, 13, 65, 10],
    [11, 20, 60, 9],
    [15, 10, 54, 21],
    [7, 14, 39, 40],
    [8, 15, 13, 64],
    [10, 13, 15, 62],
    [14, 14, 10, 62],
    [16, 13, 15, 56],
    [14, 9, 10, 67],
    [16, 17, 17, 50],
    [10, 11, 12, 67],
    [12, 11, 14, 63],
    [8, 16, 15, 61],
    [7, 18, 14, 61],
    [12, 8, 17, 63],
    [14, 8, 14, 64]
  ],
  "method": "mcmc",
  "mcmc_stepsize": 3000,
  "mcmc_samples": 1000,
  "burn_in": 10000,
  "cond_prob": [
    [
      [0.21208176202, 0.03021375903, 0.28849123841, 0.03024406834, 0.030328066222, 0.060706795437, 0.030202859135, 0.18178152498, 0.09077528898, 0.045174637446],
      [0.16586229325, 0.00021797594477, 0.33128341624, 0.1655084007, 0.082983728653, 0.0019175308989, 0.00072711098905, 0.16717382631, 0.082736689267, 0.0015890277458],
      [0.091524116746, 0.0001615555883, 0.18091213476, 0.00064455178594, 0.09020768548, 0.26966411442, 0.091260513484, 0.18284599212, 0.091773426646, 0.001005908959],
      [0.091408263952, 0.00013628010877, 0.18128579888, 0.00097278286661, 0.00093257683805, 0.00036689743225, 0.090365483356, 0.27136613839, 0.18240754209, 0.18075823609]
    ],
    [
      [0.24190564145, 0.048187914423, 0.21034588015, 0.031503723034, 0.016087436631, 0.063763681727, 0.048440619183, 0.22543586401, 0.098270760895, 0.016058478503],
      [0.19099947907, 0.00042173596501, 0.18975224993, 0.062483352158, 0.062499178344, 0.2450276279, 0.004846774344, 0.18332911451, 0.060371354632, 0.00026913315147],
      [0.16576203317, 7.8808042325e-05, 0.16304656284, 0.0033887442442, 6.7340028898e-05, 0.0069981105839, 0.24260242363, 0.33634558577, 0.081033068139, 0.00067732355567],
      [0.19567141672, 0.00046558338263, 0.096596067774, 0.00063706064626, 0.00017839950276, 0.0042232359524, 0.0007904137612, 0.30535635702, 0.19688743327, 0.19919403197]
    ],
    [
      [0.22956434853, 0.065542598624, 0.24597324474, 0.016384653478, 0.032768641531, 0.11472135163, 0.06553291442, 0.098391053463, 0.098345287223, 0.032775906363],
      [0.1873782485, 5.654735178e-05, 0.24997048993, 0.062438549165, 0.12485624183, 0.18759564963, 0.062621730733, 0.06250417589, 0.062551558011, 2.6808964871e-05],
      [0.15377717907, 3.354276704e-05, 0.23054112388, 6.7994773151e-05, 0.00022868514661, 0.15385838111, 0.15378774882, 0.23063056017, 0.0769445196, 0.0001302646713],
      [0.19994194358, 5.6067034078e-05, 0.19990696217, 6.3541913832e-05, 4.400904561e-05, 0.10003082021, 0.00013037940382, 0.099988164233, 0.19998337964, 0.19985473277]
    ],
    [
      [0.33390470827, 0.047341271639, 0.27010365918, 1.917160977e-05, 0.01575468019, 0.031645221341, 0.047470922251, 0.12705231516, 0.095056556739, 0.031651493626],
      [0.22146819829, 0.00074282140717, 0.33193644332, 0.11061591529, 0.11071037545, 0.11041227157, 0.0012427650754, 0.11107124123, 0.0016029660805, 0.0001970022888],
      [0.27145124272, 0.00078843924883, 0.18168000773, 8.8632695844e-05, 0.00074325827121, 0.091226810194, 0.18086374055, 0.18207727686, 0.090551637916, 0.00052895381264],
      [0.29322505439, 0.00012598013874, 0.23515067042, 0.00013376419574, 0.000169760469, 0.00053798230943, 0.00050858037892, 0.17607134872, 0.17652601257, 0.11755084641]
    ],
    [
      [0.19197789992, 0.079236512923, 0.26950349213, 0.030197422835, 0.015898538938, 0.032466107776, 0.079960484934, 0.20405390917, 0.096683912096, 2.1719277928e-05],
      [0.16672178993, 0.00044247814982, 0.24992567307, 0.086780339146, 0.083087595295, 0.158789469, 0.0042795205804, 0.17078103834, 0.079176667159, 1.5429330555e-05],
      [0.14627894208, 0.00011492472731, 0.23358356724, 0.0039638803736, 5.6684732045e-05, 0.003642623525, 0.2231726471, 0.30802720366, 0.080862022078, 0.00029750448961],
      [0.16692538157, 0.000107993884, 0.24879879541, 0.00038898722969, 5.0333485279e-05, 0.00015062302939, 0.00082423249437, 0.25757313455, 0.24229893709, 0.082881581263]
    ],
    [
      [0.23384176304, 0.033082927579, 0.28455577311, 0.033125429587, 0.016632083391, 0.11660650062, 0.08289298315, 0.0996850824, 0.049763753182, 0.049813703938],
      [0.18640394556, 0.00085003104339, 0.30914529593, 0.12432853037, 0.12405077776, 0.12673273879, 0.064130004866, 0.063103651662, 0.00082474386003, 0.00043028015288],
      [0.17608020244, 5.8609186905e-05, 0.23343911467, 0.00083678051277, 0.0007356549162, 0.23324083346, 0.17589174067, 0.17736957237, 0.001435596715, 0.00091189505283],
      [0.14195252103, 6.1070341168e-05, 0.14455198982, 0.0012846385925, 0.00067948838851, 0.001541710475, 0.0014544773966, 0.14199341416, 0.28236768046, 0.28411300934]
    ],
    [
      [0.14439497706, 0.046015519868, 0.36716342541, 0.018111767442, 0.047598510411, 0.0011824556099, 0.046052506591, 0.15703664157, 0.15751866209, 0.014925533945],
      [0.0040998113144, 0.003941954471, 0.49660651631, 0.45621472658, 0.0069534068607, 0.00055812248591, 0.0080908437278, 0.0099961473821, 0.01194722305, 0.0015912478156],
      [0.11551846118, 0.0028972199318, 0.28669582253, 0.0010925432284, 0.1114149724, 0.05418532626, 0.11787473423, 0.18928830013, 0.11744294167, 0.0035896784408],
      [0.12018145998, 0.0022501057235, 0.31302807195, 0.00097040687288, 0.0049641053652, 0.00013264126353, 0.0039036392478, 0.24055036807, 0.25200033672, 0.062018864794]
    ],
    [
      [0.18858903046, 0.028804071941, 0.34838737568, 0.014410831607, 0.028805535228, 0.05794694742, 0.043627693817, 0.13031788668, 0.13030205472, 0.028808572438],
      [0.0035005965275, 0.0002562136073, 0.24868953535, 0.24627384669, 0.24575489429, 0.24884906683, 0.0019547915644, 0.0026730405559, 0.0017321802032, 0.00031583437896],
      [0.15249808233, 0.00022278459044, 0.30555396515, 0.00099958411981, 0.001101749151, 0.15260707316, 0.15157738549, 0.15590467333, 0.078146628074, 0.0013880746021],
      [0.1422056744, 0.00061414156918, 0.28530795639, 0.00054018848522, 0.0010768395137, 0.0015980292604, 0.00081171064633, 0.21218663596, 0.28473738132, 0.070921442461]
    ],
    [
      [0.23474557865, 0.083158724448, 0.26709608236, 0.016441445483, 0.082513007231, 0.083002119928, 0.050414129434, 0.049913241402, 0.099526291791, 0.033189379271],
      [0.17992338551, 0.00013588998179, 0.27115584466, 0.18036216615, 0.18140010742, 0.09392305992, 0.00031697030296, 0.0017987605849, 0.090325244076, 0.00065857138827],
      [0.15160559584, 0.00014390087526, 0.23273042585, 0.002187582558, 0.07844997216, 0.15280283165, 0.22602934187, 0.076952582319, 0.077056527251, 0.0020412396319],
      [0.18532720591, 0.00044443949481, 0.24787657693, 6.8179384487e-05, 0.06462304665, 0.062517645862, 0.0020802572691, 0.12406472371, 0.18956937209, 0.1234285527]
    ],
    [
      [0.20308560266, 0.050675220903, 0.32504101326, 0.033810594745, 0.033871478142, 0.066654445504, 0.083674894513, 0.13438611514, 0.068763096861, 3.753826857e-05],
      [0.090622759863, 0.0002491063034, 0.26645760001, 0.26899238157, 0.26594355756, 0.0042947264808, 0.0095425417914, 0.090585844031, 0.00043315173087, 0.0028783306619],
      [0.13991987048, 0.00017773115216, 0.27838311605, 0.00071429385898, 0.0027556538222, 0.14456645106, 0.21327823145, 0.15066593333, 0.069487600639, 5.1118157536e-05],
      [0.12888880612, 0.00030834757806, 0.24963643704, 0.0022661624228, 0.002351531436, 0.062263463069, 0.060769876485, 0.24784074098, 0.18533663795, 0.060337996917]
    ],
    [
      [0.10344236834, 0.034475472454, 0.32760699472, 0.017236568259, 0.017242256994, 0.10344500983, 0.068964080441, 0.24139960585, 0.068953758751, 0.017233884351],
      [0.055545728279, 5.5066838936e-06, 0.27775783336, 0.11110071432, 0.11106815873, 0.11116401729, 0.055573561802, 0.22219830247, 0.055561005138, 2.5171931403e-05],
      [3.9108550976e-05, 2.6045602709e-05, 0.27266030902, 2.4116206847e-05, 2.6215814948e-05, 0.27266257293, 0.18176615214, 0.27272300132, 3.1531590457e-05, 4.0946821268e-05],
      [0.076929948702, 2.8442873186e-06, 0.23076076202, 1.5454228637e-05, 3.3374096055e-05, 0.076919139708, 2.5503732718e-05, 0.30763849243, 0.15386438865, 0.15381009214]
    ],
    [
      [0.19417206066, 0.069344468571, 0.33443360306, 3.9434742343e-05, 0.035276090081, 0.051537527905, 0.053544618929, 0.19088172013, 0.053381728988, 0.017388746938],
      [0.091005021927, 0.0025503498695, 0.27531630675, 0.088123167808, 0.26210988712, 0.095072167902, 0.0033869614072, 0.18085402511, 0.00037886391843, 0.0012032481933],
      [0.10883850082, 0.00054454706349, 0.27649900451, 0.0015618271945, 0.0032841314435, 0.10998387855, 0.21668426017, 0.22298507963, 0.057042440161, 0.0025763304637],
      [0.14086030619, 0.00067925683927, 0.28084451218, 2.0320306566e-05, 0.0033528386512, 0.0026326606172, 0.00074167589131, 0.29404401735, 0.13759357298, 0.139230839]
    ],
    [
      [0.18176863937, 0.12112932433, 0.18200402127, 0, 0.030290789225, 0.18175070213, 0.090850707403, 0.12122687016, 0.06067589322, 0.030303052894],
      [0.10255896265, 0.025663712422, 0.25628480764, 0, 0.10250193022, 0.17963326926, 0.10264147219, 0.12819861871, 0.076867148558, 0.025650078348],
      [0.07693447417, 9.8915234524e-05, 0.15378427631, 0, 0.00011288248403, 0.30746313586, 0.23061862536, 0.15404971358, 0.076853036708, 8.4940286032e-05],
      [0.066779146207, 3.7440983139e-05, 0.19997094722, 0, 9.0746969544e-05, 0.13330057082, 0.066724474044, 0.19980805856, 0.13338581685, 0.19990279835]
    ],
    [
      [0.26662856033, 0.26657164023, 0.066711306832, 1.8554733883e-05, 1.0239231962e-05, 0.19993871753, 0.066655488046, 0.066763059089, 0.066662047263, 4.0386720862e-05],
      [0.14816865979, 0.092611356105, 0.14811783025, 0.037019540162, 0.055537880963, 0.18523747571, 0.092611621302, 0.12961030592, 0.074061331912, 0.037023997883],
      [0.15385725736, 0.076905029981, 0.076942255995, 3.7805605162e-05, 6.8072758942e-06, 0.3076130731, 0.23062072268, 0.07696728625, 0.076970399681, 7.9362073198e-05],
      [0.11107331228, 0.055591487618, 0.055595457553, 9.7242998889e-06, 3.9574718771e-05, 0.16661808881, 0.055615040783, 0.22216793736, 0.16667456511, 0.16661481147]
    ],
    [
      [0.23521279382, 0.17680303992, 0.17632583426, 2.578658211e-05, 2.7471044975e-06, 0.17637105021, 0.1174506924, 0.11773181396, 6.1544771412e-05, 1.4696960944e-05],
      [0.16926553424, 0.10759295446, 0.10768905713, 0.046139530224, 0.015377812573, 0.24614945938, 0.13856438969, 0.13848365011, 0.015367508665, 0.015370103534],
      [0.090850721789, 0.090935752152, 0.090659162066, 3.8037445435e-05, 1.8112841154e-05, 0.27262200013, 0.27268402188, 0.18198536429, 0.00018110715985, 2.5720248515e-05],
      [0.14282354855, 7.3286827558e-05, 0.00077447450026, 1.0535946961e-05, 2.8034390825e-05, 0.14330504073, 0.14244695128, 0.28504041405, 0.14258192813, 0.1429157856]
    ],
    [
      [0.33285931807, 0.083438311687, 0.083593644676, 5.2746155459e-06, 6.2925721378e-05, 0.24964240276, 0.16657732074, 0.083597920455, 0.00019591865703, 2.696261616e-05],
      [0.1159583142, 0.072415556937, 0.14483783153, 0.028970334794, 0.043439326742, 0.2465159659, 0.20299090229, 0.086935020773, 0.057923211126, 1.3535708332e-05],
      [0.00019545832399, 0.00010211545008, 0.00024239560098, 7.3008277605e-05, 0.00012049216228, 0.42817590044, 0.42789850846, 0.14285010294, 0.00029073767496, 5.128067972e-05],
      [0.083599691263, 0.0001126685791, 0.083447426569, 3.937882231e-05, 9.0658416543e-05, 0.24978818475, 0.16661752783, 0.16652981672, 0.16657602039, 0.083198626664]
    ],
    [
      [0.19991976381, 0.29988021098, 0.19992157328, 3.1192823205e-05, 1.9119802975e-05, 0.099996536466, 0.10001149027, 0.10006338556, 9.8235016404e-05, 5.8491993319e-05],
      [0.081981776357, 0.098380930312, 0.13111817523, 0.09834320559, 0.049161459822, 0.18039121243, 0.11476735031, 0.11475270213, 0.081937923688, 0.049165264132],
      [0.071413789315, 0.071453286233, 0.071468404529, 1.2394439267e-05, 2.0495917582e-05, 0.35692273905, 0.28563880946, 0.071533473989, 0.071465826719, 7.0780349497e-05],
      [0.066674730249, 0.066641008929, 0.066801194332, 3.8600575233e-05, 4.4853999685e-05, 0.13328348868, 0.066675559711, 0.26653217859, 0.20001884872, 0.13328953621]
    ],
    [
      [0.27271207773, 0.27270054539, 0.090895292667, 5.729529911e-06, 2.0458112736e-06, 0.090908475903, 0.18180417862, 0.090926003668, 3.381992073e-05, 1.1830766423e-05],
      [0.14286336222, 0.079364562189, 0.07936483704, 0.063489627004, 0.031741775909, 0.19047802688, 0.19048263242, 0.11110800003, 0.063489679049, 0.047617497259],
      [0.11110135321, 0.055562801117, 0.055555757732, 4.4044127354e-06, 4.7852695158e-06, 0.22219977584, 0.27776933367, 0.16667552258, 0.055561048015, 0.055565218159],
      [0.1249938709, 2.452033814e-05, 2.0425998139e-05, 1.3993092603e-06, 1.9934870574e-05, 0.12503688835, 0.1249875233, 0.12498131894, 0.24995991706, 0.24997420093]
    ],
    [
      [0.30410692659, 0.15147098338, 0.08450136144, 2.8756956527e-05, 0.074955286486, 0.15116287434, 0.07701946784, 0.078925098341, 0.077746116755, 8.3127870318e-05],
      [0.13942996408, 0.076892094125, 0.18316572693, 0.030519637233, 0.1078543805, 0.21632990719, 0.077629869826, 0.091469629497, 0.07641751598, 0.00029127463673],
      [0.076973480242, 0.077492777567, 0.077731054143, 0.0011496454118, 0.0756009946, 0.38120058546, 0.15016459284, 0.081323769561, 0.078127965997, 0.00023513417789],
      [0.10922300509, 0.0028316655092, 0.10946737192, 0.00010048322945, 0.003581512594, 0.11309233945, 0.11118507471, 0.21902653333, 0.22294426506, 0.10854774911]
    ],
    [
      [0.3328137404, 0.22133944032, 0.11187699714, 0, 2.0129422258e-05, 0.11083197887, 0.11152714029, 0.11121155479, 0.00021319698967, 0.00016582177228],
      [0.13831693544, 0.077159562199, 0.15350490546, 0, 0.046114812482, 0.18481897943, 0.20011273295, 0.13842420409, 0.046178514981, 0.015369352954],
      [0.077437183134, 0.076670229883, 0.077363134414, 0, 4.5752677617e-05, 0.15372536384, 0.38360917633, 0.23068206817, 0.0004045116501, 6.2579902874e-05],
      [0.077491703987, 0.076604654282, 0.077659032556, 0, 0.00013547992863, 0.15314221518, 0.15400067716, 0.15405045036, 0.23009377707, 0.076822009485]
    ],
    [
      [0.15802895138, 0.15781461104, 0.15783894246, 0.10508679953, 6.2379650526e-05, 0.15776202422, 0.10518785048, 0.10551009149, 0.052647023046, 6.1326708706e-05],
      [0.11861083986, 0.084798415154, 0.11866018703, 0.016986263519, 0.084664464264, 0.22039207519, 0.1356171389, 0.11860822792, 0.067780861532, 0.03388152664],
      [0.099900731822, 0.099892195967, 0.099909471574, 8.0930115243e-05, 0.00010772043147, 0.19999017684, 0.30004246093, 0.19980257801, 0.00014798556626, 0.00012574874336],
      [0.083366921169, 0.083291161378, 0.083417861914, 2.9330016513e-05, 0.00021118256039, 0.1666239446, 0.083299586386, 0.16661641952, 0.16659632301, 0.16654726944]
    ],
    [
      [0.27248310168, 0.18169683785, 0.18195332136, 1.7037318876e-05, 1.1344559232e-05, 0.27248322215, 0.090920042829, 0.0002075715792, 6.5227320438e-05, 0.00016229334959],
      [0.076930424222, 0.1077412, 0.15376333859, 0.030743375449, 0.030742562825, 0.32316318236, 0.10773513423, 0.076900342893, 0.015401563369, 0.076878876062],
      [8.0579818141e-05, 0.090757340394, 0.090965357106, 9.7217700046e-05, 9.4415211841e-05, 0.27262841481, 0.27238616226, 0.27249769698, 0.00011880371338, 0.00037401200706],
      [0.077024763777, 0.076909695327, 0.07717519451, 3.2599278525e-05, 4.3850684655e-05, 0.2306280877, 0.076988309154, 0.077055365983, 0.15360569535, 0.23053643823]
    ],
    [
      [0.33281738664, 0.2221716394, 0.11132389994, 1.290423188e-05, 6.1639622132e-05, 0.22176468907, 0.111231858, 0.00015161635042, 0.00044463142527, 1.9735324537e-05],
      [0.15713599944, 0.11427179702, 0.12852235379, 0.014268922238, 0.042798279819, 0.24301175459, 0.21436782885, 0.028550904673, 0.057057195916, 1.4963665343e-05],
      [0.11136065287, 0.00019289611545, 0.11102691954, 7.6380825164e-05, 0.00013841600646, 0.22197137179, 0.44361729777, 0.11105532828, 0.00034873974342, 0.00021199705133],
      [0.083573140288, 0.083307782406, 0.083523154968, 3.0989818705e-05, 0.00019332599976, 0.16629605257, 0.16671746489, 0.083381180932, 0.24990466211, 0.083072246004]
    ],
    [
      [0.21421638137, 0.21310858148, 0.072832016551, 2.631703342e-05, 0.0001739792491, 0.14264059028, 0.14225686331, 0.14357960184, 0.071132470371, 3.3198515198e-05],
      [0.15884181496, 0.047799027936, 0.094774207885, 0.031720075912, 0.079118012507, 0.15891522839, 0.17484119858, 0.17442731107, 0.079524468193, 3.8654574513e-05],
      [0.15285659517, 0.00029856723765, 0.076184080952, 8.2767858194e-05, 0.00025374325257, 0.30598302185, 0.2312550375, 0.1557706151, 0.077121245338, 0.0001943257397],
      [0.10068005813, 0.00012597252943, 0.0019183619162, 1.9079693071e-05, 0.0009830840278, 0.10135930637, 0.19870929155, 0.29759469805, 0.19915277292, 0.099457374798]
    ],
    [
      [0.23076388588, 0.15376672199, 0.15395721167, 3.8948479338e-05, 5.4273543361e-06, 0.23069835574, 0.15375562526, 0.076938535923, 6.2697189423e-05, 1.2590516248e-05],
      [0.10603264763, 0.030315548146, 0.16664707227, 0.060587462061, 0.045447405179, 0.25760174406, 0.18187057538, 0.075752025453, 0.060599963702, 0.015145556119],
      [0.0001358460977, 7.3163510697e-06, 0.12499218486, 6.424663788e-05, 3.2159344774e-05, 0.24997416261, 0.37483956026, 0.24988624103, 4.62126648e-05, 2.2070140157e-05],
      [0.076986767013, 1.1377359105e-05, 0.076916307639, 1.5938510091e-05, 1.1032906968e-05, 0.23072407437, 0.1537694165, 0.077005801911, 0.23070904853, 0.15385023526]
    ],
    [
      [0.1579563447, 0.15743882521, 0.10715351262, 2.6613506334e-05, 0.00012448179815, 0.052303367962, 0.052306638487, 0.21011365669, 0.15777621904, 0.10480033999],
      [0.0018392618918, 0.099834088451, 0.29794649137, 0.19870978345, 9.3971271299e-05, 0.00075079729734, 0.0013131876596, 0.19937091963, 0.099810425757, 0.10033107322],
      [0.08743108416, 0.052693688484, 0.10494277692, 0.017707820586, 0.052353542784, 0.10518475521, 0.087482863228, 0.22891397051, 0.15772980697, 0.10555969115],
      [0.071204645328, 0.00048437092505, 0.071634290156, 0.00021790968108, 0.00089594245929, 0.00022835633074, 0.00046562772448, 0.35471678627, 0.28668204167, 0.21347002945]
    ],
    [
      [0.11063219626, 0.33205178521, 0.33381415786, 0.00052685559751, 4.9412702576e-06, 8.956061095e-05, 3.8414119935e-05, 0.11166769979, 0.00055730948772, 0.11061707979],
      [0.071424077294, 9.6054732024e-05, 0.14321190673, 0.14282603172, 0.14286970086, 0.214226213, 5.3242265323e-05, 0.14282361894, 0.071402440264, 0.071066714197],
      [0.078256529604, 0.062578686184, 0.17157782571, 0.031179447532, 0.078131413588, 0.078060295845, 0.062480437955, 0.23430284692, 0.07820316992, 0.12522934675],
      [0.076611942839, 0.00039640393051, 0.15459423384, 1.609334983e-05, 0.076874557459, 0.077243695261, 1.2373235139e-05, 0.15385214106, 0.23002670585, 0.23037185318]
    ],
    [
      [0.16663669143, 0.16660597616, 0.16668556489, 3.1013071932e-05, 0.055564311258, 0.055566387506, 0.05555367885, 0.22223011445, 0.055555640169, 0.055570622225],
      [0.066697817176, 3.0375575738e-05, 0.13337507999, 0.19992494225, 0.26661116408, 0.066714349273, 2.2199531641e-05, 0.19997295959, 5.4595206795e-06, 0.066645653011],
      [0.068964905485, 0.05173173655, 0.10343710207, 0.034482631857, 0.086205628598, 0.13790565456, 0.086197246403, 0.2758865297, 0.051727621065, 0.10346094371],
      [1.1975396212e-05, 2.1786176862e-05, 0.1110757458, 6.3887035666e-05, 8.3164161213e-05, 6.2424599646e-05, 2.8944037042e-05, 0.33320498038, 0.22219050693, 0.33325658548]
    ],
    [
      [0.1874618503, 0.18746131122, 0.12507921022, 0.062505190527, 0.062488722592, 0.062493369166, 1.2042442143e-05, 0.18751944622, 0.062490071122, 0.062488786181],
      [2.4659804844e-05, 3.8156634363e-05, 0.37491018268, 0.37497806369, 0.12496812567, 3.9459962755e-05, 4.3340288537e-06, 0.12500348066, 2.7493144327e-05, 6.0437286894e-06],
      [0.05262942013, 0.052637629086, 0.14033530299, 0.087711248008, 0.12281655489, 0.10526185864, 0.035081758738, 0.21053247367, 0.087721811334, 0.10527194251],
      [0.052659798387, 0.052629942603, 0.10528099498, 0.05266059503, 0.1052574634, 0.052624445846, 5.9158230364e-06, 0.21049000083, 0.15788398268, 0.21050686042]
    ],
    [
      [0.22206464066, 0.16682402341, 0.16663586692, 0.00014350108679, 0, 0.055557816824, 0.00011731744615, 0.22200001888, 0.055553109519, 0.11110370525],
      [0.00047698053095, 0.11138325398, 0.11127571102, 0.22152494074, 0, 0.2220439937, 0.000278086401, 0.2216745211, 0.00063458010612, 0.11070793244],
      [0.09366267492, 0.10934224728, 0.10925978085, 0.031292471875, 0, 0.062490236521, 0.062395758401, 0.28135555773, 0.10940027774, 0.14080099469],
      [0.00045916094702, 0.11075716302, 0.00071633572791, 0.00010825709032, 0, 0.00024313517455, 0.00022855230194, 0.2224636973, 0.33252389252, 0.33249980593]
    ],
    [
      [0.24985920273, 0.16658462526, 0.0836077861, 7.4757427478e-05, 0.00025620940978, 0.083257745631, 4.2646551177e-05, 0.24983112936, 0.083204168006, 0.083281729526],
      [0.090849656281, 0.00047883765484, 0.27198032281, 0.18149994045, 0.090975035271, 0.00069953511441, 0.00041281824238, 0.18157782602, 0.090746628556, 0.090779399605],
      [0.084723853106, 0.067750150055, 0.13556948331, 0.033920148798, 0.084727803092, 0.11850444366, 0.033807466387, 0.23755808125, 0.11864190735, 0.084796662991],
      [0.055757556386, 0.055469912744, 0.1114624167, 7.3043713396e-05, 0.055403317592, 0.055636110584, 1.7040215632e-05, 0.33270797598, 0.16685914088, 0.1666134852]
    ],
    [
      [0.19998862463, 0.13334963563, 0.13330245685, 6.1054189157e-06, 0.066212836057, 0.066654971144, 0.066219998537, 0.20047280578, 0.067600997491, 0.066191568464],
      [0.0021630928622, 3.6004308775e-05, 0.10000431118, 0.19857987076, 0.29921082864, 0.1000135666, 0.00074970342272, 0.19925032223, 0.099978101329, 1.4198670705e-05],
      [0.067549939524, 0.067669458973, 0.084747426687, 0.017187038242, 0.11877736458, 0.067916800443, 0.08473619666, 0.28851208755, 0.13510221212, 0.067801475225],
      [0.062068329375, 0.062931083946, 0.062520116308, 4.6534290308e-06, 0.12542716642, 0.062059283794, 0.06248546155, 0.24863697035, 0.12594834433, 0.1879185905]
    ],
    [
      [0.070999631677, 0.21332163551, 0.21579703052, 0.0004238225642, 0.00019790872482, 0.1421551352, 0.00010654816928, 0.21458151139, 0.071264409655, 0.071152366598],
      [0.00027806281027, 0.00043641170256, 0.29938317647, 0.19876290448, 0.1994162213, 0.1015917639, 0.00039906768207, 0.19890331027, 0.00071058594738, 0.00011849543222],
      [0.029436405276, 0.088350758691, 0.17620757156, 0.029501873069, 0.044002029222, 0.17642002924, 0.044023569502, 0.25004696864, 0.088284222101, 0.073726572692],
      [0.00019362120833, 0.00016017435504, 0.12536186773, 3.8758825061e-05, 0.0013661347129, 0.12466855996, 0.00011436533458, 0.25045398379, 0.24898316281, 0.24865937128]
    ],
    [
      [0.18750461393, 0.12498548872, 0.18747139507, 7.0359634216e-06, 1.5773317264e-05, 0.06247741206, 1.4820829741e-05, 0.24998267908, 0.12502673589, 0.062514045131],
      [7.1192133656e-05, 1.2490705545e-05, 5.8338309983e-05, 0.33322344021, 0.22213852962, 0.11115692539, 3.0613272526e-05, 0.22221284862, 0.11107485984, 2.0761901379e-05],
      [0.078107363448, 0.046871936848, 0.093746423866, 0.046884967794, 0.031253230891, 0.078122751868, 0.062490469192, 0.32814683824, 0.15624062763, 0.078135390223],
      [3.7653387772e-05, 2.8709624724e-05, 0.090923773329, 2.1683984107e-05, 2.6734853142e-05, 8.4508211263e-06, 8.8471830353e-06, 0.27263307722, 0.36368166537, 0.27262940423]
    ],
    [
      [0.18710873923, 0.085727738253, 0.12585667742, 0.018710325705, 0.010203213701, 0.068984054278, 0.080514606871, 0.28171080381, 0.081276016602, 0.059907824123],
      [0.028212210543, 0.10597417418, 0.20644674788, 0.073681078014, 0.095840597936, 0.10461156648, 0.063060543175, 0.20821488192, 0.05396835643, 0.059989843449],
      [0.065003764695, 0.053112053718, 0.066741950122, 0.073723123234, 0.096587116013, 0.12189138236, 0.10071445013, 0.25728183688, 0.07789046385, 0.087053858994],
      [0.016269168697, 0.0141319385, 0.046768539056, 0.0025619067126, 0.035347112156, 0.088930113131, 0.066759839752, 0.31893574919, 0.22602190169, 0.18427373111]
    ],
    [
      [0.27235110014, 0.27175737872, 0.091543987171, 7.2879353214e-05, 0.09030986138, 0.090427703772, 0.00024687423925, 0.18211975259, 0.00044902696847, 0.00072143567053],
      [0.1003028277, 0.050320579088, 0.19933735909, 0.10005440679, 0.10115541129, 0.099844098086, 0.050096653845, 0.19914974911, 0.049915353187, 0.049823561822],
      [0.11666638503, 0.083302980822, 0.099916297037, 0.049955265794, 0.11635016259, 0.13334002278, 0.066660611719, 0.21704823377, 0.04995929948, 0.066800740979],
      [0.11089980476, 0.0006753781158, 0.0012545707934, 8.8249297019e-05, 0.00027483818124, 0.00089021445697, 0.11063495593, 0.33231041255, 0.1110217412, 0.33194983472]
    ],
    [
      [0.1999794238, 0.13332100154, 0.13333440228, 0.066667118353, 1.279896184e-05, 0.066659146899, 1.0439882739e-05, 0.20000352151, 0.13334473546, 0.066667411328],
      [2.6122938729e-05, 1.1315923306e-05, 0.10001144386, 0.10001615232, 0.19996883279, 0.19997421026, 9.8184010297e-06, 0.19999818683, 0.099989527771, 0.099994388904],
      [0.055550562968, 0.037036661987, 0.092589463702, 0.055551110029, 0.055556029723, 0.092602156351, 0.074069898602, 0.277785086, 0.1666566244, 0.09260240624],
      [0.047634143493, 4.3843057925e-06, 0.095239927968, 0.04762246476, 0.047623527745, 0.047612107188, 0.04761765206, 0.28569384119, 0.23811790347, 0.14283404781]
    ],
    [
      [0.28566518496, 0.28566886373, 0.14289355388, 3.9637894326e-06, 4.1455234265e-05, 2.7779458748e-06, 7.386522898e-06, 0.14282381366, 0.14285649252, 3.6507755591e-05],
      [0.071465945097, 0.071445937054, 0.21426197971, 0.14281473436, 0.14285814158, 0.071465120485, 1.1582779421e-05, 0.14284405109, 0.14283068716, 1.8206825282e-06],
      [0.076919779959, 0.051283647967, 0.12819473433, 0.051292383118, 0.10257160846, 0.10254577767, 0.1282069252, 0.17950033434, 0.12820870877, 0.051276100179],
      [0.074998726388, 0.05000031411, 0.1500120692, 0.050004075771, 0.099985077534, 0.075004588458, 0.049992901315, 0.17499758874, 0.17500588225, 0.09999877623]
    ],
    [
      [0.24714065989, 0.23461980995, 0.13531135058, 0.0025340432216, 0.12022284821, 0.0066025441303, 0.0072284478422, 0.1249014426, 0.12130062843, 0.00013822514875],
      [0.067665992215, 0.0061882544744, 0.26101257629, 0.062542263005, 0.26432074522, 0.076812010891, 0.0036620594649, 0.13101216176, 0.12658459783, 0.00019933884989],
      [0.072822702174, 0.0056207090584, 0.14940782559, 0.00020694710625, 0.086543977064, 0.29811785006, 0.075767368491, 0.15612485843, 0.15079821483, 0.0045895472038],
      [0.09470608921, 0.030580445086, 0.17281279404, 0.00060786557456, 0.13981772397, 0.10811667864, 0.045347902108, 0.1719684824, 0.17453826894, 0.061503750038]
    ],
    [
      [0.39596143952, 0.194841485, 0.10237452128, 0.00067457469438, 0.0020036398664, 0.00274615638, 0.0041663573479, 0.10031499538, 0.19685724854, 5.9581995497e-05],
      [0.15363140436, 0.0016386576613, 0.22807199065, 0.15311391802, 0.15070965817, 0.0030257427432, 0.001962846996, 0.15427987592, 0.15346279957, 0.00010310591796],
      [0.136064197, 0.0014891247854, 0.13229805299, 0.001794009894, 0.066232980487, 0.19512564901, 0.13335648395, 0.13506206103, 0.19655866131, 0.0020187795318],
      [0.17745507086, 0.016257189172, 0.14559432442, 0.031868760814, 0.048826505449, 0.064618049118, 0.07955600252, 0.17685936683, 0.21109727743, 0.047867453389]
    ],
    [
      [0.14284616386, 0.14284925073, 0.28557163131, 0.071347073157, 0.00041489686466, 0.071615237374, 0.071231053976, 0.071430220889, 0.14248691093, 0.00020756090663],
      [0.07145097691, 0.00049217756146, 0.14272044866, 0.21414505556, 0.21341171567, 0.071937913987, 0.071989832667, 0.071415955932, 0.14234373973, 9.2183311479e-05],
      [0.10031701117, 8.858866517e-05, 0.10037865475, 0.00037049863078, 0.00018837058097, 0.19974557406, 0.19956137004, 0.29938720852, 0.099653915202, 0.0003088083729],
      [0.09672048254, 0.048263453504, 0.17742136021, 0.064506535671, 0.048460382559, 0.080529034522, 0.080633772364, 0.11300453934, 0.22606180224, 0.064398637052]
    ],
    [
      [0.2500456368, 0.18745191799, 0.18751971728, 2.2358172895e-05, 0.062487998164, 0.062488560147, 1.8496187811e-05, 0.062508850376, 0.1249722108, 0.062484254082],
      [0.076968607642, 3.2407568365e-05, 0.2307398636, 0.076879397429, 0.23070791896, 0.15381315174, 7.9010005555e-05, 0.076953553595, 0.076910169942, 0.076915919527],
      [0.13328186248, 4.8774208998e-05, 0.13336903537, 4.4568964815e-06, 0.066696067659, 0.066711656717, 0.19994113937, 0.19996539152, 0.13329818333, 0.066683432449],
      [0.12499017812, 0.035707435725, 0.1785630494, 0.017859700879, 0.10715264407, 0.071427450255, 0.053563568577, 0.12499966651, 0.17859177978, 0.10714452668]
    ],
    [
      [0.1461329477, 0.070904140694, 0.28271459895, 0.069695872319, 0.13771296533, 0.0065977371951, 0.070136830758, 0.075957375488, 0.13979050482, 0.00035702674373],
      [0.10998813419, 0.0018752741974, 0.11338495675, 0.0022288427093, 0.11262208618, 0.31926259422, 0.11742172184, 0.11009671952, 0.11279168988, 0.00032798051127],
      [0.099760734938, 0.00099458821638, 0.10551086472, 0.0029400384801, 0.10199824321, 0.0053952268316, 0.10275219288, 0.28936424095, 0.28987110323, 0.001412766551],
      [0.11890504739, 0.029559980304, 0.17860331876, 0.029474594304, 0.11997667579, 0.059407702433, 0.088563685732, 0.13510572922, 0.21088204017, 0.029521225903]
    ],
    [
      [0.12493049307, 0.06254200915, 0.25003238104, 0.062497491373, 0.06252918728, 0.12496866901, 0.062496882101, 0.12500403772, 0.12496481456, 3.403470768e-05],
      [0.058857325269, 0.05882053548, 0.11761728964, 0.058886645536, 0.1175837668, 0.17646803263, 0.1765032391, 0.11761611906, 0.1176448871, 2.1593842276e-06],
      [0.058789336091, 0.058793527095, 0.11764424066, 4.1804664521e-06, 0.058853258078, 0.11768880637, 0.11764841381, 0.29407870748, 0.17649515193, 4.3780168026e-06],
      [0.060022377357, 0.059997775797, 0.14000071777, 0.03997792192, 0.080002071612, 0.11999670065, 0.099989435738, 0.16002246691, 0.20000364607, 0.039986886177]
    ],
    [
      [0.29877246686, 0.09923566487, 0.3987427186, 0.00077662265846, 0.00051960567255, 0.0007400052916, 1.6558258203e-05, 0.0016302183798, 0.19949435437, 7.1785032917e-05],
      [0.091513202619, 9.8246457941e-05, 0.18319479668, 0.18110796278, 0.27118746643, 0.0906680489, 0.00045789800328, 0.00086958371497, 0.18067761535, 0.00022517905671],
      [0.083822418575, 5.8898100174e-05, 0.25024441736, 0.00053911366616, 0.00095310948224, 0.16610302507, 0.082728804599, 0.1659462399, 0.24928600801, 0.00031796523187],
      [0.13432479223, 8.7400941136e-05, 0.26857458272, 0.029754877893, 0.059706037294, 0.059731568781, 3.06251373e-05, 0.10422055995, 0.28397269539, 0.059596859661]
    ],
    [
      [0.25003374787, 0.16667670374, 0.33332078206, 7.7230453203e-06, 7.715775017e-06, 0.083321633948, 1.3257977957e-06, 0.083305429203, 0.083323064718, 1.8738424244e-06],
      [0.09092895707, 4.4605491024e-05, 0.18177141337, 0.18175282084, 0.18178225068, 0.18181317108, 8.6106170698e-05, 0.090919477164, 0.090898612946, 2.58518713e-06],
      [0.071414835624, 4.1922152596e-06, 0.21424736639, 2.6310721616e-05, 0.071446679441, 0.21430639139, 0.14282646778, 0.21426609208, 0.071434366527, 2.7297837965e-05],
      [0.11110426665, 0.047608415932, 0.22224130062, 0.031750126096, 0.079365859382, 0.12698263542, 0.047610577359, 0.095245957328, 0.15873265634, 0.079358204875]
    ],
    [
      [0.37306260827, 0.14379230639, 0.23128404461, 0.00038117238415, 0.00025125976875, 0.12386379327, 0.0015995701956, 0.0016509685627, 0.12405705487, 5.7221680423e-05],
      [0.063357546505, 0.052351169401, 0.20566362185, 0.072510802974, 0.062606653526, 0.177583298, 0.11575926439, 0.16720120641, 0.082913284866, 5.3152077808e-05],
      [0.011634032744, 0.00023910005539, 0.134268566, 0.00066591757806, 0.077672825553, 0.3107922313, 0.19877637056, 0.12240151335, 0.088135775625, 0.05541366724],
      [0.12831586719, 0.016532071109, 0.17778821645, 0.029947360814, 0.062806411183, 0.10665366256, 0.084482125407, 0.12255000408, 0.26817859621, 0.0027456849952]
    ],
    [
      [0.42610573627, 0.28354783866, 0.14292915918, 0.00019544152942, 0.0007902804931, 0.0010426500432, 0.00030824234327, 0.0010329512019, 0.14362037939, 0.00042732088485],
      [0.11150822845, 0.00050536074247, 0.22176833213, 0.11040914943, 0.1659040091, 0.11193814033, 0.00086892902758, 0.11079824479, 0.1660360482, 0.00026355779021],
      [0.071617988812, 0.00054041163527, 0.14274784008, 0.00044223484066, 0.00077070460901, 0.28438509337, 0.14240594087, 0.14331234121, 0.21362320219, 0.00015424238821],
      [0.11487639165, 0.01636889956, 0.16408518272, 0.016476654619, 0.049137803413, 0.13108891175, 0.048992105064, 0.14741029768, 0.24615219092, 0.065411562625]
    ],
    [
      [0.16620097654, 0.16623419689, 0.25052364399, 0.00027457121803, 0.083182954805, 0.08378072847, 0.00013557680219, 0.083489554444, 0.16600130343, 0.00017649340606],
      [0.0012193400333, 0.0006027002581, 0.37353911201, 0.24878923124, 0.12470005115, 0.0012978097016, 0.00068354105644, 0.12445936038, 0.12466519351, 4.3660659862e-05],
      [0.058888899993, 0.00032325381942, 0.1769342034, 0.00023346125217, 0.1172061181, 0.17583579118, 0.11751001902, 0.17673519555, 0.17597142062, 0.00036163705544],
      [0.079281305735, 0.047537662227, 0.22218288759, 0.015911467526, 0.079550795641, 0.09515937033, 0.047543403595, 0.158697653, 0.19078013746, 0.063355316887]
    ],
    [
      [0.2145785337, 0.071067717847, 0.21365497177, 4.0150676101e-05, 0.071773858913, 0.071456726195, 0.071623884881, 0.14270059836, 0.14295774291, 0.00014581475056],
      [0.12458588287, 2.2100188253e-05, 0.24854163172, 0.12414438086, 0.25019526132, 0.0010286786056, 0.0016740149727, 0.12513356412, 0.12460067945, 7.3805898401e-05],
      [0.071692014361, 3.6742117538e-05, 0.071897883845, 0.00065920559133, 0.071892847838, 0.21330530712, 0.2140716016, 0.21423337055, 0.14215657943, 5.4447548911e-05],
      [0.12493008225, 6.8136859246e-05, 0.12521760887, 0.015578968209, 0.10917350023, 0.078204720387, 0.10916986046, 0.14065399879, 0.25018115706, 0.046821966885]
    ]
  ],
  "expected_outcome": [
    [
      [13.9973962933, 14.9981497696, 14.0034252603, 21.0359966207, 12.094607695, 14.0305057824, 9.096883555, 13.012643102, 14.0847347189, 11.9820505569, 5.9996573638, 11.0678074575, 5.9983650994, 3.9994284049, 3.998617495, 3.9943118169, 1.9991976381, 2.999832855, 3.9533900457, 2.9953236636, 3.0025500762, 2.9973141185, 2.9953564798, 2.9990293392, 2.9999305164, 3.0011705494, 0.99568976634, 2.9994604457, 2.9993896048, 3.9971635318, 2.9983104327, 2.9998293695, 0.99399484347, 3.0000738229, 2.2453048708, 2.9958621016, 2.999691357, 1.9996562947, 1.9771252791, 3.9596143952, 1.9998462941, 4.0007301888, 2.0458612678, 1.9988878891, 2.9877246686, 3.0004049745, 2.9845008662, 2.9827401539, 1.9944117185, 3.0040994718],
      [1.994108096, 2.9876506942, 3.9980985161, 2.9825001132, 4.9919003141, 1.9849756547, 2.8989777517, 1.9874809639, 4.9895234669, 2.9898380333, 1.9995774023, 3.9526347085, 3.9972677027, 3.9985746034, 3.0056516787, 1.0012597402, 2.9988021098, 2.9997059993, 1.9691227839, 1.9920549629, 2.9984776097, 1.9986652164, 1.9995447546, 2.9835201407, 1.9989673859, 2.991337679, 2.9884660669, 2.9989075708, 2.9993809796, 3.0028324213, 1.9990155032, 2.0002445344, 2.9865028971, 1.9997678195, 1.028732859, 2.9893311659, 1.9998150231, 1.9996820461, 1.8769584796, 1.94841485, 1.9998895102, 2.9992306879, 0.99265796971, 1.0006721464, 0.9923566487, 2.0001204448, 1.1503384511, 1.9848348706, 1.9948103627, 0.99494804986],
      [19.040421735, 13.0414445694, 15.0043679291, 17.0165305281, 16.9787200041, 17.0733463869, 23.1312958006, 24.0387289222, 16.0257649418, 19.1774197825, 19.001205694, 19.0627153742, 6.0061327018, 1.0006696025, 2.9975391825, 1.0031237361, 1.9992157328, 0.99984821934, 1.0985176987, 1.0068929742, 2.9989399067, 2.0014865349, 1.0019150995, 1.0196482317, 2.0014437517, 2.0359167397, 3.0043274207, 3.000340168, 2.0012673636, 2.9994456046, 1.0032934332, 1.9995368528, 3.0211584273, 2.9995423211, 1.5102801291, 1.0069838589, 2.0000160342, 1.0002548771, 1.0824908046, 1.0237452128, 3.9980028383, 3.0003154765, 3.9580043853, 4.0005180966, 3.987427186, 3.9998493847, 1.8502723569, 1.0005041143, 3.0062837278, 2.9911696047],
