{
  "X": [
    [1, 1, 3, 5, 0],
    [1, 7, 47, 87, 5],
    [1, 0, 1, 16, 1],
    [0, 2, 17, 42, 1],
    [3, 9, 48, 228, 12],
    [0, 1, 3, 17, 2],
    [4, 9, 49, 172, 12],
    [1, 1, 4, 18, 2],
    [0, 0, 1, 6, 0],
    [3, 4, 55, 131, 5],
    [2, 1, 5, 10, 0],
    [2, 1, 24, 68, 2],
    [2, 3, 16, 31, 2],
    [0, 4, 11, 28, 1],
    [7, 17, 110, 267, 12],
    [0, 0, 1, 7, 1],
    [0, 0, 5, 22, 0],
    [5, 9, 73, 258, 28],
    [5, 16, 108, 285, 7],
    [0, 0, 2, 5, 2],
    [0, 1, 1, 18, 0],
    [0, 0, 8, 13, 1],
    [0, 0, 6, 7, 1],
    [0, 6, 16, 42, 2],
    [0, 3, 111, 178, 9],
    [2, 3, 46, 114, 9],
    [0, 5, 44, 106, 5],
    [0, 0, 3, 3, 1],
    [1, 1, 85, 112, 0],
    [7, 7, 38, 117, 8],
    [0, 0, 1, 8, 0],
    [1, 1, 6, 18, 0],
    [0, 0, 4, 29, 0],
    [0, 0, 3, 12, 0],
    [0, 0, 1, 5, 0],
    [2, 15, 124, 343, 10],
    [1, 5, 49, 141, 1],
    [0, 0, 7, 22, 1],
    [2, 5, 45, 151, 3],
    [1, 2, 5, 13, 0],
    [0, 0, 2, 22, 1],
    [1, 3, 24, 85, 2],
    [2, 5, 17, 73, 5],
    [4, 6, 34, 107, 6],
    [0, 1, 13, 43, 2],
    [0, 7, 66, 158, 9],
    [3, 9, 113, 316, 13],
    [0, 1, 14, 26, 0],
    [0, 0, 6, 16, 1],
    [0, 4, 17, 59, 3],
    [0, 1, 1, 16, 1],
    [0, 1, 13, 14, 1],
    [11, 14, 113, 367, 19],
    [0, 1, 9, 15, 0],
    [0, 0, 4, 7, 1],
    [0, 2, 12, 16, 0],
    [0, 0, 2, 4, 0],
    [0, 0, 2, 5, 0],
    [0, 2, 21, 33, 1],
    [3, 5, 13, 33, 5],
    [0, 1, 5, 6, 1],
    [7, 14, 108, 411, 21],
    [0, 0, 3, 24, 0],
    [3, 4, 23, 48, 7],
    [0, 0, 5, 16, 0],
    [2, 2, 10, 28, 1],
    [0, 0, 1, 5, 0],
    [0, 0, 0, 10, 0],
    [0, 2, 7, 18, 0],
    [1, 0, 2, 8, 0],
    [2, 3, 29, 119, 3],
    [0, 0, 4, 9, 0],
    [1, 2, 22, 72, 2],
    [0, 1, 5, 17, 2],
    [1, 3, 22, 57, 6],
    [5, 5, 23, 79, 5],
    [5, 4, 37, 110, 2],
    [4, 2, 19, 63, 2],
    [3, 3, 12, 59, 5],
    [1, 0, 2, 8, 2],
    [2, 0, 9, 40, 5],
    [0, 0, 4, 5, 0],
    [2, 2, 18, 62, 0],
    [6, 6, 67, 204, 8],
    [0, 1, 2, 5, 1],
    [10, 3, 48, 123, 10],
    [4, 1, 14, 25, 1],
    [0, 1, 1, 9, 0],
    [2, 4, 13, 31, 1],
    [0, 0, 6, 21, 1],
    [0, 1, 14, 40, 2],
    [0, 3, 19, 82, 3],
    [0, 2, 2, 11, 1],
    [0, 0, 1, 6, 0],
    [0, 6, 69, 115, 9],
    [0, 0, 1, 5, 0],
    [0, 1, 3, 11, 0],
    [1, 0, 4, 10, 0],
    [0, 0, 1, 4, 1],
    [0, 0, 5, 13, 0],
    [14, 17, 135, 272, 16],
    [0, 0, 0, 9, 0],
    [1, 0, 5, 24, 0],
    [0, 1, 2, 10, 1],
    [2, 2, 1, 10, 0],
    [2, 2, 15, 39, 5],
    [0, 0, 5, 9, 1],
    [3, 0, 16, 42, 0],
    [2, 3, 15, 53, 5],
    [5, 3, 36, 173, 10],
    [2, 14, 52, 290, 9],
    [0, 5, 31, 116, 3],
    [0, 0, 2, 4, 1],
    [8, 7, 55, 136, 9],
    [1, 0, 1, 4, 1],
    [0, 0, 3, 8, 1],
    [2, 3, 32, 130, 11],
    [3, 18, 89, 435, 16],
    [0, 4, 17, 77, 2],
    [6, 2, 17, 67, 3],
    [0, 0, 2, 15, 0],
    [0, 0, 4, 21, 2],
    [3, 0, 7, 14, 0],
    [0, 1, 13, 9, 0],
    [0, 2, 13, 21, 3],
    [0, 1, 6, 25, 0],
    [0, 0, 4, 4, 0],
    [1, 0, 7, 11, 1],
    [0, 1, 0, 9, 0],
    [0, 0, 5, 5, 0],
    [0, 3, 17, 40, 3],
    [1, 1, 2, 6, 0],
    [0, 2, 4, 0, 0],
    [0, 2, 2, 3, 0],
    [1, 1, 3, 6, 0],
    [1, 0, 3, 5, 3],
    [1, 0, 4, 12, 2],
    [0, 2, 2, 24, 1],
    [1, 4, 7, 21, 3],
    [1, 1, 5, 24, 1],
    [0, 0, 4, 6, 0],
    [0, 0, 3, 3, 0],
    [2, 2, 8, 22, 1],
    [1, 3, 2, 5, 0],
    [0, 1, 5, 1, 0],
    [0, 1, 3, 4, 0],
    [2, 1, 10, 15, 1],
    [1, 0, 3, 4, 0],
    [2, 5, 5, 9, 2],
    [0, 2, 2, 5, 0],
    [1, 0, 7, 12, 1],
    [2, 1, 8, 12, 0],
    [0, 0, 9, 14, 1],
    [1, 1, 4, 0, 0],
    [0, 0, 3, 8, 0],
    [1, 4, 11, 22, 2],
    [1, 1, 4, 24, 0],
    [0, 4, 19, 43, 0],
    [1, 1, 29, 71, 3],
    [2, 2, 6, 19, 1],
    [0, 0, 4, 23, 2],
    [3, 3, 13, 31, 0],
    [0, 1, 5, 12, 2],
    [1, 3, 9, 7, 0],
    [0, 0, 3, 15, 0],
    [0, 1, 3, 10, 3],
    [0, 0, 5, 17, 1],
    [0, 3, 6, 27, 1],
    [1, 0, 4, 8, 1],
    [0, 3, 14, 35, 1],
    [1, 1, 8, 3, 0],
    [1, 3, 2, 9, 0],
    [0, 0, 7, 6, 0],
    [1, 1, 6, 11, 0],
    [0, 0, 3, 6, 1],
    [0, 3, 14, 18, 1],
    [1, 0, 2, 3, 0],
    [2, 0, 5, 18, 2],
    [0, 1, 7, 5, 1],
    [0, 2, 18, 45, 0],
    [2, 3, 19, 39, 1],
    [1, 5, 20, 48, 5],
    [3, 5, 10, 31, 2],
    [1, 0, 6, 11, 0],
    [1, 0, 8, 29, 1],
    [0, 1, 11, 28, 0],
    [1, 6, 13, 52, 2],
    [1, 2, 4, 18, 0],
    [3, 2, 9, 14, 1],
    [2, 0, 6, 12, 0],
    [0, 1, 4, 15, 0],
    [0, 1, 8, 7, 0],
    [0, 3, 14, 29, 0],
    [3, 2, 24, 63, 0],
    [0, 0, 17, 27, 2],
    [0, 2, 4, 15, 0],
    [3, 6, 32, 81, 6],
    [0, 0, 5, 15, 0],
    [1, 1, 20, 52, 4],
    [0, 0, 9, 14, 0],
    [1, 1, 2, 14, 1],
    [0, 3, 8, 26, 1],
    [1, 1, 8, 22, 3],
    [2, 5, 29, 29, 2],
    [1, 4, 13, 42, 0],
    [0, 1, 3, 5, 0],
    [0, 0, 6, 13, 0],
    [0, 0, 3, 11, 0],
    [0, 0, 5, 5, 0],
    [0, 0, 13, 15, 2],
    [1, 0, 7, 6, 0],
    [0, 0, 3, 5, 1],
    [0, 2, 10, 22, 1],
    [0, 0, 3, 7, 0],
    [0, 0, 1, 6, 0],
    [0, 2, 17, 37, 0],
    [1, 2, 17, 45, 1],
    [0, 1, 6, 17, 0],
    [0, 0, 11, 36, 4],
    [0, 0, 13, 30, 2],
    [0, 1, 2, 7, 2],
    [0, 0, 7, 15, 0],
    [1, 1, 4, 7, 0],
    [0, 0, 8, 6, 0],
    [2, 0, 8, 13, 0],
    [1, 1, 18, 39, 1],
    [0, 2, 12, 19, 2],
    [0, 0, 4, 3, 1],
    [2, 3, 12, 19, 2],
    [1, 0, 12, 27, 1],
    [2, 2, 8, 30, 3],
    [1, 0, 8, 17, 1],
    [1, 0, 3, 3, 0],
    [1, 0, 1, 4, 1],
    [0, 1, 1, 6, 0],
    [0, 0, 0, 5, 1],
    [1, 3, 12, 11, 0],
    [0, 0, 4, 2, 1],
    [1, 1, 1, 6, 0],
    [3, 0, 2, 10, 1],
    [1, 3, 3, 8, 3],
    [0, 0, 1, 4, 1],
    [0, 3, 7, 18, 1],
    [1, 0, 5, 5, 0],
    [0, 0, 2, 8, 1],
    [2, 0, 3, 14, 0],
    [1, 1, 9, 10, 0],
    [1, 0, 7, 9, 1],
    [0, 0, 7, 8, 0],
    [0, 0, 5, 6, 0],
    [2, 2, 7, 10, 0],
    [1, 1, 14, 37, 1],
    [0, 3, 18, 61, 5],
    [0, 1, 5, 2, 0],
    [1, 0, 6, 12, 0],
    [0, 1, 3, 10, 0],
    [0, 1, 1, 2, 2],
    [0, 0, 4, 3, 0],
    [0, 1, 2, 9, 0],
    [2, 2, 5, 14, 0],
    [0, 0, 3, 24, 0],
    [0, 2, 4, 8, 0],
    [2, 2, 18, 50, 2],
    [2, 0, 4, 7, 1],
    [0, 0, 0, 8, 0],
    [2, 1, 2, 3, 0],
    [1, 0, 2, 10, 0],
    [0, 0, 5, 11, 1],
    [1, 0, 1, 8, 4],
    [0, 2, 13, 30, 1],
    [2, 0, 7, 19, 2],
    [1, 1, 5, 13, 0],
    [0, 0, 8, 33, 2],
    [2, 4, 16, 26, 2],
    [1, 0, 2, 6, 1],
    [1, 0, 2, 3, 0],
    [0, 0, 5, 3, 0],
    [2, 1, 6, 3, 1],
    [1, 1, 24, 41, 6],
    [0, 0, 3, 9, 0],
    [0, 0, 2, 4, 0],
    [0, 0, 7, 8, 0],
    [0, 1, 12, 24, 1],
    [0, 0, 7, 12, 0],
    [0, 1, 4, 9, 0],
    [2, 2, 23, 20, 4],
    [0, 0, 1, 8, 0],
    [1, 0, 3, 11, 1],
    [0, 1, 2, 3, 0],
    [0, 1, 6, 10, 1],
    [2, 3, 12, 30, 1],
    [1, 0, 1, 11, 1],
    [0, 1, 2, 3, 0],
    [1, 0, 5, 7, 2],
    [0, 1, 5, 8, 1],
    [0, 0, 7, 14, 2],
    [0, 2, 13, 29, 0],
    [0, 0, 3, 15, 0],
    [0, 0, 4, 19, 2],
    [1, 6, 16, 41, 0],
    [0, 0, 1, 9, 0],
    [1, 2, 2, 29, 2],
    [0, 0, 2, 18, 0],
    [0, 2, 9, 24, 3],
    [0, 2, 4, 13, 0],
    [4, 0, 13, 23, 0],
    [2, 1, 6, 11, 1],
    [1, 0, 1, 4, 0],
    [0, 0, 4, 18, 0],
    [4, 2, 9, 19, 2],
    [0, 0, 1, 9, 0],
    [2, 2, 6, 21, 2],
    [0, 0, 10, 29, 1],
    [0, 1, 0, 6, 0],
    [0, 5, 1, 2, 0],
    [1, 1, 8, 32, 0],
    [0, 1, 13, 59, 3],
    [0, 2, 12, 62, 1],
    [1, 1, 14, 27, 1],
    [0, 0, 3, 3, 1],
    [0, 3, 1, 2, 0],
    [2, 3, 3, 7, 1],
    [0, 0, 0, 5, 2],
    [0, 1, 18, 6, 2],
    [0, 0, 4, 14, 2],
    [0, 0, 3, 9, 2],
    [1, 3, 4, 33, 0],
    [0, 0, 1, 4, 2],
    [2, 0, 4, 2, 0],
    [0, 0, 23, 36, 10],
    [3, 0, 0, 3, 0],
    [4, 31, 113, 234, 8],
    [34, 116, 951, 2257, 220],
    [38, 67, 743, 1266, 135],
    [13, 11, 67, 146, 12]
  ],
  "W": [
    [1, 5, 1, 2, 1, 0],
    [10, 95, 24, 6, 3, 9],
    [0, 12, 3, 2, 1, 1],
    [4, 37, 10, 4, 1, 6],
    [19, 204, 25, 6, 17, 29],
    [2, 13, 2, 2, 2, 2],
    [16, 166, 13, 12, 13, 26],
    [2, 17, 1, 2, 1, 3],
    [0, 6, 0, 0, 1, 0],
    [13, 139, 12, 9, 8, 17],
    [2, 10, 3, 1, 0, 2],
    [9, 67, 9, 5, 2, 5],
    [2, 34, 4, 5, 3, 6],
    [10, 21, 2, 2, 3, 6],
    [33, 264, 57, 14, 12, 33],
    [0, 5, 3, 0, 0, 1],
    [5, 18, 1, 0, 0, 3],
    [19, 263, 34, 8, 10, 39],
    [43, 255, 60, 12, 18, 33],
    [0, 6, 1, 0, 1, 1],
    [0, 16, 1, 1, 0, 2],
    [0, 11, 8, 0, 1, 2],
    [0, 9, 2, 0, 0, 3],
    [5, 40, 3, 4, 2, 12],
    [18, 161, 82, 1, 8, 31],
    [18, 105, 23, 5, 4, 19],
    [19, 96, 19, 7, 8, 11],
    [1, 4, 2, 0, 0, 0],
    [60, 91, 34, 3, 4, 7],
    [7, 117, 15, 13, 6, 19],
    [2, 6, 0, 0, 0, 1],
    [1, 16, 1, 2, 1, 5],
    [0, 26, 3, 0, 3, 1],
    [0, 13, 1, 0, 1, 0],
    [0, 4, 1, 0, 0, 1],
    [32, 344, 52, 5, 16, 45],
    [15, 132, 27, 1, 6, 16],
    [6, 13, 7, 0, 1, 3],
    [26, 128, 26, 8, 7, 11],
    [2, 14, 1, 1, 0, 3],
    [0, 20, 2, 0, 0, 3],
    [7, 78, 15, 2, 6, 7],
    [5, 64, 13, 2, 3, 15],
    [9, 96, 22, 6, 8, 16],
    [6, 39, 4, 2, 0, 8],
    [6, 163, 30, 4, 8, 29],
    [27, 312, 65, 7, 5, 38],
    [1, 22, 10, 2, 0, 6],
    [2, 13, 4, 0, 2, 2],
    [10, 52, 8, 3, 1, 9],
    [0, 15, 2, 0, 0, 2],
    [2, 11, 12, 1, 2, 1],
    [36, 368, 43, 16, 13, 48],
    [1, 14, 8, 0, 2, 0],
    [1, 10, 0, 1, 0, 0],
    [1, 18, 8, 1, 1, 1],
    [0, 6, 0, 0, 0, 0],
    [1, 5, 1, 0, 0, 0],
    [4, 32, 7, 5, 1, 8],
    [4, 34, 10, 3, 2, 6],
    [1, 6, 2, 1, 0, 3],
    [32, 408, 46, 9, 18, 48],
    [2, 22, 0, 0, 1, 2],
    [7, 57, 5, 4, 2, 10],
    [0, 16, 2, 0, 1, 2],
    [0, 29, 2, 8, 1, 3],
    [0, 2, 2, 2, 0, 0],
    [0, 9, 0, 0, 0, 1],
    [0, 17, 4, 0, 0, 6],
    [0, 10, 0, 1, 0, 0],
    [8, 115, 14, 2, 4, 13],
    [1, 9, 2, 0, 1, 0],
    [4, 64, 13, 4, 3, 11],
    [1, 9, 3, 8, 0, 4],
    [4, 53, 11, 7, 6, 8],
    [9, 75, 9, 8, 9, 7],
    [11, 98, 14, 10, 5, 20],
    [4, 62, 9, 5, 4, 6],
    [5, 50, 6, 7, 2, 12],
    [1, 8, 0, 1, 1, 2],
    [0, 46, 4, 0, 0, 6],
    [0, 6, 1, 0, 1, 1],
    [3, 66, 6, 5, 2, 2],
    [14, 200, 28, 7, 9, 33],
    [0, 7, 1, 0, 0, 1],
    [10, 117, 24, 14, 4, 25],
    [3, 23, 6, 5, 3, 5],
    [0, 9, 0, 0, 0, 2],
    [3, 36, 6, 1, 1, 4],
    [2, 14, 7, 0, 4, 1],
    [1, 37, 6, 2, 6, 5],
    [2, 75, 10, 1, 6, 13],
    [2, 8, 1, 1, 1, 3],
    [0, 7, 0, 0, 0, 0],
    [28, 116, 28, 4, 3, 20],
    [0, 5, 1, 0, 0, 0],
    [1, 11, 1, 0, 0, 2],
    [0, 10, 1, 1, 1, 2],
    [0, 4, 1, 0, 0, 1],
    [2, 12, 1, 3, 0, 0],
    [21, 284, 68, 11, 15, 55],
    [2, 7, 0, 0, 0, 0],
    [0, 23, 4, 1, 0, 2],
    [0, 8, 2, 0, 1, 3],
    [2, 8, 0, 0, 1, 4],
    [3, 37, 5, 5, 6, 7],
    [1, 9, 2, 1, 1, 1],
    [3, 38, 6, 7, 3, 4],
    [4, 54, 6, 5, 2, 7],
    [15, 158, 19, 5, 11, 19],
    [9, 275, 30, 4, 12, 37],
    [6, 106, 31, 0, 2, 10],
    [0, 3, 2, 0, 1, 1],
    [5, 130, 22, 14, 11, 33],
    [1, 3, 1, 1, 0, 1],
    [0, 7, 2, 0, 0, 3],
    [3, 134, 19, 4, 2, 16],
    [23, 404, 62, 6, 18, 48],
    [4, 68, 16, 0, 1, 11],
    [5, 69, 3, 5, 3, 10],
    [0, 14, 1, 1, 0, 1],
    [2, 20, 1, 2, 0, 2],
    [1, 11, 5, 4, 2, 1],
    [1, 13, 7, 1, 0, 1],
    [1, 27, 4, 0, 2, 5],
    [6, 18, 5, 1, 1, 1],
    [0, 4, 2, 0, 2, 0],
    [0, 12, 2, 1, 2, 3],
    [0, 8, 0, 0, 0, 2],
    [0, 5, 2, 1, 1, 1],
    [2, 46, 5, 1, 0, 9],
    [0, 6, 2, 1, 0, 1],
    [0, 3, 1, 1, 0, 1],
    [1, 2, 1, 1, 1, 1],
    [1, 4, 2, 2, 2, 0],
    [1, 8, 0, 0, 0, 3],
    [0, 15, 0, 2, 1, 1],
    [4, 17, 1, 1, 4, 2],
    [5, 16, 2, 1, 1, 11],
    [1, 26, 1, 1, 1, 2],
    [1, 4, 2, 0, 2, 1],
    [0, 4, 0, 1, 1, 0],
    [1, 19, 6, 3, 4, 2],
    [0, 7, 1, 1, 0, 2],
    [2, 2, 0, 0, 2, 1],
    [0, 2, 0, 2, 1, 3],
    [1, 17, 2, 2, 0, 7],
    [0, 3, 1, 1, 0, 3],
    [3, 6, 1, 2, 4, 7],
    [3, 4, 0, 0, 0, 2],
    [1, 10, 0, 2, 1, 7],
    [2, 8, 4, 4, 2, 3],
    [0, 10, 6, 1, 2, 5],
    [0, 2, 0, 1, 0, 3],
    [2, 6, 0, 2, 0, 1],
    [0, 21, 6, 2, 2, 9],
    [5, 20, 3, 1, 0, 1],
    [5, 41, 9, 2, 1, 8],
    [9, 71, 13, 2, 3, 7],
    [1, 19, 3, 2, 0, 5],
    [1, 16, 4, 0, 1, 7],
    [2, 29, 7, 1, 4, 7],
    [0, 10, 3, 0, 3, 4],
    [1, 10, 1, 1, 2, 5],
    [2, 12, 2, 0, 0, 2],
    [1, 8, 2, 1, 1, 4],
    [2, 15, 2, 0, 0, 4],
    [4, 23, 3, 1, 2, 4],
    [1, 9, 0, 3, 0, 1],
    [10, 30, 4, 0, 1, 8],
    [2, 4, 1, 0, 2, 4],
    [2, 8, 0, 1, 0, 4],
    [1, 7, 5, 0, 0, 0],
    [1, 14, 0, 2, 0, 2],
    [1, 5, 1, 2, 0, 1],
    [4, 16, 7, 1, 0, 8],
    [0, 1, 2, 0, 2, 1],
    [1, 17, 2, 2, 4, 1],
    [1, 6, 3, 1, 0, 3],
    [5, 46, 7, 2, 0, 5],
    [4, 46, 5, 3, 2, 4],
    [5, 47, 10, 1, 2, 14],
    [0, 29, 10, 3, 0, 9],
    [1, 11, 1, 1, 2, 2],
    [4, 28, 3, 0, 1, 3],
    [5, 24, 5, 2, 2, 2],
    [3, 41, 12, 2, 3, 13],
    [3, 17, 1, 1, 2, 1],
    [1, 18, 1, 5, 0, 4],
    [1, 10, 4, 2, 3, 0],
    [0, 16, 1, 2, 0, 1],
    [0, 8, 4, 1, 1, 2],
    [1, 25, 12, 0, 1, 7],
    [7, 54, 16, 3, 2, 10],
    [2, 27, 9, 1, 1, 6],
    [0, 17, 3, 0, 0, 1],
    [5, 80, 17, 8, 5, 13],
    [2, 15, 2, 0, 1, 0],
    [3, 56, 10, 2, 3, 4],
    [1, 17, 3, 0, 1, 1],
    [1, 12, 2, 0, 2, 2],
    [4, 15, 7, 2, 5, 5],
    [2, 25, 2, 0, 0, 6],
    [5, 32, 12, 2, 9, 7],
    [4, 35, 8, 4, 1, 8],
    [0, 5, 2, 1, 0, 1],
    [0, 13, 2, 0, 1, 3],
    [2, 8, 2, 0, 0, 2],
    [0, 3, 1, 5, 1, 0],
    [5, 16, 3, 3, 3, 0],
    [0, 5, 3, 4, 1, 1],
    [1, 4, 0, 1, 1, 2],
    [3, 18, 6, 4, 2, 2],
    [0, 8, 1, 0, 0, 1],
    [1, 5, 0, 0, 1, 0],
    [0, 38, 9, 1, 2, 6],
    [5, 45, 8, 0, 3, 5],
    [1, 20, 2, 0, 1, 0],
    [1, 31, 5, 2, 4, 8],
    [0, 29, 6, 1, 5, 4],
    [0, 8, 1, 1, 0, 2],
    [0, 18, 0, 0, 0, 4],
    [0, 7, 4, 1, 0, 1],
    [1, 11, 2, 0, 0, 0],
    [2, 14, 1, 1, 2, 3],
    [2, 41, 7, 2, 3, 5],
    [0, 20, 7, 0, 2, 6],
    [0, 2, 4, 2, 0, 0],
    [2, 19, 4, 4, 4, 5],
    [1, 34, 4, 0, 2, 0],
    [0, 29, 4, 1, 4, 7],
    [3, 15, 3, 0, 3, 3],
    [0, 2, 2, 2, 0, 1],
    [0, 3, 0, 3, 1, 0],
    [2, 3, 0, 0, 2, 1],
    [2, 2, 0, 0, 0, 2],
    [2, 10, 4, 2, 4, 5],
    [1, 3, 1, 1, 0, 1],
    [1, 5, 0, 1, 0, 2],
    [0, 10, 1, 3, 1, 1],
    [1, 9, 0, 1, 2, 5],
    [0, 4, 1, 1, 0, 0],
    [0, 18, 5, 0, 0, 6],
    [0, 7, 2, 2, 0, 0],
    [1, 9, 0, 0, 1, 0],
    [0, 13, 2, 1, 2, 1],
    [1, 10, 2, 3, 2, 3],
    [0, 13, 3, 0, 0, 2],
    [1, 7, 2, 2, 2, 1],
    [1, 7, 0, 0, 0, 3],
    [1, 9, 4, 5, 0, 2],
    [2, 36, 7, 2, 2, 5],
    [7, 58, 13, 0, 2, 7],
    [1, 2, 2, 2, 1, 0],
    [1, 12, 2, 1, 0, 3],
    [1, 10, 1, 0, 0, 2],
    [1, 2, 0, 1, 1, 1],
    [0, 5, 1, 1, 0, 0],
    [0, 8, 2, 0, 1, 1],
    [0, 15, 1, 2, 3, 2],
    [1, 21, 0, 1, 1, 3],
    [0, 7, 2, 1, 0, 4],
    [3, 55, 8, 1, 2, 5],
    [0, 6, 3, 2, 1, 2],
    [0, 5, 0, 1, 0, 2],
    [0, 3, 0, 1, 1, 3],
    [0, 10, 1, 1, 1, 0],
    [0, 14, 1, 0, 0, 2],
    [2, 6, 1, 1, 1, 3],
    [0, 36, 6, 0, 1, 3],
    [2, 21, 1, 2, 1, 3],
    [3, 11, 1, 0, 2, 3],
    [3, 31, 3, 1, 3, 2],
    [4, 23, 6, 8, 2, 7],
    [0, 4, 2, 1, 1, 2],
    [0, 1, 1, 2, 0, 2],
    [0, 4, 1, 0, 3, 0],
    [0, 3, 2, 1, 1, 6],
    [8, 43, 8, 2, 1, 11],
    [1, 8, 1, 1, 0, 1],
    [2, 1, 0, 0, 1, 2],
    [4, 7, 3, 0, 0, 1],
    [3, 26, 6, 3, 0, 0],
    [2, 15, 1, 0, 1, 0],
    [1, 9, 1, 0, 2, 1],
    [5, 26, 9, 5, 3, 3],
    [0, 7, 0, 1, 1, 0],
    [0, 11, 3, 1, 0, 1],
    [1, 3, 0, 0, 0, 2],
    [2, 10, 2, 1, 0, 3],
    [2, 31, 5, 3, 1, 6],
    [0, 8, 1, 0, 2, 3],
    [1, 3, 0, 1, 1, 0],
    [2, 6, 1, 4, 1, 1],
    [1, 8, 3, 2, 0, 1],
    [2, 13, 1, 4, 2, 1],
    [4, 31, 4, 0, 1, 4],
    [1, 13, 0, 3, 0, 1],
    [1, 18, 3, 0, 0, 3],
    [2, 38, 10, 1, 4, 9],
    [0, 10, 0, 0, 0, 0],
    [0, 29, 2, 2, 1, 2],
    [3, 14, 0, 0, 3, 0],
    [3, 24, 6, 0, 1, 4],
    [1, 12, 0, 3, 1, 2],
    [1, 24, 7, 3, 2, 3],
    [1, 12, 2, 3, 0, 3],
    [0, 3, 0, 2, 1, 0],
    [0, 14, 1, 2, 2, 3],
    [1, 24, 0, 7, 3, 1],
    [1, 9, 0, 0, 0, 0],
    [2, 20, 1, 5, 2, 3],
    [1, 30, 2, 0, 1, 6],
    [0, 3, 0, 2, 2, 0],
    [0, 1, 0, 1, 0, 6],
    [2, 27, 7, 1, 1, 4],
    [1, 50, 12, 1, 3, 9],
    [2, 54, 7, 1, 2, 11],
    [2, 27, 6, 0, 1, 8],
    [1, 5, 1, 0, 0, 0],
    [1, 1, 1, 2, 0, 1],
    [1, 7, 0, 2, 0, 6],
    [0, 5, 0, 1, 0, 1],
    [0, 17, 3, 3, 1, 3],
    [0, 13, 2, 1, 1, 3],
    [1, 13, 0, 0, 0, 0],
    [3, 30, 1, 0, 4, 3],
    [1, 3, 0, 1, 0, 2],
    [0, 4, 0, 3, 1, 0],
    [4, 45, 11, 0, 2, 7],
    [0, 2, 0, 2, 0, 2],
    [36, 236, 46, 9, 9, 54],
    [215, 2246, 461, 81, 102, 473],
    [130, 1302, 358, 70, 75, 314],
    [22, 133, 18, 30, 15, 31]
  ],
  "method": "mvn_pdf",
  "cond_prob": [
    [
      [0.010787498716, 0.056460024736, 0.54651686831, 0.38623560824, 0],
      [0.029409382071, 0.019084735133, 0.15104370013, 0.80046218267, 0],
      [0.0028937768418, 0.03333700005, 0.82365967375, 0.14010954936, 0],
      [0.37509024611, 0.25325859021, 0.28603482905, 0.085616334631, 0],
      [0.089091321873, 0.30826211913, 0.30253529918, 0.30011125981, 0],
      [0.0023962448535, 0.93113104839, 0.048050333257, 0.018257026501, 0.00016534699599]
    ],
    [
      [0.0025869949604, 0.048064994889, 0.51369176976, 0.37538137427, 0.060274866119],
      [0.0005231032928, 0.0052236551215, 0.17132891515, 0.80166034054, 0.021263985893],
      [0.00084576851026, 0.033204914897, 0.78665264117, 0.16653742543, 0.012759249999],
      [0.12645254346, 0.20231860404, 0.45381334347, 0.14528074096, 0.072134768067],
      [0.034177016986, 0.18733430194, 0.3541370759, 0.35655983038, 0.067791774796],
      [0.0047656090668, 0.38336336967, 0.32465340963, 0.12779908428, 0.15941852736]
    ],
    [
      [0.0026299905587, 0.001791718525, 0.12052908155, 0.83604634711, 0.039002862252],
      [0.00052349524458, 0, 0, 0.97310411531, 0.026372389449],
      [0.070724745325, 0, 0.15073198728, 0.72052546228, 0.058017805117],
      [0.35480936403, 0, 0.1557601234, 0.41718920243, 0.07224131014],
      [0.04422474432, 0, 0.087493007371, 0.82173610052, 0.046546147788],
      [0.027700348715, 0, 0.14879078399, 0.50505972411, 0.31844914319]
    ],
    [
      [0, 0.013507304718, 0.39338578898, 0.57044806187, 0.022658844432],
      [0, 0.0055520313894, 0.098514066688, 0.89405937261, 0.0018745293091],
      [0, 0.010296900434, 0.69762537542, 0.28652321094, 0.0055545132032],
      [0, 0.14167979672, 0.5045042988, 0.31429520884, 0.039520695642],
      [0, 0.067721849766, 0.30079290202, 0.6031591975, 0.028326050714],
      [0, 0.16718926312, 0.41439542086, 0.31873980393, 0.099675512086]
    ],
    [
      [0.0038253576705, 0.017056274804, 0.31095016556, 0.6107105234, 0.057457678573],
      [0.0017083111192, 0.0066140738539, 0.062201309119, 0.91674278009, 0.01273352582],
      [0.0016207256935, 0.01532734694, 0.61526938557, 0.35189314606, 0.015889395739],
      [0.22636165034, 0.082905638862, 0.3274438802, 0.28176711024, 0.081521720357],
      [0.052031768873, 0.066278406423, 0.22051111083, 0.5951332933, 0.066045420578],
      [0.010192917955, 0.18342445851, 0.28647562034, 0.30261295237, 0.21729405084]
    ],
    [
      [0, 0.01152964497, 0.21959518015, 0.66794504019, 0.1009301347],
      [0, 0.026329581637, 0.017709961894, 0.937799222, 0.018161234469],
      [0, 0.012311306044, 0.53112850107, 0.4267818052, 0.029778387685],
      [0, 0.12312365134, 0.30489973964, 0.37739728314, 0.19457932588],
      [0, 0.057006480621, 0.15826596411, 0.664421685, 0.12030587027],
      [0, 0.12488663638, 0.17099586271, 0.26775924348, 0.43635825743]
    ],
    [
      [0.004099149032, 0.019935604105, 0.39067060719, 0.51724889066, 0.068045749014],
      [0.0016431968036, 0.0078021274573, 0.10242283993, 0.87309184824, 0.015039987568],
      [0.0015652788991, 0.016134987677, 0.696963816, 0.26840424893, 0.016931668499],
      [0.22113271516, 0.089610307283, 0.37980691995, 0.22027630227, 0.089173755338],
      [0.056114439875, 0.078190269455, 0.27897807386, 0.50787074956, 0.078846467254],
      [0.0099313084659, 0.19555096717, 0.32700581728, 0.23291847438, 0.23459343272]
    ],
    [
      [0.0043504074803, 0.013344661823, 0.33034618645, 0.55879778161, 0.093160962645],
      [0.01292468304, 0.022094329116, 0.065160713561, 0.87983551884, 0.019984755444],
      [0.0017804811497, 0.011504219004, 0.66253230442, 0.30067171505, 0.023511280378],
      [0.33777115464, 0.057272277114, 0.2872998356, 0.20438909842, 0.11326763422],
      [0.063766800966, 0.054064273222, 0.23168277829, 0.54113250939, 0.10935363813],
      [0.010163327326, 0.13919801164, 0.25425358089, 0.22487273174, 0.3715123484]
    ],
    [
      [6.6040943016e-06, 2.3696881147e-05, 0.40509450062, 0.59482553444, 4.9663955499e-05],
      [0, 0, 0.11550853724, 0.88449146276, 0],
      [2.6523467935e-06, 1.8871998641e-05, 0.78674576298, 0.21315602749, 7.6685191253e-05],
      [0.22201907383, 0.051941361099, 0.42019003954, 0.23136256763, 0.074486957899],
      [1.7569928807e-19, 0, 0.30694877656, 0.69305122344, 0],
      [0.0097618061688, 0.1250049487, 0.39201438477, 0.26774566082, 0.20547319954]
    ],
    [
      [0.003845697304, 0.011711817102, 0.53435411676, 0.41412601344, 0.035962355393],
      [0.0029828523305, 0.0048567564206, 0.15731062276, 0.82566793342, 0.0091818350692],
      [0.0012353172935, 0.0079733050106, 0.80260105455, 0.18065098051, 0.0075393426322],
      [0.20944278746, 0.052276330792, 0.51612730203, 0.17530101472, 0.046852564997],
      [0.056968635693, 0.049430293799, 0.41054346451, 0.43815860382, 0.044899002181],
      [0.010578322408, 0.13006166162, 0.50744198997, 0.21163113828, 0.14028688772]
    ],
    [
      [0, 0.015425584525, 0.33918209557, 0.64539231991, 0],
      [0, 0.0057563715739, 0.19080470655, 0.80343892187, 0],
      [0, 0.13649967372, 0.69301375632, 0.17048656996, 0],
      [0.99999999445, 9.3151567016e-10, 3.208087697e-09, 1.4097708453e-09, 0],
      [0.9790236017, 0.0024008710718, 0.0080940530361, 0.010108610218, 0.00037286396997],
      [0.50000000277, 0.25104304655, 0.16727373559, 0.081683215079, 0]
    ],
    [
      [0.0045403431767, 0.0082085713613, 0.45169987995, 0.50199922861, 0.033551976904],
      [0.0053924106278, 0.0017823926378, 0.1201092152, 0.86372697198, 0.0089890095516],
      [0.0015937908877, 0.0061073481767, 0.74651952791, 0.23812207871, 0.0076572543161],
      [0.27611486509, 0.036705487427, 0.43369124753, 0.20979544164, 0.04369295831],
      [0.067391195361, 0.033916972633, 0.33859686182, 0.51903954187, 0.041055428323],
      [0.01362891304, 0.10007500701, 0.46461158989, 0.27642896389, 0.14525552617]
    ],
    [
      [0.00530874777, 0.025624437263, 0.55433680097, 0.3721681967, 0.042561817298],
      [0.0092985852009, 0.01486129562, 0.16461065663, 0.79231437359, 0.018915088956],
      [0.0016495225558, 0.016809747342, 0.81767043547, 0.15533737171, 0.0085329229175],
      [0.27283175403, 0.1001175774, 0.44892747396, 0.13106961708, 0.047053577534],
      [0.076455015168, 0.10549191335, 0.39767152354, 0.37002714296, 0.050354404985],
      [0.012184783628, 0.25986074299, 0.43103839838, 0.15503265056, 0.14188342443]
    ],
    [
      [0, 0.014719950427, 0.39190925336, 0.56663631106, 0.026734485152],
      [0, 0, 0.11017769783, 0.88555752912, 0.0042647730521],
      [0, 0.036694840238, 0.68799670222, 0.26879639725, 0.0065120602873],
      [0, 0.24580291449, 0.46936993361, 0.24604341378, 0.03878373812],
      [0, 0.1854260437, 0.27737801719, 0.50730538466, 0.02989055445],
      [0, 0.45525447586, 0.2700514148, 0.1975555003, 0.077138609036]
    ],
    [
      [0.0066190880998, 0.032158193246, 0.44222484186, 0.46936271788, 0.049635158911],
      [0.0034645736532, 0.0068920109622, 0.12746587677, 0.85033754027, 0.011839998346],
      [0.002356683891, 0.024280269998, 0.73423644548, 0.2275747583, 0.011551842332],
      [0.30032126553, 0.1203728037, 0.35820300706, 0.16696899136, 0.054133932358],
      [0.086607358271, 0.1199871984, 0.30048857532, 0.43825873245, 0.054658135561],
      [0.014812292419, 0.29121962747, 0.34192140474, 0.19556023598, 0.15648643939]
    ],
    [
      [1.6565070298e-11, 0.00058543086233, 0.098280926467, 0.79635163433, 0.10478200832],
      [0, 0, 0, 1, 0],
      [0, 0, 0.32964839661, 0.65265044797, 0.017701155418],
      [0.30929685926, 0.056750127275, 0.20776620087, 0.33521197034, 0.090974842251],
      [0.048674202505, 0.037662464119, 0.12603589837, 0.72691057225, 0.060716862757],
      [2.5061908268e-16, 0, 0.011054810157, 0.042048656098, 0.94689653374]
    ],
    [
      [0, 0, 0.32005815639, 0.67994184361, 0],
      [0, 0, 0.065564396529, 0.93443560347, 0],
      [0, 0, 0.63781404908, 0.36218595092, 0],
      [0.16330004112, 0.036911577108, 0.40892913025, 0.33587181561, 0.054987435905],
      [1.2414220978e-07, 0.0091353431644, 0.25038822534, 0.72830076969, 0.012175537666],
      [0, 0, 0.52724534381, 0.47275465619, 0]
    ],
    [
      [0.0062316088685, 0.016045603345, 0.35571825729, 0.46175185117, 0.16025267932],
      [0.0042493393351, 0.0083364475221, 0.10955449668, 0.86748675482, 0.010372961645],
      [0.002559484736, 0.013981410375, 0.68223028129, 0.25836660322, 0.042862220378],
      [0.29639364764, 0.061302531536, 0.29503103724, 0.16813561024, 0.17913717334],
      [0.082728547504, 0.060207819832, 0.24387616673, 0.43501886793, 0.178168598],
      [0.012270924338, 0.1265328573, 0.24188925527, 0.16917846769, 0.4501284954]
    ],
    [
      [0.0043624653776, 0.0254975472, 0.40256100837, 0.53537037189, 0.032208607166],
      [0.0019755528917, 0.0073691584448, 0.10684599387, 0.88316255296, 0.00064674183826],
      [0.001624984699, 0.020140389668, 0.69893654352, 0.27144622535, 0.007851856769],
      [0.23169888035, 0.11319837308, 0.38729883943, 0.22610099876, 0.041702908377],
      [0.059066117866, 0.098873072185, 0.28477009152, 0.52038775831, 0.036902960122],
      [0.011138552534, 0.26296820941, 0.35559114764, 0.25471690453, 0.11558518589]
    ],
    [
      [4.3798907441e-06, 0.00038007772445, 0.071762521056, 0.054665595973, 0.87318742536],
      [0, 0, 0.18931015738, 0.81068984262, 0],
      [0, 0, 0.82629290096, 0.095118916702, 0.078588182334],
      [0.3255962215, 0.061604091087, 0.37503290167, 0.13285863622, 0.10490814952],
      [0, 0, 0.03757628091, 0.040607600562, 0.92181611853],
      [0, 0, 0.00026987385887, 0.00013442700341, 0.99959569914]
    ],
    [
      [0.0001962762927, 0.010912345218, 0.16650030391, 0.81553108785, 0.0068599867277],
      [0, 0.0069044771996, 0, 0.9930955228, 0],
      [0, 0.01495439832, 0.44236438092, 0.54268122076, 0],
      [0, 0.12532372218, 0.30314901995, 0.57152725787, 0],
      [0.001169650703, 0.047389715064, 0.12176108585, 0.8214467095, 0.0082328388803],
      [0, 0.37462512215, 0.12724329956, 0.49813157828, 0]
    ],
    [
      [7.394224352e-05, 0.0027260501733, 0.40978220747, 0.54857323754, 0.038844562571],
      [0, 0, 0.087468091656, 0.88141522387, 0.031116684477],
      [0, 0, 0.72883305687, 0.26012968155, 0.011037261581],
      [0.21765654261, 0.04453351312, 0.42805399662, 0.23620761292, 0.073548334734],
      [0, 0, 0.32585702181, 0.61129884559, 0.062844132606],
      [0, 0, 0.4406647575, 0.30604811974, 0.25328712275]
    ],
    [
      [7.6365563286e-07, 0.0023839662684, 0.74591809316, 0.2205930319, 0.031104145016],
      [0, 0, 0.22403040514, 0.71713423106, 0.058835363803],
      [0, 0, 0.9238406046, 0.071332589155, 0.0048268062475],
      [0.18107483785, 0.036943630473, 0.61160689527, 0.10885308063, 0.061521555768],
      [0.0497781199, 0.037911155712, 0.53532413842, 0.31446344396, 0.062523142004],
      [0, 0, 0.71201504819, 0.13437558071, 0.15360937109]
    ],
    [
      [0, 0.042148181587, 0.4355555442, 0.48783449232, 0.034461781893],
      [0, 0, 0.12196410728, 0.86952919026, 0.0085067024583],
      [0, 0.031550026429, 0.72890639295, 0.23190599259, 0.0076375880238],
      [0, 0.21013200181, 0.52349666013, 0.21955371648, 0.046817621582],
      [0, 0.16771199516, 0.32212975653, 0.47216986558, 0.037988382736],
      [0, 0.37655475127, 0.33489105461, 0.1884489461, 0.10010524803]
    ],
    [
      [0, 0.0081812353485, 0.47190696429, 0.47751906222, 0.042392738133],
      [0, 0, 0.13283600716, 0.85600125946, 0.011162733377],
      [0, 0, 0.76001880829, 0.23077585904, 0.0092053326709],
      [0, 0.043754108589, 0.5493540884, 0.34290232666, 0.063989476357],
      [0, 0.035174681381, 0.37370350073, 0.53900966924, 0.052112148655],
      [0, 0.081535038842, 0.49221139083, 0.25838238661, 0.16787118372]
    ],
    [
      [0.0038239733581, 0.010598772781, 0.4116536172, 0.50551635858, 0.068407278091],
      [0.0034548254912, 0.00067114903747, 0.11146730376, 0.8683105864, 0.016096135316],
      [0.0014244683781, 0.0083735319808, 0.717929935, 0.25569663628, 0.016575428367],
      [0.22498065542, 0.049011085828, 0.41213656669, 0.22138609749, 0.092485594577],
      [0.054915165076, 0.043021732517, 0.30477896094, 0.51498963326, 0.082294508213],
      [0.010057110153, 0.11205357086, 0.37336741124, 0.24632538522, 0.25819652253]
    ],
    [
      [0, 0.018161006783, 0.43393497143, 0.50183209979, 0.046071921995],
      [0, 0.0054481386677, 0.11711259452, 0.86696496194, 0.010474304871],
      [0, 0.013834939617, 0.73039948081, 0.24478425679, 0.010981322786],
      [0, 0.12750644746, 0.53084781954, 0.24936204117, 0.092283691832],
      [0, 0.097493227932, 0.32708506248, 0.52084938475, 0.054572324843],
      [0, 0.1996877046, 0.39111100882, 0.24302941021, 0.16617187636]
    ],
    [
      [4.1233327924e-21, 0, 0.05221177846, 0.020282185492, 0.92750603605],
      [0, 0, 0.28784647793, 0.71215352207, 0],
      [0, 0, 0.89820115492, 0.065551863107, 0.036246981976],
      [0.29190020522, 0.061206063964, 0.4524145304, 0.10521226494, 0.089266935471],
      [0.077367389567, 0.064894945597, 0.43098093086, 0.33282666753, 0.093930066451],
      [0.012188789322, 0.15834088685, 0.44775991025, 0.12702449034, 0.25468592323]
    ],
    [
      [0.0024098380065, 0.00041669827691, 0.55918931322, 0.43798415049, 0],
      [0.00085771136602, 0, 0.17325196672, 0.82589032191, 0],
      [0.00075273402, 0.0045682130169, 0.81542043137, 0.1792586216, 0],
      [0.14726753642, 0.034020462627, 0.59891694391, 0.21979505705, 0],
      [0.037274631517, 0.030383857713, 0.45038450273, 0.48195700804, 0],
      [0.022980556184, 0.08515457744, 0.62287553225, 0.26898933412, 0]
    ],
    [
      [0.0098487489374, 0.022192155693, 0.40645750825, 0.49632414785, 0.065177439276],
      [0.0023453532902, 0.009252456789, 0.1096403273, 0.86247938735, 0.016282475272],
      [0.0036791377305, 0.017575610111, 0.71116078887, 0.25174002146, 0.015844441829],
      [0.41509574148, 0.074048437931, 0.29179977602, 0.15586447426, 0.063191570305],
      [0.12749417659, 0.081123393333, 0.2691983536, 0.45201963194, 0.070164444544],
      [0.023171350407, 0.21311122427, 0.32899368974, 0.21585191403, 0.21887182155]
    ],
    [
      [0, 0, 0.20051678196, 0.79948321804, 0],
      [0, 0, 0.038724754657, 0.96127524534, 0],
      [2.3431178096e-09, 0.00045500915475, 0.53598752426, 0.46244887239, 0.001108591851],
      [0.21575430555, 0.046973047705, 0.32532082346, 0.34197053008, 0.069981293203],
      [0.036395911571, 0.030520747668, 0.18641893765, 0.70066707959, 0.04599732352],
      [0, 0, 0.36661790813, 0.63338209187, 0]
    ],
    [
      [0.0035012633586, 0.01962707812, 0.39424230168, 0.58262935684, 0],
      [0.00092690816313, 0.014091702208, 0.092574500991, 0.89240688864, 0],
      [0.0012999377375, 0.0091500788556, 0.7093452547, 0.28020472871, 0],
      [0.29955074758, 0.054274003026, 0.39994404859, 0.2462312008, 0],
      [0.053608337448, 0.047500137567, 0.29425857234, 0.60463295264, 0],
      [0.065531687136, 0.11794149282, 0.46421475165, 0.3523120684, 0]
    ],
    [
      [0.00040779121248, 0.0024072539822, 0.27171815055, 0.71625812325, 0.0092086810079],
      [0, 0, 0.047775493002, 0.952224507, 0],
      [0, 0, 0.58106520255, 0.41893479745, 0],
      [0.0051704918097, 0.017479881727, 0.45231385612, 0.50393758891, 0.021098181438],
      [0, 0, 0.20939865947, 0.79060134053, 0],
      [0, 0, 0.38644559587, 0.61355440413, 0]
    ],
    [
      [1.5998993794e-05, 0.00022037339948, 0.50695361598, 0.49142902897, 0.0013809826477],
      [0, 0, 0.13663281437, 0.86336718563, 0],
      [0, 0, 0.80756464538, 0.19243535462, 0],
      [0.19716308395, 0.046568624952, 0.47645440563, 0.21260712384, 0.067206761636],
      [0, 0, 0.41620876775, 0.58379123225, 0],
      [0.0088509910154, 0.1118579165, 0.44702817914, 0.24599645779, 0.18626645555]
    ],
    [
      [1.6722210933e-14, 0.00017619445536, 0.14440419128, 0.8549250807, 0.00049453356826],
      [0, 0, 0.038325505834, 0.96167449417, 0],
      [7.4676048596e-13, 0, 0.51898406427, 0.48101593573, 0],
      [0.22883484519, 0.049293672648, 0.3287434489, 0.31907209917, 0.074055934094],
      [0.039033083272, 0.032448971101, 0.18800303226, 0.69106007221, 0.049454841152],
      [6.3744101084e-23, 0, 0.32771391239, 0.67228608761, 0]
    ],
    [
      [0.0029558293761, 0.019549427731, 0.45668720657, 0.48542810902, 0.035379427305],
      [0, 0.0074859988082, 0.12828945062, 0.85950348334, 0.0047210672362],
      [0.00094220518273, 0.014605073011, 0.74496944054, 0.23137913708, 0.008104144188],
      [0.16709970546, 0.092833053142, 0.47104737905, 0.21991600155, 0.049103860803],
      [0.041932152665, 0.079557771329, 0.33967968987, 0.49620737899, 0.042623007151],
      [0.0077779071223, 0.20672625153, 0.41613145634, 0.23836642321, 0.1309979618]
    ],
    [
      [0.0029768962158, 0.015300375094, 0.41620041811, 0.54446639207, 0.021055918511],
      [0.0008694946408, 0.0043269393507, 0.10708751879, 0.88771604721, 0],
      [0.0010877651435, 0.011863565071, 0.7167889442, 0.27025972558, 0],
      [0.19226329232, 0.076141476124, 0.44580117328, 0.25536257031, 0.030431487962],
      [0.042976239353, 0.062846848223, 0.31022461118, 0.55847580767, 0.025476493564],
      [0.022567679804, 0.21411247231, 0.4350619321, 0.29695349247, 0.031304423312]
    ],
    [
      [0, 0, 0.24025938657, 0.73304186969, 0.026698743741],
      [0, 0, 0.046904202734, 0.93668521931, 0.016410577955],
      [0, 0, 0.54005862149, 0.44984845586, 0.01009292265],
      [0.19612228943, 0.039991822168, 0.32301295858, 0.37530246264, 0.065570467183],
      [0, 0, 0.1837264034, 0.7748107145, 0.041462882105],
      [0, 0, 0.32818409708, 0.50036367508, 0.17145222783]
    ],
    [
      [0.0028711525028, 0.016057671043, 0.34779086597, 0.60400218208, 0.029278128402],
      [0.00056530961825, 0.007682654576, 0.080366398931, 0.91052610265, 0.00085953422264],
      [0.0011481240872, 0.013607551746, 0.64985314506, 0.3277419403, 0.0076492388081],
      [0.18127197064, 0.084232709546, 0.39218969137, 0.29777490712, 0.044530721323],
      [0.040099533051, 0.064622271581, 0.25400999583, 0.60658110687, 0.034687092674],
      [0.0083878800965, 0.19264607676, 0.35079719528, 0.32718587944, 0.12098296843]
    ],
    [
      [0.011442554191, 0.058827889409, 0.51195212464, 0.41777743176, 0],
      [0, 0, 0.1662418171, 0.8337581829, 0],
      [0.0035990871908, 0.03927287795, 0.78308792267, 0.17404011219, 0],
      [0.97033168512, 0.0097842523664, 0.014632687023, 0.0052513754878, 0],
      [0.20032781497, 0.21361326241, 0.26578983623, 0.30718680576, 0.013082280636],
      [0.0010613731015, 0.61109569696, 0.28366323385, 0.10417969609, 0]
    ],
    [
      [6.826783563e-06, 0.0022709457086, 0.200512094, 0.76912253017, 0.028087603336],
      [0, 0, 0.010498161113, 0.96865423523, 0.020847603655],
      [0, 0, 0.49479621898, 0.49624446101, 0.0089593200057],
      [0.2324118714, 0.043590441057, 0.28132498132, 0.36909662243, 0.073576083792],
      [1.9819955614e-16, 0.0086290237775, 0.15171078199, 0.80468792918, 0.034972265053],
      [0, 0, 0.26681477993, 0.54480879111, 0.18837642896]
    ],
    [
      [0.002949577201, 0.016631144046, 0.3640526029, 0.58438883332, 0.031977842533],
      [0.0033663598783, 0.0089883161214, 0.084017589657, 0.89823470768, 0.0053930266682],
      [0.0011513340808, 0.013757990166, 0.66824426473, 0.30871133512, 0.008135075904],
      [0.19532387671, 0.085215732596, 0.39564598079, 0.27671954524, 0.04709486467],
      [0.041691530962, 0.067618188264, 0.2655574149, 0.58714237474, 0.03799049114],
      [0.0083871340982, 0.19999755528, 0.35570848065, 0.30571537177, 0.1301914582]
    ],
    [
      [0.0078144321922, 0.022703826636, 0.29060849637, 0.62061846751, 0.058254777294],
      [0.0062534459009, 0.010103050784, 0.048200856374, 0.91926498623, 0.016177660714],
      [0.0033841211024, 0.02091471302, 0.59479414887, 0.36448058894, 0.016426428061],
      [0.4515076378, 0.078515135895, 0.21348287816, 0.19836472529, 0.058129622858],
      [0.10639434475, 0.082742964968, 0.19024739471, 0.55846930517, 0.062145990398],
      [0.019634361146, 0.23751567871, 0.24880472229, 0.28357090144, 0.21047433641]
    ],
    [
      [0.0077998020775, 0.020950770557, 0.35349448839, 0.56415746736, 0.053597471622],
      [0.0043114741368, 0.0088916358634, 0.08106352397, 0.89216842078, 0.013564945253],
      [0.0031057414874, 0.017702282704, 0.6602765015, 0.30501075378, 0.013904720522],
      [0.38394712429, 0.078101493421, 0.28278353657, 0.19721743593, 0.05795040979],
      [0.10357239285, 0.077919565498, 0.23787528275, 0.52201043203, 0.058622326875],
      [0.019707003934, 0.21727689488, 0.3069165493, 0.26279935901, 0.19330019287]
    ],
    [
      [0, 0.0072372724523, 0.37975928779, 0.5801358764, 0.032867563362],
      [0, 0.0019278149028, 0.089997901232, 0.89642680943, 0.011647474435],
      [0, 0.0058716295981, 0.68907762364, 0.2970722272, 0.0079785195623],
      [0, 0.045672200015, 0.55821952667, 0.33705375062, 0.059054522688],
      [0.010174321437, 0.030895827148, 0.29488209887, 0.62331403085, 0.040733721698],
      [0, 0.095820083207, 0.41734707216, 0.33701784548, 0.14981499915]
    ],
    [
      [0, 0.015184460874, 0.47852447594, 0.45486388163, 0.051427181559],
      [0, 0.0049064347086, 0.13856562752, 0.84425739493, 0.012270542842],
      [0, 0.011023634908, 0.76559993305, 0.21169584782, 0.01168058422],
      [0, 0.081331621978, 0.53167738015, 0.26400154925, 0.12298944862],
      [0, 0.087348599641, 0.36843161689, 0.48194365446, 0.062276129012],
      [0, 0.16394207052, 0.43105156593, 0.22049760237, 0.18450876118]
    ],
    [
      [0.0039742196041, 0.014145055722, 0.42180580875, 0.51224744674, 0.047827469175],
      [0.0017331051416, 0.004277855882, 0.1130309585, 0.87042605497, 0.010532025515],
      [0.0014560528101, 0.010993340978, 0.72053096602, 0.25556383998, 0.011455800209],
      [0.22387837043, 0.065087696705, 0.42175997261, 0.22489011114, 0.06438384912],
      [0.056281497344, 0.056990205432, 0.31085220582, 0.51877309002, 0.057103001384],
      [0.010757046162, 0.15337527349, 0.39485501273, 0.25833273584, 0.18267993177]
    ],
    [
      [0, 0.0067258710673, 0.41016941811, 0.58310471082, 0],
      [0, 0.0017993076097, 0.096501243543, 0.90169944885, 0],
      [0, 0.0052369424578, 0.71779104838, 0.27697200916, 0],
      [0, 0.043660437372, 0.62111505907, 0.33522450355, 0],
      [0.0079216827093, 0.029191007001, 0.32299586792, 0.62510534058, 0.014786101787],
      [0, 0.13566651037, 0.50777710366, 0.35655638597, 0]
    ],
    [
      [0, 0, 0.36674520707, 0.59638707865, 0.036867714279],
      [0, 0, 0.080893574219, 0.89164362381, 0.027462801969],
      [0, 0, 0.69015235757, 0.29914928648, 0.010698355944],
      [1.6277808513e-07, 0.017968904985, 0.53487920874, 0.3781148724, 0.069036851099],
      [0, 0, 0.28809874015, 0.65486034639, 0.057040913458],
      [0, 0, 0.43904310522, 0.3547704472, 0.20618644758]
    ],
    [
      [0, 0.025957403479, 0.34643972411, 0.58192284615, 0.045680026255],
      [0, 0.0068913481141, 0.080414285282, 0.90049922663, 0.012195139972],
      [0, 0.021947936774, 0.65265354049, 0.31340171077, 0.011996811967],
      [0, 0.17965668471, 0.4128847716, 0.29996472828, 0.10749381541],
      [0, 0.12034154885, 0.24953745816, 0.57774524568, 0.052375747316],
      [0, 0.28302008512, 0.29384886971, 0.26332873744, 0.15980230773]
    ],
    [
      [8.2441417984e-07, 0.020659743235, 0.17999692252, 0.7414534529, 0.057889056937],
      [0, 0.0043197149674, 0, 0.96616043186, 0.029519853174],
      [0, 0.11977084621, 0.37403331334, 0.48830221999, 0.017893620462],
      [0.30111017667, 0.10618946344, 0.2179415549, 0.28423753132, 0.090521273671],
      [0.054461207848, 0.080441446787, 0.14866479514, 0.64834927009, 0.068083280137],
      [0, 0.34783129153, 0.12596668666, 0.26549454107, 0.26070748073]
    ],
    [
      [0, 0.014744753582, 0.47991044169, 0.46341798634, 0.041926818393],
      [0, 0.004479488271, 0.12958279176, 0.85713232082, 0.0088053991491],
