{
  "X": [
    [32, 36, 54, 120, 54],
    [13, 70, 73, 160, 32],
    [0, 5, 8, 6, 2],
    [22, 29, 32, 115, 18],
    [8, 17, 18, 33, 6],
    [17, 62, 69, 263, 33],
    [32, 159, 207, 517, 71],
    [27, 73, 100, 195, 35],
    [18, 50, 83, 204, 27],
    [10, 22, 20, 30, 9],
    [8, 14, 12, 27, 10],
    [10, 20, 14, 68, 16],
    [3, 11, 10, 13, 3],
    [15, 16, 18, 106, 9],
    [53, 86, 97, 171, 45],
    [20, 34, 34, 122, 18],
    [17, 32, 31, 52, 24],
    [54, 221, 206, 379, 91],
    [12, 25, 16, 73, 13],
    [44, 98, 126, 311, 92],
    [57, 193, 232, 452, 130],
    [74, 58, 97, 190, 51],
    [0, 6, 8, 13, 5],
    [4, 9, 9, 21, 3],
    [20, 73, 116, 192, 32],
    [192, 243, 357, 1088, 225],
    [86, 105, 171, 534, 82],
    [38, 14, 43, 39, 17],
    [2, 6, 3, 19, 2],
    [81, 135, 308, 335, 87],
    [70, 151, 147, 291, 75],
    [1, 15, 3, 43, 8],
    [6, 19, 9, 36, 11],
    [11, 14, 23, 32, 8],
    [2, 3, 1, 0, 4],
    [46, 80, 165, 273, 71],
    [0, 1, 2, 5, 2],
    [6, 4, 10, 21, 8],
    [2, 17, 4, 79, 10],
    [8, 35, 70, 55, 26],
    [5, 15, 19, 8, 4],
    [9, 5, 9, 23, 4],
    [10, 31, 34, 29, 6],
    [9, 41, 28, 108, 25],
    [0, 4, 5, 28, 7],
    [20, 62, 49, 201, 42],
    [1, 3, 2, 18, 10],
    [52, 42, 65, 95, 25],
    [44, 29, 58, 157, 28],
    [7, 16, 10, 27, 9],
    [25, 9, 12, 45, 15],
    [63, 154, 194, 586, 119],
    [18, 30, 24, 113, 24],
    [6, 11, 9, 46, 6],
    [26, 32, 20, 57, 19],
    [9, 5, 18, 10, 2],
    [22, 72, 73, 263, 53],
    [5, 0, 5, 6, 2],
    [44, 22, 32, 31, 21],
    [2, 6, 5, 13, 2],
    [17, 76, 79, 160, 20],
    [3, 8, 6, 35, 4],
    [1, 13, 8, 24, 5],
    [39, 23, 51, 66, 24],
    [4, 1, 8, 2, 4],
    [3, 4, 9, 68, 7],
    [14, 74, 95, 283, 40],
    [84, 93, 135, 268, 43],
    [0, 7, 1, 6, 5],
    [17, 19, 21, 19, 9],
    [65, 115, 125, 247, 67],
    [3, 6, 3, 33, 9],
    [11, 18, 11, 22, 9],
    [10, 20, 16, 87, 12],
    [10, 15, 9, 70, 5],
    [5, 9, 9, 24, 1],
    [3, 8, 8, 18, 11],
    [1, 3, 4, 4, 0],
    [2, 3, 3, 5, 0],
    [1, 7, 12, 11, 2],
    [14, 89, 78, 230, 49],
    [6, 4, 14, 25, 1],
    [12, 10, 39, 42, 8],
    [22, 14, 20, 77, 17],
    [17, 76, 55, 87, 27],
    [11, 27, 13, 40, 14],
    [2, 16, 7, 57, 5],
    [3, 15, 5, 50, 5],
    [6, 18, 7, 35, 5],
    [5, 32, 21, 58, 20],
    [5, 6, 9, 54, 6],
    [1, 1, 1, 2, 1],
    [7, 3, 6, 4, 3],
    [36, 21, 16, 49, 16],
    [10, 7, 8, 74, 13],
    [6, 12, 7, 42, 8],
    [103, 104, 152, 487, 104],
    [11, 18, 20, 45, 8],
    [15, 35, 39, 92, 9],
    [7, 22, 2, 22, 5],
    [6, 29, 38, 63, 15],
    [9, 4, 3, 5, 3],
    [1, 0, 4, 0, 0],
    [1, 15, 23, 42, 7],
    [87, 112, 153, 421, 91],
    [30, 27, 39, 111, 28],
    [256, 277, 407, 787, 268],
    [23, 15, 26, 60, 26]
  ],
  "W": [
    [5, 33, 106, 46, 57, 28, 21],
    [18, 20, 110, 76, 81, 21, 22],
    [1, 0, 11, 4, 3, 0, 2],
    [22, 28, 47, 54, 47, 8, 10],
    [8, 6, 23, 10, 19, 7, 9],
    [31, 36, 110, 124, 85, 20, 38],
    [53, 32, 334, 264, 209, 42, 52],
    [13, 29, 133, 105, 92, 28, 30],
    [21, 28, 128, 85, 76, 23, 21],
    [4, 11, 35, 16, 12, 5, 8],
    [4, 6, 26, 12, 14, 3, 6],
    [14, 10, 22, 46, 28, 4, 4],
    [2, 6, 11, 7, 11, 1, 2],
    [7, 15, 24, 78, 28, 6, 6],
    [18, 62, 137, 105, 86, 17, 27],
    [26, 25, 47, 74, 37, 7, 12],
    [12, 9, 55, 21, 35, 13, 11],
    [32, 44, 316, 180, 246, 62, 71],
    [10, 15, 23, 47, 30, 2, 12],
    [32, 49, 209, 122, 134, 87, 38],
    [39, 51, 377, 220, 219, 87, 71],
    [27, 68, 118, 123, 64, 43, 27],
    [2, 3, 8, 10, 4, 3, 2],
    [1, 1, 16, 9, 12, 4, 3],
    [28, 23, 168, 65, 94, 19, 36],
    [271, 221, 616, 425, 332, 120, 120],
    [124, 80, 294, 243, 142, 55, 40],
    [4, 38, 63, 21, 17, 0, 8],
    [3, 2, 7, 8, 11, 0, 1],
    [63, 77, 349, 197, 143, 68, 49],
    [47, 68, 209, 138, 178, 49, 45],
    [3, 2, 9, 34, 19, 1, 2],
    [6, 5, 15, 19, 29, 1, 6],
    [11, 9, 31, 12, 17, 3, 5],
    [0, 1, 3, 0, 2, 1, 3],
    [52, 47, 197, 144, 106, 46, 43],
    [0, 0, 3, 3, 2, 0, 2],
    [2, 2, 16, 13, 8, 3, 5],
    [12, 7, 7, 50, 25, 7, 4],
    [5, 7, 96, 19, 41, 6, 20],
    [2, 7, 24, 5, 9, 0, 4],
    [2, 12, 9, 12, 8, 7, 0],
    [5, 12, 41, 15, 28, 2, 7],
    [32, 18, 37, 54, 41, 18, 11],
    [6, 2, 6, 18, 5, 1, 6],
    [26, 19, 107, 98, 80, 25, 19],
    [4, 1, 7, 13, 2, 1, 6],
    [7, 51, 102, 43, 42, 17, 17],
    [17, 44, 103, 67, 46, 11, 28],
    [8, 12, 14, 9, 17, 5, 4],
    [7, 28, 21, 21, 10, 3, 16],
    [80, 59, 352, 303, 203, 58, 61],
    [22, 18, 55, 44, 41, 18, 11],
    [8, 6, 13, 33, 10, 3, 5],
    [5, 27, 41, 26, 33, 13, 9],
    [1, 7, 24, 3, 6, 2, 1],
    [25, 23, 108, 163, 83, 43, 38],
    [0, 4, 6, 2, 2, 0, 4],
    [5, 44, 42, 19, 25, 6, 9],
    [1, 1, 7, 6, 9, 0, 4],
    [32, 15, 99, 77, 89, 19, 21],
    [2, 4, 14, 20, 15, 0, 1],
    [2, 6, 14, 13, 11, 2, 3],
    [6, 31, 78, 27, 30, 14, 17],
    [0, 3, 14, 1, 1, 0, 0],
    [22, 2, 13, 41, 11, 0, 2],
    [34, 20, 123, 156, 105, 42, 26],
    [40, 80, 210, 131, 102, 27, 33],
    [2, 3, 2, 5, 4, 2, 1],
    [6, 20, 28, 13, 11, 1, 6],
    [41, 60, 195, 113, 144, 26, 40],
    [8, 4, 3, 26, 7, 4, 2],
    [2, 12, 17, 13, 16, 10, 1],
    [14, 7, 26, 54, 25, 3, 16],
    [10, 9, 15, 41, 23, 7, 4],
    [4, 5, 13, 13, 12, 1, 0],
    [3, 2, 12, 9, 7, 5, 10],
    [0, 0, 9, 0, 2, 1, 0],
    [1, 1, 4, 0, 4, 3, 0],
    [2, 0, 15, 6, 7, 0, 3],
    [25, 35, 119, 109, 111, 25, 36],
    [3, 5, 23, 10, 3, 4, 2],
    [5, 12, 39, 26, 16, 4, 9],
    [24, 17, 24, 44, 17, 12, 12],
    [16, 18, 87, 37, 80, 8, 16],
    [7, 12, 23, 23, 29, 2, 9],
    [4, 1, 10, 36, 26, 3, 7],
    [9, 3, 16, 20, 22, 4, 4],
    [9, 5, 16, 15, 18, 7, 1],
    [8, 4, 41, 30, 39, 6, 8],
    [3, 10, 15, 24, 20, 4, 4],
    [0, 0, 5, 0, 1, 0, 0],
    [0, 6, 9, 0, 3, 0, 5],
    [8, 31, 31, 29, 14, 11, 14],
    [15, 14, 13, 33, 13, 16, 8],
    [15, 6, 21, 16, 12, 1, 4],
    [90, 119, 241, 214, 172, 51, 63],
    [5, 12, 31, 20, 16, 10, 8],
    [25, 21, 38, 53, 40, 4, 9],
    [7, 7, 8, 15, 18, 2, 1],
    [13, 6, 50, 33, 30, 7, 12],
    [0, 10, 6, 0, 4, 3, 1],
    [0, 1, 4, 0, 0, 0, 0],
    [3, 1, 27, 36, 14, 1, 6],
    [89, 75, 230, 204, 159, 51, 56],
    [14, 28, 62, 51, 41, 20, 19],
    [143, 277, 577, 432, 329, 93, 144],
    [20, 20, 54, 33, 14, 1, 8]
  ],
  "method": "mvn_pdf",
  "cond_prob": [
    [
      [0.012351927204, 0.0070415448196, 0.013009067655, 0.83117726795, 0.13642019237],
      [0.6998273724, 0.024075071936, 0.023793307845, 0.093807019437, 0.15849722838],
      [0.061936246112, 0.058656091556, 0.43560600643, 0.2850465837, 0.15875507221],
      [0.0026857973254, 0.029358308914, 0.016473965014, 0.84875188079, 0.10273004796],
      [0.00066335791398, 0.44169205045, 0.030917334748, 0.46065482027, 0.066072436626],
      [0.035213482634, 0.037433153987, 0.085856889536, 0.4333994446, 0.40809702924],
      [0.053874256912, 0.065605323807, 0.09768835444, 0.2427832584, 0.54004880644]
    ],
    [
      [0.0053913302268, 0.013411909388, 0.018622301632, 0.89391733694, 0.068657121816],
      [0.53919680664, 0.081073454212, 0.060233011078, 0.17851074331, 0.14098598476],
      [0.0092946930908, 0.098313375817, 0.55022124356, 0.24991540483, 0.092255282698],
      [0.0011226421237, 0.053531695413, 0.022570501656, 0.87327150482, 0.049503655986],
      [0.00020480409177, 0.59501951889, 0.031281016777, 0.34997241058, 0.023522249667],
      [0.017420220135, 0.081003935846, 0.13964015934, 0.52963055667, 0.232305128],
      [0.028584960335, 0.15257148514, 0.17064716939, 0.31863351017, 0.32956287497]
    ],
    [
      [0, 0.030129896781, 0.032836112563, 0.8525519687, 0.084482021959],
      [0.53364410013, 0.13860981946, 0.084888746947, 0.11414052212, 0.12871681135],
      [0, 0.13393786528, 0.66218603388, 0.11049055194, 0.093385548898],
      [0, 0.11777790986, 0.037932851058, 0.78840379879, 0.055885440293],
      [0, 0.83465420151, 0.024049260475, 0.1295399894, 0.011756548613],
      [0.0082477385318, 0.15413085542, 0.21014048906, 0.38399377369, 0.2434871433],
      [0, 0.26073967058, 0.22961916453, 0.19490839831, 0.31473276658]
    ],
    [
      [0.008749078941, 0.0077768035248, 0.016175961073, 0.90321570702, 0.064082449446],
      [0.68596794704, 0.035889870473, 0.040067255337, 0.13711378394, 0.10096114321],
      [0.037486459083, 0.064805542338, 0.53037753118, 0.27475378308, 0.092576684314],
      [0.0012745991442, 0.030794894354, 0.022876590863, 0.89296202199, 0.052091893643],
      [0.00044323949009, 0.46281539914, 0.03628912526, 0.47117428383, 0.029277952281],
      [0.029880348689, 0.049491181903, 0.12823834036, 0.56291010041, 0.22948002864],
      [0.050985077002, 0.096695594943, 0.16276702247, 0.35082193594, 0.33873036964]
    ],
    [
      [0.018535506024, 0.014598645767, 0.023506879138, 0.88762388672, 0.055735082353],
      [0.83467105608, 0.032110783063, 0.028025751858, 0.06314564967, 0.042046759328],
      [0.066764637557, 0.094264562522, 0.59211925806, 0.20355641328, 0.043295128583],
      [0.0038517413544, 0.058593154208, 0.028557618437, 0.86877375085, 0.040223735147],
      [0.00064824277784, 0.62796346089, 0.03660165039, 0.31717437401, 0.017612271928],
      [0.058502141426, 0.085236380163, 0.17187971712, 0.50094708651, 0.18343467478],
      [0.094194881689, 0.15650769303, 0.20454243987, 0.29085080916, 0.25390417625]
    ],
    [
      [0.0029140994771, 0.0078406097789, 0.011802301342, 0.93517472401, 0.042268265389],
      [0.44364873713, 0.073408492485, 0.059066296445, 0.28951462829, 0.13436184565],
      [0, 0.081080199776, 0.48843455983, 0.3548521793, 0.075633061094],
      [0, 0.040874732563, 0.02372526528, 0.90938447463, 0.026015527529],
      [0, 0.46366144342, 0.026528153736, 0.49041233452, 0.019398068325],
      [0.011162814707, 0.056186249666, 0.10494003723, 0.65832979771, 0.16938110069],
      [0.018817160141, 0.12084207553, 0.14432404468, 0.44573678875, 0.2702799309]
    ],
    [
      [0.0068068539979, 0.0099113902742, 0.016371244828, 0.91111707337, 0.055793437525],
      [0.6182540541, 0.055822372114, 0.049246714747, 0.17025683281, 0.10642002623],
      [0.024907774647, 0.085366433248, 0.53348359951, 0.28097148801, 0.075270704583],
      [0.0014300266035, 0.039883739836, 0.020017434633, 0.89806572761, 0.040603071313],
      [0.00030774335685, 0.518568699, 0.03271718994, 0.42563252543, 0.022773842274],
      [0.023544196288, 0.064088760643, 0.13124867957, 0.57958911821, 0.2015292453],
      [0.040484781653, 0.12642496823, 0.16803782567, 0.36593858836, 0.29911383609]
    ],
    [
      [0.0099082423687, 0.011406586708, 0.023636826, 0.8901643922, 0.064883952719],
      [0.68382874248, 0.047761107765, 0.052939225378, 0.12328839886, 0.092182525523],
      [0.032878200617, 0.077382335186, 0.60129420154, 0.21900613285, 0.069439129812],
      [0.0020776781244, 0.045851488978, 0.028859075965, 0.87607691725, 0.04713483968],
      [0.00041090661654, 0.55099847076, 0.043361157133, 0.38094170567, 0.024287759814],
      [0.031253282579, 0.067188774849, 0.17289120488, 0.51479684408, 0.21386989361],
      [0.051210237046, 0.12624134398, 0.21083239174, 0.3091886266, 0.30252740064]
    ],
    [
      [0.0044659907096, 0.0072646626046, 0.015072321551, 0.92730186031, 0.045895164822],
      [0.54358929316, 0.053862766865, 0.059766018007, 0.22719172405, 0.11559019792],
      [0.012372880168, 0.069352881926, 0.5482273472, 0.30427053442, 0.065776356286],
      [0.00094217759482, 0.02935699496, 0.018504420691, 0.91766535889, 0.033531047867],
      [0.0002338489549, 0.44255288916, 0.034889767021, 0.5006358544, 0.021687640468],
      [0.016466113827, 0.050063328868, 0.12893998885, 0.6275237088, 0.17700685966],
      [0.029781290046, 0.10387119118, 0.17365783361, 0.41598754822, 0.27670213695]
    ],
    [
      [0.012131472655, 0.037750534283, 0.019069921824, 0.85516365288, 0.075884418355],
      [0.68552264286, 0.11722640387, 0.031656278902, 0.08538600695, 0.080208667417],
      [0.051908083036, 0.13732437967, 0.49708313003, 0.21216823056, 0.1015161767],
      [0.0023640124774, 0.14232457397, 0.021676637893, 0.78242690956, 0.051207866101],
      [0.00020909268838, 0.82455941673, 0.014565680422, 0.14892385507, 0.011741955089],
      [0.033612572189, 0.19622896166, 0.12251489994, 0.4263682623, 0.22127530392],
      [0.048193244853, 0.32501289243, 0.13042535282, 0.22205663962, 0.27431187028]
    ],
    [
      [0.020610796898, 0.014578089125, 0.013227980484, 0.84151977527, 0.11006335823],
      [0.83227111069, 0.028218551312, 0.013873537706, 0.052378264382, 0.073258535912],
      [0.082314798036, 0.11668173221, 0.40477994281, 0.24255630729, 0.15366721965],
      [0.0043554106264, 0.059631100856, 0.016352589758, 0.83900377484, 0.080657123924],
      [0.00072529390007, 0.64164378615, 0.020728794332, 0.30206781244, 0.034834313179],
      [0.059938173603, 0.0782220037, 0.088319527782, 0.43446357831, 0.3390567166],
      [0.090251972733, 0.13423317845, 0.098029259606, 0.23546698598, 0.44201860323]
    ],
    [
      [0.016303393499, 0.010359145941, 0.016769673551, 0.81682297273, 0.13974481428],
      [0.77053956112, 0.025264925865, 0.022136921073, 0.065182067339, 0.11687652461],
      [0.060540995432, 0.073981943092, 0.4808154662, 0.21148922219, 0.17317237308],
      [0.0059724412722, 0.047342248357, 0.025445681306, 0.83720864516, 0.08403098391],
      [0.00071203334676, 0.54420824756, 0.032585568917, 0.36761392414, 0.054880226035],
      [0.044209774393, 0.051873735747, 0.10509213702, 0.39858346404, 0.4002408888],
      [0.065736662638, 0.08791266274, 0.11566232131, 0.21519335279, 0.51549500052]
    ],
    [
      [0.0043281372133, 0.022610473261, 0.036553510314, 0.86921448937, 0.06729338984],
      [0.48879620051, 0.12313720875, 0.10921342619, 0.1481918935, 0.13066127105],
      [0.00026305941778, 0.090651217687, 0.70331494286, 0.12822293261, 0.077547847419],
      [0.00087315971899, 0.088321946705, 0.042976998148, 0.82105666093, 0.046771234497],
      [0.00010627280934, 0.73382663353, 0.039883567557, 0.21148761676, 0.014695909351],
      [0.012042653065, 0.11739891627, 0.24362389857, 0.42476720203, 0.20216733006],
      [0.018174548464, 0.20552344722, 0.27598296098, 0.23171989434, 0.268599149]
    ],
    [
      [0.014456386907, 0.0065465017583, 0.01591733917, 0.91226634291, 0.050813429253],
      [0.8111688499, 0.019799250256, 0.025986102954, 0.090436693566, 0.052609103327],
      [0.062581611003, 0.054623987187, 0.53223387154, 0.27700920228, 0.073551327996],
      [0.004639006025, 0.02216056108, 0.023630665724, 0.91675689742, 0.032812869754],
      [0.00078867150293, 0.42305396071, 0.038547381162, 0.51258044041, 0.025029546217],
      [0.051295661553, 0.043038156468, 0.13092340826, 0.58651763533, 0.18822513839],
      [0.08960243963, 0.08565773973, 0.169519186, 0.37182803326, 0.28339260138]
    ],
    [
      [0.013873029061, 0.017172358541, 0.025424967463, 0.85058558953, 0.092944055408],
      [0.71412909249, 0.054294168216, 0.042956332284, 0.088934301474, 0.099686105534],
      [0.042952758818, 0.097872451309, 0.58158767756, 0.17877034829, 0.098816764026],
      [0.0028869039471, 0.068526850877, 0.030807301602, 0.83078523837, 0.066993705201],
      [0.00045042230604, 0.65094079884, 0.036514349227, 0.28487169962, 0.027222730003],
      [0.038746150987, 0.089601615563, 0.16466905718, 0.43545717689, 0.27152599938],
      [0.058859554992, 0.15617325112, 0.18619153646, 0.24258543624, 0.35619022119]
    ],
    [
      [0.0097009437629, 0.012951697186, 0.019794539862, 0.89012853507, 0.067424284118],
      [0.68545720673, 0.05376624462, 0.044047100205, 0.12146434771, 0.095265100738],
      [0.035602866827, 0.092630014049, 0.55641543629, 0.23200993712, 0.083341745716],
      [0.0013629882403, 0.052164972868, 0.024567868913, 0.87204194895, 0.049862221033],
      [0.00037344010561, 0.59005734332, 0.033739837467, 0.35243921221, 0.023390166889],
      [0.031005125494, 0.07724699225, 0.14694160428, 0.5191338434, 0.22567243457],
      [0.050524688406, 0.1443692047, 0.17813761976, 0.30919086443, 0.31777762271]
    ],
    [
      [0.042499866501, 0.015383612984, 0.019405517939, 0.77808421407, 0.14462678851],
      [0.88682978116, 0.017313203453, 0.011756897271, 0.028735721142, 0.055364396977],
      [0.096257707468, 0.10310228997, 0.48020879408, 0.17313914527, 0.1472920632],
      [0.0091975413568, 0.064177108626, 0.024538467333, 0.79346979078, 0.1086170919],
      [0.0014831574672, 0.64282838951, 0.030102363693, 0.28003903724, 0.045547052088],
      [0.10425734424, 0.06987146569, 0.10964870486, 0.34449927661, 0.3717232086],
      [0.14672320962, 0.11217362696, 0.11413766622, 0.17627204046, 0.45069345673]
    ],
    [
      [0.013043807362, 0.016121090859, 0.020663513317, 0.87138710314, 0.078784485324],
      [0.71776511522, 0.054984225726, 0.037641702478, 0.098616135099, 0.090992821478],
      [0.046299799221, 0.10343728106, 0.54028117967, 0.21716956702, 0.09281217303],
      [0.0027149784658, 0.064292777682, 0.025037097274, 0.85114387544, 0.056811271141],
      [0.00044494432274, 0.63693911649, 0.03116453699, 0.30718630243, 0.024265099764],
      [0.039113159501, 0.090341753055, 0.14357654808, 0.48029293007, 0.2466756093],
      [0.061225749645, 0.16222150725, 0.16730676478, 0.27604267518, 0.33320330314]
    ],
    [
      [0.0092509848804, 0.012490140103, 0.01584446465, 0.88856625534, 0.073848155028],
      [0.6883458413, 0.051634752638, 0.035302736024, 0.12005153358, 0.10466513646],
      [0.037993030473, 0.099509604819, 0.50406496122, 0.25648897199, 0.1019434315],
      [0.0010684159837, 0.049971795227, 0.019466045682, 0.87007053666, 0.059423206449],
      [0.00036370633518, 0.58744772448, 0.027616874862, 0.35842899502, 0.026142699308],
      [0.030036393038, 0.075440761908, 0.11949428825, 0.52299347806, 0.25203507875],
      [0.048938608625, 0.14073906374, 0.14467676965, 0.31017883812, 0.35546671987]
    ],
    [
      [0.0086965801991, 0.0090488213194, 0.015206447622, 0.87609794819, 0.090950202665],
      [0.64600262688, 0.041587135172, 0.037326615319, 0.13346752331, 0.14161609932],
      [0.036883418145, 0.076272741946, 0.4896175736, 0.26954749835, 0.12767876796],
      [0.0018516069475, 0.036911254322, 0.018845679457, 0.87531687127, 0.067074588003],
      [0.00041319976574, 0.49862383159, 0.031944287172, 0.43001484252, 0.039003838957],
      [0.027442281472, 0.053363716038, 0.11120923929, 0.50798426775, 0.30000049545],
      [0.044479026842, 0.099217243997, 0.13419488028, 0.30221714142, 0.41989170746]
    ],
    [
      [0.010803935711, 0.012884636522, 0.01853127912, 0.86392558621, 0.093854562434],
      [0.67583890593, 0.050188233921, 0.03853713912, 0.11167878586, 0.12375693517],
      [0.040090780339, 0.092962367179, 0.51851455964, 0.2315918038, 0.11684048904],
      [0.0022771563768, 0.052025668093, 0.022734638233, 0.8544364606, 0.068526076699],
      [0.00042332545045, 0.58442858996, 0.032098950579, 0.34984954871, 0.033199585299],
      [0.032275844172, 0.07195641029, 0.12829125894, 0.47462255276, 0.29285393383],
      [0.05063319715, 0.12951226679, 0.14984882987, 0.27346393571, 0.39654177048]
    ],
    [
      [0.028662174485, 0.01237331897, 0.030309751716, 0.82850732402, 0.10014743081],
      [0.83893770206, 0.02216581371, 0.029011914703, 0.049091024256, 0.060793545269],
      [0.076356338807, 0.064312814116, 0.61136847113, 0.15797781993, 0.089984556015],
      [0.0063798308278, 0.053135075899, 0.041586212633, 0.81966710832, 0.079231772322],
      [0.0011340480388, 0.57167465064, 0.053068006487, 0.3383668721, 0.035756422737],
      [0.075732019899, 0.061035959789, 0.18568103648, 0.40107536604, 0.27647561779],
      [0.11313090547, 0.10453313861, 0.20635576937, 0.21962796195, 0.3563522246]
    ],
    [
      [0, 0.023297082027, 0.037778535808, 0.81333885603, 0.12558552613],
      [0, 0.17028594377, 0.18145323158, 0.22321147572, 0.42504934893],
      [0, 0.095553011828, 0.70691705659, 0.11142002195, 0.086109909632],
      [0, 0.092798377281, 0.045188846071, 0.77514971252, 0.086863064123],
      [0, 0.76581381473, 0.03697683174, 0.17335885583, 0.023850497706],
      [0, 0.1090562075, 0.21998491932, 0.34019904937, 0.33075982382],
      [0, 0.17985812791, 0.23249811762, 0.17339899428, 0.4142447602]
    ],
    [
      [0.038194686918, 0.0098738571633, 0.014319858087, 0.89080127867, 0.04681031916],
      [0.95870138774, 0.0065275609777, 0.005345915997, 0.018747269446, 0.010677865838],
      [0.10724207541, 0.088348299532, 0.47726312595, 0.26151792585, 0.065628573259],
      [0.0080745725251, 0.040839031853, 0.017897211559, 0.89843943831, 0.034749745757],
      [0.0016666007955, 0.5518659672, 0.028226174907, 0.39954145169, 0.018699805412],
      [0.13297246326, 0.061128908061, 0.11155971142, 0.52860084569, 0.16573807158],
      [0.22089016783, 0.11185575469, 0.13269878737, 0.30376963019, 0.23078565992]
    ],
    [
      [0.0068835821513, 0.010298688607, 0.020229486225, 0.90910235971, 0.053485883308],
      [0.61962468296, 0.056504345421, 0.059343209095, 0.16496341971, 0.099564342812],
      [0.021200627288, 0.079641122055, 0.58631348138, 0.2528735458, 0.05997122347],
      [0.0014422443717, 0.041349243319, 0.024672005922, 0.89371902171, 0.038817484677],
      [0.00030264058221, 0.52683935353, 0.0393279598, 0.41230295216, 0.021227093931],
      [0.023274337775, 0.065069603062, 0.1586171624, 0.56402566709, 0.18901322967],
      [0.039716113632, 0.12737238233, 0.20149391701, 0.35287549974, 0.27854208729]
    ],
    [
      [0.0095610198011, 0.0081682267292, 0.01424247221, 0.89421982987, 0.073808451385],
      [0.68314027568, 0.036741186697, 0.034179967623, 0.13360928205, 0.11232928796],
      [0.044090376667, 0.071305617321, 0.48360211455, 0.28663988208, 0.11436200938],
      [0.0020342946972, 0.033282282294, 0.017635796019, 0.89264777855, 0.054399848434],
      [0.00047845125391, 0.47200409716, 0.031499617393, 0.46266829665, 0.033349537542],
      [0.031920097259, 0.050998117574, 0.1102015456, 0.54962777953, 0.25725246004],
      [0.053512149575, 0.098102030712, 0.1375861906, 0.3386007791, 0.37219885002]
    ],
    [
      [0.013194109564, 0.0080801241664, 0.014831326702, 0.90085591437, 0.063038525196],
      [0.75952139287, 0.02890543841, 0.02832788882, 0.1068969002, 0.076348379695],
      [0.058911301569, 0.068410534302, 0.49467926844, 0.28502219737, 0.092976698317],
      [0.0028071871236, 0.032933552864, 0.018368118926, 0.89942562449, 0.046465516595],
      [0.00066281329046, 0.47012058175, 0.032940800703, 0.46768314769, 0.028592656572],
      [0.044863107289, 0.05134786814, 0.11685001394, 0.56314491423, 0.22379409641],
      [0.075963986592, 0.099720593602, 0.1472795524, 0.35002961424, 0.32700625317]
    ],
    [
      [0.027967317016, 0.0097970174409, 0.029044699775, 0.8102288817, 0.12296208407],
      [0.83490689416, 0.017263949859, 0.027366728358, 0.04655399916, 0.073908428464],
      [0.082024752515, 0.046666404659, 0.61249421131, 0.13924531643, 0.11956931509],
      [0.0060524184524, 0.040761288352, 0.036650184073, 0.82440124247, 0.092134866657],
      [0.0012450352834, 0.52219977025, 0.05732509633, 0.36994782274, 0.049282275401],
      [0.071755580551, 0.046791701032, 0.1727617386, 0.37612854929, 0.33256243053],
      [0.10573036977, 0.078926899053, 0.18907121347, 0.20200481146, 0.42426670624]
    ],
    [
      [0.0054146506619, 0.006468738677, 0.0070879529198, 0.93850081716, 0.042527840584],
      [0.80220879273, 0.023026574782, 0.014664137086, 0.10438067851, 0.055719816888],
      [0.036761875758, 0.080223130898, 0.38373224176, 0.40421664724, 0.095066104344],
      [0.0011442618469, 0.026320679953, 0.0087276283057, 0.93272583032, 0.031081599573],
      [0.006390351105, 0.46001327028, 0.0091357586351, 0.47656367646, 0.047896943512],
      [0.022434011001, 0.048437512581, 0.067072323304, 0.67146784049, 0.19058831262],
      [0.042557375315, 0.10226730536, 0.092967803319, 0.44221257716, 0.31999493885]
    ],
    [
      [0.018162952391, 0.014688990323, 0.045826658549, 0.82695785925, 0.094363539485],
      [0.74763075451, 0.037627789069, 0.062667339945, 0.070264311295, 0.081809805178],
      [0.043199753542, 0.067770001642, 0.70707742202, 0.11065099849, 0.071301824309],
      [0.0038044442286, 0.058958681407, 0.055880575589, 0.81288143393, 0.068474864846],
      [0.00063785979336, 0.59821717189, 0.071162778091, 0.30006632491, 0.029915865312],
      [0.04514044201, 0.06823749631, 0.26404900422, 0.37769929329, 0.24487376417],
      [0.067371681545, 0.11684607576, 0.29341698176, 0.20700868437, 0.31535657657]
    ],
    [
      [0.016842482467, 0.014849700159, 0.023352735175, 0.85379742725, 0.091157654944],
      [0.75901175972, 0.041361163076, 0.034749612875, 0.078850454906, 0.086027009419],
      [0.054222536614, 0.092185746743, 0.56232634563, 0.1908360929, 0.10042927812],
      [0.0035379766011, 0.059783691485, 0.028560561955, 0.84177820695, 0.066339563011],
      [0.00060312126008, 0.61705244053, 0.036983247375, 0.31589316233, 0.029468028503],
      [0.04802168777, 0.079097616552, 0.15431376103, 0.44706271794, 0.27150421671],
      [0.073654098988, 0.13914259743, 0.17616648137, 0.2516555097, 0.35938131251]
    ],
    [
      [0.002408298183, 0.012294920939, 0.0068297537509, 0.85869305329, 0.11977397384],
      [0.40451297438, 0.08540975013, 0.026156691073, 0.19273993641, 0.29118064801],
      [0.013371855782, 0.13232343248, 0.29882593401, 0.3304345034, 0.22504427433],
      [0.00094838200858, 0.051101097431, 0, 0.86739404889, 0.080556471675],
      [9.5821696204e-05, 0.60774131499, 0.0041810694363, 0.34590081524, 0.042080978635],
      [0.0072761121514, 0.06999488736, 0.048237131206, 0.47316642869, 0.4013254406],
      [0.011030370989, 0.12343382989, 0.05504325001, 0.26392542815, 0.54656712097]
    ],
    [
      [0.01889987235, 0.010671490449, 0.015302201902, 0.8056631773, 0.149463258],
      [0.8168833969, 0.020103232456, 0.015819283328, 0.049365510772, 0.097828576542],
      [0.072235930945, 0.077082464628, 0.45207371522, 0.20969217181, 0.18891571739],
      [0.0040697907385, 0.044458526724, 0.019309717562, 0.8205101231, 0.11165184188],
      [0.0050912429448, 0.56090790394, 0.03384389192, 0.36559632507, 0.034560636116],
      [0.050417800554, 0.051905615346, 0.09368505972, 0.38000085416, 0.42399067022],
      [0.073875824538, 0.086045181351, 0.10099034742, 0.20030403082, 0.53878461586]
    ],
    [
      [0.025706010565, 0.012796024112, 0.030381069226, 0.84160409946, 0.08951279664],
      [0.85329564049, 0.021542892989, 0.027662999047, 0.045846937406, 0.051651530065],
      [0.071245568784, 0.070942612617, 0.62695666556, 0.14115913772, 0.089696015327],
      [0.0054365713503, 0.052279226364, 0.03757469238, 0.83903163996, 0.065677869949],
      [0.00096877887091, 0.59310278111, 0.051001767365, 0.32453770771, 0.030388964941],
      [0.070631963194, 0.064950701282, 0.19330197225, 0.41267379824, 0.25844156504],
      [0.10707130009, 0.11223732152, 0.21667046886, 0.22605141898, 0.33796949055]
    ],
    [
      [0.044037183408, 0.024548609347, 0.010424565976, 0.52214859545, 0.39884104582],
      [0.97366695109, 0.0034538095044, 0.0028775414651, 0, 0.020001697943],
      [0.13998827785, 0.29415831005, 0.29095806483, 0, 0.27489534726],
      [0.0095526740955, 0.1130238213, 0.01377066426, 0.56226961237, 0.30138322797],
      [0.041498972282, 0.90418108278, 0.0066817232512, 0, 0.047638221685],
      [0.16850115578, 0.062331567209, 0.03253609576, 0, 0.73663118125],
      [0.118289705, 0.081125842521, 0.02611624059, 0, 0.77446821189]
    ],
    [
      [0.013278978621, 0.010268352599, 0.032512825198, 0.84789787765, 0.096041965928],
      [0.70946294364, 0.033799617161, 0.057174841217, 0.092474623314, 0.10708797467],
      [0.037516299335, 0.053068533224, 0.65185862173, 0.16474932939, 0.092807216321],
      [0.0028183204357, 0.041766857127, 0.040175807742, 0.84462411336, 0.070614901338],
      [0.00057726189419, 0.51849348161, 0.062513525957, 0.38073143208, 0.037684298458],
      [0.036494697185, 0.05271973485, 0.20719942388, 0.42779179858, 0.27579434551],
      [0.056470693435, 0.093560891476, 0.23867543041, 0.24291996086, 0.36837302382]
    ],
    [
      [0.0005612862354, 0.0036907973871, 0.010708911171, 0.89787817903, 0.087160826174],
      [0.4724618765, 0.028061772801, 0.069384576879, 0.1853519271, 0.24473984672],
      [0, 0.049784127847, 0.56421291901, 0.22345744278, 0.16254551037],
      [0, 0.015188447571, 0.013345357234, 0.90791055907, 0.063555636121],
      [0, 0.36288303428, 0.03207976778, 0.5540917989, 0.050945399037],
      [0.0016086704874, 0.022817082429, 0.089965019947, 0.48780336384, 0.3978058633],
      [0, 0.03965810259, 0.10158281786, 0.24885619832, 0.60990288123]
    ],
    [
      [0.07766266377, 0.0054580719421, 0.018842615086, 0.76583995623, 0.13219669298],
      [0.96770382236, 0.0020510394071, 0.0039558323165, 0.0091916901144, 0.017097615803],
      [0.10460278942, 0.0094619222655, 0.52282910536, 0.19697575478, 0.16613042817],
      [0.017535496596, 0.024102351437, 0.025203169137, 0.82855198125, 0.10460700158],
      [0.0045663682635, 0.40730819408, 0.050217176496, 0.46722373194, 0.070684529213],
      [0.19566319199, 0.024300921819, 0.10638343425, 0.32717877699, 0.34647367495],
      [0.27682808382, 0.037778426848, 0.1081217012, 0.1615645376, 0.41570725053]
    ],
    [
      [0, 0.0086371102222, 0.0071326158694, 0.91996604061, 0.064264233303],
      [0.26430209751, 0.092824414376, 0.041489846458, 0.32227743298, 0.27910620867],
      [0.0097357536866, 0.10467763048, 0.35074698388, 0.40305437478, 0.13178525717],
      [0, 0.041245037706, 0.00056793649584, 0.91015373306, 0.04803329274],
      [0, 0.50169015321, 0.015278347892, 0.45578881463, 0.027242684265],
      [0.0058200538829, 0.060099194546, 0.061749418583, 0.62430542228, 0.24802591071],
      [0.010248666105, 0.12216007148, 0.081537336255, 0.40263497094, 0.38341895522]
    ],
    [
      [0.010098189306, 0.013049915247, 0.030962735836, 0.82827676554, 0.11761239407],
      [0.64198505583, 0.048226456895, 0.061337147405, 0.10060183646, 0.14784950342],
      [0.02545698522, 0.073458246974, 0.63765914601, 0.1518414501, 0.1115841717],
      [0.0021310839471, 0.052879072223, 0.03807052087, 0.82096934977, 0.085949973191],
      [0.00038296788415, 0.58429106229, 0.051994736492, 0.32313043506, 0.04020079827],
      [0.026524024897, 0.063919989364, 0.18861780277, 0.39630346008, 0.32463472289],
      [0.039820332696, 0.11005088268, 0.21068586814, 0.21765189319, 0.42179102329]
    ],
    [
      [0.010416423802, 0.053789748211, 0.047063129079, 0.7968469633, 0.091883735612],
      [0.60045977438, 0.15838895387, 0.074361140991, 0.073672754654, 0.093117376099],
      [0.026868822042, 0.15025536834, 0.70655684493, 0.041357164981, 0.074961799706],
      [0.0019316864661, 0.19456850212, 0.050993456758, 0.69361989006, 0.058886464594],
      [0.00012397890969, 0.87152932768, 0.024889794524, 0.093702065595, 0.0097548332904],
      [0.022639162034, 0.2198655206, 0.23976635315, 0.30461241082, 0.2131165534],
      [0.030080690045, 0.34024063165, 0.2372515105, 0.14665169766, 0.24577547014]
    ],
    [
      [0.0091960237371, 0.0069768202783, 0.025854094935, 0.89990938532, 0.058063675728],
      [0.70721659861, 0.030977371678, 0.046227247209, 0.11544375673, 0.10013502578],
      [0.028474945118, 0.041557874905, 0.68111811261, 0.18860420885, 0.060244858523],
      [0.0019453127339, 0.028435014025, 0.031933446935, 0.89517437309, 0.042511853215],
      [0.00046960324507, 0.45031113476, 0.058827075105, 0.4638128439, 0.026579342991],
      [0.030233383487, 0.042369682688, 0.20138340944, 0.52354614867, 0.20246737572],
      [0.05098963048, 0.081519467886, 0.2529987284, 0.31686918971, 0.29762298352]
    ],
    [
      [0.0122495004, 0.028849752681, 0.041766043845, 0.84876089112, 0.068373811958],
      [0.6846213736, 0.08887141334, 0.069280472989, 0.085018600954, 0.072208139121],
      [0.031503322913, 0.12096159097, 0.69986226554, 0.10620359483, 0.041469225734],
      [0.0024322570558, 0.11043068123, 0.048378859774, 0.79172868281, 0.047029519134],
      [0.00026468424857, 0.75926565039, 0.040040664386, 0.18712752741, 0.013301473563],
      [0.03155713826, 0.13849869489, 0.25063914401, 0.3943738438, 0.18493117904],
      [0.046378640587, 0.23385331818, 0.27390734717, 0.21105374967, 0.2348069444]
    ],
    [
      [0.004478897542, 0.017662474314, 0.018793392457, 0.86681044587, 0.092254789815],
      [0.4630758591, 0.10823587034, 0.061697786842, 0.17460431111, 0.1923861726],
      [0.0014933495876, 0.12493565406, 0.52291160153, 0.22898593051, 0.12167346431],
      [0, 0.053952763645, 0.034518889771, 0.84555055898, 0.0659777876],
      [0, 0.66485991908, 0.026502542788, 0.28232690037, 0.026310637768],
      [0.013297002865, 0.098136280443, 0.12990618216, 0.47061248699, 0.28804804755],
      [0.020609984416, 0.17497972621, 0.15012604006, 0.2673228034, 0.38696144591]
    ],
    [
      [0, 0.0067519290115, 0.01353259325, 0.88208584543, 0.097629632307],
      [0, 0.11890026721, 0.23632117777, 0.2768882026, 0.36789035241],
      [0, 0.064333556649, 0.52049101586, 0.26878936879, 0.1463860587],
      [0, 0.028018815978, 0.016846107885, 0.88412543007, 0.071009646068],
      [0, 0.45836081343, 0.031614337083, 0.46495885194, 0.045065997554],
      [0, 0.044719809457, 0.10390588585, 0.50979704215, 0.34157726254],
      [0, 0.082470664569, 0.12633474611, 0.29868721106, 0.49250737826]
    ],
    [
      [0.0087169986782, 0.0098836304736, 0.010413712857, 0.89240924084, 0.078576417153],
      [0.67042666335, 0.04546941482, 0.025645160147, 0.1357165386, 0.12274222308],
      [0.048245120985, 0.10333385694, 0.38660266557, 0.32246336843, 0.13935498807],
      [0.0018467741773, 0.040145164638, 0.012846096008, 0.88749673622, 0.057665228954],
      [0.00039768943419, 0.52609762886, 0.021016989893, 0.42014205531, 0.032345636511],
      [0.029345074201, 0.06210609021, 0.081164518107, 0.55050880061, 0.27687551687],
      [0.048768295064, 0.11829975451, 0.10032161336, 0.33507371014, 0.39753662693]
    ],
    [
      [0.0043408526099, 0.0078014160021, 0.0065770023085, 0.72465719411, 0.25662353497],
      [0.49464101571, 0.032261146004, 0.014842064784, 0.092240467864, 0.36601530564],
      [0.02119267732, 0.074125374773, 0.2428717681, 0.24253549884, 0.41927468096],
      [0.019535764671, 0.079221070021, 0, 0.88715503561, 0.014088129695],
      [0.00020994196872, 0.53036096668, 0.014089900041, 0.34674774775, 0.10859144355],
      [0.009576261956, 0.032187319654, 0.03341795897, 0.28016851039, 0.64464994903],
      [0.012614290999, 0.049145400547, 0.032858298369, 0.13411713249, 0.77126487759]
    ],
    [
      [0.021128063271, 0.013405835603, 0.021019225357, 0.86961795828, 0.074828917485],
      [0.81602514818, 0.03134480166, 0.026263530481, 0.066952157314, 0.059414362369],
      [0.070904065313, 0.090680693148, 0.544313043, 0.20992581435, 0.084176384189],
      [0.0044542265722, 0.054241244375, 0.025812585255, 0.86083638045, 0.054655563346],
      [0.00080168216111, 0.59858029275, 0.035297454523, 0.33970406285, 0.025616507716],
      [0.063623480377, 0.075374779494, 0.14668541301, 0.47854789528, 0.23576843183],
      [0.099753222263, 0.13553097118, 0.17102404146, 0.2745195286, 0.31917223649]
    ],
    [
      [0.012679017483, 0.0059850862232, 0.012616199313, 0.9150491383, 0.053670558681],
      [0.77414101142, 0.022109994114, 0.024923171033, 0.1114632483, 0.067362575139],
      [0.065453299597, 0.050220731514, 0.47698815787, 0.3169469046, 0.090390906415],
      [0.0027076414453, 0.024498402543, 0.015688735281, 0.91739261996, 0.039712600773],
      [0.00072553141965, 0.39967195465, 0.031941070072, 0.53993089467, 0.027730549192],
      [0.045819477421, 0.040359665291, 0.10561053521, 0.60540887775, 0.20280144433],
      [0.080777202438, 0.08151497303, 0.13846337324, 0.39045093581, 0.30879351548]
    ],
    [
      [0.0056966325432, 0.017593742569, 0.017980860865, 0.8604383504, 0.098290413628],
      [0.53995071017, 0.090900096975, 0.050210490591, 0.1428088036, 0.17612989867],
      [0.019875541726, 0.12396848107, 0.52023585655, 0.21535021301, 0.12056990765],
      [0.0011799053971, 0.070281750255, 0.021704611219, 0.83653034008, 0.070303393047],
      [0, 0.6611394212, 0.034903026301, 0.26967024099, 0.034287311504],
      [0.016761043578, 0.096509028022, 0.12374319496, 0.45373831881, 0.30924841463],
      [0.025584116754, 0.16960977699, 0.14072907787, 0.25150645495, 0.41257057343]
    ],
    [
      [0.014763428008, 0.0073931832758, 0.011605090353, 0.88507304903, 0.081165249332],
      [0.78189475696, 0.024371150483, 0.010101975591, 0.088042048961, 0.095590068003],
      [0.070919861901, 0.069242418677, 0.43079919959, 0.29752494248, 0.13151357735],
      [0.0031641764253, 0.030455540173, 0.01449823064, 0.89163655323, 0.06024549953],
      [0.00076669152802, 0.46532631758, 0.026712607585, 0.46923795504, 0.037956428266],
      [0.049074650935, 0.045778194535, 0.089406737804, 0.53137076148, 0.28436965524],
      [0.080809196002, 0.086350038019, 0.10933229543, 0.31752675257, 0.40598171798]
    ],
    [
      [0.0098701181223, 0.0091106417663, 0.014013206733, 0.88822746672, 0.07877856666],
      [0.68556738909, 0.039381708313, 0.032341772532, 0.12742082141, 0.11528830866],
      [0.045149677604, 0.080744118886, 0.47041522346, 0.28335610196, 0.12033487809],
      [0.0020970383441, 0.037078351287, 0.017329292372, 0.88551429648, 0.057981021513],
      [0.00046860809758, 0.50047676619, 0.029410940028, 0.43587613316, 0.033767552527],
      [0.032360414729, 0.055834200335, 0.10645792398, 0.53559159406, 0.26975586689],
      [0.053472032144, 0.10583262992, 0.13096498716, 0.32499388508, 0.38473646569]
    ],
    [
      [0.010258595618, 0.008460131904, 0.0092492462081, 0.8993776692, 0.072654357068],
      [0.7232192927, 0.034565332182, 0.020265934112, 0.1208497275, 0.10109971351],
      [0.060615201189, 0.098029981313, 0.35880226135, 0.33937979221, 0.14317276394],
      [0.0021816052756, 0.034525003534, 0.011458258104, 0.89830717148, 0.053527961606],
      [0.00050517143873, 0.49089013707, 0.020166721463, 0.45616774116, 0.032270228867],
      [0.035658074352, 0.05479676487, 0.074348917584, 0.57040595874, 0.26479028445],
      [0.060361778451, 0.10619223669, 0.093484176549, 0.35243703827, 0.38752477004]
    ],
    [
      [0.011991523471, 0.01390838771, 0.016107345142, 0.89539961143, 0.06259313225],
      [0.78033470094, 0.041915563454, 0.026351092871, 0.086665810093, 0.064732832646],
      [0.048326574293, 0.1079888764, 0.51309234424, 0.24693604261, 0.083656162453],
      [0.0043159861963, 0.057229958212, 0.01998119833, 0.86930427566, 0.049168581597],
      [0.00042858231662, 0.62833367499, 0.025607184688, 0.32553463455, 0.020095923458],
      [0.039909727917, 0.08576712334, 0.1243745257, 0.53159209124, 0.2183565318],
      [0.065474317883, 0.1608314767, 0.15085184753, 0.31389519558, 0.30894716231]
    ],
    [
      [0.018247560816, 0.016028488806, 0.012987832503, 0.85583035541, 0.096905762462],
      [0.78926160032, 0.040164139374, 0.017452439594, 0.070199756772, 0.082922063944],
      [0.073729463327, 0.12417524643, 0.39820074571, 0.25996257547, 0.14393196905],
      [0.0038333833707, 0.064762874909, 0.015906291608, 0.84498145996, 0.070515990152],
      [0.00062005526996, 0.65153958493, 0.019555638796, 0.29862525238, 0.029659468625],
      [0.05441519731, 0.089012260831, 0.089573365166, 0.46318495077, 0.30381422592],
      [0.083140403826, 0.15582669422, 0.10158455389, 0.25793706091, 0.40151128716]
    ],
    [
      [0.033959533298, 0.010334158979, 0.036015169757, 0.85942348598, 0.060267651982],
      [0.90759951706, 0.012314982551, 0.023256165414, 0.03196181834, 0.024867516633],
      [0.09319611018, 0.051540706459, 0.68831280693, 0.1298192998, 0.037131076632],
      [0.0071978621916, 0.042555135774, 0.044778211488, 0.86107015868, 0.044398631865],
      [0.0013955337437, 0.55563726104, 0.066186719347, 0.35443021663, 0.022350269242],
      [0.097378532353, 0.054446917932, 0.23872813591, 0.42761592103, 0.18183049277],
      [0.15141334922, 0.096101198716, 0.2727730837, 0.23615697253, 0.24355539583]
    ],
    [
