{
  "Z_true": {},
  "V_true": [
    [3273, 413, 2996, 234],
    [1278, 207, 8150, 375],
    [694, 8103, 499, 287],
    [243, 258, 969, 219],
    [233, 506, 362, 472]
  ],
  "p_true": [
    [0.4733, 0.0597, 0.4332, 0.0338],
    [0.1277, 0.0207, 0.8142, 0.0375],
    [0.0724, 0.8456, 0.0521, 0.0299],
    [0.1439, 0.1528, 0.5737, 0.1297],
    [0.1481, 0.3217, 0.2301, 0.3001]
  ],
  "Z_est": [
    [
      [18.7384, 41.5419, 48.9236, 5.4065, 14.1862, 1.6081, 96.2199, 87.9212, 46.8499, 38.5853, 51.9087, 66.0587, 190.7656, 6.2083, 120.5648, 19.9993, 138.7708, 6.1101, 48.3307, 83.5738, 32.8032, 44.0771, 26.0108, 183.5609, 178.8953, 63.1974, 96.8108, 239.6166, 166.0056, 128.6318, 97.377, 37.4058, 115.1382, 83.2684, 92.0693, 104.2452, 64.3118, 74.3465, 2.3171, 10.0694, 5.9346, 11.002, 47.9744, 63.8992, 108.3121, 54.2122, 140.3562, 45.774, 566.3066, 13.1696, 133.2105, 523.5615, 108.7252],
      [0.327, 0.7104, 0.0675, 0.0789, 0.2368, 0, 6.1376, 1.3869, 0.6991, 4.6642, 0.8231, 0.981, 3.0669, 0.1015, 1.8266, 0.7869, 0, 0.0902, 0.8006, 1.3418, 0.5412, 3.1701, 0, 3.0106, 2.864, 1.0148, 1.5109, 0.4047, 0, 0, 4.428, 0, 0.4441, 1.3756, 3.1992, 2.1107, 1.0148, 1.1952, 0.0843, 0.1466, 0.1015, 0.1691, 0.7329, 1.0486, 0, 2.1077, 2.2551, 2.2049, 9.3249, 0.2368, 2.2213, 8.1748, 4.995],
      [5.7867, 12.5712, 17.1898, 1.3968, 4.1904, 0.3919, 39.9856, 26.4737, 12.3716, 14.8021, 14.5666, 17.7237, 63.0174, 2.1673, 31.5961, 5.5872, 50.3642, 1.5963, 14.1675, 23.7456, 9.5781, 21.5806, 15.3517, 63.9394, 50.6839, 17.9702, 26.7387, 79.6513, 49.5846, 72.1413, 29.8376, 11.0759, 49.8004, 27.9995, 34.9529, 44.1055, 18.8891, 21.1515, 0.5986, 1.7519, 1.7959, 2.9931, 13.1656, 18.5575, 35.418, 16.6468, 44.6702, 22.019, 204.92, 4.1904, 51.3401, 144.6685, 30.0192],
      [4.1479, 8.1765, 5.8191, 0.1178, 2.3866, 0, 6.6569, 7.2183, 2.0793, 4.9483, 5.7016, 2.2366, 15.15, 0.5229, 8.0125, 1.6266, 12.8649, 0.2033, 7.7012, 10.3388, 5.0776, 5.1722, 3.6375, 16.4892, 21.5569, 7.8176, 8.9396, 19.3274, 13.4098, 9.2269, 8.3574, 3.5183, 10.6172, 9.3565, 6.7785, 7.5386, 5.7843, 9.3068, 0, 1.0321, 1.1681, 0.8357, 3.127, 9.4947, 4.2698, 2.0333, 12.7185, 6.002, 46.4485, 3.4033, 10.2281, 48.5953, 12.2605]
    ],
    [
      [6.2156, 15.1207, 0.8083, 2.3046, 3.5206, 0.0935, 0, 2.3435, 12.5978, 1.5457, 5.9305, 3.5813, 8.2024, 0.4737, 3.8394, 2.3041, 5.5013, 0.3453, 14.5678, 12.9493, 7.8761, 1.5707, 0.9972, 4.2974, 34.4002, 0, 14.4508, 10.5173, 8.0279, 4.8117, 0, 2.8939, 0, 0, 2.2873, 0, 3.64, 2.325, 0.3241, 0.1994, 1.7012, 3.2142, 2.1788, 2.5828, 1.9446, 2.1512, 6.3166, 1.4959, 9.4444, 5.0877, 0.796, 96.433, 3.1912],
      [6.034, 0, 0, 0, 0, 0, 2.8548, 1.1505, 0, 0.7589, 0.6541, 0, 4.0269, 0, 1.8849, 1.2917, 0, 0.1224, 0, 3.211, 0, 0.7711, 0, 5.7388, 23.5421, 0.2968, 3.5527, 0, 0, 1.4586, 4.3549, 0.2088, 0, 1.6975, 1.8237, 2.3011, 1.787, 18.7316, 0.6397, 0.0979, 0.0432, 0, 0.9425, 3.9593, 0.9547, 5.6581, 7.3683, 0.7344, 9.7841, 4.0729, 1.0981, 9.8163, 1.5667],
      [112.8895, 439.8793, 98.4838, 21.0707, 65.6957, 1.9065, 147.1452, 89.6035, 77.4022, 59.1002, 109.0572, 116.4187, 313.6122, 18.3439, 146.7972, 38.4042, 141.0778, 9.5323, 291.0404, 349.096, 99.6592, 60.0534, 38.6187, 257.3717, 475.883, 172.3182, 257.9965, 360.7621, 311.2356, 184.3016, 323.6451, 97.5898, 222.8399, 210.5179, 143.4585, 184.0476, 139.1714, 233.8451, 12.0362, 7.6258, 9.2245, 25.7858, 73.3986, 167.7682, 74.3518, 134.1908, 437.2172, 57.1937, 932.3581, 65.6234, 209.3845, 688.0511, 122.0132],
      [0.8608, 0, 3.7079, 3.6247, 1.7836, 0, 0, 0.9025, 0, 0.5952, 5.3582, 0, 3.1586, 0.1824, 1.4785, 0, 1.4209, 0, 0.3918, 2.7437, 4.4647, 0.6048, 0.384, 2.5922, 5.1747, 3.385, 0, 7.7207, 2.7366, 2.4281, 0, 1.3075, 2.1601, 5.7846, 1.4305, 1.6513, 1.4017, 2.0982, 0, 0.0768, 3.0311, 0, 0.4801, 1.6897, 0.7488, 0, 1.0978, 0.576, 9.4134, 2.216, 1.7214, 7.6997, 1.2289]
    ],
    [
      [1.513, 2.5593, 0.6278, 0.2575, 1.3003, 0.8509, 0, 2.0281, 4.6829, 0.9014, 1.175, 3.5394, 7.5671, 0.318, 6.0113, 0.9307, 2.35, 0.8092, 2.8168, 5.1086, 1.7706, 1.1911, 0.5634, 0, 8.9012, 1.8107, 4.9254, 3.5573, 7.9828, 2.3822, 0, 0.5473, 1.336, 1.835, 0, 0, 2.0645, 2.2374, 0.0966, 3.5911, 4.158, 1.2934, 5.8924, 0, 6.7078, 1.9315, 0, 1.0463, 14.7924, 0.837, 3.3158, 26.2601, 1.7706],
      [89.5364, 149.4187, 36.8673, 12.1599, 22.5958, 0.9121, 147.1075, 116.0724, 78.5776, 53.3408, 69.0081, 83.958, 309.8646, 9.8985, 153.8165, 31.433, 130.6117, 12.6065, 163.0572, 271.3751, 100.8669, 70.4861, 30.6289, 716.6766, 536.4932, 142.2311, 299.5875, 207.4579, 165.8718, 138.0856, 171.4527, 27.3276, 78.8255, 108.4945, 259.2236, 319.1068, 195.2684, 132.3996, 5.7877, 30.4337, 5.416, 21.9634, 94.3911, 304.44, 105.2416, 115.7545, 470.9062, 61.9135, 864.3745, 49.5308, 193.2781, 920.9796, 104.7767],
      [1.8126, 6.4711, 1.0328, 1.332, 1.1343, 0.2369, 2.8925, 2.7283, 4.7394, 1.0799, 1.9332, 3.5026, 18.0934, 3.4888, 1.5377, 0.6363, 8.2373, 0.5843, 7.0075, 9.0177, 5.0985, 1.4269, 3.384, 15.2585, 0, 6.1181, 1.4871, 7.3095, 8.9058, 5.7406, 8.5473, 3.2441, 1.8338, 2.2905, 18.6845, 14.8932, 7.9279, 2.6803, 0.1157, 0.7231, 0.305, 0.7432, 10.7165, 1.9257, 6.8202, 2.314, 31.0938, 1.2534, 28.708, 1.0027, 6.9123, 26.9616, 2.1211],
      [1.1379, 0.5509, 0.4721, 2.2506, 0.9696, 0, 0, 5.1712, 0, 0.6779, 0.8837, 0, 3.4749, 0.2947, 1.6345, 0, 4.801, 0, 2.1185, 3.4985, 2.264, 0.8958, 0.4237, 1.0649, 7.6056, 1.8401, 0, 2.6754, 2.2395, 1.7916, 0, 2.8811, 1.0048, 1.38, 1.0918, 0, 0.7392, 1.6827, 0, 1.2521, 0.1211, 0, 0, 3.6343, 1.2304, 0, 0, 0.7869, 11.1251, 0.6295, 2.4938, 38.7987, 1.3316]
    ],
    [
      [2.5532, 6.4681, 1.3617, 0.6809, 0.766, 0.4474, 1.8724, 0.8511, 0.766, 0.9362, 1.5319, 3.315, 4, 0, 2.5532, 2.3629, 1.1915, 0, 4.8511, 5.2336, 1.4468, 1.5319, 0.8511, 5.8724, 8.2554, 2.383, 5.1009, 5.6171, 5.4468, 1.617, 5.1064, 1.2766, 3.3192, 2.6383, 1.7872, 2.7234, 2.1277, 4.2554, 0.1897, 0.7895, 1.2063, 1.0471, 0.8511, 9.2597, 2.1277, 1.4468, 6.2128, 1.1064, 11.6597, 1.2766, 2.8936, 8.6809, 1.1064],
      [4.8734, 6.6785, 1.406, 0.703, 0.7909, 0.0879, 1.9332, 0.8787, 0.7909, 0.9666, 1.5817, 1.8454, 4.1301, 0, 2.6362, 0.9666, 1.2302, 0, 5.0089, 5.0089, 1.4939, 1.5817, 0.8787, 6.0634, 8.5239, 2.4605, 5.8077, 5.7997, 5.624, 1.6696, 7.0594, 1.3181, 3.4271, 2.7241, 1.8454, 2.812, 2.2968, 4.3937, 0.4281, 0.2636, 0.4394, 0.5272, 0.8787, 12.5856, 2.1969, 1.4939, 6.4149, 1.4029, 12.0389, 2.3126, 2.9877, 8.9632, 1.1424],
      [18.495, 52.5216, 11.0572, 3.9108, 6.2197, 0.4647, 15.2036, 6.9107, 6.2197, 7.6018, 12.4393, 14.5125, 32.4804, 0, 20.7322, 6.1751, 9.675, 0, 39.3912, 39.0087, 11.7482, 12.4393, 6.9107, 47.684, 67.0341, 19.35, 39.2066, 45.6108, 44.2287, 13.1304, 39.6775, 10.3661, 26.9519, 21.4233, 14.5125, 22.1143, 17.1769, 34.5537, 1.3821, 1.5391, 2.6746, 3.61, 6.9107, 36.9104, 17.2768, 11.7482, 50.4483, 8.7234, 94.677, 9.3716, 23.4965, 70.4895, 8.984],
      [4.0783, 10.3318, 2.1751, 2.7053, 1.2235, 0, 2.9908, 1.3594, 1.2235, 1.4954, 2.447, 1.3271, 6.3894, 0, 4.0783, 1.4954, 1.9032, 0, 7.7489, 7.7489, 2.3111, 2.447, 1.3594, 9.3802, 13.1867, 3.8065, 7.8848, 8.9724, 8.7005, 2.583, 8.1567, 2.0392, 5.3019, 4.2143, 2.8548, 4.3502, 3.3986, 6.7972, 0, 0.4078, 0.6797, 0.8157, 1.3594, 9.2443, 3.3986, 2.3111, 9.924, 1.7673, 18.6245, 2.0392, 4.6221, 13.8664, 1.7673]
    ],
    [
      [2.9797, 6.3099, 2.2786, 0.3506, 1.2269, 0, 4.9077, 3.8561, 2.1033, 4.0314, 2.4539, 3.5055, 9.4649, 0, 4.0314, 3.4031, 7.1863, 0.7353, 5.4336, 6.1347, 2.1033, 2.6291, 1.5775, 12.2693, 14.5479, 5.6088, 7.7122, 10.6918, 7.5369, 4.5572, 10.5166, 0.8764, 4.2066, 5.2583, 3.8561, 4.0314, 3.8561, 6.8358, 1.0725, 0.3506, 0, 1.4433, 2.1033, 5.2583, 4.9077, 5.2583, 9.1144, 1.5775, 29.797, 2.6291, 5.7841, 25.0645, 4.2066],
      [1.2291, 2.1925, 0.6591, 0.0582, 0.3765, 0, 1.9668, 1.5114, 0.9324, 3.2695, 0.933, 1.2156, 3.9115, 0, 1.8357, 1.5218, 2.158, 0.1809, 2.1333, 3.0633, 1.098, 0.9909, 0.4923, 7.5107, 6.5769, 1.9969, 3.5412, 3.3377, 2.5042, 1.7862, 3.705, 0.1455, 1.3033, 1.7083, 0.908, 0.6694, 1.633, 2.2798, 2.0601, 0.0582, 0, 0.3402, 1.0548, 0.9664, 1.6069, 3.9858, 5.0555, 0.7443, 11.4777, 0.8469, 2.4147, 11.0662, 1.5192],
      [5.0161, 11.5568, 3.2365, 0.2896, 1.7599, 0, 9.7731, 6.2839, 4.2671, 6.416, 3.0037, 7.8425, 16.7966, 0, 6.3368, 4.1971, 13.6457, 1.2871, 9.3935, 9.132, 1.9161, 4.4998, 2.7349, 20.7464, 24.3991, 10.2434, 14.571, 18.6662, 13.0453, 7.6862, 22.2926, 0.7241, 6.5741, 8.7688, 7.3916, 7.8393, 6.8347, 12.7694, 0.8673, 0.3601, 0, 1.8679, 3.8085, 8.8382, 10.1331, 15.1002, 15.5704, 1.8104, 54.3369, 4.8119, 9.8666, 36.8293, 6.8624],
      [7.7751, 15.9408, 6.8258, 1.3016, 3.6366, 0, 11.3523, 10.3486, 4.6972, 9.2831, 7.6095, 7.4364, 23.8271, 0, 10.7961, 4.878, 18.01, 0.7967, 14.0396, 16.6701, 6.8826, 6.8801, 4.1953, 29.4736, 37.4761, 14.1509, 18.1756, 28.3042, 19.9136, 11.9704, 23.4859, 3.254, 11.916, 14.2646, 9.8443, 10.4599, 9.6762, 17.115, 0, 1.2312, 0, 2.3486, 5.0334, 14.9371, 11.3523, 5.6557, 22.2597, 4.8678, 74.3885, 6.712, 14.9346, 70.04, 11.4117]
    ]
  ],
  "V_est": [
    [4794.8683, 84.2145, 1597.4791, 439.4382],
    [337.4022, 134.9899, 9436.0943, 101.5136],
    [158.1454, 8991.8893, 314.0455, 118.9198],
    [152.953, 161.3731, 1145.3807, 229.2932],
    [277.6312, 114.5332, 483.0004, 697.8352]
  ],
  "p_est": [
    [0.6933, 0.0122, 0.231, 0.0635],
    [0.0337, 0.0135, 0.9427, 0.0101],
    [0.0165, 0.9383, 0.0328, 0.0124],
    [0.0906, 0.0955, 0.6781, 0.1358],
    [0.1765, 0.0728, 0.3071, 0.4436]
  ],
  "EI_Z": {},
  "EI_V": 15.0496,
  "MAE_Z": {},
  "MAE_V": 448.0431,
  "MAE_p": 0.083,
  "runtime": 0.8868
}
