{
  "Z_true": {},
  "V_true": [
    [968, 46, 2009, 27],
    [1218, 169, 15846, 263],
    [394, 10703, 2590, 504],
    [140, 448, 1104, 210],
    [222, 216, 758, 90],
    [69, 147, 402, 199]
  ],
  "p_true": [
    [0.3174, 0.0151, 0.6587, 0.0089],
    [0.0696, 0.0097, 0.9057, 0.015],
    [0.0278, 0.7542, 0.1825, 0.0355],
    [0.0736, 0.2355, 0.5804, 0.1104],
    [0.1726, 0.168, 0.5894, 0.07],
    [0.0845, 0.1799, 0.492, 0.2436]
  ],
  "Z_est": {},
  "V_est": [
    [2025.4362, 0, 1024.5638, 0],
    [102.5174, 0, 17130.6978, 262.7848],
    [0, 11729, 2043.0914, 418.9086],
    [0, 0, 1902, 0],
    [499.2918, 0, 608.6471, 178.0611],
    [383.7546, 0, 0, 433.2454]
  ],
  "p_est": [
    [0.6641, 0, 0.3359, 0],
    [0.0059, 0, 0.9791, 0.015],
    [0, 0.8265, 0.144, 0.0295],
    [0, 0, 1, 0],
    [0.3883, 0, 0.4733, 0.1385],
    [0.4697, 0, 0, 0.5303]
  ],
  "EI_Z": {},
  "EI_V": 13.1136,
  "MAE_Z": {},
  "MAE_V": 423.3739,
  "MAE_p": 0.1557,
  "runtime": 0.034
}
