{
  "X": [
    [164, 114, 482, 21],
    [110, 86, 327, 28],
    [59, 55, 178, 13],
    [36, 68, 90, 8],
    [56, 26, 77, 9],
    [58, 90, 109, 12],
    [4, 31, 45, 1],
    [52, 78, 106, 4],
    [125, 233, 312, 22],
    [141, 379, 446, 26],
    [132, 271, 453, 31],
    [208, 146, 427, 30],
    [188, 391, 643, 43],
    [131, 188, 386, 24],
    [275, 490, 804, 95],
    [140, 202, 597, 54],
    [55, 175, 233, 22],
    [47, 109, 196, 26],
    [141, 321, 621, 53],
    [147, 148, 383, 33],
    [30, 154, 249, 22],
    [40, 35, 88, 8],
    [57, 237, 368, 31],
    [45, 217, 322, 44],
    [75, 366, 662, 50],
    [77, 193, 297, 28],
    [62, 274, 383, 47],
    [46, 188, 418, 24],
    [137, 145, 360, 25],
    [10, 23, 30, 5],
    [70, 75, 219, 17],
    [318, 194, 778, 49],
    [72, 62, 139, 5],
    [54, 47, 120, 11],
    [98, 87, 387, 28],
    [18, 24, 54, 11],
    [167, 118, 490, 41],
    [28, 35, 63, 1],
    [103, 129, 284, 18],
    [111, 335, 792, 72],
    [100, 280, 204, 16],
    [55, 271, 188, 13],
    [79, 407, 316, 23],
    [29, 40, 187, 11],
    [76, 259, 515, 40],
    [89, 62, 164, 19],
    [17, 31, 54, 2],
    [17, 17, 58, 1],
    [75, 185, 241, 17],
    [24, 145, 223, 54],
    [474, 1119, 1637, 129],
    [69, 115, 206, 23],
    [737, 767, 1568, 143],
    [197, 357, 635, 36]
  ],
  "W": [
    [159, 414, 139, 69],
    [108, 294, 100, 49],
    [80, 151, 54, 20],
    [39, 73, 68, 22],
    [55, 62, 33, 18],
    [60, 84, 92, 33],
    [4, 30, 26, 21],
    [47, 93, 81, 19],
    [131, 256, 254, 51],
    [177, 331, 409, 75],
    [149, 357, 294, 87],
    [243, 335, 167, 66],
    [192, 529, 412, 132],
    [176, 286, 215, 52],
    [289, 661, 546, 168],
    [132, 504, 235, 122],
    [61, 195, 186, 43],
    [53, 157, 117, 51],
    [158, 502, 354, 122],
    [179, 285, 177, 70],
    [30, 196, 185, 44],
    [51, 70, 32, 18],
    [61, 300, 278, 54],
    [44, 254, 231, 99],
    [94, 541, 410, 108],
    [78, 240, 217, 60],
    [69, 305, 303, 89],
    [41, 356, 215, 64],
    [153, 286, 160, 68],
    [16, 22, 26, 4],
    [74, 188, 82, 37],
    [346, 651, 247, 95],
    [71, 112, 75, 20],
    [43, 108, 55, 26],
    [108, 338, 100, 54],
    [16, 49, 27, 15],
    [207, 398, 145, 66],
    [27, 47, 41, 12],
    [105, 236, 145, 48],
    [111, 695, 383, 121],
    [103, 175, 279, 43],
    [61, 131, 297, 38],
    [98, 205, 446, 76],
    [25, 162, 53, 27],
    [94, 412, 306, 78],
    [84, 144, 72, 34],
    [21, 43, 30, 10],
    [29, 41, 20, 3],
    [89, 174, 207, 48],
    [22, 195, 174, 55],
    [539, 1310, 1199, 311],
    [66, 175, 135, 37],
    [651, 1377, 878, 309],
    [262, 489, 411, 63]
  ],
  "method": "mvn_pdf",
  "cond_prob": [
    [
      [0.787622437, 0.0048162874329, 0.20589456034, 0.0016667152301],
      [0.051831262091, 0.012657320604, 0.9231146054, 0.012396811909],
      [0.00050208338347, 0.71758530132, 0.28090436177, 0.0010082535301],
      [0.24985652783, 0.11956119834, 0.40648713024, 0.22409514359]
    ],
    [
      [0.78691871969, 0.0050660791853, 0.20241033725, 0.0056048638717],
      [0.051896203849, 0.013211838454, 0.9040569986, 0.030834959092],
      [0.00063378115745, 0.75869458692, 0.23719801196, 0.0034736199613],
      [0.19779420869, 0.11630865817, 0.3189209141, 0.36697621904]
    ],
    [
      [0.65957612136, 0.014801416451, 0.31676100699, 0.0088614552032],
      [0.027391951442, 0.025046117381, 0.91621404064, 0.031347890539],
      [9.1931498216e-06, 0.85044132549, 0.14715568509, 0.0023937962669],
      [0.10486145968, 0.20550456914, 0.31821961548, 0.3714143557]
    ],
    [
      [0.75186914105, 0.013712628609, 0.22925099751, 0.0051672328347],
      [0.042468006224, 0.031325294498, 0.90302816695, 0.023178532325],
      [0.00063772773604, 0.87644836647, 0.12037385381, 0.0025400519795],
      [0.16061697994, 0.2536350939, 0.31603331138, 0.26971461478]
    ],
    [
      [0.84669450055, 0.00078511436889, 0.14531052674, 0.0072098583445],
      [0.074218512314, 0.0083776200114, 0.88442322859, 0.032980639089],
      [0.0020086653212, 0.72387732088, 0.26847023556, 0.0056437782395],
      [0.2646649306, 0.086080815556, 0.29523128242, 0.35402297142]
    ],
    [
      [0.78814596731, 0.011118019548, 0.19583114982, 0.0049048633311],
      [0.051950848748, 0.028742395647, 0.89438461947, 0.02492213613],
      [0.00053193488898, 0.8651032635, 0.13178304472, 0.0025817568924],
      [0.19086159567, 0.222092647, 0.30296311699, 0.28408264034]
    ],
    [
      [0.50655523302, 0.024961804711, 0.46848296227, 0],
      [0, 0.024520965652, 0.97547903435, 0],
      [0, 0.85470945543, 0.14529054457, 0],
      [0.093989479425, 0.37819418906, 0.48019728389, 0.047619047619]
    ],
    [
      [0.84609301203, 0.0090354547339, 0.14476022474, 0.00011130850077],
      [0.072922285472, 0.032373247111, 0.88606871897, 0.0086357484423],
      [0, 0.86627578875, 0.13372421125, 0],
      [0.28693978346, 0.23138330303, 0.31369565586, 0.16798125765]
    ],
    [
      [0.78019540113, 0.0098951329364, 0.20541009524, 0.0044993706937],
      [0.050447974652, 0.025217734708, 0.90017043794, 0.024163852699],
      [0.00036830010581, 0.8460865371, 0.15149618293, 0.0020489798668],
      [0.19188573949, 0.20278464857, 0.31701205779, 0.28831755416]
    ],
    [
      [0.67989604232, 0.015036730164, 0.30050188868, 0.0045653388389],
      [0.031405610019, 0.027085311957, 0.92338196334, 0.018127114684],
      [0.00066846388956, 0.85277946623, 0.14577143826, 0.00078063161999],
      [0.13319655816, 0.24781945088, 0.36734956786, 0.2516344231]
    ],
    [
      [0.70975160337, 0.011195616198, 0.27468579108, 0.0043669893533],
      [0.035678519238, 0.022012047828, 0.92334772261, 0.018961710321],
      [0.00049704572227, 0.82778093405, 0.17064881283, 0.001073207398],
      [0.15360515272, 0.20811445402, 0.37087274927, 0.26740764399]
    ],
    [
      [0.74791846578, 0.0070552353129, 0.23997515534, 0.0050511435627],
      [0.042473707077, 0.015802261356, 0.9183647682, 0.023359263371],
      [0.0004164607523, 0.77490061184, 0.22220944148, 0.0024734859284],
      [0.1811753333, 0.14520330435, 0.36249792697, 0.31112343538]
    ],
    [
      [0.74205033077, 0.011109312624, 0.24333516502, 0.0035051915887],
      [0.04203888972, 0.024528357638, 0.91583931494, 0.017593437705],
      [0.00065605175936, 0.84159082044, 0.15737004832, 0.00038307947824],
      [0.17437477656, 0.22087949064, 0.35578932428, 0.24895640851]
    ],
    [
      [0.65998106302, 0.010906736585, 0.322862899, 0.0062493013965],
      [0.028533335866, 0.018411624092, 0.93092020335, 0.02213483669],
      [0.0004957412629, 0.79801107534, 0.19920178344, 0.0022913999515],
      [0.12646566307, 0.17773670523, 0.3866263111, 0.3091713206]
    ],
    [
      [0.7573387898, 0.0090321038597, 0.22685125201, 0.0067778543378],
      [0.045230480313, 0.020966781183, 0.89791237437, 0.035890364137],
      [0.00076083344395, 0.82002286811, 0.1774963501, 0.0017199483446],
      [0.1536686143, 0.15356067641, 0.28575536641, 0.40701534289]
    ],
    [
      [0.74055268453, 0.0066245789882, 0.24750445719, 0.0053182792866],
      [0.041209078677, 0.01447302003, 0.91943864906, 0.024879252238],
      [0.00063430024362, 0.75617462978, 0.24030756566, 0.0028835043144],
      [0.17482466747, 0.13221406131, 0.36442667702, 0.3285345942]
    ],
    [
      [0.7044500899, 0.014218619761, 0.27400115839, 0.0073301319463],
      [0.033977670108, 0.027921118666, 0.90760091461, 0.030500296613],
      [6.5614708677e-05, 0.85731727223, 0.14008084153, 0.0025362715252],
      [0.12536498858, 0.21458217255, 0.30810963868, 0.35194320019]
    ],
    [
      [0.68566342383, 0.011653829752, 0.29445247239, 0.0082302740296],
      [0.030069342503, 0.021531872957, 0.91591192349, 0.032486861047],
      [0, 0.82296188002, 0.17479298492, 0.0022451350527],
      [0.1164500346, 0.17088829424, 0.31656995566, 0.39609171551]
    ],
    [
      [0.68734902316, 0.010866904732, 0.29564224034, 0.006141831776],
      [0.031653997737, 0.019863574624, 0.92424099948, 0.02424142816],
      [5.0683808052e-05, 0.81099596933, 0.18672167756, 0.0022316693032],
      [0.1351688968, 0.18212247088, 0.36245959372, 0.3202490386]
    ],
    [
      [0.70620186391, 0.0076802371346, 0.27976357083, 0.0063543281272],
      [0.034876672106, 0.014705674075, 0.92498986908, 0.025427784742],
      [0.00058106731782, 0.75245426163, 0.24387631967, 0.0030883513859],
      [0.15067379849, 0.1321388019, 0.37334427934, 0.34384312026]
    ],
    [
      [0.65803327974, 0.0097202484482, 0.32491160171, 0.0073348700976],
      [0.025858080044, 0.017250261435, 0.93002738791, 0.026864270609],
      [0, 0.77688059316, 0.2199030476, 0.0032163592411],
      [0.11797313453, 0.15010071751, 0.37011863891, 0.36180750905]
    ],
    [
      [0.69664379319, 0.014680696829, 0.28079629182, 0.0078792181638],
      [0.03192221229, 0.028162764561, 0.91271488323, 0.027200139924],
      [0, 0.87206538323, 0.12537696171, 0.0025576550632],
      [0.12425620484, 0.24298881551, 0.32096025093, 0.31179472872]
    ],
    [
      [0.68032536314, 0.010316405537, 0.30153618399, 0.0078220473298],
      [0.029860584432, 0.018617353311, 0.92125304228, 0.030269019977],
      [0, 0.79950785476, 0.1978027194, 0.0026894258415],
      [0.12114773183, 0.15782054899, 0.33780044629, 0.38323127289]
    ],
    [
      [0.65023167965, 0.013647108348, 0.32803270246, 0.0080885095473],
      [0.022970869628, 0.024297082097, 0.92363729241, 0.029094755862],
      [0, 0.82736921303, 0.16980455744, 0.0028262295287],
      [0.10661823445, 0.19298767849, 0.34078622273, 0.35960786434]
    ],
    [
      [0.59577324173, 0.014137050254, 0.38247231078, 0.0076173972334],
      [0.016028361056, 0.022402524662, 0.93741143671, 0.024157677567],
      [0, 0.80883017336, 0.18844118321, 0.0027286434306],
      [0.095610851354, 0.19380537366, 0.38562157786, 0.32496219713]
    ],
    [
      [0.73945001715, 0.0092422947497, 0.24540765686, 0.0059000312374],
      [0.040521958121, 0.020015368434, 0.9119285332, 0.027534140249],
      [0.00044501084752, 0.81646420372, 0.18055011751, 0.0025406679242],
      [0.15835102266, 0.17171133964, 0.33026632163, 0.33967131607]
    ],
    [
      [0.65628852973, 0.013215306314, 0.32132573485, 0.0091704291037],
      [0.02462479024, 0.023790107917, 0.91847335204, 0.033111749808],
      [0, 0.82514311384, 0.17265801006, 0.0021988760947],
      [0.10343292613, 0.17768311748, 0.31886263905, 0.40002131734]
    ],
    [
      [0.66525562607, 0.010236604389, 0.3197414304, 0.0047663391477],
      [0.028051006051, 0.017942275168, 0.93666373727, 0.017342981515],
      [0, 0.7893165918, 0.20939675474, 0.0012866534633],
      [0.13653689339, 0.17952784411, 0.41278138467, 0.27115387783]
    ],
    [
      [0.73921335839, 0.0082275625931, 0.24859295631, 0.0039661227093],
      [0.040668880966, 0.017863930065, 0.92229000463, 0.019177184336],
      [0.00040472257061, 0.79455888024, 0.20348542192, 0.0015509752607],
      [0.1794750088, 0.16915703067, 0.37695101253, 0.274416948]
    ],
    [
      [0.5915986302, 0.016222289704, 0.37139524868, 0.02078383141],
      [0.01942378751, 0.043279933431, 0.86917488147, 0.068121397588],
      [0, 0.82790313423, 0.17209686577, 0],
      [0.02677464788, 0.065700834812, 0.11532752968, 0.79219698763]
    ],
    [
      [0.75018218727, 0.0076923062613, 0.23687890223, 0.0052466042317],
      [0.042354496236, 0.017360696183, 0.91549365295, 0.024791154633],
      [0.00038867742872, 0.79678800063, 0.2002984557, 0.0025248662453],
      [0.1754594946, 0.1575768217, 0.349558949, 0.3174047347]
    ],
    [
      [0.77080814948, 0.0046668048486, 0.2195427483, 0.0049822973663],
      [0.048305576213, 0.011350444239, 0.91589434601, 0.024449633532],
      [0.00083269513645, 0.70875372528, 0.28704738175, 0.003366197836],
      [0.20681867858, 0.10456817031, 0.3672661741, 0.32134697701]
    ],
    [
      [0.82781920707, 0.0050131204121, 0.16687800986, 0.00028966266537],
      [0.065146152565, 0.015115114262, 0.9092829296, 0.010455803573],
      [0, 0.76281032228, 0.23718967772, 0],
      [0.29642336055, 0.13702007412, 0.37613736781, 0.19041919753]
    ],
    [
      [0.86697267118, 0.0031507566116, 0.12529691882, 0.0045796533859],
      [0.079163393084, 0.014823578612, 0.87703297288, 0.028980055426],
      [0, 0.77024197114, 0.22487553786, 0.0048824910037],
      [0.31425110332, 0.11154856012, 0.28940449375, 0.28479584281]
    ],
    [
      [0.71512922607, 0.0067976459732, 0.27208396115, 0.0059891668158],
      [0.036254053044, 0.013469826293, 0.92483239293, 0.025443727729],
      [0.00053244755147, 0.74789038345, 0.24862963542, 0.0029475335805],
      [0.1566468315, 0.12822249265, 0.37330777487, 0.34182290099]
    ],
    [
      [0.80846582649, 0.00557422007, 0.18008530997, 0.0058746434701],
      [0.060214087589, 0.015767460136, 0.87495127357, 0.049067178707],
      [0.0015949763478, 0.80581519628, 0.19258982737, 0],
      [0.13806614153, 0.092079775507, 0.2030731531, 0.56678092986]
    ],
    [
      [0.69759761242, 0.0064588742437, 0.28835552557, 0.0075879877625],
      [0.033860244346, 0.012110087566, 0.92328497076, 0.030744697329],
      [0.00068495306055, 0.72260467935, 0.2730124474, 0.0036979201897],
      [0.13669089069, 0.10705332841, 0.35236640865, 0.40388937225]
    ],
    [
      [0.80757936779, 0.0062274361986, 0.18619319601, 0],
      [0.054417558653, 0.017067010243, 0.9285154311, 0],
      [0, 0.77421527909, 0.22578472091, 0],
      [0.30314431775, 0.1905736082, 0.42294874072, 0.083333333333]
    ],
    [
      [0.77606186933, 0.0072053606219, 0.21318310958, 0.0035496604696],
      [0.048636397092, 0.018099572857, 0.91377144282, 0.019492587229],
      [0.00022771497523, 0.79996165753, 0.19817986375, 0.0016307637487],
      [0.20838115282, 0.16619786664, 0.35895068219, 0.26647029836]
    ],
    [
      [0.68079715905, 0.0099283657815, 0.30106969579, 0.0082047793772],
      [0.030006056728, 0.018045283517, 0.9204072023, 0.031541457452],
      [0, 0.79203809458, 0.20540790191, 0.0025540035102],
      [0.12047360264, 0.14880900106, 0.33245480774, 0.39826258856]
    ],
    [
      [0.79475209484, 0.019817541623, 0.18106322571, 0.004367137823],
      [0.056019763804, 0.049989765295, 0.86968611416, 0.024304356743],
      [0.0018929290622, 0.91811461333, 0.077878787201, 0.0021136704026],
      [0.18160345017, 0.30364202712, 0.26574967778, 0.24900484493]
    ],
    [
      [0.72348150543, 0.014289150352, 0.25779172504, 0.004437619176],
      [0.037488346094, 0.029658621069, 0.91306837133, 0.019784661503],
      [0.000667907236, 0.86451422087, 0.13351578448, 0.0013020874115],
      [0.15153385214, 0.2495357597, 0.34233052993, 0.25659985822]
    ],
    [
      [0.65259505012, 0.016295375069, 0.32632781407, 0.0047817607364],
      [0.027552102311, 0.027226033684, 0.92788598797, 0.01733587603],
      [0.00047834196244, 0.8530008797, 0.14579195614, 0.00072882219862],
      [0.12084425788, 0.25504373673, 0.37868466116, 0.24542734423]
    ],
    [
      [0.72024036115, 0.0047583178451, 0.27077401784, 0.0042273031577],
      [0.037354828797, 0.010547894395, 0.93325126518, 0.018846011633],
      [0.0011198690555, 0.66933425377, 0.32661055178, 0.0029353253916],
      [0.18085761652, 0.099909915264, 0.43457723522, 0.28465523299]
    ],
    [
      [0.62542411923, 0.010938175928, 0.35587011131, 0.007767593535],
      [0.021517424083, 0.018243536342, 0.93419765469, 0.026041384889],
      [0, 0.7783746103, 0.21860461574, 0.0030207739594],
      [0.10698659064, 0.15734415047, 0.38161235117, 0.35405690772]
    ],
    [
      [0.83951848484, 0.0036084960176, 0.15129423661, 0.005578782534],
      [0.071602504746, 0.013703550053, 0.87818816352, 0.036505781685],
      [0.0011120698013, 0.77780736157, 0.21687677024, 0.004203798386],
      [0.23792992836, 0.10945426747, 0.27109003298, 0.3815257712]
    ],
    [
      [0.68101138402, 0.015955735848, 0.30164646769, 0.0013864124426],
      [0.031656087774, 0.02868175864, 0.93266585529, 0.0069962983004],
      [0, 0.87839173319, 0.12160826681, 0],
      [0.13375491612, 0.307986193, 0.3912544397, 0.16700445118]
    ],
    [
      [0.54408677107, 0.01136083034, 0.44155735631, 0.002995042284],
      [0.021311616484, 0.014322023889, 0.95587406058, 0.0084922990455],
      [0.002622951099, 0.77579559644, 0.22094072303, 0.00064072942864],
      [0.098416113757, 0.18914033729, 0.52839524084, 0.18404830811]
    ],
    [
      [0.69753717536, 0.011182963787, 0.28661970214, 0.0046601587182],
      [0.033314332736, 0.02116214363, 0.92641823597, 0.019105287665],
      [0.00045609062885, 0.82350972974, 0.17462407001, 0.0014101096176],
      [0.14641847369, 0.20533310782, 0.37806022829, 0.2701881902]
    ],
    [
      [0.67972622564, 0.0095603461795, 0.28206071036, 0.028652717814],
      [0.031103358439, 0.037464805179, 0.86405936178, 0.067372474601],
      [0, 0.76980851242, 0.23019148758, 0],
      [0.054197602548, 0.064315531147, 0.14999581792, 0.73149104838]
    ],
    [
      [0.70914782568, 0.012792162194, 0.2724784289, 0.0055815832254],
      [0.035751463959, 0.025229477478, 0.91534797557, 0.02367108299],
      [0.000322373573, 0.84376126491, 0.15416593558, 0.001750425942],
      [0.14324237382, 0.21667090823, 0.34142547288, 0.29866124508]
    ],
    [
      [0.79655281097, 0.0060272419734, 0.19127018326, 0.0061497637937],
      [0.054813370223, 0.016472404872, 0.89085105334, 0.037863171567],
      [0.0010691522804, 0.79382068199, 0.20251354344, 0.0025966222871],
      [0.18083348998, 0.12307402996, 0.27399743799, 0.42209504207]
    ],
    [
      [0.84621532391, 0.0048568156353, 0.14450975765, 0.0044181028026],
      [0.07441451366, 0.017842775231, 0.8780942291, 0.029648482005],
      [0, 0.79551306452, 0.20082564523, 0.0036612902487],
      [0.27069591852, 0.13206550446, 0.28628957211, 0.31094900491]
    ],
    [
      [0.66706370238, 0.011469287566, 0.31461813269, 0.0068488773653],
      [0.029297506992, 0.019769804038, 0.92580969184, 0.025122997129],
      [0.00029034921458, 0.80999692414, 0.18731958116, 0.0023931454893],
      [0.12354754809, 0.18125201052, 0.36286923919, 0.33233120219]
    ]
  ],
  "expected_outcome": [
    [
      [125.2319674833, 84.9872217267, 52.7660897086, 29.3228965009, 46.5681975301, 47.2887580383, 2.0262209321, 39.7663715653, 102.2055975484, 120.3415994908, 105.7529889025, 181.7441871856, 142.4736635069, 116.1566670908, 218.8709102509, 97.7529543584, 42.9714554841, 36.3401614627, 108.6011456587, 126.41013364, 19.7409983922, 35.5288334525, 41.4998471517, 28.6101939044, 56.0026847226, 57.6771013375, 45.2839085516, 27.2754806687, 113.0996438337, 9.4655780833, 55.5134818582, 266.6996197215, 58.7751637017, 37.2798248607, 77.2339564151, 12.9354532238, 144.4027057713, 21.8046429303, 81.4864962796, 75.5684846545, 81.8594657688, 44.1323718311, 63.954314912, 18.0060090289, 58.7898672076, 70.5195527267, 14.3012390645, 15.7785163609, 62.0808086067, 14.9539769642, 382.2306780435, 52.5724855239, 550.8861758679, 174.7706900237],
      [0.76578970183, 0.54713655202, 1.1841133161, 0.53479251575, 0.043181290289, 0.66708117289, 0.099847218843, 0.4246663725, 1.2962624147, 2.661501239, 1.6681468135, 1.714422181, 2.1329880238, 1.9195856389, 2.6102780155, 0.87444442644, 0.86733580539, 0.61765297684, 1.7169709477, 1.3747624471, 0.29160745345, 0.7487155383, 0.62930073776, 0.60047276731, 1.3288827239, 0.72089899048, 0.91185613564, 0.41970077996, 1.2588170767, 0.25955663526, 0.56923066334, 1.6147144776, 0.35593154926, 0.1354825343, 0.73414576511, 0.089187521121, 1.3369869684, 0.16814077736, 0.7565628653, 1.1020486018, 2.0412067871, 0.8716381715, 1.5969467568, 0.11895794613, 1.0281885372, 0.30311366548, 0.33507045281, 0.32946407987, 0.99528377701, 0.21032761595, 6.8949754227, 0.39779797024, 3.1617869786, 3.0049533423],
      [32.7372350933, 21.8603164232, 25.340880559, 8.9407889028, 7.9920789706, 11.7498689889, 1.8739318491, 6.8037305626, 26.9087224761, 53.1888342957, 40.9281828704, 58.3139627477, 46.7203516842, 56.8238702245, 65.56001183, 32.6705883493, 16.7140706618, 15.6059810368, 46.711473973, 50.0776791781, 9.7473480514, 14.3206108828, 18.3937072235, 14.4334389082, 35.9523972135, 19.1417972355, 22.1714757046, 13.1093986463, 38.034722315, 5.9423239789, 17.5290387653, 75.9617909122, 11.8483386998, 5.3877675094, 29.3850678037, 2.8813649596, 59.6895937934, 5.0272162923, 22.3842265058, 33.4187362329, 18.6495122483, 15.7252952277, 31.9801257791, 6.7693504461, 33.4517904629, 12.7087158749, 6.3345758214, 12.805163333, 25.5091534903, 6.205335628, 146.8658731753, 12.6238320955, 94.0758522291, 82.4299507642],
      [0.26500772158, 0.60532529815, 0.70891641625, 0.20152208056, 0.39654220895, 0.29429179986, 0, 0.0052314995362, 0.58941756087, 0.80806497448, 0.65068141365, 1.2274278857, 0.67299678503, 1.0998770458, 1.9587999036, 0.70201286583, 0.44713804873, 0.43620452357, 0.97040942061, 1.1374247348, 0.22004610293, 0.40184012635, 0.47714488712, 0.35589442008, 0.71603533994, 0.46020243652, 0.63275960816, 0.19541990506, 0.60681677452, 0.33254130256, 0.38824871315, 1.7238748887, 0.020566049241, 0.1969250956, 0.64683001611, 0.093994295522, 1.5707134668, 0, 0.37271434931, 0.91073051087, 0.44981519576, 0.27069476974, 0.46861255217, 0.10568257894, 0.73015379229, 0.46861773285, 0.029114661295, 0.086856226237, 0.41475412592, 0.6303597919, 3.0084733585, 0.40588441038, 2.8761849245, 1.7944058697]
    ],
    [
      [21.4581425058, 15.2574839317, 4.1361846677, 3.1001644544, 4.6015477635, 4.3638712948, 0, 6.7817725489, 12.914681511, 10.3952569164, 12.7372313681, 14.2286918708, 22.2385726617, 8.1605340578, 29.8973474866, 20.769375653, 6.625645671, 4.7208867729, 15.8903068639, 9.9398515501, 5.0681836886, 2.2345548603, 8.9581753296, 5.8346008855, 8.6713433311, 9.7252699491, 7.5105610231, 9.9861581541, 11.6312999563, 0.42732332521, 7.9626452924, 31.446930115, 7.2963690873, 8.549646453, 12.2538699289, 2.9504902918, 13.4763772495, 2.5576252567, 11.4781897138, 20.8542094261, 9.8034586656, 4.9109733384, 5.6481809738, 6.0514822651, 8.8651787222, 10.3107606834, 1.3612117743, 0.87377627584, 5.7966938961, 6.0651548957, 46.8344177859, 9.5923397891, 102.4687853094, 14.3264809193],
      [5.2401307301, 3.8842805056, 3.7819637245, 2.2867464983, 0.51941244071, 2.4143612344, 0.73562896956, 3.0107119813, 6.4557400853, 8.9652382578, 7.8583010747, 5.2937575542, 12.9755011907, 5.2657244902, 13.8590423623, 7.2944020951, 5.4446181399, 3.3805040542, 9.9715144614, 4.1911171113, 3.3810512413, 1.9713935193, 5.5852059933, 6.1714588526, 12.1197658421, 4.8036884242, 7.2559829146, 6.3874499597, 5.1090839987, 0.95215853548, 3.2638108823, 7.3891391998, 1.6928927973, 1.6009464901, 4.552801287, 0.77260554668, 4.8198148512, 0.80214948143, 4.2714991943, 12.5414720446, 8.7482089266, 3.8852793601, 5.5813369052, 1.708758892, 7.5163369731, 1.9733112077, 1.2333156215, 0.58720297947, 3.6822129916, 7.3056370098, 33.0506154956, 2.8826708525, 24.5695014936, 9.6674341747],
      [382.1694466339, 265.7927575897, 138.3483201364, 65.9210561876, 54.8342401723, 75.1283080359, 29.2643710304, 82.4043908646, 230.4436321128, 305.6394298654, 329.6351369725, 307.6521973456, 484.4789976013, 266.2431781585, 593.5200794566, 463.3970791238, 176.9821783496, 143.7981719885, 463.9689817384, 263.6221126871, 182.2853680308, 63.8900418258, 276.3759126841, 234.6038722731, 507.1395872627, 218.8628479669, 280.1343723708, 333.4522904669, 263.7749413251, 19.1218473924, 172.1128067544, 596.2472192556, 101.8396881152, 94.7195610709, 312.5933488117, 42.8726124048, 367.4674183623, 43.6402252619, 215.650060506, 639.6830056002, 152.1950699778, 119.6119566447, 190.2166275348, 151.1867049584, 384.8894337305, 126.4590955463, 40.1046317773, 39.1908364838, 161.1967730587, 168.4915755474, 1199.1058480017, 155.8989343342, 1209.1357534761, 452.7209393101],
      [5.1322801302, 9.065477973, 4.7335314714, 1.6920328597, 2.0447996235, 2.0934594349, 0, 0.80312460514, 6.1859462909, 6.0000749603, 6.7693305846, 7.8253532294, 9.3069285462, 6.3305632935, 23.7235306945, 12.5391431281, 5.9475578394, 5.1004371844, 12.1691969364, 7.2469186514, 5.2653970393, 1.9040097947, 9.080705993, 7.3900679889, 13.069303564, 6.6081936598, 10.0990836915, 6.1741014194, 5.48467472, 1.4986707469, 4.6607370709, 15.9167114296, 1.1710500002, 3.1298459861, 8.5999799724, 2.4042917566, 12.236389537, 0, 4.600250586, 21.9213129292, 4.25326243, 2.5917906568, 3.5538545861, 3.0530538845, 10.7290505743, 5.2568325627, 0.30084082692, 0.34818426087, 3.3243200537, 13.1376325471, 31.0091187169, 6.6260550242, 40.8259597209, 12.2851455959]
    ],
    [
      [0.069789590303, 0.063378115745, 0.00049643009037, 0.043365486051, 0.066285955601, 0.048938009787, 0, 0, 0.093548226876, 0.27340173083, 0.14613144235, 0.069548945635, 0.27029332486, 0.10658437152, 0.4154150604, 0.14906055725, 0.012204335814, 0, 0.01794206805, 0.10284891525, 0, 0, 0, 0, 0, 0.096567353911, 0, 0, 0.064755611298, 0, 0.031871549155, 0.2056756987, 0, 0, 0.053244755147, 0.04306436139, 0.099318193779, 0, 0.033018671409, 0, 0.52812720835, 0.19836844909, 0.21334051525, 0.059353059941, 0, 0.080069025697, 0, 0.052459021981, 0.094410760172, 0, 0.38652591402, 0.14433555786, 0, 0.11933352719],
      [99.7443568828, 75.8694586921, 45.9238315765, 59.59848892, 23.887951589, 79.5895002417, 22.2224458413, 70.1683388886, 214.905980423, 348.7868016873, 243.367594612, 129.4084021774, 346.7354180204, 171.5723811988, 447.7324859862, 177.7010379983, 159.4610126351, 96.2865399629, 287.0925731439, 133.1844043084, 143.7229097348, 27.9060922632, 222.2631836234, 191.1222882101, 331.6203710782, 177.1727322068, 250.018363494, 169.7030672373, 127.1294208391, 21.52548149, 65.3366160516, 175.062170143, 57.2107741711, 42.3633084125, 74.789038345, 21.7570102996, 104.7776785051, 31.7428264429, 115.9944403418, 303.350590225, 256.1539771202, 256.7607235996, 380.4383923464, 35.4747154497, 238.1826307528, 56.0021300329, 26.3517519957, 15.5159119288, 170.4665140561, 133.9466811611, 1011.669756623, 107.1657920688, 698.4604706499, 332.9087358199],
      [39.0457062862, 23.7198011961, 7.946406995, 8.1854220593, 8.8595177735, 12.1240401144, 3.7775541587, 10.8316611114, 38.480030464, 59.6205182493, 50.1707509707, 37.1089767269, 64.8364599097, 42.8283834401, 96.9130071572, 56.4722779306, 26.0550365254, 20.4507792359, 66.0994738547, 43.166108581, 40.6820638056, 4.0120627747, 54.9891559926, 39.2248527688, 77.2608851153, 39.1793754997, 52.3153770493, 45.0203022681, 32.5576675079, 4.47451851, 16.4244733671, 70.9007032928, 17.7892258289, 12.3681545823, 24.8629635418, 5.199925339, 39.5868048736, 9.2571735571, 28.7360802432, 78.6712264306, 21.7281816292, 39.6541879901, 65.0232124378, 17.3103592446, 66.8930124156, 15.6151274576, 3.6482480043, 4.4188144607, 36.1471824929, 40.0533188389, 184.8449567585, 27.3393283646, 176.3249165118, 76.9883478567],
      [0.14014724069, 0.34736199613, 0.12926499841, 0.1727235346, 0.1862446819, 0.2375216341, 0, 0, 0.52044088618, 0.31927833258, 0.315522975, 0.41307215004, 0.15782874504, 0.49265098958, 0.93909179613, 0.67762351388, 0.47174650368, 0.26268080116, 0.79001093332, 0.5466381953, 0.5950264596, 0.081844962024, 0.74766038394, 0.65285902113, 1.1187438065, 0.55132493955, 0.66625945669, 0.27663049461, 0.24815604171, 0, 0.20703903211, 0.8314508655, 0, 0.2685370052, 0.29475335805, 0, 0.53619842751, 0, 0.23646074356, 0.97818334441, 0.58971404231, 0.3867199612, 0.32505470059, 0.15557224575, 0.92435683157, 0.30267348379, 0, 0.012814588573, 0.29189269083, 0, 2.0987607045, 0.35054400876, 3.2146128383, 0.98358279612]
    ],
    [
      [17.2401004206, 9.6919162259, 2.0972291936, 3.5335735587, 4.7639687508, 6.2984326571, 1.9737790679, 5.4518558857, 9.7861727138, 9.989741862, 13.3636482871, 11.9575719979, 23.0174705064, 6.5762144798, 25.8163272021, 21.3286094313, 5.3906945091, 5.9389517644, 16.4906054094, 10.5471658946, 5.1908179192, 2.2366116872, 6.5419775187, 10.5552052101, 10.3259719463, 9.5010613594, 9.2055304253, 8.7383611773, 12.2043005987, 0.10709859152, 6.4920013003, 19.6477744648, 5.928467211, 8.1705286863, 8.4589289009, 2.070992123, 9.0215987854, 3.637731813, 10.0022953352, 14.5773059194, 7.8089483572, 5.7582863815, 9.184163599, 4.8831556461, 8.3449540702, 8.0896175642, 1.3375491612, 0.29524834127, 7.028086737, 2.9808681401, 44.5483782567, 6.6908391291, 83.6450388228, 7.7834955298],
      [8.2497226853, 5.6991242503, 4.1100913828, 5.5799720659, 1.54945468, 7.329057351, 7.9420779703, 4.3962827576, 10.3420170771, 18.5864588159, 18.1059574998, 9.5834180874, 29.1560927651, 9.242308672, 25.798193636, 16.1301154801, 9.2270334196, 8.715303006, 22.2189414471, 9.2497161331, 6.6044315704, 4.3737986792, 8.5223096455, 19.10578017, 20.9309803558, 10.3026803785, 15.8137974557, 11.4897820231, 11.5026780854, 0.26280333925, 5.8303424027, 9.9339761796, 2.7404014823, 2.9002625632, 6.9240146029, 1.3811966326, 7.0655196753, 2.2868832984, 7.9774975986, 18.0058891287, 13.0566071661, 9.4823588688, 19.3833239916, 2.6975677121, 12.2728437369, 3.7214450939, 3.07986193, 0.56742101188, 9.8559891754, 3.5373542131, 67.3846524587, 4.5537391085, 40.808240878, 11.418876663],
      [28.0476119866, 15.627124791, 6.3643923097, 6.9527328503, 5.3141630836, 9.9977828608, 10.0841429618, 5.9602174614, 16.1676149471, 27.5512175896, 32.2659291864, 23.9248631799, 46.9641908047, 20.104568177, 48.0069015562, 44.4600545964, 13.2487144631, 16.1450677387, 44.2200704339, 26.1340995538, 16.2852201122, 5.7772845167, 18.2412240998, 33.7378360499, 41.6471304084, 19.8159792979, 28.3787748754, 26.4180086187, 25.632668852, 0.46131011872, 12.9336811131, 34.8902865394, 7.5227473561, 7.5245168374, 20.1586198428, 3.0460972966, 23.2561829707, 5.0753848887, 17.229632745, 40.2270317364, 11.4272361447, 13.0085601375, 28.7800342483, 11.733585351, 29.765763391, 9.2170611212, 3.912544397, 1.5851857225, 18.146890958, 8.2497699858, 106.1833220645, 10.1379052057, 88.463477783, 22.860762069],
      [15.4625649075, 17.9818347327, 7.4282871139, 5.9337215251, 6.3724134856, 9.3747271311, 1, 3.1916438953, 14.704195262, 18.8725817326, 23.2644650268, 20.5341467348, 32.8622459237, 16.0769086712, 68.3785776058, 40.0812204922, 15.1335576081, 20.2006774909, 39.0703827097, 24.0690184185, 15.9195303982, 5.612305117, 20.6944887359, 35.6011785699, 35.0959172895, 20.3802789642, 35.6018972436, 17.3538481809, 18.6603524638, 3.1687879505, 11.7439751838, 30.5279628162, 3.8083839505, 7.4046919131, 18.4584366534, 8.5017139478, 26.6566985687, 1, 12.7905743212, 48.1897732156, 10.707208332, 9.7507946122, 18.6524781611, 7.6856912908, 27.6164388018, 12.9718762207, 1.6700445118, 0.55214492433, 12.9690331296, 40.232007661, 92.8836472202, 15.6175165567, 96.0832425162, 20.9368657382]
    ]
  ],
  "prob": [
    [0.73618846198, 0.0093403392091, 0.24893957322, 0.0055316255968],
    [0.040632487408, 0.02009792881, 0.91349814391, 0.025771439874],
    [0.0003766756449, 0.81214664199, 0.18536031849, 0.0021163638764],
    [0.16226816395, 0.17319532804, 0.33941750278, 0.32511900523]
  ],
  "iterations": 102,
  "time": 2.724117,
  "message": "Converged",
  "status": 0,
  "miniter": 0,
  "maxiter": 1000,
  "maxtime": 3600,
  "param_threshold": 0.001,
  "ll_threshold": "-Inf",
  "initial_prob": "random",
  "adjust_prob_cond_method": "project_lp",
  "adjust_prob_cond_every": true,
  "candidates_id": ["NORMAN, Russel William.c", "FINLAYSON, Christopher Francis.c", "KING, Annette Faye.c", "Other candidates votes.c"],
  "group_id": ["Green Party.p", "Labour Party.p", "National Party.p", "Other parties votes.p"]
}
