{
  "Z_true": {},
  "V_true": [
    [23, 51, 802, 182],
    [643, 1139, 180, 35],
    [644, 10511, 397, 557],
    [195, 297, 11705, 556],
    [25, 520, 160, 394],
    [146, 554, 460, 646]
  ],
  "p_true": [
    [0.0217, 0.0482, 0.758, 0.172],
    [0.322, 0.5704, 0.0901, 0.0175],
    [0.0532, 0.868, 0.0328, 0.046],
    [0.0153, 0.0233, 0.9178, 0.0436],
    [0.0227, 0.4732, 0.1456, 0.3585],
    [0.0808, 0.3068, 0.2547, 0.3577]
  ],
  "Z_est": {},
  "V_est": [
    [0, 252.0578, 799.9108, 6.0314],
    [1216.8096, 780.1904, 0, 0],
    [158.5262, 11013.8505, 0, 936.6233],
    [0, 0, 12753, 0],
    [0, 972.2365, 91.7876, 34.9758],
    [300.6641, 53.6648, 59.3016, 1392.3695]
  ],
  "p_est": [
    [0, 0.2382, 0.7561, 0.0057],
    [0.6093, 0.3907, 0, 0],
    [0.0131, 0.9096, 0, 0.0773],
    [0, 0, 1, 0],
    [0, 0.8847, 0.0835, 0.0318],
    [0.1665, 0.0297, 0.0328, 0.771]
  ],
  "EI_Z": {},
  "EI_V": 13.1679,
  "MAE_Z": {},
  "MAE_V": 338.2176,
  "MAE_p": 0.1286,
  "runtime": 0.0092
}
